ID;Leeftijd;Perioden;TotaalLevendgeborenen_1;k_1eKind_2;k_2eKind_3;k_3eKind_4;k_4eOfVolgendeKinderen_5;TotaalOverledenen_6;OverledenMannen_7;OverledenVrouwen_8;TotaalImmigratie_9;ImmigratieMannen_10;ImmigratieVrouwen_11;TotaalEmigratie_12;EmigratieMannen_13;EmigratieVrouwen_14;TotaalMigratieSaldo_15;MigratieSaldoMannen_16;MigratieSaldoVrouwen_17
0;Totaal over alle leeftijden;2006;184394.0;82604.0;68894.0;23597.0;9299.0;135848;65228;70621;100358;50416;49942;131656;74017;57639;-31298;-23601;-7697
1;Totaal over alle leeftijden;2007;181626.0;81545.0;67784.0;22889.0;9408.0;137445;65929;71516;105610;53204;52406;129901;72610;57291;-24291;-19406;-4885
2;Totaal over alle leeftijden;2008;179636.0;80835.0;66790.0;22381.0;9631.0;139288;66851;72437;111055;56288;54767;128302;71375;56928;-17247;-15087;-2161
3;Totaal over alle leeftijden;2009;178209.0;80353.0;66067.0;21857.0;9933.0;141129;67788;73341;116160;59306;56854;126773;70259;56514;-10613;-10953;340
4;Totaal over alle leeftijden;2010;176985.0;79938.0;65497.0;21445.0;10105.0;143032;68757;74275;120113;61717;58396;125297;69244;56053;-5184;-7527;2343
5;Totaal over alle leeftijden;2011;175979.0;79774.0;65036.0;21081.0;10089.0;144920;69728;75192;122744;63377;59367;123825;68288;55536;-1081;-4911;3831
6;Totaal over alle leeftijden;2012;175316.0;79776.0;64794.0;20792.0;9954.0;146752;70740;76012;123970;64126;59844;122345;67375;54970;1625;-3249;4874
7;Totaal over alle leeftijden;2013;175090.0;79877.0;64728.0;20632.0;9853.0;148615;71795;76820;124214;64232;59982;120908;66501;54408;3306;-2269;5574
8;Totaal over alle leeftijden;2014;175295.0;80196.0;64799.0;20506.0;9793.0;150521;72906;77615;123905;64056;59849;119547;65677;53870;4358;-1621;5979
9;Totaal over alle leeftijden;2015;175795.0;80570.0;64990.0;20475.0;9759.0;152486;74082;78404;123583;63872;59711;118330;64941;53389;5253;-1069;6322
10;Totaal over alle leeftijden;2016;176542.0;81015.0;65284.0;20486.0;9757.0;154536;75343;79193;123267;63716;59551;117364;64344;53021;5903;-628;6530
11;Totaal over alle leeftijden;2017;177417.0;81414.0;65685.0;20545.0;9773.0;156437;76454;79983;122942;63546;59396;116533;63820;52713;6409;-274;6683
12;Totaal over alle leeftijden;2018;178513.0;81923.0;66153.0;20630.0;9807.0;158450;77670;80780;122629;63389;59240;115707;63308;52399;6922;81;6841
13;Totaal over alle leeftijden;2019;179657.0;82418.0;66653.0;20726.0;9860.0;160571;78981;81590;122323;63236;59087;114875;62805;52071;7448;431;7016
14;Totaal over alle leeftijden;2020;180710.0;82813.0;67145.0;20820.0;9932.0;162771;80363;82409;122026;63086;58940;114045;62319;51726;7981;767;7214
15;Totaal over alle leeftijden;2021;181688.0;83166.0;67598.0;20919.0;10005.0;165071;81816;83255;121725;62932;58793;113215;61839;51376;8510;1093;7417
16;Totaal over alle leeftijden;2022;182518.0;83410.0;68004.0;21024.0;10081.0;167481;83335;84146;121426;62775;58651;112374;61370;51004;9052;1405;7647
17;Totaal over alle leeftijden;2023;183233.0;83586.0;68351.0;21132.0;10165.0;169990;84909;85080;121149;62635;58514;111520;60899;50621;9629;1736;7893
18;Totaal over alle leeftijden;2024;183820.0;83718.0;68622.0;21234.0;10246.0;172604;86529;86075;120861;62486;58375;110666;60438;50228;10195;2048;8147
19;Totaal over alle leeftijden;2025;184281.0;83818.0;68815.0;21329.0;10319.0;175331;88201;87130;120602;62355;58247;109793;59977;49816;10809;2378;8431
20;Totaal over alle leeftijden;2026;184598.0;83864.0;68943.0;21401.0;10389.0;178142;89896;88246;120348;62222;58126;108917;59527;49389;11431;2695;8737
21;Totaal over alle leeftijden;2027;184801.0;83848.0;69046.0;21460.0;10448.0;181052;91596;89455;120085;62088;57997;108033;59079;48955;12052;3009;9042
22;Totaal over alle leeftijden;2028;184885.0;83770.0;69127.0;21495.0;10492.0;184035;93288;90746;119844;61962;57882;107144;58631;48512;12700;3331;9370
23;Totaal over alle leeftijden;2029;184836.0;83595.0;69193.0;21514.0;10534.0;187062;94963;92099;119610;61842;57768;106235;58175;48060;13375;3667;9708
24;Totaal over alle leeftijden;2030;184627.0;83319.0;69232.0;21509.0;10568.0;190111;96587;93524;119409;61734;57675;105330;57729;47601;14079;4005;10074
25;Totaal over alle leeftijden;2031;184251.0;82943.0;69227.0;21488.0;10593.0;193151;98156;94995;119173;61614;57559;104414;57268;47146;14759;4346;10413
26;Totaal over alle leeftijden;2032;183693.0;82496.0;69138.0;21450.0;10610.0;196171;99702;96468;118967;61507;57460;103506;56820;46686;15461;4687;10774
27;Totaal over alle leeftijden;2033;182955.0;82001.0;68932.0;21397.0;10625.0;199155;101206;97949;118765;61398;57367;102603;56377;46226;16162;5021;11141
28;Totaal over alle leeftijden;2034;182060.0;81493.0;68609.0;21326.0;10632.0;202037;102617;99420;118575;61299;57276;101715;55942;45773;16860;5357;11503
29;Totaal over alle leeftijden;2035;181061.0;80995.0;68192.0;21245.0;10629.0;204763;103925;100838;118385;61200;57185;100846;55521;45325;17539;5679;11860
30;Totaal over alle leeftijden;2036;180003.0;80535.0;67705.0;21151.0;10612.0;207333;105119;102213;118198;61103;57095;99994;55107;44886;18204;5996;12209
31;Totaal over alle leeftijden;2037;178960.0;80130.0;67202.0;21044.0;10584.0;209655;106144;103511;118053;61031;57022;99157;54697;44460;18896;6334;12562
32;Totaal over alle leeftijden;2038;177970.0;79795.0;66706.0;20929.0;10540.0;211714;107010;104704;117893;60942;56951;98368;54313;44055;19525;6629;12896
33;Totaal over alle leeftijden;2039;177094.0;79538.0;66266.0;20807.0;10483.0;213488;107715;105773;117732;60860;56872;97599;53935;43664;20133;6925;13208
34;Totaal over alle leeftijden;2040;176361.0;79355.0;65899.0;20684.0;10423.0;215012;108280;106733;117585;60789;56796;96887;53584;43303;20698;7205;13493
35;Totaal over alle leeftijden;2041;175804.0;79262.0;65619.0;20564.0;10359.0;216260;108700;107560;117456;60719;56737;96215;53257;42959;21241;7462;13778
36;Totaal over alle leeftijden;2042;175417.0;79247.0;65416.0;20459.0;10295.0;217271;109005;108266;117326;60647;56679;95584;52947;42637;21742;7700;14042
37;Totaal over alle leeftijden;2043;175220.0;79308.0;65299.0;20372.0;10241.0;218063;109197;108866;117221;60591;56630;95015;52662;42353;22206;7929;14277
38;Totaal over alle leeftijden;2044;175209.0;79433.0;65264.0;20315.0;10197.0;218655;109298;109357;117104;60530;56574;94495;52399;42096;22609;8131;14478
39;Totaal over alle leeftijden;2045;175371.0;79621.0;65306.0;20282.0;10162.0;219075;109321;109754;116995;60475;56520;94033;52162;41870;22962;8313;14650
40;Totaal over alle leeftijden;2046;175690.0;79862.0;65414.0;20271.0;10144.0;219297;109265;110032;116905;60424;56481;93628;51950;41678;23277;8474;14803
41;Totaal over alle leeftijden;2047;176131.0;80126.0;65585.0;20282.0;10138.0;219374;109145;110230;116816;60377;56439;93277;51755;41522;23539;8622;14917
42;Totaal over alle leeftijden;2048;176653.0;80396.0;65802.0;20311.0;10145.0;219334;108966;110368;116739;60332;56407;92986;51584;41402;23753;8748;15005
43;Totaal over alle leeftijden;2049;177278.0;80709.0;66050.0;20356.0;10162.0;219167;108719;110448;116679;60308;56371;92776;51448;41328;23903;8860;15043
44;0;2006;;;;;;795;424;372;899;414;485;537;276;261;362;138;224
45;0;2007;;;;;;773;411;362;943;435;508;528;272;257;415;163;251
46;0;2008;;;;;;755;402;353;990;461;529;519;266;252;471;195;277
47;0;2009;;;;;;740;394;346;1033;485;548;509;262;247;524;223;301
48;0;2010;;;;;;733;393;340;1064;502;562;498;256;242;566;246;320
49;0;2011;;;;;;713;379;334;1089;518;571;487;251;236;602;267;335
50;0;2012;;;;;;702;373;328;1097;522;575;478;247;231;619;275;344
51;0;2013;;;;;;692;368;324;1099;524;575;469;243;226;630;281;349
52;0;2014;;;;;;684;364;320;1096;522;574;463;239;223;633;283;351
53;0;2015;;;;;;678;361;317;1093;521;572;458;237;220;635;284;352
54;0;2016;;;;;;672;358;314;1091;521;570;456;236;219;635;285;351
55;0;2017;;;;;;666;354;311;1088;519;569;455;236;220;633;283;349
56;0;2018;;;;;;661;351;310;1084;517;567;455;235;220;629;282;347
57;0;2019;;;;;;656;348;308;1080;516;564;455;236;219;625;280;345
58;0;2020;;;;;;650;345;306;1078;515;563;455;235;220;623;280;343
59;0;2021;;;;;;645;342;304;1075;514;561;455;235;220;620;279;341
60;0;2022;;;;;;639;338;301;1072;512;560;454;234;219;618;278;341
61;0;2023;;;;;;633;334;299;1070;511;559;452;233;219;618;278;340
62;0;2024;;;;;;627;330;296;1067;510;557;451;233;218;616;277;339
63;0;2025;;;;;;620;326;293;1064;509;555;449;232;217;615;277;338
64;0;2026;;;;;;612;322;290;1061;507;554;447;231;216;614;276;338
65;0;2027;;;;;;605;318;287;1060;507;553;445;229;215;615;278;338
66;0;2028;;;;;;597;313;284;1056;505;551;441;228;213;615;277;338
67;0;2029;;;;;;589;308;281;1056;505;551;439;227;212;617;278;339
68;0;2030;;;;;;580;303;277;1052;503;549;434;224;210;618;279;339
69;0;2031;;;;;;571;298;273;1049;502;547;432;223;209;617;279;338
70;0;2032;;;;;;562;293;269;1049;502;547;428;220;207;622;282;340
71;0;2033;;;;;;552;287;265;1047;501;546;423;218;205;624;283;341
72;0;2034;;;;;;542;282;260;1044;500;544;418;215;203;626;285;341
73;0;2035;;;;;;532;276;256;1043;499;544;414;213;201;629;286;343
74;0;2036;;;;;;521;270;251;1041;498;543;409;211;198;632;287;345
75;0;2037;;;;;;511;265;247;1039;497;542;404;208;196;635;289;346
76;0;2038;;;;;;502;259;242;1039;497;542;400;206;194;640;291;348
77;0;2039;;;;;;492;254;238;1037;496;541;396;204;192;641;292;349
78;0;2040;;;;;;484;249;234;1037;497;540;392;202;190;645;295;350
79;0;2041;;;;;;475;245;231;1036;496;540;389;201;189;647;295;352
80;0;2042;;;;;;468;240;228;1034;495;539;386;199;187;648;296;352
81;0;2043;;;;;;461;237;224;1033;495;538;384;198;186;649;297;352
82;0;2044;;;;;;455;233;222;1032;494;538;383;197;186;649;297;352
83;0;2045;;;;;;449;230;219;1031;494;537;382;196;185;649;298;352
84;0;2046;;;;;;443;227;217;1030;494;536;381;196;186;649;298;350
85;0;2047;;;;;;438;224;215;1030;493;537;382;196;185;649;297;352
86;0;2048;;;;;;434;221;213;1029;493;536;382;196;186;647;297;350
87;0;2049;;;;;;429;218;211;1028;493;535;383;197;186;645;296;349
88;1;2006;;;;;;112;61;51;1283;555;728;1750;901;849;-467;-346;-121
89;1;2007;;;;;;106;58;48;1348;584;764;1688;865;823;-340;-281;-59
90;1;2008;;;;;;100;55;46;1407;614;793;1656;849;808;-249;-235;-15
91;1;2009;;;;;;96;52;43;1454;643;811;1624;833;791;-170;-190;20
92;1;2010;;;;;;91;50;41;1486;664;822;1591;818;774;-105;-154;48
93;1;2011;;;;;;87;48;39;1505;679;826;1556;801;756;-51;-122;70
94;1;2012;;;;;;83;46;37;1516;686;830;1523;785;738;-7;-99;92
95;1;2013;;;;;;80;44;36;1520;688;832;1493;770;724;27;-82;108
96;1;2014;;;;;;76;42;34;1517;686;831;1470;758;711;47;-72;120
97;1;2015;;;;;;74;41;33;1514;685;829;1453;750;703;61;-65;126
98;1;2016;;;;;;71;39;32;1511;684;827;1445;746;699;66;-62;128
99;1;2017;;;;;;69;38;31;1508;683;825;1442;744;698;66;-61;127
100;1;2018;;;;;;67;37;30;1505;681;824;1439;742;697;66;-61;127
101;1;2019;;;;;;65;36;29;1502;681;821;1437;741;697;65;-60;124
102;1;2020;;;;;;63;35;28;1499;679;820;1436;740;696;63;-61;124
103;1;2021;;;;;;62;34;28;1496;678;818;1433;738;695;63;-60;123
104;1;2022;;;;;;60;33;27;1493;676;817;1431;737;694;62;-61;123
105;1;2023;;;;;;59;32;26;1490;675;815;1427;734;693;63;-59;122
106;1;2024;;;;;;57;32;26;1488;674;814;1422;732;690;66;-58;124
107;1;2025;;;;;;56;31;25;1486;673;813;1417;729;688;69;-56;125
108;1;2026;;;;;;55;30;25;1484;673;811;1409;726;684;75;-53;127
109;1;2027;;;;;;54;29;24;1481;671;810;1402;721;681;79;-50;129
110;1;2028;;;;;;53;29;24;1479;671;808;1393;717;676;86;-46;132
111;1;2029;;;;;;51;28;23;1478;670;808;1383;712;672;95;-42;136
112;1;2030;;;;;;50;27;23;1475;669;806;1374;707;667;101;-38;140
113;1;2031;;;;;;49;26;22;1473;668;805;1362;701;661;111;-33;144
114;1;2032;;;;;;47;26;22;1470;667;803;1351;695;656;119;-28;147
115;1;2033;;;;;;46;25;21;1469;667;802;1338;688;649;131;-21;153
116;1;2034;;;;;;45;24;21;1468;666;802;1323;681;642;145;-15;160
117;1;2035;;;;;;43;23;20;1466;666;800;1309;674;635;157;-8;165
118;1;2036;;;;;;42;22;19;1464;665;799;1294;666;628;170;-1;171
119;1;2037;;;;;;40;22;19;1464;665;799;1279;658;620;185;7;179
120;1;2038;;;;;;39;21;18;1463;665;798;1264;651;614;199;14;184
121;1;2039;;;;;;38;20;17;1461;664;797;1251;644;607;210;20;190
122;1;2040;;;;;;36;19;17;1460;664;796;1238;637;600;222;27;196
123;1;2041;;;;;;35;19;16;1458;663;795;1227;632;596;231;31;199
124;1;2042;;;;;;34;18;16;1458;663;795;1218;627;591;240;36;204
125;1;2043;;;;;;33;18;15;1458;663;795;1210;622;588;248;41;207
126;1;2044;;;;;;32;17;15;1458;663;795;1203;619;585;255;44;210
127;1;2045;;;;;;31;17;14;1456;662;794;1199;616;583;257;46;211
128;1;2046;;;;;;30;16;14;1457;663;794;1196;615;581;261;48;213
129;1;2047;;;;;;29;16;14;1455;662;793;1194;614;581;261;48;212
130;1;2048;;;;;;28;15;13;1455;662;793;1195;613;582;260;49;211
131;1;2049;;;;;;28;15;13;1455;662;793;1195;613;582;260;49;211
132;2;2006;;;;;;67;36;30;1396;625;771;1912;980;933;-516;-355;-162
133;2;2007;;;;;;62;34;28;1464;656;808;1822;935;888;-358;-279;-80
134;2;2008;;;;;;60;33;27;1530;692;838;1762;901;861;-232;-209;-23
135;2;2009;;;;;;57;31;26;1581;723;858;1727;883;844;-146;-160;14
136;2;2010;;;;;;55;30;25;1617;748;869;1692;867;825;-75;-119;44
137;2;2011;;;;;;53;29;24;1634;761;873;1657;850;806;-23;-89;67
138;2;2012;;;;;;51;28;23;1648;771;877;1622;834;788;26;-63;89
139;2;2013;;;;;;49;27;22;1651;773;878;1588;817;771;63;-44;107
140;2;2014;;;;;;47;26;21;1649;772;877;1561;804;757;88;-32;120
141;2;2015;;;;;;46;25;20;1644;770;874;1540;794;746;104;-24;128
142;2;2016;;;;;;44;25;20;1642;769;873;1528;787;741;114;-18;132
143;2;2017;;;;;;43;24;19;1639;768;871;1521;783;739;118;-15;133
144;2;2018;;;;;;42;23;19;1636;767;869;1517;780;736;119;-13;133
145;2;2019;;;;;;41;23;18;1632;765;867;1513;777;735;120;-12;132
146;2;2020;;;;;;40;22;18;1630;764;866;1511;777;734;119;-13;132
147;2;2021;;;;;;40;22;18;1627;763;864;1508;775;733;119;-12;131
148;2;2022;;;;;;39;21;17;1624;761;863;1504;773;731;120;-12;132
149;2;2023;;;;;;38;21;17;1621;760;861;1501;771;730;120;-11;131
150;2;2024;;;;;;37;21;17;1619;759;860;1495;768;727;124;-9;133
151;2;2025;;;;;;37;20;17;1618;759;859;1489;764;725;129;-5;134
152;2;2026;;;;;;36;20;16;1614;757;857;1481;761;721;133;-4;136
153;2;2027;;;;;;35;19;16;1613;757;856;1474;757;717;139;0;139
154;2;2028;;;;;;35;19;16;1609;755;854;1464;752;712;145;3;142
155;2;2029;;;;;;34;19;15;1609;755;854;1455;747;708;154;8;146
156;2;2030;;;;;;33;18;15;1606;754;852;1444;742;702;162;12;150
157;2;2031;;;;;;33;18;15;1606;754;852;1433;736;697;173;18;155
158;2;2032;;;;;;32;17;15;1603;753;850;1422;730;691;181;23;159
159;2;2033;;;;;;31;17;14;1603;753;850;1408;723;684;195;30;166
160;2;2034;;;;;;30;16;14;1600;751;849;1394;717;678;206;34;171
161;2;2035;;;;;;30;16;14;1598;751;847;1380;709;670;218;42;177
162;2;2036;;;;;;29;16;13;1597;750;847;1365;702;664;232;48;184
163;2;2037;;;;;;28;15;13;1597;751;846;1349;694;656;248;57;190
164;2;2038;;;;;;27;15;12;1595;749;846;1333;686;648;262;63;198
165;2;2039;;;;;;26;14;12;1595;750;845;1318;678;640;277;72;205
166;2;2040;;;;;;26;14;12;1594;749;845;1304;671;634;290;78;211
167;2;2041;;;;;;25;13;12;1591;748;843;1291;664;627;300;84;216
168;2;2042;;;;;;24;13;11;1592;748;844;1281;658;622;311;90;222
169;2;2043;;;;;;24;13;11;1590;747;843;1270;653;617;320;94;226
170;2;2044;;;;;;23;12;11;1591;748;843;1262;648;613;329;100;230
171;2;2045;;;;;;23;12;10;1589;747;842;1255;644;610;334;103;232
172;2;2046;;;;;;22;12;10;1590;748;842;1251;642;609;339;106;233
173;2;2047;;;;;;22;12;10;1589;747;842;1248;640;608;341;107;234
174;2;2048;;;;;;21;11;10;1589;748;841;1246;639;607;343;109;234
175;2;2049;;;;;;21;11;10;1588;747;841;1247;639;608;341;108;233
176;3;2006;;;;;;52;28;24;1298;639;659;2012;1042;970;-714;-403;-311
177;3;2007;;;;;;49;27;23;1364;672;692;1972;1008;964;-608;-336;-272
178;3;2008;;;;;;46;25;21;1428;708;720;1881;964;917;-453;-256;-197
179;3;2009;;;;;;44;24;20;1489;743;746;1822;932;890;-333;-189;-144
180;3;2010;;;;;;42;23;19;1530;770;760;1784;913;871;-254;-143;-111
181;3;2011;;;;;;41;22;19;1558;787;771;1748;897;851;-190;-110;-80
182;3;2012;;;;;;39;21;18;1569;795;774;1711;879;832;-142;-84;-58
183;3;2013;;;;;;38;21;17;1573;797;776;1677;863;814;-104;-66;-38
184;3;2014;;;;;;37;20;17;1569;795;774;1646;848;798;-77;-53;-24
185;3;2015;;;;;;36;20;16;1566;793;773;1622;835;787;-56;-42;-14
186;3;2016;;;;;;35;19;16;1563;792;771;1607;828;779;-44;-36;-8
187;3;2017;;;;;;34;19;15;1560;791;769;1597;822;775;-37;-31;-6
188;3;2018;;;;;;33;18;15;1556;789;767;1590;817;772;-34;-28;-5
189;3;2019;;;;;;33;18;15;1552;787;765;1584;814;770;-32;-27;-5
190;3;2020;;;;;;32;17;14;1550;786;764;1578;811;767;-28;-25;-3
191;3;2021;;;;;;31;17;14;1547;785;762;1574;808;766;-27;-23;-4
192;3;2022;;;;;;31;17;14;1544;783;761;1570;806;764;-26;-23;-3
193;3;2023;;;;;;30;17;14;1540;782;758;1565;804;762;-25;-22;-4
194;3;2024;;;;;;30;16;14;1538;781;757;1561;801;760;-23;-20;-3
195;3;2025;;;;;;29;16;13;1534;779;755;1554;797;756;-20;-18;-1
196;3;2026;;;;;;29;16;13;1533;779;754;1546;794;752;-13;-15;2
197;3;2027;;;;;;28;15;13;1528;776;752;1538;789;749;-10;-13;3
198;3;2028;;;;;;28;15;13;1528;776;752;1529;785;744;-1;-9;8
199;3;2029;;;;;;28;15;13;1524;774;750;1519;780;739;5;-6;11
200;3;2030;;;;;;27;15;12;1521;773;748;1509;775;734;12;-2;14
201;3;2031;;;;;;27;14;12;1520;772;748;1497;769;728;23;3;20
202;3;2032;;;;;;26;14;12;1518;772;746;1485;763;722;33;9;24
203;3;2033;;;;;;25;14;12;1516;770;746;1472;757;716;44;13;30
204;3;2034;;;;;;25;13;12;1514;770;744;1459;750;709;55;20;35
205;3;2035;;;;;;24;13;11;1513;769;744;1445;743;702;68;26;42
206;3;2036;;;;;;24;13;11;1512;769;743;1429;735;694;83;34;49
207;3;2037;;;;;;23;12;11;1510;768;742;1414;727;687;96;41;55
208;3;2038;;;;;;23;12;11;1508;767;741;1398;719;679;110;48;62
209;3;2039;;;;;;22;12;10;1507;766;741;1382;711;671;125;55;70
210;3;2040;;;;;;21;11;10;1505;765;740;1367;703;664;138;62;76
211;3;2041;;;;;;21;11;10;1506;766;740;1352;695;657;154;71;83
212;3;2042;;;;;;20;11;10;1505;766;739;1339;689;650;166;77;89
213;3;2043;;;;;;20;11;9;1503;765;738;1328;683;645;176;82;93
214;3;2044;;;;;;19;10;9;1502;764;738;1317;677;640;185;87;98
215;3;2045;;;;;;19;10;9;1501;764;737;1309;673;636;192;91;101
216;3;2046;;;;;;19;10;9;1501;763;738;1302;669;633;199;94;105
217;3;2047;;;;;;18;10;9;1501;764;737;1298;666;631;203;98;106
218;3;2048;;;;;;18;10;8;1500;763;737;1295;664;630;205;99;107
219;3;2049;;;;;;18;9;8;1501;764;737;1294;663;631;207;101;106
220;4;2006;;;;;;32;18;14;1117;574;543;1958;997;961;-841;-423;-418
221;4;2007;;;;;;31;17;14;1172;604;568;1965;1000;964;-793;-396;-396
222;4;2008;;;;;;29;16;13;1232;637;595;1926;969;957;-694;-332;-362
223;4;2009;;;;;;27;15;12;1290;670;620;1839;929;910;-549;-259;-290
224;4;2010;;;;;;26;15;11;1332;693;639;1782;899;883;-450;-206;-244
225;4;2011;;;;;;25;14;11;1361;711;650;1743;881;863;-382;-170;-213
226;4;2012;;;;;;24;14;11;1376;718;658;1707;864;843;-331;-146;-185
227;4;2013;;;;;;23;13;10;1379;720;659;1673;849;824;-294;-129;-165
228;4;2014;;;;;;23;13;10;1374;718;656;1642;834;808;-268;-116;-152
229;4;2015;;;;;;22;13;10;1370;715;655;1615;821;794;-245;-106;-139
230;4;2016;;;;;;22;12;9;1366;714;652;1597;811;786;-231;-97;-134
231;4;2017;;;;;;21;12;9;1363;712;651;1584;805;779;-221;-93;-128
232;4;2018;;;;;;21;12;9;1360;711;649;1574;799;775;-214;-88;-126
233;4;2019;;;;;;20;11;9;1354;708;646;1565;795;770;-211;-87;-124
234;4;2020;;;;;;20;11;9;1351;706;645;1558;791;767;-207;-85;-122
235;4;2021;;;;;;19;11;8;1348;705;643;1551;787;763;-203;-82;-120
236;4;2022;;;;;;19;11;8;1345;703;642;1545;785;760;-200;-82;-118
237;4;2023;;;;;;19;11;8;1342;702;640;1540;783;757;-198;-81;-117
238;4;2024;;;;;;19;10;8;1338;700;638;1533;779;754;-195;-79;-116
239;4;2025;;;;;;18;10;8;1335;698;637;1527;776;751;-192;-78;-114
240;4;2026;;;;;;18;10;8;1332;697;635;1519;773;746;-187;-76;-111
241;4;2027;;;;;;18;10;8;1329;696;633;1511;769;742;-182;-73;-109
242;4;2028;;;;;;18;10;8;1327;694;633;1503;765;738;-176;-71;-105
243;4;2029;;;;;;17;10;8;1324;693;631;1492;760;732;-168;-67;-101
244;4;2030;;;;;;17;9;8;1322;692;630;1481;755;726;-159;-63;-96
245;4;2031;;;;;;17;9;7;1319;690;629;1471;751;720;-152;-61;-91
246;4;2032;;;;;;16;9;7;1316;689;627;1458;744;714;-142;-55;-87
247;4;2033;;;;;;16;9;7;1315;688;627;1446;739;707;-131;-51;-80
248;4;2034;;;;;;16;9;7;1313;687;626;1433;732;701;-120;-45;-75
249;4;2035;;;;;;15;9;7;1309;685;624;1419;726;693;-110;-41;-69
250;4;2036;;;;;;15;8;7;1308;684;624;1404;719;686;-96;-35;-62
251;4;2037;;;;;;15;8;7;1307;684;623;1390;712;678;-83;-28;-55
252;4;2038;;;;;;14;8;6;1303;682;621;1374;704;669;-71;-22;-48
253;4;2039;;;;;;14;8;6;1302;681;621;1359;697;662;-57;-16;-41
254;4;2040;;;;;;14;8;6;1301;681;620;1342;689;654;-41;-8;-34
255;4;2041;;;;;;13;7;6;1299;680;619;1327;681;646;-28;-1;-27
256;4;2042;;;;;;13;7;6;1298;679;619;1313;674;639;-15;5;-20
257;4;2043;;;;;;13;7;6;1297;679;618;1300;668;632;-3;11;-14
258;4;2044;;;;;;12;7;6;1296;678;618;1290;663;627;7;15;-9
259;4;2045;;;;;;12;7;6;1295;678;617;1278;657;622;17;21;-5
260;4;2046;;;;;;12;7;5;1294;677;617;1271;653;618;23;24;-1
261;4;2047;;;;;;12;6;5;1294;677;617;1265;650;615;29;27;2
262;4;2048;;;;;;12;6;5;1293;677;616;1259;647;613;34;30;3
263;4;2049;;;;;;11;6;5;1291;676;615;1257;646;611;34;30;4
264;5;2006;;;;;;25;14;11;1077;558;519;1926;961;965;-849;-403;-446
265;5;2007;;;;;;24;14;11;1134;589;545;1901;951;950;-767;-362;-405
266;5;2008;;;;;;24;13;10;1189;619;570;1901;952;949;-712;-333;-379
267;5;2009;;;;;;22;12;10;1244;650;594;1858;920;939;-614;-270;-345
268;5;2010;;;;;;21;12;9;1291;676;615;1774;882;892;-483;-206;-277
269;5;2011;;;;;;20;11;9;1321;694;627;1721;854;867;-400;-160;-240
270;5;2012;;;;;;20;11;9;1338;702;636;1682;837;845;-344;-135;-209
271;5;2013;;;;;;19;11;8;1339;703;636;1647;822;826;-308;-119;-190
272;5;2014;;;;;;18;10;8;1334;701;633;1616;808;809;-282;-107;-176
273;5;2015;;;;;;18;10;8;1330;699;631;1589;795;794;-259;-96;-163
274;5;2016;;;;;;17;10;8;1326;697;629;1567;784;783;-241;-87;-154
275;5;2017;;;;;;17;10;7;1323;696;627;1552;777;775;-229;-81;-148
276;5;2018;;;;;;17;9;7;1319;694;625;1538;770;768;-219;-76;-143
277;5;2019;;;;;;16;9;7;1316;693;623;1528;765;763;-212;-72;-140
278;5;2020;;;;;;16;9;7;1312;691;621;1517;760;757;-205;-69;-136
279;5;2021;;;;;;16;9;7;1307;688;619;1508;756;753;-201;-68;-134
280;5;2022;;;;;;16;9;7;1304;687;617;1502;753;749;-198;-66;-132
281;5;2023;;;;;;15;9;7;1300;685;615;1494;750;744;-194;-65;-129
282;5;2024;;;;;;15;8;7;1297;683;614;1487;746;741;-190;-63;-127
283;5;2025;;;;;;15;8;7;1294;682;612;1480;744;736;-186;-62;-124
284;5;2026;;;;;;15;8;6;1291;680;611;1473;740;733;-182;-60;-122
285;5;2027;;;;;;15;8;6;1287;678;609;1464;737;727;-177;-59;-118
286;5;2028;;;;;;14;8;6;1286;678;608;1455;733;722;-169;-55;-114
287;5;2029;;;;;;14;8;6;1282;676;606;1444;729;716;-162;-53;-110
288;5;2030;;;;;;14;8;6;1280;675;605;1435;725;710;-155;-50;-105
289;5;2031;;;;;;14;8;6;1277;674;603;1423;719;704;-146;-45;-101
290;5;2032;;;;;;13;7;6;1275;673;602;1411;714;697;-136;-41;-95
291;5;2033;;;;;;13;7;6;1271;671;600;1398;709;690;-127;-38;-90
292;5;2034;;;;;;13;7;6;1270;671;599;1386;703;683;-116;-32;-84
293;5;2035;;;;;;13;7;6;1268;669;599;1373;697;676;-105;-28;-77
294;5;2036;;;;;;12;7;6;1265;668;597;1359;691;668;-94;-23;-71
295;5;2037;;;;;;12;7;5;1264;668;596;1345;685;660;-81;-17;-64
296;5;2038;;;;;;12;7;5;1263;667;596;1329;677;652;-66;-10;-56
297;5;2039;;;;;;12;6;5;1260;666;594;1314;671;644;-54;-5;-50
298;5;2040;;;;;;11;6;5;1259;666;593;1298;663;636;-39;3;-43
299;5;2041;;;;;;11;6;5;1258;665;593;1283;656;627;-25;9;-34
300;5;2042;;;;;;11;6;5;1256;664;592;1269;649;620;-13;15;-28
301;5;2043;;;;;;11;6;5;1255;664;591;1254;642;612;1;22;-21
302;5;2044;;;;;;10;6;5;1254;663;591;1242;637;606;12;26;-15
303;5;2045;;;;;;10;6;5;1252;662;590;1230;631;600;22;31;-10
304;5;2046;;;;;;10;5;5;1252;662;590;1222;626;595;30;36;-5
305;5;2047;;;;;;10;5;4;1250;660;590;1213;622;591;37;38;-1
306;5;2048;;;;;;10;5;4;1249;660;589;1207;619;588;42;41;1
307;5;2049;;;;;;9;5;4;1249;660;589;1202;616;586;47;44;3
308;6;2006;;;;;;22;12;9;1052;540;512;1865;941;924;-813;-401;-412
309;6;2007;;;;;;21;12;9;1104;567;537;1795;899;896;-691;-332;-359
310;6;2008;;;;;;20;11;9;1163;599;564;1770;890;880;-607;-291;-316
311;6;2009;;;;;;19;11;8;1222;631;591;1766;887;878;-544;-256;-287
312;6;2010;;;;;;18;11;8;1263;654;609;1724;857;868;-461;-203;-259
313;6;2011;;;;;;17;10;7;1296;673;623;1648;823;825;-352;-150;-202
314;6;2012;;;;;;17;10;7;1310;682;628;1600;798;802;-290;-116;-174
315;6;2013;;;;;;16;9;7;1311;683;628;1565;782;783;-254;-99;-155
316;6;2014;;;;;;16;9;7;1307;681;626;1534;768;766;-227;-87;-140
317;6;2015;;;;;;15;9;6;1302;679;623;1508;756;752;-206;-77;-129
318;6;2016;;;;;;15;9;6;1299;677;622;1489;747;742;-190;-70;-120
319;6;2017;;;;;;14;8;6;1295;675;620;1471;738;733;-176;-63;-113
320;6;2018;;;;;;14;8;6;1290;673;617;1456;731;726;-166;-58;-109
321;6;2019;;;;;;14;8;6;1286;671;615;1443;723;719;-157;-52;-104
322;6;2020;;;;;;13;8;6;1283;670;613;1432;718;714;-149;-48;-101
323;6;2021;;;;;;13;8;6;1278;668;610;1422;713;708;-144;-45;-98
324;6;2022;;;;;;13;8;6;1273;666;607;1414;709;704;-141;-43;-97
325;6;2023;;;;;;13;7;5;1271;665;606;1405;706;700;-134;-41;-94
326;6;2024;;;;;;13;7;5;1267;663;604;1399;703;696;-132;-40;-92
327;6;2025;;;;;;13;7;5;1263;661;602;1393;699;693;-130;-38;-91
328;6;2026;;;;;;12;7;5;1260;660;600;1386;697;689;-126;-37;-89
329;6;2027;;;;;;12;7;5;1257;659;598;1378;693;685;-121;-34;-87
330;6;2028;;;;;;12;7;5;1253;657;596;1370;689;680;-117;-32;-84
331;6;2029;;;;;;12;7;5;1251;656;595;1361;686;675;-110;-30;-80
332;6;2030;;;;;;12;7;5;1249;655;594;1351;681;670;-102;-26;-76
333;6;2031;;;;;;12;7;5;1245;653;592;1340;676;664;-95;-23;-72
334;6;2032;;;;;;11;7;5;1243;653;590;1330;671;659;-87;-18;-69
335;6;2033;;;;;;11;6;5;1241;651;590;1319;667;652;-78;-16;-62
336;6;2034;;;;;;11;6;5;1238;650;588;1307;661;646;-69;-11;-58
337;6;2035;;;;;;11;6;5;1235;649;586;1296;657;640;-61;-8;-54
338;6;2036;;;;;;11;6;5;1234;648;586;1284;651;633;-50;-3;-47
339;6;2037;;;;;;10;6;4;1231;647;584;1270;644;626;-39;3;-42
340;6;2038;;;;;;10;6;4;1229;646;583;1258;638;619;-29;8;-36
341;6;2039;;;;;;10;6;4;1228;646;582;1244;632;612;-16;14;-30
342;6;2040;;;;;;10;6;4;1227;645;582;1229;625;605;-2;20;-23
343;6;2041;;;;;;10;5;4;1223;643;580;1215;618;597;8;25;-17
344;6;2042;;;;;;9;5;4;1223;644;579;1201;611;590;22;33;-11
345;6;2043;;;;;;9;5;4;1220;641;579;1188;605;583;32;36;-4
346;6;2044;;;;;;9;5;4;1219;641;578;1176;599;577;43;42;1
347;6;2045;;;;;;9;5;4;1218;641;577;1165;593;571;53;48;6
348;6;2046;;;;;;9;5;4;1217;640;577;1154;588;566;63;52;11
349;6;2047;;;;;;8;5;4;1214;639;575;1146;584;562;68;55;13
350;6;2048;;;;;;8;5;4;1214;639;575;1138;580;558;76;59;17
351;6;2049;;;;;;8;5;4;1214;639;575;1133;577;556;81;62;19
352;7;2006;;;;;;17;10;7;1018;523;495;1689;862;827;-671;-339;-332
353;7;2007;;;;;;17;10;7;1071;551;520;1684;862;822;-613;-311;-302
354;7;2008;;;;;;16;10;7;1129;583;546;1622;826;796;-493;-243;-250
355;7;2009;;;;;;16;9;7;1184;613;571;1597;816;781;-413;-203;-210
356;7;2010;;;;;;15;9;6;1230;638;592;1589;812;777;-359;-174;-185
357;7;2011;;;;;;15;8;6;1262;657;605;1549;782;766;-287;-125;-161
358;7;2012;;;;;;14;8;6;1275;665;610;1483;752;731;-208;-87;-121
359;7;2013;;;;;;13;8;6;1278;666;612;1442;730;712;-164;-64;-100
360;7;2014;;;;;;13;8;5;1274;665;609;1414;716;697;-140;-51;-88
361;7;2015;;;;;;13;7;5;1267;661;606;1390;705;685;-123;-44;-79
362;7;2016;;;;;;12;7;5;1263;660;603;1371;696;676;-108;-36;-73
363;7;2017;;;;;;12;7;5;1260;658;602;1355;688;668;-95;-30;-66
364;7;2018;;;;;;12;7;5;1255;656;599;1340;680;660;-85;-24;-61
365;7;2019;;;;;;11;7;5;1250;653;597;1326;672;654;-76;-19;-57
366;7;2020;;;;;;11;7;5;1247;652;595;1315;666;649;-68;-14;-54
367;7;2021;;;;;;11;6;4;1243;650;593;1305;661;644;-62;-11;-51
368;7;2022;;;;;;11;6;4;1238;648;590;1295;656;639;-57;-8;-49
369;7;2023;;;;;;11;6;4;1235;647;588;1288;652;636;-53;-5;-48
370;7;2024;;;;;;10;6;4;1232;645;587;1281;649;632;-49;-4;-45
371;7;2025;;;;;;10;6;4;1228;643;585;1274;645;629;-46;-2;-44
372;7;2026;;;;;;10;6;4;1225;642;583;1268;642;626;-43;0;-43
373;7;2027;;;;;;10;6;4;1222;641;581;1262;639;623;-40;2;-42
374;7;2028;;;;;;10;6;4;1219;639;580;1256;636;619;-37;3;-39
375;7;2029;;;;;;10;6;4;1216;638;578;1247;631;615;-31;7;-37
376;7;2030;;;;;;10;6;4;1213;637;576;1240;628;612;-27;9;-36
377;7;2031;;;;;;10;6;4;1210;635;575;1231;624;607;-21;11;-32
378;7;2032;;;;;;9;5;4;1207;634;573;1222;619;603;-15;15;-30
379;7;2033;;;;;;9;5;4;1203;632;571;1213;616;597;-10;16;-26
380;7;2034;;;;;;9;5;4;1203;632;571;1204;611;593;-1;21;-22
381;7;2035;;;;;;9;5;4;1199;630;569;1193;605;587;6;25;-18
382;7;2036;;;;;;9;5;4;1197;629;568;1182;600;582;15;29;-14
383;7;2037;;;;;;9;5;4;1195;629;566;1172;595;577;23;34;-11
384;7;2038;;;;;;8;5;4;1194;628;566;1161;590;571;33;38;-5
385;7;2039;;;;;;8;5;4;1192;627;565;1149;584;566;43;44;-1
386;7;2040;;;;;;8;5;3;1187;625;562;1137;578;559;50;47;3
387;7;2041;;;;;;8;5;3;1187;625;562;1125;571;553;62;54;9
388;7;2042;;;;;;8;4;3;1185;624;561;1113;565;547;72;59;14
389;7;2043;;;;;;8;4;3;1183;623;560;1100;559;541;83;64;19
390;7;2044;;;;;;7;4;3;1182;623;559;1089;554;536;93;69;23
391;7;2045;;;;;;7;4;3;1182;623;559;1079;547;531;103;76;28
392;7;2046;;;;;;7;4;3;1180;622;558;1069;543;527;111;79;31
393;7;2047;;;;;;7;4;3;1178;621;557;1061;538;522;117;83;35
394;7;2048;;;;;;7;4;3;1179;621;558;1054;534;519;125;87;39
395;7;2049;;;;;;7;4;3;1177;620;557;1048;531;517;129;89;40
396;8;2006;;;;;;16;10;6;948;482;466;1570;809;761;-622;-327;-295
397;8;2007;;;;;;16;10;6;996;509;487;1529;779;750;-533;-270;-263
398;8;2008;;;;;;16;10;6;1051;539;512;1522;778;744;-471;-239;-232
399;8;2009;;;;;;15;9;6;1106;570;536;1466;746;720;-360;-176;-184
400;8;2010;;;;;;15;9;6;1148;594;554;1441;736;705;-293;-142;-151
401;8;2011;;;;;;14;9;6;1178;612;566;1432;731;701;-254;-119;-135
402;8;2012;;;;;;13;8;5;1191;619;572;1396;706;690;-205;-87;-118
403;8;2013;;;;;;13;8;5;1191;619;572;1338;680;658;-147;-61;-86
404;8;2014;;;;;;12;8;5;1187;617;570;1304;661;642;-117;-44;-72
405;8;2015;;;;;;12;7;5;1184;616;568;1280;650;630;-96;-34;-62
406;8;2016;;;;;;12;7;5;1179;614;565;1263;641;622;-84;-27;-57
407;8;2017;;;;;;11;7;4;1175;611;564;1247;634;614;-72;-23;-50
408;8;2018;;;;;;11;7;4;1171;610;561;1233;626;607;-62;-16;-46
409;8;2019;;;;;;11;7;4;1167;608;559;1219;619;600;-52;-11;-41
410;8;2020;;;;;;11;6;4;1163;606;557;1206;612;594;-43;-6;-37
411;8;2021;;;;;;10;6;4;1158;604;554;1195;606;589;-37;-2;-35
412;8;2022;;;;;;10;6;4;1156;603;553;1185;601;584;-29;2;-31
413;8;2023;;;;;;10;6;4;1152;601;551;1176;596;580;-24;5;-29
414;8;2024;;;;;;10;6;4;1148;599;549;1169;592;576;-21;7;-27
415;8;2025;;;;;;10;6;4;1146;598;548;1162;589;573;-16;9;-25
416;8;2026;;;;;;10;6;4;1143;597;546;1155;586;570;-12;11;-24
417;8;2027;;;;;;9;6;4;1139;595;544;1150;583;567;-11;12;-23
418;8;2028;;;;;;9;6;4;1136;594;542;1144;580;564;-8;14;-22
419;8;2029;;;;;;9;6;4;1132;592;540;1137;577;560;-5;15;-20
420;8;2030;;;;;;9;6;4;1131;591;540;1130;573;557;1;18;-17
421;8;2031;;;;;;9;6;4;1128;590;538;1122;570;553;6;20;-15
422;8;2032;;;;;;9;5;4;1124;588;536;1115;566;549;9;22;-13
423;8;2033;;;;;;9;5;3;1123;587;536;1106;562;544;17;25;-8
424;8;2034;;;;;;9;5;3;1120;586;534;1097;557;540;23;29;-6
425;8;2035;;;;;;8;5;3;1118;585;533;1088;553;535;30;32;-2
426;8;2036;;;;;;8;5;3;1115;584;531;1079;549;530;36;35;1
427;8;2037;;;;;;8;5;3;1113;583;530;1069;544;525;44;39;5
428;8;2038;;;;;;8;5;3;1113;583;530;1060;539;520;53;44;10
429;8;2039;;;;;;8;5;3;1110;581;529;1049;534;515;61;47;14
430;8;2040;;;;;;8;5;3;1107;580;527;1039;529;511;68;51;16
431;8;2041;;;;;;8;5;3;1106;579;527;1028;523;505;78;56;22
432;8;2042;;;;;;7;5;3;1103;578;525;1018;518;500;85;60;25
433;8;2043;;;;;;7;4;3;1101;577;524;1007;513;495;94;64;29
434;8;2044;;;;;;7;4;3;1099;576;523;996;507;490;103;69;33
435;8;2045;;;;;;7;4;3;1098;576;522;986;502;485;112;74;37
436;8;2046;;;;;;7;4;3;1099;576;523;977;497;480;122;79;43
437;8;2047;;;;;;7;4;3;1097;575;522;969;493;477;128;82;45
438;8;2048;;;;;;7;4;3;1095;574;521;961;488;473;134;86;48
439;8;2049;;;;;;7;4;3;1095;574;521;955;485;470;140;89;51
440;9;2006;;;;;;16;9;7;922;480;442;1423;712;711;-501;-232;-269
441;9;2007;;;;;;16;9;7;970;505;465;1399;710;689;-429;-205;-224
442;9;2008;;;;;;16;9;7;1021;534;487;1361;685;677;-340;-151;-190
443;9;2009;;;;;;16;9;7;1075;566;509;1354;682;672;-279;-116;-163
444;9;2010;;;;;;15;8;7;1116;590;526;1305;656;649;-189;-66;-123
445;9;2011;;;;;;15;8;7;1146;608;538;1282;647;635;-136;-39;-97
446;9;2012;;;;;;14;8;6;1158;617;541;1271;642;629;-113;-25;-88
447;9;2013;;;;;;14;8;6;1159;616;543;1239;620;619;-80;-4;-76
448;9;2014;;;;;;13;7;6;1155;614;541;1191;598;592;-36;16;-51
449;9;2015;;;;;;13;7;6;1150;612;538;1163;583;580;-13;29;-42
450;9;2016;;;;;;12;7;5;1146;610;536;1146;575;570;0;35;-34
451;9;2017;;;;;;12;7;5;1142;607;535;1131;568;563;11;39;-28
452;9;2018;;;;;;11;6;5;1138;605;533;1118;561;557;20;44;-24
453;9;2019;;;;;;11;6;5;1134;604;530;1105;555;551;29;49;-21
454;9;2020;;;;;;11;6;5;1130;602;528;1091;547;544;39;55;-16
455;9;2021;;;;;;11;6;5;1127;600;527;1080;542;538;47;58;-11
456;9;2022;;;;;;11;6;5;1123;598;525;1070;536;534;53;62;-9
457;9;2023;;;;;;10;6;5;1120;597;523;1061;532;529;59;65;-6
458;9;2024;;;;;;10;6;4;1117;596;521;1054;528;526;63;68;-5
459;9;2025;;;;;;10;6;4;1113;594;519;1046;524;522;67;70;-3
460;9;2026;;;;;;10;6;4;1111;592;519;1041;521;519;71;71;0
461;9;2027;;;;;;10;5;4;1107;590;517;1035;518;517;72;72;0
462;9;2028;;;;;;10;5;4;1105;590;515;1029;515;513;76;75;2
463;9;2029;;;;;;10;5;4;1100;588;512;1023;512;511;77;76;1
464;9;2030;;;;;;9;5;4;1099;587;512;1017;509;508;82;78;4
465;9;2031;;;;;;9;5;4;1095;585;510;1010;505;504;85;80;6
466;9;2032;;;;;;9;5;4;1094;585;509;1003;503;501;91;82;8
467;9;2033;;;;;;9;5;4;1090;583;507;996;499;497;94;84;10
468;9;2034;;;;;;9;5;4;1089;582;507;989;495;494;100;87;13
469;9;2035;;;;;;9;5;4;1086;580;506;981;492;490;105;88;16
470;9;2036;;;;;;9;5;4;1082;578;504;974;488;486;108;90;18
471;9;2037;;;;;;9;5;4;1081;578;503;965;484;481;116;94;22
472;9;2038;;;;;;8;5;4;1080;577;503;957;479;478;123;98;25
473;9;2039;;;;;;8;5;4;1078;576;502;948;475;473;130;101;29
474;9;2040;;;;;;8;5;4;1076;575;501;939;470;469;137;105;32
475;9;2041;;;;;;8;4;4;1075;575;500;930;466;464;145;109;36
476;9;2042;;;;;;8;4;4;1073;574;499;920;461;459;153;113;40
477;9;2043;;;;;;8;4;3;1072;573;499;911;457;455;161;116;44
478;9;2044;;;;;;8;4;3;1070;572;498;901;451;450;169;121;48
479;9;2045;;;;;;7;4;3;1068;571;497;892;446;446;176;125;51
480;9;2046;;;;;;7;4;3;1066;570;496;884;442;442;182;128;54
481;9;2047;;;;;;7;4;3;1068;571;497;876;437;438;192;134;59
482;9;2048;;;;;;7;4;3;1066;570;496;868;433;435;198;137;61
483;9;2049;;;;;;7;4;3;1064;569;495;862;430;432;202;139;63
484;10;2006;;;;;;16;9;7;886;464;422;1311;666;645;-425;-202;-223
485;10;2007;;;;;;16;9;7;933;489;444;1278;641;637;-345;-152;-193
486;10;2008;;;;;;16;9;7;982;518;464;1256;638;618;-274;-120;-154
487;10;2009;;;;;;16;9;7;1032;548;484;1223;616;607;-191;-68;-123
488;10;2010;;;;;;16;9;7;1074;573;501;1216;614;603;-142;-41;-102
489;10;2011;;;;;;15;8;7;1100;588;512;1172;591;582;-72;-3;-70
490;10;2012;;;;;;15;8;7;1113;598;515;1153;583;569;-40;15;-54
491;10;2013;;;;;;15;8;7;1113;598;515;1144;579;565;-31;19;-50
492;10;2014;;;;;;14;8;6;1108;595;513;1118;562;556;-10;33;-43
493;10;2015;;;;;;13;7;6;1105;594;511;1076;543;533;29;51;-22
494;10;2016;;;;;;13;7;6;1102;592;510;1054;530;524;48;62;-14
495;10;2017;;;;;;12;7;5;1098;590;508;1040;524;516;58;66;-8
496;10;2018;;;;;;12;7;5;1094;588;506;1027;517;510;67;71;-4
497;10;2019;;;;;;12;6;5;1091;586;505;1015;512;503;76;74;2
498;10;2020;;;;;;11;6;5;1087;584;503;1003;506;497;84;78;6
499;10;2021;;;;;;11;6;5;1084;583;501;991;499;492;93;84;9
500;10;2022;;;;;;11;6;5;1080;581;499;980;494;487;100;87;12
501;10;2023;;;;;;11;6;5;1077;579;498;971;489;482;106;90;16
502;10;2024;;;;;;11;6;5;1074;578;496;963;485;478;111;93;18
503;10;2025;;;;;;10;6;5;1071;577;494;956;482;474;115;95;20
504;10;2026;;;;;;10;6;5;1067;575;492;949;478;471;118;97;21
505;10;2027;;;;;;10;6;5;1065;574;491;944;476;468;121;98;23
506;10;2028;;;;;;10;6;5;1061;571;490;938;472;466;123;99;24
507;10;2029;;;;;;10;5;4;1058;569;489;932;469;462;126;100;27
508;10;2030;;;;;;10;5;4;1055;568;487;926;467;459;129;101;28
509;10;2031;;;;;;10;5;4;1053;567;486;921;465;457;132;102;29
510;10;2032;;;;;;10;5;4;1051;566;485;915;462;454;136;104;31
511;10;2033;;;;;;9;5;4;1049;565;484;909;459;450;140;106;34
512;10;2034;;;;;;9;5;4;1046;563;483;902;455;447;144;108;36
513;10;2035;;;;;;9;5;4;1045;563;482;896;452;444;149;111;38
514;10;2036;;;;;;9;5;4;1042;562;480;889;449;440;153;113;40
515;10;2037;;;;;;9;5;4;1041;561;480;881;445;436;160;116;44
516;10;2038;;;;;;9;5;4;1039;560;479;875;442;433;165;118;46
517;10;2039;;;;;;9;5;4;1036;558;478;866;438;428;170;120;50
518;10;2040;;;;;;8;5;4;1034;557;477;859;434;425;175;123;52
519;10;2041;;;;;;8;5;4;1033;557;476;852;431;421;181;126;55
520;10;2042;;;;;;8;4;4;1033;557;476;843;426;417;190;131;59
521;10;2043;;;;;;8;4;4;1031;556;475;835;422;413;196;134;62
522;10;2044;;;;;;8;4;4;1029;555;474;826;418;409;203;137;65
523;10;2045;;;;;;8;4;4;1029;555;474;818;413;404;211;142;70
524;10;2046;;;;;;8;4;3;1026;554;472;811;410;401;215;144;71
525;10;2047;;;;;;7;4;3;1026;554;472;802;405;397;224;149;75
526;10;2048;;;;;;7;4;3;1025;553;472;796;401;394;229;152;78
527;10;2049;;;;;;7;4;3;1023;552;471;790;398;391;233;154;80
528;11;2006;;;;;;18;10;8;847;434;413;1178;594;584;-331;-160;-171
529;11;2007;;;;;;17;9;8;889;458;431;1165;591;573;-276;-133;-142
530;11;2008;;;;;;17;9;8;941;487;454;1134;569;565;-193;-82;-111
531;11;2009;;;;;;17;9;8;989;515;474;1115;568;547;-126;-53;-73
532;11;2010;;;;;;17;9;8;1026;536;490;1085;549;536;-59;-13;-46
533;11;2011;;;;;;17;9;8;1052;552;500;1078;546;532;-26;6;-32
534;11;2012;;;;;;16;9;7;1067;560;507;1041;527;514;26;33;-7
535;11;2013;;;;;;16;9;7;1068;561;507;1024;520;504;44;41;3
536;11;2014;;;;;;16;9;7;1065;560;505;1017;516;501;48;44;4
537;11;2015;;;;;;15;8;7;1061;558;503;996;501;494;65;57;9
538;11;2016;;;;;;14;8;6;1057;556;501;965;487;477;92;69;24
539;11;2017;;;;;;14;7;6;1054;555;499;946;477;469;108;78;30
540;11;2018;;;;;;13;7;6;1049;553;496;933;471;462;116;82;34
541;11;2019;;;;;;13;7;6;1045;551;494;922;465;457;123;86;37
542;11;2020;;;;;;13;7;6;1043;550;493;911;460;451;132;90;42
543;11;2021;;;;;;12;7;6;1039;548;491;900;455;445;139;93;46
544;11;2022;;;;;;12;7;5;1036;546;490;890;450;440;146;96;50
545;11;2023;;;;;;12;6;5;1032;544;488;880;445;435;152;99;53
546;11;2024;;;;;;12;6;5;1029;543;486;872;441;430;157;102;56
547;11;2025;;;;;;11;6;5;1026;541;485;865;438;428;161;103;57
548;11;2026;;;;;;11;6;5;1024;540;484;858;434;424;166;106;60
549;11;2027;;;;;;11;6;5;1020;538;482;852;432;420;168;106;62
550;11;2028;;;;;;11;6;5;1016;536;480;847;429;418;169;107;62
551;11;2029;;;;;;11;6;5;1015;536;479;842;427;415;173;109;64
552;11;2030;;;;;;11;6;5;1012;535;477;837;425;412;175;110;65
553;11;2031;;;;;;11;6;5;1010;533;477;833;423;410;177;110;67
554;11;2032;;;;;;11;6;5;1006;532;474;828;421;407;178;111;67
555;11;2033;;;;;;10;6;5;1004;531;473;822;418;404;182;113;69
556;11;2034;;;;;;10;6;5;1001;529;472;817;416;401;184;113;71
557;11;2035;;;;;;10;5;5;1000;529;471;811;414;397;189;115;74
558;11;2036;;;;;;10;5;5;999;528;471;806;411;395;193;117;76
559;11;2037;;;;;;10;5;5;996;527;469;800;409;392;196;118;78
560;11;2038;;;;;;10;5;4;994;526;468;794;406;388;200;120;80
561;11;2039;;;;;;10;5;4;992;525;467;787;403;384;205;122;83
562;11;2040;;;;;;9;5;4;991;525;466;781;400;381;210;125;85
563;11;2041;;;;;;9;5;4;989;524;465;774;397;378;215;127;87
564;11;2042;;;;;;9;5;4;988;523;465;767;393;374;221;130;91
565;11;2043;;;;;;9;5;4;986;522;464;760;390;370;226;132;94
566;11;2044;;;;;;9;5;4;986;522;464;754;387;367;232;135;97
567;11;2045;;;;;;9;5;4;984;521;463;746;383;364;238;138;100
568;11;2046;;;;;;8;5;4;982;520;462;740;380;360;242;140;102
569;11;2047;;;;;;8;4;4;984;521;463;734;377;357;250;144;106
570;11;2048;;;;;;8;4;4;982;520;462;726;373;354;256;147;108
571;11;2049;;;;;;8;4;4;980;519;461;721;370;351;259;149;110
572;12;2006;;;;;;21;12;9;820;421;399;1103;576;527;-283;-155;-128
573;12;2007;;;;;;20;11;9;863;445;418;1049;544;505;-186;-99;-87
574;12;2008;;;;;;20;11;8;912;472;440;1036;541;495;-124;-69;-55
575;12;2009;;;;;;20;11;8;962;500;462;1009;521;488;-47;-21;-26
576;12;2010;;;;;;20;11;8;1001;524;477;991;519;473;10;5;4
577;12;2011;;;;;;20;11;8;1022;537;485;963;501;463;59;36;22
578;12;2012;;;;;;20;11;8;1034;542;492;958;498;460;76;44;32
579;12;2013;;;;;;19;11;8;1036;543;493;925;481;444;111;62;49
580;12;2014;;;;;;18;11;8;1033;542;491;912;476;436;121;66;55
581;12;2015;;;;;;18;10;8;1029;540;489;906;472;435;123;68;54
582;12;2016;;;;;;17;10;7;1028;540;488;889;459;431;139;81;57
583;12;2017;;;;;;16;9;7;1023;538;485;863;446;417;160;92;68
584;12;2018;;;;;;16;9;7;1019;536;483;847;437;410;172;99;73
585;12;2019;;;;;;15;9;7;1015;534;481;834;431;404;181;103;77
586;12;2020;;;;;;15;9;6;1011;532;479;824;426;398;187;106;81
587;12;2021;;;;;;15;8;6;1009;531;478;814;421;394;195;110;84
588;12;2022;;;;;;14;8;6;1007;530;477;805;416;389;202;114;88
589;12;2023;;;;;;14;8;6;1003;528;475;795;411;384;208;117;91
590;12;2024;;;;;;14;8;6;999;526;473;787;407;380;212;119;93
591;12;2025;;;;;;13;8;6;996;525;471;778;403;376;218;122;95
592;12;2026;;;;;;13;8;6;992;522;470;772;399;373;220;123;97
593;12;2027;;;;;;13;8;6;989;521;468;767;396;370;222;125;98
594;12;2028;;;;;;13;7;6;986;519;467;760;393;367;226;126;100
595;12;2029;;;;;;13;7;5;984;519;465;756;391;365;228;128;100
596;12;2030;;;;;;13;7;5;981;517;464;752;390;363;229;127;101
597;12;2031;;;;;;12;7;5;978;516;462;747;387;360;231;129;102
598;12;2032;;;;;;12;7;5;976;515;461;743;385;357;234;130;104
599;12;2033;;;;;;12;7;5;974;514;460;738;383;355;236;131;105
600;12;2034;;;;;;12;7;5;972;513;459;733;380;353;239;133;106
601;12;2035;;;;;;12;7;5;970;512;458;728;378;350;242;134;108
602;12;2036;;;;;;12;7;5;968;511;457;723;376;348;245;135;109
603;12;2037;;;;;;12;7;5;966;510;456;718;373;345;248;137;111
604;12;2038;;;;;;11;6;5;964;509;455;713;371;342;251;138;113
605;12;2039;;;;;;11;6;5;961;508;453;707;368;339;254;140;114
606;12;2040;;;;;;11;6;5;961;507;454;702;365;337;259;142;117
607;12;2041;;;;;;11;6;5;959;506;453;696;362;334;263;144;119
608;12;2042;;;;;;11;6;5;958;506;452;691;360;331;267;146;121
609;12;2043;;;;;;11;6;5;956;505;451;685;357;328;271;148;123
610;12;2044;;;;;;10;6;5;955;505;450;679;353;326;276;152;124
611;12;2045;;;;;;10;6;5;953;504;449;673;350;323;280;154;126
612;12;2046;;;;;;10;6;4;952;503;449;667;347;320;285;156;129
613;12;2047;;;;;;10;6;4;952;503;449;661;344;318;291;159;131
614;12;2048;;;;;;10;5;4;951;503;448;656;341;315;295;162;133
615;12;2049;;;;;;9;5;4;951;503;448;650;337;313;301;166;135
616;13;2006;;;;;;24;14;10;817;412;405;1034;535;499;-217;-123;-94
617;13;2007;;;;;;24;14;10;857;433;424;1006;520;485;-149;-87;-61
618;13;2008;;;;;;23;13;9;906;461;445;953;491;463;-47;-30;-18
619;13;2009;;;;;;22;13;9;949;486;463;941;487;453;8;-1;10
620;13;2010;;;;;;22;13;9;991;513;478;916;469;447;75;44;32
621;13;2011;;;;;;23;13;9;1019;528;491;898;466;432;121;62;59
622;13;2012;;;;;;22;13;9;1030;534;496;873;450;423;157;84;73
623;13;2013;;;;;;22;13;9;1030;534;496;867;447;420;163;87;76
624;13;2014;;;;;;22;13;9;1026;532;494;838;431;407;188;101;87
625;13;2015;;;;;;21;13;9;1021;530;491;826;426;400;195;104;91
626;13;2016;;;;;;21;12;8;1018;529;489;825;424;401;193;105;88
627;13;2017;;;;;;20;12;8;1014;527;487;810;412;398;204;115;89
628;13;2018;;;;;;19;11;8;1010;525;485;784;399;384;226;126;101
629;13;2019;;;;;;18;11;7;1007;523;484;770;392;378;237;131;106
630;13;2020;;;;;;18;10;7;1003;521;482;758;386;372;245;135;110
631;13;2021;;;;;;17;10;7;999;519;480;748;380;368;251;139;112
632;13;2022;;;;;;17;10;7;995;517;478;739;376;363;256;141;115
633;13;2023;;;;;;16;10;7;993;517;476;730;371;359;263;146;117
634;13;2024;;;;;;16;9;7;990;515;475;720;366;354;270;149;121
635;13;2025;;;;;;16;9;6;987;513;474;712;362;350;275;151;124
636;13;2026;;;;;;16;9;6;983;511;472;704;358;346;279;153;126
637;13;2027;;;;;;15;9;6;979;509;470;698;355;343;281;154;127
638;13;2028;;;;;;15;9;6;977;508;469;692;352;340;285;156;129
639;13;2029;;;;;;15;9;6;973;506;467;686;349;337;287;157;130
640;13;2030;;;;;;15;9;6;973;506;467;682;347;335;291;159;132
641;13;2031;;;;;;15;9;6;969;504;465;677;344;333;292;160;132
642;13;2032;;;;;;14;9;6;967;503;464;673;343;330;294;160;134
643;13;2033;;;;;;14;8;6;965;502;463;668;340;328;297;162;135
644;13;2034;;;;;;14;8;6;961;500;461;664;338;326;297;162;135
645;13;2035;;;;;;14;8;6;960;499;461;659;336;323;301;163;138
646;13;2036;;;;;;14;8;6;958;498;460;653;333;321;305;165;139
647;13;2037;;;;;;14;8;6;957;498;459;648;330;318;309;168;141
648;13;2038;;;;;;14;8;6;954;497;457;644;328;316;310;169;141
649;13;2039;;;;;;13;8;6;951;496;455;639;325;313;312;171;142
650;13;2040;;;;;;13;8;5;950;495;455;633;323;310;317;172;145
651;13;2041;;;;;;13;8;5;948;494;454;628;320;308;320;174;146
652;13;2042;;;;;;13;7;5;947;493;454;622;317;305;325;176;149
653;13;2043;;;;;;13;7;5;946;493;453;617;314;303;329;179;150
654;13;2044;;;;;;12;7;5;944;492;452;612;311;301;332;181;151
655;13;2045;;;;;;12;7;5;943;492;451;606;309;297;337;183;154
656;13;2046;;;;;;12;7;5;941;491;450;600;305;295;341;186;155
657;13;2047;;;;;;12;7;5;941;490;451;595;303;293;346;187;158
658;13;2048;;;;;;12;7;5;940;490;450;589;299;290;351;191;160
659;13;2049;;;;;;11;7;5;938;489;449;586;297;289;352;192;160
660;14;2006;;;;;;29;17;11;807;403;404;960;496;464;-153;-93;-60
661;14;2007;;;;;;28;17;11;848;424;424;916;468;449;-68;-44;-25
662;14;2008;;;;;;28;17;11;897;453;444;890;454;436;7;-1;8
663;14;2009;;;;;;26;16;11;943;480;463;843;428;415;100;52;48
664;14;2010;;;;;;26;16;10;978;501;477;832;425;407;146;76;70
665;14;2011;;;;;;26;16;10;1004;517;487;810;411;400;194;106;87
666;14;2012;;;;;;26;16;10;1014;524;490;794;407;387;220;117;103
667;14;2013;;;;;;26;16;10;1017;524;493;773;394;379;244;130;114
668;14;2014;;;;;;26;16;10;1013;522;491;769;392;376;244;130;115
669;14;2015;;;;;;25;15;10;1009;520;489;745;379;366;264;141;123
670;14;2016;;;;;;25;15;10;1006;519;487;737;376;361;269;143;126
671;14;2017;;;;;;24;15;9;1002;517;485;737;375;362;265;142;123
672;14;2018;;;;;;23;14;9;998;515;483;725;365;359;273;150;124
673;14;2019;;;;;;22;13;9;996;514;482;703;355;348;293;159;134
674;14;2020;;;;;;21;13;8;992;512;480;690;348;342;302;164;138
675;14;2021;;;;;;21;13;8;988;510;478;681;344;337;307;166;141
676;14;2022;;;;;;20;12;8;985;509;476;672;339;333;313;170;143
677;14;2023;;;;;;20;12;8;982;507;475;664;336;329;318;171;147
678;14;2024;;;;;;19;12;8;980;506;474;656;332;324;324;174;150
679;14;2025;;;;;;19;11;7;977;504;473;648;328;320;329;176;153
680;14;2026;;;;;;19;11;7;975;504;471;641;324;316;334;180;155
681;14;2027;;;;;;18;11;7;970;502;468;634;321;313;336;181;155
682;14;2028;;;;;;18;11;7;968;501;467;628;318;310;340;183;157
683;14;2029;;;;;;18;11;7;965;499;466;624;316;308;341;183;158
684;14;2030;;;;;;18;11;7;963;498;465;619;314;305;344;184;160
685;14;2031;;;;;;17;11;7;961;497;464;614;312;303;347;185;161
686;14;2032;;;;;;17;10;7;958;495;463;610;310;300;348;185;163
687;14;2033;;;;;;17;10;7;955;494;461;608;309;299;347;185;162
688;14;2034;;;;;;17;10;7;954;494;460;603;307;296;351;187;164
689;14;2035;;;;;;17;10;7;953;493;460;599;305;294;354;188;166
690;14;2036;;;;;;17;10;7;951;492;459;595;303;293;356;189;166
691;14;2037;;;;;;16;10;6;949;491;458;591;301;290;358;190;168
692;14;2038;;;;;;16;10;6;946;489;457;587;299;288;359;190;169
693;14;2039;;;;;;16;10;6;944;488;456;583;298;285;361;190;171
694;14;2040;;;;;;16;9;6;943;488;455;578;295;283;365;193;172
695;14;2041;;;;;;16;9;6;941;487;454;575;293;281;366;194;173
696;14;2042;;;;;;15;9;6;940;486;454;569;291;278;371;195;176
697;14;2043;;;;;;15;9;6;938;485;453;565;289;277;373;196;177
698;14;2044;;;;;;15;9;6;937;485;452;561;287;274;376;198;178
699;14;2045;;;;;;15;9;6;936;484;452;556;284;272;380;200;180
700;14;2046;;;;;;15;9;6;934;483;451;552;282;270;382;201;181
701;14;2047;;;;;;14;8;6;934;483;451;548;280;269;386;203;182
702;14;2048;;;;;;14;8;6;934;483;451;544;277;267;390;206;184
703;14;2049;;;;;;14;8;6;933;483;450;539;275;264;394;208;186
704;15;2006;37.0;37.0;0.0;0.0;0.0;34;21;13;804;394;410;885;455;430;-81;-61;-20
705;15;2007;34.0;34.0;0.0;0.0;0.0;33;21;12;843;415;428;860;442;418;-17;-27;10
706;15;2008;31.0;31.0;0.0;0.0;0.0;32;20;12;889;441;448;820;417;403;69;24;45
707;15;2009;28.0;28.0;0.0;0.0;0.0;32;20;12;938;471;467;796;404;392;142;67;75
708;15;2010;22.0;22.0;0.0;0.0;0.0;31;19;11;970;488;482;756;383;373;214;105;109
709;15;2011;20.0;20.0;0.0;0.0;0.0;30;19;11;992;502;490;745;380;366;247;122;124
710;15;2012;21.0;21.0;0.0;0.0;0.0;30;19;11;1003;508;495;726;367;360;277;141;135
711;15;2013;20.0;20.0;0.0;0.0;0.0;31;20;11;1003;508;495;712;364;348;291;144;147
712;15;2014;19.0;19.0;0.0;0.0;0.0;31;20;11;999;506;493;694;353;341;305;153;152
713;15;2015;19.0;19.0;0.0;0.0;0.0;31;20;11;995;504;491;693;352;341;302;152;150
714;15;2016;18.0;18.0;0.0;0.0;0.0;30;19;11;992;503;489;674;342;332;318;161;157
715;15;2017;17.0;17.0;0.0;0.0;0.0;29;19;11;989;501;488;668;339;329;321;162;159
716;15;2018;15.0;15.0;0.0;0.0;0.0;28;18;10;988;501;487;668;338;330;320;163;157
717;15;2019;14.0;14.0;0.0;0.0;0.0;27;17;10;984;499;485;659;330;329;325;169;156
718;15;2020;13.0;13.0;0.0;0.0;0.0;26;17;9;980;497;483;640;321;319;340;176;164
719;15;2021;12.0;12.0;0.0;0.0;0.0;25;16;9;977;496;481;628;315;313;349;181;168
720;15;2022;11.0;11.0;0.0;0.0;0.0;24;16;9;973;494;479;621;312;309;352;182;170
721;15;2023;11.0;11.0;0.0;0.0;0.0;24;15;9;972;493;479;613;307;305;359;186;174
722;15;2024;10.0;10.0;0.0;0.0;0.0;23;15;8;968;491;477;605;304;301;363;187;176
723;15;2025;9.0;9.0;0.0;0.0;0.0;23;15;8;966;490;476;598;301;298;368;189;178
724;15;2026;8.0;8.0;0.0;0.0;0.0;22;14;8;963;489;474;592;298;294;371;191;180
725;15;2027;7.0;7.0;0.0;0.0;0.0;22;14;8;960;487;473;586;295;291;374;192;182
726;15;2028;6.0;6.0;0.0;0.0;0.0;22;14;8;958;486;472;580;292;288;378;194;184
727;15;2029;5.0;5.0;0.0;0.0;0.0;21;14;8;956;485;471;576;290;286;380;195;185
728;15;2030;4.0;4.0;0.0;0.0;0.0;21;13;8;954;484;470;571;288;283;383;196;187
729;15;2031;3.0;3.0;0.0;0.0;0.0;21;13;8;952;483;469;567;286;281;385;197;188
730;15;2032;3.0;3.0;0.0;0.0;0.0;20;13;7;948;481;467;563;284;279;385;197;188
731;15;2033;2.0;2.0;0.0;0.0;0.0;20;13;7;946;480;466;560;283;277;386;197;189
732;15;2034;1.0;1.0;0.0;0.0;0.0;20;13;7;946;480;466;557;282;275;389;198;191
733;15;2035;0.0;0.0;0.0;0.0;0.0;20;13;7;944;479;465;554;281;273;390;198;192
734;15;2036;0.0;0.0;0.0;0.0;0.0;20;13;7;942;478;464;551;279;272;391;199;192
735;15;2037;0.0;0.0;0.0;0.0;0.0;20;12;7;940;477;463;548;278;270;392;199;193
736;15;2038;0.0;0.0;0.0;0.0;0.0;19;12;7;938;476;462;545;276;268;393;200;194
737;15;2039;0.0;0.0;0.0;0.0;0.0;19;12;7;938;476;462;541;275;266;397;201;196
738;15;2040;0.0;0.0;0.0;0.0;0.0;19;12;7;936;475;461;538;273;265;398;202;196
739;15;2041;0.0;0.0;0.0;0.0;0.0;19;12;7;935;475;460;535;272;263;401;203;197
740;15;2042;0.0;0.0;0.0;0.0;0.0;19;12;7;933;474;459;531;270;261;402;204;198
741;15;2043;0.0;0.0;0.0;0.0;0.0;18;12;7;932;473;459;527;268;259;405;205;200
742;15;2044;0.0;0.0;0.0;0.0;0.0;18;11;7;930;473;457;523;267;257;407;206;200
743;15;2045;0.0;0.0;0.0;0.0;0.0;18;11;7;929;472;457;521;265;256;408;207;201
744;15;2046;0.0;0.0;0.0;0.0;0.0;18;11;6;928;471;457;517;263;254;411;208;203
745;15;2047;0.0;0.0;0.0;0.0;0.0;17;11;6;926;470;456;513;261;253;413;209;203
746;15;2048;0.0;0.0;0.0;0.0;0.0;17;11;6;924;469;455;510;259;251;414;210;204
747;15;2049;0.0;0.0;0.0;0.0;0.0;17;10;6;924;469;455;507;257;250;417;212;205
748;16;2006;122.0;120.0;1.0;1.0;0.0;40;27;14;804;382;422;849;444;405;-45;-62;17
749;16;2007;113.0;113.0;0.0;0.0;0.0;40;26;14;842;403;439;815;419;396;27;-16;43
750;16;2008;104.0;104.0;0.0;0.0;0.0;39;26;13;885;427;458;792;408;385;93;19;73
751;16;2009;96.0;96.0;0.0;0.0;0.0;38;25;13;930;451;479;756;384;372;174;67;107
752;16;2010;82.0;82.0;0.0;0.0;0.0;38;25;13;964;471;493;735;374;362;229;97;131
753;16;2011;79.0;79.0;0.0;0.0;0.0;36;24;12;986;484;502;700;354;345;286;130;157
754;16;2012;76.0;76.0;0.0;0.0;0.0;36;24;12;994;489;505;690;352;338;304;137;167
755;16;2013;76.0;76.0;0.0;0.0;0.0;36;24;12;994;489;505;674;341;333;320;148;172
756;16;2014;76.0;76.0;0.0;0.0;0.0;36;24;12;991;488;503;662;338;324;329;150;179
757;16;2015;75.0;75.0;0.0;0.0;0.0;36;24;12;989;486;503;647;329;319;342;157;184
758;16;2016;75.0;75.0;0.0;0.0;0.0;36;24;12;986;485;501;648;328;319;338;157;182
759;16;2017;73.0;73.0;0.0;0.0;0.0;35;24;12;982;483;499;632;320;312;350;163;187
760;16;2018;70.0;70.0;0.0;0.0;0.0;35;23;11;979;481;498;628;318;310;351;163;188
761;16;2019;69.0;69.0;0.0;0.0;0.0;34;23;11;977;481;496;628;318;311;349;164;185
762;16;2020;65.0;65.0;0.0;0.0;0.0;32;21;11;974;480;494;619;309;310;355;171;184
763;16;2021;62.0;62.0;0.0;0.0;0.0;31;20;10;971;478;493;602;302;301;369;176;192
764;16;2022;59.0;59.0;0.0;0.0;0.0;30;20;10;968;477;491;593;297;296;375;181;195
765;16;2023;57.0;57.0;0.0;0.0;0.0;29;19;10;965;475;490;585;293;292;380;182;198
766;16;2024;55.0;55.0;0.0;0.0;0.0;28;19;9;962;474;488;577;289;288;385;185;200
767;16;2025;53.0;53.0;0.0;0.0;0.0;28;19;9;960;473;487;572;286;286;388;187;201
768;16;2026;52.0;52.0;0.0;0.0;0.0;27;18;9;958;472;486;566;283;283;392;189;203
769;16;2027;50.0;50.0;0.0;0.0;0.0;27;18;9;955;470;485;560;281;279;395;189;206
770;16;2028;49.0;49.0;0.0;0.0;0.0;26;17;9;952;469;483;555;278;276;397;191;207
771;16;2029;47.0;47.0;0.0;0.0;0.0;26;17;9;950;468;482;549;275;274;401;193;208
772;16;2030;46.0;46.0;0.0;0.0;0.0;25;17;8;948;467;481;546;273;272;402;194;209
773;16;2031;45.0;45.0;0.0;0.0;0.0;25;17;8;946;466;480;542;272;270;404;194;210
774;16;2032;44.0;44.0;0.0;0.0;0.0;25;16;8;944;465;479;539;270;268;405;195;211
775;16;2033;42.0;42.0;0.0;0.0;0.0;24;16;8;942;464;478;536;269;267;406;195;211
776;16;2034;41.0;41.0;0.0;0.0;0.0;24;16;8;939;463;476;534;268;266;405;195;210
777;16;2035;40.0;40.0;0.0;0.0;0.0;24;16;8;937;462;475;531;267;264;406;195;211
778;16;2036;38.0;38.0;0.0;0.0;0.0;24;16;8;935;461;474;528;266;263;407;195;211
779;16;2037;39.0;39.0;0.0;0.0;0.0;24;16;8;935;461;474;526;264;262;409;197;212
780;16;2038;39.0;39.0;0.0;0.0;0.0;24;16;8;933;460;473;523;263;260;410;197;213
781;16;2039;39.0;39.0;0.0;0.0;0.0;23;15;8;931;459;472;520;262;258;411;197;214
782;16;2040;39.0;39.0;0.0;0.0;0.0;23;15;8;930;459;471;518;260;258;412;199;213
783;16;2041;39.0;39.0;0.0;0.0;0.0;23;15;8;928;458;470;515;259;256;413;199;214
784;16;2042;39.0;39.0;0.0;0.0;0.0;23;15;8;926;457;469;512;257;255;414;200;214
785;16;2043;39.0;39.0;0.0;0.0;0.0;22;15;8;926;456;470;510;257;254;416;199;216
786;16;2044;39.0;39.0;0.0;0.0;0.0;22;15;8;925;456;469;507;255;252;418;201;217
787;16;2045;39.0;39.0;0.0;0.0;0.0;22;14;7;923;455;468;504;253;251;419;202;217
788;16;2046;39.0;39.0;0.0;0.0;0.0;21;14;7;924;456;468;502;252;250;422;204;218
789;16;2047;39.0;39.0;0.0;0.0;0.0;21;14;7;922;455;467;500;250;249;422;205;218
790;16;2048;39.0;39.0;0.0;0.0;0.0;21;14;7;922;455;467;497;249;248;425;206;219
791;16;2049;39.0;39.0;0.0;0.0;0.0;20;13;7;921;454;467;494;247;247;427;207;220
792;17;2006;329.0;318.0;11.0;0.0;0.0;46;30;16;821;377;444;775;399;376;46;-22;68
793;17;2007;318.0;307.0;10.0;0.0;0.0;48;31;16;864;399;465;766;396;370;98;3;95
794;17;2008;295.0;286.0;8.0;0.0;0.0;47;31;16;909;423;486;737;374;363;172;49;123
795;17;2009;269.0;261.0;7.0;0.0;0.0;46;30;16;954;449;505;717;365;353;237;84;152
796;17;2010;221.0;216.0;4.0;0.0;0.0;45;30;15;990;469;521;685;345;340;305;124;181
797;17;2011;219.0;214.0;4.0;0.0;0.0;45;30;15;1010;480;530;668;337;331;342;143;199
798;17;2012;211.0;206.0;4.0;0.0;0.0;43;29;15;1018;485;533;636;319;317;382;166;216
799;17;2013;208.0;204.0;4.0;0.0;0.0;43;29;14;1019;485;534;629;318;312;390;167;222
800;17;2014;210.0;205.0;4.0;0.0;0.0;43;28;14;1016;484;532;616;307;308;400;177;224
801;17;2015;214.0;210.0;3.0;0.0;0.0;43;29;14;1012;482;530;605;306;299;407;176;231
802;17;2016;214.0;210.0;3.0;0.0;0.0;43;29;14;1009;481;528;594;298;296;415;183;232
803;17;2017;218.0;214.0;3.0;0.0;0.0;44;29;14;1005;479;526;596;299;297;409;180;229
804;17;2018;213.0;210.0;3.0;0.0;0.0;42;28;14;1002;478;524;582;291;291;420;187;233
805;17;2019;210.0;206.0;3.0;0.0;0.0;41;28;14;1000;477;523;578;289;289;422;188;234
806;17;2020;207.0;204.0;3.0;0.0;0.0;41;27;13;997;476;521;581;289;292;416;187;229
807;17;2021;200.0;196.0;3.0;0.0;0.0;38;26;13;995;475;520;574;283;292;421;192;228
808;17;2022;191.0;189.0;2.0;0.0;0.0;37;25;12;992;474;518;560;276;284;432;198;234
809;17;2023;189.0;186.0;2.0;0.0;0.0;36;24;12;989;473;516;551;271;279;438;202;237
810;17;2024;186.0;183.0;2.0;0.0;0.0;35;23;11;987;471;516;544;268;276;443;203;240
811;17;2025;183.0;181.0;2.0;0.0;0.0;34;23;11;984;470;514;539;265;274;445;205;240
812;17;2026;181.0;179.0;2.0;0.0;0.0;33;22;11;981;469;512;533;262;271;448;207;241
813;17;2027;180.0;177.0;2.0;0.0;0.0;33;22;11;979;468;511;529;261;268;450;207;243
814;17;2028;177.0;176.0;1.0;0.0;0.0;32;21;11;978;468;510;524;258;266;454;210;244
815;17;2029;176.0;175.0;1.0;0.0;0.0;31;21;10;975;467;508;519;256;264;456;211;244
816;17;2030;175.0;174.0;1.0;0.0;0.0;31;21;10;974;466;508;516;254;262;458;212;246
817;17;2031;174.0;173.0;1.0;0.0;0.0;31;20;10;970;464;506;512;252;260;458;212;246
818;17;2032;174.0;173.0;1.0;0.0;0.0;30;20;10;968;463;505;510;251;259;458;212;246
819;17;2033;174.0;173.0;1.0;0.0;0.0;30;20;10;966;462;504;507;249;257;459;213;247
820;17;2034;173.0;173.0;0.0;0.0;0.0;30;20;10;964;461;503;504;248;256;460;213;247
821;17;2035;174.0;174.0;0.0;0.0;0.0;29;20;10;962;460;502;503;248;255;459;212;247
822;17;2036;174.0;174.0;0.0;0.0;0.0;29;20;10;960;459;501;501;247;254;459;212;247
823;17;2037;174.0;174.0;0.0;0.0;0.0;29;19;10;959;459;500;499;246;253;460;213;247
824;17;2038;175.0;175.0;0.0;0.0;0.0;29;19;10;958;459;499;498;246;253;460;213;246
825;17;2039;176.0;176.0;0.0;0.0;0.0;29;19;9;955;458;497;496;244;252;459;214;245
826;17;2040;177.0;177.0;0.0;0.0;0.0;28;19;9;954;458;496;495;244;251;459;214;245
827;17;2041;178.0;178.0;0.0;0.0;0.0;28;19;9;953;457;496;493;242;251;460;215;245
828;17;2042;178.0;178.0;0.0;0.0;0.0;28;19;9;952;456;496;492;242;250;460;214;246
829;17;2043;179.0;179.0;0.0;0.0;0.0;28;18;9;951;456;495;489;240;249;462;216;246
830;17;2044;179.0;179.0;0.0;0.0;0.0;27;18;9;949;455;494;488;240;248;461;215;246
831;17;2045;179.0;179.0;0.0;0.0;0.0;27;18;9;949;455;494;487;239;248;462;216;246
832;17;2046;179.0;179.0;0.0;0.0;0.0;27;18;9;949;455;494;485;237;247;464;218;247
833;17;2047;179.0;179.0;0.0;0.0;0.0;26;17;9;948;455;493;484;237;247;464;218;246
834;17;2048;179.0;179.0;0.0;0.0;0.0;26;17;9;947;454;493;482;236;246;465;218;247
835;17;2049;178.0;178.0;0.0;0.0;0.0;26;17;9;946;454;492;481;235;246;465;219;246
836;18;2006;645.0;597.0;46.0;2.0;0.0;52;35;17;1511;650;861;1291;667;624;220;-17;237
837;18;2007;628.0;580.0;45.0;2.0;0.0;52;35;17;1605;693;912;1270;646;624;335;47;288
838;18;2008;625.0;578.0;45.0;2.0;0.0;54;37;17;1709;745;964;1263;645;619;446;100;345
839;18;2009;597.0;554.0;42.0;1.0;0.0;54;36;17;1806;793;1013;1219;612;607;587;181;406
840;18;2010;534.0;496.0;37.0;1.0;0.0;53;36;17;1870;826;1044;1184;596;588;686;230;456
841;18;2011;528.0;490.0;37.0;1.0;0.0;52;35;17;1910;849;1061;1135;566;568;775;283;493
842;18;2012;525.0;487.0;37.0;1.0;0.0;52;35;16;1928;857;1071;1104;551;553;824;306;518
843;18;2013;509.0;471.0;36.0;1.0;0.0;50;34;16;1930;858;1072;1055;525;530;875;333;542
844;18;2014;503.0;466.0;36.0;2.0;0.0;49;34;15;1924;855;1069;1043;522;521;881;333;548
845;18;2015;510.0;472.0;36.0;2.0;0.0;49;34;15;1921;853;1068;1025;510;515;896;343;553
846;18;2016;522.0;483.0;37.0;2.0;0.0;50;35;16;1914;850;1064;1017;510;507;897;340;557
847;18;2017;522.0;483.0;37.0;2.0;0.0;50;35;16;1910;848;1062;1002;500;502;908;348;560
848;18;2018;535.0;496.0;38.0;2.0;0.0;50;35;16;1905;846;1059;1007;502;505;898;344;554
849;18;2019;524.0;486.0;37.0;2.0;0.0;49;34;15;1900;845;1055;983;489;494;917;356;562
850;18;2020;517.0;479.0;36.0;2.0;0.0;48;33;15;1895;842;1053;973;485;488;922;357;565
851;18;2021;514.0;475.0;36.0;2.0;1.0;47;32;15;1890;840;1050;971;484;487;919;356;563
852;18;2022;497.0;459.0;35.0;2.0;1.0;45;31;14;1886;838;1048;951;470;480;935;368;568
853;18;2023;480.0;444.0;34.0;2.0;1.0;43;29;13;1881;837;1044;924;458;466;957;379;578
854;18;2024;475.0;439.0;33.0;2.0;1.0;42;29;13;1877;835;1042;910;451;459;967;384;583
855;18;2025;468.0;434.0;32.0;2.0;1.0;41;28;13;1873;833;1040;898;445;453;975;388;587
856;18;2026;465.0;430.0;32.0;2.0;1.0;40;27;12;1868;831;1037;887;441;447;981;390;590
857;18;2027;461.0;427.0;32.0;2.0;1.0;39;27;12;1866;830;1036;877;436;441;989;394;595
858;18;2028;459.0;425.0;32.0;2.0;1.0;38;26;12;1862;829;1033;867;431;436;995;398;597
859;18;2029;457.0;423.0;31.0;2.0;1.0;37;26;12;1858;827;1031;857;427;430;1001;400;601
860;18;2030;456.0;422.0;31.0;2.0;1.0;37;25;11;1854;825;1029;848;423;425;1006;402;604
861;18;2031;455.0;421.0;31.0;2.0;1.0;36;25;11;1851;825;1026;842;420;421;1009;405;605
862;18;2032;456.0;422.0;31.0;2.0;1.0;36;25;11;1847;823;1024;834;417;417;1013;406;607
863;18;2033;456.0;423.0;31.0;2.0;1.0;35;24;11;1845;822;1023;830;415;415;1015;407;608
864;18;2034;458.0;425.0;31.0;2.0;1.0;35;24;11;1841;820;1021;824;413;412;1017;407;609
865;18;2035;461.0;427.0;31.0;2.0;1.0;35;24;11;1838;819;1019;820;411;409;1018;408;610
866;18;2036;463.0;430.0;31.0;2.0;1.0;34;24;11;1835;817;1018;817;410;407;1018;407;611
867;18;2037;466.0;432.0;31.0;2.0;1.0;34;24;11;1832;816;1016;813;408;404;1019;408;612
868;18;2038;469.0;434.0;31.0;3.0;1.0;34;23;11;1830;816;1014;810;407;402;1020;409;612
869;18;2039;472.0;437.0;32.0;3.0;1.0;34;23;11;1828;815;1013;806;406;400;1022;409;613
870;18;2040;474.0;439.0;32.0;3.0;1.0;34;23;11;1824;813;1011;803;405;398;1021;408;613
871;18;2041;476.0;441.0;32.0;3.0;1.0;33;23;10;1823;812;1011;800;404;396;1023;408;615
872;18;2042;478.0;442.0;32.0;3.0;1.0;33;23;10;1820;811;1009;796;402;393;1024;409;616
873;18;2043;479.0;443.0;32.0;3.0;1.0;33;22;10;1820;811;1009;792;400;392;1028;411;617
874;18;2044;480.0;444.0;32.0;3.0;1.0;32;22;10;1818;810;1008;789;399;390;1029;411;618
875;18;2045;481.0;445.0;32.0;3.0;1.0;32;22;10;1815;809;1006;786;398;388;1029;411;618
876;18;2046;482.0;446.0;32.0;3.0;1.0;32;22;10;1814;809;1005;782;396;387;1032;413;618
877;18;2047;482.0;446.0;32.0;3.0;1.0;31;21;10;1813;809;1004;779;394;385;1034;415;619
878;18;2048;482.0;446.0;32.0;3.0;1.0;31;21;10;1812;808;1004;776;393;384;1036;415;620
879;18;2049;481.0;445.0;32.0;3.0;1.0;31;21;10;1810;807;1003;774;391;383;1036;416;620
880;19;2006;1164.0;1034.0;119.0;11.0;0.0;59;40;18;2095;859;1236;1778;919;859;317;-60;377
881;19;2007;1121.0;995.0;116.0;10.0;0.0;58;40;18;2226;918;1308;1725;881;844;501;37;464
882;19;2008;1095.0;973.0;114.0;9.0;0.0;59;40;18;2362;983;1379;1702;858;844;660;125;535
883;19;2009;1091.0;968.0;115.0;8.0;0.0;61;42;19;2485;1042;1443;1701;862;839;784;180;604
884;19;2010;1003.0;888.0;108.0;7.0;0.0;60;42;19;2576;1089;1487;1646;823;822;930;266;665
885;19;2011;984.0;871.0;106.0;7.0;0.0;59;41;18;2623;1114;1509;1600;803;796;1023;311;713
886;19;2012;973.0;861.0;105.0;7.0;0.0;59;41;18;2648;1126;1522;1537;767;770;1111;359;752
887;19;2013;974.0;860.0;106.0;8.0;0.0;58;41;18;2654;1128;1526;1499;749;751;1155;379;775
888;19;2014;947.0;836.0;104.0;8.0;0.0;57;40;17;2646;1124;1522;1435;715;720;1211;409;802
889;19;2015;939.0;829.0;103.0;8.0;0.0;56;39;17;2642;1122;1520;1419;712;707;1223;410;813
890;19;2016;956.0;843.0;105.0;8.0;0.0;56;39;17;2636;1119;1517;1398;697;701;1238;422;816
891;19;2017;982.0;865.0;108.0;9.0;0.0;57;40;17;2630;1116;1514;1392;699;692;1238;417;822
892;19;2018;988.0;870.0;108.0;9.0;0.0;57;40;17;2625;1115;1510;1373;689;684;1252;426;826
893;19;2019;1016.0;895.0;112.0;9.0;0.0;58;40;17;2619;1112;1507;1376;690;686;1243;422;821
894;19;2020;1000.0;880.0;110.0;9.0;0.0;56;39;17;2613;1109;1504;1344;674;669;1269;435;835
895;19;2021;990.0;872.0;109.0;9.0;0.0;55;39;16;2609;1108;1501;1328;668;660;1281;440;841
896;19;2022;984.0;867.0;109.0;9.0;0.0;54;38;16;2602;1105;1497;1318;663;655;1284;442;842
897;19;2023;956.0;842.0;105.0;9.0;0.0;51;36;15;2598;1104;1494;1287;644;644;1311;460;850
898;19;2024;927.0;817.0;102.0;8.0;0.0;49;34;14;2593;1101;1492;1250;626;623;1343;475;869
899;19;2025;921.0;811.0;102.0;8.0;0.0;48;34;14;2587;1099;1488;1228;615;612;1360;484;876
900;19;2026;915.0;805.0;101.0;9.0;0.0;46;33;14;2584;1098;1486;1209;607;602;1375;491;884
901;19;2027;909.0;800.0;100.0;9.0;0.0;45;32;13;2579;1096;1483;1192;599;593;1387;497;890
902;19;2028;907.0;799.0;99.0;9.0;0.0;44;31;13;2574;1093;1481;1176;592;584;1398;501;897
903;19;2029;906.0;797.0;100.0;9.0;0.0;44;31;13;2569;1092;1477;1161;586;576;1408;506;901
904;19;2030;906.0;798.0;99.0;9.0;0.0;43;30;13;2566;1090;1476;1147;579;567;1419;511;909
905;19;2031;906.0;798.0;99.0;9.0;0.0;42;30;12;2561;1088;1473;1133;574;560;1428;514;913
906;19;2032;910.0;801.0;100.0;9.0;0.0;42;29;12;2558;1087;1471;1122;569;554;1436;518;917
907;19;2033;915.0;806.0;100.0;9.0;0.0;41;29;12;2554;1085;1469;1113;565;547;1441;520;922
908;19;2034;920.0;811.0;100.0;9.0;0.0;41;29;12;2551;1084;1467;1103;561;542;1448;523;925
909;19;2035;927.0;817.0;101.0;9.0;0.0;40;28;12;2547;1082;1465;1096;559;537;1451;523;928
910;19;2036;936.0;825.0;102.0;9.0;0.0;40;28;12;2544;1081;1463;1088;556;532;1456;525;931
911;19;2037;945.0;833.0;103.0;9.0;0.0;40;28;12;2542;1080;1462;1082;554;528;1460;526;934
912;19;2038;954.0;842.0;104.0;9.0;0.0;40;28;12;2539;1079;1460;1076;551;524;1463;528;936
913;19;2039;965.0;850.0;105.0;9.0;0.0;39;28;12;2536;1077;1459;1070;550;521;1466;527;938
914;19;2040;970.0;855.0;106.0;9.0;0.0;39;28;12;2533;1077;1456;1065;548;517;1468;529;939
915;19;2041;975.0;859.0;106.0;9.0;0.0;39;27;12;2529;1074;1455;1059;546;513;1470;528;942
916;19;2042;979.0;863.0;107.0;9.0;0.0;39;27;12;2528;1073;1455;1053;544;509;1475;529;946
917;19;2043;982.0;866.0;107.0;9.0;0.0;38;27;11;2526;1073;1453;1047;541;506;1479;532;947
918;19;2044;985.0;869.0;107.0;9.0;0.0;38;27;11;2524;1072;1452;1041;539;502;1483;533;950
919;19;2045;987.0;870.0;108.0;9.0;0.0;38;26;11;2521;1071;1450;1036;537;499;1485;534;951
920;19;2046;989.0;872.0;108.0;9.0;0.0;37;26;11;2521;1071;1450;1030;534;496;1491;537;954
921;19;2047;990.0;873.0;108.0;9.0;0.0;37;26;11;2518;1070;1448;1025;532;493;1493;538;955
922;19;2048;991.0;873.0;108.0;9.0;0.0;37;26;11;2517;1069;1448;1020;530;490;1497;539;958
923;19;2049;990.0;873.0;108.0;9.0;0.0;36;25;11;2516;1069;1447;1015;528;487;1501;541;960
924;20;2006;1872.0;1602.0;248.0;19.0;3.0;64;42;22;2763;1076;1687;2293;1174;1119;470;-98;568
925;20;2007;1844.0;1583.0;241.0;18.0;3.0;64;43;21;2933;1149;1784;2165;1082;1083;768;67;701
926;20;2008;1829.0;1573.0;236.0;18.0;3.0;64;42;21;3103;1227;1876;2117;1048;1068;986;179;808
927;20;2009;1843.0;1586.0;233.0;20.0;4.0;64;43;21;3250;1299;1951;2096;1029;1068;1154;270;883
928;20;2010;1862.0;1612.0;226.0;20.0;4.0;67;45;22;3352;1350;2002;2099;1036;1064;1253;314;938
929;20;2011;1869.0;1617.0;227.0;20.0;4.0;67;45;22;3414;1382;2032;2041;997;1045;1373;385;987
930;20;2012;1844.0;1595.0;225.0;20.0;4.0;66;44;21;3444;1397;2047;1986;973;1013;1458;424;1034
931;20;2013;1834.0;1584.0;225.0;21.0;4.0;65;44;21;3450;1398;2052;1915;934;981;1536;464;1071
932;20;2014;1839.0;1588.0;227.0;21.0;4.0;65;44;21;3445;1396;2049;1872;914;958;1573;482;1091
933;20;2015;1792.0;1546.0;222.0;20.0;4.0;63;43;20;3441;1394;2047;1801;878;922;1640;516;1125
934;20;2016;1779.0;1534.0;221.0;20.0;4.0;63;43;20;3436;1392;2044;1783;875;908;1653;517;1136
935;20;2017;1809.0;1558.0;226.0;20.0;4.0;62;43;20;3428;1389;2039;1761;860;901;1667;529;1138
936;20;2018;1858.0;1599.0;233.0;22.0;4.0;64;44;20;3423;1387;2036;1755;863;892;1668;524;1144
937;20;2019;1868.0;1607.0;235.0;22.0;4.0;64;44;20;3418;1385;2033;1734;852;881;1684;533;1152
938;20;2020;1918.0;1648.0;243.0;23.0;4.0;64;44;20;3413;1383;2030;1738;855;883;1675;528;1147
939;20;2021;1883.0;1618.0;240.0;22.0;4.0;63;43;20;3405;1380;2025;1699;837;862;1706;543;1163
940;20;2022;1862.0;1598.0;238.0;22.0;4.0;61;42;19;3401;1379;2022;1678;829;848;1723;550;1174
941;20;2023;1848.0;1584.0;238.0;23.0;4.0;60;41;19;3394;1375;2019;1664;823;841;1730;552;1178
942;20;2024;1790.0;1534.0;231.0;22.0;3.0;57;39;18;3389;1373;2016;1624;800;825;1765;573;1191
943;20;2025;1733.0;1484.0;225.0;21.0;3.0;54;37;17;3383;1371;2012;1578;779;800;1805;592;1212
944;20;2026;1718.0;1469.0;224.0;21.0;3.0;53;37;17;3379;1370;2009;1551;766;784;1829;604;1225
945;20;2027;1699.0;1452.0;223.0;21.0;3.0;52;36;16;3374;1367;2007;1528;757;771;1846;610;1236
946;20;2028;1686.0;1441.0;222.0;21.0;3.0;51;35;16;3369;1366;2003;1506;748;759;1863;618;1244
947;20;2029;1678.0;1432.0;223.0;21.0;3.0;50;34;16;3364;1364;2000;1487;740;747;1877;624;1253
948;20;2030;1671.0;1425.0;223.0;21.0;3.0;49;34;15;3361;1363;1998;1469;732;736;1892;631;1262
949;20;2031;1666.0;1418.0;223.0;21.0;3.0;48;33;15;3356;1361;1995;1451;725;726;1905;636;1270
950;20;2032;1662.0;1414.0;224.0;21.0;3.0;47;32;15;3352;1359;1993;1434;719;716;1918;640;1278
951;20;2033;1663.0;1414.0;225.0;21.0;3.0;47;32;15;3348;1357;1991;1421;714;707;1927;643;1284
952;20;2034;1666.0;1416.0;227.0;21.0;3.0;46;32;14;3345;1356;1989;1407;709;698;1938;647;1291
953;20;2035;1672.0;1419.0;229.0;21.0;3.0;46;32;14;3340;1354;1986;1397;706;691;1943;648;1295
954;20;2036;1680.0;1425.0;231.0;22.0;3.0;46;31;14;3338;1353;1985;1387;703;684;1951;650;1301
955;20;2037;1689.0;1431.0;233.0;22.0;3.0;45;31;14;3334;1352;1982;1378;700;678;1956;652;1304
956;20;2038;1700.0;1440.0;236.0;22.0;3.0;45;31;14;3331;1351;1980;1370;699;672;1961;652;1308
957;20;2039;1713.0;1448.0;239.0;23.0;3.0;45;31;14;3329;1350;1979;1363;697;666;1966;653;1313
958;20;2040;1723.0;1456.0;241.0;23.0;3.0;45;31;14;3327;1349;1978;1356;695;661;1971;654;1317
959;20;2041;1732.0;1464.0;243.0;23.0;3.0;44;30;14;3324;1348;1976;1351;694;656;1973;654;1320
960;20;2042;1741.0;1471.0;244.0;23.0;3.0;44;30;14;3321;1347;1974;1343;692;651;1978;655;1323
961;20;2043;1748.0;1477.0;245.0;23.0;3.0;44;30;14;3320;1347;1973;1335;690;646;1985;657;1327
962;20;2044;1754.0;1482.0;246.0;23.0;3.0;44;30;14;3317;1344;1973;1329;688;641;1988;656;1332
963;20;2045;1759.0;1487.0;247.0;23.0;3.0;43;30;14;3314;1344;1970;1323;687;637;1991;657;1333
964;20;2046;1763.0;1490.0;247.0;23.0;3.0;43;29;14;3312;1343;1969;1317;685;632;1995;658;1337
965;20;2047;1766.0;1493.0;248.0;24.0;3.0;43;29;13;3312;1343;1969;1310;683;628;2002;660;1341
966;20;2048;1768.0;1494.0;248.0;24.0;3.0;42;29;13;3311;1342;1969;1305;680;624;2006;662;1345
967;20;2049;1769.0;1495.0;248.0;24.0;3.0;42;28;13;3309;1343;1966;1300;679;621;2009;664;1345
968;21;2006;2541.0;2074.0;420.0;43.0;4.0;66;43;23;3409;1350;2059;2785;1385;1401;624;-35;658
969;21;2007;2596.0;2121.0;427.0;44.0;5.0;68;44;24;3611;1440;2171;2659;1294;1365;952;146;806
970;21;2008;2587.0;2116.0;422.0;44.0;5.0;68;44;23;3801;1530;2271;2555;1221;1334;1246;309;937
971;21;2009;2587.0;2121.0;419.0;43.0;4.0;67;44;23;3971;1615;2356;2516;1192;1325;1455;423;1032
972;21;2010;2610.0;2146.0;417.0;43.0;4.0;68;45;24;4089;1676;2413;2502;1176;1327;1587;500;1086
973;21;2011;2705.0;2224.0;433.0;44.0;4.0;71;47;24;4161;1715;2446;2509;1186;1324;1652;529;1122
974;21;2012;2718.0;2234.0;435.0;45.0;4.0;71;47;24;4195;1732;2463;2451;1147;1303;1744;585;1160
975;21;2013;2684.0;2204.0;430.0;46.0;4.0;70;46;23;4206;1736;2470;2391;1121;1269;1815;615;1201
976;21;2014;2672.0;2194.0;428.0;45.0;4.0;69;46;23;4200;1732;2468;2314;1081;1233;1886;651;1235
977;21;2015;2680.0;2200.0;430.0;46.0;4.0;69;46;23;4194;1729;2465;2273;1064;1209;1921;665;1256
978;21;2016;2617.0;2147.0;420.0;46.0;4.0;67;44;22;4189;1728;2461;2198;1027;1171;1991;701;1290
979;21;2017;2596.0;2129.0;418.0;46.0;4.0;66;44;22;4182;1725;2457;2178;1023;1155;2004;702;1302
980;21;2018;2642.0;2165.0;426.0;47.0;4.0;66;44;22;4177;1723;2454;2153;1007;1145;2024;716;1309
981;21;2019;2714.0;2224.0;437.0;49.0;4.0;67;45;22;4171;1721;2450;2145;1012;1134;2026;709;1316
982;21;2020;2728.0;2234.0;440.0;50.0;4.0;67;45;22;4165;1718;2447;2122;1001;1120;2043;717;1327
983;21;2021;2801.0;2292.0;453.0;51.0;4.0;67;45;22;4159;1716;2443;2124;1003;1121;2035;713;1322
984;21;2022;2752.0;2252.0;446.0;50.0;4.0;66;44;22;4153;1713;2440;2078;983;1095;2075;730;1345
985;21;2023;2722.0;2225.0;442.0;51.0;4.0;64;43;21;4149;1712;2437;2054;975;1078;2095;737;1359
986;21;2024;2702.0;2208.0;439.0;50.0;4.0;63;42;21;4143;1710;2433;2036;967;1068;2107;743;1365
987;21;2025;2623.0;2141.0;428.0;50.0;4.0;60;40;20;4136;1707;2429;1989;942;1047;2147;765;1382
988;21;2026;2542.0;2075.0;415.0;48.0;4.0;57;39;19;4132;1706;2426;1936;919;1017;2196;787;1409
989;21;2027;2520.0;2055.0;414.0;48.0;4.0;56;38;18;4125;1702;2423;1903;904;998;2222;798;1425
990;21;2028;2495.0;2033.0;410.0;48.0;4.0;55;37;18;4121;1701;2420;1874;893;982;2247;808;1438
991;21;2029;2478.0;2019.0;408.0;48.0;4.0;53;36;18;4117;1699;2418;1849;883;965;2269;816;1453
992;21;2030;2468.0;2008.0;408.0;48.0;4.0;52;35;17;4112;1697;2415;1824;874;951;2288;823;1464
993;21;2031;2458.0;1999.0;407.0;48.0;4.0;51;35;17;4108;1696;2412;1802;866;936;2306;830;1476
994;21;2032;2449.0;1992.0;406.0;48.0;4.0;51;34;17;4105;1695;2410;1780;858;922;2325;837;1488
995;21;2033;2447.0;1989.0;407.0;48.0;4.0;50;33;16;4100;1693;2407;1758;850;909;2342;843;1498
996;21;2034;2449.0;1988.0;408.0;49.0;4.0;49;33;16;4095;1691;2404;1741;844;896;2354;847;1508
997;21;2035;2455.0;1992.0;410.0;49.0;4.0;49;33;16;4092;1689;2403;1725;839;886;2367;850;1517
998;21;2036;2464.0;1999.0;413.0;49.0;4.0;48;33;16;4089;1688;2401;1710;835;875;2379;853;1526
999;21;2037;2478.0;2009.0;415.0;50.0;4.0;48;32;16;4085;1687;2398;1698;832;866;2388;855;1532
1000;21;2038;2492.0;2019.0;419.0;50.0;4.0;48;32;16;4083;1686;2397;1686;829;857;2397;857;1540
1001;21;2039;2508.0;2031.0;423.0;51.0;4.0;48;32;16;4080;1685;2395;1675;827;849;2405;858;1546
1002;21;2040;2526.0;2044.0;427.0;51.0;4.0;47;32;16;4078;1684;2394;1665;824;841;2413;860;1553
1003;21;2041;2542.0;2056.0;431.0;52.0;4.0;47;32;16;4075;1683;2392;1657;823;834;2418;860;1558
1004;21;2042;2556.0;2067.0;433.0;52.0;4.0;47;31;15;4073;1682;2391;1648;822;826;2425;860;1565
1005;21;2043;2569.0;2077.0;435.0;53.0;4.0;47;31;15;4069;1680;2389;1638;819;819;2431;861;1570
1006;21;2044;2579.0;2086.0;437.0;53.0;4.0;46;31;15;4069;1680;2389;1629;817;812;2440;863;1577
1007;21;2045;2589.0;2093.0;439.0;53.0;4.0;46;31;15;4067;1680;2387;1621;815;806;2446;865;1581
1008;21;2046;2596.0;2099.0;440.0;53.0;4.0;46;31;15;4064;1679;2385;1614;814;800;2450;865;1585
1009;21;2047;2602.0;2104.0;441.0;53.0;4.0;45;30;15;4064;1679;2385;1605;811;794;2459;868;1591
1010;21;2048;2607.0;2108.0;442.0;54.0;4.0;45;30;15;4061;1677;2384;1598;810;788;2463;867;1596
1011;21;2049;2609.0;2110.0;442.0;54.0;4.0;45;30;15;4060;1677;2383;1592;808;784;2468;869;1599
1012;22;2006;3256.0;2460.0;693.0;96.0;7.0;66;43;23;3951;1646;2305;3287;1617;1670;664;29;635
1013;22;2007;3300.0;2496.0;700.0;96.0;7.0;66;43;23;4172;1747;2425;3220;1545;1675;952;202;750
1014;22;2008;3374.0;2555.0;712.0;99.0;8.0;67;44;23;4386;1852;2534;3124;1476;1647;1262;376;887
1015;22;2009;3358.0;2548.0;705.0;96.0;9.0;68;45;23;4563;1944;2619;3039;1417;1622;1524;527;997
1016;22;2010;3326.0;2531.0;691.0;95.0;10.0;67;44;23;4688;2013;2675;3006;1392;1614;1682;621;1061
1017;22;2011;3383.0;2575.0;700.0;98.0;10.0;68;45;23;4766;2059;2707;2996;1379;1617;1770;680;1090
1018;22;2012;3506.0;2670.0;723.0;102.0;10.0;71;47;24;4804;2079;2725;3007;1391;1616;1798;688;1109
1019;22;2013;3521.0;2681.0;725.0;104.0;10.0;71;47;24;4818;2085;2733;2946;1352;1594;1872;733;1139
1020;22;2014;3479.0;2651.0;714.0;103.0;10.0;70;46;23;4812;2081;2731;2882;1323;1559;1930;758;1172
1021;22;2015;3465.0;2641.0;710.0;104.0;10.0;69;46;23;4808;2080;2728;2803;1284;1520;2005;796;1208
1022;22;2016;3475.0;2650.0;710.0;105.0;10.0;69;46;23;4800;2075;2725;2761;1266;1495;2039;809;1230
1023;22;2017;3392.0;2586.0;692.0;103.0;10.0;66;44;22;4793;2072;2721;2680;1227;1453;2113;845;1268
1024;22;2018;3370.0;2570.0;687.0;103.0;10.0;66;44;21;4788;2070;2718;2657;1222;1435;2131;848;1283
1025;22;2019;3425.0;2614.0;696.0;105.0;10.0;65;44;22;4781;2067;2714;2625;1204;1421;2156;863;1293
1026;22;2020;3518.0;2684.0;714.0;109.0;11.0;67;45;22;4776;2065;2711;2616;1209;1406;2160;856;1305
1027;22;2021;3537.0;2698.0;717.0;110.0;11.0;66;45;22;4769;2062;2707;2587;1197;1390;2182;865;1317
1028;22;2022;3628.0;2768.0;735.0;113.0;12.0;67;45;22;4762;2059;2703;2585;1198;1387;2177;861;1316
1029;22;2023;3566.0;2720.0;722.0;112.0;11.0;65;44;21;4757;2057;2700;2533;1175;1358;2224;882;1342
1030;22;2024;3527.0;2691.0;713.0;112.0;11.0;64;43;21;4752;2055;2697;2502;1164;1338;2250;891;1359
1031;22;2025;3501.0;2672.0;707.0;111.0;11.0;62;42;20;4745;2052;2693;2479;1155;1324;2266;897;1369
1032;22;2026;3400.0;2594.0;686.0;109.0;11.0;59;40;19;4739;2049;2690;2425;1126;1299;2314;923;1391
1033;22;2027;3297.0;2516.0;665.0;105.0;11.0;57;38;19;4735;2047;2688;2364;1099;1265;2371;948;1423
1034;22;2028;3269.0;2495.0;659.0;105.0;10.0;55;37;18;4729;2045;2684;2324;1082;1242;2405;963;1442
1035;22;2029;3237.0;2471.0;652.0;104.0;10.0;54;37;18;4725;2043;2682;2290;1068;1221;2435;975;1461
1036;22;2030;3215.0;2455.0;647.0;103.0;10.0;53;36;17;4720;2041;2679;2257;1056;1201;2463;985;1478
1037;22;2031;3201.0;2443.0;644.0;104.0;10.0;52;35;17;4715;2039;2676;2228;1045;1183;2487;994;1493
1038;22;2032;3190.0;2435.0;641.0;103.0;10.0;51;35;17;4711;2037;2674;2200;1035;1165;2511;1002;1509
1039;22;2033;3180.0;2427.0;639.0;104.0;10.0;50;34;16;4708;2036;2672;2172;1025;1147;2536;1011;1525
1040;22;2034;3176.0;2424.0;638.0;104.0;10.0;50;34;16;4703;2034;2669;2147;1016;1131;2556;1018;1538
1041;22;2035;3177.0;2425.0;638.0;104.0;10.0;49;33;16;4699;2032;2667;2124;1008;1116;2575;1024;1551
1042;22;2036;3186.0;2432.0;639.0;105.0;10.0;49;33;16;4695;2030;2665;2103;1002;1101;2592;1028;1564
1043;22;2037;3199.0;2442.0;641.0;105.0;10.0;48;33;16;4691;2028;2663;2084;996;1088;2607;1032;1575
1044;22;2038;3214.0;2454.0;644.0;106.0;10.0;48;32;16;4689;2027;2662;2068;992;1076;2621;1035;1586
1045;22;2039;3232.0;2468.0;647.0;106.0;10.0;48;32;16;4686;2026;2660;2052;988;1065;2634;1038;1595
1046;22;2040;3254.0;2484.0;651.0;108.0;10.0;48;32;16;4683;2026;2657;2039;985;1054;2644;1041;1603
1047;22;2041;3275.0;2501.0;655.0;108.0;10.0;47;32;15;4681;2024;2657;2025;982;1044;2656;1042;1613
1048;22;2042;3296.0;2517.0;659.0;109.0;10.0;47;32;15;4676;2022;2654;2013;979;1034;2663;1043;1620
1049;22;2043;3314.0;2531.0;663.0;110.0;10.0;47;32;15;4675;2022;2653;2002;977;1025;2674;1045;1628
1050;22;2044;3330.0;2543.0;666.0;110.0;11.0;47;31;15;4673;2021;2652;1990;974;1016;2683;1047;1636
1051;22;2045;3344.0;2554.0;669.0;111.0;11.0;46;31;15;4671;2021;2650;1979;971;1007;2692;1050;1643
1052;22;2046;3356.0;2563.0;671.0;111.0;11.0;46;31;15;4668;2018;2650;1967;969;999;2701;1049;1651
1053;22;2047;3366.0;2570.0;673.0;111.0;11.0;46;31;15;4667;2018;2649;1956;966;991;2711;1052;1658
1054;22;2048;3373.0;2576.0;675.0;112.0;11.0;46;31;15;4666;2018;2648;1946;962;984;2720;1056;1664
1055;22;2049;3379.0;2581.0;676.0;112.0;11.0;45;30;15;4666;2018;2648;1938;960;978;2728;1058;1670
1056;23;2006;3934.0;2791.0;976.0;153.0;13.0;65;42;23;4232;1856;2376;3551;1762;1789;681;94;587
1057;23;2007;4014.0;2847.0;997.0;156.0;14.0;67;43;23;4472;1972;2500;3600;1765;1835;872;207;665
1058;23;2008;4086.0;2899.0;1015.0;158.0;14.0;67;44;23;4687;2083;2604;3551;1704;1846;1136;379;758
1059;23;2009;4192.0;2975.0;1040.0;161.0;15.0;69;45;24;4867;2183;2684;3474;1646;1828;1393;537;856
1060;23;2010;4159.0;2955.0;1031.0;159.0;15.0;69;46;24;4998;2259;2739;3397;1594;1803;1601;665;936
1061;23;2011;4174.0;2966.0;1029.0;162.0;16.0;69;45;23;5081;2309;2772;3365;1570;1795;1716;739;977
1062;23;2012;4243.0;3018.0;1041.0;167.0;16.0;70;46;24;5121;2333;2788;3353;1557;1796;1768;776;992
1063;23;2013;4394.0;3126.0;1075.0;176.0;17.0;72;48;24;5132;2338;2794;3367;1570;1797;1765;768;997
1064;23;2014;4417.0;3145.0;1077.0;178.0;18.0;72;48;24;5126;2334;2792;3308;1532;1776;1818;802;1016
1065;23;2015;4365.0;3110.0;1060.0;178.0;18.0;71;47;24;5119;2329;2790;3243;1501;1741;1876;828;1049
1066;23;2016;4348.0;3100.0;1052.0;179.0;17.0;70;47;23;5114;2326;2788;3167;1461;1705;1947;865;1083
1067;23;2017;4360.0;3109.0;1051.0;181.0;19.0;70;47;23;5107;2323;2784;3126;1443;1683;1981;880;1101
1068;23;2018;4261.0;3040.0;1024.0;179.0;18.0;68;45;22;5101;2320;2781;3039;1401;1638;2062;919;1143
1069;23;2019;4233.0;3022.0;1014.0;180.0;18.0;67;45;22;5094;2317;2777;3012;1393;1619;2082;924;1158
1070;23;2020;4302.0;3073.0;1027.0;183.0;19.0;66;44;22;5088;2314;2774;2979;1373;1605;2109;941;1169
1071;23;2021;4415.0;3154.0;1051.0;190.0;20.0;68;45;22;5081;2311;2770;2969;1378;1591;2112;933;1179
1072;23;2022;4435.0;3170.0;1053.0;192.0;20.0;67;45;22;5074;2309;2765;2936;1363;1573;2138;946;1192
1073;23;2023;4547.0;3251.0;1077.0;199.0;20.0;68;46;22;5066;2305;2761;2934;1364;1570;2132;941;1191
1074;23;2024;4473.0;3198.0;1057.0;196.0;21.0;66;44;22;5061;2303;2758;2878;1339;1539;2183;964;1219
1075;23;2025;4426.0;3166.0;1044.0;196.0;21.0;64;43;21;5055;2299;2756;2842;1326;1517;2213;973;1239
1076;23;2026;4393.0;3143.0;1033.0;196.0;21.0;63;43;21;5050;2297;2753;2814;1312;1501;2236;985;1252
1077;23;2027;4267.0;3055.0;1001.0;191.0;20.0;60;41;20;5043;2294;2749;2753;1280;1473;2290;1014;1276
1078;23;2028;4141.0;2965.0;970.0;186.0;19.0;58;39;19;5039;2292;2747;2685;1249;1436;2354;1043;1311
1079;23;2029;4108.0;2942.0;960.0;186.0;20.0;56;38;18;5031;2289;2742;2642;1230;1412;2389;1059;1330
1080;23;2030;4068.0;2915.0;948.0;185.0;20.0;55;37;18;5028;2288;2740;2604;1214;1390;2424;1074;1350
1081;23;2031;4041.0;2896.0;941.0;184.0;20.0;54;36;18;5023;2285;2738;2567;1199;1368;2456;1086;1370
1082;23;2032;4024.0;2885.0;935.0;184.0;20.0;53;36;17;5019;2283;2736;2534;1186;1348;2485;1097;1388
1083;23;2033;4009.0;2876.0;929.0;185.0;20.0;52;35;17;5014;2281;2733;2503;1174;1329;2511;1107;1404
1084;23;2034;3998.0;2868.0;925.0;185.0;21.0;51;35;17;5009;2278;2731;2472;1162;1310;2537;1116;1421
1085;23;2035;3994.0;2866.0;921.0;186.0;21.0;51;34;17;5005;2277;2728;2443;1151;1292;2562;1126;1436
1086;23;2036;3995.0;2868.0;920.0;187.0;21.0;50;34;16;5001;2275;2726;2417;1142;1275;2584;1133;1451
1087;23;2037;4005.0;2876.0;921.0;188.0;21.0;50;34;16;4998;2274;2724;2394;1134;1260;2604;1140;1464
1088;23;2038;4019.0;2888.0;922.0;189.0;21.0;49;33;16;4995;2272;2723;2373;1127;1246;2622;1145;1477
1089;23;2039;4038.0;2903.0;924.0;190.0;21.0;49;33;16;4991;2270;2721;2354;1121;1234;2637;1149;1487
1090;23;2040;4063.0;2920.0;928.0;192.0;22.0;49;33;16;4988;2269;2719;2338;1116;1222;2650;1153;1497
1091;23;2041;4088.0;2940.0;932.0;194.0;22.0;49;33;16;4985;2268;2717;2322;1112;1210;2663;1156;1507
1092;23;2042;4114.0;2960.0;937.0;196.0;22.0;49;33;16;4982;2266;2716;2308;1108;1200;2674;1158;1516
1093;23;2043;4140.0;2980.0;940.0;198.0;22.0;48;32;16;4980;2265;2715;2294;1104;1190;2686;1161;1525
1094;23;2044;4162.0;2996.0;945.0;199.0;22.0;48;32;16;4978;2264;2714;2282;1101;1180;2696;1163;1534
1095;23;2045;4182.0;3010.0;950.0;200.0;22.0;48;32;16;4976;2264;2712;2268;1097;1172;2708;1167;1540
1096;23;2046;4200.0;3023.0;954.0;201.0;22.0;48;32;16;4974;2263;2711;2257;1093;1163;2717;1170;1548
1097;23;2047;4215.0;3034.0;957.0;201.0;23.0;47;32;16;4971;2261;2710;2245;1090;1155;2726;1171;1555
1098;23;2048;4227.0;3043.0;960.0;202.0;23.0;47;31;15;4970;2261;2709;2234;1086;1149;2736;1175;1560
1099;23;2049;4237.0;3050.0;962.0;202.0;23.0;47;31;15;4969;2260;2709;2225;1083;1142;2744;1177;1567
1100;24;2006;5125.0;3469.0;1363.0;252.0;40.0;66;43;23;4216;1931;2285;3808;1955;1853;408;-24;432
1101;24;2007;5088.0;3449.0;1343.0;255.0;41.0;65;42;23;4442;2042;2400;3791;1936;1855;651;106;545
1102;24;2008;5213.0;3538.0;1362.0;268.0;44.0;67;44;23;4652;2155;2497;3846;1946;1900;806;209;597
1103;24;2009;5326.0;3623.0;1378.0;279.0;46.0;68;44;24;4826;2254;2572;3801;1891;1909;1025;363;663
1104;24;2010;5463.0;3728.0;1387.0;300.0;48.0;69;45;24;4953;2329;2624;3733;1841;1892;1220;488;732
1105;24;2011;5463.0;3728.0;1382.0;304.0;50.0;70;46;24;5032;2379;2653;3657;1793;1865;1375;586;788
1106;24;2012;5478.0;3738.0;1381.0;307.0;51.0;69;46;24;5076;2405;2671;3623;1768;1855;1453;637;816
1107;24;2013;5559.0;3794.0;1399.0;315.0;52.0;70;46;24;5087;2409;2678;3609;1755;1854;1478;654;824
1108;24;2014;5753.0;3926.0;1444.0;328.0;55.0;73;48;25;5080;2405;2675;3624;1769;1856;1456;636;819
1109;24;2015;5776.0;3943.0;1446.0;332.0;55.0;73;48;24;5073;2401;2672;3567;1730;1838;1506;671;834
1110;24;2016;5707.0;3896.0;1426.0;330.0;55.0;71;48;24;5067;2398;2669;3507;1701;1806;1560;697;863
1111;24;2017;5677.0;3875.0;1416.0;330.0;55.0;70;47;23;5060;2394;2666;3434;1660;1774;1626;734;892
1112;24;2018;5690.0;3884.0;1417.0;333.0;56.0;70;47;23;5054;2391;2663;3392;1639;1753;1662;752;910
1113;24;2019;5557.0;3794.0;1381.0;327.0;55.0;68;45;23;5047;2388;2659;3304;1594;1710;1743;794;949
1114;24;2020;5515.0;3765.0;1368.0;326.0;55.0;67;45;22;5040;2385;2655;3274;1585;1689;1766;800;966
1115;24;2021;5599.0;3822.0;1387.0;333.0;56.0;66;44;22;5034;2382;2652;3238;1561;1676;1796;821;976
1116;24;2022;5737.0;3916.0;1421.0;342.0;59.0;68;45;22;5026;2377;2649;3229;1566;1664;1797;811;985
1117;24;2023;5757.0;3929.0;1424.0;345.0;59.0;67;45;22;5021;2375;2646;3197;1551;1646;1824;824;1000
1118;24;2024;5895.0;4023.0;1457.0;354.0;60.0;68;45;22;5014;2372;2642;3195;1550;1645;1819;822;997
1119;24;2025;5794.0;3953.0;1432.0;349.0;59.0;66;44;22;5009;2369;2640;3137;1523;1614;1872;846;1026
1120;24;2026;5728.0;3908.0;1414.0;346.0;60.0;64;43;21;5003;2367;2636;3098;1507;1591;1905;860;1045
1121;24;2027;5683.0;3876.0;1403.0;345.0;59.0;63;42;21;4996;2363;2633;3067;1492;1575;1929;871;1058
1122;24;2028;5515.0;3762.0;1360.0;335.0;58.0;60;40;20;4990;2360;2630;3001;1456;1545;1989;904;1085
1123;24;2029;5351.0;3649.0;1319.0;326.0;56.0;58;39;19;4986;2358;2628;2930;1423;1507;2056;935;1121
1124;24;2030;5304.0;3617.0;1307.0;323.0;57.0;56;38;19;4982;2356;2626;2885;1402;1483;2097;954;1143
1125;24;2031;5249.0;3579.0;1293.0;321.0;56.0;55;37;18;4976;2354;2622;2844;1384;1460;2132;970;1162
1126;24;2032;5210.0;3552.0;1283.0;319.0;56.0;54;36;18;4970;2350;2620;2806;1368;1438;2164;982;1182
1127;24;2033;5183.0;3534.0;1276.0;318.0;55.0;53;36;18;4967;2349;2618;2772;1353;1419;2195;996;1199
1128;24;2034;5160.0;3518.0;1270.0;317.0;55.0;52;35;17;4964;2347;2617;2738;1339;1399;2226;1008;1218
1129;24;2035;5142.0;3504.0;1265.0;317.0;56.0;52;35;17;4959;2345;2614;2706;1325;1380;2253;1020;1234
1130;24;2036;5129.0;3496.0;1261.0;316.0;56.0;51;34;17;4954;2343;2611;2677;1313;1363;2277;1030;1248
1131;24;2037;5127.0;3495.0;1261.0;316.0;56.0;50;34;17;4951;2341;2610;2651;1303;1347;2300;1038;1263
1132;24;2038;5135.0;3500.0;1262.0;317.0;56.0;50;34;17;4948;2339;2609;2626;1294;1333;2322;1045;1276
1133;24;2039;5149.0;3510.0;1265.0;318.0;56.0;50;33;16;4944;2338;2606;2605;1286;1319;2339;1052;1287
1134;24;2040;5169.0;3523.0;1270.0;319.0;56.0;49;33;16;4942;2337;2605;2587;1280;1307;2355;1057;1298
1135;24;2041;5191.0;3538.0;1275.0;321.0;57.0;49;33;16;4939;2335;2604;2570;1275;1295;2369;1060;1309
1136;24;2042;5218.0;3557.0;1281.0;323.0;57.0;49;33;16;4934;2333;2601;2555;1270;1285;2379;1063;1316
1137;24;2043;5245.0;3576.0;1288.0;324.0;57.0;49;33;16;4933;2332;2601;2542;1266;1277;2391;1066;1324
1138;24;2044;5273.0;3594.0;1295.0;326.0;59.0;49;33;16;4931;2331;2600;2528;1261;1268;2403;1070;1332
1139;24;2045;5302.0;3614.0;1302.0;328.0;59.0;48;32;16;4929;2330;2599;2518;1258;1260;2411;1072;1339
1140;24;2046;5328.0;3631.0;1308.0;329.0;59.0;48;32;16;4926;2328;2598;2506;1254;1252;2420;1074;1346
1141;24;2047;5350.0;3646.0;1314.0;331.0;60.0;48;32;16;4925;2328;2597;2494;1249;1245;2431;1079;1352
1142;24;2048;5370.0;3659.0;1318.0;332.0;60.0;48;32;16;4923;2327;2596;2485;1246;1239;2438;1081;1357
1143;24;2049;5385.0;3670.0;1322.0;333.0;60.0;47;32;16;4922;2327;2595;2476;1242;1234;2446;1085;1361
1144;25;2006;6543.0;4307.0;1772.0;388.0;76.0;68;45;23;4071;1912;2159;3916;2021;1896;155;-109;263
1145;25;2007;6356.0;4179.0;1721.0;379.0;77.0;66;44;22;4286;2020;2266;3947;2060;1887;339;-40;379
1146;25;2008;6340.0;4165.0;1712.0;382.0;80.0;65;43;22;4483;2128;2355;3939;2050;1889;544;78;466
1147;25;2009;6514.0;4279.0;1754.0;396.0;86.0;67;45;22;4649;2227;2422;3993;2066;1927;656;161;495
1148;25;2010;6676.0;4379.0;1789.0;415.0;93.0;68;45;22;4768;2303;2465;3955;2023;1932;813;280;533
1149;25;2011;6865.0;4503.0;1835.0;430.0;97.0;69;46;23;4848;2354;2494;3898;1983;1915;950;371;579
1150;25;2012;6873.0;4512.0;1832.0;432.0;96.0;70;47;23;4888;2378;2510;3827;1941;1886;1061;437;624
1151;25;2013;6894.0;4527.0;1835.0;436.0;96.0;69;47;23;4899;2382;2517;3792;1918;1873;1107;464;644
1152;25;2014;7009.0;4605.0;1861.0;446.0;98.0;70;47;23;4894;2379;2515;3779;1908;1871;1115;471;644
1153;25;2015;7258.0;4772.0;1923.0;464.0;100.0;73;49;23;4887;2373;2514;3799;1924;1875;1088;449;639
1154;25;2016;7295.0;4798.0;1928.0;469.0;100.0;72;49;23;4879;2370;2509;3748;1889;1859;1131;481;650
1155;25;2017;7213.0;4745.0;1903.0;466.0;99.0;71;48;23;4873;2367;2506;3691;1861;1830;1182;506;676
1156;25;2018;7186.0;4731.0;1892.0;466.0;97.0;70;47;22;4867;2364;2503;3617;1818;1799;1250;546;704
1157;25;2019;7212.0;4750.0;1895.0;470.0;98.0;69;47;22;4861;2361;2500;3576;1797;1778;1285;564;722
1158;25;2020;7051.0;4645.0;1849.0;462.0;95.0;67;46;21;4854;2357;2497;3486;1750;1735;1368;607;762
1159;25;2021;7005.0;4616.0;1833.0;461.0;95.0;66;45;21;4848;2354;2494;3454;1741;1713;1394;614;781
1160;25;2022;7115.0;4690.0;1859.0;471.0;95.0;66;45;21;4840;2350;2490;3417;1716;1701;1423;634;789
1161;25;2023;7293.0;4808.0;1903.0;485.0;97.0;67;46;21;4833;2347;2486;3409;1720;1689;1424;627;797
1162;25;2024;7329.0;4832.0;1910.0;490.0;98.0;67;46;21;4827;2343;2484;3378;1706;1672;1449;637;812
1163;25;2025;7508.0;4951.0;1954.0;504.0;99.0;67;46;21;4821;2340;2481;3374;1704;1670;1447;636;811
1164;25;2026;7388.0;4873.0;1920.0;498.0;97.0;65;45;21;4817;2338;2479;3316;1677;1638;1501;661;841
1165;25;2027;7314.0;4823.0;1898.0;496.0;96.0;64;44;20;4812;2336;2476;3274;1659;1615;1538;677;861
1166;25;2028;7261.0;4789.0;1882.0;494.0;96.0;63;43;20;4805;2332;2473;3241;1644;1598;1564;688;875
1167;25;2029;7057.0;4657.0;1826.0;483.0;92.0;60;41;19;4800;2329;2471;3171;1604;1567;1629;725;904
1168;25;2030;6856.0;4524.0;1772.0;471.0;89.0;57;39;18;4794;2326;2468;3100;1570;1530;1694;756;938
1169;25;2031;6802.0;4489.0;1756.0;469.0;89.0;56;38;18;4790;2324;2466;3054;1547;1506;1736;777;960
1170;25;2032;6739.0;4448.0;1737.0;466.0;87.0;55;38;17;4786;2322;2464;3011;1528;1483;1775;794;981
1171;25;2033;6697.0;4421.0;1724.0;465.0;86.0;54;37;17;4781;2320;2461;2973;1511;1462;1808;809;999
1172;25;2034;6669.0;4403.0;1715.0;465.0;86.0;53;36;17;4777;2317;2460;2938;1496;1442;1839;821;1018
1173;25;2035;6646.0;4388.0;1707.0;466.0;86.0;52;36;17;4773;2316;2457;2904;1481;1423;1869;835;1034
1174;25;2036;6627.0;4376.0;1700.0;466.0;84.0;52;35;16;4768;2312;2456;2871;1467;1404;1897;845;1052
1175;25;2037;6618.0;4372.0;1695.0;468.0;84.0;51;35;16;4766;2311;2455;2841;1454;1387;1925;857;1068
1176;25;2038;6622.0;4374.0;1694.0;470.0;84.0;50;34;16;4762;2309;2453;2815;1444;1371;1947;865;1082
1177;25;2039;6637.0;4385.0;1696.0;473.0;84.0;50;34;16;4758;2308;2450;2792;1434;1358;1966;874;1092
1178;25;2040;6660.0;4400.0;1700.0;476.0;84.0;50;34;16;4755;2305;2450;2772;1427;1345;1983;878;1105
1179;25;2041;6691.0;4422.0;1706.0;479.0;84.0;50;34;16;4753;2304;2449;2754;1420;1333;1999;884;1116
1180;25;2042;6726.0;4445.0;1713.0;484.0;85.0;49;34;16;4750;2302;2448;2737;1415;1323;2013;887;1125
1181;25;2043;6766.0;4473.0;1720.0;489.0;84.0;49;34;16;4747;2301;2446;2725;1411;1314;2022;890;1132
1182;25;2044;6807.0;4500.0;1729.0;494.0;85.0;49;33;15;4745;2300;2445;2711;1406;1305;2034;894;1140
1183;25;2045;6846.0;4527.0;1737.0;498.0;85.0;49;33;15;4742;2298;2444;2700;1403;1297;2042;895;1147
1184;25;2046;6884.0;4551.0;1746.0;500.0;86.0;48;33;15;4741;2298;2443;2690;1399;1290;2051;899;1153
1185;25;2047;6917.0;4573.0;1755.0;503.0;86.0;48;33;15;4739;2297;2442;2680;1395;1284;2059;902;1158
1186;25;2048;6946.0;4592.0;1762.0;505.0;86.0;48;33;15;4737;2295;2442;2671;1393;1278;2066;902;1164
1187;25;2049;6972.0;4609.0;1769.0;507.0;87.0;48;32;15;4737;2295;2442;2664;1389;1274;2073;906;1168
1188;26;2006;8204.0;5132.0;2396.0;568.0;108.0;70;47;23;3921;1865;2056;3969;2085;1884;-48;-220;172
1189;26;2007;8132.0;5074.0;2385.0;561.0;112.0;69;46;23;4127;1972;2155;3963;2076;1887;164;-104;268
1190;26;2008;7890.0;4913.0;2318.0;545.0;114.0;67;45;22;4313;2078;2235;3988;2110;1878;325;-32;357
1191;26;2009;7860.0;4882.0;2313.0;545.0;121.0;66;44;22;4469;2172;2297;3978;2102;1876;491;70;421
1192;26;2010;8027.0;4963.0;2372.0;559.0;133.0;68;46;22;4586;2247;2339;4025;2120;1906;561;127;433
1193;26;2011;8205.0;5078.0;2416.0;574.0;138.0;69;46;22;4660;2297;2363;3992;2085;1907;668;212;456
1194;26;2012;8441.0;5229.0;2478.0;594.0;140.0;70;47;23;4695;2318;2377;3942;2053;1889;753;265;488
1195;26;2013;8455.0;5242.0;2475.0;597.0;140.0;71;48;22;4707;2323;2384;3879;2019;1860;828;304;524
1196;26;2014;8495.0;5273.0;2479.0;603.0;140.0;70;48;22;4702;2319;2383;3844;1996;1848;859;323;535
1197;26;2015;8641.0;5370.0;2514.0;616.0;142.0;71;48;23;4695;2315;2380;3834;1988;1846;861;327;534
1198;26;2016;8955.0;5571.0;2596.0;642.0;146.0;73;50;23;4688;2312;2376;3862;2008;1854;826;304;522
1199;26;2017;9001.0;5604.0;2603.0;647.0;147.0;73;50;23;4681;2308;2373;3817;1977;1840;864;331;533
1200;26;2018;8914.0;5557.0;2570.0;644.0;144.0;72;49;22;4675;2305;2370;3759;1948;1811;916;357;559
1201;26;2019;8894.0;5550.0;2555.0;645.0;143.0;70;48;22;4669;2302;2367;3688;1907;1781;981;395;586
1202;26;2020;8929.0;5577.0;2559.0;649.0;144.0;70;48;22;4663;2299;2364;3648;1887;1761;1015;412;603
1203;26;2021;8742.0;5466.0;2498.0;639.0;139.0;68;46;21;4656;2295;2361;3559;1840;1719;1097;455;642
1204;26;2022;8691.0;5438.0;2478.0;637.0;138.0;67;46;21;4650;2292;2358;3527;1829;1698;1123;463;660
1205;26;2023;8834.0;5532.0;2512.0;651.0;139.0;66;46;21;4644;2289;2355;3490;1804;1686;1154;485;669
1206;26;2024;9063.0;5679.0;2571.0;670.0;143.0;67;46;21;4638;2286;2352;3485;1810;1676;1153;476;676
1207;26;2025;9114.0;5715.0;2579.0;677.0;143.0;67;46;21;4631;2282;2349;3455;1796;1659;1176;486;690
1208;26;2026;9343.0;5863.0;2638.0;696.0;146.0;68;46;21;4627;2280;2347;3452;1795;1657;1175;485;690
1209;26;2027;9205.0;5780.0;2592.0;688.0;143.0;66;45;20;4621;2277;2344;3392;1766;1626;1229;511;718
1210;26;2028;9120.0;5731.0;2563.0;684.0;142.0;64;44;20;4616;2275;2341;3352;1748;1604;1264;527;737
1211;26;2029;9065.0;5700.0;2541.0;683.0;141.0;63;43;20;4611;2272;2339;3316;1730;1586;1295;542;753
1212;26;2030;8823.0;5552.0;2468.0;667.0;136.0;60;42;19;4607;2270;2337;3245;1689;1556;1362;581;781
1213;26;2031;8583.0;5404.0;2396.0;651.0;132.0;58;40;18;4602;2267;2335;3173;1654;1520;1429;613;815
1214;26;2032;8525.0;5370.0;2374.0;649.0;131.0;57;39;18;4597;2265;2332;3128;1631;1497;1469;634;835
1215;26;2033;8455.0;5329.0;2350.0;646.0;129.0;56;38;17;4591;2261;2330;3086;1611;1475;1505;650;855
1216;26;2034;8409.0;5304.0;2332.0;644.0;128.0;55;38;17;4588;2260;2328;3048;1593;1454;1540;667;874
1217;26;2035;8383.0;5290.0;2320.0;645.0;128.0;54;37;17;4585;2258;2327;3013;1578;1435;1572;680;892
1218;26;2036;8361.0;5279.0;2310.0;645.0;126.0;53;37;16;4580;2255;2325;2980;1563;1417;1600;692;908
1219;26;2037;8342.0;5271.0;2299.0;646.0;126.0;52;36;16;4577;2254;2323;2948;1548;1400;1629;706;923
1220;26;2038;8340.0;5272.0;2294.0;648.0;126.0;52;36;16;4575;2253;2322;2919;1535;1384;1656;718;938
1221;26;2039;8349.0;5281.0;2292.0;650.0;125.0;51;35;16;4570;2250;2320;2893;1524;1370;1677;726;950
1222;26;2040;8375.0;5300.0;2295.0;655.0;125.0;51;35;16;4567;2248;2319;2872;1515;1357;1695;733;962
1223;26;2041;8410.0;5325.0;2300.0;659.0;126.0;51;35;16;4566;2248;2318;2853;1507;1345;1713;741;973
1224;26;2042;8453.0;5356.0;2307.0;665.0;125.0;50;35;16;4563;2246;2317;2836;1501;1335;1727;745;982
1225;26;2043;8502.0;5390.0;2316.0;670.0;126.0;50;34;16;4561;2245;2316;2821;1495;1326;1740;750;990
1226;26;2044;8558.0;5427.0;2327.0;676.0;127.0;50;34;15;4557;2243;2314;2810;1491;1318;1747;752;996
1227;26;2045;8615.0;5466.0;2339.0;684.0;127.0;50;34;15;4556;2242;2314;2799;1487;1311;1757;755;1003
1228;26;2046;8670.0;5504.0;2350.0;690.0;127.0;49;34;15;4554;2241;2313;2790;1484;1306;1765;757;1007
1229;26;2047;8718.0;5534.0;2362.0;693.0;128.0;49;34;15;4552;2240;2312;2781;1482;1300;1771;758;1012
1230;26;2048;8759.0;5560.0;2374.0;697.0;129.0;49;34;15;4550;2239;2311;2773;1478;1295;1777;761;1016
1231;26;2049;8796.0;5584.0;2384.0;700.0;129.0;49;34;15;4549;2239;2310;2767;1475;1292;1782;764;1018
1232;27;2006;9567.0;5719.0;2948.0;744.0;155.0;74;49;25;3710;1821;1889;3870;2074;1797;-160;-253;92
1233;27;2007;9852.0;5866.0;3043.0;780.0;164.0;76;50;25;3903;1924;1979;3942;2113;1829;-39;-189;150
1234;27;2008;9790.0;5808.0;3023.0;790.0;168.0;74;49;25;4077;2025;2052;3936;2104;1832;141;-79;220
1235;27;2009;9519.0;5627.0;2939.0;782.0;171.0;72;48;24;4228;2117;2111;3951;2131;1820;277;-14;291
1236;27;2010;9463.0;5555.0;2922.0;811.0;174.0;71;48;24;4337;2190;2147;3938;2121;1817;399;69;330
1237;27;2011;9679.0;5680.0;2988.0;831.0;180.0;73;49;24;4408;2236;2172;3981;2140;1841;427;96;331
1238;27;2012;9877.0;5797.0;3048.0;849.0;183.0;74;50;24;4444;2259;2185;3953;2112;1841;491;147;344
1239;27;2013;10142.0;5951.0;3132.0;873.0;187.0;76;51;25;4454;2263;2191;3912;2085;1827;542;178;364
1240;27;2014;10157.0;5960.0;3135.0;875.0;187.0;76;52;25;4448;2260;2188;3856;2055;1801;592;205;387
1241;27;2015;10190.0;5981.0;3145.0;878.0;186.0;76;51;25;4443;2256;2187;3825;2033;1792;618;223;395
1242;27;2016;10352.0;6078.0;3193.0;892.0;189.0;77;52;25;4437;2253;2184;3820;2027;1793;617;226;391
1243;27;2017;10704.0;6284.0;3302.0;924.0;194.0;79;54;25;4431;2250;2181;3853;2050;1803;578;200;378
1244;27;2018;10756.0;6317.0;3316.0;928.0;195.0;78;53;25;4424;2246;2178;3811;2021;1790;613;225;388
1245;27;2019;10644.0;6255.0;3280.0;919.0;191.0;77;52;25;4418;2243;2175;3757;1993;1764;661;250;411
1246;27;2020;10609.0;6235.0;3268.0;916.0;191.0;76;51;24;4412;2240;2172;3689;1952;1737;723;288;435
1247;27;2021;10642.0;6257.0;3276.0;918.0;191.0;75;51;24;4405;2237;2168;3653;1933;1720;752;304;448
1248;27;2022;10413.0;6123.0;3206.0;899.0;186.0;73;49;23;4399;2233;2166;3567;1887;1681;832;346;485
1249;27;2023;10347.0;6085.0;3184.0;893.0;184.0;72;49;23;4392;2230;2162;3536;1876;1660;856;354;502
1250;27;2024;10508.0;6181.0;3234.0;907.0;186.0;71;48;23;4388;2228;2160;3504;1852;1651;884;376;509
1251;27;2025;10774.0;6339.0;3314.0;930.0;191.0;72;49;23;4382;2225;2157;3502;1859;1643;880;366;514
1252;27;2026;10828.0;6373.0;3330.0;935.0;191.0;72;49;23;4377;2222;2155;3472;1845;1627;905;377;528
1253;27;2027;11094.0;6531.0;3411.0;957.0;195.0;72;49;23;4372;2220;2152;3471;1844;1627;901;376;525
1254;27;2028;10927.0;6435.0;3359.0;942.0;191.0;71;48;22;4366;2216;2150;3412;1815;1598;954;401;552
1255;27;2029;10824.0;6376.0;3326.0;933.0;189.0;69;47;22;4361;2214;2147;3372;1796;1576;989;418;571
1256;27;2030;10757.0;6339.0;3304.0;926.0;188.0;68;46;21;4357;2212;2145;3337;1777;1559;1020;435;586
1257;27;2031;10470.0;6173.0;3215.0;901.0;182.0;65;44;21;4352;2209;2143;3267;1737;1530;1085;472;613
1258;27;2032;10188.0;6009.0;3127.0;876.0;177.0;62;43;20;4347;2206;2141;3195;1700;1495;1152;506;646
1259;27;2033;10119.0;5970.0;3105.0;870.0;174.0;61;42;19;4345;2205;2140;3152;1678;1475;1193;527;665
1260;27;2034;10036.0;5925.0;3077.0;861.0;173.0;60;41;19;4339;2202;2137;3111;1657;1454;1228;545;683
1261;27;2035;9983.0;5896.0;3060.0;856.0;171.0;59;40;19;4336;2201;2135;3074;1639;1435;1262;562;700
1262;27;2036;9952.0;5881.0;3049.0;853.0;170.0;58;40;18;4331;2198;2133;3041;1624;1418;1290;574;715
1263;27;2037;9928.0;5869.0;3040.0;849.0;170.0;57;39;18;4329;2197;2132;3009;1608;1401;1320;589;731
1264;27;2038;9909.0;5862.0;3032.0;847.0;168.0;56;39;18;4326;2195;2131;2979;1593;1386;1347;602;745
1265;27;2039;9908.0;5864.0;3030.0;846.0;168.0;56;38;18;4324;2194;2130;2952;1581;1371;1372;613;759
1266;27;2040;9921.0;5876.0;3032.0;846.0;167.0;55;38;18;4319;2192;2127;2929;1570;1358;1390;622;769
1267;27;2041;9955.0;5899.0;3041.0;848.0;168.0;55;38;17;4316;2190;2126;2908;1561;1347;1408;629;779
1268;27;2042;9999.0;5929.0;3052.0;850.0;167.0;55;37;17;4315;2189;2126;2891;1553;1337;1425;636;789
1269;27;2043;10055.0;5966.0;3068.0;853.0;168.0;54;37;17;4313;2188;2125;2876;1547;1329;1437;641;796
1270;27;2044;10116.0;6006.0;3084.0;857.0;169.0;54;37;17;4311;2187;2124;2863;1542;1322;1448;645;802
1271;27;2045;10186.0;6052.0;3103.0;862.0;169.0;54;37;17;4307;2185;2122;2854;1538;1316;1453;647;806
1272;27;2046;10259.0;6099.0;3123.0;867.0;170.0;54;37;17;4306;2184;2122;2844;1534;1311;1462;650;811
1273;27;2047;10328.0;6146.0;3141.0;871.0;170.0;53;37;17;4305;2184;2121;2838;1531;1307;1467;653;814
1274;27;2048;10384.0;6180.0;3158.0;876.0;171.0;53;36;17;4302;2182;2120;2832;1528;1304;1470;654;816
1275;27;2049;10434.0;6209.0;3173.0;880.0;172.0;53;36;17;4302;2182;2120;2827;1525;1302;1475;657;818
1276;28;2006;11377.0;6562.0;3674.0;923.0;218.0;78;51;27;3502;1790;1712;3918;2115;1804;-416;-325;-92
1277;28;2007;11318.0;6505.0;3672.0;917.0;224.0;77;50;27;3687;1892;1795;3835;2056;1779;-148;-164;16
1278;28;2008;11673.0;6686.0;3794.0;951.0;242.0;79;52;27;3852;1991;1861;3907;2097;1810;-55;-106;51
1279;28;2009;11613.0;6630.0;3780.0;949.0;254.0;77;51;27;3996;2081;1915;3899;2089;1810;97;-8;105
1280;28;2010;11272.0;6395.0;3687.0;932.0;258.0;75;49;26;4105;2152;1953;3906;2110;1796;199;42;157
1281;28;2011;11214.0;6356.0;3669.0;929.0;260.0;74;49;25;4173;2198;1975;3892;2103;1789;281;95;186
1282;28;2012;11466.0;6494.0;3753.0;952.0;266.0;76;51;26;4208;2220;1988;3930;2121;1809;278;99;179
1283;28;2013;11693.0;6616.0;3831.0;974.0;271.0;77;51;26;4219;2225;1994;3908;2098;1810;311;127;184
1284;28;2014;12014.0;6795.0;3937.0;1003.0;279.0;79;52;27;4212;2220;1992;3875;2076;1799;337;144;193
1285;28;2015;12032.0;6801.0;3944.0;1006.0;280.0;79;53;26;4207;2216;1991;3828;2052;1776;379;164;215
1286;28;2016;12072.0;6821.0;3958.0;1011.0;281.0;79;53;26;4201;2213;1988;3802;2034;1769;399;179;219
1287;28;2017;12255.0;6919.0;4021.0;1029.0;286.0;79;53;26;4194;2209;1985;3801;2030;1771;393;179;214
1288;28;2018;12673.0;7153.0;4159.0;1065.0;296.0;82;55;27;4188;2206;1982;3833;2052;1781;355;154;201
1289;28;2019;12733.0;7185.0;4178.0;1071.0;298.0;81;54;27;4182;2203;1979;3793;2025;1769;389;178;210
1290;28;2020;12598.0;7104.0;4135.0;1062.0;295.0;79;53;26;4176;2200;1976;3740;1997;1743;436;203;233
1291;28;2021;12554.0;7077.0;4123.0;1060.0;294.0;78;52;26;4170;2196;1974;3678;1960;1718;492;236;256
1292;28;2022;12590.0;7092.0;4137.0;1065.0;296.0;78;52;25;4163;2193;1970;3643;1942;1701;520;251;269
1293;28;2023;12320.0;6936.0;4051.0;1043.0;290.0;75;50;24;4158;2190;1968;3561;1897;1664;597;293;304
1294;28;2024;12239.0;6886.0;4027.0;1038.0;289.0;74;50;24;4153;2187;1966;3531;1887;1644;622;300;322
1295;28;2025;12426.0;6987.0;4091.0;1055.0;294.0;73;49;24;4147;2184;1963;3499;1864;1635;648;320;328
1296;28;2026;12734.0;7155.0;4195.0;1083.0;301.0;75;50;24;4142;2181;1961;3499;1871;1628;643;310;333
1297;28;2027;12794.0;7184.0;4217.0;1089.0;304.0;74;50;24;4136;2178;1958;3471;1858;1614;665;320;344
1298;28;2028;13099.0;7351.0;4321.0;1116.0;311.0;75;50;24;4132;2176;1956;3470;1856;1614;662;320;342
1299;28;2029;12899.0;7233.0;4258.0;1100.0;307.0;73;49;24;4127;2173;1954;3413;1829;1585;714;344;369
1300;28;2030;12774.0;7158.0;4220.0;1090.0;305.0;71;48;23;4123;2171;1952;3374;1810;1564;749;361;388
1301;28;2031;12684.0;7104.0;4193.0;1084.0;303.0;70;47;23;4119;2169;1950;3339;1792;1547;780;377;403
1302;28;2032;12344.0;6907.0;4084.0;1056.0;296.0;67;45;22;4116;2167;1949;3268;1751;1517;848;416;432
1303;28;2033;12006.0;6713.0;3976.0;1028.0;289.0;65;44;21;4109;2163;1946;3199;1716;1484;910;447;462
1304;28;2034;11917.0;6658.0;3950.0;1022.0;287.0;63;43;21;4107;2162;1945;3158;1694;1464;949;468;481
1305;28;2035;11809.0;6593.0;3918.0;1013.0;286.0;62;42;20;4103;2160;1943;3118;1674;1444;985;486;499
1306;28;2036;11736.0;6546.0;3899.0;1008.0;284.0;61;41;20;4098;2157;1941;3082;1657;1425;1016;500;516
1307;28;2037;11686.0;6511.0;3887.0;1005.0;284.0;60;41;20;4096;2156;1940;3050;1641;1409;1046;515;531
1308;28;2038;11645.0;6481.0;3877.0;1003.0;284.0;59;40;19;4093;2155;1938;3019;1626;1393;1074;529;545
1309;28;2039;11607.0;6453.0;3871.0;1000.0;284.0;59;40;19;4091;2153;1938;2990;1612;1378;1101;541;560
1310;28;2040;11588.0;6434.0;3869.0;1000.0;284.0;58;39;19;4088;2152;1936;2964;1600;1364;1124;552;572
1311;28;2041;11586.0;6424.0;3875.0;1001.0;285.0;58;39;19;4085;2150;1935;2941;1589;1352;1144;561;583
1312;28;2042;11600.0;6424.0;3887.0;1004.0;286.0;57;39;19;4083;2148;1935;2922;1580;1342;1161;568;593
1313;28;2043;11628.0;6428.0;3903.0;1008.0;288.0;57;38;18;4081;2147;1934;2906;1572;1333;1175;575;601
1314;28;2044;11667.0;6438.0;3925.0;1013.0;291.0;57;38;18;4077;2145;1932;2892;1566;1326;1185;579;606
1315;28;2045;11706.0;6448.0;3947.0;1019.0;292.0;56;38;18;4075;2144;1931;2881;1562;1320;1194;582;611
1316;28;2046;11754.0;6461.0;3973.0;1025.0;295.0;56;38;18;4074;2143;1931;2873;1558;1315;1201;585;616
1317;28;2047;11799.0;6471.0;4000.0;1031.0;297.0;56;38;18;4074;2143;1931;2866;1555;1311;1208;588;620
1318;28;2048;11838.0;6476.0;4025.0;1037.0;300.0;56;38;18;4071;2141;1930;2860;1552;1308;1211;589;622
1319;28;2049;11902.0;6511.0;4047.0;1043.0;301.0;55;37;18;4071;2141;1930;2856;1550;1306;1215;591;624
1320;29;2006;12454.0;6638.0;4386.0;1139.0;291.0;81;52;30;3304;1733;1571;3816;2100;1716;-512;-367;-145
1321;29;2007;12571.0;6665.0;4460.0;1148.0;298.0;82;52;30;3471;1827;1644;3827;2089;1738;-356;-262;-94
1322;29;2008;12483.0;6586.0;4452.0;1142.0;303.0;81;52;29;3630;1924;1706;3758;2041;1717;-128;-117;-11
1323;29;2009;12838.0;6740.0;4599.0;1177.0;322.0;83;53;30;3763;2009;1754;3827;2083;1744;-64;-74;10
1324;29;2010;12652.0;6581.0;4583.0;1168.0;319.0;81;52;29;3869;2079;1790;3818;2076;1741;51;3;49
1325;29;2011;12261.0;6358.0;4453.0;1135.0;314.0;79;51;28;3937;2127;1810;3819;2093;1726;118;34;84
1326;29;2012;12174.0;6298.0;4432.0;1130.0;313.0;79;51;28;3969;2148;1821;3803;2086;1717;166;62;104
1327;29;2013;12418.0;6408.0;4534.0;1157.0;320.0;80;52;28;3977;2151;1826;3836;2103;1733;141;48;93
1328;29;2014;12652.0;6517.0;4629.0;1181.0;326.0;81;53;29;3971;2147;1824;3816;2083;1733;155;64;91
1329;29;2015;12980.0;6675.0;4758.0;1214.0;334.0;83;54;29;3966;2144;1822;3791;2066;1725;175;78;97
1330;29;2016;12985.0;6667.0;4767.0;1215.0;335.0;83;55;29;3958;2139;1819;3754;2047;1707;204;92;112
1331;29;2017;13008.0;6667.0;4786.0;1220.0;336.0;83;54;29;3952;2136;1816;3732;2031;1700;220;105;116
1332;29;2018;13195.0;6755.0;4861.0;1238.0;341.0;83;54;29;3946;2133;1813;3729;2027;1702;217;106;111
1333;29;2019;13632.0;6972.0;5028.0;1280.0;352.0;85;56;30;3940;2129;1811;3762;2050;1712;178;79;99
1334;29;2020;13681.0;6989.0;5053.0;1285.0;354.0;85;55;29;3934;2127;1807;3724;2024;1700;210;103;107
1335;29;2021;13529.0;6904.0;5003.0;1271.0;350.0;83;54;29;3927;2124;1803;3674;1998;1676;253;126;127
1336;29;2022;13473.0;6868.0;4990.0;1267.0;349.0;82;53;28;3921;2120;1801;3615;1963;1652;306;157;149
1337;29;2023;13505.0;6877.0;5007.0;1270.0;351.0;81;53;28;3917;2118;1799;3583;1946;1637;334;172;162
1338;29;2024;13215.0;6723.0;4906.0;1243.0;344.0;78;51;27;3910;2114;1796;3505;1904;1602;405;210;194
1339;29;2025;13125.0;6671.0;4879.0;1234.0;341.0;77;51;26;3905;2111;1794;3476;1893;1583;429;218;211
1340;29;2026;13322.0;6766.0;4957.0;1252.0;348.0;77;50;26;3900;2109;1791;3447;1872;1576;453;237;215
1341;29;2027;13648.0;6925.0;5084.0;1283.0;356.0;78;51;27;3895;2106;1789;3450;1880;1570;445;226;219
1342;29;2028;13709.0;6952.0;5112.0;1288.0;358.0;78;51;26;3889;2103;1786;3424;1867;1557;465;236;229
1343;29;2029;14034.0;7112.0;5237.0;1318.0;367.0;78;51;27;3884;2100;1784;3425;1867;1558;459;233;226
1344;29;2030;13823.0;7000.0;5163.0;1297.0;362.0;76;50;26;3881;2099;1782;3372;1840;1531;509;259;251
1345;29;2031;13690.0;6929.0;5118.0;1284.0;358.0;75;49;25;3877;2096;1781;3332;1822;1510;545;274;271
1346;29;2032;13599.0;6880.0;5089.0;1274.0;356.0;73;48;25;3872;2094;1778;3298;1803;1494;574;291;284
1347;29;2033;13240.0;6694.0;4958.0;1240.0;348.0;70;46;24;3868;2091;1777;3230;1764;1466;638;327;311
1348;29;2034;12885.0;6512.0;4829.0;1205.0;338.0;68;45;23;3864;2089;1775;3163;1729;1434;701;360;341
1349;29;2035;12795.0;6465.0;4799.0;1195.0;336.0;66;44;23;3859;2087;1772;3123;1708;1415;736;379;357
1350;29;2036;12688.0;6408.0;4762.0;1184.0;334.0;65;43;22;3857;2086;1771;3085;1689;1396;772;397;375
1351;29;2037;12619.0;6370.0;4740.0;1176.0;332.0;64;42;22;3854;2084;1770;3051;1671;1379;803;413;391
1352;29;2038;12575.0;6346.0;4727.0;1170.0;331.0;63;42;22;3851;2082;1769;3020;1656;1364;831;426;405
1353;29;2039;12541.0;6327.0;4717.0;1166.0;331.0;63;41;21;3848;2081;1767;2991;1642;1350;857;439;417
1354;29;2040;12513.0;6311.0;4710.0;1162.0;330.0;62;41;21;3845;2079;1766;2964;1628;1336;881;451;430
1355;29;2041;12505.0;6305.0;4709.0;1160.0;331.0;61;40;21;3842;2077;1765;2940;1616;1324;902;461;441
1356;29;2042;12518.0;6310.0;4718.0;1159.0;332.0;61;40;21;3839;2075;1764;2919;1606;1313;920;469;451
1357;29;2043;12551.0;6326.0;4733.0;1160.0;332.0;60;40;21;3836;2074;1762;2902;1598;1305;934;476;457
1358;29;2044;12601.0;6349.0;4754.0;1163.0;335.0;60;39;20;3835;2073;1762;2888;1591;1297;947;482;465
1359;29;2045;12662.0;6378.0;4781.0;1167.0;336.0;60;39;20;3834;2072;1762;2877;1585;1292;957;487;470
1360;29;2046;12729.0;6411.0;4809.0;1171.0;338.0;59;39;20;3830;2070;1760;2867;1581;1286;963;489;474
1361;29;2047;12808.0;6449.0;4841.0;1176.0;341.0;59;39;20;3829;2070;1759;2862;1578;1284;967;492;475
1362;29;2048;12887.0;6488.0;4874.0;1182.0;343.0;59;39;20;3828;2069;1759;2857;1575;1282;971;494;477
1363;29;2049;12963.0;6524.0;4906.0;1187.0;345.0;59;39;20;3828;2069;1759;2854;1573;1280;974;496;479
1364;30;2006;13524.0;6539.0;5313.0;1304.0;368.0;88;55;33;3119;1636;1483;3714;2105;1608;-595;-469;-125
1365;30;2007;13415.0;6458.0;5304.0;1271.0;381.0;86;54;32;3273;1726;1547;3665;2063;1602;-392;-337;-55
1366;30;2008;13596.0;6521.0;5389.0;1279.0;408.0;86;54;32;3425;1817;1608;3677;2055;1622;-252;-238;-14
1367;30;2009;13566.0;6484.0;5384.0;1266.0;432.0;86;54;32;3559;1902;1657;3616;2015;1601;-57;-113;56
1368;30;2010;14021.0;6699.0;5556.0;1294.0;472.0;88;56;32;3660;1969;1691;3677;2053;1624;-17;-84;67
1369;30;2011;13851.0;6593.0;5508.0;1274.0;475.0;86;55;32;3725;2012;1713;3662;2043;1618;63;-31;95
1370;30;2012;13385.0;6354.0;5342.0;1229.0;461.0;84;53;31;3759;2036;1723;3655;2053;1601;104;-17;122
1371;30;2013;13255.0;6271.0;5308.0;1216.0;459.0;83;53;30;3767;2039;1728;3635;2044;1591;132;-5;137
1372;30;2014;13493.0;6369.0;5419.0;1236.0;468.0;85;54;31;3761;2035;1726;3665;2059;1605;96;-24;121
1373;30;2015;13718.0;6462.0;5523.0;1256.0;477.0;86;55;31;3755;2031;1724;3646;2041;1605;109;-10;119
1374;30;2016;14046.0;6604.0;5668.0;1284.0;489.0;88;56;32;3748;2028;1720;3630;2028;1602;118;0;118
1375;30;2017;14022.0;6578.0;5673.0;1282.0;490.0;88;57;31;3740;2024;1716;3599;2012;1586;141;12;130
1376;30;2018;14029.0;6572.0;5685.0;1282.0;491.0;87;56;31;3734;2021;1713;3576;1996;1580;158;25;133
1377;30;2019;14210.0;6648.0;5767.0;1297.0;498.0;87;56;31;3727;2017;1710;3572;1992;1581;155;25;129
1378;30;2020;14654.0;6846.0;5957.0;1337.0;514.0;90;58;32;3721;2014;1707;3605;2014;1591;116;0;116
1379;30;2021;14689.0;6853.0;5980.0;1340.0;516.0;89;57;32;3714;2011;1703;3571;1990;1581;143;21;122
1380;30;2022;14509.0;6759.0;5915.0;1324.0;510.0;87;56;31;3708;2007;1701;3524;1966;1558;184;41;143
1381;30;2023;14438.0;6718.0;5894.0;1318.0;508.0;86;55;30;3703;2005;1698;3471;1933;1538;232;72;160
1382;30;2024;14459.0;6719.0;5909.0;1321.0;510.0;85;55;30;3696;2001;1695;3442;1917;1525;254;84;170
1383;30;2025;14142.0;6564.0;5786.0;1292.0;499.0;82;53;29;3690;1999;1691;3369;1877;1492;321;122;199
1384;30;2026;14037.0;6509.0;5749.0;1284.0;496.0;81;53;28;3685;1996;1689;3342;1867;1476;343;129;213
1385;30;2027;14237.0;6596.0;5836.0;1302.0;503.0;81;52;29;3679;1992;1687;3317;1847;1470;362;145;217
1386;30;2028;14576.0;6747.0;5979.0;1335.0;516.0;82;53;29;3675;1990;1685;3322;1856;1467;353;134;218
1387;30;2029;14635.0;6769.0;6007.0;1341.0;518.0;81;53;29;3669;1987;1682;3300;1844;1456;369;143;226
1388;30;2030;14973.0;6920.0;6149.0;1373.0;530.0;82;53;29;3665;1985;1680;3301;1844;1457;364;141;223
1389;30;2031;14744.0;6809.0;6059.0;1354.0;523.0;80;52;28;3660;1982;1678;3251;1818;1433;409;164;245
1390;30;2032;14600.0;6738.0;6003.0;1342.0;518.0;78;51;28;3655;1980;1675;3215;1800;1415;440;180;260
1391;30;2033;14499.0;6687.0;5964.0;1335.0;513.0;77;50;27;3651;1978;1673;3182;1782;1400;469;196;273
1392;30;2034;14116.0;6507.0;5808.0;1301.0;500.0;74;48;26;3646;1975;1671;3118;1743;1374;528;232;297
1393;30;2035;13741.0;6330.0;5655.0;1269.0;487.0;71;46;25;3644;1974;1670;3055;1710;1345;589;264;325
1394;30;2036;13643.0;6282.0;5617.0;1261.0;483.0;70;46;25;3640;1972;1668;3017;1689;1328;623;283;340
1395;30;2037;13530.0;6227.0;5571.0;1253.0;479.0;69;45;24;3635;1969;1666;2982;1670;1311;653;299;355
1396;30;2038;13455.0;6189.0;5541.0;1248.0;477.0;68;44;24;3632;1968;1664;2951;1654;1297;681;314;367
1397;30;2039;13409.0;6166.0;5523.0;1246.0;474.0;67;43;23;3629;1966;1663;2924;1640;1284;705;326;379
1398;30;2040;13372.0;6146.0;5508.0;1245.0;473.0;66;43;23;3627;1965;1662;2897;1626;1272;730;339;390
1399;30;2041;13342.0;6130.0;5496.0;1244.0;472.0;65;42;23;3623;1963;1660;2873;1613;1261;750;350;399
1400;30;2042;13334.0;6124.0;5493.0;1245.0;472.0;65;42;23;3620;1961;1659;2853;1602;1251;767;359;408
1401;30;2043;13347.0;6128.0;5499.0;1248.0;472.0;64;42;22;3620;1961;1659;2835;1592;1243;785;369;416
1402;30;2044;13382.0;6141.0;5513.0;1255.0;472.0;64;41;22;3617;1959;1658;2820;1584;1236;797;375;422
1403;30;2045;13435.0;6163.0;5535.0;1263.0;474.0;63;41;22;3616;1958;1658;2809;1578;1230;807;380;428
1404;30;2046;13500.0;6192.0;5561.0;1271.0;477.0;63;41;22;3612;1957;1655;2800;1573;1227;812;384;428
1405;30;2047;13573.0;6222.0;5591.0;1280.0;479.0;63;41;22;3611;1956;1655;2794;1569;1224;817;387;431
1406;30;2048;13655.0;6258.0;5625.0;1291.0;481.0;63;41;22;3610;1955;1655;2790;1567;1224;820;388;431
1407;30;2049;13741.0;6296.0;5659.0;1302.0;484.0;62;40;22;3607;1954;1653;2789;1565;1224;818;389;429
1408;31;2006;14113.0;6222.0;5937.0;1522.0;432.0;93;56;37;2899;1533;1366;3620;2070;1550;-721;-537;-184
1409;31;2007;13862.0;6076.0;5881.0;1469.0;436.0;91;56;36;3046;1617;1429;3518;2009;1509;-472;-392;-80
1410;31;2008;13786.0;6032.0;5865.0;1438.0;451.0;90;55;35;3186;1702;1484;3476;1973;1503;-290;-271;-19
1411;31;2009;13960.0;6074.0;5961.0;1446.0;479.0;90;55;35;3315;1781;1534;3485;1967;1519;-170;-186;15
1412;31;2010;13955.0;6084.0;5951.0;1427.0;494.0;89;54;35;3413;1845;1568;3430;1931;1499;-17;-86;69
1413;31;2011;14352.0;6264.0;6117.0;1456.0;515.0;92;56;36;3479;1888;1591;3482;1964;1518;-3;-76;73
1414;31;2012;14183.0;6173.0;6066.0;1432.0;512.0;90;55;35;3510;1907;1603;3461;1951;1510;49;-44;93
1415;31;2013;13713.0;5951.0;5886.0;1381.0;496.0;88;54;34;3517;1911;1606;3450;1956;1494;67;-45;112
1416;31;2014;13595.0;5887.0;5849.0;1365.0;493.0;87;53;33;3511;1907;1604;3431;1947;1484;80;-40;120
1417;31;2015;13845.0;5985.0;5970.0;1386.0;504.0;88;55;34;3504;1903;1601;3458;1961;1498;46;-58;104
1418;31;2016;14083.0;6079.0;6085.0;1406.0;513.0;89;55;34;3497;1900;1597;3448;1948;1500;49;-48;97
1419;31;2017;14422.0;6214.0;6245.0;1437.0;527.0;91;56;35;3489;1896;1593;3436;1938;1498;53;-42;95
1420;31;2018;14410.0;6202.0;6249.0;1432.0;527.0;91;57;34;3483;1893;1590;3409;1925;1484;74;-32;106
1421;31;2019;14426.0;6202.0;6264.0;1430.0;529.0;90;56;34;3476;1890;1586;3386;1909;1477;90;-19;109
1422;31;2020;14613.0;6276.0;6354.0;1446.0;537.0;90;56;34;3468;1886;1582;3383;1905;1478;85;-19;104
1423;31;2021;15072.0;6467.0;6562.0;1489.0;554.0;93;58;35;3462;1883;1579;3413;1926;1487;49;-43;92
1424;31;2022;15111.0;6476.0;6587.0;1492.0;556.0;92;57;35;3456;1880;1576;3382;1905;1478;74;-25;98
1425;31;2023;14931.0;6392.0;6517.0;1471.0;550.0;90;56;34;3449;1876;1573;3338;1881;1457;111;-5;116
1426;31;2024;14864.0;6357.0;6495.0;1463.0;549.0;88;55;33;3441;1872;1569;3290;1851;1439;151;21;130
1427;31;2025;14890.0;6363.0;6513.0;1465.0;550.0;88;55;33;3436;1870;1566;3263;1836;1427;173;34;139
1428;31;2026;14568.0;6219.0;6378.0;1432.0;539.0;85;53;32;3431;1868;1563;3196;1799;1397;235;69;166
1429;31;2027;14464.0;6170.0;6337.0;1421.0;535.0;84;53;31;3425;1864;1561;3171;1789;1382;254;75;179
1430;31;2028;14671.0;6253.0;6435.0;1441.0;543.0;83;52;31;3419;1861;1558;3148;1771;1377;271;90;181
1431;31;2029;15019.0;6396.0;6592.0;1475.0;557.0;85;53;32;3413;1858;1555;3153;1778;1375;260;80;180
1432;31;2030;15080.0;6417.0;6624.0;1480.0;559.0;84;53;31;3409;1856;1553;3132;1768;1364;277;88;189
1433;31;2031;15424.0;6558.0;6780.0;1514.0;572.0;85;53;32;3403;1853;1550;3134;1768;1366;269;85;184
1434;31;2032;15191.0;6454.0;6681.0;1492.0;564.0;83;52;31;3398;1851;1547;3088;1743;1344;310;108;203
1435;31;2033;15041.0;6386.0;6620.0;1477.0;559.0;81;51;30;3395;1850;1545;3054;1726;1328;341;124;217
1436;31;2034;14938.0;6338.0;6578.0;1467.0;555.0;80;50;30;3391;1847;1544;3023;1709;1314;368;138;230
1437;31;2035;14543.0;6166.0;6408.0;1429.0;541.0;77;48;29;3385;1844;1541;2962;1672;1290;423;172;251
1438;31;2036;14158.0;5998.0;6241.0;1391.0;527.0;74;47;28;3382;1842;1540;2904;1640;1263;478;202;277
1439;31;2037;14055.0;5950.0;6200.0;1382.0;524.0;73;46;27;3379;1841;1538;2871;1621;1249;508;220;289
1440;31;2038;13937.0;5895.0;6150.0;1372.0;519.0;72;45;27;3374;1838;1536;2838;1604;1234;536;234;302
1441;31;2039;13856.0;5857.0;6118.0;1365.0;517.0;70;44;26;3372;1837;1535;2810;1588;1221;562;249;314
1442;31;2040;13807.0;5832.0;6098.0;1362.0;515.0;70;44;26;3368;1835;1533;2784;1575;1210;584;260;323
1443;31;2041;13765.0;5810.0;6083.0;1358.0;514.0;69;43;25;3364;1833;1531;2761;1562;1199;603;271;332
1444;31;2042;13729.0;5791.0;6070.0;1356.0;512.0;68;43;25;3362;1832;1530;2740;1550;1190;622;282;340
1445;31;2043;13717.0;5781.0;6067.0;1357.0;511.0;67;42;25;3360;1831;1529;2721;1539;1182;639;292;347
1446;31;2044;13726.0;5781.0;6074.0;1359.0;512.0;67;42;25;3358;1830;1528;2705;1530;1174;653;300;354
1447;31;2045;13757.0;5789.0;6090.0;1364.0;513.0;66;42;25;3355;1828;1527;2693;1523;1170;662;305;357
1448;31;2046;13806.0;5806.0;6114.0;1370.0;515.0;66;41;24;3355;1828;1527;2684;1518;1166;671;310;361
1449;31;2047;13866.0;5827.0;6143.0;1379.0;518.0;66;41;24;3350;1826;1524;2678;1513;1164;672;313;360
1450;31;2048;13934.0;5850.0;6176.0;1387.0;520.0;65;41;24;3349;1825;1524;2673;1510;1163;676;315;361
1451;31;2049;14012.0;5879.0;6213.0;1397.0;523.0;65;41;24;3349;1825;1524;2671;1508;1164;678;317;360
1452;32;2006;14643.0;5605.0;6531.0;1940.0;567.0;103;60;42;2720;1446;1274;3522;2016;1506;-802;-570;-232
1453;32;2007;13929.0;5310.0;6280.0;1778.0;562.0;97;57;40;2856;1523;1333;3375;1921;1454;-519;-398;-121
1454;32;2008;13705.0;5201.0;6207.0;1722.0;575.0;95;56;39;2991;1608;1383;3290;1872;1418;-299;-264;-35
1455;32;2009;13648.0;5177.0;6187.0;1682.0;601.0;94;55;38;3115;1683;1432;3251;1840;1411;-136;-157;21
1456;32;2010;13827.0;5239.0;6277.0;1683.0;629.0;94;56;39;3211;1745;1466;3259;1835;1424;-48;-90;42
1457;32;2011;13721.0;5187.0;6241.0;1658.0;636.0;93;55;38;3275;1788;1487;3211;1805;1406;64;-17;81
1458;32;2012;14102.0;5348.0;6411.0;1689.0;654.0;96;57;39;3305;1807;1498;3256;1835;1421;49;-28;77
1459;32;2013;13936.0;5272.0;6357.0;1658.0;648.0;94;56;38;3311;1810;1501;3237;1822;1415;74;-12;86
1460;32;2014;13486.0;5095.0;6166.0;1596.0;630.0;91;54;37;3304;1806;1498;3224;1824;1401;80;-18;97
1461;32;2015;13374.0;5047.0;6128.0;1574.0;625.0;90;54;36;3297;1802;1495;3208;1815;1393;89;-13;102
1462;32;2016;13622.0;5136.0;6252.0;1595.0;639.0;92;55;37;3289;1798;1491;3235;1829;1406;54;-31;85
1463;32;2017;13854.0;5218.0;6370.0;1614.0;652.0;93;56;37;3281;1794;1487;3229;1820;1409;52;-26;78
1464;32;2018;14197.0;5347.0;6536.0;1645.0;669.0;94;56;38;3274;1791;1483;3222;1813;1408;52;-22;75
1465;32;2019;14191.0;5345.0;6540.0;1637.0;669.0;94;57;37;3267;1787;1480;3196;1802;1394;71;-15;86
1466;32;2020;14209.0;5349.0;6556.0;1631.0;672.0;93;56;37;3259;1783;1476;3175;1787;1388;84;-4;88
1467;32;2021;14395.0;5420.0;6649.0;1645.0;682.0;93;56;37;3252;1779;1473;3172;1783;1389;80;-4;84
1468;32;2022;14848.0;5589.0;6864.0;1690.0;705.0;96;58;38;3244;1775;1469;3200;1803;1396;44;-28;73
1469;32;2023;14892.0;5604.0;6891.0;1689.0;707.0;95;57;38;3239;1773;1466;3170;1783;1387;69;-10;79
1470;32;2024;14722.0;5541.0;6818.0;1663.0;700.0;93;56;37;3232;1769;1463;3130;1762;1368;102;7;95
1471;32;2025;14663.0;5518.0;6797.0;1651.0;698.0;92;55;36;3226;1766;1460;3084;1734;1351;142;32;109
1472;32;2026;14695.0;5531.0;6816.0;1648.0;701.0;91;55;36;3220;1763;1457;3060;1721;1339;160;42;118
1473;32;2027;14385.0;5415.0;6676.0;1608.0;686.0;88;53;35;3214;1760;1454;2998;1686;1312;216;74;142
1474;32;2028;14289.0;5381.0;6635.0;1592.0;682.0;87;53;34;3207;1756;1451;2975;1677;1298;232;79;153
1475;32;2029;14499.0;5461.0;6736.0;1610.0;692.0;86;52;34;3202;1754;1448;2954;1661;1293;248;93;155
1476;32;2030;14846.0;5593.0;6900.0;1643.0;709.0;88;53;35;3196;1751;1445;2958;1667;1291;238;84;155
1477;32;2031;14913.0;5619.0;6934.0;1646.0;714.0;87;53;34;3191;1748;1443;2939;1658;1281;252;90;162
1478;32;2032;15258.0;5751.0;7097.0;1680.0;731.0;88;53;35;3188;1746;1442;2940;1657;1283;248;89;159
1479;32;2033;15035.0;5670.0;6995.0;1650.0;720.0;86;52;34;3183;1744;1439;2897;1635;1262;286;109;177
1480;32;2034;14894.0;5618.0;6931.0;1631.0;714.0;84;51;33;3179;1742;1437;2867;1619;1248;312;123;189
1481;32;2035;14799.0;5585.0;6888.0;1617.0;709.0;83;51;32;3175;1739;1436;2838;1603;1235;337;136;201
1482;32;2036;14417.0;5443.0;6712.0;1571.0;691.0;80;49;31;3169;1737;1432;2783;1570;1213;386;167;219
1483;32;2037;14043.0;5304.0;6540.0;1526.0;673.0;77;47;30;3165;1734;1431;2729;1540;1189;436;194;242
1484;32;2038;13949.0;5271.0;6497.0;1512.0;669.0;76;46;30;3162;1733;1429;2698;1524;1175;464;209;254
1485;32;2039;13837.0;5230.0;6446.0;1498.0;664.0;75;45;29;3158;1731;1427;2668;1506;1162;490;225;265
1486;32;2040;13764.0;5205.0;6413.0;1486.0;660.0;73;45;29;3156;1730;1426;2642;1492;1150;514;238;276
1487;32;2041;13720.0;5190.0;6393.0;1478.0;658.0;72;44;28;3151;1727;1424;2620;1480;1140;531;247;284
1488;32;2042;13686.0;5180.0;6378.0;1472.0;657.0;72;44;28;3149;1726;1423;2598;1468;1130;551;258;293
1489;32;2043;13658.0;5172.0;6365.0;1466.0;655.0;71;43;28;3147;1724;1423;2580;1457;1122;567;267;301
1490;32;2044;13650.0;5170.0;6362.0;1462.0;655.0;70;43;27;3143;1723;1420;2562;1448;1115;581;275;305
1491;32;2045;13664.0;5178.0;6370.0;1461.0;656.0;70;42;27;3140;1721;1419;2549;1440;1109;591;281;310
1492;32;2046;13701.0;5194.0;6387.0;1462.0;658.0;69;42;27;3139;1721;1418;2538;1433;1105;601;288;313
1493;32;2047;13754.0;5217.0;6412.0;1464.0;660.0;69;42;27;3136;1719;1417;2532;1429;1103;604;290;314
1494;32;2048;13819.0;5244.0;6443.0;1469.0;663.0;68;42;27;3136;1719;1417;2526;1425;1102;610;294;315
1495;32;2049;13891.0;5273.0;6477.0;1474.0;667.0;68;42;27;3134;1718;1416;2524;1422;1102;610;296;314
1496;33;2006;14188.0;4796.0;6643.0;2068.0;681.0;116;66;49;2543;1350;1193;3425;1972;1453;-882;-622;-260
1497;33;2007;13781.0;4653.0;6433.0;2021.0;675.0;110;63;47;2667;1421;1246;3303;1880;1423;-636;-459;-177
1498;33;2008;13148.0;4421.0;6188.0;1861.0;678.0;104;60;44;2796;1499;1297;3170;1796;1374;-374;-297;-77
1499;33;2009;12972.0;4342.0;6127.0;1803.0;700.0;103;59;43;2914;1574;1340;3095;1755;1339;-181;-181;1
1500;33;2010;12925.0;4344.0;6105.0;1757.0;720.0;101;58;43;3007;1634;1373;3059;1727;1332;-52;-93;41
1501;33;2011;13013.0;4343.0;6173.0;1757.0;740.0;102;59;43;3069;1677;1392;3063;1723;1340;6;-46;52
1502;33;2012;12917.0;4306.0;6143.0;1731.0;736.0;101;58;42;3098;1695;1403;3018;1696;1322;80;-1;81
1503;33;2013;13272.0;4440.0;6312.0;1763.0;757.0;103;60;43;3103;1698;1405;3057;1721;1336;46;-23;69
1504;33;2014;13129.0;4387.0;6260.0;1730.0;752.0;101;59;43;3095;1693;1402;3037;1708;1329;58;-15;73
1505;33;2015;12714.0;4245.0;6074.0;1665.0;730.0;98;57;41;3088;1689;1399;3023;1708;1315;65;-19;84
1506;33;2016;12616.0;4210.0;6037.0;1642.0;726.0;97;57;41;3081;1685;1396;3008;1700;1308;73;-15;88
1507;33;2017;12849.0;4285.0;6160.0;1663.0;742.0;99;58;41;3073;1681;1392;3033;1714;1320;40;-33;72
1508;33;2018;13077.0;4362.0;6276.0;1682.0;757.0;100;58;41;3065;1677;1388;3026;1706;1321;39;-29;67
1509;33;2019;13405.0;4474.0;6439.0;1714.0;777.0;101;59;42;3058;1673;1385;3019;1699;1319;39;-26;66
1510;33;2020;13404.0;4475.0;6445.0;1705.0;779.0;101;59;42;3051;1669;1382;2996;1690;1306;55;-21;76
1511;33;2021;13423.0;4484.0;6459.0;1699.0;781.0;100;59;41;3044;1666;1378;2974;1675;1299;70;-9;79
1512;33;2022;13605.0;4547.0;6552.0;1713.0;793.0;100;59;41;3038;1662;1376;2971;1672;1299;67;-10;77
1513;33;2023;14035.0;4693.0;6763.0;1759.0;819.0;103;61;42;3030;1658;1372;2995;1690;1305;35;-32;67
1514;33;2024;14081.0;4712.0;6790.0;1756.0;823.0;102;60;42;3024;1654;1370;2967;1671;1296;57;-17;74
1515;33;2025;13929.0;4665.0;6719.0;1729.0;815.0;100;59;41;3018;1651;1367;2930;1652;1278;88;-1;89
1516;33;2026;13879.0;4652.0;6698.0;1716.0;813.0;98;58;40;3011;1647;1364;2888;1626;1261;123;21;103
1517;33;2027;13917.0;4669.0;6718.0;1714.0;816.0;97;57;40;3007;1645;1362;2864;1614;1250;143;31;112
1518;33;2028;13632.0;4578.0;6583.0;1672.0;800.0;94;56;39;2999;1641;1358;2808;1583;1225;191;58;133
1519;33;2029;13548.0;4554.0;6543.0;1654.0;796.0;93;55;38;2996;1639;1357;2784;1574;1211;212;65;146
1520;33;2030;13751.0;4628.0;6642.0;1673.0;808.0;93;55;38;2991;1636;1355;2764;1558;1206;227;78;149
1521;33;2031;14086.0;4746.0;6804.0;1707.0;829.0;94;56;38;2985;1634;1351;2769;1565;1204;216;69;147
1522;33;2032;14153.0;4774.0;6837.0;1709.0;833.0;94;56;38;2978;1629;1349;2751;1556;1194;227;73;155
1523;33;2033;14487.0;4892.0;6998.0;1744.0;853.0;94;56;39;2975;1628;1347;2751;1556;1196;224;73;151
1524;33;2034;14280.0;4828.0;6898.0;1712.0;841.0;92;55;38;2970;1625;1345;2711;1535;1176;259;90;169
1525;33;2035;14154.0;4792.0;6837.0;1691.0;834.0;91;54;37;2966;1623;1343;2682;1520;1162;284;103;181
1526;33;2036;14070.0;4769.0;6795.0;1676.0;830.0;89;53;36;2961;1620;1341;2655;1505;1150;306;115;191
1527;33;2037;13715.0;4655.0;6623.0;1629.0;809.0;86;51;35;2959;1619;1340;2603;1474;1129;356;145;211
1528;33;2038;13367.0;4542.0;6455.0;1582.0;788.0;83;49;34;2955;1616;1339;2553;1447;1106;402;169;233
1529;33;2039;13286.0;4521.0;6413.0;1568.0;784.0;82;49;33;2950;1614;1336;2525;1431;1094;425;183;242
1530;33;2040;13186.0;4492.0;6364.0;1552.0;778.0;80;48;33;2946;1611;1335;2498;1416;1082;448;195;253
1531;33;2041;13122.0;4476.0;6332.0;1540.0;774.0;79;47;32;2943;1610;1333;2474;1403;1071;469;207;262
1532;33;2042;13087.0;4469.0;6313.0;1532.0;773.0;78;46;32;2940;1608;1332;2453;1392;1062;487;216;270
1533;33;2043;13059.0;4466.0;6298.0;1524.0;771.0;77;46;31;2938;1607;1331;2434;1381;1053;504;226;278
1534;33;2044;13037.0;4464.0;6286.0;1517.0;770.0;76;45;31;2935;1605;1330;2416;1370;1046;519;235;284
1535;33;2045;13035.0;4469.0;6284.0;1513.0;769.0;75;45;31;2934;1605;1329;2402;1362;1039;532;243;290
1536;33;2046;13056.0;4483.0;6291.0;1511.0;770.0;75;45;30;2932;1603;1329;2389;1355;1034;543;248;295
1537;33;2047;13096.0;4502.0;6309.0;1511.0;773.0;74;44;30;2929;1602;1327;2381;1349;1031;548;253;296
1538;33;2048;13152.0;4527.0;6334.0;1514.0;776.0;74;44;30;2927;1600;1327;2375;1345;1030;552;255;297
1539;33;2049;13218.0;4556.0;6364.0;1519.0;780.0;74;44;30;2927;1600;1327;2371;1341;1029;556;259;298
1540;34;2006;13975.0;4202.0;6545.0;2384.0;845.0;136;78;58;2360;1256;1104;3446;2004;1442;-1086;-748;-338
1541;34;2007;12889.0;3894.0;6082.0;2109.0;803.0;124;71;53;2476;1323;1153;3208;1850;1358;-732;-527;-205
1542;34;2008;12547.0;3787.0;5883.0;2069.0;808.0;118;68;50;2594;1394;1200;3098;1770;1328;-504;-376;-128
1543;34;2009;11993.0;3606.0;5661.0;1907.0;819.0;112;65;48;2704;1468;1236;2976;1695;1281;-272;-227;-45
1544;34;2010;11834.0;3560.0;5599.0;1843.0;832.0;111;64;47;2795;1526;1269;2908;1660;1248;-113;-134;21
1545;34;2011;11712.0;3518.0;5560.0;1795.0;839.0;109;63;46;2858;1568;1290;2872;1635;1238;-14;-67;52
1546;34;2012;11787.0;3520.0;5621.0;1796.0;850.0;109;63;46;2885;1585;1300;2874;1631;1243;11;-46;57
1547;34;2013;11701.0;3491.0;5595.0;1769.0;847.0;108;63;46;2891;1589;1302;2832;1606;1226;59;-17;76
1548;34;2014;12025.0;3605.0;5747.0;1801.0;872.0;111;65;46;2883;1584;1299;2866;1629;1237;17;-45;62
1549;34;2015;11896.0;3564.0;5699.0;1767.0;865.0;109;63;46;2877;1580;1297;2847;1617;1231;30;-37;66
1550;34;2016;11523.0;3452.0;5531.0;1700.0;840.0;106;62;44;2869;1575;1294;2833;1616;1217;36;-41;77
1551;34;2017;11432.0;3423.0;5497.0;1676.0;837.0;104;61;43;2861;1571;1290;2820;1610;1210;41;-39;80
1552;34;2018;11647.0;3489.0;5607.0;1696.0;854.0;106;62;44;2854;1567;1287;2843;1624;1219;11;-57;68
1553;34;2019;11853.0;3554.0;5712.0;1716.0;871.0;107;62;44;2846;1563;1283;2835;1616;1220;11;-53;63
1554;34;2020;12149.0;3646.0;5860.0;1748.0;895.0;108;63;45;2840;1559;1281;2829;1612;1218;11;-53;63
1555;34;2021;12152.0;3651.0;5865.0;1738.0;898.0;108;64;44;2832;1555;1277;2808;1603;1205;24;-48;72
1556;34;2022;12170.0;3659.0;5880.0;1730.0;901.0;107;63;44;2826;1551;1275;2787;1590;1197;39;-39;78
1557;34;2023;12335.0;3713.0;5963.0;1745.0;915.0;107;63;44;2820;1548;1272;2783;1587;1196;37;-39;76
1558;34;2024;12725.0;3834.0;6155.0;1791.0;945.0;110;65;45;2812;1544;1268;2806;1605;1201;6;-61;67
1559;34;2025;12771.0;3853.0;6179.0;1788.0;950.0;109;64;45;2807;1541;1266;2780;1588;1192;27;-47;74
1560;34;2026;12636.0;3818.0;6116.0;1760.0;941.0;107;63;44;2800;1537;1263;2745;1571;1175;55;-34;88
1561;34;2027;12594.0;3812.0;6097.0;1746.0;938.0;105;62;43;2794;1534;1260;2708;1548;1160;86;-14;101
1562;34;2028;12629.0;3828.0;6115.0;1743.0;942.0;104;61;43;2789;1530;1259;2686;1537;1148;103;-7;111
1563;34;2029;12374.0;3757.0;5993.0;1700.0;925.0;101;60;41;2784;1528;1256;2633;1508;1125;151;20;131
1564;34;2030;12302.0;3741.0;5958.0;1682.0;920.0;100;59;40;2778;1524;1254;2612;1501;1111;166;23;143
1565;34;2031;12488.0;3804.0;6048.0;1700.0;935.0;99;59;41;2773;1522;1251;2594;1488;1107;179;34;144
1566;34;2032;12791.0;3903.0;6195.0;1734.0;958.0;101;60;41;2769;1519;1250;2598;1495;1103;171;24;147
1567;34;2033;12857.0;3930.0;6226.0;1736.0;964.0;100;60;41;2765;1517;1248;2582;1488;1095;183;29;153
1568;34;2034;13159.0;4030.0;6372.0;1770.0;987.0;101;60;41;2760;1514;1246;2582;1487;1095;178;27;151
1569;34;2035;12978.0;3982.0;6283.0;1739.0;975.0;99;59;40;2757;1512;1245;2545;1468;1077;212;44;168
1570;34;2036;12865.0;3955.0;6227.0;1717.0;966.0;97;58;39;2750;1509;1241;2518;1454;1063;232;55;178
1571;34;2037;12792.0;3940.0;6190.0;1700.0;961.0;96;57;39;2747;1507;1240;2495;1441;1053;252;66;187
1572;34;2038;12474.0;3849.0;6034.0;1652.0;938.0;92;55;38;2742;1504;1238;2445;1412;1034;297;92;204
1573;34;2039;12162.0;3760.0;5882.0;1605.0;915.0;89;53;36;2740;1503;1237;2400;1387;1013;340;116;224
1574;34;2040;12090.0;3745.0;5846.0;1590.0;910.0;88;52;36;2737;1501;1236;2374;1373;1002;363;128;234
1575;34;2041;12003.0;3725.0;5801.0;1573.0;903.0;86;51;35;2734;1499;1235;2349;1359;990;385;140;245
1576;34;2042;11948.0;3715.0;5773.0;1560.0;900.0;85;51;34;2731;1497;1234;2328;1347;980;403;150;254
1577;34;2043;11916.0;3713.0;5756.0;1551.0;897.0;84;50;34;2728;1496;1232;2309;1337;972;419;159;260
1578;34;2044;11895.0;3713.0;5743.0;1543.0;896.0;83;49;34;2726;1494;1232;2293;1328;965;433;166;267
1579;34;2045;11876.0;3714.0;5732.0;1535.0;894.0;82;49;33;2722;1493;1229;2277;1319;958;445;174;271
1580;34;2046;11879.0;3722.0;5731.0;1531.0;895.0;81;48;33;2720;1491;1229;2264;1312;953;456;179;276
1581;34;2047;11899.0;3736.0;5738.0;1529.0;897.0;81;48;33;2720;1491;1229;2254;1305;949;466;186;280
1582;34;2048;11937.0;3755.0;5754.0;1529.0;900.0;80;48;32;2717;1489;1228;2247;1300;946;470;189;282
1583;34;2049;11990.0;3779.0;5776.0;1531.0;904.0;80;47;32;2716;1489;1227;2243;1297;945;473;192;282
1584;35;2006;12214.0;3416.0;5497.0;2393.0;908.0;154;88;66;2208;1194;1014;3313;1959;1354;-1105;-765;-340
1585;35;2007;11791.0;3325.0;5318.0;2257.0;891.0;145;82;63;2314;1256;1058;3201;1871;1330;-887;-615;-272
1586;35;2008;10928.0;3086.0;4926.0;2055.0;861.0;133;75;57;2428;1325;1103;2989;1735;1254;-561;-410;-151
1587;35;2009;10572.0;2987.0;4759.0;1952.0;875.0;127;72;54;2531;1391;1140;2890;1664;1226;-359;-273;-86
1588;35;2010;10209.0;2916.0;4570.0;1844.0;879.0;120;68;52;2618;1449;1169;2781;1597;1184;-163;-148;-15
1589;35;2011;10059.0;2889.0;4501.0;1795.0;874.0;119;68;51;2677;1487;1190;2720;1567;1153;-43;-80;37
1590;35;2012;9975.0;2876.0;4468.0;1761.0;870.0;117;67;50;2702;1504;1198;2687;1544;1143;15;-40;55
1591;35;2013;10078.0;2921.0;4515.0;1760.0;882.0;117;67;50;2707;1506;1201;2688;1541;1147;19;-35;54
1592;35;2014;10019.0;2915.0;4492.0;1734.0;878.0;116;66;50;2701;1502;1199;2652;1520;1132;49;-18;67
1593;35;2015;10270.0;2990.0;4613.0;1764.0;903.0;119;68;51;2692;1498;1194;2684;1541;1142;8;-43;52
1594;35;2016;10179.0;2976.0;4573.0;1733.0;897.0;116;67;50;2685;1494;1191;2669;1531;1137;16;-37;54
1595;35;2017;9868.0;2892.0;4438.0;1666.0;872.0;113;65;48;2678;1490;1188;2658;1531;1127;20;-41;61
1596;35;2018;9802.0;2881.0;4410.0;1643.0;868.0;111;64;47;2671;1486;1185;2644;1524;1120;27;-38;65
1597;35;2019;9991.0;2946.0;4498.0;1661.0;886.0;113;65;48;2664;1482;1182;2665;1537;1128;-1;-55;54
1598;35;2020;10169.0;3005.0;4581.0;1679.0;904.0;113;65;48;2657;1479;1178;2660;1532;1128;-3;-53;51
1599;35;2021;10427.0;3088.0;4700.0;1710.0;929.0;115;66;49;2650;1474;1176;2654;1529;1125;-4;-55;51
1600;35;2022;10428.0;3094.0;4704.0;1699.0;931.0;115;67;48;2643;1471;1172;2636;1523;1113;7;-52;59
1601;35;2023;10445.0;3103.0;4715.0;1692.0;934.0;114;66;48;2637;1467;1170;2617;1512;1106;20;-45;64
1602;35;2024;10584.0;3148.0;4782.0;1705.0;948.0;114;66;48;2630;1464;1166;2614;1510;1105;16;-46;61
1603;35;2025;10914.0;3251.0;4935.0;1749.0;979.0;117;68;49;2625;1461;1164;2636;1528;1109;-11;-67;55
1604;35;2026;10950.0;3265.0;4956.0;1745.0;984.0;115;67;48;2620;1458;1162;2615;1514;1100;5;-56;62
1605;35;2027;10831.0;3232.0;4905.0;1718.0;975.0;113;66;47;2612;1454;1158;2582;1498;1084;30;-44;74
1606;35;2028;10790.0;3224.0;4891.0;1703.0;972.0;111;65;47;2607;1451;1156;2549;1479;1070;58;-28;86
1607;35;2029;10816.0;3234.0;4906.0;1700.0;976.0;111;64;46;2602;1448;1154;2531;1470;1061;71;-22;93
1608;35;2030;10596.0;3171.0;4809.0;1658.0;958.0;107;62;45;2597;1445;1152;2483;1444;1039;114;1;113
1609;35;2031;10526.0;3152.0;4781.0;1640.0;952.0;106;62;44;2591;1442;1149;2465;1438;1028;126;4;122
1610;35;2032;10678.0;3200.0;4854.0;1658.0;967.0;106;61;44;2587;1439;1148;2449;1426;1023;138;13;125
1611;35;2033;10931.0;3278.0;4972.0;1690.0;991.0;107;63;45;2583;1437;1146;2455;1435;1020;128;2;126
1612;35;2034;10980.0;3295.0;4997.0;1692.0;996.0;107;63;44;2579;1435;1144;2443;1430;1013;136;5;131
1613;35;2035;11228.0;3370.0;5113.0;1725.0;1020.0;108;63;45;2575;1432;1143;2443;1431;1013;132;1;130
1614;35;2036;11067.0;3324.0;5042.0;1694.0;1007.0;106;62;44;2569;1429;1140;2411;1414;997;158;15;143
1615;35;2037;10964.0;3295.0;4999.0;1673.0;998.0;104;61;43;2566;1427;1139;2387;1403;984;179;24;155
1616;35;2038;10893.0;3274.0;4969.0;1658.0;992.0;102;60;42;2563;1426;1137;2365;1391;975;198;35;162
1617;35;2039;10617.0;3193.0;4845.0;1611.0;967.0;99;58;41;2559;1423;1136;2322;1364;958;237;59;178
1618;35;2040;10345.0;3112.0;4724.0;1566.0;943.0;95;56;39;2555;1421;1134;2280;1340;940;275;81;194
1619;35;2041;10278.0;3093.0;4695.0;1551.0;938.0;94;55;39;2553;1420;1133;2258;1328;930;295;92;203
1620;35;2042;10196.0;3069.0;4660.0;1535.0;931.0;92;54;38;2550;1418;1132;2235;1316;920;315;102;212
1621;35;2043;10141.0;3054.0;4638.0;1523.0;927.0;91;53;37;2548;1417;1131;2217;1306;912;331;111;219
1622;35;2044;10108.0;3044.0;4625.0;1515.0;924.0;90;53;37;2545;1415;1130;2202;1297;904;343;118;226
1623;35;2045;10082.0;3038.0;4614.0;1508.0;922.0;89;52;37;2543;1414;1129;2188;1289;898;355;125;231
1624;35;2046;10059.0;3031.0;4606.0;1501.0;921.0;88;51;36;2541;1413;1128;2175;1282;893;366;131;235
1625;35;2047;10053.0;3029.0;4605.0;1498.0;920.0;87;51;36;2539;1411;1128;2165;1276;889;374;135;239
1626;35;2048;10061.0;3033.0;4611.0;1496.0;922.0;86;51;35;2537;1410;1127;2158;1272;887;379;138;240
1627;35;2049;10085.0;3041.0;4624.0;1497.0;924.0;85;50;35;2537;1410;1127;2154;1269;885;383;141;242
1628;36;2006;9704.0;2718.0;4083.0;1965.0;938.0;178;103;75;2030;1097;933;3308;1993;1315;-1278;-896;-382
1629;36;2007;9364.0;2637.0;3937.0;1861.0;930.0;168;97;71;2128;1154;974;3075;1813;1262;-947;-659;-288
1630;36;2008;9067.0;2569.0;3796.0;1777.0;926.0;158;91;68;2232;1218;1014;2971;1731;1241;-739;-513;-227
1631;36;2009;8430.0;2389.0;3511.0;1629.0;901.0;145;83;62;2328;1279;1049;2779;1609;1170;-451;-330;-121
1632;36;2010;8168.0;2323.0;3388.0;1554.0;903.0;139;80;59;2414;1334;1080;2691;1546;1145;-277;-212;-65
1633;36;2011;7852.0;2239.0;3244.0;1480.0;889.0;132;76;56;2467;1369;1098;2590;1484;1106;-123;-115;-8
1634;36;2012;7746.0;2220.0;3204.0;1450.0;872.0;130;75;55;2495;1386;1109;2534;1457;1077;-39;-71;32
1635;36;2013;7697.0;2209.0;3187.0;1433.0;868.0;127;73;54;2500;1389;1111;2504;1435;1069;-4;-46;42
1636;36;2014;7794.0;2246.0;3226.0;1443.0;880.0;128;74;54;2495;1386;1109;2506;1433;1073;-11;-47;36
1637;36;2015;7763.0;2241.0;3215.0;1430.0;876.0;127;73;54;2487;1381;1106;2474;1415;1059;13;-34;47
1638;36;2016;7971.0;2300.0;3306.0;1463.0;902.0;130;75;55;2480;1377;1103;2505;1435;1070;-25;-58;33
1639;36;2017;7912.0;2285.0;3284.0;1446.0;896.0;127;73;54;2472;1372;1100;2491;1425;1066;-19;-53;34
1640;36;2018;7685.0;2224.0;3190.0;1401.0;871.0;123;71;52;2465;1369;1096;2477;1421;1056;-12;-52;40
1641;36;2019;7645.0;2217.0;3173.0;1388.0;867.0;121;70;51;2459;1365;1094;2465;1415;1050;-6;-50;44
1642;36;2020;7800.0;2265.0;3237.0;1412.0;886.0;122;71;51;2452;1362;1090;2484;1427;1057;-32;-65;33
1643;36;2021;7950.0;2311.0;3300.0;1435.0;904.0;123;71;52;2446;1358;1088;2479;1422;1056;-33;-64;32
1644;36;2022;8159.0;2374.0;3387.0;1469.0;928.0;125;72;53;2438;1355;1083;2476;1421;1055;-38;-66;28
1645;36;2023;8171.0;2378.0;3393.0;1469.0;931.0;125;73;52;2432;1351;1081;2459;1416;1043;-27;-65;38
1646;36;2024;8193.0;2386.0;3402.0;1470.0;934.0;123;72;52;2428;1349;1079;2442;1405;1037;-14;-56;42
1647;36;2025;8310.0;2421.0;3452.0;1489.0;949.0;123;72;52;2421;1345;1076;2439;1404;1035;-18;-59;41
1648;36;2026;8577.0;2499.0;3563.0;1534.0;980.0;127;74;53;2417;1343;1074;2461;1421;1040;-44;-78;34
1649;36;2027;8616.0;2512.0;3581.0;1539.0;985.0;126;73;52;2410;1339;1071;2440;1408;1031;-30;-69;40
1650;36;2028;8530.0;2487.0;3546.0;1521.0;976.0;123;72;51;2406;1337;1069;2412;1394;1017;-6;-57;52
1651;36;2029;8507.0;2481.0;3537.0;1516.0;974.0;121;71;50;2400;1334;1066;2381;1376;1005;19;-42;61
1652;36;2030;8536.0;2490.0;3549.0;1519.0;978.0;120;70;50;2396;1331;1065;2365;1369;996;31;-38;69
1653;36;2031;8369.0;2441.0;3482.0;1487.0;960.0;117;68;48;2392;1329;1063;2322;1345;977;70;-16;86
1654;36;2032;8323.0;2428.0;3463.0;1478.0;954.0;116;68;48;2388;1327;1061;2305;1339;966;83;-12;95
1655;36;2033;8450.0;2465.0;3516.0;1499.0;970.0;115;67;48;2382;1323;1059;2291;1329;963;91;-6;96
1656;36;2034;8654.0;2525.0;3602.0;1535.0;993.0;117;69;48;2378;1321;1057;2299;1337;961;79;-16;96
1657;36;2035;8700.0;2538.0;3621.0;1541.0;999.0;117;69;48;2375;1319;1056;2288;1333;954;87;-14;102
1658;36;2036;8902.0;2597.0;3707.0;1576.0;1023.0;118;69;49;2369;1316;1053;2290;1335;955;79;-19;98
1659;36;2037;8782.0;2561.0;3657.0;1555.0;1010.0;115;68;48;2366;1315;1051;2260;1319;941;106;-4;110
1660;36;2038;8707.0;2539.0;3627.0;1540.0;1001.0;113;67;47;2363;1313;1050;2238;1309;930;125;4;120
1661;36;2039;8657.0;2524.0;3607.0;1530.0;996.0;112;66;46;2360;1311;1049;2218;1298;921;142;13;128
1662;36;2040;8443.0;2462.0;3518.0;1492.0;972.0;107;63;44;2357;1309;1048;2179;1273;906;178;36;142
1663;36;2041;8234.0;2401.0;3431.0;1454.0;948.0;104;61;43;2354;1308;1046;2141;1251;890;213;57;156
1664;36;2042;8185.0;2386.0;3412.0;1445.0;942.0;102;60;42;2352;1306;1046;2121;1240;881;231;66;165
1665;36;2043;8125.0;2369.0;3386.0;1434.0;936.0;101;59;41;2349;1305;1044;2102;1229;873;247;76;171
1666;36;2044;8087.0;2357.0;3371.0;1427.0;932.0;99;59;41;2346;1303;1043;2086;1220;866;260;83;177
1667;36;2045;8065.0;2351.0;3363.0;1422.0;929.0;98;58;40;2344;1302;1042;2073;1213;860;271;90;182
1668;36;2046;8048.0;2345.0;3357.0;1419.0;927.0;97;57;40;2343;1301;1042;2062;1206;856;281;95;186
1669;36;2047;8034.0;2341.0;3351.0;1416.0;925.0;96;57;39;2341;1300;1041;2051;1199;852;290;101;189
1670;36;2048;8033.0;2340.0;3351.0;1415.0;926.0;95;56;39;2339;1299;1040;2043;1194;849;296;105;191
1671;36;2049;8043.0;2343.0;3356.0;1417.0;927.0;94;56;38;2338;1299;1039;2038;1190;848;300;109;191
1672;37;2006;7901.0;2074.0;3248.0;1710.0;869.0;196;113;83;1845;1003;842;3104;1890;1214;-1259;-887;-372
1673;37;2007;7806.0;2057.0;3199.0;1670.0;881.0;189;108;80;1930;1052;878;3046;1826;1219;-1116;-774;-341
1674;37;2008;7558.0;1999.0;3074.0;1599.0;885.0;179;102;76;2027;1110;917;2844;1675;1170;-817;-565;-253
1675;37;2009;7334.0;1951.0;2960.0;1534.0;889.0;168;96;73;2120;1169;951;2744;1597;1147;-624;-428;-196
1676;37;2010;6819.0;1823.0;2731.0;1413.0;852.0;154;88;66;2199;1220;979;2570;1487;1083;-371;-267;-104
1677;37;2011;6568.0;1750.0;2624.0;1356.0;838.0;147;84;63;2252;1254;998;2489;1430;1059;-237;-176;-61
1678;37;2012;6308.0;1689.0;2510.0;1297.0;813.0;140;80;60;2276;1270;1006;2396;1373;1023;-120;-103;-17
1679;37;2013;6227.0;1673.0;2477.0;1278.0;799.0;138;79;59;2280;1272;1008;2347;1350;997;-67;-78;11
1680;37;2014;6189.0;1668.0;2460.0;1268.0;794.0;135;77;58;2274;1268;1006;2320;1329;990;-46;-61;16
1681;37;2015;6269.0;1697.0;2486.0;1280.0;805.0;136;78;58;2266;1263;1003;2322;1327;994;-56;-64;9
1682;37;2016;6247.0;1695.0;2475.0;1274.0;803.0;134;77;58;2258;1259;999;2296;1313;984;-38;-54;15
1683;37;2017;6411.0;1737.0;2540.0;1307.0;826.0;137;79;59;2252;1256;996;2327;1332;995;-75;-76;1
1684;37;2018;6368.0;1729.0;2522.0;1297.0;821.0;134;76;58;2246;1253;993;2312;1321;991;-66;-68;2
1685;37;2019;6187.0;1684.0;2445.0;1258.0;799.0;130;74;55;2240;1249;991;2296;1316;980;-56;-67;11
1686;37;2020;6153.0;1679.0;2429.0;1251.0;795.0;128;73;55;2232;1245;987;2282;1308;974;-50;-63;13
1687;37;2021;6276.0;1715.0;2474.0;1275.0;812.0;129;74;55;2227;1243;984;2300;1319;980;-73;-76;4
1688;37;2022;6396.0;1751.0;2518.0;1299.0;828.0;130;75;55;2221;1239;982;2296;1316;980;-75;-77;2
1689;37;2023;6564.0;1798.0;2582.0;1332.0;852.0;132;76;56;2215;1236;979;2294;1316;978;-79;-80;1
1690;37;2024;6574.0;1803.0;2583.0;1334.0;854.0;132;76;56;2210;1233;977;2282;1313;969;-72;-80;8
1691;37;2025;6590.0;1810.0;2586.0;1337.0;857.0;130;75;55;2204;1230;974;2265;1302;963;-61;-72;11
1692;37;2026;6683.0;1837.0;2620.0;1356.0;870.0;131;75;55;2198;1226;972;2264;1302;962;-66;-76;10
1693;37;2027;6898.0;1898.0;2702.0;1399.0;899.0;134;78;57;2193;1224;969;2284;1319;966;-91;-95;3
1694;37;2028;6926.0;1907.0;2710.0;1405.0;904.0;133;77;56;2188;1221;967;2267;1307;959;-79;-86;8
1695;37;2029;6858.0;1890.0;2681.0;1391.0;896.0;130;76;55;2182;1218;964;2241;1294;947;-59;-76;17
1696;37;2030;6839.0;1886.0;2670.0;1388.0;894.0;128;74;54;2178;1216;962;2214;1278;936;-36;-62;26
1697;37;2031;6862.0;1895.0;2677.0;1393.0;898.0;128;74;54;2173;1213;960;2200;1271;928;-27;-58;32
1698;37;2032;6727.0;1859.0;2622.0;1366.0;881.0;124;72;52;2170;1211;959;2160;1249;911;10;-38;48
1699;37;2033;6688.0;1849.0;2604.0;1358.0;877.0;122;71;51;2164;1208;956;2146;1244;902;18;-36;54
1700;37;2034;6790.0;1879.0;2641.0;1379.0;891.0;122;71;51;2162;1207;955;2133;1234;899;29;-27;56
1701;37;2035;6952.0;1925.0;2702.0;1412.0;913.0;124;72;52;2157;1204;953;2141;1243;898;16;-39;55
1702;37;2036;6987.0;1936.0;2713.0;1419.0;919.0;124;72;52;2155;1203;952;2133;1240;893;22;-37;59
1703;37;2037;7149.0;1982.0;2773.0;1452.0;941.0;125;73;52;2151;1201;950;2136;1242;894;15;-41;56
1704;37;2038;7049.0;1955.0;2733.0;1433.0;929.0;122;71;51;2147;1198;949;2109;1228;882;38;-30;67
1705;37;2039;6988.0;1940.0;2706.0;1420.0;922.0;120;70;50;2144;1197;947;2090;1217;873;54;-20;74
1706;37;2040;6946.0;1930.0;2687.0;1412.0;916.0;119;69;49;2141;1194;947;2073;1207;866;68;-13;81
1707;37;2041;6773.0;1883.0;2618.0;1378.0;894.0;114;67;48;2137;1193;944;2035;1183;852;102;10;92
1708;37;2042;6604.0;1837.0;2550.0;1344.0;873.0;111;65;46;2136;1192;944;2002;1164;838;134;28;106
1709;37;2043;6564.0;1827.0;2533.0;1336.0;868.0;109;64;45;2133;1191;942;1985;1154;830;148;37;112
1710;37;2044;6515.0;1815.0;2512.0;1326.0;862.0;107;63;44;2131;1189;942;1967;1143;824;164;46;118
1711;37;2045;6481.0;1806.0;2497.0;1320.0;858.0;105;62;44;2130;1189;941;1954;1136;818;176;53;123
1712;37;2046;6462.0;1803.0;2487.0;1316.0;856.0;104;61;43;2127;1187;940;1943;1129;814;184;58;126
1713;37;2047;6446.0;1800.0;2479.0;1313.0;854.0;103;60;43;2125;1186;939;1934;1123;811;191;63;128
1714;37;2048;6433.0;1797.0;2471.0;1311.0;854.0;102;60;42;2125;1186;939;1926;1118;809;199;68;130
1715;37;2049;6429.0;1797.0;2468.0;1311.0;854.0;101;59;42;2122;1184;938;1920;1113;807;202;71;131
1716;38;2006;5819.0;1497.0;2254.0;1327.0;741.0;202;114;87;1714;944;770;2869;1748;1121;-1155;-804;-351
1717;38;2007;6148.0;1580.0;2366.0;1395.0;806.0;208;118;90;1798;993;805;2869;1739;1130;-1071;-746;-325
1718;38;2008;6103.0;1568.0;2325.0;1382.0;827.0;201;113;87;1886;1046;840;2813;1683;1131;-927;-637;-291
1719;38;2009;5938.0;1528.0;2235.0;1337.0;838.0;190;107;83;1978;1103;875;2633;1549;1084;-655;-446;-209
1720;38;2010;5765.0;1496.0;2150.0;1291.0;827.0;179;100;79;2049;1147;902;2540;1478;1062;-491;-331;-160
1721;38;2011;5336.0;1381.0;1978.0;1198.0;779.0;164;92;73;2100;1182;918;2380;1378;1002;-280;-196;-84
1722;38;2012;5138.0;1326.0;1901.0;1156.0;754.0;157;88;69;2125;1197;928;2304;1326;978;-179;-129;-50
1723;38;2013;4946.0;1280.0;1820.0;1112.0;734.0;149;83;66;2130;1200;930;2219;1274;946;-89;-74;-16
1724;38;2014;4886.0;1270.0;1796.0;1101.0;720.0;147;83;64;2124;1196;928;2176;1253;924;-52;-57;4
1725;38;2015;4864.0;1266.0;1784.0;1097.0;717.0;144;81;64;2118;1193;925;2152;1235;917;-34;-42;8
1726;38;2016;4928.0;1288.0;1804.0;1111.0;726.0;145;81;64;2111;1189;922;2155;1233;922;-44;-44;0
1727;38;2017;4914.0;1285.0;1797.0;1109.0;724.0;143;80;63;2104;1186;918;2134;1220;913;-30;-34;5
1728;38;2018;5048.0;1319.0;1844.0;1140.0;745.0;146;82;64;2098;1182;916;2161;1238;922;-63;-56;-6
1729;38;2019;5017.0;1313.0;1831.0;1133.0;741.0;142;79;63;2092;1179;913;2146;1227;919;-54;-48;-6
1730;38;2020;4875.0;1278.0;1776.0;1102.0;720.0;137;77;60;2086;1176;910;2129;1220;908;-43;-44;2
1731;38;2021;4852.0;1274.0;1764.0;1097.0;717.0;135;76;59;2080;1172;908;2116;1213;903;-36;-41;5
1732;38;2022;4949.0;1301.0;1797.0;1119.0;732.0;137;77;60;2074;1170;904;2131;1224;907;-57;-54;-3
1733;38;2023;5046.0;1328.0;1830.0;1141.0;747.0;138;78;60;2068;1165;903;2128;1222;907;-60;-57;-4
1734;38;2024;5180.0;1364.0;1875.0;1172.0;768.0;140;79;61;2062;1162;900;2128;1222;906;-66;-60;-6
1735;38;2025;5189.0;1368.0;1877.0;1175.0;770.0;140;79;61;2058;1160;898;2116;1219;897;-58;-59;1
1736;38;2026;5204.0;1374.0;1880.0;1177.0;773.0;138;78;60;2052;1157;895;2101;1210;891;-49;-53;4
1737;38;2027;5281.0;1395.0;1906.0;1195.0;785.0;139;78;60;2048;1155;893;2100;1210;890;-52;-55;3
1738;38;2028;5450.0;1440.0;1964.0;1234.0;811.0;142;81;62;2041;1151;890;2120;1225;895;-79;-74;-5
1739;38;2029;5475.0;1449.0;1971.0;1239.0;815.0;141;80;61;2037;1150;887;2104;1215;889;-67;-65;-2
1740;38;2030;5424.0;1436.0;1951.0;1228.0;809.0;138;79;60;2033;1147;886;2079;1202;877;-46;-55;9
1741;38;2031;5409.0;1433.0;1944.0;1225.0;807.0;136;77;59;2029;1145;884;2055;1188;866;-26;-43;18
1742;38;2032;5427.0;1439.0;1949.0;1229.0;810.0;136;77;59;2024;1142;882;2042;1182;860;-18;-40;22
1743;38;2033;5323.0;1412.0;1909.0;1207.0;796.0;131;75;57;2020;1140;880;2006;1162;844;14;-22;36
1744;38;2034;5294.0;1405.0;1897.0;1200.0;792.0;130;74;56;2017;1138;879;1993;1157;836;24;-19;43
1745;38;2035;5374.0;1428.0;1924.0;1218.0;804.0;130;74;56;2013;1136;877;1982;1149;833;31;-13;44
1746;38;2036;5505.0;1463.0;1969.0;1248.0;825.0;132;75;57;2011;1135;876;1991;1158;833;20;-23;43
1747;38;2037;5534.0;1472.0;1978.0;1255.0;829.0;132;75;57;2005;1131;874;1983;1155;828;22;-24;46
1748;38;2038;5663.0;1507.0;2022.0;1284.0;849.0;133;76;57;2002;1129;873;1987;1157;830;15;-28;43
1749;38;2039;5584.0;1487.0;1992.0;1267.0;838.0;130;74;56;2000;1128;872;1963;1144;819;37;-16;53
1750;38;2040;5537.0;1476.0;1973.0;1256.0;832.0;128;73;55;1996;1126;870;1946;1135;811;50;-9;59
1751;38;2041;5506.0;1468.0;1961.0;1249.0;827.0;126;72;54;1995;1126;869;1930;1125;805;65;1;64
1752;38;2042;5371.0;1433.0;1911.0;1219.0;808.0;122;69;52;1991;1124;867;1897;1104;793;94;20;74
1753;38;2043;5237.0;1398.0;1862.0;1189.0;788.0;118;67;50;1989;1123;866;1866;1086;780;123;37;86
1754;38;2044;5207.0;1391.0;1850.0;1182.0;784.0;116;66;49;1987;1121;866;1850;1077;774;137;44;93
1755;38;2045;5168.0;1381.0;1835.0;1173.0;779.0;114;65;48;1984;1120;864;1836;1068;768;148;52;96
1756;38;2046;5143.0;1376.0;1824.0;1168.0;775.0;112;64;48;1984;1120;864;1826;1061;764;158;59;100
1757;38;2047;5128.0;1373.0;1817.0;1165.0;773.0;111;64;47;1981;1118;863;1817;1055;761;164;63;102
1758;38;2048;5117.0;1370.0;1812.0;1162.0;773.0;109;63;47;1980;1117;863;1809;1050;759;171;67;104
1759;38;2049;5108.0;1369.0;1807.0;1160.0;771.0;108;62;46;1978;1116;862;1803;1045;758;175;71;104
1760;39;2006;4340.0;1098.0;1554.0;1081.0;607.0;221;124;97;1598;881;717;2662;1623;1039;-1064;-742;-322
1761;39;2007;4453.0;1136.0;1583.0;1106.0;629.0;219;122;97;1677;925;752;2657;1607;1050;-980;-682;-298
1762;39;2008;4721.0;1199.0;1661.0;1170.0;691.0;226;126;100;1761;976;785;2657;1599;1058;-896;-623;-273
1763;39;2009;4699.0;1191.0;1634.0;1159.0;714.0;219;122;97;1846;1029;817;2604;1548;1055;-758;-519;-238
1764;39;2010;4566.0;1164.0;1571.0;1119.0;713.0;207;115;92;1917;1072;845;2442;1432;1010;-525;-360;-165
1765;39;2011;4403.0;1125.0;1507.0;1080.0;692.0;196;107;88;1965;1103;862;2354;1367;988;-389;-264;-126
1766;39;2012;4069.0;1037.0;1388.0;1001.0;642.0;179;98;81;1986;1116;870;2210;1279;931;-224;-163;-61
1767;39;2013;3920.0;995.0;1335.0;968.0;622.0;171;94;77;1991;1119;872;2140;1232;908;-149;-113;-36
1768;39;2014;3774.0;961.0;1279.0;930.0;604.0;162;89;73;1984;1116;868;2065;1186;879;-81;-70;-11
1769;39;2015;3733.0;954.0;1265.0;920.0;594.0;160;88;72;1978;1112;866;2026;1168;858;-48;-56;8
1770;39;2016;3714.0;950.0;1257.0;916.0;591.0;157;86;71;1969;1107;862;2006;1154;852;-37;-47;10
1771;39;2017;3762.0;965.0;1271.0;927.0;599.0;157;86;71;1964;1104;860;2011;1154;857;-47;-50;3
1772;39;2018;3752.0;964.0;1267.0;924.0;597.0;155;85;70;1958;1101;857;1990;1142;848;-32;-41;9
1773;39;2019;3855.0;989.0;1301.0;950.0;614.0;158;87;71;1952;1098;854;2014;1158;856;-62;-60;-2
1774;39;2020;3830.0;983.0;1292.0;943.0;611.0;154;85;70;1947;1095;852;1999;1148;851;-52;-53;1
1775;39;2021;3722.0;956.0;1255.0;916.0;594.0;149;82;67;1940;1091;849;1982;1141;841;-42;-50;8
1776;39;2022;3703.0;952.0;1248.0;912.0;592.0;147;81;66;1936;1089;847;1970;1135;835;-34;-46;12
1777;39;2023;3780.0;973.0;1273.0;930.0;604.0;149;82;67;1930;1086;844;1984;1145;839;-54;-59;5
1778;39;2024;3853.0;992.0;1296.0;949.0;616.0;150;83;67;1925;1084;841;1980;1143;838;-55;-59;3
1779;39;2025;3957.0;1019.0;1330.0;974.0;634.0;152;84;68;1921;1081;840;1980;1144;836;-59;-63;4
1780;39;2026;3965.0;1022.0;1332.0;975.0;636.0;152;84;67;1915;1078;837;1968;1141;827;-53;-63;10
1781;39;2027;3978.0;1025.0;1336.0;978.0;639.0;150;83;67;1912;1076;836;1955;1133;822;-43;-57;14
1782;39;2028;4036.0;1041.0;1355.0;993.0;647.0;150;83;67;1906;1073;833;1953;1133;821;-47;-60;12
1783;39;2029;4165.0;1074.0;1398.0;1024.0;669.0;154;86;68;1902;1071;831;1970;1146;824;-68;-75;7
1784;39;2030;4185.0;1080.0;1404.0;1029.0;673.0;153;85;68;1898;1069;829;1956;1138;818;-58;-69;11
1785;39;2031;4146.0;1069.0;1390.0;1020.0;668.0;150;84;66;1893;1066;827;1934;1127;807;-41;-61;20
1786;39;2032;4138.0;1067.0;1386.0;1017.0;667.0;148;83;66;1890;1065;825;1912;1114;798;-22;-49;27
1787;39;2033;4151.0;1071.0;1390.0;1020.0;669.0;147;82;65;1886;1062;824;1901;1109;792;-15;-47;32
1788;39;2034;4073.0;1052.0;1363.0;1001.0;657.0;143;80;63;1883;1061;822;1868;1091;777;15;-30;45
1789;39;2035;4052.0;1046.0;1356.0;995.0;655.0;142;80;62;1878;1058;820;1855;1087;768;23;-29;52
1790;39;2036;4114.0;1062.0;1377.0;1011.0;665.0;141;79;62;1874;1056;818;1845;1079;766;29;-23;52
1791;39;2037;4214.0;1087.0;1410.0;1035.0;682.0;144;81;63;1872;1055;817;1854;1087;766;19;-32;51
1792;39;2038;4238.0;1094.0;1417.0;1040.0;686.0;143;81;63;1869;1053;816;1847;1085;761;22;-32;55
1793;39;2039;4336.0;1119.0;1449.0;1065.0;703.0;145;81;64;1867;1052;815;1850;1087;763;17;-35;52
1794;39;2040;4278.0;1105.0;1430.0;1050.0;693.0;142;80;62;1863;1050;813;1827;1075;753;36;-25;60
1795;39;2041;4243.0;1095.0;1418.0;1042.0;689.0;139;78;61;1860;1048;812;1812;1067;746;48;-19;66
1796;39;2042;4219.0;1089.0;1410.0;1036.0;685.0;137;77;60;1858;1047;811;1800;1059;740;58;-12;71
1797;39;2043;4116.0;1063.0;1374.0;1010.0;669.0;132;74;58;1857;1046;811;1769;1040;729;88;6;82
1798;39;2044;4016.0;1037.0;1341.0;986.0;653.0;128;72;56;1854;1045;809;1742;1024;718;112;21;91
1799;39;2045;3993.0;1031.0;1333.0;980.0;649.0;126;71;55;1852;1044;808;1728;1016;713;124;28;95
1800;39;2046;3965.0;1024.0;1322.0;973.0;645.0;124;70;54;1851;1043;808;1716;1008;708;135;35;100
1801;39;2047;3947.0;1020.0;1316.0;969.0;642.0;122;69;53;1848;1041;807;1706;1002;704;142;39;103
1802;39;2048;3936.0;1017.0;1313.0;966.0;641.0;120;68;52;1847;1040;807;1699;997;702;148;43;105
1803;39;2049;3929.0;1015.0;1310.0;964.0;640.0;119;67;52;1845;1039;806;1694;993;701;151;46;105
1804;40;2006;2731.0;678.0;915.0;626.0;512.0;244;138;106;1519;843;676;2502;1560;942;-983;-717;-266
1805;40;2007;2793.0;697.0;924.0;642.0;530.0;239;134;105;1594;885;709;2475;1512;964;-881;-627;-255
1806;40;2008;2879.0;721.0;945.0;659.0;554.0;238;133;105;1678;937;741;2471;1499;972;-793;-562;-231
1807;40;2009;3073.0;761.0;995.0;701.0;616.0;246;137;109;1758;985;773;2471;1493;977;-713;-508;-204
1808;40;2010;3062.0;761.0;981.0;692.0;628.0;238;132;106;1826;1028;798;2421;1449;973;-595;-421;-175
1809;40;2011;2958.0;733.0;943.0;666.0;616.0;225;125;101;1872;1058;814;2277;1346;931;-405;-288;-117
1810;40;2012;2827.0;710.0;908.0;621.0;588.0;213;117;96;1891;1072;819;2195;1286;910;-304;-214;-91
1811;40;2013;2643.0;656.0;839.0;602.0;546.0;195;107;88;1896;1074;822;2067;1208;859;-171;-134;-37
1812;40;2014;2533.0;631.0;810.0;561.0;530.0;186;102;84;1889;1069;820;2004;1167;838;-115;-98;-18
1813;40;2015;2472.0;610.0;779.0;566.0;517.0;177;97;80;1884;1066;818;1936;1125;811;-52;-59;7
1814;40;2016;2456.0;606.0;773.0;570.0;508.0;174;96;78;1877;1062;815;1903;1110;793;-26;-48;22
1815;40;2017;2456.0;603.0;771.0;577.0;505.0;170;93;77;1871;1059;812;1887;1098;789;-16;-39;23
1816;40;2018;2498.0;614.0;782.0;590.0;512.0;170;93;77;1866;1057;809;1891;1098;792;-25;-41;17
1817;40;2019;2499.0;614.0;782.0;593.0;510.0;168;92;76;1860;1053;807;1871;1088;784;-11;-35;23
1818;40;2020;2575.0;630.0;806.0;614.0;525.0;171;94;77;1856;1051;805;1892;1102;790;-36;-51;15
1819;40;2021;2570.0;628.0;804.0;616.0;523.0;167;91;76;1850;1048;802;1878;1093;785;-28;-45;17
1820;40;2022;2504.0;611.0;782.0;603.0;508.0;161;89;73;1843;1044;799;1862;1087;775;-19;-43;24
1821;40;2023;2500.0;610.0;780.0;604.0;506.0;159;87;72;1839;1042;797;1851;1081;769;-12;-39;28
1822;40;2024;2559.0;623.0;798.0;620.0;517.0;161;89;72;1834;1039;795;1863;1091;772;-29;-52;23
1823;40;2025;2613.0;636.0;815.0;636.0;527.0;162;89;73;1830;1037;793;1861;1090;771;-31;-53;22
1824;40;2026;2692.0;654.0;839.0;657.0;541.0;165;91;74;1825;1034;791;1860;1091;769;-35;-57;22
1825;40;2027;2705.0;657.0;842.0;662.0;543.0;164;91;73;1820;1032;788;1851;1090;761;-31;-58;27
1826;40;2028;2720.0;660.0;848.0;667.0;545.0;163;90;73;1816;1030;786;1838;1082;756;-22;-52;30
1827;40;2029;2767.0;670.0;862.0;681.0;554.0;163;90;73;1810;1026;784;1836;1082;755;-26;-56;29
1828;40;2030;2862.0;694.0;891.0;706.0;572.0;167;93;74;1806;1024;782;1855;1096;758;-49;-72;24
1829;40;2031;2884.0;698.0;898.0;713.0;575.0;166;92;74;1803;1022;781;1841;1088;753;-38;-66;28
1830;40;2032;2863.0;692.0;892.0;709.0;570.0;163;91;72;1799;1020;779;1821;1079;743;-22;-59;36
1831;40;2033;2863.0;691.0;892.0;711.0;569.0;161;89;71;1795;1018;777;1801;1067;734;-6;-49;43
1832;40;2034;2878.0;695.0;897.0;715.0;571.0;160;89;71;1791;1016;775;1791;1063;728;0;-47;47
1833;40;2035;2831.0;683.0;882.0;705.0;562.0;155;87;69;1788;1014;774;1761;1047;714;27;-33;60
1834;40;2036;2821.0;680.0;879.0;703.0;559.0;154;86;68;1785;1013;772;1750;1043;707;35;-30;65
1835;40;2037;2871.0;691.0;896.0;716.0;568.0;153;86;68;1783;1011;772;1742;1037;705;41;-26;67
1836;40;2038;2947.0;709.0;920.0;737.0;582.0;156;87;69;1780;1010;770;1751;1045;705;29;-35;65
1837;40;2039;2968.0;714.0;927.0;743.0;585.0;156;87;68;1777;1008;769;1745;1044;701;32;-36;68
1838;40;2040;3042.0;732.0;950.0;762.0;598.0;157;88;69;1773;1006;767;1749;1046;703;24;-40;64
1839;40;2041;3008.0;723.0;940.0;753.0;592.0;154;86;68;1773;1006;767;1730;1036;694;43;-30;73
1840;40;2042;2988.0;718.0;934.0;749.0;587.0;151;85;66;1769;1004;765;1716;1029;687;53;-25;78
1841;40;2043;2976.0;714.0;931.0;747.0;583.0;149;84;65;1768;1003;765;1704;1022;682;64;-19;83
1842;40;2044;2908.0;698.0;911.0;730.0;569.0;144;81;63;1766;1002;764;1677;1005;673;89;-3;92
1843;40;2045;2843.0;682.0;891.0;714.0;555.0;139;78;61;1763;1000;763;1653;990;663;110;10;100
1844;40;2046;2830.0;679.0;888.0;711.0;552.0;137;77;60;1762;1000;762;1641;983;659;121;17;103
1845;40;2047;2816.0;675.0;883.0;708.0;549.0;135;76;59;1760;998;762;1630;976;654;130;22;108
1846;40;2048;2808.0;673.0;881.0;706.0;547.0;133;75;58;1758;997;761;1623;972;652;135;25;109
1847;40;2049;2803.0;672.0;881.0;705.0;545.0;131;74;57;1757;997;760;1618;967;651;139;30;109
1848;41;2006;1784.0;410.0;642.0;414.0;318.0;280;155;125;1442;816;626;2429;1520;909;-987;-704;-283
1849;41;2007;1776.0;408.0;636.0;408.0;324.0;271;149;122;1510;857;653;2331;1457;874;-821;-600;-221
1850;41;2008;1817.0;416.0;640.0;421.0;339.0;266;146;120;1593;905;688;2302;1414;888;-709;-509;-200
1851;41;2009;1876.0;433.0;653.0;433.0;358.0;265;145;121;1673;955;718;2296;1402;894;-623;-447;-176
1852;41;2010;1994.0;459.0;685.0;458.0;392.0;274;149;125;1735;996;739;2298;1400;898;-563;-404;-159
1853;41;2011;1969.0;452.0;670.0;454.0;392.0;264;143;121;1782;1026;756;2250;1359;891;-468;-333;-135
1854;41;2012;1894.0;435.0;644.0;436.0;379.0;251;135;115;1802;1039;763;2119;1267;852;-317;-228;-89
1855;41;2013;1807.0;421.0;618.0;407.0;362.0;236;126;110;1806;1041;765;2043;1212;832;-237;-171;-67
1856;41;2014;1691.0;389.0;570.0;395.0;337.0;216;116;101;1800;1037;763;1926;1141;785;-126;-104;-22
1857;41;2015;1618.0;375.0;549.0;368.0;327.0;207;111;96;1795;1034;761;1870;1104;766;-75;-70;-5
1858;41;2016;1578.0;362.0;526.0;371.0;319.0;196;105;91;1788;1030;758;1808;1067;742;-20;-37;16
1859;41;2017;1567.0;359.0;521.0;374.0;313.0;193;103;89;1782;1027;755;1780;1054;726;2;-27;29
1860;41;2018;1566.0;357.0;518.0;378.0;312.0;189;101;88;1776;1023;753;1766;1043;722;10;-20;31
1861;41;2019;1592.0;364.0;525.0;386.0;317.0;189;101;88;1770;1020;750;1768;1044;724;2;-24;26
1862;41;2020;1591.0;363.0;524.0;388.0;316.0;186;99;87;1765;1018;747;1751;1034;716;15;-16;31
1863;41;2021;1639.0;373.0;538.0;402.0;326.0;189;101;88;1760;1014;746;1769;1047;721;-9;-33;25
1864;41;2022;1634.0;371.0;536.0;404.0;324.0;185;99;87;1755;1012;743;1754;1038;716;1;-26;27
1865;41;2023;1591.0;361.0;520.0;395.0;315.0;179;96;83;1750;1009;741;1739;1033;706;11;-24;35
1866;41;2024;1586.0;360.0;518.0;395.0;313.0;176;94;82;1743;1005;738;1728;1027;701;15;-22;37
1867;41;2025;1621.0;368.0;528.0;406.0;320.0;179;96;83;1739;1003;736;1740;1037;703;-1;-34;33
1868;41;2026;1657.0;375.0;538.0;416.0;327.0;180;96;84;1733;1000;733;1739;1036;703;-6;-36;30
1869;41;2027;1705.0;386.0;552.0;430.0;337.0;183;98;85;1730;999;731;1741;1039;702;-11;-40;29
1870;41;2028;1711.0;387.0;553.0;434.0;337.0;183;99;84;1726;996;730;1733;1039;694;-7;-43;36
1871;41;2029;1720.0;389.0;556.0;437.0;339.0;181;97;83;1721;993;728;1721;1032;689;0;-39;39
1872;41;2030;1750.0;395.0;563.0;446.0;345.0;181;98;84;1717;991;726;1721;1033;688;-4;-42;38
1873;41;2031;1807.0;408.0;581.0;463.0;356.0;186;101;85;1712;988;724;1737;1046;691;-25;-58;33
1874;41;2032;1821.0;411.0;585.0;467.0;359.0;185;100;85;1708;985;723;1725;1039;686;-17;-54;37
1875;41;2033;1806.0;407.0;579.0;465.0;355.0;181;98;83;1705;984;721;1707;1030;677;-2;-46;44
1876;41;2034;1804.0;407.0;578.0;466.0;354.0;179;97;82;1701;982;719;1689;1021;669;12;-39;50
1877;41;2035;1813.0;408.0;580.0;468.0;357.0;178;97;81;1697;979;718;1679;1016;663;18;-37;55
1878;41;2036;1782.0;401.0;569.0;461.0;350.0;173;94;79;1694;978;716;1652;1001;651;42;-23;65
1879;41;2037;1776.0;399.0;567.0;461.0;349.0;171;93;78;1691;976;715;1642;999;644;49;-23;71
1880;41;2038;1805.0;406.0;576.0;469.0;354.0;171;93;78;1688;975;713;1636;993;643;52;-18;70
1881;41;2039;1851.0;416.0;589.0;483.0;363.0;174;95;79;1686;973;713;1645;1002;643;41;-29;70
1882;41;2040;1863.0;418.0;593.0;486.0;366.0;173;95;79;1683;972;711;1641;1001;640;42;-29;71
1883;41;2041;1909.0;429.0;606.0;499.0;374.0;175;95;79;1681;971;710;1644;1004;641;37;-33;69
1884;41;2042;1884.0;424.0;598.0;493.0;369.0;171;93;78;1679;969;710;1628;995;633;51;-26;77
1885;41;2043;1872.0;420.0;594.0;490.0;367.0;168;92;76;1677;968;709;1615;988;627;62;-20;82
1886;41;2044;1865.0;419.0;591.0;490.0;365.0;166;91;75;1674;966;708;1606;983;623;68;-17;85
1887;41;2045;1821.0;409.0;577.0;479.0;357.0;160;88;72;1671;965;706;1580;966;614;91;-1;92
1888;41;2046;1778.0;399.0;563.0;468.0;348.0;154;85;70;1670;964;706;1558;953;605;112;11;101
1889;41;2047;1770.0;398.0;560.0;466.0;347.0;152;84;68;1667;963;704;1548;946;602;119;17;102
1890;41;2048;1759.0;395.0;556.0;463.0;345.0;149;82;67;1666;962;704;1540;941;599;126;21;105
1891;41;2049;1752.0;393.0;553.0;462.0;343.0;147;81;66;1666;962;704;1532;936;596;134;26;108
1892;42;2006;1059.0;236.0;335.0;241.0;247.0;321;176;144;1334;761;573;2304;1440;864;-970;-679;-291
1893;42;2007;1060.0;235.0;333.0;240.0;252.0;311;170;140;1396;797;599;2249;1406;843;-853;-609;-244
1894;42;2008;1062.0;233.0;330.0;238.0;261.0;301;164;137;1472;842;630;2162;1351;811;-690;-509;-181
1895;42;2009;1093.0;241.0;331.0;247.0;274.0;296;161;135;1549;890;659;2135;1314;822;-586;-424;-163
1896;42;2010;1127.0;250.0;339.0;253.0;285.0;294;159;135;1614;930;684;2127;1303;825;-513;-373;-141
1897;42;2011;1188.0;261.0;354.0;268.0;305.0;304;164;140;1658;960;698;2131;1303;828;-473;-343;-130
1898;42;2012;1171.0;257.0;347.0;266.0;302.0;293;157;136;1680;974;706;2087;1265;821;-407;-291;-115
1899;42;2013;1127.0;247.0;333.0;256.0;291.0;278;149;129;1683;975;708;1971;1185;787;-288;-210;-79
1900;42;2014;1075.0;238.0;320.0;239.0;278.0;262;139;123;1677;971;706;1902;1134;768;-225;-163;-62
1901;42;2015;1006.0;220.0;296.0;231.0;258.0;240;127;113;1670;967;703;1796;1070;726;-126;-103;-23
1902;42;2016;965.0;211.0;286.0;216.0;251.0;229;121;108;1663;964;699;1747;1038;709;-84;-74;-10
1903;42;2017;941.0;203.0;274.0;218.0;246.0;217;115;102;1659;961;698;1692;1004;687;-33;-43;11
1904;42;2018;934.0;202.0;272.0;220.0;241.0;213;113;100;1652;957;695;1666;994;672;-14;-37;23
1905;42;2019;934.0;201.0;271.0;223.0;239.0;209;110;99;1646;954;692;1651;983;669;-5;-29;23
1906;42;2020;949.0;204.0;274.0;228.0;243.0;209;110;99;1641;952;689;1653;983;670;-12;-31;19
1907;42;2021;949.0;203.0;274.0;229.0;243.0;206;108;97;1636;948;688;1637;974;662;-1;-26;26
1908;42;2022;977.0;209.0;281.0;238.0;250.0;210;111;99;1630;945;685;1653;986;667;-23;-41;18
1909;42;2023;973.0;207.0;280.0;238.0;249.0;205;108;97;1626;943;683;1640;978;662;-14;-35;21
1910;42;2024;947.0;201.0;272.0;233.0;241.0;198;105;94;1620;940;680;1624;972;652;-4;-32;28
1911;42;2025;945.0;200.0;271.0;233.0;241.0;195;103;92;1617;938;679;1614;967;646;3;-29;33
1912;42;2026;967.0;204.0;277.0;240.0;246.0;198;105;93;1611;935;676;1624;976;649;-13;-41;27
1913;42;2027;987.0;208.0;282.0;246.0;251.0;199;106;94;1606;932;674;1625;977;648;-19;-45;26
1914;42;2028;1016.0;213.0;290.0;255.0;258.0;202;107;95;1602;930;672;1626;979;647;-24;-49;25
1915;42;2029;1021.0;214.0;291.0;257.0;259.0;202;108;94;1598;927;671;1619;979;640;-21;-52;31
1916;42;2030;1025.0;214.0;293.0;259.0;260.0;201;107;94;1594;925;669;1609;973;635;-15;-48;34
1917;42;2031;1043.0;217.0;297.0;264.0;264.0;201;107;94;1590;923;667;1608;974;635;-18;-51;32
1918;42;2032;1077.0;224.0;306.0;274.0;273.0;206;110;96;1586;921;665;1624;987;638;-38;-66;27
1919;42;2033;1085.0;225.0;309.0;277.0;274.0;205;110;95;1582;918;664;1614;981;633;-32;-63;31
1920;42;2034;1077.0;223.0;306.0;276.0;272.0;201;108;93;1579;916;663;1597;973;624;-18;-57;39
1921;42;2035;1075.0;223.0;305.0;276.0;272.0;199;106;92;1575;914;661;1580;964;616;-5;-50;45
1922;42;2036;1081.0;223.0;307.0;278.0;273.0;197;106;91;1571;912;659;1573;961;612;-2;-49;47
1923;42;2037;1062.0;219.0;301.0;274.0;268.0;192;103;89;1570;911;659;1548;947;601;22;-36;58
1924;42;2038;1058.0;218.0;300.0;274.0;267.0;190;103;87;1566;909;657;1540;945;595;26;-36;62
1925;42;2039;1077.0;221.0;305.0;279.0;271.0;190;102;88;1562;907;655;1533;940;594;29;-33;61
1926;42;2040;1104.0;227.0;313.0;287.0;278.0;193;104;89;1559;906;653;1542;948;594;17;-42;59
1927;42;2041;1111.0;228.0;314.0;289.0;279.0;192;104;88;1556;904;652;1540;948;592;16;-44;60
1928;42;2042;1139.0;233.0;322.0;297.0;287.0;194;105;89;1556;904;652;1544;951;593;12;-47;59
1929;42;2043;1126.0;230.0;319.0;294.0;283.0;190;103;87;1553;902;651;1528;943;586;25;-41;65
1930;42;2044;1117.0;228.0;316.0;292.0;281.0;186;101;85;1551;901;650;1517;937;581;34;-36;69
1931;42;2045;1112.0;227.0;314.0;291.0;279.0;184;100;84;1550;900;650;1509;931;577;41;-31;73
1932;42;2046;1087.0;221.0;308.0;285.0;273.0;177;96;81;1547;899;648;1486;916;570;61;-17;78
1933;42;2047;1061.0;215.0;300.0;280.0;266.0;171;93;78;1546;898;648;1466;904;562;80;-6;86
1934;42;2048;1055.0;214.0;299.0;278.0;264.0;169;92;77;1545;898;647;1459;899;560;86;-1;87
1935;42;2049;1049.0;212.0;296.0;277.0;264.0;166;90;75;1542;896;646;1450;893;557;92;3;89
1936;43;2006;643.0;149.0;193.0;150.0;151.0;352;196;157;1223;688;535;2098;1343;755;-875;-655;-220
1937;43;2007;667.0;156.0;197.0;155.0;158.0;352;195;158;1285;724;561;2131;1359;773;-846;-635;-212
1938;43;2008;667.0;156.0;194.0;154.0;162.0;342;189;153;1354;765;589;2081;1327;754;-727;-562;-165
1939;43;2009;670.0;154.0;193.0;153.0;170.0;331;182;150;1431;810;621;2003;1276;727;-572;-466;-106
1940;43;2010;683.0;158.0;192.0;157.0;178.0;325;178;148;1484;844;640;1977;1242;735;-493;-398;-95
1941;43;2011;695.0;160.0;194.0;160.0;180.0;324;176;148;1527;872;655;1969;1231;738;-442;-359;-83
1942;43;2012;729.0;167.0;202.0;168.0;192.0;334;181;153;1543;882;661;1974;1233;741;-431;-351;-80
1943;43;2013;712.0;162.0;196.0;165.0;188.0;322;173;149;1547;884;663;1934;1198;737;-387;-314;-74
1944;43;2014;684.0;155.0;188.0;158.0;183.0;305;164;141;1543;882;661;1833;1125;707;-290;-243;-46
1945;43;2015;651.0;149.0;180.0;148.0;174.0;287;153;135;1534;877;657;1771;1078;693;-237;-201;-36
1946;43;2016;606.0;137.0;165.0;142.0;162.0;263;140;123;1530;875;655;1677;1020;657;-147;-145;-2
1947;43;2017;579.0;131.0;158.0;132.0;157.0;251;133;118;1526;873;653;1633;990;643;-107;-117;10
1948;43;2018;563.0;126.0;151.0;133.0;154.0;238;126;112;1520;870;650;1581;957;624;-61;-87;26
1949;43;2019;557.0;123.0;149.0;134.0;152.0;234;124;109;1513;866;647;1558;948;611;-45;-82;36
1950;43;2020;555.0;122.0;147.0;135.0;150.0;229;121;108;1509;864;645;1544;938;607;-35;-74;38
1951;43;2021;561.0;123.0;148.0;137.0;153.0;229;121;108;1504;861;643;1545;938;607;-41;-77;36
1952;43;2022;558.0;122.0;147.0;137.0;152.0;226;119;106;1500;859;641;1531;930;601;-31;-71;40
1953;43;2023;574.0;124.0;151.0;142.0;157.0;230;122;108;1494;856;638;1545;940;605;-51;-84;33
1954;43;2024;570.0;123.0;149.0;142.0;157.0;225;119;106;1490;854;636;1533;933;601;-43;-79;35
1955;43;2025;553.0;118.0;144.0;139.0;152.0;217;115;102;1484;851;633;1519;926;592;-35;-75;41
1956;43;2026;548.0;117.0;143.0;138.0;151.0;214;114;101;1481;849;632;1509;922;587;-28;-73;45
1957;43;2027;561.0;119.0;145.0;141.0;155.0;217;116;102;1477;847;630;1520;930;590;-43;-83;40
1958;43;2028;569.0;120.0;147.0;144.0;158.0;219;116;103;1473;845;628;1521;932;590;-48;-87;38
1959;43;2029;585.0;123.0;150.0;149.0;163.0;222;118;104;1469;843;626;1523;934;589;-54;-91;37
1960;43;2030;584.0;122.0;150.0;149.0;163.0;222;119;103;1465;840;625;1517;935;583;-52;-95;42
1961;43;2031;585.0;122.0;149.0;150.0;164.0;220;118;103;1462;839;623;1508;929;579;-46;-90;44
1962;43;2032;594.0;123.0;151.0;152.0;167.0;221;118;103;1458;837;621;1508;930;579;-50;-93;42
1963;43;2033;611.0;126.0;155.0;157.0;172.0;227;122;105;1455;835;620;1524;942;582;-69;-107;38
1964;43;2034;611.0;126.0;155.0;158.0;173.0;225;121;104;1453;834;619;1515;937;578;-62;-103;41
1965;43;2035;607.0;123.0;153.0;158.0;173.0;221;119;102;1448;831;617;1499;929;570;-51;-98;47
1966;43;2036;604.0;123.0;152.0;157.0;172.0;218;117;101;1445;829;616;1484;921;564;-39;-92;52
1967;43;2037;604.0;122.0;151.0;158.0;173.0;217;117;100;1442;828;614;1478;918;560;-36;-90;54
1968;43;2038;592.0;119.0;149.0;155.0;170.0;211;114;97;1440;826;614;1455;905;551;-15;-79;64
1969;43;2039;588.0;118.0;147.0;154.0;169.0;209;113;96;1436;824;612;1449;903;546;-13;-79;66
1970;43;2040;596.0;119.0;148.0;156.0;172.0;208;112;96;1435;824;611;1445;900;545;-10;-76;66
1971;43;2041;609.0;121.0;151.0;160.0;176.0;212;115;97;1432;822;610;1454;908;546;-22;-86;64
1972;43;2042;611.0;122.0;151.0;161.0;177.0;211;115;96;1430;821;609;1451;907;544;-21;-86;65
1973;43;2043;623.0;123.0;153.0;165.0;182.0;213;115;97;1428;820;608;1458;911;547;-30;-91;61
1974;43;2044;614.0;121.0;151.0;163.0;179.0;208;113;95;1426;819;607;1444;904;541;-18;-85;66
1975;43;2045;609.0;120.0;149.0;161.0;179.0;205;112;93;1424;819;605;1435;898;537;-11;-79;68
1976;43;2046;603.0;118.0;147.0;160.0;178.0;202;110;91;1422;818;604;1428;893;535;-6;-75;69
1977;43;2047;588.0;114.0;144.0;157.0;174.0;194;106;88;1421;817;604;1408;879;529;13;-62;75
1978;43;2048;573.0;111.0;139.0;153.0;169.0;188;103;85;1420;816;604;1390;867;523;30;-51;81
1979;43;2049;568.0;110.0;138.0;152.0;168.0;185;101;84;1419;816;603;1384;863;521;35;-47;82
1980;44;2006;324.0;61.0;101.0;77.0;84.0;379;206;173;1123;635;488;1959;1261;698;-836;-626;-210
1981;44;2007;338.0;65.0;102.0;82.0;89.0;380;206;173;1181;669;512;1969;1263;706;-788;-594;-194
1982;44;2008;352.0;67.0;105.0;85.0;95.0;380;205;174;1244;706;538;1998;1276;722;-754;-570;-184
1983;44;2009;353.0;67.0;103.0;85.0;98.0;368;199;169;1310;746;564;1953;1247;706;-643;-501;-142
1984;44;2010;352.0;67.0;99.0;83.0;102.0;357;191;165;1366;782;584;1879;1199;680;-513;-417;-96
1985;44;2011;352.0;68.0;97.0;84.0;102.0;350;187;163;1406;806;600;1852;1166;686;-446;-360;-86
1986;44;2012;356.0;69.0;98.0;86.0;103.0;348;185;164;1422;817;605;1847;1157;690;-425;-340;-85
1987;44;2013;373.0;72.0;101.0;90.0;110.0;359;190;169;1425;819;606;1853;1160;693;-428;-341;-87
1988;44;2014;363.0;70.0;97.0;88.0;107.0;346;182;164;1420;816;604;1818;1127;690;-398;-311;-86
1989;44;2015;349.0;67.0;93.0;85.0;104.0;328;171;156;1415;813;602;1726;1062;664;-311;-249;-62
1990;44;2016;330.0;64.0;88.0;77.0;100.0;309;160;149;1410;810;600;1672;1020;652;-262;-210;-52
1991;44;2017;308.0;59.0;80.0;75.0;93.0;282;146;136;1405;807;598;1585;965;620;-180;-158;-22
1992;44;2018;293.0;56.0;76.0;70.0;91.0;269;139;130;1399;804;595;1543;937;606;-144;-133;-11
1993;44;2019;283.0;54.0;72.0;70.0;88.0;255;132;124;1394;802;592;1494;906;588;-100;-104;4
1994;44;2020;278.0;53.0;70.0;69.0;87.0;251;130;121;1390;799;591;1473;897;576;-83;-98;15
1995;44;2021;277.0;53.0;68.0;69.0;87.0;246;127;119;1385;797;588;1459;887;572;-74;-90;16
1996;44;2022;281.0;53.0;69.0;71.0;88.0;246;126;119;1380;795;585;1459;887;572;-79;-92;13
1997;44;2023;279.0;53.0;68.0;71.0;87.0;242;125;118;1375;792;583;1444;879;566;-69;-87;17
1998;44;2024;285.0;53.0;68.0;72.0;91.0;247;128;120;1372;790;582;1458;889;569;-86;-99;13
1999;44;2025;281.0;53.0;67.0;72.0;90.0;242;124;118;1368;788;580;1445;881;565;-77;-93;15
2000;44;2026;272.0;51.0;64.0;70.0;87.0;234;121;113;1364;786;578;1431;874;557;-67;-88;21
2001;44;2027;270.0;51.0;63.0;69.0;87.0;231;119;112;1359;783;576;1422;870;552;-63;-87;24
2002;44;2028;275.0;52.0;63.0;71.0;89.0;234;121;113;1356;782;574;1432;878;554;-76;-96;20
2003;44;2029;278.0;52.0;63.0;72.0;91.0;236;122;114;1353;780;573;1433;879;554;-80;-99;19
2004;44;2030;284.0;53.0;64.0;74.0;93.0;240;124;115;1348;777;571;1434;882;553;-86;-105;18
2005;44;2031;283.0;53.0;63.0;74.0;93.0;240;125;115;1346;776;570;1429;882;548;-83;-106;22
2006;44;2032;283.0;54.0;62.0;74.0;94.0;238;124;114;1342;774;568;1422;877;545;-80;-103;23
2007;44;2033;286.0;53.0;62.0;75.0;96.0;238;124;114;1338;771;567;1421;877;544;-83;-106;23
2008;44;2034;294.0;55.0;62.0;78.0;99.0;245;128;116;1336;770;566;1436;889;547;-100;-119;19
2009;44;2035;294.0;55.0;62.0;78.0;99.0;243;127;116;1332;768;564;1427;883;543;-95;-115;21
2010;44;2036;290.0;55.0;60.0;77.0;99.0;239;125;113;1329;766;563;1413;877;536;-84;-111;27
2011;44;2037;286.0;53.0;59.0;76.0;98.0;235;124;112;1327;766;561;1398;868;530;-71;-102;31
2012;44;2038;286.0;54.0;58.0;76.0;99.0;234;123;111;1325;764;561;1393;866;528;-68;-102;33
2013;44;2039;281.0;53.0;56.0;75.0;98.0;227;120;108;1322;762;560;1373;854;519;-51;-92;41
2014;44;2040;279.0;51.0;56.0;74.0;97.0;225;119;106;1320;762;558;1367;852;515;-47;-90;43
2015;44;2041;282.0;52.0;55.0;75.0;99.0;224;118;106;1317;760;557;1363;849;514;-46;-89;43
2016;44;2042;286.0;53.0;56.0;76.0;101.0;228;121;107;1315;759;556;1372;856;516;-57;-97;40
2017;44;2043;287.0;54.0;55.0;77.0;102.0;227;121;106;1315;759;556;1369;856;514;-54;-97;42
2018;44;2044;291.0;54.0;55.0;78.0;104.0;229;122;108;1313;758;555;1376;859;517;-63;-101;38
2019;44;2045;286.0;53.0;53.0;77.0;103.0;224;119;105;1310;756;554;1364;852;512;-54;-96;42
2020;44;2046;282.0;53.0;52.0;76.0;102.0;220;118;103;1309;756;553;1357;848;509;-48;-92;44
2021;44;2047;279.0;52.0;50.0;75.0;101.0;217;116;101;1307;755;552;1350;843;507;-43;-88;45
2022;44;2048;271.0;50.0;48.0;73.0;100.0;209;112;97;1307;754;553;1332;830;502;-25;-76;51
2023;44;2049;264.0;49.0;46.0;72.0;98.0;202;108;94;1306;754;552;1316;819;497;-10;-65;55
2024;45;2006;169.0;32.0;36.0;38.0;62.0;419;224;195;1023;595;428;1781;1130;651;-758;-535;-223
2025;45;2007;170.0;33.0;35.0;38.0;64.0;415;221;195;1075;626;449;1818;1152;666;-743;-526;-217
2026;45;2008;179.0;34.0;35.0;41.0;69.0;417;221;195;1133;663;470;1827;1154;673;-694;-491;-203
2027;45;2009;188.0;36.0;35.0;42.0;75.0;417;220;197;1196;702;494;1852;1165;687;-656;-463;-193
2028;45;2010;188.0;37.0;33.0;42.0;76.0;404;212;191;1248;736;512;1808;1138;670;-560;-402;-158
2029;45;2011;186.0;35.0;33.0;41.0;77.0;391;204;187;1285;761;524;1743;1097;646;-458;-336;-122
2030;45;2012;187.0;36.0;32.0;41.0;77.0;384;199;184;1298;769;529;1717;1067;650;-419;-298;-121
2031;45;2013;188.0;36.0;31.0;43.0;78.0;382;197;185;1300;771;529;1713;1060;653;-413;-289;-124
2032;45;2014;197.0;38.0;33.0;44.0;82.0;393;202;191;1297;769;528;1720;1064;656;-423;-295;-128
2033;45;2015;191.0;37.0;31.0;43.0;80.0;379;193;185;1292;766;526;1689;1035;654;-397;-269;-128
2034;45;2016;184.0;35.0;29.0;42.0;78.0;359;183;176;1287;763;524;1609;979;630;-322;-216;-106
2035;45;2017;174.0;34.0;27.0;39.0;75.0;338;170;168;1282;760;522;1560;941;618;-278;-181;-96
2036;45;2018;162.0;31.0;25.0;37.0;69.0;309;155;154;1277;757;520;1481;893;588;-204;-136;-68
2037;45;2019;155.0;30.0;23.0;34.0;68.0;295;148;147;1272;755;517;1443;867;575;-171;-112;-58
2038;45;2020;151.0;29.0;22.0;34.0;67.0;279;140;140;1268;753;515;1398;840;558;-130;-87;-43
2039;45;2021;147.0;28.0;21.0;33.0;65.0;275;138;137;1264;750;514;1377;831;546;-113;-81;-32
2040;45;2022;148.0;28.0;20.0;34.0;65.0;269;135;134;1259;747;512;1363;822;541;-104;-75;-29
2041;45;2023;150.0;29.0;21.0;34.0;66.0;269;135;135;1256;746;510;1364;823;542;-108;-77;-32
2042;45;2024;147.0;27.0;20.0;34.0;66.0;266;133;133;1251;743;508;1351;815;535;-100;-72;-27
2043;45;2025;151.0;28.0;20.0;35.0;67.0;271;136;135;1248;741;507;1362;824;538;-114;-83;-31
2044;45;2026;149.0;28.0;19.0;35.0;68.0;266;133;133;1245;739;506;1350;817;533;-105;-78;-27
2045;45;2027;145.0;27.0;18.0;34.0;66.0;257;129;128;1241;737;504;1336;811;525;-95;-74;-21
2046;45;2028;143.0;27.0;17.0;34.0;65.0;254;127;126;1236;734;502;1328;807;521;-92;-73;-19
2047;45;2029;146.0;27.0;18.0;34.0;67.0;257;130;127;1234;733;501;1337;815;523;-103;-82;-22
2048;45;2030;148.0;28.0;17.0;35.0;68.0;259;131;129;1230;731;499;1339;816;522;-109;-85;-23
2049;45;2031;152.0;28.0;17.0;36.0;71.0;264;133;131;1226;729;497;1340;819;521;-114;-90;-24
2050;45;2032;151.0;28.0;16.0;36.0;71.0;264;134;130;1223;727;496;1336;820;516;-113;-93;-20
2051;45;2033;151.0;28.0;16.0;36.0;71.0;261;133;129;1220;725;495;1328;815;513;-108;-90;-18
2052;45;2034;152.0;28.0;16.0;36.0;72.0;262;133;129;1216;723;493;1328;816;512;-112;-93;-19
2053;45;2035;156.0;29.0;16.0;37.0;74.0;269;137;132;1213;721;492;1340;826;514;-127;-105;-22
2054;45;2036;156.0;29.0;15.0;37.0;75.0;267;136;131;1211;720;491;1333;822;511;-122;-102;-20
2055;45;2037;153.0;28.0;15.0;36.0;74.0;262;134;128;1209;719;490;1321;816;505;-112;-97;-15
2056;45;2038;153.0;28.0;14.0;36.0;75.0;258;132;126;1206;717;489;1309;809;500;-103;-92;-11
2057;45;2039;153.0;28.0;14.0;36.0;75.0;257;132;125;1205;717;488;1304;807;497;-99;-90;-9
2058;45;2040;149.0;27.0;13.0;36.0;74.0;250;128;122;1202;715;487;1285;796;489;-83;-81;-2
2059;45;2041;149.0;27.0;13.0;36.0;73.0;247;127;119;1200;714;486;1280;795;485;-80;-81;1
2060;45;2042;149.0;28.0;12.0;35.0;74.0;246;126;120;1198;713;485;1277;792;485;-79;-79;0
2061;45;2043;152.0;28.0;12.0;36.0;76.0;250;129;121;1197;712;485;1286;799;487;-89;-87;-2
2062;45;2044;151.0;27.0;11.0;36.0;77.0;249;129;120;1195;711;484;1285;799;485;-90;-88;-1
2063;45;2045;154.0;28.0;11.0;37.0;78.0;251;130;121;1194;710;484;1290;802;488;-96;-92;-4
2064;45;2046;151.0;28.0;10.0;36.0;77.0;246;127;118;1192;709;483;1280;796;484;-88;-87;-1
2065;45;2047;150.0;27.0;10.0;36.0;77.0;241;126;116;1191;709;482;1274;792;482;-83;-83;0
2066;45;2048;148.0;27.0;9.0;36.0;76.0;237;124;114;1190;708;482;1269;789;481;-79;-81;1
2067;45;2049;145.0;27.0;9.0;34.0;76.0;229;119;109;1190;708;482;1253;777;476;-63;-69;6
2068;46;2006;54.0;1.0;11.0;15.0;27.0;456;246;210;934;555;379;1736;1102;633;-802;-547;-254
2069;46;2007;60.0;2.0;11.0;17.0;30.0;460;246;214;982;585;397;1690;1067;623;-708;-482;-226
2070;46;2008;62.0;3.0;11.0;17.0;32.0;457;243;214;1039;621;418;1724;1087;637;-685;-466;-219
2071;46;2009;65.0;3.0;12.0;18.0;33.0;458;243;214;1095;656;439;1730;1090;640;-635;-434;-201
2072;46;2010;67.0;3.0;12.0;18.0;35.0;457;241;216;1140;686;454;1753;1100;652;-613;-414;-198
2073;46;2011;69.0;4.0;11.0;18.0;36.0;443;233;210;1175;710;465;1712;1077;636;-537;-367;-171
2074;46;2012;66.0;4.0;10.0;18.0;35.0;429;224;205;1191;720;471;1652;1040;612;-461;-320;-141
2075;46;2013;67.0;4.0;10.0;19.0;35.0;420;218;202;1193;721;472;1624;1011;614;-431;-290;-142
2076;46;2014;69.0;5.0;10.0;19.0;35.0;417;215;203;1189;719;470;1623;1007;617;-434;-288;-147
2077;46;2015;73.0;5.0;10.0;20.0;38.0;430;220;209;1184;716;468;1634;1013;621;-450;-297;-153
2078;46;2016;71.0;5.0;10.0;19.0;37.0;414;211;203;1181;714;467;1606;988;618;-425;-274;-151
2079;46;2017;68.0;5.0;10.0;18.0;35.0;392;198;193;1176;711;465;1533;937;595;-357;-226;-130
2080;46;2018;65.0;5.0;9.0;18.0;34.0;369;185;184;1172;709;463;1485;901;584;-313;-192;-121
2081;46;2019;62.0;5.0;8.0;16.0;32.0;338;169;169;1167;706;461;1408;855;553;-241;-149;-92
2082;46;2020;59.0;5.0;7.0;16.0;31.0;322;161;161;1163;704;459;1372;831;540;-209;-127;-81
2083;46;2021;59.0;5.0;7.0;16.0;31.0;306;153;153;1160;702;458;1327;804;523;-167;-102;-65
2084;46;2022;57.0;5.0;7.0;16.0;29.0;301;151;150;1156;699;457;1305;795;510;-149;-96;-53
2085;46;2023;58.0;6.0;7.0;16.0;30.0;295;147;148;1152;697;455;1293;787;506;-141;-90;-51
2086;46;2024;59.0;6.0;7.0;16.0;30.0;295;147;148;1147;694;453;1293;787;506;-146;-93;-53
2087;46;2025;60.0;6.0;7.0;17.0;30.0;292;146;146;1144;693;451;1279;780;499;-135;-87;-48
2088;46;2026;60.0;6.0;6.0;17.0;31.0;298;149;149;1140;690;450;1289;788;501;-149;-98;-51
2089;46;2027;60.0;6.0;6.0;17.0;31.0;292;146;146;1136;688;448;1277;781;496;-141;-93;-48
2090;46;2028;59.0;7.0;6.0;16.0;30.0;283;142;141;1135;687;448;1263;775;489;-128;-88;-41
2091;46;2029;59.0;7.0;6.0;16.0;30.0;279;140;139;1130;684;446;1256;771;484;-126;-87;-38
2092;46;2030;60.0;7.0;6.0;17.0;30.0;283;143;140;1127;682;445;1264;779;485;-137;-97;-40
2093;46;2031;62.0;7.0;6.0;17.0;32.0;285;144;142;1124;680;444;1266;781;485;-142;-101;-41
2094;46;2032;63.0;8.0;5.0;17.0;33.0;290;146;144;1121;679;442;1268;784;484;-147;-105;-42
2095;46;2033;63.0;8.0;5.0;17.0;33.0;290;147;143;1119;678;441;1264;786;478;-145;-108;-37
2096;46;2034;64.0;8.0;5.0;17.0;33.0;287;146;142;1116;676;440;1256;781;475;-140;-105;-35
2097;46;2035;66.0;8.0;5.0;19.0;33.0;288;146;142;1114;675;439;1257;783;474;-143;-108;-35
2098;46;2036;68.0;9.0;5.0;19.0;34.0;296;150;145;1111;673;438;1271;794;477;-160;-121;-39
2099;46;2037;69.0;10.0;5.0;19.0;35.0;293;149;144;1109;672;437;1264;790;474;-155;-118;-37
2100;46;2038;67.0;10.0;4.0;19.0;34.0;288;147;141;1106;670;436;1252;784;468;-146;-114;-32
2101;46;2039;67.0;10.0;4.0;19.0;34.0;284;145;139;1104;670;434;1241;778;463;-137;-108;-29
2102;46;2040;67.0;10.0;4.0;19.0;34.0;282;144;138;1103;668;435;1237;777;460;-134;-109;-25
2103;46;2041;66.0;9.0;4.0;19.0;34.0;274;140;133;1101;667;434;1219;767;452;-118;-100;-18
2104;46;2042;66.0;9.0;4.0;19.0;33.0;271;140;131;1099;666;433;1215;767;448;-116;-101;-15
2105;46;2043;68.0;11.0;4.0;19.0;34.0;270;139;131;1097;665;432;1213;764;448;-116;-99;-16
2106;46;2044;68.0;11.0;3.0;20.0;35.0;274;141;132;1095;664;431;1221;772;449;-126;-108;-18
2107;46;2045;69.0;11.0;3.0;20.0;35.0;273;141;131;1094;663;431;1221;772;449;-127;-109;-18
2108;46;2046;70.0;11.0;3.0;20.0;36.0;275;142;133;1094;663;431;1227;776;451;-133;-113;-20
2109;46;2047;70.0;11.0;3.0;20.0;35.0;269;140;129;1092;662;430;1218;771;448;-126;-109;-18
2110;46;2048;71.0;12.0;3.0;20.0;36.0;264;138;126;1092;662;430;1214;768;446;-122;-106;-16
2111;46;2049;71.0;12.0;3.0;20.0;36.0;260;136;124;1090;661;429;1210;765;445;-120;-104;-16
2112;47;2006;23.0;6.0;2.0;1.0;13.0;508;273;235;844;499;345;1579;990;589;-735;-491;-244
2113;47;2007;21.0;6.0;2.0;1.0;12.0;502;268;234;887;525;362;1644;1037;608;-757;-512;-246
2114;47;2008;23.0;6.0;3.0;1.0;13.0;507;269;238;940;558;382;1599;1003;596;-659;-445;-214
2115;47;2009;26.0;6.0;3.0;3.0;15.0;503;265;238;991;591;400;1630;1022;608;-639;-431;-208
2116;47;2010;27.0;6.0;3.0;3.0;15.0;503;265;239;1034;619;415;1632;1023;608;-598;-404;-193
2117;47;2011;27.0;6.0;3.0;3.0;16.0;503;262;241;1064;640;424;1651;1033;618;-587;-393;-194
2118;47;2012;27.0;6.0;3.0;3.0;15.0;486;253;234;1079;650;429;1613;1012;601;-534;-362;-172
2119;47;2013;26.0;6.0;2.0;2.0;15.0;470;242;228;1082;652;430;1555;976;580;-473;-324;-150
2120;47;2014;28.0;7.0;2.0;2.0;16.0;461;236;225;1077;649;428;1528;949;579;-451;-300;-151
2121;47;2015;30.0;7.0;3.0;4.0;16.0;458;232;225;1073;646;427;1529;946;583;-456;-300;-156
2122;47;2016;31.0;8.0;3.0;4.0;17.0;471;238;233;1069;644;425;1542;954;588;-473;-310;-163
2123;47;2017;30.0;8.0;3.0;4.0;17.0;453;227;226;1065;642;423;1517;932;585;-452;-290;-162
2124;47;2018;29.0;7.0;2.0;4.0;16.0;429;214;215;1060;639;421;1446;883;563;-386;-244;-142
2125;47;2019;28.0;7.0;2.0;3.0;15.0;404;200;204;1056;637;419;1400;849;551;-344;-212;-132
2126;47;2020;26.0;6.0;2.0;3.0;14.0;370;183;188;1054;635;419;1326;805;521;-272;-170;-102
2127;47;2021;25.0;6.0;2.0;3.0;13.0;354;175;179;1050;633;417;1291;782;508;-241;-149;-91
2128;47;2022;26.0;6.0;2.0;4.0;14.0;336;165;170;1047;631;416;1248;756;492;-201;-125;-76
2129;47;2023;25.0;6.0;2.0;4.0;14.0;331;164;167;1043;629;414;1227;748;480;-184;-119;-66
2130;47;2024;25.0;6.0;2.0;4.0;14.0;324;160;165;1038;626;412;1214;740;475;-176;-114;-63
2131;47;2025;25.0;6.0;2.0;4.0;14.0;325;160;165;1036;625;411;1213;738;475;-177;-113;-64
2132;47;2026;25.0;6.0;2.0;4.0;14.0;322;158;163;1032;623;409;1200;732;468;-168;-109;-59
2133;47;2027;27.0;6.0;2.0;5.0;14.0;328;162;166;1029;620;409;1208;739;469;-179;-119;-60
2134;47;2028;27.0;6.0;2.0;5.0;14.0;322;159;163;1026;618;408;1196;732;464;-170;-114;-56
2135;47;2029;26.0;6.0;2.0;5.0;13.0;312;154;158;1023;617;406;1184;727;457;-161;-110;-51
2136;47;2030;26.0;6.0;2.0;5.0;13.0;308;152;155;1020;615;405;1176;724;452;-156;-109;-47
2137;47;2031;26.0;6.0;2.0;5.0;14.0;312;155;157;1018;614;404;1183;731;452;-165;-117;-48
2138;47;2032;26.0;6.0;1.0;5.0;14.0;315;157;158;1016;612;404;1184;733;452;-168;-121;-48
2139;47;2033;28.0;6.0;1.0;6.0;14.0;320;159;161;1013;611;402;1185;735;450;-172;-124;-48
2140;47;2034;28.0;6.0;1.0;6.0;14.0;320;161;160;1011;610;401;1181;736;445;-170;-126;-44
2141;47;2035;28.0;6.0;1.0;6.0;14.0;317;159;158;1008;608;400;1175;733;442;-167;-125;-42
2142;47;2036;28.0;6.0;1.0;6.0;15.0;318;159;159;1006;607;399;1174;734;440;-168;-127;-41
2143;47;2037;29.0;6.0;1.0;6.0;15.0;326;164;162;1004;606;398;1186;744;442;-182;-138;-44
2144;47;2038;29.0;6.0;1.0;6.0;15.0;323;162;160;1002;605;397;1180;740;439;-178;-135;-42
2145;47;2039;29.0;6.0;1.0;6.0;15.0;317;160;157;1000;603;397;1169;736;433;-169;-133;-36
2146;47;2040;29.0;6.0;1.0;6.0;15.0;312;158;155;998;602;396;1158;730;429;-160;-128;-33
2147;47;2041;30.0;6.0;1.0;7.0;15.0;310;157;153;997;601;396;1155;729;426;-158;-128;-30
2148;47;2042;29.0;6.0;1.0;7.0;15.0;301;153;148;996;601;395;1139;720;419;-143;-119;-24
2149;47;2043;29.0;6.0;1.0;7.0;15.0;298;152;145;994;600;394;1135;719;416;-141;-119;-22
2150;47;2044;30.0;6.0;1.0;7.0;15.0;296;151;145;993;599;394;1134;718;416;-141;-119;-22
2151;47;2045;30.0;7.0;1.0;8.0;15.0;301;154;147;993;599;394;1142;725;417;-149;-126;-23
2152;47;2046;31.0;7.0;1.0;8.0;15.0;300;154;146;991;598;393;1142;726;416;-151;-128;-23
2153;47;2047;31.0;7.0;1.0;8.0;16.0;302;155;147;989;597;392;1149;730;419;-160;-133;-27
2154;47;2048;31.0;7.0;1.0;8.0;15.0;295;152;143;988;596;392;1141;725;416;-153;-129;-24
2155;47;2049;34.0;8.0;1.0;9.0;16.0;290;150;140;986;595;391;1137;723;414;-151;-128;-23
2156;48;2006;5.0;2.0;0.0;0.0;2.0;552;299;253;763;448;315;1458;910;548;-695;-462;-233
2157;48;2007;5.0;2.0;0.0;0.0;2.0;556;298;257;808;475;333;1477;919;557;-669;-444;-224
2158;48;2008;5.0;2.0;0.0;0.0;2.0;550;294;256;854;504;350;1539;964;575;-685;-460;-225
2159;48;2009;5.0;2.0;0.0;0.0;2.0;554;294;261;897;532;365;1493;931;562;-596;-399;-197
2160;48;2010;5.0;3.0;0.0;0.0;2.0;549;289;260;939;559;380;1523;951;572;-584;-392;-192
2161;48;2011;5.0;3.0;0.0;0.0;3.0;549;288;262;965;576;389;1524;951;573;-559;-375;-184
2162;48;2012;5.0;3.0;0.0;0.0;3.0;548;285;263;978;585;393;1544;960;584;-566;-375;-191
2163;48;2013;5.0;3.0;0.0;0.0;3.0;529;274;256;980;586;394;1509;941;569;-529;-355;-175
2164;48;2014;5.0;2.0;0.0;0.0;2.0;512;263;249;978;585;393;1458;909;548;-480;-324;-155
2165;48;2015;5.0;2.0;0.0;0.0;2.0;501;256;246;973;582;391;1430;883;547;-457;-301;-156
2166;48;2016;5.0;2.0;0.0;0.0;2.0;498;251;246;970;580;390;1437;884;553;-467;-304;-163
2167;48;2017;5.0;3.0;0.0;0.0;3.0;511;257;254;966;578;388;1449;891;559;-483;-313;-171
2168;48;2018;5.0;3.0;0.0;0.0;3.0;492;246;247;962;576;386;1427;870;557;-465;-294;-171
2169;48;2019;5.0;2.0;0.0;0.0;2.0;466;232;235;960;574;386;1359;824;535;-399;-250;-149
2170;48;2020;5.0;2.0;0.0;0.0;2.0;440;216;224;956;572;384;1317;793;524;-361;-221;-140
2171;48;2021;4.0;2.0;0.0;0.0;2.0;403;198;205;953;570;383;1248;751;496;-295;-181;-113
2172;48;2022;4.0;2.0;0.0;0.0;2.0;386;189;196;949;568;381;1214;730;484;-265;-162;-103
2173;48;2023;4.0;2.0;0.0;0.0;2.0;367;180;187;946;566;380;1171;704;467;-225;-138;-87
2174;48;2024;4.0;2.0;0.0;0.0;2.0;361;178;183;943;565;378;1151;696;456;-208;-131;-78
2175;48;2025;4.0;2.0;0.0;0.0;2.0;355;174;181;940;563;377;1139;688;451;-199;-125;-74
2176;48;2026;5.0;2.0;0.0;0.0;3.0;356;175;181;938;562;376;1137;687;450;-199;-125;-74
2177;48;2027;5.0;2.0;0.0;0.0;3.0;352;173;179;936;561;375;1125;682;443;-189;-121;-68
2178;48;2028;5.0;2.0;0.0;0.0;3.0;360;177;183;933;559;374;1132;687;445;-199;-128;-71
2179;48;2029;5.0;2.0;0.0;0.0;3.0;353;173;180;930;557;373;1121;681;440;-191;-124;-67
2180;48;2030;4.0;1.0;0.0;0.0;3.0;342;169;173;928;556;372;1108;676;432;-180;-120;-60
2181;48;2031;4.0;1.0;0.0;0.0;3.0;338;167;171;925;554;371;1101;673;428;-176;-119;-57
2182;48;2032;4.0;1.0;0.0;0.0;3.0;343;170;173;923;554;369;1109;679;429;-186;-125;-60
2183;48;2033;4.0;1.0;0.0;0.0;3.0;346;171;174;920;552;368;1109;682;428;-189;-130;-60
2184;48;2034;4.0;1.0;0.0;0.0;3.0;351;174;177;919;551;368;1111;684;427;-192;-133;-59
2185;48;2035;4.0;1.0;0.0;0.0;3.0;351;175;175;917;550;367;1107;685;422;-190;-135;-55
2186;48;2036;4.0;1.0;0.0;0.0;3.0;347;173;174;915;549;366;1101;682;419;-186;-133;-53
2187;48;2037;4.0;1.0;0.0;0.0;3.0;348;173;174;913;548;365;1102;683;419;-189;-135;-54
2188;48;2038;4.0;1.0;0.0;0.0;3.0;356;179;177;911;547;364;1113;693;420;-202;-146;-56
2189;48;2039;4.0;1.0;0.0;0.0;3.0;353;177;176;909;546;363;1107;689;418;-198;-143;-55
2190;48;2040;4.0;1.0;0.0;0.0;3.0;346;175;172;908;545;363;1098;685;413;-190;-140;-50
2191;48;2041;4.0;1.0;0.0;0.0;3.0;341;172;169;907;544;363;1089;680;409;-182;-136;-46
2192;48;2042;4.0;1.0;0.0;0.0;3.0;339;171;167;905;543;362;1086;679;407;-181;-136;-45
2193;48;2043;4.0;1.0;0.0;0.0;3.0;329;167;162;903;542;361;1071;671;401;-168;-129;-40
2194;48;2044;4.0;1.0;0.0;0.0;3.0;324;166;159;904;543;361;1068;671;397;-164;-128;-36
2195;48;2045;4.0;1.0;0.0;0.0;3.0;323;164;159;902;542;360;1068;669;399;-166;-127;-39
2196;48;2046;4.0;1.0;0.0;0.0;3.0;328;168;160;901;541;360;1077;677;401;-176;-136;-41
2197;48;2047;4.0;1.0;0.0;0.0;3.0;326;168;159;900;540;360;1079;679;401;-179;-139;-41
2198;48;2048;4.0;1.0;0.0;0.0;3.0;328;169;160;898;539;359;1086;682;404;-188;-143;-45
2199;48;2049;4.0;1.0;0.0;0.0;3.0;321;165;156;899;540;359;1079;678;401;-180;-138;-42
2200;49;2006;15.0;2.0;0.0;2.0;10.0;607;333;275;693;407;286;1338;832;506;-645;-425;-220
2201;49;2007;14.0;2.0;0.0;2.0;9.0;606;329;276;729;429;300;1370;857;513;-641;-428;-213
2202;49;2008;18.0;2.0;0.0;4.0;12.0;610;329;281;775;456;319;1385;864;521;-610;-408;-202
2203;49;2009;17.0;2.0;0.0;4.0;11.0;602;323;279;821;485;336;1439;903;536;-618;-418;-200
2204;49;2010;17.0;2.0;0.0;4.0;11.0;606;322;285;856;507;349;1401;875;525;-545;-368;-176
2205;49;2011;18.0;3.0;0.0;4.0;11.0;600;316;284;882;527;355;1428;892;536;-546;-365;-181
2206;49;2012;18.0;3.0;0.0;4.0;11.0;599;314;285;893;533;360;1429;893;536;-536;-360;-176
2207;49;2013;18.0;3.0;0.0;4.0;12.0;597;310;287;894;533;361;1448;902;546;-554;-369;-185
2208;49;2014;18.0;3.0;0.0;4.0;11.0;577;298;279;890;531;359;1418;885;533;-528;-354;-174
2209;49;2015;17.0;2.0;0.0;4.0;11.0;558;286;272;887;530;357;1372;856;516;-485;-326;-159
2210;49;2016;17.0;2.0;0.0;4.0;11.0;546;278;268;884;528;356;1351;834;517;-467;-306;-161
2211;49;2017;16.0;2.0;0.0;4.0;10.0;541;273;268;880;526;354;1359;836;522;-479;-310;-168
2212;49;2018;17.0;3.0;0.0;4.0;10.0;556;279;277;878;524;354;1371;843;527;-493;-319;-173
2213;49;2019;16.0;3.0;0.0;4.0;10.0;536;267;269;875;523;352;1351;825;526;-476;-302;-174
2214;49;2020;16.0;2.0;0.0;4.0;10.0;508;252;256;872;521;351;1290;783;507;-418;-262;-156
2215;49;2021;14.0;2.0;0.0;2.0;9.0;480;235;244;870;520;350;1249;753;496;-379;-233;-146
2216;49;2022;13.0;2.0;0.0;2.0;9.0;440;216;224;866;518;348;1185;714;471;-319;-196;-123
2217;49;2023;12.0;2.0;0.0;2.0;8.0;421;207;215;863;516;347;1154;694;459;-291;-178;-112
2218;49;2024;12.0;2.0;0.0;2.0;8.0;401;197;205;860;514;346;1114;670;444;-254;-156;-98
2219;49;2025;11.0;2.0;0.0;2.0;7.0;396;195;201;857;513;344;1096;662;433;-239;-149;-89
2220;49;2026;11.0;2.0;0.0;2.0;7.0;389;191;198;856;512;344;1085;656;429;-229;-144;-85
2221;49;2027;11.0;2.0;0.0;2.0;7.0;391;192;199;853;510;343;1084;655;429;-231;-145;-86
2222;49;2028;11.0;2.0;0.0;2.0;7.0;387;190;197;851;509;342;1074;650;424;-223;-141;-82
2223;49;2029;11.0;2.0;0.0;2.0;7.0;395;195;201;848;507;341;1081;656;425;-233;-149;-84
2224;49;2030;11.0;2.0;0.0;2.0;7.0;388;191;198;847;507;340;1071;650;421;-224;-143;-81
2225;49;2031;10.0;2.0;0.0;2.0;6.0;376;186;190;844;505;339;1060;646;414;-216;-141;-75
2226;49;2032;10.0;2.0;0.0;2.0;6.0;371;183;188;842;504;338;1052;642;410;-210;-138;-72
2227;49;2033;9.0;1.0;0.0;2.0;6.0;376;187;190;841;503;338;1062;650;412;-221;-147;-74
2228;49;2034;9.0;1.0;0.0;2.0;6.0;379;188;191;837;500;337;1063;651;411;-226;-151;-74
2229;49;2035;9.0;1.0;0.0;2.0;6.0;385;191;194;836;500;336;1066;655;411;-230;-155;-75
2230;49;2036;9.0;1.0;0.0;2.0;6.0;384;192;192;834;499;335;1065;657;408;-231;-158;-73
2231;49;2037;8.0;1.0;0.0;2.0;5.0;380;190;190;832;498;334;1059;654;405;-227;-156;-71
2232;49;2038;8.0;1.0;0.0;2.0;5.0;381;190;190;830;497;333;1060;656;405;-230;-159;-72
2233;49;2039;9.0;1.0;0.0;2.0;5.0;390;196;194;830;497;333;1074;666;408;-244;-169;-75
2234;49;2040;9.0;1.0;0.0;2.0;5.0;386;195;192;827;495;332;1069;663;406;-242;-168;-74
2235;49;2041;7.0;1.0;0.0;1.0;5.0;379;191;187;827;495;332;1061;659;402;-234;-164;-70
2236;49;2042;6.0;1.0;0.0;1.0;4.0;373;189;184;826;494;332;1053;655;398;-227;-161;-66
2237;49;2043;6.0;1.0;0.0;1.0;4.0;370;188;182;824;493;331;1052;655;397;-228;-162;-66
2238;49;2044;6.0;1.0;0.0;1.0;4.0;359;183;176;823;493;330;1039;647;392;-216;-154;-62
2239;49;2045;6.0;1.0;0.0;1.0;4.0;354;182;172;822;492;330;1037;648;390;-215;-156;-60
2240;49;2046;6.0;1.0;0.0;1.0;4.0;352;180;172;820;491;329;1039;647;391;-219;-156;-62
2241;49;2047;6.0;1.0;0.0;1.0;4.0;357;184;174;820;491;329;1049;655;395;-229;-164;-66
2242;49;2048;5.0;1.0;0.0;1.0;3.0;356;184;172;819;491;328;1052;657;395;-233;-166;-67
2243;49;2049;6.0;1.0;0.0;1.0;3.0;358;185;173;819;491;328;1060;661;399;-241;-170;-71
2244;50;2006;;;;;;661;368;294;652;388;264;1276;806;470;-624;-418;-206
2245;50;2007;;;;;;656;361;296;687;408;279;1275;797;478;-588;-389;-199
2246;50;2008;;;;;;655;357;298;727;432;295;1300;817;483;-573;-385;-188
2247;50;2009;;;;;;658;355;303;768;461;307;1315;825;490;-547;-364;-183
2248;50;2010;;;;;;649;348;301;804;485;319;1364;860;504;-560;-375;-185
2249;50;2011;;;;;;653;346;307;828;501;327;1329;835;493;-501;-334;-166
2250;50;2012;;;;;;645;339;306;839;507;332;1353;850;503;-514;-343;-171
2251;50;2013;;;;;;643;337;307;841;507;334;1354;852;503;-513;-345;-169
2252;50;2014;;;;;;641;332;309;839;506;333;1372;860;513;-533;-354;-180
2253;50;2015;;;;;;618;319;300;836;504;332;1346;844;501;-510;-340;-169
2254;50;2016;;;;;;598;305;293;832;502;330;1307;820;487;-475;-318;-157
2255;50;2017;;;;;;585;296;288;829;500;329;1287;800;487;-458;-300;-158
2256;50;2018;;;;;;580;291;289;825;498;327;1294;801;493;-469;-303;-166
2257;50;2019;;;;;;596;298;298;823;497;326;1307;809;499;-484;-312;-173
2258;50;2020;;;;;;576;286;290;819;495;324;1287;792;496;-468;-297;-172
2259;50;2021;;;;;;546;270;276;816;493;323;1230;752;478;-414;-259;-155
2260;50;2022;;;;;;516;253;264;814;491;323;1191;724;468;-377;-233;-145
2261;50;2023;;;;;;475;232;242;812;490;322;1129;686;443;-317;-196;-121
2262;50;2024;;;;;;455;223;232;807;487;320;1099;667;432;-292;-180;-112
2263;50;2025;;;;;;434;212;221;805;486;319;1061;644;417;-256;-158;-98
2264;50;2026;;;;;;428;211;217;801;484;317;1044;637;407;-243;-153;-90
2265;50;2027;;;;;;421;206;215;798;482;316;1034;630;404;-236;-148;-88
2266;50;2028;;;;;;423;207;216;797;482;315;1033;630;403;-236;-148;-88
2267;50;2029;;;;;;419;206;213;795;480;315;1022;625;397;-227;-145;-82
2268;50;2030;;;;;;428;211;217;793;479;314;1030;630;400;-237;-151;-86
2269;50;2031;;;;;;421;207;214;790;477;313;1020;625;395;-230;-148;-82
2270;50;2032;;;;;;408;201;206;789;477;312;1009;620;389;-220;-143;-77
2271;50;2033;;;;;;402;199;203;787;476;311;1003;618;385;-216;-142;-74
2272;50;2034;;;;;;407;202;205;784;474;310;1011;624;386;-227;-150;-76
2273;50;2035;;;;;;410;203;207;782;473;309;1014;627;387;-232;-154;-78
2274;50;2036;;;;;;416;207;210;780;472;308;1016;630;387;-236;-158;-79
2275;50;2037;;;;;;415;208;207;781;472;309;1016;632;384;-235;-160;-75
2276;50;2038;;;;;;411;205;205;779;471;308;1010;629;381;-231;-158;-73
2277;50;2039;;;;;;411;206;205;776;469;307;1013;631;382;-237;-162;-75
2278;50;2040;;;;;;420;212;208;775;469;306;1026;641;385;-251;-172;-79
2279;50;2041;;;;;;416;210;206;774;468;306;1022;639;383;-248;-171;-77
2280;50;2042;;;;;;408;207;201;773;468;305;1015;635;380;-242;-167;-75
2281;50;2043;;;;;;401;203;198;772;467;305;1008;631;377;-236;-164;-72
2282;50;2044;;;;;;398;203;195;770;466;304;1007;631;376;-237;-165;-72
2283;50;2045;;;;;;385;197;188;769;465;304;995;624;372;-226;-159;-68
2284;50;2046;;;;;;380;196;184;768;464;304;994;624;370;-226;-160;-66
2285;50;2047;;;;;;378;194;184;768;465;303;996;624;372;-228;-159;-69
2286;50;2048;;;;;;383;198;186;767;464;303;1007;631;375;-240;-167;-72
2287;50;2049;;;;;;381;198;184;766;463;303;1011;634;377;-245;-171;-74
2288;51;2006;;;;;;704;394;309;603;364;239;1169;729;441;-566;-365;-202
2289;51;2007;;;;;;704;392;311;637;385;252;1201;753;448;-564;-368;-196
2290;51;2008;;;;;;699;386;314;677;411;266;1199;744;455;-522;-333;-189
2291;51;2009;;;;;;698;381;316;716;436;280;1220;762;459;-504;-326;-179
2292;51;2010;;;;;;701;380;322;750;459;291;1234;768;465;-484;-309;-174
2293;51;2011;;;;;;692;372;320;774;474;300;1275;799;476;-501;-325;-176
2294;51;2012;;;;;;695;370;326;782;480;302;1244;778;467;-462;-298;-165
2295;51;2013;;;;;;687;362;325;784;481;303;1265;790;475;-481;-309;-172
2296;51;2014;;;;;;686;361;326;781;480;301;1269;792;477;-488;-312;-176
2297;51;2015;;;;;;684;356;328;779;478;301;1286;800;485;-507;-322;-184
2298;51;2016;;;;;;661;343;318;776;476;300;1264;787;477;-488;-311;-177
2299;51;2017;;;;;;639;328;311;772;474;298;1228;765;463;-456;-291;-165
2300;51;2018;;;;;;626;319;307;770;473;297;1212;748;464;-442;-275;-167
2301;51;2019;;;;;;621;314;307;767;471;296;1218;749;470;-451;-278;-174
2302;51;2020;;;;;;640;323;318;763;469;294;1232;758;474;-469;-289;-180
2303;51;2021;;;;;;619;310;309;760;467;293;1213;741;472;-453;-274;-179
2304;51;2022;;;;;;588;294;295;757;465;292;1161;705;455;-404;-240;-163
2305;51;2023;;;;;;556;275;281;755;463;292;1125;679;446;-370;-216;-154
2306;51;2024;;;;;;512;253;259;753;462;291;1066;644;422;-313;-182;-131
2307;51;2025;;;;;;491;243;248;750;461;289;1038;626;412;-288;-165;-123
2308;51;2026;;;;;;468;232;236;747;459;288;1003;605;398;-256;-146;-110
2309;51;2027;;;;;;462;230;232;745;458;287;989;599;389;-244;-141;-102
2310;51;2028;;;;;;455;226;229;742;456;286;978;593;385;-236;-137;-99
2311;51;2029;;;;;;457;227;230;740;455;285;978;592;385;-238;-137;-100
2312;51;2030;;;;;;453;225;227;738;454;284;969;588;381;-231;-134;-97
2313;51;2031;;;;;;462;231;232;735;452;283;977;594;383;-242;-142;-100
2314;51;2032;;;;;;454;226;228;735;451;284;967;588;379;-232;-137;-95
2315;51;2033;;;;;;440;220;220;733;450;283;957;584;373;-224;-134;-90
2316;51;2034;;;;;;433;217;216;730;448;282;951;582;369;-221;-134;-87
2317;51;2035;;;;;;439;221;218;729;448;281;960;589;371;-231;-141;-90
2318;51;2036;;;;;;441;222;219;727;447;280;962;591;371;-235;-144;-91
2319;51;2037;;;;;;448;225;222;726;446;280;966;595;372;-240;-149;-92
2320;51;2038;;;;;;447;227;220;724;445;279;965;596;369;-241;-151;-90
2321;51;2039;;;;;;441;224;217;722;444;278;961;594;367;-239;-150;-89
2322;51;2040;;;;;;441;224;217;722;443;279;964;597;368;-242;-154;-89
2323;51;2041;;;;;;452;231;221;721;443;278;978;606;371;-257;-163;-93
2324;51;2042;;;;;;447;229;218;718;441;277;975;605;370;-257;-164;-93
2325;51;2043;;;;;;438;225;213;718;441;277;969;601;367;-251;-160;-90
2326;51;2044;;;;;;431;222;209;716;440;276;963;598;365;-247;-158;-89
2327;51;2045;;;;;;428;221;207;715;439;276;962;598;365;-247;-159;-89
2328;51;2046;;;;;;414;215;200;713;439;274;951;591;360;-238;-152;-86
2329;51;2047;;;;;;409;214;196;712;438;274;951;592;359;-239;-154;-85
2330;51;2048;;;;;;407;212;195;710;437;273;954;592;362;-244;-155;-89
2331;51;2049;;;;;;413;216;197;710;436;274;965;599;366;-255;-163;-92
2332;52;2006;;;;;;756;429;327;548;328;220;1100;694;406;-552;-366;-186
2333;52;2007;;;;;;747;418;330;576;344;232;1108;694;414;-532;-350;-182
2334;52;2008;;;;;;748;417;332;612;368;244;1135;715;420;-523;-347;-176
2335;52;2009;;;;;;744;410;335;653;393;260;1133;707;426;-480;-314;-166
2336;52;2010;;;;;;742;405;337;685;414;271;1151;721;430;-466;-307;-159
2337;52;2011;;;;;;747;403;343;707;429;278;1164;728;435;-457;-299;-157
2338;52;2012;;;;;;736;395;341;716;436;280;1200;754;445;-484;-318;-165
2339;52;2013;;;;;;741;394;347;717;436;281;1172;735;437;-455;-299;-156
2340;52;2014;;;;;;733;386;347;714;434;280;1192;747;446;-478;-313;-166
2341;52;2015;;;;;;732;385;348;710;432;278;1196;750;447;-486;-318;-169
2342;52;2016;;;;;;730;381;350;708;431;277;1215;758;457;-507;-327;-180
2343;52;2017;;;;;;706;366;340;705;429;276;1195;747;449;-490;-318;-173
2344;52;2018;;;;;;683;351;332;702;427;275;1163;726;437;-461;-299;-162
2345;52;2019;;;;;;670;343;328;698;425;273;1147;710;437;-449;-285;-164
2346;52;2020;;;;;;667;339;328;696;423;273;1153;711;442;-457;-288;-169
2347;52;2021;;;;;;688;348;340;693;421;272;1168;720;448;-475;-299;-176
2348;52;2022;;;;;;666;335;330;691;420;271;1148;704;444;-457;-284;-173
2349;52;2023;;;;;;633;318;315;689;419;270;1099;670;429;-410;-251;-159
2350;52;2024;;;;;;600;299;301;685;417;268;1065;645;420;-380;-228;-152
2351;52;2025;;;;;;552;275;277;682;415;267;1010;611;398;-328;-196;-131
2352;52;2026;;;;;;530;265;265;680;414;266;983;595;388;-303;-181;-122
2353;52;2027;;;;;;506;253;253;678;412;266;950;575;374;-272;-163;-108
2354;52;2028;;;;;;499;251;248;676;411;265;936;570;366;-260;-159;-101
2355;52;2029;;;;;;491;246;245;675;410;265;927;564;363;-252;-154;-98
2356;52;2030;;;;;;493;247;246;673;409;264;927;565;362;-254;-156;-98
2357;52;2031;;;;;;489;245;243;671;408;263;918;560;358;-247;-152;-95
2358;52;2032;;;;;;499;251;248;668;406;262;926;566;360;-258;-160;-98
2359;52;2033;;;;;;489;246;244;666;405;261;919;561;357;-253;-156;-96
2360;52;2034;;;;;;473;239;234;664;404;260;908;557;351;-244;-153;-91
2361;52;2035;;;;;;466;235;231;663;404;259;903;555;348;-240;-151;-89
2362;52;2036;;;;;;472;239;232;662;403;259;911;561;350;-249;-158;-91
2363;52;2037;;;;;;475;241;234;660;401;259;915;564;351;-255;-163;-92
2364;52;2038;;;;;;481;244;237;658;400;258;920;568;352;-262;-168;-94
2365;52;2039;;;;;;480;246;234;657;399;258;920;570;350;-263;-171;-92
2366;52;2040;;;;;;474;243;231;655;398;257;917;568;348;-262;-170;-91
2367;52;2041;;;;;;474;243;231;655;398;257;920;571;349;-265;-173;-92
2368;52;2042;;;;;;485;250;235;654;398;256;934;581;353;-280;-183;-97
2369;52;2043;;;;;;480;248;232;653;397;256;932;579;353;-279;-182;-97
2370;52;2044;;;;;;471;244;227;651;396;255;926;576;350;-275;-180;-95
2371;52;2045;;;;;;463;241;223;651;395;256;922;573;349;-271;-178;-93
2372;52;2046;;;;;;460;240;220;648;394;254;922;573;349;-274;-179;-95
2373;52;2047;;;;;;446;233;213;648;394;254;912;568;345;-264;-174;-91
2374;52;2048;;;;;;440;232;209;647;394;253;913;568;344;-266;-174;-91
2375;52;2049;;;;;;438;230;208;647;394;253;917;569;348;-270;-175;-95
2376;53;2006;;;;;;814;465;349;508;298;210;1025;640;385;-517;-342;-175
2377;53;2007;;;;;;807;456;350;540;317;223;1043;648;395;-503;-331;-172
2378;53;2008;;;;;;799;446;353;573;337;236;1048;647;401;-475;-310;-165
2379;53;2009;;;;;;800;445;355;609;359;250;1073;667;406;-464;-308;-156
2380;53;2010;;;;;;795;437;358;637;379;258;1072;660;412;-435;-281;-154
2381;53;2011;;;;;;794;432;361;660;392;268;1087;672;415;-427;-280;-147
2382;53;2012;;;;;;798;431;368;669;399;270;1097;678;419;-428;-279;-149
2383;53;2013;;;;;;787;422;365;669;399;270;1131;702;429;-462;-303;-159
2384;53;2014;;;;;;793;421;372;665;397;268;1106;685;421;-441;-288;-153
2385;53;2015;;;;;;785;414;371;663;396;267;1126;697;429;-463;-301;-162
2386;53;2016;;;;;;786;413;373;661;395;266;1133;701;432;-472;-306;-166
2387;53;2017;;;;;;783;409;375;658;393;265;1151;710;441;-493;-317;-176
2388;53;2018;;;;;;758;394;364;655;391;264;1131;699;432;-476;-308;-168
2389;53;2019;;;;;;736;379;356;652;389;263;1101;680;421;-449;-291;-158
2390;53;2020;;;;;;723;371;352;649;387;262;1087;665;423;-438;-278;-161
2391;53;2021;;;;;;720;367;353;646;386;260;1093;666;427;-447;-280;-167
2392;53;2022;;;;;;744;379;365;644;385;259;1107;675;432;-463;-290;-173
2393;53;2023;;;;;;720;365;355;642;384;258;1090;660;430;-448;-276;-172
2394;53;2024;;;;;;686;347;339;639;382;257;1044;629;415;-405;-247;-158
2395;53;2025;;;;;;650;326;324;637;381;256;1012;606;406;-375;-225;-150
2396;53;2026;;;;;;599;301;298;634;379;255;959;574;385;-325;-195;-130
2397;53;2027;;;;;;575;290;285;633;378;255;933;558;375;-300;-180;-120
2398;53;2028;;;;;;548;276;272;631;377;254;903;540;363;-272;-163;-109
2399;53;2029;;;;;;542;275;267;629;376;253;890;535;355;-261;-159;-102
2400;53;2030;;;;;;533;270;263;627;375;252;883;530;353;-256;-155;-101
2401;53;2031;;;;;;535;271;264;624;373;251;882;530;352;-258;-157;-101
2402;53;2032;;;;;;529;268;261;622;372;250;875;527;348;-253;-155;-98
2403;53;2033;;;;;;540;274;266;620;371;249;883;533;351;-263;-162;-102
2404;53;2034;;;;;;529;268;261;619;370;249;876;528;348;-257;-158;-99
2405;53;2035;;;;;;512;261;251;618;369;249;867;524;342;-249;-155;-93
2406;53;2036;;;;;;504;257;247;617;369;248;862;522;340;-245;-153;-92
2407;53;2037;;;;;;510;261;249;615;368;247;871;529;342;-256;-161;-95
2408;53;2038;;;;;;513;263;250;614;367;247;875;532;343;-261;-165;-96
2409;53;2039;;;;;;519;266;253;612;366;246;881;536;345;-269;-170;-99
2410;53;2040;;;;;;518;268;250;610;365;245;881;538;343;-271;-173;-98
2411;53;2041;;;;;;512;265;247;609;364;245;879;536;343;-270;-172;-98
2412;53;2042;;;;;;512;265;247;608;364;244;883;539;344;-275;-175;-100
2413;53;2043;;;;;;524;273;251;607;363;244;898;548;349;-291;-185;-105
2414;53;2044;;;;;;519;270;248;606;363;243;897;548;349;-291;-185;-106
2415;53;2045;;;;;;509;266;242;605;362;243;892;545;347;-287;-183;-104
2416;53;2046;;;;;;501;262;238;604;361;243;888;542;346;-284;-181;-103
2417;53;2047;;;;;;497;261;236;604;361;243;891;544;347;-287;-183;-104
2418;53;2048;;;;;;482;254;228;602;360;242;881;538;343;-279;-178;-101
2419;53;2049;;;;;;476;253;223;602;360;242;883;540;343;-281;-180;-101
2420;54;2006;;;;;;882;512;370;485;283;202;970;596;374;-485;-313;-172
2421;54;2007;;;;;;858;492;366;511;296;215;965;586;378;-454;-290;-163
2422;54;2008;;;;;;851;484;367;544;316;228;981;593;387;-437;-277;-159
2423;54;2009;;;;;;842;472;370;578;339;239;984;592;392;-406;-253;-153
2424;54;2010;;;;;;844;471;373;610;357;253;1006;609;397;-396;-252;-144
2425;54;2011;;;;;;839;463;376;631;371;260;1004;601;402;-373;-230;-142
2426;54;2012;;;;;;838;459;379;642;378;264;1018;613;405;-376;-235;-141
2427;54;2013;;;;;;843;457;386;643;379;264;1028;618;410;-385;-239;-146
2428;54;2014;;;;;;832;449;383;640;377;263;1060;640;420;-420;-263;-157
2429;54;2015;;;;;;839;449;390;637;375;262;1039;627;413;-402;-252;-151
2430;54;2016;;;;;;832;442;390;634;374;260;1058;637;422;-424;-263;-162
2431;54;2017;;;;;;832;441;391;631;372;259;1065;641;424;-434;-269;-165
2432;54;2018;;;;;;831;437;394;628;371;257;1083;649;434;-455;-278;-177
2433;54;2019;;;;;;806;423;383;626;369;257;1065;639;426;-439;-270;-169
2434;54;2020;;;;;;783;408;375;623;367;256;1036;621;414;-413;-254;-158
2435;54;2021;;;;;;770;400;370;622;367;255;1023;607;416;-401;-240;-161
2436;54;2022;;;;;;768;397;371;618;365;253;1029;609;420;-411;-244;-167
2437;54;2023;;;;;;794;410;384;616;364;252;1042;617;425;-426;-253;-173
2438;54;2024;;;;;;769;396;374;613;362;251;1025;603;423;-412;-241;-172
2439;54;2025;;;;;;734;377;357;611;361;250;983;575;408;-372;-214;-158
2440;54;2026;;;;;;695;355;341;608;359;249;952;553;399;-344;-194;-150
2441;54;2027;;;;;;641;327;314;605;358;247;903;523;379;-298;-165;-132
2442;54;2028;;;;;;615;315;300;604;357;247;879;509;370;-275;-152;-123
2443;54;2029;;;;;;587;301;286;601;356;245;850;492;358;-249;-136;-113
2444;54;2030;;;;;;580;299;281;600;355;245;838;488;350;-238;-133;-105
2445;54;2031;;;;;;570;293;277;599;354;245;830;482;348;-231;-128;-103
2446;54;2032;;;;;;572;294;278;596;352;244;830;483;348;-234;-131;-104
2447;54;2033;;;;;;566;291;274;594;351;243;823;479;344;-229;-128;-101
2448;54;2034;;;;;;577;298;279;593;351;242;831;485;346;-238;-134;-104
2449;54;2035;;;;;;565;291;274;591;350;241;824;480;344;-233;-130;-103
2450;54;2036;;;;;;546;282;263;589;349;240;815;476;338;-226;-127;-98
2451;54;2037;;;;;;537;278;259;588;348;240;811;474;337;-223;-126;-97
2452;54;2038;;;;;;543;283;260;586;347;239;819;480;339;-233;-133;-100
2453;54;2039;;;;;;546;284;262;584;346;238;823;482;340;-239;-136;-102
2454;54;2040;;;;;;554;289;265;584;345;239;828;486;342;-244;-141;-103
2455;54;2041;;;;;;552;290;262;583;345;238;830;489;341;-247;-144;-103
2456;54;2042;;;;;;546;287;259;582;345;237;828;487;340;-246;-142;-103
2457;54;2043;;;;;;546;287;259;581;344;237;832;490;342;-251;-146;-105
2458;54;2044;;;;;;558;295;263;579;343;236;846;499;347;-267;-156;-111
2459;54;2045;;;;;;553;293;260;579;343;236;846;498;348;-267;-155;-112
2460;54;2046;;;;;;543;288;254;577;342;235;842;496;346;-265;-154;-111
2461;54;2047;;;;;;534;284;250;576;341;235;838;493;345;-262;-152;-110
2462;54;2048;;;;;;530;283;247;576;342;234;840;494;347;-264;-152;-113
2463;54;2049;;;;;;515;275;239;575;341;234;833;489;344;-258;-148;-110
2464;55;2006;;;;;;923;538;385;463;272;191;896;541;355;-433;-269;-164
2465;55;2007;;;;;;932;538;395;487;286;201;932;559;373;-445;-273;-172
2466;55;2008;;;;;;908;518;390;517;303;214;925;550;375;-408;-247;-161
2467;55;2009;;;;;;901;510;392;552;326;226;937;554;383;-385;-228;-157
2468;55;2010;;;;;;893;498;395;581;343;238;939;553;387;-358;-210;-149
2469;55;2011;;;;;;895;497;398;601;355;246;958;567;390;-357;-212;-144
2470;55;2012;;;;;;890;489;402;612;362;250;954;559;395;-342;-197;-145
2471;55;2013;;;;;;889;485;405;613;362;251;967;569;397;-354;-207;-146
2472;55;2014;;;;;;896;484;412;610;360;250;976;574;402;-366;-214;-152
2473;55;2015;;;;;;885;476;409;606;358;248;1004;593;411;-398;-235;-163
2474;55;2016;;;;;;894;477;417;603;357;246;987;581;406;-384;-224;-160
2475;55;2017;;;;;;886;469;417;600;355;245;1005;592;413;-405;-237;-168
2476;55;2018;;;;;;888;470;418;598;354;244;1010;595;416;-412;-241;-172
2477;55;2019;;;;;;888;467;421;595;352;243;1026;601;425;-431;-249;-182
2478;55;2020;;;;;;862;453;410;593;351;242;1008;591;417;-415;-240;-175
2479;55;2021;;;;;;839;438;401;590;349;241;980;574;405;-390;-225;-164
2480;55;2022;;;;;;827;430;396;586;347;239;968;561;406;-382;-214;-167
2481;55;2023;;;;;;825;428;398;584;346;238;970;561;410;-386;-215;-172
2482;55;2024;;;;;;854;442;412;582;345;237;984;569;415;-402;-224;-178
2483;55;2025;;;;;;828;427;401;580;344;236;968;556;412;-388;-212;-176
2484;55;2026;;;;;;790;407;382;577;342;235;927;530;397;-350;-188;-162
2485;55;2027;;;;;;749;384;365;574;341;233;897;509;388;-323;-168;-155
2486;55;2028;;;;;;690;354;336;572;339;233;850;481;368;-278;-142;-135
2487;55;2029;;;;;;663;341;321;570;338;232;827;468;359;-257;-130;-127
2488;55;2030;;;;;;632;326;306;569;337;232;800;452;348;-231;-115;-116
2489;55;2031;;;;;;624;324;301;566;336;230;788;447;341;-222;-111;-111
2490;55;2032;;;;;;613;317;296;565;335;230;781;442;338;-216;-107;-108
2491;55;2033;;;;;;615;318;297;563;334;229;781;442;339;-218;-108;-110
2492;55;2034;;;;;;607;315;293;561;333;228;774;439;335;-213;-106;-107
2493;55;2035;;;;;;619;321;298;559;332;227;782;444;338;-223;-112;-111
2494;55;2036;;;;;;606;314;292;557;331;226;775;439;336;-218;-108;-110
2495;55;2037;;;;;;585;305;281;555;330;225;765;435;331;-210;-105;-106
2496;55;2038;;;;;;576;300;276;554;329;225;761;433;329;-207;-104;-104
2497;55;2039;;;;;;582;305;277;553;329;224;770;439;331;-217;-110;-107
2498;55;2040;;;;;;586;307;279;551;328;223;773;441;332;-222;-113;-109
2499;55;2041;;;;;;593;311;282;551;327;224;778;444;334;-227;-117;-110
2500;55;2042;;;;;;592;313;279;549;326;223;780;447;333;-231;-121;-110
2501;55;2043;;;;;;585;309;276;549;326;223;778;445;333;-229;-119;-110
2502;55;2044;;;;;;585;309;276;547;325;222;782;447;335;-235;-122;-113
2503;55;2045;;;;;;599;319;280;545;324;221;796;456;340;-251;-132;-119
2504;55;2046;;;;;;594;316;278;544;323;221;795;454;341;-251;-131;-120
2505;55;2047;;;;;;582;311;271;545;324;221;791;452;339;-246;-128;-118
2506;55;2048;;;;;;574;307;267;543;323;220;789;450;339;-246;-127;-119
2507;55;2049;;;;;;570;305;264;543;323;220;792;451;341;-249;-128;-121
2508;56;2006;;;;;;1020;596;423;436;251;185;912;545;367;-476;-294;-182
2509;56;2007;;;;;;990;573;416;457;264;193;883;523;360;-426;-259;-167
2510;56;2008;;;;;;1001;575;427;488;282;206;915;539;376;-427;-257;-170
2511;56;2009;;;;;;976;554;422;519;301;218;908;530;378;-389;-229;-160
2512;56;2010;;;;;;969;545;424;551;321;230;918;534;384;-367;-213;-154
2513;56;2011;;;;;;961;533;428;569;333;236;919;531;388;-350;-198;-152
2514;56;2012;;;;;;963;532;431;576;338;238;935;544;391;-359;-206;-153
2515;56;2013;;;;;;959;524;435;578;339;239;932;537;395;-354;-198;-156
2516;56;2014;;;;;;959;520;438;575;337;238;943;546;397;-368;-209;-159
2517;56;2015;;;;;;967;521;446;571;335;236;952;552;400;-381;-217;-164
2518;56;2016;;;;;;956;513;443;568;333;235;979;569;410;-411;-236;-175
2519;56;2017;;;;;;966;514;452;564;331;233;964;559;405;-400;-228;-172
2520;56;2018;;;;;;958;507;451;561;329;232;980;567;413;-419;-238;-181
2521;56;2019;;;;;;962;509;453;560;329;231;984;570;414;-424;-241;-183
2522;56;2020;;;;;;964;507;456;557;327;230;999;576;423;-442;-249;-193
2523;56;2021;;;;;;938;493;445;553;325;228;979;566;413;-426;-241;-185
2524;56;2022;;;;;;913;478;435;551;324;227;951;550;401;-400;-226;-174
2525;56;2023;;;;;;901;471;430;548;322;226;939;538;401;-391;-216;-175
2526;56;2024;;;;;;900;468;432;545;320;225;941;537;404;-396;-217;-179
2527;56;2025;;;;;;932;485;447;542;319;223;954;546;408;-412;-227;-185
2528;56;2026;;;;;;904;469;435;539;317;222;938;532;405;-399;-215;-183
2529;56;2027;;;;;;862;447;415;537;316;221;897;507;390;-360;-191;-169
2530;56;2028;;;;;;818;421;396;536;316;220;867;487;381;-331;-171;-161
2531;56;2029;;;;;;754;389;364;533;314;219;821;460;361;-288;-146;-142
2532;56;2030;;;;;;724;375;349;531;313;218;799;447;351;-268;-134;-133
2533;56;2031;;;;;;690;358;332;530;312;218;772;431;341;-242;-119;-123
2534;56;2032;;;;;;681;355;326;526;309;217;760;427;333;-234;-118;-116
2535;56;2033;;;;;;669;348;321;524;308;216;753;422;331;-229;-114;-115
2536;56;2034;;;;;;670;348;321;522;307;215;753;423;330;-231;-116;-115
2537;56;2035;;;;;;661;344;317;520;306;214;746;419;327;-226;-113;-113
2538;56;2036;;;;;;673;352;322;519;306;213;753;424;329;-234;-118;-116
2539;56;2037;;;;;;659;343;316;517;305;212;746;419;327;-229;-114;-115
2540;56;2038;;;;;;636;333;303;516;304;212;738;416;322;-222;-112;-110
2541;56;2039;;;;;;626;328;298;514;303;211;733;414;319;-219;-111;-108
2542;56;2040;;;;;;633;333;300;512;302;210;741;419;322;-229;-117;-112
2543;56;2041;;;;;;637;335;301;511;301;210;745;422;323;-234;-121;-113
2544;56;2042;;;;;;645;340;305;509;300;209;749;425;324;-240;-125;-115
2545;56;2043;;;;;;644;342;302;507;299;208;749;426;323;-242;-127;-115
2546;56;2044;;;;;;637;338;298;507;299;208;748;425;323;-241;-126;-115
2547;56;2045;;;;;;637;338;298;506;299;207;752;427;324;-246;-128;-117
2548;56;2046;;;;;;652;349;304;506;298;208;764;436;329;-258;-138;-121
2549;56;2047;;;;;;647;346;301;505;298;207;764;434;330;-259;-136;-123
2550;56;2048;;;;;;635;341;294;504;297;207;761;432;329;-257;-135;-122
2551;56;2049;;;;;;625;336;290;503;297;206;758;430;328;-255;-133;-122
2552;57;2006;;;;;;1126;664;461;409;233;176;896;534;362;-487;-301;-186
2553;57;2007;;;;;;1083;633;450;430;244;186;894;531;363;-464;-287;-177
2554;57;2008;;;;;;1053;610;443;458;260;198;863;509;354;-405;-249;-156
2555;57;2009;;;;;;1066;612;454;489;279;210;892;524;368;-403;-245;-158
2556;57;2010;;;;;;1040;590;450;520;296;224;882;514;368;-362;-218;-144
2557;57;2011;;;;;;1033;581;452;541;310;231;891;518;373;-350;-208;-142
2558;57;2012;;;;;;1024;568;456;550;315;235;890;515;375;-340;-200;-140
2559;57;2013;;;;;;1027;568;459;552;315;237;906;527;378;-354;-212;-141
2560;57;2014;;;;;;1024;561;463;549;313;236;903;522;381;-354;-209;-145
2561;57;2015;;;;;;1025;558;467;545;311;234;913;530;383;-368;-219;-149
2562;57;2016;;;;;;1035;560;475;541;309;232;923;537;386;-382;-228;-154
2563;57;2017;;;;;;1023;551;473;538;307;231;950;554;396;-412;-247;-165
2564;57;2018;;;;;;1035;554;482;534;305;229;936;546;390;-402;-241;-161
2565;57;2019;;;;;;1029;548;481;532;304;228;950;553;397;-418;-249;-169
2566;57;2020;;;;;;1035;551;484;529;303;226;955;557;398;-426;-254;-172
2567;57;2021;;;;;;1038;551;487;526;301;225;968;563;405;-442;-262;-180
2568;57;2022;;;;;;1011;536;475;522;299;223;949;553;396;-427;-254;-173
2569;57;2023;;;;;;986;521;465;520;298;222;921;538;384;-401;-240;-162
2570;57;2024;;;;;;973;514;460;517;296;221;910;526;383;-393;-230;-162
2571;57;2025;;;;;;973;511;461;514;295;219;911;526;385;-397;-231;-166
2572;57;2026;;;;;;1008;530;478;511;293;218;922;534;388;-411;-241;-170
2573;57;2027;;;;;;977;513;465;509;292;217;906;521;385;-397;-229;-168
2574;57;2028;;;;;;933;490;443;506;290;216;869;498;371;-363;-208;-155
2575;57;2029;;;;;;884;461;423;504;289;215;839;477;362;-335;-188;-147
2576;57;2030;;;;;;815;426;389;503;289;214;795;452;343;-292;-163;-129
2577;57;2031;;;;;;782;410;372;500;287;213;773;439;333;-273;-152;-120
2578;57;2032;;;;;;746;391;354;498;286;212;747;424;323;-249;-138;-111
2579;57;2033;;;;;;735;388;347;496;285;211;735;420;316;-239;-135;-105
2580;57;2034;;;;;;721;380;342;494;284;210;728;415;313;-234;-131;-103
2581;57;2035;;;;;;722;380;342;491;282;209;727;415;312;-236;-133;-103
2582;57;2036;;;;;;713;375;337;491;282;209;721;412;308;-230;-130;-99
2583;57;2037;;;;;;725;383;342;488;280;208;727;417;310;-239;-137;-102
2584;57;2038;;;;;;710;374;336;486;279;207;721;412;308;-235;-133;-101
2585;57;2039;;;;;;686;363;322;484;278;206;712;409;303;-228;-131;-97
2586;57;2040;;;;;;674;358;317;483;278;205;708;407;301;-225;-129;-96
2587;57;2041;;;;;;682;363;319;483;278;205;716;413;303;-233;-135;-98
2588;57;2042;;;;;;686;365;321;482;277;205;719;415;304;-237;-138;-99
2589;57;2043;;;;;;696;371;325;480;276;204;723;418;305;-243;-142;-101
2590;57;2044;;;;;;694;373;321;479;275;204;724;420;304;-245;-145;-100
2591;57;2045;;;;;;687;369;318;478;275;203;722;419;303;-244;-144;-100
2592;57;2046;;;;;;687;369;318;477;274;203;725;421;305;-248;-147;-102
2593;57;2047;;;;;;704;380;324;475;273;202;737;429;309;-262;-156;-107
2594;57;2048;;;;;;698;377;321;475;273;202;737;428;309;-262;-155;-107
2595;57;2049;;;;;;686;371;314;473;272;201;734;427;307;-261;-155;-106
2596;58;2006;;;;;;1276;761;515;385;225;160;875;531;345;-490;-306;-185
2597;58;2007;;;;;;1207;712;495;403;235;168;848;509;338;-445;-274;-170
2598;58;2008;;;;;;1164;680;484;432;251;181;844;505;339;-412;-254;-158
2599;58;2009;;;;;;1132;656;476;462;270;192;812;484;329;-350;-214;-137
2600;58;2010;;;;;;1146;658;488;488;286;202;839;498;341;-351;-212;-139
2601;58;2011;;;;;;1119;635;484;508;299;209;828;488;340;-320;-189;-131
2602;58;2012;;;;;;1112;626;486;515;304;211;836;491;345;-321;-187;-134
2603;58;2013;;;;;;1104;614;490;516;304;212;835;488;347;-319;-184;-135
2604;58;2014;;;;;;1108;615;493;513;302;211;849;500;349;-336;-198;-138
2605;58;2015;;;;;;1106;608;498;509;300;209;847;495;352;-338;-195;-143
2606;58;2016;;;;;;1108;606;502;506;298;208;858;504;354;-352;-206;-146
2607;58;2017;;;;;;1119;608;511;503;297;206;869;511;358;-366;-214;-152
2608;58;2018;;;;;;1108;600;508;500;295;205;893;526;367;-393;-231;-162
2609;58;2019;;;;;;1123;605;519;497;293;204;879;519;360;-382;-226;-156
2610;58;2020;;;;;;1118;600;518;493;291;202;892;526;366;-399;-235;-164
2611;58;2021;;;;;;1126;605;521;490;289;201;896;530;367;-406;-241;-166
2612;58;2022;;;;;;1131;606;525;489;288;201;908;535;373;-419;-247;-172
2613;58;2023;;;;;;1102;590;512;485;286;199;889;525;364;-404;-239;-165
2614;58;2024;;;;;;1076;575;501;482;284;198;863;511;352;-381;-227;-154
2615;58;2025;;;;;;1062;567;495;480;283;197;852;501;351;-372;-218;-154
2616;58;2026;;;;;;1062;565;497;477;281;196;853;500;354;-376;-219;-158
2617;58;2027;;;;;;1101;586;515;475;280;195;864;508;356;-389;-228;-161
2618;58;2028;;;;;;1068;567;501;473;279;194;849;496;353;-376;-217;-159
2619;58;2029;;;;;;1019;542;477;471;278;193;813;474;339;-342;-196;-146
2620;58;2030;;;;;;966;510;455;468;276;192;784;454;330;-316;-178;-138
2621;58;2031;;;;;;890;471;419;466;275;191;742;430;312;-276;-155;-121
2622;58;2032;;;;;;853;453;400;464;274;190;721;418;303;-257;-144;-113
2623;58;2033;;;;;;813;432;381;461;272;189;697;404;293;-236;-132;-104
2624;58;2034;;;;;;801;428;373;459;271;188;686;400;285;-227;-129;-97
2625;58;2035;;;;;;785;418;367;457;270;187;678;396;283;-221;-126;-96
2626;58;2036;;;;;;786;419;367;455;269;186;678;396;282;-223;-127;-96
2627;58;2037;;;;;;776;414;362;453;268;185;671;393;278;-218;-125;-93
2628;58;2038;;;;;;790;422;367;452;267;185;678;398;280;-226;-131;-95
2629;58;2039;;;;;;772;412;360;450;266;184;671;393;277;-221;-127;-93
2630;58;2040;;;;;;746;400;346;448;265;183;663;390;273;-215;-125;-90
2631;58;2041;;;;;;734;394;340;448;265;183;659;388;271;-211;-123;-88
2632;58;2042;;;;;;743;400;342;446;264;182;666;394;272;-220;-130;-90
2633;58;2043;;;;;;747;403;345;445;263;182;670;397;273;-225;-134;-91
2634;58;2044;;;;;;758;409;349;444;262;182;673;399;274;-229;-137;-92
2635;58;2045;;;;;;757;411;345;443;262;181;673;401;272;-230;-139;-91
2636;58;2046;;;;;;749;406;342;442;261;181;672;400;271;-230;-139;-90
2637;58;2047;;;;;;749;407;343;440;260;180;676;403;273;-236;-143;-93
2638;58;2048;;;;;;768;419;349;440;260;180;686;410;276;-246;-150;-96
2639;58;2049;;;;;;762;416;347;439;259;180;687;410;277;-248;-151;-97
2640;59;2006;;;;;;1471;876;596;354;208;146;837;502;336;-483;-294;-190
2641;59;2007;;;;;;1365;808;557;372;218;154;809;482;326;-437;-264;-172
2642;59;2008;;;;;;1295;759;536;396;232;164;783;463;319;-387;-231;-155
2643;59;2009;;;;;;1249;725;524;424;248;176;779;459;320;-355;-211;-144
2644;59;2010;;;;;;1216;700;516;449;264;185;750;441;309;-301;-177;-124
2645;59;2011;;;;;;1233;703;530;469;276;193;775;454;321;-306;-178;-128
2646;59;2012;;;;;;1204;679;524;478;282;196;765;445;319;-287;-163;-123
2647;59;2013;;;;;;1197;670;527;478;282;196;773;448;325;-295;-166;-129
2648;59;2014;;;;;;1189;658;531;475;281;194;772;446;326;-297;-165;-132
2649;59;2015;;;;;;1196;661;535;472;279;193;788;458;329;-316;-179;-136
2650;59;2016;;;;;;1195;655;540;470;278;192;788;455;333;-318;-177;-141
2651;59;2017;;;;;;1198;653;545;466;276;190;800;464;336;-334;-188;-146
2652;59;2018;;;;;;1211;656;555;463;274;189;809;470;339;-346;-196;-150
2653;59;2019;;;;;;1202;650;552;459;272;187;831;483;348;-372;-211;-161
2654;59;2020;;;;;;1220;657;563;457;271;186;816;476;340;-359;-205;-154
2655;59;2021;;;;;;1216;653;563;454;269;185;830;483;347;-376;-214;-162
2656;59;2022;;;;;;1226;659;566;451;267;184;833;486;347;-382;-219;-163
2657;59;2023;;;;;;1232;661;571;448;266;182;843;491;353;-395;-225;-171
2658;59;2024;;;;;;1202;646;556;445;264;181;826;482;343;-381;-218;-162
2659;59;2025;;;;;;1174;629;545;444;263;181;801;468;333;-357;-205;-152
2660;59;2026;;;;;;1160;621;538;441;261;180;790;459;331;-349;-198;-151
2661;59;2027;;;;;;1160;620;540;439;260;179;792;459;334;-353;-199;-155
2662;59;2028;;;;;;1202;643;559;436;258;178;802;467;335;-366;-209;-157
2663;59;2029;;;;;;1166;622;544;434;257;177;787;455;332;-353;-198;-155
2664;59;2030;;;;;;1113;594;518;433;257;176;753;434;319;-320;-177;-143
2665;59;2031;;;;;;1054;560;494;430;255;175;727;416;311;-297;-161;-136
2666;59;2032;;;;;;971;517;454;428;254;174;686;392;294;-258;-138;-120
2667;59;2033;;;;;;930;497;434;426;253;173;666;381;286;-240;-128;-113
2668;59;2034;;;;;;886;473;413;424;252;172;642;367;275;-218;-115;-103
2669;59;2035;;;;;;872;468;404;423;251;172;632;364;268;-209;-113;-96
2670;59;2036;;;;;;855;457;398;421;250;171;625;359;266;-204;-109;-95
2671;59;2037;;;;;;856;458;398;419;249;170;625;360;265;-206;-111;-95
2672;59;2038;;;;;;844;452;392;417;248;169;620;358;262;-203;-110;-93
2673;59;2039;;;;;;859;461;398;416;247;169;626;362;264;-210;-115;-95
2674;59;2040;;;;;;841;450;391;414;246;168;619;358;261;-205;-112;-93
2675;59;2041;;;;;;812;437;375;413;246;167;612;355;258;-199;-109;-91
2676;59;2042;;;;;;799;430;369;412;245;167;610;354;256;-198;-109;-89
2677;59;2043;;;;;;809;437;371;410;244;166;616;359;257;-206;-115;-91
2678;59;2044;;;;;;814;440;374;410;244;166;619;361;258;-209;-117;-92
2679;59;2045;;;;;;826;447;379;409;243;166;624;365;259;-215;-122;-93
2680;59;2046;;;;;;825;450;375;408;242;166;625;367;258;-217;-125;-92
2681;59;2047;;;;;;816;444;372;407;242;165;624;366;258;-217;-124;-93
2682;59;2048;;;;;;818;445;373;406;241;165;628;368;259;-222;-127;-94
2683;59;2049;;;;;;839;458;380;405;241;164;640;376;263;-235;-135;-99
2684;60;2006;;;;;;1679;1019;660;311;180;131;787;482;305;-476;-302;-174
2685;60;2007;;;;;;1589;952;637;325;189;136;776;470;306;-451;-281;-170
2686;60;2008;;;;;;1478;882;596;350;203;147;749;452;297;-399;-249;-150
2687;60;2009;;;;;;1402;828;574;377;219;158;724;434;290;-347;-215;-132
2688;60;2010;;;;;;1353;792;561;400;232;168;721;430;291;-321;-198;-123
2689;60;2011;;;;;;1319;766;553;415;241;174;694;413;282;-279;-172;-108
2690;60;2012;;;;;;1337;769;567;421;246;175;716;424;293;-295;-178;-118
2691;60;2013;;;;;;1306;745;561;421;246;175;709;417;292;-288;-171;-117
2692;60;2014;;;;;;1301;737;564;419;245;174;718;421;298;-299;-176;-124
2693;60;2015;;;;;;1294;725;569;417;243;174;719;418;300;-302;-175;-126
2694;60;2016;;;;;;1302;729;573;413;241;172;734;431;303;-321;-190;-131
2695;60;2017;;;;;;1301;723;579;411;240;171;736;428;308;-325;-188;-137
2696;60;2018;;;;;;1306;723;584;409;239;170;748;436;311;-339;-197;-141
2697;60;2019;;;;;;1323;729;595;406;238;168;756;442;314;-350;-204;-146
2698;60;2020;;;;;;1315;723;592;403;236;167;777;455;322;-374;-219;-155
2699;60;2021;;;;;;1336;732;604;401;235;166;765;449;316;-364;-214;-150
2700;60;2022;;;;;;1334;729;604;398;233;165;778;455;322;-380;-222;-157
2701;60;2023;;;;;;1346;738;608;396;232;164;779;457;322;-383;-225;-158
2702;60;2024;;;;;;1354;741;612;394;231;163;789;462;327;-395;-231;-164
2703;60;2025;;;;;;1321;725;597;391;229;162;773;453;320;-382;-224;-158
2704;60;2026;;;;;;1291;707;585;389;228;161;751;441;310;-362;-213;-149
2705;60;2027;;;;;;1276;698;577;387;227;160;740;432;308;-353;-205;-148
2706;60;2028;;;;;;1276;696;579;384;225;159;742;432;310;-358;-207;-151
2707;60;2029;;;;;;1322;723;599;382;224;158;752;439;313;-370;-215;-155
2708;60;2030;;;;;;1282;699;582;380;223;157;738;428;310;-358;-205;-153
2709;60;2031;;;;;;1223;668;555;378;222;156;706;408;298;-328;-186;-142
2710;60;2032;;;;;;1158;628;529;376;221;155;682;391;291;-306;-170;-136
2711;60;2033;;;;;;1066;580;486;374;220;154;643;368;275;-269;-148;-121
2712;60;2034;;;;;;1021;557;464;374;219;155;624;357;267;-250;-138;-112
2713;60;2035;;;;;;971;529;442;372;218;154;602;344;258;-230;-126;-104
2714;60;2036;;;;;;956;524;432;371;218;153;593;341;251;-222;-123;-98
2715;60;2037;;;;;;937;512;425;369;217;152;586;337;249;-217;-120;-97
2716;60;2038;;;;;;938;512;425;368;216;152;587;337;249;-219;-121;-97
2717;60;2039;;;;;;926;506;419;366;215;151;581;335;246;-215;-120;-95
2718;60;2040;;;;;;942;516;426;365;215;150;587;340;247;-222;-125;-97
2719;60;2041;;;;;;922;504;418;364;214;150;582;336;246;-218;-122;-96
2720;60;2042;;;;;;891;489;402;362;213;149;574;332;242;-212;-119;-93
2721;60;2043;;;;;;877;482;395;361;212;149;572;332;240;-211;-120;-91
2722;60;2044;;;;;;888;490;398;360;212;148;579;336;242;-219;-124;-94
2723;60;2045;;;;;;894;493;401;359;211;148;582;339;243;-223;-128;-95
2724;60;2046;;;;;;907;500;407;358;211;147;587;342;245;-229;-131;-98
2725;60;2047;;;;;;907;504;403;357;210;147;589;344;244;-232;-134;-97
2726;60;2048;;;;;;898;498;400;357;210;147;588;344;245;-231;-134;-98
2727;60;2049;;;;;;900;499;402;355;209;146;592;346;246;-237;-137;-100
2728;61;2006;;;;;;1305;798;507;273;157;116;587;358;229;-314;-201;-113
2729;61;2007;;;;;;1777;1080;697;284;164;120;723;442;281;-439;-278;-161
2730;61;2008;;;;;;1685;1013;672;303;174;129;712;430;282;-409;-256;-153
2731;61;2009;;;;;;1568;939;629;329;189;140;688;413;275;-359;-224;-135
2732;61;2010;;;;;;1489;882;606;349;201;148;666;397;269;-317;-196;-121
2733;61;2011;;;;;;1438;845;593;364;210;154;664;393;270;-300;-183;-116
2734;61;2012;;;;;;1402;818;584;371;214;157;640;379;261;-269;-165;-104
2735;61;2013;;;;;;1422;823;599;371;214;157;663;390;272;-292;-176;-115
2736;61;2014;;;;;;1392;799;593;368;212;156;655;384;271;-287;-172;-115
2737;61;2015;;;;;;1387;792;596;367;211;156;666;388;277;-299;-177;-121
2738;61;2016;;;;;;1382;781;601;364;210;154;669;388;281;-305;-178;-127
2739;61;2017;;;;;;1391;785;606;362;209;153;683;399;284;-321;-190;-131
2740;61;2018;;;;;;1392;781;612;360;208;152;687;399;288;-327;-191;-136
2741;61;2019;;;;;;1400;783;617;357;206;151;698;407;291;-341;-201;-140
2742;61;2020;;;;;;1420;791;629;355;205;150;706;412;294;-351;-207;-144
2743;61;2021;;;;;;1413;787;626;353;204;149;727;424;303;-374;-220;-154
2744;61;2022;;;;;;1438;799;639;350;202;148;715;419;295;-365;-217;-147
2745;61;2023;;;;;;1436;796;639;348;201;147;728;425;302;-380;-224;-155
2746;61;2024;;;;;;1450;807;643;346;200;146;730;428;302;-384;-228;-156
2747;61;2025;;;;;;1459;811;648;344;199;145;740;432;308;-396;-233;-163
2748;61;2026;;;;;;1425;794;631;342;198;144;726;425;301;-384;-227;-157
2749;61;2027;;;;;;1393;774;618;339;196;143;705;414;292;-366;-218;-149
2750;61;2028;;;;;;1376;766;611;337;195;142;696;406;290;-359;-211;-148
2751;61;2029;;;;;;1376;764;612;336;194;142;698;405;292;-362;-211;-150
2752;61;2030;;;;;;1426;792;634;335;193;142;709;414;295;-374;-221;-153
2753;61;2031;;;;;;1382;766;615;333;192;141;697;404;294;-364;-212;-153
2754;61;2032;;;;;;1318;731;587;331;191;140;667;385;282;-336;-194;-142
2755;61;2033;;;;;;1246;687;559;329;190;139;645;370;275;-316;-180;-136
2756;61;2034;;;;;;1147;634;513;328;189;139;608;349;259;-280;-160;-120
2757;61;2035;;;;;;1098;608;490;327;189;138;592;339;253;-265;-150;-115
2758;61;2036;;;;;;1044;578;466;325;188;137;572;328;244;-247;-140;-107
2759;61;2037;;;;;;1029;572;456;324;187;137;563;325;238;-239;-138;-101
2760;61;2038;;;;;;1008;559;449;323;187;136;558;322;236;-235;-135;-100
2761;61;2039;;;;;;1009;559;449;322;186;136;558;322;236;-236;-136;-100
2762;61;2040;;;;;;996;553;443;321;186;135;554;320;234;-233;-134;-99
2763;61;2041;;;;;;1014;564;450;320;185;135;561;326;235;-241;-141;-100
2764;61;2042;;;;;;992;550;442;318;184;134;556;322;234;-238;-138;-100
2765;61;2043;;;;;;959;534;425;318;184;134;550;320;230;-232;-136;-96
2766;61;2044;;;;;;945;526;418;316;183;133;548;319;229;-232;-136;-96
2767;61;2045;;;;;;957;535;422;316;183;133;555;324;231;-239;-141;-98
2768;61;2046;;;;;;964;538;425;314;182;132;559;327;232;-245;-145;-100
2769;61;2047;;;;;;978;547;432;314;182;132;565;331;234;-251;-149;-102
2770;61;2048;;;;;;979;550;428;313;181;132;567;333;234;-254;-152;-102
2771;61;2049;;;;;;970;544;425;312;181;131;567;333;235;-255;-152;-104
2772;62;2006;;;;;;1490;915;575;238;136;102;539;326;213;-301;-190;-111
2773;62;2007;;;;;;1394;850;545;251;143;108;536;323;213;-285;-180;-105
2774;62;2008;;;;;;1903;1155;748;267;152;115;660;399;261;-393;-247;-146
2775;62;2009;;;;;;1806;1084;722;288;164;124;653;392;261;-365;-228;-137
2776;62;2010;;;;;;1681;1005;676;306;174;132;634;377;257;-328;-203;-125
2777;62;2011;;;;;;1598;946;652;317;181;136;613;363;250;-296;-182;-114
2778;62;2012;;;;;;1544;907;637;322;185;137;613;360;253;-291;-175;-116
2779;62;2013;;;;;;1508;880;628;323;185;138;589;346;243;-266;-161;-105
2780;62;2014;;;;;;1532;888;644;322;184;138;611;356;255;-289;-172;-117
2781;62;2015;;;;;;1501;864;637;320;183;137;608;352;255;-288;-169;-118
2782;62;2016;;;;;;1498;858;641;317;181;136;618;357;261;-301;-176;-125
2783;62;2017;;;;;;1492;846;646;315;180;135;621;357;264;-306;-177;-129
2784;62;2018;;;;;;1504;853;651;313;179;134;633;367;267;-320;-188;-133
2785;62;2019;;;;;;1508;850;658;311;178;133;637;367;270;-326;-189;-137
2786;62;2020;;;;;;1519;854;664;310;178;132;649;374;275;-339;-196;-143
2787;62;2021;;;;;;1543;866;677;308;177;131;656;379;277;-348;-202;-146
2788;62;2022;;;;;;1536;862;674;307;176;131;674;389;285;-367;-213;-154
2789;62;2023;;;;;;1565;877;688;305;175;130;664;386;278;-359;-211;-148
2790;62;2024;;;;;;1564;875;688;302;173;129;676;391;285;-374;-218;-156
2791;62;2025;;;;;;1580;888;692;301;173;128;679;394;285;-378;-221;-157
2792;62;2026;;;;;;1591;893;697;298;171;127;689;399;290;-391;-228;-163
2793;62;2027;;;;;;1554;875;679;297;171;126;675;391;284;-378;-220;-158
2794;62;2028;;;;;;1519;853;665;296;170;126;658;382;276;-362;-212;-150
2795;62;2029;;;;;;1501;844;657;294;169;125;650;376;275;-356;-207;-150
2796;62;2030;;;;;;1500;841;658;292;168;124;653;376;277;-361;-208;-153
2797;62;2031;;;;;;1554;872;681;290;167;123;662;383;280;-372;-216;-157
2798;62;2032;;;;;;1505;843;661;289;166;123;653;374;279;-364;-208;-156
2799;62;2033;;;;;;1434;804;630;287;165;122;625;357;268;-338;-192;-146
2800;62;2034;;;;;;1356;755;600;287;165;122;606;344;262;-319;-179;-140
2801;62;2035;;;;;;1247;696;551;285;164;121;574;326;248;-289;-162;-127
2802;62;2036;;;;;;1194;667;526;284;163;121;558;316;242;-274;-153;-121
2803;62;2037;;;;;;1136;635;501;283;163;120;540;306;233;-257;-143;-113
2804;62;2038;;;;;;1119;628;490;281;162;119;533;305;228;-252;-143;-109
2805;62;2039;;;;;;1096;614;483;280;161;119;528;302;226;-248;-141;-107
2806;62;2040;;;;;;1097;614;483;279;161;118;529;303;226;-250;-142;-108
2807;62;2041;;;;;;1083;607;477;278;160;118;524;301;223;-246;-141;-105
2808;62;2042;;;;;;1103;619;484;277;160;117;531;306;225;-254;-146;-108
2809;62;2043;;;;;;1080;604;476;276;159;117;527;303;224;-251;-144;-107
2810;62;2044;;;;;;1045;587;458;276;159;117;523;301;221;-247;-142;-104
2811;62;2045;;;;;;1029;578;451;274;158;116;522;301;221;-248;-143;-105
2812;62;2046;;;;;;1043;588;455;274;158;116;529;306;222;-255;-148;-106
2813;62;2047;;;;;;1051;592;460;273;157;116;533;309;224;-260;-152;-108
2814;62;2048;;;;;;1068;601;467;272;157;115;539;313;226;-267;-156;-111
2815;62;2049;;;;;;1069;605;464;272;157;115;542;316;226;-270;-159;-111
2816;63;2006;;;;;;1538;949;588;226;125;101;498;314;184;-272;-189;-83
2817;63;2007;;;;;;1586;971;616;241;134;107;525;325;200;-284;-191;-93
2818;63;2008;;;;;;1489;905;583;257;142;115;523;322;201;-266;-180;-86
2819;63;2009;;;;;;2033;1231;802;274;152;122;634;393;241;-360;-241;-119
2820;63;2010;;;;;;1930;1156;774;290;161;129;629;385;244;-339;-224;-115
2821;63;2011;;;;;;1799;1074;725;300;167;133;611;371;241;-311;-204;-108
2822;63;2012;;;;;;1711;1013;699;309;172;137;592;356;236;-283;-184;-99
2823;63;2013;;;;;;1656;973;683;309;172;137;592;353;239;-283;-181;-102
2824;63;2014;;;;;;1619;946;673;308;172;136;570;340;230;-262;-168;-94
2825;63;2015;;;;;;1647;956;690;305;170;135;592;349;243;-287;-179;-108
2826;63;2016;;;;;;1616;933;683;303;169;134;589;346;243;-286;-177;-109
2827;63;2017;;;;;;1613;926;687;301;168;133;600;351;250;-299;-183;-117
2828;63;2018;;;;;;1609;916;693;300;168;132;602;350;252;-302;-182;-120
2829;63;2019;;;;;;1625;926;699;298;167;131;616;360;255;-318;-193;-124
2830;63;2020;;;;;;1632;925;706;296;166;130;618;359;259;-322;-193;-129
2831;63;2021;;;;;;1645;932;713;294;165;129;629;366;263;-335;-201;-134
2832;63;2022;;;;;;1673;946;727;292;164;128;635;371;264;-343;-207;-136
2833;63;2023;;;;;;1667;943;723;290;163;127;655;381;274;-365;-218;-147
2834;63;2024;;;;;;1699;961;739;288;162;126;643;376;266;-355;-214;-140
2835;63;2025;;;;;;1699;960;739;287;161;126;655;382;273;-368;-221;-147
2836;63;2026;;;;;;1717;975;743;285;160;125;658;385;274;-373;-225;-149
2837;63;2027;;;;;;1729;981;748;283;159;124;667;388;279;-384;-229;-155
2838;63;2028;;;;;;1689;961;729;281;158;123;655;381;274;-374;-223;-151
2839;63;2029;;;;;;1650;937;713;280;157;123;637;371;266;-357;-214;-143
2840;63;2030;;;;;;1631;926;704;280;157;123;630;365;265;-350;-208;-142
2841;63;2031;;;;;;1629;923;706;278;156;122;633;365;268;-355;-209;-146
2842;63;2032;;;;;;1687;957;730;276;155;121;642;371;271;-366;-216;-150
2843;63;2033;;;;;;1633;924;709;275;154;121;632;363;270;-357;-209;-149
2844;63;2034;;;;;;1555;880;675;274;154;120;607;347;260;-333;-193;-140
2845;63;2035;;;;;;1469;826;643;273;153;120;589;335;255;-316;-182;-135
2846;63;2036;;;;;;1352;761;591;271;152;119;559;316;243;-288;-164;-124
2847;63;2037;;;;;;1294;730;564;270;152;118;544;308;237;-274;-156;-119
2848;63;2038;;;;;;1231;694;537;269;151;118;528;298;230;-259;-147;-112
2849;63;2039;;;;;;1213;687;526;267;150;117;520;296;224;-253;-146;-107
2850;63;2040;;;;;;1189;671;518;267;150;117;516;294;223;-249;-144;-106
2851;63;2041;;;;;;1190;672;518;266;149;117;517;294;223;-251;-145;-106
2852;63;2042;;;;;;1176;664;512;265;149;116;513;293;220;-248;-144;-104
2853;63;2043;;;;;;1198;677;520;264;148;116;520;298;222;-256;-150;-106
2854;63;2044;;;;;;1173;661;512;263;148;115;516;295;221;-253;-147;-106
2855;63;2045;;;;;;1135;642;493;262;147;115;513;294;220;-251;-147;-105
2856;63;2046;;;;;;1119;633;486;262;147;115;513;293;219;-251;-146;-104
2857;63;2047;;;;;;1135;644;491;261;147;114;519;298;221;-258;-151;-107
2858;63;2048;;;;;;1144;648;496;261;147;114;524;301;223;-263;-154;-109
2859;63;2049;;;;;;1163;658;505;261;147;114;528;303;224;-267;-156;-110
2860;64;2006;;;;;;1557;973;584;215;122;93;489;309;180;-274;-187;-87
2861;64;2007;;;;;;1651;1025;626;224;127;97;506;322;185;-282;-195;-88
2862;64;2008;;;;;;1708;1052;656;241;137;104;533;333;200;-292;-196;-96
2863;64;2009;;;;;;1603;982;622;258;148;110;529;328;201;-271;-180;-91
2864;64;2010;;;;;;2192;1337;855;272;156;116;639;400;239;-367;-244;-123
2865;64;2011;;;;;;2083;1257;826;283;163;120;632;390;242;-349;-227;-122
2866;64;2012;;;;;;1943;1170;773;289;166;123;614;375;239;-325;-209;-116
2867;64;2013;;;;;;1850;1106;745;290;166;124;594;360;234;-304;-194;-110
2868;64;2014;;;;;;1792;1064;728;289;166;123;597;358;239;-308;-192;-116
2869;64;2015;;;;;;1755;1037;718;287;165;122;574;343;231;-287;-178;-109
2870;64;2016;;;;;;1787;1051;736;284;163;121;597;354;243;-313;-191;-122
2871;64;2017;;;;;;1754;1025;729;282;162;120;594;350;244;-312;-188;-124
2872;64;2018;;;;;;1753;1021;733;280;161;119;605;355;250;-325;-194;-131
2873;64;2019;;;;;;1752;1012;739;279;160;119;608;355;253;-329;-195;-134
2874;64;2020;;;;;;1772;1026;746;277;159;118;621;365;256;-344;-206;-138
2875;64;2021;;;;;;1781;1027;753;275;158;117;623;364;260;-348;-206;-143
2876;64;2022;;;;;;1797;1036;761;274;157;117;635;371;264;-361;-214;-147
2877;64;2023;;;;;;1829;1053;775;272;156;116;642;377;265;-370;-221;-149
2878;64;2024;;;;;;1823;1052;771;270;155;115;662;388;274;-392;-233;-159
2879;64;2025;;;;;;1860;1072;788;268;154;114;652;384;269;-384;-230;-155
2880;64;2026;;;;;;1860;1072;788;267;153;114;663;389;275;-396;-236;-161
2881;64;2027;;;;;;1881;1089;792;266;153;113;667;392;275;-401;-239;-162
2882;64;2028;;;;;;1893;1096;797;264;152;112;677;396;281;-413;-244;-169
2883;64;2029;;;;;;1850;1073;776;263;151;112;664;389;275;-401;-238;-163
2884;64;2030;;;;;;1807;1047;760;261;150;111;648;379;269;-387;-229;-158
2885;64;2031;;;;;;1785;1035;750;259;149;110;640;371;268;-381;-222;-158
2886;64;2032;;;;;;1782;1031;752;259;149;110;642;372;271;-383;-223;-161
2887;64;2033;;;;;;1844;1067;777;257;148;109;653;379;274;-396;-231;-165
2888;64;2034;;;;;;1785;1030;755;256;147;109;644;370;274;-388;-223;-165
2889;64;2035;;;;;;1699;980;719;255;147;108;618;354;264;-363;-207;-156
2890;64;2036;;;;;;1605;920;685;254;146;108;600;341;259;-346;-195;-151
2891;64;2037;;;;;;1477;847;629;252;145;107;569;323;246;-317;-178;-139
2892;64;2038;;;;;;1414;813;601;252;145;107;554;314;240;-302;-169;-133
2893;64;2039;;;;;;1345;773;573;250;144;106;536;303;233;-286;-159;-127
2894;64;2040;;;;;;1326;765;561;249;143;106;530;302;228;-281;-159;-122
2895;64;2041;;;;;;1300;748;553;248;143;105;525;298;227;-277;-155;-122
2896;64;2042;;;;;;1302;748;554;247;142;105;526;299;227;-279;-157;-122
2897;64;2043;;;;;;1287;739;547;247;142;105;522;297;225;-275;-155;-120
2898;64;2044;;;;;;1312;755;557;245;141;104;528;301;227;-283;-160;-123
2899;64;2045;;;;;;1285;737;548;245;141;104;525;299;226;-280;-158;-122
2900;64;2046;;;;;;1244;716;529;245;141;104;522;297;225;-277;-156;-121
2901;64;2047;;;;;;1227;705;522;243;140;103;521;296;225;-278;-156;-122
2902;64;2048;;;;;;1245;717;528;243;140;103;528;301;227;-285;-161;-124
2903;64;2049;;;;;;1256;722;533;243;140;103;533;304;229;-290;-164;-126
2904;65;2006;;;;;;1606;1001;605;197;109;88;478;304;174;-281;-195;-86
2905;65;2007;;;;;;1652;1024;628;204;114;90;502;316;186;-298;-202;-96
2906;65;2008;;;;;;1756;1082;674;223;126;97;521;330;191;-298;-204;-94
2907;65;2009;;;;;;1818;1112;706;238;134;104;547;342;206;-309;-208;-102
2908;65;2010;;;;;;1709;1040;670;253;142;111;543;337;206;-290;-195;-95
2909;65;2011;;;;;;2339;1418;921;263;148;115;659;413;247;-396;-265;-132
2910;65;2012;;;;;;2225;1336;889;267;150;117;649;401;248;-382;-251;-131
2911;65;2013;;;;;;2078;1246;832;267;150;117;630;386;245;-363;-236;-128
2912;65;2014;;;;;;1982;1180;802;265;149;116;610;370;240;-345;-221;-124
2913;65;2015;;;;;;1922;1139;784;263;148;115;613;369;244;-350;-221;-129
2914;65;2016;;;;;;1886;1113;773;262;147;115;592;356;236;-330;-209;-121
2915;65;2017;;;;;;1920;1127;793;260;146;114;618;368;250;-358;-222;-136
2916;65;2018;;;;;;1887;1102;785;258;145;113;615;364;250;-357;-219;-137
2917;65;2019;;;;;;1889;1100;789;256;144;112;626;369;257;-370;-225;-145
2918;65;2020;;;;;;1891;1094;797;254;143;111;628;369;259;-374;-226;-148
2919;65;2021;;;;;;1914;1111;803;253;142;111;643;381;262;-390;-239;-151
2920;65;2022;;;;;;1926;1114;811;251;141;110;645;380;265;-394;-239;-155
2921;65;2023;;;;;;1945;1126;819;250;141;109;658;388;270;-408;-247;-161
2922;65;2024;;;;;;1980;1145;835;248;140;108;666;394;272;-418;-254;-164
2923;65;2025;;;;;;1975;1145;830;247;139;108;685;405;280;-438;-266;-172
2924;65;2026;;;;;;2016;1167;848;245;138;107;677;402;274;-432;-264;-167
2925;65;2027;;;;;;2016;1168;848;243;137;106;688;407;281;-445;-270;-175
2926;65;2028;;;;;;2038;1186;852;243;137;106;692;411;282;-449;-274;-176
2927;65;2029;;;;;;2052;1194;858;241;136;105;702;416;287;-461;-280;-182
2928;65;2030;;;;;;2004;1169;835;240;135;105;690;409;281;-450;-274;-176
2929;65;2031;;;;;;1958;1140;818;239;135;104;673;398;275;-434;-263;-171
2930;65;2032;;;;;;1933;1126;807;237;134;103;664;391;273;-427;-257;-170
2931;65;2033;;;;;;1929;1120;809;236;133;103;669;392;277;-433;-259;-174
2932;65;2034;;;;;;1995;1159;836;235;133;102;680;401;280;-445;-268;-178
2933;65;2035;;;;;;1930;1118;812;234;132;102;671;392;279;-437;-260;-177
2934;65;2036;;;;;;1838;1064;774;232;131;101;645;375;269;-413;-244;-168
2935;65;2037;;;;;;1736;999;737;232;131;101;624;361;263;-392;-230;-162
2936;65;2038;;;;;;1597;920;678;232;131;101;592;341;251;-360;-210;-150
2937;65;2039;;;;;;1530;882;648;231;131;100;577;332;245;-346;-201;-145
2938;65;2040;;;;;;1457;839;617;230;130;100;558;321;237;-328;-191;-137
2939;65;2041;;;;;;1436;831;605;229;130;99;551;320;232;-322;-190;-133
2940;65;2042;;;;;;1409;812;597;228;129;99;547;316;231;-319;-187;-132
2941;65;2043;;;;;;1411;812;599;228;129;99;548;317;231;-320;-188;-132
2942;65;2044;;;;;;1395;803;592;227;129;98;545;316;229;-318;-187;-131
2943;65;2045;;;;;;1423;820;603;226;128;98;552;321;231;-326;-193;-133
2944;65;2046;;;;;;1395;800;594;226;128;98;549;319;230;-323;-191;-132
2945;65;2047;;;;;;1352;778;574;225;128;97;545;317;229;-320;-189;-132
2946;65;2048;;;;;;1334;767;567;224;127;97;545;317;229;-321;-190;-132
2947;65;2049;;;;;;1354;780;574;224;127;97;554;322;232;-330;-195;-135
2948;66;2006;;;;;;1804;1120;684;179;99;80;477;312;166;-298;-213;-86
2949;66;2007;;;;;;1730;1072;658;190;104;86;447;290;157;-257;-186;-71
2950;66;2008;;;;;;1784;1101;683;203;112;91;470;302;168;-267;-190;-77
2951;66;2009;;;;;;1899;1165;734;218;121;97;485;315;171;-267;-194;-74
2952;66;2010;;;;;;1968;1199;769;230;128;102;511;326;185;-281;-198;-83
2953;66;2011;;;;;;1852;1123;729;240;134;106;508;321;186;-268;-187;-80
2954;66;2012;;;;;;2537;1535;1002;246;136;110;610;391;220;-364;-255;-110
2955;66;2013;;;;;;2416;1449;967;246;136;110;602;380;223;-356;-244;-113
2956;66;2014;;;;;;2260;1354;906;244;135;109;587;366;222;-343;-231;-113
2957;66;2015;;;;;;2158;1286;873;242;134;108;571;352;218;-329;-218;-110
2958;66;2016;;;;;;2097;1244;853;240;133;107;577;353;225;-337;-220;-118
2959;66;2017;;;;;;2057;1215;842;239;132;107;556;339;217;-317;-207;-110
2960;66;2018;;;;;;2097;1234;863;237;131;106;582;352;230;-345;-221;-124
2961;66;2019;;;;;;2065;1210;855;235;130;105;579;348;231;-344;-218;-126
2962;66;2020;;;;;;2070;1211;859;233;129;104;591;355;236;-358;-226;-132
2963;66;2021;;;;;;2073;1206;867;232;129;103;593;355;238;-361;-226;-135
2964;66;2022;;;;;;2101;1226;875;231;128;103;607;366;241;-376;-238;-138
2965;66;2023;;;;;;2116;1232;883;229;127;102;610;365;245;-381;-238;-143
2966;66;2024;;;;;;2138;1246;892;227;126;101;623;374;249;-396;-248;-148
2967;66;2025;;;;;;2178;1269;909;226;125;101;632;381;251;-406;-256;-150
2968;66;2026;;;;;;2173;1269;904;225;125;100;653;393;260;-428;-268;-160
2969;66;2027;;;;;;2217;1294;923;224;124;100;644;390;253;-420;-266;-153
2970;66;2028;;;;;;2217;1295;922;222;123;99;656;396;260;-434;-273;-161
2971;66;2029;;;;;;2242;1316;927;222;123;99;660;399;261;-438;-276;-162
2972;66;2030;;;;;;2257;1324;933;220;122;98;672;405;267;-452;-283;-169
2973;66;2031;;;;;;2204;1295;908;218;121;97;661;399;262;-443;-278;-165
2974;66;2032;;;;;;2151;1262;889;218;121;97;646;390;256;-428;-269;-159
2975;66;2033;;;;;;2123;1246;878;217;120;97;636;382;254;-419;-262;-157
2976;66;2034;;;;;;2118;1239;880;216;120;96;642;384;258;-426;-264;-162
2977;66;2035;;;;;;2191;1281;910;215;119;96;653;392;262;-438;-273;-166
2978;66;2036;;;;;;2119;1235;884;214;119;95;645;384;261;-431;-265;-166
2979;66;2037;;;;;;2018;1175;843;213;118;95;621;368;253;-408;-250;-158
2980;66;2038;;;;;;1907;1103;804;212;118;94;602;354;249;-390;-236;-155
2981;66;2039;;;;;;1755;1016;739;211;117;94;573;335;238;-362;-218;-144
2982;66;2040;;;;;;1682;975;707;211;117;94;559;327;232;-348;-210;-138
2983;66;2041;;;;;;1602;927;674;209;116;93;541;316;225;-332;-200;-132
2984;66;2042;;;;;;1580;918;662;209;116;93;534;313;221;-325;-197;-128
2985;66;2043;;;;;;1551;897;653;209;116;93;531;311;221;-322;-195;-128
2986;66;2044;;;;;;1554;898;656;207;115;92;533;312;221;-326;-197;-129
2987;66;2045;;;;;;1537;888;649;207;115;92;530;311;219;-323;-196;-127
2988;66;2046;;;;;;1569;907;662;207;115;92;537;316;221;-330;-201;-129
2989;66;2047;;;;;;1539;886;653;205;114;91;535;314;221;-330;-200;-130
2990;66;2048;;;;;;1492;861;631;205;114;91;532;312;220;-327;-198;-129
2991;66;2049;;;;;;1473;849;624;205;114;91;532;312;221;-327;-198;-130
2992;67;2006;;;;;;1900;1174;726;160;87;73;407;256;151;-247;-169;-78
2993;67;2007;;;;;;1945;1203;743;170;93;77;437;277;161;-267;-184;-84
2994;67;2008;;;;;;1870;1156;715;182;100;82;408;256;152;-226;-156;-70
2995;67;2009;;;;;;1931;1189;742;198;108;90;427;265;163;-229;-157;-73
2996;67;2010;;;;;;2058;1261;798;207;113;94;438;274;164;-231;-161;-70
2997;67;2011;;;;;;2136;1300;836;215;118;97;462;284;178;-247;-166;-81
2998;67;2012;;;;;;2012;1219;792;219;120;99;462;282;180;-243;-162;-81
2999;67;2013;;;;;;2759;1670;1089;219;120;99;546;337;209;-327;-217;-110
3000;67;2014;;;;;;2632;1581;1051;217;119;98;540;328;211;-323;-209;-113
3001;67;2015;;;;;;2465;1481;984;215;118;97;531;319;212;-316;-201;-115
3002;67;2016;;;;;;2358;1409;949;214;118;96;517;309;209;-303;-191;-113
3003;67;2017;;;;;;2290;1363;928;214;118;96;526;310;216;-312;-192;-120
3004;67;2018;;;;;;2250;1335;915;212;117;95;505;297;208;-293;-180;-113
3005;67;2019;;;;;;2298;1359;938;211;117;94;529;308;222;-318;-191;-128
3006;67;2020;;;;;;2265;1336;929;210;116;94;525;305;221;-315;-189;-127
3007;67;2021;;;;;;2273;1339;934;209;116;93;538;311;228;-329;-195;-135
3008;67;2022;;;;;;2279;1336;943;207;115;92;541;311;230;-334;-196;-138
3009;67;2023;;;;;;2311;1360;950;206;114;92;555;321;233;-349;-207;-141
3010;67;2024;;;;;;2328;1368;960;205;114;91;557;320;236;-352;-206;-145
3011;67;2025;;;;;;2353;1384;969;203;113;90;568;328;240;-365;-215;-150
3012;67;2026;;;;;;2397;1410;987;202;112;90;575;334;241;-373;-222;-151
3013;67;2027;;;;;;2392;1411;981;201;112;89;598;347;251;-397;-235;-162
3014;67;2028;;;;;;2442;1440;1002;200;111;89;586;342;244;-386;-231;-155
3015;67;2029;;;;;;2441;1440;1001;199;111;88;599;349;251;-400;-238;-163
3016;67;2030;;;;;;2468;1463;1006;198;110;88;603;352;251;-405;-242;-163
3017;67;2031;;;;;;2484;1471;1013;196;109;87;613;356;257;-417;-247;-170
3018;67;2032;;;;;;2425;1439;986;196;109;87;603;353;251;-407;-244;-164
3019;67;2033;;;;;;2366;1401;965;195;109;86;588;343;245;-393;-234;-159
3020;67;2034;;;;;;2335;1381;953;194;108;86;580;336;244;-386;-228;-158
3021;67;2035;;;;;;2329;1373;956;192;107;85;586;338;248;-394;-231;-163
3022;67;2036;;;;;;2409;1419;989;192;107;85;597;346;252;-405;-239;-167
3023;67;2037;;;;;;2330;1369;961;192;107;85;589;338;251;-397;-231;-166
3024;67;2038;;;;;;2220;1303;917;190;106;84;568;324;243;-378;-218;-159
3025;67;2039;;;;;;2098;1223;875;190;106;84;552;312;240;-362;-206;-156
3026;67;2040;;;;;;1932;1127;806;189;105;84;526;297;229;-337;-192;-145
3027;67;2041;;;;;;1852;1081;771;188;105;83;514;290;224;-326;-185;-141
3028;67;2042;;;;;;1765;1028;737;188;105;83;497;279;218;-309;-174;-135
3029;67;2043;;;;;;1742;1018;724;187;104;83;491;278;213;-304;-174;-130
3030;67;2044;;;;;;1710;995;715;186;104;82;490;276;213;-304;-172;-131
3031;67;2045;;;;;;1715;997;719;186;104;82;491;277;214;-305;-173;-132
3032;67;2046;;;;;;1698;986;712;185;103;82;488;276;212;-303;-173;-130
3033;67;2047;;;;;;1734;1007;727;185;103;82;493;280;213;-308;-177;-131
3034;67;2048;;;;;;1702;984;718;184;103;81;491;278;213;-307;-175;-132
3035;67;2049;;;;;;1651;957;694;184;103;81;490;277;213;-306;-174;-132
3036;68;2006;;;;;;2042;1263;778;149;78;71;338;210;128;-189;-132;-57
3037;68;2007;;;;;;2051;1261;790;157;83;74;346;214;132;-189;-131;-58
3038;68;2008;;;;;;2106;1297;809;168;90;78;373;231;142;-205;-141;-64
3039;68;2009;;;;;;2027;1249;778;183;96;87;346;213;133;-163;-117;-46
3040;68;2010;;;;;;2096;1287;809;195;103;92;363;220;143;-168;-117;-51
3041;68;2011;;;;;;2238;1368;870;201;106;95;368;225;142;-167;-119;-47
3042;68;2012;;;;;;2324;1413;911;203;107;96;389;234;155;-186;-127;-59
3043;68;2013;;;;;;2192;1328;863;203;107;96;391;233;158;-188;-126;-62
3044;68;2014;;;;;;3011;1824;1187;202;106;96;459;277;182;-257;-171;-86
3045;68;2015;;;;;;2876;1730;1146;201;105;96;458;272;186;-257;-167;-90
3046;68;2016;;;;;;2698;1625;1073;201;106;95;454;267;187;-253;-161;-92
3047;68;2017;;;;;;2580;1546;1034;199;105;94;444;258;186;-245;-153;-92
3048;68;2018;;;;;;2509;1498;1011;198;104;94;454;262;192;-256;-158;-98
3049;68;2019;;;;;;2469;1472;997;197;104;93;434;249;185;-237;-145;-92
3050;68;2020;;;;;;2524;1502;1023;195;103;92;457;259;198;-262;-156;-106
3051;68;2021;;;;;;2491;1478;1013;195;103;92;454;257;197;-259;-154;-105
3052;68;2022;;;;;;2501;1484;1017;193;102;91;466;262;204;-273;-160;-113
3053;68;2023;;;;;;2509;1483;1027;192;101;91;469;264;206;-277;-163;-115
3054;68;2024;;;;;;2546;1511;1035;191;101;90;482;273;209;-291;-172;-119
3055;68;2025;;;;;;2566;1521;1045;189;100;89;482;272;211;-293;-172;-122
3056;68;2026;;;;;;2594;1540;1054;189;100;89;494;279;215;-305;-179;-126
3057;68;2027;;;;;;2643;1569;1074;187;99;88;501;285;216;-314;-186;-128
3058;68;2028;;;;;;2637;1569;1067;187;99;88;522;297;225;-335;-198;-137
3059;68;2029;;;;;;2691;1601;1090;185;98;87;510;293;218;-325;-195;-131
3060;68;2030;;;;;;2691;1602;1089;185;98;87;524;299;225;-339;-201;-138
3061;68;2031;;;;;;2720;1626;1094;183;97;86;527;302;225;-344;-205;-139
3062;68;2032;;;;;;2736;1634;1102;183;97;86;536;307;229;-353;-210;-143
3063;68;2033;;;;;;2670;1597;1073;182;96;86;528;303;225;-346;-207;-139
3064;68;2034;;;;;;2605;1554;1051;181;96;85;516;296;220;-335;-200;-135
3065;68;2035;;;;;;2570;1532;1038;180;95;85;508;289;219;-328;-194;-134
3066;68;2036;;;;;;2564;1522;1042;179;95;84;514;291;223;-335;-196;-139
3067;68;2037;;;;;;2653;1574;1079;179;95;84;523;297;226;-344;-202;-142
3068;68;2038;;;;;;2568;1518;1050;178;94;84;518;292;226;-340;-198;-142
3069;68;2039;;;;;;2447;1445;1003;177;94;83;499;279;220;-322;-185;-137
3070;68;2040;;;;;;2314;1357;958;177;94;83;487;270;217;-310;-176;-134
3071;68;2041;;;;;;2132;1250;882;176;93;83;465;257;208;-289;-164;-125
3072;68;2042;;;;;;2045;1199;846;175;93;82;454;251;203;-279;-158;-121
3073;68;2043;;;;;;1950;1141;808;175;93;82;440;243;197;-265;-150;-115
3074;68;2044;;;;;;1926;1130;795;174;92;82;434;241;193;-260;-149;-111
3075;68;2045;;;;;;1892;1105;786;174;92;82;433;240;193;-259;-148;-111
3076;68;2046;;;;;;1899;1107;791;173;92;81;434;240;193;-261;-148;-112
3077;68;2047;;;;;;1881;1095;785;173;92;81;431;239;192;-258;-147;-111
3078;68;2048;;;;;;1922;1119;802;172;91;81;435;242;193;-263;-151;-112
3079;68;2049;;;;;;1887;1094;793;172;91;81;434;241;194;-262;-150;-113
3080;69;2006;;;;;;2113;1288;825;134;70;64;275;169;106;-141;-99;-42
3081;69;2007;;;;;;2218;1354;864;141;73;68;295;182;113;-154;-109;-45
3082;69;2008;;;;;;2236;1358;878;150;78;72;302;185;116;-152;-107;-44
3083;69;2009;;;;;;2298;1399;899;161;85;76;325;199;125;-164;-114;-49
3084;69;2010;;;;;;2216;1350;866;174;91;83;300;184;116;-126;-93;-33
3085;69;2011;;;;;;2294;1394;900;180;94;86;317;191;126;-137;-97;-40
3086;69;2012;;;;;;2452;1484;967;183;97;86;320;196;124;-137;-99;-38
3087;69;2013;;;;;;2550;1537;1013;183;97;86;339;204;135;-156;-107;-49
3088;69;2014;;;;;;2408;1448;960;182;97;85;341;203;138;-159;-106;-53
3089;69;2015;;;;;;3313;1993;1320;180;96;84;400;242;158;-220;-146;-74
3090;69;2016;;;;;;3170;1896;1274;179;95;84;400;238;162;-221;-143;-78
3091;69;2017;;;;;;2973;1779;1193;178;95;83;399;234;165;-221;-139;-82
3092;69;2018;;;;;;2847;1697;1150;177;94;83;391;227;164;-214;-133;-81
3093;69;2019;;;;;;2773;1649;1124;176;94;82;401;230;171;-225;-136;-89
3094;69;2020;;;;;;2732;1623;1109;174;93;81;382;219;163;-208;-126;-82
3095;69;2021;;;;;;2796;1659;1137;173;92;81;404;229;175;-231;-137;-94
3096;69;2022;;;;;;2760;1635;1125;172;92;80;403;227;175;-231;-135;-95
3097;69;2023;;;;;;2773;1643;1130;171;91;80;413;233;181;-242;-142;-101
3098;69;2024;;;;;;2783;1643;1140;170;91;79;415;233;182;-245;-142;-103
3099;69;2025;;;;;;2825;1676;1149;169;90;79;427;242;185;-258;-152;-106
3100;69;2026;;;;;;2847;1687;1160;168;90;78;427;240;187;-259;-150;-109
3101;69;2027;;;;;;2878;1708;1170;167;89;78;439;247;192;-272;-158;-114
3102;69;2028;;;;;;2933;1741;1192;166;89;77;445;253;192;-279;-164;-115
3103;69;2029;;;;;;2926;1741;1184;165;88;77;464;263;202;-299;-175;-125
3104;69;2030;;;;;;2986;1776;1210;165;88;77;452;258;194;-287;-170;-117
3105;69;2031;;;;;;2984;1776;1209;163;87;76;466;264;202;-303;-177;-126
3106;69;2032;;;;;;3017;1802;1215;163;87;76;468;267;202;-305;-180;-126
3107;69;2033;;;;;;3034;1810;1224;162;87;75;477;270;207;-315;-183;-132
3108;69;2034;;;;;;2960;1767;1193;161;86;75;471;268;203;-310;-182;-128
3109;69;2035;;;;;;2889;1719;1169;161;86;75;458;260;198;-297;-174;-123
3110;69;2036;;;;;;2851;1695;1156;160;86;74;450;254;196;-290;-168;-122
3111;69;2037;;;;;;2845;1684;1161;159;85;74;458;256;201;-299;-171;-127
3112;69;2038;;;;;;2945;1742;1204;159;85;74;466;262;204;-307;-177;-130
3113;69;2039;;;;;;2852;1680;1172;157;84;73;462;256;206;-305;-172;-133
3114;69;2040;;;;;;2720;1599;1120;157;84;73;445;246;200;-288;-162;-127
3115;69;2041;;;;;;2573;1502;1071;157;84;73;435;238;197;-278;-154;-124
3116;69;2042;;;;;;2372;1384;988;157;84;73;415;226;189;-258;-142;-116
3117;69;2043;;;;;;2277;1328;948;155;83;72;406;221;186;-251;-138;-114
3118;69;2044;;;;;;2172;1264;908;155;83;72;393;213;180;-238;-130;-108
3119;69;2045;;;;;;2147;1253;894;155;83;72;388;212;176;-233;-129;-104
3120;69;2046;;;;;;2111;1225;885;155;83;72;388;211;177;-233;-128;-105
3121;69;2047;;;;;;2120;1228;892;153;82;71;387;211;177;-234;-129;-106
3122;69;2048;;;;;;2101;1215;886;153;82;71;385;210;175;-232;-128;-104
3123;69;2049;;;;;;2148;1242;906;153;82;71;388;212;176;-235;-130;-105
3124;70;2006;;;;;;2316;1403;914;122;65;57;244;152;92;-122;-87;-35
3125;70;2007;;;;;;2299;1389;910;127;67;60;251;156;95;-124;-89;-35
3126;70;2008;;;;;;2421;1466;955;137;73;64;269;168;101;-132;-95;-37
3127;70;2009;;;;;;2443;1473;970;148;78;70;273;170;103;-125;-92;-33
3128;70;2010;;;;;;2515;1521;994;156;82;74;295;183;113;-139;-101;-39
3129;70;2011;;;;;;2429;1471;958;165;89;76;271;168;104;-106;-79;-28
3130;70;2012;;;;;;2517;1523;995;166;89;77;286;174;112;-120;-85;-35
3131;70;2013;;;;;;2694;1625;1069;166;89;77;286;177;109;-120;-88;-32
3132;70;2014;;;;;;2806;1687;1119;165;88;77;302;183;119;-137;-95;-42
3133;70;2015;;;;;;2654;1593;1061;163;87;76;305;183;122;-142;-96;-46
3134;70;2016;;;;;;3657;2198;1459;163;87;76;357;219;138;-194;-132;-62
3135;70;2017;;;;;;3498;2089;1409;161;86;75;359;216;144;-198;-130;-69
3136;70;2018;;;;;;3285;1966;1319;161;86;75;357;211;147;-196;-125;-72
3137;70;2019;;;;;;3150;1879;1271;159;85;74;350;204;146;-191;-119;-72
3138;70;2020;;;;;;3071;1829;1242;158;85;73;359;207;152;-201;-122;-79
3139;70;2021;;;;;;3028;1804;1225;157;84;73;340;196;144;-183;-112;-71
3140;70;2022;;;;;;3100;1846;1255;156;84;72;358;203;155;-202;-119;-83
3141;70;2023;;;;;;3063;1821;1242;155;83;72;356;202;155;-201;-119;-83
3142;70;2024;;;;;;3078;1831;1247;154;83;71;365;206;159;-211;-123;-88
3143;70;2025;;;;;;3090;1833;1258;153;82;71;368;207;161;-215;-125;-90
3144;70;2026;;;;;;3136;1869;1267;153;82;71;378;215;163;-225;-133;-92
3145;70;2027;;;;;;3161;1883;1279;152;82;70;377;212;164;-225;-130;-94
3146;70;2028;;;;;;3196;1906;1290;151;81;70;386;218;168;-235;-137;-98
3147;70;2029;;;;;;3257;1942;1314;150;81;69;391;223;169;-241;-142;-100
3148;70;2030;;;;;;3248;1942;1306;150;80;70;410;232;179;-260;-152;-109
3149;70;2031;;;;;;3315;1980;1334;150;80;70;399;227;171;-249;-147;-101
3150;70;2032;;;;;;3312;1979;1334;148;79;69;411;233;178;-263;-154;-109
3151;70;2033;;;;;;3348;2006;1341;147;78;69;412;235;178;-265;-157;-109
3152;70;2034;;;;;;3366;2014;1352;147;78;69;421;238;183;-274;-160;-114
3153;70;2035;;;;;;3286;1966;1319;145;77;68;415;235;180;-270;-158;-112
3154;70;2036;;;;;;3207;1913;1294;145;77;68;406;230;176;-261;-153;-108
3155;70;2037;;;;;;3167;1886;1281;145;77;68;395;223;173;-250;-146;-105
3156;70;2038;;;;;;3162;1875;1287;144;77;67;403;225;178;-259;-148;-111
3157;70;2039;;;;;;3275;1938;1337;143;76;67;411;230;181;-268;-154;-114
3158;70;2040;;;;;;3173;1870;1303;143;76;67;408;225;183;-265;-149;-116
3159;70;2041;;;;;;3028;1781;1247;142;76;66;393;215;178;-251;-139;-112
3160;70;2042;;;;;;2867;1673;1194;141;75;66;384;208;176;-243;-133;-110
3161;70;2043;;;;;;2645;1542;1103;141;75;66;366;197;168;-225;-122;-102
3162;70;2044;;;;;;2540;1481;1060;141;75;66;358;193;165;-217;-118;-99
3163;70;2045;;;;;;2425;1409;1016;141;75;66;345;185;160;-204;-110;-94
3164;70;2046;;;;;;2399;1397;1002;141;75;66;340;184;156;-199;-109;-90
3165;70;2047;;;;;;2360;1367;993;139;74;65;340;183;157;-201;-109;-92
3166;70;2048;;;;;;2372;1371;1001;139;74;65;340;183;157;-201;-109;-92
3167;70;2049;;;;;;2353;1357;996;139;74;65;338;182;156;-199;-108;-91
3168;71;2006;;;;;;2489;1501;987;111;58;53;205;124;81;-94;-66;-28
3169;71;2007;;;;;;2516;1519;997;117;62;55;217;132;85;-100;-70;-30
3170;71;2008;;;;;;2501;1508;994;125;66;59;223;136;87;-98;-70;-28
3171;71;2009;;;;;;2634;1591;1042;137;73;64;239;147;93;-102;-74;-29
3172;71;2010;;;;;;2658;1599;1059;143;77;66;243;148;95;-100;-71;-29
3173;71;2011;;;;;;2736;1650;1086;149;81;68;264;161;103;-115;-80;-35
3174;71;2012;;;;;;2642;1597;1045;149;81;68;241;147;94;-92;-66;-26
3175;71;2013;;;;;;2738;1653;1085;149;81;68;255;153;102;-106;-72;-34
3176;71;2014;;;;;;2931;1766;1166;147;80;67;255;154;100;-108;-74;-33
3177;71;2015;;;;;;3054;1834;1220;147;80;67;269;161;108;-122;-81;-41
3178;71;2016;;;;;;2890;1733;1157;146;79;67;273;161;112;-127;-82;-45
3179;71;2017;;;;;;3976;2387;1590;145;79;66;320;193;126;-175;-114;-60
3180;71;2018;;;;;;3805;2271;1534;143;78;65;322;191;131;-179;-113;-66
3181;71;2019;;;;;;3575;2139;1436;143;78;65;322;187;134;-179;-109;-69
3182;71;2020;;;;;;3431;2047;1383;142;77;65;316;182;134;-174;-105;-69
3183;71;2021;;;;;;3346;1995;1351;141;77;64;326;185;140;-185;-108;-76
3184;71;2022;;;;;;3301;1969;1332;140;76;64;308;176;133;-168;-100;-69
3185;71;2023;;;;;;3381;2016;1365;139;76;63;326;182;143;-187;-106;-80
3186;71;2024;;;;;;3341;1990;1350;138;75;63;324;182;143;-186;-107;-80
3187;71;2025;;;;;;3358;2002;1356;137;75;62;334;186;148;-197;-111;-86
3188;71;2026;;;;;;3371;2004;1368;136;74;62;336;187;149;-200;-113;-87
3189;71;2027;;;;;;3422;2044;1378;136;74;62;345;194;151;-209;-120;-89
3190;71;2028;;;;;;3450;2059;1391;135;74;61;345;193;152;-210;-119;-91
3191;71;2029;;;;;;3488;2084;1403;134;73;61;355;198;157;-221;-125;-96
3192;71;2030;;;;;;3554;2124;1430;135;73;62;360;203;157;-225;-130;-95
3193;71;2031;;;;;;3543;2122;1421;134;73;61;379;212;167;-245;-139;-106
3194;71;2032;;;;;;3616;2163;1453;133;72;61;369;209;160;-236;-137;-99
3195;71;2033;;;;;;3613;2161;1453;133;72;61;379;213;166;-246;-141;-105
3196;71;2034;;;;;;3651;2190;1462;131;71;60;382;216;166;-251;-145;-106
3197;71;2035;;;;;;3672;2197;1474;131;71;60;390;219;171;-259;-148;-111
3198;71;2036;;;;;;3584;2145;1439;131;71;60;386;218;168;-255;-147;-108
3199;71;2037;;;;;;3499;2087;1413;131;71;60;377;212;165;-246;-141;-105
3200;71;2038;;;;;;3456;2058;1399;129;70;59;368;205;163;-239;-135;-104
3201;71;2039;;;;;;3452;2045;1406;129;70;59;377;209;168;-248;-139;-109
3202;71;2040;;;;;;3576;2115;1461;129;70;59;385;213;171;-256;-143;-112
3203;71;2041;;;;;;3466;2041;1425;128;69;59;382;209;173;-254;-140;-114
3204;71;2042;;;;;;3309;1944;1364;127;69;58;368;201;167;-241;-132;-109
3205;71;2043;;;;;;3133;1826;1307;127;69;58;360;194;166;-233;-125;-108
3206;71;2044;;;;;;2891;1684;1207;127;69;58;344;184;160;-217;-115;-102
3207;71;2045;;;;;;2778;1618;1160;127;69;58;337;180;157;-210;-111;-99
3208;71;2046;;;;;;2653;1541;1112;126;68;58;325;173;152;-199;-105;-94
3209;71;2047;;;;;;2625;1528;1097;126;68;58;320;172;149;-194;-104;-91
3210;71;2048;;;;;;2583;1496;1088;125;68;57;321;171;150;-196;-103;-93
3211;71;2049;;;;;;2597;1500;1097;125;68;57;322;171;150;-197;-103;-93
3212;72;2006;;;;;;2697;1613;1084;103;54;49;176;108;68;-73;-54;-19
3213;72;2007;;;;;;2701;1621;1081;108;57;51;185;113;72;-77;-56;-21
3214;72;2008;;;;;;2736;1644;1092;117;62;55;194;119;75;-77;-57;-20
3215;72;2009;;;;;;2719;1631;1088;126;67;59;200;123;77;-74;-56;-18
3216;72;2010;;;;;;2862;1721;1141;133;71;62;214;132;82;-81;-61;-20
3217;72;2011;;;;;;2889;1729;1160;138;73;65;218;134;84;-80;-61;-19
3218;72;2012;;;;;;2972;1785;1187;141;75;66;235;144;92;-94;-69;-26
3219;72;2013;;;;;;2870;1728;1143;141;75;66;216;132;83;-75;-57;-17
3220;72;2014;;;;;;2976;1790;1186;139;74;65;228;136;91;-89;-62;-26
3221;72;2015;;;;;;3187;1913;1274;138;73;65;227;138;89;-89;-65;-24
3222;72;2016;;;;;;3321;1988;1333;137;73;64;241;144;97;-104;-71;-33
3223;72;2017;;;;;;3138;1875;1264;137;73;64;244;144;100;-107;-71;-36
3224;72;2018;;;;;;4321;2585;1736;135;72;63;284;173;112;-149;-101;-49
3225;72;2019;;;;;;4138;2463;1675;135;72;63;285;170;116;-150;-98;-53
3226;72;2020;;;;;;3890;2322;1567;133;71;62;286;167;119;-153;-96;-57
3227;72;2021;;;;;;3734;2225;1509;133;71;62;281;162;118;-148;-91;-56
3228;72;2022;;;;;;3643;2169;1474;131;70;61;290;166;125;-159;-96;-64
3229;72;2023;;;;;;3595;2142;1453;131;70;61;273;156;117;-142;-86;-56
3230;72;2024;;;;;;3683;2195;1488;130;69;61;288;162;126;-158;-93;-65
3231;72;2025;;;;;;3640;2167;1472;129;69;60;287;161;126;-158;-92;-66
3232;72;2026;;;;;;3660;2181;1478;129;69;60;296;165;131;-167;-96;-71
3233;72;2027;;;;;;3674;2183;1491;128;68;60;298;166;132;-170;-98;-72
3234;72;2028;;;;;;3730;2227;1502;127;68;59;307;173;134;-180;-105;-75
3235;72;2029;;;;;;3760;2243;1517;127;68;59;305;170;134;-178;-102;-75
3236;72;2030;;;;;;3801;2270;1531;126;67;59;314;175;139;-188;-108;-80
3237;72;2031;;;;;;3873;2312;1561;125;67;58;319;180;139;-194;-113;-81
3238;72;2032;;;;;;3861;2310;1552;125;67;58;338;189;150;-213;-122;-92
3239;72;2033;;;;;;3941;2354;1587;124;66;58;326;184;142;-202;-118;-84
3240;72;2034;;;;;;3936;2349;1587;123;66;57;338;189;149;-215;-123;-92
3241;72;2035;;;;;;3978;2380;1598;123;66;57;340;191;149;-217;-125;-92
3242;72;2036;;;;;;4001;2388;1612;122;65;57;347;194;153;-225;-129;-96
3243;72;2037;;;;;;3906;2331;1575;122;65;57;343;192;151;-221;-127;-94
3244;72;2038;;;;;;3815;2269;1547;121;65;56;335;187;148;-214;-122;-92
3245;72;2039;;;;;;3769;2237;1532;121;65;56;326;181;145;-205;-116;-89
3246;72;2040;;;;;;3765;2224;1541;120;64;56;334;183;151;-214;-119;-95
3247;72;2041;;;;;;3902;2301;1601;120;64;56;341;188;154;-221;-124;-98
3248;72;2042;;;;;;3783;2221;1562;120;64;56;339;184;156;-219;-120;-100
3249;72;2043;;;;;;3612;2116;1496;119;64;55;327;176;151;-208;-112;-96
3250;72;2044;;;;;;3421;1988;1433;119;64;55;320;170;150;-201;-106;-95
3251;72;2045;;;;;;3158;1834;1324;118;63;55;306;161;145;-188;-98;-90
3252;72;2046;;;;;;3035;1762;1273;118;63;55;300;157;142;-182;-94;-87
3253;72;2047;;;;;;2900;1679;1221;118;63;55;289;151;138;-171;-88;-83
3254;72;2048;;;;;;2870;1666;1204;118;63;55;283;149;134;-165;-86;-79
3255;72;2049;;;;;;2825;1631;1194;118;63;55;284;149;136;-166;-86;-81
3256;73;2006;;;;;;2895;1714;1181;95;53;42;149;87;63;-54;-34;-21
3257;73;2007;;;;;;2915;1726;1189;102;56;46;153;90;63;-51;-34;-17
3258;73;2008;;;;;;2924;1739;1186;109;60;49;161;94;67;-52;-34;-18
3259;73;2009;;;;;;2961;1763;1198;119;67;52;170;100;70;-51;-33;-18
3260;73;2010;;;;;;2943;1749;1194;125;70;55;175;103;72;-50;-33;-17
3261;73;2011;;;;;;3098;1845;1252;129;72;57;188;111;77;-59;-39;-20
3262;73;2012;;;;;;3125;1854;1271;131;74;57;191;113;79;-60;-39;-22
3263;73;2013;;;;;;3215;1914;1301;132;74;58;209;122;86;-77;-48;-28
3264;73;2014;;;;;;3106;1854;1252;132;74;58;190;111;78;-58;-37;-20
3265;73;2015;;;;;;3220;1922;1299;131;73;58;202;116;86;-71;-43;-28
3266;73;2016;;;;;;3450;2056;1395;130;73;57;201;117;84;-71;-44;-27
3267;73;2017;;;;;;3591;2132;1459;129;72;57;213;122;91;-84;-50;-34
3268;73;2018;;;;;;3396;2013;1383;128;72;56;217;122;95;-89;-50;-39
3269;73;2019;;;;;;4678;2779;1899;127;71;56;250;145;105;-123;-74;-49
3270;73;2020;;;;;;4482;2650;1832;127;71;56;252;143;108;-125;-72;-52
3271;73;2021;;;;;;4215;2501;1713;126;71;55;253;141;112;-127;-70;-57
3272;73;2022;;;;;;4047;2398;1649;125;70;55;249;137;111;-124;-67;-56
3273;73;2023;;;;;;3949;2339;1610;124;70;54;258;140;118;-134;-70;-64
3274;73;2024;;;;;;3899;2312;1587;123;69;54;242;132;110;-119;-63;-56
3275;73;2025;;;;;;3995;2369;1626;123;69;54;257;138;119;-134;-69;-65
3276;73;2026;;;;;;3949;2340;1609;123;69;54;256;137;119;-133;-68;-65
3277;73;2027;;;;;;3970;2355;1615;121;68;53;265;141;124;-144;-73;-71
3278;73;2028;;;;;;3987;2358;1629;121;68;53;267;141;126;-146;-73;-73
3279;73;2029;;;;;;4047;2405;1642;120;67;53;275;148;127;-155;-81;-74
3280;73;2030;;;;;;4080;2422;1658;119;67;52;274;147;127;-155;-80;-75
3281;73;2031;;;;;;4124;2450;1674;119;67;52;283;151;131;-164;-84;-79
3282;73;2032;;;;;;4202;2495;1707;118;66;52;288;156;132;-170;-90;-80
3283;73;2033;;;;;;4188;2490;1698;118;66;52;306;163;143;-188;-97;-91
3284;73;2034;;;;;;4274;2537;1737;117;66;51;295;161;135;-178;-95;-84
3285;73;2035;;;;;;4270;2531;1739;116;65;51;307;165;143;-191;-100;-92
3286;73;2036;;;;;;4316;2564;1752;116;65;51;309;167;142;-193;-102;-91
3287;73;2037;;;;;;4341;2573;1768;115;65;50;317;170;147;-202;-105;-97
3288;73;2038;;;;;;4240;2512;1727;115;65;50;314;169;145;-199;-104;-95
3289;73;2039;;;;;;4142;2445;1697;114;64;50;307;165;142;-193;-101;-92
3290;73;2040;;;;;;4093;2412;1681;114;64;50;297;159;138;-183;-95;-88
3291;73;2041;;;;;;4090;2398;1692;114;64;50;307;162;145;-193;-98;-95
3292;73;2042;;;;;;4240;2482;1758;114;64;50;313;166;147;-199;-102;-97
3293;73;2043;;;;;;4112;2396;1716;113;64;49;312;163;150;-199;-99;-101
3294;73;2044;;;;;;3927;2284;1644;112;63;49;302;156;146;-190;-93;-97
3295;73;2045;;;;;;3722;2147;1575;112;63;49;295;151;145;-183;-88;-96
3296;73;2046;;;;;;3436;1981;1455;112;63;49;283;144;140;-171;-81;-91
3297;73;2047;;;;;;3303;1904;1399;112;63;49;278;140;138;-166;-77;-89
3298;73;2048;;;;;;3157;1815;1341;112;63;49;267;134;133;-155;-71;-84
3299;73;2049;;;;;;3125;1801;1324;112;63;49;262;133;130;-150;-70;-81
3300;74;2006;;;;;;3190;1876;1314;91;50;41;128;73;56;-37;-23;-15
3301;74;2007;;;;;;3089;1819;1270;96;53;43;132;75;57;-36;-22;-14
3302;74;2008;;;;;;3115;1837;1279;102;56;46;136;78;57;-34;-22;-11
3303;74;2009;;;;;;3124;1849;1275;114;63;51;144;82;62;-30;-19;-11
3304;74;2010;;;;;;3163;1875;1288;119;66;53;151;87;64;-32;-21;-11
3305;74;2011;;;;;;3143;1860;1284;126;69;57;156;90;66;-30;-21;-9
3306;74;2012;;;;;;3307;1962;1345;128;70;58;168;97;71;-40;-27;-13
3307;74;2013;;;;;;3337;1972;1365;128;70;58;171;98;72;-43;-28;-14
3308;74;2014;;;;;;3433;2037;1396;127;70;57;188;108;80;-61;-38;-23
3309;74;2015;;;;;;3318;1975;1343;126;69;57;170;97;73;-44;-28;-16
3310;74;2016;;;;;;3441;2048;1393;125;69;56;182;101;80;-57;-32;-24
3311;74;2017;;;;;;3682;2186;1497;124;68;56;179;101;78;-55;-33;-22
3312;74;2018;;;;;;3835;2270;1565;124;68;56;191;106;85;-67;-38;-29
3313;74;2019;;;;;;3628;2146;1482;122;67;55;194;106;88;-72;-39;-33
3314;74;2020;;;;;;5001;2965;2036;122;67;55;223;126;97;-101;-59;-42
3315;74;2021;;;;;;4793;2830;1963;120;66;54;225;124;101;-105;-58;-47
3316;74;2022;;;;;;4508;2673;1835;120;66;54;228;123;105;-108;-57;-51
3317;74;2023;;;;;;4331;2565;1766;120;66;54;224;120;105;-104;-54;-51
3318;74;2024;;;;;;4227;2503;1724;118;65;53;234;123;111;-116;-58;-58
3319;74;2025;;;;;;4174;2474;1700;118;65;53;218;115;104;-100;-50;-51
3320;74;2026;;;;;;4277;2536;1741;117;64;53;233;121;112;-116;-57;-59
3321;74;2027;;;;;;4228;2506;1722;116;64;52;232;120;112;-116;-56;-60
3322;74;2028;;;;;;4252;2522;1729;116;64;52;241;123;117;-125;-59;-65
3323;74;2029;;;;;;4269;2524;1745;115;63;52;243;124;119;-128;-61;-67
3324;74;2030;;;;;;4333;2574;1759;115;63;52;251;131;120;-136;-68;-68
3325;74;2031;;;;;;4369;2592;1777;115;64;51;249;128;121;-134;-64;-70
3326;74;2032;;;;;;4416;2621;1795;114;63;51;259;134;125;-145;-71;-74
3327;74;2033;;;;;;4498;2667;1831;114;63;51;263;137;126;-149;-74;-75
3328;74;2034;;;;;;4483;2661;1822;113;63;50;282;145;137;-169;-82;-87
3329;74;2035;;;;;;4576;2710;1865;113;63;50;271;142;129;-158;-79;-79
3330;74;2036;;;;;;4572;2704;1868;112;62;50;283;147;137;-171;-85;-87
3331;74;2037;;;;;;4622;2740;1882;112;62;50;285;149;136;-173;-87;-86
3332;74;2038;;;;;;4650;2750;1900;112;62;50;293;152;141;-181;-90;-91
3333;74;2039;;;;;;4543;2686;1857;110;61;49;290;151;139;-180;-90;-90
3334;74;2040;;;;;;4439;2614;1825;110;61;49;285;147;137;-175;-86;-88
3335;74;2041;;;;;;4389;2580;1809;110;61;49;275;141;133;-165;-80;-84
3336;74;2042;;;;;;4386;2566;1820;110;61;49;286;145;141;-176;-84;-92
3337;74;2043;;;;;;4548;2656;1892;110;61;49;292;148;144;-182;-87;-95
3338;74;2044;;;;;;4412;2566;1846;109;61;48;292;146;146;-183;-85;-98
3339;74;2045;;;;;;4215;2446;1769;108;60;48;282;140;142;-174;-80;-94
3340;74;2046;;;;;;3995;2300;1695;108;60;48;277;135;141;-169;-75;-93
3341;74;2047;;;;;;3690;2123;1566;108;60;48;265;128;137;-157;-68;-89
3342;74;2048;;;;;;3548;2042;1505;108;60;48;261;126;135;-153;-66;-87
3343;74;2049;;;;;;3391;1947;1444;108;60;48;250;120;130;-142;-60;-82
3344;75;2006;;;;;;3384;1965;1419;85;47;38;106;58;48;-21;-11;-10
3345;75;2007;;;;;;3421;1990;1431;90;50;40;116;64;52;-26;-14;-12
3346;75;2008;;;;;;3317;1935;1383;97;55;42;120;66;53;-23;-11;-11
3347;75;2009;;;;;;3345;1953;1392;106;61;45;123;69;54;-17;-8;-9
3348;75;2010;;;;;;3354;1966;1388;113;65;48;130;72;58;-17;-7;-10
3349;75;2011;;;;;;3395;1992;1402;116;67;49;136;77;60;-20;-10;-11
3350;75;2012;;;;;;3372;1976;1396;119;69;50;142;80;62;-23;-11;-12
3351;75;2013;;;;;;3548;2086;1462;120;69;51;153;86;67;-33;-17;-16
3352;75;2014;;;;;;3581;2097;1483;120;69;51;155;87;68;-35;-18;-17
3353;75;2015;;;;;;3684;2167;1516;118;68;50;172;96;75;-54;-28;-25
3354;75;2016;;;;;;3562;2103;1459;118;68;50;156;87;69;-38;-19;-19
3355;75;2017;;;;;;3690;2177;1513;118;68;50;167;91;76;-49;-23;-26
3356;75;2018;;;;;;3951;2326;1625;116;67;49;164;91;74;-48;-24;-25
3357;75;2019;;;;;;4117;2419;1698;116;67;49;174;94;80;-58;-27;-31
3358;75;2020;;;;;;3896;2289;1608;114;66;48;178;95;83;-64;-29;-35
3359;75;2021;;;;;;5373;3165;2208;114;66;48;204;112;92;-90;-46;-44
3360;75;2022;;;;;;5151;3024;2128;113;65;48;206;110;96;-93;-45;-48
3361;75;2023;;;;;;4846;2858;1989;113;65;48;209;110;99;-96;-45;-51
3362;75;2024;;;;;;4657;2743;1914;112;65;47;206;107;99;-94;-42;-52
3363;75;2025;;;;;;4546;2677;1868;111;64;47;215;110;105;-104;-46;-58
3364;75;2026;;;;;;4490;2648;1842;111;64;47;201;103;97;-90;-39;-50
3365;75;2027;;;;;;4601;2714;1887;110;64;46;213;108;105;-103;-44;-59
3366;75;2028;;;;;;4549;2682;1867;109;63;46;214;108;106;-105;-45;-60
3367;75;2029;;;;;;4574;2699;1875;109;63;46;222;111;111;-113;-48;-65
3368;75;2030;;;;;;4594;2701;1893;108;62;46;224;112;112;-116;-50;-66
3369;75;2031;;;;;;4662;2754;1909;107;62;45;232;118;114;-125;-56;-69
3370;75;2032;;;;;;4700;2772;1929;107;62;45;231;116;115;-124;-54;-70
3371;75;2033;;;;;;4750;2802;1948;107;62;45;240;121;119;-133;-59;-74
3372;75;2034;;;;;;4839;2850;1989;106;61;45;245;124;120;-139;-63;-75
3373;75;2035;;;;;;4822;2842;1980;105;61;44;263;132;130;-158;-71;-86
3374;75;2036;;;;;;4923;2895;2028;105;61;44;252;130;123;-147;-69;-79
3375;75;2037;;;;;;4920;2889;2031;104;60;44;264;134;131;-160;-74;-87
3376;75;2038;;;;;;4975;2928;2047;104;60;44;266;136;130;-162;-76;-86
3377;75;2039;;;;;;5007;2939;2068;104;60;44;275;139;135;-171;-79;-91
3378;75;2040;;;;;;4892;2871;2021;103;60;43;272;138;134;-169;-78;-91
3379;75;2041;;;;;;4782;2796;1987;103;60;43;266;135;131;-163;-75;-88
3380;75;2042;;;;;;4730;2760;1969;102;59;43;257;130;127;-155;-71;-84
3381;75;2043;;;;;;4728;2746;1982;102;59;43;267;133;134;-165;-74;-91
3382;75;2044;;;;;;4904;2844;2060;102;59;43;273;136;137;-171;-77;-94
3383;75;2045;;;;;;4758;2748;2010;102;59;43;274;134;139;-172;-75;-96
3384;75;2046;;;;;;4547;2621;1926;101;59;42;266;129;137;-165;-70;-95
3385;75;2047;;;;;;4311;2466;1845;100;58;42;260;124;136;-160;-66;-94
3386;75;2048;;;;;;3982;2277;1705;100;58;42;250;118;132;-150;-60;-90
3387;75;2049;;;;;;3829;2191;1638;100;58;42;246;116;130;-146;-58;-88
3388;76;2006;;;;;;3700;2116;1584;77;43;34;98;51;47;-21;-8;-13
3389;76;2007;;;;;;3623;2074;1548;81;45;36;95;50;45;-14;-5;-9
3390;76;2008;;;;;;3667;2106;1561;87;49;38;104;54;49;-17;-5;-11
3391;76;2009;;;;;;3556;2047;1508;95;53;42;107;57;50;-12;-4;-8
3392;76;2010;;;;;;3585;2066;1519;101;57;44;109;59;50;-8;-2;-6
3393;76;2011;;;;;;3594;2079;1515;104;59;45;115;62;53;-11;-3;-8
3394;76;2012;;;;;;3636;2108;1528;106;60;46;121;67;54;-15;-7;-8
3395;76;2013;;;;;;3612;2092;1521;106;60;46;126;69;57;-20;-9;-11
3396;76;2014;;;;;;3800;2209;1592;106;60;46;136;75;60;-30;-15;-14
3397;76;2015;;;;;;3837;2222;1615;105;60;45;138;76;61;-33;-16;-16
3398;76;2016;;;;;;3948;2298;1650;104;59;45;152;85;67;-48;-26;-22
3399;76;2017;;;;;;3813;2225;1588;103;59;44;138;76;62;-35;-17;-18
3400;76;2018;;;;;;3952;2306;1646;102;58;44;148;80;68;-46;-22;-24
3401;76;2019;;;;;;4235;2468;1767;102;58;44;145;79;67;-43;-21;-23
3402;76;2020;;;;;;4415;2568;1846;101;58;43;154;81;72;-53;-23;-29
3403;76;2021;;;;;;4180;2432;1747;100;57;43;158;82;76;-58;-25;-33
3404;76;2022;;;;;;5766;3367;2399;100;57;43;180;97;83;-80;-40;-40
3405;76;2023;;;;;;5529;3218;2312;98;56;42;183;96;87;-85;-40;-45
3406;76;2024;;;;;;5203;3042;2161;98;56;42;185;96;89;-87;-40;-47
3407;76;2025;;;;;;5001;2921;2080;98;56;42;183;93;89;-85;-37;-47
3408;76;2026;;;;;;4882;2852;2030;97;55;42;191;96;95;-94;-41;-53
3409;76;2027;;;;;;4823;2822;2002;96;55;41;177;89;88;-81;-34;-47
3410;76;2028;;;;;;4943;2893;2050;96;55;41;189;94;95;-93;-39;-54
3411;76;2029;;;;;;4887;2858;2030;95;54;41;189;94;96;-94;-40;-55
3412;76;2030;;;;;;4914;2876;2039;95;54;41;197;97;100;-102;-43;-59
3413;76;2031;;;;;;4935;2877;2058;96;55;41;199;97;102;-103;-42;-61
3414;76;2032;;;;;;5008;2932;2076;96;55;41;207;103;104;-111;-48;-63
3415;76;2033;;;;;;5049;2950;2099;95;54;41;206;101;104;-111;-47;-63
3416;76;2034;;;;;;5102;2981;2121;95;54;41;213;105;108;-118;-51;-67
3417;76;2035;;;;;;5198;3031;2166;94;54;40;219;109;109;-125;-55;-69
3418;76;2036;;;;;;5180;3024;2157;93;53;40;235;117;118;-142;-64;-78
3419;76;2037;;;;;;5291;3080;2211;93;53;40;226;114;111;-133;-61;-71
3420;76;2038;;;;;;5288;3075;2214;93;53;40;238;119;119;-145;-66;-79
3421;76;2039;;;;;;5349;3117;2232;93;53;40;238;120;118;-145;-67;-78
3422;76;2040;;;;;;5385;3130;2255;92;53;39;247;124;123;-155;-71;-84
3423;76;2041;;;;;;5263;3059;2204;91;52;39;245;124;121;-154;-72;-82
3424;76;2042;;;;;;5146;2980;2167;91;52;39;240;122;119;-149;-70;-80
3425;76;2043;;;;;;5091;2943;2148;91;52;39;231;116;115;-140;-64;-76
3426;76;2044;;;;;;5091;2929;2161;91;52;39;241;120;121;-150;-68;-82
3427;76;2045;;;;;;5281;3035;2247;91;52;39;246;123;123;-155;-71;-84
3428;76;2046;;;;;;5125;2934;2191;90;51;39;247;121;126;-157;-70;-87
3429;76;2047;;;;;;4899;2799;2099;90;51;39;239;116;123;-149;-65;-84
3430;76;2048;;;;;;4645;2635;2010;89;51;38;235;112;122;-146;-61;-84
3431;76;2049;;;;;;4291;2434;1857;89;51;38;226;107;119;-137;-56;-81
3432;77;2006;;;;;;3811;2142;1669;69;39;30;80;39;41;-11;0;-11
3433;77;2007;;;;;;3934;2218;1716;74;42;32;87;45;43;-13;-3;-11
3434;77;2008;;;;;;3857;2180;1677;80;45;35;84;43;42;-4;2;-7
3435;77;2009;;;;;;3904;2213;1691;87;50;37;92;47;45;-5;3;-8
3436;77;2010;;;;;;3785;2151;1634;92;53;39;95;50;45;-3;3;-6
3437;77;2011;;;;;;3815;2170;1645;95;55;40;97;52;45;-2;3;-5
3438;77;2012;;;;;;3823;2185;1638;98;56;42;103;55;48;-5;1;-6
3439;77;2013;;;;;;3868;2215;1652;98;56;42;108;59;48;-10;-3;-6
3440;77;2014;;;;;;3843;2199;1644;96;55;41;113;62;50;-17;-7;-9
3441;77;2015;;;;;;4044;2324;1720;97;56;41;121;67;54;-24;-11;-13
3442;77;2016;;;;;;4084;2340;1744;96;55;41;123;68;55;-27;-13;-14
3443;77;2017;;;;;;4197;2415;1782;96;55;41;137;77;59;-41;-22;-18
3444;77;2018;;;;;;4057;2342;1714;95;55;40;124;69;56;-29;-14;-16
3445;77;2019;;;;;;4207;2430;1776;94;54;40;133;72;61;-39;-18;-21
3446;77;2020;;;;;;4511;2604;1907;93;54;39;130;70;60;-37;-16;-21
3447;77;2021;;;;;;4704;2712;1992;92;53;39;138;73;65;-46;-20;-26
3448;77;2022;;;;;;4455;2570;1885;92;53;39;141;73;68;-49;-20;-29
3449;77;2023;;;;;;6147;3560;2588;92;53;39;162;87;75;-70;-34;-36
3450;77;2024;;;;;;5897;3404;2493;91;53;38;163;86;78;-72;-33;-40
3451;77;2025;;;;;;5550;3220;2330;90;52;38;166;86;80;-76;-34;-42
3452;77;2026;;;;;;5336;3093;2243;90;52;38;163;83;80;-73;-31;-42
3453;77;2027;;;;;;5209;3020;2190;89;51;38;170;86;84;-81;-35;-46
3454;77;2028;;;;;;5148;2988;2160;88;51;37;158;80;79;-70;-29;-42
3455;77;2029;;;;;;5275;3063;2213;88;51;37;168;84;84;-80;-33;-47
3456;77;2030;;;;;;5217;3026;2191;89;51;38;168;83;85;-79;-32;-47
3457;77;2031;;;;;;5245;3044;2201;89;51;38;174;85;89;-85;-34;-51
3458;77;2032;;;;;;5268;3044;2223;89;51;38;177;86;91;-88;-35;-53
3459;77;2033;;;;;;5345;3102;2243;88;51;37;184;91;92;-96;-40;-55
3460;77;2034;;;;;;5389;3119;2269;88;51;37;182;90;93;-94;-39;-56
3461;77;2035;;;;;;5445;3151;2294;87;50;37;189;94;96;-102;-44;-59
3462;77;2036;;;;;;5548;3205;2343;87;50;37;195;98;97;-108;-48;-60
3463;77;2037;;;;;;5531;3198;2333;87;50;37;209;104;105;-122;-54;-68
3464;77;2038;;;;;;5651;3259;2392;86;50;36;202;103;99;-116;-53;-63
3465;77;2039;;;;;;5650;3254;2396;86;50;36;213;107;106;-127;-57;-70
3466;77;2040;;;;;;5716;3300;2416;85;49;36;214;109;105;-129;-60;-69
3467;77;2041;;;;;;5756;3316;2440;85;49;36;222;113;109;-137;-64;-73
3468;77;2042;;;;;;5626;3241;2385;85;49;36;220;113;108;-135;-64;-72
3469;77;2043;;;;;;5503;3159;2344;85;49;36;216;111;105;-131;-62;-69
3470;77;2044;;;;;;5445;3122;2323;85;49;36;208;106;102;-123;-57;-66
3471;77;2045;;;;;;5446;3108;2337;84;48;36;218;110;107;-134;-62;-71
3472;77;2046;;;;;;5651;3222;2429;83;48;35;223;113;110;-140;-65;-75
3473;77;2047;;;;;;5484;3116;2369;83;48;35;224;112;112;-141;-64;-77
3474;77;2048;;;;;;5242;2974;2268;83;48;35;218;108;109;-135;-60;-74
3475;77;2049;;;;;;4972;2801;2171;83;48;35;213;104;109;-130;-56;-74
3476;78;2006;;;;;;4070;2241;1829;66;38;28;70;35;35;-4;3;-7
3477;78;2007;;;;;;4038;2231;1807;72;41;31;71;36;36;1;5;-5
3478;78;2008;;;;;;4174;2316;1858;76;43;33;78;41;37;-2;2;-4
3479;78;2009;;;;;;4092;2277;1816;84;49;35;75;39;36;9;10;-1
3480;78;2010;;;;;;4141;2311;1831;88;51;37;82;44;38;6;7;-1
3481;78;2011;;;;;;4014;2246;1769;92;53;39;85;46;39;7;7;0
3482;78;2012;;;;;;4045;2266;1779;93;54;39;87;48;39;6;6;0
3483;78;2013;;;;;;4053;2283;1770;94;54;40;92;51;41;2;3;-1
3484;78;2014;;;;;;4101;2316;1785;94;54;40;97;55;42;-3;-1;-2
3485;78;2015;;;;;;4076;2301;1775;92;53;39;102;58;44;-10;-5;-5
3486;78;2016;;;;;;4291;2433;1857;92;53;39;110;63;47;-18;-10;-8
3487;78;2017;;;;;;4329;2445;1883;92;53;39;112;63;48;-20;-10;-9
3488;78;2018;;;;;;4451;2527;1924;90;52;38;125;73;52;-35;-21;-14
3489;78;2019;;;;;;4305;2455;1850;90;52;38;113;64;49;-23;-12;-11
3490;78;2020;;;;;;4466;2550;1917;89;51;38;121;67;54;-32;-16;-16
3491;78;2021;;;;;;4791;2734;2057;89;51;38;117;65;53;-28;-14;-15
3492;78;2022;;;;;;4999;2850;2148;88;51;37;125;67;58;-37;-16;-21
3493;78;2023;;;;;;4736;2703;2032;87;50;37;127;67;60;-40;-17;-23
3494;78;2024;;;;;;6536;3746;2791;87;50;37;146;79;67;-59;-29;-30
3495;78;2025;;;;;;6272;3583;2689;86;50;36;147;78;69;-61;-28;-33
3496;78;2026;;;;;;5904;3390;2513;85;49;36;149;78;71;-64;-29;-35
3497;78;2027;;;;;;5677;3257;2420;85;49;36;146;75;71;-61;-26;-35
3498;78;2028;;;;;;5543;3181;2362;85;49;36;151;77;75;-66;-28;-39
3499;78;2029;;;;;;5478;3148;2331;85;49;36;140;71;69;-55;-22;-33
3500;78;2030;;;;;;5614;3226;2388;83;48;35;149;74;74;-66;-26;-39
3501;78;2031;;;;;;5552;3186;2365;83;48;35;149;74;75;-66;-26;-40
3502;78;2032;;;;;;5582;3205;2378;83;48;35;154;76;79;-71;-28;-44
3503;78;2033;;;;;;5606;3204;2402;82;47;35;158;77;81;-76;-30;-46
3504;78;2034;;;;;;5687;3263;2424;82;47;35;164;82;82;-82;-35;-47
3505;78;2035;;;;;;5735;3282;2453;81;47;34;163;80;82;-82;-33;-48
3506;78;2036;;;;;;5796;3316;2480;81;47;34;169;84;85;-88;-37;-51
3507;78;2037;;;;;;5908;3374;2534;81;47;34;175;89;87;-94;-42;-53
3508;78;2038;;;;;;5890;3367;2523;80;46;34;189;95;94;-109;-49;-60
3509;78;2039;;;;;;6020;3434;2587;80;46;34;183;94;89;-103;-48;-55
3510;78;2040;;;;;;6020;3430;2591;80;46;34;192;97;95;-112;-51;-61
3511;78;2041;;;;;;6092;3480;2612;79;46;33;194;99;95;-115;-53;-62
3512;78;2042;;;;;;6135;3498;2638;78;45;33;201;103;98;-123;-58;-65
3513;78;2043;;;;;;5998;3421;2578;78;45;33;201;103;98;-123;-58;-65
3514;78;2044;;;;;;5868;3335;2533;78;45;33;198;102;96;-120;-57;-63
3515;78;2045;;;;;;5808;3298;2510;78;45;33;189;97;92;-111;-52;-59
3516;78;2046;;;;;;5809;3285;2524;78;45;33;199;101;98;-121;-56;-65
3517;78;2047;;;;;;6028;3406;2622;78;45;33;205;105;100;-127;-60;-67
3518;78;2048;;;;;;5851;3295;2556;78;45;33;206;104;102;-128;-59;-69
3519;78;2049;;;;;;5593;3147;2446;78;45;33;201;100;101;-123;-55;-68
3520;79;2006;;;;;;4202;2292;1910;57;31;26;57;27;30;0;4;-4
3521;79;2007;;;;;;4316;2352;1964;63;35;28;62;30;33;1;5;-5
3522;79;2008;;;;;;4289;2348;1941;67;38;29;63;30;33;4;8;-4
3523;79;2009;;;;;;4432;2437;1995;73;42;31;68;34;33;5;8;-2
3524;79;2010;;;;;;4346;2396;1950;79;45;34;66;33;33;13;12;1
3525;79;2011;;;;;;4398;2432;1966;82;46;36;71;37;35;11;9;1
3526;79;2012;;;;;;4261;2365;1897;84;47;37;75;39;36;9;8;1
3527;79;2013;;;;;;4294;2388;1907;84;47;37;76;40;35;8;7;2
3528;79;2014;;;;;;4304;2407;1897;83;47;36;80;43;37;3;4;-1
3529;79;2015;;;;;;4356;2444;1913;82;46;36;85;47;38;-3;-1;-2
3530;79;2016;;;;;;4332;2430;1902;82;46;36;88;49;40;-6;-3;-4
3531;79;2017;;;;;;4554;2565;1989;81;46;35;95;53;42;-14;-7;-7
3532;79;2018;;;;;;4598;2582;2017;80;45;35;97;54;43;-17;-9;-8
3533;79;2019;;;;;;4731;2671;2060;80;45;35;109;62;47;-29;-17;-12
3534;79;2020;;;;;;4579;2598;1980;79;45;34;99;54;45;-20;-9;-11
3535;79;2021;;;;;;4752;2702;2051;78;44;34;106;57;49;-28;-13;-15
3536;79;2022;;;;;;5101;2900;2201;78;44;34;103;55;48;-25;-11;-14
3537;79;2023;;;;;;5324;3025;2299;78;44;34;109;57;51;-31;-13;-17
3538;79;2024;;;;;;5045;2870;2175;78;44;34;111;58;54;-33;-14;-20
3539;79;2025;;;;;;6965;3979;2986;76;43;33;128;68;60;-52;-25;-27
3540;79;2026;;;;;;6686;3808;2878;76;43;33;129;66;62;-53;-23;-29
3541;79;2027;;;;;;6294;3604;2690;76;43;33;130;66;63;-54;-23;-30
3542;79;2028;;;;;;6053;3463;2590;75;42;33;128;64;63;-53;-22;-30
3543;79;2029;;;;;;5911;3381;2529;74;42;32;133;66;67;-59;-24;-35
3544;79;2030;;;;;;5843;3346;2496;74;42;32;124;62;62;-50;-20;-30
3545;79;2031;;;;;;5988;3429;2559;74;42;32;131;65;66;-57;-23;-34
3546;79;2032;;;;;;5921;3387;2535;73;41;32;131;64;67;-58;-23;-35
3547;79;2033;;;;;;5953;3405;2548;73;41;32;135;65;70;-62;-24;-38
3548;79;2034;;;;;;5979;3404;2575;72;41;31;138;67;71;-66;-26;-40
3549;79;2035;;;;;;6066;3466;2600;72;41;31;144;71;72;-72;-30;-41
3550;79;2036;;;;;;6118;3487;2631;71;40;31;142;70;72;-71;-30;-41
3551;79;2037;;;;;;6185;3525;2660;71;40;31;147;73;75;-76;-33;-44
3552;79;2038;;;;;;6306;3588;2718;71;40;31;153;77;76;-82;-37;-45
3553;79;2039;;;;;;6288;3582;2706;71;40;31;165;82;82;-94;-42;-51
3554;79;2040;;;;;;6429;3655;2774;70;40;30;161;82;79;-91;-42;-49
3555;79;2041;;;;;;6429;3652;2777;70;40;30;169;85;84;-99;-45;-54
3556;79;2042;;;;;;6507;3707;2800;69;39;30;171;87;84;-102;-48;-54
3557;79;2043;;;;;;6554;3728;2826;69;39;30;177;91;87;-108;-52;-57
3558;79;2044;;;;;;6409;3648;2761;69;39;30;177;91;86;-108;-52;-56
3559;79;2045;;;;;;6270;3559;2712;69;39;30;174;90;84;-105;-51;-54
3560;79;2046;;;;;;6206;3520;2686;69;39;30;166;85;81;-97;-46;-51
3561;79;2047;;;;;;6208;3508;2700;69;39;30;174;89;85;-105;-50;-55
3562;79;2048;;;;;;6442;3639;2803;69;39;30;180;93;88;-111;-54;-58
3563;79;2049;;;;;;6252;3522;2730;68;38;30;182;91;90;-114;-53;-60
3564;80;2006;;;;;;4477;2390;2087;55;30;25;55;25;30;0;5;-5
3565;80;2007;;;;;;4406;2357;2049;60;33;27;53;25;28;7;8;-1
3566;80;2008;;;;;;4533;2426;2107;64;36;28;57;27;30;7;9;-2
3567;80;2009;;;;;;4504;2422;2082;70;40;30;58;28;30;12;12;0
3568;80;2010;;;;;;4655;2515;2140;73;42;31;64;32;31;9;10;0
3569;80;2011;;;;;;4565;2473;2092;78;44;34;61;30;31;17;14;3
3570;80;2012;;;;;;4617;2511;2105;79;45;34;67;34;33;12;11;1
3571;80;2013;;;;;;4474;2443;2031;79;45;34;70;36;34;9;9;0
3572;80;2014;;;;;;4510;2469;2041;78;44;34;72;38;33;6;6;1
3573;80;2015;;;;;;4522;2491;2031;78;44;34;76;41;35;2;3;-1
3574;80;2016;;;;;;4578;2532;2047;77;44;33;81;45;36;-4;-1;-3
3575;80;2017;;;;;;4548;2513;2035;76;43;33;84;47;38;-8;-4;-5
3576;80;2018;;;;;;4785;2657;2128;76;43;33;91;51;40;-15;-8;-7
3577;80;2019;;;;;;4836;2679;2157;76;43;33;93;51;41;-17;-8;-8
3578;80;2020;;;;;;4977;2774;2203;74;42;32;105;60;45;-31;-18;-13
3579;80;2021;;;;;;4820;2702;2117;74;42;32;95;52;43;-21;-10;-11
3580;80;2022;;;;;;5005;2812;2193;74;42;32;102;55;46;-28;-13;-14
3581;80;2023;;;;;;5374;3021;2353;72;41;31;98;53;45;-26;-12;-14
3582;80;2024;;;;;;5612;3154;2458;72;41;31;104;55;49;-32;-14;-18
3583;80;2025;;;;;;5320;2994;2326;72;41;31;106;55;51;-34;-14;-20
3584;80;2026;;;;;;7346;4152;3194;72;41;31;121;64;57;-49;-23;-26
3585;80;2027;;;;;;7053;3975;3079;71;40;31;122;62;60;-51;-22;-29
3586;80;2028;;;;;;6641;3762;2879;70;40;30;123;62;61;-53;-22;-31
3587;80;2029;;;;;;6388;3615;2773;70;40;30;120;59;61;-50;-19;-31
3588;80;2030;;;;;;6238;3530;2708;70;40;30;125;61;64;-55;-21;-34
3589;80;2031;;;;;;6167;3494;2673;69;39;30;116;57;59;-47;-18;-29
3590;80;2032;;;;;;6320;3579;2740;69;39;30;123;60;64;-54;-21;-34
3591;80;2033;;;;;;6250;3534;2716;68;39;29;124;59;65;-56;-20;-36
3592;80;2034;;;;;;6283;3553;2730;68;39;29;128;60;68;-60;-21;-39
3593;80;2035;;;;;;6311;3551;2759;68;39;29;131;62;69;-63;-23;-40
3594;80;2036;;;;;;6404;3618;2786;67;38;29;136;66;70;-69;-28;-41
3595;80;2037;;;;;;6461;3642;2819;67;38;29;135;65;70;-68;-27;-41
3596;80;2038;;;;;;6534;3684;2850;67;38;29;140;68;72;-73;-30;-43
3597;80;2039;;;;;;6663;3751;2912;67;38;29;146;71;74;-79;-33;-45
3598;80;2040;;;;;;6645;3747;2898;66;38;28;157;77;80;-91;-39;-52
3599;80;2041;;;;;;6795;3825;2970;66;38;28;153;76;77;-87;-38;-49
3600;80;2042;;;;;;6797;3824;2972;65;37;28;161;79;81;-96;-42;-53
3601;80;2043;;;;;;6879;3884;2995;65;37;28;163;82;81;-98;-45;-53
3602;80;2044;;;;;;6929;3908;3022;65;37;28;169;85;84;-104;-48;-56
3603;80;2045;;;;;;6776;3825;2950;65;37;28;169;85;84;-104;-48;-56
3604;80;2046;;;;;;6630;3734;2896;65;37;28;167;85;82;-102;-48;-54
3605;80;2047;;;;;;6563;3696;2867;65;37;28;159;80;79;-94;-43;-51
3606;80;2048;;;;;;6563;3684;2880;65;37;28;168;84;83;-103;-47;-55
3607;80;2049;;;;;;6811;3823;2988;64;37;27;173;86;87;-109;-49;-60
3608;81;2006;;;;;;4652;2363;2288;46;25;21;50;22;28;-4;3;-7
3609;81;2007;;;;;;4664;2386;2278;51;27;24;50;23;27;1;4;-3
3610;81;2008;;;;;;4606;2367;2239;55;30;25;49;23;26;6;7;-1
3611;81;2009;;;;;;4746;2443;2303;60;33;27;52;25;27;8;8;0
3612;81;2010;;;;;;4724;2446;2278;64;35;29;53;26;27;11;9;2
3613;81;2011;;;;;;4890;2547;2343;66;36;30;58;30;28;8;6;2
3614;81;2012;;;;;;4802;2513;2289;67;37;30;56;28;27;11;9;3
3615;81;2013;;;;;;4864;2559;2305;67;37;30;61;32;29;6;5;1
3616;81;2014;;;;;;4723;2498;2225;66;36;30;64;34;30;2;2;0
3617;81;2015;;;;;;4769;2532;2237;66;36;30;65;36;29;1;0;1
3618;81;2016;;;;;;4789;2562;2227;66;36;30;69;38;31;-3;-2;-1
3619;81;2017;;;;;;4850;2604;2246;65;36;29;74;43;32;-9;-7;-3
3620;81;2018;;;;;;4826;2593;2234;64;35;29;77;44;33;-13;-9;-4
3621;81;2019;;;;;;5085;2748;2337;64;35;29;83;49;35;-19;-14;-6
3622;81;2020;;;;;;5145;2775;2370;64;35;29;84;49;36;-20;-14;-7
3623;81;2021;;;;;;5298;2877;2421;63;35;28;96;57;38;-33;-22;-10
3624;81;2022;;;;;;5134;2806;2328;62;34;28;86;49;37;-24;-15;-9
3625;81;2023;;;;;;5334;2922;2412;62;34;28;92;52;40;-30;-18;-12
3626;81;2024;;;;;;5731;3140;2591;62;34;28;89;50;39;-27;-16;-11
3627;81;2025;;;;;;5985;3278;2707;62;34;28;94;52;42;-32;-18;-14
3628;81;2026;;;;;;5674;3112;2563;60;33;27;95;51;44;-35;-18;-17
3629;81;2027;;;;;;7836;4314;3522;60;33;27;109;59;49;-49;-26;-22
3630;81;2028;;;;;;7525;4128;3397;60;33;27;110;58;52;-50;-25;-25
3631;81;2029;;;;;;7083;3906;3178;60;33;27;111;59;52;-51;-26;-25
3632;81;2030;;;;;;6814;3751;3062;60;33;27;109;56;53;-49;-23;-26
3633;81;2031;;;;;;6654;3661;2992;58;32;26;112;58;55;-54;-26;-29
3634;81;2032;;;;;;6578;3622;2956;58;32;26;105;53;52;-47;-21;-26
3635;81;2033;;;;;;6741;3710;3032;58;32;26;111;56;55;-53;-24;-29
3636;81;2034;;;;;;6668;3662;3006;58;32;26;112;56;56;-54;-24;-30
3637;81;2035;;;;;;6706;3682;3024;58;32;26;115;57;58;-57;-25;-32
3638;81;2036;;;;;;6740;3683;3057;58;32;26;118;59;59;-60;-27;-33
3639;81;2037;;;;;;6842;3755;3088;57;31;26;123;63;60;-66;-32;-34
3640;81;2038;;;;;;6909;3783;3126;57;31;26;122;61;60;-65;-30;-34
3641;81;2039;;;;;;6990;3829;3161;56;31;25;126;64;62;-70;-33;-37
3642;81;2040;;;;;;7132;3902;3230;56;31;25;131;68;63;-75;-37;-38
3643;81;2041;;;;;;7115;3900;3214;56;31;25;141;74;68;-85;-43;-43
3644;81;2042;;;;;;7280;3985;3295;56;31;25;139;73;66;-83;-42;-41
3645;81;2043;;;;;;7285;3987;3298;56;31;25;146;76;70;-90;-45;-45
3646;81;2044;;;;;;7376;4053;3323;56;31;25;148;79;69;-92;-48;-44
3647;81;2045;;;;;;7432;4080;3352;55;30;25;154;83;72;-99;-53;-47
3648;81;2046;;;;;;7270;3998;3273;55;30;25;154;82;71;-99;-52;-46
3649;81;2047;;;;;;7117;3904;3212;55;30;25;152;82;70;-97;-52;-45
3650;81;2048;;;;;;7047;3867;3179;54;30;24;145;77;68;-91;-47;-44
3651;81;2049;;;;;;7050;3857;3192;54;30;24;153;82;72;-99;-52;-48
3652;82;2006;;;;;;4879;2339;2540;41;21;20;43;17;26;-2;4;-6
3653;82;2007;;;;;;4810;2345;2466;44;22;22;42;17;25;2;5;-3
3654;82;2008;;;;;;4839;2381;2457;46;23;23;42;18;24;4;5;-1
3655;82;2009;;;;;;4786;2370;2417;49;25;24;41;18;23;8;7;1
3656;82;2010;;;;;;4942;2453;2488;54;28;26;44;19;25;10;9;1
3657;82;2011;;;;;;4928;2464;2463;56;29;27;44;19;25;12;10;2
3658;82;2012;;;;;;5107;2574;2532;57;29;28;47;22;25;10;7;3
3659;82;2013;;;;;;5024;2548;2476;57;29;28;46;21;25;11;8;3
3660;82;2014;;;;;;5099;2604;2495;57;29;28;49;23;26;8;6;2
3661;82;2015;;;;;;4959;2549;2409;57;29;28;51;24;27;6;5;1
3662;82;2016;;;;;;5017;2592;2425;56;29;27;52;26;27;4;3;0
3663;82;2017;;;;;;5037;2623;2415;55;28;27;56;28;29;-1;0;-2
3664;82;2018;;;;;;5109;2673;2437;55;28;27;59;30;30;-4;-2;-3
3665;82;2019;;;;;;5092;2667;2425;55;28;27;62;31;31;-7;-3;-4
3666;82;2020;;;;;;5370;2831;2539;55;28;27;66;34;32;-11;-6;-5
3667;82;2021;;;;;;5439;2863;2576;53;27;26;68;35;33;-15;-8;-7
3668;82;2022;;;;;;5603;2971;2632;53;27;26;75;39;36;-22;-12;-10
3669;82;2023;;;;;;5432;2899;2533;53;27;26;69;35;34;-16;-8;-8
3670;82;2024;;;;;;5646;3019;2626;53;27;26;75;37;38;-22;-10;-12
3671;82;2025;;;;;;6068;3246;2822;53;27;26;73;37;36;-20;-10;-10
3672;82;2026;;;;;;6339;3388;2951;52;26;26;77;38;39;-25;-12;-13
3673;82;2027;;;;;;6010;3215;2795;51;26;25;79;38;41;-28;-12;-16
3674;82;2028;;;;;;8300;4456;3844;51;26;25;91;45;46;-40;-19;-21
3675;82;2029;;;;;;7971;4262;3709;51;26;25;93;45;48;-42;-19;-23
3676;82;2030;;;;;;7503;4031;3472;51;26;25;94;45;49;-43;-19;-24
3677;82;2031;;;;;;7218;3870;3348;50;25;25;92;43;49;-42;-18;-24
3678;82;2032;;;;;;7050;3776;3273;49;25;24;96;45;52;-47;-20;-28
3679;82;2033;;;;;;6971;3736;3236;49;25;24;91;43;48;-42;-18;-24
3680;82;2034;;;;;;7146;3826;3320;49;25;24;95;44;51;-46;-19;-27
3681;82;2035;;;;;;7072;3778;3294;49;25;24;96;44;52;-47;-19;-28
3682;82;2036;;;;;;7117;3802;3315;49;25;24;99;45;54;-50;-20;-30
3683;82;2037;;;;;;7159;3806;3353;49;25;24;101;46;55;-52;-21;-31
3684;82;2038;;;;;;7271;3883;3387;48;24;24;104;48;56;-56;-24;-32
3685;82;2039;;;;;;7346;3916;3430;48;24;24;104;48;56;-56;-24;-32
3686;82;2040;;;;;;7436;3967;3469;48;24;24;108;50;58;-60;-26;-34
3687;82;2041;;;;;;7592;4047;3545;48;24;24;111;52;60;-63;-28;-36
3688;82;2042;;;;;;7577;4049;3528;47;24;23;119;54;64;-72;-30;-41
3689;82;2043;;;;;;7757;4140;3617;47;24;23;116;54;62;-69;-30;-39
3690;82;2044;;;;;;7765;4146;3619;47;24;23;121;56;65;-74;-32;-42
3691;82;2045;;;;;;7864;4217;3647;47;24;23;123;57;65;-76;-33;-42
3692;82;2046;;;;;;7928;4249;3678;47;24;23;128;59;69;-81;-35;-46
3693;82;2047;;;;;;7757;4166;3591;46;23;23;127;59;68;-81;-36;-45
3694;82;2048;;;;;;7596;4072;3524;46;23;23;125;59;67;-79;-36;-44
3695;82;2049;;;;;;7523;4035;3487;46;23;23;121;57;64;-75;-34;-41
3696;83;2006;;;;;;5130;2376;2754;37;20;17;36;14;22;1;6;-5
3697;83;2007;;;;;;5015;2301;2714;39;21;18;37;13;23;2;8;-5
3698;83;2008;;;;;;4959;2321;2637;41;22;19;37;14;23;4;8;-4
3699;83;2009;;;;;;4996;2365;2630;43;23;20;36;14;22;7;9;-2
3700;83;2010;;;;;;4952;2362;2590;46;25;21;35;14;21;11;11;0
3701;83;2011;;;;;;5122;2453;2669;50;26;24;37;15;22;13;11;2
3702;83;2012;;;;;;5114;2473;2641;51;27;24;37;15;22;14;12;2
3703;83;2013;;;;;;5309;2592;2717;51;27;24;40;17;23;11;10;1
3704;83;2014;;;;;;5233;2575;2658;50;26;24;39;16;23;11;10;1
3705;83;2015;;;;;;5320;2639;2681;50;26;24;42;18;24;8;8;0
3706;83;2016;;;;;;5183;2592;2591;50;26;24;43;18;25;7;8;-1
3707;83;2017;;;;;;5244;2635;2609;49;26;23;44;19;25;5;7;-2
3708;83;2018;;;;;;5273;2673;2601;48;25;23;47;21;26;1;4;-3
3709;83;2019;;;;;;5355;2730;2626;48;25;23;49;22;27;-1;3;-4
3710;83;2020;;;;;;5343;2728;2615;48;25;23;51;24;28;-3;1;-5
3711;83;2021;;;;;;5638;2899;2739;48;25;23;55;26;29;-7;-1;-6
3712;83;2022;;;;;;5714;2934;2781;48;25;23;57;26;30;-9;-1;-7
3713;83;2023;;;;;;5889;3045;2844;46;24;22;61;29;33;-15;-5;-11
3714;83;2024;;;;;;5711;2973;2739;46;24;22;58;27;31;-12;-3;-9
3715;83;2025;;;;;;5937;3096;2841;46;24;22;62;28;35;-16;-4;-13
3716;83;2026;;;;;;6383;3328;3055;46;24;22;61;28;33;-15;-4;-11
3717;83;2027;;;;;;6670;3473;3197;46;24;22;65;29;36;-19;-5;-14
3718;83;2028;;;;;;6324;3295;3030;45;23;22;67;30;37;-22;-7;-15
3719;83;2029;;;;;;8735;4565;4170;45;23;22;76;35;41;-31;-12;-19
3720;83;2030;;;;;;8392;4366;4026;44;23;21;79;35;44;-35;-12;-23
3721;83;2031;;;;;;7899;4128;3771;44;23;21;80;35;44;-36;-12;-23
3722;83;2032;;;;;;7602;3963;3639;44;23;21;79;34;45;-35;-11;-24
3723;83;2033;;;;;;7427;3867;3559;44;23;21;82;35;46;-38;-12;-25
3724;83;2034;;;;;;7347;3827;3520;44;23;21;79;35;44;-35;-12;-23
3725;83;2035;;;;;;7536;3922;3615;44;23;21;82;36;46;-38;-13;-25
3726;83;2036;;;;;;7464;3877;3587;43;22;21;83;36;47;-40;-14;-26
3727;83;2037;;;;;;7516;3905;3611;43;22;21;87;37;49;-44;-15;-28
3728;83;2038;;;;;;7567;3913;3654;43;22;21;88;38;50;-45;-16;-29
3729;83;2039;;;;;;7689;3997;3692;43;22;21;90;39;51;-47;-17;-30
3730;83;2040;;;;;;7774;4034;3739;42;22;20;90;39;51;-48;-17;-31
3731;83;2041;;;;;;7873;4091;3782;42;22;20;92;40;52;-50;-18;-32
3732;83;2042;;;;;;8042;4177;3865;42;22;20;95;41;54;-53;-19;-34
3733;83;2043;;;;;;8030;4183;3847;42;22;20;102;43;59;-60;-21;-39
3734;83;2044;;;;;;8225;4282;3944;41;21;20;100;43;57;-59;-22;-37
3735;83;2045;;;;;;8237;4291;3946;41;21;20;104;44;60;-63;-23;-40
3736;83;2046;;;;;;8344;4369;3975;41;21;20;105;45;60;-64;-24;-40
3737;83;2047;;;;;;8414;4405;4009;41;21;20;109;46;63;-68;-25;-43
3738;83;2048;;;;;;8234;4321;3913;41;21;20;108;45;62;-67;-24;-42
3739;83;2049;;;;;;8066;4226;3840;41;21;20;107;45;62;-66;-24;-42
3740;84;2006;;;;;;5109;2219;2890;34;18;16;30;11;18;4;7;-2
3741;84;2007;;;;;;5248;2288;2960;35;18;17;31;12;20;4;6;-3
3742;84;2008;;;;;;5151;2231;2921;37;19;18;32;11;21;5;8;-3
3743;84;2009;;;;;;5099;2258;2841;41;21;20;32;12;20;9;9;0
3744;84;2010;;;;;;5146;2309;2837;43;22;21;31;12;20;12;10;1
3745;84;2011;;;;;;5110;2314;2796;47;23;24;30;12;19;17;11;5
3746;84;2012;;;;;;5293;2412;2881;47;23;24;33;13;20;14;10;4
3747;84;2013;;;;;;5293;2439;2853;47;23;24;33;13;20;14;10;4
3748;84;2014;;;;;;5503;2565;2938;47;23;24;35;14;20;12;9;4
3749;84;2015;;;;;;5433;2556;2877;47;23;24;34;14;20;13;9;4
3750;84;2016;;;;;;5531;2628;2903;47;23;24;36;15;21;11;8;3
3751;84;2017;;;;;;5388;2580;2808;46;22;24;38;15;22;8;7;2
3752;84;2018;;;;;;5459;2629;2830;45;22;23;38;16;22;7;6;1
3753;84;2019;;;;;;5495;2672;2823;45;22;23;41;18;23;4;4;0
3754;84;2020;;;;;;5585;2733;2852;45;22;23;43;19;24;2;3;-1
3755;84;2021;;;;;;5576;2734;2842;45;22;23;44;20;25;1;2;-2
3756;84;2022;;;;;;5886;2907;2979;45;22;23;48;21;27;-3;1;-4
3757;84;2023;;;;;;5970;2943;3027;44;21;23;50;23;27;-6;-2;-4
3758;84;2024;;;;;;6153;3055;3098;43;21;22;53;24;29;-10;-3;-7
3759;84;2025;;;;;;5968;2982;2986;43;21;22;51;23;28;-8;-2;-6
3760;84;2026;;;;;;6206;3106;3099;43;21;22;54;24;31;-11;-3;-9
3761;84;2027;;;;;;6674;3338;3336;43;21;22;54;25;29;-11;-4;-7
3762;84;2028;;;;;;6976;3483;3493;43;21;22;57;26;31;-14;-5;-9
3763;84;2029;;;;;;6617;3304;3313;43;21;22;59;26;33;-16;-5;-11
3764;84;2030;;;;;;9141;4578;4563;42;20;22;68;31;36;-26;-11;-14
3765;84;2031;;;;;;8787;4378;4409;42;20;22;70;31;39;-28;-11;-17
3766;84;2032;;;;;;8272;4140;4132;41;20;21;71;31;40;-30;-11;-19
3767;84;2033;;;;;;7966;3976;3990;41;20;21;70;30;40;-29;-10;-19
3768;84;2034;;;;;;7787;3882;3905;41;20;21;73;32;41;-32;-12;-20
3769;84;2035;;;;;;7709;3845;3864;41;20;21;70;32;38;-29;-12;-17
3770;84;2036;;;;;;7914;3945;3969;41;20;21;72;32;40;-31;-12;-19
3771;84;2037;;;;;;7845;3904;3941;41;20;21;74;33;41;-33;-13;-20
3772;84;2038;;;;;;7905;3937;3968;40;19;21;76;34;43;-36;-15;-22
3773;84;2039;;;;;;7966;3950;4016;40;19;21;77;34;43;-37;-15;-22
3774;84;2040;;;;;;8097;4038;4059;40;19;21;80;35;44;-40;-16;-23
3775;84;2041;;;;;;8192;4081;4111;40;19;21;79;35;44;-39;-16;-23
3776;84;2042;;;;;;8301;4143;4158;39;19;20;81;36;45;-42;-17;-25
3777;84;2043;;;;;;8484;4234;4249;39;19;20;85;37;48;-46;-18;-28
3778;84;2044;;;;;;8473;4244;4229;39;19;20;90;38;52;-51;-19;-32
3779;84;2045;;;;;;8683;4348;4335;39;19;20;88;38;50;-49;-19;-30
3780;84;2046;;;;;;8698;4361;4337;39;19;20;92;39;53;-53;-20;-33
3781;84;2047;;;;;;8813;4443;4369;39;19;20;93;40;53;-54;-21;-33
3782;84;2048;;;;;;8889;4483;4406;39;19;20;96;40;56;-57;-21;-36
3783;84;2049;;;;;;8700;4400;4300;39;19;20;96;40;55;-57;-21;-35
3784;85;2006;;;;;;5176;2120;3056;28;14;14;27;9;18;1;5;-4
3785;85;2007;;;;;;5184;2151;3034;29;14;15;28;9;18;1;5;-3
3786;85;2008;;;;;;5345;2232;3112;32;16;16;29;10;19;3;6;-3
3787;85;2009;;;;;;5258;2185;3073;35;17;18;29;9;20;6;8;-2
3788;85;2010;;;;;;5213;2219;2994;37;19;18;29;10;19;8;9;-1
3789;85;2011;;;;;;5271;2278;2993;40;20;20;29;10;19;11;10;1
3790;85;2012;;;;;;5240;2291;2949;40;20;20;28;10;18;12;10;2
3791;85;2013;;;;;;5437;2396;3041;40;20;20;30;11;19;10;9;1
3792;85;2014;;;;;;5447;2432;3015;40;20;20;30;11;19;10;9;1
3793;85;2015;;;;;;5672;2565;3107;40;20;20;31;11;19;9;9;1
3794;85;2016;;;;;;5608;2563;3045;39;19;20;31;11;20;8;8;0
3795;85;2017;;;;;;5709;2633;3076;39;19;20;32;12;20;7;7;0
3796;85;2018;;;;;;5569;2591;2978;39;19;20;34;12;21;5;7;-1
3797;85;2019;;;;;;5649;2645;3004;38;19;19;34;13;21;4;6;-2
3798;85;2020;;;;;;5690;2691;2998;38;19;19;36;14;22;2;5;-3
3799;85;2021;;;;;;5787;2755;3032;38;19;19;38;15;23;0;4;-4
3800;85;2022;;;;;;5781;2757;3024;38;19;19;39;16;23;-1;3;-4
3801;85;2023;;;;;;6105;2933;3173;37;18;19;42;17;25;-5;1;-6
3802;85;2024;;;;;;6196;2969;3226;37;18;19;44;18;25;-7;0;-6
3803;85;2025;;;;;;6387;3083;3304;37;18;19;47;19;27;-10;-1;-8
3804;85;2026;;;;;;6198;3010;3188;37;18;19;45;19;26;-8;-1;-7
3805;85;2027;;;;;;6446;3135;3312;37;18;19;48;19;29;-11;-1;-10
3806;85;2028;;;;;;6936;3368;3568;37;18;19;48;21;27;-11;-3;-8
3807;85;2029;;;;;;7254;3515;3739;36;18;18;51;22;29;-15;-4;-11
3808;85;2030;;;;;;6883;3334;3548;36;18;18;53;22;31;-17;-4;-13
3809;85;2031;;;;;;9512;4621;4891;35;17;18;60;26;34;-25;-9;-16
3810;85;2032;;;;;;9150;4421;4729;35;17;18;61;25;36;-26;-8;-18
3811;85;2033;;;;;;8619;4183;4435;35;17;18;61;25;36;-26;-8;-18
3812;85;2034;;;;;;8306;4022;4284;35;17;18;61;25;37;-26;-8;-19
3813;85;2035;;;;;;8127;3932;4195;35;17;18;63;25;38;-28;-8;-20
3814;85;2036;;;;;;8054;3900;4154;35;17;18;60;26;35;-25;-9;-17
3815;85;2037;;;;;;8275;4006;4268;35;17;18;63;26;36;-28;-9;-18
3816;85;2038;;;;;;8209;3970;4239;35;17;18;64;27;37;-29;-10;-19
3817;85;2039;;;;;;8278;4008;4269;35;17;18;66;27;38;-31;-10;-20
3818;85;2040;;;;;;8348;4026;4321;34;17;17;66;27;39;-32;-10;-22
3819;85;2041;;;;;;8490;4121;4368;34;17;17;68;28;40;-34;-11;-23
3820;85;2042;;;;;;8594;4170;4425;34;17;17;68;28;39;-34;-11;-22
3821;85;2043;;;;;;8713;4237;4475;34;17;17;70;29;41;-36;-12;-24
3822;85;2044;;;;;;8908;4335;4573;34;17;17;73;30;43;-39;-13;-26
3823;85;2045;;;;;;8899;4349;4551;33;16;17;77;31;47;-44;-15;-30
3824;85;2046;;;;;;9124;4459;4665;33;16;17;76;31;45;-43;-15;-28
3825;85;2047;;;;;;9142;4476;4667;33;16;17;79;31;48;-46;-15;-31
3826;85;2048;;;;;;9264;4563;4701;33;16;17;80;32;48;-47;-16;-31
3827;85;2049;;;;;;9346;4606;4740;33;16;17;83;33;51;-50;-17;-34
3828;86;2006;;;;;;5264;2088;3177;27;15;12;23;7;15;4;8;-3
3829;86;2007;;;;;;5210;2070;3140;28;15;13;23;7;16;5;8;-3
3830;86;2008;;;;;;5234;2113;3121;29;16;13;24;8;16;5;8;-3
3831;86;2009;;;;;;5404;2200;3204;32;17;15;25;8;16;7;9;-1
3832;86;2010;;;;;;5327;2159;3167;35;19;16;25;8;17;10;11;-1
3833;86;2011;;;;;;5287;2200;3087;37;20;17;25;8;17;12;12;0
3834;86;2012;;;;;;5349;2264;3085;37;20;17;24;8;16;13;12;1
3835;86;2013;;;;;;5326;2283;3042;37;20;17;23;8;15;14;12;2
3836;86;2014;;;;;;5534;2394;3139;37;20;17;25;9;16;12;11;1
3837;86;2015;;;;;;5550;2436;3114;37;20;17;25;9;16;12;11;1
3838;86;2016;;;;;;5787;2575;3212;36;19;17;26;10;17;10;9;0
3839;86;2017;;;;;;5722;2572;3150;36;19;17;26;10;16;10;9;1
3840;86;2018;;;;;;5833;2649;3184;36;19;17;27;10;17;9;9;0
3841;86;2019;;;;;;5696;2612;3084;36;19;17;28;11;17;8;8;0
3842;86;2020;;;;;;5785;2672;3113;36;19;17;29;11;18;7;8;-1
3843;86;2021;;;;;;5834;2725;3109;35;19;16;31;12;18;4;7;-2
3844;86;2022;;;;;;5940;2794;3146;35;19;16;32;13;19;3;6;-3
3845;86;2023;;;;;;5942;2803;3139;34;18;16;33;14;19;1;4;-3
3846;86;2024;;;;;;6284;2988;3295;34;18;16;35;15;20;-1;3;-4
3847;86;2025;;;;;;6386;3033;3353;34;18;16;36;16;21;-2;2;-5
3848;86;2026;;;;;;6593;3156;3436;34;18;16;38;17;22;-4;1;-6
3849;86;2027;;;;;;6406;3089;3317;34;18;16;38;16;21;-4;2;-5
3850;86;2028;;;;;;6672;3224;3448;34;18;16;39;17;23;-5;1;-7
3851;86;2029;;;;;;7190;3473;3717;34;18;16;40;18;22;-6;0;-6
3852;86;2030;;;;;;7530;3632;3897;34;18;16;42;19;23;-8;-1;-7
3853;86;2031;;;;;;7155;3454;3701;33;17;16;44;20;24;-11;-3;-8
3854;86;2032;;;;;;9903;4798;5105;33;17;16;51;23;28;-18;-6;-12
3855;86;2033;;;;;;9539;4601;4938;33;17;16;52;22;30;-19;-5;-14
3856;86;2034;;;;;;8997;4363;4634;32;17;15;52;22;30;-20;-5;-15
3857;86;2035;;;;;;8683;4204;4479;32;17;15;51;21;30;-19;-4;-15
3858;86;2036;;;;;;8506;4117;4388;32;17;15;52;21;30;-20;-4;-15
3859;86;2037;;;;;;8438;4090;4347;32;17;15;51;22;29;-19;-5;-14
3860;86;2038;;;;;;8677;4208;4469;32;17;15;53;23;30;-21;-6;-15
3861;86;2039;;;;;;8615;4175;4440;32;17;15;55;23;31;-23;-6;-16
3862;86;2040;;;;;;8694;4220;4475;32;17;15;56;24;32;-24;-7;-17
3863;86;2041;;;;;;8773;4242;4531;32;17;15;57;24;33;-25;-7;-18
3864;86;2042;;;;;;8927;4345;4582;32;17;15;58;25;34;-26;-8;-19
3865;86;2043;;;;;;9041;4398;4643;32;17;15;59;25;34;-27;-8;-19
3866;86;2044;;;;;;9169;4471;4698;32;17;15;60;25;34;-28;-8;-19
3867;86;2045;;;;;;9378;4575;4803;31;16;15;62;26;36;-31;-10;-21
3868;86;2046;;;;;;9371;4590;4781;31;16;15;64;26;38;-33;-10;-23
3869;86;2047;;;;;;9610;4707;4903;31;16;15;64;27;37;-33;-11;-22
3870;86;2048;;;;;;9631;4725;4906;31;16;15;66;27;39;-35;-11;-24
3871;86;2049;;;;;;9761;4816;4944;31;16;15;67;28;39;-36;-12;-24
3872;87;2006;;;;;;4421;1665;2756;22;12;10;16;5;11;6;7;-1
3873;87;2007;;;;;;5277;2022;3255;23;12;11;20;6;14;3;6;-3
3874;87;2008;;;;;;5239;2018;3222;25;13;12;21;6;15;4;7;-3
3875;87;2009;;;;;;5270;2066;3204;27;15;12;21;6;15;6;9;-3
3876;87;2010;;;;;;5450;2157;3294;30;16;14;22;7;16;8;9;-2
3877;87;2011;;;;;;5381;2123;3258;32;17;15;22;6;16;10;11;-1
3878;87;2012;;;;;;5344;2169;3175;33;17;16;22;7;16;11;10;0
3879;87;2013;;;;;;5413;2238;3175;33;17;16;21;7;15;12;10;1
3880;87;2014;;;;;;5396;2263;3134;33;17;16;21;7;14;12;10;2
3881;87;2015;;;;;;5615;2378;3236;32;17;15;22;7;15;10;10;0
3882;87;2016;;;;;;5638;2426;3213;32;17;15;22;7;14;10;10;1
3883;87;2017;;;;;;5878;2563;3316;31;16;15;23;8;15;8;8;0
3884;87;2018;;;;;;5820;2566;3254;31;16;15;22;8;15;9;8;0
3885;87;2019;;;;;;5941;2649;3292;31;16;15;23;8;15;8;8;0
3886;87;2020;;;;;;5809;2618;3191;31;16;15;24;9;15;7;7;0
3887;87;2021;;;;;;5907;2684;3222;31;16;15;24;9;15;7;7;0
3888;87;2022;;;;;;5964;2743;3220;31;16;15;26;10;16;5;6;-1
3889;87;2023;;;;;;6081;2821;3260;30;15;15;27;10;16;3;5;-1
3890;87;2024;;;;;;6092;2836;3256;30;15;15;28;11;17;2;4;-2
3891;87;2025;;;;;;6452;3031;3420;30;15;15;29;12;18;1;3;-3
3892;87;2026;;;;;;6567;3085;3482;30;15;15;31;12;18;-1;3;-3
3893;87;2027;;;;;;6789;3218;3571;29;15;14;32;13;19;-3;2;-5
3894;87;2028;;;;;;6607;3158;3449;29;15;14;32;13;19;-3;2;-5
3895;87;2029;;;;;;6893;3305;3588;29;15;14;33;13;20;-4;2;-6
3896;87;2030;;;;;;7440;3569;3870;29;15;14;33;14;19;-4;1;-5
3897;87;2031;;;;;;7803;3743;4061;29;15;14;35;15;20;-6;0;-6
3898;87;2032;;;;;;7426;3567;3859;29;15;14;37;16;21;-8;-1;-7
3899;87;2033;;;;;;10293;4967;5326;29;15;14;43;18;25;-14;-3;-11
3900;87;2034;;;;;;9930;4775;5155;28;14;14;44;17;26;-16;-3;-12
3901;87;2035;;;;;;9378;4538;4840;28;14;14;44;17;26;-16;-3;-12
3902;87;2036;;;;;;9062;4381;4681;28;14;14;43;17;27;-15;-3;-13
3903;87;2037;;;;;;8887;4298;4589;28;14;14;44;17;27;-16;-3;-13
3904;87;2038;;;;;;8824;4275;4549;28;14;14;44;18;26;-16;-4;-12
3905;87;2039;;;;;;9083;4404;4679;28;14;14;46;18;27;-18;-4;-13
3906;87;2040;;;;;;9025;4373;4651;28;14;14;47;19;28;-19;-5;-14
3907;87;2041;;;;;;9113;4423;4689;27;14;13;48;19;29;-21;-5;-16
3908;87;2042;;;;;;9201;4450;4751;27;14;13;49;19;30;-22;-5;-17
3909;87;2043;;;;;;9367;4560;4807;27;14;13;50;19;30;-23;-5;-17
3910;87;2044;;;;;;9491;4617;4873;27;14;13;50;20;31;-23;-6;-18
3911;87;2045;;;;;;9629;4695;4933;27;14;13;52;20;31;-25;-6;-18
3912;87;2046;;;;;;9851;4806;5045;27;14;13;53;21;32;-26;-7;-19
3913;87;2047;;;;;;9846;4822;5024;26;13;13;53;20;33;-27;-7;-20
3914;87;2048;;;;;;10099;4945;5155;26;13;13;54;21;33;-28;-8;-20
3915;87;2049;;;;;;10124;4963;5160;26;13;13;55;21;35;-29;-8;-22
3916;88;2006;;;;;;4074;1427;2648;16;9;7;12;3;9;4;6;-2
3917;88;2007;;;;;;4341;1569;2772;16;9;7;13;3;10;3;6;-3
3918;88;2008;;;;;;5195;1917;3278;19;11;8;16;4;12;3;7;-4
3919;88;2009;;;;;;5166;1919;3247;20;12;8;17;4;13;3;8;-5
3920;88;2010;;;;;;5204;1970;3234;22;13;9;17;5;13;5;8;-4
3921;88;2011;;;;;;5389;2063;3326;23;14;9;18;5;13;5;9;-4
3922;88;2012;;;;;;5326;2036;3290;23;14;9;18;4;14;5;10;-5
3923;88;2013;;;;;;5294;2085;3209;23;14;9;18;5;14;5;9;-5
3924;88;2014;;;;;;5369;2157;3212;24;14;10;18;5;13;6;9;-3
3925;88;2015;;;;;;5359;2186;3173;24;14;10;17;5;12;7;9;-2
3926;88;2016;;;;;;5582;2303;3279;24;14;10;18;5;13;6;9;-3
3927;88;2017;;;;;;5605;2347;3258;23;13;10;18;5;13;5;8;-3
3928;88;2018;;;;;;5851;2486;3365;23;13;10;19;6;13;4;7;-3
3929;88;2019;;;;;;5800;2495;3305;23;13;10;19;6;13;4;7;-3
3930;88;2020;;;;;;5928;2583;3345;23;13;10;19;6;13;4;7;-3
3931;88;2021;;;;;;5804;2559;3245;23;13;10;20;6;14;3;7;-4
3932;88;2022;;;;;;5910;2630;3280;23;13;10;20;7;14;3;6;-4
3933;88;2023;;;;;;5975;2695;3280;23;13;10;22;7;14;1;6;-4
3934;88;2024;;;;;;6102;2778;3323;22;13;9;22;8;14;0;5;-5
3935;88;2025;;;;;;6123;2802;3321;22;13;9;23;8;15;-1;5;-6
3936;88;2026;;;;;;6494;3003;3491;22;13;9;24;9;15;-2;4;-6
3937;88;2027;;;;;;6621;3064;3557;22;13;9;25;9;16;-3;4;-7
3938;88;2028;;;;;;6856;3206;3651;21;12;9;27;10;16;-6;2;-7
3939;88;2029;;;;;;6683;3154;3529;21;12;9;27;10;16;-6;2;-7
3940;88;2030;;;;;;6983;3310;3673;21;12;9;28;10;17;-7;2;-8
3941;88;2031;;;;;;7550;3585;3965;21;12;9;28;11;17;-7;1;-8
3942;88;2032;;;;;;7932;3768;4163;21;12;9;30;12;18;-9;0;-9
3943;88;2033;;;;;;7559;3601;3959;21;12;9;32;13;19;-11;-1;-10
3944;88;2034;;;;;;10495;5026;5468;21;12;9;37;15;23;-16;-3;-14
3945;88;2035;;;;;;10138;4842;5296;21;12;9;38;14;24;-17;-2;-15
3946;88;2036;;;;;;9587;4611;4976;21;12;9;37;14;24;-16;-2;-15
3947;88;2037;;;;;;9274;4459;4816;21;12;9;37;14;24;-16;-2;-15
3948;88;2038;;;;;;9104;4380;4724;21;12;9;38;14;24;-17;-2;-15
3949;88;2039;;;;;;9048;4363;4686;21;12;9;38;14;24;-17;-2;-15
3950;88;2040;;;;;;9321;4498;4823;21;12;9;40;15;25;-19;-3;-16
3951;88;2041;;;;;;9267;4471;4796;20;11;9;42;16;26;-22;-5;-17
3952;88;2042;;;;;;9363;4525;4838;20;11;9;42;16;27;-22;-5;-18
3953;88;2043;;;;;;9459;4554;4905;20;11;9;43;16;27;-23;-5;-18
3954;88;2044;;;;;;9633;4668;4965;19;11;8;44;17;28;-25;-6;-20
3955;88;2045;;;;;;9765;4729;5036;19;11;8;45;17;28;-26;-6;-20
3956;88;2046;;;;;;9910;4809;5101;19;11;8;46;17;29;-27;-6;-21
3957;88;2047;;;;;;10142;4923;5219;19;11;8;48;18;30;-29;-7;-22
3958;88;2048;;;;;;10140;4940;5199;19;11;8;48;17;30;-29;-6;-22
3959;88;2049;;;;;;10404;5066;5337;19;11;8;49;18;31;-30;-7;-23
3960;89;2006;;;;;;4026;1356;2670;10;5;5;13;3;10;-3;3;-5
3961;89;2007;;;;;;3918;1323;2596;10;5;5;12;3;10;-2;2;-5
3962;89;2008;;;;;;4186;1464;2722;10;5;5;13;3;10;-3;2;-5
3963;89;2009;;;;;;5015;1794;3221;12;7;5;16;4;12;-4;3;-7
3964;89;2010;;;;;;4995;1800;3195;13;7;6;17;4;13;-4;3;-7
3965;89;2011;;;;;;5037;1853;3185;13;7;6;17;4;13;-4;3;-7
3966;89;2012;;;;;;5220;1944;3276;14;8;6;17;4;13;-3;4;-7
3967;89;2013;;;;;;5167;1924;3243;14;8;6;17;4;13;-3;4;-7
3968;89;2014;;;;;;5140;1975;3165;13;7;6;18;4;13;-5;3;-7
3969;89;2015;;;;;;5219;2048;3172;13;7;6;17;4;13;-4;3;-7
3970;89;2016;;;;;;5216;2080;3136;13;7;6;16;4;12;-3;3;-6
3971;89;2017;;;;;;5433;2190;3243;13;7;6;18;5;13;-5;2;-7
3972;89;2018;;;;;;5463;2237;3226;13;7;6;17;5;13;-4;2;-7
3973;89;2019;;;;;;5710;2376;3335;13;7;6;18;5;13;-5;2;-7
3974;89;2020;;;;;;5668;2390;3278;13;7;6;18;5;13;-5;2;-7
3975;89;2021;;;;;;5801;2480;3321;13;7;6;18;5;13;-5;2;-7
3976;89;2022;;;;;;5688;2464;3224;13;7;6;19;6;13;-6;1;-7
3977;89;2023;;;;;;5801;2540;3261;13;7;6;19;6;13;-6;1;-7
3978;89;2024;;;;;;5874;2610;3264;12;7;5;21;7;14;-9;0;-9
3979;89;2025;;;;;;6008;2699;3309;12;7;5;21;7;14;-9;0;-9
3980;89;2026;;;;;;6039;2729;3310;12;7;5;21;8;14;-9;-1;-9
3981;89;2027;;;;;;6416;2934;3482;12;7;5;23;8;15;-11;-1;-10
3982;89;2028;;;;;;6553;3003;3551;12;7;5;24;9;15;-12;-2;-10
3983;89;2029;;;;;;6797;3151;3647;12;7;5;25;9;16;-13;-2;-11
3984;89;2030;;;;;;6637;3109;3528;12;7;5;25;9;16;-13;-2;-11
3985;89;2031;;;;;;6947;3272;3675;12;7;5;26;10;16;-14;-3;-11
3986;89;2032;;;;;;7523;3553;3970;12;7;5;27;10;16;-15;-3;-11
3987;89;2033;;;;;;7916;3744;4172;12;7;5;28;11;17;-16;-4;-12
3988;89;2034;;;;;;7556;3586;3970;11;6;5;30;12;18;-19;-6;-13
3989;89;2035;;;;;;10506;5017;5488;11;6;5;35;13;22;-24;-7;-17
3990;89;2036;;;;;;10162;4843;5319;11;6;5;36;13;23;-25;-7;-18
3991;89;2037;;;;;;9621;4619;5001;11;6;5;35;13;22;-24;-7;-17
3992;89;2038;;;;;;9317;4473;4844;11;6;5;35;13;22;-24;-7;-17
3993;89;2039;;;;;;9154;4399;4755;11;6;5;35;13;22;-24;-7;-17
3994;89;2040;;;;;;9105;4386;4719;11;6;5;36;14;23;-25;-8;-18
3995;89;2041;;;;;;9386;4526;4860;11;6;5;38;15;23;-27;-9;-18
3996;89;2042;;;;;;9337;4501;4837;11;6;5;40;15;24;-29;-9;-19
3997;89;2043;;;;;;9440;4558;4882;11;6;5;40;15;25;-29;-9;-20
3998;89;2044;;;;;;9541;4589;4952;11;6;5;41;15;25;-30;-9;-20
3999;89;2045;;;;;;9721;4706;5015;11;6;5;42;16;26;-31;-10;-21
4000;89;2046;;;;;;9858;4768;5090;11;6;5;43;16;27;-32;-10;-22
4001;89;2047;;;;;;10008;4850;5159;11;6;5;44;16;28;-33;-10;-23
4002;89;2048;;;;;;10246;4965;5281;11;6;5;46;17;29;-35;-11;-24
4003;89;2049;;;;;;10248;4983;5264;11;6;5;45;17;29;-34;-11;-24
4004;90;2006;;;;;;3741;1162;2579;6;3;3;17;3;13;-11;0;-10
4005;90;2007;;;;;;3827;1222;2605;6;3;3;16;3;13;-10;0;-10
4006;90;2008;;;;;;3736;1199;2536;8;3;5;15;3;12;-7;0;-7
4007;90;2009;;;;;;3993;1331;2662;9;4;5;16;3;13;-7;1;-8
4008;90;2010;;;;;;4790;1635;3155;9;4;5;19;4;15;-10;0;-10
4009;90;2011;;;;;;4776;1644;3132;9;4;5;19;4;15;-10;0;-10
4010;90;2012;;;;;;4817;1696;3122;9;4;5;19;4;15;-10;0;-10
4011;90;2013;;;;;;4998;1784;3214;9;4;5;19;4;15;-10;0;-10
4012;90;2014;;;;;;4953;1768;3185;9;4;5;19;4;15;-10;0;-10
4013;90;2015;;;;;;4931;1819;3112;9;4;5;19;4;15;-10;0;-10
4014;90;2016;;;;;;5011;1890;3121;9;4;5;19;4;14;-10;0;-9
4015;90;2017;;;;;;5007;1918;3089;9;4;5;18;4;14;-9;0;-9
4016;90;2018;;;;;;5222;2024;3198;9;4;5;20;5;15;-11;-1;-10
4017;90;2019;;;;;;5257;2073;3184;9;4;5;19;5;14;-10;-1;-9
4018;90;2020;;;;;;5501;2207;3294;9;4;5;20;5;15;-11;-1;-10
4019;90;2021;;;;;;5468;2227;3241;9;4;5;20;5;15;-11;-1;-10
4020;90;2022;;;;;;5603;2317;3286;9;4;5;20;6;15;-11;-2;-10
4021;90;2023;;;;;;5501;2309;3193;9;4;5;20;6;14;-11;-2;-9
4022;90;2024;;;;;;5619;2387;3232;9;4;5;21;6;15;-12;-2;-10
4023;90;2025;;;;;;5698;2460;3238;9;4;5;22;7;15;-13;-3;-10
4024;90;2026;;;;;;5838;2551;3286;9;4;5;22;7;15;-13;-3;-10
4025;90;2027;;;;;;5878;2588;3290;9;4;5;23;8;15;-14;-4;-10
4026;90;2028;;;;;;6255;2791;3464;9;4;5;24;8;16;-15;-4;-11
4027;90;2029;;;;;;6400;2865;3535;9;4;5;25;9;16;-16;-5;-11
4028;90;2030;;;;;;6649;3015;3634;9;4;5;26;9;16;-17;-5;-11
4029;90;2031;;;;;;6502;2983;3518;9;4;5;26;10;16;-17;-6;-11
4030;90;2032;;;;;;6817;3148;3668;9;4;5;26;10;17;-17;-6;-12
4031;90;2033;;;;;;7394;3427;3967;9;4;5;27;11;17;-18;-7;-12
4032;90;2034;;;;;;7793;3621;4172;9;4;5;29;11;18;-20;-7;-13
4033;90;2035;;;;;;7449;3475;3973;9;4;5;30;12;18;-21;-8;-13
4034;90;2036;;;;;;10370;4872;5498;9;4;5;36;14;22;-27;-10;-17
4035;90;2037;;;;;;10043;4710;5333;9;4;5;36;13;22;-27;-9;-17
4036;90;2038;;;;;;9517;4499;5018;8;3;5;35;13;22;-27;-10;-17
4037;90;2039;;;;;;9224;4361;4863;8;3;5;35;13;22;-27;-10;-17
4038;90;2040;;;;;;9071;4294;4777;7;3;4;35;13;21;-28;-10;-17
4039;90;2041;;;;;;9029;4284;4745;7;3;4;36;14;22;-29;-11;-18
4040;90;2042;;;;;;9313;4423;4890;7;3;4;38;15;23;-31;-12;-19
4041;90;2043;;;;;;9271;4401;4870;7;3;4;39;15;23;-32;-12;-19
4042;90;2044;;;;;;9377;4458;4919;7;3;4;40;16;24;-33;-13;-20
4043;90;2045;;;;;;9483;4491;4992;7;3;4;40;16;24;-33;-13;-20
4044;90;2046;;;;;;9666;4606;5059;7;3;4;41;16;25;-34;-13;-21
4045;90;2047;;;;;;9806;4668;5138;7;3;4;41;16;25;-34;-13;-21
4046;90;2048;;;;;;9960;4749;5211;7;3;4;43;16;26;-36;-13;-22
4047;90;2049;;;;;;10201;4864;5337;7;3;4;44;17;27;-37;-14;-23
4048;91;2006;;;;;;3405;999;2406;0;0;0;0;0;0;0;0;0
4049;91;2007;;;;;;3445;1014;2431;0;0;0;0;0;0;0;0;0
4050;91;2008;;;;;;3532;1072;2460;0;0;0;0;0;0;0;0;0
4051;91;2009;;;;;;3452;1054;2398;0;0;0;0;0;0;0;0;0
4052;91;2010;;;;;;3692;1171;2521;0;0;0;0;0;0;0;0;0
4053;91;2011;;;;;;4432;1440;2992;0;0;0;0;0;0;0;0;0
4054;91;2012;;;;;;4421;1450;2970;0;0;0;0;0;0;0;0;0
4055;91;2013;;;;;;4462;1498;2964;0;0;0;0;0;0;0;0;0
4056;91;2014;;;;;;4633;1578;3055;0;0;0;0;0;0;0;0;0
4057;91;2015;;;;;;4598;1567;3031;0;0;0;0;0;0;0;0;0
4058;91;2016;;;;;;4579;1614;2965;0;0;0;0;0;0;0;0;0
4059;91;2017;;;;;;4651;1674;2978;0;0;0;0;0;0;0;0;0
4060;91;2018;;;;;;4652;1702;2950;0;0;0;0;0;0;0;0;0
4061;91;2019;;;;;;4858;1799;3058;0;0;0;0;0;0;0;0;0
4062;91;2020;;;;;;4894;1846;3048;0;0;0;0;0;0;0;0;0
4063;91;2021;;;;;;5127;1969;3157;0;0;0;0;0;0;0;0;0
4064;91;2022;;;;;;5101;1991;3110;0;0;0;0;0;0;0;0;0
4065;91;2023;;;;;;5233;2076;3157;0;0;0;0;0;0;0;0;0
4066;91;2024;;;;;;5144;2073;3071;0;0;0;0;0;0;0;0;0
4067;91;2025;;;;;;5260;2147;3113;0;0;0;0;0;0;0;0;0
4068;91;2026;;;;;;5340;2218;3122;0;0;0;0;0;0;0;0;0
4069;91;2027;;;;;;5478;2306;3172;0;0;0;0;0;0;0;0;0
4070;91;2028;;;;;;5524;2344;3179;0;0;0;0;0;0;0;0;0
4071;91;2029;;;;;;5885;2533;3352;0;0;0;0;0;0;0;0;0
4072;91;2030;;;;;;6031;2606;3425;0;0;0;0;0;0;0;0;0
4073;91;2031;;;;;;6273;2749;3524;0;0;0;0;0;0;0;0;0
4074;91;2032;;;;;;6142;2726;3416;0;0;0;0;0;0;0;0;0
4075;91;2033;;;;;;6448;2883;3566;0;0;0;0;0;0;0;0;0
4076;91;2034;;;;;;7005;3144;3860;0;0;0;0;0;0;0;0;0
4077;91;2035;;;;;;7393;3329;4064;0;0;0;0;0;0;0;0;0
4078;91;2036;;;;;;7075;3200;3874;0;0;0;0;0;0;0;0;0
4079;91;2037;;;;;;9861;4494;5367;0;0;0;0;0;0;0;0;0
4080;91;2038;;;;;;9562;4351;5211;0;0;0;0;0;0;0;0;0
4081;91;2039;;;;;;9068;4161;4907;0;0;0;0;0;0;0;0;0
4082;91;2040;;;;;;8799;4039;4760;0;0;0;0;0;0;0;0;0
4083;91;2041;;;;;;8661;3980;4680;0;0;0;0;0;0;0;0;0
4084;91;2042;;;;;;8628;3975;4653;0;0;0;0;0;0;0;0;0
4085;91;2043;;;;;;8907;4108;4799;0;0;0;0;0;0;0;0;0
4086;91;2044;;;;;;8874;4091;4783;0;0;0;0;0;0;0;0;0
4087;91;2045;;;;;;8982;4148;4835;0;0;0;0;0;0;0;0;0
4088;91;2046;;;;;;9092;4181;4911;0;0;0;0;0;0;0;0;0
4089;91;2047;;;;;;9272;4291;4981;0;0;0;0;0;0;0;0;0
4090;91;2048;;;;;;9414;4352;5063;0;0;0;0;0;0;0;0;0
4091;91;2049;;;;;;9568;4430;5138;0;0;0;0;0;0;0;0;0
4092;92;2006;;;;;;3159;883;2275;0;0;0;0;0;0;0;0;0
4093;92;2007;;;;;;3066;853;2213;0;0;0;0;0;0;0;0;0
4094;92;2008;;;;;;3110;871;2240;0;0;0;0;0;0;0;0;0
4095;92;2009;;;;;;3191;922;2269;0;0;0;0;0;0;0;0;0
4096;92;2010;;;;;;3123;907;2216;0;0;0;0;0;0;0;0;0
4097;92;2011;;;;;;3341;1009;2332;0;0;0;0;0;0;0;0;0
4098;92;2012;;;;;;4011;1243;2768;0;0;0;0;0;0;0;0;0
4099;92;2013;;;;;;4004;1253;2752;0;0;0;0;0;0;0;0;0
4100;92;2014;;;;;;4045;1295;2749;0;0;0;0;0;0;0;0;0
4101;92;2015;;;;;;4203;1366;2838;0;0;0;0;0;0;0;0;0
4102;92;2016;;;;;;4176;1357;2819;0;0;0;0;0;0;0;0;0
4103;92;2017;;;;;;4156;1395;2761;0;0;0;0;0;0;0;0;0
4104;92;2018;;;;;;4226;1450;2776;0;0;0;0;0;0;0;0;0
4105;92;2019;;;;;;4231;1477;2754;0;0;0;0;0;0;0;0;0
4106;92;2020;;;;;;4422;1564;2858;0;0;0;0;0;0;0;0;0
4107;92;2021;;;;;;4460;1608;2852;0;0;0;0;0;0;0;0;0
4108;92;2022;;;;;;4677;1719;2958;0;0;0;0;0;0;0;0;0
4109;92;2023;;;;;;4658;1741;2917;0;0;0;0;0;0;0;0;0
4110;92;2024;;;;;;4785;1819;2965;0;0;0;0;0;0;0;0;0
4111;92;2025;;;;;;4709;1821;2888;0;0;0;0;0;0;0;0;0
4112;92;2026;;;;;;4822;1891;2931;0;0;0;0;0;0;0;0;0
4113;92;2027;;;;;;4901;1958;2943;0;0;0;0;0;0;0;0;0
4114;92;2028;;;;;;5034;2040;2994;0;0;0;0;0;0;0;0;0
4115;92;2029;;;;;;5083;2079;3004;0;0;0;0;0;0;0;0;0
4116;92;2030;;;;;;5422;2251;3171;0;0;0;0;0;0;0;0;0
4117;92;2031;;;;;;5565;2321;3244;0;0;0;0;0;0;0;0;0
4118;92;2032;;;;;;5796;2454;3342;0;0;0;0;0;0;0;0;0
4119;92;2033;;;;;;5682;2439;3243;0;0;0;0;0;0;0;0;0
4120;92;2034;;;;;;5974;2584;3389;0;0;0;0;0;0;0;0;0
4121;92;2035;;;;;;6498;2825;3674;0;0;0;0;0;0;0;0;0
4122;92;2036;;;;;;6867;2995;3872;0;0;0;0;0;0;0;0;0
4123;92;2037;;;;;;6579;2884;3695;0;0;0;0;0;0;0;0;0
4124;92;2038;;;;;;9180;4056;5124;0;0;0;0;0;0;0;0;0
4125;92;2039;;;;;;8912;3932;4980;0;0;0;0;0;0;0;0;0
4126;92;2040;;;;;;8459;3765;4694;0;0;0;0;0;0;0;0;0
4127;92;2041;;;;;;8216;3658;4558;0;0;0;0;0;0;0;0;0
4128;92;2042;;;;;;8094;3609;4485;0;0;0;0;0;0;0;0;0
4129;92;2043;;;;;;8070;3607;4463;0;0;0;0;0;0;0;0;0
4130;92;2044;;;;;;8339;3731;4608;0;0;0;0;0;0;0;0;0
4131;92;2045;;;;;;8314;3718;4596;0;0;0;0;0;0;0;0;0
4132;92;2046;;;;;;8422;3772;4650;0;0;0;0;0;0;0;0;0
4133;92;2047;;;;;;8532;3805;4727;0;0;0;0;0;0;0;0;0
4134;92;2048;;;;;;8707;3908;4799;0;0;0;0;0;0;0;0;0
4135;92;2049;;;;;;8847;3966;4881;0;0;0;0;0;0;0;0;0
4136;93;2006;;;;;;2659;693;1965;0;0;0;0;0;0;0;0;0
4137;93;2007;;;;;;2757;731;2025;0;0;0;0;0;0;0;0;0
4138;93;2008;;;;;;2683;710;1973;0;0;0;0;0;0;0;0;0
4139;93;2009;;;;;;2725;725;2000;0;0;0;0;0;0;0;0;0
4140;93;2010;;;;;;2798;768;2029;0;0;0;0;0;0;0;0;0
4141;93;2011;;;;;;2741;757;1984;0;0;0;0;0;0;0;0;0
4142;93;2012;;;;;;2931;842;2088;0;0;0;0;0;0;0;0;0
4143;93;2013;;;;;;3521;1038;2482;0;0;0;0;0;0;0;0;0
4144;93;2014;;;;;;3519;1048;2471;0;0;0;0;0;0;0;0;0
4145;93;2015;;;;;;3556;1084;2472;0;0;0;0;0;0;0;0;0
4146;93;2016;;;;;;3699;1144;2555;0;0;0;0;0;0;0;0;0
4147;93;2017;;;;;;3675;1134;2541;0;0;0;0;0;0;0;0;0
4148;93;2018;;;;;;3660;1168;2492;0;0;0;0;0;0;0;0;0
4149;93;2019;;;;;;3724;1215;2509;0;0;0;0;0;0;0;0;0
4150;93;2020;;;;;;3732;1240;2492;0;0;0;0;0;0;0;0;0
4151;93;2021;;;;;;3906;1316;2590;0;0;0;0;0;0;0;0;0
4152;93;2022;;;;;;3943;1355;2588;0;0;0;0;0;0;0;0;0
4153;93;2023;;;;;;4139;1452;2687;0;0;0;0;0;0;0;0;0
4154;93;2024;;;;;;4127;1474;2654;0;0;0;0;0;0;0;0;0
4155;93;2025;;;;;;4244;1544;2701;0;0;0;0;0;0;0;0;0
4156;93;2026;;;;;;4182;1548;2634;0;0;0;0;0;0;0;0;0
4157;93;2027;;;;;;4288;1612;2676;0;0;0;0;0;0;0;0;0
4158;93;2028;;;;;;4363;1673;2691;0;0;0;0;0;0;0;0;0
4159;93;2029;;;;;;4488;1747;2741;0;0;0;0;0;0;0;0;0
4160;93;2030;;;;;;4538;1784;2754;0;0;0;0;0;0;0;0;0
4161;93;2031;;;;;;4847;1937;2910;0;0;0;0;0;0;0;0;0
4162;93;2032;;;;;;4983;2002;2981;0;0;0;0;0;0;0;0;0
4163;93;2033;;;;;;5196;2121;3075;0;0;0;0;0;0;0;0;0
4164;93;2034;;;;;;5099;2112;2987;0;0;0;0;0;0;0;0;0
4165;93;2035;;;;;;5368;2243;3125;0;0;0;0;0;0;0;0;0
4166;93;2036;;;;;;5847;2456;3391;0;0;0;0;0;0;0;0;0
4167;93;2037;;;;;;6187;2608;3578;0;0;0;0;0;0;0;0;0
4168;93;2038;;;;;;5933;2515;3418;0;0;0;0;0;0;0;0;0
4169;93;2039;;;;;;8287;3542;4746;0;0;0;0;0;0;0;0;0
4170;93;2040;;;;;;8054;3437;4617;0;0;0;0;0;0;0;0;0
4171;93;2041;;;;;;7651;3294;4356;0;0;0;0;0;0;0;0;0
4172;93;2042;;;;;;7438;3204;4234;0;0;0;0;0;0;0;0;0
4173;93;2043;;;;;;7334;3163;4170;0;0;0;0;0;0;0;0;0
4174;93;2044;;;;;;7318;3165;4153;0;0;0;0;0;0;0;0;0
4175;93;2045;;;;;;7567;3275;4292;0;0;0;0;0;0;0;0;0
4176;93;2046;;;;;;7552;3267;4285;0;0;0;0;0;0;0;0;0
4177;93;2047;;;;;;7656;3316;4339;0;0;0;0;0;0;0;0;0
4178;93;2048;;;;;;7763;3347;4415;0;0;0;0;0;0;0;0;0
4179;93;2049;;;;;;7926;3440;4486;0;0;0;0;0;0;0;0;0
4180;94;2006;;;;;;2206;534;1672;0;0;0;0;0;0;0;0;0
4181;94;2007;;;;;;2287;565;1722;0;0;0;0;0;0;0;0;0
4182;94;2008;;;;;;2377;599;1778;0;0;0;0;0;0;0;0;0
4183;94;2009;;;;;;2316;581;1735;0;0;0;0;0;0;0;0;0
4184;94;2010;;;;;;2355;594;1761;0;0;0;0;0;0;0;0;0
4185;94;2011;;;;;;2419;630;1789;0;0;0;0;0;0;0;0;0
4186;94;2012;;;;;;2370;621;1749;0;0;0;0;0;0;0;0;0
4187;94;2013;;;;;;2535;691;1844;0;0;0;0;0;0;0;0;0
4188;94;2014;;;;;;3048;853;2195;0;0;0;0;0;0;0;0;0
4189;94;2015;;;;;;3049;861;2188;0;0;0;0;0;0;0;0;0
4190;94;2016;;;;;;3083;891;2192;0;0;0;0;0;0;0;0;0
4191;94;2017;;;;;;3206;938;2268;0;0;0;0;0;0;0;0;0
4192;94;2018;;;;;;3190;931;2259;0;0;0;0;0;0;0;0;0
4193;94;2019;;;;;;3179;960;2219;0;0;0;0;0;0;0;0;0
4194;94;2020;;;;;;3237;1001;2236;0;0;0;0;0;0;0;0;0
4195;94;2021;;;;;;3247;1023;2224;0;0;0;0;0;0;0;0;0
4196;94;2022;;;;;;3402;1088;2314;0;0;0;0;0;0;0;0;0
4197;94;2023;;;;;;3438;1123;2315;0;0;0;0;0;0;0;0;0
4198;94;2024;;;;;;3613;1205;2408;0;0;0;0;0;0;0;0;0
4199;94;2025;;;;;;3607;1227;2380;0;0;0;0;0;0;0;0;0
4200;94;2026;;;;;;3713;1288;2426;0;0;0;0;0;0;0;0;0
4201;94;2027;;;;;;3663;1295;2369;0;0;0;0;0;0;0;0;0
4202;94;2028;;;;;;3761;1351;2410;0;0;0;0;0;0;0;0;0
4203;94;2029;;;;;;3832;1405;2426;0;0;0;0;0;0;0;0;0
4204;94;2030;;;;;;3946;1471;2474;0;0;0;0;0;0;0;0;0
4205;94;2031;;;;;;3996;1506;2489;0;0;0;0;0;0;0;0;0
4206;94;2032;;;;;;4273;1639;2634;0;0;0;0;0;0;0;0;0
4207;94;2033;;;;;;4399;1698;2701;0;0;0;0;0;0;0;0;0
4208;94;2034;;;;;;4592;1803;2790;0;0;0;0;0;0;0;0;0
4209;94;2035;;;;;;4512;1799;2713;0;0;0;0;0;0;0;0;0
4210;94;2036;;;;;;4755;1913;2842;0;0;0;0;0;0;0;0;0
4211;94;2037;;;;;;5186;2098;3088;0;0;0;0;0;0;0;0;0
4212;94;2038;;;;;;5493;2231;3262;0;0;0;0;0;0;0;0;0
4213;94;2039;;;;;;5273;2154;3119;0;0;0;0;0;0;0;0;0
4214;94;2040;;;;;;7372;3037;4335;0;0;0;0;0;0;0;0;0
4215;94;2041;;;;;;7172;2951;4222;0;0;0;0;0;0;0;0;0
4216;94;2042;;;;;;6818;2831;3987;0;0;0;0;0;0;0;0;0
4217;94;2043;;;;;;6634;2755;3879;0;0;0;0;0;0;0;0;0
4218;94;2044;;;;;;6547;2722;3824;0;0;0;0;0;0;0;0;0
4219;94;2045;;;;;;6538;2725;3812;0;0;0;0;0;0;0;0;0
4220;94;2046;;;;;;6766;2823;3943;0;0;0;0;0;0;0;0;0
4221;94;2047;;;;;;6757;2817;3941;0;0;0;0;0;0;0;0;0
4222;94;2048;;;;;;6856;2861;3994;0;0;0;0;0;0;0;0;0
4223;94;2049;;;;;;6958;2890;4068;0;0;0;0;0;0;0;0;0
4224;95;2006;;;;;;1693;388;1305;0;0;0;0;0;0;0;0;0
4225;95;2007;;;;;;1817;415;1402;0;0;0;0;0;0;0;0;0
4226;95;2008;;;;;;1888;441;1447;0;0;0;0;0;0;0;0;0
4227;95;2009;;;;;;1964;467;1496;0;0;0;0;0;0;0;0;0
4228;95;2010;;;;;;1916;454;1462;0;0;0;0;0;0;0;0;0
4229;95;2011;;;;;;1950;464;1486;0;0;0;0;0;0;0;0;0
4230;95;2012;;;;;;2002;492;1510;0;0;0;0;0;0;0;0;0
4231;95;2013;;;;;;1963;485;1478;0;0;0;0;0;0;0;0;0
4232;95;2014;;;;;;2100;540;1560;0;0;0;0;0;0;0;0;0
4233;95;2015;;;;;;2526;666;1860;0;0;0;0;0;0;0;0;0
4234;95;2016;;;;;;2529;673;1856;0;0;0;0;0;0;0;0;0
4235;95;2017;;;;;;2556;694;1862;0;0;0;0;0;0;0;0;0
4236;95;2018;;;;;;2661;732;1929;0;0;0;0;0;0;0;0;0
4237;95;2019;;;;;;2652;728;1924;0;0;0;0;0;0;0;0;0
4238;95;2020;;;;;;2643;751;1892;0;0;0;0;0;0;0;0;0
4239;95;2021;;;;;;2694;785;1910;0;0;0;0;0;0;0;0;0
4240;95;2022;;;;;;2705;804;1902;0;0;0;0;0;0;0;0;0
4241;95;2023;;;;;;2838;856;1981;0;0;0;0;0;0;0;0;0
4242;95;2024;;;;;;2871;886;1985;0;0;0;0;0;0;0;0;0
4243;95;2025;;;;;;3020;953;2067;0;0;0;0;0;0;0;0;0
4244;95;2026;;;;;;3018;972;2046;0;0;0;0;0;0;0;0;0
4245;95;2027;;;;;;3111;1023;2088;0;0;0;0;0;0;0;0;0
4246;95;2028;;;;;;3072;1031;2041;0;0;0;0;0;0;0;0;0
4247;95;2029;;;;;;3158;1079;2079;0;0;0;0;0;0;0;0;0
4248;95;2030;;;;;;3221;1125;2096;0;0;0;0;0;0;0;0;0
4249;95;2031;;;;;;3321;1181;2140;0;0;0;0;0;0;0;0;0
4250;95;2032;;;;;;3367;1212;2156;0;0;0;0;0;0;0;0;0
4251;95;2033;;;;;;3605;1321;2284;0;0;0;0;0;0;0;0;0
4252;95;2034;;;;;;3717;1372;2345;0;0;0;0;0;0;0;0;0
4253;95;2035;;;;;;3884;1459;2425;0;0;0;0;0;0;0;0;0
4254;95;2036;;;;;;3819;1458;2361;0;0;0;0;0;0;0;0;0
4255;95;2037;;;;;;4030;1553;2476;0;0;0;0;0;0;0;0;0
4256;95;2038;;;;;;4399;1706;2693;0;0;0;0;0;0;0;0;0
4257;95;2039;;;;;;4664;1816;2848;0;0;0;0;0;0;0;0;0
4258;95;2040;;;;;;4481;1755;2726;0;0;0;0;0;0;0;0;0
4259;95;2041;;;;;;6271;2478;3793;0;0;0;0;0;0;0;0;0
4260;95;2042;;;;;;6107;2409;3698;0;0;0;0;0;0;0;0;0
4261;95;2043;;;;;;5809;2313;3496;0;0;0;0;0;0;0;0;0
4262;95;2044;;;;;;5657;2252;3404;0;0;0;0;0;0;0;0;0
4263;95;2045;;;;;;5587;2227;3360;0;0;0;0;0;0;0;0;0
4264;95;2046;;;;;;5583;2231;3353;0;0;0;0;0;0;0;0;0
4265;95;2047;;;;;;5783;2312;3471;0;0;0;0;0;0;0;0;0
4266;95;2048;;;;;;5780;2308;3472;0;0;0;0;0;0;0;0;0
4267;95;2049;;;;;;5869;2346;3523;0;0;0;0;0;0;0;0;0
4268;96;2006;;;;;;1352;292;1060;0;0;0;0;0;0;0;0;0
4269;96;2007;;;;;;1373;299;1075;0;0;0;0;0;0;0;0;0
4270;96;2008;;;;;;1478;321;1157;0;0;0;0;0;0;0;0;0
4271;96;2009;;;;;;1536;341;1196;0;0;0;0;0;0;0;0;0
4272;96;2010;;;;;;1599;361;1238;0;0;0;0;0;0;0;0;0
4273;96;2011;;;;;;1562;351;1211;0;0;0;0;0;0;0;0;0
4274;96;2012;;;;;;1589;358;1231;0;0;0;0;0;0;0;0;0
4275;96;2013;;;;;;1632;380;1252;0;0;0;0;0;0;0;0;0
4276;96;2014;;;;;;1602;374;1228;0;0;0;0;0;0;0;0;0
4277;96;2015;;;;;;1715;417;1298;0;0;0;0;0;0;0;0;0
4278;96;2016;;;;;;2063;514;1549;0;0;0;0;0;0;0;0;0
4279;96;2017;;;;;;2066;518;1548;0;0;0;0;0;0;0;0;0
4280;96;2018;;;;;;2090;535;1555;0;0;0;0;0;0;0;0;0
4281;96;2019;;;;;;2178;565;1613;0;0;0;0;0;0;0;0;0
4282;96;2020;;;;;;2173;562;1611;0;0;0;0;0;0;0;0;0
4283;96;2021;;;;;;2168;582;1586;0;0;0;0;0;0;0;0;0
4284;96;2022;;;;;;2211;608;1603;0;0;0;0;0;0;0;0;0
4285;96;2023;;;;;;2223;624;1598;0;0;0;0;0;0;0;0;0
4286;96;2024;;;;;;2334;667;1668;0;0;0;0;0;0;0;0;0
4287;96;2025;;;;;;2364;691;1672;0;0;0;0;0;0;0;0;0
4288;96;2026;;;;;;2490;746;1744;0;0;0;0;0;0;0;0;0
4289;96;2027;;;;;;2491;762;1729;0;0;0;0;0;0;0;0;0
4290;96;2028;;;;;;2570;804;1766;0;0;0;0;0;0;0;0;0
4291;96;2029;;;;;;2541;813;1729;0;0;0;0;0;0;0;0;0
4292;96;2030;;;;;;2616;852;1763;0;0;0;0;0;0;0;0;0
4293;96;2031;;;;;;2671;891;1780;0;0;0;0;0;0;0;0;0
4294;96;2032;;;;;;2757;937;1820;0;0;0;0;0;0;0;0;0
4295;96;2033;;;;;;2799;964;1835;0;0;0;0;0;0;0;0;0
4296;96;2034;;;;;;3000;1053;1946;0;0;0;0;0;0;0;0;0
4297;96;2035;;;;;;3096;1095;2001;0;0;0;0;0;0;0;0;0
4298;96;2036;;;;;;3239;1167;2071;0;0;0;0;0;0;0;0;0
4299;96;2037;;;;;;3187;1168;2019;0;0;0;0;0;0;0;0;0
4300;96;2038;;;;;;3366;1246;2120;0;0;0;0;0;0;0;0;0
4301;96;2039;;;;;;3678;1370;2308;0;0;0;0;0;0;0;0;0
4302;96;2040;;;;;;3903;1460;2443;0;0;0;0;0;0;0;0;0
4303;96;2041;;;;;;3754;1412;2341;0;0;0;0;0;0;0;0;0
4304;96;2042;;;;;;5257;1995;3262;0;0;0;0;0;0;0;0;0
4305;96;2043;;;;;;5124;1941;3183;0;0;0;0;0;0;0;0;0
4306;96;2044;;;;;;4877;1865;3012;0;0;0;0;0;0;0;0;0
4307;96;2045;;;;;;4753;1817;2936;0;0;0;0;0;0;0;0;0
4308;96;2046;;;;;;4698;1798;2900;0;0;0;0;0;0;0;0;0
4309;96;2047;;;;;;4698;1802;2897;0;0;0;0;0;0;0;0;0
4310;96;2048;;;;;;4870;1868;3002;0;0;0;0;0;0;0;0;0
4311;96;2049;;;;;;4872;1866;3006;0;0;0;0;0;0;0;0;0
4312;97;2006;;;;;;1061;200;861;0;0;0;0;0;0;0;0;0
4313;97;2007;;;;;;1076;214;862;0;0;0;0;0;0;0;0;0
4314;97;2008;;;;;;1095;219;876;0;0;0;0;0;0;0;0;0
4315;97;2009;;;;;;1179;235;944;0;0;0;0;0;0;0;0;0
4316;97;2010;;;;;;1227;250;977;0;0;0;0;0;0;0;0;0
4317;97;2011;;;;;;1278;265;1013;0;0;0;0;0;0;0;0;0
4318;97;2012;;;;;;1248;257;991;0;0;0;0;0;0;0;0;0
4319;97;2013;;;;;;1271;263;1008;0;0;0;0;0;0;0;0;0
4320;97;2014;;;;;;1306;278;1027;0;0;0;0;0;0;0;0;0
4321;97;2015;;;;;;1282;274;1008;0;0;0;0;0;0;0;0;0
4322;97;2016;;;;;;1372;305;1067;0;0;0;0;0;0;0;0;0
4323;97;2017;;;;;;1651;375;1276;0;0;0;0;0;0;0;0;0
4324;97;2018;;;;;;1655;378;1277;0;0;0;0;0;0;0;0;0
4325;97;2019;;;;;;1675;391;1284;0;0;0;0;0;0;0;0;0
4326;97;2020;;;;;;1747;413;1334;0;0;0;0;0;0;0;0;0
4327;97;2021;;;;;;1746;412;1334;0;0;0;0;0;0;0;0;0
4328;97;2022;;;;;;1742;427;1315;0;0;0;0;0;0;0;0;0
4329;97;2023;;;;;;1779;448;1331;0;0;0;0;0;0;0;0;0
4330;97;2024;;;;;;1789;461;1329;0;0;0;0;0;0;0;0;0
4331;97;2025;;;;;;1881;493;1388;0;0;0;0;0;0;0;0;0
4332;97;2026;;;;;;1906;512;1394;0;0;0;0;0;0;0;0;0
4333;97;2027;;;;;;2009;554;1455;0;0;0;0;0;0;0;0;0
4334;97;2028;;;;;;2012;568;1444;0;0;0;0;0;0;0;0;0
4335;97;2029;;;;;;2078;601;1477;0;0;0;0;0;0;0;0;0
4336;97;2030;;;;;;2056;608;1448;0;0;0;0;0;0;0;0;0
4337;97;2031;;;;;;2119;640;1479;0;0;0;0;0;0;0;0;0
4338;97;2032;;;;;;2165;670;1494;0;0;0;0;0;0;0;0;0
4339;97;2033;;;;;;2236;706;1530;0;0;0;0;0;0;0;0;0
4340;97;2034;;;;;;2273;728;1545;0;0;0;0;0;0;0;0;0
4341;97;2035;;;;;;2438;797;1640;0;0;0;0;0;0;0;0;0
4342;97;2036;;;;;;2519;830;1688;0;0;0;0;0;0;0;0;0
4343;97;2037;;;;;;2636;886;1750;0;0;0;0;0;0;0;0;0
4344;97;2038;;;;;;2595;888;1708;0;0;0;0;0;0;0;0;0
4345;97;2039;;;;;;2743;948;1795;0;0;0;0;0;0;0;0;0
4346;97;2040;;;;;;3000;1043;1956;0;0;0;0;0;0;0;0;0
4347;97;2041;;;;;;3186;1113;2073;0;0;0;0;0;0;0;0;0
4348;97;2042;;;;;;3066;1077;1988;0;0;0;0;0;0;0;0;0
4349;97;2043;;;;;;4296;1523;2773;0;0;0;0;0;0;0;0;0
4350;97;2044;;;;;;4192;1483;2709;0;0;0;0;0;0;0;0;0
4351;97;2045;;;;;;3991;1425;2566;0;0;0;0;0;0;0;0;0
4352;97;2046;;;;;;3893;1390;2504;0;0;0;0;0;0;0;0;0
4353;97;2047;;;;;;3851;1375;2476;0;0;0;0;0;0;0;0;0
4354;97;2048;;;;;;3854;1379;2475;0;0;0;0;0;0;0;0;0
4355;97;2049;;;;;;3998;1431;2568;0;0;0;0;0;0;0;0;0
4356;98;2006;;;;;;788;149;639;0;0;0;0;0;0;0;0;0
4357;98;2007;;;;;;810;142;668;0;0;0;0;0;0;0;0;0
4358;98;2008;;;;;;822;152;670;0;0;0;0;0;0;0;0;0
4359;98;2009;;;;;;838;156;682;0;0;0;0;0;0;0;0;0
4360;98;2010;;;;;;903;168;736;0;0;0;0;0;0;0;0;0
4361;98;2011;;;;;;940;178;763;0;0;0;0;0;0;0;0;0
4362;98;2012;;;;;;979;188;791;0;0;0;0;0;0;0;0;0
4363;98;2013;;;;;;957;183;774;0;0;0;0;0;0;0;0;0
4364;98;2014;;;;;;976;186;789;0;0;0;0;0;0;0;0;0
4365;98;2015;;;;;;1002;197;805;0;0;0;0;0;0;0;0;0
4366;98;2016;;;;;;985;194;791;0;0;0;0;0;0;0;0;0
4367;98;2017;;;;;;1054;215;839;0;0;0;0;0;0;0;0;0
4368;98;2018;;;;;;1269;265;1004;0;0;0;0;0;0;0;0;0
4369;98;2019;;;;;;1274;267;1006;0;0;0;0;0;0;0;0;0
4370;98;2020;;;;;;1290;277;1013;0;0;0;0;0;0;0;0;0
4371;98;2021;;;;;;1347;293;1054;0;0;0;0;0;0;0;0;0
4372;98;2022;;;;;;1348;293;1055;0;0;0;0;0;0;0;0;0
4373;98;2023;;;;;;1346;304;1042;0;0;0;0;0;0;0;0;0
4374;98;2024;;;;;;1375;320;1056;0;0;0;0;0;0;0;0;0
4375;98;2025;;;;;;1385;330;1055;0;0;0;0;0;0;0;0;0
4376;98;2026;;;;;;1458;354;1104;0;0;0;0;0;0;0;0;0
4377;98;2027;;;;;;1479;369;1110;0;0;0;0;0;0;0;0;0
4378;98;2028;;;;;;1560;400;1160;0;0;0;0;0;0;0;0;0
4379;98;2029;;;;;;1564;411;1153;0;0;0;0;0;0;0;0;0
4380;98;2030;;;;;;1617;436;1181;0;0;0;0;0;0;0;0;0
4381;98;2031;;;;;;1601;442;1159;0;0;0;0;0;0;0;0;0
4382;98;2032;;;;;;1651;466;1185;0;0;0;0;0;0;0;0;0
4383;98;2033;;;;;;1689;489;1199;0;0;0;0;0;0;0;0;0
4384;98;2034;;;;;;1746;517;1229;0;0;0;0;0;0;0;0;0
4385;98;2035;;;;;;1776;534;1242;0;0;0;0;0;0;0;0;0
4386;98;2036;;;;;;1907;586;1321;0;0;0;0;0;0;0;0;0
4387;98;2037;;;;;;1972;611;1361;0;0;0;0;0;0;0;0;0
4388;98;2038;;;;;;2065;652;1412;0;0;0;0;0;0;0;0;0
4389;98;2039;;;;;;2034;654;1380;0;0;0;0;0;0;0;0;0
4390;98;2040;;;;;;2151;699;1452;0;0;0;0;0;0;0;0;0
4391;98;2041;;;;;;2354;770;1584;0;0;0;0;0;0;0;0;0
4392;98;2042;;;;;;2503;822;1681;0;0;0;0;0;0;0;0;0
4393;98;2043;;;;;;2410;797;1614;0;0;0;0;0;0;0;0;0
4394;98;2044;;;;;;3380;1127;2253;0;0;0;0;0;0;0;0;0
4395;98;2045;;;;;;3301;1097;2203;0;0;0;0;0;0;0;0;0
4396;98;2046;;;;;;3144;1055;2089;0;0;0;0;0;0;0;0;0
4397;98;2047;;;;;;3070;1029;2040;0;0;0;0;0;0;0;0;0
4398;98;2048;;;;;;3039;1019;2020;0;0;0;0;0;0;0;0;0
4399;98;2049;;;;;;3044;1023;2021;0;0;0;0;0;0;0;0;0
4400;99;2006;;;;;;1359;219;1140;0;0;0;0;0;0;0;0;0
4401;99;2007;;;;;;1444;233;1210;0;0;0;0;0;0;0;0;0
4402;99;2008;;;;;;1518;238;1280;0;0;0;0;0;0;0;0;0
4403;99;2009;;;;;;1575;247;1328;0;0;0;0;0;0;0;0;0
4404;99;2010;;;;;;1625;255;1370;0;0;0;0;0;0;0;0;0
4405;99;2011;;;;;;1706;267;1439;0;0;0;0;0;0;0;0;0
4406;99;2012;;;;;;1785;281;1503;0;0;0;0;0;0;0;0;0
4407;99;2013;;;;;;1864;296;1568;0;0;0;0;0;0;0;0;0
4408;99;2014;;;;;;1901;301;1600;0;0;0;0;0;0;0;0;0
4409;99;2015;;;;;;1941;306;1634;0;0;0;0;0;0;0;0;0
4410;99;2016;;;;;;1987;316;1671;0;0;0;0;0;0;0;0;0
4411;99;2017;;;;;;2005;319;1686;0;0;0;0;0;0;0;0;0
4412;99;2018;;;;;;2069;335;1734;0;0;0;0;0;0;0;0;0
4413;99;2019;;;;;;2270;378;1891;0;0;0;0;0;0;0;0;0
4414;99;2020;;;;;;2405;406;1999;0;0;0;0;0;0;0;0;0
4415;99;2021;;;;;;2507;430;2077;0;0;0;0;0;0;0;0;0
4416;99;2022;;;;;;2619;456;2162;0;0;0;0;0;0;0;0;0
4417;99;2023;;;;;;2695;473;2222;0;0;0;0;0;0;0;0;0
4418;99;2024;;;;;;2745;492;2254;0;0;0;0;0;0;0;0;0
4419;99;2025;;;;;;2803;515;2288;0;0;0;0;0;0;0;0;0
4420;99;2026;;;;;;2850;537;2313;0;0;0;0;0;0;0;0;0
4421;99;2027;;;;;;2937;568;2369;0;0;0;0;0;0;0;0;0
4422;99;2028;;;;;;3012;598;2414;0;0;0;0;0;0;0;0;0
4423;99;2029;;;;;;3125;640;2485;0;0;0;0;0;0;0;0;0
4424;99;2030;;;;;;3204;675;2529;0;0;0;0;0;0;0;0;0
4425;99;2031;;;;;;3298;715;2583;0;0;0;0;0;0;0;0;0
4426;99;2032;;;;;;3351;746;2605;0;0;0;0;0;0;0;0;0
4427;99;2033;;;;;;3425;783;2642;0;0;0;0;0;0;0;0;0
4428;99;2034;;;;;;3505;824;2681;0;0;0;0;0;0;0;0;0
4429;99;2035;;;;;;3602;870;2732;0;0;0;0;0;0;0;0;0
4430;99;2036;;;;;;3691;911;2780;0;0;0;0;0;0;0;0;0
4431;99;2037;;;;;;3849;974;2875;0;0;0;0;0;0;0;0;0
4432;99;2038;;;;;;4005;1032;2972;0;0;0;0;0;0;0;0;0
4433;99;2039;;;;;;4178;1098;3080;0;0;0;0;0;0;0;0;0
4434;99;2040;;;;;;4272;1142;3130;0;0;0;0;0;0;0;0;0
4435;99;2041;;;;;;4424;1201;3223;0;0;0;0;0;0;0;0;0
4436;99;2042;;;;;;4679;1289;3390;0;0;0;0;0;0;0;0;0
4437;99;2043;;;;;;4961;1381;3580;0;0;0;0;0;0;0;0;0
4438;99;2044;;;;;;5081;1421;3660;0;0;0;0;0;0;0;0;0
4439;99;2045;;;;;;5890;1677;4213;0;0;0;0;0;0;0;0;0
4440;99;2046;;;;;;6369;1818;4551;0;0;0;0;0;0;0;0;0
4441;99;2047;;;;;;6573;1878;4695;0;0;0;0;0;0;0;0;0
4442;99;2048;;;;;;6656;1897;4759;0;0;0;0;0;0;0;0;0
4443;99;2049;;;;;;6694;1903;4791;0;0;0;0;0;0;0;0;0
4444;0 tot 5 jaar;2006;;;;;;1058;567;491;5993;2807;3186;8169;4196;3974;-2176;-1389;-788
4445;0 tot 5 jaar;2007;;;;;;1021;547;475;6291;2951;3340;7975;4080;3896;-1684;-1129;-556
4446;0 tot 5 jaar;2008;;;;;;990;531;460;6587;3112;3475;7744;3949;3795;-1157;-837;-320
4447;0 tot 5 jaar;2009;;;;;;964;516;447;6847;3264;3583;7521;3839;3682;-674;-575;-99
4448;0 tot 5 jaar;2010;;;;;;947;511;436;7029;3377;3652;7347;3753;3595;-318;-376;57
4449;0 tot 5 jaar;2011;;;;;;919;492;427;7147;3456;3691;7191;3680;3512;-44;-224;179
4450;0 tot 5 jaar;2012;;;;;;899;482;417;7206;3492;3714;7041;3609;3432;165;-117;282
4451;0 tot 5 jaar;2013;;;;;;882;473;409;7222;3502;3720;6900;3542;3359;322;-40;361
4452;0 tot 5 jaar;2014;;;;;;867;465;402;7205;3493;3712;6782;3483;3297;423;10;415
4453;0 tot 5 jaar;2015;;;;;;856;460;396;7187;3484;3703;6688;3437;3250;499;47;453
4454;0 tot 5 jaar;2016;;;;;;844;453;391;7173;3480;3693;6633;3408;3224;540;72;469
4455;0 tot 5 jaar;2017;;;;;;833;447;385;7158;3473;3685;6599;3390;3211;559;83;475
4456;0 tot 5 jaar;2018;;;;;;824;441;383;7141;3465;3676;6575;3373;3200;566;92;476
4457;0 tot 5 jaar;2019;;;;;;815;436;379;7120;3457;3663;6554;3363;3191;567;94;472
4458;0 tot 5 jaar;2020;;;;;;805;430;375;7108;3450;3658;6538;3354;3184;570;96;474
4459;0 tot 5 jaar;2021;;;;;;797;426;372;7093;3445;3648;6521;3343;3177;572;102;471
4460;0 tot 5 jaar;2022;;;;;;788;420;367;7078;3435;3643;6504;3335;3168;574;100;475
4461;0 tot 5 jaar;2023;;;;;;779;415;364;7063;3430;3633;6485;3325;3161;578;105;472
4462;0 tot 5 jaar;2024;;;;;;770;409;361;7050;3424;3626;6462;3313;3149;588;111;477
4463;0 tot 5 jaar;2025;;;;;;760;403;356;7037;3418;3619;6436;3298;3137;601;120;482
4464;0 tot 5 jaar;2026;;;;;;750;398;352;7024;3413;3611;6402;3285;3119;622;128;492
4465;0 tot 5 jaar;2027;;;;;;740;391;348;7011;3407;3604;6370;3265;3104;641;142;500
4466;0 tot 5 jaar;2028;;;;;;731;386;345;6999;3401;3598;6330;3247;3083;669;154;515
4467;0 tot 5 jaar;2029;;;;;;719;380;340;6991;3397;3594;6288;3226;3063;703;171;531
4468;0 tot 5 jaar;2030;;;;;;707;372;335;6976;3391;3585;6242;3203;3039;734;188;547
4469;0 tot 5 jaar;2031;;;;;;697;365;329;6967;3386;3581;6195;3180;3015;772;206;566
4470;0 tot 5 jaar;2032;;;;;;683;359;325;6956;3383;3573;6144;3152;2990;813;231;583
4471;0 tot 5 jaar;2033;;;;;;670;352;319;6950;3379;3571;6087;3125;2961;863;254;610
4472;0 tot 5 jaar;2034;;;;;;658;344;314;6939;3374;3565;6027;3095;2933;912;279;632
4473;0 tot 5 jaar;2035;;;;;;644;337;308;6929;3370;3559;5967;3065;2901;962;305;658
4474;0 tot 5 jaar;2036;;;;;;631;329;301;6922;3366;3556;5901;3033;2870;1021;333;687
4475;0 tot 5 jaar;2037;;;;;;617;322;297;6917;3365;3552;5836;2999;2837;1081;366;715
4476;0 tot 5 jaar;2038;;;;;;605;315;289;6908;3360;3548;5769;2966;2804;1140;394;744
4477;0 tot 5 jaar;2039;;;;;;592;308;283;6902;3357;3545;5706;2934;2772;1196;423;773
4478;0 tot 5 jaar;2040;;;;;;581;301;279;6897;3356;3541;5643;2902;2742;1254;454;799
4479;0 tot 5 jaar;2041;;;;;;569;295;275;6890;3353;3537;5586;2873;2715;1304;480;823
4480;0 tot 5 jaar;2042;;;;;;559;289;271;6887;3351;3536;5537;2847;2689;1350;504;847
4481;0 tot 5 jaar;2043;;;;;;551;286;265;6881;3349;3532;5492;2824;2668;1390;525;864
4482;0 tot 5 jaar;2044;;;;;;541;279;263;6879;3347;3532;5455;2804;2651;1425;543;881
4483;0 tot 5 jaar;2045;;;;;;534;276;258;6872;3345;3527;5423;2786;2636;1449;559;891
4484;0 tot 5 jaar;2046;;;;;;526;272;255;6872;3345;3527;5401;2775;2627;1471;570;900
4485;0 tot 5 jaar;2047;;;;;;519;268;253;6869;3343;3526;5387;2766;2620;1483;577;906
4486;0 tot 5 jaar;2048;;;;;;513;263;249;6866;3343;3523;5377;2759;2618;1489;584;905
4487;0 tot 5 jaar;2049;;;;;;507;259;247;6863;3342;3521;5376;2758;2618;1487;584;903
4488;5 tot 10 jaar;2006;;;;;;96;55;40;5017;2583;2434;8473;4285;4188;-3456;-1702;-1754
4489;5 tot 10 jaar;2007;;;;;;94;55;40;5275;2721;2554;8308;4201;4107;-3033;-1480;-1553
4490;5 tot 10 jaar;2008;;;;;;92;53;39;5553;2874;2679;8176;4131;4046;-2623;-1257;-1367
4491;5 tot 10 jaar;2009;;;;;;88;50;38;5831;3030;2801;8041;4051;3990;-2210;-1021;-1189
4492;5 tot 10 jaar;2010;;;;;;84;49;36;6048;3152;2896;7833;3943;3891;-1785;-791;-995
4493;5 tot 10 jaar;2011;;;;;;81;46;35;6203;3244;2959;7632;3837;3794;-1429;-593;-835
4494;5 tot 10 jaar;2012;;;;;;78;45;33;6272;3285;2987;7432;3735;3697;-1160;-450;-710
4495;5 tot 10 jaar;2013;;;;;;75;44;32;6278;3287;2991;7231;3634;3598;-953;-347;-607
4496;5 tot 10 jaar;2014;;;;;;72;42;31;6257;3278;2979;7059;3551;3506;-802;-273;-527
4497;5 tot 10 jaar;2015;;;;;;71;40;30;6233;3267;2966;6930;3489;3441;-697;-222;-475
4498;5 tot 10 jaar;2016;;;;;;68;40;29;6213;3258;2955;6836;3443;3393;-623;-185;-438
4499;5 tot 10 jaar;2017;;;;;;66;39;27;6195;3247;2948;6756;3405;3353;-561;-158;-405
4500;5 tot 10 jaar;2018;;;;;;65;37;27;6173;3238;2935;6685;3368;3318;-512;-130;-383
4501;5 tot 10 jaar;2019;;;;;;63;37;27;6153;3229;2924;6621;3334;3287;-468;-105;-363
4502;5 tot 10 jaar;2020;;;;;;62;36;27;6135;3221;2914;6561;3303;3258;-426;-82;-344
4503;5 tot 10 jaar;2021;;;;;;61;35;26;6113;3210;2903;6510;3278;3232;-397;-68;-329
4504;5 tot 10 jaar;2022;;;;;;61;35;26;6094;3202;2892;6466;3255;3210;-372;-53;-318
4505;5 tot 10 jaar;2023;;;;;;59;34;25;6078;3195;2883;6424;3236;3189;-346;-41;-306
4506;5 tot 10 jaar;2024;;;;;;58;33;24;6061;3186;2875;6390;3218;3171;-329;-32;-296
4507;5 tot 10 jaar;2025;;;;;;58;33;24;6044;3178;2866;6355;3201;3153;-311;-23;-287
4508;5 tot 10 jaar;2026;;;;;;57;33;23;6030;3171;2859;6323;3186;3137;-292;-15;-278
4509;5 tot 10 jaar;2027;;;;;;56;32;23;6012;3163;2849;6289;3170;3119;-277;-7;-270
4510;5 tot 10 jaar;2028;;;;;;55;32;23;5999;3158;2841;6254;3153;3098;-255;5;-257
4511;5 tot 10 jaar;2029;;;;;;55;32;23;5981;3150;2831;6212;3135;3077;-231;15;-246
4512;5 tot 10 jaar;2030;;;;;;54;32;23;5972;3145;2827;6173;3116;3057;-201;29;-230
4513;5 tot 10 jaar;2031;;;;;;54;32;23;5955;3137;2818;6126;3094;3032;-171;43;-214
4514;5 tot 10 jaar;2032;;;;;;51;29;23;5943;3133;2810;6081;3073;3009;-138;60;-199
4515;5 tot 10 jaar;2033;;;;;;51;28;22;5928;3124;2804;6032;3053;2980;-104;71;-176
4516;5 tot 10 jaar;2034;;;;;;51;28;22;5920;3121;2799;5983;3027;2956;-63;94;-157
4517;5 tot 10 jaar;2035;;;;;;50;28;22;5906;3113;2793;5931;3004;2928;-25;109;-135
4518;5 tot 10 jaar;2036;;;;;;49;28;22;5893;3107;2786;5878;2979;2899;15;128;-113
4519;5 tot 10 jaar;2037;;;;;;48;28;20;5884;3105;2779;5821;2952;2869;63;153;-90
4520;5 tot 10 jaar;2038;;;;;;46;28;20;5879;3101;2778;5765;2923;2840;114;178;-62
4521;5 tot 10 jaar;2039;;;;;;46;27;20;5868;3096;2772;5704;2896;2810;164;201;-38
4522;5 tot 10 jaar;2040;;;;;;45;27;19;5856;3091;2765;5642;2865;2780;214;226;-15
4523;5 tot 10 jaar;2041;;;;;;45;25;19;5849;3087;2762;5581;2834;2746;268;253;16
4524;5 tot 10 jaar;2042;;;;;;43;24;19;5840;3084;2756;5521;2804;2716;319;280;40
4525;5 tot 10 jaar;2043;;;;;;43;23;18;5831;3078;2753;5460;2776;2686;371;302;67
4526;5 tot 10 jaar;2044;;;;;;41;23;18;5824;3075;2749;5404;2748;2659;420;327;90
4527;5 tot 10 jaar;2045;;;;;;40;23;18;5818;3073;2745;5352;2719;2633;466;354;112
4528;5 tot 10 jaar;2046;;;;;;40;22;18;5814;3070;2744;5306;2696;2610;508;374;134
4529;5 tot 10 jaar;2047;;;;;;39;22;17;5807;3066;2741;5265;2674;2590;542;392;151
4530;5 tot 10 jaar;2048;;;;;;39;22;17;5803;3064;2739;5228;2654;2573;575;410;166
4531;5 tot 10 jaar;2049;;;;;;38;22;17;5799;3062;2737;5200;2639;2561;599;423;176
4532;10 tot 15 jaar;2006;;;;;;108;62;45;4177;2134;2043;5586;2867;2719;-1409;-733;-676
4533;10 tot 15 jaar;2007;;;;;;105;60;45;4390;2249;2141;5414;2764;2649;-1024;-515;-508
4534;10 tot 15 jaar;2008;;;;;;104;59;43;4638;2391;2247;5269;2693;2577;-631;-302;-330
4535;10 tot 15 jaar;2009;;;;;;101;58;43;4875;2529;2346;5131;2620;2510;-256;-91;-164
4536;10 tot 15 jaar;2010;;;;;;101;58;42;5070;2647;2423;5040;2576;2466;30;71;-42
4537;10 tot 15 jaar;2011;;;;;;101;57;42;5197;2722;2475;4921;2515;2409;276;207;66
4538;10 tot 15 jaar;2012;;;;;;99;57;41;5258;2758;2500;4819;2465;2353;439;293;147
4539;10 tot 15 jaar;2013;;;;;;98;57;41;5264;2760;2504;4733;2421;2312;531;339;192
4540;10 tot 15 jaar;2014;;;;;;96;57;40;5245;2751;2494;4654;2377;2276;591;374;218
4541;10 tot 15 jaar;2015;;;;;;92;53;40;5225;2742;2483;4549;2321;2228;676;421;255
4542;10 tot 15 jaar;2016;;;;;;90;52;37;5211;2736;2475;4470;2276;2194;741;460;281
4543;10 tot 15 jaar;2017;;;;;;86;50;35;5191;2727;2464;4396;2234;2162;795;493;302
4544;10 tot 15 jaar;2018;;;;;;83;48;35;5170;2717;2453;4316;2189;2125;854;528;328
4545;10 tot 15 jaar;2019;;;;;;80;46;34;5154;2708;2446;4244;2155;2090;910;553;356
4546;10 tot 15 jaar;2020;;;;;;78;45;32;5136;2699;2437;4186;2126;2060;950;573;377
4547;10 tot 15 jaar;2021;;;;;;76;44;32;5119;2691;2428;4134;2099;2036;985;592;392
4548;10 tot 15 jaar;2022;;;;;;74;43;31;5103;2683;2420;4086;2075;2012;1017;608;408
4549;10 tot 15 jaar;2023;;;;;;73;42;31;5087;2675;2412;4040;2052;1989;1047;623;424
4550;10 tot 15 jaar;2024;;;;;;72;41;31;5072;2668;2404;3998;2031;1966;1074;637;438
4551;10 tot 15 jaar;2025;;;;;;69;40;29;5057;2660;2397;3959;2013;1948;1098;647;449
4552;10 tot 15 jaar;2026;;;;;;69;40;29;5041;2652;2389;3924;1993;1930;1117;659;459
4553;10 tot 15 jaar;2027;;;;;;67;40;29;5023;2644;2379;3895;1980;1914;1128;664;465
4554;10 tot 15 jaar;2028;;;;;;67;39;29;5008;2635;2373;3865;1964;1901;1143;671;472
4555;10 tot 15 jaar;2029;;;;;;67;38;27;4995;2629;2366;3840;1952;1887;1155;677;479
4556;10 tot 15 jaar;2030;;;;;;67;38;27;4984;2624;2360;3816;1943;1874;1168;681;486
4557;10 tot 15 jaar;2031;;;;;;65;38;27;4971;2617;2354;3792;1931;1863;1179;686;491
4558;10 tot 15 jaar;2032;;;;;;64;37;27;4958;2611;2347;3769;1921;1848;1190;690;499
4559;10 tot 15 jaar;2033;;;;;;62;36;27;4947;2606;2341;3745;1909;1836;1202;697;505
4560;10 tot 15 jaar;2034;;;;;;62;36;27;4934;2599;2335;3719;1896;1823;1215;703;512
4561;10 tot 15 jaar;2035;;;;;;62;35;27;4928;2596;2332;3693;1885;1808;1235;711;524
4562;10 tot 15 jaar;2036;;;;;;62;35;27;4918;2591;2327;3666;1872;1797;1252;719;530
4563;10 tot 15 jaar;2037;;;;;;61;35;26;4909;2587;2322;3638;1858;1781;1271;729;542
4564;10 tot 15 jaar;2038;;;;;;60;34;25;4897;2581;2316;3613;1846;1767;1285;735;549
4565;10 tot 15 jaar;2039;;;;;;59;34;25;4884;2575;2309;3582;1832;1749;1302;743;560
4566;10 tot 15 jaar;2040;;;;;;57;33;24;4879;2572;2307;3553;1817;1736;1326;755;571
4567;10 tot 15 jaar;2041;;;;;;57;33;24;4870;2568;2302;3525;1803;1722;1345;765;580
4568;10 tot 15 jaar;2042;;;;;;56;31;24;4866;2565;2301;3492;1787;1705;1374;778;596
4569;10 tot 15 jaar;2043;;;;;;56;31;24;4857;2561;2296;3462;1772;1691;1395;789;606
4570;10 tot 15 jaar;2044;;;;;;54;31;24;4851;2559;2292;3432;1756;1677;1419;803;615
4571;10 tot 15 jaar;2045;;;;;;54;31;24;4845;2556;2289;3399;1739;1660;1446;817;630
4572;10 tot 15 jaar;2046;;;;;;53;31;22;4835;2551;2284;3370;1724;1646;1465;827;638
4573;10 tot 15 jaar;2047;;;;;;51;29;22;4837;2551;2286;3340;1709;1634;1497;842;652
4574;10 tot 15 jaar;2048;;;;;;51;28;22;4832;2549;2283;3311;1691;1620;1521;858;663
4575;10 tot 15 jaar;2049;;;;;;49;28;22;4825;2546;2279;3286;1677;1608;1539;869;671
4576;15 tot 20 jaar;2006;2297.0;2106.0;177.0;14.0;0.0;231;153;78;6035;2662;3373;5578;2884;2694;457;-222;679
4577;15 tot 20 jaar;2007;2214.0;2029.0;171.0;12.0;0.0;231;153;77;6380;2828;3552;5436;2784;2652;944;44;900
4578;15 tot 20 jaar;2008;2150.0;1972.0;167.0;11.0;0.0;231;154;76;6754;3019;3735;5314;2702;2614;1440;317;1121
4579;15 tot 20 jaar;2009;2081.0;1907.0;164.0;9.0;0.0;231;153;77;7113;3206;3907;5189;2627;2563;1924;579;1344
4580;15 tot 20 jaar;2010;1862.0;1704.0;149.0;8.0;0.0;227;152;75;7370;3343;4027;5006;2521;2485;2364;822;1542
4581;15 tot 20 jaar;2011;1830.0;1674.0;147.0;8.0;0.0;222;149;73;7521;3429;4092;4848;2440;2406;2673;989;1686
4582;15 tot 20 jaar;2012;1806.0;1651.0;146.0;8.0;0.0;220;148;72;7591;3465;4126;4693;2356;2338;2898;1109;1788
4583;15 tot 20 jaar;2013;1787.0;1631.0;146.0;9.0;0.0;218;148;71;7600;3468;4132;4569;2297;2274;3031;1171;1858
4584;15 tot 20 jaar;2014;1755.0;1602.0;144.0;10.0;0.0;216;146;69;7576;3457;4119;4450;2235;2214;3126;1222;1905
4585;15 tot 20 jaar;2015;1757.0;1605.0;142.0;10.0;0.0;215;146;69;7559;3447;4112;4389;2209;2181;3170;1238;1931
4586;15 tot 20 jaar;2016;1785.0;1629.0;145.0;10.0;0.0;215;146;70;7537;3438;4099;4331;2175;2155;3206;1263;1944
4587;15 tot 20 jaar;2017;1812.0;1652.0;148.0;11.0;0.0;215;147;70;7516;3427;4089;4290;2157;2132;3226;1270;1957
4588;15 tot 20 jaar;2018;1821.0;1661.0;149.0;11.0;0.0;212;144;68;7499;3421;4078;4258;2138;2120;3241;1283;1958
4589;15 tot 20 jaar;2019;1833.0;1670.0;152.0;11.0;0.0;209;142;67;7480;3414;4066;4224;2116;2109;3256;1299;1958
4590;15 tot 20 jaar;2020;1802.0;1641.0;149.0;11.0;0.0;203;137;65;7459;3404;4055;4157;2078;2078;3302;1326;1977
4591;15 tot 20 jaar;2021;1778.0;1617.0;148.0;11.0;1.0;196;133;63;7442;3397;4045;4103;2052;2053;3339;1345;1992
4592;15 tot 20 jaar;2022;1742.0;1585.0;146.0;11.0;1.0;190;130;61;7421;3388;4033;4043;2018;2024;3378;1371;2009
4593;15 tot 20 jaar;2023;1693.0;1540.0;141.0;11.0;1.0;183;123;59;7405;3382;4023;3960;1973;1986;3445;1409;2037
4594;15 tot 20 jaar;2024;1653.0;1504.0;137.0;10.0;1.0;177;120;55;7387;3372;4015;3886;1938;1947;3501;1434;2068
4595;15 tot 20 jaar;2025;1634.0;1488.0;136.0;10.0;1.0;174;119;55;7370;3365;4005;3835;1912;1923;3536;1453;2082
4596;15 tot 20 jaar;2026;1621.0;1474.0;135.0;11.0;1.0;168;114;54;7354;3359;3995;3787;1891;1897;3567;1468;2098
4597;15 tot 20 jaar;2027;1607.0;1461.0;134.0;11.0;1.0;166;113;53;7339;3351;3988;3744;1872;1872;3595;1479;2116
4598;15 tot 20 jaar;2028;1598.0;1455.0;132.0;11.0;1.0;162;109;53;7324;3345;3979;3702;1851;1850;3622;1494;2129
4599;15 tot 20 jaar;2029;1591.0;1447.0;132.0;11.0;1.0;159;109;52;7308;3339;3969;3662;1834;1830;3646;1505;2139
4600;15 tot 20 jaar;2030;1587.0;1444.0;131.0;11.0;1.0;157;106;50;7296;3332;3964;3628;1817;1809;3668;1515;2155
4601;15 tot 20 jaar;2031;1583.0;1440.0;131.0;11.0;1.0;155;105;49;7280;3326;3954;3596;1804;1792;3684;1522;2162
4602;15 tot 20 jaar;2032;1587.0;1443.0;132.0;11.0;1.0;153;103;48;7265;3319;3946;3568;1791;1777;3697;1528;2169
4603;15 tot 20 jaar;2033;1589.0;1446.0;132.0;11.0;1.0;150;102;48;7253;3313;3940;3546;1781;1763;3707;1532;2177
4604;15 tot 20 jaar;2034;1593.0;1451.0;131.0;11.0;1.0;150;102;48;7241;3308;3933;3522;1772;1751;3719;1536;2182
4605;15 tot 20 jaar;2035;1602.0;1458.0;132.0;11.0;1.0;148;101;48;7228;3302;3926;3504;1766;1738;3724;1536;2188
4606;15 tot 20 jaar;2036;1611.0;1467.0;133.0;11.0;1.0;147;101;48;7216;3296;3920;3485;1758;1728;3731;1538;2192
4607;15 tot 20 jaar;2037;1624.0;1478.0;134.0;11.0;1.0;147;99;48;7208;3293;3915;3468;1750;1717;3740;1543;2198
4608;15 tot 20 jaar;2038;1637.0;1490.0;135.0;12.0;1.0;146;98;48;7198;3290;3908;3452;1743;1707;3746;1547;2201
4609;15 tot 20 jaar;2039;1652.0;1502.0;137.0;12.0;1.0;144;97;47;7188;3285;3903;3433;1737;1697;3755;1548;2206
4610;15 tot 20 jaar;2040;1660.0;1510.0;138.0;12.0;1.0;143;97;47;7177;3282;3895;3419;1730;1689;3758;1552;2206
4611;15 tot 20 jaar;2041;1668.0;1517.0;138.0;12.0;1.0;142;96;46;7168;3276;3892;3402;1723;1679;3767;1553;2213
4612;15 tot 20 jaar;2042;1674.0;1522.0;139.0;12.0;1.0;142;96;46;7159;3271;3888;3384;1715;1668;3775;1556;2220
4613;15 tot 20 jaar;2043;1679.0;1527.0;139.0;12.0;1.0;139;94;45;7155;3269;3886;3365;1706;1660;3790;1563;2226
4614;15 tot 20 jaar;2044;1683.0;1531.0;139.0;12.0;1.0;137;93;45;7146;3266;3880;3348;1700;1649;3798;1566;2231
4615;15 tot 20 jaar;2045;1686.0;1533.0;140.0;12.0;1.0;137;91;44;7137;3262;3875;3334;1692;1642;3803;1570;2233
4616;15 tot 20 jaar;2046;1689.0;1536.0;140.0;12.0;1.0;135;91;43;7136;3262;3874;3316;1682;1634;3820;1580;2240
4617;15 tot 20 jaar;2047;1690.0;1537.0;140.0;12.0;1.0;132;89;43;7127;3259;3868;3301;1674;1627;3826;1585;2241
4618;15 tot 20 jaar;2048;1691.0;1537.0;140.0;12.0;1.0;132;89;43;7122;3255;3867;3285;1667;1619;3837;1588;2248
4619;15 tot 20 jaar;2049;1688.0;1535.0;140.0;12.0;1.0;130;86;43;7117;3253;3864;3271;1658;1613;3846;1595;2251
4620;20 tot 25 jaar;2006;16728.0;12396.0;3700.0;563.0;67.0;327;213;114;18571;7859;10712;15724;7893;7832;2847;-34;2880
4621;20 tot 25 jaar;2007;16842.0;12496.0;3708.0;569.0;70.0;330;215;114;19630;8350;11280;15435;7622;7813;4195;728;3467
4622;20 tot 25 jaar;2008;17089.0;12681.0;3747.0;587.0;74.0;333;218;113;20629;8847;11782;15193;7395;7795;5436;1452;3987
4623;20 tot 25 jaar;2009;17306.0;12853.0;3775.0;599.0;78.0;336;221;115;21477;9295;12182;14926;7175;7752;6551;2120;4431
4624;20 tot 25 jaar;2010;17420.0;12972.0;3752.0;617.0;81.0;340;225;117;22080;9627;12453;14737;7039;7700;7343;2588;4753
4625;20 tot 25 jaar;2011;17594.0;13110.0;3771.0;628.0;84.0;345;228;116;22454;9844;12610;14568;6925;7646;7886;2919;4964
4626;20 tot 25 jaar;2012;17789.0;13255.0;3805.0;641.0;85.0;347;230;117;22640;9946;12694;14420;6836;7583;8221;3110;5111
4627;20 tot 25 jaar;2013;17992.0;13389.0;3854.0;662.0;87.0;348;231;116;22693;9966;12727;14228;6732;7495;8466;3234;5232
4628;20 tot 25 jaar;2014;18160.0;13504.0;3890.0;675.0;91.0;349;232;116;22663;9948;12715;14000;6619;7382;8663;3329;5333
4629;20 tot 25 jaar;2015;18078.0;13440.0;3868.0;680.0;91.0;345;230;114;22635;9933;12702;13687;6457;7230;8948;3476;5472
4630;20 tot 25 jaar;2016;17926.0;13327.0;3829.0;680.0;90.0;340;228;112;22606;9919;12687;13416;6330;7085;9190;3589;5602
4631;20 tot 25 jaar;2017;17834.0;13257.0;3803.0;680.0;92.0;334;225;110;22570;9903;12667;13179;6213;6966;9391;3690;5701
4632;20 tot 25 jaar;2018;17821.0;13258.0;3787.0;684.0;92.0;334;224;108;22543;9891;12652;12996;6132;6863;9547;3759;5789
4633;20 tot 25 jaar;2019;17797.0;13261.0;3763.0;683.0;91.0;331;223;109;22511;9878;12633;12820;6055;6765;9691;3823;5868
4634;20 tot 25 jaar;2020;17981.0;13404.0;3792.0;691.0;93.0;331;223;108;22482;9865;12617;12729;6023;6703;9753;3842;5914
4635;20 tot 25 jaar;2021;18235.0;13584.0;3848.0;706.0;95.0;330;222;108;22448;9851;12597;12617;5976;6640;9831;3875;5957
4636;20 tot 25 jaar;2022;18414.0;13704.0;3893.0;719.0;99.0;329;221;107;22416;9837;12579;12506;5939;6567;9910;3898;6012
4637;20 tot 25 jaar;2023;18440.0;13709.0;3903.0;730.0;98.0;324;219;105;22387;9824;12563;12382;5888;6493;10005;3936;6070
4638;20 tot 25 jaar;2024;18387.0;13654.0;3897.0;734.0;99.0;318;213;104;22359;9813;12546;12235;5820;6415;10124;3993;6131
4639;20 tot 25 jaar;2025;18077.0;13416.0;3836.0;727.0;98.0;306;206;100;22328;9798;12530;12025;5725;6302;10303;4073;6228
4640;20 tot 25 jaar;2026;17781.0;13189.0;3772.0;720.0;99.0;296;202;97;22303;9789;12514;11824;5630;6192;10480;4159;6322
4641;20 tot 25 jaar;2027;17466.0;12954.0;3706.0;710.0;97.0;288;195;94;22273;9773;12500;11615;5532;6082;10658;4241;6418
4642;20 tot 25 jaar;2028;17106.0;12696.0;3621.0;695.0;94.0;279;188;91;22248;9764;12484;11390;5428;5964;10858;4336;6520
4643;20 tot 25 jaar;2029;16852.0;12513.0;3562.0;685.0;93.0;271;184;89;22223;9753;12470;11198;5344;5852;11026;4409;6618
4644;20 tot 25 jaar;2030;16726.0;12420.0;3533.0;680.0;94.0;265;180;86;22203;9745;12458;11039;5278;5761;11164;4467;6697
4645;20 tot 25 jaar;2031;16615.0;12335.0;3508.0;678.0;93.0;260;176;85;22178;9735;12443;10892;5219;5673;11286;4516;6771
4646;20 tot 25 jaar;2032;16535.0;12278.0;3489.0;675.0;93.0;256;173;84;22157;9724;12433;10754;5166;5589;11403;4558;6845
4647;20 tot 25 jaar;2033;16482.0;12240.0;3476.0;676.0;92.0;252;170;82;22137;9716;12421;10626;5116;5511;11511;4600;6910
4648;20 tot 25 jaar;2034;16449.0;12214.0;3468.0;676.0;93.0;248;169;80;22116;9706;12410;10505;5070;5434;11611;4636;6976
4649;20 tot 25 jaar;2035;16440.0;12206.0;3463.0;677.0;94.0;247;167;80;22095;9697;12398;10395;5029;5365;11700;4668;7033
4650;20 tot 25 jaar;2036;16454.0;12220.0;3464.0;679.0;94.0;244;165;79;22077;9689;12388;10294;4995;5298;11783;4694;7090
4651;20 tot 25 jaar;2037;16498.0;12253.0;3471.0;681.0;94.0;241;164;79;22059;9682;12377;10205;4965;5239;11855;4717;7138
4652;20 tot 25 jaar;2038;16560.0;12301.0;3483.0;684.0;94.0;240;162;79;22046;9675;12371;10123;4941;5184;11923;4734;7187
4653;20 tot 25 jaar;2039;16640.0;12360.0;3498.0;688.0;94.0;240;161;78;22030;9669;12361;10049;4919;5133;11981;4750;7228
4654;20 tot 25 jaar;2040;16735.0;12427.0;3517.0;693.0;95.0;238;161;78;22018;9665;12353;9985;4900;5085;12033;4765;7268
4655;20 tot 25 jaar;2041;16828.0;12499.0;3536.0;698.0;96.0;236;160;77;22004;9658;12346;9925;4886;5039;12079;4772;7307
4656;20 tot 25 jaar;2042;16925.0;12572.0;3554.0;703.0;96.0;236;159;76;21986;9650;12336;9867;4871;4996;12119;4779;7340
4657;20 tot 25 jaar;2043;17016.0;12641.0;3571.0;708.0;96.0;235;158;76;21977;9646;12331;9811;4856;4957;12167;4790;7374
4658;20 tot 25 jaar;2044;17098.0;12701.0;3589.0;711.0;99.0;234;157;76;21968;9640;12328;9758;4841;4917;12210;4799;7411
4659;20 tot 25 jaar;2045;17176.0;12758.0;3607.0;715.0;99.0;231;156;76;21957;9639;12318;9709;4828;4882;12248;4811;7436
4660;20 tot 25 jaar;2046;17243.0;12806.0;3620.0;717.0;99.0;231;155;76;21944;9631;12313;9661;4815;4846;12283;4816;7467
4661;20 tot 25 jaar;2047;17299.0;12847.0;3633.0;720.0;101.0;229;154;75;21939;9629;12310;9610;4799;4813;12329;4830;7497
4662;20 tot 25 jaar;2048;17345.0;12880.0;3643.0;724.0;101.0;228;153;74;21931;9625;12306;9568;4784;4784;12363;4841;7522
4663;20 tot 25 jaar;2049;17379.0;12906.0;3650.0;725.0;101.0;226;151;74;21926;9625;12301;9531;4772;4759;12395;4853;7542
4664;25 tot 30 jaar;2006;48145.0;28358.0;15176.0;3762.0;848.0;371;244;128;18508;9121;9387;19489;10395;9097;-981;-1274;290
4665;25 tot 30 jaar;2007;48229.0;28289.0;15281.0;3785.0;875.0;370;242;127;19474;9635;9839;19514;10394;9120;-40;-759;719
4666;25 tot 30 jaar;2008;48176.0;28158.0;15299.0;3810.0;907.0;366;241;125;20355;10146;10209;19528;10402;9126;827;-256;1083
4667;25 tot 30 jaar;2009;48344.0;28158.0;15385.0;3849.0;954.0;365;241;125;21105;10606;10499;19648;10471;9177;1457;135;1322
4668;25 tot 30 jaar;2010;48090.0;27873.0;15353.0;3885.0;977.0;363;240;123;21665;10971;10694;19642;10450;9192;2023;521;1502
4669;25 tot 30 jaar;2011;48224.0;27975.0;15361.0;3899.0;989.0;364;241;122;22026;11212;10814;19582;10404;9178;2444;808;1636
4670;25 tot 30 jaar;2012;48831.0;28330.0;15543.0;3957.0;998.0;369;246;124;22204;11323;10881;19455;10313;9142;2749;1010;1739
4671;25 tot 30 jaar;2013;49602.0;28744.0;15807.0;4037.0;1014.0;373;249;124;22256;11344;10912;19327;10223;9103;2929;1121;1809
4672;25 tot 30 jaar;2014;50327.0;29150.0;16041.0;4108.0;1030.0;376;252;126;22227;11325;10902;19170;10118;9052;3058;1207;1850
4673;25 tot 30 jaar;2015;51101.0;29599.0;16284.0;4178.0;1042.0;382;255;126;22198;11304;10894;19077;10063;9014;3121;1241;1880
4674;25 tot 30 jaar;2016;51659.0;29935.0;16442.0;4229.0;1051.0;384;259;126;22163;11287;10876;18986;10005;8982;3177;1282;1894
4675;25 tot 30 jaar;2017;52181.0;30219.0;16615.0;4286.0;1062.0;385;259;126;22131;11270;10861;18894;9949;8944;3237;1321;1917
4676;25 tot 30 jaar;2018;52724.0;30513.0;16798.0;4341.0;1073.0;385;258;125;22100;11254;10846;18749;9866;8883;3351;1388;1963
4677;25 tot 30 jaar;2019;53115.0;30712.0;16936.0;4385.0;1082.0;382;257;126;22070;11238;10832;18576;9772;8804;3494;1466;2028
4678;25 tot 30 jaar;2020;52868.0;30550.0;16864.0;4374.0;1079.0;377;253;122;22039;11223;10816;18287;9610;8676;3752;1613;2140
4679;25 tot 30 jaar;2021;52472.0;30320.0;16733.0;4349.0;1069.0;370;248;121;22006;11206;10800;18018;9472;8546;3988;1735;2254
4680;25 tot 30 jaar;2022;52282.0;30211.0;16670.0;4339.0;1064.0;366;245;118;21973;11188;10785;17769;9337;8433;4204;1851;2352
4681;25 tot 30 jaar;2023;52299.0;30238.0;16657.0;4342.0;1061.0;361;244;117;21944;11174;10770;17579;9243;8336;4365;1931;2434
4682;25 tot 30 jaar;2024;52354.0;30301.0;16648.0;4348.0;1060.0;357;241;116;21916;11158;10758;17403;9159;8245;4513;1999;2513
4683;25 tot 30 jaar;2025;52947.0;30663.0;16817.0;4400.0;1068.0;356;241;115;21886;11142;10744;17306;9116;8190;4580;2026;2554
4684;25 tot 30 jaar;2026;53615.0;31030.0;17040.0;4464.0;1083.0;357;240;115;21863;11130;10733;17186;9060;8126;4677;2070;2607
4685;25 tot 30 jaar;2027;54055.0;31243.0;17202.0;4513.0;1094.0;354;239;114;21836;11117;10719;17058;9007;8052;4778;2110;2667
4686;25 tot 30 jaar;2028;54116.0;31258.0;17237.0;4524.0;1098.0;351;236;112;21808;11102;10706;16899;8930;7971;4909;2172;2735
4687;25 tot 30 jaar;2029;53879.0;31078.0;17188.0;4517.0;1096.0;343;231;112;21783;11088;10695;16697;8826;7872;5086;2262;2823
4688;25 tot 30 jaar;2030;53033.0;30573.0;16927.0;4451.0;1080.0;332;225;107;21762;11078;10684;16428;8686;7740;5334;2392;2944
4689;25 tot 30 jaar;2031;52229.0;30099.0;16678.0;4389.0;1064.0;324;218;105;21740;11065;10675;16165;8552;7613;5575;2513;3062
4690;25 tot 30 jaar;2032;51395.0;29614.0;16411.0;4321.0;1047.0;314;213;102;21718;11054;10664;15900;8413;7486;5818;2641;3178
4691;25 tot 30 jaar;2033;50517.0;29127.0;16113.0;4249.0;1026.0;306;207;98;21694;11040;10654;15640;8280;7362;6054;2760;3292
4692;25 tot 30 jaar;2034;49916.0;28802.0;15903.0;4197.0;1012.0;299;203;97;21675;11030;10645;15418;8169;7248;6257;2861;3397
4693;25 tot 30 jaar;2035;49616.0;28632.0;15804.0;4175.0;1007.0;293;199;96;21656;11022;10634;15232;8080;7152;6424;2942;3482
4694;25 tot 30 jaar;2036;49364.0;28490.0;15720.0;4156.0;998.0;289;196;92;21634;11008;10626;15059;8000;7060;6575;3008;3566
4695;25 tot 30 jaar;2037;49193.0;28393.0;15661.0;4144.0;996.0;284;193;92;21622;11002;10620;14899;7922;6976;6723;3080;3644
4696;25 tot 30 jaar;2038;49091.0;28335.0;15624.0;4138.0;993.0;280;191;91;21607;10994;10613;14752;7854;6898;6855;3140;3715
4697;25 tot 30 jaar;2039;49042.0;28310.0;15606.0;4135.0;992.0;279;188;90;21591;10986;10605;14618;7793;6827;6973;3193;3778
4698;25 tot 30 jaar;2040;49057.0;28321.0;15606.0;4139.0;990.0;276;187;90;21574;10976;10598;14501;7740;6760;7073;3236;3838
4699;25 tot 30 jaar;2041;49147.0;28375.0;15631.0;4147.0;994.0;275;186;89;21562;10969;10593;14396;7693;6701;7166;3276;3892
4700;25 tot 30 jaar;2042;49296.0;28464.0;15677.0;4162.0;995.0;272;185;89;21550;10960;10590;14305;7655;6650;7246;3305;3940
4701;25 tot 30 jaar;2043;49502.0;28583.0;15740.0;4180.0;998.0;270;183;88;21538;10955;10583;14230;7623;6607;7308;3332;3976
4702;25 tot 30 jaar;2044;49749.0;28720.0;15819.0;4203.0;1007.0;270;181;85;21525;10948;10577;14164;7596;6568;7361;3352;4009
4703;25 tot 30 jaar;2045;50015.0;28871.0;15907.0;4230.0;1009.0;269;181;85;21514;10941;10573;14111;7575;6536;7403;3366;4037
4704;25 tot 30 jaar;2046;50296.0;29026.0;16001.0;4253.0;1016.0;266;181;85;21505;10936;10569;14064;7556;6508;7442;3380;4061
4705;25 tot 30 jaar;2047;50570.0;29173.0;16099.0;4274.0;1022.0;265;181;85;21499;10934;10565;14027;7541;6486;7472;3393;4079
4706;25 tot 30 jaar;2048;50814.0;29296.0;16193.0;4297.0;1029.0;265;180;85;21488;10926;10562;13993;7526;6467;7495;3400;4095
4707;25 tot 30 jaar;2049;51067.0;29437.0;16279.0;4317.0;1034.0;264;178;85;21487;10926;10561;13968;7512;6454;7519;3414;4107
4708;30 tot 35 jaar;2006;70443.0;27364.0;30969.0;9218.0;2893.0;536;315;219;13641;7221;6420;17727;10167;7559;-4086;-2946;-1139
4709;30 tot 35 jaar;2007;67876.0;26391.0;29980.0;8648.0;2857.0;508;301;208;14318;7610;6708;17069;9723;7346;-2751;-2113;-638
4710;30 tot 35 jaar;2008;66782.0;25962.0;29532.0;8369.0;2920.0;493;293;200;14992;8020;6972;16711;9466;7245;-1719;-1446;-273
4711;30 tot 35 jaar;2009;66139.0;25683.0;29320.0;8104.0;3031.0;485;288;196;15607;8408;7199;16423;9272;7151;-816;-864;48
4712;30 tot 35 jaar;2010;66562.0;25926.0;29488.0;8004.0;3147.0;483;288;196;16086;8719;7367;16333;9206;7127;-247;-487;240
4713;30 tot 35 jaar;2011;66649.0;25905.0;29599.0;7940.0;3205.0;482;288;195;16406;8933;7473;16290;9170;7120;116;-237;353
4714;30 tot 35 jaar;2012;66374.0;25701.0;29583.0;7877.0;3213.0;480;286;193;16557;9030;7527;16264;9166;7097;293;-136;430
4715;30 tot 35 jaar;2013;65877.0;25425.0;29458.0;7787.0;3207.0;476;286;191;16589;9047;7542;16211;9149;7062;378;-102;480
4716;30 tot 35 jaar;2014;65728.0;25343.0;29441.0;7728.0;3215.0;475;285;190;16554;9025;7529;16223;9167;7056;331;-142;473
4717;30 tot 35 jaar;2015;65547.0;25303.0;29394.0;7648.0;3201.0;471;284;188;16521;9005;7516;16182;9142;7042;339;-137;475
4718;30 tot 35 jaar;2016;65890.0;25481.0;29573.0;7627.0;3207.0;472;285;188;16484;8986;7498;16154;9121;7033;330;-135;465
4719;30 tot 35 jaar;2017;66579.0;25718.0;29945.0;7672.0;3248.0;475;288;187;16444;8966;7478;16117;9094;7023;327;-128;455
4720;30 tot 35 jaar;2018;67360.0;25972.0;30353.0;7737.0;3298.0;478;289;188;16410;8949;7461;16076;9064;7012;334;-115;449
4721;30 tot 35 jaar;2019;68085.0;26223.0;30722.0;7794.0;3344.0;479;290;188;16374;8930;7444;16008;9018;6991;366;-88;453
4722;30 tot 35 jaar;2020;69029.0;26592.0;31172.0;7867.0;3397.0;482;292;190;16339;8911;7428;15988;9008;6981;351;-97;447
4723;30 tot 35 jaar;2021;69731.0;26875.0;31515.0;7911.0;3431.0;483;294;189;16304;8894;7410;15938;8977;6961;366;-83;449
4724;30 tot 35 jaar;2022;70243.0;27030.0;31798.0;7949.0;3465.0;482;293;189;16272;8875;7397;15864;8936;6928;408;-61;469
4725;30 tot 35 jaar;2023;70631.0;27120.0;32028.0;7982.0;3499.0;481;292;188;16241;8860;7381;15757;8874;6883;484;-14;498
4726;30 tot 35 jaar;2024;70851.0;27163.0;32167.0;7994.0;3527.0;478;291;187;16205;8840;7365;15635;8806;6829;570;34;536
4727;30 tot 35 jaar;2025;70395.0;26963.0;31994.0;7925.0;3512.0;471;286;184;16177;8827;7350;15426;8687;6740;751;140;610
4728;30 tot 35 jaar;2026;69815.0;26729.0;31757.0;7840.0;3490.0;462;282;180;16147;8811;7336;15231;8584;6648;916;227;688
4729;30 tot 35 jaar;2027;69597.0;26662.0;31664.0;7791.0;3478.0;455;277;178;16119;8795;7324;15058;8484;6574;1061;311;751
4730;30 tot 35 jaar;2028;69797.0;26787.0;31747.0;7783.0;3483.0;450;275;176;16089;8778;7311;14939;8424;6515;1150;354;796
4731;30 tot 35 jaar;2029;70075.0;26937.0;31871.0;7780.0;3488.0;446;273;174;16064;8766;7298;14824;8365;6460;1240;401;838
4732;30 tot 35 jaar;2030;70952.0;27299.0;32273.0;7851.0;3526.0;447;273;173;16039;8752;7287;14767;8338;6429;1272;414;859
4733;30 tot 35 jaar;2031;71655.0;27536.0;32625.0;7921.0;3573.0;445;273;173;16012;8739;7273;14687;8297;6391;1325;442;882
4734;30 tot 35 jaar;2032;71993.0;27620.0;32813.0;7957.0;3604.0;444;272;173;15988;8725;7263;14592;8251;6339;1396;474;924
4735;30 tot 35 jaar;2033;71919.0;27565.0;32803.0;7942.0;3609.0;438;269;171;15969;8717;7252;14466;8187;6281;1503;531;971
4736;30 tot 35 jaar;2034;71387.0;27321.0;32587.0;7881.0;3597.0;431;264;168;15946;8703;7243;14301;8093;6207;1645;610;1036
4737;30 tot 35 jaar;2035;70215.0;26855.0;32071.0;7745.0;3546.0;421;258;163;15927;8692;7235;14082;7973;6109;1845;719;1126
4738;30 tot 35 jaar;2036;69153.0;26447.0;31592.0;7616.0;3497.0;410;253;159;15902;8680;7222;13877;7858;6017;2025;822;1205
4739;30 tot 35 jaar;2037;68135.0;26076.0;31124.0;7490.0;3446.0;401;246;155;15885;8670;7215;13680;7746;5931;2205;924;1284
4740;30 tot 35 jaar;2038;67182.0;25746.0;30677.0;7366.0;3391.0;391;239;153;15865;8659;7206;13485;7641;5846;2380;1018;1360
4741;30 tot 35 jaar;2039;66550.0;25534.0;30382.0;7282.0;3354.0;383;234;147;15849;8651;7198;13327;7552;5774;2522;1099;1424
4742;30 tot 35 jaar;2040;66219.0;25420.0;30229.0;7235.0;3336.0;377;232;147;15834;8642;7192;13195;7482;5716;2639;1160;1476
4743;30 tot 35 jaar;2041;65952.0;25331.0;30105.0;7193.0;3321.0;371;227;143;15815;8632;7183;13077;7417;5661;2738;1215;1522
4744;30 tot 35 jaar;2042;65784.0;25279.0;30027.0;7165.0;3314.0;368;226;142;15802;8624;7178;12972;7359;5613;2830;1265;1565
4745;30 tot 35 jaar;2043;65697.0;25260.0;29985.0;7146.0;3306.0;363;223;140;15793;8619;7174;12879;7306;5572;2914;1313;1602
4746;30 tot 35 jaar;2044;65690.0;25269.0;29978.0;7136.0;3305.0;360;220;139;15779;8611;7168;12796;7260;5536;2983;1351;1632
4747;30 tot 35 jaar;2045;65767.0;25313.0;30011.0;7136.0;3306.0;356;219;138;15767;8605;7162;12730;7222;5506;3037;1383;1656
4748;30 tot 35 jaar;2046;65942.0;25397.0;30084.0;7145.0;3315.0;354;217;136;15758;8600;7158;12675;7191;5485;3083;1409;1673
4749;30 tot 35 jaar;2047;66188.0;25504.0;30193.0;7163.0;3327.0;353;216;136;15746;8594;7152;12639;7165;5471;3107;1429;1681
4750;30 tot 35 jaar;2048;66497.0;25634.0;30332.0;7190.0;3340.0;350;216;135;15739;8588;7151;12611;7147;5465;3128;1441;1686
4751;30 tot 35 jaar;2049;66852.0;25783.0;30489.0;7223.0;3358.0;349;214;135;15733;8586;7147;12598;7133;5464;3135;1453;1683
4752;35 tot 40 jaar;2006;39978.0;10803.0;16636.0;8476.0;4063.0;951;542;408;9395;5119;4276;15256;9213;6043;-5861;-4094;-1767
4753;35 tot 40 jaar;2007;39562.0;10735.0;16403.0;8289.0;4137.0;929;527;401;9847;5380;4467;14848;8856;5991;-5001;-3476;-1524
4754;35 tot 40 jaar;2008;38377.0;10421.0;15782.0;7983.0;4190.0;897;507;388;10334;5675;4659;14274;8423;5854;-3940;-2748;-1195
4755;35 tot 40 jaar;2009;36973.0;10046.0;15099.0;7611.0;4217.0;849;480;369;10803;5971;4832;13650;7967;5682;-2847;-1996;-850
4756;35 tot 40 jaar;2010;35527.0;9722.0;14410.0;7221.0;4174.0;799;451;348;11197;6222;4975;13024;7540;5484;-1827;-1318;-509
4757;35 tot 40 jaar;2011;34218.0;9384.0;13854.0;6909.0;4072.0;758;427;331;11461;6395;5066;12533;7226;5308;-1072;-831;-242
4758;35 tot 40 jaar;2012;33236.0;9148.0;13471.0;6665.0;3951.0;723;408;315;11584;6473;5111;12131;6979;5152;-547;-506;-41
4759;35 tot 40 jaar;2013;32868.0;9078.0;13334.0;6551.0;3905.0;702;396;306;11608;6486;5122;11898;6832;5067;-290;-346;55
4760;35 tot 40 jaar;2014;32662.0;9060.0;13253.0;6476.0;3876.0;688;389;299;11578;6468;5110;11719;6721;4998;-141;-253;112
4761;35 tot 40 jaar;2015;32899.0;9148.0;13363.0;6491.0;3895.0;686;388;299;11541;6447;5094;11658;6686;4970;-117;-239;124
4762;35 tot 40 jaar;2016;33039.0;9209.0;13415.0;6497.0;3919.0;682;386;298;11503;6426;5077;11631;6666;4965;-128;-240;112
4763;35 tot 40 jaar;2017;32867.0;9164.0;13330.0;6455.0;3917.0;677;383;295;11470;6408;5062;11621;6662;4958;-151;-254;104
4764;35 tot 40 jaar;2018;32655.0;9117.0;13233.0;6405.0;3902.0;669;378;291;11438;6391;5047;11584;6646;4937;-146;-255;110
4765;35 tot 40 jaar;2019;32695.0;9149.0;13248.0;6390.0;3907.0;664;375;288;11407;6373;5034;11586;6653;4933;-179;-280;101
4766;35 tot 40 jaar;2020;32827.0;9210.0;13315.0;6387.0;3916.0;654;371;284;11374;6357;5017;11554;6635;4918;-180;-278;100
4767;35 tot 40 jaar;2021;33227.0;9344.0;13493.0;6433.0;3956.0;651;369;282;11343;6338;5005;11531;6624;4905;-188;-286;100
4768;35 tot 40 jaar;2022;33635.0;9472.0;13654.0;6498.0;4011.0;654;372;282;11312;6324;4988;11509;6619;4890;-197;-295;98
4769;35 tot 40 jaar;2023;34006.0;9580.0;13793.0;6564.0;4068.0;658;375;283;11282;6305;4977;11482;6611;4873;-200;-306;104
4770;35 tot 40 jaar;2024;34384.0;9693.0;13938.0;6630.0;4120.0;659;376;284;11255;6292;4963;11446;6593;4855;-191;-301;108
4771;35 tot 40 jaar;2025;34960.0;9869.0;14180.0;6724.0;4189.0;662;378;285;11229;6277;4952;11436;6597;4840;-207;-320;112
4772;35 tot 40 jaar;2026;35379.0;9997.0;14351.0;6787.0;4243.0;663;378;283;11202;6262;4940;11409;6588;4820;-207;-326;120
4773;35 tot 40 jaar;2027;35604.0;10062.0;14430.0;6829.0;4283.0;662;378;283;11175;6248;4927;11361;6568;4793;-186;-320;134
4774;35 tot 40 jaar;2028;35732.0;10099.0;14466.0;6856.0;4310.0;659;378;283;11148;6233;4915;11301;6538;4762;-153;-305;153
4775;35 tot 40 jaar;2029;35821.0;10128.0;14493.0;6870.0;4330.0;657;377;280;11123;6221;4902;11227;6501;4726;-104;-280;176
4776;35 tot 40 jaar;2030;35580.0;10063.0;14383.0;6822.0;4312.0;646;370;277;11102;6208;4894;11097;6431;4666;5;-223;228
4777;35 tot 40 jaar;2031;35312.0;9990.0;14274.0;6765.0;4285.0;637;365;271;11078;6195;4883;10976;6369;4606;102;-174;278
4778;35 tot 40 jaar;2032;35293.0;9993.0;14274.0;6748.0;4279.0;630;361;269;11059;6184;4875;10868;6310;4558;191;-126;317
4779;35 tot 40 jaar;2033;35543.0;10075.0;14391.0;6774.0;4303.0;622;358;266;11035;6170;4865;10799;6279;4521;236;-109;344
4780;35 tot 40 jaar;2034;35791.0;10156.0;14500.0;6807.0;4329.0;619;357;262;11019;6162;4857;10736;6249;4486;283;-87;371
4781;35 tot 40 jaar;2035;36306.0;10307.0;14716.0;6891.0;4391.0;621;358;263;10998;6149;4849;10709;6243;4466;289;-94;383
4782;35 tot 40 jaar;2036;36575.0;10382.0;14808.0;6948.0;4439.0;621;357;264;10978;6139;4839;10670;6226;4444;308;-87;395
4783;35 tot 40 jaar;2037;36643.0;10397.0;14817.0;6970.0;4460.0;620;358;263;10960;6129;4831;10620;6206;4413;341;-77;418
4784;35 tot 40 jaar;2038;36550.0;10369.0;14768.0;6955.0;4457.0;613;355;260;10944;6119;4825;10546;6170;4378;398;-51;447
4785;35 tot 40 jaar;2039;36182.0;10263.0;14599.0;6893.0;4426.0;606;349;257;10930;6111;4819;10443;6110;4334;487;1;485
4786;35 tot 40 jaar;2040;35549.0;10085.0;14332.0;6776.0;4356.0;591;341;249;10912;6100;4812;10305;6030;4276;607;70;536
4787;35 tot 40 jaar;2041;35034.0;9940.0;14123.0;6674.0;4296.0;577;333;245;10899;6095;4804;10176;5954;4223;723;141;581
4788;35 tot 40 jaar;2042;34575.0;9814.0;13943.0;6579.0;4239.0;564;325;238;10887;6087;4800;10055;5883;4172;832;204;628
4789;35 tot 40 jaar;2043;34183.0;9711.0;13793.0;6492.0;4188.0;551;317;231;10876;6082;4794;9939;5815;4124;937;267;670
4790;35 tot 40 jaar;2044;33933.0;9644.0;13699.0;6436.0;4155.0;540;313;227;10863;6073;4790;9847;5761;4086;1016;312;705
4791;35 tot 40 jaar;2045;33789.0;9607.0;13642.0;6403.0;4137.0;532;308;224;10853;6069;4784;9779;5722;4057;1074;348;727
4792;35 tot 40 jaar;2046;33677.0;9579.0;13596.0;6377.0;4124.0;525;303;221;10846;6064;4782;9722;5686;4035;1124;378;747
4793;35 tot 40 jaar;2047;33608.0;9563.0;13568.0;6361.0;4114.0;519;301;218;10834;6056;4778;9673;5655;4017;1161;401;761
4794;35 tot 40 jaar;2048;33580.0;9557.0;13558.0;6350.0;4116.0;512;298;215;10828;6052;4776;9635;5631;4006;1193;421;770
4795;35 tot 40 jaar;2049;33594.0;9565.0;13565.0;6349.0;4116.0;507;294;213;10820;6048;4772;9609;5610;3999;1211;438;773
4796;40 tot 45 jaar;2006;6541.0;1534.0;2186.0;1508.0;1312.0;1576;871;705;6641;3743;2898;11292;7124;4168;-4651;-3381;-1270
4797;40 tot 45 jaar;2007;6634.0;1561.0;2192.0;1527.0;1353.0;1553;854;698;6966;3932;3034;11155;6997;4160;-4189;-3065;-1126
4798;40 tot 45 jaar;2008;6777.0;1593.0;2214.0;1557.0;1411.0;1527;837;689;7341;4155;3186;11014;6867;4147;-3673;-2712;-961
4799;40 tot 45 jaar;2009;7065.0;1656.0;2275.0;1619.0;1516.0;1506;824;684;7721;4386;3335;10858;6732;4126;-3137;-2346;-791
4800;40 tot 45 jaar;2010;7218.0;1695.0;2296.0;1643.0;1585.0;1488;809;679;8025;4580;3445;10702;6593;4111;-2677;-2013;-666
4801;40 tot 45 jaar;2011;7162.0;1674.0;2258.0;1632.0;1595.0;1467;795;673;8245;4722;3523;10479;6405;4074;-2234;-1683;-551
4802;40 tot 45 jaar;2012;6977.0;1638.0;2199.0;1577.0;1564.0;1439;775;664;8338;4784;3554;10222;6208;4014;-1884;-1424;-460
4803;40 tot 45 jaar;2013;6662.0;1558.0;2087.0;1520.0;1497.0;1390;745;645;8357;4793;3564;9868;5963;3908;-1511;-1170;-344
4804;40 tot 45 jaar;2014;6346.0;1483.0;1985.0;1441.0;1435.0;1315;703;613;8329;4775;3554;9483;5694;3788;-1154;-919;-234
4805;40 tot 45 jaar;2015;6096.0;1421.0;1897.0;1398.0;1380.0;1239;659;580;8298;4757;3541;9099;5439;3660;-801;-682;-119
4806;40 tot 45 jaar;2016;5935.0;1380.0;1838.0;1376.0;1340.0;1171;622;549;8268;4741;3527;8807;5255;3553;-539;-514;-26
4807;40 tot 45 jaar;2017;5851.0;1355.0;1804.0;1376.0;1314.0;1113;590;522;8243;4727;3516;8577;5111;3465;-334;-384;51
4808;40 tot 45 jaar;2018;5854.0;1355.0;1799.0;1391.0;1310.0;1079;572;507;8213;4711;3502;8447;5029;3416;-234;-318;86
4809;40 tot 45 jaar;2019;5865.0;1356.0;1799.0;1406.0;1306.0;1055;559;496;8183;4695;3488;8342;4969;3376;-159;-274;112
4810;40 tot 45 jaar;2020;5948.0;1372.0;1821.0;1434.0;1321.0;1046;554;492;8161;4684;3477;8313;4954;3359;-151;-270;118
4811;40 tot 45 jaar;2021;5996.0;1380.0;1832.0;1453.0;1332.0;1037;548;488;8135;4668;3467;8288;4939;3347;-153;-271;120
4812;40 tot 45 jaar;2022;5954.0;1366.0;1815.0;1453.0;1322.0;1028;544;484;8108;4655;3453;8259;4928;3331;-151;-273;122
4813;40 tot 45 jaar;2023;5917.0;1355.0;1799.0;1450.0;1314.0;1015;538;478;8084;4642;3442;8219;4911;3308;-135;-269;134
4814;40 tot 45 jaar;2024;5947.0;1360.0;1805.0;1462.0;1319.0;1007;535;474;8059;4628;3431;8206;4912;3295;-147;-284;136
4815;40 tot 45 jaar;2025;6013.0;1375.0;1825.0;1486.0;1330.0;995;527;468;8038;4617;3421;8179;4901;3277;-141;-284;144
4816;40 tot 45 jaar;2026;6136.0;1401.0;1861.0;1521.0;1352.0;991;527;465;8014;4604;3410;8163;4899;3265;-149;-295;145
4817;40 tot 45 jaar;2027;6228.0;1421.0;1884.0;1548.0;1373.0;994;530;466;7992;4593;3399;8159;4906;3253;-167;-313;146
4818;40 tot 45 jaar;2028;6291.0;1432.0;1901.0;1571.0;1387.0;1001;533;468;7973;4583;3390;8150;4910;3241;-177;-327;149
4819;40 tot 45 jaar;2029;6371.0;1448.0;1922.0;1596.0;1406.0;1004;535;468;7951;4569;3382;8132;4906;3227;-181;-337;155
4820;40 tot 45 jaar;2030;6505.0;1478.0;1961.0;1634.0;1433.0;1011;541;470;7930;4557;3373;8136;4919;3217;-206;-362;156
4821;40 tot 45 jaar;2031;6602.0;1498.0;1988.0;1664.0;1452.0;1013;543;471;7913;4548;3365;8123;4919;3206;-210;-371;159
4822;40 tot 45 jaar;2032;6638.0;1504.0;1996.0;1676.0;1463.0;1013;543;470;7893;4537;3356;8100;4912;3191;-207;-375;165
4823;40 tot 45 jaar;2033;6651.0;1502.0;1997.0;1685.0;1466.0;1012;543;468;7875;4526;3349;8067;4897;3170;-192;-371;179
4824;40 tot 45 jaar;2034;6664.0;1506.0;1998.0;1693.0;1469.0;1010;543;466;7860;4518;3342;8028;4883;3146;-168;-365;196
4825;40 tot 45 jaar;2035;6620.0;1492.0;1982.0;1685.0;1463.0;996;536;460;7840;4506;3334;7946;4839;3106;-106;-333;228
4826;40 tot 45 jaar;2036;6578.0;1482.0;1967.0;1676.0;1453.0;981;528;452;7824;4498;3326;7872;4803;3070;-48;-305;256
4827;40 tot 45 jaar;2037;6599.0;1484.0;1974.0;1685.0;1456.0;968;523;447;7813;4492;3321;7808;4769;3040;5;-277;281
4828;40 tot 45 jaar;2038;6688.0;1506.0;2003.0;1711.0;1472.0;962;520;442;7799;4484;3315;7775;4754;3022;24;-270;294
4829;40 tot 45 jaar;2039;6765.0;1522.0;2024.0;1734.0;1486.0;956;517;439;7783;4474;3309;7745;4743;3003;38;-269;306
4830;40 tot 45 jaar;2040;6884.0;1547.0;2060.0;1765.0;1511.0;956;518;439;7770;4470;3300;7744;4747;2997;26;-277;303
4831;40 tot 45 jaar;2041;6919.0;1553.0;2066.0;1776.0;1520.0;957;518;438;7759;4463;3296;7731;4745;2987;28;-282;309
4832;40 tot 45 jaar;2042;6908.0;1550.0;2061.0;1776.0;1521.0;955;519;436;7749;4457;3292;7711;4738;2973;38;-281;319
4833;40 tot 45 jaar;2043;6884.0;1541.0;2052.0;1773.0;1517.0;947;515;431;7741;4452;3289;7674;4720;2956;67;-268;333
4834;40 tot 45 jaar;2044;6795.0;1520.0;2024.0;1753.0;1498.0;933;508;426;7730;4446;3284;7620;4688;2935;110;-242;350
4835;40 tot 45 jaar;2045;6671.0;1491.0;1984.0;1722.0;1473.0;912;497;415;7718;4440;3278;7541;4637;2903;177;-197;375
4836;40 tot 45 jaar;2046;6580.0;1470.0;1958.0;1700.0;1453.0;890;486;405;7710;4437;3273;7470;4593;2878;240;-156;395
4837;40 tot 45 jaar;2047;6514.0;1454.0;1937.0;1686.0;1437.0;869;475;394;7701;4431;3270;7402;4548;2854;299;-117;416
4838;40 tot 45 jaar;2048;6466.0;1443.0;1923.0;1673.0;1425.0;848;464;384;7696;4427;3269;7344;4509;2836;352;-82;433
4839;40 tot 45 jaar;2049;6436.0;1436.0;1914.0;1668.0;1418.0;831;454;376;7690;4425;3265;7300;4478;2822;390;-53;443
4840;45 tot 50 jaar;2006;266.0;43.0;49.0;56.0;114.0;2542;1375;1168;4257;2504;1753;7892;4964;2927;-3635;-2460;-1174
4841;45 tot 50 jaar;2007;270.0;45.0;48.0;58.0;117.0;2539;1362;1176;4481;2640;1841;7999;5032;2967;-3518;-2392;-1126
4842;45 tot 50 jaar;2008;287.0;47.0;49.0;63.0;128.0;2541;1356;1184;4741;2802;1939;8074;5072;3002;-3333;-2270;-1063
4843;45 tot 50 jaar;2009;301.0;49.0;50.0;67.0;136.0;2534;1345;1189;5000;2966;2034;8144;5111;3033;-3144;-2145;-999
4844;45 tot 50 jaar;2010;304.0;51.0;48.0;67.0;139.0;2519;1329;1191;5217;3107;2110;8117;5087;3027;-2900;-1980;-917
4845;45 tot 50 jaar;2011;305.0;51.0;47.0;66.0;143.0;2486;1303;1184;5371;3214;2157;8058;5050;3009;-2687;-1836;-852
4846;45 tot 50 jaar;2012;303.0;52.0;45.0;66.0;141.0;2446;1275;1171;5439;3257;2182;7955;4972;2983;-2516;-1715;-801
4847;45 tot 50 jaar;2013;304.0;52.0;43.0;68.0;143.0;2398;1241;1158;5449;3263;2186;7849;4890;2962;-2400;-1627;-776
4848;45 tot 50 jaar;2014;317.0;55.0;45.0;69.0;146.0;2360;1214;1147;5431;3253;2178;7747;4814;2933;-2316;-1561;-755
4849;45 tot 50 jaar;2015;316.0;53.0;44.0;71.0;147.0;2326;1187;1137;5409;3240;2169;7654;4733;2921;-2245;-1493;-752
4850;45 tot 50 jaar;2016;308.0;52.0;42.0;69.0;145.0;2288;1161;1126;5391;3229;2162;7545;4639;2906;-2154;-1410;-744
4851;45 tot 50 jaar;2017;293.0;52.0;40.0;65.0;140.0;2235;1125;1109;5369;3217;2152;7418;4537;2879;-2049;-1320;-727
4852;45 tot 50 jaar;2018;278.0;49.0;36.0;63.0;132.0;2155;1079;1077;5349;3205;2144;7210;4390;2819;-1861;-1185;-675
4853;45 tot 50 jaar;2019;266.0;47.0;33.0;57.0;127.0;2039;1016;1024;5330;3195;2135;6961;4220;2740;-1631;-1025;-605
4854;45 tot 50 jaar;2020;257.0;44.0;31.0;57.0;124.0;1919;952;969;5313;3185;2128;6703;4052;2650;-1390;-867;-522
4855;45 tot 50 jaar;2021;249.0;43.0;30.0;54.0;120.0;1818;899;918;5297;3175;2122;6492;3921;2569;-1195;-746;-447
4856;45 tot 50 jaar;2022;248.0;43.0;29.0;56.0;119.0;1732;856;874;5277;3163;2114;6315;3817;2498;-1038;-654;-384
4857;45 tot 50 jaar;2023;249.0;45.0;30.0;56.0;120.0;1683;833;852;5260;3154;2106;6209;3756;2454;-949;-602;-348
4858;45 tot 50 jaar;2024;247.0;43.0;29.0;56.0;120.0;1647;815;834;5239;3142;2097;6123;3708;2416;-884;-566;-319
4859;45 tot 50 jaar;2025;251.0;44.0;29.0;58.0;120.0;1639;811;828;5225;3135;2090;6089;3692;2396;-864;-557;-306
4860;45 tot 50 jaar;2026;250.0;44.0;27.0;58.0;123.0;1631;806;824;5211;3126;2085;6061;3680;2381;-850;-554;-296
4861;45 tot 50 jaar;2027;248.0;43.0;26.0;58.0;121.0;1620;802;818;5195;3116;2079;6030;3668;2362;-835;-552;-283
4862;45 tot 50 jaar;2028;245.0;44.0;25.0;57.0;119.0;1606;795;810;5181;3107;2074;5993;3651;2343;-812;-544;-269
4863;45 tot 50 jaar;2029;247.0;44.0;26.0;57.0;120.0;1596;792;805;5165;3098;2067;5979;3650;2329;-814;-552;-262
4864;45 tot 50 jaar;2030;249.0;44.0;25.0;59.0;121.0;1580;786;795;5152;3091;2061;5958;3645;2312;-806;-554;-251
4865;45 tot 50 jaar;2031;254.0;44.0;25.0;60.0;126.0;1575;785;791;5137;3082;2055;5950;3650;2300;-813;-568;-245
4866;45 tot 50 jaar;2032;254.0;45.0;22.0;60.0;127.0;1583;790;793;5125;3076;2049;5949;3658;2291;-824;-582;-242
4867;45 tot 50 jaar;2033;255.0;44.0;22.0;61.0;127.0;1593;797;797;5113;3069;2044;5948;3668;2281;-835;-599;-237
4868;45 tot 50 jaar;2034;257.0;44.0;22.0;61.0;128.0;1599;802;799;5099;3060;2039;5939;3668;2270;-840;-608;-231
4869;45 tot 50 jaar;2035;263.0;45.0;22.0;64.0;130.0;1610;808;801;5088;3054;2034;5945;3682;2263;-857;-628;-229
4870;45 tot 50 jaar;2036;265.0;46.0;21.0;64.0;133.0;1612;810;801;5077;3048;2029;5944;3689;2255;-867;-641;-226
4871;45 tot 50 jaar;2037;263.0;46.0;21.0;63.0;132.0;1609;810;798;5067;3043;2024;5932;3687;2245;-865;-644;-221
4872;45 tot 50 jaar;2038;261.0;46.0;19.0;63.0;132.0;1606;810;794;5055;3036;2019;5914;3682;2232;-859;-646;-213
4873;45 tot 50 jaar;2039;262.0;46.0;19.0;63.0;132.0;1601;810;791;5048;3033;2015;5895;3676;2219;-847;-643;-204
4874;45 tot 50 jaar;2040;258.0;45.0;18.0;63.0;131.0;1576;800;779;5038;3025;2013;5847;3651;2197;-809;-626;-184
4875;45 tot 50 jaar;2041;256.0;44.0;18.0;63.0;130.0;1551;787;761;5032;3021;2011;5804;3630;2174;-772;-609;-163
4876;45 tot 50 jaar;2042;254.0;45.0;17.0;62.0;129.0;1530;779;750;5024;3017;2007;5770;3613;2157;-746;-596;-150
4877;45 tot 50 jaar;2043;259.0;47.0;17.0;63.0;132.0;1517;775;741;5015;3012;2003;5757;3608;2149;-742;-596;-146
4878;45 tot 50 jaar;2044;259.0;46.0;15.0;64.0;134.0;1502;770;732;5010;3010;2000;5747;3607;2139;-737;-597;-139
4879;45 tot 50 jaar;2045;263.0;48.0;15.0;66.0;135.0;1502;771;730;5005;3006;1999;5758;3616;2143;-753;-610;-144
4880;45 tot 50 jaar;2046;262.0;48.0;14.0;65.0;135.0;1501;771;729;4998;3002;1996;5765;3622;2143;-767;-620;-147
4881;45 tot 50 jaar;2047;261.0;47.0;14.0;65.0;135.0;1495;773;725;4992;2999;1993;5769;3627;2145;-777;-628;-152
4882;45 tot 50 jaar;2048;259.0;48.0;13.0;65.0;133.0;1480;767;715;4987;2996;1991;5762;3621;2142;-775;-625;-151
4883;45 tot 50 jaar;2049;260.0;49.0;13.0;64.0;134.0;1458;755;702;4984;2995;1989;5739;3604;2135;-755;-609;-146
4884;50 tot 55 jaar;2006;;;;;;3817;2168;1649;2796;1661;1135;5540;3465;2076;-2744;-1804;-941
4885;50 tot 55 jaar;2007;;;;;;3772;2119;1653;2951;1750;1201;5592;3478;2113;-2641;-1728;-912
4886;50 tot 55 jaar;2008;;;;;;3752;2090;1664;3133;1864;1269;5663;3516;2146;-2530;-1652;-877
4887;50 tot 55 jaar;2009;;;;;;3742;2063;1679;3324;1988;1336;5725;3553;2173;-2401;-1565;-837
4888;50 tot 55 jaar;2010;;;;;;3731;2041;1691;3486;2094;1392;5827;3618;2208;-2341;-1524;-816
4889;50 tot 55 jaar;2011;;;;;;3725;2016;1707;3600;2167;1433;5859;3635;2221;-2259;-1468;-788
4890;50 tot 55 jaar;2012;;;;;;3712;1994;1720;3648;2200;1448;5912;3673;2239;-2264;-1473;-791
4891;50 tot 55 jaar;2013;;;;;;3701;1972;1730;3654;2202;1452;5950;3697;2254;-2296;-1495;-802
4892;50 tot 55 jaar;2014;;;;;;3685;1949;1737;3639;2194;1445;5999;3724;2277;-2360;-1530;-832
4893;50 tot 55 jaar;2015;;;;;;3658;1923;1737;3625;2185;1440;5993;3718;2275;-2368;-1533;-835
4894;50 tot 55 jaar;2016;;;;;;3607;1884;1724;3611;2178;1433;5977;3703;2275;-2366;-1525;-842
4895;50 tot 55 jaar;2017;;;;;;3545;1840;1705;3595;2168;1427;5926;3663;2264;-2331;-1495;-837
4896;50 tot 55 jaar;2018;;;;;;3478;1792;1686;3580;2160;1420;5883;3623;2260;-2303;-1463;-840
4897;50 tot 55 jaar;2019;;;;;;3429;1757;1672;3566;2151;1415;5838;3587;2253;-2272;-1436;-838
4898;50 tot 55 jaar;2020;;;;;;3389;1727;1663;3550;2141;1409;5795;3547;2249;-2245;-1406;-840
4899;50 tot 55 jaar;2021;;;;;;3343;1695;1648;3537;2134;1403;5727;3486;2241;-2190;-1352;-838
4900;50 tot 55 jaar;2022;;;;;;3282;1658;1625;3524;2126;1398;5636;3417;2219;-2112;-1291;-821
4901;50 tot 55 jaar;2023;;;;;;3178;1600;1577;3514;2120;1394;5485;3312;2173;-1971;-1192;-779
4902;50 tot 55 jaar;2024;;;;;;3022;1518;1505;3497;2110;1387;5299;3188;2112;-1802;-1078;-725
4903;50 tot 55 jaar;2025;;;;;;2861;1433;1427;3485;2104;1381;5104;3062;2041;-1619;-958;-660
4904;50 tot 55 jaar;2026;;;;;;2720;1364;1357;3470;2095;1375;4941;2964;1977;-1471;-869;-602
4905;50 tot 55 jaar;2027;;;;;;2605;1306;1299;3459;2088;1371;4809;2885;1921;-1350;-797;-550
4906;50 tot 55 jaar;2028;;;;;;2540;1275;1265;3450;2083;1367;4729;2842;1887;-1279;-759;-520
4907;50 tot 55 jaar;2029;;;;;;2496;1255;1241;3440;2077;1363;4667;2808;1858;-1227;-731;-495
4908;50 tot 55 jaar;2030;;;;;;2487;1252;1234;3431;2072;1359;4647;2801;1846;-1216;-729;-487
4909;50 tot 55 jaar;2031;;;;;;2477;1247;1230;3419;2064;1355;4627;2791;1836;-1208;-727;-481
4910;50 tot 55 jaar;2032;;;;;;2462;1240;1221;3410;2058;1352;4607;2784;1824;-1197;-726;-472
4911;50 tot 55 jaar;2033;;;;;;2437;1230;1207;3400;2053;1347;4585;2775;1810;-1185;-722;-463
4912;50 tot 55 jaar;2034;;;;;;2419;1224;1195;3390;2047;1343;4577;2776;1800;-1187;-729;-457
4913;50 tot 55 jaar;2035;;;;;;2392;1211;1181;3383;2044;1339;4568;2775;1792;-1185;-731;-453
4914;50 tot 55 jaar;2036;;;;;;2379;1207;1171;3375;2040;1335;4566;2780;1786;-1191;-740;-451
4915;50 tot 55 jaar;2037;;;;;;2385;1213;1171;3370;2035;1335;4579;2794;1786;-1209;-759;-451
4916;50 tot 55 jaar;2038;;;;;;2395;1222;1172;3361;2030;1331;4589;2805;1784;-1228;-775;-453
4917;50 tot 55 jaar;2039;;;;;;2397;1226;1171;3351;2024;1327;4598;2813;1784;-1247;-789;-457
4918;50 tot 55 jaar;2040;;;;;;2407;1236;1171;3346;2020;1326;4616;2830;1786;-1270;-810;-460
4919;50 tot 55 jaar;2041;;;;;;2406;1239;1167;3342;2018;1324;4629;2841;1787;-1287;-823;-463
4920;50 tot 55 jaar;2042;;;;;;2398;1238;1160;3335;2016;1319;4635;2847;1787;-1300;-831;-468
4921;50 tot 55 jaar;2043;;;;;;2389;1236;1153;3331;2012;1319;4639;2849;1788;-1308;-837;-469
4922;50 tot 55 jaar;2044;;;;;;2377;1234;1142;3322;2008;1314;4639;2852;1787;-1317;-844;-473
4923;50 tot 55 jaar;2045;;;;;;2338;1218;1120;3319;2004;1315;4617;2838;1781;-1298;-834;-466
4924;50 tot 55 jaar;2046;;;;;;2298;1201;1096;3310;2000;1310;4597;2826;1771;-1287;-826;-461
4925;50 tot 55 jaar;2047;;;;;;2264;1186;1079;3308;1999;1309;4588;2821;1768;-1280;-822;-459
4926;50 tot 55 jaar;2048;;;;;;2242;1179;1065;3302;1997;1305;4595;2823;1771;-1293;-826;-466
4927;50 tot 55 jaar;2049;;;;;;2223;1172;1051;3300;1994;1306;4609;2831;1778;-1309;-837;-472
4928;55 tot 60 jaar;2006;;;;;;5816;3435;2380;2047;1189;858;4416;2653;1765;-2369;-1464;-907
4929;55 tot 60 jaar;2007;;;;;;5577;3264;2313;2149;1247;902;4366;2604;1760;-2217;-1357;-858
4930;55 tot 60 jaar;2008;;;;;;5421;3142;2280;2291;1328;963;4330;2566;1763;-2039;-1238;-800
4931;55 tot 60 jaar;2009;;;;;;5324;3057;2268;2446;1424;1022;4328;2551;1778;-1882;-1127;-756
4932;55 tot 60 jaar;2010;;;;;;5264;2991;2273;2589;1510;1079;4328;2540;1789;-1739;-1030;-710
4933;55 tot 60 jaar;2011;;;;;;5241;2949;2292;2688;1573;1115;4371;2558;1812;-1683;-985;-697
4934;55 tot 60 jaar;2012;;;;;;5193;2894;2299;2731;1601;1130;4380;2554;1825;-1649;-953;-695
4935;55 tot 60 jaar;2013;;;;;;5176;2861;2316;2737;1602;1135;4413;2569;1842;-1676;-967;-707
4936;55 tot 60 jaar;2014;;;;;;5176;2838;2337;2722;1593;1129;4443;2588;1855;-1721;-995;-726
4937;55 tot 60 jaar;2015;;;;;;5179;2824;2355;2703;1583;1120;4504;2628;1875;-1801;-1045;-755
4938;55 tot 60 jaar;2016;;;;;;5188;2811;2377;2688;1575;1113;4535;2646;1889;-1847;-1071;-776
4939;55 tot 60 jaar;2017;;;;;;5192;2795;2398;2671;1566;1105;4588;2680;1908;-1917;-1114;-803
4940;55 tot 60 jaar;2018;;;;;;5200;2787;2414;2656;1557;1099;4628;2704;1925;-1972;-1147;-826
4941;55 tot 60 jaar;2019;;;;;;5204;2779;2426;2643;1550;1093;4670;2726;1944;-2027;-1176;-851
4942;55 tot 60 jaar;2020;;;;;;5199;2768;2431;2629;1543;1086;4670;2726;1944;-2041;-1183;-858
4943;55 tot 60 jaar;2021;;;;;;5157;2740;2417;2613;1533;1080;4653;2716;1937;-2040;-1183;-857
4944;55 tot 60 jaar;2022;;;;;;5108;2709;2397;2599;1525;1074;4609;2685;1923;-2010;-1160;-849
4945;55 tot 60 jaar;2023;;;;;;5046;2671;2376;2585;1518;1067;4562;2653;1912;-1977;-1135;-845
4946;55 tot 60 jaar;2024;;;;;;5005;2645;2361;2571;1509;1062;4524;2625;1897;-1953;-1116;-835
4947;55 tot 60 jaar;2025;;;;;;4969;2619;2349;2560;1504;1056;4486;2597;1889;-1926;-1093;-833
4948;55 tot 60 jaar;2026;;;;;;4924;2592;2330;2545;1494;1051;4430;2555;1875;-1885;-1061;-824
4949;55 tot 60 jaar;2027;;;;;;4849;2550;2300;2534;1489;1045;4356;2504;1853;-1822;-1015;-808
4950;55 tot 60 jaar;2028;;;;;;4711;2475;2235;2523;1482;1041;4237;2429;1808;-1714;-947;-767
4951;55 tot 60 jaar;2029;;;;;;4486;2355;2129;2512;1476;1036;4087;2334;1753;-1575;-858;-717
4952;55 tot 60 jaar;2030;;;;;;4250;2231;2017;2504;1472;1032;3931;2239;1691;-1427;-767;-659
4953;55 tot 60 jaar;2031;;;;;;4040;2123;1918;2492;1465;1027;3802;2163;1638;-1310;-698;-611
4954;55 tot 60 jaar;2032;;;;;;3864;2033;1830;2481;1458;1023;3695;2103;1591;-1214;-645;-568
4955;55 tot 60 jaar;2033;;;;;;3762;1983;1780;2470;1452;1018;3632;2069;1565;-1162;-617;-547
4956;55 tot 60 jaar;2034;;;;;;3685;1944;1742;2460;1447;1013;3583;2044;1538;-1123;-597;-525
4957;55 tot 60 jaar;2035;;;;;;3659;1931;1728;2450;1441;1009;3565;2038;1528;-1115;-597;-519
4958;55 tot 60 jaar;2036;;;;;;3633;1917;1716;2443;1438;1005;3552;2030;1521;-1109;-592;-516
4959;55 tot 60 jaar;2037;;;;;;3601;1903;1699;2432;1432;1000;3534;2024;1511;-1102;-592;-511
4960;55 tot 60 jaar;2038;;;;;;3556;1881;1674;2425;1427;998;3518;2017;1501;-1093;-590;-503
4961;55 tot 60 jaar;2039;;;;;;3525;1869;1655;2417;1423;994;3512;2017;1494;-1095;-594;-500
4962;55 tot 60 jaar;2040;;;;;;3480;1848;1633;2408;1419;989;3504;2015;1489;-1096;-596;-500
4963;55 tot 60 jaar;2041;;;;;;3458;1840;1617;2406;1417;989;3510;2022;1489;-1104;-605;-500
4964;55 tot 60 jaar;2042;;;;;;3465;1848;1616;2398;1412;986;3524;2035;1489;-1126;-623;-503
4965;55 tot 60 jaar;2043;;;;;;3481;1862;1619;2391;1408;983;3536;2045;1491;-1145;-637;-508
4966;55 tot 60 jaar;2044;;;;;;3488;1869;1618;2387;1405;982;3546;2052;1494;-1159;-647;-512
4967;55 tot 60 jaar;2045;;;;;;3506;1884;1620;2381;1403;978;3567;2068;1498;-1186;-665;-520
4968;55 tot 60 jaar;2046;;;;;;3507;1890;1617;2377;1398;979;3581;2078;1504;-1204;-680;-525
4969;55 tot 60 jaar;2047;;;;;;3498;1888;1611;2372;1397;975;3592;2084;1509;-1220;-687;-534
4970;55 tot 60 jaar;2048;;;;;;3493;1889;1604;2368;1394;974;3601;2088;1512;-1233;-694;-538
4971;55 tot 60 jaar;2049;;;;;;3482;1886;1595;2363;1392;971;3611;2094;1516;-1248;-702;-545
4972;60 tot 65 jaar;2006;;;;;;7569;4654;2914;1263;720;543;2900;1789;1111;-1637;-1069;-568
4973;60 tot 65 jaar;2007;;;;;;7997;4878;3121;1325;757;568;3066;1882;1185;-1741;-1125;-617
4974;60 tot 65 jaar;2008;;;;;;8263;5007;3255;1418;808;610;3177;1936;1241;-1759;-1128;-631
4975;60 tot 65 jaar;2009;;;;;;8412;5064;3349;1526;872;654;3228;1960;1268;-1702;-1088;-614
4976;60 tot 65 jaar;2010;;;;;;8645;5172;3472;1617;924;693;3289;1989;1300;-1672;-1065;-607
4977;60 tot 65 jaar;2011;;;;;;8237;4888;3349;1679;962;717;3214;1930;1285;-1535;-968;-568
4978;60 tot 65 jaar;2012;;;;;;7937;4677;3260;1712;983;729;3175;1894;1282;-1463;-911;-553
4979;60 tot 65 jaar;2013;;;;;;7742;4527;3216;1714;983;731;3147;1866;1280;-1433;-883;-549
4980;60 tot 65 jaar;2014;;;;;;7636;4434;3202;1706;979;727;3151;1859;1293;-1445;-880;-566
4981;60 tot 65 jaar;2015;;;;;;7584;4374;3210;1696;972;724;3159;1850;1306;-1463;-878;-582
4982;60 tot 65 jaar;2016;;;;;;7585;4352;3234;1681;964;717;3207;1876;1331;-1526;-912;-614
4983;60 tot 65 jaar;2017;;;;;;7551;4305;3247;1671;959;712;3234;1885;1350;-1563;-926;-638
4984;60 tot 65 jaar;2018;;;;;;7564;4294;3273;1662;955;707;3275;1907;1368;-1613;-952;-661
4985;60 tot 65 jaar;2019;;;;;;7608;4300;3308;1651;949;702;3315;1931;1383;-1664;-982;-681
4986;60 tot 65 jaar;2020;;;;;;7658;4319;3337;1641;944;697;3371;1965;1406;-1730;-1021;-709
4987;60 tot 65 jaar;2021;;;;;;7718;4344;3373;1631;939;692;3400;1982;1419;-1769;-1043;-727
4988;60 tot 65 jaar;2022;;;;;;7778;4372;3405;1621;932;689;3437;2005;1430;-1816;-1073;-741
4989;60 tot 65 jaar;2023;;;;;;7843;4407;3433;1611;927;684;3468;2026;1441;-1857;-1099;-757
4990;60 tot 65 jaar;2024;;;;;;7890;4436;3453;1600;921;679;3500;2045;1454;-1900;-1124;-775
4991;60 tot 65 jaar;2025;;;;;;7919;4456;3464;1591;916;675;3499;2045;1455;-1908;-1129;-780
4992;60 tot 65 jaar;2026;;;;;;7884;4441;3444;1581;910;671;3487;2039;1450;-1906;-1129;-779
4993;60 tot 65 jaar;2027;;;;;;7833;4417;3414;1572;906;666;3454;2017;1438;-1882;-1111;-772
4994;60 tot 65 jaar;2028;;;;;;7753;4372;3381;1562;900;662;3428;1997;1431;-1866;-1097;-769
4995;60 tot 65 jaar;2029;;;;;;7699;4341;3357;1555;895;660;3401;1980;1421;-1846;-1085;-761
4996;60 tot 65 jaar;2030;;;;;;7646;4305;3338;1548;891;657;3378;1962;1416;-1830;-1071;-759
4997;60 tot 65 jaar;2031;;;;;;7573;4264;3307;1538;886;652;3338;1931;1408;-1800;-1045;-756
4998;60 tot 65 jaar;2032;;;;;;7450;4190;3259;1531;882;649;3286;1893;1394;-1755;-1011;-745
4999;60 tot 65 jaar;2033;;;;;;7223;4062;3161;1522;877;645;3198;1837;1362;-1676;-960;-717
5000;60 tot 65 jaar;2034;;;;;;6864;3856;3007;1519;874;645;3089;1767;1322;-1570;-893;-677
5001;60 tot 65 jaar;2035;;;;;;6484;3639;2845;1512;871;641;2975;1698;1278;-1463;-827;-637
5002;60 tot 65 jaar;2036;;;;;;6151;3450;2700;1505;867;638;2882;1642;1239;-1377;-775;-601
5003;60 tot 65 jaar;2037;;;;;;5873;3296;2575;1498;864;634;2802;1599;1203;-1304;-735;-569
5004;60 tot 65 jaar;2038;;;;;;5710;3206;2502;1493;861;632;2760;1576;1183;-1267;-715;-551
5005;60 tot 65 jaar;2039;;;;;;5589;3139;2450;1485;856;629;2723;1558;1165;-1238;-702;-536
5006;60 tot 65 jaar;2040;;;;;;5550;3119;2431;1481;855;626;2716;1559;1158;-1235;-704;-532
5007;60 tot 65 jaar;2041;;;;;;5509;3095;2416;1476;851;625;2709;1555;1154;-1233;-704;-529
5008;60 tot 65 jaar;2042;;;;;;5464;3070;2394;1469;848;621;2700;1552;1148;-1231;-704;-527
5009;60 tot 65 jaar;2043;;;;;;5401;3036;2363;1466;845;621;2691;1550;1141;-1225;-705;-520
5010;60 tot 65 jaar;2044;;;;;;5363;3019;2343;1460;843;617;2694;1552;1140;-1234;-709;-523
5011;60 tot 65 jaar;2045;;;;;;5300;2985;2315;1456;840;616;2697;1557;1141;-1241;-717;-525
5012;60 tot 65 jaar;2046;;;;;;5277;2975;2302;1453;839;614;2710;1565;1143;-1257;-726;-529
5013;60 tot 65 jaar;2047;;;;;;5298;2992;2308;1448;836;612;2727;1578;1148;-1279;-742;-536
5014;60 tot 65 jaar;2048;;;;;;5334;3014;2319;1446;835;611;2746;1592;1155;-1300;-757;-544
5015;60 tot 65 jaar;2049;;;;;;5358;3028;2329;1443;834;609;2762;1602;1160;-1319;-768;-551
5016;65 tot 70 jaar;2006;;;;;;9465;5846;3618;819;443;376;1975;1251;725;-1156;-808;-349
5017;65 tot 70 jaar;2007;;;;;;9596;5914;3683;862;467;395;2027;1279;749;-1165;-812;-354
5018;65 tot 70 jaar;2008;;;;;;9752;5994;3759;926;506;420;2074;1304;769;-1148;-798;-349
5019;65 tot 70 jaar;2009;;;;;;9973;6114;3859;998;544;454;2130;1334;798;-1132;-790;-344
5020;65 tot 70 jaar;2010;;;;;;10047;6137;3912;1059;577;482;2155;1341;814;-1096;-764;-332
5021;65 tot 70 jaar;2011;;;;;;10859;6603;4256;1099;600;499;2314;1434;879;-1215;-834;-380
5022;65 tot 70 jaar;2012;;;;;;11550;6987;4561;1118;610;508;2430;1504;927;-1312;-894;-419
5023;65 tot 70 jaar;2013;;;;;;11995;7230;4764;1118;610;508;2508;1540;970;-1390;-930;-462
5024;65 tot 70 jaar;2014;;;;;;12293;7387;4906;1110;606;504;2537;1544;993;-1427;-938;-489
5025;65 tot 70 jaar;2015;;;;;;12734;7629;5107;1101;601;500;2573;1554;1018;-1472;-953;-518
5026;65 tot 70 jaar;2016;;;;;;12209;7287;4922;1096;599;497;2540;1523;1019;-1444;-924;-522
5027;65 tot 70 jaar;2017;;;;;;11820;7030;4790;1090;596;494;2543;1509;1034;-1453;-913;-540
5028;65 tot 70 jaar;2018;;;;;;11590;6866;4724;1082;591;491;2547;1502;1044;-1465;-911;-553
5029;65 tot 70 jaar;2019;;;;;;11494;6790;4703;1075;589;486;2569;1504;1066;-1494;-915;-580
5030;65 tot 70 jaar;2020;;;;;;11482;6766;4717;1066;584;482;2583;1507;1077;-1517;-923;-595
5031;65 tot 70 jaar;2021;;;;;;11547;6793;4754;1062;582;480;2632;1533;1100;-1570;-951;-620
5032;65 tot 70 jaar;2022;;;;;;11567;6795;4771;1054;578;476;2662;1546;1115;-1608;-968;-639
5033;65 tot 70 jaar;2023;;;;;;11654;6844;4809;1048;574;474;2705;1571;1135;-1657;-997;-661
5034;65 tot 70 jaar;2024;;;;;;11775;6913;4862;1041;572;469;2743;1594;1148;-1702;-1022;-679
5035;65 tot 70 jaar;2025;;;;;;11897;6995;4902;1034;567;467;2794;1628;1167;-1760;-1061;-700
5036;65 tot 70 jaar;2026;;;;;;12027;7073;4953;1029;565;464;2826;1648;1177;-1797;-1083;-713
5037;65 tot 70 jaar;2027;;;;;;12146;7150;4996;1022;561;461;2870;1676;1193;-1848;-1115;-732
5038;65 tot 70 jaar;2028;;;;;;12267;7231;5035;1018;559;459;2901;1699;1203;-1883;-1140;-744
5039;65 tot 70 jaar;2029;;;;;;12352;7292;5060;1012;556;456;2935;1720;1219;-1923;-1164;-763
5040;65 tot 70 jaar;2030;;;;;;12406;7334;5073;1008;553;455;2941;1723;1218;-1933;-1170;-763
5041;65 tot 70 jaar;2031;;;;;;12350;7308;5042;999;549;450;2940;1719;1221;-1941;-1170;-771
5042;65 tot 70 jaar;2032;;;;;;12262;7263;4999;997;548;449;2917;1708;1211;-1920;-1160;-762
5043;65 tot 70 jaar;2033;;;;;;12122;7174;4949;992;545;447;2898;1690;1208;-1906;-1145;-761
5044;65 tot 70 jaar;2034;;;;;;12013;7100;4913;987;543;444;2889;1685;1205;-1902;-1142;-761
5045;65 tot 70 jaar;2035;;;;;;11909;7023;4885;982;539;443;2876;1671;1206;-1894;-1132;-763
5046;65 tot 70 jaar;2036;;;;;;11781;6935;4845;977;538;439;2851;1650;1201;-1874;-1112;-762
5047;65 tot 70 jaar;2037;;;;;;11582;6801;4781;975;536;439;2815;1620;1194;-1840;-1084;-755
5048;65 tot 70 jaar;2038;;;;;;11237;6586;4653;971;534;437;2746;1573;1173;-1775;-1039;-736
5049;65 tot 70 jaar;2039;;;;;;10682;6246;4437;966;532;434;2663;1514;1149;-1697;-982;-715
5050;65 tot 70 jaar;2040;;;;;;10105;5897;4208;964;530;434;2575;1461;1115;-1611;-931;-681
5051;65 tot 70 jaar;2041;;;;;;9595;5591;4003;959;528;431;2506;1421;1086;-1547;-893;-655
5052;65 tot 70 jaar;2042;;;;;;9171;5341;3830;957;527;430;2447;1385;1062;-1490;-858;-632
5053;65 tot 70 jaar;2043;;;;;;8931;5196;3732;954;525;429;2416;1370;1048;-1462;-845;-619
5054;65 tot 70 jaar;2044;;;;;;8757;5090;3666;949;523;426;2395;1358;1036;-1446;-835;-610
5055;65 tot 70 jaar;2045;;;;;;8714;5063;3651;948;522;426;2394;1361;1033;-1446;-839;-607
5056;65 tot 70 jaar;2046;;;;;;8672;5025;3644;946;521;425;2396;1362;1033;-1450;-841;-608
5057;65 tot 70 jaar;2047;;;;;;8626;4994;3631;941;519;422;2391;1361;1032;-1450;-842;-610
5058;65 tot 70 jaar;2048;;;;;;8551;4946;3604;938;517;421;2388;1359;1030;-1450;-842;-609
5059;65 tot 70 jaar;2049;;;;;;8513;4922;3591;938;517;421;2398;1364;1036;-1460;-847;-615
5060;70 tot 75 jaar;2006;;;;;;13587;8107;5480;522;280;242;902;544;360;-380;-264;-118
5061;70 tot 75 jaar;2007;;;;;;13520;8074;5447;550;295;255;938;566;372;-388;-271;-117
5062;70 tot 75 jaar;2008;;;;;;13697;8194;5506;590;317;273;983;595;387;-393;-278;-114
5063;70 tot 75 jaar;2009;;;;;;13881;8307;5573;644;348;296;1026;622;405;-382;-274;-109
5064;70 tot 75 jaar;2010;;;;;;14141;8465;5676;676;366;310;1078;653;426;-402;-287;-116
5065;70 tot 75 jaar;2011;;;;;;14295;8555;5740;707;384;323;1097;664;434;-390;-280;-111
5066;70 tot 75 jaar;2012;;;;;;14563;8721;5843;715;389;326;1121;675;448;-406;-286;-122
5067;70 tot 75 jaar;2013;;;;;;14854;8892;5963;716;389;327;1137;682;452;-421;-293;-125
5068;70 tot 75 jaar;2014;;;;;;15252;9134;6119;710;386;324;1163;692;468;-453;-306;-144
5069;70 tot 75 jaar;2015;;;;;;15433;9237;6197;705;382;323;1173;695;478;-468;-313;-155
5070;70 tot 75 jaar;2016;;;;;;16759;10023;6737;701;381;320;1254;742;511;-553;-361;-191
5071;70 tot 75 jaar;2017;;;;;;17885;10669;7219;696;378;318;1315;776;539;-619;-398;-221
5072;70 tot 75 jaar;2018;;;;;;18642;11105;7537;691;376;315;1371;803;570;-680;-427;-255
5073;70 tot 75 jaar;2019;;;;;;19169;11406;7763;686;373;313;1401;812;589;-715;-439;-276
5074;70 tot 75 jaar;2020;;;;;;19875;11813;8060;682;371;311;1436;825;610;-754;-454;-299
5075;70 tot 75 jaar;2021;;;;;;19116;11355;7761;677;369;308;1425;808;615;-748;-439;-307
5076;70 tot 75 jaar;2022;;;;;;18599;11055;7545;672;366;306;1433;805;629;-761;-439;-323
5077;70 tot 75 jaar;2023;;;;;;18319;10883;7436;669;365;304;1437;800;638;-768;-435;-334
5078;70 tot 75 jaar;2024;;;;;;18228;10831;7396;663;361;302;1453;805;649;-790;-444;-347
5079;70 tot 75 jaar;2025;;;;;;18257;10845;7412;660;360;300;1464;807;658;-804;-447;-358
5080;70 tot 75 jaar;2026;;;;;;18393;10930;7463;658;358;300;1499;825;674;-841;-467;-374
5081;70 tot 75 jaar;2027;;;;;;18455;10971;7485;653;356;297;1517;833;683;-864;-477;-386
5082;70 tot 75 jaar;2028;;;;;;18615;11072;7541;650;355;295;1546;848;697;-896;-493;-402
5083;70 tot 75 jaar;2029;;;;;;18821;11198;7621;646;352;294;1569;863;706;-923;-511;-412
5084;70 tot 75 jaar;2030;;;;;;19016;11332;7684;645;350;295;1609;888;722;-964;-538;-427
5085;70 tot 75 jaar;2031;;;;;;19224;11456;7767;643;351;292;1629;898;729;-986;-547;-437
5086;70 tot 75 jaar;2032;;;;;;19407;11568;7841;638;347;291;1665;921;745;-1027;-574;-454
5087;70 tot 75 jaar;2033;;;;;;19588;11678;7910;636;345;291;1686;932;755;-1050;-587;-464
5088;70 tot 75 jaar;2034;;;;;;19710;11751;7960;631;344;287;1718;949;770;-1087;-605;-483
5089;70 tot 75 jaar;2035;;;;;;19782;11784;7995;628;342;286;1723;952;772;-1095;-610;-486
5090;70 tot 75 jaar;2036;;;;;;19680;11714;7965;626;340;286;1731;956;776;-1105;-616;-490
5091;70 tot 75 jaar;2037;;;;;;19535;11617;7919;625;340;285;1717;946;772;-1092;-606;-487
5092;70 tot 75 jaar;2038;;;;;;19323;11464;7860;621;339;282;1713;938;775;-1092;-599;-493
5093;70 tot 75 jaar;2039;;;;;;19181;11351;7829;617;336;281;1711;936;775;-1094;-600;-494
5094;70 tot 75 jaar;2040;;;;;;19046;11235;7811;616;335;281;1709;927;780;-1093;-592;-499
5095;70 tot 75 jaar;2041;;;;;;18875;11101;7774;614;334;280;1698;915;783;-1084;-581;-503
5096;70 tot 75 jaar;2042;;;;;;18585;10886;7698;612;333;279;1690;904;787;-1078;-571;-508
5097;70 tot 75 jaar;2043;;;;;;18050;10536;7514;610;333;277;1657;878;779;-1047;-545;-502
5098;70 tot 75 jaar;2044;;;;;;17191;10003;7190;608;332;276;1616;849;767;-1008;-517;-491
5099;70 tot 75 jaar;2045;;;;;;16298;9454;6844;606;330;276;1565;817;749;-959;-487;-473
5100;70 tot 75 jaar;2046;;;;;;15518;8981;6537;605;329;276;1525;793;731;-920;-464;-455
5101;70 tot 75 jaar;2047;;;;;;14878;8601;6276;603;328;275;1492;774;719;-889;-446;-444
5102;70 tot 75 jaar;2048;;;;;;14530;8390;6139;602;328;274;1472;763;709;-870;-435;-435
5103;70 tot 75 jaar;2049;;;;;;14291;8236;6055;602;328;274;1456;755;702;-854;-427;-428
5104;75 tot 80 jaar;2006;;;;;;19167;10756;8411;354;198;156;411;210;201;-57;-12;-45
5105;75 tot 80 jaar;2007;;;;;;19332;10865;8466;380;213;167;431;225;209;-51;-12;-42
5106;75 tot 80 jaar;2008;;;;;;19304;10885;8420;407;230;177;449;234;214;-42;-4;-37
5107;75 tot 80 jaar;2009;;;;;;19329;10927;8402;445;255;190;465;246;218;-20;9;-28
5108;75 tot 80 jaar;2010;;;;;;19211;10890;8322;473;271;202;482;258;224;-9;13;-22
5109;75 tot 80 jaar;2011;;;;;;19216;10919;8297;489;280;209;504;274;232;-15;6;-23
5110;75 tot 80 jaar;2012;;;;;;19137;10900;8238;500;286;214;528;289;239;-28;-3;-25
5111;75 tot 80 jaar;2013;;;;;;19375;11064;8312;502;286;216;555;305;248;-53;-19;-32
5112;75 tot 80 jaar;2014;;;;;;19629;11228;8401;499;285;214;581;322;257;-82;-37;-43
5113;75 tot 80 jaar;2015;;;;;;19997;11458;8539;494;283;211;618;344;272;-124;-61;-61
5114;75 tot 80 jaar;2016;;;;;;20217;11604;8612;492;281;211;629;352;278;-137;-71;-67
5115;75 tot 80 jaar;2017;;;;;;20583;11827;8755;490;281;209;649;360;287;-159;-79;-78
5116;75 tot 80 jaar;2018;;;;;;21009;12083;8926;483;277;206;658;367;293;-175;-90;-87
5117;75 tot 80 jaar;2019;;;;;;21595;12443;9151;482;276;206;674;371;304;-192;-95;-98
5118;75 tot 80 jaar;2020;;;;;;21867;12609;9258;476;274;202;682;367;314;-206;-93;-112
5119;75 tot 80 jaar;2021;;;;;;23800;13745;10055;473;271;202;723;389;335;-250;-118;-133
5120;75 tot 80 jaar;2022;;;;;;25472;14711;10761;471;270;201;755;402;353;-284;-132;-152
5121;75 tot 80 jaar;2023;;;;;;26582;15364;11220;468;268;200;790;417;372;-322;-149;-172
5122;75 tot 80 jaar;2024;;;;;;27338;15805;11534;466;268;198;811;426;387;-345;-158;-189
5123;75 tot 80 jaar;2025;;;;;;28334;16380;11953;461;265;196;839;435;403;-378;-170;-207
5124;75 tot 80 jaar;2026;;;;;;27298;15791;11506;459;263;196;833;426;405;-374;-163;-209
5125;75 tot 80 jaar;2027;;;;;;26604;15417;11189;456;262;194;836;424;411;-380;-162;-217
5126;75 tot 80 jaar;2028;;;;;;26236;15207;11029;453;260;193;840;423;418;-387;-163;-225
5127;75 tot 80 jaar;2029;;;;;;26125;15149;10978;451;259;192;852;426;427;-401;-167;-235
5128;75 tot 80 jaar;2030;;;;;;26182;15175;11007;449;257;192;862;428;433;-413;-171;-241
5129;75 tot 80 jaar;2031;;;;;;26382;15290;11092;449;258;191;885;439;446;-436;-181;-255
5130;75 tot 80 jaar;2032;;;;;;26479;15340;11141;448;257;191;900;445;456;-452;-188;-265
5131;75 tot 80 jaar;2033;;;;;;26703;15463;11240;445;255;190;923;455;466;-478;-200;-276
5132;75 tot 80 jaar;2034;;;;;;26996;15617;11378;443;254;189;942;468;474;-499;-214;-285
5133;75 tot 80 jaar;2035;;;;;;27266;15772;11493;439;253;186;978;486;489;-539;-233;-303
5134;75 tot 80 jaar;2036;;;;;;27565;15927;11639;437;251;186;993;499;495;-556;-248;-309
5135;75 tot 80 jaar;2037;;;;;;27835;16066;11769;436;250;186;1021;514;509;-585;-264;-323
5136;75 tot 80 jaar;2038;;;;;;28110;16217;11894;434;249;185;1048;530;518;-614;-281;-333
5137;75 tot 80 jaar;2039;;;;;;28314;16326;11989;434;249;185;1074;542;530;-640;-293;-345
5138;75 tot 80 jaar;2040;;;;;;28442;16386;12057;430;248;182;1086;550;536;-656;-302;-354
5139;75 tot 80 jaar;2041;;;;;;28322;16303;12020;428;247;181;1096;556;540;-668;-309;-359
5140;75 tot 80 jaar;2042;;;;;;28144;16186;11959;425;244;181;1089;555;536;-664;-311;-355
5141;75 tot 80 jaar;2043;;;;;;27874;15997;11878;425;244;181;1092;554;539;-667;-310;-358
5142;75 tot 80 jaar;2044;;;;;;27717;15878;11838;425;244;181;1097;555;542;-672;-311;-361
5143;75 tot 80 jaar;2045;;;;;;27563;15748;11816;424;243;181;1101;554;545;-677;-311;-364
5144;75 tot 80 jaar;2046;;;;;;27338;15582;11756;421;242;179;1101;549;552;-680;-307;-373
5145;75 tot 80 jaar;2047;;;;;;26930;15295;11635;420;241;179;1102;546;556;-682;-305;-377
5146;75 tot 80 jaar;2048;;;;;;26162;14820;11342;419;241;178;1089;535;553;-670;-294;-375
5147;75 tot 80 jaar;2049;;;;;;24937;14095;10842;418;240;178;1068;518;549;-650;-278;-371
5148;80 tot 85 jaar;2006;;;;;;24247;11687;12559;213;114;99;214;89;124;-1;25;-25
5149;80 tot 85 jaar;2007;;;;;;24143;11677;12467;229;121;108;213;90;123;16;31;-15
5150;80 tot 85 jaar;2008;;;;;;24088;11726;12361;243;130;113;217;93;124;26;37;-11
5151;80 tot 85 jaar;2009;;;;;;24131;11858;12273;263;142;121;219;97;122;44;45;-1
5152;80 tot 85 jaar;2010;;;;;;24419;12085;12333;280;152;128;227;103;124;53;49;4
5153;80 tot 85 jaar;2011;;;;;;24615;12251;12363;297;158;139;230;106;125;67;52;14
5154;80 tot 85 jaar;2012;;;;;;24933;12483;12448;301;161;140;240;112;127;61;49;13
5155;80 tot 85 jaar;2013;;;;;;24964;12581;12382;301;161;140;250;119;131;51;42;9
5156;80 tot 85 jaar;2014;;;;;;25068;12711;12357;298;158;140;259;125;132;39;33;8
5157;80 tot 85 jaar;2015;;;;;;25003;12767;12235;298;158;140;268;133;135;30;25;5
5158;80 tot 85 jaar;2016;;;;;;25098;12906;12193;296;158;138;281;142;140;15;16;-2
5159;80 tot 85 jaar;2017;;;;;;25067;12955;12113;291;155;136;296;152;146;-5;3;-10
5160;80 tot 85 jaar;2018;;;;;;25452;13225;12230;288;153;135;312;162;151;-24;-9;-16
5161;80 tot 85 jaar;2019;;;;;;25863;13496;12368;288;153;135;328;171;157;-40;-18;-22
5162;80 tot 85 jaar;2020;;;;;;26420;13841;12579;286;152;134;349;186;165;-63;-34;-31
5163;80 tot 85 jaar;2021;;;;;;26771;14075;12695;283;151;132;358;190;168;-75;-39;-36
5164;80 tot 85 jaar;2022;;;;;;27342;14430;12913;282;150;132;368;190;176;-86;-40;-44
5165;80 tot 85 jaar;2023;;;;;;27999;14830;13169;277;147;130;370;192;179;-93;-45;-49
5166;80 tot 85 jaar;2024;;;;;;28853;15341;13512;276;147;129;379;193;186;-103;-46;-57
5167;80 tot 85 jaar;2025;;;;;;29278;15596;13682;276;147;129;386;195;192;-110;-48;-63
5168;80 tot 85 jaar;2026;;;;;;31948;17086;14862;273;145;128;408;205;204;-135;-60;-76
5169;80 tot 85 jaar;2027;;;;;;34243;18315;15929;271;144;127;429;213;215;-158;-69;-88
5170;80 tot 85 jaar;2028;;;;;;35766;19124;16643;269;143;126;448;221;227;-179;-78;-101
5171;80 tot 85 jaar;2029;;;;;;36794;19652;17143;269;143;126;459;224;235;-190;-81;-109
5172;80 tot 85 jaar;2030;;;;;;38088;20256;17831;267;142;125;475;228;246;-208;-86;-121
5173;80 tot 85 jaar;2031;;;;;;36725;19531;17193;263;139;124;470;224;246;-207;-85;-122
5174;80 tot 85 jaar;2032;;;;;;35822;19080;16740;261;139;122;474;223;253;-213;-84;-131
5175;80 tot 85 jaar;2033;;;;;;35355;18823;16533;260;139;121;478;223;254;-218;-84;-133
5176;80 tot 85 jaar;2034;;;;;;35231;18750;16481;260;139;121;487;227;260;-227;-88;-139
5177;80 tot 85 jaar;2035;;;;;;35334;18778;16556;260;139;121;494;231;263;-234;-92;-142
5178;80 tot 85 jaar;2036;;;;;;35639;18925;16714;258;137;121;508;238;270;-250;-101;-149
5179;80 tot 85 jaar;2037;;;;;;35823;19012;16812;257;136;121;520;244;275;-263;-108;-154
5180;80 tot 85 jaar;2038;;;;;;36186;19200;16985;255;134;121;530;249;281;-275;-115;-160
5181;80 tot 85 jaar;2039;;;;;;36654;19443;17211;254;134;120;543;256;286;-289;-122;-166
5182;80 tot 85 jaar;2040;;;;;;37084;19688;17395;252;134;118;566;269;296;-314;-135;-178
5183;80 tot 85 jaar;2041;;;;;;37567;19944;17622;252;134;118;576;277;301;-324;-143;-183
5184;80 tot 85 jaar;2042;;;;;;37997;20178;17818;249;133;116;595;283;310;-346;-150;-194
5185;80 tot 85 jaar;2043;;;;;;38435;20428;18006;249;133;116;612;292;320;-363;-159;-204
5186;80 tot 85 jaar;2044;;;;;;38768;20633;18137;248;132;116;628;301;327;-380;-169;-211
5187;80 tot 85 jaar;2045;;;;;;38992;20761;18230;247;131;116;638;307;331;-391;-176;-215
5188;80 tot 85 jaar;2046;;;;;;38870;20711;18159;247;131;116;646;310;335;-399;-179;-219
5189;80 tot 85 jaar;2047;;;;;;38664;20614;18048;246;130;116;640;307;333;-394;-177;-217
5190;80 tot 85 jaar;2048;;;;;;38329;20427;17902;245;130;115;642;305;336;-397;-175;-221
5191;80 tot 85 jaar;2049;;;;;;38150;20341;17807;244;130;114;650;310;340;-406;-180;-226
5192;85 tot 90 jaar;2006;;;;;;22961;8656;14307;103;55;48;91;27;63;12;29;-15
5193;85 tot 90 jaar;2007;;;;;;23930;9135;14797;106;55;51;96;28;68;10;27;-17
5194;85 tot 90 jaar;2008;;;;;;25199;9744;15455;115;61;54;103;31;72;12;30;-18
5195;85 tot 90 jaar;2009;;;;;;26113;10164;15949;126;68;58;108;31;76;18;37;-18
5196;85 tot 90 jaar;2010;;;;;;26189;10305;15884;137;74;63;110;34;78;27;40;-15
5197;85 tot 90 jaar;2011;;;;;;26365;10517;15849;145;78;67;111;33;78;34;45;-11
5198;85 tot 90 jaar;2012;;;;;;26479;10704;15775;147;79;68;109;33;77;38;46;-9
5199;85 tot 90 jaar;2013;;;;;;26637;10926;15710;147;79;68;109;35;76;38;44;-8
5200;85 tot 90 jaar;2014;;;;;;26886;11221;15665;147;78;69;112;36;75;35;42;-6
5201;85 tot 90 jaar;2015;;;;;;27415;11613;15802;146;78;68;112;36;75;34;42;-7
5202;85 tot 90 jaar;2016;;;;;;27831;11947;15885;144;76;68;113;37;76;31;39;-8
5203;85 tot 90 jaar;2017;;;;;;28347;12305;16043;142;74;68;117;40;77;25;34;-9
5204;85 tot 90 jaar;2018;;;;;;28536;12529;16007;142;74;68;119;41;79;23;33;-11
5205;85 tot 90 jaar;2019;;;;;;28796;12777;16020;141;74;67;122;43;79;19;31;-12
5206;85 tot 90 jaar;2020;;;;;;28880;12954;15925;141;74;67;126;45;81;15;29;-14
5207;85 tot 90 jaar;2021;;;;;;29133;13203;15929;140;74;66;131;47;83;9;27;-17
5208;85 tot 90 jaar;2022;;;;;;29283;13388;15894;140;74;66;136;52;85;4;22;-19
5209;85 tot 90 jaar;2023;;;;;;29904;13792;16113;137;71;66;143;54;87;-6;17;-21
5210;85 tot 90 jaar;2024;;;;;;30548;14181;16364;135;71;64;150;59;90;-15;12;-26
5211;85 tot 90 jaar;2025;;;;;;31356;14648;16707;135;71;64;156;62;95;-21;9;-31
5212;85 tot 90 jaar;2026;;;;;;31891;14983;16907;135;71;64;159;65;95;-24;6;-31
5213;85 tot 90 jaar;2027;;;;;;32678;15440;17239;134;71;63;166;65;100;-32;6;-37
5214;85 tot 90 jaar;2028;;;;;;33624;15959;17667;133;70;63;170;70;100;-37;0;-37
5215;85 tot 90 jaar;2029;;;;;;34817;16598;18220;132;70;62;176;72;103;-44;-2;-41
5216;85 tot 90 jaar;2030;;;;;;35473;16954;18516;132;70;62;181;74;106;-49;-4;-44
5217;85 tot 90 jaar;2031;;;;;;38967;18675;20293;130;68;62;193;82;111;-63;-14;-49
5218;85 tot 90 jaar;2032;;;;;;41934;20107;21826;130;68;62;206;86;119;-76;-18;-57
5219;85 tot 90 jaar;2033;;;;;;43926;21096;22830;130;68;62;216;89;127;-86;-21;-65
5220;85 tot 90 jaar;2034;;;;;;45284;21772;23511;127;66;61;224;91;134;-97;-25;-73
5221;85 tot 90 jaar;2035;;;;;;46832;22533;24298;127;66;61;231;90;140;-104;-24;-79
5222;85 tot 90 jaar;2036;;;;;;45371;21852;23518;127;66;61;228;91;139;-101;-25;-78
5223;85 tot 90 jaar;2037;;;;;;44495;21472;23021;127;66;61;230;92;138;-103;-26;-77
5224;85 tot 90 jaar;2038;;;;;;44131;21306;22825;127;66;61;234;95;139;-107;-29;-78
5225;85 tot 90 jaar;2039;;;;;;44178;21349;22829;127;66;61;240;95;142;-113;-29;-81
5226;85 tot 90 jaar;2040;;;;;;44493;21503;22989;126;66;60;245;99;147;-119;-33;-87
5227;85 tot 90 jaar;2041;;;;;;45029;21783;23244;124;65;59;253;102;151;-129;-37;-92
5228;85 tot 90 jaar;2042;;;;;;45422;21991;23433;124;65;59;257;103;154;-133;-38;-95
5229;85 tot 90 jaar;2043;;;;;;46020;22307;23712;124;65;59;262;104;157;-138;-39;-98
5230;85 tot 90 jaar;2044;;;;;;46742;22680;24061;123;65;58;268;107;161;-145;-42;-103
5231;85 tot 90 jaar;2045;;;;;;47392;23054;24338;121;63;58;278;110;168;-157;-47;-110
5232;85 tot 90 jaar;2046;;;;;;48114;23432;24682;121;63;58;282;111;171;-161;-48;-113
5233;85 tot 90 jaar;2047;;;;;;48748;23778;24972;120;62;58;288;112;176;-168;-50;-118
5234;85 tot 90 jaar;2048;;;;;;49380;24138;25242;120;62;58;294;114;179;-174;-52;-121
5235;85 tot 90 jaar;2049;;;;;;49883;24434;25445;120;62;58;299;117;185;-179;-55;-127
5236;90 tot 95 jaar;2006;;;;;;15170;4271;10897;6;3;3;17;3;13;-11;0;-10
5237;90 tot 95 jaar;2007;;;;;;15382;4385;10996;6;3;3;16;3;13;-10;0;-10
5238;90 tot 95 jaar;2008;;;;;;15438;4451;10987;8;3;5;15;3;12;-7;0;-7
5239;90 tot 95 jaar;2009;;;;;;15677;4613;11064;9;4;5;16;3;13;-7;1;-8
5240;90 tot 95 jaar;2010;;;;;;16758;5075;11682;9;4;5;19;4;15;-10;0;-10
5241;90 tot 95 jaar;2011;;;;;;17709;5480;12229;9;4;5;19;4;15;-10;0;-10
5242;90 tot 95 jaar;2012;;;;;;18550;5852;12697;9;4;5;19;4;15;-10;0;-10
5243;90 tot 95 jaar;2013;;;;;;19520;6264;13256;9;4;5;19;4;15;-10;0;-10
5244;90 tot 95 jaar;2014;;;;;;20198;6542;13655;9;4;5;19;4;15;-10;0;-10
5245;90 tot 95 jaar;2015;;;;;;20337;6697;13641;9;4;5;19;4;15;-10;0;-10
5246;90 tot 95 jaar;2016;;;;;;20548;6896;13652;9;4;5;19;4;14;-10;0;-9
5247;90 tot 95 jaar;2017;;;;;;20695;7059;13637;9;4;5;18;4;14;-9;0;-9
5248;90 tot 95 jaar;2018;;;;;;20950;7275;13675;9;4;5;20;5;15;-11;-1;-10
5249;90 tot 95 jaar;2019;;;;;;21249;7524;13724;9;4;5;19;5;14;-10;-1;-9
5250;90 tot 95 jaar;2020;;;;;;21786;7858;13928;9;4;5;20;5;15;-11;-1;-10
5251;90 tot 95 jaar;2021;;;;;;22208;8143;14064;9;4;5;20;5;15;-11;-1;-10
5252;90 tot 95 jaar;2022;;;;;;22726;8470;14256;9;4;5;20;6;15;-11;-2;-10
5253;90 tot 95 jaar;2023;;;;;;22969;8701;14269;9;4;5;20;6;14;-11;-2;-9
5254;90 tot 95 jaar;2024;;;;;;23288;8958;14330;9;4;5;21;6;15;-12;-2;-10
5255;90 tot 95 jaar;2025;;;;;;23518;9199;14320;9;4;5;22;7;15;-13;-3;-10
5256;90 tot 95 jaar;2026;;;;;;23895;9496;14399;9;4;5;22;7;15;-13;-3;-10
5257;90 tot 95 jaar;2027;;;;;;24208;9759;14450;9;4;5;23;8;15;-14;-4;-10
5258;90 tot 95 jaar;2028;;;;;;24937;10199;14738;9;4;5;24;8;16;-15;-4;-11
5259;90 tot 95 jaar;2029;;;;;;25688;10629;15058;9;4;5;25;9;16;-16;-5;-11
5260;90 tot 95 jaar;2030;;;;;;26586;11127;15458;9;4;5;26;9;16;-17;-5;-11
5261;90 tot 95 jaar;2031;;;;;;27183;11496;15685;9;4;5;26;10;16;-17;-6;-11
5262;90 tot 95 jaar;2032;;;;;;28011;11969;16041;9;4;5;26;10;17;-17;-6;-12
5263;90 tot 95 jaar;2033;;;;;;29119;12568;16552;9;4;5;27;11;17;-18;-7;-12
5264;90 tot 95 jaar;2034;;;;;;30463;13264;17198;9;4;5;29;11;18;-20;-7;-13
5265;90 tot 95 jaar;2035;;;;;;31220;13671;17549;9;4;5;30;12;18;-21;-8;-13
5266;90 tot 95 jaar;2036;;;;;;34914;15436;19477;9;4;5;36;14;22;-27;-10;-17
5267;90 tot 95 jaar;2037;;;;;;37856;16794;21061;9;4;5;36;13;22;-27;-9;-17
5268;90 tot 95 jaar;2038;;;;;;39685;17652;22033;8;3;5;35;13;22;-27;-10;-17
5269;90 tot 95 jaar;2039;;;;;;40764;18150;22615;8;3;5;35;13;22;-27;-10;-17
5270;90 tot 95 jaar;2040;;;;;;41755;18572;23183;7;3;4;35;13;21;-28;-10;-17
5271;90 tot 95 jaar;2041;;;;;;40729;18167;22561;7;3;4;36;14;22;-29;-11;-18
5272;90 tot 95 jaar;2042;;;;;;40291;18042;22249;7;3;4;38;15;23;-31;-12;-19
5273;90 tot 95 jaar;2043;;;;;;40216;18034;22181;7;3;4;39;15;23;-32;-12;-19
5274;90 tot 95 jaar;2044;;;;;;40455;18167;22287;7;3;4;40;16;24;-33;-13;-20
5275;90 tot 95 jaar;2045;;;;;;40884;18357;22527;7;3;4;40;16;24;-33;-13;-20
5276;90 tot 95 jaar;2046;;;;;;41498;18649;22848;7;3;4;41;16;25;-34;-13;-21
5277;90 tot 95 jaar;2047;;;;;;42023;18897;23126;7;3;4;41;16;25;-34;-13;-21
5278;90 tot 95 jaar;2048;;;;;;42700;19217;23482;7;3;4;43;16;26;-36;-13;-22
5279;90 tot 95 jaar;2049;;;;;;43500;19590;23910;7;3;4;44;17;27;-37;-14;-23
5280;95 jaar of ouder;2006;;;;;;6253;1248;5005;0;0;0;0;0;0;0;0;0
5281;95 jaar of ouder;2007;;;;;;6520;1303;5217;0;0;0;0;0;0;0;0;0
5282;95 jaar of ouder;2008;;;;;;6801;1371;5430;0;0;0;0;0;0;0;0;0
5283;95 jaar of ouder;2009;;;;;;7092;1446;5646;0;0;0;0;0;0;0;0;0
5284;95 jaar of ouder;2010;;;;;;7270;1488;5783;0;0;0;0;0;0;0;0;0
5285;95 jaar of ouder;2011;;;;;;7436;1525;5912;0;0;0;0;0;0;0;0;0
5286;95 jaar of ouder;2012;;;;;;7603;1576;6026;0;0;0;0;0;0;0;0;0
5287;95 jaar of ouder;2013;;;;;;7687;1607;6080;0;0;0;0;0;0;0;0;0
5288;95 jaar of ouder;2014;;;;;;7885;1679;6204;0;0;0;0;0;0;0;0;0
5289;95 jaar of ouder;2015;;;;;;8466;1860;6605;0;0;0;0;0;0;0;0;0
5290;95 jaar of ouder;2016;;;;;;8936;2002;6934;0;0;0;0;0;0;0;0;0
5291;95 jaar of ouder;2017;;;;;;9332;2121;7211;0;0;0;0;0;0;0;0;0
5292;95 jaar of ouder;2018;;;;;;9744;2245;7499;0;0;0;0;0;0;0;0;0
5293;95 jaar of ouder;2019;;;;;;10049;2329;7718;0;0;0;0;0;0;0;0;0
5294;95 jaar of ouder;2020;;;;;;10258;2409;7849;0;0;0;0;0;0;0;0;0
5295;95 jaar of ouder;2021;;;;;;10462;2502;7961;0;0;0;0;0;0;0;0;0
5296;95 jaar of ouder;2022;;;;;;10625;2588;8037;0;0;0;0;0;0;0;0;0
5297;95 jaar of ouder;2023;;;;;;10881;2705;8174;0;0;0;0;0;0;0;0;0
5298;95 jaar of ouder;2024;;;;;;11114;2826;8292;0;0;0;0;0;0;0;0;0
5299;95 jaar of ouder;2025;;;;;;11453;2982;8470;0;0;0;0;0;0;0;0;0
5300;95 jaar of ouder;2026;;;;;;11722;3121;8601;0;0;0;0;0;0;0;0;0
5301;95 jaar of ouder;2027;;;;;;12027;3276;8751;0;0;0;0;0;0;0;0;0
5302;95 jaar of ouder;2028;;;;;;12226;3401;8825;0;0;0;0;0;0;0;0;0
5303;95 jaar of ouder;2029;;;;;;12466;3544;8923;0;0;0;0;0;0;0;0;0
5304;95 jaar of ouder;2030;;;;;;12714;3696;9017;0;0;0;0;0;0;0;0;0
5305;95 jaar of ouder;2031;;;;;;13010;3869;9141;0;0;0;0;0;0;0;0;0
5306;95 jaar of ouder;2032;;;;;;13291;4031;9260;0;0;0;0;0;0;0;0;0
5307;95 jaar of ouder;2033;;;;;;13754;4263;9490;0;0;0;0;0;0;0;0;0
5308;95 jaar of ouder;2034;;;;;;14241;4494;9746;0;0;0;0;0;0;0;0;0
5309;95 jaar of ouder;2035;;;;;;14796;4755;10040;0;0;0;0;0;0;0;0;0
5310;95 jaar of ouder;2036;;;;;;15175;4952;10221;0;0;0;0;0;0;0;0;0
5311;95 jaar of ouder;2037;;;;;;15674;5192;10481;0;0;0;0;0;0;0;0;0
5312;95 jaar of ouder;2038;;;;;;16430;5524;10905;0;0;0;0;0;0;0;0;0
5313;95 jaar of ouder;2039;;;;;;17297;5886;11411;0;0;0;0;0;0;0;0;0
5314;95 jaar of ouder;2040;;;;;;17807;6099;11707;0;0;0;0;0;0;0;0;0
5315;95 jaar of ouder;2041;;;;;;19989;6974;13014;0;0;0;0;0;0;0;0;0
5316;95 jaar of ouder;2042;;;;;;21612;7592;14019;0;0;0;0;0;0;0;0;0
5317;95 jaar of ouder;2043;;;;;;22600;7955;14646;0;0;0;0;0;0;0;0;0
5318;95 jaar of ouder;2044;;;;;;23187;8148;15038;0;0;0;0;0;0;0;0;0
5319;95 jaar of ouder;2045;;;;;;23522;8243;15278;0;0;0;0;0;0;0;0;0
5320;95 jaar of ouder;2046;;;;;;23687;8292;15397;0;0;0;0;0;0;0;0;0
5321;95 jaar of ouder;2047;;;;;;23975;8396;15579;0;0;0;0;0;0;0;0;0
5322;95 jaar of ouder;2048;;;;;;24199;8471;15728;0;0;0;0;0;0;0;0;0
5323;95 jaar of ouder;2049;;;;;;24477;8569;15909;0;0;0;0;0;0;0;0;0
5324;0 tot 10 jaar;2006;;;;;;1154;622;531;11010;5390;5620;16642;8481;8162;-5632;-3091;-2542
5325;0 tot 10 jaar;2007;;;;;;1115;602;515;11566;5672;5894;16283;8281;8003;-4717;-2609;-2109
5326;0 tot 10 jaar;2008;;;;;;1082;584;499;12140;5986;6154;15920;8080;7841;-3780;-2094;-1687
5327;0 tot 10 jaar;2009;;;;;;1052;566;485;12678;6294;6384;15562;7890;7672;-2884;-1596;-1288
5328;0 tot 10 jaar;2010;;;;;;1031;560;472;13077;6529;6548;15180;7696;7486;-2103;-1167;-938
5329;0 tot 10 jaar;2011;;;;;;1000;538;462;13350;6700;6650;14823;7517;7306;-1473;-817;-656
5330;0 tot 10 jaar;2012;;;;;;977;527;450;13478;6777;6701;14473;7344;7129;-995;-567;-428
5331;0 tot 10 jaar;2013;;;;;;957;517;441;13500;6789;6711;14131;7176;6957;-631;-387;-246
5332;0 tot 10 jaar;2014;;;;;;939;507;433;13462;6771;6691;13841;7034;6803;-379;-263;-112
5333;0 tot 10 jaar;2015;;;;;;927;500;426;13420;6751;6669;13618;6926;6691;-198;-175;-22
5334;0 tot 10 jaar;2016;;;;;;912;493;420;13386;6738;6648;13469;6851;6617;-83;-113;31
5335;0 tot 10 jaar;2017;;;;;;899;486;412;13353;6720;6633;13355;6795;6564;-2;-75;70
5336;0 tot 10 jaar;2018;;;;;;889;478;410;13314;6703;6611;13260;6741;6518;54;-38;93
5337;0 tot 10 jaar;2019;;;;;;878;473;406;13273;6686;6587;13175;6697;6478;99;-11;109
5338;0 tot 10 jaar;2020;;;;;;867;466;402;13243;6671;6572;13099;6657;6442;144;14;130
5339;0 tot 10 jaar;2021;;;;;;858;461;398;13206;6655;6551;13031;6621;6409;175;34;142
5340;0 tot 10 jaar;2022;;;;;;849;455;393;13172;6637;6535;12970;6590;6378;202;47;157
5341;0 tot 10 jaar;2023;;;;;;838;449;389;13141;6625;6516;12909;6561;6350;232;64;166
5342;0 tot 10 jaar;2024;;;;;;828;442;385;13111;6610;6501;12852;6531;6320;259;79;181
5343;0 tot 10 jaar;2025;;;;;;818;436;380;13081;6596;6485;12791;6499;6290;290;97;195
5344;0 tot 10 jaar;2026;;;;;;807;431;375;13054;6584;6470;12725;6471;6256;330;113;214
5345;0 tot 10 jaar;2027;;;;;;796;423;371;13023;6570;6453;12659;6435;6223;364;135;230
5346;0 tot 10 jaar;2028;;;;;;786;418;368;12998;6559;6439;12584;6400;6181;414;159;258
5347;0 tot 10 jaar;2029;;;;;;774;412;363;12972;6547;6425;12500;6361;6140;472;186;285
5348;0 tot 10 jaar;2030;;;;;;761;404;358;12948;6536;6412;12415;6319;6096;533;217;317
5349;0 tot 10 jaar;2031;;;;;;751;397;352;12922;6523;6399;12321;6274;6047;601;249;352
5350;0 tot 10 jaar;2032;;;;;;734;388;348;12899;6516;6383;12225;6225;5999;675;291;384
5351;0 tot 10 jaar;2033;;;;;;721;380;341;12878;6503;6375;12119;6178;5941;759;325;434
5352;0 tot 10 jaar;2034;;;;;;709;372;336;12859;6495;6364;12010;6122;5889;849;373;475
5353;0 tot 10 jaar;2035;;;;;;694;365;330;12835;6483;6352;11898;6069;5829;937;414;523
5354;0 tot 10 jaar;2036;;;;;;680;357;323;12815;6473;6342;11779;6012;5769;1036;461;574
5355;0 tot 10 jaar;2037;;;;;;665;350;317;12801;6470;6331;11657;5951;5706;1144;519;625
5356;0 tot 10 jaar;2038;;;;;;651;343;309;12787;6461;6326;11534;5889;5644;1254;572;682
5357;0 tot 10 jaar;2039;;;;;;638;335;303;12770;6453;6317;11410;5830;5582;1360;624;735
5358;0 tot 10 jaar;2040;;;;;;626;328;298;12753;6447;6306;11285;5767;5522;1468;680;784
5359;0 tot 10 jaar;2041;;;;;;614;320;294;12739;6440;6299;11167;5707;5461;1572;733;839
5360;0 tot 10 jaar;2042;;;;;;602;313;290;12727;6435;6292;11058;5651;5405;1669;784;887
5361;0 tot 10 jaar;2043;;;;;;594;309;283;12712;6427;6285;10952;5600;5354;1761;827;931
5362;0 tot 10 jaar;2044;;;;;;582;302;281;12703;6422;6281;10859;5552;5310;1845;870;971
5363;0 tot 10 jaar;2045;;;;;;574;299;276;12690;6418;6272;10775;5505;5269;1915;913;1003
5364;0 tot 10 jaar;2046;;;;;;566;294;273;12686;6415;6271;10707;5471;5237;1979;944;1034
5365;0 tot 10 jaar;2047;;;;;;558;290;270;12676;6409;6267;10652;5440;5210;2025;969;1057
5366;0 tot 10 jaar;2048;;;;;;552;285;266;12669;6407;6262;10605;5413;5191;2064;994;1071
5367;0 tot 10 jaar;2049;;;;;;545;281;264;12662;6404;6258;10576;5397;5179;2086;1007;1079
5368;10 tot 20 jaar;2006;2297.0;2106.0;177.0;14.0;0.0;339;215;123;10212;4796;5416;11164;5751;5413;-952;-955;3
5369;10 tot 20 jaar;2007;2214.0;2029.0;171.0;12.0;0.0;336;213;122;10770;5077;5693;10850;5548;5301;-80;-471;392
5370;10 tot 20 jaar;2008;2150.0;1972.0;167.0;11.0;0.0;335;213;119;11392;5410;5982;10583;5395;5191;809;15;791
5371;10 tot 20 jaar;2009;2081.0;1907.0;164.0;9.0;0.0;332;211;120;11988;5735;6253;10320;5247;5073;1668;488;1180
5372;10 tot 20 jaar;2010;1862.0;1704.0;149.0;8.0;0.0;328;210;117;12440;5990;6450;10046;5097;4951;2394;893;1500
5373;10 tot 20 jaar;2011;1830.0;1674.0;147.0;8.0;0.0;323;206;115;12718;6151;6567;9769;4955;4815;2949;1196;1752
5374;10 tot 20 jaar;2012;1806.0;1651.0;146.0;8.0;0.0;319;205;113;12849;6223;6626;9512;4821;4691;3337;1402;1935
5375;10 tot 20 jaar;2013;1787.0;1631.0;146.0;9.0;0.0;316;205;112;12864;6228;6636;9302;4718;4586;3562;1510;2050
5376;10 tot 20 jaar;2014;1755.0;1602.0;144.0;10.0;0.0;312;203;109;12821;6208;6613;9104;4612;4490;3717;1596;2123
5377;10 tot 20 jaar;2015;1757.0;1605.0;142.0;10.0;0.0;307;199;109;12784;6189;6595;8938;4530;4409;3846;1659;2186
5378;10 tot 20 jaar;2016;1785.0;1629.0;145.0;10.0;0.0;305;198;107;12748;6174;6574;8801;4451;4349;3947;1723;2225
5379;10 tot 20 jaar;2017;1812.0;1652.0;148.0;11.0;0.0;301;197;105;12707;6154;6553;8686;4391;4294;4021;1763;2259
5380;10 tot 20 jaar;2018;1821.0;1661.0;149.0;11.0;0.0;295;192;103;12669;6138;6531;8574;4327;4245;4095;1811;2286
5381;10 tot 20 jaar;2019;1833.0;1670.0;152.0;11.0;0.0;289;188;101;12634;6122;6512;8468;4271;4199;4166;1852;2314
5382;10 tot 20 jaar;2020;1802.0;1641.0;149.0;11.0;0.0;281;182;97;12595;6103;6492;8343;4204;4138;4252;1899;2354
5383;10 tot 20 jaar;2021;1778.0;1617.0;148.0;11.0;1.0;272;177;95;12561;6088;6473;8237;4151;4089;4324;1937;2384
5384;10 tot 20 jaar;2022;1742.0;1585.0;146.0;11.0;1.0;264;173;92;12524;6071;6453;8129;4093;4036;4395;1979;2417
5385;10 tot 20 jaar;2023;1693.0;1540.0;141.0;11.0;1.0;256;165;90;12492;6057;6435;8000;4025;3975;4492;2032;2461
5386;10 tot 20 jaar;2024;1653.0;1504.0;137.0;10.0;1.0;249;161;86;12459;6040;6419;7884;3969;3913;4575;2071;2506
5387;10 tot 20 jaar;2025;1634.0;1488.0;136.0;10.0;1.0;243;159;84;12427;6025;6402;7794;3925;3871;4634;2100;2531
5388;10 tot 20 jaar;2026;1621.0;1474.0;135.0;11.0;1.0;237;154;83;12395;6011;6384;7711;3884;3827;4684;2127;2557
5389;10 tot 20 jaar;2027;1607.0;1461.0;134.0;11.0;1.0;233;153;82;12362;5995;6367;7639;3852;3786;4723;2143;2581
5390;10 tot 20 jaar;2028;1598.0;1455.0;132.0;11.0;1.0;229;148;82;12332;5980;6352;7567;3815;3751;4765;2165;2601
5391;10 tot 20 jaar;2029;1591.0;1447.0;132.0;11.0;1.0;226;147;79;12303;5968;6335;7502;3786;3717;4801;2182;2618
5392;10 tot 20 jaar;2030;1587.0;1444.0;131.0;11.0;1.0;224;144;77;12280;5956;6324;7444;3760;3683;4836;2196;2641
5393;10 tot 20 jaar;2031;1583.0;1440.0;131.0;11.0;1.0;220;143;76;12251;5943;6308;7388;3735;3655;4863;2208;2653
5394;10 tot 20 jaar;2032;1587.0;1443.0;132.0;11.0;1.0;217;140;75;12223;5930;6293;7337;3712;3625;4887;2218;2668
5395;10 tot 20 jaar;2033;1589.0;1446.0;132.0;11.0;1.0;212;138;75;12200;5919;6281;7291;3690;3599;4909;2229;2682
5396;10 tot 20 jaar;2034;1593.0;1451.0;131.0;11.0;1.0;212;138;75;12175;5907;6268;7241;3668;3574;4934;2239;2694
5397;10 tot 20 jaar;2035;1602.0;1458.0;132.0;11.0;1.0;210;136;75;12156;5898;6258;7197;3651;3546;4959;2247;2712
5398;10 tot 20 jaar;2036;1611.0;1467.0;133.0;11.0;1.0;209;136;75;12134;5887;6247;7151;3630;3525;4983;2257;2722
5399;10 tot 20 jaar;2037;1624.0;1478.0;134.0;11.0;1.0;208;134;74;12117;5880;6237;7106;3608;3498;5011;2272;2740
5400;10 tot 20 jaar;2038;1637.0;1490.0;135.0;12.0;1.0;206;132;73;12095;5871;6224;7065;3589;3474;5031;2282;2750
5401;10 tot 20 jaar;2039;1652.0;1502.0;137.0;12.0;1.0;203;131;72;12072;5860;6212;7015;3569;3446;5057;2291;2766
5402;10 tot 20 jaar;2040;1660.0;1510.0;138.0;12.0;1.0;200;130;71;12056;5854;6202;6972;3547;3425;5084;2307;2777
5403;10 tot 20 jaar;2041;1668.0;1517.0;138.0;12.0;1.0;199;129;70;12038;5844;6194;6927;3526;3401;5112;2318;2793
5404;10 tot 20 jaar;2042;1674.0;1522.0;139.0;12.0;1.0;198;127;70;12025;5836;6189;6876;3502;3373;5149;2334;2816
5405;10 tot 20 jaar;2043;1679.0;1527.0;139.0;12.0;1.0;195;125;69;12012;5830;6182;6827;3478;3351;5185;2352;2832
5406;10 tot 20 jaar;2044;1683.0;1531.0;139.0;12.0;1.0;191;124;69;11997;5825;6172;6780;3456;3326;5217;2369;2846
5407;10 tot 20 jaar;2045;1686.0;1533.0;140.0;12.0;1.0;191;122;68;11982;5818;6164;6733;3431;3302;5249;2387;2863
5408;10 tot 20 jaar;2046;1689.0;1536.0;140.0;12.0;1.0;188;122;65;11971;5813;6158;6686;3406;3280;5285;2407;2878
5409;10 tot 20 jaar;2047;1690.0;1537.0;140.0;12.0;1.0;183;118;65;11964;5810;6154;6641;3383;3261;5323;2427;2893
5410;10 tot 20 jaar;2048;1691.0;1537.0;140.0;12.0;1.0;183;117;65;11954;5804;6150;6596;3358;3239;5358;2446;2911
5411;10 tot 20 jaar;2049;1688.0;1535.0;140.0;12.0;1.0;179;114;65;11942;5799;6143;6557;3335;3221;5385;2464;2922
5412;20 tot 30 jaar;2006;64873.0;40754.0;18876.0;4325.0;915.0;698;457;242;37079;16980;20099;35213;18288;16929;1866;-1308;3170
5413;20 tot 30 jaar;2007;65071.0;40785.0;18989.0;4354.0;945.0;700;457;241;39104;17985;21119;34949;18016;16933;4155;-31;4186
5414;20 tot 30 jaar;2008;65265.0;40839.0;19046.0;4397.0;981.0;699;459;238;40984;18993;21991;34721;17797;16921;6263;1196;5070
5415;20 tot 30 jaar;2009;65650.0;41011.0;19160.0;4448.0;1032.0;701;462;240;42582;19901;22681;34574;17646;16929;8008;2255;5753
5416;20 tot 30 jaar;2010;65510.0;40845.0;19105.0;4502.0;1058.0;703;465;240;43745;20598;23147;34379;17489;16892;9366;3109;6255
5417;20 tot 30 jaar;2011;65818.0;41085.0;19132.0;4527.0;1073.0;709;469;238;44480;21056;23424;34150;17329;16824;10330;3727;6600
5418;20 tot 30 jaar;2012;66620.0;41585.0;19348.0;4598.0;1083.0;716;476;241;44844;21269;23575;33875;17149;16725;10970;4120;6850
5419;20 tot 30 jaar;2013;67594.0;42133.0;19661.0;4699.0;1101.0;721;480;240;44949;21310;23639;33555;16955;16598;11395;4355;7041
5420;20 tot 30 jaar;2014;68487.0;42654.0;19931.0;4783.0;1121.0;725;484;242;44890;21273;23617;33170;16737;16434;11721;4536;7183
5421;20 tot 30 jaar;2015;69179.0;43039.0;20152.0;4858.0;1133.0;727;485;240;44833;21237;23596;32764;16520;16244;12069;4717;7352
5422;20 tot 30 jaar;2016;69585.0;43262.0;20271.0;4909.0;1141.0;724;487;238;44769;21206;23563;32402;16335;16067;12367;4871;7496
5423;20 tot 30 jaar;2017;70015.0;43476.0;20418.0;4966.0;1154.0;719;484;236;44701;21173;23528;32073;16162;15910;12628;5011;7618
5424;20 tot 30 jaar;2018;70545.0;43771.0;20585.0;5025.0;1165.0;719;482;233;44643;21145;23498;31745;15998;15746;12898;5147;7752
5425;20 tot 30 jaar;2019;70912.0;43973.0;20699.0;5068.0;1173.0;713;480;235;44581;21116;23465;31396;15827;15569;13185;5289;7896
5426;20 tot 30 jaar;2020;70849.0;43954.0;20656.0;5065.0;1172.0;708;476;230;44521;21088;23433;31016;15633;15379;13505;5455;8054
5427;20 tot 30 jaar;2021;70707.0;43904.0;20581.0;5055.0;1164.0;700;470;229;44454;21057;23397;30635;15448;15186;13819;5610;8211
5428;20 tot 30 jaar;2022;70696.0;43915.0;20563.0;5058.0;1163.0;695;466;225;44389;21025;23364;30275;15276;15000;14114;5749;8364
5429;20 tot 30 jaar;2023;70739.0;43947.0;20560.0;5072.0;1159.0;685;463;222;44331;20998;23333;29961;15131;14829;14370;5867;8504
5430;20 tot 30 jaar;2024;70741.0;43955.0;20545.0;5082.0;1159.0;675;454;220;44275;20971;23304;29638;14979;14660;14637;5992;8644
5431;20 tot 30 jaar;2025;71024.0;44079.0;20653.0;5127.0;1166.0;662;447;215;44214;20940;23274;29331;14841;14492;14883;6099;8782
5432;20 tot 30 jaar;2026;71396.0;44219.0;20812.0;5184.0;1182.0;653;442;212;44166;20919;23247;29010;14690;14318;15157;6229;8929
5433;20 tot 30 jaar;2027;71521.0;44197.0;20908.0;5223.0;1191.0;642;434;208;44109;20890;23219;28673;14539;14134;15436;6351;9085
5434;20 tot 30 jaar;2028;71222.0;43954.0;20858.0;5219.0;1192.0;630;424;203;44056;20866;23190;28289;14358;13935;15767;6508;9255
5435;20 tot 30 jaar;2029;70731.0;43591.0;20750.0;5202.0;1189.0;614;415;201;44006;20841;23165;27895;14170;13724;16112;6671;9441
5436;20 tot 30 jaar;2030;69759.0;42993.0;20460.0;5131.0;1174.0;597;405;193;43965;20823;23142;27467;13964;13501;16498;6859;9641
5437;20 tot 30 jaar;2031;68844.0;42434.0;20186.0;5067.0;1157.0;584;394;190;43918;20800;23118;27057;13771;13286;16861;7029;9833
5438;20 tot 30 jaar;2032;67930.0;41892.0;19900.0;4996.0;1140.0;570;386;186;43875;20778;23097;26654;13579;13075;17221;7199;10023
5439;20 tot 30 jaar;2033;66999.0;41367.0;19589.0;4925.0;1118.0;558;377;180;43831;20756;23075;26266;13396;12873;17565;7360;10202
5440;20 tot 30 jaar;2034;66365.0;41016.0;19371.0;4873.0;1105.0;547;372;177;43791;20736;23055;25923;13239;12682;17868;7497;10373
5441;20 tot 30 jaar;2035;66056.0;40838.0;19267.0;4852.0;1101.0;540;366;176;43751;20719;23032;25627;13109;12517;18124;7610;10515
5442;20 tot 30 jaar;2036;65818.0;40710.0;19184.0;4835.0;1092.0;533;361;171;43711;20697;23014;25353;12995;12358;18358;7702;10656
5443;20 tot 30 jaar;2037;65691.0;40646.0;19132.0;4825.0;1090.0;525;357;171;43681;20684;22997;25104;12887;12215;18578;7797;10782
5444;20 tot 30 jaar;2038;65651.0;40636.0;19107.0;4822.0;1087.0;520;353;170;43653;20669;22984;24875;12795;12082;18778;7874;10902
5445;20 tot 30 jaar;2039;65682.0;40670.0;19104.0;4823.0;1086.0;519;349;168;43621;20655;22966;24667;12712;11960;18954;7943;11006
5446;20 tot 30 jaar;2040;65792.0;40748.0;19123.0;4832.0;1085.0;514;348;168;43592;20641;22951;24486;12640;11845;19106;8001;11106
5447;20 tot 30 jaar;2041;65975.0;40874.0;19167.0;4845.0;1090.0;511;346;166;43566;20627;22939;24321;12579;11740;19245;8048;11199
5448;20 tot 30 jaar;2042;66221.0;41036.0;19231.0;4865.0;1091.0;508;344;165;43536;20610;22926;24172;12526;11646;19365;8084;11280
5449;20 tot 30 jaar;2043;66518.0;41224.0;19311.0;4888.0;1094.0;505;341;164;43515;20601;22914;24041;12479;11564;19475;8122;11350
5450;20 tot 30 jaar;2044;66847.0;41421.0;19408.0;4914.0;1106.0;504;338;161;43493;20588;22905;23922;12437;11485;19571;8151;11420
5451;20 tot 30 jaar;2045;67191.0;41629.0;19514.0;4945.0;1108.0;500;337;161;43471;20580;22891;23820;12403;11418;19651;8177;11473
5452;20 tot 30 jaar;2046;67539.0;41832.0;19621.0;4970.0;1115.0;497;336;161;43449;20567;22882;23725;12371;11354;19725;8196;11528
5453;20 tot 30 jaar;2047;67869.0;42020.0;19732.0;4994.0;1123.0;494;335;160;43438;20563;22875;23637;12340;11299;19801;8223;11576
5454;20 tot 30 jaar;2048;68159.0;42176.0;19836.0;5021.0;1130.0;493;333;159;43419;20551;22868;23561;12310;11251;19858;8241;11617
5455;20 tot 30 jaar;2049;68446.0;42343.0;19929.0;5042.0;1135.0;490;329;159;43413;20551;22862;23499;12284;11213;19914;8267;11649
5456;30 tot 40 jaar;2006;110421.0;38167.0;47605.0;17694.0;6956.0;1487;857;627;23036;12340;10696;32983;19380;13602;-9947;-7040;-2906
5457;30 tot 40 jaar;2007;107438.0;37126.0;46383.0;16937.0;6994.0;1437;828;609;24165;12990;11175;31917;18579;13337;-7752;-5589;-2162
5458;30 tot 40 jaar;2008;105159.0;36383.0;45314.0;16352.0;7110.0;1390;800;588;25326;13695;11631;30985;17889;13099;-5659;-4194;-1468
5459;30 tot 40 jaar;2009;103112.0;35729.0;44419.0;15715.0;7248.0;1334;768;565;26410;14379;12031;30073;17239;12833;-3663;-2860;-802
5460;30 tot 40 jaar;2010;102089.0;35648.0;43898.0;15225.0;7321.0;1282;739;544;27283;14941;12342;29357;16746;12611;-2074;-1805;-269
5461;30 tot 40 jaar;2011;100867.0;35289.0;43453.0;14849.0;7277.0;1240;715;526;27867;15328;12539;28823;16396;12428;-956;-1068;111
5462;30 tot 40 jaar;2012;99610.0;34849.0;43054.0;14542.0;7164.0;1203;694;508;28141;15503;12638;28395;16145;12249;-254;-642;389
5463;30 tot 40 jaar;2013;98745.0;34503.0;42792.0;14338.0;7112.0;1178;682;497;28197;15533;12664;28109;15981;12129;88;-448;535
5464;30 tot 40 jaar;2014;98390.0;34403.0;42694.0;14204.0;7091.0;1163;674;489;28132;15493;12639;27942;15888;12054;190;-395;585
5465;30 tot 40 jaar;2015;98446.0;34451.0;42757.0;14139.0;7096.0;1157;672;487;28062;15452;12610;27840;15828;12012;222;-376;599
5466;30 tot 40 jaar;2016;98929.0;34690.0;42988.0;14124.0;7126.0;1154;671;486;27987;15412;12575;27785;15787;11998;202;-375;577
5467;30 tot 40 jaar;2017;99446.0;34882.0;43275.0;14127.0;7165.0;1152;671;482;27914;15374;12540;27738;15756;11981;176;-382;559
5468;30 tot 40 jaar;2018;100015.0;35089.0;43586.0;14142.0;7200.0;1147;667;479;27848;15340;12508;27660;15710;11949;188;-370;559
5469;30 tot 40 jaar;2019;100780.0;35372.0;43970.0;14184.0;7251.0;1143;665;476;27781;15303;12478;27594;15671;11924;187;-368;554
5470;30 tot 40 jaar;2020;101856.0;35802.0;44487.0;14254.0;7313.0;1136;663;474;27713;15268;12445;27542;15643;11899;171;-375;547
5471;30 tot 40 jaar;2021;102958.0;36219.0;45008.0;14344.0;7387.0;1134;663;471;27647;15232;12415;27469;15601;11866;178;-369;549
5472;30 tot 40 jaar;2022;103878.0;36502.0;45452.0;14447.0;7476.0;1136;665;471;27584;15199;12385;27373;15555;11818;211;-356;567
5473;30 tot 40 jaar;2023;104637.0;36700.0;45821.0;14546.0;7567.0;1139;667;471;27523;15165;12358;27239;15485;11756;284;-320;602
5474;30 tot 40 jaar;2024;105235.0;36856.0;46105.0;14624.0;7647.0;1137;667;471;27460;15132;12328;27081;15399;11684;379;-267;644
5475;30 tot 40 jaar;2025;105355.0;36832.0;46174.0;14649.0;7701.0;1133;664;469;27406;15104;12302;26862;15284;11580;544;-180;722
5476;30 tot 40 jaar;2026;105194.0;36726.0;46108.0;14627.0;7733.0;1125;660;463;27349;15073;12276;26640;15172;11468;709;-99;808
5477;30 tot 40 jaar;2027;105201.0;36724.0;46094.0;14620.0;7761.0;1117;655;461;27294;15043;12251;26419;15052;11367;875;-9;885
5478;30 tot 40 jaar;2028;105529.0;36886.0;46213.0;14639.0;7793.0;1109;653;459;27237;15011;12226;26240;14962;11277;997;49;949
5479;30 tot 40 jaar;2029;105896.0;37065.0;46364.0;14650.0;7818.0;1103;650;454;27187;14987;12200;26051;14866;11186;1136;121;1014
5480;30 tot 40 jaar;2030;106532.0;37362.0;46656.0;14673.0;7838.0;1093;643;450;27141;14960;12181;25864;14769;11095;1277;191;1087
5481;30 tot 40 jaar;2031;106967.0;37526.0;46899.0;14686.0;7858.0;1082;638;444;27090;14934;12156;25663;14666;10997;1427;268;1160
5482;30 tot 40 jaar;2032;107286.0;37613.0;47087.0;14705.0;7883.0;1074;633;442;27047;14909;12138;25460;14561;10897;1587;348;1241
5483;30 tot 40 jaar;2033;107462.0;37640.0;47194.0;14716.0;7912.0;1060;627;437;27004;14887;12117;25265;14466;10802;1739;422;1315
5484;30 tot 40 jaar;2034;107178.0;37477.0;47087.0;14688.0;7926.0;1050;621;430;26965;14865;12100;25037;14342;10693;1928;523;1407
5485;30 tot 40 jaar;2035;106521.0;37162.0;46787.0;14636.0;7937.0;1042;616;426;26925;14841;12084;24791;14216;10575;2134;625;1509
5486;30 tot 40 jaar;2036;105728.0;36829.0;46400.0;14564.0;7936.0;1031;610;423;26880;14819;12061;24547;14084;10461;2333;735;1600
5487;30 tot 40 jaar;2037;104778.0;36473.0;45941.0;14460.0;7906.0;1021;604;418;26845;14799;12046;24300;13952;10344;2546;847;1702
5488;30 tot 40 jaar;2038;103732.0;36115.0;45445.0;14321.0;7848.0;1004;594;413;26809;14778;12031;24031;13811;10224;2778;967;1807
5489;30 tot 40 jaar;2039;102732.0;35797.0;44981.0;14175.0;7780.0;989;583;404;26779;14762;12017;23770;13662;10108;3009;1100;1909
5490;30 tot 40 jaar;2040;101768.0;35505.0;44561.0;14011.0;7692.0;968;573;396;26746;14742;12004;23500;13512;9992;3246;1230;2012
5491;30 tot 40 jaar;2041;100986.0;35271.0;44228.0;13867.0;7617.0;948;560;388;26714;14727;11987;23253;13371;9884;3461;1356;2103
5492;30 tot 40 jaar;2042;100359.0;35093.0;43970.0;13744.0;7553.0;932;551;380;26689;14711;11978;23027;13242;9785;3662;1469;2193
5493;30 tot 40 jaar;2043;99880.0;34971.0;43778.0;13638.0;7494.0;914;540;371;26669;14701;11968;22818;13121;9696;3851;1580;2272
5494;30 tot 40 jaar;2044;99623.0;34913.0;43677.0;13572.0;7460.0;900;533;366;26642;14684;11958;22643;13021;9622;3999;1663;2337
5495;30 tot 40 jaar;2045;99556.0;34920.0;43653.0;13539.0;7443.0;888;527;362;26620;14674;11946;22509;12944;9563;4111;1731;2383
5496;30 tot 40 jaar;2046;99619.0;34976.0;43680.0;13522.0;7439.0;879;520;357;26604;14664;11940;22397;12877;9520;4207;1787;2420
5497;30 tot 40 jaar;2047;99796.0;35067.0;43761.0;13524.0;7441.0;872;517;354;26580;14650;11930;22312;12820;9488;4268;1830;2442
5498;30 tot 40 jaar;2048;100077.0;35191.0;43890.0;13540.0;7456.0;862;514;350;26567;14640;11927;22246;12778;9471;4321;1862;2456
5499;30 tot 40 jaar;2049;100446.0;35348.0;44054.0;13572.0;7474.0;856;508;348;26553;14634;11919;22207;12743;9463;4346;1891;2456
5500;40 tot 50 jaar;2006;6807.0;1577.0;2235.0;1564.0;1426.0;4118;2246;1873;10898;6247;4651;19184;12088;7095;-8286;-5841;-2444
5501;40 tot 50 jaar;2007;6904.0;1606.0;2240.0;1585.0;1470.0;4092;2216;1874;11447;6572;4875;19154;12029;7127;-7707;-5457;-2252
5502;40 tot 50 jaar;2008;7064.0;1640.0;2263.0;1620.0;1539.0;4068;2193;1873;12082;6957;5125;19088;11939;7149;-7006;-4982;-2024
5503;40 tot 50 jaar;2009;7366.0;1705.0;2325.0;1686.0;1652.0;4040;2169;1873;12721;7352;5369;19002;11843;7159;-6281;-4491;-1790
5504;40 tot 50 jaar;2010;7522.0;1746.0;2344.0;1710.0;1724.0;4007;2138;1870;13242;7687;5555;18819;11680;7138;-5577;-3993;-1583
5505;40 tot 50 jaar;2011;7467.0;1725.0;2305.0;1698.0;1738.0;3953;2098;1857;13616;7936;5680;18537;11455;7083;-4921;-3519;-1403
5506;40 tot 50 jaar;2012;7280.0;1690.0;2244.0;1643.0;1705.0;3885;2050;1835;13777;8041;5736;18177;11180;6997;-4400;-3139;-1261
5507;40 tot 50 jaar;2013;6966.0;1610.0;2130.0;1588.0;1640.0;3788;1986;1803;13806;8056;5750;17717;10853;6870;-3911;-2797;-1120
5508;40 tot 50 jaar;2014;6663.0;1538.0;2030.0;1510.0;1581.0;3675;1917;1760;13760;8028;5732;17230;10508;6721;-3470;-2480;-989
5509;40 tot 50 jaar;2015;6412.0;1474.0;1941.0;1469.0;1527.0;3565;1846;1717;13707;7997;5710;16753;10172;6581;-3046;-2175;-871
5510;40 tot 50 jaar;2016;6243.0;1432.0;1880.0;1445.0;1485.0;3459;1783;1675;13659;7970;5689;16352;9894;6459;-2693;-1924;-770
5511;40 tot 50 jaar;2017;6144.0;1407.0;1844.0;1441.0;1454.0;3348;1715;1631;13612;7944;5668;15995;9648;6344;-2383;-1704;-676
5512;40 tot 50 jaar;2018;6132.0;1404.0;1835.0;1454.0;1442.0;3234;1651;1584;13562;7916;5646;15657;9419;6235;-2095;-1503;-589
5513;40 tot 50 jaar;2019;6131.0;1403.0;1832.0;1463.0;1433.0;3094;1575;1520;13513;7890;5623;15303;9189;6116;-1790;-1299;-493
5514;40 tot 50 jaar;2020;6205.0;1416.0;1852.0;1491.0;1445.0;2965;1506;1461;13474;7869;5605;15016;9006;6009;-1541;-1137;-404
5515;40 tot 50 jaar;2021;6245.0;1423.0;1862.0;1507.0;1452.0;2855;1447;1406;13432;7843;5589;14780;8860;5916;-1348;-1017;-327
5516;40 tot 50 jaar;2022;6202.0;1409.0;1844.0;1509.0;1441.0;2760;1400;1358;13385;7818;5567;14574;8745;5829;-1189;-927;-262
5517;40 tot 50 jaar;2023;6166.0;1400.0;1829.0;1506.0;1434.0;2698;1371;1330;13344;7796;5548;14428;8667;5762;-1084;-871;-214
5518;40 tot 50 jaar;2024;6194.0;1403.0;1834.0;1518.0;1439.0;2654;1350;1308;13298;7770;5528;14329;8620;5711;-1031;-850;-183
5519;40 tot 50 jaar;2025;6264.0;1419.0;1854.0;1544.0;1450.0;2634;1338;1296;13263;7752;5511;14268;8593;5673;-1005;-841;-162
5520;40 tot 50 jaar;2026;6386.0;1445.0;1888.0;1579.0;1475.0;2622;1333;1289;13225;7730;5495;14224;8579;5646;-999;-849;-151
5521;40 tot 50 jaar;2027;6476.0;1464.0;1910.0;1606.0;1494.0;2614;1332;1284;13187;7709;5478;14189;8574;5615;-1002;-865;-137
5522;40 tot 50 jaar;2028;6536.0;1476.0;1926.0;1628.0;1506.0;2607;1328;1278;13154;7690;5464;14143;8561;5584;-989;-871;-120
5523;40 tot 50 jaar;2029;6618.0;1492.0;1948.0;1653.0;1526.0;2600;1327;1273;13116;7667;5449;14111;8556;5556;-995;-889;-107
5524;40 tot 50 jaar;2030;6754.0;1522.0;1986.0;1693.0;1554.0;2591;1327;1265;13082;7648;5434;14094;8564;5529;-1012;-916;-95
5525;40 tot 50 jaar;2031;6856.0;1542.0;2013.0;1724.0;1578.0;2588;1328;1262;13050;7630;5420;14073;8569;5506;-1023;-939;-86
5526;40 tot 50 jaar;2032;6892.0;1549.0;2018.0;1736.0;1590.0;2596;1333;1263;13018;7613;5405;14049;8570;5482;-1031;-957;-77
5527;40 tot 50 jaar;2033;6906.0;1546.0;2019.0;1746.0;1593.0;2605;1340;1265;12988;7595;5393;14015;8565;5451;-1027;-970;-58
5528;40 tot 50 jaar;2034;6921.0;1550.0;2020.0;1754.0;1597.0;2609;1345;1265;12959;7578;5381;13967;8551;5416;-1008;-973;-35
5529;40 tot 50 jaar;2035;6883.0;1537.0;2004.0;1749.0;1593.0;2606;1344;1261;12928;7560;5368;13891;8521;5369;-963;-961;-1
5530;40 tot 50 jaar;2036;6843.0;1528.0;1988.0;1740.0;1586.0;2593;1338;1253;12901;7546;5355;13816;8492;5325;-915;-946;30
5531;40 tot 50 jaar;2037;6862.0;1530.0;1995.0;1748.0;1588.0;2577;1333;1245;12880;7535;5345;13740;8456;5285;-860;-921;60
5532;40 tot 50 jaar;2038;6949.0;1552.0;2022.0;1774.0;1604.0;2568;1330;1236;12854;7520;5334;13689;8436;5254;-835;-916;81
5533;40 tot 50 jaar;2039;7027.0;1568.0;2043.0;1797.0;1618.0;2557;1327;1230;12831;7507;5324;13640;8419;5222;-809;-912;102
5534;40 tot 50 jaar;2040;7142.0;1592.0;2078.0;1828.0;1642.0;2532;1318;1218;12808;7495;5313;13591;8398;5194;-783;-903;119
5535;40 tot 50 jaar;2041;7175.0;1597.0;2084.0;1839.0;1650.0;2508;1305;1199;12791;7484;5307;13535;8375;5161;-744;-891;146
5536;40 tot 50 jaar;2042;7162.0;1595.0;2078.0;1838.0;1650.0;2485;1298;1186;12773;7474;5299;13481;8351;5130;-708;-877;169
5537;40 tot 50 jaar;2043;7143.0;1588.0;2069.0;1836.0;1649.0;2464;1290;1172;12756;7464;5292;13431;8328;5105;-675;-864;187
5538;40 tot 50 jaar;2044;7054.0;1566.0;2039.0;1817.0;1632.0;2435;1278;1158;12740;7456;5284;13367;8295;5074;-627;-839;211
5539;40 tot 50 jaar;2045;6934.0;1539.0;1999.0;1788.0;1608.0;2414;1268;1145;12723;7446;5277;13299;8253;5046;-576;-807;231
5540;40 tot 50 jaar;2046;6842.0;1518.0;1972.0;1765.0;1588.0;2391;1257;1134;12708;7439;5269;13235;8215;5021;-527;-776;248
5541;40 tot 50 jaar;2047;6775.0;1501.0;1951.0;1751.0;1572.0;2364;1248;1119;12693;7430;5263;13171;8175;4999;-478;-745;264
5542;40 tot 50 jaar;2048;6725.0;1491.0;1936.0;1738.0;1558.0;2328;1231;1099;12683;7423;5260;13106;8130;4978;-423;-707;282
5543;40 tot 50 jaar;2049;6696.0;1485.0;1927.0;1732.0;1552.0;2289;1209;1078;12674;7420;5254;13039;8082;4957;-365;-662;297
5544;50 tot 60 jaar;2006;;;;;;9633;5603;4029;4843;2850;1993;9956;6118;3841;-5113;-3268;-1848
5545;50 tot 60 jaar;2007;;;;;;9349;5383;3966;5100;2997;2103;9958;6082;3873;-4858;-3085;-1770
5546;50 tot 60 jaar;2008;;;;;;9173;5232;3944;5424;3192;2232;9993;6082;3909;-4569;-2890;-1677
5547;50 tot 60 jaar;2009;;;;;;9066;5120;3947;5770;3412;2358;10053;6104;3951;-4283;-2692;-1593
5548;50 tot 60 jaar;2010;;;;;;8995;5032;3964;6075;3604;2471;10155;6158;3997;-4080;-2554;-1526
5549;50 tot 60 jaar;2011;;;;;;8966;4965;3999;6288;3740;2548;10230;6193;4033;-3942;-2453;-1485
5550;50 tot 60 jaar;2012;;;;;;8905;4888;4019;6379;3801;2578;10292;6227;4064;-3913;-2426;-1486
5551;50 tot 60 jaar;2013;;;;;;8877;4833;4046;6391;3804;2587;10363;6266;4096;-3972;-2462;-1509
5552;50 tot 60 jaar;2014;;;;;;8861;4787;4074;6361;3787;2574;10442;6312;4132;-4081;-2525;-1558
5553;50 tot 60 jaar;2015;;;;;;8837;4747;4092;6328;3768;2560;10497;6346;4150;-4169;-2578;-1590
5554;50 tot 60 jaar;2016;;;;;;8795;4695;4101;6299;3753;2546;10512;6349;4164;-4213;-2596;-1618
5555;50 tot 60 jaar;2017;;;;;;8737;4635;4103;6266;3734;2532;10514;6343;4172;-4248;-2609;-1640
5556;50 tot 60 jaar;2018;;;;;;8678;4579;4100;6236;3717;2519;10511;6327;4185;-4275;-2610;-1666
5557;50 tot 60 jaar;2019;;;;;;8633;4536;4098;6209;3701;2508;10508;6313;4197;-4299;-2612;-1689
5558;50 tot 60 jaar;2020;;;;;;8588;4495;4094;6179;3684;2495;10465;6273;4193;-4286;-2589;-1698
5559;50 tot 60 jaar;2021;;;;;;8500;4435;4065;6150;3667;2483;10380;6202;4178;-4230;-2535;-1695
5560;50 tot 60 jaar;2022;;;;;;8390;4367;4022;6123;3651;2472;10245;6102;4142;-4122;-2451;-1670
5561;50 tot 60 jaar;2023;;;;;;8224;4271;3953;6099;3638;2461;10047;5965;4085;-3948;-2327;-1624
5562;50 tot 60 jaar;2024;;;;;;8027;4163;3866;6068;3619;2449;9823;5813;4009;-3755;-2194;-1560
5563;50 tot 60 jaar;2025;;;;;;7830;4052;3776;6045;3608;2437;9590;5659;3930;-3545;-2051;-1493
5564;50 tot 60 jaar;2026;;;;;;7644;3956;3687;6015;3589;2426;9371;5519;3852;-3356;-1930;-1426
5565;50 tot 60 jaar;2027;;;;;;7454;3856;3599;5993;3577;2416;9165;5389;3774;-3172;-1812;-1358
5566;50 tot 60 jaar;2028;;;;;;7251;3750;3500;5973;3565;2408;8966;5271;3695;-2993;-1706;-1287
5567;50 tot 60 jaar;2029;;;;;;6982;3610;3370;5952;3553;2399;8754;5142;3611;-2802;-1589;-1212
5568;50 tot 60 jaar;2030;;;;;;6737;3483;3251;5935;3544;2391;8578;5040;3537;-2643;-1496;-1146
5569;50 tot 60 jaar;2031;;;;;;6517;3370;3148;5911;3529;2382;8429;4954;3474;-2518;-1425;-1092
5570;50 tot 60 jaar;2032;;;;;;6326;3273;3051;5891;3516;2375;8302;4887;3415;-2411;-1371;-1040
5571;50 tot 60 jaar;2033;;;;;;6199;3213;2987;5870;3505;2365;8217;4844;3375;-2347;-1339;-1010
5572;50 tot 60 jaar;2034;;;;;;6104;3168;2937;5850;3494;2356;8160;4820;3338;-2310;-1326;-982
5573;50 tot 60 jaar;2035;;;;;;6051;3142;2909;5833;3485;2348;8133;4813;3320;-2300;-1328;-972
5574;50 tot 60 jaar;2036;;;;;;6012;3124;2887;5818;3478;2340;8118;4810;3307;-2300;-1332;-967
5575;50 tot 60 jaar;2037;;;;;;5986;3116;2870;5802;3467;2335;8113;4818;3297;-2311;-1351;-962
5576;50 tot 60 jaar;2038;;;;;;5951;3103;2846;5786;3457;2329;8107;4822;3285;-2321;-1365;-956
5577;50 tot 60 jaar;2039;;;;;;5922;3095;2826;5768;3447;2321;8110;4830;3278;-2342;-1383;-957
5578;50 tot 60 jaar;2040;;;;;;5887;3084;2804;5754;3439;2315;8120;4845;3275;-2366;-1406;-960
5579;50 tot 60 jaar;2041;;;;;;5864;3079;2784;5748;3435;2313;8139;4863;3276;-2391;-1428;-963
5580;50 tot 60 jaar;2042;;;;;;5863;3086;2776;5733;3428;2305;8159;4882;3276;-2426;-1454;-971
5581;50 tot 60 jaar;2043;;;;;;5870;3098;2772;5722;3420;2302;8175;4894;3279;-2453;-1474;-977
5582;50 tot 60 jaar;2044;;;;;;5865;3103;2760;5709;3413;2296;8185;4904;3281;-2476;-1491;-985
5583;50 tot 60 jaar;2045;;;;;;5844;3102;2740;5700;3407;2293;8184;4906;3279;-2484;-1499;-986
5584;50 tot 60 jaar;2046;;;;;;5805;3091;2713;5687;3398;2289;8178;4904;3275;-2491;-1506;-986
5585;50 tot 60 jaar;2047;;;;;;5762;3074;2690;5680;3396;2284;8180;4905;3277;-2500;-1509;-993
5586;50 tot 60 jaar;2048;;;;;;5735;3068;2669;5670;3391;2279;8196;4911;3283;-2526;-1520;-1004
5587;50 tot 60 jaar;2049;;;;;;5705;3058;2646;5663;3386;2277;8220;4925;3294;-2557;-1539;-1017
5588;60 tot 70 jaar;2006;;;;;;17034;10500;6532;2082;1163;919;4875;3040;1836;-2793;-1877;-917
5589;60 tot 70 jaar;2007;;;;;;17593;10792;6804;2187;1224;963;5093;3161;1934;-2906;-1937;-971
5590;60 tot 70 jaar;2008;;;;;;18015;11001;7014;2344;1314;1030;5251;3240;2010;-2907;-1926;-980
5591;60 tot 70 jaar;2009;;;;;;18385;11178;7208;2524;1416;1108;5358;3294;2066;-2834;-1878;-958
5592;60 tot 70 jaar;2010;;;;;;18692;11309;7384;2676;1501;1175;5444;3330;2114;-2768;-1829;-939
5593;60 tot 70 jaar;2011;;;;;;19096;11491;7605;2778;1562;1216;5528;3364;2164;-2750;-1802;-948
5594;60 tot 70 jaar;2012;;;;;;19487;11664;7821;2830;1593;1237;5605;3398;2209;-2775;-1805;-972
5595;60 tot 70 jaar;2013;;;;;;19737;11757;7980;2832;1593;1239;5655;3406;2250;-2823;-1813;-1011
5596;60 tot 70 jaar;2014;;;;;;19929;11821;8108;2816;1585;1231;5688;3403;2286;-2872;-1818;-1055
5597;60 tot 70 jaar;2015;;;;;;20318;12003;8317;2797;1573;1224;5732;3404;2324;-2935;-1831;-1100
5598;60 tot 70 jaar;2016;;;;;;19794;11639;8156;2777;1563;1214;5747;3399;2350;-2970;-1836;-1136
5599;60 tot 70 jaar;2017;;;;;;19371;11335;8037;2761;1555;1206;5777;3394;2384;-3016;-1839;-1178
5600;60 tot 70 jaar;2018;;;;;;19154;11160;7997;2744;1546;1198;5822;3409;2412;-3078;-1863;-1214
5601;60 tot 70 jaar;2019;;;;;;19102;11090;8011;2726;1538;1188;5884;3435;2449;-3158;-1897;-1261
5602;60 tot 70 jaar;2020;;;;;;19140;11085;8054;2707;1528;1179;5954;3472;2483;-3247;-1944;-1304
5603;60 tot 70 jaar;2021;;;;;;19265;11137;8127;2693;1521;1172;6032;3515;2519;-3339;-1994;-1347
5604;60 tot 70 jaar;2022;;;;;;19345;11167;8176;2675;1510;1165;6099;3551;2545;-3424;-2041;-1380
5605;60 tot 70 jaar;2023;;;;;;19497;11251;8242;2659;1501;1158;6173;3597;2576;-3514;-2096;-1418
5606;60 tot 70 jaar;2024;;;;;;19665;11349;8315;2641;1493;1148;6243;3639;2602;-3602;-2146;-1454
5607;60 tot 70 jaar;2025;;;;;;19816;11451;8366;2625;1483;1142;6293;3673;2622;-3668;-2190;-1480
5608;60 tot 70 jaar;2026;;;;;;19911;11514;8397;2610;1475;1135;6313;3687;2627;-3703;-2212;-1492
5609;60 tot 70 jaar;2027;;;;;;19979;11567;8410;2594;1467;1127;6324;3693;2631;-3730;-2226;-1504
5610;60 tot 70 jaar;2028;;;;;;20020;11603;8416;2580;1459;1121;6329;3696;2634;-3749;-2237;-1513
5611;60 tot 70 jaar;2029;;;;;;20051;11633;8417;2567;1451;1116;6336;3700;2640;-3769;-2249;-1524
5612;60 tot 70 jaar;2030;;;;;;20052;11639;8411;2556;1444;1112;6319;3685;2634;-3763;-2241;-1522
5613;60 tot 70 jaar;2031;;;;;;19923;11572;8349;2537;1435;1102;6278;3650;2629;-3741;-2215;-1527
5614;60 tot 70 jaar;2032;;;;;;19712;11453;8258;2528;1430;1098;6203;3601;2605;-3675;-2171;-1507
5615;60 tot 70 jaar;2033;;;;;;19345;11236;8110;2514;1422;1092;6096;3527;2570;-3582;-2105;-1478
5616;60 tot 70 jaar;2034;;;;;;18877;10956;7920;2506;1417;1089;5978;3452;2527;-3472;-2035;-1438
5617;60 tot 70 jaar;2035;;;;;;18393;10662;7730;2494;1410;1084;5851;3369;2484;-3357;-1959;-1400
5618;60 tot 70 jaar;2036;;;;;;17932;10385;7545;2482;1405;1077;5733;3292;2440;-3251;-1887;-1363
5619;60 tot 70 jaar;2037;;;;;;17455;10097;7356;2473;1400;1073;5617;3219;2397;-3144;-1819;-1324
5620;60 tot 70 jaar;2038;;;;;;16947;9792;7155;2464;1395;1069;5506;3149;2356;-3042;-1754;-1287
5621;60 tot 70 jaar;2039;;;;;;16271;9385;6887;2451;1388;1063;5386;3072;2314;-2935;-1684;-1251
5622;60 tot 70 jaar;2040;;;;;;15655;9016;6639;2445;1385;1060;5291;3020;2273;-2846;-1635;-1213
5623;60 tot 70 jaar;2041;;;;;;15104;8686;6419;2435;1379;1056;5215;2976;2240;-2780;-1597;-1184
5624;60 tot 70 jaar;2042;;;;;;14635;8411;6224;2426;1375;1051;5147;2937;2210;-2721;-1562;-1159
5625;60 tot 70 jaar;2043;;;;;;14332;8232;6095;2420;1370;1050;5107;2920;2189;-2687;-1550;-1139
5626;60 tot 70 jaar;2044;;;;;;14120;8109;6009;2409;1366;1043;5089;2910;2176;-2680;-1544;-1133
5627;60 tot 70 jaar;2045;;;;;;14014;8048;5966;2404;1362;1042;5091;2918;2174;-2687;-1556;-1132
5628;60 tot 70 jaar;2046;;;;;;13949;8000;5946;2399;1360;1039;5106;2927;2176;-2707;-1567;-1137
5629;60 tot 70 jaar;2047;;;;;;13924;7986;5939;2389;1355;1034;5118;2939;2180;-2729;-1584;-1146
5630;60 tot 70 jaar;2048;;;;;;13885;7960;5923;2384;1352;1032;5134;2951;2185;-2750;-1599;-1153
5631;60 tot 70 jaar;2049;;;;;;13871;7950;5920;2381;1351;1030;5160;2966;2196;-2779;-1615;-1166
5632;70 tot 80 jaar;2006;;;;;;32754;18863;13891;876;478;398;1313;754;561;-437;-276;-163
5633;70 tot 80 jaar;2007;;;;;;32852;18939;13913;930;508;422;1369;791;581;-439;-283;-159
5634;70 tot 80 jaar;2008;;;;;;33001;19079;13926;997;547;450;1432;829;601;-435;-282;-151
5635;70 tot 80 jaar;2009;;;;;;33210;19234;13975;1089;603;486;1491;868;623;-402;-265;-137
5636;70 tot 80 jaar;2010;;;;;;33352;19355;13998;1149;637;512;1560;911;650;-411;-274;-138
5637;70 tot 80 jaar;2011;;;;;;33511;19474;14037;1196;664;532;1601;938;666;-405;-274;-134
5638;70 tot 80 jaar;2012;;;;;;33700;19621;14081;1215;675;540;1649;964;687;-434;-289;-147
5639;70 tot 80 jaar;2013;;;;;;34229;19956;14275;1218;675;543;1692;987;700;-474;-312;-157
5640;70 tot 80 jaar;2014;;;;;;34881;20362;14520;1209;671;538;1744;1014;725;-535;-343;-187
5641;70 tot 80 jaar;2015;;;;;;35430;20695;14736;1199;665;534;1791;1039;750;-592;-374;-216
5642;70 tot 80 jaar;2016;;;;;;36976;21627;15349;1193;662;531;1883;1094;789;-690;-432;-258
5643;70 tot 80 jaar;2017;;;;;;38468;22496;15974;1186;659;527;1964;1136;826;-778;-477;-299
5644;70 tot 80 jaar;2018;;;;;;39651;23188;16463;1174;653;521;2029;1170;863;-855;-517;-342
5645;70 tot 80 jaar;2019;;;;;;40764;23849;16914;1168;649;519;2075;1183;893;-907;-534;-374
5646;70 tot 80 jaar;2020;;;;;;41742;24422;17318;1158;645;513;2118;1192;924;-960;-547;-411
5647;70 tot 80 jaar;2021;;;;;;42916;25100;17816;1150;640;510;2148;1197;950;-998;-557;-440
5648;70 tot 80 jaar;2022;;;;;;44071;25766;18306;1143;636;507;2188;1207;982;-1045;-571;-475
5649;70 tot 80 jaar;2023;;;;;;44901;26247;18656;1137;633;504;2227;1217;1010;-1090;-584;-506
5650;70 tot 80 jaar;2024;;;;;;45566;26636;18930;1129;629;500;2264;1231;1036;-1135;-602;-536
5651;70 tot 80 jaar;2025;;;;;;46591;27225;19365;1121;625;496;2303;1242;1061;-1182;-617;-565
5652;70 tot 80 jaar;2026;;;;;;45691;26721;18969;1117;621;496;2332;1251;1079;-1215;-630;-583
5653;70 tot 80 jaar;2027;;;;;;45059;26388;18674;1109;618;491;2353;1257;1094;-1244;-639;-603
5654;70 tot 80 jaar;2028;;;;;;44851;26279;18570;1103;615;488;2386;1271;1115;-1283;-656;-627
5655;70 tot 80 jaar;2029;;;;;;44946;26347;18599;1097;611;486;2421;1289;1133;-1324;-678;-647
5656;70 tot 80 jaar;2030;;;;;;45198;26507;18691;1094;607;487;2471;1316;1155;-1377;-709;-668
5657;70 tot 80 jaar;2031;;;;;;45606;26746;18859;1092;609;483;2514;1337;1175;-1422;-728;-692
5658;70 tot 80 jaar;2032;;;;;;45886;26908;18982;1086;604;482;2565;1366;1201;-1479;-762;-719
5659;70 tot 80 jaar;2033;;;;;;46291;27141;19150;1081;600;481;2609;1387;1221;-1528;-787;-740
5660;70 tot 80 jaar;2034;;;;;;46706;27368;19338;1074;598;476;2660;1417;1244;-1586;-819;-768
5661;70 tot 80 jaar;2035;;;;;;47048;27556;19488;1067;595;472;2701;1438;1261;-1634;-843;-789
5662;70 tot 80 jaar;2036;;;;;;47245;27641;19604;1063;591;472;2724;1455;1271;-1661;-864;-799
5663;70 tot 80 jaar;2037;;;;;;47370;27683;19688;1061;590;471;2738;1460;1281;-1677;-870;-810
5664;70 tot 80 jaar;2038;;;;;;47433;27681;19754;1055;588;467;2761;1468;1293;-1706;-880;-826
5665;70 tot 80 jaar;2039;;;;;;47495;27677;19818;1051;585;466;2785;1478;1305;-1734;-893;-839
5666;70 tot 80 jaar;2040;;;;;;47488;27621;19868;1046;583;463;2795;1477;1316;-1749;-894;-853
5667;70 tot 80 jaar;2041;;;;;;47197;27404;19794;1042;581;461;2794;1471;1323;-1752;-890;-862
5668;70 tot 80 jaar;2042;;;;;;46729;27072;19657;1037;577;460;2779;1459;1323;-1742;-882;-863
5669;70 tot 80 jaar;2043;;;;;;45924;26533;19392;1035;577;458;2749;1432;1318;-1714;-855;-860
5670;70 tot 80 jaar;2044;;;;;;44908;25881;19028;1033;576;457;2713;1404;1309;-1680;-828;-852
5671;70 tot 80 jaar;2045;;;;;;43861;25202;18660;1030;573;457;2666;1371;1294;-1636;-798;-837
5672;70 tot 80 jaar;2046;;;;;;42856;24563;18293;1026;571;455;2626;1342;1283;-1600;-771;-828
5673;70 tot 80 jaar;2047;;;;;;41808;23896;17911;1023;569;454;2594;1320;1275;-1571;-751;-821
5674;70 tot 80 jaar;2048;;;;;;40692;23210;17481;1021;569;452;2561;1298;1262;-1540;-729;-810
5675;70 tot 80 jaar;2049;;;;;;39228;22331;16897;1020;568;452;2524;1273;1251;-1504;-705;-799
5676;80 tot 90 jaar;2006;;;;;;47208;20343;26866;316;169;147;305;116;187;11;54;-40
5677;80 tot 90 jaar;2007;;;;;;48073;20812;27264;335;176;159;309;118;191;26;58;-32
5678;80 tot 90 jaar;2008;;;;;;49287;21470;27816;358;191;167;320;124;196;38;67;-29
5679;80 tot 90 jaar;2009;;;;;;50244;22022;28222;389;210;179;327;128;198;62;82;-19
5680;80 tot 90 jaar;2010;;;;;;50608;22390;28217;417;226;191;337;137;202;80;89;-11
5681;80 tot 90 jaar;2011;;;;;;50980;22768;28212;442;236;206;341;139;203;101;97;3
5682;80 tot 90 jaar;2012;;;;;;51412;23187;28223;448;240;208;349;145;204;99;95;4
5683;80 tot 90 jaar;2013;;;;;;51601;23507;28092;448;240;208;359;154;207;89;86;1
5684;80 tot 90 jaar;2014;;;;;;51954;23932;28022;445;236;209;371;161;207;74;75;2
5685;80 tot 90 jaar;2015;;;;;;52418;24380;28037;444;236;208;380;169;210;64;67;-2
5686;80 tot 90 jaar;2016;;;;;;52929;24853;28078;440;234;206;394;179;216;46;55;-10
5687;80 tot 90 jaar;2017;;;;;;53414;25260;28156;433;229;204;413;192;223;20;37;-19
5688;80 tot 90 jaar;2018;;;;;;53988;25754;28237;430;227;203;431;203;230;-1;24;-27
5689;80 tot 90 jaar;2019;;;;;;54659;26273;28388;429;227;202;450;214;236;-21;13;-34
5690;80 tot 90 jaar;2020;;;;;;55300;26795;28504;427;226;201;475;231;246;-48;-5;-45
5691;80 tot 90 jaar;2021;;;;;;55904;27278;28624;423;225;198;489;237;251;-66;-12;-53
5692;80 tot 90 jaar;2022;;;;;;56625;27818;28807;422;224;198;504;242;261;-82;-18;-63
5693;80 tot 90 jaar;2023;;;;;;57903;28622;29282;414;218;196;513;246;266;-99;-28;-70
5694;80 tot 90 jaar;2024;;;;;;59401;29522;29876;411;218;193;529;252;276;-118;-34;-83
5695;80 tot 90 jaar;2025;;;;;;60634;30244;30389;411;218;193;542;257;287;-131;-39;-94
5696;80 tot 90 jaar;2026;;;;;;63839;32069;31769;408;216;192;567;270;299;-159;-54;-107
5697;80 tot 90 jaar;2027;;;;;;66921;33755;33168;405;215;190;595;278;315;-190;-63;-125
5698;80 tot 90 jaar;2028;;;;;;69390;35083;34310;402;213;189;618;291;327;-216;-78;-138
5699;80 tot 90 jaar;2029;;;;;;71611;36250;35363;401;213;188;635;296;338;-234;-83;-150
5700;80 tot 90 jaar;2030;;;;;;73561;37210;36347;399;212;187;656;302;352;-257;-90;-165
5701;80 tot 90 jaar;2031;;;;;;75692;38206;37486;393;207;186;663;306;357;-270;-99;-171
5702;80 tot 90 jaar;2032;;;;;;77756;39187;38566;391;207;184;680;309;372;-289;-102;-188
5703;80 tot 90 jaar;2033;;;;;;79281;39919;39363;390;207;183;694;312;381;-304;-105;-198
5704;80 tot 90 jaar;2034;;;;;;80515;40522;39992;387;205;182;711;318;394;-324;-113;-212
5705;80 tot 90 jaar;2035;;;;;;82166;41311;40854;387;205;182;725;321;403;-338;-116;-221
5706;80 tot 90 jaar;2036;;;;;;81010;40777;40232;385;203;182;736;329;409;-351;-126;-227
5707;80 tot 90 jaar;2037;;;;;;80318;40484;39833;384;202;182;750;336;413;-366;-134;-231
5708;80 tot 90 jaar;2038;;;;;;80317;40506;39810;382;200;182;764;344;420;-382;-144;-238
5709;80 tot 90 jaar;2039;;;;;;80832;40792;40040;381;200;181;783;351;428;-402;-151;-247
5710;80 tot 90 jaar;2040;;;;;;81577;41191;40384;378;200;178;811;368;443;-433;-168;-265
5711;80 tot 90 jaar;2041;;;;;;82596;41727;40866;376;199;177;829;379;452;-453;-180;-275
5712;80 tot 90 jaar;2042;;;;;;83419;42169;41251;373;198;175;852;386;464;-479;-188;-289
5713;80 tot 90 jaar;2043;;;;;;84455;42735;41718;373;198;175;874;396;477;-501;-198;-302
5714;80 tot 90 jaar;2044;;;;;;85510;43313;42198;371;197;174;896;408;488;-525;-211;-314
5715;80 tot 90 jaar;2045;;;;;;86384;43815;42568;368;194;174;916;417;499;-548;-223;-325
5716;80 tot 90 jaar;2046;;;;;;86984;44143;42841;368;194;174;928;421;506;-560;-227;-332
5717;80 tot 90 jaar;2047;;;;;;87412;44392;43020;366;192;174;928;419;509;-562;-227;-335
5718;80 tot 90 jaar;2048;;;;;;87709;44565;43144;365;192;173;936;419;515;-571;-227;-342
5719;80 tot 90 jaar;2049;;;;;;88033;44775;43252;364;192;172;949;427;525;-585;-235;-353
5720;90 jaar of ouder;2006;;;;;;21423;5519;15902;6;3;3;17;3;13;-11;0;-10
5721;90 jaar of ouder;2007;;;;;;21902;5688;16213;6;3;3;16;3;13;-10;0;-10
5722;90 jaar of ouder;2008;;;;;;22239;5822;16417;8;3;5;15;3;12;-7;0;-7
5723;90 jaar of ouder;2009;;;;;;22769;6059;16710;9;4;5;16;3;13;-7;1;-8
5724;90 jaar of ouder;2010;;;;;;24028;6563;17465;9;4;5;19;4;15;-10;0;-10
5725;90 jaar of ouder;2011;;;;;;25145;7005;18141;9;4;5;19;4;15;-10;0;-10
5726;90 jaar of ouder;2012;;;;;;26153;7428;18723;9;4;5;19;4;15;-10;0;-10
5727;90 jaar of ouder;2013;;;;;;27207;7871;19336;9;4;5;19;4;15;-10;0;-10
5728;90 jaar of ouder;2014;;;;;;28083;8221;19859;9;4;5;19;4;15;-10;0;-10
5729;90 jaar of ouder;2015;;;;;;28803;8557;20246;9;4;5;19;4;15;-10;0;-10
5730;90 jaar of ouder;2016;;;;;;29484;8898;20586;9;4;5;19;4;14;-10;0;-9
5731;90 jaar of ouder;2017;;;;;;30027;9180;20848;9;4;5;18;4;14;-9;0;-9
5732;90 jaar of ouder;2018;;;;;;30694;9520;21174;9;4;5;20;5;15;-11;-1;-10
5733;90 jaar of ouder;2019;;;;;;31298;9853;21442;9;4;5;19;5;14;-10;-1;-9
5734;90 jaar of ouder;2020;;;;;;32044;10267;21777;9;4;5;20;5;15;-11;-1;-10
5735;90 jaar of ouder;2021;;;;;;32670;10645;22025;9;4;5;20;5;15;-11;-1;-10
5736;90 jaar of ouder;2022;;;;;;33351;11058;22293;9;4;5;20;6;15;-11;-2;-10
5737;90 jaar of ouder;2023;;;;;;33850;11406;22443;9;4;5;20;6;14;-11;-2;-9
5738;90 jaar of ouder;2024;;;;;;34402;11784;22622;9;4;5;21;6;15;-12;-2;-10
5739;90 jaar of ouder;2025;;;;;;34971;12181;22790;9;4;5;22;7;15;-13;-3;-10
5740;90 jaar of ouder;2026;;;;;;35617;12617;23000;9;4;5;22;7;15;-13;-3;-10
5741;90 jaar of ouder;2027;;;;;;36235;13035;23201;9;4;5;23;8;15;-14;-4;-10
5742;90 jaar of ouder;2028;;;;;;37163;13600;23563;9;4;5;24;8;16;-15;-4;-11
5743;90 jaar of ouder;2029;;;;;;38154;14173;23981;9;4;5;25;9;16;-16;-5;-11
5744;90 jaar of ouder;2030;;;;;;39300;14823;24475;9;4;5;26;9;16;-17;-5;-11
5745;90 jaar of ouder;2031;;;;;;40193;15365;24826;9;4;5;26;10;16;-17;-6;-11
5746;90 jaar of ouder;2032;;;;;;41302;16000;25301;9;4;5;26;10;17;-17;-6;-12
5747;90 jaar of ouder;2033;;;;;;42873;16831;26042;9;4;5;27;11;17;-18;-7;-12
5748;90 jaar of ouder;2034;;;;;;44704;17758;26944;9;4;5;29;11;18;-20;-7;-13
5749;90 jaar of ouder;2035;;;;;;46016;18426;27589;9;4;5;30;12;18;-21;-8;-13
5750;90 jaar of ouder;2036;;;;;;50089;20388;29698;9;4;5;36;14;22;-27;-10;-17
5751;90 jaar of ouder;2037;;;;;;53530;21986;31542;9;4;5;36;13;22;-27;-9;-17
5752;90 jaar of ouder;2038;;;;;;56115;23176;32938;8;3;5;35;13;22;-27;-10;-17
5753;90 jaar of ouder;2039;;;;;;58061;24036;34026;8;3;5;35;13;22;-27;-10;-17
5754;90 jaar of ouder;2040;;;;;;59562;24671;34890;7;3;4;35;13;21;-28;-10;-17
5755;90 jaar of ouder;2041;;;;;;60718;25141;35575;7;3;4;36;14;22;-29;-11;-18
5756;90 jaar of ouder;2042;;;;;;61903;25634;36268;7;3;4;38;15;23;-31;-12;-19
5757;90 jaar of ouder;2043;;;;;;62816;25989;36827;7;3;4;39;15;23;-32;-12;-19
5758;90 jaar of ouder;2044;;;;;;63642;26315;37325;7;3;4;40;16;24;-33;-13;-20
5759;90 jaar of ouder;2045;;;;;;64406;26600;37805;7;3;4;40;16;24;-33;-13;-20
5760;90 jaar of ouder;2046;;;;;;65185;26941;38245;7;3;4;41;16;25;-34;-13;-21
5761;90 jaar of ouder;2047;;;;;;65998;27293;38705;7;3;4;41;16;25;-34;-13;-21
5762;90 jaar of ouder;2048;;;;;;66899;27688;39210;7;3;4;43;16;26;-36;-13;-22
5763;90 jaar of ouder;2049;;;;;;67977;28159;39819;7;3;4;44;17;27;-37;-14;-23
