ID;RegioS;Perioden;Totaal_1;DoorSchuldenaar_2;DoorSchuldeisers_3;Totaal_4;OpEigenVerzoek_5;OpVerzoekSchuldeiser_6;OverigeUitgesprokenFaillissementen_7;NatuurlijkePersonenZonderEenmanszaak_8;Eenmanszaken_9;Totaal_10;BeslotenVennootschap_11;VennootschapOnderFirma_12;OverigeRechtsvormen_13;Totaal_14;NatuurlijkPersoonZonderEenmanszaak_15;Eenmanszaken_16;BeslotenVennootschap_17;OverigeRechtsvorm_18;Totaal_19;Opheffing_20;Insolventie_21;Akkoord_22;Schuldsanering_23
0;Nederland;1981;14088;2395;11693;7288;2626;4465;197;1209;2878;3201;2950;157;94;379;80;214;77;8;2538;2435;102;1;
1;Nederland;1982;15447;2626;12821;8644;3430;5098;116;1455;3253;3936;3565;188;183;353;71;198;73;11;5703;5336;302;65;
2;Nederland;1983;13564;2306;11258;7691;2996;4543;152;1351;3034;3306;2984;183;139;358;85;210;49;14;6650;6293;274;83;
3;Nederland;1984;10269;1746;8523;6224;2427;3708;89;1033;2552;2639;2371;143;125;254;50;152;41;11;6724;6366;253;105;
4;Nederland;1985;9317;1584;7733;5378;2054;3193;131;878;2142;2358;2077;133;148;225;47;117;50;11;5911;5584;231;96;
5;Nederland;1986;9634;1638;7996;4448;1621;2771;56;715;1815;1918;1680;107;131;228;50;125;42;11;5073;4762;212;99;
6;Nederland;1987;8798;1496;7302;3786;1233;2487;66;584;1562;1640;1409;90;141;201;47;115;24;15;4278;3996;178;104;
7;Nederland;1988;8984;1527;7457;3849;1208;2599;42;546;1628;1675;1443;86;146;181;41;101;29;10;3995;3693;196;106;
8;Nederland;1989;8701;1479;7222;3679;1116;2505;58;575;1543;1561;1327;93;141;184;44;103;26;11;3586;3341;126;119;
9;Nederland;1990;8969;1114;7855;3519;1059;2411;49;558;1434;1527;1304;77;146;176;44;96;27;9;3306;3069;118;119;
10;Nederland;1991;9038;1411;7627;4075;1303;2710;62;541;1581;1953;1679;104;170;171;32;97;35;7;3212;2956;123;133;
11;Nederland;1992;11248;1795;9453;5045;1759;3211;75;676;1868;2501;2170;116;215;196;32;125;28;11;3447;3170;153;124;
12;Nederland;1993;13182;2550;10632;6428;2507;3810;111;916;2148;3364;2899;197;268;200;36;100;47;17;3979;3654;164;161;
13;Nederland;1994;13031;2441;10590;6464;2376;3917;171;1131;2173;3160;2598;251;311;207;46;105;40;16;5031;4651;203;177;
14;Nederland;1995;11731;2327;9404;5847;2358;3419;70;1064;2011;2772;2278;239;255;214;45;109;48;12;5499;5060;238;200;
15;Nederland;1996;11559;2081;9478;5577;2090;3416;71;1043;1899;2635;2144;226;265;196;39;102;38;17;5266;4777;247;242;
16;Nederland;1997;11347;2184;9176;5547;2181;3235;131;1138;1728;2681;2200;251;230;165;42;80;31;12;5469;4899;284;286;
17;Nederland;1998;10656;1944;8712;5031;2005;3001;25;1016;1545;2470;2016;212;242;201;53;96;30;22;5100;4567;258;274;1.0
18;Nederland;1999;9195;1394;7801;3840;1337;2503;0;602;925;2313;1983;159;171;188;45;86;41;16;5038;4340;294;386;18.0
19;Nederland;2000;9320;1610;7710;4498;1599;2899;0;919;958;2621;2272;187;162;195;50;84;42;19;3959;3326;178;257;198.0
20;Nederland;2001;9658;1974;7684;5834;1939;3889;6;1504;997;3333;2944;196;193;180;59;67;36;18;3643;3030;175;165;273.0
21;Nederland;2002;11124;2827;8297;6771;2513;4258;0;1808;878;4085;3700;198;187;183;57;44;65;17;4234;3533;254;162;285.0
22;Nederland;2003;14785;3788;10997;8748;3436;5312;0;2362;1151;5235;4687;320;228;215;56;80;51;28;4930;3764;788;128;250.0
23;Nederland;2004;14069;3975;10094;9349;3780;5569;0;2701;1381;5267;4589;442;236;241;57;78;66;40;6273;4819;998;122;334.0
24;Nederland;2005;16678;3906;12772;10082;3743;6339;0;3302;1697;5083;4420;420;243;325;81;110;86;48;8137;5939;1563;131;504.0
25;Nederland;2006;13266;3158;10108;9179;2965;3817;2397;3238;1713;4228;3638;304;286;312;71;133;75;33;9665;6614;2339;166;546.0
26;Nederland;2007;11548;2677;8871;7950;2488;3882;1580;3348;1013;3589;3183;181;225;247;73;95;61;18;9081;6080;2368;153;478.0
27;Nederland;2008;11300;3359;7941;6847;2767;3017;1063;2212;795;3840;3402;183;255;179;52;55;60;12;7641;4700;2279;217;445.0
28;Nederland;2009;15995;6043;9952;10559;5406;3970;1183;2519;1045;6995;6299;326;370;187;63;48;59;17;5302;3224;1583;114;379.0
29;Nederland;2010;14144;5940;8204;9565;5351;3326;888;2354;985;6226;5600;270;356;202;64;58;54;26;8400;5218;2247;174;761.0
30;Nederland;2011;14256;6149;8107;9531;5318;3500;713;2392;964;6175;5555;324;296;193;59;59;57;18;8719;5599;2147;168;805.0
31;Noord-Nederland (LD);1981;1203;243;960;661;188;459;14;116;302;243;221;15;7;36;9;18;7;2;197;194;2;1;
32;Noord-Nederland (LD);1982;1463;293;1170;919;360;554;5;186;368;365;317;33;15;30;7;18;5;0;503;463;37;3;
33;Noord-Nederland (LD);1983;1307;265;1042;791;289;490;12;144;363;284;259;19;6;37;6;22;8;1;627;582;37;8;
34;Noord-Nederland (LD);1984;1004;206;798;621;195;424;2;121;278;222;191;23;8;24;5;15;3;1;736;707;20;9;
35;Noord-Nederland (LD);1985;936;187;749;543;167;375;1;98;257;188;165;14;9;17;4;11;2;0;641;611;24;6;
36;Noord-Nederland (LD);1986;871;170;701;446;156;289;1;88;210;148;124;11;13;15;2;12;1;0;532;497;21;14;
37;Noord-Nederland (LD);1987;784;155;629;337;88;248;1;54;183;100;80;8;12;25;6;16;1;2;466;440;19;7;
38;Noord-Nederland (LD);1988;837;166;671;377;88;282;7;62;195;120;92;9;19;29;7;15;5;2;402;371;23;8;
39;Noord-Nederland (LD);1989;896;178;718;381;85;293;3;66;178;137;117;10;10;17;4;12;1;0;361;334;16;11;
40;Noord-Nederland (LD);1990;946;632;314;334;82;252;0;56;168;110;87;8;15;13;3;9;1;0;319;291;18;10;
41;Noord-Nederland (LD);1991;800;100;700;366;138;228;0;53;189;124;106;11;7;13;3;10;0;0;314;282;12;20;
42;Noord-Nederland (LD);1992;982;139;843;437;144;291;2;86;192;159;122;14;23;25;4;18;1;2;323;304;8;11;
43;Noord-Nederland (LD);1993;1148;185;963;564;199;363;2;101;215;248;208;21;19;16;2;9;5;0;344;320;10;14;
44;Noord-Nederland (LD);1994;1112;212;900;599;212;386;1;151;240;208;149;32;27;24;6;13;4;1;446;405;20;21;
45;Noord-Nederland (LD);1995;1114;196;918;581;209;350;22;146;255;180;130;31;19;25;3;18;3;1;548;502;32;14;
46;Noord-Nederland (LD);1996;1144;165;979;545;181;364;0;127;212;206;162;29;15;37;14;17;1;5;480;434;22;24;
47;Noord-Nederland (LD);1997;1110;165;945;525;173;338;14;132;210;183;134;33;16;13;3;7;1;2;475;429;23;23;
48;Noord-Nederland (LD);1998;1061;163;898;490;166;316;8;113;192;185;138;27;20;28;9;12;4;3;429;392;19;18;
49;Noord-Nederland (LD);1999;896;121;775;380;120;260;0;80;128;172;130;25;17;25;11;6;5;3;445;390;32;20;3.0
50;Noord-Nederland (LD);2000;944;142;802;442;122;320;0;104;109;229;181;31;17;37;16;12;2;7;348;284;18;19;27.0
51;Noord-Nederland (LD);2001;1019;176;843;575;191;381;3;195;114;266;215;33;18;10;3;5;2;0;295;219;18;24;34.0
52;Noord-Nederland (LD);2002;1038;192;846;581;208;373;0;170;95;316;281;22;13;10;5;4;1;0;445;356;40;11;38.0
53;Noord-Nederland (LD);2003;1241;300;941;875;378;497;0;247;125;503;436;48;19;23;5;12;4;2;465;358;55;14;38.0
54;Noord-Nederland (LD);2004;1561;359;1202;821;324;497;0;227;152;442;375;47;20;25;8;10;3;4;762;548;136;14;64.0
55;Noord-Nederland (LD);2005;1531;343;1188;823;310;513;0;208;195;420;355;40;25;41;12;17;5;7;736;492;179;10;55.0
56;Noord-Nederland (LD);2006;1269;258;1011;722;244;361;117;233;156;333;290;28;15;22;5;12;5;0;773;495;218;17;43.0
57;Noord-Nederland (LD);2007;1202;250;952;747;219;349;179;328;108;310;266;23;21;18;5;6;5;2;830;550;205;20;54.0
58;Noord-Nederland (LD);2008;1170;332;838;663;294;276;93;209;76;378;307;37;34;16;6;6;2;2;817;491;252;18;56.0
59;Noord-Nederland (LD);2009;1507;532;975;958;517;331;110;230;121;607;543;34;30;23;5;9;7;2;531;339;140;8;44.0
60;Noord-Nederland (LD);2010;1300;448;852;861;476;303;82;196;115;554;497;33;24;16;5;6;3;2;694;383;170;11;130.0
61;Noord-Nederland (LD);2011;1284;552;732;839;493;290;56;206;118;515;450;40;25;17;4;6;6;1;855;559;153;26;117.0
62;Oost-Nederland (LD);1981;2395;430;1965;1292;487;687;118;200;491;601;554;34;13;60;10;39;9;2;374;369;5;0;
63;Oost-Nederland (LD);1982;2786;500;2286;1577;629;906;42;263;594;720;667;29;24;52;10;36;5;1;919;872;34;13;
64;Oost-Nederland (LD);1983;2198;394;1804;1297;521;693;83;230;492;575;518;34;23;55;12;31;7;5;1299;1245;42;12;
65;Oost-Nederland (LD);1984;1714;307;1407;1130;411;686;33;182;466;482;436;23;23;39;7;25;6;1;1187;1134;36;17;
66;Oost-Nederland (LD);1985;1646;294;1352;986;316;569;101;158;392;436;369;28;39;42;7;23;11;1;1117;1056;46;15;
67;Oost-Nederland (LD);1986;1729;310;1419;816;246;536;34;128;344;344;296;19;29;42;13;23;3;3;967;930;24;13;
68;Oost-Nederland (LD);1987;1600;286;1314;735;250;436;49;117;317;301;251;21;29;34;9;20;2;3;800;728;47;25;
69;Oost-Nederland (LD);1988;1630;292;1338;687;192;460;35;100;327;260;227;14;19;43;14;22;4;3;719;673;33;13;
70;Oost-Nederland (LD);1989;1450;259;1191;687;212;454;21;121;298;268;218;21;29;35;12;13;6;4;636;592;19;25;
71;Oost-Nederland (LD);1990;1515;205;1310;660;218;429;13;117;292;251;209;19;23;30;8;17;4;1;626;589;11;26;
72;Oost-Nederland (LD);1991;1564;261;1303;792;263;509;20;141;330;321;264;27;30;36;8;20;6;2;593;534;24;35;
73;Oost-Nederland (LD);1992;1825;322;1503;963;338;602;23;140;366;457;393;22;42;47;8;30;6;3;669;609;34;26;
74;Oost-Nederland (LD);1993;2249;427;1822;1238;451;767;20;183;461;594;496;45;53;40;10;18;8;4;777;700;35;42;
75;Oost-Nederland (LD);1994;2314;455;1859;1201;452;687;62;210;390;601;487;47;67;42;10;21;7;4;969;892;46;31;
76;Oost-Nederland (LD);1995;2091;383;1708;1069;410;631;28;209;396;464;382;41;41;45;14;20;9;2;1123;1001;51;71;
77;Oost-Nederland (LD);1996;2188;391;1797;1103;417;686;0;233;402;468;374;54;40;35;11;16;2;6;897;802;54;41;
78;Oost-Nederland (LD);1997;2139;440;1699;1135;476;555;104;273;351;511;407;60;44;34;10;16;6;2;1016;880;85;51;
79;Oost-Nederland (LD);1998;1793;414;1379;1040;456;578;6;260;321;459;368;45;46;41;9;22;6;4;915;811;37;67;
80;Oost-Nederland (LD);1999;1690;262;1428;741;279;462;0;113;170;458;397;36;25;28;5;14;6;3;1003;843;58;101;1.0
81;Oost-Nederland (LD);2000;1782;247;1535;981;340;641;0;257;206;518;452;44;22;27;9;10;7;1;794;627;35;62;70.0
82;Oost-Nederland (LD);2001;1968;395;1573;1321;440;880;1;395;236;690;600;55;35;33;8;15;8;2;781;626;35;40;80.0
83;Oost-Nederland (LD);2002;2105;499;1606;1459;484;975;0;485;177;797;717;61;19;29;4;9;15;1;957;784;56;40;77.0
84;Oost-Nederland (LD);2003;3122;918;2204;1961;715;1246;0;588;287;1086;953;81;52;48;11;19;8;10;1351;1034;240;21;56.0
85;Oost-Nederland (LD);2004;2745;787;1958;2050;798;1252;0;663;286;1101;969;94;38;38;7;15;12;4;1472;1134;237;30;71.0
86;Oost-Nederland (LD);2005;3880;932;2948;2314;822;1492;0;875;363;1076;937;100;39;52;15;18;11;8;1888;1402;343;16;127.0
87;Oost-Nederland (LD);2006;2655;716;1939;2057;730;693;634;820;350;887;778;63;46;60;12;28;15;5;2177;1520;472;24;161.0
88;Oost-Nederland (LD);2007;2429;580;1849;1849;596;783;470;853;236;777;682;37;58;36;7;18;10;1;1930;1326;455;18;131.0
89;Oost-Nederland (LD);2008;2339;726;1613;1565;680;615;270;567;214;784;696;42;46;27;8;10;9;0;1716;988;527;46;155.0
90;Oost-Nederland (LD);2009;3820;1342;2478;2454;1316;855;283;659;257;1538;1378;84;76;33;14;5;9;5;1105;660;307;26;112.0
91;Oost-Nederland (LD);2010;3005;1339;1666;2174;1276;740;158;616;228;1365;1197;93;75;34;11;10;7;6;1914;1243;418;50;203.0
92;Oost-Nederland (LD);2011;3109;1368;1741;2206;1265;744;197;676;234;1296;1142;92;62;32;10;9;8;5;1966;1216;496;30;224.0
93;West-Nederland (LD);1981;7140;1239;5901;3669;1377;2234;58;616;1392;1661;1538;69;54;210;48;117;42;3;1379;1356;23;0;
94;West-Nederland (LD);1982;7629;1326;6303;4188;1735;2401;52;709;1524;1955;1760;81;114;202;41;106;48;7;3036;2905;89;42;
95;West-Nederland (LD);1983;7014;1219;5795;3996;1679;2298;19;709;1532;1755;1580;98;77;205;50;123;26;6;3325;3197;78;50;
96;West-Nederland (LD);1984;5437;943;4494;3262;1392;1830;40;559;1291;1412;1261;79;72;148;29;85;27;7;3457;3312;93;52;
97;West-Nederland (LD);1985;4807;837;3970;2808;1176;1606;26;490;1048;1270;1117;77;76;136;28;68;33;7;2944;2802;88;54;
98;West-Nederland (LD);1986;4926;856;4070;2280;895;1365;20;353;894;1033;917;51;65;128;20;73;31;4;2531;2364;108;59;
99;West-Nederland (LD);1987;4489;779;3710;1933;654;1264;15;312;719;902;781;45;76;119;29;64;16;10;2046;1920;66;60;
100;West-Nederland (LD);1988;4561;790;3771;2032;699;1333;0;294;772;966;831;52;83;94;16;56;18;4;2016;1848;96;72;
101;West-Nederland (LD);1989;4483;778;3705;1803;595;1206;2;261;692;850;731;40;79;97;19;61;13;4;1819;1691;59;69;
102;West-Nederland (LD);1990;4647;582;4065;1777;516;1240;21;279;662;836;731;36;69;107;29;57;16;5;1664;1529;68;67;
103;West-Nederland (LD);1991;4685;772;3913;2040;632;1381;27;244;725;1071;926;48;97;100;18;51;26;5;1604;1484;66;54;
104;West-Nederland (LD);1992;5902;931;4971;2544;891;1621;32;327;892;1325;1170;53;102;103;19;60;18;6;1786;1638;75;73;
105;West-Nederland (LD);1993;6838;1328;5510;3270;1296;1903;71;438;1028;1804;1575;91;138;115;21;59;28;7;2123;1950;88;85;
106;West-Nederland (LD);1994;6693;1274;5419;3316;1229;1994;93;512;1087;1717;1458;107;152;110;22;58;23;7;2452;2273;92;87;
107;West-Nederland (LD);1995;5927;1048;4879;3000;1247;1744;9;508;978;1514;1280;110;124;119;23;60;31;5;2692;2465;131;95;
108;West-Nederland (LD);1996;5652;1079;4573;2798;1045;1682;71;510;906;1382;1134;104;144;96;10;55;26;5;2799;2525;138;136;
109;West-Nederland (LD);1997;5589;1133;4456;2848;1109;1727;12;535;869;1444;1216;107;121;82;17;44;17;4;2693;2396;129;168;
110;West-Nederland (LD);1998;5188;936;4252;2489;955;1523;11;473;719;1297;1080;96;121;117;29;57;19;12;2696;2441;120;135;
111;West-Nederland (LD);1999;4432;641;3791;1901;656;1245;0;307;450;1144;994;68;82;101;25;50;18;8;2608;2225;160;214;9.0
112;West-Nederland (LD);2000;4409;816;3593;2109;764;1345;0;382;457;1270;1102;73;95;95;18;46;23;8;1906;1596;85;150;75.0
113;West-Nederland (LD);2001;4597;952;3645;2727;905;1820;2;602;446;1679;1500;68;111;106;38;36;19;13;1794;1498;93;79;124.0
114;West-Nederland (LD);2002;5474;1431;4043;3264;1165;2099;0;760;414;2090;1898;77;115;106;37;20;38;11;2002;1670;131;91;110.0
115;West-Nederland (LD);2003;6723;1733;4990;4055;1571;2484;0;1022;553;2480;2244;115;121;104;29;37;27;11;2061;1572;325;64;100.0
116;West-Nederland (LD);2004;6478;1927;4551;4307;1782;2525;0;1122;695;2490;2191;179;120;122;23;42;36;21;2615;2036;397;52;130.0
117;West-Nederland (LD);2005;7068;1592;5476;4661;1723;2938;0;1458;813;2390;2079;197;114;161;33;52;51;25;3714;2662;745;76;231.0
118;West-Nederland (LD);2006;6347;1429;4918;4385;1270;1890;1225;1531;872;1982;1688;141;153;157;38;63;39;17;4515;3133;1080;80;222.0
119;West-Nederland (LD);2007;5784;1274;4510;3724;1118;1865;741;1597;461;1675;1506;66;103;125;39;52;25;9;4386;2913;1225;70;177.0
120;West-Nederland (LD);2008;5523;1611;3912;3146;1173;1458;515;1044;351;1751;1574;64;113;103;31;29;36;7;3793;2348;1178;121;146.0
121;West-Nederland (LD);2009;7179;2708;4471;4663;2189;1901;573;1059;428;3176;2872;130;174;88;29;23;29;7;2488;1466;805;61;154.0
122;West-Nederland (LD);2010;6629;2762;3867;4327;2358;1515;453;987;417;2882;2624;92;166;113;37;29;33;14;3946;2436;1173;80;257.0
123;West-Nederland (LD);2011;6657;2682;3975;4209;2330;1508;371;937;390;2882;2616;119;147;99;34;26;29;10;3994;2590;1037;79;288.0
124;Zuid-Nederland (LD);1981;3350;570;2780;1666;574;1085;7;277;693;696;637;39;20;73;13;40;19;1;588;516;72;0;
125;Zuid-Nederland (LD);1982;3569;605;2964;1960;706;1237;17;297;767;896;821;45;30;69;13;38;15;3;1245;1096;142;7;
126;Zuid-Nederland (LD);1983;3045;516;2529;1607;507;1062;38;268;647;692;627;32;33;61;17;34;8;2;1399;1269;117;13;
127;Zuid-Nederland (LD);1984;2114;358;1756;1211;429;768;14;171;517;523;483;18;22;43;9;27;5;2;1344;1213;104;27;
128;Zuid-Nederland (LD);1985;1928;325;1603;1041;395;643;3;132;445;464;426;14;24;30;8;15;4;3;1209;1115;73;21;
129;Zuid-Nederland (LD);1986;2108;358;1750;906;324;581;1;146;367;393;343;26;24;43;15;17;7;4;1043;971;59;13;
130;Zuid-Nederland (LD);1987;1925;326;1599;781;241;539;1;101;343;337;297;16;24;23;3;15;5;0;966;908;46;12;
131;Zuid-Nederland (LD);1988;1956;335;1622;753;229;524;0;90;334;329;293;11;25;15;4;8;2;1;858;801;44;13;
132;Zuid-Nederland (LD);1989;1872;318;1554;808;224;552;32;127;375;306;261;22;23;35;9;17;6;3;770;724;32;14;
133;Zuid-Nederland (LD);1990;1861;240;1621;748;243;490;15;106;312;330;277;14;39;26;4;13;6;3;697;660;21;16;
134;Zuid-Nederland (LD);1991;1989;278;1905;877;270;592;15;103;337;437;383;18;36;22;3;16;3;0;701;656;21;24;
135;Zuid-Nederland (LD);1992;2539;403;2136;1101;386;697;18;123;418;560;485;27;48;21;1;17;3;0;669;619;36;14;
136;Zuid-Nederland (LD);1993;2947;610;2337;1356;561;777;18;194;444;718;620;40;58;29;3;14;6;6;735;684;31;20;
137;Zuid-Nederland (LD);1994;2912;500;2412;1348;483;850;15;258;456;634;504;65;65;31;8;13;6;4;1164;1081;45;38;
138;Zuid-Nederland (LD);1995;2599;500;2099;1197;492;694;11;201;382;614;486;57;71;25;5;11;5;4;1136;1092;24;20;
139;Zuid-Nederland (LD);1996;2575;446;2129;1131;447;684;0;173;379;579;474;39;66;28;4;14;9;1;1090;1016;33;41;
140;Zuid-Nederland (LD);1997;2509;431;2078;1039;423;615;1;198;298;543;443;51;49;36;12;13;7;4;1285;1194;47;44;
141;Zuid-Nederland (LD);1998;2394;431;1963;1012;428;584;0;170;313;529;430;44;55;15;6;5;1;3;1060;923;82;54;1.0
142;Zuid-Nederland (LD);1999;2177;370;1807;818;282;536;0;102;177;539;462;30;47;34;4;16;12;2;982;882;44;51;5.0
143;Zuid-Nederland (LD);2000;2185;405;1780;966;373;593;0;176;186;604;537;39;28;36;7;16;10;3;911;819;40;26;26.0
144;Zuid-Nederland (LD);2001;2054;451;1603;1211;403;808;0;312;201;698;629;40;29;31;10;11;7;3;773;687;29;22;35.0
145;Zuid-Nederland (LD);2002;2507;705;1802;1467;656;811;0;393;192;882;804;38;40;38;11;11;11;5;830;723;27;20;60.0
146;Zuid-Nederland (LD);2003;3699;837;2862;1857;772;1085;0;505;186;1166;1054;76;36;40;11;12;12;5;1053;800;168;29;56.0
147;Zuid-Nederland (LD);2004;3285;902;2383;2171;876;1295;0;689;248;1234;1054;122;58;56;19;11;15;11;1424;1101;228;26;69.0
148;Zuid-Nederland (LD);2005;4199;1039;3160;2284;888;1396;0;761;326;1197;1049;83;65;71;21;23;19;8;1799;1383;296;29;91.0
149;Zuid-Nederland (LD);2006;2995;755;2240;2015;721;873;421;654;335;1026;882;72;72;73;16;30;16;11;2200;1466;569;45;120.0
150;Zuid-Nederland (LD);2007;2133;573;1560;1630;555;885;190;570;208;827;729;55;43;68;22;19;21;6;1935;1291;483;45;116.0
151;Zuid-Nederland (LD);2008;2268;690;1578;1473;620;668;185;392;154;927;825;40;62;33;7;10;13;3;1315;873;322;32;88.0
152;Zuid-Nederland (LD);2009;3489;1461;2028;2484;1384;883;217;571;239;1674;1506;78;90;43;15;11;14;3;1178;759;331;19;69.0
153;Zuid-Nederland (LD);2010;3210;1391;1819;2203;1241;767;195;555;225;1425;1282;52;91;39;11;13;11;4;1846;1156;486;33;171.0
154;Zuid-Nederland (LD);2011;3206;1547;1659;2277;1230;958;89;573;222;1482;1347;73;62;45;11;18;14;2;1904;1234;461;33;176.0
155;Groningen (PV);1981;363;87;276;262;122;133;7;40;118;104;95;6;3;8;2;3;2;1;83;81;1;1;
156;Groningen (PV);1982;407;98;309;290;136;154;0;59;114;117;105;9;3;10;2;6;2;0;181;167;11;3;
157;Groningen (PV);1983;392;94;298;261;99;159;3;45;113;103;94;7;2;11;2;8;1;0;203;182;16;5;
158;Groningen (PV);1984;358;86;272;242;78;163;1;41;113;88;77;8;3;12;2;8;1;1;205;194;6;5;
159;Groningen (PV);1985;319;77;242;215;68;147;0;37;105;73;65;5;3;9;3;5;1;0;202;191;9;2;
160;Groningen (PV);1986;251;60;191;151;63;88;0;26;65;60;50;5;5;3;2;1;0;0;190;177;7;6;
161;Groningen (PV);1987;242;58;184;100;35;64;1;14;59;27;21;2;4;5;1;4;0;0;192;180;9;3;
162;Groningen (PV);1988;250;60;190;125;44;81;0;14;66;45;37;2;6;7;1;6;0;0;173;154;15;4;
163;Groningen (PV);1989;275;66;209;142;35;107;0;22;58;62;55;4;3;3;1;2;0;0;153;141;7;5;
164;Groningen (PV);1990;341;309;32;125;32;93;0;19;66;40;30;4;6;5;1;3;1;0;105;99;4;2;
165;Groningen (PV);1991;225;32;193;122;31;91;0;16;59;47;37;5;5;1;0;1;0;0;106;88;8;10;
166;Groningen (PV);1992;350;43;307;153;47;104;2;24;77;52;39;4;9;8;1;6;0;1;108;105;2;1;
167;Groningen (PV);1993;395;70;325;216;81;133;2;47;78;91;71;11;9;2;0;0;2;0;154;142;6;6;
168;Groningen (PV);1994;394;74;320;214;81;132;1;48;91;75;56;11;8;9;3;4;1;1;139;128;6;5;
169;Groningen (PV);1995;377;86;291;209;85;102;22;46;89;74;56;9;9;7;2;3;1;1;219;202;12;5;
170;Groningen (PV);1996;355;68;287;201;76;125;0;47;83;71;52;13;6;10;4;4;0;2;183;164;9;10;
171;Groningen (PV);1997;364;66;298;204;75;120;9;44;81;79;61;9;9;10;2;5;1;2;168;149;7;12;
172;Groningen (PV);1998;322;62;260;178;62;108;8;42;68;68;54;6;8;6;2;4;0;0;162;142;10;10;
173;Groningen (PV);1999;299;54;245;152;61;91;0;37;49;66;48;8;10;12;6;3;1;2;174;166;3;5;
174;Groningen (PV);2000;288;34;254;161;43;118;0;44;38;79;62;11;6;19;9;5;1;4;113;95;4;5;9.0
175;Groningen (PV);2001;359;51;308;201;68;133;0;71;45;85;67;10;8;3;0;3;0;0;92;63;5;7;17.0
176;Groningen (PV);2002;342;57;285;223;68;155;0;69;50;104;95;5;4;6;3;3;0;0;212;157;28;4;23.0
177;Groningen (PV);2003;511;149;362;359;162;197;0;109;49;201;176;19;6;8;2;4;1;1;236;179;28;5;24.0
178;Groningen (PV);2004;601;136;465;315;129;186;0;100;63;152;131;13;8;5;1;3;1;0;356;247;54;1;54.0
179;Groningen (PV);2005;510;132;378;314;125;189;0;81;75;158;138;7;13;8;2;5;1;0;314;216;72;2;24.0
180;Groningen (PV);2006;454;107;347;280;97;106;77;109;66;105;92;9;4;7;2;2;3;0;319;214;69;6;30.0
181;Groningen (PV);2007;412;93;319;339;82;110;147;178;41;115;97;9;9;5;0;2;2;1;355;251;66;6;31.0
182;Groningen (PV);2008;361;109;252;242;107;81;54;89;18;135;111;14;10;3;1;2;0;0;255;149;81;4;21.0
183;Groningen (PV);2009;478;211;267;327;189;98;40;93;48;186;166;12;8;4;1;3;0;0;146;87;44;1;14.0
184;Groningen (PV);2010;420;198;222;326;192;88;46;71;49;210;194;12;4;5;3;1;0;1;236;109;60;3;64.0
185;Groningen (PV);2011;411;197;214;293;187;80;26;78;45;170;139;18;13;7;3;2;1;1;346;223;67;8;48.0
186;Friesland (PV);1981;522;115;407;247;12;232;3;55;117;75;66;6;3;16;5;6;4;1;73;72;1;0;
187;Friesland (PV);1982;636;140;496;371;143;223;5;71;152;148;127;12;9;13;4;7;2;0;173;158;15;0;
188;Friesland (PV);1983;572;126;446;301;103;191;7;73;132;96;83;10;3;19;4;8;6;1;228;213;12;3;
189;Friesland (PV);1984;405;89;316;212;58;153;1;49;101;62;50;9;3;10;1;7;2;0;291;279;10;2;
190;Friesland (PV);1985;332;73;259;177;57;120;0;36;84;57;48;5;4;6;1;4;1;0;268;256;9;3;
191;Friesland (PV);1986;321;71;250;160;48;112;0;42;71;47;36;5;6;5;0;5;0;0;196;180;10;6;
192;Friesland (PV);1987;291;64;227;146;26;120;0;25;71;50;42;3;5;16;5;8;1;2;148;137;8;3;
193;Friesland (PV);1988;334;73;261;141;19;118;4;30;75;36;28;1;7;8;3;3;2;0;124;117;4;3;
194;Friesland (PV);1989;350;77;273;138;26;112;0;22;71;45;38;2;5;10;2;7;1;0;129;119;6;4;
195;Friesland (PV);1990;310;289;21;115;16;99;0;27;62;26;18;4;4;3;1;2;0;0;110;98;6;6;
196;Friesland (PV);1991;304;34;270;124;72;52;0;21;64;39;35;2;2;9;3;6;0;0;121;111;4;6;
197;Friesland (PV);1992;274;45;229;142;47;95;0;35;57;50;38;6;6;5;2;2;0;1;130;118;5;7;
198;Friesland (PV);1993;415;63;352;204;64;140;0;39;78;87;75;7;5;8;1;5;2;0;95;85;2;8;
199;Friesland (PV);1994;373;72;301;217;69;148;0;62;72;83;54;15;14;10;2;7;1;0;147;133;6;8;
200;Friesland (PV);1995;371;39;332;186;43;143;0;46;95;45;33;10;2;12;0;11;1;0;186;169;10;7;
201;Friesland (PV);1996;420;61;359;209;66;143;0;46;77;86;74;9;3;18;7;8;1;2;142;125;8;9;
202;Friesland (PV);1997;427;71;356;179;72;106;1;49;71;59;42;15;2;2;0;2;0;0;154;141;10;3;
203;Friesland (PV);1998;399;55;344;168;58;110;0;37;72;59;44;8;7;13;3;6;3;1;153;144;4;5;
204;Friesland (PV);1999;293;41;252;116;33;83;0;20;47;49;36;9;4;7;3;2;1;1;178;143;22;11;2.0
205;Friesland (PV);2000;308;66;242;136;38;98;0;22;38;76;66;7;3;7;2;3;1;1;119;97;4;4;14.0
206;Friesland (PV);2001;316;63;253;169;55;111;3;45;33;91;82;4;5;3;2;1;0;0;94;70;5;10;9.0
207;Friesland (PV);2002;380;71;309;177;81;96;0;45;24;108;96;12;0;2;1;0;1;0;124;100;4;5;15.0
208;Friesland (PV);2003;386;89;297;244;98;146;0;49;47;148;124;16;8;8;1;5;2;0;115;91;4;7;13.0
209;Friesland (PV);2004;455;94;361;234;83;151;0;55;45;134;112;16;6;10;4;3;0;3;139;111;16;7;5.0
210;Friesland (PV);2005;511;100;411;240;88;152;0;50;55;135;110;18;7;14;5;5;1;3;151;89;41;7;14.0
211;Friesland (PV);2006;403;62;341;183;47;106;30;35;39;109;96;8;5;7;1;5;1;0;157;100;51;4;2.0
212;Friesland (PV);2007;378;78;300;172;66;81;25;51;38;92;81;7;4;7;3;2;1;1;188;124;44;6;14.0
213;Friesland (PV);2008;347;83;264;161;75;77;9;32;31;98;82;5;11;4;0;3;1;0;347;207;111;12;17.0
214;Friesland (PV);2009;517;173;344;287;166;86;35;58;35;194;176;9;9;13;2;5;5;1;218;134;61;2;21.0
215;Friesland (PV);2010;425;126;299;237;112;109;16;52;29;151;133;11;7;6;0;4;2;0;227;137;46;4;40.0
216;Friesland (PV);2011;426;154;272;243;131;104;8;47;31;165;149;10;6;6;1;3;2;0;209;141;33;12;23.0
217;Drenthe (PV);1981;318;41;277;152;54;94;4;21;67;64;60;3;1;12;2;9;1;0;41;41;0;0;
218;Drenthe (PV);1982;420;55;365;258;81;177;0;56;102;100;85;12;3;7;1;5;1;0;149;138;11;0;
219;Drenthe (PV);1983;343;45;298;229;87;140;2;26;118;85;82;2;1;7;0;6;1;0;196;187;9;0;
220;Drenthe (PV);1984;241;31;210;167;59;108;0;31;64;72;64;6;2;2;2;0;0;0;240;234;4;2;
221;Drenthe (PV);1985;285;37;248;151;42;108;1;25;68;58;52;4;2;2;0;2;0;0;171;164;6;1;
222;Drenthe (PV);1986;299;39;260;135;45;89;1;20;74;41;38;1;2;7;0;6;1;0;146;140;4;2;
223;Drenthe (PV);1987;251;33;218;91;27;64;0;15;53;23;17;3;3;4;0;4;0;0;126;123;2;1;
224;Drenthe (PV);1988;253;33;220;111;25;83;3;18;54;39;27;6;6;14;3;6;3;2;105;100;4;1;
225;Drenthe (PV);1989;271;35;236;101;24;74;3;22;49;30;24;4;2;4;1;3;0;0;79;74;3;2;
226;Drenthe (PV);1990;295;34;261;94;34;60;0;10;40;44;39;0;5;5;1;4;0;0;104;94;8;2;
227;Drenthe (PV);1991;271;34;237;120;35;85;0;16;66;38;34;4;0;3;0;3;0;0;87;83;0;4;
228;Drenthe (PV);1992;358;51;307;142;50;92;0;27;58;57;45;4;8;12;1;10;1;0;85;81;1;3;
229;Drenthe (PV);1993;338;52;286;144;54;90;0;15;59;70;62;3;5;6;1;4;1;0;95;93;2;0;
230;Drenthe (PV);1994;345;66;279;168;62;106;0;41;77;50;39;6;5;5;1;2;2;0;160;144;8;8;
231;Drenthe (PV);1995;366;71;295;186;81;105;0;54;71;61;41;12;8;6;1;4;1;0;143;131;10;2;
232;Drenthe (PV);1996;369;36;333;135;39;96;0;34;52;49;36;7;6;9;3;5;0;1;155;145;5;5;
233;Drenthe (PV);1997;319;28;291;142;26;112;4;39;58;45;31;9;5;1;1;0;0;0;153;139;6;8;
234;Drenthe (PV);1998;340;46;294;144;46;98;0;34;52;58;40;13;5;9;4;2;1;2;114;106;5;3;
235;Drenthe (PV);1999;304;26;278;112;26;86;0;23;32;57;46;8;3;6;2;1;3;0;93;81;7;4;1.0
236;Drenthe (PV);2000;348;42;306;145;41;104;0;38;33;74;53;13;8;11;5;4;0;2;116;92;10;10;4.0
237;Drenthe (PV);2001;344;62;282;205;68;137;0;79;36;90;66;19;5;4;1;1;2;0;109;86;8;7;8.0
238;Drenthe (PV);2002;316;64;252;181;59;122;0;56;21;104;90;5;9;2;1;1;0;0;109;99;8;2;
239;Drenthe (PV);2003;344;62;282;272;118;154;0;89;29;154;136;13;5;7;2;3;1;1;114;88;23;2;1.0
240;Drenthe (PV);2004;505;129;376;272;112;160;0;72;44;156;132;18;6;10;3;4;2;1;267;190;66;6;5.0
241;Drenthe (PV);2005;510;111;399;269;97;172;0;77;65;127;107;15;5;19;5;7;3;4;271;187;66;1;17.0
242;Drenthe (PV);2006;412;89;323;259;100;149;10;89;51;119;102;11;6;8;2;5;1;0;297;181;98;7;11.0
243;Drenthe (PV);2007;412;79;333;236;71;158;7;99;29;103;88;7;8;6;2;2;2;0;287;175;95;8;9.0
244;Drenthe (PV);2008;462;140;322;260;112;118;30;88;27;145;114;18;13;9;5;1;1;2;215;135;60;2;18.0
245;Drenthe (PV);2009;512;148;364;344;162;147;35;79;38;227;201;13;13;6;2;1;2;1;167;118;35;5;9.0
246;Drenthe (PV);2010;455;124;331;298;172;106;20;73;37;193;170;10;13;5;2;1;1;1;231;137;64;4;26.0
247;Drenthe (PV);2011;447;201;246;303;175;106;22;81;42;180;162;12;6;4;0;1;3;0;300;195;53;6;46.0
248;Overijssel (PV);1981;790;142;648;426;161;227;38;64;175;187;176;8;3;28;7;16;4;1;150;149;1;0;
249;Overijssel (PV);1982;1007;181;826;570;227;328;15;98;210;262;246;10;6;22;2;18;2;0;375;357;15;3;
250;Overijssel (PV);1983;750;135;615;442;178;236;28;82;177;183;164;13;6;26;8;13;2;3;447;433;13;1;
251;Overijssel (PV);1984;607;109;498;400;145;230;25;62;161;177;159;11;7;15;5;6;3;1;412;398;12;2;
252;Overijssel (PV);1985;523;94;429;314;101;181;32;50;129;135;114;12;9;17;2;8;6;1;407;381;19;7;
253;Overijssel (PV);1986;549;99;450;259;78;170;11;44;109;106;90;8;8;15;4;9;1;1;318;308;6;4;
254;Overijssel (PV);1987;536;96;440;246;84;146;16;37;106;103;84;7;12;7;1;3;2;1;280;260;13;7;
255;Overijssel (PV);1988;494;89;405;208;58;136;14;28;107;73;65;3;5;11;3;8;0;0;221;209;10;2;
256;Overijssel (PV);1989;533;96;437;253;78;167;8;46;113;94;75;6;13;12;1;8;3;0;207;194;5;8;
257;Overijssel (PV);1990;537;73;464;234;82;152;0;37;117;80;61;7;12;11;2;7;1;1;203;189;3;11;
258;Overijssel (PV);1991;567;95;472;287;85;189;13;54;120;113;98;9;6;15;4;7;4;0;186;163;7;16;
259;Overijssel (PV);1992;601;106;495;317;111;198;8;46;134;137;118;6;13;18;3;9;4;2;255;232;14;9;
260;Overijssel (PV);1993;748;141;607;412;149;255;8;56;169;187;153;14;20;11;3;5;2;1;266;244;8;14;
261;Overijssel (PV);1994;823;162;661;427;161;244;22;93;144;190;150;14;26;17;4;10;2;1;275;255;13;7;
262;Overijssel (PV);1995;751;137;614;384;147;227;10;73;151;160;131;15;14;17;5;7;4;1;433;388;24;21;
263;Overijssel (PV);1996;738;132;606;372;141;231;0;82;136;154;128;16;10;10;3;5;1;1;286;249;21;16;
264;Overijssel (PV);1997;722;148;574;383;182;184;17;94;117;172;133;23;16;9;2;4;2;1;288;224;52;12;
265;Overijssel (PV);1998;593;137;456;344;200;143;1;105;106;133;113;9;11;11;3;5;3;0;311;277;12;22;
266;Overijssel (PV);1999;568;88;480;249;105;144;0;49;61;139;112;20;7;11;5;3;1;2;341;287;19;35;
267;Overijssel (PV);2000;592;82;510;326;103;223;0;115;71;140;122;13;5;6;1;3;2;0;291;240;15;10;26.0
268;Overijssel (PV);2001;690;139;551;463;154;308;1;134;92;237;213;14;10;4;0;3;1;0;288;224;12;19;33.0
269;Overijssel (PV);2002;686;153;533;470;156;314;0;161;61;248;218;27;3;11;0;3;8;0;352;288;16;14;34.0
270;Overijssel (PV);2003;911;268;643;572;208;364;0;152;104;316;271;31;14;13;4;6;0;3;408;280;109;6;13.0
271;Overijssel (PV);2004;834;239;595;623;250;373;0;181;103;339;303;25;11;12;1;6;4;1;429;292;107;15;15.0
272;Overijssel (PV);2005;1163;277;886;703;248;455;0;274;133;296;259;31;6;13;4;4;4;1;571;381;136;5;49.0
273;Overijssel (PV);2006;807;228;579;669;276;232;161;282;117;270;227;27;16;13;0;10;1;2;675;429;157;10;79.0
274;Overijssel (PV);2007;779;181;598;577;226;274;77;278;93;239;209;8;22;10;1;5;4;0;636;412;154;4;66.0
275;Overijssel (PV);2008;798;264;534;576;262;215;99;263;77;236;200;19;17;6;3;1;2;0;575;314;160;24;77.0
276;Overijssel (PV);2009;1143;455;688;831;444;308;79;273;102;456;405;24;27;8;5;1;1;1;387;211;115;7;54.0
277;Overijssel (PV);2010;1143;527;616;848;515;278;55;289;92;470;401;46;23;17;4;7;3;3;665;413;137;21;94.0
278;Overijssel (PV);2011;1130;536;594;872;524;295;53;332;81;459;399;44;16;13;4;3;3;3;746;438;183;12;113.0
279;Flevoland (PV);1981;123;21;102;66;25;35;6;16;22;28;21;5;2;4;2;1;0;1;16;16;0;0;
280;Flevoland (PV);1982;136;23;113;77;31;44;2;21;30;26;23;3;0;1;0;1;0;0;33;31;1;1;
281;Flevoland (PV);1983;130;22;108;77;31;41;5;22;28;27;22;4;1;1;0;1;0;0;61;59;2;0;
282;Flevoland (PV);1984;141;24;117;93;34;57;2;23;45;25;21;1;3;2;0;1;1;0;65;60;2;3;
283;Flevoland (PV);1985;137;23;114;82;26;47;9;23;37;22;13;4;5;0;0;0;0;0;88;87;1;0;
284;Flevoland (PV);1986;151;26;125;71;22;47;2;17;29;25;24;0;1;2;0;2;0;0;99;98;1;0;
285;Flevoland (PV);1987;169;29;140;78;26;46;6;20;39;19;14;3;2;1;1;0;0;0;71;66;3;2;
286;Flevoland (PV);1988;194;33;161;82;23;53;6;18;38;26;22;2;2;5;2;3;0;0;54;53;1;0;
287;Flevoland (PV);1989;154;26;128;73;22;48;3;10;42;21;18;0;3;1;1;0;0;0;67;62;1;4;
288;Flevoland (PV);1990;197;26;171;86;30;56;0;19;36;31;25;3;3;4;2;2;0;0;61;56;1;4;
289;Flevoland (PV);1991;168;28;140;85;24;58;3;22;39;24;12;5;7;1;0;1;0;0;63;59;0;4;
290;Flevoland (PV);1992;241;44;197;127;45;79;3;28;50;49;40;3;6;4;0;4;0;0;76;73;1;2;
291;Flevoland (PV);1993;260;49;211;143;52;89;2;30;58;55;46;6;3;7;4;1;1;1;53;48;1;4;
292;Flevoland (PV);1994;231;45;186;120;45;69;6;23;45;52;37;5;10;4;2;1;0;1;168;163;3;2;
293;Flevoland (PV);1995;221;40;181;113;43;67;3;23;42;48;40;3;5;5;1;2;2;0;131;123;3;5;
294;Flevoland (PV);1996;301;54;247;152;57;95;0;46;46;60;36;14;10;3;1;1;1;0;115;106;4;5;
295;Flevoland (PV);1997;317;65;252;168;80;80;8;42;48;78;57;13;8;1;0;1;0;0;136;123;2;11;
296;Flevoland (PV);1998;260;60;200;151;26;125;0;58;38;55;32;13;10;2;0;0;0;2;106;97;1;8;
297;Flevoland (PV);1999;189;29;160;83;14;69;0;9;30;44;41;2;1;3;0;3;0;0;136;124;3;9;
298;Flevoland (PV);2000;171;24;147;94;16;78;0;21;30;43;34;3;6;4;1;2;1;0;110;87;1;11;11.0
299;Flevoland (PV);2001;271;54;217;182;61;121;0;61;39;82;67;10;5;5;0;3;2;0;100;70;4;5;21.0
300;Flevoland (PV);2002;280;62;218;192;64;128;0;65;24;103;89;13;1;2;0;0;2;0;104;84;7;9;4.0
301;Flevoland (PV);2003;457;134;323;287;105;182;0;100;33;154;137;10;7;9;3;2;2;2;212;175;31;2;4.0
302;Flevoland (PV);2004;407;116;291;304;122;182;0;103;48;153;136;11;6;5;0;2;2;1;259;228;21;2;8.0
303;Flevoland (PV);2005;543;133;410;317;103;214;0;85;52;180;149;19;12;4;1;3;0;0;259;200;46;1;12.0
304;Flevoland (PV);2006;368;104;264;209;86;73;50;65;39;105;96;5;4;4;1;2;1;0;253;198;36;6;13.0
305;Flevoland (PV);2007;347;80;267;248;97;117;34;98;20;124;109;2;13;4;2;2;0;0;202;160;34;5;3.0
306;Flevoland (PV);2008;303;100;203;219;98;82;39;59;25;135;123;3;9;3;0;2;1;0;219;137;61;5;16.0
307;Flevoland (PV);2009;451;180;271;328;176;122;30;86;22;220;195;14;11;3;0;0;3;0;135;91;35;0;9.0
308;Flevoland (PV);2010;323;149;174;240;145;79;16;47;21;169;155;4;10;3;0;2;0;1;267;172;74;4;17.0
309;Flevoland (PV);2011;356;169;187;274;165;93;16;65;24;185;170;7;8;1;0;1;0;0;223;151;61;2;9.0
310;Gelderland (PV);1981;1482;267;1215;800;301;425;74;120;294;386;357;21;8;28;1;22;5;0;208;204;4;0;
311;Gelderland (PV);1982;1643;296;1347;930;371;534;25;144;354;432;398;16;18;29;8;17;3;1;511;484;18;9;
312;Gelderland (PV);1983;1318;237;1081;778;312;416;50;126;287;365;332;17;16;28;4;17;5;2;791;753;27;11;
313;Gelderland (PV);1984;966;174;792;637;232;399;6;97;260;280;256;11;13;22;2;18;2;0;710;676;22;12;
314;Gelderland (PV);1985;986;177;809;590;189;341;60;85;226;279;242;12;25;25;5;15;5;0;622;588;26;8;
315;Gelderland (PV);1986;1029;185;844;486;146;319;21;67;206;213;182;11;20;25;9;12;2;2;550;524;17;9;
316;Gelderland (PV);1987;895;161;734;411;140;244;27;60;172;179;153;11;15;26;7;17;0;2;449;402;31;16;
317;Gelderland (PV);1988;942;170;772;397;111;271;15;54;182;161;140;9;12;27;9;11;4;3;444;411;22;11;
318;Gelderland (PV);1989;763;137;626;361;112;239;10;65;143;153;125;15;13;22;10;5;3;4;362;336;13;13;
319;Gelderland (PV);1990;781;106;675;340;106;221;13;61;139;140;123;9;8;15;4;8;3;0;362;344;7;11;
320;Gelderland (PV);1991;829;138;691;420;154;262;4;65;171;184;154;13;17;20;4;12;2;2;344;312;17;15;
321;Gelderland (PV);1992;983;172;811;519;182;325;12;66;182;271;235;13;23;25;5;17;2;1;338;304;19;15;
322;Gelderland (PV);1993;1241;237;1004;683;250;423;10;97;234;352;297;25;30;22;3;12;5;2;458;408;26;24;
323;Gelderland (PV);1994;1260;248;1012;654;246;374;34;94;201;359;300;28;31;21;4;10;5;2;526;474;30;22;
324;Gelderland (PV);1995;1119;206;913;572;220;337;15;113;203;256;211;23;22;23;8;11;3;1;559;490;24;45;
325;Gelderland (PV);1996;1149;205;944;579;219;360;0;105;220;254;210;24;20;22;7;10;0;5;496;447;29;20;
326;Gelderland (PV);1997;1100;227;873;584;214;291;79;137;186;261;217;24;20;24;8;11;4;1;592;533;31;28;
327;Gelderland (PV);1998;940;217;723;545;230;310;5;97;177;271;223;23;25;28;6;17;3;2;498;437;24;37;
328;Gelderland (PV);1999;933;145;788;409;160;249;0;55;79;275;244;14;17;14;0;8;5;1;526;432;36;57;1.0
329;Gelderland (PV);2000;1019;141;878;561;221;340;0;121;105;335;296;28;11;17;7;5;4;1;393;300;19;41;33.0
330;Gelderland (PV);2001;1007;202;805;676;225;451;0;200;105;371;320;31;20;24;8;9;5;2;393;332;19;16;26.0
331;Gelderland (PV);2002;1139;284;855;797;264;533;0;259;92;446;410;21;15;16;4;6;5;1;501;412;33;17;39.0
332;Gelderland (PV);2003;1754;516;1238;1102;402;700;0;336;150;616;545;40;31;26;4;11;6;5;731;579;100;13;39.0
333;Gelderland (PV);2004;1504;432;1072;1123;426;697;0;379;135;609;530;58;21;21;6;7;6;2;784;614;109;13;48.0
334;Gelderland (PV);2005;2174;522;1652;1294;471;823;0;516;178;600;529;50;21;35;10;11;7;7;1058;821;161;10;66.0
335;Gelderland (PV);2006;1480;384;1096;1179;368;388;423;473;194;512;455;31;26;43;11;16;13;3;1249;893;279;8;69.0
336;Gelderland (PV);2007;1303;319;984;1024;273;392;359;477;123;414;364;27;23;22;4;11;6;1;1092;754;267;9;62.0
337;Gelderland (PV);2008;1238;362;876;770;320;318;132;245;112;413;373;20;20;18;5;7;6;0;922;537;306;17;62.0
338;Gelderland (PV);2009;2226;707;1519;1295;696;425;174;300;133;862;778;46;38;22;9;4;5;4;583;358;157;19;49.0
339;Gelderland (PV);2010;1539;663;876;1086;616;383;87;280;115;726;641;43;42;14;7;1;4;2;982;658;207;25;92.0
340;Gelderland (PV);2011;1623;663;960;1060;576;356;128;279;129;652;573;41;38;18;6;5;5;2;997;627;252;16;102.0
341;Utrecht (PV);1981;847;152;695;424;184;239;1;71;147;206;199;4;3;29;1;19;9;0;145;144;1;0;
342;Utrecht (PV);1982;904;163;741;533;200;317;16;95;201;237;221;5;11;22;7;12;3;0;368;347;8;13;
343;Utrecht (PV);1983;943;170;773;479;206;273;0;92;185;202;182;11;9;36;13;19;4;0;383;365;6;12;
344;Utrecht (PV);1984;713;128;585;348;183;164;1;70;144;134;124;8;2;15;4;6;4;1;392;367;7;18;
345;Utrecht (PV);1985;648;117;531;329;127;201;1;69;130;130;116;7;7;20;6;11;2;1;324;308;3;13;
346;Utrecht (PV);1986;772;139;633;300;129;170;1;41;115;144;129;8;7;17;2;6;7;2;347;327;8;12;
347;Utrecht (PV);1987;749;135;614;268;87;176;5;32;89;147;131;5;11;13;2;8;3;0;269;246;9;14;
348;Utrecht (PV);1988;700;126;574;244;73;171;0;41;93;110;95;6;9;7;0;6;1;0;215;191;11;13;
349;Utrecht (PV);1989;643;116;527;230;63;167;0;22;98;110;94;6;10;9;1;8;0;0;252;215;14;23;
350;Utrecht (PV);1990;607;90;517;222;62;149;11;25;89;108;92;5;11;14;3;8;2;1;228;206;9;13;
351;Utrecht (PV);1991;690;119;571;292;102;173;17;33;91;168;141;7;20;9;2;6;0;1;188;175;6;7;
352;Utrecht (PV);1992;824;151;673;360;135;203;22;45;111;204;182;10;12;8;3;3;2;0;244;222;10;12;
353;Utrecht (PV);1993;983;213;770;477;203;241;33;62;130;285;242;10;33;9;3;3;2;1;276;257;7;12;
354;Utrecht (PV);1994;857;177;680;454;174;256;24;81;127;246;209;10;27;6;1;4;1;0;366;341;12;13;
355;Utrecht (PV);1995;742;152;590;365;155;210;0;57;118;190;159;15;16;6;0;5;0;1;388;353;13;22;
356;Utrecht (PV);1996;743;116;627;332;112;219;1;58;84;190;156;14;20;6;1;3;0;2;356;311;18;27;
357;Utrecht (PV);1997;671;130;541;361;143;214;4;62;103;196;166;16;14;6;2;4;0;0;374;337;14;23;
358;Utrecht (PV);1998;640;127;513;290;132;157;1;41;67;182;154;9;19;16;5;6;3;2;327;283;23;21;
359;Utrecht (PV);1999;511;87;424;249;92;157;0;25;51;173;150;7;16;15;3;10;0;2;300;255;17;28;
360;Utrecht (PV);2000;517;86;431;303;131;172;0;26;45;232;215;6;11;9;0;5;4;0;259;213;10;32;4.0
361;Utrecht (PV);2001;586;145;441;368;122;246;0;59;35;274;251;8;15;11;4;3;2;2;211;182;12;13;4.0
362;Utrecht (PV);2002;778;260;518;528;240;288;0;67;38;423;391;8;24;9;0;4;5;0;302;244;25;21;12.0
363;Utrecht (PV);2003;885;232;653;564;229;335;0;100;55;409;389;10;10;11;4;4;2;1;309;227;55;11;16.0
364;Utrecht (PV);2004;862;267;595;699;249;450;0;183;78;438;409;17;12;9;1;4;4;0;332;264;56;7;5.0
365;Utrecht (PV);2005;986;293;693;681;223;458;0;242;84;355;326;17;12;13;0;4;7;2;629;493;113;14;9.0
366;Utrecht (PV);2006;829;172;657;631;152;220;259;246;108;277;240;19;18;19;5;8;4;2;725;535;161;14;15.0
367;Utrecht (PV);2007;847;190;657;635;200;208;227;255;66;312;286;6;20;16;5;6;5;0;628;437;164;12;15.0
368;Utrecht (PV);2008;683;179;504;490;144;195;151;169;42;279;263;4;12;17;3;4;9;1;656;455;181;17;3.0
369;Utrecht (PV);2009;1019;449;570;765;421;206;138;150;46;569;512;22;35;11;2;3;6;0;393;216;153;22;
370;Utrecht (PV);2010;952;416;536;630;363;179;88;122;54;448;420;8;20;6;3;1;1;1;717;414;265;17;21.0
371;Utrecht (PV);2011;864;322;542;564;282;181;101;91;41;432;378;18;36;15;7;4;2;2;604;398;169;19;18.0
372;Noord-Holland (PV);1981;2729;491;2238;1466;592;835;39;265;577;624;562;39;23;68;18;35;14;1;525;517;8;0;
373;Noord-Holland (PV);1982;2850;513;2337;1418;629;788;1;247;512;659;583;33;43;47;8;24;14;1;1211;1161;28;22;
374;Noord-Holland (PV);1983;2660;479;2181;1404;610;794;0;249;549;606;539;41;26;52;13;27;7;5;1324;1277;31;16;
375;Noord-Holland (PV);1984;1995;359;1636;1212;542;668;2;200;443;569;502;37;30;43;7;22;11;3;1213;1147;50;16;
376;Noord-Holland (PV);1985;1865;336;1529;1009;488;514;7;181;375;453;385;34;34;29;5;14;9;1;1110;1050;38;22;
377;Noord-Holland (PV);1986;1736;312;1424;753;307;444;2;119;327;307;271;13;23;42;6;28;7;1;898;825;56;17;
378;Noord-Holland (PV);1987;1395;251;1144;640;225;405;10;115;250;275;225;13;37;33;10;16;3;4;738;687;31;20;
379;Noord-Holland (PV);1988;1428;257;1171;680;237;443;0;101;268;311;262;20;29;28;2;17;8;1;678;597;48;33;
380;Noord-Holland (PV);1989;1489;268;1221;611;222;389;0;92;218;301;253;15;33;25;6;16;3;0;591;548;13;30;
381;Noord-Holland (PV);1990;1680;217;1463;630;184;440;6;118;205;307;272;14;21;35;9;18;7;1;615;567;25;23;
382;Noord-Holland (PV);1991;1632;294;1338;691;190;496;5;83;258;350;309;12;29;13;3;7;3;0;509;461;29;19;
383;Noord-Holland (PV);1992;2058;362;1696;976;353;622;1;142;320;514;445;22;47;37;7;19;7;4;709;645;34;30;
384;Noord-Holland (PV);1993;2223;489;1734;1138;481;648;9;146;331;661;587;30;44;45;8;22;13;2;808;741;45;22;
385;Noord-Holland (PV);1994;2291;481;1810;1160;465;695;0;170;375;615;507;42;66;44;9;22;9;4;853;774;43;36;
386;Noord-Holland (PV);1995;1970;224;1746;1051;440;604;7;191;328;532;451;40;41;41;8;23;9;1;944;867;47;30;
387;Noord-Holland (PV);1996;1971;402;1569;1015;401;608;6;185;334;496;404;34;58;41;6;20;13;2;1101;988;67;46;
388;Noord-Holland (PV);1997;1991;414;1577;1075;400;675;0;217;342;516;427;43;46;33;9;14;8;2;947;832;41;74;
389;Noord-Holland (PV);1998;1819;334;1485;961;361;600;0;206;278;477;396;39;42;50;13;22;9;6;970;856;54;60;
390;Noord-Holland (PV);1999;1703;250;1453;701;232;469;0;118;162;421;361;26;34;33;7;18;5;3;930;814;41;75;
391;Noord-Holland (PV);2000;1515;269;1246;711;233;478;0;128;169;414;358;25;31;36;7;18;7;4;768;639;43;64;22.0
392;Noord-Holland (PV);2001;1654;352;1302;1014;337;677;0;215;151;648;572;26;50;47;17;18;7;5;644;533;49;34;28.0
393;Noord-Holland (PV);2002;1724;484;1240;1065;445;620;0;248;137;680;612;23;45;36;13;8;11;4;685;572;62;38;13.0
394;Noord-Holland (PV);2003;2383;708;1675;1427;612;815;0;373;182;872;779;43;50;39;9;13;11;6;727;540;145;26;16.0
395;Noord-Holland (PV);2004;2503;789;1714;1433;672;761;0;370;229;834;704;84;46;36;5;16;9;6;1134;858;194;20;62.0
396;Noord-Holland (PV);2005;2519;487;2032;1578;716;862;0;433;281;864;745;71;48;67;15;24;16;12;1396;963;270;24;139.0
397;Noord-Holland (PV);2006;2264;584;1680;1450;534;547;369;454;281;715;600;50;65;46;10;19;14;3;1625;1088;390;33;114.0
398;Noord-Holland (PV);2007;2052;472;1580;1263;402;659;202;511;161;597;534;24;39;53;19;19;8;7;1364;969;312;10;73.0
399;Noord-Holland (PV);2008;2394;738;1656;1198;521;480;197;368;124;706;638;27;41;41;14;10;13;4;1206;771;326;42;67.0
400;Noord-Holland (PV);2009;2829;1062;1767;1767;941;646;180;431;159;1177;1071;44;62;35;11;7;13;4;868;562;193;27;86.0
401;Noord-Holland (PV);2010;2559;1107;1452;1659;961;571;127;417;157;1025;926;37;62;36;8;12;11;5;1427;908;345;16;158.0
402;Noord-Holland (PV);2011;2653;1145;1508;1651;1018;535;98;412;162;1077;988;30;59;31;6;10;13;2;1608;1035;376;32;165.0
403;Zuid-Holland (PV);1981;3254;553;2701;1605;517;1071;17;239;593;773;723;25;25;107;27;59;19;2;635;622;13;0;
404;Zuid-Holland (PV);1982;3578;608;2970;2030;798;1199;33;320;714;996;899;39;58;121;24;64;28;5;1305;1250;48;7;
405;Zuid-Holland (PV);1983;3102;527;2575;1936;780;1137;19;322;715;899;818;42;39;111;23;72;15;1;1448;1388;39;21;
406;Zuid-Holland (PV);1984;2463;419;2044;1586;628;922;36;270;640;676;606;34;36;84;16;53;12;3;1709;1664;32;13;
407;Zuid-Holland (PV);1985;2082;354;1728;1367;526;833;8;218;496;653;586;32;35;74;14;36;20;4;1416;1356;42;18;
408;Zuid-Holland (PV);1986;2205;375;1830;1159;434;708;17;178;419;562;503;26;33;64;11;35;17;1;1208;1137;43;28;
409;Zuid-Holland (PV);1987;2146;365;1781;941;314;627;0;146;343;452;402;23;27;66;17;35;9;5;961;913;23;25;
410;Zuid-Holland (PV);1988;2238;380;1858;1032;364;668;0;137;376;519;454;23;42;54;14;29;8;3;1039;984;33;22;
411;Zuid-Holland (PV);1989;2157;367;1790;900;293;607;0;132;345;423;369;18;36;58;12;33;9;4;921;878;30;13;
412;Zuid-Holland (PV);1990;2166;251;1915;859;243;615;1;117;340;402;351;14;37;55;15;30;7;3;764;703;32;29;
413;Zuid-Holland (PV);1991;2164;339;1825;978;309;665;4;111;346;521;450;23;48;74;13;36;21;4;846;792;31;23;
414;Zuid-Holland (PV);1992;2759;391;2368;1103;377;717;9;120;414;569;512;19;38;57;9;37;9;2;793;733;29;31;
415;Zuid-Holland (PV);1993;3353;597;2756;1547;582;936;29;212;523;812;708;47;57;58;10;32;13;3;939;859;36;44;
416;Zuid-Holland (PV);1994;3292;582;2710;1586;560;958;68;226;549;811;706;47;58;51;8;29;11;3;1141;1070;34;37;
417;Zuid-Holland (PV);1995;3010;649;2361;1492;629;861;2;234;504;754;640;51;63;71;15;32;21;3;1257;1148;69;39;
418;Zuid-Holland (PV);1996;2700;520;2180;1325;491;770;64;228;458;639;531;46;62;46;3;30;12;1;1235;1135;48;52;
419;Zuid-Holland (PV);1997;2716;538;2178;1300;507;785;8;227;395;678;579;41;58;42;6;25;9;2;1272;1136;68;68;
420;Zuid-Holland (PV);1998;2525;444;2081;1147;430;713;4;200;346;601;503;42;56;49;10;28;7;4;1309;1220;37;52;
421;Zuid-Holland (PV);1999;2059;285;1774;891;327;564;0;157;218;516;452;32;32;53;15;22;13;3;1278;1066;101;103;8.0
422;Zuid-Holland (PV);2000;2210;433;1777;996;371;625;0;182;219;595;507;35;53;47;10;21;12;4;801;681;26;47;47.0
423;Zuid-Holland (PV);2001;2188;353;1835;1238;411;826;1;274;243;721;647;30;44;47;16;15;10;6;851;728;27;28;68.0
424;Zuid-Holland (PV);2002;2858;619;2239;1526;413;1113;0;360;226;940;850;44;46;59;23;7;22;7;936;809;40;27;60.0
425;Zuid-Holland (PV);2003;3266;694;2572;1884;672;1212;0;436;307;1141;1025;56;60;53;16;20;13;4;902;721;117;21;43.0
426;Zuid-Holland (PV);2004;2930;829;2101;2004;819;1185;0;471;371;1162;1031;73;58;77;17;22;23;15;1004;800;138;19;47.0
427;Zuid-Holland (PV);2005;3372;779;2593;2227;749;1478;0;683;427;1117;959;104;54;78;17;23;27;11;1573;1125;335;37;76.0
428;Zuid-Holland (PV);2006;3094;639;2455;2143;555;1078;510;730;464;949;811;69;69;86;23;32;19;12;2002;1406;485;27;84.0
429;Zuid-Holland (PV);2007;2741;545;2196;1674;500;918;256;736;225;725;651;34;40;56;15;27;12;2;2217;1386;716;35;79.0
430;Zuid-Holland (PV);2008;2310;617;1693;1341;466;712;163;450;170;721;638;27;56;45;14;15;14;2;1790;1044;626;49;71.0
431;Zuid-Holland (PV);2009;3097;1124;1973;1987;784;973;230;427;201;1359;1226;57;76;38;13;13;9;3;1113;628;421;8;56.0
432;Zuid-Holland (PV);2010;2891;1159;1732;1909;978;709;222;419;186;1325;1203;45;77;69;26;15;20;8;1639;1020;507;42;70.0
433;Zuid-Holland (PV);2011;2973;1155;1818;1875;980;738;157;400;170;1305;1190;66;49;45;19;8;13;5;1657;1071;463;26;97.0
434;Zeeland (PV);1981;310;43;267;174;84;89;1;41;75;58;54;1;3;6;2;4;0;0;74;73;1;0;
435;Zeeland (PV);1982;297;42;255;207;108;97;2;47;97;63;57;4;2;12;2;6;3;1;152;147;5;0;
436;Zeeland (PV);1983;309;43;266;177;83;94;0;46;83;48;41;4;3;6;1;5;0;0;170;167;2;1;
437;Zeeland (PV);1984;266;37;229;116;39;76;1;19;64;33;29;0;4;6;2;4;0;0;143;134;4;5;
438;Zeeland (PV);1985;212;30;182;103;35;58;10;22;47;34;30;4;0;13;3;7;2;1;94;88;5;1;
439;Zeeland (PV);1986;213;30;183;68;25;43;0;15;33;20;14;4;2;5;1;4;0;0;78;75;1;2;
440;Zeeland (PV);1987;199;28;171;84;28;56;0;19;37;28;23;4;1;7;0;5;1;1;78;74;3;1;
441;Zeeland (PV);1988;195;27;168;76;25;51;0;15;35;26;20;3;3;5;0;4;1;0;84;76;4;4;
442;Zeeland (PV);1989;194;27;167;62;17;43;2;15;31;16;15;1;0;5;0;4;1;0;55;50;2;3;
443;Zeeland (PV);1990;194;24;170;66;27;36;3;19;28;19;16;3;0;3;2;1;0;0;57;53;2;2;
444;Zeeland (PV);1991;199;20;179;79;31;47;1;17;30;32;26;6;0;4;0;2;2;0;61;56;0;5;
445;Zeeland (PV);1992;261;27;234;105;26;79;0;20;47;38;31;2;5;1;0;1;0;0;40;38;2;0;
446;Zeeland (PV);1993;279;29;250;108;30;78;0;18;44;46;38;4;4;3;0;2;0;1;100;93;0;7;
447;Zeeland (PV);1994;253;34;219;116;30;85;1;35;36;45;36;8;1;9;4;3;2;0;92;88;3;1;
448;Zeeland (PV);1995;205;23;182;92;23;69;0;26;28;38;30;4;4;1;0;0;1;0;103;97;2;4;
449;Zeeland (PV);1996;238;41;197;126;41;85;0;39;30;57;43;10;4;3;0;2;1;0;107;91;5;11;
450;Zeeland (PV);1997;211;51;160;112;59;53;0;29;29;54;44;7;3;1;0;1;0;0;100;91;6;3;
451;Zeeland (PV);1998;204;31;173;91;32;53;6;26;28;37;27;6;4;2;1;1;0;0;90;82;6;2;
452;Zeeland (PV);1999;159;19;140;60;5;55;0;7;19;34;31;3;0;0;0;0;0;0;100;90;1;8;1.0
453;Zeeland (PV);2000;167;28;139;99;29;70;0;46;24;29;22;7;0;3;1;2;0;0;78;63;6;7;2.0
454;Zeeland (PV);2001;169;102;67;107;35;71;1;54;17;36;30;4;2;1;1;0;0;0;88;55;5;4;24.0
455;Zeeland (PV);2002;114;68;46;145;67;78;0;85;13;47;45;2;0;2;1;1;0;0;79;45;4;5;25.0
456;Zeeland (PV);2003;189;99;90;180;58;122;0;113;9;58;51;6;1;1;0;0;1;0;123;84;8;6;25.0
457;Zeeland (PV);2004;183;42;141;171;42;129;0;98;17;56;47;5;4;0;0;0;0;0;145;114;9;6;16.0
458;Zeeland (PV);2005;191;33;158;175;35;140;0;100;21;54;49;5;0;3;1;1;1;0;116;81;27;1;7.0
459;Zeeland (PV);2006;160;34;126;161;29;45;87;101;19;41;37;3;1;6;0;4;2;0;163;104;44;6;9.0
460;Zeeland (PV);2007;144;67;77;152;16;80;56;95;9;41;35;2;4;0;0;0;0;0;177;121;33;13;10.0
461;Zeeland (PV);2008;136;77;59;117;42;71;4;57;15;45;35;6;4;0;0;0;0;0;141;78;45;13;5.0
462;Zeeland (PV);2009;234;73;161;144;43;76;25;51;22;71;63;7;1;4;3;0;1;0;114;60;38;4;12.0
463;Zeeland (PV);2010;227;80;147;129;56;56;16;29;20;84;75;2;7;2;0;1;1;0;163;94;56;5;8.0
464;Zeeland (PV);2011;167;60;107;119;50;54;15;34;17;68;60;5;3;8;2;4;1;1;125;86;29;2;8.0
465;Noord-Brabant (PV);1981;2258;406;1852;1186;431;753;2;198;480;508;466;28;14;53;10;28;14;1;383;325;58;0;
466;Noord-Brabant (PV);1982;2321;418;1903;1366;496;860;10;196;533;637;589;27;21;42;7;24;9;2;863;734;123;6;
467;Noord-Brabant (PV);1983;1959;353;1606;1146;364;750;32;194;437;515;467;23;25;34;11;17;5;1;934;820;106;8;
468;Noord-Brabant (PV);1984;1349;243;1106;807;302;500;5;111;328;368;346;10;12;31;6;20;4;1;912;807;89;16;
469;Noord-Brabant (PV);1985;1212;218;994;701;275;424;2;89;294;318;297;8;13;18;4;9;3;2;829;751;62;16;
470;Noord-Brabant (PV);1986;1396;251;1145;621;234;387;0;103;230;288;256;19;13;14;6;6;1;1;702;637;55;10;
471;Noord-Brabant (PV);1987;1258;226;1032;506;175;331;0;58;207;241;219;7;15;12;1;8;3;0;718;667;40;11;
472;Noord-Brabant (PV);1988;1375;248;1128;525;172;353;0;64;238;223;201;9;13;8;3;4;1;0;632;587;37;8;
473;Noord-Brabant (PV);1989;1240;223;1017;522;143;362;17;82;248;192;166;12;14;21;5;11;4;1;549;511;29;9;
474;Noord-Brabant (PV);1990;1307;170;1137;531;171;353;7;63;230;238;205;9;24;19;3;10;4;2;481;453;18;10;
475;Noord-Brabant (PV);1991;1413;194;1413;635;195;432;8;80;224;331;290;13;28;18;3;12;3;0;492;467;15;10;
476;Noord-Brabant (PV);1992;1777;296;1481;813;296;499;18;93;300;420;364;20;36;12;0;9;3;0;484;444;29;11;
477;Noord-Brabant (PV);1993;2069;463;1606;988;429;547;12;132;295;561;491;24;46;19;2;7;5;5;510;469;26;15;
478;Noord-Brabant (PV);1994;2033;372;1661;984;361;615;8;190;316;478;379;50;49;19;4;8;5;2;851;788;35;28;
479;Noord-Brabant (PV);1995;1776;379;1397;842;368;463;11;145;251;446;353;42;51;18;5;7;2;4;847;816;20;11;
480;Noord-Brabant (PV);1996;1774;326;1448;814;328;486;0;127;276;411;336;29;46;19;2;9;7;1;782;732;22;28;
481;Noord-Brabant (PV);1997;1755;308;1447;736;311;425;0;145;211;380;307;36;37;27;10;8;6;3;914;855;34;25;
482;Noord-Brabant (PV);1998;1663;304;1359;728;307;421;0;119;221;388;323;29;36;7;2;3;1;1;739;637;65;36;1.0
483;Noord-Brabant (PV);1999;1612;283;1329;589;203;386;0;77;128;384;329;24;31;21;4;9;6;2;728;666;25;35;2.0
484;Noord-Brabant (PV);2000;1571;288;1283;680;263;417;0;122;137;421;368;29;24;22;4;9;7;2;681;621;27;13;20.0
485;Noord-Brabant (PV);2001;1461;336;1125;813;271;542;0;189;138;486;440;25;21;20;5;8;6;1;532;473;20;14;25.0
486;Noord-Brabant (PV);2002;1886;565;1321;1090;523;567;0;270;134;686;633;25;28;26;8;6;8;4;611;522;20;15;54.0
487;Noord-Brabant (PV);2003;2884;632;2252;1300;569;731;0;307;142;851;771;52;28;29;7;9;10;3;766;553;157;14;42.0
488;Noord-Brabant (PV);2004;2453;708;1745;1597;691;906;0;492;176;929;798;89;42;42;14;8;12;8;1092;826;202;16;48.0
489;Noord-Brabant (PV);2005;3304;821;2483;1623;680;943;0;539;233;851;753;52;46;53;15;17;16;5;1366;1042;239;16;69.0
490;Noord-Brabant (PV);2006;2205;588;1617;1463;542;595;326;468;236;759;658;46;55;54;13;21;12;8;1628;1109;407;20;92.0
491;Noord-Brabant (PV);2007;1338;426;912;1114;407;679;28;351;150;607;535;38;34;51;19;16;11;5;1466;1010;353;23;80.0
492;Noord-Brabant (PV);2008;1617;520;1097;1043;442;482;119;263;110;670;599;31;40;28;7;8;11;2;926;605;242;21;58.0
493;Noord-Brabant (PV);2009;2593;1135;1458;1828;1065;623;140;418;175;1235;1111;50;74;33;13;9;9;2;856;572;224;14;46.0
494;Noord-Brabant (PV);2010;2376;1091;1285;1603;977;510;116;398;154;1058;962;33;63;27;9;10;6;2;1305;819;337;16;133.0
495;Noord-Brabant (PV);2011;2382;1196;1186;1663;1017;629;17;399;165;1099;1006;41;52;37;9;18;8;2;1351;904;319;15;113.0
496;Limburg (PV);1981;1092;164;928;480;143;332;5;79;213;188;171;11;6;20;3;12;5;0;205;191;14;0;
497;Limburg (PV);1982;1248;187;1061;594;210;377;7;101;234;259;232;18;9;27;6;14;6;1;382;362;19;1;
498;Limburg (PV);1983;1086;163;923;461;143;312;6;74;210;177;160;9;8;27;6;17;3;1;465;449;11;5;
499;Limburg (PV);1984;765;115;650;404;127;268;9;60;189;155;137;8;10;12;3;7;1;1;432;406;15;11;
500;Limburg (PV);1985;716;107;609;340;120;219;1;43;151;146;129;6;11;12;4;6;1;1;380;364;11;5;
501;Limburg (PV);1986;712;107;605;285;90;194;1;43;137;105;87;7;11;29;9;11;6;3;341;334;4;3;
502;Limburg (PV);1987;667;100;567;275;66;208;1;43;136;96;78;9;9;11;2;7;2;0;248;241;6;1;
503;Limburg (PV);1988;581;87;494;228;57;171;0;26;96;106;92;2;12;7;1;4;1;1;226;214;7;5;
504;Limburg (PV);1989;632;95;537;286;81;190;15;45;127;114;95;10;9;14;4;6;2;2;221;213;3;5;
505;Limburg (PV);1990;554;70;484;217;72;137;8;43;82;92;72;5;15;7;1;3;2;1;216;207;3;6;
506;Limburg (PV);1991;576;84;492;242;75;160;7;23;113;106;93;5;8;4;0;4;0;0;209;189;6;14;
507;Limburg (PV);1992;762;107;655;288;90;198;0;30;118;140;121;7;12;9;1;8;0;0;185;175;7;3;
508;Limburg (PV);1993;878;147;731;368;132;230;6;62;149;157;129;16;12;10;1;7;1;1;225;215;5;5;
509;Limburg (PV);1994;879;128;751;364;122;235;7;68;140;156;125;15;16;12;4;5;1;2;313;293;10;10;
510;Limburg (PV);1995;823;121;702;355;124;231;0;56;131;168;133;15;20;7;0;4;3;0;289;276;4;9;
511;Limburg (PV);1996;801;120;681;317;119;198;0;46;103;168;138;10;20;9;2;5;2;0;308;284;11;13;
512;Limburg (PV);1997;754;123;631;303;112;190;1;53;87;163;136;15;12;9;2;5;1;1;371;339;13;19;
513;Limburg (PV);1998;731;127;604;284;121;163;0;51;92;141;107;15;19;8;4;2;0;2;321;286;17;18;
514;Limburg (PV);1999;565;87;478;229;79;150;0;25;49;155;133;6;16;13;0;7;6;0;254;216;19;16;3.0
515;Limburg (PV);2000;614;117;497;286;110;176;0;54;49;183;169;10;4;14;3;7;3;1;230;198;13;13;6.0
516;Limburg (PV);2001;593;115;478;398;132;266;0;123;63;212;189;15;8;11;5;3;1;2;241;214;9;8;10.0
517;Limburg (PV);2002;621;140;481;377;133;244;0;123;58;196;171;13;12;12;3;5;3;1;219;201;7;5;6.0
518;Limburg (PV);2003;815;205;610;557;203;354;0;198;44;315;283;24;8;11;4;3;2;2;287;247;11;15;14.0
519;Limburg (PV);2004;832;194;638;574;185;389;0;197;72;305;256;33;16;14;5;3;3;3;332;275;26;10;21.0
520;Limburg (PV);2005;895;218;677;661;208;453;0;222;93;346;296;31;19;18;6;6;3;3;433;341;57;13;22.0
521;Limburg (PV);2006;790;167;623;552;179;278;95;186;99;267;224;26;17;19;3;9;4;3;572;357;162;25;28.0
522;Limburg (PV);2007;795;147;648;516;148;206;162;219;58;220;194;17;9;17;3;3;10;1;469;281;130;22;36.0
523;Limburg (PV);2008;651;170;481;430;178;186;66;129;44;257;226;9;22;5;0;2;2;1;389;268;80;11;30.0
524;Limburg (PV);2009;896;326;570;656;319;260;77;153;64;439;395;28;16;10;2;2;5;1;322;187;107;5;23.0
525;Limburg (PV);2010;834;300;534;600;264;257;79;157;71;367;320;19;28;12;2;3;5;2;541;337;149;17;38.0
526;Limburg (PV);2011;824;351;473;614;213;329;72;174;57;383;341;32;10;8;2;0;6;0;553;330;142;18;63.0
