ID;LeeftijdMoeder;Perioden;TotaalLevendgeborenen_1;k_1eKind_2;k_2eKind_3;k_3eKind_4;k_4eOfVolgendeKinderen_5;TotaalUitGehuwdeMoeders_6;k_1eKind_7;k_2eKind_8;k_3eKind_9;k_4eOfVolgendeKinderen_10;TotaalUitNietGehuwdeMoeders_11;k_1eKind_12;k_2eKind_13;k_3eKind_14;k_4eOfVolgendeKinderen_15;TotaalDoodgeborenen24_16;k_1eKind_17;k_2eKind_18;k_3eKind_19;k_4eOfVolgendeKinderen_20
0;Totaal (leeftijden moeders);1950;229718;62373;56399;39183;71763;226289;59974;55980;38947;71388;3429;2399;419;236;375;;;;;
1;Totaal (leeftijden moeders);1951;228407;64301;54907;38459;70740;225174;62070;54475;38240;70389;3233;2231;432;219;351;;;;;
2;Totaal (leeftijden moeders);1952;231888;67992;54982;38141;70773;228709;65785;54541;37942;70441;3179;2207;441;199;332;;;;;
3;Totaal (leeftijden moeders);1953;227964;65933;55623;37664;68744;224998;63831;55260;37484;68423;2966;2102;363;180;321;;;;;
4;Totaal (leeftijden moeders);1954;228173;66458;56692;37338;67685;225232;64413;56330;37127;67362;2941;2045;362;211;323;;;;;
5;Totaal (leeftijden moeders);1955;229222;68443;56654;37823;66302;226451;66529;56301;37647;65974;2771;1914;353;176;328;;;;;
6;Totaal (leeftijden moeders);1956;231492;70117;58050;37347;65978;228621;68136;57697;37145;65643;2871;1981;353;202;335;;;;;
7;Totaal (leeftijden moeders);1957;233892;72540;59466;37828;64058;230975;70484;59111;37647;63733;2917;2056;355;181;325;;;;;
8;Totaal (leeftijden moeders);1958;236859;74821;60882;38041;63115;233926;72775;60540;37818;62793;2933;2046;342;223;322;;;;;
9;Totaal (leeftijden moeders);1959;242518;76420;64416;39073;62609;239185;74104;63994;38847;62240;3333;2316;422;226;369;;;;;
10;Totaal (leeftijden moeders);1960;239128;74486;64779;39735;60128;235899;72184;64389;39549;59777;3229;2302;390;186;351;;;;;
11;Totaal (leeftijden moeders);1961;247407;77577;67152;41793;60885;243874;75083;66746;41551;60494;3533;2494;406;242;391;;;;;
12;Totaal (leeftijden moeders);1962;246150;79152;66954;41503;58541;242440;76511;66508;41292;58129;3710;2641;446;211;412;;;;;
13;Totaal (leeftijden moeders);1963;249879;80776;69214;42269;57620;245888;77937;68772;42013;57166;3991;2839;442;256;454;;;;;
14;Totaal (leeftijden moeders);1964;250914;83512;70157;42748;54497;246553;80306;69656;42487;54104;4361;3206;501;261;393;;;;;
15;Totaal (leeftijden moeders);1965;245216;86598;69786;40497;48335;240705;83316;69277;40217;47895;4511;3282;509;280;440;;;;;
16;Totaal (leeftijden moeders);1966;239611;89397;70477;38199;41538;234915;85915;69909;37961;41130;4696;3482;568;238;408;;;;;
17;Totaal (leeftijden moeders);1967;238678;93373;72096;36448;36761;233725;89691;71500;36183;36351;4953;3682;596;265;410;;;;;
18;Totaal (leeftijden moeders);1968;237112;94222;74292;35484;33114;232293;90625;73729;35217;32722;4819;3597;563;267;392;;;;;
19;Totaal (leeftijden moeders);1969;247588;96717;80305;38099;32467;242210;92713;79707;37771;32019;5378;4004;598;328;448;;;;;
20;Totaal (leeftijden moeders);1970;238912;93167;80090;36879;28776;233944;89511;79536;36589;28308;4968;3656;554;290;468;;;;;
21;Totaal (leeftijden moeders);1971;227180;91766;77838;33441;24135;222708;88582;77273;33142;23711;4472;3184;565;299;424;;;;;
22;Totaal (leeftijden moeders);1972;214133;90338;76593;28500;18702;210056;87371;76108;28249;18328;4077;2967;485;251;374;;;;;
23;Totaal (leeftijden moeders);1973;194993;84363;72954;23310;14366;191304;81763;72462;23054;14025;3689;2600;492;256;341;;;;;
24;Totaal (leeftijden moeders);1974;185982;81122;72589;20948;11323;182296;78531;72029;20699;11037;3686;2591;560;249;286;;;;;
25;Totaal (leeftijden moeders);1975;177876;77995;70411;19457;10013;174056;75460;69743;19151;9702;3820;2535;668;306;311;;;;;
26;Totaal (leeftijden moeders);1976;177090;76465;70789;20136;9700;172735;73615;70022;19772;9326;4355;2850;767;364;374;;;;;
27;Totaal (leeftijden moeders);1977;173296;74026;69289;20475;9506;168549;70807;68459;20091;9192;4747;3219;830;384;314;;;;;
28;Totaal (leeftijden moeders);1978;175550;74971;69222;21923;9434;170191;71391;68257;21471;9072;5359;3580;965;452;362;;;;;
29;Totaal (leeftijden moeders);1979;174979;75894;66510;22753;9822;168976;71886;65388;22237;9465;6003;4008;1122;516;357;;;;;
30;Totaal (leeftijden moeders);1980;181294;78103;67228;24985;10978;173840;73140;65761;24350;10589;7454;4963;1467;635;389;;;;;
31;Totaal (leeftijden moeders);1981;178569;76368;65497;25169;11535;169910;70565;63747;24499;11099;8659;5803;1750;670;436;;;;;
32;Totaal (leeftijden moeders);1982;172071;73445;62512;24364;11750;161924;66589;60483;23567;11285;10147;6856;2029;797;465;;;;;
33;Totaal (leeftijden moeders);1983;170246;74602;60638;23426;11580;158389;66546;58259;22485;11099;11857;8056;2379;941;481;;;;;
34;Totaal (leeftijden moeders);1984;174436;78076;60727;23866;11767;161082;69194;57765;22890;11233;13354;8882;2962;976;534;;;;;
35;Totaal (leeftijden moeders);1985;178136;78392;63184;24507;12053;163370;68763;59823;23342;11442;14766;9629;3361;1165;611;;;;;
36;Totaal (leeftijden moeders);1986;184513;80380;66218;25560;12355;168293;69994;62346;24280;11673;16220;10386;3872;1280;682;;;;;
37;Totaal (leeftijden moeders);1987;186667;81712;66588;25731;12636;169282;70599;62478;24262;11943;17385;11113;4110;1469;693;;;;;
38;Totaal (leeftijden moeders);1988;186647;83209;65216;25601;12621;167696;71060;60711;24031;11894;18951;12149;4505;1570;727;;;;;
39;Totaal (leeftijden moeders);1989;188979;83684;66292;26247;12756;168802;71017;61303;24541;11941;20177;12667;4989;1706;815;;;;;
40;Totaal (leeftijden moeders);1990;197965;89237;68193;27474;13061;175440;74614;62883;25696;12247;22525;14623;5310;1778;814;;;;;
41;Totaal (leeftijden moeders);1991;198665;90011;68892;26965;12797;174839;74902;63021;25017;11899;23826;15109;5871;1948;898;;;;;
42;Totaal (leeftijden moeders);1992;196734;87147;69696;27007;12884;172251;71963;63318;24996;11974;24483;15184;6378;2011;910;;;;;
43;Totaal (leeftijden moeders);1993;195748;86888;70237;26396;12227;170100;70948;63588;24236;11328;25648;15940;6649;2160;899;;;;;
44;Totaal (leeftijden moeders);1994;195611;86999;69798;26652;12162;167712;69591;62648;24352;11121;27899;17408;7150;2300;1041;;;;;
45;Totaal (leeftijden moeders);1995;190513;85030;69611;24861;11011;160952;67236;61573;22241;9902;29561;17794;8038;2620;1109;1222.0;821.0;190.0;57.0;49.0
46;Totaal (leeftijden moeders);1996;189521;85792;68334;24631;10764;157329;65300;60025;22268;9736;32192;20492;8309;2363;1028;1221.0;803.0;265.0;94.0;59.0
47;Totaal (leeftijden moeders);1997;192443;89322;68173;24238;10710;155580;65912;58592;21526;9550;36863;23410;9581;2712;1160;1279.0;853.0;238.0;119.0;69.0
48;Totaal (leeftijden moeders);1998;199408;93876;69877;24970;10685;157969;67185;59190;22095;9499;41439;26691;10687;2875;1186;1271.0;791.0;290.0;130.0;60.0
49;Totaal (leeftijden moeders);1999;200445;93815;71289;24840;10501;154853;64650;59257;21732;9214;45592;29165;12032;3108;1287;1263.0;765.0;309.0;102.0;87.0
50;Totaal (leeftijden moeders);2000;206619;95972;74014;25685;10948;155080;63607;59970;22088;9415;51539;32365;14044;3597;1533;1253.0;735.0;315.0;125.0;78.0
51;Totaal (leeftijden moeders);2001;202603;93695;73533;24896;10479;147495;59510;58114;20923;8948;55108;34185;15419;3973;1531;1258.0;701.0;325.0;135.0;97.0
52;Totaal (leeftijden moeders);2002;202083;92199;74403;25312;10169;143558;56741;57303;20953;8561;58525;35458;17100;4359;1608;1185.0;753.0;260.0;111.0;61.0
53;Totaal (leeftijden moeders);2003;200297;91120;73952;25299;9926;138858;54522;55287;20759;8290;61439;36598;18665;4540;1636;1124.0;561.0;359.0;126.0;78.0
54;Totaal (leeftijden moeders);2004;194007;88432;71462;24518;9595;130978;51304;52013;19738;7923;63029;37128;19449;4780;1672;1013.0;547.0;276.0;122.0;68.0
55;Totaal (leeftijden moeders);2005;187910;84928;69668;23980;9334;122347;46965;48977;18769;7636;65563;37963;20691;5211;1698;983.0;525.0;282.0;113.0;63.0
56;Totaal (leeftijden moeders);2006;185057;82877;69127;23680;9373;116482;43958;46728;18238;7558;68575;38919;22399;5442;1815;856.0;469.0;228.0;99.0;60.0
57;Totaal (leeftijden moeders);2007;181336;81905;66842;23456;9133;109777;41299;43545;17625;7308;71559;40606;23297;5831;1825;781.0;395.0;224.0;100.0;62.0
58;Totaal (leeftijden moeders);2008;184634;83335;68144;24021;9134;108497;40497;43240;17617;7143;76137;42838;24904;6404;1991;774.0;339.0;280.0;92.0;63.0
59;Totaal (leeftijden moeders);2009;184915;85242;66819;23810;9044;104879;40310;40544;17079;6946;80036;44932;26275;6731;2098;648.0;337.0;177.0;91.0;43.0
60;Totaal (leeftijden moeders);2010;184397;85466;66412;23604;8915;108645;42921;41658;17078;6988;75752;42545;24754;6526;1927;648.0;321.0;187.0;87.0;53.0
61;Totaal (leeftijden moeders);2011;180060;83538;65423;22436;8663;104864;41524;40643;16012;6685;75196;42014;24780;6424;1978;620.0;321.0;176.0;74.0;49.0
62;Totaal (leeftijden moeders);2012;175959;81617;64343;21616;8383;100929;39902;39339;15301;6387;75030;41715;25004;6315;1996;594.0;299.0;173.0;83.0;39.0
63;Totaal (leeftijden moeders);2013;171341;79460;62905;20930;8046;97342;38458;38251;14629;6004;73999;41002;24654;6301;2042;510.0;268.0;138.0;69.0;35.0
64;Totaal (leeftijden moeders);2014;175181;80744;64013;21754;8670;97933;38542;38153;14791;6447;77248;42202;25860;6963;2223;487.0;264.0;135.0;57.0;31.0
65;15;1950;42;42;0;0;0;7;7;0;0;0;35;35;0;0;0;;;;;
66;15;1951;52;52;0;0;0;12;12;0;0;0;40;40;0;0;0;;;;;
67;15;1952;36;36;0;0;0;6;6;0;0;0;30;30;0;0;0;;;;;
68;15;1953;45;45;0;0;0;7;7;0;0;0;38;38;0;0;0;;;;;
69;15;1954;47;47;0;0;0;9;9;0;0;0;38;38;0;0;0;;;;;
70;15;1955;49;49;0;0;0;9;9;0;0;0;40;40;0;0;0;;;;;
71;15;1956;50;50;0;0;0;6;6;0;0;0;44;44;0;0;0;;;;;
72;15;1957;83;83;0;0;0;12;12;0;0;0;71;71;0;0;0;;;;;
73;15;1958;88;88;0;0;0;15;15;0;0;0;73;73;0;0;0;;;;;
74;15;1959;99;98;1;0;0;18;18;0;0;0;81;80;1;0;0;;;;;
75;15;1960;96;96;0;0;0;18;18;0;0;0;78;78;0;0;0;;;;;
76;15;1961;128;128;0;0;0;20;20;0;0;0;108;108;0;0;0;;;;;
77;15;1962;148;148;0;0;0;40;40;0;0;0;108;108;0;0;0;;;;;
78;15;1963;130;130;0;0;0;27;27;0;0;0;103;103;0;0;0;;;;;
79;15;1964;154;154;0;0;0;32;32;0;0;0;122;122;0;0;0;;;;;
80;15;1965;121;121;0;0;0;32;32;0;0;0;89;89;0;0;0;;;;;
81;15;1966;147;146;1;0;0;29;28;1;0;0;118;118;0;0;0;;;;;
82;15;1967;174;173;1;0;0;53;52;1;0;0;121;121;0;0;0;;;;;
83;15;1968;171;170;1;0;0;48;47;1;0;0;123;123;0;0;0;;;;;
84;15;1969;210;208;2;0;0;52;50;2;0;0;158;158;0;0;0;;;;;
85;15;1970;196;196;0;0;0;63;63;0;0;0;133;133;0;0;0;;;;;
86;15;1971;191;183;8;0;0;70;63;7;0;0;121;120;1;0;0;;;;;
87;15;1972;200;199;1;0;0;71;70;1;0;0;129;129;0;0;0;;;;;
88;15;1973;147;144;3;0;0;52;49;3;0;0;95;95;0;0;0;;;;;
89;15;1974;153;146;7;0;0;49;44;5;0;0;104;102;2;0;0;;;;;
90;15;1975;132;131;1;0;0;33;32;1;0;0;99;99;0;0;0;;;;;
91;15;1976;113;113;0;0;0;22;22;0;0;0;91;91;0;0;0;;;;;
92;15;1977;105;105;0;0;0;16;16;0;0;0;89;89;0;0;0;;;;;
93;15;1978;112;112;0;0;0;16;16;0;0;0;96;96;0;0;0;;;;;
94;15;1979;101;100;1;0;0;13;13;0;0;0;88;87;1;0;0;;;;;
95;15;1980;106;106;0;0;0;23;23;0;0;0;83;83;0;0;0;;;;;
96;15;1981;87;87;0;0;0;15;15;0;0;0;72;72;0;0;0;;;;;
97;15;1982;106;106;0;0;0;9;9;0;0;0;97;97;0;0;0;;;;;
98;15;1983;87;87;0;0;0;15;15;0;0;0;72;72;0;0;0;;;;;
99;15;1984;78;77;1;0;0;13;12;1;0;0;65;65;0;0;0;;;;;
100;15;1985;82;81;1;0;0;18;17;1;0;0;64;64;0;0;0;;;;;
101;15;1986;98;98;0;0;0;28;28;0;0;0;70;70;0;0;0;;;;;
102;15;1987;80;79;1;0;0;14;13;1;0;0;66;66;0;0;0;;;;;
103;15;1988;78;77;1;0;0;14;14;0;0;0;64;63;1;0;0;;;;;
104;15;1989;76;75;1;0;0;18;18;0;0;0;58;57;1;0;0;;;;;
105;15;1990;75;75;0;0;0;15;15;0;0;0;60;60;0;0;0;;;;;
106;15;1991;90;86;3;0;1;13;13;0;0;0;77;73;3;0;1;;;;;
107;15;1992;79;77;2;0;0;11;11;0;0;0;68;66;2;0;0;;;;;
108;15;1993;81;81;0;0;0;7;7;0;0;0;74;74;0;0;0;;;;;
109;15;1994;65;62;3;0;0;5;5;0;0;0;60;57;3;0;0;;;;;
110;15;1995;64;63;1;0;0;3;3;0;0;0;61;60;1;0;0;0.0;0.0;0.0;0.0;0.0
111;15;1996;57;57;0;0;0;1;1;0;0;0;56;56;0;0;0;0.0;0.0;0.0;0.0;0.0
112;15;1997;73;71;2;0;0;3;3;0;0;0;70;68;2;0;0;0.0;0.0;0.0;0.0;0.0
113;15;1998;74;73;1;0;0;1;1;0;0;0;73;72;1;0;0;3.0;3.0;0.0;0.0;0.0
114;15;1999;73;73;0;0;0;0;0;0;0;0;73;73;0;0;0;0.0;0.0;0.0;0.0;0.0
115;15;2000;94;92;2;0;0;0;0;0;0;0;94;92;2;0;0;1.0;1.0;0.0;0.0;0.0
116;15;2001;103;102;1;0;0;0;0;0;0;0;103;102;1;0;0;3.0;3.0;0.0;0.0;0.0
117;15;2002;100;98;2;0;0;1;1;0;0;0;99;97;2;0;0;2.0;2.0;0.0;0.0;0.0
118;15;2003;105;93;4;2;6;16;6;2;2;6;89;87;2;0;0;1.0;0.0;1.0;0.0;0.0
119;15;2004;70;69;1;0;0;0;0;0;0;0;70;69;1;0;0;0.0;0.0;0.0;0.0;0.0
120;15;2005;70;69;1;0;0;1;1;0;0;0;69;68;1;0;0;0.0;0.0;0.0;0.0;0.0
121;15;2006;56;56;0;0;0;0;0;0;0;0;56;56;0;0;0;0.0;0.0;0.0;0.0;0.0
122;15;2007;63;62;1;0;0;0;0;0;0;0;63;62;1;0;0;2.0;1.0;1.0;0.0;0.0
123;15;2008;62;62;0;0;0;0;0;0;0;0;62;62;0;0;0;1.0;0.0;1.0;0.0;0.0
124;15;2009;71;71;0;0;0;0;0;0;0;0;71;71;0;0;0;1.0;1.0;0.0;0.0;0.0
125;15;2010;47;46;1;0;0;1;1;0;0;0;46;45;1;0;0;0.0;0.0;0.0;0.0;0.0
126;15;2011;56;56;0;0;0;0;0;0;0;0;56;56;0;0;0;0.0;0.0;0.0;0.0;0.0
127;15;2012;60;60;0;0;0;1;1;0;0;0;59;59;0;0;0;1.0;1.0;0.0;0.0;0.0
128;15;2013;49;48;1;0;0;0;0;0;0;0;49;48;1;0;0;1.0;1.0;0.0;0.0;0.0
129;15;2014;47;47;0;0;0;0;0;0;0;0;47;47;0;0;0;0.0;0.0;0.0;0.0;0.0
130;16;1950;174;169;5;0;0;111;107;4;0;0;63;62;1;0;0;;;;;
131;16;1951;163;160;3;0;0;94;91;3;0;0;69;69;0;0;0;;;;;
132;16;1952;180;178;2;0;0;117;115;2;0;0;63;63;0;0;0;;;;;
133;16;1953;184;182;2;0;0;112;110;2;0;0;72;72;0;0;0;;;;;
134;16;1954;177;177;0;0;0;114;114;0;0;0;63;63;0;0;0;;;;;
135;16;1955;212;209;3;0;0;134;132;2;0;0;78;77;1;0;0;;;;;
136;16;1956;230;223;7;0;0;146;139;7;0;0;84;84;0;0;0;;;;;
137;16;1957;258;253;4;0;1;157;153;4;0;0;101;100;0;0;1;;;;;
138;16;1958;310;303;7;0;0;211;204;7;0;0;99;99;0;0;0;;;;;
139;16;1959;338;329;9;0;0;212;207;5;0;0;126;122;4;0;0;;;;;
140;16;1960;357;350;7;0;0;242;236;6;0;0;115;114;1;0;0;;;;;
141;16;1961;444;436;8;0;0;294;287;7;0;0;150;149;1;0;0;;;;;
142;16;1962;481;471;10;0;0;333;323;10;0;0;148;148;0;0;0;;;;;
143;16;1963;579;566;13;0;0;387;376;11;0;0;192;190;2;0;0;;;;;
144;16;1964;597;585;12;0;0;405;394;11;0;0;192;191;1;0;0;;;;;
145;16;1965;535;525;10;0;0;359;350;9;0;0;176;175;1;0;0;;;;;
146;16;1966;559;549;10;0;0;363;354;9;0;0;196;195;1;0;0;;;;;
147;16;1967;561;551;10;0;0;383;374;9;0;0;178;177;1;0;0;;;;;
148;16;1968;628;617;11;0;0;411;401;10;0;0;217;216;1;0;0;;;;;
149;16;1969;740;722;18;0;0;495;482;13;0;0;245;240;5;0;0;;;;;
150;16;1970;691;682;8;1;0;462;454;7;1;0;229;228;1;0;0;;;;;
151;16;1971;746;727;18;1;0;509;493;15;1;0;237;234;3;0;0;;;;;
152;16;1972;714;698;15;1;0;499;485;13;1;0;215;213;2;0;0;;;;;
153;16;1973;580;564;16;0;0;404;389;15;0;0;176;175;1;0;0;;;;;
154;16;1974;527;523;3;1;0;354;351;2;1;0;173;172;1;0;0;;;;;
155;16;1975;426;421;5;0;0;267;262;5;0;0;159;159;0;0;0;;;;;
156;16;1976;377;364;13;0;0;228;218;10;0;0;149;146;3;0;0;;;;;
157;16;1977;326;321;5;0;0;203;199;4;0;0;123;122;1;0;0;;;;;
158;16;1978;343;342;1;0;0;186;186;0;0;0;157;156;1;0;0;;;;;
159;16;1979;325;319;5;1;0;182;179;3;0;0;143;140;2;1;0;;;;;
160;16;1980;302;298;4;0;0;171;170;1;0;0;131;128;3;0;0;;;;;
161;16;1981;319;317;2;0;0;178;177;1;0;0;141;140;1;0;0;;;;;
162;16;1982;301;298;3;0;0;141;138;3;0;0;160;160;0;0;0;;;;;
163;16;1983;225;219;5;1;0;104;104;0;0;0;121;115;5;1;0;;;;;
164;16;1984;205;199;6;0;0;88;87;1;0;0;117;112;5;0;0;;;;;
165;16;1985;246;239;6;1;0;117;115;1;1;0;129;124;5;0;0;;;;;
166;16;1986;304;298;6;0;0;155;154;1;0;0;149;144;5;0;0;;;;;
167;16;1987;266;259;7;0;0;145;141;4;0;0;121;118;3;0;0;;;;;
168;16;1988;259;253;6;0;0;133;130;3;0;0;126;123;3;0;0;;;;;
169;16;1989;260;253;6;1;0;137;137;0;0;0;123;116;6;1;0;;;;;
170;16;1990;239;233;5;1;0;128;126;1;1;0;111;107;4;0;0;;;;;
171;16;1991;222;218;4;0;0;120;120;0;0;0;102;98;4;0;0;;;;;
172;16;1992;206;199;6;1;0;101;99;2;0;0;105;100;4;1;0;;;;;
173;16;1993;187;182;5;0;0;90;88;2;0;0;97;94;3;0;0;;;;;
174;16;1994;192;188;4;0;0;67;65;2;0;0;125;123;2;0;0;;;;;
175;16;1995;134;128;6;0;0;31;29;2;0;0;103;99;4;0;0;0.0;0.0;0.0;0.0;0.0
176;16;1996;149;146;3;0;0;27;27;0;0;0;122;119;3;0;0;2.0;2.0;0.0;0.0;0.0
177;16;1997;154;149;5;0;0;27;26;1;0;0;127;123;4;0;0;0.0;0.0;0.0;0.0;0.0
178;16;1998;188;184;4;0;0;23;23;0;0;0;165;161;4;0;0;1.0;1.0;0.0;0.0;0.0
179;16;1999;207;204;3;0;0;10;10;0;0;0;197;194;3;0;0;1.0;1.0;0.0;0.0;0.0
180;16;2000;230;222;7;0;1;14;13;1;0;0;216;209;6;0;1;3.0;3.0;0.0;0.0;0.0
181;16;2001;268;260;7;1;0;22;22;0;0;0;246;238;7;1;0;4.0;3.0;1.0;0.0;0.0
182;16;2002;235;227;6;2;0;14;14;0;0;0;221;213;6;2;0;2.0;2.0;0.0;0.0;0.0
183;16;2003;212;210;2;0;0;13;12;1;0;0;199;198;1;0;0;1.0;0.0;1.0;0.0;0.0
184;16;2004;176;171;4;1;0;8;8;0;0;0;168;163;4;1;0;0.0;0.0;0.0;0.0;0.0
185;16;2005;156;154;2;0;0;5;5;0;0;0;151;149;2;0;0;1.0;0.0;1.0;0.0;0.0
186;16;2006;161;158;3;0;0;5;5;0;0;0;156;153;3;0;0;3.0;3.0;0.0;0.0;0.0
187;16;2007;151;148;3;0;0;12;12;0;0;0;139;136;3;0;0;0.0;0.0;0.0;0.0;0.0
188;16;2008;131;130;1;0;0;6;6;0;0;0;125;124;1;0;0;1.0;0.0;1.0;0.0;0.0
189;16;2009;123;122;1;0;0;11;11;0;0;0;112;111;1;0;0;0.0;0.0;0.0;0.0;0.0
190;16;2010;128;126;2;0;0;6;6;0;0;0;122;120;2;0;0;1.0;1.0;0.0;0.0;0.0
191;16;2011;115;114;1;0;0;3;3;0;0;0;112;111;1;0;0;0.0;0.0;0.0;0.0;0.0
192;16;2012;110;108;2;0;0;4;4;0;0;0;106;104;2;0;0;0.0;0.0;0.0;0.0;0.0
193;16;2013;108;106;2;0;0;7;7;0;0;0;101;99;2;0;0;0.0;0.0;0.0;0.0;0.0
194;16;2014;88;88;0;0;0;5;5;0;0;0;83;83;0;0;0;1.0;1.0;0.0;0.0;0.0
195;17;1950;635;611;23;1;0;479;458;20;1;0;156;153;3;0;0;;;;;
196;17;1951;636;607;28;1;0;508;480;27;1;0;128;127;1;0;0;;;;;
197;17;1952;640;619;21;0;0;494;477;17;0;0;146;142;4;0;0;;;;;
198;17;1953;644;621;23;0;0;516;494;22;0;0;128;127;1;0;0;;;;;
199;17;1954;660;621;39;0;0;547;509;38;0;0;113;112;1;0;0;;;;;
200;17;1955;702;668;33;1;0;564;534;29;1;0;138;134;4;0;0;;;;;
201;17;1956;758;725;33;0;0;631;600;31;0;0;127;125;2;0;0;;;;;
202;17;1957;811;762;47;2;0;654;610;42;2;0;157;152;5;0;0;;;;;
203;17;1958;867;814;51;2;0;712;663;47;2;0;155;151;4;0;0;;;;;
204;17;1959;1046;990;56;0;0;837;786;51;0;0;209;204;5;0;0;;;;;
205;17;1960;1099;1030;68;1;0;887;823;63;1;0;212;207;5;0;0;;;;;
206;17;1961;1277;1193;82;2;0;1053;974;77;2;0;224;219;5;0;0;;;;;
207;17;1962;1347;1272;75;0;0;1106;1038;68;0;0;241;234;7;0;0;;;;;
208;17;1963;1531;1432;98;1;0;1274;1180;93;1;0;257;252;5;0;0;;;;;
209;17;1964;1926;1807;116;3;0;1551;1437;111;3;0;375;370;5;0;0;;;;;
210;17;1965;1785;1682;101;2;0;1455;1357;96;2;0;330;325;5;0;0;;;;;
211;17;1966;1768;1665;102;1;0;1465;1368;96;1;0;303;297;6;0;0;;;;;
212;17;1967;1663;1573;88;2;0;1381;1297;82;2;0;282;276;6;0;0;;;;;
213;17;1968;1765;1673;91;1;0;1441;1354;86;1;0;324;319;5;0;0;;;;;
214;17;1969;1911;1809;100;1;1;1558;1464;93;0;1;353;345;7;1;0;;;;;
215;17;1970;1967;1875;87;5;0;1562;1474;83;5;0;405;401;4;0;0;;;;;
216;17;1971;1974;1888;80;3;3;1635;1554;75;3;3;339;334;5;0;0;;;;;
217;17;1972;1808;1722;84;1;1;1498;1421;75;1;1;310;301;9;0;0;;;;;
218;17;1973;1556;1473;81;2;0;1299;1227;70;2;0;257;246;11;0;0;;;;;
219;17;1974;1291;1225;63;3;0;1035;977;55;3;0;256;248;8;0;0;;;;;
220;17;1975;1077;1025;48;4;0;849;799;46;4;0;228;226;2;0;0;;;;;
221;17;1976;931;882;46;3;0;694;654;40;0;0;237;228;6;3;0;;;;;
222;17;1977;950;910;40;0;0;674;639;35;0;0;276;271;5;0;0;;;;;
223;17;1978;857;822;34;1;0;614;583;31;0;0;243;239;3;1;0;;;;;
224;17;1979;804;765;37;2;0;552;520;32;0;0;252;245;5;2;0;;;;;
225;17;1980;866;818;47;1;0;590;549;40;1;0;276;269;7;0;0;;;;;
226;17;1981;877;831;46;0;0;583;545;38;0;0;294;286;8;0;0;;;;;
227;17;1982;730;684;46;0;0;467;427;40;0;0;263;257;6;0;0;;;;;
228;17;1983;633;604;29;0;0;357;340;17;0;0;276;264;12;0;0;;;;;
229;17;1984;662;618;43;1;0;378;346;32;0;0;284;272;11;1;0;;;;;
230;17;1985;574;539;34;1;0;329;310;18;1;0;245;229;16;0;0;;;;;
231;17;1986;589;558;29;2;0;322;303;19;0;0;267;255;10;2;0;;;;;
232;17;1987;625;583;41;1;0;361;332;29;0;0;264;251;12;1;0;;;;;
233;17;1988;654;615;38;1;0;377;351;26;0;0;277;264;12;1;0;;;;;
234;17;1989;654;617;36;0;1;401;377;24;0;0;253;240;12;0;1;;;;;
235;17;1990;669;632;36;1;0;388;359;28;1;0;281;273;8;0;0;;;;;
236;17;1991;596;561;33;2;0;343;322;20;1;0;253;239;13;1;0;;;;;
237;17;1992;515;491;23;1;0;292;277;15;0;0;223;214;8;1;0;;;;;
238;17;1993;422;402;19;1;0;249;234;15;0;0;173;168;4;1;0;;;;;
239;17;1994;454;432;21;1;0;222;211;11;0;0;232;221;10;1;0;;;;;
240;17;1995;387;358;27;2;0;148;135;13;0;0;239;223;14;2;0;5.0;5.0;0.0;0.0;0.0
241;17;1996;338;321;17;0;0;81;74;7;0;0;257;247;10;0;0;4.0;4.0;0.0;0.0;0.0
242;17;1997;368;351;16;1;0;77;73;4;0;0;291;278;12;1;0;4.0;4.0;0.0;0.0;0.0
243;17;1998;368;347;19;2;0;69;66;3;0;0;299;281;16;2;0;5.0;5.0;0.0;0.0;0.0
244;17;1999;421;400;20;1;0;51;50;1;0;0;370;350;19;1;0;3.0;3.0;0.0;0.0;0.0
245;17;2000;482;462;20;0;0;54;52;2;0;0;428;410;18;0;0;6.0;6.0;0.0;0.0;0.0
246;17;2001;564;532;32;0;0;60;56;4;0;0;504;476;28;0;0;2.0;2.0;0.0;0.0;0.0
247;17;2002;501;478;23;0;0;34;33;1;0;0;467;445;22;0;0;3.0;2.0;1.0;0.0;0.0
248;17;2003;468;450;18;0;0;47;41;6;0;0;421;409;12;0;0;4.0;1.0;3.0;0.0;0.0
249;17;2004;421;399;21;1;0;39;38;1;0;0;382;361;20;1;0;2.0;2.0;0.0;0.0;0.0
250;17;2005;387;369;18;0;0;38;36;2;0;0;349;333;16;0;0;2.0;2.0;0.0;0.0;0.0
251;17;2006;351;331;20;0;0;41;39;2;0;0;310;292;18;0;0;4.0;4.0;0.0;0.0;0.0
252;17;2007;370;357;12;1;0;30;30;0;0;0;340;327;12;1;0;3.0;3.0;0.0;0.0;0.0
253;17;2008;346;338;8;0;0;24;24;0;0;0;322;314;8;0;0;3.0;1.0;2.0;0.0;0.0
254;17;2009;382;362;19;1;0;39;36;3;0;0;343;326;16;1;0;4.0;4.0;0.0;0.0;0.0
255;17;2010;310;306;4;0;0;27;25;2;0;0;283;281;2;0;0;1.0;1.0;0.0;0.0;0.0
256;17;2011;300;292;7;1;0;24;22;2;0;0;276;270;5;1;0;0.0;0.0;0.0;0.0;0.0
257;17;2012;298;292;6;0;0;24;23;1;0;0;274;269;5;0;0;5.0;5.0;0.0;0.0;0.0
258;17;2013;235;234;1;0;0;27;27;0;0;0;208;207;1;0;0;1.0;1.0;0.0;0.0;0.0
259;17;2014;229;220;9;0;0;21;20;1;0;0;208;200;8;0;0;1.0;1.0;0.0;0.0;0.0
260;18;1950;1458;1331;117;10;0;1244;1126;110;8;0;214;205;7;2;0;;;;;
261;18;1951;1597;1443;144;10;0;1402;1254;139;9;0;195;189;5;1;0;;;;;
262;18;1952;1644;1481;156;7;0;1441;1286;151;4;0;203;195;5;3;0;;;;;
263;18;1953;1598;1446;145;7;0;1399;1254;138;7;0;199;192;7;0;0;;;;;
264;18;1954;1492;1324;162;6;0;1301;1139;156;6;0;191;185;6;0;0;;;;;
265;18;1955;1633;1459;165;9;0;1491;1320;162;9;0;142;139;3;0;0;;;;;
266;18;1956;1669;1496;167;6;0;1457;1294;157;6;0;212;202;10;0;0;;;;;
267;18;1957;1742;1561;172;9;0;1558;1382;167;9;0;184;179;5;0;0;;;;;
268;18;1958;1864;1664;189;11;0;1669;1482;178;9;0;195;182;11;2;0;;;;;
269;18;1959;2039;1798;219;22;0;1790;1564;206;20;0;249;234;13;2;0;;;;;
270;18;1960;2186;1911;254;21;0;1947;1680;246;21;0;239;231;8;0;0;;;;;
271;18;1961;2523;2204;305;12;2;2217;1907;297;11;2;306;297;8;1;0;;;;;
272;18;1962;2788;2430;334;24;0;2474;2129;321;24;0;314;301;13;0;0;;;;;
273;18;1963;3010;2606;383;21;0;2681;2287;373;21;0;329;319;10;0;0;;;;;
274;18;1964;3291;2851;415;23;2;2953;2521;407;23;2;338;330;8;0;0;;;;;
275;18;1965;4091;3580;486;24;1;3661;3162;474;24;1;430;418;12;0;0;;;;;
276;18;1966;3672;3220;432;18;2;3258;2820;419;17;2;414;400;13;1;0;;;;;
277;18;1967;3625;3214;394;17;0;3196;2800;380;16;0;429;414;14;1;0;;;;;
278;18;1968;3480;3081;386;13;0;3072;2686;373;13;0;408;395;13;0;0;;;;;
279;18;1969;3606;3222;369;14;1;3134;2764;355;14;1;472;458;14;0;0;;;;;
280;18;1970;3676;3292;364;18;2;3199;2833;346;18;2;477;459;18;0;0;;;;;
281;18;1971;3628;3264;346;15;3;3218;2875;326;14;3;410;389;20;1;0;;;;;
282;18;1972;3171;2857;304;9;1;2803;2501;293;9;0;368;356;11;0;1;;;;;
283;18;1973;2908;2654;250;3;1;2556;2310;242;3;1;352;344;8;0;0;;;;;
284;18;1974;2440;2201;233;6;0;2146;1920;222;4;0;294;281;11;2;0;;;;;
285;18;1975;2087;1874;202;11;0;1803;1603;190;10;0;284;271;12;1;0;;;;;
286;18;1976;1852;1639;209;4;0;1527;1333;191;3;0;325;306;18;1;0;;;;;
287;18;1977;1744;1555;181;8;0;1404;1228;169;7;0;340;327;12;1;0;;;;;
288;18;1978;1672;1503;158;11;0;1307;1165;134;8;0;365;338;24;3;0;;;;;
289;18;1979;1529;1360;163;5;1;1173;1022;147;4;0;356;338;16;1;1;;;;;
290;18;1980;1626;1446;169;10;1;1199;1044;146;9;0;427;402;23;1;1;;;;;
291;18;1981;1596;1425;166;5;0;1188;1037;147;4;0;408;388;19;1;0;;;;;
292;18;1982;1472;1302;168;2;0;1004;861;142;1;0;468;441;26;1;0;;;;;
293;18;1983;1353;1186;159;8;0;883;749;127;7;0;470;437;32;1;0;;;;;
294;18;1984;1229;1104;123;2;0;791;691;98;2;0;438;413;25;0;0;;;;;
295;18;1985;1111;987;114;10;0;678;576;95;7;0;433;411;19;3;0;;;;;
296;18;1986;1108;999;102;6;1;694;604;83;6;1;414;395;19;0;0;;;;;
297;18;1987;1144;1030;108;5;1;692;596;90;5;1;452;434;18;0;0;;;;;
298;18;1988;1201;1064;133;2;2;719;604;113;1;1;482;460;20;1;1;;;;;
299;18;1989;1202;1088;107;6;1;708;624;81;3;0;494;464;26;3;1;;;;;
300;18;1990;1193;1076;109;8;0;724;632;88;4;0;469;444;21;4;0;;;;;
301;18;1991;1172;1063;101;7;1;689;602;82;5;0;483;461;19;2;1;;;;;
302;18;1992;1051;941;105;5;0;627;545;78;4;0;424;396;27;1;0;;;;;
303;18;1993;995;888;101;5;1;539;458;78;2;1;456;430;23;3;0;;;;;
304;18;1994;854;759;85;10;0;440;372;63;5;0;414;387;22;5;0;;;;;
305;18;1995;701;615;82;4;0;322;265;54;3;0;379;350;28;1;0;4.0;4.0;0.0;0.0;0.0
306;18;1996;726;678;46;2;0;250;233;17;0;0;476;445;29;2;0;5.0;5.0;0.0;0.0;0.0
307;18;1997;721;665;52;4;0;245;221;22;2;0;476;444;30;2;0;7.0;7.0;0.0;0.0;0.0
308;18;1998;736;673;63;0;0;221;199;22;0;0;515;474;41;0;0;10.0;10.0;0.0;0.0;0.0
309;18;1999;838;783;52;3;0;191;177;14;0;0;647;606;38;3;0;6.0;6.0;0.0;0.0;0.0
310;18;2000;878;801;75;2;0;205;183;22;0;0;673;618;53;2;0;6.0;6.0;0.0;0.0;0.0
311;18;2001;957;863;87;7;0;170;154;15;1;0;787;709;72;6;0;4.0;4.0;0.0;0.0;0.0
312;18;2002;977;880;93;4;0;168;147;20;1;0;809;733;73;3;0;10.0;8.0;2.0;0.0;0.0
313;18;2003;941;847;91;3;0;156;140;16;0;0;785;707;75;3;0;6.0;3.0;3.0;0.0;0.0
314;18;2004;836;748;81;6;1;136;121;14;0;1;700;627;67;6;0;4.0;3.0;1.0;0.0;0.0
315;18;2005;726;679;46;1;0;110;100;10;0;0;616;579;36;1;0;5.0;5.0;0.0;0.0;0.0
316;18;2006;691;652;39;0;0;84;76;8;0;0;607;576;31;0;0;6.0;6.0;0.0;0.0;0.0
317;18;2007;676;636;39;1;0;75;71;3;1;0;601;565;36;0;0;2.0;2.0;0.0;0.0;0.0
318;18;2008;757;700;55;2;0;80;74;6;0;0;677;626;49;2;0;5.0;4.0;1.0;0.0;0.0
319;18;2009;763;715;47;1;0;83;68;15;0;0;680;647;32;1;0;7.0;7.0;0.0;0.0;0.0
320;18;2010;730;682;46;2;0;68;62;6;0;0;662;620;40;2;0;2.0;2.0;0.0;0.0;0.0
321;18;2011;674;634;39;1;0;87;77;10;0;0;587;557;29;1;0;6.0;6.0;0.0;0.0;0.0
322;18;2012;638;603;35;0;0;60;57;3;0;0;578;546;32;0;0;0.0;0.0;0.0;0.0;0.0
323;18;2013;544;519;25;0;0;59;54;5;0;0;485;465;20;0;0;0.0;0.0;0.0;0.0;0.0
324;18;2014;494;466;28;0;0;47;43;4;0;0;447;423;24;0;0;4.0;4.0;0.0;0.0;0.0
325;19;1950;2660;2187;422;46;5;2389;1928;410;46;5;271;259;12;0;0;;;;;
326;19;1951;2812;2325;442;41;4;2576;2099;433;40;4;236;226;9;1;0;;;;;
327;19;1952;2969;2476;447;43;3;2686;2208;432;43;3;283;268;15;0;0;;;;;
328;19;1953;2763;2253;473;37;0;2544;2044;463;37;0;219;209;10;0;0;;;;;
329;19;1954;2744;2258;437;45;4;2523;2049;426;44;4;221;209;11;1;0;;;;;
330;19;1955;2871;2364;467;37;3;2658;2167;452;36;3;213;197;15;1;0;;;;;
331;19;1956;2939;2405;483;48;3;2744;2221;472;48;3;195;184;11;0;0;;;;;
332;19;1957;3119;2574;499;44;2;2897;2365;487;43;2;222;209;12;1;0;;;;;
333;19;1958;3152;2579;519;49;5;2917;2358;508;46;5;235;221;11;3;0;;;;;
334;19;1959;3384;2746;576;53;9;3106;2485;560;52;9;278;261;16;1;0;;;;;
335;19;1960;3568;2847;643;69;9;3309;2612;621;67;9;259;235;22;2;0;;;;;
336;19;1961;3853;3102;671;74;6;3572;2842;654;70;6;281;260;17;4;0;;;;;
337;19;1962;4392;3545;746;95;6;4053;3233;721;93;6;339;312;25;2;0;;;;;
338;19;1963;5049;4021;920;101;7;4707;3708;894;98;7;342;313;26;3;0;;;;;
339;19;1964;5061;4042;900;111;8;4689;3696;877;108;8;372;346;23;3;0;;;;;
340;19;1965;5577;4520;939;110;8;5178;4155;908;107;8;399;365;31;3;0;;;;;
341;19;1966;6691;5439;1131;111;10;6190;4990;1085;105;10;501;449;46;6;0;;;;;
342;19;1967;6503;5368;1022;105;8;5948;4871;971;99;7;555;497;51;6;1;;;;;
343;19;1968;5781;4760;940;78;3;5330;4347;903;77;3;451;413;37;1;0;;;;;
344;19;1969;5851;4822;947;74;8;5348;4354;914;72;8;503;468;33;2;0;;;;;
345;19;1970;5713;4771;869;62;11;5241;4340;831;60;10;472;431;38;2;1;;;;;
346;19;1971;5629;4657;903;58;11;5208;4266;875;57;10;421;391;28;1;1;;;;;
347;19;1972;5109;4238;819;50;2;4712;3870;793;48;1;397;368;26;2;1;;;;;
348;19;1973;4415;3663;718;31;3;4071;3347;693;28;3;344;316;25;3;0;;;;;
349;19;1974;4170;3469;655;45;1;3846;3168;634;43;1;324;301;21;2;0;;;;;
350;19;1975;3508;2875;598;33;2;3163;2571;563;28;1;345;304;35;5;1;;;;;
351;19;1976;3325;2726;567;31;1;2945;2394;526;24;1;380;332;41;7;0;;;;;
352;19;1977;2855;2383;442;27;3;2483;2047;407;26;3;372;336;35;1;0;;;;;
353;19;1978;2653;2176;436;37;4;2257;1815;408;32;2;396;361;28;5;2;;;;;
354;19;1979;2628;2139;456;32;1;2195;1754;411;29;1;433;385;45;3;0;;;;;
355;19;1980;2731;2268;434;28;1;2217;1806;384;27;0;514;462;50;1;1;;;;;
356;19;1981;2670;2186;460;24;0;2161;1738;401;22;0;509;448;59;2;0;;;;;
357;19;1982;2397;1923;442;31;1;1830;1421;384;25;0;567;502;58;6;1;;;;;
358;19;1983;2368;1924;415;27;2;1684;1303;355;26;0;684;621;60;1;2;;;;;
359;19;1984;2283;1883;376;23;1;1612;1287;307;17;1;671;596;69;6;0;;;;;
360;19;1985;2103;1752;317;34;0;1433;1157;247;29;0;670;595;70;5;0;;;;;
361;19;1986;1952;1617;305;25;5;1246;994;230;21;1;706;623;75;4;4;;;;;
362;19;1987;1870;1561;280;29;0;1225;968;234;23;0;645;593;46;6;0;;;;;
363;19;1988;1995;1662;314;17;2;1275;1018;244;12;1;720;644;70;5;1;;;;;
364;19;1989;2051;1770;264;15;2;1300;1077;206;15;2;751;693;58;0;0;;;;;
365;19;1990;2201;1906;276;19;0;1387;1159;213;15;0;814;747;63;4;0;;;;;
366;19;1991;2051;1755;275;20;1;1279;1058;203;18;0;772;697;72;2;1;;;;;
367;19;1992;1831;1559;255;16;1;1153;940;201;11;1;678;619;54;5;0;;;;;
368;19;1993;1662;1424;219;17;2;1065;886;165;12;2;597;538;54;5;0;;;;;
369;19;1994;1574;1354;200;19;1;976;823;142;11;0;598;531;58;8;1;;;;;
370;19;1995;1349;1143;183;22;1;722;586;123;13;0;627;557;60;9;1;12.0;11.0;1.0;0.0;0.0
371;19;1996;1241;1072;159;8;2;602;503;93;5;1;639;569;66;3;1;12.0;12.0;0.0;0.0;0.0
372;19;1997;1417;1257;152;8;0;715;623;87;5;0;702;634;65;3;0;8.0;8.0;0.0;0.0;0.0
373;19;1998;1466;1314;144;7;1;678;597;77;4;0;788;717;67;3;1;13.0;13.0;0.0;0.0;0.0
374;19;1999;1526;1360;157;9;0;687;620;66;1;0;839;740;91;8;0;15.0;13.0;2.0;0.0;0.0
375;19;2000;1673;1490;176;7;0;630;565;63;2;0;1043;925;113;5;0;12.0;10.0;2.0;0.0;0.0
376;19;2001;1677;1490;170;15;2;595;538;53;4;0;1082;952;117;11;2;21.0;19.0;2.0;0.0;0.0
377;19;2002;1703;1490;191;18;4;541;484;49;5;3;1162;1006;142;13;1;14.0;11.0;3.0;0.0;0.0
378;19;2003;1614;1417;181;16;0;503;452;46;5;0;1111;965;135;11;0;7.0;3.0;4.0;0.0;0.0
379;19;2004;1501;1299;193;9;0;454;402;50;2;0;1047;897;143;7;0;4.0;4.0;0.0;0.0;0.0
380;19;2005;1456;1276;166;14;0;380;337;40;3;0;1076;939;126;11;0;7.0;4.0;3.0;0.0;0.0
381;19;2006;1290;1132;147;11;0;236;208;28;0;0;1054;924;119;11;0;10.0;10.0;0.0;0.0;0.0
382;19;2007;1283;1156;122;5;0;233;208;25;0;0;1050;948;97;5;0;13.0;12.0;1.0;0.0;0.0
383;19;2008;1257;1121;131;4;1;198;166;30;1;1;1059;955;101;3;0;1.0;1.0;0.0;0.0;0.0
384;19;2009;1297;1151;136;7;3;183;148;33;2;0;1114;1003;103;5;3;9.0;8.0;1.0;0.0;0.0
385;19;2010;1321;1179;130;12;0;213;181;27;5;0;1108;998;103;7;0;7.0;6.0;1.0;0.0;0.0
386;19;2011;1220;1093;120;7;0;189;154;32;3;0;1031;939;88;4;0;8.0;6.0;2.0;0.0;0.0
387;19;2012;1097;989;103;5;0;164;136;26;2;0;933;853;77;3;0;4.0;4.0;0.0;0.0;0.0
388;19;2013;965;877;85;3;0;156;132;23;1;0;809;745;62;2;0;1.0;0.0;0.0;1.0;0.0
389;19;2014;938;845;90;3;0;131;107;23;1;0;807;738;67;2;0;0.0;0.0;0.0;0.0;0.0
390;20;1950;3836;2816;866;139;15;3541;2541;848;138;14;295;275;18;1;1;;;;;
391;20;1951;4306;3238;905;140;23;4021;2972;887;139;23;285;266;18;1;0;;;;;
392;20;1952;4387;3301;925;138;23;4125;3068;900;134;23;262;233;25;4;0;;;;;
393;20;1953;4149;3113;874;144;18;3897;2877;859;143;18;252;236;15;1;0;;;;;
394;20;1954;4168;3095;909;148;16;3925;2876;891;142;16;243;219;18;6;0;;;;;
395;20;1955;4179;3102;905;157;15;3962;2896;895;156;15;217;206;10;1;0;;;;;
396;20;1956;4284;3172;942;147;23;4056;2958;929;146;23;228;214;13;1;0;;;;;
397;20;1957;4485;3376;948;145;16;4267;3169;937;145;16;218;207;11;0;0;;;;;
398;20;1958;4681;3481;992;191;17;4465;3284;975;189;17;216;197;17;2;0;;;;;
399;20;1959;4904;3698;1024;168;14;4639;3455;1006;165;13;265;243;18;3;1;;;;;
400;20;1960;5183;3866;1120;174;23;4876;3589;1094;170;23;307;277;26;4;0;;;;;
401;20;1961;5716;4290;1190;204;32;5421;4023;1165;202;31;295;267;25;2;1;;;;;
402;20;1962;5943;4316;1368;224;35;5632;4028;1346;223;35;311;288;22;1;0;;;;;
403;20;1963;6716;4977;1472;236;31;6366;4663;1439;233;31;350;314;33;3;0;;;;;
404;20;1964;7585;5581;1707;261;36;7215;5255;1665;259;36;370;326;42;2;0;;;;;
405;20;1965;7513;5624;1611;245;33;7099;5256;1568;242;33;414;368;43;3;0;;;;;
406;20;1966;8177;6186;1728;234;29;7766;5824;1682;231;29;411;362;46;3;0;;;;;
407;20;1967;10070;7672;2117;249;32;9544;7205;2061;246;32;526;467;56;3;0;;;;;
408;20;1968;9167;6969;1953;220;25;8730;6579;1910;216;25;437;390;43;4;0;;;;;
409;20;1969;9129;6939;1968;208;14;8627;6489;1920;204;14;502;450;48;4;0;;;;;
410;20;1970;8385;6445;1768;161;11;7964;6063;1733;157;11;421;382;35;4;0;;;;;
411;20;1971;7842;5974;1674;174;20;7452;5632;1641;159;20;390;342;33;15;0;;;;;
412;20;1972;7500;5662;1677;144;17;7164;5357;1649;141;17;336;305;28;3;0;;;;;
413;20;1973;6668;5092;1460;104;12;6371;4826;1434;99;12;297;266;26;5;0;;;;;
414;20;1974;6247;4814;1351;77;5;5912;4524;1310;73;5;335;290;41;4;0;;;;;
415;20;1975;5639;4269;1280;84;6;5331;4004;1240;81;6;308;265;40;3;0;;;;;
416;20;1976;5323;4006;1213;93;11;4979;3723;1160;85;11;344;283;53;8;0;;;;;
417;20;1977;4645;3594;982;67;2;4255;3267;927;59;2;390;327;55;8;0;;;;;
418;20;1978;4571;3527;958;80;6;4138;3161;897;75;5;433;366;61;5;1;;;;;
419;20;1979;4290;3307;893;83;7;3846;2924;839;77;6;444;383;54;6;1;;;;;
420;20;1980;4356;3332;935;80;9;3838;2900;859;70;9;518;432;76;10;0;;;;;
421;20;1981;4094;3126;879;81;8;3501;2616;804;73;8;593;510;75;8;0;;;;;
422;20;1982;3930;3075;756;94;5;3209;2469;653;82;5;721;606;103;12;0;;;;;
423;20;1983;3787;2929;777;79;2;2996;2244;678;72;2;791;685;99;7;0;;;;;
424;20;1984;3673;2899;673;91;10;2791;2150;557;75;9;882;749;116;16;1;;;;;
425;20;1985;3325;2581;663;73;8;2527;1895;562;63;7;798;686;101;10;1;;;;;
426;20;1986;3225;2539;613;67;6;2388;1832;494;57;5;837;707;119;10;1;;;;;
427;20;1987;2710;2144;508;50;8;1961;1510;408;37;6;749;634;100;13;2;;;;;
428;20;1988;2791;2218;510;58;5;1966;1507;407;47;5;825;711;103;11;0;;;;;
429;20;1989;3058;2423;567;57;11;2119;1616;446;47;10;939;807;121;10;1;;;;;
430;20;1990;3064;2506;500;50;8;2068;1611;404;46;7;996;895;96;4;1;;;;;
431;20;1991;3049;2481;516;48;4;1974;1539;396;38;1;1075;942;120;10;3;;;;;
432;20;1992;2775;2219;490;58;8;1858;1423;388;41;6;917;796;102;17;2;;;;;
433;20;1993;2466;1981;430;54;1;1615;1249;320;45;1;851;732;110;9;0;;;;;
434;20;1994;2318;1850;407;55;6;1496;1141;304;45;6;822;709;103;10;0;;;;;
435;20;1995;1982;1560;366;50;6;1199;899;260;37;3;783;661;106;13;3;16.0;15.0;1.0;0.0;0.0
436;20;1996;1858;1506;328;24;0;1032;783;234;15;0;826;723;94;9;0;17.0;17.0;0.0;0.0;0.0
437;20;1997;1956;1616;307;30;3;1065;847;196;21;1;891;769;111;9;2;12.0;12.0;0.0;0.0;0.0
438;20;1998;2032;1668;330;31;3;1051;826;204;18;3;981;842;126;13;0;10.0;9.0;1.0;0.0;0.0
439;20;1999;2096;1735;333;28;0;1025;828;183;14;0;1071;907;150;14;0;18.0;15.0;2.0;1.0;0.0
440;20;2000;2256;1885;342;24;5;1018;824;181;13;0;1238;1061;161;11;5;15.0;15.0;0.0;0.0;0.0
441;20;2001;2247;1858;364;23;2;1034;847;179;8;0;1213;1011;185;15;2;16.0;13.0;2.0;1.0;0.0
442;20;2002;2334;1930;369;34;1;977;808;154;15;0;1357;1122;215;19;1;17.0;13.0;4.0;0.0;0.0
443;20;2003;2203;1811;355;34;3;866;732;122;11;1;1337;1079;233;23;2;17.0;11.0;6.0;0.0;0.0
444;20;2004;2152;1788;338;22;4;851;710;135;5;1;1301;1078;203;17;3;18.0;16.0;2.0;0.0;0.0
445;20;2005;2061;1709;320;30;2;744;625;110;8;1;1317;1084;210;22;1;11.0;9.0;2.0;0.0;0.0
446;20;2006;1928;1607;292;25;4;570;459;103;8;0;1358;1148;189;17;4;12.0;11.0;1.0;0.0;0.0
447;20;2007;1850;1520;309;20;1;397;320;67;10;0;1453;1200;242;10;1;8.0;7.0;1.0;0.0;0.0
448;20;2008;1782;1515;248;17;2;384;298;81;5;0;1398;1217;167;12;2;8.0;2.0;5.0;1.0;0.0
449;20;2009;1823;1575;228;16;4;380;319;56;4;1;1443;1256;172;12;3;11.0;10.0;1.0;0.0;0.0
450;20;2010;1782;1525;235;21;1;398;331;59;8;0;1384;1194;176;13;1;6.0;6.0;0.0;0.0;0.0
451;20;2011;1714;1446;246;20;2;379;310;60;8;1;1335;1136;186;12;1;11.0;8.0;3.0;0.0;0.0
452;20;2012;1659;1403;233;21;2;350;272;70;7;1;1309;1131;163;14;1;6.0;4.0;1.0;0.0;1.0
453;20;2013;1522;1270;239;13;0;308;241;63;4;0;1214;1029;176;9;0;9.0;7.0;2.0;0.0;0.0
454;20;2014;1448;1224;210;13;1;296;232;61;3;0;1152;992;149;10;1;9.0;8.0;1.0;0.0;0.0
455;21;1950;5541;3635;1508;348;50;5273;3401;1479;343;50;268;234;29;5;0;;;;;
456;21;1951;5702;3809;1507;322;64;5444;3591;1470;319;64;258;218;37;3;0;;;;;
457;21;1952;6044;4142;1500;338;64;5790;3924;1470;333;63;254;218;30;5;1;;;;;
458;21;1953;5852;3942;1512;326;72;5612;3719;1503;319;71;240;223;9;7;1;;;;;
459;21;1954;5833;3875;1547;346;65;5596;3670;1522;340;64;237;205;25;6;1;;;;;
460;21;1955;5684;3806;1477;338;63;5488;3632;1459;334;63;196;174;18;4;0;;;;;
461;21;1956;5994;4169;1424;337;64;5765;3963;1402;337;63;229;206;22;0;1;;;;;
462;21;1957;6216;4263;1549;338;66;5983;4061;1524;333;65;233;202;25;5;1;;;;;
463;21;1958;6573;4573;1604;327;69;6330;4361;1580;320;69;243;212;24;7;0;;;;;
464;21;1959;6800;4673;1724;336;67;6536;4447;1692;332;65;264;226;32;4;2;;;;;
465;21;1960;7155;4919;1789;381;66;6918;4715;1768;372;63;237;204;21;9;3;;;;;
466;21;1961;7893;5472;1917;426;78;7619;5245;1883;417;74;274;227;34;9;4;;;;;
467;21;1962;8412;5825;2092;408;87;8136;5584;2063;403;86;276;241;29;5;1;;;;;
468;21;1963;8702;6025;2148;442;87;8411;5778;2117;432;84;291;247;31;10;3;;;;;
469;21;1964;9623;6647;2406;481;89;9242;6325;2362;467;88;381;322;44;14;1;;;;;
470;21;1965;10620;7480;2545;507;88;10240;7158;2506;490;86;380;322;39;17;2;;;;;
471;21;1966;10970;7850;2589;456;75;10579;7517;2546;443;73;391;333;43;13;2;;;;;
472;21;1967;11616;8378;2747;424;67;11220;8038;2704;412;66;396;340;43;12;1;;;;;
473;21;1968;14021;10083;3374;493;71;13546;9676;3322;479;69;475;407;52;14;2;;;;;
474;21;1969;13402;9462;3400;474;66;12922;9042;3353;463;64;480;420;47;11;2;;;;;
475;21;1970;12087;8585;3061;395;46;11697;8254;3018;382;43;390;331;43;13;3;;;;;
476;21;1971;10863;7728;2744;349;42;10506;7437;2693;338;38;357;291;51;11;4;;;;;
477;21;1972;10290;7334;2644;278;34;9996;7086;2607;270;33;294;248;37;8;1;;;;;
478;21;1973;9579;6819;2532;206;22;9293;6585;2489;198;21;286;234;43;8;1;;;;;
479;21;1974;8888;6315;2360;195;18;8628;6102;2320;190;16;260;213;40;5;2;;;;;
480;21;1975;8178;5818;2176;165;19;7914;5614;2125;157;18;264;204;51;8;1;;;;;
481;21;1976;7911;5583;2115;191;22;7604;5341;2063;180;20;307;242;52;11;2;;;;;
482;21;1977;7357;5241;1928;165;23;6967;4923;1864;160;20;390;318;64;5;3;;;;;
483;21;1978;6944;5062;1704;165;13;6589;4780;1644;153;12;355;282;60;12;1;;;;;
484;21;1979;6697;4894;1611;176;16;6309;4594;1542;159;14;388;300;69;17;2;;;;;
485;21;1980;6551;4828;1527;167;29;6012;4392;1442;153;25;539;436;85;14;4;;;;;
486;21;1981;6326;4586;1497;215;28;5747;4131;1388;202;26;579;455;109;13;2;;;;;
487;21;1982;5672;4101;1368;184;19;5005;3551;1264;172;18;667;550;104;12;1;;;;;
488;21;1983;5662;4183;1311;146;22;4865;3519;1193;134;19;797;664;118;12;3;;;;;
489;21;1984;5533;4107;1233;161;32;4647;3400;1074;142;31;886;707;159;19;1;;;;;
490;21;1985;5194;3833;1181;157;23;4258;3081;1013;141;23;936;752;168;16;0;;;;;
491;21;1986;4838;3535;1123;157;23;3949;2837;963;131;18;889;698;160;26;5;;;;;
492;21;1987;4555;3359;1034;137;25;3614;2628;853;111;22;941;731;181;26;3;;;;;
493;21;1988;3999;2993;875;115;16;3033;2241;684;95;13;966;752;191;20;3;;;;;
494;21;1989;4033;3068;838;106;21;3017;2242;675;86;14;1016;826;163;20;7;;;;;
495;21;1990;4226;3204;871;131;20;3129;2281;718;111;19;1097;923;153;20;1;;;;;
496;21;1991;4106;3045;954;97;10;2949;2100;755;86;8;1157;945;199;11;2;;;;;
497;21;1992;3702;2662;927;103;10;2604;1788;726;83;7;1098;874;201;20;3;;;;;
498;21;1993;3460;2559;804;89;8;2409;1695;642;67;5;1051;864;162;22;3;;;;;
499;21;1994;3207;2363;747;84;13;2212;1533;598;73;8;995;830;149;11;5;;;;;
500;21;1995;2938;2142;695;87;14;1909;1310;526;64;9;1029;832;169;23;5;21.0;18.0;1.0;2.0;0.0
501;21;1996;2528;1858;607;59;4;1549;1061;441;44;3;979;797;166;15;1;28.0;22.0;5.0;1.0;0.0
502;21;1997;2667;2015;583;65;4;1564;1107;410;46;1;1103;908;173;19;3;21.0;18.0;2.0;1.0;0.0
503;21;1998;2597;2009;528;55;5;1496;1094;360;39;3;1101;915;168;16;2;29.0;25.0;4.0;0.0;0.0
504;21;1999;2734;2089;582;54;9;1490;1076;377;32;5;1244;1013;205;22;4;15.0;13.0;2.0;0.0;0.0
505;21;2000;2983;2296;619;62;6;1604;1185;388;28;3;1379;1111;231;34;3;22.0;20.0;1.0;1.0;0.0
506;21;2001;3026;2369;571;78;8;1514;1151;325;37;1;1512;1218;246;41;7;18.0;11.0;5.0;1.0;1.0
507;21;2002;2990;2336;589;62;3;1500;1161;309;29;1;1490;1175;280;33;2;22.0;20.0;1.0;1.0;0.0
508;21;2003;2903;2254;577;66;6;1397;1069;299;27;2;1506;1185;278;39;4;17.0;10.0;7.0;0.0;0.0
509;21;2004;2855;2187;607;55;6;1318;1023;271;23;1;1537;1164;336;32;5;16.0;10.0;6.0;0.0;0.0
510;21;2005;2808;2144;590;69;5;1159;874;255;29;1;1649;1270;335;40;4;24.0;19.0;5.0;0.0;0.0
511;21;2006;2649;2043;536;64;6;989;732;227;28;2;1660;1311;309;36;4;20.0;19.0;1.0;0.0;0.0
512;21;2007;2668;2056;544;61;7;903;666;222;13;2;1765;1390;322;48;5;11.0;8.0;2.0;1.0;0.0
513;21;2008;2528;1970;491;60;7;769;569;180;20;0;1759;1401;311;40;7;10.0;4.0;6.0;0.0;0.0
514;21;2009;2577;2013;509;53;2;721;547;161;11;2;1856;1466;348;42;0;11.0;11.0;0.0;0.0;0.0
515;21;2010;2561;2026;473;56;6;794;624;149;18;3;1767;1402;324;38;3;7.0;7.0;0.0;0.0;0.0
516;21;2011;2472;1928;489;49;6;748;566;164;14;4;1724;1362;325;35;2;7.0;7.0;0.0;0.0;0.0
517;21;2012;2268;1792;434;39;3;679;517;148;11;3;1589;1275;286;28;0;8.0;7.0;1.0;0.0;0.0
518;21;2013;2217;1763;396;54;4;655;506;130;17;2;1562;1257;266;37;2;8.0;7.0;1.0;0.0;0.0
519;21;2014;2086;1635;406;41;4;577;441;117;18;1;1509;1194;289;23;3;9.0;8.0;1.0;0.0;0.0
520;22;1950;7345;4430;2117;656;142;7109;4229;2090;653;137;236;201;27;3;5;;;;;
521;22;1951;7674;4754;2119;663;138;7451;4570;2089;655;137;223;184;30;8;1;;;;;
522;22;1952;7830;5052;2011;582;185;7616;4876;1983;574;183;214;176;28;8;2;;;;;
523;22;1953;7879;4990;2135;594;160;7655;4798;2108;589;160;224;192;27;5;0;;;;;
524;22;1954;7841;4901;2179;595;166;7631;4734;2143;591;163;210;167;36;4;3;;;;;
525;22;1955;7872;4884;2173;631;184;7636;4686;2144;623;183;236;198;29;8;1;;;;;
526;22;1956;8094;5200;2141;572;181;7898;5046;2115;560;177;196;154;26;12;4;;;;;
527;22;1957;8381;5397;2213;601;170;8175;5230;2181;596;168;206;167;32;5;2;;;;;
528;22;1958;8728;5740;2207;609;172;8525;5573;2181;600;171;203;167;26;9;1;;;;;
529;22;1959;9371;6127;2462;594;188;9153;5949;2429;589;186;218;178;33;5;2;;;;;
530;22;1960;9528;6149;2523;679;177;9298;5957;2500;667;174;230;192;23;12;3;;;;;
531;22;1961;10269;6732;2701;645;191;10065;6582;2663;631;189;204;150;38;14;2;;;;;
532;22;1962;11038;7267;2868;703;200;10757;7034;2834;692;197;281;233;34;11;3;;;;;
533;22;1963;11655;7601;3093;754;207;11357;7369;3047;737;204;298;232;46;17;3;;;;;
534;22;1964;11987;7771;3253;764;199;11677;7536;3200;746;195;310;235;53;18;4;;;;;
535;22;1965;12857;8525;3365;787;180;12520;8266;3312;764;178;337;259;53;23;2;;;;;
536;22;1966;14056;9485;3658;751;162;13733;9238;3604;734;157;323;247;54;17;5;;;;;
537;22;1967;14771;10063;3869;697;142;14409;9778;3811;680;140;362;285;58;17;2;;;;;
538;22;1968;15687;10644;4201;716;126;15328;10359;4145;699;125;359;285;56;17;1;;;;;
539;22;1969;19238;12796;5360;925;157;18758;12423;5284;904;147;480;373;76;21;10;;;;;
540;22;1970;16749;11054;4828;749;118;16367;10741;4777;733;116;382;313;51;16;2;;;;;
541;22;1971;15242;10150;4367;623;102;14963;9921;4329;617;96;279;229;38;6;6;;;;;
542;22;1972;13956;9394;3965;514;83;13682;9186;3926;495;75;274;208;39;19;8;;;;;
543;22;1973;12340;8167;3722;403;48;12123;8004;3679;393;47;217;163;43;10;1;;;;;
544;22;1974;11835;7906;3555;331;43;11574;7721;3497;316;40;261;185;58;15;3;;;;;
545;22;1975;11279;7551;3374;314;40;10972;7345;3300;292;35;307;206;74;22;5;;;;;
546;22;1976;10599;7047;3193;320;39;10323;6854;3123;309;37;276;193;70;11;2;;;;;
547;22;1977;10184;6733;3110;306;35;9869;6501;3045;290;33;315;232;65;16;2;;;;;
548;22;1978;9774;6551;2857;318;48;9430;6297;2782;310;41;344;254;75;8;7;;;;;
549;22;1979;9533;6554;2625;298;56;9128;6261;2533;281;53;405;293;92;17;3;;;;;
550;22;1980;9468;6530;2605;288;45;8964;6159;2487;279;39;504;371;118;9;6;;;;;
551;22;1981;8727;6007;2332;345;43;8150;5582;2210;319;39;577;425;122;26;4;;;;;
552;22;1982;8145;5651;2117;323;54;7438;5111;1976;299;52;707;540;141;24;2;;;;;
553;22;1983;7818;5457;1987;319;55;7029;4868;1820;287;54;789;589;167;32;1;;;;;
554;22;1984;7929;5579;2018;286;46;7071;4932;1834;262;43;858;647;184;24;3;;;;;
555;22;1985;7411;5130;1938;292;51;6460;4401;1749;264;46;951;729;189;28;5;;;;;
556;22;1986;6874;4763;1812;258;41;5902;4047;1591;229;35;972;716;221;29;6;;;;;
557;22;1987;6482;4448;1709;273;52;5477;3698;1483;250;46;1005;750;226;23;6;;;;;
558;22;1988;6113;4248;1577;256;32;5082;3464;1373;216;29;1031;784;204;40;3;;;;;
559;22;1989;5580;3933;1406;209;32;4529;3108;1211;182;28;1051;825;195;27;4;;;;;
560;22;1990;5577;3964;1375;203;35;4384;3037;1142;174;31;1193;927;233;29;4;;;;;
561;22;1991;5434;3849;1346;199;40;4220;2901;1113;168;38;1214;948;233;31;2;;;;;
562;22;1992;5218;3568;1444;185;21;3916;2571;1167;159;19;1302;997;277;26;2;;;;;
563;22;1993;4781;3296;1283;178;24;3459;2292;998;148;21;1322;1004;285;30;3;;;;;
564;22;1994;4388;3020;1173;166;29;3140;2060;933;129;18;1248;960;240;37;11;;;;;
565;22;1995;3909;2665;1051;164;29;2723;1754;815;135;19;1186;911;236;29;10;32.0;26.0;5.0;1.0;0.0
566;22;1996;3609;2491;934;167;17;2452;1555;744;140;13;1157;936;190;27;4;26.0;23.0;2.0;0.0;1.0
567;22;1997;3580;2524;915;131;10;2365;1575;682;101;7;1215;949;233;30;3;47.0;44.0;3.0;0.0;0.0
568;22;1998;3366;2396;855;95;20;2095;1409;609;64;13;1271;987;246;31;7;28.0;25.0;3.0;0.0;0.0
569;22;1999;3414;2413;860;127;14;2139;1433;608;88;10;1275;980;252;39;4;25.0;19.0;3.0;3.0;0.0
570;22;2000;3782;2731;932;105;14;2195;1538;580;69;8;1587;1193;352;36;6;39.0;35.0;4.0;0.0;0.0
571;22;2001;3750;2731;881;128;10;2076;1434;565;72;5;1674;1297;316;56;5;28.0;21.0;6.0;0.0;1.0
572;22;2002;3847;2765;944;123;15;2169;1505;590;66;8;1678;1260;354;57;7;31.0;26.0;4.0;1.0;0.0
573;22;2003;3845;2786;920;124;15;2073;1456;544;67;6;1772;1330;376;57;9;25.0;16.0;9.0;0.0;0.0
574;22;2004;3645;2569;947;118;11;1885;1301;523;58;3;1760;1268;424;60;8;22.0;18.0;4.0;0.0;0.0
575;22;2005;3629;2579;901;137;12;1802;1222;504;68;8;1827;1357;397;69;4;19.0;16.0;3.0;0.0;0.0
576;22;2006;3690;2649;913;110;18;1662;1187;426;41;8;2028;1462;487;69;10;29.0;22.0;6.0;1.0;0.0
577;22;2007;3589;2563;864;147;15;1579;1122;390;58;9;2010;1441;474;89;6;16.0;10.0;3.0;3.0;0.0
578;22;2008;3738;2741;860;122;15;1454;1070;331;48;5;2284;1671;529;74;10;24.0;16.0;8.0;0.0;0.0
579;22;2009;3668;2770;784;101;13;1389;1025;313;46;5;2279;1745;471;55;8;22.0;18.0;4.0;0.0;0.0
580;22;2010;3502;2630;763;102;7;1436;1097;299;38;2;2066;1533;464;64;5;18.0;17.0;1.0;0.0;0.0
581;22;2011;3275;2482;710;76;7;1353;1041;275;35;2;1922;1441;435;41;5;12.0;9.0;1.0;2.0;0.0
582;22;2012;3265;2444;730;82;9;1308;1001;279;25;3;1957;1443;451;57;6;7.0;7.0;0.0;0.0;0.0
583;22;2013;3223;2409;715;89;10;1228;922;272;31;3;1995;1487;443;58;7;11.0;10.0;1.0;0.0;0.0
584;22;2014;3009;2287;633;73;16;1142;876;240;22;4;1867;1411;393;51;12;12.0;11.0;1.0;0.0;0.0
585;23;1950;9146;5080;2836;951;279;8921;4903;2801;942;275;225;177;35;9;4;;;;;
586;23;1951;9629;5417;2939;926;347;9399;5241;2897;921;340;230;176;42;5;7;;;;;
587;23;1952;9703;5675;2702;964;362;9529;5538;2679;953;359;174;137;23;11;3;;;;;
588;23;1953;9630;5677;2755;907;291;9444;5537;2721;899;287;186;140;34;8;4;;;;;
589;23;1954;9967;5821;2892;919;335;9772;5669;2865;912;326;195;152;27;7;9;;;;;
590;23;1955;10098;5998;2852;905;343;9935;5866;2831;902;336;163;132;21;3;7;;;;;
591;23;1956;10215;6076;2927;863;349;10027;5934;2898;850;345;188;142;29;13;4;;;;;
592;23;1957;10480;6357;2873;912;338;10297;6211;2847;904;335;183;146;26;8;3;;;;;
593;23;1958;11273;6950;3083;911;329;11097;6815;3054;900;328;176;135;29;11;1;;;;;
594;23;1959;11723;7259;3211;919;334;11534;7125;3174;904;331;189;134;37;15;3;;;;;
595;23;1960;12002;7310;3423;936;333;11839;7180;3404;925;330;163;130;19;11;3;;;;;
596;23;1961;12710;7782;3518;1065;345;12509;7619;3488;1058;344;201;163;30;7;1;;;;;
597;23;1962;13264;8035;3783;1095;351;13083;7898;3753;1089;343;181;137;30;6;8;;;;;
598;23;1963;14125;8442;4106;1191;386;13896;8269;4077;1177;373;229;173;29;14;13;;;;;
599;23;1964;14625;8641;4383;1230;371;14375;8450;4347;1216;362;250;191;36;14;9;;;;;
600;23;1965;14586;8800;4272;1189;325;14329;8603;4238;1173;315;257;197;34;16;10;;;;;
601;23;1966;15692;9658;4618;1135;281;15391;9426;4575;1121;269;301;232;43;14;12;;;;;
602;23;1967;17354;10773;5204;1115;262;17043;10529;5159;1100;255;311;244;45;15;7;;;;;
603;23;1968;17685;10891;5459;1100;235;17401;10674;5415;1086;226;284;217;44;14;9;;;;;
604;23;1969;19196;11535;6204;1198;259;18886;11302;6157;1178;249;310;233;47;20;10;;;;;
605;23;1970;21429;12717;7186;1288;238;21132;12504;7129;1265;234;297;213;57;23;4;;;;;
606;23;1971;19157;11548;6336;1082;191;18876;11346;6285;1064;181;281;202;51;18;10;;;;;
607;23;1972;17586;10710;5902;809;165;17361;10552;5850;798;161;225;158;52;11;4;;;;;
608;23;1973;15448;9421;5270;658;99;15270;9294;5238;644;94;178;127;32;14;5;;;;;
609;23;1974;14455;8930;4907;541;77;14269;8793;4874;528;74;186;137;33;13;3;;;;;
610;23;1975;13481;8222;4670;509;80;13258;8079;4617;492;70;223;143;53;17;10;;;;;
611;23;1976;13473;8140;4711;538;84;13185;7946;4644;518;77;288;194;67;20;7;;;;;
612;23;1977;12398;7570;4219;532;77;12134;7386;4166;511;71;264;184;53;21;6;;;;;
613;23;1978;12631;7656;4325;571;79;12319;7446;4247;550;76;312;210;78;21;3;;;;;
614;23;1979;12173;7644;3850;585;94;11796;7393;3753;565;85;377;251;97;20;9;;;;;
615;23;1980;12133;7699;3766;569;99;11652;7369;3658;533;92;481;330;108;36;7;;;;;
616;23;1981;11472;7223;3617;536;96;10912;6824;3491;507;90;560;399;126;29;6;;;;;
617;23;1982;10951;6963;3312;574;102;10291;6501;3158;538;94;660;462;154;36;8;;;;;
618;23;1983;10373;6704;3036;535;98;9630;6157;2881;499;93;743;547;155;36;5;;;;;
619;23;1984;10103;6709;2812;489;93;9245;6069;2627;462;87;858;640;185;27;6;;;;;
620;23;1985;9732;6285;2894;461;92;8725;5568;2656;416;85;1007;717;238;45;7;;;;;
621;23;1986;9357;5990;2771;489;107;8330;5287;2513;439;91;1027;703;258;50;16;;;;;
622;23;1987;8930;5786;2631;446;67;7898;5053;2389;394;62;1032;733;242;52;5;;;;;
623;23;1988;8435;5567;2358;420;90;7271;4700;2109;380;82;1164;867;249;40;8;;;;;
624;23;1989;7564;4961;2165;375;63;6427;4153;1895;329;50;1137;808;270;46;13;;;;;
625;23;1990;7183;4781;1999;336;67;5938;3867;1734;287;50;1245;914;265;49;17;;;;;
626;23;1991;6888;4653;1865;304;66;5629;3743;1566;263;57;1259;910;299;41;9;;;;;
627;23;1992;6710;4383;1873;383;71;5353;3388;1566;339;60;1357;995;307;44;11;;;;;
628;23;1993;6211;4004;1821;342;44;4924;3046;1547;293;38;1287;958;274;49;6;;;;;
629;23;1994;5950;3898;1671;325;56;4571;2865;1380;276;50;1379;1033;291;49;6;;;;;
630;23;1995;5368;3375;1655;295;43;3931;2353;1301;240;37;1437;1022;354;55;6;26.0;20.0;4.0;2.0;0.0
631;23;1996;4891;3185;1439;230;37;3524;2163;1129;201;31;1367;1022;310;29;6;36.0;26.0;8.0;2.0;0.0
632;23;1997;4644;3023;1360;221;40;3274;1995;1061;183;35;1370;1028;299;38;5;37.0;29.0;5.0;3.0;0.0
633;23;1998;4538;2994;1300;218;26;3105;1932;987;165;21;1433;1062;313;53;5;40.0;30.0;7.0;3.0;0.0
634;23;1999;4396;2994;1172;204;26;2812;1795;852;151;14;1584;1199;320;53;12;30.0;27.0;1.0;2.0;0.0
635;23;2000;4687;3207;1231;224;25;2941;1874;881;170;16;1746;1333;350;54;9;27.0;22.0;4.0;1.0;0.0
636;23;2001;4755;3284;1244;193;34;2861;1880;836;128;17;1894;1404;408;65;17;32.0;25.0;6.0;0.0;1.0
637;23;2002;4675;3208;1258;188;21;2818;1825;842;140;11;1857;1383;416;48;10;27.0;22.0;4.0;0.0;1.0
638;23;2003;4818;3333;1269;185;31;2783;1809;835;120;19;2035;1524;434;65;12;36.0;22.0;13.0;1.0;0.0
639;23;2004;4891;3374;1283;201;33;2778;1846;804;115;13;2113;1528;479;86;20;26.0;22.0;4.0;0.0;0.0
640;23;2005;4564;3085;1256;193;30;2467;1604;750;100;13;2097;1481;506;93;17;34.0;24.0;10.0;0.0;0.0
641;23;2006;4528;3030;1266;200;32;2377;1536;721;99;21;2151;1494;545;101;11;32.0;28.0;4.0;0.0;0.0
642;23;2007;4689;3207;1237;219;26;2283;1525;655;95;8;2406;1682;582;124;18;34.0;26.0;6.0;2.0;0.0
643;23;2008;4709;3220;1229;227;33;2182;1419;641;112;10;2527;1801;588;115;23;19.0;13.0;6.0;0.0;0.0
644;23;2009;4831;3382;1231;182;36;2144;1461;578;87;18;2687;1921;653;95;18;21.0;19.0;1.0;1.0;0.0
645;23;2010;4797;3437;1161;172;27;2257;1621;543;81;12;2540;1816;618;91;15;20.0;12.0;6.0;2.0;0.0
646;23;2011;4711;3400;1131;158;22;2195;1571;536;78;10;2516;1829;595;80;12;18.0;14.0;4.0;0.0;0.0
647;23;2012;4504;3161;1136;182;25;2074;1446;526;89;13;2430;1715;610;93;12;23.0;18.0;4.0;1.0;0.0
648;23;2013;4333;3111;1018;172;32;1929;1358;479;79;13;2404;1753;539;93;19;6.0;5.0;1.0;0.0;0.0
649;23;2014;4322;3066;1054;176;26;1819;1283;446;77;13;2503;1783;608;99;13;9.0;4.0;5.0;0.0;0.0
650;24;1950;11308;5691;3676;1411;530;11109;5553;3641;1393;522;199;138;35;18;8;;;;;
651;24;1951;11185;5697;3532;1400;556;11011;5573;3500;1388;550;174;124;32;12;6;;;;;
652;24;1952;11758;6258;3439;1374;687;11585;6139;3401;1366;679;173;119;38;8;8;;;;;
653;24;1953;11571;6229;3517;1271;554;11411;6107;3492;1264;548;160;122;25;7;6;;;;;
654;24;1954;11806;6453;3549;1258;546;11620;6314;3520;1247;539;186;139;29;11;7;;;;;
655;24;1955;12347;6837;3624;1336;550;12198;6728;3601;1323;546;149;109;23;13;4;;;;;
656;24;1956;12497;6949;3693;1252;603;12344;6846;3661;1241;596;153;103;32;11;7;;;;;
657;24;1957;13046;7293;3838;1298;617;12883;7177;3814;1284;608;163;116;24;14;9;;;;;
658;24;1958;13213;7543;3861;1277;532;13065;7438;3838;1261;528;148;105;23;16;4;;;;;
659;24;1959;13962;7906;4222;1250;584;13797;7794;4187;1236;580;165;112;35;14;4;;;;;
660;24;1960;13800;7522;4417;1310;551;13648;7413;4391;1299;545;152;109;26;11;6;;;;;
661;24;1961;14787;8038;4672;1492;585;14597;7900;4640;1478;579;190;138;32;14;6;;;;;
662;24;1962;15385;8484;4883;1417;601;15191;8338;4848;1406;599;194;146;35;11;2;;;;;
663;24;1963;16031;8450;5334;1606;641;15844;8313;5306;1592;633;187;137;28;14;8;;;;;
664;24;1964;16315;8449;5614;1640;612;16100;8290;5579;1625;606;215;159;35;15;6;;;;;
665;24;1965;16617;8786;5638;1637;556;16411;8633;5608;1622;548;206;153;30;15;8;;;;;
666;24;1966;16287;8802;5596;1448;441;16062;8634;5561;1435;432;225;168;35;13;9;;;;;
667;24;1967;17850;9728;6274;1428;420;17614;9550;6237;1414;413;236;178;37;14;7;;;;;
668;24;1968;19039;10279;6878;1493;389;18779;10085;6837;1477;380;260;194;41;16;9;;;;;
669;24;1969;20081;10288;7684;1681;428;19841;10113;7652;1660;416;240;175;32;21;12;;;;;
670;24;1970;20231;10552;7776;1570;333;19983;10377;7723;1557;326;248;175;53;13;7;;;;;
671;24;1971;22992;12049;8827;1734;382;22751;11895;8780;1706;370;241;154;47;28;12;;;;;
672;24;1972;20588;11013;7994;1313;268;20393;10888;7951;1296;258;195;125;43;17;10;;;;;
673;24;1973;17996;9776;7022;1013;185;17827;9667;6979;1002;179;169;109;43;11;6;;;;;
674;24;1974;16635;9041;6608;833;153;16460;8927;6574;813;146;175;114;34;20;7;;;;;
675;24;1975;15588;8643;6025;784;136;15364;8511;5970;762;121;224;132;55;22;15;;;;;
676;24;1976;15521;8482;6145;773;121;15300;8349;6092;750;109;221;133;53;23;12;;;;;
677;24;1977;15026;8254;5830;806;136;14743;8072;5763;778;130;283;182;67;28;6;;;;;
678;24;1978;14800;8237;5569;849;145;14509;8040;5504;828;137;291;197;65;21;8;;;;;
679;24;1979;14650;8277;5340;882;151;14294;8048;5247;853;146;356;229;93;29;5;;;;;
680;24;1980;14712;8383;5246;912;171;14254;8082;5137;873;162;458;301;109;39;9;;;;;
681;24;1981;14030;8087;4892;881;170;13495;7712;4781;844;158;535;375;111;37;12;;;;;
682;24;1982;13390;7766;4624;825;175;12769;7322;4488;797;162;621;444;136;28;13;;;;;
683;24;1983;12664;7588;4145;788;143;11915;7073;3963;745;134;749;515;182;43;9;;;;;
684;24;1984;12557;7630;3937;826;164;11666;7028;3718;774;146;891;602;219;52;18;;;;;
685;24;1985;12158;7193;4014;761;190;11272;6582;3814;702;174;886;611;200;59;16;;;;;
686;24;1986;11958;7046;4006;759;147;10960;6368;3755;701;136;998;678;251;58;11;;;;;
687;24;1987;11144;6639;3640;717;148;10110;5955;3363;655;137;1034;684;277;62;11;;;;;
688;24;1988;10485;6321;3380;652;132;9347;5543;3103;585;116;1138;778;277;67;16;;;;;
689;24;1989;10124;6225;3109;656;134;8919;5403;2796;596;124;1205;822;313;60;10;;;;;
690;24;1990;9813;6142;2955;581;135;8579;5299;2649;512;119;1234;843;306;69;16;;;;;
691;24;1991;9091;5831;2593;553;114;7727;4882;2263;481;101;1364;949;330;72;13;;;;;
692;24;1992;8312;5217;2535;462;98;7013;4324;2206;399;84;1299;893;329;63;14;;;;;
693;24;1993;8027;4988;2424;517;98;6694;4061;2099;448;86;1333;927;325;69;12;;;;;
694;24;1994;7948;5009;2317;507;115;6391;3899;1958;430;104;1557;1110;359;77;11;;;;;
695;24;1995;7244;4566;2135;454;89;5661;3480;1726;384;71;1583;1086;409;70;18;48.0;46.0;2.0;0.0;0.0
696;24;1996;6609;4147;1986;404;72;5020;2991;1631;338;60;1589;1156;355;66;12;40.0;30.0;8.0;2.0;0.0
697;24;1997;6290;4028;1834;356;72;4538;2753;1427;295;63;1752;1275;407;61;9;39.0;33.0;4.0;2.0;0.0
698;24;1998;6097;3936;1728;375;58;4389;2683;1352;304;50;1708;1253;376;71;8;39.0;26.0;11.0;1.0;1.0
699;24;1999;5935;3854;1684;343;54;4097;2469;1311;274;43;1838;1385;373;69;11;40.0;33.0;4.0;1.0;2.0
700;24;2000;5949;3924;1639;322;64;3952;2462;1198;242;50;1997;1462;441;80;14;43.0;34.0;8.0;1.0;0.0
701;24;2001;5770;3794;1642;279;55;3713;2298;1188;194;33;2057;1496;454;85;22;46.0;33.0;9.0;3.0;1.0
702;24;2002;5953;3869;1711;330;43;3809;2330;1201;247;31;2144;1539;510;83;12;32.0;25.0;5.0;2.0;0.0
703;24;2003;6058;3961;1747;302;48;3780;2345;1206;202;27;2278;1616;541;100;21;36.0;19.0;15.0;2.0;0.0
704;24;2004;6055;4021;1666;312;56;3671;2299;1123;216;33;2384;1722;543;96;23;49.0;39.0;5.0;5.0;0.0
705;24;2005;5942;3904;1672;316;50;3466;2145;1083;206;32;2476;1759;589;110;18;31.0;22.0;6.0;3.0;0.0
706;24;2006;5892;3746;1787;302;57;3329;2011;1102;188;28;2563;1735;685;114;29;34.0;22.0;9.0;2.0;1.0
707;24;2007;5919;3888;1632;352;47;3186;2001;970;199;16;2733;1887;662;153;31;20.0;15.0;4.0;0.0;1.0
708;24;2008;6012;3899;1739;307;67;3081;1906;972;175;28;2931;1993;767;132;39;25.0;14.0;10.0;1.0;0.0
709;24;2009;6003;4010;1664;282;47;3009;1931;903;149;26;2994;2079;761;133;21;24.0;12.0;10.0;1.0;1.0
710;24;2010;6269;4186;1708;316;59;3251;2121;931;172;27;3018;2065;777;144;32;24.0;17.0;2.0;3.0;2.0
711;24;2011;6100;4148;1614;296;42;3046;2034;834;155;23;3054;2114;780;141;19;14.0;12.0;1.0;0.0;1.0
712;24;2012;6027;4135;1608;249;35;3020;2035;852;116;17;3007;2100;756;133;18;26.0;18.0;7.0;1.0;0.0
713;24;2013;5734;3952;1506;244;32;2868;1938;793;119;18;2866;2014;713;125;14;19.0;13.0;5.0;1.0;0.0
714;24;2014;5866;3988;1544;284;50;2865;1879;826;137;23;3001;2109;718;147;27;17.0;12.0;4.0;1.0;0.0
715;25;1950;12771;5691;4275;1874;931;12599;5578;4248;1855;918;172;113;27;19;13;;;;;
716;25;1951;12737;5934;4139;1792;872;12599;5840;4117;1777;865;138;94;22;15;7;;;;;
717;25;1952;13081;6356;4086;1732;907;12923;6241;4060;1723;899;158;115;26;9;8;;;;;
718;25;1953;13183;6375;4147;1713;948;13038;6273;4126;1702;937;145;102;21;11;11;;;;;
719;25;1954;13752;6664;4473;1709;906;13587;6544;4453;1697;893;165;120;20;12;13;;;;;
720;25;1955;13954;6959;4460;1673;862;13831;6875;4438;1665;853;123;84;22;8;9;;;;;
721;25;1956;14334;7169;4636;1647;882;14190;7074;4610;1636;870;144;95;26;11;12;;;;;
722;25;1957;14830;7495;4716;1690;929;14708;7415;4693;1679;921;122;80;23;11;8;;;;;
723;25;1958;14874;7583;4671;1698;922;14715;7494;4644;1679;898;159;89;27;19;24;;;;;
724;25;1959;15535;7674;5222;1764;875;15390;7585;5189;1748;868;145;89;33;16;7;;;;;
725;25;1960;15528;7504;5394;1781;849;15384;7419;5352;1769;844;144;85;42;12;5;;;;;
726;25;1961;16074;7537;5712;1868;957;15928;7445;5681;1854;948;146;92;31;14;9;;;;;
727;25;1962;16128;7600;5715;1934;879;15999;7517;5686;1924;872;129;83;29;10;7;;;;;
728;25;1963;16946;7812;6175;2012;947;16791;7715;6138;1999;939;155;97;37;13;8;;;;;
729;25;1964;17723;8226;6456;2112;929;17559;8118;6415;2103;923;164;108;41;9;6;;;;;
730;25;1965;17838;8448;6580;2003;807;17658;8330;6538;1991;799;180;118;42;12;8;;;;;
731;25;1966;17329;8218;6582;1858;671;17153;8103;6540;1847;663;176;115;42;11;8;;;;;
732;25;1967;17069;8134;6599;1759;577;16884;8010;6557;1747;570;185;124;42;12;7;;;;;
733;25;1968;18148;8442;7271;1860;575;17962;8316;7233;1846;567;186;126;38;14;8;;;;;
734;25;1969;20093;8937;8406;2145;605;19874;8806;8348;2125;595;219;131;58;20;10;;;;;
735;25;1970;19350;8323;8330;2136;561;19157;8196;8292;2119;550;193;127;38;17;11;;;;;
736;25;1971;20210;9060;8619;2047;484;20040;8957;8585;2025;473;170;103;34;22;11;;;;;
737;25;1972;23104;10824;9929;1932;419;22887;10689;9881;1912;405;217;135;48;20;14;;;;;
738;25;1973;20042;9585;8718;1420;319;19852;9481;8673;1392;306;190;104;45;28;13;;;;;
739;25;1974;18445;8879;8117;1233;216;18281;8782;8075;1214;210;164;97;42;19;6;;;;;
740;25;1975;17278;8527;7432;1082;237;17100;8432;7381;1061;226;178;95;51;21;11;;;;;
741;25;1976;16843;8211;7285;1138;209;16624;8087;7219;1123;195;219;124;66;15;14;;;;;
742;25;1977;16225;8007;6869;1124;225;15982;7881;6791;1097;213;243;126;78;27;12;;;;;
743;25;1978;16756;8301;7075;1152;228;16450;8128;6982;1123;217;306;173;93;29;11;;;;;
744;25;1979;16099;8215;6447;1192;245;15794;8030;6357;1168;239;305;185;90;24;6;;;;;
745;25;1980;16713;8763;6380;1310;260;16272;8479;6270;1269;254;441;284;110;41;6;;;;;
746;25;1981;16214;8468;6145;1353;248;15689;8138;6011;1302;238;525;330;134;51;10;;;;;
747;25;1982;15021;7883;5709;1173;256;14403;7494;5547;1117;245;618;389;162;56;11;;;;;
748;25;1983;14614;7837;5355;1177;245;13931;7392;5174;1127;238;683;445;181;50;7;;;;;
749;25;1984;14832;8199;5283;1092;258;14004;7653;5065;1046;240;828;546;218;46;18;;;;;
750;25;1985;14468;8048;5087;1095;238;13565;7442;4868;1027;228;903;606;219;68;10;;;;;
751;25;1986;14177;7760;5133;1052;232;13193;7128;4871;980;214;984;632;262;72;18;;;;;
752;25;1987;13692;7599;4794;1044;255;12645;6924;4514;974;233;1047;675;280;70;22;;;;;
753;25;1988;13122;7444;4442;972;264;11954;6692;4134;886;242;1168;752;308;86;22;;;;;
754;25;1989;12467;7135;4196;905;231;11286;6370;3860;844;212;1181;765;336;61;19;;;;;
755;25;1990;12456;7377;3941;909;229;11151;6484;3621;833;213;1305;893;320;76;16;;;;;
756;25;1991;11571;6877;3635;834;225;10233;5976;3300;757;200;1338;901;335;77;25;;;;;
757;25;1992;10608;6293;3425;728;162;9329;5455;3086;647;141;1279;838;339;81;21;;;;;
758;25;1993;10042;5991;3201;681;169;8601;5021;2824;606;150;1441;970;377;75;19;;;;;
759;25;1994;10076;6049;3121;735;171;8462;4966;2703;642;151;1614;1083;418;93;20;;;;;
760;25;1995;9490;5824;2902;641;123;7776;4622;2491;556;107;1714;1202;411;85;16;63.0;54.0;8.0;1.0;0.0
761;25;1996;8735;5384;2635;598;118;6933;4115;2201;517;100;1802;1269;434;81;18;64.0;54.0;9.0;1.0;0.0
762;25;1997;8477;5286;2468;592;131;6409;3805;1993;499;112;2068;1481;475;93;19;55.0;45.0;9.0;1.0;0.0
763;25;1998;8159;5092;2380;573;114;6167;3650;1937;482;98;1992;1442;443;91;16;65.0;52.0;8.0;5.0;0.0
764;25;1999;7889;5011;2303;472;103;5690;3434;1782;386;88;2199;1577;521;86;15;61.0;48.0;11.0;2.0;0.0
765;25;2000;7746;4966;2188;468;124;5424;3249;1689;391;95;2322;1717;499;77;29;58.0;42.0;14.0;2.0;0.0
766;25;2001;7278;4724;1989;460;105;4930;3008;1476;366;80;2348;1716;513;94;25;55.0;45.0;9.0;1.0;0.0
767;25;2002;7477;4823;2098;470;86;4933;2962;1545;360;66;2544;1861;553;110;20;51.0;37.0;10.0;4.0;0.0
768;25;2003;7544;4773;2179;505;87;4907;2940;1537;373;57;2637;1833;642;132;30;42.0;27.0;13.0;2.0;0.0
769;25;2004;7320;4727;2091;415;87;4639;2831;1461;296;51;2681;1896;630;119;36;42.0;26.0;11.0;4.0;1.0
770;25;2005;7207;4507;2129;479;92;4479;2619;1445;354;61;2728;1888;684;125;31;39.0;25.0;11.0;3.0;0.0
771;25;2006;7568;4701;2303;473;91;4498;2594;1538;311;55;3070;2107;765;162;36;43.0;38.0;4.0;1.0;0.0
772;25;2007;7394;4749;2106;440;99;4206;2523;1339;289;55;3188;2226;767;151;44;29.0;21.0;5.0;3.0;0.0
773;25;2008;7531;4719;2240;482;90;4174;2428;1400;302;44;3357;2291;840;180;46;45.0;29.0;15.0;0.0;1.0
774;25;2009;7727;4851;2303;487;86;4100;2431;1333;298;38;3627;2420;970;189;48;29.0;18.0;8.0;2.0;1.0
775;25;2010;7974;5024;2370;481;99;4423;2617;1463;287;56;3551;2407;907;194;43;31.0;19.0;8.0;2.0;2.0
776;25;2011;7746;4972;2265;426;83;4297;2684;1336;232;45;3449;2288;929;194;38;25.0;17.0;6.0;2.0;0.0
777;25;2012;7542;4885;2146;430;81;3953;2481;1188;248;36;3589;2404;958;182;45;22.0;18.0;3.0;1.0;0.0
778;25;2013;7469;4744;2203;434;88;3982;2428;1245;258;51;3487;2316;958;176;37;24.0;16.0;5.0;3.0;0.0
779;25;2014;7355;4781;2082;417;75;3807;2409;1151;205;42;3548;2372;931;212;33;26.0;15.0;8.0;2.0;1.0
780;26;1950;14464;5701;4970;2394;1399;14322;5604;4947;2380;1391;142;97;23;14;8;;;;;
781;26;1951;14110;5772;4659;2311;1368;13965;5679;4631;2297;1358;145;93;28;14;10;;;;;
782;26;1952;14251;6022;4681;2193;1355;14100;5935;4646;2173;1346;151;87;35;20;9;;;;;
783;26;1953;14142;5951;4757;2159;1275;14026;5878;4729;2152;1267;116;73;28;7;8;;;;;
784;26;1954;14559;6100;4837;2218;1404;14430;6016;4824;2200;1390;129;84;13;18;14;;;;;
785;26;1955;14856;6439;4927;2213;1277;14734;6373;4889;2205;1267;122;66;38;8;10;;;;;
786;26;1956;15205;6667;5186;2093;1259;15082;6584;5167;2085;1246;123;83;19;8;13;;;;;
787;26;1957;15974;7016;5397;2269;1292;15843;6930;5373;2259;1281;131;86;24;10;11;;;;;
788;26;1958;16229;6995;5792;2202;1240;16109;6922;5771;2188;1228;120;73;21;14;12;;;;;
789;26;1959;16401;6961;5879;2294;1267;16278;6892;5853;2283;1250;123;69;26;11;17;;;;;
790;26;1960;16196;6666;5986;2334;1210;16087;6603;5967;2320;1197;109;63;19;14;13;;;;;
791;26;1961;16729;6704;6268;2495;1262;16598;6621;6248;2474;1255;131;83;20;21;7;;;;;
792;26;1962;16980;6711;6584;2508;1177;16860;6641;6556;2499;1164;120;70;28;9;13;;;;;
793;26;1963;16972;6518;6675;2530;1249;16823;6433;6649;2510;1231;149;85;26;20;18;;;;;
794;26;1964;17428;6715;6885;2624;1204;17278;6623;6856;2608;1191;150;92;29;16;13;;;;;
795;26;1965;17609;6924;7100;2525;1060;17458;6833;7073;2505;1047;151;91;27;20;13;;;;;
796;26;1966;17486;6883;7281;2412;910;17307;6774;7247;2391;895;179;109;34;21;15;;;;;
797;26;1967;16986;6708;7223;2273;782;16823;6607;7193;2254;769;163;101;30;19;13;;;;;
798;26;1968;16969;6512;7446;2272;739;16788;6401;7415;2248;724;181;111;31;24;15;;;;;
799;26;1969;18500;6628;8405;2611;856;18326;6530;8373;2587;836;174;98;32;24;20;;;;;
800;26;1970;18839;6657;8706;2677;799;18677;6568;8675;2655;779;162;89;31;22;20;;;;;
801;26;1971;17988;6544;8327;2445;672;17843;6470;8286;2430;657;145;74;41;15;15;;;;;
802;26;1972;18926;7394;8777;2220;535;18785;7306;8750;2206;523;141;88;27;14;12;;;;;
803;26;1973;20825;8515;9892;1968;450;20669;8415;9862;1951;441;156;100;30;17;9;;;;;
804;26;1974;19246;7920;9259;1695;372;19059;7818;9208;1678;355;187;102;51;17;17;;;;;
805;26;1975;17714;7657;8248;1497;312;17564;7586;8205;1476;297;150;71;43;21;15;;;;;
806;26;1976;17356;7437;8081;1469;369;17158;7339;8027;1448;344;198;98;54;21;25;;;;;
807;26;1977;16663;7105;7754;1494;310;16449;6989;7693;1467;300;214;116;61;27;10;;;;;
808;26;1978;17100;7594;7627;1570;309;16799;7409;7561;1537;292;301;185;66;33;17;;;;;
809;26;1979;17000;7812;7259;1593;336;16650;7612;7168;1548;322;350;200;91;45;14;;;;;
810;26;1980;17273;7852;7274;1780;367;16858;7623;7146;1733;356;415;229;128;47;11;;;;;
811;26;1981;17165;7850;7079;1791;445;16635;7522;6937;1747;429;530;328;142;44;16;;;;;
812;26;1982;16116;7464;6582;1674;396;15523;7101;6427;1618;377;593;363;155;56;19;;;;;
813;26;1983;15621;7548;6177;1532;364;14920;7098;6001;1475;346;701;450;176;57;18;;;;;
814;26;1984;15906;7943;6113;1513;337;15140;7464;5918;1446;312;766;479;195;67;25;;;;;
815;26;1985;16177;8131;6162;1483;401;15256;7542;5933;1408;373;921;589;229;75;28;;;;;
816;26;1986;16173;8002;6257;1539;375;15199;7382;6005;1460;352;974;620;252;79;23;;;;;
817;26;1987;15716;7969;5952;1417;378;14685;7326;5680;1329;350;1031;643;272;88;28;;;;;
818;26;1988;15284;8112;5454;1364;354;14182;7406;5162;1283;331;1102;706;292;81;23;;;;;
819;26;1989;14746;7930;5190;1307;319;13566;7178;4890;1204;294;1180;752;300;103;25;;;;;
820;26;1990;14834;8183;5038;1294;319;13499;7352;4676;1187;284;1335;831;362;107;35;;;;;
821;26;1991;14337;8049;4791;1164;333;12974;7140;4467;1066;301;1363;909;324;98;32;;;;;
822;26;1992;13310;7479;4443;1099;289;11937;6595;4099;990;253;1373;884;344;109;36;;;;;
823;26;1993;12401;6985;4172;990;254;10951;6014;3810;902;225;1450;971;362;88;29;;;;;
824;26;1994;11843;6912;3735;911;285;10238;5866;3311;811;250;1605;1046;424;100;35;;;;;
825;26;1995;11782;6945;3672;904;261;10030;5782;3211;796;241;1752;1163;461;108;20;62.0;50.0;10.0;2.0;0.0
826;26;1996;11625;6880;3648;856;241;9611;5454;3173;758;226;2014;1426;475;98;15;74.0;58.0;13.0;1.0;2.0
827;26;1997;10736;6450;3325;777;184;8579;4981;2763;671;164;2157;1469;562;106;20;81.0;63.0;14.0;3.0;1.0
828;26;1998;10687;6608;3116;765;198;8337;4954;2566;650;167;2350;1654;550;115;31;58.0;37.0;15.0;4.0;2.0
829;26;1999;10201;6366;2925;748;162;7712;4596;2348;631;137;2489;1770;577;117;25;70.0;52.0;13.0;4.0;1.0
830;26;2000;9817;6012;2892;759;154;7211;4150;2309;627;125;2606;1862;583;132;29;48.0;34.0;12.0;2.0;0.0
831;26;2001;9301;5795;2735;613;158;6542;3844;2071;502;125;2759;1951;664;111;33;57.0;46.0;9.0;2.0;0.0
832;26;2002;9052;5584;2698;625;145;6282;3657;2016;491;118;2770;1927;682;134;27;55.0;39.0;12.0;4.0;0.0
833;26;2003;9101;5652;2714;608;127;6177;3626;1991;467;93;2924;2026;723;141;34;41.0;30.0;7.0;3.0;1.0
834;26;2004;9046;5565;2709;634;138;6014;3450;1981;480;103;3032;2115;728;154;35;37.0;25.0;9.0;3.0;0.0
835;26;2005;8862;5352;2765;626;119;5690;3160;1969;476;85;3172;2192;796;150;34;30.0;24.0;6.0;0.0;0.0
836;26;2006;9145;5536;2829;641;139;5762;3209;1973;482;98;3383;2327;856;159;41;42.0;29.0;8.0;5.0;0.0
837;26;2007;9127;5501;2846;651;129;5387;2952;1868;474;93;3740;2549;978;177;36;34.0;24.0;9.0;1.0;0.0
838;26;2008;9257;5529;2908;699;121;5456;2976;1919;484;77;3801;2553;989;215;44;25.0;17.0;7.0;0.0;1.0
839;26;2009;9189;5559;2846;656;128;5176;2941;1726;435;74;4013;2618;1120;221;54;30.0;17.0;10.0;2.0;1.0
840;26;2010;9476;5733;2942;645;156;5572;3200;1859;418;95;3904;2533;1083;227;61;29.0;22.0;6.0;1.0;0.0
841;26;2011;9380;5727;2899;628;126;5471;3144;1833;415;79;3909;2583;1066;213;47;30.0;18.0;10.0;1.0;1.0
842;26;2012;9731;5939;2958;684;150;5508;3188;1803;423;94;4223;2751;1155;261;56;22.0;15.0;6.0;1.0;0.0
843;26;2013;9113;5597;2796;585;135;5056;2943;1668;358;87;4057;2654;1128;227;48;18.0;15.0;3.0;0.0;0.0
844;26;2014;9033;5647;2700;571;115;4992;2919;1644;360;69;4041;2728;1056;211;46;19.0;17.0;2.0;0.0;0.0
845;27;1950;15197;5104;5183;2967;1943;15037;5009;5149;2952;1927;160;95;34;15;16;;;;;
846;27;1951;15052;5264;5040;2791;1957;14919;5189;5008;2778;1944;133;75;32;13;13;;;;;
847;27;1952;15291;5549;5036;2820;1886;15167;5472;5006;2813;1876;124;77;30;7;10;;;;;
848;27;1953;14437;5078;4976;2575;1808;14339;5015;4961;2566;1797;98;63;15;9;11;;;;;
849;27;1954;14800;5406;5110;2540;1744;14704;5354;5095;2523;1732;96;52;15;17;12;;;;;
850;27;1955;15013;5421;5211;2595;1786;14917;5368;5190;2586;1773;96;53;21;9;13;;;;;
851;27;1956;15399;5565;5373;2656;1805;15287;5509;5354;2639;1785;112;56;19;17;20;;;;;
852;27;1957;16133;6020;5705;2682;1726;16033;5966;5686;2667;1714;100;54;19;15;12;;;;;
853;27;1958;16662;6156;5950;2787;1769;16558;6105;5932;2768;1753;104;51;18;19;16;;;;;
854;27;1959;16751;6015;6159;2774;1803;16646;5962;6142;2760;1782;105;53;17;14;21;;;;;
855;27;1960;16330;5476;6297;2803;1754;16224;5421;6278;2790;1735;106;55;19;13;19;;;;;
856;27;1961;16575;5420;6470;2954;1731;16471;5372;6446;2940;1713;104;48;24;14;18;;;;;
857;27;1962;16457;5362;6322;3129;1644;16337;5306;6288;3118;1625;120;56;34;11;19;;;;;
858;27;1963;16512;5178;6486;3118;1730;16386;5118;6457;3103;1708;126;60;29;15;22;;;;;
859;27;1964;16635;5227;6550;3218;1640;16506;5159;6518;3206;1623;129;68;32;12;17;;;;;
860;27;1965;16463;5302;6655;3084;1422;16323;5231;6621;3068;1403;140;71;34;16;19;;;;;
861;27;1966;16395;5289;6882;2989;1235;16257;5219;6849;2975;1214;138;70;33;14;21;;;;;
862;27;1967;16473;5342;7093;2935;1103;16320;5264;7056;2918;1082;153;78;37;17;21;;;;;
863;27;1968;15964;5008;7106;2844;1006;15822;4936;7074;2825;987;142;72;32;19;19;;;;;
864;27;1969;16125;4795;7303;2973;1054;15985;4719;7279;2953;1034;140;76;24;20;20;;;;;
865;27;1970;16191;4553;7623;3016;999;16052;4495;7591;2987;979;139;58;32;29;20;;;;;
866;27;1971;16552;4871;7913;2892;876;16427;4824;7874;2873;856;125;47;39;19;20;;;;;
867;27;1972;15914;5068;7669;2452;725;15781;5007;7641;2431;702;133;61;28;21;23;;;;;
868;27;1973;16138;5532;7928;2132;546;16020;5474;7898;2114;534;118;58;30;18;12;;;;;
869;27;1974;18665;6588;9478;2111;488;18520;6512;9433;2096;479;145;76;45;15;9;;;;;
870;27;1975;17215;6235;8681;1847;452;17051;6156;8633;1829;433;164;79;48;18;19;;;;;
871;27;1976;16705;6287;8133;1883;402;16540;6200;8096;1861;383;165;87;37;22;19;;;;;
872;27;1977;16311;6028;8027;1822;434;16076;5896;7970;1792;418;235;132;57;30;16;;;;;
873;27;1978;16236;6126;7747;1929;434;15989;5990;7679;1900;420;247;136;68;29;14;;;;;
874;27;1979;16583;6568;7523;2041;451;16279;6394;7452;2001;432;304;174;71;40;19;;;;;
875;27;1980;17164;6933;7512;2203;516;16770;6711;7405;2158;496;394;222;107;45;20;;;;;
876;27;1981;16394;6653;7125;2094;522;15941;6379;7012;2047;503;453;274;113;47;19;;;;;
877;27;1982;16244;6519;7040;2152;533;15691;6206;6892;2076;517;553;313;148;76;16;;;;;
878;27;1983;15841;6802;6607;1954;478;15168;6385;6447;1883;453;673;417;160;71;25;;;;;
879;27;1984;16292;7261;6663;1893;475;15441;6767;6412;1809;453;851;494;251;84;22;;;;;
880;27;1985;16309;7359;6540;1898;512;15430;6835;6288;1817;490;879;524;252;81;22;;;;;
881;27;1986;17358;7887;7046;1905;520;16363;7275;6775;1820;493;995;612;271;85;27;;;;;
882;27;1987;17206;8021;6759;1910;516;16164;7421;6477;1795;471;1042;600;282;115;45;;;;;
883;27;1988;16591;8148;6124;1835;484;15441;7441;5813;1731;456;1150;707;311;104;28;;;;;
884;27;1989;16469;8053;6135;1804;477;15295;7382;5799;1671;443;1174;671;336;133;34;;;;;
885;27;1990;16754;8367;6175;1686;526;15386;7487;5834;1576;489;1368;880;341;110;37;;;;;
886;27;1991;16568;8792;5775;1566;435;15097;7868;5381;1453;395;1471;924;394;113;40;;;;;
887;27;1992;15617;8158;5571;1418;470;14196;7293;5163;1314;426;1421;865;408;104;44;;;;;
888;27;1993;14715;7899;5155;1278;383;13222;6949;4734;1188;351;1493;950;421;90;32;;;;;
889;27;1994;14316;7772;4923;1310;311;12630;6708;4460;1186;276;1686;1064;463;124;35;;;;;
890;27;1995;13643;7576;4594;1156;317;11841;6457;4100;1007;277;1802;1119;494;149;40;70.0;59.0;8.0;2.0;1.0
891;27;1996;13624;7785;4410;1088;341;11572;6414;3871;975;312;2052;1371;539;113;29;90.0;69.0;18.0;1.0;2.0
892;27;1997;13771;8123;4333;1043;272;11335;6476;3713;904;242;2436;1647;620;139;30;93.0;69.0;16.0;4.0;4.0
893;27;1998;13574;8140;4132;1030;272;10806;6234;3448;888;236;2768;1906;684;142;36;74.0;55.0;15.0;4.0;0.0
894;27;1999;12883;7674;3925;1009;275;10026;5686;3238;867;235;2857;1988;687;142;40;73.0;55.0;11.0;4.0;3.0
895;27;2000;12564;7508;3866;952;238;9552;5398;3148;812;194;3012;2110;718;140;44;82.0;63.0;13.0;6.0;0.0
896;27;2001;11603;6882;3654;840;227;8696;4890;2920;701;185;2907;1992;734;139;42;74.0;50.0;19.0;5.0;0.0
897;27;2002;11297;6669;3521;905;202;8083;4466;2721;727;169;3214;2203;800;178;33;53.0;35.0;9.0;5.0;4.0
898;27;2003;10903;6414;3463;823;203;7583;4140;2617;668;158;3320;2274;846;155;45;55.0;32.0;18.0;3.0;2.0
899;27;2004;10589;6238;3365;801;185;7269;3963;2505;650;151;3320;2275;860;151;34;45.0;39.0;3.0;2.0;1.0
900;27;2005;10526;6097;3426;816;187;6971;3726;2491;617;137;3555;2371;935;199;50;37.0;21.0;11.0;3.0;2.0
901;27;2006;10620;5977;3543;912;188;6797;3461;2507;688;141;3823;2516;1036;224;47;42.0;24.0;15.0;3.0;0.0
902;27;2007;10793;6158;3565;875;195;6614;3392;2436;638;148;4179;2766;1129;237;47;33.0;16.0;9.0;6.0;2.0
903;27;2008;11377;6594;3711;868;204;6740;3535;2435;633;137;4637;3059;1276;235;67;39.0;25.0;11.0;3.0;0.0
904;27;2009;11065;6433;3581;845;206;6437;3439;2266;598;134;4628;2994;1315;247;72;44.0;24.0;14.0;5.0;1.0
905;27;2010;11061;6358;3613;890;200;6696;3556;2371;626;143;4365;2802;1242;264;57;40.0;26.0;11.0;2.0;1.0
906;27;2011;10804;6161;3560;895;188;6514;3464;2340;603;107;4290;2697;1220;292;81;24.0;16.0;5.0;2.0;1.0
907;27;2012;10902;6259;3589;846;208;6452;3427;2300;587;138;4450;2832;1289;259;70;25.0;14.0;8.0;1.0;2.0
908;27;2013;10821;6256;3544;817;204;6250;3372;2204;549;125;4571;2884;1340;268;79;34.0;24.0;9.0;0.0;1.0
909;27;2014;11165;6499;3644;822;200;6379;3475;2269;514;121;4786;3024;1375;308;79;26.0;22.0;3.0;0.0;1.0
910;28;1950;15321;4434;5031;3217;2639;15193;4373;4996;3198;2626;128;61;35;19;13;;;;;
911;28;1951;15097;4390;4859;3193;2655;14987;4332;4841;3179;2635;110;58;18;14;20;;;;;
912;28;1952;15324;4596;4998;3084;2646;15222;4546;4978;3070;2628;102;50;20;14;18;;;;;
913;28;1953;14940;4367;5140;2945;2488;14850;4320;5120;2934;2476;90;47;20;11;12;;;;;
914;28;1954;14473;4352;4911;2903;2307;14380;4298;4898;2888;2296;93;54;13;15;11;;;;;
915;28;1955;14701;4414;5032;2945;2310;14617;4377;5015;2931;2294;84;37;17;14;16;;;;;
916;28;1956;15293;4712;5214;3006;2361;15200;4661;5194;2996;2349;93;51;20;10;12;;;;;
917;28;1957;15484;4668;5518;2949;2349;15392;4617;5500;2938;2337;92;51;18;11;12;;;;;
918;28;1958;16012;4946;5732;3140;2194;15928;4904;5719;3121;2184;84;42;13;19;10;;;;;
919;28;1959;16499;4712;6219;3260;2308;16395;4663;6198;3246;2288;104;49;21;14;20;;;;;
920;28;1960;16004;4460;6025;3275;2244;15899;4413;6007;3260;2219;105;47;18;15;25;;;;;
921;28;1961;16095;4314;6130;3395;2256;16000;4277;6113;3379;2231;95;37;17;16;25;;;;;
922;28;1962;15634;4067;5990;3372;2205;15546;4030;5968;3355;2193;88;37;22;17;12;;;;;
923;28;1963;15994;4109;6154;3441;2290;15889;4065;6138;3424;2262;105;44;16;17;28;;;;;
924;28;1964;15671;4057;6035;3443;2136;15565;4006;6017;3428;2114;106;51;18;15;22;;;;;
925;28;1965;15174;4066;6028;3245;1835;15073;4019;6011;3228;1815;101;47;17;17;20;;;;;
926;28;1966;14860;4025;6142;3112;1581;14733;3965;6120;3092;1556;127;60;22;20;25;;;;;
927;28;1967;14858;4065;6310;3062;1421;14721;3998;6287;3041;1395;137;67;23;21;26;;;;;
928;28;1968;14727;3890;6457;3051;1329;14610;3834;6439;3031;1306;117;56;18;20;23;;;;;
929;28;1969;15066;3746;6740;3246;1334;14918;3673;6715;3221;1309;148;73;25;25;25;;;;;
930;28;1970;14143;3325;6485;3094;1239;14015;3271;6464;3071;1209;128;54;21;23;30;;;;;
931;28;1971;13990;3478;6448;2974;1090;13886;3438;6419;2962;1067;104;40;29;12;23;;;;;
932;28;1972;14080;3670;6738;2730;942;13969;3621;6711;2710;927;111;49;27;20;15;;;;;
933;28;1973;12989;3606;6447;2238;698;12886;3559;6431;2219;677;103;47;16;19;21;;;;;
934;28;1974;13858;4092;7138;2052;576;13750;4046;7106;2039;559;108;46;32;13;17;;;;;
935;28;1975;16140;4911;8366;2278;585;15999;4852;8327;2258;562;141;59;39;20;23;;;;;
936;28;1976;15363;4823;7784;2172;584;15199;4755;7740;2143;561;164;68;44;29;23;;;;;
937;28;1977;15066;4769;7549;2233;515;14889;4679;7502;2208;500;177;90;47;25;15;;;;;
938;28;1978;15050;4935;7280;2256;579;14800;4807;7216;2220;557;250;128;64;36;22;;;;;
939;28;1979;14702;4889;6945;2284;584;14432;4730;6877;2253;572;270;159;68;31;12;;;;;
940;28;1980;15543;5242;7164;2521;616;15202;5062;7077;2470;593;341;180;87;51;23;;;;;
941;28;1981;15733;5442;7138;2517;636;15314;5191;7038;2469;616;419;251;100;48;20;;;;;
942;28;1982;15139;5375;6684;2383;697;14583;5029;6566;2315;673;556;346;118;68;24;;;;;
943;28;1983;15017;5539;6526;2271;681;14363;5169;6355;2185;654;654;370;171;86;27;;;;;
944;28;1984;15632;6142;6631;2183;676;14888;5710;6423;2110;645;744;432;208;73;31;;;;;
945;28;1985;16204;6544;6713;2304;643;15378;6064;6475;2230;609;826;480;238;74;34;;;;;
946;28;1986;17085;6929;7117;2355;684;16135;6385;6847;2264;639;950;544;270;91;45;;;;;
947;28;1987;17321;7385;7023;2245;668;16264;6729;6760;2139;636;1057;656;263;106;32;;;;;
948;28;1988;17348;7632;6827;2215;674;16201;6958;6508;2116;619;1147;674;319;99;55;;;;;
949;28;1989;17329;7768;6752;2159;650;16176;7119;6409;2037;611;1153;649;343;122;39;;;;;
950;28;1990;18035;8507;6785;2112;631;16708;7648;6446;2017;597;1327;859;339;95;34;;;;;
951;28;1991;17880;8633;6593;2033;621;16527;7829;6231;1895;572;1353;804;362;138;49;;;;;
952;28;1992;17217;8319;6418;1883;597;15752;7462;5998;1744;548;1465;857;420;139;49;;;;;
953;28;1993;16968;8349;6323;1750;546;15402;7406;5883;1608;505;1566;943;440;142;41;;;;;
954;28;1994;16529;8325;5926;1748;530;14896;7310;5482;1625;479;1633;1015;444;123;51;;;;;
955;28;1995;15405;8039;5533;1407;426;13583;6953;4983;1266;381;1822;1086;550;141;45;86.0;72.0;10.0;3.0;1.0
956;28;1996;15281;8157;5378;1332;414;13268;6813;4865;1212;378;2013;1344;513;120;36;90.0;71.0;12.0;5.0;2.0
957;28;1997;15737;8698;5224;1361;454;13255;7057;4595;1198;405;2482;1641;629;163;49;76.0;57.0;9.0;7.0;3.0
958;28;1998;16406;9415;5262;1277;452;13497;7413;4567;1109;408;2909;2002;695;168;44;106.0;77.0;20.0;9.0;0.0
959;28;1999;15805;8973;5156;1304;372;12621;6815;4365;1118;323;3184;2158;791;186;49;88.0;58.0;21.0;7.0;2.0
960;28;2000;15390;8775;4934;1322;359;11959;6485;4039;1133;302;3431;2290;895;189;57;85.0;59.0;19.0;5.0;2.0
961;28;2001;14281;8081;4647;1199;354;10835;5731;3802;998;304;3446;2350;845;201;50;79.0;54.0;16.0;8.0;1.0
962;28;2002;13214;7397;4362;1150;305;9697;5012;3464;962;259;3517;2385;898;188;46;69.0;50.0;15.0;2.0;2.0
963;28;2003;13104;7261;4401;1160;282;9431;4795;3430;972;234;3673;2466;971;188;48;54.0;36.0;13.0;4.0;1.0
964;28;2004;12309;6840;4172;1018;279;8570;4340;3164;838;228;3739;2500;1008;180;51;65.0;41.0;14.0;6.0;4.0
965;28;2005;12293;6750;4247;1022;274;8289;4165;3090;816;218;4004;2585;1157;206;56;60.0;39.0;17.0;4.0;0.0
966;28;2006;12195;6608;4269;1039;279;8049;3915;3097;817;220;4146;2693;1172;222;59;41.0;23.0;11.0;4.0;3.0
967;28;2007;11910;6477;4118;1046;269;7443;3625;2794;821;203;4467;2852;1324;225;66;44.0;22.0;16.0;4.0;2.0
968;28;2008;12529;6730;4440;1098;261;7684;3644;3019;824;197;4845;3086;1421;274;64;48.0;19.0;27.0;1.0;1.0
969;28;2009;13184;7205;4520;1170;289;7846;3855;2913;880;198;5338;3350;1607;290;91;33.0;17.0;12.0;3.0;1.0
970;28;2010;12655;6965;4353;1072;265;7866;3942;2933;796;195;4789;3023;1420;276;70;36.0;25.0;6.0;5.0;0.0
971;28;2011;12451;6729;4280;1134;308;7705;3784;2895;816;210;4746;2945;1385;318;98;39.0;26.0;10.0;3.0;0.0
972;28;2012;12464;6778;4323;1051;312;7580;3760;2865;747;208;4884;3018;1458;304;104;41.0;21.0;13.0;5.0;2.0
973;28;2013;12305;6704;4280;1039;282;7385;3660;2827;708;190;4920;3044;1453;331;92;28.0;17.0;6.0;5.0;0.0
974;28;2014;12866;6969;4420;1178;299;7523;3724;2831;768;200;5343;3245;1589;410;99;34.0;20.0;8.0;4.0;2.0
975;29;1950;15116;3495;4872;3337;3412;14989;3430;4853;3318;3388;127;65;19;19;24;;;;;
976;29;1951;14849;3567;4742;3255;3285;14740;3511;4718;3243;3268;109;56;24;12;17;;;;;
977;29;1952;14976;3718;4705;3221;3332;14879;3673;4683;3207;3316;97;45;22;14;16;;;;;
978;29;1953;14637;3638;4658;3185;3156;14545;3605;4634;3172;3134;92;33;24;13;22;;;;;
979;29;1954;14381;3465;4735;3158;3023;14288;3421;4708;3148;3011;93;44;27;10;12;;;;;
980;29;1955;14390;3659;4667;3153;2911;14307;3621;4646;3144;2896;83;38;21;9;15;;;;;
981;29;1956;14557;3578;4831;3158;2990;14483;3544;4816;3149;2974;74;34;15;9;16;;;;;
982;29;1957;14929;3739;5049;3243;2898;14843;3698;5031;3230;2884;86;41;18;13;14;;;;;
983;29;1958;14986;3807;5161;3217;2801;14894;3765;5141;3205;2783;92;42;20;12;18;;;;;
984;29;1959;15547;3718;5479;3439;2911;15442;3675;5461;3417;2889;105;43;18;22;22;;;;;
985;29;1960;15320;3583;5483;3511;2743;15232;3534;5472;3501;2725;88;49;11;10;18;;;;;
986;29;1961;15672;3472;5649;3637;2914;15585;3435;5630;3626;2894;87;37;19;11;20;;;;;
987;29;1962;14990;3238;5291;3640;2821;14882;3193;5269;3623;2797;108;45;22;17;24;;;;;
988;29;1963;14771;3138;5286;3564;2783;14670;3094;5269;3550;2757;101;44;17;14;26;;;;;
989;29;1964;14522;3108;5199;3599;2616;14426;3060;5181;3589;2596;96;48;18;10;20;;;;;
990;29;1965;13917;3109;5168;3397;2243;13808;3055;5148;3383;2222;109;54;20;14;21;;;;;
991;29;1966;13614;3085;5292;3293;1944;13491;3029;5269;3279;1914;123;56;23;14;30;;;;;
992;29;1967;12973;2978;5202;3121;1672;12858;2923;5181;3108;1646;115;55;21;13;26;;;;;
993;29;1968;12979;2873;5363;3161;1582;12862;2820;5342;3144;1556;117;53;21;17;26;;;;;
994;29;1969;13599;2781;5652;3496;1670;13471;2724;5631;3469;1647;128;57;21;27;23;;;;;
995;29;1970;12816;2588;5530;3289;1409;12695;2541;5506;3275;1373;121;47;24;14;36;;;;;
996;29;1971;11700;2337;5122;3031;1210;11601;2309;5098;3005;1189;99;28;24;26;21;;;;;
997;29;1972;11312;2489;5093;2708;1022;11224;2459;5073;2694;998;88;30;20;14;24;;;;;
998;29;1973;11047;2622;5278;2330;817;10958;2591;5257;2316;794;89;31;21;14;23;;;;;
999;29;1974;10486;2539;5211;2099;637;10375;2500;5181;2079;615;111;39;30;20;22;;;;;
1000;29;1975;11558;3089;5785;2044;640;11465;3048;5762;2026;629;93;41;23;18;11;;;;;
1001;29;1976;13930;3734;7065;2473;658;13760;3657;7028;2436;639;170;77;37;37;19;;;;;
1002;29;1977;13161;3576;6623;2308;654;12962;3489;6570;2279;624;199;87;53;29;30;;;;;
1003;29;1978;13140;3548;6532;2437;623;12947;3477;6478;2397;595;193;71;54;40;28;;;;;
1004;29;1979;13359;3902;6183;2520;754;13070;3764;6117;2465;724;289;138;66;55;30;;;;;
1005;29;1980;13529;3859;6171;2682;817;13187;3694;6083;2623;787;342;165;88;59;30;;;;;
1006;29;1981;13910;4236;6231;2689;754;13496;4003;6127;2634;732;414;233;104;55;22;;;;;
1007;29;1982;13418;4083;5987;2531;817;12911;3792;5864;2473;782;507;291;123;58;35;;;;;
1008;29;1983;13769;4582;5939;2438;810;13170;4220;5806;2370;774;599;362;133;68;36;;;;;
1009;29;1984;14206;5048;5846;2465;847;13518;4643;5664;2384;827;688;405;182;81;20;;;;;
1010;29;1985;14917;5273;6395;2490;759;14085;4814;6157;2392;722;832;459;238;98;37;;;;;
1011;29;1986;16041;5936;6662;2635;808;15109;5407;6414;2536;752;932;529;248;99;56;;;;;
1012;29;1987;16884;6458;6935;2660;831;15801;5813;6668;2539;781;1083;645;267;121;50;;;;;
1013;29;1988;16917;6638;6862;2587;830;15823;6010;6552;2477;784;1094;628;310;110;46;;;;;
1014;29;1989;17198;6835;6862;2627;874;16054;6176;6544;2510;824;1144;659;318;117;50;;;;;
1015;29;1990;18050;7581;7151;2505;813;16764;6804;6803;2384;773;1286;777;348;121;40;;;;;
1016;29;1991;18049;7768;7159;2367;755;16720;6993;6787;2227;713;1329;775;372;140;42;;;;;
1017;29;1992;17979;7972;7032;2234;741;16440;7038;6612;2102;688;1539;934;420;132;53;;;;;
1018;29;1993;18191;8357;7025;2120;689;16508;7345;6578;1961;624;1683;1012;447;159;65;;;;;
1019;29;1994;17701;8286;6703;2043;669;15907;7166;6231;1896;614;1794;1120;472;147;55;;;;;
1020;29;1995;17190;8260;6517;1838;575;15333;7155;5990;1674;514;1857;1105;527;164;61;104.0;82.0;19.0;1.0;2.0
1021;29;1996;16858;8408;6191;1741;518;14790;7068;5676;1588;458;2068;1340;515;153;60;91.0;58.0;26.0;4.0;3.0
1022;29;1997;17025;8821;6088;1605;511;14473;7125;5447;1444;457;2552;1696;641;161;54;103.0;74.0;18.0;5.0;6.0
1023;29;1998;18211;9638;6297;1738;538;15173;7599;5528;1561;485;3038;2039;769;177;53;109.0;75.0;23.0;7.0;4.0
1024;29;1999;18328;9915;6292;1625;496;14845;7551;5400;1457;437;3483;2364;892;168;59;98.0;65.0;23.0;6.0;4.0
1025;29;2000;18225;9714;6387;1606;518;14374;7170;5383;1387;434;3851;2544;1004;219;84;106.0;66.0;30.0;7.0;3.0
1026;29;2001;16872;8894;5959;1528;491;12813;6193;4923;1282;415;4059;2701;1036;246;76;88.0;51.0;22.0;11.0;4.0
1027;29;2002;16011;8369;5758;1463;421;11980;5727;4657;1242;354;4031;2642;1101;221;67;81.0;51.0;19.0;7.0;4.0
1028;29;2003;14911;7707;5382;1416;406;10930;5158;4274;1164;334;3981;2549;1108;252;72;77.0;47.0;21.0;4.0;5.0
1029;29;2004;14225;7388;5182;1262;393;10141;4756;4025;1036;324;4084;2632;1157;226;69;68.0;36.0;22.0;7.0;3.0
1030;29;2005;13606;7094;4902;1275;335;9400;4396;3698;1026;280;4206;2698;1204;249;55;66.0;48.0;16.0;2.0;0.0
1031;29;2006;13439;6847;4943;1302;347;8833;4009;3500;1046;278;4606;2838;1443;256;69;49.0;24.0;17.0;7.0;1.0
1032;29;2007;13203;6748;4772;1308;375;8455;3816;3306;1043;290;4748;2932;1466;265;85;50.0;29.0;16.0;3.0;2.0
1033;29;2008;13859;7035;5048;1414;362;8583;3794;3410;1091;288;5276;3241;1638;323;74;53.0;27.0;20.0;5.0;1.0
1034;29;2009;14137;7334;5061;1400;342;8587;3945;3290;1078;274;5550;3389;1771;322;68;41.0;22.0;8.0;8.0;3.0
1035;29;2010;14411;7435;5198;1402;376;9017;4180;3496;1061;280;5394;3255;1702;341;96;36.0;16.0;14.0;5.0;1.0
1036;29;2011;14008;7180;5117;1330;381;8689;4012;3400;984;293;5319;3168;1717;346;88;41.0;26.0;10.0;3.0;2.0
1037;29;2012;13407;6815;4840;1352;400;8169;3656;3228;1003;282;5238;3159;1612;349;118;42.0;25.0;9.0;7.0;1.0
1038;29;2013;13186;6703;4800;1322;361;7860;3537;3122;953;248;5326;3166;1678;369;113;44.0;29.0;9.0;5.0;1.0
1039;29;2014;13668;6902;5062;1303;401;8223;3718;3323;917;265;5445;3184;1739;386;136;37.0;22.0;8.0;6.0;1.0
1040;30;1950;14127;2770;4136;3301;3920;14029;2737;4116;3285;3891;98;33;20;16;29;;;;;
1041;30;1951;14356;2839;4133;3326;4058;14262;2803;4114;3308;4037;94;36;19;18;21;;;;;
1042;30;1952;14558;3053;4252;3344;3909;14473;3012;4235;3331;3895;85;41;17;13;14;;;;;
1043;30;1953;14467;2972;4289;3278;3928;14378;2929;4269;3269;3911;89;43;20;9;17;;;;;
1044;30;1954;13981;2829;4234;3191;3727;13921;2803;4220;3185;3713;60;26;14;6;14;;;;;
1045;30;1955;14127;3032;4253;3277;3565;14039;2992;4237;3263;3547;88;40;16;14;18;;;;;
1046;30;1956;13651;2849;4171;3204;3427;13560;2814;4150;3188;3408;91;35;21;16;19;;;;;
1047;30;1957;13717;2790;4339;3187;3401;13639;2760;4318;3180;3381;78;30;21;7;20;;;;;
1048;30;1958;13800;2825;4252;3209;3514;13723;2792;4238;3200;3493;77;33;14;9;21;;;;;
1049;30;1959;14247;2874;4651;3400;3322;14170;2847;4634;3392;3297;77;27;17;8;25;;;;;
1050;30;1960;14095;2606;4625;3451;3413;14004;2566;4603;3443;3392;91;40;22;8;21;;;;;
1051;30;1961;14533;2576;4858;3672;3427;14435;2530;4844;3657;3404;98;46;14;15;23;;;;;
1052;30;1962;14295;2463;4736;3699;3397;14213;2430;4718;3688;3377;82;33;18;11;20;;;;;
1053;30;1963;13855;2279;4687;3653;3236;13766;2240;4670;3638;3218;89;39;17;15;18;;;;;
1054;30;1964;13509;2230;4522;3669;3088;13410;2185;4508;3647;3070;99;45;14;22;18;;;;;
1055;30;1965;12599;2111;4358;3406;2724;12505;2073;4343;3388;2701;94;38;15;18;23;;;;;
1056;30;1966;11865;2060;4232;3222;2351;11773;2012;4214;3210;2337;92;48;18;12;14;;;;;
1057;30;1967;11539;2027;4289;3092;2131;11419;1975;4267;3067;2110;120;52;22;25;21;;;;;
1058;30;1968;11255;1984;4242;3080;1949;11163;1944;4223;3064;1932;92;40;19;16;17;;;;;
1059;30;1969;11802;2006;4444;3408;1944;11696;1967;4422;3385;1922;106;39;22;23;22;;;;;
1060;30;1970;11434;1825;4564;3325;1720;11341;1789;4544;3312;1696;93;36;20;13;24;;;;;
1061;30;1971;10205;1799;4058;2894;1454;10103;1761;4047;2875;1420;102;38;11;19;34;;;;;
1062;30;1972;9056;1704;3848;2445;1059;8980;1677;3828;2432;1043;76;27;20;13;16;;;;;
1063;30;1973;8522;1753;3657;2193;919;8450;1725;3641;2180;904;72;28;16;13;15;;;;;
1064;30;1974;8603;1913;3942;2005;743;8533;1881;3930;1992;730;70;32;12;13;13;;;;;
1065;30;1975;8505;1975;3992;1888;650;8397;1930;3968;1867;632;108;45;24;21;18;;;;;
1066;30;1976;9460;2202;4453;2040;765;9323;2146;4418;2015;744;137;56;35;25;21;;;;;
1067;30;1977;11585;2827;5584;2444;730;11404;2751;5538;2410;705;181;76;46;34;25;;;;;
1068;30;1978;11439;2749;5455;2483;752;11209;2648;5397;2435;729;230;101;58;48;23;;;;;
1069;30;1979;11135;2836;5157;2456;686;10914;2719;5114;2420;661;221;117;43;36;25;;;;;
1070;30;1980;11704;3033;5153;2625;893;11407;2886;5080;2574;867;297;147;73;51;26;;;;;
1071;30;1981;11474;2967;4991;2604;912;11088;2773;4872;2557;886;386;194;119;47;26;;;;;
1072;30;1982;11367;3068;4991;2430;878;10914;2816;4876;2379;843;453;252;115;51;35;;;;;
1073;30;1983;11726;3411;4992;2363;960;11096;3041;4844;2292;919;630;370;148;71;41;;;;;
1074;30;1984;12423;3878;5120;2509;916;11786;3514;4959;2441;872;637;364;161;68;44;;;;;
1075;30;1985;13308;4271;5501;2571;965;12548;3844;5290;2496;918;760;427;211;75;47;;;;;
1076;30;1986;14398;4764;5949;2717;968;13495;4282;5687;2605;921;903;482;262;112;47;;;;;
1077;30;1987;15049;5177;6259;2684;929;14044;4589;5994;2575;886;1005;588;265;109;43;;;;;
1078;30;1988;15529;5600;6261;2740;928;14432;4962;5958;2627;885;1097;638;303;113;43;;;;;
1079;30;1989;16158;5849;6618;2732;959;14955;5200;6279;2576;900;1203;649;339;156;59;;;;;
1080;30;1990;17142;6515;6779;2879;969;15810;5734;6421;2751;904;1332;781;358;128;65;;;;;
1081;30;1991;17388;6851;6902;2723;912;15998;6040;6539;2562;857;1390;811;363;161;55;;;;;
1082;30;1992;17582;6888;7136;2668;890;16081;6061;6670;2519;831;1501;827;466;149;59;;;;;
1083;30;1993;17682;7179;7194;2439;870;16170;6288;6770;2294;818;1512;891;424;145;52;;;;;
1084;30;1994;18255;7602;7330;2462;861;16412;6507;6844;2279;782;1843;1095;486;183;79;;;;;
1085;30;1995;17747;7636;7174;2173;764;15875;6480;6677;2015;703;1872;1156;497;158;61;98.0;68.0;21.0;5.0;4.0
1086;30;1996;17414;7783;6873;2092;666;15289;6461;6279;1948;601;2125;1322;594;144;65;92.0;68.0;15.0;8.0;1.0
1087;30;1997;17436;8182;6736;1913;605;15029;6617;6112;1754;546;2407;1565;624;159;59;115.0;74.0;32.0;7.0;2.0
1088;30;1998;18235;8983;6725;1861;666;15296;7065;5964;1680;587;2939;1918;761;181;79;90.0;56.0;21.0;11.0;2.0
1089;30;1999;18842;9188;7048;1948;658;15410;6962;6123;1736;589;3432;2226;925;212;69;81.0;47.0;23.0;9.0;2.0
1090;30;2000;19306;9427;7238;1992;649;15370;6838;6200;1765;567;3936;2589;1038;227;82;99.0;65.0;25.0;4.0;5.0
1091;30;2001;18533;9030;7035;1899;569;14339;6368;5806;1670;495;4194;2662;1229;229;74;89.0;59.0;19.0;7.0;4.0
1092;30;2002;17991;8689;7018;1732;552;13426;5827;5669;1469;461;4565;2862;1349;263;91;94.0;64.0;18.0;10.0;2.0
1093;30;2003;16849;8156;6516;1647;530;12434;5399;5168;1415;452;4415;2757;1348;232;78;88.0;56.0;21.0;8.0;3.0
1094;30;2004;15202;7361;5785;1596;460;10826;4623;4478;1329;396;4376;2738;1307;267;64;74.0;41.0;23.0;4.0;6.0
1095;30;2005;14769;7093;5614;1580;482;10248;4270;4255;1317;406;4521;2823;1359;263;76;76.0;34.0;25.0;10.0;7.0
1096;30;2006;14294;6801;5506;1534;453;9605;4005;3973;1272;355;4689;2796;1533;262;98;49.0;27.0;13.0;2.0;7.0
1097;30;2007;14040;6608;5461;1517;454;9046;3662;3819;1186;379;4994;2946;1642;331;75;44.0;22.0;12.0;9.0;1.0
1098;30;2008;14555;6881;5627;1609;438;9073;3676;3786;1271;340;5482;3205;1841;338;98;56.0;29.0;21.0;6.0;0.0
1099;30;2009;14621;7083;5523;1552;463;8859;3703;3601;1194;361;5762;3380;1922;358;102;43.0;25.0;13.0;5.0;0.0
1100;30;2010;14983;7157;5670;1649;507;9389;3933;3767;1288;401;5594;3224;1903;361;106;41.0;14.0;15.0;7.0;5.0
1101;30;2011;14976;7139;5715;1709;413;9293;3841;3800;1322;330;5683;3298;1915;387;83;48.0;22.0;13.0;12.0;1.0
1102;30;2012;14607;6824;5699;1634;450;9065;3656;3828;1242;339;5542;3168;1871;392;111;36.0;18.0;11.0;5.0;2.0
1103;30;2013;13877;6558;5305;1537;477;8492;3504;3464;1163;361;5385;3054;1841;374;116;32.0;15.0;9.0;7.0;1.0
1104;30;2014;14280;6684;5505;1626;465;8537;3495;3516;1186;340;5743;3189;1989;440;125;28.0;11.0;14.0;2.0;1.0
1105;31;1950;11705;1840;2979;2797;4089;11622;1802;2967;2785;4068;83;38;12;12;21;;;;;
1106;31;1951;13435;2228;3522;3172;4513;13341;2193;3502;3161;4485;94;35;20;11;28;;;;;
1107;31;1952;13701;2438;3567;3233;4463;13596;2399;3536;3219;4442;105;39;31;14;21;;;;;
1108;31;1953;13440;2229;3568;3217;4426;13362;2198;3551;3204;4409;78;31;17;13;17;;;;;
1109;31;1954;13497;2308;3668;3149;4372;13399;2267;3650;3133;4349;98;41;18;16;23;;;;;
1110;31;1955;13063;2220;3573;3122;4148;12995;2187;3562;3111;4135;68;33;11;11;13;;;;;
1111;31;1956;13172;2209;3707;3102;4154;13108;2179;3697;3093;4139;64;30;10;9;15;;;;;
1112;31;1957;12808;2189;3643;3106;3870;12737;2166;3627;3096;3848;71;23;16;10;22;;;;;
1113;31;1958;12987;2153;3900;3003;3931;12919;2117;3888;2999;3915;68;36;12;4;16;;;;;
1114;31;1959;13138;2129;3989;3125;3895;13070;2102;3976;3114;3878;68;27;13;11;17;;;;;
1115;31;1960;12804;1986;3794;3253;3771;12726;1948;3778;3247;3753;78;38;16;6;18;;;;;
1116;31;1961;13455;2003;3986;3620;3846;13395;1986;3977;3606;3826;60;17;9;14;20;;;;;
1117;31;1962;13079;1888;3901;3454;3836;12993;1859;3884;3438;3812;86;29;17;16;24;;;;;
1118;31;1963;12903;1770;3873;3559;3701;12819;1739;3857;3546;3677;84;31;16;13;24;;;;;
1119;31;1964;12355;1710;3654;3531;3460;12258;1674;3639;3512;3433;97;36;15;19;27;;;;;
1120;31;1965;11506;1632;3518;3298;3058;11408;1601;3500;3284;3023;98;31;18;14;35;;;;;
1121;31;1966;10672;1584;3373;3103;2612;10586;1547;3355;3094;2590;86;37;18;9;22;;;;;
1122;31;1967;10123;1529;3346;2923;2325;10040;1499;3330;2909;2302;83;30;16;14;23;;;;;
1123;31;1968;9592;1474;3211;2832;2075;9505;1442;3193;2820;2050;87;32;18;12;25;;;;;
1124;31;1969;10127;1480;3446;3073;2128;10039;1444;3431;3061;2103;88;36;15;12;25;;;;;
1125;31;1970;9561;1330;3317;3047;1867;9482;1301;3305;3037;1839;79;29;12;10;28;;;;;
1126;31;1971;8948;1379;3216;2737;1616;8875;1355;3205;2724;1591;73;24;11;13;25;;;;;
1127;31;1972;7900;1414;2993;2260;1233;7815;1377;2979;2242;1217;85;37;14;18;16;;;;;
1128;31;1973;6511;1202;2518;1841;950;6425;1168;2500;1824;933;86;34;18;17;17;;;;;
1129;31;1974;6567;1230;2794;1715;828;6485;1200;2771;1704;810;82;30;23;11;18;;;;;
1130;31;1975;6598;1413;2853;1600;732;6512;1378;2835;1583;716;86;35;18;17;16;;;;;
1131;31;1976;6890;1396;3000;1750;744;6784;1353;2978;1727;726;106;43;22;23;18;;;;;
1132;31;1977;7632;1599;3401;1875;757;7503;1542;3374;1855;732;129;57;27;20;25;;;;;
1133;31;1978;9381;1999;4193;2353;836;9205;1921;4157;2315;812;176;78;36;38;24;;;;;
1134;31;1979;9133;2028;3953;2289;863;8921;1916;3910;2252;843;212;112;43;37;20;;;;;
1135;31;1980;9488;2067;4044;2451;926;9230;1941;3980;2407;902;258;126;64;44;24;;;;;
1136;31;1981;9442;2087;3864;2494;997;9087;1898;3773;2450;966;355;189;91;44;31;;;;;
1137;31;1982;9078;2140;3663;2300;975;8689;1932;3563;2248;946;389;208;100;52;29;;;;;
1138;31;1983;9593;2397;3928;2305;963;9092;2112;3821;2236;923;501;285;107;69;40;;;;;
1139;31;1984;10107;2634;4101;2378;994;9524;2323;3932;2310;959;583;311;169;68;35;;;;;
1140;31;1985;10968;3089;4533;2321;1025;10243;2694;4325;2243;981;725;395;208;78;44;;;;;
1141;31;1986;11814;3459;4807;2549;999;10985;2998;4581;2462;944;829;461;226;87;55;;;;;
1142;31;1987;12942;3832;5314;2722;1074;11981;3298;5049;2613;1021;961;534;265;109;53;;;;;
1143;31;1988;13305;4197;5325;2659;1124;12305;3649;5051;2541;1064;1000;548;274;118;60;;;;;
1144;31;1989;13899;4373;5733;2763;1030;12791;3760;5419;2638;974;1108;613;314;125;56;;;;;
1145;31;1990;15490;5053;6277;3001;1159;14219;4360;5918;2838;1103;1271;693;359;163;56;;;;;
1146;31;1991;15571;5272;6339;2895;1065;14264;4557;5968;2746;993;1307;715;371;149;72;;;;;
1147;31;1992;16119;5544;6636;2861;1078;14723;4745;6221;2731;1026;1396;799;415;130;52;;;;;
1148;31;1993;16500;5927;6818;2743;1012;15019;5087;6395;2586;951;1481;840;423;157;61;;;;;
1149;31;1994;17080;6200;7114;2789;977;15346;5199;6629;2616;902;1734;1001;485;173;75;;;;;
1150;31;1995;16873;6391;7184;2483;815;14936;5324;6593;2275;744;1937;1067;591;208;71;66.0;38.0;16.0;7.0;5.0
1151;31;1996;16979;6622;7084;2416;857;14924;5384;6482;2262;796;2055;1238;602;154;61;108.0;56.0;35.0;12.0;5.0
1152;31;1997;17232;7178;6944;2310;800;14866;5703;6305;2124;734;2366;1475;639;186;66;96.0;59.0;25.0;9.0;3.0
1153;31;1998;17947;7731;7166;2264;786;15117;5954;6404;2046;713;2830;1777;762;218;73;89.0;54.0;24.0;8.0;3.0
1154;31;1999;17927;7559;7384;2242;742;14763;5580;6462;2050;671;3164;1979;922;192;71;106.0;62.0;31.0;9.0;4.0
1155;31;2000;19239;8171;7959;2341;768;15378;5817;6788;2087;686;3861;2354;1171;254;82;103.0;58.0;31.0;11.0;3.0
1156;31;2001;19028;8191;7848;2243;746;14772;5611;6546;1963;652;4256;2580;1302;280;94;97.0;49.0;35.0;8.0;5.0
1157;31;2002;18663;7888;7829;2212;734;14132;5225;6365;1912;630;4531;2663;1464;300;104;94.0;49.0;31.0;9.0;5.0
1158;31;2003;17922;7701;7458;2088;675;13033;4890;5794;1780;569;4889;2811;1664;308;106;75.0;44.0;21.0;10.0;0.0
1159;31;2004;16570;7255;6811;1939;565;11898;4488;5301;1628;481;4672;2767;1510;311;84;62.0;32.0;19.0;6.0;5.0
1160;31;2005;15237;6599;6170;1874;594;10485;3851;4595;1547;492;4752;2748;1575;327;102;64.0;32.0;15.0;14.0;3.0
1161;31;2006;14970;6329;6182;1880;579;10085;3592;4484;1519;490;4885;2737;1698;361;89;55.0;30.0;14.0;8.0;3.0
1162;31;2007;14046;6065;5730;1711;540;9117;3317;3951;1405;444;4929;2748;1779;306;96;49.0;23.0;19.0;3.0;4.0
1163;31;2008;14355;6076;5936;1835;508;8966;3174;3961;1416;415;5389;2902;1975;419;93;60.0;25.0;21.0;8.0;6.0
1164;31;2009;14725;6349;5980;1838;558;8950;3177;3896;1433;444;5775;3172;2084;405;114;47.0;15.0;20.0;11.0;1.0
1165;31;2010;14823;6424;5968;1887;544;9375;3453;4013;1459;450;5448;2971;1955;428;94;56.0;22.0;21.0;9.0;4.0
1166;31;2011;14844;6333;6054;1881;576;9287;3348;4023;1451;465;5557;2985;2031;430;111;56.0;25.0;26.0;5.0;0.0
1167;31;2012;14742;6319;6098;1774;551;9149;3353;4006;1355;435;5593;2966;2092;419;116;57.0;27.0;24.0;4.0;2.0
1168;31;2013;14185;5977;5910;1755;543;8744;3118;3885;1327;414;5441;2859;2025;428;129;37.0;13.0;13.0;7.0;4.0
1169;31;2014;14400;6197;5781;1810;612;8556;3109;3661;1321;465;5844;3088;2120;489;147;32.0;10.0;13.0;7.0;2.0
1170;32;1950;11194;1541;2573;2626;4454;11118;1509;2563;2613;4433;76;32;10;13;21;;;;;
1171;32;1951;10543;1418;2395;2455;4275;10487;1395;2387;2445;4260;56;23;8;10;15;;;;;
1172;32;1952;12529;1747;2891;2873;5018;12437;1711;2878;2860;4988;92;36;13;13;30;;;;;
1173;32;1953;12457;1687;3019;2963;4788;12369;1662;3000;2950;4757;88;25;19;13;31;;;;;
1174;32;1954;12443;1693;3128;2853;4769;12377;1670;3118;2840;4749;66;23;10;13;20;;;;;
1175;32;1955;12402;1746;3107;2865;4684;12323;1715;3093;2853;4662;79;31;14;12;22;;;;;
1176;32;1956;12426;1728;3139;2918;4641;12355;1702;3123;2906;4624;71;26;16;12;17;;;;;
1177;32;1957;12005;1672;3028;2864;4441;11936;1647;3019;2852;4418;69;25;9;12;23;;;;;
1178;32;1958;11674;1582;2939;2880;4273;11622;1559;2931;2872;4260;52;23;8;8;13;;;;;
1179;32;1959;11812;1612;3112;2836;4252;11737;1583;3094;2827;4233;75;29;18;9;19;;;;;
1180;32;1960;11490;1448;3044;3032;3966;11437;1428;3035;3026;3948;53;20;9;6;18;;;;;
1181;32;1961;11991;1450;3116;3202;4223;11913;1426;3105;3183;4199;78;24;11;19;24;;;;;
1182;32;1962;11602;1468;3005;3022;4107;11529;1449;2988;3013;4079;73;19;17;9;28;;;;;
1183;32;1963;11874;1387;3108;3228;4151;11807;1368;3096;3217;4126;67;19;12;11;25;;;;;
1184;32;1964;11407;1353;2942;3207;3905;11331;1330;2931;3192;3878;76;23;11;15;27;;;;;
1185;32;1965;10436;1282;2788;2950;3416;10343;1259;2774;2934;3376;93;23;14;16;40;;;;;
1186;32;1966;9433;1220;2621;2723;2869;9369;1199;2609;2715;2846;64;21;12;8;23;;;;;
1187;32;1967;8829;1171;2569;2543;2546;8752;1149;2556;2529;2518;77;22;13;14;28;;;;;
1188;32;1968;8357;1126;2464;2477;2290;8276;1101;2449;2466;2260;81;25;15;11;30;;;;;
1189;32;1969;8473;1050;2496;2624;2303;8387;1020;2482;2613;2272;86;30;14;11;31;;;;;
1190;32;1970;8252;1056;2532;2622;2042;8171;1030;2520;2605;2016;81;26;12;17;26;;;;;
1191;32;1971;7504;961;2370;2365;1808;7403;925;2348;2354;1776;101;36;22;11;32;;;;;
1192;32;1972;6554;996;2174;2015;1369;6475;966;2164;2000;1345;79;30;10;15;24;;;;;
1193;32;1973;5549;956;2008;1593;992;5475;928;1994;1583;970;74;28;14;10;22;;;;;
1194;32;1974;4964;851;1926;1396;791;4896;830;1910;1384;772;68;21;16;12;19;;;;;
1195;32;1975;4960;935;1946;1329;750;4860;912;1915;1302;731;100;23;31;27;19;;;;;
1196;32;1976;5311;987;2153;1417;754;5204;950;2131;1395;728;107;37;22;22;26;;;;;
1197;32;1977;5286;965;2127;1427;767;5180;926;2101;1403;750;106;39;26;24;17;;;;;
1198;32;1978;6118;1186;2536;1624;772;6003;1145;2514;1602;742;115;41;22;22;30;;;;;
1199;32;1979;7454;1496;3060;2017;881;7259;1410;3014;1984;851;195;86;46;33;30;;;;;
1200;32;1980;7596;1487;2955;2196;958;7352;1377;2891;2151;933;244;110;64;45;25;;;;;
1201;32;1981;7529;1515;2886;2099;1029;7260;1378;2823;2063;996;269;137;63;36;33;;;;;
1202;32;1982;7396;1548;2798;2081;969;7064;1390;2711;2036;927;332;158;87;45;42;;;;;
1203;32;1983;7548;1750;2898;1893;1007;7102;1511;2783;1832;976;446;239;115;61;31;;;;;
1204;32;1984;7921;1885;3041;1991;1004;7433;1636;2901;1926;970;488;249;140;65;34;;;;;
1205;32;1985;9073;2214;3549;2197;1113;8490;1907;3396;2126;1061;583;307;153;71;52;;;;;
1206;32;1986;9601;2397;3772;2330;1102;8927;2048;3576;2248;1055;674;349;196;82;47;;;;;
1207;32;1987;10382;2731;4182;2338;1131;9580;2295;3978;2227;1080;802;436;204;111;51;;;;;
1208;32;1988;10930;3044;4377;2380;1129;9977;2551;4103;2252;1071;953;493;274;128;58;;;;;
1209;32;1989;11617;3191;4741;2574;1111;10650;2699;4449;2463;1039;967;492;292;111;72;;;;;
1210;32;1990;12750;3715;5011;2827;1197;11600;3096;4679;2697;1128;1150;619;332;130;69;;;;;
1211;32;1991;13420;4038;5464;2780;1138;12162;3372;5087;2641;1062;1258;666;377;139;76;;;;;
1212;32;1992;13958;4130;5772;2830;1226;12647;3436;5370;2677;1164;1311;694;402;153;62;;;;;
1213;32;1993;14450;4523;6055;2780;1092;13068;3796;5624;2631;1017;1382;727;431;149;75;;;;;
1214;32;1994;14628;4663;6151;2801;1013;13118;3825;5704;2639;950;1510;838;447;162;63;;;;;
1215;32;1995;14944;4880;6484;2619;961;13134;3961;5881;2425;867;1810;919;603;194;94;73.0;48.0;20.0;3.0;2.0
1216;32;1996;15364;5289;6597;2590;888;13357;4155;5989;2404;809;2007;1134;608;186;79;68.0;43.0;13.0;10.0;2.0
1217;32;1997;15896;5735;6762;2473;926;13598;4425;6054;2280;839;2298;1310;708;193;87;91.0;54.0;21.0;12.0;4.0
1218;32;1998;16400;6001;7018;2502;879;13710;4417;6203;2298;792;2690;1584;815;204;87;111.0;57.0;34.0;15.0;5.0
1219;32;1999;16610;6100;7206;2476;828;13791;4478;6313;2237;763;2819;1622;893;239;65;93.0;43.0;37.0;6.0;7.0
1220;32;2000;17135;6398;7491;2392;854;13795;4499;6425;2122;749;3340;1899;1066;270;105;87.0;39.0;32.0;11.0;5.0
1221;32;2001;17510;6629;7673;2373;835;13642;4447;6362;2096;737;3868;2182;1311;277;98;103.0;45.0;38.0;10.0;10.0
1222;32;2002;18134;6712;8095;2513;814;13841;4385;6587;2159;710;4293;2327;1508;354;104;99.0;65.0;17.0;11.0;6.0
1223;32;2003;17480;6457;7823;2466;734;13029;4083;6179;2130;637;4451;2374;1644;336;97;96.0;49.0;27.0;16.0;4.0
1224;32;2004;17003;6449;7405;2391;758;12242;3894;5698;2013;637;4761;2555;1707;378;121;70.0;30.0;26.0;10.0;4.0
1225;32;2005;15372;5774;6768;2116;714;10737;3375;5004;1749;609;4635;2399;1764;367;105;62.0;28.0;24.0;10.0;0.0
1226;32;2006;14217;5229;6339;2016;633;9617;2966;4490;1641;520;4600;2263;1849;375;113;61.0;32.0;13.0;10.0;6.0
1227;32;2007;13985;5184;6160;2013;628;9222;2833;4251;1618;520;4763;2351;1909;395;108;57.0;28.0;19.0;7.0;3.0
1228;32;2008;13924;5202;6054;1984;684;8923;2714;4089;1563;557;5001;2488;1965;421;127;47.0;18.0;15.0;6.0;8.0
1229;32;2009;13913;5351;5946;2059;557;8483;2690;3780;1560;453;5430;2661;2166;499;104;28.0;9.0;13.0;6.0;0.0
1230;32;2010;13830;5347;5885;1992;606;8711;2767;3904;1547;493;5119;2580;1981;445;113;43.0;25.0;12.0;5.0;1.0
1231;32;2011;13862;5280;6082;1885;615;8603;2754;3966;1418;465;5259;2526;2116;467;150;55.0;26.0;16.0;9.0;4.0
1232;32;2012;13775;5186;5915;2058;616;8493;2680;3743;1572;498;5282;2506;2172;486;118;48.0;21.0;19.0;5.0;3.0
1233;32;2013;13680;5253;5940;1877;610;8296;2588;3809;1433;466;5384;2665;2131;444;144;41.0;23.0;13.0;5.0;0.0
1234;32;2014;13934;5242;5993;2034;665;8344;2564;3769;1494;517;5590;2678;2224;540;148;40.0;26.0;10.0;3.0;1.0
1235;33;1950;11002;1288;2253;2463;4998;10929;1264;2243;2450;4972;73;24;10;13;26;;;;;
1236;33;1951;10252;1098;2107;2385;4662;10176;1078;2087;2374;4637;76;20;20;11;25;;;;;
1237;33;1952;9872;1082;2053;2193;4544;9811;1061;2044;2186;4520;61;21;9;7;24;;;;;
1238;33;1953;11600;1292;2448;2583;5277;11522;1262;2438;2571;5251;78;30;10;12;26;;;;;
1239;33;1954;11537;1266;2539;2617;5115;11470;1245;2528;2609;5088;67;21;11;8;27;;;;;
1240;33;1955;11463;1319;2368;2658;5118;11408;1293;2361;2650;5104;55;26;7;8;14;;;;;
1241;33;1956;11467;1337;2572;2590;4968;11394;1310;2558;2578;4948;73;27;14;12;20;;;;;
1242;33;1957;10966;1251;2501;2547;4667;10907;1228;2496;2539;4644;59;23;5;8;23;;;;;
1243;33;1958;10900;1217;2481;2535;4667;10842;1198;2476;2524;4644;58;19;5;11;23;;;;;
1244;33;1959;10798;1169;2496;2615;4518;10742;1152;2491;2607;4492;56;17;5;8;26;;;;;
1245;33;1960;10396;1096;2253;2635;4412;10336;1070;2242;2627;4397;60;26;11;8;15;;;;;
1246;33;1961;10716;1063;2370;2846;4437;10663;1048;2362;2841;4412;53;15;8;5;25;;;;;
1247;33;1962;10542;1088;2426;2717;4311;10470;1058;2414;2712;4286;72;30;12;5;25;;;;;
1248;33;1963;10467;1020;2331;2822;4294;10390;991;2317;2817;4265;77;29;14;5;29;;;;;
1249;33;1964;10337;1028;2273;2889;4147;10265;999;2261;2882;4123;72;29;12;7;24;;;;;
1250;33;1965;9385;976;2152;2652;3605;9298;947;2136;2645;3570;87;29;16;7;35;;;;;
1251;33;1966;8576;952;2059;2488;3077;8504;921;2043;2485;3055;72;31;16;3;22;;;;;
1252;33;1967;7759;891;1964;2247;2657;7677;860;1947;2240;2630;82;31;17;7;27;;;;;
1253;33;1968;7397;858;1911;2211;2417;7345;840;1900;2207;2398;52;18;11;4;19;;;;;
1254;33;1969;7311;782;1876;2282;2371;7226;753;1861;2271;2341;85;29;15;11;30;;;;;
1255;33;1970;6920;731;1837;2230;2122;6842;710;1827;2219;2086;78;21;10;11;36;;;;;
1256;33;1971;6256;774;1779;1913;1790;6187;758;1765;1901;1763;69;16;14;12;27;;;;;
1257;33;1972;5467;687;1689;1627;1464;5403;668;1681;1615;1439;64;19;8;12;25;;;;;
1258;33;1973;4573;701;1525;1280;1067;4520;691;1512;1269;1048;53;10;13;11;19;;;;;
1259;33;1974;4100;659;1484;1158;799;4041;641;1474;1150;776;59;18;10;8;23;;;;;
1260;33;1975;3756;626;1346;1027;757;3693;607;1328;1018;740;63;19;18;9;17;;;;;
1261;33;1976;3854;631;1407;1084;732;3781;612;1392;1069;708;73;19;15;15;24;;;;;
1262;33;1977;4193;731;1545;1188;729;4105;701;1527;1164;713;88;30;18;24;16;;;;;
1263;33;1978;4275;733;1613;1215;714;4156;690;1577;1198;691;119;43;36;17;23;;;;;
1264;33;1979;4787;927;1778;1285;797;4669;882;1752;1263;772;118;45;26;22;25;;;;;
1265;33;1980;6110;1131;2264;1811;904;5913;1037;2220;1774;882;197;94;44;37;22;;;;;
1266;33;1981;6026;1064;2170;1815;977;5774;945;2102;1786;941;252;119;68;29;36;;;;;
1267;33;1982;5881;1100;2155;1619;1007;5604;964;2083;1585;972;277;136;72;34;35;;;;;
1268;33;1983;5923;1230;2044;1590;1059;5585;1060;1965;1534;1026;338;170;79;56;33;;;;;
1269;33;1984;6105;1290;2099;1708;1008;5661;1065;1984;1645;967;444;225;115;63;41;;;;;
1270;33;1985;6757;1561;2410;1811;975;6231;1302;2261;1735;933;526;259;149;76;42;;;;;
1271;33;1986;7667;1799;2857;1905;1106;7031;1473;2669;1834;1055;636;326;188;71;51;;;;;
1272;33;1987;8092;1987;3032;1984;1089;7392;1626;2832;1894;1040;700;361;200;90;49;;;;;
1273;33;1988;8697;2234;3294;2090;1079;7956;1847;3071;2009;1029;741;387;223;81;50;;;;;
1274;33;1989;9344;2351;3600;2287;1106;8498;1968;3324;2165;1041;846;383;276;122;65;;;;;
1275;33;1990;10458;2763;3983;2563;1149;9454;2247;3680;2436;1091;1004;516;303;127;58;;;;;
1276;33;1991;10888;2885;4351;2523;1129;9748;2327;3984;2377;1060;1140;558;367;146;69;;;;;
1277;33;1992;11651;3243;4499;2685;1224;10488;2671;4118;2544;1155;1163;572;381;141;69;;;;;
1278;33;1993;12326;3385;5040;2688;1213;10930;2707;4568;2515;1140;1396;678;472;173;73;;;;;
1279;33;1994;12597;3504;5208;2716;1169;11174;2767;4767;2552;1088;1423;737;441;164;81;;;;;
1280;33;1995;12676;3644;5448;2558;1026;11062;2870;4927;2337;928;1614;774;521;221;98;81.0;54.0;19.0;6.0;2.0
1281;33;1996;13062;3903;5527;2642;990;11316;2982;4970;2453;911;1746;921;557;189;79;78.0;40.0;22.0;8.0;8.0
1282;33;1997;13744;4354;5830;2565;995;11656;3212;5175;2345;924;2088;1142;655;220;71;84.0;45.0;19.0;17.0;3.0
1283;33;1998;14658;4729;6186;2733;1010;12205;3369;5411;2514;911;2453;1360;775;219;99;84.0;44.0;21.0;11.0;8.0
1284;33;1999;14519;4739;6331;2529;920;11925;3314;5486;2298;827;2594;1425;845;231;93;82.0;51.0;18.0;7.0;6.0
1285;33;2000;15068;4826;6686;2662;894;12089;3331;5608;2365;785;2979;1495;1078;297;109;79.0;35.0;24.0;16.0;4.0
1286;33;2001;15226;4901;6882;2504;939;11842;3153;5648;2201;840;3384;1748;1234;303;99;87.0;39.0;26.0;15.0;7.0
1287;33;2002;16018;5234;7134;2705;945;12204;3308;5716;2349;831;3814;1926;1418;356;114;96.0;54.0;28.0;9.0;5.0
1288;33;2003;16332;5454;7345;2648;885;12020;3278;5691;2272;779;4312;2176;1654;376;106;86.0;37.0;30.0;12.0;7.0
1289;33;2004;15699;5208;7087;2520;884;11224;3098;5271;2114;741;4475;2110;1816;406;143;81.0;43.0;27.0;8.0;3.0
1290;33;2005;14966;4938;6770;2485;773;10340;2765;4909;2016;650;4626;2173;1861;469;123;87.0;37.0;28.0;15.0;7.0
1291;33;2006;14001;4758;6163;2303;777;9328;2560;4259;1869;640;4673;2198;1904;434;137;65.0;26.0;21.0;11.0;7.0
1292;33;2007;12888;4366;5737;2030;755;8469;2317;3893;1625;634;4419;2049;1844;405;121;59.0;24.0;21.0;7.0;7.0
1293;33;2008;13088;4389;5778;2226;695;8400;2277;3800;1747;576;4688;2112;1978;479;119;46.0;18.0;18.0;7.0;3.0
1294;33;2009;12716;4359;5529;2122;706;7811;2091;3518;1617;585;4905;2268;2011;505;121;36.0;17.0;9.0;9.0;1.0
1295;33;2010;12595;4225;5578;2099;693;7881;2182;3555;1591;553;4714;2043;2023;508;140;42.0;17.0;16.0;4.0;5.0
1296;33;2011;12593;4275;5548;2079;691;7800;2169;3486;1590;555;4793;2106;2062;489;136;25.0;7.0;10.0;3.0;5.0
1297;33;2012;12012;4059;5387;1921;645;7347;2003;3357;1467;520;4665;2056;2030;454;125;31.0;15.0;5.0;9.0;2.0
1298;33;2013;12159;3998;5525;1940;696;7318;1952;3394;1431;541;4841;2046;2131;509;155;31.0;14.0;9.0;6.0;2.0
1299;33;2014;12941;4443;5755;2040;703;7654;2166;3469;1482;537;5287;2277;2286;558;166;35.0;17.0;9.0;6.0;3.0
1300;34;1950;10049;964;1830;2121;5134;9968;935;1813;2106;5114;81;29;17;15;20;;;;;
1301;34;1951;9695;959;1710;2034;4992;9639;942;1700;2023;4974;56;17;10;11;18;;;;;
1302;34;1952;9423;895;1712;2051;4765;9365;874;1701;2042;4748;58;21;11;9;17;;;;;
1303;34;1953;8915;834;1581;1926;4574;8868;824;1568;1919;4557;47;10;13;7;17;;;;;
1304;34;1954;10483;996;2002;2284;5201;10424;985;1990;2269;5180;59;11;12;15;21;;;;;
1305;34;1955;10503;959;2025;2280;5239;10443;942;2013;2274;5214;60;17;12;6;25;;;;;
1306;34;1956;10331;1022;1953;2261;5095;10281;1008;1948;2248;5077;50;14;5;13;18;;;;;
1307;34;1957;10170;997;1920;2301;4952;10109;978;1909;2289;4933;61;19;11;12;19;;;;;
1308;34;1958;10075;957;1995;2315;4808;10013;940;1984;2304;4785;62;17;11;11;23;;;;;
1309;34;1959;9811;982;2025;2250;4554;9741;965;2004;2242;4530;70;17;21;8;24;;;;;
1310;34;1960;9221;861;1808;2255;4297;9174;846;1799;2253;4276;47;15;9;2;21;;;;;
1311;34;1961;9482;882;1911;2292;4397;9406;858;1901;2279;4368;76;24;10;13;29;;;;;
1312;34;1962;9175;808;1783;2217;4367;9121;791;1778;2209;4343;54;17;5;8;24;;;;;
1313;34;1963;9171;785;1756;2281;4349;9114;764;1751;2271;4328;57;21;5;10;21;;;;;
1314;34;1964;9108;795;1710;2344;4259;9047;772;1706;2329;4240;61;23;4;15;19;;;;;
1315;34;1965;8413;768;1644;2196;3805;8350;748;1639;2183;3780;63;20;5;13;25;;;;;
1316;34;1966;7674;760;1573;2065;3276;7600;728;1564;2054;3254;74;32;9;11;22;;;;;
1317;34;1967;6973;713;1507;1885;2868;6903;689;1499;1869;2846;70;24;8;16;22;;;;;
1318;34;1968;6454;682;1424;1805;2543;6382;657;1416;1790;2519;72;25;8;15;24;;;;;
1319;34;1969;6290;630;1404;1843;2413;6218;603;1398;1825;2392;72;27;6;18;21;;;;;
1320;34;1970;6051;601;1352;1825;2273;5991;588;1342;1814;2247;60;13;10;11;26;;;;;
1321;34;1971;5168;572;1258;1539;1799;5109;560;1245;1527;1777;59;12;13;12;22;;;;;
1322;34;1972;4561;566;1265;1318;1412;4509;553;1260;1307;1389;52;13;5;11;23;;;;;
1323;34;1973;3830;543;1129;1089;1069;3771;528;1122;1072;1049;59;15;7;17;20;;;;;
1324;34;1974;3362;507;1087;930;838;3297;487;1078;913;819;65;20;9;17;19;;;;;
1325;34;1975;2976;463;1003;835;675;2917;446;990;823;658;59;17;13;12;17;;;;;
1326;34;1976;2875;439;979;793;664;2794;418;963;771;642;81;21;16;22;22;;;;;
1327;34;1977;2959;486;1028;771;674;2902;465;1015;759;663;57;21;13;12;11;;;;;
1328;34;1978;3302;582;1076;939;705;3207;547;1057;924;679;95;35;19;15;26;;;;;
1329;34;1979;3306;529;1103;955;719;3168;483;1064;932;689;138;46;39;23;30;;;;;
1330;34;1980;3995;708;1318;1174;795;3857;653;1289;1154;761;138;55;29;20;34;;;;;
1331;34;1981;4636;797;1547;1368;924;4417;709;1486;1336;886;219;88;61;32;38;;;;;
1332;34;1982;4478;757;1395;1364;962;4243;670;1332;1312;929;235;87;63;52;33;;;;;
1333;34;1983;4473;853;1513;1235;872;4150;723;1429;1163;835;323;130;84;72;37;;;;;
1334;34;1984;4745;949;1546;1296;954;4401;799;1447;1248;907;344;150;99;48;47;;;;;
1335;34;1985;5203;1076;1740;1424;963;4759;858;1618;1353;930;444;218;122;71;33;;;;;
1336;34;1986;5739;1305;1969;1481;984;5212;1050;1803;1422;937;527;255;166;59;47;;;;;
1337;34;1987;6335;1518;2162;1643;1012;5759;1255;1981;1558;965;576;263;181;85;47;;;;;
1338;34;1988;6709;1568;2395;1724;1022;6038;1266;2183;1615;974;671;302;212;109;48;;;;;
1339;34;1989;7282;1772;2546;1871;1093;6526;1415;2320;1756;1035;756;357;226;115;58;;;;;
1340;34;1990;7895;2052;2797;1995;1051;7017;1615;2526;1873;1003;878;437;271;122;48;;;;;
1341;34;1991;8822;2276;3245;2175;1126;7814;1816;2912;2036;1050;1008;460;333;139;76;;;;;
1342;34;1992;9259;2356;3476;2263;1164;8150;1857;3094;2118;1081;1109;499;382;145;83;;;;;
1343;34;1993;9819;2588;3876;2268;1087;8628;1999;3503;2112;1014;1191;589;373;156;73;;;;;
1344;34;1994;10032;2588;4019;2310;1115;8724;1944;3597;2154;1029;1308;644;422;156;86;;;;;
1345;34;1995;10273;2705;4194;2330;1044;8909;2121;3717;2119;952;1364;584;477;211;92;57.0;35.0;13.0;4.0;5.0
1346;34;1996;11002;3103;4558;2289;1052;9417;2321;4033;2091;972;1585;782;525;198;80;55.0;31.0;15.0;9.0;0.0
1347;34;1997;11301;3318;4581;2350;1052;9450;2389;3969;2143;949;1851;929;612;207;103;69.0;38.0;21.0;6.0;4.0
1348;34;1998;12144;3548;5059;2573;964;9957;2449;4292;2341;875;2187;1099;767;232;89;89.0;43.0;25.0;14.0;7.0
1349;34;1999;12489;3672;5324;2505;988;10043;2413;4488;2259;883;2446;1259;836;246;105;83.0;36.0;30.0;11.0;6.0
1350;34;2000;13171;3835;5694;2606;1036;10439;2497;4681;2345;916;2732;1338;1013;261;120;65.0;28.0;20.0;13.0;4.0
1351;34;2001;13021;3805;5756;2519;941;10001;2366;4643;2177;815;3020;1439;1113;342;126;74.0;25.0;28.0;15.0;6.0
1352;34;2002;13420;3852;6059;2579;930;10121;2361;4727;2215;818;3299;1491;1332;364;112;71.0;38.0;20.0;9.0;4.0
1353;34;2003;14114;4255;6236;2661;962;10389;2539;4740;2280;830;3725;1716;1496;381;132;74.0;22.0;32.0;13.0;7.0
1354;34;2004;14056;4255;6188;2695;918;10007;2434;4529;2251;793;4049;1821;1659;444;125;80.0;31.0;29.0;15.0;5.0
1355;34;2005;13299;3976;5947;2547;829;9157;2174;4212;2068;703;4142;1802;1735;479;126;59.0;26.0;18.0;11.0;4.0
1356;34;2006;13065;3856;5969;2353;887;8630;2040;4014;1842;734;4435;1816;1955;511;153;39.0;19.0;17.0;3.0;0.0
1357;34;2007;12083;3710;5294;2283;796;7788;1834;3510;1783;661;4295;1876;1784;500;135;49.0;18.0;14.0;13.0;4.0
1358;34;2008;11932;3563;5243;2348;778;7543;1732;3350;1818;643;4389;1831;1893;530;135;48.0;15.0;16.0;12.0;5.0
1359;34;2009;11603;3456;5112;2229;806;7110;1645;3143;1678;644;4493;1811;1969;551;162;38.0;17.0;8.0;9.0;4.0
1360;34;2010;11354;3559;4902;2194;699;7141;1772;3136;1655;578;4213;1787;1766;539;121;35.0;13.0;18.0;3.0;1.0
1361;34;2011;10916;3470;4752;2001;693;6728;1702;2984;1484;558;4188;1768;1768;517;135;37.0;15.0;10.0;7.0;5.0
1362;34;2012;10684;3374;4721;1938;651;6400;1628;2841;1417;514;4284;1746;1880;521;137;30.0;9.0;14.0;4.0;3.0
1363;34;2013;10430;3219;4589;1907;715;6287;1571;2801;1368;547;4143;1648;1788;539;168;29.0;12.0;9.0;3.0;5.0
1364;34;2014;10905;3373;4801;2007;724;6476;1613;2864;1426;573;4429;1760;1937;581;151;27.0;11.0;9.0;6.0;1.0
1365;35;1950;9860;842;1608;1906;5504;9816;828;1602;1899;5487;44;14;6;7;17;;;;;
1366;35;1951;9123;738;1405;1840;5140;9047;716;1388;1826;5117;76;22;17;14;23;;;;;
1367;35;1952;8937;766;1385;1765;5021;8884;750;1374;1759;5001;53;16;11;6;20;;;;;
1368;35;1953;8388;701;1335;1713;4639;8340;686;1326;1704;4624;48;15;9;9;15;;;;;
1369;35;1954;8000;661;1246;1583;4510;7946;647;1229;1578;4492;54;14;17;5;18;;;;;
1370;35;1955;9418;824;1522;1969;5103;9354;807;1509;1958;5080;64;17;13;11;23;;;;;
1371;35;1956;9475;772;1640;1865;5198;9411;751;1629;1857;5174;64;21;11;8;24;;;;;
1372;35;1957;9152;719;1524;1978;4931;9108;703;1520;1968;4917;44;16;4;10;14;;;;;
1373;35;1958;9239;788;1548;1925;4978;9173;768;1534;1913;4958;66;20;14;12;20;;;;;
1374;35;1959;9040;775;1518;1936;4811;8967;756;1505;1924;4782;73;19;13;12;29;;;;;
1375;35;1960;8717;694;1665;1902;4456;8658;677;1658;1891;4432;59;17;7;11;24;;;;;
1376;35;1961;8535;698;1482;1970;4385;8467;674;1474;1958;4361;68;24;8;12;24;;;;;
1377;35;1962;8108;654;1361;1903;4190;8037;640;1353;1889;4155;71;14;8;14;35;;;;;
1378;35;1963;8110;630;1401;1953;4126;8050;611;1394;1944;4101;60;19;7;9;25;;;;;
1379;35;1964;7849;629;1382;1928;3910;7785;608;1372;1920;3885;64;21;10;8;25;;;;;
1380;35;1965;7408;584;1350;1859;3615;7345;564;1340;1851;3590;63;20;10;8;25;;;;;
1381;35;1966;6796;581;1268;1766;3181;6735;558;1257;1759;3161;61;23;11;7;20;;;;;
1382;35;1967;6125;575;1146;1675;2729;6067;555;1136;1670;2706;58;20;10;5;23;;;;;
1383;35;1968;5521;519;1101;1454;2447;5461;501;1090;1447;2423;60;18;11;7;24;;;;;
1384;35;1969;5346;495;1069;1476;2306;5290;478;1055;1473;2284;56;17;14;3;22;;;;;
1385;35;1970;5007;476;1055;1409;2067;4928;456;1043;1394;2035;79;20;12;15;32;;;;;
1386;35;1971;4300;449;967;1169;1715;4235;432;954;1161;1688;65;17;13;8;27;;;;;
1387;35;1972;3593;405;835;1017;1336;3543;388;826;1010;1319;50;17;9;7;17;;;;;
1388;35;1973;3024;401;827;769;1027;2968;388;814;763;1003;56;13;13;6;24;;;;;
1389;35;1974;2567;364;743;752;708;2521;350;735;742;694;46;14;8;10;14;;;;;
1390;35;1975;2420;377;738;598;707;2377;369;730;589;689;43;8;8;9;18;;;;;
1391;35;1976;2279;375;692;624;588;2211;356;675;612;568;68;19;17;12;20;;;;;
1392;35;1977;2168;361;625;586;596;2111;348;616;569;578;57;13;9;17;18;;;;;
1393;35;1978;2349;357;708;685;599;2273;333;693;667;580;76;24;15;18;19;;;;;
1394;35;1979;2541;424;739;766;612;2447;393;723;740;591;94;31;16;26;21;;;;;
1395;35;1980;2665;424;816;745;680;2578;387;795;726;670;87;37;21;19;10;;;;;
1396;35;1981;3088;525;943;852;768;2934;474;910;810;740;154;51;33;42;28;;;;;
1397;35;1982;3569;637;1079;994;859;3360;543;1028;964;825;209;94;51;30;34;;;;;
1398;35;1983;3517;608;1067;971;871;3284;514;998;929;843;233;94;69;42;28;;;;;
1399;35;1984;3647;691;1107;1035;814;3360;553;1024;996;787;287;138;83;39;27;;;;;
1400;35;1985;3802;757;1213;994;838;3463;609;1108;939;807;339;148;105;55;31;;;;;
1401;35;1986;4253;881;1382;1100;890;3865;720;1254;1045;846;388;161;128;55;44;;;;;
1402;35;1987;4612;1006;1499;1171;936;4115;793;1327;1111;884;497;213;172;60;52;;;;;
1403;35;1988;5044;1203;1659;1216;966;4474;953;1495;1114;912;570;250;164;102;54;;;;;
1404;35;1989;5509;1332;1869;1303;1005;4855;1036;1659;1206;954;654;296;210;97;51;;;;;
1405;35;1990;6319;1560;2199;1535;1025;5485;1189;1917;1429;950;834;371;282;106;75;;;;;
1406;35;1991;6635;1615;2393;1577;1050;5813;1228;2140;1458;987;822;387;253;119;63;;;;;
1407;35;1992;7169;1817;2577;1784;991;6265;1401;2277;1661;926;904;416;300;123;65;;;;;
1408;35;1993;7519;1902;2768;1803;1046;6532;1453;2452;1645;982;987;449;316;158;64;;;;;
1409;35;1994;8058;1999;2986;1965;1108;6942;1494;2626;1802;1020;1116;505;360;163;88;;;;;
1410;35;1995;8111;2138;3170;1868;935;6923;1605;2772;1690;856;1188;533;398;178;79;61.0;39.0;8.0;8.0;6.0
1411;35;1996;8520;2292;3273;1992;963;7105;1620;2826;1796;863;1415;672;447;196;100;71.0;35.0;19.0;9.0;8.0
1412;35;1997;8984;2328;3529;2090;1037;7378;1622;2962;1875;919;1606;706;567;215;118;63.0;34.0;12.0;11.0;6.0
1413;35;1998;9671;2698;3872;2155;946;7825;1800;3226;1943;856;1846;898;646;212;90;52.0;27.0;16.0;8.0;1.0
1414;35;1999;10171;2763;4156;2232;1020;8104;1816;3420;1957;911;2067;947;736;275;109;72.0;37.0;22.0;8.0;5.0
1415;35;2000;10744;2962;4388;2374;1020;8308;1874;3476;2059;899;2436;1088;912;315;121;66.0;20.0;20.0;16.0;10.0
1416;35;2001;10692;2883;4561;2304;944;8168;1757;3605;1980;826;2524;1126;956;324;118;75.0;35.0;20.0;12.0;8.0
1417;35;2002;10856;3013;4599;2307;937;8115;1806;3525;1976;808;2741;1207;1074;331;129;60.0;27.0;16.0;12.0;5.0
1418;35;2003;11201;3087;4750;2396;968;8171;1766;3542;2013;850;3030;1321;1208;383;118;66.0;25.0;17.0;14.0;10.0
1419;35;2004;11311;3223;4763;2423;902;8065;1824;3452;2025;764;3246;1399;1311;398;138;59.0;27.0;14.0;13.0;5.0
1420;35;2005;11673;3423;4953;2342;955;7972;1839;3450;1870;813;3701;1584;1503;472;142;60.0;28.0;15.0;11.0;6.0
1421;35;2006;11086;3162;4764;2292;868;7348;1619;3173;1826;730;3738;1543;1591;466;138;55.0;14.0;24.0;14.0;3.0
1422;35;2007;10871;2974;4723;2297;877;7051;1490;3034;1801;726;3820;1484;1689;496;151;46.0;20.0;16.0;5.0;5.0
1423;35;2008;10577;2982;4533;2243;819;6540;1417;2794;1662;667;4037;1565;1739;581;152;57.0;16.0;17.0;17.0;7.0
1424;35;2009;9829;2811;4142;2113;763;5913;1273;2476;1565;599;3916;1538;1666;548;164;29.0;13.0;10.0;3.0;3.0
1425;35;2010;9913;2896;4162;2025;830;6205;1429;2600;1488;688;3708;1467;1562;537;142;31.0;12.0;9.0;6.0;4.0
1426;35;2011;9331;2687;3967;1958;719;5710;1280;2427;1430;573;3621;1407;1540;528;146;30.0;11.0;11.0;4.0;4.0
1427;35;2012;9015;2598;3860;1848;709;5458;1232;2322;1321;583;3557;1366;1538;527;126;21.0;7.0;9.0;4.0;1.0
1428;35;2013;9092;2651;3925;1840;676;5456;1275;2368;1291;522;3636;1376;1557;549;154;25.0;6.0;10.0;5.0;4.0
1429;35;2014;9103;2677;3909;1788;729;5350;1246;2272;1257;575;3753;1431;1637;531;154;27.0;8.0;12.0;5.0;2.0
1430;36;1950;9094;694;1280;1590;5530;9042;685;1269;1583;5505;52;9;11;7;25;;;;;
1431;36;1951;8710;621;1183;1607;5299;8675;607;1175;1604;5289;35;14;8;3;10;;;;;
1432;36;1952;8275;619;1074;1507;5075;8223;602;1066;1503;5052;52;17;8;4;23;;;;;
1433;36;1953;7969;584;1072;1449;4864;7905;559;1062;1440;4844;64;25;10;9;20;;;;;
1434;36;1954;7730;558;1031;1401;4740;7680;543;1022;1394;4721;50;15;9;7;19;;;;;
1435;36;1955;7281;493;952;1394;4442;7221;474;947;1384;4416;60;19;5;10;26;;;;;
1436;36;1956;8374;581;1135;1564;5094;8324;569;1130;1558;5067;50;12;5;6;27;;;;;
1437;36;1957;8253;610;1164;1589;4890;8205;597;1159;1584;4865;48;13;5;5;25;;;;;
1438;36;1958;8192;582;1215;1606;4789;8160;574;1210;1603;4773;32;8;5;3;16;;;;;
1439;36;1959;8226;626;1224;1663;4713;8162;603;1217;1653;4689;64;23;7;10;24;;;;;
1440;36;1960;7776;548;1158;1517;4553;7718;532;1147;1510;4529;58;16;11;7;24;;;;;
1441;36;1961;7811;588;1187;1614;4422;7767;574;1179;1612;4402;44;14;8;2;20;;;;;
1442;36;1962;7234;510;987;1553;4184;7183;493;980;1549;4161;51;17;7;4;23;;;;;
1443;36;1963;7094;478;1031;1548;4037;7028;458;1023;1539;4008;66;20;8;9;29;;;;;
1444;36;1964;6927;477;1031;1544;3875;6868;457;1022;1537;3852;59;20;9;7;23;;;;;
1445;36;1965;6389;433;989;1456;3511;6332;414;981;1448;3489;57;19;8;8;22;;;;;
1446;36;1966;5806;429;929;1377;3071;5750;407;920;1370;3053;56;22;9;7;18;;;;;
1447;36;1967;5394;441;875;1352;2726;5337;420;866;1346;2705;57;21;9;6;21;;;;;
1448;36;1968;5031;411;879;1216;2525;4968;395;867;1207;2499;63;16;12;9;26;;;;;
1449;36;1969;4816;378;893;1224;2321;4762;363;885;1212;2302;54;15;8;12;19;;;;;
1450;36;1970;4304;368;799;1119;2018;4257;359;792;1112;1994;47;9;7;7;24;;;;;
1451;36;1971;3603;333;734;961;1575;3555;317;729;948;1561;48;16;5;13;14;;;;;
1452;36;1972;2966;350;633;745;1238;2909;334;622;740;1213;57;16;11;5;25;;;;;
1453;36;1973;2387;322;558;588;919;2341;309;552;582;898;46;13;6;6;21;;;;;
1454;36;1974;2084;301;506;525;752;2047;289;501;520;737;37;12;5;5;15;;;;;
1455;36;1975;1864;321;480;457;606;1824;313;473;452;586;40;8;7;5;20;;;;;
1456;36;1976;1806;287;488;405;626;1758;275;478;400;605;48;12;10;5;21;;;;;
1457;36;1977;1712;266;443;458;545;1668;258;437;450;523;44;8;6;8;22;;;;;
1458;36;1978;1638;253;434;407;544;1572;231;424;393;524;66;22;10;14;20;;;;;
1459;36;1979;1766;275;476;456;559;1701;253;465;444;539;65;22;11;12;20;;;;;
1460;36;1980;2011;292;524;552;643;1917;267;498;534;618;94;25;26;18;25;;;;;
1461;36;1981;1974;285;547;514;628;1853;252;514;492;595;121;33;33;22;33;;;;;
1462;36;1982;2317;375;598;636;708;2170;309;575;607;679;147;66;23;29;29;;;;;
1463;36;1983;2599;429;732;705;733;2411;347;679;679;706;188;82;53;26;27;;;;;
1464;36;1984;2685;471;731;732;751;2460;377;673;691;719;225;94;58;41;32;;;;;
1465;36;1985;2808;486;811;756;755;2552;390;750;704;708;256;96;61;52;47;;;;;
1466;36;1986;3127;631;936;798;762;2796;489;842;742;723;331;142;94;56;39;;;;;
1467;36;1987;3359;734;980;813;832;2987;567;871;754;795;372;167;109;59;37;;;;;
1468;36;1988;3545;824;1103;824;794;3088;624;979;749;736;457;200;124;75;58;;;;;
1469;36;1989;3923;890;1298;913;822;3405;677;1122;836;770;518;213;176;77;52;;;;;
1470;36;1990;4408;1106;1394;1046;862;3857;858;1235;952;812;551;248;159;94;50;;;;;
1471;36;1991;4841;1179;1609;1179;874;4170;898;1389;1068;815;671;281;220;111;59;;;;;
1472;36;1992;5053;1179;1764;1184;926;4309;851;1539;1067;852;744;328;225;117;74;;;;;
1473;36;1993;5543;1351;1960;1323;909;4709;989;1670;1197;853;834;362;290;126;56;;;;;
1474;36;1994;5791;1391;2130;1337;933;4871;1018;1800;1209;844;920;373;330;128;89;;;;;
1475;36;1995;6053;1563;2316;1296;878;5105;1173;1975;1152;805;948;390;341;144;73;31.0;24.0;2.0;3.0;2.0
1476;36;1996;6169;1553;2282;1433;901;5062;1047;1907;1288;820;1107;506;375;145;81;34.0;23.0;8.0;0.0;3.0
1477;36;1997;6570;1722;2517;1469;862;5265;1147;2056;1296;766;1305;575;461;173;96;37.0;19.0;6.0;7.0;5.0
1478;36;1998;7215;1948;2713;1617;937;5745;1265;2224;1423;833;1470;683;489;194;104;52.0;24.0;15.0;10.0;3.0
1479;36;1999;7471;1965;2941;1656;909;5847;1241;2347;1462;797;1624;724;594;194;112;58.0;21.0;17.0;6.0;14.0
1480;36;2000;8079;2107;3230;1767;975;6171;1269;2517;1539;846;1908;838;713;228;129;51.0;19.0;17.0;9.0;6.0
1481;36;2001;8352;2149;3428;1818;957;6274;1301;2604;1537;832;2078;848;824;281;125;39.0;15.0;12.0;7.0;5.0
1482;36;2002;8209;2152;3305;1890;862;6005;1263;2440;1572;730;2204;889;865;318;132;50.0;28.0;12.0;8.0;2.0
1483;36;2003;8717;2259;3584;1999;875;6194;1254;2561;1653;726;2523;1005;1023;346;149;54.0;24.0;19.0;5.0;6.0
1484;36;2004;8749;2324;3615;1962;848;6115;1297;2541;1568;709;2634;1027;1074;394;139;51.0;19.0;14.0;12.0;6.0
1485;36;2005;8912;2400;3721;1972;819;5945;1221;2468;1565;691;2967;1179;1253;407;128;70.0;24.0;31.0;10.0;5.0
1486;36;2006;9160;2511;3809;1998;842;5952;1254;2462;1527;709;3208;1257;1347;471;133;29.0;8.0;10.0;6.0;5.0
1487;36;2007;8938;2418;3673;2029;818;5649;1154;2281;1535;679;3289;1264;1392;494;139;50.0;19.0;20.0;7.0;4.0
1488;36;2008;8845;2372;3652;1951;870;5511;1143;2238;1419;711;3334;1229;1414;532;159;37.0;11.0;16.0;9.0;1.0
1489;36;2009;8701;2428;3559;1910;804;5216;1090;2132;1341;653;3485;1338;1427;569;151;23.0;11.0;4.0;5.0;3.0
1490;36;2010;8135;2208;3331;1855;741;5034;1054;2037;1343;600;3101;1154;1294;512;141;29.0;8.0;8.0;3.0;10.0
1491;36;2011;7683;2215;3140;1602;726;4649;1028;1890;1157;574;3034;1187;1250;445;152;34.0;11.0;13.0;8.0;2.0
1492;36;2012;7284;2039;3016;1550;679;4328;923;1767;1105;533;2956;1116;1249;445;146;31.0;10.0;9.0;7.0;5.0
1493;36;2013;7109;2054;2949;1493;613;4223;957;1735;1037;494;2886;1097;1214;456;119;22.0;8.0;8.0;2.0;4.0
1494;36;2014;7560;2101;3122;1633;704;4373;921;1777;1127;548;3187;1180;1345;506;156;22.0;9.0;3.0;2.0;8.0
1495;37;1950;8186;505;1088;1377;5216;8134;497;1076;1366;5195;52;8;12;11;21;;;;;
1496;37;1951;7851;516;891;1323;5121;7805;499;886;1319;5101;46;17;5;4;20;;;;;
1497;37;1952;7695;542;885;1225;5043;7643;524;877;1220;5022;52;18;8;5;21;;;;;
1498;37;1953;7224;442;872;1219;4691;7182;431;867;1211;4673;42;11;5;8;18;;;;;
1499;37;1954;6934;421;878;1139;4496;6887;404;868;1133;4482;47;17;10;6;14;;;;;
1500;37;1955;6663;429;831;1134;4269;6629;420;823;1129;4257;34;9;8;5;12;;;;;
1501;37;1956;6265;380;730;1069;4086;6222;365;724;1062;4071;43;15;6;7;15;;;;;
1502;37;1957;7117;409;952;1250;4506;7063;394;946;1245;4478;54;15;6;5;28;;;;;
1503;37;1958;7122;480;895;1243;4504;7069;466;888;1239;4476;53;14;7;4;28;;;;;
1504;37;1959;7142;484;946;1235;4477;7090;463;944;1228;4455;52;21;2;7;22;;;;;
1505;37;1960;6999;399;1000;1299;4301;6951;392;984;1296;4279;48;7;16;3;22;;;;;
1506;37;1961;6809;434;922;1236;4217;6758;424;913;1230;4191;51;10;9;6;26;;;;;
1507;37;1962;6426;423;806;1318;3879;6370;409;802;1308;3851;56;14;4;10;28;;;;;
1508;37;1963;6137;384;813;1223;3717;6091;373;806;1215;3697;46;11;7;8;20;;;;;
1509;37;1964;5968;392;808;1219;3549;5920;381;799;1212;3528;48;11;9;7;21;;;;;
1510;37;1965;5539;366;781;1161;3231;5472;352;769;1150;3201;67;14;12;11;30;;;;;
1511;37;1966;4788;348;698;1049;2693;4740;337;688;1042;2673;48;11;10;7;20;;;;;
1512;37;1967;4602;374;677;1068;2483;4549;362;668;1061;2458;53;12;9;7;25;;;;;
1513;37;1968;4259;349;671;952;2287;4207;338;661;945;2263;52;11;10;7;24;;;;;
1514;37;1969;4092;351;676;923;2142;4025;332;668;912;2113;67;19;8;11;29;;;;;
1515;37;1970;3625;295;588;838;1904;3580;286;581;831;1882;45;9;7;7;22;;;;;
1516;37;1971;3043;273;545;716;1509;2975;256;534;703;1482;68;17;11;13;27;;;;;
1517;37;1972;2422;254;447;597;1124;2382;243;445;593;1101;40;11;2;4;23;;;;;
1518;37;1973;1986;242;416;425;903;1939;231;410;417;881;47;11;6;8;22;;;;;
1519;37;1974;1657;178;377;409;693;1608;170;369;401;668;49;8;8;8;25;;;;;
1520;37;1975;1518;197;376;381;564;1475;188;368;373;546;43;9;8;8;18;;;;;
1521;37;1976;1337;187;374;312;464;1287;178;366;302;441;50;9;8;10;23;;;;;
1522;37;1977;1394;227;339;300;528;1354;219;331;292;512;40;8;8;8;16;;;;;
1523;37;1978;1262;189;331;305;437;1219;178;324;294;423;43;11;7;11;14;;;;;
1524;37;1979;1262;214;334;279;435;1208;203;320;268;417;54;11;14;11;18;;;;;
1525;37;1980;1406;201;332;317;556;1325;178;315;301;531;81;23;17;16;25;;;;;
1526;37;1981;1460;197;373;335;555;1369;173;348;318;530;91;24;25;17;25;;;;;
1527;37;1982;1482;222;370;363;527;1390;193;347;346;504;92;29;23;17;23;;;;;
1528;37;1983;1644;287;397;426;534;1510;236;369;398;507;134;51;28;28;27;;;;;
1529;37;1984;2001;337;518;495;651;1827;266;479;465;617;174;71;39;30;34;;;;;
1530;37;1985;2092;361;573;520;638;1861;281;512;473;595;231;80;61;47;43;;;;;
1531;37;1986;2194;406;588;549;651;1975;313;533;507;622;219;93;55;42;29;;;;;
1532;37;1987;2406;470;671;583;682;2125;347;596;534;648;281;123;75;49;34;;;;;
1533;37;1988;2494;566;737;531;660;2145;413;625;478;629;349;153;112;53;31;;;;;
1534;37;1989;2807;632;891;571;713;2401;457;770;522;652;406;175;121;49;61;;;;;
1535;37;1990;3111;727;947;701;736;2655;530;802;636;687;456;197;145;65;49;;;;;
1536;37;1991;3389;797;1128;739;725;2859;577;951;654;677;530;220;177;85;48;;;;;
1537;37;1992;3659;843;1267;793;756;3116;628;1062;717;709;543;215;205;76;47;;;;;
1538;37;1993;3889;945;1325;891;728;3243;678;1116;775;674;646;267;209;116;54;;;;;
1539;37;1994;4068;1003;1474;856;735;3324;704;1211;736;673;744;299;263;120;62;;;;;
1540;37;1995;4283;978;1608;969;728;3539;698;1352;828;661;744;280;256;141;67;37.0;25.0;8.0;2.0;2.0
1541;37;1996;4592;1172;1665;1016;739;3730;797;1360;893;680;862;375;305;123;59;51.0;18.0;13.0;10.0;10.0
1542;37;1997;4784;1295;1683;1062;744;3776;838;1364;902;672;1008;457;319;160;72;34.0;18.0;4.0;7.0;5.0
1543;37;1998;5098;1285;1865;1187;761;4017;810;1500;1019;688;1081;475;365;168;73;34.0;15.0;5.0;7.0;7.0
1544;37;1999;5435;1417;2014;1210;794;4147;867;1558;1024;698;1288;550;456;186;96;38.0;21.0;10.0;5.0;2.0
1545;37;2000;5934;1493;2232;1369;840;4447;887;1688;1151;721;1487;606;544;218;119;49.0;18.0;9.0;12.0;10.0
1546;37;2001;6080;1545;2274;1440;821;4483;892;1673;1201;717;1597;653;601;239;104;48.0;19.0;10.0;10.0;9.0
1547;37;2002;6226;1555;2436;1409;826;4462;855;1789;1122;696;1764;700;647;287;130;53.0;30.0;11.0;9.0;3.0
1548;37;2003;6429;1625;2529;1484;791;4516;917;1750;1187;662;1913;708;779;297;129;47.0;17.0;13.0;5.0;12.0
1549;37;2004;6356;1630;2556;1418;752;4376;873;1737;1139;627;1980;757;819;279;125;46.0;15.0;15.0;10.0;6.0
1550;37;2005;6370;1697;2579;1394;700;4209;859;1705;1061;584;2161;838;874;333;116;49.0;28.0;8.0;5.0;8.0
1551;37;2006;6778;1748;2706;1511;813;4440;896;1693;1173;678;2338;852;1013;338;135;47.0;18.0;17.0;6.0;6.0
1552;37;2007;7160;1916;2879;1592;773;4458;883;1786;1149;640;2702;1033;1093;443;133;31.0;12.0;10.0;5.0;4.0
1553;37;2008;7020;1858;2886;1503;773;4253;876;1714;1054;609;2767;982;1172;449;164;21.0;6.0;8.0;5.0;2.0
1554;37;2009;6980;1895;2716;1586;783;3984;806;1527;1066;585;2996;1089;1189;520;198;31.0;10.0;11.0;7.0;3.0
1555;37;2010;6533;1754;2563;1498;718;3940;834;1436;1075;595;2593;920;1127;423;123;38.0;14.0;10.0;12.0;2.0
1556;37;2011;6166;1728;2372;1344;722;3706;800;1396;937;573;2460;928;976;407;149;22.0;9.0;8.0;3.0;2.0
1557;37;2012;5944;1628;2432;1199;685;3504;738;1401;826;539;2440;890;1031;373;146;19.0;5.0;7.0;4.0;3.0
1558;37;2013;5623;1620;2236;1186;581;3217;696;1255;826;440;2406;924;981;360;141;25.0;8.0;7.0;6.0;4.0
1559;37;2014;5853;1542;2444;1226;641;3331;657;1363;821;490;2522;885;1081;405;151;19.0;3.0;10.0;4.0;2.0
1560;38;1950;6898;455;801;1058;4584;6848;442;796;1052;4558;50;13;5;6;26;;;;;
1561;38;1951;7033;436;759;1035;4803;6975;422;751;1026;4776;58;14;8;9;27;;;;;
1562;38;1952;6912;392;792;1027;4701;6871;379;784;1023;4685;41;13;8;4;16;;;;;
1563;38;1953;6622;342;722;1022;4536;6587;333;719;1018;4517;35;9;3;4;19;;;;;
1564;38;1954;6101;321;646;943;4191;6065;313;641;936;4175;36;8;5;7;16;;;;;
1565;38;1955;5951;358;605;929;4059;5905;349;600;920;4036;46;9;5;9;23;;;;;
1566;38;1956;5699;292;617;864;3926;5663;285;611;854;3913;36;7;6;10;13;;;;;
1567;38;1957;5371;288;533;822;3728;5337;281;531;816;3709;34;7;2;6;19;;;;;
1568;38;1958;6165;349;631;976;4209;6124;339;624;971;4190;41;10;7;5;19;;;;;
1569;38;1959;6147;333;688;996;4130;6093;321;681;991;4100;54;12;7;5;30;;;;;
1570;38;1960;6029;382;702;979;3966;5988;371;692;978;3947;41;11;10;1;19;;;;;
1571;38;1961;5983;359;672;1012;3940;5925;348;665;1006;3906;58;11;7;6;34;;;;;
1572;38;1962;5581;323;632;924;3702;5548;318;627;916;3687;33;5;5;8;15;;;;;
1573;38;1963;5275;315;615;911;3434;5221;303;609;904;3405;54;12;6;7;29;;;;;
1574;38;1964;5045;319;611;889;3226;4990;307;602;883;3198;55;12;9;6;28;;;;;
1575;38;1965;4516;289;574;818;2835;4471;279;568;812;2812;45;10;6;6;23;;;;;
1576;38;1966;4043;287;539;769;2448;4008;278;533;765;2432;35;9;6;4;16;;;;;
1577;38;1967;3792;302;513;769;2208;3756;294;507;765;2190;36;8;6;4;18;;;;;
1578;38;1968;3442;280;499;677;1986;3398;270;491;671;1966;44;10;8;6;20;;;;;
1579;38;1969;3375;269;492;698;1916;3324;259;482;692;1891;51;10;10;6;25;;;;;
1580;38;1970;3099;257;506;682;1654;3046;244;500;676;1626;53;13;6;6;28;;;;;
1581;38;1971;2534;239;375;569;1351;2493;229;366;564;1334;41;10;9;5;17;;;;;
1582;38;1972;1958;205;320;426;1007;1921;199;315;420;987;37;6;5;6;20;;;;;
1583;38;1973;1712;188;354;366;804;1663;180;342;362;779;49;8;12;4;25;;;;;
1584;38;1974;1317;158;277;269;613;1282;148;272;258;604;35;10;5;11;9;;;;;
1585;38;1975;1141;142;277;247;475;1106;137;274;239;456;35;5;3;8;19;;;;;
1586;38;1976;1085;162;230;217;476;1039;148;227;207;457;46;14;3;10;19;;;;;
1587;38;1977;992;130;228;188;446;952;117;218;184;433;40;13;10;4;13;;;;;
1588;38;1978;1007;154;222;206;425;954;142;214;194;404;53;12;8;12;21;;;;;
1589;38;1979;962;143;234;190;395;921;132;225;181;383;41;11;9;9;12;;;;;
1590;38;1980;987;129;220;219;419;936;111;210;213;402;51;18;10;6;17;;;;;
1591;38;1981;986;147;201;201;437;924;133;189;185;417;62;14;12;16;20;;;;;
1592;38;1982;1123;135;246;261;481;1045;113;229;243;460;78;22;17;18;21;;;;;
1593;38;1983;1130;168;239;267;456;1043;140;221;250;432;87;28;18;17;24;;;;;
1594;38;1984;1326;214;323;307;482;1197;157;293;290;457;129;57;30;17;25;;;;;
1595;38;1985;1546;261;369;360;556;1386;205;321;339;521;160;56;48;21;35;;;;;
1596;38;1986;1594;299;409;353;533;1380;226;348;310;496;214;73;61;43;37;;;;;
1597;38;1987;1711;350;451;369;541;1488;272;387;326;503;223;78;64;43;38;;;;;
1598;38;1988;1853;389;487;377;600;1632;288;433;338;573;221;101;54;39;27;;;;;
1599;38;1989;1955;416;582;412;545;1644;299;483;356;506;311;117;99;56;39;;;;;
1600;38;1990;2176;475;684;456;561;1848;328;594;400;526;328;147;90;56;35;;;;;
1601;38;1991;2442;552;776;490;624;2038;376;650;434;578;404;176;126;56;46;;;;;
1602;38;1992;2619;624;816;557;622;2183;442;690;477;574;436;182;126;80;48;;;;;
1603;38;1993;2708;654;899;560;595;2256;482;752;487;535;452;172;147;73;60;;;;;
1604;38;1994;2816;645;955;593;623;2302;441;795;503;563;514;204;160;90;60;;;;;
1605;38;1995;3057;719;1102;665;571;2451;494;912;555;490;606;225;190;110;81;21.0;10.0;5.0;4.0;2.0
1606;38;1996;3101;741;1091;677;592;2449;488;881;562;518;652;253;210;115;74;41.0;16.0;12.0;7.0;6.0
1607;38;1997;3379;843;1248;678;610;2589;530;956;569;534;790;313;292;109;76;34.0;16.0;9.0;2.0;7.0
1608;38;1998;3582;901;1243;806;632;2663;506;928;671;558;919;395;315;135;74;24.0;8.0;5.0;6.0;5.0
1609;38;1999;3790;926;1372;863;629;2835;560;1040;711;524;955;366;332;152;105;37.0;12.0;14.0;2.0;9.0
1610;38;2000;4194;1027;1488;950;729;3088;586;1095;772;635;1106;441;393;178;94;25.0;9.0;11.0;2.0;3.0
1611;38;2001;4401;1092;1647;990;672;3145;597;1201;782;565;1256;495;446;208;107;35.0;12.0;9.0;7.0;7.0
1612;38;2002;4584;1085;1724;1088;687;3194;604;1205;833;552;1390;481;519;255;135;29.0;16.0;8.0;3.0;2.0
1613;38;2003;4612;1184;1736;1040;652;3220;649;1209;812;550;1392;535;527;228;102;41.0;12.0;13.0;8.0;8.0
1614;38;2004;4719;1259;1744;1040;676;3123;645;1116;797;565;1596;614;628;243;111;26.0;7.0;7.0;6.0;6.0
1615;38;2005;4661;1141;1849;1049;622;3029;555;1183;785;506;1632;586;666;264;116;27.0;10.0;9.0;2.0;6.0
1616;38;2006;4799;1244;1887;1011;657;3038;579;1199;740;520;1761;665;688;271;137;23.0;5.0;9.0;6.0;3.0
1617;38;2007;4990;1269;2018;1068;635;3062;580;1235;746;501;1928;689;783;322;134;33.0;10.0;9.0;11.0;3.0
1618;38;2008;5325;1339;2102;1169;715;3173;556;1258;788;571;2152;783;844;381;144;24.0;11.0;8.0;3.0;2.0
1619;38;2009;5384;1420;2038;1228;698;3097;607;1118;834;538;2287;813;920;394;160;29.0;10.0;7.0;6.0;6.0
1620;38;2010;5201;1432;1979;1155;635;3107;679;1138;796;494;2094;753;841;359;141;20.0;5.0;5.0;7.0;3.0
1621;38;2011;4879;1352;1890;1000;637;2853;605;1042;697;509;2026;747;848;303;128;22.0;12.0;3.0;3.0;4.0
1622;38;2012;4486;1250;1758;928;550;2552;569;982;584;417;1934;681;776;344;133;21.0;8.0;4.0;7.0;2.0
1623;38;2013;4314;1194;1723;864;533;2503;520;972;601;410;1811;674;751;263;123;19.0;5.0;4.0;7.0;3.0
1624;38;2014;4381;1199;1725;903;554;2428;520;913;588;407;1953;679;812;315;147;16.0;9.0;2.0;4.0;1.0
1625;39;1950;5890;334;662;841;4053;5854;324;659;838;4033;36;10;3;3;20;;;;;
1626;39;1951;5830;343;568;752;4167;5776;334;558;746;4138;54;9;10;6;29;;;;;
1627;39;1952;5924;329;550;761;4284;5880;315;543;757;4265;44;14;7;4;19;;;;;
1628;39;1953;5712;301;498;818;4095;5682;294;495;813;4080;30;7;3;5;15;;;;;
1629;39;1954;5671;258;501;822;4090;5639;252;496;819;4072;32;6;5;3;18;;;;;
1630;39;1955;5241;246;495;700;3800;5203;240;489;696;3778;38;6;6;4;22;;;;;
1631;39;1956;5054;249;447;677;3681;5029;246;443;671;3669;25;3;4;6;12;;;;;
1632;39;1957;4800;263;438;645;3454;4759;257;430;640;3432;41;6;8;5;22;;;;;
1633;39;1958;4443;226;408;605;3204;4413;216;404;602;3191;30;10;4;3;13;;;;;
1634;39;1959;5235;256;495;785;3699;5200;246;491;778;3685;35;10;4;7;14;;;;;
1635;39;1960;5038;237;547;764;3490;4991;227;542;756;3466;47;10;5;8;24;;;;;
1636;39;1961;5019;239;490;750;3540;4988;227;486;745;3530;31;12;4;5;10;;;;;
1637;39;1962;4814;271;442;755;3346;4764;263;435;744;3322;50;8;7;11;24;;;;;
1638;39;1963;4576;232;442;732;3170;4525;223;437;723;3142;51;9;5;9;28;;;;;
1639;39;1964;4249;229;425;697;2898;4206;221;419;690;2876;43;8;6;7;22;;;;;
1640;39;1965;3755;207;394;632;2522;3715;201;389;626;2499;40;6;5;6;23;;;;;
1641;39;1966;3405;213;377;604;2211;3353;205;369;597;2182;52;8;8;7;29;;;;;
1642;39;1967;3040;215;343;574;1908;3004;210;339;570;1885;36;5;4;4;23;;;;;
1643;39;1968;2783;201;341;507;1734;2754;198;337;503;1716;29;3;4;4;18;;;;;
1644;39;1969;2762;189;354;542;1677;2720;183;349;535;1653;42;6;5;7;24;;;;;
1645;39;1970;2434;189;337;475;1433;2389;182;333;468;1406;45;7;4;7;27;;;;;
1646;39;1971;2024;164;276;387;1197;1992;158;271;383;1180;32;6;5;4;17;;;;;
1647;39;1972;1682;171;275;317;919;1652;163;274;314;901;30;8;1;3;18;;;;;
1648;39;1973;1311;131;233;235;712;1279;123;228;228;700;32;8;5;7;12;;;;;
1649;39;1974;1031;113;182;214;522;1000;106;176;208;510;31;7;6;6;12;;;;;
1650;39;1975;899;114;182;167;436;875;110;178;163;424;24;4;4;4;12;;;;;
1651;39;1976;791;109;175;139;368;759;104;170;133;352;32;5;5;6;16;;;;;
1652;39;1977;752;105;157;142;348;730;101;154;137;338;22;4;3;5;10;;;;;
1653;39;1978;682;94;156;130;302;647;88;150;123;286;35;6;6;7;16;;;;;
1654;39;1979;790;102;141;174;373;755;99;133;167;356;35;3;8;7;17;;;;;
1655;39;1980;728;100;147;129;352;683;91;139;121;332;45;9;8;8;20;;;;;
1656;39;1981;777;103;139;148;387;724;83;131;140;370;53;20;8;8;17;;;;;
1657;39;1982;775;105;139;152;379;716;90;128;136;362;59;15;11;16;17;;;;;
1658;39;1983;796;113;161;168;354;729;88;147;159;335;67;25;14;9;19;;;;;
1659;39;1984;814;119;166;174;355;737;93;153;160;331;77;26;13;14;24;;;;;
1660;39;1985;960;147;173;222;418;868;126;152;200;390;92;21;21;22;28;;;;;
1661;39;1986;1201;238;254;254;455;1053;177;224;221;431;148;61;30;33;24;;;;;
1662;39;1987;1168;238;262;205;463;1026;188;227;176;435;142;50;35;29;28;;;;;
1663;39;1988;1216;258;299;235;424;1055;196;257;206;396;161;62;42;29;28;;;;;
1664;39;1989;1407;314;337;256;500;1192;226;282;219;465;215;88;55;37;35;;;;;
1665;39;1990;1450;312;440;264;434;1195;201;367;224;403;255;111;73;40;31;;;;;
1666;39;1991;1580;365;453;314;448;1312;259;373;270;410;268;106;80;44;38;;;;;
1667;39;1992;1817;404;542;359;512;1484;286;436;299;463;333;118;106;60;49;;;;;
1668;39;1993;1876;459;582;378;457;1535;326;473;313;423;341;133;109;65;34;;;;;
1669;39;1994;1917;475;591;377;474;1533;315;477;313;428;384;160;114;64;46;;;;;
1670;39;1995;1988;492;673;370;453;1551;326;524;307;394;437;166;149;63;59;15.0;8.0;5.0;0.0;2.0
1671;39;1996;2124;531;708;444;441;1649;345;552;373;379;475;186;156;71;62;20.0;10.0;6.0;3.0;1.0
1672;39;1997;2253;553;767;482;451;1682;336;581;388;377;571;217;186;94;74;26.0;11.0;3.0;10.0;2.0
1673;39;1998;2414;650;830;493;441;1768;370;616;408;374;646;280;214;85;67;20.0;5.0;7.0;3.0;5.0
1674;39;1999;2598;679;901;527;491;1892;360;685;425;422;706;319;216;102;69;24.0;11.0;4.0;2.0;7.0
1675;39;2000;2858;709;986;591;572;2058;383;727;469;479;800;326;259;122;93;35.0;12.0;11.0;4.0;8.0
1676;39;2001;2964;742;1071;614;537;2053;423;740;449;441;911;319;331;165;96;34.0;11.0;11.0;6.0;6.0
1677;39;2002;3116;779;1136;648;553;2115;412;762;485;456;1001;367;374;163;97;29.0;15.0;6.0;2.0;6.0
1678;39;2003;3316;818;1222;748;528;2229;449;806;554;420;1087;369;416;194;108;27.0;7.0;9.0;7.0;4.0
1679;39;2004;3306;827;1255;709;515;2215;429;835;532;419;1091;398;420;177;96;20.0;4.0;11.0;4.0;1.0
1680;39;2005;3326;841;1251;664;570;2142;420;796;472;454;1184;421;455;192;116;23.0;8.0;6.0;4.0;5.0
1681;39;2006;3413;867;1272;731;543;2110;412;769;503;426;1303;455;503;228;117;23.0;8.0;7.0;4.0;4.0
1682;39;2007;3419;829;1301;772;517;2044;376;749;509;410;1375;453;552;263;107;19.0;8.0;4.0;4.0;3.0
1683;39;2008;3717;969;1434;773;541;2176;419;836;516;405;1541;550;598;257;136;23.0;7.0;9.0;4.0;3.0
1684;39;2009;3882;998;1468;830;586;2182;419;782;543;438;1700;579;686;287;148;22.0;10.0;6.0;2.0;4.0
1685;39;2010;3918;1090;1424;856;548;2319;486;843;584;406;1599;604;581;272;142;20.0;5.0;8.0;4.0;3.0
1686;39;2011;3674;972;1340;799;563;2106;409;737;516;444;1568;563;603;283;119;16.0;4.0;4.0;3.0;5.0
1687;39;2012;3466;963;1338;712;453;1933;392;721;473;347;1533;571;617;239;106;17.0;6.0;7.0;3.0;1.0
1688;39;2013;3380;955;1343;654;428;1894;414;744;416;320;1486;541;599;238;108;14.0;6.0;5.0;3.0;0.0
1689;39;2014;3221;872;1188;672;489;1801;381;630;419;371;1420;491;558;253;118;9.0;3.0;3.0;2.0;1.0
1690;40;1950;5023;240;451;654;3678;4993;233;448;653;3659;30;7;3;1;19;;;;;
1691;40;1951;4793;238;433;609;3513;4762;233;431;601;3497;31;5;2;8;16;;;;;
1692;40;1952;4825;221;418;571;3615;4802;218;414;566;3604;23;3;4;5;11;;;;;
1693;40;1953;4825;214;408;592;3611;4799;208;404;589;3598;26;6;4;3;13;;;;;
1694;40;1954;4642;195;377;536;3534;4611;189;373;530;3519;31;6;4;6;15;;;;;
1695;40;1955;4425;211;328;550;3336;4393;204;324;547;3318;32;7;4;3;18;;;;;
1696;40;1956;4209;203;315;554;3137;4176;200;312;549;3115;33;3;3;5;22;;;;;
1697;40;1957;4029;168;318;495;3048;3992;160;308;491;3033;37;8;10;4;15;;;;;
1698;40;1958;3859;153;287;490;2929;3832;147;285;485;2915;27;6;2;5;14;;;;;
1699;40;1959;3598;163;284;470;2681;3566;155;281;461;2669;32;8;3;9;12;;;;;
1700;40;1960;4074;208;310;539;3017;4033;198;302;535;2998;41;10;8;4;19;;;;;
1701;40;1961;3972;165;357;519;2931;3932;156;348;516;2912;40;9;9;3;19;;;;;
1702;40;1962;3818;193;317;500;2808;3772;187;312;494;2779;46;6;5;6;29;;;;;
1703;40;1963;3691;183;323;492;2693;3657;177;320;486;2674;34;6;3;6;19;;;;;
1704;40;1964;3447;181;345;473;2448;3415;175;339;468;2433;32;6;6;5;15;;;;;
1705;40;1965;3020;162;285;452;2121;2998;158;282;449;2109;22;4;3;3;12;;;;;
1706;40;1966;2776;168;301;429;1878;2733;159;297;424;1853;43;9;4;5;25;;;;;
1707;40;1967;2539;149;284;414;1692;2486;137;276;409;1664;53;12;8;5;28;;;;;
1708;40;1968;2163;158;244;350;1411;2130;152;238;345;1395;33;6;6;5;16;;;;;
1709;40;1969;2057;143;242;362;1310;2023;138;239;354;1292;34;5;3;8;18;;;;;
1710;40;1970;1861;143;214;307;1197;1827;133;211;303;1180;34;10;3;4;17;;;;;
1711;40;1971;1650;124;202;320;1004;1616;119;199;315;983;34;5;3;5;21;;;;;
1712;40;1972;1251;115;195;237;704;1239;112;194;235;698;12;3;1;2;6;;;;;
1713;40;1973;980;106;141;166;567;959;104;139;163;553;21;2;2;3;14;;;;;
1714;40;1974;767;91;126;132;418;753;88;125;130;410;14;3;1;2;8;;;;;
1715;40;1975;644;75;124;101;344;622;72;120;98;332;22;3;4;3;12;;;;;
1716;40;1976;583;79;110;116;278;563;76;105;113;269;20;3;5;3;9;;;;;
1717;40;1977;577;59;101;90;327;549;57;98;85;309;28;2;3;5;18;;;;;
1718;40;1978;505;62;81;89;273;487;58;79;85;265;18;4;2;4;8;;;;;
1719;40;1979;482;66;86;78;252;458;60;83;75;240;24;6;3;3;12;;;;;
1720;40;1980;580;71;99;91;319;547;59;96;83;309;33;12;3;8;10;;;;;
1721;40;1981;502;53;96;94;259;467;45;91;87;244;35;8;5;7;15;;;;;
1722;40;1982;530;57;107;81;285;488;46;93;75;274;42;11;14;6;11;;;;;
1723;40;1983;486;63;75;89;259;444;53;71;78;242;42;10;4;11;17;;;;;
1724;40;1984;530;75;96;90;269;462;57;83;72;250;68;18;13;18;19;;;;;
1725;40;1985;565;71;102;135;257;494;50;90;115;239;71;21;12;20;18;;;;;
1726;40;1986;687;102;183;135;267;609;81;157;117;254;78;21;26;18;13;;;;;
1727;40;1987;808;174;180;141;313;690;130;146;122;292;118;44;34;19;21;;;;;
1728;40;1988;829;161;183;163;322;702;115;155;133;299;127;46;28;30;23;;;;;
1729;40;1989;877;181;192;157;347;739;125;157;131;326;138;56;35;26;21;;;;;
1730;40;1990;937;178;228;165;366;798;124;192;140;342;139;54;36;25;24;;;;;
1731;40;1991;1055;214;295;163;383;877;159;233;138;347;178;55;62;25;36;;;;;
1732;40;1992;1119;282;322;196;319;892;178;261;157;296;227;104;61;39;23;;;;;
1733;40;1993;1201;280;330;218;373;985;197;271;184;333;216;83;59;34;40;;;;;
1734;40;1994;1276;327;359;243;347;989;202;276;192;319;287;125;83;51;28;;;;;
1735;40;1995;1323;300;422;245;356;1012;188;319;187;318;311;112;103;58;38;6.0;3.0;2.0;0.0;1.0
1736;40;1996;1274;327;416;221;310;962;199;308;175;280;312;128;108;46;30;6.0;4.0;2.0;0.0;0.0
1737;40;1997;1446;337;440;343;326;1041;181;332;260;268;405;156;108;83;58;17.0;7.0;2.0;2.0;6.0
1738;40;1998;1601;433;534;292;342;1153;237;393;227;296;448;196;141;65;46;18.0;9.0;5.0;4.0;0.0
1739;40;1999;1767;487;560;339;381;1262;272;402;270;318;505;215;158;69;63;17.0;7.0;4.0;3.0;3.0
1740;40;2000;1871;454;646;373;398;1279;236;448;269;326;592;218;198;104;72;13.0;2.0;3.0;0.0;8.0
1741;40;2001;1859;496;631;354;378;1269;260;441;263;305;590;236;190;91;73;18.0;5.0;3.0;3.0;7.0
1742;40;2002;2033;519;722;397;395;1364;277;492;284;311;669;242;230;113;84;13.0;8.0;1.0;1.0;3.0
1743;40;2003;2012;536;667;409;400;1323;284;437;275;327;689;252;230;134;73;22.0;6.0;9.0;4.0;3.0
1744;40;2004;2225;567;796;454;408;1420;276;517;313;314;805;291;279;141;94;24.0;10.0;7.0;3.0;4.0
1745;40;2005;2247;593;779;445;430;1381;299;469;289;324;866;294;310;156;106;14.0;3.0;4.0;2.0;5.0
1746;40;2006;2163;575;749;451;388;1334;251;460;304;319;829;324;289;147;69;16.0;8.0;5.0;1.0;2.0
1747;40;2007;2259;598;805;427;429;1298;257;445;265;331;961;341;360;162;98;12.0;5.0;2.0;1.0;4.0
1748;40;2008;2326;580;848;485;413;1362;241;490;310;321;964;339;358;175;92;13.0;4.0;3.0;2.0;4.0
1749;40;2009;2495;698;871;512;414;1389;296;461;306;326;1106;402;410;206;88;13.0;4.0;2.0;3.0;4.0
1750;40;2010;2706;778;917;581;430;1570;358;500;377;335;1136;420;417;204;95;8.0;2.0;4.0;1.0;1.0
1751;40;2011;2628;740;976;510;402;1476;310;548;304;314;1152;430;428;206;88;14.0;6.0;3.0;1.0;4.0
1752;40;2012;2493;694;881;480;438;1434;282;522;295;335;1059;412;359;185;103;20.0;6.0;6.0;6.0;2.0
1753;40;2013;2267;687;769;448;363;1282;307;408;280;287;985;380;361;168;76;16.0;8.0;2.0;1.0;5.0
1754;40;2014;2337;655;821;478;383;1288;285;447;277;279;1049;370;374;201;104;8.0;6.0;1.0;0.0;1.0
1755;41;1950;4031;185;355;405;3086;4004;180;354;403;3067;27;5;1;2;19;;;;;
1756;41;1951;3808;159;304;435;2910;3782;152;302;430;2898;26;7;2;5;12;;;;;
1757;41;1952;3807;169;277;443;2918;3772;164;270;436;2902;35;5;7;7;16;;;;;
1758;41;1953;3727;146;303;410;2868;3696;142;293;407;2854;31;4;10;3;14;;;;;
1759;41;1954;3660;151;283;376;2850;3633;147;280;371;2835;27;4;3;5;15;;;;;
1760;41;1955;3590;130;239;360;2861;3567;124;236;357;2850;23;6;3;3;11;;;;;
1761;41;1956;3424;136;196;362;2730;3399;129;194;360;2716;25;7;2;2;14;;;;;
1762;41;1957;3247;115;244;360;2528;3228;111;238;358;2521;19;4;6;2;7;;;;;
1763;41;1958;2993;112;208;334;2339;2968;110;203;327;2328;25;2;5;7;11;;;;;
1764;41;1959;2971;122;201;381;2267;2960;120;200;378;2262;11;2;1;3;5;;;;;
1765;41;1960;2675;121;165;328;2061;2659;118;164;326;2051;16;3;1;2;10;;;;;
1766;41;1961;3139;136;229;359;2415;3107;131;228;355;2393;32;5;1;4;22;;;;;
1767;41;1962;3021;104;223;395;2299;2987;102;219;390;2276;34;2;4;5;23;;;;;
1768;41;1963;2899;127;209;358;2205;2863;119;207;352;2185;36;8;2;6;20;;;;;
1769;41;1964;2739;124;224;349;2042;2711;118;221;343;2029;28;6;3;6;13;;;;;
1770;41;1965;2408;115;187;332;1774;2381;107;185;327;1762;27;8;2;5;12;;;;;
1771;41;1966;2026;110;182;288;1446;1993;99;180;284;1430;33;11;2;4;16;;;;;
1772;41;1967;1894;99;175;284;1336;1868;89;173;281;1325;26;10;2;3;11;;;;;
1773;41;1968;1630;110;153;241;1126;1603;101;151;237;1114;27;9;2;4;12;;;;;
1774;41;1969;1592;110;131;248;1103;1559;101;127;246;1085;33;9;4;2;18;;;;;
1775;41;1970;1386;108;163;215;900;1361;97;163;212;889;25;11;0;3;11;;;;;
1776;41;1971;1207;96;133;195;783;1187;91;133;192;771;20;5;0;3;12;;;;;
1777;41;1972;979;85;137;167;590;954;82;136;166;570;25;3;1;1;20;;;;;
1778;41;1973;716;67;117;124;408;690;61;114;119;396;26;6;3;5;12;;;;;
1779;41;1974;611;72;80;98;361;590;65;77;98;350;21;7;3;0;11;;;;;
1780;41;1975;461;47;85;79;250;452;46;84;77;245;9;1;1;2;5;;;;;
1781;41;1976;478;67;74;77;260;459;62;71;76;250;19;5;3;1;10;;;;;
1782;41;1977;382;46;58;55;223;366;42;55;53;216;16;4;3;2;7;;;;;
1783;41;1978;356;58;43;42;213;342;55;43;42;202;14;3;0;0;11;;;;;
1784;41;1979;320;40;37;56;187;309;38;36;54;181;11;2;1;2;6;;;;;
1785;41;1980;340;28;59;56;197;315;24;54;50;187;25;4;5;6;10;;;;;
1786;41;1981;399;45;51;51;252;378;38;48;48;244;21;7;3;3;8;;;;;
1787;41;1982;394;47;64;51;232;360;41;53;48;218;34;6;11;3;14;;;;;
1788;41;1983;339;47;50;63;179;313;40;44;58;171;26;7;6;5;8;;;;;
1789;41;1984;381;61;49;64;207;351;54;40;59;198;30;7;9;5;9;;;;;
1790;41;1985;397;51;76;74;196;356;40;67;63;186;41;11;9;11;10;;;;;
1791;41;1986;392;65;55;61;211;342;45;47;51;199;50;20;8;10;12;;;;;
1792;41;1987;484;90;83;72;239;419;69;66;64;220;65;21;17;8;19;;;;;
1793;41;1988;479;85;97;85;212;409;53;85;71;200;70;32;12;14;12;;;;;
1794;41;1989;583;118;143;88;234;491;85;120;74;212;92;33;23;14;22;;;;;
1795;41;1990;558;109;145;90;214;472;78;122;76;196;86;31;23;14;18;;;;;
1796;41;1991;666;156;157;113;240;558;110;126;96;226;108;46;31;17;14;;;;;
1797;41;1992;645;132;170;119;224;523;84;138;95;206;122;48;32;24;18;;;;;
1798;41;1993;704;148;206;140;210;543;93;151;108;191;161;55;55;32;19;;;;;
1799;41;1994;740;152;229;132;227;583;95;183;102;203;157;57;46;30;24;;;;;
1800;41;1995;746;148;238;133;227;561;90;181;91;199;185;58;57;42;28;3.0;2.0;0.0;1.0;0.0
1801;41;1996;793;191;241;143;218;590;118;180;109;183;203;73;61;34;35;7.0;3.0;2.0;0.0;2.0
1802;41;1997;857;191;242;155;269;621;111;167;114;229;236;80;75;41;40;12.0;6.0;1.0;2.0;3.0
1803;41;1998;913;220;268;171;254;657;119;198;132;208;256;101;70;39;46;5.0;4.0;0.0;0.0;1.0
1804;41;1999;995;250;315;188;242;671;128;207;142;194;324;122;108;46;48;12.0;4.0;3.0;1.0;4.0
1805;41;2000;1059;241;351;196;271;712;127;234;130;221;347;114;117;66;50;9.0;6.0;1.0;1.0;1.0
1806;41;2001;1213;290;402;236;285;788;143;263;158;224;425;147;139;78;61;13.0;3.0;5.0;2.0;3.0
1807;41;2002;1167;310;381;229;247;757;147;255;158;197;410;163;126;71;50;9.0;6.0;1.0;1.0;1.0
1808;41;2003;1165;273;390;224;278;733;128;237;155;213;432;145;153;69;65;14.0;4.0;8.0;1.0;1.0
1809;41;2004;1334;367;414;262;291;839;188;250;159;242;495;179;164;103;49;8.0;2.0;1.0;0.0;5.0
1810;41;2005;1384;345;439;278;322;818;149;267;163;239;566;196;172;115;83;14.0;6.0;3.0;2.0;3.0
1811;41;2006;1393;351;444;260;338;848;170;255;155;268;545;181;189;105;70;7.0;2.0;0.0;2.0;3.0
1812;41;2007;1416;367;464;295;290;862;173;283;187;219;554;194;181;108;71;15.0;4.0;5.0;1.0;5.0
1813;41;2008;1407;384;466;278;279;783;160;246;180;197;624;224;220;98;82;14.0;5.0;3.0;2.0;4.0
1814;41;2009;1488;377;492;319;300;844;167;272;185;220;644;210;220;134;80;10.0;2.0;3.0;2.0;3.0
1815;41;2010;1569;429;536;277;327;887;180;301;164;242;682;249;235;113;85;10.0;2.0;2.0;3.0;3.0
1816;41;2011;1590;442;561;302;285;867;178;307;167;215;723;264;254;135;70;11.0;3.0;4.0;2.0;2.0
1817;41;2012;1532;445;522;297;268;840;188;272;179;201;692;257;250;118;67;9.0;2.0;1.0;4.0;2.0
1818;41;2013;1524;431;515;312;266;838;179;288;187;184;686;252;227;125;82;2.0;1.0;1.0;0.0;0.0
1819;41;2014;1569;453;497;309;310;843;192;223;181;247;726;261;274;128;63;12.0;5.0;4.0;1.0;2.0
1820;42;1950;3023;128;238;320;2337;3004;124;237;314;2329;19;4;1;6;8;;;;;
1821;42;1951;2867;120;182;265;2300;2845;112;182;263;2288;22;8;0;2;12;;;;;
1822;42;1952;2819;105;181;268;2265;2804;101;178;265;2260;15;4;3;3;5;;;;;
1823;42;1953;2737;137;168;257;2175;2716;128;166;256;2166;21;9;2;1;9;;;;;
1824;42;1954;2589;97;155;244;2093;2575;95;154;241;2085;14;2;1;3;8;;;;;
1825;42;1955;2633;96;160;283;2094;2613;91;156;281;2085;20;5;4;2;9;;;;;
1826;42;1956;2561;83;169;244;2065;2545;82;166;243;2054;16;1;3;1;11;;;;;
1827;42;1957;2464;90;136;226;2012;2455;89;132;226;2008;9;1;4;0;4;;;;;
1828;42;1958;2197;64;132;198;1803;2182;59;132;194;1797;15;5;0;4;6;;;;;
1829;42;1959;2305;83;150;228;1844;2284;79;148;223;1834;21;4;2;5;10;;;;;
1830;42;1960;2063;91;124;219;1629;2044;87;121;215;1621;19;4;3;4;8;;;;;
1831;42;1961;1960;61;130;175;1594;1936;59;127;170;1580;24;2;3;5;14;;;;;
1832;42;1962;2179;82;139;239;1719;2162;79;136;236;1711;17;3;3;3;8;;;;;
1833;42;1963;2113;80;134;227;1672;2091;78;132;223;1658;22;2;2;4;14;;;;;
1834;42;1964;1908;77;137;214;1480;1888;75;133;211;1469;20;2;4;3;11;;;;;
1835;42;1965;1837;78;125;230;1404;1815;75;121;225;1394;22;3;4;5;10;;;;;
1836;42;1966;1583;76;124;205;1178;1566;73;122;203;1168;17;3;2;2;10;;;;;
1837;42;1967;1348;63;111;185;989;1325;59;106;182;978;23;4;5;3;11;;;;;
1838;42;1968;1138;70;96;154;818;1123;68;93;151;811;15;2;3;3;7;;;;;
1839;42;1969;1140;61;101;154;824;1121;60;98;152;811;19;1;3;2;13;;;;;
1840;42;1970;1015;76;90;149;700;995;72;88;148;687;20;4;2;1;13;;;;;
1841;42;1971;837;72;90;113;562;821;71;89;110;551;16;1;1;3;11;;;;;
1842;42;1972;653;58;93;79;423;637;56;92;78;411;16;2;1;1;12;;;;;
1843;42;1973;529;60;61;68;340;512;56;60;68;328;17;4;1;0;12;;;;;
1844;42;1974;427;40;60;63;264;416;36;58;62;260;11;4;2;1;4;;;;;
1845;42;1975;366;23;56;41;246;354;22;55;38;239;12;1;1;3;7;;;;;
1846;42;1976;285;25;29;34;197;274;24;28;33;189;11;1;1;1;8;;;;;
1847;42;1977;248;33;43;33;139;233;31;41;30;131;15;2;2;3;8;;;;;
1848;42;1978;218;15;32;30;141;208;14;30;28;136;10;1;2;2;5;;;;;
1849;42;1979;220;25;23;30;142;205;22;22;28;133;15;3;1;2;9;;;;;
1850;42;1980;244;32;29;37;146;226;29;28;35;134;18;3;1;2;12;;;;;
1851;42;1981;256;22;42;31;161;245;20;38;29;158;11;2;4;2;3;;;;;
1852;42;1982;263;22;32;42;167;249;18;30;39;162;14;4;2;3;5;;;;;
1853;42;1983;220;20;26;38;136;207;17;25;34;131;13;3;1;4;5;;;;;
1854;42;1984;235;33;33;38;131;215;26;31;36;122;20;7;2;2;9;;;;;
1855;42;1985;234;35;31;22;146;205;28;23;20;134;29;7;8;2;12;;;;;
1856;42;1986;266;32;38;43;153;239;26;32;39;142;27;6;6;4;11;;;;;
1857;42;1987;250;32;35;34;149;218;19;29;25;145;32;13;6;9;4;;;;;
1858;42;1988;301;46;43;44;168;258;31;38;36;153;43;15;5;8;15;;;;;
1859;42;1989;340;70;66;54;150;286;48;51;45;142;54;22;15;9;8;;;;;
1860;42;1990;323;62;44;54;163;275;46;37;46;146;48;16;7;8;17;;;;;
1861;42;1991;328;70;70;54;134;270;49;53;45;123;58;21;17;9;11;;;;;
1862;42;1992;379;75;71;48;185;313;56;49;35;173;66;19;22;13;12;;;;;
1863;42;1993;407;86;99;77;145;315;54;72;56;133;92;32;27;21;12;;;;;
1864;42;1994;424;83;120;75;146;332;49;90;62;131;92;34;30;13;15;;;;;
1865;42;1995;401;94;101;70;136;319;69;81;51;118;82;25;20;19;18;4.0;1.0;1.0;0.0;2.0
1866;42;1996;473;100;132;90;151;351;62;97;62;130;122;38;35;28;21;3.0;2.0;0.0;1.0;0.0
1867;42;1997;474;107;133;84;150;350;70;95;57;128;124;37;38;27;22;10.0;6.0;2.0;1.0;1.0
1868;42;1998;523;141;147;79;156;366;72;102;62;130;157;69;45;17;26;7.0;1.0;5.0;0.0;1.0
1869;42;1999;536;122;155;106;153;364;66;98;78;122;172;56;57;28;31;7.0;4.0;1.0;1.0;1.0
1870;42;2000;611;129;175;115;192;403;59;113;78;153;208;70;62;37;39;12.0;6.0;3.0;0.0;3.0
1871;42;2001;651;157;199;125;170;431;81;122;86;142;220;76;77;39;28;5.0;2.0;1.0;0.0;2.0
1872;42;2002;641;155;185;107;194;390;72;107;65;146;251;83;78;42;48;6.0;2.0;1.0;1.0;2.0
1873;42;2003;701;154;209;142;196;460;75;139;88;158;241;79;70;54;38;8.0;0.0;3.0;2.0;3.0
1874;42;2004;703;162;219;142;180;429;76;131;82;140;274;86;88;60;40;6.0;2.0;1.0;2.0;1.0
1875;42;2005;705;176;202;135;192;455;92;121;90;152;250;84;81;45;40;4.0;1.0;2.0;1.0;0.0
1876;42;2006;731;188;237;111;195;443;89;145;67;142;288;99;92;44;53;11.0;6.0;2.0;1.0;2.0
1877;42;2007;778;181;239;146;212;442;71;132;84;155;336;110;107;62;57;6.0;3.0;0.0;2.0;1.0
1878;42;2008;822;205;253;164;200;479;92;137;99;151;343;113;116;65;49;9.0;0.0;2.0;0.0;7.0
1879;42;2009;831;214;278;145;194;458;99;132;81;146;373;115;146;64;48;3.0;2.0;0.0;1.0;0.0
1880;42;2010;863;254;258;168;183;490;108;156;90;136;373;146;102;78;47;7.0;2.0;3.0;1.0;1.0
1881;42;2011;937;266;311;168;192;545;130;179;99;137;392;136;132;69;55;0.0;0.0;0.0;0.0;0.0
1882;42;2012;975;275;306;192;202;517;117;143;116;141;458;158;163;76;61;9.0;6.0;2.0;1.0;0.0
1883;42;2013;866;262;273;157;174;470;116;150;87;117;396;146;123;70;57;5.0;1.0;3.0;1.0;0.0
1884;42;2014;933;294;271;169;199;483;105;143;97;138;450;189;128;72;61;4.0;1.0;2.0;1.0;0.0
1885;43;1950;2070;73;121;183;1693;2062;70;119;183;1690;8;3;2;0;3;;;;;
1886;43;1951;2040;77;139;185;1639;2020;70;138;181;1631;20;7;1;4;8;;;;;
1887;43;1952;1979;89;132;188;1570;1966;87;131;187;1561;13;2;1;1;9;;;;;
1888;43;1953;1861;66;117;166;1512;1847;62;117;163;1505;14;4;0;3;7;;;;;
1889;43;1954;1822;59;107;161;1495;1813;58;107;159;1489;9;1;0;2;6;;;;;
1890;43;1955;1698;52;89;151;1406;1687;48;88;151;1400;11;4;1;0;6;;;;;
1891;43;1956;1755;67;105;137;1446;1739;65;103;135;1436;16;2;2;2;10;;;;;
1892;43;1957;1700;53;97;132;1418;1690;52;96;131;1411;10;1;1;1;7;;;;;
1893;43;1958;1635;53;84;141;1357;1623;51;81;139;1352;12;2;3;2;5;;;;;
1894;43;1959;1539;47;82;134;1276;1532;47;82;133;1270;7;0;0;1;6;;;;;
1895;43;1960;1528;47;77;140;1264;1518;45;76;138;1259;10;2;1;2;5;;;;;
1896;43;1961;1389;49;69;129;1142;1382;47;67;127;1141;7;2;2;2;1;;;;;
1897;43;1962;1254;53;64;132;1005;1239;50;63;131;995;15;3;1;1;10;;;;;
1898;43;1963;1395;56;72;147;1120;1378;53;71;145;1109;17;3;1;2;11;;;;;
1899;43;1964;1325;57;79;151;1038;1306;54;76;147;1029;19;3;3;4;9;;;;;
1900;43;1965;1257;58;70;161;968;1240;54;69;158;959;17;4;1;3;9;;;;;
1901;43;1966;1099;58;72;147;822;1079;53;71;144;811;20;5;1;3;11;;;;;
1902;43;1967;976;48;66;139;723;965;45;65;138;717;11;3;1;1;6;;;;;
1903;43;1968;840;52;59;116;613;826;49;57;114;606;14;3;2;2;7;;;;;
1904;43;1969;691;33;52;92;514;677;29;51;89;508;14;4;1;3;6;;;;;
1905;43;1970;656;43;59;90;464;641;39;57;89;456;15;4;2;1;8;;;;;
1906;43;1971;532;32;49;75;376;523;31;48;74;370;9;1;1;1;6;;;;;
1907;43;1972;404;21;45;38;300;394;21;45;36;292;10;0;0;2;8;;;;;
1908;43;1973;316;21;37;39;219;308;20;35;37;216;8;1;2;2;3;;;;;
1909;43;1974;279;30;31;34;184;271;29;30;34;178;8;1;1;0;6;;;;;
1910;43;1975;191;11;30;30;120;188;10;29;30;119;3;1;1;0;1;;;;;
1911;43;1976;199;20;33;19;127;191;20;32;19;120;8;0;1;0;7;;;;;
1912;43;1977;173;18;27;14;114;167;16;26;14;111;6;2;1;0;3;;;;;
1913;43;1978;153;19;16;21;97;143;16;14;21;92;10;3;2;0;5;;;;;
1914;43;1979;146;19;19;12;96;136;16;17;12;91;10;3;2;0;5;;;;;
1915;43;1980;147;16;13;15;103;139;12;11;13;103;8;4;2;2;0;;;;;
1916;43;1981;153;17;18;11;107;144;16;17;9;102;9;1;1;2;5;;;;;
1917;43;1982;139;18;13;20;88;125;14;11;16;84;14;4;2;4;4;;;;;
1918;43;1983;166;15;19;18;114;157;11;18;18;110;9;4;1;0;4;;;;;
1919;43;1984;153;11;14;12;116;144;9;13;11;111;9;2;1;1;5;;;;;
1920;43;1985;142;18;17;19;88;126;14;10;17;85;16;4;7;2;3;;;;;
1921;43;1986;163;21;17;17;108;148;15;13;16;104;15;6;4;1;4;;;;;
1922;43;1987;173;25;20;26;102;153;20;16;23;94;20;5;4;3;8;;;;;
1923;43;1988;172;19;28;18;107;154;15;23;15;101;18;4;5;3;6;;;;;
1924;43;1989;172;27;19;24;102;149;21;14;18;96;23;6;5;6;6;;;;;
1925;43;1990;227;38;22;38;129;193;25;18;29;121;34;13;4;9;8;;;;;
1926;43;1991;217;40;33;25;119;176;22;26;16;112;41;18;7;9;7;;;;;
1927;43;1992;267;57;60;41;109;223;39;50;33;101;44;18;10;8;8;;;;;
1928;43;1993;231;36;60;41;94;197;22;49;36;90;34;14;11;5;4;;;;;
1929;43;1994;224;38;51;38;97;175;21;36;29;89;49;17;15;9;8;;;;;
1930;43;1995;227;52;47;31;97;174;34;39;15;86;53;18;8;16;11;6.0;3.0;0.0;0.0;3.0
1931;43;1996;257;54;59;45;99;198;32;44;34;88;59;22;15;11;11;3.0;1.0;1.0;0.0;1.0
1932;43;1997;237;56;50;43;88;174;39;33;30;72;63;17;17;13;16;3.0;3.0;0.0;0.0;0.0
1933;43;1998;255;61;56;38;100;183;35;40;20;88;72;26;16;18;12;1.0;0.0;0.0;0.0;1.0
1934;43;1999;287;55;71;52;109;203;29;48;36;90;84;26;23;16;19;2.0;0.0;0.0;1.0;1.0
1935;43;2000;322;65;86;64;107;213;35;50;40;88;109;30;36;24;19;2.0;1.0;0.0;1.0;0.0
1936;43;2001;318;63;80;72;103;211;29;53;45;84;107;34;27;27;19;7.0;2.0;1.0;0.0;4.0
1937;43;2002;336;61;93;71;111;218;34;61;38;85;118;27;32;33;26;6.0;5.0;0.0;0.0;1.0
1938;43;2003;395;98;104;65;128;242;45;62;42;93;153;53;42;23;35;2.0;0.0;1.0;1.0;0.0
1939;43;2004;369;94;96;61;118;219;35;61;38;85;150;59;35;23;33;4.0;2.0;1.0;1.0;0.0
1940;43;2005;335;78;109;61;87;199;34;59;39;67;136;44;50;22;20;2.0;0.0;1.0;1.0;0.0
1941;43;2006;422;100;116;80;126;250;42;64;50;94;172;58;52;30;32;5.0;1.0;0.0;2.0;2.0
1942;43;2007;401;98;105;89;109;250;43;61;60;86;151;55;44;29;23;4.0;0.0;0.0;1.0;3.0
1943;43;2008;452;126;127;81;118;248;52;66;44;86;204;74;61;37;32;6.0;2.0;1.0;0.0;3.0
1944;43;2009;452;106;140;92;114;238;37;72;51;78;214;69;68;41;36;5.0;3.0;0.0;0.0;2.0
1945;43;2010;477;121;144;102;110;271;49;79;59;84;206;72;65;43;26;6.0;2.0;1.0;1.0;2.0
1946;43;2011;461;126;122;86;127;262;39;76;46;101;199;87;46;40;26;6.0;2.0;2.0;0.0;2.0
1947;43;2012;468;137;146;67;118;265;51;85;42;87;203;86;61;25;31;6.0;1.0;1.0;1.0;3.0
1948;43;2013;502;146;151;112;93;257;57;70;62;68;245;89;81;50;25;2.0;1.0;1.0;0.0;0.0
1949;43;2014;575;157;170;110;138;308;64;92;52;100;267;93;78;58;38;2.0;0.0;1.0;0.0;1.0
1950;44;1950;1315;45;61;102;1107;1312;45;61;102;1104;3;0;0;0;3;;;;;
1951;44;1951;1238;44;63;92;1039;1228;42;62;88;1036;10;2;1;4;3;;;;;
1952;44;1952;1248;49;65;93;1041;1240;47;64;93;1036;8;2;1;0;5;;;;;
1953;44;1953;1193;37;54;100;1002;1186;36;53;98;999;7;1;1;2;3;;;;;
1954;44;1954;1207;48;64;101;994;1195;42;62;100;991;12;6;2;1;3;;;;;
1955;44;1955;1081;27;59;77;918;1074;26;59;77;912;7;1;0;0;6;;;;;
1956;44;1956;1061;30;58;79;894;1055;30;58;79;888;6;0;0;0;6;;;;;
1957;44;1957;1102;36;50;82;934;1093;33;47;82;931;9;3;3;0;3;;;;;
1958;44;1958;1051;32;47;82;890;1043;31;46;82;884;8;1;1;0;6;;;;;
1959;44;1959;1048;27;51;71;899;1042;26;51;71;894;6;1;0;0;5;;;;;
1960;44;1960;930;31;43;80;776;921;29;42;79;771;9;2;1;1;5;;;;;
1961;44;1961;930;26;48;73;783;919;24;46;70;779;11;2;2;3;4;;;;;
1962;44;1962;779;28;38;65;648;772;28;36;65;643;7;0;2;0;5;;;;;
1963;44;1963;764;22;41;66;635;757;22;41;65;629;7;0;0;1;6;;;;;
1964;44;1964;850;28;53;80;689;839;27;52;78;682;11;1;1;2;7;;;;;
1965;44;1965;740;25;44;78;593;732;25;44;77;586;8;0;0;1;7;;;;;
1966;44;1966;667;27;46;74;520;657;26;46;73;512;10;1;0;1;8;;;;;
1967;44;1967;598;24;44;72;458;587;23;43;71;450;11;1;1;1;8;;;;;
1968;44;1968;475;26;35;56;358;466;25;34;55;352;9;1;1;1;6;;;;;
1969;44;1969;452;19;39;61;333;447;18;39;60;330;5;1;0;1;3;;;;;
1970;44;1970;403;23;32;41;307;398;23;32;41;302;5;0;0;0;5;;;;;
1971;44;1971;318;24;21;28;245;310;23;21;26;240;8;1;0;2;5;;;;;
1972;44;1972;225;23;21;29;152;223;23;21;29;150;2;0;0;0;2;;;;;
1973;44;1973;173;25;15;11;122;163;23;15;11;114;10;2;0;0;8;;;;;
1974;44;1974;151;15;13;17;106;148;15;13;17;103;3;0;0;0;3;;;;;
1975;44;1975;135;13;18;12;92;132;12;17;11;92;3;1;1;1;0;;;;;
1976;44;1976;115;18;13;11;73;104;14;11;10;69;11;4;2;1;4;;;;;
1977;44;1977;108;10;15;4;79;104;10;14;4;76;4;0;1;0;3;;;;;
1978;44;1978;95;11;10;4;70;89;9;8;4;68;6;2;2;0;2;;;;;
1979;44;1979;82;14;9;9;50;75;11;9;7;48;7;3;0;2;2;;;;;
1980;44;1980;70;12;2;5;51;63;11;2;5;45;7;1;0;0;6;;;;;
1981;44;1981;98;9;5;9;75;95;7;4;9;75;3;2;1;0;0;;;;;
1982;44;1982;96;5;12;6;73;93;4;11;6;72;3;1;1;0;1;;;;;
1983;44;1983;94;7;12;7;68;86;5;11;7;63;8;2;1;0;5;;;;;
1984;44;1984;97;7;8;4;78;92;7;5;3;77;5;0;3;1;1;;;;;
1985;44;1985;88;6;6;8;68;80;4;4;8;64;8;2;2;0;4;;;;;
1986;44;1986;92;10;6;12;64;81;8;6;10;57;11;2;0;2;7;;;;;
1987;44;1987;102;7;16;8;71;90;5;10;7;68;12;2;6;1;3;;;;;
1988;44;1988;92;15;10;9;58;83;11;9;8;55;9;4;1;1;3;;;;;
1989;44;1989;100;14;13;7;66;83;7;10;4;62;17;7;3;3;4;;;;;
1990;44;1990;126;19;10;9;88;110;11;10;8;81;16;8;0;1;7;;;;;
1991;44;1991;117;16;18;12;71;102;11;12;12;67;15;5;6;0;4;;;;;
1992;44;1992;121;22;20;15;64;103;12;19;12;60;18;10;1;3;4;;;;;
1993;44;1993;119;22;20;16;61;91;13;14;10;54;28;9;6;6;7;;;;;
1994;44;1994;119;21;23;16;59;88;10;14;9;55;31;11;9;7;4;;;;;
1995;44;1995;103;17;21;15;50;84;11;18;12;43;19;6;3;3;7;5.0;1.0;0.0;0.0;4.0
1996;44;1996;136;24;29;22;61;104;13;19;17;55;32;11;10;5;6;2.0;1.0;1.0;0.0;0.0
1997;44;1997;112;22;26;14;50;86;13;13;13;47;26;9;13;1;3;0.0;0.0;0.0;0.0;0.0
1998;44;1998;136;33;20;20;63;101;19;14;15;53;35;14;6;5;10;3.0;1.0;0.0;0.0;2.0
1999;44;1999;138;28;31;26;53;104;13;23;19;49;34;15;8;7;4;2.0;1.0;0.0;0.0;1.0
2000;44;2000;150;23;37;20;70;103;10;25;11;57;47;13;12;9;13;3.0;1.0;0.0;0.0;2.0
2001;44;2001;162;34;44;20;64;118;19;34;11;54;44;15;10;9;10;4.0;0.0;0.0;1.0;3.0
2002;44;2002;176;40;34;31;71;103;12;17;20;54;73;28;17;11;17;2.0;1.0;0.0;0.0;1.0
2003;44;2003;167;46;51;17;53;101;21;27;10;43;66;25;24;7;10;2.0;1.0;1.0;0.0;0.0
2004;44;2004;181;40;44;32;65;119;20;25;22;52;62;20;19;10;13;3.0;1.0;0.0;1.0;1.0
2005;44;2005;196;39;51;27;79;122;22;26;14;60;74;17;25;13;19;4.0;1.0;2.0;0.0;1.0
2006;44;2006;186;43;62;33;48;112;19;32;22;39;74;24;30;11;9;1.0;1.0;0.0;0.0;0.0
2007;44;2007;206;54;49;34;69;122;24;28;20;50;84;30;21;14;19;4.0;1.0;0.0;1.0;2.0
2008;44;2008;215;46;57;39;73;127;24;29;20;54;88;22;28;19;19;4.0;0.0;1.0;0.0;3.0
2009;44;2009;257;77;57;45;78;144;33;31;23;57;113;44;26;22;21;1.0;1.0;0.0;0.0;0.0
2010;44;2010;246;59;58;56;73;154;30;34;33;57;92;29;24;23;16;2.0;1.0;0.0;1.0;0.0
2011;44;2011;225;62;53;50;60;121;24;28;28;41;104;38;25;22;19;5.0;1.0;1.0;0.0;3.0
2012;44;2012;234;63;61;39;71;141;32;29;29;51;93;31;32;10;20;4.0;1.0;0.0;1.0;2.0
2013;44;2013;253;68;75;43;67;147;26;45;23;53;106;42;30;20;14;1.0;0.0;0.0;0.0;1.0
2014;44;2014;292;91;79;38;84;159;40;37;25;57;133;51;42;13;27;2.0;0.0;1.0;1.0;0.0
2015;45;1950;713;28;38;52;595;711;28;38;52;593;2;0;0;0;2;;;;;
2016;45;1951;668;25;31;54;558;665;25;29;54;557;3;0;2;0;1;;;;;
2017;45;1952;722;25;31;59;607;717;25;30;59;603;5;0;1;0;4;;;;;
2018;45;1953;632;26;38;42;526;627;24;37;42;524;5;2;1;0;2;;;;;
2019;45;1954;648;19;32;52;545;646;19;32;52;543;2;0;0;0;2;;;;;
2020;45;1955;611;15;31;50;515;608;15;31;50;512;3;0;0;0;3;;;;;
2021;45;1956;604;11;27;42;524;601;11;26;41;523;3;0;1;1;1;;;;;
2022;45;1957;570;14;28;42;486;566;13;27;41;485;4;1;1;1;1;;;;;
2023;45;1958;582;10;23;56;493;579;10;23;55;491;3;0;0;1;2;;;;;
2024;45;1959;568;19;21;40;488;564;18;21;39;486;4;1;0;1;2;;;;;
2025;45;1960;522;23;17;37;445;519;22;17;37;443;3;1;0;0;2;;;;;
2026;45;1961;509;17;19;31;442;505;15;19;31;440;4;2;0;0;2;;;;;
2027;45;1962;432;12;15;34;371;430;11;15;34;370;2;1;0;0;1;;;;;
2028;45;1963;449;15;18;32;384;445;15;17;31;382;4;0;1;1;2;;;;;
2029;45;1964;403;15;16;33;339;400;14;16;33;337;3;1;0;0;2;;;;;
2030;45;1965;409;14;18;39;338;406;13;17;39;337;3;1;1;0;1;;;;;
2031;45;1966;383;15;22;44;302;379;15;21;43;300;4;0;1;1;2;;;;;
2032;45;1967;318;20;20;24;254;315;18;19;24;254;3;2;1;0;0;;;;;
2033;45;1968;304;16;14;34;240;299;15;13;33;238;5;1;1;1;2;;;;;
2034;45;1969;281;19;18;24;220;270;18;18;23;211;11;1;0;1;9;;;;;
2035;45;1970;228;16;13;25;174;220;13;12;25;170;8;3;1;0;4;;;;;
2036;45;1971;168;5;16;15;132;163;4;15;14;130;5;1;1;1;2;;;;;
2037;45;1972;111;4;8;14;85;107;3;8;12;84;4;1;0;2;1;;;;;
2038;45;1973;92;8;8;8;68;88;6;8;8;66;4;2;0;0;2;;;;;
2039;45;1974;73;6;8;5;54;71;6;6;5;54;2;0;2;0;0;;;;;
2040;45;1975;78;9;5;7;57;76;8;5;7;56;2;1;0;0;1;;;;;
2041;45;1976;56;2;8;4;42;56;2;8;4;42;0;0;0;0;0;;;;;
2042;45;1977;54;7;3;4;40;51;6;2;4;39;3;1;1;0;1;;;;;
2043;45;1978;53;6;7;4;36;51;5;7;4;35;2;1;0;0;1;;;;;
2044;45;1979;58;7;9;3;39;55;7;9;3;36;3;0;0;0;3;;;;;
2045;45;1980;56;3;6;4;43;51;2;6;4;39;5;1;0;0;4;;;;;
2046;45;1981;59;4;3;5;47;54;4;3;4;43;5;0;0;1;4;;;;;
2047;45;1982;53;5;3;4;41;50;5;3;1;41;3;0;0;3;0;;;;;
2048;45;1983;57;2;6;4;45;53;1;6;2;44;4;1;0;2;1;;;;;
2049;45;1984;52;6;5;2;39;51;6;5;2;38;1;0;0;0;1;;;;;
2050;45;1985;72;4;5;3;60;68;4;3;3;58;4;0;2;0;2;;;;;
2051;45;1986;71;8;3;5;55;67;6;3;5;53;4;2;0;0;2;;;;;
2052;45;1987;52;8;8;2;34;46;7;6;0;33;6;1;2;2;1;;;;;
2053;45;1988;53;3;5;9;36;47;2;5;7;33;6;1;0;2;3;;;;;
2054;45;1989;61;8;7;3;43;58;7;5;3;43;3;1;2;0;0;;;;;
2055;45;1990;66;6;8;6;46;55;4;3;5;43;11;2;5;1;3;;;;;
2056;45;1991;61;10;7;2;42;53;7;6;1;39;8;3;1;1;3;;;;;
2057;45;1992;65;6;10;11;38;54;2;8;7;37;11;4;2;4;1;;;;;
2058;45;1993;57;7;10;5;35;48;5;6;4;33;9;2;4;1;2;;;;;
2059;45;1994;70;12;11;17;30;59;5;10;15;29;11;7;1;2;1;;;;;
2060;45;1995;51;7;4;9;31;41;4;4;5;28;10;3;0;4;3;2.0;0.0;1.0;0.0;1.0
2061;45;1996;54;9;12;8;25;45;5;10;7;23;9;4;2;1;2;0.0;0.0;0.0;0.0;0.0
2062;45;1997;60;9;12;10;29;43;3;10;6;24;17;6;2;4;5;2.0;0.0;0.0;0.0;2.0
2063;45;1998;52;9;8;5;30;43;4;8;5;26;9;5;0;0;4;1.0;0.0;0.0;0.0;1.0
2064;45;1999;63;9;11;7;36;49;6;9;4;30;14;3;2;3;6;2.0;0.0;0.0;1.0;1.0
2065;45;2000;75;10;12;15;38;54;5;7;9;33;21;5;5;6;5;1.0;0.0;0.0;0.0;1.0
2066;45;2001;80;18;9;13;40;54;11;9;5;29;26;7;0;8;11;2.0;0.0;0.0;0.0;2.0
2067;45;2002;72;16;20;7;29;50;10;12;4;24;22;6;8;3;5;2.0;0.0;1.0;0.0;1.0
2068;45;2003;88;28;16;14;30;56;13;10;10;23;32;15;6;4;7;1.0;0.0;0.0;1.0;0.0
2069;45;2004;61;9;13;9;30;36;5;8;4;19;25;4;5;5;11;1.0;0.0;0.0;0.0;1.0
2070;45;2005;85;19;14;20;32;54;7;6;13;28;31;12;8;7;4;2.0;1.0;0.0;0.0;1.0
2071;45;2006;99;21;22;23;33;59;10;16;11;22;40;11;6;12;11;2.0;1.0;0.0;0.0;1.0
2072;45;2007;88;19;19;14;36;50;9;9;6;26;38;10;10;8;10;3.0;2.0;0.0;0.0;1.0
2073;45;2008;112;30;24;18;40;72;18;14;10;30;40;12;10;8;10;0.0;0.0;0.0;0.0;0.0
2074;45;2009;94;30;22;15;27;40;7;7;6;20;54;23;15;9;7;1.0;0.0;0.0;0.0;1.0
2075;45;2010;101;28;20;19;34;67;13;14;9;31;34;15;6;10;3;2.0;0.0;0.0;0.0;2.0
2076;45;2011;141;41;38;21;41;82;17;21;14;30;59;24;17;7;11;0.0;0.0;0.0;0.0;0.0
2077;45;2012;135;45;30;23;37;72;20;14;10;28;63;25;16;13;9;1.0;0.0;0.0;1.0;0.0
2078;45;2013;139;42;39;21;37;74;20;17;11;26;65;22;22;10;11;2.0;1.0;0.0;1.0;0.0
2079;45;2014;137;38;31;19;49;85;20;19;9;37;52;18;12;10;12;0.0;0.0;0.0;0.0;0.0
2080;46;1950;333;15;15;24;279;331;15;14;24;278;2;0;1;0;1;;;;;
2081;46;1951;336;11;17;30;278;334;11;16;30;277;2;0;1;0;1;;;;;
2082;46;1952;340;12;5;26;297;340;12;5;26;297;0;0;0;0;0;;;;;
2083;46;1953;313;10;8;29;266;310;9;8;29;264;3;1;0;0;2;;;;;
2084;46;1954;319;11;17;31;260;316;11;17;30;258;3;0;0;1;2;;;;;
2085;46;1955;319;10;14;17;278;317;10;14;17;276;2;0;0;0;2;;;;;
2086;46;1956;269;9;6;20;234;267;8;6;20;233;2;1;0;0;1;;;;;
2087;46;1957;279;10;15;13;241;278;10;14;13;241;1;0;1;0;0;;;;;
2088;46;1958;269;10;12;13;234;267;9;12;12;234;2;1;0;1;0;;;;;
2089;46;1959;296;9;13;19;255;294;8;13;18;255;2;1;0;1;0;;;;;
2090;46;1960;266;12;11;18;225;264;10;11;18;225;2;2;0;0;0;;;;;
2091;46;1961;249;4;9;10;226;247;4;9;9;225;2;0;0;1;1;;;;;
2092;46;1962;244;8;11;14;211;241;7;10;14;210;3;1;1;0;1;;;;;
2093;46;1963;242;7;12;13;210;238;7;11;13;207;4;0;1;0;3;;;;;
2094;46;1964;215;6;9;14;186;213;6;9;14;184;2;0;0;0;2;;;;;
2095;46;1965;183;5;8;15;155;179;5;7;15;152;4;0;1;0;3;;;;;
2096;46;1966;189;7;11;18;153;187;7;11;18;151;2;0;0;0;2;;;;;
2097;46;1967;166;9;9;11;137;161;8;9;11;133;5;1;0;0;4;;;;;
2098;46;1968;145;6;6;14;119;142;6;6;14;116;3;0;0;0;3;;;;;
2099;46;1969;141;7;8;15;111;141;7;8;15;111;0;0;0;0;0;;;;;
2100;46;1970;122;7;5;10;100;119;7;5;9;98;3;0;0;1;2;;;;;
2101;46;1971;119;5;9;13;92;117;5;8;13;91;2;0;1;0;1;;;;;
2102;46;1972;54;4;2;3;45;51;4;2;3;42;3;0;0;0;3;;;;;
2103;46;1973;51;2;6;3;40;50;2;6;3;39;1;0;0;0;1;;;;;
2104;46;1974;40;2;5;2;31;40;2;5;2;31;0;0;0;0;0;;;;;
2105;46;1975;29;3;4;4;18;29;3;4;4;18;0;0;0;0;0;;;;;
2106;46;1976;43;2;8;3;30;40;2;7;3;28;3;0;1;0;2;;;;;
2107;46;1977;31;2;2;2;25;30;2;2;2;24;1;0;0;0;1;;;;;
2108;46;1978;34;5;1;4;24;33;5;1;3;24;1;0;0;1;0;;;;;
2109;46;1979;23;1;4;2;16;23;1;4;2;16;0;0;0;0;0;;;;;
2110;46;1980;32;3;5;2;22;31;3;5;2;21;1;0;0;0;1;;;;;
2111;46;1981;32;4;4;2;22;30;4;4;1;21;2;0;0;1;1;;;;;
2112;46;1982;43;1;3;6;33;41;1;2;5;33;2;0;1;1;0;;;;;
2113;46;1983;34;5;3;1;25;33;4;3;1;25;1;1;0;0;0;;;;;
2114;46;1984;32;4;1;1;26;30;3;1;1;25;2;1;0;0;1;;;;;
2115;46;1985;33;3;2;1;27;33;3;2;1;27;0;0;0;0;0;;;;;
2116;46;1986;36;1;0;2;33;35;1;0;2;32;1;0;0;0;1;;;;;
2117;46;1987;38;4;2;1;31;38;4;2;1;31;0;0;0;0;0;;;;;
2118;46;1988;35;1;4;1;29;33;1;4;1;27;2;0;0;0;2;;;;;
2119;46;1989;37;2;1;0;34;36;1;1;0;34;1;1;0;0;0;;;;;
2120;46;1990;40;4;2;5;29;37;2;2;4;29;3;2;0;1;0;;;;;
2121;46;1991;52;7;3;3;39;48;4;3;3;38;4;3;0;0;1;;;;;
2122;46;1992;36;2;1;9;24;32;1;1;6;24;4;1;0;3;0;;;;;
2123;46;1993;28;2;4;0;22;26;2;2;0;22;2;0;2;0;0;;;;;
2124;46;1994;36;6;4;5;21;30;1;4;5;20;6;5;0;0;1;;;;;
2125;46;1995;27;2;3;1;21;24;1;3;1;19;3;1;0;0;2;0.0;0.0;0.0;0.0;0.0
2126;46;1996;33;8;3;0;22;31;6;3;0;22;2;2;0;0;0;0.0;0.0;0.0;0.0;0.0
2127;46;1997;31;5;5;1;20;26;3;3;0;20;5;2;2;1;0;3.0;0.0;1.0;0.0;2.0
2128;46;1998;27;9;3;4;11;23;7;2;4;10;4;2;1;0;1;0.0;0.0;0.0;0.0;0.0
2129;46;1999;30;6;3;5;16;20;1;2;3;14;10;5;1;2;2;2.0;0.0;1.0;0.0;1.0
2130;46;2000;22;4;1;3;14;19;2;1;2;14;3;2;0;1;0;0.0;0.0;0.0;0.0;0.0
2131;46;2001;34;6;7;4;17;24;3;6;2;13;10;3;1;2;4;1.0;0.0;1.0;0.0;0.0
2132;46;2002;41;9;5;6;21;28;7;2;2;17;13;2;3;4;4;3.0;2.0;0.0;0.0;1.0
2133;46;2003;37;10;6;4;17;24;5;4;3;12;13;5;2;1;5;2.0;0.0;1.0;0.0;1.0
2134;46;2004;35;8;5;8;14;27;5;4;4;14;8;3;1;4;0;0.0;0.0;0.0;0.0;0.0
2135;46;2005;33;5;8;10;10;17;1;4;6;6;16;4;4;4;4;0.0;0.0;0.0;0.0;0.0
2136;46;2006;43;9;4;8;22;32;7;4;5;16;11;2;0;3;6;1.0;0.0;0.0;0.0;1.0
2137;46;2007;50;10;8;7;25;31;7;2;4;18;19;3;6;3;7;0.0;0.0;0.0;0.0;0.0
2138;46;2008;43;14;7;7;15;28;9;5;2;12;15;5;2;5;3;2.0;0.0;1.0;0.0;1.0
2139;46;2009;45;12;8;7;18;23;3;2;3;15;22;9;6;4;3;2.0;0.0;2.0;0.0;0.0
2140;46;2010;55;16;7;12;20;34;9;4;7;14;21;7;3;5;6;0.0;0.0;0.0;0.0;0.0
2141;46;2011;54;14;11;7;22;33;3;11;2;17;21;11;0;5;5;3.0;1.0;0.0;1.0;1.0
2142;46;2012;54;15;16;6;17;32;8;11;3;10;22;7;5;3;7;1.0;0.0;1.0;0.0;0.0
2143;46;2013;57;21;14;6;16;37;14;6;5;12;20;7;8;1;4;1.0;1.0;0.0;0.0;0.0
2144;46;2014;60;19;20;5;16;40;9;11;5;15;20;10;9;0;1;0.0;0.0;0.0;0.0;0.0
2145;47;1950;128;5;8;9;106;126;5;8;9;104;2;0;0;0;2;;;;;
2146;47;1951;137;2;5;11;119;137;2;5;11;119;0;0;0;0;0;;;;;
2147;47;1952;141;0;2;7;132;141;0;2;7;132;0;0;0;0;0;;;;;
2148;47;1953;149;3;5;9;132;149;3;5;9;132;0;0;0;0;0;;;;;
2149;47;1954;133;5;3;8;117;132;4;3;8;117;1;1;0;0;0;;;;;
2150;47;1955;129;8;3;11;107;128;8;2;11;107;1;0;1;0;0;;;;;
2151;47;1956;105;2;1;3;99;105;2;1;3;99;0;0;0;0;0;;;;;
2152;47;1957;108;6;6;5;91;108;6;6;5;91;0;0;0;0;0;;;;;
2153;47;1958;112;3;5;6;98;112;3;5;6;98;0;0;0;0;0;;;;;
2154;47;1959;112;3;6;8;95;112;3;6;8;95;0;0;0;0;0;;;;;
2155;47;1960;99;6;3;8;82;97;4;3;8;82;2;2;0;0;0;;;;;
2156;47;1961;117;2;1;7;107;117;2;1;7;107;0;0;0;0;0;;;;;
2157;47;1962;115;4;5;8;98;115;4;5;8;98;0;0;0;0;0;;;;;
2158;47;1963;95;1;3;5;86;94;1;3;5;85;1;0;0;0;1;;;;;
2159;47;1964;79;1;3;5;70;77;1;3;5;68;2;0;0;0;2;;;;;
2160;47;1965;71;1;2;4;64;70;1;2;4;63;1;0;0;0;1;;;;;
2161;47;1966;80;1;4;7;68;79;1;4;7;67;1;0;0;0;1;;;;;
2162;47;1967;63;2;2;3;56;63;2;2;3;56;0;0;0;0;0;;;;;
2163;47;1968;65;2;2;5;56;65;2;2;5;56;0;0;0;0;0;;;;;
2164;47;1969;57;0;4;2;51;55;0;3;2;50;2;0;1;0;1;;;;;
2165;47;1970;56;4;4;6;42;55;4;4;6;41;1;0;0;0;1;;;;;
2166;47;1971;29;2;3;2;22;28;2;3;2;21;1;0;0;0;1;;;;;
2167;47;1972;21;4;0;4;13;19;4;0;4;11;2;0;0;0;2;;;;;
2168;47;1973;25;2;3;1;19;25;2;3;1;19;0;0;0;0;0;;;;;
2169;47;1974;22;2;1;1;18;21;2;1;1;17;1;0;0;0;1;;;;;
2170;47;1975;18;1;1;1;15;17;1;1;0;15;1;0;0;1;0;;;;;
2171;47;1976;8;1;1;0;6;8;1;1;0;6;0;0;0;0;0;;;;;
2172;47;1977;15;1;1;1;12;15;1;1;1;12;0;0;0;0;0;;;;;
2173;47;1978;22;3;2;3;14;22;3;2;3;14;0;0;0;0;0;;;;;
2174;47;1979;21;1;6;0;14;21;1;6;0;14;0;0;0;0;0;;;;;
2175;47;1980;16;2;2;1;11;16;2;2;1;11;0;0;0;0;0;;;;;
2176;47;1981;28;2;2;1;23;28;2;2;1;23;0;0;0;0;0;;;;;
2177;47;1982;23;3;1;4;15;21;2;1;4;14;2;1;0;0;1;;;;;
2178;47;1983;16;2;2;1;11;15;2;2;0;11;1;0;0;1;0;;;;;
2179;47;1984;22;4;2;2;14;20;2;2;2;14;2;2;0;0;0;;;;;
2180;47;1985;31;2;4;4;21;30;1;4;4;21;1;1;0;0;0;;;;;
2181;47;1986;27;0;2;0;25;27;0;2;0;25;0;0;0;0;0;;;;;
2182;47;1987;32;2;5;0;25;29;1;4;0;24;3;1;1;0;1;;;;;
2183;47;1988;29;0;2;0;27;29;0;2;0;27;0;0;0;0;0;;;;;
2184;47;1989;29;1;1;2;25;27;1;1;2;23;2;0;0;0;2;;;;;
2185;47;1990;33;1;2;0;30;33;1;2;0;30;0;0;0;0;0;;;;;
2186;47;1991;20;1;2;1;16;18;1;1;0;16;2;0;1;1;0;;;;;
2187;47;1992;19;1;2;3;13;18;1;2;3;12;1;0;0;0;1;;;;;
2188;47;1993;19;1;2;0;16;17;1;1;0;15;2;0;1;0;1;;;;;
2189;47;1994;19;1;1;0;17;17;0;1;0;16;2;1;0;0;1;;;;;
2190;47;1995;9;2;1;1;5;9;2;1;1;5;0;0;0;0;0;1.0;0.0;0.0;0.0;1.0
2191;47;1996;9;3;0;1;5;6;1;0;0;5;3;2;0;1;0;0.0;0.0;0.0;0.0;0.0
2192;47;1997;10;1;2;2;5;9;1;2;1;5;1;0;0;1;0;0.0;0.0;0.0;0.0;0.0
2193;47;1998;15;2;2;2;9;11;1;2;2;6;4;1;0;0;3;0.0;0.0;0.0;0.0;0.0
2194;47;1999;13;3;1;1;8;13;3;1;1;8;0;0;0;0;0;0.0;0.0;0.0;0.0;0.0
2195;47;2000;8;2;1;1;4;5;1;0;0;4;3;1;1;1;0;1.0;0.0;1.0;0.0;0.0
2196;47;2001;13;2;3;2;6;7;1;1;2;3;6;1;2;0;3;0.0;0.0;0.0;0.0;0.0
2197;47;2002;13;2;2;4;5;11;2;2;2;5;2;0;0;2;0;0.0;0.0;0.0;0.0;0.0
2198;47;2003;15;6;4;0;5;10;2;3;0;5;5;4;1;0;0;0.0;0.0;0.0;0.0;0.0
2199;47;2004;15;5;3;1;6;8;3;1;0;4;7;2;2;1;2;0.0;0.0;0.0;0.0;0.0
2200;47;2005;24;11;1;1;11;19;8;0;1;10;5;3;1;0;1;0.0;0.0;0.0;0.0;0.0
2201;47;2006;19;8;2;4;5;10;3;1;3;3;9;5;1;1;2;0.0;0.0;0.0;0.0;0.0
2202;47;2007;9;5;2;0;2;4;2;1;0;1;5;3;1;0;1;0.0;0.0;0.0;0.0;0.0
2203;47;2008;13;2;4;3;4;5;1;1;0;3;8;1;3;3;1;0.0;0.0;0.0;0.0;0.0
2204;47;2009;31;13;6;2;10;20;7;3;2;8;11;6;3;0;2;0.0;0.0;0.0;0.0;0.0
2205;47;2010;28;9;6;3;10;18;6;1;3;8;10;3;5;0;2;0.0;0.0;0.0;0.0;0.0
2206;47;2011;31;9;5;10;7;16;3;2;6;5;15;6;3;4;2;0.0;0.0;0.0;0.0;0.0
2207;47;2012;30;13;5;3;9;21;8;2;2;9;9;5;3;1;0;0.0;0.0;0.0;0.0;0.0
2208;47;2013;25;12;5;2;6;12;5;4;1;2;13;7;1;1;4;0.0;0.0;0.0;0.0;0.0
2209;47;2014;21;11;5;0;5;9;4;2;0;3;12;7;3;0;2;0.0;0.0;0.0;0.0;0.0
2210;48;1950;44;4;0;0;40;44;4;0;0;40;0;0;0;0;0;;;;;
2211;48;1951;61;0;1;2;58;60;0;1;2;57;1;0;0;0;1;;;;;
2212;48;1952;47;0;1;8;38;46;0;1;7;38;1;0;0;1;0;;;;;
2213;48;1953;52;2;3;4;43;51;2;3;4;42;1;0;0;0;1;;;;;
2214;48;1954;49;2;0;2;45;49;2;0;2;45;0;0;0;0;0;;;;;
2215;48;1955;41;0;3;2;36;41;0;3;2;36;0;0;0;0;0;;;;;
2216;48;1956;41;0;3;4;34;40;0;3;4;33;1;0;0;0;1;;;;;
2217;48;1957;38;0;1;2;35;38;0;1;2;35;0;0;0;0;0;;;;;
2218;48;1958;34;1;0;3;30;34;1;0;3;30;0;0;0;0;0;;;;;
2219;48;1959;62;3;1;5;53;62;3;1;5;53;0;0;0;0;0;;;;;
2220;48;1960;35;0;1;3;31;34;0;1;3;30;1;0;0;0;1;;;;;
2221;48;1961;48;1;2;4;41;48;1;2;4;41;0;0;0;0;0;;;;;
2222;48;1962;43;1;2;3;37;43;1;2;3;37;0;0;0;0;0;;;;;
2223;48;1963;28;0;1;1;26;27;0;1;1;25;1;0;0;0;1;;;;;
2224;48;1964;32;0;1;2;29;32;0;1;2;29;0;0;0;0;0;;;;;
2225;48;1965;30;0;1;2;27;29;0;1;2;26;1;0;0;0;1;;;;;
2226;48;1966;31;1;2;1;27;31;1;2;1;27;0;0;0;0;0;;;;;
2227;48;1967;35;1;3;1;30;35;1;3;1;30;0;0;0;0;0;;;;;
2228;48;1968;33;1;2;1;29;33;1;2;1;29;0;0;0;0;0;;;;;
2229;48;1969;19;2;1;1;15;19;2;1;1;15;0;0;0;0;0;;;;;
2230;48;1970;22;1;3;0;18;22;1;3;0;18;0;0;0;0;0;;;;;
2231;48;1971;21;1;2;2;16;21;1;2;2;16;0;0;0;0;0;;;;;
2232;48;1972;8;0;1;0;7;8;0;1;0;7;0;0;0;0;0;;;;;
2233;48;1973;14;0;1;2;11;14;0;1;2;11;0;0;0;0;0;;;;;
2234;48;1974;5;0;1;0;4;5;0;1;0;4;0;0;0;0;0;;;;;
2235;48;1975;9;0;1;0;8;9;0;1;0;8;0;0;0;0;0;;;;;
2236;48;1976;6;0;0;2;4;5;0;0;2;3;1;0;0;0;1;;;;;
2237;48;1977;8;1;1;0;6;8;1;1;0;6;0;0;0;0;0;;;;;
2238;48;1978;13;2;0;2;9;13;2;0;2;9;0;0;0;0;0;;;;;
2239;48;1979;10;1;1;2;6;10;1;1;2;6;0;0;0;0;0;;;;;
2240;48;1980;15;1;3;3;8;14;1;2;3;8;1;0;1;0;0;;;;;
2241;48;1981;11;0;3;0;8;10;0;3;0;7;1;0;0;0;1;;;;;
2242;48;1982;7;1;1;2;3;6;1;0;2;3;1;0;1;0;0;;;;;
2243;48;1983;19;1;1;1;16;19;1;1;1;16;0;0;0;0;0;;;;;
2244;48;1984;6;1;0;0;5;6;1;0;0;5;0;0;0;0;0;;;;;
2245;48;1985;11;2;2;1;6;11;2;2;1;6;0;0;0;0;0;;;;;
2246;48;1986;14;0;4;0;10;14;0;4;0;10;0;0;0;0;0;;;;;
2247;48;1987;17;3;1;0;13;17;3;1;0;13;0;0;0;0;0;;;;;
2248;48;1988;24;1;1;0;22;24;1;1;0;22;0;0;0;0;0;;;;;
2249;48;1989;21;2;0;2;17;19;0;0;2;17;2;2;0;0;0;;;;;
2250;48;1990;18;1;1;2;14;17;1;0;2;14;1;0;1;0;0;;;;;
2251;48;1991;17;2;0;0;15;16;1;0;0;15;1;1;0;0;0;;;;;
2252;48;1992;15;2;1;1;11;14;1;1;1;11;1;1;0;0;0;;;;;
2253;48;1993;14;3;2;1;8;10;1;1;1;7;4;2;1;0;1;;;;;
2254;48;1994;11;2;0;3;6;10;1;0;3;6;1;1;0;0;0;;;;;
2255;48;1995;13;1;1;1;10;10;1;1;0;8;3;0;0;1;2;1.0;0.0;0.0;0.0;1.0
2256;48;1996;8;4;0;0;4;6;2;0;0;4;2;2;0;0;0;0.0;0.0;0.0;0.0;0.0
2257;48;1997;11;5;2;0;4;8;2;2;0;4;3;3;0;0;0;0.0;0.0;0.0;0.0;0.0
2258;48;1998;14;4;1;1;8;14;4;1;1;8;0;0;0;0;0;0.0;0.0;0.0;0.0;0.0
2259;48;1999;5;2;0;0;3;3;1;0;0;2;2;1;0;0;1;0.0;0.0;0.0;0.0;0.0
2260;48;2000;5;1;2;0;2;5;1;2;0;2;0;0;0;0;0;0.0;0.0;0.0;0.0;0.0
2261;48;2001;9;2;0;2;5;8;1;0;2;5;1;1;0;0;0;0.0;0.0;0.0;0.0;0.0
2262;48;2002;8;3;1;1;3;5;1;0;1;3;3;2;1;0;0;0.0;0.0;0.0;0.0;0.0
2263;48;2003;6;1;1;1;3;5;1;1;0;3;1;0;0;1;0;0.0;0.0;0.0;0.0;0.0
2264;48;2004;15;3;2;0;10;13;2;1;0;10;2;1;1;0;0;0.0;0.0;0.0;0.0;0.0
2265;48;2005;11;6;0;2;3;9;5;0;1;3;2;1;0;1;0;0.0;0.0;0.0;0.0;0.0
2266;48;2006;6;1;3;0;2;4;1;2;0;1;2;0;1;0;1;0.0;0.0;0.0;0.0;0.0
2267;48;2007;8;2;0;5;1;4;2;0;1;1;4;0;0;4;0;1.0;0.0;0.0;0.0;1.0
2268;48;2008;10;4;1;2;3;4;0;1;0;3;6;4;0;2;0;0.0;0.0;0.0;0.0;0.0
2269;48;2009;10;4;0;2;4;6;1;0;2;3;4;3;0;0;1;0.0;0.0;0.0;0.0;0.0
2270;48;2010;20;9;1;4;6;13;6;1;0;6;7;3;0;4;0;0.0;0.0;0.0;0.0;0.0
2271;48;2011;10;8;1;0;1;7;6;0;0;1;3;2;1;0;0;0.0;0.0;0.0;0.0;0.0
2272;48;2012;20;10;4;4;2;13;6;2;3;2;7;4;2;1;0;1.0;0.0;1.0;0.0;0.0
2273;48;2013;18;7;5;2;4;13;6;3;1;3;5;1;2;1;1;0.0;0.0;0.0;0.0;0.0
2274;48;2014;18;8;5;0;5;9;3;2;0;4;9;5;3;0;1;0.0;0.0;0.0;0.0;0.0
2275;49;1950;13;0;1;2;10;13;0;1;2;10;0;0;0;0;0;;;;;
2276;49;1951;18;0;1;0;17;18;0;1;0;17;0;0;0;0;0;;;;;
2277;49;1952;13;0;0;3;10;11;0;0;3;8;2;0;0;0;2;;;;;
2278;49;1953;22;1;1;2;18;22;1;1;2;18;0;0;0;0;0;;;;;
2279;49;1954;18;1;0;0;17;18;1;0;0;17;0;0;0;0;0;;;;;
2280;49;1955;14;0;0;1;13;14;0;0;1;13;0;0;0;0;0;;;;;
2281;49;1956;20;1;2;0;17;20;1;2;0;17;0;0;0;0;0;;;;;
2282;49;1957;17;3;1;0;13;17;3;1;0;13;0;0;0;0;0;;;;;
2283;49;1958;13;1;1;0;11;13;1;1;0;11;0;0;0;0;0;;;;;
2284;49;1959;19;0;0;3;16;19;0;0;3;16;0;0;0;0;0;;;;;
2285;49;1960;15;1;3;1;10;15;1;3;1;10;0;0;0;0;0;;;;;
2286;49;1961;11;0;1;2;8;11;0;1;2;8;0;0;0;0;0;;;;;
2287;49;1962;14;0;0;1;13;14;0;0;1;13;0;0;0;0;0;;;;;
2288;49;1963;15;0;1;1;13;15;0;1;1;13;0;0;0;0;0;;;;;
2289;49;1964;15;0;1;1;13;15;0;1;1;13;0;0;0;0;0;;;;;
2290;49;1965;9;0;0;1;8;9;0;0;1;8;0;0;0;0;0;;;;;
2291;49;1966;16;0;0;2;14;16;0;0;2;14;0;0;0;0;0;;;;;
2292;49;1967;19;0;0;0;19;19;0;0;0;19;0;0;0;0;0;;;;;
2293;49;1968;10;0;0;0;10;10;0;0;0;10;0;0;0;0;0;;;;;
2294;49;1969;8;0;0;0;8;8;0;0;0;8;0;0;0;0;0;;;;;
2295;49;1970;9;1;0;1;7;9;1;0;1;7;0;0;0;0;0;;;;;
2296;49;1971;4;0;1;0;3;4;0;1;0;3;0;0;0;0;0;;;;;
2297;49;1972;7;0;0;0;7;7;0;0;0;7;0;0;0;0;0;;;;;
2298;49;1973;7;0;1;0;6;7;0;1;0;6;0;0;0;0;0;;;;;
2299;49;1974;8;1;0;1;6;7;0;0;1;6;1;1;0;0;0;;;;;
2300;49;1975;6;1;2;1;2;6;1;2;1;2;0;0;0;0;0;;;;;
2301;49;1976;1;0;0;0;1;1;0;0;0;1;0;0;0;0;0;;;;;
2302;49;1977;7;1;1;0;5;7;1;1;0;5;0;0;0;0;0;;;;;
2303;49;1978;5;2;0;0;3;4;1;0;0;3;1;1;0;0;0;;;;;
2304;49;1979;4;0;3;0;1;4;0;3;0;1;0;0;0;0;0;;;;;
2305;49;1980;14;3;1;1;9;14;3;1;1;9;0;0;0;0;0;;;;;
2306;49;1981;8;0;0;1;7;7;0;0;1;6;1;0;0;0;1;;;;;
2307;49;1982;6;4;2;0;0;4;3;1;0;0;2;1;1;0;0;;;;;
2308;49;1983;10;2;1;1;6;10;2;1;1;6;0;0;0;0;0;;;;;
2309;49;1984;11;3;1;0;7;10;2;1;0;7;1;1;0;0;0;;;;;
2310;49;1985;9;1;1;0;7;9;1;1;0;7;0;0;0;0;0;;;;;
2311;49;1986;14;1;0;0;13;14;1;0;0;13;0;0;0;0;0;;;;;
2312;49;1987;13;2;2;1;8;12;2;1;1;8;1;0;1;0;0;;;;;
2313;49;1988;13;0;0;0;13;13;0;0;0;13;0;0;0;0;0;;;;;
2314;49;1989;21;2;1;0;18;21;2;1;0;18;0;0;0;0;0;;;;;
2315;49;1990;21;1;2;0;18;19;0;1;0;18;2;1;1;0;0;;;;;
2316;49;1991;16;0;0;1;15;16;0;0;1;15;0;0;0;0;0;;;;;
2317;49;1992;15;0;0;0;15;15;0;0;0;15;0;0;0;0;0;;;;;
2318;49;1993;13;1;1;2;9;12;1;1;2;8;1;0;0;0;1;;;;;
2319;49;1994;5;1;1;1;2;4;0;1;1;2;1;1;0;0;0;;;;;
2320;49;1995;6;0;0;0;6;6;0;0;0;6;0;0;0;0;0;0.0;0.0;0.0;0.0;0.0
2321;49;1996;7;2;2;0;3;7;2;2;0;3;0;0;0;0;0;2.0;1.0;0.0;0.0;1.0
2322;49;1997;3;1;0;0;2;3;1;0;0;2;0;0;0;0;0;0.0;0.0;0.0;0.0;0.0
2323;49;1998;5;2;1;1;1;3;1;1;0;1;2;1;0;1;0;1.0;0.0;0.0;0.0;1.0
2324;49;1999;4;0;0;1;3;4;0;0;1;3;0;0;0;0;0;2.0;0.0;1.0;0.0;1.0
2325;49;2000;4;1;0;0;3;4;1;0;0;3;0;0;0;0;0;0.0;0.0;0.0;0.0;0.0
2326;49;2001;4;1;0;0;3;4;1;0;0;3;0;0;0;0;0;0.0;0.0;0.0;0.0;0.0
2327;49;2002;5;0;1;0;4;5;0;1;0;4;0;0;0;0;0;0.0;0.0;0.0;0.0;0.0
2328;49;2003;4;3;0;0;1;4;3;0;0;1;0;0;0;0;0;0.0;0.0;0.0;0.0;0.0
2329;49;2004;5;2;1;1;1;3;1;0;1;1;2;1;1;0;0;0.0;0.0;0.0;0.0;0.0
2330;49;2005;6;2;1;0;3;4;1;0;0;3;2;1;1;0;0;0.0;0.0;0.0;0.0;0.0
2331;49;2006;5;1;1;1;2;3;1;1;1;0;2;0;0;0;2;0.0;0.0;0.0;0.0;0.0
2332;49;2007;3;0;2;1;0;0;0;0;0;0;3;0;2;1;0;0.0;0.0;0.0;0.0;0.0
2333;49;2008;7;5;0;1;1;7;5;0;1;1;0;0;0;0;0;0.0;0.0;0.0;0.0;0.0
2334;49;2009;10;2;1;2;5;5;1;0;1;3;5;1;1;1;2;0.0;0.0;0.0;0.0;0.0
2335;49;2010;9;6;0;1;2;4;3;0;0;1;5;3;0;1;1;0.0;0.0;0.0;0.0;0.0
2336;49;2011;10;3;1;3;3;7;3;1;1;2;3;0;0;2;1;0.0;0.0;0.0;0.0;0.0
2337;49;2012;18;11;2;0;5;12;9;1;0;2;6;2;1;0;3;0.0;0.0;0.0;0.0;0.0
2338;49;2013;5;5;0;0;0;3;3;0;0;0;2;2;0;0;0;1.0;0.0;1.0;0.0;0.0
2339;49;2014;14;9;2;0;3;13;9;2;0;2;1;0;0;0;1;0.0;0.0;0.0;0.0;0.0
2340;50;1950;6;0;0;1;5;6;0;0;1;5;0;0;0;0;0;;;;;
2341;50;1951;12;0;0;2;10;12;0;0;2;10;0;0;0;0;0;;;;;
2342;50;1952;7;0;0;0;7;7;0;0;0;7;0;0;0;0;0;;;;;
2343;50;1953;5;0;0;2;3;5;0;0;2;3;0;0;0;0;0;;;;;
2344;50;1954;9;0;1;0;8;9;0;1;0;8;0;0;0;0;0;;;;;
2345;50;1955;8;0;1;0;7;8;0;1;0;7;0;0;0;0;0;;;;;
2346;50;1956;11;0;0;3;8;11;0;0;3;8;0;0;0;0;0;;;;;
2347;50;1957;8;0;0;0;8;8;0;0;0;8;0;0;0;0;0;;;;;
2348;50;1958;5;1;0;0;4;5;1;0;0;4;0;0;0;0;0;;;;;
2349;50;1959;5;0;1;0;4;5;0;1;0;4;0;0;0;0;0;;;;;
2350;50;1960;4;0;0;0;4;4;0;0;0;4;0;0;0;0;0;;;;;
2351;50;1961;4;0;0;1;3;4;0;0;1;3;0;0;0;0;0;;;;;
2352;50;1962;8;0;0;1;7;8;0;0;1;7;0;0;0;0;0;;;;;
2353;50;1963;3;0;0;0;3;3;0;0;0;3;0;0;0;0;0;;;;;
2354;50;1964;4;0;0;0;4;4;0;0;0;4;0;0;0;0;0;;;;;
2355;50;1965;3;0;0;0;3;3;0;0;0;3;0;0;0;0;0;;;;;
2356;50;1966;0;0;0;0;0;0;0;0;0;0;0;0;0;0;0;;;;;
2357;50;1967;0;0;0;0;0;0;0;0;0;0;0;0;0;0;0;;;;;
2358;50;1968;7;5;1;0;1;7;5;1;0;1;0;0;0;0;0;;;;;
2359;50;1969;9;3;1;1;4;8;3;1;0;4;1;0;0;1;0;;;;;
2360;50;1970;4;2;0;2;0;4;2;0;2;0;0;0;0;0;0;;;;;
2361;50;1971;6;4;2;0;0;6;4;2;0;0;0;0;0;0;0;;;;;
2362;50;1972;3;0;1;1;1;3;0;1;1;1;0;0;0;0;0;;;;;
2363;50;1973;7;0;2;1;4;6;0;2;1;3;1;0;0;0;1;;;;;
2364;50;1974;6;1;1;0;4;6;1;1;0;4;0;0;0;0;0;;;;;
2365;50;1975;2;1;1;0;0;2;1;1;0;0;0;0;0;0;0;;;;;
2366;50;1976;6;2;2;1;1;6;2;2;1;1;0;0;0;0;0;;;;;
2367;50;1977;4;0;1;1;2;4;0;1;1;2;0;0;0;0;0;;;;;
2368;50;1978;4;0;3;1;0;4;0;3;1;0;0;0;0;0;0;;;;;
2369;50;1979;4;1;0;0;3;4;1;0;0;3;0;0;0;0;0;;;;;
2370;50;1980;17;3;2;0;12;17;3;2;0;12;0;0;0;0;0;;;;;
2371;50;1981;17;1;3;3;10;17;1;3;3;10;0;0;0;0;0;;;;;
2372;50;1982;19;2;2;2;13;18;2;2;2;12;1;0;0;0;1;;;;;
2373;50;1983;24;3;4;5;12;20;2;4;3;11;4;1;0;2;1;;;;;
2374;50;1984;23;5;8;3;7;22;5;8;3;6;1;0;0;0;1;;;;;
2375;50;1985;26;1;7;4;14;26;1;7;4;14;0;0;0;0;0;;;;;
2376;50;1986;26;4;5;0;17;25;4;4;0;17;1;0;1;0;0;;;;;
2377;50;1987;17;2;2;0;13;17;2;2;0;13;0;0;0;0;0;;;;;
2378;50;1988;26;3;5;2;16;24;3;3;2;16;2;0;2;0;0;;;;;
2379;50;1989;26;5;0;1;20;24;3;0;1;20;2;2;0;0;0;;;;;
2380;50;1990;48;6;2;2;38;43;3;0;2;38;5;3;2;0;0;;;;;
2381;50;1991;36;4;4;2;26;33;2;4;1;26;3;2;0;1;0;;;;;
2382;50;1992;37;3;5;4;25;36;2;5;4;25;1;1;0;0;0;;;;;
2383;50;1993;34;3;4;1;26;31;3;2;0;26;3;0;2;1;0;;;;;
2384;50;1994;30;7;5;2;16;26;3;5;2;16;4;4;0;0;0;;;;;
2385;50;1995;16;2;1;0;13;15;1;1;0;13;1;1;0;0;0;0.0;0.0;0.0;0.0;0.0
2386;50;1996;21;6;1;1;13;19;5;1;1;12;2;1;0;0;1;1.0;0.0;0.0;0.0;1.0
2387;50;1997;7;3;0;0;4;6;2;0;0;4;1;1;0;0;0;0.0;0.0;0.0;0.0;0.0
2388;50;1998;4;1;1;0;2;4;1;1;0;2;0;0;0;0;0;0.0;0.0;0.0;0.0;0.0
2389;50;1999;9;1;1;0;7;7;0;0;0;7;2;1;1;0;0;0.0;0.0;0.0;0.0;0.0
2390;50;2000;8;2;1;1;4;7;1;1;1;4;1;1;0;0;0;0.0;0.0;0.0;0.0;0.0
2391;50;2001;1;0;0;0;1;1;0;0;0;1;0;0;0;0;0;0.0;0.0;0.0;0.0;0.0
2392;50;2002;8;2;1;2;3;6;1;0;2;3;2;1;1;0;0;0.0;0.0;0.0;0.0;0.0
2393;50;2003;5;0;2;2;1;3;0;1;2;0;2;0;1;0;1;0.0;0.0;0.0;0.0;0.0
2394;50;2004;2;1;0;0;1;1;0;0;0;1;1;1;0;0;0;0.0;0.0;0.0;0.0;0.0
2395;50;2005;6;4;1;0;1;4;3;1;0;0;2;1;0;0;1;0.0;0.0;0.0;0.0;0.0
2396;50;2006;4;2;0;1;1;2;1;0;0;1;2;1;0;1;0;0.0;0.0;0.0;0.0;0.0
2397;50;2007;13;6;3;0;4;5;2;0;0;3;8;4;3;0;1;0.0;0.0;0.0;0.0;0.0
2398;50;2008;14;5;3;2;4;9;2;1;2;4;5;3;2;0;0;0.0;0.0;0.0;0.0;0.0
2399;50;2009;8;6;1;1;0;2;1;1;0;0;6;5;0;1;0;0.0;0.0;0.0;0.0;0.0
2400;50;2010;14;7;4;0;3;10;6;1;0;3;4;1;3;0;0;0.0;0.0;0.0;0.0;0.0
2401;50;2011;23;14;6;0;3;13;9;2;0;2;10;5;4;0;1;1.0;1.0;0.0;0.0;0.0
2402;50;2012;13;6;3;2;2;7;3;1;2;1;6;3;2;0;1;0.0;0.0;0.0;0.0;0.0
2403;50;2013;12;7;3;2;0;9;5;2;2;0;3;2;1;0;0;1.0;0.0;1.0;0.0;0.0
2404;50;2014;33;15;7;6;5;19;8;5;2;4;14;7;2;4;1;0.0;0.0;0.0;0.0;0.0
2405;Jonger dan 20 jaar;1950;4969;4340;567;57;5;4230;3626;544;55;5;739;714;23;2;0;;;;;
2406;Jonger dan 20 jaar;1951;5260;4587;617;52;4;4592;3936;602;50;4;668;651;15;2;0;;;;;
2407;Jonger dan 20 jaar;1952;5469;4790;626;50;3;4744;4092;602;47;3;725;698;24;3;0;;;;;
2408;Jonger dan 20 jaar;1953;5234;4547;643;44;0;4578;3909;625;44;0;656;638;18;0;0;;;;;
2409;Jonger dan 20 jaar;1954;5120;4427;638;51;4;4494;3820;620;50;4;626;607;18;1;0;;;;;
2410;Jonger dan 20 jaar;1955;5467;4749;668;47;3;4856;4162;645;46;3;611;587;23;1;0;;;;;
2411;Jonger dan 20 jaar;1956;5646;4899;690;54;3;4984;4260;667;54;3;662;639;23;0;0;;;;;
2412;Jonger dan 20 jaar;1957;6013;5233;722;55;3;5278;4522;700;54;2;735;711;22;1;1;;;;;
2413;Jonger dan 20 jaar;1958;6281;5448;766;62;5;5524;4722;740;57;5;757;726;26;5;0;;;;;
2414;Jonger dan 20 jaar;1959;6906;5961;861;75;9;5963;5060;822;72;9;943;901;39;3;0;;;;;
2415;Jonger dan 20 jaar;1960;7306;6234;972;91;9;6403;5369;936;89;9;903;865;36;2;0;;;;;
2416;Jonger dan 20 jaar;1961;8225;7063;1066;88;8;7156;6030;1035;83;8;1069;1033;31;5;0;;;;;
2417;Jonger dan 20 jaar;1962;9156;7866;1165;119;6;8006;6763;1120;117;6;1150;1103;45;2;0;;;;;
2418;Jonger dan 20 jaar;1963;10299;8755;1414;123;7;9076;7578;1371;120;7;1223;1177;43;3;0;;;;;
2419;Jonger dan 20 jaar;1964;11029;9439;1443;137;10;9630;8080;1406;134;10;1399;1359;37;3;0;;;;;
2420;Jonger dan 20 jaar;1965;12109;10428;1536;136;9;10685;9056;1487;133;9;1424;1372;49;3;0;;;;;
2421;Jonger dan 20 jaar;1966;12837;11019;1676;130;12;11305;9560;1610;123;12;1532;1459;66;7;0;;;;;
2422;Jonger dan 20 jaar;1967;12526;10879;1515;124;8;10961;9394;1443;117;7;1565;1485;72;7;1;;;;;
2423;Jonger dan 20 jaar;1968;11825;10301;1429;92;3;10302;8835;1373;91;3;1523;1466;56;1;0;;;;;
2424;Jonger dan 20 jaar;1969;12318;10783;1436;89;10;10587;9114;1377;86;10;1731;1669;59;3;0;;;;;
2425;Jonger dan 20 jaar;1970;12243;10816;1328;86;13;10527;9164;1267;84;12;1716;1652;61;2;1;;;;;
2426;Jonger dan 20 jaar;1971;12168;10719;1355;77;17;10640;9251;1298;75;16;1528;1468;57;2;1;;;;;
2427;Jonger dan 20 jaar;1972;11002;9714;1223;61;4;9583;8347;1175;59;2;1419;1367;48;2;2;;;;;
2428;Jonger dan 20 jaar;1973;9606;8498;1068;36;4;8382;7322;1023;33;4;1224;1176;45;3;0;;;;;
2429;Jonger dan 20 jaar;1974;8581;7564;961;55;1;7430;6460;918;51;1;1151;1104;43;4;0;;;;;
2430;Jonger dan 20 jaar;1975;7230;6326;854;48;2;6115;5267;805;42;1;1115;1059;49;6;1;;;;;
2431;Jonger dan 20 jaar;1976;6598;5724;835;38;1;5416;4621;767;27;1;1182;1103;68;11;0;;;;;
2432;Jonger dan 20 jaar;1977;5980;5274;668;35;3;4780;4129;615;33;3;1200;1145;53;2;0;;;;;
2433;Jonger dan 20 jaar;1978;5637;4955;629;49;4;4380;3765;573;40;2;1257;1190;56;9;2;;;;;
2434;Jonger dan 20 jaar;1979;5387;4683;662;40;2;4115;3488;593;33;1;1272;1195;69;7;1;;;;;
2435;Jonger dan 20 jaar;1980;5631;4936;654;39;2;4200;3592;571;37;0;1431;1344;83;2;2;;;;;
2436;Jonger dan 20 jaar;1981;5549;4846;674;29;0;4125;3512;587;26;0;1424;1334;87;3;0;;;;;
2437;Jonger dan 20 jaar;1982;5006;4313;659;33;1;3451;2856;569;26;0;1555;1457;90;7;1;;;;;
2438;Jonger dan 20 jaar;1983;4666;4020;608;36;2;3043;2511;499;33;0;1623;1509;109;3;2;;;;;
2439;Jonger dan 20 jaar;1984;4457;3881;549;26;1;2882;2423;439;19;1;1575;1458;110;7;0;;;;;
2440;Jonger dan 20 jaar;1985;4116;3598;472;46;0;2575;2175;362;38;0;1541;1423;110;8;0;;;;;
2441;Jonger dan 20 jaar;1986;4051;3570;442;33;6;2445;2083;333;27;2;1606;1487;109;6;4;;;;;
2442;Jonger dan 20 jaar;1987;3985;3512;437;35;1;2437;2050;358;28;1;1548;1462;79;7;0;;;;;
2443;Jonger dan 20 jaar;1988;4187;3671;492;20;4;2518;2117;386;13;2;1669;1554;106;7;2;;;;;
2444;Jonger dan 20 jaar;1989;4243;3803;414;22;4;2564;2233;311;18;2;1679;1570;103;4;2;;;;;
2445;Jonger dan 20 jaar;1990;4377;3922;426;29;0;2642;2291;330;21;0;1735;1631;96;8;0;;;;;
2446;Jonger dan 20 jaar;1991;4131;3683;416;29;3;2444;2115;305;24;0;1687;1568;111;5;3;;;;;
2447;Jonger dan 20 jaar;1992;3682;3267;391;23;1;2184;1872;296;15;1;1498;1395;95;8;0;;;;;
2448;Jonger dan 20 jaar;1993;3347;2977;344;23;3;1950;1673;260;14;3;1397;1304;84;9;0;;;;;
2449;Jonger dan 20 jaar;1994;3139;2795;313;30;1;1710;1476;218;16;0;1429;1319;95;14;1;;;;;
2450;Jonger dan 20 jaar;1995;2635;2307;299;28;1;1226;1018;192;16;0;1409;1289;107;12;1;21.0;20.0;1.0;0.0;0.0
2451;Jonger dan 20 jaar;1996;2511;2274;225;10;2;961;838;117;5;1;1550;1436;108;5;1;23.0;23.0;0.0;0.0;0.0
2452;Jonger dan 20 jaar;1997;2733;2493;227;13;0;1067;946;114;7;0;1666;1547;113;6;0;19.0;19.0;0.0;0.0;0.0
2453;Jonger dan 20 jaar;1998;2832;2591;231;9;1;992;886;102;4;0;1840;1705;129;5;1;32.0;32.0;0.0;0.0;0.0
2454;Jonger dan 20 jaar;1999;3065;2820;232;13;0;939;857;81;1;0;2126;1963;151;12;0;25.0;23.0;2.0;0.0;0.0
2455;Jonger dan 20 jaar;2000;3357;3067;280;9;1;903;813;88;2;0;2454;2254;192;7;1;28.0;26.0;2.0;0.0;0.0
2456;Jonger dan 20 jaar;2001;3569;3247;297;23;2;847;770;72;5;0;2722;2477;225;18;2;34.0;31.0;3.0;0.0;0.0
2457;Jonger dan 20 jaar;2002;3516;3173;315;24;4;758;679;70;6;3;2758;2494;245;18;1;31.0;25.0;6.0;0.0;0.0
2458;Jonger dan 20 jaar;2003;3340;3017;296;21;6;735;651;71;7;6;2605;2366;225;14;0;19.0;7.0;12.0;0.0;0.0
2459;Jonger dan 20 jaar;2004;3004;2686;300;17;1;637;569;65;2;1;2367;2117;235;15;0;10.0;9.0;1.0;0.0;0.0
2460;Jonger dan 20 jaar;2005;2795;2547;233;15;0;534;479;52;3;0;2261;2068;181;12;0;15.0;11.0;4.0;0.0;0.0
2461;Jonger dan 20 jaar;2006;2549;2329;209;11;0;366;328;38;0;0;2183;2001;171;11;0;23.0;23.0;0.0;0.0;0.0
2462;Jonger dan 20 jaar;2007;2543;2359;177;7;0;350;321;28;1;0;2193;2038;149;6;0;20.0;18.0;2.0;0.0;0.0
2463;Jonger dan 20 jaar;2008;2553;2351;195;6;1;308;270;36;1;1;2245;2081;159;5;0;11.0;6.0;5.0;0.0;0.0
2464;Jonger dan 20 jaar;2009;2636;2421;203;9;3;316;263;51;2;0;2320;2158;152;7;3;21.0;20.0;1.0;0.0;0.0
2465;Jonger dan 20 jaar;2010;2536;2339;183;14;0;315;275;35;5;0;2221;2064;148;9;0;11.0;10.0;1.0;0.0;0.0
2466;Jonger dan 20 jaar;2011;2365;2189;167;9;0;303;256;44;3;0;2062;1933;123;6;0;14.0;12.0;2.0;0.0;0.0
2467;Jonger dan 20 jaar;2012;2203;2052;146;5;0;253;221;30;2;0;1950;1831;116;3;0;10.0;10.0;0.0;0.0;0.0
2468;Jonger dan 20 jaar;2013;1901;1784;114;3;0;249;220;28;1;0;1652;1564;86;2;0;3.0;2.0;0.0;1.0;0.0
2469;Jonger dan 20 jaar;2014;1796;1666;127;3;0;204;175;28;1;0;1592;1491;99;2;0;6.0;6.0;0.0;0.0;0.0
2470;20 tot 25 jaar;1950;37176;21652;11003;3505;1016;35953;20627;10859;3469;998;1223;1025;144;36;18;;;;;
2471;20 tot 25 jaar;1951;38496;22915;11002;3451;1128;37326;21947;10843;3422;1114;1170;968;159;29;14;;;;;
2472;20 tot 25 jaar;1952;39722;24428;10577;3396;1321;38645;23545;10433;3360;1307;1077;883;144;36;14;;;;;
2473;20 tot 25 jaar;1953;39081;23951;10793;3242;1095;38019;23038;10683;3214;1084;1062;913;110;28;11;;;;;
2474;20 tot 25 jaar;1954;39615;24145;11076;3266;1128;38544;23263;10941;3232;1108;1071;882;135;34;20;;;;;
2475;20 tot 25 jaar;1955;40180;24627;11031;3367;1155;39219;23808;10930;3338;1143;961;819;101;29;12;;;;;
2476;20 tot 25 jaar;1956;41084;25566;11127;3171;1220;40090;24747;11005;3134;1204;994;819;122;37;16;;;;;
2477;20 tot 25 jaar;1957;42608;26686;11421;3294;1207;41605;25848;11303;3262;1192;1003;838;118;32;15;;;;;
2478;20 tot 25 jaar;1958;44468;28287;11747;3315;1119;43482;27471;11628;3270;1113;986;816;119;45;6;;;;;
2479;20 tot 25 jaar;1959;46760;29663;12643;3267;1187;45659;28770;12488;3226;1175;1101;893;155;41;12;;;;;
2480;20 tot 25 jaar;1960;47668;29766;13272;3480;1150;46579;28854;13157;3433;1135;1089;912;115;47;15;;;;;
2481;20 tot 25 jaar;1961;51375;32314;13998;3832;1231;50211;31369;13839;3786;1217;1164;945;159;46;14;;;;;
2482;20 tot 25 jaar;1962;54042;33927;14994;3847;1274;52799;32882;14844;3813;1260;1243;1045;150;34;14;;;;;
2483;20 tot 25 jaar;1963;57229;35495;16153;4229;1352;55874;34392;15986;4171;1325;1355;1103;167;58;27;;;;;
2484;20 tot 25 jaar;1964;60135;37089;17363;4376;1307;58609;35856;17153;4313;1287;1526;1233;210;63;20;;;;;
2485;20 tot 25 jaar;1965;62193;39215;17431;4365;1182;60599;37916;17232;4291;1160;1594;1299;199;74;22;;;;;
2486;20 tot 25 jaar;1966;65182;41981;18189;4024;988;63531;40639;17968;3964;960;1651;1342;221;60;28;;;;;
2487;20 tot 25 jaar;1967;71661;46614;20211;3913;923;69830;45100;19972;3852;906;1831;1514;239;61;17;;;;;
2488;20 tot 25 jaar;1968;75599;48866;21865;4022;846;73784;47373;21629;3957;825;1815;1493;236;65;21;;;;;
2489;20 tot 25 jaar;1969;81046;51020;24616;4486;924;79034;49369;24366;4409;890;2012;1651;250;77;34;;;;;
2490;20 tot 25 jaar;1970;78881;49353;24619;4163;746;77143;47939;24380;4094;730;1738;1414;239;69;16;;;;;
2491;20 tot 25 jaar;1971;76096;47449;23948;3962;737;74548;46231;23728;3884;705;1548;1218;220;78;32;;;;;
2492;20 tot 25 jaar;1972;69920;44113;22182;3058;567;68596;43069;21983;3000;544;1324;1044;199;58;23;;;;;
2493;20 tot 25 jaar;1973;62031;39275;20006;2384;366;60884;38376;19819;2336;353;1147;899;187;48;13;;;;;
2494;20 tot 25 jaar;1974;58060;37006;18781;1977;296;56843;36067;18575;1920;281;1217;939;206;57;15;;;;;
2495;20 tot 25 jaar;1975;54165;34503;17525;1856;281;52839;33553;17252;1784;250;1326;950;273;72;31;;;;;
2496;20 tot 25 jaar;1976;52827;33258;17377;1915;277;51391;32213;17082;1842;254;1436;1045;295;73;23;;;;;
2497;20 tot 25 jaar;1977;49610;31392;16069;1876;273;47968;30149;15765;1798;256;1642;1243;304;78;17;;;;;
2498;20 tot 25 jaar;1978;48720;31033;15413;1983;291;46985;29724;15074;1916;271;1735;1309;339;67;20;;;;;
2499;20 tot 25 jaar;1979;47343;30676;14319;2024;324;45373;29220;13914;1935;304;1970;1456;405;89;20;;;;;
2500;20 tot 25 jaar;1980;47220;30772;14079;2016;353;44720;28902;13583;1908;327;2500;1870;496;108;26;;;;;
2501;20 tot 25 jaar;1981;44649;29029;13217;2058;345;41805;26865;12674;1945;321;2844;2164;543;113;24;;;;;
2502;20 tot 25 jaar;1982;42088;27556;12177;2000;355;38712;24954;11539;1888;331;3376;2602;638;112;24;;;;;
2503;20 tot 25 jaar;1983;40304;26861;11256;1867;320;36435;23861;10535;1737;302;3869;3000;721;130;18;;;;;
2504;20 tot 25 jaar;1984;39795;26924;10673;1853;345;35420;23579;9810;1715;316;4375;3345;863;138;29;;;;;
2505;20 tot 25 jaar;1985;37820;25022;10690;1744;364;33242;21527;9794;1586;335;4578;3495;896;158;29;;;;;
2506;20 tot 25 jaar;1986;36252;23873;10325;1730;324;31529;20371;9316;1557;285;4723;3502;1009;173;39;;;;;
2507;20 tot 25 jaar;1987;33821;22376;9522;1623;300;29060;18844;8496;1447;273;4761;3532;1026;176;27;;;;;
2508;20 tot 25 jaar;1988;31823;21347;8700;1501;275;26699;17455;7676;1323;245;5124;3892;1024;178;30;;;;;
2509;20 tot 25 jaar;1989;30359;20610;8085;1403;261;25011;16522;7023;1240;226;5348;4088;1062;163;35;;;;;
2510;20 tot 25 jaar;1990;29863;20597;7700;1301;265;24098;16095;6647;1130;226;5765;4502;1053;171;39;;;;;
2511;20 tot 25 jaar;1991;28568;19859;7274;1201;234;22499;15165;6093;1036;205;6069;4694;1181;165;29;;;;;
2512;20 tot 25 jaar;1992;26717;18049;7269;1191;208;20744;13494;6053;1021;176;5973;4555;1216;170;32;;;;;
2513;20 tot 25 jaar;1993;24945;16828;6762;1180;175;19101;12343;5606;1001;151;5844;4485;1156;179;24;;;;;
2514;20 tot 25 jaar;1994;23811;16140;6315;1137;219;17810;11498;5173;953;186;6001;4642;1142;184;33;;;;;
2515;20 tot 25 jaar;1995;21441;14308;5902;1050;181;15423;9796;4628;860;139;6018;4512;1274;190;42;143.0;125.0;13.0;5.0;0.0
2516;20 tot 25 jaar;1996;19495;13187;5294;884;130;13577;8553;4179;738;107;5918;4634;1115;146;23;147.0;118.0;23.0;5.0;1.0
2517;20 tot 25 jaar;1997;19137;13206;4999;803;129;12806;8277;3776;646;107;6331;4929;1223;157;22;156.0;136.0;14.0;6.0;0.0
2518;20 tot 25 jaar;1998;18630;13003;4741;774;112;12136;7944;3512;590;90;6494;5059;1229;184;22;146.0;115.0;26.0;4.0;1.0
2519;20 tot 25 jaar;1999;18575;13085;4631;756;103;11563;7601;3331;559;72;7012;5484;1300;197;31;128.0;107.0;12.0;7.0;2.0
2520;20 tot 25 jaar;2000;19657;14043;4763;737;114;11710;7883;3228;522;77;7947;6160;1535;215;37;146.0;126.0;17.0;3.0;0.0
2521;20 tot 25 jaar;2001;19548;14036;4702;701;109;11198;7610;3093;439;56;8350;6426;1609;262;53;140.0;103.0;28.0;5.0;4.0
2522;20 tot 25 jaar;2002;19799;14108;4871;737;83;11273;7629;3096;497;51;8526;6479;1775;240;32;129.0;106.0;18.0;4.0;1.0
2523;20 tot 25 jaar;2003;19827;14145;4868;711;103;10899;7411;3006;427;55;8928;6734;1862;284;48;131.0;78.0;50.0;3.0;0.0
2524;20 tot 25 jaar;2004;19598;13939;4841;708;110;10503;7179;2856;417;51;9095;6760;1985;291;59;131.0;105.0;21.0;5.0;0.0
2525;20 tot 25 jaar;2005;19004;13421;4739;745;99;9638;6470;2702;411;55;9366;6951;2037;334;44;119.0;90.0;26.0;3.0;0.0
2526;20 tot 25 jaar;2006;18687;13075;4794;701;117;8927;5925;2579;364;59;9760;7150;2215;337;58;127.0;102.0;21.0;3.0;1.0
2527;20 tot 25 jaar;2007;18715;13234;4586;799;96;8348;5634;2304;375;35;10367;7600;2282;424;61;89.0;66.0;16.0;6.0;1.0
2528;20 tot 25 jaar;2008;18769;13345;4567;733;124;7870;5262;2205;360;43;10899;8083;2362;373;81;86.0;49.0;35.0;2.0;0.0
2529;20 tot 25 jaar;2009;18902;13750;4416;634;102;7643;5283;2011;297;52;11259;8467;2405;337;50;89.0;70.0;16.0;2.0;1.0
2530;20 tot 25 jaar;2010;18911;13804;4340;667;100;8136;5794;1981;317;44;10775;8010;2359;350;56;75.0;59.0;9.0;5.0;2.0
2531;20 tot 25 jaar;2011;18272;13404;4190;599;79;7721;5522;1869;290;40;10551;7882;2321;309;39;62.0;50.0;9.0;2.0;1.0
2532;20 tot 25 jaar;2012;17723;12935;4141;573;74;7431;5271;1875;248;37;10292;7664;2266;325;37;70.0;54.0;13.0;2.0;1.0
2533;20 tot 25 jaar;2013;17029;12505;3874;572;78;6988;4965;1737;250;36;10041;7540;2137;322;42;53.0;42.0;10.0;1.0;0.0
2534;20 tot 25 jaar;2014;16731;12200;3847;587;97;6699;4711;1690;257;41;10032;7489;2157;330;56;56.0;43.0;12.0;1.0;0.0
2535;25 tot 30 jaar;1950;72869;24425;24331;13789;10324;72140;23994;24193;13703;10250;729;431;138;86;74;;;;;
2536;25 tot 30 jaar;1951;71845;24927;23439;13342;10137;71210;24551;23315;13274;10070;635;376;124;68;67;;;;;
2537;25 tot 30 jaar;1952;72923;26241;23506;13050;10126;72291;25867;23373;12986;10065;632;374;133;64;61;;;;;
2538;25 tot 30 jaar;1953;71339;25409;23678;12577;9675;70798;25091;23570;12526;9611;541;318;108;51;64;;;;;
2539;25 tot 30 jaar;1954;71965;25987;24066;12528;9384;71389;25633;23978;12456;9322;576;354;88;72;62;;;;;
2540;25 tot 30 jaar;1955;72914;26892;24297;12579;9146;72406;26614;24178;12531;9083;508;278;119;48;63;;;;;
2541;25 tot 30 jaar;1956;74788;27691;25240;12560;9297;74242;27372;25141;12505;9224;546;319;99;55;73;;;;;
2542;25 tot 30 jaar;1957;77350;28938;26385;12833;9194;76819;28626;26283;12773;9137;531;312;102;60;57;;;;;
2543;25 tot 30 jaar;1958;78763;29487;27306;13044;8926;78204;29190;27207;12961;8846;559;297;99;83;80;;;;;
2544;25 tot 30 jaar;1959;80733;29080;28958;13531;9164;80151;28777;28843;13454;9077;582;303;115;77;87;;;;;
2545;25 tot 30 jaar;1960;79378;27689;29185;13704;8800;78826;27390;29076;13640;8720;552;299;109;64;80;;;;;
2546;25 tot 30 jaar;1961;81145;27447;30229;14349;9120;80582;27150;30118;14273;9041;563;297;111;76;79;;;;;
2547;25 tot 30 jaar;1962;80189;26978;29902;14583;8726;79624;26687;29767;14519;8651;565;291;135;64;75;;;;;
2548;25 tot 30 jaar;1963;81195;26755;30776;14665;8999;80559;26425;30651;14586;8897;636;330;125;79;102;;;;;
2549;25 tot 30 jaar;1964;81979;27333;31125;14996;8525;81334;26966;30987;14934;8447;645;367;138;62;78;;;;;
2550;25 tot 30 jaar;1965;81001;27849;31531;14254;7367;80320;27468;31391;14175;7286;681;381;140;79;81;;;;;
2551;25 tot 30 jaar;1966;79684;27500;32179;13664;6341;78941;27090;32025;13584;6242;743;410;154;80;99;;;;;
2552;25 tot 30 jaar;1967;78359;27227;32427;13150;5555;77606;26802;32274;13068;5462;753;425;153;82;93;;;;;
2553;25 tot 30 jaar;1968;78787;26725;33643;13188;5231;78044;26307;33503;13094;5140;743;418;140;94;91;;;;;
2554;25 tot 30 jaar;1969;83383;26887;36506;14471;5519;82574;26452;36346;14355;5421;809;435;160;116;98;;;;;
2555;25 tot 30 jaar;1970;81339;25446;36674;14212;5007;80596;25071;36528;14107;4890;743;375;146;105;117;;;;;
2556;25 tot 30 jaar;1971;80440;26290;36429;13389;4332;79797;25998;36262;13295;4242;643;292;167;94;90;;;;;
2557;25 tot 30 jaar;1972;83336;29445;38206;12042;3643;82646;29082;38056;11953;3555;690;363;150;89;88;;;;;
2558;25 tot 30 jaar;1973;81041;29860;38263;10088;2830;80385;29520;38121;9992;2752;656;340;142;96;78;;;;;
2559;25 tot 30 jaar;1974;80700;30018;39203;9190;2289;79985;29658;39003;9106;2218;715;360;200;84;71;;;;;
2560;25 tot 30 jaar;1975;79905;30419;38512;8748;2226;79179;30074;38308;8650;2147;726;345;204;98;79;;;;;
2561;25 tot 30 jaar;1976;80197;30492;38348;9135;2222;79281;30038;38110;9011;2122;916;454;238;124;100;;;;;
2562;25 tot 30 jaar;1977;77426;29485;36822;8981;2138;76358;28934;36526;8843;2055;1068;551;296;138;83;;;;;
2563;25 tot 30 jaar;1978;78282;30504;36261;9344;2173;76985;29811;35916;9177;2081;1297;693;345;167;92;;;;;
2564;25 tot 30 jaar;1979;77743;31386;34357;9630;2370;76225;30530;33971;9435;2289;1518;856;386;195;81;;;;;
2565;25 tot 30 jaar;1980;80222;32649;34501;10496;2576;78289;31569;33981;10253;2486;1933;1080;520;243;90;;;;;
2566;25 tot 30 jaar;1981;79416;32649;33718;10444;2605;77075;31233;33125;10199;2518;2341;1416;593;245;87;;;;;
2567;25 tot 30 jaar;1982;75938;31324;32002;9913;2699;73111;29622;31296;9599;2594;2827;1702;706;314;105;;;;;
2568;25 tot 30 jaar;1983;74862;32308;30604;9372;2578;71552;30264;29783;9040;2465;3310;2044;821;332;113;;;;;
2569;25 tot 30 jaar;1984;76868;34593;30536;9146;2593;72991;32237;29482;8795;2477;3877;2356;1054;351;116;;;;;
2570;25 tot 30 jaar;1985;78075;35355;30897;9270;2553;73714;32697;29721;8874;2422;4361;2658;1176;396;131;;;;;
2571;25 tot 30 jaar;1986;80834;36514;32215;9486;2619;75999;33577;30912;9060;2450;4835;2937;1303;426;169;;;;;
2572;25 tot 30 jaar;1987;80819;37432;31463;9276;2648;75559;34213;30099;8776;2471;5260;3219;1364;500;177;;;;;
2573;25 tot 30 jaar;1988;79262;37974;29709;8973;2606;73601;34507;28169;8493;2432;5661;3467;1540;480;174;;;;;
2574;25 tot 30 jaar;1989;78209;37721;29135;8802;2551;72377;34225;27502;8266;2384;5832;3496;1633;536;167;;;;;
2575;25 tot 30 jaar;1990;80129;40015;29090;8506;2518;73508;35775;27380;7997;2356;6621;4240;1710;509;162;;;;;
2576;25 tot 30 jaar;1991;78405;40119;27953;7964;2369;71551;35806;26166;7398;2181;6854;4313;1787;566;188;;;;;
2577;25 tot 30 jaar;1992;74731;38221;26889;7362;2259;67654;33843;24958;6797;2056;7077;4378;1931;565;203;;;;;
2578;25 tot 30 jaar;1993;72317;37581;25876;6819;2041;64684;32735;23829;6265;1855;7633;4846;2047;554;186;;;;;
2579;25 tot 30 jaar;1994;70465;37344;24408;6747;1966;62133;32016;22187;6160;1770;8332;5328;2221;587;196;;;;;
2580;25 tot 30 jaar;1995;67510;36644;23218;5946;1702;58563;30969;20775;5299;1520;8947;5675;2443;647;182;385.0;317.0;55.0;9.0;4.0
2581;25 tot 30 jaar;1996;66123;36614;22262;5615;1632;56174;29864;19786;5050;1474;9949;6750;2476;565;158;409.0;310.0;78.0;12.0;9.0
2582;25 tot 30 jaar;1997;65746;37378;21438;5378;1552;54051;29444;18511;4716;1380;11695;7934;2927;662;172;408.0;308.0;66.0;20.0;14.0
2583;25 tot 30 jaar;1998;67037;38893;21187;5383;1574;53980;29850;18046;4690;1394;13057;9043;3141;693;180;412.0;296.0;81.0;29.0;6.0
2584;25 tot 30 jaar;1999;65106;37939;20601;5158;1408;50894;28082;17133;4459;1220;14212;9857;3468;699;188;390.0;278.0;79.0;23.0;10.0
2585;25 tot 30 jaar;2000;63742;36975;20267;5107;1393;48520;26452;16568;4350;1150;15222;10523;3699;757;243;379.0;264.0;88.0;22.0;5.0
2586;25 tot 30 jaar;2001;59335;34376;18984;4640;1335;43816;23666;15192;3849;1109;15519;10710;3792;791;226;353.0;246.0;75.0;27.0;5.0
2587;25 tot 30 jaar;2002;57051;32842;18437;4613;1159;40975;21824;14403;3782;966;16076;11018;4034;831;193;309.0;212.0;65.0;22.0;10.0
2588;25 tot 30 jaar;2003;55563;31807;18139;4512;1105;39028;20659;13849;3644;876;16535;11148;4290;868;229;269.0;172.0;72.0;16.0;9.0
2589;25 tot 30 jaar;2004;53489;30758;17519;4130;1082;36633;19340;13136;3300;857;16856;11418;4383;830;225;257.0;167.0;59.0;22.0;9.0
2590;25 tot 30 jaar;2005;52494;29800;17469;4218;1007;34829;18066;12693;3289;781;17665;11734;4776;929;226;232.0;157.0;61.0;12.0;2.0
2591;25 tot 30 jaar;2006;52967;29669;17887;4367;1044;33939;17188;12615;3344;792;19028;12481;5272;1023;252;217.0;138.0;55.0;20.0;4.0
2592;25 tot 30 jaar;2007;52427;29633;17407;4320;1067;32105;16308;11743;3265;789;20322;13325;5664;1055;278;190.0;112.0;55.0;17.0;6.0
2593;25 tot 30 jaar;2008;54553;30607;18347;4561;1038;32637;16377;12183;3334;743;21916;14230;6164;1227;295;210.0;117.0;80.0;9.0;4.0
2594;25 tot 30 jaar;2009;55302;31382;18311;4558;1051;32146;16611;11528;3289;718;23156;14771;6783;1269;333;177.0;98.0;52.0;20.0;7.0
2595;25 tot 30 jaar;2010;55577;31515;18476;4490;1096;33574;17495;12122;3188;769;22003;14020;6354;1302;327;172.0;108.0;45.0;15.0;4.0
2596;25 tot 30 jaar;2011;54389;30769;18121;4413;1086;32676;17088;11804;3050;734;21713;13681;6317;1363;352;159.0;103.0;41.0;11.0;4.0
2597;25 tot 30 jaar;2012;54046;30676;17856;4363;1151;31662;16512;11384;3008;758;22384;14164;6472;1355;393;152.0;93.0;39.0;15.0;5.0
2598;25 tot 30 jaar;2013;52894;30004;17623;4197;1070;30533;15940;11066;2826;701;22361;14064;6557;1371;369;148.0;101.0;32.0;13.0;2.0
2599;25 tot 30 jaar;2014;54087;30798;17908;4291;1090;30924;16245;11218;2764;697;23163;14553;6690;1527;393;142.0;96.0;29.0;12.0;5.0
2600;30 tot 35 jaar;1950;58077;8403;13771;13308;22595;57666;8247;13702;13239;22478;411;156;69;69;117;;;;;
2601;30 tot 35 jaar;1951;58281;8542;13867;13372;22500;57905;8411;13790;13311;22393;376;131;77;61;107;;;;;
2602;30 tot 35 jaar;1952;60083;9215;14475;13694;22699;59682;9057;14394;13638;22593;401;158;81;56;106;;;;;
2603;30 tot 35 jaar;1953;60879;9014;14905;13967;22993;60499;8875;14826;13913;22885;380;139;79;54;108;;;;;
2604;30 tot 35 jaar;1954;61941;9092;15571;14094;23184;61591;8970;15506;14036;23079;350;122;65;58;105;;;;;
2605;30 tot 35 jaar;1955;61558;9276;15326;14202;22754;61208;9129;15266;14151;22662;350;147;60;51;92;;;;;
2606;30 tot 35 jaar;1956;61047;9145;15542;14075;22285;60698;9013;15476;14013;22196;349;132;66;62;89;;;;;
2607;30 tot 35 jaar;1957;59666;8899;15431;14005;21331;59328;8779;15369;13956;21224;338;120;62;49;107;;;;;
2608;30 tot 35 jaar;1958;59436;8734;15567;13942;21193;59119;8606;15517;13899;21097;317;128;50;43;96;;;;;
2609;30 tot 35 jaar;1959;59806;8766;16273;14226;20541;59460;8649;16199;14182;20430;346;117;74;44;111;;;;;
2610;30 tot 35 jaar;1960;58006;7997;15524;14626;19859;57677;7858;15457;14596;19766;329;139;67;30;93;;;;;
2611;30 tot 35 jaar;1961;60177;7974;16241;15632;20330;59812;7848;16189;15566;20209;365;126;52;66;121;;;;;
2612;30 tot 35 jaar;1962;58693;7715;15851;15109;20018;58326;7587;15782;15060;19897;367;128;69;49;121;;;;;
2613;30 tot 35 jaar;1963;58270;7241;15755;15543;19731;57896;7102;15691;15489;19614;374;139;64;54;117;;;;;
2614;30 tot 35 jaar;1964;56716;7116;15101;15640;18859;56311;6960;15045;15562;18744;405;156;56;78;115;;;;;
2615;30 tot 35 jaar;1965;52339;6769;14460;14502;16608;51904;6628;14392;14434;16450;435;141;68;68;158;;;;;
2616;30 tot 35 jaar;1966;48220;6576;13858;13601;14185;47832;6407;13785;13558;14082;388;169;73;43;103;;;;;
2617;30 tot 35 jaar;1967;45223;6331;13675;12690;12527;44791;6172;13599;12614;12406;432;159;76;76;121;;;;;
2618;30 tot 35 jaar;1968;43055;6124;13252;12405;11274;42671;5984;13181;12347;11159;384;140;71;58;115;;;;;
2619;30 tot 35 jaar;1969;44003;5948;13666;13230;11159;43566;5787;13594;13155;11030;437;161;72;75;129;;;;;
2620;30 tot 35 jaar;1970;42218;5543;13602;13049;10024;41827;5418;13538;12987;9884;391;125;64;62;140;;;;;
2621;30 tot 35 jaar;1971;38081;5485;12681;11448;8467;37677;5359;12610;11381;8327;404;126;71;67;140;;;;;
2622;30 tot 35 jaar;1972;33538;5367;11969;9665;6537;33182;5241;11912;9596;6433;356;126;57;69;104;;;;;
2623;30 tot 35 jaar;1973;28985;5155;10837;7996;4997;28641;5040;10769;7928;4904;344;115;68;68;93;;;;;
2624;30 tot 35 jaar;1974;27596;5160;11233;7204;3999;27252;5039;11163;7143;3907;344;121;70;61;92;;;;;
2625;30 tot 35 jaar;1975;26795;5412;11140;6679;3564;26379;5273;11036;6593;3477;416;139;104;86;87;;;;;
2626;30 tot 35 jaar;1976;28390;5655;11992;7084;3659;27886;5479;11882;6977;3548;504;176;110;107;111;;;;;
2627;30 tot 35 jaar;1977;31655;6608;13685;7705;3657;31094;6385;13555;7591;3563;561;223;130;114;94;;;;;
2628;30 tot 35 jaar;1978;34515;7249;14873;8614;3779;33780;6951;14702;8474;3653;735;298;171;140;126;;;;;
2629;30 tot 35 jaar;1979;35815;7816;15051;9002;3946;34931;7410;14854;8851;3816;884;406;197;151;130;;;;;
2630;30 tot 35 jaar;1980;38893;8426;15734;10257;4476;37759;7894;15460;10060;4345;1134;532;274;197;131;;;;;
2631;30 tot 35 jaar;1981;39107;8430;15458;10380;4839;37626;7703;15056;10192;4675;1481;727;402;188;164;;;;;
2632;30 tot 35 jaar;1982;38200;8613;15002;9794;4791;36514;7772;14565;9560;4617;1686;841;437;234;174;;;;;
2633;30 tot 35 jaar;1983;39263;9641;15375;9386;4861;37025;8447;14842;9057;4679;2238;1194;533;329;182;;;;;
2634;30 tot 35 jaar;1984;41301;10636;15907;9882;4876;38805;9337;15223;9570;4675;2496;1299;684;312;201;;;;;
2635;30 tot 35 jaar;1985;45309;12211;17733;10324;5041;42271;10605;16890;9953;4823;3038;1606;843;371;218;;;;;
2636;30 tot 35 jaar;1986;49219;13724;19354;10982;5159;45650;11851;18316;10571;4912;3569;1873;1038;411;247;;;;;
2637;30 tot 35 jaar;1987;52800;15245;20949;11371;5235;48756;13063;19834;10867;4992;4044;2182;1115;504;243;;;;;
2638;30 tot 35 jaar;1988;55170;16643;21652;11593;5282;50708;14275;20366;11044;5023;4462;2368;1286;549;259;;;;;
2639;30 tot 35 jaar;1989;58300;17536;23238;12227;5299;53420;15042;21791;11598;4989;4880;2494;1447;629;310;;;;;
2640;30 tot 35 jaar;1990;63735;20098;24847;13265;5525;58100;17052;23224;12595;5229;5635;3046;1623;670;296;;;;;
2641;30 tot 35 jaar;1991;66089;21322;26301;13096;5370;59986;18112;24490;12362;5022;6103;3210;1811;734;348;;;;;
2642;30 tot 35 jaar;1992;68569;22161;27519;13307;5582;62089;18770;25473;12589;5257;6480;3391;2046;718;325;;;;;
2643;30 tot 35 jaar;1993;70777;23602;28983;12918;5274;63815;19877;26860;12138;4940;6962;3725;2123;780;334;;;;;
2644;30 tot 35 jaar;1994;72592;24557;29822;13078;5135;64774;20242;27541;12240;4751;7818;4315;2281;838;384;;;;;
2645;30 tot 35 jaar;1995;72513;25256;30484;12163;4610;63916;20756;27795;11171;4194;8597;4500;2689;992;416;375.0;243.0;89.0;25.0;18.0
2646;30 tot 35 jaar;1996;73821;26700;30639;12029;4453;64303;21303;27753;11158;4089;9518;5397;2886;871;364;401.0;238.0;100.0;47.0;16.0
2647;30 tot 35 jaar;1997;75609;28767;30853;11611;4378;64599;22346;27615;10646;3992;11010;6421;3238;965;386;455.0;270.0;118.0;51.0;16.0
2648;30 tot 35 jaar;1998;79384;30992;32154;11933;4305;66285;23254;28274;10879;3878;13099;7738;3880;1054;427;463.0;254.0;125.0;59.0;25.0
2649;30 tot 35 jaar;1999;80387;31258;33293;11700;4136;65932;22747;28872;10580;3733;14455;8511;4421;1120;403;445.0;239.0;139.0;42.0;25.0
2650;30 tot 35 jaar;2000;83919;32657;35068;11993;4201;67071;22982;29702;10684;3703;16848;9675;5366;1309;498;433.0;225.0;132.0;55.0;21.0
2651;30 tot 35 jaar;2001;83318;32556;35194;11538;4030;64596;21945;29005;10107;3539;18722;10611;6189;1431;491;450.0;217.0;146.0;55.0;32.0
2652;30 tot 35 jaar;2002;84226;32375;36135;11741;3975;63724;21106;29064;10104;3450;20502;11269;7071;1637;525;454.0;270.0;114.0;48.0;22.0
2653;30 tot 35 jaar;2003;82697;32023;35378;11510;3786;60905;20189;27572;9877;3267;21792;11834;7806;1633;519;419.0;208.0;131.0;59.0;21.0
2654;30 tot 35 jaar;2004;78530;30528;33276;11141;3585;56197;18537;25277;9335;3048;22333;11991;7999;1806;537;367.0;177.0;124.0;43.0;23.0
2655;30 tot 35 jaar;2005;73643;28380;31269;10602;3392;50967;16435;22975;8697;2860;22676;11945;8294;1905;532;348.0;157.0;110.0;60.0;21.0
2656;30 tot 35 jaar;2006;70547;26973;30159;10086;3329;47265;15163;21220;8143;2739;23282;11810;8939;1943;590;269.0;134.0;78.0;34.0;23.0
2657;30 tot 35 jaar;2007;67042;25933;28382;9554;3173;43642;13963;19424;7617;2638;23400;11970;8958;1937;535;258.0;115.0;85.0;39.0;19.0
2658;30 tot 35 jaar;2008;67854;26111;28638;10002;3103;42905;13573;18986;7815;2531;24949;12538;9652;2187;572;257.0;105.0;91.0;39.0;22.0
2659;30 tot 35 jaar;2009;67578;26598;28090;9800;3090;41213;13306;17938;7482;2487;26365;13292;10152;2318;603;192.0;83.0;63.0;40.0;6.0
2660;30 tot 35 jaar;2010;67585;26712;28003;9821;3049;42497;14107;18375;7540;2475;25088;12605;9628;2281;574;217.0;91.0;82.0;28.0;16.0
2661;30 tot 35 jaar;2011;67191;26497;28151;9555;2988;41711;13814;18259;7265;2373;25480;12683;9892;2290;615;221.0;95.0;75.0;36.0;15.0
2662;30 tot 35 jaar;2012;65820;25762;27820;9325;2913;40454;13320;17775;7053;2306;25366;12442;10045;2272;607;202.0;90.0;73.0;27.0;12.0
2663;30 tot 35 jaar;2013;64331;25005;27269;9016;3041;39137;12733;17353;6722;2329;25194;12272;9916;2294;712;170.0;77.0;53.0;28.0;12.0
2664;30 tot 35 jaar;2014;66460;25939;27835;9517;3169;39567;12947;17279;6909;2432;26893;12992;10556;2608;737;162.0;75.0;55.0;24.0;8.0
2665;35 tot 40 jaar;1950;39928;2830;5439;6772;24887;39694;2776;5402;6738;24778;234;54;37;34;109;;;;;
2666;35 tot 40 jaar;1951;38547;2654;4806;6557;24530;38278;2578;4758;6521;24421;269;76;48;36;109;;;;;
2667;35 tot 40 jaar;1952;37743;2648;4686;6285;24124;37501;2570;4644;6262;24025;242;78;42;23;99;;;;;
2668;35 tot 40 jaar;1953;35915;2370;4499;6221;22825;35696;2303;4469;6186;22738;219;67;30;35;87;;;;;
2669;35 tot 40 jaar;1954;34436;2219;4302;5888;22027;34217;2159;4256;5860;21942;219;60;46;28;85;;;;;
2670;35 tot 40 jaar;1955;34554;2350;4405;6126;21673;34312;2290;4368;6087;21567;242;60;37;39;106;;;;;
2671;35 tot 40 jaar;1956;34867;2274;4569;6039;21985;34649;2216;4537;6002;21894;218;58;32;37;91;;;;;
2672;35 tot 40 jaar;1957;34693;2289;4611;6284;21509;34472;2232;4586;6253;21401;221;57;25;31;108;;;;;
2673;35 tot 40 jaar;1958;35161;2425;4697;6355;21684;34939;2363;4660;6328;21588;222;62;37;27;96;;;;;
2674;35 tot 40 jaar;1959;35790;2474;4871;6615;21830;35512;2389;4838;6574;21711;278;85;33;41;119;;;;;
2675;35 tot 40 jaar;1960;34559;2260;5072;6461;20766;34306;2199;5023;6431;20653;253;61;49;30;113;;;;;
2676;35 tot 40 jaar;1961;34157;2318;4753;6582;20504;33905;2247;4717;6551;20390;252;71;36;31;114;;;;;
2677;35 tot 40 jaar;1962;32163;2181;4228;6453;19301;31902;2123;4197;6406;19176;261;58;31;47;125;;;;;
2678;35 tot 40 jaar;1963;31192;2039;4302;6367;18484;30915;1968;4269;6325;18353;277;71;33;42;131;;;;;
2679;35 tot 40 jaar;1964;30038;2046;4257;6277;17458;29769;1974;4214;6242;17339;269;72;43;35;119;;;;;
2680;35 tot 40 jaar;1965;27607;1879;4088;5926;15714;27335;1810;4047;5887;15591;272;69;41;39;123;;;;;
2681;35 tot 40 jaar;1966;24838;1858;3811;5565;13604;24586;1785;3767;5533;13501;252;73;44;32;103;;;;;
2682;35 tot 40 jaar;1967;22953;1907;3554;5438;12054;22713;1841;3516;5412;11944;240;66;38;26;110;;;;;
2683;35 tot 40 jaar;1968;21036;1760;3491;4806;10979;20788;1702;3446;4773;10867;248;58;45;33;112;;;;;
2684;35 tot 40 jaar;1969;20391;1682;3484;4863;10362;20121;1615;3439;4824;10243;270;67;45;39;119;;;;;
2685;35 tot 40 jaar;1970;18469;1585;3285;4523;9076;18200;1527;3249;4481;8943;269;58;36;42;133;;;;;
2686;35 tot 40 jaar;1971;15504;1458;2897;3802;7347;15250;1392;2854;3759;7245;254;66;43;43;102;;;;;
2687;35 tot 40 jaar;1972;12621;1385;2510;3102;5624;12407;1327;2482;3077;5521;214;58;28;25;103;;;;;
2688;35 tot 40 jaar;1973;10420;1284;2388;2383;4365;10190;1231;2346;2352;4261;230;53;42;31;104;;;;;
2689;35 tot 40 jaar;1974;8656;1114;2085;2169;3288;8458;1063;2053;2129;3213;198;51;32;40;75;;;;;
2690;35 tot 40 jaar;1975;7842;1151;2053;1850;2788;7657;1117;2023;1816;2701;185;34;30;34;87;;;;;
2691;35 tot 40 jaar;1976;7298;1120;1959;1697;2522;7054;1061;1916;1654;2423;244;59;43;43;99;;;;;
2692;35 tot 40 jaar;1977;7018;1089;1792;1674;2463;6815;1043;1756;1632;2384;203;46;36;42;79;;;;;
2693;35 tot 40 jaar;1978;6938;1047;1851;1733;2307;6665;972;1805;1671;2217;273;75;46;62;90;;;;;
2694;35 tot 40 jaar;1979;7321;1158;1924;1865;2374;7032;1080;1866;1800;2286;289;78;58;65;88;;;;;
2695;35 tot 40 jaar;1980;7797;1146;2039;1962;2650;7439;1034;1957;1895;2553;358;112;82;67;97;;;;;
2696;35 tot 40 jaar;1981;8285;1257;2203;2050;2775;7804;1115;2092;1945;2652;481;142;111;105;123;;;;;
2697;35 tot 40 jaar;1982;9266;1474;2432;2406;2954;8681;1248;2307;2296;2830;585;226;125;110;124;;;;;
2698;35 tot 40 jaar;1983;9686;1605;2596;2537;2948;8977;1325;2414;2415;2823;709;280;182;122;125;;;;;
2699;35 tot 40 jaar;1984;10473;1832;2845;2743;3053;9581;1446;2622;2602;2911;892;386;223;141;142;;;;;
2700;35 tot 40 jaar;1985;11208;2012;3139;2852;3205;10130;1611;2843;2655;3021;1078;401;296;197;184;;;;;
2701;35 tot 40 jaar;1986;12369;2455;3569;3054;3291;11069;1925;3201;2825;3118;1300;530;368;229;173;;;;;
2702;35 tot 40 jaar;1987;13256;2798;3863;3141;3454;11741;2167;3408;2901;3265;1515;631;455;240;189;;;;;
2703;35 tot 40 jaar;1988;14152;3240;4285;3183;3444;12394;2474;3789;2885;3246;1758;766;496;298;198;;;;;
2704;35 tot 40 jaar;1989;15601;3584;4977;3455;3585;13497;2695;4316;3139;3347;2104;889;661;316;238;;;;;
2705;35 tot 40 jaar;1990;17464;4180;5664;4002;3618;15040;3106;4915;3641;3378;2424;1074;749;361;240;;;;;
2706;35 tot 40 jaar;1991;18887;4508;6359;4299;3721;16192;3338;5503;3884;3467;2695;1170;856;415;254;;;;;
2707;35 tot 40 jaar;1992;20317;4867;6966;4677;3807;17357;3608;6004;4221;3524;2960;1259;962;456;283;;;;;
2708;35 tot 40 jaar;1993;21535;5311;7534;4955;3735;18275;3928;6463;4417;3467;3260;1383;1071;538;268;;;;;
2709;35 tot 40 jaar;1994;22650;5513;8136;5128;3873;18972;3972;6909;4563;3528;3678;1541;1227;565;345;;;;;
2710;35 tot 40 jaar;1995;23492;5890;8869;5168;3565;19569;4296;7535;4532;3206;3923;1594;1334;636;359;165.0;106.0;28.0;17.0;14.0
2711;35 tot 40 jaar;1996;24506;6289;9019;5562;3636;19995;4297;7526;4912;3260;4511;1992;1493;650;376;217.0;102.0;58.0;29.0;28.0
2712;35 tot 40 jaar;1997;25970;6741;9744;5781;3704;20690;4473;7919;5030;3268;5280;2268;1825;751;436;194.0;98.0;34.0;37.0;25.0
2713;35 tot 40 jaar;1998;27980;7482;10523;6258;3717;22018;4751;8494;5464;3309;5962;2731;2029;794;408;182.0;79.0;48.0;34.0;21.0
2714;35 tot 40 jaar;1999;29465;7750;11384;6488;3843;22825;4844;9050;5579;3352;6640;2906;2334;909;491;229.0;102.0;67.0;23.0;37.0
2715;35 tot 40 jaar;2000;31809;8298;12324;7051;4136;24072;4999;9503;5990;3580;7737;3299;2821;1061;556;226.0;78.0;68.0;43.0;37.0
2716;35 tot 40 jaar;2001;32489;8411;12981;7166;3931;24123;4970;9823;5949;3381;8366;3441;3158;1217;550;231.0;92.0;62.0;42.0;35.0
2717;35 tot 40 jaar;2002;32991;8584;13200;7342;3865;23891;4940;9721;5988;3242;9100;3644;3479;1354;623;221.0;116.0;53.0;34.0;18.0
2718;35 tot 40 jaar;2003;34275;8973;13821;7667;3814;24330;5035;9868;6219;3208;9945;3938;3953;1448;606;235.0;85.0;71.0;39.0;40.0
2719;35 tot 40 jaar;2004;34441;9263;13933;7552;3693;23894;5068;9681;6061;3084;10547;4195;4252;1491;609;202.0;72.0;61.0;45.0;24.0
2720;35 tot 40 jaar;2005;34942;9502;14353;7421;3666;23297;4894;9602;5753;3048;11645;4608;4751;1668;618;229.0;98.0;69.0;32.0;30.0
2721;35 tot 40 jaar;2006;35236;9532;14438;7543;3723;22888;4760;9296;5769;3063;12348;4772;5142;1774;660;177.0;53.0;67.0;36.0;21.0
2722;35 tot 40 jaar;2007;35378;9406;14594;7758;3620;22264;4483;9085;5740;2956;13114;4923;5509;2018;664;179.0;69.0;59.0;32.0;19.0
2723;35 tot 40 jaar;2008;35484;9520;14607;7639;3718;21653;4411;8840;5439;2963;13831;5109;5767;2200;755;162.0;51.0;58.0;38.0;15.0
2724;35 tot 40 jaar;2009;34776;9552;13923;7667;3634;20392;4195;8035;5349;2813;14384;5357;5888;2318;821;134.0;54.0;38.0;23.0;19.0
2725;35 tot 40 jaar;2010;33700;9380;13459;7389;3472;20605;4482;8054;5286;2783;13095;4898;5405;2103;689;138.0;44.0;40.0;32.0;22.0
2726;35 tot 40 jaar;2011;31733;8954;12709;6703;3367;19024;4122;7492;4737;2673;12709;4832;5217;1966;694;124.0;47.0;39.0;21.0;17.0
2727;35 tot 40 jaar;2012;30195;8478;12404;6237;3076;17775;3854;7193;4309;2419;12420;4624;5211;1928;657;109.0;36.0;36.0;25.0;12.0
2728;35 tot 40 jaar;2013;29518;8474;12176;6037;2831;17293;3862;7074;4171;2186;12225;4612;5102;1866;645;105.0;33.0;34.0;23.0;15.0
2729;35 tot 40 jaar;2014;30118;8391;12388;6222;3117;17283;3725;6955;4212;2391;12835;4666;5433;2010;726;93.0;32.0;30.0;17.0;14.0
2730;40 tot 45 jaar;1950;15462;671;1226;1664;11901;15375;652;1219;1655;11849;87;19;7;9;52;;;;;
2731;40 tot 45 jaar;1951;14746;638;1121;1586;11401;14637;609;1115;1563;11350;109;29;6;23;51;;;;;
2732;40 tot 45 jaar;1952;14678;633;1073;1563;11409;14584;617;1057;1547;11363;94;16;16;16;46;;;;;
2733;40 tot 45 jaar;1953;14343;600;1050;1525;11168;14244;576;1033;1513;11122;99;24;17;12;46;;;;;
2734;40 tot 45 jaar;1954;13920;550;986;1418;10966;13827;531;976;1401;10919;93;19;10;17;47;;;;;
2735;40 tot 45 jaar;1955;13427;516;875;1421;10615;13334;493;863;1413;10565;93;23;12;8;50;;;;;
2736;40 tot 45 jaar;1956;13010;519;843;1376;10272;12914;506;833;1366;10209;96;13;10;10;63;;;;;
2737;40 tot 45 jaar;1957;12542;462;845;1295;9940;12458;445;821;1288;9904;84;17;24;7;36;;;;;
2738;40 tot 45 jaar;1958;11735;414;758;1245;9318;11648;398;747;1227;9276;87;16;11;18;42;;;;;
2739;40 tot 45 jaar;1959;11461;442;768;1284;8967;11384;427;762;1266;8929;77;15;6;18;38;;;;;
2740;40 tot 45 jaar;1960;11270;498;719;1306;8747;11175;477;705;1293;8700;95;21;14;13;47;;;;;
2741;40 tot 45 jaar;1961;11390;437;833;1255;8865;11276;417;816;1238;8805;114;20;17;17;60;;;;;
2742;40 tot 45 jaar;1962;11051;460;781;1331;8479;10932;446;766;1316;8404;119;14;15;15;75;;;;;
2743;40 tot 45 jaar;1963;10862;468;779;1290;8325;10746;449;771;1271;8255;116;19;8;19;70;;;;;
2744;40 tot 45 jaar;1964;10269;467;838;1267;7697;10159;449;821;1247;7642;110;18;17;20;55;;;;;
2745;40 tot 45 jaar;1965;9262;438;711;1253;6860;9166;419;701;1236;6810;96;19;10;17;50;;;;;
2746;40 tot 45 jaar;1966;8151;439;725;1143;5844;8028;410;716;1128;5774;123;29;9;15;70;;;;;
2747;40 tot 45 jaar;1967;7355;383;680;1094;5198;7231;353;663;1081;5134;124;30;17;13;64;;;;;
2748;40 tot 45 jaar;1968;6246;416;587;917;4326;6148;395;573;902;4278;98;21;14;15;48;;;;;
2749;40 tot 45 jaar;1969;5932;366;565;917;4084;5827;346;554;901;4026;105;20;11;16;58;;;;;
2750;40 tot 45 jaar;1970;5321;393;558;802;3568;5222;364;551;793;3514;99;29;7;9;54;;;;;
2751;40 tot 45 jaar;1971;4544;348;495;731;2970;4457;335;490;717;2915;87;13;5;14;55;;;;;
2752;40 tot 45 jaar;1972;3512;302;491;550;2169;3447;294;488;544;2121;65;8;3;6;48;;;;;
2753;40 tot 45 jaar;1973;2714;279;371;408;1656;2632;264;363;398;1607;82;15;8;10;49;;;;;
2754;40 tot 45 jaar;1974;2235;248;310;344;1333;2178;233;303;341;1301;57;15;7;3;32;;;;;
2755;40 tot 45 jaar;1975;1797;169;313;263;1052;1748;162;305;254;1027;49;7;8;9;25;;;;;
2756;40 tot 45 jaar;1976;1660;209;259;257;935;1591;196;247;251;897;69;13;12;6;38;;;;;
2757;40 tot 45 jaar;1977;1488;166;244;196;882;1419;156;234;186;843;69;10;10;10;39;;;;;
2758;40 tot 45 jaar;1978;1327;165;182;186;794;1269;152;174;180;763;58;13;8;6;31;;;;;
2759;40 tot 45 jaar;1979;1250;164;174;185;727;1183;147;167;176;693;67;17;7;9;34;;;;;
2760;40 tot 45 jaar;1980;1381;159;202;204;816;1290;135;191;186;778;91;24;11;18;38;;;;;
2761;40 tot 45 jaar;1981;1408;146;212;196;854;1329;126;198;182;823;79;20;14;14;31;;;;;
2762;40 tot 45 jaar;1982;1422;149;228;200;845;1315;123;198;184;810;107;26;30;16;35;;;;;
2763;40 tot 45 jaar;1983;1305;152;182;215;756;1207;126;169;195;717;98;26;13;20;39;;;;;
2764;40 tot 45 jaar;1984;1396;187;200;208;801;1264;153;172;181;758;132;34;28;27;43;;;;;
2765;40 tot 45 jaar;1985;1426;181;232;258;755;1261;136;194;223;708;165;45;38;35;47;;;;;
2766;40 tot 45 jaar;1986;1600;230;299;268;803;1419;175;255;233;756;181;55;44;35;47;;;;;
2767;40 tot 45 jaar;1987;1817;328;334;281;874;1570;243;267;241;819;247;85;67;40;55;;;;;
2768;40 tot 45 jaar;1988;1873;326;361;319;867;1606;225;310;263;808;267;101;51;56;59;;;;;
2769;40 tot 45 jaar;1989;2072;410;433;330;899;1748;286;352;272;838;324;124;81;58;61;;;;;
2770;40 tot 45 jaar;1990;2171;406;449;356;960;1848;284;379;299;886;323;122;70;57;74;;;;;
2771;40 tot 45 jaar;1991;2383;496;573;367;947;1983;351;450;307;875;400;145;123;60;72;;;;;
2772;40 tot 45 jaar;1992;2531;568;643;419;901;2054;369;517;332;836;477;199;126;87;65;;;;;
2773;40 tot 45 jaar;1993;2662;572;715;492;883;2131;379;557;394;801;531;193;158;98;82;;;;;
2774;40 tot 45 jaar;1994;2783;621;782;504;876;2167;377;599;394;797;616;244;183;110;79;;;;;
2775;40 tot 45 jaar;1995;2800;611;829;494;866;2150;392;638;356;764;650;219;191;138;102;24.0;10.0;3.0;1.0;10.0
2776;40 tot 45 jaar;1996;2933;696;877;521;839;2205;424;648;397;736;728;272;229;124;103;21.0;11.0;6.0;1.0;3.0
2777;40 tot 45 jaar;1997;3126;713;891;639;883;2272;414;640;474;744;854;299;251;165;139;42.0;22.0;5.0;5.0;10.0
2778;40 tot 45 jaar;1998;3428;888;1025;600;915;2460;482;747;456;775;968;406;278;144;140;34.0;15.0;10.0;4.0;5.0
2779;40 tot 45 jaar;1999;3723;942;1132;711;938;2604;508;778;545;773;1119;434;354;166;165;40.0;16.0;8.0;6.0;10.0
2780;40 tot 45 jaar;2000;4013;912;1295;768;1038;2710;467;870;528;845;1303;445;425;240;193;39.0;16.0;7.0;2.0;14.0
2781;40 tot 45 jaar;2001;4203;1040;1356;807;1000;2817;532;913;563;809;1386;508;443;244;191;47.0;12.0;10.0;6.0;19.0
2782;40 tot 45 jaar;2002;4353;1085;1415;835;1018;2832;542;932;565;793;1521;543;483;270;225;36.0;22.0;3.0;3.0;8.0
2783;40 tot 45 jaar;2003;4440;1107;1421;857;1055;2859;553;902;570;834;1581;554;519;287;221;48.0;11.0;22.0;8.0;7.0
2784;40 tot 45 jaar;2004;4812;1230;1569;951;1062;3026;595;984;614;833;1786;635;585;337;229;45.0;17.0;10.0;7.0;11.0
2785;40 tot 45 jaar;2005;4867;1231;1580;946;1110;2975;596;942;595;842;1892;635;638;351;268;38.0;11.0;12.0;6.0;9.0
2786;40 tot 45 jaar;2006;4895;1257;1608;935;1095;2987;571;956;598;862;1908;686;652;337;233;40.0;18.0;7.0;6.0;9.0
2787;40 tot 45 jaar;2007;5060;1298;1662;991;1109;2974;568;949;616;841;2086;730;713;375;268;41.0;13.0;7.0;6.0;15.0
2788;40 tot 45 jaar;2008;5222;1341;1751;1047;1083;2999;569;968;653;809;2223;772;783;394;274;46.0;11.0;10.0;4.0;21.0
2789;40 tot 45 jaar;2009;5523;1472;1838;1113;1100;3073;632;968;646;827;2450;840;870;467;273;32.0;12.0;5.0;6.0;9.0
2790;40 tot 45 jaar;2010;5861;1641;1913;1184;1123;3372;725;1070;723;854;2489;916;843;461;269;33.0;9.0;10.0;7.0;7.0
2791;40 tot 45 jaar;2011;5841;1636;2023;1116;1066;3271;681;1138;644;808;2570;955;885;472;258;36.0;12.0;10.0;3.0;11.0
2792;40 tot 45 jaar;2012;5702;1614;1916;1075;1097;3197;670;1051;661;815;2505;944;865;414;282;48.0;16.0;10.0;13.0;9.0
2793;40 tot 45 jaar;2013;5412;1594;1783;1072;963;2994;685;961;639;709;2418;909;822;433;254;26.0;11.0;7.0;2.0;6.0
2794;40 tot 45 jaar;2014;5706;1650;1838;1104;1114;3081;686;942;632;821;2625;964;896;472;293;28.0;12.0;9.0;3.0;4.0
2795;45 jaar of ouder;1950;1237;52;62;88;1035;1231;52;61;88;1030;6;0;1;0;5;;;;;
2796;45 jaar of ouder;1951;1232;38;55;99;1040;1226;38;52;99;1037;6;0;3;0;3;;;;;
2797;45 jaar of ouder;1952;1270;37;39;103;1091;1262;37;38;102;1085;8;0;1;1;6;;;;;
2798;45 jaar of ouder;1953;1173;42;55;88;988;1164;39;54;88;983;9;3;1;0;5;;;;;
2799;45 jaar of ouder;1954;1176;38;53;93;992;1170;37;53;92;988;6;1;0;1;4;;;;;
2800;45 jaar of ouder;1955;1122;33;52;81;956;1116;33;51;81;951;6;0;1;0;5;;;;;
2801;45 jaar of ouder;1956;1050;23;39;72;916;1044;22;38;71;913;6;1;1;1;3;;;;;
2802;45 jaar of ouder;1957;1020;33;51;62;874;1015;32;49;61;873;5;1;2;1;1;;;;;
2803;45 jaar of ouder;1958;1015;26;41;78;870;1010;25;41;76;868;5;1;0;2;2;;;;;
2804;45 jaar of ouder;1959;1062;34;42;75;911;1056;32;42;73;909;6;2;0;2;2;;;;;
2805;45 jaar of ouder;1960;941;42;35;67;797;933;37;35;67;794;8;5;0;0;3;;;;;
2806;45 jaar of ouder;1961;938;24;32;55;827;932;22;32;54;824;6;2;0;1;3;;;;;
2807;45 jaar of ouder;1962;856;25;33;61;737;851;23;32;61;735;5;2;1;0;2;;;;;
2808;45 jaar of ouder;1963;832;23;35;52;722;822;23;33;51;715;10;0;2;1;7;;;;;
2809;45 jaar of ouder;1964;748;22;30;55;641;741;21;30;55;635;7;1;0;0;6;;;;;
2810;45 jaar of ouder;1965;705;20;29;61;595;696;19;27;61;589;9;1;2;0;6;;;;;
2811;45 jaar of ouder;1966;699;24;39;72;564;692;24;38;71;559;7;0;1;1;5;;;;;
2812;45 jaar of ouder;1967;601;32;34;39;496;593;29;33;39;492;8;3;1;0;4;;;;;
2813;45 jaar of ouder;1968;564;30;25;54;455;556;29;24;53;450;8;1;1;1;5;;;;;
2814;45 jaar of ouder;1969;515;31;32;43;409;501;30;31;41;399;14;1;1;2;10;;;;;
2815;45 jaar of ouder;1970;441;31;25;44;341;429;28;24;43;334;12;3;1;1;7;;;;;
2816;45 jaar of ouder;1971;347;17;33;32;265;339;16;31;31;261;8;1;2;1;4;;;;;
2817;45 jaar of ouder;1972;204;12;12;22;158;195;11;12;20;152;9;1;0;2;6;;;;;
2818;45 jaar of ouder;1973;196;12;21;15;148;190;10;21;15;144;6;2;0;0;4;;;;;
2819;45 jaar of ouder;1974;154;12;16;9;117;150;11;14;9;116;4;1;2;0;1;;;;;
2820;45 jaar of ouder;1975;142;15;14;13;100;139;14;14;12;99;3;1;0;1;1;;;;;
2821;45 jaar of ouder;1976;120;7;19;10;84;116;7;18;10;81;4;0;1;0;3;;;;;
2822;45 jaar of ouder;1977;119;12;9;8;90;115;11;8;8;88;4;1;1;0;2;;;;;
2823;45 jaar of ouder;1978;131;18;13;14;86;127;16;13;13;85;4;2;0;1;1;;;;;
2824;45 jaar of ouder;1979;120;11;23;7;79;117;11;23;7;76;3;0;0;0;3;;;;;
2825;45 jaar of ouder;1980;150;15;19;11;105;143;14;18;11;100;7;1;1;0;5;;;;;
2826;45 jaar of ouder;1981;155;11;15;12;117;146;11;15;10;110;9;0;0;2;7;;;;;
2827;45 jaar of ouder;1982;151;16;12;18;105;140;14;9;14;103;11;2;3;4;2;;;;;
2828;45 jaar of ouder;1983;160;15;17;13;115;150;12;17;8;113;10;3;0;5;2;;;;;
2829;45 jaar of ouder;1984;146;23;17;8;98;139;19;17;8;95;7;4;0;0;3;;;;;
2830;45 jaar of ouder;1985;182;13;21;13;135;177;12;19;13;133;5;1;2;0;2;;;;;
2831;45 jaar of ouder;1986;188;14;14;7;153;182;12;13;7;150;6;2;1;0;3;;;;;
2832;45 jaar of ouder;1987;169;21;20;4;124;159;19;16;2;122;10;2;4;2;2;;;;;
2833;45 jaar of ouder;1988;180;8;17;12;143;170;7;15;10;138;10;1;2;2;5;;;;;
2834;45 jaar of ouder;1989;195;20;10;8;157;185;14;8;8;155;10;6;2;0;2;;;;;
2835;45 jaar of ouder;1990;226;19;17;15;175;204;11;8;13;172;22;8;9;2;3;;;;;
2836;45 jaar of ouder;1991;202;24;16;9;153;184;15;14;6;149;18;9;2;3;4;;;;;
2837;45 jaar of ouder;1992;187;14;19;28;126;169;7;17;21;124;18;7;2;7;2;;;;;
2838;45 jaar of ouder;1993;165;17;23;9;116;144;13;13;7;111;21;4;10;2;5;;;;;
2839;45 jaar of ouder;1994;171;29;22;28;92;146;10;21;26;89;25;19;1;2;3;;;;;
2840;45 jaar of ouder;1995;122;14;10;12;86;105;9;10;7;79;17;5;0;5;7;4.0;0.0;1.0;0.0;3.0
2841;45 jaar of ouder;1996;132;32;18;10;72;114;21;16;8;69;18;11;2;2;3;3.0;1.0;0.0;0.0;2.0
2842;45 jaar of ouder;1997;122;24;21;13;64;95;12;17;7;59;27;12;4;6;5;5.0;0.0;1.0;0.0;4.0
2843;45 jaar of ouder;1998;117;27;16;13;61;98;18;15;12;53;19;9;1;1;8;2.0;0.0;0.0;0.0;2.0
2844;45 jaar of ouder;1999;124;21;16;14;73;96;11;12;9;64;28;10;4;5;9;6.0;0.0;2.0;1.0;3.0
2845;45 jaar of ouder;2000;122;20;17;20;65;94;11;11;12;60;28;9;6;8;5;2.0;0.0;1.0;0.0;1.0
2846;45 jaar of ouder;2001;141;29;19;21;72;98;17;16;11;54;43;12;3;10;18;3.0;0.0;1.0;0.0;2.0
2847;45 jaar of ouder;2002;147;32;30;20;65;105;21;17;11;56;42;11;13;9;9;5.0;2.0;1.0;0.0;2.0
2848;45 jaar of ouder;2003;155;48;29;21;57;102;24;19;15;44;53;24;10;6;13;3.0;0.0;1.0;1.0;1.0
2849;45 jaar of ouder;2004;133;28;24;19;62;88;16;14;9;49;45;12;10;10;13;1.0;0.0;0.0;0.0;1.0
2850;45 jaar of ouder;2005;165;47;25;33;60;107;25;11;21;50;58;22;14;12;10;2.0;1.0;0.0;0.0;1.0
2851;45 jaar of ouder;2006;176;42;32;37;65;110;23;24;20;43;66;19;8;17;22;3.0;1.0;0.0;0.0;2.0
2852;45 jaar of ouder;2007;171;42;34;27;68;94;22;12;11;49;77;20;22;16;19;4.0;2.0;0.0;0.0;2.0
2853;45 jaar of ouder;2008;199;60;39;33;67;125;35;22;15;53;74;25;17;18;14;2.0;0.0;1.0;0.0;1.0
2854;45 jaar of ouder;2009;198;67;38;29;64;96;20;13;14;49;102;47;25;15;15;3.0;0.0;2.0;0.0;1.0
2855;45 jaar of ouder;2010;227;75;38;39;75;146;43;21;19;63;81;32;17;20;12;2.0;0.0;0.0;0.0;2.0
2856;45 jaar of ouder;2011;269;89;62;41;77;158;41;37;23;57;111;48;25;18;20;4.0;2.0;0.0;1.0;1.0
2857;45 jaar of ouder;2012;270;100;60;38;72;157;54;31;20;52;113;46;29;18;20;3.0;0.0;2.0;1.0;0.0
2858;45 jaar of ouder;2013;256;94;66;33;63;148;53;32;20;43;108;41;34;13;20;5.0;2.0;2.0;1.0;0.0
2859;45 jaar of ouder;2014;283;100;70;30;83;175;53;41;16;65;108;47;29;14;18;0.0;0.0;0.0;0.0;0.0
