﻿ID;Periods;ProducerConfidence_1;ChangeOnPreviousMonth_2;ChangeOnSameMonthInPreviousYear_3
0;1985 January;0.0;;
1;1985 February;4.9;4.9;
2;1985 March;5.1;0.2;
3;1985 April;0.9;-4.2;
4;1985 May;1.3;0.4;
5;1985 June;2.3;1.0;
6;1985 July;1.0;-1.3;
7;1985 August;1.2;0.2;
8;1985 September;0.4;-0.8;
9;1985 October;-0.2;-0.6;
10;1985 November;0.4;0.6;
11;1985 December;-1.5;-1.9;
12;1986 January;2.4;3.9;2.4
13;1986 February;-0.1;-2.5;-5.0
14;1986 March;-1.2;-1.1;-6.3
15;1986 April;-2.6;-1.4;-3.5
16;1986 May;-1.4;1.2;-2.7
17;1986 June;-1.4;0.0;-3.7
18;1986 July;-0.3;1.1;-1.3
19;1986 August;-1.6;-1.3;-2.8
20;1986 September;-3.0;-1.4;-3.4
21;1986 October;-2.2;0.8;-2.0
22;1986 November;-1.7;0.5;-2.1
23;1986 December;-1.8;-0.1;-0.3
24;1987 January;-2.9;-1.1;-5.3
25;1987 February;-1.7;1.2;-1.6
26;1987 March;-2.5;-0.8;-1.3
27;1987 April;-3.8;-1.3;-1.2
28;1987 May;-3.7;0.1;-2.3
29;1987 June;-3.5;0.2;-2.1
30;1987 July;-1.9;1.6;-1.6
31;1987 August;-2.4;-0.5;-0.8
32;1987 September;-1.0;1.4;2.0
33;1987 October;-0.2;0.8;2.0
34;1987 November;-0.1;0.1;1.6
35;1987 December;-1.5;-1.4;0.3
36;1988 January;-1.9;-0.4;1.0
37;1988 February;-1.7;0.2;0.0
38;1988 March;-1.6;0.1;0.9
39;1988 April;-0.2;1.4;3.6
40;1988 May;0.1;0.3;3.8
41;1988 June;0.4;0.3;3.9
42;1988 July;1.9;1.5;3.8
43;1988 August;2.4;0.5;4.8
44;1988 September;1.6;-0.8;2.6
45;1988 October;2.1;0.5;2.3
46;1988 November;2.8;0.7;2.9
47;1988 December;3.8;1.0;5.3
48;1989 January;4.5;0.7;6.4
49;1989 February;2.7;-1.8;4.4
50;1989 March;2.8;0.1;4.4
51;1989 April;4.6;1.8;4.8
52;1989 May;5.5;0.9;5.4
53;1989 June;4.3;-1.2;3.9
54;1989 July;4.2;-0.1;2.3
55;1989 August;4.3;0.1;1.9
56;1989 September;3.0;-1.3;1.4
57;1989 October;4.7;1.7;2.6
58;1989 November;5.4;0.7;2.6
59;1989 December;2.5;-2.9;-1.3
60;1990 January;2.5;0.0;-2.0
61;1990 February;3.4;0.9;0.7
62;1990 March;1.8;-1.6;-1.0
63;1990 April;3.1;1.3;-1.5
64;1990 May;4.2;1.1;-1.3
65;1990 June;4.0;-0.2;-0.3
66;1990 July;3.6;-0.4;-0.6
67;1990 August;2.5;-1.1;-1.8
68;1990 September;2.2;-0.3;-0.8
69;1990 October;1.9;-0.3;-2.8
70;1990 November;2.4;0.5;-3.0
71;1990 December;2.5;0.1;0.0
72;1991 January;0.8;-1.7;-1.7
73;1991 February;-1.5;-2.3;-4.9
74;1991 March;-0.5;1.0;-2.3
75;1991 April;-2.9;-2.4;-6.0
76;1991 May;-1.1;1.8;-5.3
77;1991 June;-2.4;-1.3;-6.4
78;1991 July;-2.1;0.3;-5.7
79;1991 August;-1.3;0.8;-3.8
80;1991 September;-0.9;0.4;-3.1
81;1991 October;-2.8;-1.9;-4.7
82;1991 November;0.4;3.2;-2.0
83;1991 December;-0.8;-1.2;-3.3
84;1992 January;0.2;1.0;-0.6
85;1992 February;0.3;0.1;1.8
86;1992 March;-2.8;-3.1;-2.3
87;1992 April;-1.2;1.6;1.7
88;1992 May;-2.1;-0.9;-1.0
89;1992 June;-2.3;-0.2;0.1
90;1992 July;-4.1;-1.8;-2.0
91;1992 August;-2.0;2.1;-0.7
92;1992 September;-4.7;-2.7;-3.8
93;1992 October;-3.7;1.0;-0.9
94;1992 November;-8.6;-4.9;-9.0
95;1992 December;-8.6;0.0;-7.8
96;1993 January;-7.1;1.5;-7.3
97;1993 February;-8.9;-1.8;-9.2
98;1993 March;-8.5;0.4;-5.7
99;1993 April;-9.4;-0.9;-8.2
100;1993 May;-8.7;0.7;-6.6
101;1993 June;-8.0;0.7;-5.7
102;1993 July;-6.9;1.1;-2.8
103;1993 August;-8.5;-1.6;-6.5
104;1993 September;-7.8;0.7;-3.1
105;1993 October;-4.4;3.4;-0.7
106;1993 November;-4.2;0.2;4.4
107;1993 December;-6.3;-2.1;2.3
108;1994 January;-1.1;5.2;6.0
109;1994 February;-2.2;-1.1;6.7
110;1994 March;-3.5;-1.3;5.0
111;1994 April;-0.4;3.1;9.0
112;1994 May;0.1;0.5;8.8
113;1994 June;2.1;2.0;10.1
114;1994 July;3.4;1.3;10.3
115;1994 August;4.5;1.1;13.0
116;1994 September;4.6;0.1;12.4
117;1994 October;5.4;0.8;9.8
118;1994 November;4.5;-0.9;8.7
119;1994 December;6.7;2.2;13.0
120;1995 January;6.3;-0.4;7.4
121;1995 February;6.2;-0.1;8.4
122;1995 March;5.8;-0.4;9.3
123;1995 April;6.3;0.5;6.7
124;1995 May;5.8;-0.5;5.7
125;1995 June;3.8;-2.0;1.7
126;1995 July;2.7;-1.1;-0.7
127;1995 August;1.1;-1.6;-3.4
128;1995 September;0.8;-0.3;-3.8
129;1995 October;0.7;-0.1;-4.7
130;1995 November;1.6;0.9;-2.9
131;1995 December;0.7;-0.9;-6.0
132;1996 January;1.3;0.6;-5.0
133;1996 February;0.0;-1.3;-6.2
134;1996 March;0.5;0.5;-5.3
135;1996 April;0.6;0.1;-5.7
136;1996 May;0.6;0.0;-5.2
137;1996 June;0.2;-0.4;-3.6
138;1996 July;0.6;0.4;-2.1
139;1996 August;2.7;2.1;1.6
140;1996 September;0.9;-1.8;0.1
141;1996 October;1.0;0.1;0.3
142;1996 November;2.2;1.2;0.6
143;1996 December;1.0;-1.2;0.3
144;1997 January;4.0;3.0;2.7
145;1997 February;4.1;0.1;4.1
146;1997 March;3.9;-0.2;3.4
147;1997 April;3.2;-0.7;2.6
148;1997 May;4.6;1.4;4.0
149;1997 June;3.9;-0.7;3.7
150;1997 July;6.2;2.3;5.6
151;1997 August;6.7;0.5;4.0
152;1997 September;6.4;-0.3;5.5
153;1997 October;6.7;0.3;5.7
154;1997 November;6.2;-0.5;4.0
155;1997 December;7.3;1.1;6.3
156;1998 January;5.1;-2.2;1.1
157;1998 February;5.5;0.4;1.4
158;1998 March;5.2;-0.3;1.3
159;1998 April;5.8;0.6;2.6
160;1998 May;5.0;-0.8;0.4
161;1998 June;5.7;0.7;1.8
162;1998 July;5.5;-0.2;-0.7
163;1998 August;4.3;-1.2;-2.4
164;1998 September;4.2;-0.1;-2.2
165;1998 October;1.4;-2.8;-5.3
166;1998 November;0.8;-0.6;-5.4
167;1998 December;0.3;-0.5;-7.0
168;1999 January;0.8;0.5;-4.3
169;1999 February;0.8;0.0;-4.7
170;1999 March;-1.1;-1.9;-6.3
171;1999 April;0.5;1.6;-5.3
172;1999 May;1.1;0.6;-3.9
173;1999 June;2.0;0.9;-3.7
174;1999 July;2.6;0.6;-2.9
175;1999 August;1.6;-1.0;-2.7
176;1999 September;3.4;1.8;-0.8
177;1999 October;7.4;4.0;6.0
178;1999 November;6.8;-0.6;6.0
179;1999 December;6.0;-0.8;5.7
180;2000 January;5.6;-0.4;4.8
181;2000 February;5.6;0.0;4.8
182;2000 March;6.3;0.7;7.4
183;2000 April;6.5;0.2;6.0
184;2000 May;7.7;1.2;6.6
185;2000 June;7.1;-0.6;5.1
186;2000 July;6.9;-0.2;4.3
187;2000 August;8.2;1.3;6.6
188;2000 September;6.3;-1.9;2.9
189;2000 October;8.6;2.3;1.2
190;2000 November;7.0;-1.6;0.2
191;2000 December;6.0;-1.0;0.0
192;2001 January;4.3;-1.7;-1.3
193;2001 February;3.3;-1.0;-2.3
194;2001 March;1.7;-1.6;-4.6
195;2001 April;-0.1;-1.8;-6.6
196;2001 May;-0.6;-0.5;-8.3
197;2001 June;-0.5;0.1;-7.6
198;2001 July;-1.8;-1.3;-8.7
199;2001 August;-1.1;0.7;-9.3
200;2001 September;-2.4;-1.3;-8.7
201;2001 October;-4.7;-2.3;-13.3
202;2001 November;-5.3;-0.6;-12.3
203;2001 December;-5.6;-0.3;-11.6
204;2002 January;-4.0;1.6;-8.3
205;2002 February;-1.6;2.4;-4.9
206;2002 March;-1.6;0.0;-3.3
207;2002 April;-0.8;0.8;-0.7
208;2002 May;-1.6;-0.8;-1.0
209;2002 June;-1.5;0.1;-1.0
210;2002 July;-2.4;-0.9;-0.6
211;2002 August;1.5;3.9;2.6
212;2002 September;-1.1;-2.6;1.3
213;2002 October;-2.8;-1.7;1.9
214;2002 November;-0.8;2.0;4.5
215;2002 December;-1.9;-1.1;3.7
216;2003 January;-4.3;-2.4;-0.3
217;2003 February;-6.6;-2.3;-5.0
218;2003 March;-6.6;0.0;-5.0
219;2003 April;-5.1;1.5;-4.3
220;2003 May;-7.0;-1.9;-5.4
221;2003 June;-9.4;-2.4;-7.9
222;2003 July;-7.0;2.4;-4.6
223;2003 August;-6.9;0.1;-8.4
224;2003 September;-5.1;1.8;-4.0
225;2003 October;-3.5;1.6;-0.7
226;2003 November;-3.9;-0.4;-3.1
227;2003 December;-1.8;2.1;0.1
228;2004 January;-1.6;0.2;2.7
229;2004 February;-2.9;-1.3;3.7
230;2004 March;-1.9;1.0;4.7
231;2004 April;-1.1;0.8;4.0
232;2004 May;1.7;2.8;8.7
233;2004 June;1.9;0.2;11.3
234;2004 July;0.7;-1.2;7.7
235;2004 August;0.8;0.1;7.7
236;2004 September;0.5;-0.3;5.6
237;2004 October;1.1;0.6;4.6
238;2004 November;0.1;-1.0;4.0
239;2004 December;-0.4;-0.5;1.4
240;2005 January;-0.6;-0.2;1.0
241;2005 February;-0.1;0.5;2.8
242;2005 March;1.4;1.5;3.3
243;2005 April;-0.1;-1.5;1.0
244;2005 May;0.8;0.9;-0.9
245;2005 June;-1.7;-2.5;-3.6
246;2005 July;-3.7;-2.0;-4.4
247;2005 August;-0.3;3.4;-1.1
248;2005 September;1.3;1.6;0.8
249;2005 October;4.3;3.0;3.2
250;2005 November;3.0;-1.3;2.9
251;2005 December;2.6;-0.4;3.0
252;2006 January;3.5;0.9;4.1
253;2006 February;4.8;1.3;4.9
254;2006 March;6.0;1.2;4.6
255;2006 April;5.9;-0.1;6.0
256;2006 May;3.6;-2.3;2.8
257;2006 June;6.8;3.2;8.5
258;2006 July;8.7;1.9;12.4
259;2006 August;8.4;-0.3;8.7
260;2006 September;8.1;-0.3;6.8
261;2006 October;8.9;0.8;4.6
262;2006 November;8.7;-0.2;5.7
263;2006 December;7.8;-0.9;5.2
264;2007 January;6.3;-1.5;2.8
265;2007 February;7.5;1.2;2.7
266;2007 March;6.8;-0.7;0.8
267;2007 April;7.0;0.2;1.1
268;2007 May;8.8;1.8;5.2
269;2007 June;8.4;-0.4;1.6
270;2007 July;7.6;-0.8;-1.1
271;2007 August;7.9;0.3;-0.5
272;2007 September;7.4;-0.5;-0.7
273;2007 October;8.7;1.3;-0.2
274;2007 November;8.7;0.0;0.0
275;2007 December;8.0;-0.7;0.2
276;2008 January;9.4;1.4;3.1
277;2008 February;8.5;-0.9;1.0
278;2008 March;5.8;-2.7;-1.0
279;2008 April;2.8;-3.0;-4.2
280;2008 May;3.3;0.5;-5.5
281;2008 June;4.8;1.5;-3.6
282;2008 July;1.8;-3.0;-5.8
283;2008 August;4.8;3.0;-3.1
284;2008 September;-0.9;-5.7;-8.3
285;2008 October;-6.0;-5.1;-14.7
286;2008 November;-9.0;-3.0;-17.7
287;2008 December;-21.1;-12.1;-29.1
288;2009 January;-20.9;0.2;-30.3
289;2009 February;-23.5;-2.6;-32.0
290;2009 March;-20.8;2.7;-26.6
291;2009 April;-17.3;3.5;-20.1
292;2009 May;-16.1;1.2;-19.4
293;2009 June;-13.9;2.2;-18.7
294;2009 July;-14.6;-0.7;-16.4
295;2009 August;-9.2;5.4;-14.0
296;2009 September;-9.7;-0.5;-8.8
297;2009 October;-7.2;2.5;-1.2
298;2009 November;-5.0;2.2;4.0
299;2009 December;-8.1;-3.1;13.0
300;2010 January;-6.2;1.9;14.7
301;2010 February;-4.8;1.4;18.7
302;2010 March;-3.1;1.7;17.7
303;2010 April;-1.4;1.7;15.9
304;2010 May;0.6;2.0;16.7
305;2010 June;-0.8;-1.4;13.1
306;2010 July;-2.0;-1.2;12.6
307;2010 August;0.2;2.2;9.4
308;2010 September;-0.1;-0.3;9.6
309;2010 October;0.3;0.4;7.5
310;2010 November;0.2;-0.1;5.2
311;2010 December;2.6;2.4;10.7
312;2011 January;2.7;0.1;8.9
313;2011 February;1.7;-1.0;6.5
314;2011 March;5.8;4.1;8.9
315;2011 April;4.6;-1.2;6.0
316;2011 May;3.1;-1.5;2.5
317;2011 June;2.0;-1.1;2.8
318;2011 July;-2.2;-4.2;-0.2
319;2011 August;-3.3;-1.1;-3.5
320;2011 September;-0.5;2.8;-0.4
321;2011 October;-3.2;-2.7;-3.5
