ID;Leeftijd;Perioden;TotaalLevendgeborenen_1;k_1eKind_2;k_2eKind_3;k_3eKind_4;k_4eOfVolgendeKinderen_5;TotaalOverledenen_6;OverledenMannen_7;OverledenVrouwen_8;TotaalImmigratie_9;ImmigratieMannen_10;ImmigratieVrouwen_11;TotaalEmigratie_12;EmigratieMannen_13;EmigratieVrouwen_14;TotaalMigratieSaldo_15;MigratieSaldoMannen_16;MigratieSaldoVrouwen_17
0;Totaal over alle leeftijden;2000;206590;94282;74970;25908;11439;140989;68995;71992;131954;67624;64330;79749;44318;35436;52205;23306;28894
1;Totaal over alle leeftijden;2001;206480;93635;75610;25755;11485;141023;69836;71188;132097;67912;64185;81561;45185;36378;50536;22727;27807
2;Totaal over alle leeftijden;2002;204958;92284;75560;25607;11513;141392;69774;71607;132700;68137;64563;83005;45844;37155;49695;22293;27408
3;Totaal over alle leeftijden;2003;202328;90601;74921;25305;11502;141775;69772;72002;132863;68230;64633;84392;46482;37907;48471;21748;26726
4;Totaal over alle leeftijden;2004;199532;89054;73957;25066;11459;142246;69849;72395;132828;68244;64584;85502;46974;38519;47326;21270;26065
5;Totaal over alle leeftijden;2005;196647;87732;72844;24693;11379;143614;70511;73105;132430;68020;64410;86525;47430;39100;45905;20590;25310
6;Totaal over alle leeftijden;2006;193886;86660;71703;24249;11274;145267;71426;73845;131981;67764;64217;87466;47832;39631;44515;19932;24586
7;Totaal over alle leeftijden;2007;191382;85853;70666;23727;11138;147118;72418;74702;131562;67518;64044;88342;48208;40131;43220;19310;23913
8;Totaal over alle leeftijden;2008;189366;85256;69830;23288;10990;148989;73417;75573;131214;67312;63902;89169;48561;40608;42045;18751;23294
9;Totaal over alle leeftijden;2009;187657;84778;69215;22820;10839;151013;74484;76531;131071;67209;63862;89961;48895;41073;41110;18314;22789
10;Totaal over alle leeftijden;2010;186581;84556;68844;22474;10707;152844;75542;77302;130995;67328;63667;90739;49217;41518;40256;18111;22149
11;Totaal over alle leeftijden;2011;186042;84595;68656;22201;10585;154857;76722;78136;130993;67349;63644;91465;49508;41955;39528;17841;21689
12;Totaal over alle leeftijden;2012;185894;84754;68654;21993;10497;156893;77851;79040;130917;67333;63584;92167;49794;42381;38750;17539;21203
13;Totaal over alle leeftijden;2013;186179;85063;68780;21899;10432;159042;79117;79920;130800;67293;63507;92831;50048;42786;37969;17245;20721
14;Totaal over alle leeftijden;2014;186753;85484;69022;21832;10409;161122;80366;80750;130669;67254;63415;93461;50283;43176;37208;16971;20239
15;Totaal over alle leeftijden;2015;187550;85934;69360;21853;10410;163145;81581;81567;130488;67192;63296;94035;50502;43537;36453;16690;19759
16;Totaal over alle leeftijden;2016;188548;86435;69777;21904;10431;165299;82882;82417;130359;67135;63224;94593;50704;43880;35766;16431;19344
17;Totaal over alle leeftijden;2017;189718;86957;70291;21998;10472;167476;84274;83199;130206;67090;63116;95103;50889;44212;35103;16201;18904
18;Totaal over alle leeftijden;2018;190988;87498;70853;22117;10521;169697;85657;84038;130079;67034;63045;95582;51055;44530;34497;15979;18515
19;Totaal over alle leeftijden;2019;192265;88006;71431;22238;10597;172078;87103;84975;130027;67003;63024;96032;51211;44827;33995;15792;18197
20;Totaal over alle leeftijden;2020;193491;88476;71988;22348;10683;174440;88560;85883;129986;67002;62984;96474;51359;45115;33512;15643;17869
21;Totaal over alle leeftijden;2021;194629;88898;72491;22465;10768;176980;90128;86849;129986;67002;62984;96872;51564;45310;33114;15438;17674
22;Totaal over alle leeftijden;2022;195681;89282;72956;22589;10851;179566;91637;87924;129986;67002;62984;97253;51752;45499;32733;15250;17485
23;Totaal over alle leeftijden;2023;196627;89609;73359;22714;10946;182231;93181;89055;129986;67002;62984;97610;51936;45675;32376;15066;17309
24;Totaal over alle leeftijden;2024;197474;89909;73695;22834;11032;185054;94781;90280;129986;67002;62984;97939;52102;45838;32047;14900;17146
25;Totaal over alle leeftijden;2025;198226;90203;73964;22946;11114;187861;96421;91441;129986;67002;62984;98236;52254;45986;31750;14748;16998
26;Totaal over alle leeftijden;2026;198873;90458;74185;23039;11188;190849;98052;92805;129986;67002;62984;98508;52385;46123;31478;14617;16861
27;Totaal over alle leeftijden;2027;199431;90660;74399;23122;11254;193908;99718;94190;129986;67002;62984;98737;52501;46242;31249;14501;16742
28;Totaal over alle leeftijden;2028;199912;90813;74607;23185;11307;197032;101342;95688;129986;67002;62984;98939;52595;46341;31047;14407;16643
29;Totaal over alle leeftijden;2029;200302;90883;74819;23240;11359;200184;102936;97249;129986;67002;62984;99108;52674;46429;30878;14328;16555
30;Totaal over alle leeftijden;2030;200549;90855;75015;23275;11402;203279;104466;98810;129986;67002;62984;99239;52744;46492;30747;14258;16492
31;Totaal over alle leeftijden;2031;200681;90734;75197;23300;11448;206369;105922;100448;129986;67002;62984;99345;52792;46548;30641;14210;16436
32;Totaal over alle leeftijden;2032;200620;90527;75301;23310;11481;209402;107375;102025;129986;67002;62984;99429;52830;46598;30557;14172;16386
33;Totaal over alle leeftijden;2033;200384;90255;75306;23307;11518;212361;108712;103647;129986;67002;62984;99494;52858;46633;30492;14144;16351
34;Totaal over alle leeftijden;2034;199957;89924;75192;23287;11546;215107;110006;105107;129986;67002;62984;99541;52878;46666;30445;14124;16318
35;Totaal over alle leeftijden;2035;199392;89584;74983;23253;11570;217866;111260;106597;129986;67002;62984;99590;52900;46691;30396;14102;16293
36;Totaal over alle leeftijden;2036;198702;89235;74677;23208;11583;220314;112280;108031;129986;67002;62984;99621;52909;46708;30365;14093;16276
37;Totaal over alle leeftijden;2037;197976;88920;74330;23149;11583;222372;113118;109250;129986;67002;62984;99658;52921;46731;30328;14081;16253
38;Totaal over alle leeftijden;2038;197208;88631;73941;23074;11561;224390;113899;110494;129986;67002;62984;99683;52939;46753;30303;14063;16231
39;Totaal over alle leeftijden;2039;196485;88401;73569;22984;11531;225908;114445;111463;129986;67002;62984;99711;52948;46757;30275;14054;16227
40;Totaal over alle leeftijden;2040;195835;88229;73225;22887;11493;227175;115037;112140;129986;67002;62984;99741;52963;46778;30245;14039;16206
41;Totaal over alle leeftijden;2041;195294;88131;72931;22785;11446;228370;115413;112955;129986;67002;62984;99778;52978;46792;30208;14024;16192
42;Totaal over alle leeftijden;2042;194887;88102;72699;22686;11393;229300;115799;113498;129986;67002;62984;99805;53001;46811;30181;14001;16173
43;Totaal over alle leeftijden;2043;194639;88139;72548;22603;11344;230296;116132;114162;129986;67002;62984;99851;53024;46830;30135;13978;16154
44;Totaal over alle leeftijden;2044;194553;88236;72471;22542;11303;230847;116387;114463;129986;67002;62984;99897;53050;46845;30089;13952;16139
45;Totaal over alle leeftijden;2045;194635;88396;72471;22502;11268;231306;116463;114840;129986;67002;62984;99942;53077;46862;30044;13925;16122
46;Totaal over alle leeftijden;2046;194861;88605;72543;22475;11242;231831;116544;115283;129986;67002;62984;99996;53112;46886;29990;13890;16098
47;Totaal over alle leeftijden;2047;195214;88838;72677;22471;11229;232035;116510;115525;129986;67002;62984;100052;53147;46903;29934;13855;16081
48;Totaal over alle leeftijden;2048;195641;89078;72856;22480;11229;232125;116462;115656;129986;67002;62984;100116;53184;46929;29870;13818;16055
49;Totaal over alle leeftijden;2049;196192;89375;73073;22510;11236;232128;116322;115800;129986;67002;62984;100193;53224;46958;29793;13778;16026
50;Totaal over alle leeftijden;2050;196780;89672;73308;22556;11249;231745;116020;115732;129986;67002;62984;100262;53272;46988;29724;13730;15996
51;0;2000;0;0;0;0;0;1003;571;432;1399;692;707;396;203;193;1003;489;514
52;0;2001;0;0;0;0;0;988;567;422;1398;692;706;400;205;195;998;487;511
53;0;2002;0;0;0;0;0;964;551;413;1406;696;710;399;204;195;1007;492;515
54;0;2003;0;0;0;0;0;938;534;404;1402;694;708;395;202;193;1007;492;515
55;0;2004;0;0;0;0;0;913;517;396;1398;691;707;391;200;191;1007;491;516
56;0;2005;0;0;0;0;0;891;504;388;1392;688;704;387;198;189;1005;490;515
57;0;2006;0;0;0;0;0;871;492;380;1383;683;700;382;196;186;1001;487;514
58;0;2007;0;0;0;0;0;855;481;374;1376;678;698;378;194;184;998;484;514
59;0;2008;0;0;0;0;0;842;472;369;1372;675;697;375;192;183;997;483;514
60;0;2009;0;0;0;0;0;831;465;366;1366;673;693;372;191;182;994;482;511
61;0;2010;0;0;0;0;0;822;459;362;1364;672;692;371;190;181;993;482;511
62;0;2011;0;0;0;0;0;816;455;361;1362;670;692;370;190;181;992;480;511
63;0;2012;0;0;0;0;0;811;452;360;1362;669;693;370;190;181;992;479;512
64;0;2013;0;0;0;0;0;810;450;359;1358;667;691;371;190;181;987;477;510
65;0;2014;0;0;0;0;0;808;449;359;1360;668;692;373;191;182;987;477;510
66;0;2015;0;0;0;0;0;811;449;362;1356;667;689;375;192;183;981;475;506
67;0;2016;0;0;0;0;0;810;448;362;1357;666;691;378;193;184;979;473;507
68;0;2017;0;0;0;0;0;815;450;365;1354;664;690;380;195;186;974;469;504
69;0;2018;0;0;0;0;0;817;451;366;1350;661;689;383;196;187;967;465;502
70;0;2019;0;0;0;0;0;820;452;368;1350;660;690;386;198;188;964;462;502
71;0;2020;0;0;0;0;0;823;453;370;1348;660;688;389;199;190;959;461;498
72;0;2021;0;0;0;0;0;825;454;371;1348;660;688;392;201;191;956;459;497
73;0;2022;0;0;0;0;0;827;454;373;1348;660;688;394;202;192;954;458;496
74;0;2023;0;0;0;0;0;829;456;374;1348;660;688;397;203;193;951;457;495
75;0;2024;0;0;0;0;0;830;455;375;1348;660;688;399;204;194;949;456;494
76;0;2025;0;0;0;0;0;832;457;375;1348;660;688;401;205;195;947;455;493
77;0;2026;0;0;0;0;0;834;457;377;1348;660;688;402;206;196;946;454;492
78;0;2027;0;0;0;0;0;834;457;377;1348;660;688;404;207;197;944;453;491
79;0;2028;0;0;0;0;0;836;458;378;1348;660;688;405;208;198;943;452;490
80;0;2029;0;0;0;0;0;835;458;377;1348;660;688;406;208;198;942;452;490
81;0;2030;0;0;0;0;0;835;458;377;1348;660;688;407;209;199;941;451;489
82;0;2031;0;0;0;0;0;833;456;377;1348;660;688;408;209;199;940;451;489
83;0;2032;0;0;0;0;0;831;455;376;1348;660;688;408;209;199;940;451;489
84;0;2033;0;0;0;0;0;829;453;376;1348;660;688;408;209;199;940;451;489
85;0;2034;0;0;0;0;0;828;453;375;1348;660;688;407;209;199;941;451;489
86;0;2035;0;0;0;0;0;823;450;373;1348;660;688;407;208;198;941;452;490
87;0;2036;0;0;0;0;0;818;447;371;1348;660;688;406;208;198;942;452;490
88;0;2037;0;0;0;0;0;812;444;368;1348;660;688;404;207;197;944;453;491
89;0;2038;0;0;0;0;0;807;442;365;1348;660;688;403;207;197;945;453;491
90;0;2039;0;0;0;0;0;802;439;363;1348;660;688;402;206;196;946;454;492
91;0;2040;0;0;0;0;0;800;438;362;1348;660;688;401;206;196;947;454;492
92;0;2041;0;0;0;0;0;796;435;361;1348;660;688;400;205;195;948;455;493
93;0;2042;0;0;0;0;0;794;435;359;1348;660;688;400;205;195;948;455;493
94;0;2043;0;0;0;0;0;790;433;357;1348;660;688;400;205;195;948;455;493
95;0;2044;0;0;0;0;0;787;431;356;1348;660;688;400;205;195;948;455;493
96;0;2045;0;0;0;0;0;786;431;355;1348;660;688;400;205;195;948;455;493
97;0;2046;0;0;0;0;0;786;430;356;1348;660;688;401;205;196;947;455;492
98;0;2047;0;0;0;0;0;786;430;356;1348;660;688;402;206;196;946;454;492
99;0;2048;0;0;0;0;0;784;429;354;1348;660;688;403;207;197;945;453;491
100;0;2049;0;0;0;0;0;785;429;355;1348;660;688;405;207;197;943;453;491
101;0;2050;0;0;0;0;0;784;429;355;1348;660;688;406;208;198;942;452;490
102;1;2000;0;0;0;0;0;195;107;87;1815;901;914;960;488;473;855;413;441
103;1;2001;0;0;0;0;0;199;112;87;1830;908;922;981;499;482;849;409;440
104;1;2002;0;0;0;0;0;190;105;84;1841;911;930;985;501;484;856;410;446
105;1;2003;0;0;0;0;0;184;102;81;1840;912;928;981;499;483;859;413;445
106;1;2004;0;0;0;0;0;180;100;80;1836;908;928;971;494;478;865;414;450
107;1;2005;0;0;0;0;0;175;97;77;1828;904;924;961;488;473;867;416;451
108;1;2006;0;0;0;0;0;172;96;76;1819;899;920;949;482;467;870;417;453
109;1;2007;0;0;0;0;0;169;94;75;1812;894;918;938;476;461;874;418;457
110;1;2008;0;0;0;0;0;168;92;76;1806;890;916;927;471;457;879;419;459
111;1;2009;0;0;0;0;0;166;90;76;1801;888;913;919;467;453;882;421;460
112;1;2010;0;0;0;0;0;163;88;75;1803;889;914;913;463;450;890;426;464
113;1;2011;0;0;0;0;0;162;87;75;1806;891;915;909;461;448;897;430;467
114;1;2012;0;0;0;0;0;160;86;74;1807;890;917;908;461;447;899;429;470
115;1;2013;0;0;0;0;0;159;85;74;1808;890;918;908;461;447;900;429;471
116;1;2014;0;0;0;0;0;160;86;74;1808;890;918;911;462;449;897;428;469
117;1;2015;0;0;0;0;0;158;86;72;1807;889;918;914;464;451;893;425;467
118;1;2016;0;0;0;0;0;159;86;73;1806;888;918;919;466;453;887;422;465
119;1;2017;0;0;0;0;0;159;86;73;1809;890;919;925;469;456;884;421;463
120;1;2018;0;0;0;0;0;159;86;73;1807;888;919;931;472;459;876;416;460
121;1;2019;0;0;0;0;0;159;87;72;1807;887;920;938;476;462;869;411;458
122;1;2020;0;0;0;0;0;159;87;73;1808;888;920;945;479;465;863;409;455
123;1;2021;0;0;0;0;0;159;85;73;1808;888;920;952;483;469;856;405;451
124;1;2022;0;0;0;0;0;159;85;74;1808;888;920;958;486;472;850;402;448
125;1;2023;0;0;0;0;0;160;86;74;1808;888;920;964;489;475;844;399;445
126;1;2024;0;0;0;0;0;159;84;75;1808;888;920;969;492;477;839;396;443
127;1;2025;0;0;0;0;0;159;85;74;1808;888;920;974;494;480;834;394;440
128;1;2026;0;0;0;0;0;162;87;75;1808;888;920;978;497;482;830;391;438
129;1;2027;0;0;0;0;0;162;86;76;1808;888;920;982;499;484;826;389;436
130;1;2028;0;0;0;0;0;161;86;75;1808;888;920;986;500;485;822;388;435
131;1;2029;0;0;0;0;0;161;86;75;1808;888;920;989;502;487;819;386;433
132;1;2030;0;0;0;0;0;159;85;75;1808;888;920;992;503;488;816;385;432
133;1;2031;0;0;0;0;0;161;86;75;1808;888;920;994;504;489;814;384;431
134;1;2032;0;0;0;0;0;160;85;74;1808;888;920;995;505;490;813;383;430
135;1;2033;0;0;0;0;0;160;84;75;1808;888;920;996;505;490;812;383;430
136;1;2034;0;0;0;0;0;159;85;74;1808;888;920;995;505;490;813;383;430
137;1;2035;0;0;0;0;0;156;83;73;1808;888;920;994;505;489;814;383;431
138;1;2036;0;0;0;0;0;157;84;73;1808;888;920;992;504;489;816;384;431
139;1;2037;0;0;0;0;0;157;82;74;1808;888;920;990;503;487;818;385;433
140;1;2038;0;0;0;0;0;156;82;74;1808;888;920;987;501;486;821;387;434
141;1;2039;0;0;0;0;0;154;81;73;1808;888;920;984;500;485;824;388;435
142;1;2040;0;0;0;0;0;155;81;74;1808;888;920;982;498;483;826;390;437
143;1;2041;0;0;0;0;0;154;82;73;1808;888;920;979;497;482;829;391;438
144;1;2042;0;0;0;0;0;152;80;72;1808;888;920;978;496;481;830;392;439
145;1;2043;0;0;0;0;0;152;80;72;1808;888;920;976;496;481;832;392;439
146;1;2044;0;0;0;0;0;153;81;72;1808;888;920;976;495;481;832;393;439
147;1;2045;0;0;0;0;0;153;81;72;1808;888;920;976;495;481;832;393;439
148;1;2046;0;0;0;0;0;153;81;72;1808;888;920;977;496;481;831;392;439
149;1;2047;0;0;0;0;0;150;79;72;1808;888;920;979;497;482;829;391;438
150;1;2048;0;0;0;0;0;150;80;71;1808;888;920;981;498;483;827;390;437
151;1;2049;0;0;0;0;0;153;80;73;1808;888;920;984;500;485;824;388;435
152;1;2050;0;0;0;0;0;153;80;73;1808;888;920;987;501;486;821;387;434
153;2;2000;0;0;0;0;0;85;48;37;2066;1028;1038;1104;555;549;962;473;489
154;2;2001;0;0;0;0;0;83;48;35;2082;1038;1044;1095;554;542;987;484;502
155;2;2002;0;0;0;0;0;83;48;35;2093;1041;1052;1092;551;541;1001;490;511
156;2;2003;0;0;0;0;0;84;48;37;2094;1041;1053;1096;552;543;998;489;510
157;2;2004;0;0;0;0;0;87;49;38;2089;1038;1051;1091;550;541;998;488;510
158;2;2005;0;0;0;0;0;82;47;35;2081;1033;1048;1081;545;536;1000;488;512
159;2;2006;0;0;0;0;0;81;45;36;2072;1028;1044;1070;539;531;1002;489;513
160;2;2007;0;0;0;0;0;79;45;35;2061;1021;1040;1058;532;525;1003;489;515
161;2;2008;0;0;0;0;0;77;43;34;2053;1016;1037;1046;526;520;1007;490;517
162;2;2009;0;0;0;0;0;75;42;33;2048;1013;1035;1036;521;515;1012;492;520
163;2;2010;0;0;0;0;0;73;41;32;2049;1015;1034;1028;516;512;1021;499;522
164;2;2011;0;0;0;0;0;71;39;32;2051;1015;1036;1022;513;509;1029;502;527
165;2;2012;0;0;0;0;0;71;40;31;2054;1016;1038;1018;511;507;1036;505;531
166;2;2013;0;0;0;0;0;69;38;31;2054;1015;1039;1017;510;507;1037;505;532
167;2;2014;0;0;0;0;0;68;37;31;2055;1016;1039;1017;510;507;1038;506;532
168;2;2015;0;0;0;0;0;68;37;30;2055;1017;1038;1019;511;508;1036;506;530
169;2;2016;0;0;0;0;0;69;39;30;2055;1015;1040;1023;513;510;1032;502;530
170;2;2017;0;0;0;0;0;69;39;30;2053;1014;1039;1027;515;512;1026;499;527
171;2;2018;0;0;0;0;0;72;42;30;2053;1012;1041;1033;518;515;1020;494;526
172;2;2019;0;0;0;0;0;70;39;30;2055;1014;1041;1039;521;518;1016;493;523
173;2;2020;0;0;0;0;0;71;40;32;2055;1015;1040;1046;524;522;1009;491;518
174;2;2021;0;0;0;0;0;69;39;30;2055;1015;1040;1052;528;525;1003;487;515
175;2;2022;0;0;0;0;0;74;41;33;2055;1015;1040;1059;531;528;996;484;512
176;2;2023;0;0;0;0;0;72;41;32;2055;1015;1040;1065;534;531;990;481;509
177;2;2024;0;0;0;0;0;73;40;33;2055;1015;1040;1071;537;534;984;478;506
178;2;2025;0;0;0;0;0;71;39;32;2055;1015;1040;1076;540;536;979;475;504
179;2;2026;0;0;0;0;0;70;39;31;2055;1015;1040;1081;542;539;974;473;501
180;2;2027;0;0;0;0;0;71;39;31;2055;1015;1040;1085;544;541;970;471;499
181;2;2028;0;0;0;0;0;69;37;32;2055;1015;1040;1089;546;543;966;469;497
182;2;2029;0;0;0;0;0;69;39;31;2055;1015;1040;1093;548;544;962;467;496
183;2;2030;0;0;0;0;0;71;39;32;2055;1015;1040;1096;550;546;959;465;494
184;2;2031;0;0;0;0;0;71;40;31;2055;1015;1040;1098;551;547;957;464;493
185;2;2032;0;0;0;0;0;72;40;32;2055;1015;1040;1100;552;548;955;463;492
186;2;2033;0;0;0;0;0;72;39;32;2055;1015;1040;1102;553;549;953;462;491
187;2;2034;0;0;0;0;0;72;39;32;2055;1015;1040;1102;553;549;953;462;491
188;2;2035;0;0;0;0;0;70;38;31;2055;1015;1040;1102;553;549;953;462;491
189;2;2036;0;0;0;0;0;69;37;31;2055;1015;1040;1101;552;548;954;463;492
190;2;2037;0;0;0;0;0;71;39;31;2055;1015;1040;1099;551;548;956;464;492
191;2;2038;0;0;0;0;0;67;37;30;2055;1015;1040;1097;550;546;958;465;494
192;2;2039;0;0;0;0;0;67;38;29;2055;1015;1040;1094;549;545;961;466;495
193;2;2040;0;0;0;0;0;69;38;31;2055;1015;1040;1091;547;544;964;468;496
194;2;2041;0;0;0;0;0;68;37;31;2055;1015;1040;1089;546;543;966;469;497
195;2;2042;0;0;0;0;0;69;37;32;2055;1015;1040;1086;545;541;969;470;499
196;2;2043;0;0;0;0;0;69;38;31;2055;1015;1040;1085;544;541;970;471;499
197;2;2044;0;0;0;0;0;67;36;31;2055;1015;1040;1083;543;540;972;472;500
198;2;2045;0;0;0;0;0;67;37;30;2055;1015;1040;1083;543;540;972;472;500
199;2;2046;0;0;0;0;0;67;37;30;2055;1015;1040;1083;543;540;972;472;500
200;2;2047;0;0;0;0;0;66;36;30;2055;1015;1040;1085;544;540;970;471;500
201;2;2048;0;0;0;0;0;66;36;30;2055;1015;1040;1086;545;541;969;470;499
202;2;2049;0;0;0;0;0;65;36;29;2055;1015;1040;1089;546;543;966;469;497
203;2;2050;0;0;0;0;0;65;36;29;2055;1015;1040;1091;548;544;964;467;496
204;3;2000;0;0;0;0;0;57;36;21;2120;1058;1062;1152;585;567;968;473;495
205;3;2001;0;0;0;0;0;57;36;20;2137;1067;1070;1218;623;594;919;444;476
206;3;2002;0;0;0;0;0;57;36;21;2150;1072;1078;1201;617;584;949;455;494
207;3;2003;0;0;0;0;0;59;35;24;2151;1070;1081;1193;609;585;958;461;496
208;3;2004;0;0;0;0;0;60;37;23;2148;1070;1078;1196;610;586;952;460;492
209;3;2005;0;0;0;0;0;56;34;22;2137;1064;1073;1191;607;584;946;457;489
210;3;2006;0;0;0;0;0;55;33;22;2128;1058;1070;1180;601;579;948;457;491
211;3;2007;0;0;0;0;0;56;33;23;2118;1054;1064;1169;595;574;949;459;490
212;3;2008;0;0;0;0;0;52;31;21;2111;1048;1063;1157;589;568;954;459;495
213;3;2009;0;0;0;0;0;50;31;19;2107;1045;1062;1145;583;563;962;462;499
214;3;2010;0;0;0;0;0;50;31;19;2106;1046;1060;1135;577;558;971;469;502
215;3;2011;0;0;0;0;0;46;27;18;2112;1049;1063;1128;573;554;984;476;509
216;3;2012;0;0;0;0;0;45;29;16;2112;1050;1062;1121;570;552;991;480;510
217;3;2013;0;0;0;0;0;48;29;19;2111;1048;1063;1118;568;550;993;480;513
218;3;2014;0;0;0;0;0;47;28;19;2112;1048;1064;1117;567;550;995;481;514
219;3;2015;0;0;0;0;0;48;28;20;2112;1050;1062;1117;567;550;995;483;512
220;3;2016;0;0;0;0;0;48;27;21;2111;1047;1064;1119;568;551;992;479;513
221;3;2017;0;0;0;0;0;48;29;19;2110;1046;1064;1123;569;554;987;477;510
222;3;2018;0;0;0;0;0;48;30;17;2109;1046;1063;1127;571;556;982;475;507
223;3;2019;0;0;0;0;0;46;29;18;2109;1045;1064;1132;574;559;977;471;505
224;3;2020;0;0;0;0;0;46;28;18;2109;1046;1063;1138;577;562;971;469;501
225;3;2021;0;0;0;0;0;46;28;18;2109;1046;1063;1145;580;565;964;466;498
226;3;2022;0;0;0;0;0;47;29;18;2109;1046;1063;1151;583;568;958;463;495
227;3;2023;0;0;0;0;0;45;27;18;2109;1046;1063;1157;586;571;952;460;492
228;3;2024;0;0;0;0;0;46;28;18;2109;1046;1063;1163;589;574;946;457;489
229;3;2025;0;0;0;0;0;47;27;19;2109;1046;1063;1169;592;576;940;454;487
230;3;2026;0;0;0;0;0;46;29;18;2109;1046;1063;1174;595;579;935;451;484
231;3;2027;0;0;0;0;0;46;28;18;2109;1046;1063;1178;597;581;931;449;482
232;3;2028;0;0;0;0;0;45;27;18;2109;1046;1063;1183;599;583;926;447;480
233;3;2029;0;0;0;0;0;46;28;18;2109;1046;1063;1186;601;585;923;445;478
234;3;2030;0;0;0;0;0;46;28;18;2109;1046;1063;1190;603;587;919;443;476
235;3;2031;0;0;0;0;0;45;27;17;2109;1046;1063;1193;605;588;916;441;475
236;3;2032;0;0;0;0;0;47;30;17;2109;1046;1063;1195;606;589;914;440;474
237;3;2033;0;0;0;0;0;49;30;19;2109;1046;1063;1197;607;590;912;439;473
238;3;2034;0;0;0;0;0;48;29;19;2109;1046;1063;1198;608;591;911;438;472
239;3;2035;0;0;0;0;0;45;27;18;2109;1046;1063;1199;608;591;910;438;472
240;3;2036;0;0;0;0;0;44;26;18;2109;1046;1063;1199;608;591;910;438;472
241;3;2037;0;0;0;0;0;45;27;18;2109;1046;1063;1198;607;590;911;439;473
242;3;2038;0;0;0;0;0;44;27;17;2109;1046;1063;1196;606;590;913;440;473
243;3;2039;0;0;0;0;0;43;28;15;2109;1046;1063;1194;605;588;915;441;475
244;3;2040;0;0;0;0;0;45;27;18;2109;1046;1063;1191;604;587;918;442;476
245;3;2041;0;0;0;0;0;44;27;17;2109;1046;1063;1188;602;586;921;444;477
246;3;2042;0;0;0;0;0;43;27;16;2109;1046;1063;1186;601;585;923;445;478
247;3;2043;0;0;0;0;0;43;26;16;2109;1046;1063;1184;600;584;925;446;479
248;3;2044;0;0;0;0;0;41;25;16;2109;1046;1063;1182;599;583;927;447;480
249;3;2045;0;0;0;0;0;41;26;15;2109;1046;1063;1181;599;582;928;447;481
250;3;2046;0;0;0;0;0;41;25;16;2109;1046;1063;1181;599;582;928;447;481
251;3;2047;0;0;0;0;0;41;25;16;2109;1046;1063;1181;599;582;928;447;481
252;3;2048;0;0;0;0;0;44;27;17;2109;1046;1063;1182;599;583;927;447;480
253;3;2049;0;0;0;0;0;45;27;18;2109;1046;1063;1184;600;584;925;446;479
254;3;2050;0;0;0;0;0;45;27;18;2109;1046;1063;1186;601;585;923;445;478
255;4;2000;0;0;0;0;0;43;26;17;2121;1061;1060;1172;603;569;949;458;491
256;4;2001;0;0;0;0;0;40;25;15;2142;1072;1070;1221;622;599;921;450;471
257;4;2002;0;0;0;0;0;42;27;16;2151;1075;1076;1279;656;623;872;419;453
258;4;2003;0;0;0;0;0;43;27;17;2155;1077;1078;1263;649;613;892;428;465
259;4;2004;0;0;0;0;0;42;26;16;2154;1077;1077;1255;641;614;899;436;463
260;4;2005;0;0;0;0;0;41;27;14;2146;1073;1073;1257;642;615;889;431;458
261;4;2006;0;0;0;0;0;42;26;17;2133;1066;1067;1251;639;613;882;427;454
262;4;2007;0;0;0;0;0;44;26;17;2126;1061;1065;1241;633;608;885;428;457
263;4;2008;0;0;0;0;0;42;26;16;2116;1056;1060;1230;627;603;886;429;457
264;4;2009;0;0;0;0;0;42;26;16;2116;1055;1061;1218;621;597;898;434;464
265;4;2010;0;0;0;0;0;41;24;17;2114;1054;1060;1207;614;592;907;440;468
266;4;2011;0;0;0;0;0;42;26;17;2115;1055;1060;1197;609;588;918;446;472
267;4;2012;0;0;0;0;0;39;24;16;2118;1056;1062;1190;605;585;928;451;477
268;4;2013;0;0;0;0;0;38;22;16;2116;1056;1060;1184;602;582;932;454;478
269;4;2014;0;0;0;0;0;37;23;14;2118;1056;1062;1181;600;581;937;456;481
270;4;2015;0;0;0;0;0;36;22;14;2116;1055;1061;1179;599;581;937;456;480
271;4;2016;0;0;0;0;0;35;21;15;2114;1053;1061;1180;599;581;934;454;480
272;4;2017;0;0;0;0;0;36;21;15;2114;1054;1060;1182;600;582;932;454;478
273;4;2018;0;0;0;0;0;37;22;16;2114;1054;1060;1185;601;584;929;453;476
274;4;2019;0;0;0;0;0;37;22;15;2114;1054;1060;1189;603;586;925;451;474
275;4;2020;0;0;0;0;0;37;22;15;2114;1054;1060;1194;605;589;920;449;471
276;4;2021;0;0;0;0;0;37;21;16;2114;1054;1060;1200;608;592;914;446;468
277;4;2022;0;0;0;0;0;36;21;15;2114;1054;1060;1206;611;595;908;443;465
278;4;2023;0;0;0;0;0;35;19;16;2114;1054;1060;1212;614;598;902;440;462
279;4;2024;0;0;0;0;0;36;20;16;2114;1054;1060;1218;617;601;896;437;459
280;4;2025;0;0;0;0;0;34;18;16;2114;1054;1060;1223;620;603;891;434;457
281;4;2026;0;0;0;0;0;35;21;14;2114;1054;1060;1229;623;606;885;431;454
282;4;2027;0;0;0;0;0;35;22;14;2114;1054;1060;1233;625;608;881;429;452
283;4;2028;0;0;0;0;0;35;20;15;2114;1054;1060;1238;627;610;876;427;450
284;4;2029;0;0;0;0;0;36;22;14;2114;1054;1060;1242;629;612;872;425;448
285;4;2030;0;0;0;0;0;35;22;13;2114;1054;1060;1245;631;614;869;423;446
286;4;2031;0;0;0;0;0;34;21;13;2114;1054;1060;1248;633;616;866;421;444
287;4;2032;0;0;0;0;0;36;21;15;2114;1054;1060;1251;634;617;863;420;443
288;4;2033;0;0;0;0;0;36;21;14;2114;1054;1060;1254;636;618;860;418;442
289;4;2034;0;0;0;0;0;34;19;14;2114;1054;1060;1255;636;619;859;418;441
290;4;2035;0;0;0;0;0;36;20;15;2114;1054;1060;1257;637;619;857;417;441
291;4;2036;0;0;0;0;0;35;20;14;2114;1054;1060;1257;637;620;857;417;440
292;4;2037;0;0;0;0;0;35;22;13;2114;1054;1060;1257;637;620;857;417;440
293;4;2038;0;0;0;0;0;34;19;14;2114;1054;1060;1256;637;619;858;417;441
294;4;2039;0;0;0;0;0;35;19;15;2114;1054;1060;1254;636;618;860;418;442
295;4;2040;0;0;0;0;0;35;19;15;2114;1054;1060;1252;635;617;862;419;443
296;4;2041;0;0;0;0;0;34;19;14;2114;1054;1060;1250;634;616;864;420;444
297;4;2042;0;0;0;0;0;34;20;13;2114;1054;1060;1247;632;615;867;422;445
298;4;2043;0;0;0;0;0;33;20;13;2114;1054;1060;1245;631;614;869;423;446
299;4;2044;0;0;0;0;0;33;20;13;2114;1054;1060;1243;630;612;871;424;448
300;4;2045;0;0;0;0;0;32;19;13;2114;1054;1060;1241;629;612;873;425;448
301;4;2046;0;0;0;0;0;31;18;13;2114;1054;1060;1240;629;611;874;425;449
302;4;2047;0;0;0;0;0;32;18;14;2114;1054;1060;1240;629;611;874;425;449
303;4;2048;0;0;0;0;0;33;18;15;2114;1054;1060;1240;629;611;874;425;449
304;4;2049;0;0;0;0;0;31;16;15;2114;1054;1060;1241;629;612;873;425;448
305;4;2050;0;0;0;0;0;31;16;15;2114;1054;1060;1243;630;612;871;424;448
306;5;2000;0;0;0;0;0;36;22;14;2081;1043;1038;1142;590;552;939;453;486
307;5;2001;0;0;0;0;0;34;21;13;2100;1054;1046;1203;619;584;897;435;462
308;5;2002;0;0;0;0;0;32;19;13;2109;1057;1052;1243;633;610;866;424;442
309;5;2003;0;0;0;0;0;32;19;13;2114;1059;1055;1297;665;632;817;394;423
310;5;2004;0;0;0;0;0;31;18;13;2111;1059;1052;1280;658;622;831;401;430
311;5;2005;0;0;0;0;0;32;20;12;2101;1053;1048;1275;651;624;826;402;424
312;5;2006;0;0;0;0;0;35;22;13;2090;1046;1044;1275;651;624;815;395;420
313;5;2007;0;0;0;0;0;34;21;14;2084;1043;1041;1270;648;622;814;395;419
314;5;2008;0;0;0;0;0;36;20;16;2077;1039;1038;1259;642;617;818;397;421
315;5;2009;0;0;0;0;0;30;17;13;2076;1038;1038;1249;637;612;827;401;426
316;5;2010;0;0;0;0;0;31;18;13;2074;1038;1036;1238;631;607;836;407;429
317;5;2011;0;0;0;0;0;32;18;14;2078;1040;1038;1227;625;602;851;415;436
318;5;2012;0;0;0;0;0;34;19;15;2078;1041;1037;1218;620;598;860;421;439
319;5;2013;0;0;0;0;0;32;17;15;2078;1041;1037;1211;616;595;867;425;442
320;5;2014;0;0;0;0;0;32;18;14;2077;1039;1038;1206;613;593;871;426;445
321;5;2015;0;0;0;0;0;30;17;13;2077;1040;1037;1202;611;591;875;429;446
322;5;2016;0;0;0;0;0;28;16;12;2073;1038;1035;1201;610;591;872;428;444
323;5;2017;0;0;0;0;0;31;19;12;2076;1039;1037;1201;610;592;875;429;445
324;5;2018;0;0;0;0;0;29;16;13;2075;1039;1036;1203;610;593;872;429;443
325;5;2019;0;0;0;0;0;31;17;14;2074;1039;1035;1206;612;595;868;427;440
326;5;2020;0;0;0;0;0;30;17;13;2075;1039;1036;1210;613;597;865;426;439
327;5;2021;0;0;0;0;0;29;17;12;2075;1039;1036;1215;615;599;860;424;437
328;5;2022;0;0;0;0;0;29;16;13;2075;1039;1036;1220;618;602;855;421;434
329;5;2023;0;0;0;0;0;30;17;13;2075;1039;1036;1225;621;604;850;418;432
330;5;2024;0;0;0;0;0;31;18;13;2075;1039;1036;1231;624;607;844;415;429
331;5;2025;0;0;0;0;0;31;17;14;2075;1039;1036;1236;627;610;839;412;426
332;5;2026;0;0;0;0;0;31;16;15;2075;1039;1036;1242;629;612;833;410;424
333;5;2027;0;0;0;0;0;29;15;14;2075;1039;1036;1246;632;615;829;407;421
334;5;2028;0;0;0;0;0;28;16;13;2075;1039;1036;1251;634;617;824;405;419
335;5;2029;0;0;0;0;0;29;16;13;2075;1039;1036;1255;636;619;820;403;417
336;5;2030;0;0;0;0;0;30;16;14;2075;1039;1036;1259;638;621;816;401;415
337;5;2031;0;0;0;0;0;28;15;13;2075;1039;1036;1262;640;622;813;399;414
338;5;2032;0;0;0;0;0;31;17;14;2075;1039;1036;1265;641;624;810;398;412
339;5;2033;0;0;0;0;0;31;18;13;2075;1039;1036;1267;643;625;808;396;411
340;5;2034;0;0;0;0;0;29;17;12;2075;1039;1036;1270;644;626;805;395;410
341;5;2035;0;0;0;0;0;30;16;13;2075;1039;1036;1271;645;627;804;394;409
342;5;2036;0;0;0;0;0;31;16;14;2075;1039;1036;1272;645;627;803;394;409
343;5;2037;0;0;0;0;0;28;15;12;2075;1039;1036;1273;646;627;802;393;409
344;5;2038;0;0;0;0;0;28;15;12;2075;1039;1036;1273;645;627;802;394;409
345;5;2039;0;0;0;0;0;29;16;12;2075;1039;1036;1272;645;627;803;394;409
346;5;2040;0;0;0;0;0;29;17;11;2075;1039;1036;1270;644;626;805;395;410
347;5;2041;0;0;0;0;0;29;17;11;2075;1039;1036;1268;643;625;807;396;411
348;5;2042;0;0;0;0;0;28;16;12;2075;1039;1036;1266;642;624;809;397;412
349;5;2043;0;0;0;0;0;29;16;13;2075;1039;1036;1263;641;623;812;398;413
350;5;2044;0;0;0;0;0;28;16;12;2075;1039;1036;1261;640;621;814;399;415
351;5;2045;0;0;0;0;0;27;16;11;2075;1039;1036;1259;639;621;816;400;415
352;5;2046;0;0;0;0;0;27;16;11;2075;1039;1036;1258;638;620;817;401;416
353;5;2047;0;0;0;0;0;28;16;12;2075;1039;1036;1257;637;619;818;402;417
354;5;2048;0;0;0;0;0;27;16;11;2075;1039;1036;1256;637;619;819;402;417
355;5;2049;0;0;0;0;0;27;16;11;2075;1039;1036;1257;637;619;818;402;417
356;5;2050;0;0;0;0;0;27;16;11;2075;1039;1036;1258;638;620;817;401;416
357;6;2000;0;0;0;0;0;30;18;12;2001;1007;994;1122;579;543;879;428;451
358;6;2001;0;0;0;0;0;31;20;11;2016;1014;1002;1138;587;552;878;427;450
359;6;2002;0;0;0;0;0;33;19;14;2024;1017;1007;1187;610;577;837;407;430
360;6;2003;0;0;0;0;0;30;18;12;2030;1020;1010;1223;623;600;807;397;410
361;6;2004;0;0;0;0;0;28;17;11;2027;1019;1008;1270;651;619;757;368;389
362;6;2005;0;0;0;0;0;29;18;11;2021;1015;1006;1255;645;611;766;370;395
363;6;2006;0;0;0;0;0;28;18;10;2014;1012;1002;1252;639;613;762;373;389
364;6;2007;0;0;0;0;0;29;19;10;2007;1007;1000;1252;639;613;755;368;387
365;6;2008;0;0;0;0;0;28;19;10;1999;1002;997;1246;636;611;753;366;386
366;6;2009;0;0;0;0;0;28;17;11;1997;1001;996;1237;630;606;760;371;390
367;6;2010;0;0;0;0;0;33;19;14;1996;1002;994;1226;625;602;770;377;392
368;6;2011;0;0;0;0;0;29;17;12;1998;1003;995;1216;619;597;782;384;398
369;6;2012;0;0;0;0;0;27;17;10;1999;1004;995;1206;614;592;793;390;403
370;6;2013;0;0;0;0;0;26;15;11;1997;1003;994;1198;609;588;799;394;406
371;6;2014;0;0;0;0;0;27;16;11;1998;1004;994;1191;606;586;807;398;408
372;6;2015;0;0;0;0;0;25;15;10;1995;1002;993;1186;603;583;809;399;410
373;6;2016;0;0;0;0;0;26;15;11;1994;1003;991;1183;601;582;811;402;409
374;6;2017;0;0;0;0;0;27;16;11;1996;1004;992;1181;600;582;815;404;410
375;6;2018;0;0;0;0;0;27;14;13;1995;1001;994;1182;599;582;813;402;412
376;6;2019;0;0;0;0;0;25;14;11;1994;1002;992;1183;600;583;811;402;409
377;6;2020;0;0;0;0;0;27;14;13;1995;1002;993;1186;601;585;809;401;408
378;6;2021;0;0;0;0;0;24;14;10;1995;1002;993;1189;603;586;806;399;407
379;6;2022;0;0;0;0;0;25;15;10;1995;1002;993;1193;605;589;802;397;404
380;6;2023;0;0;0;0;0;26;15;11;1995;1002;993;1198;607;591;797;395;402
381;6;2024;0;0;0;0;0;26;15;12;1995;1002;993;1203;610;593;792;392;400
382;6;2025;0;0;0;0;0;29;16;13;1995;1002;993;1208;612;596;787;390;397
383;6;2026;0;0;0;0;0;28;16;12;1995;1002;993;1213;615;598;782;387;395
384;6;2027;0;0;0;0;0;25;14;11;1995;1002;993;1218;617;601;777;385;392
385;6;2028;0;0;0;0;0;22;13;9;1995;1002;993;1222;620;603;773;382;390
386;6;2029;0;0;0;0;0;25;15;10;1995;1002;993;1227;622;605;768;380;388
387;6;2030;0;0;0;0;0;26;15;11;1995;1002;993;1230;624;606;765;378;387
388;6;2031;0;0;0;0;0;26;15;11;1995;1002;993;1234;625;608;761;377;385
389;6;2032;0;0;0;0;0;26;15;11;1995;1002;993;1237;627;609;758;375;384
390;6;2033;0;0;0;0;0;23;14;9;1995;1002;993;1239;628;611;756;374;382
391;6;2034;0;0;0;0;0;23;14;9;1995;1002;993;1242;630;612;753;372;381
392;6;2035;0;0;0;0;0;27;14;13;1995;1002;993;1244;631;613;751;371;380
393;6;2036;0;0;0;0;0;26;14;12;1995;1002;993;1245;632;614;750;370;379
394;6;2037;0;0;0;0;0;27;15;11;1995;1002;993;1246;632;614;749;370;379
395;6;2038;0;0;0;0;0;26;14;11;1995;1002;993;1247;632;614;748;370;379
396;6;2039;0;0;0;0;0;25;14;10;1995;1002;993;1246;632;614;749;370;379
397;6;2040;0;0;0;0;0;26;14;11;1995;1002;993;1245;632;614;750;370;379
398;6;2041;0;0;0;0;0;24;13;11;1995;1002;993;1244;631;613;751;371;380
399;6;2042;0;0;0;0;0;23;12;11;1995;1002;993;1242;630;612;753;372;381
400;6;2043;0;0;0;0;0;23;12;11;1995;1002;993;1240;629;611;755;373;382
401;6;2044;0;0;0;0;0;25;14;11;1995;1002;993;1238;628;610;757;374;383
402;6;2045;0;0;0;0;0;27;15;12;1995;1002;993;1235;627;609;760;375;384
403;6;2046;0;0;0;0;0;27;16;11;1995;1002;993;1234;626;608;761;376;385
404;6;2047;0;0;0;0;0;27;16;11;1995;1002;993;1232;625;607;763;377;386
405;6;2048;0;0;0;0;0;26;16;10;1995;1002;993;1231;625;607;764;377;386
406;6;2049;0;0;0;0;0;27;15;12;1995;1002;993;1231;624;606;764;378;387
407;6;2050;0;0;0;0;0;27;15;12;1995;1002;993;1231;625;607;764;377;386
408;7;2000;0;0;0;0;0;27;16;11;1900;957;943;1070;552;519;830;405;424
409;7;2001;0;0;0;0;0;28;16;12;1916;966;950;1090;561;529;826;405;421
410;7;2002;0;0;0;0;0;24;17;8;1927;972;955;1100;565;534;827;407;421
411;7;2003;0;0;0;0;0;26;18;8;1928;972;956;1142;585;556;786;387;400
412;7;2004;0;0;0;0;0;24;15;9;1930;973;957;1171;596;576;759;377;381
413;7;2005;0;0;0;0;0;26;16;10;1922;968;954;1212;620;592;710;348;362
414;7;2006;0;0;0;0;0;26;15;11;1915;965;950;1200;615;585;715;350;365
415;7;2007;0;0;0;0;0;26;15;11;1909;960;949;1198;611;587;711;349;362
416;7;2008;0;0;0;0;0;25;16;9;1903;957;946;1198;610;588;705;347;358
417;7;2009;0;0;0;0;0;22;14;8;1903;957;946;1193;608;585;710;349;361
418;7;2010;0;0;0;0;0;24;14;10;1900;958;942;1184;603;581;716;355;361
419;7;2011;0;0;0;0;0;24;13;11;1902;958;944;1175;598;577;727;360;367
420;7;2012;0;0;0;0;0;24;13;11;1903;959;944;1165;593;573;738;366;371
421;7;2013;0;0;0;0;0;22;14;9;1902;959;943;1156;588;568;746;371;375
422;7;2014;0;0;0;0;0;25;14;11;1902;960;942;1148;583;565;754;377;377
423;7;2015;0;0;0;0;0;27;15;12;1903;960;943;1142;580;562;761;380;381
424;7;2016;0;0;0;0;0;27;15;11;1900;958;942;1137;577;560;763;381;382
425;7;2017;0;0;0;0;0;25;15;9;1898;958;940;1134;575;558;764;383;382
426;7;2018;0;0;0;0;0;24;13;10;1896;956;940;1132;574;558;764;382;382
427;7;2019;0;0;0;0;0;23;13;10;1899;956;943;1132;574;558;767;382;385
428;7;2020;0;0;0;0;0;27;14;13;1899;957;942;1134;575;559;765;382;383
429;7;2021;0;0;0;0;0;25;15;10;1899;957;942;1136;576;560;763;381;382
430;7;2022;0;0;0;0;0;26;15;11;1899;957;942;1139;577;562;760;380;380
431;7;2023;0;0;0;0;0;24;14;10;1899;957;942;1143;579;564;756;378;378
432;7;2024;0;0;0;0;0;24;14;11;1899;957;942;1147;581;566;752;376;376
433;7;2025;0;0;0;0;0;24;13;11;1899;957;942;1151;583;568;748;374;374
434;7;2026;0;0;0;0;0;22;13;9;1899;957;942;1156;586;570;743;371;372
435;7;2027;0;0;0;0;0;22;13;9;1899;957;942;1161;588;572;738;369;370
436;7;2028;0;0;0;0;0;22;12;10;1899;957;942;1165;590;575;734;367;367
437;7;2029;0;0;0;0;0;25;15;10;1899;957;942;1169;592;577;730;365;365
438;7;2030;0;0;0;0;0;21;13;8;1899;957;942;1173;594;578;726;363;364
439;7;2031;0;0;0;0;0;23;14;9;1899;957;942;1176;596;580;723;361;362
440;7;2032;0;0;0;0;0;22;14;8;1899;957;942;1179;598;581;720;359;361
441;7;2033;0;0;0;0;0;23;14;9;1899;957;942;1182;599;583;717;358;359
442;7;2034;0;0;0;0;0;21;12;9;1899;957;942;1184;600;584;715;357;358
443;7;2035;0;0;0;0;0;21;12;9;1899;957;942;1186;601;585;713;356;357
444;7;2036;0;0;0;0;0;22;13;9;1899;957;942;1188;602;586;711;355;356
445;7;2037;0;0;0;0;0;20;11;9;1899;957;942;1190;603;586;709;354;356
446;7;2038;0;0;0;0;0;21;13;8;1899;957;942;1191;604;587;708;353;355
447;7;2039;0;0;0;0;0;21;13;8;1899;957;942;1191;604;587;708;353;355
448;7;2040;0;0;0;0;0;20;12;8;1899;957;942;1191;604;587;708;353;355
449;7;2041;0;0;0;0;0;19;12;7;1899;957;942;1190;603;586;709;354;356
450;7;2042;0;0;0;0;0;21;12;9;1899;957;942;1188;603;586;711;354;356
451;7;2043;0;0;0;0;0;21;12;9;1899;957;942;1187;602;585;712;355;357
452;7;2044;0;0;0;0;0;22;12;10;1899;957;942;1185;601;584;714;356;358
453;7;2045;0;0;0;0;0;21;11;10;1899;957;942;1183;600;583;716;357;359
454;7;2046;0;0;0;0;0;22;12;10;1899;957;942;1181;599;582;718;358;360
455;7;2047;0;0;0;0;0;22;12;10;1899;957;942;1179;598;581;720;359;361
456;7;2048;0;0;0;0;0;20;11;9;1899;957;942;1178;597;580;721;360;362
457;7;2049;0;0;0;0;0;21;12;9;1899;957;942;1177;597;580;722;360;362
458;7;2050;0;0;0;0;0;21;12;9;1899;957;942;1176;597;580;723;360;362
459;8;2000;0;0;0;0;0;26;16;10;1793;906;887;995;515;480;798;391;407
460;8;2001;0;0;0;0;0;28;17;11;1807;914;893;1017;522;495;790;392;398
461;8;2002;0;0;0;0;0;25;14;11;1818;919;899;1031;528;502;787;391;397
462;8;2003;0;0;0;0;0;24;16;8;1820;920;900;1038;532;506;782;388;394
463;8;2004;0;0;0;0;0;22;13;9;1821;920;901;1072;548;524;749;372;377
464;8;2005;0;0;0;0;0;26;16;10;1814;917;897;1098;557;541;716;360;356
465;8;2006;0;0;0;0;0;25;15;10;1809;913;896;1133;578;555;676;335;341
466;8;2007;0;0;0;0;0;22;13;9;1803;910;893;1123;574;549;680;336;344
467;8;2008;0;0;0;0;0;24;14;10;1796;906;890;1123;571;552;673;335;338
468;8;2009;0;0;0;0;0;22;14;8;1797;906;891;1123;571;552;674;335;339
469;8;2010;0;0;0;0;0;26;15;12;1795;907;888;1118;568;549;677;339;339
470;8;2011;0;0;0;0;0;20;11;9;1796;908;888;1109;564;546;687;344;342
471;8;2012;0;0;0;0;0;21;12;9;1797;909;888;1101;559;542;696;350;346
472;8;2013;0;0;0;0;0;20;11;9;1796;908;888;1092;555;538;704;353;350
473;8;2014;0;0;0;0;0;19;10;9;1796;909;887;1084;550;534;712;359;353
474;8;2015;0;0;0;0;0;18;10;9;1794;907;887;1076;546;530;718;361;357
475;8;2016;0;0;0;0;0;19;11;8;1794;907;887;1071;543;528;723;364;359
476;8;2017;0;0;0;0;0;23;13;10;1792;907;885;1066;541;525;726;366;360
477;8;2018;0;0;0;0;0;24;13;11;1790;906;884;1063;539;524;727;367;360
478;8;2019;0;0;0;0;0;24;13;11;1792;906;886;1061;538;524;731;368;362
479;8;2020;0;0;0;0;0;23;12;11;1792;907;885;1062;538;524;730;369;361
480;8;2021;0;0;0;0;0;22;12;10;1792;907;885;1063;538;524;729;369;361
481;8;2022;0;0;0;0;0;21;11;10;1792;907;885;1064;539;525;728;368;360
482;8;2023;0;0;0;0;0;21;11;10;1792;907;885;1067;540;527;725;367;358
483;8;2024;0;0;0;0;0;21;12;10;1792;907;885;1070;542;528;722;365;357
484;8;2025;0;0;0;0;0;22;11;11;1792;907;885;1074;544;530;718;363;355
485;8;2026;0;0;0;0;0;21;9;12;1792;907;885;1078;546;532;714;361;353
486;8;2027;0;0;0;0;0;22;10;12;1792;907;885;1082;548;534;710;359;351
487;8;2028;0;0;0;0;0;22;10;12;1792;907;885;1086;550;536;706;357;349
488;8;2029;0;0;0;0;0;22;10;12;1792;907;885;1090;552;538;702;355;347
489;8;2030;0;0;0;0;0;19;10;8;1792;907;885;1094;554;540;698;353;345
490;8;2031;0;0;0;0;0;21;13;8;1792;907;885;1097;556;541;695;351;344
491;8;2032;0;0;0;0;0;20;13;7;1792;907;885;1100;558;543;692;349;342
492;8;2033;0;0;0;0;0;20;12;8;1792;907;885;1103;559;544;689;348;341
493;8;2034;0;0;0;0;0;20;11;9;1792;907;885;1105;560;545;687;347;340
494;8;2035;0;0;0;0;0;20;12;8;1792;907;885;1108;561;546;684;346;339
495;8;2036;0;0;0;0;0;18;11;7;1792;907;885;1110;562;547;682;345;338
496;8;2037;0;0;0;0;0;17;10;7;1792;907;885;1111;563;548;681;344;337
497;8;2038;0;0;0;0;0;18;11;7;1792;907;885;1112;564;549;680;343;336
498;8;2039;0;0;0;0;0;17;10;7;1792;907;885;1113;564;549;679;343;336
499;8;2040;0;0;0;0;0;18;12;6;1792;907;885;1114;565;549;678;342;336
500;8;2041;0;0;0;0;0;18;11;7;1792;907;885;1113;564;549;679;343;336
501;8;2042;0;0;0;0;0;18;11;7;1792;907;885;1113;564;549;679;343;336
502;8;2043;0;0;0;0;0;18;11;7;1792;907;885;1111;563;548;681;344;337
503;8;2044;0;0;0;0;0;16;9;7;1792;907;885;1110;563;547;682;344;338
504;8;2045;0;0;0;0;0;19;10;9;1792;907;885;1108;562;546;684;345;339
505;8;2046;0;0;0;0;0;20;11;9;1792;907;885;1106;561;545;686;346;340
506;8;2047;0;0;0;0;0;22;13;9;1792;907;885;1104;560;544;688;347;341
507;8;2048;0;0;0;0;0;22;12;10;1792;907;885;1103;559;544;689;348;341
508;8;2049;0;0;0;0;0;21;12;9;1792;907;885;1102;558;543;690;349;342
509;8;2050;0;0;0;0;0;21;12;9;1792;907;885;1101;558;543;691;349;342
510;9;2000;0;0;0;0;0;25;15;10;1687;855;832;921;474;447;766;381;385
511;9;2001;0;0;0;0;0;27;15;12;1695;860;835;930;480;450;765;380;385
512;9;2002;0;0;0;0;0;25;15;10;1704;863;841;945;484;461;759;379;380
513;9;2003;0;0;0;0;0;27;15;12;1707;866;841;957;489;468;750;377;373
514;9;2004;0;0;0;0;0;23;13;10;1710;867;843;962;491;470;748;376;373
515;9;2005;0;0;0;0;0;26;14;12;1704;864;840;990;505;484;714;359;356
516;9;2006;0;0;0;0;0;23;15;9;1696;859;837;1012;513;499;684;346;338
517;9;2007;0;0;0;0;0;23;12;11;1689;855;834;1042;531;511;647;324;323
518;9;2008;0;0;0;0;0;23;13;10;1688;854;834;1033;527;506;655;327;328
519;9;2009;0;0;0;0;0;24;13;11;1686;853;833;1035;526;509;651;327;324
520;9;2010;0;0;0;0;0;24;14;10;1685;854;831;1034;525;509;651;329;322
521;9;2011;0;0;0;0;0;24;13;11;1684;854;830;1030;523;507;654;331;323
522;9;2012;0;0;0;0;0;22;14;8;1685;854;831;1022;519;503;663;335;328
523;9;2013;0;0;0;0;0;22;14;8;1684;854;830;1015;515;500;669;339;330
524;9;2014;0;0;0;0;0;23;13;10;1685;854;831;1007;511;496;678;343;335
525;9;2015;0;0;0;0;0;22;13;9;1681;852;829;999;507;492;682;345;337
526;9;2016;0;0;0;0;0;22;13;10;1681;853;828;992;503;489;689;350;339
527;9;2017;0;0;0;0;0;20;11;9;1681;853;828;987;500;487;694;353;341
528;9;2018;0;0;0;0;0;19;12;8;1680;853;827;982;498;484;698;355;343
529;9;2019;0;0;0;0;0;20;12;8;1683;854;829;979;496;483;704;358;346
530;9;2020;0;0;0;0;0;22;12;10;1680;852;828;978;495;482;702;357;346
531;9;2021;0;0;0;0;0;20;11;9;1680;852;828;978;495;483;702;357;345
532;9;2022;0;0;0;0;0;20;11;9;1680;852;828;979;496;483;701;356;345
533;9;2023;0;0;0;0;0;20;12;9;1680;852;828;980;496;484;700;356;344
534;9;2024;0;0;0;0;0;22;13;10;1680;852;828;982;498;485;698;354;343
535;9;2025;0;0;0;0;0;22;12;10;1680;852;828;985;499;486;695;353;342
536;9;2026;0;0;0;0;0;19;10;9;1680;852;828;989;501;488;691;351;340
537;9;2027;0;0;0;0;0;19;10;9;1680;852;828;992;503;490;688;349;338
538;9;2028;0;0;0;0;0;19;10;9;1680;852;828;996;505;491;684;347;337
539;9;2029;0;0;0;0;0;17;10;7;1680;852;828;1000;506;493;680;346;335
540;9;2030;0;0;0;0;0;17;10;7;1680;852;828;1003;508;495;677;344;333
541;9;2031;0;0;0;0;0;18;11;7;1680;852;828;1006;510;496;674;342;332
542;9;2032;0;0;0;0;0;19;11;8;1680;852;828;1009;511;498;671;341;330
543;9;2033;0;0;0;0;0;18;11;7;1680;852;828;1012;513;499;668;339;329
544;9;2034;0;0;0;0;0;18;10;8;1680;852;828;1014;514;500;666;338;328
545;9;2035;0;0;0;0;0;18;10;8;1680;852;828;1016;515;501;664;337;327
546;9;2036;0;0;0;0;0;16;9;7;1680;852;828;1018;516;502;662;336;326
547;9;2037;0;0;0;0;0;19;10;9;1680;852;828;1020;517;503;660;335;325
548;9;2038;0;0;0;0;0;19;11;8;1680;852;828;1022;518;504;658;334;324
549;9;2039;0;0;0;0;0;17;10;7;1680;852;828;1023;518;504;657;334;324
550;9;2040;0;0;0;0;0;21;12;8;1680;852;828;1023;519;505;657;333;323
551;9;2041;0;0;0;0;0;19;11;8;1680;852;828;1024;519;505;656;333;323
552;9;2042;0;0;0;0;0;18;11;7;1680;852;828;1024;519;505;656;333;323
553;9;2043;0;0;0;0;0;17;10;7;1680;852;828;1023;519;504;657;333;324
554;9;2044;0;0;0;0;0;17;10;7;1680;852;828;1022;518;504;658;334;324
555;9;2045;0;0;0;0;0;18;11;7;1680;852;828;1020;517;503;660;335;325
556;9;2046;0;0;0;0;0;18;12;6;1680;852;828;1019;516;502;661;336;326
557;9;2047;0;0;0;0;0;20;12;8;1680;852;828;1017;516;501;663;336;327
558;9;2048;0;0;0;0;0;18;11;7;1680;852;828;1015;515;500;665;337;328
559;9;2049;0;0;0;0;0;17;10;7;1680;852;828;1014;514;500;666;338;328
560;9;2050;0;0;0;0;0;17;10;7;1680;852;828;1013;514;499;667;338;329
561;10;2000;0;0;0;0;0;25;14;11;1590;808;782;852;443;409;738;365;373
562;10;2001;0;0;0;0;0;26;16;11;1595;812;783;853;438;415;742;374;368
563;10;2002;0;0;0;0;0;27;15;12;1604;815;789;857;441;415;747;374;374
564;10;2003;0;0;0;0;0;25;14;11;1607;817;790;869;445;424;738;372;366
565;10;2004;0;0;0;0;0;23;13;11;1605;817;788;878;448;429;727;369;359
566;10;2005;0;0;0;0;0;24;13;11;1601;814;787;881;450;431;720;364;356
567;10;2006;0;0;0;0;0;22;12;10;1594;810;784;905;462;443;689;348;341
568;10;2007;0;0;0;0;0;24;14;10;1590;807;783;923;468;455;667;339;328
569;10;2008;0;0;0;0;0;25;13;12;1587;805;782;949;484;466;638;321;316
570;10;2009;0;0;0;0;0;25;13;12;1584;803;781;942;481;462;642;322;319
571;10;2010;0;0;0;0;0;25;13;12;1585;806;779;944;480;464;641;326;315
572;10;2011;0;0;0;0;0;22;13;9;1586;807;779;944;480;464;642;327;315
573;10;2012;0;0;0;0;0;24;13;11;1584;806;778;939;478;462;645;328;316
574;10;2013;0;0;0;0;0;24;13;11;1583;805;778;933;474;459;650;331;319
575;10;2014;0;0;0;0;0;21;12;9;1584;806;778;925;470;455;659;336;323
576;10;2015;0;0;0;0;0;22;14;8;1580;804;776;918;466;452;662;338;324
577;10;2016;0;0;0;0;0;23;12;11;1578;802;776;911;462;448;667;340;328
578;10;2017;0;0;0;0;0;22;12;11;1578;803;775;905;459;445;673;344;330
579;10;2018;0;0;0;0;0;22;12;10;1577;803;774;900;457;443;677;346;331
580;10;2019;0;0;0;0;0;22;12;10;1578;803;775;896;455;441;682;348;334
581;10;2020;0;0;0;0;0;23;13;10;1577;804;773;893;453;440;684;351;333
582;10;2021;0;0;0;0;0;22;12;10;1577;804;773;891;452;439;686;352;334
583;10;2022;0;0;0;0;0;22;13;9;1577;804;773;891;452;439;686;352;334
584;10;2023;0;0;0;0;0;21;13;9;1577;804;773;892;453;439;685;351;334
585;10;2024;0;0;0;0;0;19;11;9;1577;804;773;893;453;440;684;351;333
586;10;2025;0;0;0;0;0;20;10;10;1577;804;773;895;454;441;682;350;332
587;10;2026;0;0;0;0;0;18;8;10;1577;804;773;898;455;442;679;349;331
588;10;2027;0;0;0;0;0;20;10;10;1577;804;773;900;457;444;677;347;329
589;10;2028;0;0;0;0;0;21;9;12;1577;804;773;904;459;445;673;345;328
590;10;2029;0;0;0;0;0;21;10;11;1577;804;773;907;460;447;670;344;326
591;10;2030;0;0;0;0;0;20;9;11;1577;804;773;910;462;448;667;342;325
592;10;2031;0;0;0;0;0;23;12;11;1577;804;773;913;463;450;664;341;323
593;10;2032;0;0;0;0;0;20;11;9;1577;804;773;916;465;451;661;339;322
594;10;2033;0;0;0;0;0;19;11;8;1577;804;773;919;466;452;658;338;321
595;10;2034;0;0;0;0;0;18;10;8;1577;804;773;921;467;453;656;337;320
596;10;2035;0;0;0;0;0;20;11;9;1577;804;773;923;469;454;654;335;319
597;10;2036;0;0;0;0;0;22;12;10;1577;804;773;925;470;455;652;334;318
598;10;2037;0;0;0;0;0;22;12;10;1577;804;773;927;470;456;650;334;317
599;10;2038;0;0;0;0;0;20;11;9;1577;804;773;928;471;457;649;333;316
600;10;2039;0;0;0;0;0;19;10;9;1577;804;773;929;472;457;648;332;316
601;10;2040;0;0;0;0;0;20;10;11;1577;804;773;930;472;458;647;332;315
602;10;2041;0;0;0;0;0;18;10;8;1577;804;773;931;473;458;646;331;315
603;10;2042;0;0;0;0;0;22;12;9;1577;804;773;931;473;458;646;331;315
604;10;2043;0;0;0;0;0;22;12;10;1577;804;773;931;473;458;646;331;315
605;10;2044;0;0;0;0;0;20;12;7;1577;804;773;930;473;458;647;331;315
606;10;2045;0;0;0;0;0;18;11;7;1577;804;773;929;472;457;648;332;316
607;10;2046;0;0;0;0;0;17;11;6;1577;804;773;928;471;457;649;333;316
608;10;2047;0;0;0;0;0;19;12;7;1577;804;773;927;471;456;650;333;317
609;10;2048;0;0;0;0;0;17;11;6;1577;804;773;925;470;455;652;334;318
610;10;2049;0;0;0;0;0;17;11;6;1577;804;773;924;469;455;653;335;318
611;10;2050;0;0;0;0;0;17;11;6;1577;804;773;923;469;454;654;335;319
612;11;2000;0;0;0;0;0;29;16;14;1510;769;741;754;389;366;756;380;375
613;11;2001;0;0;0;0;0;27;14;14;1509;770;739;787;409;378;722;361;361
614;11;2002;0;0;0;0;0;28;15;13;1515;773;742;785;404;381;730;369;361
615;11;2003;0;0;0;0;0;27;15;12;1519;775;744;788;406;382;731;369;362
616;11;2004;0;0;0;0;0;28;15;13;1518;774;744;796;408;388;722;366;356
617;11;2005;0;0;0;0;0;28;13;15;1516;773;743;803;411;392;713;362;351
618;11;2006;0;0;0;0;0;27;14;13;1508;767;741;807;413;394;701;354;347
619;11;2007;0;0;0;0;0;27;15;12;1504;766;738;827;423;404;677;343;334
620;11;2008;0;0;0;0;0;27;14;13;1499;762;737;842;428;414;657;334;323
621;11;2009;0;0;0;0;0;28;14;14;1496;760;736;865;441;424;631;319;312
622;11;2010;0;0;0;0;0;25;14;11;1496;763;733;858;438;420;638;325;313
623;11;2011;0;0;0;0;0;29;15;14;1497;763;734;860;438;422;637;325;312
624;11;2012;0;0;0;0;0;28;14;14;1495;763;732;860;438;422;635;325;310
625;11;2013;0;0;0;0;0;28;14;14;1495;763;732;855;436;420;640;327;312
626;11;2014;0;0;0;0;0;26;14;12;1494;763;731;849;432;417;645;331;314
627;11;2015;0;0;0;0;0;23;13;10;1491;760;731;842;429;414;649;331;317
628;11;2016;0;0;0;0;0;23;12;11;1489;760;729;836;425;411;653;335;318
629;11;2017;0;0;0;0;0;25;12;13;1490;761;729;829;422;407;661;339;322
630;11;2018;0;0;0;0;0;23;11;13;1488;760;728;823;419;405;665;341;323
631;11;2019;0;0;0;0;0;24;13;11;1486;758;728;819;417;402;667;341;326
632;11;2020;0;0;0;0;0;21;11;10;1488;759;729;815;415;401;673;344;328
633;11;2021;0;0;0;0;0;23;13;10;1488;759;729;813;413;399;675;346;330
634;11;2022;0;0;0;0;0;22;13;9;1488;759;729;811;413;399;677;346;330
635;11;2023;0;0;0;0;0;22;12;10;1488;759;729;811;412;399;677;347;330
636;11;2024;0;0;0;0;0;23;13;10;1488;759;729;811;413;399;677;346;330
637;11;2025;0;0;0;0;0;23;12;12;1488;759;729;813;413;399;675;346;330
638;11;2026;0;0;0;0;0;24;12;12;1488;759;729;814;414;400;674;345;329
639;11;2027;0;0;0;0;0;24;12;12;1488;759;729;816;415;401;672;344;328
640;11;2028;0;0;0;0;0;20;10;10;1488;759;729;819;416;402;669;343;327
641;11;2029;0;0;0;0;0;21;10;11;1488;759;729;821;418;404;667;341;325
642;11;2030;0;0;0;0;0;23;11;12;1488;759;729;824;419;405;664;340;324
643;11;2031;0;0;0;0;0;25;14;11;1488;759;729;827;421;406;661;338;323
644;11;2032;0;0;0;0;0;24;13;11;1488;759;729;830;422;408;658;337;321
645;11;2033;0;0;0;0;0;25;13;12;1488;759;729;832;423;409;656;336;320
646;11;2034;0;0;0;0;0;23;13;10;1488;759;729;834;425;410;654;334;319
647;11;2035;0;0;0;0;0;24;13;11;1488;759;729;836;426;411;652;333;318
648;11;2036;0;0;0;0;0;24;12;12;1488;759;729;838;427;412;650;332;317
649;11;2037;0;0;0;0;0;24;12;11;1488;759;729;840;427;412;648;332;317
650;11;2038;0;0;0;0;0;23;11;12;1488;759;729;841;428;413;647;331;316
651;11;2039;0;0;0;0;0;23;11;12;1488;759;729;843;429;414;645;330;315
652;11;2040;0;0;0;0;0;24;13;11;1488;759;729;844;429;414;644;330;315
653;11;2041;0;0;0;0;0;22;11;11;1488;759;729;845;430;415;643;329;314
654;11;2042;0;0;0;0;0;22;11;11;1488;759;729;845;430;415;643;329;314
655;11;2043;0;0;0;0;0;21;10;11;1488;759;729;845;430;415;643;329;314
656;11;2044;0;0;0;0;0;18;10;8;1488;759;729;845;430;415;643;329;314
657;11;2045;0;0;0;0;0;21;11;10;1488;759;729;845;430;415;643;329;314
658;11;2046;0;0;0;0;0;21;11;9;1488;759;729;844;430;414;644;329;315
659;11;2047;0;0;0;0;0;19;9;11;1488;759;729;843;429;414;645;330;315
660;11;2048;0;0;0;0;0;21;10;12;1488;759;729;841;428;413;647;331;316
661;11;2049;0;0;0;0;0;22;11;11;1488;759;729;840;428;412;648;331;317
662;11;2050;0;0;0;0;0;22;11;11;1488;759;729;839;427;412;649;332;317
663;12;2000;0;0;0;0;0;29;15;14;1452;741;711;679;355;324;773;386;387
664;12;2001;0;0;0;0;0;30;15;15;1451;742;709;702;362;340;749;380;369
665;12;2002;0;0;0;0;0;31;14;17;1457;744;713;727;378;349;730;366;364
666;12;2003;0;0;0;0;0;29;16;13;1460;746;714;726;374;352;734;372;362
667;12;2004;0;0;0;0;0;27;14;12;1456;745;711;726;375;351;730;370;360
668;12;2005;0;0;0;0;0;30;16;14;1452;742;710;733;376;357;719;366;353
669;12;2006;0;0;0;0;0;30;15;15;1449;739;710;739;378;361;710;361;349
670;12;2007;0;0;0;0;0;30;16;14;1443;736;707;742;380;362;701;356;345
671;12;2008;0;0;0;0;0;28;15;13;1437;732;705;759;389;370;678;343;335
672;12;2009;0;0;0;0;0;27;14;13;1436;731;705;773;393;380;663;338;325
673;12;2010;0;0;0;0;0;30;15;15;1435;733;702;792;405;388;643;328;314
674;12;2011;0;0;0;0;0;29;15;15;1438;736;702;786;402;384;652;334;318
675;12;2012;0;0;0;0;0;29;14;15;1434;734;700;788;402;386;646;332;314
676;12;2013;0;0;0;0;0;27;13;14;1433;733;700;787;401;386;646;332;314
677;12;2014;0;0;0;0;0;26;13;13;1432;733;699;783;399;384;649;334;315
678;12;2015;0;0;0;0;0;28;14;14;1430;732;698;777;396;381;653;336;317
679;12;2016;0;0;0;0;0;25;13;12;1426;729;697;771;393;378;655;336;319
680;12;2017;0;0;0;0;0;25;11;14;1424;728;696;765;390;375;659;338;321
681;12;2018;0;0;0;0;0;24;11;13;1424;728;696;759;387;372;665;341;324
682;12;2019;0;0;0;0;0;25;12;13;1425;728;697;754;384;370;671;344;327
683;12;2020;0;0;0;0;0;25;13;12;1425;728;697;750;382;368;675;346;329
684;12;2021;0;0;0;0;0;24;12;12;1425;728;697;746;380;366;679;348;331
685;12;2022;0;0;0;0;0;25;12;13;1425;728;697;744;379;365;681;349;332
686;12;2023;0;0;0;0;0;25;12;13;1425;728;697;742;378;364;683;350;333
687;12;2024;0;0;0;0;0;27;14;13;1425;728;697;742;378;364;683;350;333
688;12;2025;0;0;0;0;0;25;13;12;1425;728;697;742;378;364;683;350;333
689;12;2026;0;0;0;0;0;26;13;13;1425;728;697;743;379;365;682;349;332
690;12;2027;0;0;0;0;0;25;12;13;1425;728;697;745;379;365;680;349;332
691;12;2028;0;0;0;0;0;23;10;13;1425;728;697;746;380;366;679;348;331
692;12;2029;0;0;0;0;0;23;10;13;1425;728;697;749;381;367;676;347;330
693;12;2030;0;0;0;0;0;24;12;12;1425;728;697;751;383;368;674;345;329
694;12;2031;0;0;0;0;0;24;12;12;1425;728;697;753;384;369;672;344;328
695;12;2032;0;0;0;0;0;26;12;14;1425;728;697;756;385;370;669;343;327
696;12;2033;0;0;0;0;0;25;11;14;1425;728;697;758;386;372;667;342;325
697;12;2034;0;0;0;0;0;25;11;14;1425;728;697;760;387;373;665;341;324
698;12;2035;0;0;0;0;0;25;12;13;1425;728;697;762;388;374;663;340;323
699;12;2036;0;0;0;0;0;23;11;12;1425;728;697;764;389;374;661;339;323
700;12;2037;0;0;0;0;0;26;12;14;1425;728;697;765;390;375;660;338;322
701;12;2038;0;0;0;0;0;25;12;13;1425;728;697;767;391;376;658;337;321
702;12;2039;0;0;0;0;0;25;12;13;1425;728;697;768;392;376;657;336;321
703;12;2040;0;0;0;0;0;25;12;13;1425;728;697;769;392;377;656;336;320
704;12;2041;0;0;0;0;0;24;10;14;1425;728;697;770;393;377;655;335;320
705;12;2042;0;0;0;0;0;24;11;13;1425;728;697;771;393;378;654;335;319
706;12;2043;0;0;0;0;0;22;10;12;1425;728;697;771;393;378;654;335;319
707;12;2044;0;0;0;0;0;23;10;13;1425;728;697;772;394;378;653;334;319
708;12;2045;0;0;0;0;0;24;11;13;1425;728;697;771;394;378;654;334;319
709;12;2046;0;0;0;0;0;23;11;12;1425;728;697;771;393;378;654;335;319
710;12;2047;0;0;0;0;0;23;10;13;1425;728;697;770;393;377;655;335;320
711;12;2048;0;0;0;0;0;23;10;13;1425;728;697;769;392;377;656;336;320
712;12;2049;0;0;0;0;0;20;9;12;1425;728;697;768;392;376;657;336;321
713;12;2050;0;0;0;0;0;20;9;11;1425;728;697;767;391;376;658;337;321
714;13;2000;0;0;0;0;0;35;20;15;1434;732;702;638;334;304;796;398;398
715;13;2001;0;0;0;0;0;31;16;15;1426;730;696;640;335;305;786;395;391
716;13;2002;0;0;0;0;0;32;16;16;1432;733;699;659;341;318;773;392;381
717;13;2003;0;0;0;0;0;34;17;17;1432;733;699;681;354;327;751;379;372
718;13;2004;0;0;0;0;0;34;16;18;1429;731;698;678;349;328;751;382;370
719;13;2005;0;0;0;0;0;32;17;15;1423;727;696;678;350;328;745;377;368
720;13;2006;0;0;0;0;0;32;15;17;1417;724;693;684;351;332;733;373;361
721;13;2007;0;0;0;0;0;29;14;15;1410;721;689;689;353;336;721;368;353
722;13;2008;0;0;0;0;0;31;15;16;1406;717;689;691;354;337;715;363;352
723;13;2009;0;0;0;0;0;32;17;15;1405;717;688;707;362;344;698;355;344
724;13;2010;0;0;0;0;0;28;15;13;1405;719;686;719;367;353;686;352;333
725;13;2011;0;0;0;0;0;31;15;16;1402;717;685;736;376;360;666;341;325
726;13;2012;0;0;0;0;0;31;15;16;1402;718;684;730;374;356;672;344;328
727;13;2013;0;0;0;0;0;29;14;15;1400;717;683;732;374;358;668;343;325
728;13;2014;0;0;0;0;0;28;13;15;1398;716;682;730;373;358;668;343;324
729;13;2015;0;0;0;0;0;30;15;15;1397;716;681;726;371;355;671;345;326
730;13;2016;0;0;0;0;0;31;15;16;1395;714;681;721;368;353;674;346;328
731;13;2017;0;0;0;0;0;28;14;14;1392;714;678;715;365;350;677;349;328
732;13;2018;0;0;0;0;0;30;14;16;1390;713;677;709;362;347;681;351;330
733;13;2019;0;0;0;0;0;26;12;14;1387;711;676;704;359;345;683;352;331
734;13;2020;0;0;0;0;0;26;12;14;1388;711;677;699;357;342;689;354;335
735;13;2021;0;0;0;0;0;27;12;15;1388;711;677;695;355;340;693;356;337
736;13;2022;0;0;0;0;0;28;14;14;1388;711;677;692;353;339;696;358;338
737;13;2023;0;0;0;0;0;29;15;14;1388;711;677;690;352;338;698;359;339
738;13;2024;0;0;0;0;0;28;15;13;1388;711;677;689;351;337;699;360;340
739;13;2025;0;0;0;0;0;27;14;13;1388;711;677;688;351;337;700;360;340
740;13;2026;0;0;0;0;0;27;13;14;1388;711;677;688;351;337;700;360;340
741;13;2027;0;0;0;0;0;27;13;14;1388;711;677;689;352;337;699;359;340
742;13;2028;0;0;0;0;0;28;14;14;1388;711;677;690;352;338;698;359;339
743;13;2029;0;0;0;0;0;24;11;13;1388;711;677;692;353;339;696;358;338
744;13;2030;0;0;0;0;0;25;11;14;1388;711;677;694;354;339;694;357;338
745;13;2031;0;0;0;0;0;25;11;14;1388;711;677;696;355;340;692;356;337
746;13;2032;0;0;0;0;0;24;11;13;1388;711;677;698;356;341;690;355;336
747;13;2033;0;0;0;0;0;29;14;15;1388;711;677;700;357;342;688;354;335
748;13;2034;0;0;0;0;0;27;13;14;1388;711;677;702;358;343;686;353;334
749;13;2035;0;0;0;0;0;26;13;13;1388;711;677;704;359;344;684;352;333
750;13;2036;0;0;0;0;0;26;12;15;1388;711;677;705;360;345;683;351;332
751;13;2037;0;0;0;0;0;27;13;14;1388;711;677;707;361;346;681;350;331
752;13;2038;0;0;0;0;0;25;12;13;1388;711;677;708;362;346;680;349;331
753;13;2039;0;0;0;0;0;26;12;14;1388;711;677;709;362;347;679;349;330
754;13;2040;0;0;0;0;0;26;12;14;1388;711;677;710;363;348;678;348;329
755;13;2041;0;0;0;0;0;26;13;13;1388;711;677;711;363;348;677;348;329
756;13;2042;0;0;0;0;0;26;13;13;1388;711;677;712;364;348;676;347;329
757;13;2043;0;0;0;0;0;25;12;13;1388;711;677;713;364;349;675;347;328
758;13;2044;0;0;0;0;0;25;12;13;1388;711;677;713;364;349;675;347;328
759;13;2045;0;0;0;0;0;25;12;13;1388;711;677;714;365;349;674;346;328
760;13;2046;0;0;0;0;0;23;11;12;1388;711;677;713;365;349;675;346;328
761;13;2047;0;0;0;0;0;23;11;12;1388;711;677;713;364;349;675;347;328
762;13;2048;0;0;0;0;0;23;12;11;1388;711;677;712;364;348;676;347;329
763;13;2049;0;0;0;0;0;25;12;13;1388;711;677;712;364;348;676;347;329
764;13;2050;0;0;0;0;0;25;12;13;1388;711;677;711;363;347;677;348;330
765;14;2000;0;0;0;0;0;36;19;16;1458;745;713;604;317;287;854;428;426
766;14;2001;0;0;0;0;0;39;21;18;1450;744;706;615;323;293;835;421;413
767;14;2002;0;0;0;0;0;37;21;17;1452;743;709;616;322;294;836;421;415
768;14;2003;0;0;0;0;0;36;20;16;1449;742;707;633;327;305;816;415;402
769;14;2004;0;0;0;0;0;37;20;17;1447;742;705;650;339;312;797;403;393
770;14;2005;0;0;0;0;0;36;20;16;1439;737;702;647;334;313;792;403;389
771;14;2006;0;0;0;0;0;35;19;15;1432;733;699;647;335;312;785;398;387
772;14;2007;0;0;0;0;0;38;21;17;1427;730;697;652;335;316;775;395;381
773;14;2008;0;0;0;0;0;39;21;17;1420;727;693;656;337;319;764;390;374
774;14;2009;0;0;0;0;0;34;19;15;1416;724;692;659;338;321;757;386;371
775;14;2010;0;0;0;0;0;36;20;16;1413;724;689;673;346;328;740;378;361
776;14;2011;0;0;0;0;0;34;20;14;1412;723;689;685;349;335;727;374;354
777;14;2012;0;0;0;0;0;36;20;16;1408;722;686;700;358;342;708;364;344
778;14;2013;0;0;0;0;0;35;19;16;1409;722;687;694;356;338;715;366;349
779;14;2014;0;0;0;0;0;37;19;18;1407;721;686;695;355;340;712;366;346
780;14;2015;0;0;0;0;0;38;20;18;1404;719;685;693;354;339;711;365;346
781;14;2016;0;0;0;0;0;34;19;14;1402;718;684;689;352;337;713;366;347
782;14;2017;0;0;0;0;0;33;18;15;1399;717;682;684;349;334;715;368;348
783;14;2018;0;0;0;0;0;35;21;14;1398;718;680;678;346;332;720;372;348
784;14;2019;0;0;0;0;0;35;19;16;1397;717;680;672;344;329;725;373;351
785;14;2020;0;0;0;0;0;33;17;16;1397;717;680;667;341;326;730;376;354
786;14;2021;0;0;0;0;0;31;16;15;1397;717;680;663;339;324;734;378;356
787;14;2022;0;0;0;0;0;31;17;14;1397;717;680;659;337;322;738;380;358
788;14;2023;0;0;0;0;0;34;19;15;1397;717;680;657;336;321;740;381;359
789;14;2024;0;0;0;0;0;33;18;14;1397;717;680;655;335;320;742;382;360
790;14;2025;0;0;0;0;0;31;17;14;1397;717;680;653;334;319;744;383;361
791;14;2026;0;0;0;0;0;32;17;15;1397;717;680;653;334;319;744;383;361
792;14;2027;0;0;0;0;0;31;16;15;1397;717;680;653;334;319;744;383;361
793;14;2028;0;0;0;0;0;30;16;14;1397;717;680;654;334;319;743;383;361
794;14;2029;0;0;0;0;0;32;16;16;1397;717;680;655;335;320;742;382;360
795;14;2030;0;0;0;0;0;33;18;16;1397;717;680;656;335;321;741;382;359
796;14;2031;0;0;0;0;0;32;16;16;1397;717;680;657;336;321;740;381;359
797;14;2032;0;0;0;0;0;31;15;16;1397;717;680;659;337;322;738;380;358
798;14;2033;0;0;0;0;0;34;16;18;1397;717;680;661;338;323;736;379;357
799;14;2034;0;0;0;0;0;33;16;17;1397;717;680;663;339;324;734;378;356
800;14;2035;0;0;0;0;0;33;16;16;1397;717;680;665;340;325;732;377;355
801;14;2036;0;0;0;0;0;34;16;18;1397;717;680;666;341;325;731;376;355
802;14;2037;0;0;0;0;0;34;17;17;1397;717;680;668;342;326;729;375;354
803;14;2038;0;0;0;0;0;35;19;17;1397;717;680;669;342;327;728;375;353
804;14;2039;0;0;0;0;0;35;18;17;1397;717;680;670;343;327;727;374;353
805;14;2040;0;0;0;0;0;34;18;16;1397;717;680;671;343;328;726;374;352
806;14;2041;0;0;0;0;0;34;18;16;1397;717;680;672;344;328;725;373;352
807;14;2042;0;0;0;0;0;33;17;16;1397;717;680;673;344;329;724;373;351
808;14;2043;0;0;0;0;0;32;17;15;1397;717;680;674;345;329;723;372;351
809;14;2044;0;0;0;0;0;33;18;15;1397;717;680;675;345;329;722;372;351
810;14;2045;0;0;0;0;0;33;17;16;1397;717;680;675;345;330;722;372;350
811;14;2046;0;0;0;0;0;32;17;15;1397;717;680;675;345;330;722;372;350
812;14;2047;0;0;0;0;0;30;17;13;1397;717;680;675;345;330;722;372;350
813;14;2048;0;0;0;0;0;30;16;14;1397;717;680;675;345;329;722;372;351
814;14;2049;0;0;0;0;0;30;16;14;1397;717;680;674;345;329;723;372;351
815;14;2050;0;0;0;0;0;29;16;14;1397;717;680;673;345;329;724;372;351
816;15;2000;31;31;0;0;0;47;29;18;1535;784;751;588;308;280;947;476;471
817;15;2001;31;31;0;0;0;45;28;17;1525;781;744;603;317;286;922;464;458
818;15;2002;29;29;0;0;0;47;30;18;1527;781;746;611;321;291;916;460;455
819;15;2003;28;28;0;0;0;46;27;19;1523;779;744;612;321;292;911;458;452
820;15;2004;28;28;0;0;0;46;28;18;1518;777;741;626;324;301;892;453;440
821;15;2005;28;28;0;0;0;48;28;19;1507;770;737;642;335;307;865;435;430
822;15;2006;26;26;0;0;0;44;26;18;1498;765;733;638;330;308;860;435;425
823;15;2007;25;25;0;0;0;45;26;18;1490;761;729;638;331;307;852;430;422
824;15;2008;24;24;0;0;0;44;26;18;1480;756;724;642;331;311;838;425;413
825;15;2009;23;23;0;0;0;45;26;18;1475;753;722;646;332;314;829;421;408
826;15;2010;22;22;0;0;0;41;25;16;1475;755;720;648;333;315;827;422;405
827;15;2011;21;21;0;0;0;41;24;17;1473;754;719;662;340;322;811;414;397
828;15;2012;21;21;0;0;0;43;25;17;1470;753;717;673;344;329;797;409;388
829;15;2013;21;21;0;0;0;44;25;19;1468;752;716;687;352;335;781;400;381
830;15;2014;20;20;0;0;0;43;25;18;1468;752;716;681;349;332;787;403;384
831;15;2015;19;19;0;0;0;43;26;18;1463;749;714;681;348;332;782;401;382
832;15;2016;18;18;0;0;0;41;25;17;1459;747;712;679;347;332;780;400;380
833;15;2017;16;16;0;0;0;42;24;19;1457;745;712;675;345;330;782;400;382
834;15;2018;15;15;0;0;0;40;22;17;1455;746;709;670;343;327;785;403;382
835;15;2019;14;14;0;0;0;41;24;16;1453;745;708;664;340;324;789;405;384
836;15;2020;13;13;0;0;0;42;24;18;1451;744;707;659;337;322;792;407;385
837;15;2021;12;12;0;0;0;43;25;18;1451;744;707;654;335;319;797;409;388
838;15;2022;12;12;0;0;0;43;26;18;1451;744;707;650;332;317;801;412;390
839;15;2023;11;11;0;0;0;41;23;18;1451;744;707;647;331;316;804;413;391
840;15;2024;10;10;0;0;0;40;23;17;1451;744;707;644;330;314;807;414;393
841;15;2025;9;9;0;0;0;45;24;20;1451;744;707;642;329;313;809;415;394
842;15;2026;8;8;0;0;0;43;23;19;1451;744;707;641;328;313;810;416;394
843;15;2027;7;7;0;0;0;40;22;18;1451;744;707;640;328;313;811;416;394
844;15;2028;6;6;0;0;0;40;22;18;1451;744;707;640;328;312;811;416;395
845;15;2029;5;5;0;0;0;38;22;17;1451;744;707;641;328;313;810;416;394
846;15;2030;4;4;0;0;0;38;22;16;1451;744;707;642;329;313;809;415;394
847;15;2031;4;4;0;0;0;39;22;17;1451;744;707;643;329;314;808;415;393
848;15;2032;3;3;0;0;0;40;23;17;1451;744;707;644;330;314;807;414;393
849;15;2033;2;2;0;0;0;39;22;17;1451;744;707;646;331;315;805;413;392
850;15;2034;1;1;0;0;0;41;22;18;1451;744;707;648;332;316;803;412;391
851;15;2035;0;0;0;0;0;41;23;18;1451;744;707;649;333;317;802;411;390
852;15;2036;0;0;0;0;0;41;23;19;1451;744;707;651;333;317;800;411;390
853;15;2037;0;0;0;0;0;40;23;17;1451;744;707;652;334;318;799;410;389
854;15;2038;0;0;0;0;0;40;22;18;1451;744;707;654;335;319;797;409;388
855;15;2039;0;0;0;0;0;40;23;17;1451;744;707;655;336;319;796;408;388
856;15;2040;0;0;0;0;0;39;22;17;1451;744;707;656;336;320;795;408;387
857;15;2041;0;0;0;0;0;38;22;16;1451;744;707;657;337;320;794;407;387
858;15;2042;0;0;0;0;0;37;20;17;1451;744;707;658;337;321;793;407;386
859;15;2043;0;0;0;0;0;35;19;16;1451;744;707;659;338;321;792;406;386
860;15;2044;0;0;0;0;0;35;18;17;1451;744;707;659;338;322;792;406;385
861;15;2045;0;0;0;0;0;34;19;15;1451;744;707;660;338;322;791;406;385
862;15;2046;0;0;0;0;0;35;19;16;1451;744;707;660;338;322;791;406;385
863;15;2047;0;0;0;0;0;36;20;16;1451;744;707;660;339;322;791;405;385
864;15;2048;0;0;0;0;0;35;20;15;1451;744;707;660;338;322;791;406;385
865;15;2049;0;0;0;0;0;35;20;15;1451;744;707;660;338;322;791;406;385
866;15;2050;0;0;0;0;0;35;20;15;1451;744;707;660;338;321;791;406;386
867;16;2000;104;104;0;0;0;53;35;18;1828;963;865;597;317;280;1231;646;585
868;16;2001;103;103;0;0;0;55;36;19;1798;949;849;613;321;291;1185;628;558
869;16;2002;102;102;0;0;0;56;35;21;1793;941;852;626;329;297;1167;612;555
870;16;2003;100;100;0;0;0;55;35;20;1782;934;848;634;333;301;1148;601;547
871;16;2004;95;95;0;0;0;51;32;20;1768;924;844;633;332;301;1135;592;543
872;16;2005;93;93;0;0;0;55;37;18;1747;910;837;645;335;310;1102;575;527
873;16;2006;94;94;0;0;0;52;36;17;1731;899;832;660;345;315;1071;554;517
874;16;2007;91;91;0;0;0;57;37;21;1715;888;827;656;340;316;1059;548;511
875;16;2008;88;88;0;0;0;54;36;18;1698;877;821;656;340;315;1042;537;506
876;16;2009;86;86;0;0;0;51;33;18;1686;867;819;659;340;319;1027;527;500
877;16;2010;85;85;0;0;0;53;32;21;1678;862;816;663;341;322;1015;521;494
878;16;2011;82;82;0;0;0;50;32;18;1672;857;815;665;343;323;1007;514;492
879;16;2012;79;79;0;0;0;51;34;17;1666;851;815;679;349;330;987;502;485
880;16;2013;79;79;0;0;0;50;32;18;1655;844;811;689;353;337;966;491;474
881;16;2014;80;80;0;0;0;51;31;19;1646;836;810;703;360;342;943;476;468
882;16;2015;79;79;0;0;0;52;33;19;1640;832;808;696;358;339;944;474;469
883;16;2016;79;79;0;0;0;52;33;20;1631;825;806;696;356;339;935;469;467
884;16;2017;78;78;0;0;0;49;31;18;1621;818;803;694;355;338;927;463;465
885;16;2018;75;75;0;0;0;51;31;20;1615;812;803;689;353;336;926;459;467
886;16;2019;72;72;0;0;0;50;32;18;1609;807;802;684;350;334;925;457;468
887;16;2020;69;69;0;0;0;46;29;17;1603;802;801;678;347;331;925;455;470
888;16;2021;67;67;0;0;0;48;28;19;1603;802;801;673;345;329;930;457;472
889;16;2022;65;65;0;0;0;46;30;16;1603;802;801;668;342;326;935;460;475
890;16;2023;62;62;0;0;0;47;31;16;1603;802;801;664;340;324;939;462;477
891;16;2024;61;61;0;0;0;47;30;17;1603;802;801;661;339;322;942;463;479
892;16;2025;58;58;0;0;0;45;29;17;1603;802;801;658;337;321;945;465;480
893;16;2026;57;57;0;0;0;46;29;18;1603;802;801;656;336;320;947;466;481
894;16;2027;55;55;0;0;0;47;29;19;1603;802;801;655;336;320;948;466;481
895;16;2028;54;54;0;0;0;45;28;18;1603;802;801;655;335;319;948;467;482
896;16;2029;53;53;0;0;0;44;28;17;1603;802;801;655;335;319;948;467;482
897;16;2030;51;51;0;0;0;45;27;18;1603;802;801;655;336;319;948;466;482
898;16;2031;50;50;0;0;0;44;27;17;1603;802;801;656;336;320;947;466;481
899;16;2032;49;49;0;0;0;43;26;17;1603;802;801;657;337;320;946;465;481
900;16;2033;46;46;0;0;0;44;29;15;1603;802;801;658;337;321;945;465;480
901;16;2034;46;46;0;0;0;44;28;16;1603;802;801;660;338;322;943;464;479
902;16;2035;44;44;0;0;0;45;28;17;1603;802;801;662;339;322;941;463;479
903;16;2036;41;41;0;0;0;44;28;16;1603;802;801;663;340;323;940;462;478
904;16;2037;42;42;0;0;0;45;29;16;1603;802;801;665;341;324;938;461;477
905;16;2038;42;42;0;0;0;44;29;16;1603;802;801;666;342;325;937;460;476
906;16;2039;42;42;0;0;0;43;28;16;1603;802;801;667;342;325;936;460;476
907;16;2040;42;42;0;0;0;45;27;18;1603;802;801;669;343;326;934;459;475
908;16;2041;42;42;0;0;0;44;26;18;1603;802;801;670;343;326;933;459;475
909;16;2042;42;42;0;0;0;43;26;17;1603;802;801;671;344;327;932;458;474
910;16;2043;43;43;0;0;0;41;26;15;1603;802;801;672;344;327;931;458;474
911;16;2044;43;43;0;0;0;41;24;17;1603;802;801;672;345;328;931;457;473
912;16;2045;43;43;0;0;0;42;25;17;1603;802;801;673;345;328;930;457;473
913;16;2046;43;43;0;0;0;41;24;17;1603;802;801;674;345;328;929;457;473
914;16;2047;43;43;0;0;0;40;24;16;1603;802;801;674;346;328;929;456;473
915;16;2048;43;43;0;0;0;43;26;17;1603;802;801;674;346;328;929;456;473
916;16;2049;43;43;0;0;0;41;25;16;1603;802;801;674;346;328;929;456;473
917;16;2050;43;43;0;0;0;41;25;16;1603;802;801;674;346;328;929;456;473
918;17;2000;259;252;5;0;2;62;42;20;2265;1185;1080;637;345;292;1628;840;788
919;17;2001;249;242;5;0;2;62;41;21;2203;1159;1044;653;348;306;1550;811;738
920;17;2002;247;240;6;0;2;59;40;19;2190;1145;1045;668;351;316;1522;794;729
921;17;2003;248;241;5;0;2;62;42;21;2169;1127;1042;681;359;322;1488;768;720
922;17;2004;243;236;5;0;2;64;42;21;2144;1109;1035;686;362;325;1458;747;710
923;17;2005;240;233;5;0;2;61;41;21;2116;1088;1028;685;360;325;1431;728;703
924;17;2006;238;231;5;0;2;61;40;21;2086;1067;1019;696;363;334;1390;704;685
925;17;2007;244;237;5;0;2;65;40;25;2061;1048;1013;712;372;339;1349;676;674
926;17;2008;241;234;5;0;2;63;40;23;2035;1029;1006;707;367;340;1328;662;666
927;17;2009;235;229;4;0;2;60;40;21;2016;1013;1003;706;367;339;1310;646;664
928;17;2010;231;226;4;0;1;62;39;22;1998;1002;996;709;367;343;1289;635;653
929;17;2011;230;225;4;0;1;62;40;22;1985;991;994;712;367;345;1273;624;649
930;17;2012;223;218;4;0;1;62;40;22;1970;978;992;715;368;346;1255;610;646
931;17;2013;222;217;4;0;1;57;36;20;1957;968;989;728;375;353;1229;593;636
932;17;2014;224;219;4;0;1;60;39;22;1943;956;987;738;378;360;1205;578;627
933;17;2015;228;224;3;0;1;59;38;21;1926;943;983;751;386;366;1175;557;617
934;17;2016;228;224;3;0;1;61;39;22;1916;933;983;745;383;362;1171;550;621
935;17;2017;233;229;3;0;1;61;39;22;1899;921;978;744;381;363;1155;540;615
936;17;2018;233;229;3;0;1;63;38;24;1886;910;976;742;380;362;1144;530;614
937;17;2019;229;225;3;0;1;58;38;20;1873;898;975;737;377;360;1136;521;615
938;17;2020;226;222;3;0;1;59;37;22;1865;890;975;731;374;357;1134;516;618
939;17;2021;222;218;3;0;1;56;34;22;1865;890;975;725;371;354;1140;519;621
940;17;2022;217;214;2;0;1;54;35;19;1865;890;975;720;368;352;1145;522;623
941;17;2023;214;211;2;0;1;55;34;21;1865;890;975;715;366;349;1150;524;626
942;17;2024;210;207;2;0;1;53;33;20;1865;890;975;710;364;347;1155;526;628
943;17;2025;208;205;2;0;1;52;32;20;1865;890;975;707;362;345;1158;528;630
944;17;2026;205;202;2;0;1;51;32;19;1865;890;975;704;361;344;1161;529;631
945;17;2027;202;199;2;0;1;50;31;19;1865;890;975;702;360;343;1163;530;632
946;17;2028;200;199;1;0;0;49;31;18;1865;890;975;701;359;342;1164;531;633
947;17;2029;199;198;1;0;0;48;30;18;1865;890;975;700;359;342;1165;531;633
948;17;2030;197;196;1;0;0;50;31;19;1865;890;975;700;359;342;1165;531;633
949;17;2031;197;196;1;0;0;49;31;18;1865;890;975;701;359;342;1164;531;633
950;17;2032;197;196;1;0;0;49;30;19;1865;890;975;702;359;342;1163;531;633
951;17;2033;196;195;1;0;0;50;31;19;1865;890;975;703;360;343;1162;530;632
952;17;2034;195;195;0;0;0;48;29;19;1865;890;975;704;361;343;1161;529;632
953;17;2035;196;196;0;0;0;50;31;18;1865;890;975;706;362;344;1159;528;631
954;17;2036;196;196;0;0;0;51;32;19;1865;890;975;708;363;345;1157;527;630
955;17;2037;197;197;0;0;0;52;33;20;1865;890;975;709;363;346;1156;527;629
956;17;2038;198;198;0;0;0;49;31;18;1865;890;975;711;364;347;1154;526;628
957;17;2039;199;199;0;0;0;50;32;18;1865;890;975;712;365;347;1153;525;628
958;17;2040;199;199;0;0;0;46;30;16;1865;890;975;714;366;348;1151;524;627
959;17;2041;200;200;0;0;0;45;29;16;1865;890;975;715;366;349;1150;524;626
960;17;2042;201;201;0;0;0;45;29;16;1865;890;975;716;367;349;1149;523;626
961;17;2043;201;201;0;0;0;47;29;17;1865;890;975;717;368;350;1148;522;625
962;17;2044;202;202;0;0;0;48;29;18;1865;890;975;718;368;350;1147;522;625
963;17;2045;202;202;0;0;0;46;30;16;1865;890;975;719;368;350;1146;522;625
964;17;2046;203;203;0;0;0;45;28;16;1865;890;975;720;369;351;1145;521;624
965;17;2047;203;203;0;0;0;45;28;16;1865;890;975;720;369;351;1145;521;624
966;17;2048;203;203;0;0;0;45;28;16;1865;890;975;720;369;351;1145;521;624
967;17;2049;203;203;0;0;0;46;28;17;1865;890;975;721;369;351;1144;521;624
968;17;2050;203;203;0;0;0;46;28;17;1865;890;975;721;369;351;1144;521;624
969;18;2000;629;589;40;0;0;70;46;24;2613;1190;1423;736;400;335;1877;790;1088
970;18;2001;586;551;35;0;0;64;42;22;2546;1181;1365;739;401;339;1807;780;1026
971;18;2002;574;538;36;0;0;65;43;21;2539;1170;1369;756;404;352;1783;766;1017
972;18;2003;570;533;37;0;0;66;43;23;2521;1158;1363;772;408;364;1749;750;999
973;18;2004;575;537;38;0;0;68;44;23;2500;1145;1355;783;415;369;1717;730;986
974;18;2005;565;526;38;1;0;66;42;23;2473;1130;1343;788;418;371;1685;712;972
975;18;2006;558;519;38;1;0;65;43;22;2442;1111;1331;787;416;371;1655;695;960
976;18;2007;558;518;39;1;0;62;42;20;2420;1097;1323;798;418;380;1622;679;943
977;18;2008;572;532;39;1;0;68;46;23;2398;1084;1314;816;429;387;1582;655;927
978;18;2009;568;528;39;1;0;64;43;21;2380;1071;1309;811;423;388;1569;648;921
979;18;2010;556;516;39;1;0;65;42;23;2367;1065;1302;810;423;387;1557;642;915
980;18;2011;552;512;39;1;0;65;43;22;2357;1059;1298;812;422;390;1545;637;908
981;18;2012;550;510;39;1;0;62;41;21;2348;1054;1294;816;423;393;1532;631;901
982;18;2013;538;499;38;1;0;63;39;23;2337;1047;1290;816;423;394;1521;624;896
983;18;2014;535;495;38;2;0;63;41;22;2330;1042;1288;830;429;400;1500;613;888
984;18;2015;542;501;39;2;0;62;40;22;2319;1036;1283;840;432;408;1479;604;875
985;18;2016;556;514;40;2;0;66;41;25;2310;1031;1279;855;441;414;1455;590;865
986;18;2017;557;516;39;2;0;65;41;24;2301;1025;1276;849;438;411;1452;587;865
987;18;2018;570;528;40;2;0;64;41;23;2293;1020;1273;848;437;412;1445;583;861
988;18;2019;569;527;40;2;0;64;42;22;2283;1013;1270;845;435;410;1438;578;860
989;18;2020;565;523;40;2;0;65;41;24;2277;1008;1269;840;432;408;1437;576;861
990;18;2021;558;516;39;2;1;62;39;23;2277;1008;1269;833;428;405;1444;580;864
991;18;2022;549;507;39;2;1;63;40;23;2277;1008;1269;827;425;402;1450;583;867
992;18;2023;543;502;38;2;1;58;38;20;2277;1008;1269;821;422;399;1456;586;870
993;18;2024;536;495;38;2;1;57;37;20;2277;1008;1269;815;419;396;1462;589;873
994;18;2025;528;489;36;2;1;57;37;20;2277;1008;1269;810;416;394;1467;592;875
995;18;2026;523;484;36;2;1;55;36;18;2277;1008;1269;806;415;392;1471;593;877
996;18;2027;518;479;36;2;1;56;37;19;2277;1008;1269;803;413;390;1474;595;879
997;18;2028;515;477;35;2;1;56;36;20;2277;1008;1269;801;412;389;1476;596;880
998;18;2029;514;476;35;2;1;56;35;21;2277;1008;1269;799;411;388;1478;597;881
999;18;2030;514;476;35;2;1;55;34;21;2277;1008;1269;799;411;388;1478;597;881
1000;18;2031;514;476;35;2;1;54;34;20;2277;1008;1269;799;411;388;1478;597;881
1001;18;2032;515;477;35;2;1;54;35;19;2277;1008;1269;799;411;388;1478;597;881
1002;18;2033;516;478;35;2;1;51;33;18;2277;1008;1269;800;412;388;1477;596;881
1003;18;2034;518;480;35;2;1;53;34;19;2277;1008;1269;802;413;389;1475;595;880
1004;18;2035;521;483;35;2;1;51;32;18;2277;1008;1269;803;414;390;1474;594;879
1005;18;2036;524;486;35;2;1;53;34;20;2277;1008;1269;805;415;391;1472;593;878
1006;18;2037;527;489;35;2;1;54;33;21;2277;1008;1269;807;416;392;1470;592;877
1007;18;2038;530;490;36;3;1;51;32;19;2277;1008;1269;809;417;393;1468;591;876
1008;18;2039;533;493;36;3;1;50;32;18;2277;1008;1269;811;418;393;1466;590;876
1009;18;2040;535;495;36;3;1;51;32;19;2277;1008;1269;813;419;394;1464;589;875
1010;18;2041;538;498;36;3;1;53;32;20;2277;1008;1269;815;420;395;1462;588;874
1011;18;2042;540;500;36;3;1;53;33;20;2277;1008;1269;816;420;396;1461;588;873
1012;18;2043;541;501;36;3;1;53;34;19;2277;1008;1269;817;421;396;1460;587;873
1013;18;2044;543;502;36;3;1;53;33;21;2277;1008;1269;819;422;397;1458;586;872
1014;18;2045;544;503;36;3;1;53;33;20;2277;1008;1269;820;422;397;1457;586;872
1015;18;2046;545;504;37;3;1;54;33;21;2277;1008;1269;821;423;398;1456;585;871
1016;18;2047;546;505;37;3;1;54;33;21;2277;1008;1269;822;423;398;1455;585;871
1017;18;2048;547;506;37;3;1;54;34;20;2277;1008;1269;822;424;399;1455;584;870
1018;18;2049;547;506;37;3;1;53;33;20;2277;1008;1269;823;424;399;1454;584;870
1019;18;2050;547;506;37;3;1;53;33;20;2277;1008;1269;823;424;399;1454;584;870
1020;19;2000;1097;999;96;2;0;79;56;23;2978;1213;1765;865;466;399;2113;747;1366
1021;19;2001;1114;1006;107;1;0;75;51;24;2918;1214;1704;894;486;408;2024;728;1296
1022;19;2002;1043;947;95;2;0;72;49;23;2921;1216;1705;896;486;411;2025;730;1294
1023;19;2003;1020;921;96;3;0;75;51;24;2913;1213;1700;917;491;426;1996;722;1274
1024;19;2004;1021;919;99;4;0;77;52;25;2896;1205;1691;931;493;437;1965;712;1254
1025;19;2005;1035;928;103;4;0;75;49;26;2872;1193;1679;946;502;443;1926;691;1236
1026;19;2006;1022;914;103;5;0;77;52;25;2846;1181;1665;951;506;445;1895;675;1220
1027;19;2007;1012;902;104;6;0;75;51;24;2823;1170;1653;950;504;446;1873;666;1207
1028;19;2008;1016;904;106;6;0;76;49;27;2803;1161;1642;963;507;456;1840;654;1186
1029;19;2009;1045;929;110;6;0;77;52;25;2793;1157;1636;985;521;464;1808;636;1172
1030;19;2010;1046;927;112;7;0;75;50;25;2785;1158;1627;981;515;465;1804;643;1162
1031;19;2011;1030;912;110;7;0;75;51;24;2784;1160;1624;979;515;464;1805;645;1160
1032;19;2012;1020;903;110;7;0;72;48;24;2779;1159;1620;980;513;467;1799;646;1153
1033;19;2013;1026;906;111;8;0;72;48;24;2774;1159;1615;984;514;470;1790;645;1145
1034;19;2014;1003;886;109;8;0;73;48;25;2769;1159;1610;983;513;470;1786;646;1140
1035;19;2015;998;881;109;8;0;72;48;24;2765;1159;1606;996;520;477;1769;639;1129
1036;19;2016;1018;898;112;8;0;70;46;23;2758;1159;1599;1008;523;485;1750;636;1114
1037;19;2017;1049;924;115;9;0;71;46;25;2757;1160;1597;1026;533;492;1731;627;1105
1038;19;2018;1057;932;116;10;0;72;47;25;2751;1158;1593;1020;531;489;1731;627;1104
1039;19;2019;1084;955;120;10;0;75;48;27;2751;1161;1590;1022;531;491;1729;630;1099
1040;19;2020;1085;956;119;10;0;73;48;25;2745;1160;1585;1018;529;489;1727;631;1096
1041;19;2021;1081;952;119;10;0;70;48;23;2745;1160;1585;1012;526;487;1733;634;1098
1042;19;2022;1071;943;118;10;0;68;46;22;2745;1160;1585;1005;522;483;1740;638;1102
1043;19;2023;1061;935;117;9;0;69;46;23;2745;1160;1585;997;518;480;1748;642;1105
1044;19;2024;1049;924;115;9;0;69;46;23;2745;1160;1585;990;514;476;1755;646;1109
1045;19;2025;1040;916;115;9;0;68;46;22;2745;1160;1585;983;510;473;1762;650;1112
1046;19;2026;1034;910;114;10;0;63;41;21;2745;1160;1585;977;507;470;1768;653;1115
1047;19;2027;1026;903;113;10;0;66;43;22;2745;1160;1585;972;505;467;1773;655;1118
1048;19;2028;1022;900;112;10;0;64;42;22;2745;1160;1585;968;502;465;1777;658;1120
1049;19;2029;1020;898;112;10;0;61;41;20;2745;1160;1585;965;501;464;1780;659;1121
1050;19;2030;1022;900;112;10;0;61;40;21;2745;1160;1585;963;500;463;1782;660;1122
1051;19;2031;1024;902;112;10;0;62;41;21;2745;1160;1585;963;500;463;1782;660;1122
1052;19;2032;1028;905;113;10;0;62;41;21;2745;1160;1585;963;500;463;1782;660;1122
1053;19;2033;1034;911;113;10;0;62;41;20;2745;1160;1585;964;501;463;1781;659;1122
1054;19;2034;1042;918;114;10;0;62;39;23;2745;1160;1585;965;501;464;1780;659;1121
1055;19;2035;1049;925;114;10;0;58;38;21;2745;1160;1585;967;503;464;1778;657;1121
1056;19;2036;1060;934;116;10;0;61;38;23;2745;1160;1585;969;504;465;1776;656;1120
1057;19;2037;1070;943;117;10;0;61;37;24;2745;1160;1585;972;505;467;1773;655;1118
1058;19;2038;1080;953;117;10;0;57;37;20;2745;1160;1585;975;507;468;1770;653;1117
1059;19;2039;1091;962;119;10;0;60;39;21;2745;1160;1585;977;508;469;1768;652;1116
1060;19;2040;1097;967;120;10;0;61;39;22;2745;1160;1585;980;510;470;1765;650;1115
1061;19;2041;1102;972;120;10;0;60;38;21;2745;1160;1585;982;511;471;1763;649;1114
1062;19;2042;1107;976;121;10;0;61;39;22;2745;1160;1585;984;512;472;1761;648;1113
1063;19;2043;1111;979;121;10;0;58;36;22;2745;1160;1585;986;513;473;1759;647;1112
1064;19;2044;1114;982;121;10;0;59;38;22;2745;1160;1585;988;514;474;1757;646;1111
1065;19;2045;1118;986;122;11;0;58;38;21;2745;1160;1585;990;515;474;1755;645;1111
1066;19;2046;1120;987;122;11;0;59;38;21;2745;1160;1585;991;516;475;1754;644;1110
1067;19;2047;1123;990;122;11;0;59;37;22;2745;1160;1585;992;517;476;1753;643;1109
1068;19;2048;1124;991;123;11;0;59;37;22;2745;1160;1585;993;517;476;1752;643;1109
1069;19;2049;1126;993;123;11;0;59;37;22;2745;1160;1585;994;518;477;1751;642;1108
1070;19;2050;1125;992;123;11;0;59;37;22;2745;1160;1585;995;518;477;1750;642;1108
1071;20;2000;1737;1514;204;15;4;89;59;30;3374;1386;1988;1040;557;483;2334;829;1505
1072;20;2001;1726;1505;202;15;4;81;56;25;3324;1388;1936;1076;577;499;2248;811;1437
1073;20;2002;1677;1462;196;16;4;80;56;24;3331;1390;1941;1100;594;506;2231;796;1435
1074;20;2003;1677;1461;197;16;4;79;54;25;3327;1388;1939;1103;594;509;2224;794;1430
1075;20;2004;1723;1500;203;17;4;76;53;24;3314;1384;1930;1124;600;524;2190;784;1406
1076;20;2005;1768;1538;209;17;4;74;52;22;3287;1370;1917;1140;604;537;2147;766;1380
1077;20;2006;1830;1592;217;18;4;79;54;25;3262;1359;1903;1159;615;544;2103;744;1359
1078;20;2007;1836;1595;218;19;4;82;54;28;3240;1348;1892;1166;620;546;2074;728;1346
1079;20;2008;1845;1601;221;19;4;77;51;25;3221;1338;1883;1165;618;547;2056;720;1336
1080;20;2009;1873;1625;225;19;4;74;52;22;3210;1333;1877;1180;622;558;2030;711;1319
1081;20;2010;1941;1682;234;21;4;81;56;25;3203;1338;1865;1209;640;569;1994;698;1296
1082;20;2011;1952;1691;236;21;4;78;52;26;3200;1338;1862;1206;635;570;1994;703;1292
1083;20;2012;1932;1672;235;21;4;76;51;25;3196;1338;1858;1203;634;569;1993;704;1289
1084;20;2013;1928;1667;235;22;4;74;51;23;3191;1339;1852;1204;632;572;1987;707;1280
1085;20;2014;1938;1674;238;22;4;78;52;25;3184;1338;1846;1208;633;575;1976;705;1271
1086;20;2015;1902;1642;235;22;4;76;51;25;3177;1339;1838;1204;630;573;1973;709;1265
1087;20;2016;1895;1635;235;21;4;75;49;26;3173;1339;1834;1217;638;580;1956;701;1254
1088;20;2017;1930;1663;241;22;4;72;48;24;3166;1338;1828;1230;641;589;1936;697;1239
1089;20;2018;1989;1712;249;24;4;74;51;23;3163;1339;1824;1253;655;598;1910;684;1226
1090;20;2019;1996;1717;251;24;4;76;50;25;3158;1339;1819;1248;654;595;1910;685;1224
1091;20;2020;2045;1757;259;24;4;75;49;26;3160;1341;1819;1253;655;598;1907;686;1221
1092;20;2021;2044;1755;260;24;4;79;50;28;3160;1341;1819;1250;653;596;1910;688;1223
1093;20;2022;2033;1745;260;24;4;73;47;26;3160;1341;1819;1243;650;593;1917;691;1226
1094;20;2023;2011;1723;259;25;4;73;48;26;3160;1341;1819;1234;645;589;1926;696;1230
1095;20;2024;1986;1702;257;24;3;70;45;25;3160;1341;1819;1224;640;585;1936;701;1234
1096;20;2025;1962;1680;254;24;3;69;46;23;3160;1341;1819;1215;635;580;1945;706;1239
1097;20;2026;1939;1659;253;24;3;68;44;24;3160;1341;1819;1206;630;576;1954;711;1243
1098;20;2027;1918;1640;252;24;3;67;44;23;3160;1341;1819;1199;626;573;1961;715;1246
1099;20;2028;1902;1625;250;23;3;65;45;21;3160;1341;1819;1193;623;570;1967;718;1249
1100;20;2029;1889;1612;251;23;3;65;42;23;3160;1341;1819;1188;620;567;1972;721;1252
1101;20;2030;1880;1603;250;24;3;63;41;21;3160;1341;1819;1184;619;566;1976;722;1253
1102;20;2031;1876;1597;252;24;3;63;41;21;3160;1341;1819;1182;618;565;1978;723;1254
1103;20;2032;1874;1595;252;24;3;62;41;21;3160;1341;1819;1182;617;564;1978;724;1255
1104;20;2033;1878;1597;254;24;3;61;42;19;3160;1341;1819;1182;618;564;1978;723;1255
1105;20;2034;1884;1600;256;24;3;60;41;20;3160;1341;1819;1183;618;565;1977;723;1254
1106;20;2035;1890;1604;258;24;3;61;41;20;3160;1341;1819;1185;620;566;1975;721;1253
1107;20;2036;1899;1610;261;24;3;62;41;21;3160;1341;1819;1188;621;567;1972;720;1252
1108;20;2037;1909;1618;264;24;3;62;40;22;3160;1341;1819;1191;623;568;1969;718;1251
1109;20;2038;1921;1627;266;25;3;60;41;19;3160;1341;1819;1195;625;570;1965;716;1249
1110;20;2039;1935;1636;270;26;3;63;43;20;3160;1341;1819;1198;627;571;1962;714;1248
1111;20;2040;1945;1643;273;26;3;62;40;21;3160;1341;1819;1202;629;573;1958;712;1246
1112;20;2041;1955;1652;274;26;3;63;42;22;3160;1341;1819;1205;631;574;1955;710;1245
1113;20;2042;1964;1660;275;26;3;61;41;21;3160;1341;1819;1208;633;576;1952;708;1243
1114;20;2043;1973;1667;276;26;3;62;41;21;3160;1341;1819;1211;634;577;1949;707;1242
1115;20;2044;1980;1673;277;26;3;61;41;20;3160;1341;1819;1214;636;578;1946;705;1241
1116;20;2045;1987;1679;278;26;3;61;40;21;3160;1341;1819;1216;637;579;1944;704;1240
1117;20;2046;1992;1683;279;27;3;61;40;21;3160;1341;1819;1218;638;580;1942;703;1239
1118;20;2047;1997;1687;280;27;3;58;39;19;3160;1341;1819;1220;639;581;1940;702;1238
1119;20;2048;2001;1691;280;27;3;59;39;20;3160;1341;1819;1222;640;582;1938;701;1237
1120;20;2049;2004;1693;281;27;3;58;38;20;3160;1341;1819;1223;641;582;1937;700;1237
1121;20;2050;2006;1695;281;27;3;58;38;20;3160;1341;1819;1224;642;583;1936;699;1236
1122;21;2000;2442;2010;397;32;4;85;59;26;3748;1584;2164;1221;650;571;2527;934;1593
1123;21;2001;2527;2085;404;34;4;88;62;26;3710;1582;2128;1295;689;606;2415;893;1522
1124;21;2002;2511;2074;399;35;4;86;61;25;3722;1586;2136;1328;707;621;2394;879;1515
1125;21;2003;2444;2018;388;34;4;79;55;24;3720;1584;2136;1349;723;626;2371;861;1510
1126;21;2004;2441;2015;387;35;4;78;53;24;3711;1582;2129;1348;721;627;2363;861;1502
1127;21;2005;2507;2069;398;37;4;83;57;26;3694;1573;2121;1373;729;644;2321;844;1477
1128;21;2006;2575;2124;408;39;4;78;54;24;3671;1562;2109;1392;733;658;2279;829;1451
1129;21;2007;2661;2195;422;40;4;79;56;23;3652;1552;2100;1415;748;668;2237;804;1432
1130;21;2008;2672;2203;424;41;4;82;56;26;3635;1544;2091;1424;754;670;2211;790;1421
1131;21;2009;2683;2211;426;42;4;82;56;26;3628;1540;2088;1424;752;672;2204;788;1416
1132;21;2010;2728;2246;433;44;4;82;56;26;3621;1545;2076;1441;757;684;2180;788;1392
1133;21;2011;2823;2324;449;46;4;83;56;27;3621;1548;2073;1478;781;697;2143;767;1376
1134;21;2012;2841;2337;452;47;4;84;57;27;3615;1548;2067;1476;776;699;2139;772;1368
1135;21;2013;2812;2312;448;47;4;80;55;26;3609;1548;2061;1472;774;697;2137;774;1364
1136;21;2014;2808;2308;448;47;4;81;54;27;3600;1547;2053;1471;772;700;2129;775;1353
1137;21;2015;2824;2320;451;49;4;77;52;25;3594;1547;2047;1477;774;703;2117;773;1344
1138;21;2016;2773;2276;444;49;4;75;50;25;3590;1548;2042;1468;769;700;2122;779;1342
1139;21;2017;2762;2266;444;48;4;75;51;24;3582;1549;2033;1482;776;706;2100;773;1327
1140;21;2018;2814;2307;453;50;4;76;50;26;3576;1547;2029;1496;780;716;2080;767;1313
1141;21;2019;2897;2374;467;52;4;77;52;25;3574;1549;2025;1524;797;727;2050;752;1298
1142;21;2020;2913;2386;470;53;4;79;53;26;3570;1548;2022;1521;797;724;2049;751;1298
1143;21;2021;2983;2441;483;54;4;80;54;25;3570;1548;2022;1529;801;728;2041;747;1294
1144;21;2022;2983;2441;484;54;4;79;51;28;3570;1548;2022;1526;799;727;2044;749;1295
1145;21;2023;2967;2426;482;55;4;82;54;28;3570;1548;2022;1518;795;723;2052;753;1299
1146;21;2024;2937;2400;478;55;4;75;51;24;3570;1548;2022;1508;789;718;2062;759;1304
1147;21;2025;2905;2372;474;55;4;76;52;24;3570;1548;2022;1496;783;713;2074;765;1309
1148;21;2026;2872;2344;469;54;4;75;48;27;3570;1548;2022;1485;777;708;2085;771;1314
1149;21;2027;2839;2315;466;54;4;74;49;25;3570;1548;2022;1475;771;703;2095;777;1319
1150;21;2028;2810;2290;462;54;4;75;50;25;3570;1548;2022;1465;766;699;2105;782;1323
1151;21;2029;2788;2271;459;54;4;71;47;24;3570;1548;2022;1458;762;696;2112;786;1326
1152;21;2030;2769;2253;457;54;4;71;47;24;3570;1548;2022;1452;759;693;2118;789;1329
1153;21;2031;2758;2244;456;54;4;72;47;25;3570;1548;2022;1448;757;691;2122;791;1331
1154;21;2032;2752;2238;456;54;4;69;46;23;3570;1548;2022;1445;756;690;2125;792;1332
1155;21;2033;2752;2237;458;54;4;67;45;22;3570;1548;2022;1445;755;689;2125;793;1333
1156;21;2034;2758;2240;459;55;4;70;45;25;3570;1548;2022;1445;756;690;2125;792;1332
1157;21;2035;2767;2245;463;55;4;70;45;25;3570;1548;2022;1447;757;690;2123;791;1332
1158;21;2036;2779;2254;465;55;4;68;43;24;3570;1548;2022;1450;759;691;2120;789;1331
1159;21;2037;2795;2266;469;57;4;69;44;25;3570;1548;2022;1453;761;693;2117;787;1329
1160;21;2038;2810;2276;473;57;4;66;43;23;3570;1548;2022;1458;763;695;2112;785;1327
1161;21;2039;2827;2289;477;57;4;68;44;24;3570;1548;2022;1462;766;696;2108;782;1326
1162;21;2040;2844;2301;481;57;4;65;41;24;3570;1548;2022;1467;768;698;2103;780;1324
1163;21;2041;2861;2313;485;59;4;68;45;23;3570;1548;2022;1471;771;700;2099;777;1322
1164;21;2042;2877;2326;487;59;4;68;45;23;3570;1548;2022;1475;773;702;2095;775;1320
1165;21;2043;2890;2337;490;59;4;69;46;23;3570;1548;2022;1479;776;704;2091;772;1318
1166;21;2044;2901;2346;491;60;4;67;43;23;3570;1548;2022;1483;778;705;2087;770;1317
1167;21;2045;2913;2355;494;60;4;68;43;26;3570;1548;2022;1486;780;707;2084;768;1315
1168;21;2046;2922;2363;495;60;4;67;43;25;3570;1548;2022;1490;781;708;2080;767;1314
1169;21;2047;2930;2369;496;60;4;67;43;25;3570;1548;2022;1492;783;709;2078;765;1313
1170;21;2048;2937;2375;498;60;4;69;42;27;3570;1548;2022;1495;784;710;2075;764;1312
1171;21;2049;2943;2380;499;60;4;70;43;27;3570;1548;2022;1497;786;711;2073;762;1311
1172;21;2050;2947;2383;499;61;4;70;43;27;3570;1548;2022;1499;787;712;2071;761;1310
1173;22;2000;3200;2396;720;77;8;89;61;28;4091;1793;2298;1455;775;680;2636;1018;1618
1174;22;2001;3188;2412;692;77;8;88;61;26;4062;1789;2273;1499;790;709;2563;999;1564
1175;22;2002;3290;2499;701;81;9;88;61;27;4082;1795;2287;1577;832;744;2505;963;1543
1176;22;2003;3269;2487;690;83;9;85;59;26;4084;1797;2287;1610;850;760;2474;947;1527
1177;22;2004;3183;2422;670;82;9;85;57;27;4080;1795;2285;1622;861;761;2458;934;1524
1178;22;2005;3178;2420;666;84;8;82;57;25;4066;1790;2276;1620;858;762;2446;932;1514
1179;22;2006;3260;2484;681;87;9;83;57;26;4048;1779;2269;1650;869;781;2398;910;1488
1180;22;2007;3345;2550;696;91;9;85;57;28;4032;1770;2262;1672;874;797;2360;896;1465
1181;22;2008;3458;2635;717;96;10;82;57;26;4021;1765;2256;1701;892;809;2320;873;1447
1182;22;2009;3471;2646;717;97;10;82;57;26;4012;1761;2251;1712;900;812;2300;861;1439
1183;22;2010;3483;2656;719;98;10;85;57;28;4007;1765;2242;1713;898;815;2294;867;1427
1184;22;2011;3539;2698;728;102;10;83;57;26;4002;1768;2234;1732;905;828;2270;863;1406
1185;22;2012;3661;2792;752;106;11;84;56;27;4001;1770;2231;1777;933;844;2224;837;1387
1186;22;2013;3683;2809;755;108;11;84;56;27;3995;1770;2225;1775;928;846;2220;842;1379
1187;22;2014;3646;2782;746;108;11;84;58;26;3989;1770;2219;1770;926;843;2219;844;1376
1188;22;2015;3640;2777;744;109;11;82;54;28;3978;1768;2210;1768;922;845;2210;846;1365
1189;22;2016;3658;2791;746;110;11;87;57;29;3972;1768;2204;1774;925;849;2198;843;1355
1190;22;2017;3591;2740;731;109;10;79;52;27;3964;1768;2196;1762;918;844;2202;850;1352
1191;22;2018;3579;2730;728;110;10;78;54;25;3960;1769;2191;1775;926;849;2185;843;1342
1192;22;2019;3642;2780;740;112;11;76;52;24;3955;1767;2188;1791;930;861;2164;837;1327
1193;22;2020;3751;2862;761;116;12;81;53;28;3952;1768;2184;1824;950;874;2128;818;1310
1194;22;2021;3768;2875;764;117;12;78;52;26;3952;1768;2184;1822;952;871;2130;816;1313
1195;22;2022;3858;2944;781;120;12;81;55;27;3952;1768;2184;1835;958;877;2117;810;1307
1196;22;2023;3857;2943;781;121;12;83;55;28;3952;1768;2184;1832;956;875;2120;812;1309
1197;22;2024;3837;2928;775;122;12;79;52;27;3952;1768;2184;1823;952;871;2129;816;1313
1198;22;2025;3798;2899;767;120;12;81;52;29;3952;1768;2184;1810;945;866;2142;823;1318
1199;22;2026;3756;2866;758;120;12;78;50;27;3952;1768;2184;1797;937;860;2155;831;1324
1200;22;2027;3713;2834;749;118;12;75;50;25;3952;1768;2184;1784;930;854;2168;838;1330
1201;22;2028;3670;2801;740;118;12;75;51;25;3952;1768;2184;1772;923;848;2180;845;1336
1202;22;2029;3634;2774;732;117;12;75;49;26;3952;1768;2184;1761;917;843;2191;851;1341
1203;22;2030;3604;2751;725;116;11;73;48;26;3952;1768;2184;1752;913;839;2200;855;1345
1204;22;2031;3581;2733;720;116;11;69;45;23;3952;1768;2184;1745;909;836;2207;859;1348
1205;22;2032;3565;2721;717;115;11;68;44;24;3952;1768;2184;1740;906;834;2212;862;1350
1206;22;2033;3559;2716;715;116;11;69;45;24;3952;1768;2184;1737;905;832;2215;863;1352
1207;22;2034;3557;2715;714;116;11;72;45;26;3952;1768;2184;1737;905;832;2215;863;1352
1208;22;2035;3564;2721;715;116;11;66;43;22;3952;1768;2184;1738;905;832;2214;863;1352
1209;22;2036;3575;2729;717;118;11;66;44;22;3952;1768;2184;1740;907;833;2212;861;1351
1210;22;2037;3590;2741;720;118;11;64;44;20;3952;1768;2184;1743;909;835;2209;859;1349
1211;22;2038;3606;2753;723;119;11;68;44;24;3952;1768;2184;1748;911;837;2204;857;1347
1212;22;2039;3626;2769;726;119;11;68;45;23;3952;1768;2184;1753;914;839;2199;854;1345
1213;22;2040;3648;2785;730;121;12;70;45;25;3952;1768;2184;1758;917;841;2194;851;1343
1214;22;2041;3670;2803;734;121;12;70;45;25;3952;1768;2184;1764;921;843;2188;847;1341
1215;22;2042;3690;2818;738;122;12;67;45;22;3952;1768;2184;1770;924;846;2182;844;1338
1216;22;2043;3710;2833;742;123;12;67;46;21;3952;1768;2184;1775;927;848;2177;841;1336
1217;22;2044;3728;2847;746;123;12;66;44;22;3952;1768;2184;1780;930;850;2172;838;1334
1218;22;2045;3743;2859;749;124;12;66;45;21;3952;1768;2184;1784;932;852;2168;836;1332
1219;22;2046;3756;2869;751;124;12;69;46;23;3952;1768;2184;1788;935;854;2164;833;1330
1220;22;2047;3767;2877;753;125;12;67;44;23;3952;1768;2184;1792;937;855;2160;831;1329
1221;22;2048;3777;2885;755;125;12;65;42;23;3952;1768;2184;1796;939;857;2156;829;1327
1222;22;2049;3786;2892;757;125;12;66;45;20;3952;1768;2184;1799;940;858;2153;828;1326
1223;22;2050;3794;2898;759;126;12;66;45;20;3952;1768;2184;1801;942;859;2151;826;1325
1224;23;2000;3911;2713;1061;127;10;92;63;30;4345;1983;2362;1671;877;794;2674;1106;1568
1225;23;2001;4054;2818;1097;129;11;91;62;28;4331;1980;2351;1746;919;827;2585;1061;1524
1226;23;2002;4028;2835;1051;130;12;86;58;27;4354;1986;2368;1787;932;855;2567;1054;1513
1227;23;2003;4148;2936;1063;136;13;90;60;30;4361;1991;2370;1872;978;894;2489;1013;1476
1228;23;2004;4120;2922;1046;139;13;88;58;30;4362;1992;2370;1899;992;907;2463;1000;1463
1229;23;2005;4013;2848;1013;139;12;82;55;27;4347;1984;2363;1907;1001;906;2440;983;1457
1230;23;2006;4005;2845;1005;142;13;79;54;25;4334;1976;2358;1905;998;907;2429;978;1451
1231;23;2007;4107;2920;1025;148;14;81;55;26;4322;1969;2353;1939;1010;928;2383;959;1425
1232;23;2008;4214;2996;1047;156;15;79;54;24;4309;1963;2346;1964;1018;946;2345;945;1400
1233;23;2009;4350;3096;1076;162;16;83;58;25;4307;1961;2346;1998;1037;961;2309;924;1385
1234;23;2010;4363;3106;1075;166;16;84;58;26;4298;1965;2333;2011;1047;964;2287;918;1369
1235;23;2011;4378;3118;1074;169;17;86;58;28;4298;1967;2331;2013;1046;967;2285;921;1364
1236;23;2012;4443;3166;1086;174;17;82;54;28;4293;1967;2326;2035;1054;981;2258;913;1345
1237;23;2013;4597;3277;1120;183;17;87;58;29;4288;1968;2320;2086;1086;1000;2202;882;1320
1238;23;2014;4627;3299;1124;186;19;83;55;28;4281;1967;2314;2084;1081;1003;2197;886;1311
1239;23;2015;4578;3266;1108;186;18;83;55;29;4273;1967;2306;2077;1078;999;2196;889;1307
1240;23;2016;4568;3260;1102;188;18;81;55;25;4266;1966;2300;2074;1074;1000;2192;892;1300
1241;23;2017;4592;3277;1105;191;19;83;55;28;4256;1963;2293;2080;1077;1004;2176;886;1289
1242;23;2018;4507;3217;1081;189;19;79;52;27;4251;1963;2288;2065;1068;997;2186;895;1291
1243;23;2019;4491;3207;1075;190;19;81;54;27;4248;1963;2285;2078;1076;1002;2170;887;1283
1244;23;2020;4571;3265;1091;195;20;79;53;26;4245;1964;2281;2095;1080;1014;2150;884;1267
1245;23;2021;4699;3357;1118;202;21;81;53;27;4245;1964;2281;2133;1104;1029;2112;860;1252
1246;23;2022;4723;3376;1121;204;21;82;53;29;4245;1964;2281;2133;1106;1026;2112;858;1255
1247;23;2023;4833;3456;1145;211;22;80;55;25;4245;1964;2281;2149;1115;1034;2096;849;1247
1248;23;2024;4835;3457;1143;212;23;81;55;26;4245;1964;2281;2146;1113;1033;2099;851;1248
1249;23;2025;4810;3440;1134;213;23;78;52;26;4245;1964;2281;2137;1108;1029;2108;856;1252
1250;23;2026;4759;3405;1119;212;22;79;52;27;4245;1964;2281;2122;1100;1022;2123;864;1259
1251;23;2027;4706;3369;1104;211;22;77;52;25;4245;1964;2281;2108;1092;1016;2137;872;1265
1252;23;2028;4652;3331;1090;209;22;77;49;28;4245;1964;2281;2092;1084;1009;2153;880;1272
1253;23;2029;4601;3295;1075;208;23;74;48;26;4245;1964;2281;2078;1076;1002;2167;888;1279
1254;23;2030;4554;3263;1062;207;22;71;46;25;4245;1964;2281;2066;1069;997;2179;895;1284
1255;23;2031;4518;3238;1052;206;22;72;48;24;4245;1964;2281;2056;1064;992;2189;900;1289
1256;23;2032;4487;3217;1042;206;22;70;47;24;4245;1964;2281;2047;1059;988;2198;905;1293
1257;23;2033;4468;3205;1035;206;22;69;48;21;4245;1964;2281;2042;1056;986;2203;908;1295
1258;23;2034;4459;3198;1031;206;23;71;48;24;4245;1964;2281;2039;1055;984;2206;909;1297
1259;23;2035;4459;3200;1029;207;23;69;47;22;4245;1964;2281;2038;1054;984;2207;910;1297
1260;23;2036;4463;3204;1027;208;23;69;46;23;4245;1964;2281;2040;1055;984;2205;909;1297
1261;23;2037;4478;3216;1029;210;23;66;45;20;4245;1964;2281;2043;1057;986;2202;907;1295
1262;23;2038;4493;3228;1031;211;23;68;46;22;4245;1964;2281;2047;1059;987;2198;905;1294
1263;23;2039;4515;3246;1033;213;23;69;48;21;4245;1964;2281;2052;1062;990;2193;902;1291
1264;23;2040;4541;3264;1037;215;24;67;45;22;4245;1964;2281;2058;1066;992;2187;898;1289
1265;23;2041;4566;3284;1041;217;24;67;45;22;4245;1964;2281;2064;1070;995;2181;894;1286
1266;23;2042;4591;3303;1045;218;25;70;47;23;4245;1964;2281;2071;1073;998;2174;891;1283
1267;23;2043;4617;3323;1049;220;25;69;46;24;4245;1964;2281;2078;1077;1001;2167;887;1280
1268;23;2044;4639;3339;1054;222;25;67;44;24;4245;1964;2281;2084;1081;1003;2161;883;1278
1269;23;2045;4660;3354;1058;223;25;71;46;25;4245;1964;2281;2090;1084;1006;2155;880;1275
1270;23;2046;4678;3367;1062;223;25;68;44;24;4245;1964;2281;2095;1087;1008;2150;877;1273
1271;23;2047;4694;3379;1066;224;25;67;47;20;4245;1964;2281;2100;1090;1010;2145;874;1271
1272;23;2048;4709;3389;1069;225;25;68;47;22;4245;1964;2281;2104;1092;1012;2141;872;1269
1273;23;2049;4720;3397;1072;225;25;67;47;21;4245;1964;2281;2108;1094;1014;2137;870;1267
1274;23;2050;4731;3405;1074;226;25;67;47;21;4245;1964;2281;2112;1096;1015;2133;868;1266
1275;24;2000;5054;3355;1403;259;37;94;63;31;4493;2134;2359;1898;999;899;2595;1135;1460
1276;24;2001;5216;3495;1423;259;38;86;59;27;4493;2134;2359;1955;1014;941;2538;1120;1418
1277;24;2002;5395;3624;1471;260;40;91;62;29;4519;2142;2377;2027;1054;973;2492;1088;1404
1278;24;2003;5353;3640;1411;261;41;89;61;28;4529;2147;2382;2069;1066;1002;2460;1081;1380
1279;24;2004;5505;3760;1427;274;44;87;60;27;4530;2149;2381;2153;1113;1040;2377;1036;1341
1280;24;2005;5462;3735;1404;278;45;88;59;29;4519;2141;2378;2179;1126;1052;2340;1015;1326
1281;24;2006;5316;3636;1360;275;45;82;55;27;4508;2135;2373;2183;1133;1050;2325;1002;1323
1282;24;2007;5303;3627;1352;279;46;80;55;25;4495;2129;2366;2181;1129;1051;2314;1000;1315
1283;24;2008;5428;3713;1379;289;48;84;56;28;4486;2124;2362;2217;1144;1074;2269;980;1288
1284;24;2009;5559;3803;1407;300;49;83;54;29;4481;2120;2361;2245;1152;1094;2236;968;1267
1285;24;2010;5735;3923;1448;313;51;85;57;28;4479;2127;2352;2284;1174;1111;2195;953;1241
1286;24;2011;5746;3929;1446;318;52;82;57;25;4476;2127;2349;2299;1185;1114;2177;942;1235
1287;24;2012;5760;3938;1446;322;54;82;54;28;4471;2127;2344;2301;1184;1118;2170;943;1226
1288;24;2013;5837;3991;1462;329;54;83;55;28;4466;2127;2339;2324;1192;1132;2142;935;1207
1289;24;2014;6026;4119;1508;342;57;87;58;29;4460;2126;2334;2381;1227;1154;2079;899;1180
1290;24;2015;6056;4139;1512;347;58;86;58;28;4450;2123;2327;2379;1222;1156;2071;901;1171
1291;24;2016;5987;4091;1492;345;58;85;56;29;4443;2121;2322;2370;1219;1151;2073;902;1171
1292;24;2017;5973;4081;1487;347;58;85;56;29;4437;2120;2317;2365;1213;1152;2072;907;1165
1293;24;2018;5994;4094;1490;350;59;83;53;30;4432;2121;2311;2372;1217;1156;2060;904;1155
1294;24;2019;5878;4014;1460;346;58;79;51;28;4428;2120;2308;2353;1206;1147;2075;914;1161
1295;24;2020;5850;3995;1451;345;59;80;53;28;4425;2120;2305;2366;1214;1152;2059;906;1153
1296;24;2021;5947;4060;1473;353;60;80;51;29;4425;2120;2305;2384;1219;1165;2041;901;1140
1297;24;2022;6109;4169;1513;364;63;83;54;29;4425;2120;2305;2426;1245;1181;1999;875;1124
1298;24;2023;6129;4183;1517;367;63;84;54;29;4425;2120;2305;2428;1248;1179;1997;872;1126
1299;24;2024;6265;4276;1549;376;64;81;53;28;4425;2120;2305;2447;1258;1189;1978;862;1116
1300;24;2025;6259;4271;1547;377;64;87;55;32;4425;2120;2305;2444;1257;1188;1981;863;1117
1301;24;2026;6218;4242;1535;376;65;81;51;30;4425;2120;2305;2434;1251;1183;1991;869;1122
1302;24;2027;6150;4195;1518;373;64;80;52;28;4425;2120;2305;2418;1243;1176;2007;877;1129
1303;24;2028;6075;4144;1498;369;64;81;50;30;4425;2120;2305;2402;1234;1168;2023;886;1137
1304;24;2029;6001;4092;1480;366;63;78;50;28;4425;2120;2305;2386;1225;1161;2039;895;1144
1305;24;2030;5929;4043;1461;362;63;74;47;27;4425;2120;2305;2370;1216;1154;2055;904;1151
1306;24;2031;5863;3997;1444;359;63;76;49;28;4425;2120;2305;2356;1209;1147;2069;911;1158
1307;24;2032;5811;3962;1431;356;62;72;45;26;4425;2120;2305;2345;1203;1142;2080;917;1163
1308;24;2033;5764;3930;1419;353;62;71;45;26;4425;2120;2305;2336;1198;1138;2089;922;1167
1309;24;2034;5734;3910;1411;352;61;70;45;25;4425;2120;2305;2330;1195;1135;2095;925;1170
1310;24;2035;5719;3898;1407;352;62;70;45;25;4425;2120;2305;2327;1193;1134;2098;927;1171
1311;24;2036;5710;3892;1404;352;62;69;45;24;4425;2120;2305;2326;1193;1133;2099;927;1172
1312;24;2037;5712;3893;1405;352;62;71;44;27;4425;2120;2305;2328;1194;1134;2097;926;1171
1313;24;2038;5723;3901;1406;353;62;72;46;26;4425;2120;2305;2331;1196;1135;2094;924;1170
1314;24;2039;5738;3911;1410;354;63;70;45;25;4425;2120;2305;2336;1198;1137;2089;922;1168
1315;24;2040;5758;3925;1415;356;63;71;44;28;4425;2120;2305;2342;1202;1140;2083;918;1165
1316;24;2041;5782;3941;1421;358;63;71;44;27;4425;2120;2305;2349;1206;1143;2076;914;1162
1317;24;2042;5807;3958;1426;359;63;70;43;27;4425;2120;2305;2356;1210;1146;2069;910;1159
1318;24;2043;5834;3977;1433;360;64;67;44;24;4425;2120;2305;2363;1214;1149;2062;906;1156
1319;24;2044;5859;3993;1439;362;65;70;45;25;4425;2120;2305;2371;1218;1153;2054;902;1152
1320;24;2045;5886;4011;1445;364;66;71;44;27;4425;2120;2305;2378;1222;1156;2047;898;1149
1321;24;2046;5911;4028;1451;365;66;68;44;24;4425;2120;2305;2384;1226;1159;2041;894;1146
1322;24;2047;5934;4044;1457;367;66;70;44;25;4425;2120;2305;2390;1229;1161;2035;891;1144
1323;24;2048;5955;4058;1462;368;66;70;42;28;4425;2120;2305;2396;1232;1164;2029;888;1141
1324;24;2049;5972;4070;1466;369;67;71;45;27;4425;2120;2305;2401;1235;1166;2024;885;1139
1325;24;2050;5988;4081;1470;370;67;71;45;27;4425;2120;2305;2405;1237;1168;2020;883;1137
1326;25;2000;6455;4253;1735;370;97;89;59;30;4571;2247;2324;2112;1101;1010;2459;1146;1314
1327;25;2001;6433;4233;1732;372;96;88;59;29;4576;2247;2329;2159;1121;1038;2417;1126;1291
1328;25;2002;6468;4253;1740;379;95;88;58;31;4601;2256;2345;2207;1132;1075;2394;1124;1270
1329;25;2003;6597;4337;1774;389;97;86;57;29;4614;2262;2352;2280;1172;1108;2334;1090;1244
1330;25;2004;6645;4367;1786;395;97;82;54;29;4617;2266;2351;2316;1182;1134;2301;1084;1217
1331;25;2005;6881;4523;1847;411;99;85;56;29;4608;2260;2348;2402;1229;1173;2206;1031;1175
1332;25;2006;6850;4499;1840;413;98;83;55;28;4594;2251;2343;2426;1241;1185;2168;1010;1158
1333;25;2007;6677;4387;1789;405;96;83;55;29;4585;2246;2339;2427;1247;1181;2158;999;1158
1334;25;2008;6671;4384;1785;407;95;79;52;27;4578;2240;2338;2425;1243;1182;2153;997;1156
1335;25;2009;6832;4491;1824;420;96;80;53;27;4576;2239;2337;2464;1258;1206;2112;981;1131
1336;25;2010;7000;4603;1866;433;99;84;55;30;4572;2244;2328;2494;1267;1227;2078;977;1101
1337;25;2011;7228;4753;1923;450;102;83;52;31;4567;2242;2325;2536;1290;1246;2031;952;1079
1338;25;2012;7249;4769;1925;454;101;83;52;31;4564;2242;2322;2551;1302;1249;2013;940;1073
1339;25;2013;7271;4785;1927;458;101;79;52;27;4557;2240;2317;2553;1300;1253;2004;940;1064
1340;25;2014;7375;4854;1951;467;102;82;52;29;4551;2239;2312;2577;1308;1268;1974;931;1044
1341;25;2015;7618;5015;2013;486;104;85;55;30;4543;2237;2306;2636;1345;1291;1907;892;1015
1342;25;2016;7664;5046;2022;491;105;85;55;31;4534;2234;2300;2634;1340;1294;1900;894;1006
1343;25;2017;7586;4995;1998;489;104;80;50;29;4528;2232;2296;2624;1336;1288;1904;896;1008
1344;25;2018;7569;4986;1990;490;102;79;51;28;4520;2230;2290;2618;1329;1289;1902;901;1001
1345;25;2019;7604;5009;1997;495;103;79;49;30;4517;2228;2289;2625;1333;1292;1892;895;997
1346;25;2020;7466;4919;1957;489;101;79;49;30;4516;2230;2286;2604;1321;1283;1912;909;1003
1347;25;2021;7434;4899;1945;489;100;77;47;30;4516;2230;2286;2616;1330;1286;1900;900;1000
1348;25;2022;7563;4985;1976;501;101;78;48;30;4516;2230;2286;2635;1335;1300;1881;895;986
1349;25;2023;7767;5121;2027;516;104;80;51;29;4516;2230;2286;2680;1362;1318;1836;868;968
1350;25;2024;7806;5146;2034;522;104;81;52;30;4516;2230;2286;2682;1366;1316;1834;864;970
1351;25;2025;7981;5263;2077;536;105;82;50;31;4516;2230;2286;2704;1377;1327;1812;853;959
1352;25;2026;7978;5262;2073;538;105;80;51;29;4516;2230;2286;2701;1375;1326;1815;855;960
1353;25;2027;7936;5234;2059;538;105;81;52;29;4516;2230;2286;2691;1370;1321;1825;860;965
1354;25;2028;7855;5181;2036;535;104;79;49;30;4516;2230;2286;2674;1361;1314;1842;869;972
1355;25;2029;7767;5125;2010;531;101;78;50;29;4516;2230;2286;2657;1351;1306;1859;879;980
1356;25;2030;7677;5066;1984;527;100;77;48;29;4516;2230;2286;2640;1342;1297;1876;888;989
1357;25;2031;7595;5012;1960;524;99;77;50;27;4516;2230;2286;2623;1333;1290;1893;897;996
1358;25;2032;7516;4961;1938;520;97;71;45;26;4516;2230;2286;2608;1325;1283;1908;905;1003
1359;25;2033;7455;4922;1919;518;96;72;45;28;4516;2230;2286;2597;1319;1277;1919;911;1009
1360;25;2034;7403;4887;1904;517;95;74;46;29;4516;2230;2286;2587;1314;1273;1929;916;1013
1361;25;2035;7371;4867;1893;516;95;71;43;27;4516;2230;2286;2580;1311;1270;1936;919;1016
1362;25;2036;7354;4857;1886;517;94;73;46;27;4516;2230;2286;2577;1309;1268;1939;921;1018
1363;25;2037;7349;4854;1882;519;94;69;42;26;4516;2230;2286;2577;1309;1268;1939;921;1018
1364;25;2038;7358;4860;1882;522;94;69;45;24;4516;2230;2286;2579;1310;1269;1937;920;1017
1365;25;2039;7376;4873;1885;525;93;68;41;27;4516;2230;2286;2582;1312;1270;1934;918;1016
1366;25;2040;7401;4890;1889;529;93;70;44;26;4516;2230;2286;2587;1315;1272;1929;915;1014
1367;25;2041;7433;4912;1895;533;94;71;44;27;4516;2230;2286;2594;1318;1275;1922;912;1011
1368;25;2042;7467;4934;1901;537;94;68;43;25;4516;2230;2286;2601;1323;1278;1915;907;1008
1369;25;2043;7505;4961;1908;542;93;69;43;26;4516;2230;2286;2609;1327;1282;1907;903;1004
1370;25;2044;7545;4988;1916;547;94;69;42;27;4516;2230;2286;2617;1331;1286;1899;899;1000
1371;25;2045;7582;5013;1923;551;94;72;43;29;4516;2230;2286;2625;1336;1289;1891;894;997
1372;25;2046;7617;5036;1932;554;95;70;43;26;4516;2230;2286;2632;1340;1293;1884;890;993
1373;25;2047;7650;5058;1941;556;95;71;43;28;4516;2230;2286;2639;1344;1296;1877;886;990
1374;25;2048;7679;5077;1948;558;96;75;46;29;4516;2230;2286;2646;1347;1299;1870;883;987
1375;25;2049;7705;5094;1955;560;96;75;46;29;4516;2230;2286;2652;1350;1301;1864;880;985
1376;25;2050;7728;5109;1961;562;96;75;46;29;4516;2230;2286;2657;1353;1304;1859;877;982
1377;26;2000;8280;5120;2480;533;147;95;61;34;4583;2304;2279;2331;1212;1120;2252;1092;1159
1378;26;2001;7959;4941;2362;516;141;91;59;31;4599;2309;2290;2319;1204;1115;2280;1105;1175
1379;26;2002;7934;4917;2358;520;140;90;57;33;4623;2318;2305;2356;1219;1138;2267;1099;1167
1380;26;2003;7971;4935;2368;528;140;89;57;32;4633;2322;2311;2403;1230;1174;2230;1092;1137
1381;26;2004;8126;5031;2412;542;141;89;54;35;4638;2326;2312;2469;1266;1203;2169;1060;1109
1382;26;2005;8184;5065;2428;550;141;85;53;32;4630;2322;2308;2503;1275;1228;2127;1047;1080
1383;26;2006;8471;5244;2509;573;145;83;53;30;4621;2315;2306;2589;1322;1267;2032;993;1039
1384;26;2007;8434;5219;2497;574;143;85;52;33;4611;2308;2303;2611;1333;1278;2000;975;1025
1385;26;2008;8229;5096;2431;563;140;81;50;31;4602;2302;2300;2611;1338;1273;1991;964;1027
1386;26;2009;8222;5095;2423;566;138;80;48;32;4599;2298;2301;2608;1334;1275;1991;964;1026
1387;26;2010;8425;5223;2477;584;141;77;47;29;4600;2305;2295;2649;1350;1299;1951;955;996
1388;26;2011;8636;5359;2532;601;144;83;51;32;4595;2304;2291;2680;1359;1321;1915;945;970
1389;26;2012;8913;5534;2607;624;148;81;51;29;4592;2303;2289;2722;1382;1340;1870;921;949
1390;26;2013;8945;5559;2609;630;148;85;52;32;4586;2301;2285;2737;1394;1343;1849;907;942
1391;26;2014;8980;5585;2612;635;148;80;47;32;4578;2298;2280;2739;1392;1347;1839;906;933
1392;26;2015;9111;5671;2644;647;149;81;49;32;4571;2297;2274;2761;1400;1362;1810;897;912
1393;26;2016;9419;5866;2726;674;154;82;51;31;4566;2295;2271;2821;1436;1385;1745;859;886
1394;26;2017;9477;5907;2736;680;154;86;51;35;4555;2291;2264;2819;1430;1388;1736;861;876
1395;26;2018;9386;5855;2703;677;151;84;51;33;4552;2290;2262;2808;1426;1382;1744;864;880
1396;26;2019;9378;5854;2693;680;151;78;47;31;4546;2286;2260;2801;1419;1382;1745;867;878
1397;26;2020;9428;5890;2701;686;152;79;49;30;4545;2287;2258;2809;1423;1386;1736;864;872
1398;26;2021;9265;5793;2647;677;148;77;47;30;4545;2287;2258;2786;1412;1375;1759;875;883
1399;26;2022;9234;5778;2632;677;147;78;47;30;4545;2287;2258;2798;1420;1378;1747;867;880
1400;26;2023;9398;5885;2672;693;148;77;46;31;4545;2287;2258;2817;1425;1392;1728;862;866
1401;26;2024;9658;6052;2740;714;152;80;48;32;4545;2287;2258;2863;1452;1410;1682;835;848
1402;26;2025;9712;6090;2748;721;153;81;49;32;4545;2287;2258;2865;1457;1409;1680;830;849
1403;26;2026;9937;6236;2805;740;155;85;52;33;4545;2287;2258;2888;1468;1421;1657;819;837
1404;26;2027;9943;6244;2800;744;155;82;49;33;4545;2287;2258;2886;1466;1420;1659;821;838
1405;26;2028;9896;6218;2781;743;154;80;50;31;4545;2287;2258;2875;1460;1415;1670;827;843
1406;26;2029;9805;6165;2749;739;153;76;46;30;4545;2287;2258;2858;1451;1407;1687;836;851
1407;26;2030;9705;6107;2715;734;150;77;45;31;4545;2287;2258;2841;1442;1399;1704;845;859
1408;26;2031;9603;6046;2680;729;148;72;43;30;4545;2287;2258;2823;1433;1390;1722;854;868
1409;26;2032;9507;5989;2648;724;146;73;42;31;4545;2287;2258;2806;1424;1382;1739;863;876
1410;26;2033;9417;5936;2617;720;144;74;43;30;4545;2287;2258;2791;1416;1375;1754;871;883
1411;26;2034;9348;5896;2593;716;143;73;44;29;4545;2287;2258;2779;1409;1369;1766;878;889
1412;26;2035;9290;5863;2571;714;142;69;41;29;4545;2287;2258;2769;1404;1365;1776;883;893
1413;26;2036;9257;5845;2557;715;140;74;44;30;4545;2287;2258;2762;1401;1362;1783;886;896
1414;26;2037;9241;5839;2547;715;140;70;42;29;4545;2287;2258;2759;1399;1360;1786;888;898
1415;26;2038;9245;5845;2543;718;140;68;40;28;4545;2287;2258;2759;1399;1360;1786;888;898
1416;26;2039;9259;5857;2542;721;139;68;39;29;4545;2287;2258;2761;1400;1360;1784;887;898
1417;26;2040;9286;5877;2545;726;139;69;40;29;4545;2287;2258;2765;1402;1362;1780;885;896
1418;26;2041;9322;5902;2550;730;139;69;40;29;4545;2287;2258;2770;1405;1364;1775;882;894
1419;26;2042;9366;5934;2556;737;139;66;39;27;4545;2287;2258;2776;1409;1367;1769;878;891
1420;26;2043;9413;5967;2564;742;140;69;40;28;4545;2287;2258;2784;1413;1371;1761;874;887
1421;26;2044;9467;6004;2575;748;140;70;41;30;4545;2287;2258;2792;1418;1375;1753;869;883
1422;26;2045;9520;6040;2585;755;140;68;40;29;4545;2287;2258;2800;1422;1378;1745;865;880
1423;26;2046;9572;6076;2594;761;141;71;40;31;4545;2287;2258;2808;1426;1382;1737;861;876
1424;26;2047;9617;6105;2606;765;141;68;38;30;4545;2287;2258;2816;1431;1386;1729;856;872
1425;26;2048;9658;6131;2617;768;142;68;40;28;4545;2287;2258;2823;1435;1389;1722;852;869
1426;26;2049;9696;6155;2627;771;142;65;38;27;4545;2287;2258;2830;1438;1392;1715;849;866
1427;26;2050;9728;6175;2636;774;143;65;38;27;4545;2287;2258;2836;1441;1395;1709;846;863
1428;27;2000;10599;6314;3197;886;202;100;60;40;4540;2315;2225;2435;1283;1153;2105;1032;1072
1429;27;2001;10232;6096;3098;842;196;98;59;39;4556;2323;2233;2471;1294;1176;2085;1029;1057
1430;27;2002;9820;5862;2956;812;190;90;55;35;4579;2329;2250;2450;1282;1169;2129;1047;1081
1431;27;2003;9764;5810;2954;813;187;84;50;34;4592;2336;2256;2486;1296;1190;2106;1040;1066
1432;27;2004;9787;5808;2971;821;187;85;51;34;4595;2338;2257;2524;1303;1221;2071;1035;1036
1433;27;2005;9953;5897;3030;838;189;83;50;33;4590;2334;2256;2587;1338;1250;2003;996;1006
1434;27;2006;10002;5915;3053;844;189;82;48;34;4580;2327;2253;2619;1346;1273;1961;981;980
1435;27;2007;10326;6100;3158;874;194;86;48;37;4570;2320;2250;2702;1391;1310;1868;929;940
1436;27;2008;10264;6052;3149;871;192;83;49;34;4562;2315;2247;2723;1402;1321;1839;913;926
1437;27;2009;9998;5891;3070;851;186;82;49;33;4562;2312;2250;2723;1406;1317;1839;906;933
1438;27;2010;9977;5875;3066;851;186;78;47;31;4560;2317;2243;2720;1402;1318;1840;915;925
1439;27;2011;10199;6003;3135;872;189;81;46;35;4557;2317;2240;2761;1418;1342;1796;899;898
1440;27;2012;10435;6140;3209;893;193;78;46;33;4552;2315;2237;2790;1427;1363;1762;888;874
1441;27;2013;10747;6321;3307;922;197;76;44;33;4548;2313;2235;2831;1449;1382;1717;864;853
1442;27;2014;10775;6336;3316;925;198;78;47;32;4540;2310;2230;2844;1460;1384;1696;850;846
1443;27;2015;10801;6350;3325;929;197;80;49;32;4531;2306;2225;2845;1458;1388;1686;848;837
1444;27;2016;10943;6433;3369;942;199;80;47;33;4526;2304;2222;2867;1465;1402;1659;839;820
1445;27;2017;11287;6634;3476;973;204;85;48;37;4518;2301;2217;2925;1501;1425;1593;800;792
1446;27;2018;11347;6669;3494;978;205;79;45;35;4510;2296;2214;2922;1495;1427;1588;801;787
1447;27;2019;11229;6601;3458;969;202;77;45;32;4510;2297;2213;2911;1490;1421;1599;807;792
1448;27;2020;11207;6588;3451;967;201;78;44;33;4507;2295;2212;2904;1483;1421;1603;812;791
1449;27;2021;11257;6619;3465;971;202;82;46;36;4507;2295;2212;2912;1488;1424;1595;807;788
1450;27;2022;11059;6503;3405;954;197;76;43;33;4507;2295;2212;2889;1476;1413;1618;819;799
1451;27;2023;11014;6477;3389;951;196;79;45;34;4507;2295;2212;2900;1485;1416;1607;810;796
1452;27;2024;11195;6585;3445;966;198;78;45;34;4507;2295;2212;2919;1489;1429;1588;806;783
1453;27;2025;11496;6764;3536;993;204;78;44;34;4507;2295;2212;2963;1516;1447;1544;779;765
1454;27;2026;11552;6799;3553;997;203;80;46;35;4507;2295;2212;2966;1520;1446;1541;775;766
1455;27;2027;11808;6951;3631;1019;208;79;43;36;4507;2295;2212;2989;1531;1458;1518;764;754
1456;27;2028;11811;6956;3630;1018;206;78;43;34;4507;2295;2212;2986;1530;1456;1521;765;756
1457;27;2029;11749;6921;3610;1012;205;77;43;34;4507;2295;2212;2976;1524;1451;1531;771;761
1458;27;2030;11639;6858;3575;1002;203;76;42;34;4507;2295;2212;2959;1515;1444;1548;780;768
1459;27;2031;11520;6792;3537;991;200;75;42;33;4507;2295;2212;2942;1506;1436;1565;789;776
1460;27;2032;11397;6721;3498;980;198;74;42;32;4507;2295;2212;2924;1497;1428;1583;798;784
1461;27;2033;11280;6655;3461;969;194;75;42;33;4507;2295;2212;2908;1488;1420;1599;807;792
1462;27;2034;11175;6597;3427;959;192;75;44;32;4507;2295;2212;2893;1480;1413;1614;815;799
1463;27;2035;11092;6551;3400;951;190;73;41;32;4507;2295;2212;2881;1474;1407;1626;821;805
1464;27;2036;11021;6512;3376;944;188;70;41;29;4507;2295;2212;2871;1469;1403;1636;826;809
1465;27;2037;10982;6492;3363;939;188;68;37;30;4507;2295;2212;2865;1465;1400;1642;830;812
1466;27;2038;10965;6487;3355;937;186;71;39;32;4507;2295;2212;2862;1464;1398;1645;831;814
1467;27;2039;10968;6491;3354;936;186;69;37;31;4507;2295;2212;2862;1464;1398;1645;831;814
1468;27;2040;10990;6509;3359;937;185;68;39;29;4507;2295;2212;2864;1465;1399;1643;830;813
1469;27;2041;11024;6532;3368;939;186;68;39;29;4507;2295;2212;2867;1467;1400;1640;828;812
1470;27;2042;11067;6563;3378;941;185;70;38;32;4507;2295;2212;2872;1470;1403;1635;825;809
1471;27;2043;11123;6600;3394;943;186;70;38;32;4507;2295;2212;2879;1473;1405;1628;822;807
1472;27;2044;11183;6640;3409;948;187;68;37;31;4507;2295;2212;2886;1477;1409;1621;818;803
1473;27;2045;11248;6683;3427;951;187;67;37;30;4507;2295;2212;2894;1482;1412;1613;813;800
1474;27;2046;11315;6727;3444;956;187;72;39;34;4507;2295;2212;2902;1486;1416;1605;809;796
1475;27;2047;11382;6773;3461;960;187;69;39;30;4507;2295;2212;2910;1491;1420;1597;804;792
1476;27;2048;11433;6804;3477;964;188;68;38;30;4507;2295;2212;2918;1495;1423;1589;800;789
1477;27;2049;11482;6833;3492;968;189;66;37;29;4507;2295;2212;2925;1499;1426;1582;796;786
1478;27;2050;11525;6859;3505;972;190;66;37;29;4507;2295;2212;2931;1502;1429;1576;793;783
1479;28;2000;13602;7903;4317;1072;310;112;67;45;4431;2287;2144;2611;1406;1205;1820;881;939
1480;28;2001;12615;7297;4021;1011;286;105;65;40;4452;2297;2155;2520;1345;1175;1932;952;980
1481;28;2002;12186;7046;3899;962;280;94;56;38;4476;2305;2171;2544;1351;1193;1932;954;978
1482;28;2003;11700;6775;3724;929;271;91;53;38;4489;2311;2178;2525;1338;1187;1964;973;991
1483;28;2004;11639;6713;3725;932;269;92;53;39;4493;2314;2179;2552;1348;1204;1941;966;975
1484;28;2005;11663;6706;3746;942;269;89;51;38;4489;2310;2179;2588;1355;1233;1901;955;946
1485;28;2006;11856;6800;3820;961;274;88;52;36;4482;2304;2178;2647;1387;1260;1835;917;918
1486;28;2007;11911;6817;3850;969;275;87;50;36;4472;2298;2174;2676;1395;1281;1796;903;893
1487;28;2008;12292;7022;3983;1003;284;86;50;37;4466;2293;2173;2756;1438;1317;1710;855;856
1488;28;2009;12218;6963;3973;1001;282;84;48;35;4463;2289;2174;2776;1449;1327;1687;840;847
1489;28;2010;11907;6776;3876;980;275;85;49;35;4462;2294;2168;2777;1453;1325;1685;841;843
1490;28;2011;11876;6752;3870;980;274;80;44;36;4460;2293;2167;2775;1449;1326;1685;844;841
1491;28;2012;12138;6893;3960;1005;281;85;50;35;4457;2292;2165;2813;1465;1349;1644;827;816
1492;28;2013;12411;7041;4053;1030;287;88;48;40;4453;2290;2163;2841;1472;1369;1612;818;794
1493;28;2014;12779;7243;4176;1064;296;85;49;36;4445;2287;2158;2879;1493;1386;1566;794;772
1494;28;2015;12809;7253;4189;1069;298;85;47;38;4437;2283;2154;2890;1503;1387;1547;780;767
1495;28;2016;12840;7265;4203;1074;298;84;49;35;4431;2279;2152;2891;1500;1390;1540;779;762
1496;28;2017;13001;7350;4258;1090;303;83;47;36;4424;2277;2147;2911;1507;1403;1513;770;744
1497;28;2018;13407;7574;4395;1126;312;88;50;38;4420;2275;2145;2966;1541;1425;1454;734;720
1498;28;2019;13471;7605;4418;1133;315;87;49;38;4417;2273;2144;2962;1535;1427;1455;738;717
1499;28;2020;13333;7521;4375;1124;313;86;49;37;4412;2271;2141;2952;1530;1421;1460;741;720
1500;28;2021;13304;7500;4369;1123;312;84;46;38;4412;2271;2141;2945;1524;1421;1467;747;720
1501;28;2022;13357;7524;4389;1130;314;85;48;37;4412;2271;2141;2952;1529;1423;1460;742;718
1502;28;2023;13119;7386;4314;1110;308;81;44;37;4412;2271;2141;2930;1518;1413;1482;753;728
1503;28;2024;13059;7347;4297;1107;308;80;45;35;4412;2271;2141;2941;1525;1415;1471;746;726
1504;28;2025;13271;7462;4369;1126;314;79;45;34;4412;2271;2141;2958;1530;1428;1454;741;713
1505;28;2026;13613;7649;4484;1157;322;84;46;38;4412;2271;2141;3000;1556;1444;1412;715;697
1506;28;2027;13675;7679;4507;1164;325;81;43;39;4412;2271;2141;3002;1560;1443;1410;711;698
1507;28;2028;13970;7840;4608;1190;332;85;47;38;4412;2271;2141;3024;1570;1454;1388;701;687
1508;28;2029;13964;7831;4610;1191;333;83;47;36;4412;2271;2141;3022;1569;1453;1390;702;688
1509;28;2030;13885;7781;4587;1185;332;85;49;36;4412;2271;2141;3011;1564;1448;1401;707;693
1510;28;2031;13744;7697;4544;1174;329;85;47;38;4412;2271;2141;2996;1555;1441;1416;716;700
1511;28;2032;13596;7608;4499;1163;326;78;43;35;4412;2271;2141;2979;1546;1433;1433;725;708
1512;28;2033;13440;7515;4450;1151;324;76;41;35;4412;2271;2141;2962;1537;1426;1450;734;715
1513;28;2034;13293;7427;4406;1140;320;77;42;35;4412;2271;2141;2947;1528;1418;1465;743;723
1514;28;2035;13157;7345;4365;1129;318;75;41;34;4412;2271;2141;2933;1521;1412;1479;750;729
1515;28;2036;13047;7277;4334;1121;316;72;39;33;4412;2271;2141;2921;1515;1407;1491;756;734
1516;28;2037;12950;7215;4307;1113;315;74;40;34;4412;2271;2141;2912;1510;1402;1500;761;739
1517;28;2038;12884;7171;4290;1109;314;73;40;33;4412;2271;2141;2906;1507;1399;1506;764;742
1518;28;2039;12845;7141;4283;1107;314;69;39;30;4412;2271;2141;2903;1505;1398;1509;766;743
1519;28;2040;12829;7123;4284;1107;315;67;37;30;4412;2271;2141;2903;1505;1398;1509;766;743
1520;28;2041;12830;7114;4291;1109;316;70;39;31;4412;2271;2141;2905;1506;1398;1507;765;743
1521;28;2042;12845;7113;4304;1111;317;69;38;31;4412;2271;2141;2908;1508;1400;1504;763;741
1522;28;2043;12866;7113;4319;1115;319;70;38;32;4412;2271;2141;2913;1511;1402;1499;760;739
1523;28;2044;12900;7119;4340;1120;321;67;36;31;4412;2271;2141;2919;1514;1405;1493;757;736
1524;28;2045;12934;7124;4361;1125;323;66;35;31;4412;2271;2141;2926;1518;1408;1486;753;733
1525;28;2046;12975;7132;4386;1131;326;67;35;31;4412;2271;2141;2934;1523;1411;1478;748;730
1526;28;2047;13009;7135;4410;1137;327;69;39;30;4412;2271;2141;2941;1527;1414;1471;744;727
1527;28;2048;13038;7132;4434;1142;330;72;38;34;4412;2271;2141;2949;1531;1418;1463;740;723
1528;28;2049;13097;7165;4454;1147;331;73;41;33;4412;2271;2141;2956;1535;1421;1456;736;720
1529;28;2050;13151;7194;4472;1152;333;73;41;33;4412;2271;2141;2963;1539;1424;1449;732;717
1530;29;2000;16011;8803;5432;1380;397;131;81;50;4276;2226;2050;2654;1459;1195;1622;767;855
1531;29;2001;15341;8384;5237;1340;380;124;76;48;4297;2238;2059;2645;1444;1201;1652;794;858
1532;29;2002;14177;7682;4882;1261;351;110;67;43;4320;2246;2074;2552;1382;1170;1768;864;904
1533;29;2003;13637;7359;4736;1200;343;108;65;43;4332;2252;2080;2576;1388;1188;1756;864;892
1534;29;2004;13046;7030;4527;1157;332;101;60;41;4340;2256;2084;2552;1372;1180;1788;884;904
1535;29;2005;12932;6918;4528;1157;329;97;60;37;4332;2250;2082;2575;1380;1195;1757;870;887
1536;29;2006;12916;6867;4553;1168;328;92;56;36;4328;2246;2082;2609;1387;1222;1719;859;860
1537;29;2007;13090;6925;4642;1189;334;92;56;37;4321;2242;2079;2664;1417;1247;1657;825;832
1538;29;2008;13111;6902;4678;1196;334;91;54;37;4317;2238;2079;2691;1424;1267;1626;814;812
1539;29;2009;13490;7073;4837;1235;344;100;60;40;4314;2234;2080;2767;1465;1301;1547;769;779
1540;29;2010;13380;6984;4825;1230;341;94;56;39;4313;2238;2075;2786;1475;1311;1527;763;764
1541;29;2011;13016;6773;4710;1201;332;89;53;36;4314;2240;2074;2790;1480;1310;1524;760;764
1542;29;2012;12960;6725;4704;1200;332;92;53;39;4311;2238;2073;2787;1476;1312;1524;762;761
1543;29;2013;13220;6842;4811;1228;339;90;54;36;4305;2236;2069;2823;1490;1332;1482;746;737
1544;29;2014;13491;6966;4923;1256;346;89;55;34;4301;2234;2067;2848;1497;1351;1453;737;716
1545;29;2015;13865;7144;5071;1294;356;93;54;38;4294;2230;2064;2883;1517;1366;1411;713;698
1546;29;2016;13879;7137;5088;1297;358;90;53;38;4288;2228;2060;2893;1526;1367;1395;702;693
1547;29;2017;13897;7133;5105;1301;358;94;54;40;4282;2224;2058;2893;1522;1371;1389;702;687
1548;29;2018;14052;7201;5171;1317;363;89;51;38;4275;2222;2053;2911;1529;1382;1364;693;671
1549;29;2019;14473;7406;5336;1358;374;95;56;40;4274;2221;2053;2962;1561;1402;1312;660;651
1550;29;2020;14532;7425;5366;1364;376;89;53;35;4274;2221;2053;2958;1554;1404;1316;667;649
1551;29;2021;14372;7334;5315;1351;372;89;53;36;4274;2221;2053;2950;1551;1398;1324;670;655
1552;29;2022;14331;7305;5307;1347;371;91;53;38;4274;2221;2053;2942;1545;1397;1332;676;656
1553;29;2023;14382;7323;5333;1352;374;89;52;36;4274;2221;2053;2949;1550;1399;1325;671;654
1554;29;2024;14123;7185;5243;1328;367;87;49;38;4274;2221;2053;2928;1539;1389;1346;682;664
1555;29;2025;14053;7143;5223;1322;365;89;51;38;4274;2221;2053;2939;1546;1392;1335;675;661
1556;29;2026;14274;7249;5311;1342;372;85;50;35;4274;2221;2053;2954;1550;1404;1320;671;649
1557;29;2027;14633;7425;5451;1375;382;90;52;39;4274;2221;2053;2993;1575;1419;1281;646;634
1558;29;2028;14693;7451;5479;1380;383;91;52;39;4274;2221;2053;2995;1579;1416;1279;642;637
1559;29;2029;15007;7604;5600;1410;393;93;54;40;4274;2221;2053;3016;1589;1427;1258;632;626
1560;29;2030;14999;7596;5603;1408;393;91;52;39;4274;2221;2053;3013;1588;1426;1261;633;627
1561;29;2031;14912;7548;5575;1399;390;86;49;37;4274;2221;2053;3004;1582;1421;1270;639;632
1562;29;2032;14766;7471;5525;1384;386;87;50;37;4274;2221;2053;2989;1574;1415;1285;647;638
1563;29;2033;14612;7388;5472;1368;384;87;49;38;4274;2221;2053;2973;1565;1408;1301;656;645
1564;29;2034;14450;7303;5415;1352;379;84;49;35;4274;2221;2053;2957;1557;1401;1317;664;652
1565;29;2035;14297;7224;5363;1335;375;83;46;37;4274;2221;2053;2943;1549;1394;1331;672;659
1566;29;2036;14157;7150;5313;1321;373;84;47;37;4274;2221;2053;2929;1541;1388;1345;680;665
1567;29;2037;14049;7092;5277;1310;370;83;48;36;4274;2221;2053;2919;1536;1383;1355;685;670
1568;29;2038;13953;7042;5245;1299;367;81;46;34;4274;2221;2053;2910;1531;1379;1364;690;674
1569;29;2039;13893;7009;5226;1292;367;83;47;35;4274;2221;2053;2904;1528;1377;1370;693;676
1570;29;2040;13864;6993;5218;1287;366;80;44;36;4274;2221;2053;2902;1526;1375;1372;695;678
1571;29;2041;13859;6988;5219;1285;367;80;45;35;4274;2221;2053;2901;1526;1375;1373;695;678
1572;29;2042;13875;6994;5229;1284;367;77;43;34;4274;2221;2053;2903;1527;1376;1371;694;677
1573;29;2043;13909;7010;5245;1285;368;77;44;33;4274;2221;2053;2906;1529;1377;1368;692;676
1574;29;2044;13953;7030;5264;1288;371;79;43;36;4274;2221;2053;2911;1532;1379;1363;689;674
1575;29;2045;14012;7058;5290;1291;372;80;46;35;4274;2221;2053;2916;1535;1381;1358;686;672
1576;29;2046;14075;7089;5318;1295;374;80;45;35;4274;2221;2053;2923;1539;1384;1351;682;669
1577;29;2047;14145;7122;5347;1299;377;79;45;34;4274;2221;2053;2930;1543;1387;1344;678;666
1578;29;2048;14215;7156;5376;1304;379;78;44;34;4274;2221;2053;2937;1547;1390;1337;674;663
1579;29;2049;14283;7189;5406;1308;380;76;44;32;4274;2221;2053;2944;1551;1393;1330;670;660
1580;29;2050;14345;7220;5429;1314;382;76;44;32;4274;2221;2053;2951;1555;1396;1323;666;657
1581;30;2000;19268;9857;7025;1781;606;147;93;54;4076;2140;1936;2709;1529;1180;1367;611;756
1582;30;2001;18379;9308;6776;1710;585;145;92;53;4098;2152;1946;2664;1481;1182;1434;671;764
1583;30;2002;17584;8807;6535;1680;561;130;81;48;4121;2160;1961;2650;1463;1187;1471;697;774
1584;30;2003;16115;8027;6063;1505;520;122;74;48;4133;2166;1967;2563;1404;1159;1570;762;808
1585;30;2004;15507;7646;5867;1490;505;112;69;43;4139;2169;1970;2579;1407;1173;1560;762;797
1586;30;2005;14801;7268;5658;1385;490;104;66;38;4139;2168;1971;2555;1390;1165;1584;778;806
1587;30;2006;14567;7116;5613;1353;484;103;65;38;4132;2163;1969;2575;1397;1178;1557;766;791
1588;30;2007;14457;7029;5612;1332;484;98;61;36;4124;2157;1967;2608;1404;1204;1516;753;763
1589;30;2008;14583;7055;5694;1343;491;104;63;41;4122;2154;1968;2659;1431;1227;1463;723;741
1590;30;2009;14543;7004;5710;1337;492;99;60;39;4121;2153;1968;2684;1438;1246;1437;715;722
1591;30;2010;14901;7146;5879;1369;508;97;61;36;4119;2157;1962;2756;1477;1279;1363;680;683
1592;30;2011;14716;7031;5832;1349;503;99;60;39;4121;2157;1964;2775;1487;1288;1346;670;676
1593;30;2012;14281;6800;5683;1308;490;98;59;39;4120;2158;1962;2780;1492;1288;1340;666;674
1594;30;2013;14186;6733;5665;1298;489;90;56;34;4113;2153;1960;2777;1487;1289;1336;666;671
1595;30;2014;14428;6828;5781;1319;499;92;55;37;4110;2153;1957;2810;1501;1309;1300;652;648
1596;30;2015;14688;6934;5903;1342;510;95;58;37;4102;2149;1953;2833;1507;1326;1269;642;627
1597;30;2016;15065;7095;6071;1376;524;98;58;40;4101;2149;1952;2865;1525;1340;1236;624;612
1598;30;2017;15053;7073;6081;1374;525;99;60;39;4095;2148;1947;2874;1533;1341;1221;615;606
1599;30;2018;15043;7054;6090;1373;526;99;61;38;4092;2145;1947;2873;1529;1344;1219;616;603
1600;30;2019;15192;7111;6163;1386;532;96;57;39;4090;2143;1947;2890;1535;1355;1200;608;592
1601;30;2020;15617;7298;6347;1425;548;102;61;41;4086;2142;1944;2938;1565;1373;1148;577;571
1602;30;2021;15659;7306;6375;1428;550;102;60;42;4086;2142;1944;2935;1561;1374;1151;581;570
1603;30;2022;15475;7209;6309;1412;544;98;59;39;4086;2142;1944;2927;1558;1369;1159;584;575
1604;30;2023;15416;7173;6293;1408;543;93;55;39;4086;2142;1944;2919;1552;1367;1167;590;577
1605;30;2024;15452;7181;6315;1411;545;95;56;39;4086;2142;1944;2926;1557;1370;1160;585;574
1606;30;2025;15165;7040;6205;1385;535;94;56;38;4086;2142;1944;2906;1546;1360;1180;596;584
1607;30;2026;15078;6991;6175;1379;533;93;56;37;4086;2142;1944;2916;1553;1363;1170;589;581
1608;30;2027;15299;7088;6271;1399;541;94;56;38;4086;2142;1944;2930;1556;1374;1156;586;570
1609;30;2028;15674;7255;6429;1436;554;95;56;39;4086;2142;1944;2966;1579;1387;1120;563;557
1610;30;2029;15731;7275;6457;1442;557;97;58;39;4086;2142;1944;2968;1583;1385;1118;559;559
1611;30;2030;16050;7418;6592;1472;568;98;55;42;4086;2142;1944;2987;1593;1394;1099;549;550
1612;30;2031;16037;7406;6590;1473;568;98;57;41;4086;2142;1944;2985;1591;1393;1101;551;551
1613;30;2032;15943;7357;6555;1466;565;95;56;39;4086;2142;1944;2975;1586;1389;1111;556;555
1614;30;2033;15781;7279;6491;1453;559;93;55;39;4086;2142;1944;2961;1578;1383;1125;564;561
1615;30;2034;15609;7195;6423;1439;553;94;56;38;4086;2142;1944;2947;1570;1376;1139;572;568
1616;30;2035;15436;7111;6353;1425;547;90;53;38;4086;2142;1944;2932;1562;1370;1154;580;574
1617;30;2036;15271;7031;6287;1412;541;89;53;35;4086;2142;1944;2918;1554;1364;1168;588;580
1618;30;2037;15121;6959;6226;1400;536;91;54;37;4086;2142;1944;2906;1547;1358;1180;595;586
1619;30;2038;15002;6901;6178;1392;532;87;52;36;4086;2142;1944;2896;1542;1354;1190;600;590
1620;30;2039;14902;6852;6138;1385;527;89;52;37;4086;2142;1944;2888;1537;1350;1198;605;594
1621;30;2040;14834;6818;6110;1381;525;88;51;37;4086;2142;1944;2882;1535;1348;1204;607;596
1622;30;2041;14801;6800;6097;1380;524;84;50;34;4086;2142;1944;2880;1533;1347;1206;609;597
1623;30;2042;14793;6794;6094;1381;523;87;50;37;4086;2142;1944;2879;1533;1346;1207;609;598
1624;30;2043;14810;6799;6101;1385;524;87;50;37;4086;2142;1944;2881;1534;1347;1205;608;597
1625;30;2044;14842;6811;6115;1392;524;82;47;36;4086;2142;1944;2884;1536;1348;1202;606;596
1626;30;2045;14889;6830;6134;1399;526;82;47;35;4086;2142;1944;2888;1538;1350;1198;604;594
1627;30;2046;14951;6857;6159;1407;528;83;48;35;4086;2142;1944;2893;1542;1352;1193;600;592
1628;30;2047;15019;6885;6187;1417;530;80;47;33;4086;2142;1944;2899;1545;1354;1187;597;590
1629;30;2048;15093;6917;6217;1427;532;83;49;34;4086;2142;1944;2906;1549;1357;1180;593;587
1630;30;2049;15169;6950;6247;1438;534;81;48;33;4086;2142;1944;2913;1553;1360;1173;589;584
1631;30;2050;15242;6981;6277;1448;537;81;48;33;4086;2142;1944;2919;1557;1363;1167;585;581
1632;31;2000;19618;9075;7804;2077;663;166;104;62;3847;2030;1817;2676;1537;1139;1171;493;678
1633;31;2001;19316;8921;7708;2034;654;161;103;58;3872;2047;1825;2701;1535;1166;1171;512;659
1634;31;2002;18480;8448;7451;1951;631;146;95;50;3896;2056;1840;2649;1485;1164;1247;571;676
1635;31;2003;17708;7985;7202;1915;606;135;85;51;3905;2060;1845;2639;1469;1170;1266;591;675
1636;31;2004;16347;7376;6694;1716;562;124;78;45;3912;2064;1848;2550;1410;1140;1362;654;708
1637;31;2005;15861;7134;6486;1696;546;116;73;43;3908;2060;1848;2564;1411;1153;1344;649;695
1638;31;2006;15127;6759;6262;1576;530;111;70;41;3907;2061;1846;2540;1395;1146;1367;666;700
1639;31;2007;14881;6604;6214;1539;524;108;68;40;3901;2056;1845;2558;1401;1157;1343;655;688
1640;31;2008;14792;6544;6212;1513;523;108;65;43;3896;2052;1844;2588;1407;1181;1308;645;663
1641;31;2009;14899;6542;6303;1523;531;106;64;41;3898;2051;1847;2636;1432;1204;1262;619;643
1642;31;2010;14881;6513;6320;1515;533;107;65;41;3897;2057;1840;2660;1438;1221;1237;619;619
1643;31;2011;15312;6710;6506;1549;548;108;67;42;3898;2056;1842;2728;1476;1252;1170;580;590
1644;31;2012;15129;6607;6454;1524;544;107;67;40;3897;2056;1841;2747;1486;1261;1150;570;580
1645;31;2013;14693;6397;6290;1476;530;100;62;38;3894;2056;1838;2752;1490;1262;1142;566;576
1646;31;2014;14602;6341;6269;1463;528;102;62;39;3891;2055;1836;2748;1485;1263;1143;570;573
1647;31;2015;14858;6437;6396;1485;540;103;64;39;3885;2052;1833;2779;1498;1281;1106;554;552
1648;31;2016;15134;6543;6530;1509;551;101;61;40;3884;2052;1832;2801;1503;1298;1083;549;534
1649;31;2017;15525;6700;6714;1545;566;105;62;42;3879;2049;1830;2831;1520;1311;1048;529;519
1650;31;2018;15515;6685;6722;1541;567;104;62;41;3877;2048;1829;2838;1527;1311;1039;521;518
1651;31;2019;15514;6674;6734;1538;569;104;62;42;3875;2047;1828;2837;1523;1314;1038;524;514
1652;31;2020;15673;6733;6813;1551;576;105;63;42;3875;2049;1826;2853;1529;1324;1022;520;502
1653;31;2021;16113;6913;7015;1592;593;105;62;42;3875;2049;1826;2899;1558;1341;976;491;485
1654;31;2022;16164;6927;7046;1596;595;112;68;44;3875;2049;1826;2895;1554;1341;980;495;485
1655;31;2023;15973;6839;6971;1574;589;111;67;45;3875;2049;1826;2888;1552;1336;987;497;490
1656;31;2024;15918;6808;6956;1567;587;107;63;44;3875;2049;1826;2881;1546;1335;994;503;491
1657;31;2025;15960;6820;6980;1570;590;104;61;43;3875;2049;1826;2887;1550;1337;988;499;489
1658;31;2026;15666;6688;6858;1540;579;100;62;39;3875;2049;1826;2868;1540;1328;1007;509;498
1659;31;2027;15577;6645;6825;1531;576;103;61;42;3875;2049;1826;2877;1546;1331;998;503;495
1660;31;2028;15806;6736;6932;1552;585;99;60;39;3875;2049;1826;2890;1549;1341;985;500;485
1661;31;2029;16186;6893;7104;1590;600;102;63;39;3875;2049;1826;2924;1571;1353;951;478;473
1662;31;2030;16242;6911;7134;1594;602;103;63;41;3875;2049;1826;2925;1574;1351;950;475;475
1663;31;2031;16570;7045;7283;1626;615;104;63;42;3875;2049;1826;2943;1584;1360;932;465;466
1664;31;2032;16556;7034;7282;1626;615;101;58;43;3875;2049;1826;2941;1583;1359;934;466;467
1665;31;2033;16454;6986;7241;1616;611;102;62;40;3875;2049;1826;2932;1578;1355;943;471;471
1666;31;2034;16288;6910;7172;1600;606;97;59;39;3875;2049;1826;2919;1570;1349;956;479;477
1667;31;2035;16108;6829;7097;1582;599;99;58;41;3875;2049;1826;2905;1562;1343;970;487;483
1668;31;2036;15926;6747;7021;1565;593;96;57;39;3875;2049;1826;2892;1555;1337;983;494;489
1669;31;2037;15753;6669;6948;1549;587;95;54;41;3875;2049;1826;2878;1547;1331;997;502;495
1670;31;2038;15594;6596;6881;1535;581;95;55;41;3875;2049;1826;2867;1541;1326;1008;508;500
1671;31;2039;15467;6538;6829;1523;577;93;54;38;3875;2049;1826;2857;1536;1322;1018;513;504
1672;31;2040;15360;6488;6784;1515;573;91;53;38;3875;2049;1826;2850;1531;1318;1025;518;508
1673;31;2041;15287;6453;6756;1508;570;93;54;39;3875;2049;1826;2845;1529;1316;1030;520;510
1674;31;2042;15248;6432;6742;1506;568;89;51;38;3875;2049;1826;2842;1527;1315;1033;522;511
1675;31;2043;15234;6421;6739;1507;568;88;51;37;3875;2049;1826;2842;1527;1315;1033;522;511
1676;31;2044;15243;6420;6745;1509;568;87;50;37;3875;2049;1826;2843;1528;1315;1032;521;511
1677;31;2045;15270;6426;6760;1514;570;89;52;37;3875;2049;1826;2846;1530;1316;1029;519;510
1678;31;2046;15313;6440;6782;1520;572;86;51;35;3875;2049;1826;2850;1532;1318;1025;517;508
1679;31;2047;15366;6457;6808;1528;574;91;54;36;3875;2049;1826;2855;1535;1320;1020;514;506
1680;31;2048;15428;6478;6838;1536;576;89;52;36;3875;2049;1826;2861;1539;1322;1014;510;504
1681;31;2049;15495;6501;6871;1545;578;87;53;34;3875;2049;1826;2867;1542;1325;1008;507;501
1682;31;2050;15565;6525;6905;1554;581;87;53;34;3875;2049;1826;2873;1546;1327;1002;503;499
1683;32;2000;18496;7323;7932;2440;801;169;108;61;3602;1914;1688;2539;1473;1066;1063;441;622
1684;32;2001;19314;7661;8341;2472;840;171;110;61;3627;1931;1696;2646;1529;1117;981;402;579
1685;32;2002;18996;7540;8212;2415;829;163;104;59;3649;1941;1708;2663;1522;1140;986;419;568
1686;32;2003;18188;7152;7921;2315;800;155;98;56;3661;1946;1715;2615;1476;1138;1046;470;577
1687;32;2004;17446;6769;7641;2268;768;140;89;52;3670;1952;1718;2599;1457;1141;1071;495;577
1688;32;2005;16103;6264;7095;2028;715;129;82;48;3669;1950;1719;2515;1402;1113;1154;548;606
1689;32;2006;15625;6067;6863;2001;694;125;77;48;3664;1947;1717;2526;1402;1124;1138;545;593
1690;32;2007;14909;5758;6621;1856;674;119;74;45;3664;1946;1718;2503;1385;1118;1161;561;600
1691;32;2008;14672;5632;6564;1809;667;117;72;45;3659;1943;1716;2518;1390;1128;1141;553;588
1692;32;2009;14583;5587;6555;1775;666;115;72;43;3660;1943;1717;2547;1396;1151;1113;547;566
1693;32;2010;14692;5590;6644;1781;676;115;70;46;3662;1949;1713;2592;1420;1172;1070;529;541
1694;32;2011;14675;5572;6657;1768;678;108;67;42;3662;1949;1713;2614;1426;1188;1048;523;525
1695;32;2012;15094;5745;6847;1804;698;114;68;46;3662;1948;1714;2678;1461;1218;984;487;496
1696;32;2013;14917;5665;6789;1771;692;113;69;44;3658;1947;1711;2696;1470;1226;962;477;485
1697;32;2014;14493;5492;6614;1711;675;109;68;41;3658;1947;1711;2701;1474;1227;957;473;484
1698;32;2015;14408;5451;6591;1693;673;107;64;44;3653;1946;1707;2697;1469;1228;956;477;479
1699;32;2016;14660;5538;6721;1714;687;108;65;43;3652;1947;1705;2727;1481;1245;925;466;460
1700;32;2017;14935;5636;6860;1738;702;106;62;43;3650;1945;1705;2747;1486;1261;903;459;444
1701;32;2018;15325;5779;7050;1775;722;112;68;44;3647;1944;1703;2774;1501;1273;873;443;430
1702;32;2019;15319;5773;7058;1767;722;110;66;44;3646;1944;1702;2781;1507;1274;865;437;428
1703;32;2020;15325;5771;7070;1759;725;105;63;42;3645;1944;1701;2780;1503;1277;865;441;424
1704;32;2021;15481;5828;7150;1769;733;110;67;44;3645;1944;1701;2795;1511;1284;850;433;417
1705;32;2022;15917;5991;7359;1812;755;112;69;44;3645;1944;1701;2838;1539;1299;807;405;402
1706;32;2023;15971;6010;7391;1811;759;110;66;44;3645;1944;1701;2835;1534;1300;810;410;401
1707;32;2024;15790;5943;7313;1783;751;106;63;44;3645;1944;1701;2827;1532;1295;818;412;406
1708;32;2025;15740;5923;7296;1772;749;109;66;43;3645;1944;1701;2820;1527;1294;825;417;407
1709;32;2026;15787;5942;7322;1770;753;113;68;45;3645;1944;1701;2827;1531;1296;818;413;405
1710;32;2027;15504;5836;7196;1733;740;107;62;45;3645;1944;1701;2808;1521;1287;837;423;414
1711;32;2028;15423;5807;7162;1718;736;108;65;43;3645;1944;1701;2817;1527;1290;828;417;411
1712;32;2029;15650;5894;7270;1738;747;106;63;43;3645;1944;1701;2829;1530;1299;816;414;402
1713;32;2030;16029;6039;7450;1774;766;108;64;44;3645;1944;1701;2861;1550;1311;784;394;390
1714;32;2031;16093;6064;7483;1776;770;108;63;44;3645;1944;1701;2861;1553;1308;784;391;393
1715;32;2032;16420;6189;7637;1808;786;109;62;47;3645;1944;1701;2879;1562;1317;766;382;384
1716;32;2033;16410;6188;7634;1801;786;106;61;46;3645;1944;1701;2877;1561;1316;768;383;385
1717;32;2034;16315;6154;7592;1787;782;105;62;43;3645;1944;1701;2869;1556;1312;776;388;389
1718;32;2035;16156;6097;7520;1765;774;105;60;45;3645;1944;1701;2856;1549;1307;789;395;394
1719;32;2036;15988;6036;7444;1742;766;101;59;42;3645;1944;1701;2843;1542;1301;802;402;400
1720;32;2037;15813;5972;7364;1719;758;105;61;44;3645;1944;1701;2830;1535;1295;815;409;406
1721;32;2038;15648;5913;7288;1697;750;102;60;41;3645;1944;1701;2818;1528;1290;827;416;411
1722;32;2039;15497;5857;7219;1677;743;103;60;44;3645;1944;1701;2807;1522;1285;838;422;416
1723;32;2040;15377;5815;7164;1660;738;100;57;43;3645;1944;1701;2798;1517;1281;847;427;420
1724;32;2041;15275;5779;7118;1646;733;100;58;42;3645;1944;1701;2791;1513;1278;854;431;423
1725;32;2042;15209;5756;7088;1635;730;98;58;40;3645;1944;1701;2786;1510;1276;859;434;425
1726;32;2043;15177;5747;7073;1629;728;95;55;39;3645;1944;1701;2784;1509;1275;861;435;426
1727;32;2044;15169;5746;7070;1625;728;98;58;40;3645;1944;1701;2784;1509;1275;861;435;426
1728;32;2045;15184;5754;7078;1623;729;96;56;39;3645;1944;1701;2785;1510;1275;860;434;426
1729;32;2046;15218;5770;7094;1624;730;93;54;38;3645;1944;1701;2788;1512;1276;857;432;425
1730;32;2047;15261;5789;7115;1625;733;95;56;40;3645;1944;1701;2791;1514;1278;854;430;423
1731;32;2048;15318;5812;7142;1629;735;94;53;41;3645;1944;1701;2796;1516;1279;849;428;422
1732;32;2049;15385;5841;7173;1633;739;94;54;40;3645;1944;1701;2801;1520;1282;844;424;419
1733;32;2050;15460;5871;7208;1638;742;94;54;40;3645;1944;1701;2807;1523;1284;838;421;417
1734;33;2000;16531;5772;7329;2513;916;184;118;66;3358;1794;1564;2421;1413;1008;937;381;556
1735;33;2001;17086;6021;7574;2564;927;183;116;67;3378;1812;1566;2497;1455;1042;881;357;524
1736;33;2002;17906;6302;8035;2596;973;189;119;70;3402;1821;1581;2591;1504;1087;811;317;494
1737;33;2003;17666;6208;7963;2536;960;177;111;67;3411;1826;1585;2608;1499;1110;803;327;475
1738;33;2004;16976;5896;7722;2430;928;171;107;64;3418;1830;1588;2556;1452;1103;862;378;485
1739;33;2005;16337;5588;7477;2380;892;160;99;61;3417;1830;1587;2541;1434;1107;876;396;480
1740;33;2006;15106;5181;6965;2130;830;147;92;56;3417;1830;1587;2462;1381;1081;955;449;506
1741;33;2007;14681;5023;6752;2101;805;141;87;54;3414;1827;1587;2472;1381;1091;942;446;496
1742;33;2008;14029;4773;6524;1949;783;135;83;52;3412;1827;1585;2449;1365;1084;963;462;501
1743;33;2009;13824;4675;6476;1898;775;132;80;51;3412;1825;1587;2462;1369;1093;950;456;494
1744;33;2010;13748;4641;6471;1862;774;123;75;48;3418;1832;1586;2490;1375;1115;928;457;471
1745;33;2011;13860;4647;6560;1867;786;127;75;52;3417;1832;1585;2531;1396;1135;886;436;450
1746;33;2012;13855;4637;6576;1853;788;128;76;52;3417;1832;1585;2553;1402;1151;864;430;434
1747;33;2013;14245;4784;6761;1888;811;129;79;50;3419;1834;1585;2612;1434;1178;807;400;407
1748;33;2014;14088;4723;6706;1854;805;128;77;51;3416;1834;1582;2629;1443;1186;787;391;396
1749;33;2015;13695;4584;6534;1791;785;119;70;49;3413;1833;1580;2634;1447;1187;779;386;393
1750;33;2016;13622;4555;6512;1771;783;123;74;49;3410;1832;1578;2630;1442;1188;780;390;390
1751;33;2017;13865;4633;6640;1792;800;122;73;49;3410;1831;1579;2657;1453;1205;753;378;374
1752;33;2018;14129;4719;6777;1816;817;123;73;50;3407;1831;1576;2676;1457;1219;731;374;357
1753;33;2019;14496;4841;6961;1853;840;125;73;52;3408;1832;1576;2702;1471;1231;706;361;345
1754;33;2020;14502;4843;6972;1844;843;124;74;50;3408;1833;1575;2708;1477;1231;700;356;344
1755;33;2021;14509;4847;6982;1836;844;125;74;51;3408;1833;1575;2707;1475;1232;701;358;343
1756;33;2022;14662;4900;7061;1846;854;127;74;53;3408;1833;1575;2721;1482;1239;687;351;336
1757;33;2023;15079;5043;7266;1890;880;128;76;52;3408;1833;1575;2761;1508;1253;647;325;322
1758;33;2024;15135;5065;7298;1888;884;125;75;50;3408;1833;1575;2758;1504;1254;650;329;321
1759;33;2025;14971;5014;7222;1859;876;125;75;50;3408;1833;1575;2751;1502;1249;657;331;326
1760;33;2026;14929;5004;7205;1846;874;123;72;51;3408;1833;1575;2744;1496;1248;664;337;327
1761;33;2027;14979;5025;7231;1844;878;122;71;51;3408;1833;1575;2750;1500;1250;658;333;325
1762;33;2028;14716;4942;7106;1805;863;122;72;51;3408;1833;1575;2733;1491;1242;675;342;333
1763;33;2029;14644;4923;7073;1788;860;120;69;52;3408;1833;1575;2741;1497;1244;667;336;331
1764;33;2030;14865;5003;7180;1809;873;122;71;50;3408;1833;1575;2752;1499;1253;656;334;322
1765;33;2031;15229;5131;7356;1846;896;124;74;50;3408;1833;1575;2782;1518;1264;626;315;311
1766;33;2032;15289;5157;7386;1846;900;123;71;52;3408;1833;1575;2783;1521;1261;625;312;314
1767;33;2033;15610;5272;7540;1879;920;123;74;49;3408;1833;1575;2799;1530;1269;609;303;306
1768;33;2034;15599;5274;7535;1870;919;122;71;51;3408;1833;1575;2797;1529;1268;611;304;307
1769;33;2035;15516;5253;7495;1854;914;120;69;52;3408;1833;1575;2790;1524;1265;618;309;310
1770;33;2036;15372;5211;7424;1831;907;121;71;50;3408;1833;1575;2778;1518;1260;630;315;315
1771;33;2037;15220;5165;7350;1808;897;120;69;51;3408;1833;1575;2766;1511;1255;642;322;320
1772;33;2038;15059;5117;7271;1783;888;114;66;48;3408;1833;1575;2753;1504;1249;655;329;326
1773;33;2039;14910;5073;7197;1760;880;113;65;48;3408;1833;1575;2742;1497;1244;666;336;331
1774;33;2040;14774;5033;7130;1739;872;108;63;45;3408;1833;1575;2731;1492;1240;677;341;335
1775;33;2041;14667;5003;7077;1722;865;109;65;43;3408;1833;1575;2723;1487;1236;685;346;339
1776;33;2042;14574;4977;7031;1706;861;107;63;44;3408;1833;1575;2717;1483;1233;691;350;342
1777;33;2043;14516;4964;7001;1694;857;104;60;44;3408;1833;1575;2712;1481;1231;696;352;344
1778;33;2044;14491;4962;6987;1686;855;105;60;45;3408;1833;1575;2710;1480;1230;698;353;345
1779;33;2045;14485;4967;6983;1681;855;103;60;43;3408;1833;1575;2710;1480;1230;698;353;345
1780;33;2046;14505;4980;6990;1679;856;106;61;44;3408;1833;1575;2711;1481;1231;697;352;344
1781;33;2047;14544;5000;7006;1679;859;105;60;44;3408;1833;1575;2714;1482;1232;694;351;343
1782;33;2048;14591;5023;7027;1680;861;106;62;44;3408;1833;1575;2717;1484;1233;691;349;342
1783;33;2049;14653;5050;7055;1683;865;106;61;46;3408;1833;1575;2722;1487;1235;686;346;340
1784;33;2050;14722;5082;7086;1686;869;107;61;46;3408;1833;1575;2727;1490;1237;681;343;338
1785;34;2000;14594;4446;6435;2661;1053;205;127;78;3105;1671;1434;2327;1395;932;778;276;502
1786;34;2001;14925;4650;6638;2584;1053;196;124;73;3128;1687;1441;2369;1387;982;759;300;459
1787;34;2002;15439;4853;6885;2635;1067;193;121;72;3145;1693;1452;2435;1423;1012;710;270;440
1788;34;2003;16183;5081;7318;2666;1119;201;125;76;3155;1700;1455;2525;1470;1055;630;230;400
1789;34;2004;15982;5011;7265;2603;1103;191;119;73;3165;1706;1459;2535;1462;1073;630;244;386
1790;34;2005;15377;4763;7051;2496;1068;181;111;70;3164;1706;1458;2485;1418;1067;679;288;391
1791;34;2006;14817;4518;6830;2443;1026;170;103;67;3164;1706;1458;2472;1401;1071;692;305;387
1792;34;2007;13702;4193;6366;2187;955;156;93;62;3161;1704;1457;2398;1351;1046;763;353;411
1793;34;2008;13327;4069;6172;2157;928;147;90;57;3161;1703;1458;2406;1350;1055;755;353;403
1794;34;2009;12737;3869;5964;2001;903;141;84;57;3163;1704;1459;2383;1334;1049;780;370;410
1795;34;2010;12551;3793;5918;1948;893;138;83;56;3163;1707;1456;2395;1337;1058;768;370;398
1796;34;2011;12480;3767;5912;1909;892;136;83;54;3167;1711;1456;2422;1343;1079;745;368;377
1797;34;2012;12587;3775;5991;1915;906;137;82;55;3167;1711;1456;2461;1363;1097;706;348;359
1798;34;2013;12580;3769;6004;1898;909;135;79;57;3167;1712;1455;2480;1369;1112;687;343;343
1799;34;2014;12932;3891;6172;1934;936;139;81;57;3165;1710;1455;2536;1398;1137;629;312;318
1800;34;2015;12787;3842;6119;1897;929;137;82;56;3163;1711;1452;2550;1406;1144;613;305;308
1801;34;2016;12435;3733;5964;1833;906;135;80;54;3162;1710;1452;2555;1409;1146;607;301;306
1802;34;2017;12371;3712;5943;1812;905;130;76;54;3160;1710;1450;2552;1405;1147;608;305;303
1803;34;2018;12590;3777;6057;1832;923;133;79;55;3160;1712;1448;2578;1415;1163;582;297;285
1804;34;2019;12827;3849;6180;1856;943;135;78;57;3161;1712;1449;2595;1418;1177;566;294;272
1805;34;2020;13162;3951;6348;1893;969;136;80;56;3161;1712;1449;2619;1432;1187;542;280;262
1806;34;2021;13167;3956;6355;1883;973;140;80;60;3161;1712;1449;2624;1439;1186;537;273;263
1807;34;2022;13176;3962;6366;1874;975;135;77;58;3161;1712;1449;2624;1437;1187;537;275;262
1808;34;2023;13316;4008;6437;1883;987;135;79;56;3161;1712;1449;2636;1443;1193;525;269;256
1809;34;2024;13692;4126;6622;1927;1017;136;80;56;3161;1712;1449;2674;1468;1206;487;244;243
1810;34;2025;13747;4148;6652;1925;1023;139;80;59;3161;1712;1449;2671;1464;1207;490;248;242
1811;34;2026;13600;4109;6583;1895;1013;132;75;57;3161;1712;1449;2665;1462;1202;496;250;247
1812;34;2027;13563;4105;6567;1881;1011;135;75;61;3161;1712;1449;2658;1457;1201;503;255;248
1813;34;2028;13609;4125;6590;1878;1015;134;77;57;3161;1712;1449;2664;1461;1203;497;251;246
1814;34;2029;13373;4060;6477;1837;999;129;73;55;3161;1712;1449;2648;1452;1196;513;260;253
1815;34;2030;13308;4047;6445;1820;995;130;76;54;3161;1712;1449;2655;1457;1198;506;255;251
1816;34;2031;13508;4115;6542;1839;1012;130;74;56;3161;1712;1449;2666;1460;1206;495;252;243
1817;34;2032;13836;4222;6702;1876;1036;135;77;59;3161;1712;1449;2694;1478;1216;467;234;233
1818;34;2033;13900;4249;6731;1877;1042;132;76;56;3161;1712;1449;2694;1480;1214;467;232;235
1819;34;2034;14188;4345;6870;1909;1065;133;76;57;3161;1712;1449;2710;1489;1221;451;223;228
1820;34;2035;14184;4352;6867;1900;1065;134;77;57;3161;1712;1449;2708;1488;1220;453;224;229
1821;34;2036;14110;4338;6830;1883;1060;129;74;56;3161;1712;1449;2701;1484;1217;460;228;232
1822;34;2037;13982;4307;6766;1858;1051;130;73;56;3161;1712;1449;2690;1477;1213;471;235;236
1823;34;2038;13845;4272;6698;1834;1041;126;73;54;3161;1712;1449;2679;1471;1208;482;241;241
1824;34;2039;13702;4236;6627;1809;1030;123;70;53;3161;1712;1449;2667;1464;1203;494;248;246
1825;34;2040;13569;4203;6561;1785;1021;125;71;54;3161;1712;1449;2656;1458;1198;505;254;251
1826;34;2041;13445;4173;6498;1762;1012;123;70;53;3161;1712;1449;2647;1453;1194;514;259;255
1827;34;2042;13350;4151;6450;1743;1005;120;67;53;3161;1712;1449;2639;1449;1191;522;263;258
1828;34;2043;13267;4133;6409;1726;999;120;69;52;3161;1712;1449;2633;1445;1188;528;267;261
1829;34;2044;13218;4126;6382;1715;996;119;66;52;3161;1712;1449;2629;1443;1186;532;269;263
1830;34;2045;13195;4127;6369;1706;994;119;66;52;3161;1712;1449;2627;1442;1185;534;270;264
1831;34;2046;13195;4135;6366;1700;994;116;65;51;3161;1712;1449;2627;1442;1185;534;270;264
1832;34;2047;13218;4150;6374;1698;997;116;66;50;3161;1712;1449;2628;1443;1185;533;269;264
1833;34;2048;13251;4169;6387;1697;999;117;66;50;3161;1712;1449;2630;1444;1186;531;268;263
1834;34;2049;13301;4192;6408;1698;1003;118;67;52;3161;1712;1449;2634;1446;1187;527;266;262
1835;34;2050;13355;4218;6431;1700;1007;118;67;52;3161;1712;1449;2638;1448;1189;523;264;260
1836;35;2000;12629;3502;5335;2720;1073;231;142;89;2853;1545;1308;2268;1358;910;585;187;398
1837;35;2001;12587;3455;5424;2640;1068;225;139;86;2873;1561;1312;2269;1359;910;604;202;402
1838;35;2002;12740;3545;5526;2594;1075;218;133;85;2891;1570;1321;2302;1348;954;589;222;367
1839;35;2003;13006;3650;5681;2590;1085;215;130;86;2903;1577;1326;2367;1384;983;536;193;343
1840;35;2004;13648;3836;5997;2667;1148;218;129;89;2910;1581;1329;2445;1424;1020;465;157;309
1841;35;2005;13420;3785;5923;2579;1133;209;122;87;2912;1582;1330;2455;1417;1038;457;165;292
1842;35;2006;12944;3667;5729;2449;1099;197;117;80;2909;1581;1328;2409;1377;1032;500;204;296
1843;35;2007;12476;3559;5535;2327;1054;191;113;78;2909;1581;1328;2396;1360;1036;513;221;292
1844;35;2008;11573;3304;5150;2134;985;175;102;72;2910;1580;1330;2327;1313;1014;583;267;316
1845;35;2009;11169;3187;4985;2037;959;170;99;71;2909;1581;1328;2334;1312;1022;575;269;306
1846;35;2010;10792;3096;4814;1942;940;156;90;66;2915;1587;1328;2313;1296;1017;602;291;311
1847;35;2011;10684;3084;4771;1902;927;158;93;65;2914;1588;1326;2323;1299;1024;591;289;302
1848;35;2012;10652;3085;4763;1877;927;153;87;66;2917;1589;1328;2349;1305;1045;568;284;283
1849;35;2013;10784;3139;4823;1880;942;154;90;64;2918;1592;1326;2384;1323;1062;534;269;264
1850;35;2014;10789;3150;4830;1865;944;150;87;63;2916;1589;1327;2403;1327;1075;513;262;252
1851;35;2015;11060;3230;4962;1897;971;156;89;67;2915;1590;1325;2454;1355;1099;461;235;226
1852;35;2016;10955;3209;4917;1863;965;153;86;67;2914;1591;1323;2467;1362;1105;447;229;218
1853;35;2017;10666;3132;4793;1800;941;145;83;62;2915;1593;1322;2472;1365;1107;443;228;215
1854;35;2018;10620;3126;4775;1779;940;146;82;64;2913;1592;1321;2469;1360;1109;444;232;212
1855;35;2019;10811;3190;4865;1797;959;147;82;64;2915;1593;1322;2493;1370;1124;422;223;198
1856;35;2020;11016;3257;4962;1818;979;147;84;64;2914;1593;1321;2510;1373;1137;404;220;184
1857;35;2021;11306;3348;5096;1854;1007;152;84;69;2914;1593;1321;2532;1387;1145;382;206;176
1858;35;2022;11313;3356;5103;1843;1010;149;85;63;2914;1593;1321;2537;1394;1143;377;199;178
1859;35;2023;11321;3363;5111;1834;1013;149;84;65;2914;1593;1321;2536;1392;1144;378;201;177
1860;35;2024;11438;3402;5168;1843;1025;149;84;66;2914;1593;1321;2548;1398;1150;366;195;171
1861;35;2025;11755;3501;5315;1884;1054;150;81;69;2914;1593;1321;2583;1421;1162;331;172;159
1862;35;2026;11797;3518;5339;1880;1060;151;86;65;2914;1593;1321;2580;1418;1163;334;175;158
1863;35;2027;11668;3482;5284;1851;1050;152;85;67;2914;1593;1321;2575;1416;1158;339;177;163
1864;35;2028;11627;3474;5270;1836;1048;148;82;65;2914;1593;1321;2568;1411;1157;346;182;164
1865;35;2029;11661;3486;5289;1833;1053;150;84;66;2914;1593;1321;2574;1415;1159;340;178;162
1866;35;2030;11455;3428;5199;1793;1036;142;79;63;2914;1593;1321;2558;1406;1152;356;187;169
1867;35;2031;11393;3412;5175;1775;1031;143;80;64;2914;1593;1321;2566;1411;1154;348;182;167
1868;35;2032;11553;3462;5251;1793;1046;143;79;64;2914;1593;1321;2576;1414;1162;338;179;159
1869;35;2033;11828;3547;5379;1829;1073;144;82;63;2914;1593;1321;2602;1430;1171;312;163;150
1870;35;2034;11870;3562;5402;1829;1077;147;81;66;2914;1593;1321;2602;1433;1169;312;160;152
1871;35;2035;12105;3634;5512;1860;1099;149;82;67;2914;1593;1321;2617;1441;1176;297;152;145
1872;35;2036;12095;3632;5511;1852;1100;143;79;63;2914;1593;1321;2615;1440;1175;299;153;146
1873;35;2037;12023;3613;5481;1835;1094;146;80;66;2914;1593;1321;2609;1436;1173;305;157;148
1874;35;2038;11905;3578;5431;1812;1084;145;81;64;2914;1593;1321;2598;1430;1168;316;163;153
1875;35;2039;11779;3542;5376;1788;1073;142;79;63;2914;1593;1321;2588;1424;1164;326;169;157
1876;35;2040;11650;3504;5320;1763;1062;141;78;63;2914;1593;1321;2577;1418;1159;337;175;162
1877;35;2041;11525;3468;5265;1739;1052;134;75;59;2914;1593;1321;2567;1412;1155;347;181;166
1878;35;2042;11413;3435;5217;1719;1043;134;73;60;2914;1593;1321;2558;1407;1151;356;186;170
1879;35;2043;11324;3410;5178;1700;1035;130;72;58;2914;1593;1321;2551;1403;1148;363;190;173
1880;35;2044;11245;3387;5145;1685;1028;132;73;60;2914;1593;1321;2545;1400;1145;369;193;176
1881;35;2045;11196;3373;5124;1675;1024;131;71;60;2914;1593;1321;2541;1398;1143;373;195;178
1882;35;2046;11167;3365;5113;1667;1022;129;72;57;2914;1593;1321;2540;1397;1143;374;196;178
1883;35;2047;11158;3362;5111;1663;1022;132;72;59;2914;1593;1321;2540;1397;1143;374;196;178
1884;35;2048;11167;3366;5117;1660;1023;129;71;58;2914;1593;1321;2541;1398;1143;373;195;178
1885;35;2049;11185;3372;5128;1660;1025;128;70;58;2914;1593;1321;2543;1399;1144;371;194;177
1886;35;2050;11214;3381;5143;1662;1028;128;70;58;2914;1593;1321;2546;1401;1145;368;192;176
1887;36;2000;9785;2600;3994;2107;1085;247;147;100;2611;1424;1187;2207;1315;892;404;109;295
1888;36;2001;9875;2689;4073;2043;1070;238;144;95;2626;1435;1191;2202;1315;887;424;120;304
1889;36;2002;9745;2654;4029;1997;1065;228;134;94;2643;1443;1200;2198;1313;886;445;130;314
1890;36;2003;9815;2723;4044;1975;1073;222;130;92;2655;1450;1205;2229;1303;926;426;147;279
1891;36;2004;9986;2803;4117;1984;1082;222;131;91;2660;1454;1206;2285;1334;951;375;120;255
1892;36;2005;10463;2946;4316;2057;1144;229;134;95;2662;1456;1206;2359;1372;987;303;84;219
1893;36;2006;10281;2907;4240;2004;1131;217;127;89;2661;1456;1205;2369;1366;1003;292;90;202
1894;36;2007;9917;2817;4089;1915;1097;207;119;88;2660;1456;1204;2327;1328;999;333;128;205
1895;36;2008;9562;2733;3943;1833;1053;197;113;84;2661;1457;1204;2315;1312;1003;346;145;201
1896;36;2009;8876;2538;3662;1693;983;177;100;77;2662;1457;1205;2251;1268;983;411;189;222
1897;36;2010;8581;2450;3545;1627;959;172;98;73;2664;1460;1204;2257;1267;990;407;193;214
1898;36;2011;8305;2380;3424;1562;938;163;93;71;2668;1464;1204;2237;1252;985;431;212;219
1899;36;2012;8238;2371;3402;1539;926;165;94;71;2668;1463;1205;2246;1254;992;422;209;213
1900;36;2013;8231;2372;3402;1530;927;160;89;70;2668;1465;1203;2271;1259;1012;397;206;191
1901;36;2014;8351;2415;3451;1544;941;158;91;67;2669;1466;1203;2303;1276;1028;366;190;175
1902;36;2015;8364;2422;3460;1539;943;158;88;71;2670;1467;1203;2320;1280;1040;350;187;163
1903;36;2016;8588;2483;3559;1575;971;160;90;69;2670;1468;1202;2368;1305;1062;302;163;140
1904;36;2017;8524;2467;3535;1557;965;155;87;69;2670;1468;1202;2380;1311;1069;290;157;133
1905;36;2018;8311;2409;3448;1514;941;153;85;68;2667;1467;1200;2384;1314;1071;283;153;129
1906;36;2019;8286;2404;3438;1504;940;151;85;66;2669;1469;1200;2381;1309;1072;288;160;128
1907;36;2020;8445;2453;3504;1529;959;152;84;69;2673;1472;1201;2405;1318;1086;268;154;115
1908;36;2021;8617;2505;3577;1556;980;155;85;70;2673;1472;1201;2420;1323;1097;253;149;104
1909;36;2022;8853;2576;3676;1594;1007;156;85;71;2673;1472;1201;2440;1337;1104;233;135;97
1910;36;2023;8869;2581;3683;1594;1011;158;85;73;2673;1472;1201;2445;1343;1102;228;129;99
1911;36;2024;8885;2588;3689;1594;1013;155;84;71;2673;1472;1201;2444;1341;1103;229;131;98
1912;36;2025;8982;2616;3731;1609;1025;155;83;72;2673;1472;1201;2455;1347;1108;218;125;93
1913;36;2026;9240;2692;3839;1653;1056;161;88;74;2673;1472;1201;2488;1369;1119;185;103;82
1914;36;2027;9284;2707;3858;1658;1062;160;87;73;2673;1472;1201;2486;1365;1120;187;107;81
1915;36;2028;9189;2679;3820;1639;1052;156;84;72;2673;1472;1201;2480;1364;1116;193;108;85
1916;36;2029;9167;2673;3811;1633;1049;155;85;70;2673;1472;1201;2474;1359;1115;199;113;86
1917;36;2030;9203;2684;3826;1638;1054;155;84;71;2673;1472;1201;2480;1363;1117;193;109;84
1918;36;2031;9049;2639;3764;1608;1038;151;81;70;2673;1472;1201;2465;1355;1110;208;117;91
1919;36;2032;9006;2627;3747;1599;1033;151;81;70;2673;1472;1201;2472;1359;1113;201;113;88
1920;36;2033;9141;2666;3804;1622;1049;150;81;70;2673;1472;1201;2481;1362;1120;192;110;81
1921;36;2034;9360;2730;3895;1660;1074;152;81;71;2673;1472;1201;2506;1377;1128;167;95;73
1922;36;2035;9401;2742;3913;1666;1080;150;80;69;2673;1472;1201;2506;1380;1126;167;92;75
1923;36;2036;9593;2798;3994;1698;1102;152;83;68;2673;1472;1201;2520;1387;1133;153;85;68
1924;36;2037;9593;2797;3995;1698;1103;156;83;72;2673;1472;1201;2519;1386;1132;154;86;69
1925;36;2038;9541;2782;3974;1688;1097;153;81;72;2673;1472;1201;2513;1383;1130;160;89;71
1926;36;2039;9453;2756;3938;1671;1088;151;81;70;2673;1472;1201;2503;1377;1126;170;95;75
1927;36;2040;9358;2729;3899;1654;1077;151;81;71;2673;1472;1201;2493;1372;1121;180;100;80
1928;36;2041;9261;2700;3859;1636;1066;145;80;65;2673;1472;1201;2483;1366;1117;190;106;84
1929;36;2042;9171;2674;3822;1619;1055;145;78;67;2673;1472;1201;2474;1361;1113;199;111;88
1930;36;2043;9086;2649;3787;1603;1047;139;76;63;2673;1472;1201;2466;1356;1110;207;116;91
1931;36;2044;9019;2629;3760;1591;1039;142;77;65;2673;1472;1201;2459;1352;1107;214;120;94
1932;36;2045;8962;2612;3737;1580;1032;137;74;63;2673;1472;1201;2454;1349;1104;219;123;97
1933;36;2046;8926;2601;3723;1574;1028;134;74;61;2673;1472;1201;2450;1347;1103;223;125;98
1934;36;2047;8907;2595;3715;1570;1026;133;72;61;2673;1472;1201;2449;1347;1102;224;125;99
1935;36;2048;8904;2594;3715;1569;1027;133;71;62;2673;1472;1201;2449;1347;1102;224;125;99
1936;36;2049;8914;2597;3719;1570;1028;133;72;61;2673;1472;1201;2450;1347;1102;223;125;99
1937;36;2050;8934;2602;3728;1574;1030;133;72;61;2673;1472;1201;2452;1349;1103;221;123;98
1938;37;2000;7368;1816;2904;1680;969;269;157;112;2373;1301;1072;2035;1212;824;338;89;248
1939;37;2001;7793;1951;3144;1706;992;267;158;109;2389;1314;1075;2132;1266;866;257;48;209
1940;37;2002;7874;2020;3202;1673;979;256;150;106;2405;1322;1083;2123;1263;860;282;59;223
1941;37;2003;7784;1994;3163;1651;976;247;144;102;2414;1327;1087;2121;1261;860;293;66;227
1942;37;2004;7845;2046;3170;1648;981;242;139;103;2421;1333;1088;2144;1250;894;277;83;194
1943;37;2005;7988;2108;3222;1668;990;241;137;104;2421;1333;1088;2197;1279;918;224;54;170
1944;37;2006;8379;2217;3371;1743;1048;243;140;103;2421;1333;1088;2267;1315;952;154;18;136
1945;37;2007;8238;2187;3307;1709;1035;237;135;102;2421;1334;1087;2276;1309;968;145;25;119
1946;37;2008;7957;2121;3186;1645;1005;227;129;98;2420;1333;1087;2238;1274;964;182;59;123
1947;37;2009;7672;2058;3067;1583;964;216;121;95;2424;1335;1089;2227;1259;968;197;76;121
1948;37;2010;7131;1914;2845;1471;901;197;112;85;2426;1339;1087;2167;1218;949;259;121;138
1949;37;2011;6899;1848;2751;1421;878;188;104;84;2428;1341;1087;2173;1216;957;255;125;130
1950;37;2012;6679;1796;2653;1371;860;179;100;79;2429;1343;1086;2154;1202;952;275;141;134
1951;37;2013;6630;1790;2633;1358;849;176;98;78;2432;1345;1087;2162;1203;958;270;142;129
1952;37;2014;6622;1791;2628;1354;849;175;96;80;2429;1345;1084;2185;1208;977;244;137;107
1953;37;2015;6718;1824;2662;1371;862;177;97;80;2431;1346;1085;2215;1223;992;216;123;93
1954;37;2016;6734;1831;2666;1372;865;172;93;79;2433;1346;1087;2230;1227;1004;203;119;83
1955;37;2017;6911;1877;2736;1408;890;175;95;80;2430;1347;1083;2274;1250;1024;156;97;59
1956;37;2018;6863;1866;2716;1397;884;171;92;79;2433;1349;1084;2285;1255;1030;148;94;54
1957;37;2019;6691;1823;2644;1361;864;169;91;78;2433;1349;1084;2289;1257;1032;144;92;52
1958;37;2020;6668;1820;2632;1355;861;166;91;75;2437;1351;1086;2287;1253;1034;150;98;52
1959;37;2021;6797;1857;2679;1381;880;169;90;78;2437;1351;1086;2308;1264;1045;129;87;41
1960;37;2022;6933;1898;2730;1408;898;167;89;78;2437;1351;1086;2323;1268;1054;114;83;32
1961;37;2023;7123;1951;2802;1446;924;173;93;80;2437;1351;1086;2341;1281;1061;96;70;25
1962;37;2024;7135;1957;2803;1448;927;171;94;77;2437;1351;1086;2346;1286;1059;91;65;27
1963;37;2025;7144;1962;2804;1449;929;170;92;78;2437;1351;1086;2345;1285;1060;92;66;26
1964;37;2026;7225;1986;2833;1466;940;172;93;79;2437;1351;1086;2355;1290;1065;82;61;21
1965;37;2027;7430;2045;2910;1507;968;177;95;82;2437;1351;1086;2386;1311;1075;51;40;11
1966;37;2028;7462;2055;2920;1514;974;176;94;82;2437;1351;1086;2384;1308;1076;53;43;10
1967;37;2029;7388;2036;2888;1498;965;173;91;81;2437;1351;1086;2379;1306;1072;58;45;14
1968;37;2030;7369;2032;2877;1496;964;169;89;80;2437;1351;1086;2373;1302;1071;64;49;15
1969;37;2031;7395;2042;2885;1501;968;166;89;77;2437;1351;1086;2378;1305;1073;59;46;13
1970;37;2032;7270;2009;2833;1476;952;167;89;78;2437;1351;1086;2365;1298;1067;72;53;19
1971;37;2033;7232;2000;2816;1468;948;161;85;76;2437;1351;1086;2371;1302;1069;66;49;17
1972;37;2034;7341;2031;2856;1491;964;163;86;78;2437;1351;1086;2380;1304;1076;57;47;10
1973;37;2035;7515;2081;2921;1526;987;166;87;79;2437;1351;1086;2403;1319;1084;34;32;2
1974;37;2036;7546;2091;2930;1533;992;167;89;78;2437;1351;1086;2403;1321;1082;34;30;4
1975;37;2037;7700;2135;2987;1564;1014;172;90;82;2437;1351;1086;2417;1328;1088;20;23;-2
1976;37;2038;7693;2134;2982;1563;1013;166;87;79;2437;1351;1086;2415;1328;1088;22;23;-2
1977;37;2039;7651;2124;2963;1555;1009;169;89;80;2437;1351;1086;2410;1324;1085;27;27;1
1978;37;2040;7579;2106;2932;1541;1000;163;85;78;2437;1351;1086;2401;1319;1081;36;32;5
1979;37;2041;7501;2086;2899;1526;990;163;86;77;2437;1351;1086;2392;1314;1078;45;37;8
1980;37;2042;7422;2065;2866;1510;981;161;85;76;2437;1351;1086;2382;1309;1074;55;42;12
1981;37;2043;7346;2045;2835;1495;971;157;84;73;2437;1351;1086;2374;1304;1070;63;47;16
1982;37;2044;7276;2027;2805;1481;963;156;82;74;2437;1351;1086;2366;1299;1067;71;52;19
1983;37;2045;7218;2012;2781;1470;956;157;83;74;2437;1351;1086;2360;1296;1064;77;55;22
1984;37;2046;7170;2000;2760;1460;950;154;81;73;2437;1351;1086;2355;1293;1062;82;58;24
1985;37;2047;7140;1993;2746;1455;946;152;80;72;2437;1351;1086;2352;1291;1060;85;60;26
1986;37;2048;7123;1989;2737;1452;945;153;79;73;2437;1351;1086;2350;1291;1060;87;60;26
1987;37;2049;7117;1989;2732;1451;945;148;78;70;2437;1351;1086;2350;1291;1060;87;60;26
1988;37;2050;7123;1992;2733;1453;946;148;78;70;2437;1351;1086;2351;1291;1060;86;60;26
1989;38;2000;5230;1292;1939;1148;850;275;158;117;2150;1185;965;1901;1127;774;249;58;191
1990;38;2001;5561;1375;2102;1210;874;271;157;114;2168;1197;971;1964;1165;799;204;32;172
1991;38;2002;5920;1478;2278;1269;895;268;154;115;2180;1204;976;2047;1211;836;133;-7;140
1992;38;2003;6012;1531;2320;1278;884;265;151;114;2190;1211;979;2041;1210;831;149;1;148
1993;38;2004;5973;1511;2292;1289;881;249;143;107;2194;1214;980;2034;1205;829;160;9;151
1994;38;2005;6046;1551;2298;1311;886;242;137;105;2195;1216;979;2054;1194;860;141;22;119
1995;38;2006;6171;1597;2334;1348;892;245;138;107;2193;1214;979;2105;1222;883;88;-8;96
1996;38;2007;6493;1679;2443;1427;945;255;142;113;2193;1215;978;2172;1256;915;21;-41;63
1997;38;2008;6400;1656;2397;1415;932;245;136;109;2195;1216;979;2181;1250;930;14;-34;49
1998;38;2009;6196;1607;2309;1375;905;232;129;104;2198;1218;980;2145;1218;927;53;0;53
1999;38;2010;5988;1560;2224;1336;869;217;119;98;2198;1221;977;2135;1204;931;63;17;46
2000;38;2011;5576;1451;2063;1249;813;204;110;94;2202;1223;979;2080;1165;915;122;58;64
2001;38;2012;5401;1401;1995;1214;792;195;107;88;2202;1224;978;2085;1163;921;117;61;57
2002;38;2013;5240;1362;1925;1177;776;184;100;84;2205;1226;979;2065;1149;917;140;77;62
2003;38;2014;5204;1357;1911;1171;765;181;97;84;2207;1228;979;2072;1150;922;135;78;57
2004;38;2015;5202;1358;1906;1172;766;180;96;84;2205;1228;977;2094;1154;940;111;74;37
2005;38;2016;5282;1383;1932;1189;777;181;97;84;2208;1230;978;2121;1167;954;87;63;24
2006;38;2017;5298;1388;1935;1194;780;177;94;82;2206;1229;977;2135;1171;965;71;58;12
2007;38;2018;5440;1423;1987;1228;802;179;95;84;2208;1231;977;2175;1192;984;33;39;-7
2008;38;2019;5404;1415;1971;1220;798;180;92;87;2209;1232;977;2185;1196;989;24;36;-12
2009;38;2020;5268;1381;1919;1190;778;174;94;80;2211;1233;978;2189;1198;991;22;35;-13
2010;38;2021;5258;1381;1911;1188;777;173;92;81;2211;1233;978;2186;1196;990;25;37;-12
2011;38;2022;5357;1408;1945;1211;793;177;93;84;2211;1233;978;2206;1206;1001;5;27;-23
2012;38;2023;5469;1439;1984;1236;809;173;90;84;2211;1233;978;2220;1210;1010;-9;23;-32
2013;38;2024;5620;1480;2035;1272;833;175;93;82;2211;1233;978;2237;1222;1016;-26;11;-38
2014;38;2025;5630;1484;2036;1274;835;175;92;83;2211;1233;978;2241;1227;1014;-30;6;-36
2015;38;2026;5640;1489;2038;1276;838;176;92;85;2211;1233;978;2240;1226;1015;-29;7;-37
2016;38;2027;5708;1508;2060;1292;848;174;91;82;2211;1233;978;2250;1231;1019;-39;2;-41
2017;38;2028;5867;1551;2115;1329;873;184;95;88;2211;1233;978;2279;1250;1029;-68;-17;-51
2018;38;2029;5897;1560;2123;1335;878;178;93;85;2211;1233;978;2277;1247;1030;-66;-14;-52
2019;38;2030;5839;1546;2100;1322;870;178;92;86;2211;1233;978;2272;1246;1026;-61;-13;-48
2020;38;2031;5824;1543;2093;1319;869;175;91;84;2211;1233;978;2267;1241;1025;-56;-8;-47
2021;38;2032;5845;1549;2099;1324;873;178;91;88;2211;1233;978;2272;1245;1027;-61;-12;-49
2022;38;2033;5745;1524;2061;1302;859;170;87;83;2211;1233;978;2259;1238;1021;-48;-5;-43
2023;38;2034;5718;1518;2049;1296;856;171;88;84;2211;1233;978;2265;1242;1024;-54;-9;-46
2024;38;2035;5806;1542;2079;1316;869;171;87;84;2211;1233;978;2274;1244;1030;-63;-11;-52
2025;38;2036;5943;1580;2126;1347;891;175;91;84;2211;1233;978;2295;1258;1037;-84;-25;-59
2026;38;2037;5971;1588;2134;1354;895;173;88;85;2211;1233;978;2295;1260;1036;-84;-27;-58
2027;38;2038;6092;1622;2175;1382;914;175;91;84;2211;1233;978;2308;1267;1042;-97;-34;-64
2028;38;2039;6085;1620;2171;1381;913;179;92;86;2211;1233;978;2307;1266;1041;-96;-33;-63
2029;38;2040;6054;1613;2157;1374;910;177;91;86;2211;1233;978;2302;1263;1039;-91;-30;-61
2030;38;2041;5999;1600;2137;1361;901;173;89;84;2211;1233;978;2294;1258;1035;-83;-25;-57
2031;38;2042;5939;1585;2113;1347;894;171;88;83;2211;1233;978;2285;1253;1032;-74;-20;-54
2032;38;2043;5875;1569;2089;1333;884;166;86;80;2211;1233;978;2277;1248;1028;-66;-15;-50
2033;38;2044;5817;1554;2067;1320;876;167;87;80;2211;1233;978;2269;1244;1025;-58;-11;-47
2034;38;2045;5763;1540;2046;1308;869;161;82;78;2211;1233;978;2261;1240;1022;-50;-7;-44
2035;38;2046;5720;1530;2029;1299;862;159;82;78;2211;1233;978;2256;1237;1019;-45;-4;-41
2036;38;2047;5684;1522;2014;1291;857;156;80;76;2211;1233;978;2251;1234;1017;-40;-1;-39
2037;38;2048;5659;1515;2004;1285;855;157;78;78;2211;1233;978;2248;1232;1016;-37;1;-38
2038;38;2049;5646;1513;1998;1283;853;156;81;76;2211;1233;978;2247;1232;1015;-36;1;-37
2039;38;2050;5641;1512;1994;1282;852;156;80;75;2211;1233;978;2247;1232;1015;-36;1;-37
2040;39;2000;3715;901;1263;863;688;284;163;122;1949;1080;869;1759;1030;729;190;50;140
2041;39;2001;3958;977;1352;928;701;284;163;121;1962;1090;872;1826;1078;748;136;12;124
2042;39;2002;4217;1039;1467;991;720;282;162;119;1975;1097;878;1879;1110;769;96;-13;109
2043;39;2003;4491;1116;1589;1048;738;283;161;122;1984;1103;881;1957;1153;804;27;-50;77
2044;39;2004;4562;1154;1619;1061;727;273;156;117;1989;1107;882;1947;1149;797;42;-42;85
2045;39;2005;4541;1139;1602;1075;724;262;148;114;1989;1107;882;1941;1145;796;48;-38;86
2046;39;2006;4600;1169;1606;1096;729;259;147;112;1987;1106;881;1959;1134;824;28;-28;57
2047;39;2007;4701;1204;1633;1129;736;259;145;114;1986;1106;880;2007;1161;846;-21;-55;34
2048;39;2008;4946;1264;1709;1195;778;264;149;115;1987;1107;880;2070;1193;877;-83;-86;3
2049;39;2009;4879;1247;1679;1186;768;259;144;115;1988;1108;880;2079;1188;891;-91;-80;-11
2050;39;2010;4726;1209;1619;1153;746;241;131;110;1989;1112;877;2047;1158;888;-58;-46;-11
2051;39;2011;4566;1173;1560;1118;716;235;127;108;1994;1115;879;2037;1144;893;-43;-29;-14
2052;39;2012;4255;1090;1449;1046;670;210;115;95;1997;1117;880;1986;1108;877;11;9;3
2053;39;2013;4121;1051;1401;1016;652;206;112;94;1995;1116;879;1989;1106;884;6;10;-5
2054;39;2014;3998;1022;1353;984;639;193;104;89;1997;1117;880;1970;1092;879;27;25;1
2055;39;2015;3975;1019;1345;979;632;193;105;88;1998;1119;879;1976;1092;884;22;27;-5
2056;39;2016;3971;1018;1342;979;632;185;100;85;1997;1119;878;1996;1096;900;1;23;-22
2057;39;2017;4029;1036;1360;992;641;191;103;88;2000;1121;879;2021;1108;913;-21;13;-34
2058;39;2018;4041;1040;1364;995;643;186;99;88;1998;1120;878;2034;1111;923;-36;9;-45
2059;39;2019;4152;1066;1401;1023;662;192;103;89;1999;1121;878;2071;1130;941;-72;-9;-63
2060;39;2020;4121;1058;1391;1015;658;185;99;86;2003;1123;880;2080;1134;946;-77;-11;-66
2061;39;2021;4022;1033;1356;990;642;185;99;85;2003;1123;880;2082;1137;945;-79;-14;-65
2062;39;2022;4010;1031;1351;987;640;177;94;83;2003;1123;880;2080;1135;945;-77;-12;-65
2063;39;2023;4090;1053;1377;1007;653;180;95;85;2003;1123;880;2099;1145;954;-96;-22;-74
2064;39;2024;4171;1074;1403;1027;667;183;97;86;2003;1123;880;2112;1149;963;-109;-26;-83
2065;39;2025;4289;1105;1441;1056;687;188;98;90;2003;1123;880;2128;1160;968;-125;-37;-88
2066;39;2026;4298;1107;1444;1057;689;184;97;87;2003;1123;880;2132;1165;967;-129;-42;-87
2067;39;2027;4306;1110;1446;1059;691;180;94;86;2003;1123;880;2131;1163;967;-128;-40;-87
2068;39;2028;4356;1123;1462;1071;699;187;99;88;2003;1123;880;2140;1168;972;-137;-45;-92
2069;39;2029;4481;1155;1504;1102;720;192;100;92;2003;1123;880;2166;1186;981;-163;-63;-101
2070;39;2030;4504;1162;1511;1107;724;191;99;91;2003;1123;880;2165;1183;981;-162;-60;-101
2071;39;2031;4457;1149;1494;1096;718;188;99;90;2003;1123;880;2160;1182;978;-157;-59;-98
2072;39;2032;4451;1148;1491;1094;717;184;96;88;2003;1123;880;2155;1178;977;-152;-55;-97
2073;39;2033;4465;1152;1495;1098;720;187;99;88;2003;1123;880;2160;1181;979;-157;-58;-99
2074;39;2034;4393;1134;1470;1080;709;182;95;86;2003;1123;880;2148;1175;974;-145;-52;-94
2075;39;2035;4372;1128;1463;1074;707;180;95;85;2003;1123;880;2154;1179;976;-151;-56;-96
2076;39;2036;4436;1145;1484;1090;717;177;92;85;2003;1123;880;2162;1180;982;-159;-57;-102
2077;39;2037;4545;1173;1520;1116;736;182;95;87;2003;1123;880;2182;1193;989;-179;-70;-109
2078;39;2038;4564;1178;1526;1121;738;182;94;88;2003;1123;880;2183;1195;987;-180;-72;-107
2079;39;2039;4656;1202;1556;1143;755;187;97;90;2003;1123;880;2195;1202;993;-192;-79;-113
2080;39;2040;4655;1202;1556;1143;754;184;95;89;2003;1123;880;2194;1201;992;-191;-78;-112
2081;39;2041;4631;1195;1547;1137;751;183;95;88;2003;1123;880;2189;1199;990;-186;-76;-110
2082;39;2042;4589;1185;1533;1126;745;179;90;89;2003;1123;880;2181;1194;987;-178;-71;-107
2083;39;2043;4546;1174;1518;1116;739;174;89;84;2003;1123;880;2173;1190;984;-170;-67;-104
2084;39;2044;4498;1161;1502;1104;731;173;89;85;2003;1123;880;2166;1185;980;-163;-62;-100
2085;39;2045;4455;1150;1487;1094;724;170;85;85;2003;1123;880;2158;1181;977;-155;-58;-97
2086;39;2046;4416;1141;1473;1084;719;170;88;82;2003;1123;880;2151;1177;974;-148;-54;-94
2087;39;2047;4382;1132;1461;1075;713;170;86;84;2003;1123;880;2146;1174;972;-143;-51;-92
2088;39;2048;4354;1125;1452;1069;709;164;83;81;2003;1123;880;2142;1172;970;-139;-49;-90
2089;39;2049;4335;1120;1445;1064;706;161;83;78;2003;1123;880;2139;1170;969;-136;-47;-89
2090;39;2050;4326;1118;1442;1062;705;160;83;78;2003;1123;880;2138;1170;969;-135;-47;-89
2091;40;2000;2520;591;865;506;559;300;171;129;1773;986;787;1713;1007;706;60;-21;81
2092;40;2001;2688;650;899;554;585;300;172;128;1781;992;789;1684;983;701;97;9;88
2093;40;2002;2739;664;912;569;594;295;169;125;1792;998;794;1741;1024;717;51;-26;77
2094;40;2003;2851;696;934;611;609;294;168;126;1801;1003;798;1791;1055;736;10;-52;62
2095;40;2004;2949;730;961;635;623;294;167;127;1804;1007;797;1859;1092;767;-55;-85;30
2096;40;2005;2932;727;951;638;616;282;159;123;1804;1006;798;1850;1088;761;-46;-82;37
2097;40;2006;2909;720;943;633;614;279;157;122;1803;1008;795;1845;1084;761;-42;-76;34
2098;40;2007;2960;737;950;654;619;268;151;117;1801;1007;794;1860;1074;786;-59;-67;8
2099;40;2008;3022;757;970;673;622;270;149;121;1801;1008;793;1906;1099;807;-105;-91;-14
2100;40;2009;3190;795;1020;715;660;281;155;127;1804;1008;796;1966;1130;836;-162;-122;-40
2101;40;2010;3152;785;1004;709;653;268;148;120;1807;1013;794;1975;1125;850;-168;-112;-56
2102;40;2011;3056;761;972;686;636;258;141;117;1810;1015;795;1945;1098;848;-135;-83;-53
2103;40;2012;2933;740;941;643;609;245;133;112;1811;1016;795;1936;1084;852;-125;-68;-57
2104;40;2013;2763;688;876;628;570;227;122;105;1810;1015;795;1888;1050;838;-78;-35;-43
2105;40;2014;2662;666;850;589;556;211;115;96;1810;1017;793;1891;1048;843;-81;-31;-50
2106;40;2015;2619;648;824;599;548;205;109;96;1811;1018;793;1872;1034;838;-61;-16;-45
2107;40;2016;2612;645;821;606;540;202;109;94;1811;1018;793;1876;1034;843;-65;-16;-50
2108;40;2017;2623;645;823;616;539;196;104;91;1813;1019;794;1896;1037;859;-83;-18;-65
2109;40;2018;2673;658;837;631;547;198;105;93;1813;1020;793;1919;1048;870;-106;-28;-77
2110;40;2019;2690;661;842;638;549;194;103;91;1817;1023;794;1930;1051;880;-113;-28;-86
2111;40;2020;2770;678;867;661;565;203;107;96;1816;1024;792;1964;1068;896;-148;-44;-104
2112;40;2021;2762;675;864;662;562;196;103;93;1816;1024;792;1971;1073;898;-155;-49;-106
2113;40;2022;2702;660;844;650;548;191;101;91;1816;1024;792;1973;1076;897;-157;-52;-105
2114;40;2023;2705;660;844;653;548;191;100;91;1816;1024;792;1971;1074;897;-155;-50;-105
2115;40;2024;2765;673;863;670;559;191;102;90;1816;1024;792;1988;1083;905;-172;-59;-113
2116;40;2025;2826;688;881;688;570;195;102;93;1816;1024;792;2000;1087;913;-184;-63;-121
2117;40;2026;2914;708;908;712;586;196;103;93;1816;1024;792;2015;1097;918;-199;-73;-126
2118;40;2027;2927;711;911;717;588;196;101;95;1816;1024;792;2019;1102;917;-203;-78;-125
2119;40;2028;2941;714;916;721;590;194;101;93;1816;1024;792;2018;1100;918;-202;-76;-126
2120;40;2029;2982;722;929;734;597;195;99;96;1816;1024;792;2027;1105;922;-211;-81;-130
2121;40;2030;3073;745;957;758;614;200;105;94;1816;1024;792;2051;1121;930;-235;-97;-138
2122;40;2031;3100;750;965;766;618;204;106;97;1816;1024;792;2050;1119;931;-234;-95;-139
2123;40;2032;3074;743;957;762;612;196;100;96;1816;1024;792;2046;1118;928;-230;-94;-136
2124;40;2033;3075;743;958;763;612;193;99;94;1816;1024;792;2041;1114;927;-225;-90;-135
2125;40;2034;3092;746;963;768;614;194;101;94;1816;1024;792;2046;1117;929;-230;-93;-137
2126;40;2035;3047;735;949;759;604;187;97;90;1816;1024;792;2035;1111;924;-219;-87;-132
2127;40;2036;3038;732;947;757;602;186;96;90;1816;1024;792;2040;1115;926;-224;-91;-134
2128;40;2037;3089;744;964;770;611;186;95;91;1816;1024;792;2048;1117;931;-232;-93;-139
2129;40;2038;3171;763;989;792;626;192;101;91;1816;1024;792;2066;1129;938;-250;-105;-146
2130;40;2039;3192;768;996;799;629;190;99;90;1816;1024;792;2067;1131;936;-251;-107;-144
2131;40;2040;3261;784;1019;817;641;196;100;96;1816;1024;792;2078;1137;942;-262;-113;-150
2132;40;2041;3268;786;1021;818;643;194;103;91;1816;1024;792;2078;1136;941;-262;-112;-149
2133;40;2042;3256;783;1018;816;639;193;98;94;1816;1024;792;2073;1134;939;-257;-110;-147
2134;40;2043;3231;775;1011;811;633;188;98;90;1816;1024;792;2066;1130;936;-250;-106;-144
2135;40;2044;3204;769;1004;804;627;188;96;93;1816;1024;792;2059;1126;933;-243;-102;-141
2136;40;2045;3178;763;996;799;621;183;93;89;1816;1024;792;2052;1121;930;-236;-97;-138
2137;40;2046;3150;756;988;792;615;181;94;87;1816;1024;792;2045;1117;927;-229;-93;-135
2138;40;2047;3129;750;982;787;610;177;92;85;1816;1024;792;2039;1114;925;-223;-90;-133
2139;40;2048;3110;746;976;782;606;177;91;86;1816;1024;792;2034;1111;923;-218;-87;-131
2140;40;2049;3093;741;972;778;602;176;92;84;1816;1024;792;2030;1109;921;-214;-85;-129
2141;40;2050;3085;739;971;776;599;174;91;84;1816;1024;792;2027;1108;920;-211;-84;-128
2142;41;2000;1574;359;561;309;345;335;194;141;1610;897;713;1531;889;643;79;8;70
2143;41;2001;1636;353;608;332;343;336;195;141;1621;906;715;1631;956;675;-10;-50;40
2144;41;2002;1740;388;630;363;359;338;195;143;1631;911;720;1603;933;669;28;-22;51
2145;41;2003;1772;396;637;374;365;331;193;138;1637;916;721;1656;972;685;-19;-56;36
2146;41;2004;1841;415;651;401;374;333;192;140;1639;918;721;1698;997;701;-59;-79;20
2147;41;2005;1902;435;668;416;383;334;190;143;1640;919;721;1761;1031;730;-121;-112;-9
2148;41;2006;1891;434;660;418;379;322;183;139;1638;919;719;1753;1028;725;-115;-109;-6
2149;41;2007;1876;429;654;415;378;308;175;133;1635;917;718;1749;1024;725;-114;-107;-7
2150;41;2008;1901;437;655;428;380;305;172;133;1636;918;718;1761;1014;747;-125;-96;-29
2151;41;2009;1943;451;667;442;383;306;172;134;1638;920;718;1806;1038;768;-168;-118;-50
2152;41;2010;2046;472;699;468;406;318;180;138;1640;923;717;1863;1067;796;-223;-144;-79
2153;41;2011;2019;466;686;465;402;309;171;138;1644;925;719;1871;1062;809;-227;-137;-90
2154;41;2012;1955;452;664;449;391;294;163;131;1643;925;718;1844;1037;807;-201;-112;-89
2155;41;2013;1875;439;640;421;375;277;152;125;1644;927;717;1835;1024;810;-191;-97;-93
2156;41;2014;1766;408;594;412;352;257;140;117;1644;928;716;1790;993;797;-146;-65;-81
2157;41;2015;1700;395;577;386;343;245;133;112;1644;928;716;1792;990;802;-148;-62;-86
2158;41;2016;1669;384;556;392;337;232;128;105;1644;928;716;1773;976;797;-129;-48;-81
2159;41;2017;1664;382;553;396;333;230;126;104;1645;929;716;1776;976;801;-131;-47;-85
2160;41;2018;1671;382;553;404;333;226;122;104;1645;930;715;1795;979;816;-150;-49;-101
2161;41;2019;1700;389;561;412;338;224;122;102;1648;932;716;1815;989;827;-167;-57;-111
2162;41;2020;1710;391;563;417;340;223;122;102;1648;931;717;1826;991;835;-178;-60;-118
2163;41;2021;1759;400;578;432;349;226;121;105;1648;931;717;1856;1008;847;-208;-77;-130
2164;41;2022;1754;398;575;433;348;224;119;105;1648;931;717;1862;1013;849;-214;-82;-132
2165;41;2023;1714;389;560;425;340;218;117;101;1648;931;717;1863;1015;848;-215;-84;-131
2166;41;2024;1713;388;559;427;338;217;114;103;1648;931;717;1862;1014;848;-214;-83;-131
2167;41;2025;1749;396;569;438;346;218;116;102;1648;931;717;1878;1022;856;-230;-91;-139
2168;41;2026;1788;405;581;449;353;222;120;102;1648;931;717;1889;1026;863;-241;-95;-146
2169;41;2027;1843;417;597;465;364;223;117;105;1648;931;717;1903;1035;868;-255;-104;-151
2170;41;2028;1850;418;598;469;365;224;118;106;1648;931;717;1907;1040;867;-259;-109;-150
2171;41;2029;1858;420;600;472;366;225;121;104;1648;931;717;1906;1038;867;-258;-107;-150
2172;41;2030;1882;425;606;480;371;228;122;107;1648;931;717;1914;1043;871;-266;-112;-154
2173;41;2031;1941;438;624;497;382;228;122;106;1648;931;717;1937;1058;879;-289;-127;-162
2174;41;2032;1953;440;627;501;385;229;122;107;1648;931;717;1935;1055;880;-287;-124;-163
2175;41;2033;1937;436;621;498;381;224;117;107;1648;931;717;1931;1054;877;-283;-123;-160
2176;41;2034;1932;435;619;498;379;224;119;105;1648;931;717;1927;1051;876;-279;-120;-159
2177;41;2035;1942;437;621;502;382;222;116;105;1648;931;717;1931;1054;878;-283;-123;-161
2178;41;2036;1913;431;611;496;376;217;113;104;1648;931;717;1921;1048;873;-273;-117;-156
2179;41;2037;1909;429;609;496;375;217;115;102;1648;931;717;1927;1052;875;-279;-121;-158
2180;41;2038;1938;436;618;504;380;216;113;103;1648;931;717;1934;1054;880;-286;-123;-163
2181;41;2039;1987;447;633;518;389;220;116;104;1648;931;717;1951;1065;886;-303;-134;-169
2182;41;2040;1997;448;635;521;392;221;116;106;1648;931;717;1952;1067;885;-304;-136;-168
2183;41;2041;2041;459;648;533;400;222;116;106;1648;931;717;1963;1073;890;-315;-142;-173
2184;41;2042;2043;459;649;535;400;222;116;106;1648;931;717;1962;1072;890;-314;-141;-173
2185;41;2043;2034;456;646;533;399;219;116;103;1648;931;717;1958;1070;888;-310;-139;-171
2186;41;2044;2019;453;640;530;396;218;114;104;1648;931;717;1951;1066;885;-303;-135;-168
2187;41;2045;2001;449;634;526;392;215;113;102;1648;931;717;1945;1062;882;-297;-131;-165
2188;41;2046;1982;445;627;522;388;207;109;98;1648;931;717;1938;1058;880;-290;-127;-163
2189;41;2047;1965;441;621;517;385;206;107;99;1648;931;717;1932;1055;877;-284;-124;-160
2190;41;2048;1948;437;616;513;382;205;106;99;1648;931;717;1926;1051;875;-278;-120;-158
2191;41;2049;1934;434;611;511;379;203;107;95;1648;931;717;1922;1049;873;-274;-118;-156
2192;41;2050;1924;432;607;508;376;201;106;94;1648;931;717;1918;1047;871;-270;-116;-154
2193;42;2000;866;197;255;162;253;364;211;154;1467;821;646;1416;821;595;51;0;51
2194;42;2001;941;208;288;179;266;368;216;151;1473;827;646;1459;845;615;14;-18;31
2195;42;2002;971;203;312;192;263;362;211;151;1485;833;652;1547;904;643;-62;-71;9
2196;42;2003;1035;224;324;211;276;360;209;151;1489;837;652;1523;884;639;-34;-47;13
2197;42;2004;1055;228;328;218;281;361;207;154;1493;840;653;1569;918;651;-76;-78;2
2198;42;2005;1096;239;335;234;288;359;208;151;1487;837;650;1608;941;667;-121;-104;-17
2199;42;2006;1134;250;344;244;295;361;208;153;1487;837;650;1666;972;693;-179;-135;-43
2200;42;2007;1124;248;340;244;292;351;202;149;1488;839;649;1659;970;689;-171;-131;-40
2201;42;2008;1115;245;338;242;291;342;195;147;1486;837;649;1655;966;690;-169;-129;-41
2202;42;2009;1134;250;339;251;293;338;191;147;1488;839;649;1666;956;709;-178;-117;-60
2203;42;2010;1153;256;345;257;295;335;188;147;1486;841;645;1709;979;730;-223;-138;-85
2204;42;2011;1215;269;361;274;311;347;194;152;1488;841;647;1763;1006;756;-275;-165;-109
2205;42;2012;1201;264;355;272;309;334;187;147;1490;843;647;1771;1002;769;-281;-159;-122
2206;42;2013;1162;256;343;263;300;316;176;139;1490;843;647;1746;979;767;-256;-136;-120
2207;42;2014;1114;247;332;247;288;301;167;134;1489;844;645;1737;966;770;-248;-122;-125
2208;42;2015;1049;230;309;241;269;276;152;124;1491;845;646;1695;937;758;-204;-92;-112
2209;42;2016;1009;221;299;226;263;265;146;119;1492;846;646;1696;933;762;-204;-87;-116
2210;42;2017;994;215;289;230;260;254;139;115;1491;848;643;1677;920;757;-186;-72;-114
2211;42;2018;990;214;288;233;256;250;138;112;1493;847;646;1680;919;760;-187;-72;-114
2212;42;2019;995;214;288;237;255;247;133;113;1494;848;646;1697;922;775;-203;-74;-129
2213;42;2020;1012;218;292;243;259;246;132;114;1493;848;645;1716;931;785;-223;-83;-140
2214;42;2021;1016;218;293;245;260;246;131;115;1493;848;645;1724;934;790;-231;-86;-145
2215;42;2022;1046;223;301;254;267;254;138;116;1493;848;645;1751;950;801;-258;-102;-156
2216;42;2023;1041;221;299;254;266;248;133;114;1493;848;645;1757;955;802;-264;-107;-157
2217;42;2024;1020;216;293;251;260;238;128;110;1493;848;645;1758;957;801;-265;-109;-156
2218;42;2025;1018;215;292;251;260;235;127;109;1493;848;645;1756;955;801;-263;-107;-156
2219;42;2026;1040;220;298;258;264;239;127;112;1493;848;645;1771;963;809;-278;-115;-164
2220;42;2027;1064;224;304;265;271;240;128;112;1493;848;645;1782;967;815;-289;-119;-170
2221;42;2028;1096;230;313;275;278;244;129;116;1493;848;645;1795;975;820;-302;-127;-175
2222;42;2029;1101;231;314;277;279;245;130;115;1493;848;645;1798;979;819;-305;-131;-174
2223;42;2030;1104;231;315;278;280;244;129;115;1493;848;645;1797;978;819;-304;-130;-174
2224;42;2031;1120;233;319;284;284;242;127;115;1493;848;645;1805;982;823;-312;-134;-178
2225;42;2032;1152;240;327;293;292;250;133;117;1493;848;645;1826;996;830;-333;-148;-185
2226;42;2033;1159;241;330;296;293;252;133;119;1493;848;645;1824;994;830;-331;-146;-185
2227;42;2034;1150;238;326;294;291;247;130;117;1493;848;645;1821;993;828;-328;-145;-183
2228;42;2035;1150;238;326;295;291;245;129;117;1493;848;645;1817;990;827;-324;-142;-182
2229;42;2036;1156;239;328;297;292;242;128;114;1493;848;645;1821;993;829;-328;-145;-184
2230;42;2037;1139;235;323;294;287;239;126;113;1493;848;645;1812;988;825;-319;-140;-180
2231;42;2038;1135;234;321;293;287;234;123;110;1493;848;645;1817;991;826;-324;-143;-181
2232;42;2039;1154;237;327;299;291;237;123;115;1493;848;645;1824;992;831;-331;-144;-186
2233;42;2040;1183;243;335;307;298;241;127;115;1493;848;645;1840;1003;837;-347;-155;-192
2234;42;2041;1188;244;336;309;299;243;128;116;1493;848;645;1841;1005;836;-348;-157;-191
2235;42;2042;1215;249;343;317;306;242;129;113;1493;848;645;1851;1011;841;-358;-163;-196
2236;42;2043;1216;248;344;318;306;244;129;115;1493;848;645;1850;1010;840;-357;-162;-195
2237;42;2044;1211;247;343;316;305;240;126;114;1493;848;645;1847;1008;839;-354;-160;-194
2238;42;2045;1201;245;339;315;302;238;126;112;1493;848;645;1841;1005;836;-348;-157;-191
2239;42;2046;1191;243;337;313;299;233;122;111;1493;848;645;1835;1001;834;-342;-153;-189
2240;42;2047;1179;239;334;311;296;231;121;109;1493;848;645;1828;997;831;-335;-149;-186
2241;42;2048;1168;237;331;308;293;226;119;107;1493;848;645;1823;994;829;-330;-146;-184
2242;42;2049;1160;235;328;306;291;224;118;106;1493;848;645;1817;991;826;-324;-143;-181
2243;42;2050;1153;233;327;304;289;221;116;105;1493;848;645;1813;989;825;-320;-141;-180
2244;43;2000;521;119;142;103;157;391;226;164;1335;752;583;1300;744;557;35;8;26
2245;43;2001;554;135;155;108;156;389;229;160;1345;759;586;1348;780;568;-3;-21;18
2246;43;2002;599;141;173;120;166;391;226;165;1350;762;588;1385;800;586;-35;-38;2
2247;43;2003;614;137;186;127;164;386;223;163;1356;766;590;1467;854;612;-111;-88;-22
2248;43;2004;653;150;193;138;173;386;224;162;1358;768;590;1443;836;607;-85;-68;-17
2249;43;2005;664;152;195;142;175;385;221;164;1357;768;589;1486;866;619;-129;-98;-30
2250;43;2006;686;158;198;151;180;389;226;164;1355;768;587;1521;887;634;-166;-119;-47
2251;43;2007;705;163;202;157;183;387;221;166;1354;767;587;1575;917;659;-221;-150;-72
2252;43;2008;696;161;198;156;181;377;215;163;1349;765;584;1569;914;655;-220;-149;-71
2253;43;2009;690;159;195;154;181;367;208;158;1350;766;584;1567;911;656;-217;-145;-72
2254;43;2010;699;162;195;159;183;359;203;156;1350;767;583;1575;901;674;-225;-134;-91
2255;43;2011;710;165;198;163;184;362;205;157;1353;769;584;1617;923;694;-264;-154;-110
2256;43;2012;745;172;206;172;196;375;210;165;1351;769;582;1668;949;719;-317;-180;-137
2257;43;2013;729;167;201;169;193;361;201;160;1351;769;582;1675;945;730;-324;-176;-148
2258;43;2014;705;160;193;163;188;345;190;155;1353;770;583;1653;923;729;-300;-153;-146
2259;43;2015;676;155;187;154;181;325;177;148;1351;770;581;1643;911;732;-292;-141;-151
2260;43;2016;633;144;172;148;169;301;165;136;1354;773;581;1604;883;721;-250;-110;-140
2261;43;2017;607;138;166;139;165;289;158;131;1351;771;580;1604;880;725;-253;-109;-145
2262;43;2018;594;133;159;140;162;278;152;127;1354;773;581;1586;867;719;-232;-94;-138
2263;43;2019;591;131;158;142;161;271;148;124;1354;773;581;1587;866;722;-233;-93;-141
2264;43;2020;589;130;157;143;160;266;145;121;1353;773;580;1604;868;736;-251;-95;-156
2265;43;2021;597;131;157;146;163;269;145;124;1353;773;580;1620;878;742;-267;-105;-162
2266;43;2022;598;130;158;147;163;264;141;124;1353;773;580;1628;881;747;-275;-108;-167
2267;43;2023;614;132;162;152;168;270;147;124;1353;773;580;1652;895;757;-299;-122;-177
2268;43;2024;609;131;159;151;167;263;142;121;1353;773;580;1657;899;757;-304;-126;-177
2269;43;2025;594;127;155;149;163;260;140;120;1353;773;580;1657;901;756;-304;-128;-176
2270;43;2026;591;126;154;149;163;257;139;118;1353;773;580;1656;899;756;-303;-126;-176
2271;43;2027;603;128;156;152;167;259;140;119;1353;773;580;1670;907;763;-317;-134;-183
2272;43;2028;613;129;158;155;170;261;139;122;1353;773;580;1680;910;770;-327;-137;-190
2273;43;2029;629;132;161;160;175;267;143;123;1353;773;580;1692;918;774;-339;-145;-194
2274;43;2030;629;132;161;160;176;266;144;123;1353;773;580;1695;922;773;-342;-149;-193
2275;43;2031;630;131;161;162;176;262;140;122;1353;773;580;1694;921;773;-341;-148;-193
2276;43;2032;636;132;162;163;179;266;141;125;1353;773;580;1701;925;777;-348;-152;-197
2277;43;2033;653;135;166;168;184;273;145;129;1353;773;580;1721;938;783;-368;-165;-203
2278;43;2034;655;134;166;169;185;273;145;128;1353;773;580;1720;936;784;-367;-163;-204
2279;43;2035;648;132;164;168;184;269;143;126;1353;773;580;1717;935;782;-364;-162;-202
2280;43;2036;645;131;162;168;184;264;140;124;1353;773;580;1713;932;781;-360;-159;-201
2281;43;2037;646;131;162;169;185;263;139;124;1353;773;580;1717;935;782;-364;-162;-202
2282;43;2038;634;127;159;166;182;257;136;121;1353;773;580;1709;930;779;-356;-157;-199
2283;43;2039;628;126;157;165;180;256;136;120;1353;773;580;1713;933;780;-360;-160;-200
2284;43;2040;637;127;158;167;184;251;132;119;1353;773;580;1720;935;785;-367;-162;-205
2285;43;2041;651;129;162;171;189;260;136;123;1353;773;580;1735;945;790;-382;-172;-210
2286;43;2042;652;130;161;172;189;261;136;125;1353;773;580;1736;946;789;-383;-173;-209
2287;43;2043;664;131;164;176;193;267;141;125;1353;773;580;1746;952;794;-393;-179;-214
2288;43;2044;663;130;164;176;194;264;139;125;1353;773;580;1745;952;794;-392;-179;-214
2289;43;2045;660;130;162;175;194;262;137;125;1353;773;580;1742;950;792;-389;-177;-212
2290;43;2046;650;127;159;173;192;260;136;124;1353;773;580;1736;946;790;-383;-173;-210
2291;43;2047;643;125;157;171;190;257;134;122;1353;773;580;1730;943;787;-377;-170;-207
2292;43;2048;635;123;154;169;188;249;129;120;1353;773;580;1725;940;785;-372;-167;-205
2293;43;2049;628;121;153;168;186;246;129;116;1353;773;580;1719;937;783;-366;-164;-203
2294;43;2050;619;119;150;166;184;243;128;115;1353;773;580;1714;934;781;-361;-161;-201
2295;44;2000;256;47;70;52;87;424;245;178;1220;692;528;1203;691;512;17;1;16
2296;44;2001;277;50;79;59;90;416;242;174;1232;700;532;1238;707;532;-6;-7;0
2297;44;2002;295;58;86;61;91;420;243;178;1238;704;534;1279;738;541;-41;-34;-7
2298;44;2003;317;61;94;67;94;420;243;177;1242;705;537;1315;758;558;-73;-53;-21
2299;44;2004;326;59;101;71;95;412;235;177;1242;708;534;1388;806;581;-146;-98;-47
2300;44;2005;344;64;104;77;99;418;238;180;1242;709;533;1367;790;577;-125;-81;-44
2301;44;2006;348;65;104;78;100;414;236;179;1237;706;531;1407;818;589;-170;-112;-58
2302;44;2007;357;68;104;83;103;420;238;182;1234;705;529;1440;838;603;-206;-133;-74
2303;44;2008;368;70;106;86;106;422;239;183;1235;706;529;1491;865;626;-256;-159;-97
2304;44;2009;364;70;104;85;105;406;230;176;1233;706;527;1485;863;623;-252;-157;-96
2305;44;2010;358;69;101;84;104;399;223;176;1236;708;528;1484;859;624;-248;-151;-96
2306;44;2011;358;70;99;85;104;390;218;172;1235;707;528;1491;851;640;-256;-144;-112
2307;44;2012;363;71;100;87;105;390;214;176;1236;709;527;1531;871;659;-295;-162;-132
2308;44;2013;382;74;103;92;113;402;223;179;1237;709;528;1579;895;683;-342;-186;-155
2309;44;2014;373;72;100;91;110;390;214;177;1236;709;527;1586;892;695;-350;-183;-168
2310;44;2015;359;69;96;87;107;372;204;168;1236;711;525;1565;871;694;-329;-160;-169
2311;44;2016;339;66;90;80;103;356;194;162;1235;709;526;1556;860;696;-321;-151;-170
2312;44;2017;321;62;84;78;97;327;177;150;1234;710;524;1519;833;685;-285;-123;-161
2313;44;2018;305;59;79;73;94;311;168;143;1234;711;523;1519;830;689;-285;-119;-166
2314;44;2019;297;56;75;73;92;298;159;139;1234;710;524;1500;817;683;-266;-107;-159
2315;44;2020;293;56;74;72;91;299;160;139;1234;710;524;1501;816;685;-267;-106;-161
2316;44;2021;293;56;72;73;92;286;155;131;1234;710;524;1516;820;696;-282;-110;-172
2317;44;2022;300;57;74;76;94;290;155;135;1234;710;524;1530;828;702;-296;-118;-178
2318;44;2023;298;57;72;76;93;290;154;135;1234;710;524;1537;831;706;-303;-121;-182
2319;44;2024;305;57;73;78;97;293;155;138;1234;710;524;1559;845;715;-325;-135;-191
2320;44;2025;302;57;72;77;96;287;153;134;1234;710;524;1563;848;716;-329;-138;-192
2321;44;2026;291;55;68;75;93;281;150;132;1234;710;524;1564;849;714;-330;-139;-190
2322;44;2027;290;55;67;75;93;276;145;132;1234;710;524;1562;848;714;-328;-138;-190
2323;44;2028;295;56;67;76;96;280;148;131;1234;710;524;1576;855;721;-342;-145;-197
2324;44;2029;299;56;68;77;98;283;149;134;1234;710;524;1586;858;727;-352;-148;-203
2325;44;2030;307;58;69;80;101;288;151;137;1234;710;524;1597;866;731;-363;-156;-207
2326;44;2031;306;58;68;80;101;288;151;136;1234;710;524;1600;870;730;-366;-160;-206
2327;44;2032;304;57;66;80;101;287;150;137;1234;710;524;1599;868;731;-365;-158;-207
2328;44;2033;305;57;66;80;102;284;148;136;1234;710;524;1605;872;733;-371;-162;-209
2329;44;2034;312;58;66;82;105;298;157;141;1234;710;524;1624;884;740;-390;-174;-216
2330;44;2035;313;59;66;83;106;293;155;139;1234;710;524;1623;882;740;-389;-172;-216
2331;44;2036;308;58;64;82;105;292;152;140;1234;710;524;1620;882;738;-386;-172;-214
2332;44;2037;305;57;63;81;105;286;150;136;1234;710;524;1617;879;738;-383;-169;-214
2333;44;2038;305;57;62;81;105;287;150;137;1234;710;524;1620;881;739;-386;-171;-215
2334;44;2039;300;56;60;80;104;279;146;133;1234;710;524;1613;877;735;-379;-167;-211
2335;44;2040;297;55;59;79;104;279;147;132;1234;710;524;1617;880;737;-383;-170;-213
2336;44;2041;300;55;59;80;105;277;145;132;1234;710;524;1623;882;741;-389;-172;-217
2337;44;2042;306;57;59;81;108;287;150;137;1234;710;524;1638;891;747;-404;-181;-223
2338;44;2043;306;57;58;82;109;281;147;134;1234;710;524;1638;893;746;-404;-183;-222
2339;44;2044;310;57;58;83;111;286;150;136;1234;710;524;1648;898;750;-414;-188;-226
2340;44;2045;309;57;57;84;111;282;149;134;1234;710;524;1647;897;750;-413;-187;-226
2341;44;2046;305;57;56;82;110;281;149;132;1234;710;524;1644;896;749;-410;-186;-225
2342;44;2047;302;57;54;81;110;282;147;136;1234;710;524;1639;893;746;-405;-183;-222
2343;44;2048;298;55;53;81;110;271;140;130;1234;710;524;1634;890;744;-400;-180;-220
2344;44;2049;294;54;51;80;109;272;141;130;1234;710;524;1628;886;742;-394;-176;-218
2345;44;2050;288;54;49;78;107;268;139;129;1234;710;524;1623;883;740;-389;-173;-216
2346;45;2000;131;22;22;22;64;451;257;193;1125;645;480;1093;621;472;32;24;8
2347;45;2001;139;25;25;26;64;455;263;192;1136;652;484;1148;658;490;-12;-6;-6
2348;45;2002;150;27;27;30;66;453;260;193;1144;656;488;1177;671;506;-33;-15;-18
2349;45;2003;158;30;29;30;68;448;254;194;1144;658;486;1216;700;516;-72;-42;-30
2350;45;2004;169;32;32;34;71;452;254;197;1148;660;488;1248;718;530;-100;-58;-42
2351;45;2005;172;31;35;36;71;448;254;194;1144;658;486;1315;762;552;-171;-104;-66
2352;45;2006;182;34;36;38;74;451;255;196;1141;658;483;1297;748;549;-156;-90;-66
2353;45;2007;181;34;34;38;74;449;254;194;1138;656;482;1335;774;560;-197;-118;-78
2354;45;2008;189;36;35;41;76;449;252;197;1135;656;479;1366;793;573;-231;-137;-94
2355;45;2009;192;37;35;42;78;453;254;199;1134;654;480;1413;818;595;-279;-164;-115
2356;45;2010;190;37;33;42;77;439;247;192;1135;656;479;1409;816;593;-274;-160;-114
2357;45;2011;187;35;33;42;77;428;237;191;1138;659;479;1408;813;595;-270;-154;-116
2358;45;2012;189;37;33;42;78;422;234;188;1137;659;478;1413;805;609;-276;-146;-131
2359;45;2013;192;37;32;44;79;422;233;188;1135;658;477;1452;824;627;-317;-166;-150
2360;45;2014;202;39;33;45;84;437;241;195;1137;659;478;1498;847;651;-361;-188;-173
2361;45;2015;197;38;32;45;83;425;231;193;1134;658;476;1504;843;661;-370;-185;-185
2362;45;2016;191;37;30;43;81;404;218;186;1134;658;476;1485;825;660;-351;-167;-184
2363;45;2017;181;35;28;40;78;382;207;175;1133;658;475;1476;813;663;-343;-155;-188
2364;45;2018;169;33;26;38;72;355;192;163;1134;659;475;1441;788;652;-307;-129;-177
2365;45;2019;161;31;24;36;70;340;183;157;1133;658;475;1440;785;656;-307;-127;-181
2366;45;2020;160;31;23;36;71;323;171;152;1132;658;474;1422;773;650;-290;-115;-176
2367;45;2021;155;30;22;35;68;321;171;150;1132;658;474;1422;773;649;-290;-115;-175
2368;45;2022;157;30;22;36;69;315;167;148;1132;658;474;1435;776;659;-303;-118;-185
2369;45;2023;159;30;22;37;70;315;168;147;1132;658;474;1448;784;664;-316;-126;-190
2370;45;2024;157;29;21;37;70;313;167;146;1132;658;474;1455;787;668;-323;-129;-194
2371;45;2025;162;30;22;38;72;318;170;148;1132;658;474;1475;799;676;-343;-141;-202
2372;45;2026;161;30;20;38;73;310;164;147;1132;658;474;1479;802;677;-347;-144;-203
2373;45;2027;154;29;20;36;70;303;161;142;1132;658;474;1479;803;676;-347;-145;-202
2374;45;2028;154;29;19;36;70;302;159;143;1132;658;474;1478;802;676;-346;-144;-202
2375;45;2029;157;30;19;37;72;304;160;144;1132;658;474;1491;809;682;-359;-151;-208
2376;45;2030;159;30;18;38;73;307;163;145;1132;658;474;1500;812;688;-368;-154;-214
2377;45;2031;164;30;19;39;76;309;161;148;1132;658;474;1510;819;692;-378;-161;-218
2378;45;2032;162;30;18;39;76;314;165;148;1132;658;474;1513;822;691;-381;-164;-217
2379;45;2033;163;30;18;39;77;313;164;149;1132;658;474;1512;821;691;-380;-163;-217
2380;45;2034;164;30;17;39;78;309;163;146;1132;658;474;1518;825;694;-386;-167;-220
2381;45;2035;166;31;17;39;79;319;166;153;1132;658;474;1536;836;700;-404;-178;-226
2382;45;2036;166;31;16;39;80;322;168;154;1132;658;474;1535;834;700;-403;-176;-226
2383;45;2037;163;30;16;39;79;311;162;149;1132;658;474;1532;834;698;-400;-176;-224
2384;45;2038;162;29;15;39;79;313;162;151;1132;658;474;1529;831;698;-397;-173;-224
2385;45;2039;163;30;15;39;80;309;160;149;1132;658;474;1533;834;699;-401;-176;-225
2386;45;2040;159;29;13;38;78;303;157;146;1132;658;474;1525;830;696;-393;-172;-222
2387;45;2041;159;29;13;38;78;303;157;146;1132;658;474;1530;832;697;-398;-174;-223
2388;45;2042;159;30;12;37;79;302;156;147;1132;658;474;1535;834;702;-403;-176;-228
2389;45;2043;162;30;13;38;81;311;160;151;1132;658;474;1549;843;707;-417;-185;-233
2390;45;2044;160;29;12;38;81;312;161;151;1132;658;474;1550;844;706;-418;-186;-232
2391;45;2045;164;30;12;39;83;313;162;151;1132;658;474;1559;849;710;-427;-191;-236
2392;45;2046;163;30;11;39;83;314;161;153;1132;658;474;1559;849;710;-427;-191;-236
2393;45;2047;162;30;11;39;83;310;159;151;1132;658;474;1556;847;709;-424;-189;-235
2394;45;2048;158;29;9;38;81;305;157;147;1132;658;474;1551;844;706;-419;-186;-232
2395;45;2049;157;29;9;37;82;302;156;146;1132;658;474;1546;842;704;-414;-184;-230
2396;45;2050;152;27;8;36;81;297;154;144;1132;658;474;1541;839;702;-409;-181;-228
2397;46;2000;43;0;7;9;28;497;288;208;1049;608;441;1016;579;438;33;29;3
2398;46;2001;43;0;7;8;28;494;286;208;1061;615;446;1047;595;452;14;20;-6
2399;46;2002;48;0;8;11;29;496;286;210;1064;617;447;1096;628;468;-32;-11;-21
2400;46;2003;52;1;8;12;31;490;281;209;1066;620;446;1123;640;483;-57;-20;-37
2401;46;2004;53;1;9;12;31;487;279;207;1064;621;443;1158;666;491;-94;-45;-48
2402;46;2005;58;1;11;14;32;495;282;213;1064;620;444;1188;683;505;-124;-63;-61
2403;46;2006;59;1;11;15;32;491;279;212;1060;619;441;1251;725;526;-191;-106;-85
2404;46;2007;64;3;11;16;34;497;279;217;1057;617;440;1235;712;523;-178;-95;-83
2405;46;2008;65;3;11;17;34;490;276;214;1053;615;438;1271;737;535;-218;-122;-97
2406;46;2009;68;3;12;18;35;498;281;217;1054;615;439;1300;754;547;-246;-139;-108
2407;46;2010;68;3;12;18;35;501;281;220;1052;615;437;1346;778;568;-294;-163;-131
2408;46;2011;70;4;12;18;36;487;273;214;1054;617;437;1342;776;566;-288;-159;-129
2409;46;2012;66;4;10;17;35;477;265;212;1054;617;437;1342;773;568;-288;-156;-131
2410;46;2013;67;4;10;19;35;466;258;208;1053;617;436;1346;765;581;-293;-148;-145
2411;46;2014;70;5;10;19;36;468;257;211;1052;618;434;1383;784;599;-331;-166;-165
2412;46;2015;75;5;11;20;39;486;266;220;1052;617;435;1426;805;621;-374;-188;-186
2413;46;2016;73;5;10;20;38;468;255;214;1050;617;433;1433;802;631;-383;-185;-198
2414;46;2017;71;5;10;19;37;448;244;203;1051;617;434;1415;784;631;-364;-167;-197
2415;46;2018;67;5;10;18;35;422;227;195;1050;616;434;1406;773;633;-356;-157;-199
2416;46;2019;64;6;8;17;34;392;210;182;1048;616;432;1373;750;623;-325;-134;-191
2417;46;2020;62;5;8;16;33;375;201;174;1049;617;432;1372;746;626;-323;-129;-194
2418;46;2021;62;5;7;17;33;355;191;164;1049;617;432;1353;735;618;-304;-118;-186
2419;46;2022;60;5;7;17;31;354;189;165;1049;617;432;1352;735;617;-303;-118;-185
2420;46;2023;61;6;7;16;32;348;185;163;1049;617;432;1365;738;626;-316;-121;-194
2421;46;2024;62;6;7;17;32;345;186;160;1049;617;432;1377;746;631;-328;-129;-199
2422;46;2025;63;6;7;18;32;347;184;163;1049;617;432;1383;748;635;-334;-131;-203
2423;46;2026;63;6;6;18;33;350;187;164;1049;617;432;1402;760;642;-353;-143;-210
2424;46;2027;62;6;6;18;32;346;182;164;1049;617;432;1405;762;643;-356;-145;-211
2425;46;2028;62;7;6;17;32;336;178;158;1049;617;432;1405;764;642;-356;-147;-210
2426;46;2029;62;7;6;17;32;332;174;157;1049;617;432;1404;763;642;-355;-146;-210
2427;46;2030;63;7;6;18;32;337;177;160;1049;617;432;1417;769;648;-368;-152;-216
2428;46;2031;66;7;6;18;34;341;179;162;1049;617;432;1425;772;653;-376;-155;-221
2429;46;2032;68;9;5;19;35;344;180;163;1049;617;432;1435;779;657;-386;-162;-225
2430;46;2033;68;9;5;19;35;343;181;162;1049;617;432;1438;782;656;-389;-165;-224
2431;46;2034;68;9;5;19;35;343;179;164;1049;617;432;1437;781;656;-388;-164;-224
2432;46;2035;70;9;6;20;36;344;179;164;1049;617;432;1443;784;659;-394;-167;-227
2433;46;2036;72;9;6;21;37;356;187;169;1049;617;432;1460;795;665;-411;-178;-233
2434;46;2037;73;10;6;21;37;351;182;169;1049;617;432;1459;793;665;-410;-176;-233
2435;46;2038;71;10;5;20;36;348;183;165;1049;617;432;1456;793;663;-407;-176;-231
2436;46;2039;71;10;5;20;36;344;179;165;1049;617;432;1454;791;663;-405;-174;-231
2437;46;2040;71;10;5;20;36;342;177;165;1049;617;432;1457;793;664;-408;-176;-232
2438;46;2041;70;10;4;20;36;338;174;163;1049;617;432;1450;789;661;-401;-172;-229
2439;46;2042;70;10;4;20;36;336;175;161;1049;617;432;1454;792;663;-405;-175;-231
2440;46;2043;71;11;4;20;36;335;173;162;1049;617;432;1460;793;667;-411;-176;-235
2441;46;2044;72;11;3;21;37;342;178;163;1049;617;432;1473;801;671;-424;-184;-239
2442;46;2045;73;12;3;21;37;340;178;163;1049;617;432;1473;803;671;-424;-186;-239
2443;46;2046;74;12;4;21;38;348;182;166;1049;617;432;1482;807;674;-433;-190;-242
2444;46;2047;74;12;4;21;38;348;183;165;1049;617;432;1482;807;674;-433;-190;-242
2445;46;2048;76;13;4;21;39;345;180;165;1049;617;432;1479;806;673;-430;-189;-241
2446;46;2049;75;13;3;21;38;339;177;162;1049;617;432;1475;803;671;-426;-186;-239
2447;46;2050;73;13;2;21;38;335;174;160;1049;617;432;1470;801;669;-421;-184;-237
2448;47;2000;15;3;1;0;11;533;305;228;987;577;410;927;528;399;60;49;11
2449;47;2001;16;3;2;0;11;526;305;221;994;581;413;977;555;421;17;26;-8
2450;47;2002;16;3;2;0;11;517;297;220;997;583;414;1003;569;434;-6;14;-20
2451;47;2003;17;4;2;0;11;523;300;223;999;584;415;1049;601;448;-50;-17;-33
2452;47;2004;19;4;2;1;12;518;295;223;1001;587;414;1073;611;462;-72;-24;-48
2453;47;2005;22;6;2;1;13;518;294;224;996;586;410;1105;636;470;-109;-50;-60
2454;47;2006;23;6;2;1;14;521;293;228;992;583;409;1134;651;483;-142;-68;-74
2455;47;2007;22;6;2;1;13;519;292;227;989;581;408;1194;691;503;-205;-110;-95
2456;47;2008;24;6;2;1;14;524;295;229;983;580;403;1179;678;500;-196;-98;-97
2457;47;2009;26;6;2;2;15;527;295;232;987;580;407;1215;702;512;-228;-122;-105
2458;47;2010;26;6;2;2;15;531;298;233;987;582;405;1242;718;524;-255;-136;-119
2459;47;2011;27;6;3;3;15;536;297;239;986;582;404;1285;741;544;-299;-159;-140
2460;47;2012;27;6;3;3;15;518;288;231;987;583;404;1283;740;543;-296;-157;-139
2461;47;2013;26;6;2;2;15;502;279;223;985;582;403;1282;737;545;-297;-155;-142
2462;47;2014;28;7;2;2;16;497;274;223;985;583;402;1285;729;556;-300;-146;-154
2463;47;2015;31;8;3;4;17;491;269;222;985;584;401;1321;747;574;-336;-163;-173
2464;47;2016;32;8;3;4;17;511;278;233;984;583;401;1363;767;596;-379;-184;-195
2465;47;2017;33;8;3;4;18;499;271;227;985;584;401;1369;764;605;-384;-180;-204
2466;47;2018;30;8;2;4;16;470;255;214;983;582;401;1352;747;605;-369;-165;-204
2467;47;2019;30;8;2;4;16;450;242;208;982;582;400;1344;736;607;-362;-154;-207
2468;47;2020;27;7;2;3;15;414;223;192;984;583;401;1312;714;598;-328;-131;-197
2469;47;2021;27;7;2;3;15;400;213;186;984;583;401;1311;712;598;-327;-129;-197
2470;47;2022;27;6;2;4;15;380;203;177;984;583;401;1292;702;590;-308;-119;-189
2471;47;2023;27;6;2;4;15;373;201;172;984;583;401;1291;702;589;-307;-119;-188
2472;47;2024;26;6;2;4;14;371;198;174;984;583;401;1303;705;598;-319;-122;-197
2473;47;2025;27;6;2;4;15;373;197;176;984;583;401;1314;712;603;-330;-129;-202
2474;47;2026;27;6;2;4;15;369;193;176;984;583;401;1320;714;606;-336;-131;-205
2475;47;2027;27;6;2;5;14;374;198;176;984;583;401;1338;725;613;-354;-142;-212
2476;47;2028;27;6;2;5;14;371;196;175;984;583;401;1341;728;613;-357;-145;-212
2477;47;2029;26;6;2;5;13;356;188;168;984;583;401;1341;729;612;-357;-146;-211
2478;47;2030;26;6;2;5;13;352;187;166;984;583;401;1340;728;612;-356;-145;-211
2479;47;2031;28;6;2;5;15;355;188;167;984;583;401;1352;734;618;-368;-151;-217
2480;47;2032;27;6;1;5;15;363;190;173;984;583;401;1360;737;623;-376;-154;-222
2481;47;2033;29;6;1;6;15;368;191;177;984;583;401;1370;743;627;-386;-160;-226
2482;47;2034;29;6;1;6;15;368;193;175;984;583;401;1373;747;626;-389;-164;-225
2483;47;2035;29;6;1;6;15;369;195;174;984;583;401;1372;746;626;-388;-163;-225
2484;47;2036;29;6;1;6;15;371;193;178;984;583;401;1377;749;629;-393;-166;-228
2485;47;2037;30;7;1;7;16;381;201;181;984;583;401;1393;759;634;-409;-176;-233
2486;47;2038;30;7;1;7;16;374;194;181;984;583;401;1392;757;635;-408;-174;-234
2487;47;2039;30;7;1;7;16;373;193;180;984;583;401;1390;757;633;-406;-174;-232
2488;47;2040;30;7;1;7;16;364;188;175;984;583;401;1387;755;633;-403;-172;-232
2489;47;2041;31;7;1;8;16;365;190;175;984;583;401;1391;757;634;-407;-174;-233
2490;47;2042;30;6;1;8;15;355;186;170;984;583;401;1384;753;631;-400;-170;-230
2491;47;2043;30;6;1;8;15;356;188;168;984;583;401;1388;756;632;-404;-173;-231
2492;47;2044;31;7;1;8;16;358;186;172;984;583;401;1394;757;636;-410;-174;-235
2493;47;2045;31;7;1;8;16;362;189;173;984;583;401;1406;765;641;-422;-182;-240
2494;47;2046;32;7;1;8;16;364;189;174;984;583;401;1407;767;640;-423;-184;-239
2495;47;2047;32;7;1;8;16;368;191;177;984;583;401;1415;771;644;-431;-188;-243
2496;47;2048;32;7;1;8;16;368;191;177;984;583;401;1415;771;644;-431;-188;-243
2497;47;2049;35;8;1;9;17;363;188;176;984;583;401;1412;769;643;-428;-186;-242
2498;47;2050;34;8;1;9;16;359;185;173;984;583;401;1408;767;641;-424;-184;-240
2499;48;2000;4;2;0;0;2;575;331;244;932;546;386;870;497;374;62;49;12
2500;48;2001;4;2;0;0;2;563;327;236;936;550;386;896;511;385;40;39;1
2501;48;2002;4;2;0;0;2;556;322;234;940;553;387;940;535;405;0;18;-18
2502;48;2003;4;2;0;0;2;551;313;237;940;554;386;965;548;417;-25;6;-31
2503;48;2004;4;2;0;0;2;548;313;234;940;555;385;1007;577;429;-67;-22;-44
2504;48;2005;4;2;0;0;2;548;312;236;939;553;386;1028;586;442;-89;-33;-56
2505;48;2006;4;2;0;0;2;549;311;238;934;551;383;1060;610;450;-126;-59;-67
2506;48;2007;4;2;0;0;2;556;314;242;935;552;383;1087;625;462;-152;-73;-79
2507;48;2008;4;2;0;0;2;553;311;242;930;550;380;1145;662;483;-215;-112;-103
2508;48;2009;4;2;0;0;2;562;314;248;931;552;379;1130;651;479;-199;-99;-100
2509;48;2010;4;2;0;0;2;562;314;248;929;552;377;1165;674;491;-236;-122;-114
2510;48;2011;4;2;0;0;2;563;315;249;930;553;377;1191;689;503;-261;-136;-126
2511;48;2012;4;2;0;0;2;563;314;250;930;553;377;1233;710;523;-303;-157;-146
2512;48;2013;4;2;0;0;2;554;308;246;930;553;377;1231;709;521;-301;-156;-144
2513;48;2014;4;2;0;0;2;535;297;239;927;551;376;1230;707;524;-303;-156;-148
2514;48;2015;4;2;0;0;2;530;291;238;926;551;375;1232;698;534;-306;-147;-159
2515;48;2016;4;2;0;0;2;528;289;239;926;551;375;1267;716;552;-341;-165;-177
2516;48;2017;4;2;0;0;2;547;299;248;925;551;374;1307;735;572;-382;-184;-198
2517;48;2018;4;2;0;0;2;528;285;242;924;551;373;1314;732;582;-390;-181;-209
2518;48;2019;4;2;0;0;2;507;274;233;924;550;374;1297;716;581;-373;-166;-207
2519;48;2020;4;2;0;0;2;482;259;223;925;551;374;1289;705;584;-364;-154;-210
2520;48;2021;4;2;0;0;2;442;236;206;925;551;374;1258;685;572;-333;-134;-198
2521;48;2022;3;2;0;0;2;425;228;197;925;551;374;1256;683;572;-331;-132;-198
2522;48;2023;3;2;0;0;2;408;217;191;925;551;374;1238;673;564;-313;-122;-190
2523;48;2024;3;2;0;0;2;401;213;187;925;551;374;1236;673;563;-311;-122;-189
2524;48;2025;3;2;0;0;2;394;210;184;925;551;374;1248;676;572;-323;-125;-198
2525;48;2026;4;2;0;0;2;394;209;185;925;551;374;1259;682;576;-334;-131;-202
2526;48;2027;4;2;0;0;2;394;209;185;925;551;374;1264;685;579;-339;-134;-205
2527;48;2028;4;2;0;0;2;400;211;189;925;551;374;1281;695;586;-356;-144;-212
2528;48;2029;4;2;0;0;2;395;209;186;925;551;374;1284;697;586;-359;-146;-212
2529;48;2030;3;1;0;0;2;385;203;181;925;551;374;1284;699;585;-359;-148;-211
2530;48;2031;3;1;0;0;2;378;199;179;925;551;374;1283;698;585;-358;-147;-211
2531;48;2032;3;1;0;0;2;387;203;184;925;551;374;1295;704;591;-370;-153;-217
2532;48;2033;3;1;0;0;2;387;204;183;925;551;374;1303;707;596;-378;-156;-222
2533;48;2034;3;1;0;0;2;395;208;187;925;551;374;1312;713;599;-387;-162;-225
2534;48;2035;3;1;0;0;2;395;208;187;925;551;374;1314;716;599;-389;-165;-225
2535;48;2036;3;1;0;0;2;391;203;187;925;551;374;1314;715;599;-389;-164;-225
2536;48;2037;3;1;0;0;2;389;204;185;925;551;374;1319;718;601;-394;-167;-227
2537;48;2038;4;1;0;0;3;406;212;193;925;551;374;1334;728;606;-409;-177;-232
2538;48;2039;4;1;0;0;3;401;208;193;925;551;374;1333;726;607;-408;-175;-233
2539;48;2040;4;1;0;0;3;396;207;189;925;551;374;1331;726;605;-406;-175;-231
2540;48;2041;4;1;0;0;3;394;205;189;925;551;374;1329;724;605;-404;-173;-231
2541;48;2042;4;1;0;0;3;393;206;187;925;551;374;1332;726;606;-407;-175;-232
2542;48;2043;3;1;0;0;2;385;201;185;925;551;374;1326;722;604;-401;-171;-230
2543;48;2044;3;1;0;0;2;385;200;185;925;551;374;1330;725;605;-405;-174;-231
2544;48;2045;4;1;0;0;3;384;200;184;925;551;374;1335;726;609;-410;-175;-235
2545;48;2046;4;1;0;0;3;391;204;187;925;551;374;1347;734;613;-422;-183;-239
2546;48;2047;4;1;0;0;3;393;206;187;925;551;374;1347;735;612;-422;-184;-238
2547;48;2048;4;1;0;0;3;396;207;189;925;551;374;1355;739;616;-430;-188;-242
2548;48;2049;4;1;0;0;3;391;204;187;925;551;374;1355;739;616;-430;-188;-242
2549;48;2050;4;1;0;0;3;388;202;185;925;551;374;1353;738;615;-428;-187;-241
2550;49;2000;15;2;0;2;11;602;347;254;880;515;365;789;455;334;91;60;31
2551;49;2001;14;2;0;2;10;609;354;255;885;519;366;842;481;361;43;38;5
2552;49;2002;14;2;0;2;10;594;341;252;889;521;368;864;493;371;25;28;-3
2553;49;2003;14;2;0;2;10;588;337;251;890;523;367;905;516;389;-15;7;-22
2554;49;2004;14;2;0;2;10;583;331;252;889;523;366;927;527;399;-38;-4;-33
2555;49;2005;14;2;0;2;10;584;332;252;886;522;364;966;555;412;-80;-33;-48
2556;49;2006;14;2;0;2;10;582;329;252;884;521;363;986;563;423;-102;-42;-60
2557;49;2007;14;2;0;2;10;585;331;254;882;520;362;1016;585;431;-134;-65;-69
2558;49;2008;16;2;0;3;11;597;334;263;878;518;360;1043;600;443;-165;-82;-83
2559;49;2009;15;2;0;3;10;592;333;259;878;519;359;1097;635;463;-219;-116;-104
2560;49;2010;15;2;0;3;10;594;333;260;876;520;356;1084;625;459;-208;-105;-103
2561;49;2011;15;2;0;3;10;598;331;267;878;519;359;1118;646;472;-240;-127;-113
2562;49;2012;15;2;0;3;10;603;334;268;877;519;358;1143;661;483;-266;-142;-125
2563;49;2013;15;2;0;3;10;608;337;271;876;519;357;1183;681;502;-307;-162;-145
2564;49;2014;15;2;0;3;10;591;328;263;875;519;356;1181;680;501;-306;-161;-145
2565;49;2015;15;2;0;3;10;572;314;258;873;518;355;1181;677;503;-308;-159;-148
2566;49;2016;15;2;0;3;10;561;307;254;873;518;355;1182;669;512;-309;-151;-157
2567;49;2017;14;2;0;3;9;567;311;256;873;518;355;1216;686;530;-343;-168;-175
2568;49;2018;14;2;0;3;9;584;318;265;874;519;355;1254;704;550;-380;-185;-195
2569;49;2019;14;2;0;3;9;565;306;259;874;519;355;1260;701;559;-386;-182;-204
2570;49;2020;13;2;0;3;8;540;292;247;872;519;353;1244;686;559;-372;-167;-206
2571;49;2021;12;2;0;2;8;511;274;237;872;519;353;1235;677;558;-363;-158;-205
2572;49;2022;10;2;0;2;7;474;255;219;872;519;353;1205;658;548;-333;-139;-195
2573;49;2023;10;2;0;2;7;451;242;209;872;519;353;1203;656;548;-331;-137;-195
2574;49;2024;11;2;0;2;7;435;232;203;872;519;353;1186;646;540;-314;-127;-187
2575;49;2025;9;2;0;2;6;428;230;198;872;519;353;1184;645;539;-312;-126;-186
2576;49;2026;9;2;0;2;6;422;223;199;872;519;353;1195;648;547;-323;-129;-194
2577;49;2027;10;2;0;2;6;423;226;198;872;519;353;1205;654;551;-333;-135;-198
2578;49;2028;10;2;0;2;6;420;224;196;872;519;353;1210;656;554;-338;-137;-201
2579;49;2029;10;2;0;2;6;431;229;202;872;519;353;1226;666;560;-354;-147;-207
2580;49;2030;10;2;0;2;6;421;221;200;872;519;353;1229;669;560;-357;-150;-207
2581;49;2031;9;2;0;2;5;407;214;193;872;519;353;1229;670;559;-357;-151;-206
2582;49;2032;9;2;0;2;5;404;213;191;872;519;353;1228;669;559;-356;-150;-206
2583;49;2033;7;1;0;2;5;409;216;193;872;519;353;1239;675;565;-367;-156;-212
2584;49;2034;8;1;0;2;5;413;217;196;872;519;353;1247;677;570;-375;-158;-217
2585;49;2035;9;1;0;2;6;423;221;201;872;519;353;1256;683;573;-384;-164;-220
2586;49;2036;9;1;0;2;6;421;222;199;872;519;353;1258;686;572;-386;-167;-219
2587;49;2037;7;1;0;2;4;419;222;197;872;519;353;1258;685;572;-386;-166;-219
2588;49;2038;7;1;0;2;4;420;221;199;872;519;353;1263;688;575;-391;-169;-222
2589;49;2039;7;1;0;2;4;430;226;203;872;519;353;1277;698;580;-405;-179;-227
2590;49;2040;7;1;0;2;4;431;224;207;872;519;353;1276;696;580;-404;-177;-227
2591;49;2041;6;1;0;1;4;422;221;201;872;519;353;1275;696;579;-403;-177;-226
2592;49;2042;5;1;0;1;3;418;220;199;872;519;353;1272;694;578;-400;-175;-225
2593;49;2043;5;1;0;1;3;419;219;200;872;519;353;1276;696;580;-404;-177;-227
2594;49;2044;5;1;0;1;3;410;214;196;872;519;353;1270;693;577;-398;-174;-224
2595;49;2045;5;1;0;1;3;409;215;194;872;519;353;1273;695;578;-401;-176;-225
2596;49;2046;5;1;0;1;3;408;211;197;872;519;353;1278;696;582;-406;-177;-229
2597;49;2047;5;1;0;1;3;416;218;198;872;519;353;1290;704;586;-418;-185;-233
2598;49;2048;5;1;0;1;3;418;219;199;872;519;353;1290;705;585;-418;-186;-232
2599;49;2049;5;1;0;1;3;421;221;200;872;519;353;1298;709;589;-426;-190;-236
2600;49;2050;5;1;0;1;3;419;220;199;872;519;353;1298;709;589;-426;-190;-236
2601;50;2000;0;0;0;0;0;682;399;283;832;484;348;775;451;324;57;33;24
2602;50;2001;0;0;0;0;0;664;390;274;837;488;349;764;441;323;73;47;26
2603;50;2002;0;0;0;0;0;667;390;277;840;491;349;812;464;348;28;27;1
2604;50;2003;0;0;0;0;0;648;376;272;841;491;350;832;475;356;9;16;-6
2605;50;2004;0;0;0;0;0;646;372;274;840;491;349;868;495;373;-28;-4;-24
2606;50;2005;0;0;0;0;0;643;369;274;836;491;345;889;507;382;-53;-16;-37
2607;50;2006;0;0;0;0;0;645;369;276;836;490;346;926;532;394;-90;-42;-48
2608;50;2007;0;0;0;0;0;646;368;278;833;489;344;944;540;404;-111;-51;-60
2609;50;2008;0;0;0;0;0;653;370;282;829;487;342;973;560;412;-144;-73;-70
2610;50;2009;0;0;0;0;0;658;372;286;827;486;341;998;574;424;-171;-88;-83
2611;50;2010;0;0;0;0;0;656;369;286;827;486;341;1049;607;442;-222;-121;-101
2612;50;2011;0;0;0;0;0;670;375;295;826;486;340;1038;598;440;-212;-112;-100
2613;50;2012;0;0;0;0;0;662;371;290;824;487;337;1071;619;452;-247;-132;-115
2614;50;2013;0;0;0;0;0;668;374;295;825;487;338;1095;632;463;-270;-145;-125
2615;50;2014;0;0;0;0;0;672;374;298;825;488;337;1132;652;481;-307;-164;-144
2616;50;2015;0;0;0;0;0;650;363;287;826;487;339;1130;650;480;-304;-163;-141
2617;50;2016;0;0;0;0;0;635;353;282;827;488;339;1130;648;482;-303;-160;-143
2618;50;2017;0;0;0;0;0;631;348;282;828;489;339;1131;640;491;-303;-151;-152
2619;50;2018;0;0;0;0;0;628;343;285;826;489;337;1163;656;508;-337;-167;-171
2620;50;2019;0;0;0;0;0;651;358;294;826;489;337;1200;673;527;-374;-184;-190
2621;50;2020;0;0;0;0;0;626;343;283;825;488;337;1206;670;536;-381;-182;-199
2622;50;2021;0;0;0;0;0;605;331;274;825;488;337;1190;657;533;-365;-169;-196
2623;50;2022;0;0;0;0;0;569;307;262;825;488;337;1181;648;533;-356;-160;-196
2624;50;2023;0;0;0;0;0;525;282;243;825;488;337;1152;630;522;-327;-142;-185
2625;50;2024;0;0;0;0;0;506;273;233;825;488;337;1150;627;522;-325;-139;-185
2626;50;2025;0;0;0;0;0;483;259;224;825;488;337;1132;618;515;-307;-130;-178
2627;50;2026;0;0;0;0;0;476;257;219;825;488;337;1130;617;513;-305;-129;-176
2628;50;2027;0;0;0;0;0;471;251;219;825;488;337;1141;620;521;-316;-132;-184
2629;50;2028;0;0;0;0;0;470;253;217;825;488;337;1150;626;525;-325;-138;-188
2630;50;2029;0;0;0;0;0;466;247;219;825;488;337;1155;627;527;-330;-139;-190
2631;50;2030;0;0;0;0;0;477;254;223;825;488;337;1170;637;533;-345;-149;-196
2632;50;2031;0;0;0;0;0;470;250;220;825;488;337;1172;639;533;-347;-151;-196
2633;50;2032;0;0;0;0;0;455;242;213;825;488;337;1172;640;532;-347;-152;-195
2634;50;2033;0;0;0;0;0;449;239;211;825;488;337;1172;639;533;-347;-151;-196
2635;50;2034;0;0;0;0;0;458;244;215;825;488;337;1182;645;538;-357;-157;-201
2636;50;2035;0;0;0;0;0;457;241;216;825;488;337;1190;647;542;-365;-159;-205
2637;50;2036;0;0;0;0;0;469;249;220;825;488;337;1198;653;545;-373;-165;-208
2638;50;2037;0;0;0;0;0;470;250;221;825;488;337;1201;656;545;-376;-168;-208
2639;50;2038;0;0;0;0;0;470;246;224;825;488;337;1200;655;545;-375;-167;-208
2640;50;2039;0;0;0;0;0;469;248;221;825;488;337;1205;658;547;-380;-170;-210
2641;50;2040;0;0;0;0;0;481;254;227;825;488;337;1219;667;552;-394;-179;-215
2642;50;2041;0;0;0;0;0;477;251;226;825;488;337;1218;666;553;-393;-178;-216
2643;50;2042;0;0;0;0;0;475;250;225;825;488;337;1217;665;551;-392;-177;-214
2644;50;2043;0;0;0;0;0;468;245;223;825;488;337;1215;664;551;-390;-176;-214
2645;50;2044;0;0;0;0;0;468;246;222;825;488;337;1218;665;552;-393;-177;-215
2646;50;2045;0;0;0;0;0;454;239;215;825;488;337;1212;662;550;-387;-174;-213
2647;50;2046;0;0;0;0;0;454;240;214;825;488;337;1216;665;551;-391;-177;-214
2648;50;2047;0;0;0;0;0;456;239;216;825;488;337;1220;666;555;-395;-178;-218
2649;50;2048;0;0;0;0;0;466;246;220;825;488;337;1231;673;559;-406;-185;-222
2650;50;2049;0;0;0;0;0;463;243;220;825;488;337;1232;674;558;-407;-186;-221
2651;50;2050;0;0;0;0;0;470;247;224;825;488;337;1240;678;561;-415;-190;-224
2652;51;2000;0;0;0;0;0;767;452;315;782;452;330;732;426;306;50;26;24
2653;51;2001;0;0;0;0;0;740;439;300;784;456;328;749;435;313;35;21;15
2654;51;2002;0;0;0;0;0;721;425;295;790;458;332;736;425;311;54;33;21
2655;51;2003;0;0;0;0;0;728;427;301;792;462;330;781;447;334;11;15;-4
2656;51;2004;0;0;0;0;0;706;411;294;793;462;331;798;457;341;-5;5;-10
2657;51;2005;0;0;0;0;0;705;408;297;791;461;330;831;475;356;-40;-14;-26
2658;51;2006;0;0;0;0;0;700;404;296;786;459;327;850;485;365;-64;-26;-38
2659;51;2007;0;0;0;0;0;709;409;300;783;457;326;885;509;376;-102;-52;-50
2660;51;2008;0;0;0;0;0;709;406;303;780;456;324;902;516;386;-122;-60;-62
2661;51;2009;0;0;0;0;0;716;409;307;781;456;325;928;535;393;-147;-79;-68
2662;51;2010;0;0;0;0;0;726;413;314;779;456;323;953;549;404;-174;-93;-81
2663;51;2011;0;0;0;0;0;720;411;308;780;458;322;1001;579;422;-221;-121;-100
2664;51;2012;0;0;0;0;0;728;414;315;782;458;324;992;572;420;-210;-114;-96
2665;51;2013;0;0;0;0;0;726;411;315;781;458;323;1023;591;432;-242;-133;-109
2666;51;2014;0;0;0;0;0;734;415;319;781;459;322;1046;603;442;-265;-144;-120
2667;51;2015;0;0;0;0;0;736;414;321;780;458;322;1081;621;459;-301;-163;-137
2668;51;2016;0;0;0;0;0;719;405;315;779;457;322;1079;620;459;-300;-163;-137
2669;51;2017;0;0;0;0;0;697;391;306;775;456;319;1079;618;461;-304;-162;-142
2670;51;2018;0;0;0;0;0;691;385;305;777;456;321;1079;610;469;-302;-154;-148
2671;51;2019;0;0;0;0;0;688;382;306;778;457;321;1110;625;485;-332;-168;-164
2672;51;2020;0;0;0;0;0;711;394;317;777;456;321;1146;642;504;-369;-186;-183
2673;51;2021;0;0;0;0;0;694;383;312;777;456;321;1150;640;510;-373;-184;-189
2674;51;2022;0;0;0;0;0;660;363;297;777;456;321;1135;627;507;-358;-171;-186
2675;51;2023;0;0;0;0;0;624;341;283;777;456;321;1125;619;507;-348;-163;-186
2676;51;2024;0;0;0;0;0;579;315;264;777;456;321;1098;601;497;-321;-145;-176
2677;51;2025;0;0;0;0;0;555;302;253;777;456;321;1095;598;496;-318;-142;-175
2678;51;2026;0;0;0;0;0;532;289;243;777;456;321;1078;589;489;-301;-133;-168
2679;51;2027;0;0;0;0;0;524;284;240;777;456;321;1076;588;488;-299;-132;-167
2680;51;2028;0;0;0;0;0;513;278;235;777;456;321;1086;590;495;-309;-134;-174
2681;51;2029;0;0;0;0;0;518;280;239;777;456;321;1095;596;499;-318;-140;-178
2682;51;2030;0;0;0;0;0;511;277;234;777;456;321;1099;598;501;-322;-142;-180
2683;51;2031;0;0;0;0;0;523;281;242;777;456;321;1113;606;506;-336;-150;-185
2684;51;2032;0;0;0;0;0;517;280;237;777;456;321;1114;608;506;-337;-152;-185
2685;51;2033;0;0;0;0;0;500;270;230;777;456;321;1114;609;505;-337;-153;-184
2686;51;2034;0;0;0;0;0;494;266;228;777;456;321;1113;608;505;-336;-152;-184
2687;51;2035;0;0;0;0;0;500;269;231;777;456;321;1124;613;511;-347;-157;-190
2688;51;2036;0;0;0;0;0;503;270;233;777;456;321;1131;616;515;-354;-160;-194
2689;51;2037;0;0;0;0;0;518;276;241;777;456;321;1139;622;518;-362;-166;-197
2690;51;2038;0;0;0;0;0;517;277;240;777;456;321;1142;625;517;-365;-169;-196
2691;51;2039;0;0;0;0;0;512;274;239;777;456;321;1141;624;517;-364;-168;-196
2692;51;2040;0;0;0;0;0;513;274;239;777;456;321;1146;626;520;-369;-170;-199
2693;51;2041;0;0;0;0;0;532;285;247;777;456;321;1159;635;524;-382;-179;-203
2694;51;2042;0;0;0;0;0;525;282;243;777;456;321;1159;634;525;-382;-178;-204
2695;51;2043;0;0;0;0;0;517;277;241;777;456;321;1157;634;523;-380;-178;-202
2696;51;2044;0;0;0;0;0;516;276;240;777;456;321;1155;632;523;-378;-176;-202
2697;51;2045;0;0;0;0;0;517;277;240;777;456;321;1158;634;524;-381;-178;-203
2698;51;2046;0;0;0;0;0;502;269;234;777;456;321;1153;631;522;-376;-175;-201
2699;51;2047;0;0;0;0;0;496;266;230;777;456;321;1157;633;523;-380;-177;-202
2700;51;2048;0;0;0;0;0;498;267;231;777;456;321;1161;635;527;-384;-179;-206
2701;51;2049;0;0;0;0;0;510;272;238;777;456;321;1172;641;531;-395;-185;-210
2702;51;2050;0;0;0;0;0;511;273;238;777;456;321;1173;643;530;-396;-187;-209
2703;52;2000;0;0;0;0;0;868;523;345;732;423;309;711;416;295;21;7;14
2704;52;2001;0;0;0;0;0;825;498;327;733;425;308;706;410;295;27;15;13
2705;52;2002;0;0;0;0;0;794;475;318;736;427;309;719;418;301;17;9;8
2706;52;2003;0;0;0;0;0;773;462;312;738;428;310;707;409;299;31;19;11
2707;52;2004;0;0;0;0;0;779;461;319;739;430;309;748;429;320;-9;1;-11
2708;52;2005;0;0;0;0;0;763;450;313;734;428;306;764;437;326;-30;-9;-20
2709;52;2006;0;0;0;0;0;763;449;315;733;427;306;794;453;340;-61;-26;-34
2710;52;2007;0;0;0;0;0;760;443;317;729;426;303;812;463;349;-83;-37;-46
2711;52;2008;0;0;0;0;0;766;447;319;729;425;304;844;485;359;-115;-60;-55
2712;52;2009;0;0;0;0;0;767;446;320;729;425;304;859;492;368;-130;-67;-64
2713;52;2010;0;0;0;0;0;770;444;326;728;426;302;885;510;375;-157;-84;-73
2714;52;2011;0;0;0;0;0;781;450;331;728;426;302;909;523;386;-181;-97;-84
2715;52;2012;0;0;0;0;0;778;447;331;726;426;300;953;551;403;-227;-125;-103
2716;52;2013;0;0;0;0;0;789;453;337;727;426;301;946;545;401;-219;-119;-100
2717;52;2014;0;0;0;0;0;785;449;336;727;426;301;975;562;413;-248;-136;-112
2718;52;2015;0;0;0;0;0;794;456;337;727;427;300;997;574;422;-270;-147;-122
2719;52;2016;0;0;0;0;0;795;454;341;726;426;300;1030;591;438;-304;-165;-138
2720;52;2017;0;0;0;0;0;776;444;333;724;425;299;1028;590;438;-304;-165;-139
2721;52;2018;0;0;0;0;0;760;431;329;724;425;299;1028;587;441;-304;-162;-142
2722;52;2019;0;0;0;0;0;745;423;322;725;426;299;1028;580;448;-303;-154;-149
2723;52;2020;0;0;0;0;0;749;421;328;727;427;300;1057;594;463;-330;-167;-163
2724;52;2021;0;0;0;0;0;772;432;339;727;427;300;1091;612;479;-364;-185;-179
2725;52;2022;0;0;0;0;0;746;418;328;727;427;300;1094;610;484;-367;-183;-184
2726;52;2023;0;0;0;0;0;716;398;318;727;427;300;1080;598;482;-353;-171;-182
2727;52;2024;0;0;0;0;0;679;376;303;727;427;300;1071;589;481;-344;-162;-181
2728;52;2025;0;0;0;0;0;627;347;280;727;427;300;1044;572;472;-317;-145;-172
2729;52;2026;0;0;0;0;0;603;334;269;727;427;300;1041;569;471;-314;-142;-171
2730;52;2027;0;0;0;0;0;573;317;256;727;427;300;1024;560;464;-297;-133;-164
2731;52;2028;0;0;0;0;0;568;315;253;727;427;300;1022;559;463;-295;-132;-163
2732;52;2029;0;0;0;0;0;556;305;250;727;427;300;1031;561;470;-304;-134;-170
2733;52;2030;0;0;0;0;0;563;311;253;727;427;300;1040;566;473;-313;-139;-173
2734;52;2031;0;0;0;0;0;558;303;254;727;427;300;1043;568;475;-316;-141;-175
2735;52;2032;0;0;0;0;0;567;311;255;727;427;300;1057;576;480;-330;-149;-180
2736;52;2033;0;0;0;0;0;558;305;252;727;427;300;1058;578;480;-331;-151;-180
2737;52;2034;0;0;0;0;0;541;297;244;727;427;300;1057;578;479;-330;-151;-179
2738;52;2035;0;0;0;0;0;536;294;242;727;427;300;1056;577;479;-329;-150;-179
2739;52;2036;0;0;0;0;0;545;298;247;727;427;300;1067;583;484;-340;-156;-184
2740;52;2037;0;0;0;0;0;550;302;248;727;427;300;1074;585;488;-347;-158;-188
2741;52;2038;0;0;0;0;0;557;304;253;727;427;300;1081;590;491;-354;-163;-191
2742;52;2039;0;0;0;0;0;556;302;254;727;427;300;1084;593;490;-357;-166;-190
2743;52;2040;0;0;0;0;0;556;302;253;727;427;300;1083;593;491;-356;-166;-191
2744;52;2041;0;0;0;0;0;555;300;254;727;427;300;1088;595;493;-361;-168;-193
2745;52;2042;0;0;0;0;0;573;312;260;727;427;300;1101;604;497;-374;-177;-197
2746;52;2043;0;0;0;0;0;570;311;259;727;427;300;1100;603;498;-373;-176;-198
2747;52;2044;0;0;0;0;0;563;309;255;727;427;300;1099;602;496;-372;-175;-196
2748;52;2045;0;0;0;0;0;559;304;254;727;427;300;1097;601;496;-370;-174;-196
2749;52;2046;0;0;0;0;0;557;303;254;727;427;300;1100;603;497;-373;-176;-197
2750;52;2047;0;0;0;0;0;546;298;249;727;427;300;1095;600;495;-368;-173;-195
2751;52;2048;0;0;0;0;0;541;294;247;727;427;300;1098;602;496;-371;-175;-196
2752;52;2049;0;0;0;0;0;543;293;250;727;427;300;1103;603;500;-376;-176;-200
2753;52;2050;0;0;0;0;0;556;301;255;727;427;300;1113;610;503;-386;-183;-203
2754;53;2000;0;0;0;0;0;993;597;396;680;394;286;687;402;285;-7;-8;1
2755;53;2001;0;0;0;0;0;925;558;367;685;396;289;684;400;285;1;-4;4
2756;53;2002;0;0;0;0;0;875;525;349;686;397;289;676;393;283;10;4;6
2757;53;2003;0;0;0;0;0;840;501;339;687;398;289;689;400;289;-2;-2;0
2758;53;2004;0;0;0;0;0;815;485;330;684;398;286;677;391;286;7;7;0
2759;53;2005;0;0;0;0;0;830;489;341;684;398;286;715;410;306;-31;-12;-20
2760;53;2006;0;0;0;0;0;813;480;333;680;395;285;729;417;312;-49;-22;-27
2761;53;2007;0;0;0;0;0;814;479;335;681;396;285;757;432;325;-76;-36;-40
2762;53;2008;0;0;0;0;0;809;471;338;676;394;282;773;441;332;-97;-47;-50
2763;53;2009;0;0;0;0;0;814;475;339;674;394;280;803;461;342;-129;-67;-62
2764;53;2010;0;0;0;0;0;819;475;344;677;396;281;818;467;350;-141;-71;-69
2765;53;2011;0;0;0;0;0;824;479;345;677;396;281;842;484;358;-165;-88;-77
2766;53;2012;0;0;0;0;0;834;481;353;677;396;281;864;497;368;-187;-101;-87
2767;53;2013;0;0;0;0;0;827;477;351;676;395;281;906;522;384;-230;-127;-103
2768;53;2014;0;0;0;0;0;843;484;359;674;395;279;901;518;383;-227;-123;-104
2769;53;2015;0;0;0;0;0;842;481;361;673;395;278;927;534;394;-254;-139;-116
2770;53;2016;0;0;0;0;0;844;482;362;675;395;280;949;546;403;-274;-151;-123
2771;53;2017;0;0;0;0;0;852;486;366;673;394;279;979;561;418;-306;-167;-139
2772;53;2018;0;0;0;0;0;829;472;357;673;395;278;978;560;418;-305;-165;-140
2773;53;2019;0;0;0;0;0;805;456;350;675;396;279;978;557;421;-303;-161;-142
2774;53;2020;0;0;0;0;0;802;454;347;675;395;280;977;551;427;-302;-156;-147
2775;53;2021;0;0;0;0;0;798;450;348;675;395;280;1005;565;440;-330;-170;-160
2776;53;2022;0;0;0;0;0;827;468;359;675;395;280;1037;582;455;-362;-187;-175
2777;53;2023;0;0;0;0;0;798;445;353;675;395;280;1040;580;460;-365;-185;-180
2778;53;2024;0;0;0;0;0;762;426;336;675;395;280;1027;569;458;-352;-174;-178
2779;53;2025;0;0;0;0;0;724;401;324;675;395;280;1017;560;457;-342;-165;-177
2780;53;2026;0;0;0;0;0;671;372;299;675;395;280;992;543;448;-317;-148;-168
2781;53;2027;0;0;0;0;0;640;357;283;675;395;280;988;541;447;-313;-146;-167
2782;53;2028;0;0;0;0;0;611;338;273;675;395;280;972;532;440;-297;-137;-160
2783;53;2029;0;0;0;0;0;607;336;271;675;395;280;970;530;439;-295;-135;-159
2784;53;2030;0;0;0;0;0;598;330;268;675;395;280;978;532;446;-303;-137;-166
2785;53;2031;0;0;0;0;0;601;331;270;675;395;280;986;537;449;-311;-142;-169
2786;53;2032;0;0;0;0;0;599;330;268;675;395;280;989;539;451;-314;-144;-171
2787;53;2033;0;0;0;0;0;607;334;273;675;395;280;1001;546;455;-326;-151;-175
2788;53;2034;0;0;0;0;0;595;328;267;675;395;280;1002;547;455;-327;-152;-175
2789;53;2035;0;0;0;0;0;583;320;263;675;395;280;1001;548;454;-326;-153;-174
2790;53;2036;0;0;0;0;0;574;314;261;675;395;280;1001;547;454;-326;-152;-174
2791;53;2037;0;0;0;0;0;578;318;260;675;395;280;1011;552;459;-336;-157;-179
2792;53;2038;0;0;0;0;0;589;320;269;675;395;280;1017;555;463;-342;-160;-183
2793;53;2039;0;0;0;0;0;595;325;270;675;395;280;1025;560;465;-350;-165;-185
2794;53;2040;0;0;0;0;0;599;327;272;675;395;280;1027;563;465;-352;-168;-185
2795;53;2041;0;0;0;0;0;595;324;271;675;395;280;1027;562;465;-352;-167;-185
2796;53;2042;0;0;0;0;0;598;326;272;675;395;280;1031;564;467;-356;-169;-187
2797;53;2043;0;0;0;0;0;616;337;278;675;395;280;1044;572;471;-369;-177;-191
2798;53;2044;0;0;0;0;0;612;334;278;675;395;280;1043;572;472;-368;-177;-192
2799;53;2045;0;0;0;0;0;605;329;277;675;395;280;1042;571;470;-367;-176;-190
2800;53;2046;0;0;0;0;0;595;323;272;675;395;280;1040;570;470;-365;-175;-190
2801;53;2047;0;0;0;0;0;597;325;272;675;395;280;1043;572;471;-368;-177;-191
2802;53;2048;0;0;0;0;0;583;318;265;675;395;280;1038;569;469;-363;-174;-189
2803;53;2049;0;0;0;0;0;581;318;263;675;395;280;1041;571;470;-366;-176;-190
2804;53;2050;0;0;0;0;0;584;318;266;675;395;280;1046;572;474;-371;-177;-194
2805;54;2000;0;0;0;0;0;1104;671;433;632;367;265;645;384;261;-13;-17;4
2806;54;2001;0;0;0;0;0;1046;636;410;634;368;266;660;386;274;-26;-18;-8
2807;54;2002;0;0;0;0;0;972;590;381;636;371;265;655;382;273;-19;-11;-8
2808;54;2003;0;0;0;0;0;918;553;365;637;372;265;647;375;271;-10;-3;-6
2809;54;2004;0;0;0;0;0;885;531;354;637;371;266;658;382;277;-21;-11;-11
2810;54;2005;0;0;0;0;0;864;515;349;633;369;264;647;373;274;-14;-4;-10
2811;54;2006;0;0;0;0;0;879;523;357;630;368;262;682;390;292;-52;-22;-30
2812;54;2007;0;0;0;0;0;862;508;354;627;367;260;694;397;297;-67;-30;-37
2813;54;2008;0;0;0;0;0;864;509;355;627;367;260;720;410;310;-93;-43;-50
2814;54;2009;0;0;0;0;0;861;504;357;624;365;259;735;419;317;-111;-54;-58
2815;54;2010;0;0;0;0;0;867;509;358;624;366;258;763;438;326;-139;-72;-68
2816;54;2011;0;0;0;0;0;872;510;363;624;366;258;777;443;333;-153;-77;-75
2817;54;2012;0;0;0;0;0;877;509;369;625;368;257;799;459;341;-174;-91;-84
2818;54;2013;0;0;0;0;0;889;514;375;625;368;257;821;471;350;-196;-103;-93
2819;54;2014;0;0;0;0;0;888;512;376;625;368;257;860;494;365;-235;-126;-108
2820;54;2015;0;0;0;0;0;897;517;381;625;368;257;856;491;365;-231;-123;-108
2821;54;2016;0;0;0;0;0;898;516;382;625;368;257;881;506;375;-256;-138;-118
2822;54;2017;0;0;0;0;0;901;519;382;624;368;256;901;517;384;-277;-149;-128
2823;54;2018;0;0;0;0;0;906;520;386;624;367;257;930;531;399;-306;-164;-142
2824;54;2019;0;0;0;0;0;882;507;375;622;366;256;929;530;399;-307;-164;-143
2825;54;2020;0;0;0;0;0;867;495;372;624;367;257;929;527;402;-305;-160;-145
2826;54;2021;0;0;0;0;0;850;486;364;624;367;257;928;522;405;-304;-155;-148
2827;54;2022;0;0;0;0;0;847;480;366;624;367;257;953;535;418;-329;-168;-161
2828;54;2023;0;0;0;0;0;877;496;381;624;367;257;984;552;432;-360;-185;-175
2829;54;2024;0;0;0;0;0;852;479;373;624;367;257;986;550;437;-362;-183;-180
2830;54;2025;0;0;0;0;0;814;458;356;624;367;257;974;539;435;-350;-172;-178
2831;54;2026;0;0;0;0;0;772;432;340;624;367;257;964;531;433;-340;-164;-176
2832;54;2027;0;0;0;0;0;713;398;315;624;367;257;940;515;425;-316;-148;-168
2833;54;2028;0;0;0;0;0;684;384;300;624;367;257;936;512;424;-312;-145;-167
2834;54;2029;0;0;0;0;0;657;366;291;624;367;257;921;503;417;-297;-136;-160
2835;54;2030;0;0;0;0;0;650;362;288;624;367;257;918;502;416;-294;-135;-159
2836;54;2031;0;0;0;0;0;638;353;285;624;367;257;926;504;423;-302;-137;-166
2837;54;2032;0;0;0;0;0;642;355;287;624;367;257;933;508;425;-309;-141;-168
2838;54;2033;0;0;0;0;0;633;350;282;624;367;257;936;510;427;-312;-143;-170
2839;54;2034;0;0;0;0;0;651;360;291;624;367;257;948;517;431;-324;-150;-174
2840;54;2035;0;0;0;0;0;635;350;285;624;367;257;948;518;431;-324;-151;-174
2841;54;2036;0;0;0;0;0;617;341;276;624;367;257;947;518;429;-323;-151;-172
2842;54;2037;0;0;0;0;0;612;338;274;624;367;257;947;517;430;-323;-150;-173
2843;54;2038;0;0;0;0;0;621;343;278;624;367;257;956;522;434;-332;-155;-177
2844;54;2039;0;0;0;0;0;626;344;281;624;367;257;963;525;438;-339;-158;-181
2845;54;2040;0;0;0;0;0;637;349;289;624;367;257;970;529;440;-346;-162;-183
2846;54;2041;0;0;0;0;0;640;353;287;624;367;257;972;532;440;-348;-165;-183
2847;54;2042;0;0;0;0;0;635;349;286;624;367;257;972;531;440;-348;-164;-183
2848;54;2043;0;0;0;0;0;640;350;291;624;367;257;976;534;442;-352;-167;-185
2849;54;2044;0;0;0;0;0;656;361;295;624;367;257;988;542;446;-364;-175;-189
2850;54;2045;0;0;0;0;0;654;359;295;624;367;257;987;541;446;-363;-174;-189
2851;54;2046;0;0;0;0;0;641;353;289;624;367;257;986;541;445;-362;-174;-188
2852;54;2047;0;0;0;0;0;637;349;288;624;367;257;984;539;445;-360;-172;-188
2853;54;2048;0;0;0;0;0;636;348;288;624;367;257;987;541;446;-363;-174;-189
2854;54;2049;0;0;0;0;0;625;342;283;624;367;257;983;538;444;-359;-171;-187
2855;54;2050;0;0;0;0;0;622;342;280;624;367;257;986;540;446;-362;-173;-189
2856;55;2000;0;0;0;0;0;886;539;347;583;340;243;524;311;213;59;29;30
2857;55;2001;0;0;0;0;0;1209;738;471;582;340;242;620;368;252;-38;-28;-10
2858;55;2002;0;0;0;0;0;1141;691;450;586;343;243;630;368;262;-44;-25;-19
2859;55;2003;0;0;0;0;0;1058;638;420;585;342;243;625;364;261;-40;-22;-18
2860;55;2004;0;0;0;0;0;1002;601;401;584;342;242;617;357;259;-33;-15;-17
2861;55;2005;0;0;0;0;0;970;580;390;582;342;240;627;363;264;-45;-21;-24
2862;55;2006;0;0;0;0;0;949;566;383;578;341;237;616;355;261;-38;-14;-24
2863;55;2007;0;0;0;0;0;968;574;394;577;341;236;649;371;278;-72;-30;-42
2864;55;2008;0;0;0;0;0;948;560;388;576;339;237;660;377;283;-84;-38;-46
2865;55;2009;0;0;0;0;0;948;557;391;575;339;236;683;389;295;-108;-50;-59
2866;55;2010;0;0;0;0;0;948;553;395;576;341;235;698;397;301;-122;-56;-66
2867;55;2011;0;0;0;0;0;954;558;396;574;340;234;724;414;310;-150;-74;-76
2868;55;2012;0;0;0;0;0;959;559;400;575;342;233;737;420;317;-162;-78;-84
2869;55;2013;0;0;0;0;0;963;560;403;576;341;235;758;434;324;-182;-93;-89
2870;55;2014;0;0;0;0;0;978;566;412;577;341;236;779;445;333;-202;-104;-97
2871;55;2015;0;0;0;0;0;975;563;412;575;339;236;814;467;348;-239;-128;-112
2872;55;2016;0;0;0;0;0;990;570;420;574;340;234;811;464;347;-237;-124;-113
2873;55;2017;0;0;0;0;0;986;565;421;573;340;233;835;478;357;-262;-138;-124
2874;55;2018;0;0;0;0;0;996;571;425;572;339;233;854;488;366;-282;-149;-133
2875;55;2019;0;0;0;0;0;997;570;427;573;339;234;881;502;380;-308;-163;-146
2876;55;2020;0;0;0;0;0;974;560;414;572;339;233;880;500;380;-308;-161;-147
2877;55;2021;0;0;0;0;0;948;540;408;572;339;233;880;499;381;-308;-160;-148
2878;55;2022;0;0;0;0;0;937;533;404;572;339;233;879;494;384;-307;-155;-151
2879;55;2023;0;0;0;0;0;936;529;406;572;339;233;903;507;396;-331;-168;-163
2880;55;2024;0;0;0;0;0;969;549;420;572;339;233;932;522;410;-360;-183;-177
2881;55;2025;0;0;0;0;0;936;527;409;572;339;233;934;520;414;-362;-181;-181
2882;55;2026;0;0;0;0;0;897;505;392;572;339;233;923;511;412;-351;-172;-179
2883;55;2027;0;0;0;0;0;852;476;376;572;339;233;913;502;411;-341;-163;-178
2884;55;2028;0;0;0;0;0;787;439;348;572;339;233;890;487;403;-318;-148;-170
2885;55;2029;0;0;0;0;0;754;422;332;572;339;233;886;484;402;-314;-145;-169
2886;55;2030;0;0;0;0;0;722;403;319;572;339;233;871;475;395;-299;-136;-162
2887;55;2031;0;0;0;0;0;716;399;317;572;339;233;868;474;394;-296;-135;-161
2888;55;2032;0;0;0;0;0;700;389;312;572;339;233;876;476;400;-304;-137;-167
2889;55;2033;0;0;0;0;0;706;391;315;572;339;233;882;480;403;-310;-141;-170
2890;55;2034;0;0;0;0;0;701;387;314;572;339;233;885;481;404;-313;-142;-171
2891;55;2035;0;0;0;0;0;716;398;318;572;339;233;896;488;408;-324;-149;-175
2892;55;2036;0;0;0;0;0;702;387;315;572;339;233;896;488;408;-324;-149;-175
2893;55;2037;0;0;0;0;0;681;377;304;572;339;233;894;488;406;-322;-149;-173
2894;55;2038;0;0;0;0;0;674;370;303;572;339;233;894;488;407;-322;-149;-174
2895;55;2039;0;0;0;0;0;685;379;306;572;339;233;903;492;411;-331;-153;-178
2896;55;2040;0;0;0;0;0;690;380;310;572;339;233;909;495;414;-337;-156;-181
2897;55;2041;0;0;0;0;0;704;387;317;572;339;233;916;499;416;-344;-160;-183
2898;55;2042;0;0;0;0;0;707;391;316;572;339;233;918;502;416;-346;-163;-183
2899;55;2043;0;0;0;0;0;702;387;315;572;339;233;918;501;416;-346;-162;-183
2900;55;2044;0;0;0;0;0;703;387;316;572;339;233;922;504;418;-350;-165;-185
2901;55;2045;0;0;0;0;0;720;397;323;572;339;233;933;511;422;-361;-172;-189
2902;55;2046;0;0;0;0;0;720;395;325;572;339;233;933;511;422;-361;-172;-189
2903;55;2047;0;0;0;0;0;712;392;320;572;339;233;932;510;421;-360;-171;-188
2904;55;2048;0;0;0;0;0;705;387;318;572;339;233;930;509;421;-358;-170;-188
2905;55;2049;0;0;0;0;0;709;388;321;572;339;233;933;511;422;-361;-172;-189
2906;55;2050;0;0;0;0;0;694;380;314;572;339;233;929;508;421;-357;-169;-188
2907;56;2000;0;0;0;0;0;1042;642;400;536;316;220;491;291;199;45;25;21
2908;56;2001;0;0;0;0;0;976;606;370;533;315;218;503;297;206;30;18;12
2909;56;2002;0;0;0;0;0;1319;818;501;535;317;218;592;351;241;-57;-34;-23
2910;56;2003;0;0;0;0;0;1245;763;482;536;317;219;600;349;250;-64;-32;-31
2911;56;2004;0;0;0;0;0;1162;710;453;535;318;217;594;345;249;-59;-27;-32
2912;56;2005;0;0;0;0;0;1106;672;434;534;318;216;586;339;247;-52;-21;-31
2913;56;2006;0;0;0;0;0;1068;647;421;532;316;216;596;344;252;-64;-28;-36
2914;56;2007;0;0;0;0;0;1049;636;413;528;314;214;585;336;249;-57;-22;-35
2915;56;2008;0;0;0;0;0;1064;641;422;528;314;214;616;351;265;-88;-37;-51
2916;56;2009;0;0;0;0;0;1049;628;421;525;312;213;626;356;270;-101;-44;-57
2917;56;2010;0;0;0;0;0;1049;626;423;524;312;212;648;367;280;-124;-55;-68
2918;56;2011;0;0;0;0;0;1050;623;427;526;314;212;661;375;287;-135;-61;-75
2919;56;2012;0;0;0;0;0;1058;629;429;527;314;213;686;391;295;-159;-77;-82
2920;56;2013;0;0;0;0;0;1065;629;436;527;315;212;697;396;301;-170;-81;-89
2921;56;2014;0;0;0;0;0;1069;630;440;524;314;210;717;409;308;-193;-95;-98
2922;56;2015;0;0;0;0;0;1083;637;445;526;314;212;737;420;317;-211;-106;-105
2923;56;2016;0;0;0;0;0;1079;631;448;524;313;211;770;439;331;-246;-126;-120
2924;56;2017;0;0;0;0;0;1098;641;457;524;313;211;768;438;330;-244;-125;-119
2925;56;2018;0;0;0;0;0;1089;635;454;524;313;211;790;450;340;-266;-137;-129
2926;56;2019;0;0;0;0;0;1098;643;456;523;313;210;808;460;349;-285;-147;-139
2927;56;2020;0;0;0;0;0;1104;645;459;523;313;210;834;472;362;-311;-159;-152
2928;56;2021;0;0;0;0;0;1078;628;450;523;313;210;833;472;361;-310;-159;-151
2929;56;2022;0;0;0;0;0;1053;611;442;523;313;210;833;471;361;-310;-158;-151
2930;56;2023;0;0;0;0;0;1037;599;438;523;313;210;831;467;364;-308;-154;-154
2931;56;2024;0;0;0;0;0;1036;595;441;523;313;210;853;478;375;-330;-165;-165
2932;56;2025;0;0;0;0;0;1075;617;458;523;313;210;881;493;388;-358;-180;-178
2933;56;2026;0;0;0;0;0;1042;599;444;523;313;210;883;491;392;-360;-178;-182
2934;56;2027;0;0;0;0;0;996;571;425;523;313;210;873;482;391;-350;-169;-181
2935;56;2028;0;0;0;0;0;942;537;405;523;313;210;863;474;389;-340;-161;-179
2936;56;2029;0;0;0;0;0;870;494;375;523;313;210;841;459;382;-318;-146;-172
2937;56;2030;0;0;0;0;0;840;477;363;523;313;210;837;456;381;-314;-143;-171
2938;56;2031;0;0;0;0;0;802;456;346;523;313;210;822;448;374;-299;-135;-164
2939;56;2032;0;0;0;0;0;793;452;340;523;313;210;820;447;373;-297;-134;-163
2940;56;2033;0;0;0;0;0;776;441;335;523;313;210;827;448;379;-304;-135;-169
2941;56;2034;0;0;0;0;0;783;442;341;523;313;210;832;452;381;-309;-139;-171
2942;56;2035;0;0;0;0;0;774;438;336;523;313;210;835;453;382;-312;-140;-172
2943;56;2036;0;0;0;0;0;792;447;345;523;313;210;845;459;386;-322;-146;-176
2944;56;2037;0;0;0;0;0;782;442;340;523;313;210;845;460;385;-322;-147;-175
2945;56;2038;0;0;0;0;0;759;429;330;523;313;210;843;459;384;-320;-146;-174
2946;56;2039;0;0;0;0;0;750;423;328;523;313;210;843;459;384;-320;-146;-174
2947;56;2040;0;0;0;0;0;761;428;333;523;313;210;852;463;388;-329;-150;-178
2948;56;2041;0;0;0;0;0;766;430;335;523;313;210;857;466;392;-334;-153;-182
2949;56;2042;0;0;0;0;0;781;438;343;523;313;210;864;470;394;-341;-157;-184
2950;56;2043;0;0;0;0;0;781;442;339;523;313;210;866;473;393;-343;-160;-183
2951;56;2044;0;0;0;0;0;777;438;340;523;313;210;866;472;394;-343;-159;-184
2952;56;2045;0;0;0;0;0;780;436;344;523;313;210;869;474;395;-346;-161;-185
2953;56;2046;0;0;0;0;0;806;453;353;523;313;210;880;481;399;-357;-168;-189
2954;56;2047;0;0;0;0;0;799;448;351;523;313;210;880;481;399;-357;-168;-189
2955;56;2048;0;0;0;0;0;787;443;344;523;313;210;879;480;398;-356;-167;-188
2956;56;2049;0;0;0;0;0;783;438;345;523;313;210;877;479;398;-354;-166;-188
2957;56;2050;0;0;0;0;0;784;439;345;523;313;210;880;481;399;-357;-168;-189
2958;57;2000;0;0;0;0;0;1107;696;411;485;288;197;433;261;172;52;27;25
2959;57;2001;0;0;0;0;0;1142;720;422;489;291;198;470;277;192;19;14;6
2960;57;2002;0;0;0;0;0;1068;670;398;491;293;198;479;281;197;12;12;1
2961;57;2003;0;0;0;0;0;1443;904;539;490;294;196;563;332;231;-73;-38;-35
2962;57;2004;0;0;0;0;0;1365;847;518;491;294;197;569;330;239;-78;-36;-42
2963;57;2005;0;0;0;0;0;1272;788;485;488;293;195;564;327;237;-76;-34;-42
2964;57;2006;0;0;0;0;0;1213;749;464;485;291;194;556;320;236;-71;-29;-42
2965;57;2007;0;0;0;0;0;1179;724;456;482;289;193;565;325;240;-83;-36;-47
2966;57;2008;0;0;0;0;0;1155;707;447;480;289;191;555;318;237;-75;-29;-46
2967;57;2009;0;0;0;0;0;1176;717;459;481;289;192;584;331;253;-103;-42;-61
2968;57;2010;0;0;0;0;0;1162;705;457;482;289;193;593;336;257;-111;-47;-64
2969;57;2011;0;0;0;0;0;1160;702;458;482;290;192;613;346;267;-131;-56;-75
2970;57;2012;0;0;0;0;0;1156;694;462;483;291;192;625;353;272;-142;-62;-80
2971;57;2013;0;0;0;0;0;1167;703;464;482;291;191;648;368;280;-166;-77;-89
2972;57;2014;0;0;0;0;0;1172;703;468;480;289;191;659;372;286;-179;-83;-95
2973;57;2015;0;0;0;0;0;1179;705;474;483;292;191;677;385;293;-194;-93;-102
2974;57;2016;0;0;0;0;0;1193;711;482;484;292;192;696;395;301;-212;-103;-109
2975;57;2017;0;0;0;0;0;1188;709;479;483;291;192;727;413;314;-244;-122;-122
2976;57;2018;0;0;0;0;0;1211;719;492;481;290;191;725;411;314;-244;-121;-123
2977;57;2019;0;0;0;0;0;1209;717;492;481;290;191;746;423;324;-265;-133;-133
2978;57;2020;0;0;0;0;0;1217;721;497;483;291;192;764;432;332;-281;-141;-140
2979;57;2021;0;0;0;0;0;1218;722;496;483;291;192;787;445;343;-304;-154;-151
2980;57;2022;0;0;0;0;0;1191;704;487;483;291;192;786;444;342;-303;-153;-150
2981;57;2023;0;0;0;0;0;1164;686;479;483;291;192;786;444;342;-303;-153;-150
2982;57;2024;0;0;0;0;0;1148;676;472;483;291;192;784;439;345;-301;-148;-153
2983;57;2025;0;0;0;0;0;1147;670;477;483;291;192;805;450;355;-322;-159;-163
2984;57;2026;0;0;0;0;0;1183;692;491;483;291;192;832;464;368;-349;-173;-176
2985;57;2027;0;0;0;0;0;1148;669;479;483;291;192;833;462;371;-350;-171;-179
2986;57;2028;0;0;0;0;0;1096;639;457;483;291;192;824;454;370;-341;-163;-178
2987;57;2029;0;0;0;0;0;1041;603;438;483;291;192;814;446;368;-331;-155;-176
2988;57;2030;0;0;0;0;0;963;557;406;483;291;192;793;432;361;-310;-141;-169
2989;57;2031;0;0;0;0;0;923;534;390;483;291;192;789;429;360;-306;-138;-168
2990;57;2032;0;0;0;0;0;888;513;375;483;291;192;775;421;354;-292;-130;-162
2991;57;2033;0;0;0;0;0;874;507;367;483;291;192;772;420;352;-289;-129;-160
2992;57;2034;0;0;0;0;0;860;495;365;483;291;192;779;421;358;-296;-130;-166
2993;57;2035;0;0;0;0;0;864;497;367;483;291;192;784;424;360;-301;-133;-168
2994;57;2036;0;0;0;0;0;860;494;366;483;291;192;787;425;361;-304;-134;-169
2995;57;2037;0;0;0;0;0;874;503;370;483;291;192;796;431;364;-313;-140;-172
2996;57;2038;0;0;0;0;0;861;492;369;483;291;192;795;431;364;-312;-140;-172
2997;57;2039;0;0;0;0;0;837;481;356;483;291;192;794;431;363;-311;-140;-171
2998;57;2040;0;0;0;0;0;827;475;352;483;291;192;793;430;363;-310;-139;-171
2999;57;2041;0;0;0;0;0;839;482;356;483;291;192;802;435;367;-319;-144;-175
3000;57;2042;0;0;0;0;0;847;486;361;483;291;192;807;437;370;-324;-146;-178
3001;57;2043;0;0;0;0;0;869;497;372;483;291;192;813;441;372;-330;-150;-180
3002;57;2044;0;0;0;0;0;871;500;371;483;291;192;815;444;372;-332;-153;-180
3003;57;2045;0;0;0;0;0;861;492;369;483;291;192;815;443;372;-332;-152;-180
3004;57;2046;0;0;0;0;0;869;497;372;483;291;192;819;445;373;-336;-154;-181
3005;57;2047;0;0;0;0;0;887;511;377;483;291;192;829;452;377;-346;-161;-185
3006;57;2048;0;0;0;0;0;884;506;378;483;291;192;829;451;377;-346;-160;-185
3007;57;2049;0;0;0;0;0;874;499;375;483;291;192;827;451;376;-344;-160;-184
3008;57;2050;0;0;0;0;0;867;494;373;483;291;192;826;450;376;-343;-159;-184
3009;58;2000;0;0;0;0;0;1125;712;413;443;265;178;394;235;159;49;30;19
3010;58;2001;0;0;0;0;0;1190;757;433;444;266;178;414;248;166;30;18;12
3011;58;2002;0;0;0;0;0;1219;772;447;447;268;179;447;262;184;0;6;-5
3012;58;2003;0;0;0;0;0;1144;716;427;445;267;178;455;265;189;-10;2;-11
3013;58;2004;0;0;0;0;0;1549;970;579;446;268;178;534;314;220;-88;-46;-42
3014;58;2005;0;0;0;0;0;1473;916;557;443;266;177;539;311;227;-96;-45;-50
3015;58;2006;0;0;0;0;0;1378;856;522;441;266;175;533;308;225;-92;-42;-50
3016;58;2007;0;0;0;0;0;1314;813;501;438;264;174;526;302;224;-88;-38;-50
3017;58;2008;0;0;0;0;0;1280;789;491;437;264;173;535;306;229;-98;-42;-56
3018;58;2009;0;0;0;0;0;1255;770;485;435;263;172;525;299;226;-90;-36;-54
3019;58;2010;0;0;0;0;0;1279;782;497;435;263;172;552;312;240;-117;-49;-68
3020;58;2011;0;0;0;0;0;1260;768;492;436;263;173;560;316;244;-124;-53;-71
3021;58;2012;0;0;0;0;0;1256;763;493;435;263;172;578;325;253;-143;-62;-81
3022;58;2013;0;0;0;0;0;1255;756;499;435;264;171;590;331;259;-155;-67;-88
3023;58;2014;0;0;0;0;0;1270;766;503;434;263;171;611;345;266;-177;-82;-95
3024;58;2015;0;0;0;0;0;1270;764;506;434;264;170;621;349;272;-187;-85;-102
3025;58;2016;0;0;0;0;0;1283;768;515;433;263;170;639;360;278;-206;-97;-108
3026;58;2017;0;0;0;0;0;1296;776;520;434;264;170;656;370;286;-222;-106;-116
3027;58;2018;0;0;0;0;0;1292;773;518;435;264;171;685;386;299;-250;-122;-128
3028;58;2019;0;0;0;0;0;1314;783;531;434;263;171;684;385;298;-250;-122;-127
3029;58;2020;0;0;0;0;0;1309;780;529;434;263;171;703;396;308;-269;-133;-137
3030;58;2021;0;0;0;0;0;1322;789;533;434;263;171;720;406;314;-286;-143;-143
3031;58;2022;0;0;0;0;0;1329;789;540;434;263;171;742;417;324;-308;-154;-153
3032;58;2023;0;0;0;0;0;1294;769;525;434;263;171;740;417;323;-306;-154;-152
3033;58;2024;0;0;0;0;0;1259;746;513;434;263;171;741;416;324;-307;-153;-153
3034;58;2025;0;0;0;0;0;1249;737;511;434;263;171;739;412;326;-305;-149;-155
3035;58;2026;0;0;0;0;0;1249;736;513;434;263;171;758;422;336;-324;-159;-165
3036;58;2027;0;0;0;0;0;1292;760;532;434;263;171;784;436;348;-350;-173;-177
3037;58;2028;0;0;0;0;0;1248;732;515;434;263;171;785;434;351;-351;-171;-180
3038;58;2029;0;0;0;0;0;1192;697;495;434;263;171;776;426;350;-342;-163;-179
3039;58;2030;0;0;0;0;0;1133;659;474;434;263;171;767;418;348;-333;-155;-177
3040;58;2031;0;0;0;0;0;1048;610;437;434;263;171;746;405;342;-312;-142;-171
3041;58;2032;0;0;0;0;0;1006;585;421;434;263;171;742;402;340;-308;-139;-169
3042;58;2033;0;0;0;0;0;963;560;403;434;263;171;729;394;334;-295;-131;-163
3043;58;2034;0;0;0;0;0;952;555;397;434;263;171;726;393;333;-292;-130;-162
3044;58;2035;0;0;0;0;0;939;545;393;434;263;171;732;394;338;-298;-131;-167
3045;58;2036;0;0;0;0;0;941;545;395;434;263;171;737;397;340;-303;-134;-169
3046;58;2037;0;0;0;0;0;936;541;395;434;263;171;739;398;341;-305;-135;-170
3047;58;2038;0;0;0;0;0;957;554;403;434;263;171;748;404;344;-314;-141;-173
3048;58;2039;0;0;0;0;0;939;542;397;434;263;171;747;404;344;-313;-141;-173
3049;58;2040;0;0;0;0;0;910;525;385;434;263;171;745;403;342;-311;-140;-171
3050;58;2041;0;0;0;0;0;903;521;383;434;263;171;745;403;343;-311;-140;-172
3051;58;2042;0;0;0;0;0;922;532;390;434;263;171;753;407;346;-319;-144;-175
3052;58;2043;0;0;0;0;0;923;533;391;434;263;171;758;409;349;-324;-146;-178
3053;58;2044;0;0;0;0;0;940;540;400;434;263;171;764;413;351;-330;-150;-180
3054;58;2045;0;0;0;0;0;947;547;400;434;263;171;766;415;351;-332;-152;-180
3055;58;2046;0;0;0;0;0;934;540;394;434;263;171;766;415;351;-332;-152;-180
3056;58;2047;0;0;0;0;0;942;540;402;434;263;171;769;417;353;-335;-154;-182
3057;58;2048;0;0;0;0;0;968;561;407;434;263;171;779;423;356;-345;-160;-185
3058;58;2049;0;0;0;0;0;966;555;411;434;263;171;779;423;356;-345;-160;-185
3059;58;2050;0;0;0;0;0;955;550;405;434;263;171;778;422;355;-344;-159;-184
3060;59;2000;0;0;0;0;0;1182;748;435;401;242;159;347;205;142;54;37;17
3061;59;2001;0;0;0;0;0;1215;773;442;400;244;156;375;222;153;25;22;3
3062;59;2002;0;0;0;0;0;1285;814;471;402;244;158;392;233;159;10;11;-1
3063;59;2003;0;0;0;0;0;1321;830;491;401;245;156;423;247;177;-22;-2;-21
3064;59;2004;0;0;0;0;0;1233;771;462;402;244;158;431;249;181;-29;-5;-23
3065;59;2005;0;0;0;0;0;1679;1047;632;398;243;155;504;295;210;-106;-52;-55
3066;59;2006;0;0;0;0;0;1603;991;612;396;242;154;508;292;216;-112;-50;-62
3067;59;2007;0;0;0;0;0;1501;929;572;393;241;152;503;289;214;-110;-48;-62
3068;59;2008;0;0;0;0;0;1434;884;551;394;242;152;496;283;213;-102;-41;-61
3069;59;2009;0;0;0;0;0;1394;855;539;392;241;151;504;287;217;-112;-46;-66
3070;59;2010;0;0;0;0;0;1369;837;532;392;240;152;495;281;215;-103;-41;-63
3071;59;2011;0;0;0;0;0;1391;849;542;390;239;151;520;292;228;-130;-53;-77
3072;59;2012;0;0;0;0;0;1377;836;541;391;240;151;528;296;232;-137;-56;-81
3073;59;2013;0;0;0;0;0;1376;833;543;393;241;152;545;304;241;-152;-63;-89
3074;59;2014;0;0;0;0;0;1371;823;548;392;241;151;555;310;246;-163;-69;-95
3075;59;2015;0;0;0;0;0;1388;836;552;392;241;151;575;322;252;-183;-81;-101
3076;59;2016;0;0;0;0;0;1392;835;558;392;241;151;584;326;258;-192;-85;-107
3077;59;2017;0;0;0;0;0;1399;838;561;392;242;150;601;337;264;-209;-95;-114
3078;59;2018;0;0;0;0;0;1419;847;572;392;242;150;617;346;271;-225;-104;-121
3079;59;2019;0;0;0;0;0;1415;843;572;392;241;151;644;360;283;-252;-119;-132
3080;59;2020;0;0;0;0;0;1439;857;582;392;241;151;643;360;283;-251;-119;-132
3081;59;2021;0;0;0;0;0;1435;852;584;392;241;151;661;370;291;-269;-129;-140
3082;59;2022;0;0;0;0;0;1446;859;588;392;241;151;676;380;297;-284;-139;-146
3083;59;2023;0;0;0;0;0;1455;862;592;392;241;151;697;391;307;-305;-150;-156
3084;59;2024;0;0;0;0;0;1415;840;575;392;241;151;696;390;306;-304;-149;-155
3085;59;2025;0;0;0;0;0;1383;817;566;392;241;151;696;390;306;-304;-149;-155
3086;59;2026;0;0;0;0;0;1366;805;561;392;241;151;694;386;309;-302;-145;-158
3087;59;2027;0;0;0;0;0;1367;803;564;392;241;151;712;395;318;-320;-154;-167
3088;59;2028;0;0;0;0;0;1411;827;584;392;241;151;736;408;329;-344;-167;-178
3089;59;2029;0;0;0;0;0;1372;800;572;392;241;151;738;406;332;-346;-165;-181
3090;59;2030;0;0;0;0;0;1310;763;546;392;241;151;729;398;331;-337;-157;-180
3091;59;2031;0;0;0;0;0;1241;722;518;392;241;151;720;391;329;-328;-150;-178
3092;59;2032;0;0;0;0;0;1147;667;480;392;241;151;701;378;323;-309;-137;-172
3093;59;2033;0;0;0;0;0;1105;641;465;392;241;151;697;376;321;-305;-135;-170
3094;59;2034;0;0;0;0;0;1060;615;445;392;241;151;684;368;316;-292;-127;-165
3095;59;2035;0;0;0;0;0;1046;608;438;392;241;151;681;367;314;-289;-126;-163
3096;59;2036;0;0;0;0;0;1026;594;432;392;241;151;687;368;319;-295;-127;-168
3097;59;2037;0;0;0;0;0;1030;594;436;392;241;151;692;371;321;-300;-130;-170
3098;59;2038;0;0;0;0;0;1025;592;433;392;241;151;694;372;322;-302;-131;-171
3099;59;2039;0;0;0;0;0;1048;606;442;392;241;151;701;377;325;-309;-136;-174
3100;59;2040;0;0;0;0;0;1031;596;435;392;241;151;701;377;324;-309;-136;-173
3101;59;2041;0;0;0;0;0;1000;578;422;392;241;151;699;376;323;-307;-135;-172
3102;59;2042;0;0;0;0;0;988;572;416;392;241;151;699;376;323;-307;-135;-172
3103;59;2043;0;0;0;0;0;1001;578;423;392;241;151;706;380;327;-314;-139;-176
3104;59;2044;0;0;0;0;0;1011;584;427;392;241;151;711;382;329;-319;-141;-178
3105;59;2045;0;0;0;0;0;1035;596;439;392;241;151;716;385;331;-324;-144;-180
3106;59;2046;0;0;0;0;0;1039;601;438;392;241;151;719;388;331;-327;-147;-180
3107;59;2047;0;0;0;0;0;1031;593;439;392;241;151;718;387;331;-326;-146;-180
3108;59;2048;0;0;0;0;0;1036;595;441;392;241;151;721;389;332;-329;-148;-181
3109;59;2049;0;0;0;0;0;1065;614;451;392;241;151;731;395;336;-339;-154;-185
3110;59;2050;0;0;0;0;0;1063;611;452;392;241;151;730;394;336;-338;-153;-185
3111;60;2000;0;0;0;0;0;1353;859;494;360;217;143;345;207;139;15;10;4
3112;60;2001;0;0;0;0;0;1294;829;465;363;222;141;329;193;137;34;29;4
3113;60;2002;0;0;0;0;0;1325;844;481;364;224;140;354;207;146;10;17;-6
3114;60;2003;0;0;0;0;0;1400;887;513;365;224;141;370;218;152;-5;6;-11
3115;60;2004;0;0;0;0;0;1442;910;533;363;222;141;400;231;169;-37;-9;-28
3116;60;2005;0;0;0;0;0;1352;851;502;361;221;140;406;233;173;-45;-12;-33
3117;60;2006;0;0;0;0;0;1850;1162;688;361;222;139;475;276;199;-114;-54;-60
3118;60;2007;0;0;0;0;0;1767;1101;665;357;219;138;478;273;205;-121;-54;-67
3119;60;2008;0;0;0;0;0;1653;1029;624;355;218;137;473;270;203;-118;-52;-66
3120;60;2009;0;0;0;0;0;1582;982;600;353;217;136;467;265;202;-114;-48;-66
3121;60;2010;0;0;0;0;0;1538;948;590;353;218;135;474;268;206;-121;-50;-71
3122;60;2011;0;0;0;0;0;1508;930;577;353;218;135;466;262;204;-113;-44;-69
3123;60;2012;0;0;0;0;0;1541;944;596;352;217;135;489;273;216;-137;-56;-81
3124;60;2013;0;0;0;0;0;1514;927;588;354;218;136;496;277;220;-142;-59;-84
3125;60;2014;0;0;0;0;0;1516;927;590;353;218;135;512;284;228;-159;-66;-93
3126;60;2015;0;0;0;0;0;1513;916;598;354;219;135;522;289;233;-168;-70;-98
3127;60;2016;0;0;0;0;0;1527;929;598;354;219;135;540;300;239;-186;-81;-104
3128;60;2017;0;0;0;0;0;1535;929;607;352;218;134;548;304;244;-196;-86;-110
3129;60;2018;0;0;0;0;0;1546;932;614;350;217;133;563;313;250;-213;-96;-117
3130;60;2019;0;0;0;0;0;1569;944;626;350;217;133;579;322;257;-229;-105;-124
3131;60;2020;0;0;0;0;0;1560;939;621;351;217;134;603;335;269;-252;-118;-135
3132;60;2021;0;0;0;0;0;1588;952;636;351;217;134;603;336;267;-252;-119;-133
3133;60;2022;0;0;0;0;0;1583;949;634;351;217;134;620;345;275;-269;-128;-141
3134;60;2023;0;0;0;0;0;1599;959;641;351;217;134;634;354;280;-283;-137;-146
3135;60;2024;0;0;0;0;0;1604;962;642;351;217;134;654;364;290;-303;-147;-156
3136;60;2025;0;0;0;0;0;1564;936;629;351;217;134;653;364;289;-302;-147;-155
3137;60;2026;0;0;0;0;0;1529;909;620;351;217;134;653;363;289;-302;-146;-155
3138;60;2027;0;0;0;0;0;1507;899;608;351;217;134;651;359;291;-300;-142;-157
3139;60;2028;0;0;0;0;0;1505;891;613;351;217;134;668;368;300;-317;-151;-166
3140;60;2029;0;0;0;0;0;1562;925;637;351;217;134;690;380;310;-339;-163;-176
3141;60;2030;0;0;0;0;0;1511;893;618;351;217;134;691;378;313;-340;-161;-179
3142;60;2031;0;0;0;0;0;1448;855;592;351;217;134;683;371;312;-332;-154;-178
3143;60;2032;0;0;0;0;0;1373;805;569;351;217;134;675;364;310;-324;-147;-176
3144;60;2033;0;0;0;0;0;1268;743;525;351;217;134;657;352;304;-306;-135;-170
3145;60;2034;0;0;0;0;0;1217;716;501;351;217;134;653;350;303;-302;-133;-169
3146;60;2035;0;0;0;0;0;1168;686;482;351;217;134;640;343;298;-289;-126;-164
3147;60;2036;0;0;0;0;0;1153;680;473;351;217;134;638;342;296;-287;-125;-162
3148;60;2037;0;0;0;0;0;1136;664;472;351;217;134;643;342;301;-292;-125;-167
3149;60;2038;0;0;0;0;0;1141;668;473;351;217;134;647;345;302;-296;-128;-168
3150;60;2039;0;0;0;0;0;1131;661;470;351;217;134;649;346;303;-298;-129;-169
3151;60;2040;0;0;0;0;0;1160;678;483;351;217;134;656;350;306;-305;-133;-172
3152;60;2041;0;0;0;0;0;1137;663;474;351;217;134;655;350;305;-304;-133;-171
3153;60;2042;0;0;0;0;0;1108;649;459;351;217;134;654;350;304;-303;-133;-170
3154;60;2043;0;0;0;0;0;1099;640;458;351;217;134;654;349;304;-303;-132;-170
3155;60;2044;0;0;0;0;0;1115;653;462;351;217;134;660;353;308;-309;-136;-174
3156;60;2045;0;0;0;0;0;1124;653;470;351;217;134;665;355;310;-314;-138;-176
3157;60;2046;0;0;0;0;0;1144;664;481;351;217;134;670;358;312;-319;-141;-178
3158;60;2047;0;0;0;0;0;1147;670;477;351;217;134;672;360;312;-321;-143;-178
3159;60;2048;0;0;0;0;0;1142;666;477;351;217;134;672;360;312;-321;-143;-178
3160;60;2049;0;0;0;0;0;1145;665;480;351;217;134;675;362;313;-324;-145;-179
3161;60;2050;0;0;0;0;0;1179;688;492;351;217;134;683;367;316;-332;-150;-182
3162;61;2000;0;0;0;0;0;1448;921;528;326;198;128;300;174;126;26;24;2
3163;61;2001;0;0;0;0;0;1470;947;523;327;200;127;326;193;133;1;7;-6
3164;61;2002;0;0;0;0;0;1405;904;501;326;200;126;310;180;130;16;20;-4
3165;61;2003;0;0;0;0;0;1435;921;514;325;200;125;332;193;139;-7;7;-14
3166;61;2004;0;0;0;0;0;1518;968;550;322;198;124;348;204;144;-26;-6;-20
3167;61;2005;0;0;0;0;0;1569;996;573;321;198;123;376;215;161;-55;-17;-38
3168;61;2006;0;0;0;0;0;1479;935;543;321;198;123;382;217;164;-61;-19;-41
3169;61;2007;0;0;0;0;0;2026;1280;746;319;196;123;446;257;189;-127;-61;-66
3170;61;2008;0;0;0;0;0;1933;1214;719;316;195;121;449;255;194;-133;-60;-73
3171;61;2009;0;0;0;0;0;1809;1135;674;316;196;120;444;251;192;-128;-55;-72
3172;61;2010;0;0;0;0;0;1730;1082;648;316;196;120;438;246;191;-122;-50;-71
3173;61;2011;0;0;0;0;0;1684;1050;633;317;197;120;445;249;195;-128;-52;-75
3174;61;2012;0;0;0;0;0;1654;1028;626;318;198;120;437;244;193;-119;-46;-73
3175;61;2013;0;0;0;0;0;1686;1044;643;319;198;121;459;254;205;-140;-56;-84
3176;61;2014;0;0;0;0;0;1661;1024;637;319;199;120;465;257;208;-146;-58;-88
3177;61;2015;0;0;0;0;0;1660;1020;640;318;198;120;479;264;216;-161;-66;-96
3178;61;2016;0;0;0;0;0;1660;1016;644;316;197;119;489;269;220;-173;-72;-101
3179;61;2017;0;0;0;0;0;1679;1028;651;316;197;119;505;279;226;-189;-82;-107
3180;61;2018;0;0;0;0;0;1685;1029;657;316;197;119;513;282;231;-197;-85;-112
3181;61;2019;0;0;0;0;0;1700;1033;666;315;197;118;527;291;236;-212;-94;-118
3182;61;2020;0;0;0;0;0;1721;1046;675;314;196;118;542;299;243;-228;-103;-125
3183;61;2021;0;0;0;0;0;1714;1041;673;314;196;118;564;311;253;-250;-115;-135
3184;61;2022;0;0;0;0;0;1741;1054;687;314;196;118;564;312;252;-250;-116;-134
3185;61;2023;0;0;0;0;0;1738;1048;690;314;196;118;580;321;259;-266;-125;-141
3186;61;2024;0;0;0;0;0;1755;1062;693;314;196;118;593;329;264;-279;-133;-146
3187;61;2025;0;0;0;0;0;1762;1066;696;314;196;118;612;339;273;-298;-143;-155
3188;61;2026;0;0;0;0;0;1722;1042;680;314;196;118;610;338;272;-296;-142;-154
3189;61;2027;0;0;0;0;0;1681;1015;666;314;196;118;610;338;273;-296;-142;-155
3190;61;2028;0;0;0;0;0;1659;996;663;314;196;118;609;334;274;-295;-138;-156
3191;61;2029;0;0;0;0;0;1663;995;667;314;196;118;624;342;282;-310;-146;-164
3192;61;2030;0;0;0;0;0;1717;1027;690;314;196;118;645;353;292;-331;-157;-174
3193;61;2031;0;0;0;0;0;1664;992;672;314;196;118;646;351;295;-332;-155;-177
3194;61;2032;0;0;0;0;0;1595;951;644;314;196;118;639;345;294;-325;-149;-176
3195;61;2033;0;0;0;0;0;1510;895;615;314;196;118;631;339;292;-317;-143;-174
3196;61;2034;0;0;0;0;0;1396;828;568;314;196;118;614;327;286;-300;-131;-168
3197;61;2035;0;0;0;0;0;1342;800;542;314;196;118;610;325;285;-296;-129;-167
3198;61;2036;0;0;0;0;0;1286;763;523;314;196;118;598;318;280;-284;-122;-162
3199;61;2037;0;0;0;0;0;1271;756;515;314;196;118;595;317;278;-281;-121;-160
3200;61;2038;0;0;0;0;0;1250;740;509;314;196;118;600;317;283;-286;-121;-165
3201;61;2039;0;0;0;0;0;1254;742;512;314;196;118;604;320;284;-290;-124;-166
3202;61;2040;0;0;0;0;0;1247;736;511;314;196;118;606;321;285;-292;-125;-167
3203;61;2041;0;0;0;0;0;1276;756;520;314;196;118;612;325;287;-298;-129;-169
3204;61;2042;0;0;0;0;0;1256;744;512;314;196;118;611;325;287;-297;-129;-169
3205;61;2043;0;0;0;0;0;1221;722;499;314;196;118;609;324;286;-295;-128;-168
3206;61;2044;0;0;0;0;0;1205;714;492;314;196;118;609;324;286;-295;-128;-168
3207;61;2045;0;0;0;0;0;1225;726;499;314;196;118;616;327;289;-302;-131;-171
3208;61;2046;0;0;0;0;0;1238;730;507;314;196;118;620;329;291;-306;-133;-173
3209;61;2047;0;0;0;0;0;1260;744;517;314;196;118;625;332;293;-311;-136;-175
3210;61;2048;0;0;0;0;0;1268;750;517;314;196;118;627;334;293;-313;-138;-175
3211;61;2049;0;0;0;0;0;1259;743;515;314;196;118;627;334;293;-313;-138;-175
3212;61;2050;0;0;0;0;0;1265;746;519;314;196;118;630;335;294;-316;-139;-176
3213;62;2000;0;0;0;0;0;1562;1008;554;295;180;115;271;157;114;24;23;1
3214;62;2001;0;0;0;0;0;1558;1011;548;297;180;117;282;162;120;15;18;-3
3215;62;2002;0;0;0;0;0;1592;1030;562;296;181;115;305;179;126;-9;2;-11
3216;62;2003;0;0;0;0;0;1518;981;537;294;179;115;291;168;123;3;11;-8
3217;62;2004;0;0;0;0;0;1550;999;551;296;181;115;311;180;132;-15;1;-17
3218;62;2005;0;0;0;0;0;1650;1060;590;295;180;115;326;189;137;-31;-9;-22
3219;62;2006;0;0;0;0;0;1707;1092;615;292;179;113;352;200;152;-60;-21;-39
3220;62;2007;0;0;0;0;0;1611;1030;582;290;178;112;357;202;155;-67;-24;-43
3221;62;2008;0;0;0;0;0;2207;1407;800;289;178;111;417;239;178;-128;-61;-67
3222;62;2009;0;0;0;0;0;2104;1333;772;287;177;110;419;236;183;-132;-59;-73
3223;62;2010;0;0;0;0;0;1972;1249;724;288;177;111;415;234;181;-127;-57;-70
3224;62;2011;0;0;0;0;0;1892;1193;699;289;178;111;409;229;180;-120;-51;-69
3225;62;2012;0;0;0;0;0;1842;1156;686;288;178;110;416;232;184;-128;-54;-74
3226;62;2013;0;0;0;0;0;1810;1134;676;288;178;110;409;227;182;-121;-49;-72
3227;62;2014;0;0;0;0;0;1845;1152;693;286;177;109;429;236;193;-143;-59;-84
3228;62;2015;0;0;0;0;0;1818;1132;686;285;176;109;434;239;196;-149;-63;-87
3229;62;2016;0;0;0;0;0;1818;1127;690;284;176;108;447;244;203;-163;-68;-95
3230;62;2017;0;0;0;0;0;1816;1122;695;285;176;109;456;249;207;-171;-73;-98
3231;62;2018;0;0;0;0;0;1840;1138;702;285;176;109;471;258;213;-186;-82;-104
3232;62;2019;0;0;0;0;0;1842;1136;706;284;175;109;479;261;217;-195;-86;-108
3233;62;2020;0;0;0;0;0;1857;1143;714;284;175;109;491;269;222;-207;-94;-113
3234;62;2021;0;0;0;0;0;1887;1159;727;284;175;109;505;277;228;-221;-102;-119
3235;62;2022;0;0;0;0;0;1878;1152;726;284;175;109;525;288;237;-241;-113;-128
3236;62;2023;0;0;0;0;0;1906;1166;740;284;175;109;526;290;236;-242;-115;-127
3237;62;2024;0;0;0;0;0;1906;1166;740;284;175;109;540;297;243;-256;-122;-134
3238;62;2025;0;0;0;0;0;1924;1178;746;284;175;109;553;305;248;-269;-130;-139
3239;62;2026;0;0;0;0;0;1935;1184;751;284;175;109;570;314;256;-286;-139;-147
3240;62;2027;0;0;0;0;0;1884;1154;730;284;175;109;569;313;255;-285;-138;-146
3241;62;2028;0;0;0;0;0;1844;1123;721;284;175;109;568;313;256;-284;-138;-147
3242;62;2029;0;0;0;0;0;1817;1107;710;284;175;109;567;310;257;-283;-135;-148
3243;62;2030;0;0;0;0;0;1818;1101;717;284;175;109;581;317;264;-297;-142;-155
3244;62;2031;0;0;0;0;0;1888;1145;744;284;175;109;601;328;274;-317;-153;-165
3245;62;2032;0;0;0;0;0;1823;1103;720;284;175;109;602;326;276;-318;-151;-167
3246;62;2033;0;0;0;0;0;1744;1052;692;284;175;109;595;320;275;-311;-145;-166
3247;62;2034;0;0;0;0;0;1655;994;662;284;175;109;587;314;274;-303;-139;-165
3248;62;2035;0;0;0;0;0;1527;920;607;284;175;109;571;303;268;-287;-128;-159
3249;62;2036;0;0;0;0;0;1475;887;588;284;175;109;567;301;267;-283;-126;-158
3250;62;2037;0;0;0;0;0;1416;852;564;284;175;109;556;294;262;-272;-119;-153
3251;62;2038;0;0;0;0;0;1396;841;555;284;175;109;553;293;260;-269;-118;-151
3252;62;2039;0;0;0;0;0;1376;823;552;284;175;109;558;294;264;-274;-119;-155
3253;62;2040;0;0;0;0;0;1378;826;552;284;175;109;562;296;266;-278;-121;-157
3254;62;2041;0;0;0;0;0;1371;822;550;284;175;109;563;296;266;-279;-121;-157
3255;62;2042;0;0;0;0;0;1402;840;562;284;175;109;568;300;268;-284;-125;-159
3256;62;2043;0;0;0;0;0;1379;824;555;284;175;109;568;300;268;-284;-125;-159
3257;62;2044;0;0;0;0;0;1341;806;535;284;175;109;566;299;267;-282;-124;-158
3258;62;2045;0;0;0;0;0;1332;798;533;284;175;109;566;299;267;-282;-124;-158
3259;62;2046;0;0;0;0;0;1347;807;541;284;175;109;572;302;270;-288;-127;-161
3260;62;2047;0;0;0;0;0;1363;816;547;284;175;109;576;304;272;-292;-129;-163
3261;62;2048;0;0;0;0;0;1387;828;558;284;175;109;580;307;274;-296;-132;-165
3262;62;2049;0;0;0;0;0;1390;832;558;284;175;109;582;309;273;-298;-134;-164
3263;62;2050;0;0;0;0;0;1383;826;557;284;175;109;582;308;274;-298;-133;-165
3264;63;2000;0;0;0;0;0;1628;1049;578;271;163;108;233;133;100;38;30;8
3265;63;2001;0;0;0;0;0;1694;1099;596;270;164;106;254;146;108;16;18;-2
3266;63;2002;0;0;0;0;0;1689;1090;598;270;164;106;263;150;113;7;14;-7
3267;63;2003;0;0;0;0;0;1714;1106;608;270;164;106;285;166;119;-15;-2;-13
3268;63;2004;0;0;0;0;0;1635;1056;580;268;163;105;272;155;116;-4;8;-11
3269;63;2005;0;0;0;0;0;1685;1085;600;267;163;104;290;167;124;-23;-4;-20
3270;63;2006;0;0;0;0;0;1797;1155;643;265;162;103;303;175;128;-38;-13;-25
3271;63;2007;0;0;0;0;0;1865;1192;673;263;161;102;327;185;143;-64;-24;-41
3272;63;2008;0;0;0;0;0;1757;1119;637;261;160;101;333;187;146;-72;-27;-45
3273;63;2009;0;0;0;0;0;2406;1532;874;259;159;100;388;221;167;-129;-62;-67
3274;63;2010;0;0;0;0;0;2296;1454;842;261;160;101;390;219;171;-129;-59;-70
3275;63;2011;0;0;0;0;0;2158;1364;794;262;160;102;386;216;170;-124;-56;-68
3276;63;2012;0;0;0;0;0;2064;1301;763;261;160;101;381;212;169;-120;-52;-68
3277;63;2013;0;0;0;0;0;2010;1264;745;259;159;100;387;214;173;-128;-55;-73
3278;63;2014;0;0;0;0;0;1978;1241;738;259;159;100;380;210;170;-121;-51;-70
3279;63;2015;0;0;0;0;0;2015;1261;755;259;159;100;399;218;181;-140;-59;-81
3280;63;2016;0;0;0;0;0;1988;1236;752;259;159;100;404;221;183;-145;-62;-83
3281;63;2017;0;0;0;0;0;1989;1236;753;259;159;100;416;225;190;-157;-66;-90
3282;63;2018;0;0;0;0;0;1988;1226;762;259;159;100;423;229;194;-164;-70;-94
3283;63;2019;0;0;0;0;0;2013;1247;766;259;159;100;437;238;199;-178;-79;-99
3284;63;2020;0;0;0;0;0;2022;1245;776;258;158;100;444;241;203;-186;-83;-103
3285;63;2021;0;0;0;0;0;2038;1255;783;258;158;100;456;248;207;-198;-90;-107
3286;63;2022;0;0;0;0;0;2065;1269;796;258;158;100;468;255;213;-210;-97;-113
3287;63;2023;0;0;0;0;0;2054;1262;792;258;158;100;487;266;221;-229;-108;-121
3288;63;2024;0;0;0;0;0;2097;1284;813;258;158;100;488;267;220;-230;-109;-120
3289;63;2025;0;0;0;0;0;2090;1282;809;258;158;100;501;274;226;-243;-116;-126
3290;63;2026;0;0;0;0;0;2111;1295;816;258;158;100;513;282;231;-255;-124;-131
3291;63;2027;0;0;0;0;0;2118;1297;821;258;158;100;528;290;239;-270;-132;-139
3292;63;2028;0;0;0;0;0;2074;1270;804;258;158;100;527;289;238;-269;-131;-138
3293;63;2029;0;0;0;0;0;2021;1235;786;258;158;100;527;289;238;-269;-131;-138
3294;63;2030;0;0;0;0;0;1999;1220;779;258;158;100;525;286;240;-267;-128;-140
3295;63;2031;0;0;0;0;0;1997;1212;785;258;158;100;539;292;246;-281;-134;-146
3296;63;2032;0;0;0;0;0;2068;1258;810;258;158;100;557;302;255;-299;-144;-155
3297;63;2033;0;0;0;0;0;2004;1215;788;258;158;100;558;301;257;-300;-143;-157
3298;63;2034;0;0;0;0;0;1914;1161;753;258;158;100;551;295;256;-293;-137;-156
3299;63;2035;0;0;0;0;0;1817;1096;721;258;158;100;544;289;255;-286;-131;-155
3300;63;2036;0;0;0;0;0;1681;1013;668;258;158;100;529;280;249;-271;-122;-149
3301;63;2037;0;0;0;0;0;1616;976;641;258;158;100;525;277;248;-267;-119;-148
3302;63;2038;0;0;0;0;0;1550;933;617;258;158;100;514;271;243;-256;-113;-143
3303;63;2039;0;0;0;0;0;1534;926;608;258;158;100;512;270;242;-254;-112;-142
3304;63;2040;0;0;0;0;0;1510;909;601;258;158;100;516;270;246;-258;-112;-146
3305;63;2041;0;0;0;0;0;1521;914;607;258;158;100;519;273;247;-261;-115;-147
3306;63;2042;0;0;0;0;0;1510;906;604;258;158;100;520;273;247;-262;-115;-147
3307;63;2043;0;0;0;0;0;1544;928;616;258;158;100;525;276;249;-267;-118;-149
3308;63;2044;0;0;0;0;0;1514;910;604;258;158;100;524;276;248;-266;-118;-148
3309;63;2045;0;0;0;0;0;1473;886;587;258;158;100;523;275;247;-265;-117;-147
3310;63;2046;0;0;0;0;0;1457;876;581;258;158;100;523;275;248;-265;-117;-148
3311;63;2047;0;0;0;0;0;1479;890;590;258;158;100;528;278;250;-270;-120;-150
3312;63;2048;0;0;0;0;0;1498;898;600;258;158;100;532;280;252;-274;-122;-152
3313;63;2049;0;0;0;0;0;1528;914;613;258;158;100;536;282;254;-278;-124;-154
3314;63;2050;0;0;0;0;0;1537;924;612;258;158;100;538;284;254;-280;-126;-154
3315;64;2000;0;0;0;0;0;1790;1155;635;245;146;99;212;120;92;33;26;7
3316;64;2001;0;0;0;0;0;1764;1145;620;242;146;96;218;123;94;24;23;2
3317;64;2002;0;0;0;0;0;1827;1185;641;245;146;99;236;134;102;9;12;-3
3318;64;2003;0;0;0;0;0;1824;1176;648;240;144;96;244;139;106;-4;5;-10
3319;64;2004;0;0;0;0;0;1851;1193;658;242;146;96;264;153;111;-22;-7;-15
3320;64;2005;0;0;0;0;0;1778;1147;631;240;145;95;252;143;109;-12;2;-14
3321;64;2006;0;0;0;0;0;1837;1183;654;239;144;95;269;153;116;-30;-9;-21
3322;64;2007;0;0;0;0;0;1959;1259;699;236;142;94;281;161;120;-45;-19;-26
3323;64;2008;0;0;0;0;0;2037;1301;736;235;142;93;303;170;133;-68;-28;-40
3324;64;2009;0;0;0;0;0;1924;1226;698;237;143;94;308;171;136;-71;-28;-42
3325;64;2010;0;0;0;0;0;2630;1677;953;236;143;93;359;203;156;-123;-60;-63
3326;64;2011;0;0;0;0;0;2515;1593;922;236;143;93;361;201;160;-125;-58;-67
3327;64;2012;0;0;0;0;0;2361;1495;865;235;142;93;357;199;158;-122;-57;-65
3328;64;2013;0;0;0;0;0;2262;1427;836;235;141;94;352;195;158;-117;-54;-64
3329;64;2014;0;0;0;0;0;2209;1389;820;235;141;94;358;197;161;-123;-56;-67
3330;64;2015;0;0;0;0;0;2164;1358;805;235;141;94;352;193;159;-117;-52;-65
3331;64;2016;0;0;0;0;0;2209;1382;827;235;141;94;369;200;168;-134;-59;-74
3332;64;2017;0;0;0;0;0;2176;1357;819;235;142;93;373;203;171;-138;-61;-78
3333;64;2018;0;0;0;0;0;2179;1358;821;235;142;93;384;207;177;-149;-65;-84
3334;64;2019;0;0;0;0;0;2186;1351;835;234;141;93;391;211;180;-157;-70;-87
3335;64;2020;0;0;0;0;0;2211;1372;840;234;141;93;404;218;185;-170;-77;-92
3336;64;2021;0;0;0;0;0;2217;1372;845;234;141;93;410;221;189;-176;-80;-96
3337;64;2022;0;0;0;0;0;2236;1378;857;234;141;93;420;228;192;-186;-87;-99
3338;64;2023;0;0;0;0;0;2267;1398;869;234;141;93;432;235;197;-198;-94;-104
3339;64;2024;0;0;0;0;0;2263;1393;870;234;141;93;448;244;205;-214;-103;-112
3340;64;2025;0;0;0;0;0;2297;1413;885;234;141;93;450;246;204;-216;-105;-111
3341;64;2026;0;0;0;0;0;2298;1411;887;234;141;93;461;252;210;-227;-111;-117
3342;64;2027;0;0;0;0;0;2318;1426;892;234;141;93;473;258;214;-239;-117;-121
3343;64;2028;0;0;0;0;0;2331;1432;899;234;141;93;487;266;221;-253;-125;-128
3344;64;2029;0;0;0;0;0;2275;1400;876;234;141;93;485;265;220;-251;-124;-127
3345;64;2030;0;0;0;0;0;2220;1361;858;234;141;93;485;265;220;-251;-124;-127
3346;64;2031;0;0;0;0;0;2202;1345;857;234;141;93;484;262;222;-250;-121;-129
3347;64;2032;0;0;0;0;0;2198;1340;858;234;141;93;496;268;228;-262;-127;-135
3348;64;2033;0;0;0;0;0;2275;1384;891;234;141;93;513;277;236;-279;-136;-143
3349;64;2034;0;0;0;0;0;2205;1342;864;234;141;93;513;276;237;-279;-135;-144
3350;64;2035;0;0;0;0;0;2112;1284;828;234;141;93;508;271;237;-274;-130;-144
3351;64;2036;0;0;0;0;0;2006;1212;794;234;141;93;501;265;235;-267;-124;-142
3352;64;2037;0;0;0;0;0;1854;1122;732;234;141;93;486;256;230;-252;-115;-137
3353;64;2038;0;0;0;0;0;1785;1082;703;234;141;93;483;254;229;-249;-113;-136
3354;64;2039;0;0;0;0;0;1707;1034;673;234;141;93;472;248;224;-238;-107;-131
3355;64;2040;0;0;0;0;0;1693;1029;664;234;141;93;470;247;223;-236;-106;-130
3356;64;2041;0;0;0;0;0;1661;1004;657;234;141;93;474;247;226;-240;-106;-133
3357;64;2042;0;0;0;0;0;1673;1010;663;234;141;93;477;250;227;-243;-109;-134
3358;64;2043;0;0;0;0;0;1665;1003;662;234;141;93;478;250;228;-244;-109;-135
3359;64;2044;0;0;0;0;0;1701;1028;673;234;141;93;482;253;229;-248;-112;-136
3360;64;2045;0;0;0;0;0;1677;1010;667;234;141;93;481;252;228;-247;-111;-135
3361;64;2046;0;0;0;0;0;1633;987;645;234;141;93;479;252;228;-245;-111;-135
3362;64;2047;0;0;0;0;0;1609;974;635;234;141;93;479;251;228;-245;-110;-135
3363;64;2048;0;0;0;0;0;1639;992;647;234;141;93;485;254;230;-251;-113;-137
3364;64;2049;0;0;0;0;0;1654;998;656;234;141;93;488;256;232;-254;-115;-139
3365;64;2050;0;0;0;0;0;1689;1017;672;234;141;93;492;258;234;-258;-117;-141
3366;65;2000;0;0;0;0;0;1911;1233;679;220;132;88;241;156;85;-21;-24;3
3367;65;2001;0;0;0;0;0;1912;1244;667;221;132;89;259;172;87;-38;-40;2
3368;65;2002;0;0;0;0;0;1881;1217;664;219;132;87;265;177;88;-46;-45;-1
3369;65;2003;0;0;0;0;0;1946;1259;687;219;131;88;292;197;95;-73;-66;-7
3370;65;2004;0;0;0;0;0;1942;1248;693;219;132;87;303;204;99;-84;-72;-12
3371;65;2005;0;0;0;0;0;1986;1279;707;219;133;86;329;225;104;-110;-92;-18
3372;65;2006;0;0;0;0;0;1916;1238;678;217;132;85;314;213;101;-97;-81;-16
3373;65;2007;0;0;0;0;0;1978;1274;705;215;130;85;336;229;108;-121;-99;-23
3374;65;2008;0;0;0;0;0;2116;1358;758;218;130;88;357;246;111;-139;-116;-23
3375;65;2009;0;0;0;0;0;2193;1403;790;216;130;86;388;264;123;-172;-134;-37
3376;65;2010;0;0;0;0;0;2074;1323;751;216;130;86;400;274;126;-184;-144;-40
3377;65;2011;0;0;0;0;0;2835;1808;1028;216;130;86;432;287;145;-216;-157;-59
3378;65;2012;0;0;0;0;0;2717;1720;998;215;129;86;430;281;148;-215;-152;-62
3379;65;2013;0;0;0;0;0;2550;1615;935;215;129;86;424;277;147;-209;-148;-61
3380;65;2014;0;0;0;0;0;2440;1541;899;215;129;86;415;269;146;-200;-140;-60
3381;65;2015;0;0;0;0;0;2378;1495;883;214;129;85;419;270;150;-205;-141;-65
3382;65;2016;0;0;0;0;0;2345;1473;872;214;128;86;414;267;147;-200;-139;-61
3383;65;2017;0;0;0;0;0;2391;1497;894;215;129;86;429;273;156;-214;-144;-70
3384;65;2018;0;0;0;0;0;2355;1471;884;214;128;86;434;276;158;-220;-148;-72
3385;65;2019;0;0;0;0;0;2364;1473;891;214;128;86;443;279;164;-229;-151;-78
3386;65;2020;0;0;0;0;0;2360;1461;899;213;128;85;451;284;167;-238;-156;-82
3387;65;2021;0;0;0;0;0;2390;1486;904;213;128;85;462;291;171;-249;-163;-86
3388;65;2022;0;0;0;0;0;2400;1486;914;213;128;85;473;299;174;-260;-171;-89
3389;65;2023;0;0;0;0;0;2419;1496;923;213;128;85;482;305;177;-269;-177;-92
3390;65;2024;0;0;0;0;0;2457;1515;942;213;128;85;494;313;182;-281;-185;-97
3391;65;2025;0;0;0;0;0;2445;1511;934;213;128;85;512;324;188;-299;-196;-103
3392;65;2026;0;0;0;0;0;2492;1533;958;213;128;85;514;326;188;-301;-198;-103
3393;65;2027;0;0;0;0;0;2488;1532;956;213;128;85;526;333;193;-313;-205;-108
3394;65;2028;0;0;0;0;0;2518;1553;965;213;128;85;541;344;197;-328;-216;-112
3395;65;2029;0;0;0;0;0;2529;1562;968;213;128;85;557;353;204;-344;-225;-119
3396;65;2030;0;0;0;0;0;2467;1521;945;213;128;85;556;354;202;-343;-226;-117
3397;65;2031;0;0;0;0;0;2413;1483;930;213;128;85;557;354;203;-344;-226;-118
3398;65;2032;0;0;0;0;0;2382;1463;919;213;128;85;556;352;204;-343;-224;-119
3399;65;2033;0;0;0;0;0;2380;1457;923;213;128;85;566;357;209;-353;-229;-124
3400;65;2034;0;0;0;0;0;2470;1511;959;213;128;85;583;366;217;-370;-238;-132
3401;65;2035;0;0;0;0;0;2396;1462;934;213;128;85;583;365;218;-370;-237;-133
3402;65;2036;0;0;0;0;0;2294;1398;896;213;128;85;578;361;217;-365;-233;-132
3403;65;2037;0;0;0;0;0;2175;1322;852;213;128;85;571;356;216;-358;-228;-131
3404;65;2038;0;0;0;0;0;2010;1221;790;213;128;85;558;347;211;-345;-219;-126
3405;65;2039;0;0;0;0;0;1935;1177;758;213;128;85;555;346;209;-342;-218;-124
3406;65;2040;0;0;0;0;0;1857;1130;726;213;128;85;546;341;205;-333;-213;-120
3407;65;2041;0;0;0;0;0;1835;1118;717;213;128;85;543;340;203;-330;-212;-118
3408;65;2042;0;0;0;0;0;1810;1097;712;213;128;85;547;340;207;-334;-212;-122
3409;65;2043;0;0;0;0;0;1823;1105;718;213;128;85;550;343;208;-337;-215;-123
3410;65;2044;0;0;0;0;0;1808;1096;712;213;128;85;551;343;208;-338;-215;-123
3411;65;2045;0;0;0;0;0;1850;1122;728;213;128;85;555;346;209;-342;-218;-124
3412;65;2046;0;0;0;0;0;1818;1101;717;213;128;85;554;345;209;-341;-217;-124
3413;65;2047;0;0;0;0;0;1775;1077;698;213;128;85;552;345;208;-339;-217;-123
3414;65;2048;0;0;0;0;0;1756;1065;691;213;128;85;553;344;208;-340;-216;-123
3415;65;2049;0;0;0;0;0;1780;1080;700;213;128;85;557;347;210;-344;-219;-125
3416;65;2050;0;0;0;0;0;1801;1090;712;213;128;85;561;349;212;-348;-221;-127
3417;66;2000;0;0;0;0;0;2055;1321;734;201;119;82;193;117;75;8;2;7
3418;66;2001;0;0;0;0;0;2027;1316;712;200;119;81;205;126;79;-5;-7;2
3419;66;2002;0;0;0;0;0;2028;1311;716;200;120;80;218;137;81;-18;-17;-1
3420;66;2003;0;0;0;0;0;1990;1284;706;199;120;79;223;142;82;-24;-22;-3
3421;66;2004;0;0;0;0;0;2065;1329;736;200;121;79;244;156;88;-44;-35;-9
3422;66;2005;0;0;0;0;0;2074;1330;744;199;120;79;253;162;91;-54;-42;-12
3423;66;2006;0;0;0;0;0;2129;1368;761;198;119;79;275;178;96;-77;-59;-17
3424;66;2007;0;0;0;0;0;2045;1317;728;195;117;78;262;168;94;-67;-51;-16
3425;66;2008;0;0;0;0;0;2120;1361;758;194;117;77;280;180;100;-86;-63;-23
3426;66;2009;0;0;0;0;0;2262;1450;813;195;118;77;296;193;103;-101;-75;-26
3427;66;2010;0;0;0;0;0;2350;1499;851;195;118;77;320;206;114;-125;-88;-37
3428;66;2011;0;0;0;0;0;2221;1415;806;195;118;77;329;212;116;-134;-94;-39
3429;66;2012;0;0;0;0;0;3044;1937;1107;195;117;78;363;230;134;-168;-113;-56
3430;66;2013;0;0;0;0;0;2914;1844;1070;195;117;78;363;226;137;-168;-109;-59
3431;66;2014;0;0;0;0;0;2740;1734;1006;194;117;77;359;223;136;-165;-106;-59
3432;66;2015;0;0;0;0;0;2621;1653;968;194;117;77;352;217;135;-158;-100;-58
3433;66;2016;0;0;0;0;0;2552;1605;947;194;117;77;356;218;138;-162;-101;-61
3434;66;2017;0;0;0;0;0;2513;1579;934;193;116;77;351;215;136;-158;-99;-59
3435;66;2018;0;0;0;0;0;2572;1609;963;191;115;76;364;221;144;-173;-106;-68
3436;66;2019;0;0;0;0;0;2534;1583;951;193;116;77;369;223;146;-176;-107;-69
3437;66;2020;0;0;0;0;0;2538;1581;957;193;116;77;378;226;151;-185;-110;-74
3438;66;2021;0;0;0;0;0;2542;1577;966;193;116;77;383;230;153;-190;-114;-76
3439;66;2022;0;0;0;0;0;2572;1600;972;193;116;77;394;237;157;-201;-121;-80
3440;66;2023;0;0;0;0;0;2581;1598;983;193;116;77;402;242;160;-209;-126;-83
3441;66;2024;0;0;0;0;0;2603;1611;993;193;116;77;410;247;163;-217;-131;-86
3442;66;2025;0;0;0;0;0;2648;1636;1013;193;116;77;421;254;167;-228;-138;-90
3443;66;2026;0;0;0;0;0;2638;1627;1011;193;116;77;436;263;173;-243;-147;-96
3444;66;2027;0;0;0;0;0;2690;1659;1031;193;116;77;438;265;173;-245;-149;-96
3445;66;2028;0;0;0;0;0;2684;1654;1029;193;116;77;448;271;177;-255;-155;-100
3446;66;2029;0;0;0;0;0;2711;1674;1037;193;116;77;460;279;181;-267;-163;-104
3447;66;2030;0;0;0;0;0;2726;1681;1045;193;116;77;473;287;186;-280;-171;-109
3448;66;2031;0;0;0;0;0;2662;1641;1021;193;116;77;472;287;185;-279;-171;-108
3449;66;2032;0;0;0;0;0;2600;1602;998;193;116;77;473;287;186;-280;-171;-109
3450;66;2033;0;0;0;0;0;2575;1583;991;193;116;77;471;285;186;-278;-169;-109
3451;66;2034;0;0;0;0;0;2571;1576;995;193;116;77;480;289;191;-287;-173;-114
3452;66;2035;0;0;0;0;0;2671;1635;1036;193;116;77;496;298;198;-303;-182;-121
3453;66;2036;0;0;0;0;0;2585;1582;1003;193;116;77;495;296;199;-302;-180;-122
3454;66;2037;0;0;0;0;0;2472;1513;960;193;116;77;491;293;198;-298;-177;-121
3455;66;2038;0;0;0;0;0;2349;1430;919;193;116;77;485;288;197;-292;-172;-120
3456;66;2039;0;0;0;0;0;2174;1323;851;193;116;77;472;280;192;-279;-164;-115
3457;66;2040;0;0;0;0;0;2093;1275;818;193;116;77;469;278;191;-276;-162;-114
3458;66;2041;0;0;0;0;0;2007;1223;785;193;116;77;460;274;186;-267;-158;-109
3459;66;2042;0;0;0;0;0;1986;1213;773;193;116;77;457;273;185;-264;-157;-108
3460;66;2043;0;0;0;0;0;1956;1191;765;193;116;77;461;273;188;-268;-157;-111
3461;66;2044;0;0;0;0;0;1967;1196;770;193;116;77;464;275;189;-271;-159;-112
3462;66;2045;0;0;0;0;0;1955;1187;768;193;116;77;464;275;189;-271;-159;-112
3463;66;2046;0;0;0;0;0;2004;1219;785;193;116;77;467;277;190;-274;-161;-113
3464;66;2047;0;0;0;0;0;1969;1196;772;193;116;77;466;277;189;-273;-161;-112
3465;66;2048;0;0;0;0;0;1917;1167;749;193;116;77;465;276;188;-272;-160;-111
3466;66;2049;0;0;0;0;0;1897;1153;744;193;116;77;465;276;189;-272;-160;-112
3467;66;2050;0;0;0;0;0;1929;1174;755;193;116;77;469;278;191;-276;-162;-114
3468;67;2000;0;0;0;0;0;2194;1401;793;183;108;75;158;90;68;25;18;7
3469;67;2001;0;0;0;0;0;2191;1413;779;182;109;73;166;96;70;16;13;3
3470;67;2002;0;0;0;0;0;2165;1393;771;183;110;73;175;102;73;8;8;0
3471;67;2003;0;0;0;0;0;2155;1385;770;182;109;73;185;111;74;-3;-2;-1
3472;67;2004;0;0;0;0;0;2124;1360;765;183;109;74;189;114;75;-6;-5;-1
3473;67;2005;0;0;0;0;0;2212;1419;793;182;109;73;206;125;81;-24;-16;-8
3474;67;2006;0;0;0;0;0;2230;1423;807;181;109;72;214;130;84;-33;-21;-12
3475;67;2007;0;0;0;0;0;2285;1463;822;180;108;72;231;142;89;-51;-34;-17
3476;67;2008;0;0;0;0;0;2207;1415;793;178;107;71;221;135;86;-43;-28;-15
3477;67;2009;0;0;0;0;0;2286;1462;824;179;107;72;235;144;92;-56;-37;-20
3478;67;2010;0;0;0;0;0;2439;1555;884;179;107;72;247;152;94;-68;-45;-22
3479;67;2011;0;0;0;0;0;2538;1612;926;178;106;72;267;162;104;-89;-56;-32
3480;67;2012;0;0;0;0;0;2398;1519;878;177;105;72;273;166;107;-96;-61;-35
3481;67;2013;0;0;0;0;0;3291;2087;1204;178;106;72;308;186;123;-130;-80;-51
3482;67;2014;0;0;0;0;0;3150;1985;1165;177;106;71;309;183;126;-132;-77;-55
3483;67;2015;0;0;0;0;0;2959;1863;1096;176;105;71;306;181;125;-130;-76;-54
3484;67;2016;0;0;0;0;0;2838;1783;1055;175;105;70;301;177;124;-126;-72;-54
3485;67;2017;0;0;0;0;0;2767;1733;1034;176;105;71;304;178;127;-128;-73;-56
3486;67;2018;0;0;0;0;0;2725;1704;1021;176;104;72;300;175;125;-124;-71;-53
3487;67;2019;0;0;0;0;0;2781;1735;1046;176;104;72;312;180;132;-136;-76;-60
3488;67;2020;0;0;0;0;0;2744;1707;1037;176;104;72;316;183;134;-140;-79;-62
3489;67;2021;0;0;0;0;0;2747;1709;1039;176;104;72;324;185;138;-148;-81;-66
3490;67;2022;0;0;0;0;0;2754;1700;1054;176;104;72;329;189;140;-153;-85;-68
3491;67;2023;0;0;0;0;0;2786;1726;1060;176;104;72;338;194;143;-162;-90;-71
3492;67;2024;0;0;0;0;0;2804;1731;1073;176;104;72;344;198;146;-168;-94;-74
3493;67;2025;0;0;0;0;0;2825;1743;1083;176;104;72;351;203;148;-175;-99;-76
3494;67;2026;0;0;0;0;0;2872;1770;1102;176;104;72;361;209;152;-185;-105;-80
3495;67;2027;0;0;0;0;0;2860;1765;1096;176;104;72;373;216;157;-197;-112;-85
3496;67;2028;0;0;0;0;0;2916;1795;1121;176;104;72;375;218;158;-199;-114;-86
3497;67;2029;0;0;0;0;0;2914;1792;1122;176;104;72;384;222;162;-208;-118;-90
3498;67;2030;0;0;0;0;0;2943;1815;1128;176;104;72;394;229;165;-218;-125;-93
3499;67;2031;0;0;0;0;0;2964;1824;1140;176;104;72;405;235;170;-229;-131;-98
3500;67;2032;0;0;0;0;0;2891;1781;1110;176;104;72;404;235;169;-228;-131;-97
3501;67;2033;0;0;0;0;0;2828;1736;1091;176;104;72;404;235;169;-228;-131;-97
3502;67;2034;0;0;0;0;0;2793;1714;1079;176;104;72;402;233;169;-226;-129;-97
3503;67;2035;0;0;0;0;0;2799;1714;1086;176;104;72;411;237;174;-235;-133;-102
3504;67;2036;0;0;0;0;0;2900;1776;1124;176;104;72;424;244;180;-248;-140;-108
3505;67;2037;0;0;0;0;0;2812;1718;1094;176;104;72;424;243;181;-248;-139;-109
3506;67;2038;0;0;0;0;0;2694;1643;1051;176;104;72;420;240;180;-244;-136;-108
3507;67;2039;0;0;0;0;0;2561;1556;1005;176;104;72;414;235;179;-238;-131;-107
3508;67;2040;0;0;0;0;0;2366;1441;925;176;104;72;402;228;174;-226;-124;-102
3509;67;2041;0;0;0;0;0;2278;1388;890;176;104;72;399;226;172;-223;-122;-100
3510;67;2042;0;0;0;0;0;2189;1330;858;176;104;72;390;222;168;-214;-118;-96
3511;67;2043;0;0;0;0;0;2167;1321;846;176;104;72;388;221;167;-212;-117;-95
3512;67;2044;0;0;0;0;0;2131;1298;833;176;104;72;391;221;170;-215;-117;-98
3513;67;2045;0;0;0;0;0;2143;1303;841;176;104;72;393;223;170;-217;-119;-98
3514;67;2046;0;0;0;0;0;2126;1290;836;176;104;72;393;223;171;-217;-119;-99
3515;67;2047;0;0;0;0;0;2181;1326;855;176;104;72;396;225;171;-220;-121;-99
3516;67;2048;0;0;0;0;0;2148;1305;843;176;104;72;395;224;171;-219;-120;-99
3517;67;2049;0;0;0;0;0;2092;1275;817;176;104;72;394;224;170;-218;-120;-98
3518;67;2050;0;0;0;0;0;2073;1262;811;176;104;72;394;223;170;-218;-119;-98
3519;68;2000;0;0;0;0;0;2454;1554;900;167;99;68;136;73;63;31;26;5
3520;68;2001;0;0;0;0;0;2349;1501;847;165;99;66;138;75;62;27;24;4
3521;68;2002;0;0;0;0;0;2344;1496;848;167;99;68;144;79;64;23;20;4
3522;68;2003;0;0;0;0;0;2312;1475;837;164;98;66;151;84;67;13;14;-1
3523;68;2004;0;0;0;0;0;2307;1470;836;164;98;66;158;90;68;6;8;-2
3524;68;2005;0;0;0;0;0;2282;1451;831;163;98;65;162;93;69;1;5;-4
3525;68;2006;0;0;0;0;0;2388;1519;869;163;97;66;176;101;74;-13;-4;-8
3526;68;2007;0;0;0;0;0;2407;1527;880;160;95;65;182;105;77;-22;-10;-12
3527;68;2008;0;0;0;0;0;2470;1571;899;160;95;65;196;115;81;-36;-20;-16
3528;68;2009;0;0;0;0;0;2385;1520;865;159;95;64;188;109;79;-29;-14;-15
3529;68;2010;0;0;0;0;0;2468;1568;900;159;95;64;200;116;84;-41;-21;-20
3530;68;2011;0;0;0;0;0;2644;1678;966;159;95;64;208;122;86;-49;-27;-22
3531;68;2012;0;0;0;0;0;2743;1732;1011;158;94;64;225;130;95;-67;-36;-31
3532;68;2013;0;0;0;0;0;2601;1639;961;159;94;65;229;132;97;-70;-38;-32
3533;68;2014;0;0;0;0;0;3567;2248;1318;160;94;66;264;152;112;-104;-58;-46
3534;68;2015;0;0;0;0;0;3419;2143;1276;160;94;66;265;150;115;-105;-56;-49
3535;68;2016;0;0;0;0;0;3207;2010;1197;161;95;66;263;149;114;-102;-54;-48
3536;68;2017;0;0;0;0;0;3081;1926;1155;160;95;65;259;146;113;-99;-51;-48
3537;68;2018;0;0;0;0;0;3003;1873;1131;161;96;65;262;147;116;-101;-51;-51
3538;68;2019;0;0;0;0;0;2959;1843;1116;161;96;65;258;144;114;-97;-48;-49
3539;68;2020;0;0;0;0;0;3022;1878;1144;161;96;65;269;149;120;-108;-53;-55
3540;68;2021;0;0;0;0;0;2985;1849;1136;161;96;65;273;151;122;-112;-55;-57
3541;68;2022;0;0;0;0;0;2992;1850;1142;161;96;65;279;154;126;-118;-58;-61
3542;68;2023;0;0;0;0;0;2995;1844;1152;161;96;65;284;156;127;-123;-60;-62
3543;68;2024;0;0;0;0;0;3035;1873;1162;161;96;65;292;162;130;-131;-66;-65
3544;68;2025;0;0;0;0;0;3053;1880;1172;161;96;65;297;164;133;-136;-68;-68
3545;68;2026;0;0;0;0;0;3077;1892;1185;161;96;65;303;168;135;-142;-72;-70
3546;68;2027;0;0;0;0;0;3128;1920;1208;161;96;65;312;173;138;-151;-77;-73
3547;68;2028;0;0;0;0;0;3121;1919;1202;161;96;65;322;179;143;-161;-83;-78
3548;68;2029;0;0;0;0;0;3180;1948;1232;161;96;65;324;181;144;-163;-85;-79
3549;68;2030;0;0;0;0;0;3179;1948;1231;161;96;65;332;185;147;-171;-89;-82
3550;68;2031;0;0;0;0;0;3211;1974;1237;161;96;65;340;190;150;-179;-94;-85
3551;68;2032;0;0;0;0;0;3228;1981;1248;161;96;65;349;195;154;-188;-99;-89
3552;68;2033;0;0;0;0;0;3153;1937;1216;161;96;65;348;195;153;-187;-99;-88
3553;68;2034;0;0;0;0;0;3084;1891;1194;161;96;65;347;194;153;-186;-98;-88
3554;68;2035;0;0;0;0;0;3051;1870;1181;161;96;65;346;193;153;-185;-97;-88
3555;68;2036;0;0;0;0;0;3052;1864;1188;161;96;65;354;196;157;-193;-100;-92
3556;68;2037;0;0;0;0;0;3160;1930;1230;161;96;65;366;203;163;-205;-107;-98
3557;68;2038;0;0;0;0;0;3072;1872;1200;161;96;65;365;202;163;-204;-106;-98
3558;68;2039;0;0;0;0;0;2938;1789;1150;161;96;65;362;199;163;-201;-103;-98
3559;68;2040;0;0;0;0;0;2792;1694;1099;161;96;65;356;195;161;-195;-99;-96
3560;68;2041;0;0;0;0;0;2583;1568;1015;161;96;65;345;188;157;-184;-92;-92
3561;68;2042;0;0;0;0;0;2486;1511;975;161;96;65;341;186;155;-180;-90;-90
3562;68;2043;0;0;0;0;0;2387;1447;939;161;96;65;333;182;151;-172;-86;-86
3563;68;2044;0;0;0;0;0;2367;1442;926;161;96;65;331;181;150;-170;-85;-85
3564;68;2045;0;0;0;0;0;2330;1414;916;161;96;65;333;181;153;-172;-85;-88
3565;68;2046;0;0;0;0;0;2345;1420;925;161;96;65;335;182;153;-174;-86;-88
3566;68;2047;0;0;0;0;0;2332;1414;918;161;96;65;336;182;153;-175;-86;-88
3567;68;2048;0;0;0;0;0;2384;1446;938;161;96;65;338;184;154;-177;-88;-89
3568;68;2049;0;0;0;0;0;2351;1424;927;161;96;65;336;183;153;-175;-87;-88
3569;68;2050;0;0;0;0;0;2291;1392;899;161;96;65;335;183;152;-174;-87;-87
3570;69;2000;0;0;0;0;0;2612;1650;962;149;89;60;115;58;57;34;31;3
3571;69;2001;0;0;0;0;0;2617;1669;947;151;90;61;120;62;57;31;28;4
3572;69;2002;0;0;0;0;0;2503;1594;909;150;90;60;120;63;57;30;27;3
3573;69;2003;0;0;0;0;0;2500;1592;908;146;87;59;125;67;58;21;20;1
3574;69;2004;0;0;0;0;0;2462;1568;894;147;87;60;131;70;61;16;17;-1
3575;69;2005;0;0;0;0;0;2476;1576;900;146;87;59;137;75;62;9;12;-3
3576;69;2006;0;0;0;0;0;2456;1560;896;146;87;59;140;77;63;6;10;-4
3577;69;2007;0;0;0;0;0;2577;1640;937;145;86;59;151;84;68;-6;2;-9
3578;69;2008;0;0;0;0;0;2597;1647;950;143;85;58;157;87;70;-14;-2;-12
3579;69;2009;0;0;0;0;0;2668;1695;973;144;85;59;168;95;73;-24;-10;-14
3580;69;2010;0;0;0;0;0;2574;1638;936;145;86;59;162;90;72;-17;-4;-13
3581;69;2011;0;0;0;0;0;2672;1699;973;144;86;58;171;96;76;-27;-10;-18
3582;69;2012;0;0;0;0;0;2855;1812;1043;145;86;59;178;100;78;-33;-14;-19
3583;69;2013;0;0;0;0;0;2974;1876;1097;145;86;59;192;106;86;-47;-20;-27
3584;69;2014;0;0;0;0;0;2813;1774;1039;145;86;59;196;107;88;-51;-21;-29
3585;69;2015;0;0;0;0;0;3854;2431;1423;145;86;59;229;127;102;-84;-41;-43
3586;69;2016;0;0;0;0;0;3697;2317;1379;145;86;59;230;125;104;-85;-39;-45
3587;69;2017;0;0;0;0;0;3478;2182;1296;145;86;59;228;124;103;-83;-38;-44
3588;69;2018;0;0;0;0;0;3337;2089;1248;144;85;59;225;122;103;-81;-37;-44
3589;69;2019;0;0;0;0;0;3257;2033;1225;144;85;59;228;123;105;-84;-38;-46
3590;69;2020;0;0;0;0;0;3207;2000;1206;144;85;59;225;121;103;-81;-36;-44
3591;69;2021;0;0;0;0;0;3284;2041;1242;144;85;59;234;126;109;-90;-41;-50
3592;69;2022;0;0;0;0;0;3236;2008;1228;144;85;59;238;128;110;-94;-43;-51
3593;69;2023;0;0;0;0;0;3247;2012;1235;144;85;59;243;130;114;-99;-45;-55
3594;69;2024;0;0;0;0;0;3252;2004;1249;144;85;59;247;132;115;-103;-47;-56
3595;69;2025;0;0;0;0;0;3297;2040;1257;144;85;59;255;137;118;-111;-52;-59
3596;69;2026;0;0;0;0;0;3314;2045;1269;144;85;59;259;139;120;-115;-54;-61
3597;69;2027;0;0;0;0;0;3347;2064;1283;144;85;59;264;142;122;-120;-57;-63
3598;69;2028;0;0;0;0;0;3402;2093;1309;144;85;59;272;146;125;-128;-61;-66
3599;69;2029;0;0;0;0;0;3394;2090;1304;144;85;59;280;151;129;-136;-66;-70
3600;69;2030;0;0;0;0;0;3452;2123;1329;144;85;59;283;153;130;-139;-68;-71
3601;69;2031;0;0;0;0;0;3455;2124;1331;144;85;59;289;156;133;-145;-71;-74
3602;69;2032;0;0;0;0;0;3497;2154;1343;144;85;59;296;160;136;-152;-75;-77
3603;69;2033;0;0;0;0;0;3518;2167;1352;144;85;59;304;165;139;-160;-80;-80
3604;69;2034;0;0;0;0;0;3432;2115;1318;144;85;59;302;164;138;-158;-79;-79
3605;69;2035;0;0;0;0;0;3359;2066;1293;144;85;59;302;164;138;-158;-79;-79
3606;69;2036;0;0;0;0;0;3322;2043;1278;144;85;59;301;162;138;-157;-77;-79
3607;69;2037;0;0;0;0;0;3323;2037;1286;144;85;59;307;165;142;-163;-80;-83
3608;69;2038;0;0;0;0;0;3446;2113;1334;144;85;59;318;172;147;-174;-87;-88
3609;69;2039;0;0;0;0;0;3346;2044;1302;144;85;59;317;170;147;-173;-85;-88
3610;69;2040;0;0;0;0;0;3202;1958;1244;144;85;59;314;167;147;-170;-82;-88
3611;69;2041;0;0;0;0;0;3046;1853;1193;144;85;59;309;164;145;-165;-79;-86
3612;69;2042;0;0;0;0;0;2817;1716;1101;144;85;59;299;158;141;-155;-73;-82
3613;69;2043;0;0;0;0;0;2715;1655;1059;144;85;59;295;156;139;-151;-71;-80
3614;69;2044;0;0;0;0;0;2604;1589;1015;144;85;59;287;152;135;-143;-67;-76
3615;69;2045;0;0;0;0;0;2579;1579;1000;144;85;59;285;151;134;-141;-66;-75
3616;69;2046;0;0;0;0;0;2541;1548;992;144;85;59;287;151;136;-143;-66;-77
3617;69;2047;0;0;0;0;0;2558;1559;999;144;85;59;289;152;137;-145;-67;-78
3618;69;2048;0;0;0;0;0;2542;1548;994;144;85;59;289;152;137;-145;-67;-78
3619;69;2049;0;0;0;0;0;2605;1588;1017;144;85;59;291;153;137;-147;-68;-78
3620;69;2050;0;0;0;0;0;2568;1564;1004;144;85;59;289;153;136;-145;-68;-77
3621;70;2000;0;0;0;0;0;2850;1798;1051;133;78;55;105;52;53;28;26;2
3622;70;2001;0;0;0;0;0;2751;1748;1003;130;76;54;102;51;52;28;25;2
3623;70;2002;0;0;0;0;0;2752;1750;1003;130;76;54;106;54;52;24;22;2
3624;70;2003;0;0;0;0;0;2632;1670;962;132;77;55;106;55;51;26;22;4
3625;70;2004;0;0;0;0;0;2626;1668;958;131;77;54;110;57;53;21;20;1
3626;70;2005;0;0;0;0;0;2607;1657;951;132;77;55;115;60;55;17;17;0
3627;70;2006;0;0;0;0;0;2627;1671;957;130;76;54;120;64;56;10;12;-2
3628;70;2007;0;0;0;0;0;2611;1658;953;130;76;54;123;66;57;7;10;-3
3629;70;2008;0;0;0;0;0;2736;1740;996;129;75;54;133;72;61;-4;3;-7
3630;70;2009;0;0;0;0;0;2762;1749;1013;126;74;52;137;74;63;-11;0;-11
3631;70;2010;0;0;0;0;0;2833;1796;1037;128;75;53;147;81;66;-19;-6;-13
3632;70;2011;0;0;0;0;0;2739;1745;994;128;75;53;141;77;65;-13;-2;-12
3633;70;2012;0;0;0;0;0;2839;1804;1034;128;75;53;150;81;68;-22;-6;-15
3634;70;2013;0;0;0;0;0;3045;1931;1114;127;74;53;156;85;71;-29;-11;-18
3635;70;2014;0;0;0;0;0;3165;1999;1166;127;74;53;168;90;78;-41;-16;-25
3636;70;2015;0;0;0;0;0;3000;1891;1109;127;74;53;171;91;79;-44;-17;-26
3637;70;2016;0;0;0;0;0;4118;2595;1522;127;74;53;201;109;92;-74;-35;-39
3638;70;2017;0;0;0;0;0;3945;2473;1472;127;74;53;202;108;94;-75;-34;-41
3639;70;2018;0;0;0;0;0;3714;2333;1381;127;74;53;200;107;93;-73;-33;-40
3640;70;2019;0;0;0;0;0;3563;2233;1330;126;73;53;198;105;93;-72;-32;-40
3641;70;2020;0;0;0;0;0;3478;2173;1305;126;73;53;201;106;95;-75;-33;-42
3642;70;2021;0;0;0;0;0;3431;2144;1288;126;73;53;198;105;93;-72;-32;-40
3643;70;2022;0;0;0;0;0;3508;2187;1321;126;73;53;207;109;98;-81;-36;-45
3644;70;2023;0;0;0;0;0;3463;2150;1312;126;73;53;210;110;100;-84;-37;-47
3645;70;2024;0;0;0;0;0;3476;2158;1318;126;73;53;215;112;103;-89;-39;-50
3646;70;2025;0;0;0;0;0;3482;2152;1330;126;73;53;219;114;104;-93;-41;-51
3647;70;2026;0;0;0;0;0;3532;2190;1342;126;73;53;225;118;107;-99;-45;-54
3648;70;2027;0;0;0;0;0;3553;2196;1357;126;73;53;228;120;108;-102;-47;-55
3649;70;2028;0;0;0;0;0;3586;2214;1372;126;73;53;233;123;110;-107;-50;-57
3650;70;2029;0;0;0;0;0;3644;2249;1395;126;73;53;240;127;113;-114;-54;-60
3651;70;2030;0;0;0;0;0;3637;2247;1390;126;73;53;247;131;116;-121;-58;-63
3652;70;2031;0;0;0;0;0;3706;2285;1421;126;73;53;250;132;117;-124;-59;-64
3653;70;2032;0;0;0;0;0;3706;2284;1422;126;73;53;255;135;120;-129;-62;-67
3654;70;2033;0;0;0;0;0;3748;2317;1431;126;73;53;261;139;122;-135;-66;-69
3655;70;2034;0;0;0;0;0;3770;2330;1440;126;73;53;268;143;126;-142;-70;-73
3656;70;2035;0;0;0;0;0;3686;2283;1402;126;73;53;266;142;124;-140;-69;-71
3657;70;2036;0;0;0;0;0;3607;2227;1380;126;73;53;266;141;124;-140;-68;-71
3658;70;2037;0;0;0;0;0;3568;2200;1368;126;73;53;265;140;124;-139;-67;-71
3659;70;2038;0;0;0;0;0;3575;2199;1376;126;73;53;270;143;127;-144;-70;-74
3660;70;2039;0;0;0;0;0;3708;2281;1427;126;73;53;280;148;132;-154;-75;-79
3661;70;2040;0;0;0;0;0;3596;2209;1387;126;73;53;279;147;132;-153;-74;-79
3662;70;2041;0;0;0;0;0;3442;2114;1329;126;73;53;276;145;132;-150;-72;-79
3663;70;2042;0;0;0;0;0;3274;2004;1271;126;73;53;271;141;130;-145;-68;-77
3664;70;2043;0;0;0;0;0;3031;1856;1176;126;73;53;262;136;126;-136;-63;-73
3665;70;2044;0;0;0;0;0;2920;1790;1130;126;73;53;258;134;124;-132;-61;-71
3666;70;2045;0;0;0;0;0;2804;1717;1086;126;73;53;251;130;121;-125;-57;-68
3667;70;2046;0;0;0;0;0;2781;1709;1073;126;73;53;248;129;119;-122;-56;-66
3668;70;2047;0;0;0;0;0;2736;1674;1062;126;73;53;251;129;121;-125;-56;-68
3669;70;2048;0;0;0;0;0;2757;1688;1069;126;73;53;252;130;122;-126;-57;-69
3670;70;2049;0;0;0;0;0;2742;1676;1066;126;73;53;252;130;122;-126;-57;-69
3671;70;2050;0;0;0;0;0;2812;1721;1091;126;73;53;253;131;122;-127;-58;-69
3672;71;2000;0;0;0;0;0;2930;1833;1097;117;68;49;88;42;46;29;26;3
3673;71;2001;0;0;0;0;0;3009;1906;1103;117;68;49;93;46;48;24;22;1
3674;71;2002;0;0;0;0;0;2900;1830;1070;119;69;50;90;44;46;29;25;4
3675;71;2003;0;0;0;0;0;2900;1831;1069;119;69;50;94;47;47;25;22;3
3676;71;2004;0;0;0;0;0;2777;1752;1025;116;67;49;94;48;46;22;19;3
3677;71;2005;0;0;0;0;0;2788;1761;1027;116;67;49;98;50;48;18;17;1
3678;71;2006;0;0;0;0;0;2776;1756;1020;116;67;49;102;52;50;14;15;-1
3679;71;2007;0;0;0;0;0;2802;1775;1027;114;67;47;106;56;50;8;11;-3
3680;71;2008;0;0;0;0;0;2786;1762;1024;115;67;48;108;57;51;7;10;-3
3681;71;2009;0;0;0;0;0;2924;1850;1075;114;66;48;117;62;55;-3;4;-7
3682;71;2010;0;0;0;0;0;2949;1861;1088;114;66;48;121;64;57;-7;2;-9
3683;71;2011;0;0;0;0;0;3031;1918;1113;115;66;49;129;70;59;-14;-4;-10
3684;71;2012;0;0;0;0;0;2932;1860;1072;115;66;49;125;67;58;-10;-1;-9
3685;71;2013;0;0;0;0;0;3050;1932;1117;115;66;49;132;71;61;-17;-5;-12
3686;71;2014;0;0;0;0;0;3263;2063;1200;114;65;49;137;74;63;-23;-9;-14
3687;71;2015;0;0;0;0;0;3393;2139;1254;114;65;49;148;78;70;-34;-13;-21
3688;71;2016;0;0;0;0;0;3212;2021;1191;114;65;49;150;79;71;-36;-14;-22
3689;71;2017;0;0;0;0;0;4416;2780;1636;116;66;50;178;95;83;-62;-29;-33
3690;71;2018;0;0;0;0;0;4236;2654;1582;115;65;50;179;94;85;-64;-29;-35
3691;71;2019;0;0;0;0;0;3987;2498;1488;116;65;51;177;93;84;-61;-28;-33
3692;71;2020;0;0;0;0;0;3830;2394;1436;115;64;51;175;92;84;-60;-28;-33
3693;71;2021;0;0;0;0;0;3738;2334;1404;115;64;51;178;93;85;-63;-29;-34
3694;71;2022;0;0;0;0;0;3690;2303;1387;115;64;51;176;92;84;-61;-28;-33
3695;71;2023;0;0;0;0;0;3772;2346;1426;115;64;51;183;95;88;-68;-31;-37
3696;71;2024;0;0;0;0;0;3725;2313;1412;115;64;51;186;97;90;-71;-33;-39
3697;71;2025;0;0;0;0;0;3736;2321;1415;115;64;51;191;99;92;-76;-35;-41
3698;71;2026;0;0;0;0;0;3749;2315;1434;115;64;51;194;100;94;-79;-36;-43
3699;71;2027;0;0;0;0;0;3804;2357;1447;115;64;51;200;104;96;-85;-40;-45
3700;71;2028;0;0;0;0;0;3827;2368;1459;115;64;51;203;105;98;-88;-41;-47
3701;71;2029;0;0;0;0;0;3863;2387;1477;115;64;51;207;108;99;-92;-44;-48
3702;71;2030;0;0;0;0;0;3931;2425;1506;115;64;51;213;111;102;-98;-47;-51
3703;71;2031;0;0;0;0;0;3918;2418;1500;115;64;51;219;114;105;-104;-50;-54
3704;71;2032;0;0;0;0;0;3997;2465;1532;115;64;51;222;116;106;-107;-52;-55
3705;71;2033;0;0;0;0;0;3998;2464;1534;115;64;51;227;118;108;-112;-54;-57
3706;71;2034;0;0;0;0;0;4043;2500;1543;115;64;51;232;122;110;-117;-58;-59
3707;71;2035;0;0;0;0;0;4072;2516;1556;115;64;51;238;125;113;-123;-61;-62
3708;71;2036;0;0;0;0;0;3983;2465;1519;115;64;51;236;124;112;-121;-60;-61
3709;71;2037;0;0;0;0;0;3894;2404;1489;115;64;51;235;124;112;-120;-60;-61
3710;71;2038;0;0;0;0;0;3855;2378;1478;115;64;51;234;123;112;-119;-59;-61
3711;71;2039;0;0;0;0;0;3860;2374;1486;115;64;51;239;125;114;-124;-61;-63
3712;71;2040;0;0;0;0;0;4004;2467;1537;115;64;51;248;130;118;-133;-66;-67
3713;71;2041;0;0;0;0;0;3890;2389;1501;115;64;51;247;129;118;-132;-65;-67
3714;71;2042;0;0;0;0;0;3722;2288;1435;115;64;51;244;127;118;-129;-63;-67
3715;71;2043;0;0;0;0;0;3544;2167;1377;115;64;51;240;124;116;-125;-60;-65
3716;71;2044;0;0;0;0;0;3280;2010;1269;115;64;51;231;118;113;-116;-54;-62
3717;71;2045;0;0;0;0;0;3161;1940;1221;115;64;51;227;117;111;-112;-53;-60
3718;71;2046;0;0;0;0;0;3039;1862;1177;115;64;51;221;113;107;-106;-49;-56
3719;71;2047;0;0;0;0;0;3005;1850;1156;115;64;51;218;112;106;-103;-48;-55
3720;71;2048;0;0;0;0;0;2962;1817;1145;115;64;51;220;112;108;-105;-48;-57
3721;71;2049;0;0;0;0;0;2984;1829;1154;115;64;51;221;113;108;-106;-49;-57
3722;71;2050;0;0;0;0;0;2971;1820;1151;115;64;51;221;113;108;-106;-49;-57
3723;72;2000;0;0;0;0;0;3136;1932;1204;104;61;43;77;35;42;27;26;1
3724;72;2001;0;0;0;0;0;3075;1916;1159;104;61;43;77;36;41;27;25;2
3725;72;2002;0;0;0;0;0;3154;1969;1185;104;60;44;82;39;43;22;21;1
3726;72;2003;0;0;0;0;0;3041;1893;1148;104;60;44;80;38;42;24;22;2
3727;72;2004;0;0;0;0;0;3044;1897;1146;105;61;44;82;40;42;23;21;2
3728;72;2005;0;0;0;0;0;2931;1830;1101;101;59;42;83;41;41;18;18;1
3729;72;2006;0;0;0;0;0;2954;1845;1109;102;59;43;86;43;43;16;16;0
3730;72;2007;0;0;0;0;0;2947;1847;1101;102;59;43;90;45;44;12;14;-1
3731;72;2008;0;0;0;0;0;2974;1864;1110;102;59;43;93;48;45;9;11;-2
3732;72;2009;0;0;0;0;0;2961;1852;1109;103;59;44;95;49;46;8;10;-2
3733;72;2010;0;0;0;0;0;3103;1944;1158;102;58;44;102;53;49;0;5;-5
3734;72;2011;0;0;0;0;0;3136;1960;1176;100;57;43;106;55;50;-6;2;-7
3735;72;2012;0;0;0;0;0;3227;2020;1207;100;57;43;113;60;53;-13;-3;-10
3736;72;2013;0;0;0;0;0;3125;1964;1161;101;58;43;109;58;52;-8;0;-9
3737;72;2014;0;0;0;0;0;3244;2034;1210;101;58;43;116;61;55;-15;-3;-12
3738;72;2015;0;0;0;0;0;3478;2179;1300;100;57;43;121;64;57;-21;-7;-14
3739;72;2016;0;0;0;0;0;3619;2258;1361;101;58;43;130;67;62;-29;-9;-19
3740;72;2017;0;0;0;0;0;3432;2139;1292;102;58;44;132;68;64;-30;-10;-20
3741;72;2018;0;0;0;0;0;4712;2941;1770;102;58;44;157;83;75;-55;-25;-31
3742;72;2019;0;0;0;0;0;4524;2808;1716;102;58;44;158;81;76;-56;-23;-32
3743;72;2020;0;0;0;0;0;4259;2646;1613;102;58;44;156;81;75;-54;-23;-31
3744;72;2021;0;0;0;0;0;4093;2540;1553;102;58;44;154;80;75;-52;-22;-31
3745;72;2022;0;0;0;0;0;3995;2475;1520;102;58;44;156;81;76;-54;-23;-32
3746;72;2023;0;0;0;0;0;3943;2440;1504;102;58;44;155;80;75;-53;-22;-31
3747;72;2024;0;0;0;0;0;4043;2494;1549;102;58;44;162;83;79;-60;-25;-35
3748;72;2025;0;0;0;0;0;3991;2458;1533;102;58;44;165;85;80;-63;-27;-36
3749;72;2026;0;0;0;0;0;4004;2464;1540;102;58;44;169;86;83;-67;-28;-39
3750;72;2027;0;0;0;0;0;4020;2464;1556;102;58;44;171;88;84;-69;-30;-40
3751;72;2028;0;0;0;0;0;4073;2506;1567;102;58;44;177;90;86;-75;-32;-42
3752;72;2029;0;0;0;0;0;4104;2517;1586;102;58;44;179;92;88;-77;-34;-44
3753;72;2030;0;0;0;0;0;4142;2542;1599;102;58;44;183;94;89;-81;-36;-45
3754;72;2031;0;0;0;0;0;4215;2582;1634;102;58;44;189;97;92;-87;-39;-48
3755;72;2032;0;0;0;0;0;4207;2583;1624;102;58;44;193;100;94;-91;-42;-50
3756;72;2033;0;0;0;0;0;4292;2628;1664;102;58;44;196;101;95;-94;-43;-51
3757;72;2034;0;0;0;0;0;4289;2628;1661;102;58;44;200;103;97;-98;-45;-53
3758;72;2035;0;0;0;0;0;4344;2672;1672;102;58;44;205;106;99;-103;-48;-55
3759;72;2036;0;0;0;0;0;4372;2687;1685;102;58;44;210;109;101;-108;-51;-57
3760;72;2037;0;0;0;0;0;4273;2627;1645;102;58;44;208;108;100;-106;-50;-56
3761;72;2038;0;0;0;0;0;4190;2571;1619;102;58;44;207;108;100;-105;-50;-56
3762;72;2039;0;0;0;0;0;4148;2545;1603;102;58;44;206;107;100;-104;-49;-56
3763;72;2040;0;0;0;0;0;4152;2543;1609;102;58;44;211;109;102;-109;-51;-58
3764;72;2041;0;0;0;0;0;4307;2637;1669;102;58;44;219;113;106;-117;-55;-62
3765;72;2042;0;0;0;0;0;4183;2553;1629;102;58;44;217;112;106;-115;-54;-62
3766;72;2043;0;0;0;0;0;4008;2450;1559;102;58;44;215;110;105;-113;-52;-61
3767;72;2044;0;0;0;0;0;3811;2320;1491;102;58;44;211;107;103;-109;-49;-59
3768;72;2045;0;0;0;0;0;3526;2148;1378;102;58;44;202;103;100;-100;-45;-56
3769;72;2046;0;0;0;0;0;3405;2077;1328;102;58;44;199;101;98;-97;-43;-54
3770;72;2047;0;0;0;0;0;3266;1991;1275;102;58;44;193;98;95;-91;-40;-51
3771;72;2048;0;0;0;0;0;3240;1984;1257;102;58;44;190;97;93;-88;-39;-49
3772;72;2049;0;0;0;0;0;3193;1946;1247;102;58;44;192;97;95;-90;-39;-51
3773;72;2050;0;0;0;0;0;3219;1962;1258;102;58;44;193;98;95;-91;-40;-51
3774;73;2000;0;0;0;0;0;3268;1989;1278;92;53;39;65;29;36;27;24;3
3775;73;2001;0;0;0;0;0;3322;2035;1288;91;53;38;68;31;37;23;22;1
3776;73;2002;0;0;0;0;0;3260;1998;1263;92;54;38;68;31;37;24;23;1
3777;73;2003;0;0;0;0;0;3339;2052;1287;91;54;37;72;34;38;19;20;-1
3778;73;2004;0;0;0;0;0;3220;1974;1247;92;54;38;70;33;37;22;21;1
3779;73;2005;0;0;0;0;0;3248;1993;1255;92;54;38;72;35;37;20;19;1
3780;73;2006;0;0;0;0;0;3138;1931;1206;91;53;38;73;36;37;18;17;1
3781;73;2007;0;0;0;0;0;3167;1955;1213;88;51;37;75;37;38;13;14;-1
3782;73;2008;0;0;0;0;0;3164;1953;1210;88;51;37;79;39;40;9;12;-3
3783;73;2009;0;0;0;0;0;3190;1975;1216;88;51;37;81;41;40;7;10;-3
3784;73;2010;0;0;0;0;0;3179;1965;1214;89;52;37;83;43;41;6;9;-4
3785;73;2011;0;0;0;0;0;3334;2066;1268;88;51;37;90;46;44;-2;5;-7
3786;73;2012;0;0;0;0;0;3372;2083;1290;88;51;37;93;48;45;-5;3;-8
3787;73;2013;0;0;0;0;0;3473;2150;1323;88;51;37;99;52;47;-11;-1;-10
3788;73;2014;0;0;0;0;0;3366;2089;1276;88;51;37;96;50;46;-8;1;-9
3789;73;2015;0;0;0;0;0;3494;2168;1326;89;51;38;101;52;49;-12;-1;-11
3790;73;2016;0;0;0;0;0;3743;2319;1424;89;51;38;106;55;51;-17;-4;-13
3791;73;2017;0;0;0;0;0;3903;2412;1491;88;50;38;114;58;55;-26;-8;-17
3792;73;2018;0;0;0;0;0;3698;2283;1414;88;50;38;116;59;57;-28;-9;-19
3793;73;2019;0;0;0;0;0;5088;3141;1947;87;50;37;139;72;67;-52;-22;-30
3794;73;2020;0;0;0;0;0;4885;3000;1885;87;50;37;139;71;68;-52;-21;-31
3795;73;2021;0;0;0;0;0;4602;2833;1769;87;50;37;137;70;67;-50;-20;-30
3796;73;2022;0;0;0;0;0;4423;2716;1707;87;50;37;136;69;66;-49;-19;-29
3797;73;2023;0;0;0;0;0;4325;2649;1675;87;50;37;138;70;67;-51;-20;-30
3798;73;2024;0;0;0;0;0;4270;2615;1655;87;50;37;137;70;67;-50;-20;-30
3799;73;2025;0;0;0;0;0;4369;2670;1698;87;50;37;143;73;70;-56;-23;-33
3800;73;2026;0;0;0;0;0;4319;2638;1682;87;50;37;146;75;72;-59;-25;-35
3801;73;2027;0;0;0;0;0;4340;2649;1691;87;50;37;150;76;74;-63;-26;-37
3802;73;2028;0;0;0;0;0;4351;2641;1709;87;50;37;152;77;75;-65;-27;-38
3803;73;2029;0;0;0;0;0;4417;2692;1725;87;50;37;157;80;77;-70;-30;-40
3804;73;2030;0;0;0;0;0;4445;2703;1742;87;50;37;159;81;78;-72;-31;-41
3805;73;2031;0;0;0;0;0;4494;2729;1765;87;50;37;163;83;80;-76;-33;-43
3806;73;2032;0;0;0;0;0;4572;2778;1795;87;50;37;168;86;82;-81;-36;-45
3807;73;2033;0;0;0;0;0;4565;2776;1789;87;50;37;171;87;84;-84;-37;-47
3808;73;2034;0;0;0;0;0;4656;2830;1826;87;50;37;174;89;85;-87;-39;-48
3809;73;2035;0;0;0;0;0;4659;2833;1827;87;50;37;178;91;87;-91;-41;-50
3810;73;2036;0;0;0;0;0;4719;2876;1843;87;50;37;182;93;88;-95;-43;-51
3811;73;2037;0;0;0;0;0;4748;2893;1855;87;50;37;186;96;90;-99;-46;-53
3812;73;2038;0;0;0;0;0;4645;2834;1811;87;50;37;184;95;89;-97;-45;-52
3813;73;2039;0;0;0;0;0;4548;2768;1780;87;50;37;183;94;89;-96;-44;-52
3814;73;2040;0;0;0;0;0;4502;2743;1759;87;50;37;182;94;89;-95;-44;-52
3815;73;2041;0;0;0;0;0;4512;2740;1772;87;50;37;186;95;91;-99;-45;-54
3816;73;2042;0;0;0;0;0;4683;2847;1837;87;50;37;194;100;94;-107;-50;-57
3817;73;2043;0;0;0;0;0;4554;2760;1793;87;50;37;192;98;94;-105;-48;-57
3818;73;2044;0;0;0;0;0;4361;2646;1715;87;50;37;190;96;93;-103;-46;-56
3819;73;2045;0;0;0;0;0;4154;2509;1645;87;50;37;186;94;92;-99;-44;-55
3820;73;2046;0;0;0;0;0;3845;2325;1520;87;50;37;178;90;88;-91;-40;-51
3821;73;2047;0;0;0;0;0;3703;2242;1461;87;50;37;174;88;86;-87;-38;-49
3822;73;2048;0;0;0;0;0;3556;2155;1401;87;50;37;168;85;83;-81;-35;-46
3823;73;2049;0;0;0;0;0;3531;2146;1384;87;50;37;166;84;82;-79;-34;-45
3824;73;2050;0;0;0;0;0;3481;2108;1373;87;50;37;167;84;83;-80;-34;-46
3825;74;2000;0;0;0;0;0;3546;2119;1427;83;47;36;58;25;33;25;22;3
3826;74;2001;0;0;0;0;0;3464;2091;1373;83;48;35;57;25;32;26;23;3
3827;74;2002;0;0;0;0;0;3521;2119;1402;81;47;34;59;26;33;22;21;1
3828;74;2003;0;0;0;0;0;3449;2077;1372;81;46;35;59;27;32;22;19;3
3829;74;2004;0;0;0;0;0;3541;2139;1402;81;46;35;63;29;34;18;17;1
3830;74;2005;0;0;0;0;0;3439;2075;1365;79;45;34;61;28;33;18;17;1
3831;74;2006;0;0;0;0;0;3481;2104;1377;80;46;34;63;30;33;17;16;1
3832;74;2007;0;0;0;0;0;3361;2039;1322;80;46;34;64;31;33;16;15;1
3833;74;2008;0;0;0;0;0;3394;2062;1332;79;45;34;66;32;34;13;13;0
3834;74;2009;0;0;0;0;0;3392;2064;1328;79;45;34;69;33;35;10;12;-1
3835;74;2010;0;0;0;0;0;3425;2090;1335;79;45;34;71;35;36;8;10;-2
3836;74;2011;0;0;0;0;0;3413;2082;1332;79;45;34;72;36;36;7;9;-2
3837;74;2012;0;0;0;0;0;3585;2188;1397;79;45;34;78;39;39;1;6;-5
3838;74;2013;0;0;0;0;0;3629;2210;1419;80;44;36;80;41;40;0;3;-4
3839;74;2014;0;0;0;0;0;3737;2282;1455;80;44;36;85;44;42;-5;0;-6
3840;74;2015;0;0;0;0;0;3619;2217;1401;80;44;36;83;42;41;-3;2;-5
3841;74;2016;0;0;0;0;0;3763;2307;1456;80;44;36;88;45;43;-8;-1;-7
3842;74;2017;0;0;0;0;0;4040;2474;1566;79;44;35;92;47;45;-13;-3;-10
3843;74;2018;0;0;0;0;0;4209;2566;1643;79;44;35;99;50;49;-20;-6;-14
3844;74;2019;0;0;0;0;0;3998;2437;1561;79;44;35;101;50;50;-22;-6;-15
3845;74;2020;0;0;0;0;0;5490;3348;2142;80;45;35;121;62;60;-41;-17;-25
3846;74;2021;0;0;0;0;0;5277;3205;2072;80;45;35;121;61;60;-41;-16;-25
3847;74;2022;0;0;0;0;0;4976;3025;1951;80;45;35;120;60;59;-40;-15;-24
3848;74;2023;0;0;0;0;0;4782;2902;1881;80;45;35;119;60;59;-39;-15;-24
3849;74;2024;0;0;0;0;0;4679;2832;1847;80;45;35;120;61;60;-40;-16;-25
3850;74;2025;0;0;0;0;0;4619;2799;1820;80;45;35;120;61;60;-40;-16;-25
3851;74;2026;0;0;0;0;0;4729;2859;1869;80;45;35;126;63;63;-46;-18;-28
3852;74;2027;0;0;0;0;0;4680;2827;1853;80;45;35;128;65;64;-48;-20;-29
3853;74;2028;0;0;0;0;0;4704;2841;1863;80;45;35;131;65;66;-51;-20;-31
3854;74;2029;0;0;0;0;0;4725;2838;1887;80;45;35;134;67;67;-54;-22;-32
3855;74;2030;0;0;0;0;0;4792;2889;1902;80;45;35;138;69;69;-58;-24;-34
3856;74;2031;0;0;0;0;0;4823;2903;1920;80;45;35;140;70;70;-60;-25;-35
3857;74;2032;0;0;0;0;0;4875;2935;1940;80;45;35;143;72;72;-63;-27;-37
3858;74;2033;0;0;0;0;0;4963;2983;1980;80;45;35;148;74;74;-68;-29;-39
3859;74;2034;0;0;0;0;0;4954;2986;1969;80;45;35;151;76;75;-71;-31;-40
3860;74;2035;0;0;0;0;0;5062;3048;2014;80;45;35;153;77;76;-73;-32;-41
3861;74;2036;0;0;0;0;0;5068;3051;2017;80;45;35;156;78;78;-76;-33;-43
3862;74;2037;0;0;0;0;0;5125;3097;2027;80;45;35;160;81;79;-80;-36;-44
3863;74;2038;0;0;0;0;0;5173;3122;2051;80;45;35;163;83;81;-83;-38;-46
3864;74;2039;0;0;0;0;0;5055;3056;1999;80;45;35;161;82;79;-81;-37;-44
3865;74;2040;0;0;0;0;0;4951;2990;1961;80;45;35;161;81;79;-81;-36;-44
3866;74;2041;0;0;0;0;0;4906;2959;1947;80;45;35;160;81;79;-80;-36;-44
3867;74;2042;0;0;0;0;0;4913;2957;1956;80;45;35;163;82;81;-83;-37;-46
3868;74;2043;0;0;0;0;0;5105;3075;2030;80;45;35;170;86;84;-90;-41;-49
3869;74;2044;0;0;0;0;0;4958;2981;1977;80;45;35;168;85;83;-88;-40;-48
3870;74;2045;0;0;0;0;0;4755;2861;1894;80;45;35;166;83;83;-86;-38;-48
3871;74;2046;0;0;0;0;0;4526;2711;1815;80;45;35;162;81;81;-82;-36;-46
3872;74;2047;0;0;0;0;0;4197;2514;1683;80;45;35;155;77;78;-75;-32;-43
3873;74;2048;0;0;0;0;0;4044;2430;1614;80;45;35;151;75;76;-71;-30;-41
3874;74;2049;0;0;0;0;0;3885;2331;1554;80;45;35;146;73;73;-66;-28;-38
3875;74;2050;0;0;0;0;0;3856;2323;1534;80;45;35;143;72;71;-63;-27;-36
3876;75;2000;0;0;0;0;0;3811;2206;1606;74;43;31;51;21;30;23;22;1
3877;75;2001;0;0;0;0;0;3785;2233;1552;70;41;29;50;21;29;20;20;0
3878;75;2002;0;0;0;0;0;3690;2176;1514;72;41;31;49;21;28;23;20;3
3879;75;2003;0;0;0;0;0;3755;2204;1551;73;42;31;51;22;29;22;20;2
3880;75;2004;0;0;0;0;0;3679;2164;1515;73;42;31;52;23;29;21;19;2
3881;75;2005;0;0;0;0;0;3803;2247;1556;72;41;31;54;25;30;18;16;1
3882;75;2006;0;0;0;0;0;3706;2190;1516;72;41;31;53;24;29;19;17;2
3883;75;2007;0;0;0;0;0;3751;2226;1526;72;41;31;55;25;30;17;16;1
3884;75;2008;0;0;0;0;0;3633;2160;1473;72;41;31;55;26;29;17;15;2
3885;75;2009;0;0;0;0;0;3671;2187;1484;73;42;31;57;27;30;16;15;1
3886;75;2010;0;0;0;0;0;3665;2190;1475;73;41;32;60;28;31;13;13;1
3887;75;2011;0;0;0;0;0;3706;2220;1486;73;41;32;61;30;32;12;11;0
3888;75;2012;0;0;0;0;0;3698;2212;1486;73;41;32;63;31;32;10;10;0
3889;75;2013;0;0;0;0;0;3891;2333;1558;73;41;32;67;33;34;6;8;-2
3890;75;2014;0;0;0;0;0;3936;2355;1580;72;41;31;70;34;35;2;7;-4
3891;75;2015;0;0;0;0;0;4059;2435;1625;72;41;31;74;37;37;-2;4;-6
3892;75;2016;0;0;0;0;0;3933;2371;1562;72;41;31;72;36;36;0;5;-5
3893;75;2017;0;0;0;0;0;4086;2459;1627;72;41;31;76;38;38;-4;3;-7
3894;75;2018;0;0;0;0;0;4386;2638;1747;72;41;31;80;40;40;-8;1;-9
3895;75;2019;0;0;0;0;0;4580;2746;1834;72;41;31;86;42;44;-14;-1;-13
3896;75;2020;0;0;0;0;0;4344;2601;1743;72;41;31;87;43;45;-15;-2;-14
3897;75;2021;0;0;0;0;0;5978;3588;2390;72;41;31;106;53;53;-34;-12;-22
3898;75;2022;0;0;0;0;0;5747;3430;2317;72;41;31;106;52;54;-34;-11;-23
3899;75;2023;0;0;0;0;0;5417;3241;2176;72;41;31;104;52;53;-32;-11;-22
3900;75;2024;0;0;0;0;0;5216;3112;2103;72;41;31;103;51;52;-31;-10;-21
3901;75;2025;0;0;0;0;0;5101;3042;2059;72;41;31;105;52;53;-33;-11;-22
3902;75;2026;0;0;0;0;0;5037;3006;2032;72;41;31;106;52;53;-34;-11;-22
3903;75;2027;0;0;0;0;0;5167;3078;2089;72;41;31;110;55;56;-38;-14;-25
3904;75;2028;0;0;0;0;0;5118;3043;2075;72;41;31;113;56;57;-41;-15;-26
3905;75;2029;0;0;0;0;0;5138;3054;2084;72;41;31;115;57;59;-43;-16;-28
3906;75;2030;0;0;0;0;0;5159;3051;2107;72;41;31;118;58;60;-46;-17;-29
3907;75;2031;0;0;0;0;0;5239;3113;2126;72;41;31;121;60;61;-49;-19;-30
3908;75;2032;0;0;0;0;0;5276;3127;2149;72;41;31;123;60;63;-51;-19;-32
3909;75;2033;0;0;0;0;0;5332;3159;2173;72;41;31;126;62;64;-54;-21;-33
3910;75;2034;0;0;0;0;0;5430;3218;2212;72;41;31;130;64;66;-58;-23;-35
3911;75;2035;0;0;0;0;0;5428;3222;2206;72;41;31;132;65;67;-60;-24;-36
3912;75;2036;0;0;0;0;0;5539;3286;2254;72;41;31;135;67;68;-63;-26;-37
3913;75;2037;0;0;0;0;0;5544;3289;2254;72;41;31;138;68;70;-66;-27;-39
3914;75;2038;0;0;0;0;0;5622;3346;2276;72;41;31;141;70;71;-69;-29;-40
3915;75;2039;0;0;0;0;0;5661;3367;2294;72;41;31;143;71;72;-71;-30;-41
3916;75;2040;0;0;0;0;0;5540;3305;2234;72;41;31;141;71;71;-69;-30;-40
3917;75;2041;0;0;0;0;0;5428;3229;2199;72;41;31;141;70;71;-69;-29;-40
3918;75;2042;0;0;0;0;0;5377;3198;2179;72;41;31;140;70;70;-68;-29;-39
3919;75;2043;0;0;0;0;0;5391;3198;2193;72;41;31;142;71;72;-70;-30;-41
3920;75;2044;0;0;0;0;0;5603;3329;2274;72;41;31;148;74;74;-76;-33;-43
3921;75;2045;0;0;0;0;0;5445;3228;2217;72;41;31;147;73;74;-75;-32;-43
3922;75;2046;0;0;0;0;0;5220;3095;2125;72;41;31;145;71;73;-73;-30;-42
3923;75;2047;0;0;0;0;0;4973;2935;2038;72;41;31;141;69;72;-69;-28;-41
3924;75;2048;0;0;0;0;0;4605;2725;1881;72;41;31;134;66;68;-62;-25;-37
3925;75;2049;0;0;0;0;0;4443;2633;1810;72;41;31;131;64;66;-59;-23;-35
3926;75;2050;0;0;0;0;0;4274;2532;1742;72;41;31;126;62;64;-54;-21;-33
3927;76;2000;0;0;0;0;0;4109;2315;1794;64;37;27;44;17;27;20;20;0
3928;76;2001;0;0;0;0;0;3993;2291;1702;66;38;28;44;18;27;22;20;1
3929;76;2002;0;0;0;0;0;3968;2291;1677;65;37;28;44;18;26;21;19;2
3930;76;2003;0;0;0;0;0;3870;2235;1635;65;37;28;43;18;25;22;19;3
3931;76;2004;0;0;0;0;0;3940;2268;1672;65;37;28;45;19;26;20;18;2
3932;76;2005;0;0;0;0;0;3893;2248;1645;65;37;28;45;20;26;20;17;2
3933;76;2006;0;0;0;0;0;4033;2344;1689;65;37;28;47;21;26;18;16;2
3934;76;2007;0;0;0;0;0;3937;2288;1648;63;35;28;47;20;26;16;15;2
3935;76;2008;0;0;0;0;0;3985;2324;1662;63;35;28;48;22;26;15;13;2
3936;76;2009;0;0;0;0;0;3862;2257;1605;64;36;28;48;22;26;16;14;2
3937;76;2010;0;0;0;0;0;3905;2288;1617;64;36;28;50;23;27;14;13;1
3938;76;2011;0;0;0;0;0;3903;2297;1607;64;36;28;52;24;28;12;12;0
3939;76;2012;0;0;0;0;0;3949;2326;1623;62;35;27;53;25;28;9;10;-1
3940;76;2013;0;0;0;0;0;3947;2322;1624;62;35;27;55;26;29;7;9;-2
3941;76;2014;0;0;0;0;0;4146;2448;1699;62;35;27;58;28;31;4;7;-4
3942;76;2015;0;0;0;0;0;4204;2475;1728;62;35;27;60;29;31;2;6;-4
3943;76;2016;0;0;0;0;0;4325;2556;1769;63;35;28;64;31;33;-1;4;-5
3944;76;2017;0;0;0;0;0;4199;2493;1706;63;35;28;63;30;32;0;5;-4
3945;76;2018;0;0;0;0;0;4370;2595;1775;62;34;28;66;32;34;-4;2;-6
3946;76;2019;0;0;0;0;0;4698;2788;1910;62;34;28;70;34;36;-8;0;-8
3947;76;2020;0;0;0;0;0;4898;2896;2001;62;34;28;75;36;39;-13;-2;-11
3948;76;2021;0;0;0;0;0;4656;2755;1901;62;34;28;76;37;40;-14;-3;-12
3949;76;2022;0;0;0;0;0;6406;3795;2611;62;34;28;93;46;48;-31;-12;-20
3950;76;2023;0;0;0;0;0;6162;3631;2530;62;34;28;92;44;48;-30;-10;-20
3951;76;2024;0;0;0;0;0;5814;3433;2380;62;34;28;91;44;47;-29;-10;-19
3952;76;2025;0;0;0;0;0;5594;3301;2292;62;34;28;90;44;46;-28;-10;-18
3953;76;2026;0;0;0;0;0;5476;3227;2249;62;34;28;91;44;47;-29;-10;-19
3954;76;2027;0;0;0;0;0;5417;3195;2222;62;34;28;93;45;48;-31;-11;-20
3955;76;2028;0;0;0;0;0;5552;3266;2285;62;34;28;97;47;50;-35;-13;-22
3956;76;2029;0;0;0;0;0;5496;3229;2267;62;34;28;99;48;51;-37;-14;-23
3957;76;2030;0;0;0;0;0;5525;3246;2278;62;34;28;102;49;53;-40;-15;-25
3958;76;2031;0;0;0;0;0;5552;3247;2306;62;34;28;104;50;54;-42;-16;-26
3959;76;2032;0;0;0;0;0;5637;3312;2325;62;34;28;107;52;55;-45;-18;-27
3960;76;2033;0;0;0;0;0;5681;3332;2350;62;34;28;109;52;56;-47;-18;-28
3961;76;2034;0;0;0;0;0;5746;3368;2378;62;34;28;111;54;58;-49;-20;-30
3962;76;2035;0;0;0;0;0;5857;3434;2423;62;34;28;115;56;59;-53;-22;-31
3963;76;2036;0;0;0;0;0;5845;3434;2411;62;34;28;116;56;60;-54;-22;-32
3964;76;2037;0;0;0;0;0;5971;3505;2466;62;34;28;119;58;61;-57;-24;-33
3965;76;2038;0;0;0;0;0;5988;3516;2472;62;34;28;121;59;63;-59;-25;-35
3966;76;2039;0;0;0;0;0;6064;3571;2494;62;34;28;124;60;63;-62;-26;-35
3967;76;2040;0;0;0;0;0;6110;3603;2507;62;34;28;126;62;64;-64;-28;-36
3968;76;2041;0;0;0;0;0;5983;3531;2453;62;34;28;124;61;63;-62;-27;-35
3969;76;2042;0;0;0;0;0;5861;3455;2406;62;34;28;123;60;63;-61;-26;-35
3970;76;2043;0;0;0;0;0;5820;3429;2392;62;34;28;123;60;63;-61;-26;-35
3971;76;2044;0;0;0;0;0;5835;3430;2404;62;34;28;125;61;64;-63;-27;-36
3972;76;2045;0;0;0;0;0;6057;3562;2495;62;34;28;130;64;66;-68;-30;-38
3973;76;2046;0;0;0;0;0;5891;3459;2432;62;34;28;128;63;66;-66;-29;-38
3974;76;2047;0;0;0;0;0;5646;3315;2330;62;34;28;126;61;65;-64;-27;-37
3975;76;2048;0;0;0;0;0;5380;3148;2232;62;34;28;123;60;63;-61;-26;-35
3976;76;2049;0;0;0;0;0;4991;2922;2069;62;34;28;117;56;60;-55;-22;-32
3977;76;2050;0;0;0;0;0;4816;2826;1991;62;34;28;113;55;58;-51;-21;-30
3978;77;2000;0;0;0;0;0;4464;2473;1991;56;32;24;39;15;24;17;17;0
3979;77;2001;0;0;0;0;0;4294;2386;1908;57;32;25;39;15;24;18;17;1
3980;77;2002;0;0;0;0;0;4171;2331;1840;57;32;25;38;15;23;19;17;2
3981;77;2003;0;0;0;0;0;4149;2335;1813;57;32;25;38;15;23;19;17;2
3982;77;2004;0;0;0;0;0;4052;2283;1769;58;32;26;37;15;22;21;17;4
3983;77;2005;0;0;0;0;0;4151;2336;1816;58;32;26;39;16;23;19;16;3
3984;77;2006;0;0;0;0;0;4109;2323;1785;58;32;26;40;17;23;18;15;3
3985;77;2007;0;0;0;0;0;4265;2427;1838;58;32;26;42;18;24;16;14;2
3986;77;2008;0;0;0;0;0;4167;2374;1793;58;32;26;41;18;23;17;14;3
3987;77;2009;0;0;0;0;0;4228;2415;1813;56;31;25;42;19;24;14;12;1
3988;77;2010;0;0;0;0;0;4094;2347;1747;56;31;25;43;19;24;13;12;1
3989;77;2011;0;0;0;0;0;4147;2385;1762;56;31;25;44;20;24;12;11;1
3990;77;2012;0;0;0;0;0;4144;2393;1751;56;31;25;45;21;25;11;10;0
3991;77;2013;0;0;0;0;0;4199;2429;1770;56;31;25;46;21;25;10;10;0
3992;77;2014;0;0;0;0;0;4200;2430;1770;56;31;25;48;22;26;8;9;-1
3993;77;2015;0;0;0;0;0;4413;2558;1855;56;31;25;51;24;27;5;7;-2
3994;77;2016;0;0;0;0;0;4475;2588;1887;56;31;25;53;25;28;3;6;-3
3995;77;2017;0;0;0;0;0;4614;2680;1934;56;31;25;55;26;29;1;5;-4
3996;77;2018;0;0;0;0;0;4479;2617;1863;56;31;25;54;26;29;2;5;-4
3997;77;2019;0;0;0;0;0;4667;2722;1944;56;31;25;57;27;30;-1;4;-5
3998;77;2020;0;0;0;0;0;5014;2924;2090;57;32;25;61;29;32;-4;3;-7
3999;77;2021;0;0;0;0;0;5235;3046;2189;57;32;25;66;31;35;-9;1;-10
4000;77;2022;0;0;0;0;0;4977;2896;2081;57;32;25;67;31;35;-10;1;-10
4001;77;2023;0;0;0;0;0;6850;3992;2857;57;32;25;82;39;43;-25;-7;-18
4002;77;2024;0;0;0;0;0;6594;3822;2771;57;32;25;81;38;43;-24;-6;-18
4003;77;2025;0;0;0;0;0;6226;3623;2603;57;32;25;80;38;42;-23;-6;-17
4004;77;2026;0;0;0;0;0;5993;3482;2511;57;32;25;79;38;41;-22;-6;-16
4005;77;2027;0;0;0;0;0;5875;3409;2466;57;32;25;80;38;42;-23;-6;-17
4006;77;2028;0;0;0;0;0;5806;3371;2435;57;32;25;82;39;43;-25;-7;-18
4007;77;2029;0;0;0;0;0;5957;3454;2503;57;32;25;86;41;45;-29;-9;-20
4008;77;2030;0;0;0;0;0;5893;3414;2480;57;32;25;88;42;46;-31;-10;-21
4009;77;2031;0;0;0;0;0;5930;3432;2498;57;32;25;90;43;47;-33;-11;-22
4010;77;2032;0;0;0;0;0;5961;3435;2526;57;32;25;92;43;48;-35;-11;-23
4011;77;2033;0;0;0;0;0;6053;3505;2548;57;32;25;94;45;50;-37;-13;-25
4012;77;2034;0;0;0;0;0;6100;3528;2571;57;32;25;96;45;51;-39;-13;-26
4013;77;2035;0;0;0;0;0;6181;3577;2604;57;32;25;99;47;52;-42;-15;-27
4014;77;2036;0;0;0;0;0;6301;3643;2658;57;32;25;102;48;53;-45;-16;-28
4015;77;2037;0;0;0;0;0;6290;3645;2646;57;32;25;103;49;54;-46;-17;-29
4016;77;2038;0;0;0;0;0;6436;3724;2712;57;32;25;105;50;55;-48;-18;-30
4017;77;2039;0;0;0;0;0;6444;3731;2713;57;32;25;107;51;56;-50;-19;-31
4018;77;2040;0;0;0;0;0;6526;3798;2728;57;32;25;109;52;57;-52;-20;-32
4019;77;2041;0;0;0;0;0;6581;3825;2756;57;32;25;111;53;58;-54;-21;-33
4020;77;2042;0;0;0;0;0;6446;3755;2691;57;32;25;109;53;57;-52;-21;-32
4021;77;2043;0;0;0;0;0;6324;3677;2647;57;32;25;109;52;56;-52;-20;-31
4022;77;2044;0;0;0;0;0;6270;3648;2623;57;32;25;108;52;56;-51;-20;-31
4023;77;2045;0;0;0;0;0;6290;3650;2640;57;32;25;110;53;57;-53;-21;-32
4024;77;2046;0;0;0;0;0;6537;3796;2741;57;32;25;114;55;59;-57;-23;-34
4025;77;2047;0;0;0;0;0;6356;3683;2673;57;32;25;112;54;58;-55;-22;-33
4026;77;2048;0;0;0;0;0;6097;3537;2560;57;32;25;111;53;58;-54;-21;-33
4027;77;2049;0;0;0;0;0;5813;3359;2454;57;32;25;108;51;56;-51;-19;-31
4028;77;2050;0;0;0;0;0;5392;3120;2272;57;32;25;102;48;53;-45;-16;-28
4029;78;2000;0;0;0;0;0;4571;2477;2094;51;29;22;33;12;20;18;17;2
4030;78;2001;0;0;0;0;0;4629;2535;2093;50;29;21;34;13;21;16;16;0
4031;78;2002;0;0;0;0;0;4453;2412;2040;51;29;22;34;13;21;17;16;1
4032;78;2003;0;0;0;0;0;4329;2363;1966;51;29;22;34;13;21;17;16;1
4033;78;2004;0;0;0;0;0;4304;2367;1937;51;29;22;34;13;20;17;16;2
4034;78;2005;0;0;0;0;0;4234;2336;1898;51;29;22;33;13;20;18;16;2
4035;78;2006;0;0;0;0;0;4358;2402;1956;51;29;22;35;14;21;16;15;1
4036;78;2007;0;0;0;0;0;4324;2396;1928;49;28;21;35;15;21;14;13;0
4037;78;2008;0;0;0;0;0;4484;2504;1980;49;28;21;37;16;21;12;12;0
4038;78;2009;0;0;0;0;0;4393;2452;1941;49;28;21;36;15;21;13;13;0
4039;78;2010;0;0;0;0;0;4453;2496;1957;50;29;21;38;16;21;12;13;0
4040;78;2011;0;0;0;0;0;4318;2431;1887;50;29;21;38;16;21;12;13;0
4041;78;2012;0;0;0;0;0;4373;2469;1904;51;29;22;39;17;22;12;12;0
4042;78;2013;0;0;0;0;0;4382;2484;1898;50;28;22;40;18;23;10;10;-1
4043;78;2014;0;0;0;0;0;4440;2526;1915;50;28;22;41;18;23;9;10;-1
4044;78;2015;0;0;0;0;0;4438;2522;1916;51;28;23;42;19;23;9;9;0
4045;78;2016;0;0;0;0;0;4672;2664;2008;51;28;23;45;20;25;6;8;-2
4046;78;2017;0;0;0;0;0;4738;2698;2041;50;27;23;46;21;25;4;6;-2
4047;78;2018;0;0;0;0;0;4886;2793;2093;50;27;23;48;22;26;2;5;-3
4048;78;2019;0;0;0;0;0;4750;2731;2020;50;27;23;48;22;26;2;5;-3
4049;78;2020;0;0;0;0;0;4945;2842;2102;49;26;23;51;23;27;-2;3;-4
4050;78;2021;0;0;0;0;0;5322;3060;2262;49;26;23;54;25;29;-5;1;-6
4051;78;2022;0;0;0;0;0;5557;3185;2371;49;26;23;58;27;31;-9;-1;-8
4052;78;2023;0;0;0;0;0;5285;3029;2256;49;26;23;59;27;32;-10;-1;-9
4053;78;2024;0;0;0;0;0;7286;4185;3101;49;26;23;73;34;39;-24;-8;-16
4054;78;2025;0;0;0;0;0;7012;4014;2998;49;26;23;72;33;39;-23;-7;-16
4055;78;2026;0;0;0;0;0;6626;3800;2827;49;26;23;71;33;38;-22;-7;-15
4056;78;2027;0;0;0;0;0;6389;3663;2726;49;26;23;70;33;37;-21;-7;-14
4057;78;2028;0;0;0;0;0;6259;3585;2674;49;26;23;71;33;38;-22;-7;-15
4058;78;2029;0;0;0;0;0;6192;3548;2644;49;26;23;73;34;39;-24;-8;-16
4059;78;2030;0;0;0;0;0;6351;3634;2717;49;26;23;76;36;40;-27;-10;-17
4060;78;2031;0;0;0;0;0;6294;3596;2699;49;26;23;78;37;41;-29;-11;-18
4061;78;2032;0;0;0;0;0;6328;3619;2709;49;26;23;80;37;43;-31;-11;-20
4062;78;2033;0;0;0;0;0;6369;3624;2744;49;26;23;82;38;44;-33;-12;-21
4063;78;2034;0;0;0;0;0;6467;3702;2765;49;26;23;84;39;45;-35;-13;-22
4064;78;2035;0;0;0;0;0;6530;3731;2799;49;26;23;86;40;46;-37;-14;-23
4065;78;2036;0;0;0;0;0;6601;3775;2826;49;26;23;88;41;47;-39;-15;-24
4066;78;2037;0;0;0;0;0;6730;3847;2883;49;26;23;91;42;48;-42;-16;-25
4067;78;2038;0;0;0;0;0;6735;3857;2878;49;26;23;91;42;49;-42;-16;-26
4068;78;2039;0;0;0;0;0;6883;3938;2946;49;26;23;94;44;50;-45;-18;-27
4069;78;2040;0;0;0;0;0;6897;3952;2945;49;26;23;95;44;51;-46;-18;-28
4070;78;2041;0;0;0;0;0;6991;4018;2973;49;26;23;98;46;52;-49;-20;-29
4071;78;2042;0;0;0;0;0;7051;4055;2996;49;26;23;99;47;52;-50;-21;-29
4072;78;2043;0;0;0;0;0;6908;3980;2929;49;26;23;97;46;51;-48;-20;-28
4073;78;2044;0;0;0;0;0;6776;3900;2877;49;26;23;96;45;51;-47;-19;-28
4074;78;2045;0;0;0;0;0;6727;3869;2858;49;26;23;96;45;51;-47;-19;-28
4075;78;2046;0;0;0;0;0;6751;3873;2877;49;26;23;97;46;51;-48;-20;-28
4076;78;2047;0;0;0;0;0;7018;4029;2989;49;26;23;101;48;53;-52;-22;-30
4077;78;2048;0;0;0;0;0;6826;3915;2911;49;26;23;99;47;53;-50;-21;-30
4078;78;2049;0;0;0;0;0;6546;3757;2789;49;26;23;98;46;52;-49;-20;-29
4079;78;2050;0;0;0;0;0;6242;3568;2674;49;26;23;95;44;50;-46;-18;-27
4080;79;2000;0;0;0;0;0;4807;2497;2311;45;25;20;29;11;19;16;14;1
4081;79;2001;0;0;0;0;0;4714;2499;2214;45;25;20;30;11;19;15;14;1
4082;79;2002;0;0;0;0;0;4774;2525;2249;46;26;20;31;12;19;15;14;1
4083;79;2003;0;0;0;0;0;4599;2409;2190;46;26;20;31;11;19;15;15;1
4084;79;2004;0;0;0;0;0;4482;2365;2117;44;25;19;31;11;19;13;14;0
4085;79;2005;0;0;0;0;0;4485;2392;2093;44;25;19;30;12;19;14;13;0
4086;79;2006;0;0;0;0;0;4430;2373;2057;44;25;19;30;12;18;14;13;1
4087;79;2007;0;0;0;0;0;4558;2442;2116;44;25;19;31;12;19;13;13;0
4088;79;2008;0;0;0;0;0;4527;2439;2089;45;25;20;32;13;19;13;12;1
4089;79;2009;0;0;0;0;0;4706;2553;2153;45;25;20;33;14;20;12;11;0
4090;79;2010;0;0;0;0;0;4602;2498;2104;43;23;20;33;13;20;10;10;0
4091;79;2011;0;0;0;0;0;4672;2550;2122;43;23;20;34;14;20;9;9;0
4092;79;2012;0;0;0;0;0;4538;2485;2052;44;24;20;34;14;20;10;10;0
4093;79;2013;0;0;0;0;0;4603;2532;2071;44;24;20;35;15;20;9;9;0
4094;79;2014;0;0;0;0;0;4613;2550;2063;44;24;20;36;16;21;8;8;-1
4095;79;2015;0;0;0;0;0;4674;2592;2082;44;24;20;37;16;21;7;8;-1
4096;79;2016;0;0;0;0;0;4678;2594;2084;44;24;20;38;17;21;6;7;-1
4097;79;2017;0;0;0;0;0;4926;2743;2183;44;24;20;40;18;22;4;6;-2
4098;79;2018;0;0;0;0;0;4998;2779;2219;43;23;20;41;18;23;2;5;-3
4099;79;2019;0;0;0;0;0;5168;2884;2284;43;23;20;43;19;24;0;4;-4
4100;79;2020;0;0;0;0;0;5016;2816;2200;44;24;20;43;19;24;1;5;-4
4101;79;2021;0;0;0;0;0;5226;2938;2288;44;24;20;45;20;25;-1;4;-5
4102;79;2022;0;0;0;0;0;5623;3160;2463;44;24;20;49;22;27;-5;2;-7
4103;79;2023;0;0;0;0;0;5880;3296;2584;44;24;20;52;24;29;-8;0;-9
4104;79;2024;0;0;0;0;0;5599;3138;2461;44;24;20;53;24;29;-9;0;-9
4105;79;2025;0;0;0;0;0;7715;4338;3378;44;24;20;66;31;36;-22;-7;-16
4106;79;2026;0;0;0;0;0;7437;4162;3275;44;24;20;65;29;36;-21;-5;-16
4107;79;2027;0;0;0;0;0;7028;3947;3080;44;24;20;64;29;34;-20;-5;-14
4108;79;2028;0;0;0;0;0;6779;3805;2974;44;24;20;63;29;34;-19;-5;-14
4109;79;2029;0;0;0;0;0;6646;3725;2921;44;24;20;63;29;34;-19;-5;-14
4110;79;2030;0;0;0;0;0;6575;3690;2885;44;24;20;66;30;35;-22;-6;-15
4111;79;2031;0;0;0;0;0;6749;3782;2966;44;24;20;69;32;37;-25;-8;-17
4112;79;2032;0;0;0;0;0;6690;3748;2942;44;24;20;71;33;38;-27;-9;-18
4113;79;2033;0;0;0;0;0;6737;3776;2962;44;24;20;72;33;39;-28;-9;-19
4114;79;2034;0;0;0;0;0;6773;3778;2995;44;24;20;74;34;40;-30;-10;-20
4115;79;2035;0;0;0;0;0;6885;3864;3021;44;24;20;76;35;41;-32;-11;-21
4116;79;2036;0;0;0;0;0;6955;3897;3058;44;24;20;77;35;42;-33;-11;-22
4117;79;2037;0;0;0;0;0;7035;3944;3092;44;24;20;80;36;43;-36;-12;-23
4118;79;2038;0;0;0;0;0;7187;4023;3164;44;24;20;82;38;44;-38;-14;-24
4119;79;2039;0;0;0;0;0;7185;4032;3153;44;24;20;82;38;45;-38;-14;-25
4120;79;2040;0;0;0;0;0;7345;4124;3221;44;24;20;85;39;46;-41;-15;-26
4121;79;2041;0;0;0;0;0;7363;4134;3228;44;24;20;86;39;47;-42;-15;-27
4122;79;2042;0;0;0;0;0;7465;4211;3254;44;24;20;88;41;47;-44;-17;-27
4123;79;2043;0;0;0;0;0;7538;4250;3287;44;24;20;89;41;48;-45;-17;-28
4124;79;2044;0;0;0;0;0;7383;4175;3208;44;24;20;87;41;47;-43;-17;-27
4125;79;2045;0;0;0;0;0;7246;4091;3154;44;24;20;87;40;46;-43;-16;-26
4126;79;2046;0;0;0;0;0;7189;4060;3128;44;24;20;86;40;46;-42;-16;-26
4127;79;2047;0;0;0;0;0;7211;4062;3149;44;24;20;87;40;47;-43;-16;-27
4128;79;2048;0;0;0;0;0;7502;4232;3270;44;24;20;91;43;49;-47;-19;-29
4129;79;2049;0;0;0;0;0;7303;4112;3191;44;24;20;89;41;48;-45;-17;-28
4130;79;2050;0;0;0;0;0;7010;3950;3060;44;24;20;87;40;47;-43;-16;-27
4131;80;2000;0;0;0;0;0;5047;2553;2494;40;23;17;27;10;17;13;13;0
4132;80;2001;0;0;0;0;0;4910;2502;2407;40;22;18;27;10;18;13;12;0
4133;80;2002;0;0;0;0;0;4826;2475;2351;41;22;19;27;10;17;14;12;2
4134;80;2003;0;0;0;0;0;4889;2503;2386;40;22;18;28;10;18;12;12;0
4135;80;2004;0;0;0;0;0;4718;2393;2325;40;22;18;28;10;18;12;12;0
4136;80;2005;0;0;0;0;0;4627;2372;2255;40;22;18;28;10;18;12;12;0
4137;80;2006;0;0;0;0;0;4643;2410;2233;40;22;18;28;11;18;12;11;0
4138;80;2007;0;0;0;0;0;4593;2396;2198;40;22;18;28;11;17;12;11;1
4139;80;2008;0;0;0;0;0;4736;2469;2267;39;21;18;29;11;18;10;10;0
4140;80;2009;0;0;0;0;0;4712;2470;2242;39;21;18;29;12;18;10;9;0
4141;80;2010;0;0;0;0;0;4894;2588;2305;39;21;18;31;12;18;8;9;0
4142;80;2011;0;0;0;0;0;4795;2541;2254;39;21;18;31;12;18;8;9;0
4143;80;2012;0;0;0;0;0;4871;2593;2278;39;21;18;31;13;19;8;8;-1
4144;80;2013;0;0;0;0;0;4741;2538;2203;39;21;18;31;13;18;8;8;0
4145;80;2014;0;0;0;0;0;4811;2585;2226;39;21;18;32;14;19;7;7;-1
4146;80;2015;0;0;0;0;0;4817;2600;2217;39;21;18;33;14;19;6;7;-1
4147;80;2016;0;0;0;0;0;4892;2649;2242;38;20;18;34;14;20;4;6;-2
4148;80;2017;0;0;0;0;0;4896;2656;2241;38;20;18;35;15;20;3;5;-2
4149;80;2018;0;0;0;0;0;5160;2810;2350;38;20;18;37;16;21;1;4;-3
4150;80;2019;0;0;0;0;0;5245;2853;2392;38;20;18;38;17;21;0;3;-3
4151;80;2020;0;0;0;0;0;5414;2961;2453;38;20;18;40;17;22;-2;3;-4
4152;80;2021;0;0;0;0;0;5266;2901;2364;38;20;18;39;18;22;-1;2;-4
4153;80;2022;0;0;0;0;0;5490;3024;2465;38;20;18;41;18;23;-3;2;-5
4154;80;2023;0;0;0;0;0;5911;3257;2655;38;20;18;45;20;25;-7;0;-7
4155;80;2024;0;0;0;0;0;6189;3401;2788;38;20;18;48;21;27;-10;-1;-9
4156;80;2025;0;0;0;0;0;5890;3244;2645;38;20;18;48;22;27;-10;-2;-9
4157;80;2026;0;0;0;0;0;8126;4483;3643;38;20;18;61;28;33;-23;-8;-15
4158;80;2027;0;0;0;0;0;7837;4307;3529;38;20;18;60;27;33;-22;-7;-15
4159;80;2028;0;0;0;0;0;7412;4087;3325;38;20;18;59;27;32;-21;-7;-14
4160;80;2029;0;0;0;0;0;7149;3938;3211;38;20;18;58;26;32;-20;-6;-14
4161;80;2030;0;0;0;0;0;7017;3865;3152;38;20;18;58;26;32;-20;-6;-14
4162;80;2031;0;0;0;0;0;6946;3828;3118;38;20;18;60;27;33;-22;-7;-15
4163;80;2032;0;0;0;0;0;7133;3927;3206;38;20;18;63;29;34;-25;-9;-16
4164;80;2033;0;0;0;0;0;7073;3890;3183;38;20;18;65;30;35;-27;-10;-17
4165;80;2034;0;0;0;0;0;7116;3921;3195;38;20;18;66;30;36;-28;-10;-18
4166;80;2035;0;0;0;0;0;7176;3938;3238;38;20;18;68;31;37;-30;-11;-19
4167;80;2036;0;0;0;0;0;7293;4026;3267;38;20;18;70;32;38;-32;-12;-20
4168;80;2037;0;0;0;0;0;7362;4058;3304;38;20;18;71;32;39;-33;-12;-21
4169;80;2038;0;0;0;0;0;7463;4113;3351;38;20;18;73;33;40;-35;-13;-22
4170;80;2039;0;0;0;0;0;7614;4195;3419;38;20;18;76;34;41;-38;-14;-23
4171;80;2040;0;0;0;0;0;7615;4211;3404;38;20;18;75;34;41;-37;-14;-23
4172;80;2041;0;0;0;0;0;7793;4305;3488;38;20;18;78;35;43;-40;-15;-25
4173;80;2042;0;0;0;0;0;7815;4323;3492;38;20;18;79;35;44;-41;-15;-26
4174;80;2043;0;0;0;0;0;7938;4408;3529;38;20;18;81;37;44;-43;-17;-26
4175;80;2044;0;0;0;0;0;8006;4451;3555;38;20;18;82;37;44;-44;-17;-26
4176;80;2045;0;0;0;0;0;7848;4371;3477;38;20;18;80;37;43;-42;-17;-25
4177;80;2046;0;0;0;0;0;7704;4281;3422;38;20;18;79;36;43;-41;-16;-25
4178;80;2047;0;0;0;0;0;7653;4252;3400;38;20;18;79;36;43;-41;-16;-25
4179;80;2048;0;0;0;0;0;7676;4259;3417;38;20;18;80;36;43;-42;-16;-25
4180;80;2049;0;0;0;0;0;7992;4440;3552;38;20;18;83;38;45;-45;-18;-27
4181;80;2050;0;0;0;0;0;7781;4315;3466;38;20;18;81;37;44;-43;-17;-26
4182;81;2000;0;0;0;0;0;4415;2142;2273;36;20;16;20;7;13;16;13;3
4183;81;2001;0;0;0;0;0;5171;2556;2615;34;19;15;25;9;16;9;10;-1
4184;81;2002;0;0;0;0;0;5044;2475;2569;34;19;15;25;9;16;9;10;-1
4185;81;2003;0;0;0;0;0;4957;2451;2506;34;19;15;25;9;16;9;10;-1
4186;81;2004;0;0;0;0;0;5035;2488;2547;34;19;15;26;9;17;8;10;-2
4187;81;2005;0;0;0;0;0;4899;2404;2495;33;18;15;26;9;17;7;9;-2
4188;81;2006;0;0;0;0;0;4816;2393;2423;34;19;15;26;9;17;8;10;-2
4189;81;2007;0;0;0;0;0;4839;2436;2403;34;19;15;26;10;16;8;9;-1
4190;81;2008;0;0;0;0;0;4789;2423;2367;35;19;16;25;10;16;10;9;0
4191;81;2009;0;0;0;0;0;4951;2504;2447;35;19;16;27;10;17;8;9;-1
4192;81;2010;0;0;0;0;0;4916;2504;2413;35;19;16;27;11;16;8;8;0
4193;81;2011;0;0;0;0;0;5118;2631;2486;35;19;16;28;11;17;7;8;-1
4194;81;2012;0;0;0;0;0;5021;2585;2435;35;19;16;28;11;17;7;8;-1
4195;81;2013;0;0;0;0;0;5112;2648;2464;35;19;16;29;12;17;6;7;-1
4196;81;2014;0;0;0;0;0;4968;2587;2381;35;19;16;29;12;17;6;7;-1
4197;81;2015;0;0;0;0;0;5040;2637;2403;34;18;16;29;12;17;5;6;-1
4198;81;2016;0;0;0;0;0;5060;2662;2397;34;18;16;31;13;18;3;5;-2
4199;81;2017;0;0;0;0;0;5138;2716;2421;34;18;16;31;13;18;3;5;-2
4200;81;2018;0;0;0;0;0;5152;2727;2424;34;18;16;32;13;18;2;5;-2
4201;81;2019;0;0;0;0;0;5431;2887;2544;34;18;16;34;14;19;0;4;-3
4202;81;2020;0;0;0;0;0;5521;2934;2588;34;18;16;35;15;20;-1;3;-4
4203;81;2021;0;0;0;0;0;5706;3051;2656;34;18;16;36;16;20;-2;2;-4
4204;81;2022;0;0;0;0;0;5552;2985;2566;34;18;16;36;16;20;-2;2;-4
4205;81;2023;0;0;0;0;0;5793;3121;2672;34;18;16;38;17;21;-4;1;-5
4206;81;2024;0;0;0;0;0;6246;3366;2880;34;18;16;41;18;23;-7;0;-7
4207;81;2025;0;0;0;0;0;6536;3516;3020;34;18;16;44;19;25;-10;-1;-9
4208;81;2026;0;0;0;0;0;6225;3353;2872;34;18;16;44;20;25;-10;-2;-9
4209;81;2027;0;0;0;0;0;8596;4646;3950;34;18;16;56;25;31;-22;-7;-15
4210;81;2028;0;0;0;0;0;8301;4466;3835;34;18;16;55;24;31;-21;-6;-15
4211;81;2029;0;0;0;0;0;7850;4239;3611;34;18;16;54;24;30;-20;-6;-14
4212;81;2030;0;0;0;0;0;7578;4091;3487;34;18;16;53;24;29;-19;-6;-13
4213;81;2031;0;0;0;0;0;7437;4011;3426;34;18;16;53;24;29;-19;-6;-13
4214;81;2032;0;0;0;0;0;7365;3981;3384;34;18;16;55;25;30;-21;-7;-14
4215;81;2033;0;0;0;0;0;7576;4089;3486;34;18;16;58;26;32;-24;-8;-16
4216;81;2034;0;0;0;0;0;7516;4058;3458;34;18;16;59;27;32;-25;-9;-16
4217;81;2035;0;0;0;0;0;7572;4093;3478;34;18;16;61;27;33;-27;-9;-17
4218;81;2036;0;0;0;0;0;7630;4106;3524;34;18;16;62;28;34;-28;-10;-18
4219;81;2037;0;0;0;0;0;7753;4199;3554;34;18;16;64;29;35;-30;-11;-19
4220;81;2038;0;0;0;0;0;7843;4239;3604;34;18;16;65;29;36;-31;-11;-20
4221;81;2039;0;0;0;0;0;7947;4298;3650;34;18;16;67;30;37;-33;-12;-21
4222;81;2040;0;0;0;0;0;8111;4389;3722;34;18;16;69;31;38;-35;-13;-22
4223;81;2041;0;0;0;0;0;8120;4404;3715;34;18;16;69;31;38;-35;-13;-22
4224;81;2042;0;0;0;0;0;8310;4508;3802;34;18;16;72;32;39;-38;-14;-23
4225;81;2043;0;0;0;0;0;8348;4530;3818;34;18;16;72;32;40;-38;-14;-24
4226;81;2044;0;0;0;0;0;8465;4618;3847;34;18;16;74;33;41;-40;-15;-25
4227;81;2045;0;0;0;0;0;8548;4666;3883;34;18;16;75;34;41;-41;-16;-25
4228;81;2046;0;0;0;0;0;8383;4585;3798;34;18;16;73;33;40;-39;-15;-24
4229;81;2047;0;0;0;0;0;8230;4495;3735;34;18;16;72;33;40;-38;-15;-24
4230;81;2048;0;0;0;0;0;8177;4467;3710;34;18;16;72;33;39;-38;-15;-23
4231;81;2049;0;0;0;0;0;8217;4479;3737;34;18;16;73;33;40;-39;-15;-24
4232;81;2050;0;0;0;0;0;8550;4667;3883;34;18;16;76;35;41;-42;-17;-25
4233;82;2000;0;0;0;0;0;4408;2039;2369;29;15;14;17;6;11;12;9;3
4234;82;2001;0;0;0;0;0;4524;2145;2379;29;15;14;17;6;12;12;9;2
4235;82;2002;0;0;0;0;0;5317;2532;2785;28;14;14;21;7;14;7;7;0
4236;82;2003;0;0;0;0;0;5189;2455;2734;28;14;14;21;7;14;7;7;0
4237;82;2004;0;0;0;0;0;5109;2439;2670;28;14;14;22;7;14;6;7;0
4238;82;2005;0;0;0;0;0;5226;2499;2727;29;15;14;22;8;15;7;7;-1
4239;82;2006;0;0;0;0;0;5102;2427;2675;29;15;14;22;8;15;7;7;-1
4240;82;2007;0;0;0;0;0;5024;2422;2602;29;15;14;22;8;15;7;7;-1
4241;82;2008;0;0;0;0;0;5055;2469;2586;29;15;14;22;8;14;7;7;0
4242;82;2009;0;0;0;0;0;5013;2463;2550;29;15;14;22;8;14;7;7;0
4243;82;2010;0;0;0;0;0;5176;2546;2630;29;15;14;23;8;15;6;7;-1
4244;82;2011;0;0;0;0;0;5155;2556;2599;29;15;14;23;9;14;6;6;0
4245;82;2012;0;0;0;0;0;5372;2688;2684;29;15;14;24;9;15;5;6;-1
4246;82;2013;0;0;0;0;0;5280;2648;2632;29;15;14;24;9;15;5;6;-1
4247;82;2014;0;0;0;0;0;5375;2715;2660;28;14;14;25;10;15;3;4;-1
4248;82;2015;0;0;0;0;0;5226;2654;2572;28;14;14;25;10;15;3;4;-1
4249;82;2016;0;0;0;0;0;5313;2714;2599;28;14;14;25;10;15;3;4;-1
4250;82;2017;0;0;0;0;0;5335;2742;2593;28;14;14;26;11;16;2;3;-2
4251;82;2018;0;0;0;0;0;5420;2801;2618;28;14;14;27;11;16;1;3;-2
4252;82;2019;0;0;0;0;0;5438;2813;2625;29;14;15;27;11;16;2;3;-1
4253;82;2020;0;0;0;0;0;5739;2984;2754;29;14;15;29;12;17;0;2;-2
4254;82;2021;0;0;0;0;0;5843;3039;2804;29;14;15;30;13;17;-1;1;-2
4255;82;2022;0;0;0;0;0;6042;3160;2882;29;14;15;31;13;18;-2;1;-3
4256;82;2023;0;0;0;0;0;5882;3100;2782;29;14;15;31;13;18;-2;1;-3
4257;82;2024;0;0;0;0;0;6149;3245;2904;29;14;15;32;14;18;-3;0;-3
4258;82;2025;0;0;0;0;0;6628;3503;3125;29;14;15;35;15;20;-6;-1;-5
4259;82;2026;0;0;0;0;0;6946;3665;3281;29;14;15;38;16;21;-9;-2;-6
4260;82;2027;0;0;0;0;0;6626;3501;3124;29;14;15;38;17;22;-9;-3;-7
4261;82;2028;0;0;0;0;0;9143;4849;4294;29;14;15;48;21;27;-19;-7;-12
4262;82;2029;0;0;0;0;0;8835;4666;4169;29;14;15;47;21;27;-18;-7;-12
4263;82;2030;0;0;0;0;0;8359;4432;3927;29;14;15;46;20;26;-17;-6;-11
4264;82;2031;0;0;0;0;0;8073;4279;3794;29;14;15;45;20;25;-16;-6;-10
4265;82;2032;0;0;0;0;0;7929;4202;3727;29;14;15;46;20;25;-17;-6;-10
4266;82;2033;0;0;0;0;0;7863;4175;3688;29;14;15;48;21;26;-19;-7;-11
4267;82;2034;0;0;0;0;0;8086;4289;3797;29;14;15;50;22;28;-21;-8;-13
4268;82;2035;0;0;0;0;0;8030;4264;3766;29;14;15;51;23;28;-22;-9;-13
4269;82;2036;0;0;0;0;0;8100;4304;3796;29;14;15;52;23;29;-23;-9;-14
4270;82;2037;0;0;0;0;0;8165;4320;3845;29;14;15;53;24;30;-24;-10;-15
4271;82;2038;0;0;0;0;0;8310;4425;3885;29;14;15;55;24;31;-26;-10;-16
4272;82;2039;0;0;0;0;0;8401;4465;3936;29;14;15;56;25;31;-27;-11;-16
4273;82;2040;0;0;0;0;0;8516;4536;3980;29;14;15;58;26;32;-29;-12;-17
4274;82;2041;0;0;0;0;0;8703;4633;4070;29;14;15;60;26;33;-31;-12;-18
4275;82;2042;0;0;0;0;0;8712;4654;4058;29;14;15;59;26;33;-30;-12;-18
4276;82;2043;0;0;0;0;0;8931;4767;4164;29;14;15;62;27;34;-33;-13;-19
4277;82;2044;0;0;0;0;0;8962;4794;4168;29;14;15;62;27;35;-33;-13;-20
4278;82;2045;0;0;0;0;0;9097;4887;4210;29;14;15;64;28;35;-35;-14;-20
4279;82;2046;0;0;0;0;0;9195;4939;4256;29;14;15;64;29;35;-35;-15;-20
4280;82;2047;0;0;0;0;0;9015;4855;4160;29;14;15;63;28;34;-34;-14;-19
4281;82;2048;0;0;0;0;0;8859;4766;4093;29;14;15;62;28;34;-33;-14;-19
4282;82;2049;0;0;0;0;0;8807;4740;4067;29;14;15;62;28;34;-33;-14;-19
4283;82;2050;0;0;0;0;0;8847;4751;4096;29;14;15;62;28;35;-33;-14;-20
4284;83;2000;0;0;0;0;0;4661;2083;2578;23;12;11;14;4;9;9;8;2
4285;83;2001;0;0;0;0;0;4454;2009;2446;25;13;12;13;4;9;12;9;3
4286;83;2002;0;0;0;0;0;4588;2091;2496;25;13;12;14;5;9;11;8;3
4287;83;2003;0;0;0;0;0;5402;2477;2925;25;13;12;17;6;11;8;7;1
4288;83;2004;0;0;0;0;0;5281;2406;2875;25;13;12;17;6;12;8;7;0
4289;83;2005;0;0;0;0;0;5235;2415;2820;25;13;12;17;6;12;8;7;0
4290;83;2006;0;0;0;0;0;5377;2490;2887;25;13;12;18;6;12;7;7;0
4291;83;2007;0;0;0;0;0;5260;2421;2840;25;13;12;18;6;12;7;7;0
4292;83;2008;0;0;0;0;0;5185;2424;2762;25;13;12;18;6;12;7;7;0
4293;83;2009;0;0;0;0;0;5226;2474;2752;25;13;12;18;6;12;7;7;0
4294;83;2010;0;0;0;0;0;5180;2472;2708;25;13;12;18;6;11;7;7;1
4295;83;2011;0;0;0;0;0;5360;2563;2797;25;13;12;19;7;12;6;6;0
4296;83;2012;0;0;0;0;0;5342;2575;2767;24;12;12;19;7;12;5;5;0
4297;83;2013;0;0;0;0;0;5575;2717;2858;24;12;12;20;7;12;4;5;0
4298;83;2014;0;0;0;0;0;5479;2678;2801;24;12;12;19;7;12;5;5;0
4299;83;2015;0;0;0;0;0;5578;2744;2834;24;12;12;20;8;12;4;4;0
4300;83;2016;0;0;0;0;0;5439;2693;2746;24;12;12;20;8;12;4;4;0
4301;83;2017;0;0;0;0;0;5530;2755;2775;24;12;12;20;8;12;4;4;0
4302;83;2018;0;0;0;0;0;5555;2786;2770;24;12;12;21;8;13;3;4;-1
4303;83;2019;0;0;0;0;0;5656;2851;2805;24;12;12;21;9;13;3;3;-1
4304;83;2020;0;0;0;0;0;5673;2867;2807;24;12;12;22;9;13;2;3;-1
4305;83;2021;0;0;0;0;0;5991;3047;2944;24;12;12;23;10;14;1;2;-2
4306;83;2022;0;0;0;0;0;6107;3106;3000;24;12;12;24;10;14;0;2;-2
4307;83;2023;0;0;0;0;0;6321;3236;3086;24;12;12;25;10;14;-1;2;-2
4308;83;2024;0;0;0;0;0;6159;3179;2980;24;12;12;25;11;14;-1;1;-2
4309;83;2025;0;0;0;0;0;6433;3328;3105;24;12;12;26;11;15;-2;1;-3
4310;83;2026;0;0;0;0;0;6949;3598;3351;24;12;12;29;12;16;-5;0;-4
4311;83;2027;0;0;0;0;0;7291;3772;3519;24;12;12;30;13;18;-6;-1;-6
4312;83;2028;0;0;0;0;0;6960;3608;3352;24;12;12;31;13;18;-7;-1;-6
4313;83;2029;0;0;0;0;0;9617;5001;4616;24;12;12;39;17;22;-15;-5;-10
4314;83;2030;0;0;0;0;0;9288;4813;4475;24;12;12;38;16;22;-14;-4;-10
4315;83;2031;0;0;0;0;0;8794;4575;4219;24;12;12;37;16;21;-13;-4;-9
4316;83;2032;0;0;0;0;0;8499;4425;4074;24;12;12;37;16;21;-13;-4;-9
4317;83;2033;0;0;0;0;0;8358;4347;4011;24;12;12;37;16;21;-13;-4;-9
4318;83;2034;0;0;0;0;0;8287;4323;3964;24;12;12;38;17;22;-14;-5;-10
4319;83;2035;0;0;0;0;0;8535;4450;4085;24;12;12;40;18;23;-16;-6;-11
4320;83;2036;0;0;0;0;0;8478;4419;4059;24;12;12;41;18;23;-17;-6;-11
4321;83;2037;0;0;0;0;0;8548;4463;4085;24;12;12;42;18;24;-18;-6;-12
4322;83;2038;0;0;0;0;0;8629;4485;4144;24;12;12;43;19;24;-19;-7;-12
4323;83;2039;0;0;0;0;0;8784;4594;4190;24;12;12;44;19;25;-20;-7;-13
4324;83;2040;0;0;0;0;0;8886;4647;4239;24;12;12;45;20;26;-21;-8;-14
4325;83;2041;0;0;0;0;0;9016;4718;4298;24;12;12;47;20;27;-23;-8;-15
4326;83;2042;0;0;0;0;0;9215;4826;4389;24;12;12;48;21;27;-24;-9;-15
4327;83;2043;0;0;0;0;0;9236;4851;4386;24;12;12;48;20;27;-24;-8;-15
4328;83;2044;0;0;0;0;0;9462;4973;4489;24;12;12;50;21;28;-26;-9;-16
4329;83;2045;0;0;0;0;0;9501;4998;4503;24;12;12;50;21;29;-26;-9;-17
4330;83;2046;0;0;0;0;0;9651;5099;4551;24;12;12;51;22;29;-27;-10;-17
4331;83;2047;0;0;0;0;0;9752;5157;4595;24;12;12;52;22;29;-28;-10;-17
4332;83;2048;0;0;0;0;0;9571;5075;4496;24;12;12;50;22;28;-26;-10;-16
4333;83;2049;0;0;0;0;0;9414;4986;4428;24;12;12;50;22;28;-26;-10;-16
4334;83;2050;0;0;0;0;0;9355;4956;4399;24;12;12;50;22;28;-26;-10;-16
4335;84;2000;0;0;0;0;0;4696;1961;2734;21;11;10;11;3;7;10;8;3
4336;84;2001;0;0;0;0;0;4652;1998;2654;21;11;10;10;3;7;11;8;3
4337;84;2002;0;0;0;0;0;4468;1904;2563;22;11;11;10;3;7;12;8;4
4338;84;2003;0;0;0;0;0;4607;1986;2621;22;11;11;11;3;7;11;8;4
4339;84;2004;0;0;0;0;0;5426;2357;3069;22;11;11;13;4;9;9;7;2
4340;84;2005;0;0;0;0;0;5351;2314;3037;22;11;11;13;4;9;9;7;2
4341;84;2006;0;0;0;0;0;5320;2337;2982;22;11;11;13;4;9;9;7;2
4342;84;2007;0;0;0;0;0;5472;2415;3057;22;11;11;14;5;9;8;6;2
4343;84;2008;0;0;0;0;0;5364;2356;3008;22;11;11;14;5;9;8;6;2
4344;84;2009;0;0;0;0;0;5291;2358;2934;21;10;11;14;5;9;7;5;2
4345;84;2010;0;0;0;0;0;5330;2414;2917;21;10;11;14;5;9;7;5;2
4346;84;2011;0;0;0;0;0;5290;2416;2874;21;10;11;13;5;9;8;5;2
4347;84;2012;0;0;0;0;0;5484;2508;2976;21;10;11;14;5;9;7;5;2
4348;84;2013;0;0;0;0;0;5475;2527;2948;21;10;11;14;5;9;7;5;2
4349;84;2014;0;0;0;0;0;5711;2667;3043;21;10;11;15;5;9;6;5;2
4350;84;2015;0;0;0;0;0;5618;2634;2984;21;10;11;15;5;9;6;5;2
4351;84;2016;0;0;0;0;0;5726;2704;3022;21;10;11;15;6;9;6;4;2
4352;84;2017;0;0;0;0;0;5582;2658;2924;21;10;11;15;6;9;6;4;2
4353;84;2018;0;0;0;0;0;5682;2724;2958;21;10;11;16;6;10;5;4;1
4354;84;2019;0;0;0;0;0;5712;2758;2954;21;10;11;16;6;10;5;4;1
4355;84;2020;0;0;0;0;0;5814;2826;2988;21;10;11;16;6;10;5;4;1
4356;84;2021;0;0;0;0;0;5842;2848;2994;21;10;11;17;7;10;4;3;1
4357;84;2022;0;0;0;0;0;6177;3027;3150;21;10;11;18;7;11;3;3;0
4358;84;2023;0;0;0;0;0;6299;3089;3210;21;10;11;18;7;11;3;3;0
4359;84;2024;0;0;0;0;0;6525;3222;3303;21;10;11;19;8;11;2;2;0
4360;84;2025;0;0;0;0;0;6358;3169;3189;21;10;11;19;8;11;2;2;0
4361;84;2026;0;0;0;0;0;6653;3326;3328;21;10;11;20;8;12;1;2;-1
4362;84;2027;0;0;0;0;0;7188;3600;3588;21;10;11;22;9;13;-1;1;-2
4363;84;2028;0;0;0;0;0;7543;3772;3771;21;10;11;23;10;13;-2;0;-2
4364;84;2029;0;0;0;0;0;7204;3609;3595;21;10;11;23;10;14;-2;0;-3
4365;84;2030;0;0;0;0;0;9952;5008;4945;21;10;11;30;13;17;-9;-3;-6
4366;84;2031;0;0;0;0;0;9627;4826;4801;21;10;11;29;12;17;-8;-2;-6
4367;84;2032;0;0;0;0;0;9124;4597;4527;21;10;11;28;12;16;-7;-2;-5
4368;84;2033;0;0;0;0;0;8824;4446;4378;21;10;11;28;12;16;-7;-2;-5
4369;84;2034;0;0;0;0;0;8675;4375;4300;21;10;11;28;12;16;-7;-2;-5
4370;84;2035;0;0;0;0;0;8615;4356;4258;21;10;11;29;12;17;-8;-2;-6
4371;84;2036;0;0;0;0;0;8871;4482;4389;21;10;11;30;13;17;-9;-3;-6
4372;84;2037;0;0;0;0;0;8816;4455;4361;21;10;11;31;13;18;-10;-3;-7
4373;84;2038;0;0;0;0;0;8904;4505;4399;21;10;11;32;14;18;-11;-4;-7
4374;84;2039;0;0;0;0;0;8990;4527;4462;21;10;11;33;14;19;-12;-4;-8
4375;84;2040;0;0;0;0;0;9150;4647;4503;21;10;11;34;14;19;-13;-4;-8
4376;84;2041;0;0;0;0;0;9267;4698;4570;21;10;11;34;14;20;-13;-4;-9
4377;84;2042;0;0;0;0;0;9403;4774;4629;21;10;11;35;15;20;-14;-5;-9
4378;84;2043;0;0;0;0;0;9628;4888;4740;21;10;11;36;15;21;-15;-5;-10
4379;84;2044;0;0;0;0;0;9643;4918;4725;21;10;11;36;15;21;-15;-5;-10
4380;84;2045;0;0;0;0;0;9888;5042;4846;21;10;11;38;16;22;-17;-6;-11
4381;84;2046;0;0;0;0;0;9939;5071;4867;21;10;11;38;16;22;-17;-6;-11
4382;84;2047;0;0;0;0;0;10088;5172;4915;21;10;11;39;16;22;-18;-6;-11
4383;84;2048;0;0;0;0;0;10202;5237;4965;21;10;11;39;17;22;-18;-7;-11
4384;84;2049;0;0;0;0;0;10015;5157;4858;21;10;11;38;16;22;-17;-6;-11
4385;84;2050;0;0;0;0;0;9843;5062;4782;21;10;11;38;16;22;-17;-6;-11
4386;85;2000;0;0;0;0;0;4629;1833;2796;16;8;8;7;2;5;9;6;3
4387;85;2001;0;0;0;0;0;4620;1853;2768;19;10;9;7;2;5;12;8;4
4388;85;2002;0;0;0;0;0;4601;1865;2736;19;10;9;7;2;5;12;8;4
4389;85;2003;0;0;0;0;0;4427;1784;2643;19;10;9;7;2;5;12;8;4
4390;85;2004;0;0;0;0;0;4571;1868;2703;19;10;9;7;2;5;12;8;4
4391;85;2005;0;0;0;0;0;5427;2240;3187;18;9;9;9;3;6;9;6;3
4392;85;2006;0;0;0;0;0;5370;2215;3156;18;9;9;9;3;6;9;6;3
4393;85;2007;0;0;0;0;0;5349;2242;3106;18;9;9;9;3;6;9;6;3
4394;85;2008;0;0;0;0;0;5511;2320;3191;18;9;9;10;3;7;8;6;2
4395;85;2009;0;0;0;0;0;5415;2269;3146;18;9;9;10;3;7;8;6;2
4396;85;2010;0;0;0;0;0;5337;2274;3063;18;9;9;10;3;7;8;6;2
4397;85;2011;0;0;0;0;0;5387;2335;3052;18;9;9;10;3;6;8;6;3
4398;85;2012;0;0;0;0;0;5351;2339;3012;18;9;9;9;3;6;9;6;3
4399;85;2013;0;0;0;0;0;5556;2436;3120;18;9;9;10;3;7;8;6;2
4400;85;2014;0;0;0;0;0;5545;2457;3087;18;9;9;10;4;6;8;5;3
4401;85;2015;0;0;0;0;0;5791;2598;3193;18;9;9;11;4;7;7;5;2
4402;85;2016;0;0;0;0;0;5702;2569;3133;18;9;9;10;4;7;8;5;2
4403;85;2017;0;0;0;0;0;5817;2644;3173;18;9;9;11;4;7;7;5;2
4404;85;2018;0;0;0;0;0;5676;2603;3073;18;9;9;11;4;7;7;5;2
4405;85;2019;0;0;0;0;0;5784;2674;3110;18;9;9;11;4;7;7;5;2
4406;85;2020;0;0;0;0;0;5821;2712;3109;18;9;9;11;4;7;7;5;2
4407;85;2021;0;0;0;0;0;5930;2783;3147;18;9;9;12;5;7;6;4;2
4408;85;2022;0;0;0;0;0;5964;2806;3158;18;9;9;12;5;7;6;4;2
4409;85;2023;0;0;0;0;0;6306;2986;3320;18;9;9;13;5;8;5;4;1
4410;85;2024;0;0;0;0;0;6439;3052;3387;18;9;9;13;5;8;5;4;1
4411;85;2025;0;0;0;0;0;6668;3186;3481;18;9;9;13;5;8;5;4;1
4412;85;2026;0;0;0;0;0;6503;3139;3364;18;9;9;13;6;8;5;3;1
4413;85;2027;0;0;0;0;0;6811;3296;3515;18;9;9;14;6;8;4;3;1
4414;85;2028;0;0;0;0;0;7366;3572;3793;18;9;9;15;6;9;3;3;0
4415;85;2029;0;0;0;0;0;7739;3750;3989;18;9;9;16;7;10;2;2;-1
4416;85;2030;0;0;0;0;0;7394;3594;3801;18;9;9;17;7;10;1;2;-1
4417;85;2031;0;0;0;0;0;10222;4984;5238;18;9;9;21;9;12;-3;0;-3
4418;85;2032;0;0;0;0;0;9898;4811;5087;18;9;9;21;9;12;-3;0;-3
4419;85;2033;0;0;0;0;0;9388;4589;4799;18;9;9;20;9;12;-2;0;-3
4420;85;2034;0;0;0;0;0;9084;4443;4641;18;9;9;20;8;11;-2;1;-2
4421;85;2035;0;0;0;0;0;8944;4379;4565;18;9;9;20;9;11;-2;0;-2
4422;85;2036;0;0;0;0;0;8885;4361;4523;18;9;9;21;9;12;-3;0;-3
4423;85;2037;0;0;0;0;0;9148;4487;4661;18;9;9;22;9;12;-4;0;-3
4424;85;2038;0;0;0;0;0;9109;4468;4641;18;9;9;22;10;13;-4;-1;-4
4425;85;2039;0;0;0;0;0;9193;4518;4675;18;9;9;23;10;13;-5;-1;-4
4426;85;2040;0;0;0;0;0;9289;4551;4738;18;9;9;23;10;13;-5;-1;-4
4427;85;2041;0;0;0;0;0;9466;4669;4797;18;9;9;24;10;14;-6;-1;-5
4428;85;2042;0;0;0;0;0;9587;4724;4862;18;9;9;25;11;14;-7;-2;-5
4429;85;2043;0;0;0;0;0;9744;4807;4937;18;9;9;25;11;15;-7;-2;-6
4430;85;2044;0;0;0;0;0;9969;4925;5043;18;9;9;26;11;15;-8;-2;-6
4431;85;2045;0;0;0;0;0;9988;4953;5035;18;9;9;26;11;15;-8;-2;-6
4432;85;2046;0;0;0;0;0;10255;5081;5174;18;9;9;27;12;16;-9;-3;-7
4433;85;2047;0;0;0;0;0;10307;5116;5191;18;9;9;27;12;16;-9;-3;-7
4434;85;2048;0;0;0;0;0;10471;5226;5245;18;9;9;28;12;16;-10;-3;-7
4435;85;2049;0;0;0;0;0;10599;5294;5305;18;9;9;28;12;16;-10;-3;-7
4436;85;2050;0;0;0;0;0;10398;5207;5190;18;9;9;28;12;16;-10;-3;-7
4437;86;2000;0;0;0;0;0;4824;1806;3018;14;6;8;5;1;4;9;5;4
4438;86;2001;0;0;0;0;0;4527;1724;2803;14;6;8;5;1;3;9;5;5
4439;86;2002;0;0;0;0;0;4551;1724;2827;14;6;8;5;1;3;9;5;5
4440;86;2003;0;0;0;0;0;4533;1738;2795;14;6;8;5;1;3;9;5;5
4441;86;2004;0;0;0;0;0;4372;1668;2704;14;6;8;5;1;3;9;5;5
4442;86;2005;0;0;0;0;0;4551;1767;2784;14;6;8;5;1;3;9;5;5
4443;86;2006;0;0;0;0;0;5418;2134;3284;14;6;8;6;2;4;8;4;4
4444;86;2007;0;0;0;0;0;5371;2114;3257;14;6;8;6;2;4;8;4;4
4445;86;2008;0;0;0;0;0;5354;2143;3211;15;7;8;6;2;4;9;5;4
4446;86;2009;0;0;0;0;0;5531;2225;3306;15;7;8;6;2;4;9;5;4
4447;86;2010;0;0;0;0;0;5429;2175;3254;15;7;8;6;2;4;9;5;4
4448;86;2011;0;0;0;0;0;5363;2189;3173;15;7;8;6;2;4;9;5;4
4449;86;2012;0;0;0;0;0;5414;2250;3164;15;7;8;6;2;4;9;5;4
4450;86;2013;0;0;0;0;0;5394;2264;3129;15;7;8;6;2;4;9;5;4
4451;86;2014;0;0;0;0;0;5601;2361;3239;15;7;8;6;2;4;9;5;4
4452;86;2015;0;0;0;0;0;5593;2381;3213;15;7;8;6;2;4;9;5;4
4453;86;2016;0;0;0;0;0;5846;2523;3322;15;7;8;7;2;4;8;5;4
4454;86;2017;0;0;0;0;0;5760;2500;3260;15;7;8;7;2;4;8;5;4
4455;86;2018;0;0;0;0;0;5880;2577;3303;15;7;8;7;2;4;8;5;4
4456;86;2019;0;0;0;0;0;5745;2541;3204;15;7;8;7;3;4;8;4;4
4457;86;2020;0;0;0;0;0;5853;2610;3243;15;7;8;7;3;4;8;4;4
4458;86;2021;0;0;0;0;0;5898;2655;3243;15;7;8;7;3;5;8;4;3
4459;86;2022;0;0;0;0;0;6011;2725;3285;15;7;8;7;3;5;8;4;3
4460;86;2023;0;0;0;0;0;6051;2754;3297;15;7;8;8;3;5;7;4;3
4461;86;2024;0;0;0;0;0;6406;2937;3469;15;7;8;8;3;5;7;4;3
4462;86;2025;0;0;0;0;0;6543;3007;3536;15;7;8;8;3;5;7;4;3
4463;86;2026;0;0;0;0;0;6784;3141;3643;15;7;8;9;3;5;6;4;3
4464;86;2027;0;0;0;0;0;6621;3098;3523;15;7;8;9;3;5;6;4;3
4465;86;2028;0;0;0;0;0;6938;3258;3679;15;7;8;9;4;5;6;3;3
4466;86;2029;0;0;0;0;0;7503;3530;3973;15;7;8;10;4;6;5;3;2
4467;86;2030;0;0;0;0;0;7886;3707;4179;15;7;8;10;4;6;5;3;2
4468;86;2031;0;0;0;0;0;7537;3550;3987;15;7;8;11;4;6;4;3;2
4469;86;2032;0;0;0;0;0;10436;4943;5493;15;7;8;13;6;8;2;1;0
4470;86;2033;0;0;0;0;0;10114;4772;5342;15;7;8;13;5;8;2;2;0
4471;86;2034;0;0;0;0;0;9592;4556;5036;15;7;8;13;5;7;2;2;1
4472;86;2035;0;0;0;0;0;9295;4422;4873;15;7;8;13;5;7;2;2;1
4473;86;2036;0;0;0;0;0;9157;4355;4802;15;7;8;13;5;7;2;2;1
4474;86;2037;0;0;0;0;0;9089;4336;4753;15;7;8;13;6;8;2;1;0
4475;86;2038;0;0;0;0;0;9386;4475;4912;15;7;8;14;6;8;1;1;0
4476;86;2039;0;0;0;0;0;9340;4454;4887;15;7;8;14;6;8;1;1;0
4477;86;2040;0;0;0;0;0;9434;4514;4919;15;7;8;15;6;8;0;1;0
4478;86;2041;0;0;0;0;0;9541;4540;5001;15;7;8;15;6;9;0;1;-1
4479;86;2042;0;0;0;0;0;9715;4662;5053;15;7;8;15;7;9;0;0;-1
4480;86;2043;0;0;0;0;0;9861;4724;5137;15;7;8;16;7;9;-1;0;-1
4481;86;2044;0;0;0;0;0;10016;4813;5203;15;7;8;16;7;9;-1;0;-1
4482;86;2045;0;0;0;0;0;10253;4928;5325;15;7;8;17;7;10;-2;0;-2
4483;86;2046;0;0;0;0;0;10286;4961;5325;15;7;8;17;7;10;-2;0;-2
4484;86;2047;0;0;0;0;0;10553;5089;5464;15;7;8;17;7;10;-2;0;-2
4485;86;2048;0;0;0;0;0;10615;5130;5485;15;7;8;18;7;10;-3;0;-2
4486;86;2049;0;0;0;0;0;10791;5242;5549;15;7;8;18;8;10;-3;-1;-2
4487;86;2050;0;0;0;0;0;10910;5304;5606;15;7;8;18;8;10;-3;-1;-2
4488;87;2000;0;0;0;0;0;4623;1639;2984;12;5;7;3;1;2;9;4;5
4489;87;2001;0;0;0;0;0;4670;1698;2972;12;5;7;3;1;2;9;4;5
4490;87;2002;0;0;0;0;0;4415;1605;2810;12;5;7;3;1;2;9;4;5
4491;87;2003;0;0;0;0;0;4443;1606;2837;12;5;7;3;1;2;9;4;5
4492;87;2004;0;0;0;0;0;4437;1629;2808;12;5;7;2;1;2;10;4;5
4493;87;2005;0;0;0;0;0;4315;1579;2736;12;5;7;2;1;2;10;4;5
4494;87;2006;0;0;0;0;0;4501;1683;2818;12;5;7;3;1;2;9;4;5
4495;87;2007;0;0;0;0;0;5367;2036;3331;13;6;7;3;1;2;10;5;5
4496;87;2008;0;0;0;0;0;5330;2021;3309;13;6;7;3;1;2;10;5;5
4497;87;2009;0;0;0;0;0;5328;2056;3272;13;6;7;3;1;2;10;5;5
4498;87;2010;0;0;0;0;0;5495;2135;3360;13;6;7;3;1;2;10;5;5
4499;87;2011;0;0;0;0;0;5409;2097;3312;13;6;7;3;1;2;10;5;5
4500;87;2012;0;0;0;0;0;5348;2111;3238;13;6;7;3;1;2;10;5;5
4501;87;2013;0;0;0;0;0;5409;2178;3232;13;6;7;3;1;2;10;5;5
4502;87;2014;0;0;0;0;0;5388;2193;3195;13;6;7;3;1;2;10;5;5
4503;87;2015;0;0;0;0;0;5597;2286;3311;13;6;7;3;1;2;10;5;5
4504;87;2016;0;0;0;0;0;5598;2312;3286;13;6;7;3;1;2;10;5;5
4505;87;2017;0;0;0;0;0;5850;2454;3396;13;6;7;4;1;2;9;5;5
4506;87;2018;0;0;0;0;0;5775;2437;3338;14;6;8;4;1;2;10;5;6
4507;87;2019;0;0;0;0;0;5905;2518;3387;14;6;8;4;1;2;10;5;6
4508;87;2020;0;0;0;0;0;5763;2482;3282;14;6;8;4;1;2;10;5;6
4509;87;2021;0;0;0;0;0;5878;2556;3322;14;6;8;4;1;2;10;5;6
4510;87;2022;0;0;0;0;0;5927;2601;3326;14;6;8;4;1;2;10;5;6
4511;87;2023;0;0;0;0;0;6046;2675;3371;14;6;8;4;2;3;10;4;5
4512;87;2024;0;0;0;0;0;6094;2705;3389;14;6;8;4;2;3;10;4;5
4513;87;2025;0;0;0;0;0;6448;2888;3560;14;6;8;4;2;3;10;4;5
4514;87;2026;0;0;0;0;0;6597;2958;3638;14;6;8;5;2;3;9;4;5
4515;87;2027;0;0;0;0;0;6845;3100;3745;14;6;8;5;2;3;9;4;5
4516;87;2028;0;0;0;0;0;6686;3060;3626;14;6;8;5;2;3;9;4;5
4517;87;2029;0;0;0;0;0;7006;3217;3789;14;6;8;5;2;3;9;4;5
4518;87;2030;0;0;0;0;0;7585;3492;4093;14;6;8;5;2;3;9;4;5
4519;87;2031;0;0;0;0;0;7974;3667;4307;14;6;8;6;2;3;8;4;5
4520;87;2032;0;0;0;0;0;7633;3522;4110;14;6;8;6;2;3;8;4;5
4521;87;2033;0;0;0;0;0;10562;4897;5665;14;6;8;7;3;4;7;3;4
4522;87;2034;0;0;0;0;0;10240;4737;5504;14;6;8;7;3;4;7;3;4
4523;87;2035;0;0;0;0;0;9729;4528;5201;14;6;8;7;3;4;7;3;4
4524;87;2036;0;0;0;0;0;9427;4389;5039;14;6;8;7;3;4;7;3;4
4525;87;2037;0;0;0;0;0;9287;4328;4959;14;6;8;7;3;4;7;3;4
4526;87;2038;0;0;0;0;0;9242;4319;4922;14;6;8;7;3;4;7;3;4
4527;87;2039;0;0;0;0;0;9529;4451;5078;14;6;8;8;3;4;6;3;4
4528;87;2040;0;0;0;0;0;9489;4440;5049;14;6;8;8;3;5;6;3;3
4529;87;2041;0;0;0;0;0;9594;4496;5098;14;6;8;8;3;5;6;3;3
4530;87;2042;0;0;0;0;0;9710;4533;5177;14;6;8;8;3;5;6;3;3
4531;87;2043;0;0;0;0;0;9907;4660;5247;14;6;8;8;3;5;6;3;3
4532;87;2044;0;0;0;0;0;10041;4723;5318;14;6;8;9;4;5;5;2;3
4533;87;2045;0;0;0;0;0;10206;4809;5397;14;6;8;9;4;5;5;2;3
4534;87;2046;0;0;0;0;0;10452;4926;5526;14;6;8;9;4;5;5;2;3
4535;87;2047;0;0;0;0;0;10486;4961;5526;14;6;8;9;4;5;5;2;3
4536;87;2048;0;0;0;0;0;10770;5098;5671;14;6;8;10;4;6;4;2;2
4537;87;2049;0;0;0;0;0;10837;5138;5699;14;6;8;10;4;6;4;2;2
4538;87;2050;0;0;0;0;0;11002;5245;5757;14;6;8;10;4;6;4;2;2
4539;88;2000;0;0;0;0;0;4341;1442;2898;11;5;6;1;0;1;10;5;5
4540;88;2001;0;0;0;0;0;4387;1505;2882;12;5;7;1;0;1;11;5;6
4541;88;2002;0;0;0;0;0;4462;1539;2923;12;5;7;1;0;1;11;5;6
4542;88;2003;0;0;0;0;0;4228;1459;2769;12;5;7;1;0;1;11;5;6
4543;88;2004;0;0;0;0;0;4266;1469;2797;12;5;7;1;0;1;11;5;6
4544;88;2005;0;0;0;0;0;4296;1506;2790;12;5;7;1;0;1;11;5;6
4545;88;2006;0;0;0;0;0;4189;1472;2717;12;5;7;1;0;1;11;5;6
4546;88;2007;0;0;0;0;0;4379;1570;2808;12;5;7;1;0;1;11;5;6
4547;88;2008;0;0;0;0;0;5229;1904;3326;12;5;7;1;0;1;11;5;6
4548;88;2009;0;0;0;0;0;5207;1894;3313;12;5;7;1;0;1;11;5;6
4549;88;2010;0;0;0;0;0;5197;1931;3267;12;5;7;1;0;1;11;5;6
4550;88;2011;0;0;0;0;0;5372;2011;3361;12;5;7;1;0;1;11;5;6
4551;88;2012;0;0;0;0;0;5297;1977;3321;12;5;7;1;0;1;11;5;6
4552;88;2013;0;0;0;0;0;5247;1999;3247;12;5;7;1;0;1;11;5;6
4553;88;2014;0;0;0;0;0;5305;2064;3241;12;5;7;1;0;1;11;5;6
4554;88;2015;0;0;0;0;0;5284;2078;3207;12;5;7;1;0;1;11;5;6
4555;88;2016;0;0;0;0;0;5497;2172;3325;12;5;7;1;0;1;11;5;6
4556;88;2017;0;0;0;0;0;5505;2204;3300;12;5;7;1;0;1;11;5;6
4557;88;2018;0;0;0;0;0;5754;2340;3414;12;5;7;2;1;1;10;4;6
4558;88;2019;0;0;0;0;0;5689;2328;3361;12;5;7;2;0;1;10;5;6
4559;88;2020;0;0;0;0;0;5813;2405;3408;12;5;7;2;1;1;10;4;6
4560;88;2021;0;0;0;0;0;5686;2379;3308;12;5;7;2;1;1;10;4;6
4561;88;2022;0;0;0;0;0;5805;2450;3355;12;5;7;2;1;1;10;4;6
4562;88;2023;0;0;0;0;0;5854;2495;3359;12;5;7;2;1;1;10;4;6
4563;88;2024;0;0;0;0;0;5977;2569;3408;12;5;7;2;1;1;10;4;6
4564;88;2025;0;0;0;0;0;6021;2604;3417;12;5;7;2;1;1;10;4;6
4565;88;2026;0;0;0;0;0;6383;2783;3599;12;5;7;2;1;1;10;4;6
4566;88;2027;0;0;0;0;0;6533;2857;3677;12;5;7;2;1;1;10;4;6
4567;88;2028;0;0;0;0;0;6779;2992;3787;12;5;7;2;1;1;10;4;6
4568;88;2029;0;0;0;0;0;6623;2954;3668;12;5;7;2;1;1;10;4;6
4569;88;2030;0;0;0;0;0;6946;3110;3836;12;5;7;2;1;1;10;4;6
4570;88;2031;0;0;0;0;0;7518;3374;4144;12;5;7;2;1;1;10;4;6
4571;88;2032;0;0;0;0;0;7916;3556;4360;12;5;7;2;1;1;10;4;6
4572;88;2033;0;0;0;0;0;7581;3415;4166;12;5;7;2;1;1;10;4;6
4573;88;2034;0;0;0;0;0;10495;4753;5741;12;5;7;3;1;2;9;4;5
4574;88;2035;0;0;0;0;0;10195;4607;5588;12;5;7;3;1;2;9;4;5
4575;88;2036;0;0;0;0;0;9678;4398;5280;12;5;7;3;1;2;9;4;5
4576;88;2037;0;0;0;0;0;9380;4268;5113;12;5;7;3;1;2;9;4;5
4577;88;2038;0;0;0;0;0;9259;4215;5045;12;5;7;3;1;2;9;4;5
4578;88;2039;0;0;0;0;0;9208;4202;5006;12;5;7;3;1;2;9;4;5
4579;88;2040;0;0;0;0;0;9501;4342;5159;12;5;7;3;1;2;9;4;5
4580;88;2041;0;0;0;0;0;9472;4327;5145;12;5;7;3;1;2;9;4;5
4581;88;2042;0;0;0;0;0;9574;4386;5188;12;5;7;3;1;2;9;4;5
4582;88;2043;0;0;0;0;0;9704;4425;5279;12;5;7;3;1;2;9;4;5
4583;88;2044;0;0;0;0;0;9892;4552;5339;12;5;7;3;1;2;9;4;5
4584;88;2045;0;0;0;0;0;10034;4612;5422;12;5;7;4;1;2;8;4;5
4585;88;2046;0;0;0;0;0;10209;4698;5511;12;5;7;4;1;2;8;4;5
4586;88;2047;0;0;0;0;0;10456;4816;5640;12;5;7;4;1;2;8;4;5
4587;88;2048;0;0;0;0;0;10495;4856;5639;12;5;7;4;1;2;8;4;5
4588;88;2049;0;0;0;0;0;10784;4988;5796;12;5;7;4;1;2;8;4;5
4589;88;2050;0;0;0;0;0;10837;5022;5815;12;5;7;4;1;2;8;4;5
4590;89;2000;0;0;0;0;0;3900;1229;2671;10;4;6;0;0;0;10;4;6
4591;89;2001;0;0;0;0;0;4086;1305;2781;10;4;6;0;0;0;10;4;6
4592;89;2002;0;0;0;0;0;4169;1348;2820;10;4;6;0;0;0;10;4;6
4593;89;2003;0;0;0;0;0;4249;1384;2865;10;4;6;0;0;0;10;4;6
4594;89;2004;0;0;0;0;0;4033;1319;2715;10;4;6;0;0;0;10;4;6
4595;89;2005;0;0;0;0;0;4107;1343;2764;10;4;6;0;0;0;10;4;6
4596;89;2006;0;0;0;0;0;4141;1384;2757;10;4;6;0;0;0;10;4;6
4597;89;2007;0;0;0;0;0;4049;1355;2694;10;4;6;0;0;0;10;4;6
4598;89;2008;0;0;0;0;0;4237;1452;2786;11;4;7;0;0;0;11;4;7
4599;89;2009;0;0;0;0;0;5073;1763;3310;11;4;7;0;0;0;11;4;7
4600;89;2010;0;0;0;0;0;5045;1758;3286;11;4;7;0;0;0;11;4;7
4601;89;2011;0;0;0;0;0;5045;1796;3249;11;4;7;0;0;0;11;4;7
4602;89;2012;0;0;0;0;0;5223;1874;3349;11;4;7;0;0;0;11;4;7
4603;89;2013;0;0;0;0;0;5160;1849;3312;11;4;7;0;0;0;11;4;7
4604;89;2014;0;0;0;0;0;5108;1871;3238;11;4;7;0;0;0;11;4;7
4605;89;2015;0;0;0;0;0;5164;1932;3232;11;4;7;0;0;0;11;4;7
4606;89;2016;0;0;0;0;0;5151;1948;3203;11;4;7;0;0;0;11;4;7
4607;89;2017;0;0;0;0;0;5366;2045;3321;11;4;7;0;0;0;11;4;7
4608;89;2018;0;0;0;0;0;5371;2075;3296;11;4;7;0;0;0;11;4;7
4609;89;2019;0;0;0;0;0;5625;2207;3418;11;4;7;0;0;0;11;4;7
4610;89;2020;0;0;0;0;0;5553;2193;3360;11;4;7;0;0;0;11;4;7
4611;89;2021;0;0;0;0;0;5686;2274;3411;11;4;7;0;0;0;11;4;7
4612;89;2022;0;0;0;0;0;5563;2249;3313;11;4;7;0;0;0;11;4;7
4613;89;2023;0;0;0;0;0;5681;2322;3359;11;4;7;0;0;0;11;4;7
4614;89;2024;0;0;0;0;0;5735;2367;3368;11;4;7;0;0;0;11;4;7
4615;89;2025;0;0;0;0;0;5854;2442;3412;11;4;7;0;0;0;11;4;7
4616;89;2026;0;0;0;0;0;5908;2475;3433;11;4;7;0;0;0;11;4;7
4617;89;2027;0;0;0;0;0;6266;2651;3615;11;4;7;0;0;0;11;4;7
4618;89;2028;0;0;0;0;0;6413;2719;3695;11;4;7;0;0;0;11;4;7
4619;89;2029;0;0;0;0;0;6658;2848;3811;11;4;7;0;0;0;11;4;7
4620;89;2030;0;0;0;0;0;6505;2815;3690;11;4;7;0;0;0;11;4;7
4621;89;2031;0;0;0;0;0;6826;2963;3863;11;4;7;0;0;0;11;4;7
4622;89;2032;0;0;0;0;0;7402;3227;4175;11;4;7;0;0;0;11;4;7
4623;89;2033;0;0;0;0;0;7794;3396;4398;11;4;7;1;0;0;10;4;7
4624;89;2034;0;0;0;0;0;7459;3265;4194;11;4;7;1;0;0;10;4;7
4625;89;2035;0;0;0;0;0;10346;4556;5790;11;4;7;1;0;0;10;4;7
4626;89;2036;0;0;0;0;0;10044;4406;5638;11;4;7;1;0;0;10;4;7
4627;89;2037;0;0;0;0;0;9535;4212;5324;11;4;7;1;0;0;10;4;7
4628;89;2038;0;0;0;0;0;9256;4093;5163;11;4;7;1;0;0;10;4;7
4629;89;2039;0;0;0;0;0;9131;4038;5093;11;4;7;1;0;0;10;4;7
4630;89;2040;0;0;0;0;0;9082;4037;5046;11;4;7;1;0;0;10;4;7
4631;89;2041;0;0;0;0;0;9386;4167;5220;11;4;7;1;0;0;10;4;7
4632;89;2042;0;0;0;0;0;9353;4157;5196;11;4;7;1;0;0;10;4;7
4633;89;2043;0;0;0;0;0;9474;4220;5254;11;4;7;1;0;0;10;4;7
4634;89;2044;0;0;0;0;0;9592;4260;5333;11;4;7;1;0;0;10;4;7
4635;89;2045;0;0;0;0;0;9781;4378;5402;11;4;7;1;0;1;10;4;6
4636;89;2046;0;0;0;0;0;9933;4440;5494;11;4;7;1;0;1;10;4;6
4637;89;2047;0;0;0;0;0;10105;4526;5579;11;4;7;1;0;1;10;4;6
4638;89;2048;0;0;0;0;0;10355;4641;5714;11;4;7;1;0;1;10;4;6
4639;89;2049;0;0;0;0;0;10403;4683;5720;11;4;7;1;0;1;10;4;6
4640;89;2050;0;0;0;0;0;10672;4803;5869;11;4;7;1;0;1;10;4;6
4641;90;2000;0;0;0;0;0;3622;1055;2567;0;0;0;0;0;0;0;0;0
4642;90;2001;0;0;0;0;0;3556;1082;2475;0;0;0;0;0;0;0;0;0
4643;90;2002;0;0;0;0;0;3770;1138;2632;0;0;0;0;0;0;0;0;0
4644;90;2003;0;0;0;0;0;3852;1181;2671;0;0;0;0;0;0;0;0;0
4645;90;2004;0;0;0;0;0;3937;1219;2718;0;0;0;0;0;0;0;0;0
4646;90;2005;0;0;0;0;0;3771;1176;2594;0;0;0;0;0;0;0;0;0
4647;90;2006;0;0;0;0;0;3850;1207;2644;0;0;0;0;0;0;0;0;0
4648;90;2007;0;0;0;0;0;3895;1250;2645;0;0;0;0;0;0;0;0;0
4649;90;2008;0;0;0;0;0;3817;1225;2591;0;0;0;0;0;0;0;0;0
4650;90;2009;0;0;0;0;0;4003;1315;2687;0;0;0;0;0;0;0;0;0
4651;90;2010;0;0;0;0;0;4787;1601;3186;0;0;0;0;0;0;0;0;0
4652;90;2011;0;0;0;0;0;4777;1603;3173;0;0;0;0;0;0;0;0;0
4653;90;2012;0;0;0;0;0;4784;1641;3143;0;0;0;0;0;0;0;0;0
4654;90;2013;0;0;0;0;0;4964;1718;3246;0;0;0;0;0;0;0;0;0
4655;90;2014;0;0;0;0;0;4905;1696;3209;0;0;0;0;0;0;0;0;0
4656;90;2015;0;0;0;0;0;4857;1717;3140;0;0;0;0;0;0;0;0;0
4657;90;2016;0;0;0;0;0;4923;1779;3144;0;0;0;0;0;0;0;0;0
4658;90;2017;0;0;0;0;0;4912;1803;3109;0;0;0;0;0;0;0;0;0
4659;90;2018;0;0;0;0;0;5121;1891;3230;0;0;0;0;0;0;0;0;0
4660;90;2019;0;0;0;0;0;5136;1924;3212;0;0;0;0;0;0;0;0;0
4661;90;2020;0;0;0;0;0;5379;2052;3327;0;0;0;0;0;0;0;0;0
4662;90;2021;0;0;0;0;0;5324;2048;3276;0;0;0;0;0;0;0;0;0
4663;90;2022;0;0;0;0;0;5448;2121;3327;0;0;0;0;0;0;0;0;0
4664;90;2023;0;0;0;0;0;5337;2101;3236;0;0;0;0;0;0;0;0;0
4665;90;2024;0;0;0;0;0;5458;2172;3286;0;0;0;0;0;0;0;0;0
4666;90;2025;0;0;0;0;0;5511;2219;3292;0;0;0;0;0;0;0;0;0
4667;90;2026;0;0;0;0;0;5635;2292;3343;0;0;0;0;0;0;0;0;0
4668;90;2027;0;0;0;0;0;5689;2327;3362;0;0;0;0;0;0;0;0;0
4669;90;2028;0;0;0;0;0;6038;2491;3547;0;0;0;0;0;0;0;0;0
4670;90;2029;0;0;0;0;0;6186;2559;3626;0;0;0;0;0;0;0;0;0
4671;90;2030;0;0;0;0;0;6426;2685;3741;0;0;0;0;0;0;0;0;0
4672;90;2031;0;0;0;0;0;6284;2657;3628;0;0;0;0;0;0;0;0;0
4673;90;2032;0;0;0;0;0;6598;2803;3795;0;0;0;0;0;0;0;0;0
4674;90;2033;0;0;0;0;0;7157;3048;4109;0;0;0;0;0;0;0;0;0
4675;90;2034;0;0;0;0;0;7542;3217;4324;0;0;0;0;0;0;0;0;0
4676;90;2035;0;0;0;0;0;7233;3098;4135;0;0;0;0;0;0;0;0;0
4677;90;2036;0;0;0;0;0;10030;4320;5711;0;0;0;0;0;0;0;0;0
4678;90;2037;0;0;0;0;0;9741;4183;5558;0;0;0;0;0;0;0;0;0
4679;90;2038;0;0;0;0;0;9269;4004;5265;0;0;0;0;0;0;0;0;0
4680;90;2039;0;0;0;0;0;9000;3892;5108;0;0;0;0;0;0;0;0;0
4681;90;2040;0;0;0;0;0;8879;3848;5032;0;0;0;0;0;0;0;0;0
4682;90;2041;0;0;0;0;0;8846;3843;5003;0;0;0;0;0;0;0;0;0
4683;90;2042;0;0;0;0;0;9139;3972;5166;0;0;0;0;0;0;0;0;0
4684;90;2043;0;0;0;0;0;9128;3969;5159;0;0;0;0;0;0;0;0;0
4685;90;2044;0;0;0;0;0;9236;4033;5203;0;0;0;0;0;0;0;0;0
4686;90;2045;0;0;0;0;0;9363;4068;5295;0;0;0;0;0;0;0;0;0
4687;90;2046;0;0;0;0;0;9558;4186;5372;0;0;0;0;0;0;0;0;0
4688;90;2047;0;0;0;0;0;9704;4246;5459;0;0;0;0;0;0;0;0;0
4689;90;2048;0;0;0;0;0;9876;4332;5544;0;0;0;0;0;0;0;0;0
4690;90;2049;0;0;0;0;0;10132;4448;5684;0;0;0;0;0;0;0;0;0
4691;90;2050;0;0;0;0;0;10153;4476;5677;0;0;0;0;0;0;0;0;0
4692;91;2000;0;0;0;0;0;3299;875;2425;0;0;0;0;0;0;0;0;0
4693;91;2001;0;0;0;0;0;3273;910;2363;0;0;0;0;0;0;0;0;0
4694;91;2002;0;0;0;0;0;3248;920;2328;0;0;0;0;0;0;0;0;0
4695;91;2003;0;0;0;0;0;3449;972;2477;0;0;0;0;0;0;0;0;0
4696;91;2004;0;0;0;0;0;3530;1011;2519;0;0;0;0;0;0;0;0;0
4697;91;2005;0;0;0;0;0;3636;1056;2580;0;0;0;0;0;0;0;0;0
4698;91;2006;0;0;0;0;0;3488;1023;2465;0;0;0;0;0;0;0;0;0
4699;91;2007;0;0;0;0;0;3570;1052;2519;0;0;0;0;0;0;0;0;0
4700;91;2008;0;0;0;0;0;3609;1088;2521;0;0;0;0;0;0;0;0;0
4701;91;2009;0;0;0;0;0;3543;1070;2473;0;0;0;0;0;0;0;0;0
4702;91;2010;0;0;0;0;0;3708;1149;2559;0;0;0;0;0;0;0;0;0
4703;91;2011;0;0;0;0;0;4437;1402;3035;0;0;0;0;0;0;0;0;0
4704;91;2012;0;0;0;0;0;4434;1402;3031;0;0;0;0;0;0;0;0;0
4705;91;2013;0;0;0;0;0;4441;1437;3003;0;0;0;0;0;0;0;0;0
4706;91;2014;0;0;0;0;0;4604;1508;3096;0;0;0;0;0;0;0;0;0
4707;91;2015;0;0;0;0;0;4548;1488;3060;0;0;0;0;0;0;0;0;0
4708;91;2016;0;0;0;0;0;4508;1510;2997;0;0;0;0;0;0;0;0;0
4709;91;2017;0;0;0;0;0;4558;1564;2994;0;0;0;0;0;0;0;0;0
4710;91;2018;0;0;0;0;0;4552;1584;2968;0;0;0;0;0;0;0;0;0
4711;91;2019;0;0;0;0;0;4750;1665;3085;0;0;0;0;0;0;0;0;0
4712;91;2020;0;0;0;0;0;4756;1692;3065;0;0;0;0;0;0;0;0;0
4713;91;2021;0;0;0;0;0;4981;1806;3175;0;0;0;0;0;0;0;0;0
4714;91;2022;0;0;0;0;0;4924;1798;3126;0;0;0;0;0;0;0;0;0
4715;91;2023;0;0;0;0;0;5047;1867;3179;0;0;0;0;0;0;0;0;0
4716;91;2024;0;0;0;0;0;4942;1850;3092;0;0;0;0;0;0;0;0;0
4717;91;2025;0;0;0;0;0;5046;1914;3132;0;0;0;0;0;0;0;0;0
4718;91;2026;0;0;0;0;0;5096;1956;3140;0;0;0;0;0;0;0;0;0
4719;91;2027;0;0;0;0;0;5207;2019;3189;0;0;0;0;0;0;0;0;0
4720;91;2028;0;0;0;0;0;5253;2047;3206;0;0;0;0;0;0;0;0;0
4721;91;2029;0;0;0;0;0;5568;2191;3377;0;0;0;0;0;0;0;0;0
4722;91;2030;0;0;0;0;0;5704;2249;3455;0;0;0;0;0;0;0;0;0
4723;91;2031;0;0;0;0;0;5925;2361;3565;0;0;0;0;0;0;0;0;0
4724;91;2032;0;0;0;0;0;5789;2337;3452;0;0;0;0;0;0;0;0;0
4725;91;2033;0;0;0;0;0;6078;2464;3614;0;0;0;0;0;0;0;0;0
4726;91;2034;0;0;0;0;0;6587;2680;3907;0;0;0;0;0;0;0;0;0
4727;91;2035;0;0;0;0;0;6945;2827;4118;0;0;0;0;0;0;0;0;0
4728;91;2036;0;0;0;0;0;6658;2719;3938;0;0;0;0;0;0;0;0;0
4729;91;2037;0;0;0;0;0;9224;3790;5434;0;0;0;0;0;0;0;0;0
4730;91;2038;0;0;0;0;0;8973;3675;5298;0;0;0;0;0;0;0;0;0
4731;91;2039;0;0;0;0;0;8527;3513;5014;0;0;0;0;0;0;0;0;0
4732;91;2040;0;0;0;0;0;8271;3418;4853;0;0;0;0;0;0;0;0;0
4733;91;2041;0;0;0;0;0;8169;3375;4794;0;0;0;0;0;0;0;0;0
4734;91;2042;0;0;0;0;0;8130;3372;4757;0;0;0;0;0;0;0;0;0
4735;91;2043;0;0;0;0;0;8413;3490;4923;0;0;0;0;0;0;0;0;0
4736;91;2044;0;0;0;0;0;8385;3484;4900;0;0;0;0;0;0;0;0;0
4737;91;2045;0;0;0;0;0;8485;3534;4951;0;0;0;0;0;0;0;0;0
4738;91;2046;0;0;0;0;0;8610;3568;5042;0;0;0;0;0;0;0;0;0
4739;91;2047;0;0;0;0;0;8778;3669;5109;0;0;0;0;0;0;0;0;0
4740;91;2048;0;0;0;0;0;8917;3726;5192;0;0;0;0;0;0;0;0;0
4741;91;2049;0;0;0;0;0;9082;3802;5280;0;0;0;0;0;0;0;0;0
4742;91;2050;0;0;0;0;0;9294;3894;5401;0;0;0;0;0;0;0;0;0
4743;92;2000;0;0;0;0;0;2822;724;2098;0;0;0;0;0;0;0;0;0
4744;92;2001;0;0;0;0;0;2847;728;2119;0;0;0;0;0;0;0;0;0
4745;92;2002;0;0;0;0;0;2853;745;2108;0;0;0;0;0;0;0;0;0
4746;92;2003;0;0;0;0;0;2834;757;2076;0;0;0;0;0;0;0;0;0
4747;92;2004;0;0;0;0;0;3015;801;2213;0;0;0;0;0;0;0;0;0
4748;92;2005;0;0;0;0;0;3110;844;2266;0;0;0;0;0;0;0;0;0
4749;92;2006;0;0;0;0;0;3209;886;2324;0;0;0;0;0;0;0;0;0
4750;92;2007;0;0;0;0;0;3088;861;2227;0;0;0;0;0;0;0;0;0
4751;92;2008;0;0;0;0;0;3158;884;2274;0;0;0;0;0;0;0;0;0
4752;92;2009;0;0;0;0;0;3199;916;2283;0;0;0;0;0;0;0;0;0
4753;92;2010;0;0;0;0;0;3136;902;2234;0;0;0;0;0;0;0;0;0
4754;92;2011;0;0;0;0;0;3286;971;2315;0;0;0;0;0;0;0;0;0
4755;92;2012;0;0;0;0;0;3939;1186;2753;0;0;0;0;0;0;0;0;0
4756;92;2013;0;0;0;0;0;3931;1187;2744;0;0;0;0;0;0;0;0;0
4757;92;2014;0;0;0;0;0;3935;1218;2716;0;0;0;0;0;0;0;0;0
4758;92;2015;0;0;0;0;0;4075;1274;2801;0;0;0;0;0;0;0;0;0
4759;92;2016;0;0;0;0;0;4032;1260;2772;0;0;0;0;0;0;0;0;0
4760;92;2017;0;0;0;0;0;3990;1278;2712;0;0;0;0;0;0;0;0;0
4761;92;2018;0;0;0;0;0;4040;1328;2713;0;0;0;0;0;0;0;0;0
4762;92;2019;0;0;0;0;0;4032;1343;2689;0;0;0;0;0;0;0;0;0
4763;92;2020;0;0;0;0;0;4201;1409;2791;0;0;0;0;0;0;0;0;0
4764;92;2021;0;0;0;0;0;4208;1435;2773;0;0;0;0;0;0;0;0;0
4765;92;2022;0;0;0;0;0;4404;1529;2875;0;0;0;0;0;0;0;0;0
4766;92;2023;0;0;0;0;0;4356;1526;2830;0;0;0;0;0;0;0;0;0
4767;92;2024;0;0;0;0;0;4458;1581;2877;0;0;0;0;0;0;0;0;0
4768;92;2025;0;0;0;0;0;4359;1569;2790;0;0;0;0;0;0;0;0;0
4769;92;2026;0;0;0;0;0;4457;1624;2833;0;0;0;0;0;0;0;0;0
4770;92;2027;0;0;0;0;0;4497;1657;2839;0;0;0;0;0;0;0;0;0
4771;92;2028;0;0;0;0;0;4592;1710;2882;0;0;0;0;0;0;0;0;0
4772;92;2029;0;0;0;0;0;4635;1736;2898;0;0;0;0;0;0;0;0;0
4773;92;2030;0;0;0;0;0;4913;1858;3055;0;0;0;0;0;0;0;0;0
4774;92;2031;0;0;0;0;0;5030;1909;3121;0;0;0;0;0;0;0;0;0
4775;92;2032;0;0;0;0;0;5220;2001;3219;0;0;0;0;0;0;0;0;0
4776;92;2033;0;0;0;0;0;5101;1980;3121;0;0;0;0;0;0;0;0;0
4777;92;2034;0;0;0;0;0;5349;2088;3261;0;0;0;0;0;0;0;0;0
4778;92;2035;0;0;0;0;0;5804;2274;3530;0;0;0;0;0;0;0;0;0
4779;92;2036;0;0;0;0;0;6118;2395;3723;0;0;0;0;0;0;0;0;0
4780;92;2037;0;0;0;0;0;5856;2304;3553;0;0;0;0;0;0;0;0;0
4781;92;2038;0;0;0;0;0;8122;3211;4911;0;0;0;0;0;0;0;0;0
4782;92;2039;0;0;0;0;0;7889;3106;4783;0;0;0;0;0;0;0;0;0
4783;92;2040;0;0;0;0;0;7489;2973;4516;0;0;0;0;0;0;0;0;0
4784;92;2041;0;0;0;0;0;7274;2888;4386;0;0;0;0;0;0;0;0;0
4785;92;2042;0;0;0;0;0;7178;2855;4324;0;0;0;0;0;0;0;0;0
4786;92;2043;0;0;0;0;0;7154;2854;4300;0;0;0;0;0;0;0;0;0
4787;92;2044;0;0;0;0;0;7389;2951;4438;0;0;0;0;0;0;0;0;0
4788;92;2045;0;0;0;0;0;7371;2945;4425;0;0;0;0;0;0;0;0;0
4789;92;2046;0;0;0;0;0;7462;2988;4474;0;0;0;0;0;0;0;0;0
4790;92;2047;0;0;0;0;0;7566;3016;4550;0;0;0;0;0;0;0;0;0
4791;92;2048;0;0;0;0;0;7716;3104;4612;0;0;0;0;0;0;0;0;0
4792;92;2049;0;0;0;0;0;7841;3152;4689;0;0;0;0;0;0;0;0;0
4793;92;2050;0;0;0;0;0;7966;3208;4758;0;0;0;0;0;0;0;0;0
4794;93;2000;0;0;0;0;0;2364;544;1820;0;0;0;0;0;0;0;0;0
4795;93;2001;0;0;0;0;0;2409;595;1814;0;0;0;0;0;0;0;0;0
4796;93;2002;0;0;0;0;0;2464;592;1872;0;0;0;0;0;0;0;0;0
4797;93;2003;0;0;0;0;0;2473;609;1864;0;0;0;0;0;0;0;0;0
4798;93;2004;0;0;0;0;0;2461;619;1842;0;0;0;0;0;0;0;0;0
4799;93;2005;0;0;0;0;0;2642;664;1977;0;0;0;0;0;0;0;0;0
4800;93;2006;0;0;0;0;0;2731;704;2026;0;0;0;0;0;0;0;0;0
4801;93;2007;0;0;0;0;0;2821;741;2081;0;0;0;0;0;0;0;0;0
4802;93;2008;0;0;0;0;0;2713;719;1994;0;0;0;0;0;0;0;0;0
4803;93;2009;0;0;0;0;0;2786;741;2045;0;0;0;0;0;0;0;0;0
4804;93;2010;0;0;0;0;0;2816;770;2045;0;0;0;0;0;0;0;0;0
4805;93;2011;0;0;0;0;0;2761;757;2004;0;0;0;0;0;0;0;0;0
4806;93;2012;0;0;0;0;0;2893;814;2079;0;0;0;0;0;0;0;0;0
4807;93;2013;0;0;0;0;0;3468;996;2472;0;0;0;0;0;0;0;0;0
4808;93;2014;0;0;0;0;0;3465;1001;2464;0;0;0;0;0;0;0;0;0
4809;93;2015;0;0;0;0;0;3465;1025;2440;0;0;0;0;0;0;0;0;0
4810;93;2016;0;0;0;0;0;3593;1073;2520;0;0;0;0;0;0;0;0;0
4811;93;2017;0;0;0;0;0;3550;1062;2489;0;0;0;0;0;0;0;0;0
4812;93;2018;0;0;0;0;0;3515;1077;2438;0;0;0;0;0;0;0;0;0
4813;93;2019;0;0;0;0;0;3554;1116;2438;0;0;0;0;0;0;0;0;0
4814;93;2020;0;0;0;0;0;3546;1132;2414;0;0;0;0;0;0;0;0;0
4815;93;2021;0;0;0;0;0;3693;1190;2504;0;0;0;0;0;0;0;0;0
4816;93;2022;0;0;0;0;0;3700;1209;2491;0;0;0;0;0;0;0;0;0
4817;93;2023;0;0;0;0;0;3871;1291;2580;0;0;0;0;0;0;0;0;0
4818;93;2024;0;0;0;0;0;3827;1285;2541;0;0;0;0;0;0;0;0;0
4819;93;2025;0;0;0;0;0;3915;1336;2578;0;0;0;0;0;0;0;0;0
4820;93;2026;0;0;0;0;0;3829;1324;2506;0;0;0;0;0;0;0;0;0
4821;93;2027;0;0;0;0;0;3908;1366;2542;0;0;0;0;0;0;0;0;0
4822;93;2028;0;0;0;0;0;3942;1397;2546;0;0;0;0;0;0;0;0;0
4823;93;2029;0;0;0;0;0;4027;1443;2585;0;0;0;0;0;0;0;0;0
4824;93;2030;0;0;0;0;0;4058;1462;2597;0;0;0;0;0;0;0;0;0
4825;93;2031;0;0;0;0;0;4300;1564;2736;0;0;0;0;0;0;0;0;0
4826;93;2032;0;0;0;0;0;4401;1606;2795;0;0;0;0;0;0;0;0;0
4827;93;2033;0;0;0;0;0;4570;1687;2883;0;0;0;0;0;0;0;0;0
4828;93;2034;0;0;0;0;0;4459;1667;2792;0;0;0;0;0;0;0;0;0
4829;93;2035;0;0;0;0;0;4680;1759;2921;0;0;0;0;0;0;0;0;0
4830;93;2036;0;0;0;0;0;5074;1914;3161;0;0;0;0;0;0;0;0;0
4831;93;2037;0;0;0;0;0;5343;2014;3329;0;0;0;0;0;0;0;0;0
4832;93;2038;0;0;0;0;0;5125;1938;3186;0;0;0;0;0;0;0;0;0
4833;93;2039;0;0;0;0;0;7095;2699;4397;0;0;0;0;0;0;0;0;0
4834;93;2040;0;0;0;0;0;6889;2616;4273;0;0;0;0;0;0;0;0;0
4835;93;2041;0;0;0;0;0;6549;2502;4048;0;0;0;0;0;0;0;0;0
4836;93;2042;0;0;0;0;0;6354;2432;3922;0;0;0;0;0;0;0;0;0
4837;93;2043;0;0;0;0;0;6277;2402;3875;0;0;0;0;0;0;0;0;0
4838;93;2044;0;0;0;0;0;6244;2404;3840;0;0;0;0;0;0;0;0;0
4839;93;2045;0;0;0;0;0;6450;2481;3969;0;0;0;0;0;0;0;0;0
4840;93;2046;0;0;0;0;0;6439;2476;3964;0;0;0;0;0;0;0;0;0
4841;93;2047;0;0;0;0;0;6517;2513;4004;0;0;0;0;0;0;0;0;0
4842;93;2048;0;0;0;0;0;6610;2537;4073;0;0;0;0;0;0;0;0;0
4843;93;2049;0;0;0;0;0;6740;2612;4128;0;0;0;0;0;0;0;0;0
4844;93;2050;0;0;0;0;0;6834;2645;4189;0;0;0;0;0;0;0;0;0
4845;94;2000;0;0;0;0;0;1958;442;1516;0;0;0;0;0;0;0;0;0
4846;94;2001;0;0;0;0;0;1965;441;1524;0;0;0;0;0;0;0;0;0
4847;94;2002;0;0;0;0;0;2026;477;1549;0;0;0;0;0;0;0;0;0
4848;94;2003;0;0;0;0;0;2076;474;1601;0;0;0;0;0;0;0;0;0
4849;94;2004;0;0;0;0;0;2092;491;1601;0;0;0;0;0;0;0;0;0
4850;94;2005;0;0;0;0;0;2098;508;1590;0;0;0;0;0;0;0;0;0
4851;94;2006;0;0;0;0;0;2257;548;1708;0;0;0;0;0;0;0;0;0
4852;94;2007;0;0;0;0;0;2334;580;1754;0;0;0;0;0;0;0;0;0
4853;94;2008;0;0;0;0;0;2416;610;1805;0;0;0;0;0;0;0;0;0
4854;94;2009;0;0;0;0;0;2330;595;1735;0;0;0;0;0;0;0;0;0
4855;94;2010;0;0;0;0;0;2383;613;1771;0;0;0;0;0;0;0;0;0
4856;94;2011;0;0;0;0;0;2414;637;1777;0;0;0;0;0;0;0;0;0
4857;94;2012;0;0;0;0;0;2373;628;1745;0;0;0;0;0;0;0;0;0
4858;94;2013;0;0;0;0;0;2488;678;1810;0;0;0;0;0;0;0;0;0
4859;94;2014;0;0;0;0;0;2977;827;2150;0;0;0;0;0;0;0;0;0
4860;94;2015;0;0;0;0;0;2971;829;2142;0;0;0;0;0;0;0;0;0
4861;94;2016;0;0;0;0;0;2974;851;2123;0;0;0;0;0;0;0;0;0
4862;94;2017;0;0;0;0;0;3080;893;2187;0;0;0;0;0;0;0;0;0
4863;94;2018;0;0;0;0;0;3049;884;2165;0;0;0;0;0;0;0;0;0
4864;94;2019;0;0;0;0;0;3016;897;2119;0;0;0;0;0;0;0;0;0
4865;94;2020;0;0;0;0;0;3047;930;2117;0;0;0;0;0;0;0;0;0
4866;94;2021;0;0;0;0;0;3036;942;2094;0;0;0;0;0;0;0;0;0
4867;94;2022;0;0;0;0;0;3166;989;2176;0;0;0;0;0;0;0;0;0
4868;94;2023;0;0;0;0;0;3171;1007;2164;0;0;0;0;0;0;0;0;0
4869;94;2024;0;0;0;0;0;3316;1073;2243;0;0;0;0;0;0;0;0;0
4870;94;2025;0;0;0;0;0;3276;1072;2204;0;0;0;0;0;0;0;0;0
4871;94;2026;0;0;0;0;0;3350;1110;2240;0;0;0;0;0;0;0;0;0
4872;94;2027;0;0;0;0;0;3276;1103;2173;0;0;0;0;0;0;0;0;0
4873;94;2028;0;0;0;0;0;3344;1139;2205;0;0;0;0;0;0;0;0;0
4874;94;2029;0;0;0;0;0;3370;1160;2210;0;0;0;0;0;0;0;0;0
4875;94;2030;0;0;0;0;0;3438;1196;2241;0;0;0;0;0;0;0;0;0
4876;94;2031;0;0;0;0;0;3465;1213;2252;0;0;0;0;0;0;0;0;0
4877;94;2032;0;0;0;0;0;3670;1299;2371;0;0;0;0;0;0;0;0;0
4878;94;2033;0;0;0;0;0;3759;1334;2426;0;0;0;0;0;0;0;0;0
4879;94;2034;0;0;0;0;0;3896;1397;2498;0;0;0;0;0;0;0;0;0
4880;94;2035;0;0;0;0;0;3806;1386;2420;0;0;0;0;0;0;0;0;0
4881;94;2036;0;0;0;0;0;3992;1459;2533;0;0;0;0;0;0;0;0;0
4882;94;2037;0;0;0;0;0;4325;1585;2740;0;0;0;0;0;0;0;0;0
4883;94;2038;0;0;0;0;0;4558;1671;2888;0;0;0;0;0;0;0;0;0
4884;94;2039;0;0;0;0;0;4365;1606;2759;0;0;0;0;0;0;0;0;0
4885;94;2040;0;0;0;0;0;6041;2240;3802;0;0;0;0;0;0;0;0;0
4886;94;2041;0;0;0;0;0;5873;2166;3707;0;0;0;0;0;0;0;0;0
4887;94;2042;0;0;0;0;0;5579;2074;3506;0;0;0;0;0;0;0;0;0
4888;94;2043;0;0;0;0;0;5420;2017;3403;0;0;0;0;0;0;0;0;0
4889;94;2044;0;0;0;0;0;5343;1992;3351;0;0;0;0;0;0;0;0;0
4890;94;2045;0;0;0;0;0;5318;1987;3330;0;0;0;0;0;0;0;0;0
4891;94;2046;0;0;0;0;0;5500;2057;3443;0;0;0;0;0;0;0;0;0
4892;94;2047;0;0;0;0;0;5484;2050;3434;0;0;0;0;0;0;0;0;0
4893;94;2048;0;0;0;0;0;5550;2083;3467;0;0;0;0;0;0;0;0;0
4894;94;2049;0;0;0;0;0;5633;2103;3530;0;0;0;0;0;0;0;0;0
4895;94;2050;0;0;0;0;0;5731;2160;3572;0;0;0;0;0;0;0;0;0
4896;95;2000;0;0;0;0;0;1561;338;1223;0;0;0;0;0;0;0;0;0
4897;95;2001;0;0;0;0;0;1600;351;1249;0;0;0;0;0;0;0;0;0
4898;95;2002;0;0;0;0;0;1629;346;1283;0;0;0;0;0;0;0;0;0
4899;95;2003;0;0;0;0;0;1685;378;1307;0;0;0;0;0;0;0;0;0
4900;95;2004;0;0;0;0;0;1733;377;1356;0;0;0;0;0;0;0;0;0
4901;95;2005;0;0;0;0;0;1758;395;1363;0;0;0;0;0;0;0;0;0
4902;95;2006;0;0;0;0;0;1766;410;1356;0;0;0;0;0;0;0;0;0
4903;95;2007;0;0;0;0;0;1905;443;1461;0;0;0;0;0;0;0;0;0
4904;95;2008;0;0;0;0;0;1976;472;1504;0;0;0;0;0;0;0;0;0
4905;95;2009;0;0;0;0;0;2046;498;1548;0;0;0;0;0;0;0;0;0
4906;95;2010;0;0;0;0;0;1969;485;1484;0;0;0;0;0;0;0;0;0
4907;95;2011;0;0;0;0;0;2020;499;1520;0;0;0;0;0;0;0;0;0
4908;95;2012;0;0;0;0;0;2045;520;1525;0;0;0;0;0;0;0;0;0
4909;95;2013;0;0;0;0;0;2010;514;1496;0;0;0;0;0;0;0;0;0
4910;95;2014;0;0;0;0;0;2107;554;1554;0;0;0;0;0;0;0;0;0
4911;95;2015;0;0;0;0;0;2520;678;1842;0;0;0;0;0;0;0;0;0
4912;95;2016;0;0;0;0;0;2517;679;1839;0;0;0;0;0;0;0;0;0
4913;95;2017;0;0;0;0;0;2517;698;1819;0;0;0;0;0;0;0;0;0
4914;95;2018;0;0;0;0;0;2608;732;1876;0;0;0;0;0;0;0;0;0
4915;95;2019;0;0;0;0;0;2580;724;1856;0;0;0;0;0;0;0;0;0
4916;95;2020;0;0;0;0;0;2553;737;1816;0;0;0;0;0;0;0;0;0
4917;95;2021;0;0;0;0;0;2579;764;1815;0;0;0;0;0;0;0;0;0
4918;95;2022;0;0;0;0;0;2574;775;1799;0;0;0;0;0;0;0;0;0
4919;95;2023;0;0;0;0;0;2680;813;1867;0;0;0;0;0;0;0;0;0
4920;95;2024;0;0;0;0;0;2682;827;1854;0;0;0;0;0;0;0;0;0
4921;95;2025;0;0;0;0;0;2801;884;1918;0;0;0;0;0;0;0;0;0
4922;95;2026;0;0;0;0;0;2768;880;1888;0;0;0;0;0;0;0;0;0
4923;95;2027;0;0;0;0;0;2829;913;1916;0;0;0;0;0;0;0;0;0
4924;95;2028;0;0;0;0;0;2764;904;1861;0;0;0;0;0;0;0;0;0
4925;95;2029;0;0;0;0;0;2821;934;1887;0;0;0;0;0;0;0;0;0
4926;95;2030;0;0;0;0;0;2842;952;1890;0;0;0;0;0;0;0;0;0
4927;95;2031;0;0;0;0;0;2900;983;1917;0;0;0;0;0;0;0;0;0
4928;95;2032;0;0;0;0;0;2922;996;1926;0;0;0;0;0;0;0;0;0
4929;95;2033;0;0;0;0;0;3095;1065;2029;0;0;0;0;0;0;0;0;0
4930;95;2034;0;0;0;0;0;3163;1094;2069;0;0;0;0;0;0;0;0;0
4931;95;2035;0;0;0;0;0;3285;1150;2135;0;0;0;0;0;0;0;0;0
4932;95;2036;0;0;0;0;0;3203;1135;2068;0;0;0;0;0;0;0;0;0
4933;95;2037;0;0;0;0;0;3357;1194;2163;0;0;0;0;0;0;0;0;0
4934;95;2038;0;0;0;0;0;3637;1298;2340;0;0;0;0;0;0;0;0;0
4935;95;2039;0;0;0;0;0;3835;1368;2467;0;0;0;0;0;0;0;0;0
4936;95;2040;0;0;0;0;0;3667;1316;2352;0;0;0;0;0;0;0;0;0
4937;95;2041;0;0;0;0;0;5085;1832;3253;0;0;0;0;0;0;0;0;0
4938;95;2042;0;0;0;0;0;4938;1775;3164;0;0;0;0;0;0;0;0;0
4939;95;2043;0;0;0;0;0;4696;1698;2998;0;0;0;0;0;0;0;0;0
4940;95;2044;0;0;0;0;0;4553;1650;2903;0;0;0;0;0;0;0;0;0
4941;95;2045;0;0;0;0;0;4494;1630;2864;0;0;0;0;0;0;0;0;0
4942;95;2046;0;0;0;0;0;4477;1630;2847;0;0;0;0;0;0;0;0;0
4943;95;2047;0;0;0;0;0;4624;1681;2943;0;0;0;0;0;0;0;0;0
4944;95;2048;0;0;0;0;0;4615;1680;2934;0;0;0;0;0;0;0;0;0
4945;95;2049;0;0;0;0;0;4672;1707;2965;0;0;0;0;0;0;0;0;0
4946;95;2050;0;0;0;0;0;4732;1720;3012;0;0;0;0;0;0;0;0;0
4947;96;2000;0;0;0;0;0;1238;278;960;0;0;0;0;0;0;0;0;0
4948;96;2001;0;0;0;0;0;1226;268;958;0;0;0;0;0;0;0;0;0
4949;96;2002;0;0;0;0;0;1278;277;1001;0;0;0;0;0;0;0;0;0
4950;96;2003;0;0;0;0;0;1306;274;1032;0;0;0;0;0;0;0;0;0
4951;96;2004;0;0;0;0;0;1353;296;1056;0;0;0;0;0;0;0;0;0
4952;96;2005;0;0;0;0;0;1403;303;1100;0;0;0;0;0;0;0;0;0
4953;96;2006;0;0;0;0;0;1429;320;1109;0;0;0;0;0;0;0;0;0
4954;96;2007;0;0;0;0;0;1440;332;1108;0;0;0;0;0;0;0;0;0
4955;96;2008;0;0;0;0;0;1552;359;1194;0;0;0;0;0;0;0;0;0
4956;96;2009;0;0;0;0;0;1612;382;1230;0;0;0;0;0;0;0;0;0
4957;96;2010;0;0;0;0;0;1668;403;1265;0;0;0;0;0;0;0;0;0
4958;96;2011;0;0;0;0;0;1607;392;1215;0;0;0;0;0;0;0;0;0
4959;96;2012;0;0;0;0;0;1650;407;1243;0;0;0;0;0;0;0;0;0
4960;96;2013;0;0;0;0;0;1673;424;1249;0;0;0;0;0;0;0;0;0
4961;96;2014;0;0;0;0;0;1643;418;1224;0;0;0;0;0;0;0;0;0
4962;96;2015;0;0;0;0;0;1719;451;1268;0;0;0;0;0;0;0;0;0
4963;96;2016;0;0;0;0;0;2062;551;1511;0;0;0;0;0;0;0;0;0
4964;96;2017;0;0;0;0;0;2061;555;1506;0;0;0;0;0;0;0;0;0
4965;96;2018;0;0;0;0;0;2058;569;1489;0;0;0;0;0;0;0;0;0
4966;96;2019;0;0;0;0;0;2136;598;1538;0;0;0;0;0;0;0;0;0
4967;96;2020;0;0;0;0;0;2111;592;1519;0;0;0;0;0;0;0;0;0
4968;96;2021;0;0;0;0;0;2084;600;1485;0;0;0;0;0;0;0;0;0
4969;96;2022;0;0;0;0;0;2110;624;1486;0;0;0;0;0;0;0;0;0
4970;96;2023;0;0;0;0;0;2101;631;1470;0;0;0;0;0;0;0;0;0
4971;96;2024;0;0;0;0;0;2190;663;1527;0;0;0;0;0;0;0;0;0
4972;96;2025;0;0;0;0;0;2189;675;1514;0;0;0;0;0;0;0;0;0
4973;96;2026;0;0;0;0;0;2291;721;1570;0;0;0;0;0;0;0;0;0
4974;96;2027;0;0;0;0;0;2261;718;1542;0;0;0;0;0;0;0;0;0
4975;96;2028;0;0;0;0;0;2311;746;1565;0;0;0;0;0;0;0;0;0
4976;96;2029;0;0;0;0;0;2260;739;1521;0;0;0;0;0;0;0;0;0
4977;96;2030;0;0;0;0;0;2300;761;1539;0;0;0;0;0;0;0;0;0
4978;96;2031;0;0;0;0;0;2319;778;1541;0;0;0;0;0;0;0;0;0
4979;96;2032;0;0;0;0;0;2365;801;1564;0;0;0;0;0;0;0;0;0
4980;96;2033;0;0;0;0;0;2383;812;1571;0;0;0;0;0;0;0;0;0
4981;96;2034;0;0;0;0;0;2522;869;1653;0;0;0;0;0;0;0;0;0
4982;96;2035;0;0;0;0;0;2581;893;1688;0;0;0;0;0;0;0;0;0
4983;96;2036;0;0;0;0;0;2675;935;1740;0;0;0;0;0;0;0;0;0
4984;96;2037;0;0;0;0;0;2607;923;1684;0;0;0;0;0;0;0;0;0
4985;96;2038;0;0;0;0;0;2739;974;1764;0;0;0;0;0;0;0;0;0
4986;96;2039;0;0;0;0;0;2967;1059;1909;0;0;0;0;0;0;0;0;0
4987;96;2040;0;0;0;0;0;3122;1115;2007;0;0;0;0;0;0;0;0;0
4988;96;2041;0;0;0;0;0;2990;1070;1920;0;0;0;0;0;0;0;0;0
4989;96;2042;0;0;0;0;0;4140;1492;2648;0;0;0;0;0;0;0;0;0
4990;96;2043;0;0;0;0;0;4030;1447;2584;0;0;0;0;0;0;0;0;0
4991;96;2044;0;0;0;0;0;3821;1383;2438;0;0;0;0;0;0;0;0;0
4992;96;2045;0;0;0;0;0;3708;1343;2365;0;0;0;0;0;0;0;0;0
4993;96;2046;0;0;0;0;0;3663;1326;2336;0;0;0;0;0;0;0;0;0
4994;96;2047;0;0;0;0;0;3645;1324;2321;0;0;0;0;0;0;0;0;0
4995;96;2048;0;0;0;0;0;3767;1369;2398;0;0;0;0;0;0;0;0;0
4996;96;2049;0;0;0;0;0;3761;1368;2393;0;0;0;0;0;0;0;0;0
4997;96;2050;0;0;0;0;0;3800;1385;2414;0;0;0;0;0;0;0;0;0
4998;97;2000;0;0;0;0;0;895;206;689;0;0;0;0;0;0;0;0;0
4999;97;2001;0;0;0;0;0;930;203;727;0;0;0;0;0;0;0;0;0
5000;97;2002;0;0;0;0;0;935;193;742;0;0;0;0;0;0;0;0;0
5001;97;2003;0;0;0;0;0;977;199;778;0;0;0;0;0;0;0;0;0
5002;97;2004;0;0;0;0;0;1003;199;804;0;0;0;0;0;0;0;0;0
5003;97;2005;0;0;0;0;0;1050;222;828;0;0;0;0;0;0;0;0;0
5004;97;2006;0;0;0;0;0;1093;227;866;0;0;0;0;0;0;0;0;0
5005;97;2007;0;0;0;0;0;1112;238;874;0;0;0;0;0;0;0;0;0
5006;97;2008;0;0;0;0;0;1122;248;874;0;0;0;0;0;0;0;0;0
5007;97;2009;0;0;0;0;0;1215;270;945;0;0;0;0;0;0;0;0;0
5008;97;2010;0;0;0;0;0;1257;287;971;0;0;0;0;0;0;0;0;0
5009;97;2011;0;0;0;0;0;1301;303;998;0;0;0;0;0;0;0;0;0
5010;97;2012;0;0;0;0;0;1257;297;960;0;0;0;0;0;0;0;0;0
5011;97;2013;0;0;0;0;0;1293;308;985;0;0;0;0;0;0;0;0;0
5012;97;2014;0;0;0;0;0;1309;319;989;0;0;0;0;0;0;0;0;0
5013;97;2015;0;0;0;0;0;1285;315;969;0;0;0;0;0;0;0;0;0
5014;97;2016;0;0;0;0;0;1346;341;1005;0;0;0;0;0;0;0;0;0
5015;97;2017;0;0;0;0;0;1611;419;1192;0;0;0;0;0;0;0;0;0
5016;97;2018;0;0;0;0;0;1610;422;1188;0;0;0;0;0;0;0;0;0
5017;97;2019;0;0;0;0;0;1610;433;1178;0;0;0;0;0;0;0;0;0
5018;97;2020;0;0;0;0;0;1667;454;1213;0;0;0;0;0;0;0;0;0
5019;97;2021;0;0;0;0;0;1649;449;1200;0;0;0;0;0;0;0;0;0
5020;97;2022;0;0;0;0;0;1630;457;1173;0;0;0;0;0;0;0;0;0
5021;97;2023;0;0;0;0;0;1645;474;1171;0;0;0;0;0;0;0;0;0
5022;97;2024;0;0;0;0;0;1642;481;1161;0;0;0;0;0;0;0;0;0
5023;97;2025;0;0;0;0;0;1706;503;1203;0;0;0;0;0;0;0;0;0
5024;97;2026;0;0;0;0;0;1707;513;1194;0;0;0;0;0;0;0;0;0
5025;97;2027;0;0;0;0;0;1782;547;1235;0;0;0;0;0;0;0;0;0
5026;97;2028;0;0;0;0;0;1761;545;1216;0;0;0;0;0;0;0;0;0
5027;97;2029;0;0;0;0;0;1799;566;1233;0;0;0;0;0;0;0;0;0
5028;97;2030;0;0;0;0;0;1755;558;1197;0;0;0;0;0;0;0;0;0
5029;97;2031;0;0;0;0;0;1792;577;1215;0;0;0;0;0;0;0;0;0
5030;97;2032;0;0;0;0;0;1803;587;1216;0;0;0;0;0;0;0;0;0
5031;97;2033;0;0;0;0;0;1835;605;1229;0;0;0;0;0;0;0;0;0
5032;97;2034;0;0;0;0;0;1848;614;1234;0;0;0;0;0;0;0;0;0
5033;97;2035;0;0;0;0;0;1958;658;1300;0;0;0;0;0;0;0;0;0
5034;97;2036;0;0;0;0;0;2003;674;1329;0;0;0;0;0;0;0;0;0
5035;97;2037;0;0;0;0;0;2076;707;1370;0;0;0;0;0;0;0;0;0
5036;97;2038;0;0;0;0;0;2028;698;1329;0;0;0;0;0;0;0;0;0
5037;97;2039;0;0;0;0;0;2122;734;1388;0;0;0;0;0;0;0;0;0
5038;97;2040;0;0;0;0;0;2296;798;1498;0;0;0;0;0;0;0;0;0
5039;97;2041;0;0;0;0;0;2419;839;1580;0;0;0;0;0;0;0;0;0
5040;97;2042;0;0;0;0;0;2316;808;1508;0;0;0;0;0;0;0;0;0
5041;97;2043;0;0;0;0;0;3214;1126;2087;0;0;0;0;0;0;0;0;0
5042;97;2044;0;0;0;0;0;3121;1091;2029;0;0;0;0;0;0;0;0;0
5043;97;2045;0;0;0;0;0;2961;1043;1919;0;0;0;0;0;0;0;0;0
5044;97;2046;0;0;0;0;0;2877;1013;1864;0;0;0;0;0;0;0;0;0
5045;97;2047;0;0;0;0;0;2839;1001;1838;0;0;0;0;0;0;0;0;0
5046;97;2048;0;0;0;0;0;2826;1000;1825;0;0;0;0;0;0;0;0;0
5047;97;2049;0;0;0;0;0;2924;1034;1889;0;0;0;0;0;0;0;0;0
5048;97;2050;0;0;0;0;0;2912;1031;1881;0;0;0;0;0;0;0;0;0
5049;98;2000;0;0;0;0;0;625;125;500;0;0;0;0;0;0;0;0;0
5050;98;2001;0;0;0;0;0;646;140;506;0;0;0;0;0;0;0;0;0
5051;98;2002;0;0;0;0;0;685;139;546;0;0;0;0;0;0;0;0;0
5052;98;2003;0;0;0;0;0;690;132;558;0;0;0;0;0;0;0;0;0
5053;98;2004;0;0;0;0;0;727;137;590;0;0;0;0;0;0;0;0;0
5054;98;2005;0;0;0;0;0;753;139;613;0;0;0;0;0;0;0;0;0
5055;98;2006;0;0;0;0;0;789;156;632;0;0;0;0;0;0;0;0;0
5056;98;2007;0;0;0;0;0;824;159;665;0;0;0;0;0;0;0;0;0
5057;98;2008;0;0;0;0;0;840;169;671;0;0;0;0;0;0;0;0;0
5058;98;2009;0;0;0;0;0;849;176;673;0;0;0;0;0;0;0;0;0
5059;98;2010;0;0;0;0;0;917;192;725;0;0;0;0;0;0;0;0;0
5060;98;2011;0;0;0;0;0;948;204;744;0;0;0;0;0;0;0;0;0
5061;98;2012;0;0;0;0;0;987;216;771;0;0;0;0;0;0;0;0;0
5062;98;2013;0;0;0;0;0;953;213;740;0;0;0;0;0;0;0;0;0
5063;98;2014;0;0;0;0;0;975;218;757;0;0;0;0;0;0;0;0;0
5064;98;2015;0;0;0;0;0;987;228;759;0;0;0;0;0;0;0;0;0
5065;98;2016;0;0;0;0;0;971;227;745;0;0;0;0;0;0;0;0;0
5066;98;2017;0;0;0;0;0;1016;244;772;0;0;0;0;0;0;0;0;0
5067;98;2018;0;0;0;0;0;1216;299;917;0;0;0;0;0;0;0;0;0
5068;98;2019;0;0;0;0;0;1213;298;914;0;0;0;0;0;0;0;0;0
5069;98;2020;0;0;0;0;0;1213;308;905;0;0;0;0;0;0;0;0;0
5070;98;2021;0;0;0;0;0;1256;324;932;0;0;0;0;0;0;0;0;0
5071;98;2022;0;0;0;0;0;1241;320;921;0;0;0;0;0;0;0;0;0
5072;98;2023;0;0;0;0;0;1228;326;902;0;0;0;0;0;0;0;0;0
5073;98;2024;0;0;0;0;0;1239;338;901;0;0;0;0;0;0;0;0;0
5074;98;2025;0;0;0;0;0;1230;341;889;0;0;0;0;0;0;0;0;0
5075;98;2026;0;0;0;0;0;1283;361;923;0;0;0;0;0;0;0;0;0
5076;98;2027;0;0;0;0;0;1283;366;917;0;0;0;0;0;0;0;0;0
5077;98;2028;0;0;0;0;0;1340;391;949;0;0;0;0;0;0;0;0;0
5078;98;2029;0;0;0;0;0;1320;389;931;0;0;0;0;0;0;0;0;0
5079;98;2030;0;0;0;0;0;1346;400;946;0;0;0;0;0;0;0;0;0
5080;98;2031;0;0;0;0;0;1315;399;916;0;0;0;0;0;0;0;0;0
5081;98;2032;0;0;0;0;0;1339;411;928;0;0;0;0;0;0;0;0;0
5082;98;2033;0;0;0;0;0;1349;419;930;0;0;0;0;0;0;0;0;0
5083;98;2034;0;0;0;0;0;1374;431;943;0;0;0;0;0;0;0;0;0
5084;98;2035;0;0;0;0;0;1383;437;946;0;0;0;0;0;0;0;0;0
5085;98;2036;0;0;0;0;0;1462;466;995;0;0;0;0;0;0;0;0;0
5086;98;2037;0;0;0;0;0;1494;477;1017;0;0;0;0;0;0;0;0;0
5087;98;2038;0;0;0;0;0;1550;501;1049;0;0;0;0;0;0;0;0;0
5088;98;2039;0;0;0;0;0;1508;494;1014;0;0;0;0;0;0;0;0;0
5089;98;2040;0;0;0;0;0;1584;522;1062;0;0;0;0;0;0;0;0;0
5090;98;2041;0;0;0;0;0;1716;568;1148;0;0;0;0;0;0;0;0;0
5091;98;2042;0;0;0;0;0;1806;598;1208;0;0;0;0;0;0;0;0;0
5092;98;2043;0;0;0;0;0;1731;575;1156;0;0;0;0;0;0;0;0;0
5093;98;2044;0;0;0;0;0;2391;800;1591;0;0;0;0;0;0;0;0;0
5094;98;2045;0;0;0;0;0;2325;773;1551;0;0;0;0;0;0;0;0;0
5095;98;2046;0;0;0;0;0;2211;742;1470;0;0;0;0;0;0;0;0;0
5096;98;2047;0;0;0;0;0;2146;720;1425;0;0;0;0;0;0;0;0;0
5097;98;2048;0;0;0;0;0;2118;711;1407;0;0;0;0;0;0;0;0;0
5098;98;2049;0;0;0;0;0;2109;711;1398;0;0;0;0;0;0;0;0;0
5099;98;2050;0;0;0;0;0;2177;734;1443;0;0;0;0;0;0;0;0;0
5100;99;2000;0;0;0;0;0;1189;220;969;0;0;0;0;0;0;0;0;0
5101;99;2001;0;0;0;0;0;1220;224;995;0;0;0;0;0;0;0;0;0
5102;99;2002;0;0;0;0;0;1273;231;1042;0;0;0;0;0;0;0;0;0
5103;99;2003;0;0;0;0;0;1339;235;1104;0;0;0;0;0;0;0;0;0
5104;99;2004;0;0;0;0;0;1400;235;1165;0;0;0;0;0;0;0;0;0
5105;99;2005;0;0;0;0;0;1480;244;1237;0;0;0;0;0;0;0;0;0
5106;99;2006;0;0;0;0;0;1558;252;1306;0;0;0;0;0;0;0;0;0
5107;99;2007;0;0;0;0;0;1641;269;1373;0;0;0;0;0;0;0;0;0
5108;99;2008;0;0;0;0;0;1723;284;1439;0;0;0;0;0;0;0;0;0
5109;99;2009;0;0;0;0;0;1797;299;1498;0;0;0;0;0;0;0;0;0
5110;99;2010;0;0;0;0;0;1849;317;1532;0;0;0;0;0;0;0;0;0
5111;99;2011;0;0;0;0;0;1928;337;1590;0;0;0;0;0;0;0;0;0
5112;99;2012;0;0;0;0;0;2021;362;1658;0;0;0;0;0;0;0;0;0
5113;99;2013;0;0;0;0;0;2108;388;1719;0;0;0;0;0;0;0;0;0
5114;99;2014;0;0;0;0;0;2140;399;1741;0;0;0;0;0;0;0;0;0
5115;99;2015;0;0;0;0;0;2171;412;1759;0;0;0;0;0;0;0;0;0
5116;99;2016;0;0;0;0;0;2205;428;1778;0;0;0;0;0;0;0;0;0
5117;99;2017;0;0;0;0;0;2214;437;1777;0;0;0;0;0;0;0;0;0
5118;99;2018;0;0;0;0;0;2247;454;1793;0;0;0;0;0;0;0;0;0
5119;99;2019;0;0;0;0;0;2412;503;1909;0;0;0;0;0;0;0;0;0
5120;99;2020;0;0;0;0;0;2554;544;2010;0;0;0;0;0;0;0;0;0
5121;99;2021;0;0;0;0;0;2637;573;2063;0;0;0;0;0;0;0;0;0
5122;99;2022;0;0;0;0;0;2714;600;2114;0;0;0;0;0;0;0;0;0
5123;99;2023;0;0;0;0;0;2761;619;2142;0;0;0;0;0;0;0;0;0
5124;99;2024;0;0;0;0;0;2773;630;2143;0;0;0;0;0;0;0;0;0
5125;99;2025;0;0;0;0;0;2778;645;2133;0;0;0;0;0;0;0;0;0
5126;99;2026;0;0;0;0;0;2785;663;2122;0;0;0;0;0;0;0;0;0
5127;99;2027;0;0;0;0;0;2817;683;2134;0;0;0;0;0;0;0;0;0
5128;99;2028;0;0;0;0;0;2845;701;2144;0;0;0;0;0;0;0;0;0
5129;99;2029;0;0;0;0;0;2895;727;2168;0;0;0;0;0;0;0;0;0
5130;99;2030;0;0;0;0;0;2923;744;2179;0;0;0;0;0;0;0;0;0
5131;99;2031;0;0;0;0;0;2956;766;2190;0;0;0;0;0;0;0;0;0
5132;99;2032;0;0;0;0;0;2955;775;2179;0;0;0;0;0;0;0;0;0
5133;99;2033;0;0;0;0;0;2963;789;2174;0;0;0;0;0;0;0;0;0
5134;99;2034;0;0;0;0;0;2975;804;2171;0;0;0;0;0;0;0;0;0
5135;99;2035;0;0;0;0;0;3002;823;2178;0;0;0;0;0;0;0;0;0
5136;99;2036;0;0;0;0;0;3029;838;2191;0;0;0;0;0;0;0;0;0
5137;99;2037;0;0;0;0;0;3098;868;2230;0;0;0;0;0;0;0;0;0
5138;99;2038;0;0;0;0;0;3182;900;2284;0;0;0;0;0;0;0;0;0
5139;99;2039;0;0;0;0;0;3270;932;2338;0;0;0;0;0;0;0;0;0
5140;99;2040;0;0;0;0;0;3308;953;2355;0;0;0;0;0;0;0;0;0
5141;99;2041;0;0;0;0;0;3371;979;2392;0;0;0;0;0;0;0;0;0
5142;99;2042;0;0;0;0;0;3511;1028;2481;0;0;0;0;0;0;0;0;0
5143;99;2043;0;0;0;0;0;3691;1086;2604;0;0;0;0;0;0;0;0;0
5144;99;2044;0;0;0;0;0;3757;1109;2648;0;0;0;0;0;0;0;0;0
5145;99;2045;0;0;0;0;0;4234;1265;2969;0;0;0;0;0;0;0;0;0
5146;99;2046;0;0;0;0;0;4621;1381;3240;0;0;0;0;0;0;0;0;0
5147;99;2047;0;0;0;0;0;4755;1419;3336;0;0;0;0;0;0;0;0;0
5148;99;2048;0;0;0;0;0;4768;1423;3345;0;0;0;0;0;0;0;0;0
5149;99;2049;0;0;0;0;0;4748;1414;3332;0;0;0;0;0;0;0;0;0
5150;99;2050;0;0;0;0;0;4715;1407;3308;0;0;0;0;0;0;0;0;0
5151;0-4 jaar;2000;0;0;0;0;0;1383;788;594;9521;4740;4781;4784;2434;2351;4737;2306;2430
5152;0-4 jaar;2001;0;0;0;0;0;1367;788;579;9589;4777;4812;4915;2503;2412;4674;2274;2400
5153;0-4 jaar;2002;0;0;0;0;0;1336;767;569;9641;4795;4846;4956;2529;2427;4685;2266;2419
5154;0-4 jaar;2003;0;0;0;0;0;1308;746;563;9642;4794;4848;4928;2511;2417;4714;2283;2431
5155;0-4 jaar;2004;0;0;0;0;0;1282;729;553;9625;4784;4841;4904;2495;2410;4721;2289;2431
5156;0-4 jaar;2005;0;0;0;0;0;1245;709;536;9584;4762;4822;4877;2480;2397;4707;2282;2425
5157;0-4 jaar;2006;0;0;0;0;0;1221;692;531;9535;4734;4801;4832;2457;2376;4703;2277;2425
5158;0-4 jaar;2007;0;0;0;0;0;1203;679;524;9493;4708;4785;4784;2430;2352;4709;2278;2433
5159;0-4 jaar;2008;0;0;0;0;0;1181;664;516;9458;4685;4773;4735;2405;2331;4723;2280;2442
5160;0-4 jaar;2009;0;0;0;0;0;1164;654;510;9438;4674;4764;4690;2383;2310;4748;2291;2454
5161;0-4 jaar;2010;0;0;0;0;0;1149;643;505;9436;4676;4760;4654;2360;2293;4782;2316;2467
5162;0-4 jaar;2011;0;0;0;0;0;1137;634;503;9446;4680;4766;4626;2346;2280;4820;2334;2486
5163;0-4 jaar;2012;0;0;0;0;0;1126;631;497;9453;4681;4772;4607;2337;2272;4846;2344;2500
5164;0-4 jaar;2013;0;0;0;0;0;1124;624;499;9447;4676;4771;4598;2331;2267;4849;2345;2504
5165;0-4 jaar;2014;0;0;0;0;0;1120;623;497;9453;4678;4775;4599;2330;2269;4854;2348;2506
5166;0-4 jaar;2015;0;0;0;0;0;1121;622;498;9446;4678;4768;4604;2333;2273;4842;2345;2495
5167;0-4 jaar;2016;0;0;0;0;0;1121;621;501;9443;4669;4774;4619;2339;2279;4824;2330;2495
5168;0-4 jaar;2017;0;0;0;0;0;1127;625;502;9440;4668;4772;4637;2348;2290;4803;2320;2482
5169;0-4 jaar;2018;0;0;0;0;0;1133;631;502;9433;4661;4772;4659;2358;2301;4774;2303;2471
5170;0-4 jaar;2019;0;0;0;0;0;1132;629;503;9435;4660;4775;4684;2372;2313;4751;2288;2462
5171;0-4 jaar;2020;0;0;0;0;0;1136;630;508;9434;4663;4771;4712;2384;2328;4722;2279;2443
5172;0-4 jaar;2021;0;0;0;0;0;1136;627;508;9434;4663;4771;4741;2400;2342;4693;2263;2429
5173;0-4 jaar;2022;0;0;0;0;0;1143;630;513;9434;4663;4771;4768;2413;2355;4666;2250;2416
5174;0-4 jaar;2023;0;0;0;0;0;1141;629;514;9434;4663;4771;4795;2426;2368;4639;2237;2403
5175;0-4 jaar;2024;0;0;0;0;0;1144;627;517;9434;4663;4771;4820;2439;2380;4614;2224;2391
5176;0-4 jaar;2025;0;0;0;0;0;1143;626;516;9434;4663;4771;4843;2451;2390;4591;2212;2381
5177;0-4 jaar;2026;0;0;0;0;0;1147;633;515;9434;4663;4771;4864;2463;2402;4570;2200;2369
5178;0-4 jaar;2027;0;0;0;0;0;1148;632;516;9434;4663;4771;4882;2472;2411;4552;2191;2360
5179;0-4 jaar;2028;0;0;0;0;0;1146;628;518;9434;4663;4771;4901;2480;2419;4533;2183;2352
5180;0-4 jaar;2029;0;0;0;0;0;1147;633;515;9434;4663;4771;4916;2488;2426;4518;2175;2345
5181;0-4 jaar;2030;0;0;0;0;0;1146;632;515;9434;4663;4771;4930;2496;2434;4504;2167;2337
5182;0-4 jaar;2031;0;0;0;0;0;1144;630;513;9434;4663;4771;4941;2502;2439;4493;2161;2332
5183;0-4 jaar;2032;0;0;0;0;0;1146;631;514;9434;4663;4771;4949;2506;2443;4485;2157;2328
5184;0-4 jaar;2033;0;0;0;0;0;1146;627;516;9434;4663;4771;4957;2510;2446;4477;2153;2325
5185;0-4 jaar;2034;0;0;0;0;0;1141;625;514;9434;4663;4771;4957;2511;2448;4477;2152;2323
5186;0-4 jaar;2035;0;0;0;0;0;1130;618;510;9434;4663;4771;4959;2511;2446;4475;2152;2325
5187;0-4 jaar;2036;0;0;0;0;0;1123;614;507;9434;4663;4771;4955;2509;2446;4479;2154;2325
5188;0-4 jaar;2037;0;0;0;0;0;1120;614;504;9434;4663;4771;4948;2505;2442;4486;2158;2329
5189;0-4 jaar;2038;0;0;0;0;0;1108;607;500;9434;4663;4771;4939;2501;2438;4495;2162;2333
5190;0-4 jaar;2039;0;0;0;0;0;1101;605;495;9434;4663;4771;4928;2496;2432;4506;2167;2339
5191;0-4 jaar;2040;0;0;0;0;0;1104;603;500;9434;4663;4771;4917;2490;2427;4517;2173;2344
5192;0-4 jaar;2041;0;0;0;0;0;1096;600;496;9434;4663;4771;4906;2484;2422;4528;2179;2349
5193;0-4 jaar;2042;0;0;0;0;0;1092;599;492;9434;4663;4771;4897;2479;2417;4537;2184;2354
5194;0-4 jaar;2043;0;0;0;0;0;1087;597;489;9434;4663;4771;4890;2476;2415;4544;2187;2356
5195;0-4 jaar;2044;0;0;0;0;0;1081;593;488;9434;4663;4771;4884;2472;2411;4550;2191;2360
5196;0-4 jaar;2045;0;0;0;0;0;1079;594;485;9434;4663;4771;4881;2471;2410;4553;2192;2361
5197;0-4 jaar;2046;0;0;0;0;0;1078;591;487;9434;4663;4771;4882;2472;2410;4552;2191;2361
5198;0-4 jaar;2047;0;0;0;0;0;1075;588;488;9434;4663;4771;4887;2475;2411;4547;2188;2360
5199;0-4 jaar;2048;0;0;0;0;0;1077;590;487;9434;4663;4771;4892;2478;2415;4542;2185;2356
5200;0-4 jaar;2049;0;0;0;0;0;1079;588;490;9434;4663;4771;4903;2482;2421;4531;2181;2350
5201;0-4 jaar;2050;0;0;0;0;0;1078;588;490;9434;4663;4771;4913;2488;2425;4521;2175;2346
5202;5-9 jaar;2000;0;0;0;0;0;144;87;57;9462;4768;4694;5250;2710;2541;4212;2058;2153
5203;5-9 jaar;2001;0;0;0;0;0;148;89;59;9534;4808;4726;5378;2769;2610;4156;2039;2116
5204;5-9 jaar;2002;0;0;0;0;0;139;84;56;9582;4828;4754;5506;2820;2684;4076;2008;2070
5205;5-9 jaar;2003;0;0;0;0;0;139;86;53;9599;4837;4762;5657;2894;2762;3942;1943;2000
5206;5-9 jaar;2004;0;0;0;0;0;128;76;52;9599;4838;4761;5755;2944;2811;3844;1894;1950
5207;5-9 jaar;2005;0;0;0;0;0;139;84;55;9562;4817;4745;5830;2978;2852;3732;1839;1893
5208;5-9 jaar;2006;0;0;0;0;0;137;85;53;9524;4795;4729;5872;2996;2876;3652;1799;1853
5209;5-9 jaar;2007;0;0;0;0;0;134;80;55;9492;4775;4717;5885;3003;2882;3607;1772;1835
5210;5-9 jaar;2008;0;0;0;0;0;136;82;55;9463;4758;4705;5859;2986;2874;3604;1772;1831
5211;5-9 jaar;2009;0;0;0;0;0;126;75;51;9459;4755;4704;5837;2972;2864;3622;1783;1840
5212;5-9 jaar;2010;0;0;0;0;0;138;80;59;9450;4759;4691;5800;2952;2848;3650;1807;1843
5213;5-9 jaar;2011;0;0;0;0;0;129;72;57;9458;4763;4695;5757;2929;2829;3701;1834;1866
5214;5-9 jaar;2012;0;0;0;0;0;128;75;53;9462;4767;4695;5712;2905;2808;3750;1862;1887
5215;5-9 jaar;2013;0;0;0;0;0;122;71;52;9457;4765;4692;5672;2883;2789;3785;1882;1903
5216;5-9 jaar;2014;0;0;0;0;0;126;71;55;9458;4766;4692;5636;2863;2774;3822;1903;1918
5217;5-9 jaar;2015;0;0;0;0;0;122;70;53;9450;4761;4689;5605;2847;2758;3845;1914;1931
5218;5-9 jaar;2016;0;0;0;0;0;122;70;52;9442;4759;4683;5584;2834;2750;3858;1925;1933
5219;5-9 jaar;2017;0;0;0;0;0;126;74;51;9443;4761;4682;5569;2826;2744;3874;1935;1938
5220;5-9 jaar;2018;0;0;0;0;0;123;68;55;9436;4755;4681;5562;2820;2741;3874;1935;1940
5221;5-9 jaar;2019;0;0;0;0;0;123;69;54;9442;4757;4685;5561;2820;2743;3881;1937;1942
5222;5-9 jaar;2020;0;0;0;0;0;129;69;60;9441;4757;4684;5570;2822;2747;3871;1935;1937
5223;5-9 jaar;2021;0;0;0;0;0;120;69;51;9441;4757;4684;5581;2827;2752;3860;1930;1932
5224;5-9 jaar;2022;0;0;0;0;0;121;68;53;9441;4757;4684;5595;2835;2761;3846;1922;1923
5225;5-9 jaar;2023;0;0;0;0;0;121;69;53;9441;4757;4684;5613;2843;2770;3828;1914;1914
5226;5-9 jaar;2024;0;0;0;0;0;124;72;56;9441;4757;4684;5633;2855;2779;3808;1902;1905
5227;5-9 jaar;2025;0;0;0;0;0;128;69;59;9441;4757;4684;5654;2865;2790;3787;1892;1894
5228;5-9 jaar;2026;0;0;0;0;0;121;64;57;9441;4757;4684;5678;2877;2800;3763;1880;1884
5229;5-9 jaar;2027;0;0;0;0;0;117;62;55;9441;4757;4684;5699;2888;2812;3742;1869;1872
5230;5-9 jaar;2028;0;0;0;0;0;113;61;53;9441;4757;4684;5720;2899;2822;3721;1858;1862
5231;5-9 jaar;2029;0;0;0;0;0;118;66;52;9441;4757;4684;5741;2908;2832;3700;1849;1852
5232;5-9 jaar;2030;0;0;0;0;0;113;64;48;9441;4757;4684;5759;2918;2840;3682;1839;1844
5233;5-9 jaar;2031;0;0;0;0;0;116;68;48;9441;4757;4684;5775;2927;2847;3666;1830;1837
5234;5-9 jaar;2032;0;0;0;0;0;118;70;48;9441;4757;4684;5790;2935;2855;3651;1822;1829
5235;5-9 jaar;2033;0;0;0;0;0;115;69;46;9441;4757;4684;5803;2942;2862;3638;1815;1822
5236;5-9 jaar;2034;0;0;0;0;0;111;64;47;9441;4757;4684;5815;2948;2867;3626;1809;1817
5237;5-9 jaar;2035;0;0;0;0;0;116;64;51;9441;4757;4684;5825;2953;2872;3616;1804;1812
5238;5-9 jaar;2036;0;0;0;0;0;113;63;49;9441;4757;4684;5833;2957;2876;3608;1800;1808
5239;5-9 jaar;2037;0;0;0;0;0;111;61;48;9441;4757;4684;5840;2961;2878;3601;1796;1806
5240;5-9 jaar;2038;0;0;0;0;0;112;64;46;9441;4757;4684;5845;2963;2881;3596;1794;1803
5241;5-9 jaar;2039;0;0;0;0;0;109;63;44;9441;4757;4684;5845;2963;2881;3596;1794;1803
5242;5-9 jaar;2040;0;0;0;0;0;114;67;44;9441;4757;4684;5843;2964;2881;3598;1793;1803
5243;5-9 jaar;2041;0;0;0;0;0;109;64;44;9441;4757;4684;5839;2960;2878;3602;1797;1806
5244;5-9 jaar;2042;0;0;0;0;0;108;62;46;9441;4757;4684;5833;2958;2876;3608;1799;1808
5245;5-9 jaar;2043;0;0;0;0;0;108;61;47;9441;4757;4684;5824;2954;2871;3617;1803;1813
5246;5-9 jaar;2044;0;0;0;0;0;108;61;47;9441;4757;4684;5816;2950;2866;3625;1807;1818
5247;5-9 jaar;2045;0;0;0;0;0;112;63;49;9441;4757;4684;5805;2945;2862;3636;1812;1822
5248;5-9 jaar;2046;0;0;0;0;0;114;67;47;9441;4757;4684;5798;2940;2857;3643;1817;1827
5249;5-9 jaar;2047;0;0;0;0;0;119;69;50;9441;4757;4684;5789;2936;2852;3652;1821;1832
5250;5-9 jaar;2048;0;0;0;0;0;113;66;47;9441;4757;4684;5783;2933;2850;3658;1824;1834
5251;5-9 jaar;2049;0;0;0;0;0;113;65;48;9441;4757;4684;5781;2930;2848;3660;1827;1836
5252;5-9 jaar;2050;0;0;0;0;0;113;65;48;9441;4757;4684;5779;2932;2849;3662;1825;1835
5253;10-14 jaar;2000;0;0;0;0;0;154;84;70;7444;3795;3649;3527;1838;1690;3917;1957;1959
5254;10-14 jaar;2001;0;0;0;0;0;153;82;73;7431;3798;3633;3597;1867;1731;3834;1931;1902
5255;10-14 jaar;2002;0;0;0;0;0;155;81;75;7460;3808;3652;3644;1886;1757;3816;1922;1895
5256;10-14 jaar;2003;0;0;0;0;0;151;82;69;7467;3813;3654;3697;1906;1790;3770;1907;1864
5257;10-14 jaar;2004;0;0;0;0;0;149;78;71;7455;3809;3646;3728;1919;1808;3727;1890;1838
5258;10-14 jaar;2005;0;0;0;0;0;150;79;71;7431;3793;3638;3742;1921;1821;3689;1872;1817
5259;10-14 jaar;2006;0;0;0;0;0;146;75;70;7400;3773;3627;3782;1939;1842;3618;1834;1785
5260;10-14 jaar;2007;0;0;0;0;0;148;80;68;7374;3760;3614;3833;1959;1873;3541;1801;1741
5261;10-14 jaar;2008;0;0;0;0;0;150;78;71;7349;3743;3606;3897;1992;1906;3452;1751;1700
5262;10-14 jaar;2009;0;0;0;0;0;146;77;69;7337;3735;3602;3946;2015;1931;3391;1720;1671
5263;10-14 jaar;2010;0;0;0;0;0;144;77;67;7334;3745;3589;3986;2036;1953;3348;1709;1636
5264;10-14 jaar;2011;0;0;0;0;0;145;78;68;7335;3746;3589;4011;2045;1965;3324;1701;1624
5265;10-14 jaar;2012;0;0;0;0;0;148;76;72;7323;3743;3580;4017;2050;1968;3306;1693;1612
5266;10-14 jaar;2013;0;0;0;0;0;143;73;70;7320;3740;3580;4001;2041;1961;3319;1699;1619
5267;10-14 jaar;2014;0;0;0;0;0;138;71;67;7315;3739;3576;3982;2029;1954;3333;1710;1622
5268;10-14 jaar;2015;0;0;0;0;0;141;76;65;7302;3731;3571;3956;2016;1941;3346;1715;1630
5269;10-14 jaar;2016;0;0;0;0;0;136;71;64;7290;3723;3567;3928;2000;1927;3362;1723;1640
5270;10-14 jaar;2017;0;0;0;0;0;133;67;67;7283;3723;3560;3898;1985;1911;3385;1738;1649
5271;10-14 jaar;2018;0;0;0;0;0;134;69;66;7277;3722;3555;3869;1971;1899;3408;1751;1656
5272;10-14 jaar;2019;0;0;0;0;0;132;68;64;7273;3717;3556;3845;1959;1887;3428;1758;1669
5273;10-14 jaar;2020;0;0;0;0;0;128;66;62;7275;3719;3556;3824;1948;1877;3451;1771;1679
5274;10-14 jaar;2021;0;0;0;0;0;127;65;62;7275;3719;3556;3808;1939;1868;3467;1780;1688
5275;10-14 jaar;2022;0;0;0;0;0;128;69;59;7275;3719;3556;3797;1934;1864;3478;1785;1692
5276;10-14 jaar;2023;0;0;0;0;0;131;71;61;7275;3719;3556;3792;1931;1861;3483;1788;1695
5277;10-14 jaar;2024;0;0;0;0;0;130;71;59;7275;3719;3556;3790;1930;1860;3485;1789;1696
5278;10-14 jaar;2025;0;0;0;0;0;126;66;61;7275;3719;3556;3791;1930;1860;3484;1789;1696
5279;10-14 jaar;2026;0;0;0;0;0;127;63;64;7275;3719;3556;3796;1933;1863;3479;1786;1693
5280;10-14 jaar;2027;0;0;0;0;0;127;63;64;7275;3719;3556;3803;1937;1866;3472;1782;1690
5281;10-14 jaar;2028;0;0;0;0;0;122;59;63;7275;3719;3556;3813;1941;1870;3462;1778;1686
5282;10-14 jaar;2029;0;0;0;0;0;121;57;64;7275;3719;3556;3824;1947;1877;3451;1772;1679
5283;10-14 jaar;2030;0;0;0;0;0;125;61;65;7275;3719;3556;3835;1953;1881;3440;1766;1675
5284;10-14 jaar;2031;0;0;0;0;0;129;65;64;7275;3719;3556;3846;1959;1886;3429;1760;1670
5285;10-14 jaar;2032;0;0;0;0;0;125;62;63;7275;3719;3556;3859;1965;1892;3416;1754;1664
5286;10-14 jaar;2033;0;0;0;0;0;132;65;67;7275;3719;3556;3870;1970;1898;3405;1749;1658
5287;10-14 jaar;2034;0;0;0;0;0;126;63;63;7275;3719;3556;3880;1976;1903;3395;1743;1653
5288;10-14 jaar;2035;0;0;0;0;0;128;65;62;7275;3719;3556;3890;1982;1908;3385;1737;1648
5289;10-14 jaar;2036;0;0;0;0;0;129;63;67;7275;3719;3556;3898;1987;1911;3377;1732;1645
5290;10-14 jaar;2037;0;0;0;0;0;133;66;66;7275;3719;3556;3907;1990;1915;3368;1729;1641
5291;10-14 jaar;2038;0;0;0;0;0;128;65;64;7275;3719;3556;3913;1994;1919;3362;1725;1637
5292;10-14 jaar;2039;0;0;0;0;0;128;63;65;7275;3719;3556;3919;1998;1921;3356;1721;1635
5293;10-14 jaar;2040;0;0;0;0;0;129;65;65;7275;3719;3556;3924;1999;1925;3351;1720;1631
5294;10-14 jaar;2041;0;0;0;0;0;124;62;62;7275;3719;3556;3929;2003;1926;3346;1716;1630
5295;10-14 jaar;2042;0;0;0;0;0;127;64;62;7275;3719;3556;3932;2004;1928;3343;1715;1628
5296;10-14 jaar;2043;0;0;0;0;0;122;61;61;7275;3719;3556;3934;2005;1929;3341;1714;1627
5297;10-14 jaar;2044;0;0;0;0;0;119;62;56;7275;3719;3556;3935;2006;1929;3340;1713;1627
5298;10-14 jaar;2045;0;0;0;0;0;121;62;59;7275;3719;3556;3934;2006;1929;3341;1713;1627
5299;10-14 jaar;2046;0;0;0;0;0;116;61;54;7275;3719;3556;3931;2004;1928;3344;1715;1628
5300;10-14 jaar;2047;0;0;0;0;0;114;59;56;7275;3719;3556;3928;2002;1926;3347;1717;1630
5301;10-14 jaar;2048;0;0;0;0;0;114;59;56;7275;3719;3556;3922;1999;1922;3353;1720;1634
5302;10-14 jaar;2049;0;0;0;0;0;114;59;56;7275;3719;3556;3918;1998;1920;3357;1721;1636
5303;10-14 jaar;2050;0;0;0;0;0;113;59;55;7275;3719;3556;3913;1995;1918;3362;1724;1638
5304;15-19 jaar;2000;2120;1975;141;2;2;311;208;103;11219;5335;5884;3423;1836;1586;7796;3499;4298
5305;15-19 jaar;2001;2083;1933;147;1;2;301;198;103;10990;5284;5706;3502;1873;1630;7488;3411;4076
5306;15-19 jaar;2002;1995;1856;137;2;2;299;197;102;10970;5253;5717;3557;1891;1667;7413;3362;4050
5307;15-19 jaar;2003;1966;1823;138;3;2;304;198;107;10908;5211;5697;3616;1912;1705;7292;3299;3992
5308;15-19 jaar;2004;1962;1815;142;4;2;306;198;107;10826;5160;5666;3659;1926;1733;7167;3234;3933
5309;15-19 jaar;2005;1961;1808;146;5;2;305;197;107;10715;5091;5624;3706;1950;1756;7009;3141;3868
5310;15-19 jaar;2006;1938;1784;146;6;2;299;197;103;10603;5023;5580;3732;1960;1773;6871;3063;3807
5311;15-19 jaar;2007;1930;1773;148;7;2;304;196;108;10509;4964;5545;3754;1965;1788;6755;2999;3757
5312;15-19 jaar;2008;1941;1782;150;7;2;305;197;109;10414;4907;5507;3784;1974;1809;6630;2933;3698
5313;15-19 jaar;2009;1957;1795;153;7;2;297;194;103;10350;4861;5489;3807;1983;1824;6543;2878;3665
5314;15-19 jaar;2010;1940;1776;155;8;1;296;188;107;10303;4842;5461;3811;1979;1832;6492;2863;3629
5315;15-19 jaar;2011;1915;1752;153;8;1;293;190;103;10271;4821;5450;3830;1987;1844;6441;2834;3606
5316;15-19 jaar;2012;1893;1731;153;8;1;290;188;101;10233;4795;5438;3863;1997;1865;6370;2798;3573
5317;15-19 jaar;2013;1886;1722;153;9;1;286;180;104;10191;4770;5421;3904;2017;1889;6287;2753;3532
5318;15-19 jaar;2014;1862;1700;151;10;1;290;184;106;10156;4745;5411;3935;2029;1904;6221;2716;3507
5319;15-19 jaar;2015;1866;1704;151;10;1;288;185;104;10113;4719;5394;3964;2044;1922;6149;2675;3472
5320;15-19 jaar;2016;1899;1733;155;10;1;290;184;107;10074;4695;5379;3983;2050;1932;6091;2645;3447
5321;15-19 jaar;2017;1933;1763;157;11;1;288;181;108;10035;4669;5366;3988;2052;1934;6047;2617;3432
5322;15-19 jaar;2018;1950;1779;159;12;1;290;179;109;10000;4646;5354;3969;2044;1926;6031;2602;3428
5323;15-19 jaar;2019;1968;1793;163;12;1;288;184;103;9969;4624;5345;3952;2033;1919;6017;2591;3426
5324;15-19 jaar;2020;1958;1783;162;12;1;285;179;106;9941;4604;5337;3926;2019;1907;6015;2585;3430
5325;15-19 jaar;2021;1940;1765;161;12;2;279;174;105;9941;4604;5337;3897;2005;1894;6044;2599;3443
5326;15-19 jaar;2022;1914;1741;159;12;2;274;177;98;9941;4604;5337;3870;1989;1880;6071;2615;3457
5327;15-19 jaar;2023;1891;1721;157;11;2;270;172;98;9941;4604;5337;3844;1977;1868;6097;2627;3469
5328;15-19 jaar;2024;1866;1697;155;11;2;266;169;97;9941;4604;5337;3820;1966;1855;6121;2638;3482
5329;15-19 jaar;2025;1843;1677;153;11;2;267;168;99;9941;4604;5337;3800;1954;1846;6141;2650;3491
5330;15-19 jaar;2026;1827;1661;152;12;2;258;161;95;9941;4604;5337;3784;1947;1839;6157;2657;3498
5331;15-19 jaar;2027;1808;1643;151;12;2;259;162;97;9941;4604;5337;3772;1942;1833;6169;2662;3504
5332;15-19 jaar;2028;1797;1636;148;12;1;254;159;96;9941;4604;5337;3765;1936;1827;6176;2668;3510
5333;15-19 jaar;2029;1791;1630;148;12;1;247;156;93;9941;4604;5337;3760;1934;1826;6181;2670;3511
5334;15-19 jaar;2030;1788;1627;148;12;1;249;154;95;9941;4604;5337;3759;1935;1825;6182;2669;3512
5335;15-19 jaar;2031;1789;1628;148;12;1;248;155;93;9941;4604;5337;3762;1935;1827;6179;2669;3510
5336;15-19 jaar;2032;1792;1630;149;12;1;248;155;93;9941;4604;5337;3765;1937;1827;6176;2667;3510
5337;15-19 jaar;2033;1794;1632;149;12;1;246;156;89;9941;4604;5337;3771;1941;1830;6170;2663;3507
5338;15-19 jaar;2034;1802;1640;149;12;1;248;152;95;9941;4604;5337;3779;1945;1834;6162;2659;3503
5339;15-19 jaar;2035;1810;1648;149;12;1;245;152;92;9941;4604;5337;3787;1951;1837;6154;2653;3500
5340;15-19 jaar;2036;1821;1657;151;12;1;250;155;97;9941;4604;5337;3796;1955;1841;6145;2649;3496
5341;15-19 jaar;2037;1836;1671;152;12;1;252;155;98;9941;4604;5337;3805;1959;1847;6136;2645;3490
5342;15-19 jaar;2038;1850;1683;153;13;1;241;151;91;9941;4604;5337;3815;1965;1852;6126;2639;3485
5343;15-19 jaar;2039;1865;1696;155;13;1;243;154;90;9941;4604;5337;3822;1969;1853;6119;2635;3484
5344;15-19 jaar;2040;1873;1703;156;13;1;242;150;92;9941;4604;5337;3832;1974;1858;6109;2630;3479
5345;15-19 jaar;2041;1882;1712;156;13;1;240;147;91;9941;4604;5337;3839;1977;1861;6102;2627;3476
5346;15-19 jaar;2042;1890;1719;157;13;1;239;147;92;9941;4604;5337;3845;1980;1865;6096;2624;3472
5347;15-19 jaar;2043;1896;1724;157;13;1;234;144;89;9941;4604;5337;3851;1984;1867;6090;2620;3470
5348;15-19 jaar;2044;1902;1729;157;13;1;236;142;95;9941;4604;5337;3856;1987;1871;6085;2617;3466
5349;15-19 jaar;2045;1907;1734;158;14;1;233;145;89;9941;4604;5337;3862;1988;1871;6079;2616;3466
5350;15-19 jaar;2046;1911;1737;159;14;1;234;142;91;9941;4604;5337;3866;1991;1874;6075;2613;3463
5351;15-19 jaar;2047;1915;1741;159;14;1;234;142;91;9941;4604;5337;3868;1994;1875;6073;2610;3462
5352;15-19 jaar;2048;1917;1743;160;14;1;236;145;90;9941;4604;5337;3869;1994;1876;6072;2610;3461
5353;15-19 jaar;2049;1919;1745;160;14;1;234;143;90;9941;4604;5337;3872;1995;1877;6069;2609;3460
5354;15-19 jaar;2050;1918;1744;160;14;1;234;143;90;9941;4604;5337;3873;1995;1876;6068;2609;3461
5355;20-24 jaar;2000;16344;11988;3785;510;63;449;305;145;20051;8880;11171;7285;3858;3427;12766;5022;7744
5356;20-24 jaar;2001;16711;12315;3818;514;65;434;300;132;19920;8873;11047;7571;3989;3582;12349;4884;7465
5357;20-24 jaar;2002;16901;12494;3818;522;69;431;298;132;20008;8899;11109;7819;4119;3699;12189;4780;7410
5358;20-24 jaar;2003;16891;12542;3749;530;71;422;289;133;20021;8907;11114;8003;4211;3791;12018;4696;7323
5359;20-24 jaar;2004;16972;12619;3733;547;74;414;281;132;19997;8902;11095;8146;4287;3859;11851;4615;7236
5360;20-24 jaar;2005;16928;12610;3690;555;73;409;280;129;19913;8858;11055;8219;4318;3901;11694;4540;7154
5361;20-24 jaar;2006;16986;12681;3671;561;75;401;274;127;19823;8811;11012;8289;4348;3940;11534;4463;7072
5362;20-24 jaar;2007;17252;12887;3713;577;77;407;277;130;19741;8768;10973;8373;4381;3990;11368;4387;6983
5363;20-24 jaar;2008;17617;13148;3788;601;81;404;274;129;19672;8734;10938;8471;4426;4046;11201;4308;6892
5364;20-24 jaar;2009;17936;13381;3851;620;83;404;277;128;19638;8715;10923;8559;4463;4097;11079;4252;6826
5365;20-24 jaar;2010;18250;13613;3909;642;85;417;284;133;19608;8740;10868;8658;4516;4143;10950;4224;6725
5366;20-24 jaar;2011;18438;13760;3933;656;87;412;280;132;19597;8748;10849;8728;4552;4176;10869;4196;6673
5367;20-24 jaar;2012;18637;13905;3971;670;90;408;272;135;19576;8750;10826;8792;4581;4211;10784;4169;6615
5368;20-24 jaar;2013;18857;14056;4020;689;90;408;275;133;19549;8752;10797;8861;4612;4247;10688;4140;6550
5369;20-24 jaar;2014;19045;14182;4064;705;95;413;277;135;19514;8748;10766;8914;4639;4275;10600;4109;6491
5370;20-24 jaar;2015;19000;14144;4050;713;95;404;270;135;19472;8744;10728;8905;4626;4276;10567;4118;6452
5371;20-24 jaar;2016;18881;14053;4019;713;95;403;267;134;19444;8742;10702;8903;4625;4280;10541;4117;6422
5372;20-24 jaar;2017;18848;14027;4008;717;95;394;262;132;19405;8738;10667;8919;4625;4295;10486;4113;6372
5373;20-24 jaar;2018;18883;14060;4001;723;96;390;260;131;19382;8739;10643;8961;4646;4316;10421;4093;6327
5374;20-24 jaar;2019;18904;14092;3993;724;96;389;259;129;19363;8738;10625;8994;4663;4332;10369;4075;6293
5375;20-24 jaar;2020;19130;14265;4032;733;99;394;261;134;19352;8741;10611;9059;4696;4362;10293;4045;6249
5376;20-24 jaar;2021;19441;14488;4098;750;101;398;260;135;19352;8741;10611;9118;4729;4389;10234;4012;6222
5377;20-24 jaar;2022;19706;14675;4159;766;104;398;260;139;19352;8741;10611;9163;4758;4404;10189;3983;6207
5378;20-24 jaar;2023;19797;14731;4184;779;105;402;266;136;19352;8741;10611;9161;4759;4400;10191;3982;6211
5379;20-24 jaar;2024;19860;14763;4202;789;106;386;256;130;19352;8741;10611;9148;4752;4396;10204;3989;6215
5380;20-24 jaar;2025;19734;14662;4176;789;106;391;257;134;19352;8741;10611;9102;4728;4376;10250;4013;6235
5381;20-24 jaar;2026;19544;14516;4134;786;106;381;245;135;19352;8741;10611;9044;4695;4349;10308;4046;6262
5382;20-24 jaar;2027;19326;14353;4089;780;105;373;247;126;19352;8741;10611;8984;4662;4322;10368;4079;6289
5383;20-24 jaar;2028;19109;14191;4040;773;105;373;245;129;19352;8741;10611;8924;4630;4294;10428;4111;6317
5384;20-24 jaar;2029;18913;14044;3997;768;105;363;236;127;19352;8741;10611;8871;4600;4269;10481;4141;6342
5385;20-24 jaar;2030;18736;13913;3955;763;103;352;229;123;19352;8741;10611;8824;4576;4249;10528;4165;6362
5386;20-24 jaar;2031;18596;13809;3924;759;103;352;230;121;19352;8741;10611;8787;4557;4231;10565;4184;6380
5387;20-24 jaar;2032;18489;13733;3898;755;102;341;223;118;19352;8741;10611;8759;4541;4218;10593;4200;6393
5388;20-24 jaar;2033;18421;13685;3881;753;102;337;225;112;19352;8741;10611;8742;4532;4209;10610;4209;6402
5389;20-24 jaar;2034;18392;13663;3871;753;102;343;224;120;19352;8741;10611;8734;4529;4206;10618;4212;6405
5390;20-24 jaar;2035;18399;13668;3872;754;103;336;221;114;19352;8741;10611;8735;4529;4206;10617;4212;6405
5391;20-24 jaar;2036;18426;13689;3874;757;103;334;219;114;19352;8741;10611;8744;4535;4208;10608;4206;6403
5392;20-24 jaar;2037;18484;13734;3887;761;103;332;217;114;19352;8741;10611;8758;4544;4216;10594;4197;6395
5393;20-24 jaar;2038;18553;13785;3899;765;103;334;220;114;19352;8741;10611;8779;4554;4224;10573;4187;6387
5394;20-24 jaar;2039;18641;13851;3916;769;104;338;225;113;19352;8741;10611;8801;4567;4233;10551;4174;6378
5395;20-24 jaar;2040;18736;13918;3936;775;106;335;215;120;19352;8741;10611;8827;4582;4244;10525;4159;6367
5396;20-24 jaar;2041;18834;13993;3955;781;106;339;221;119;19352;8741;10611;8853;4599;4255;10499;4142;6356
5397;20-24 jaar;2042;18929;14065;3971;784;107;336;221;116;19352;8741;10611;8880;4613;4268;10472;4128;6343
5398;20-24 jaar;2043;19024;14137;3990;788;108;334;223;113;19352;8741;10611;8906;4628;4279;10446;4113;6332
5399;20-24 jaar;2044;19107;14198;4007;793;109;331;217;114;19352;8741;10611;8932;4643;4289;10420;4098;6322
5400;20-24 jaar;2045;19189;14258;4024;797;110;337;218;120;19352;8741;10611;8954;4655;4300;10398;4086;6311
5401;20-24 jaar;2046;19259;14310;4038;799;110;333;217;117;19352;8741;10611;8975;4667;4309;10377;4074;6302
5402;20-24 jaar;2047;19322;14356;4052;803;110;329;217;112;19352;8741;10611;8994;4678;4316;10358;4063;6295
5403;20-24 jaar;2048;19379;14398;4064;805;110;331;212;120;19352;8741;10611;9013;4687;4325;10339;4054;6286
5404;20-24 jaar;2049;19425;14432;4075;806;111;332;218;115;19352;8741;10611;9028;4696;4331;10324;4045;6280
5405;20-24 jaar;2050;19466;14462;4083;810;111;332;218;115;19352;8741;10611;9041;4704;4337;10311;4037;6274
5406;25-29 jaar;2000;54947;32393;17161;4241;1153;527;328;199;22401;11379;11022;12143;6461;5683;10258;4918;5339
5407;25-29 jaar;2001;52580;30951;16450;4081;1099;506;318;187;22480;11414;11066;12114;6408;5705;10366;5006;5361
5408;25-29 jaar;2002;50585;29760;15835;3934;1056;472;293;180;22599;11454;11145;12109;6366;5745;10490;5088;5400
5409;25-29 jaar;2003;49669;29216;15556;3859;1038;458;282;176;22660;11483;11177;12270;6424;5847;10390;5059;5330
5410;25-29 jaar;2004;49243;28949;15421;3847;1026;449;272;178;22683;11500;11183;12413;6471;5942;10270;5029;5241
5411;25-29 jaar;2005;49613;29109;15579;3898;1027;439;270;169;22649;11476;11173;12655;6577;6079;9994;4899;5094
5412;25-29 jaar;2006;50095;29325;15775;3959;1034;428;264;164;22605;11443;11162;12890;6683;6207;9715;4760;4955
5413;25-29 jaar;2007;50438;29448;15936;4011;1042;433;261;172;22559;11414;11145;13080;6783;6297;9479;4631;4848
5414;25-29 jaar;2008;50567;29456;16026;4040;1045;420;255;166;22525;11388;11137;13206;6845;6360;9319;4543;4777
5415;25-29 jaar;2009;50760;29513;16127;4073;1046;426;258;167;22514;11372;11142;13338;6912;6426;9176;4460;4716
5416;25-29 jaar;2010;50689;29461;16110;4078;1042;418;254;164;22507;11398;11109;13426;6947;6480;9081;4451;4629
5417;25-29 jaar;2011;50955;29640;16170;4104;1041;416;246;170;22493;11396;11097;13542;6996;6545;8951;4400;4552
5418;25-29 jaar;2012;51695;30061;16405;4176;1055;419;252;167;22476;11390;11086;13663;7052;6613;8813;4338;4473
5419;25-29 jaar;2013;52594;30548;16707;4268;1072;418;250;168;22449;11380;11069;13785;7105;6679;8664;4275;4390
5420;25-29 jaar;2014;53400;30984;16978;4347;1090;414;250;163;22415;11368;11047;13887;7150;6736;8528;4218;4311
5421;25-29 jaar;2015;54204;31433;17242;4425;1104;424;254;170;22376;11353;11023;14015;7223;6794;8361;4130;4229
5422;25-29 jaar;2016;54745;31747;17408;4478;1114;421;255;168;22345;11340;11005;14106;7267;6838;8239;4073;4167
5423;25-29 jaar;2017;55248;32019;17573;4533;1123;428;250;177;22307;11325;10982;14172;7296;6875;8135;4029;4107
5424;25-29 jaar;2018;55761;32285;17753;4588;1133;419;248;172;22277;11313;10964;14225;7320;6905;8052;3993;4059
5425;25-29 jaar;2019;56155;32475;17902;4635;1145;416;246;171;22264;11305;10959;14261;7338;6924;8003;3967;4035
5426;25-29 jaar;2020;55966;32343;17850;4630;1143;411;244;165;22254;11304;10950;14227;7311;6915;8027;3993;4035
5427;25-29 jaar;2021;55632;32145;17741;4611;1134;409;239;170;22254;11304;10950;14209;7305;6904;8045;3999;4046
5428;25-29 jaar;2022;55544;32095;17709;4609;1130;408;239;168;22254;11304;10950;14216;7305;6911;8038;3999;4039
5429;25-29 jaar;2023;55680;32192;17735;4622;1130;406;238;167;22254;11304;10950;14276;7340;6938;7978;3964;4012
5430;25-29 jaar;2024;55841;32315;17759;4637;1129;406;239;169;22254;11304;10950;14333;7371;6959;7921;3933;3991
5431;25-29 jaar;2025;56513;32722;17953;4698;1141;409;239;169;22254;11304;10950;14429;7426;7003;7825;3878;3947
5432;25-29 jaar;2026;57354;33195;18226;4774;1157;414;245;170;22254;11304;10950;14509;7469;7041;7745;3835;3909
5433;25-29 jaar;2027;57995;33533;18448;4840;1175;413;239;176;22254;11304;10950;14561;7502;7061;7693;3802;3889
5434;25-29 jaar;2028;58225;33646;18534;4866;1179;413;241;172;22254;11304;10950;14554;7500;7055;7700;3804;3895
5435;25-29 jaar;2029;58292;33646;18579;4883;1185;407;240;169;22254;11304;10950;14529;7484;7044;7725;3820;3906
5436;25-29 jaar;2030;57905;33408;18464;4856;1178;406;236;169;22254;11304;10950;14464;7451;7014;7790;3853;3936
5437;25-29 jaar;2031;57374;33095;18296;4817;1166;395;231;165;22254;11304;10950;14388;7409;6978;7866;3895;3972
5438;25-29 jaar;2032;56782;32750;18108;4771;1153;383;222;161;22254;11304;10950;14306;7366;6941;7948;3938;4009
5439;25-29 jaar;2033;56204;32416;17919;4726;1142;384;220;164;22254;11304;10950;14231;7325;6906;8023;3979;4044
5440;25-29 jaar;2034;55669;32110;17745;4684;1129;383;225;160;22254;11304;10950;14163;7288;6874;8091;4016;4076
5441;25-29 jaar;2035;55207;31850;17592;4645;1120;371;212;159;22254;11304;10950;14106;7259;6848;8148;4045;4102
5442;25-29 jaar;2036;54836;31641;17466;4618;1111;373;217;156;22254;11304;10950;14060;7235;6828;8194;4069;4122
5443;25-29 jaar;2037;54571;31492;17376;4596;1107;364;209;155;22254;11304;10950;14032;7219;6813;8222;4085;4137
5444;25-29 jaar;2038;54405;31405;17315;4585;1101;362;210;151;22254;11304;10950;14016;7211;6805;8238;4093;4145
5445;25-29 jaar;2039;54341;31371;17290;4581;1099;357;203;152;22254;11304;10950;14012;7209;6803;8242;4095;4147
5446;25-29 jaar;2040;54370;31392;17295;4586;1098;354;204;150;22254;11304;10950;14021;7213;6806;8233;4091;4144
5447;25-29 jaar;2041;54468;31448;17323;4596;1102;358;207;151;22254;11304;10950;14037;7222;6812;8217;4082;4138
5448;25-29 jaar;2042;54620;31538;17368;4610;1102;350;201;149;22254;11304;10950;14060;7237;6824;8194;4067;4126
5449;25-29 jaar;2043;54816;31651;17430;4627;1106;355;203;151;22254;11304;10950;14091;7253;6837;8163;4051;4113
5450;25-29 jaar;2044;55048;31781;17504;4651;1113;353;199;155;22254;11304;10950;14125;7272;6854;8129;4032;4096
5451;25-29 jaar;2045;55296;31918;17586;4673;1116;353;201;154;22254;11304;10950;14161;7293;6868;8093;4011;4082
5452;25-29 jaar;2046;55554;32060;17674;4697;1123;360;202;157;22254;11304;10950;14199;7314;6886;8055;3990;4064
5453;25-29 jaar;2047;55803;32193;17765;4717;1127;356;204;152;22254;11304;10950;14236;7336;6903;8018;3968;4047
5454;25-29 jaar;2048;56023;32300;17852;4736;1135;361;206;155;22254;11304;10950;14273;7355;6919;7981;3949;4031
5455;25-29 jaar;2049;56263;32436;17934;4754;1138;355;206;150;22254;11304;10950;14307;7373;6933;7947;3931;4017
5456;25-29 jaar;2050;56477;32557;18003;4774;1144;355;206;150;22254;11304;10950;14338;7390;6948;7916;3914;4002
5457;30-34 jaar;2000;88507;36473;36525;11472;4039;871;550;321;17988;9549;8439;12672;7347;5325;5316;2202;3114
5458;30-34 jaar;2001;89020;36561;37037;11364;4059;856;545;312;18103;9629;8474;12877;7387;5489;5226;2242;2985
5459;30-34 jaar;2002;88405;35950;37118;11277;4061;821;520;299;18213;9671;8542;12988;7397;5590;5225;2274;2952
5460;30-34 jaar;2003;85860;34453;36467;10937;4005;790;493;298;18265;9698;8567;12950;7318;5632;5315;2380;2935
5461;30-34 jaar;2004;82258;32698;35189;10507;3866;738;462;277;18304;9721;8583;12819;7188;5630;5485;2533;2953
5462;30-34 jaar;2005;78479;31017;33767;9985;3711;690;431;260;18297;9714;8583;12660;7055;5605;5637;2659;2978
5463;30-34 jaar;2006;75242;29641;32533;9503;3564;656;407;250;18284;9707;8577;12575;6976;5600;5709;2731;2977
5464;30-34 jaar;2007;72630;28607;31565;9015;3442;622;383;237;18264;9690;8574;12539;6922;5616;5725;2768;2958
5465;30-34 jaar;2008;71403;28073;31166;8771;3392;611;373;238;18250;9679;8571;12620;6943;5675;5630;2736;2896
5466;30-34 jaar;2009;70586;27677;31008;8534;3367;593;360;231;18254;9676;8578;12712;6969;5743;5542;2707;2835
5467;30-34 jaar;2010;70773;27683;31232;8475;3384;580;354;227;18259;9702;8557;12893;7047;5845;5366;2655;2712
5468;30-34 jaar;2011;71043;27727;31467;8442;3407;578;352;229;18265;9705;8560;13070;7128;5942;5195;2577;2618
5469;30-34 jaar;2012;70946;27564;31551;8404;3426;584;352;232;18263;9705;8558;13219;7204;6015;5044;2501;2543
5470;30-34 jaar;2013;70621;27348;31509;8331;3431;567;345;223;18251;9702;8549;13317;7250;6067;4934;2452;2482
5471;30-34 jaar;2014;70543;27275;31542;8281;3443;570;343;225;18240;9699;8541;13424;7301;6122;4816;2398;2419
5472;30-34 jaar;2015;70436;27248;31543;8208;3437;561;338;225;18216;9691;8525;13493;7327;6166;4723;2364;2359
5473;30-34 jaar;2016;70916;27464;31798;8203;3451;565;338;226;18209;9690;8519;13578;7360;6217;4631;2330;2302
5474;30-34 jaar;2017;71749;27754;32238;8261;3498;562;333;227;18194;9683;8511;13661;7397;6265;4533;2286;2246
5475;30-34 jaar;2018;72602;28014;32696;8337;3555;571;343;228;18183;9680;8503;13739;7429;6310;4444;2251;2193
5476;30-34 jaar;2019;73348;28248;33096;8400;3606;570;336;234;18180;9678;8502;13805;7454;6351;4375;2224;2151
5477;30-34 jaar;2020;74279;28596;33550;8472;3661;572;341;231;18175;9680;8495;13898;7506;6392;4277;2174;2103
5478;30-34 jaar;2021;74929;28850;33877;8508;3693;582;343;239;18175;9680;8495;13960;7544;6417;4215;2136;2078
5479;30-34 jaar;2022;75394;28989;34141;8540;3723;584;347;238;18175;9680;8495;14005;7570;6435;4170;2110;2060
5480;30-34 jaar;2023;75755;29073;34358;8566;3758;577;343;236;18175;9680;8495;14039;7589;6449;4136;2091;2046
5481;30-34 jaar;2024;75987;29123;34504;8576;3784;569;337;233;18175;9680;8495;14066;7607;6460;4109;2073;2035
5482;30-34 jaar;2025;75583;28945;34355;8511;3773;571;338;233;18175;9680;8495;14035;7589;6447;4140;2091;2048
5483;30-34 jaar;2026;75060;28734;34143;8430;3752;561;333;229;18175;9680;8495;14020;7582;6437;4155;2098;2058
5484;30-34 jaar;2027;74922;28699;34090;8388;3746;561;325;237;18175;9680;8495;14023;7580;6443;4152;2100;2052
5485;30-34 jaar;2028;75228;28865;34219;8389;3753;558;330;229;18175;9680;8495;14070;7607;6463;4105;2073;2032
5486;30-34 jaar;2029;75584;29045;34381;8395;3763;554;326;228;18175;9680;8495;14110;7633;6477;4065;2047;2018
5487;30-34 jaar;2030;76494;29418;34801;8469;3804;561;329;231;18175;9680;8495;14180;7673;6507;3995;2007;1988
5488;30-34 jaar;2031;77437;29761;35254;8560;3861;564;331;233;18175;9680;8495;14237;7706;6531;3938;1974;1964
5489;30-34 jaar;2032;78044;29959;35562;8622;3902;563;324;240;18175;9680;8495;14272;7730;6542;3903;1950;1953
5490;30-34 jaar;2033;78155;29974;35637;8626;3918;556;328;230;18175;9680;8495;14263;7727;6537;3912;1953;1958
5491;30-34 jaar;2034;77999;29878;35592;8605;3925;551;324;228;18175;9680;8495;14242;7714;6526;3933;1966;1969
5492;30-34 jaar;2035;77400;29642;35332;8526;3899;548;317;233;18175;9680;8495;14191;7685;6505;3984;1995;1990
5493;30-34 jaar;2036;76667;29363;35006;8433;3867;536;314;222;18175;9680;8495;14132;7653;6479;4043;2027;2016
5494;30-34 jaar;2037;75889;29072;34654;8334;3829;541;311;229;18175;9680;8495;14070;7617;6452;4105;2063;2043
5495;30-34 jaar;2038;75148;28799;34316;8241;3792;524;306;220;18175;9680;8495;14013;7586;6427;4162;2094;2068
5496;30-34 jaar;2039;74478;28556;34010;8154;3757;521;301;220;18175;9680;8495;13961;7556;6404;4214;2124;2091
5497;30-34 jaar;2040;73914;28357;33749;8080;3729;512;295;217;18175;9680;8495;13917;7533;6385;4258;2147;2110
5498;30-34 jaar;2041;73475;28208;33546;8018;3704;509;297;211;18175;9680;8495;13886;7515;6371;4289;2165;2124
5499;30-34 jaar;2042;73174;28110;33405;7971;3687;501;289;212;18175;9680;8495;13863;7502;6361;4312;2178;2134
5500;30-34 jaar;2043;73004;28064;33323;7941;3676;494;285;209;18175;9680;8495;13852;7496;6356;4323;2184;2139
5501;30-34 jaar;2044;72963;28065;33299;7927;3671;491;281;210;18175;9680;8495;13850;7496;6354;4325;2184;2141
5502;30-34 jaar;2045;73023;28104;33324;7923;3674;489;281;206;18175;9680;8495;13856;7500;6356;4319;2180;2139
5503;30-34 jaar;2046;73182;28182;33391;7930;3680;484;279;203;18175;9680;8495;13869;7509;6362;4306;2171;2133
5504;30-34 jaar;2047;73408;28281;33490;7947;3693;487;283;203;18175;9680;8495;13887;7519;6369;4288;2161;2126
5505;30-34 jaar;2048;73681;28399;33611;7969;3703;489;282;205;18175;9680;8495;13910;7532;6377;4265;2148;2118
5506;30-34 jaar;2049;74003;28534;33754;7997;3719;486;283;205;18175;9680;8495;13937;7548;6389;4238;2132;2106
5507;30-34 jaar;2050;74344;28677;33907;8026;3736;487;283;205;18175;9680;8495;13964;7564;6400;4211;2116;2095
5508;35-39 jaar;2000;38727;10111;15435;8518;4665;1306;767;540;11936;6535;5401;10170;6042;4129;1766;493;1272
5509;35-39 jaar;2001;39774;10447;16095;8527;4705;1285;761;525;12018;6597;5421;10393;6183;4210;1625;414;1211
5510;35-39 jaar;2002;40496;10736;16502;8524;4734;1252;733;519;12094;6636;5458;10549;6245;4305;1545;391;1153
5511;35-39 jaar;2003;41108;11014;16797;8542;4756;1232;716;516;12146;6668;5478;10715;6311;4404;1431;357;1074
5512;35-39 jaar;2004;42014;11350;17195;8649;4819;1204;698;507;12174;6689;5485;10855;6362;4491;1319;327;994
5513;35-39 jaar;2005;42458;11529;17361;8690;4877;1183;678;505;12179;6694;5485;11006;6407;4599;1173;287;886
5514;35-39 jaar;2006;42375;11557;17280;8640;4899;1161;669;491;12171;6690;5481;11109;6414;4694;1062;276;787
5515;35-39 jaar;2007;41825;11446;17007;8507;4867;1149;654;495;12169;6692;5477;11178;6414;4764;991;278;713
5516;35-39 jaar;2008;40438;11078;16385;8222;4753;1108;629;478;12173;6693;5480;11131;6342;4788;1042;351;692
5517;35-39 jaar;2009;38792;10637;15702;7874;4579;1054;593;462;12181;6699;5482;11036;6245;4791;1145;454;691
5518;35-39 jaar;2010;37218;10229;15047;7529;4415;983;550;432;12192;6719;5473;10919;6143;4775;1273;576;698
5519;35-39 jaar;2011;36030;9936;14569;7252;4272;948;527;422;12206;6731;5475;10850;6076;4774;1356;655;701
5520;35-39 jaar;2012;35225;9743;14262;7047;4175;902;503;399;12213;6736;5477;10820;6032;4787;1393;704;690
5521;35-39 jaar;2013;35006;9714;14184;6961;4146;880;489;390;12218;6744;5474;10871;6040;4833;1347;704;641
5522;35-39 jaar;2014;34964;9735;14173;6918;4138;857;475;383;12218;6745;5473;10933;6053;4881;1285;692;592
5523;35-39 jaar;2015;35319;9853;14335;6958;4174;864;475;390;12219;6750;5469;11059;6104;4955;1160;646;514
5524;35-39 jaar;2016;35530;9924;14416;6978;4210;851;466;384;12222;6754;5468;11182;6157;5025;1040;597;443
5525;35-39 jaar;2017;35428;9900;14359;6951;4217;843;462;381;12221;6758;5463;11282;6205;5078;939;553;385
5526;35-39 jaar;2018;35275;9864;14290;6913;4210;835;453;383;12219;6759;5460;11347;6232;5117;872;527;343
5527;35-39 jaar;2019;35344;9898;14319;6905;4223;839;453;384;12225;6764;5461;11419;6262;5158;806;502;303
5528;35-39 jaar;2020;35518;9969;14408;6907;4235;824;452;374;12238;6772;5466;11471;6276;5194;767;496;272
5529;35-39 jaar;2021;36000;10124;14619;6969;4286;834;450;383;12238;6772;5466;11528;6307;5222;710;465;244
5530;35-39 jaar;2022;36466;10269;14805;7043;4348;826;446;379;12238;6772;5466;11586;6340;5247;652;432;219
5531;35-39 jaar;2023;36872;10387;14957;7117;4410;833;447;387;12238;6772;5466;11641;6371;5271;597;401;195
5532;35-39 jaar;2024;37249;10501;15098;7184;4465;833;452;382;12238;6772;5466;11687;6396;5291;551;376;175
5533;35-39 jaar;2025;37800;10668;15327;7272;4530;838;446;392;12238;6772;5466;11752;6440;5312;486;332;154
5534;35-39 jaar;2026;38200;10792;15493;7332;4583;844;456;390;12238;6772;5466;11795;6468;5329;443;304;137
5535;35-39 jaar;2027;38396;10852;15558;7367;4619;843;452;390;12238;6772;5466;11828;6486;5339;410;286;127
5536;35-39 jaar;2028;38501;10882;15587;7389;4646;851;454;395;12238;6772;5466;11851;6501;5350;387;271;116
5537;35-39 jaar;2029;38594;10910;15615;7401;4665;848;453;394;12238;6772;5466;11870;6513;5357;368;259;109
5538;35-39 jaar;2030;38370;10852;15513;7356;4648;835;443;391;12238;6772;5466;11848;6500;5347;390;272;119
5539;35-39 jaar;2031;38118;10785;15411;7299;4624;823;440;385;12238;6772;5466;11836;6494;5340;402;278;126
5540;35-39 jaar;2032;38125;10795;15421;7286;4621;823;436;388;12238;6772;5466;11840;6494;5346;398;278;120
5541;35-39 jaar;2033;38411;10889;15555;7319;4649;812;434;380;12238;6772;5466;11873;6513;5360;365;259;106
5542;35-39 jaar;2034;38682;10975;15672;7356;4680;815;431;385;12238;6772;5466;11901;6531;5371;337;241;95
5543;35-39 jaar;2035;39199;11127;15888;7442;4742;816;431;384;12238;6772;5466;11954;6563;5392;284;209;74
5544;35-39 jaar;2036;39613;11246;16045;7520;4802;814;434;378;12238;6772;5466;11995;6586;5409;243;186;57
5545;35-39 jaar;2037;39832;11306;16117;7567;4842;829;436;392;12238;6772;5466;12022;6603;5418;216;169;48
5546;35-39 jaar;2038;39795;11294;16088;7566;4846;821;434;387;12238;6772;5466;12017;6603;5415;221;169;51
5547;35-39 jaar;2039;39624;11244;16004;7538;4838;828;438;389;12238;6772;5466;12003;6593;5409;235;179;57
5548;35-39 jaar;2040;39296;11154;15864;7475;4803;816;430;387;12238;6772;5466;11967;6573;5392;271;199;74
5549;35-39 jaar;2041;38917;11049;15707;7399;4760;798;425;373;12238;6772;5466;11925;6549;5375;313;223;91
5550;35-39 jaar;2042;38534;10944;15551;7321;4718;790;414;375;12238;6772;5466;11880;6524;5357;358;248;109
5551;35-39 jaar;2043;38177;10847;15407;7247;4676;766;407;358;12238;6772;5466;11841;6501;5340;397;271;126
5552;35-39 jaar;2044;37855;10758;15279;7181;4637;770;408;364;12238;6772;5466;11805;6480;5324;433;292;142
5553;35-39 jaar;2045;37594;10687;15175;7127;4605;756;395;360;12238;6772;5466;11774;6464;5310;464;308;156
5554;35-39 jaar;2046;37399;10637;15098;7084;4581;746;397;351;12238;6772;5466;11752;6451;5301;486;321;165
5555;35-39 jaar;2047;37271;10604;15047;7054;4564;743;390;352;12238;6772;5466;11738;6443;5294;500;329;172
5556;35-39 jaar;2048;37207;10589;15025;7035;4559;736;382;352;12238;6772;5466;11730;6440;5291;508;332;175
5557;35-39 jaar;2049;37197;10591;15022;7028;4557;726;384;343;12238;6772;5466;11729;6439;5290;509;333;176
5558;35-39 jaar;2050;37238;10605;15040;7033;4561;725;383;342;12238;6772;5466;11734;6443;5292;504;329;174
5559;40-44 jaar;2000;5737;1313;1893;1132;1401;1814;1047;766;7405;4148;3257;7163;4152;3013;242;-4;244
5560;40-44 jaar;2001;6096;1396;2029;1232;1440;1809;1054;754;7452;4184;3268;7360;4271;3091;92;-87;177
5561;40-44 jaar;2002;6344;1454;2113;1305;1473;1806;1044;762;7496;4208;3288;7555;4399;3156;-59;-191;132
5562;40-44 jaar;2003;6589;1514;2175;1390;1508;1791;1036;755;7525;4227;3298;7752;4523;3230;-227;-296;68
5563;40-44 jaar;2004;6824;1582;2234;1463;1546;1786;1025;760;7536;4241;3295;7957;4649;3307;-421;-408;-12
5564;40-44 jaar;2005;6938;1617;2253;1507;1561;1778;1016;761;7530;4239;3291;8072;4716;3354;-542;-477;-63
5565;40-44 jaar;2006;6968;1627;2249;1524;1568;1765;1010;757;7520;4238;3282;8192;4789;3402;-672;-551;-120
5566;40-44 jaar;2007;7022;1645;2250;1553;1575;1734;987;747;7512;4235;3277;8283;4823;3462;-771;-588;-185
5567;40-44 jaar;2008;7102;1670;2267;1585;1580;1716;970;747;7507;4234;3273;8382;4858;3525;-875;-624;-252
5568;40-44 jaar;2009;7321;1725;2325;1647;1622;1698;956;742;7513;4239;3274;8490;4898;3592;-977;-659;-318
5569;40-44 jaar;2010;7408;1744;2344;1677;1641;1679;942;737;7519;4252;3267;8606;4931;3674;-1087;-679;-407
5570;40-44 jaar;2011;7358;1731;2316;1673;1637;1666;929;736;7530;4257;3273;8687;4940;3747;-1157;-683;-474
5571;40-44 jaar;2012;7197;1699;2266;1623;1610;1638;907;731;7531;4262;3269;8750;4943;3806;-1219;-681;-537
5572;40-44 jaar;2013;6911;1624;2163;1573;1551;1583;874;708;7532;4263;3269;8723;4893;3828;-1191;-630;-559
5573;40-44 jaar;2014;6620;1553;2069;1502;1494;1504;826;679;7532;4268;3264;8657;4822;3834;-1125;-554;-570
5574;40-44 jaar;2015;6403;1497;1993;1467;1448;1423;775;648;7533;4272;3261;8567;4743;3824;-1034;-471;-563
5575;40-44 jaar;2016;6262;1460;1938;1452;1412;1356;742;616;7536;4274;3262;8505;4686;3819;-969;-412;-557
5576;40-44 jaar;2017;6209;1442;1915;1459;1394;1296;704;591;7534;4277;3257;8472;4646;3827;-938;-369;-570
5577;40-44 jaar;2018;6233;1446;1916;1481;1392;1263;685;579;7539;4281;3258;8499;4643;3854;-960;-362;-596
5578;40-44 jaar;2019;6273;1451;1924;1502;1395;1234;665;569;7547;4286;3261;8529;4645;3887;-982;-359;-626
5579;40-44 jaar;2020;6374;1473;1953;1536;1415;1237;666;572;7544;4286;3258;8611;4674;3937;-1067;-388;-679
5580;40-44 jaar;2021;6427;1480;1964;1558;1426;1223;655;568;7544;4286;3258;8687;4713;3973;-1143;-427;-715
5581;40-44 jaar;2022;6400;1468;1952;1560;1420;1223;654;571;7544;4286;3258;8744;4748;3996;-1200;-462;-738
5582;40-44 jaar;2023;6372;1459;1937;1560;1415;1217;651;565;7544;4286;3258;8780;4770;4010;-1236;-484;-752
5583;40-44 jaar;2024;6412;1465;1947;1577;1421;1202;641;562;7544;4286;3258;8824;4798;4026;-1280;-512;-768
5584;40-44 jaar;2025;6489;1483;1969;1603;1435;1195;638;558;7544;4286;3258;8854;4813;4042;-1310;-527;-784
5585;40-44 jaar;2026;6624;1514;2009;1643;1459;1195;639;557;7544;4286;3258;8895;4834;4060;-1351;-548;-802
5586;40-44 jaar;2027;6727;1535;2035;1674;1483;1194;631;563;7544;4286;3258;8936;4859;4077;-1392;-573;-819
5587;40-44 jaar;2028;6795;1547;2052;1696;1499;1203;635;568;7544;4286;3258;8976;4880;4096;-1432;-594;-838
5588;40-44 jaar;2029;6869;1561;2072;1720;1515;1215;642;572;7544;4286;3258;9009;4898;4109;-1465;-612;-851
5589;40-44 jaar;2030;6995;1591;2108;1756;1542;1226;651;576;7544;4286;3258;9054;4930;4124;-1510;-644;-866
5590;40-44 jaar;2031;7097;1610;2137;1789;1561;1224;646;576;7544;4286;3258;9086;4950;4136;-1542;-664;-878
5591;40-44 jaar;2032;7119;1612;2139;1799;1569;1228;646;582;7544;4286;3258;9107;4962;4146;-1563;-676;-888
5592;40-44 jaar;2033;7129;1612;2141;1805;1572;1226;642;585;7544;4286;3258;9122;4972;4150;-1578;-686;-892
5593;40-44 jaar;2034;7141;1611;2140;1811;1574;1236;652;585;7544;4286;3258;9138;4981;4157;-1594;-695;-899
5594;40-44 jaar;2035;7100;1601;2126;1807;1567;1216;640;577;7544;4286;3258;9123;4972;4151;-1579;-686;-893
5595;40-44 jaar;2036;7060;1591;2112;1800;1559;1201;629;572;7544;4286;3258;9115;4970;4147;-1571;-684;-889
5596;40-44 jaar;2037;7088;1596;2121;1810;1563;1191;625;566;7544;4286;3258;9121;4971;4151;-1577;-685;-893
5597;40-44 jaar;2038;7183;1617;2149;1836;1580;1186;623;562;7544;4286;3258;9146;4985;4162;-1602;-699;-904
5598;40-44 jaar;2039;7261;1634;2173;1861;1593;1182;620;562;7544;4286;3258;9168;4998;4168;-1624;-712;-910
5599;40-44 jaar;2040;7375;1657;2206;1891;1619;1188;622;568;7544;4286;3258;9207;5022;4186;-1663;-736;-928
5600;40-44 jaar;2041;7448;1673;2226;1911;1636;1196;628;568;7544;4286;3258;9240;5041;4198;-1696;-755;-940
5601;40-44 jaar;2042;7472;1678;2230;1921;1642;1205;629;575;7544;4286;3258;9260;5054;4206;-1716;-768;-948
5602;40-44 jaar;2043;7451;1667;2223;1920;1640;1199;631;567;7544;4286;3258;9258;5055;4204;-1714;-769;-946
5603;40-44 jaar;2044;7407;1656;2209;1909;1633;1196;625;572;7544;4286;3258;9250;5050;4201;-1706;-764;-943
5604;40-44 jaar;2045;7349;1644;2188;1899;1620;1180;618;562;7544;4286;3258;9227;5035;4190;-1683;-749;-932
5605;40-44 jaar;2046;7278;1628;2167;1882;1604;1162;610;552;7544;4286;3258;9198;5018;4180;-1654;-732;-922
5606;40-44 jaar;2047;7218;1612;2148;1867;1591;1153;601;551;7544;4286;3258;9168;5002;4166;-1624;-716;-908
5607;40-44 jaar;2048;7159;1598;2130;1853;1579;1128;585;542;7544;4286;3258;9142;4986;4156;-1598;-700;-898
5608;40-44 jaar;2049;7109;1585;2115;1843;1567;1121;587;531;7544;4286;3258;9116;4972;4145;-1572;-686;-887
5609;40-44 jaar;2050;7069;1577;2104;1832;1555;1107;580;527;7544;4286;3258;9095;4961;4137;-1551;-675;-879
5610;45-49 jaar;2000;208;29;30;33;116;2658;1528;1127;4973;2891;2082;4695;2680;2017;278;211;65
5611;45-49 jaar;2001;216;32;34;36;115;2647;1535;1112;5012;2917;2095;4910;2800;2109;102;117;-14
5612;45-49 jaar;2002;232;34;37;43;118;2616;1506;1109;5034;2930;2104;5080;2896;2184;-46;34;-80
5613;45-49 jaar;2003;245;39;39;44;122;2600;1485;1114;5039;2939;2100;5258;3005;2253;-219;-66;-153
5614;45-49 jaar;2004;259;41;43;49;126;2588;1472;1113;5042;2946;2096;5413;3099;2311;-371;-153;-215
5615;45-49 jaar;2005;270;42;48;53;128;2593;1474;1119;5029;2939;2090;5602;3222;2381;-573;-283;-291
5616;45-49 jaar;2006;282;45;49;56;132;2594;1467;1126;5011;2932;2079;5728;3297;2431;-717;-365;-352
5617;45-49 jaar;2007;285;47;47;57;133;2606;1470;1134;5001;2926;2075;5867;3387;2479;-866;-461;-404
5618;45-49 jaar;2008;298;49;48;62;137;2613;1468;1145;4979;2919;2060;6004;3470;2534;-1025;-551;-474
5619;45-49 jaar;2009;305;50;49;65;140;2632;1477;1155;4984;2920;2064;6155;3560;2596;-1171;-640;-532
5620;45-49 jaar;2010;303;50;47;65;139;2627;1473;1153;4979;2925;2054;6246;3611;2635;-1267;-686;-581
5621;45-49 jaar;2011;303;49;48;66;140;2612;1453;1160;4986;2930;2056;6344;3665;2680;-1358;-735;-624
5622;45-49 jaar;2012;301;51;46;65;140;2583;1435;1149;4985;2931;2054;6414;3689;2726;-1429;-758;-672
5623;45-49 jaar;2013;304;51;44;68;141;2552;1415;1136;4979;2929;2050;6494;3716;2776;-1515;-787;-726
5624;45-49 jaar;2014;319;55;45;69;148;2528;1397;1131;4976;2930;2046;6577;3747;2831;-1601;-817;-785
5625;45-49 jaar;2015;322;55;46;72;151;2504;1371;1131;4970;2928;2042;6664;3770;2893;-1694;-842;-851
5626;45-49 jaar;2016;315;54;43;70;148;2472;1347;1126;4967;2927;2040;6730;3779;2951;-1763;-852;-911
5627;45-49 jaar;2017;303;52;41;66;144;2443;1332;1109;4967;2928;2039;6783;3782;3001;-1816;-854;-962
5628;45-49 jaar;2018;284;50;38;63;134;2359;1277;1079;4965;2927;2038;6767;3744;3022;-1802;-817;-984
5629;45-49 jaar;2019;273;49;34;60;131;2254;1215;1039;4961;2925;2036;6714;3688;3026;-1753;-763;-990
5630;45-49 jaar;2020;266;47;33;58;129;2134;1146;988;4962;2928;2034;6639;3624;3017;-1677;-696;-983
5631;45-49 jaar;2021;260;46;31;57;126;2029;1085;943;4962;2928;2034;6579;3582;2995;-1617;-654;-961
5632;45-49 jaar;2022;257;45;31;59;124;1948;1042;906;4962;2928;2034;6540;3554;2986;-1578;-626;-952
5633;45-49 jaar;2023;260;46;31;59;126;1895;1013;882;4962;2928;2034;6545;3553;2991;-1583;-625;-957
5634;45-49 jaar;2024;259;45;30;60;125;1865;996;870;4962;2928;2034;6557;3557;3000;-1595;-629;-966
5635;45-49 jaar;2025;264;46;31;62;127;1860;991;869;4962;2928;2034;6604;3580;3025;-1642;-652;-991
5636;45-49 jaar;2026;264;46;28;62;129;1845;976;871;4962;2928;2034;6655;3606;3048;-1693;-678;-1014
5637;45-49 jaar;2027;257;45;28;61;124;1840;976;865;4962;2928;2034;6691;3629;3062;-1729;-701;-1028
5638;45-49 jaar;2028;257;46;27;60;124;1829;968;861;4962;2928;2034;6715;3645;3071;-1753;-717;-1037
5639;45-49 jaar;2029;259;47;27;61;125;1818;960;857;4962;2928;2034;6746;3664;3082;-1784;-736;-1048
5640;45-49 jaar;2030;261;46;26;63;126;1802;951;852;4962;2928;2034;6770;3677;3093;-1808;-749;-1059
5641;45-49 jaar;2031;270;46;27;64;132;1790;941;849;4962;2928;2034;6799;3693;3107;-1837;-765;-1073
5642;45-49 jaar;2032;269;48;24;65;133;1812;951;859;4962;2928;2034;6831;3711;3121;-1869;-783;-1087
5643;45-49 jaar;2033;270;47;24;66;134;1820;956;864;4962;2928;2034;6862;3728;3135;-1900;-800;-1101
5644;45-49 jaar;2034;272;47;23;66;135;1828;960;868;4962;2928;2034;6887;3743;3145;-1925;-815;-1111
5645;45-49 jaar;2035;277;48;24;67;138;1850;969;879;4962;2928;2034;6921;3765;3157;-1959;-837;-1123
5646;45-49 jaar;2036;279;48;23;68;140;1861;973;887;4962;2928;2034;6944;3779;3165;-1982;-851;-1131
5647;45-49 jaar;2037;276;49;23;69;138;1851;971;881;4962;2928;2034;6961;3789;3170;-1999;-861;-1136
5648;45-49 jaar;2038;274;48;21;68;138;1861;972;889;4962;2928;2034;6974;3797;3177;-2012;-869;-1143
5649;45-49 jaar;2039;275;49;21;68;139;1857;966;890;4962;2928;2034;6987;3806;3182;-2025;-878;-1148
5650;45-49 jaar;2040;271;48;19;67;137;1836;953;882;4962;2928;2034;6976;3800;3178;-2014;-872;-1144
5651;45-49 jaar;2041;270;48;18;67;137;1822;947;874;4962;2928;2034;6975;3798;3176;-2013;-870;-1142
5652;45-49 jaar;2042;268;48;17;66;136;1804;943;864;4962;2928;2034;6977;3799;3180;-2015;-871;-1146
5653;45-49 jaar;2043;271;49;18;67;137;1806;941;866;4962;2928;2034;6999;3810;3190;-2037;-882;-1156
5654;45-49 jaar;2044;271;49;16;68;139;1807;939;867;4962;2928;2034;7017;3820;3195;-2055;-892;-1161
5655;45-49 jaar;2045;277;51;16;69;142;1808;944;865;4962;2928;2034;7046;3838;3209;-2084;-910;-1175
5656;45-49 jaar;2046;278;51;16;69;143;1825;947;877;4962;2928;2034;7073;3853;3219;-2111;-925;-1185
5657;45-49 jaar;2047;277;51;16;69;143;1835;957;878;4962;2928;2034;7090;3864;3225;-2128;-936;-1191
5658;45-49 jaar;2048;275;51;14;68;142;1832;954;877;4962;2928;2034;7090;3865;3224;-2128;-937;-1190
5659;45-49 jaar;2049;276;52;13;68;143;1816;946;871;4962;2928;2034;7086;3862;3223;-2124;-934;-1189
5660;45-49 jaar;2050;268;50;11;67;141;1798;935;861;4962;2928;2034;7070;3854;3216;-2108;-926;-1182
5661;50-54 jaar;2000;0;0;0;0;0;4414;2642;1772;3658;2120;1538;3550;2079;1471;108;41;67
5662;50-54 jaar;2001;0;0;0;0;0;4200;2521;1678;3673;2133;1540;3563;2072;1490;110;61;50
5663;50-54 jaar;2002;0;0;0;0;0;4029;2405;1620;3688;2144;1544;3598;2082;1516;90;62;28
5664;50-54 jaar;2003;0;0;0;0;0;3907;2319;1589;3695;2151;1544;3656;2106;1549;39;45;-5
5665;50-54 jaar;2004;0;0;0;0;0;3831;2260;1571;3693;2152;1541;3749;2154;1597;-56;-2;-56
5666;50-54 jaar;2005;0;0;0;0;0;3805;2231;1574;3678;2147;1531;3846;2202;1644;-168;-55;-113
5667;50-54 jaar;2006;0;0;0;0;0;3800;2225;1577;3665;2139;1526;3981;2277;1703;-316;-138;-177
5668;50-54 jaar;2007;0;0;0;0;0;3791;2207;1584;3653;2135;1518;4092;2341;1751;-439;-206;-233
5669;50-54 jaar;2008;0;0;0;0;0;3801;2203;1597;3641;2129;1512;4212;2412;1799;-571;-283;-287
5670;50-54 jaar;2009;0;0;0;0;0;3816;2206;1609;3635;2126;1509;4323;2481;1844;-688;-355;-335
5671;50-54 jaar;2010;0;0;0;0;0;3838;2210;1628;3635;2130;1505;4468;2571;1897;-833;-441;-392
5672;50-54 jaar;2011;0;0;0;0;0;3867;2225;1642;3635;2132;1503;4567;2627;1939;-932;-495;-436
5673;50-54 jaar;2012;0;0;0;0;0;3879;2222;1658;3634;2135;1499;4679;2698;1984;-1045;-563;-485
5674;50-54 jaar;2013;0;0;0;0;0;3899;2229;1673;3634;2134;1500;4791;2761;2030;-1157;-627;-530
5675;50-54 jaar;2014;0;0;0;0;0;3922;2234;1688;3632;2136;1496;4914;2829;2084;-1282;-693;-588
5676;50-54 jaar;2015;0;0;0;0;0;3919;2231;1687;3631;2135;1496;4991;2870;2120;-1360;-735;-624
5677;50-54 jaar;2016;0;0;0;0;0;3891;2210;1682;3632;2134;1498;5069;2911;2157;-1437;-777;-659
5678;50-54 jaar;2017;0;0;0;0;0;3857;2188;1669;3624;2132;1492;5118;2926;2192;-1494;-794;-700
5679;50-54 jaar;2018;0;0;0;0;0;3814;2151;1662;3624;2132;1492;5178;2944;2235;-1554;-812;-743
5680;50-54 jaar;2019;0;0;0;0;0;3771;2126;1647;3626;2134;1492;5245;2965;2280;-1619;-831;-788
5681;50-54 jaar;2020;0;0;0;0;0;3755;2107;1647;3628;2133;1495;5315;2984;2332;-1687;-851;-837
5682;50-54 jaar;2021;0;0;0;0;0;3719;2082;1637;3628;2133;1495;5364;2996;2367;-1736;-863;-872
5683;50-54 jaar;2022;0;0;0;0;0;3649;2036;1612;3628;2133;1495;5400;3002;2397;-1772;-869;-902
5684;50-54 jaar;2023;0;0;0;0;0;3540;1962;1578;3628;2133;1495;5381;2979;2403;-1753;-846;-908
5685;50-54 jaar;2024;0;0;0;0;0;3378;1869;1509;3628;2133;1495;5332;2936;2395;-1704;-803;-900
5686;50-54 jaar;2025;0;0;0;0;0;3203;1767;1437;3628;2133;1495;5262;2887;2375;-1634;-754;-880
5687;50-54 jaar;2026;0;0;0;0;0;3054;1684;1370;3628;2133;1495;5205;2849;2354;-1577;-716;-859
5688;50-54 jaar;2027;0;0;0;0;0;2921;1607;1313;3628;2133;1495;5169;2824;2345;-1541;-691;-850
5689;50-54 jaar;2028;0;0;0;0;0;2846;1568;1278;3628;2133;1495;5166;2819;2347;-1538;-686;-852
5690;50-54 jaar;2029;0;0;0;0;0;2804;1534;1270;3628;2133;1495;5172;2817;2352;-1544;-684;-857
5691;50-54 jaar;2030;0;0;0;0;0;2799;1534;1266;3628;2133;1495;5205;2835;2369;-1577;-702;-874
5692;50-54 jaar;2031;0;0;0;0;0;2790;1518;1271;3628;2133;1495;5240;2854;2386;-1612;-721;-891
5693;50-54 jaar;2032;0;0;0;0;0;2780;1518;1260;3628;2133;1495;5265;2871;2394;-1637;-738;-899
5694;50-54 jaar;2033;0;0;0;0;0;2747;1498;1248;3628;2133;1495;5281;2882;2400;-1653;-749;-905
5695;50-54 jaar;2034;0;0;0;0;0;2739;1495;1245;3628;2133;1495;5302;2895;2408;-1674;-762;-913
5696;50-54 jaar;2035;0;0;0;0;0;2711;1474;1237;3628;2133;1495;5319;2903;2417;-1691;-770;-922
5697;50-54 jaar;2036;0;0;0;0;0;2708;1472;1237;3628;2133;1495;5344;2917;2427;-1716;-784;-932
5698;50-54 jaar;2037;0;0;0;0;0;2728;1484;1244;3628;2133;1495;5372;2932;2440;-1744;-799;-945
5699;50-54 jaar;2038;0;0;0;0;0;2754;1490;1264;3628;2133;1495;5396;2947;2450;-1768;-814;-955
5700;50-54 jaar;2039;0;0;0;0;0;2758;1493;1265;3628;2133;1495;5418;2960;2457;-1790;-827;-962
5701;50-54 jaar;2040;0;0;0;0;0;2786;1506;1280;3628;2133;1495;5445;2978;2468;-1817;-845;-973
5702;50-54 jaar;2041;0;0;0;0;0;2799;1513;1285;3628;2133;1495;5464;2990;2475;-1836;-857;-980
5703;50-54 jaar;2042;0;0;0;0;0;2806;1519;1286;3628;2133;1495;5480;2998;2480;-1852;-865;-985
5704;50-54 jaar;2043;0;0;0;0;0;2811;1520;1292;3628;2133;1495;5492;3007;2485;-1864;-874;-990
5705;50-54 jaar;2044;0;0;0;0;0;2815;1526;1290;3628;2133;1495;5503;3013;2489;-1875;-880;-994
5706;50-54 jaar;2045;0;0;0;0;0;2789;1508;1281;3628;2133;1495;5496;3009;2486;-1868;-876;-991
5707;50-54 jaar;2046;0;0;0;0;0;2749;1488;1263;3628;2133;1495;5495;3010;2485;-1867;-877;-990
5708;50-54 jaar;2047;0;0;0;0;0;2732;1477;1255;3628;2133;1495;5499;3010;2489;-1871;-877;-994
5709;50-54 jaar;2048;0;0;0;0;0;2724;1473;1251;3628;2133;1495;5515;3020;2497;-1887;-887;-1002
5710;50-54 jaar;2049;0;0;0;0;0;2722;1468;1254;3628;2133;1495;5531;3027;2503;-1903;-894;-1008
5711;50-54 jaar;2050;0;0;0;0;0;2743;1481;1263;3628;2133;1495;5558;3043;2514;-1930;-910;-1019
5712;55-59 jaar;2000;0;0;0;0;0;5342;3337;2006;2448;1451;997;2189;1303;885;259;148;112
5713;55-59 jaar;2001;0;0;0;0;0;5732;3594;2138;2448;1456;992;2382;1412;969;66;44;23
5714;55-59 jaar;2002;0;0;0;0;0;6032;3765;2267;2461;1465;996;2540;1495;1043;-79;-30;-47
5715;55-59 jaar;2003;0;0;0;0;0;6211;3851;2359;2457;1465;992;2666;1557;1108;-209;-92;-116
5716;55-59 jaar;2004;0;0;0;0;0;6311;3899;2413;2458;1466;992;2745;1595;1148;-287;-129;-156
5717;55-59 jaar;2005;0;0;0;0;0;6500;4003;2498;2445;1462;983;2820;1635;1185;-375;-173;-202
5718;55-59 jaar;2006;0;0;0;0;0;6211;3809;2402;2432;1456;976;2809;1619;1190;-377;-163;-214
5719;55-59 jaar;2007;0;0;0;0;0;6011;3676;2336;2418;1449;969;2828;1623;1205;-410;-174;-236
5720;55-59 jaar;2008;0;0;0;0;0;5881;3581;2299;2415;1448;967;2862;1635;1227;-447;-187;-260
5721;55-59 jaar;2009;0;0;0;0;0;5822;3527;2295;2408;1444;964;2922;1662;1261;-514;-218;-297
5722;55-59 jaar;2010;0;0;0;0;0;5807;3503;2304;2409;1445;964;2986;1693;1293;-577;-248;-329
5723;55-59 jaar;2011;0;0;0;0;0;5815;3500;2315;2408;1446;962;3078;1743;1336;-670;-297;-374
5724;55-59 jaar;2012;0;0;0;0;0;5806;3481;2325;2411;1450;961;3154;1785;1369;-743;-335;-408
5725;55-59 jaar;2013;0;0;0;0;0;5826;3481;2345;2413;1452;961;3238;1833;1405;-825;-381;-444
5726;55-59 jaar;2014;0;0;0;0;0;5860;3488;2371;2407;1448;959;3321;1881;1439;-914;-433;-480
5727;55-59 jaar;2015;0;0;0;0;0;5895;3505;2389;2410;1450;960;3424;1943;1482;-1014;-493;-522
5728;55-59 jaar;2016;0;0;0;0;0;5937;3515;2423;2407;1449;958;3500;1984;1515;-1093;-535;-557
5729;55-59 jaar;2017;0;0;0;0;0;5967;3529;2438;2406;1450;956;3587;2036;1551;-1181;-586;-595
5730;55-59 jaar;2018;0;0;0;0;0;6007;3545;2461;2404;1448;956;3671;2081;1590;-1267;-633;-634
5731;55-59 jaar;2019;0;0;0;0;0;6033;3556;2478;2403;1446;957;3763;2130;1634;-1360;-684;-677
5732;55-59 jaar;2020;0;0;0;0;0;6043;3563;2481;2404;1447;957;3824;2160;1665;-1420;-713;-708
5733;55-59 jaar;2021;0;0;0;0;0;6001;3531;2471;2404;1447;957;3881;2192;1690;-1477;-745;-733
5734;55-59 jaar;2022;0;0;0;0;0;5956;3496;2461;2404;1447;957;3916;2206;1708;-1512;-759;-751
5735;55-59 jaar;2023;0;0;0;0;0;5886;3445;2440;2404;1447;957;3957;2226;1732;-1553;-779;-775
5736;55-59 jaar;2024;0;0;0;0;0;5827;3406;2421;2404;1447;957;4006;2245;1760;-1602;-798;-803
5737;55-59 jaar;2025;0;0;0;0;0;5790;3368;2421;2404;1447;957;4055;2265;1789;-1651;-818;-832
5738;55-59 jaar;2026;0;0;0;0;0;5737;3337;2401;2404;1447;957;4090;2274;1817;-1686;-827;-860
5739;55-59 jaar;2027;0;0;0;0;0;5655;3279;2376;2404;1447;957;4115;2277;1839;-1711;-830;-882
5740;55-59 jaar;2028;0;0;0;0;0;5484;3174;2309;2404;1447;957;4098;2257;1842;-1694;-810;-885
5741;55-59 jaar;2029;0;0;0;0;0;5229;3016;2212;2404;1447;957;4055;2221;1834;-1651;-774;-877
5742;55-59 jaar;2030;0;0;0;0;0;4968;2859;2108;2404;1447;957;3997;2179;1816;-1593;-732;-859
5743;55-59 jaar;2031;0;0;0;0;0;4730;2721;2008;2404;1447;957;3945;2147;1799;-1541;-700;-842
5744;55-59 jaar;2032;0;0;0;0;0;4534;2606;1928;2404;1447;957;3914;2124;1790;-1510;-677;-833
5745;55-59 jaar;2033;0;0;0;0;0;4424;2540;1885;2404;1447;957;3907;2118;1789;-1503;-671;-832
5746;55-59 jaar;2034;0;0;0;0;0;4356;2494;1862;2404;1447;957;3906;2115;1792;-1502;-668;-835
5747;55-59 jaar;2035;0;0;0;0;0;4339;2486;1852;2404;1447;957;3928;2126;1802;-1524;-679;-845
5748;55-59 jaar;2036;0;0;0;0;0;4321;2467;1853;2404;1447;957;3952;2137;1814;-1548;-690;-857
5749;55-59 jaar;2037;0;0;0;0;0;4303;2457;1845;2404;1447;957;3966;2148;1817;-1562;-701;-860
5750;55-59 jaar;2038;0;0;0;0;0;4276;2437;1838;2404;1447;957;3974;2154;1821;-1570;-707;-864
5751;55-59 jaar;2039;0;0;0;0;0;4259;2431;1829;2404;1447;957;3988;2163;1827;-1584;-716;-870
5752;55-59 jaar;2040;0;0;0;0;0;4219;2404;1815;2404;1447;957;4000;2168;1831;-1596;-721;-874
5753;55-59 jaar;2041;0;0;0;0;0;4212;2398;1813;2404;1447;957;4019;2179;1841;-1615;-732;-884
5754;55-59 jaar;2042;0;0;0;0;0;4245;2419;1826;2404;1447;957;4041;2192;1849;-1637;-745;-892
5755;55-59 jaar;2043;0;0;0;0;0;4276;2437;1840;2404;1447;957;4061;2204;1857;-1657;-757;-900
5756;55-59 jaar;2044;0;0;0;0;0;4302;2449;1854;2404;1447;957;4078;2215;1864;-1674;-768;-907
5757;55-59 jaar;2045;0;0;0;0;0;4343;2468;1875;2404;1447;957;4099;2228;1871;-1695;-781;-914
5758;55-59 jaar;2046;0;0;0;0;0;4368;2486;1882;2404;1447;957;4117;2240;1876;-1713;-793;-919
5759;55-59 jaar;2047;0;0;0;0;0;4371;2484;1889;2404;1447;957;4128;2247;1881;-1724;-800;-924
5760;55-59 jaar;2048;0;0;0;0;0;4380;2492;1888;2404;1447;957;4138;2252;1884;-1734;-805;-927
5761;55-59 jaar;2049;0;0;0;0;0;4397;2494;1903;2404;1447;957;4147;2259;1888;-1743;-812;-931
5762;55-59 jaar;2050;0;0;0;0;0;4363;2474;1889;2404;1447;957;4143;2255;1887;-1739;-808;-930
5763;60-64 jaar;2000;0;0;0;0;0;7781;4992;2789;1497;904;593;1361;791;571;136;113;22
5764;60-64 jaar;2001;0;0;0;0;0;7780;5031;2752;1499;912;587;1409;817;592;90;95;-5
5765;60-64 jaar;2002;0;0;0;0;0;7838;5053;2783;1501;915;586;1468;850;617;33;65;-31
5766;60-64 jaar;2003;0;0;0;0;0;7891;5071;2820;1494;911;583;1522;884;639;-28;27;-56
5767;60-64 jaar;2004;0;0;0;0;0;7996;5126;2872;1491;910;581;1595;923;672;-104;-13;-91
5768;60-64 jaar;2005;0;0;0;0;0;8034;5139;2896;1484;907;577;1650;947;704;-166;-40;-127
5769;60-64 jaar;2006;0;0;0;0;0;8670;5527;3143;1478;905;573;1781;1021;759;-303;-116;-186
5770;60-64 jaar;2007;0;0;0;0;0;9228;5862;3365;1465;896;569;1889;1078;812;-424;-182;-243
5771;60-64 jaar;2008;0;0;0;0;0;9587;6070;3516;1456;893;563;1975;1121;854;-519;-228;-291
5772;60-64 jaar;2009;0;0;0;0;0;9825;6208;3618;1452;892;560;2026;1144;880;-574;-252;-320
5773;60-64 jaar;2010;0;0;0;0;0;10166;6410;3757;1454;894;560;2076;1170;905;-622;-276;-345
5774;60-64 jaar;2011;0;0;0;0;0;9757;6130;3625;1457;896;561;2067;1157;909;-610;-261;-348
5775;60-64 jaar;2012;0;0;0;0;0;9462;5924;3536;1454;895;559;2080;1160;920;-626;-265;-361
5776;60-64 jaar;2013;0;0;0;0;0;9282;5796;3488;1455;894;561;2103;1167;938;-648;-273;-377
5777;60-64 jaar;2014;0;0;0;0;0;9209;5733;3478;1452;894;558;2144;1184;960;-692;-290;-402
5778;60-64 jaar;2015;0;0;0;0;0;9170;5687;3484;1451;893;558;2186;1203;985;-735;-310;-427
5779;60-64 jaar;2016;0;0;0;0;0;9202;5690;3511;1448;892;556;2249;1234;1013;-801;-342;-457
5780;60-64 jaar;2017;0;0;0;0;0;9195;5672;3525;1447;892;555;2298;1260;1038;-851;-368;-483
5781;60-64 jaar;2018;0;0;0;0;0;9238;5683;3556;1445;891;554;2354;1289;1065;-909;-398;-511
5782;60-64 jaar;2019;0;0;0;0;0;9310;5711;3599;1442;889;553;2413;1323;1089;-971;-434;-536
5783;60-64 jaar;2020;0;0;0;0;0;9371;5745;3626;1441;887;554;2484;1362;1122;-1043;-475;-568
5784;60-64 jaar;2021;0;0;0;0;0;9444;5779;3664;1441;887;554;2538;1393;1144;-1097;-506;-590
5785;60-64 jaar;2022;0;0;0;0;0;9503;5802;3700;1441;887;554;2597;1428;1169;-1156;-541;-615
5786;60-64 jaar;2023;0;0;0;0;0;9564;5833;3732;1441;887;554;2659;1466;1193;-1218;-579;-639
5787;60-64 jaar;2024;0;0;0;0;0;9625;5867;3758;1441;887;554;2723;1501;1222;-1282;-614;-668
5788;60-64 jaar;2025;0;0;0;0;0;9637;5875;3765;1441;887;554;2769;1528;1240;-1328;-641;-686
5789;60-64 jaar;2026;0;0;0;0;0;9595;5841;3754;1441;887;554;2807;1549;1258;-1366;-662;-704
5790;60-64 jaar;2027;0;0;0;0;0;9508;5791;3717;1441;887;554;2831;1558;1272;-1390;-671;-718
5791;60-64 jaar;2028;0;0;0;0;0;9413;5712;3700;1441;887;554;2859;1570;1289;-1418;-683;-735
5792;60-64 jaar;2029;0;0;0;0;0;9338;5662;3676;1441;887;554;2893;1586;1307;-1452;-699;-753
5793;60-64 jaar;2030;0;0;0;0;0;9265;5602;3662;1441;887;554;2927;1599;1329;-1486;-712;-775
5794;60-64 jaar;2031;0;0;0;0;0;9199;5549;3650;1441;887;554;2953;1604;1349;-1512;-717;-795
5795;60-64 jaar;2032;0;0;0;0;0;9057;5457;3601;1441;887;554;2969;1605;1363;-1528;-718;-809
5796;60-64 jaar;2033;0;0;0;0;0;8801;5289;3511;1441;887;554;2954;1589;1364;-1513;-702;-810
5797;60-64 jaar;2034;0;0;0;0;0;8387;5041;3348;1441;887;554;2918;1562;1356;-1477;-675;-802
5798;60-64 jaar;2035;0;0;0;0;0;7966;4786;3180;1441;887;554;2873;1531;1343;-1432;-644;-789
5799;60-64 jaar;2036;0;0;0;0;0;7601;4555;3046;1441;887;554;2833;1506;1327;-1392;-619;-773
5800;60-64 jaar;2037;0;0;0;0;0;7293;4370;2924;1441;887;554;2805;1486;1319;-1364;-599;-765
5801;60-64 jaar;2038;0;0;0;0;0;7122;4264;2857;1441;887;554;2797;1480;1317;-1356;-593;-763
5802;60-64 jaar;2039;0;0;0;0;0;7002;4186;2815;1441;887;554;2795;1478;1317;-1354;-591;-763
5803;60-64 jaar;2040;0;0;0;0;0;6988;4178;2811;1441;887;554;2810;1484;1326;-1369;-597;-772
5804;60-64 jaar;2041;0;0;0;0;0;6966;4159;2808;1441;887;554;2823;1491;1331;-1382;-604;-777
5805;60-64 jaar;2042;0;0;0;0;0;6949;4149;2800;1441;887;554;2830;1498;1333;-1389;-611;-779
5806;60-64 jaar;2043;0;0;0;0;0;6908;4117;2790;1441;887;554;2834;1499;1335;-1393;-612;-781
5807;60-64 jaar;2044;0;0;0;0;0;6876;4111;2766;1441;887;554;2841;1505;1338;-1400;-618;-784
5808;60-64 jaar;2045;0;0;0;0;0;6831;4073;2756;1441;887;554;2851;1508;1341;-1410;-621;-787
5809;60-64 jaar;2046;0;0;0;0;0;6819;4064;2755;1441;887;554;2864;1516;1349;-1423;-629;-795
5810;60-64 jaar;2047;0;0;0;0;0;6858;4094;2766;1441;887;554;2880;1525;1355;-1439;-638;-801
5811;60-64 jaar;2048;0;0;0;0;0;6934;4134;2799;1441;887;554;2896;1535;1361;-1455;-648;-807
5812;60-64 jaar;2049;0;0;0;0;0;6976;4152;2822;1441;887;554;2908;1543;1365;-1467;-656;-811
5813;60-64 jaar;2050;0;0;0;0;0;7053;4201;2852;1441;887;554;2925;1552;1372;-1484;-665;-818
5814;65-69 jaar;2000;0;0;0;0;0;11226;7159;4068;920;547;373;843;494;348;77;53;25
5815;65-69 jaar;2001;0;0;0;0;0;11096;7143;3952;919;549;370;888;531;355;31;18;15
5816;65-69 jaar;2002;0;0;0;0;0;10921;7011;3908;919;551;368;922;558;363;-3;-7;5
5817;65-69 jaar;2003;0;0;0;0;0;10903;6995;3908;910;545;365;976;601;376;-66;-56;-11
5818;65-69 jaar;2004;0;0;0;0;0;10900;6975;3924;913;547;366;1025;634;391;-112;-87;-25
5819;65-69 jaar;2005;0;0;0;0;0;11030;7055;3975;909;547;362;1087;680;407;-178;-133;-45
5820;65-69 jaar;2006;0;0;0;0;0;11119;7108;4011;905;544;361;1119;699;418;-214;-155;-57
5821;65-69 jaar;2007;0;0;0;0;0;11292;7221;4072;895;536;359;1162;728;436;-267;-192;-77
5822;65-69 jaar;2008;0;0;0;0;0;11510;7352;4158;893;534;359;1211;763;448;-318;-229;-89
5823;65-69 jaar;2009;0;0;0;0;0;11794;7530;4265;893;535;358;1275;805;470;-382;-270;-112
5824;65-69 jaar;2010;0;0;0;0;0;11905;7583;4322;894;536;358;1329;838;490;-435;-302;-132
5825;65-69 jaar;2011;0;0;0;0;0;12910;8212;4699;892;535;357;1407;879;527;-515;-344;-170
5826;65-69 jaar;2012;0;0;0;0;0;13757;8720;5037;890;531;359;1469;907;562;-579;-376;-203
5827;65-69 jaar;2013;0;0;0;0;0;14330;9061;5267;892;532;360;1516;927;590;-624;-395;-230
5828;65-69 jaar;2014;0;0;0;0;0;14710;9282;5427;891;532;359;1543;934;608;-652;-402;-249
5829;65-69 jaar;2015;0;0;0;0;0;15231;9585;5646;889;531;358;1571;945;627;-682;-414;-269
5830;65-69 jaar;2016;0;0;0;0;0;14639;9188;5450;889;531;358;1564;936;627;-675;-405;-269
5831;65-69 jaar;2017;0;0;0;0;0;14230;8917;5313;889;531;358;1571;936;635;-682;-405;-277
5832;65-69 jaar;2018;0;0;0;0;0;13992;8746;5247;886;528;358;1585;941;646;-699;-413;-288
5833;65-69 jaar;2019;0;0;0;0;0;13895;8667;5229;888;529;359;1610;949;661;-722;-420;-302
5834;65-69 jaar;2020;0;0;0;0;0;13871;8627;5243;887;529;358;1639;963;675;-752;-434;-317
5835;65-69 jaar;2021;0;0;0;0;0;13948;8662;5287;887;529;358;1676;983;693;-789;-454;-335
5836;65-69 jaar;2022;0;0;0;0;0;13954;8644;5310;887;529;358;1713;1007;707;-826;-478;-349
5837;65-69 jaar;2023;0;0;0;0;0;14028;8676;5353;887;529;358;1749;1027;721;-862;-498;-363
5838;65-69 jaar;2024;0;0;0;0;0;14151;8734;5419;887;529;358;1787;1052;736;-900;-523;-378
5839;65-69 jaar;2025;0;0;0;0;0;14268;8810;5459;887;529;358;1836;1082;754;-949;-553;-396
5840;65-69 jaar;2026;0;0;0;0;0;14393;8867;5525;887;529;358;1873;1105;768;-986;-576;-410
5841;65-69 jaar;2027;0;0;0;0;0;14513;8940;5574;887;529;358;1913;1129;783;-1026;-600;-425
5842;65-69 jaar;2028;0;0;0;0;0;14641;9014;5626;887;529;358;1958;1158;800;-1071;-629;-442
5843;65-69 jaar;2029;0;0;0;0;0;14728;9066;5663;887;529;358;2005;1186;820;-1118;-657;-462
5844;65-69 jaar;2030;0;0;0;0;0;14767;9088;5678;887;529;358;2038;1208;830;-1151;-679;-472
5845;65-69 jaar;2031;0;0;0;0;0;14705;9046;5659;887;529;358;2063;1222;841;-1176;-693;-483
5846;65-69 jaar;2032;0;0;0;0;0;14598;8981;5618;887;529;358;2078;1229;849;-1191;-700;-491
5847;65-69 jaar;2033;0;0;0;0;0;14454;8880;5573;887;529;358;2093;1237;856;-1206;-708;-498
5848;65-69 jaar;2034;0;0;0;0;0;14350;8807;5545;887;529;358;2114;1246;868;-1227;-717;-510
5849;65-69 jaar;2035;0;0;0;0;0;14276;8747;5530;887;529;358;2138;1257;881;-1251;-728;-523
5850;65-69 jaar;2036;0;0;0;0;0;14153;8663;5489;887;529;358;2152;1259;891;-1265;-730;-533
5851;65-69 jaar;2037;0;0;0;0;0;13942;8520;5422;887;529;358;2159;1260;900;-1272;-731;-542
5852;65-69 jaar;2038;0;0;0;0;0;13571;8279;5294;887;529;358;2146;1249;898;-1259;-720;-540
5853;65-69 jaar;2039;0;0;0;0;0;12954;7889;5066;887;529;358;2120;1230;890;-1233;-701;-532
5854;65-69 jaar;2040;0;0;0;0;0;12310;7498;4812;887;529;358;2087;1209;878;-1200;-680;-520
5855;65-69 jaar;2041;0;0;0;0;0;11749;7150;4600;887;529;358;2056;1192;863;-1169;-663;-505
5856;65-69 jaar;2042;0;0;0;0;0;11288;6867;4419;887;529;358;2034;1179;856;-1147;-650;-498
5857;65-69 jaar;2043;0;0;0;0;0;11048;6719;4327;887;529;358;2027;1175;853;-1140;-646;-495
5858;65-69 jaar;2044;0;0;0;0;0;10877;6621;4256;887;529;358;2024;1172;852;-1137;-643;-494
5859;65-69 jaar;2045;0;0;0;0;0;10857;6605;4253;887;529;358;2030;1176;855;-1143;-647;-497
5860;65-69 jaar;2046;0;0;0;0;0;10834;6578;4255;887;529;358;2036;1178;859;-1149;-649;-501
5861;65-69 jaar;2047;0;0;0;0;0;10815;6572;4242;887;529;358;2039;1181;858;-1152;-652;-500
5862;65-69 jaar;2048;0;0;0;0;0;10747;6531;4215;887;529;358;2040;1180;858;-1153;-651;-500
5863;65-69 jaar;2049;0;0;0;0;0;10725;6520;4205;887;529;358;2043;1183;859;-1156;-654;-501
5864;65-69 jaar;2050;0;0;0;0;0;10662;6482;4181;887;529;358;2048;1186;861;-1161;-657;-503
5865;70-74 jaar;2000;0;0;0;0;0;15730;9671;6057;529;307;222;393;183;210;136;124;12
5866;70-74 jaar;2001;0;0;0;0;0;15621;9696;5926;525;306;219;397;189;210;128;117;9
5867;70-74 jaar;2002;0;0;0;0;0;15587;9666;5923;526;306;220;405;194;211;121;112;9
5868;70-74 jaar;2003;0;0;0;0;0;15361;9523;5838;527;306;221;411;201;210;116;105;11
5869;70-74 jaar;2004;0;0;0;0;0;15208;9430;5778;525;305;220;419;207;212;106;98;8
5870;70-74 jaar;2005;0;0;0;0;0;15013;9316;5699;520;302;218;429;214;214;91;88;4
5871;70-74 jaar;2006;0;0;0;0;0;14976;9307;5669;519;301;218;444;225;219;75;76;-1
5872;70-74 jaar;2007;0;0;0;0;0;14888;9274;5616;514;299;215;458;235;222;56;64;-7
5873;70-74 jaar;2008;0;0;0;0;0;15054;9381;5672;513;297;216;479;248;231;34;49;-15
5874;70-74 jaar;2009;0;0;0;0;0;15229;9490;5741;510;295;215;499;259;239;11;36;-24
5875;70-74 jaar;2010;0;0;0;0;0;15489;9656;5832;512;296;216;524;276;249;-12;20;-33
5876;70-74 jaar;2011;0;0;0;0;0;15653;9771;5883;510;294;216;538;284;254;-28;10;-38
5877;70-74 jaar;2012;0;0;0;0;0;15955;9955;6000;510;294;216;559;295;263;-49;-1;-47
5878;70-74 jaar;2013;0;0;0;0;0;16322;10187;6134;511;293;218;576;307;271;-65;-14;-53
5879;70-74 jaar;2014;0;0;0;0;0;16775;10467;6307;510;292;218;602;319;284;-92;-27;-66
5880;70-74 jaar;2015;0;0;0;0;0;16984;10594;6390;510;291;219;624;327;296;-114;-36;-77
5881;70-74 jaar;2016;0;0;0;0;0;18455;11500;6954;511;292;219;675;355;319;-164;-63;-100
5882;70-74 jaar;2017;0;0;0;0;0;19736;12278;7457;512;292;220;718;376;341;-206;-84;-121
5883;70-74 jaar;2018;0;0;0;0;0;20569;12777;7790;511;291;220;751;393;359;-240;-102;-139
5884;70-74 jaar;2019;0;0;0;0;0;21160;13117;8042;510;290;220;773;401;370;-263;-111;-150
5885;70-74 jaar;2020;0;0;0;0;0;21942;13561;8381;510;290;220;792;412;382;-282;-122;-162
5886;70-74 jaar;2021;0;0;0;0;0;21141;13056;8086;510;290;220;788;409;380;-278;-119;-160
5887;70-74 jaar;2022;0;0;0;0;0;20592;12706;7886;510;290;220;795;411;383;-285;-121;-163
5888;70-74 jaar;2023;0;0;0;0;0;20285;12487;7798;510;290;220;805;415;389;-295;-125;-169
5889;70-74 jaar;2024;0;0;0;0;0;20193;12412;7781;510;290;220;820;423;399;-310;-133;-179
5890;70-74 jaar;2025;0;0;0;0;0;20197;12400;7796;510;290;220;838;432;406;-328;-142;-186
5891;70-74 jaar;2026;0;0;0;0;0;20333;12466;7867;510;290;220;860;442;419;-350;-152;-199
5892;70-74 jaar;2027;0;0;0;0;0;20397;12493;7904;510;290;220;877;453;426;-367;-163;-206
5893;70-74 jaar;2028;0;0;0;0;0;20541;12570;7970;510;290;220;896;460;435;-386;-170;-215
5894;70-74 jaar;2029;0;0;0;0;0;20753;12683;8070;510;290;220;917;474;444;-407;-184;-224
5895;70-74 jaar;2030;0;0;0;0;0;20947;12806;8139;510;290;220;940;486;454;-430;-196;-234
5896;70-74 jaar;2031;0;0;0;0;0;21156;12917;8240;510;290;220;961;496;464;-451;-206;-244
5897;70-74 jaar;2032;0;0;0;0;0;21357;13045;8313;510;290;220;981;509;474;-471;-219;-254
5898;70-74 jaar;2033;0;0;0;0;0;21566;13168;8398;510;290;220;1003;519;483;-493;-229;-263
5899;70-74 jaar;2034;0;0;0;0;0;21712;13274;8439;510;290;220;1025;533;493;-515;-243;-273
5900;70-74 jaar;2035;0;0;0;0;0;21823;13352;8471;510;290;220;1040;541;499;-530;-251;-279
5901;70-74 jaar;2036;0;0;0;0;0;21749;13306;8444;510;290;220;1050;545;503;-540;-255;-283
5902;70-74 jaar;2037;0;0;0;0;0;21608;13221;8384;510;290;220;1054;549;505;-544;-259;-285
5903;70-74 jaar;2038;0;0;0;0;0;21438;13104;8335;510;290;220;1058;552;509;-548;-262;-289
5904;70-74 jaar;2039;0;0;0;0;0;21319;13024;8295;510;290;220;1069;556;514;-559;-266;-294
5905;70-74 jaar;2040;0;0;0;0;0;21205;12952;8253;510;290;220;1081;561;520;-571;-271;-300
5906;70-74 jaar;2041;0;0;0;0;0;21057;12839;8218;510;290;220;1088;563;526;-578;-273;-306
5907;70-74 jaar;2042;0;0;0;0;0;20775;12649;8128;510;290;220;1089;562;529;-579;-272;-309
5908;70-74 jaar;2043;0;0;0;0;0;20242;12308;7935;510;290;220;1079;554;525;-569;-264;-305
5909;70-74 jaar;2044;0;0;0;0;0;19330;11747;7582;510;290;220;1058;540;516;-548;-250;-296
5910;70-74 jaar;2045;0;0;0;0;0;18400;11175;7224;510;290;220;1032;527;507;-522;-237;-287
5911;70-74 jaar;2046;0;0;0;0;0;17596;10684;6913;510;290;220;1008;514;493;-498;-224;-273
5912;70-74 jaar;2047;0;0;0;0;0;16907;10271;6637;510;290;220;991;504;486;-481;-214;-266
5913;70-74 jaar;2048;0;0;0;0;0;16559;10074;6486;510;290;220;981;499;482;-471;-209;-262
5914;70-74 jaar;2049;0;0;0;0;0;16335;9928;6405;510;290;220;977;497;480;-467;-207;-260
5915;70-74 jaar;2050;0;0;0;0;0;16339;9934;6407;510;290;220;977;498;479;-467;-208;-259
5916;75-79 jaar;2000;0;0;0;0;0;21762;11968;9796;290;166;124;196;76;120;94;90;4
5917;75-79 jaar;2001;0;0;0;0;0;21415;11944;9469;288;165;123;197;78;120;91;87;3
5918;75-79 jaar;2002;0;0;0;0;0;21056;11735;9320;291;165;126;196;79;117;95;86;9
5919;75-79 jaar;2003;0;0;0;0;0;20702;11546;9155;292;166;126;197;79;117;95;87;9
5920;75-79 jaar;2004;0;0;0;0;0;20457;11447;9010;291;165;126;199;81;116;92;84;10
5921;75-79 jaar;2005;0;0;0;0;0;20566;11559;9008;290;164;126;201;86;118;89;78;8
5922;75-79 jaar;2006;0;0;0;0;0;20636;11632;9003;290;164;126;205;88;117;85;76;9
5923;75-79 jaar;2007;0;0;0;0;0;20835;11779;9056;286;161;125;210;90;120;76;71;5
5924;75-79 jaar;2008;0;0;0;0;0;20796;11801;8997;287;161;126;213;95;118;74;66;8
5925;75-79 jaar;2009;0;0;0;0;0;20860;11864;8996;287;162;125;216;97;121;71;65;4
5926;75-79 jaar;2010;0;0;0;0;0;20719;11819;8900;286;160;126;224;99;123;62;61;3
5927;75-79 jaar;2011;0;0;0;0;0;20746;11883;8864;286;160;126;229;104;125;57;56;1
5928;75-79 jaar;2012;0;0;0;0;0;20702;11885;8816;286;160;126;234;108;127;52;52;-1
5929;75-79 jaar;2013;0;0;0;0;0;21022;12100;8921;285;159;126;243;113;131;42;46;-5
5930;75-79 jaar;2014;0;0;0;0;0;21335;12309;9027;284;159;125;253;118;136;31;41;-11
5931;75-79 jaar;2015;0;0;0;0;0;21788;12582;9206;285;159;126;264;125;139;21;34;-13
5932;75-79 jaar;2016;0;0;0;0;0;22083;12773;9310;286;159;127;272;129;143;14;30;-16
5933;75-79 jaar;2017;0;0;0;0;0;22563;13073;9491;285;158;127;280;133;146;5;25;-19
5934;75-79 jaar;2018;0;0;0;0;0;23119;13422;9697;283;156;127;289;138;152;-6;18;-25
5935;75-79 jaar;2019;0;0;0;0;0;23863;13871;9992;283;156;127;304;144;160;-21;12;-33
5936;75-79 jaar;2020;0;0;0;0;0;24217;14079;10136;284;157;127;317;150;167;-33;7;-40
5937;75-79 jaar;2021;0;0;0;0;0;26417;15387;11030;284;157;127;347;166;182;-63;-9;-55
5938;75-79 jaar;2022;0;0;0;0;0;28310;16466;11843;284;157;127;373;178;195;-89;-21;-68
5939;75-79 jaar;2023;0;0;0;0;0;29594;17189;12403;284;157;127;389;186;205;-105;-29;-78
5940;75-79 jaar;2024;0;0;0;0;0;30509;17690;12816;284;157;127;401;191;210;-117;-34;-83
5941;75-79 jaar;2025;0;0;0;0;0;31648;18318;13330;284;157;127;413;198;216;-129;-41;-89
5942;75-79 jaar;2026;0;0;0;0;0;30569;17677;12894;284;157;127;412;196;215;-128;-39;-88
5943;75-79 jaar;2027;0;0;0;0;0;29876;17292;12583;284;157;127;417;200;217;-133;-43;-90
5944;75-79 jaar;2028;0;0;0;0;0;29514;17070;12443;284;157;127;426;204;222;-142;-47;-95
5945;75-79 jaar;2029;0;0;0;0;0;29429;17010;12419;284;157;127;436;209;228;-152;-52;-101
5946;75-79 jaar;2030;0;0;0;0;0;29503;17035;12467;284;157;127;450;215;234;-166;-58;-107
5947;75-79 jaar;2031;0;0;0;0;0;29764;17170;12595;284;157;127;462;222;240;-178;-65;-113
5948;75-79 jaar;2032;0;0;0;0;0;29892;17241;12651;284;157;127;473;225;247;-189;-68;-120
5949;75-79 jaar;2033;0;0;0;0;0;30172;17396;12777;284;157;127;483;230;253;-199;-73;-126
5950;75-79 jaar;2034;0;0;0;0;0;30516;17594;12921;284;157;127;495;236;260;-211;-79;-133
5951;75-79 jaar;2035;0;0;0;0;0;30881;17828;13053;284;157;127;508;243;265;-224;-86;-138
5952;75-79 jaar;2036;0;0;0;0;0;31241;18035;13207;284;157;127;518;247;270;-234;-90;-143
5953;75-79 jaar;2037;0;0;0;0;0;31570;18230;13341;284;157;127;531;253;276;-247;-96;-149
5954;75-79 jaar;2038;0;0;0;0;0;31968;18466;13502;284;157;127;540;259;282;-256;-102;-155
5955;75-79 jaar;2039;0;0;0;0;0;32237;18639;13600;284;157;127;550;264;286;-266;-107;-159
5956;75-79 jaar;2040;0;0;0;0;0;32418;18782;13635;284;157;127;556;268;289;-272;-111;-162
5957;75-79 jaar;2041;0;0;0;0;0;32346;18737;13609;284;157;127;560;269;291;-276;-112;-164
5958;75-79 jaar;2042;0;0;0;0;0;32200;18674;13526;284;157;127;559;271;289;-275;-114;-162
5959;75-79 jaar;2043;0;0;0;0;0;31981;18534;13448;284;157;127;560;270;290;-276;-113;-163
5960;75-79 jaar;2044;0;0;0;0;0;31867;18482;13386;284;157;127;564;273;292;-280;-116;-165
5961;75-79 jaar;2045;0;0;0;0;0;31765;18400;13364;284;157;127;570;275;294;-286;-118;-167
5962;75-79 jaar;2046;0;0;0;0;0;31588;18283;13303;284;157;127;570;275;295;-286;-118;-168
5963;75-79 jaar;2047;0;0;0;0;0;31204;18024;13179;284;157;127;567;272;295;-283;-115;-168
5964;75-79 jaar;2048;0;0;0;0;0;30410;17557;12854;284;157;127;558;269;291;-274;-112;-164
5965;75-79 jaar;2049;0;0;0;0;0;29096;16783;12313;284;157;127;543;258;282;-259;-101;-155
5966;75-79 jaar;2050;0;0;0;0;0;27734;15996;11739;284;157;127;523;249;272;-239;-92;-145
5967;80-84 jaar;2000;0;0;0;0;0;23227;10778;12448;149;81;68;89;30;57;60;51;11
5968;80-84 jaar;2001;0;0;0;0;0;23711;11210;12501;149;80;69;92;32;62;57;48;7
5969;80-84 jaar;2002;0;0;0;0;0;24243;11477;12764;150;79;71;97;34;63;53;45;8
5970;80-84 jaar;2003;0;0;0;0;0;25044;11872;13172;149;79;70;102;35;66;47;44;4
5971;80-84 jaar;2004;0;0;0;0;0;25569;12083;13486;149;79;70;106;36;70;43;43;0
5972;80-84 jaar;2005;0;0;0;0;0;25338;12004;13334;149;79;70;106;37;71;43;42;-1
5973;80-84 jaar;2006;0;0;0;0;0;25258;12057;13200;150;80;70;107;38;71;43;42;-1
5974;80-84 jaar;2007;0;0;0;0;0;25188;12090;13100;150;80;70;108;40;69;42;40;1
5975;80-84 jaar;2008;0;0;0;0;0;25129;12141;12990;150;79;71;108;40;69;42;39;2
5976;80-84 jaar;2009;0;0;0;0;0;25193;12269;12925;149;78;71;110;41;70;39;37;1
5977;80-84 jaar;2010;0;0;0;0;0;25496;12524;12973;149;78;71;113;42;69;36;36;2
5978;80-84 jaar;2011;0;0;0;0;0;25718;12707;13010;149;78;71;114;44;70;35;34;1
5979;80-84 jaar;2012;0;0;0;0;0;26090;12949;13140;148;77;71;116;45;72;32;32;-1
5980;80-84 jaar;2013;0;0;0;0;0;26183;13078;13105;148;77;71;118;46;71;30;31;0
5981;80-84 jaar;2014;0;0;0;0;0;26344;13232;13111;147;76;71;120;48;72;27;28;-1
5982;80-84 jaar;2015;0;0;0;0;0;26279;13269;13010;146;75;71;122;49;72;24;26;-1
5983;80-84 jaar;2016;0;0;0;0;0;26430;13422;13006;145;74;71;125;51;74;20;23;-3
5984;80-84 jaar;2017;0;0;0;0;0;26481;13527;12954;145;74;71;127;53;75;18;21;-4
5985;80-84 jaar;2018;0;0;0;0;0;26969;13848;13120;145;74;71;133;54;78;12;20;-7
5986;80-84 jaar;2019;0;0;0;0;0;27482;14162;13320;146;74;72;136;57;79;10;17;-7
5987;80-84 jaar;2020;0;0;0;0;0;28161;14572;13590;146;74;72;142;59;82;4;15;-10
5988;80-84 jaar;2021;0;0;0;0;0;28648;14886;13762;146;74;72;145;64;83;1;10;-11
5989;80-84 jaar;2022;0;0;0;0;0;29368;15302;14063;146;74;72;150;64;86;-4;10;-14
5990;80-84 jaar;2023;0;0;0;0;0;30206;15803;14405;146;74;72;157;67;89;-11;7;-17
5991;80-84 jaar;2024;0;0;0;0;0;31268;16413;14855;146;74;72;165;72;93;-19;2;-21
5992;80-84 jaar;2025;0;0;0;0;0;31845;16760;15084;146;74;72;172;75;98;-26;-1;-26
5993;80-84 jaar;2026;0;0;0;0;0;34899;18425;16475;146;74;72;192;84;107;-46;-10;-35
5994;80-84 jaar;2027;0;0;0;0;0;37538;19826;17710;146;74;72;206;91;117;-60;-17;-45
5995;80-84 jaar;2028;0;0;0;0;0;39359;20782;18577;146;74;72;216;95;121;-70;-21;-49
5996;80-84 jaar;2029;0;0;0;0;0;40655;21453;19202;146;74;72;221;98;125;-75;-24;-53
5997;80-84 jaar;2030;0;0;0;0;0;42194;22209;19986;146;74;72;225;99;126;-79;-25;-54
5998;80-84 jaar;2031;0;0;0;0;0;40877;21519;19358;146;74;72;224;99;125;-78;-25;-53
5999;80-84 jaar;2032;0;0;0;0;0;40050;21132;18918;146;74;72;229;102;126;-83;-28;-54
6000;80-84 jaar;2033;0;0;0;0;0;39694;20947;18746;146;74;72;236;105;130;-90;-31;-58
6001;80-84 jaar;2034;0;0;0;0;0;39680;20966;18714;146;74;72;241;108;134;-95;-34;-62
6002;80-84 jaar;2035;0;0;0;0;0;39928;21101;18825;146;74;72;249;111;138;-103;-37;-66
6003;80-84 jaar;2036;0;0;0;0;0;40372;21337;19035;146;74;72;255;114;141;-109;-40;-69
6004;80-84 jaar;2037;0;0;0;0;0;40644;21495;19149;146;74;72;261;116;146;-115;-42;-74
6005;80-84 jaar;2038;0;0;0;0;0;41149;21767;19383;146;74;72;268;119;149;-122;-45;-77
6006;80-84 jaar;2039;0;0;0;0;0;41736;22079;19657;146;74;72;276;122;153;-130;-48;-81
6007;80-84 jaar;2040;0;0;0;0;0;42278;22430;19848;146;74;72;281;125;156;-135;-51;-84
6008;80-84 jaar;2041;0;0;0;0;0;42899;22758;20141;146;74;72;288;126;161;-142;-52;-89
6009;80-84 jaar;2042;0;0;0;0;0;43455;23085;20370;146;74;72;293;129;163;-147;-55;-91
6010;80-84 jaar;2043;0;0;0;0;0;44081;23444;20637;146;74;72;299;131;166;-153;-57;-94
6011;80-84 jaar;2044;0;0;0;0;0;44538;23754;20784;146;74;72;304;133;169;-158;-59;-97
6012;80-84 jaar;2045;0;0;0;0;0;44882;23964;20919;146;74;72;307;136;170;-161;-62;-98
6013;80-84 jaar;2046;0;0;0;0;0;44872;23975;20894;146;74;72;305;136;169;-159;-62;-97
6014;80-84 jaar;2047;0;0;0;0;0;44738;23931;20805;146;74;72;305;135;168;-159;-61;-96
6015;80-84 jaar;2048;0;0;0;0;0;44485;23804;20681;146;74;72;303;136;166;-157;-62;-94
6016;80-84 jaar;2049;0;0;0;0;0;44445;23802;20642;146;74;72;306;137;169;-160;-63;-97
6017;80-84 jaar;2050;0;0;0;0;0;44376;23751;20626;146;74;72;307;138;170;-161;-64;-98
6018;85-89 jaar;2000;0;0;0;0;0;22317;7949;14367;63;28;35;16;4;12;47;24;23
6019;85-89 jaar;2001;0;0;0;0;0;22290;8085;14206;67;30;37;16;4;11;51;26;26
6020;85-89 jaar;2002;0;0;0;0;0;22198;8081;14116;67;30;37;16;4;11;51;26;26
6021;85-89 jaar;2003;0;0;0;0;0;21880;7971;13909;67;30;37;16;4;11;51;26;26
6022;85-89 jaar;2004;0;0;0;0;0;21679;7953;13727;67;30;37;15;4;11;52;26;26
6023;85-89 jaar;2005;0;0;0;0;0;22696;8435;14261;66;29;37;17;5;12;49;24;25
6024;85-89 jaar;2006;0;0;0;0;0;23619;8888;14732;66;29;37;19;6;13;47;23;24
6025;85-89 jaar;2007;0;0;0;0;0;24515;9317;15196;67;30;37;19;6;13;48;24;24
6026;85-89 jaar;2008;0;0;0;0;0;25661;9840;15823;69;31;38;20;6;14;49;25;24
6027;85-89 jaar;2009;0;0;0;0;0;26554;10207;16347;69;31;38;20;6;14;49;25;24
6028;85-89 jaar;2010;0;0;0;0;0;26503;10273;16230;69;31;38;20;6;14;49;25;24
6029;85-89 jaar;2011;0;0;0;0;0;26576;10428;16147;69;31;38;20;6;13;49;25;25
6030;85-89 jaar;2012;0;0;0;0;0;26633;10551;16084;69;31;38;19;6;13;50;25;25
6031;85-89 jaar;2013;0;0;0;0;0;26766;10726;16040;69;31;38;20;6;14;49;25;24
6032;85-89 jaar;2014;0;0;0;0;0;26947;10946;16000;69;31;38;20;7;13;49;24;25
6033;85-89 jaar;2015;0;0;0;0;0;27429;11275;16156;69;31;38;21;7;14;48;24;24
6034;85-89 jaar;2016;0;0;0;0;0;27794;11524;16269;69;31;38;21;7;14;48;24;24
6035;85-89 jaar;2017;0;0;0;0;0;28298;11847;16450;69;31;38;23;7;14;46;24;24
6036;85-89 jaar;2018;0;0;0;0;0;28456;12032;16424;70;31;39;24;8;14;46;23;25
6037;85-89 jaar;2019;0;0;0;0;0;28748;12268;16480;70;31;39;24;8;14;46;23;25
6038;85-89 jaar;2020;0;0;0;0;0;28803;12402;16402;70;31;39;24;9;14;46;22;25
6039;85-89 jaar;2021;0;0;0;0;0;29078;12647;16431;70;31;39;25;10;15;45;21;24
6040;85-89 jaar;2022;0;0;0;0;0;29270;12831;16437;70;31;39;25;10;15;45;21;24
6041;85-89 jaar;2023;0;0;0;0;0;29938;13232;16706;70;31;39;27;11;17;43;20;22
6042;85-89 jaar;2024;0;0;0;0;0;30651;13630;17021;70;31;39;27;11;17;43;20;22
6043;85-89 jaar;2025;0;0;0;0;0;31534;14127;17406;70;31;39;27;11;17;43;20;22
6044;85-89 jaar;2026;0;0;0;0;0;32175;14496;17677;70;31;39;29;12;17;41;19;22
6045;85-89 jaar;2027;0;0;0;0;0;33076;15002;18075;70;31;39;30;12;17;40;19;22
6046;85-89 jaar;2028;0;0;0;0;0;34182;15601;18580;70;31;39;31;13;18;39;18;21
6047;85-89 jaar;2029;0;0;0;0;0;35529;16299;19230;70;31;39;33;14;20;37;17;19
6048;85-89 jaar;2030;0;0;0;0;0;36316;16718;19599;70;31;39;34;14;20;36;17;19
6049;85-89 jaar;2031;0;0;0;0;0;40077;18538;21539;70;31;39;40;16;22;30;15;17
6050;85-89 jaar;2032;0;0;0;0;0;43285;20059;23225;70;31;39;42;18;24;28;13;15
6051;85-89 jaar;2033;0;0;0;0;0;45439;21069;24370;70;31;39;43;18;25;27;13;14
6052;85-89 jaar;2034;0;0;0;0;0;46870;21754;25116;70;31;39;44;17;24;26;14;15
6053;85-89 jaar;2035;0;0;0;0;0;48509;22492;26017;70;31;39;44;18;24;26;13;15
6054;85-89 jaar;2036;0;0;0;0;0;47191;21909;25282;70;31;39;45;18;25;25;13;14
6055;85-89 jaar;2037;0;0;0;0;0;46439;21631;24810;70;31;39;46;19;26;24;12;13
6056;85-89 jaar;2038;0;0;0;0;0;46252;21570;24683;70;31;39;47;20;27;23;11;12
6057;85-89 jaar;2039;0;0;0;0;0;46401;21663;24739;70;31;39;49;20;27;21;11;12
6058;85-89 jaar;2040;0;0;0;0;0;46795;21884;24911;70;31;39;50;20;28;20;11;11
6059;85-89 jaar;2041;0;0;0;0;0;47459;22199;25261;70;31;39;51;20;30;19;11;9
6060;85-89 jaar;2042;0;0;0;0;0;47939;22462;25476;70;31;39;52;22;30;18;9;9
6061;85-89 jaar;2043;0;0;0;0;0;48690;22836;25854;70;31;39;53;22;31;17;9;8
6062;85-89 jaar;2044;0;0;0;0;0;49510;23273;26236;70;31;39;55;23;31;15;8;8
6063;85-89 jaar;2045;0;0;0;0;0;50262;23680;26581;70;31;39;57;23;33;13;8;6
6064;85-89 jaar;2046;0;0;0;0;0;51135;24106;27030;70;31;39;58;24;34;12;7;5
6065;85-89 jaar;2047;0;0;0;0;0;51907;24508;27400;70;31;39;58;24;34;12;7;5
6066;85-89 jaar;2048;0;0;0;0;0;52706;24951;27754;70;31;39;61;24;35;9;7;4
6067;85-89 jaar;2049;0;0;0;0;0;53414;25345;28069;70;31;39;61;25;35;9;6;4
6068;85-89 jaar;2050;0;0;0;0;0;53819;25581;28237;70;31;39;61;25;35;9;6;4
6069;90-94 jaar;2000;0;0;0;0;0;14065;3640;10426;0;0;0;0;0;0;0;0;0
6070;90-94 jaar;2001;0;0;0;0;0;14050;3756;10295;0;0;0;0;0;0;0;0;0
6071;90-94 jaar;2002;0;0;0;0;0;14361;3872;10489;0;0;0;0;0;0;0;0;0
6072;90-94 jaar;2003;0;0;0;0;0;14684;3993;10689;0;0;0;0;0;0;0;0;0
6073;90-94 jaar;2004;0;0;0;0;0;15035;4141;10893;0;0;0;0;0;0;0;0;0
6074;90-94 jaar;2005;0;0;0;0;0;15257;4248;11007;0;0;0;0;0;0;0;0;0
6075;90-94 jaar;2006;0;0;0;0;0;15535;4368;11167;0;0;0;0;0;0;0;0;0
6076;90-94 jaar;2007;0;0;0;0;0;15708;4484;11226;0;0;0;0;0;0;0;0;0
6077;90-94 jaar;2008;0;0;0;0;0;15713;4526;11185;0;0;0;0;0;0;0;0;0
6078;90-94 jaar;2009;0;0;0;0;0;15861;4637;11223;0;0;0;0;0;0;0;0;0
6079;90-94 jaar;2010;0;0;0;0;0;16830;5035;11795;0;0;0;0;0;0;0;0;0
6080;90-94 jaar;2011;0;0;0;0;0;17675;5370;12304;0;0;0;0;0;0;0;0;0
6081;90-94 jaar;2012;0;0;0;0;0;18423;5671;12751;0;0;0;0;0;0;0;0;0
6082;90-94 jaar;2013;0;0;0;0;0;19292;6016;13275;0;0;0;0;0;0;0;0;0
6083;90-94 jaar;2014;0;0;0;0;0;19886;6250;13635;0;0;0;0;0;0;0;0;0
6084;90-94 jaar;2015;0;0;0;0;0;19916;6333;13583;0;0;0;0;0;0;0;0;0
6085;90-94 jaar;2016;0;0;0;0;0;20030;6473;13556;0;0;0;0;0;0;0;0;0
6086;90-94 jaar;2017;0;0;0;0;0;20090;6600;13491;0;0;0;0;0;0;0;0;0
6087;90-94 jaar;2018;0;0;0;0;0;20277;6764;13514;0;0;0;0;0;0;0;0;0
6088;90-94 jaar;2019;0;0;0;0;0;20488;6945;13543;0;0;0;0;0;0;0;0;0
6089;90-94 jaar;2020;0;0;0;0;0;20929;7215;13714;0;0;0;0;0;0;0;0;0
6090;90-94 jaar;2021;0;0;0;0;0;21242;7421;13822;0;0;0;0;0;0;0;0;0
6091;90-94 jaar;2022;0;0;0;0;0;21642;7646;13995;0;0;0;0;0;0;0;0;0
6092;90-94 jaar;2023;0;0;0;0;0;21782;7792;13989;0;0;0;0;0;0;0;0;0
6093;90-94 jaar;2024;0;0;0;0;0;22001;7961;14039;0;0;0;0;0;0;0;0;0
6094;90-94 jaar;2025;0;0;0;0;0;22107;8110;13996;0;0;0;0;0;0;0;0;0
6095;90-94 jaar;2026;0;0;0;0;0;22367;8306;14062;0;0;0;0;0;0;0;0;0
6096;90-94 jaar;2027;0;0;0;0;0;22577;8472;14105;0;0;0;0;0;0;0;0;0
6097;90-94 jaar;2028;0;0;0;0;0;23169;8784;14386;0;0;0;0;0;0;0;0;0
6098;90-94 jaar;2029;0;0;0;0;0;23786;9089;14696;0;0;0;0;0;0;0;0;0
6099;90-94 jaar;2030;0;0;0;0;0;24539;9450;15089;0;0;0;0;0;0;0;0;0
6100;90-94 jaar;2031;0;0;0;0;0;25004;9704;15302;0;0;0;0;0;0;0;0;0
6101;90-94 jaar;2032;0;0;0;0;0;25678;10046;15632;0;0;0;0;0;0;0;0;0
6102;90-94 jaar;2033;0;0;0;0;0;26665;10513;16153;0;0;0;0;0;0;0;0;0
6103;90-94 jaar;2034;0;0;0;0;0;27833;11049;16782;0;0;0;0;0;0;0;0;0
6104;90-94 jaar;2035;0;0;0;0;0;28468;11344;17124;0;0;0;0;0;0;0;0;0
6105;90-94 jaar;2036;0;0;0;0;0;31872;12807;19066;0;0;0;0;0;0;0;0;0
6106;90-94 jaar;2037;0;0;0;0;0;34489;13876;20614;0;0;0;0;0;0;0;0;0
6107;90-94 jaar;2038;0;0;0;0;0;36047;14499;21548;0;0;0;0;0;0;0;0;0
6108;90-94 jaar;2039;0;0;0;0;0;36876;14816;22061;0;0;0;0;0;0;0;0;0
6109;90-94 jaar;2040;0;0;0;0;0;37569;15095;22476;0;0;0;0;0;0;0;0;0
6110;90-94 jaar;2041;0;0;0;0;0;36711;14774;21938;0;0;0;0;0;0;0;0;0
6111;90-94 jaar;2042;0;0;0;0;0;36380;14705;21675;0;0;0;0;0;0;0;0;0
6112;90-94 jaar;2043;0;0;0;0;0;36392;14732;21660;0;0;0;0;0;0;0;0;0
6113;90-94 jaar;2044;0;0;0;0;0;36597;14864;21732;0;0;0;0;0;0;0;0;0
6114;90-94 jaar;2045;0;0;0;0;0;36987;15015;21970;0;0;0;0;0;0;0;0;0
6115;90-94 jaar;2046;0;0;0;0;0;37569;15275;22295;0;0;0;0;0;0;0;0;0
6116;90-94 jaar;2047;0;0;0;0;0;38049;15494;22556;0;0;0;0;0;0;0;0;0
6117;90-94 jaar;2048;0;0;0;0;0;38669;15782;22888;0;0;0;0;0;0;0;0;0
6118;90-94 jaar;2049;0;0;0;0;0;39428;16117;23311;0;0;0;0;0;0;0;0;0
6119;90-94 jaar;2050;0;0;0;0;0;39978;16383;23597;0;0;0;0;0;0;0;0;0
6120;95 jaar en ouder;2000;0;0;0;0;0;5508;1167;4341;0;0;0;0;0;0;0;0;0
6121;95 jaar en ouder;2001;0;0;0;0;0;5622;1186;4435;0;0;0;0;0;0;0;0;0
6122;95 jaar en ouder;2002;0;0;0;0;0;5800;1186;4614;0;0;0;0;0;0;0;0;0
6123;95 jaar en ouder;2003;0;0;0;0;0;5997;1218;4779;0;0;0;0;0;0;0;0;0
6124;95 jaar en ouder;2004;0;0;0;0;0;6216;1244;4971;0;0;0;0;0;0;0;0;0
6125;95 jaar en ouder;2005;0;0;0;0;0;6444;1303;5141;0;0;0;0;0;0;0;0;0
6126;95 jaar en ouder;2006;0;0;0;0;0;6635;1365;5269;0;0;0;0;0;0;0;0;0
6127;95 jaar en ouder;2007;0;0;0;0;0;6922;1441;5481;0;0;0;0;0;0;0;0;0
6128;95 jaar en ouder;2008;0;0;0;0;0;7213;1532;5682;0;0;0;0;0;0;0;0;0
6129;95 jaar en ouder;2009;0;0;0;0;0;7519;1625;5894;0;0;0;0;0;0;0;0;0
6130;95 jaar en ouder;2010;0;0;0;0;0;7660;1684;5977;0;0;0;0;0;0;0;0;0
6131;95 jaar en ouder;2011;0;0;0;0;0;7804;1735;6067;0;0;0;0;0;0;0;0;0
6132;95 jaar en ouder;2012;0;0;0;0;0;7960;1802;6157;0;0;0;0;0;0;0;0;0
6133;95 jaar en ouder;2013;0;0;0;0;0;8037;1847;6189;0;0;0;0;0;0;0;0;0
6134;95 jaar en ouder;2014;0;0;0;0;0;8174;1908;6265;0;0;0;0;0;0;0;0;0
6135;95 jaar en ouder;2015;0;0;0;0;0;8682;2084;6597;0;0;0;0;0;0;0;0;0
6136;95 jaar en ouder;2016;0;0;0;0;0;9101;2226;6878;0;0;0;0;0;0;0;0;0
6137;95 jaar en ouder;2017;0;0;0;0;0;9419;2353;7066;0;0;0;0;0;0;0;0;0
6138;95 jaar en ouder;2018;0;0;0;0;0;9739;2476;7263;0;0;0;0;0;0;0;0;0
6139;95 jaar en ouder;2019;0;0;0;0;0;9951;2556;7395;0;0;0;0;0;0;0;0;0
6140;95 jaar en ouder;2020;0;0;0;0;0;10098;2635;7463;0;0;0;0;0;0;0;0;0
6141;95 jaar en ouder;2021;0;0;0;0;0;10205;2710;7495;0;0;0;0;0;0;0;0;0
6142;95 jaar en ouder;2022;0;0;0;0;0;10269;2776;7493;0;0;0;0;0;0;0;0;0
6143;95 jaar en ouder;2023;0;0;0;0;0;10415;2863;7552;0;0;0;0;0;0;0;0;0
6144;95 jaar en ouder;2024;0;0;0;0;0;10526;2939;7586;0;0;0;0;0;0;0;0;0
6145;95 jaar en ouder;2025;0;0;0;0;0;10704;3048;7657;0;0;0;0;0;0;0;0;0
6146;95 jaar en ouder;2026;0;0;0;0;0;10834;3138;7697;0;0;0;0;0;0;0;0;0
6147;95 jaar en ouder;2027;0;0;0;0;0;10972;3227;7744;0;0;0;0;0;0;0;0;0
6148;95 jaar en ouder;2028;0;0;0;0;0;11021;3287;7735;0;0;0;0;0;0;0;0;0
6149;95 jaar en ouder;2029;0;0;0;0;0;11095;3355;7740;0;0;0;0;0;0;0;0;0
6150;95 jaar en ouder;2030;0;0;0;0;0;11166;3415;7751;0;0;0;0;0;0;0;0;0
6151;95 jaar en ouder;2031;0;0;0;0;0;11282;3503;7779;0;0;0;0;0;0;0;0;0
6152;95 jaar en ouder;2032;0;0;0;0;0;11384;3570;7813;0;0;0;0;0;0;0;0;0
6153;95 jaar en ouder;2033;0;0;0;0;0;11625;3690;7933;0;0;0;0;0;0;0;0;0
6154;95 jaar en ouder;2034;0;0;0;0;0;11882;3812;8070;0;0;0;0;0;0;0;0;0
6155;95 jaar en ouder;2035;0;0;0;0;0;12209;3961;8247;0;0;0;0;0;0;0;0;0
6156;95 jaar en ouder;2036;0;0;0;0;0;12372;4048;8323;0;0;0;0;0;0;0;0;0
6157;95 jaar en ouder;2037;0;0;0;0;0;12632;4169;8464;0;0;0;0;0;0;0;0;0
6158;95 jaar en ouder;2038;0;0;0;0;0;13136;4371;8766;0;0;0;0;0;0;0;0;0
6159;95 jaar en ouder;2039;0;0;0;0;0;13702;4587;9116;0;0;0;0;0;0;0;0;0
6160;95 jaar en ouder;2040;0;0;0;0;0;13977;4704;9274;0;0;0;0;0;0;0;0;0
6161;95 jaar en ouder;2041;0;0;0;0;0;15581;5288;10293;0;0;0;0;0;0;0;0;0
6162;95 jaar en ouder;2042;0;0;0;0;0;16711;5701;11009;0;0;0;0;0;0;0;0;0
6163;95 jaar en ouder;2043;0;0;0;0;0;17362;5932;11429;0;0;0;0;0;0;0;0;0
6164;95 jaar en ouder;2044;0;0;0;0;0;17643;6033;11609;0;0;0;0;0;0;0;0;0
6165;95 jaar en ouder;2045;0;0;0;0;0;17722;6054;11668;0;0;0;0;0;0;0;0;0
6166;95 jaar en ouder;2046;0;0;0;0;0;17849;6092;11757;0;0;0;0;0;0;0;0;0
6167;95 jaar en ouder;2047;0;0;0;0;0;18009;6145;11863;0;0;0;0;0;0;0;0;0
6168;95 jaar en ouder;2048;0;0;0;0;0;18094;6183;11909;0;0;0;0;0;0;0;0;0
6169;95 jaar en ouder;2049;0;0;0;0;0;18214;6234;11977;0;0;0;0;0;0;0;0;0
6170;95 jaar en ouder;2050;0;0;0;0;0;18336;6277;12058;0;0;0;0;0;0;0;0;0
6171;0-9 jaar;2000;0;0;0;0;0;1527;875;651;18983;9508;9475;10034;5144;4892;8949;4364;4583
6172;0-9 jaar;2001;0;0;0;0;0;1515;877;638;19123;9585;9538;10293;5272;5022;8830;4313;4516
6173;0-9 jaar;2002;0;0;0;0;0;1475;851;625;19223;9623;9600;10462;5349;5111;8761;4274;4489
6174;0-9 jaar;2003;0;0;0;0;0;1447;832;616;19241;9631;9610;10585;5405;5179;8656;4226;4431
6175;0-9 jaar;2004;0;0;0;0;0;1410;805;605;19224;9622;9602;10659;5439;5221;8565;4183;4381
6176;0-9 jaar;2005;0;0;0;0;0;1384;793;591;19146;9579;9567;10707;5458;5249;8439;4121;4318
6177;0-9 jaar;2006;0;0;0;0;0;1358;777;584;19059;9529;9530;10704;5453;5252;8355;4076;4278
6178;0-9 jaar;2007;0;0;0;0;0;1337;759;579;18985;9483;9502;10669;5433;5234;8316;4050;4268
6179;0-9 jaar;2008;0;0;0;0;0;1317;746;571;18921;9443;9478;10594;5391;5205;8327;4052;4273
6180;0-9 jaar;2009;0;0;0;0;0;1290;729;561;18897;9429;9468;10527;5355;5174;8370;4074;4294
6181;0-9 jaar;2010;0;0;0;0;0;1287;723;564;18886;9435;9451;10454;5312;5141;8432;4123;4310
6182;0-9 jaar;2011;0;0;0;0;0;1266;706;560;18904;9443;9461;10383;5275;5109;8521;4168;4352
6183;0-9 jaar;2012;0;0;0;0;0;1254;706;550;18915;9448;9467;10319;5242;5080;8596;4206;4387
6184;0-9 jaar;2013;0;0;0;0;0;1246;695;551;18904;9441;9463;10270;5214;5056;8634;4227;4407
6185;0-9 jaar;2014;0;0;0;0;0;1246;694;552;18911;9444;9467;10235;5193;5043;8676;4251;4424
6186;0-9 jaar;2015;0;0;0;0;0;1243;692;551;18896;9439;9457;10209;5180;5031;8687;4259;4426
6187;0-9 jaar;2016;0;0;0;0;0;1243;691;553;18885;9428;9457;10203;5173;5029;8682;4255;4428
6188;0-9 jaar;2017;0;0;0;0;0;1253;699;553;18883;9429;9454;10206;5174;5034;8677;4255;4420
6189;0-9 jaar;2018;0;0;0;0;0;1256;699;557;18869;9416;9453;10221;5178;5042;8648;4238;4411
6190;0-9 jaar;2019;0;0;0;0;0;1255;698;557;18877;9417;9460;10245;5192;5056;8632;4225;4404
6191;0-9 jaar;2020;0;0;0;0;0;1265;699;568;18875;9420;9455;10282;5206;5075;8593;4214;4380
6192;0-9 jaar;2021;0;0;0;0;0;1256;696;559;18875;9420;9455;10322;5227;5094;8553;4193;4361
6193;0-9 jaar;2022;0;0;0;0;0;1264;698;566;18875;9420;9455;10363;5248;5116;8512;4172;4339
6194;0-9 jaar;2023;0;0;0;0;0;1262;698;567;18875;9420;9455;10408;5269;5138;8467;4151;4317
6195;0-9 jaar;2024;0;0;0;0;0;1268;699;573;18875;9420;9455;10453;5294;5159;8422;4126;4296
6196;0-9 jaar;2025;0;0;0;0;0;1271;695;575;18875;9420;9455;10497;5316;5180;8378;4104;4275
6197;0-9 jaar;2026;0;0;0;0;0;1268;697;572;18875;9420;9455;10542;5340;5202;8333;4080;4253
6198;0-9 jaar;2027;0;0;0;0;0;1265;694;571;18875;9420;9455;10581;5360;5223;8294;4060;4232
6199;0-9 jaar;2028;0;0;0;0;0;1259;689;571;18875;9420;9455;10621;5379;5241;8254;4041;4214
6200;0-9 jaar;2029;0;0;0;0;0;1265;699;567;18875;9420;9455;10657;5396;5258;8218;4024;4197
6201;0-9 jaar;2030;0;0;0;0;0;1259;696;563;18875;9420;9455;10689;5414;5274;8186;4006;4181
6202;0-9 jaar;2031;0;0;0;0;0;1260;698;561;18875;9420;9455;10716;5429;5286;8159;3991;4169
6203;0-9 jaar;2032;0;0;0;0;0;1264;701;562;18875;9420;9455;10739;5441;5298;8136;3979;4157
6204;0-9 jaar;2033;0;0;0;0;0;1261;696;562;18875;9420;9455;10760;5452;5308;8115;3968;4147
6205;0-9 jaar;2034;0;0;0;0;0;1252;689;561;18875;9420;9455;10772;5459;5315;8103;3961;4140
6206;0-9 jaar;2035;0;0;0;0;0;1246;682;561;18875;9420;9455;10784;5464;5318;8091;3956;4137
6207;0-9 jaar;2036;0;0;0;0;0;1236;677;556;18875;9420;9455;10788;5466;5322;8087;3954;4133
6208;0-9 jaar;2037;0;0;0;0;0;1231;675;552;18875;9420;9455;10788;5466;5320;8087;3954;4135
6209;0-9 jaar;2038;0;0;0;0;0;1220;671;546;18875;9420;9455;10784;5464;5319;8091;3956;4136
6210;0-9 jaar;2039;0;0;0;0;0;1210;668;539;18875;9420;9455;10773;5459;5313;8102;3961;4142
6211;0-9 jaar;2040;0;0;0;0;0;1218;670;544;18875;9420;9455;10760;5454;5308;8115;3966;4147
6212;0-9 jaar;2041;0;0;0;0;0;1205;664;540;18875;9420;9455;10745;5444;5300;8130;3976;4155
6213;0-9 jaar;2042;0;0;0;0;0;1200;661;538;18875;9420;9455;10730;5437;5293;8145;3983;4162
6214;0-9 jaar;2043;0;0;0;0;0;1195;658;536;18875;9420;9455;10714;5430;5286;8161;3990;4169
6215;0-9 jaar;2044;0;0;0;0;0;1189;654;535;18875;9420;9455;10700;5422;5277;8175;3998;4178
6216;0-9 jaar;2045;0;0;0;0;0;1191;657;534;18875;9420;9455;10686;5416;5272;8189;4004;4183
6217;0-9 jaar;2046;0;0;0;0;0;1192;658;534;18875;9420;9455;10680;5412;5267;8195;4008;4188
6218;0-9 jaar;2047;0;0;0;0;0;1194;657;538;18875;9420;9455;10676;5411;5263;8199;4009;4192
6219;0-9 jaar;2048;0;0;0;0;0;1190;656;534;18875;9420;9455;10675;5411;5265;8200;4009;4190
6220;0-9 jaar;2049;0;0;0;0;0;1192;653;538;18875;9420;9455;10684;5412;5269;8191;4008;4186
6221;0-9 jaar;2050;0;0;0;0;0;1191;653;538;18875;9420;9455;10692;5420;5274;8183;4000;4181
6222;10-19 jaar;2000;2120;1975;141;2;2;465;292;173;18663;9130;9533;6950;3674;3276;11713;5456;6257
6223;10-19 jaar;2001;2083;1933;147;1;2;454;280;176;18421;9082;9339;7099;3740;3361;11322;5342;5978
6224;10-19 jaar;2002;1995;1856;137;2;2;454;278;177;18430;9061;9369;7201;3777;3424;11229;5284;5945
6225;10-19 jaar;2003;1966;1823;138;3;2;455;280;176;18375;9024;9351;7313;3818;3495;11062;5206;5856
6226;10-19 jaar;2004;1962;1815;142;4;2;455;276;178;18281;8969;9312;7387;3845;3541;10894;5124;5771
6227;10-19 jaar;2005;1961;1808;146;5;2;455;276;178;18146;8884;9262;7448;3871;3577;10698;5013;5685
6228;10-19 jaar;2006;1938;1784;146;6;2;445;272;173;18003;8796;9207;7514;3899;3615;10489;4897;5592
6229;10-19 jaar;2007;1930;1773;148;7;2;452;276;176;17883;8724;9159;7587;3924;3661;10296;4800;5498
6230;10-19 jaar;2008;1941;1782;150;7;2;455;275;180;17763;8650;9113;7681;3966;3715;10082;4684;5398
6231;10-19 jaar;2009;1957;1795;153;7;2;443;271;172;17687;8596;9091;7753;3998;3755;9934;4598;5336
6232;10-19 jaar;2010;1940;1776;155;8;1;440;265;174;17637;8587;9050;7797;4015;3785;9840;4572;5265
6233;10-19 jaar;2011;1915;1752;153;8;1;438;268;171;17606;8567;9039;7841;4032;3809;9765;4535;5230
6234;10-19 jaar;2012;1893;1731;153;8;1;438;264;173;17556;8538;9018;7880;4047;3833;9676;4491;5185
6235;10-19 jaar;2013;1886;1722;153;9;1;429;253;174;17511;8510;9001;7905;4058;3850;9606;4452;5151
6236;10-19 jaar;2014;1862;1700;151;10;1;428;255;173;17471;8484;8987;7917;4058;3858;9554;4426;5129
6237;10-19 jaar;2015;1866;1704;151;10;1;429;261;169;17415;8450;8965;7920;4060;3863;9495;4390;5102
6238;10-19 jaar;2016;1899;1733;155;10;1;426;255;171;17364;8418;8946;7911;4050;3859;9453;4368;5087
6239;10-19 jaar;2017;1933;1763;157;11;1;421;248;175;17318;8392;8926;7886;4037;3845;9432;4355;5081
6240;10-19 jaar;2018;1950;1779;159;12;1;424;248;175;17277;8368;8909;7838;4015;3825;9439;4353;5084
6241;10-19 jaar;2019;1968;1793;163;12;1;420;252;167;17242;8341;8901;7797;3992;3806;9445;4349;5095
6242;10-19 jaar;2020;1958;1783;162;12;1;413;245;168;17216;8323;8893;7750;3967;3784;9466;4356;5109
6243;10-19 jaar;2021;1940;1765;161;12;2;406;239;167;17216;8323;8893;7705;3944;3762;9511;4379;5131
6244;10-19 jaar;2022;1914;1741;159;12;2;402;246;157;17216;8323;8893;7667;3923;3744;9549;4400;5149
6245;10-19 jaar;2023;1891;1721;157;11;2;401;243;159;17216;8323;8893;7636;3908;3729;9580;4415;5164
6246;10-19 jaar;2024;1866;1697;155;11;2;396;240;156;17216;8323;8893;7610;3896;3715;9606;4427;5178
6247;10-19 jaar;2025;1843;1677;153;11;2;393;234;160;17216;8323;8893;7591;3884;3706;9625;4439;5187
6248;10-19 jaar;2026;1827;1661;152;12;2;385;224;159;17216;8323;8893;7580;3880;3702;9636;4443;5191
6249;10-19 jaar;2027;1808;1643;151;12;2;386;225;161;17216;8323;8893;7575;3879;3699;9641;4444;5194
6250;10-19 jaar;2028;1797;1636;148;12;1;376;218;159;17216;8323;8893;7578;3877;3697;9638;4446;5196
6251;10-19 jaar;2029;1791;1630;148;12;1;368;213;157;17216;8323;8893;7584;3881;3703;9632;4442;5190
6252;10-19 jaar;2030;1788;1627;148;12;1;374;215;160;17216;8323;8893;7594;3888;3706;9622;4435;5187
6253;10-19 jaar;2031;1789;1628;148;12;1;377;220;157;17216;8323;8893;7608;3894;3713;9608;4429;5180
6254;10-19 jaar;2032;1792;1630;149;12;1;373;217;156;17216;8323;8893;7624;3902;3719;9592;4421;5174
6255;10-19 jaar;2033;1794;1632;149;12;1;378;221;156;17216;8323;8893;7641;3911;3728;9575;4412;5165
6256;10-19 jaar;2034;1802;1640;149;12;1;374;215;158;17216;8323;8893;7659;3921;3737;9557;4402;5156
6257;10-19 jaar;2035;1810;1648;149;12;1;373;217;154;17216;8323;8893;7677;3933;3745;9539;4390;5148
6258;10-19 jaar;2036;1821;1657;151;12;1;379;218;164;17216;8323;8893;7694;3942;3752;9522;4381;5141
6259;10-19 jaar;2037;1836;1671;152;12;1;385;221;164;17216;8323;8893;7712;3949;3762;9504;4374;5131
6260;10-19 jaar;2038;1850;1683;153;13;1;369;216;155;17216;8323;8893;7728;3959;3771;9488;4364;5122
6261;10-19 jaar;2039;1865;1696;155;13;1;371;217;155;17216;8323;8893;7741;3967;3774;9475;4356;5119
6262;10-19 jaar;2040;1873;1703;156;13;1;371;215;157;17216;8323;8893;7756;3973;3783;9460;4350;5110
6263;10-19 jaar;2041;1882;1712;156;13;1;364;209;153;17216;8323;8893;7768;3980;3787;9448;4343;5106
6264;10-19 jaar;2042;1890;1719;157;13;1;366;211;154;17216;8323;8893;7777;3984;3793;9439;4339;5100
6265;10-19 jaar;2043;1896;1724;157;13;1;356;205;150;17216;8323;8893;7785;3989;3796;9431;4334;5097
6266;10-19 jaar;2044;1902;1729;157;13;1;355;204;151;17216;8323;8893;7791;3993;3800;9425;4330;5093
6267;10-19 jaar;2045;1907;1734;158;14;1;354;207;148;17216;8323;8893;7796;3994;3800;9420;4329;5093
6268;10-19 jaar;2046;1911;1737;159;14;1;350;203;145;17216;8323;8893;7797;3995;3802;9419;4328;5091
6269;10-19 jaar;2047;1915;1741;159;14;1;348;201;147;17216;8323;8893;7796;3996;3801;9420;4327;5092
6270;10-19 jaar;2048;1917;1743;160;14;1;350;204;146;17216;8323;8893;7791;3993;3798;9425;4330;5095
6271;10-19 jaar;2049;1919;1745;160;14;1;348;202;146;17216;8323;8893;7790;3993;3797;9426;4330;5096
6272;10-19 jaar;2050;1918;1744;160;14;1;347;202;145;17216;8323;8893;7786;3990;3794;9430;4333;5099
6273;20-29 jaar;2000;71291;44381;20946;4751;1216;976;633;344;42452;20259;22193;19428;10319;9110;23024;9940;13083
6274;20-29 jaar;2001;69291;43266;20268;4595;1164;940;618;319;42400;20287;22113;19685;10397;9287;22715;9890;12826
6275;20-29 jaar;2002;67486;42254;19653;4456;1125;903;591;312;42607;20353;22254;19928;10485;9444;22679;9868;12810
6276;20-29 jaar;2003;66560;41758;19305;4389;1109;880;571;309;42681;20390;22291;20273;10635;9638;22408;9755;12653
6277;20-29 jaar;2004;66215;41568;19154;4394;1100;863;553;310;42680;20402;22278;20559;10758;9801;22121;9644;12477
6278;20-29 jaar;2005;66541;41719;19269;4453;1100;848;550;298;42562;20334;22228;20874;10895;9980;21688;9439;12248
6279;20-29 jaar;2006;67081;42006;19446;4520;1109;829;538;291;42428;20254;22174;21179;11031;10147;21249;9223;12027
6280;20-29 jaar;2007;67690;42335;19649;4588;1119;840;538;302;42300;20182;22118;21453;11164;10287;20847;9018;11831
6281;20-29 jaar;2008;68184;42604;19814;4641;1126;824;529;295;42197;20122;22075;21677;11271;10406;20520;8851;11669
6282;20-29 jaar;2009;68696;42894;19978;4693;1129;830;535;295;42152;20087;22065;21897;11375;10523;20255;8712;11542
6283;20-29 jaar;2010;68939;43074;20019;4720;1127;835;538;297;42115;20138;21977;22084;11463;10623;20031;8675;11354
6284;20-29 jaar;2011;69393;43400;20103;4760;1128;828;526;302;42090;20144;21946;22270;11548;10721;19820;8596;11225
6285;20-29 jaar;2012;70332;43966;20376;4846;1145;827;524;302;42052;20140;21912;22455;11633;10824;19597;8507;11088
6286;20-29 jaar;2013;71451;44604;20727;4957;1162;826;525;301;41998;20132;21866;22646;11717;10926;19352;8415;10940
6287;20-29 jaar;2014;72445;45166;21042;5052;1185;827;527;298;41929;20116;21813;22801;11789;11011;19128;8327;10802
6288;20-29 jaar;2015;73204;45577;21292;5138;1199;828;524;305;41848;20097;21751;22920;11849;11070;18928;8248;10681
6289;20-29 jaar;2016;73626;45800;21427;5191;1209;824;522;302;41789;20082;21707;23009;11892;11118;18780;8190;10589
6290;20-29 jaar;2017;74096;46046;21581;5250;1218;822;512;309;41712;20063;21649;23091;11921;11170;18621;8142;10479
6291;20-29 jaar;2018;74644;46345;21754;5311;1229;809;508;303;41659;20052;21607;23186;11966;11221;18473;8086;10386
6292;20-29 jaar;2019;75059;46567;21895;5359;1241;805;505;300;41627;20043;21584;23255;12001;11256;18372;8042;10328
6293;20-29 jaar;2020;75096;46608;21882;5363;1242;805;505;299;41606;20045;21561;23286;12007;11277;18320;8038;10284
6294;20-29 jaar;2021;75073;46633;21839;5361;1235;807;499;305;41606;20045;21561;23327;12034;11293;18279;8011;10268
6295;20-29 jaar;2022;75250;46770;21868;5375;1234;806;499;307;41606;20045;21561;23379;12063;11315;18227;7982;10246
6296;20-29 jaar;2023;75477;46923;21919;5401;1235;808;504;303;41606;20045;21561;23437;12099;11338;18169;7946;10223
6297;20-29 jaar;2024;75701;47078;21961;5426;1235;792;495;299;41606;20045;21561;23481;12123;11355;18125;7922;10206
6298;20-29 jaar;2025;76247;47384;22129;5487;1247;800;496;303;41606;20045;21561;23531;12154;11379;18075;7891;10182
6299;20-29 jaar;2026;76898;47711;22360;5560;1263;795;490;305;41606;20045;21561;23553;12164;11390;18053;7881;10171
6300;20-29 jaar;2027;77321;47886;22537;5620;1280;786;486;302;41606;20045;21561;23545;12164;11383;18061;7881;10178
6301;20-29 jaar;2028;77334;47837;22574;5639;1284;786;486;301;41606;20045;21561;23478;12130;11349;18128;7915;10212
6302;20-29 jaar;2029;77205;47690;22576;5651;1290;770;476;296;41606;20045;21561;23400;12084;11313;18206;7961;10248
6303;20-29 jaar;2030;76641;47321;22419;5619;1281;758;465;292;41606;20045;21561;23288;12027;11263;18318;8018;10298
6304;20-29 jaar;2031;75970;46904;22220;5576;1269;747;461;286;41606;20045;21561;23175;11966;11209;18431;8079;10352
6305;20-29 jaar;2032;75271;46483;22006;5526;1255;724;445;279;41606;20045;21561;23065;11907;11159;18541;8138;10402
6306;20-29 jaar;2033;74625;46101;21800;5479;1244;721;445;276;41606;20045;21561;22973;11857;11115;18633;8188;10446
6307;20-29 jaar;2034;74061;45773;21616;5437;1231;726;449;280;41606;20045;21561;22897;11817;11080;18709;8228;10481
6308;20-29 jaar;2035;73606;45518;21464;5399;1223;707;433;273;41606;20045;21561;22841;11788;11054;18765;8257;10507
6309;20-29 jaar;2036;73262;45330;21340;5375;1214;707;436;270;41606;20045;21561;22804;11770;11036;18802;8275;10525
6310;20-29 jaar;2037;73055;45226;21263;5357;1210;696;426;269;41606;20045;21561;22790;11763;11029;18816;8282;10532
6311;20-29 jaar;2038;72958;45190;21214;5350;1204;696;430;265;41606;20045;21561;22795;11765;11029;18811;8280;10532
6312;20-29 jaar;2039;72982;45222;21206;5350;1203;695;428;265;41606;20045;21561;22813;11776;11036;18793;8269;10525
6313;20-29 jaar;2040;73106;45310;21231;5361;1204;689;419;270;41606;20045;21561;22848;11795;11050;18758;8250;10511
6314;20-29 jaar;2041;73302;45441;21278;5377;1208;697;428;270;41606;20045;21561;22890;11821;11067;18716;8224;10494
6315;20-29 jaar;2042;73549;45603;21339;5394;1209;686;422;265;41606;20045;21561;22940;11850;11092;18666;8195;10469
6316;20-29 jaar;2043;73840;45788;21420;5415;1214;689;426;264;41606;20045;21561;22997;11881;11116;18609;8164;10445
6317;20-29 jaar;2044;74155;45979;21511;5444;1222;684;416;269;41606;20045;21561;23057;11915;11143;18549;8130;10418
6318;20-29 jaar;2045;74485;46176;21610;5470;1226;690;419;274;41606;20045;21561;23115;11948;11168;18491;8097;10393
6319;20-29 jaar;2046;74813;46370;21712;5496;1233;693;419;274;41606;20045;21561;23174;11981;11195;18432;8064;10366
6320;20-29 jaar;2047;75125;46549;21817;5520;1237;685;421;264;41606;20045;21561;23230;12014;11219;18376;8031;10342
6321;20-29 jaar;2048;75402;46698;21916;5541;1245;692;418;275;41606;20045;21561;23286;12042;11244;18320;8003;10317
6322;20-29 jaar;2049;75688;46868;22009;5560;1249;687;424;265;41606;20045;21561;23335;12069;11264;18271;7976;10297
6323;20-29 jaar;2050;75943;47019;22086;5584;1255;687;424;265;41606;20045;21561;23379;12094;11285;18227;7951;10276
6324;30-39 jaar;2000;127234;46584;51960;19990;8704;2177;1317;861;29924;16084;13840;22842;13389;9454;7082;2695;4386
6325;30-39 jaar;2001;128794;47008;53132;19891;8764;2141;1306;837;30121;16226;13895;23270;13570;9699;6851;2656;4196
6326;30-39 jaar;2002;128901;46686;53620;19801;8795;2073;1253;818;30307;16307;14000;23537;13642;9895;6770;2665;4105
6327;30-39 jaar;2003;126968;45467;53264;19479;8761;2022;1209;814;30411;16366;14045;23665;13629;10036;6746;2737;4009
6328;30-39 jaar;2004;124272;44048;52384;19156;8685;1942;1160;784;30478;16410;14068;23674;13550;10121;6804;2860;3947
6329;30-39 jaar;2005;120937;42546;51128;18675;8588;1873;1109;765;30476;16408;14068;23666;13462;10204;6810;2946;3864
6330;30-39 jaar;2006;117617;41198;49813;18143;8463;1817;1076;741;30455;16397;14058;23684;13390;10294;6771;3007;3764
6331;30-39 jaar;2007;114455;40053;48572;17522;8309;1771;1037;732;30433;16382;14051;23717;13336;10380;6716;3046;3671
6332;30-39 jaar;2008;111841;39151;47551;16993;8145;1719;1002;716;30423;16372;14051;23751;13285;10463;6672;3087;3588
6333;30-39 jaar;2009;109378;38314;46710;16408;7946;1647;953;693;30435;16375;14060;23748;13214;10534;6687;3161;3526
6334;30-39 jaar;2010;107991;37912;46279;16004;7799;1563;904;659;30451;16421;14030;23812;13190;10620;6639;3231;3410
6335;30-39 jaar;2011;107073;37663;46036;15694;7679;1526;879;651;30471;16436;14035;23920;13204;10716;6551;3232;3319
6336;30-39 jaar;2012;106171;37307;45813;15451;7601;1486;855;631;30476;16441;14035;24039;13236;10802;6437;3205;3233
6337;30-39 jaar;2013;105627;37062;45693;15292;7577;1447;834;613;30469;16446;14023;24188;13290;10900;6281;3156;3123
6338;30-39 jaar;2014;105507;37010;45715;15199;7581;1427;818;608;30458;16444;14014;24357;13354;11003;6101;3090;3011
6339;30-39 jaar;2015;105755;37101;45878;15166;7611;1425;813;615;30435;16441;13994;24552;13431;11121;5883;3010;2873
6340;30-39 jaar;2016;106446;37388;46214;15181;7661;1416;804;610;30431;16444;13987;24760;13517;11242;5671;2927;2745
6341;30-39 jaar;2017;107177;37654;46597;15212;7715;1405;795;608;30415;16441;13974;24943;13602;11343;5472;2839;2631
6342;30-39 jaar;2018;107877;37878;46986;15250;7765;1406;796;611;30402;16439;13963;25086;13661;11427;5316;2778;2536
6343;30-39 jaar;2019;108692;38146;47415;15305;7829;1409;789;618;30405;16442;13963;25224;13716;11509;5181;2726;2454
6344;30-39 jaar;2020;109797;38565;47958;15379;7896;1396;793;605;30413;16452;13961;25369;13782;11586;5044;2670;2375
6345;30-39 jaar;2021;110929;38974;48496;15477;7979;1416;793;622;30413;16452;13961;25488;13851;11639;4925;2601;2322
6346;30-39 jaar;2022;111860;39258;48946;15583;8071;1410;793;617;30413;16452;13961;25591;13910;11682;4822;2542;2279
6347;30-39 jaar;2023;112627;39460;49315;15683;8168;1410;790;623;30413;16452;13961;25680;13960;11720;4733;2492;2241
6348;30-39 jaar;2024;113236;39624;49602;15760;8249;1402;789;615;30413;16452;13961;25753;14003;11751;4660;2449;2210
6349;30-39 jaar;2025;113383;39613;49682;15783;8303;1409;784;625;30413;16452;13961;25787;14029;11759;4626;2423;2202
6350;30-39 jaar;2026;113260;39526;49636;15762;8335;1405;789;619;30413;16452;13961;25815;14050;11766;4598;2402;2195
6351;30-39 jaar;2027;113318;39551;49648;15755;8365;1404;777;627;30413;16452;13961;25851;14066;11782;4562;2386;2179
6352;30-39 jaar;2028;113729;39747;49806;15778;8399;1409;784;624;30413;16452;13961;25921;14108;11813;4492;2344;2148
6353;30-39 jaar;2029;114178;39955;49996;15796;8428;1402;779;622;30413;16452;13961;25980;14146;11834;4433;2306;2127
6354;30-39 jaar;2030;114864;40270;50314;15825;8452;1396;772;622;30413;16452;13961;26028;14173;11854;4385;2279;2107
6355;30-39 jaar;2031;115555;40546;50665;15859;8485;1387;771;618;30413;16452;13961;26073;14200;11871;4340;2252;2090
6356;30-39 jaar;2032;116169;40754;50983;15908;8523;1386;760;628;30413;16452;13961;26112;14224;11888;4301;2228;2073
6357;30-39 jaar;2033;116566;40863;51192;15945;8567;1368;762;610;30413;16452;13961;26136;14240;11897;4277;2212;2064
6358;30-39 jaar;2034;116681;40853;51264;15961;8605;1366;755;613;30413;16452;13961;26143;14245;11897;4270;2207;2064
6359;30-39 jaar;2035;116599;40769;51220;15968;8641;1364;748;617;30413;16452;13961;26145;14248;11897;4268;2204;2064
6360;30-39 jaar;2036;116280;40609;51051;15953;8669;1350;748;600;30413;16452;13961;26127;14239;11888;4286;2213;2073
6361;30-39 jaar;2037;115721;40378;50771;15901;8671;1370;747;621;30413;16452;13961;26092;14220;11870;4321;2232;2091
6362;30-39 jaar;2038;114943;40093;50404;15807;8638;1345;740;607;30413;16452;13961;26030;14189;11842;4383;2263;2119
6363;30-39 jaar;2039;114102;39800;50014;15692;8595;1349;739;609;30413;16452;13961;25964;14149;11813;4449;2303;2148
6364;30-39 jaar;2040;113210;39511;49613;15555;8532;1328;725;604;30413;16452;13961;25884;14106;11777;4529;2346;2184
6365;30-39 jaar;2041;112392;39257;49253;15417;8464;1307;722;584;30413;16452;13961;25811;14064;11746;4602;2388;2215
6366;30-39 jaar;2042;111708;39054;48956;15292;8405;1291;703;587;30413;16452;13961;25743;14026;11718;4670;2426;2243
6367;30-39 jaar;2043;111181;38911;48730;15188;8352;1260;692;567;30413;16452;13961;25693;13997;11696;4720;2455;2265
6368;30-39 jaar;2044;110818;38823;48578;15108;8308;1261;689;574;30413;16452;13961;25655;13976;11678;4758;2476;2283
6369;30-39 jaar;2045;110617;38791;48499;15050;8279;1245;676;566;30413;16452;13961;25630;13964;11666;4783;2488;2295
6370;30-39 jaar;2046;110581;38819;48489;15014;8261;1230;676;554;30413;16452;13961;25621;13960;11663;4792;2492;2298
6371;30-39 jaar;2047;110679;38885;48537;15001;8257;1230;673;555;30413;16452;13961;25625;13962;11663;4788;2490;2298
6372;30-39 jaar;2048;110888;38988;48636;15004;8262;1225;664;557;30413;16452;13961;25640;13972;11668;4773;2480;2293
6373;30-39 jaar;2049;111200;39125;48776;15025;8276;1212;667;548;30413;16452;13961;25666;13987;11679;4747;2465;2282
6374;30-39 jaar;2050;111582;39282;48947;15059;8297;1212;666;547;30413;16452;13961;25698;14007;11692;4715;2445;2269
6375;40-49 jaar;2000;5945;1342;1923;1165;1517;4472;2575;1893;12378;7039;5339;11858;6832;5030;520;207;309
6376;40-49 jaar;2001;6312;1428;2063;1268;1555;4456;2589;1866;12464;7101;5363;12270;7071;5200;194;30;163
6377;40-49 jaar;2002;6576;1488;2150;1348;1591;4422;2550;1871;12530;7138;5392;12635;7295;5340;-105;-157;52
6378;40-49 jaar;2003;6834;1553;2214;1434;1630;4391;2521;1869;12564;7166;5398;13010;7528;5483;-446;-362;-85
6379;40-49 jaar;2004;7083;1623;2277;1512;1672;4374;2497;1873;12578;7187;5391;13370;7748;5618;-792;-561;-227
6380;40-49 jaar;2005;7208;1659;2301;1560;1689;4371;2490;1880;12559;7178;5381;13674;7938;5735;-1115;-760;-354
6381;40-49 jaar;2006;7250;1672;2298;1580;1700;4359;2477;1883;12531;7170;5361;13920;8086;5833;-1389;-916;-472
6382;40-49 jaar;2007;7307;1692;2297;1610;1708;4340;2457;1881;12513;7161;5352;14150;8210;5941;-1637;-1049;-589
6383;40-49 jaar;2008;7400;1719;2315;1647;1717;4329;2438;1892;12486;7153;5333;14386;8328;6059;-1900;-1175;-726
6384;40-49 jaar;2009;7626;1775;2374;1712;1762;4330;2433;1897;12497;7159;5338;14645;8458;6188;-2148;-1299;-850
6385;40-49 jaar;2010;7711;1794;2391;1742;1780;4306;2415;1890;12498;7177;5321;14852;8542;6309;-2354;-1365;-988
6386;40-49 jaar;2011;7661;1780;2364;1739;1777;4278;2382;1896;12516;7187;5329;15031;8605;6427;-2515;-1418;-1098
6387;40-49 jaar;2012;7498;1750;2312;1688;1750;4221;2342;1880;12516;7193;5323;15164;8632;6532;-2648;-1439;-1209
6388;40-49 jaar;2013;7215;1675;2207;1641;1692;4135;2289;1844;12511;7192;5319;15217;8609;6604;-2706;-1417;-1285
6389;40-49 jaar;2014;6939;1608;2114;1571;1642;4032;2223;1810;12508;7198;5310;15234;8569;6665;-2726;-1371;-1355
6390;40-49 jaar;2015;6725;1552;2039;1539;1599;3927;2146;1779;12503;7200;5303;15231;8513;6717;-2728;-1313;-1414
6391;40-49 jaar;2016;6577;1514;1981;1522;1560;3828;2089;1742;12503;7201;5302;15235;8465;6770;-2732;-1264;-1468
6392;40-49 jaar;2017;6512;1494;1956;1525;1538;3739;2036;1700;12501;7205;5296;15255;8428;6828;-2754;-1223;-1532
6393;40-49 jaar;2018;6517;1496;1954;1544;1526;3622;1962;1658;12504;7208;5296;15266;8387;6876;-2762;-1179;-1580
6394;40-49 jaar;2019;6546;1500;1958;1562;1526;3488;1880;1608;12508;7211;5297;15243;8333;6913;-2735;-1122;-1616
6395;40-49 jaar;2020;6640;1520;1986;1594;1544;3371;1812;1560;12506;7214;5292;15250;8298;6954;-2744;-1084;-1662
6396;40-49 jaar;2021;6687;1526;1995;1615;1552;3252;1740;1511;12506;7214;5292;15266;8295;6968;-2760;-1081;-1676
6397;40-49 jaar;2022;6657;1513;1983;1619;1544;3171;1696;1477;12506;7214;5292;15284;8302;6982;-2778;-1088;-1690
6398;40-49 jaar;2023;6632;1505;1968;1619;1541;3112;1664;1447;12506;7214;5292;15325;8323;7001;-2819;-1109;-1709
6399;40-49 jaar;2024;6671;1510;1977;1637;1546;3067;1637;1432;12506;7214;5292;15381;8355;7026;-2875;-1141;-1734
6400;40-49 jaar;2025;6753;1529;2000;1665;1562;3055;1629;1427;12506;7214;5292;15458;8393;7067;-2952;-1179;-1775
6401;40-49 jaar;2026;6888;1560;2037;1705;1588;3040;1615;1428;12506;7214;5292;15550;8440;7108;-3044;-1226;-1816
6402;40-49 jaar;2027;6984;1580;2063;1735;1607;3034;1607;1428;12506;7214;5292;15627;8488;7139;-3121;-1274;-1847
6403;40-49 jaar;2028;7052;1593;2079;1756;1623;3032;1603;1429;12506;7214;5292;15691;8525;7167;-3185;-1311;-1875
6404;40-49 jaar;2029;7128;1608;2099;1781;1640;3033;1602;1429;12506;7214;5292;15755;8562;7191;-3249;-1348;-1899
6405;40-49 jaar;2030;7256;1637;2134;1819;1668;3028;1602;1428;12506;7214;5292;15824;8607;7217;-3318;-1393;-1925
6406;40-49 jaar;2031;7367;1656;2164;1853;1693;3014;1587;1425;12506;7214;5292;15885;8643;7243;-3379;-1429;-1951
6407;40-49 jaar;2032;7388;1660;2163;1864;1702;3040;1597;1441;12506;7214;5292;15938;8673;7267;-3432;-1459;-1975
6408;40-49 jaar;2033;7399;1659;2165;1871;1706;3046;1598;1449;12506;7214;5292;15984;8700;7285;-3478;-1486;-1993
6409;40-49 jaar;2034;7413;1658;2163;1877;1709;3064;1612;1453;12506;7214;5292;16025;8724;7302;-3519;-1510;-2010
6410;40-49 jaar;2035;7377;1649;2150;1874;1705;3066;1609;1456;12506;7214;5292;16044;8737;7308;-3538;-1523;-2016
6411;40-49 jaar;2036;7339;1639;2135;1868;1699;3062;1602;1459;12506;7214;5292;16059;8749;7312;-3553;-1535;-2020
6412;40-49 jaar;2037;7364;1645;2144;1879;1701;3042;1596;1447;12506;7214;5292;16082;8760;7321;-3576;-1546;-2029
6413;40-49 jaar;2038;7457;1665;2170;1904;1718;3047;1595;1451;12506;7214;5292;16120;8782;7339;-3614;-1568;-2047
6414;40-49 jaar;2039;7536;1683;2194;1929;1732;3039;1586;1452;12506;7214;5292;16155;8804;7350;-3649;-1590;-2058
6415;40-49 jaar;2040;7646;1705;2225;1958;1756;3024;1575;1450;12506;7214;5292;16183;8822;7364;-3677;-1608;-2072
6416;40-49 jaar;2041;7718;1721;2244;1978;1773;3018;1575;1442;12506;7214;5292;16215;8839;7374;-3709;-1625;-2082
6417;40-49 jaar;2042;7740;1726;2247;1987;1778;3009;1572;1439;12506;7214;5292;16237;8853;7386;-3731;-1639;-2094
6418;40-49 jaar;2043;7722;1716;2241;1987;1777;3005;1572;1433;12506;7214;5292;16257;8865;7394;-3751;-1651;-2102
6419;40-49 jaar;2044;7678;1705;2225;1977;1772;3003;1564;1439;12506;7214;5292;16267;8870;7396;-3761;-1656;-2104
6420;40-49 jaar;2045;7626;1695;2204;1968;1762;2988;1562;1427;12506;7214;5292;16273;8873;7399;-3767;-1659;-2107
6421;40-49 jaar;2046;7556;1679;2183;1951;1747;2987;1557;1429;12506;7214;5292;16271;8871;7399;-3765;-1657;-2107
6422;40-49 jaar;2047;7495;1663;2164;1936;1734;2988;1558;1429;12506;7214;5292;16258;8866;7391;-3752;-1652;-2099
6423;40-49 jaar;2048;7434;1649;2144;1921;1721;2960;1539;1419;12506;7214;5292;16232;8851;7380;-3726;-1637;-2088
6424;40-49 jaar;2049;7385;1637;2128;1911;1710;2937;1533;1402;12506;7214;5292;16202;8834;7368;-3696;-1620;-2076
6425;40-49 jaar;2050;7337;1627;2115;1899;1696;2905;1515;1388;12506;7214;5292;16165;8815;7353;-3659;-1601;-2061
6426;50-59 jaar;2000;0;0;0;0;0;9756;5979;3778;6106;3571;2535;5739;3382;2356;367;189;179
6427;50-59 jaar;2001;0;0;0;0;0;9932;6115;3816;6121;3589;2532;5945;3484;2459;176;105;73
6428;50-59 jaar;2002;0;0;0;0;0;10061;6170;3887;6149;3609;2540;6138;3577;2559;11;32;-19
6429;50-59 jaar;2003;0;0;0;0;0;10118;6170;3948;6152;3616;2536;6322;3663;2657;-170;-47;-121
6430;50-59 jaar;2004;0;0;0;0;0;10142;6159;3984;6151;3618;2533;6494;3749;2745;-343;-131;-212
6431;50-59 jaar;2005;0;0;0;0;0;10305;6234;4072;6123;3609;2514;6666;3837;2829;-543;-228;-315
6432;50-59 jaar;2006;0;0;0;0;0;10011;6034;3979;6097;3595;2502;6790;3896;2893;-693;-301;-391
6433;50-59 jaar;2007;0;0;0;0;0;9802;5883;3920;6071;3584;2487;6920;3964;2956;-849;-380;-469
6434;50-59 jaar;2008;0;0;0;0;0;9682;5784;3896;6056;3577;2479;7074;4047;3026;-1018;-470;-547
6435;50-59 jaar;2009;0;0;0;0;0;9638;5733;3904;6043;3570;2473;7245;4143;3105;-1202;-573;-632
6436;50-59 jaar;2010;0;0;0;0;0;9645;5713;3932;6044;3575;2469;7454;4264;3190;-1410;-689;-721
6437;50-59 jaar;2011;0;0;0;0;0;9682;5725;3957;6043;3578;2465;7645;4370;3275;-1602;-792;-810
6438;50-59 jaar;2012;0;0;0;0;0;9685;5703;3983;6045;3585;2460;7833;4483;3353;-1788;-898;-893
6439;50-59 jaar;2013;0;0;0;0;0;9725;5710;4018;6047;3586;2461;8029;4594;3435;-1982;-1008;-974
6440;50-59 jaar;2014;0;0;0;0;0;9782;5722;4059;6039;3584;2455;8235;4710;3523;-2196;-1126;-1068
6441;50-59 jaar;2015;0;0;0;0;0;9814;5736;4076;6041;3585;2456;8415;4813;3602;-2374;-1228;-1146
6442;50-59 jaar;2016;0;0;0;0;0;9828;5725;4105;6039;3583;2456;8569;4895;3672;-2530;-1312;-1216
6443;50-59 jaar;2017;0;0;0;0;0;9824;5717;4107;6030;3582;2448;8705;4962;3743;-2675;-1380;-1295
6444;50-59 jaar;2018;0;0;0;0;0;9821;5696;4123;6028;3580;2448;8849;5025;3825;-2821;-1445;-1377
6445;50-59 jaar;2019;0;0;0;0;0;9804;5682;4125;6029;3580;2449;9008;5095;3914;-2979;-1515;-1465
6446;50-59 jaar;2020;0;0;0;0;0;9798;5670;4128;6032;3580;2452;9139;5144;3997;-3107;-1564;-1545
6447;50-59 jaar;2021;0;0;0;0;0;9720;5613;4108;6032;3580;2452;9245;5188;4057;-3213;-1608;-1605
6448;50-59 jaar;2022;0;0;0;0;0;9605;5532;4073;6032;3580;2452;9316;5208;4105;-3284;-1628;-1653
6449;50-59 jaar;2023;0;0;0;0;0;9426;5407;4018;6032;3580;2452;9338;5205;4135;-3306;-1625;-1683
6450;50-59 jaar;2024;0;0;0;0;0;9205;5275;3930;6032;3580;2452;9338;5181;4155;-3306;-1601;-1703
6451;50-59 jaar;2025;0;0;0;0;0;8993;5135;3858;6032;3580;2452;9317;5152;4164;-3285;-1572;-1712
6452;50-59 jaar;2026;0;0;0;0;0;8791;5021;3771;6032;3580;2452;9295;5123;4171;-3263;-1543;-1719
6453;50-59 jaar;2027;0;0;0;0;0;8576;4886;3689;6032;3580;2452;9284;5101;4184;-3252;-1521;-1732
6454;50-59 jaar;2028;0;0;0;0;0;8330;4742;3587;6032;3580;2452;9264;5076;4189;-3232;-1496;-1737
6455;50-59 jaar;2029;0;0;0;0;0;8033;4550;3482;6032;3580;2452;9227;5038;4186;-3195;-1458;-1734
6456;50-59 jaar;2030;0;0;0;0;0;7767;4393;3374;6032;3580;2452;9202;5014;4185;-3170;-1434;-1733
6457;50-59 jaar;2031;0;0;0;0;0;7520;4239;3279;6032;3580;2452;9185;5001;4185;-3153;-1421;-1733
6458;50-59 jaar;2032;0;0;0;0;0;7314;4124;3188;6032;3580;2452;9179;4995;4184;-3147;-1415;-1732
6459;50-59 jaar;2033;0;0;0;0;0;7171;4038;3133;6032;3580;2452;9188;5000;4189;-3156;-1420;-1737
6460;50-59 jaar;2034;0;0;0;0;0;7095;3989;3107;6032;3580;2452;9208;5010;4200;-3176;-1430;-1748
6461;50-59 jaar;2035;0;0;0;0;0;7050;3960;3089;6032;3580;2452;9247;5029;4219;-3215;-1449;-1767
6462;50-59 jaar;2036;0;0;0;0;0;7029;3939;3090;6032;3580;2452;9296;5054;4241;-3264;-1474;-1789
6463;50-59 jaar;2037;0;0;0;0;0;7031;3941;3089;6032;3580;2452;9338;5080;4257;-3306;-1500;-1805
6464;50-59 jaar;2038;0;0;0;0;0;7030;3927;3102;6032;3580;2452;9370;5101;4271;-3338;-1521;-1819
6465;50-59 jaar;2039;0;0;0;0;0;7017;3924;3094;6032;3580;2452;9406;5123;4284;-3374;-1543;-1832
6466;50-59 jaar;2040;0;0;0;0;0;7005;3910;3095;6032;3580;2452;9445;5146;4299;-3413;-1566;-1847
6467;50-59 jaar;2041;0;0;0;0;0;7011;3911;3098;6032;3580;2452;9483;5169;4316;-3451;-1589;-1864
6468;50-59 jaar;2042;0;0;0;0;0;7051;3938;3112;6032;3580;2452;9521;5190;4329;-3489;-1610;-1877
6469;50-59 jaar;2043;0;0;0;0;0;7087;3957;3132;6032;3580;2452;9553;5211;4342;-3521;-1631;-1890
6470;50-59 jaar;2044;0;0;0;0;0;7117;3975;3144;6032;3580;2452;9581;5228;4353;-3549;-1648;-1901
6471;50-59 jaar;2045;0;0;0;0;0;7132;3976;3156;6032;3580;2452;9595;5237;4357;-3563;-1657;-1905
6472;50-59 jaar;2046;0;0;0;0;0;7117;3974;3145;6032;3580;2452;9612;5250;4361;-3580;-1670;-1909
6473;50-59 jaar;2047;0;0;0;0;0;7103;3961;3144;6032;3580;2452;9627;5257;4370;-3595;-1677;-1918
6474;50-59 jaar;2048;0;0;0;0;0;7104;3965;3139;6032;3580;2452;9653;5272;4381;-3621;-1692;-1929
6475;50-59 jaar;2049;0;0;0;0;0;7119;3962;3157;6032;3580;2452;9678;5286;4391;-3646;-1706;-1939
6476;50-59 jaar;2050;0;0;0;0;0;7106;3955;3152;6032;3580;2452;9701;5298;4401;-3669;-1718;-1949
6477;60-69 jaar;2000;0;0;0;0;0;19007;12151;6857;2417;1451;966;2204;1285;919;213;166;47
6478;60-69 jaar;2001;0;0;0;0;0;18876;12174;6704;2418;1461;957;2297;1348;947;121;113;10
6479;60-69 jaar;2002;0;0;0;0;0;18759;12064;6691;2420;1466;954;2390;1408;980;30;58;-26
6480;60-69 jaar;2003;0;0;0;0;0;18794;12066;6728;2404;1456;948;2498;1485;1015;-94;-29;-67
6481;60-69 jaar;2004;0;0;0;0;0;18896;12101;6796;2404;1457;947;2620;1557;1063;-216;-100;-116
6482;60-69 jaar;2005;0;0;0;0;0;19064;12194;6871;2393;1454;939;2737;1627;1111;-344;-173;-172
6483;60-69 jaar;2006;0;0;0;0;0;19789;12635;7154;2383;1449;934;2900;1720;1177;-517;-271;-243
6484;60-69 jaar;2007;0;0;0;0;0;20520;13083;7437;2360;1432;928;3051;1806;1248;-691;-374;-320
6485;60-69 jaar;2008;0;0;0;0;0;21097;13422;7674;2349;1427;922;3186;1884;1302;-837;-457;-380
6486;60-69 jaar;2009;0;0;0;0;0;21619;13738;7883;2345;1427;918;3301;1949;1350;-956;-522;-432
6487;60-69 jaar;2010;0;0;0;0;0;22071;13993;8079;2348;1430;918;3405;2008;1395;-1057;-578;-477
6488;60-69 jaar;2011;0;0;0;0;0;22667;14342;8324;2349;1431;918;3474;2036;1436;-1125;-605;-518
6489;60-69 jaar;2012;0;0;0;0;0;23219;14644;8573;2344;1426;918;3549;2067;1482;-1205;-641;-564
6490;60-69 jaar;2013;0;0;0;0;0;23612;14857;8755;2347;1426;921;3619;2094;1528;-1272;-668;-607
6491;60-69 jaar;2014;0;0;0;0;0;23919;15015;8905;2343;1426;917;3687;2118;1568;-1344;-692;-651
6492;60-69 jaar;2015;0;0;0;0;0;24401;15272;9130;2340;1424;916;3757;2148;1612;-1417;-724;-696
6493;60-69 jaar;2016;0;0;0;0;0;23841;14878;8961;2337;1423;914;3813;2170;1640;-1476;-747;-726
6494;60-69 jaar;2017;0;0;0;0;0;23425;14589;8838;2336;1423;913;3869;2196;1673;-1533;-773;-760
6495;60-69 jaar;2018;0;0;0;0;0;23230;14429;8803;2331;1419;912;3939;2230;1711;-1608;-811;-799
6496;60-69 jaar;2019;0;0;0;0;0;23205;14378;8828;2330;1418;912;4023;2272;1750;-1693;-854;-838
6497;60-69 jaar;2020;0;0;0;0;0;23242;14372;8869;2328;1416;912;4123;2325;1797;-1795;-909;-885
6498;60-69 jaar;2021;0;0;0;0;0;23392;14441;8951;2328;1416;912;4214;2376;1837;-1886;-960;-925
6499;60-69 jaar;2022;0;0;0;0;0;23457;14446;9010;2328;1416;912;4310;2435;1876;-1982;-1019;-964
6500;60-69 jaar;2023;0;0;0;0;0;23592;14509;9085;2328;1416;912;4408;2493;1914;-2080;-1077;-1002
6501;60-69 jaar;2024;0;0;0;0;0;23776;14601;9177;2328;1416;912;4510;2553;1958;-2182;-1137;-1046
6502;60-69 jaar;2025;0;0;0;0;0;23905;14685;9224;2328;1416;912;4605;2610;1994;-2277;-1194;-1082
6503;60-69 jaar;2026;0;0;0;0;0;23988;14708;9279;2328;1416;912;4680;2654;2026;-2352;-1238;-1114
6504;60-69 jaar;2027;0;0;0;0;0;24021;14731;9291;2328;1416;912;4744;2687;2055;-2416;-1271;-1143
6505;60-69 jaar;2028;0;0;0;0;0;24054;14726;9326;2328;1416;912;4817;2728;2089;-2489;-1312;-1177
6506;60-69 jaar;2029;0;0;0;0;0;24066;14728;9339;2328;1416;912;4898;2772;2127;-2570;-1356;-1215
6507;60-69 jaar;2030;0;0;0;0;0;24032;14690;9340;2328;1416;912;4965;2807;2159;-2637;-1391;-1247
6508;60-69 jaar;2031;0;0;0;0;0;23904;14595;9309;2328;1416;912;5016;2826;2190;-2688;-1410;-1278
6509;60-69 jaar;2032;0;0;0;0;0;23655;14438;9219;2328;1416;912;5047;2834;2212;-2719;-1418;-1300
6510;60-69 jaar;2033;0;0;0;0;0;23255;14169;9084;2328;1416;912;5047;2826;2220;-2719;-1410;-1308
6511;60-69 jaar;2034;0;0;0;0;0;22737;13848;8893;2328;1416;912;5032;2808;2224;-2704;-1392;-1312
6512;60-69 jaar;2035;0;0;0;0;0;22242;13533;8710;2328;1416;912;5011;2788;2224;-2683;-1372;-1312
6513;60-69 jaar;2036;0;0;0;0;0;21754;13218;8535;2328;1416;912;4985;2765;2218;-2657;-1349;-1306
6514;60-69 jaar;2037;0;0;0;0;0;21235;12890;8346;2328;1416;912;4964;2746;2219;-2636;-1330;-1307
6515;60-69 jaar;2038;0;0;0;0;0;20693;12543;8151;2328;1416;912;4943;2729;2215;-2615;-1313;-1303
6516;60-69 jaar;2039;0;0;0;0;0;19956;12075;7881;2328;1416;912;4915;2708;2207;-2587;-1292;-1295
6517;60-69 jaar;2040;0;0;0;0;0;19298;11676;7623;2328;1416;912;4897;2693;2204;-2569;-1277;-1292
6518;60-69 jaar;2041;0;0;0;0;0;18715;11309;7408;2328;1416;912;4879;2683;2194;-2551;-1267;-1282
6519;60-69 jaar;2042;0;0;0;0;0;18237;11016;7219;2328;1416;912;4864;2677;2189;-2536;-1261;-1277
6520;60-69 jaar;2043;0;0;0;0;0;17956;10836;7117;2328;1416;912;4861;2674;2188;-2533;-1258;-1276
6521;60-69 jaar;2044;0;0;0;0;0;17753;10732;7022;2328;1416;912;4865;2677;2190;-2537;-1261;-1278
6522;60-69 jaar;2045;0;0;0;0;0;17688;10678;7009;2328;1416;912;4881;2684;2196;-2553;-1268;-1284
6523;60-69 jaar;2046;0;0;0;0;0;17653;10642;7010;2328;1416;912;4900;2694;2208;-2572;-1278;-1296
6524;60-69 jaar;2047;0;0;0;0;0;17673;10666;7008;2328;1416;912;4919;2706;2213;-2591;-1290;-1301
6525;60-69 jaar;2048;0;0;0;0;0;17681;10665;7014;2328;1416;912;4936;2715;2219;-2608;-1299;-1307
6526;60-69 jaar;2049;0;0;0;0;0;17701;10672;7027;2328;1416;912;4951;2726;2224;-2623;-1310;-1312
6527;60-69 jaar;2050;0;0;0;0;0;17715;10683;7033;2328;1416;912;4973;2738;2233;-2645;-1322;-1321
6528;70-79 jaar;2000;0;0;0;0;0;37492;21639;15853;819;473;346;589;259;330;230;214;16
6529;70-79 jaar;2001;0;0;0;0;0;37036;21640;15395;813;471;342;594;267;330;219;204;12
6530;70-79 jaar;2002;0;0;0;0;0;36643;21401;15243;817;471;346;601;273;328;216;198;18
6531;70-79 jaar;2003;0;0;0;0;0;36063;21069;14993;819;472;347;608;280;327;211;192;20
6532;70-79 jaar;2004;0;0;0;0;0;35665;20877;14788;816;470;346;618;288;328;198;182;18
6533;70-79 jaar;2005;0;0;0;0;0;35579;20875;14707;810;466;344;630;300;332;180;166;12
6534;70-79 jaar;2006;0;0;0;0;0;35612;20939;14672;809;465;344;649;313;336;160;152;8
6535;70-79 jaar;2007;0;0;0;0;0;35723;21053;14672;800;460;340;668;325;342;132;135;-2
6536;70-79 jaar;2008;0;0;0;0;0;35850;21182;14669;800;458;342;692;343;349;108;115;-7
6537;70-79 jaar;2009;0;0;0;0;0;36089;21354;14737;797;457;340;715;356;360;82;101;-20
6538;70-79 jaar;2010;0;0;0;0;0;36208;21475;14732;798;456;342;748;375;372;50;81;-30
6539;70-79 jaar;2011;0;0;0;0;0;36399;21654;14747;796;454;342;767;388;379;29;66;-37
6540;70-79 jaar;2012;0;0;0;0;0;36657;21840;14816;796;454;342;793;403;390;3;51;-48
6541;70-79 jaar;2013;0;0;0;0;0;37344;22287;15055;796;452;344;819;420;402;-23;32;-58
6542;70-79 jaar;2014;0;0;0;0;0;38110;22776;15334;794;451;343;855;437;420;-61;14;-77
6543;70-79 jaar;2015;0;0;0;0;0;38772;23176;15596;795;450;345;888;452;435;-93;-2;-90
6544;70-79 jaar;2016;0;0;0;0;0;40538;24273;16264;797;451;346;947;484;462;-150;-33;-116
6545;70-79 jaar;2017;0;0;0;0;0;42299;25351;16948;797;450;347;998;509;487;-201;-59;-140
6546;70-79 jaar;2018;0;0;0;0;0;43688;26199;17487;794;447;347;1040;531;511;-246;-84;-164
6547;70-79 jaar;2019;0;0;0;0;0;45023;26988;18034;793;446;347;1077;545;530;-284;-99;-183
6548;70-79 jaar;2020;0;0;0;0;0;46159;27640;18517;794;447;347;1109;562;549;-315;-115;-202
6549;70-79 jaar;2021;0;0;0;0;0;47558;28443;19116;794;447;347;1135;575;562;-341;-128;-215
6550;70-79 jaar;2022;0;0;0;0;0;48902;29172;19729;794;447;347;1168;589;578;-374;-142;-231
6551;70-79 jaar;2023;0;0;0;0;0;49879;29676;20201;794;447;347;1194;601;594;-400;-154;-247
6552;70-79 jaar;2024;0;0;0;0;0;50702;30102;20597;794;447;347;1221;614;609;-427;-167;-262
6553;70-79 jaar;2025;0;0;0;0;0;51845;30718;21126;794;447;347;1251;630;622;-457;-183;-275
6554;70-79 jaar;2026;0;0;0;0;0;50902;30143;20761;794;447;347;1272;638;634;-478;-191;-287
6555;70-79 jaar;2027;0;0;0;0;0;50273;29785;20487;794;447;347;1294;653;643;-500;-206;-296
6556;70-79 jaar;2028;0;0;0;0;0;50055;29640;20413;794;447;347;1322;664;657;-528;-217;-310
6557;70-79 jaar;2029;0;0;0;0;0;50182;29693;20489;794;447;347;1353;683;672;-559;-236;-325
6558;70-79 jaar;2030;0;0;0;0;0;50450;29841;20606;794;447;347;1390;701;688;-596;-254;-341
6559;70-79 jaar;2031;0;0;0;0;0;50920;30087;20835;794;447;347;1423;718;704;-629;-271;-357
6560;70-79 jaar;2032;0;0;0;0;0;51249;30286;20964;794;447;347;1454;734;721;-660;-287;-374
6561;70-79 jaar;2033;0;0;0;0;0;51738;30564;21175;794;447;347;1486;749;736;-692;-302;-389
6562;70-79 jaar;2034;0;0;0;0;0;52228;30868;21360;794;447;347;1520;769;753;-726;-322;-406
6563;70-79 jaar;2035;0;0;0;0;0;52704;31180;21524;794;447;347;1548;784;764;-754;-337;-417
6564;70-79 jaar;2036;0;0;0;0;0;52990;31341;21651;794;447;347;1568;792;773;-774;-345;-426
6565;70-79 jaar;2037;0;0;0;0;0;53178;31451;21725;794;447;347;1585;802;781;-791;-355;-434
6566;70-79 jaar;2038;0;0;0;0;0;53406;31570;21837;794;447;347;1598;811;791;-804;-364;-444
6567;70-79 jaar;2039;0;0;0;0;0;53556;31663;21895;794;447;347;1619;820;800;-825;-373;-453
6568;70-79 jaar;2040;0;0;0;0;0;53623;31734;21888;794;447;347;1637;829;809;-843;-382;-462
6569;70-79 jaar;2041;0;0;0;0;0;53403;31576;21827;794;447;347;1648;832;817;-854;-385;-470
6570;70-79 jaar;2042;0;0;0;0;0;52975;31323;21654;794;447;347;1648;833;818;-854;-386;-471
6571;70-79 jaar;2043;0;0;0;0;0;52223;30842;21383;794;447;347;1639;824;815;-845;-377;-468
6572;70-79 jaar;2044;0;0;0;0;0;51197;30229;20968;794;447;347;1622;813;808;-828;-366;-461
6573;70-79 jaar;2045;0;0;0;0;0;50165;29575;20588;794;447;347;1602;802;801;-808;-355;-454
6574;70-79 jaar;2046;0;0;0;0;0;49184;28967;20216;794;447;347;1578;789;788;-784;-342;-441
6575;70-79 jaar;2047;0;0;0;0;0;48111;28295;19816;794;447;347;1558;776;781;-764;-329;-434
6576;70-79 jaar;2048;0;0;0;0;0;46969;27631;19340;794;447;347;1539;768;773;-745;-321;-426
6577;70-79 jaar;2049;0;0;0;0;0;45431;26711;18718;794;447;347;1520;755;762;-726;-308;-415
6578;70-79 jaar;2050;0;0;0;0;0;44073;25930;18146;794;447;347;1500;747;751;-706;-300;-404
6579;80-89 jaar;2000;0;0;0;0;0;45544;18727;26815;212;109;103;105;34;69;107;75;34
6580;80-89 jaar;2001;0;0;0;0;0;46001;19295;26707;216;110;106;108;36;73;108;74;33
6581;80-89 jaar;2002;0;0;0;0;0;46441;19558;26880;217;109;108;113;38;74;104;71;34
6582;80-89 jaar;2003;0;0;0;0;0;46924;19843;27081;216;109;107;118;39;77;98;70;30
6583;80-89 jaar;2004;0;0;0;0;0;47248;20036;27213;216;109;107;121;40;81;95;69;26
6584;80-89 jaar;2005;0;0;0;0;0;48034;20439;27595;215;108;107;123;42;83;92;66;24
6585;80-89 jaar;2006;0;0;0;0;0;48877;20945;27932;216;109;107;126;44;84;90;65;23
6586;80-89 jaar;2007;0;0;0;0;0;49703;21407;28296;217;110;107;127;46;82;90;64;25
6587;80-89 jaar;2008;0;0;0;0;0;50790;21981;28813;219;110;109;128;46;83;91;64;26
6588;80-89 jaar;2009;0;0;0;0;0;51747;22476;29272;218;109;109;130;47;84;88;62;25
6589;80-89 jaar;2010;0;0;0;0;0;51999;22797;29203;218;109;109;133;48;83;85;61;26
6590;80-89 jaar;2011;0;0;0;0;0;52294;23135;29157;218;109;109;134;50;83;84;59;26
6591;80-89 jaar;2012;0;0;0;0;0;52723;23500;29224;217;108;109;135;51;85;82;57;24
6592;80-89 jaar;2013;0;0;0;0;0;52949;23804;29145;217;108;109;138;52;85;79;56;24
6593;80-89 jaar;2014;0;0;0;0;0;53291;24178;29111;216;107;109;140;55;85;76;52;24
6594;80-89 jaar;2015;0;0;0;0;0;53708;24544;29166;215;106;109;143;56;86;72;50;23
6595;80-89 jaar;2016;0;0;0;0;0;54224;24946;29275;214;105;109;146;58;88;68;47;21
6596;80-89 jaar;2017;0;0;0;0;0;54779;25374;29404;214;105;109;150;60;89;64;45;20
6597;80-89 jaar;2018;0;0;0;0;0;55425;25880;29544;215;105;110;157;62;92;58;43;18
6598;80-89 jaar;2019;0;0;0;0;0;56230;26430;29800;216;105;111;160;65;93;56;40;18
6599;80-89 jaar;2020;0;0;0;0;0;56964;26974;29992;216;105;111;166;68;96;50;37;15
6600;80-89 jaar;2021;0;0;0;0;0;57726;27533;30193;216;105;111;170;74;98;46;31;13
6601;80-89 jaar;2022;0;0;0;0;0;58638;28133;30500;216;105;111;175;74;101;41;31;10
6602;80-89 jaar;2023;0;0;0;0;0;60144;29035;31111;216;105;111;184;78;106;32;27;5
6603;80-89 jaar;2024;0;0;0;0;0;61919;30043;31876;216;105;111;192;83;110;24;22;1
6604;80-89 jaar;2025;0;0;0;0;0;63379;30887;32490;216;105;111;199;86;115;17;19;-4
6605;80-89 jaar;2026;0;0;0;0;0;67074;32921;34152;216;105;111;221;96;124;-5;9;-13
6606;80-89 jaar;2027;0;0;0;0;0;70614;34828;35785;216;105;111;236;103;134;-20;2;-23
6607;80-89 jaar;2028;0;0;0;0;0;73541;36383;37157;216;105;111;247;108;139;-31;-3;-28
6608;80-89 jaar;2029;0;0;0;0;0;76184;37752;38432;216;105;111;254;112;145;-38;-7;-34
6609;80-89 jaar;2030;0;0;0;0;0;78510;38927;39585;216;105;111;259;113;146;-43;-8;-35
6610;80-89 jaar;2031;0;0;0;0;0;80954;40057;40897;216;105;111;264;115;147;-48;-10;-36
6611;80-89 jaar;2032;0;0;0;0;0;83335;41191;42143;216;105;111;271;120;150;-55;-15;-39
6612;80-89 jaar;2033;0;0;0;0;0;85133;42016;43116;216;105;111;279;123;155;-63;-18;-44
6613;80-89 jaar;2034;0;0;0;0;0;86550;42720;43830;216;105;111;285;125;158;-69;-20;-47
6614;80-89 jaar;2035;0;0;0;0;0;88437;43593;44842;216;105;111;293;129;162;-77;-24;-51
6615;80-89 jaar;2036;0;0;0;0;0;87563;43246;44317;216;105;111;300;132;166;-84;-27;-55
6616;80-89 jaar;2037;0;0;0;0;0;87083;43126;43959;216;105;111;307;135;172;-91;-30;-61
6617;80-89 jaar;2038;0;0;0;0;0;87401;43337;44066;216;105;111;315;139;176;-99;-34;-65
6618;80-89 jaar;2039;0;0;0;0;0;88137;43742;44396;216;105;111;325;142;180;-109;-37;-69
6619;80-89 jaar;2040;0;0;0;0;0;89073;44314;44759;216;105;111;331;145;184;-115;-40;-73
6620;80-89 jaar;2041;0;0;0;0;0;90358;44957;45402;216;105;111;339;146;191;-123;-41;-80
6621;80-89 jaar;2042;0;0;0;0;0;91394;45547;45846;216;105;111;345;151;193;-129;-46;-82
6622;80-89 jaar;2043;0;0;0;0;0;92771;46280;46491;216;105;111;352;153;197;-136;-48;-86
6623;80-89 jaar;2044;0;0;0;0;0;94048;47027;47020;216;105;111;359;156;200;-143;-51;-89
6624;80-89 jaar;2045;0;0;0;0;0;95144;47644;47500;216;105;111;364;159;203;-148;-54;-92
6625;80-89 jaar;2046;0;0;0;0;0;96007;48081;47924;216;105;111;363;160;203;-147;-55;-92
6626;80-89 jaar;2047;0;0;0;0;0;96645;48439;48205;216;105;111;363;159;202;-147;-54;-91
6627;80-89 jaar;2048;0;0;0;0;0;97191;48755;48435;216;105;111;364;160;201;-148;-55;-90
6628;80-89 jaar;2049;0;0;0;0;0;97859;49147;48711;216;105;111;367;162;204;-151;-57;-93
6629;80-89 jaar;2050;0;0;0;0;0;98195;49332;48863;216;105;111;368;163;205;-152;-58;-94
6630;90-99 jaar en ouder;2000;0;0;0;0;0;19573;4807;14767;0;0;0;0;0;0;0;0;0
6631;90-99 jaar en ouder;2001;0;0;0;0;0;19672;4942;14730;0;0;0;0;0;0;0;0;0
6632;90-99 jaar en ouder;2002;0;0;0;0;0;20161;5058;15103;0;0;0;0;0;0;0;0;0
6633;90-99 jaar en ouder;2003;0;0;0;0;0;20681;5211;15468;0;0;0;0;0;0;0;0;0
6634;90-99 jaar en ouder;2004;0;0;0;0;0;21251;5385;15864;0;0;0;0;0;0;0;0;0
6635;90-99 jaar en ouder;2005;0;0;0;0;0;21701;5551;16148;0;0;0;0;0;0;0;0;0
6636;90-99 jaar en ouder;2006;0;0;0;0;0;22170;5733;16436;0;0;0;0;0;0;0;0;0
6637;90-99 jaar en ouder;2007;0;0;0;0;0;22630;5925;16707;0;0;0;0;0;0;0;0;0
6638;90-99 jaar en ouder;2008;0;0;0;0;0;22926;6058;16867;0;0;0;0;0;0;0;0;0
6639;90-99 jaar en ouder;2009;0;0;0;0;0;23380;6262;17117;0;0;0;0;0;0;0;0;0
6640;90-99 jaar en ouder;2010;0;0;0;0;0;24490;6719;17772;0;0;0;0;0;0;0;0;0
6641;90-99 jaar en ouder;2011;0;0;0;0;0;25479;7105;18371;0;0;0;0;0;0;0;0;0
6642;90-99 jaar en ouder;2012;0;0;0;0;0;26383;7473;18908;0;0;0;0;0;0;0;0;0
6643;90-99 jaar en ouder;2013;0;0;0;0;0;27329;7863;19464;0;0;0;0;0;0;0;0;0
6644;90-99 jaar en ouder;2014;0;0;0;0;0;28060;8158;19900;0;0;0;0;0;0;0;0;0
6645;90-99 jaar en ouder;2015;0;0;0;0;0;28598;8417;20180;0;0;0;0;0;0;0;0;0
6646;90-99 jaar en ouder;2016;0;0;0;0;0;29131;8699;20434;0;0;0;0;0;0;0;0;0
6647;90-99 jaar en ouder;2017;0;0;0;0;0;29509;8953;20557;0;0;0;0;0;0;0;0;0
6648;90-99 jaar en ouder;2018;0;0;0;0;0;30016;9240;20777;0;0;0;0;0;0;0;0;0
6649;90-99 jaar en ouder;2019;0;0;0;0;0;30439;9501;20938;0;0;0;0;0;0;0;0;0
6650;90-99 jaar en ouder;2020;0;0;0;0;0;31027;9850;21177;0;0;0;0;0;0;0;0;0
6651;90-99 jaar en ouder;2021;0;0;0;0;0;31447;10131;21317;0;0;0;0;0;0;0;0;0
6652;90-99 jaar en ouder;2022;0;0;0;0;0;31911;10422;21488;0;0;0;0;0;0;0;0;0
6653;90-99 jaar en ouder;2023;0;0;0;0;0;32197;10655;21541;0;0;0;0;0;0;0;0;0
6654;90-99 jaar en ouder;2024;0;0;0;0;0;32527;10900;21625;0;0;0;0;0;0;0;0;0
6655;90-99 jaar en ouder;2025;0;0;0;0;0;32811;11158;21653;0;0;0;0;0;0;0;0;0
6656;90-99 jaar en ouder;2026;0;0;0;0;0;33201;11444;21759;0;0;0;0;0;0;0;0;0
6657;90-99 jaar en ouder;2027;0;0;0;0;0;33549;11699;21849;0;0;0;0;0;0;0;0;0
6658;90-99 jaar en ouder;2028;0;0;0;0;0;34190;12071;22121;0;0;0;0;0;0;0;0;0
6659;90-99 jaar en ouder;2029;0;0;0;0;0;34881;12444;22436;0;0;0;0;0;0;0;0;0
6660;90-99 jaar en ouder;2030;0;0;0;0;0;35705;12865;22840;0;0;0;0;0;0;0;0;0
6661;90-99 jaar en ouder;2031;0;0;0;0;0;36286;13207;23081;0;0;0;0;0;0;0;0;0
6662;90-99 jaar en ouder;2032;0;0;0;0;0;37062;13616;23445;0;0;0;0;0;0;0;0;0
6663;90-99 jaar en ouder;2033;0;0;0;0;0;38290;14203;24086;0;0;0;0;0;0;0;0;0
6664;90-99 jaar en ouder;2034;0;0;0;0;0;39715;14861;24852;0;0;0;0;0;0;0;0;0
6665;90-99 jaar en ouder;2035;0;0;0;0;0;40677;15305;25371;0;0;0;0;0;0;0;0;0
6666;90-99 jaar en ouder;2036;0;0;0;0;0;44244;16855;27389;0;0;0;0;0;0;0;0;0
6667;90-99 jaar en ouder;2037;0;0;0;0;0;47121;18045;29078;0;0;0;0;0;0;0;0;0
6668;90-99 jaar en ouder;2038;0;0;0;0;0;49183;18870;30314;0;0;0;0;0;0;0;0;0
6669;90-99 jaar en ouder;2039;0;0;0;0;0;50578;19403;31177;0;0;0;0;0;0;0;0;0
6670;90-99 jaar en ouder;2040;0;0;0;0;0;51546;19799;31750;0;0;0;0;0;0;0;0;0
6671;90-99 jaar en ouder;2041;0;0;0;0;0;52292;20062;32231;0;0;0;0;0;0;0;0;0
6672;90-99 jaar en ouder;2042;0;0;0;0;0;53091;20406;32684;0;0;0;0;0;0;0;0;0
6673;90-99 jaar en ouder;2043;0;0;0;0;0;53754;20664;33089;0;0;0;0;0;0;0;0;0
6674;90-99 jaar en ouder;2044;0;0;0;0;0;54240;20897;33341;0;0;0;0;0;0;0;0;0
6675;90-99 jaar en ouder;2045;0;0;0;0;0;54709;21069;33638;0;0;0;0;0;0;0;0;0
6676;90-99 jaar en ouder;2046;0;0;0;0;0;55418;21367;34052;0;0;0;0;0;0;0;0;0
6677;90-99 jaar en ouder;2047;0;0;0;0;0;56058;21639;34419;0;0;0;0;0;0;0;0;0
6678;90-99 jaar en ouder;2048;0;0;0;0;0;56763;21965;34797;0;0;0;0;0;0;0;0;0
6679;90-99 jaar en ouder;2049;0;0;0;0;0;57642;22351;35288;0;0;0;0;0;0;0;0;0
6680;90-99 jaar en ouder;2050;0;0;0;0;0;58314;22660;35655;0;0;0;0;0;0;0;0;0
