ID;Geboortelanden;Perioden;TotaalImmigratie_1;ImmigratieMannen_2;ImmigratieVrouwen_3;TotaalEmigratie_4;EmigratieMannen_5;EmigratieVrouwen_6;TotaalMigratieSaldo_7;MigratiesaldoMannen_8;MigratiesaldoVrouwen_9
0;Totaal;2000;131954;67624;64330;79748;44316;35433;52206;23308;28897
1;Totaal;2001;132097;67912;64185;81561;45183;36378;50536;22729;27807
2;Totaal;2002;132700;68137;64563;83001;45846;37156;49699;22291;27407
3;Totaal;2003;132863;68230;64633;84392;46482;37910;48471;21748;26723
4;Totaal;2004;132828;68244;64584;85501;46977;38524;47327;21267;26060
5;Totaal;2005;132430;68020;64410;86530;47432;39098;45900;20588;25312
6;Totaal;2006;131981;67764;64217;87466;47834;39632;44515;19930;24585
7;Totaal;2007;131562;67518;64044;88339;48206;40133;43223;19312;23911
8;Totaal;2008;131214;67312;63902;89167;48557;40610;42047;18755;23292
9;Totaal;2009;131071;67209;63862;89962;48892;41069;41109;18317;22793
10;Totaal;2010;130995;67328;63667;90735;49219;41516;40260;18109;22151
11;Totaal;2011;130993;67349;63644;91466;49512;41955;39527;17837;21689
12;Totaal;2012;130917;67333;63584;92172;49791;42381;38745;17542;21203
13;Totaal;2013;130800;67293;63507;92835;50049;42786;37965;17244;20721
14;Totaal;2014;130669;67254;63415;93458;50285;43173;37211;16969;20242
15;Totaal;2015;130488;67192;63296;94042;50503;43539;36446;16689;19757
16;Totaal;2016;130359;67135;63224;94589;50703;43885;35770;16432;19339
17;Totaal;2017;130206;67090;63116;95103;50887;44217;35103;16203;18900
18;Totaal;2018;130079;67034;63045;95585;51057;44528;34494;15977;18517
19;Totaal;2019;130027;67003;63024;96038;51213;44826;33989;15790;18198
20;Totaal;2020;129986;67002;62984;96473;51359;45114;33513;15643;17870
21;Totaal;2021;129986;67002;62984;96870;51558;45312;33116;15444;17672
22;Totaal;2022;129986;67002;62984;97251;51754;45498;32735;15248;17486
23;Totaal;2023;129986;67002;62984;97608;51935;45674;32378;15067;17310
24;Totaal;2024;129986;67002;62984;97940;52101;45838;32046;14901;17146
25;Totaal;2025;129986;67002;62984;98242;52252;45989;31744;14750;16995
26;Totaal;2026;129986;67002;62984;98508;52384;46124;31478;14618;16860
27;Totaal;2027;129986;67002;62984;98740;52497;46242;31246;14505;16742
28;Totaal;2028;129986;67002;62984;98938;52596;46342;31048;14406;16642
29;Totaal;2029;129986;67002;62984;99104;52678;46426;30882;14324;16558
30;Totaal;2030;129986;67002;62984;99238;52743;46495;30748;14259;16489
31;Totaal;2031;129986;67002;62984;99345;52793;46552;30641;14209;16432
32;Totaal;2032;129986;67002;62984;99429;52831;46598;30557;14171;16386
33;Totaal;2033;129986;67002;62984;99494;52859;46635;30492;14143;16349
34;Totaal;2034;129986;67002;62984;99546;52880;46666;30440;14122;16318
35;Totaal;2035;129986;67002;62984;99588;52897;46692;30398;14105;16292
36;Totaal;2036;129986;67002;62984;99624;52911;46713;30362;14091;16271
37;Totaal;2037;129986;67002;62984;99655;52923;46732;30331;14079;16252
38;Totaal;2038;129986;67002;62984;99684;52935;46749;30302;14067;16235
39;Totaal;2039;129986;67002;62984;99712;52948;46764;30274;14054;16220
40;Totaal;2040;129986;67002;62984;99742;52963;46779;30244;14039;16205
41;Totaal;2041;129986;67002;62984;99774;52980;46794;30212;14022;16190
42;Totaal;2042;129986;67002;62984;99809;52999;46810;30177;14003;16174
43;Totaal;2043;129986;67002;62984;99848;53022;46826;30138;13980;16158
44;Totaal;2044;129986;67002;62984;99892;53048;46844;30094;13954;16140
45;Totaal;2045;129986;67002;62984;99941;53078;46863;30045;13924;16121
46;Totaal;2046;129986;67002;62984;99995;53111;46884;29991;13891;16100
47;Totaal;2047;129986;67002;62984;100054;53147;46907;29932;13855;16077
48;Totaal;2048;129986;67002;62984;100118;53186;46932;29868;13816;16052
49;Totaal;2049;129986;67002;62984;100188;53229;46959;29798;13773;16025
50;Totaal;2050;129986;67002;62984;100261;53274;46987;29725;13728;15997
51;Nederland;2000;23889;12996;10893;36182;20234;15947;-12293;-7238;-5054
52;Nederland;2001;24364;13221;11143;36408;20361;16047;-12044;-7140;-4904
53;Nederland;2002;24557;13311;11246;36414;20362;16053;-11857;-7051;-4807
54;Nederland;2003;24705;13382;11323;36385;20341;16045;-11680;-6959;-4722
55;Nederland;2004;24837;13447;11390;36338;20308;16030;-11501;-6861;-4640
56;Nederland;2005;24948;13498;11450;36280;20270;16010;-11332;-6772;-4560
57;Nederland;2006;25042;13543;11499;36216;20229;15987;-11174;-6686;-4488
58;Nederland;2007;25140;13592;11548;36151;20188;15963;-11011;-6596;-4415
59;Nederland;2008;25223;13629;11594;36090;20151;15939;-10867;-6522;-4345
60;Nederland;2009;25315;13675;11640;36039;20120;15920;-10724;-6445;-4280
61;Nederland;2010;25389;13711;11678;36003;20096;15907;-10614;-6385;-4229
62;Nederland;2011;25455;13741;11714;35981;20080;15901;-10526;-6339;-4187
63;Nederland;2012;25527;13777;11750;35973;20072;15901;-10446;-6295;-4151
64;Nederland;2013;25589;13803;11786;35978;20071;15907;-10389;-6268;-4121
65;Nederland;2014;25660;13841;11819;35992;20076;15916;-10332;-6235;-4097
66;Nederland;2015;25715;13864;11851;36016;20086;15930;-10301;-6222;-4079
67;Nederland;2016;25772;13890;11882;36048;20101;15947;-10276;-6211;-4065
68;Nederland;2017;25834;13926;11908;36090;20121;15968;-10256;-6195;-4060
69;Nederland;2018;25890;13947;11943;36142;20149;15993;-10252;-6202;-4050
70;Nederland;2019;25946;13970;11976;36208;20185;16023;-10262;-6215;-4047
71;Nederland;2020;25998;14003;11995;36286;20228;16058;-10288;-6225;-4063
72;Nederland;2021;25998;14003;11995;36376;20279;16098;-10378;-6276;-4103
73;Nederland;2022;25998;14003;11995;36476;20333;16143;-10478;-6330;-4148
74;Nederland;2023;25998;14003;11995;36579;20388;16191;-10581;-6385;-4196
75;Nederland;2024;25998;14003;11995;36681;20441;16240;-10683;-6438;-4245
76;Nederland;2025;25998;14003;11995;36775;20489;16286;-10777;-6486;-4291
77;Nederland;2026;25998;14003;11995;36856;20529;16327;-10858;-6526;-4332
78;Nederland;2027;25998;14003;11995;36919;20561;16359;-10921;-6558;-4364
79;Nederland;2028;25998;14003;11995;36964;20583;16381;-10966;-6580;-4386
80;Nederland;2029;25998;14003;11995;36992;20596;16396;-10994;-6593;-4401
81;Nederland;2030;25998;14003;11995;37004;20601;16403;-11006;-6598;-4408
82;Nederland;2031;25998;14003;11995;37004;20600;16404;-11006;-6597;-4409
83;Nederland;2032;25998;14003;11995;36996;20594;16402;-10998;-6591;-4407
84;Nederland;2033;25998;14003;11995;36982;20585;16397;-10984;-6582;-4402
85;Nederland;2034;25998;14003;11995;36966;20575;16390;-10968;-6572;-4395
86;Nederland;2035;25998;14003;11995;36949;20565;16384;-10951;-6562;-4389
87;Nederland;2036;25998;14003;11995;36934;20556;16378;-10936;-6553;-4383
88;Nederland;2037;25998;14003;11995;36922;20549;16374;-10924;-6546;-4379
89;Nederland;2038;25998;14003;11995;36915;20544;16371;-10917;-6541;-4376
90;Nederland;2039;25998;14003;11995;36913;20543;16370;-10915;-6540;-4375
91;Nederland;2040;25998;14003;11995;36918;20546;16372;-10920;-6543;-4377
92;Nederland;2041;25998;14003;11995;36929;20552;16377;-10931;-6549;-4382
93;Nederland;2042;25998;14003;11995;36947;20563;16384;-10949;-6560;-4389
94;Nederland;2043;25998;14003;11995;36973;20578;16395;-10975;-6575;-4400
95;Nederland;2044;25998;14003;11995;37006;20598;16408;-11008;-6595;-4413
96;Nederland;2045;25998;14003;11995;37046;20622;16424;-11048;-6619;-4429
97;Nederland;2046;25998;14003;11995;37093;20650;16443;-11095;-6647;-4448
98;Nederland;2047;25998;14003;11995;37148;20682;16466;-11150;-6679;-4471
99;Nederland;2048;25998;14003;11995;37208;20718;16490;-11210;-6715;-4495
100;Nederland;2049;25998;14003;11995;37275;20757;16518;-11277;-6754;-4523
101;Nederland;2050;25998;14003;11995;37346;20799;16547;-11348;-6796;-4552
102;Totaal niet-westers;2000;61031;31244;29787;19007;11446;7559;42024;19798;22228
103;Totaal niet-westers;2001;59344;30612;28732;19530;11643;7887;39814;18969;20845
104;Totaal niet-westers;2002;59027;30407;28620;20082;11858;8222;38945;18549;20398
105;Totaal niet-westers;2003;58474;30096;28378;20663;12098;8565;37811;17998;19813
106;Totaal niet-westers;2004;57792;29728;28064;21023;12225;8797;36769;17503;19267
107;Totaal niet-westers;2005;57014;29321;27693;21347;12337;9011;35667;16984;18682
108;Totaal niet-westers;2006;56234;28915;27319;21639;12430;9209;34595;16485;18110
109;Totaal niet-westers;2007;55516;28532;26984;21903;12511;9393;33613;16021;17591
110;Totaal niet-westers;2008;54929;28226;26703;22149;12579;9569;32780;15647;17134
111;Totaal niet-westers;2009;54569;28031;26538;22387;12642;9742;32182;15389;16796
112;Totaal niet-westers;2010;54457;27946;26511;22627;12707;9920;31830;15239;16591
113;Totaal niet-westers;2011;54536;27961;26575;22875;12770;10105;31661;15191;16470
114;Totaal niet-westers;2012;54577;27962;26615;23130;12836;10293;31447;15126;16322
115;Totaal niet-westers;2013;54632;27962;26670;23370;12893;10477;31262;15069;16193
116;Totaal niet-westers;2014;54681;27968;26713;23600;12940;10660;31081;15028;16053
117;Totaal niet-westers;2015;54724;27971;26753;23818;12981;10837;30906;14990;15916
118;Totaal niet-westers;2016;54787;27976;26811;24022;13011;11010;30765;14965;15801
119;Totaal niet-westers;2017;54838;27985;26853;24217;13035;11183;30621;14950;15670
120;Totaal niet-westers;2018;54882;27991;26891;24398;13051;11348;30484;14940;15543
121;Totaal niet-westers;2019;54931;27988;26943;24567;13058;11508;30364;14930;15435
122;Totaal niet-westers;2020;54978;27997;26981;24722;13056;11667;30256;14941;15314
123;Totaal niet-westers;2021;54978;27997;26981;24850;13110;11740;30128;14887;15241
124;Totaal niet-westers;2022;54978;27997;26981;24963;13161;11801;30015;14836;15180
125;Totaal niet-westers;2023;54978;27997;26981;25061;13205;11859;29917;14792;15122
126;Totaal niet-westers;2024;54978;27997;26981;25153;13242;11912;29825;14755;15069
127;Totaal niet-westers;2025;54978;27997;26981;25234;13274;11958;29744;14723;15023
128;Totaal niet-westers;2026;54978;27997;26981;25303;13303;12001;29675;14694;14980
129;Totaal niet-westers;2027;54978;27997;26981;25366;13325;12039;29612;14672;14942
130;Totaal niet-westers;2028;54978;27997;26981;25420;13346;12072;29558;14651;14909
131;Totaal niet-westers;2029;54978;27997;26981;25467;13364;12104;29511;14633;14877
132;Totaal niet-westers;2030;54978;27997;26981;25506;13378;12130;29472;14619;14851
133;Totaal niet-westers;2031;54978;27997;26981;25539;13388;12152;29439;14609;14829
134;Totaal niet-westers;2032;54978;27997;26981;25564;13391;12171;29414;14606;14810
135;Totaal niet-westers;2033;54978;27997;26981;25583;13396;12187;29395;14601;14794
136;Totaal niet-westers;2034;54978;27997;26981;25597;13396;12198;29381;14601;14783
137;Totaal niet-westers;2035;54978;27997;26981;25606;13394;12209;29372;14603;14772
138;Totaal niet-westers;2036;54978;27997;26981;25607;13392;12216;29371;14605;14765
139;Totaal niet-westers;2037;54978;27997;26981;25607;13387;12219;29371;14610;14762
140;Totaal niet-westers;2038;54978;27997;26981;25603;13381;12222;29375;14616;14759
141;Totaal niet-westers;2039;54978;27997;26981;25595;13373;12222;29383;14624;14759
142;Totaal niet-westers;2040;54978;27997;26981;25586;13365;12221;29392;14632;14760
143;Totaal niet-westers;2041;54978;27997;26981;25575;13356;12219;29403;14641;14762
144;Totaal niet-westers;2042;54978;27997;26981;25563;13349;12214;29415;14648;14767
145;Totaal niet-westers;2043;54978;27997;26981;25549;13338;12209;29429;14659;14772
146;Totaal niet-westers;2044;54978;27997;26981;25537;13332;12204;29441;14665;14777
147;Totaal niet-westers;2045;54978;27997;26981;25521;13324;12197;29457;14673;14784
148;Totaal niet-westers;2046;54978;27997;26981;25508;13316;12192;29470;14681;14789
149;Totaal niet-westers;2047;54978;27997;26981;25494;13310;12186;29484;14687;14795
150;Totaal niet-westers;2048;54978;27997;26981;25480;13303;12178;29498;14694;14803
151;Totaal niet-westers;2049;54978;27997;26981;25467;13297;12171;29511;14700;14810
152;Totaal niet-westers;2050;54978;27997;26981;25457;13293;12165;29521;14704;14816
153;Afrika;2000;12653;7232;5421;4629;3082;1547;8024;4150;3874
154;Afrika;2001;12065;6961;5104;4753;3144;1608;7312;3817;3496
155;Afrika;2002;11820;6846;4974;4874;3208;1665;6946;3638;3309
156;Afrika;2003;11632;6758;4874;5000;3278;1722;6632;3480;3152
157;Afrika;2004;11468;6681;4787;5037;3300;1736;6431;3381;3051
158;Afrika;2005;11329;6619;4710;5075;3324;1751;6254;3295;2959
159;Afrika;2006;11203;6561;4642;5115;3349;1766;6088;3212;2876
160;Afrika;2007;11087;6503;4584;5153;3373;1780;5934;3130;2804
161;Afrika;2008;10971;6451;4520;5189;3396;1793;5782;3055;2727
162;Afrika;2009;10877;6407;4470;5221;3417;1804;5656;2990;2666
163;Afrika;2010;10777;6360;4417;5252;3437;1815;5525;2923;2602
164;Afrika;2011;10693;6322;4371;5278;3454;1824;5415;2868;2547
165;Afrika;2012;10597;6277;4320;5303;3471;1832;5294;2806;2488
166;Afrika;2013;10514;6237;4277;5321;3483;1838;5193;2754;2439
167;Afrika;2014;10433;6202;4231;5336;3493;1843;5097;2709;2388
168;Afrika;2015;10349;6162;4187;5346;3500;1846;5003;2662;2341
169;Afrika;2016;10281;6132;4149;5351;3504;1847;4930;2628;2302
170;Afrika;2017;10208;6097;4111;5354;3507;1847;4854;2590;2264
171;Afrika;2018;10133;6064;4069;5351;3506;1845;4782;2558;2224
172;Afrika;2019;10063;6030;4033;5344;3503;1841;4719;2527;2192
173;Afrika;2020;9994;5998;3996;5333;3497;1836;4661;2501;2160
174;Afrika;2021;9994;5998;3996;5320;3491;1829;4674;2507;2167
175;Afrika;2022;9994;5998;3996;5315;3489;1826;4679;2509;2170
176;Afrika;2023;9994;5998;3996;5308;3486;1823;4686;2512;2173
177;Afrika;2024;9994;5998;3996;5300;3482;1819;4694;2516;2177
178;Afrika;2025;9994;5998;3996;5291;3477;1814;4703;2521;2182
179;Afrika;2026;9994;5998;3996;5280;3472;1809;4714;2526;2187
180;Afrika;2027;9994;5998;3996;5269;3466;1803;4725;2532;2193
181;Afrika;2028;9994;5998;3996;5258;3460;1797;4736;2538;2199
182;Afrika;2029;9994;5998;3996;5246;3454;1791;4748;2544;2205
183;Afrika;2030;9994;5998;3996;5234;3448;1785;4760;2550;2211
184;Afrika;2031;9994;5998;3996;5221;3442;1779;4773;2556;2217
185;Afrika;2032;9994;5998;3996;5208;3435;1772;4786;2563;2224
186;Afrika;2033;9994;5998;3996;5194;3428;1765;4800;2570;2231
187;Afrika;2034;9994;5998;3996;5180;3421;1758;4814;2577;2238
188;Afrika;2035;9994;5998;3996;5166;3414;1752;4828;2584;2244
189;Afrika;2036;9994;5998;3996;5153;3408;1745;4841;2590;2251
190;Afrika;2037;9994;5998;3996;5139;3401;1738;4855;2597;2258
191;Afrika;2038;9994;5998;3996;5127;3394;1732;4867;2604;2264
192;Afrika;2039;9994;5998;3996;5114;3388;1726;4880;2610;2270
193;Afrika;2040;9994;5998;3996;5103;3382;1721;4891;2616;2275
194;Afrika;2041;9994;5998;3996;5092;3376;1716;4902;2622;2280
195;Afrika;2042;9994;5998;3996;5081;3371;1711;4913;2627;2285
196;Afrika;2043;9994;5998;3996;5071;3365;1706;4923;2633;2290
197;Afrika;2044;9994;5998;3996;5062;3361;1701;4932;2637;2295
198;Afrika;2045;9994;5998;3996;5053;3356;1697;4941;2642;2299
199;Afrika;2046;9994;5998;3996;5045;3352;1693;4949;2646;2303
200;Afrika;2047;9994;5998;3996;5038;3348;1690;4956;2650;2306
201;Afrika;2048;9994;5998;3996;5030;3344;1686;4964;2654;2310
202;Afrika;2049;9994;5998;3996;5024;3341;1683;4970;2657;2313
203;Afrika;2050;9994;5998;3996;5018;3338;1680;4976;2660;2316
204;Azië;2000;19431;10365;9066;5001;3073;1928;14430;7292;7138
205;Azië;2001;20229;10618;9611;5198;3161;2037;15031;7457;7574
206;Azië;2002;20561;10725;9836;5419;3260;2159;15142;7465;7677
207;Azië;2003;20815;10805;10010;5660;3369;2291;15155;7436;7719
208;Azië;2004;21030;10874;10156;5841;3440;2401;15189;7434;7755
209;Azië;2005;21222;10935;10287;6019;3509;2510;15203;7426;7777
210;Azië;2006;21387;10989;10398;6195;3575;2620;15192;7414;7778
211;Azië;2007;21537;11034;10503;6370;3641;2730;15167;7393;7773
212;Azië;2008;21681;11081;10600;6544;3703;2840;15137;7378;7760
213;Azië;2009;21825;11128;10697;6717;3765;2952;15108;7363;7745
214;Azië;2010;21950;11165;10785;6889;3825;3065;15061;7340;7720
215;Azië;2011;22083;11208;10875;7059;3881;3178;15024;7327;7697
216;Azië;2012;22198;11246;10952;7227;3935;3292;14971;7311;7660
217;Azië;2013;22313;11280;11033;7392;3986;3406;14921;7294;7627
218;Azië;2014;22417;11315;11102;7553;4032;3520;14864;7283;7582
219;Azië;2015;22521;11351;11170;7709;4076;3634;14812;7275;7536
220;Azië;2016;22623;11379;11244;7862;4115;3747;14761;7264;7497
221;Azië;2017;22723;11416;11307;8011;4150;3861;14712;7266;7446
222;Azië;2018;22818;11446;11372;8155;4182;3973;14663;7264;7399
223;Azië;2019;22909;11471;11438;8295;4210;4085;14614;7261;7353
224;Azië;2020;23002;11504;11498;8429;4232;4197;14573;7272;7301
225;Azië;2021;23002;11504;11498;8564;4295;4269;14438;7209;7229
226;Azië;2022;23002;11504;11498;8681;4350;4331;14321;7154;7167
227;Azië;2023;23002;11504;11498;8792;4402;4390;14210;7102;7108
228;Azië;2024;23002;11504;11498;8897;4450;4446;14105;7054;7052
229;Azië;2025;23002;11504;11498;8996;4496;4499;14006;7008;6999
230;Azië;2026;23002;11504;11498;9089;4540;4550;13913;6964;6948
231;Azië;2027;23002;11504;11498;9178;4580;4598;13824;6924;6900
232;Azië;2028;23002;11504;11498;9261;4618;4643;13741;6886;6855
233;Azië;2029;23002;11504;11498;9340;4654;4686;13662;6850;6812
234;Azië;2030;23002;11504;11498;9414;4688;4726;13588;6816;6772
235;Azië;2031;23002;11504;11498;9483;4719;4764;13519;6785;6734
236;Azië;2032;23002;11504;11498;9548;4748;4800;13454;6756;6698
237;Azië;2033;23002;11504;11498;9609;4776;4833;13393;6728;6665
238;Azië;2034;23002;11504;11498;9666;4801;4864;13336;6703;6634
239;Azië;2035;23002;11504;11498;9719;4825;4894;13283;6679;6604
240;Azië;2036;23002;11504;11498;9768;4847;4921;13234;6657;6577
241;Azië;2037;23002;11504;11498;9815;4868;4947;13187;6636;6551
242;Azië;2038;23002;11504;11498;9858;4887;4971;13144;6617;6527
243;Azië;2039;23002;11504;11498;9898;4904;4994;13104;6600;6504
244;Azië;2040;23002;11504;11498;9935;4920;5014;13067;6584;6484
245;Azië;2041;23002;11504;11498;9969;4935;5034;13033;6569;6464
246;Azië;2042;23002;11504;11498;10001;4949;5052;13001;6555;6446
247;Azië;2043;23002;11504;11498;10030;4962;5068;12972;6542;6430
248;Azië;2044;23002;11504;11498;10057;4973;5083;12945;6531;6415
249;Azië;2045;23002;11504;11498;10081;4984;5097;12921;6520;6401
250;Azië;2046;23002;11504;11498;10103;4993;5110;12899;6511;6388
251;Azië;2047;23002;11504;11498;10123;5002;5122;12879;6502;6376
252;Azië;2048;23002;11504;11498;10142;5010;5132;12860;6494;6366
253;Azië;2049;23002;11504;11498;10158;5017;5141;12844;6487;6357
254;Azië;2050;23002;11504;11498;10173;5023;5150;12829;6481;6348
255;Latijns-Amerika;2000;4491;1850;2641;1771;691;1080;2720;1159;1561
256;Latijns-Amerika;2001;4517;1859;2658;1830;718;1113;2687;1141;1545
257;Latijns-Amerika;2002;4543;1867;2676;1894;745;1149;2649;1122;1527
258;Latijns-Amerika;2003;4566;1874;2692;1962;775;1188;2604;1099;1504
259;Latijns-Amerika;2004;4595;1882;2713;2014;796;1218;2581;1086;1495
260;Latijns-Amerika;2005;4619;1889;2730;2065;817;1248;2554;1072;1482
261;Latijns-Amerika;2006;4644;1896;2748;2114;837;1277;2530;1059;1471
262;Latijns-Amerika;2007;4668;1901;2767;2162;857;1305;2506;1044;1462
263;Latijns-Amerika;2008;4693;1908;2785;2207;875;1332;2486;1033;1453
264;Latijns-Amerika;2009;4718;1920;2798;2252;893;1358;2466;1027;1440
265;Latijns-Amerika;2010;4745;1926;2819;2295;912;1383;2450;1014;1436
266;Latijns-Amerika;2011;4775;1936;2839;2337;929;1408;2438;1007;1431
267;Latijns-Amerika;2012;4797;1944;2853;2378;946;1432;2419;998;1421
268;Latijns-Amerika;2013;4820;1950;2870;2416;962;1454;2404;988;1416
269;Latijns-Amerika;2014;4846;1956;2890;2453;977;1476;2393;979;1414
270;Latijns-Amerika;2015;4869;1963;2906;2490;992;1497;2379;971;1409
271;Latijns-Amerika;2016;4898;1970;2928;2524;1007;1518;2374;963;1410
272;Latijns-Amerika;2017;4922;1977;2945;2559;1020;1539;2363;957;1406
273;Latijns-Amerika;2018;4946;1986;2960;2592;1034;1558;2354;952;1402
274;Latijns-Amerika;2019;4974;1992;2982;2624;1048;1576;2350;944;1406
275;Latijns-Amerika;2020;4997;2000;2997;2656;1060;1596;2341;940;1401
276;Latijns-Amerika;2021;4997;2000;2997;2685;1072;1613;2312;928;1384
277;Latijns-Amerika;2022;4997;2000;2997;2709;1083;1626;2288;917;1371
278;Latijns-Amerika;2023;4997;2000;2997;2731;1093;1639;2266;907;1358
279;Latijns-Amerika;2024;4997;2000;2997;2753;1102;1651;2244;898;1346
280;Latijns-Amerika;2025;4997;2000;2997;2773;1111;1662;2224;889;1335
281;Latijns-Amerika;2026;4997;2000;2997;2792;1119;1672;2205;881;1325
282;Latijns-Amerika;2027;4997;2000;2997;2809;1127;1682;2188;873;1315
283;Latijns-Amerika;2028;4997;2000;2997;2826;1135;1691;2171;865;1306
284;Latijns-Amerika;2029;4997;2000;2997;2842;1142;1700;2155;858;1297
285;Latijns-Amerika;2030;4997;2000;2997;2857;1149;1708;2140;851;1289
286;Latijns-Amerika;2031;4997;2000;2997;2870;1155;1715;2127;845;1282
287;Latijns-Amerika;2032;4997;2000;2997;2883;1161;1722;2114;839;1275
288;Latijns-Amerika;2033;4997;2000;2997;2895;1166;1729;2102;834;1268
289;Latijns-Amerika;2034;4997;2000;2997;2906;1171;1735;2091;829;1262
290;Latijns-Amerika;2035;4997;2000;2997;2917;1176;1740;2080;824;1257
291;Latijns-Amerika;2036;4997;2000;2997;2926;1181;1746;2071;819;1251
292;Latijns-Amerika;2037;4997;2000;2997;2935;1185;1750;2062;815;1247
293;Latijns-Amerika;2038;4997;2000;2997;2943;1189;1755;2054;811;1242
294;Latijns-Amerika;2039;4997;2000;2997;2951;1192;1759;2046;808;1238
295;Latijns-Amerika;2040;4997;2000;2997;2958;1196;1763;2039;804;1234
296;Latijns-Amerika;2041;4997;2000;2997;2965;1199;1766;2032;801;1231
297;Latijns-Amerika;2042;4997;2000;2997;2971;1202;1769;2026;798;1228
298;Latijns-Amerika;2043;4997;2000;2997;2976;1204;1772;2021;796;1225
299;Latijns-Amerika;2044;4997;2000;2997;2982;1207;1775;2015;793;1222
300;Latijns-Amerika;2045;4997;2000;2997;2986;1209;1777;2011;791;1220
301;Latijns-Amerika;2046;4997;2000;2997;2991;1211;1780;2006;789;1217
302;Latijns-Amerika;2047;4997;2000;2997;2995;1213;1782;2002;787;1215
303;Latijns-Amerika;2048;4997;2000;2997;2998;1215;1783;1999;785;1214
304;Latijns-Amerika;2049;4997;2000;2997;3001;1216;1785;1996;784;1212
305;Latijns-Amerika;2050;4997;2000;2997;3004;1218;1787;1993;782;1210
306;Marokko;2000;5007;2387;2620;1450;1085;364;3557;1302;2256
307;Marokko;2001;4996;2497;2499;1441;1056;385;3555;1441;2114
308;Marokko;2002;4996;2497;2499;1442;1034;408;3554;1463;2091
309;Marokko;2003;4996;2497;2499;1450;1018;432;3546;1479;2067
310;Marokko;2004;4996;2497;2499;1467;1010;457;3529;1487;2042
311;Marokko;2005;4996;2497;2499;1485;1003;483;3511;1494;2016
312;Marokko;2006;4996;2497;2499;1504;996;508;3492;1501;1991
313;Marokko;2007;4996;2497;2499;1522;989;533;3474;1508;1966
314;Marokko;2008;4996;2497;2499;1542;983;559;3454;1514;1940
315;Marokko;2009;4996;2497;2499;1561;977;584;3435;1520;1915
316;Marokko;2010;4996;2497;2499;1581;971;610;3415;1526;1889
317;Marokko;2011;4996;2497;2499;1601;965;636;3395;1532;1863
318;Marokko;2012;4996;2497;2499;1622;960;661;3374;1537;1838
319;Marokko;2013;4996;2497;2499;1642;955;687;3354;1542;1812
320;Marokko;2014;4996;2497;2499;1662;950;713;3334;1547;1786
321;Marokko;2015;4996;2497;2499;1683;945;738;3313;1552;1761
322;Marokko;2016;4996;2497;2499;1703;939;763;3293;1558;1736
323;Marokko;2017;4996;2497;2499;1722;934;789;3274;1563;1710
324;Marokko;2018;4996;2497;2499;1741;928;814;3255;1569;1685
325;Marokko;2019;4996;2497;2499;1760;921;838;3236;1576;1661
326;Marokko;2020;4996;2497;2499;1777;915;862;3219;1582;1637
327;Marokko;2021;4996;2497;2499;1778;915;863;3218;1582;1636
328;Marokko;2022;4996;2497;2499;1779;915;864;3217;1582;1635
329;Marokko;2023;4996;2497;2499;1778;914;864;3218;1583;1635
330;Marokko;2024;4996;2497;2499;1777;913;864;3219;1584;1635
331;Marokko;2025;4996;2497;2499;1775;911;864;3221;1586;1635
332;Marokko;2026;4996;2497;2499;1772;909;863;3224;1588;1636
333;Marokko;2027;4996;2497;2499;1768;906;862;3228;1591;1637
334;Marokko;2028;4996;2497;2499;1763;903;860;3233;1594;1639
335;Marokko;2029;4996;2497;2499;1757;899;858;3239;1598;1641
336;Marokko;2030;4996;2497;2499;1750;895;856;3246;1602;1643
337;Marokko;2031;4996;2497;2499;1743;890;853;3253;1607;1646
338;Marokko;2032;4996;2497;2499;1735;884;850;3261;1613;1649
339;Marokko;2033;4996;2497;2499;1726;879;847;3270;1618;1652
340;Marokko;2034;4996;2497;2499;1716;873;843;3280;1624;1656
341;Marokko;2035;4996;2497;2499;1706;866;839;3290;1631;1660
342;Marokko;2036;4996;2497;2499;1695;860;835;3301;1637;1664
343;Marokko;2037;4996;2497;2499;1684;853;830;3312;1644;1669
344;Marokko;2038;4996;2497;2499;1673;847;826;3323;1650;1673
345;Marokko;2039;4996;2497;2499;1661;841;821;3335;1656;1678
346;Marokko;2040;4996;2497;2499;1650;834;816;3346;1663;1683
347;Marokko;2041;4996;2497;2499;1639;828;811;3357;1669;1688
348;Marokko;2042;4996;2497;2499;1629;823;806;3367;1674;1693
349;Marokko;2043;4996;2497;2499;1619;817;801;3377;1680;1698
350;Marokko;2044;4996;2497;2499;1609;813;797;3387;1684;1702
351;Marokko;2045;4996;2497;2499;1600;808;792;3396;1689;1707
352;Marokko;2046;4996;2497;2499;1592;804;788;3404;1693;1711
353;Marokko;2047;4996;2497;2499;1585;801;784;3411;1696;1715
354;Marokko;2048;4996;2497;2499;1578;797;781;3418;1700;1718
355;Marokko;2049;4996;2497;2499;1572;795;777;3424;1702;1722
356;Marokko;2050;4996;2497;2499;1567;793;774;3429;1704;1725
357;Nederlandse Antillen en Aruba;2000;10704;5256;5448;2681;1336;1345;8023;3920;4103
358;Nederlandse Antillen en Aruba;2001;10540;5175;5365;2897;1441;1456;7643;3734;3909
359;Nederlandse Antillen en Aruba;2002;10110;4970;5140;3095;1537;1558;7015;3433;3582
360;Nederlandse Antillen en Aruba;2003;9468;4660;4808;3267;1621;1646;6201;3039;3162
361;Nederlandse Antillen en Aruba;2004;8706;4292;4414;3334;1653;1681;5372;2639;2733
362;Nederlandse Antillen en Aruba;2005;7851;3879;3972;3366;1669;1698;4485;2210;2274
363;Nederlandse Antillen en Aruba;2006;7007;3470;3537;3367;1669;1698;3640;1801;1839
364;Nederlandse Antillen en Aruba;2007;6231;3095;3136;3345;1658;1687;2886;1437;1449
365;Nederlandse Antillen en Aruba;2008;5591;2787;2804;3309;1641;1668;2282;1146;1136
366;Nederlandse Antillen en Aruba;2009;5156;2577;2579;3270;1622;1647;1886;955;932
367;Nederlandse Antillen en Aruba;2010;4992;2496;2496;3238;1607;1630;1754;889;866
368;Nederlandse Antillen en Aruba;2011;4992;2496;2496;3222;1600;1622;1770;896;874
369;Nederlandse Antillen en Aruba;2012;4992;2496;2496;3218;1598;1620;1774;898;876
370;Nederlandse Antillen en Aruba;2013;4992;2496;2496;3213;1596;1617;1779;900;879
371;Nederlandse Antillen en Aruba;2014;4992;2496;2496;3208;1594;1614;1784;902;882
372;Nederlandse Antillen en Aruba;2015;4992;2496;2496;3202;1591;1611;1790;905;885
373;Nederlandse Antillen en Aruba;2016;4992;2496;2496;3195;1588;1607;1797;908;889
374;Nederlandse Antillen en Aruba;2017;4992;2496;2496;3188;1585;1603;1804;911;893
375;Nederlandse Antillen en Aruba;2018;4992;2496;2496;3180;1581;1599;1812;915;897
376;Nederlandse Antillen en Aruba;2019;4992;2496;2496;3171;1577;1594;1821;919;902
377;Nederlandse Antillen en Aruba;2020;4992;2496;2496;3162;1573;1589;1830;923;907
378;Nederlandse Antillen en Aruba;2021;4992;2496;2496;3152;1568;1584;1840;928;912
379;Nederlandse Antillen en Aruba;2022;4992;2496;2496;3142;1564;1578;1850;932;918
380;Nederlandse Antillen en Aruba;2023;4992;2496;2496;3131;1559;1573;1861;937;923
381;Nederlandse Antillen en Aruba;2024;4992;2496;2496;3121;1554;1567;1871;942;929
382;Nederlandse Antillen en Aruba;2025;4992;2496;2496;3110;1548;1561;1882;948;935
383;Nederlandse Antillen en Aruba;2026;4992;2496;2496;3099;1543;1556;1893;953;940
384;Nederlandse Antillen en Aruba;2027;4992;2496;2496;3089;1538;1550;1903;958;946
385;Nederlandse Antillen en Aruba;2028;4992;2496;2496;3078;1533;1545;1914;963;951
386;Nederlandse Antillen en Aruba;2029;4992;2496;2496;3068;1529;1540;1924;967;956
387;Nederlandse Antillen en Aruba;2030;4992;2496;2496;3058;1524;1534;1934;972;962
388;Nederlandse Antillen en Aruba;2031;4992;2496;2496;3049;1520;1530;1943;976;966
389;Nederlandse Antillen en Aruba;2032;4992;2496;2496;3040;1515;1525;1952;981;971
390;Nederlandse Antillen en Aruba;2033;4992;2496;2496;3031;1511;1520;1961;985;976
391;Nederlandse Antillen en Aruba;2034;4992;2496;2496;3023;1507;1516;1969;989;980
392;Nederlandse Antillen en Aruba;2035;4992;2496;2496;3015;1503;1512;1977;993;984
393;Nederlandse Antillen en Aruba;2036;4992;2496;2496;3007;1499;1508;1985;997;988
394;Nederlandse Antillen en Aruba;2037;4992;2496;2496;2999;1496;1504;1993;1000;992
395;Nederlandse Antillen en Aruba;2038;4992;2496;2496;2992;1492;1500;2000;1004;996
396;Nederlandse Antillen en Aruba;2039;4992;2496;2496;2985;1489;1496;2007;1007;1000
397;Nederlandse Antillen en Aruba;2040;4992;2496;2496;2979;1486;1493;2013;1010;1003
398;Nederlandse Antillen en Aruba;2041;4992;2496;2496;2973;1483;1490;2019;1013;1006
399;Nederlandse Antillen en Aruba;2042;4992;2496;2496;2967;1480;1487;2025;1016;1009
400;Nederlandse Antillen en Aruba;2043;4992;2496;2496;2962;1477;1484;2030;1019;1012
401;Nederlandse Antillen en Aruba;2044;4992;2496;2496;2957;1475;1482;2035;1021;1014
402;Nederlandse Antillen en Aruba;2045;4992;2496;2496;2952;1473;1479;2040;1023;1017
403;Nederlandse Antillen en Aruba;2046;4992;2496;2496;2948;1471;1477;2044;1025;1019
404;Nederlandse Antillen en Aruba;2047;4992;2496;2496;2943;1469;1475;2049;1027;1021
405;Nederlandse Antillen en Aruba;2048;4992;2496;2496;2939;1467;1473;2053;1029;1023
406;Nederlandse Antillen en Aruba;2049;4992;2496;2496;2935;1465;1471;2057;1031;1025
407;Nederlandse Antillen en Aruba;2050;4992;2496;2496;2932;1463;1469;2060;1033;1027
408;Suriname;2000;3373;1560;1813;1608;916;692;1765;644;1121
409;Suriname;2001;2996;1500;1496;1571;894;677;1425;606;819
410;Suriname;2002;2996;1500;1496;1542;876;665;1454;624;831
411;Suriname;2003;2996;1500;1496;1522;864;657;1474;636;839
412;Suriname;2004;2996;1500;1496;1522;864;658;1474;636;838
413;Suriname;2005;2996;1500;1496;1523;864;659;1473;636;837
414;Suriname;2006;2996;1500;1496;1524;864;660;1472;636;836
415;Suriname;2007;2996;1500;1496;1526;865;661;1470;635;835
416;Suriname;2008;2996;1500;1496;1527;865;662;1469;635;834
417;Suriname;2009;2996;1500;1496;1529;865;663;1467;635;833
418;Suriname;2010;2996;1500;1496;1530;865;665;1466;635;831
419;Suriname;2011;2996;1500;1496;1531;865;666;1465;635;830
420;Suriname;2012;2996;1500;1496;1532;865;667;1464;635;829
421;Suriname;2013;2996;1500;1496;1533;865;668;1463;635;828
422;Suriname;2014;2996;1500;1496;1534;864;669;1462;636;827
423;Suriname;2015;2996;1500;1496;1534;864;670;1462;636;826
424;Suriname;2016;2996;1500;1496;1534;863;671;1462;637;825
425;Suriname;2017;2996;1500;1496;1533;862;671;1463;638;825
426;Suriname;2018;2996;1500;1496;1533;861;672;1463;639;824
427;Suriname;2019;2996;1500;1496;1533;860;673;1463;640;823
428;Suriname;2020;2996;1500;1496;1532;859;674;1464;641;822
429;Suriname;2021;2996;1500;1496;1532;857;675;1464;643;821
430;Suriname;2022;2996;1500;1496;1532;856;676;1464;644;820
431;Suriname;2023;2996;1500;1496;1532;855;677;1464;645;819
432;Suriname;2024;2996;1500;1496;1532;854;679;1464;646;817
433;Suriname;2025;2996;1500;1496;1532;852;680;1464;648;816
434;Suriname;2026;2996;1500;1496;1531;850;681;1465;650;815
435;Suriname;2027;2996;1500;1496;1531;848;682;1465;652;814
436;Suriname;2028;2996;1500;1496;1529;846;683;1467;654;813
437;Suriname;2029;2996;1500;1496;1527;844;684;1469;656;812
438;Suriname;2030;2996;1500;1496;1524;841;684;1472;659;812
439;Suriname;2031;2996;1500;1496;1521;838;683;1475;662;813
440;Suriname;2032;2996;1500;1496;1516;834;682;1480;666;814
441;Suriname;2033;2996;1500;1496;1511;830;681;1485;670;815
442;Suriname;2034;2996;1500;1496;1506;826;679;1490;674;817
443;Suriname;2035;2996;1500;1496;1499;822;677;1497;678;819
444;Suriname;2036;2996;1500;1496;1491;817;674;1505;683;822
445;Suriname;2037;2996;1500;1496;1483;812;670;1513;688;826
446;Suriname;2038;2996;1500;1496;1473;807;666;1523;693;830
447;Suriname;2039;2996;1500;1496;1463;801;661;1533;699;835
448;Suriname;2040;2996;1500;1496;1452;796;656;1544;704;840
449;Suriname;2041;2996;1500;1496;1440;790;650;1556;710;846
450;Suriname;2042;2996;1500;1496;1428;784;644;1568;716;852
451;Suriname;2043;2996;1500;1496;1416;778;638;1580;722;858
452;Suriname;2044;2996;1500;1496;1404;772;631;1592;728;865
453;Suriname;2045;2996;1500;1496;1391;766;625;1605;734;871
454;Suriname;2046;2996;1500;1496;1378;760;618;1618;740;878
455;Suriname;2047;2996;1500;1496;1365;754;611;1631;746;885
456;Suriname;2048;2996;1500;1496;1353;749;604;1643;751;892
457;Suriname;2049;2996;1500;1496;1341;743;598;1655;757;898
458;Suriname;2050;2996;1500;1496;1329;738;591;1667;762;905
459;Turkije;2000;5372;2594;2778;1867;1263;603;3505;1331;2175
460;Turkije;2001;4001;2002;1999;1840;1229;611;2161;773;1388
461;Turkije;2002;4001;2002;1999;1816;1198;618;2185;804;1381
462;Turkije;2003;4001;2002;1999;1802;1173;629;2199;829;1370
463;Turkije;2004;4001;2002;1999;1808;1162;646;2193;840;1353
464;Turkije;2005;4001;2002;1999;1814;1151;662;2187;851;1337
465;Turkije;2006;4001;2002;1999;1820;1140;680;2181;862;1319
466;Turkije;2007;4001;2002;1999;1825;1128;697;2176;874;1302
467;Turkije;2008;4001;2002;1999;1831;1116;715;2170;886;1284
468;Turkije;2009;4001;2002;1999;1837;1103;734;2164;899;1265
469;Turkije;2010;4001;2002;1999;1842;1090;752;2159;912;1247
470;Turkije;2011;4001;2002;1999;1847;1076;771;2154;926;1228
471;Turkije;2012;4001;2002;1999;1850;1061;789;2151;941;1210
472;Turkije;2013;4001;2002;1999;1853;1046;807;2148;956;1192
473;Turkije;2014;4001;2002;1999;1854;1030;825;2147;972;1174
474;Turkije;2015;4001;2002;1999;1854;1013;841;2147;989;1158
475;Turkije;2016;4001;2002;1999;1853;995;857;2148;1007;1142
476;Turkije;2017;4001;2002;1999;1850;977;873;2151;1025;1126
477;Turkije;2018;4001;2002;1999;1846;959;887;2155;1043;1112
478;Turkije;2019;4001;2002;1999;1840;939;901;2161;1063;1098
479;Turkije;2020;4001;2002;1999;1833;920;913;2168;1082;1086
480;Turkije;2021;4001;2002;1999;1819;912;907;2182;1090;1092
481;Turkije;2022;4001;2002;1999;1805;904;900;2196;1098;1099
482;Turkije;2023;4001;2002;1999;1789;896;893;2212;1106;1106
483;Turkije;2024;4001;2002;1999;1773;887;886;2228;1115;1113
484;Turkije;2025;4001;2002;1999;1757;879;878;2244;1123;1121
485;Turkije;2026;4001;2002;1999;1740;870;870;2261;1132;1129
486;Turkije;2027;4001;2002;1999;1722;860;862;2279;1142;1137
487;Turkije;2028;4001;2002;1999;1705;851;853;2296;1151;1146
488;Turkije;2029;4001;2002;1999;1687;842;845;2314;1160;1154
489;Turkije;2030;4001;2002;1999;1669;833;837;2332;1169;1162
490;Turkije;2031;4001;2002;1999;1652;824;828;2349;1178;1171
491;Turkije;2032;4001;2002;1999;1634;814;820;2367;1188;1179
492;Turkije;2033;4001;2002;1999;1617;806;812;2384;1196;1187
493;Turkije;2034;4001;2002;1999;1600;797;803;2401;1205;1196
494;Turkije;2035;4001;2002;1999;1584;788;795;2417;1214;1204
495;Turkije;2036;4001;2002;1999;1567;780;787;2434;1222;1212
496;Turkije;2037;4001;2002;1999;1552;772;780;2449;1230;1219
497;Turkije;2038;4001;2002;1999;1537;765;772;2464;1237;1227
498;Turkije;2039;4001;2002;1999;1523;758;765;2478;1244;1234
499;Turkije;2040;4001;2002;1999;1509;751;758;2492;1251;1241
500;Turkije;2041;4001;2002;1999;1497;745;752;2504;1257;1247
501;Turkije;2042;4001;2002;1999;1486;740;745;2515;1262;1254
502;Turkije;2043;4001;2002;1999;1475;735;740;2526;1267;1259
503;Turkije;2044;4001;2002;1999;1466;731;735;2535;1271;1264
504;Turkije;2045;4001;2002;1999;1458;728;730;2543;1274;1269
505;Turkije;2046;4001;2002;1999;1451;725;726;2550;1277;1273
506;Turkije;2047;4001;2002;1999;1445;723;722;2556;1279;1277
507;Turkije;2048;4001;2002;1999;1440;721;719;2561;1281;1280
508;Turkije;2049;4001;2002;1999;1436;720;716;2565;1282;1283
509;Turkije;2050;4001;2002;1999;1434;720;714;2567;1282;1285
510;Totaal westers;2000;47034;23384;23650;24560;12634;11926;22474;10750;11724
511;Totaal westers;2001;48389;24079;24310;25623;13180;12442;22766;10899;11868
512;Totaal westers;2002;49116;24419;24697;26505;13625;12880;22611;10794;11817
513;Totaal westers;2003;49684;24752;24932;27343;14043;13300;22341;10709;11632
514;Totaal westers;2004;50199;25069;25130;28140;14443;13698;22059;10626;11432
515;Totaal westers;2005;50468;25201;25267;28902;14825;14077;21566;10376;11190
516;Totaal westers;2006;50705;25306;25399;29610;15175;14437;21095;10131;10962
517;Totaal westers;2007;50906;25394;25512;30285;15507;14778;20621;9887;10734
518;Totaal westers;2008;51062;25457;25605;30928;15828;15101;20134;9629;10504
519;Totaal westers;2009;51187;25503;25684;31537;16131;15407;19650;9372;10277
520;Totaal westers;2010;51149;25671;25478;32107;16417;15690;19042;9254;9788
521;Totaal westers;2011;51002;25647;25355;32611;16662;15949;18391;8985;9406
522;Totaal westers;2012;50813;25594;25219;33067;16882;16186;17746;8712;9033
523;Totaal westers;2013;50579;25528;25051;33488;17086;16402;17091;8442;8649
524;Totaal westers;2014;50328;25445;24883;33867;17269;16599;16461;8176;8284
525;Totaal westers;2015;50049;25357;24692;34210;17436;16772;15839;7921;7920
526;Totaal westers;2016;49800;25269;24531;34519;17591;16928;15281;7678;7603
527;Totaal westers;2017;49534;25179;24355;34796;17730;17066;14738;7449;7289
528;Totaal westers;2018;49307;25096;24211;35044;17857;17187;14263;7239;7024
529;Totaal westers;2019;49150;25045;24105;35263;17970;17294;13887;7075;6811
530;Totaal westers;2020;49010;25002;24008;35464;18073;17390;13546;6929;6618
531;Totaal westers;2021;49010;25002;24008;35643;18169;17475;13367;6833;6533
532;Totaal westers;2022;49010;25002;24008;35812;18261;17553;13198;6741;6455
533;Totaal westers;2023;49010;25002;24008;35966;18343;17623;13044;6659;6385
534;Totaal westers;2024;49010;25002;24008;36105;18419;17688;12905;6583;6320
535;Totaal westers;2025;49010;25002;24008;36234;18489;17746;12776;6513;6262
536;Totaal westers;2026;49010;25002;24008;36349;18552;17798;12661;6450;6210
537;Totaal westers;2027;49010;25002;24008;36455;18610;17845;12555;6392;6163
538;Totaal westers;2028;49010;25002;24008;36554;18665;17888;12456;6337;6120
539;Totaal westers;2029;49010;25002;24008;36645;18718;17927;12365;6284;6081
540;Totaal westers;2030;49010;25002;24008;36728;18765;17963;12282;6237;6045
541;Totaal westers;2031;49010;25002;24008;36802;18807;17995;12208;6195;6013
542;Totaal westers;2032;49010;25002;24008;36868;18844;18024;12142;6158;5984
543;Totaal westers;2033;49010;25002;24008;36929;18877;18052;12081;6125;5956
544;Totaal westers;2034;49010;25002;24008;36984;18909;18077;12026;6093;5931
545;Totaal westers;2035;49010;25002;24008;37036;18937;18099;11974;6065;5909
546;Totaal westers;2036;49010;25002;24008;37084;18964;18120;11926;6038;5889
547;Totaal westers;2037;49010;25002;24008;37126;18988;18138;11884;6014;5870
548;Totaal westers;2038;49010;25002;24008;37166;19010;18156;11844;5992;5852
549;Totaal westers;2039;49010;25002;24008;37202;19032;18171;11808;5970;5837
550;Totaal westers;2040;49010;25002;24008;37238;19053;18186;11772;5949;5822
551;Totaal westers;2041;49010;25002;24008;37270;19072;18199;11740;5930;5809
552;Totaal westers;2042;49010;25002;24008;37299;19087;18211;11711;5915;5797
553;Totaal westers;2043;49010;25002;24008;37326;19103;18222;11684;5899;5786
554;Totaal westers;2044;49010;25002;24008;37351;19119;18232;11659;5883;5776
555;Totaal westers;2045;49010;25002;24008;37373;19131;18242;11637;5871;5766
556;Totaal westers;2046;49010;25002;24008;37394;19145;18250;11616;5857;5758
557;Totaal westers;2047;49010;25002;24008;37412;19156;18257;11598;5846;5751
558;Totaal westers;2048;49010;25002;24008;37429;19166;18264;11581;5836;5744
559;Totaal westers;2049;49010;25002;24008;37445;19176;18270;11565;5826;5738
560;Totaal westers;2050;49010;25002;24008;37459;19183;18275;11551;5819;5733
561;Europese Economische Ruimte;2000;22212;11872;10340;15159;8239;6920;7053;3633;3420
562;Europese Economische Ruimte;2001;22664;12111;10553;15565;8474;7091;7099;3637;3462
563;Europese Economische Ruimte;2002;23067;12321;10746;15849;8638;7211;7218;3683;3535
564;Europese Economische Ruimte;2003;23423;12500;10923;16117;8790;7327;7306;3710;3596
565;Europese Economische Ruimte;2004;23738;12651;11087;16372;8933;7440;7366;3718;3647
566;Europese Economische Ruimte;2005;24008;12778;11230;16624;9073;7551;7384;3705;3679
567;Europese Economische Ruimte;2006;24246;12881;11365;16857;9198;7660;7389;3683;3705
568;Europese Economische Ruimte;2007;24431;12956;11475;17087;9321;7766;7344;3635;3709
569;Europese Economische Ruimte;2008;24587;13014;11573;17315;9445;7870;7272;3569;3703
570;Europese Economische Ruimte;2009;24715;13055;11660;17538;9566;7971;7177;3489;3689
571;Europese Economische Ruimte;2010;24811;13083;11728;17750;9680;8070;7061;3403;3658
572;Europese Economische Ruimte;2011;24894;13096;11798;17928;9762;8165;6966;3334;3633
573;Europese Economische Ruimte;2012;24947;13097;11850;18091;9834;8258;6856;3263;3592
574;Europese Economische Ruimte;2013;24984;13094;11890;18245;9899;8346;6739;3195;3544
575;Europese Economische Ruimte;2014;25011;13081;11930;18386;9956;8430;6625;3125;3500
576;Europese Economische Ruimte;2015;25019;13065;11954;18518;10008;8509;6501;3057;3445
577;Europese Economische Ruimte;2016;25023;13048;11975;18642;10058;8584;6381;2990;3391
578;Europese Economische Ruimte;2017;25014;13029;11985;18756;10102;8654;6258;2927;3331
579;Europese Economische Ruimte;2018;25009;13014;11995;18862;10143;8719;6147;2871;3276
580;Europese Economische Ruimte;2019;25004;13004;12000;18958;10179;8780;6046;2825;3220
581;Europese Economische Ruimte;2020;25002;13001;12001;19047;10211;8836;5955;2790;3165
582;Europese Economische Ruimte;2021;25002;13001;12001;19129;10241;8887;5873;2760;3114
583;Europese Economische Ruimte;2022;25002;13001;12001;19208;10274;8935;5794;2727;3066
584;Europese Economische Ruimte;2023;25002;13001;12001;19280;10301;8978;5722;2700;3023
585;Europese Economische Ruimte;2024;25002;13001;12001;19345;10327;9019;5657;2674;2982
586;Europese Economische Ruimte;2025;25002;13001;12001;19408;10352;9056;5594;2649;2945
587;Europese Economische Ruimte;2026;25002;13001;12001;19463;10373;9090;5539;2628;2911
588;Europese Economische Ruimte;2027;25002;13001;12001;19514;10393;9121;5488;2608;2880
589;Europese Economische Ruimte;2028;25002;13001;12001;19564;10414;9150;5438;2587;2851
590;Europese Economische Ruimte;2029;25002;13001;12001;19611;10434;9177;5391;2567;2824
591;Europese Economische Ruimte;2030;25002;13001;12001;19652;10451;9201;5350;2550;2800
592;Europese Economische Ruimte;2031;25002;13001;12001;19689;10465;9224;5313;2536;2777
593;Europese Economische Ruimte;2032;25002;13001;12001;19721;10477;9244;5281;2524;2757
594;Europese Economische Ruimte;2033;25002;13001;12001;19750;10486;9264;5252;2515;2737
595;Europese Economische Ruimte;2034;25002;13001;12001;19776;10495;9281;5226;2506;2720
596;Europese Economische Ruimte;2035;25002;13001;12001;19800;10503;9298;5202;2498;2703
597;Europese Economische Ruimte;2036;25002;13001;12001;19823;10510;9313;5179;2491;2689
598;Europese Economische Ruimte;2037;25002;13001;12001;19843;10517;9326;5159;2484;2675
599;Europese Economische Ruimte;2038;25002;13001;12001;19861;10522;9339;5141;2479;2662
600;Europese Economische Ruimte;2039;25002;13001;12001;19878;10528;9350;5124;2473;2651
601;Europese Economische Ruimte;2040;25002;13001;12001;19895;10534;9361;5107;2467;2640
602;Europese Economische Ruimte;2041;25002;13001;12001;19909;10539;9371;5093;2462;2630
603;Europese Economische Ruimte;2042;25002;13001;12001;19923;10543;9380;5079;2458;2621
604;Europese Economische Ruimte;2043;25002;13001;12001;19935;10547;9388;5067;2454;2613
605;Europese Economische Ruimte;2044;25002;13001;12001;19947;10551;9396;5055;2450;2605
606;Europese Economische Ruimte;2045;25002;13001;12001;19958;10555;9403;5044;2446;2598
607;Europese Economische Ruimte;2046;25002;13001;12001;19968;10559;9409;5034;2442;2592
608;Europese Economische Ruimte;2047;25002;13001;12001;19977;10562;9416;5025;2439;2585
609;Europese Economische Ruimte;2048;25002;13001;12001;19986;10565;9421;5016;2436;2580
610;Europese Economische Ruimte;2049;25002;13001;12001;19994;10568;9427;5008;2433;2574
611;Europese Economische Ruimte;2050;25002;13001;12001;20002;10570;9431;5000;2431;2570
612;Overig Europa;2000;15906;7173;8733;3308;1421;1887;12598;5752;6846
613;Overig Europa;2001;16793;7595;9198;3757;1620;2136;13036;5975;7062
614;Overig Europa;2002;17101;7702;9399;4191;1813;2378;12910;5889;7021
615;Overig Europa;2003;17316;7850;9466;4614;2001;2614;12702;5849;6852
616;Overig Europa;2004;17506;8004;9502;5025;2185;2840;12481;5819;6662
617;Overig Europa;2005;17506;8004;9502;5418;2363;3055;12088;5641;6447
618;Overig Europa;2006;17506;8004;9502;5791;2532;3259;11715;5472;6243
619;Overig Europa;2007;17506;8004;9502;6144;2693;3451;11362;5311;6051
620;Overig Europa;2008;17506;8004;9502;6478;2845;3633;11028;5159;5869
621;Overig Europa;2009;17506;8004;9502;6792;2989;3804;10714;5015;5698
622;Overig Europa;2010;17365;8138;9227;7086;3127;3959;10279;5011;5268
623;Overig Europa;2011;17140;8095;9045;7355;3260;4095;9785;4835;4950
624;Overig Europa;2012;16890;8038;8852;7598;3382;4216;9292;4656;4636
625;Overig Europa;2013;16618;7970;8648;7817;3496;4321;8801;4474;4327
626;Overig Europa;2014;16333;7892;8441;8011;3600;4412;8322;4292;4029
627;Overig Europa;2015;16045;7814;8231;8183;3695;4488;7862;4119;3743
628;Overig Europa;2016;15779;7733;8046;8333;3782;4551;7446;3951;3495
629;Overig Europa;2017;15525;7660;7865;8463;3860;4603;7062;3800;3262
630;Overig Europa;2018;15305;7592;7713;8576;3932;4644;6729;3660;3069
631;Overig Europa;2019;15143;7543;7600;8674;3997;4677;6469;3546;2923
632;Overig Europa;2020;15004;7502;7502;8760;4056;4704;6244;3446;2798
633;Overig Europa;2021;15004;7502;7502;8836;4111;4726;6168;3391;2776
634;Overig Europa;2022;15004;7502;7502;8906;4161;4745;6098;3341;2757
635;Overig Europa;2023;15004;7502;7502;8971;4208;4763;6033;3294;2739
636;Overig Europa;2024;15004;7502;7502;9030;4252;4779;5974;3250;2723
637;Overig Europa;2025;15004;7502;7502;9085;4292;4793;5919;3210;2709
638;Overig Europa;2026;15004;7502;7502;9135;4329;4806;5869;3173;2696
639;Overig Europa;2027;15004;7502;7502;9180;4363;4817;5824;3139;2685
640;Overig Europa;2028;15004;7502;7502;9221;4394;4827;5783;3108;2675
641;Overig Europa;2029;15004;7502;7502;9258;4423;4835;5746;3079;2667
642;Overig Europa;2030;15004;7502;7502;9292;4449;4843;5712;3053;2659
643;Overig Europa;2031;15004;7502;7502;9323;4473;4849;5681;3029;2653
644;Overig Europa;2032;15004;7502;7502;9350;4495;4855;5654;3007;2647
645;Overig Europa;2033;15004;7502;7502;9375;4515;4860;5629;2987;2642
646;Overig Europa;2034;15004;7502;7502;9397;4534;4864;5607;2968;2638
647;Overig Europa;2035;15004;7502;7502;9418;4551;4867;5586;2951;2635
648;Overig Europa;2036;15004;7502;7502;9436;4566;4870;5568;2936;2632
649;Overig Europa;2037;15004;7502;7502;9452;4580;4872;5552;2922;2630
650;Overig Europa;2038;15004;7502;7502;9466;4593;4874;5538;2909;2628
651;Overig Europa;2039;15004;7502;7502;9479;4604;4875;5525;2898;2627
652;Overig Europa;2040;15004;7502;7502;9491;4615;4876;5513;2887;2626
653;Overig Europa;2041;15004;7502;7502;9501;4625;4876;5503;2877;2626
654;Overig Europa;2042;15004;7502;7502;9510;4633;4876;5494;2869;2626
655;Overig Europa;2043;15004;7502;7502;9518;4641;4876;5486;2861;2626
656;Overig Europa;2044;15004;7502;7502;9525;4649;4876;5479;2853;2626
657;Overig Europa;2045;15004;7502;7502;9531;4655;4876;5473;2847;2626
658;Overig Europa;2046;15004;7502;7502;9536;4662;4875;5468;2840;2627
659;Overig Europa;2047;15004;7502;7502;9541;4667;4874;5463;2835;2628
660;Overig Europa;2048;15004;7502;7502;9545;4672;4873;5459;2830;2629
661;Overig Europa;2049;15004;7502;7502;9549;4677;4872;5455;2825;2630
662;Overig Europa;2050;15004;7502;7502;9552;4681;4871;5452;2821;2631
663;Indonesië;2000;1750;684;1066;896;421;475;854;263;591
664;Indonesië;2001;1579;642;937;841;393;448;738;249;489
665;Indonesië;2002;1517;631;886;792;368;424;725;263;462
666;Indonesië;2003;1460;617;843;750;347;403;710;270;440
667;Indonesië;2004;1416;604;812;714;332;382;702;272;430
668;Indonesië;2005;1376;593;783;681;317;364;695;276;419
669;Indonesië;2006;1337;581;756;650;303;347;687;278;409
670;Indonesië;2007;1307;575;732;621;289;332;686;286;400
671;Indonesië;2008;1276;567;709;594;278;317;682;289;392
672;Indonesië;2009;1246;561;685;569;266;303;677;295;382
673;Indonesië;2010;1221;553;668;545;256;289;676;297;379
674;Indonesië;2011;1187;544;643;524;246;278;663;298;365
675;Indonesië;2012;1165;539;626;502;236;266;663;303;360
676;Indonesië;2013;1144;534;610;485;229;256;659;305;354
677;Indonesië;2014;1124;532;592;469;222;247;655;310;345
678;Indonesië;2015;1104;527;577;454;216;238;650;311;339
679;Indonesië;2016;1083;521;562;440;210;230;643;311;332
680;Indonesië;2017;1061;515;546;426;204;222;635;311;324
681;Indonesië;2018;1040;508;532;412;198;214;628;310;318
682;Indonesië;2019;1026;507;519;398;192;206;628;315;313
683;Indonesië;2020;1004;500;504;386;187;199;618;313;305
684;Indonesië;2021;1004;500;504;373;182;192;631;318;312
685;Indonesië;2022;1004;500;504;364;178;187;640;322;317
686;Indonesië;2023;1004;500;504;355;174;182;649;326;322
687;Indonesië;2024;1004;500;504;347;170;177;657;330;327
688;Indonesië;2025;1004;500;504;339;167;173;665;333;331
689;Indonesië;2026;1004;500;504;332;164;168;672;336;336
690;Indonesië;2027;1004;500;504;326;161;165;678;339;339
691;Indonesië;2028;1004;500;504;321;159;162;683;341;342
692;Indonesië;2029;1004;500;504;317;158;159;687;342;345
693;Indonesië;2030;1004;500;504;314;157;157;690;343;347
694;Indonesië;2031;1004;500;504;312;157;155;692;343;349
695;Indonesië;2032;1004;500;504;311;157;154;693;343;350
696;Indonesië;2033;1004;500;504;311;158;153;693;342;351
697;Indonesië;2034;1004;500;504;311;159;153;693;341;351
698;Indonesië;2035;1004;500;504;313;160;152;691;340;352
699;Indonesië;2036;1004;500;504;315;162;153;689;338;351
700;Indonesië;2037;1004;500;504;317;164;153;687;336;351
701;Indonesië;2038;1004;500;504;321;166;154;683;334;350
702;Indonesië;2039;1004;500;504;324;169;155;680;331;349
703;Indonesië;2040;1004;500;504;328;172;157;676;328;347
704;Indonesië;2041;1004;500;504;333;175;158;671;325;346
705;Indonesië;2042;1004;500;504;337;177;160;667;323;344
706;Indonesië;2043;1004;500;504;342;180;162;662;320;342
707;Indonesië;2044;1004;500;504;346;183;163;658;317;341
708;Indonesië;2045;1004;500;504;350;185;165;654;315;339
709;Indonesië;2046;1004;500;504;354;187;167;650;313;337
710;Indonesië;2047;1004;500;504;357;189;168;647;311;336
711;Indonesië;2048;1004;500;504;360;191;170;644;309;334
712;Indonesië;2049;1004;500;504;363;192;171;641;308;333
713;Indonesië;2050;1004;500;504;365;193;172;639;307;332
714;Overig buiten Europa;2000;7166;3655;3511;5197;2553;2644;1969;1102;867
715;Overig buiten Europa;2001;7353;3731;3622;5460;2693;2767;1893;1038;855
716;Overig buiten Europa;2002;7431;3765;3666;5673;2806;2867;1758;959;799
717;Overig buiten Europa;2003;7485;3785;3700;5862;2905;2956;1623;880;744
718;Overig buiten Europa;2004;7539;3810;3729;6029;2993;3036;1510;817;693
719;Overig buiten Europa;2005;7578;3826;3752;6179;3072;3107;1399;754;645
720;Overig buiten Europa;2006;7616;3840;3776;6312;3142;3171;1304;698;605
721;Overig buiten Europa;2007;7662;3859;3803;6433;3204;3229;1229;655;574
722;Overig buiten Europa;2008;7693;3872;3821;6541;3260;3281;1152;612;540
723;Overig buiten Europa;2009;7720;3883;3837;6638;3310;3329;1082;573;508
724;Overig buiten Europa;2010;7752;3897;3855;6726;3354;3372;1026;543;483
725;Overig buiten Europa;2011;7781;3912;3869;6804;3394;3411;977;518;458
726;Overig buiten Europa;2012;7811;3920;3891;6876;3430;3446;935;490;445
727;Overig buiten Europa;2013;7833;3930;3903;6941;3462;3479;892;468;424
728;Overig buiten Europa;2014;7860;3940;3920;7001;3491;3510;859;449;410
729;Overig buiten Europa;2015;7881;3951;3930;7055;3517;3537;826;434;393
730;Overig buiten Europa;2016;7915;3967;3948;7104;3541;3563;811;426;385
731;Overig buiten Europa;2017;7934;3975;3959;7151;3564;3587;783;411;372
732;Overig buiten Europa;2018;7953;3982;3971;7194;3584;3610;759;398;361
733;Overig buiten Europa;2019;7977;3991;3986;7233;3602;3631;744;389;355
734;Overig buiten Europa;2020;8000;3999;4001;7271;3619;3651;729;380;350
735;Overig buiten Europa;2021;8000;3999;4001;7305;3635;3670;695;364;331
736;Overig buiten Europa;2022;8000;3999;4001;7334;3648;3686;666;351;315
737;Overig buiten Europa;2023;8000;3999;4001;7360;3660;3700;640;339;301
738;Overig buiten Europa;2024;8000;3999;4001;7383;3670;3713;617;329;288
739;Overig buiten Europa;2025;8000;3999;4001;7402;3678;3724;598;321;277
740;Overig buiten Europa;2026;8000;3999;4001;7419;3686;3734;581;313;267
741;Overig buiten Europa;2027;8000;3999;4001;7435;3693;3742;565;306;259
742;Overig buiten Europa;2028;8000;3999;4001;7448;3698;3749;552;301;252
743;Overig buiten Europa;2029;8000;3999;4001;7459;3703;3756;541;296;245
744;Overig buiten Europa;2030;8000;3999;4001;7470;3708;3762;530;291;239
745;Overig buiten Europa;2031;8000;3999;4001;7478;3712;3767;522;287;234
746;Overig buiten Europa;2032;8000;3999;4001;7486;3715;3771;514;284;230
747;Overig buiten Europa;2033;8000;3999;4001;7493;3718;3775;507;281;226
748;Overig buiten Europa;2034;8000;3999;4001;7500;3721;3779;500;278;222
749;Overig buiten Europa;2035;8000;3999;4001;7505;3723;3782;495;276;219
750;Overig buiten Europa;2036;8000;3999;4001;7510;3726;3784;490;273;217
751;Overig buiten Europa;2037;8000;3999;4001;7514;3727;3787;486;272;214
752;Overig buiten Europa;2038;8000;3999;4001;7518;3729;3789;482;270;212
753;Overig buiten Europa;2039;8000;3999;4001;7521;3731;3791;479;268;210
754;Overig buiten Europa;2040;8000;3999;4001;7524;3732;3792;476;267;209
755;Overig buiten Europa;2041;8000;3999;4001;7527;3733;3794;473;266;207
756;Overig buiten Europa;2042;8000;3999;4001;7529;3734;3795;471;265;206
757;Overig buiten Europa;2043;8000;3999;4001;7531;3735;3796;469;264;205
758;Overig buiten Europa;2044;8000;3999;4001;7533;3736;3797;467;263;204
759;Overig buiten Europa;2045;8000;3999;4001;7534;3736;3798;466;263;203
760;Overig buiten Europa;2046;8000;3999;4001;7536;3737;3799;464;262;202
761;Overig buiten Europa;2047;8000;3999;4001;7537;3738;3799;463;261;202
762;Overig buiten Europa;2048;8000;3999;4001;7538;3738;3800;462;261;201
763;Overig buiten Europa;2049;8000;3999;4001;7539;3739;3800;461;260;201
764;Overig buiten Europa;2050;8000;3999;4001;7540;3739;3801;460;260;200
