ID;Leeftijd;Geslacht;Perioden;Autochtonen_1;Allochtonen_2;k_1eGeneratie_3;Totaal2eGeneratie_4;k_2eGeneratieMet1BuitenlandseOuder_5;k_2eGeneratieMet2BuitenlandseOuders_6;NietWesterseAllochtonen_7;WesterseAllochtonen_8
0;Totaal over alle leeftijden;Totaal mannen en vrouwen;2000;13088648;2775302;1431122;1344180;825837;518343;1408791;1366511
1;Totaal over alle leeftijden;Totaal mannen en vrouwen;2001;13118480;2863287;1481665;1381622;837971;543651;1475579;1387708
2;Totaal over alle leeftijden;Totaal mannen en vrouwen;2002;13147563;2950204;1530304;1419900;850612;569288;1540563;1409641
3;Totaal over alle leeftijden;Totaal mannen en vrouwen;2003;13173959;3037077;1577957;1459120;863850;595270;1605176;1431901
4;Totaal over alle leeftijden;Totaal mannen en vrouwen;2004;13196807;3123268;1624230;1499038;877628;621410;1668964;1454304
5;Totaal over alle leeftijden;Totaal mannen en vrouwen;2005;13215866;3208836;1669179;1539657;891926;647731;1731969;1476867
6;Totaal over alle leeftijden;Totaal mannen en vrouwen;2006;13230250;3293386;1712487;1580899;906685;674214;1794123;1499263
7;Totaal over alle leeftijden;Totaal mannen en vrouwen;2007;13240035;3376738;1754142;1622596;921790;700806;1855337;1521401
8;Totaal over alle leeftijden;Totaal mannen en vrouwen;2008;13245343;3458934;1794237;1664697;937272;727425;1915622;1543312
9;Totaal over alle leeftijden;Totaal mannen en vrouwen;2009;13246831;3539875;1832841;1707034;953025;754009;1974986;1564889
10;Totaal over alle leeftijden;Totaal mannen en vrouwen;2010;13244750;3619722;1870154;1749568;969057;780511;2033635;1586087
11;Totaal over alle leeftijden;Totaal mannen en vrouwen;2011;13239963;3698513;1906289;1792224;985295;806929;2091751;1606762
12;Totaal over alle leeftijden;Totaal mannen en vrouwen;2012;13233036;3776160;1941293;1834867;1001643;833224;2149372;1626788
13;Totaal over alle leeftijden;Totaal mannen en vrouwen;2013;13224342;3852609;1975155;1877454;1018105;859349;2206498;1646111
14;Totaal over alle leeftijden;Totaal mannen en vrouwen;2014;13214309;3927751;2007825;1919926;1034622;885304;2263103;1664648
15;Totaal over alle leeftijden;Totaal mannen en vrouwen;2015;13203261;4001644;2039382;1962262;1051202;911060;2319206;1682438
16;Totaal over alle leeftijden;Totaal mannen en vrouwen;2016;13191647;4074116;2069759;2004357;1067750;936607;2374702;1699414
17;Totaal over alle leeftijden;Totaal mannen en vrouwen;2017;13179495;4145292;2099061;2046231;1084134;962097;2429697;1715595
18;Totaal over alle leeftijden;Totaal mannen en vrouwen;2018;13167056;4215078;2127285;2087793;1100355;987438;2484096;1730982
19;Totaal over alle leeftijden;Totaal mannen en vrouwen;2019;13154354;4283562;2154479;2129083;1116377;1012706;2537950;1745612
20;Totaal over alle leeftijden;Totaal mannen en vrouwen;2020;13141348;4350752;2180751;2170001;1132170;1037831;2591201;1759551
21;Totaal over alle leeftijden;Totaal mannen en vrouwen;2021;13127945;4416731;2206118;2210613;1147778;1062835;2643894;1772837
22;Totaal over alle leeftijden;Totaal mannen en vrouwen;2022;13113901;4481546;2230703;2250843;1163119;1087724;2695921;1785625
23;Totaal over alle leeftijden;Totaal mannen en vrouwen;2023;13099056;4545254;2254512;2290742;1178258;1112484;2747358;1797896
24;Totaal over alle leeftijden;Totaal mannen en vrouwen;2024;13083201;4607884;2277562;2330322;1193213;1137109;2798187;1809697
25;Totaal over alle leeftijden;Totaal mannen en vrouwen;2025;13066086;4669454;2299868;2369586;1207948;1161638;2848410;1821044
26;Totaal over alle leeftijden;Totaal mannen en vrouwen;2026;13047709;4729953;2321409;2408544;1222501;1186043;2898027;1831926
27;Totaal over alle leeftijden;Totaal mannen en vrouwen;2027;13027747;4789418;2342217;2447201;1236884;1210317;2947025;1842393
28;Totaal over alle leeftijden;Totaal mannen en vrouwen;2028;13006078;4847859;2362286;2485573;1251095;1234478;2995413;1852446
29;Totaal over alle leeftijden;Totaal mannen en vrouwen;2029;12982547;4905326;2381637;2523689;1265160;1258529;3043232;1862094
30;Totaal over alle leeftijden;Totaal mannen en vrouwen;2030;12957096;4961770;2400248;2561522;1279084;1282438;3090401;1871369
31;Totaal over alle leeftijden;Totaal mannen en vrouwen;2031;12929597;5017303;2418170;2599133;1292929;1306204;3136965;1880338
32;Totaal over alle leeftijden;Totaal mannen en vrouwen;2032;12899979;5071861;2435389;2636472;1306592;1329880;3182933;1888928
33;Totaal over alle leeftijden;Totaal mannen en vrouwen;2033;12868143;5125476;2451927;2673549;1320166;1353383;3228253;1897223
34;Totaal over alle leeftijden;Totaal mannen en vrouwen;2034;12833957;5178177;2467783;2710394;1333641;1376753;3272936;1905241
35;Totaal over alle leeftijden;Totaal mannen en vrouwen;2035;12797488;5229946;2482978;2746968;1347024;1399944;3316967;1912979
36;Totaal over alle leeftijden;Totaal mannen en vrouwen;2036;12758549;5280815;2497494;2783321;1360353;1422968;3360371;1920444
37;Totaal over alle leeftijden;Totaal mannen en vrouwen;2037;12717331;5330797;2511349;2819448;1373590;1445858;3403113;1927684
38;Totaal over alle leeftijden;Totaal mannen en vrouwen;2038;12674191;5379878;2524557;2855321;1386769;1468552;3445160;1934718
39;Totaal over alle leeftijden;Totaal mannen en vrouwen;2039;12629129;5428061;2537098;2890963;1399883;1491080;3486527;1941534
40;Totaal over alle leeftijden;Totaal mannen en vrouwen;2040;12582626;5475426;2549029;2926397;1412980;1513417;3527217;1948209
41;Totaal over alle leeftijden;Totaal mannen en vrouwen;2041;12535009;5521954;2560369;2961585;1426005;1535580;3567169;1954785
42;Totaal over alle leeftijden;Totaal mannen en vrouwen;2042;12486437;5567681;2571095;2996586;1439044;1557542;3606447;1961234
43;Totaal over alle leeftijden;Totaal mannen en vrouwen;2043;12437332;5612550;2581217;3031333;1452037;1579296;3644949;1967601
44;Totaal over alle leeftijden;Totaal mannen en vrouwen;2044;12387741;5656626;2590769;3065857;1464968;1600889;3682752;1973874
45;Totaal over alle leeftijden;Totaal mannen en vrouwen;2045;12338233;5699935;2599766;3100169;1477899;1622270;3719819;1980116
46;Totaal over alle leeftijden;Totaal mannen en vrouwen;2046;12289107;5742436;2608191;3134245;1490806;1643439;3756150;1986286
47;Totaal over alle leeftijden;Totaal mannen en vrouwen;2047;12240481;5784084;2616087;3167997;1503568;1664429;3791697;1992387
48;Totaal over alle leeftijden;Totaal mannen en vrouwen;2048;12192678;5824988;2623445;3201543;1516326;1685217;3826500;1998488
49;Totaal over alle leeftijden;Totaal mannen en vrouwen;2049;12145949;5865110;2630298;3234812;1529033;1705779;3860593;2004517
50;Totaal over alle leeftijden;Totaal mannen en vrouwen;2050;12100520;5904410;2636615;3267795;1541684;1726111;3893893;2010517
51;Totaal over alle leeftijden;Mannen;2000;6461857;1384460;705295;679165;415012;264153;727031;657429
52;Totaal over alle leeftijden;Mannen;2001;6478901;1427583;729411;698172;421073;277099;759376;668207
53;Totaal over alle leeftijden;Mannen;2002;6494929;1470258;752717;717541;427338;290203;791060;679198
54;Totaal over alle leeftijden;Mannen;2003;6509851;1512866;775503;737363;433896;303467;822536;690330
55;Totaal over alle leeftijden;Mannen;2004;6523170;1555205;797619;757586;440738;316848;853621;701584
56;Totaal over alle leeftijden;Mannen;2005;6534711;1597325;819143;778182;447879;330303;884364;712961
57;Totaal over alle leeftijden;Mannen;2006;6543986;1638889;839777;799112;455292;343820;914684;724205
58;Totaal over alle leeftijden;Mannen;2007;6550875;1679856;859603;820253;462858;357395;944539;735317
59;Totaal over alle leeftijden;Mannen;2008;6555491;1720206;878586;841620;470609;371011;973944;746262
60;Totaal over alle leeftijden;Mannen;2009;6558109;1759961;896824;863137;478538;384599;1002956;757005
61;Totaal over alle leeftijden;Mannen;2010;6558902;1799164;914418;884746;486599;398147;1031600;767564
62;Totaal over alle leeftijden;Mannen;2011;6558282;1837962;931551;906411;494757;411654;1059961;778001
63;Totaal over alle leeftijden;Mannen;2012;6556442;1876253;948172;928081;502981;425100;1088116;788137
64;Totaal over alle leeftijden;Mannen;2013;6553632;1914011;964262;949749;511305;438444;1116043;797968
65;Totaal over alle leeftijden;Mannen;2014;6550020;1951146;979799;971347;519677;451670;1143696;807450
66;Totaal over alle leeftijden;Mannen;2015;6545721;1987740;994834;992906;528064;464842;1171158;816582
67;Totaal over alle leeftijden;Mannen;2016;6540980;2023701;1009336;1014365;536475;477890;1198369;825332
68;Totaal over alle leeftijden;Mannen;2017;6535854;2058986;1023319;1035667;544764;490903;1225297;833689
69;Totaal over alle leeftijden;Mannen;2018;6530323;2093659;1036811;1056848;552986;503862;1251981;841678
70;Totaal over alle leeftijden;Mannen;2019;6524437;2127723;1049823;1077900;561137;516763;1278439;849284
71;Totaal over alle leeftijden;Mannen;2020;6518167;2161202;1062413;1098789;569194;529595;1304642;856560
72;Totaal over alle leeftijden;Mannen;2021;6511539;2194064;1074571;1119493;577138;542355;1330572;863492
73;Totaal over alle leeftijden;Mannen;2022;6504337;2226320;1086299;1140021;584961;555060;1356172;870148
74;Totaal over alle leeftijden;Mannen;2023;6496564;2257978;1097590;1160388;592694;567694;1381463;876515
75;Totaal over alle leeftijden;Mannen;2024;6488080;2289097;1108496;1180601;600355;580246;1406460;882637
76;Totaal over alle leeftijden;Mannen;2025;6478882;2319607;1118971;1200636;607901;592735;1431134;888473
77;Totaal over alle leeftijden;Mannen;2026;6468811;2349581;1129053;1220528;615354;605174;1455490;894091
78;Totaal over alle leeftijden;Mannen;2027;6457831;2379032;1138759;1240273;622760;617513;1479560;899472
79;Totaal over alle leeftijden;Mannen;2028;6445910;2407931;1148046;1259885;630056;629829;1503304;904627
80;Totaal over alle leeftijden;Mannen;2029;6432989;2436342;1157009;1279333;637288;642045;1526743;909599
81;Totaal over alle leeftijden;Mannen;2030;6419105;2464244;1165582;1298662;644466;654196;1549895;914349
82;Totaal over alle leeftijden;Mannen;2031;6404255;2491655;1173813;1317842;651553;666289;1572709;918946
83;Totaal over alle leeftijden;Mannen;2032;6388374;2518643;1181715;1336928;658637;678291;1595259;923384
84;Totaal over alle leeftijden;Mannen;2033;6371476;2545136;1189283;1355853;665642;690211;1617492;927644
85;Totaal over alle leeftijden;Mannen;2034;6353510;2571215;1196540;1374675;672582;702093;1639403;931812
86;Totaal over alle leeftijden;Mannen;2035;6334475;2596823;1203464;1393359;679502;713857;1661002;935821
87;Totaal over alle leeftijden;Mannen;2036;6314357;2621969;1210080;1411889;686350;725539;1682263;939706
88;Totaal over alle leeftijden;Mannen;2037;6293256;2646701;1216382;1430319;693176;737143;1703202;943499
89;Totaal over alle leeftijden;Mannen;2038;6271355;2671010;1222393;1448617;699981;748636;1723820;947190
90;Totaal over alle leeftijden;Mannen;2039;6248669;2694914;1228112;1466802;706765;760037;1744077;950837
91;Totaal over alle leeftijden;Mannen;2040;6225489;2718386;1233530;1484856;713492;771364;1763974;954412
92;Totaal over alle leeftijden;Mannen;2041;6201775;2741450;1238645;1502805;720237;782568;1783532;957918
93;Totaal over alle leeftijden;Mannen;2042;6177791;2764126;1243497;1520629;726931;793698;1802715;961411
94;Totaal over alle leeftijden;Mannen;2043;6153589;2786387;1248057;1538330;733628;804702;1821551;964836
95;Totaal over alle leeftijden;Mannen;2044;6129324;2808236;1252321;1555915;740305;815610;1839988;968248
96;Totaal over alle leeftijden;Mannen;2045;6105158;2829670;1256316;1573354;746943;826411;1858042;971628
97;Totaal over alle leeftijden;Mannen;2046;6081316;2850703;1260040;1590663;753559;837104;1875715;974988
98;Totaal over alle leeftijden;Mannen;2047;6057848;2871358;1263518;1607840;760157;847683;1893037;978321
99;Totaal over alle leeftijden;Mannen;2048;6034982;2891601;1266735;1624866;766707;858159;1909954;981647
100;Totaal over alle leeftijden;Mannen;2049;6012756;2911424;1269692;1641732;773224;868508;1926505;984919
101;Totaal over alle leeftijden;Mannen;2050;5991302;2930854;1272420;1658434;779698;878736;1942659;988195
102;Totaal over alle leeftijden;Vrouwen;2000;6626791;1390842;725827;665015;410825;254190;681760;709082
103;Totaal over alle leeftijden;Vrouwen;2001;6639480;1435794;752263;683531;416943;266588;716263;719531
104;Totaal over alle leeftijden;Vrouwen;2002;6652543;1480034;777580;702454;423344;279110;749590;730444
105;Totaal over alle leeftijden;Vrouwen;2003;6664042;1524275;802450;721825;430004;291821;782684;741591
106;Totaal over alle leeftijden;Vrouwen;2004;6673620;1568084;826592;741492;436872;304620;815359;752725
107;Totaal over alle leeftijden;Vrouwen;2005;6681114;1611559;850042;761517;444030;317487;847645;763914
108;Totaal over alle leeftijden;Vrouwen;2006;6686255;1654507;872695;781812;451365;330447;879472;775035
109;Totaal over alle leeftijden;Vrouwen;2007;6689117;1696932;894569;802363;458912;343451;910828;786104
110;Totaal over alle leeftijden;Vrouwen;2008;6689852;1738724;915650;823074;466615;356459;941689;797035
111;Totaal over alle leeftijden;Vrouwen;2009;6688717;1779919;936003;843916;474476;369440;972047;807872
112;Totaal over alle leeftijden;Vrouwen;2010;6685828;1820578;955738;864840;482441;382399;1002052;818526
113;Totaal over alle leeftijden;Vrouwen;2011;6681701;1860533;974729;885804;490503;395301;1031776;828757
114;Totaal over alle leeftijden;Vrouwen;2012;6676603;1899896;993119;906777;498621;408156;1061258;838638
115;Totaal over alle leeftijden;Vrouwen;2013;6670740;1938566;1010876;927690;506746;420944;1090453;848113
116;Totaal over alle leeftijden;Vrouwen;2014;6664331;1976562;1028019;948543;514911;433632;1119366;857196
117;Totaal over alle leeftijden;Vrouwen;2015;6657561;2013884;1044547;969337;523094;446243;1148013;865871
118;Totaal over alle leeftijden;Vrouwen;2016;6650647;2050437;1060434;990003;531246;458757;1176352;874085
119;Totaal over alle leeftijden;Vrouwen;2017;6643690;2086258;1075729;1010529;539300;471229;1204380;881878
120;Totaal over alle leeftijden;Vrouwen;2018;6636749;2121402;1090471;1030931;547317;483614;1232105;889297
121;Totaal over alle leeftijden;Vrouwen;2019;6629949;2155804;1104646;1051158;555191;495967;1259503;896301
122;Totaal over alle leeftijden;Vrouwen;2020;6623164;2189565;1118346;1071219;562955;508264;1286569;902996
123;Totaal over alle leeftijden;Vrouwen;2021;6616404;2222662;1131560;1091102;570604;520498;1313314;909348
124;Totaal over alle leeftijden;Vrouwen;2022;6609595;2255201;1144389;1110812;578109;532703;1339725;915476
125;Totaal over alle leeftijden;Vrouwen;2023;6602510;2287261;1156916;1130345;585533;544812;1365872;921389
126;Totaal over alle leeftijden;Vrouwen;2024;6595101;2318800;1169070;1149730;592832;556898;1391728;927072
127;Totaal over alle leeftijden;Vrouwen;2025;6587234;2349821;1180890;1168931;600002;568929;1417268;932553
128;Totaal over alle leeftijden;Vrouwen;2026;6578921;2380350;1192342;1188008;607090;580918;1442509;937841
129;Totaal over alle leeftijden;Vrouwen;2027;6569916;2410383;1203466;1206917;614086;592831;1467462;942921
130;Totaal over alle leeftijden;Vrouwen;2028;6560173;2439931;1214231;1225700;621017;604683;1492129;947802
131;Totaal over alle leeftijden;Vrouwen;2029;6549539;2469002;1224634;1244368;627881;616487;1516477;952525
132;Totaal over alle leeftijden;Vrouwen;2030;6537991;2497531;1234668;1262863;634617;628246;1540499;957032
133;Totaal over alle leeftijden;Vrouwen;2031;6525391;2525602;1244341;1281261;641326;639935;1564217;961385
134;Totaal over alle leeftijden;Vrouwen;2032;6511613;2553211;1253687;1299524;647945;651579;1587653;965558
135;Totaal over alle leeftijden;Vrouwen;2033;6496693;2580317;1262631;1317686;654553;663133;1610731;969586
136;Totaal over alle leeftijden;Vrouwen;2034;6480448;2606969;1271245;1335724;661095;674629;1633525;973444
137;Totaal over alle leeftijden;Vrouwen;2035;6462990;2633140;1279512;1353628;667573;686055;1655971;977169
138;Totaal over alle leeftijden;Vrouwen;2036;6444188;2658856;1287428;1371428;674018;697410;1678107;980749
139;Totaal over alle leeftijden;Vrouwen;2037;6424109;2684063;1294950;1389113;680420;708693;1699891;984172
140;Totaal over alle leeftijden;Vrouwen;2038;6402849;2708859;1302159;1406700;686800;719900;1721364;987495
141;Totaal over alle leeftijden;Vrouwen;2039;6380453;2733156;1309000;1424156;693122;731034;1742454;990702
142;Totaal over alle leeftijden;Vrouwen;2040;6357131;2757042;1315516;1441526;699470;742056;1763225;993817
143;Totaal over alle leeftijden;Vrouwen;2041;6333225;2780519;1321718;1458801;705787;753014;1783656;996863
144;Totaal over alle leeftijden;Vrouwen;2042;6308653;2803545;1327605;1475940;712084;763856;1803710;999835
145;Totaal over alle leeftijden;Vrouwen;2043;6283730;2826170;1333184;1492986;718367;774619;1823420;1002750
146;Totaal over alle leeftijden;Vrouwen;2044;6258411;2848392;1338444;1509948;724673;785275;1842785;1005607
147;Totaal over alle leeftijden;Vrouwen;2045;6233099;2870239;1343435;1526804;730943;795861;1861764;1008475
148;Totaal over alle leeftijden;Vrouwen;2046;6207838;2891692;1348143;1543549;737207;806342;1880377;1011315
149;Totaal over alle leeftijden;Vrouwen;2047;6182612;2912741;1352564;1560177;743429;816748;1898648;1014093
150;Totaal over alle leeftijden;Vrouwen;2048;6157683;2933414;1356736;1576678;749649;827029;1916554;1016860
151;Totaal over alle leeftijden;Vrouwen;2049;6133217;2953662;1360597;1593065;755806;837259;1934076;1019586
152;Totaal over alle leeftijden;Vrouwen;2050;6109221;2973550;1364217;1609333;761967;847366;1951231;1022319
153;0 jaar;Totaal mannen en vrouwen;2000;157900;43848;1063;42785;16785;26000;31620;12228
154;0 jaar;Totaal mannen en vrouwen;2001;163206;43392;862;42530;16636;25894;31226;12166
155;0 jaar;Totaal mannen en vrouwen;2002;161996;44503;852;43651;17348;26303;31797;12706
156;0 jaar;Totaal mannen en vrouwen;2003;159458;45548;857;44691;18055;26636;32284;13264
157;0 jaar;Totaal mannen en vrouwen;2004;155951;46457;849;45608;18736;26872;32647;13810
158;0 jaar;Totaal mannen en vrouwen;2005;152341;47298;845;46453;19396;27057;32951;14347
159;0 jaar;Totaal mannen en vrouwen;2006;148656;48110;837;47273;20024;27249;33254;14856
160;0 jaar;Totaal mannen en vrouwen;2007;145200;48823;828;47995;20622;27373;33480;15343
161;0 jaar;Totaal mannen en vrouwen;2008;142106;49432;820;48612;21174;27438;33632;15800
162;0 jaar;Totaal mannen en vrouwen;2009;139581;49949;814;49135;21684;27451;33728;16221
163;0 jaar;Totaal mannen en vrouwen;2010;137447;50383;808;49575;22154;27421;33774;16609
164;0 jaar;Totaal mannen en vrouwen;2011;136024;50736;804;49932;22577;27355;33784;16952
165;0 jaar;Totaal mannen en vrouwen;2012;135211;51014;800;50214;22956;27258;33765;17249
166;0 jaar;Totaal mannen en vrouwen;2013;134849;51232;798;50434;23291;27143;33738;17494
167;0 jaar;Totaal mannen en vrouwen;2014;134970;51394;794;50600;23589;27011;33699;17695
168;0 jaar;Totaal mannen en vrouwen;2015;135426;51508;794;50714;23848;26866;33653;17855
169;0 jaar;Totaal mannen en vrouwen;2016;136157;51568;791;50777;24069;26708;33591;17977
170;0 jaar;Totaal mannen en vrouwen;2017;137128;51594;790;50804;24138;26666;33541;18053
171;0 jaar;Totaal mannen en vrouwen;2018;138298;51579;786;50793;24177;26616;33478;18101
172;0 jaar;Totaal mannen en vrouwen;2019;139601;51538;782;50756;24195;26561;33416;18122
173;0 jaar;Totaal mannen en vrouwen;2020;140940;51474;781;50693;24196;26497;33348;18126
174;0 jaar;Totaal mannen en vrouwen;2021;142248;51388;777;50611;24179;26432;33275;18113
175;0 jaar;Totaal mannen en vrouwen;2022;143469;51304;777;50527;24159;26368;33209;18095
176;0 jaar;Totaal mannen en vrouwen;2023;144595;51218;777;50441;24134;26307;33148;18070
177;0 jaar;Totaal mannen en vrouwen;2024;145614;51140;778;50362;24111;26251;33098;18042
178;0 jaar;Totaal mannen en vrouwen;2025;146525;51070;778;50292;24088;26204;33051;18019
179;0 jaar;Totaal mannen en vrouwen;2026;147343;51003;778;50225;24065;26160;33010;17993
180;0 jaar;Totaal mannen en vrouwen;2027;148048;50939;778;50161;24041;26120;32970;17969
181;0 jaar;Totaal mannen en vrouwen;2028;148661;50886;778;50108;24023;26085;32941;17945
182;0 jaar;Totaal mannen en vrouwen;2029;149185;50834;778;50056;24006;26050;32914;17920
183;0 jaar;Totaal mannen en vrouwen;2030;149618;50788;778;50010;23986;26024;32887;17901
184;0 jaar;Totaal mannen en vrouwen;2031;149918;50744;778;49966;23969;25997;32865;17879
185;0 jaar;Totaal mannen en vrouwen;2032;150077;50700;778;49922;23945;25977;32845;17855
186;0 jaar;Totaal mannen en vrouwen;2033;150065;50664;778;49886;23932;25954;32828;17836
187;0 jaar;Totaal mannen en vrouwen;2034;149867;50631;778;49853;23916;25937;32813;17818
188;0 jaar;Totaal mannen en vrouwen;2035;149477;50601;778;49823;23902;25921;32802;17799
189;0 jaar;Totaal mannen en vrouwen;2036;148944;50574;778;49796;23887;25909;32793;17781
190;0 jaar;Totaal mannen en vrouwen;2037;148284;50557;778;49779;23878;25901;32790;17767
191;0 jaar;Totaal mannen en vrouwen;2038;147564;50543;778;49765;23868;25897;32791;17752
192;0 jaar;Totaal mannen en vrouwen;2039;146818;50535;778;49757;23862;25895;32799;17736
193;0 jaar;Totaal mannen en vrouwen;2040;146102;50538;778;49760;23860;25900;32810;17728
194;0 jaar;Totaal mannen en vrouwen;2041;145451;50540;778;49762;23856;25906;32826;17714
195;0 jaar;Totaal mannen en vrouwen;2042;144898;50558;778;49780;23860;25920;32851;17707
196;0 jaar;Totaal mannen en vrouwen;2043;144468;50578;778;49800;23866;25934;32880;17698
197;0 jaar;Totaal mannen en vrouwen;2044;144191;50609;778;49831;23874;25957;32917;17692
198;0 jaar;Totaal mannen en vrouwen;2045;144076;50645;778;49867;23884;25983;32958;17687
199;0 jaar;Totaal mannen en vrouwen;2046;144113;50683;778;49905;23896;26009;33000;17683
200;0 jaar;Totaal mannen en vrouwen;2047;144294;50730;778;49952;23913;26039;33050;17680
201;0 jaar;Totaal mannen en vrouwen;2048;144587;50785;778;50007;23932;26075;33104;17681
202;0 jaar;Totaal mannen en vrouwen;2049;144967;50841;778;50063;23950;26113;33162;17679
203;0 jaar;Totaal mannen en vrouwen;2050;145446;50910;778;50132;23975;26157;33228;17682
204;0 jaar;Mannen;2000;81029;22520;552;21968;8629;13339;16150;6370
205;0 jaar;Mannen;2001;83574;22205;425;21780;8520;13260;15981;6224
206;0 jaar;Mannen;2002;82949;22776;421;22355;8885;13470;16275;6501
207;0 jaar;Mannen;2003;81658;23306;421;22885;9244;13641;16522;6784
208;0 jaar;Mannen;2004;79857;23779;419;23360;9598;13762;16712;7067
209;0 jaar;Mannen;2005;78015;24206;416;23790;9935;13855;16866;7340
210;0 jaar;Mannen;2006;76126;24625;413;24212;10256;13956;17023;7602
211;0 jaar;Mannen;2007;74357;24990;408;24582;10564;14018;17139;7851
212;0 jaar;Mannen;2008;72773;25301;403;24898;10846;14052;17218;8083
213;0 jaar;Mannen;2009;71483;25563;399;25164;11104;14060;17264;8299
214;0 jaar;Mannen;2010;70388;25790;397;25393;11346;14047;17291;8499
215;0 jaar;Mannen;2011;69658;25972;396;25576;11565;14011;17296;8676
216;0 jaar;Mannen;2012;69244;26113;394;25719;11759;13960;17286;8827
217;0 jaar;Mannen;2013;69058;26225;392;25833;11932;13901;17271;8954
218;0 jaar;Mannen;2014;69122;26307;390;25917;12081;13836;17251;9056
219;0 jaar;Mannen;2015;69358;26364;389;25975;12212;13763;17227;9137
220;0 jaar;Mannen;2016;69734;26395;387;26008;12328;13680;17196;9199
221;0 jaar;Mannen;2017;70231;26408;385;26023;12364;13659;17170;9238
222;0 jaar;Mannen;2018;70829;26402;384;26018;12385;13633;17139;9263
223;0 jaar;Mannen;2019;71499;26378;380;25998;12393;13605;17106;9272
224;0 jaar;Mannen;2020;72182;26347;380;25967;12393;13574;17072;9275
225;0 jaar;Mannen;2021;72853;26304;378;25926;12386;13540;17034;9270
226;0 jaar;Mannen;2022;73479;26261;378;25883;12376;13507;17001;9260
227;0 jaar;Mannen;2023;74059;26215;378;25837;12361;13476;16969;9246
228;0 jaar;Mannen;2024;74578;26177;378;25799;12351;13448;16943;9234
229;0 jaar;Mannen;2025;75046;26141;378;25763;12341;13422;16920;9221
230;0 jaar;Mannen;2026;75466;26105;378;25727;12328;13399;16897;9208
231;0 jaar;Mannen;2027;75828;26073;378;25695;12315;13380;16877;9196
232;0 jaar;Mannen;2028;76142;26046;378;25668;12307;13361;16864;9182
233;0 jaar;Mannen;2029;76413;26017;378;25639;12293;13346;16846;9171
234;0 jaar;Mannen;2030;76632;25995;378;25617;12287;13330;16835;9160
235;0 jaar;Mannen;2031;76787;25972;378;25594;12275;13319;16823;9149
236;0 jaar;Mannen;2032;76868;25951;378;25573;12267;13306;16813;9138
237;0 jaar;Mannen;2033;76860;25934;378;25556;12261;13295;16805;9129
238;0 jaar;Mannen;2034;76759;25917;378;25539;12252;13287;16798;9119
239;0 jaar;Mannen;2035;76560;25901;378;25523;12244;13279;16791;9110
240;0 jaar;Mannen;2036;76286;25888;378;25510;12237;13273;16787;9101
241;0 jaar;Mannen;2037;75952;25876;378;25498;12230;13268;16783;9093
242;0 jaar;Mannen;2038;75581;25871;378;25493;12227;13266;16786;9085
243;0 jaar;Mannen;2039;75197;25867;378;25489;12225;13264;16790;9077
244;0 jaar;Mannen;2040;74833;25867;378;25489;12222;13267;16795;9072
245;0 jaar;Mannen;2041;74498;25869;378;25491;12221;13270;16804;9065
246;0 jaar;Mannen;2042;74216;25878;378;25500;12221;13279;16817;9061
247;0 jaar;Mannen;2043;73995;25888;378;25510;12224;13286;16831;9057
248;0 jaar;Mannen;2044;73853;25904;378;25526;12229;13297;16850;9054
249;0 jaar;Mannen;2045;73794;25923;378;25545;12235;13310;16871;9052
250;0 jaar;Mannen;2046;73812;25943;378;25565;12240;13325;16894;9049
251;0 jaar;Mannen;2047;73906;25967;378;25589;12250;13339;16919;9048
252;0 jaar;Mannen;2048;74057;25993;378;25615;12258;13357;16946;9047
253;0 jaar;Mannen;2049;74249;26024;378;25646;12270;13376;16976;9048
254;0 jaar;Mannen;2050;74497;26058;378;25680;12280;13400;17009;9049
255;0 jaar;Vrouwen;2000;76871;21328;511;20817;8156;12661;15470;5858
256;0 jaar;Vrouwen;2001;79630;21189;440;20749;8117;12632;15247;5942
257;0 jaar;Vrouwen;2002;79043;21730;433;21297;8464;12833;15524;6206
258;0 jaar;Vrouwen;2003;77807;22235;433;21802;8809;12993;15759;6476
259;0 jaar;Vrouwen;2004;76087;22684;431;22253;9142;13111;15939;6745
260;0 jaar;Vrouwen;2005;74327;23091;428;22663;9462;13201;16086;7005
261;0 jaar;Vrouwen;2006;72528;23487;425;23062;9770;13292;16234;7253
262;0 jaar;Vrouwen;2007;70843;23833;420;23413;10060;13353;16341;7492
263;0 jaar;Vrouwen;2008;69332;24132;417;23715;10329;13386;16417;7715
264;0 jaar;Vrouwen;2009;68101;24383;415;23968;10577;13391;16462;7921
265;0 jaar;Vrouwen;2010;67055;24597;412;24185;10807;13378;16486;8111
266;0 jaar;Vrouwen;2011;66361;24768;411;24357;11014;13343;16490;8278
267;0 jaar;Vrouwen;2012;65963;24905;409;24496;11200;13296;16482;8423
268;0 jaar;Vrouwen;2013;65785;25013;409;24604;11364;13240;16470;8543
269;0 jaar;Vrouwen;2014;65845;25090;407;24683;11507;13176;16450;8640
270;0 jaar;Vrouwen;2015;66068;25145;407;24738;11632;13106;16427;8718
271;0 jaar;Vrouwen;2016;66425;25171;404;24767;11738;13029;16395;8776
272;0 jaar;Vrouwen;2017;66899;25184;404;24780;11773;13007;16370;8814
273;0 jaar;Vrouwen;2018;67466;25180;403;24777;11795;12982;16343;8837
274;0 jaar;Vrouwen;2019;68102;25160;403;24757;11803;12954;16311;8849
275;0 jaar;Vrouwen;2020;68756;25128;402;24726;11800;12926;16278;8850
276;0 jaar;Vrouwen;2021;69393;25086;400;24686;11794;12892;16242;8844
277;0 jaar;Vrouwen;2022;69988;25046;400;24646;11785;12861;16211;8835
278;0 jaar;Vrouwen;2023;70538;25002;400;24602;11771;12831;16180;8822
279;0 jaar;Vrouwen;2024;71034;24964;400;24564;11759;12805;16155;8809
280;0 jaar;Vrouwen;2025;71478;24930;400;24530;11748;12782;16132;8798
281;0 jaar;Vrouwen;2026;71877;24898;400;24498;11737;12761;16112;8786
282;0 jaar;Vrouwen;2027;72220;24866;400;24466;11727;12739;16093;8773
283;0 jaar;Vrouwen;2028;72522;24838;400;24438;11718;12720;16078;8760
284;0 jaar;Vrouwen;2029;72775;24814;400;24414;11707;12707;16065;8749
285;0 jaar;Vrouwen;2030;72987;24792;400;24392;11701;12691;16052;8740
286;0 jaar;Vrouwen;2031;73132;24771;400;24371;11691;12680;16042;8729
287;0 jaar;Vrouwen;2032;73207;24751;400;24351;11682;12669;16032;8719
288;0 jaar;Vrouwen;2033;73202;24733;400;24333;11673;12660;16024;8709
289;0 jaar;Vrouwen;2034;73107;24715;400;24315;11664;12651;16016;8699
290;0 jaar;Vrouwen;2035;72916;24701;400;24301;11657;12644;16010;8691
291;0 jaar;Vrouwen;2036;72654;24690;400;24290;11654;12636;16008;8682
292;0 jaar;Vrouwen;2037;72332;24681;400;24281;11648;12633;16005;8676
293;0 jaar;Vrouwen;2038;71983;24673;400;24273;11643;12630;16006;8667
294;0 jaar;Vrouwen;2039;71620;24668;400;24268;11637;12631;16008;8660
295;0 jaar;Vrouwen;2040;71271;24669;400;24269;11636;12633;16013;8656
296;0 jaar;Vrouwen;2041;70952;24672;400;24272;11637;12635;16023;8649
297;0 jaar;Vrouwen;2042;70682;24680;400;24280;11637;12643;16035;8645
298;0 jaar;Vrouwen;2043;70473;24690;400;24290;11638;12652;16049;8641
299;0 jaar;Vrouwen;2044;70338;24705;400;24305;11645;12660;16067;8638
300;0 jaar;Vrouwen;2045;70282;24722;400;24322;11649;12673;16087;8635
301;0 jaar;Vrouwen;2046;70302;24740;400;24340;11655;12685;16107;8633
302;0 jaar;Vrouwen;2047;70388;24763;400;24363;11661;12702;16131;8632
303;0 jaar;Vrouwen;2048;70533;24789;400;24389;11670;12719;16158;8631
304;0 jaar;Vrouwen;2049;70716;24818;400;24418;11683;12735;16186;8632
305;0 jaar;Vrouwen;2050;70950;24851;400;24451;11693;12758;16218;8633
306;1 jaar;Totaal mannen en vrouwen;2000;156942;44075;2834;41241;16273;24968;31949;12126
307;1 jaar;Totaal mannen en vrouwen;2001;157307;45101;2359;42742;16765;25977;32310;12791
308;1 jaar;Totaal mannen en vrouwen;2002;162589;44659;2173;42486;16616;25870;31902;12757
309;1 jaar;Totaal mannen en vrouwen;2003;161379;45786;2173;43613;17333;26280;32477;13309
310;1 jaar;Totaal mannen en vrouwen;2004;158860;46821;2171;44650;18038;26612;32951;13870
311;1 jaar;Totaal mannen en vrouwen;2005;155365;47728;2159;45569;18721;26848;33303;14425
312;1 jaar;Totaal mannen en vrouwen;2006;151773;48559;2148;46411;19378;27033;33596;14963
313;1 jaar;Totaal mannen en vrouwen;2007;148103;49361;2129;47232;20008;27224;33885;15476
314;1 jaar;Totaal mannen en vrouwen;2008;144661;50067;2113;47954;20606;27348;34101;15966
315;1 jaar;Totaal mannen en vrouwen;2009;141580;50669;2099;48570;21156;27414;34243;16426
316;1 jaar;Totaal mannen en vrouwen;2010;139067;51179;2089;49090;21663;27427;34331;16848
317;1 jaar;Totaal mannen en vrouwen;2011;136941;51616;2083;49533;22135;27398;34377;17239
318;1 jaar;Totaal mannen en vrouwen;2012;135525;51969;2080;49889;22557;27332;34387;17582
319;1 jaar;Totaal mannen en vrouwen;2013;134717;52247;2077;50170;22936;27234;34371;17876
320;1 jaar;Totaal mannen en vrouwen;2014;134355;52466;2076;50390;23272;27118;34345;18121
321;1 jaar;Totaal mannen en vrouwen;2015;134471;52630;2072;50558;23570;26988;34307;18323
322;1 jaar;Totaal mannen en vrouwen;2016;134930;52739;2069;50670;23828;26842;34261;18478
323;1 jaar;Totaal mannen en vrouwen;2017;135655;52798;2063;50735;24048;26687;34201;18597
324;1 jaar;Totaal mannen en vrouwen;2018;136625;52822;2063;50759;24115;26644;34150;18672
325;1 jaar;Totaal mannen en vrouwen;2019;137786;52808;2056;50752;24158;26594;34089;18719
326;1 jaar;Totaal mannen en vrouwen;2020;139082;52767;2053;50714;24175;26539;34029;18738
327;1 jaar;Totaal mannen en vrouwen;2021;140415;52703;2051;50652;24177;26475;33961;18742
328;1 jaar;Totaal mannen en vrouwen;2022;141715;52618;2048;50570;24160;26410;33889;18729
329;1 jaar;Totaal mannen en vrouwen;2023;142930;52534;2048;50486;24139;26347;33824;18710
330;1 jaar;Totaal mannen en vrouwen;2024;144051;52447;2048;50399;24114;26285;33761;18686
331;1 jaar;Totaal mannen en vrouwen;2025;145063;52371;2048;50323;24092;26231;33711;18660
332;1 jaar;Totaal mannen en vrouwen;2026;145969;52301;2048;50253;24069;26184;33664;18637
333;1 jaar;Totaal mannen en vrouwen;2027;146780;52233;2048;50185;24046;26139;33623;18610
334;1 jaar;Totaal mannen en vrouwen;2028;147479;52172;2048;50124;24026;26098;33585;18587
335;1 jaar;Totaal mannen en vrouwen;2029;148093;52116;2048;50068;24006;26062;33555;18561
336;1 jaar;Totaal mannen en vrouwen;2030;148617;52060;2048;50012;23982;26030;33524;18536
337;1 jaar;Totaal mannen en vrouwen;2031;149046;52017;2048;49969;23965;26004;33500;18517
338;1 jaar;Totaal mannen en vrouwen;2032;149341;51974;2048;49926;23949;25977;33478;18496
339;1 jaar;Totaal mannen en vrouwen;2033;149496;51934;2048;49886;23933;25953;33460;18474
340;1 jaar;Totaal mannen en vrouwen;2034;149485;51896;2048;49848;23915;25933;33441;18455
341;1 jaar;Totaal mannen en vrouwen;2035;149287;51864;2048;49816;23900;25916;33428;18436
342;1 jaar;Totaal mannen en vrouwen;2036;148900;51835;2049;49786;23884;25902;33417;18418
343;1 jaar;Totaal mannen en vrouwen;2037;148368;51808;2049;49759;23870;25889;33408;18400
344;1 jaar;Totaal mannen en vrouwen;2038;147713;51789;2049;49740;23860;25880;33404;18385
345;1 jaar;Totaal mannen en vrouwen;2039;147000;51772;2049;49723;23846;25877;33405;18367
346;1 jaar;Totaal mannen en vrouwen;2040;146254;51768;2049;49719;23843;25876;33413;18355
347;1 jaar;Totaal mannen en vrouwen;2041;145544;51768;2049;49719;23839;25880;33423;18345
348;1 jaar;Totaal mannen en vrouwen;2042;144891;51774;2049;49725;23838;25887;33442;18332
349;1 jaar;Totaal mannen en vrouwen;2043;144344;51791;2049;49742;23842;25900;33467;18324
350;1 jaar;Totaal mannen en vrouwen;2044;143917;51809;2048;49761;23845;25916;33495;18314
351;1 jaar;Totaal mannen en vrouwen;2045;143641;51838;2048;49790;23854;25936;33532;18306
352;1 jaar;Totaal mannen en vrouwen;2046;143522;51878;2048;49830;23868;25962;33573;18305
353;1 jaar;Totaal mannen en vrouwen;2047;143558;51916;2048;49868;23880;25988;33616;18300
354;1 jaar;Totaal mannen en vrouwen;2048;143741;51962;2047;49915;23896;26019;33665;18297
355;1 jaar;Totaal mannen en vrouwen;2049;144033;52015;2047;49968;23910;26058;33719;18296
356;1 jaar;Totaal mannen en vrouwen;2050;144410;52069;2047;50022;23931;26091;33774;18295
357;1 jaar;Mannen;2000;80331;22523;1385;21138;8347;12791;16259;6264
358;1 jaar;Mannen;2001;80715;23140;1197;21943;8619;13324;16486;6654
359;1 jaar;Mannen;2002;83242;22834;1076;21758;8511;13247;16314;6520
360;1 jaar;Mannen;2003;82622;23409;1075;22334;8877;13457;16607;6802
361;1 jaar;Mannen;2004;81337;23938;1074;22864;9236;13628;16848;7090
362;1 jaar;Mannen;2005;79548;24403;1069;23334;9585;13749;17030;7373
363;1 jaar;Mannen;2006;77713;24827;1061;23766;9923;13843;17179;7648
364;1 jaar;Mannen;2007;75830;25242;1054;24188;10247;13941;17329;7913
365;1 jaar;Mannen;2008;74067;25604;1045;24559;10554;14005;17440;8164
366;1 jaar;Mannen;2009;72492;25910;1035;24875;10835;14040;17514;8396
367;1 jaar;Mannen;2010;71207;26171;1029;25142;11095;14047;17558;8613
368;1 jaar;Mannen;2011;70118;26398;1027;25371;11339;14032;17583;8815
369;1 jaar;Mannen;2012;69395;26578;1027;25551;11554;13997;17588;8990
370;1 jaar;Mannen;2013;68979;26721;1025;25696;11746;13950;17579;9142
371;1 jaar;Mannen;2014;68796;26831;1022;25809;11919;13890;17564;9267
372;1 jaar;Mannen;2015;68856;26915;1020;25895;12074;13821;17545;9370
373;1 jaar;Mannen;2016;69090;26971;1018;25953;12203;13750;17521;9450
374;1 jaar;Mannen;2017;69463;27001;1016;25985;12317;13668;17490;9511
375;1 jaar;Mannen;2018;69959;27014;1014;26000;12355;13645;17463;9551
376;1 jaar;Mannen;2019;70555;27005;1011;25994;12370;13624;17432;9573
377;1 jaar;Mannen;2020;71217;26984;1007;25977;12384;13593;17400;9584
378;1 jaar;Mannen;2021;71900;26951;1007;25944;12381;13563;17365;9586
379;1 jaar;Mannen;2022;72566;26910;1006;25904;12377;13527;17330;9580
380;1 jaar;Mannen;2023;73191;26865;1006;25859;12364;13495;17295;9570
381;1 jaar;Mannen;2024;73765;26822;1006;25816;12353;13463;17264;9558
382;1 jaar;Mannen;2025;74284;26784;1006;25778;12341;13437;17239;9545
383;1 jaar;Mannen;2026;74749;26746;1006;25740;12327;13413;17214;9532
384;1 jaar;Mannen;2027;75163;26712;1006;25706;12318;13388;17194;9518
385;1 jaar;Mannen;2028;75523;26681;1006;25675;12306;13369;17174;9507
386;1 jaar;Mannen;2029;75836;26653;1006;25647;12296;13351;17159;9494
387;1 jaar;Mannen;2030;76103;26626;1006;25620;12287;13333;17145;9481
388;1 jaar;Mannen;2031;76324;26603;1006;25597;12277;13320;17131;9472
389;1 jaar;Mannen;2032;76477;26579;1006;25573;12266;13307;17119;9460
390;1 jaar;Mannen;2033;76557;26559;1007;25552;12258;13294;17111;9448
391;1 jaar;Mannen;2034;76551;26541;1007;25534;12249;13285;17102;9439
392;1 jaar;Mannen;2035;76449;26525;1007;25518;12243;13275;17094;9431
393;1 jaar;Mannen;2036;76253;26508;1007;25501;12233;13268;17089;9419
394;1 jaar;Mannen;2037;75980;26495;1007;25488;12226;13262;17084;9411
395;1 jaar;Mannen;2038;75645;26486;1007;25479;12220;13259;17083;9403
396;1 jaar;Mannen;2039;75278;26478;1007;25471;12216;13255;17083;9395
397;1 jaar;Mannen;2040;74896;26475;1007;25468;12212;13256;17087;9388
398;1 jaar;Mannen;2041;74531;26477;1007;25470;12213;13257;17093;9384
399;1 jaar;Mannen;2042;74198;26478;1007;25471;12213;13258;17102;9376
400;1 jaar;Mannen;2043;73919;26487;1007;25480;12213;13267;17115;9372
401;1 jaar;Mannen;2044;73699;26497;1007;25490;12216;13274;17129;9368
402;1 jaar;Mannen;2045;73557;26512;1007;25505;12218;13287;17148;9364
403;1 jaar;Mannen;2046;73497;26531;1007;25524;12227;13297;17168;9363
404;1 jaar;Mannen;2047;73516;26550;1007;25543;12231;13312;17190;9360
405;1 jaar;Mannen;2048;73609;26576;1007;25569;12240;13329;17217;9359
406;1 jaar;Mannen;2049;73757;26603;1007;25596;12249;13347;17244;9359
407;1 jaar;Mannen;2050;73952;26630;1007;25623;12257;13366;17272;9358
408;1 jaar;Vrouwen;2000;76611;21552;1449;20103;7926;12177;15690;5862
409;1 jaar;Vrouwen;2001;76592;21961;1163;20798;8148;12650;15823;6138
410;1 jaar;Vrouwen;2002;79344;21828;1097;20731;8108;12623;15592;6236
411;1 jaar;Vrouwen;2003;78758;22377;1096;21281;8457;12824;15870;6507
412;1 jaar;Vrouwen;2004;77528;22878;1094;21784;8800;12984;16099;6779
413;1 jaar;Vrouwen;2005;75820;23322;1089;22233;9133;13100;16272;7050
414;1 jaar;Vrouwen;2006;74064;23728;1084;22644;9455;13189;16415;7313
415;1 jaar;Vrouwen;2007;72271;24121;1077;23044;9761;13283;16556;7565
416;1 jaar;Vrouwen;2008;70594;24464;1070;23394;10053;13341;16660;7804
417;1 jaar;Vrouwen;2009;69090;24757;1063;23694;10321;13373;16729;8028
418;1 jaar;Vrouwen;2010;67862;25006;1058;23948;10568;13380;16771;8235
419;1 jaar;Vrouwen;2011;66824;25218;1055;24163;10797;13366;16792;8426
420;1 jaar;Vrouwen;2012;66133;25388;1053;24335;11001;13334;16797;8591
421;1 jaar;Vrouwen;2013;65738;25526;1053;24473;11188;13285;16792;8734
422;1 jaar;Vrouwen;2014;65560;25635;1054;24581;11353;13228;16781;8854
423;1 jaar;Vrouwen;2015;65617;25714;1052;24662;11498;13164;16762;8952
424;1 jaar;Vrouwen;2016;65840;25768;1050;24718;11621;13097;16739;9029
425;1 jaar;Vrouwen;2017;66194;25795;1047;24748;11730;13018;16709;9086
426;1 jaar;Vrouwen;2018;66665;25809;1047;24762;11763;12999;16685;9124
427;1 jaar;Vrouwen;2019;67233;25800;1045;24755;11783;12972;16655;9145
428;1 jaar;Vrouwen;2020;67866;25782;1045;24737;11792;12945;16627;9155
429;1 jaar;Vrouwen;2021;68514;25752;1044;24708;11791;12917;16595;9157
430;1 jaar;Vrouwen;2022;69149;25708;1042;24666;11784;12882;16558;9150
431;1 jaar;Vrouwen;2023;69740;25668;1042;24626;11775;12851;16528;9140
432;1 jaar;Vrouwen;2024;70285;25626;1042;24584;11763;12821;16497;9129
433;1 jaar;Vrouwen;2025;70778;25588;1042;24546;11749;12797;16472;9116
434;1 jaar;Vrouwen;2026;71221;25553;1042;24511;11738;12773;16449;9104
435;1 jaar;Vrouwen;2027;71618;25520;1042;24478;11729;12749;16428;9092
436;1 jaar;Vrouwen;2028;71958;25489;1042;24447;11717;12730;16410;9079
437;1 jaar;Vrouwen;2029;72255;25464;1042;24422;11709;12713;16396;9068
438;1 jaar;Vrouwen;2030;72511;25437;1042;24395;11698;12697;16382;9055
439;1 jaar;Vrouwen;2031;72720;25416;1042;24374;11690;12684;16369;9047
440;1 jaar;Vrouwen;2032;72865;25394;1042;24352;11681;12671;16359;9035
441;1 jaar;Vrouwen;2033;72939;25375;1042;24333;11674;12659;16350;9025
442;1 jaar;Vrouwen;2034;72935;25355;1042;24313;11664;12649;16340;9015
443;1 jaar;Vrouwen;2035;72839;25339;1042;24297;11656;12641;16333;9006
444;1 jaar;Vrouwen;2036;72649;25325;1042;24283;11649;12634;16327;8998
445;1 jaar;Vrouwen;2037;72389;25313;1042;24271;11642;12629;16324;8989
446;1 jaar;Vrouwen;2038;72069;25303;1042;24261;11638;12623;16322;8981
447;1 jaar;Vrouwen;2039;71719;25296;1042;24254;11633;12621;16322;8974
448;1 jaar;Vrouwen;2040;71360;25291;1042;24249;11628;12621;16325;8966
449;1 jaar;Vrouwen;2041;71011;25292;1042;24250;11627;12623;16330;8962
450;1 jaar;Vrouwen;2042;70693;25296;1042;24254;11630;12624;16341;8955
451;1 jaar;Vrouwen;2043;70426;25303;1042;24261;11630;12631;16352;8951
452;1 jaar;Vrouwen;2044;70218;25312;1042;24270;11630;12640;16366;8946
453;1 jaar;Vrouwen;2045;70084;25326;1042;24284;11634;12650;16382;8944
454;1 jaar;Vrouwen;2046;70024;25347;1042;24305;11641;12664;16404;8943
455;1 jaar;Vrouwen;2047;70043;25365;1042;24323;11647;12676;16424;8941
456;1 jaar;Vrouwen;2048;70130;25388;1042;24346;11654;12692;16449;8939
457;1 jaar;Vrouwen;2049;70274;25414;1042;24372;11665;12707;16475;8939
458;1 jaar;Vrouwen;2050;70456;25441;1042;24399;11672;12727;16503;8938
459;2 jaar;Totaal mannen en vrouwen;2000;151720;42827;3837;38990;15307;23683;30888;11939
460;2 jaar;Totaal mannen en vrouwen;2001;156385;45509;4286;41223;16262;24961;32780;12729
461;2 jaar;Totaal mannen en vrouwen;2002;156750;46562;3837;42725;16760;25965;33143;13419
462;2 jaar;Totaal mannen en vrouwen;2003;162018;46148;3676;42472;16613;25859;32731;13417
463;2 jaar;Totaal mannen en vrouwen;2004;160811;47269;3675;43594;17324;26270;33292;13977
464;2 jaar;Totaal mannen en vrouwen;2005;158294;48298;3668;44630;18030;26600;33754;14544
465;2 jaar;Totaal mannen en vrouwen;2006;154812;49199;3649;45550;18715;26835;34096;15103
466;2 jaar;Totaal mannen en vrouwen;2007;151233;50020;3627;46393;19370;27023;34374;15646
467;2 jaar;Totaal mannen en vrouwen;2008;147574;50814;3601;47213;20000;27213;34651;16163
468;2 jaar;Totaal mannen en vrouwen;2009;144148;51510;3576;47934;20597;27337;34854;16656
469;2 jaar;Totaal mannen en vrouwen;2010;141078;52108;3557;48551;21148;27403;34992;17116
470;2 jaar;Totaal mannen en vrouwen;2011;138574;52620;3546;49074;21656;27418;35079;17541
471;2 jaar;Totaal mannen en vrouwen;2012;136459;53057;3542;49515;22126;27389;35127;17930
472;2 jaar;Totaal mannen en vrouwen;2013;135050;53409;3540;49869;22548;27321;35138;18271
473;2 jaar;Totaal mannen en vrouwen;2014;134243;53689;3537;50152;22927;27225;35125;18564
474;2 jaar;Totaal mannen en vrouwen;2015;133882;53909;3536;50373;23265;27108;35100;18809
475;2 jaar;Totaal mannen en vrouwen;2016;134002;54067;3529;50538;23560;26978;35065;19002
476;2 jaar;Totaal mannen en vrouwen;2017;134453;54178;3526;50652;23820;26832;35020;19158
477;2 jaar;Totaal mannen en vrouwen;2018;135173;54237;3520;50717;24043;26674;34962;19275
478;2 jaar;Totaal mannen en vrouwen;2019;136135;54260;3518;50742;24107;26635;34912;19348
479;2 jaar;Totaal mannen en vrouwen;2020;137296;54244;3512;50732;24146;26586;34852;19392
480;2 jaar;Totaal mannen en vrouwen;2021;138586;54201;3507;50694;24164;26530;34792;19409
481;2 jaar;Totaal mannen en vrouwen;2022;139913;54138;3505;50633;24165;26468;34725;19413
482;2 jaar;Totaal mannen en vrouwen;2023;141202;54054;3504;50550;24149;26401;34654;19400
483;2 jaar;Totaal mannen en vrouwen;2024;142410;53972;3504;50468;24131;26337;34590;19382
484;2 jaar;Totaal mannen en vrouwen;2025;143522;53887;3504;50383;24107;26276;34529;19358
485;2 jaar;Totaal mannen en vrouwen;2026;144533;53809;3504;50305;24082;26223;34479;19330
486;2 jaar;Totaal mannen en vrouwen;2027;145434;53740;3504;50236;24063;26173;34433;19307
487;2 jaar;Totaal mannen en vrouwen;2028;146243;53669;3503;50166;24036;26130;34390;19279
488;2 jaar;Totaal mannen en vrouwen;2029;146942;53606;3503;50103;24015;26088;34350;19256
489;2 jaar;Totaal mannen en vrouwen;2030;147549;53553;3504;50049;23995;26054;34322;19231
490;2 jaar;Totaal mannen en vrouwen;2031;148065;53501;3504;49997;23976;26021;34293;19208
491;2 jaar;Totaal mannen en vrouwen;2032;148492;53456;3503;49953;23959;25994;34270;19186
492;2 jaar;Totaal mannen en vrouwen;2033;148787;53411;3503;49908;23941;25967;34247;19164
493;2 jaar;Totaal mannen en vrouwen;2034;148942;53370;3503;49867;23922;25945;34228;19142
494;2 jaar;Totaal mannen en vrouwen;2035;148931;53332;3503;49829;23905;25924;34209;19123
495;2 jaar;Totaal mannen en vrouwen;2036;148735;53300;3503;49797;23889;25908;34196;19104
496;2 jaar;Totaal mannen en vrouwen;2037;148349;53272;3503;49769;23877;25892;34184;19088
497;2 jaar;Totaal mannen en vrouwen;2038;147820;53242;3503;49739;23860;25879;34174;19068
498;2 jaar;Totaal mannen en vrouwen;2039;147167;53226;3503;49723;23850;25873;34173;19053
499;2 jaar;Totaal mannen en vrouwen;2040;146453;53212;3503;49709;23840;25869;34174;19038
500;2 jaar;Totaal mannen en vrouwen;2041;145715;53202;3503;49699;23832;25867;34179;19023
501;2 jaar;Totaal mannen en vrouwen;2042;145004;53206;3503;49703;23834;25869;34192;19014
502;2 jaar;Totaal mannen en vrouwen;2043;144354;53211;3504;49707;23831;25876;34210;19001
503;2 jaar;Totaal mannen en vrouwen;2044;143809;53227;3503;49724;23833;25891;34235;18992
504;2 jaar;Totaal mannen en vrouwen;2045;143382;53248;3503;49745;23838;25907;34264;18984
505;2 jaar;Totaal mannen en vrouwen;2046;143107;53278;3503;49775;23848;25927;34301;18977
506;2 jaar;Totaal mannen en vrouwen;2047;142989;53316;3504;49812;23860;25952;34343;18973
507;2 jaar;Totaal mannen en vrouwen;2048;143024;53355;3504;49851;23870;25981;34386;18969
508;2 jaar;Totaal mannen en vrouwen;2049;143205;53401;3504;49897;23886;26011;34435;18966
509;2 jaar;Totaal mannen en vrouwen;2050;143493;53457;3504;49953;23906;26047;34491;18966
510;2 jaar;Mannen;2000;77358;21833;1861;19972;7858;12114;15699;6134
511;2 jaar;Mannen;2001;80039;23240;2111;21129;8343;12786;16670;6570
512;2 jaar;Mannen;2002;80417;23874;1939;21935;8616;13319;16902;6972
513;2 jaar;Mannen;2003;82944;23574;1828;21746;8505;13241;16720;6854
514;2 jaar;Mannen;2004;82321;24150;1827;22323;8871;13452;17009;7141
515;2 jaar;Mannen;2005;81033;24681;1826;22855;9235;13620;17247;7434
516;2 jaar;Mannen;2006;79249;25143;1817;23326;9582;13744;17423;7720
517;2 jaar;Mannen;2007;77425;25559;1802;23757;9919;13838;17564;7995
518;2 jaar;Mannen;2008;75550;25966;1788;24178;10241;13937;17705;8261
519;2 jaar;Mannen;2009;73796;26321;1775;24546;10546;14000;17810;8511
520;2 jaar;Mannen;2010;72226;26626;1762;24864;10830;14034;17881;8745
521;2 jaar;Mannen;2011;70944;26891;1758;25133;11093;14040;17926;8965
522;2 jaar;Mannen;2012;69863;27116;1757;25359;11332;14027;17951;9165
523;2 jaar;Mannen;2013;69141;27297;1757;25540;11547;13993;17956;9341
524;2 jaar;Mannen;2014;68727;27440;1753;25687;11745;13942;17948;9492
525;2 jaar;Mannen;2015;68543;27552;1751;25801;11917;13884;17935;9617
526;2 jaar;Mannen;2016;68603;27636;1750;25886;12068;13818;17918;9718
527;2 jaar;Mannen;2017;68835;27689;1747;25942;12199;13743;17893;9796
528;2 jaar;Mannen;2018;69204;27720;1744;25976;12313;13663;17864;9856
529;2 jaar;Mannen;2019;69697;27729;1741;25988;12348;13640;17837;9892
530;2 jaar;Mannen;2020;70290;27724;1738;25986;12370;13616;17808;9916
531;2 jaar;Mannen;2021;70952;27700;1736;25964;12375;13589;17774;9926
532;2 jaar;Mannen;2022;71630;27670;1736;25934;12378;13556;17741;9929
533;2 jaar;Mannen;2023;72296;27624;1733;25891;12369;13522;17702;9922
534;2 jaar;Mannen;2024;72911;27585;1733;25852;12362;13490;17671;9914
535;2 jaar;Mannen;2025;73488;27537;1733;25804;12345;13459;17638;9899
536;2 jaar;Mannen;2026;74006;27499;1732;25767;12336;13431;17614;9885
537;2 jaar;Mannen;2027;74468;27462;1732;25730;12323;13407;17589;9873
538;2 jaar;Mannen;2028;74881;27426;1732;25694;12311;13383;17566;9860
539;2 jaar;Mannen;2029;75241;27394;1732;25662;12298;13364;17546;9848
540;2 jaar;Mannen;2030;75550;27368;1732;25636;12292;13344;17533;9835
541;2 jaar;Mannen;2031;75814;27342;1732;25610;12282;13328;17518;9824
542;2 jaar;Mannen;2032;76034;27317;1732;25585;12272;13313;17505;9812
543;2 jaar;Mannen;2033;76183;27296;1732;25564;12263;13301;17495;9801
544;2 jaar;Mannen;2034;76264;27275;1732;25543;12253;13290;17484;9791
545;2 jaar;Mannen;2035;76257;27257;1733;25524;12244;13280;17477;9780
546;2 jaar;Mannen;2036;76157;27241;1733;25508;12238;13270;17470;9771
547;2 jaar;Mannen;2037;75960;27227;1734;25493;12229;13264;17465;9762
548;2 jaar;Mannen;2038;75685;27214;1734;25480;12224;13256;17460;9754
549;2 jaar;Mannen;2039;75354;27204;1734;25470;12218;13252;17458;9746
550;2 jaar;Mannen;2040;74988;27196;1734;25462;12213;13249;17459;9737
551;2 jaar;Mannen;2041;74609;27192;1734;25458;12209;13249;17462;9730
552;2 jaar;Mannen;2042;74247;27193;1734;25459;12205;13254;17468;9725
553;2 jaar;Mannen;2043;73913;27196;1734;25462;12207;13255;17478;9718
554;2 jaar;Mannen;2044;73634;27205;1734;25471;12207;13264;17491;9714
555;2 jaar;Mannen;2045;73419;27213;1734;25479;12209;13270;17504;9709
556;2 jaar;Mannen;2046;73273;27231;1734;25497;12216;13281;17525;9706
557;2 jaar;Mannen;2047;73212;27251;1734;25517;12222;13295;17546;9705
558;2 jaar;Mannen;2048;73231;27270;1734;25536;12228;13308;17567;9703
559;2 jaar;Mannen;2049;73326;27293;1734;25559;12235;13324;17592;9701
560;2 jaar;Mannen;2050;73471;27322;1734;25588;12247;13341;17621;9701
561;2 jaar;Vrouwen;2000;74362;20994;1976;19018;7449;11569;15189;5805
562;2 jaar;Vrouwen;2001;76344;22271;2174;20097;7925;12172;16110;6161
563;2 jaar;Vrouwen;2002;76331;22689;1899;20790;8145;12645;16242;6447
564;2 jaar;Vrouwen;2003;79080;22568;1845;20723;8104;12619;16008;6560
565;2 jaar;Vrouwen;2004;78489;23119;1847;21272;8452;12820;16283;6836
566;2 jaar;Vrouwen;2005;77258;23620;1843;21777;8798;12979;16508;7112
567;2 jaar;Vrouwen;2006;75557;24062;1836;22226;9131;13095;16677;7385
568;2 jaar;Vrouwen;2007;73808;24461;1825;22636;9453;13183;16811;7650
569;2 jaar;Vrouwen;2008;72024;24848;1812;23036;9760;13276;16945;7903
570;2 jaar;Vrouwen;2009;70352;25188;1803;23385;10048;13337;17043;8145
571;2 jaar;Vrouwen;2010;68854;25480;1795;23685;10317;13368;17110;8370
572;2 jaar;Vrouwen;2011;67631;25728;1787;23941;10565;13376;17153;8575
573;2 jaar;Vrouwen;2012;66596;25941;1785;24156;10795;13361;17175;8766
574;2 jaar;Vrouwen;2013;65909;26112;1783;24329;11000;13329;17182;8930
575;2 jaar;Vrouwen;2014;65514;26251;1784;24467;11185;13282;17178;9073
576;2 jaar;Vrouwen;2015;65334;26361;1787;24574;11350;13224;17168;9193
577;2 jaar;Vrouwen;2016;65394;26436;1780;24656;11497;13159;17150;9286
578;2 jaar;Vrouwen;2017;65620;26488;1780;24708;11616;13092;17126;9362
579;2 jaar;Vrouwen;2018;65968;26517;1776;24741;11727;13014;17099;9418
580;2 jaar;Vrouwen;2019;66441;26528;1778;24750;11757;12993;17074;9454
581;2 jaar;Vrouwen;2020;67002;26524;1776;24748;11781;12967;17047;9477
582;2 jaar;Vrouwen;2021;67628;26506;1776;24730;11789;12941;17021;9485
583;2 jaar;Vrouwen;2022;68278;26473;1774;24699;11788;12911;16987;9486
584;2 jaar;Vrouwen;2023;68904;26432;1772;24660;11783;12877;16952;9480
585;2 jaar;Vrouwen;2024;69497;26389;1772;24617;11768;12849;16919;9470
586;2 jaar;Vrouwen;2025;70039;26346;1772;24574;11758;12816;16888;9458
587;2 jaar;Vrouwen;2026;70529;26309;1771;24538;11747;12791;16866;9443
588;2 jaar;Vrouwen;2027;70968;26276;1771;24505;11737;12768;16843;9433
589;2 jaar;Vrouwen;2028;71365;26241;1771;24470;11726;12744;16822;9419
590;2 jaar;Vrouwen;2029;71702;26211;1772;24439;11714;12725;16803;9408
591;2 jaar;Vrouwen;2030;71997;26187;1772;24415;11708;12707;16790;9397
592;2 jaar;Vrouwen;2031;72250;26160;1772;24388;11695;12693;16776;9384
593;2 jaar;Vrouwen;2032;72458;26139;1772;24367;11688;12679;16764;9375
594;2 jaar;Vrouwen;2033;72604;26115;1772;24343;11678;12665;16751;9364
595;2 jaar;Vrouwen;2034;72677;26096;1772;24324;11668;12656;16743;9353
596;2 jaar;Vrouwen;2035;72669;26079;1773;24306;11660;12646;16735;9344
597;2 jaar;Vrouwen;2036;72575;26062;1773;24289;11652;12637;16728;9334
598;2 jaar;Vrouwen;2037;72385;26049;1773;24276;11646;12630;16723;9326
599;2 jaar;Vrouwen;2038;72127;26036;1773;24263;11640;12623;16718;9318
600;2 jaar;Vrouwen;2039;71811;26024;1773;24251;11630;12621;16715;9309
601;2 jaar;Vrouwen;2040;71463;26018;1773;24245;11628;12617;16716;9302
602;2 jaar;Vrouwen;2041;71102;26014;1773;24241;11624;12617;16720;9294
603;2 jaar;Vrouwen;2042;70754;26016;1773;24243;11625;12618;16726;9290
604;2 jaar;Vrouwen;2043;70437;26018;1773;24245;11623;12622;16734;9284
605;2 jaar;Vrouwen;2044;70170;26027;1773;24254;11627;12627;16747;9280
606;2 jaar;Vrouwen;2045;69964;26035;1772;24263;11628;12635;16761;9274
607;2 jaar;Vrouwen;2046;69831;26049;1771;24278;11632;12646;16779;9270
608;2 jaar;Vrouwen;2047;69773;26068;1771;24297;11637;12660;16798;9270
609;2 jaar;Vrouwen;2048;69790;26087;1771;24316;11644;12672;16820;9267
610;2 jaar;Vrouwen;2049;69877;26110;1771;24339;11652;12687;16844;9266
611;2 jaar;Vrouwen;2050;70020;26136;1771;24365;11660;12705;16871;9265
612;3 jaar;Totaal mannen en vrouwen;2000;151170;41675;4559;37116;14658;22458;29586;12089
613;3 jaar;Totaal mannen en vrouwen;2001;151269;44190;5210;38980;15304;23676;31707;12483
614;3 jaar;Totaal mannen en vrouwen;2002;155909;46848;5636;41212;16261;24951;33580;13268
615;3 jaar;Totaal mannen en vrouwen;2003;156273;47930;5215;42715;16757;25958;33952;13978
616;3 jaar;Totaal mannen en vrouwen;2004;161532;47532;5074;42458;16607;25851;33526;14006
617;3 jaar;Totaal mannen en vrouwen;2005;160319;48653;5070;43583;17321;26262;34082;14571
618;3 jaar;Totaal mannen en vrouwen;2006;157811;49671;5053;44618;18024;26594;34528;15143
619;3 jaar;Totaal mannen en vrouwen;2007;154340;50564;5026;45538;18709;26829;34860;15704
620;3 jaar;Totaal mannen en vrouwen;2008;150774;51372;4993;46379;19364;27015;35125;16247
621;3 jaar;Totaal mannen en vrouwen;2009;147129;52161;4960;47201;19995;27206;35394;16767
622;3 jaar;Totaal mannen en vrouwen;2010;143715;52854;4931;47923;20593;27330;35594;17260
623;3 jaar;Totaal mannen en vrouwen;2011;140659;53448;4911;48537;21140;27397;35729;17719
624;3 jaar;Totaal mannen en vrouwen;2012;138169;53964;4905;49059;21647;27412;35821;18143
625;3 jaar;Totaal mannen en vrouwen;2013;136060;54401;4900;49501;22119;27382;35873;18528
626;3 jaar;Totaal mannen en vrouwen;2014;134652;54753;4898;49855;22539;27316;35885;18868
627;3 jaar;Totaal mannen en vrouwen;2015;133845;55035;4895;50140;22923;27217;35875;19160
628;3 jaar;Totaal mannen en vrouwen;2016;133486;55252;4891;50361;23259;27102;35851;19401
629;3 jaar;Totaal mannen en vrouwen;2017;133606;55407;4882;50525;23554;26971;35816;19591
630;3 jaar;Totaal mannen en vrouwen;2018;134052;55518;4879;50639;23811;26828;35774;19744
631;3 jaar;Totaal mannen en vrouwen;2019;134768;55576;4872;50704;24035;26669;35720;19856
632;3 jaar;Totaal mannen en vrouwen;2020;135730;55595;4868;50727;24099;26628;35669;19926
633;3 jaar;Totaal mannen en vrouwen;2021;136883;55582;4862;50720;24142;26578;35614;19968
634;3 jaar;Totaal mannen en vrouwen;2022;138165;55540;4858;50682;24161;26521;35553;19987
635;3 jaar;Totaal mannen en vrouwen;2023;139483;55479;4857;50622;24162;26460;35490;19989
636;3 jaar;Totaal mannen en vrouwen;2024;140771;55391;4855;50536;24142;26394;35416;19975
637;3 jaar;Totaal mannen en vrouwen;2025;141969;55312;4855;50457;24125;26332;35354;19958
638;3 jaar;Totaal mannen en vrouwen;2026;143078;55225;4856;50369;24100;26269;35293;19932
639;3 jaar;Totaal mannen en vrouwen;2027;144084;55147;4855;50292;24074;26218;35242;19905
640;3 jaar;Totaal mannen en vrouwen;2028;144981;55078;4855;50223;24055;26168;35196;19882
641;3 jaar;Totaal mannen en vrouwen;2029;145785;55009;4855;50154;24030;26124;35155;19854
642;3 jaar;Totaal mannen en vrouwen;2030;146477;54947;4856;50091;24010;26081;35116;19831
643;3 jaar;Totaal mannen en vrouwen;2031;147081;54894;4856;50038;23991;26047;35087;19807
644;3 jaar;Totaal mannen en vrouwen;2032;147597;54841;4855;49986;23970;26016;35060;19781
645;3 jaar;Totaal mannen en vrouwen;2033;148019;54796;4855;49941;23953;25988;35034;19762
646;3 jaar;Totaal mannen en vrouwen;2034;148308;54753;4856;49897;23936;25961;35012;19741
647;3 jaar;Totaal mannen en vrouwen;2035;148466;54709;4856;49853;23914;25939;34992;19717
648;3 jaar;Totaal mannen en vrouwen;2036;148454;54673;4855;49818;23899;25919;34976;19697
649;3 jaar;Totaal mannen en vrouwen;2037;148260;54641;4854;49787;23883;25904;34962;19679
650;3 jaar;Totaal mannen en vrouwen;2038;147875;54612;4853;49759;23872;25887;34950;19662
651;3 jaar;Totaal mannen en vrouwen;2039;147347;54584;4854;49730;23854;25876;34940;19644
652;3 jaar;Totaal mannen en vrouwen;2040;146699;54567;4855;49712;23845;25867;34938;19629
653;3 jaar;Totaal mannen en vrouwen;2041;145985;54553;4855;49698;23837;25861;34941;19612
654;3 jaar;Totaal mannen en vrouwen;2042;145250;54544;4854;49690;23828;25862;34947;19597
655;3 jaar;Totaal mannen en vrouwen;2043;144545;54546;4854;49692;23829;25863;34959;19587
656;3 jaar;Totaal mannen en vrouwen;2044;143898;54549;4853;49696;23823;25873;34976;19573
657;3 jaar;Totaal mannen en vrouwen;2045;143356;54566;4853;49713;23828;25885;35000;19566
658;3 jaar;Totaal mannen en vrouwen;2046;142930;54587;4853;49734;23832;25902;35030;19557
659;3 jaar;Totaal mannen en vrouwen;2047;142655;54617;4853;49764;23842;25922;35067;19550
660;3 jaar;Totaal mannen en vrouwen;2048;142537;54654;4853;49801;23852;25949;35109;19545
661;3 jaar;Totaal mannen en vrouwen;2049;142569;54692;4853;49839;23866;25973;35151;19541
662;3 jaar;Totaal mannen en vrouwen;2050;142748;54738;4853;49885;23881;26004;35200;19538
663;3 jaar;Mannen;2000;77696;21416;2289;19127;7554;11573;15156;6260
664;3 jaar;Mannen;2001;77116;22513;2547;19966;7857;12109;16104;6409
665;3 jaar;Mannen;2002;79784;23902;2782;21120;8337;12783;17063;6839
666;3 jaar;Mannen;2003;80159;24551;2622;21929;8613;13316;17301;7250
667;3 jaar;Mannen;2004;82680;24264;2525;21739;8502;13237;17113;7151
668;3 jaar;Mannen;2005;82059;24836;2520;22316;8869;13447;17395;7441
669;3 jaar;Mannen;2006;80778;25359;2514;22845;9228;13617;17626;7733
670;3 jaar;Mannen;2007;78999;25817;2499;23318;9581;13737;17795;8022
671;3 jaar;Mannen;2008;77179;26231;2481;23750;9917;13833;17932;8299
672;3 jaar;Mannen;2009;75309;26634;2462;24172;10241;13931;18070;8564
673;3 jaar;Mannen;2010;73564;26985;2446;24539;10544;13995;18172;8813
674;3 jaar;Mannen;2011;72001;27290;2434;24856;10827;14029;18240;9050
675;3 jaar;Mannen;2012;70724;27560;2434;25126;11088;14038;18290;9270
676;3 jaar;Mannen;2013;69646;27784;2433;25351;11329;14022;18317;9467
677;3 jaar;Mannen;2014;68925;27964;2430;25534;11545;13989;18321;9643
678;3 jaar;Mannen;2015;68517;28103;2426;25677;11738;13939;18311;9792
679;3 jaar;Mannen;2016;68333;28218;2426;25792;11910;13882;18301;9917
680;3 jaar;Mannen;2017;68391;28300;2422;25878;12064;13814;18284;10016
681;3 jaar;Mannen;2018;68617;28354;2419;25935;12197;13738;18262;10092
682;3 jaar;Mannen;2019;68985;28383;2415;25968;12310;13658;18232;10151
683;3 jaar;Mannen;2020;69477;28391;2412;25979;12342;13637;18204;10187
684;3 jaar;Mannen;2021;70065;28390;2411;25979;12366;13613;18179;10211
685;3 jaar;Mannen;2022;70725;28365;2407;25958;12375;13583;18145;10220
686;3 jaar;Mannen;2023;71401;28333;2406;25927;12373;13554;18111;10222
687;3 jaar;Mannen;2024;72062;28291;2406;25885;12367;13518;18076;10215
688;3 jaar;Mannen;2025;72678;28247;2406;25841;12355;13486;18042;10205
689;3 jaar;Mannen;2026;73247;28204;2406;25798;12343;13455;18011;10193
690;3 jaar;Mannen;2027;73762;28165;2406;25759;12331;13428;17985;10180
691;3 jaar;Mannen;2028;74222;28129;2406;25723;12322;13401;17962;10167
692;3 jaar;Mannen;2029;74630;28096;2406;25690;12310;13380;17943;10153
693;3 jaar;Mannen;2030;74986;28065;2406;25659;12299;13360;17923;10142
694;3 jaar;Mannen;2031;75296;28036;2406;25630;12289;13341;17907;10129
695;3 jaar;Mannen;2032;75561;28009;2406;25603;12279;13324;17891;10118
696;3 jaar;Mannen;2033;75777;27985;2406;25579;12268;13311;17879;10106
697;3 jaar;Mannen;2034;75927;27962;2406;25556;12260;13296;17867;10095
698;3 jaar;Mannen;2035;76005;27944;2407;25537;12250;13287;17859;10085
699;3 jaar;Mannen;2036;76001;27925;2407;25518;12241;13277;17852;10073
700;3 jaar;Mannen;2037;75900;27910;2407;25503;12237;13266;17845;10065
701;3 jaar;Mannen;2038;75705;27894;2408;25486;12227;13259;17838;10056
702;3 jaar;Mannen;2039;75432;27880;2407;25473;12219;13254;17833;10047
703;3 jaar;Mannen;2040;75101;27870;2407;25463;12214;13249;17831;10039
704;3 jaar;Mannen;2041;74739;27861;2406;25455;12209;13246;17833;10028
705;3 jaar;Mannen;2042;74361;27857;2406;25451;12205;13246;17836;10021
706;3 jaar;Mannen;2043;73999;27860;2406;25454;12207;13247;17843;10017
707;3 jaar;Mannen;2044;73669;27860;2405;25455;12203;13252;17851;10009
708;3 jaar;Mannen;2045;73391;27869;2405;25464;12206;13258;17864;10005
709;3 jaar;Mannen;2046;73174;27879;2404;25475;12209;13266;17879;10000
710;3 jaar;Mannen;2047;73034;27892;2404;25488;12210;13278;17895;9997
711;3 jaar;Mannen;2048;72973;27912;2404;25508;12218;13290;17916;9996
712;3 jaar;Mannen;2049;72986;27935;2404;25531;12227;13304;17941;9994
713;3 jaar;Mannen;2050;73080;27958;2404;25554;12234;13320;17966;9992
714;3 jaar;Vrouwen;2000;73474;20259;2270;17989;7104;10885;14430;5829
715;3 jaar;Vrouwen;2001;74151;21679;2664;19015;7448;11567;15603;6076
716;3 jaar;Vrouwen;2002;76124;22946;2854;20092;7922;12170;16516;6430
717;3 jaar;Vrouwen;2003;76110;23383;2595;20788;8145;12643;16655;6728
718;3 jaar;Vrouwen;2004;78848;23272;2553;20719;8102;12617;16416;6856
719;3 jaar;Vrouwen;2005;78259;23818;2548;21270;8453;12817;16686;7132
720;3 jaar;Vrouwen;2006;77034;24311;2540;21771;8792;12979;16903;7408
721;3 jaar;Vrouwen;2007;75341;24747;2527;22220;9127;13093;17063;7684
722;3 jaar;Vrouwen;2008;73596;25141;2511;22630;9448;13182;17192;7949
723;3 jaar;Vrouwen;2009;71818;25528;2498;23030;9756;13274;17325;8203
724;3 jaar;Vrouwen;2010;70149;25871;2487;23384;10047;13337;17422;8449
725;3 jaar;Vrouwen;2011;68658;26159;2476;23683;10319;13364;17489;8670
726;3 jaar;Vrouwen;2012;67442;26407;2472;23935;10561;13374;17531;8876
727;3 jaar;Vrouwen;2013;66413;26618;2467;24151;10792;13359;17556;9062
728;3 jaar;Vrouwen;2014;65724;26791;2468;24323;10998;13325;17564;9227
729;3 jaar;Vrouwen;2015;65331;26929;2468;24461;11182;13279;17562;9367
730;3 jaar;Vrouwen;2016;65155;27032;2465;24567;11345;13222;17549;9483
731;3 jaar;Vrouwen;2017;65212;27110;2461;24649;11491;13158;17534;9576
732;3 jaar;Vrouwen;2018;65432;27167;2462;24705;11619;13086;17516;9651
733;3 jaar;Vrouwen;2019;65780;27195;2457;24738;11727;13011;17489;9706
734;3 jaar;Vrouwen;2020;66255;27202;2455;24747;11756;12991;17464;9738
735;3 jaar;Vrouwen;2021;66810;27199;2454;24745;11781;12964;17439;9760
736;3 jaar;Vrouwen;2022;67438;27177;2453;24724;11785;12939;17409;9768
737;3 jaar;Vrouwen;2023;68083;27145;2450;24695;11786;12909;17377;9768
738;3 jaar;Vrouwen;2024;68709;27101;2448;24653;11776;12877;17341;9760
739;3 jaar;Vrouwen;2025;69292;27064;2449;24615;11770;12845;17312;9752
740;3 jaar;Vrouwen;2026;69833;27019;2449;24570;11755;12815;17280;9739
741;3 jaar;Vrouwen;2027;70322;26982;2449;24533;11744;12789;17255;9727
742;3 jaar;Vrouwen;2028;70759;26949;2450;24499;11733;12766;17233;9716
743;3 jaar;Vrouwen;2029;71152;26916;2450;24466;11723;12743;17214;9702
744;3 jaar;Vrouwen;2030;71488;26885;2450;24435;11712;12723;17195;9690
745;3 jaar;Vrouwen;2031;71785;26857;2449;24408;11703;12705;17180;9677
746;3 jaar;Vrouwen;2032;72037;26831;2449;24382;11690;12692;17166;9665
747;3 jaar;Vrouwen;2033;72244;26810;2449;24361;11686;12675;17154;9656
748;3 jaar;Vrouwen;2034;72383;26789;2449;24340;11676;12664;17144;9645
749;3 jaar;Vrouwen;2035;72459;26767;2449;24318;11665;12653;17133;9634
750;3 jaar;Vrouwen;2036;72452;26750;2450;24300;11656;12644;17126;9624
751;3 jaar;Vrouwen;2037;72355;26736;2450;24286;11651;12635;17120;9616
752;3 jaar;Vrouwen;2038;72167;26721;2450;24271;11642;12629;17114;9607
753;3 jaar;Vrouwen;2039;71910;26709;2450;24259;11638;12621;17110;9599
754;3 jaar;Vrouwen;2040;71596;26698;2449;24249;11632;12617;17107;9591
755;3 jaar;Vrouwen;2041;71248;26691;2449;24242;11627;12615;17109;9582
756;3 jaar;Vrouwen;2042;70890;26686;2449;24237;11622;12615;17111;9575
757;3 jaar;Vrouwen;2043;70544;26688;2449;24239;11623;12616;17117;9571
758;3 jaar;Vrouwen;2044;70229;26690;2449;24241;11621;12620;17126;9564
759;3 jaar;Vrouwen;2045;69961;26700;2449;24251;11625;12626;17139;9561
760;3 jaar;Vrouwen;2046;69755;26710;2449;24261;11627;12634;17153;9557
761;3 jaar;Vrouwen;2047;69621;26724;2449;24275;11630;12645;17171;9553
762;3 jaar;Vrouwen;2048;69565;26741;2448;24293;11635;12658;17191;9550
763;3 jaar;Vrouwen;2049;69580;26761;2449;24312;11641;12671;17213;9548
764;3 jaar;Vrouwen;2050;69666;26782;2449;24333;11648;12685;17236;9546
765;4 jaar;Totaal mannen en vrouwen;2000;152143;41191;4857;36334;14630;21704;29034;12157
766;4 jaar;Totaal mannen en vrouwen;2001;150792;42959;5849;37110;14657;22453;30382;12577
767;4 jaar;Totaal mannen en vrouwen;2002;150889;45451;6481;38970;15296;23674;32478;12973
768;4 jaar;Totaal mannen en vrouwen;2003;155498;48088;6883;41205;16259;24946;34340;13748
769;4 jaar;Totaal mannen en vrouwen;2004;155866;49187;6483;42704;16752;25952;34717;14470
770;4 jaar;Totaal mannen en vrouwen;2005;161112;48809;6359;42450;16604;25846;34282;14527
771;4 jaar;Totaal mannen en vrouwen;2006;159903;49918;6344;43574;17317;26257;34824;15094
772;4 jaar;Totaal mannen en vrouwen;2007;157398;50924;6316;44608;18019;26589;35259;15665
773;4 jaar;Totaal mannen en vrouwen;2008;153936;51809;6281;45528;18703;26825;35582;16227
774;4 jaar;Totaal mannen en vrouwen;2009;150381;52610;6241;46369;19358;27011;35839;16771
775;4 jaar;Totaal mannen en vrouwen;2010;146747;53399;6207;47192;19992;27200;36107;17292
776;4 jaar;Totaal mannen en vrouwen;2011;143349;54087;6176;47911;20587;27324;36305;17782
777;4 jaar;Totaal mannen en vrouwen;2012;140298;54685;6157;48528;21136;27392;36445;18240
778;4 jaar;Totaal mannen en vrouwen;2013;137822;55200;6151;49049;21644;27405;36540;18660
779;4 jaar;Totaal mannen en vrouwen;2014;135718;55637;6145;49492;22116;27376;36594;19043
780;4 jaar;Totaal mannen en vrouwen;2015;134318;55987;6141;49846;22538;27308;36609;19378
781;4 jaar;Totaal mannen en vrouwen;2016;133516;56265;6135;50130;22920;27210;36601;19664
782;4 jaar;Totaal mannen en vrouwen;2017;133158;56479;6128;50351;23255;27096;36578;19901
783;4 jaar;Totaal mannen en vrouwen;2018;133271;56638;6120;50518;23552;26966;36550;20088
784;4 jaar;Totaal mannen en vrouwen;2019;133718;56744;6115;50629;23807;26822;36507;20237
785;4 jaar;Totaal mannen en vrouwen;2020;134431;56801;6109;50692;24028;26664;36454;20347
786;4 jaar;Totaal mannen en vrouwen;2021;135384;56824;6105;50719;24096;26623;36408;20416
787;4 jaar;Totaal mannen en vrouwen;2022;136530;56812;6100;50712;24138;26574;36353;20459
788;4 jaar;Totaal mannen en vrouwen;2023;137807;56770;6096;50674;24157;26517;36294;20476
789;4 jaar;Totaal mannen en vrouwen;2024;139123;56706;6093;50613;24158;26455;36229;20477
790;4 jaar;Totaal mannen en vrouwen;2025;140400;56622;6093;50529;24141;26388;36157;20465
791;4 jaar;Totaal mannen en vrouwen;2026;141598;56540;6093;50447;24121;26326;36092;20448
792;4 jaar;Totaal mannen en vrouwen;2027;142701;56452;6093;50359;24095;26264;36031;20421
793;4 jaar;Totaal mannen en vrouwen;2028;143699;56378;6093;50285;24073;26212;35984;20394
794;4 jaar;Totaal mannen en vrouwen;2029;144594;56307;6094;50213;24050;26163;35936;20371
795;4 jaar;Totaal mannen en vrouwen;2030;145390;56240;6093;50147;24028;26119;35898;20342
796;4 jaar;Totaal mannen en vrouwen;2031;146081;56177;6094;50083;24005;26078;35859;20318
797;4 jaar;Totaal mannen en vrouwen;2032;146682;56124;6093;50031;23988;26043;35830;20294
798;4 jaar;Totaal mannen en vrouwen;2033;147194;56070;6093;49977;23966;26011;35801;20269
799;4 jaar;Totaal mannen en vrouwen;2034;147614;56026;6094;49932;23951;25981;35776;20250
800;4 jaar;Totaal mannen en vrouwen;2035;147907;55979;6093;49886;23931;25955;35753;20226
801;4 jaar;Totaal mannen en vrouwen;2036;148057;55939;6092;49847;23912;25935;35735;20204
802;4 jaar;Totaal mannen en vrouwen;2037;148049;55901;6093;49808;23894;25914;35717;20184
803;4 jaar;Totaal mannen en vrouwen;2038;147852;55871;6093;49778;23881;25897;35704;20167
804;4 jaar;Totaal mannen en vrouwen;2039;147471;55840;6093;49747;23865;25882;35693;20147
805;4 jaar;Totaal mannen en vrouwen;2040;146941;55815;6093;49722;23852;25870;35686;20129
806;4 jaar;Totaal mannen en vrouwen;2041;146295;55798;6093;49705;23844;25861;35684;20114
807;4 jaar;Totaal mannen en vrouwen;2042;145589;55780;6091;49689;23832;25857;35684;20096
808;4 jaar;Totaal mannen en vrouwen;2043;144855;55772;6091;49681;23825;25856;35691;20081
809;4 jaar;Totaal mannen en vrouwen;2044;144150;55776;6092;49684;23823;25861;35703;20073
810;4 jaar;Totaal mannen en vrouwen;2045;143505;55780;6091;49689;23821;25868;35721;20059
811;4 jaar;Totaal mannen en vrouwen;2046;142964;55798;6092;49706;23826;25880;35747;20051
812;4 jaar;Totaal mannen en vrouwen;2047;142542;55818;6092;49726;23828;25898;35776;20042
813;4 jaar;Totaal mannen en vrouwen;2048;142267;55847;6092;49755;23838;25917;35812;20035
814;4 jaar;Totaal mannen en vrouwen;2049;142148;55884;6091;49793;23850;25943;35853;20031
815;4 jaar;Totaal mannen en vrouwen;2050;142182;55922;6092;49830;23860;25970;35896;20026
816;4 jaar;Mannen;2000;77780;21084;2488;18596;7473;11123;14864;6220
817;4 jaar;Mannen;2001;77491;22053;2930;19123;7552;11571;15546;6507
818;4 jaar;Mannen;2002;76914;23140;3178;19962;7855;12107;16485;6655
819;4 jaar;Mannen;2003;79565;24513;3399;21114;8338;12776;17436;7077
820;4 jaar;Mannen;2004;79941;25170;3247;21923;8611;13312;17676;7494
821;4 jaar;Mannen;2005;82457;24898;3165;21733;8500;13233;17483;7415
822;4 jaar;Mannen;2006;81833;25467;3158;22309;8866;13443;17760;7707
823;4 jaar;Mannen;2007;80555;25984;3144;22840;9225;13615;17985;7999
824;4 jaar;Mannen;2008;78783;26435;3124;23311;9578;13733;18151;8284
825;4 jaar;Mannen;2009;76966;26847;3104;23743;9911;13832;18283;8564
826;4 jaar;Mannen;2010;75103;27249;3085;24164;10235;13929;18422;8827
827;4 jaar;Mannen;2011;73364;27600;3066;24534;10542;13992;18522;9078
828;4 jaar;Mannen;2012;71805;27906;3057;24849;10823;14026;18592;9314
829;4 jaar;Mannen;2013;70536;28175;3056;25119;11085;14034;18642;9533
830;4 jaar;Mannen;2014;69463;28399;3055;25344;11326;14018;18669;9730
831;4 jaar;Mannen;2015;68741;28582;3053;25529;11544;13985;18679;9903
832;4 jaar;Mannen;2016;68332;28723;3050;25673;11737;13936;18671;10052
833;4 jaar;Mannen;2017;68148;28836;3047;25789;11912;13877;18660;10176
834;4 jaar;Mannen;2018;68213;28912;3041;25871;12060;13811;18641;10271
835;4 jaar;Mannen;2019;68436;28966;3038;25928;12192;13736;18620;10346
836;4 jaar;Mannen;2020;68801;28996;3036;25960;12304;13656;18592;10404
837;4 jaar;Mannen;2021;69289;29006;3031;25975;12341;13634;18567;10439
838;4 jaar;Mannen;2022;69879;29001;3030;25971;12359;13612;18539;10462
839;4 jaar;Mannen;2023;70534;28979;3026;25953;12371;13582;18507;10472
840;4 jaar;Mannen;2024;71205;28950;3028;25922;12374;13548;18476;10474
841;4 jaar;Mannen;2025;71863;28907;3027;25880;12365;13515;18438;10469
842;4 jaar;Mannen;2026;72475;28866;3026;25840;12357;13483;18407;10459
843;4 jaar;Mannen;2027;73043;28818;3025;25793;12340;13453;18373;10445
844;4 jaar;Mannen;2028;73556;28779;3025;25754;12329;13425;18348;10431
845;4 jaar;Mannen;2029;74011;28746;3027;25719;12320;13399;18327;10419
846;4 jaar;Mannen;2030;74419;28710;3027;25683;12306;13377;18304;10406
847;4 jaar;Mannen;2031;74774;28678;3027;25651;12294;13357;18285;10393
848;4 jaar;Mannen;2032;75082;28650;3026;25624;12284;13340;18270;10380
849;4 jaar;Mannen;2033;75343;28625;3027;25598;12277;13321;18257;10368
850;4 jaar;Mannen;2034;75559;28600;3027;25573;12265;13308;18243;10357
851;4 jaar;Mannen;2035;75707;28580;3027;25553;12259;13294;18234;10346
852;4 jaar;Mannen;2036;75786;28559;3027;25532;12247;13285;18225;10334
853;4 jaar;Mannen;2037;75782;28540;3027;25513;12241;13272;18216;10324
854;4 jaar;Mannen;2038;75681;28524;3027;25497;12233;13264;18208;10316
855;4 jaar;Mannen;2039;75488;28508;3026;25482;12225;13257;18203;10305
856;4 jaar;Mannen;2040;75217;28493;3026;25467;12216;13251;18197;10296
857;4 jaar;Mannen;2041;74887;28484;3026;25458;12211;13247;18196;10288
858;4 jaar;Mannen;2042;74523;28478;3027;25451;12206;13245;18199;10279
859;4 jaar;Mannen;2043;74148;28471;3027;25444;12201;13243;18200;10271
860;4 jaar;Mannen;2044;73785;28476;3027;25449;12203;13246;18207;10269
861;4 jaar;Mannen;2045;73456;28476;3027;25449;12199;13250;18215;10261
862;4 jaar;Mannen;2046;73183;28483;3025;25458;12202;13256;18227;10256
863;4 jaar;Mannen;2047;72964;28496;3025;25471;12206;13265;18244;10252
864;4 jaar;Mannen;2048;72824;28510;3025;25485;12211;13274;18262;10248
865;4 jaar;Mannen;2049;72764;28529;3025;25504;12217;13287;18283;10246
866;4 jaar;Mannen;2050;72782;28548;3025;25523;12222;13301;18304;10244
867;4 jaar;Vrouwen;2000;74363;20107;2369;17738;7157;10581;14170;5937
868;4 jaar;Vrouwen;2001;73300;20907;2920;17987;7103;10884;14836;6071
869;4 jaar;Vrouwen;2002;73976;22310;3298;19012;7448;11564;15991;6319
870;4 jaar;Vrouwen;2003;75936;23572;3484;20088;7918;12170;16901;6671
871;4 jaar;Vrouwen;2004;75924;24017;3234;20783;8142;12641;17042;6975
872;4 jaar;Vrouwen;2005;78655;23912;3196;20716;8102;12614;16800;7112
873;4 jaar;Vrouwen;2006;78067;24454;3189;21265;8450;12815;17065;7389
874;4 jaar;Vrouwen;2007;76842;24941;3173;21768;8793;12975;17275;7666
875;4 jaar;Vrouwen;2008;75152;25375;3158;22217;9128;13089;17433;7942
876;4 jaar;Vrouwen;2009;73414;25764;3138;22626;9448;13178;17556;8208
877;4 jaar;Vrouwen;2010;71644;26150;3124;23026;9755;13271;17687;8463
878;4 jaar;Vrouwen;2011;69984;26487;3109;23378;10046;13332;17784;8703
879;4 jaar;Vrouwen;2012;68492;26780;3101;23679;10316;13363;17855;8925
880;4 jaar;Vrouwen;2013;67282;27029;3096;23933;10560;13373;17901;9128
881;4 jaar;Vrouwen;2014;66256;27237;3091;24146;10789;13357;17924;9313
882;4 jaar;Vrouwen;2015;65572;27410;3091;24319;10996;13323;17935;9475
883;4 jaar;Vrouwen;2016;65181;27545;3088;24457;11180;13277;17932;9613
884;4 jaar;Vrouwen;2017;65005;27648;3084;24564;11343;13221;17922;9726
885;4 jaar;Vrouwen;2018;65061;27723;3080;24643;11487;13156;17908;9815
886;4 jaar;Vrouwen;2019;65282;27777;3077;24700;11615;13085;17888;9889
887;4 jaar;Vrouwen;2020;65631;27803;3072;24731;11721;13010;17860;9943
888;4 jaar;Vrouwen;2021;66096;27817;3072;24745;11755;12990;17842;9975
889;4 jaar;Vrouwen;2022;66652;27809;3069;24740;11776;12964;17813;9996
890;4 jaar;Vrouwen;2023;67276;27789;3069;24720;11784;12936;17785;10004
891;4 jaar;Vrouwen;2024;67914;27760;3069;24691;11785;12906;17755;10005
892;4 jaar;Vrouwen;2025;68539;27714;3066;24648;11776;12872;17718;9996
893;4 jaar;Vrouwen;2026;69122;27675;3066;24609;11767;12842;17687;9988
894;4 jaar;Vrouwen;2027;69659;27633;3067;24566;11753;12813;17657;9976
895;4 jaar;Vrouwen;2028;70145;27597;3067;24530;11742;12788;17634;9963
896;4 jaar;Vrouwen;2029;70580;27563;3067;24496;11732;12764;17611;9952
897;4 jaar;Vrouwen;2030;70973;27528;3066;24462;11720;12742;17591;9937
898;4 jaar;Vrouwen;2031;71307;27499;3067;24432;11710;12722;17572;9927
899;4 jaar;Vrouwen;2032;71602;27472;3067;24405;11701;12704;17558;9914
900;4 jaar;Vrouwen;2033;71848;27448;3067;24381;11692;12689;17545;9903
901;4 jaar;Vrouwen;2034;72056;27426;3067;24359;11685;12674;17533;9893
902;4 jaar;Vrouwen;2035;72196;27403;3066;24337;11677;12660;17522;9881
903;4 jaar;Vrouwen;2036;72269;27382;3066;24316;11667;12649;17513;9869
904;4 jaar;Vrouwen;2037;72264;27364;3067;24297;11656;12641;17505;9859
905;4 jaar;Vrouwen;2038;72168;27350;3067;24283;11651;12632;17499;9851
906;4 jaar;Vrouwen;2039;71982;27333;3067;24266;11640;12626;17492;9841
907;4 jaar;Vrouwen;2040;71725;27320;3067;24253;11632;12621;17487;9833
908;4 jaar;Vrouwen;2041;71410;27312;3067;24245;11629;12616;17488;9824
909;4 jaar;Vrouwen;2042;71063;27305;3067;24238;11625;12613;17489;9816
910;4 jaar;Vrouwen;2043;70706;27302;3067;24235;11623;12612;17493;9809
911;4 jaar;Vrouwen;2044;70363;27302;3067;24235;11619;12616;17498;9804
912;4 jaar;Vrouwen;2045;70046;27307;3067;24240;11623;12617;17508;9799
913;4 jaar;Vrouwen;2046;69782;27314;3067;24247;11621;12626;17519;9795
914;4 jaar;Vrouwen;2047;69578;27322;3067;24255;11622;12633;17532;9790
915;4 jaar;Vrouwen;2048;69444;27336;3066;24270;11628;12642;17551;9785
916;4 jaar;Vrouwen;2049;69385;27355;3066;24289;11633;12656;17570;9785
917;4 jaar;Vrouwen;2050;69400;27374;3066;24308;11640;12668;17592;9782
918;5 jaar;Totaal mannen en vrouwen;2000;156615;41967;5617;36350;14544;21806;29751;12216
919;5 jaar;Totaal mannen en vrouwen;2001;151817;42420;6092;36328;14627;21701;29810;12610
920;5 jaar;Totaal mannen en vrouwen;2002;150472;44143;7041;37102;14651;22451;31127;13016
921;5 jaar;Totaal mannen en vrouwen;2003;150560;46614;7651;38963;15297;23666;33206;13408
922;5 jaar;Totaal mannen en vrouwen;2004;155145;49226;8029;41197;16254;24943;35057;14169
923;5 jaar;Totaal mannen en vrouwen;2005;155512;50341;7644;42697;16748;25949;35438;14903
924;5 jaar;Totaal mannen en vrouwen;2006;160745;49971;7526;42445;16602;25843;34993;14978
925;5 jaar;Totaal mannen en vrouwen;2007;159532;51069;7501;43568;17315;26253;35523;15546
926;5 jaar;Totaal mannen en vrouwen;2008;157033;52069;7466;44603;18019;26584;35954;16115
927;5 jaar;Totaal mannen en vrouwen;2009;153578;52949;7427;45522;18705;26817;36270;16679
928;5 jaar;Totaal mannen en vrouwen;2010;150039;53750;7387;46363;19356;27007;36525;17225
929;5 jaar;Totaal mannen en vrouwen;2011;146421;54531;7349;47182;19988;27194;36791;17740
930;5 jaar;Totaal mannen en vrouwen;2012;143026;55229;7323;47906;20584;27322;36997;18232
931;5 jaar;Totaal mannen en vrouwen;2013;139988;55821;7302;48519;21133;27386;37139;18682
932;5 jaar;Totaal mannen en vrouwen;2014;137519;56337;7294;49043;21643;27400;37238;19099
933;5 jaar;Totaal mannen en vrouwen;2015;135422;56772;7286;49486;22114;27372;37294;19478
934;5 jaar;Totaal mannen en vrouwen;2016;134027;57123;7283;49840;22537;27303;37313;19810
935;5 jaar;Totaal mannen en vrouwen;2017;133231;57394;7273;50121;22913;27208;37305;20089
936;5 jaar;Totaal mannen en vrouwen;2018;132869;57612;7268;50344;23252;27092;37289;20323
937;5 jaar;Totaal mannen en vrouwen;2019;132986;57766;7257;50509;23546;26963;37258;20508
938;5 jaar;Totaal mannen en vrouwen;2020;133430;57868;7248;50620;23803;26817;37217;20651
939;5 jaar;Totaal mannen en vrouwen;2021;134139;57927;7242;50685;24025;26660;37164;20763
940;5 jaar;Totaal mannen en vrouwen;2022;135089;57951;7239;50712;24092;26620;37120;20831
941;5 jaar;Totaal mannen en vrouwen;2023;136231;57937;7234;50703;24134;26569;37066;20871
942;5 jaar;Totaal mannen en vrouwen;2024;137502;57895;7231;50664;24149;26515;37005;20890
943;5 jaar;Totaal mannen en vrouwen;2025;138809;57833;7230;50603;24152;26451;36941;20892
944;5 jaar;Totaal mannen en vrouwen;2026;140079;57751;7230;50521;24137;26384;36871;20880
945;5 jaar;Totaal mannen en vrouwen;2027;141274;57667;7229;50438;24115;26323;36808;20859
946;5 jaar;Totaal mannen en vrouwen;2028;142370;57583;7231;50352;24093;26259;36748;20835
947;5 jaar;Totaal mannen en vrouwen;2029;143365;57507;7230;50277;24068;26209;36700;20807
948;5 jaar;Totaal mannen en vrouwen;2030;144253;57439;7231;50208;24048;26160;36656;20783
949;5 jaar;Totaal mannen en vrouwen;2031;145047;57370;7231;50139;24024;26115;36614;20756
950;5 jaar;Totaal mannen en vrouwen;2032;145736;57307;7231;50076;24000;26076;36575;20732
951;5 jaar;Totaal mannen en vrouwen;2033;146334;57251;7230;50021;23982;26039;36546;20705
952;5 jaar;Totaal mannen en vrouwen;2034;146842;57199;7230;49969;23962;26007;36518;20681
953;5 jaar;Totaal mannen en vrouwen;2035;147259;57157;7232;49925;23946;25979;36495;20662
954;5 jaar;Totaal mannen en vrouwen;2036;147548;57112;7232;49880;23927;25953;36474;20638
955;5 jaar;Totaal mannen en vrouwen;2037;147696;57072;7232;49840;23909;25931;36456;20616
956;5 jaar;Totaal mannen en vrouwen;2038;147689;57035;7232;49803;23892;25911;36439;20596
957;5 jaar;Totaal mannen en vrouwen;2039;147495;57003;7232;49771;23876;25895;36425;20578
958;5 jaar;Totaal mannen en vrouwen;2040;147113;56973;7231;49742;23862;25880;36415;20558
959;5 jaar;Totaal mannen en vrouwen;2041;146588;56944;7231;49713;23847;25866;36404;20540
960;5 jaar;Totaal mannen en vrouwen;2042;145944;56927;7230;49697;23839;25858;36403;20524
961;5 jaar;Totaal mannen en vrouwen;2043;145240;56910;7230;49680;23826;25854;36403;20507
962;5 jaar;Totaal mannen en vrouwen;2044;144507;56902;7230;49672;23819;25853;36409;20493
963;5 jaar;Totaal mannen en vrouwen;2045;143806;56906;7229;49677;23820;25857;36423;20483
964;5 jaar;Totaal mannen en vrouwen;2046;143163;56911;7230;49681;23818;25863;36442;20469
965;5 jaar;Totaal mannen en vrouwen;2047;142624;56929;7230;49699;23822;25877;36468;20461
966;5 jaar;Totaal mannen en vrouwen;2048;142199;56951;7230;49721;23828;25893;36499;20452
967;5 jaar;Totaal mannen en vrouwen;2049;141927;56979;7230;49749;23836;25913;36534;20445
968;5 jaar;Totaal mannen en vrouwen;2050;141809;57015;7229;49786;23846;25940;36575;20440
969;5 jaar;Mannen;2000;80119;21465;2845;18620;7477;11143;15223;6242
970;5 jaar;Mannen;2001;77603;21692;3100;18592;7471;11121;15244;6448
971;5 jaar;Mannen;2002;77314;22644;3525;19119;7551;11568;15914;6730
972;5 jaar;Mannen;2003;76740;23719;3764;19955;7848;12107;16845;6874
973;5 jaar;Mannen;2004;79373;25080;3970;21110;8336;12774;17793;7287
974;5 jaar;Mannen;2005;79749;25745;3826;21919;8609;13310;18031;7714
975;5 jaar;Mannen;2006;82258;25479;3748;21731;8500;13231;17833;7646
976;5 jaar;Mannen;2007;81632;26041;3735;22306;8866;13440;18106;7935
977;5 jaar;Mannen;2008;80358;26555;3718;22837;9225;13612;18327;8228
978;5 jaar;Mannen;2009;78591;27003;3696;23307;9575;13732;18490;8513
979;5 jaar;Mannen;2010;76781;27416;3675;23741;9915;13826;18623;8793
980;5 jaar;Mannen;2011;74928;27814;3655;24159;10235;13924;18757;9057
981;5 jaar;Mannen;2012;73190;28172;3642;24530;10539;13991;18862;9310
982;5 jaar;Mannen;2013;71634;28479;3633;24846;10822;14024;18935;9544
983;5 jaar;Mannen;2014;70374;28744;3631;25113;11081;14032;18986;9758
984;5 jaar;Mannen;2015;69301;28969;3628;25341;11324;14017;19014;9955
985;5 jaar;Mannen;2016;68586;29149;3627;25522;11539;13983;19022;10127
986;5 jaar;Mannen;2017;68178;29289;3620;25669;11734;13935;19017;10272
987;5 jaar;Mannen;2018;67990;29404;3622;25782;11906;13876;19009;10395
988;5 jaar;Mannen;2019;68055;29482;3615;25867;12059;13808;18992;10490
989;5 jaar;Mannen;2020;68278;29535;3612;25923;12189;13734;18970;10565
990;5 jaar;Mannen;2021;68639;29567;3610;25957;12305;13652;18944;10623
991;5 jaar;Mannen;2022;69127;29575;3606;25969;12337;13632;18917;10658
992;5 jaar;Mannen;2023;69714;29571;3605;25966;12359;13607;18890;10681
993;5 jaar;Mannen;2024;70364;29550;3602;25948;12371;13577;18858;10692
994;5 jaar;Mannen;2025;71036;29516;3600;25916;12369;13547;18825;10691
995;5 jaar;Mannen;2026;71691;29474;3600;25874;12362;13512;18790;10684
996;5 jaar;Mannen;2027;72302;29432;3600;25832;12351;13481;18758;10674
997;5 jaar;Mannen;2028;72863;29390;3601;25789;12337;13452;18727;10663
998;5 jaar;Mannen;2029;73373;29351;3601;25750;12327;13423;18702;10649
999;5 jaar;Mannen;2030;73828;29317;3600;25717;12320;13397;18680;10637
1000;5 jaar;Mannen;2031;74234;29280;3601;25679;12305;13374;18658;10622
1001;5 jaar;Mannen;2032;74588;29249;3601;25648;12293;13355;18638;10611
1002;5 jaar;Mannen;2033;74891;29222;3602;25620;12283;13337;18623;10599
1003;5 jaar;Mannen;2034;75153;29194;3601;25593;12273;13320;18610;10584
1004;5 jaar;Mannen;2035;75367;29170;3600;25570;12264;13306;18597;10573
1005;5 jaar;Mannen;2036;75517;29148;3600;25548;12256;13292;18586;10562
1006;5 jaar;Mannen;2037;75595;29128;3600;25528;12246;13282;18577;10551
1007;5 jaar;Mannen;2038;75591;29109;3601;25508;12237;13271;18568;10541
1008;5 jaar;Mannen;2039;75489;29095;3601;25494;12232;13262;18563;10532
1009;5 jaar;Mannen;2040;75294;29080;3601;25479;12224;13255;18558;10522
1010;5 jaar;Mannen;2041;75025;29063;3601;25462;12213;13249;18552;10511
1011;5 jaar;Mannen;2042;74694;29056;3601;25455;12211;13244;18551;10505
1012;5 jaar;Mannen;2043;74334;29048;3601;25447;12205;13242;18551;10497
1013;5 jaar;Mannen;2044;73959;29042;3599;25443;12200;13243;18555;10487
1014;5 jaar;Mannen;2045;73600;29045;3600;25445;12201;13244;18562;10483
1015;5 jaar;Mannen;2046;73270;29047;3600;25447;12200;13247;18571;10476
1016;5 jaar;Mannen;2047;72995;29056;3600;25456;12201;13255;18583;10473
1017;5 jaar;Mannen;2048;72779;29067;3600;25467;12204;13263;18599;10468
1018;5 jaar;Mannen;2049;72640;29080;3599;25481;12208;13273;18618;10462
1019;5 jaar;Mannen;2050;72579;29099;3598;25501;12215;13286;18638;10461
1020;5 jaar;Vrouwen;2000;76496;20502;2772;17730;7067;10663;14528;5974
1021;5 jaar;Vrouwen;2001;74211;20731;2993;17738;7157;10581;14568;6163
1022;5 jaar;Vrouwen;2002;73157;21500;3517;17983;7100;10883;15214;6286
1023;5 jaar;Vrouwen;2003;73818;22897;3888;19009;7445;11564;16362;6535
1024;5 jaar;Vrouwen;2004;75775;24143;4059;20084;7915;12169;17263;6880
1025;5 jaar;Vrouwen;2005;75761;24598;3817;20781;8142;12639;17408;7190
1026;5 jaar;Vrouwen;2006;78485;24494;3781;20713;8101;12612;17159;7335
1027;5 jaar;Vrouwen;2007;77898;25030;3768;21262;8450;12812;17420;7610
1028;5 jaar;Vrouwen;2008;76674;25514;3749;21765;8792;12973;17626;7888
1029;5 jaar;Vrouwen;2009;74990;25943;3731;22212;9125;13087;17779;8164
1030;5 jaar;Vrouwen;2010;73255;26336;3713;22623;9447;13176;17903;8433
1031;5 jaar;Vrouwen;2011;71492;26718;3696;23022;9752;13270;18035;8683
1032;5 jaar;Vrouwen;2012;69834;27059;3683;23376;10046;13330;18136;8923
1033;5 jaar;Vrouwen;2013;68351;27345;3671;23674;10312;13362;18205;9140
1034;5 jaar;Vrouwen;2014;67146;27592;3663;23929;10561;13368;18252;9340
1035;5 jaar;Vrouwen;2015;66120;27804;3659;24145;10790;13355;18281;9523
1036;5 jaar;Vrouwen;2016;65443;27972;3657;24315;10993;13322;18291;9681
1037;5 jaar;Vrouwen;2017;65051;28107;3653;24454;11178;13276;18290;9817
1038;5 jaar;Vrouwen;2018;64877;28209;3649;24560;11341;13219;18280;9929
1039;5 jaar;Vrouwen;2019;64930;28285;3644;24641;11487;13154;18268;10017
1040;5 jaar;Vrouwen;2020;65150;28336;3639;24697;11614;13083;18247;10089
1041;5 jaar;Vrouwen;2021;65500;28360;3634;24726;11719;13007;18221;10139
1042;5 jaar;Vrouwen;2022;65961;28377;3635;24742;11756;12986;18204;10173
1043;5 jaar;Vrouwen;2023;66514;28368;3632;24736;11774;12962;18175;10193
1044;5 jaar;Vrouwen;2024;67135;28348;3630;24718;11784;12934;18147;10201
1045;5 jaar;Vrouwen;2025;67773;28316;3630;24686;11783;12903;18114;10202
1046;5 jaar;Vrouwen;2026;68391;28274;3628;24646;11775;12871;18081;10193
1047;5 jaar;Vrouwen;2027;68973;28233;3628;24605;11764;12841;18050;10183
1048;5 jaar;Vrouwen;2028;69507;28193;3629;24564;11754;12810;18021;10172
1049;5 jaar;Vrouwen;2029;69990;28158;3629;24529;11744;12785;17998;10160
1050;5 jaar;Vrouwen;2030;70424;28123;3630;24493;11731;12762;17976;10147
1051;5 jaar;Vrouwen;2031;70814;28089;3630;24459;11721;12738;17955;10134
1052;5 jaar;Vrouwen;2032;71149;28058;3630;24428;11708;12720;17937;10121
1053;5 jaar;Vrouwen;2033;71438;28034;3631;24403;11700;12703;17924;10110
1054;5 jaar;Vrouwen;2034;71687;28007;3630;24377;11691;12686;17910;10097
1055;5 jaar;Vrouwen;2035;71894;27985;3630;24355;11682;12673;17897;10088
1056;5 jaar;Vrouwen;2036;72032;27963;3630;24333;11674;12659;17886;10077
1057;5 jaar;Vrouwen;2037;72104;27941;3631;24310;11662;12648;17877;10064
1058;5 jaar;Vrouwen;2038;72100;27924;3629;24295;11658;12637;17870;10054
1059;5 jaar;Vrouwen;2039;72006;27908;3629;24279;11648;12631;17862;10046
1060;5 jaar;Vrouwen;2040;71818;27894;3629;24265;11640;12625;17857;10037
1061;5 jaar;Vrouwen;2041;71563;27881;3630;24251;11633;12618;17853;10028
1062;5 jaar;Vrouwen;2042;71248;27873;3630;24243;11628;12615;17852;10021
1063;5 jaar;Vrouwen;2043;70904;27864;3629;24235;11624;12611;17852;10012
1064;5 jaar;Vrouwen;2044;70547;27861;3630;24231;11620;12611;17856;10005
1065;5 jaar;Vrouwen;2045;70204;27864;3630;24234;11619;12615;17863;10001
1066;5 jaar;Vrouwen;2046;69892;27865;3631;24234;11617;12617;17871;9994
1067;5 jaar;Vrouwen;2047;69629;27872;3630;24242;11621;12621;17883;9989
1068;5 jaar;Vrouwen;2048;69422;27883;3630;24253;11622;12631;17898;9985
1069;5 jaar;Vrouwen;2049;69289;27897;3630;24267;11625;12642;17916;9981
1070;5 jaar;Vrouwen;2050;69230;27916;3630;24286;11631;12655;17936;9980
1071;6 jaar;Totaal mannen en vrouwen;2000;156456;41524;6637;34887;14383;20504;29097;12427
1072;6 jaar;Totaal mannen en vrouwen;2001;156306;43125;6779;36346;14542;21804;30492;12633
1073;6 jaar;Totaal mannen en vrouwen;2002;151533;43551;7230;36321;14624;21697;30533;13018
1074;6 jaar;Totaal mannen en vrouwen;2003;150184;45235;8141;37094;14647;22447;31830;13405
1075;6 jaar;Totaal mannen en vrouwen;2004;150264;47687;8729;38958;15294;23664;33898;13789
1076;6 jaar;Totaal mannen en vrouwen;2005;154829;50272;9080;41192;16252;24940;35733;14539
1077;6 jaar;Totaal mannen en vrouwen;2006;155193;51396;8703;42693;16749;25944;36116;15280
1078;6 jaar;Totaal mannen en vrouwen;2007;160417;51034;8595;42439;16600;25839;35662;15372
1079;6 jaar;Totaal mannen en vrouwen;2008;159203;52124;8563;43561;17313;26248;36186;15938
1080;6 jaar;Totaal mannen en vrouwen;2009;156709;53117;8521;44596;18015;26581;36610;16507
1081;6 jaar;Totaal mannen en vrouwen;2010;153265;53994;8481;45513;18697;26816;36924;17070
1082;6 jaar;Totaal mannen en vrouwen;2011;149732;54794;8438;46356;19355;27001;37181;17613
1083;6 jaar;Totaal mannen en vrouwen;2012;146123;55581;8405;47176;19985;27191;37456;18125
1084;6 jaar;Totaal mannen en vrouwen;2013;142747;56274;8378;47896;20581;27315;37662;18612
1085;6 jaar;Totaal mannen en vrouwen;2014;139716;56867;8355;48512;21130;27382;37809;19058
1086;6 jaar;Totaal mannen en vrouwen;2015;137254;57381;8345;49036;21639;27397;37910;19471
1087;6 jaar;Totaal mannen en vrouwen;2016;135166;57812;8335;49477;22109;27368;37967;19845
1088;6 jaar;Totaal mannen en vrouwen;2017;133773;58162;8329;49833;22532;27301;37990;20172
1089;6 jaar;Totaal mannen en vrouwen;2018;132976;58436;8321;50115;22911;27204;37986;20450
1090;6 jaar;Totaal mannen en vrouwen;2019;132619;58648;8313;50335;23247;27088;37969;20679
1091;6 jaar;Totaal mannen en vrouwen;2020;132734;58803;8301;50502;23544;26958;37940;20863
1092;6 jaar;Totaal mannen en vrouwen;2021;133175;58905;8292;50613;23800;26813;37900;21005
1093;6 jaar;Totaal mannen en vrouwen;2022;133882;58966;8287;50679;24022;26657;37850;21116
1094;6 jaar;Totaal mannen en vrouwen;2023;134829;58987;8282;50705;24088;26617;37804;21183
1095;6 jaar;Totaal mannen en vrouwen;2024;135963;58976;8279;50697;24131;26566;37751;21225
1096;6 jaar;Totaal mannen en vrouwen;2025;137231;58932;8275;50657;24149;26508;37691;21241
1097;6 jaar;Totaal mannen en vrouwen;2026;138528;58872;8275;50597;24149;26448;37628;21244
1098;6 jaar;Totaal mannen en vrouwen;2027;139795;58789;8274;50515;24134;26381;37558;21231
1099;6 jaar;Totaal mannen en vrouwen;2028;140985;58707;8273;50434;24116;26318;37497;21210
1100;6 jaar;Totaal mannen en vrouwen;2029;142079;58624;8275;50349;24091;26258;37438;21186
1101;6 jaar;Totaal mannen en vrouwen;2030;143070;58546;8276;50270;24064;26206;37388;21158
1102;6 jaar;Totaal mannen en vrouwen;2031;143953;58478;8277;50201;24044;26157;37343;21135
1103;6 jaar;Totaal mannen en vrouwen;2032;144744;58409;8277;50132;24021;26111;37302;21107
1104;6 jaar;Totaal mannen en vrouwen;2033;145429;58347;8277;50070;23999;26071;37265;21082
1105;6 jaar;Totaal mannen en vrouwen;2034;146021;58297;8280;50017;23980;26037;37239;21058
1106;6 jaar;Totaal mannen en vrouwen;2035;146528;58243;8280;49963;23960;26003;37211;21032
1107;6 jaar;Totaal mannen en vrouwen;2036;146939;58201;8281;49920;23945;25975;37188;21013
1108;6 jaar;Totaal mannen en vrouwen;2037;147228;58155;8281;49874;23925;25949;37165;20990
1109;6 jaar;Totaal mannen en vrouwen;2038;147381;58110;8279;49831;23905;25926;37146;20964
1110;6 jaar;Totaal mannen en vrouwen;2039;147371;58076;8279;49797;23890;25907;37131;20945
1111;6 jaar;Totaal mannen en vrouwen;2040;147177;58045;8279;49766;23875;25891;37119;20926
1112;6 jaar;Totaal mannen en vrouwen;2041;146798;58012;8278;49734;23858;25876;37105;20907
1113;6 jaar;Totaal mannen en vrouwen;2042;146273;57986;8278;49708;23845;25863;37098;20888
1114;6 jaar;Totaal mannen en vrouwen;2043;145632;57969;8278;49691;23835;25856;37096;20873
1115;6 jaar;Totaal mannen en vrouwen;2044;144928;57954;8278;49676;23824;25852;37098;20856
1116;6 jaar;Totaal mannen en vrouwen;2045;144197;57944;8278;49666;23814;25852;37104;20840
1117;6 jaar;Totaal mannen en vrouwen;2046;143495;57949;8278;49671;23817;25854;37118;20831
1118;6 jaar;Totaal mannen en vrouwen;2047;142856;57952;8277;49675;23815;25860;37135;20817
1119;6 jaar;Totaal mannen en vrouwen;2048;142318;57970;8277;49693;23820;25873;37160;20810
1120;6 jaar;Totaal mannen en vrouwen;2049;141899;57989;8276;49713;23824;25889;37189;20800
1121;6 jaar;Totaal mannen en vrouwen;2050;141627;58016;8275;49741;23831;25910;37225;20791
1122;6 jaar;Mannen;2000;79878;21226;3400;17826;7421;10405;14825;6401
1123;6 jaar;Mannen;2001;79953;22040;3422;18618;7476;11142;15589;6451
1124;6 jaar;Mannen;2002;77447;22256;3666;18590;7470;11120;15601;6655
1125;6 jaar;Mannen;2003;77155;23192;4076;19116;7550;11566;16263;6929
1126;6 jaar;Mannen;2004;76584;24255;4304;19951;7848;12103;17187;7068
1127;6 jaar;Mannen;2005;79200;25604;4495;21109;8335;12774;18129;7475
1128;6 jaar;Mannen;2006;79576;26270;4354;21916;8610;13306;18366;7904
1129;6 jaar;Mannen;2007;82085;26008;4282;21726;8498;13228;18162;7846
1130;6 jaar;Mannen;2008;81457;26565;4264;22301;8861;13440;18430;8135
1131;6 jaar;Mannen;2009;80184;27077;4245;22832;9222;13610;18650;8427
1132;6 jaar;Mannen;2010;78421;27526;4223;23303;9573;13730;18813;8713
1133;6 jaar;Mannen;2011;76616;27939;4204;23735;9910;13825;18946;8993
1134;6 jaar;Mannen;2012;74766;28343;4186;24157;10233;13924;19085;9258
1135;6 jaar;Mannen;2013;73035;28700;4173;24527;10540;13987;19192;9508
1136;6 jaar;Mannen;2014;71488;29004;4163;24841;10821;14020;19265;9739
1137;6 jaar;Mannen;2015;70230;29270;4160;25110;11081;14029;19315;9955
1138;6 jaar;Mannen;2016;69160;29494;4157;25337;11321;14016;19346;10148
1139;6 jaar;Mannen;2017;68449;29673;4156;25517;11536;13981;19354;10319
1140;6 jaar;Mannen;2018;68042;29813;4149;25664;11732;13932;19350;10463
1141;6 jaar;Mannen;2019;67857;29924;4146;25778;11904;13874;19342;10582
1142;6 jaar;Mannen;2020;67920;30005;4142;25863;12058;13805;19326;10679
1143;6 jaar;Mannen;2021;68139;30060;4139;25921;12188;13733;19306;10754
1144;6 jaar;Mannen;2022;68500;30091;4137;25954;12303;13651;19281;10810
1145;6 jaar;Mannen;2023;68986;30098;4132;25966;12335;13631;19253;10845
1146;6 jaar;Mannen;2024;69570;30095;4132;25963;12358;13605;19227;10868
1147;6 jaar;Mannen;2025;70218;30074;4130;25944;12368;13576;19195;10879
1148;6 jaar;Mannen;2026;70882;30044;4130;25914;12369;13545;19164;10880
1149;6 jaar;Mannen;2027;71535;30001;4129;25872;12361;13511;19128;10873
1150;6 jaar;Mannen;2028;72144;29960;4130;25830;12350;13480;19096;10864
1151;6 jaar;Mannen;2029;72707;29915;4131;25784;12336;13448;19065;10850
1152;6 jaar;Mannen;2030;73212;29878;4131;25747;12326;13421;19040;10838
1153;6 jaar;Mannen;2031;73666;29842;4129;25713;12316;13397;19019;10823
1154;6 jaar;Mannen;2032;74070;29806;4129;25677;12303;13374;18996;10810
1155;6 jaar;Mannen;2033;74424;29773;4130;25643;12289;13354;18976;10797
1156;6 jaar;Mannen;2034;74727;29746;4128;25618;12283;13335;18963;10783
1157;6 jaar;Mannen;2035;74987;29718;4128;25590;12271;13319;18948;10770
1158;6 jaar;Mannen;2036;75199;29695;4129;25566;12263;13303;18935;10760
1159;6 jaar;Mannen;2037;75348;29673;4129;25544;12254;13290;18925;10748
1160;6 jaar;Mannen;2038;75424;29654;4130;25524;12245;13279;18917;10737
1161;6 jaar;Mannen;2039;75419;29637;4132;25505;12237;13268;18911;10726
1162;6 jaar;Mannen;2040;75318;29621;4132;25489;12228;13261;18904;10717
1163;6 jaar;Mannen;2041;75126;29604;4131;25473;12220;13253;18897;10707
1164;6 jaar;Mannen;2042;74856;29590;4130;25460;12213;13247;18893;10697
1165;6 jaar;Mannen;2043;74526;29584;4131;25453;12210;13243;18894;10690
1166;6 jaar;Mannen;2044;74169;29574;4131;25443;12203;13240;18893;10681
1167;6 jaar;Mannen;2045;73795;29567;4129;25438;12197;13241;18895;10672
1168;6 jaar;Mannen;2046;73435;29570;4129;25441;12199;13242;18901;10669
1169;6 jaar;Mannen;2047;73104;29573;4129;25444;12199;13245;18911;10662
1170;6 jaar;Mannen;2048;72833;29579;4129;25450;12199;13251;18922;10657
1171;6 jaar;Mannen;2049;72618;29589;4129;25460;12201;13259;18938;10651
1172;6 jaar;Mannen;2050;72475;29607;4129;25478;12206;13272;18959;10648
1173;6 jaar;Vrouwen;2000;76578;20298;3237;17061;6962;10099;14272;6026
1174;6 jaar;Vrouwen;2001;76351;21086;3356;17730;7067;10663;14903;6183
1175;6 jaar;Vrouwen;2002;74080;21301;3567;17734;7155;10579;14934;6367
1176;6 jaar;Vrouwen;2003;73025;22047;4065;17982;7102;10880;15569;6478
1177;6 jaar;Vrouwen;2004;73679;23433;4426;19007;7445;11562;16711;6722
1178;6 jaar;Vrouwen;2005;75629;24668;4585;20083;7917;12166;17605;7063
1179;6 jaar;Vrouwen;2006;75617;25127;4347;20780;8141;12639;17751;7376
1180;6 jaar;Vrouwen;2007;78333;25026;4313;20713;8101;12612;17498;7528
1181;6 jaar;Vrouwen;2008;77749;25556;4296;21260;8449;12811;17753;7803
1182;6 jaar;Vrouwen;2009;76526;26039;4276;21763;8791;12972;17958;8081
1183;6 jaar;Vrouwen;2010;74845;26467;4257;22210;9123;13087;18111;8356
1184;6 jaar;Vrouwen;2011;73115;26855;4235;22620;9445;13175;18234;8621
1185;6 jaar;Vrouwen;2012;71354;27241;4219;23022;9754;13268;18372;8869
1186;6 jaar;Vrouwen;2013;69710;27575;4205;23370;10041;13329;18471;9104
1187;6 jaar;Vrouwen;2014;68227;27864;4194;23670;10308;13362;18545;9319
1188;6 jaar;Vrouwen;2015;67024;28111;4185;23926;10559;13367;18595;9516
1189;6 jaar;Vrouwen;2016;66003;28321;4180;24141;10789;13352;18623;9698
1190;6 jaar;Vrouwen;2017;65327;28486;4174;24312;10990;13322;18633;9853
1191;6 jaar;Vrouwen;2018;64937;28620;4170;24450;11176;13274;18633;9987
1192;6 jaar;Vrouwen;2019;64762;28723;4166;24557;11343;13214;18626;10097
1193;6 jaar;Vrouwen;2020;64817;28795;4158;24637;11483;13154;18613;10182
1194;6 jaar;Vrouwen;2021;65035;28846;4153;24693;11611;13082;18594;10252
1195;6 jaar;Vrouwen;2022;65384;28873;4149;24724;11719;13005;18569;10304
1196;6 jaar;Vrouwen;2023;65844;28888;4150;24738;11752;12986;18550;10338
1197;6 jaar;Vrouwen;2024;66391;28882;4148;24734;11773;12961;18524;10358
1198;6 jaar;Vrouwen;2025;67009;28862;4147;24715;11782;12933;18497;10365
1199;6 jaar;Vrouwen;2026;67645;28829;4145;24684;11782;12902;18463;10366
1200;6 jaar;Vrouwen;2027;68261;28787;4145;24642;11772;12870;18428;10359
1201;6 jaar;Vrouwen;2028;68838;28750;4147;24603;11765;12838;18400;10350
1202;6 jaar;Vrouwen;2029;69373;28708;4146;24562;11753;12809;18371;10337
1203;6 jaar;Vrouwen;2030;69858;28669;4146;24523;11738;12785;18346;10323
1204;6 jaar;Vrouwen;2031;70288;28635;4145;24490;11729;12761;18325;10310
1205;6 jaar;Vrouwen;2032;70676;28601;4145;24456;11718;12738;18305;10296
1206;6 jaar;Vrouwen;2033;71008;28571;4145;24426;11708;12718;18286;10285
1207;6 jaar;Vrouwen;2034;71300;28545;4145;24400;11698;12702;18272;10273
1208;6 jaar;Vrouwen;2035;71547;28519;4145;24374;11690;12684;18258;10261
1209;6 jaar;Vrouwen;2036;71748;28498;4146;24352;11680;12672;18247;10251
1210;6 jaar;Vrouwen;2037;71886;28476;4146;24330;11672;12658;18236;10240
1211;6 jaar;Vrouwen;2038;71960;28453;4145;24308;11661;12647;18226;10227
1212;6 jaar;Vrouwen;2039;71953;28438;4146;24292;11657;12635;18221;10217
1213;6 jaar;Vrouwen;2040;71857;28426;4147;24279;11649;12630;18216;10210
1214;6 jaar;Vrouwen;2041;71672;28408;4146;24262;11638;12624;18210;10198
1215;6 jaar;Vrouwen;2042;71417;28396;4147;24249;11631;12618;18206;10190
1216;6 jaar;Vrouwen;2043;71105;28386;4147;24239;11626;12613;18204;10182
1217;6 jaar;Vrouwen;2044;70759;28380;4147;24233;11622;12611;18205;10175
1218;6 jaar;Vrouwen;2045;70404;28376;4146;24230;11620;12610;18209;10167
1219;6 jaar;Vrouwen;2046;70064;28376;4147;24229;11616;12613;18214;10162
1220;6 jaar;Vrouwen;2047;69751;28380;4147;24233;11618;12615;18223;10157
1221;6 jaar;Vrouwen;2048;69489;28387;4147;24240;11619;12621;18235;10152
1222;6 jaar;Vrouwen;2049;69285;28396;4145;24251;11621;12630;18250;10146
1223;6 jaar;Vrouwen;2050;69152;28408;4145;24263;11624;12639;18266;10142
1224;7 jaar;Totaal mannen en vrouwen;2000;157508;42293;7560;34733;14160;20573;29705;12588
1225;7 jaar;Totaal mannen en vrouwen;2001;156195;42588;7705;34883;14381;20502;29805;12783
1226;7 jaar;Totaal mannen en vrouwen;2002;156037;44191;7851;36340;14541;21799;31182;13009
1227;7 jaar;Totaal mannen en vrouwen;2003;151284;44603;8287;36316;14620;21696;31220;13383
1228;7 jaar;Totaal mannen en vrouwen;2004;149934;46245;9155;37090;14649;22441;32497;13748
1229;7 jaar;Totaal mannen en vrouwen;2005;150008;48677;9723;38954;15294;23660;34549;14128
1230;7 jaar;Totaal mannen en vrouwen;2006;154554;51231;10045;41186;16250;24936;36370;14861
1231;7 jaar;Totaal mannen en vrouwen;2007;154915;52363;9676;42687;16746;25941;36755;15608
1232;7 jaar;Totaal mannen en vrouwen;2008;160127;52009;9575;42434;16598;25836;36296;15713
1233;7 jaar;Totaal mannen en vrouwen;2009;158912;53096;9540;43556;17313;26243;36818;16278
1234;7 jaar;Totaal mannen en vrouwen;2010;156426;54088;9498;44590;18011;26579;37241;16847
1235;7 jaar;Totaal mannen en vrouwen;2011;152990;54961;9453;45508;18695;26813;37557;17404
1236;7 jaar;Totaal mannen en vrouwen;2012;149465;55764;9414;46350;19352;26998;37820;17944
1237;7 jaar;Totaal mannen en vrouwen;2013;145866;56553;9380;47173;19985;27188;38099;18454
1238;7 jaar;Totaal mannen en vrouwen;2014;142502;57242;9351;47891;20577;27314;38309;18933
1239;7 jaar;Totaal mannen en vrouwen;2015;139477;57835;9329;48506;21128;27378;38458;19377
1240;7 jaar;Totaal mannen en vrouwen;2016;137024;58346;9318;49028;21637;27391;38562;19784
1241;7 jaar;Totaal mannen en vrouwen;2017;134942;58773;9303;49470;22104;27366;38620;20153
1242;7 jaar;Totaal mannen en vrouwen;2018;133551;59123;9297;49826;22531;27295;38646;20477
1243;7 jaar;Totaal mannen en vrouwen;2019;132756;59396;9287;50109;22909;27200;38645;20751
1244;7 jaar;Totaal mannen en vrouwen;2020;132403;59608;9280;50328;23244;27084;38629;20979
1245;7 jaar;Totaal mannen en vrouwen;2021;132512;59764;9269;50495;23541;26954;38604;21160
1246;7 jaar;Totaal mannen en vrouwen;2022;132952;59866;9260;50606;23796;26810;38563;21303
1247;7 jaar;Totaal mannen en vrouwen;2023;133657;59925;9254;50671;24017;26654;38512;21413
1248;7 jaar;Totaal mannen en vrouwen;2024;134598;59950;9252;50698;24086;26612;38469;21481
1249;7 jaar;Totaal mannen en vrouwen;2025;135727;59939;9249;50690;24128;26562;38416;21523
1250;7 jaar;Totaal mannen en vrouwen;2026;136988;59899;9246;50653;24146;26507;38359;21540
1251;7 jaar;Totaal mannen en vrouwen;2027;138284;59836;9245;50591;24147;26444;38295;21541
1252;7 jaar;Totaal mannen en vrouwen;2028;139546;59754;9245;50509;24130;26379;38225;21529
1253;7 jaar;Totaal mannen en vrouwen;2029;140731;59673;9246;50427;24111;26316;38164;21509
1254;7 jaar;Totaal mannen en vrouwen;2030;141823;59585;9246;50339;24086;26253;38103;21482
1255;7 jaar;Totaal mannen en vrouwen;2031;142811;59511;9246;50265;24060;26205;38055;21456
1256;7 jaar;Totaal mannen en vrouwen;2032;143691;59440;9246;50194;24040;26154;38008;21432
1257;7 jaar;Totaal mannen en vrouwen;2033;144475;59375;9248;50127;24018;26109;37971;21404
1258;7 jaar;Totaal mannen en vrouwen;2034;145158;59312;9248;50064;23996;26068;37934;21378
1259;7 jaar;Totaal mannen en vrouwen;2035;145750;59261;9249;50012;23977;26035;37907;21354
1260;7 jaar;Totaal mannen en vrouwen;2036;146256;59206;9248;49958;23957;26001;37878;21328
1261;7 jaar;Totaal mannen en vrouwen;2037;146669;59160;9247;49913;23941;25972;37853;21307
1262;7 jaar;Totaal mannen en vrouwen;2038;146955;59117;9248;49869;23921;25948;37833;21284
1263;7 jaar;Totaal mannen en vrouwen;2039;147101;59077;9249;49828;23903;25925;37817;21260
1264;7 jaar;Totaal mannen en vrouwen;2040;147092;59041;9249;49792;23888;25904;37800;21241
1265;7 jaar;Totaal mannen en vrouwen;2041;146901;59009;9250;49759;23869;25890;37787;21222
1266;7 jaar;Totaal mannen en vrouwen;2042;146521;58979;9248;49731;23857;25874;37776;21203
1267;7 jaar;Totaal mannen en vrouwen;2043;145997;58951;9248;49703;23843;25860;37768;21183
1268;7 jaar;Totaal mannen en vrouwen;2044;145357;58935;9249;49686;23834;25852;37766;21169
1269;7 jaar;Totaal mannen en vrouwen;2045;144653;58921;9249;49672;23826;25846;37768;21153
1270;7 jaar;Totaal mannen en vrouwen;2046;143925;58912;9249;49663;23815;25848;37776;21136
1271;7 jaar;Totaal mannen en vrouwen;2047;143232;58909;9246;49663;23812;25851;37785;21124
1272;7 jaar;Totaal mannen en vrouwen;2048;142592;58914;9246;49668;23809;25859;37805;21109
1273;7 jaar;Totaal mannen en vrouwen;2049;142056;58934;9246;49688;23817;25871;37831;21103
1274;7 jaar;Totaal mannen en vrouwen;2050;141635;58954;9246;49708;23820;25888;37861;21093
1275;7 jaar;Mannen;2000;80654;21709;3916;17793;7161;10632;15401;6308
1276;7 jaar;Mannen;2001;79735;21758;3933;17825;7420;10405;15176;6582
1277;7 jaar;Mannen;2002;79809;22573;3959;18614;7474;11140;15932;6641
1278;7 jaar;Mannen;2003;77311;22782;4196;18586;7470;11116;15944;6838
1279;7 jaar;Mannen;2004;77019;23697;4587;19110;7544;11566;16592;7105
1280;7 jaar;Mannen;2005;76444;24757;4808;19949;7849;12100;17514;7243
1281;7 jaar;Mannen;2006;79052;26084;4980;21104;8333;12771;18444;7640
1282;7 jaar;Mannen;2007;79421;26760;4847;21913;8608;13305;18686;8074
1283;7 jaar;Mannen;2008;81925;26502;4776;21726;8498;13228;18480;8022
1284;7 jaar;Mannen;2009;81300;27053;4754;22299;8863;13436;18744;8309
1285;7 jaar;Mannen;2010;80031;27565;4736;22829;9221;13608;18963;8602
1286;7 jaar;Mannen;2011;78272;28016;4716;23300;9572;13728;19128;8888
1287;7 jaar;Mannen;2012;76473;28430;4697;23733;9909;13824;19262;9168
1288;7 jaar;Mannen;2013;74631;28831;4679;24152;10228;13924;19402;9429
1289;7 jaar;Mannen;2014;72902;29191;4667;24524;10537;13987;19513;9678
1290;7 jaar;Mannen;2015;71359;29496;4658;24838;10821;14017;19586;9910
1291;7 jaar;Mannen;2016;70102;29764;4656;25108;11083;14025;19642;10122
1292;7 jaar;Mannen;2017;69035;29985;4652;25333;11319;14014;19670;10315
1293;7 jaar;Mannen;2018;68325;30164;4650;25514;11534;13980;19680;10484
1294;7 jaar;Mannen;2019;67922;30301;4642;25659;11730;13929;19675;10626
1295;7 jaar;Mannen;2020;67737;30414;4640;25774;11903;13871;19670;10744
1296;7 jaar;Mannen;2021;67796;30497;4636;25861;12058;13803;19655;10842
1297;7 jaar;Mannen;2022;68018;30548;4632;25916;12186;13730;19634;10914
1298;7 jaar;Mannen;2023;68379;30578;4629;25949;12299;13650;19607;10971
1299;7 jaar;Mannen;2024;68860;30589;4626;25963;12337;13626;19583;11006
1300;7 jaar;Mannen;2025;69441;30586;4625;25961;12357;13604;19557;11029
1301;7 jaar;Mannen;2026;70087;30565;4623;25942;12367;13575;19525;11040
1302;7 jaar;Mannen;2027;70753;30531;4624;25907;12363;13544;19492;11039
1303;7 jaar;Mannen;2028;71400;30491;4623;25868;12358;13510;19458;11033
1304;7 jaar;Mannen;2029;72009;30449;4624;25825;12347;13478;19425;11024
1305;7 jaar;Mannen;2030;72566;30405;4623;25782;12337;13445;19395;11010
1306;7 jaar;Mannen;2031;73072;30368;4624;25744;12325;13419;19371;10997
1307;7 jaar;Mannen;2032;73520;30335;4626;25709;12315;13394;19349;10986
1308;7 jaar;Mannen;2033;73923;30298;4625;25673;12301;13372;19328;10970
1309;7 jaar;Mannen;2034;74273;30268;4626;25642;12290;13352;19310;10958
1310;7 jaar;Mannen;2035;74576;30242;4626;25616;12282;13334;19295;10947
1311;7 jaar;Mannen;2036;74839;30210;4624;25586;12270;13316;19280;10930
1312;7 jaar;Mannen;2037;75048;30188;4626;25562;12261;13301;19268;10920
1313;7 jaar;Mannen;2038;75198;30166;4626;25540;12250;13290;19256;10910
1314;7 jaar;Mannen;2039;75272;30146;4626;25520;12241;13279;19250;10896
1315;7 jaar;Mannen;2040;75269;30127;4625;25502;12234;13268;19241;10886
1316;7 jaar;Mannen;2041;75167;30113;4626;25487;12228;13259;19236;10877
1317;7 jaar;Mannen;2042;74977;30095;4626;25469;12217;13252;19229;10866
1318;7 jaar;Mannen;2043;74705;30083;4626;25457;12211;13246;19227;10856
1319;7 jaar;Mannen;2044;74379;30074;4626;25448;12205;13243;19224;10850
1320;7 jaar;Mannen;2045;74021;30066;4625;25441;12201;13240;19225;10841
1321;7 jaar;Mannen;2046;73646;30062;4626;25436;12196;13240;19229;10833
1322;7 jaar;Mannen;2047;73288;30063;4625;25438;12197;13241;19235;10828
1323;7 jaar;Mannen;2048;72960;30064;4625;25439;12195;13244;19242;10822
1324;7 jaar;Mannen;2049;72689;30072;4623;25449;12200;13249;19256;10816
1325;7 jaar;Mannen;2050;72472;30083;4624;25459;12200;13259;19272;10811
1326;7 jaar;Vrouwen;2000;76854;20584;3644;16940;6999;9941;14304;6280
1327;7 jaar;Vrouwen;2001;76454;20835;3774;17061;6962;10099;14632;6203
1328;7 jaar;Vrouwen;2002;76228;21618;3892;17726;7065;10661;15249;6369
1329;7 jaar;Vrouwen;2003;73971;21823;4091;17732;7154;10578;15278;6545
1330;7 jaar;Vrouwen;2004;72914;22550;4570;17980;7101;10879;15906;6644
1331;7 jaar;Vrouwen;2005;73564;23920;4916;19004;7442;11562;17035;6885
1332;7 jaar;Vrouwen;2006;75501;25148;5067;20081;7918;12163;17926;7222
1333;7 jaar;Vrouwen;2007;75492;25606;4832;20774;8136;12638;18070;7536
1334;7 jaar;Vrouwen;2008;78203;25506;4799;20707;8096;12611;17816;7690
1335;7 jaar;Vrouwen;2009;77615;26039;4780;21259;8450;12809;18070;7969
1336;7 jaar;Vrouwen;2010;76397;26521;4759;21762;8793;12969;18276;8245
1337;7 jaar;Vrouwen;2011;74716;26947;4737;22210;9127;13083;18429;8518
1338;7 jaar;Vrouwen;2012;72994;27333;4715;22618;9446;13172;18556;8777
1339;7 jaar;Vrouwen;2013;71240;27716;4697;23019;9752;13267;18692;9024
1340;7 jaar;Vrouwen;2014;69599;28052;4684;23368;10040;13328;18797;9255
1341;7 jaar;Vrouwen;2015;68120;28337;4670;23667;10308;13359;18869;9468
1342;7 jaar;Vrouwen;2016;66919;28585;4662;23923;10557;13366;18922;9663
1343;7 jaar;Vrouwen;2017;65903;28792;4655;24137;10786;13351;18952;9840
1344;7 jaar;Vrouwen;2018;65228;28957;4646;24311;10990;13321;18965;9992
1345;7 jaar;Vrouwen;2019;64839;29090;4642;24448;11177;13271;18965;10125
1346;7 jaar;Vrouwen;2020;64662;29198;4641;24557;11344;13213;18962;10236
1347;7 jaar;Vrouwen;2021;64715;29267;4633;24634;11484;13150;18947;10320
1348;7 jaar;Vrouwen;2022;64932;29320;4629;24691;11610;13081;18929;10391
1349;7 jaar;Vrouwen;2023;65277;29349;4626;24723;11720;13003;18906;10443
1350;7 jaar;Vrouwen;2024;65739;29361;4625;24736;11751;12985;18886;10475
1351;7 jaar;Vrouwen;2025;66288;29351;4621;24730;11771;12959;18858;10493
1352;7 jaar;Vrouwen;2026;66899;29335;4621;24714;11781;12933;18833;10502
1353;7 jaar;Vrouwen;2027;67532;29305;4621;24684;11783;12901;18802;10503
1354;7 jaar;Vrouwen;2028;68148;29261;4620;24641;11774;12867;18766;10495
1355;7 jaar;Vrouwen;2029;68725;29221;4621;24600;11763;12837;18736;10485
1356;7 jaar;Vrouwen;2030;69256;29181;4622;24559;11750;12809;18707;10474
1357;7 jaar;Vrouwen;2031;69737;29145;4622;24523;11741;12782;18685;10460
1358;7 jaar;Vrouwen;2032;70165;29111;4623;24488;11729;12759;18663;10448
1359;7 jaar;Vrouwen;2033;70553;29076;4622;24454;11717;12737;18642;10434
1360;7 jaar;Vrouwen;2034;70881;29048;4623;24425;11707;12718;18626;10422
1361;7 jaar;Vrouwen;2035;71171;29023;4624;24399;11699;12700;18613;10410
1362;7 jaar;Vrouwen;2036;71417;28997;4624;24373;11691;12682;18599;10398
1363;7 jaar;Vrouwen;2037;71620;28973;4623;24350;11679;12671;18586;10387
1364;7 jaar;Vrouwen;2038;71756;28952;4624;24328;11671;12657;18576;10376
1365;7 jaar;Vrouwen;2039;71828;28932;4624;24308;11662;12646;18567;10365
1366;7 jaar;Vrouwen;2040;71824;28914;4624;24290;11655;12635;18560;10354
1367;7 jaar;Vrouwen;2041;71729;28900;4624;24276;11646;12630;18554;10346
1368;7 jaar;Vrouwen;2042;71543;28885;4625;24260;11637;12623;18550;10335
1369;7 jaar;Vrouwen;2043;71289;28871;4624;24247;11631;12616;18544;10327
1370;7 jaar;Vrouwen;2044;70978;28861;4624;24237;11625;12612;18542;10319
1371;7 jaar;Vrouwen;2045;70631;28856;4625;24231;11624;12607;18545;10311
1372;7 jaar;Vrouwen;2046;70278;28851;4624;24227;11619;12608;18549;10302
1373;7 jaar;Vrouwen;2047;69937;28852;4624;24228;11617;12611;18554;10298
1374;7 jaar;Vrouwen;2048;69628;28854;4624;24230;11616;12614;18562;10292
1375;7 jaar;Vrouwen;2049;69367;28862;4623;24239;11619;12620;18576;10286
1376;7 jaar;Vrouwen;2050;69164;28870;4622;24248;11621;12627;18590;10280
1377;8 jaar;Totaal mannen en vrouwen;2000;160250;42219;8305;33914;14072;19842;29161;13058
1378;8 jaar;Totaal mannen en vrouwen;2001;157277;43296;8567;34729;14158;20571;30382;12914
1379;8 jaar;Totaal mannen en vrouwen;2002;155967;43578;8700;34878;14378;20500;30471;13107
1380;8 jaar;Totaal mannen en vrouwen;2003;155807;45184;8849;36335;14537;21798;31844;13340
1381;8 jaar;Totaal mannen en vrouwen;2004;151067;45577;9265;36312;14619;21693;31874;13703
1382;8 jaar;Totaal mannen en vrouwen;2005;149720;47186;10100;37086;14646;22440;33133;14053
1383;8 jaar;Totaal mannen en vrouwen;2006;149782;49593;10643;38950;15291;23659;35171;14422
1384;8 jaar;Totaal mannen en vrouwen;2007;154311;52125;10945;41180;16247;24933;36981;15144
1385;8 jaar;Totaal mannen en vrouwen;2008;154676;53261;10578;42683;16746;25937;37370;15891
1386;8 jaar;Totaal mannen en vrouwen;2009;159875;52911;10482;42429;16596;25833;36903;16008
1387;8 jaar;Totaal mannen en vrouwen;2010;158661;53999;10448;43551;17309;26242;37427;16572
1388;8 jaar;Totaal mannen en vrouwen;2011;156175;54990;10404;44586;18010;26576;37853;17137
1389;8 jaar;Totaal mannen en vrouwen;2012;152755;55862;10359;45503;18693;26810;38174;17688
1390;8 jaar;Totaal mannen en vrouwen;2013;149238;56666;10321;46345;19350;26995;38441;18225
1391;8 jaar;Totaal mannen en vrouwen;2014;145650;57452;10286;47166;19982;27184;38723;18729
1392;8 jaar;Totaal mannen en vrouwen;2015;142292;58146;10258;47888;20577;27311;38940;19206
1393;8 jaar;Totaal mannen en vrouwen;2016;139277;58734;10231;48503;21127;27376;39090;19644
1394;8 jaar;Totaal mannen en vrouwen;2017;136826;59248;10223;49025;21635;27390;39199;20049
1395;8 jaar;Totaal mannen en vrouwen;2018;134748;59670;10207;49463;22101;27362;39257;20413
1396;8 jaar;Totaal mannen en vrouwen;2019;133364;60014;10195;49819;22527;27292;39283;20731
1397;8 jaar;Totaal mannen en vrouwen;2020;132569;60290;10188;50102;22905;27197;39284;21006
1398;8 jaar;Totaal mannen en vrouwen;2021;132213;60505;10181;50324;23241;27083;39273;21232
1399;8 jaar;Totaal mannen en vrouwen;2022;132324;60659;10169;50490;23540;26950;39247;21412
1400;8 jaar;Totaal mannen en vrouwen;2023;132761;60764;10161;50603;23796;26807;39208;21556
1401;8 jaar;Totaal mannen en vrouwen;2024;133464;60822;10156;50666;24016;26650;39157;21665
1402;8 jaar;Totaal mannen en vrouwen;2025;134404;60845;10152;50693;24085;26608;39113;21732
1403;8 jaar;Totaal mannen en vrouwen;2026;135528;60835;10149;50686;24126;26560;39060;21775
1404;8 jaar;Totaal mannen en vrouwen;2027;136784;60796;10149;50647;24143;26504;39004;21792
1405;8 jaar;Totaal mannen en vrouwen;2028;138073;60735;10149;50586;24146;26440;38941;21794
1406;8 jaar;Totaal mannen en vrouwen;2029;139333;60650;10148;50502;24127;26375;38871;21779
1407;8 jaar;Totaal mannen en vrouwen;2030;140512;60571;10149;50422;24109;26313;38810;21761
1408;8 jaar;Totaal mannen en vrouwen;2031;141604;60484;10149;50335;24084;26251;38750;21734
1409;8 jaar;Totaal mannen en vrouwen;2032;142585;60411;10150;50261;24060;26201;38704;21707
1410;8 jaar;Totaal mannen en vrouwen;2033;143460;60343;10152;50191;24040;26151;38660;21683
1411;8 jaar;Totaal mannen en vrouwen;2034;144245;60275;10151;50124;24017;26107;38621;21654
1412;8 jaar;Totaal mannen en vrouwen;2035;144924;60212;10153;50059;23995;26064;38582;21630
1413;8 jaar;Totaal mannen en vrouwen;2036;145517;60159;10153;50006;23975;26031;38555;21604
1414;8 jaar;Totaal mannen en vrouwen;2037;146019;60108;10153;49955;23957;25998;38529;21579
1415;8 jaar;Totaal mannen en vrouwen;2038;146432;60060;10152;49908;23937;25971;38503;21557
1416;8 jaar;Totaal mannen en vrouwen;2039;146717;60017;10153;49864;23918;25946;38483;21534
1417;8 jaar;Totaal mannen en vrouwen;2040;146861;59978;10154;49824;23902;25922;38466;21512
1418;8 jaar;Totaal mannen en vrouwen;2041;146853;59941;10153;49788;23885;25903;38450;21491
1419;8 jaar;Totaal mannen en vrouwen;2042;146660;59910;10152;49758;23870;25888;38438;21472
1420;8 jaar;Totaal mannen en vrouwen;2043;146279;59882;10153;49729;23858;25871;38428;21454
1421;8 jaar;Totaal mannen en vrouwen;2044;145759;59852;10153;49699;23841;25858;38419;21433
1422;8 jaar;Totaal mannen en vrouwen;2045;145123;59836;10153;49683;23832;25851;38418;21418
1423;8 jaar;Totaal mannen en vrouwen;2046;144423;59816;10151;49665;23822;25843;38417;21399
1424;8 jaar;Totaal mannen en vrouwen;2047;143695;59808;10151;49657;23812;25845;38425;21383
1425;8 jaar;Totaal mannen en vrouwen;2048;142994;59812;10151;49661;23813;25848;38437;21375
1426;8 jaar;Totaal mannen en vrouwen;2049;142358;59815;10151;49664;23808;25856;38455;21360
1427;8 jaar;Totaal mannen en vrouwen;2050;141828;59831;10150;49681;23814;25867;38481;21350
1428;8 jaar;Mannen;2000;81812;21592;4223;17369;7202;10167;14902;6690
1429;8 jaar;Mannen;2001;80527;22211;4419;17792;7161;10631;15736;6475
1430;8 jaar;Mannen;2002;79615;22253;4431;17822;7420;10402;15508;6745
1431;8 jaar;Mannen;2003;79687;23072;4459;18613;7475;11138;16263;6809
1432;8 jaar;Mannen;2004;77193;23272;4690;18582;7466;11116;16270;7002
1433;8 jaar;Mannen;2005;76903;24172;5065;19107;7544;11563;16909;7263
1434;8 jaar;Mannen;2006;76328;25218;5273;19945;7848;12097;17824;7394
1435;8 jaar;Mannen;2007;78919;26537;5435;21102;8333;12769;18751;7786
1436;8 jaar;Mannen;2008;79296;27208;5301;21907;8603;13304;18990;8218
1437;8 jaar;Mannen;2009;81792;26956;5235;21721;8496;13225;18783;8173
1438;8 jaar;Mannen;2010;81164;27511;5217;22294;8858;13436;19050;8461
1439;8 jaar;Mannen;2011;79894;28026;5198;22828;9222;13606;19271;8755
1440;8 jaar;Mannen;2012;78146;28475;5178;23297;9571;13726;19436;9039
1441;8 jaar;Mannen;2013;76350;28890;5161;23729;9907;13822;19574;9316
1442;8 jaar;Mannen;2014;74509;29296;5145;24151;10231;13920;19717;9579
1443;8 jaar;Mannen;2015;72790;29652;5132;24520;10534;13986;19827;9825
1444;8 jaar;Mannen;2016;71250;29956;5120;24836;10819;14017;19902;10054
1445;8 jaar;Mannen;2017;69994;30225;5120;25105;11080;14025;19958;10267
1446;8 jaar;Mannen;2018;68931;30443;5114;25329;11319;14010;19988;10455
1447;8 jaar;Mannen;2019;68223;30621;5110;25511;11533;13978;19999;10622
1448;8 jaar;Mannen;2020;67818;30761;5104;25657;11731;13926;19996;10765
1449;8 jaar;Mannen;2021;67636;30873;5102;25771;11902;13869;19989;10884
1450;8 jaar;Mannen;2022;67692;30958;5099;25859;12056;13803;19978;10980
1451;8 jaar;Mannen;2023;67914;31009;5095;25914;12186;13728;19956;11053
1452;8 jaar;Mannen;2024;68271;31041;5095;25946;12298;13648;19931;11110
1453;8 jaar;Mannen;2025;68753;31049;5089;25960;12334;13626;19904;11145
1454;8 jaar;Mannen;2026;69333;31047;5090;25957;12353;13604;19879;11168
1455;8 jaar;Mannen;2027;69980;31024;5088;25936;12361;13575;19847;11177
1456;8 jaar;Mannen;2028;70639;30993;5087;25906;12362;13544;19814;11179
1457;8 jaar;Mannen;2029;71284;30953;5087;25866;12357;13509;19781;11172
1458;8 jaar;Mannen;2030;71891;30912;5087;25825;12347;13478;19749;11163
1459;8 jaar;Mannen;2031;72448;30866;5087;25779;12334;13445;19718;11148
1460;8 jaar;Mannen;2032;72948;30830;5088;25742;12323;13419;19694;11136
1461;8 jaar;Mannen;2033;73401;30791;5089;25702;12309;13393;19670;11121
1462;8 jaar;Mannen;2034;73799;30759;5088;25671;12300;13371;19650;11109
1463;8 jaar;Mannen;2035;74149;30728;5089;25639;12290;13349;19632;11096
1464;8 jaar;Mannen;2036;74453;30698;5088;25610;12277;13333;19616;11082
1465;8 jaar;Mannen;2037;74710;30673;5089;25584;12270;13314;19603;11070
1466;8 jaar;Mannen;2038;74922;30648;5089;25559;12260;13299;19590;11058
1467;8 jaar;Mannen;2039;75069;30627;5088;25539;12251;13288;19581;11046
1468;8 jaar;Mannen;2040;75147;30604;5088;25516;12238;13278;19570;11034
1469;8 jaar;Mannen;2041;75136;30590;5090;25500;12233;13267;19565;11025
1470;8 jaar;Mannen;2042;75041;30571;5089;25482;12224;13258;19557;11014
1471;8 jaar;Mannen;2043;74848;30556;5089;25467;12217;13250;19551;11005
1472;8 jaar;Mannen;2044;74578;30543;5090;25453;12208;13245;19547;10996
1473;8 jaar;Mannen;2045;74255;30534;5089;25445;12203;13242;19546;10988
1474;8 jaar;Mannen;2046;73897;30526;5087;25439;12202;13237;19548;10978
1475;8 jaar;Mannen;2047;73524;30519;5087;25432;12194;13238;19550;10969
1476;8 jaar;Mannen;2048;73166;30519;5086;25433;12193;13240;19556;10963
1477;8 jaar;Mannen;2049;72838;30522;5086;25436;12194;13242;19565;10957
1478;8 jaar;Mannen;2050;72563;30535;5088;25447;12198;13249;19581;10954
1479;8 jaar;Vrouwen;2000;78438;20627;4082;16545;6870;9675;14259;6368
1480;8 jaar;Vrouwen;2001;76747;21088;4148;16940;6999;9941;14648;6440
1481;8 jaar;Vrouwen;2002;76354;21323;4266;17057;6960;10097;14962;6361
1482;8 jaar;Vrouwen;2003;76120;22112;4387;17725;7065;10660;15579;6533
1483;8 jaar;Vrouwen;2004;73872;22307;4575;17732;7155;10577;15605;6702
1484;8 jaar;Vrouwen;2005;72818;23014;5035;17979;7101;10878;16226;6788
1485;8 jaar;Vrouwen;2006;73460;24370;5369;19001;7439;11562;17344;7026
1486;8 jaar;Vrouwen;2007;75390;25590;5512;20078;7916;12162;18229;7361
1487;8 jaar;Vrouwen;2008;75382;26051;5277;20774;8138;12636;18377;7674
1488;8 jaar;Vrouwen;2009;78086;25952;5245;20707;8099;12608;18119;7833
1489;8 jaar;Vrouwen;2010;77500;26486;5229;21257;8449;12808;18376;8110
1490;8 jaar;Vrouwen;2011;76280;26964;5205;21759;8791;12968;18582;8382
1491;8 jaar;Vrouwen;2012;74609;27387;5182;22205;9123;13082;18737;8650
1492;8 jaar;Vrouwen;2013;72889;27775;5158;22617;9445;13172;18867;8908
1493;8 jaar;Vrouwen;2014;71141;28157;5142;23015;9749;13266;19006;9151
1494;8 jaar;Vrouwen;2015;69501;28495;5127;23368;10041;13327;19114;9381
1495;8 jaar;Vrouwen;2016;68027;28778;5112;23666;10308;13358;19188;9590
1496;8 jaar;Vrouwen;2017;66831;29024;5103;23921;10556;13365;19241;9783
1497;8 jaar;Vrouwen;2018;65815;29229;5093;24136;10786;13350;19270;9959
1498;8 jaar;Vrouwen;2019;65141;29393;5085;24308;10991;13317;19284;10109
1499;8 jaar;Vrouwen;2020;64752;29528;5081;24447;11177;13270;19288;10240
1500;8 jaar;Vrouwen;2021;64579;29631;5078;24553;11341;13212;19281;10350
1501;8 jaar;Vrouwen;2022;64631;29702;5070;24632;11483;13149;19270;10432
1502;8 jaar;Vrouwen;2023;64847;29755;5066;24689;11611;13078;19251;10504
1503;8 jaar;Vrouwen;2024;65192;29782;5062;24720;11717;13003;19227;10555
1504;8 jaar;Vrouwen;2025;65649;29798;5065;24733;11750;12983;19209;10589
1505;8 jaar;Vrouwen;2026;66195;29788;5062;24726;11767;12959;19181;10607
1506;8 jaar;Vrouwen;2027;66808;29768;5059;24709;11779;12930;19155;10613
1507;8 jaar;Vrouwen;2028;67434;29742;5061;24681;11781;12900;19125;10617
1508;8 jaar;Vrouwen;2029;68048;29698;5058;24640;11773;12867;19090;10608
1509;8 jaar;Vrouwen;2030;68623;29658;5061;24597;11763;12834;19060;10598
1510;8 jaar;Vrouwen;2031;69155;29619;5061;24558;11751;12807;19033;10586
1511;8 jaar;Vrouwen;2032;69635;29583;5061;24522;11740;12782;19009;10574
1512;8 jaar;Vrouwen;2033;70061;29550;5063;24487;11728;12759;18989;10561
1513;8 jaar;Vrouwen;2034;70448;29514;5062;24452;11715;12737;18968;10546
1514;8 jaar;Vrouwen;2035;70778;29481;5061;24420;11704;12716;18948;10533
1515;8 jaar;Vrouwen;2036;71065;29459;5062;24397;11698;12699;18938;10521
1516;8 jaar;Vrouwen;2037;71311;29433;5064;24369;11687;12682;18924;10509
1517;8 jaar;Vrouwen;2038;71511;29412;5063;24349;11679;12670;18913;10499
1518;8 jaar;Vrouwen;2039;71649;29388;5064;24324;11667;12657;18902;10486
1519;8 jaar;Vrouwen;2040;71720;29369;5064;24305;11660;12645;18894;10475
1520;8 jaar;Vrouwen;2041;71715;29352;5064;24288;11653;12635;18886;10466
1521;8 jaar;Vrouwen;2042;71622;29336;5063;24273;11646;12627;18879;10457
1522;8 jaar;Vrouwen;2043;71436;29321;5064;24257;11636;12621;18874;10447
1523;8 jaar;Vrouwen;2044;71181;29309;5063;24246;11630;12616;18871;10438
1524;8 jaar;Vrouwen;2045;70868;29302;5065;24237;11625;12612;18871;10431
1525;8 jaar;Vrouwen;2046;70522;29294;5065;24229;11622;12607;18871;10423
1526;8 jaar;Vrouwen;2047;70171;29288;5064;24224;11617;12607;18873;10415
1527;8 jaar;Vrouwen;2048;69830;29291;5065;24226;11617;12609;18881;10410
1528;8 jaar;Vrouwen;2049;69519;29294;5066;24228;11615;12613;18891;10403
1529;8 jaar;Vrouwen;2050;69260;29301;5064;24237;11618;12619;18903;10398
1530;9 jaar;Totaal mannen en vrouwen;2000;160349;42489;9274;33215;13761;19454;29418;13071
1531;9 jaar;Totaal mannen en vrouwen;2001;160047;43162;9252;33910;14070;19840;29823;13339
1532;9 jaar;Totaal mannen en vrouwen;2002;157081;44230;9506;34724;14155;20569;31020;13210
1533;9 jaar;Totaal mannen en vrouwen;2003;155780;44500;9628;34872;14375;20497;31108;13392
1534;9 jaar;Totaal mannen en vrouwen;2004;155611;46104;9776;36328;14532;21796;32472;13632
1535;9 jaar;Totaal mannen en vrouwen;2005;150885;46485;10176;36309;14622;21687;32500;13985
1536;9 jaar;Totaal mannen en vrouwen;2006;149537;48058;10976;37082;14644;22438;33741;14317
1537;9 jaar;Totaal mannen en vrouwen;2007;149599;50438;11494;38944;15288;23656;35763;14675
1538;9 jaar;Totaal mannen en vrouwen;2008;154105;52955;11778;41177;16248;24929;37566;15389
1539;9 jaar;Totaal mannen en vrouwen;2009;154472;54096;11419;42677;16744;25933;37960;16136
1540;9 jaar;Totaal mannen en vrouwen;2010;159658;53756;11332;42424;16594;25830;37496;16260
1541;9 jaar;Totaal mannen en vrouwen;2011;158448;54839;11292;43547;17308;26239;38016;16823
1542;9 jaar;Totaal mannen en vrouwen;2012;155965;55830;11249;44581;18009;26572;38449;17381
1543;9 jaar;Totaal mannen en vrouwen;2013;152551;56707;11208;45499;18691;26808;38775;17932
1544;9 jaar;Totaal mannen en vrouwen;2014;149041;57510;11168;46342;19349;26993;39048;18462
1545;9 jaar;Totaal mannen en vrouwen;2015;145461;58297;11136;47161;19978;27183;39333;18964
1546;9 jaar;Totaal mannen en vrouwen;2016;142114;58984;11102;47882;20574;27308;39551;19433
1547;9 jaar;Totaal mannen en vrouwen;2017;139106;59572;11076;48496;21124;27372;39704;19868
1548;9 jaar;Totaal mannen en vrouwen;2018;136661;60086;11068;49018;21633;27385;39815;20271
1549;9 jaar;Totaal mannen en vrouwen;2019;134586;60510;11051;49459;22100;27359;39877;20633
1550;9 jaar;Totaal mannen en vrouwen;2020;133207;60855;11041;49814;22524;27290;39906;20949
1551;9 jaar;Totaal mannen en vrouwen;2021;132414;61125;11028;50097;22903;27194;39906;21219
1552;9 jaar;Totaal mannen en vrouwen;2022;132058;61342;11023;50319;23240;27079;39896;21446
1553;9 jaar;Totaal mannen en vrouwen;2023;132169;61495;11012;50483;23536;26947;39869;21626
1554;9 jaar;Totaal mannen en vrouwen;2024;132602;61602;11005;50597;23794;26803;39830;21772
1555;9 jaar;Totaal mannen en vrouwen;2025;133302;61659;11000;50659;24011;26648;39780;21879
1556;9 jaar;Totaal mannen en vrouwen;2026;134237;61685;10998;50687;24082;26605;39738;21947
1557;9 jaar;Totaal mannen en vrouwen;2027;135358;61677;10996;50681;24122;26559;39686;21991
1558;9 jaar;Totaal mannen en vrouwen;2028;136613;61636;10993;50643;24141;26502;39629;22007
1559;9 jaar;Totaal mannen en vrouwen;2029;137901;61572;10993;50579;24139;26440;39564;22008
1560;9 jaar;Totaal mannen en vrouwen;2030;139156;61490;10992;50498;24126;26372;39496;21994
1561;9 jaar;Totaal mannen en vrouwen;2031;140330;61413;10995;50418;24108;26310;39438;21975
1562;9 jaar;Totaal mannen en vrouwen;2032;141416;61328;10996;50332;24082;26250;39379;21949
1563;9 jaar;Totaal mannen en vrouwen;2033;142393;61255;10999;50256;24058;26198;39333;21922
1564;9 jaar;Totaal mannen en vrouwen;2034;143268;61185;10999;50186;24037;26149;39288;21897
1565;9 jaar;Totaal mannen en vrouwen;2035;144052;61115;11000;50115;24010;26105;39246;21869
1566;9 jaar;Totaal mannen en vrouwen;2036;144727;61055;11000;50055;23993;26062;39211;21844
1567;9 jaar;Totaal mannen en vrouwen;2037;145321;61000;10998;50002;23974;26028;39183;21817
1568;9 jaar;Totaal mannen en vrouwen;2038;145818;60949;11000;49949;23953;25996;39158;21791
1569;9 jaar;Totaal mannen en vrouwen;2039;146228;60904;11001;49903;23935;25968;39134;21770
1570;9 jaar;Totaal mannen en vrouwen;2040;146512;60862;11001;49861;23919;25942;39114;21748
1571;9 jaar;Totaal mannen en vrouwen;2041;146656;60819;11001;49818;23898;25920;39095;21724
1572;9 jaar;Totaal mannen en vrouwen;2042;146648;60782;11002;49780;23881;25899;39079;21703
1573;9 jaar;Totaal mannen en vrouwen;2043;146454;60754;11001;49753;23870;25883;39070;21684
1574;9 jaar;Totaal mannen en vrouwen;2044;146078;60723;11000;49723;23854;25869;39059;21664
1575;9 jaar;Totaal mannen en vrouwen;2045;145558;60694;10999;49695;23840;25855;39048;21646
1576;9 jaar;Totaal mannen en vrouwen;2046;144924;60676;10998;49678;23831;25847;39045;21631
1577;9 jaar;Totaal mannen en vrouwen;2047;144224;60658;10998;49660;23817;25843;39047;21611
1578;9 jaar;Totaal mannen en vrouwen;2048;143498;60647;10998;49649;23806;25843;39053;21594
1579;9 jaar;Totaal mannen en vrouwen;2049;142800;60653;10997;49656;23811;25845;39068;21585
1580;9 jaar;Totaal mannen en vrouwen;2050;142167;60656;10997;49659;23806;25853;39085;21571
1581;9 jaar;Mannen;2000;82333;21682;4832;16850;7003;9847;15014;6668
1582;9 jaar;Mannen;2001;81702;22068;4700;17368;7201;10167;15236;6832
1583;9 jaar;Mannen;2002;80421;22682;4893;17789;7160;10629;16054;6628
1584;9 jaar;Mannen;2003;79511;22721;4902;17819;7417;10402;15828;6893
1585;9 jaar;Mannen;2004;79581;23540;4932;18608;7472;11136;16582;6958
1586;9 jaar;Mannen;2005;77097;23731;5152;18579;7464;11115;16583;7148
1587;9 jaar;Mannen;2006;76801;24619;5513;19106;7545;11561;17215;7404
1588;9 jaar;Mannen;2007;76222;25655;5711;19944;7847;12097;18127;7528
1589;9 jaar;Mannen;2008;78809;26959;5859;21100;8332;12768;19047;7912
1590;9 jaar;Mannen;2009;79184;27633;5728;21905;8604;13301;19287;8346
1591;9 jaar;Mannen;2010;81676;27387;5668;21719;8495;13224;19080;8307
1592;9 jaar;Mannen;2011;81048;27942;5650;22292;8859;13433;19348;8594
1593;9 jaar;Mannen;2012;79787;28452;5630;22822;9219;13603;19567;8885
1594;9 jaar;Mannen;2013;78036;28906;5612;23294;9569;13725;19735;9171
1595;9 jaar;Mannen;2014;76244;29321;5596;23725;9905;13820;19876;9445
1596;9 jaar;Mannen;2015;74408;29727;5579;24148;10230;13918;20021;9706
1597;9 jaar;Mannen;2016;72693;30081;5564;24517;10534;13983;20131;9950
1598;9 jaar;Mannen;2017;71157;30386;5555;24831;10816;14015;20208;10178
1599;9 jaar;Mannen;2018;69906;30654;5552;25102;11078;14024;20265;10389
1600;9 jaar;Mannen;2019;68843;30874;5547;25327;11317;14010;20296;10578
1601;9 jaar;Mannen;2020;68135;31055;5545;25510;11535;13975;20310;10745
1602;9 jaar;Mannen;2021;67733;31191;5536;25655;11729;13926;20306;10885
1603;9 jaar;Mannen;2022;67553;31302;5534;25768;11900;13868;20300;11002
1604;9 jaar;Mannen;2023;67610;31386;5531;25855;12053;13802;20286;11100
1605;9 jaar;Mannen;2024;67827;31440;5530;25910;12184;13726;20267;11173
1606;9 jaar;Mannen;2025;68184;31470;5527;25943;12296;13647;20240;11230
1607;9 jaar;Mannen;2026;68664;31479;5524;25955;12330;13625;20215;11264
1608;9 jaar;Mannen;2027;69241;31480;5525;25955;12355;13600;20192;11288
1609;9 jaar;Mannen;2028;69884;31459;5523;25936;12364;13572;20162;11297
1610;9 jaar;Mannen;2029;70543;31426;5522;25904;12362;13542;20129;11297
1611;9 jaar;Mannen;2030;71189;31384;5523;25861;12355;13506;20093;11291
1612;9 jaar;Mannen;2031;71792;31344;5523;25821;12347;13474;20063;11281
1613;9 jaar;Mannen;2032;72345;31300;5524;25776;12332;13444;20032;11268
1614;9 jaar;Mannen;2033;72847;31261;5524;25737;12320;13417;20007;11254
1615;9 jaar;Mannen;2034;73293;31227;5525;25702;12310;13392;19985;11242
1616;9 jaar;Mannen;2035;73693;31193;5527;25666;12298;13368;19964;11229
1617;9 jaar;Mannen;2036;74041;31163;5526;25637;12289;13348;19947;11216
1618;9 jaar;Mannen;2037;74344;31134;5525;25609;12277;13332;19932;11202
1619;9 jaar;Mannen;2038;74601;31107;5525;25582;12269;13313;19919;11188
1620;9 jaar;Mannen;2039;74808;31085;5526;25559;12260;13299;19907;11178
1621;9 jaar;Mannen;2040;74957;31063;5526;25537;12250;13287;19897;11166
1622;9 jaar;Mannen;2041;75033;31039;5525;25514;12238;13276;19886;11153
1623;9 jaar;Mannen;2042;75024;31024;5527;25497;12233;13264;19880;11144
1624;9 jaar;Mannen;2043;74931;31003;5524;25479;12222;13257;19871;11132
1625;9 jaar;Mannen;2044;74736;30991;5525;25466;12217;13249;19867;11124
1626;9 jaar;Mannen;2045;74468;30977;5525;25452;12209;13243;19863;11114
1627;9 jaar;Mannen;2046;74145;30968;5524;25444;12204;13240;19861;11107
1628;9 jaar;Mannen;2047;73786;30960;5524;25436;12200;13236;19863;11097
1629;9 jaar;Mannen;2048;73413;30955;5524;25431;12196;13235;19867;11088
1630;9 jaar;Mannen;2049;73058;30954;5524;25430;12191;13239;19871;11083
1631;9 jaar;Mannen;2050;72730;30958;5524;25434;12193;13241;19882;11076
1632;9 jaar;Vrouwen;2000;78016;20807;4442;16365;6758;9607;14404;6403
1633;9 jaar;Vrouwen;2001;78344;21096;4551;16545;6870;9675;14588;6508
1634;9 jaar;Vrouwen;2002;76659;21549;4612;16937;6998;9939;14967;6582
1635;9 jaar;Vrouwen;2003;76265;21783;4726;17057;6961;10096;15281;6502
1636;9 jaar;Vrouwen;2004;76026;22568;4845;17723;7063;10660;15891;6677
1637;9 jaar;Vrouwen;2005;73790;22752;5023;17729;7153;10576;15915;6837
1638;9 jaar;Vrouwen;2006;72738;23437;5462;17975;7097;10878;16525;6912
1639;9 jaar;Vrouwen;2007;73374;24785;5786;18999;7439;11560;17639;7146
1640;9 jaar;Vrouwen;2008;75295;25997;5920;20077;7917;12160;18520;7477
1641;9 jaar;Vrouwen;2009;75287;26464;5691;20773;8137;12636;18673;7791
1642;9 jaar;Vrouwen;2010;77984;26367;5662;20705;8098;12607;18413;7954
1643;9 jaar;Vrouwen;2011;77401;26896;5642;21254;8446;12808;18670;8226
1644;9 jaar;Vrouwen;2012;76183;27374;5617;21757;8789;12968;18878;8496
1645;9 jaar;Vrouwen;2013;74517;27799;5595;22204;9122;13082;19038;8761
1646;9 jaar;Vrouwen;2014;72799;28188;5573;22615;9444;13171;19170;9018
1647;9 jaar;Vrouwen;2015;71054;28569;5555;23014;9748;13266;19311;9258
1648;9 jaar;Vrouwen;2016;69420;28904;5538;23366;10041;13325;19419;9485
1649;9 jaar;Vrouwen;2017;67950;29185;5521;23664;10308;13356;19495;9690
1650;9 jaar;Vrouwen;2018;66754;29433;5515;23918;10556;13362;19550;9883
1651;9 jaar;Vrouwen;2019;65744;29636;5502;24134;10785;13349;19581;10055
1652;9 jaar;Vrouwen;2020;65072;29800;5495;24305;10988;13317;19594;10206
1653;9 jaar;Vrouwen;2021;64684;29931;5489;24442;11174;13268;19596;10335
1654;9 jaar;Vrouwen;2022;64511;30035;5486;24549;11337;13212;19591;10444
1655;9 jaar;Vrouwen;2023;64557;30111;5480;24631;11483;13148;19583;10528
1656;9 jaar;Vrouwen;2024;64778;30159;5474;24685;11608;13077;19563;10596
1657;9 jaar;Vrouwen;2025;65118;30189;5471;24718;11717;13001;19540;10649
1658;9 jaar;Vrouwen;2026;65575;30204;5474;24730;11748;12982;19520;10684
1659;9 jaar;Vrouwen;2027;66119;30196;5472;24724;11768;12956;19494;10702
1660;9 jaar;Vrouwen;2028;66729;30176;5470;24706;11778;12928;19468;10708
1661;9 jaar;Vrouwen;2029;67356;30148;5471;24677;11779;12898;19439;10709
1662;9 jaar;Vrouwen;2030;67966;30108;5470;24638;11773;12865;19406;10702
1663;9 jaar;Vrouwen;2031;68540;30067;5470;24597;11763;12834;19374;10693
1664;9 jaar;Vrouwen;2032;69073;30025;5471;24554;11747;12807;19344;10681
1665;9 jaar;Vrouwen;2033;69552;29988;5472;24516;11735;12781;19322;10666
1666;9 jaar;Vrouwen;2034;69976;29957;5473;24484;11726;12758;19303;10654
1667;9 jaar;Vrouwen;2035;70359;29922;5473;24449;11714;12735;19282;10640
1668;9 jaar;Vrouwen;2036;70688;29890;5473;24417;11702;12715;19262;10628
1669;9 jaar;Vrouwen;2037;70975;29868;5473;24395;11697;12698;19251;10617
1670;9 jaar;Vrouwen;2038;71219;29841;5474;24367;11685;12682;19237;10604
1671;9 jaar;Vrouwen;2039;71420;29819;5473;24346;11677;12669;19225;10594
1672;9 jaar;Vrouwen;2040;71557;29797;5474;24323;11666;12657;19216;10581
1673;9 jaar;Vrouwen;2041;71625;29779;5475;24304;11659;12645;19210;10569
1674;9 jaar;Vrouwen;2042;71623;29759;5474;24285;11651;12634;19200;10559
1675;9 jaar;Vrouwen;2043;71528;29746;5475;24271;11645;12626;19194;10552
1676;9 jaar;Vrouwen;2044;71345;29729;5474;24255;11634;12621;19188;10541
1677;9 jaar;Vrouwen;2045;71091;29716;5474;24242;11628;12614;19185;10531
1678;9 jaar;Vrouwen;2046;70779;29708;5474;24234;11623;12611;19184;10524
1679;9 jaar;Vrouwen;2047;70437;29699;5473;24226;11619;12607;19185;10514
1680;9 jaar;Vrouwen;2048;70084;29694;5473;24221;11616;12605;19188;10506
1681;9 jaar;Vrouwen;2049;69747;29694;5472;24222;11614;12608;19194;10500
1682;9 jaar;Vrouwen;2050;69435;29699;5473;24226;11613;12613;19204;10495
1683;10 jaar;Totaal mannen en vrouwen;2000;153682;41067;10051;31016;12847;18169;28264;12803
1684;10 jaar;Totaal mannen en vrouwen;2001;160173;43378;10167;33211;13759;19452;30057;13321
1685;10 jaar;Totaal mannen en vrouwen;2002;159884;44041;10135;33906;14068;19838;30447;13594
1686;10 jaar;Totaal mannen en vrouwen;2003;156918;45114;10395;34719;14152;20567;31640;13474
1687;10 jaar;Totaal mannen en vrouwen;2004;155622;45371;10502;34869;14375;20494;31725;13646
1688;10 jaar;Totaal mannen en vrouwen;2005;155446;46973;10647;36326;14534;21792;33081;13892
1689;10 jaar;Totaal mannen en vrouwen;2006;150737;47329;11025;36304;14619;21685;33098;14231
1690;10 jaar;Totaal mannen en vrouwen;2007;149390;48872;11796;37076;14642;22434;34325;14547
1691;10 jaar;Totaal mannen en vrouwen;2008;149441;51238;12298;38940;15287;23653;36340;14898
1692;10 jaar;Totaal mannen en vrouwen;2009;153934;53739;12568;41171;16246;24925;38135;15604
1693;10 jaar;Totaal mannen en vrouwen;2010;154301;54884;12212;42672;16741;25931;38533;16351
1694;10 jaar;Totaal mannen en vrouwen;2011;159478;54552;12133;42419;16592;25827;38071;16481
1695;10 jaar;Totaal mannen en vrouwen;2012;158271;55637;12093;43544;17306;26238;38600;17037
1696;10 jaar;Totaal mannen en vrouwen;2013;155787;56629;12053;44576;18008;26568;39036;17593
1697;10 jaar;Totaal mannen en vrouwen;2014;152383;57501;12008;45493;18688;26805;39363;18138
1698;10 jaar;Totaal mannen en vrouwen;2015;148884;58305;11970;46335;19347;26988;39639;18666
1699;10 jaar;Totaal mannen en vrouwen;2016;145307;59091;11934;47157;19978;27179;39930;19161
1700;10 jaar;Totaal mannen en vrouwen;2017;141967;59776;11899;47877;20572;27305;40150;19626
1701;10 jaar;Totaal mannen en vrouwen;2018;138965;60364;11874;48490;21122;27368;40306;20058
1702;10 jaar;Totaal mannen en vrouwen;2019;136526;60876;11864;49012;21628;27384;40419;20457
1703;10 jaar;Totaal mannen en vrouwen;2020;134455;61302;11848;49454;22099;27355;40484;20818
1704;10 jaar;Totaal mannen en vrouwen;2021;133076;61647;11838;49809;22522;27287;40512;21135
1705;10 jaar;Totaal mannen en vrouwen;2022;132285;61918;11827;50091;22901;27190;40514;21404
1706;10 jaar;Totaal mannen en vrouwen;2023;131930;62134;11821;50313;23237;27076;40502;21632
1707;10 jaar;Totaal mannen en vrouwen;2024;132040;62288;11810;50478;23534;26944;40477;21811
1708;10 jaar;Totaal mannen en vrouwen;2025;132474;62394;11803;50591;23790;26801;40438;21956
1709;10 jaar;Totaal mannen en vrouwen;2026;133170;62453;11797;50656;24012;26644;40389;22064
1710;10 jaar;Totaal mannen en vrouwen;2027;134105;62478;11795;50683;24079;26604;40346;22132
1711;10 jaar;Totaal mannen en vrouwen;2028;135224;62468;11794;50674;24120;26554;40294;22174
1712;10 jaar;Totaal mannen en vrouwen;2029;136470;62431;11794;50637;24138;26499;40238;22193
1713;10 jaar;Totaal mannen en vrouwen;2030;137755;62367;11793;50574;24137;26437;40175;22192
1714;10 jaar;Totaal mannen en vrouwen;2031;139004;62289;11794;50495;24125;26370;40109;22180
1715;10 jaar;Totaal mannen en vrouwen;2032;140176;62208;11795;50413;24106;26307;40049;22159
1716;10 jaar;Totaal mannen en vrouwen;2033;141260;62125;11798;50327;24080;26247;39991;22134
1717;10 jaar;Totaal mannen en vrouwen;2034;142234;62053;11799;50254;24058;26196;39946;22107
1718;10 jaar;Totaal mannen en vrouwen;2035;143108;61983;11799;50184;24037;26147;39902;22081
1719;10 jaar;Totaal mannen en vrouwen;2036;143887;61914;11801;50113;24012;26101;39861;22053
1720;10 jaar;Totaal mannen en vrouwen;2037;144560;61851;11801;50050;23989;26061;39823;22028
1721;10 jaar;Totaal mannen en vrouwen;2038;145152;61797;11800;49997;23972;26025;39796;22001
1722;10 jaar;Totaal mannen en vrouwen;2039;145649;61747;11803;49944;23951;25993;39771;21976
1723;10 jaar;Totaal mannen en vrouwen;2040;146057;61703;11802;49901;23937;25964;39748;21955
1724;10 jaar;Totaal mannen en vrouwen;2041;146344;61656;11801;49855;23915;25940;39725;21931
1725;10 jaar;Totaal mannen en vrouwen;2042;146486;61617;11803;49814;23897;25917;39709;21908
1726;10 jaar;Totaal mannen en vrouwen;2043;146474;61580;11803;49777;23880;25897;39693;21887
1727;10 jaar;Totaal mannen en vrouwen;2044;146285;61547;11801;49746;23866;25880;39680;21867
1728;10 jaar;Totaal mannen en vrouwen;2045;145910;61518;11801;49717;23851;25866;39670;21848
1729;10 jaar;Totaal mannen en vrouwen;2046;145387;61494;11803;49691;23839;25852;39664;21830
1730;10 jaar;Totaal mannen en vrouwen;2047;144756;61475;11802;49673;23828;25845;39661;21814
1731;10 jaar;Totaal mannen en vrouwen;2048;144057;61456;11799;49657;23815;25842;39662;21794
1732;10 jaar;Totaal mannen en vrouwen;2049;143334;61446;11798;49648;23808;25840;39668;21778
1733;10 jaar;Totaal mannen en vrouwen;2050;142639;61450;11798;49652;23808;25844;39681;21769
1734;10 jaar;Mannen;2000;78146;21103;5202;15901;6572;9329;14565;6538
1735;10 jaar;Mannen;2001;82236;22130;5280;16850;7003;9847;15335;6795
1736;10 jaar;Mannen;2002;81615;22513;5148;17365;7201;10164;15552;6961
1737;10 jaar;Mannen;2003;80330;23131;5346;17785;7156;10629;16366;6765
1738;10 jaar;Mannen;2004;79429;23162;5347;17815;7416;10399;16140;7022
1739;10 jaar;Mannen;2005;79493;23983;5378;18605;7469;11136;16892;7091
1740;10 jaar;Mannen;2006;77015;24164;5587;18577;7465;11112;16887;7277
1741;10 jaar;Mannen;2007;76717;25039;5935;19104;7545;11559;17512;7527
1742;10 jaar;Mannen;2008;76139;26063;6122;19941;7845;12096;18417;7646
1743;10 jaar;Mannen;2009;78719;27357;6260;21097;8330;12767;19333;8024
1744;10 jaar;Mannen;2010;79090;28036;6132;21904;8605;13299;19579;8457
1745;10 jaar;Mannen;2011;81579;27798;6082;21716;8493;13223;19374;8424
1746;10 jaar;Mannen;2012;80955;28350;6062;22288;8856;13432;19640;8710
1747;10 jaar;Mannen;2013;79688;28867;6045;22822;9220;13602;19866;9001
1748;10 jaar;Mannen;2014;77941;29318;6026;23292;9570;13722;20035;9283
1749;10 jaar;Mannen;2015;76156;29732;6009;23723;9903;13820;20176;9556
1750;10 jaar;Mannen;2016;74324;30135;5991;24144;10227;13917;20321;9814
1751;10 jaar;Mannen;2017;72614;30488;5975;24513;10533;13980;20432;10056
1752;10 jaar;Mannen;2018;71080;30795;5966;24829;10815;14014;20511;10284
1753;10 jaar;Mannen;2019;69834;31061;5964;25097;11074;14023;20569;10492
1754;10 jaar;Mannen;2020;68769;31284;5960;25324;11315;14009;20601;10683
1755;10 jaar;Mannen;2021;68065;31463;5958;25505;11531;13974;20615;10848
1756;10 jaar;Mannen;2022;67661;31603;5951;25652;11727;13925;20613;10990
1757;10 jaar;Mannen;2023;67478;31716;5949;25767;11901;13866;20608;11108
1758;10 jaar;Mannen;2024;67537;31798;5947;25851;12052;13799;20594;11204
1759;10 jaar;Mannen;2025;67757;31850;5944;25906;12180;13726;20571;11279
1760;10 jaar;Mannen;2026;68110;31884;5944;25940;12295;13645;20548;11336
1761;10 jaar;Mannen;2027;68587;31896;5941;25955;12331;13624;20525;11371
1762;10 jaar;Mannen;2028;69164;31894;5941;25953;12354;13599;20500;11394
1763;10 jaar;Mannen;2029;69809;31871;5939;25932;12362;13570;20469;11402
1764;10 jaar;Mannen;2030;70464;31839;5938;25901;12360;13541;20437;11402
1765;10 jaar;Mannen;2031;71106;31799;5939;25860;12354;13506;20402;11397
1766;10 jaar;Mannen;2032;71707;31758;5939;25819;12345;13474;20371;11387
1767;10 jaar;Mannen;2033;72259;31715;5940;25775;12333;13442;20341;11374
1768;10 jaar;Mannen;2034;72762;31673;5939;25734;12318;13416;20315;11358
1769;10 jaar;Mannen;2035;73207;31640;5941;25699;12309;13390;20294;11346
1770;10 jaar;Mannen;2036;73606;31605;5939;25666;12298;13368;20273;11332
1771;10 jaar;Mannen;2037;73952;31574;5940;25634;12288;13346;20254;11320
1772;10 jaar;Mannen;2038;74254;31546;5940;25606;12279;13327;20241;11305
1773;10 jaar;Mannen;2039;74510;31519;5941;25578;12265;13313;20226;11293
1774;10 jaar;Mannen;2040;74718;31497;5942;25555;12257;13298;20214;11283
1775;10 jaar;Mannen;2041;74864;31478;5943;25535;12249;13286;20206;11272
1776;10 jaar;Mannen;2042;74938;31455;5941;25514;12240;13274;20197;11258
1777;10 jaar;Mannen;2043;74934;31433;5940;25493;12230;13263;20188;11245
1778;10 jaar;Mannen;2044;74836;31417;5940;25477;12224;13253;20181;11236
1779;10 jaar;Mannen;2045;74645;31402;5938;25464;12215;13249;20175;11227
1780;10 jaar;Mannen;2046;74378;31388;5939;25449;12208;13241;20171;11217
1781;10 jaar;Mannen;2047;74052;31382;5940;25442;12204;13238;20171;11211
1782;10 jaar;Mannen;2048;73695;31372;5940;25432;12197;13235;20171;11201
1783;10 jaar;Mannen;2049;73321;31370;5941;25429;12195;13234;20176;11194
1784;10 jaar;Mannen;2050;72969;31366;5940;25426;12190;13236;20180;11186
1785;10 jaar;Vrouwen;2000;75536;19964;4849;15115;6275;8840;13699;6265
1786;10 jaar;Vrouwen;2001;77934;21251;4886;16365;6758;9607;14724;6527
1787;10 jaar;Vrouwen;2002;78269;21528;4987;16541;6868;9673;14895;6633
1788;10 jaar;Vrouwen;2003;76584;21987;5051;16936;6998;9938;15276;6711
1789;10 jaar;Vrouwen;2004;76191;22211;5156;17055;6959;10096;15585;6626
1790;10 jaar;Vrouwen;2005;75952;22990;5269;17721;7064;10657;16190;6800
1791;10 jaar;Vrouwen;2006;73720;23166;5440;17726;7152;10574;16213;6953
1792;10 jaar;Vrouwen;2007;72670;23836;5864;17972;7094;10878;16814;7022
1793;10 jaar;Vrouwen;2008;73302;25175;6178;18997;7437;11560;17922;7253
1794;10 jaar;Vrouwen;2009;75217;26379;6305;20074;7914;12160;18801;7578
1795;10 jaar;Vrouwen;2010;75207;26852;6081;20771;8138;12633;18957;7895
1796;10 jaar;Vrouwen;2011;77900;26753;6050;20703;8097;12606;18698;8055
1797;10 jaar;Vrouwen;2012;77321;27282;6030;21252;8445;12807;18957;8325
1798;10 jaar;Vrouwen;2013;76102;27760;6005;21755;8788;12967;19169;8591
1799;10 jaar;Vrouwen;2014;74439;28185;5983;22202;9121;13081;19329;8856
1800;10 jaar;Vrouwen;2015;72725;28576;5962;22614;9445;13169;19466;9110
1801;10 jaar;Vrouwen;2016;70984;28956;5943;23013;9747;13266;19608;9348
1802;10 jaar;Vrouwen;2017;69354;29287;5923;23364;10039;13325;19716;9571
1803;10 jaar;Vrouwen;2018;67885;29569;5907;23662;10307;13355;19794;9775
1804;10 jaar;Vrouwen;2019;66693;29814;5897;23917;10555;13362;19850;9964
1805;10 jaar;Vrouwen;2020;65688;30015;5886;24129;10781;13348;19880;10135
1806;10 jaar;Vrouwen;2021;65015;30179;5876;24303;10987;13316;19894;10285
1807;10 jaar;Vrouwen;2022;64628;30311;5872;24439;11171;13268;19898;10413
1808;10 jaar;Vrouwen;2023;64453;30417;5869;24548;11339;13209;19893;10524
1809;10 jaar;Vrouwen;2024;64502;30492;5864;24628;11483;13145;19884;10608
1810;10 jaar;Vrouwen;2025;64717;30545;5860;24685;11609;13076;19866;10679
1811;10 jaar;Vrouwen;2026;65059;30571;5857;24714;11715;12999;19841;10730
1812;10 jaar;Vrouwen;2027;65514;30586;5858;24728;11748;12980;19823;10763
1813;10 jaar;Vrouwen;2028;66057;30577;5856;24721;11765;12956;19796;10781
1814;10 jaar;Vrouwen;2029;66662;30560;5856;24704;11778;12926;19770;10790
1815;10 jaar;Vrouwen;2030;67292;30527;5855;24672;11776;12896;19738;10789
1816;10 jaar;Vrouwen;2031;67899;30489;5855;24634;11770;12864;19707;10782
1817;10 jaar;Vrouwen;2032;68471;30448;5856;24592;11759;12833;19676;10772
1818;10 jaar;Vrouwen;2033;69003;30408;5856;24552;11745;12807;19648;10760
1819;10 jaar;Vrouwen;2034;69482;30371;5857;24514;11734;12780;19624;10747
1820;10 jaar;Vrouwen;2035;69903;30341;5858;24483;11727;12756;19606;10735
1821;10 jaar;Vrouwen;2036;70284;30307;5859;24448;11715;12733;19587;10720
1822;10 jaar;Vrouwen;2037;70610;30275;5859;24416;11703;12713;19567;10708
1823;10 jaar;Vrouwen;2038;70898;30251;5859;24392;11695;12697;19555;10696
1824;10 jaar;Vrouwen;2039;71139;30227;5860;24367;11687;12680;19543;10684
1825;10 jaar;Vrouwen;2040;71341;30204;5860;24344;11675;12669;19530;10674
1826;10 jaar;Vrouwen;2041;71476;30182;5862;24320;11665;12655;19521;10661
1827;10 jaar;Vrouwen;2042;71550;30160;5860;24300;11657;12643;19511;10649
1828;10 jaar;Vrouwen;2043;71543;30144;5862;24282;11648;12634;19504;10640
1829;10 jaar;Vrouwen;2044;71448;30132;5862;24270;11645;12625;19501;10631
1830;10 jaar;Vrouwen;2045;71266;30115;5862;24253;11634;12619;19494;10621
1831;10 jaar;Vrouwen;2046;71011;30104;5862;24242;11628;12614;19492;10612
1832;10 jaar;Vrouwen;2047;70704;30093;5860;24233;11623;12610;19490;10603
1833;10 jaar;Vrouwen;2048;70359;30087;5862;24225;11619;12606;19491;10596
1834;10 jaar;Vrouwen;2049;70013;30076;5858;24218;11613;12605;19491;10585
1835;10 jaar;Vrouwen;2050;69673;30080;5859;24221;11614;12607;19500;10580
1836;11 jaar;Totaal mannen en vrouwen;2000;152117;40712;10567;30145;12797;17348;27693;13019
1837;11 jaar;Totaal mannen en vrouwen;2001;153561;41914;10902;31012;12846;18166;28887;13027
1838;11 jaar;Totaal mannen en vrouwen;2002;160035;44211;11004;33207;13757;19450;30663;13548
1839;11 jaar;Totaal mannen en vrouwen;2003;159750;44877;10977;33900;14064;19836;31056;13821
1840;11 jaar;Totaal mannen en vrouwen;2004;156789;45947;11233;34714;14151;20563;32241;13706
1841;11 jaar;Totaal mannen en vrouwen;2005;155492;46194;11330;34864;14373;20491;32321;13873
1842;11 jaar;Totaal mannen en vrouwen;2006;155313;47790;11469;36321;14534;21787;33672;14118
1843;11 jaar;Totaal mannen en vrouwen;2007;150613;48127;11828;36299;14615;21684;33682;14445
1844;11 jaar;Totaal mannen en vrouwen;2008;149265;49648;12574;37074;14641;22433;34898;14750
1845;11 jaar;Totaal mannen en vrouwen;2009;149319;51990;13057;38933;15282;23651;36897;15093
1846;11 jaar;Totaal mannen en vrouwen;2010;153792;54484;13316;41168;16246;24922;38693;15791
1847;11 jaar;Totaal mannen en vrouwen;2011;154159;55638;12969;42669;16740;25929;39100;16538
1848;11 jaar;Totaal mannen en vrouwen;2012;159329;55308;12895;42413;16589;25824;38639;16669
1849;11 jaar;Totaal mannen en vrouwen;2013;158123;56392;12856;43536;17302;26234;39171;17221
1850;11 jaar;Totaal mannen en vrouwen;2014;155647;57381;12813;44568;18004;26564;39611;17770
1851;11 jaar;Totaal mannen en vrouwen;2015;152244;58259;12770;45489;18688;26801;39945;18314
1852;11 jaar;Totaal mannen en vrouwen;2016;148754;59060;12729;46331;19344;26987;40225;18835
1853;11 jaar;Totaal mannen en vrouwen;2017;145184;59845;12691;47154;19976;27178;40516;19329
1854;11 jaar;Totaal mannen en vrouwen;2018;141848;60531;12659;47872;20571;27301;40740;19791
1855;11 jaar;Totaal mannen en vrouwen;2019;138857;61113;12628;48485;21120;27365;40894;20219
1856;11 jaar;Totaal mannen en vrouwen;2020;136418;61627;12619;49008;21627;27381;41009;20618
1857;11 jaar;Totaal mannen en vrouwen;2021;134353;62055;12606;49449;22097;27352;41076;20979
1858;11 jaar;Totaal mannen en vrouwen;2022;132977;62398;12596;49802;22516;27286;41104;21294
1859;11 jaar;Totaal mannen en vrouwen;2023;132187;62670;12586;50084;22896;27188;41108;21562
1860;11 jaar;Totaal mannen en vrouwen;2024;131830;62889;12581;50308;23236;27072;41098;21791
1861;11 jaar;Totaal mannen en vrouwen;2025;131936;63045;12572;50473;23532;26941;41072;21973
1862;11 jaar;Totaal mannen en vrouwen;2026;132370;63150;12564;50586;23789;26797;41035;22115
1863;11 jaar;Totaal mannen en vrouwen;2027;133064;63210;12561;50649;24007;26642;40985;22225
1864;11 jaar;Totaal mannen en vrouwen;2028;133994;63237;12559;50678;24076;26602;40943;22294
1865;11 jaar;Totaal mannen en vrouwen;2029;135114;63227;12558;50669;24116;26553;40893;22334
1866;11 jaar;Totaal mannen en vrouwen;2030;136356;63190;12559;50631;24135;26496;40837;22353
1867;11 jaar;Totaal mannen en vrouwen;2031;137636;63126;12558;50568;24134;26434;40774;22352
1868;11 jaar;Totaal mannen en vrouwen;2032;138883;63046;12558;50488;24121;26367;40706;22340
1869;11 jaar;Totaal mannen en vrouwen;2033;140053;62965;12560;50405;24102;26303;40646;22319
1870;11 jaar;Totaal mannen en vrouwen;2034;141134;62882;12561;50321;24077;26244;40588;22294
1871;11 jaar;Totaal mannen en vrouwen;2035;142110;62808;12562;50246;24054;26192;40541;22267
1872;11 jaar;Totaal mannen en vrouwen;2036;142981;62738;12563;50175;24030;26145;40498;22240
1873;11 jaar;Totaal mannen en vrouwen;2037;143756;62670;12563;50107;24009;26098;40458;22212
1874;11 jaar;Totaal mannen en vrouwen;2038;144429;62607;12563;50044;23987;26057;40421;22186
1875;11 jaar;Totaal mannen en vrouwen;2039;145015;62558;12565;49993;23970;26023;40397;22161
1876;11 jaar;Totaal mannen en vrouwen;2040;145516;62503;12564;49939;23949;25990;40368;22135
1877;11 jaar;Totaal mannen en vrouwen;2041;145920;62460;12567;49893;23931;25962;40346;22114
1878;11 jaar;Totaal mannen en vrouwen;2042;146205;62417;12567;49850;23913;25937;40326;22091
1879;11 jaar;Totaal mannen en vrouwen;2043;146350;62374;12564;49810;23896;25914;40308;22066
1880;11 jaar;Totaal mannen en vrouwen;2044;146338;62338;12566;49772;23877;25895;40293;22045
1881;11 jaar;Totaal mannen en vrouwen;2045;146148;62309;12567;49742;23863;25879;40282;22027
1882;11 jaar;Totaal mannen en vrouwen;2046;145771;62280;12566;49714;23850;25864;40273;22007
1883;11 jaar;Totaal mannen en vrouwen;2047;145255;62249;12564;49685;23835;25850;40263;21986
1884;11 jaar;Totaal mannen en vrouwen;2048;144619;62238;12567;49671;23827;25844;40265;21973
1885;11 jaar;Totaal mannen en vrouwen;2049;143919;62219;12566;49653;23814;25839;40265;21954
1886;11 jaar;Totaal mannen en vrouwen;2050;143198;62207;12564;49643;23806;25837;40271;21936
1887;11 jaar;Mannen;2000;77745;20830;5487;15343;6449;8894;14264;6566
1888;11 jaar;Mannen;2001;78079;21534;5634;15900;6571;9329;14879;6655
1889;11 jaar;Mannen;2002;82162;22551;5705;16846;7001;9845;15643;6908
1890;11 jaar;Mannen;2003;81541;22941;5579;17362;7198;10164;15865;7076
1891;11 jaar;Mannen;2004;80261;23554;5772;17782;7156;10626;16669;6885
1892;11 jaar;Mannen;2005;79360;23582;5771;17811;7413;10398;16445;7137
1893;11 jaar;Mannen;2006;79423;24402;5798;18604;7469;11135;17193;7209
1894;11 jaar;Mannen;2007;76948;24572;5997;18575;7463;11112;17184;7388
1895;11 jaar;Mannen;2008;76653;25432;6332;19100;7544;11556;17802;7630
1896;11 jaar;Mannen;2009;76072;26450;6510;19940;7846;12094;18705;7745
1897;11 jaar;Mannen;2010;78644;27737;6643;21094;8328;12766;19617;8120
1898;11 jaar;Mannen;2011;79012;28424;6524;21900;8603;13297;19867;8557
1899;11 jaar;Mannen;2012;81500;28187;6473;21714;8493;13221;19661;8526
1900;11 jaar;Mannen;2013;80872;28744;6457;22287;8855;13432;19933;8811
1901;11 jaar;Mannen;2014;79612;29256;6437;22819;9220;13599;20157;9099
1902;11 jaar;Mannen;2015;77870;29707;6418;23289;9569;13720;20328;9379
1903;11 jaar;Mannen;2016;76084;30122;6399;23723;9907;13816;20472;9650
1904;11 jaar;Mannen;2017;74255;30526;6384;24142;10226;13916;20619;9907
1905;11 jaar;Mannen;2018;72548;30881;6369;24512;10533;13979;20733;10148
1906;11 jaar;Mannen;2019;71019;31186;6359;24827;10813;14014;20811;10375
1907;11 jaar;Mannen;2020;69773;31450;6356;25094;11072;14022;20867;10583
1908;11 jaar;Mannen;2021;68715;31672;6352;25320;11316;14004;20901;10771
1909;11 jaar;Mannen;2022;68008;31853;6351;25502;11531;13971;20915;10938
1910;11 jaar;Mannen;2023;67604;31994;6345;25649;11726;13923;20914;11080
1911;11 jaar;Mannen;2024;67425;32104;6342;25762;11898;13864;20907;11197
1912;11 jaar;Mannen;2025;67479;32189;6342;25847;12050;13797;20894;11295
1913;11 jaar;Mannen;2026;67697;32243;6338;25905;12181;13724;20874;11369
1914;11 jaar;Mannen;2027;68052;32274;6337;25937;12293;13644;20848;11426
1915;11 jaar;Mannen;2028;68530;32285;6334;25951;12329;13622;20823;11462
1916;11 jaar;Mannen;2029;69105;32285;6336;25949;12351;13598;20802;11483
1917;11 jaar;Mannen;2030;69746;32264;6334;25930;12362;13568;20771;11493
1918;11 jaar;Mannen;2031;70397;32234;6335;25899;12361;13538;20740;11494
1919;11 jaar;Mannen;2032;71040;32190;6334;25856;12353;13503;20704;11486
1920;11 jaar;Mannen;2033;71638;32151;6335;25816;12346;13470;20675;11476
1921;11 jaar;Mannen;2034;72191;32106;6336;25770;12330;13440;20644;11462
1922;11 jaar;Mannen;2035;72689;32067;6337;25730;12316;13414;20618;11449
1923;11 jaar;Mannen;2036;73137;32031;6335;25696;12309;13387;20596;11435
1924;11 jaar;Mannen;2037;73534;31997;6336;25661;12294;13367;20576;11421
1925;11 jaar;Mannen;2038;73879;31967;6336;25631;12286;13345;20558;11409
1926;11 jaar;Mannen;2039;74180;31940;6337;25603;12276;13327;20545;11395
1927;11 jaar;Mannen;2040;74435;31913;6338;25575;12264;13311;20530;11383
1928;11 jaar;Mannen;2041;74642;31889;6337;25552;12254;13298;20517;11372
1929;11 jaar;Mannen;2042;74789;31871;6338;25533;12247;13286;20510;11361
1930;11 jaar;Mannen;2043;74865;31845;6335;25510;12238;13272;20498;11347
1931;11 jaar;Mannen;2044;74859;31827;6337;25490;12228;13262;20491;11336
1932;11 jaar;Mannen;2045;74761;31811;6336;25475;12222;13253;20484;11327
1933;11 jaar;Mannen;2046;74568;31797;6335;25462;12215;13247;20480;11317
1934;11 jaar;Mannen;2047;74302;31782;6334;25448;12208;13240;20475;11307
1935;11 jaar;Mannen;2048;73980;31775;6335;25440;12203;13237;20475;11300
1936;11 jaar;Mannen;2049;73624;31764;6335;25429;12195;13234;20475;11289
1937;11 jaar;Mannen;2050;73252;31759;6335;25424;12191;13233;20479;11280
1938;11 jaar;Vrouwen;2000;74372;19882;5080;14802;6348;8454;13429;6453
1939;11 jaar;Vrouwen;2001;75479;20383;5268;15115;6275;8840;14009;6374
1940;11 jaar;Vrouwen;2002;77873;21659;5298;16361;6756;9605;15019;6640
1941;11 jaar;Vrouwen;2003;78207;21938;5397;16541;6869;9672;15193;6745
1942;11 jaar;Vrouwen;2004;76527;22394;5461;16933;6995;9938;15571;6823
1943;11 jaar;Vrouwen;2005;76133;22611;5559;17052;6957;10095;15877;6734
1944;11 jaar;Vrouwen;2006;75888;23390;5673;17717;7061;10656;16481;6909
1945;11 jaar;Vrouwen;2007;73666;23554;5830;17724;7150;10574;16499;7055
1946;11 jaar;Vrouwen;2008;72617;24211;6242;17969;7094;10875;17094;7117
1947;11 jaar;Vrouwen;2009;73244;25542;6547;18995;7440;11555;18195;7347
1948;11 jaar;Vrouwen;2010;75151;26744;6670;20074;7915;12159;19074;7670
1949;11 jaar;Vrouwen;2011;75149;27212;6444;20768;8136;12632;19231;7981
1950;11 jaar;Vrouwen;2012;77830;27121;6421;20700;8097;12603;18979;8142
1951;11 jaar;Vrouwen;2013;77250;27649;6398;21251;8448;12803;19240;8409
1952;11 jaar;Vrouwen;2014;76034;28126;6373;21753;8789;12964;19455;8671
1953;11 jaar;Vrouwen;2015;74374;28552;6351;22201;9121;13080;19618;8934
1954;11 jaar;Vrouwen;2016;72669;28939;6329;22610;9441;13169;19754;9185
1955;11 jaar;Vrouwen;2017;70932;29315;6306;23009;9747;13262;19895;9420
1956;11 jaar;Vrouwen;2018;69301;29649;6289;23360;10036;13324;20007;9642
1957;11 jaar;Vrouwen;2019;67836;29929;6271;23658;10305;13353;20086;9843
1958;11 jaar;Vrouwen;2020;66649;30173;6261;23912;10551;13361;20140;10033
1959;11 jaar;Vrouwen;2021;65640;30381;6253;24128;10782;13346;20176;10205
1960;11 jaar;Vrouwen;2022;64970;30544;6243;24301;10987;13314;20190;10354
1961;11 jaar;Vrouwen;2023;64582;30677;6239;24438;11174;13264;20194;10483
1962;11 jaar;Vrouwen;2024;64411;30779;6236;24543;11336;13207;20188;10591
1963;11 jaar;Vrouwen;2025;64459;30854;6231;24623;11479;13144;20177;10677
1964;11 jaar;Vrouwen;2026;64674;30906;6226;24680;11605;13075;20159;10747
1965;11 jaar;Vrouwen;2027;65010;30937;6224;24713;11716;12997;20138;10799
1966;11 jaar;Vrouwen;2028;65464;30952;6226;24726;11747;12979;20120;10832
1967;11 jaar;Vrouwen;2029;66007;30944;6224;24720;11766;12954;20092;10852
1968;11 jaar;Vrouwen;2030;66614;30922;6223;24699;11774;12925;20066;10856
1969;11 jaar;Vrouwen;2031;67240;30891;6223;24668;11774;12894;20034;10857
1970;11 jaar;Vrouwen;2032;67846;30853;6223;24630;11768;12862;20001;10852
1971;11 jaar;Vrouwen;2033;68413;30816;6224;24592;11759;12833;19973;10843
1972;11 jaar;Vrouwen;2034;68946;30773;6225;24548;11744;12804;19945;10828
1973;11 jaar;Vrouwen;2035;69421;30740;6226;24514;11735;12779;19924;10816
1974;11 jaar;Vrouwen;2036;69846;30705;6226;24479;11724;12755;19902;10803
1975;11 jaar;Vrouwen;2037;70222;30673;6227;24446;11714;12732;19884;10789
1976;11 jaar;Vrouwen;2038;70549;30641;6229;24412;11700;12712;19865;10776
1977;11 jaar;Vrouwen;2039;70836;30617;6229;24388;11691;12697;19851;10766
1978;11 jaar;Vrouwen;2040;71078;30592;6229;24363;11684;12679;19840;10752
1979;11 jaar;Vrouwen;2041;71279;30570;6230;24340;11672;12668;19828;10742
1980;11 jaar;Vrouwen;2042;71415;30547;6229;24318;11664;12654;19818;10729
1981;11 jaar;Vrouwen;2043;71486;30527;6229;24298;11655;12643;19809;10718
1982;11 jaar;Vrouwen;2044;71480;30511;6230;24281;11649;12632;19803;10708
1983;11 jaar;Vrouwen;2045;71390;30495;6230;24265;11642;12623;19797;10698
1984;11 jaar;Vrouwen;2046;71204;30482;6230;24252;11635;12617;19793;10689
1985;11 jaar;Vrouwen;2047;70952;30468;6229;24239;11626;12613;19788;10680
1986;11 jaar;Vrouwen;2048;70642;30460;6231;24229;11622;12607;19787;10673
1987;11 jaar;Vrouwen;2049;70298;30452;6230;24222;11617;12605;19788;10664
1988;11 jaar;Vrouwen;2050;69945;30449;6231;24218;11613;12605;19792;10657
1989;12 jaar;Totaal mannen en vrouwen;2000;154172;39515;11037;28478;12450;16028;26622;12893
1990;12 jaar;Totaal mannen en vrouwen;2001;152033;41540;11399;30141;12796;17345;28317;13223
1991;12 jaar;Totaal mannen en vrouwen;2002;153468;42726;11718;31008;12843;18165;29490;13236
1992;12 jaar;Totaal mannen en vrouwen;2003;159926;45018;11817;33201;13753;19448;31266;13752
1993;12 jaar;Totaal mannen en vrouwen;2004;159648;45684;11789;33895;14063;19832;31661;14023
1994;12 jaar;Totaal mannen en vrouwen;2005;156689;46750;12040;34710;14150;20560;32835;13915
1995;12 jaar;Totaal mannen en vrouwen;2006;155395;46980;12121;34859;14371;20488;32911;14069
1996;12 jaar;Totaal mannen en vrouwen;2007;155213;48570;12256;36314;14529;21785;34255;14315
1997;12 jaar;Totaal mannen en vrouwen;2008;150522;48890;12596;36294;14613;21681;34256;14634
1998;12 jaar;Totaal mannen en vrouwen;2009;149173;50390;13324;37066;14636;22430;35465;14925
1999;12 jaar;Totaal mannen en vrouwen;2010;149222;52722;13793;38929;15282;23647;37459;15263
2000;12 jaar;Totaal mannen en vrouwen;2011;153688;55201;14041;41160;16241;24919;39250;15951
2001;12 jaar;Totaal mannen en vrouwen;2012;154053;56366;13706;42660;16734;25926;39666;16700
2002;12 jaar;Totaal mannen en vrouwen;2013;159216;56038;13631;42407;16586;25821;39210;16828
2003;12 jaar;Totaal mannen en vrouwen;2014;158009;57125;13593;43532;17301;26231;39749;17376
2004;12 jaar;Totaal mannen en vrouwen;2015;155539;58112;13547;44565;18004;26561;40190;17922
2005;12 jaar;Totaal mannen en vrouwen;2016;152139;58989;13506;45483;18686;26797;40527;18462
2006;12 jaar;Totaal mannen en vrouwen;2017;148654;59790;13463;46327;19346;26981;40812;18978
2007;12 jaar;Totaal mannen en vrouwen;2018;145095;60568;13422;47146;19974;27172;41100;19468
2008;12 jaar;Totaal mannen en vrouwen;2019;141765;61256;13390;47866;20566;27300;41328;19928
2009;12 jaar;Totaal mannen en vrouwen;2020;138774;61843;13365;48478;21115;27363;41487;20356
2010;12 jaar;Totaal mannen en vrouwen;2021;136340;62355;13352;49003;21626;27377;41603;20752
2011;12 jaar;Totaal mannen en vrouwen;2022;134279;62783;13339;49444;22093;27351;41670;21113
2012;12 jaar;Totaal mannen en vrouwen;2023;132902;63128;13332;49796;22516;27280;41698;21430
2013;12 jaar;Totaal mannen en vrouwen;2024;132113;63401;13322;50079;22894;27185;41701;21700
2014;12 jaar;Totaal mannen en vrouwen;2025;131758;63616;13318;50298;23230;27068;41691;21925
2015;12 jaar;Totaal mannen en vrouwen;2026;131862;63777;13308;50469;23531;26938;41669;22108
2016;12 jaar;Totaal mannen en vrouwen;2027;132297;63880;13302;50578;23784;26794;41629;22251
2017;12 jaar;Totaal mannen en vrouwen;2028;132988;63941;13298;50643;24006;26637;41580;22361
2018;12 jaar;Totaal mannen en vrouwen;2029;133918;63969;13298;50671;24072;26599;41541;22428
2019;12 jaar;Totaal mannen en vrouwen;2030;135034;63960;13298;50662;24113;26549;41488;22472
2020;12 jaar;Totaal mannen en vrouwen;2031;136274;63922;13296;50626;24135;26491;41434;22488
2021;12 jaar;Totaal mannen en vrouwen;2032;137548;63862;13297;50565;24134;26431;41372;22490
2022;12 jaar;Totaal mannen en vrouwen;2033;138795;63778;13297;50481;24117;26364;41302;22476
2023;12 jaar;Totaal mannen en vrouwen;2034;139961;63699;13299;50400;24098;26302;41244;22455
2024;12 jaar;Totaal mannen en vrouwen;2035;141043;63613;13300;50313;24072;26241;41185;22428
2025;12 jaar;Totaal mannen en vrouwen;2036;142015;63541;13302;50239;24051;26188;41139;22402
2026;12 jaar;Totaal mannen en vrouwen;2037;142882;63474;13304;50170;24028;26142;41096;22378
2027;12 jaar;Totaal mannen en vrouwen;2038;143658;63402;13303;50099;24003;26096;41055;22347
2028;12 jaar;Totaal mannen en vrouwen;2039;144330;63340;13303;50037;23982;26055;41018;22322
2029;12 jaar;Totaal mannen en vrouwen;2040;144914;63291;13305;49986;23967;26019;40994;22297
2030;12 jaar;Totaal mannen en vrouwen;2041;145411;63238;13305;49933;23945;25988;40968;22270
2031;12 jaar;Totaal mannen en vrouwen;2042;145816;63195;13307;49888;23930;25958;40946;22249
2032;12 jaar;Totaal mannen en vrouwen;2043;146100;63152;13307;49845;23912;25933;40926;22226
2033;12 jaar;Totaal mannen en vrouwen;2044;146246;63110;13307;49803;23891;25912;40908;22202
2034;12 jaar;Totaal mannen en vrouwen;2045;146233;63074;13307;49767;23875;25892;40894;22180
2035;12 jaar;Totaal mannen en vrouwen;2046;146040;63046;13307;49739;23862;25877;40884;22162
2036;12 jaar;Totaal mannen en vrouwen;2047;145667;63015;13306;49709;23847;25862;40873;22142
2037;12 jaar;Totaal mannen en vrouwen;2048;145149;62987;13307;49680;23832;25848;40864;22123
2038;12 jaar;Totaal mannen en vrouwen;2049;144521;62969;13306;49663;23824;25839;40862;22107
2039;12 jaar;Totaal mannen en vrouwen;2050;143823;62952;13305;49647;23812;25835;40865;22087
2040;12 jaar;Mannen;2000;79123;20231;5745;14486;6365;8121;13589;6642
2041;12 jaar;Mannen;2001;77697;21249;5906;15343;6449;8894;14580;6669
2042;12 jaar;Mannen;2002;78031;21947;6050;15897;6571;9326;15185;6762
2043;12 jaar;Mannen;2003;82103;22962;6117;16845;7001;9844;15952;7010
2044;12 jaar;Mannen;2004;81488;23350;5992;17358;7196;10162;16172;7178
2045;12 jaar;Mannen;2005;80203;23968;6188;17780;7154;10626;16974;6994
2046;12 jaar;Mannen;2006;79306;23986;6176;17810;7414;10396;16746;7240
2047;12 jaar;Mannen;2007;79368;24803;6203;18600;7467;11133;17493;7310
2048;12 jaar;Mannen;2008;76895;24965;6392;18573;7464;11109;17478;7487
2049;12 jaar;Mannen;2009;76598;25815;6717;19098;7542;11556;18092;7723
2050;12 jaar;Mannen;2010;76021;26825;6889;19936;7845;12091;18990;7835
2051;12 jaar;Mannen;2011;78585;28109;7017;21092;8328;12764;19904;8205
2052;12 jaar;Mannen;2012;78954;28802;6905;21897;8600;13297;20159;8643
2053;12 jaar;Mannen;2013;81438;28567;6857;21710;8492;13218;19952;8615
2054;12 jaar;Mannen;2014;80811;29124;6839;22285;8855;13430;20226;8898
2055;12 jaar;Mannen;2015;79554;29635;6819;22816;9217;13599;20452;9183
2056;12 jaar;Mannen;2016;77813;30086;6801;23285;9566;13719;20624;9462
2057;12 jaar;Mannen;2017;76031;30498;6781;23717;9902;13815;20768;9730
2058;12 jaar;Mannen;2018;74208;30901;6762;24139;10225;13914;20915;9986
2059;12 jaar;Mannen;2019;72499;31261;6750;24511;10533;13978;21034;10227
2060;12 jaar;Mannen;2020;70974;31563;6739;24824;10812;14012;21111;10452
2061;12 jaar;Mannen;2021;69726;31830;6738;25092;11072;14020;21169;10661
2062;12 jaar;Mannen;2022;68671;32052;6734;25318;11314;14004;21203;10849
2063;12 jaar;Mannen;2023;67966;32232;6734;25498;11528;13970;21217;11015
2064;12 jaar;Mannen;2024;67563;32372;6727;25645;11723;13922;21215;11157
2065;12 jaar;Mannen;2025;67380;32485;6727;25758;11895;13863;21209;11276
2066;12 jaar;Mannen;2026;67439;32566;6722;25844;12047;13797;21196;11370
2067;12 jaar;Mannen;2027;67656;32621;6721;25900;12180;13720;21176;11445
2068;12 jaar;Mannen;2028;68008;32655;6720;25935;12293;13642;21153;11502
2069;12 jaar;Mannen;2029;68486;32667;6719;25948;12327;13621;21128;11539
2070;12 jaar;Mannen;2030;69062;32664;6718;25946;12349;13597;21103;11561
2071;12 jaar;Mannen;2031;69699;32644;6717;25927;12360;13567;21073;11571
2072;12 jaar;Mannen;2032;70350;32613;6717;25896;12359;13537;21043;11570
2073;12 jaar;Mannen;2033;70990;32571;6716;25855;12353;13502;21007;11564
2074;12 jaar;Mannen;2034;71589;32531;6718;25813;12344;13469;20978;11553
2075;12 jaar;Mannen;2035;72142;32484;6718;25766;12326;13440;20944;11540
2076;12 jaar;Mannen;2036;72635;32449;6719;25730;12318;13412;20922;11527
2077;12 jaar;Mannen;2037;73080;32415;6719;25696;12310;13386;20902;11513
2078;12 jaar;Mannen;2038;73478;32379;6720;25659;12293;13366;20881;11498
2079;12 jaar;Mannen;2039;73826;32345;6719;25626;12282;13344;20860;11485
2080;12 jaar;Mannen;2040;74124;32320;6720;25600;12274;13326;20847;11473
2081;12 jaar;Mannen;2041;74379;32293;6720;25573;12262;13311;20834;11459
2082;12 jaar;Mannen;2042;74582;32274;6723;25551;12254;13297;20825;11449
2083;12 jaar;Mannen;2043;74734;32249;6720;25529;12245;13284;20813;11436
2084;12 jaar;Mannen;2044;74807;32228;6721;25507;12237;13270;20804;11424
2085;12 jaar;Mannen;2045;74804;32206;6718;25488;12226;13262;20794;11412
2086;12 jaar;Mannen;2046;74703;32192;6719;25473;12221;13252;20789;11403
2087;12 jaar;Mannen;2047;74512;32176;6718;25458;12213;13245;20783;11393
2088;12 jaar;Mannen;2048;74245;32164;6719;25445;12208;13237;20780;11384
2089;12 jaar;Mannen;2049;73925;32156;6720;25436;12201;13235;20780;11376
2090;12 jaar;Mannen;2050;73569;32146;6719;25427;12194;13233;20780;11366
2091;12 jaar;Vrouwen;2000;75049;19284;5292;13992;6085;7907;13033;6251
2092;12 jaar;Vrouwen;2001;74332;20295;5493;14802;6348;8454;13739;6556
2093;12 jaar;Vrouwen;2002;75437;20779;5668;15111;6274;8837;14307;6472
2094;12 jaar;Vrouwen;2003;77818;22062;5702;16360;6756;9604;15320;6742
2095;12 jaar;Vrouwen;2004;78161;22333;5794;16539;6867;9672;15489;6844
2096;12 jaar;Vrouwen;2005;76484;22785;5854;16931;6995;9936;15863;6922
2097;12 jaar;Vrouwen;2006;76089;22994;5945;17049;6956;10093;16165;6829
2098;12 jaar;Vrouwen;2007;75841;23771;6057;17714;7059;10655;16766;7005
2099;12 jaar;Vrouwen;2008;73626;23925;6205;17720;7147;10573;16778;7147
2100;12 jaar;Vrouwen;2009;72578;24572;6605;17967;7093;10874;17370;7202
2101;12 jaar;Vrouwen;2010;73201;25897;6905;18992;7440;11552;18469;7428
2102;12 jaar;Vrouwen;2011;75103;27091;7023;20068;7912;12156;19345;7746
2103;12 jaar;Vrouwen;2012;75096;27568;6802;20766;8135;12631;19512;8056
2104;12 jaar;Vrouwen;2013;77778;27471;6774;20697;8094;12603;19256;8215
2105;12 jaar;Vrouwen;2014;77199;28000;6753;21247;8444;12803;19521;8479
2106;12 jaar;Vrouwen;2015;75985;28477;6728;21749;8786;12963;19737;8740
2107;12 jaar;Vrouwen;2016;74330;28899;6703;22196;9117;13079;19899;9000
2108;12 jaar;Vrouwen;2017;72629;29286;6679;22607;9439;13168;20037;9249
2109;12 jaar;Vrouwen;2018;70888;29666;6659;23007;9747;13260;20183;9483
2110;12 jaar;Vrouwen;2019;69263;29998;6642;23356;10034;13322;20295;9703
2111;12 jaar;Vrouwen;2020;67801;30279;6625;23654;10304;13350;20376;9903
2112;12 jaar;Vrouwen;2021;66613;30525;6616;23909;10548;13361;20434;10091
2113;12 jaar;Vrouwen;2022;65608;30732;6607;24125;10780;13345;20468;10264
2114;12 jaar;Vrouwen;2023;64938;30895;6598;24297;10986;13311;20481;10414
2115;12 jaar;Vrouwen;2024;64551;31028;6595;24433;11171;13262;20485;10543
2116;12 jaar;Vrouwen;2025;64376;31133;6592;24541;11334;13207;20481;10652
2117;12 jaar;Vrouwen;2026;64428;31206;6584;24622;11479;13143;20470;10736
2118;12 jaar;Vrouwen;2027;64642;31258;6581;24677;11605;13072;20452;10806
2119;12 jaar;Vrouwen;2028;64978;31288;6579;24709;11713;12996;20429;10859
2120;12 jaar;Vrouwen;2029;65431;31303;6581;24722;11745;12977;20410;10893
2121;12 jaar;Vrouwen;2030;65973;31295;6578;24717;11766;12951;20385;10910
2122;12 jaar;Vrouwen;2031;66576;31277;6579;24698;11774;12924;20359;10918
2123;12 jaar;Vrouwen;2032;67199;31248;6581;24667;11774;12893;20331;10917
2124;12 jaar;Vrouwen;2033;67802;31210;6582;24628;11767;12861;20297;10913
2125;12 jaar;Vrouwen;2034;68371;31169;6581;24588;11759;12829;20267;10902
2126;12 jaar;Vrouwen;2035;68902;31127;6582;24545;11746;12799;20238;10889
2127;12 jaar;Vrouwen;2036;69378;31093;6583;24510;11733;12777;20218;10875
2128;12 jaar;Vrouwen;2037;69800;31061;6585;24476;11723;12753;20198;10863
2129;12 jaar;Vrouwen;2038;70178;31026;6585;24441;11712;12729;20177;10849
2130;12 jaar;Vrouwen;2039;70504;30995;6584;24411;11701;12710;20159;10836
2131;12 jaar;Vrouwen;2040;70791;30970;6585;24385;11692;12693;20146;10824
2132;12 jaar;Vrouwen;2041;71032;30945;6585;24360;11683;12677;20133;10812
2133;12 jaar;Vrouwen;2042;71233;30922;6585;24337;11673;12664;20123;10799
2134;12 jaar;Vrouwen;2043;71367;30902;6586;24316;11665;12651;20113;10789
2135;12 jaar;Vrouwen;2044;71440;30881;6586;24295;11654;12641;20104;10777
2136;12 jaar;Vrouwen;2045;71432;30865;6586;24279;11647;12632;20097;10768
2137;12 jaar;Vrouwen;2046;71342;30849;6586;24263;11641;12622;20091;10758
2138;12 jaar;Vrouwen;2047;71158;30836;6586;24250;11634;12616;20087;10749
2139;12 jaar;Vrouwen;2048;70906;30821;6585;24236;11627;12609;20082;10739
2140;12 jaar;Vrouwen;2049;70596;30814;6587;24227;11621;12606;20082;10732
2141;12 jaar;Vrouwen;2050;70254;30805;6586;24219;11615;12604;20083;10722
2142;13 jaar;Totaal mannen en vrouwen;2000;153093;39173;11583;27590;12494;15096;26092;13081
2143;13 jaar;Totaal mannen en vrouwen;2001;154107;40341;11868;28473;12448;16025;27261;13080
2144;13 jaar;Totaal mannen en vrouwen;2002;151979;42349;12211;30138;12794;17344;28933;13416
2145;13 jaar;Totaal mannen en vrouwen;2003;153408;43528;12526;31002;12841;18161;30105;13423
2146;13 jaar;Totaal mannen en vrouwen;2004;159842;45819;12624;33195;13751;19444;31883;13936
2147;13 jaar;Totaal mannen en vrouwen;2005;159573;46477;12589;33888;14059;19829;32272;14205
2148;13 jaar;Totaal mannen en vrouwen;2006;156616;47536;12832;34704;14148;20556;33437;14099
2149;13 jaar;Totaal mannen en vrouwen;2007;155325;47751;12900;34851;14366;20485;33506;14245
2150;13 jaar;Totaal mannen en vrouwen;2008;155137;49338;13028;36310;14528;21782;34847;14491
2151;13 jaar;Totaal mannen en vrouwen;2009;150455;49641;13353;36288;14611;21677;34842;14799
2152;13 jaar;Totaal mannen en vrouwen;2010;149108;51121;14061;37060;14635;22425;36039;15082
2153;13 jaar;Totaal mannen en vrouwen;2011;149160;53442;14520;38922;15280;23642;38029;15413
2154;13 jaar;Totaal mannen en vrouwen;2012;153610;55913;14759;41154;16236;24918;39821;16092
2155;13 jaar;Totaal mannen en vrouwen;2013;153973;57087;14431;42656;16733;25923;40247;16840
2156;13 jaar;Totaal mannen en vrouwen;2014;159134;56759;14357;42402;16583;25819;39790;16969
2157;13 jaar;Totaal mannen en vrouwen;2015;157929;57844;14319;43525;17298;26227;40333;17511
2158;13 jaar;Totaal mannen en vrouwen;2016;155458;58833;14274;44559;18000;26559;40781;18052
2159;13 jaar;Totaal mannen en vrouwen;2017;152065;59706;14230;45476;18681;26795;41117;18589
2160;13 jaar;Totaal mannen en vrouwen;2018;148587;60506;14187;46319;19340;26979;41403;19103
2161;13 jaar;Totaal mannen en vrouwen;2019;145028;61286;14147;47139;19970;27169;41697;19589
2162;13 jaar;Totaal mannen en vrouwen;2020;141706;61972;14114;47858;20563;27295;41925;20047
2163;13 jaar;Totaal mannen en vrouwen;2021;138720;62560;14087;48473;21114;27359;42087;20473
2164;13 jaar;Totaal mannen en vrouwen;2022;136291;63070;14076;48994;21621;27373;42202;20868
2165;13 jaar;Totaal mannen en vrouwen;2023;134231;63499;14063;49436;22091;27345;42269;21230
2166;13 jaar;Totaal mannen en vrouwen;2024;132854;63845;14056;49789;22513;27276;42298;21547
2167;13 jaar;Totaal mannen en vrouwen;2025;132064;64121;14047;50074;22893;27181;42303;21818
2168;13 jaar;Totaal mannen en vrouwen;2026;131711;64336;14043;50293;23227;27066;42293;22043
2169;13 jaar;Totaal mannen en vrouwen;2027;131820;64492;14033;50459;23524;26935;42265;22227
2170;13 jaar;Totaal mannen en vrouwen;2028;132247;64602;14031;50571;23779;26792;42232;22370
2171;13 jaar;Totaal mannen en vrouwen;2029;132934;64665;14027;50638;24004;26634;42184;22481
2172;13 jaar;Totaal mannen en vrouwen;2030;133869;64690;14026;50664;24069;26595;42142;22548
2173;13 jaar;Totaal mannen en vrouwen;2031;134980;64684;14025;50659;24112;26547;42094;22590
2174;13 jaar;Totaal mannen en vrouwen;2032;136219;64644;14025;50619;24130;26489;42036;22608
2175;13 jaar;Totaal mannen en vrouwen;2033;137496;64581;14025;50556;24129;26427;41974;22607
2176;13 jaar;Totaal mannen en vrouwen;2034;138733;64499;14025;50474;24114;26360;41907;22592
2177;13 jaar;Totaal mannen en vrouwen;2035;139900;64420;14026;50394;24096;26298;41846;22574
2178;13 jaar;Totaal mannen en vrouwen;2036;140977;64337;14031;50306;24069;26237;41790;22547
2179;13 jaar;Totaal mannen en vrouwen;2037;141947;64265;14032;50233;24049;26184;41745;22520
2180;13 jaar;Totaal mannen en vrouwen;2038;142814;64197;14032;50165;24029;26136;41701;22496
2181;13 jaar;Totaal mannen en vrouwen;2039;143587;64129;14034;50095;24003;26092;41664;22465
2182;13 jaar;Totaal mannen en vrouwen;2040;144255;64067;14033;50034;23983;26051;41627;22440
2183;13 jaar;Totaal mannen en vrouwen;2041;144842;64015;14035;49980;23963;26017;41601;22414
2184;13 jaar;Totaal mannen en vrouwen;2042;145337;63963;14035;49928;23942;25986;41575;22388
2185;13 jaar;Totaal mannen en vrouwen;2043;145747;63914;14034;49880;23923;25957;41549;22365
2186;13 jaar;Totaal mannen en vrouwen;2044;146027;63875;14036;49839;23907;25932;41532;22343
2187;13 jaar;Totaal mannen en vrouwen;2045;146174;63831;14035;49796;23885;25911;41514;22317
2188;13 jaar;Totaal mannen en vrouwen;2046;146158;63798;14035;49763;23874;25889;41501;22297
2189;13 jaar;Totaal mannen en vrouwen;2047;145972;63766;14035;49731;23857;25874;41487;22279
2190;13 jaar;Totaal mannen en vrouwen;2048;145596;63738;14036;49702;23844;25858;41478;22260
2191;13 jaar;Totaal mannen en vrouwen;2049;145079;63710;14036;49674;23829;25845;41469;22241
2192;13 jaar;Totaal mannen en vrouwen;2050;144451;63691;14034;49657;23820;25837;41468;22223
2193;13 jaar;Mannen;2000;77733;20123;6077;14046;6392;7654;13414;6709
2194;13 jaar;Mannen;2001;79083;20649;6163;14486;6365;8121;13911;6738
2195;13 jaar;Mannen;2002;77671;21655;6316;15339;6448;8891;14890;6765
2196;13 jaar;Mannen;2003;77997;22358;6462;15896;6570;9326;15499;6859
2197;13 jaar;Mannen;2004;82057;23369;6528;16841;6998;9843;16265;7104
2198;13 jaar;Mannen;2005;81447;23757;6402;17355;7194;10161;16486;7271
2199;13 jaar;Mannen;2006;80162;24368;6591;17777;7155;10622;17281;7087
2200;13 jaar;Mannen;2007;79270;24379;6573;17806;7411;10395;17050;7329
2201;13 jaar;Mannen;2008;79330;25195;6598;18597;7465;11132;17794;7401
2202;13 jaar;Mannen;2009;76860;25348;6779;18569;7463;11106;17776;7572
2203;13 jaar;Mannen;2010;76561;26190;7095;19095;7541;11554;18386;7804
2204;13 jaar;Mannen;2011;75985;27199;7266;19933;7843;12090;19285;7914
2205;13 jaar;Mannen;2012;78541;28478;7390;21088;8326;12762;20197;8281
2206;13 jaar;Mannen;2013;78912;29173;7279;21894;8599;13295;20455;8718
2207;13 jaar;Mannen;2014;81397;28938;7233;21705;8488;13217;20250;8688
2208;13 jaar;Mannen;2015;80766;29499;7217;22282;8855;13427;20527;8972
2209;13 jaar;Mannen;2016;79509;30010;7198;22812;9215;13597;20754;9256
2210;13 jaar;Mannen;2017;77772;30458;7176;23282;9566;13716;20924;9534
2211;13 jaar;Mannen;2018;75992;30873;7158;23715;9902;13813;21073;9800
2212;13 jaar;Mannen;2019;74168;31277;7140;24137;10225;13912;21222;10055
2213;13 jaar;Mannen;2020;72472;31627;7123;24504;10527;13977;21334;10293
2214;13 jaar;Mannen;2021;70945;31934;7114;24820;10811;14009;21415;10519
2215;13 jaar;Mannen;2022;69700;32201;7112;25089;11071;14018;21475;10726
2216;13 jaar;Mannen;2023;68642;32425;7109;25316;11313;14003;21508;10917
2217;13 jaar;Mannen;2024;67936;32606;7110;25496;11528;13968;21523;11083
2218;13 jaar;Mannen;2025;67532;32748;7106;25642;11721;13921;21523;11225
2219;13 jaar;Mannen;2026;67353;32858;7103;25755;11895;13860;21516;11342
2220;13 jaar;Mannen;2027;67410;32941;7100;25841;12050;13791;21503;11438
2221;13 jaar;Mannen;2028;67626;32997;7098;25899;12179;13720;21483;11514
2222;13 jaar;Mannen;2029;67978;33029;7098;25931;12292;13639;21459;11570
2223;13 jaar;Mannen;2030;68456;33043;7096;25947;12327;13620;21436;11607
2224;13 jaar;Mannen;2031;69032;33040;7096;25944;12348;13596;21411;11629
2225;13 jaar;Mannen;2032;69670;33018;7094;25924;12357;13567;21381;11637
2226;13 jaar;Mannen;2033;70321;32987;7094;25893;12358;13535;21350;11637
2227;13 jaar;Mannen;2034;70954;32947;7095;25852;12351;13501;21316;11631
2228;13 jaar;Mannen;2035;71556;32904;7096;25808;12340;13468;21284;11620
2229;13 jaar;Mannen;2036;72104;32861;7097;25764;12327;13437;21254;11607
2230;13 jaar;Mannen;2037;72601;32822;7097;25725;12316;13409;21229;11593
2231;13 jaar;Mannen;2038;73046;32786;7096;25690;12304;13386;21207;11579
2232;13 jaar;Mannen;2039;73443;32751;7097;25654;12290;13364;21187;11564
2233;13 jaar;Mannen;2040;73785;32722;7099;25623;12281;13342;21170;11552
2234;13 jaar;Mannen;2041;74084;32696;7100;25596;12271;13325;21157;11539
2235;13 jaar;Mannen;2042;74336;32670;7100;25570;12262;13308;21145;11525
2236;13 jaar;Mannen;2043;74544;32646;7100;25546;12254;13292;21131;11515
2237;13 jaar;Mannen;2044;74692;32626;7099;25527;12245;13282;21122;11504
2238;13 jaar;Mannen;2045;74767;32602;7099;25503;12233;13270;21113;11489
2239;13 jaar;Mannen;2046;74760;32584;7098;25486;12226;13260;21104;11480
2240;13 jaar;Mannen;2047;74661;32569;7098;25471;12219;13252;21099;11470
2241;13 jaar;Mannen;2048;74471;32553;7098;25455;12211;13244;21091;11462
2242;13 jaar;Mannen;2049;74206;32538;7098;25440;12203;13237;21089;11449
2243;13 jaar;Mannen;2050;73886;32530;7097;25433;12199;13234;21088;11442
2244;13 jaar;Vrouwen;2000;75360;19050;5506;13544;6102;7442;12678;6372
2245;13 jaar;Vrouwen;2001;75019;19697;5705;13992;6085;7907;13353;6344
2246;13 jaar;Vrouwen;2002;74311;20692;5894;14798;6347;8451;14040;6652
2247;13 jaar;Vrouwen;2003;75408;21173;6063;15110;6273;8837;14609;6564
2248;13 jaar;Vrouwen;2004;77784;22452;6096;16356;6753;9603;15617;6835
2249;13 jaar;Vrouwen;2005;78127;22719;6185;16534;6864;9670;15785;6934
2250;13 jaar;Vrouwen;2006;76451;23171;6243;16928;6993;9935;16159;7012
2251;13 jaar;Vrouwen;2007;76056;23370;6325;17045;6954;10091;16456;6914
2252;13 jaar;Vrouwen;2008;75808;24142;6430;17712;7059;10653;17052;7090
2253;13 jaar;Vrouwen;2009;73595;24292;6574;17718;7148;10570;17064;7228
2254;13 jaar;Vrouwen;2010;72549;24929;6963;17966;7096;10870;17651;7278
2255;13 jaar;Vrouwen;2011;73173;26245;7255;18990;7438;11552;18747;7498
2256;13 jaar;Vrouwen;2012;75067;27437;7370;20067;7912;12155;19624;7813
2257;13 jaar;Vrouwen;2013;75062;27913;7152;20761;8134;12627;19793;8120
2258;13 jaar;Vrouwen;2014;77743;27815;7123;20692;8092;12600;19537;8278
2259;13 jaar;Vrouwen;2015;77161;28347;7104;21243;8445;12798;19807;8540
2260;13 jaar;Vrouwen;2016;75950;28822;7077;21745;8783;12962;20024;8798
2261;13 jaar;Vrouwen;2017;74295;29246;7051;22195;9118;13077;20191;9055
2262;13 jaar;Vrouwen;2018;72598;29631;7028;22603;9437;13166;20330;9301
2263;13 jaar;Vrouwen;2019;70860;30008;7004;23004;9746;13258;20473;9535
2264;13 jaar;Vrouwen;2020;69236;30343;6988;23355;10037;13318;20588;9755
2265;13 jaar;Vrouwen;2021;67778;30623;6971;23652;10303;13349;20669;9954
2266;13 jaar;Vrouwen;2022;66594;30867;6964;23903;10547;13356;20725;10142
2267;13 jaar;Vrouwen;2023;65587;31076;6955;24121;10779;13342;20761;10315
2268;13 jaar;Vrouwen;2024;64916;31241;6946;24295;10987;13308;20777;10464
2269;13 jaar;Vrouwen;2025;64532;31373;6942;24431;11169;13262;20780;10593
2270;13 jaar;Vrouwen;2026;64359;31477;6940;24537;11332;13205;20775;10702
2271;13 jaar;Vrouwen;2027;64409;31551;6933;24618;11477;13141;20763;10788
2272;13 jaar;Vrouwen;2028;64620;31606;6931;24675;11605;13070;20747;10859
2273;13 jaar;Vrouwen;2029;64958;31634;6930;24704;11710;12994;20723;10911
2274;13 jaar;Vrouwen;2030;65410;31650;6932;24718;11741;12977;20707;10943
2275;13 jaar;Vrouwen;2031;65947;31645;6931;24714;11763;12951;20682;10963
2276;13 jaar;Vrouwen;2032;66551;31624;6931;24693;11771;12922;20656;10968
2277;13 jaar;Vrouwen;2033;67174;31595;6931;24664;11773;12891;20626;10969
2278;13 jaar;Vrouwen;2034;67778;31553;6931;24622;11764;12858;20592;10961
2279;13 jaar;Vrouwen;2035;68345;31515;6931;24584;11756;12828;20562;10953
2280;13 jaar;Vrouwen;2036;68873;31476;6933;24543;11744;12799;20536;10940
2281;13 jaar;Vrouwen;2037;69347;31442;6934;24508;11733;12775;20514;10928
2282;13 jaar;Vrouwen;2038;69772;31407;6935;24472;11720;12752;20492;10915
2283;13 jaar;Vrouwen;2039;70150;31372;6934;24438;11710;12728;20473;10899
2284;13 jaar;Vrouwen;2040;70472;31343;6936;24407;11698;12709;20456;10887
2285;13 jaar;Vrouwen;2041;70759;31318;6936;24382;11689;12693;20443;10875
2286;13 jaar;Vrouwen;2042;71001;31293;6936;24357;11680;12677;20429;10864
2287;13 jaar;Vrouwen;2043;71201;31270;6936;24334;11672;12662;20419;10851
2288;13 jaar;Vrouwen;2044;71334;31250;6937;24313;11663;12650;20410;10840
2289;13 jaar;Vrouwen;2045;71406;31230;6937;24293;11653;12640;20402;10828
2290;13 jaar;Vrouwen;2046;71399;31213;6937;24276;11646;12630;20394;10819
2291;13 jaar;Vrouwen;2047;71313;31195;6935;24260;11639;12621;20387;10808
2292;13 jaar;Vrouwen;2048;71130;31181;6936;24245;11630;12615;20382;10799
2293;13 jaar;Vrouwen;2049;70873;31172;6937;24235;11626;12609;20382;10790
2294;13 jaar;Vrouwen;2050;70563;31163;6938;24225;11620;12605;20381;10782
2295;14 jaar;Totaal mannen en vrouwen;2000;148163;38688;12350;26338;11831;14507;25831;12857
2296;14 jaar;Totaal mannen en vrouwen;2001;153057;40027;12442;27585;12492;15093;26766;13261
2297;14 jaar;Totaal mannen en vrouwen;2002;154070;41174;12707;28467;12444;16023;27909;13265
2298;14 jaar;Totaal mannen en vrouwen;2003;151953;43174;13044;30130;12790;17340;29575;13599
2299;14 jaar;Totaal mannen en vrouwen;2004;153373;44344;13348;30996;12837;18159;30744;13600
2300;14 jaar;Totaal mannen en vrouwen;2005;159793;46628;13440;33188;13750;19438;32517;14111
2301;14 jaar;Totaal mannen en vrouwen;2006;159523;47283;13398;33885;14059;19826;32906;14377
2302;14 jaar;Totaal mannen en vrouwen;2007;156569;48333;13634;34699;14145;20554;34062;14271
2303;14 jaar;Totaal mannen en vrouwen;2008;155281;48531;13686;34845;14365;20480;34122;14409
2304;14 jaar;Totaal mannen en vrouwen;2009;155088;50112;13809;36303;14525;21778;35458;14654
2305;14 jaar;Totaal mannen en vrouwen;2010;150415;50404;14122;36282;14607;21675;35448;14956
2306;14 jaar;Totaal mannen en vrouwen;2011;149069;51864;14809;37055;14633;22422;36638;15226
2307;14 jaar;Totaal mannen en vrouwen;2012;149117;54177;15260;38917;15279;23638;38628;15549
2308;14 jaar;Totaal mannen en vrouwen;2013;153560;56636;15488;41148;16236;24912;40416;16220
2309;14 jaar;Totaal mannen en vrouwen;2014;153928;57812;15164;42648;16732;25916;40850;16962
2310;14 jaar;Totaal mannen en vrouwen;2015;159081;57487;15095;42392;16578;25814;40395;17092
2311;14 jaar;Totaal mannen en vrouwen;2016;157873;58573;15055;43518;17294;26224;40940;17633
2312;14 jaar;Totaal mannen en vrouwen;2017;155409;59562;15010;44552;17998;26554;41391;18171
2313;14 jaar;Totaal mannen en vrouwen;2018;152024;60429;14962;45467;18678;26789;41727;18702
2314;14 jaar;Totaal mannen en vrouwen;2019;148547;61231;14921;46310;19336;26974;42018;19213
2315;14 jaar;Totaal mannen en vrouwen;2020;144993;62011;14880;47131;19967;27164;42313;19698
2316;14 jaar;Totaal mannen en vrouwen;2021;141676;62699;14848;47851;20560;27291;42543;20156
2317;14 jaar;Totaal mannen en vrouwen;2022;138696;63288;14824;48464;21109;27355;42705;20583
2318;14 jaar;Totaal mannen en vrouwen;2023;136269;63799;14812;48987;21617;27370;42822;20977
2319;14 jaar;Totaal mannen en vrouwen;2024;134207;64230;14801;49429;22088;27341;42890;21340
2320;14 jaar;Totaal mannen en vrouwen;2025;132836;64573;14794;49779;22507;27272;42919;21654
2321;14 jaar;Totaal mannen en vrouwen;2026;132047;64851;14788;50063;22885;27178;42924;21927
2322;14 jaar;Totaal mannen en vrouwen;2027;131689;65070;14784;50286;23223;27063;42916;22154
2323;14 jaar;Totaal mannen en vrouwen;2028;131797;65228;14776;50452;23523;26929;42893;22335
2324;14 jaar;Totaal mannen en vrouwen;2029;132228;65334;14770;50564;23776;26788;42855;22479
2325;14 jaar;Totaal mannen en vrouwen;2030;132913;65396;14768;50628;23998;26630;42806;22590
2326;14 jaar;Totaal mannen en vrouwen;2031;133843;65424;14767;50657;24067;26590;42766;22658
2327;14 jaar;Totaal mannen en vrouwen;2032;134956;65416;14767;50649;24109;26540;42716;22700
2328;14 jaar;Totaal mannen en vrouwen;2033;136190;65380;14769;50611;24124;26487;42662;22718
2329;14 jaar;Totaal mannen en vrouwen;2034;137464;65315;14768;50547;24123;26424;42600;22715
2330;14 jaar;Totaal mannen en vrouwen;2035;138700;65233;14768;50465;24110;26355;42531;22702
2331;14 jaar;Totaal mannen en vrouwen;2036;139865;65154;14770;50384;24091;26293;42471;22683
2332;14 jaar;Totaal mannen en vrouwen;2037;140939;65072;14774;50298;24065;26233;42415;22657
2333;14 jaar;Totaal mannen en vrouwen;2038;141909;64998;14773;50225;24044;26181;42368;22630
2334;14 jaar;Totaal mannen en vrouwen;2039;142775;64929;14775;50154;24021;26133;42325;22604
2335;14 jaar;Totaal mannen en vrouwen;2040;143547;64861;14775;50086;23998;26088;42286;22575
2336;14 jaar;Totaal mannen en vrouwen;2041;144214;64800;14776;50024;23976;26048;42252;22548
2337;14 jaar;Totaal mannen en vrouwen;2042;144799;64749;14778;49971;23958;26013;42226;22523
2338;14 jaar;Totaal mannen en vrouwen;2043;145292;64699;14779;49920;23940;25980;42202;22497
2339;14 jaar;Totaal mannen en vrouwen;2044;145700;64652;14778;49874;23922;25952;42177;22475
2340;14 jaar;Totaal mannen en vrouwen;2045;145980;64611;14780;49831;23902;25929;42159;22452
2341;14 jaar;Totaal mannen en vrouwen;2046;146123;64571;14780;49791;23886;25905;42143;22428
2342;14 jaar;Totaal mannen en vrouwen;2047;146116;64530;14778;49752;23866;25886;42124;22406
2343;14 jaar;Totaal mannen en vrouwen;2048;145925;64505;14780;49725;23855;25870;42116;22389
2344;14 jaar;Totaal mannen en vrouwen;2049;145553;64474;14779;49695;23841;25854;42106;22368
2345;14 jaar;Totaal mannen en vrouwen;2050;145035;64448;14778;49670;23826;25844;42100;22348
2346;14 jaar;Mannen;2000;75496;19813;6334;13479;6142;7337;13251;6562
2347;14 jaar;Mannen;2001;77710;20554;6508;14046;6392;7654;13757;6797
2348;14 jaar;Mannen;2002;79062;21071;6590;14481;6363;8118;14242;6829
2349;14 jaar;Mannen;2003;77651;22075;6737;15338;6447;8891;15222;6853
2350;14 jaar;Mannen;2004;77977;22773;6883;15890;6566;9324;15822;6951
2351;14 jaar;Mannen;2005;82030;23779;6943;16836;6995;9841;16589;7190
2352;14 jaar;Mannen;2006;81415;24171;6818;17353;7195;10158;16813;7358
2353;14 jaar;Mannen;2007;80135;24774;7000;17774;7152;10622;17599;7175
2354;14 jaar;Mannen;2008;79242;24781;6978;17803;7410;10393;17366;7415
2355;14 jaar;Mannen;2009;79300;25594;6999;18595;7466;11129;18111;7483
2356;14 jaar;Mannen;2010;76836;25740;7174;18566;7462;11104;18088;7652
2357;14 jaar;Mannen;2011;76535;26575;7482;19093;7541;11552;18695;7880
2358;14 jaar;Mannen;2012;75958;27579;7648;19931;7842;12089;19593;7986
2359;14 jaar;Mannen;2013;78516;28848;7765;21083;8325;12758;20501;8347
2360;14 jaar;Mannen;2014;78883;29549;7659;21890;8599;13291;20765;8784
2361;14 jaar;Mannen;2015;81362;29319;7615;21704;8489;13215;20563;8756
2362;14 jaar;Mannen;2016;80736;29874;7596;22278;8854;13424;20837;9037
2363;14 jaar;Mannen;2017;79481;30385;7579;22806;9213;13593;21065;9320
2364;14 jaar;Mannen;2018;77741;30839;7560;23279;9564;13715;21243;9596
2365;14 jaar;Mannen;2019;75963;31252;7541;23711;9901;13810;21387;9865
2366;14 jaar;Mannen;2020;74146;31654;7522;24132;10223;13909;21538;10116
2367;14 jaar;Mannen;2021;72449;32009;7507;24502;10528;13974;21654;10355
2368;14 jaar;Mannen;2022;70926;32315;7498;24817;10808;14009;21734;10581
2369;14 jaar;Mannen;2023;69681;32582;7497;25085;11069;14016;21793;10789
2370;14 jaar;Mannen;2024;68628;32801;7492;25309;11307;14002;21826;10975
2371;14 jaar;Mannen;2025;67924;32982;7492;25490;11525;13965;21839;11143
2372;14 jaar;Mannen;2026;67520;33126;7489;25637;11719;13918;21840;11286
2373;14 jaar;Mannen;2027;67337;33240;7487;25753;11896;13857;21836;11404
2374;14 jaar;Mannen;2028;67396;33322;7485;25837;12046;13791;21822;11500
2375;14 jaar;Mannen;2029;67610;33379;7483;25896;12177;13719;21804;11575
2376;14 jaar;Mannen;2030;67960;33413;7485;25928;12292;13636;21780;11633
2377;14 jaar;Mannen;2031;68438;33425;7483;25942;12325;13617;21757;11668
2378;14 jaar;Mannen;2032;69013;33424;7483;25941;12347;13594;21732;11692
2379;14 jaar;Mannen;2033;69650;33403;7481;25922;12359;13563;21702;11701
2380;14 jaar;Mannen;2034;70303;33368;7481;25887;12352;13535;21669;11699
2381;14 jaar;Mannen;2035;70935;33328;7480;25848;12349;13499;21635;11693
2382;14 jaar;Mannen;2036;71534;33287;7482;25805;12338;13467;21604;11683
2383;14 jaar;Mannen;2037;72079;33246;7483;25763;12328;13435;21576;11670
2384;14 jaar;Mannen;2038;72573;33208;7484;25724;12316;13408;21551;11657
2385;14 jaar;Mannen;2039;73019;33169;7483;25686;12302;13384;21528;11641
2386;14 jaar;Mannen;2040;73415;33135;7484;25651;12290;13361;21509;11626
2387;14 jaar;Mannen;2041;73758;33105;7484;25621;12282;13339;21492;11613
2388;14 jaar;Mannen;2042;74059;33076;7483;25593;12271;13322;21476;11600
2389;14 jaar;Mannen;2043;74313;33049;7483;25566;12261;13305;21462;11587
2390;14 jaar;Mannen;2044;74517;33028;7485;25543;12253;13290;21452;11576
2391;14 jaar;Mannen;2045;74665;33007;7484;25523;12244;13279;21442;11565
2392;14 jaar;Mannen;2046;74741;32983;7483;25500;12232;13268;21432;11551
2393;14 jaar;Mannen;2047;74731;32968;7485;25483;12226;13257;21426;11542
2394;14 jaar;Mannen;2048;74635;32950;7484;25466;12218;13248;21420;11530
2395;14 jaar;Mannen;2049;74444;32936;7484;25452;12209;13243;21414;11522
2396;14 jaar;Mannen;2050;74178;32922;7485;25437;12201;13236;21411;11511
2397;14 jaar;Vrouwen;2000;72667;18875;6016;12859;5689;7170;12580;6295
2398;14 jaar;Vrouwen;2001;75344;19476;5932;13544;6102;7442;13011;6465
2399;14 jaar;Vrouwen;2002;75008;20103;6116;13987;6083;7904;13668;6435
2400;14 jaar;Vrouwen;2003;74299;21102;6305;14797;6346;8451;14357;6745
2401;14 jaar;Vrouwen;2004;75396;21571;6465;15106;6270;8836;14920;6651
2402;14 jaar;Vrouwen;2005;77763;22850;6498;16352;6751;9601;15928;6922
2403;14 jaar;Vrouwen;2006;78109;23110;6579;16531;6862;9669;16092;7018
2404;14 jaar;Vrouwen;2007;76437;23556;6632;16924;6991;9933;16462;7094
2405;14 jaar;Vrouwen;2008;76039;23751;6708;17043;6954;10089;16757;6994
2406;14 jaar;Vrouwen;2009;75790;24516;6808;17708;7056;10652;17345;7171
2407;14 jaar;Vrouwen;2010;73584;24660;6945;17715;7146;10569;17356;7304
2408;14 jaar;Vrouwen;2011;72535;25289;7326;17963;7095;10868;17943;7346
2409;14 jaar;Vrouwen;2012;73157;26600;7612;18988;7438;11550;19037;7563
2410;14 jaar;Vrouwen;2013;75047;27785;7721;20064;7911;12153;19914;7871
2411;14 jaar;Vrouwen;2014;75048;28260;7505;20755;8131;12624;20083;8177
2412;14 jaar;Vrouwen;2015;77718;28169;7480;20689;8094;12595;19832;8337
2413;14 jaar;Vrouwen;2016;77138;28698;7458;21240;8442;12798;20103;8595
2414;14 jaar;Vrouwen;2017;75931;29174;7430;21744;8783;12961;20323;8851
2415;14 jaar;Vrouwen;2018;74278;29595;7405;22190;9115;13075;20487;9108
2416;14 jaar;Vrouwen;2019;72582;29981;7380;22601;9436;13165;20631;9350
2417;14 jaar;Vrouwen;2020;70845;30359;7360;22999;9744;13255;20776;9583
2418;14 jaar;Vrouwen;2021;69226;30691;7341;23350;10034;13316;20890;9801
2419;14 jaar;Vrouwen;2022;67767;30975;7326;23649;10301;13348;20974;10001
2420;14 jaar;Vrouwen;2023;66585;31219;7317;23902;10546;13356;21030;10189
2421;14 jaar;Vrouwen;2024;65583;31425;7308;24117;10776;13341;21064;10361
2422;14 jaar;Vrouwen;2025;64913;31590;7299;24291;10985;13306;21078;10512
2423;14 jaar;Vrouwen;2026;64529;31723;7297;24426;11166;13260;21082;10641
2424;14 jaar;Vrouwen;2027;64351;31831;7296;24535;11332;13203;21081;10750
2425;14 jaar;Vrouwen;2028;64401;31906;7291;24615;11476;13139;21069;10837
2426;14 jaar;Vrouwen;2029;64613;31960;7289;24671;11604;13067;21053;10907
2427;14 jaar;Vrouwen;2030;64950;31986;7286;24700;11708;12992;21027;10959
2428;14 jaar;Vrouwen;2031;65402;32002;7287;24715;11743;12972;21012;10990
2429;14 jaar;Vrouwen;2032;65940;31995;7286;24709;11761;12948;20985;11010
2430;14 jaar;Vrouwen;2033;66540;31977;7286;24691;11771;12920;20959;11018
2431;14 jaar;Vrouwen;2034;67159;31949;7288;24661;11772;12889;20931;11018
2432;14 jaar;Vrouwen;2035;67762;31908;7287;24621;11763;12858;20898;11010
2433;14 jaar;Vrouwen;2036;68332;31867;7287;24580;11753;12827;20868;10999
2434;14 jaar;Vrouwen;2037;68858;31828;7290;24538;11740;12798;20841;10987
2435;14 jaar;Vrouwen;2038;69333;31793;7289;24504;11731;12773;20819;10974
2436;14 jaar;Vrouwen;2039;69756;31759;7291;24468;11719;12749;20797;10962
2437;14 jaar;Vrouwen;2040;70130;31727;7292;24435;11707;12728;20779;10948
2438;14 jaar;Vrouwen;2041;70454;31697;7292;24405;11698;12707;20761;10936
2439;14 jaar;Vrouwen;2042;70743;31670;7292;24378;11688;12690;20748;10922
2440;14 jaar;Vrouwen;2043;70981;31648;7294;24354;11679;12675;20737;10911
2441;14 jaar;Vrouwen;2044;71179;31628;7296;24332;11671;12661;20728;10900
2442;14 jaar;Vrouwen;2045;71314;31606;7295;24311;11663;12648;20718;10888
2443;14 jaar;Vrouwen;2046;71387;31584;7294;24290;11654;12636;20709;10875
2444;14 jaar;Vrouwen;2047;71383;31565;7294;24271;11643;12628;20700;10865
2445;14 jaar;Vrouwen;2048;71293;31552;7293;24259;11640;12619;20696;10856
2446;14 jaar;Vrouwen;2049;71107;31540;7296;24244;11631;12613;20692;10848
2447;14 jaar;Vrouwen;2050;70853;31529;7297;24232;11627;12605;20691;10838
2448;15 jaar;Totaal mannen en vrouwen;2000;144772;38872;12913;25959;11818;14141;25956;12916
2449;15 jaar;Totaal mannen en vrouwen;2001;148155;39596;13263;26333;11829;14504;26555;13041
2450;15 jaar;Totaal mannen en vrouwen;2002;153048;40913;13335;27578;12488;15090;27465;13448
2451;15 jaar;Totaal mannen en vrouwen;2003;154057;42055;13595;28460;12441;16019;28604;13451
2452;15 jaar;Totaal mannen en vrouwen;2004;151948;44044;13920;30124;12787;17337;30263;13781
2453;15 jaar;Totaal mannen en vrouwen;2005;153362;45201;14213;30988;12835;18153;31422;13779
2454;15 jaar;Totaal mannen en vrouwen;2006;159761;47477;14295;33182;13747;19435;33193;14284
2455;15 jaar;Totaal mannen en vrouwen;2007;159501;48121;14243;33878;14058;19820;33575;14546
2456;15 jaar;Totaal mannen en vrouwen;2008;156551;49159;14468;34691;14141;20550;34719;14440
2457;15 jaar;Totaal mannen en vrouwen;2009;155261;49345;14507;34838;14361;20477;34775;14570
2458;15 jaar;Totaal mannen en vrouwen;2010;155067;50918;14623;36295;14520;21775;36105;14813
2459;15 jaar;Totaal mannen en vrouwen;2011;150403;51202;14927;36275;14606;21669;36094;15108
2460;15 jaar;Totaal mannen en vrouwen;2012;149060;52643;15596;37047;14631;22416;37277;15366
2461;15 jaar;Totaal mannen en vrouwen;2013;149105;54944;16036;38908;15274;23634;39264;15680
2462;15 jaar;Totaal mannen en vrouwen;2014;153538;57395;16256;41139;16234;24905;41053;16342
2463;15 jaar;Totaal mannen en vrouwen;2015;153907;58577;15936;42641;16728;25913;41494;17083
2464;15 jaar;Totaal mannen en vrouwen;2016;159055;58252;15866;42386;16578;25808;41040;17212
2465;15 jaar;Totaal mannen en vrouwen;2017;157848;59337;15827;43510;17293;26217;41589;17748
2466;15 jaar;Totaal mannen en vrouwen;2018;155388;60322;15780;44542;17993;26549;42039;18283
2467;15 jaar;Totaal mannen en vrouwen;2019;152007;61192;15733;45459;18676;26783;42379;18813
2468;15 jaar;Totaal mannen en vrouwen;2020;148535;61991;15688;46303;19334;26969;42669;19322
2469;15 jaar;Totaal mannen en vrouwen;2021;144982;62772;15651;47121;19962;27159;42966;19806
2470;15 jaar;Totaal mannen en vrouwen;2022;141669;63460;15619;47841;20556;27285;43198;20262
2471;15 jaar;Totaal mannen en vrouwen;2023;138691;64050;15596;48454;21105;27349;43361;20689
2472;15 jaar;Totaal mannen en vrouwen;2024;136266;64565;15588;48977;21613;27364;43480;21085
2473;15 jaar;Totaal mannen en vrouwen;2025;134213;64991;15575;49416;22081;27335;43545;21446
2474;15 jaar;Totaal mannen en vrouwen;2026;132837;65337;15568;49769;22503;27266;43574;21763
2475;15 jaar;Totaal mannen en vrouwen;2027;132052;65614;15562;50052;22881;27171;43580;22034
2476;15 jaar;Totaal mannen en vrouwen;2028;131697;65833;15559;50274;23219;27055;43571;22262
2477;15 jaar;Totaal mannen en vrouwen;2029;131803;65992;15552;50440;23514;26926;43548;22444
2478;15 jaar;Totaal mannen en vrouwen;2030;132230;66104;15549;50555;23774;26781;43516;22588
2479;15 jaar;Totaal mannen en vrouwen;2031;132917;66164;15548;50616;23990;26626;43467;22697
2480;15 jaar;Totaal mannen en vrouwen;2032;133844;66192;15547;50645;24058;26587;43425;22767
2481;15 jaar;Totaal mannen en vrouwen;2033;134951;66187;15548;50639;24104;26535;43378;22809
2482;15 jaar;Totaal mannen en vrouwen;2034;136187;66149;15547;50602;24121;26481;43324;22825
2483;15 jaar;Totaal mannen en vrouwen;2035;137456;66085;15547;50538;24119;26419;43259;22826
2484;15 jaar;Totaal mannen en vrouwen;2036;138689;66004;15548;50456;24105;26351;43192;22812
2485;15 jaar;Totaal mannen en vrouwen;2037;139854;65924;15549;50375;24087;26288;43134;22790
2486;15 jaar;Totaal mannen en vrouwen;2038;140928;65842;15551;50291;24062;26229;43078;22764
2487;15 jaar;Totaal mannen en vrouwen;2039;141897;65767;15552;50215;24038;26177;43031;22736
2488;15 jaar;Totaal mannen en vrouwen;2040;142760;65700;15554;50146;24017;26129;42990;22710
2489;15 jaar;Totaal mannen en vrouwen;2041;143532;65632;15555;50077;23993;26084;42949;22683
2490;15 jaar;Totaal mannen en vrouwen;2042;144197;65573;15559;50014;23972;26042;42916;22657
2491;15 jaar;Totaal mannen en vrouwen;2043;144782;65522;15558;49964;23957;26007;42890;22632
2492;15 jaar;Totaal mannen en vrouwen;2044;145277;65471;15560;49911;23934;25977;42865;22606
2493;15 jaar;Totaal mannen en vrouwen;2045;145683;65425;15559;49866;23917;25949;42841;22584
2494;15 jaar;Totaal mannen en vrouwen;2046;145965;65383;15561;49822;23900;25922;42822;22561
2495;15 jaar;Totaal mannen en vrouwen;2047;146111;65339;15559;49780;23878;25902;42803;22536
2496;15 jaar;Totaal mannen en vrouwen;2048;146097;65303;15560;49743;23863;25880;42789;22514
2497;15 jaar;Totaal mannen en vrouwen;2049;145911;65274;15559;49715;23852;25863;42778;22496
2498;15 jaar;Totaal mannen en vrouwen;2050;145536;65247;15559;49688;23838;25850;42770;22477
2499;15 jaar;Mannen;2000;74133;20044;6738;13306;6046;7260;13417;6627
2500;15 jaar;Mannen;2001;75487;20269;6795;13474;6140;7334;13615;6654
2501;15 jaar;Mannen;2002;77701;20999;6958;14041;6390;7651;14112;6887
2502;15 jaar;Mannen;2003;79047;21516;7040;14476;6359;8117;14593;6923
2503;15 jaar;Mannen;2004;77642;22515;7184;15331;6444;8887;15570;6945
2504;15 jaar;Mannen;2005;77964;23211;7324;15887;6566;9321;16169;7042
2505;15 jaar;Mannen;2006;82006;24209;7376;16833;6996;9837;16934;7275
2506;15 jaar;Mannen;2007;81397;24598;7249;17349;7194;10155;17157;7441
2507;15 jaar;Mannen;2008;80118;25196;7427;17769;7151;10618;17934;7262
2508;15 jaar;Mannen;2009;79225;25197;7398;17799;7409;10390;17702;7495
2509;15 jaar;Mannen;2010;79283;26006;7416;18590;7466;11124;18442;7564
2510;15 jaar;Mannen;2011;76823;26150;7587;18563;7460;11103;18419;7731
2511;15 jaar;Mannen;2012;76523;26976;7889;19087;7538;11549;19022;7954
2512;15 jaar;Mannen;2013;75950;27971;8049;19922;7836;12086;19917;8054
2513;15 jaar;Mannen;2014;78496;29243;8163;21080;8323;12757;20829;8414
2514;15 jaar;Mannen;2015;78865;29945;8058;21887;8597;13290;21096;8849
2515;15 jaar;Mannen;2016;81340;29716;8017;21699;8487;13212;20894;8822
2516;15 jaar;Mannen;2017;80715;30270;7995;22275;8855;13420;21170;9100
2517;15 jaar;Mannen;2018;79461;30781;7977;22804;9212;13592;21400;9381
2518;15 jaar;Mannen;2019;77729;31232;7958;23274;9562;13712;21573;9659
2519;15 jaar;Mannen;2020;75953;31643;7938;23705;9896;13809;21720;9923
2520;15 jaar;Mannen;2021;74139;32044;7921;24123;10217;13906;21869;10175
2521;15 jaar;Mannen;2022;72442;32401;7905;24496;10525;13971;21987;10414
2522;15 jaar;Mannen;2023;70916;32711;7899;24812;10809;14003;22070;10641
2523;15 jaar;Mannen;2024;69675;32978;7898;25080;11070;14010;22129;10849
2524;15 jaar;Mannen;2025;68621;33199;7895;25304;11307;13997;22163;11036
2525;15 jaar;Mannen;2026;67918;33379;7896;25483;11521;13962;22177;11202
2526;15 jaar;Mannen;2027;67518;33521;7891;25630;11719;13911;22177;11344
2527;15 jaar;Mannen;2028;67337;33634;7889;25745;11890;13855;22171;11463
2528;15 jaar;Mannen;2029;67392;33720;7888;25832;12044;13788;22160;11560
2529;15 jaar;Mannen;2030;67611;33773;7887;25886;12171;13715;22139;11634
2530;15 jaar;Mannen;2031;67961;33806;7885;25921;12288;13633;22114;11692
2531;15 jaar;Mannen;2032;68437;33819;7884;25935;12322;13613;22093;11726
2532;15 jaar;Mannen;2033;69009;33819;7885;25934;12345;13589;22068;11751
2533;15 jaar;Mannen;2034;69645;33799;7884;25915;12353;13562;22038;11761
2534;15 jaar;Mannen;2035;70293;33768;7885;25883;12354;13529;22008;11760
2535;15 jaar;Mannen;2036;70925;33727;7886;25841;12343;13498;21972;11755
2536;15 jaar;Mannen;2037;71520;33688;7888;25800;12337;13463;21945;11743
2537;15 jaar;Mannen;2038;72067;33645;7888;25757;12325;13432;21915;11730
2538;15 jaar;Mannen;2039;72563;33605;7887;25718;12313;13405;21890;11715
2539;15 jaar;Mannen;2040;73003;33571;7889;25682;12302;13380;21869;11702
2540;15 jaar;Mannen;2041;73400;33536;7889;25647;12288;13359;21849;11687
2541;15 jaar;Mannen;2042;73747;33501;7888;25613;12277;13336;21828;11673
2542;15 jaar;Mannen;2043;74044;33478;7890;25588;12268;13320;21816;11662
2543;15 jaar;Mannen;2044;74297;33452;7891;25561;12257;13304;21804;11648
2544;15 jaar;Mannen;2045;74505;33428;7889;25539;12250;13289;21791;11637
2545;15 jaar;Mannen;2046;74654;33404;7887;25517;12241;13276;21780;11624
2546;15 jaar;Mannen;2047;74726;33384;7888;25496;12230;13266;21773;11611
2547;15 jaar;Mannen;2048;74719;33365;7888;25477;12222;13255;21764;11601
2548;15 jaar;Mannen;2049;74619;33351;7889;25462;12216;13246;21758;11593
2549;15 jaar;Mannen;2050;74429;33336;7889;25447;12207;13240;21754;11582
2550;15 jaar;Vrouwen;2000;70639;18828;6175;12653;5772;6881;12539;6289
2551;15 jaar;Vrouwen;2001;72668;19328;6469;12859;5689;7170;12941;6387
2552;15 jaar;Vrouwen;2002;75345;19916;6377;13539;6100;7439;13354;6562
2553;15 jaar;Vrouwen;2003;75007;20542;6555;13987;6083;7904;14013;6529
2554;15 jaar;Vrouwen;2004;74304;21531;6739;14792;6342;8450;14693;6838
2555;15 jaar;Vrouwen;2005;75396;21992;6890;15102;6267;8835;15253;6739
2556;15 jaar;Vrouwen;2006;77756;23267;6917;16350;6751;9599;16258;7009
2557;15 jaar;Vrouwen;2007;78102;23525;6995;16530;6863;9667;16419;7106
2558;15 jaar;Vrouwen;2008;76432;23964;7041;16923;6992;9931;16786;7178
2559;15 jaar;Vrouwen;2009;76037;24147;7109;17038;6950;10088;17072;7075
2560;15 jaar;Vrouwen;2010;75783;24913;7208;17705;7057;10648;17662;7251
2561;15 jaar;Vrouwen;2011;73579;25053;7339;17714;7150;10564;17674;7379
2562;15 jaar;Vrouwen;2012;72538;25666;7707;17959;7092;10867;18255;7411
2563;15 jaar;Vrouwen;2013;73154;26973;7988;18985;7436;11549;19348;7625
2564;15 jaar;Vrouwen;2014;75042;28152;8092;20060;7907;12153;20223;7929
2565;15 jaar;Vrouwen;2015;75040;28634;7880;20754;8131;12623;20399;8235
2566;15 jaar;Vrouwen;2016;77714;28537;7851;20686;8092;12594;20147;8390
2567;15 jaar;Vrouwen;2017;77134;29066;7830;21236;8439;12797;20419;8647
2568;15 jaar;Vrouwen;2018;75925;29543;7804;21739;8782;12957;20641;8902
2569;15 jaar;Vrouwen;2019;74280;29958;7773;22185;9113;13072;20804;9154
2570;15 jaar;Vrouwen;2020;72582;30348;7753;22595;9433;13162;20949;9399
2571;15 jaar;Vrouwen;2021;70847;30724;7730;22994;9739;13255;21096;9628
2572;15 jaar;Vrouwen;2022;69225;31061;7713;23348;10033;13315;21212;9849
2573;15 jaar;Vrouwen;2023;67774;31340;7697;23643;10297;13346;21291;10049
2574;15 jaar;Vrouwen;2024;66592;31586;7688;23898;10546;13352;21350;10236
2575;15 jaar;Vrouwen;2025;65588;31796;7682;24114;10774;13340;21386;10410
2576;15 jaar;Vrouwen;2026;64917;31959;7674;24285;10981;13304;21401;10558
2577;15 jaar;Vrouwen;2027;64531;32096;7673;24423;11166;13257;21408;10688
2578;15 jaar;Vrouwen;2028;64359;32200;7672;24528;11327;13201;21403;10797
2579;15 jaar;Vrouwen;2029;64409;32275;7666;24609;11471;13138;21391;10884
2580;15 jaar;Vrouwen;2030;64623;32327;7662;24665;11599;13066;21373;10954
2581;15 jaar;Vrouwen;2031;64953;32361;7662;24699;11708;12991;21352;11009
2582;15 jaar;Vrouwen;2032;65408;32372;7662;24710;11740;12970;21333;11039
2583;15 jaar;Vrouwen;2033;65943;32367;7662;24705;11759;12946;21308;11059
2584;15 jaar;Vrouwen;2034;66545;32347;7661;24686;11768;12918;21282;11065
2585;15 jaar;Vrouwen;2035;67164;32317;7662;24655;11768;12887;21251;11066
2586;15 jaar;Vrouwen;2036;67766;32276;7661;24615;11759;12856;21219;11057
2587;15 jaar;Vrouwen;2037;68333;32237;7664;24573;11751;12822;21189;11048
2588;15 jaar;Vrouwen;2038;68858;32200;7665;24535;11740;12795;21163;11037
2589;15 jaar;Vrouwen;2039;69334;32162;7664;24498;11727;12771;21140;11022
2590;15 jaar;Vrouwen;2040;69755;32131;7667;24464;11717;12747;21122;11009
2591;15 jaar;Vrouwen;2041;70130;32098;7667;24431;11707;12724;21102;10996
2592;15 jaar;Vrouwen;2042;70453;32069;7669;24400;11695;12705;21085;10984
2593;15 jaar;Vrouwen;2043;70736;32046;7670;24376;11688;12688;21075;10971
2594;15 jaar;Vrouwen;2044;70978;32021;7671;24350;11677;12673;21063;10958
2595;15 jaar;Vrouwen;2045;71180;31995;7669;24326;11667;12659;21050;10945
2596;15 jaar;Vrouwen;2046;71314;31976;7670;24306;11660;12646;21040;10936
2597;15 jaar;Vrouwen;2047;71380;31959;7671;24288;11653;12635;21035;10924
2598;15 jaar;Vrouwen;2048;71378;31939;7671;24268;11641;12627;21024;10915
2599;15 jaar;Vrouwen;2049;71291;31924;7671;24253;11635;12618;21019;10905
2600;15 jaar;Vrouwen;2050;71106;31912;7671;24241;11630;12611;21016;10896
2601;16 jaar;Totaal mannen en vrouwen;2000;141036;38730;13371;25359;11387;13972;25878;12852
2602;16 jaar;Totaal mannen en vrouwen;2001;144808;40015;14061;25954;11816;14138;26884;13131
2603;16 jaar;Totaal mannen en vrouwen;2002;148188;40693;14370;26323;11823;14500;27432;13261
2604;16 jaar;Totaal mannen en vrouwen;2003;153068;42005;14434;27571;12485;15086;28336;13669
2605;16 jaar;Totaal mannen en vrouwen;2004;154078;43127;14675;28452;12437;16015;29459;13668
2606;16 jaar;Totaal mannen en vrouwen;2005;151980;45096;14982;30114;12784;17330;31101;13995
2607;16 jaar;Totaal mannen en vrouwen;2006;153377;46233;15252;30981;12834;18147;32244;13989
2608;16 jaar;Totaal mannen en vrouwen;2007;159770;48487;15313;33174;13742;19432;34001;14486
2609;16 jaar;Totaal mannen en vrouwen;2008;159505;49118;15249;33869;14052;19817;34373;14745
2610;16 jaar;Totaal mannen en vrouwen;2009;156559;50139;15457;34682;14139;20543;35503;14636
2611;16 jaar;Totaal mannen en vrouwen;2010;155272;50310;15478;34832;14361;20471;35550;14760
2612;16 jaar;Totaal mannen en vrouwen;2011;155072;51875;15588;36287;14518;21769;36872;15003
2613;16 jaar;Totaal mannen en vrouwen;2012;150421;52141;15876;36265;14603;21662;36854;15287
2614;16 jaar;Totaal mannen en vrouwen;2013;149075;53564;16525;37039;14628;22411;38031;15533
2615;16 jaar;Totaal mannen en vrouwen;2014;149121;55844;16945;38899;15271;23628;40009;15835
2616;16 jaar;Totaal mannen en vrouwen;2015;153545;58281;17152;41129;16229;24900;41792;16489
2617;16 jaar;Totaal mannen en vrouwen;2016;153916;59459;16830;42629;16723;25906;42234;17225
2618;16 jaar;Totaal mannen en vrouwen;2017;159056;59134;16758;42376;16575;25801;41778;17356
2619;16 jaar;Totaal mannen en vrouwen;2018;157853;60210;16710;43500;17289;26211;42325;17885
2620;16 jaar;Totaal mannen en vrouwen;2019;155393;61192;16660;44532;17988;26544;42774;18418
2621;16 jaar;Totaal mannen en vrouwen;2020;152015;62059;16608;45451;18673;26778;43111;18948
2622;16 jaar;Totaal mannen en vrouwen;2021;148551;62854;16562;46292;19328;26964;43400;19454
2623;16 jaar;Totaal mannen en vrouwen;2022;145000;63636;16525;47111;19959;27152;43698;19938
2624;16 jaar;Totaal mannen en vrouwen;2023;141694;64323;16492;47831;20550;27281;43928;20395
2625;16 jaar;Totaal mannen en vrouwen;2024;138715;64918;16473;48445;21100;27345;44096;20822
2626;16 jaar;Totaal mannen en vrouwen;2025;136297;65430;16465;48965;21609;27356;44213;21217
2627;16 jaar;Totaal mannen en vrouwen;2026;134244;65860;16454;49406;22078;27328;44282;21578
2628;16 jaar;Totaal mannen en vrouwen;2027;132868;66206;16448;49758;22497;27261;44312;21894
2629;16 jaar;Totaal mannen en vrouwen;2028;132085;66481;16440;50041;22876;27165;44314;22167
2630;16 jaar;Totaal mannen en vrouwen;2029;131730;66703;16439;50264;23213;27051;44308;22395
2631;16 jaar;Totaal mannen en vrouwen;2030;131835;66864;16433;50431;23511;26920;44286;22578
2632;16 jaar;Totaal mannen en vrouwen;2031;132265;66972;16430;50542;23767;26775;44249;22723
2633;16 jaar;Totaal mannen en vrouwen;2032;132947;67037;16428;50609;23989;26620;44204;22833
2634;16 jaar;Totaal mannen en vrouwen;2033;133875;67064;16429;50635;24058;26577;44164;22900
2635;16 jaar;Totaal mannen en vrouwen;2034;134979;67060;16430;50630;24099;26531;44116;22944
2636;16 jaar;Totaal mannen en vrouwen;2035;136215;67020;16430;50590;24115;26475;44061;22959
2637;16 jaar;Totaal mannen en vrouwen;2036;137480;66957;16430;50527;24116;26411;43997;22960
2638;16 jaar;Totaal mannen en vrouwen;2037;138715;66874;16430;50444;24099;26345;43930;22944
2639;16 jaar;Totaal mannen en vrouwen;2038;139876;66795;16432;50363;24080;26283;43871;22924
2640;16 jaar;Totaal mannen en vrouwen;2039;140947;66715;16437;50278;24055;26223;43816;22899
2641;16 jaar;Totaal mannen en vrouwen;2040;141914;66643;16438;50205;24035;26170;43772;22871
2642;16 jaar;Totaal mannen en vrouwen;2041;142778;66571;16438;50133;24011;26122;43727;22844
2643;16 jaar;Totaal mannen en vrouwen;2042;143548;66505;16439;50066;23989;26077;43691;22814
2644;16 jaar;Totaal mannen en vrouwen;2043;144212;66447;16441;50006;23969;26037;43655;22792
2645;16 jaar;Totaal mannen en vrouwen;2044;144799;66395;16441;49954;23951;26003;43630;22765
2646;16 jaar;Totaal mannen en vrouwen;2045;145295;66343;16442;49901;23929;25972;43604;22739
2647;16 jaar;Totaal mannen en vrouwen;2046;145696;66300;16443;49857;23916;25941;43582;22718
2648;16 jaar;Totaal mannen en vrouwen;2047;145978;66258;16443;49815;23896;25919;43565;22693
2649;16 jaar;Totaal mannen en vrouwen;2048;146124;66215;16443;49772;23876;25896;43547;22668
2650;16 jaar;Totaal mannen en vrouwen;2049;146108;66178;16444;49734;23858;25876;43530;22648
2651;16 jaar;Totaal mannen en vrouwen;2050;145925;66148;16443;49705;23846;25859;43520;22628
2652;16 jaar;Mannen;2000;72094;20069;7173;12896;5815;7081;13515;6554
2653;16 jaar;Mannen;2001;74149;20640;7339;13301;6044;7257;13912;6728
2654;16 jaar;Mannen;2002;75495;20852;7381;13471;6137;7334;14093;6759
2655;16 jaar;Mannen;2003;77709;21568;7534;14034;6386;7648;14580;6988
2656;16 jaar;Mannen;2004;79050;22079;7608;14471;6357;8114;15054;7025
2657;16 jaar;Mannen;2005;77655;23062;7737;15325;6440;8885;16019;7043
2658;16 jaar;Mannen;2006;77965;23748;7867;15881;6562;9319;16608;7140
2659;16 jaar;Mannen;2007;82002;24732;7905;16827;6993;9834;17365;7367
2660;16 jaar;Mannen;2008;81393;25114;7772;17342;7191;10151;17580;7534
2661;16 jaar;Mannen;2009;80115;25700;7936;17764;7149;10615;18347;7353
2662;16 jaar;Mannen;2010;79222;25693;7898;17795;7408;10387;18110;7583
2663;16 jaar;Mannen;2011;79281;26497;7914;18583;7461;11122;18843;7654
2664;16 jaar;Mannen;2012;76825;26630;8074;18556;7456;11100;18814;7816
2665;16 jaar;Mannen;2013;76523;27444;8363;19081;7534;11547;19411;8033
2666;16 jaar;Mannen;2014;75949;28431;8514;19917;7834;12083;20300;8131
2667;16 jaar;Mannen;2015;78493;29690;8616;21074;8322;12752;21205;8485
2668;16 jaar;Mannen;2016;78862;30389;8510;21879;8594;13285;21471;8918
2669;16 jaar;Mannen;2017;81335;30157;8464;21693;8486;13207;21264;8893
2670;16 jaar;Mannen;2018;80712;30704;8439;22265;8849;13416;21536;9168
2671;16 jaar;Mannen;2019;79458;31212;8415;22797;9211;13586;21764;9448
2672;16 jaar;Mannen;2020;77728;31658;8392;23266;9557;13709;21934;9724
2673;16 jaar;Mannen;2021;75954;32068;8369;23699;9896;13803;22079;9989
2674;16 jaar;Mannen;2022;74139;32473;8354;24119;10218;13901;22231;10242
2675;16 jaar;Mannen;2023;72444;32829;8340;24489;10523;13966;22348;10481
2676;16 jaar;Mannen;2024;70923;33135;8333;24802;10802;14000;22428;10707
2677;16 jaar;Mannen;2025;69683;33404;8332;25072;11064;14008;22490;10914
2678;16 jaar;Mannen;2026;68630;33626;8330;25296;11301;13995;22523;11103
2679;16 jaar;Mannen;2027;67928;33806;8329;25477;11520;13957;22538;11268
2680;16 jaar;Mannen;2028;67527;33949;8326;25623;11715;13908;22538;11411
2681;16 jaar;Mannen;2029;67348;34062;8324;25738;11886;13852;22532;11530
2682;16 jaar;Mannen;2030;67402;34149;8326;25823;12038;13785;22522;11627
2683;16 jaar;Mannen;2031;67619;34204;8324;25880;12169;13711;22504;11700
2684;16 jaar;Mannen;2032;67969;34237;8324;25913;12283;13630;22479;11758
2685;16 jaar;Mannen;2033;68446;34249;8322;25927;12315;13612;22455;11794
2686;16 jaar;Mannen;2034;69015;34249;8323;25926;12339;13587;22431;11818
2687;16 jaar;Mannen;2035;69647;34233;8322;25911;12353;13558;22406;11827
2688;16 jaar;Mannen;2036;70297;34198;8322;25876;12348;13528;22372;11826
2689;16 jaar;Mannen;2037;70928;34158;8323;25835;12344;13491;22338;11820
2690;16 jaar;Mannen;2038;71524;34116;8323;25793;12333;13460;22306;11810
2691;16 jaar;Mannen;2039;72069;34075;8326;25749;12321;13428;22278;11797
2692;16 jaar;Mannen;2040;72564;34036;8326;25710;12309;13401;22253;11783
2693;16 jaar;Mannen;2041;73007;33999;8324;25675;12298;13377;22232;11767
2694;16 jaar;Mannen;2042;73405;33964;8326;25638;12283;13355;22211;11753
2695;16 jaar;Mannen;2043;73747;33933;8326;25607;12274;13333;22193;11740
2696;16 jaar;Mannen;2044;74046;33907;8325;25582;12263;13319;22181;11726
2697;16 jaar;Mannen;2045;74302;33881;8326;25555;12254;13301;22167;11714
2698;16 jaar;Mannen;2046;74506;33859;8327;25532;12247;13285;22156;11703
2699;16 jaar;Mannen;2047;74655;33836;8326;25510;12238;13272;22145;11691
2700;16 jaar;Mannen;2048;74730;33813;8325;25488;12227;13261;22136;11677
2701;16 jaar;Mannen;2049;74717;33797;8326;25471;12218;13253;22129;11668
2702;16 jaar;Mannen;2050;74620;33781;8326;25455;12212;13243;22124;11657
2703;16 jaar;Vrouwen;2000;68942;18661;6198;12463;5572;6891;12363;6298
2704;16 jaar;Vrouwen;2001;70659;19375;6722;12653;5772;6881;12972;6403
2705;16 jaar;Vrouwen;2002;72692;19842;6988;12854;5687;7167;13340;6502
2706;16 jaar;Vrouwen;2003;75357;20439;6900;13539;6100;7439;13756;6683
2707;16 jaar;Vrouwen;2004;75025;21052;7071;13981;6079;7902;14406;6646
2708;16 jaar;Vrouwen;2005;74325;22034;7245;14789;6342;8447;15083;6951
2709;16 jaar;Vrouwen;2006;75413;22485;7384;15101;6269;8832;15637;6848
2710;16 jaar;Vrouwen;2007;77766;23757;7409;16348;6750;9598;16639;7118
2711;16 jaar;Vrouwen;2008;78112;24005;7479;16526;6861;9665;16795;7210
2712;16 jaar;Vrouwen;2009;76446;24437;7519;16918;6989;9929;17155;7282
2713;16 jaar;Vrouwen;2010;76051;24616;7580;17036;6950;10086;17440;7176
2714;16 jaar;Vrouwen;2011;75794;25376;7674;17702;7058;10644;18026;7350
2715;16 jaar;Vrouwen;2012;73600;25506;7798;17708;7144;10564;18037;7469
2716;16 jaar;Vrouwen;2013;72555;26117;8160;17957;7092;10865;18620;7497
2717;16 jaar;Vrouwen;2014;73172;27412;8431;18981;7436;11545;19707;7705
2718;16 jaar;Vrouwen;2015;75054;28589;8532;20057;7908;12149;20585;8004
2719;16 jaar;Vrouwen;2016;75054;29070;8320;20750;8130;12620;20764;8306
2720;16 jaar;Vrouwen;2017;77722;28976;8293;20683;8091;12592;20514;8462
2721;16 jaar;Vrouwen;2018;77143;29504;8270;21234;8440;12794;20786;8718
2722;16 jaar;Vrouwen;2019;75937;29978;8242;21736;8780;12956;21009;8969
2723;16 jaar;Vrouwen;2020;74290;30398;8216;22182;9112;13070;21176;9222
2724;16 jaar;Vrouwen;2021;72597;30785;8191;22594;9436;13158;21320;9465
2725;16 jaar;Vrouwen;2022;70864;31160;8170;22990;9738;13252;21464;9696
2726;16 jaar;Vrouwen;2023;69249;31496;8154;23342;10031;13311;21581;9915
2727;16 jaar;Vrouwen;2024;67798;31777;8138;23639;10294;13345;21663;10114
2728;16 jaar;Vrouwen;2025;66616;32024;8130;23894;10545;13349;21721;10303
2729;16 jaar;Vrouwen;2026;65612;32235;8124;24111;10776;13335;21758;10477
2730;16 jaar;Vrouwen;2027;64941;32399;8118;24281;10979;13302;21773;10626
2731;16 jaar;Vrouwen;2028;64555;32535;8116;24419;11165;13254;21779;10756
2732;16 jaar;Vrouwen;2029;64383;32640;8115;24525;11327;13198;21775;10865
2733;16 jaar;Vrouwen;2030;64431;32718;8110;24608;11474;13134;21767;10951
2734;16 jaar;Vrouwen;2031;64646;32768;8107;24661;11597;13064;21746;11022
2735;16 jaar;Vrouwen;2032;64979;32800;8106;24694;11705;12989;21727;11073
2736;16 jaar;Vrouwen;2033;65431;32813;8107;24706;11738;12968;21707;11106
2737;16 jaar;Vrouwen;2034;65966;32809;8106;24703;11757;12946;21683;11126
2738;16 jaar;Vrouwen;2035;66566;32789;8106;24683;11767;12916;21656;11133
2739;16 jaar;Vrouwen;2036;67184;32758;8108;24650;11765;12885;21625;11133
2740;16 jaar;Vrouwen;2037;67786;32718;8109;24609;11756;12853;21593;11125
2741;16 jaar;Vrouwen;2038;68352;32679;8109;24570;11748;12822;21565;11114
2742;16 jaar;Vrouwen;2039;68876;32642;8111;24531;11737;12794;21539;11103
2743;16 jaar;Vrouwen;2040;69349;32607;8113;24494;11724;12770;21517;11090
2744;16 jaar;Vrouwen;2041;69767;32576;8115;24461;11717;12744;21497;11079
2745;16 jaar;Vrouwen;2042;70142;32542;8115;24427;11704;12723;21477;11065
2746;16 jaar;Vrouwen;2043;70470;32509;8113;24396;11694;12702;21460;11049
2747;16 jaar;Vrouwen;2044;70757;32484;8114;24370;11684;12686;21448;11036
2748;16 jaar;Vrouwen;2045;70997;32458;8114;24344;11675;12669;21434;11024
2749;16 jaar;Vrouwen;2046;71194;32437;8115;24322;11666;12656;21422;11015
2750;16 jaar;Vrouwen;2047;71329;32417;8116;24301;11656;12645;21414;11003
2751;16 jaar;Vrouwen;2048;71398;32398;8118;24280;11648;12632;21406;10992
2752;16 jaar;Vrouwen;2049;71391;32381;8117;24264;11640;12624;21401;10980
2753;16 jaar;Vrouwen;2050;71303;32369;8118;24251;11636;12615;21397;10972
2754;17 jaar;Totaal mannen en vrouwen;2000;142856;39589;14489;25100;11501;13599;26337;13252
2755;17 jaar;Totaal mannen en vrouwen;2001;141108;40225;14871;25354;11385;13969;27080;13145
2756;17 jaar;Totaal mannen en vrouwen;2002;144883;41427;15484;25943;11809;14134;28003;13424
2757;17 jaar;Totaal mannen en vrouwen;2003;148256;42088;15772;26316;11819;14497;28534;13554
2758;17 jaar;Totaal mannen en vrouwen;2004;153129;43370;15809;27561;12481;15080;29411;13959
2759;17 jaar;Totaal mannen en vrouwen;2005;154132;44468;16024;28444;12436;16008;30510;13958
2760;17 jaar;Totaal mannen en vrouwen;2006;152038;46408;16302;30106;12782;17324;32129;14279
2761;17 jaar;Totaal mannen en vrouwen;2007;153431;47508;16537;30971;12828;18143;33245;14263
2762;17 jaar;Totaal mannen en vrouwen;2008;159801;49740;16575;33165;13739;19426;34985;14755
2763;17 jaar;Totaal mannen en vrouwen;2009;159541;50347;16490;33857;14048;19809;35338;15009
2764;17 jaar;Totaal mannen en vrouwen;2010;156598;51349;16676;34673;14137;20536;36448;14901
2765;17 jaar;Totaal mannen en vrouwen;2011;155315;51494;16675;34819;14354;20465;36482;15012
2766;17 jaar;Totaal mannen en vrouwen;2012;155110;53048;16773;36275;14515;21760;37795;15253
2767;17 jaar;Totaal mannen en vrouwen;2013;150466;53289;17035;36254;14599;21655;37764;15525
2768;17 jaar;Totaal mannen en vrouwen;2014;149127;54684;17657;37027;14624;22403;38927;15757
2769;17 jaar;Totaal mannen en vrouwen;2015;149162;56947;18058;38889;15269;23620;40895;16052
2770;17 jaar;Totaal mannen en vrouwen;2016;153581;59360;18243;41117;16226;24891;42665;16695
2771;17 jaar;Totaal mannen en vrouwen;2017;153952;60533;17918;42615;16718;25897;43108;17425
2772;17 jaar;Totaal mannen en vrouwen;2018;159087;60196;17832;42364;16571;25793;42643;17553
2773;17 jaar;Totaal mannen en vrouwen;2019;157883;61262;17775;43487;17281;26206;43182;18080
2774;17 jaar;Totaal mannen en vrouwen;2020;155427;62236;17716;44520;17984;26536;43627;18609
2775;17 jaar;Totaal mannen en vrouwen;2021;152055;63094;17659;45435;18664;26771;43958;19136
2776;17 jaar;Totaal mannen en vrouwen;2022;148595;63894;17614;46280;19322;26958;44249;19645
2777;17 jaar;Totaal mannen en vrouwen;2023;145048;64679;17580;47099;19953;27146;44552;20127
2778;17 jaar;Totaal mannen en vrouwen;2024;141745;65368;17550;47818;20547;27271;44784;20584
2779;17 jaar;Totaal mannen en vrouwen;2025;138774;65961;17530;48431;21094;27337;44950;21011
2780;17 jaar;Totaal mannen en vrouwen;2026;136357;66476;17523;48953;21603;27350;45069;21407
2781;17 jaar;Totaal mannen en vrouwen;2027;134305;66909;17515;49394;22072;27322;45139;21770
2782;17 jaar;Totaal mannen en vrouwen;2028;132934;67253;17509;49744;22490;27254;45168;22085
2783;17 jaar;Totaal mannen en vrouwen;2029;132148;67534;17504;50030;22873;27157;45174;22360
2784;17 jaar;Totaal mannen en vrouwen;2030;131799;67751;17501;50250;23205;27045;45165;22586
2785;17 jaar;Totaal mannen en vrouwen;2031;131899;67915;17497;50418;23507;26911;45144;22771
2786;17 jaar;Totaal mannen en vrouwen;2032;132327;68025;17494;50531;23761;26770;45110;22915
2787;17 jaar;Totaal mannen en vrouwen;2033;133012;68086;17493;50593;23979;26614;45062;23024
2788;17 jaar;Totaal mannen en vrouwen;2034;133934;68117;17493;50624;24052;26572;45023;23094
2789;17 jaar;Totaal mannen en vrouwen;2035;135042;68110;17493;50617;24093;26524;44975;23135
2790;17 jaar;Totaal mannen en vrouwen;2036;136272;68072;17494;50578;24111;26467;44919;23153
2791;17 jaar;Totaal mannen en vrouwen;2037;137535;68009;17495;50514;24108;26406;44858;23151
2792;17 jaar;Totaal mannen en vrouwen;2038;138765;67928;17497;50431;24092;26339;44790;23138
2793;17 jaar;Totaal mannen en vrouwen;2039;139928;67849;17497;50352;24077;26275;44734;23115
2794;17 jaar;Totaal mannen en vrouwen;2040;141000;67765;17499;50266;24050;26216;44675;23090
2795;17 jaar;Totaal mannen en vrouwen;2041;141967;67695;17503;50192;24026;26166;44632;23063
2796;17 jaar;Totaal mannen en vrouwen;2042;142824;67630;17505;50125;24008;26117;44592;23038
2797;17 jaar;Totaal mannen en vrouwen;2043;143599;67558;17503;50055;23985;26070;44550;23008
2798;17 jaar;Totaal mannen en vrouwen;2044;144263;67498;17505;49993;23961;26032;44516;22982
2799;17 jaar;Totaal mannen en vrouwen;2045;144844;67449;17508;49941;23944;25997;44493;22956
2800;17 jaar;Totaal mannen en vrouwen;2046;145342;67396;17506;49890;23925;25965;44467;22929
2801;17 jaar;Totaal mannen en vrouwen;2047;145743;67354;17509;49845;23908;25937;44445;22909
2802;17 jaar;Totaal mannen en vrouwen;2048;146025;67312;17509;49803;23889;25914;44427;22885
2803;17 jaar;Totaal mannen en vrouwen;2049;146167;67272;17511;49761;23872;25889;44411;22861
2804;17 jaar;Totaal mannen en vrouwen;2050;146151;67234;17510;49724;23856;25868;44396;22838
2805;17 jaar;Mannen;2000;73035;20777;7896;12881;5876;7005;13994;6783
2806;17 jaar;Mannen;2001;72126;20835;7944;12891;5813;7078;14155;6680
2807;17 jaar;Mannen;2002;74180;21379;8083;13296;6040;7256;14526;6853
2808;17 jaar;Mannen;2003;75527;21574;8110;13464;6134;7330;14690;6884
2809;17 jaar;Mannen;2004;77735;22269;8241;14028;6382;7646;15160;7109
2810;17 jaar;Mannen;2005;79071;22763;8298;14465;6354;8111;15617;7146
2811;17 jaar;Mannen;2006;77677;23727;8408;15319;6436;8883;16566;7161
2812;17 jaar;Mannen;2007;77986;24391;8517;15874;6561;9313;17135;7256
2813;17 jaar;Mannen;2008;82010;25359;8538;16821;6991;9830;17879;7480
2814;17 jaar;Mannen;2009;81403;25725;8389;17336;7188;10148;18082;7643
2815;17 jaar;Mannen;2010;80125;26296;8539;17757;7146;10611;18831;7465
2816;17 jaar;Mannen;2011;79237;26274;8487;17787;7406;10381;18584;7690
2817;17 jaar;Mannen;2012;79286;27075;8497;18578;7459;11119;19314;7761
2818;17 jaar;Mannen;2013;76839;27186;8638;18548;7452;11096;19270;7916
2819;17 jaar;Mannen;2014;76539;27985;8911;19074;7532;11542;19855;8130
2820;17 jaar;Mannen;2015;75963;28957;9046;19911;7833;12078;20734;8223
2821;17 jaar;Mannen;2016;78501;30201;9134;21067;8319;12748;21629;8572
2822;17 jaar;Mannen;2017;78868;30894;9022;21872;8592;13280;21890;9004
2823;17 jaar;Mannen;2018;81337;30656;8969;21687;8484;13203;21676;8980
2824;17 jaar;Mannen;2019;80715;31193;8934;22259;8847;13412;21939;9254
2825;17 jaar;Mannen;2020;79459;31694;8905;22789;9207;13582;22162;9532
2826;17 jaar;Mannen;2021;77733;32132;8874;23258;9555;13703;22323;9809
2827;17 jaar;Mannen;2022;75964;32543;8850;23693;9893;13800;22469;10074
2828;17 jaar;Mannen;2023;74151;32948;8837;24111;10216;13895;22622;10326
2829;17 jaar;Mannen;2024;72458;33305;8823;24482;10519;13963;22740;10565
2830;17 jaar;Mannen;2025;70939;33612;8816;24796;10800;13996;22822;10790
2831;17 jaar;Mannen;2026;69704;33879;8816;25063;11060;14003;22882;10997
2832;17 jaar;Mannen;2027;68650;34104;8815;25289;11301;13988;22917;11187
2833;17 jaar;Mannen;2028;67949;34285;8815;25470;11518;13952;22933;11352
2834;17 jaar;Mannen;2029;67550;34427;8811;25616;11711;13905;22931;11496
2835;17 jaar;Mannen;2030;67368;34543;8813;25730;11883;13847;22928;11615
2836;17 jaar;Mannen;2031;67427;34624;8810;25814;12033;13781;22913;11711
2837;17 jaar;Mannen;2032;67643;34680;8808;25872;12165;13707;22895;11785
2838;17 jaar;Mannen;2033;67992;34714;8808;25906;12278;13628;22872;11842
2839;17 jaar;Mannen;2034;68465;34730;8808;25922;12316;13606;22852;11878
2840;17 jaar;Mannen;2035;69035;34729;8808;25921;12336;13585;22827;11902
2841;17 jaar;Mannen;2036;69667;34710;8808;25902;12348;13554;22798;11912
2842;17 jaar;Mannen;2037;70315;34675;8806;25869;12346;13523;22765;11910
2843;17 jaar;Mannen;2038;70946;34634;8809;25825;12338;13487;22731;11903
2844;17 jaar;Mannen;2039;71539;34596;8810;25786;12329;13457;22701;11895
2845;17 jaar;Mannen;2040;72086;34551;8809;25742;12318;13424;22672;11879
2846;17 jaar;Mannen;2041;72580;34514;8812;25702;12303;13399;22648;11866
2847;17 jaar;Mannen;2042;73022;34479;8812;25667;12293;13374;22628;11851
2848;17 jaar;Mannen;2043;73418;34445;8813;25632;12279;13353;22608;11837
2849;17 jaar;Mannen;2044;73760;34413;8812;25601;12271;13330;22589;11824
2850;17 jaar;Mannen;2045;74055;34391;8815;25576;12264;13312;22579;11812
2851;17 jaar;Mannen;2046;74311;34364;8814;25550;12253;13297;22566;11798
2852;17 jaar;Mannen;2047;74520;34338;8812;25526;12244;13282;22552;11786
2853;17 jaar;Mannen;2048;74665;34318;8814;25504;12235;13269;22543;11775
2854;17 jaar;Mannen;2049;74739;34296;8813;25483;12225;13258;22535;11761
2855;17 jaar;Mannen;2050;74726;34280;8814;25466;12219;13247;22528;11752
2856;17 jaar;Vrouwen;2000;69821;18812;6593;12219;5625;6594;12343;6469
2857;17 jaar;Vrouwen;2001;68982;19389;6926;12463;5572;6891;12924;6465
2858;17 jaar;Vrouwen;2002;70702;20049;7401;12648;5770;6878;13478;6571
2859;17 jaar;Vrouwen;2003;72727;20516;7662;12854;5687;7167;13845;6671
2860;17 jaar;Vrouwen;2004;75395;21100;7566;13534;6096;7438;14248;6852
2861;17 jaar;Vrouwen;2005;75060;21706;7728;13978;6078;7900;14896;6810
2862;17 jaar;Vrouwen;2006;74362;22680;7895;14785;6339;8446;15562;7118
2863;17 jaar;Vrouwen;2007;75445;23117;8021;15096;6265;8831;16110;7007
2864;17 jaar;Vrouwen;2008;77788;24384;8041;16343;6748;9595;17108;7276
2865;17 jaar;Vrouwen;2009;78140;24620;8099;16521;6859;9662;17254;7366
2866;17 jaar;Vrouwen;2010;76476;25050;8136;16914;6987;9927;17614;7436
2867;17 jaar;Vrouwen;2011;76078;25220;8188;17032;6949;10083;17896;7324
2868;17 jaar;Vrouwen;2012;75824;25973;8276;17697;7054;10643;18481;7492
2869;17 jaar;Vrouwen;2013;73627;26103;8397;17706;7145;10561;18495;7608
2870;17 jaar;Vrouwen;2014;72590;26698;8745;17953;7089;10864;19071;7627
2871;17 jaar;Vrouwen;2015;73200;27989;9011;18978;7433;11545;20160;7829
2872;17 jaar;Vrouwen;2016;75083;29156;9105;20051;7904;12147;21035;8121
2873;17 jaar;Vrouwen;2017;75081;29642;8894;20748;8129;12619;21220;8422
2874;17 jaar;Vrouwen;2018;77747;29544;8865;20679;8090;12589;20970;8574
2875;17 jaar;Vrouwen;2019;77169;30068;8840;21228;8436;12792;21243;8825
2876;17 jaar;Vrouwen;2020;75968;30543;8813;21730;8777;12953;21467;9076
2877;17 jaar;Vrouwen;2021;74321;30963;8785;22178;9113;13065;21635;9328
2878;17 jaar;Vrouwen;2022;72630;31351;8763;22588;9431;13157;21781;9570
2879;17 jaar;Vrouwen;2023;70901;31727;8741;22986;9736;13250;21927;9800
2880;17 jaar;Vrouwen;2024;69287;32063;8726;23337;10027;13310;22043;10020
2881;17 jaar;Vrouwen;2025;67835;32348;8714;23634;10293;13341;22128;10220
2882;17 jaar;Vrouwen;2026;66653;32597;8707;23890;10544;13346;22187;10410
2883;17 jaar;Vrouwen;2027;65654;32806;8701;24105;10771;13334;22223;10583
2884;17 jaar;Vrouwen;2028;64983;32970;8694;24276;10977;13299;22238;10732
2885;17 jaar;Vrouwen;2029;64597;33108;8693;24415;11164;13251;22244;10864
2886;17 jaar;Vrouwen;2030;64426;33213;8693;24520;11324;13196;22240;10973
2887;17 jaar;Vrouwen;2031;64477;33286;8686;24600;11467;13133;22228;11058
2888;17 jaar;Vrouwen;2032;64685;33344;8686;24658;11595;13063;22215;11129
2889;17 jaar;Vrouwen;2033;65018;33374;8684;24690;11705;12985;22192;11182
2890;17 jaar;Vrouwen;2034;65471;33386;8685;24701;11735;12966;22173;11213
2891;17 jaar;Vrouwen;2035;66005;33382;8685;24697;11755;12942;22148;11234
2892;17 jaar;Vrouwen;2036;66602;33365;8688;24677;11764;12913;22124;11241
2893;17 jaar;Vrouwen;2037;67218;33335;8688;24647;11765;12882;22093;11242
2894;17 jaar;Vrouwen;2038;67820;33293;8687;24606;11756;12850;22060;11233
2895;17 jaar;Vrouwen;2039;68386;33256;8689;24567;11746;12821;22033;11223
2896;17 jaar;Vrouwen;2040;68911;33217;8689;24528;11736;12792;22006;11211
2897;17 jaar;Vrouwen;2041;69387;33180;8690;24490;11723;12767;21983;11197
2898;17 jaar;Vrouwen;2042;69808;33146;8690;24456;11713;12743;21963;11183
2899;17 jaar;Vrouwen;2043;70180;33114;8692;24422;11699;12723;21943;11171
2900;17 jaar;Vrouwen;2044;70502;33085;8693;24392;11694;12698;21926;11159
2901;17 jaar;Vrouwen;2045;70786;33061;8694;24367;11682;12685;21915;11146
2902;17 jaar;Vrouwen;2046;71028;33035;8695;24340;11672;12668;21903;11132
2903;17 jaar;Vrouwen;2047;71224;33015;8696;24319;11664;12655;21893;11122
2904;17 jaar;Vrouwen;2048;71357;32996;8698;24298;11655;12643;21885;11111
2905;17 jaar;Vrouwen;2049;71430;32974;8696;24278;11646;12632;21876;11098
2906;17 jaar;Vrouwen;2050;71424;32955;8696;24259;11638;12621;21868;11087
2907;18 jaar;Totaal mannen en vrouwen;2000;148261;40619;14960;25659;11806;13853;26656;13963
2908;18 jaar;Totaal mannen en vrouwen;2001;142930;41322;16232;25090;11494;13596;27662;13660
2909;18 jaar;Totaal mannen en vrouwen;2002;141197;41878;16537;25341;11378;13963;28308;13570
2910;18 jaar;Totaal mannen en vrouwen;2003;144965;43063;17128;25935;11806;14129;29217;13846
2911;18 jaar;Totaal mannen en vrouwen;2004;148325;43703;17397;26306;11817;14489;29725;13978
2912;18 jaar;Totaal mannen en vrouwen;2005;153186;44961;17410;27551;12476;15075;30579;14382
2913;18 jaar;Totaal mannen en vrouwen;2006;154190;46029;17595;28434;12430;16004;31658;14371
2914;18 jaar;Totaal mannen en vrouwen;2007;152098;47939;17843;30096;12776;17320;33251;14688
2915;18 jaar;Totaal mannen en vrouwen;2008;153485;49013;18050;30963;12825;18138;34346;14667
2916;18 jaar;Totaal mannen en vrouwen;2009;159836;51218;18065;33153;13735;19418;36069;15149
2917;18 jaar;Totaal mannen en vrouwen;2010;159582;51811;17965;33846;14043;19803;36412;15399
2918;18 jaar;Totaal mannen en vrouwen;2011;156639;52800;18138;34662;14134;20528;37514;15286
2919;18 jaar;Totaal mannen en vrouwen;2012;155358;52931;18123;34808;14350;20458;37544;15387
2920;18 jaar;Totaal mannen en vrouwen;2013;155154;54475;18210;36265;14512;21753;38853;15622
2921;18 jaar;Totaal mannen en vrouwen;2014;150515;54697;18452;36245;14595;21650;38821;15876
2922;18 jaar;Totaal mannen en vrouwen;2015;149180;56069;19053;37016;14620;22396;39975;16094
2923;18 jaar;Totaal mannen en vrouwen;2016;149218;58308;19434;38874;15259;23615;41933;16375
2924;18 jaar;Totaal mannen en vrouwen;2017;153621;60709;19604;41105;16220;24885;43700;17009
2925;18 jaar;Totaal mannen en vrouwen;2018;153993;61880;19276;42604;16714;25890;44149;17731
2926;18 jaar;Totaal mannen en vrouwen;2019;159120;61544;19192;42352;16566;25786;43684;17860
2927;18 jaar;Totaal mannen en vrouwen;2020;157919;62600;19125;43475;17278;26197;44219;18381
2928;18 jaar;Totaal mannen en vrouwen;2021;155468;63568;19062;44506;17978;26528;44662;18906
2929;18 jaar;Totaal mannen en vrouwen;2022;152099;64432;19008;45424;18660;26764;44998;19434
2930;18 jaar;Totaal mannen en vrouwen;2023;148643;65233;18966;46267;19318;26949;45292;19941
2931;18 jaar;Totaal mannen en vrouwen;2024;145106;66019;18934;47085;19947;27138;45594;20425
2932;18 jaar;Totaal mannen en vrouwen;2025;141806;66712;18907;47805;20542;27263;45830;20882
2933;18 jaar;Totaal mannen en vrouwen;2026;138839;67306;18887;48419;21090;27329;45997;21309
2934;18 jaar;Totaal mannen en vrouwen;2027;136427;67822;18882;48940;21597;27343;46116;21706
2935;18 jaar;Totaal mannen en vrouwen;2028;134376;68255;18875;49380;22066;27314;46188;22067
2936;18 jaar;Totaal mannen en vrouwen;2029;133005;68603;18871;49732;22487;27245;46218;22385
2937;18 jaar;Totaal mannen en vrouwen;2030;132223;68880;18865;50015;22863;27152;46223;22657
2938;18 jaar;Totaal mannen en vrouwen;2031;131869;69104;18865;50239;23204;27035;46217;22887
2939;18 jaar;Totaal mannen en vrouwen;2032;131974;69264;18860;50404;23500;26904;46195;23069
2940;18 jaar;Totaal mannen en vrouwen;2033;132402;69374;18858;50516;23754;26762;46161;23213
2941;18 jaar;Totaal mannen en vrouwen;2034;133085;69439;18857;50582;23976;26606;46114;23325
2942;18 jaar;Totaal mannen en vrouwen;2035;134005;69468;18857;50611;24047;26564;46075;23393
2943;18 jaar;Totaal mannen en vrouwen;2036;135112;69463;18859;50604;24085;26519;46027;23436
2944;18 jaar;Totaal mannen en vrouwen;2037;136338;69425;18860;50565;24105;26460;45972;23453
2945;18 jaar;Totaal mannen en vrouwen;2038;137598;69362;18861;50501;24102;26399;45910;23452
2946;18 jaar;Totaal mannen en vrouwen;2039;138828;69282;18862;50420;24088;26332;45843;23439
2947;18 jaar;Totaal mannen en vrouwen;2040;139988;69205;18864;50341;24071;26270;45788;23417
2948;18 jaar;Totaal mannen en vrouwen;2041;141056;69122;18867;50255;24045;26210;45731;23391
2949;18 jaar;Totaal mannen en vrouwen;2042;142023;69048;18869;50179;24018;26161;45685;23363
2950;18 jaar;Totaal mannen en vrouwen;2043;142880;68982;18870;50112;24002;26110;45645;23337
2951;18 jaar;Totaal mannen en vrouwen;2044;143649;68914;18870;50044;23978;26066;45606;23308
2952;18 jaar;Totaal mannen en vrouwen;2045;144313;68853;18872;49981;23957;26024;45571;23282
2953;18 jaar;Totaal mannen en vrouwen;2046;144894;68804;18874;49930;23940;25990;45548;23256
2954;18 jaar;Totaal mannen en vrouwen;2047;145391;68750;18873;49877;23919;25958;45521;23229
2955;18 jaar;Totaal mannen en vrouwen;2048;145790;68708;18876;49832;23901;25931;45499;23209
2956;18 jaar;Totaal mannen en vrouwen;2049;146069;68668;18877;49791;23885;25906;45483;23185
2957;18 jaar;Totaal mannen en vrouwen;2050;146215;68625;18876;49749;23867;25882;45466;23159
2958;18 jaar;Mannen;2000;75363;21123;7972;13151;6068;7083;13978;7145
2959;18 jaar;Mannen;2001;73056;21500;8624;12876;5874;7002;14557;6943
2960;18 jaar;Mannen;2002;72157;21543;8658;12885;5810;7075;14696;6847
2961;18 jaar;Mannen;2003;74207;22075;8787;13288;6035;7253;15058;7017
2962;18 jaar;Mannen;2004;75544;22264;8806;13458;6131;7327;15214;7050
2963;18 jaar;Mannen;2005;77745;22944;8921;14023;6379;7644;15675;7269
2964;18 jaar;Mannen;2006;79084;23420;8961;14459;6353;8106;16113;7307
2965;18 jaar;Mannen;2007;77691;24366;9054;15312;6435;8877;17048;7318
2966;18 jaar;Mannen;2008;77999;25014;9148;15866;6556;9310;17602;7412
2967;18 jaar;Mannen;2009;82009;25970;9156;16814;6988;9826;18342;7628
2968;18 jaar;Mannen;2010;81405;26327;8999;17328;7183;10145;18538;7789
2969;18 jaar;Mannen;2011;80127;26894;9144;17750;7143;10607;19281;7613
2970;18 jaar;Mannen;2012;79242;26863;9084;17779;7400;10379;19031;7832
2971;18 jaar;Mannen;2013;79295;27657;9086;18571;7456;11115;19754;7903
2972;18 jaar;Mannen;2014;76846;27763;9221;18542;7451;11091;19708;8055
2973;18 jaar;Mannen;2015;76550;28546;9481;19065;7528;11537;20285;8261
2974;18 jaar;Mannen;2016;75969;29514;9610;19904;7832;12072;21164;8350
2975;18 jaar;Mannen;2017;78504;30747;9690;21057;8315;12742;22054;8693
2976;18 jaar;Mannen;2018;78872;31436;9576;21860;8586;13274;22313;9123
2977;18 jaar;Mannen;2019;81336;31199;9521;21678;8480;13198;22098;9101
2978;18 jaar;Mannen;2020;80713;31732;9482;22250;8842;13408;22359;9373
2979;18 jaar;Mannen;2021;79459;32229;9447;22782;9205;13577;22578;9651
2980;18 jaar;Mannen;2022;77738;32668;9418;23250;9551;13699;22743;9925
2981;18 jaar;Mannen;2023;75971;33079;9397;23682;9887;13795;22889;10190
2982;18 jaar;Mannen;2024;74157;33490;9385;24105;10213;13892;23046;10444
2983;18 jaar;Mannen;2025;72471;33844;9372;24472;10515;13957;23163;10681
2984;18 jaar;Mannen;2026;70954;34152;9365;24787;10798;13989;23245;10907
2985;18 jaar;Mannen;2027;69717;34423;9366;25057;11058;13999;23309;11114
2986;18 jaar;Mannen;2028;68671;34641;9362;25279;11295;13984;23338;11303
2987;18 jaar;Mannen;2029;67969;34825;9364;25461;11513;13948;23354;11471
2988;18 jaar;Mannen;2030;67569;34969;9361;25608;11707;13901;23355;11614
2989;18 jaar;Mannen;2031;67391;35083;9361;25722;11879;13843;23350;11733
2990;18 jaar;Mannen;2032;67444;35169;9361;25808;12032;13776;23340;11829
2991;18 jaar;Mannen;2033;67661;35224;9359;25865;12164;13701;23321;11903
2992;18 jaar;Mannen;2034;68012;35257;9360;25897;12275;13622;23297;11960
2993;18 jaar;Mannen;2035;68483;35273;9360;25913;12311;13602;23276;11997
2994;18 jaar;Mannen;2036;69054;35273;9360;25913;12335;13578;23255;12018
2995;18 jaar;Mannen;2037;69684;35253;9361;25892;12345;13547;23225;12028
2996;18 jaar;Mannen;2038;70329;35221;9360;25861;12346;13515;23193;12028
2997;18 jaar;Mannen;2039;70961;35178;9360;25818;12335;13483;23157;12021
2998;18 jaar;Mannen;2040;71553;35140;9361;25779;12326;13453;23129;12011
2999;18 jaar;Mannen;2041;72100;35094;9362;25732;12312;13420;23098;11996
3000;18 jaar;Mannen;2042;72592;35058;9362;25696;12301;13395;23076;11982
3001;18 jaar;Mannen;2043;73034;35022;9363;25659;12289;13370;23053;11969
3002;18 jaar;Mannen;2044;73427;34989;9364;25625;12281;13344;23034;11955
3003;18 jaar;Mannen;2045;73768;34959;9364;25595;12269;13326;23018;11941
3004;18 jaar;Mannen;2046;74067;34932;9364;25568;12259;13309;23005;11927
3005;18 jaar;Mannen;2047;74320;34907;9365;25542;12249;13293;22993;11914
3006;18 jaar;Mannen;2048;74527;34883;9365;25518;12239;13279;22978;11905
3007;18 jaar;Mannen;2049;74668;34865;9365;25500;12234;13266;22973;11892
3008;18 jaar;Mannen;2050;74744;34842;9366;25476;12221;13255;22962;11880
3009;18 jaar;Vrouwen;2000;72898;19496;6988;12508;5738;6770;12678;6818
3010;18 jaar;Vrouwen;2001;69872;19824;7609;12215;5621;6594;13107;6717
3011;18 jaar;Vrouwen;2002;69040;20336;7878;12458;5570;6888;13613;6723
3012;18 jaar;Vrouwen;2003;70755;20991;8343;12648;5770;6878;14160;6831
3013;18 jaar;Vrouwen;2004;72782;21438;8591;12847;5683;7164;14511;6927
3014;18 jaar;Vrouwen;2005;75440;22018;8488;13530;6095;7435;14908;7110
3015;18 jaar;Vrouwen;2006;75105;22609;8635;13974;6075;7899;15545;7064
3016;18 jaar;Vrouwen;2007;74409;23571;8789;14782;6337;8445;16201;7370
3017;18 jaar;Vrouwen;2008;75489;23995;8901;15094;6265;8829;16741;7254
3018;18 jaar;Vrouwen;2009;77827;25249;8911;16338;6747;9591;17727;7522
3019;18 jaar;Vrouwen;2010;78176;25484;8966;16518;6859;9659;17873;7611
3020;18 jaar;Vrouwen;2011;76513;25906;8994;16912;6988;9924;18232;7674
3021;18 jaar;Vrouwen;2012;76115;26069;9038;17031;6951;10080;18516;7553
3022;18 jaar;Vrouwen;2013;75862;26815;9122;17693;7051;10642;19097;7718
3023;18 jaar;Vrouwen;2014;73670;26933;9232;17701;7141;10560;19110;7823
3024;18 jaar;Vrouwen;2015;72635;27518;9570;17948;7087;10861;19686;7832
3025;18 jaar;Vrouwen;2016;73244;28799;9825;18974;7431;11543;20771;8028
3026;18 jaar;Vrouwen;2017;75120;29959;9913;20046;7901;12145;21645;8314
3027;18 jaar;Vrouwen;2018;75124;30441;9699;20742;8126;12616;21833;8608
3028;18 jaar;Vrouwen;2019;77781;30348;9672;20676;8089;12587;21587;8761
3029;18 jaar;Vrouwen;2020;77204;30870;9644;21226;8436;12790;21861;9009
3030;18 jaar;Vrouwen;2021;76007;31340;9615;21725;8775;12950;22084;9256
3031;18 jaar;Vrouwen;2022;74361;31764;9592;22172;9108;13064;22256;9508
3032;18 jaar;Vrouwen;2023;72672;32154;9570;22584;9429;13155;22402;9752
3033;18 jaar;Vrouwen;2024;70946;32532;9551;22981;9735;13246;22549;9983
3034;18 jaar;Vrouwen;2025;69333;32869;9536;23333;10025;13308;22667;10202
3035;18 jaar;Vrouwen;2026;67883;33156;9524;23632;10295;13337;22752;10404
3036;18 jaar;Vrouwen;2027;66707;33402;9517;23885;10540;13345;22810;10592
3037;18 jaar;Vrouwen;2028;65710;33610;9510;24100;10768;13332;22845;10765
3038;18 jaar;Vrouwen;2029;65040;33774;9503;24271;10975;13296;22860;10914
3039;18 jaar;Vrouwen;2030;64655;33910;9503;24407;11157;13250;22865;11045
3040;18 jaar;Vrouwen;2031;64481;34018;9502;24516;11324;13192;22863;11155
3041;18 jaar;Vrouwen;2032;64531;34093;9498;24595;11466;13129;22853;11240
3042;18 jaar;Vrouwen;2033;64744;34147;9497;24650;11589;13061;22837;11310
3043;18 jaar;Vrouwen;2034;65075;34180;9496;24684;11701;12983;22815;11365
3044;18 jaar;Vrouwen;2035;65521;34196;9500;24696;11733;12963;22798;11398
3045;18 jaar;Vrouwen;2036;66055;34193;9500;24693;11755;12938;22776;11417
3046;18 jaar;Vrouwen;2037;66653;34173;9501;24672;11761;12911;22749;11424
3047;18 jaar;Vrouwen;2038;67267;34143;9502;24641;11759;12882;22720;11423
3048;18 jaar;Vrouwen;2039;67868;34103;9500;24603;11756;12847;22688;11415
3049;18 jaar;Vrouwen;2040;68435;34064;9503;24561;11741;12820;22658;11406
3050;18 jaar;Vrouwen;2041;68956;34028;9505;24523;11733;12790;22634;11394
3051;18 jaar;Vrouwen;2042;69430;33991;9506;24485;11719;12766;22611;11380
3052;18 jaar;Vrouwen;2043;69848;33958;9508;24450;11709;12741;22591;11367
3053;18 jaar;Vrouwen;2044;70222;33925;9506;24419;11701;12718;22573;11352
3054;18 jaar;Vrouwen;2045;70545;33894;9507;24387;11690;12697;22554;11340
3055;18 jaar;Vrouwen;2046;70830;33869;9508;24361;11678;12683;22541;11328
3056;18 jaar;Vrouwen;2047;71068;33846;9510;24336;11669;12667;22530;11316
3057;18 jaar;Vrouwen;2048;71265;33824;9510;24314;11662;12652;22520;11304
3058;18 jaar;Vrouwen;2049;71400;33804;9511;24293;11653;12640;22511;11293
3059;18 jaar;Vrouwen;2050;71471;33783;9510;24273;11645;12628;22503;11280
3060;19 jaar;Totaal mannen en vrouwen;2000;152051;40679;16058;24621;11819;12802;26070;14609
3061;19 jaar;Totaal mannen en vrouwen;2001;148295;42619;16970;25649;11800;13849;28067;14552
3062;19 jaar;Totaal mannen en vrouwen;2002;142983;43218;18138;25080;11490;13590;28956;14262
3063;19 jaar;Totaal mannen en vrouwen;2003;141259;43769;18437;25332;11375;13957;29589;14180
3064;19 jaar;Totaal mannen en vrouwen;2004;145015;44934;19009;25925;11804;14121;30480;14454
3065;19 jaar;Totaal mannen en vrouwen;2005;148367;45549;19254;26295;11812;14483;30967;14582
3066;19 jaar;Totaal mannen en vrouwen;2006;153213;46786;19243;27543;12473;15070;31804;14982
3067;19 jaar;Totaal mannen en vrouwen;2007;154212;47824;19400;28424;12426;15998;32858;14966
3068;19 jaar;Totaal mannen en vrouwen;2008;152129;49706;19621;30085;12769;17316;34429;15277
3069;19 jaar;Totaal mannen en vrouwen;2009;153506;50756;19807;30949;12818;18131;35508;15248
3070;19 jaar;Totaal mannen en vrouwen;2010;159837;52948;19808;33140;13730;19410;37225;15723
3071;19 jaar;Totaal mannen en vrouwen;2011;159584;53538;19703;33835;14040;19795;37574;15964
3072;19 jaar;Totaal mannen en vrouwen;2012;156650;54520;19869;34651;14128;20523;38675;15845
3073;19 jaar;Totaal mannen en vrouwen;2013;155370;54645;19847;34798;14347;20451;38714;15931
3074;19 jaar;Totaal mannen en vrouwen;2014;155171;56175;19926;36249;14501;21748;40020;16155
3075;19 jaar;Totaal mannen en vrouwen;2015;150541;56385;20155;36230;14588;21642;39991;16394
3076;19 jaar;Totaal mannen en vrouwen;2016;149207;57739;20735;37004;14616;22388;41143;16596
3077;19 jaar;Totaal mannen en vrouwen;2017;149242;59965;21100;38865;15258;23607;43102;16863
3078;19 jaar;Totaal mannen en vrouwen;2018;153636;62355;21263;41092;16215;24877;44871;17484
3079;19 jaar;Totaal mannen en vrouwen;2019;154005;63527;20938;42589;16707;25882;45327;18200
3080;19 jaar;Totaal mannen en vrouwen;2020;159126;63193;20856;42337;16560;25777;44865;18328
3081;19 jaar;Totaal mannen en vrouwen;2021;157924;64249;20789;43460;17272;26188;45407;18842
3082;19 jaar;Totaal mannen en vrouwen;2022;155476;65222;20728;44494;17974;26520;45853;19369
3083;19 jaar;Totaal mannen en vrouwen;2023;152116;66087;20678;45409;18654;26755;46191;19896
3084;19 jaar;Totaal mannen en vrouwen;2024;148663;66892;20640;46252;19310;26942;46489;20403
3085;19 jaar;Totaal mannen en vrouwen;2025;145135;67676;20607;47069;19938;27131;46790;20886
3086;19 jaar;Totaal mannen en vrouwen;2026;141841;68372;20582;47790;20537;27253;47029;21343
3087;19 jaar;Totaal mannen en vrouwen;2027;138882;68968;20565;48403;21084;27319;47195;21773
3088;19 jaar;Totaal mannen en vrouwen;2028;136471;69486;20561;48925;21589;27336;47319;22167
3089;19 jaar;Totaal mannen en vrouwen;2029;134429;69916;20552;49364;22057;27307;47387;22529
3090;19 jaar;Totaal mannen en vrouwen;2030;133061;70266;20551;49715;22477;27238;47420;22846
3091;19 jaar;Totaal mannen en vrouwen;2031;132276;70548;20548;50000;22859;27141;47425;23123
3092;19 jaar;Totaal mannen en vrouwen;2032;131923;70770;20547;50223;23197;27026;47420;23350
3093;19 jaar;Totaal mannen en vrouwen;2033;132026;70932;20544;50388;23493;26895;47398;23534
3094;19 jaar;Totaal mannen en vrouwen;2034;132453;71043;20541;50502;23747;26755;47364;23679
3095;19 jaar;Totaal mannen en vrouwen;2035;133135;71107;20540;50567;23970;26597;47319;23788
3096;19 jaar;Totaal mannen en vrouwen;2036;134054;71139;20544;50595;24037;26558;47281;23858
3097;19 jaar;Totaal mannen en vrouwen;2037;135158;71132;20543;50589;24078;26511;47232;23900
3098;19 jaar;Totaal mannen en vrouwen;2038;136381;71094;20545;50549;24097;26452;47178;23916
3099;19 jaar;Totaal mannen en vrouwen;2039;137641;71032;20546;50486;24097;26389;47117;23915
3100;19 jaar;Totaal mannen en vrouwen;2040;138866;70952;20547;50405;24081;26324;47051;23901
3101;19 jaar;Totaal mannen en vrouwen;2041;140021;70876;20550;50326;24064;26262;46995;23881
3102;19 jaar;Totaal mannen en vrouwen;2042;141086;70795;20554;50241;24040;26201;46941;23854
3103;19 jaar;Totaal mannen en vrouwen;2043;142048;70723;20555;50168;24016;26152;46895;23828
3104;19 jaar;Totaal mannen en vrouwen;2044;142909;70654;20555;50099;23997;26102;46852;23802
3105;19 jaar;Totaal mannen en vrouwen;2045;143676;70585;20556;50029;23970;26059;46813;23772
3106;19 jaar;Totaal mannen en vrouwen;2046;144337;70526;20559;49967;23951;26016;46780;23746
3107;19 jaar;Totaal mannen en vrouwen;2047;144917;70476;20561;49915;23932;25983;46757;23719
3108;19 jaar;Totaal mannen en vrouwen;2048;145413;70422;20559;49863;23910;25953;46730;23692
3109;19 jaar;Totaal mannen en vrouwen;2049;145811;70380;20562;49818;23895;25923;46709;23671
3110;19 jaar;Totaal mannen en vrouwen;2050;146094;70335;20559;49776;23876;25900;46688;23647
3111;19 jaar;Mannen;2000;77770;20503;7941;12562;6051;6511;13124;7379
3112;19 jaar;Mannen;2001;75344;21833;8687;13146;6066;7080;14465;7368
3113;19 jaar;Mannen;2002;73049;22184;9315;12869;5870;6999;15016;7168
3114;19 jaar;Mannen;2003;72156;22225;9349;12876;5804;7072;15153;7072
3115;19 jaar;Mannen;2004;74198;22755;9473;13282;6033;7249;15511;7244
3116;19 jaar;Mannen;2005;75533;22935;9485;13450;6128;7322;15661;7274
3117;19 jaar;Mannen;2006;77730;23601;9585;14016;6379;7637;16111;7490
3118;19 jaar;Mannen;2007;79059;24068;9616;14452;6351;8101;16542;7526
3119;19 jaar;Mannen;2008;77672;25000;9695;15305;6435;8870;17469;7531
3120;19 jaar;Mannen;2009;77976;25643;9783;15860;6556;9304;18019;7624
3121;19 jaar;Mannen;2010;81974;26589;9784;16805;6984;9821;18755;7834
3122;19 jaar;Mannen;2011;81372;26953;9633;17320;7180;10140;18959;7994
3123;19 jaar;Mannen;2012;80099;27517;9776;17741;7140;10601;19698;7819
3124;19 jaar;Mannen;2013;79215;27488;9715;17773;7399;10374;19454;8034
3125;19 jaar;Mannen;2014;79268;28281;9719;18562;7452;11110;20181;8100
3126;19 jaar;Mannen;2015;76826;28382;9849;18533;7447;11086;20136;8246
3127;19 jaar;Mannen;2016;76524;29163;10104;19059;7528;11531;20716;8447
3128;19 jaar;Mannen;2017;75951;30122;10226;19896;7829;12067;21593;8529
3129;19 jaar;Mannen;2018;78478;31354;10307;21047;8310;12737;22486;8868
3130;19 jaar;Mannen;2019;78842;32046;10192;21854;8585;13269;22751;9295
3131;19 jaar;Mannen;2020;81306;31812;10144;21668;8474;13194;22539;9273
3132;19 jaar;Mannen;2021;80682;32346;10105;22241;8839;13402;22802;9544
3133;19 jaar;Mannen;2022;79429;32846;10074;22772;9200;13572;23024;9822
3134;19 jaar;Mannen;2023;77710;33288;10046;23242;9548;13694;23191;10097
3135;19 jaar;Mannen;2024;75947;33700;10027;23673;9883;13790;23339;10361
3136;19 jaar;Mannen;2025;74143;34104;10012;24092;10206;13886;23491;10613
3137;19 jaar;Mannen;2026;72457;34463;10002;24461;10510;13951;23611;10852
3138;19 jaar;Mannen;2027;70944;34774;9996;24778;10792;13986;23696;11078
3139;19 jaar;Mannen;2028;69711;35041;9996;25045;11053;13992;23755;11286
3140;19 jaar;Mannen;2029;68664;35263;9994;25269;11290;13979;23789;11474
3141;19 jaar;Mannen;2030;67967;35445;9995;25450;11507;13943;23805;11640
3142;19 jaar;Mannen;2031;67567;35591;9995;25596;11703;13893;23807;11784
3143;19 jaar;Mannen;2032;67388;35705;9994;25711;11873;13838;23803;11902
3144;19 jaar;Mannen;2033;67442;35790;9993;25797;12026;13771;23791;11999
3145;19 jaar;Mannen;2034;67655;35848;9993;25855;12160;13695;23773;12075
3146;19 jaar;Mannen;2035;68006;35882;9993;25889;12272;13617;23750;12132
3147;19 jaar;Mannen;2036;68479;35897;9992;25905;12307;13598;23729;12168
3148;19 jaar;Mannen;2037;69048;35897;9994;25903;12330;13573;23707;12190
3149;19 jaar;Mannen;2038;69678;35877;9993;25884;12340;13544;23676;12201
3150;19 jaar;Mannen;2039;70319;35847;9996;25851;12338;13513;23646;12201
3151;19 jaar;Mannen;2040;70947;35805;9996;25809;12331;13478;23612;12193
3152;19 jaar;Mannen;2041;71543;35762;9996;25766;12318;13448;23581;12181
3153;19 jaar;Mannen;2042;72082;35723;9997;25726;12311;13415;23554;12169
3154;19 jaar;Mannen;2043;72576;35683;9998;25685;12295;13390;23529;12154
3155;19 jaar;Mannen;2044;73018;35648;9997;25651;12286;13365;23508;12140
3156;19 jaar;Mannen;2045;73410;35614;9999;25615;12272;13343;23488;12126
3157;19 jaar;Mannen;2046;73749;35585;10000;25585;12263;13322;23471;12114
3158;19 jaar;Mannen;2047;74045;35560;10000;25560;12255;13305;23459;12101
3159;19 jaar;Mannen;2048;74298;35535;10000;25535;12247;13288;23449;12086
3160;19 jaar;Mannen;2049;74507;35509;10000;25509;12235;13274;23435;12074
3161;19 jaar;Mannen;2050;74652;35487;10000;25487;12226;13261;23425;12062
3162;19 jaar;Vrouwen;2000;74281;20176;8117;12059;5768;6291;12946;7230
3163;19 jaar;Vrouwen;2001;72947;20789;8284;12505;5736;6769;13603;7186
3164;19 jaar;Vrouwen;2002;69929;21039;8825;12214;5623;6591;13943;7096
3165;19 jaar;Vrouwen;2003;69101;21546;9090;12456;5568;6888;14437;7109
3166;19 jaar;Vrouwen;2004;70819;22177;9535;12642;5767;6875;14969;7208
3167;19 jaar;Vrouwen;2005;72835;22613;9768;12845;5682;7163;15307;7306
3168;19 jaar;Vrouwen;2006;75486;23182;9656;13526;6091;7435;15691;7491
3169;19 jaar;Vrouwen;2007;75149;23760;9786;13974;6077;7897;16317;7443
3170;19 jaar;Vrouwen;2008;74460;24703;9925;14778;6335;8443;16959;7744
3171;19 jaar;Vrouwen;2009;75530;25113;10024;15089;6265;8824;17489;7624
3172;19 jaar;Vrouwen;2010;77861;26361;10025;16336;6746;9590;18471;7890
3173;19 jaar;Vrouwen;2011;78212;26585;10070;16515;6857;9658;18617;7968
3174;19 jaar;Vrouwen;2012;76552;27002;10094;16908;6986;9922;18976;8026
3175;19 jaar;Vrouwen;2013;76160;27152;10127;17025;6945;10080;19255;7897
3176;19 jaar;Vrouwen;2014;75902;27896;10205;17691;7052;10639;19841;8055
3177;19 jaar;Vrouwen;2015;73716;28002;10305;17697;7140;10557;19853;8149
3178;19 jaar;Vrouwen;2016;72681;28577;10632;17945;7086;10859;20427;8150
3179;19 jaar;Vrouwen;2017;73291;29843;10875;18968;7428;11540;21509;8334
3180;19 jaar;Vrouwen;2018;75162;30997;10957;20040;7900;12140;22383;8614
3181;19 jaar;Vrouwen;2019;75164;31480;10744;20736;8123;12613;22576;8904
3182;19 jaar;Vrouwen;2020;77820;31381;10712;20669;8084;12585;22328;9053
3183;19 jaar;Vrouwen;2021;77242;31903;10683;21220;8435;12785;22604;9299
3184;19 jaar;Vrouwen;2022;76045;32378;10656;21722;8774;12948;22830;9548
3185;19 jaar;Vrouwen;2023;74402;32803;10635;22168;9109;13059;23003;9800
3186;19 jaar;Vrouwen;2024;72715;33193;10613;22580;9429;13151;23151;10042
3187;19 jaar;Vrouwen;2025;70991;33574;10595;22979;9736;13243;23302;10272
3188;19 jaar;Vrouwen;2026;69384;33909;10581;23328;10024;13304;23418;10491
3189;19 jaar;Vrouwen;2027;67934;34198;10572;23626;10290;13336;23503;10695
3190;19 jaar;Vrouwen;2028;66758;34447;10565;23882;10542;13340;23562;10885
3191;19 jaar;Vrouwen;2029;65763;34654;10559;24095;10767;13328;23598;11056
3192;19 jaar;Vrouwen;2030;65096;34819;10553;24266;10973;13293;23612;11207
3193;19 jaar;Vrouwen;2031;64713;34953;10551;24402;11156;13246;23616;11337
3194;19 jaar;Vrouwen;2032;64536;35064;10554;24510;11320;13190;23617;11447
3195;19 jaar;Vrouwen;2033;64586;35139;10548;24591;11466;13125;23607;11532
3196;19 jaar;Vrouwen;2034;64798;35195;10548;24647;11592;13055;23592;11603
3197;19 jaar;Vrouwen;2035;65127;35227;10549;24678;11699;12979;23570;11657
3198;19 jaar;Vrouwen;2036;65575;35242;10550;24692;11732;12960;23553;11689
3199;19 jaar;Vrouwen;2037;66109;35236;10549;24687;11752;12935;23526;11710
3200;19 jaar;Vrouwen;2038;66703;35217;10550;24667;11761;12906;23501;11716
3201;19 jaar;Vrouwen;2039;67320;35187;10551;24636;11757;12879;23471;11716
3202;19 jaar;Vrouwen;2040;67919;35147;10552;24595;11750;12845;23438;11709
3203;19 jaar;Vrouwen;2041;68481;35111;10553;24558;11744;12814;23412;11699
3204;19 jaar;Vrouwen;2042;69006;35070;10555;24515;11729;12786;23384;11686
3205;19 jaar;Vrouwen;2043;69475;35037;10556;24481;11720;12761;23365;11672
3206;19 jaar;Vrouwen;2044;69893;35004;10557;24447;11710;12737;23344;11660
3207;19 jaar;Vrouwen;2045;70266;34971;10558;24413;11697;12716;23326;11645
3208;19 jaar;Vrouwen;2046;70588;34941;10560;24381;11687;12694;23307;11634
3209;19 jaar;Vrouwen;2047;70872;34916;10558;24358;11679;12679;23296;11620
3210;19 jaar;Vrouwen;2048;71108;34893;10562;24331;11667;12664;23286;11607
3211;19 jaar;Vrouwen;2049;71304;34872;10561;24311;11661;12650;23275;11597
3212;19 jaar;Vrouwen;2050;71443;34848;10561;24287;11649;12638;23264;11584
3213;20 jaar;Totaal mannen en vrouwen;2000;147808;39757;17887;21870;11044;10826;25207;14550
3214;20 jaar;Totaal mannen en vrouwen;2001;152036;42939;18328;24611;11813;12798;27544;15395
3215;20 jaar;Totaal mannen en vrouwen;2002;148298;44782;19146;25636;11794;13842;29425;15357
3216;20 jaar;Totaal mannen en vrouwen;2003;143003;45350;20280;25070;11487;13583;30279;15071
3217;20 jaar;Totaal mannen en vrouwen;2004;141283;45890;20568;25322;11372;13950;30896;14994
3218;20 jaar;Totaal mannen en vrouwen;2005;145037;47026;21113;25913;11797;14116;31762;15264
3219;20 jaar;Totaal mannen en vrouwen;2006;148372;47616;21330;26286;11807;14479;32228;15388
3220;20 jaar;Totaal mannen en vrouwen;2007;153200;48823;21292;27531;12466;15065;33043;15780
3221;20 jaar;Totaal mannen en vrouwen;2008;154190;49839;21427;28412;12420;15992;34080;15759
3222;20 jaar;Totaal mannen en vrouwen;2009;152117;51698;21625;30073;12766;17307;35633;16065
3223;20 jaar;Totaal mannen en vrouwen;2010;153489;52730;21792;30938;12815;18123;36701;16029
3224;20 jaar;Totaal mannen en vrouwen;2011;159785;54913;21784;33129;13726;19403;38423;16490
3225;20 jaar;Totaal mannen en vrouwen;2012;159542;55496;21674;33822;14034;19788;38781;16715
3226;20 jaar;Totaal mannen en vrouwen;2013;156615;56472;21836;34636;14119;20517;39883;16589
3227;20 jaar;Totaal mannen en vrouwen;2014;155343;56585;21802;34783;14338;20445;39925;16660
3228;20 jaar;Totaal mannen en vrouwen;2015;155130;58114;21874;36240;14501;21739;41238;16876
3229;20 jaar;Totaal mannen en vrouwen;2016;150520;58303;22086;36217;14583;21634;41208;17095
3230;20 jaar;Totaal mannen en vrouwen;2017;149191;59636;22646;36990;14608;22382;42358;17278
3231;20 jaar;Totaal mannen en vrouwen;2018;149226;61845;22997;38848;15249;23599;44316;17529
3232;20 jaar;Totaal mannen en vrouwen;2019;153601;64227;23149;41078;16209;24869;46090;18137
3233;20 jaar;Totaal mannen en vrouwen;2020;153961;65405;22827;42578;16705;25873;46556;18849
3234;20 jaar;Totaal mannen en vrouwen;2021;159077;65074;22752;42322;16553;25769;46100;18974
3235;20 jaar;Totaal mannen en vrouwen;2022;157874;66131;22686;43445;17267;26178;46642;19489
3236;20 jaar;Totaal mannen en vrouwen;2023;155433;67109;22632;44477;17968;26509;47094;20015
3237;20 jaar;Totaal mannen en vrouwen;2024;152078;67977;22583;45394;18649;26745;47436;20541
3238;20 jaar;Totaal mannen en vrouwen;2025;148639;68782;22545;46237;19306;26931;47733;21049
3239;20 jaar;Totaal mannen en vrouwen;2026;145115;69572;22518;47054;19933;27121;48040;21532
3240;20 jaar;Totaal mannen en vrouwen;2027;141830;70268;22494;47774;20528;27246;48278;21990
3241;20 jaar;Totaal mannen en vrouwen;2028;138879;70866;22478;48388;21076;27312;48448;22418
3242;20 jaar;Totaal mannen en vrouwen;2029;136473;71386;22475;48911;21586;27325;48571;22815
3243;20 jaar;Totaal mannen en vrouwen;2030;134437;71815;22467;49348;22051;27297;48638;23177
3244;20 jaar;Totaal mannen en vrouwen;2031;133073;72167;22467;49700;22472;27228;48671;23496
3245;20 jaar;Totaal mannen en vrouwen;2032;132292;72447;22463;49984;22850;27134;48679;23768
3246;20 jaar;Totaal mannen en vrouwen;2033;131939;72671;22465;50206;23188;27018;48674;23997
3247;20 jaar;Totaal mannen en vrouwen;2034;132043;72832;22460;50372;23483;26889;48651;24181
3248;20 jaar;Totaal mannen en vrouwen;2035;132465;72947;22460;50487;23742;26745;48619;24328
3249;20 jaar;Totaal mannen en vrouwen;2036;133144;73012;22460;50552;23962;26590;48576;24436
3250;20 jaar;Totaal mannen en vrouwen;2037;134061;73042;22462;50580;24031;26549;48536;24506
3251;20 jaar;Totaal mannen en vrouwen;2038;135158;73038;22465;50573;24071;26502;48490;24548
3252;20 jaar;Totaal mannen en vrouwen;2039;136380;73000;22465;50535;24089;26446;48435;24565
3253;20 jaar;Totaal mannen en vrouwen;2040;137633;72938;22466;50472;24088;26384;48373;24565
3254;20 jaar;Totaal mannen en vrouwen;2041;138856;72858;22468;50390;24073;26317;48309;24549
3255;20 jaar;Totaal mannen en vrouwen;2042;140008;72780;22471;50309;24055;26254;48252;24528
3256;20 jaar;Totaal mannen en vrouwen;2043;141070;72701;22474;50227;24033;26194;48197;24504
3257;20 jaar;Totaal mannen en vrouwen;2044;142031;72627;22475;50152;24010;26142;48153;24474
3258;20 jaar;Totaal mannen en vrouwen;2045;142886;72562;22478;50084;23989;26095;48112;24450
3259;20 jaar;Totaal mannen en vrouwen;2046;143651;72493;22478;50015;23964;26051;48074;24419
3260;20 jaar;Totaal mannen en vrouwen;2047;144308;72435;22481;49954;23944;26010;48041;24394
3261;20 jaar;Totaal mannen en vrouwen;2048;144890;72385;22482;49903;23927;25976;48016;24369
3262;20 jaar;Totaal mannen en vrouwen;2049;145382;72332;22482;49850;23904;25946;47991;24341
3263;20 jaar;Totaal mannen en vrouwen;2050;145781;72289;22483;49806;23889;25917;47970;24319
3264;20 jaar;Mannen;2000;75275;19740;8491;11249;5679;5570;12530;7210
3265;20 jaar;Mannen;2001;77713;21330;8774;12556;6048;6508;13662;7668
3266;20 jaar;Mannen;2002;75303;22629;9494;13135;6061;7074;14967;7662
3267;20 jaar;Mannen;2003;73014;22960;10100;12860;5866;6994;15498;7462
3268;20 jaar;Mannen;2004;72117;23003;10132;12871;5803;7068;15631;7372
3269;20 jaar;Mannen;2005;74159;23526;10250;13276;6032;7244;15984;7542
3270;20 jaar;Mannen;2006;75484;23698;10253;13445;6129;7316;16128;7570
3271;20 jaar;Mannen;2007;77677;24344;10337;14007;6375;7632;16565;7779
3272;20 jaar;Mannen;2008;78999;24802;10359;14443;6346;8097;16992;7810
3273;20 jaar;Mannen;2009;77616;25725;10427;15298;6431;8867;17912;7813
3274;20 jaar;Mannen;2010;77916;26362;10510;15852;6551;9301;18458;7904
3275;20 jaar;Mannen;2011;81895;27310;10512;16798;6982;9816;19199;8111
3276;20 jaar;Mannen;2012;81298;27678;10365;17313;7179;10134;19410;8268
3277;20 jaar;Mannen;2013;80026;28242;10508;17734;7138;10596;20151;8091
3278;20 jaar;Mannen;2014;79150;28209;10446;17763;7395;10368;19910;8299
3279;20 jaar;Mannen;2015;79198;29003;10450;18553;7450;11103;20639;8364
3280;20 jaar;Mannen;2016;76764;29101;10575;18526;7445;11081;20597;8504
3281;20 jaar;Mannen;2017;76468;29872;10823;19049;7523;11526;21177;8695
3282;20 jaar;Mannen;2018;75899;30823;10939;19884;7821;12063;22053;8770
3283;20 jaar;Mannen;2019;78409;32057;11018;21039;8307;12732;22951;9106
3284;20 jaar;Mannen;2020;78772;32752;10909;21843;8580;13263;23219;9533
3285;20 jaar;Mannen;2021;81233;32521;10862;21659;8471;13188;23011;9510
3286;20 jaar;Mannen;2022;80608;33058;10828;22230;8833;13397;23278;9780
3287;20 jaar;Mannen;2023;79361;33559;10797;22762;9195;13567;23502;10057
3288;20 jaar;Mannen;2024;77643;34004;10771;23233;9546;13687;23669;10335
3289;20 jaar;Mannen;2025;75885;34418;10753;23665;9884;13781;23821;10597
3290;20 jaar;Mannen;2026;74082;34825;10742;24083;10204;13879;23975;10850
3291;20 jaar;Mannen;2027;72401;35185;10732;24453;10509;13944;24096;11089
3292;20 jaar;Mannen;2028;70896;35493;10726;24767;10787;13980;24180;11313
3293;20 jaar;Mannen;2029;69665;35761;10727;25034;11047;13987;24240;11521
3294;20 jaar;Mannen;2030;68621;35985;10726;25259;11288;13971;24276;11709
3295;20 jaar;Mannen;2031;67925;36168;10728;25440;11503;13937;24290;11878
3296;20 jaar;Mannen;2032;67528;36313;10725;25588;11698;13890;24293;12020
3297;20 jaar;Mannen;2033;67346;36430;10728;25702;11872;13830;24289;12141
3298;20 jaar;Mannen;2034;67399;36514;10727;25787;12020;13767;24278;12236
3299;20 jaar;Mannen;2035;67613;36572;10727;25845;12154;13691;24261;12311
3300;20 jaar;Mannen;2036;67965;36604;10726;25878;12266;13612;24237;12367
3301;20 jaar;Mannen;2037;68434;36621;10726;25895;12301;13594;24217;12404
3302;20 jaar;Mannen;2038;69005;36618;10726;25892;12324;13568;24191;12427
3303;20 jaar;Mannen;2039;69630;36600;10728;25872;12333;13539;24164;12436
3304;20 jaar;Mannen;2040;70268;36569;10730;25839;12332;13507;24132;12437
3305;20 jaar;Mannen;2041;70895;36529;10729;25800;12326;13474;24101;12428
3306;20 jaar;Mannen;2042;71483;36490;10731;25759;12318;13441;24071;12419
3307;20 jaar;Mannen;2043;72029;36443;10730;25713;12303;13410;24040;12403
3308;20 jaar;Mannen;2044;72517;36408;10732;25676;12292;13384;24017;12391
3309;20 jaar;Mannen;2045;72954;36376;10734;25642;12282;13360;23999;12377
3310;20 jaar;Mannen;2046;73349;36339;10734;25605;12267;13338;23976;12363
3311;20 jaar;Mannen;2047;73687;36309;10733;25576;12260;13316;23960;12349
3312;20 jaar;Mannen;2048;73983;36284;10734;25550;12251;13299;23948;12336
3313;20 jaar;Mannen;2049;74239;36256;10733;25523;12239;13284;23934;12322
3314;20 jaar;Mannen;2050;74444;36233;10733;25500;12231;13269;23923;12310
3315;20 jaar;Vrouwen;2000;72533;20017;9396;10621;5365;5256;12677;7340
3316;20 jaar;Vrouwen;2001;74323;21609;9554;12055;5765;6290;13882;7727
3317;20 jaar;Vrouwen;2002;72994;22154;9651;12503;5736;6767;14459;7695
3318;20 jaar;Vrouwen;2003;69989;22390;10180;12210;5619;6591;14782;7608
3319;20 jaar;Vrouwen;2004;69164;22889;10437;12452;5568;6884;15265;7624
3320;20 jaar;Vrouwen;2005;70877;23501;10863;12638;5764;6874;15779;7722
3321;20 jaar;Vrouwen;2006;72890;23916;11075;12841;5678;7163;16100;7816
3322;20 jaar;Vrouwen;2007;75525;24477;10954;13523;6091;7432;16476;8001
3323;20 jaar;Vrouwen;2008;75192;25035;11068;13967;6073;7894;17088;7947
3324;20 jaar;Vrouwen;2009;74502;25972;11197;14775;6336;8439;17721;8251
3325;20 jaar;Vrouwen;2010;75575;26366;11281;15085;6261;8824;18242;8124
3326;20 jaar;Vrouwen;2011;77889;27604;11272;16332;6744;9588;19225;8379
3327;20 jaar;Vrouwen;2012;78243;27820;11310;16510;6855;9655;19372;8448
3328;20 jaar;Vrouwen;2013;76585;28233;11328;16905;6984;9921;19734;8499
3329;20 jaar;Vrouwen;2014;76192;28377;11356;17021;6946;10075;20016;8361
3330;20 jaar;Vrouwen;2015;75933;29110;11423;17687;7049;10638;20599;8511
3331;20 jaar;Vrouwen;2016;73754;29204;11511;17693;7139;10554;20611;8593
3332;20 jaar;Vrouwen;2017;72725;29762;11822;17940;7083;10857;21182;8580
3333;20 jaar;Vrouwen;2018;73330;31019;12055;18964;7426;11538;22263;8756
3334;20 jaar;Vrouwen;2019;75192;32170;12132;20038;7902;12136;23139;9031
3335;20 jaar;Vrouwen;2020;75194;32649;11917;20732;8122;12610;23333;9316
3336;20 jaar;Vrouwen;2021;77846;32551;11887;20664;8084;12580;23089;9462
3337;20 jaar;Vrouwen;2022;77265;33074;11859;21215;8433;12782;23366;9708
3338;20 jaar;Vrouwen;2023;76071;33552;11835;21717;8773;12944;23595;9957
3339;20 jaar;Vrouwen;2024;74435;33974;11811;22163;9106;13057;23766;10208
3340;20 jaar;Vrouwen;2025;72752;34366;11793;22573;9423;13150;23913;10453
3341;20 jaar;Vrouwen;2026;71033;34747;11775;22972;9731;13241;24065;10682
3342;20 jaar;Vrouwen;2027;69429;35083;11762;23321;10019;13302;24182;10901
3343;20 jaar;Vrouwen;2028;67980;35376;11754;23622;10290;13332;24271;11105
3344;20 jaar;Vrouwen;2029;66810;35623;11750;23873;10533;13340;24329;11294
3345;20 jaar;Vrouwen;2030;65814;35832;11744;24088;10761;13327;24365;11467
3346;20 jaar;Vrouwen;2031;65147;35999;11738;24261;10971;13290;24380;11619
3347;20 jaar;Vrouwen;2032;64762;36137;11738;24399;11156;13243;24387;11750
3348;20 jaar;Vrouwen;2033;64589;36245;11739;24506;11319;13187;24384;11861
3349;20 jaar;Vrouwen;2034;64638;36323;11736;24587;11463;13124;24376;11947
3350;20 jaar;Vrouwen;2035;64851;36376;11735;24641;11587;13054;24359;12017
3351;20 jaar;Vrouwen;2036;65179;36408;11735;24673;11694;12979;24339;12069
3352;20 jaar;Vrouwen;2037;65627;36421;11736;24685;11728;12957;24320;12101
3353;20 jaar;Vrouwen;2038;66156;36417;11736;24681;11748;12933;24295;12122
3354;20 jaar;Vrouwen;2039;66750;36400;11738;24662;11757;12905;24271;12129
3355;20 jaar;Vrouwen;2040;67363;36371;11739;24632;11757;12875;24243;12128
3356;20 jaar;Vrouwen;2041;67961;36329;11739;24590;11748;12842;24208;12121
3357;20 jaar;Vrouwen;2042;68521;36294;11742;24552;11740;12812;24183;12111
3358;20 jaar;Vrouwen;2043;69045;36254;11743;24511;11726;12785;24156;12098
3359;20 jaar;Vrouwen;2044;69513;36221;11745;24476;11719;12757;24136;12085
3360;20 jaar;Vrouwen;2045;69930;36188;11745;24443;11709;12734;24116;12072
3361;20 jaar;Vrouwen;2046;70301;36155;11746;24409;11694;12715;24097;12058
3362;20 jaar;Vrouwen;2047;70625;36122;11746;24376;11684;12692;24079;12043
3363;20 jaar;Vrouwen;2048;70906;36102;11748;24354;11676;12678;24069;12033
3364;20 jaar;Vrouwen;2049;71145;36074;11748;24326;11664;12662;24056;12018
3365;20 jaar;Vrouwen;2050;71338;36055;11750;24305;11658;12647;24046;12009
3366;21 jaar;Totaal mannen en vrouwen;2000;149422;40286;19731;20555;10900;9655;25025;15261
3367;21 jaar;Totaal mannen en vrouwen;2001;147773;42234;20372;21862;11039;10823;26714;15520
3368;21 jaar;Totaal mannen en vrouwen;2002;151974;45328;20729;24599;11808;12791;28941;16387
3369;21 jaar;Totaal mannen en vrouwen;2003;148241;47146;21520;25626;11789;13837;30792;16354
3370;21 jaar;Totaal mannen en vrouwen;2004;142975;47670;22612;25058;11481;13577;31603;16067
3371;21 jaar;Totaal mannen en vrouwen;2005;141263;48195;22886;25309;11362;13947;32200;15995
3372;21 jaar;Totaal mannen en vrouwen;2006;144998;49303;23400;25903;11792;14111;33047;16256
3373;21 jaar;Totaal mannen en vrouwen;2007;148323;49867;23591;26276;11803;14473;33494;16373
3374;21 jaar;Totaal mannen en vrouwen;2008;153125;51056;23535;27521;12462;15059;34293;16763
3375;21 jaar;Totaal mannen en vrouwen;2009;154109;52048;23648;28400;12415;15985;35313;16735
3376;21 jaar;Totaal mannen en vrouwen;2010;152044;53893;23831;30062;12762;17300;36860;17033
3377;21 jaar;Totaal mannen en vrouwen;2011;153403;54914;23987;30927;12811;18116;37932;16982
3378;21 jaar;Totaal mannen en vrouwen;2012;159673;57085;23969;33116;13720;19396;39660;17425
3379;21 jaar;Totaal mannen en vrouwen;2013;159427;57667;23858;33809;14029;19780;40028;17639
3380;21 jaar;Totaal mannen en vrouwen;2014;156514;58630;24007;34623;14114;20509;41130;17500
3381;21 jaar;Totaal mannen en vrouwen;2015;155245;58731;23960;34771;14336;20435;41179;17552
3382;21 jaar;Totaal mannen en vrouwen;2016;155034;60251;24025;36226;14494;21732;42492;17759
3383;21 jaar;Totaal mannen en vrouwen;2017;150441;60429;24225;36204;14578;21626;42469;17960
3384;21 jaar;Totaal mannen en vrouwen;2018;149116;61735;24759;36976;14601;22375;43616;18119
3385;21 jaar;Totaal mannen en vrouwen;2019;149142;63932;25095;38837;15248;23589;45574;18358
3386;21 jaar;Totaal mannen en vrouwen;2020;153498;66303;25240;41063;16202;24861;47349;18954
3387;21 jaar;Totaal mannen en vrouwen;2021;153858;67479;24919;42560;16697;25863;47823;19656
3388;21 jaar;Totaal mannen en vrouwen;2022;158955;67157;24849;42308;16549;25759;47370;19787
3389;21 jaar;Totaal mannen en vrouwen;2023;157751;68219;24789;43430;17260;26170;47918;20301
3390;21 jaar;Totaal mannen en vrouwen;2024;155313;69199;24736;44463;17962;26501;48373;20826
3391;21 jaar;Totaal mannen en vrouwen;2025;151971;70071;24692;45379;18643;26736;48719;21352
3392;21 jaar;Totaal mannen en vrouwen;2026;148541;70878;24658;46220;19299;26921;49018;21860
3393;21 jaar;Totaal mannen en vrouwen;2027;145028;71669;24632;47037;19925;27112;49326;22343
3394;21 jaar;Totaal mannen en vrouwen;2028;141752;72367;24610;47757;20521;27236;49566;22801
3395;21 jaar;Totaal mannen en vrouwen;2029;138808;72967;24596;48371;21069;27302;49738;23229
3396;21 jaar;Totaal mannen en vrouwen;2030;136416;73484;24593;48891;21574;27317;49858;23626
3397;21 jaar;Totaal mannen en vrouwen;2031;134380;73919;24588;49331;22043;27288;49929;23990
3398;21 jaar;Totaal mannen en vrouwen;2032;133019;74271;24588;49683;22464;27219;49963;24308
3399;21 jaar;Totaal mannen en vrouwen;2033;132240;74555;24587;49968;22845;27123;49973;24582
3400;21 jaar;Totaal mannen en vrouwen;2034;131890;74778;24588;50190;23181;27009;49966;24812
3401;21 jaar;Totaal mannen en vrouwen;2035;131987;74942;24586;50356;23477;26879;49946;24996
3402;21 jaar;Totaal mannen en vrouwen;2036;132410;75054;24585;50469;23731;26738;49913;25141
3403;21 jaar;Totaal mannen en vrouwen;2037;133088;75120;24586;50534;23952;26582;49868;25252
3404;21 jaar;Totaal mannen en vrouwen;2038;134001;75149;24588;50561;24020;26541;49829;25320
3405;21 jaar;Totaal mannen en vrouwen;2039;135093;75149;24592;50557;24065;26492;49784;25365
3406;21 jaar;Totaal mannen en vrouwen;2040;136308;75112;24592;50520;24085;26435;49731;25381
3407;21 jaar;Totaal mannen en vrouwen;2041;137560;75049;24593;50456;24080;26376;49671;25378
3408;21 jaar;Totaal mannen en vrouwen;2042;138775;74970;24597;50373;24066;26307;49605;25365
3409;21 jaar;Totaal mannen en vrouwen;2043;139922;74893;24597;50296;24051;26245;49550;25343
3410;21 jaar;Totaal mannen en vrouwen;2044;140983;74810;24600;50210;24024;26186;49494;25316
3411;21 jaar;Totaal mannen en vrouwen;2045;141942;74737;24602;50135;24000;26135;49448;25289
3412;21 jaar;Totaal mannen en vrouwen;2046;142791;74673;24605;50068;23982;26086;49410;25263
3413;21 jaar;Totaal mannen en vrouwen;2047;143552;74605;24606;49999;23955;26044;49372;25233
3414;21 jaar;Totaal mannen en vrouwen;2048;144211;74543;24608;49935;23932;26003;49337;25206
3415;21 jaar;Totaal mannen en vrouwen;2049;144788;74494;24608;49886;23916;25970;49313;25181
3416;21 jaar;Totaal mannen en vrouwen;2050;145274;74443;24608;49835;23900;25935;49289;25154
3417;21 jaar;Mannen;2000;76349;19660;9212;10448;5557;4891;12200;7460
3418;21 jaar;Mannen;2001;75196;20694;9451;11243;5676;5567;13120;7574
3419;21 jaar;Mannen;2002;77619;22255;9709;12546;6043;6503;14221;8034
3420;21 jaar;Mannen;2003;75216;23534;10407;13127;6056;7071;15502;8032
3421;21 jaar;Mannen;2004;72941;23839;10987;12852;5861;6991;16010;7829
3422;21 jaar;Mannen;2005;72047;23881;11017;12864;5800;7064;16137;7744
3423;21 jaar;Mannen;2006;74077;24395;11128;13267;6029;7238;16484;7911
3424;21 jaar;Mannen;2007;75399;24557;11121;13436;6123;7313;16621;7936
3425;21 jaar;Mannen;2008;77575;25194;11194;14000;6371;7629;17057;8137
3426;21 jaar;Mannen;2009;78894;25641;11205;14436;6342;8094;17476;8165
3427;21 jaar;Mannen;2010;77514;26559;11268;15291;6427;8864;18395;8164
3428;21 jaar;Mannen;2011;77810;27200;11356;15844;6547;9297;18942;8258
3429;21 jaar;Mannen;2012;81772;28144;11356;16788;6975;9813;19691;8453
3430;21 jaar;Mannen;2013;81176;28515;11213;17302;7174;10128;19909;8606
3431;21 jaar;Mannen;2014;79911;29076;11353;17723;7131;10592;20646;8430
3432;21 jaar;Mannen;2015;79037;29043;11290;17753;7391;10362;20414;8629
3433;21 jaar;Mannen;2016;79086;29837;11294;18543;7446;11097;21147;8690
3434;21 jaar;Mannen;2017;76663;29932;11418;18514;7440;11074;21108;8824
3435;21 jaar;Mannen;2018;76363;30698;11658;19040;7522;11518;21688;9010
3436;21 jaar;Mannen;2019;75793;31645;11769;19876;7821;12055;22567;9078
3437;21 jaar;Mannen;2020;78292;32874;11845;21029;8305;12724;23466;9408
3438;21 jaar;Mannen;2021;78648;33574;11740;21834;8577;13257;23742;9832
3439;21 jaar;Mannen;2022;81103;33344;11696;21648;8466;13182;23532;9812
3440;21 jaar;Mannen;2023;80477;33886;11663;22223;8832;13391;23804;10082
3441;21 jaar;Mannen;2024;79232;34386;11634;22752;9191;13561;24027;10359
3442;21 jaar;Mannen;2025;77523;34831;11609;23222;9541;13681;24198;10633
3443;21 jaar;Mannen;2026;75769;35247;11594;23653;9876;13777;24348;10899
3444;21 jaar;Mannen;2027;73977;35653;11582;24071;10197;13874;24503;11150
3445;21 jaar;Mannen;2028;72300;36014;11572;24442;10504;13938;24625;11389
3446;21 jaar;Mannen;2029;70798;36323;11568;24755;10784;13971;24710;11613
3447;21 jaar;Mannen;2030;69570;36594;11570;25024;11044;13980;24773;11821
3448;21 jaar;Mannen;2031;68532;36816;11569;25247;11282;13965;24806;12010
3449;21 jaar;Mannen;2032;67839;36999;11571;25428;11496;13932;24822;12177
3450;21 jaar;Mannen;2033;67440;37147;11571;25576;11694;13882;24827;12320
3451;21 jaar;Mannen;2034;67259;37264;11573;25691;11867;13824;24823;12441
3452;21 jaar;Mannen;2035;67315;37345;11571;25774;12015;13759;24810;12535
3453;21 jaar;Mannen;2036;67527;37404;11572;25832;12147;13685;24793;12611
3454;21 jaar;Mannen;2037;67873;37442;11574;25868;12262;13606;24773;12669
3455;21 jaar;Mannen;2038;68344;37454;11572;25882;12297;13585;24749;12705
3456;21 jaar;Mannen;2039;68909;37456;11575;25881;12318;13563;24727;12729
3457;21 jaar;Mannen;2040;69532;37436;11575;25861;12327;13534;24698;12738
3458;21 jaar;Mannen;2041;70170;37405;11575;25830;12329;13501;24668;12737
3459;21 jaar;Mannen;2042;70791;37365;11576;25789;12321;13468;24635;12730
3460;21 jaar;Mannen;2043;71380;37323;11577;25746;12309;13437;24604;12719
3461;21 jaar;Mannen;2044;71919;37280;11576;25704;12298;13406;24576;12704
3462;21 jaar;Mannen;2045;72410;37242;11578;25664;12286;13378;24552;12690
3463;21 jaar;Mannen;2046;72847;37209;11578;25631;12276;13355;24532;12677
3464;21 jaar;Mannen;2047;73234;37178;11580;25598;12268;13330;24516;12662
3465;21 jaar;Mannen;2048;73571;37148;11581;25567;12254;13313;24497;12651
3466;21 jaar;Mannen;2049;73867;37122;11581;25541;12247;13294;24486;12636
3467;21 jaar;Mannen;2050;74118;37096;11581;25515;12234;13281;24473;12623
3468;21 jaar;Vrouwen;2000;73073;20626;10519;10107;5343;4764;12825;7801
3469;21 jaar;Vrouwen;2001;72578;21538;10919;10619;5363;5256;13595;7943
3470;21 jaar;Vrouwen;2002;74356;23072;11018;12054;5766;6288;14719;8353
3471;21 jaar;Vrouwen;2003;73030;23608;11110;12498;5732;6766;15288;8320
3472;21 jaar;Vrouwen;2004;70035;23830;11623;12207;5620;6587;15592;8238
3473;21 jaar;Vrouwen;2005;69216;24315;11868;12447;5563;6884;16063;8252
3474;21 jaar;Vrouwen;2006;70925;24905;12272;12633;5761;6872;16563;8342
3475;21 jaar;Vrouwen;2007;72924;25310;12472;12838;5678;7160;16872;8438
3476;21 jaar;Vrouwen;2008;75550;25861;12341;13520;6089;7431;17237;8624
3477;21 jaar;Vrouwen;2009;75216;26406;12442;13964;6074;7890;17837;8569
3478;21 jaar;Vrouwen;2010;74530;27334;12563;14771;6336;8435;18464;8870
3479;21 jaar;Vrouwen;2011;75593;27714;12631;15083;6262;8821;18989;8725
3480;21 jaar;Vrouwen;2012;77899;28943;12616;16327;6742;9585;19972;8971
3481;21 jaar;Vrouwen;2013;78254;29149;12643;16506;6853;9653;20120;9029
3482;21 jaar;Vrouwen;2014;76604;29553;12654;16899;6980;9919;20482;9071
3483;21 jaar;Vrouwen;2015;76209;29687;12670;17017;6944;10073;20764;8923
3484;21 jaar;Vrouwen;2016;75950;30413;12730;17683;7048;10635;21346;9067
3485;21 jaar;Vrouwen;2017;73781;30494;12806;17688;7135;10553;21359;9135
3486;21 jaar;Vrouwen;2018;72753;31037;13102;17935;7080;10855;21928;9109
3487;21 jaar;Vrouwen;2019;73350;32286;13327;18959;7423;11536;23006;9280
3488;21 jaar;Vrouwen;2020;75207;33428;13395;20033;7899;12134;23882;9546
3489;21 jaar;Vrouwen;2021;75206;33909;13181;20728;8121;12607;24084;9825
3490;21 jaar;Vrouwen;2022;77854;33811;13152;20659;8081;12578;23837;9974
3491;21 jaar;Vrouwen;2023;77274;34333;13125;21208;8429;12779;24115;10218
3492;21 jaar;Vrouwen;2024;76080;34814;13103;21711;8771;12940;24346;10468
3493;21 jaar;Vrouwen;2025;74447;35241;13082;22159;9104;13055;24521;10720
3494;21 jaar;Vrouwen;2026;72772;35630;13062;22568;9422;13146;24669;10961
3495;21 jaar;Vrouwen;2027;71052;36015;13048;22967;9731;13236;24821;11194
3496;21 jaar;Vrouwen;2028;69450;36355;13038;23317;10019;13298;24942;11413
3497;21 jaar;Vrouwen;2029;68010;36644;13030;23614;10284;13330;25027;11617
3498;21 jaar;Vrouwen;2030;66843;36893;13024;23869;10534;13335;25088;11805
3499;21 jaar;Vrouwen;2031;65848;37104;13020;24084;10763;13321;25124;11980
3500;21 jaar;Vrouwen;2032;65182;37271;13016;24255;10966;13289;25140;12131
3501;21 jaar;Vrouwen;2033;64799;37409;13018;24391;11150;13241;25145;12264
3502;21 jaar;Vrouwen;2034;64630;37515;13016;24499;11315;13184;25144;12371
3503;21 jaar;Vrouwen;2035;64674;37595;13015;24580;11459;13121;25135;12460
3504;21 jaar;Vrouwen;2036;64884;37650;13013;24637;11586;13051;25119;12531
3505;21 jaar;Vrouwen;2037;65211;37683;13015;24668;11692;12976;25099;12584
3506;21 jaar;Vrouwen;2038;65658;37694;13015;24679;11725;12954;25079;12615
3507;21 jaar;Vrouwen;2039;66186;37691;13016;24675;11745;12930;25057;12634
3508;21 jaar;Vrouwen;2040;66777;37675;13018;24657;11753;12904;25031;12644
3509;21 jaar;Vrouwen;2041;67390;37644;13018;24626;11753;12873;25001;12643
3510;21 jaar;Vrouwen;2042;67981;37608;13021;24587;11747;12840;24973;12635
3511;21 jaar;Vrouwen;2043;68544;37568;13022;24546;11738;12808;24944;12624
3512;21 jaar;Vrouwen;2044;69064;37530;13024;24506;11726;12780;24919;12611
3513;21 jaar;Vrouwen;2045;69533;37494;13025;24469;11713;12756;24897;12597
3514;21 jaar;Vrouwen;2046;69945;37462;13026;24436;11704;12732;24877;12585
3515;21 jaar;Vrouwen;2047;70316;37429;13027;24402;11692;12710;24858;12571
3516;21 jaar;Vrouwen;2048;70633;37402;13028;24374;11683;12691;24843;12559
3517;21 jaar;Vrouwen;2049;70918;37375;13028;24347;11673;12674;24830;12545
3518;21 jaar;Vrouwen;2050;71153;37349;13028;24321;11663;12658;24818;12531
3519;22 jaar;Totaal mannen en vrouwen;2000;148461;40549;21725;18824;10374;8450;24936;15613
3520;22 jaar;Totaal mannen en vrouwen;2001;149330;42925;22377;20548;10896;9652;26562;16363
3521;22 jaar;Totaal mannen en vrouwen;2002;147689;44793;22943;21850;11034;10816;28143;16650
3522;22 jaar;Totaal mannen en vrouwen;2003;151853;47866;23278;24588;11802;12786;30345;17521
3523;22 jaar;Totaal mannen en vrouwen;2004;148131;49646;24032;25614;11785;13829;32157;17489
3524;22 jaar;Totaal mannen en vrouwen;2005;142890;50128;25081;25047;11478;13569;32929;17199
3525;22 jaar;Totaal mannen en vrouwen;2006;141188;50634;25335;25299;11360;13939;33508;17126
3526;22 jaar;Totaal mannen en vrouwen;2007;144905;51711;25822;25889;11785;14104;34335;17376
3527;22 jaar;Totaal mannen en vrouwen;2008;148206;52259;25995;26264;11798;14466;34768;17491
3528;22 jaar;Totaal mannen en vrouwen;2009;152987;53432;25923;27509;12458;15051;35557;17875
3529;22 jaar;Totaal mannen en vrouwen;2010;153966;54409;26020;28389;12412;15977;36572;17837
3530;22 jaar;Totaal mannen en vrouwen;2011;151906;56240;26191;30049;12758;17291;38117;18123
3531;22 jaar;Totaal mannen en vrouwen;2012;153253;57250;26336;30914;12804;18110;39199;18051
3532;22 jaar;Totaal mannen en vrouwen;2013;159486;59412;26310;33102;13713;19389;40935;18477
3533;22 jaar;Totaal mannen en vrouwen;2014;159242;59988;26192;33796;14022;19774;41314;18674
3534;22 jaar;Totaal mannen en vrouwen;2015;156339;60940;26331;34609;14109;20500;42416;18524
3535;22 jaar;Totaal mannen en vrouwen;2016;155076;61029;26271;34758;14329;20429;42470;18559
3536;22 jaar;Totaal mannen en vrouwen;2017;154859;62538;26326;36212;14488;21724;43785;18753
3537;22 jaar;Totaal mannen en vrouwen;2018;150296;62697;26508;36189;14570;21619;43765;18932
3538;22 jaar;Totaal mannen en vrouwen;2019;148970;63987;27024;36963;14597;22366;44913;19074
3539;22 jaar;Totaal mannen en vrouwen;2020;148993;66169;27347;38822;15240;23582;46870;19299
3540;22 jaar;Totaal mannen en vrouwen;2021;153321;68527;27481;41046;16198;24848;48643;19884
3541;22 jaar;Totaal mannen en vrouwen;2022;153672;69716;27170;42546;16690;25856;49129;20587
3542;22 jaar;Totaal mannen en vrouwen;2023;158750;69398;27105;42293;16541;25752;48678;20720
3543;22 jaar;Totaal mannen en vrouwen;2024;157547;70460;27047;43413;17253;26160;49227;21233
3544;22 jaar;Totaal mannen en vrouwen;2025;155118;71444;26998;44446;17955;26491;49685;21759
3545;22 jaar;Totaal mannen en vrouwen;2026;151781;72322;26958;45364;18639;26725;50037;22285
3546;22 jaar;Totaal mannen en vrouwen;2027;148366;73129;26925;46204;19291;26913;50336;22793
3547;22 jaar;Totaal mannen en vrouwen;2028;144868;73922;26901;47021;19919;27102;50647;23275
3548;22 jaar;Totaal mannen en vrouwen;2029;141599;74625;26883;47742;20515;27227;50890;23735
3549;22 jaar;Totaal mannen en vrouwen;2030;138667;75224;26870;48354;21062;27292;51062;24162
3550;22 jaar;Totaal mannen en vrouwen;2031;136283;75743;26869;48874;21569;27305;51182;24561
3551;22 jaar;Totaal mannen en vrouwen;2032;134256;76182;26866;49316;22038;27278;51258;24924
3552;22 jaar;Totaal mannen en vrouwen;2033;132902;76532;26866;49666;22457;27209;51289;25243
3553;22 jaar;Totaal mannen en vrouwen;2034;132124;76816;26865;49951;22837;27114;51298;25518
3554;22 jaar;Totaal mannen en vrouwen;2035;131772;77040;26868;50172;23170;27002;51293;25747
3555;22 jaar;Totaal mannen en vrouwen;2036;131871;77207;26867;50340;23468;26872;51275;25932
3556;22 jaar;Totaal mannen en vrouwen;2037;132291;77320;26866;50454;23725;26729;51243;26077
3557;22 jaar;Totaal mannen en vrouwen;2038;132962;77391;26870;50521;23947;26574;51202;26189
3558;22 jaar;Totaal mannen en vrouwen;2039;133869;77418;26872;50546;24014;26532;51160;26258
3559;22 jaar;Totaal mannen en vrouwen;2040;134957;77416;26874;50542;24056;26486;51117;26299
3560;22 jaar;Totaal mannen en vrouwen;2041;136165;77379;26876;50503;24076;26427;51063;26316
3561;22 jaar;Totaal mannen en vrouwen;2042;137408;77319;26877;50442;24074;26368;51003;26316
3562;22 jaar;Totaal mannen en vrouwen;2043;138622;77238;26879;50359;24061;26298;50938;26300
3563;22 jaar;Totaal mannen en vrouwen;2044;139763;77162;26882;50280;24042;26238;50883;26279
3564;22 jaar;Totaal mannen en vrouwen;2045;140819;77080;26885;50195;24017;26178;50828;26252
3565;22 jaar;Totaal mannen en vrouwen;2046;141773;77007;26887;50120;23994;26126;50784;26223
3566;22 jaar;Totaal mannen en vrouwen;2047;142618;76940;26889;50051;23973;26078;50744;26196
3567;22 jaar;Totaal mannen en vrouwen;2048;143376;76874;26889;49985;23950;26035;50707;26167
3568;22 jaar;Totaal mannen en vrouwen;2049;144032;76814;26891;49923;23929;25994;50673;26141
3569;22 jaar;Totaal mannen en vrouwen;2050;144608;76761;26890;49871;23909;25962;50649;26112
3570;22 jaar;Mannen;2000;75876;19444;9860;9584;5310;4274;12018;7426
3571;22 jaar;Mannen;2001;76231;20734;10292;10442;5554;4888;12851;7883
3572;22 jaar;Mannen;2002;75083;21745;10510;11235;5671;5564;13734;8011
3573;22 jaar;Mannen;2003;77481;23294;10755;12539;6040;6499;14827;8467
3574;22 jaar;Mannen;2004;75092;24546;11426;13120;6053;7067;16077;8469
3575;22 jaar;Mannen;2005;72826;24831;11986;12845;5858;6987;16566;8265
3576;22 jaar;Mannen;2006;71939;24863;12010;12853;5794;7059;16686;8177
3577;22 jaar;Mannen;2007;73957;25368;12108;13260;6025;7235;17028;8340
3578;22 jaar;Mannen;2008;75269;25526;12097;13429;6119;7310;17163;8363
3579;22 jaar;Mannen;2009;77431;26155;12161;13994;6368;7626;17597;8558
3580;22 jaar;Mannen;2010;78745;26595;12166;14429;6338;8091;18014;8581
3581;22 jaar;Mannen;2011;77366;27516;12234;15282;6423;8859;18935;8581
3582;22 jaar;Mannen;2012;77661;28155;12319;15836;6544;9292;19489;8666
3583;22 jaar;Mannen;2013;81597;29100;12320;16780;6974;9806;20243;8857
3584;22 jaar;Mannen;2014;81005;29471;12177;17294;7171;10123;20466;9005
3585;22 jaar;Mannen;2015;79745;30028;12314;17714;7130;10584;21206;8822
3586;22 jaar;Mannen;2016;78876;29996;12250;17746;7388;10358;20980;9016
3587;22 jaar;Mannen;2017;78919;30789;12254;18535;7446;11089;21712;9077
3588;22 jaar;Mannen;2018;76513;30880;12373;18507;7438;11069;21680;9200
3589;22 jaar;Mannen;2019;76215;31636;12606;19030;7514;11516;22259;9377
3590;22 jaar;Mannen;2020;75644;32579;12713;19866;7816;12050;23139;9440
3591;22 jaar;Mannen;2021;78124;33807;12787;21020;8303;12717;24040;9767
3592;22 jaar;Mannen;2022;78479;34507;12683;21824;8572;13252;24320;10187
3593;22 jaar;Mannen;2023;80920;34283;12645;21638;8464;13174;24114;10169
3594;22 jaar;Mannen;2024;80298;34822;12611;22211;8827;13384;24383;10439
3595;22 jaar;Mannen;2025;79055;35327;12586;22741;9185;13556;24611;10716
3596;22 jaar;Mannen;2026;77352;35773;12563;23210;9536;13674;24783;10990
3597;22 jaar;Mannen;2027;75608;36189;12549;23640;9870;13770;24934;11255
3598;22 jaar;Mannen;2028;73821;36597;12536;24061;10193;13868;25092;11505
3599;22 jaar;Mannen;2029;72150;36958;12529;24429;10497;13932;25213;11745
3600;22 jaar;Mannen;2030;70654;37268;12525;24743;10778;13965;25296;11972
3601;22 jaar;Mannen;2031;69434;37538;12526;25012;11038;13974;25360;12178
3602;22 jaar;Mannen;2032;68400;37762;12526;25236;11276;13960;25396;12366
3603;22 jaar;Mannen;2033;67708;37947;12528;25419;11494;13925;25413;12534
3604;22 jaar;Mannen;2034;67311;38094;12529;25565;11688;13877;25416;12678
3605;22 jaar;Mannen;2035;67134;38207;12530;25677;11856;13821;25411;12796
3606;22 jaar;Mannen;2036;67186;38294;12530;25764;12013;13751;25400;12894
3607;22 jaar;Mannen;2037;67392;38356;12532;25824;12144;13680;25386;12970
3608;22 jaar;Mannen;2038;67738;38392;12534;25858;12257;13601;25365;13027
3609;22 jaar;Mannen;2039;68206;38405;12532;25873;12293;13580;25343;13062
3610;22 jaar;Mannen;2040;68766;38407;12535;25872;12316;13556;25321;13086
3611;22 jaar;Mannen;2041;69386;38388;12536;25852;12324;13528;25293;13095
3612;22 jaar;Mannen;2042;70022;38356;12536;25820;12323;13497;25261;13095
3613;22 jaar;Mannen;2043;70638;38317;12537;25780;12318;13462;25229;13088
3614;22 jaar;Mannen;2044;71223;38275;12538;25737;12306;13431;25198;13077
3615;22 jaar;Mannen;2045;71763;38231;12537;25694;12294;13400;25169;13062
3616;22 jaar;Mannen;2046;72247;38195;12538;25657;12282;13375;25148;13047
3617;22 jaar;Mannen;2047;72683;38160;12539;25621;12272;13349;25126;13034
3618;22 jaar;Mannen;2048;73072;38127;12541;25586;12259;13327;25107;13020
3619;22 jaar;Mannen;2049;73408;38098;12542;25556;12248;13308;25092;13006
3620;22 jaar;Mannen;2050;73701;38071;12542;25529;12239;13290;25078;12993
3621;22 jaar;Vrouwen;2000;72585;21105;11865;9240;5064;4176;12918;8187
3622;22 jaar;Vrouwen;2001;73100;22190;12085;10105;5341;4764;13711;8479
3623;22 jaar;Vrouwen;2002;72605;23049;12433;10616;5363;5253;14410;8639
3624;22 jaar;Vrouwen;2003;74369;24575;12526;12049;5762;6287;15520;9055
3625;22 jaar;Vrouwen;2004;73038;25101;12605;12496;5732;6764;16079;9022
3626;22 jaar;Vrouwen;2005;70061;25300;13098;12202;5615;6587;16365;8935
3627;22 jaar;Vrouwen;2006;69250;25770;13327;12443;5562;6881;16821;8949
3628;22 jaar;Vrouwen;2007;70945;26346;13715;12631;5761;6870;17309;9037
3629;22 jaar;Vrouwen;2008;72940;26731;13896;12835;5676;7159;17603;9128
3630;22 jaar;Vrouwen;2009;75555;27278;13762;13516;6090;7426;17961;9317
3631;22 jaar;Vrouwen;2010;75221;27815;13855;13960;6072;7888;18559;9256
3632;22 jaar;Vrouwen;2011;74535;28729;13962;14767;6333;8434;19185;9544
3633;22 jaar;Vrouwen;2012;75591;29096;14017;15079;6261;8818;19710;9386
3634;22 jaar;Vrouwen;2013;77886;30315;13992;16323;6740;9583;20694;9621
3635;22 jaar;Vrouwen;2014;78239;30515;14013;16502;6852;9650;20845;9670
3636;22 jaar;Vrouwen;2015;76594;30912;14018;16894;6978;9916;21210;9702
3637;22 jaar;Vrouwen;2016;76203;31030;14019;17011;6940;10071;21490;9540
3638;22 jaar;Vrouwen;2017;75942;31747;14071;17676;7044;10632;22072;9675
3639;22 jaar;Vrouwen;2018;73780;31820;14136;17684;7133;10551;22087;9733
3640;22 jaar;Vrouwen;2019;72758;32349;14417;17932;7081;10851;22652;9697
3641;22 jaar;Vrouwen;2020;73350;33589;14633;18956;7425;11531;23730;9859
3642;22 jaar;Vrouwen;2021;75193;34725;14695;20030;7898;12132;24607;10118
3643;22 jaar;Vrouwen;2022;75196;35206;14484;20722;8117;12605;24808;10398
3644;22 jaar;Vrouwen;2023;77829;35116;14462;20654;8078;12576;24567;10549
3645;22 jaar;Vrouwen;2024;77249;35638;14436;21202;8425;12777;24844;10794
3646;22 jaar;Vrouwen;2025;76061;36119;14415;21704;8767;12937;25077;11042
3647;22 jaar;Vrouwen;2026;74431;36547;14394;22153;9102;13051;25252;11295
3648;22 jaar;Vrouwen;2027;72758;36941;14378;22563;9420;13143;25403;11538
3649;22 jaar;Vrouwen;2028;71049;37323;14363;22960;9727;13233;25555;11768
3650;22 jaar;Vrouwen;2029;69448;37667;14355;23312;10016;13296;25676;11991
3651;22 jaar;Vrouwen;2030;68013;37956;14347;23609;10284;13325;25764;12192
3652;22 jaar;Vrouwen;2031;66847;38208;14344;23864;10533;13331;25825;12383
3653;22 jaar;Vrouwen;2032;65858;38419;14339;24080;10761;13319;25862;12557
3654;22 jaar;Vrouwen;2033;65196;38583;14335;24248;10964;13284;25875;12708
3655;22 jaar;Vrouwen;2034;64812;38723;14336;24387;11150;13237;25883;12840
3656;22 jaar;Vrouwen;2035;64639;38831;14338;24493;11313;13180;25881;12950
3657;22 jaar;Vrouwen;2036;64688;38910;14336;24574;11456;13118;25872;13038
3658;22 jaar;Vrouwen;2037;64897;38965;14334;24631;11582;13049;25857;13108
3659;22 jaar;Vrouwen;2038;65226;38997;14337;24660;11687;12973;25836;13161
3660;22 jaar;Vrouwen;2039;65662;39014;14339;24675;11724;12951;25821;13193
3661;22 jaar;Vrouwen;2040;66189;39011;14339;24672;11744;12928;25797;13214
3662;22 jaar;Vrouwen;2041;66777;38993;14341;24652;11751;12901;25771;13222
3663;22 jaar;Vrouwen;2042;67387;38962;14342;24620;11751;12869;25741;13221
3664;22 jaar;Vrouwen;2043;67981;38924;14343;24581;11744;12837;25712;13212
3665;22 jaar;Vrouwen;2044;68540;38886;14345;24541;11734;12807;25684;13202
3666;22 jaar;Vrouwen;2045;69054;38851;14348;24503;11723;12780;25660;13191
3667;22 jaar;Vrouwen;2046;69522;38815;14349;24466;11713;12753;25639;13176
3668;22 jaar;Vrouwen;2047;69936;38779;14347;24432;11702;12730;25617;13162
3669;22 jaar;Vrouwen;2048;70306;38745;14348;24397;11690;12707;25598;13147
3670;22 jaar;Vrouwen;2049;70622;38717;14349;24368;11680;12688;25582;13135
3671;22 jaar;Vrouwen;2050;70905;38693;14351;24342;11671;12671;25571;13122
3672;23 jaar;Totaal mannen en vrouwen;2000;152649;40397;22597;17800;10349;7451;23715;16682
3673;23 jaar;Totaal mannen en vrouwen;2001;148328;43264;24447;18817;10370;8447;26478;16786
3674;23 jaar;Totaal mannen en vrouwen;2002;149190;45559;25023;20536;10891;9645;28005;17554
3675;23 jaar;Totaal mannen en vrouwen;2003;147547;47416;25576;21840;11027;10813;29568;17848
3676;23 jaar;Totaal mannen en vrouwen;2004;151667;50451;25875;24576;11798;12778;31734;18717
3677;23 jaar;Totaal mannen en vrouwen;2005;147957;52195;26591;25604;11781;13823;33509;18686
3678;23 jaar;Totaal mannen en vrouwen;2006;142747;52629;27590;25039;11474;13565;34243;18386
3679;23 jaar;Totaal mannen en vrouwen;2007;141056;53116;27827;25289;11355;13934;34805;18311
3680;23 jaar;Totaal mannen en vrouwen;2008;144754;54165;28285;25880;11781;14099;35616;18549
3681;23 jaar;Totaal mannen en vrouwen;2009;148037;54695;28442;26253;11791;14462;36036;18659
3682;23 jaar;Totaal mannen en vrouwen;2010;152785;55860;28362;27498;12452;15046;36827;19033
3683;23 jaar;Totaal mannen en vrouwen;2011;153753;56825;28446;28379;12408;15971;37845;18980
3684;23 jaar;Totaal mannen en vrouwen;2012;151700;58645;28608;30037;12751;17286;39396;19249
3685;23 jaar;Totaal mannen en vrouwen;2013;153038;59641;28739;30902;12801;18101;40481;19160
3686;23 jaar;Totaal mannen en vrouwen;2014;159222;61791;28701;33090;13709;19381;42227;19564
3687;23 jaar;Totaal mannen en vrouwen;2015;158987;62357;28574;33783;14017;19766;42614;19743
3688;23 jaar;Totaal mannen en vrouwen;2016;156093;63299;28704;34595;14103;20492;43717;19582
3689;23 jaar;Totaal mannen en vrouwen;2017;154839;63377;28632;34745;14323;20422;43778;19599
3690;23 jaar;Totaal mannen en vrouwen;2018;154614;64876;28679;36197;14480;21717;45097;19779
3691;23 jaar;Totaal mannen en vrouwen;2019;150077;65023;28846;36177;14565;21612;45080;19943
3692;23 jaar;Totaal mannen en vrouwen;2020;148757;66289;29342;36947;14590;22357;46223;20066
3693;23 jaar;Totaal mannen en vrouwen;2021;148775;68459;29652;38807;15235;23572;48179;20280
3694;23 jaar;Totaal mannen en vrouwen;2022;153066;70814;29782;41032;16191;24841;49953;20861
3695;23 jaar;Totaal mannen en vrouwen;2023;153412;72007;29478;42529;16684;25845;50447;21560
3696;23 jaar;Totaal mannen en vrouwen;2024;158466;71698;29420;42278;16537;25741;50000;21698
3697;23 jaar;Totaal mannen en vrouwen;2025;157259;72766;29367;43399;17248;26151;50554;22212
3698;23 jaar;Totaal mannen en vrouwen;2026;154840;73753;29322;44431;17947;26484;51017;22736
3699;23 jaar;Totaal mannen en vrouwen;2027;151517;74629;29282;45347;18631;26716;51366;23263
3700;23 jaar;Totaal mannen en vrouwen;2028;148113;75443;29254;46189;19285;26904;51672;23771
3701;23 jaar;Totaal mannen en vrouwen;2029;144629;76237;29231;47006;19914;27092;51983;24254
3702;23 jaar;Totaal mannen en vrouwen;2030;141375;76941;29216;47725;20508;27217;52228;24713
3703;23 jaar;Totaal mannen en vrouwen;2031;138456;77543;29205;48338;21054;27284;52400;25143
3704;23 jaar;Totaal mannen en vrouwen;2032;136082;78062;29204;48858;21562;27296;52523;25539
3705;23 jaar;Totaal mannen en vrouwen;2033;134062;78504;29203;49301;22033;27268;52600;25904
3706;23 jaar;Totaal mannen en vrouwen;2034;132715;78853;29202;49651;22451;27200;52632;26221
3707;23 jaar;Totaal mannen en vrouwen;2035;131939;79136;29204;49932;22827;27105;52639;26497
3708;23 jaar;Totaal mannen en vrouwen;2036;131585;79364;29208;50156;23164;26992;52637;26727
3709;23 jaar;Totaal mannen en vrouwen;2037;131683;79532;29207;50325;23462;26863;52619;26913
3710;23 jaar;Totaal mannen en vrouwen;2038;132100;79647;29209;50438;23718;26720;52588;27059
3711;23 jaar;Totaal mannen en vrouwen;2039;132772;79711;29209;50502;23939;26563;52543;27168
3712;23 jaar;Totaal mannen en vrouwen;2040;133669;79742;29212;50530;24006;26524;52505;27237
3713;23 jaar;Totaal mannen en vrouwen;2041;134751;79742;29217;50525;24051;26474;52462;27280
3714;23 jaar;Totaal mannen en vrouwen;2042;135954;79704;29218;50486;24066;26420;52407;27297
3715;23 jaar;Totaal mannen en vrouwen;2043;137189;79642;29219;50423;24066;26357;52349;27293
3716;23 jaar;Totaal mannen en vrouwen;2044;138394;79564;29221;50343;24051;26292;52286;27278
3717;23 jaar;Totaal mannen en vrouwen;2045;139532;79487;29225;50262;24032;26230;52229;27258
3718;23 jaar;Totaal mannen en vrouwen;2046;140580;79404;29226;50178;24009;26169;52174;27230
3719;23 jaar;Totaal mannen en vrouwen;2047;141526;79336;29230;50106;23987;26119;52134;27202
3720;23 jaar;Totaal mannen en vrouwen;2048;142370;79267;29231;50036;23963;26073;52092;27175
3721;23 jaar;Totaal mannen en vrouwen;2049;143122;79200;29231;49969;23942;26027;52056;27144
3722;23 jaar;Totaal mannen en vrouwen;2050;143775;79140;29233;49907;23920;25987;52022;27118
3723;23 jaar;Mannen;2000;78211;19642;10473;9169;5333;3836;11584;8058
3724;23 jaar;Mannen;2001;75734;20629;11051;9578;5307;4271;12718;7911
3725;23 jaar;Mannen;2002;76088;21876;11442;10434;5548;4886;13511;8365
3726;23 jaar;Mannen;2003;74939;22885;11658;11227;5667;5560;14387;8498
3727;23 jaar;Mannen;2004;77312;24416;11884;12532;6036;6496;15466;8950
3728;23 jaar;Mannen;2005;74932;25648;12536;13112;6049;7063;16691;8957
3729;23 jaar;Mannen;2006;72686;25900;13061;12839;5857;6982;17152;8748
3730;23 jaar;Mannen;2007;71803;25923;13077;12846;5790;7056;17269;8654
3731;23 jaar;Mannen;2008;73807;26422;13168;13254;6022;7232;17608;8814
3732;23 jaar;Mannen;2009;75109;26577;13154;13423;6116;7307;17743;8834
3733;23 jaar;Mannen;2010;77253;27199;13214;13985;6363;7622;18177;9022
3734;23 jaar;Mannen;2011;78558;27641;13220;14421;6336;8085;18597;9044
3735;23 jaar;Mannen;2012;77189;28556;13283;15273;6417;8856;19521;9035
3736;23 jaar;Mannen;2013;77478;29197;13370;15827;6542;9285;20079;9118
3737;23 jaar;Mannen;2014;81388;30133;13363;16770;6970;9800;20836;9297
3738;23 jaar;Mannen;2015;80795;30511;13225;17286;7168;10118;21072;9439
3739;23 jaar;Mannen;2016;79541;31066;13359;17707;7128;10579;21810;9256
3740;23 jaar;Mannen;2017;78676;31033;13296;17737;7384;10353;21590;9443
3741;23 jaar;Mannen;2018;78715;31824;13299;18525;7438;11087;22328;9496
3742;23 jaar;Mannen;2019;76325;31911;13412;18499;7434;11065;22295;9616
3743;23 jaar;Mannen;2020;76025;32659;13637;19022;7513;11509;22875;9784
3744;23 jaar;Mannen;2021;75453;33600;13744;19856;7812;12044;23758;9842
3745;23 jaar;Mannen;2022;77920;34818;13811;21007;8295;12712;24655;10163
3746;23 jaar;Mannen;2023;78267;35524;13711;21813;8568;13245;24938;10586
3747;23 jaar;Mannen;2024;80692;35305;13677;21628;8459;13169;24736;10569
3748;23 jaar;Mannen;2025;80071;35845;13646;22199;8822;13377;25008;10837
3749;23 jaar;Mannen;2026;78834;36353;13623;22730;9182;13548;25239;11114
3750;23 jaar;Mannen;2027;77135;36802;13602;23200;9533;13667;25413;11389
3751;23 jaar;Mannen;2028;75400;37217;13587;23630;9865;13765;25565;11652
3752;23 jaar;Mannen;2029;73621;37628;13577;24051;10190;13861;25724;11904
3753;23 jaar;Mannen;2030;71962;37986;13568;24418;10493;13925;25844;12142
3754;23 jaar;Mannen;2031;70472;38299;13565;24734;10775;13959;25932;12367
3755;23 jaar;Mannen;2032;69256;38568;13567;25001;11032;13969;25992;12576
3756;23 jaar;Mannen;2033;68227;38793;13568;25225;11272;13953;26030;12763
3757;23 jaar;Mannen;2034;67533;38982;13575;25407;11489;13918;26049;12933
3758;23 jaar;Mannen;2035;67141;39126;13572;25554;11683;13871;26050;13076
3759;23 jaar;Mannen;2036;66962;39242;13574;25668;11855;13813;26046;13196
3760;23 jaar;Mannen;2037;67014;39328;13575;25753;12008;13745;26036;13292
3761;23 jaar;Mannen;2038;67223;39387;13575;25812;12138;13674;26020;13367
3762;23 jaar;Mannen;2039;67567;39422;13577;25845;12250;13595;25998;13424
3763;23 jaar;Mannen;2040;68027;39438;13577;25861;12287;13574;25978;13460
3764;23 jaar;Mannen;2041;68587;39439;13580;25859;12308;13551;25956;13483
3765;23 jaar;Mannen;2042;69203;39420;13580;25840;12318;13522;25926;13494
3766;23 jaar;Mannen;2043;69832;39390;13581;25809;12319;13490;25897;13493
3767;23 jaar;Mannen;2044;70449;39347;13581;25766;12308;13458;25865;13482
3768;23 jaar;Mannen;2045;71030;39308;13582;25726;12300;13426;25834;13474
3769;23 jaar;Mannen;2046;71562;39266;13584;25682;12289;13393;25807;13459
3770;23 jaar;Mannen;2047;72045;39230;13585;25645;12276;13369;25785;13445
3771;23 jaar;Mannen;2048;72478;39193;13584;25609;12265;13344;25763;13430
3772;23 jaar;Mannen;2049;72862;39162;13586;25576;12252;13324;25746;13416
3773;23 jaar;Mannen;2050;73197;39132;13587;25545;12246;13299;25729;13403
3774;23 jaar;Vrouwen;2000;74438;20755;12124;8631;5016;3615;12131;8624
3775;23 jaar;Vrouwen;2001;72593;22635;13397;9238;5062;4176;13760;8875
3776;23 jaar;Vrouwen;2002;73104;23681;13579;10102;5341;4761;14492;9189
3777;23 jaar;Vrouwen;2003;72608;24532;13918;10614;5361;5253;15182;9350
3778;23 jaar;Vrouwen;2004;74354;26036;13992;12044;5759;6285;16271;9765
3779;23 jaar;Vrouwen;2005;73024;26549;14059;12490;5729;6761;16820;9729
3780;23 jaar;Vrouwen;2006;70062;26729;14530;12199;5616;6583;17089;9640
3781;23 jaar;Vrouwen;2007;69259;27187;14748;12439;5559;6880;17533;9654
3782;23 jaar;Vrouwen;2008;70945;27745;15117;12628;5760;6868;18009;9736
3783;23 jaar;Vrouwen;2009;72924;28122;15290;12832;5678;7154;18296;9826
3784;23 jaar;Vrouwen;2010;75530;28663;15150;13513;6087;7426;18650;10013
3785;23 jaar;Vrouwen;2011;75197;29182;15225;13957;6070;7887;19247;9935
3786;23 jaar;Vrouwen;2012;74511;30088;15325;14763;6333;8430;19874;10214
3787;23 jaar;Vrouwen;2013;75563;30441;15367;15074;6258;8816;20401;10040
3788;23 jaar;Vrouwen;2014;77837;31655;15337;16318;6737;9581;21389;10266
3789;23 jaar;Vrouwen;2015;78191;31847;15349;16498;6848;9650;21543;10304
3790;23 jaar;Vrouwen;2016;76553;32232;15340;16892;6980;9912;21906;10326
3791;23 jaar;Vrouwen;2017;76163;32344;15335;17009;6940;10069;22188;10156
3792;23 jaar;Vrouwen;2018;75899;33051;15379;17672;7041;10631;22769;10282
3793;23 jaar;Vrouwen;2019;73750;33114;15434;17680;7134;10546;22785;10329
3794;23 jaar;Vrouwen;2020;72733;33629;15702;17927;7078;10849;23346;10283
3795;23 jaar;Vrouwen;2021;73318;34862;15912;18950;7422;11528;24424;10438
3796;23 jaar;Vrouwen;2022;75149;35993;15971;20022;7893;12129;25297;10696
3797;23 jaar;Vrouwen;2023;75146;36482;15765;20717;8117;12600;25506;10976
3798;23 jaar;Vrouwen;2024;77773;36394;15744;20650;8078;12572;25264;11130
3799;23 jaar;Vrouwen;2025;77190;36919;15720;21199;8426;12773;25545;11374
3800;23 jaar;Vrouwen;2026;76003;37403;15702;21701;8768;12933;25779;11624
3801;23 jaar;Vrouwen;2027;74380;37829;15682;22147;9099;13048;25954;11875
3802;23 jaar;Vrouwen;2028;72716;38224;15666;22558;9419;13139;26107;12117
3803;23 jaar;Vrouwen;2029;71008;38609;15654;22955;9727;13228;26260;12349
3804;23 jaar;Vrouwen;2030;69418;38950;15645;23305;10013;13292;26379;12571
3805;23 jaar;Vrouwen;2031;67986;39242;15639;23603;10281;13322;26470;12772
3806;23 jaar;Vrouwen;2032;66826;39494;15635;23859;10528;13331;26530;12964
3807;23 jaar;Vrouwen;2033;65842;39704;15632;24072;10757;13315;26566;13138
3808;23 jaar;Vrouwen;2034;65178;39875;15630;24245;10962;13283;26584;13291
3809;23 jaar;Vrouwen;2035;64795;40013;15631;24382;11147;13235;26591;13422
3810;23 jaar;Vrouwen;2036;64625;40120;15634;24486;11308;13178;26588;13532
3811;23 jaar;Vrouwen;2037;64671;40201;15632;24569;11456;13113;26581;13620
3812;23 jaar;Vrouwen;2038;64876;40261;15634;24627;11579;13048;26568;13693
3813;23 jaar;Vrouwen;2039;65203;40292;15634;24658;11686;12972;26547;13745
3814;23 jaar;Vrouwen;2040;65639;40307;15636;24671;11722;12949;26530;13777
3815;23 jaar;Vrouwen;2041;66167;40300;15635;24665;11740;12925;26505;13795
3816;23 jaar;Vrouwen;2042;66751;40283;15637;24646;11749;12897;26481;13802
3817;23 jaar;Vrouwen;2043;67356;40253;15638;24615;11748;12867;26452;13801
3818;23 jaar;Vrouwen;2044;67947;40215;15641;24574;11740;12834;26420;13795
3819;23 jaar;Vrouwen;2045;68504;40177;15641;24536;11730;12806;26393;13784
3820;23 jaar;Vrouwen;2046;69018;40138;15642;24496;11719;12777;26366;13772
3821;23 jaar;Vrouwen;2047;69480;40107;15645;24462;11712;12750;26349;13758
3822;23 jaar;Vrouwen;2048;69890;40075;15647;24428;11699;12729;26330;13745
3823;23 jaar;Vrouwen;2049;70258;40040;15647;24393;11687;12706;26313;13727
3824;23 jaar;Vrouwen;2050;70577;40009;15647;24362;11679;12683;26292;13717
3825;24 jaar;Totaal mannen en vrouwen;2000;154240;42317;25669;16648;10261;6387;24987;17330
3826;24 jaar;Totaal mannen en vrouwen;2001;152452;43094;25301;17793;10345;7448;25258;17836
3827;24 jaar;Totaal mannen en vrouwen;2002;148157;45886;27079;18807;10365;8442;27921;17965
3828;24 jaar;Totaal mannen en vrouwen;2003;148998;48153;27627;20526;10883;9643;29422;18731
3829;24 jaar;Totaal mannen en vrouwen;2004;147353;49982;28152;21830;11023;10807;30957;19025
3830;24 jaar;Totaal mannen en vrouwen;2005;151430;52977;28411;24566;11793;12773;33088;19889
3831;24 jaar;Totaal mannen en vrouwen;2006;147729;54676;29082;25594;11777;13817;34829;19847
3832;24 jaar;Totaal mannen en vrouwen;2007;142560;55059;30033;25026;11466;13560;35521;19538
3833;24 jaar;Totaal mannen en vrouwen;2008;140876;55530;30250;25280;11351;13929;36072;19458
3834;24 jaar;Totaal mannen en vrouwen;2009;144547;56556;30686;25870;11777;14093;36872;19684
3835;24 jaar;Totaal mannen en vrouwen;2010;147811;57074;30832;26242;11789;14453;37290;19784
3836;24 jaar;Totaal mannen en vrouwen;2011;152522;58232;30746;27486;12446;15040;38087;20145
3837;24 jaar;Totaal mannen en vrouwen;2012;153487;59186;30819;28367;12402;15965;39112;20074
3838;24 jaar;Totaal mannen en vrouwen;2013;151442;60990;30965;30025;12747;17278;40666;20324
3839;24 jaar;Totaal mannen en vrouwen;2014;152768;61970;31082;30888;12794;18094;41756;20214
3840;24 jaar;Totaal mannen en vrouwen;2015;158896;64110;31033;33077;13704;19373;43511;20599
3841;24 jaar;Totaal mannen en vrouwen;2016;158663;64667;30897;33770;14012;19758;43907;20760
3842;24 jaar;Totaal mannen en vrouwen;2017;155782;65597;31015;34582;14097;20485;45011;20586
3843;24 jaar;Totaal mannen en vrouwen;2018;154536;65667;30936;34731;14318;20413;45076;20591
3844;24 jaar;Totaal mannen en vrouwen;2019;154308;67158;30973;36185;14478;21707;46396;20762
3845;24 jaar;Totaal mannen en vrouwen;2020;149799;67297;31133;36164;14561;21603;46385;20912
3846;24 jaar;Totaal mannen en vrouwen;2021;148480;68545;31610;36935;14586;22349;47525;21020
3847;24 jaar;Totaal mannen en vrouwen;2022;148490;70705;31912;38793;15230;23563;49479;21226
3848;24 jaar;Totaal mannen en vrouwen;2023;152744;73052;32035;41017;16185;24832;51251;21801
3849;24 jaar;Totaal mannen en vrouwen;2024;153079;74254;31739;42515;16679;25836;51753;22501
3850;24 jaar;Totaal mannen en vrouwen;2025;158110;73951;31689;42262;16529;25733;51308;22643
3851;24 jaar;Totaal mannen en vrouwen;2026;156900;75019;31636;43383;17240;26143;51865;23154
3852;24 jaar;Totaal mannen en vrouwen;2027;154492;76011;31596;44415;17942;26473;52330;23681
3853;24 jaar;Totaal mannen en vrouwen;2028;151183;76890;31559;45331;18625;26706;52686;24204
3854;24 jaar;Totaal mannen en vrouwen;2029;147795;77703;31532;46171;19276;26895;52992;24711
3855;24 jaar;Totaal mannen en vrouwen;2030;144326;78501;31512;46989;19906;27083;53305;25196
3856;24 jaar;Totaal mannen en vrouwen;2031;141087;79210;31501;47709;20501;27208;53554;25656
3857;24 jaar;Totaal mannen en vrouwen;2032;138181;79811;31490;48321;21048;27273;53727;26084
3858;24 jaar;Totaal mannen en vrouwen;2033;135819;80333;31491;48842;21554;27288;53852;26481
3859;24 jaar;Totaal mannen en vrouwen;2034;133807;80776;31492;49284;22022;27262;53928;26848
3860;24 jaar;Totaal mannen en vrouwen;2035;132465;81128;31493;49635;22442;27193;53962;27166
3861;24 jaar;Totaal mannen en vrouwen;2036;131691;81412;31494;49918;22823;27095;53971;27441
3862;24 jaar;Totaal mannen en vrouwen;2037;131340;81639;31499;50140;23157;26983;53967;27672
3863;24 jaar;Totaal mannen en vrouwen;2038;131438;81802;31497;50305;23452;26853;53947;27855
3864;24 jaar;Totaal mannen en vrouwen;2039;131850;81919;31499;50420;23710;26710;53918;28001
3865;24 jaar;Totaal mannen en vrouwen;2040;132513;81989;31502;50487;23930;26557;53876;28113
3866;24 jaar;Totaal mannen en vrouwen;2041;133405;82018;31506;50512;23996;26516;53838;28180
3867;24 jaar;Totaal mannen en vrouwen;2042;134482;82017;31509;50508;24041;26467;53795;28222
3868;24 jaar;Totaal mannen en vrouwen;2043;135678;81979;31510;50469;24058;26411;53740;28239
3869;24 jaar;Totaal mannen en vrouwen;2044;136903;81922;31513;50409;24060;26349;53685;28237
3870;24 jaar;Totaal mannen en vrouwen;2045;138100;81843;31516;50327;24045;26282;53621;28222
3871;24 jaar;Totaal mannen en vrouwen;2046;139231;81764;31517;50247;24025;26222;53564;28200
3872;24 jaar;Totaal mannen en vrouwen;2047;140273;81683;31521;50162;24000;26162;53511;28172
3873;24 jaar;Totaal mannen en vrouwen;2048;141212;81615;31523;50092;23982;26110;53470;28145
3874;24 jaar;Totaal mannen en vrouwen;2049;142051;81545;31522;50023;23960;26063;53429;28116
3875;24 jaar;Totaal mannen en vrouwen;2050;142798;81477;31523;49954;23934;26020;53391;28086
3876;24 jaar;Mannen;2000;78628;20417;11900;8517;5266;3251;12090;8327
3877;24 jaar;Mannen;2001;78043;20882;11718;9164;5330;3834;12324;8558
3878;24 jaar;Mannen;2002;75579;21846;12274;9572;5303;4269;13415;8431
3879;24 jaar;Mannen;2003;75919;23071;12642;10429;5548;4881;14196;8875
3880;24 jaar;Mannen;2004;74771;24072;12850;11222;5665;5557;15058;9014
3881;24 jaar;Mannen;2005;77124;25580;13056;12524;6033;6491;16120;9460
3882;24 jaar;Mannen;2006;74756;26779;13676;13103;6047;7056;17317;9462
3883;24 jaar;Mannen;2007;72526;27006;14177;12829;5852;6977;17759;9247
3884;24 jaar;Mannen;2008;71648;27023;14183;12840;5789;7051;17872;9151
3885;24 jaar;Mannen;2009;73637;27516;14270;13246;6021;7225;18210;9306
3886;24 jaar;Mannen;2010;74930;27670;14256;13414;6111;7303;18348;9322
3887;24 jaar;Mannen;2011;77056;28293;14316;13977;6358;7619;18785;9508
3888;24 jaar;Mannen;2012;78348;28736;14322;14414;6333;8081;19210;9526
3889;24 jaar;Mannen;2013;76989;29645;14380;15265;6415;8850;20137;9508
3890;24 jaar;Mannen;2014;77275;30281;14462;15819;6538;9281;20695;9586
3891;24 jaar;Mannen;2015;81145;31217;14454;16763;6969;9794;21464;9753
3892;24 jaar;Mannen;2016;80556;31594;14317;17277;7164;10113;21706;9888
3893;24 jaar;Mannen;2017;79309;32144;14447;17697;7121;10576;22441;9703
3894;24 jaar;Mannen;2018;78453;32107;14381;17726;7377;10349;22226;9881
3895;24 jaar;Mannen;2019;78487;32903;14386;18517;7436;11081;22967;9936
3896;24 jaar;Mannen;2020;76115;32984;14494;18490;7430;11060;22938;10046
3897;24 jaar;Mannen;2021;75813;33724;14713;19011;7507;11504;23516;10208
3898;24 jaar;Mannen;2022;75242;34661;14814;19847;7809;12038;24398;10263
3899;24 jaar;Mannen;2023;77682;35877;14879;20998;8291;12707;25296;10581
3900;24 jaar;Mannen;2024;78021;36587;14784;21803;8566;13237;25587;11000
3901;24 jaar;Mannen;2025;80437;36369;14751;21618;8455;13163;25382;10987
3902;24 jaar;Mannen;2026;79810;36915;14724;22191;8820;13371;25660;11255
3903;24 jaar;Mannen;2027;78588;37417;14699;22718;9177;13541;25886;11531
3904;24 jaar;Mannen;2028;76895;37868;14680;23188;9525;13663;26063;11805
3905;24 jaar;Mannen;2029;75168;38285;14666;23619;9860;13759;26217;12068
3906;24 jaar;Mannen;2030;73396;38698;14658;24040;10184;13856;26378;12320
3907;24 jaar;Mannen;2031;71741;39064;14655;24409;10490;13919;26504;12560
3908;24 jaar;Mannen;2032;70261;39372;14650;24722;10768;13954;26587;12785
3909;24 jaar;Mannen;2033;69055;39641;14653;24988;11027;13961;26651;12990
3910;24 jaar;Mannen;2034;68028;39869;14654;25215;11267;13948;26688;13181
3911;24 jaar;Mannen;2035;67339;40057;14659;25398;11483;13915;26706;13351
3912;24 jaar;Mannen;2036;66948;40200;14658;25542;11677;13865;26709;13491
3913;24 jaar;Mannen;2037;66767;40319;14662;25657;11849;13808;26708;13611
3914;24 jaar;Mannen;2038;66821;40403;14661;25742;11999;13743;26696;13707
3915;24 jaar;Mannen;2039;67027;40462;14661;25801;12133;13668;26679;13783
3916;24 jaar;Mannen;2040;67368;40498;14664;25834;12245;13589;26657;13841
3917;24 jaar;Mannen;2041;67823;40516;14666;25850;12282;13568;26638;13878
3918;24 jaar;Mannen;2042;68381;40515;14666;25849;12302;13547;26616;13899
3919;24 jaar;Mannen;2043;68993;40497;14667;25830;12313;13517;26588;13909
3920;24 jaar;Mannen;2044;69617;40467;14668;25799;12313;13486;26559;13908
3921;24 jaar;Mannen;2045;70230;40423;14667;25756;12307;13449;26524;13899
3922;24 jaar;Mannen;2046;70806;40386;14670;25716;12296;13420;26496;13890
3923;24 jaar;Mannen;2047;71336;40342;14670;25672;12282;13390;26468;13874
3924;24 jaar;Mannen;2048;71815;40307;14670;25637;12273;13364;26447;13860
3925;24 jaar;Mannen;2049;72243;40274;14672;25602;12263;13339;26428;13846
3926;24 jaar;Mannen;2050;72627;40237;14672;25565;12250;13315;26407;13830
3927;24 jaar;Vrouwen;2000;75612;21900;13769;8131;4995;3136;12897;9003
3928;24 jaar;Vrouwen;2001;74413;22209;13580;8629;5014;3615;12932;9277
3929;24 jaar;Vrouwen;2002;72575;24043;14807;9236;5062;4174;14507;9536
3930;24 jaar;Vrouwen;2003;73076;25085;14985;10100;5339;4761;15229;9856
3931;24 jaar;Vrouwen;2004;72581;25911;15301;10610;5359;5251;15898;10013
3932;24 jaar;Vrouwen;2005;74307;27397;15357;12040;5758;6282;16969;10428
3933;24 jaar;Vrouwen;2006;72974;27895;15408;12487;5727;6760;17511;10384
3934;24 jaar;Vrouwen;2007;70035;28051;15856;12195;5613;6582;17762;10289
3935;24 jaar;Vrouwen;2008;69233;28502;16064;12438;5560;6878;18198;10304
3936;24 jaar;Vrouwen;2009;70912;29038;16414;12624;5758;6866;18661;10377
3937;24 jaar;Vrouwen;2010;72883;29402;16574;12828;5674;7154;18941;10461
3938;24 jaar;Vrouwen;2011;75467;29939;16429;13510;6088;7422;19301;10638
3939;24 jaar;Vrouwen;2012;75140;30449;16496;13953;6068;7885;19902;10547
3940;24 jaar;Vrouwen;2013;74453;31345;16587;14758;6328;8430;20529;10816
3941;24 jaar;Vrouwen;2014;75497;31686;16616;15070;6256;8814;21058;10628
3942;24 jaar;Vrouwen;2015;77750;32894;16579;16315;6737;9578;22048;10846
3943;24 jaar;Vrouwen;2016;78104;33076;16580;16496;6850;9646;22204;10872
3944;24 jaar;Vrouwen;2017;76471;33455;16569;16886;6977;9909;22570;10885
3945;24 jaar;Vrouwen;2018;76080;33563;16556;17007;6942;10065;22853;10710
3946;24 jaar;Vrouwen;2019;75819;34257;16590;17667;7040;10627;23430;10827
3947;24 jaar;Vrouwen;2020;73683;34314;16639;17675;7130;10545;23447;10867
3948;24 jaar;Vrouwen;2021;72672;34816;16895;17921;7076;10845;24006;10810
3949;24 jaar;Vrouwen;2022;73246;36045;17098;18947;7421;11526;25081;10964
3950;24 jaar;Vrouwen;2023;75063;37174;17155;20019;7893;12126;25956;11218
3951;24 jaar;Vrouwen;2024;75059;37666;16955;20711;8115;12596;26167;11499
3952;24 jaar;Vrouwen;2025;77674;37582;16937;20645;8076;12569;25926;11656
3953;24 jaar;Vrouwen;2026;77088;38106;16913;21193;8423;12770;26207;11899
3954;24 jaar;Vrouwen;2027;75908;38590;16895;21695;8765;12930;26441;12149
3955;24 jaar;Vrouwen;2028;74289;39021;16880;22141;9097;13044;26622;12399
3956;24 jaar;Vrouwen;2029;72629;39417;16864;22553;9417;13136;26773;12644
3957;24 jaar;Vrouwen;2030;70929;39804;16855;22949;9722;13227;26928;12876
3958;24 jaar;Vrouwen;2031;69344;40148;16848;23300;10010;13290;27051;13097
3959;24 jaar;Vrouwen;2032;67921;40437;16839;23598;10277;13321;27138;13299
3960;24 jaar;Vrouwen;2033;66764;40692;16839;23853;10527;13326;27201;13491
3961;24 jaar;Vrouwen;2034;65784;40903;16836;24067;10754;13313;27238;13665
3962;24 jaar;Vrouwen;2035;65124;41074;16835;24239;10960;13279;27256;13818
3963;24 jaar;Vrouwen;2036;64744;41211;16837;24374;11143;13231;27261;13950
3964;24 jaar;Vrouwen;2037;64573;41320;16838;24482;11307;13175;27261;14059
3965;24 jaar;Vrouwen;2038;64616;41400;16836;24564;11454;13110;27252;14148
3966;24 jaar;Vrouwen;2039;64823;41457;16837;24620;11578;13042;27239;14218
3967;24 jaar;Vrouwen;2040;65146;41491;16839;24652;11687;12965;27219;14272
3968;24 jaar;Vrouwen;2041;65581;41503;16840;24663;11717;12946;27199;14304
3969;24 jaar;Vrouwen;2042;66104;41498;16840;24658;11736;12922;27175;14323
3970;24 jaar;Vrouwen;2043;66684;41482;16844;24638;11744;12894;27154;14328
3971;24 jaar;Vrouwen;2044;67288;41453;16845;24608;11743;12865;27125;14328
3972;24 jaar;Vrouwen;2045;67875;41415;16845;24570;11739;12831;27094;14321
3973;24 jaar;Vrouwen;2046;68424;41379;16848;24531;11730;12801;27068;14311
3974;24 jaar;Vrouwen;2047;68939;41339;16847;24492;11719;12773;27042;14297
3975;24 jaar;Vrouwen;2048;69400;41305;16851;24454;11705;12749;27021;14284
3976;24 jaar;Vrouwen;2049;69807;41272;16852;24420;11696;12724;27001;14271
3977;24 jaar;Vrouwen;2050;70172;41239;16853;24386;11685;12701;26985;14254
3978;25 jaar;Totaal mannen en vrouwen;2000;162233;45266;29338;15928;10484;5444;26917;18349
3979;25 jaar;Totaal mannen en vrouwen;2001;154008;44919;28277;16642;10257;6385;26491;18428
3980;25 jaar;Totaal mannen en vrouwen;2002;152234;45642;27859;17783;10339;7444;26699;18943
3981;25 jaar;Totaal mannen en vrouwen;2003;147949;48400;29601;18799;10359;8440;29324;19076
3982;25 jaar;Totaal mannen en vrouwen;2004;148773;50626;30109;20517;10879;9638;30793;19833
3983;25 jaar;Totaal mannen en vrouwen;2005;147130;52424;30602;21822;11021;10801;32301;20123
3984;25 jaar;Totaal mannen en vrouwen;2006;151156;55372;30816;24556;11788;12768;34399;20973
3985;25 jaar;Totaal mannen en vrouwen;2007;147471;57019;31436;25583;11772;13811;36101;20918
3986;25 jaar;Totaal mannen en vrouwen;2008;142333;57360;32344;25016;11463;13553;36762;20598
3987;25 jaar;Totaal mannen en vrouwen;2009;140667;57813;32546;25267;11346;13921;37302;20511
3988;25 jaar;Totaal mannen en vrouwen;2010;144310;58825;32966;25859;11774;14085;38101;20724
3989;25 jaar;Totaal mannen en vrouwen;2011;147544;59334;33101;26233;11784;14449;38523;20811
3990;25 jaar;Totaal mannen en vrouwen;2012;152225;60478;33002;27476;12443;15033;39325;21153
3991;25 jaar;Totaal mannen en vrouwen;2013;153182;61421;33066;28355;12396;15959;40357;21064
3992;25 jaar;Totaal mannen en vrouwen;2014;151146;63211;33197;30014;12741;17273;41916;21295
3993;25 jaar;Totaal mannen en vrouwen;2015;152455;64176;33298;30878;12790;18088;43012;21164
3994;25 jaar;Totaal mannen en vrouwen;2016;158527;66301;33235;33066;13699;19367;44773;21528
3995;25 jaar;Totaal mannen en vrouwen;2017;158295;66850;33093;33757;14006;19751;45175;21675
3996;25 jaar;Totaal mannen en vrouwen;2018;155433;67771;33201;34570;14094;20476;46279;21492
3997;25 jaar;Totaal mannen en vrouwen;2019;154194;67831;33112;34719;14313;20406;46350;21481
3998;25 jaar;Totaal mannen en vrouwen;2020;153958;69321;33150;36171;14472;21699;47674;21647
3999;25 jaar;Totaal mannen en vrouwen;2021;149480;69449;33297;36152;14557;21595;47664;21785
4000;25 jaar;Totaal mannen en vrouwen;2022;148167;70681;33759;36922;14583;22339;48798;21883
4001;25 jaar;Totaal mannen en vrouwen;2023;148164;72834;34055;38779;15223;23556;50750;22084
4002;25 jaar;Totaal mannen en vrouwen;2024;152377;75175;34172;41003;16180;24823;52522;22653
4003;25 jaar;Totaal mannen en vrouwen;2025;152703;76382;33883;42499;16672;25827;53029;23353
4004;25 jaar;Totaal mannen en vrouwen;2026;157704;76087;33839;42248;16523;25725;52590;23497
4005;25 jaar;Totaal mannen en vrouwen;2027;156496;77158;33792;43366;17235;26131;53149;24009
4006;25 jaar;Totaal mannen en vrouwen;2028;154094;78153;33755;44398;17935;26463;53619;24534
4007;25 jaar;Totaal mannen en vrouwen;2029;150802;79033;33719;45314;18615;26699;53975;25058
4008;25 jaar;Totaal mannen en vrouwen;2030;147428;79851;33695;46156;19271;26885;54286;25565
4009;25 jaar;Totaal mannen en vrouwen;2031;143978;80648;33677;46971;19899;27072;54600;26048
4010;25 jaar;Totaal mannen en vrouwen;2032;140758;81356;33666;47690;20490;27200;54848;26508
4011;25 jaar;Totaal mannen en vrouwen;2033;137864;81965;33659;48306;21041;27265;55026;26939
4012;25 jaar;Totaal mannen en vrouwen;2034;135512;82487;33661;48826;21546;27280;55151;27336
4013;25 jaar;Totaal mannen en vrouwen;2035;133512;82927;33661;49266;22015;27251;55226;27701
4014;25 jaar;Totaal mannen en vrouwen;2036;132177;83281;33664;49617;22433;27184;55260;28021
4015;25 jaar;Totaal mannen en vrouwen;2037;131401;83568;33667;49901;22812;27089;55271;28297
4016;25 jaar;Totaal mannen en vrouwen;2038;131053;83796;33672;50124;23149;26975;55270;28526
4017;25 jaar;Totaal mannen en vrouwen;2039;131147;83962;33673;50289;23443;26846;55250;28712
4018;25 jaar;Totaal mannen en vrouwen;2040;131554;84081;33676;50405;23704;26701;55221;28860
4019;25 jaar;Totaal mannen en vrouwen;2041;132211;84151;33681;50470;23923;26547;55183;28968
4020;25 jaar;Totaal mannen en vrouwen;2042;133096;84179;33683;50496;23990;26506;55143;29036
4021;25 jaar;Totaal mannen en vrouwen;2043;134169;84177;33685;50492;24033;26459;55100;29077
4022;25 jaar;Totaal mannen en vrouwen;2044;135351;84144;33689;50455;24051;26404;55049;29095
4023;25 jaar;Totaal mannen en vrouwen;2045;136571;84084;33692;50392;24052;26340;54991;29093
4024;25 jaar;Totaal mannen en vrouwen;2046;137760;84002;33692;50310;24035;26275;54927;29075
4025;25 jaar;Totaal mannen en vrouwen;2047;138883;83925;33695;50230;24017;26213;54872;29053
4026;25 jaar;Totaal mannen en vrouwen;2048;139918;83843;33697;50146;23990;26156;54817;29026
4027;25 jaar;Totaal mannen en vrouwen;2049;140850;83772;33699;50073;23970;26103;54777;28995
4028;25 jaar;Totaal mannen en vrouwen;2050;141681;83704;33700;50004;23951;26053;54737;28967
4029;25 jaar;Mannen;2000;82847;21786;13675;8111;5281;2830;13132;8654
4030;25 jaar;Mannen;2001;78455;21676;13164;8512;5262;3250;12848;8828
4031;25 jaar;Mannen;2002;77873;22119;12961;9158;5326;3832;13053;9066
4032;25 jaar;Mannen;2003;75423;23069;13503;9566;5300;4266;14122;8947
4033;25 jaar;Mannen;2004;75750;24273;13850;10423;5543;4880;14889;9384
4034;25 jaar;Mannen;2005;74609;25265;14049;11216;5661;5555;15738;9527
4035;25 jaar;Mannen;2006;76930;26748;14231;12517;6030;6487;16784;9964
4036;25 jaar;Mannen;2007;74578;27912;14815;13097;6043;7054;17951;9961
4037;25 jaar;Mannen;2008;72360;28117;15293;12824;5850;6974;18377;9740
4038;25 jaar;Mannen;2009;71488;28128;15295;12833;5785;7048;18486;9642
4039;25 jaar;Mannen;2010;73466;28615;15378;13237;6013;7224;18827;9788
4040;25 jaar;Mannen;2011;74747;28776;15369;13407;6108;7299;18970;9806
4041;25 jaar;Mannen;2012;76858;29391;15421;13970;6355;7615;19410;9981
4042;25 jaar;Mannen;2013;78142;29831;15426;14405;6330;8075;19839;9992
4043;25 jaar;Mannen;2014;76785;30737;15479;15258;6415;8843;20771;9966
4044;25 jaar;Mannen;2015;77060;31374;15563;15811;6535;9276;21336;10038
4045;25 jaar;Mannen;2016;80899;32300;15547;16753;6963;9790;22105;10195
4046;25 jaar;Mannen;2017;80312;32677;15407;17270;7162;10108;22352;10325
4047;25 jaar;Mannen;2018;79076;33223;15534;17689;7120;10569;23087;10136
4048;25 jaar;Mannen;2019;78223;33187;15467;17720;7377;10343;22879;10308
4049;25 jaar;Mannen;2020;78254;33982;15473;18509;7433;11076;23622;10360
4050;25 jaar;Mannen;2021;75900;34059;15578;18481;7427;11054;23594;10465
4051;25 jaar;Mannen;2022;75594;34797;15791;19006;7507;11499;24174;10623
4052;25 jaar;Mannen;2023;75024;35726;15886;19840;7806;12034;25053;10673
4053;25 jaar;Mannen;2024;77438;36938;15948;20990;8288;12702;25949;10989
4054;25 jaar;Mannen;2025;77771;37649;15856;21793;8560;13233;26241;11408
4055;25 jaar;Mannen;2026;80171;37437;15828;21609;8453;13156;26042;11395
4056;25 jaar;Mannen;2027;79545;37984;15802;22182;8818;13364;26320;11664
4057;25 jaar;Mannen;2028;78324;38489;15779;22710;9173;13537;26551;11938
4058;25 jaar;Mannen;2029;76643;38940;15760;23180;9523;13657;26729;12211
4059;25 jaar;Mannen;2030;74925;39357;15748;23609;9857;13752;26883;12474
4060;25 jaar;Mannen;2031;73164;39770;15743;24027;10179;13848;27044;12726
4061;25 jaar;Mannen;2032;71520;40132;15735;24397;10483;13914;27168;12964
4062;25 jaar;Mannen;2033;70048;40445;15734;24711;10762;13949;27256;13189
4063;25 jaar;Mannen;2034;68845;40717;15737;24980;11023;13957;27319;13398
4064;25 jaar;Mannen;2035;67824;40943;15740;25203;11260;13943;27356;13587
4065;25 jaar;Mannen;2036;67142;41129;15744;25385;11478;13907;27376;13753
4066;25 jaar;Mannen;2037;66749;41275;15744;25531;11671;13860;27378;13897
4067;25 jaar;Mannen;2038;66573;41392;15745;25647;11845;13802;27375;14017
4068;25 jaar;Mannen;2039;66619;41481;15749;25732;11996;13736;27366;14115
4069;25 jaar;Mannen;2040;66826;41540;15750;25790;12126;13664;27350;14190
4070;25 jaar;Mannen;2041;67161;41576;15751;25825;12240;13585;27329;14247
4071;25 jaar;Mannen;2042;67615;41592;15753;25839;12276;13563;27308;14284
4072;25 jaar;Mannen;2043;68166;41594;15754;25840;12300;13540;27289;14305
4073;25 jaar;Mannen;2044;68775;41576;15754;25822;12308;13514;27261;14315
4074;25 jaar;Mannen;2045;69395;41546;15756;25790;12308;13482;27232;14314
4075;25 jaar;Mannen;2046;70000;41504;15757;25747;12300;13447;27199;14305
4076;25 jaar;Mannen;2047;70574;41465;15759;25706;12291;13415;27170;14295
4077;25 jaar;Mannen;2048;71102;41419;15757;25662;12279;13383;27140;14279
4078;25 jaar;Mannen;2049;71577;41382;15758;25624;12266;13358;27118;14264
4079;25 jaar;Mannen;2050;72002;41348;15758;25590;12257;13333;27098;14250
4080;25 jaar;Vrouwen;2000;79386;23480;15663;7817;5203;2614;13785;9695
4081;25 jaar;Vrouwen;2001;75555;23241;15112;8129;4993;3136;13644;9597
4082;25 jaar;Vrouwen;2002;74362;23522;14896;8626;5013;3613;13646;9876
4083;25 jaar;Vrouwen;2003;72524;25333;16100;9233;5060;4173;15203;10130
4084;25 jaar;Vrouwen;2004;73020;26356;16261;10095;5336;4759;15907;10449
4085;25 jaar;Vrouwen;2005;72519;27161;16555;10606;5357;5249;16563;10598
4086;25 jaar;Vrouwen;2006;74221;28629;16590;12039;5759;6280;17619;11010
4087;25 jaar;Vrouwen;2007;72893;29106;16622;12484;5726;6758;18148;10958
4088;25 jaar;Vrouwen;2008;69975;29241;17050;12191;5611;6580;18384;10857
4089;25 jaar;Vrouwen;2009;69182;29683;17250;12433;5557;6876;18813;10870
4090;25 jaar;Vrouwen;2010;70847;30207;17586;12621;5756;6865;19272;10935
4091;25 jaar;Vrouwen;2011;72801;30554;17730;12824;5674;7150;19550;11004
4092;25 jaar;Vrouwen;2012;75370;31084;17580;13504;6082;7422;19913;11171
4093;25 jaar;Vrouwen;2013;75042;31589;17640;13949;6066;7883;20518;11071
4094;25 jaar;Vrouwen;2014;74361;32474;17717;14757;6330;8427;21145;11329
4095;25 jaar;Vrouwen;2015;75392;32805;17737;15068;6256;8812;21676;11129
4096;25 jaar;Vrouwen;2016;77624;34004;17691;16313;6737;9576;22669;11335
4097;25 jaar;Vrouwen;2017;77982;34174;17685;16489;6846;9643;22822;11352
4098;25 jaar;Vrouwen;2018;76358;34547;17666;16881;6974;9907;23190;11357
4099;25 jaar;Vrouwen;2019;75968;34648;17648;17000;6937;10063;23474;11174
4100;25 jaar;Vrouwen;2020;75702;35341;17678;17663;7041;10622;24052;11289
4101;25 jaar;Vrouwen;2021;73580;35390;17720;17670;7128;10542;24070;11320
4102;25 jaar;Vrouwen;2022;72569;35889;17972;17917;7075;10842;24628;11261
4103;25 jaar;Vrouwen;2023;73140;37108;18167;18941;7421;11520;25697;11411
4104;25 jaar;Vrouwen;2024;74940;38236;18224;20012;7888;12124;26571;11665
4105;25 jaar;Vrouwen;2025;74933;38732;18027;20705;8113;12592;26787;11945
4106;25 jaar;Vrouwen;2026;77531;38652;18012;20640;8073;12567;26550;12102
4107;25 jaar;Vrouwen;2027;76948;39177;17989;21188;8422;12766;26831;12346
4108;25 jaar;Vrouwen;2028;75771;39663;17975;21688;8760;12928;27067;12596
4109;25 jaar;Vrouwen;2029;74158;40095;17959;22136;9095;13041;27247;12848
4110;25 jaar;Vrouwen;2030;72507;40491;17945;22546;9414;13132;27400;13091
4111;25 jaar;Vrouwen;2031;70814;40878;17935;22943;9720;13223;27556;13322
4112;25 jaar;Vrouwen;2032;69235;41227;17932;23295;10009;13286;27681;13546
4113;25 jaar;Vrouwen;2033;67822;41514;17923;23591;10274;13317;27766;13748
4114;25 jaar;Vrouwen;2034;66666;41771;17923;23848;10524;13324;27832;13939
4115;25 jaar;Vrouwen;2035;65687;41984;17923;24061;10751;13310;27870;14114
4116;25 jaar;Vrouwen;2036;65035;42152;17921;24231;10956;13275;27886;14266
4117;25 jaar;Vrouwen;2037;64650;42295;17924;24371;11142;13229;27895;14400
4118;25 jaar;Vrouwen;2038;64480;42404;17926;24478;11305;13173;27893;14511
4119;25 jaar;Vrouwen;2039;64525;42484;17925;24559;11451;13108;27886;14598
4120;25 jaar;Vrouwen;2040;64730;42540;17927;24613;11573;13040;27871;14669
4121;25 jaar;Vrouwen;2041;65052;42573;17927;24646;11682;12964;27852;14721
4122;25 jaar;Vrouwen;2042;65480;42588;17930;24658;11717;12941;27834;14754
4123;25 jaar;Vrouwen;2043;66001;42584;17931;24653;11734;12919;27811;14773
4124;25 jaar;Vrouwen;2044;66577;42567;17934;24633;11741;12892;27788;14779
4125;25 jaar;Vrouwen;2045;67175;42539;17936;24603;11743;12860;27761;14778
4126;25 jaar;Vrouwen;2046;67761;42497;17935;24562;11733;12829;27728;14769
4127;25 jaar;Vrouwen;2047;68307;42463;17937;24526;11728;12798;27703;14760
4128;25 jaar;Vrouwen;2048;68818;42423;17940;24483;11712;12771;27677;14746
4129;25 jaar;Vrouwen;2049;69273;42390;17941;24449;11705;12744;27658;14732
4130;25 jaar;Vrouwen;2050;69679;42356;17940;24416;11697;12719;27638;14718
4131;26 jaar;Totaal mannen en vrouwen;2000;170451;46569;31025;15544;10602;4942;27363;19206
4132;26 jaar;Totaal mannen en vrouwen;2001;161945;47711;31789;15922;10479;5443;28356;19355
4133;26 jaar;Totaal mannen en vrouwen;2002;153777;47339;30706;16633;10250;6383;27890;19449
4134;26 jaar;Totaal mannen en vrouwen;2003;152008;48044;30269;17775;10335;7440;28087;19957
4135;26 jaar;Totaal mannen en vrouwen;2004;147738;50752;31963;18789;10354;8435;30669;20083
4136;26 jaar;Totaal mannen en vrouwen;2005;148544;52934;32426;20508;10876;9632;32106;20828
4137;26 jaar;Totaal mannen en vrouwen;2006;146900;54696;32884;21812;11016;10796;33587;21109
4138;26 jaar;Totaal mannen en vrouwen;2007;150878;57599;33053;24546;11784;12762;35658;21941
4139;26 jaar;Totaal mannen en vrouwen;2008;147205;59200;33628;25572;11767;13805;37326;21874
4140;26 jaar;Totaal mannen en vrouwen;2009;142106;59497;34491;25006;11457;13549;37954;21543
4141;26 jaar;Totaal mannen en vrouwen;2010;140450;59941;34683;25258;11340;13918;38493;21448
4142;26 jaar;Totaal mannen en vrouwen;2011;144071;60938;35088;25850;11768;14082;39297;21641
4143;26 jaar;Totaal mannen en vrouwen;2012;147277;61433;35211;26222;11779;14443;39724;21709
4144;26 jaar;Totaal mannen en vrouwen;2013;151921;62571;35105;27466;12438;15028;40538;22033
4145;26 jaar;Totaal mannen en vrouwen;2014;152871;63497;35153;28344;12392;15952;41571;21926
4146;26 jaar;Totaal mannen en vrouwen;2015;150847;65270;35268;30002;12737;17265;43134;22136
4147;26 jaar;Totaal mannen en vrouwen;2016;152137;66223;35357;30866;12784;18082;44235;21988
4148;26 jaar;Totaal mannen en vrouwen;2017;158156;68335;35283;33052;13693;19359;46001;22334
4149;26 jaar;Totaal mannen en vrouwen;2018;157919;68876;35131;33745;14001;19744;46411;22465
4150;26 jaar;Totaal mannen en vrouwen;2019;155072;69792;35234;34558;14089;20469;47516;22276
4151;26 jaar;Totaal mannen en vrouwen;2020;153845;69847;35140;34707;14309;20398;47592;22255
4152;26 jaar;Totaal mannen en vrouwen;2021;153601;71336;35176;36160;14468;21692;48917;22419
4153;26 jaar;Totaal mannen en vrouwen;2022;149158;71453;35316;36137;14548;21589;48904;22549
4154;26 jaar;Totaal mannen en vrouwen;2023;147847;72671;35764;36907;14575;22332;50034;22637
4155;26 jaar;Totaal mannen en vrouwen;2024;147832;74816;36049;38767;15220;23547;51982;22834
4156;26 jaar;Totaal mannen en vrouwen;2025;152003;77152;36164;40988;16173;24815;53753;23399
4157;26 jaar;Totaal mannen en vrouwen;2026;152316;78368;35885;42483;16665;25818;54271;24097
4158;26 jaar;Totaal mannen en vrouwen;2027;157286;78077;35844;42233;16518;25715;53833;24244
4159;26 jaar;Totaal mannen en vrouwen;2028;156079;79152;35800;43352;17231;26121;54397;24755
4160;26 jaar;Totaal mannen en vrouwen;2029;153686;80151;35766;44385;17930;26455;54870;25281
4161;26 jaar;Totaal mannen en vrouwen;2030;150414;81032;35733;45299;18609;26690;55229;25803
4162;26 jaar;Totaal mannen en vrouwen;2031;147054;81853;35712;46141;19266;26875;55542;26311
4163;26 jaar;Totaal mannen en vrouwen;2032;143620;82656;35698;46958;19893;27065;55861;26795
4164;26 jaar;Totaal mannen en vrouwen;2033;140420;83360;35686;47674;20486;27188;56106;27254
4165;26 jaar;Totaal mannen en vrouwen;2034;137538;83971;35682;48289;21033;27256;56288;27683
4166;26 jaar;Totaal mannen en vrouwen;2035;135197;84495;35685;48810;21539;27271;56413;28082
4167;26 jaar;Totaal mannen en vrouwen;2036;133208;84937;35688;49249;22006;27243;56491;28446
4168;26 jaar;Totaal mannen en vrouwen;2037;131875;85292;35690;49602;22428;27174;56526;28766
4169;26 jaar;Totaal mannen en vrouwen;2038;131105;85579;35695;49884;22806;27078;56537;29042
4170;26 jaar;Totaal mannen en vrouwen;2039;130759;85808;35700;50108;23143;26965;56536;29272
4171;26 jaar;Totaal mannen en vrouwen;2040;130851;85974;35701;50273;23436;26837;56517;29457
4172;26 jaar;Totaal mannen en vrouwen;2041;131254;86093;35705;50388;23694;26694;56490;29603
4173;26 jaar;Totaal mannen en vrouwen;2042;131907;86161;35708;50453;23916;26537;56448;29713
4174;26 jaar;Totaal mannen en vrouwen;2043;132784;86194;35712;50482;23984;26498;56412;29782
4175;26 jaar;Totaal mannen en vrouwen;2044;133847;86191;35715;50476;24025;26451;56367;29824
4176;26 jaar;Totaal mannen en vrouwen;2045;135021;86157;35719;50438;24045;26393;56318;29839
4177;26 jaar;Totaal mannen en vrouwen;2046;136234;86097;35720;50377;24042;26335;56261;29836
4178;26 jaar;Totaal mannen en vrouwen;2047;137415;86013;35720;50293;24028;26265;56195;29818
4179;26 jaar;Totaal mannen en vrouwen;2048;138530;85939;35725;50214;24008;26206;56142;29797
4180;26 jaar;Totaal mannen en vrouwen;2049;139556;85859;35726;50133;23986;26147;56091;29768
4181;26 jaar;Totaal mannen en vrouwen;2050;140489;85783;35726;50057;23962;26095;56046;29737
4182;26 jaar;Mannen;2000;86796;22461;14577;7884;5367;2517;13311;9150
4183;26 jaar;Mannen;2001;82653;23012;14903;8109;5279;2830;13877;9135
4184;26 jaar;Mannen;2002;78289;22888;14380;8508;5261;3247;13578;9310
4185;26 jaar;Mannen;2003;77713;23321;14169;9152;5322;3830;13776;9545
4186;26 jaar;Mannen;2004;75273;24254;14693;9561;5297;4264;14821;9433
4187;26 jaar;Mannen;2005;75596;25433;15017;10416;5538;4878;15574;9859
4188;26 jaar;Mannen;2006;74453;26414;15205;11209;5658;5551;16414;10000
4189;26 jaar;Mannen;2007;76750;27868;15358;12510;6026;6484;17442;10426
4190;26 jaar;Mannen;2008;74407;29006;15913;13093;6042;7051;18587;10419
4191;26 jaar;Mannen;2009;72207;29184;16366;12818;5847;6971;18992;10192
4192;26 jaar;Mannen;2010;71339;29193;16365;12828;5784;7044;19103;10090
4193;26 jaar;Mannen;2011;73303;29686;16454;13232;6011;7221;19450;10236
4194;26 jaar;Mannen;2012;74573;29844;16443;13401;6106;7295;19598;10246
4195;26 jaar;Mannen;2013;76663;30455;16491;13964;6355;7609;20042;10413
4196;26 jaar;Mannen;2014;77937;30891;16492;14399;6329;8070;20475;10416
4197;26 jaar;Mannen;2015;76590;31791;16539;15252;6413;8839;21409;10382
4198;26 jaar;Mannen;2016;76860;32423;16618;15805;6533;9272;21977;10446
4199;26 jaar;Mannen;2017;80664;33344;16596;16748;6961;9787;22751;10593
4200;26 jaar;Mannen;2018;80076;33723;16461;17262;7158;10104;23003;10720
4201;26 jaar;Mannen;2019;78849;34263;16582;17681;7116;10565;23736;10527
4202;26 jaar;Mannen;2020;78008;34222;16511;17711;7373;10338;23529;10693
4203;26 jaar;Mannen;2021;78032;35019;16521;18498;7428;11070;24275;10744
4204;26 jaar;Mannen;2022;75692;35096;16623;18473;7424;11049;24249;10847
4205;26 jaar;Mannen;2023;75386;35824;16828;18996;7503;11493;24825;10999
4206;26 jaar;Mannen;2024;74814;36751;16921;19830;7801;12029;25706;11045
4207;26 jaar;Mannen;2025;77203;37959;16979;20980;8285;12695;26601;11358
4208;26 jaar;Mannen;2026;77528;38674;16889;21785;8558;13227;26899;11775
4209;26 jaar;Mannen;2027;79913;38463;16864;21599;8448;13151;26699;11764
4210;26 jaar;Mannen;2028;79292;39009;16838;22171;8812;13359;26977;12032
4211;26 jaar;Mannen;2029;78069;39521;16820;22701;9170;13531;27213;12308
4212;26 jaar;Mannen;2030;76401;39972;16803;23169;9518;13651;27392;12580
4213;26 jaar;Mannen;2031;74688;40393;16794;23599;9853;13746;27550;12843
4214;26 jaar;Mannen;2032;72939;40807;16787;24020;10176;13844;27711;13096
4215;26 jaar;Mannen;2033;71305;41168;16780;24388;10478;13910;27836;13332
4216;26 jaar;Mannen;2034;69838;41483;16779;24704;10761;13943;27924;13559
4217;26 jaar;Mannen;2035;68641;41754;16784;24970;11020;13950;27988;13766
4218;26 jaar;Mannen;2036;67627;41983;16786;25197;11262;13935;28027;13956
4219;26 jaar;Mannen;2037;66949;42165;16790;25375;11473;13902;28043;14122
4220;26 jaar;Mannen;2038;66558;42312;16790;25522;11667;13855;28047;14265
4221;26 jaar;Mannen;2039;66381;42431;16794;25637;11840;13797;28047;14384
4222;26 jaar;Mannen;2040;66429;42518;16795;25723;11992;13731;28036;14482
4223;26 jaar;Mannen;2041;66632;42579;16798;25781;12124;13657;28021;14558
4224;26 jaar;Mannen;2042;66965;42614;16799;25815;12237;13578;27999;14615
4225;26 jaar;Mannen;2043;67414;42632;16801;25831;12272;13559;27981;14651
4226;26 jaar;Mannen;2044;67962;42632;16802;25830;12294;13536;27960;14672
4227;26 jaar;Mannen;2045;68566;42613;16803;25810;12303;13507;27932;14681
4228;26 jaar;Mannen;2046;69182;42584;16804;25780;12305;13475;27903;14681
4229;26 jaar;Mannen;2047;69782;42543;16806;25737;12296;13441;27870;14673
4230;26 jaar;Mannen;2048;70353;42504;16806;25698;12287;13411;27843;14661
4231;26 jaar;Mannen;2049;70872;42461;16806;25655;12277;13378;27815;14646
4232;26 jaar;Mannen;2050;71349;42421;16806;25615;12261;13354;27791;14630
4233;26 jaar;Vrouwen;2000;83655;24108;16448;7660;5235;2425;14052;10056
4234;26 jaar;Vrouwen;2001;79292;24699;16884;7815;5201;2614;14479;10220
4235;26 jaar;Vrouwen;2002;75484;24455;16327;8128;4992;3136;14314;10141
4236;26 jaar;Vrouwen;2003;74292;24726;16102;8624;5012;3612;14313;10413
4237;26 jaar;Vrouwen;2004;72465;26498;17268;9230;5058;4172;15848;10650
4238;26 jaar;Vrouwen;2005;72946;27503;17411;10092;5335;4757;16534;10969
4239;26 jaar;Vrouwen;2006;72448;28280;17679;10601;5354;5247;17174;11106
4240;26 jaar;Vrouwen;2007;74130;29729;17695;12034;5755;6279;18215;11514
4241;26 jaar;Vrouwen;2008;72798;30194;17714;12480;5724;6756;18740;11454
4242;26 jaar;Vrouwen;2009;69902;30310;18121;12189;5610;6579;18961;11349
4243;26 jaar;Vrouwen;2010;69110;30749;18318;12431;5557;6874;19389;11360
4244;26 jaar;Vrouwen;2011;70767;31253;18635;12618;5757;6861;19848;11405
4245;26 jaar;Vrouwen;2012;72706;31587;18766;12821;5672;7149;20125;11462
4246;26 jaar;Vrouwen;2013;75260;32114;18613;13501;6083;7418;20493;11621
4247;26 jaar;Vrouwen;2014;74932;32608;18663;13945;6065;7880;21098;11510
4248;26 jaar;Vrouwen;2015;74254;33482;18730;14752;6326;8426;21727;11755
4249;26 jaar;Vrouwen;2016;75277;33800;18737;15063;6253;8810;22258;11542
4250;26 jaar;Vrouwen;2017;77492;34991;18686;16305;6733;9572;23251;11740
4251;26 jaar;Vrouwen;2018;77840;35156;18672;16484;6843;9641;23408;11748
4252;26 jaar;Vrouwen;2019;76224;35528;18650;16878;6975;9903;23778;11750
4253;26 jaar;Vrouwen;2020;75841;35622;18628;16994;6934;10060;24061;11561
4254;26 jaar;Vrouwen;2021;75570;36315;18657;17658;7039;10619;24641;11674
4255;26 jaar;Vrouwen;2022;73466;36357;18693;17664;7128;10536;24656;11701
4256;26 jaar;Vrouwen;2023;72458;36849;18937;17912;7073;10839;25211;11638
4257;26 jaar;Vrouwen;2024;73020;38063;19129;18934;7415;11519;26276;11787
4258;26 jaar;Vrouwen;2025;74802;39190;19184;20006;7886;12120;27152;12038
4259;26 jaar;Vrouwen;2026;74787;39696;18995;20701;8111;12590;27375;12321
4260;26 jaar;Vrouwen;2027;77370;39617;18982;20635;8073;12562;27137;12480
4261;26 jaar;Vrouwen;2028;76790;40140;18959;21181;8417;12764;27417;12723
4262;26 jaar;Vrouwen;2029;75614;40633;18948;21685;8761;12924;27661;12972
4263;26 jaar;Vrouwen;2030;74012;41061;18932;22129;9091;13038;27837;13224
4264;26 jaar;Vrouwen;2031;72368;41458;18920;22538;9410;13128;27990;13468
4265;26 jaar;Vrouwen;2032;70681;41849;18912;22937;9717;13220;28148;13701
4266;26 jaar;Vrouwen;2033;69113;42194;18907;23287;10005;13282;28274;13920
4267;26 jaar;Vrouwen;2034;67701;42487;18902;23585;10271;13314;28362;14125
4268;26 jaar;Vrouwen;2035;66556;42741;18901;23840;10521;13319;28425;14316
4269;26 jaar;Vrouwen;2036;65581;42955;18902;24053;10747;13306;28463;14492
4270;26 jaar;Vrouwen;2037;64929;43124;18899;24225;10950;13275;28480;14644
4271;26 jaar;Vrouwen;2038;64548;43266;18902;24364;11141;13223;28488;14778
4272;26 jaar;Vrouwen;2039;64378;43377;18906;24471;11302;13169;28489;14888
4273;26 jaar;Vrouwen;2040;64420;43458;18907;24551;11446;13105;28482;14976
4274;26 jaar;Vrouwen;2041;64622;43514;18907;24607;11570;13037;28469;15045
4275;26 jaar;Vrouwen;2042;64940;43549;18910;24639;11679;12960;28449;15100
4276;26 jaar;Vrouwen;2043;65371;43561;18911;24650;11710;12940;28431;15130
4277;26 jaar;Vrouwen;2044;65883;43561;18913;24648;11731;12917;28410;15151
4278;26 jaar;Vrouwen;2045;66457;43541;18915;24626;11739;12887;28385;15156
4279;26 jaar;Vrouwen;2046;67054;43511;18916;24595;11738;12857;28355;15156
4280;26 jaar;Vrouwen;2047;67630;43473;18916;24557;11732;12825;28327;15146
4281;26 jaar;Vrouwen;2048;68175;43437;18919;24518;11725;12793;28300;15137
4282;26 jaar;Vrouwen;2049;68684;43398;18921;24477;11710;12767;28276;15122
4283;26 jaar;Vrouwen;2050;69137;43366;18923;24443;11701;12742;28257;15109
4284;27 jaar;Totaal mannen en vrouwen;2000;187102;50552;33889;16663;11885;4778;29361;21191
4285;27 jaar;Totaal mannen en vrouwen;2001;170152;48872;33335;15537;10597;4940;28745;20127
4286;27 jaar;Totaal mannen en vrouwen;2002;161690;49953;34039;15914;10474;5440;29678;20275
4287;27 jaar;Totaal mannen en vrouwen;2003;153575;49581;32955;16626;10246;6380;29216;20365
4288;27 jaar;Totaal mannen en vrouwen;2004;151812;50262;32494;17768;10330;7438;29403;20859
4289;27 jaar;Totaal mannen en vrouwen;2005;147561;52915;34136;18779;10346;8433;31938;20977
4290;27 jaar;Totaal mannen en vrouwen;2006;148346;55052;34552;20500;10872;9628;33349;21703
4291;27 jaar;Totaal mannen en vrouwen;2007;146705;56770;34967;21803;11012;10791;34804;21966
4292;27 jaar;Totaal mannen en vrouwen;2008;150628;59631;35095;24536;11777;12759;36846;22785
4293;27 jaar;Totaal mannen en vrouwen;2009;146974;61187;35626;25561;11759;13802;38484;22703
4294;27 jaar;Totaal mannen en vrouwen;2010;141912;61447;36451;24996;11453;13543;39087;22360
4295;27 jaar;Totaal mannen en vrouwen;2011;140266;61887;36637;25250;11338;13912;39635;22252
4296;27 jaar;Totaal mannen en vrouwen;2012;143863;62862;37023;25839;11763;14076;40439;22423
4297;27 jaar;Totaal mannen en vrouwen;2013;147047;63347;37135;26212;11774;14438;40877;22470
4298;27 jaar;Totaal mannen en vrouwen;2014;151658;64474;37018;27456;12433;15023;41695;22779
4299;27 jaar;Totaal mannen en vrouwen;2015;152595;65390;37056;28334;12388;15946;42738;22652
4300;27 jaar;Totaal mannen en vrouwen;2016;150575;67147;37155;29992;12733;17259;44300;22847
4301;27 jaar;Totaal mannen en vrouwen;2017;151852;68086;37230;30856;12781;18075;45404;22682
4302;27 jaar;Totaal mannen en vrouwen;2018;157816;70183;37143;33040;13689;19351;47173;23010
4303;27 jaar;Totaal mannen en vrouwen;2019;157581;70723;36988;33735;13999;19736;47592;23131
4304;27 jaar;Totaal mannen en vrouwen;2020;154750;71636;37089;34547;14086;20461;48698;22938
4305;27 jaar;Totaal mannen en vrouwen;2021;153534;71683;36988;34695;14306;20389;48775;22908
4306;27 jaar;Totaal mannen en vrouwen;2022;153280;73170;37024;36146;14464;21682;50100;23070
4307;27 jaar;Totaal mannen en vrouwen;2023;148863;73290;37163;36127;14549;21578;50093;23197
4308;27 jaar;Totaal mannen en vrouwen;2024;147555;74490;37594;36896;14573;22323;51215;23275
4309;27 jaar;Totaal mannen en vrouwen;2025;147531;76627;37874;38753;15214;23539;53160;23467
4310;27 jaar;Totaal mannen en vrouwen;2026;151664;78956;37983;40973;16167;24806;54928;24028
4311;27 jaar;Totaal mannen en vrouwen;2027;151963;80182;37712;42470;16662;25808;55457;24725
4312;27 jaar;Totaal mannen en vrouwen;2028;156907;79896;37679;42217;16512;25705;55020;24876
4313;27 jaar;Totaal mannen en vrouwen;2029;155700;80974;37638;43336;17222;26114;55587;25387
4314;27 jaar;Totaal mannen en vrouwen;2030;153318;81973;37605;44368;17923;26445;56062;25911
4315;27 jaar;Totaal mannen en vrouwen;2031;150058;82860;37576;45284;18604;26680;56425;26435
4316;27 jaar;Totaal mannen en vrouwen;2032;146713;83684;37557;46127;19260;26867;56741;26943
4317;27 jaar;Totaal mannen en vrouwen;2033;143296;84488;37544;46944;19888;27056;57062;27426
4318;27 jaar;Totaal mannen en vrouwen;2034;140108;85196;37535;47661;20479;27182;57310;27886
4319;27 jaar;Totaal mannen en vrouwen;2035;137245;85803;37531;48272;21027;27245;57490;28313
4320;27 jaar;Totaal mannen en vrouwen;2036;134915;86330;37536;48794;21533;27261;57618;28712
4321;27 jaar;Totaal mannen en vrouwen;2037;132939;86772;37538;49234;22001;27233;57696;29076
4322;27 jaar;Totaal mannen en vrouwen;2038;131611;87130;37544;49586;22418;27168;57732;29398
4323;27 jaar;Totaal mannen en vrouwen;2039;130843;87415;37546;49869;22799;27070;57743;29672
4324;27 jaar;Totaal mannen en vrouwen;2040;130498;87646;37555;50091;23134;26957;57742;29904
4325;27 jaar;Totaal mannen en vrouwen;2041;130586;87814;37556;50258;23429;26829;57726;30088
4326;27 jaar;Totaal mannen en vrouwen;2042;130987;87932;37560;50372;23688;26684;57698;30234
4327;27 jaar;Totaal mannen en vrouwen;2043;131632;88001;37563;50438;23909;26529;57658;30343
4328;27 jaar;Totaal mannen en vrouwen;2044;132504;88032;37568;50464;23974;26490;57621;30411
4329;27 jaar;Totaal mannen en vrouwen;2045;133558;88033;37572;50461;24018;26443;57580;30453
4330;27 jaar;Totaal mannen en vrouwen;2046;134727;87996;37574;50422;24035;26387;57529;30467
4331;27 jaar;Totaal mannen en vrouwen;2047;135927;87937;37577;50360;24036;26324;57472;30465
4332;27 jaar;Totaal mannen en vrouwen;2048;137100;87855;37577;50278;24020;26258;57408;30447
4333;27 jaar;Totaal mannen en vrouwen;2049;138208;87782;37581;50201;24001;26200;57356;30426
4334;27 jaar;Totaal mannen en vrouwen;2050;139231;87700;37583;50117;23979;26138;57303;30397
4335;27 jaar;Mannen;2000;94975;24801;16281;8520;6106;2414;14517;10284
4336;27 jaar;Mannen;2001;86599;23631;15750;7881;5364;2517;14041;9590
4337;27 jaar;Mannen;2002;82476;24158;16055;8103;5276;2827;14576;9582
4338;27 jaar;Mannen;2003;78144;24025;15523;8502;5255;3247;14280;9745
4339;27 jaar;Mannen;2004;77573;24451;15302;9149;5320;3829;14474;9977
4340;27 jaar;Mannen;2005;75142;25369;15813;9556;5294;4262;15496;9873
4341;27 jaar;Mannen;2006;75458;26518;16105;10413;5538;4875;16236;10282
4342;27 jaar;Mannen;2007;74321;27480;16277;11203;5657;5546;17060;10420
4343;27 jaar;Mannen;2008;76586;28912;16406;12506;6025;6481;18077;10835
4344;27 jaar;Mannen;2009;74255;30022;16936;13086;6039;7047;19199;10823
4345;27 jaar;Mannen;2010;72073;30175;17363;12812;5845;6967;19587;10588
4346;27 jaar;Mannen;2011;71207;30193;17370;12823;5782;7041;19705;10488
4347;27 jaar;Mannen;2012;73159;30683;17457;13226;6009;7217;20058;10625
4348;27 jaar;Mannen;2013;74418;30841;17446;13395;6103;7292;20212;10629
4349;27 jaar;Mannen;2014;76495;31443;17486;13957;6352;7605;20658;10785
4350;27 jaar;Mannen;2015;77758;31873;17481;14392;6324;8068;21093;10780
4351;27 jaar;Mannen;2016;76412;32769;17523;15246;6410;8836;22030;10739
4352;27 jaar;Mannen;2017;76680;33395;17598;15797;6528;9269;22599;10796
4353;27 jaar;Mannen;2018;80450;34310;17571;16739;6956;9783;23374;10936
4354;27 jaar;Mannen;2019;79866;34689;17435;17254;7154;10100;23635;11054
4355;27 jaar;Mannen;2020;78641;35233;17559;17674;7113;10561;24368;10865
4356;27 jaar;Mannen;2021;77804;35193;17488;17705;7370;10335;24167;11026
4357;27 jaar;Mannen;2022;77824;35988;17494;18494;7427;11067;24912;11076
4358;27 jaar;Mannen;2023;75507;36057;17591;18466;7421;11045;24882;11175
4359;27 jaar;Mannen;2024;75196;36779;17790;18989;7498;11491;25457;11322
4360;27 jaar;Mannen;2025;74620;37706;17884;19822;7798;12024;26340;11366
4361;27 jaar;Mannen;2026;76988;38909;17938;20971;8281;12690;27232;11677
4362;27 jaar;Mannen;2027;77304;39627;17851;21776;8554;13222;27536;12091
4363;27 jaar;Mannen;2028;79674;39422;17829;21593;8446;13147;27340;12082
4364;27 jaar;Mannen;2029;79054;39969;17807;22162;8807;13355;27619;12350
4365;27 jaar;Mannen;2030;77837;40481;17788;22693;9169;13524;27856;12625
4366;27 jaar;Mannen;2031;76177;40934;17772;23162;9516;13646;28037;12897
4367;27 jaar;Mannen;2032;74472;41356;17764;23592;9851;13741;28196;13160
4368;27 jaar;Mannen;2033;72734;41768;17756;24012;10172;13840;28357;13411
4369;27 jaar;Mannen;2034;71108;42130;17752;24378;10475;13903;28482;13648
4370;27 jaar;Mannen;2035;69650;42442;17750;24692;10755;13937;28569;13873
4371;27 jaar;Mannen;2036;68457;42718;17757;24961;11017;13944;28637;14081
4372;27 jaar;Mannen;2037;67448;42947;17760;25187;11256;13931;28675;14272
4373;27 jaar;Mannen;2038;66776;43130;17763;25367;11467;13900;28692;14438
4374;27 jaar;Mannen;2039;66385;43277;17764;25513;11664;13849;28696;14581
4375;27 jaar;Mannen;2040;66209;43397;17769;25628;11836;13792;28696;14701
4376;27 jaar;Mannen;2041;66255;43483;17770;25713;11987;13726;28686;14797
4377;27 jaar;Mannen;2042;66458;43542;17772;25770;12118;13652;28670;14872
4378;27 jaar;Mannen;2043;66787;43579;17774;25805;12233;13572;28651;14928
4379;27 jaar;Mannen;2044;67232;43598;17775;25823;12269;13554;28634;14964
4380;27 jaar;Mannen;2045;67776;43598;17778;25820;12291;13529;28609;14989
4381;27 jaar;Mannen;2046;68373;43582;17778;25804;12301;13503;28586;14996
4382;27 jaar;Mannen;2047;68985;43551;17780;25771;12299;13472;28555;14996
4383;27 jaar;Mannen;2048;69583;43507;17778;25729;12292;13437;28521;14986
4384;27 jaar;Mannen;2049;70150;43469;17782;25687;12280;13407;28494;14975
4385;27 jaar;Mannen;2050;70666;43427;17783;25644;12269;13375;28467;14960
4386;27 jaar;Vrouwen;2000;92127;25751;17608;8143;5779;2364;14844;10907
4387;27 jaar;Vrouwen;2001;83552;25243;17585;7658;5233;2425;14707;10536
4388;27 jaar;Vrouwen;2002;79210;25798;17986;7812;5198;2614;15103;10695
4389;27 jaar;Vrouwen;2003;75431;25555;17431;8124;4990;3134;14934;10621
4390;27 jaar;Vrouwen;2004;74239;25811;17190;8621;5010;3611;14931;10880
4391;27 jaar;Vrouwen;2005;72417;27548;18323;9225;5054;4171;16442;11106
4392;27 jaar;Vrouwen;2006;72887;28535;18448;10087;5332;4755;17116;11419
4393;27 jaar;Vrouwen;2007;72383;29291;18691;10600;5354;5246;17743;11548
4394;27 jaar;Vrouwen;2008;74043;30718;18687;12031;5753;6278;18769;11949
4395;27 jaar;Vrouwen;2009;72717;31167;18691;12476;5723;6753;19286;11881
4396;27 jaar;Vrouwen;2010;69839;31273;19088;12185;5610;6575;19502;11771
4397;27 jaar;Vrouwen;2011;69057;31696;19269;12427;5557;6870;19930;11766
4398;27 jaar;Vrouwen;2012;70703;32180;19567;12613;5755;6858;20382;11798
4399;27 jaar;Vrouwen;2013;72629;32505;19688;12817;5671;7146;20663;11842
4400;27 jaar;Vrouwen;2014;75163;33031;19533;13498;6081;7417;21037;11994
4401;27 jaar;Vrouwen;2015;74839;33515;19574;13941;6062;7879;21643;11872
4402;27 jaar;Vrouwen;2016;74161;34380;19632;14748;6324;8424;22271;12109
4403;27 jaar;Vrouwen;2017;75176;34688;19630;15058;6249;8809;22805;11883
4404;27 jaar;Vrouwen;2018;77368;35871;19572;16299;6730;9569;23799;12072
4405;27 jaar;Vrouwen;2019;77717;36031;19553;16478;6841;9637;23957;12074
4406;27 jaar;Vrouwen;2020;76110;36402;19531;16871;6971;9900;24329;12073
4407;27 jaar;Vrouwen;2021;75729;36491;19500;16991;6936;10055;24609;11882
4408;27 jaar;Vrouwen;2022;75457;37181;19530;17651;7036;10615;25187;11994
4409;27 jaar;Vrouwen;2023;73366;37223;19565;17658;7125;10533;25203;12020
4410;27 jaar;Vrouwen;2024;72357;37712;19803;17909;7074;10835;25758;11954
4411;27 jaar;Vrouwen;2025;72910;38922;19993;18929;7414;11515;26820;12102
4412;27 jaar;Vrouwen;2026;74677;40046;20044;20002;7887;12115;27693;12353
4413;27 jaar;Vrouwen;2027;74663;40551;19858;20693;8106;12587;27918;12633
4414;27 jaar;Vrouwen;2028;77231;40475;19849;20626;8066;12560;27684;12791
4415;27 jaar;Vrouwen;2029;76648;41003;19829;21174;8415;12759;27967;13036
4416;27 jaar;Vrouwen;2030;75478;41495;19818;21677;8756;12921;28209;13286
4417;27 jaar;Vrouwen;2031;73882;41926;19804;22122;9088;13034;28388;13538
4418;27 jaar;Vrouwen;2032;72242;42327;19794;22533;9408;13125;28546;13781
4419;27 jaar;Vrouwen;2033;70566;42716;19786;22930;9712;13218;28701;14015
4420;27 jaar;Vrouwen;2034;69001;43065;19783;23282;10003;13279;28829;14236
4421;27 jaar;Vrouwen;2035;67599;43357;19779;23578;10270;13308;28917;14440
4422;27 jaar;Vrouwen;2036;66459;43611;19779;23832;10516;13316;28980;14631
4423;27 jaar;Vrouwen;2037;65489;43827;19779;24048;10746;13302;29021;14806
4424;27 jaar;Vrouwen;2038;64837;43998;19779;24219;10950;13269;29040;14958
4425;27 jaar;Vrouwen;2039;64461;44134;19780;24354;11135;13219;29042;15092
4426;27 jaar;Vrouwen;2040;64287;44250;19787;24463;11297;13166;29046;15204
4427;27 jaar;Vrouwen;2041;64331;44331;19787;24544;11444;13100;29041;15290
4428;27 jaar;Vrouwen;2042;64532;44387;19787;24600;11568;13032;29027;15360
4429;27 jaar;Vrouwen;2043;64845;44422;19790;24632;11675;12957;29007;15415
4430;27 jaar;Vrouwen;2044;65267;44439;19794;24645;11708;12937;28993;15446
4431;27 jaar;Vrouwen;2045;65781;44435;19795;24640;11727;12913;28968;15467
4432;27 jaar;Vrouwen;2046;66355;44413;19794;24619;11733;12886;28942;15471
4433;27 jaar;Vrouwen;2047;66939;44389;19798;24591;11738;12853;28919;15470
4434;27 jaar;Vrouwen;2048;67519;44346;19798;24548;11727;12821;28887;15459
4435;27 jaar;Vrouwen;2049;68059;44312;19800;24512;11721;12791;28862;15450
4436;27 jaar;Vrouwen;2050;68568;44270;19801;24469;11704;12765;28835;15435
4437;28 jaar;Totaal mannen en vrouwen;2000;198635;52211;35404;16807;12405;4402;29776;22435
4438;28 jaar;Totaal mannen en vrouwen;2001;186745;52617;35961;16656;11879;4777;30619;21998
4439;28 jaar;Totaal mannen en vrouwen;2002;169904;50948;35419;15529;10591;4938;29987;20961
4440;28 jaar;Totaal mannen en vrouwen;2003;161486;51994;36087;15907;10469;5438;30902;21092
4441;28 jaar;Totaal mannen en vrouwen;2004;153422;51607;34988;16619;10244;6375;30437;21170
4442;28 jaar;Totaal mannen en vrouwen;2005;151662;52261;34500;17761;10326;7435;30615;21646
4443;28 jaar;Totaal mannen en vrouwen;2006;147422;54865;36091;18774;10346;8428;33112;21753
4444;28 jaar;Totaal mannen en vrouwen;2007;148196;56949;36459;20490;10865;9625;34492;22457
4445;28 jaar;Totaal mannen en vrouwen;2008;146553;58632;36839;21793;11005;10788;35925;22707
4446;28 jaar;Totaal mannen en vrouwen;2009;150432;61452;36925;24527;11773;12754;37944;23508
4447;28 jaar;Totaal mannen en vrouwen;2010;146794;62971;37421;25550;11754;13796;39557;23414
4448;28 jaar;Totaal mannen en vrouwen;2011;141765;63194;38209;24985;11447;13538;40141;23053
4449;28 jaar;Totaal mannen en vrouwen;2012;140136;63622;38385;25237;11331;13906;40696;22926
4450;28 jaar;Totaal mannen en vrouwen;2013;143700;64584;38755;25829;11757;14072;41506;23078
4451;28 jaar;Totaal mannen en vrouwen;2014;146860;65058;38856;26202;11770;14432;41949;23109
4452;28 jaar;Totaal mannen en vrouwen;2015;151439;66174;38729;27445;12428;15017;42776;23398
4453;28 jaar;Totaal mannen en vrouwen;2016;152371;67075;38752;28323;12382;15941;43822;23253
4454;28 jaar;Totaal mannen en vrouwen;2017;150359;68819;38839;29980;12726;17254;45387;23432
4455;28 jaar;Totaal mannen en vrouwen;2018;151621;69747;38904;30843;12774;18069;46493;23254
4456;28 jaar;Totaal mannen en vrouwen;2019;157530;71835;38806;33029;13684;19345;48267;23568
4457;28 jaar;Totaal mannen en vrouwen;2020;157296;72376;38654;33722;13993;19729;48694;23682
4458;28 jaar;Totaal mannen en vrouwen;2021;154480;73280;38747;34533;14078;20455;49797;23483
4459;28 jaar;Totaal mannen en vrouwen;2022;153271;73330;38647;34683;14299;20384;49879;23451
4460;28 jaar;Totaal mannen en vrouwen;2023;153008;74817;38687;36130;14456;21674;51202;23615
4461;28 jaar;Totaal mannen en vrouwen;2024;148624;74929;38816;36113;14542;21571;51195;23734
4462;28 jaar;Totaal mannen en vrouwen;2025;147317;76118;39238;36880;14565;22315;52310;23808
4463;28 jaar;Totaal mannen en vrouwen;2026;147282;78251;39511;38740;15208;23532;54255;23996
4464;28 jaar;Totaal mannen en vrouwen;2027;151373;80575;39615;40960;16163;24797;56021;24554
4465;28 jaar;Totaal mannen en vrouwen;2028;151670;81804;39351;42453;16655;25798;56556;25248
4466;28 jaar;Totaal mannen en vrouwen;2029;156580;81525;39323;42202;16506;25696;56124;25401
4467;28 jaar;Totaal mannen en vrouwen;2030;155375;82607;39285;43322;17219;26103;56696;25911
4468;28 jaar;Totaal mannen en vrouwen;2031;152997;83609;39257;44352;17917;26435;57174;26435
4469;28 jaar;Totaal mannen en vrouwen;2032;149750;84500;39231;45269;18598;26671;57541;26959
4470;28 jaar;Totaal mannen en vrouwen;2033;146430;85322;39213;46109;19252;26857;57858;27464
4471;28 jaar;Totaal mannen en vrouwen;2034;143028;86130;39202;46928;19880;27048;58182;27948
4472;28 jaar;Totaal mannen en vrouwen;2035;139856;86837;39195;47642;20468;27174;58428;28409
4473;28 jaar;Totaal mannen en vrouwen;2036;137008;87445;39190;48255;21018;27237;58610;28835
4474;28 jaar;Totaal mannen en vrouwen;2037;134686;87977;39200;48777;21525;27252;58741;29236
4475;28 jaar;Totaal mannen en vrouwen;2038;132715;88422;39203;49219;21994;27225;58821;29601
4476;28 jaar;Totaal mannen en vrouwen;2039;131395;88779;39209;49570;22415;27155;58858;29921
4477;28 jaar;Totaal mannen en vrouwen;2040;130632;89065;39213;49852;22792;27060;58868;30197
4478;28 jaar;Totaal mannen en vrouwen;2041;130288;89298;39220;50078;23130;26948;58870;30428
4479;28 jaar;Totaal mannen en vrouwen;2042;130375;89463;39222;50241;23422;26819;58850;30613
4480;28 jaar;Totaal mannen en vrouwen;2043;130770;89584;39227;50357;23680;26677;58826;30758
4481;28 jaar;Totaal mannen en vrouwen;2044;131409;89653;39231;50422;23900;26522;58786;30867
4482;28 jaar;Totaal mannen en vrouwen;2045;132276;89686;39236;50450;23968;26482;58751;30935
4483;28 jaar;Totaal mannen en vrouwen;2046;133325;89686;39241;50445;24011;26434;58710;30976
4484;28 jaar;Totaal mannen en vrouwen;2047;134487;89648;39242;50406;24028;26378;58658;30990
4485;28 jaar;Totaal mannen en vrouwen;2048;135675;89590;39245;50345;24030;26315;58602;30988
4486;28 jaar;Totaal mannen en vrouwen;2049;136840;89507;39246;50261;24011;26250;58540;30967
4487;28 jaar;Totaal mannen en vrouwen;2050;137940;89433;39249;50184;23996;26188;58487;30946
4488;28 jaar;Mannen;2000;101331;25962;17348;8614;6332;2282;15048;10914
4489;28 jaar;Mannen;2001;94740;25850;17334;8516;6102;2414;15181;10669
4490;28 jaar;Mannen;2002;86420;24697;16821;7876;5361;2515;14703;9994
4491;28 jaar;Mannen;2003;82327;25205;17107;8098;5272;2826;15228;9977
4492;28 jaar;Mannen;2004;78021;25068;16570;8498;5254;3244;14936;10132
4493;28 jaar;Mannen;2005;77451;25485;16341;9144;5319;3825;15123;10362
4494;28 jaar;Mannen;2006;75031;26383;16830;9553;5294;4259;16127;10256
4495;28 jaar;Mannen;2007;75340;27500;17095;10405;5534;4871;16849;10651
4496;28 jaar;Mannen;2008;74205;28449;17252;11197;5653;5544;17663;10786
4497;28 jaar;Mannen;2009;76442;29861;17360;12501;6022;6479;18671;11190
4498;28 jaar;Mannen;2010;74128;30941;17861;13080;6037;7043;19770;11171
4499;28 jaar;Mannen;2011;71956;31083;18277;12806;5842;6964;20148;10935
4500;28 jaar;Mannen;2012;71105;31095;18279;12816;5777;7039;20269;10826
4501;28 jaar;Mannen;2013;73034;31585;18364;13221;6008;7213;20629;10956
4502;28 jaar;Mannen;2014;74287;31742;18355;13387;6099;7288;20787;10955
4503;28 jaar;Mannen;2015;76342;32340;18389;13951;6350;7601;21240;11100
4504;28 jaar;Mannen;2016;77596;32768;18381;14387;6322;8065;21679;11089
4505;28 jaar;Mannen;2017;76260;33651;18415;15236;6403;8833;22613;11038
4506;28 jaar;Mannen;2018;76519;34278;18487;15791;6527;9264;23184;11094
4507;28 jaar;Mannen;2019;80258;35186;18454;16732;6953;9779;23963;11223
4508;28 jaar;Mannen;2020;79675;35570;18323;17247;7151;10096;24232;11338
4509;28 jaar;Mannen;2021;78458;36108;18441;17667;7110;10557;24962;11146
4510;28 jaar;Mannen;2022;77626;36072;18373;17699;7368;10331;24765;11307
4511;28 jaar;Mannen;2023;77640;36867;18382;18485;7423;11062;25509;11358
4512;28 jaar;Mannen;2024;75335;36937;18478;18459;7419;11040;25485;11452
4513;28 jaar;Mannen;2025;75031;37645;18666;18979;7494;11485;26051;11594
4514;28 jaar;Mannen;2026;74449;38573;18757;19816;7796;12020;26938;11635
4515;28 jaar;Mannen;2027;76793;39774;18809;20965;8278;12687;27830;11944
4516;28 jaar;Mannen;2028;77107;40493;18726;21767;8548;13219;28135;12358
4517;28 jaar;Mannen;2029;79461;40289;18706;21583;8442;13141;27939;12350
4518;28 jaar;Mannen;2030;78839;40839;18685;22154;8804;13350;28222;12617
4519;28 jaar;Mannen;2031;77630;41346;18665;22681;9160;13521;28456;12890
4520;28 jaar;Mannen;2032;75975;41805;18651;23154;9512;13642;28642;13163
4521;28 jaar;Mannen;2033;74282;42228;18647;23581;9846;13735;28802;13426
4522;28 jaar;Mannen;2034;72551;42644;18641;24003;10169;13834;28966;13678
4523;28 jaar;Mannen;2035;70933;43006;18637;24369;10469;13900;29092;13914
4524;28 jaar;Mannen;2036;69479;43323;18638;24685;10753;13932;29183;14140
4525;28 jaar;Mannen;2037;68298;43594;18642;24952;11010;13942;29247;14347
4526;28 jaar;Mannen;2038;67293;43823;18645;25178;11251;13927;29287;14536
4527;28 jaar;Mannen;2039;66620;44010;18652;25358;11465;13893;29306;14704
4528;28 jaar;Mannen;2040;66234;44155;18652;25503;11658;13845;29309;14846
4529;28 jaar;Mannen;2041;66059;44277;18657;25620;11834;13786;29309;14968
4530;28 jaar;Mannen;2042;66100;44364;18659;25705;11984;13721;29300;15064
4531;28 jaar;Mannen;2043;66300;44425;18661;25764;12116;13648;29287;15138
4532;28 jaar;Mannen;2044;66629;44459;18662;25797;12227;13570;29265;15194
4533;28 jaar;Mannen;2045;67072;44478;18665;25813;12263;13550;29247;15231
4534;28 jaar;Mannen;2046;67613;44479;18666;25813;12287;13526;29225;15254
4535;28 jaar;Mannen;2047;68208;44460;18666;25794;12295;13499;29197;15263
4536;28 jaar;Mannen;2048;68814;44427;18667;25760;12293;13467;29169;15258
4537;28 jaar;Mannen;2049;69405;44387;18667;25720;12287;13433;29137;15250
4538;28 jaar;Mannen;2050;69963;44352;18672;25680;12279;13401;29112;15240
4539;28 jaar;Vrouwen;2000;97304;26249;18056;8193;6073;2120;14728;11521
4540;28 jaar;Vrouwen;2001;92006;26766;18625;8141;5777;2364;15438;11328
4541;28 jaar;Vrouwen;2002;83481;26254;18598;7656;5231;2425;15286;10968
4542;28 jaar;Vrouwen;2003;79162;26786;18976;7810;5199;2611;15673;11113
4543;28 jaar;Vrouwen;2004;75398;26542;18421;8121;4989;3132;15503;11039
4544;28 jaar;Vrouwen;2005;74209;26778;18160;8618;5008;3610;15491;11287
4545;28 jaar;Vrouwen;2006;72391;28482;19259;9223;5055;4168;16986;11496
4546;28 jaar;Vrouwen;2007;72853;29452;19367;10085;5331;4754;17645;11807
4547;28 jaar;Vrouwen;2008;72351;30180;19586;10594;5350;5244;18259;11921
4548;28 jaar;Vrouwen;2009;73989;31592;19566;12026;5750;6276;19272;12320
4549;28 jaar;Vrouwen;2010;72665;32031;19559;12472;5721;6751;19788;12243
4550;28 jaar;Vrouwen;2011;69808;32112;19933;12179;5607;6572;19995;12117
4551;28 jaar;Vrouwen;2012;69028;32529;20108;12421;5553;6868;20427;12102
4552;28 jaar;Vrouwen;2013;70668;32997;20390;12607;5750;6857;20877;12120
4553;28 jaar;Vrouwen;2014;72575;33314;20503;12811;5668;7143;21159;12155
4554;28 jaar;Vrouwen;2015;75094;33836;20342;13494;6079;7415;21537;12299
4555;28 jaar;Vrouwen;2016;74773;34310;20373;13937;6060;7877;22145;12165
4556;28 jaar;Vrouwen;2017;74099;35168;20427;14741;6319;8422;22774;12394
4557;28 jaar;Vrouwen;2018;75105;35467;20414;15053;6247;8806;23309;12158
4558;28 jaar;Vrouwen;2019;77275;36646;20351;16295;6728;9567;24302;12344
4559;28 jaar;Vrouwen;2020;77623;36804;20331;16473;6841;9632;24461;12343
4560;28 jaar;Vrouwen;2021;76024;37170;20304;16866;6970;9896;24835;12335
4561;28 jaar;Vrouwen;2022;75645;37257;20274;16983;6930;10053;25114;12143
4562;28 jaar;Vrouwen;2023;75367;37952;20307;17645;7033;10612;25693;12259
4563;28 jaar;Vrouwen;2024;73286;37995;20340;17655;7125;10530;25711;12284
4564;28 jaar;Vrouwen;2025;72288;38472;20571;17901;7070;10831;26259;12213
4565;28 jaar;Vrouwen;2026;72831;39680;20756;18924;7412;11512;27319;12361
4566;28 jaar;Vrouwen;2027;74580;40801;20805;19996;7886;12110;28192;12609
4567;28 jaar;Vrouwen;2028;74561;41313;20626;20687;8105;12582;28422;12891
4568;28 jaar;Vrouwen;2029;77119;41236;20616;20620;8065;12555;28186;13050
4569;28 jaar;Vrouwen;2030;76536;41768;20600;21168;8411;12757;28475;13293
4570;28 jaar;Vrouwen;2031;75373;42257;20589;21668;8752;12916;28713;13544
4571;28 jaar;Vrouwen;2032;73777;42693;20577;22116;9087;13029;28896;13797
4572;28 jaar;Vrouwen;2033;72147;43095;20568;22527;9404;13123;29055;14040
4573;28 jaar;Vrouwen;2034;70481;43482;20559;22923;9711;13212;29212;14270
4574;28 jaar;Vrouwen;2035;68923;43831;20558;23273;9999;13274;29338;14493
4575;28 jaar;Vrouwen;2036;67523;44127;20556;23571;10267;13304;29429;14698
4576;28 jaar;Vrouwen;2037;66390;44381;20556;23825;10513;13312;29492;14889
4577;28 jaar;Vrouwen;2038;65425;44596;20557;24039;10742;13297;29532;15064
4578;28 jaar;Vrouwen;2039;64777;44767;20557;24210;10946;13264;29550;15217
4579;28 jaar;Vrouwen;2040;64401;44907;20559;24348;11132;13216;29557;15350
4580;28 jaar;Vrouwen;2041;64225;45025;20567;24458;11296;13162;29562;15463
4581;28 jaar;Vrouwen;2042;64270;45104;20567;24537;11439;13098;29555;15549
4582;28 jaar;Vrouwen;2043;64468;45161;20567;24594;11566;13028;29541;15620
4583;28 jaar;Vrouwen;2044;64779;45195;20570;24625;11673;12952;29524;15671
4584;28 jaar;Vrouwen;2045;65202;45210;20574;24636;11704;12932;29506;15704
4585;28 jaar;Vrouwen;2046;65711;45208;20574;24634;11727;12907;29483;15725
4586;28 jaar;Vrouwen;2047;66278;45189;20577;24612;11731;12881;29460;15729
4587;28 jaar;Vrouwen;2048;66863;45161;20578;24583;11733;12850;29433;15728
4588;28 jaar;Vrouwen;2049;67437;45117;20576;24541;11723;12818;29400;15717
4589;28 jaar;Vrouwen;2050;67975;45083;20578;24505;11717;12788;29377;15706
4590;29 jaar;Totaal mannen en vrouwen;2000;208725;54527;37475;17052;12958;4094;30942;23585
4591;29 jaar;Totaal mannen en vrouwen;2001;198262;54075;37275;16800;12399;4401;30943;23132
4592;29 jaar;Totaal mannen en vrouwen;2002;186443;54447;37800;16647;11873;4774;31723;22724
4593;29 jaar;Totaal mannen en vrouwen;2003;169706;52804;37283;15521;10586;4935;31109;21695
4594;29 jaar;Totaal mannen en vrouwen;2004;161328;53800;37901;15899;10465;5434;31998;21802
4595;29 jaar;Totaal mannen en vrouwen;2005;153307;53410;36799;16611;10238;6373;31539;21871
4596;29 jaar;Totaal mannen en vrouwen;2006;151554;54029;36277;17752;10321;7431;31705;22324
4597;29 jaar;Totaal mannen en vrouwen;2007;147334;56580;37815;18765;10344;8421;34163;22417
4598;29 jaar;Totaal mannen en vrouwen;2008;148090;58620;38139;20481;10860;9621;35519;23101
4599;29 jaar;Totaal mannen en vrouwen;2009;146447;60273;38487;21786;11002;10784;36935;23338
4600;29 jaar;Totaal mannen en vrouwen;2010;150278;63053;38537;24516;11770;12746;38934;24119
4601;29 jaar;Totaal mannen en vrouwen;2011;146658;64539;39000;25539;11752;13787;40531;24008
4602;29 jaar;Totaal mannen en vrouwen;2012;141665;64730;39756;24974;11443;13531;41103;23627
4603;29 jaar;Totaal mannen en vrouwen;2013;140041;65149;39921;25228;11328;13900;41663;23486
4604;29 jaar;Totaal mannen en vrouwen;2014;143585;66091;40275;25816;11751;14065;42477;23614
4605;29 jaar;Totaal mannen en vrouwen;2015;146723;66559;40369;26190;11763;14427;42928;23631
4606;29 jaar;Totaal mannen en vrouwen;2016;151267;67664;40230;27434;12422;15012;43761;23903
4607;29 jaar;Totaal mannen en vrouwen;2017;152194;68557;40245;28312;12377;15935;44813;23744
4608;29 jaar;Totaal mannen en vrouwen;2018;150191;70283;40317;29966;12719;17247;46374;23909
4609;29 jaar;Totaal mannen en vrouwen;2019;151444;71199;40368;30831;12770;18061;47482;23717
4610;29 jaar;Totaal mannen en vrouwen;2020;157299;73283;40269;33014;13677;19337;49262;24021
4611;29 jaar;Totaal mannen en vrouwen;2021;157073;73826;40119;33707;13985;19722;49696;24130
4612;29 jaar;Totaal mannen en vrouwen;2022;154265;74730;40210;34520;14075;20445;50798;23932
4613;29 jaar;Totaal mannen en vrouwen;2023;153061;74780;40112;34668;14292;20376;50882;23898
4614;29 jaar;Totaal mannen en vrouwen;2024;152792;76269;40153;36116;14450;21666;52206;24063
4615;29 jaar;Totaal mannen en vrouwen;2025;148435;76377;40279;36098;14535;21563;52198;24179
4616;29 jaar;Totaal mannen en vrouwen;2026;147124;77558;40690;36868;14562;22306;53312;24246
4617;29 jaar;Totaal mannen en vrouwen;2027;147091;79677;40954;38723;15202;23521;55250;24427
4618;29 jaar;Totaal mannen en vrouwen;2028;151141;81997;41053;40944;16156;24788;57016;24981
4619;29 jaar;Totaal mannen en vrouwen;2029;151424;83238;40799;42439;16650;25789;57562;25676
4620;29 jaar;Totaal mannen en vrouwen;2030;156307;82963;40775;42188;16501;25687;57132;25831
4621;29 jaar;Totaal mannen en vrouwen;2031;155107;84044;40740;43304;17208;26096;57703;26341
4622;29 jaar;Totaal mannen en vrouwen;2032;152740;85051;40714;44337;17911;26426;58186;26865
4623;29 jaar;Totaal mannen en vrouwen;2033;149507;85942;40691;45251;18590;26661;58555;27387
4624;29 jaar;Totaal mannen en vrouwen;2034;146196;86769;40676;46093;19246;26847;58874;27895
4625;29 jaar;Totaal mannen en vrouwen;2035;142814;87576;40667;46909;19871;27038;59199;28377
4626;29 jaar;Totaal mannen en vrouwen;2036;139651;88290;40662;47628;20468;27160;59451;28839
4627;29 jaar;Totaal mannen en vrouwen;2037;136818;88896;40659;48237;21011;27226;59630;29266
4628;29 jaar;Totaal mannen en vrouwen;2038;134509;89426;40668;48758;21515;27243;59762;29664
4629;29 jaar;Totaal mannen en vrouwen;2039;132550;89870;40671;49199;21985;27214;59841;30029
4630;29 jaar;Totaal mannen en vrouwen;2040;131230;90231;40679;49552;22406;27146;59882;30349
4631;29 jaar;Totaal mannen en vrouwen;2041;130472;90518;40684;49834;22782;27052;59891;30627
4632;29 jaar;Totaal mannen en vrouwen;2042;130128;90750;40693;50057;23118;26939;59895;30855
4633;29 jaar;Totaal mannen en vrouwen;2043;130211;90921;40697;50224;23413;26811;59879;31042
4634;29 jaar;Totaal mannen en vrouwen;2044;130602;91042;40701;50341;23672;26669;59855;31187
4635;29 jaar;Totaal mannen en vrouwen;2045;131235;91112;40707;50405;23893;26512;59816;31296
4636;29 jaar;Totaal mannen en vrouwen;2046;132100;91139;40708;50431;23959;26472;59778;31361
4637;29 jaar;Totaal mannen en vrouwen;2047;133140;91142;40715;50427;24001;26426;59738;31404
4638;29 jaar;Totaal mannen en vrouwen;2048;134292;91108;40718;50390;24019;26371;59690;31418
4639;29 jaar;Totaal mannen en vrouwen;2049;135477;91047;40721;50326;24019;26307;59633;31414
4640;29 jaar;Totaal mannen en vrouwen;2050;136632;90968;40722;50246;24007;26239;59572;31396
4641;29 jaar;Mannen;2000;106243;27573;18803;8770;6666;2104;15996;11577
4642;29 jaar;Mannen;2001;101072;26907;18297;8610;6329;2281;15658;11249
4643;29 jaar;Mannen;2002;94521;26787;18276;8511;6099;2412;15767;11020
4644;29 jaar;Mannen;2003;86263;25651;17780;7871;5357;2514;15302;10349
4645;29 jaar;Mannen;2004;82192;26139;18047;8092;5268;2824;15811;10328
4646;29 jaar;Mannen;2005;77913;26000;17506;8494;5250;3244;15527;10473
4647;29 jaar;Mannen;2006;77349;26397;17258;9139;5316;3823;15707;10690
4648;29 jaar;Mannen;2007;74941;27276;17731;9545;5288;4257;16692;10584
4649;29 jaar;Mannen;2008;75241;28369;17969;10400;5532;4868;17404;10965
4650;29 jaar;Mannen;2009;74104;29310;18117;11193;5652;5541;18213;11097
4651;29 jaar;Mannen;2010;76315;30697;18204;12493;6019;6474;19210;11487
4652;29 jaar;Mannen;2011;74020;31756;18686;13070;6029;7041;20288;11468
4653;29 jaar;Mannen;2012;71862;31884;19085;12799;5838;6961;20658;11226
4654;29 jaar;Mannen;2013;71013;31896;19085;12811;5776;7035;20787;11109
4655;29 jaar;Mannen;2014;72927;32384;19171;13213;6003;7210;21150;11234
4656;29 jaar;Mannen;2015;74172;32539;19158;13381;6097;7284;21316;11223
4657;29 jaar;Mannen;2016;76210;33131;19187;13944;6345;7599;21771;11360
4658;29 jaar;Mannen;2017;77456;33557;19177;14380;6318;8062;22214;11343
4659;29 jaar;Mannen;2018;76124;34435;19205;15230;6402;8828;23149;11286
4660;29 jaar;Mannen;2019;76381;35058;19274;15784;6524;9260;23721;11337
4661;29 jaar;Mannen;2020;80086;35963;19239;16724;6949;9775;24503;11460
4662;29 jaar;Mannen;2021;79506;36352;19113;17239;7147;10092;24780;11572
4663;29 jaar;Mannen;2022;78295;36887;19229;17658;7106;10552;25504;11383
4664;29 jaar;Mannen;2023;77470;36851;19161;17690;7365;10325;25312;11539
4665;29 jaar;Mannen;2024;77479;37646;19171;18475;7417;11058;26055;11591
4666;29 jaar;Mannen;2025;75191;37714;19263;18451;7414;11037;26033;11681
4667;29 jaar;Mannen;2026;74880;38420;19448;18972;7493;11479;26599;11821
4668;29 jaar;Mannen;2027;74305;39338;19532;19806;7793;12013;27481;11857
4669;29 jaar;Mannen;2028;76622;40540;19585;20955;8273;12682;28376;12164
4670;29 jaar;Mannen;2029;76927;41263;19503;21760;8548;13212;28686;12577
4671;29 jaar;Mannen;2030;79266;41062;19488;21574;8438;13136;28491;12571
4672;29 jaar;Mannen;2031;78645;41614;19470;22144;8801;13343;28777;12837
4673;29 jaar;Mannen;2032;77441;42125;19453;22672;9158;13514;29016;13109
4674;29 jaar;Mannen;2033;75797;42581;19438;23143;9507;13636;29200;13381
4675;29 jaar;Mannen;2034;74111;43005;19431;23574;9843;13731;29360;13645
4676;29 jaar;Mannen;2035;72389;43421;19429;23992;10162;13830;29526;13895
4677;29 jaar;Mannen;2036;70777;43789;19428;24361;10468;13893;29654;14135
4678;29 jaar;Mannen;2037;69336;44099;19425;24674;10748;13926;29742;14357
4679;29 jaar;Mannen;2038;68158;44372;19431;24941;11006;13935;29807;14565
4680;29 jaar;Mannen;2039;67160;44600;19434;25166;11245;13921;29847;14753
4681;29 jaar;Mannen;2040;66487;44789;19441;25348;11462;13886;29868;14921
4682;29 jaar;Mannen;2041;66105;44935;19441;25494;11655;13839;29872;15063
4683;29 jaar;Mannen;2042;65929;45056;19446;25610;11828;13782;29872;15184
4684;29 jaar;Mannen;2043;65972;45143;19448;25695;11979;13716;29863;15280
4685;29 jaar;Mannen;2044;66170;45202;19450;25752;12110;13642;29847;15355
4686;29 jaar;Mannen;2045;66492;45242;19455;25787;12224;13563;29830;15412
4687;29 jaar;Mannen;2046;66933;45258;19455;25803;12258;13545;29811;15447
4688;29 jaar;Mannen;2047;67468;45261;19458;25803;12283;13520;29792;15469
4689;29 jaar;Mannen;2048;68059;45242;19457;25785;12290;13495;29763;15479
4690;29 jaar;Mannen;2049;68662;45209;19458;25751;12289;13462;29733;15476
4691;29 jaar;Mannen;2050;69250;45168;19459;25709;12281;13428;29701;15467
4692;29 jaar;Vrouwen;2000;102482;26954;18672;8282;6292;1990;14946;12008
4693;29 jaar;Vrouwen;2001;97188;27170;18979;8191;6071;2120;15286;11884
4694;29 jaar;Vrouwen;2002;91920;27661;19523;8138;5775;2363;15955;11706
4695;29 jaar;Vrouwen;2003;83441;27155;19503;7652;5229;2423;15809;11346
4696;29 jaar;Vrouwen;2004;79137;27660;19854;7806;5195;2611;16185;11475
4697;29 jaar;Vrouwen;2005;75392;27411;19293;8118;4986;3132;16013;11398
4698;29 jaar;Vrouwen;2006;74208;27629;19015;8614;5006;3608;15995;11634
4699;29 jaar;Vrouwen;2007;72394;29303;20084;9219;5053;4166;17470;11833
4700;29 jaar;Vrouwen;2008;72848;30252;20169;10083;5330;4753;18116;12136
4701;29 jaar;Vrouwen;2009;72342;30964;20372;10592;5349;5243;18724;12240
4702;29 jaar;Vrouwen;2010;73963;32356;20334;12022;5750;6272;19725;12631
4703;29 jaar;Vrouwen;2011;72638;32783;20315;12468;5720;6748;20243;12540
4704;29 jaar;Vrouwen;2012;69800;32848;20671;12177;5607;6570;20445;12403
4705;29 jaar;Vrouwen;2013;69027;33253;20835;12418;5552;6866;20876;12377
4706;29 jaar;Vrouwen;2014;70654;33711;21107;12604;5749;6855;21329;12382
4707;29 jaar;Vrouwen;2015;72555;34015;21207;12808;5665;7143;21607;12408
4708;29 jaar;Vrouwen;2016;75056;34534;21044;13490;6077;7413;21991;12543
4709;29 jaar;Vrouwen;2017;74738;35000;21067;13933;6059;7874;22598;12402
4710;29 jaar;Vrouwen;2018;74065;35850;21113;14737;6320;8417;23228;12622
4711;29 jaar;Vrouwen;2019;75061;36143;21095;15048;6246;8802;23763;12380
4712;29 jaar;Vrouwen;2020;77214;37319;21029;16290;6728;9562;24757;12562
4713;29 jaar;Vrouwen;2021;77568;37473;21006;16467;6837;9630;24917;12556
4714;29 jaar;Vrouwen;2022;75974;37839;20979;16860;6968;9892;25289;12550
4715;29 jaar;Vrouwen;2023;75590;37930;20951;16979;6930;10049;25571;12359
4716;29 jaar;Vrouwen;2024;75312;38624;20982;17642;7033;10609;26151;12473
4717;29 jaar;Vrouwen;2025;73240;38666;21017;17649;7122;10527;26169;12497
4718;29 jaar;Vrouwen;2026;72250;39132;21239;17893;7065;10828;26708;12424
4719;29 jaar;Vrouwen;2027;72785;40340;21421;18919;7409;11510;27768;12572
4720;29 jaar;Vrouwen;2028;74520;41457;21470;19987;7880;12107;28641;12816
4721;29 jaar;Vrouwen;2029;74498;41974;21294;20680;8104;12576;28875;13099
4722;29 jaar;Vrouwen;2030;77040;41902;21288;20614;8062;12552;28642;13260
4723;29 jaar;Vrouwen;2031;76461;42432;21271;21161;8408;12753;28928;13504
4724;29 jaar;Vrouwen;2032;75298;42927;21263;21664;8753;12911;29172;13755
4725;29 jaar;Vrouwen;2033;73710;43361;21252;22109;9083;13026;29355;14006
4726;29 jaar;Vrouwen;2034;72089;43760;21242;22518;9402;13116;29512;14248
4727;29 jaar;Vrouwen;2035;70425;44155;21239;22916;9708;13208;29672;14483
4728;29 jaar;Vrouwen;2036;68875;44500;21235;23265;9997;13268;29798;14702
4729;29 jaar;Vrouwen;2037;67482;44796;21234;23562;10261;13301;29889;14907
4730;29 jaar;Vrouwen;2038;66349;45056;21236;23820;10512;13308;29956;15100
4731;29 jaar;Vrouwen;2039;65391;45269;21236;24033;10739;13294;29994;15275
4732;29 jaar;Vrouwen;2040;64745;45440;21237;24203;10943;13260;30013;15427
4733;29 jaar;Vrouwen;2041;64368;45581;21241;24340;11128;13212;30021;15560
4734;29 jaar;Vrouwen;2042;64198;45695;21247;24448;11291;13157;30023;15672
4735;29 jaar;Vrouwen;2043;64238;45779;21249;24530;11437;13093;30018;15761
4736;29 jaar;Vrouwen;2044;64436;45836;21251;24585;11562;13023;30006;15830
4737;29 jaar;Vrouwen;2045;64746;45867;21252;24615;11667;12948;29984;15883
4738;29 jaar;Vrouwen;2046;65165;45884;21254;24630;11703;12927;29969;15915
4739;29 jaar;Vrouwen;2047;65669;45884;21258;24626;11721;12905;29950;15934
4740;29 jaar;Vrouwen;2048;66235;45864;21258;24606;11729;12877;29926;15938
4741;29 jaar;Vrouwen;2049;66820;45833;21259;24574;11728;12846;29897;15936
4742;29 jaar;Vrouwen;2050;67386;45797;21261;24536;11721;12815;29870;15927
4743;30 jaar;Totaal mannen en vrouwen;2000;215841;55120;37590;17530;13790;3740;30262;24858
4744;30 jaar;Totaal mannen en vrouwen;2001;208342;56130;39086;17044;12951;4093;31936;24194
4745;30 jaar;Totaal mannen en vrouwen;2002;197934;55692;38903;16789;12392;4397;31940;23752
4746;30 jaar;Totaal mannen en vrouwen;2003;186183;56048;39411;16637;11864;4773;32690;23358
4747;30 jaar;Totaal mannen en vrouwen;2004;169534;54423;38908;15515;10582;4933;32093;22330
4748;30 jaar;Totaal mannen en vrouwen;2005;161202;55374;39483;15891;10460;5431;32959;22415
4749;30 jaar;Totaal mannen en vrouwen;2006;153230;54966;38365;16601;10232;6369;32502;22464
4750;30 jaar;Totaal mannen en vrouwen;2007;151478;55558;37816;17742;10316;7426;32661;22897
4751;30 jaar;Totaal mannen en vrouwen;2008;147274;58059;39304;18755;10335;8420;35084;22975
4752;30 jaar;Totaal mannen en vrouwen;2009;148005;60064;39591;20473;10857;9616;36423;23641
4753;30 jaar;Totaal mannen en vrouwen;2010;146372;61686;39913;21773;10995;10778;37823;23863
4754;30 jaar;Totaal mannen en vrouwen;2011;150167;64431;39929;24502;11761;12741;39808;24623
4755;30 jaar;Totaal mannen en vrouwen;2012;146555;65888;40361;25527;11746;13781;41394;24494
4756;30 jaar;Totaal mannen en vrouwen;2013;141593;66043;41081;24962;11436;13526;41948;24095
4757;30 jaar;Totaal mannen en vrouwen;2014;139983;66453;41237;25216;11323;13893;42517;23936
4758;30 jaar;Totaal mannen en vrouwen;2015;143500;67383;41577;25806;11748;14058;43336;24047
4759;30 jaar;Totaal mannen en vrouwen;2016;146617;67838;41660;26178;11758;14420;43791;24047
4760;30 jaar;Totaal mannen en vrouwen;2017;151134;68935;41514;27421;12417;15004;44629;24306
4761;30 jaar;Totaal mannen en vrouwen;2018;152055;69818;41520;28298;12369;15929;45684;24134
4762;30 jaar;Totaal mannen en vrouwen;2019;150056;71538;41584;29954;12716;17238;47250;24288
4763;30 jaar;Totaal mannen en vrouwen;2020;151302;72446;41629;30817;12765;18052;48360;24086
4764;30 jaar;Totaal mannen en vrouwen;2021;157106;74522;41523;32999;13672;19327;50142;24380
4765;30 jaar;Totaal mannen en vrouwen;2022;156880;75068;41376;33692;13978;19714;50580;24488
4766;30 jaar;Totaal mannen en vrouwen;2023;154087;75969;41465;34504;14067;20437;51678;24291
4767;30 jaar;Totaal mannen en vrouwen;2024;152888;76026;41373;34653;14287;20366;51769;24257
4768;30 jaar;Totaal mannen en vrouwen;2025;152606;77519;41415;36104;14448;21656;53094;24425
4769;30 jaar;Totaal mannen en vrouwen;2026;148276;77622;41537;36085;14532;21553;53089;24533
4770;30 jaar;Totaal mannen en vrouwen;2027;146972;78787;41935;36852;14554;22298;54192;24595
4771;30 jaar;Totaal mannen en vrouwen;2028;146929;80900;42193;38707;15196;23511;56126;24774
4772;30 jaar;Totaal mannen en vrouwen;2029;150946;83217;42289;40928;16151;24777;57893;25324
4773;30 jaar;Totaal mannen en vrouwen;2030;151218;84465;42043;42422;16643;25779;58446;26019
4774;30 jaar;Totaal mannen en vrouwen;2031;156076;84195;42024;42171;16497;25674;58019;26176
4775;30 jaar;Totaal mannen en vrouwen;2032;154877;85278;41991;43287;17202;26085;58594;26684
4776;30 jaar;Totaal mannen en vrouwen;2033;152518;86288;41968;44320;17904;26416;59080;27208
4777;30 jaar;Totaal mannen en vrouwen;2034;149297;87183;41947;45236;18583;26653;59452;27731
4778;30 jaar;Totaal mannen en vrouwen;2035;146000;88011;41938;46073;19237;26836;59774;28237
4779;30 jaar;Totaal mannen en vrouwen;2036;142636;88818;41928;46890;19864;27026;60098;28720
4780;30 jaar;Totaal mannen en vrouwen;2037;139489;89531;41923;47608;20456;27152;60352;29179
4781;30 jaar;Totaal mannen en vrouwen;2038;136665;90138;41921;48217;21002;27215;60531;29607
4782;30 jaar;Totaal mannen en vrouwen;2039;134364;90674;41933;48741;21510;27231;60667;30007
4783;30 jaar;Totaal mannen en vrouwen;2040;132412;91118;41937;49181;21978;27203;60748;30370
4784;30 jaar;Totaal mannen en vrouwen;2041;131098;91479;41946;49533;22397;27136;60787;30692
4785;30 jaar;Totaal mannen en vrouwen;2042;130346;91766;41952;49814;22773;27041;60799;30967
4786;30 jaar;Totaal mannen en vrouwen;2043;130000;91998;41960;50038;23108;26930;60800;31198
4787;30 jaar;Totaal mannen en vrouwen;2044;130081;92170;41965;50205;23407;26798;60788;31382
4788;30 jaar;Totaal mannen en vrouwen;2045;130474;92290;41970;50320;23662;26658;60763;31527
4789;30 jaar;Totaal mannen en vrouwen;2046;131102;92361;41976;50385;23883;26502;60723;31638
4790;30 jaar;Totaal mannen en vrouwen;2047;131955;92394;41981;50413;23950;26463;60691;31703
4791;30 jaar;Totaal mannen en vrouwen;2048;132992;92397;41986;50411;23994;26417;60652;31745
4792;30 jaar;Totaal mannen en vrouwen;2049;134139;92359;41987;50372;24012;26360;60601;31758
4793;30 jaar;Totaal mannen en vrouwen;2050;135318;92298;41989;50309;24010;26299;60544;31754
4794;30 jaar;Mannen;2000;110080;28147;19230;8917;6975;1942;15906;12241
4795;30 jaar;Mannen;2001;105970;28364;19599;8765;6662;2103;16501;11863
4796;30 jaar;Mannen;2002;100834;27724;19121;8603;6323;2280;16178;11546
4797;30 jaar;Mannen;2003;94322;27602;19097;8505;6095;2410;16280;11322
4798;30 jaar;Mannen;2004;86119;26482;18617;7865;5354;2511;15825;10657
4799;30 jaar;Mannen;2005;82068;26956;18868;8088;5265;2823;16328;10628
4800;30 jaar;Mannen;2006;77821;26804;18316;8488;5248;3240;16045;10759
4801;30 jaar;Mannen;2007;77257;27190;18058;9132;5311;3821;16223;10967
4802;30 jaar;Mannen;2008;74860;28049;18509;9540;5285;4255;17189;10860
4803;30 jaar;Mannen;2009;75151;29119;18725;10394;5529;4865;17891;11228
4804;30 jaar;Mannen;2010;74021;30048;18862;11186;5646;5540;18695;11353
4805;30 jaar;Mannen;2011;76208;31423;18938;12485;6014;6471;19685;11738
4806;30 jaar;Mannen;2012;73921;32464;19400;13064;6026;7038;20750;11714
4807;30 jaar;Mannen;2013;71783;32570;19780;12790;5832;6958;21108;11462
4808;30 jaar;Mannen;2014;70937;32582;19779;12803;5773;7030;21244;11338
4809;30 jaar;Mannen;2015;72837;33070;19863;13207;6003;7204;21613;11457
4810;30 jaar;Mannen;2016;74070;33225;19851;13374;6095;7279;21786;11439
4811;30 jaar;Mannen;2017;76099;33809;19873;13936;6341;7595;22242;11567
4812;30 jaar;Mannen;2018;77330;34238;19865;14373;6316;8057;22692;11546
4813;30 jaar;Mannen;2019;76009;35105;19885;15220;6396;8824;23623;11482
4814;30 jaar;Mannen;2020;76260;35729;19955;15774;6520;9254;24199;11530
4815;30 jaar;Mannen;2021;79930;36635;19919;16716;6948;9768;24989;11646
4816;30 jaar;Mannen;2022;79355;37025;19796;17229;7143;10086;25266;11759
4817;30 jaar;Mannen;2023;78148;37558;19909;17649;7103;10546;25989;11569
4818;30 jaar;Mannen;2024;77330;37526;19844;17682;7360;10322;25801;11725
4819;30 jaar;Mannen;2025;77330;38324;19855;18469;7417;11052;26547;11777
4820;30 jaar;Mannen;2026;75062;38384;19944;18440;7407;11033;26521;11863
4821;30 jaar;Mannen;2027;74747;39086;20124;18962;7488;11474;27087;11999
4822;30 jaar;Mannen;2028;74169;40003;20208;19795;7788;12007;27969;12034
4823;30 jaar;Mannen;2029;76468;41200;20255;20945;8271;12674;28861;12339
4824;30 jaar;Mannen;2030;76767;41924;20177;21747;8542;13205;29174;12750
4825;30 jaar;Mannen;2031;79096;41726;20164;21562;8433;13129;28981;12745
4826;30 jaar;Mannen;2032;78474;42279;20146;22133;8796;13337;29268;13011
4827;30 jaar;Mannen;2033;77271;42794;20132;22662;9154;13508;29510;13284
4828;30 jaar;Mannen;2034;75635;43251;20120;23131;9501;13630;29696;13555
4829;30 jaar;Mannen;2035;73960;43672;20112;23560;9835;13725;29855;13817
4830;30 jaar;Mannen;2036;72243;44095;20112;23983;10161;13822;30025;14070
4831;30 jaar;Mannen;2037;70641;44459;20109;24350;10464;13886;30152;14307
4832;30 jaar;Mannen;2038;69205;44771;20110;24661;10740;13921;30241;14530
4833;30 jaar;Mannen;2039;68036;45043;20114;24929;11001;13928;30306;14737
4834;30 jaar;Mannen;2040;67041;45272;20117;25155;11241;13914;30346;14926
4835;30 jaar;Mannen;2041;66373;45460;20124;25336;11457;13879;30368;15092
4836;30 jaar;Mannen;2042;65992;45607;20126;25481;11648;13833;30371;15236
4837;30 jaar;Mannen;2043;65812;45732;20133;25599;11824;13775;30374;15358
4838;30 jaar;Mannen;2044;65855;45818;20135;25683;11974;13709;30365;15453
4839;30 jaar;Mannen;2045;66054;45878;20136;25742;12106;13636;30351;15527
4840;30 jaar;Mannen;2046;66375;45916;20139;25777;12220;13557;30332;15584
4841;30 jaar;Mannen;2047;66811;45932;20140;25792;12252;13540;30312;15620
4842;30 jaar;Mannen;2048;67341;45938;20145;25793;12277;13516;30296;15642
4843;30 jaar;Mannen;2049;67927;45918;20144;25774;12288;13486;30267;15651
4844;30 jaar;Mannen;2050;68524;45888;20145;25743;12287;13456;30241;15647
4845;30 jaar;Vrouwen;2000;105761;26973;18360;8613;6815;1798;14356;12617
4846;30 jaar;Vrouwen;2001;102370;27768;19488;8280;6290;1990;15438;12330
4847;30 jaar;Vrouwen;2002;97101;27968;19781;8187;6068;2119;15761;12207
4848;30 jaar;Vrouwen;2003;91859;28448;20314;8134;5772;2362;16412;12036
4849;30 jaar;Vrouwen;2004;83418;27938;20289;7649;5227;2422;16266;11672
4850;30 jaar;Vrouwen;2005;79131;28420;20617;7803;5193;2610;16634;11786
4851;30 jaar;Vrouwen;2006;75406;28165;20052;8113;4983;3130;16458;11707
4852;30 jaar;Vrouwen;2007;74221;28369;19759;8610;5003;3607;16439;11930
4853;30 jaar;Vrouwen;2008;72414;30009;20793;9216;5050;4166;17895;12114
4854;30 jaar;Vrouwen;2009;72855;30944;20866;10078;5328;4750;18531;12413
4855;30 jaar;Vrouwen;2010;72353;31636;21050;10586;5346;5240;19127;12509
4856;30 jaar;Vrouwen;2011;73955;33012;20994;12018;5748;6270;20126;12886
4857;30 jaar;Vrouwen;2012;72634;33424;20962;12462;5718;6744;20644;12780
4858;30 jaar;Vrouwen;2013;69811;33472;21301;12171;5603;6568;20839;12633
4859;30 jaar;Vrouwen;2014;69044;33873;21459;12414;5551;6863;21275;12598
4860;30 jaar;Vrouwen;2015;70661;34315;21715;12600;5747;6853;21724;12591
4861;30 jaar;Vrouwen;2016;72549;34611;21807;12804;5664;7140;22003;12608
4862;30 jaar;Vrouwen;2017;75036;35125;21642;13483;6072;7411;22387;12738
4863;30 jaar;Vrouwen;2018;74722;35583;21657;13926;6055;7871;22996;12587
4864;30 jaar;Vrouwen;2019;74052;36428;21696;14732;6317;8415;23624;12804
4865;30 jaar;Vrouwen;2020;75040;36718;21676;15042;6245;8797;24161;12557
4866;30 jaar;Vrouwen;2021;77173;37890;21606;16284;6726;9558;25156;12734
4867;30 jaar;Vrouwen;2022;77524;38044;21581;16463;6839;9624;25315;12729
4868;30 jaar;Vrouwen;2023;75939;38411;21556;16855;6964;9891;25689;12722
4869;30 jaar;Vrouwen;2024;75555;38503;21529;16974;6928;10046;25970;12533
4870;30 jaar;Vrouwen;2025;75278;39193;21559;17634;7029;10605;26546;12647
4871;30 jaar;Vrouwen;2026;73216;39236;21593;17643;7119;10524;26565;12671
4872;30 jaar;Vrouwen;2027;72226;39700;21810;17890;7066;10824;27105;12595
4873;30 jaar;Vrouwen;2028;72758;40899;21987;18912;7409;11503;28159;12740
4874;30 jaar;Vrouwen;2029;74479;42016;22035;19981;7877;12104;29031;12985
4875;30 jaar;Vrouwen;2030;74454;42538;21865;20673;8100;12573;29271;13267
4876;30 jaar;Vrouwen;2031;76982;42467;21861;20606;8059;12547;29037;13430
4877;30 jaar;Vrouwen;2032;76401;43001;21847;21154;8406;12748;29327;13674
4878;30 jaar;Vrouwen;2033;75246;43495;21838;21657;8749;12908;29571;13924
4879;30 jaar;Vrouwen;2034;73665;43929;21828;22101;9081;13020;29756;14173
4880;30 jaar;Vrouwen;2035;72047;44331;21820;22511;9398;13113;29914;14417
4881;30 jaar;Vrouwen;2036;70389;44727;21819;22908;9703;13205;30075;14652
4882;30 jaar;Vrouwen;2037;68846;45074;21815;23259;9996;13263;30201;14873
4883;30 jaar;Vrouwen;2038;67458;45369;21813;23556;10261;13295;30292;15077
4884;30 jaar;Vrouwen;2039;66330;45630;21818;23812;10508;13304;30359;15271
4885;30 jaar;Vrouwen;2040;65374;45843;21818;24025;10736;13289;30398;15445
4886;30 jaar;Vrouwen;2041;64729;46016;21820;24196;10939;13257;30418;15598
4887;30 jaar;Vrouwen;2042;64355;46157;21826;24331;11123;13208;30426;15731
4888;30 jaar;Vrouwen;2043;64184;46270;21830;24440;11286;13154;30429;15841
4889;30 jaar;Vrouwen;2044;64225;46353;21830;24523;11434;13089;30422;15931
4890;30 jaar;Vrouwen;2045;64419;46413;21833;24580;11560;13020;30413;16000
4891;30 jaar;Vrouwen;2046;64728;46445;21836;24609;11664;12945;30391;16054
4892;30 jaar;Vrouwen;2047;65145;46461;21838;24623;11700;12923;30377;16084
4893;30 jaar;Vrouwen;2048;65651;46459;21842;24617;11717;12900;30357;16102
4894;30 jaar;Vrouwen;2049;66209;46443;21844;24599;11727;12872;30334;16109
4895;30 jaar;Vrouwen;2050;66791;46413;21845;24568;11726;12842;30306;16107
4896;31 jaar;Totaal mannen en vrouwen;2000;206164;53647;37237;16410;12905;3505;29497;24150
4897;31 jaar;Totaal mannen en vrouwen;2001;215441;56525;39005;17520;13781;3739;31149;25376
4898;31 jaar;Totaal mannen en vrouwen;2002;207986;57496;40463;17033;12943;4090;32765;24731
4899;31 jaar;Totaal mannen en vrouwen;2003;197633;57095;40314;16781;12385;4396;32802;24293
4900;31 jaar;Totaal mannen en vrouwen;2004;185942;57420;40791;16629;11860;4769;33519;23901
4901;31 jaar;Totaal mannen en vrouwen;2005;169390;55805;40300;15505;10575;4930;32932;22873
4902;31 jaar;Totaal mannen en vrouwen;2006;161091;56712;40830;15882;10454;5428;33782;22930
4903;31 jaar;Totaal mannen en vrouwen;2007;153158;56294;39702;16592;10225;6367;33331;22963
4904;31 jaar;Totaal mannen en vrouwen;2008;151411;56861;39127;17734;10312;7422;33485;23376
4905;31 jaar;Totaal mannen en vrouwen;2009;147219;59313;40568;18745;10329;8416;35878;23435
4906;31 jaar;Totaal mannen en vrouwen;2010;147943;61283;40823;20460;10849;9611;37199;24084
4907;31 jaar;Totaal mannen en vrouwen;2011;146306;62882;41119;21763;10990;10773;38593;24289
4908;31 jaar;Totaal mannen en vrouwen;2012;150064;65596;41107;24489;11754;12735;40568;25028
4909;31 jaar;Totaal mannen en vrouwen;2013;146469;67017;41504;25513;11739;13774;42139;24878
4910;31 jaar;Totaal mannen en vrouwen;2014;141535;67143;42193;24950;11433;13517;42680;24463
4911;31 jaar;Totaal mannen en vrouwen;2015;139932;67545;42341;25204;11317;13887;43255;24290
4912;31 jaar;Totaal mannen en vrouwen;2016;143432;68454;42663;25791;11741;14050;44071;24383
4913;31 jaar;Totaal mannen en vrouwen;2017;146528;68910;42743;26167;11754;14413;44536;24374
4914;31 jaar;Totaal mannen en vrouwen;2018;151012;70000;42589;27411;12414;14997;45381;24619
4915;31 jaar;Totaal mannen en vrouwen;2019;151932;70876;42591;28285;12365;15920;46441;24435
4916;31 jaar;Totaal mannen en vrouwen;2020;149944;72584;42645;29939;12709;17230;48004;24580
4917;31 jaar;Totaal mannen en vrouwen;2021;151172;73492;42688;30804;12761;18043;49118;24374
4918;31 jaar;Totaal mannen en vrouwen;2022;156932;75567;42583;32984;13668;19316;50904;24663
4919;31 jaar;Totaal mannen en vrouwen;2023;156701;76115;42438;33677;13976;19701;51346;24769
4920;31 jaar;Totaal mannen en vrouwen;2024;153919;77013;42526;34487;14060;20427;52438;24575
4921;31 jaar;Totaal mannen en vrouwen;2025;152729;77073;42434;34639;14282;20357;52535;24538
4922;31 jaar;Totaal mannen en vrouwen;2026;152444;78565;42479;36086;14438;21648;53858;24707
4923;31 jaar;Totaal mannen en vrouwen;2027;148139;78666;42600;36066;14521;21545;53854;24812
4924;31 jaar;Totaal mannen en vrouwen;2028;146835;79819;42984;36835;14548;22287;54952;24867
4925;31 jaar;Totaal mannen en vrouwen;2029;146785;81930;43239;38691;15189;23502;56885;25045
4926;31 jaar;Totaal mannen en vrouwen;2030;150770;84242;43332;40910;16144;24766;58649;25593
4927;31 jaar;Totaal mannen en vrouwen;2031;151037;85493;43091;42402;16635;25767;59209;26284
4928;31 jaar;Totaal mannen en vrouwen;2032;155871;85227;43076;42151;16487;25664;58783;26444
4929;31 jaar;Totaal mannen en vrouwen;2033;154673;86315;43046;43269;17195;26074;59363;26952
4930;31 jaar;Totaal mannen en vrouwen;2034;152319;87328;43027;44301;17897;26404;59853;27475
4931;31 jaar;Totaal mannen en vrouwen;2035;149113;88226;43011;45215;18573;26642;60227;27999
4932;31 jaar;Totaal mannen en vrouwen;2036;145827;89054;42998;46056;19231;26825;60549;28505
4933;31 jaar;Totaal mannen en vrouwen;2037;142478;89863;42992;46871;19855;27016;60876;28987
4934;31 jaar;Totaal mannen en vrouwen;2038;139344;90578;42992;47586;20446;27140;61132;29446
4935;31 jaar;Totaal mannen en vrouwen;2039;136526;91190;42990;48200;20995;27205;61316;29874
4936;31 jaar;Totaal mannen en vrouwen;2040;134241;91722;43002;48720;21499;27221;61449;30273
4937;31 jaar;Totaal mannen en vrouwen;2041;132299;92165;43006;49159;21968;27191;61529;30636
4938;31 jaar;Totaal mannen en vrouwen;2042;130987;92527;43016;49511;22386;27125;61569;30958
4939;31 jaar;Totaal mannen en vrouwen;2043;130241;92814;43021;49793;22763;27030;61582;31232
4940;31 jaar;Totaal mannen en vrouwen;2044;129895;93048;43031;50017;23100;26917;61585;31463
4941;31 jaar;Totaal mannen en vrouwen;2045;129974;93221;43037;50184;23396;26788;61573;31648
4942;31 jaar;Totaal mannen en vrouwen;2046;130359;93345;43043;50302;23654;26648;61549;31796
4943;31 jaar;Totaal mannen en vrouwen;2047;130989;93414;43049;50365;23872;26493;61511;31903
4944;31 jaar;Totaal mannen en vrouwen;2048;131835;93443;43052;50391;23939;26452;61475;31968
4945;31 jaar;Totaal mannen en vrouwen;2049;132863;93451;43060;50391;23986;26405;61441;32010
4946;31 jaar;Totaal mannen en vrouwen;2050;134006;93413;43061;50352;24003;26349;61389;32024
4947;31 jaar;Mannen;2000;104814;27538;19196;8342;6598;1744;15641;11897
4948;31 jaar;Mannen;2001;109800;28815;19904;8911;6970;1941;16342;12473
4949;31 jaar;Mannen;2002;105708;29035;20276;8759;6657;2102;16919;12116
4950;31 jaar;Mannen;2003;100605;28428;19831;8597;6320;2277;16624;11804
4951;31 jaar;Mannen;2004;94137;28293;19794;8499;6090;2409;16713;11580
4952;31 jaar;Mannen;2005;85991;27186;19327;7859;5349;2510;16268;10918
4953;31 jaar;Mannen;2006;81958;27642;19558;8084;5264;2820;16761;10881
4954;31 jaar;Mannen;2007;77736;27486;19004;8482;5245;3237;16489;10997
4955;31 jaar;Mannen;2008;77173;27861;18735;9126;5307;3819;16664;11197
4956;31 jaar;Mannen;2009;74787;28702;19168;9534;5282;4252;17616;11086
4957;31 jaar;Mannen;2010;75070;29754;19365;10389;5527;4862;18313;11441
4958;31 jaar;Mannen;2011;73946;30676;19498;11178;5643;5535;19111;11565
4959;31 jaar;Mannen;2012;76105;32040;19561;12479;6010;6469;20099;11941
4960;31 jaar;Mannen;2013;73831;33057;19999;13058;6025;7033;21150;11907
4961;31 jaar;Mannen;2014;71708;33149;20364;12785;5831;6954;21498;11651
4962;31 jaar;Mannen;2015;70868;33158;20362;12796;5769;7027;21638;11520
4963;31 jaar;Mannen;2016;72757;33641;20444;13197;5997;7200;22011;11630
4964;31 jaar;Mannen;2017;73979;33804;20435;13369;6093;7276;22196;11608
4965;31 jaar;Mannen;2018;75990;34384;20455;13929;6338;7591;22655;11729
4966;31 jaar;Mannen;2019;77219;34808;20444;14364;6311;8053;23105;11703
4967;31 jaar;Mannen;2020;75899;35677;20463;15214;6394;8820;24042;11635
4968;31 jaar;Mannen;2021;76145;36302;20535;15767;6517;9250;24621;11681
4969;31 jaar;Mannen;2022;79791;37203;20497;16706;6942;9764;25409;11794
4970;31 jaar;Mannen;2023;79211;37596;20375;17221;7142;10079;25692;11904
4971;31 jaar;Mannen;2024;78012;38125;20486;17639;7099;10540;26411;11714
4972;31 jaar;Mannen;2025;77201;38095;20424;17671;7356;10315;26226;11869
4973;31 jaar;Mannen;2026;77198;38893;20435;18458;7412;11046;26972;11921
4974;31 jaar;Mannen;2027;74940;38954;20523;18431;7407;11024;26949;12005
4975;31 jaar;Mannen;2028;74625;39650;20696;18954;7486;11468;27512;12138
4976;31 jaar;Mannen;2029;74048;40564;20777;19787;7786;12001;28393;12171
4977;31 jaar;Mannen;2030;76324;41759;20825;20934;8267;12667;29285;12474
4978;31 jaar;Mannen;2031;76619;42484;20749;21735;8537;13198;29600;12884
4979;31 jaar;Mannen;2032;78936;42289;20737;21552;8430;13122;29410;12879
4980;31 jaar;Mannen;2033;78316;42845;20722;22123;8793;13330;29700;13145
4981;31 jaar;Mannen;2034;77117;43358;20708;22650;9149;13501;29940;13418
4982;31 jaar;Mannen;2035;75486;43820;20698;23122;9500;13622;30131;13689
4983;31 jaar;Mannen;2036;73819;44242;20692;23550;9833;13717;30291;13951
4984;31 jaar;Mannen;2037;72113;44662;20690;23972;10155;13817;30460;14202
4985;31 jaar;Mannen;2038;70520;45028;20690;24338;10458;13880;30588;14440
4986;31 jaar;Mannen;2039;69089;45340;20690;24650;10739;13911;30679;14661
4987;31 jaar;Mannen;2040;67925;45613;20695;24918;10996;13922;30744;14869
4988;31 jaar;Mannen;2041;66935;45842;20700;25142;11235;13907;30785;15057
4989;31 jaar;Mannen;2042;66268;46031;20707;25324;11451;13873;30805;15226
4990;31 jaar;Mannen;2043;65889;46180;20710;25470;11644;13826;30811;15369
4991;31 jaar;Mannen;2044;65714;46300;20713;25587;11818;13769;30813;15487
4992;31 jaar;Mannen;2045;65754;46389;20719;25670;11967;13703;30804;15585
4993;31 jaar;Mannen;2046;65948;46451;20720;25731;12101;13630;30792;15659
4994;31 jaar;Mannen;2047;66270;46487;20723;25764;12212;13552;30771;15716
4995;31 jaar;Mannen;2048;66699;46503;20724;25779;12245;13534;30752;15751
4996;31 jaar;Mannen;2049;67230;46507;20727;25780;12270;13510;30734;15773
4997;31 jaar;Mannen;2050;67809;46490;20728;25762;12282;13480;30709;15781
4998;31 jaar;Vrouwen;2000;101350;26109;18041;8068;6307;1761;13856;12253
4999;31 jaar;Vrouwen;2001;105643;27708;19099;8609;6811;1798;14806;12902
5000;31 jaar;Vrouwen;2002;102275;28464;20189;8275;6286;1989;15849;12615
5001;31 jaar;Vrouwen;2003;97028;28666;20482;8184;6065;2119;16177;12489
5002;31 jaar;Vrouwen;2004;91803;29128;20998;8130;5770;2360;16807;12321
5003;31 jaar;Vrouwen;2005;83403;28615;20970;7645;5224;2421;16663;11952
5004;31 jaar;Vrouwen;2006;79133;29071;21272;7799;5190;2609;17019;12052
5005;31 jaar;Vrouwen;2007;75422;28808;20696;8112;4983;3129;16842;11966
5006;31 jaar;Vrouwen;2008;74238;29000;20393;8607;5002;3605;16821;12179
5007;31 jaar;Vrouwen;2009;72430;30613;21400;9213;5049;4164;18261;12352
5008;31 jaar;Vrouwen;2010;72867;31534;21460;10074;5325;4749;18889;12645
5009;31 jaar;Vrouwen;2011;72364;32202;21619;10583;5346;5237;19479;12723
5010;31 jaar;Vrouwen;2012;73955;33560;21546;12014;5749;6265;20470;13090
5011;31 jaar;Vrouwen;2013;72633;33965;21508;12457;5715;6742;20991;12974
5012;31 jaar;Vrouwen;2014;69830;33991;21826;12165;5599;6566;21179;12812
5013;31 jaar;Vrouwen;2015;69064;34387;21980;12407;5545;6862;21617;12770
5014;31 jaar;Vrouwen;2016;70672;34816;22221;12595;5746;6849;22062;12754
5015;31 jaar;Vrouwen;2017;72548;35106;22308;12798;5661;7137;22341;12765
5016;31 jaar;Vrouwen;2018;75022;35616;22138;13478;6071;7407;22728;12888
5017;31 jaar;Vrouwen;2019;74713;36068;22148;13920;6052;7868;23335;12733
5018;31 jaar;Vrouwen;2020;74042;36910;22184;14726;6314;8412;23963;12947
5019;31 jaar;Vrouwen;2021;75023;37195;22158;15037;6243;8794;24500;12695
5020;31 jaar;Vrouwen;2022;77142;38364;22086;16278;6723;9555;25494;12870
5021;31 jaar;Vrouwen;2023;77490;38519;22063;16456;6834;9622;25654;12865
5022;31 jaar;Vrouwen;2024;75908;38887;22038;16849;6962;9887;26028;12859
5023;31 jaar;Vrouwen;2025;75529;38977;22011;16966;6923;10043;26308;12669
5024;31 jaar;Vrouwen;2026;75247;39671;22042;17629;7027;10602;26885;12786
5025;31 jaar;Vrouwen;2027;73200;39711;22076;17635;7115;10520;26905;12806
5026;31 jaar;Vrouwen;2028;72208;40171;22288;17883;7063;10820;27441;12730
5027;31 jaar;Vrouwen;2029;72734;41369;22463;18906;7405;11501;28495;12874
5028;31 jaar;Vrouwen;2030;74445;42484;22509;19975;7875;12100;29365;13119
5029;31 jaar;Vrouwen;2031;74417;43010;22344;20666;8098;12568;29610;13400
5030;31 jaar;Vrouwen;2032;76934;42940;22341;20599;8055;12544;29375;13565
5031;31 jaar;Vrouwen;2033;76354;43473;22327;21146;8403;12743;29665;13808
5032;31 jaar;Vrouwen;2034;75204;43968;22319;21649;8745;12904;29910;14058
5033;31 jaar;Vrouwen;2035;73628;44404;22311;22093;9076;13017;30095;14309
5034;31 jaar;Vrouwen;2036;72012;44809;22305;22504;9394;13110;30256;14553
5035;31 jaar;Vrouwen;2037;70363;45203;22302;22901;9701;13200;30417;14786
5036;31 jaar;Vrouwen;2038;68822;45552;22301;23251;9991;13260;30544;15008
5037;31 jaar;Vrouwen;2039;67438;45848;22301;23547;10256;13291;30635;15213
5038;31 jaar;Vrouwen;2040;66317;46108;22305;23803;10504;13299;30703;15405
5039;31 jaar;Vrouwen;2041;65361;46326;22308;24018;10734;13284;30746;15580
5040;31 jaar;Vrouwen;2042;64721;46494;22307;24187;10936;13251;30762;15732
5041;31 jaar;Vrouwen;2043;64349;46637;22313;24324;11122;13202;30772;15865
5042;31 jaar;Vrouwen;2044;64179;46749;22318;24431;11281;13150;30775;15974
5043;31 jaar;Vrouwen;2045;64220;46832;22319;24513;11428;13085;30768;16064
5044;31 jaar;Vrouwen;2046;64413;46892;22321;24571;11554;13017;30757;16135
5045;31 jaar;Vrouwen;2047;64717;46929;22326;24603;11661;12942;30740;16189
5046;31 jaar;Vrouwen;2048;65133;46943;22329;24614;11693;12921;30724;16219
5047;31 jaar;Vrouwen;2049;65636;46942;22332;24610;11714;12896;30705;16237
5048;31 jaar;Vrouwen;2050;66193;46926;22335;24591;11723;12868;30681;16245
5049;32 jaar;Totaal mannen en vrouwen;2000;206969;51160;35058;16102;12733;3369;26744;24416
5050;32 jaar;Totaal mannen en vrouwen;2001;205852;54854;38454;16400;12896;3504;30251;24603
5051;32 jaar;Totaal mannen en vrouwen;2002;215069;57707;40198;17509;13773;3736;31878;25829
5052;32 jaar;Totaal mannen en vrouwen;2003;207651;58655;41632;17023;12935;4088;33466;25189
5053;32 jaar;Totaal mannen en vrouwen;2004;197352;58267;41498;16769;12375;4394;33521;24746
5054;32 jaar;Totaal mannen en vrouwen;2005;185721;58571;41952;16619;11854;4765;34212;24359
5055;32 jaar;Totaal mannen en vrouwen;2006;169256;56964;41469;15495;10568;4927;33641;23323
5056;32 jaar;Totaal mannen en vrouwen;2007;160990;57826;41954;15872;10447;5425;34471;23355
5057;32 jaar;Totaal mannen en vrouwen;2008;153094;57400;40816;16584;10221;6363;34029;23371
5058;32 jaar;Totaal mannen en vrouwen;2009;151353;57943;40221;17722;10303;7419;34181;23762
5059;32 jaar;Totaal mannen en vrouwen;2010;147173;60357;41622;18735;10324;8411;36548;23809
5060;32 jaar;Totaal mannen en vrouwen;2011;147880;62301;41851;20450;10845;9605;37861;24440
5061;32 jaar;Totaal mannen en vrouwen;2012;146254;63874;42123;21751;10982;10769;39250;24624
5062;32 jaar;Totaal mannen en vrouwen;2013;149969;66560;42082;24478;11750;12728;41215;25345
5063;32 jaar;Totaal mannen en vrouwen;2014;146384;67951;42449;25502;11733;13769;42772;25179
5064;32 jaar;Totaal mannen en vrouwen;2015;141484;68042;43104;24938;11426;13512;43296;24746
5065;32 jaar;Totaal mannen en vrouwen;2016;139889;68436;43246;25190;11311;13879;43878;24558
5066;32 jaar;Totaal mannen en vrouwen;2017;143367;69336;43558;25778;11734;14044;44701;24635
5067;32 jaar;Totaal mannen en vrouwen;2018;146450;69785;43631;26154;11749;14405;45170;24615
5068;32 jaar;Totaal mannen en vrouwen;2019;150907;70866;43473;27393;12403;14990;46017;24849
5069;32 jaar;Totaal mannen en vrouwen;2020;151817;71746;43473;28273;12360;15913;47085;24661
5070;32 jaar;Totaal mannen en vrouwen;2021;149843;73445;43520;29925;12704;17221;48649;24796
5071;32 jaar;Totaal mannen en vrouwen;2022;151057;74347;43559;30788;12753;18035;49759;24588
5072;32 jaar;Totaal mannen en vrouwen;2023;156773;76421;43453;32968;13659;19309;51547;24874
5073;32 jaar;Totaal mannen en vrouwen;2024;156542;76974;43314;33660;13967;19693;51996;24978
5074;32 jaar;Totaal mannen en vrouwen;2025;153772;77871;43401;34470;14053;20417;53085;24786
5075;32 jaar;Totaal mannen en vrouwen;2026;152584;77934;43311;34623;14274;20349;53185;24749
5076;32 jaar;Totaal mannen en vrouwen;2027;152294;79421;43354;36067;14428;21639;54505;24916
5077;32 jaar;Totaal mannen en vrouwen;2028;148011;79524;43473;36051;14516;21535;54504;25020
5078;32 jaar;Totaal mannen en vrouwen;2029;146706;80668;43850;36818;14540;22278;55598;25070
5079;32 jaar;Totaal mannen en vrouwen;2030;146656;82769;44096;38673;15185;23488;57524;25245
5080;32 jaar;Totaal mannen en vrouwen;2031;150609;85079;44188;40891;16136;24755;59289;25790
5081;32 jaar;Totaal mannen en vrouwen;2032;150866;86340;43958;42382;16627;25755;59857;26483
5082;32 jaar;Totaal mannen en vrouwen;2033;155678;86078;43945;42133;16479;25654;59436;26642
5083;32 jaar;Totaal mannen en vrouwen;2034;154483;87167;43917;43250;17188;26062;60018;27149
5084;32 jaar;Totaal mannen en vrouwen;2035;152137;88181;43899;44282;17889;26393;60508;27673
5085;32 jaar;Totaal mannen en vrouwen;2036;148946;89076;43883;45193;18567;26626;60882;28194
5086;32 jaar;Totaal mannen en vrouwen;2037;145674;89908;43875;46033;19220;26813;61207;28701
5087;32 jaar;Totaal mannen en vrouwen;2038;142330;90721;43871;46850;19846;27004;61538;29183
5088;32 jaar;Totaal mannen en vrouwen;2039;139206;91442;43873;47569;20442;27127;61798;29644
5089;32 jaar;Totaal mannen en vrouwen;2040;136404;92047;43870;48177;20984;27193;61977;30070
5090;32 jaar;Totaal mannen en vrouwen;2041;134129;92581;43882;48699;21490;27209;62111;30470
5091;32 jaar;Totaal mannen en vrouwen;2042;132192;93027;43890;49137;21957;27180;62193;30834
5092;32 jaar;Totaal mannen en vrouwen;2043;130888;93387;43898;49489;22378;27111;62234;31153
5093;32 jaar;Totaal mannen en vrouwen;2044;130140;93681;43907;49774;22754;27020;62251;31430
5094;32 jaar;Totaal mannen en vrouwen;2045;129792;93914;43917;49997;23089;26908;62255;31659
5095;32 jaar;Totaal mannen en vrouwen;2046;129872;94087;43924;50163;23385;26778;62241;31846
5096;32 jaar;Totaal mannen en vrouwen;2047;130263;94206;43928;50278;23640;26638;62217;31989
5097;32 jaar;Totaal mannen en vrouwen;2048;130881;94280;43935;50345;23863;26482;62180;32100
5098;32 jaar;Totaal mannen en vrouwen;2049;131723;94310;43938;50372;23931;26441;62145;32165
5099;32 jaar;Totaal mannen en vrouwen;2050;132749;94315;43945;50370;23977;26393;62109;32206
5100;32 jaar;Mannen;2000;105549;26244;18116;8128;6438;1690;14421;11823
5101;32 jaar;Mannen;2001;104585;28100;19764;8336;6593;1743;16001;12099
5102;32 jaar;Mannen;2002;109532;29375;20470;8905;6966;1939;16701;12674
5103;32 jaar;Mannen;2003;105467;29591;20840;8751;6651;2100;17264;12327
5104;32 jaar;Mannen;2004;100392;29013;20423;8590;6313;2277;16997;12016
5105;32 jaar;Mannen;2005;93962;28874;20381;8493;6085;2408;17076;11798
5106;32 jaar;Mannen;2006;85862;27782;19926;7856;5347;2509;16646;11136
5107;32 jaar;Mannen;2007;81855;28212;20136;8076;5257;2819;17128;11084
5108;32 jaar;Mannen;2008;77656;28052;19577;8475;5238;3237;16863;11189
5109;32 jaar;Mannen;2009;77096;28419;19299;9120;5304;3816;17039;11380
5110;32 jaar;Mannen;2010;74718;29246;19718;9528;5281;4247;17980;11266
5111;32 jaar;Mannen;2011;75000;30284;19904;10380;5521;4859;18671;11613
5112;32 jaar;Mannen;2012;73873;31206;20034;11172;5640;5532;19473;11733
5113;32 jaar;Mannen;2013;76017;32547;20078;12469;6004;6465;20451;12096
5114;32 jaar;Mannen;2014;73754;33542;20497;13045;6016;7029;21487;12055
5115;32 jaar;Mannen;2015;71636;33625;20848;12777;5827;6950;21831;11794
5116;32 jaar;Mannen;2016;70808;33631;20843;12788;5766;7022;21976;11655
5117;32 jaar;Mannen;2017;72682;34116;20927;13189;5992;7197;22356;11760
5118;32 jaar;Mannen;2018;73902;34279;20920;13359;6087;7272;22544;11735
5119;32 jaar;Mannen;2019;75895;34854;20933;13921;6335;7586;23006;11848
5120;32 jaar;Mannen;2020;77113;35285;20928;14357;6309;8048;23465;11820
5121;32 jaar;Mannen;2021;75803;36150;20945;15205;6390;8815;24401;11749
5122;32 jaar;Mannen;2022;76044;36769;21013;15756;6510;9246;24978;11791
5123;32 jaar;Mannen;2023;79659;37671;20974;16697;6939;9758;25770;11901
5124;32 jaar;Mannen;2024;79085;38065;20857;17208;7133;10075;26055;12010
5125;32 jaar;Mannen;2025;77889;38597;20968;17629;7094;10535;26774;11823
5126;32 jaar;Mannen;2026;77082;38566;20904;17662;7351;10311;26593;11973
5127;32 jaar;Mannen;2027;77071;39366;20918;18448;7407;11041;27339;12027
5128;32 jaar;Mannen;2028;74830;39425;21004;18421;7402;11019;27317;12108
5129;32 jaar;Mannen;2029;74513;40114;21172;18942;7480;11462;27876;12238
5130;32 jaar;Mannen;2030;73937;41026;21252;19774;7781;11993;28757;12269
5131;32 jaar;Mannen;2031;76195;42218;21295;20923;8262;12661;29648;12570
5132;32 jaar;Mannen;2032;76484;42947;21223;21724;8532;13192;29966;12981
5133;32 jaar;Mannen;2033;78789;42755;21215;21540;8425;13115;29777;12978
5134;32 jaar;Mannen;2034;78170;43313;21201;22112;8789;13323;30070;13243
5135;32 jaar;Mannen;2035;76972;43829;21189;22640;9146;13494;30315;13514
5136;32 jaar;Mannen;2036;75354;44287;21179;23108;9494;13614;30502;13785
5137;32 jaar;Mannen;2037;73689;44715;21175;23540;9831;13709;30667;14048
5138;32 jaar;Mannen;2038;71995;45129;21172;23957;10147;13810;30834;14295
5139;32 jaar;Mannen;2039;70406;45498;21174;24324;10451;13873;30964;14534
5140;32 jaar;Mannen;2040;68980;45812;21174;24638;10732;13906;31055;14757
5141;32 jaar;Mannen;2041;67823;46085;21182;24903;10988;13915;31121;14964
5142;32 jaar;Mannen;2042;66832;46319;21186;25133;11232;13901;31166;15153
5143;32 jaar;Mannen;2043;66174;46501;21191;25310;11443;13867;31182;15319
5144;32 jaar;Mannen;2044;65795;46654;21197;25457;11638;13819;31191;15463
5145;32 jaar;Mannen;2045;65622;46770;21198;25572;11810;13762;31189;15581
5146;32 jaar;Mannen;2046;65660;46861;21202;25659;11962;13697;31183;15678
5147;32 jaar;Mannen;2047;65851;46926;21208;25718;12095;13623;31173;15753
5148;32 jaar;Mannen;2048;66170;46961;21210;25751;12206;13545;31151;15810
5149;32 jaar;Mannen;2049;66601;46975;21210;25765;12240;13525;31132;15843
5150;32 jaar;Mannen;2050;67126;46981;21214;25767;12263;13504;31114;15867
5151;32 jaar;Vrouwen;2000;101420;24916;16942;7974;6295;1679;12323;12593
5152;32 jaar;Vrouwen;2001;101265;26756;18691;8065;6304;1761;14251;12505
5153;32 jaar;Vrouwen;2002;105535;28334;19727;8607;6810;1797;15178;13156
5154;32 jaar;Vrouwen;2003;102184;29064;20792;8272;6283;1989;16202;12862
5155;32 jaar;Vrouwen;2004;96957;29257;21076;8181;6064;2117;16527;12730
5156;32 jaar;Vrouwen;2005;91759;29697;21570;8127;5767;2360;17138;12559
5157;32 jaar;Vrouwen;2006;83391;29185;21542;7643;5223;2420;16998;12187
5158;32 jaar;Vrouwen;2007;79132;29616;21820;7796;5188;2608;17344;12272
5159;32 jaar;Vrouwen;2008;75439;29347;21239;8108;4980;3128;17166;12181
5160;32 jaar;Vrouwen;2009;74257;29524;20921;8603;5001;3602;17140;12384
5161;32 jaar;Vrouwen;2010;72451;31115;21906;9209;5047;4162;18571;12544
5162;32 jaar;Vrouwen;2011;72884;32013;21945;10068;5322;4746;19188;12825
5163;32 jaar;Vrouwen;2012;72378;32671;22092;10579;5345;5234;19779;12892
5164;32 jaar;Vrouwen;2013;73952;34013;22006;12007;5743;6264;20763;13250
5165;32 jaar;Vrouwen;2014;72635;34404;21952;12452;5712;6740;21283;13121
5166;32 jaar;Vrouwen;2015;69847;34418;22258;12160;5597;6563;21466;12952
5167;32 jaar;Vrouwen;2016;69081;34805;22401;12404;5546;6858;21906;12899
5168;32 jaar;Vrouwen;2017;70682;35223;22633;12590;5743;6847;22346;12877
5169;32 jaar;Vrouwen;2018;72549;35506;22713;12793;5659;7134;22624;12882
5170;32 jaar;Vrouwen;2019;75014;36010;22536;13474;6069;7405;23011;12999
5171;32 jaar;Vrouwen;2020;74704;36462;22547;13915;6050;7865;23621;12841
5172;32 jaar;Vrouwen;2021;74037;37297;22577;14720;6313;8407;24246;13051
5173;32 jaar;Vrouwen;2022;75013;37578;22547;15031;6240;8791;24781;12797
5174;32 jaar;Vrouwen;2023;77114;38750;22479;16271;6719;9552;25777;12973
5175;32 jaar;Vrouwen;2024;77457;38908;22458;16450;6831;9619;25940;12968
5176;32 jaar;Vrouwen;2025;75883;39274;22434;16840;6956;9884;26311;12963
5177;32 jaar;Vrouwen;2026;75506;39364;22405;16959;6919;10040;26591;12773
5178;32 jaar;Vrouwen;2027;75219;40059;22437;17622;7024;10598;27168;12891
5179;32 jaar;Vrouwen;2028;73181;40099;22472;17627;7111;10516;27189;12910
5180;32 jaar;Vrouwen;2029;72196;40551;22675;17876;7061;10815;27720;12831
5181;32 jaar;Vrouwen;2030;72718;41744;22847;18897;7401;11496;28768;12976
5182;32 jaar;Vrouwen;2031;74414;42861;22893;19968;7873;12095;29641;13220
5183;32 jaar;Vrouwen;2032;74383;43392;22733;20659;8093;12566;29890;13502
5184;32 jaar;Vrouwen;2033;76893;43318;22728;20590;8051;12539;29655;13663
5185;32 jaar;Vrouwen;2034;76312;43855;22718;21137;8400;12737;29947;13908
5186;32 jaar;Vrouwen;2035;75163;44355;22713;21642;8742;12900;30195;14160
5187;32 jaar;Vrouwen;2036;73590;44791;22705;22086;9073;13013;30380;14411
5188;32 jaar;Vrouwen;2037;71982;45196;22700;22496;9391;13105;30542;14654
5189;32 jaar;Vrouwen;2038;70339;45589;22697;22892;9698;13194;30702;14887
5190;32 jaar;Vrouwen;2039;68803;45941;22698;23243;9990;13253;30831;15110
5191;32 jaar;Vrouwen;2040;67423;46236;22698;23538;10252;13286;30923;15313
5192;32 jaar;Vrouwen;2041;66308;46494;22701;23793;10499;13294;30990;15504
5193;32 jaar;Vrouwen;2042;65355;46713;22705;24008;10729;13279;31031;15682
5194;32 jaar;Vrouwen;2043;64718;46882;22705;24177;10932;13245;31049;15833
5195;32 jaar;Vrouwen;2044;64347;47025;22711;24314;11115;13199;31058;15967
5196;32 jaar;Vrouwen;2045;64175;47139;22717;24422;11278;13144;31061;16078
5197;32 jaar;Vrouwen;2046;64215;47223;22719;24504;11423;13081;31058;16165
5198;32 jaar;Vrouwen;2047;64408;47284;22723;24561;11550;13011;31047;16237
5199;32 jaar;Vrouwen;2048;64713;47317;22726;24591;11656;12935;31028;16289
5200;32 jaar;Vrouwen;2049;65125;47332;22727;24605;11690;12915;31013;16319
5201;32 jaar;Vrouwen;2050;65626;47331;22729;24602;11711;12891;30993;16338
5202;33 jaar;Totaal mannen en vrouwen;2000;207507;52733;36774;15959;12623;3336;28600;24133
5203;33 jaar;Totaal mannen en vrouwen;2001;206657;52225;36133;16092;12725;3367;27438;24787
5204;33 jaar;Totaal mannen en vrouwen;2002;205545;55858;39470;16388;12888;3500;30865;24993
5205;33 jaar;Totaal mannen en vrouwen;2003;214705;58693;41196;17497;13763;3734;32484;26209
5206;33 jaar;Totaal mannen en vrouwen;2004;207324;59607;42596;17011;12927;4084;34037;25570
5207;33 jaar;Totaal mannen en vrouwen;2005;197075;59236;42479;16757;12367;4390;34116;25120
5208;33 jaar;Totaal mannen en vrouwen;2006;185498;59510;42901;16609;11847;4762;34783;24727
5209;33 jaar;Totaal mannen en vrouwen;2007;169115;57912;42426;15486;10563;4923;34227;23685
5210;33 jaar;Totaal mannen en vrouwen;2008;160878;58740;42877;15863;10441;5422;35045;23695
5211;33 jaar;Totaal mannen en vrouwen;2009;153022;58300;41727;16573;10214;6359;34608;23692
5212;33 jaar;Totaal mannen en vrouwen;2010;151286;58828;41116;17712;10299;7413;34760;24068
5213;33 jaar;Totaal mannen en vrouwen;2011;147124;61211;42487;18724;10319;8405;37111;24100
5214;33 jaar;Totaal mannen en vrouwen;2012;147820;63119;42683;20436;10836;9600;38411;24708
5215;33 jaar;Totaal mannen en vrouwen;2013;146190;64674;42936;21738;10978;10760;39799;24875
5216;33 jaar;Totaal mannen en vrouwen;2014;149876;67331;42868;24463;11744;12719;41754;25577
5217;33 jaar;Totaal mannen en vrouwen;2015;146305;68689;43205;25484;11726;13758;43296;25393
5218;33 jaar;Totaal mannen en vrouwen;2016;141430;68756;43832;24924;11422;13502;43809;24947
5219;33 jaar;Totaal mannen en vrouwen;2017;139841;69141;43965;25176;11305;13871;44398;24743
5220;33 jaar;Totaal mannen en vrouwen;2018;143296;70038;44272;25766;11731;14035;45226;24812
5221;33 jaar;Totaal mannen en vrouwen;2019;146364;70479;44341;26138;11740;14398;45698;24781
5222;33 jaar;Totaal mannen en vrouwen;2020;150798;71557;44178;27379;12399;14980;46548;25009
5223;33 jaar;Totaal mannen en vrouwen;2021;151706;72434;44178;28256;12353;15903;47621;24813
5224;33 jaar;Totaal mannen en vrouwen;2022;149734;74130;44221;29909;12698;17211;49182;24948
5225;33 jaar;Totaal mannen en vrouwen;2023;150936;75029;44259;30770;12744;18026;50293;24736
5226;33 jaar;Totaal mannen en vrouwen;2024;156612;77101;44150;32951;13652;19299;52082;25019
5227;33 jaar;Totaal mannen en vrouwen;2025;156381;77660;44017;33643;13959;19684;52536;25124
5228;33 jaar;Totaal mannen en vrouwen;2026;153625;78551;44099;34452;14045;20407;53620;24931
5229;33 jaar;Totaal mannen en vrouwen;2027;152445;78614;44013;34601;14265;20336;53722;24892
5230;33 jaar;Totaal mannen en vrouwen;2028;152142;80108;44058;36050;14424;21626;55045;25063
5231;33 jaar;Totaal mannen en vrouwen;2029;147881;80207;44175;36032;14509;21523;55045;25162
5232;33 jaar;Totaal mannen en vrouwen;2030;146580;81341;44542;36799;14534;22265;56132;25209
5233;33 jaar;Totaal mannen en vrouwen;2031;146523;83436;44783;38653;15176;23477;58055;25381
5234;33 jaar;Totaal mannen en vrouwen;2032;150450;85740;44871;40869;16127;24742;59816;25924
5235;33 jaar;Totaal mannen en vrouwen;2033;150700;87008;44648;42360;16617;25743;60392;26616
5236;33 jaar;Totaal mannen en vrouwen;2034;155494;86747;44636;42111;16471;25640;59971;26776
5237;33 jaar;Totaal mannen en vrouwen;2035;154295;87844;44614;43230;17180;26050;60559;27285
5238;33 jaar;Totaal mannen en vrouwen;2036;151960;88856;44599;44257;17878;26379;61049;27807
5239;33 jaar;Totaal mannen en vrouwen;2037;148773;89759;44587;45172;18559;26613;61429;28330
5240;33 jaar;Totaal mannen en vrouwen;2038;145516;90589;44579;46010;19210;26800;61756;28833
5241;33 jaar;Totaal mannen en vrouwen;2039;142188;91404;44577;46827;19836;26991;62087;29317
5242;33 jaar;Totaal mannen en vrouwen;2040;139081;92120;44577;47543;20430;27113;62345;29775
5243;33 jaar;Totaal mannen en vrouwen;2041;136284;92735;44581;48154;20974;27180;62531;30204
5244;33 jaar;Totaal mannen en vrouwen;2042;134021;93265;44591;48674;21479;27195;62664;30601
5245;33 jaar;Totaal mannen en vrouwen;2043;132088;93715;44600;49115;21947;27168;62748;30967
5246;33 jaar;Totaal mannen en vrouwen;2044;130792;94075;44610;49465;22366;27099;62788;31287
5247;33 jaar;Totaal mannen en vrouwen;2045;130043;94371;44620;49751;22746;27005;62807;31564
5248;33 jaar;Totaal mannen en vrouwen;2046;129699;94602;44628;49974;23081;26893;62809;31793
5249;33 jaar;Totaal mannen en vrouwen;2047;129774;94776;44635;50141;23376;26765;62798;31978
5250;33 jaar;Totaal mannen en vrouwen;2048;130160;94898;44643;50255;23632;26623;62774;32124
5251;33 jaar;Totaal mannen en vrouwen;2049;130778;94968;44647;50321;23852;26469;62737;32231
5252;33 jaar;Totaal mannen en vrouwen;2050;131615;94998;44651;50347;23919;26428;62702;32296
5253;33 jaar;Mannen;2000;105619;27560;19482;8078;6374;1704;15663;11897
5254;33 jaar;Mannen;2001;105319;26737;18615;8122;6433;1689;14747;11990
5255;33 jaar;Mannen;2002;104361;28564;20235;8329;6587;1742;16291;12273
5256;33 jaar;Mannen;2003;109275;29830;20933;8897;6959;1938;16991;12839
5257;33 jaar;Mannen;2004;105230;30045;21301;8744;6646;2098;17543;12502
5258;33 jaar;Mannen;2005;100184;29491;20907;8584;6309;2275;17297;12194
5259;33 jaar;Mannen;2006;93791;29342;20856;8486;6081;2405;17370;11972
5260;33 jaar;Mannen;2007;85737;28264;20415;7849;5344;2505;16955;11309
5261;33 jaar;Mannen;2008;81749;28677;20608;8069;5254;2815;17431;11246
5262;33 jaar;Mannen;2009;77575;28512;20043;8469;5237;3232;17173;11339
5263;33 jaar;Mannen;2010;77017;28874;19761;9113;5300;3813;17353;11521
5264;33 jaar;Mannen;2011;74654;29692;20172;9520;5275;4245;18282;11410
5265;33 jaar;Mannen;2012;74927;30717;20344;10373;5517;4856;18972;11745
5266;33 jaar;Mannen;2013;73802;31630;20465;11165;5636;5529;19774;11856
5267;33 jaar;Mannen;2014;75926;32959;20499;12460;6001;6459;20750;12209
5268;33 jaar;Mannen;2015;73673;33937;20899;13038;6014;7024;21772;12165
5269;33 jaar;Mannen;2016;71576;34001;21234;12767;5824;6943;22106;11895
5270;33 jaar;Mannen;2017;70744;34011;21233;12778;5761;7017;22259;11752
5271;33 jaar;Mannen;2018;72607;34496;21316;13180;5986;7194;22645;11851
5272;33 jaar;Mannen;2019;73816;34666;21314;13352;6086;7266;22844;11822
5273;33 jaar;Mannen;2020;75798;35239;21326;13913;6334;7579;23308;11931
5274;33 jaar;Mannen;2021;77014;35666;21320;14346;6304;8042;23768;11898
5275;33 jaar;Mannen;2022;75707;36530;21335;15195;6386;8809;24706;11824
5276;33 jaar;Mannen;2023;75942;37149;21403;15746;6506;9240;25282;11867
5277;33 jaar;Mannen;2024;79527;38053;21366;16687;6935;9752;26077;11976
5278;33 jaar;Mannen;2025;78954;38451;21251;17200;7131;10069;26367;12084
5279;33 jaar;Mannen;2026;77770;38972;21355;17617;7089;10528;27078;11894
5280;33 jaar;Mannen;2027;76964;38949;21298;17651;7350;10301;26903;12046
5281;33 jaar;Mannen;2028;76953;39746;21309;18437;7403;11034;27648;12098
5282;33 jaar;Mannen;2029;74720;39805;21394;18411;7400;11011;27626;12179
5283;33 jaar;Mannen;2030;74408;40487;21558;18929;7476;11453;28182;12305
5284;33 jaar;Mannen;2031;73828;41397;21634;19763;7775;11988;29063;12334
5285;33 jaar;Mannen;2032;76068;42586;21677;20909;8256;12653;29953;12633
5286;33 jaar;Mannen;2033;76352;43320;21609;21711;8528;13183;30277;13043
5287;33 jaar;Mannen;2034;78641;43133;21604;21529;8422;13107;30091;13042
5288;33 jaar;Mannen;2035;78026;43690;21589;22101;8783;13318;30384;13306
5289;33 jaar;Mannen;2036;76836;44205;21578;22627;9140;13487;30627;13578
5290;33 jaar;Mannen;2037;75220;44665;21569;23096;9489;13607;30818;13847
5291;33 jaar;Mannen;2038;73567;45090;21567;23523;9821;13702;30983;14107
5292;33 jaar;Mannen;2039;71877;45510;21566;23944;10144;13800;31152;14358
5293;33 jaar;Mannen;2040;70293;45881;21567;24314;10450;13864;31283;14598
5294;33 jaar;Mannen;2041;68878;46192;21568;24624;10728;13896;31373;14819
5295;33 jaar;Mannen;2042;67725;46464;21574;24890;10982;13908;31440;15024
5296;33 jaar;Mannen;2043;66741;46697;21581;25116;11224;13892;31481;15216
5297;33 jaar;Mannen;2044;66082;46885;21588;25297;11439;13858;31504;15381
5298;33 jaar;Mannen;2045;65708;47034;21589;25445;11633;13812;31510;15524
5299;33 jaar;Mannen;2046;65527;47158;21598;25560;11805;13755;31512;15646
5300;33 jaar;Mannen;2047;65568;47244;21599;25645;11955;13690;31503;15741
5301;33 jaar;Mannen;2048;65765;47303;21600;25703;12085;13618;31489;15814
5302;33 jaar;Mannen;2049;66077;47341;21604;25737;12198;13539;31470;15871
5303;33 jaar;Mannen;2050;66502;47359;21607;25752;12232;13520;31453;15906
5304;33 jaar;Vrouwen;2000;101888;25173;17292;7881;6249;1632;12937;12236
5305;33 jaar;Vrouwen;2001;101336;25489;17519;7970;6292;1678;12693;12796
5306;33 jaar;Vrouwen;2002;101182;27296;19235;8061;6301;1760;14575;12721
5307;33 jaar;Vrouwen;2003;105430;28863;20261;8602;6805;1797;15492;13371
5308;33 jaar;Vrouwen;2004;102093;29563;21294;8269;6283;1986;16495;13068
5309;33 jaar;Vrouwen;2005;96885;29750;21574;8176;6061;2115;16822;12928
5310;33 jaar;Vrouwen;2006;91706;30169;22046;8123;5764;2359;17413;12756
5311;33 jaar;Vrouwen;2007;83376;29651;22014;7637;5219;2418;17273;12378
5312;33 jaar;Vrouwen;2008;79128;30063;22269;7794;5188;2606;17615;12448
5313;33 jaar;Vrouwen;2009;75448;29787;21683;8104;4979;3125;17433;12354
5314;33 jaar;Vrouwen;2010;74267;29957;21357;8600;4998;3602;17412;12545
5315;33 jaar;Vrouwen;2011;72471;31518;22314;9204;5045;4159;18828;12690
5316;33 jaar;Vrouwen;2012;72892;32403;22339;10064;5320;4744;19440;12963
5317;33 jaar;Vrouwen;2013;72387;33044;22470;10574;5342;5232;20026;13018
5318;33 jaar;Vrouwen;2014;73949;34374;22371;12003;5742;6261;21006;13368
5319;33 jaar;Vrouwen;2015;72632;34752;22305;12447;5710;6737;21524;13228
5320;33 jaar;Vrouwen;2016;69853;34755;22599;12156;5595;6561;21705;13050
5321;33 jaar;Vrouwen;2017;69095;35132;22734;12398;5544;6854;22140;12992
5322;33 jaar;Vrouwen;2018;70693;35538;22955;12583;5740;6843;22577;12961
5323;33 jaar;Vrouwen;2019;72547;35814;23027;12787;5656;7131;22853;12961
5324;33 jaar;Vrouwen;2020;74996;36322;22854;13468;6069;7399;23244;13078
5325;33 jaar;Vrouwen;2021;74691;36769;22861;13908;6047;7861;23853;12916
5326;33 jaar;Vrouwen;2022;74028;37598;22885;14713;6310;8403;24475;13123
5327;33 jaar;Vrouwen;2023;74996;37878;22855;15023;6235;8788;25009;12869
5328;33 jaar;Vrouwen;2024;77078;39055;22789;16266;6718;9548;26011;13044
5329;33 jaar;Vrouwen;2025;77428;39208;22766;16442;6827;9615;26169;13039
5330;33 jaar;Vrouwen;2026;75856;39577;22742;16835;6955;9880;26543;13034
5331;33 jaar;Vrouwen;2027;75478;39668;22715;16953;6917;10036;26821;12847
5332;33 jaar;Vrouwen;2028;75191;40360;22747;17613;7020;10593;27397;12963
5333;33 jaar;Vrouwen;2029;73161;40402;22781;17621;7111;10510;27418;12984
5334;33 jaar;Vrouwen;2030;72173;40853;22985;17868;7056;10812;27950;12903
5335;33 jaar;Vrouwen;2031;72694;42040;23149;18891;7401;11490;28992;13048
5336;33 jaar;Vrouwen;2032;74385;43151;23192;19959;7870;12089;29861;13290
5337;33 jaar;Vrouwen;2033;74351;43686;23037;20649;8092;12557;30114;13572
5338;33 jaar;Vrouwen;2034;76850;43618;23036;20582;8052;12530;29882;13736
5339;33 jaar;Vrouwen;2035;76267;44156;23026;21130;8397;12733;30176;13980
5340;33 jaar;Vrouwen;2036;75118;44658;23024;21634;8742;12892;30426;14232
5341;33 jaar;Vrouwen;2037;73552;45094;23017;22077;9070;13007;30612;14482
5342;33 jaar;Vrouwen;2038;71949;45499;23012;22487;9389;13098;30773;14726
5343;33 jaar;Vrouwen;2039;70311;45894;23012;22882;9693;13189;30936;14958
5344;33 jaar;Vrouwen;2040;68786;46241;23010;23231;9982;13249;31063;15178
5345;33 jaar;Vrouwen;2041;67410;46539;23011;23528;10247;13281;31155;15384
5346;33 jaar;Vrouwen;2042;66296;46801;23017;23784;10495;13289;31223;15578
5347;33 jaar;Vrouwen;2043;65349;47016;23018;23998;10725;13273;31266;15750
5348;33 jaar;Vrouwen;2044;64706;47193;23023;24170;10929;13241;31287;15906
5349;33 jaar;Vrouwen;2045;64339;47333;23028;24305;11110;13195;31294;16039
5350;33 jaar;Vrouwen;2046;64167;47449;23034;24415;11277;13138;31299;16150
5351;33 jaar;Vrouwen;2047;64207;47532;23037;24495;11421;13074;31294;16238
5352;33 jaar;Vrouwen;2048;64399;47592;23039;24553;11547;13006;31285;16307
5353;33 jaar;Vrouwen;2049;64703;47625;23041;24584;11654;12930;31265;16360
5354;33 jaar;Vrouwen;2050;65111;47641;23045;24596;11686;12910;31250;16391
5355;34 jaar;Totaal mannen en vrouwen;2000;212066;53197;37266;15931;12484;3447;28476;24721
5356;34 jaar;Totaal mannen en vrouwen;2001;207186;53627;37680;15947;12613;3334;29162;24465
5357;34 jaar;Totaal mannen en vrouwen;2002;206352;53092;37013;16079;12715;3364;27995;25097
5358;34 jaar;Totaal mannen en vrouwen;2003;205244;56677;40299;16378;12879;3499;31361;25316
5359;34 jaar;Totaal mannen en vrouwen;2004;214343;59484;41999;17485;13755;3730;32968;26516
5360;34 jaar;Totaal mannen en vrouwen;2005;207003;60367;43370;16997;12914;4083;34493;25874
5361;34 jaar;Totaal mannen en vrouwen;2006;196796;60012;43267;16745;12359;4386;34596;25416
5362;34 jaar;Totaal mannen en vrouwen;2007;185273;60257;43660;16597;11839;4758;35240;25017
5363;34 jaar;Totaal mannen en vrouwen;2008;168969;58666;43190;15476;10556;4920;34698;23968
5364;34 jaar;Totaal mannen en vrouwen;2009;160768;59458;43607;15851;10432;5419;35503;23955
5365;34 jaar;Totaal mannen en vrouwen;2010;152948;59013;42452;16561;10208;6353;35078;23935
5366;34 jaar;Totaal mannen en vrouwen;2011;151215;59529;41829;17700;10289;7411;35240;24289
5367;34 jaar;Totaal mannen en vrouwen;2012;147064;61880;43168;18712;10311;8401;37572;24308
5368;34 jaar;Totaal mannen en vrouwen;2013;147750;63759;43334;20425;10831;9594;38864;24895
5369;34 jaar;Totaal mannen en vrouwen;2014;146123;65292;43567;21725;10972;10753;40249;25043
5370;34 jaar;Totaal mannen en vrouwen;2015;149775;67923;43476;24447;11734;12713;42195;25728
5371;34 jaar;Totaal mannen en vrouwen;2016;146215;69254;43785;25469;11717;13752;43723;25531
5372;34 jaar;Totaal mannen en vrouwen;2017;141368;69290;44384;24906;11410;13496;44219;25071
5373;34 jaar;Totaal mannen en vrouwen;2018;139787;69673;44513;25160;11297;13863;44814;24859
5374;34 jaar;Totaal mannen en vrouwen;2019;143220;70563;44812;25751;11724;14027;45646;24917
5375;34 jaar;Totaal mannen en vrouwen;2020;146272;71002;44880;26122;11733;14389;46124;24878
5376;34 jaar;Totaal mannen en vrouwen;2021;150682;72078;44716;27362;12391;14971;46979;25099
5377;34 jaar;Totaal mannen en vrouwen;2022;151582;72954;44716;28238;12347;15891;48051;24903
5378;34 jaar;Totaal mannen en vrouwen;2023;149620;74646;44756;29890;12688;17202;49610;25036
5379;34 jaar;Totaal mannen en vrouwen;2024;150812;75542;44791;30751;12737;18014;50721;24821
5380;34 jaar;Totaal mannen en vrouwen;2025;156452;77612;44682;32930;13643;19287;52511;25101
5381;34 jaar;Totaal mannen en vrouwen;2026;156220;78172;44552;33620;13948;19672;52967;25205
5382;34 jaar;Totaal mannen en vrouwen;2027;153471;79068;44632;34436;14040;20396;54053;25015
5383;34 jaar;Totaal mannen en vrouwen;2028;152296;79130;44549;34581;14255;20326;54156;24974
5384;34 jaar;Totaal mannen en vrouwen;2029;151989;80624;44596;36028;14413;21615;55478;25146
5385;34 jaar;Totaal mannen en vrouwen;2030;147752;80721;44711;36010;14499;21511;55478;25243
5386;34 jaar;Totaal mannen en vrouwen;2031;146450;81846;45069;36777;14526;22251;56559;25287
5387;34 jaar;Totaal mannen en vrouwen;2032;146390;83933;45304;38629;15165;23464;58478;25455
5388;34 jaar;Totaal mannen en vrouwen;2033;150287;86234;45390;40844;16115;24729;60237;25997
5389;34 jaar;Totaal mannen en vrouwen;2034;150535;87508;45172;42336;16608;25728;60821;26687
5390;34 jaar;Totaal mannen en vrouwen;2035;155304;87255;45168;42087;16461;25626;60406;26849
5391;34 jaar;Totaal mannen en vrouwen;2036;154108;88350;45146;43204;17168;26036;60992;27358
5392;34 jaar;Totaal mannen en vrouwen;2037;151777;89370;45134;44236;17870;26366;61489;27881
5393;34 jaar;Totaal mannen en vrouwen;2038;148604;90269;45122;45147;18547;26600;61868;28401
5394;34 jaar;Totaal mannen en vrouwen;2039;145359;91102;45115;45987;19201;26786;62196;28906
5395;34 jaar;Totaal mannen en vrouwen;2040;142045;91918;45116;46802;19825;26977;62529;29389
5396;34 jaar;Totaal mannen en vrouwen;2041;138945;92635;45118;47517;20416;27101;62787;29848
5397;34 jaar;Totaal mannen en vrouwen;2042;136161;93250;45121;48129;20964;27165;62975;30275
5398;34 jaar;Totaal mannen en vrouwen;2043;133905;93783;45132;48651;21471;27180;63109;30674
5399;34 jaar;Totaal mannen en vrouwen;2044;131983;94228;45141;49087;21934;27153;63190;31038
5400;34 jaar;Totaal mannen en vrouwen;2045;130690;94590;45151;49439;22353;27086;63231;31359
5401;34 jaar;Totaal mannen en vrouwen;2046;129944;94885;45161;49724;22733;26991;63251;31634
5402;34 jaar;Totaal mannen en vrouwen;2047;129598;95121;45173;49948;23069;26879;63255;31866
5403;34 jaar;Totaal mannen en vrouwen;2048;129677;95290;45178;50112;23361;26751;63242;32048
5404;34 jaar;Totaal mannen en vrouwen;2049;130060;95413;45185;50228;23617;26611;63220;32193
5405;34 jaar;Totaal mannen en vrouwen;2050;130669;95486;45192;50294;23839;26455;63183;32303
5406;34 jaar;Mannen;2000;108189;27788;19723;8065;6334;1731;15636;12152
5407;34 jaar;Mannen;2001;105390;27938;19867;8071;6368;1703;15902;12036
5408;34 jaar;Mannen;2002;105098;27135;19021;8114;6427;1687;15003;12132
5409;34 jaar;Mannen;2003;104147;28928;20608;8320;6581;1739;16515;12413
5410;34 jaar;Mannen;2004;109022;30188;21300;8888;6951;1937;17215;12973
5411;34 jaar;Mannen;2005;104996;30404;21667;8737;6640;2097;17759;12645
5412;34 jaar;Mannen;2006;99982;29870;21294;8576;6302;2274;17537;12333
5413;34 jaar;Mannen;2007;93625;29710;21232;8478;6076;2402;17601;12109
5414;34 jaar;Mannen;2008;85619;28641;20799;7842;5338;2504;17199;11442
5415;34 jaar;Mannen;2009;81645;29044;20980;8064;5251;2813;17671;11373
5416;34 jaar;Mannen;2010;77497;28877;20415;8462;5230;3232;17424;11453
5417;34 jaar;Mannen;2011;76939;29238;20131;9107;5298;3809;17608;11630
5418;34 jaar;Mannen;2012;74584;30047;20534;9513;5271;4242;18532;11515
5419;34 jaar;Mannen;2013;74855;31055;20689;10366;5513;4853;19219;11836
5420;34 jaar;Mannen;2014;73732;31965;20808;11157;5634;5523;20022;11943
5421;34 jaar;Mannen;2015;75835;33280;20828;12452;5997;6455;20995;12285
5422;34 jaar;Mannen;2016;73592;34241;21212;13029;6014;7015;22004;12237
5423;34 jaar;Mannen;2017;71507;34291;21534;12757;5820;6937;22330;11961
5424;34 jaar;Mannen;2018;70687;34298;21530;12768;5756;7012;22488;11810
5425;34 jaar;Mannen;2019;72529;34792;21619;13173;5986;7187;22884;11908
5426;34 jaar;Mannen;2020;73736;34961;21620;13341;6079;7262;23086;11875
5427;34 jaar;Mannen;2021;75706;35531;21630;13901;6326;7575;23551;11980
5428;34 jaar;Mannen;2022;76914;35959;21624;14335;6298;8037;24014;11945
5429;34 jaar;Mannen;2023;75613;36823;21639;15184;6382;8802;24952;11871
5430;34 jaar;Mannen;2024;75840;37441;21705;15736;6503;9233;25528;11913
5431;34 jaar;Mannen;2025;79403;38341;21665;16676;6930;9746;26322;12019
5432;34 jaar;Mannen;2026;78828;38744;21556;17188;7127;10061;26618;12126
5433;34 jaar;Mannen;2027;77651;39266;21660;17606;7086;10520;27328;11938
5434;34 jaar;Mannen;2028;76853;39240;21601;17639;7345;10294;27154;12086
5435;34 jaar;Mannen;2029;76834;40039;21615;18424;7399;11025;27898;12141
5436;34 jaar;Mannen;2030;74616;40096;21698;18398;7393;11005;27877;12219
5437;34 jaar;Mannen;2031;74298;40775;21856;18919;7474;11445;28432;12343
5438;34 jaar;Mannen;2032;73720;41683;21932;19751;7771;11980;29313;12370
5439;34 jaar;Mannen;2033;75942;42870;21973;20897;8251;12646;30202;12668
5440;34 jaar;Mannen;2034;76222;43605;21907;21698;8523;13175;30528;13077
5441;34 jaar;Mannen;2035;78504;43417;21903;21514;8413;13101;30343;13074
5442;34 jaar;Mannen;2036;77887;43977;21892;22085;8778;13307;30638;13339
5443;34 jaar;Mannen;2037;76702;44493;21879;22614;9137;13477;30882;13611
5444;34 jaar;Mannen;2038;75093;44954;21873;23081;9483;13598;31074;13880
5445;34 jaar;Mannen;2039;73443;45383;21872;23511;9817;13694;31240;14143
5446;34 jaar;Mannen;2040;71764;45801;21871;23930;10137;13793;31409;14392
5447;34 jaar;Mannen;2041;70189;46167;21871;24296;10439;13857;31539;14628
5448;34 jaar;Mannen;2042;68778;46482;21873;24609;10718;13891;31631;14851
5449;34 jaar;Mannen;2043;67628;46757;21881;24876;10976;13900;31699;15058
5450;34 jaar;Mannen;2044;66651;46985;21884;25101;11215;13886;31740;15245
5451;34 jaar;Mannen;2045;65996;47174;21893;25281;11430;13851;31762;15412
5452;34 jaar;Mannen;2046;65620;47326;21897;25429;11626;13803;31769;15557
5453;34 jaar;Mannen;2047;65444;47446;21902;25544;11797;13747;31772;15674
5454;34 jaar;Mannen;2048;65479;47536;21906;25630;11950;13680;31765;15771
5455;34 jaar;Mannen;2049;65674;47595;21907;25688;12080;13608;31750;15845
5456;34 jaar;Mannen;2050;65983;47634;21912;25722;12192;13530;31731;15903
5457;34 jaar;Vrouwen;2000;103877;25409;17543;7866;6150;1716;12840;12569
5458;34 jaar;Vrouwen;2001;101797;25688;17811;7877;6246;1631;13260;12428
5459;34 jaar;Vrouwen;2002;101251;25960;17993;7967;6289;1678;12995;12965
5460;34 jaar;Vrouwen;2003;101101;27745;19689;8056;6297;1759;14844;12901
5461;34 jaar;Vrouwen;2004;105323;29294;20697;8597;6803;1794;15752;13542
5462;34 jaar;Vrouwen;2005;102003;29967;21703;8264;6278;1986;16737;13230
5463;34 jaar;Vrouwen;2006;96811;30145;21974;8171;6056;2115;17061;13084
5464;34 jaar;Vrouwen;2007;91652;30543;22425;8118;5759;2359;17635;12908
5465;34 jaar;Vrouwen;2008;83349;30026;22391;7635;5217;2418;17500;12526
5466;34 jaar;Vrouwen;2009;79121;30416;22626;7790;5184;2606;17833;12583
5467;34 jaar;Vrouwen;2010;75451;30136;22037;8099;4976;3123;17655;12481
5468;34 jaar;Vrouwen;2011;74273;30293;21699;8594;4994;3600;17633;12660
5469;34 jaar;Vrouwen;2012;72480;31833;22634;9199;5041;4158;19039;12794
5470;34 jaar;Vrouwen;2013;72895;32704;22646;10058;5317;4741;19646;13058
5471;34 jaar;Vrouwen;2014;72391;33327;22760;10567;5338;5229;20226;13101
5472;34 jaar;Vrouwen;2015;73937;34647;22650;11997;5739;6258;21203;13444
5473;34 jaar;Vrouwen;2016;72624;35012;22572;12440;5706;6734;21718;13294
5474;34 jaar;Vrouwen;2017;69858;35002;22853;12149;5593;6556;21891;13111
5475;34 jaar;Vrouwen;2018;69102;35373;22982;12391;5540;6851;22327;13046
5476;34 jaar;Vrouwen;2019;70691;35771;23193;12578;5737;6841;22763;13008
5477;34 jaar;Vrouwen;2020;72536;36040;23261;12779;5652;7127;23037;13003
5478;34 jaar;Vrouwen;2021;74976;36547;23086;13461;6065;7396;23427;13120
5479;34 jaar;Vrouwen;2022;74672;36991;23090;13901;6046;7855;24036;12955
5480;34 jaar;Vrouwen;2023;74008;37822;23116;14706;6308;8398;24658;13164
5481;34 jaar;Vrouwen;2024;74967;38106;23088;15018;6235;8783;25196;12910
5482;34 jaar;Vrouwen;2025;77045;39275;23019;16256;6713;9543;26190;13085
5483;34 jaar;Vrouwen;2026;77389;39431;22995;16436;6826;9610;26351;13080
5484;34 jaar;Vrouwen;2027;75819;39804;22977;16827;6952;9875;26727;13077
5485;34 jaar;Vrouwen;2028;75445;39889;22946;16943;6914;10029;27001;12888
5486;34 jaar;Vrouwen;2029;75152;40588;22983;17605;7017;10588;27581;13007
5487;34 jaar;Vrouwen;2030;73136;40625;23013;17612;7105;10507;27601;13024
5488;34 jaar;Vrouwen;2031;72152;41071;23212;17859;7052;10807;28128;12943
5489;34 jaar;Vrouwen;2032;72670;42250;23372;18878;7393;11485;29165;13085
5490;34 jaar;Vrouwen;2033;74345;43365;23417;19948;7866;12082;30037;13328
5491;34 jaar;Vrouwen;2034;74310;43906;23267;20639;8088;12551;30295;13611
5492;34 jaar;Vrouwen;2035;76799;43839;23267;20572;8046;12526;30063;13776
5493;34 jaar;Vrouwen;2036;76218;44376;23257;21119;8394;12725;30356;14020
5494;34 jaar;Vrouwen;2037;75076;44876;23254;21622;8736;12886;30605;14271
5495;34 jaar;Vrouwen;2038;73509;45317;23250;22067;9067;13000;30796;14521
5496;34 jaar;Vrouwen;2039;71914;45722;23245;22477;9385;13092;30957;14765
5497;34 jaar;Vrouwen;2040;70279;46119;23245;22874;9693;13181;31121;14998
5498;34 jaar;Vrouwen;2041;68757;46467;23246;23221;9977;13244;31247;15220
5499;34 jaar;Vrouwen;2042;67387;46764;23246;23518;10245;13273;31340;15424
5500;34 jaar;Vrouwen;2043;66280;47023;23252;23771;10490;13281;31408;15615
5501;34 jaar;Vrouwen;2044;65332;47243;23255;23988;10722;13266;31451;15792
5502;34 jaar;Vrouwen;2045;64695;47415;23258;24157;10922;13235;31469;15946
5503;34 jaar;Vrouwen;2046;64325;47558;23264;24294;11108;13186;31480;16078
5504;34 jaar;Vrouwen;2047;64153;47676;23272;24404;11271;13133;31486;16190
5505;34 jaar;Vrouwen;2048;64193;47759;23276;24483;11412;13071;31481;16278
5506;34 jaar;Vrouwen;2049;64384;47819;23278;24541;11538;13003;31471;16348
5507;34 jaar;Vrouwen;2050;64687;47851;23279;24572;11647;12925;31451;16400
5508;35 jaar;Totaal mannen en vrouwen;2000;217240;53516;37524;15992;12373;3619;28569;24947
5509;35 jaar;Totaal mannen en vrouwen;2001;211720;53898;37980;15918;12473;3445;28923;24975
5510;35 jaar;Totaal mannen en vrouwen;2002;206859;54333;38400;15933;12602;3331;29597;24736
5511;35 jaar;Totaal mannen en vrouwen;2003;206034;53782;37715;16067;12705;3362;28444;25338
5512;35 jaar;Totaal mannen en vrouwen;2004;204933;57309;40946;16363;12867;3496;31746;25563
5513;35 jaar;Totaal mannen en vrouwen;2005;213984;60091;42623;17468;13740;3728;33346;26745
5514;35 jaar;Totaal mannen en vrouwen;2006;206670;60948;43964;16984;12906;4078;34848;26100
5515;35 jaar;Totaal mannen en vrouwen;2007;196511;60601;43869;16732;12351;4381;34969;25632
5516;35 jaar;Totaal mannen en vrouwen;2008;185037;60815;44232;16583;11828;4755;35590;25225
5517;35 jaar;Totaal mannen en vrouwen;2009;168809;59235;43771;15464;10547;4917;35067;24168
5518;35 jaar;Totaal mannen en vrouwen;2010;160635;59996;44156;15840;10428;5412;35862;24134
5519;35 jaar;Totaal mannen en vrouwen;2011;152850;59557;43006;16551;10202;6349;35458;24099
5520;35 jaar;Totaal mannen en vrouwen;2012;151118;60058;42370;17688;10284;7404;35625;24433
5521;35 jaar;Totaal mannen en vrouwen;2013;146988;62371;43673;18698;10304;8394;37938;24433
5522;35 jaar;Totaal mannen en vrouwen;2014;147663;64225;43817;20408;10821;9587;39222;25003
5523;35 jaar;Totaal mannen en vrouwen;2015;146041;65737;44029;21708;10962;10746;40602;25135
5524;35 jaar;Totaal mannen en vrouwen;2016;149658;68345;43916;24429;11727;12702;42540;25805
5525;35 jaar;Totaal mannen en vrouwen;2017;146110;69653;44202;25451;11710;13741;44059;25594
5526;35 jaar;Totaal mannen en vrouwen;2018;141288;69668;44776;24892;11406;13486;44546;25122
5527;35 jaar;Totaal mannen en vrouwen;2019;139715;70043;44901;25142;11288;13854;45140;24903
5528;35 jaar;Totaal mannen en vrouwen;2020;143135;70923;45191;25732;11715;14017;45973;24950
5529;35 jaar;Totaal mannen en vrouwen;2021;146167;71364;45259;26105;11726;14379;46457;24907
5530;35 jaar;Totaal mannen en vrouwen;2022;150552;72438;45095;27343;12383;14960;47313;25125
5531;35 jaar;Totaal mannen en vrouwen;2023;151450;73315;45095;28220;12338;15882;48388;24927
5532;35 jaar;Totaal mannen en vrouwen;2024;149493;75003;45132;29871;12683;17188;49946;25057
5533;35 jaar;Totaal mannen en vrouwen;2025;150672;75898;45167;30731;12730;18001;51056;24842
5534;35 jaar;Totaal mannen en vrouwen;2026;156276;77969;45059;32910;13634;19276;52850;25119
5535;35 jaar;Totaal mannen en vrouwen;2027;156042;78533;44931;33602;13943;19659;53309;25224
5536;35 jaar;Totaal mannen en vrouwen;2028;153306;79421;45011;34410;14028;20382;54387;25034
5537;35 jaar;Totaal mannen en vrouwen;2029;152134;79490;44929;34561;14249;20312;54497;24993
5538;35 jaar;Totaal mannen en vrouwen;2030;151823;80980;44975;36005;14407;21598;55815;25165
5539;35 jaar;Totaal mannen en vrouwen;2031;147610;81077;45088;35989;14492;21497;55817;25260
5540;35 jaar;Totaal mannen en vrouwen;2032;146309;82192;45438;36754;14514;22240;56893;25299
5541;35 jaar;Totaal mannen en vrouwen;2033;146244;84275;45670;38605;15154;23451;58808;25467
5542;35 jaar;Totaal mannen en vrouwen;2034;150118;86571;45753;40818;16103;24715;60566;26005
5543;35 jaar;Totaal mannen en vrouwen;2035;150355;87854;45544;42310;16598;25712;61156;26698
5544;35 jaar;Totaal mannen en vrouwen;2036;155107;87600;45540;42060;16450;25610;60739;26861
5545;35 jaar;Totaal mannen en vrouwen;2037;153913;88701;45522;43179;17161;26018;61333;27368
5546;35 jaar;Totaal mannen en vrouwen;2038;151586;89721;45512;44209;17860;26349;61830;27891
5547;35 jaar;Totaal mannen en vrouwen;2039;148424;90620;45500;45120;18535;26585;62209;28411
5548;35 jaar;Totaal mannen en vrouwen;2040;145190;91455;45495;45960;19191;26769;62540;28915
5549;35 jaar;Totaal mannen en vrouwen;2041;141887;92272;45498;46774;19816;26958;62875;29397
5550;35 jaar;Totaal mannen en vrouwen;2042;138806;92988;45499;47489;20404;27085;63132;29856
5551;35 jaar;Totaal mannen en vrouwen;2043;136032;93601;45503;48098;20950;27148;63318;30283
5552;35 jaar;Totaal mannen en vrouwen;2044;133779;94142;45520;48622;21458;27164;63459;30683
5553;35 jaar;Totaal mannen en vrouwen;2045;131862;94586;45526;49060;21921;27139;63539;31047
5554;35 jaar;Totaal mannen en vrouwen;2046;130573;94949;45538;49411;22341;27070;63583;31366
5555;35 jaar;Totaal mannen en vrouwen;2047;129832;95242;45548;49694;22719;26975;63600;31642
5556;35 jaar;Totaal mannen en vrouwen;2048;129487;95475;45558;49917;23053;26864;63602;31873
5557;35 jaar;Totaal mannen en vrouwen;2049;129561;95650;45566;50084;23348;26736;63593;32057
5558;35 jaar;Totaal mannen en vrouwen;2050;129941;95774;45572;50202;23607;26595;63571;32203
5559;35 jaar;Mannen;2000;110538;27871;19696;8175;6349;1826;15656;12215
5560;35 jaar;Mannen;2001;107951;28071;20013;8058;6328;1730;15811;12260
5561;35 jaar;Mannen;2002;105160;28231;20168;8063;6361;1702;16079;12152
5562;35 jaar;Mannen;2003;104876;27446;19341;8105;6419;1686;15203;12243
5563;35 jaar;Mannen;2004;103928;29211;20898;8313;6575;1738;16685;12526
5564;35 jaar;Mannen;2005;108775;30463;21582;8881;6945;1936;17387;13076
5565;35 jaar;Mannen;2006;104772;30671;21943;8728;6634;2094;17920;12751
5566;35 jaar;Mannen;2007;99784;30155;21589;8566;6295;2271;17718;12437
5567;35 jaar;Mannen;2008;93455;29988;21518;8470;6070;2400;17780;12208
5568;35 jaar;Mannen;2009;85497;28928;21094;7834;5333;2501;17389;11539
5569;35 jaar;Mannen;2010;81540;29319;21265;8054;5243;2811;17859;11460
5570;35 jaar;Mannen;2011;77413;29161;20706;8455;5226;3229;17626;11535
5571;35 jaar;Mannen;2012;76858;29515;20417;9098;5292;3806;17812;11703
5572;35 jaar;Mannen;2013;74517;30312;20807;9505;5265;4240;18731;11581
5573;35 jaar;Mannen;2014;74776;31313;20957;10356;5506;4850;19419;11894
5574;35 jaar;Mannen;2015;73657;32214;21067;11147;5627;5520;20220;11994
5575;35 jaar;Mannen;2016;75745;33516;21076;12440;5991;6449;21188;12328
5576;35 jaar;Mannen;2017;73514;34462;21445;13017;6007;7010;22188;12274
5577;35 jaar;Mannen;2018;71441;34502;21754;12748;5816;6932;22508;11994
5578;35 jaar;Mannen;2019;70618;34516;21756;12760;5754;7006;22673;11843
5579;35 jaar;Mannen;2020;72456;35006;21845;13161;5978;7183;23072;11934
5580;35 jaar;Mannen;2021;73658;35176;21846;13330;6072;7258;23281;11895
5581;35 jaar;Mannen;2022;75612;35748;21857;13891;6321;7570;23748;12000
5582;35 jaar;Mannen;2023;76812;36175;21850;14325;6294;8031;24210;11965
5583;35 jaar;Mannen;2024;75514;37039;21866;15173;6377;8796;25151;11888
5584;35 jaar;Mannen;2025;75740;37652;21929;15723;6497;9226;25725;11927
5585;35 jaar;Mannen;2026;79281;38553;21889;16664;6926;9738;26522;12031
5586;35 jaar;Mannen;2027;78706;38956;21781;17175;7123;10052;26819;12137
5587;35 jaar;Mannen;2028;77534;39475;21882;17593;7080;10513;27526;11949
5588;35 jaar;Mannen;2029;76736;39456;21829;17627;7340;10287;27357;12099
5589;35 jaar;Mannen;2030;76716;40251;21841;18410;7393;11017;28099;12152
5590;35 jaar;Mannen;2031;74510;40309;21924;18385;7388;10997;28080;12229
5591;35 jaar;Mannen;2032;74191;40984;22078;18906;7469;11437;28632;12352
5592;35 jaar;Mannen;2033;73615;41889;22152;19737;7765;11972;29512;12377
5593;35 jaar;Mannen;2034;75819;43074;22192;20882;8245;12637;30401;12673
5594;35 jaar;Mannen;2035;76094;43812;22128;21684;8518;13166;30730;13082
5595;35 jaar;Mannen;2036;78364;43627;22127;21500;8410;13090;30546;13081
5596;35 jaar;Mannen;2037;77753;44185;22115;22070;8771;13299;30841;13344
5597;35 jaar;Mannen;2038;76570;44702;22106;22596;9127;13469;31088;13614
5598;35 jaar;Mannen;2039;74962;45166;22100;23066;9476;13590;31281;13885
5599;35 jaar;Mannen;2040;73323;45592;22098;23494;9808;13686;31446;14146
5600;35 jaar;Mannen;2041;71650;46011;22099;23912;10129;13783;31616;14395
5601;35 jaar;Mannen;2042;70082;46380;22100;24280;10433;13847;31747;14633
5602;35 jaar;Mannen;2043;68675;46697;22104;24593;10712;13881;31842;14855
5603;35 jaar;Mannen;2044;67533;46970;22110;24860;10971;13889;31909;15061
5604;35 jaar;Mannen;2045;66560;47197;22113;25084;11208;13876;31948;15249
5605;35 jaar;Mannen;2046;65906;47388;22122;25266;11423;13843;31971;15417
5606;35 jaar;Mannen;2047;65531;47539;22126;25413;11617;13796;31978;15561
5607;35 jaar;Mannen;2048;65353;47661;22132;25529;11790;13739;31981;15680
5608;35 jaar;Mannen;2049;65390;47749;22135;25614;11941;13673;31973;15776
5609;35 jaar;Mannen;2050;65583;47810;22137;25673;12071;13602;31961;15849
5610;35 jaar;Vrouwen;2000;106702;25645;17828;7817;6024;1793;12913;12732
5611;35 jaar;Vrouwen;2001;103770;25826;17965;7861;6146;1715;13111;12715
5612;35 jaar;Vrouwen;2002;101700;26101;18229;7872;6241;1631;13518;12583
5613;35 jaar;Vrouwen;2003;101156;26338;18376;7962;6285;1677;13242;13096
5614;35 jaar;Vrouwen;2004;101004;28099;20049;8050;6292;1758;15062;13037
5615;35 jaar;Vrouwen;2005;105206;29631;21040;8591;6798;1793;15962;13669
5616;35 jaar;Vrouwen;2006;101899;30276;22019;8257;6273;1984;16927;13349
5617;35 jaar;Vrouwen;2007;96725;30448;22281;8167;6053;2114;17253;13195
5618;35 jaar;Vrouwen;2008;91584;30825;22711;8114;5759;2355;17809;13016
5619;35 jaar;Vrouwen;2009;83313;30306;22675;7631;5214;2417;17677;12629
5620;35 jaar;Vrouwen;2010;79097;30675;22892;7783;5180;2603;18001;12674
5621;35 jaar;Vrouwen;2011;75442;30391;22297;8094;4972;3122;17828;12563
5622;35 jaar;Vrouwen;2012;74262;30541;21951;8590;4992;3598;17811;12730
5623;35 jaar;Vrouwen;2013;72473;32057;22865;9192;5037;4155;19206;12851
5624;35 jaar;Vrouwen;2014;72887;32913;22862;10051;5313;4738;19805;13108
5625;35 jaar;Vrouwen;2015;72380;33527;22964;10563;5336;5227;20384;13143
5626;35 jaar;Vrouwen;2016;73915;34827;22840;11987;5733;6254;21352;13475
5627;35 jaar;Vrouwen;2017;72601;35186;22754;12432;5701;6731;21870;13316
5628;35 jaar;Vrouwen;2018;69848;35165;23022;12143;5590;6553;22036;13129
5629;35 jaar;Vrouwen;2019;69096;35527;23144;12383;5536;6847;22467;13060
5630;35 jaar;Vrouwen;2020;70674;35922;23350;12572;5734;6838;22903;13019
5631;35 jaar;Vrouwen;2021;72513;36184;23411;12773;5651;7122;23174;13010
5632;35 jaar;Vrouwen;2022;74940;36690;23239;13451;6059;7392;23565;13125
5633;35 jaar;Vrouwen;2023;74638;37140;23245;13895;6045;7850;24178;12962
5634;35 jaar;Vrouwen;2024;73978;37965;23267;14698;6304;8394;24796;13169
5635;35 jaar;Vrouwen;2025;74933;38246;23239;15007;6231;8776;25331;12915
5636;35 jaar;Vrouwen;2026;76995;39415;23170;16245;6708;9537;26327;13088
5637;35 jaar;Vrouwen;2027;77341;39572;23147;16425;6819;9606;26488;13084
5638;35 jaar;Vrouwen;2028;75775;39944;23127;16817;6948;9869;26861;13083
5639;35 jaar;Vrouwen;2029;75398;40034;23100;16934;6908;10026;27140;12894
5640;35 jaar;Vrouwen;2030;75106;40730;23135;17595;7013;10582;27717;13013
5641;35 jaar;Vrouwen;2031;73099;40768;23166;17602;7101;10501;27739;13029
5642;35 jaar;Vrouwen;2032;72119;41207;23360;17847;7048;10799;28259;12948
5643;35 jaar;Vrouwen;2033;72628;42388;23518;18870;7391;11479;29298;13090
5644;35 jaar;Vrouwen;2034;74294;43503;23564;19939;7861;12078;30170;13333
5645;35 jaar;Vrouwen;2035;74262;44041;23414;20627;8082;12545;30427;13614
5646;35 jaar;Vrouwen;2036;76741;43975;23414;20561;8043;12518;30195;13780
5647;35 jaar;Vrouwen;2037;76159;44517;23408;21109;8390;12719;30493;14024
5648;35 jaar;Vrouwen;2038;75019;45016;23405;21611;8731;12880;30740;14276
5649;35 jaar;Vrouwen;2039;73460;45455;23400;22055;9060;12995;30930;14525
5650;35 jaar;Vrouwen;2040;71869;45861;23398;22463;9379;13084;31093;14768
5651;35 jaar;Vrouwen;2041;70240;46258;23398;22860;9685;13175;31257;15001
5652;35 jaar;Vrouwen;2042;68721;46611;23400;23211;9974;13237;31387;15224
5653;35 jaar;Vrouwen;2043;67352;46909;23402;23507;10239;13268;31479;15430
5654;35 jaar;Vrouwen;2044;66250;47168;23407;23761;10485;13276;31547;15621
5655;35 jaar;Vrouwen;2045;65304;47387;23412;23975;10715;13260;31589;15798
5656;35 jaar;Vrouwen;2046;64670;47558;23414;24144;10917;13227;31609;15949
5657;35 jaar;Vrouwen;2047;64301;47703;23421;24282;11100;13182;31620;16083
5658;35 jaar;Vrouwen;2048;64132;47816;23428;24388;11262;13126;31622;16194
5659;35 jaar;Vrouwen;2049;64169;47903;23431;24472;11407;13065;31621;16282
5660;35 jaar;Vrouwen;2050;64358;47964;23434;24530;11536;12994;31611;16353
5661;36 jaar;Totaal mannen en vrouwen;2000;216521;50391;35072;15319;11741;3578;26381;24010
5662;36 jaar;Totaal mannen en vrouwen;2001;216859;54054;38077;15977;12361;3616;28919;25135
5663;36 jaar;Totaal mannen en vrouwen;2002;211375;54428;38523;15905;12464;3441;29258;25170
5664;36 jaar;Totaal mannen en vrouwen;2003;206531;54877;38957;15920;12592;3328;29936;24941
5665;36 jaar;Totaal mannen en vrouwen;2004;205714;54305;38253;16052;12693;3359;28790;25515
5666;36 jaar;Totaal mannen en vrouwen;2005;204612;57782;41432;16350;12857;3493;32040;25742
5667;36 jaar;Totaal mannen en vrouwen;2006;213614;60535;43079;17456;13732;3724;33630;26905
5668;36 jaar;Totaal mannen en vrouwen;2007;206336;61358;44387;16971;12896;4075;35105;26253
5669;36 jaar;Totaal mannen en vrouwen;2008;196216;61022;44302;16720;12341;4379;35247;25775
5670;36 jaar;Totaal mannen en vrouwen;2009;184793;61208;44638;16570;11818;4752;35848;25360
5671;36 jaar;Totaal mannen en vrouwen;2010;168643;59635;44183;15452;10540;4912;35343;24292
5672;36 jaar;Totaal mannen en vrouwen;2011;160495;60371;44545;15826;10417;5409;36134;24237
5673;36 jaar;Totaal mannen en vrouwen;2012;152747;59928;43392;16536;10191;6345;35744;24184
5674;36 jaar;Totaal mannen en vrouwen;2013;151014;60419;42746;17673;10274;7399;35920;24499
5675;36 jaar;Totaal mannen en vrouwen;2014;146893;62703;44019;18684;10296;8388;38217;24486
5676;36 jaar;Totaal mannen en vrouwen;2015;147559;64537;44142;20395;10816;9579;39497;25040
5677;36 jaar;Totaal mannen en vrouwen;2016;145941;66029;44337;21692;10955;10737;40871;25158
5678;36 jaar;Totaal mannen en vrouwen;2017;149531;68615;44204;24411;11719;12692;42803;25812
5679;36 jaar;Totaal mannen en vrouwen;2018;145998;69899;44467;25432;11701;13731;44309;25590
5680;36 jaar;Totaal mannen en vrouwen;2019;141195;69890;45017;24873;11398;13475;44783;25107
5681;36 jaar;Totaal mannen en vrouwen;2020;139631;70263;45139;25124;11281;13843;45381;24882
5682;36 jaar;Totaal mannen en vrouwen;2021;143030;71144;45430;25714;11708;14006;46218;24926
5683;36 jaar;Totaal mannen en vrouwen;2022;146049;71579;45494;26085;11715;14370;46701;24878
5684;36 jaar;Totaal mannen en vrouwen;2023;150411;72656;45332;27324;12373;14951;47562;25094
5685;36 jaar;Totaal mannen en vrouwen;2024;151303;73532;45333;28199;12328;15871;48638;24894
5686;36 jaar;Totaal mannen en vrouwen;2025;149353;75217;45365;29852;12674;17178;50194;25023
5687;36 jaar;Totaal mannen en vrouwen;2026;150524;76110;45400;30710;12721;17989;51302;24808
5688;36 jaar;Totaal mannen en vrouwen;2027;156092;78176;45290;32886;13624;19262;53096;25080
5689;36 jaar;Totaal mannen en vrouwen;2028;155858;78744;45166;33578;13933;19645;53560;25184
5690;36 jaar;Totaal mannen en vrouwen;2029;153133;79632;45244;34388;14021;20367;54636;24996
5691;36 jaar;Totaal mannen en vrouwen;2030;151966;79701;45164;34537;14237;20300;54746;24955
5692;36 jaar;Totaal mannen en vrouwen;2031;151646;81195;45213;35982;14396;21586;56067;25128
5693;36 jaar;Totaal mannen en vrouwen;2032;147453;81291;45327;35964;14480;21484;56070;25221
5694;36 jaar;Totaal mannen en vrouwen;2033;146154;82397;45667;36730;14507;22223;57140;25257
5695;36 jaar;Totaal mannen en vrouwen;2034;146085;84476;45894;38582;15145;23437;59050;25426
5696;36 jaar;Totaal mannen en vrouwen;2035;149935;86770;45975;40795;16099;24696;60807;25963
5697;36 jaar;Totaal mannen en vrouwen;2036;150170;88056;45772;42284;16588;25696;61404;26652
5698;36 jaar;Totaal mannen en vrouwen;2037;154902;87806;45771;42035;16440;25595;60990;26816
5699;36 jaar;Totaal mannen en vrouwen;2038;153708;88905;45753;43152;17151;26001;61582;27323
5700;36 jaar;Totaal mannen en vrouwen;2039;151386;89928;45747;44181;17849;26332;62082;27846
5701;36 jaar;Totaal mannen en vrouwen;2040;148237;90826;45735;45091;18525;26566;62462;28364
5702;36 jaar;Totaal mannen en vrouwen;2041;145015;91659;45730;45929;19178;26751;62790;28869
5703;36 jaar;Totaal mannen en vrouwen;2042;141723;92481;45735;46746;19804;26942;63130;29351
5704;36 jaar;Totaal mannen en vrouwen;2043;138648;93200;45739;47461;20394;27067;63388;29812
5705;36 jaar;Totaal mannen en vrouwen;2044;135886;93815;45745;48070;20939;27131;63577;30238
5706;36 jaar;Totaal mannen en vrouwen;2045;133641;94352;45759;48593;21445;27148;63715;30637
5707;36 jaar;Totaal mannen en vrouwen;2046;131731;94799;45769;49030;21909;27121;63798;31001
5708;36 jaar;Totaal mannen en vrouwen;2047;130451;95159;45780;49379;22325;27054;63840;31319
5709;36 jaar;Totaal mannen en vrouwen;2048;129711;95454;45790;49664;22704;26960;63857;31597
5710;36 jaar;Totaal mannen en vrouwen;2049;129366;95688;45801;49887;23040;26847;63863;31825
5711;36 jaar;Totaal mannen en vrouwen;2050;129439;95862;45807;50055;23334;26721;63851;32011
5712;36 jaar;Mannen;2000;110249;26119;18306;7813;5926;1887;14386;11733
5713;36 jaar;Mannen;2001;110287;28084;19916;8168;6344;1824;15783;12301
5714;36 jaar;Mannen;2002;107719;28279;20231;8048;6320;1728;15934;12345
5715;36 jaar;Mannen;2003;104939;28448;20394;8054;6355;1699;16206;12242
5716;36 jaar;Mannen;2004;104661;27678;19579;8099;6415;1684;15350;12328
5717;36 jaar;Mannen;2005;103716;29412;21107;8305;6568;1737;16803;12609
5718;36 jaar;Mannen;2006;108531;30657;21785;8872;6940;1932;17505;13152
5719;36 jaar;Mannen;2007;104548;30858;22139;8719;6626;2093;18032;12826
5720;36 jaar;Mannen;2008;99585;30363;21803;8560;6291;2269;17853;12510
5721;36 jaar;Mannen;2009;93286;30189;21725;8464;6066;2398;17911;12278
5722;36 jaar;Mannen;2010;85373;29140;21312;7828;5329;2499;17535;11605
5723;36 jaar;Mannen;2011;81433;29521;21473;8048;5239;2809;18002;11519
5724;36 jaar;Mannen;2012;77327;29367;20919;8448;5223;3225;17783;11584
5725;36 jaar;Mannen;2013;76773;29716;20626;9090;5286;3804;17973;11743
5726;36 jaar;Mannen;2014;74441;30504;21007;9497;5261;4236;18885;11619
5727;36 jaar;Mannen;2015;74698;31490;21142;10348;5503;4845;19570;11920
5728;36 jaar;Mannen;2016;73584;32387;21249;11138;5622;5516;20370;12017
5729;36 jaar;Mannen;2017;75649;33684;21253;12431;5989;6442;21341;12343
5730;36 jaar;Mannen;2018;73433;34613;21606;13007;6002;7005;22328;12285
5731;36 jaar;Mannen;2019;71369;34642;21905;12737;5810;6927;22643;11999
5732;36 jaar;Mannen;2020;70550;34659;21910;12749;5750;6999;22814;11845
5733;36 jaar;Mannen;2021;72378;35154;22002;13152;5975;7177;23219;11935
5734;36 jaar;Mannen;2022;73572;35326;22006;13320;6069;7251;23430;11896
5735;36 jaar;Mannen;2023;75514;35896;22015;13881;6316;7565;23898;11998
5736;36 jaar;Mannen;2024;76706;36325;22009;14316;6290;8026;24365;11960
5737;36 jaar;Mannen;2025;75419;37181;22019;15162;6373;8789;25300;11881
5738;36 jaar;Mannen;2026;75640;37794;22080;15714;6495;9219;25873;11921
5739;36 jaar;Mannen;2027;79153;38697;22044;16653;6924;9729;26674;12023
5740;36 jaar;Mannen;2028;78580;39102;21939;17163;7117;10046;26973;12129
5741;36 jaar;Mannen;2029;77414;39619;22036;17583;7079;10504;27677;11942
5742;36 jaar;Mannen;2030;76623;39597;21983;17614;7332;10282;27508;12089
5743;36 jaar;Mannen;2031;76599;40393;21997;18396;7388;11008;28251;12142
5744;36 jaar;Mannen;2032;74405;40451;22078;18373;7383;10990;28234;12217
5745;36 jaar;Mannen;2033;74087;41120;22229;18891;7462;11429;28782;12338
5746;36 jaar;Mannen;2034;73508;42026;22302;19724;7760;11964;29664;12362
5747;36 jaar;Mannen;2035;75699;43208;22340;20868;8241;12627;30550;12658
5748;36 jaar;Mannen;2036;75969;43949;22280;21669;8512;13157;30883;13066
5749;36 jaar;Mannen;2037;78232;43760;22277;21483;8401;13082;30698;13062
5750;36 jaar;Mannen;2038;77616;44324;22269;22055;8763;13292;30997;13327
5751;36 jaar;Mannen;2039;76434;44846;22262;22584;9124;13460;31246;13600
5752;36 jaar;Mannen;2040;74838;45304;22255;23049;9467;13582;31437;13867
5753;36 jaar;Mannen;2041;73201;45734;22255;23479;9803;13676;31605;14129
5754;36 jaar;Mannen;2042;71535;46153;22256;23897;10123;13774;31773;14380
5755;36 jaar;Mannen;2043;69973;46522;22257;24265;10426;13839;31907;14615
5756;36 jaar;Mannen;2044;68575;46837;22260;24577;10705;13872;31999;14838
5757;36 jaar;Mannen;2045;67433;47113;22269;24844;10963;13881;32068;15045
5758;36 jaar;Mannen;2046;66465;47341;22272;25069;11202;13867;32109;15232
5759;36 jaar;Mannen;2047;65815;47530;22280;25250;11416;13834;32131;15399
5760;36 jaar;Mannen;2048;65438;47685;22287;25398;11611;13787;32142;15543
5761;36 jaar;Mannen;2049;65264;47804;22290;25514;11785;13729;32143;15661
5762;36 jaar;Mannen;2050;65302;47890;22292;25598;11935;13663;32133;15757
5763;36 jaar;Vrouwen;2000;106272;24272;16766;7506;5815;1691;11995;12277
5764;36 jaar;Vrouwen;2001;106570;25972;18160;7812;6020;1792;13137;12835
5765;36 jaar;Vrouwen;2002;103658;26147;18291;7856;6142;1714;13324;12823
5766;36 jaar;Vrouwen;2003;101591;26430;18564;7866;6236;1630;13730;12700
5767;36 jaar;Vrouwen;2004;101054;26626;18672;7954;6279;1675;13441;13185
5768;36 jaar;Vrouwen;2005;100898;28369;20323;8046;6290;1756;15237;13132
5769;36 jaar;Vrouwen;2006;105082;29878;21294;8584;6791;1793;16124;13754
5770;36 jaar;Vrouwen;2007;101790;30498;22245;8253;6269;1984;17073;13425
5771;36 jaar;Vrouwen;2008;96630;30660;22500;8160;6047;2113;17395;13265
5772;36 jaar;Vrouwen;2009;91504;31022;22914;8108;5753;2355;17939;13083
5773;36 jaar;Vrouwen;2010;83267;30497;22873;7624;5211;2413;17809;12688
5774;36 jaar;Vrouwen;2011;79064;30848;23071;7777;5176;2601;18132;12716
5775;36 jaar;Vrouwen;2012;75419;30562;22473;8089;4968;3121;17961;12601
5776;36 jaar;Vrouwen;2013;74243;30702;22120;8582;4988;3594;17946;12756
5777;36 jaar;Vrouwen;2014;72451;32200;23013;9187;5036;4151;19333;12867
5778;36 jaar;Vrouwen;2015;72865;33043;22999;10044;5309;4735;19926;13117
5779;36 jaar;Vrouwen;2016;72356;33643;23089;10554;5330;5224;20502;13141
5780;36 jaar;Vrouwen;2017;73882;34931;22950;11981;5731;6250;21462;13469
5781;36 jaar;Vrouwen;2018;72565;35286;22861;12425;5699;6726;21981;13305
5782;36 jaar;Vrouwen;2019;69823;35251;23115;12136;5586;6550;22141;13110
5783;36 jaar;Vrouwen;2020;69077;35608;23232;12376;5533;6843;22572;13036
5784;36 jaar;Vrouwen;2021;70651;35991;23429;12562;5730;6832;23001;12990
5785;36 jaar;Vrouwen;2022;72476;36255;23489;12766;5647;7119;23273;12982
5786;36 jaar;Vrouwen;2023;74894;36762;23319;13443;6055;7388;23666;13096
5787;36 jaar;Vrouwen;2024;74595;37209;23324;13885;6039;7846;24275;12934
5788;36 jaar;Vrouwen;2025;73937;38033;23345;14688;6298;8390;24891;13142
5789;36 jaar;Vrouwen;2026;74886;38314;23316;14998;6226;8772;25429;12885
5790;36 jaar;Vrouwen;2027;76933;39485;23248;16237;6706;9531;26425;13060
5791;36 jaar;Vrouwen;2028;77278;39643;23227;16416;6816;9600;26587;13056
5792;36 jaar;Vrouwen;2029;75721;40011;23205;16806;6942;9864;26957;13054
5793;36 jaar;Vrouwen;2030;75341;40106;23181;16925;6907;10018;27238;12868
5794;36 jaar;Vrouwen;2031;75052;40797;23214;17583;7005;10578;27811;12986
5795;36 jaar;Vrouwen;2032;73049;40839;23247;17592;7098;10494;27836;13003
5796;36 jaar;Vrouwen;2033;72068;41276;23438;17838;7045;10793;28355;12921
5797;36 jaar;Vrouwen;2034;72579;42448;23590;18858;7387;11471;29386;13062
5798;36 jaar;Vrouwen;2035;74237;43561;23635;19926;7856;12070;30257;13304
5799;36 jaar;Vrouwen;2036;74200;44108;23492;20616;8077;12539;30521;13587
5800;36 jaar;Vrouwen;2037;76674;44042;23492;20550;8038;12512;30290;13752
5801;36 jaar;Vrouwen;2038;76091;44582;23485;21097;8386;12711;30586;13996
5802;36 jaar;Vrouwen;2039;74952;45082;23484;21598;8724;12874;30836;14246
5803;36 jaar;Vrouwen;2040;73400;45521;23479;22042;9056;12986;31023;14498
5804;36 jaar;Vrouwen;2041;71811;45928;23477;22451;9374;13077;31189;14739
5805;36 jaar;Vrouwen;2042;70187;46329;23482;22847;9678;13169;31355;14974
5806;36 jaar;Vrouwen;2043;68674;46678;23483;23195;9965;13230;31484;15194
5807;36 jaar;Vrouwen;2044;67311;46978;23485;23493;10235;13258;31579;15399
5808;36 jaar;Vrouwen;2045;66210;47237;23490;23747;10479;13268;31644;15593
5809;36 jaar;Vrouwen;2046;65271;47453;23493;23960;10708;13252;31687;15766
5810;36 jaar;Vrouwen;2047;64634;47631;23499;24132;10912;13220;31709;15922
5811;36 jaar;Vrouwen;2048;64269;47774;23506;24268;11094;13174;31719;16055
5812;36 jaar;Vrouwen;2049;64099;47886;23510;24376;11258;13118;31721;16165
5813;36 jaar;Vrouwen;2050;64135;47975;23517;24458;11403;13055;31721;16254
5814;37 jaar;Totaal mannen en vrouwen;2000;213088;49287;34400;14887;11397;3490;25886;23401
5815;37 jaar;Totaal mannen en vrouwen;2001;216121;50859;35554;15305;11730;3575;26691;24168
5816;37 jaar;Totaal mannen en vrouwen;2002;216461;54442;38479;15963;12350;3613;29168;25274
5817;37 jaar;Totaal mannen en vrouwen;2003;211015;54814;38925;15889;12451;3438;29505;25309
5818;37 jaar;Totaal mannen en vrouwen;2004;206188;55266;39362;15904;12579;3325;30182;25084
5819;37 jaar;Totaal mannen en vrouwen;2005;205377;54678;38640;16038;12681;3357;29047;25631
5820;37 jaar;Totaal mannen en vrouwen;2006;204277;58101;41766;16335;12846;3489;32245;25856
5821;37 jaar;Totaal mannen en vrouwen;2007;213235;60824;43386;17438;13716;3722;33824;27000
5822;37 jaar;Totaal mannen en vrouwen;2008;205982;61619;44662;16957;12886;4071;35278;26341
5823;37 jaar;Totaal mannen en vrouwen;2009;195905;61288;44584;16704;12329;4375;35435;25853
5824;37 jaar;Totaal mannen en vrouwen;2010;184528;61454;44898;16556;11808;4748;36025;25429
5825;37 jaar;Totaal mannen en vrouwen;2011;168445;59894;44455;15439;10531;4908;35539;24355
5826;37 jaar;Totaal mannen en vrouwen;2012;160330;60603;44790;15813;10409;5404;36326;24277
5827;37 jaar;Totaal mannen en vrouwen;2013;152616;60155;43631;16524;10184;6340;35951;24204
5828;37 jaar;Totaal mannen en vrouwen;2014;150885;60643;42984;17659;10266;7393;36138;24505
5829;37 jaar;Totaal mannen en vrouwen;2015;146780;62885;44219;18666;10286;8380;38413;24472
5830;37 jaar;Totaal mannen en vrouwen;2016;147432;64703;44325;20378;10807;9571;39691;25012
5831;37 jaar;Totaal mannen en vrouwen;2017;145822;66179;44505;21674;10944;10730;41061;25118
5832;37 jaar;Totaal mannen en vrouwen;2018;149382;68745;44353;24392;11709;12683;42984;25761
5833;37 jaar;Totaal mannen en vrouwen;2019;145863;70011;44599;25412;11692;13720;44482;25529
5834;37 jaar;Totaal mannen en vrouwen;2020;141078;69982;45129;24853;11389;13464;44944;25038
5835;37 jaar;Totaal mannen en vrouwen;2021;139523;70356;45252;25104;11271;13833;45549;24807
5836;37 jaar;Totaal mannen en vrouwen;2022;142904;71230;45538;25692;11696;13996;46382;24848
5837;37 jaar;Totaal mannen en vrouwen;2023;145909;71667;45602;26065;11708;14357;46869;24798
5838;37 jaar;Totaal mannen en vrouwen;2024;150244;72745;45441;27304;12366;14938;47731;25014
5839;37 jaar;Totaal mannen en vrouwen;2025;151137;73619;45441;28178;12319;15859;48807;24812
5840;37 jaar;Totaal mannen en vrouwen;2026;149192;75300;45472;29828;12663;17165;50361;24939
5841;37 jaar;Totaal mannen en vrouwen;2027;150353;76190;45503;30687;12712;17975;51468;24722
5842;37 jaar;Totaal mannen en vrouwen;2028;155884;78258;45394;32864;13615;19249;53264;24994
5843;37 jaar;Totaal mannen en vrouwen;2029;155656;78824;45272;33552;13921;19631;53729;25095
5844;37 jaar;Totaal mannen en vrouwen;2030;152937;79713;45350;34363;14010;20353;54803;24910
5845;37 jaar;Totaal mannen en vrouwen;2031;151779;79784;45272;34512;14227;20285;54916;24868
5846;37 jaar;Totaal mannen en vrouwen;2032;151457;81277;45320;35957;14388;21569;56234;25043
5847;37 jaar;Totaal mannen en vrouwen;2033;147279;81370;45433;35937;14470;21467;56237;25133
5848;37 jaar;Totaal mannen en vrouwen;2034;145988;82468;45765;36703;14494;22209;57301;25167
5849;37 jaar;Totaal mannen en vrouwen;2035;145911;84543;45989;38554;15136;23418;59209;25334
5850;37 jaar;Totaal mannen en vrouwen;2036;149742;86831;46066;40765;16086;24679;60963;25868
5851;37 jaar;Totaal mannen en vrouwen;2037;149967;88125;45871;42254;16578;25676;61567;26558
5852;37 jaar;Totaal mannen en vrouwen;2038;154679;87877;45871;42006;16431;25575;61155;26722
5853;37 jaar;Totaal mannen en vrouwen;2039;153489;88979;45856;43123;17139;25984;61749;27230
5854;37 jaar;Totaal mannen en vrouwen;2040;151173;90000;45850;44150;17835;26315;62249;27751
5855;37 jaar;Totaal mannen en vrouwen;2041;148036;90900;45840;45060;18511;26549;62630;28270
5856;37 jaar;Totaal mannen en vrouwen;2042;144822;91735;45838;45897;19163;26734;62962;28773
5857;37 jaar;Totaal mannen en vrouwen;2043;141540;92557;45845;46712;19788;26924;63299;29258
5858;37 jaar;Totaal mannen en vrouwen;2044;138474;93280;45850;47430;20381;27049;63563;29717
5859;37 jaar;Totaal mannen en vrouwen;2045;135724;93892;45854;48038;20925;27113;63749;30143
5860;37 jaar;Totaal mannen en vrouwen;2046;133485;94428;45869;48559;21429;27130;63887;30541
5861;37 jaar;Totaal mannen en vrouwen;2047;131585;94873;45877;48996;21894;27102;63970;30903
5862;37 jaar;Totaal mannen en vrouwen;2048;130306;95237;45890;49347;22313;27034;64013;31224
5863;37 jaar;Totaal mannen en vrouwen;2049;129565;95534;45901;49633;22690;26943;64031;31503
5864;37 jaar;Totaal mannen en vrouwen;2050;129222;95770;45914;49856;23024;26832;64037;31733
5865;37 jaar;Mannen;2000;108107;25282;17781;7501;5745;1756;13928;11354
5866;37 jaar;Mannen;2001;109995;26305;18500;7805;5920;1885;14495;11810
5867;37 jaar;Mannen;2002;110036;28225;20068;8157;6334;1823;15859;12366
5868;37 jaar;Mannen;2003;107481;28426;20386;8040;6314;1726;16017;12409
5869;37 jaar;Mannen;2004;104715;28593;20547;8046;6349;1697;16286;12307
5870;37 jaar;Mannen;2005;104440;27843;19753;8090;6407;1683;15451;12392
5871;37 jaar;Mannen;2006;103497;29548;21251;8297;6562;1735;16880;12668
5872;37 jaar;Mannen;2007;108288;30778;21915;8863;6932;1931;17580;13198
5873;37 jaar;Mannen;2008;104322;30974;22265;8709;6617;2092;18100;12874
5874;37 jaar;Mannen;2009;99385;30494;21943;8551;6283;2268;17939;12555
5875;37 jaar;Mannen;2010;93114;30316;21861;8455;6060;2395;17998;12318
5876;37 jaar;Mannen;2011;85244;29278;21459;7819;5322;2497;17633;11645
5877;37 jaar;Mannen;2012;81320;29655;21613;8042;5235;2807;18102;11553
5878;37 jaar;Mannen;2013;77237;29499;21058;8441;5218;3223;17894;11605
5879;37 jaar;Mannen;2014;76682;29850;20768;9082;5283;3799;18091;11759
5880;37 jaar;Mannen;2015;74362;30624;21136;9488;5257;4231;18994;11630
5881;37 jaar;Mannen;2016;74607;31607;21265;10342;5503;4839;19682;11925
5882;37 jaar;Mannen;2017;73504;32494;21366;11128;5617;5511;20482;12012
5883;37 jaar;Mannen;2018;75551;33784;21363;12421;5982;6439;21451;12333
5884;37 jaar;Mannen;2019;73345;34702;21705;12997;5997;7000;22430;12272
5885;37 jaar;Mannen;2020;71292;34720;21993;12727;5806;6921;22739;11981
5886;37 jaar;Mannen;2021;70478;34738;21999;12739;5744;6995;22914;11824
5887;37 jaar;Mannen;2022;72297;35232;22092;13140;5970;7170;23318;11914
5888;37 jaar;Mannen;2023;73482;35410;22101;13309;6064;7245;23535;11875
5889;37 jaar;Mannen;2024;75413;35975;22106;13869;6312;7557;24003;11972
5890;37 jaar;Mannen;2025;76599;36403;22101;14302;6284;8018;24469;11934
5891;37 jaar;Mannen;2026;75315;37259;22109;15150;6368;8782;25406;11853
5892;37 jaar;Mannen;2027;75530;37871;22171;15700;6489;9211;25977;11894
5893;37 jaar;Mannen;2028;79025;38770;22132;16638;6915;9723;26777;11993
5894;37 jaar;Mannen;2029;78453;39178;22030;17148;7109;10039;27080;12098
5895;37 jaar;Mannen;2030;77288;39698;22129;17569;7073;10496;27785;11913
5896;37 jaar;Mannen;2031;76503;39678;22077;17601;7328;10273;27619;12059
5897;37 jaar;Mannen;2032;76475;40474;22091;18383;7382;11001;28362;12112
5898;37 jaar;Mannen;2033;74294;40526;22169;18357;7376;10981;28340;12186
5899;37 jaar;Mannen;2034;73975;41196;22318;18878;7456;11422;28891;12305
5900;37 jaar;Mannen;2035;73400;42095;22387;19708;7753;11955;29766;12329
5901;37 jaar;Mannen;2036;75574;43278;22424;20854;8235;12619;30654;12624
5902;37 jaar;Mannen;2037;75839;44019;22367;21652;8506;13146;30989;13030
5903;37 jaar;Mannen;2038;78090;43835;22365;21470;8396;13074;30807;13028
5904;37 jaar;Mannen;2039;77474;44402;22360;22042;8760;13282;31109;13293
5905;37 jaar;Mannen;2040;76300;44917;22350;22567;9117;13450;31355;13562
5906;37 jaar;Mannen;2041;74708;45381;22346;23035;9463;13572;31549;13832
5907;37 jaar;Mannen;2042;73080;45806;22345;23461;9794;13667;31714;14092
5908;37 jaar;Mannen;2043;71417;46228;22349;23879;10115;13764;31886;14342
5909;37 jaar;Mannen;2044;69862;46596;22349;24247;10418;13829;32018;14578
5910;37 jaar;Mannen;2045;68469;46912;22353;24559;10697;13862;32111;14801
5911;37 jaar;Mannen;2046;67336;47182;22359;24823;10952;13871;32177;15005
5912;37 jaar;Mannen;2047;66369;47413;22364;25049;11194;13855;32221;15192
5913;37 jaar;Mannen;2048;65720;47605;22374;25231;11407;13824;32244;15361
5914;37 jaar;Mannen;2049;65346;47758;22378;25380;11603;13777;32253;15505
5915;37 jaar;Mannen;2050;65173;47878;22383;25495;11774;13721;32256;15622
5916;37 jaar;Vrouwen;2000;104981;24005;16619;7386;5652;1734;11958;12047
5917;37 jaar;Vrouwen;2001;106127;24553;17053;7500;5810;1690;12195;12358
5918;37 jaar;Vrouwen;2002;106427;26215;18408;7807;6016;1791;13307;12908
5919;37 jaar;Vrouwen;2003;103531;26391;18542;7849;6136;1713;13492;12899
5920;37 jaar;Vrouwen;2004;101471;26675;18816;7859;6231;1628;13898;12777
5921;37 jaar;Vrouwen;2005;100932;26839;18890;7949;6276;1673;13599;13240
5922;37 jaar;Vrouwen;2006;100778;28554;20515;8039;6284;1755;15366;13188
5923;37 jaar;Vrouwen;2007;104944;30049;21471;8578;6786;1792;16247;13802
5924;37 jaar;Vrouwen;2008;101664;30641;22395;8246;6264;1982;17176;13465
5925;37 jaar;Vrouwen;2009;96521;30794;22640;8154;6042;2112;17496;13298
5926;37 jaar;Vrouwen;2010;91411;31141;23040;8101;5750;2351;18030;13111
5927;37 jaar;Vrouwen;2011;83205;30612;22995;7617;5205;2412;17905;12707
5928;37 jaar;Vrouwen;2012;79008;30950;23178;7772;5173;2599;18225;12725
5929;37 jaar;Vrouwen;2013;75380;30655;22574;8081;4964;3117;18055;12600
5930;37 jaar;Vrouwen;2014;74204;30791;22215;8576;4983;3593;18045;12746
5931;37 jaar;Vrouwen;2015;72417;32262;23082;9180;5033;4147;19419;12843
5932;37 jaar;Vrouwen;2016;72821;33100;23061;10039;5307;4732;20010;13090
5933;37 jaar;Vrouwen;2017;72318;33685;23139;10546;5327;5219;20579;13106
5934;37 jaar;Vrouwen;2018;73830;34961;22989;11972;5725;6247;21535;13426
5935;37 jaar;Vrouwen;2019;72517;35310;22895;12415;5694;6721;22053;13257
5936;37 jaar;Vrouwen;2020;69789;35259;23135;12124;5581;6543;22203;13056
5937;37 jaar;Vrouwen;2021;69045;35618;23253;12365;5527;6838;22636;12982
5938;37 jaar;Vrouwen;2022;70611;35994;23443;12551;5726;6825;23061;12933
5939;37 jaar;Vrouwen;2023;72426;36258;23503;12755;5643;7112;23334;12924
5940;37 jaar;Vrouwen;2024;74834;36767;23333;13434;6052;7382;23727;13040
5941;37 jaar;Vrouwen;2025;74539;37215;23341;13874;6033;7841;24339;12876
5942;37 jaar;Vrouwen;2026;73878;38041;23362;14679;6295;8384;24956;13085
5943;37 jaar;Vrouwen;2027;74823;38319;23332;14987;6222;8765;25490;12829
5944;37 jaar;Vrouwen;2028;76859;39487;23262;16225;6701;9524;26486;13001
5945;37 jaar;Vrouwen;2029;77203;39646;23243;16403;6809;9594;26649;12997
5946;37 jaar;Vrouwen;2030;75649;40015;23221;16794;6938;9856;27019;12996
5947;37 jaar;Vrouwen;2031;75275;40107;23196;16911;6898;10013;27298;12809
5948;37 jaar;Vrouwen;2032;74982;40803;23231;17572;7004;10568;27873;12930
5949;37 jaar;Vrouwen;2033;72984;40845;23264;17581;7093;10488;27898;12947
5950;37 jaar;Vrouwen;2034;72014;41272;23448;17824;7039;10785;28410;12862
5951;37 jaar;Vrouwen;2035;72511;42448;23602;18846;7382;11464;29442;13006
5952;37 jaar;Vrouwen;2036;74165;43556;23645;19911;7851;12060;30309;13247
5953;37 jaar;Vrouwen;2037;74128;44106;23504;20602;8071;12531;30579;13527
5954;37 jaar;Vrouwen;2038;76587;44044;23507;20537;8034;12503;30349;13695
5955;37 jaar;Vrouwen;2039;76011;44582;23499;21083;8379;12704;30643;13939
5956;37 jaar;Vrouwen;2040;74874;45081;23498;21583;8719;12864;30891;14190
5957;37 jaar;Vrouwen;2041;73327;45521;23495;22026;9050;12976;31083;14438
5958;37 jaar;Vrouwen;2042;71739;45931;23495;22436;9370;13066;31249;14682
5959;37 jaar;Vrouwen;2043;70123;46329;23497;22832;9671;13161;31414;14915
5960;37 jaar;Vrouwen;2044;68616;46679;23498;23181;9961;13220;31541;15138
5961;37 jaar;Vrouwen;2045;67254;46981;23503;23478;10225;13253;31639;15342
5962;37 jaar;Vrouwen;2046;66155;47240;23508;23732;10473;13259;31705;15535
5963;37 jaar;Vrouwen;2047;65220;47456;23511;23945;10700;13245;31746;15710
5964;37 jaar;Vrouwen;2048;64588;47631;23516;24115;10904;13211;31769;15862
5965;37 jaar;Vrouwen;2049;64219;47776;23523;24253;11087;13166;31779;15997
5966;37 jaar;Vrouwen;2050;64052;47890;23530;24360;11251;13109;31783;16107
5967;38 jaar;Totaal mannen en vrouwen;2000;214462;45963;31706;14257;10878;3379;22795;23168
5968;38 jaar;Totaal mannen en vrouwen;2001;212691;49658;34786;14872;11385;3487;26116;23542
5969;38 jaar;Totaal mannen en vrouwen;2002;215724;51190;35901;15289;11718;3571;26907;24283
5970;38 jaar;Totaal mannen en vrouwen;2003;216065;54702;38756;15946;12337;3609;29336;25366
5971;38 jaar;Totaal mannen en vrouwen;2004;210641;55072;39199;15873;12439;3434;29673;25399
5972;38 jaar;Totaal mannen en vrouwen;2005;205834;55530;39641;15889;12566;3323;30350;25180
5973;38 jaar;Totaal mannen en vrouwen;2006;205029;54924;38900;16024;12671;3353;29229;25695
5974;38 jaar;Totaal mannen en vrouwen;2007;203935;58285;41969;16316;12832;3484;32371;25914
5975;38 jaar;Totaal mannen en vrouwen;2008;212841;60985;43561;17424;13706;3718;33942;27043
5976;38 jaar;Totaal mannen en vrouwen;2009;205622;61748;44808;16940;12872;4068;35372;26376
5977;38 jaar;Totaal mannen en vrouwen;2010;195586;61428;44738;16690;12318;4372;35551;25877
5978;38 jaar;Totaal mannen en vrouwen;2011;184257;61571;45032;16539;11797;4742;36129;25442
5979;38 jaar;Totaal mannen en vrouwen;2012;168239;60018;44594;15424;10521;4903;35660;24358
5980;38 jaar;Totaal mannen en vrouwen;2013;160151;60705;44906;15799;10398;5401;36444;24261
5981;38 jaar;Totaal mannen en vrouwen;2014;152468;60259;43751;16508;10175;6333;36087;24172
5982;38 jaar;Totaal mannen en vrouwen;2015;150739;60743;43100;17643;10258;7385;36284;24459
5983;38 jaar;Totaal mannen en vrouwen;2016;146644;62952;44302;18650;10278;8372;38541;24411
5984;38 jaar;Totaal mannen en vrouwen;2017;147291;64750;44391;20359;10795;9564;39811;24939
5985;38 jaar;Totaal mannen en vrouwen;2018;145679;66216;44559;21657;10938;10719;41181;25035
5986;38 jaar;Totaal mannen en vrouwen;2019;149215;68765;44392;24373;11699;12674;43099;25666
5987;38 jaar;Totaal mannen en vrouwen;2020;145709;70009;44619;25390;11681;13709;44585;25424
5988;38 jaar;Totaal mannen en vrouwen;2021;140949;69960;45130;24830;11376;13454;45034;24926
5989;38 jaar;Totaal mannen en vrouwen;2022;139394;70337;45254;25083;11263;13820;45643;24694
5990;38 jaar;Totaal mannen en vrouwen;2023;142760;71202;45532;25670;11685;13985;46472;24730
5991;38 jaar;Totaal mannen en vrouwen;2024;145749;71645;45599;26046;11701;14345;46966;24679
5992;38 jaar;Totaal mannen en vrouwen;2025;150067;72721;45440;27281;12354;14927;47829;24892
5993;38 jaar;Totaal mannen en vrouwen;2026;150956;73595;45440;28155;12309;15846;48906;24689
5994;38 jaar;Totaal mannen en vrouwen;2027;149015;75272;45469;29803;12652;17151;50457;24815
5995;38 jaar;Totaal mannen en vrouwen;2028;150170;76160;45497;30663;12700;17963;51563;24597
5996;38 jaar;Totaal mannen en vrouwen;2029;155663;78227;45390;32837;13605;19232;53359;24868
5997;38 jaar;Totaal mannen en vrouwen;2030;155440;78796;45269;33527;13912;19615;53826;24970
5998;38 jaar;Totaal mannen en vrouwen;2031;152728;79684;45347;34337;14000;20337;54900;24784
5999;38 jaar;Totaal mannen en vrouwen;2032;151576;79756;45271;34485;14216;20269;55013;24743
6000;38 jaar;Totaal mannen en vrouwen;2033;151246;81248;45320;35928;14374;21554;56331;24917
6001;38 jaar;Totaal mannen en vrouwen;2034;147088;81343;45431;35912;14461;21451;56336;25007
6002;38 jaar;Totaal mannen en vrouwen;2035;145799;82431;45755;36676;14484;22192;57393;25038
6003;38 jaar;Totaal mannen en vrouwen;2036;145719;84501;45975;38526;15127;23399;59297;25204
6004;38 jaar;Totaal mannen en vrouwen;2037;149526;86788;46053;40735;16073;24662;61050;25738
6005;38 jaar;Totaal mannen en vrouwen;2038;149750;88084;45861;42223;16565;25658;61659;26425
6006;38 jaar;Totaal mannen en vrouwen;2039;154448;87836;45863;41973;16417;25556;61246;26590
6007;38 jaar;Totaal mannen en vrouwen;2040;153254;88940;45850;43090;17126;25964;61843;27097
6008;38 jaar;Totaal mannen en vrouwen;2041;150945;89960;45843;44117;17824;26293;62343;27617
6009;38 jaar;Totaal mannen en vrouwen;2042;147816;90865;45836;45029;18499;26530;62728;28137
6010;38 jaar;Totaal mannen en vrouwen;2043;144612;91699;45836;45863;19148;26715;63057;28642
6011;38 jaar;Totaal mannen en vrouwen;2044;141345;92521;45842;46679;19773;26906;63397;29124
6012;38 jaar;Totaal mannen en vrouwen;2045;138288;93241;45847;47394;20365;27029;63659;29582
6013;38 jaar;Totaal mannen en vrouwen;2046;135549;93856;45852;48004;20910;27094;63847;30009
6014;38 jaar;Totaal mannen en vrouwen;2047;133317;94392;45868;48524;21414;27110;63984;30408
6015;38 jaar;Totaal mannen en vrouwen;2048;131421;94841;45878;48963;21879;27084;64071;30770
6016;38 jaar;Totaal mannen en vrouwen;2049;130147;95203;45889;49314;22299;27015;64113;31090
6017;38 jaar;Totaal mannen en vrouwen;2050;129407;95500;45901;49599;22676;26923;64132;31368
6018;38 jaar;Mannen;2000;108528;23634;16329;7305;5532;1773;12343;11291
6019;38 jaar;Mannen;2001;107862;25428;17935;7493;5739;1754;13997;11431
6020;38 jaar;Mannen;2002;109745;26430;18635;7795;5912;1883;14559;11871
6021;38 jaar;Mannen;2003;109789;28311;20162;8149;6329;1820;15897;12414
6022;38 jaar;Mannen;2004;107250;28508;20477;8031;6307;1724;16052;12456
6023;38 jaar;Mannen;2005;104493;28682;20644;8038;6342;1696;16326;12356
6024;38 jaar;Mannen;2006;104226;27942;19861;8081;6400;1681;15510;12432
6025;38 jaar;Mannen;2007;103286;29614;21327;8287;6554;1733;16912;12702
6026;38 jaar;Mannen;2008;108048;30835;21982;8853;6923;1930;17612;13223
6027;38 jaar;Mannen;2009;104096;31029;22327;8702;6615;2087;18128;12901
6028;38 jaar;Mannen;2010;99185;30565;22022;8543;6281;2262;17986;12579
6029;38 jaar;Mannen;2011;92950;30379;21935;8444;6050;2394;18040;12339
6030;38 jaar;Mannen;2012;85113;29356;21544;7812;5318;2494;17692;11664
6031;38 jaar;Mannen;2013;81206;29723;21689;8034;5231;2803;18161;11562
6032;38 jaar;Mannen;2014;77139;29574;21140;8434;5217;3217;17967;11607
6033;38 jaar;Mannen;2015;76591;29922;20849;9073;5277;3796;18170;11752
6034;38 jaar;Mannen;2016;74274;30690;21210;9480;5253;4227;19072;11618
6035;38 jaar;Mannen;2017;74523;31656;21329;10327;5491;4836;19750;11906
6036;38 jaar;Mannen;2018;73418;32544;21427;11117;5612;5505;20554;11990
6037;38 jaar;Mannen;2019;75450;33829;21419;12410;5979;6431;21522;12307
6038;38 jaar;Mannen;2020;73254;34736;21749;12987;5994;6993;22495;12241
6039;38 jaar;Mannen;2021;71209;34744;22028;12716;5800;6916;22798;11946
6040;38 jaar;Mannen;2022;70403;34759;22034;12725;5737;6988;22971;11788
6041;38 jaar;Mannen;2023;72206;35258;22130;13128;5965;7163;23382;11876
6042;38 jaar;Mannen;2024;73390;35435;22137;13298;6059;7239;23601;11834
6043;38 jaar;Mannen;2025;75308;35998;22141;13857;6307;7550;24066;11932
6044;38 jaar;Mannen;2026;76489;36427;22136;14291;6278;8013;24534;11893
6045;38 jaar;Mannen;2027;75208;37281;22144;15137;6362;8775;25469;11812
6046;38 jaar;Mannen;2028;75420;37892;22205;15687;6483;9204;26040;11852
6047;38 jaar;Mannen;2029;78893;38791;22167;16624;6910;9714;26843;11948
6048;38 jaar;Mannen;2030;78323;39201;22065;17136;7108;10028;27149;12052
6049;38 jaar;Mannen;2031;77167;39715;22161;17554;7066;10488;27848;11867
6050;38 jaar;Mannen;2032;76381;39700;22113;17587;7324;10263;27687;12013
6051;38 jaar;Mannen;2033;76353;40493;22124;18369;7378;10991;28428;12065
6052;38 jaar;Mannen;2034;74181;40547;22204;18343;7373;10970;28409;12138
6053;38 jaar;Mannen;2035;73860;41214;22350;18864;7451;11413;28956;12258
6054;38 jaar;Mannen;2036;73286;42111;22417;19694;7751;11943;29834;12277
6055;38 jaar;Mannen;2037;75445;43291;22455;20836;8227;12609;30718;12573
6056;38 jaar;Mannen;2038;75709;44035;22400;21635;8497;13138;31056;12979
6057;38 jaar;Mannen;2039;77947;43854;22398;21456;8393;13063;30876;12978
6058;38 jaar;Mannen;2040;77335;44415;22391;22024;8754;13270;31173;13242
6059;38 jaar;Mannen;2041;76165;44932;22383;22549;9109;13440;31422;13510
6060;38 jaar;Mannen;2042;74578;45397;22380;23017;9457;13560;31617;13780
6061;38 jaar;Mannen;2043;72956;45822;22379;23443;9787;13656;31783;14039
6062;38 jaar;Mannen;2044;71297;46246;22382;23864;10110;13754;31956;14290
6063;38 jaar;Mannen;2045;69747;46614;22384;24230;10413;13817;32088;14526
6064;38 jaar;Mannen;2046;68362;46930;22388;24542;10688;13854;32183;14747
6065;38 jaar;Mannen;2047;67229;47204;22396;24808;10946;13862;32250;14954
6066;38 jaar;Mannen;2048;66265;47437;22402;25035;11188;13847;32295;15142
6067;38 jaar;Mannen;2049;65624;47623;22410;25213;11401;13812;32315;15308
6068;38 jaar;Mannen;2050;65249;47776;22415;25361;11594;13767;32325;15451
6069;38 jaar;Vrouwen;2000;105934;22329;15377;6952;5346;1606;10452;11877
6070;38 jaar;Vrouwen;2001;104828;24231;16851;7380;5647;1733;12120;12111
6071;38 jaar;Vrouwen;2002;105980;24759;17265;7494;5805;1689;12347;12412
6072;38 jaar;Vrouwen;2003;106277;26390;18592;7798;6008;1790;13440;12950
6073;38 jaar;Vrouwen;2004;103391;26564;18721;7843;6132;1711;13622;12942
6074;38 jaar;Vrouwen;2005;101342;26848;18995;7853;6227;1626;14024;12824
6075;38 jaar;Vrouwen;2006;100805;26980;19038;7942;6270;1672;13718;13262
6076;38 jaar;Vrouwen;2007;100648;28673;20641;8032;6278;1754;15459;13214
6077;38 jaar;Vrouwen;2008;104793;30150;21578;8572;6781;1791;16331;13819
6078;38 jaar;Vrouwen;2009;101525;30720;22480;8240;6260;1980;17245;13475
6079;38 jaar;Vrouwen;2010;96400;30864;22718;8146;6037;2109;17564;13300
6080;38 jaar;Vrouwen;2011;91309;31190;23096;8094;5744;2350;18088;13102
6081;38 jaar;Vrouwen;2012;83125;30662;23051;7611;5201;2410;17968;12694
6082;38 jaar;Vrouwen;2013;78944;30983;23217;7766;5168;2598;18283;12700
6083;38 jaar;Vrouwen;2014;75327;30687;22612;8075;4961;3114;18120;12567
6084;38 jaar;Vrouwen;2015;74149;30819;22248;8571;4981;3590;18112;12707
6085;38 jaar;Vrouwen;2016;72367;32265;23094;9171;5026;4145;19472;12793
6086;38 jaar;Vrouwen;2017;72768;33093;23062;10031;5302;4729;20058;13035
6087;38 jaar;Vrouwen;2018;72263;33670;23131;10539;5324;5215;20626;13044
6088;38 jaar;Vrouwen;2019;73766;34935;22973;11962;5720;6242;21576;13359
6089;38 jaar;Vrouwen;2020;72454;35274;22868;12406;5690;6716;22091;13183
6090;38 jaar;Vrouwen;2021;69735;35220;23102;12118;5580;6538;22240;12980
6091;38 jaar;Vrouwen;2022;68995;35575;23218;12357;5525;6832;22669;12906
6092;38 jaar;Vrouwen;2023;70552;35946;23404;12542;5720;6822;23092;12854
6093;38 jaar;Vrouwen;2024;72361;36208;23462;12746;5640;7106;23365;12843
6094;38 jaar;Vrouwen;2025;74761;36721;23297;13424;6049;7375;23761;12960
6095;38 jaar;Vrouwen;2026;74464;37170;23303;13867;6030;7837;24373;12797
6096;38 jaar;Vrouwen;2027;73808;37989;23323;14666;6288;8378;24987;13002
6097;38 jaar;Vrouwen;2028;74749;38270;23293;14977;6218;8759;25522;12748
6098;38 jaar;Vrouwen;2029;76773;39434;23222;16212;6693;9519;26514;12920
6099;38 jaar;Vrouwen;2030;77115;39597;23204;16393;6808;9585;26679;12918
6100;38 jaar;Vrouwen;2031;75564;39966;23183;16783;6934;9849;27050;12916
6101;38 jaar;Vrouwen;2032;75191;40060;23160;16900;6896;10004;27329;12731
6102;38 jaar;Vrouwen;2033;74896;40752;23194;17558;6998;10560;27900;12852
6103;38 jaar;Vrouwen;2034;72910;40793;23227;17566;7086;10480;27925;12868
6104;38 jaar;Vrouwen;2035;71936;41220;23406;17814;7037;10777;28437;12783
6105;38 jaar;Vrouwen;2036;72435;42388;23556;18832;7378;11454;29463;12925
6106;38 jaar;Vrouwen;2037;74082;43496;23598;19898;7846;12052;30331;13165
6107;38 jaar;Vrouwen;2038;74042;44049;23463;20586;8064;12522;30602;13447
6108;38 jaar;Vrouwen;2039;76496;43988;23466;20522;8026;12496;30374;13614
6109;38 jaar;Vrouwen;2040;75917;44526;23459;21067;8374;12693;30670;13856
6110;38 jaar;Vrouwen;2041;74783;45026;23461;21565;8710;12855;30920;14106
6111;38 jaar;Vrouwen;2042;73237;45469;23457;22012;9044;12968;31111;14358
6112;38 jaar;Vrouwen;2043;71658;45875;23456;22419;9360;13059;31274;14601
6113;38 jaar;Vrouwen;2044;70047;46275;23458;22817;9667;13150;31441;14834
6114;38 jaar;Vrouwen;2045;68541;46627;23463;23164;9952;13212;31571;15056
6115;38 jaar;Vrouwen;2046;67185;46928;23465;23463;10220;13243;31668;15260
6116;38 jaar;Vrouwen;2047;66087;47189;23473;23716;10466;13250;31734;15455
6117;38 jaar;Vrouwen;2048;65151;47409;23479;23930;10694;13236;31779;15630
6118;38 jaar;Vrouwen;2049;64523;47579;23481;24098;10895;13203;31797;15782
6119;38 jaar;Vrouwen;2050;64160;47722;23487;24235;11080;13155;31807;15915
6120;39 jaar;Totaal mannen en vrouwen;2000;207274;47201;33633;13568;10182;3386;24753;22448
6121;39 jaar;Totaal mannen en vrouwen;2001;214034;46296;32054;14242;10866;3376;23031;23265
6122;39 jaar;Totaal mannen en vrouwen;2002;212287;49914;35057;14857;11374;3483;26268;23646
6123;39 jaar;Totaal mannen en vrouwen;2003;215315;51413;36142;15271;11703;3568;27054;24359
6124;39 jaar;Totaal mannen en vrouwen;2004;215653;54858;38928;15930;12325;3605;29438;25420
6125;39 jaar;Totaal mannen en vrouwen;2005;210256;55227;39370;15857;12425;3432;29776;25451
6126;39 jaar;Totaal mannen en vrouwen;2006;205471;55679;39806;15873;12555;3318;30450;25229
6127;39 jaar;Totaal mannen en vrouwen;2007;204671;55051;39046;16005;12654;3351;29336;25715
6128;39 jaar;Totaal mannen en vrouwen;2008;203573;58367;42066;16301;12820;3481;32431;25936
6129;39 jaar;Totaal mannen en vrouwen;2009;212441;61038;43632;17406;13691;3715;33992;27046
6130;39 jaar;Totaal mannen en vrouwen;2010;205247;61773;44850;16923;12860;4063;35403;26370
6131;39 jaar;Totaal mannen en vrouwen;2011;195250;61465;44791;16674;12307;4367;35602;25863
6132;39 jaar;Totaal mannen en vrouwen;2012;183963;61587;45064;16523;11785;4738;36173;25414
6133;39 jaar;Totaal mannen en vrouwen;2013;168014;60044;44635;15409;10510;4899;35721;24323
6134;39 jaar;Totaal mannen en vrouwen;2014;159949;60707;44921;15786;10391;5395;36501;24206
6135;39 jaar;Totaal mannen en vrouwen;2015;152298;60263;43769;16494;10166;6328;36159;24104
6136;39 jaar;Totaal mannen en vrouwen;2016;150575;60736;43110;17626;10247;7379;36362;24374
6137;39 jaar;Totaal mannen en vrouwen;2017;146485;62926;44289;18637;10271;8366;38609;24317
6138;39 jaar;Totaal mannen en vrouwen;2018;147125;64703;44362;20341;10785;9556;39871;24832
6139;39 jaar;Totaal mannen en vrouwen;2019;145521;66151;44514;21637;10926;10711;41234;24917
6140;39 jaar;Totaal mannen en vrouwen;2020;149032;68684;44334;24350;11688;12662;43147;25537
6141;39 jaar;Totaal mannen en vrouwen;2021;145536;69920;44550;25370;11675;13695;44630;25290
6142;39 jaar;Totaal mannen en vrouwen;2022;140788;69856;45045;24811;11369;13442;45065;24791
6143;39 jaar;Totaal mannen en vrouwen;2023;139245;70232;45167;25065;11257;13808;45677;24555
6144;39 jaar;Totaal mannen en vrouwen;2024;142590;71096;45444;25652;11680;13972;46507;24589
6145;39 jaar;Totaal mannen en vrouwen;2025;145573;71530;45508;26022;11689;14333;46998;24532
6146;39 jaar;Totaal mannen en vrouwen;2026;149866;72610;45350;27260;12345;14915;47864;24746
6147;39 jaar;Totaal mannen en vrouwen;2027;150752;73486;45354;28132;12299;15833;48942;24544
6148;39 jaar;Totaal mannen en vrouwen;2028;148822;75157;45377;29780;12642;17138;50489;24668
6149;39 jaar;Totaal mannen en vrouwen;2029;149963;76044;45406;30638;12689;17949;51596;24448
6150;39 jaar;Totaal mannen en vrouwen;2030;155431;78104;45295;32809;13593;19216;53387;24717
6151;39 jaar;Totaal mannen en vrouwen;2031;155205;78679;45180;33499;13900;19599;53860;24819
6152;39 jaar;Totaal mannen en vrouwen;2032;152507;79559;45252;34307;13986;20321;54926;24633
6153;39 jaar;Totaal mannen en vrouwen;2033;151353;79642;45182;34460;14207;20253;55049;24593
6154;39 jaar;Totaal mannen en vrouwen;2034;151021;81129;45231;35898;14361;21537;56360;24769
6155;39 jaar;Totaal mannen en vrouwen;2035;146885;81219;45338;35881;14445;21436;56365;24854
6156;39 jaar;Totaal mannen en vrouwen;2036;145592;82307;45658;36649;14475;22174;57422;24885
6157;39 jaar;Totaal mannen en vrouwen;2037;145512;84372;45875;38497;15116;23381;59323;25049
6158;39 jaar;Totaal mannen en vrouwen;2038;149299;86654;45950;40704;16061;24643;61071;25583
6159;39 jaar;Totaal mannen en vrouwen;2039;149520;87952;45762;42190;16551;25639;61682;26270
6160;39 jaar;Totaal mannen en vrouwen;2040;154196;87709;45767;41942;16404;25538;61274;26435
6161;39 jaar;Totaal mannen en vrouwen;2041;153004;88816;45758;43058;17112;25946;61873;26943
6162;39 jaar;Totaal mannen en vrouwen;2042;150703;89834;45751;44083;17808;26275;62373;27461
6163;39 jaar;Totaal mannen en vrouwen;2043;147582;90742;45746;44996;18487;26509;62760;27982
6164;39 jaar;Totaal mannen en vrouwen;2044;144391;91576;45746;45830;19135;26695;63091;28485
6165;39 jaar;Totaal mannen en vrouwen;2045;141133;92397;45753;46644;19760;26884;63430;28967
6166;39 jaar;Totaal mannen en vrouwen;2046;138085;93119;45759;47360;20350;27010;63693;29426
6167;39 jaar;Totaal mannen en vrouwen;2047;135352;93735;45767;47968;20895;27073;63882;29853
6168;39 jaar;Totaal mannen en vrouwen;2048;133126;94270;45781;48489;21399;27090;64019;30251
6169;39 jaar;Totaal mannen en vrouwen;2049;131240;94719;45792;48927;21863;27064;64105;30614
6170;39 jaar;Totaal mannen en vrouwen;2050;129968;95084;45804;49280;22282;26998;64148;30936
6171;39 jaar;Mannen;2000;105274;24072;17254;6818;5128;1690;13159;10913
6172;39 jaar;Mannen;2001;108272;23777;16480;7297;5526;1771;12425;11352
6173;39 jaar;Mannen;2002;107618;25521;18038;7483;5730;1753;14031;11490
6174;39 jaar;Mannen;2003;109492;26507;18721;7786;5905;1881;14592;11915
6175;39 jaar;Mannen;2004;109537;28351;20212;8139;6321;1818;15902;12449
6176;39 jaar;Mannen;2005;107015;28545;20523;8022;6300;1722;16057;12488
6177;39 jaar;Mannen;2006;104266;28722;20692;8030;6337;1693;16336;12386
6178;39 jaar;Mannen;2007;104006;27986;19916;8070;6391;1679;15533;12453
6179;39 jaar;Mannen;2008;103066;29633;21355;8278;6546;1732;16913;12720
6180;39 jaar;Mannen;2009;107805;30842;22000;8842;6916;1926;17611;13231
6181;39 jaar;Mannen;2010;103866;31035;22341;8694;6609;2085;18125;12910
6182;39 jaar;Mannen;2011;98985;30587;22053;8534;6274;2260;18000;12587
6183;39 jaar;Mannen;2012;92771;30401;21963;8438;6047;2391;18058;12343
6184;39 jaar;Mannen;2013;84978;29385;21581;7804;5311;2493;17723;11662
6185;39 jaar;Mannen;2014;81083;29744;21717;8027;5226;2801;18191;11553
6186;39 jaar;Mannen;2015;77040;29595;21171;8424;5209;3215;18006;11589
6187;39 jaar;Mannen;2016;76489;29947;20882;9065;5271;3794;18217;11730
6188;39 jaar;Mannen;2017;74183;30704;21233;9471;5245;4226;19111;11593
6189;39 jaar;Mannen;2018;74423;31667;21348;10319;5488;4831;19794;11873
6190;39 jaar;Mannen;2019;73323;32549;21442;11107;5607;5500;20597;11952
6191;39 jaar;Mannen;2020;75342;33825;21427;12398;5972;6426;21563;12262
6192;39 jaar;Mannen;2021;73157;34723;21749;12974;5985;6989;22525;12198
6193;39 jaar;Mannen;2022;71119;34720;22017;12703;5795;6908;22820;11900
6194;39 jaar;Mannen;2023;70312;34743;22026;12717;5735;6982;23000;11743
6195;39 jaar;Mannen;2024;72111;35236;22119;13117;5961;7156;23408;11828
6196;39 jaar;Mannen;2025;73287;35415;22128;13287;6054;7233;23630;11785
6197;39 jaar;Mannen;2026;75197;35974;22130;13844;6299;7545;24094;11880
6198;39 jaar;Mannen;2027;76371;36406;22128;14278;6274;8004;24566;11840
6199;39 jaar;Mannen;2028;75095;37260;22135;15125;6358;8767;25500;11760
6200;39 jaar;Mannen;2029;75304;37864;22192;15672;6476;9196;26068;11796
6201;39 jaar;Mannen;2030;78759;38762;22152;16610;6905;9705;26871;11891
6202;39 jaar;Mannen;2031;78190;39175;22056;17119;7098;10021;27179;11996
6203;39 jaar;Mannen;2032;77034;39690;22149;17541;7061;10480;27878;11812
6204;39 jaar;Mannen;2033;76256;39674;22104;17570;7313;10257;27719;11955
6205;39 jaar;Mannen;2034;76220;40469;22116;18353;7369;10984;28458;12011
6206;39 jaar;Mannen;2035;74058;40523;22194;18329;7366;10963;28440;12083
6207;39 jaar;Mannen;2036;73740;41184;22336;18848;7444;11404;28985;12199
6208;39 jaar;Mannen;2037;73168;42080;22403;19677;7743;11934;29861;12219
6209;39 jaar;Mannen;2038;75313;43258;22438;20820;8222;12598;30746;12512
6210;39 jaar;Mannen;2039;75574;44003;22385;21618;8492;13126;31084;12919
6211;39 jaar;Mannen;2040;77804;43820;22384;21436;8386;13050;30904;12916
6212;39 jaar;Mannen;2041;77192;44385;22380;22005;8744;13261;31204;13181
6213;39 jaar;Mannen;2042;76020;44906;22374;22532;9102;13430;31455;13451
6214;39 jaar;Mannen;2043;74444;45369;22370;22999;9448;13551;31651;13718
6215;39 jaar;Mannen;2044;72825;45797;22371;23426;9780;13646;31818;13979
6216;39 jaar;Mannen;2045;71176;46217;22373;23844;10100;13744;31988;14229
6217;39 jaar;Mannen;2046;69633;46585;22375;24210;10401;13809;32121;14464
6218;39 jaar;Mannen;2047;68248;46902;22379;24523;10680;13843;32216;14686
6219;39 jaar;Mannen;2048;67119;47177;22387;24790;10939;13851;32285;14892
6220;39 jaar;Mannen;2049;66165;47405;22392;25013;11177;13836;32326;15079
6221;39 jaar;Mannen;2050;65518;47599;22402;25197;11394;13803;32351;15248
6222;39 jaar;Vrouwen;2000;102000;23129;16379;6750;5054;1696;11594;11535
6223;39 jaar;Vrouwen;2001;105760;22521;15575;6946;5341;1605;10607;11914
6224;39 jaar;Vrouwen;2002;104668;24394;17021;7373;5642;1731;12240;12154
6225;39 jaar;Vrouwen;2003;105821;24908;17422;7486;5799;1687;12464;12444
6226;39 jaar;Vrouwen;2004;106115;26508;18717;7791;6004;1787;13538;12970
6227;39 jaar;Vrouwen;2005;103243;26680;18845;7835;6126;1709;13718;12962
6228;39 jaar;Vrouwen;2006;101199;26962;19116;7846;6221;1625;14116;12846
6229;39 jaar;Vrouwen;2007;100663;27067;19130;7937;6265;1672;13804;13263
6230;39 jaar;Vrouwen;2008;100504;28737;20711;8026;6274;1752;15521;13216
6231;39 jaar;Vrouwen;2009;104636;30195;21632;8563;6776;1787;16382;13813
6232;39 jaar;Vrouwen;2010;101377;30742;22511;8231;6252;1979;17282;13460
6233;39 jaar;Vrouwen;2011;96267;30876;22736;8140;6034;2106;17602;13274
6234;39 jaar;Vrouwen;2012;91188;31190;23101;8089;5741;2348;18118;13072
6235;39 jaar;Vrouwen;2013;83036;30659;23053;7606;5199;2407;18000;12659
6236;39 jaar;Vrouwen;2014;78865;30963;23204;7759;5165;2594;18310;12653
6237;39 jaar;Vrouwen;2015;75257;30669;22600;8069;4958;3111;18154;12515
6238;39 jaar;Vrouwen;2016;74082;30793;22229;8564;4977;3587;18147;12646
6239;39 jaar;Vrouwen;2017;72304;32220;23055;9165;5022;4143;19495;12725
6240;39 jaar;Vrouwen;2018;72702;33037;23016;10021;5296;4725;20078;12959
6241;39 jaar;Vrouwen;2019;72198;33602;23074;10528;5316;5212;20641;12961
6242;39 jaar;Vrouwen;2020;73687;34862;22908;11954;5718;6236;21588;13274
6243;39 jaar;Vrouwen;2021;72379;35197;22802;12395;5686;6709;22103;13094
6244;39 jaar;Vrouwen;2022;69672;35133;23025;12108;5574;6534;22245;12888
6245;39 jaar;Vrouwen;2023;68931;35491;23143;12348;5522;6826;22678;12813
6246;39 jaar;Vrouwen;2024;70482;35857;23324;12533;5718;6815;23096;12761
6247;39 jaar;Vrouwen;2025;72285;36116;23380;12736;5634;7102;23367;12749
6248;39 jaar;Vrouwen;2026;74676;36629;23216;13413;6043;7370;23763;12866
6249;39 jaar;Vrouwen;2027;74382;37079;23223;13856;6027;7829;24376;12703
6250;39 jaar;Vrouwen;2028;73725;37899;23242;14657;6287;8370;24991;12908
6251;39 jaar;Vrouwen;2029;74664;38175;23211;14964;6211;8753;25523;12652
6252;39 jaar;Vrouwen;2030;76673;39341;23142;16199;6689;9510;26517;12824
6253;39 jaar;Vrouwen;2031;77015;39504;23124;16380;6801;9579;26680;12824
6254;39 jaar;Vrouwen;2032;75467;39875;23105;16770;6928;9842;27053;12822
6255;39 jaar;Vrouwen;2033;75100;39965;23078;16887;6891;9996;27329;12636
6256;39 jaar;Vrouwen;2034;74801;40660;23115;17545;6992;10553;27902;12758
6257;39 jaar;Vrouwen;2035;72825;40698;23145;17553;7080;10473;27925;12773
6258;39 jaar;Vrouwen;2036;71853;41123;23323;17800;7030;10770;28434;12689
6259;39 jaar;Vrouwen;2037;72349;42287;23469;18818;7372;11446;29458;12829
6260;39 jaar;Vrouwen;2038;73987;43395;23511;19884;7840;12044;30326;13069
6261;39 jaar;Vrouwen;2039;73948;43948;23377;20571;8059;12512;30597;13351
6262;39 jaar;Vrouwen;2040;76393;43888;23383;20505;8018;12487;30370;13518
6263;39 jaar;Vrouwen;2041;75814;44429;23377;21052;8368;12684;30667;13762
6264;39 jaar;Vrouwen;2042;74679;44931;23379;21552;8706;12846;30918;14013
6265;39 jaar;Vrouwen;2043;73140;45371;23377;21994;9035;12959;31108;14263
6266;39 jaar;Vrouwen;2044;71565;45780;23376;22404;9355;13049;31275;14505
6267;39 jaar;Vrouwen;2045;69957;46180;23379;22801;9657;13144;31440;14740
6268;39 jaar;Vrouwen;2046;68458;46528;23382;23146;9943;13203;31567;14961
6269;39 jaar;Vrouwen;2047;67107;46829;23386;23443;10211;13232;31663;15166
6270;39 jaar;Vrouwen;2048;66011;47089;23392;23697;10458;13239;31731;15358
6271;39 jaar;Vrouwen;2049;65077;47312;23400;23912;10685;13227;31777;15535
6272;39 jaar;Vrouwen;2050;64450;47485;23403;24082;10889;13193;31797;15688
6273;40 jaar;Totaal mannen en vrouwen;2000;209246;43453;29717;13736;10310;3426;20977;22476
6274;40 jaar;Totaal mannen en vrouwen;2001;206842;47394;33842;13552;10169;3383;24869;22525
6275;40 jaar;Totaal mannen en vrouwen;2002;213594;46533;32307;14226;10854;3372;23192;23341
6276;40 jaar;Totaal mannen en vrouwen;2003;211869;50088;35248;14840;11360;3480;26362;23726
6277;40 jaar;Totaal mannen en vrouwen;2004;214892;51552;36297;15255;11692;3563;27140;24412
6278;40 jaar;Totaal mannen en vrouwen;2005;215227;54934;39022;15912;12310;3602;29485;25449
6279;40 jaar;Totaal mannen en vrouwen;2006;209862;55293;39453;15840;12411;3429;29819;25474
6280;40 jaar;Totaal mannen en vrouwen;2007;205085;55743;39887;15856;12540;3316;30489;25254
6281;40 jaar;Totaal mannen en vrouwen;2008;204295;55100;39111;15989;12642;3347;29386;25714
6282;40 jaar;Totaal mannen en vrouwen;2009;203202;58363;42081;16282;12803;3479;32436;25927
6283;40 jaar;Totaal mannen en vrouwen;2010;212022;61013;43626;17387;13678;3709;33990;27023
6284;40 jaar;Totaal mannen en vrouwen;2011;204856;61728;44820;16908;12849;4059;35387;26341
6285;40 jaar;Totaal mannen en vrouwen;2012;194899;61423;44765;16658;12295;4363;35602;25821
6286;40 jaar;Totaal mannen en vrouwen;2013;183650;61530;45022;16508;11774;4734;36167;25363
6287;40 jaar;Totaal mannen en vrouwen;2014;167766;59987;44593;15394;10499;4895;35727;24260
6288;40 jaar;Totaal mannen en vrouwen;2015;159730;60633;44863;15770;10381;5389;36505;24128
6289;40 jaar;Totaal mannen en vrouwen;2016;152104;60191;43713;16478;10156;6322;36177;24014
6290;40 jaar;Totaal mannen en vrouwen;2017;150380;60663;43053;17610;10238;7372;36392;24271
6291;40 jaar;Totaal mannen en vrouwen;2018;146309;62823;44203;18620;10262;8358;38619;24204
6292;40 jaar;Totaal mannen en vrouwen;2019;146941;64584;44263;20321;10776;9545;39879;24705
6293;40 jaar;Totaal mannen en vrouwen;2020;145342;66023;44405;21618;10916;10702;41241;24782
6294;40 jaar;Totaal mannen en vrouwen;2021;148823;68542;44213;24329;11680;12649;43146;25396
6295;40 jaar;Totaal mannen en vrouwen;2022;145343;69761;44416;25345;11661;13684;44617;25144
6296;40 jaar;Totaal mannen en vrouwen;2023;140613;69683;44895;24788;11360;13428;45043;24640
6297;40 jaar;Totaal mannen en vrouwen;2024;139074;70057;45017;25040;11244;13796;45655;24402
6298;40 jaar;Totaal mannen en vrouwen;2025;142403;70920;45290;25630;11669;13961;46486;24434
6299;40 jaar;Totaal mannen en vrouwen;2026;145369;71355;45355;26000;11680;14320;46978;24377
6300;40 jaar;Totaal mannen en vrouwen;2027;149651;72430;45197;27233;12332;14901;47840;24590
6301;40 jaar;Totaal mannen en vrouwen;2028;150532;73307;45200;28107;12288;15819;48922;24385
6302;40 jaar;Totaal mannen en vrouwen;2029;148608;74975;45221;29754;12631;17123;50467;24508
6303;40 jaar;Totaal mannen en vrouwen;2030;149740;75861;45248;30613;12680;17933;51572;24289
6304;40 jaar;Totaal mannen en vrouwen;2031;155178;77922;45141;32781;13580;19201;53368;24554
6305;40 jaar;Totaal mannen en vrouwen;2032;154947;78499;45028;33471;13890;19581;53842;24657
6306;40 jaar;Totaal mannen en vrouwen;2033;152260;79381;45100;34281;13976;20305;54907;24474
6307;40 jaar;Totaal mannen en vrouwen;2034;151116;79461;45031;34430;14195;20235;55028;24433
6308;40 jaar;Totaal mannen en vrouwen;2035;150781;80946;45077;35869;14353;21516;56339;24607
6309;40 jaar;Totaal mannen en vrouwen;2036;146661;81038;45185;35853;14437;21416;56345;24693
6310;40 jaar;Totaal mannen en vrouwen;2037;145373;82116;45500;36616;14459;22157;57394;24722
6311;40 jaar;Totaal mannen en vrouwen;2038;145288;84178;45713;38465;15100;23365;59292;24886
6312;40 jaar;Totaal mannen en vrouwen;2039;149055;86456;45785;40671;16048;24623;61039;25417
6313;40 jaar;Totaal mannen en vrouwen;2040;149269;87763;45604;42159;16540;25619;61658;26105
6314;40 jaar;Totaal mannen en vrouwen;2041;153929;87518;45608;41910;16393;25517;61247;26271
6315;40 jaar;Totaal mannen en vrouwen;2042;152741;88623;45599;43024;17099;25925;61845;26778
6316;40 jaar;Totaal mannen en vrouwen;2043;150445;89642;45594;44048;17793;26255;62346;27296
6317;40 jaar;Totaal mannen en vrouwen;2044;147336;90550;45591;44959;18470;26489;62734;27816
6318;40 jaar;Totaal mannen en vrouwen;2045;144151;91385;45592;45793;19121;26672;63067;28318
6319;40 jaar;Totaal mannen en vrouwen;2046;140903;92209;45600;46609;19745;26864;63408;28801
6320;40 jaar;Totaal mannen en vrouwen;2047;137866;92928;45605;47323;20334;26989;63669;29259
6321;40 jaar;Totaal mannen en vrouwen;2048;135144;93543;45612;47931;20876;27055;63858;29685
6322;40 jaar;Totaal mannen en vrouwen;2049;132923;94078;45628;48450;21381;27069;63995;30083
6323;40 jaar;Totaal mannen en vrouwen;2050;131038;94531;45640;48891;21848;27043;64083;30448
6324;40 jaar;Mannen;2000;106055;21905;15057;6848;5119;1729;11153;10752
6325;40 jaar;Mannen;2001;105020;24134;17324;6810;5122;1688;13172;10962
6326;40 jaar;Mannen;2002;108014;23872;16585;7287;5518;1769;12470;11402
6327;40 jaar;Mannen;2003;107369;25574;18100;7474;5724;1750;14034;11540
6328;40 jaar;Mannen;2004;109238;26542;18765;7777;5898;1879;14593;11949
6329;40 jaar;Mannen;2005;109285;28351;20222;8129;6313;1816;15880;12471
6330;40 jaar;Mannen;2006;106779;28540;20528;8012;6292;1720;16035;12505
6331;40 jaar;Mannen;2007;104040;28715;20696;8019;6327;1692;16314;12401
6332;40 jaar;Mannen;2008;103778;27996;19934;8062;6384;1678;15530;12466
6333;40 jaar;Mannen;2009;102847;29612;21344;8268;6538;1730;16888;12724
6334;40 jaar;Mannen;2010;107557;30814;21980;8834;6910;1924;17586;13228
6335;40 jaar;Mannen;2011;103639;31002;22320;8682;6598;2084;18094;12908
6336;40 jaar;Mannen;2012;98780;30569;22045;8524;6265;2259;17987;12582
6337;40 jaar;Mannen;2013;92593;30378;21950;8428;6039;2389;18048;12330
6338;40 jaar;Mannen;2014;84835;29371;21574;7797;5308;2489;17723;11648
6339;40 jaar;Mannen;2015;80959;29723;21707;8016;5217;2799;18190;11533
6340;40 jaar;Mannen;2016;76931;29580;21164;8416;5203;3213;18018;11562
6341;40 jaar;Mannen;2017;76381;29930;20875;9055;5266;3789;18235;11695
6342;40 jaar;Mannen;2018;74082;30682;21220;9462;5242;4220;19125;11557
6343;40 jaar;Mannen;2019;74324;31633;21325;10308;5484;4824;19804;11829
6344;40 jaar;Mannen;2020;73224;32518;21422;11096;5603;5493;20609;11909
6345;40 jaar;Mannen;2021;75225;33791;21404;12387;5968;6419;21576;12215
6346;40 jaar;Mannen;2022;73052;34675;21715;12960;5980;6980;22529;12146
6347;40 jaar;Mannen;2023;71024;34663;21973;12690;5789;6901;22816;11847
6348;40 jaar;Mannen;2024;70219;34686;21982;12704;5730;6974;22997;11689
6349;40 jaar;Mannen;2025;72004;35182;22076;13106;5955;7151;23409;11773
6350;40 jaar;Mannen;2026;73179;35358;22084;13274;6049;7225;23630;11728
6351;40 jaar;Mannen;2027;75077;35919;22087;13832;6293;7539;24096;11823
6352;40 jaar;Mannen;2028;76250;36348;22082;14266;6268;7998;24566;11782
6353;40 jaar;Mannen;2029;74980;37198;22088;15110;6351;8759;25499;11699
6354;40 jaar;Mannen;2030;75181;37807;22147;15660;6472;9188;26070;11737
6355;40 jaar;Mannen;2031;78616;38702;22108;16594;6897;9697;26872;11830
6356;40 jaar;Mannen;2032;78046;39118;22013;17105;7092;10013;27184;11934
6357;40 jaar;Mannen;2033;76901;39629;22105;17524;7054;10470;27879;11750
6358;40 jaar;Mannen;2034;76124;39617;22060;17557;7307;10250;27722;11895
6359;40 jaar;Mannen;2035;76085;40410;22072;18338;7364;10974;28462;11948
6360;40 jaar;Mannen;2036;73936;40461;22148;18313;7358;10955;28442;12019
6361;40 jaar;Mannen;2037;73616;41121;22288;18833;7437;11396;28986;12135
6362;40 jaar;Mannen;2038;73043;42017;22355;19662;7735;11927;29863;12154
6363;40 jaar;Mannen;2039;75176;43190;22388;20802;8215;12587;30744;12446
6364;40 jaar;Mannen;2040;75435;43936;22337;21599;8483;13116;31086;12850
6365;40 jaar;Mannen;2041;77654;43757;22339;21418;8376;13042;30905;12852
6366;40 jaar;Mannen;2042;77043;44319;22332;21987;8740;13247;31206;13113
6367;40 jaar;Mannen;2043;75876;44842;22327;22515;9098;13417;31459;13383
6368;40 jaar;Mannen;2044;74302;45308;22326;22982;9441;13541;31655;13653
6369;40 jaar;Mannen;2045;72692;45733;22326;23407;9774;13633;31822;13911
6370;40 jaar;Mannen;2046;71045;46157;22329;23828;10095;13733;31995;14162
6371;40 jaar;Mannen;2047;69505;46526;22333;24193;10396;13797;32128;14398
6372;40 jaar;Mannen;2048;68128;46841;22336;24505;10674;13831;32221;14620
6373;40 jaar;Mannen;2049;67005;47113;22343;24770;10931;13839;32288;14825
6374;40 jaar;Mannen;2050;66048;47345;22350;24995;11169;13826;32333;15012
6375;40 jaar;Vrouwen;2000;103191;21548;14660;6888;5191;1697;9824;11724
6376;40 jaar;Vrouwen;2001;101820;23262;16518;6744;5049;1695;11697;11565
6377;40 jaar;Vrouwen;2002;105580;22661;15722;6939;5336;1603;10722;11939
6378;40 jaar;Vrouwen;2003;104499;24515;17149;7366;5636;1730;12328;12187
6379;40 jaar;Vrouwen;2004;105653;25012;17533;7479;5794;1685;12549;12463
6380;40 jaar;Vrouwen;2005;105943;26583;18798;7785;5999;1786;13605;12978
6381;40 jaar;Vrouwen;2006;103083;26753;18925;7828;6120;1708;13782;12971
6382;40 jaar;Vrouwen;2007;101043;27030;19191;7839;6215;1624;14177;12853
6383;40 jaar;Vrouwen;2008;100512;27109;19180;7929;6259;1670;13860;13249
6384;40 jaar;Vrouwen;2009;100354;28752;20736;8016;6265;1751;15549;13203
6385;40 jaar;Vrouwen;2010;104464;30200;21644;8556;6770;1786;16406;13794
6386;40 jaar;Vrouwen;2011;101219;30724;22500;8224;6246;1978;17292;13432
6387;40 jaar;Vrouwen;2012;96120;30853;22720;8133;6030;2103;17615;13238
6388;40 jaar;Vrouwen;2013;91058;31151;23071;8080;5734;2346;18120;13031
6389;40 jaar;Vrouwen;2014;82930;30617;23018;7599;5193;2406;18004;12613
6390;40 jaar;Vrouwen;2015;78774;30907;23154;7753;5160;2593;18312;12595
6391;40 jaar;Vrouwen;2016;75173;30612;22549;8063;4954;3109;18159;12453
6392;40 jaar;Vrouwen;2017;74002;30730;22177;8553;4969;3584;18155;12575
6393;40 jaar;Vrouwen;2018;72228;32140;22983;9157;5016;4141;19494;12646
6394;40 jaar;Vrouwen;2019;72623;32946;22934;10012;5291;4721;20071;12875
6395;40 jaar;Vrouwen;2020;72116;33507;22986;10521;5312;5209;20632;12875
6396;40 jaar;Vrouwen;2021;73596;34753;22810;11943;5712;6231;21571;13182
6397;40 jaar;Vrouwen;2022;72289;35088;22703;12385;5681;6704;22089;12999
6398;40 jaar;Vrouwen;2023;69594;35015;22921;12094;5565;6529;22225;12790
6399;40 jaar;Vrouwen;2024;68853;35373;23038;12335;5515;6820;22658;12715
6400;40 jaar;Vrouwen;2025;70396;35740;23216;12524;5713;6811;23078;12662
6401;40 jaar;Vrouwen;2026;72190;35997;23271;12726;5632;7094;23347;12650
6402;40 jaar;Vrouwen;2027;74577;36508;23109;13399;6035;7364;23743;12765
6403;40 jaar;Vrouwen;2028;74284;36957;23115;13842;6020;7822;24355;12602
6404;40 jaar;Vrouwen;2029;73630;37776;23132;14644;6279;8365;24967;12809
6405;40 jaar;Vrouwen;2030;74560;38053;23101;14952;6206;8746;25501;12552
6406;40 jaar;Vrouwen;2031;76563;39219;23033;16186;6684;9502;26495;12724
6407;40 jaar;Vrouwen;2032;76906;39377;23012;16365;6794;9571;26656;12721
6408;40 jaar;Vrouwen;2033;75360;39751;22995;16756;6924;9832;27028;12723
6409;40 jaar;Vrouwen;2034;74991;39845;22972;16873;6886;9987;27307;12538
6410;40 jaar;Vrouwen;2035;74691;40540;23007;17533;6990;10543;27880;12660
6411;40 jaar;Vrouwen;2036;72723;40578;23039;17539;7074;10465;27903;12675
6412;40 jaar;Vrouwen;2037;71754;40998;23213;17785;7024;10761;28409;12589
6413;40 jaar;Vrouwen;2038;72248;42158;23356;18802;7363;11439;29427;12731
6414;40 jaar;Vrouwen;2039;73881;43264;23396;19868;7834;12034;30294;12970
6415;40 jaar;Vrouwen;2040;73838;43823;23267;20556;8054;12502;30571;13252
6416;40 jaar;Vrouwen;2041;76277;43759;23268;20491;8016;12475;30342;13417
6417;40 jaar;Vrouwen;2042;75699;44303;23266;21037;8360;12677;30641;13662
6418;40 jaar;Vrouwen;2043;74566;44803;23268;21535;8699;12836;30890;13913
6419;40 jaar;Vrouwen;2044;73031;45245;23267;21978;9029;12949;31081;14164
6420;40 jaar;Vrouwen;2045;71462;45649;23264;22385;9346;13039;31244;14405
6421;40 jaar;Vrouwen;2046;69857;46053;23270;22783;9651;13132;31414;14639
6422;40 jaar;Vrouwen;2047;68358;46405;23274;23131;9940;13191;31544;14861
6423;40 jaar;Vrouwen;2048;67014;46704;23278;23426;10202;13224;31637;15067
6424;40 jaar;Vrouwen;2049;65919;46964;23283;23681;10451;13230;31706;15258
6425;40 jaar;Vrouwen;2050;64993;47183;23288;23895;10678;13217;31748;15435
6426;41 jaar;Totaal mannen en vrouwen;2000;204499;42065;28684;13381;10011;3370;19985;22080
6427;41 jaar;Totaal mannen en vrouwen;2001;208773;43669;29951;13718;10296;3422;21123;22546
6428;41 jaar;Totaal mannen en vrouwen;2002;206377;47512;33976;13536;10158;3378;24924;22588
6429;41 jaar;Totaal mannen en vrouwen;2003;213119;46698;32490;14208;10840;3368;23302;23396
6430;41 jaar;Totaal mannen en vrouwen;2004;211417;50189;35368;14821;11346;3475;26406;23783
6431;41 jaar;Totaal mannen en vrouwen;2005;214430;51622;36385;15237;11678;3559;27177;24445
6432;41 jaar;Totaal mannen en vrouwen;2006;214766;54941;39048;15893;12296;3597;29481;25460
6433;41 jaar;Totaal mannen en vrouwen;2007;209432;55286;39467;15819;12395;3424;29808;25478
6434;41 jaar;Totaal mannen en vrouwen;2008;204674;55732;39896;15836;12524;3312;30474;25258
6435;41 jaar;Totaal mannen en vrouwen;2009;203887;55078;39109;15969;12628;3341;29385;25693
6436;41 jaar;Totaal mannen en vrouwen;2010;202793;58298;42032;16266;12791;3475;32395;25903
6437;41 jaar;Totaal mannen en vrouwen;2011;211571;60924;43555;17369;13664;3705;33941;26983
6438;41 jaar;Totaal mannen en vrouwen;2012;204435;61613;44725;16888;12832;4056;35321;26292
6439;41 jaar;Totaal mannen en vrouwen;2013;194516;61310;44672;16638;12278;4360;35551;25759
6440;41 jaar;Totaal mannen en vrouwen;2014;183310;61402;44913;16489;11760;4729;36107;25295
6441;41 jaar;Totaal mannen en vrouwen;2015;167483;59867;44490;15377;10486;4891;35684;24183
6442;41 jaar;Totaal mannen en vrouwen;2016;159478;60492;44741;15751;10367;5384;36457;24035
6443;41 jaar;Totaal mannen en vrouwen;2017;151881;60053;43593;16460;10145;6315;36146;23907
6444;41 jaar;Totaal mannen en vrouwen;2018;150163;60519;42929;17590;10226;7364;36366;24153
6445;41 jaar;Totaal mannen en vrouwen;2019;146103;62654;44057;18597;10248;8349;38579;24075
6446;41 jaar;Totaal mannen en vrouwen;2020;146728;64406;44106;20300;10765;9535;39836;24570
6447;41 jaar;Totaal mannen en vrouwen;2021;145130;65834;44240;21594;10902;10692;41194;24640
6448;41 jaar;Totaal mannen en vrouwen;2022;148588;68344;44041;24303;11667;12636;43096;25248
6449;41 jaar;Totaal mannen en vrouwen;2023;145116;69550;44230;25320;11649;13671;44558;24992
6450;41 jaar;Totaal mannen en vrouwen;2024;140406;69457;44697;24760;11345;13415;44973;24484
6451;41 jaar;Totaal mannen en vrouwen;2025;138869;69831;44817;25014;11233;13781;45586;24245
6452;41 jaar;Totaal mannen en vrouwen;2026;142189;70685;45084;25601;11657;13944;46411;24274
6453;41 jaar;Totaal mannen en vrouwen;2027;145137;71123;45150;25973;11667;14306;46908;24215
6454;41 jaar;Totaal mannen en vrouwen;2028;149403;72200;44993;27207;12323;14884;47772;24428
6455;41 jaar;Totaal mannen en vrouwen;2029;150280;73076;44995;28081;12276;15805;48855;24221
6456;41 jaar;Totaal mannen en vrouwen;2030;148357;74744;45019;29725;12619;17106;50400;24344
6457;41 jaar;Totaal mannen en vrouwen;2031;149484;75623;45042;30581;12668;17913;51500;24123
6458;41 jaar;Totaal mannen en vrouwen;2032;154899;77684;44933;32751;13568;19183;53295;24389
6459;41 jaar;Totaal mannen en vrouwen;2033;154670;78260;44822;33438;13875;19563;53770;24490
6460;41 jaar;Totaal mannen en vrouwen;2034;151991;79142;44896;34246;13962;20284;54835;24307
6461;41 jaar;Totaal mannen en vrouwen;2035;150850;79224;44829;34395;14179;20216;54957;24267
6462;41 jaar;Totaal mannen en vrouwen;2036;150505;80716;44879;35837;14341;21496;56270;24446
6463;41 jaar;Totaal mannen en vrouwen;2037;146403;80805;44985;35820;14424;21396;56276;24529
6464;41 jaar;Totaal mannen en vrouwen;2038;145118;81875;45292;36583;14447;22136;57319;24556
6465;41 jaar;Totaal mannen en vrouwen;2039;145039;83925;45496;38429;15087;23342;59209;24716
6466;41 jaar;Totaal mannen en vrouwen;2040;148782;86206;45573;40633;16033;24600;60959;25247
6467;41 jaar;Totaal mannen en vrouwen;2041;148994;87512;45395;42117;16522;25595;61578;25934
6468;41 jaar;Totaal mannen en vrouwen;2042;153639;87271;45400;41871;16377;25494;61170;26101
6469;41 jaar;Totaal mannen en vrouwen;2043;152455;88373;45391;42982;17081;25901;61769;26604
6470;41 jaar;Totaal mannen en vrouwen;2044;150160;89398;45388;44010;17780;26230;62272;27126
6471;41 jaar;Totaal mannen en vrouwen;2045;147063;90301;45384;44917;18454;26463;62658;27643
6472;41 jaar;Totaal mannen en vrouwen;2046;143885;91139;45386;45753;19104;26649;62993;28146
6473;41 jaar;Totaal mannen en vrouwen;2047;140650;91965;45398;46567;19727;26840;63335;28630
6474;41 jaar;Totaal mannen en vrouwen;2048;137623;92681;45402;47279;20313;26966;63596;29085
6475;41 jaar;Totaal mannen en vrouwen;2049;134903;93301;45411;47890;20862;27028;63787;29514
6476;41 jaar;Totaal mannen en vrouwen;2050;132696;93829;45423;48406;21361;27045;63920;29909
6477;41 jaar;Mannen;2000;103791;21091;14254;6837;5161;1676;10389;10702
6478;41 jaar;Mannen;2001;105781;21993;15155;6838;5111;1727;11192;10801
6479;41 jaar;Mannen;2002;104751;24158;17358;6800;5114;1686;13159;10999
6480;41 jaar;Mannen;2003;107738;23931;16655;7276;5510;1766;12492;11439
6481;41 jaar;Mannen;2004;107100;25594;18131;7463;5715;1748;14017;11577
6482;41 jaar;Mannen;2005;108964;26544;18779;7765;5890;1875;14572;11972
6483;41 jaar;Mannen;2006;109014;28319;20202;8117;6304;1813;15836;12483
6484;41 jaar;Mannen;2007;106523;28504;20501;8003;6285;1718;15990;12514
6485;41 jaar;Mannen;2008;103796;28677;20669;8008;6318;1690;16268;12409
6486;41 jaar;Mannen;2009;103540;27966;19914;8052;6377;1675;15501;12465
6487;41 jaar;Mannen;2010;102609;29560;21302;8258;6531;1727;16841;12719
6488;41 jaar;Mannen;2011;107297;30751;21931;8820;6897;1923;17536;13215
6489;41 jaar;Mannen;2012;103396;30937;22265;8672;6591;2081;18041;12896
6490;41 jaar;Mannen;2013;98557;30516;22003;8513;6259;2254;17952;12564
6491;41 jaar;Mannen;2014;92398;30323;21906;8417;6032;2385;18012;12311
6492;41 jaar;Mannen;2015;84675;29327;21540;7787;5302;2485;17701;11626
6493;41 jaar;Mannen;2016;80814;29673;21666;8007;5213;2794;18169;11504
6494;41 jaar;Mannen;2017;76802;29533;21127;8406;5197;3209;18008;11525
6495;41 jaar;Mannen;2018;76259;29880;20837;9043;5258;3785;18225;11655
6496;41 jaar;Mannen;2019;73970;30624;21174;9450;5234;4216;19111;11513
6497;41 jaar;Mannen;2020;74203;31575;21277;10298;5478;4820;19792;11783
6498;41 jaar;Mannen;2021;73107;32453;21370;11083;5596;5487;20598;11855
6499;41 jaar;Mannen;2022;75098;33720;21348;12372;5961;6411;21561;12159
6500;41 jaar;Mannen;2023;72934;34592;21647;12945;5972;6973;22504;12088
6501;41 jaar;Mannen;2024;70908;34578;21899;12679;5787;6892;22787;11791
6502;41 jaar;Mannen;2025;70112;34596;21908;12688;5721;6967;22969;11627
6503;41 jaar;Mannen;2026;71890;35090;21999;13091;5948;7143;23378;11712
6504;41 jaar;Mannen;2027;73053;35269;22010;13259;6043;7216;23602;11667
6505;41 jaar;Mannen;2028;74943;35831;22014;13817;6287;7530;24071;11760
6506;41 jaar;Mannen;2029;76108;36263;22012;14251;6263;7988;24544;11719
6507;41 jaar;Mannen;2030;74843;37107;22014;15093;6344;8749;25472;11635
6508;41 jaar;Mannen;2031;75043;37712;22071;15641;6465;9176;26042;11670
6509;41 jaar;Mannen;2032;78459;38611;22032;16579;6891;9688;26846;11765
6510;41 jaar;Mannen;2033;77890;39027;21939;17088;7087;10001;27160;11867
6511;41 jaar;Mannen;2034;76752;39538;22032;17506;7044;10462;27851;11687
6512;41 jaar;Mannen;2035;75978;39524;21986;17538;7301;10237;27696;11828
6513;41 jaar;Mannen;2036;75938;40318;21999;18319;7355;10964;28434;11884
6514;41 jaar;Mannen;2037;73799;40368;22074;18294;7351;10943;28416;11952
6515;41 jaar;Mannen;2038;73476;41025;22211;18814;7431;11383;28960;12065
6516;41 jaar;Mannen;2039;72906;41918;22276;19642;7729;11913;29832;12086
6517;41 jaar;Mannen;2040;75024;43093;22310;20783;8209;12574;30715;12378
6518;41 jaar;Mannen;2041;75280;43839;22259;21580;8478;13102;31057;12782
6519;41 jaar;Mannen;2042;77496;43657;22259;21398;8369;13029;30876;12781
6520;41 jaar;Mannen;2043;76882;44222;22255;21967;8731;13236;31179;13043
6521;41 jaar;Mannen;2044;75717;44746;22253;22493;9087;13406;31433;13313
6522;41 jaar;Mannen;2045;74152;45209;22251;22958;9431;13527;31627;13582
6523;41 jaar;Mannen;2046;72546;45635;22250;23385;9764;13621;31794;13841
6524;41 jaar;Mannen;2047;70909;46056;22253;23803;10084;13719;31967;14089
6525;41 jaar;Mannen;2048;69374;46426;22257;24169;10385;13784;32101;14325
6526;41 jaar;Mannen;2049;68000;46743;22261;24482;10666;13816;32196;14547
6527;41 jaar;Mannen;2050;66879;47013;22267;24746;10921;13825;32260;14753
6528;41 jaar;Vrouwen;2000;100708;20974;14430;6544;4850;1694;9596;11378
6529;41 jaar;Vrouwen;2001;102992;21676;14795;6881;5186;1695;9930;11746
6530;41 jaar;Vrouwen;2002;101628;23353;16617;6736;5043;1693;11765;11588
6531;41 jaar;Vrouwen;2003;105382;22766;15835;6931;5329;1602;10808;11958
6532;41 jaar;Vrouwen;2004;104317;24595;17237;7358;5631;1727;12389;12206
6533;41 jaar;Vrouwen;2005;105463;25081;17609;7472;5789;1683;12607;12474
6534;41 jaar;Vrouwen;2006;105754;26620;18844;7776;5993;1783;13644;12976
6535;41 jaar;Vrouwen;2007;102907;26785;18966;7819;6113;1706;13819;12966
6536;41 jaar;Vrouwen;2008;100875;27058;19227;7831;6209;1622;14208;12850
6537;41 jaar;Vrouwen;2009;100343;27116;19197;7919;6251;1668;13887;13229
6538;41 jaar;Vrouwen;2010;100182;28740;20731;8009;6260;1749;15557;13183
6539;41 jaar;Vrouwen;2011;104277;30170;21624;8546;6761;1785;16404;13766
6540;41 jaar;Vrouwen;2012;101041;30674;22460;8214;6239;1975;17279;13395
6541;41 jaar;Vrouwen;2013;95957;30797;22672;8125;6023;2102;17601;13196
6542;41 jaar;Vrouwen;2014;90914;31077;23006;8071;5728;2343;18095;12982
6543;41 jaar;Vrouwen;2015;82809;30539;22949;7590;5187;2403;17982;12557
6544;41 jaar;Vrouwen;2016;78664;30820;23076;7744;5154;2590;18289;12531
6545;41 jaar;Vrouwen;2017;75079;30520;22467;8053;4946;3107;18139;12381
6546;41 jaar;Vrouwen;2018;73905;30638;22091;8547;4968;3579;18139;12499
6547;41 jaar;Vrouwen;2019;72134;32029;22880;9149;5015;4134;19465;12564
6548;41 jaar;Vrouwen;2020;72527;32829;22826;10003;5289;4714;20041;12788
6549;41 jaar;Vrouwen;2021;72020;33383;22870;10513;5312;5201;20598;12785
6550;41 jaar;Vrouwen;2022;73490;34624;22693;11931;5708;6223;21535;13089
6551;41 jaar;Vrouwen;2023;72182;34958;22584;12374;5677;6697;22053;12905
6552;41 jaar;Vrouwen;2024;69494;34883;22798;12085;5563;6522;22189;12694
6553;41 jaar;Vrouwen;2025;68758;35234;22910;12324;5510;6814;22618;12616
6554;41 jaar;Vrouwen;2026;70301;35594;23084;12510;5708;6802;23032;12562
6555;41 jaar;Vrouwen;2027;72088;35850;23139;12711;5622;7089;23301;12549
6556;41 jaar;Vrouwen;2028;74461;36368;22979;13389;6031;7358;23703;12665
6557;41 jaar;Vrouwen;2029;74169;36817;22985;13832;6017;7815;24314;12503
6558;41 jaar;Vrouwen;2030;73520;37631;23001;14630;6273;8357;24925;12706
6559;41 jaar;Vrouwen;2031;74443;37909;22970;14939;6203;8736;25457;12452
6560;41 jaar;Vrouwen;2032;76439;39075;22905;16170;6676;9494;26451;12624
6561;41 jaar;Vrouwen;2033;76777;39236;22885;16351;6790;9561;26614;12622
6562;41 jaar;Vrouwen;2034;75235;39608;22867;16741;6919;9822;26986;12622
6563;41 jaar;Vrouwen;2035;74871;39701;22844;16857;6880;9977;27261;12440
6564;41 jaar;Vrouwen;2036;74572;40393;22879;17514;6980;10534;27833;12560
6565;41 jaar;Vrouwen;2037;72609;40432;22910;17522;7070;10452;27856;12576
6566;41 jaar;Vrouwen;2038;71643;40849;23081;17768;7016;10752;28361;12488
6567;41 jaar;Vrouwen;2039;72133;42007;23221;18786;7358;11428;29376;12631
6568;41 jaar;Vrouwen;2040;73757;43114;23264;19850;7825;12025;30244;12870
6569;41 jaar;Vrouwen;2041;73714;43673;23136;20537;8044;12493;30521;13152
6570;41 jaar;Vrouwen;2042;76146;43611;23138;20473;8009;12464;30293;13318
6571;41 jaar;Vrouwen;2043;75571;44153;23135;21018;8355;12663;30590;13563
6572;41 jaar;Vrouwen;2044;74442;44653;23136;21517;8693;12824;30841;13812
6573;41 jaar;Vrouwen;2045;72908;45096;23138;21958;9020;12938;31032;14064
6574;41 jaar;Vrouwen;2046;71340;45504;23137;22367;9340;13027;31199;14305
6575;41 jaar;Vrouwen;2047;69744;45905;23142;22763;9643;13120;31365;14540
6576;41 jaar;Vrouwen;2048;68248;46256;23145;23111;9929;13182;31494;14762
6577;41 jaar;Vrouwen;2049;66905;46556;23148;23408;10197;13211;31590;14966
6578;41 jaar;Vrouwen;2050;65819;46814;23155;23659;10438;13221;31657;15157
6579;42 jaar;Totaal mannen en vrouwen;2000;201967;40315;27455;12860;9831;3029;18203;22112
6580;42 jaar;Totaal mannen en vrouwen;2001;204017;42234;28872;13362;9996;3366;20095;22139
6581;42 jaar;Totaal mannen en vrouwen;2002;208275;43813;30115;13698;10281;3417;21211;22602
6582;42 jaar;Totaal mannen en vrouwen;2003;205892;47574;34057;13517;10143;3374;24940;22634
6583;42 jaar;Totaal mannen en vrouwen;2004;212631;46792;32607;14185;10821;3364;23359;23433
6584;42 jaar;Totaal mannen en vrouwen;2005;210941;50229;35428;14801;11331;3470;26406;23823
6585;42 jaar;Totaal mannen en vrouwen;2006;213945;51627;36411;15216;11661;3555;27169;24458
6586;42 jaar;Totaal mannen en vrouwen;2007;214285;54882;39012;15870;12277;3593;29429;25453
6587;42 jaar;Totaal mannen en vrouwen;2008;208971;55225;39425;15800;12380;3420;29755;25470
6588;42 jaar;Totaal mannen en vrouwen;2009;204228;55668;39851;15817;12510;3307;30420;25248
6589;42 jaar;Totaal mannen en vrouwen;2010;203446;55003;39055;15948;12611;3337;29342;25661
6590;42 jaar;Totaal mannen en vrouwen;2011;202356;58177;41931;16246;12776;3470;32313;25864
6591;42 jaar;Totaal mannen en vrouwen;2012;211099;60775;43430;17345;13643;3702;33849;26926
6592;42 jaar;Totaal mannen en vrouwen;2013;203990;61443;44578;16865;12814;4051;35218;26225
6593;42 jaar;Totaal mannen en vrouwen;2014;194110;61145;44527;16618;12265;4353;35460;25685
6594;42 jaar;Totaal mannen en vrouwen;2015;182943;61220;44750;16470;11747;4723;36011;25209
6595;42 jaar;Totaal mannen en vrouwen;2016;167180;59690;44333;15357;10475;4882;35597;24093
6596;42 jaar;Totaal mannen en vrouwen;2017;159199;60302;44570;15732;10354;5378;36370;23932
6597;42 jaar;Totaal mannen en vrouwen;2018;151629;59865;43425;16440;10134;6306;36073;23792
6598;42 jaar;Totaal mannen en vrouwen;2019;149917;60328;42759;17569;10212;7357;36300;24028
6599;42 jaar;Totaal mannen en vrouwen;2020;145868;62439;43863;18576;10237;8339;38497;23942
6600;42 jaar;Totaal mannen en vrouwen;2021;146485;64180;43903;20277;10754;9523;39750;24430
6601;42 jaar;Totaal mannen en vrouwen;2022;144887;65599;44029;21570;10893;10677;41104;24495
6602;42 jaar;Totaal mannen en vrouwen;2023;148325;68094;43821;24273;11651;12622;42999;25095
6603;42 jaar;Totaal mannen en vrouwen;2024;144864;69291;44001;25290;11638;13652;44454;24837
6604;42 jaar;Totaal mannen en vrouwen;2025;140168;69192;44457;24735;11333;13402;44865;24327
6605;42 jaar;Totaal mannen en vrouwen;2026;138646;69556;44573;24983;11217;13766;45473;24083
6606;42 jaar;Totaal mannen en vrouwen;2027;141947;70410;44838;25572;11642;13930;46298;24112
6607;42 jaar;Totaal mannen en vrouwen;2028;144883;70848;44904;25944;11653;14291;46795;24053
6608;42 jaar;Totaal mannen en vrouwen;2029;149129;71928;44750;27178;12309;14869;47664;24264
6609;42 jaar;Totaal mannen en vrouwen;2030;150007;72800;44752;28048;12260;15788;48744;24056
6610;42 jaar;Totaal mannen en vrouwen;2031;148092;74461;44770;29691;12606;17085;50284;24177
6611;42 jaar;Totaal mannen en vrouwen;2032;149210;75344;44796;30548;12654;17894;51387;23957
6612;42 jaar;Totaal mannen en vrouwen;2033;154595;77406;44690;32716;13555;19161;53183;24223
6613;42 jaar;Totaal mannen en vrouwen;2034;154365;77982;44581;33401;13858;19543;53659;24323
6614;42 jaar;Totaal mannen en vrouwen;2035;151695;78863;44653;34210;13947;20263;54721;24142
6615;42 jaar;Totaal mannen en vrouwen;2036;150562;78943;44585;34358;14163;20195;54842;24101
6616;42 jaar;Totaal mannen en vrouwen;2037;150217;80434;44636;35798;14324;21474;56155;24279
6617;42 jaar;Totaal mannen en vrouwen;2038;146126;80524;44742;35782;14409;21373;56160;24364
6618;42 jaar;Totaal mannen en vrouwen;2039;144849;81586;45042;36544;14433;22111;57198;24388
6619;42 jaar;Totaal mannen en vrouwen;2040;144762;83634;45246;38388;15070;23318;59086;24548
6620;42 jaar;Totaal mannen en vrouwen;2041;148495;85904;45314;40590;16015;24575;60828;25076
6621;42 jaar;Totaal mannen en vrouwen;2042;148697;87218;45144;42074;16506;25568;61454;25764
6622;42 jaar;Totaal mannen en vrouwen;2043;153332;86978;45150;41828;16360;25468;61047;25931
6623;42 jaar;Totaal mannen en vrouwen;2044;152146;88081;45141;42940;17066;25874;61646;26435
6624;42 jaar;Totaal mannen en vrouwen;2045;149858;89106;45142;43964;17760;26204;62151;26955
6625;42 jaar;Totaal mannen en vrouwen;2046;146769;90010;45138;44872;18433;26439;62538;27472
6626;42 jaar;Totaal mannen en vrouwen;2047;143603;90847;45143;45704;19081;26623;62873;27974
6627;42 jaar;Totaal mannen en vrouwen;2048;140376;91673;45152;46521;19706;26815;63215;28458
6628;42 jaar;Totaal mannen en vrouwen;2049;137359;92390;45157;47233;20295;26938;63475;28915
6629;42 jaar;Totaal mannen en vrouwen;2050;134648;93008;45167;47841;20838;27003;63667;29341
6630;42 jaar;Mannen;2000;102629;19944;13462;6482;5009;1473;9358;10586
6631;42 jaar;Mannen;2001;103509;21162;14336;6826;5152;1674;10417;10745
6632;42 jaar;Mannen;2002;105491;22049;15222;6827;5103;1724;11209;10840
6633;42 jaar;Mannen;2003;104469;24158;17369;6789;5106;1683;13128;11030
6634;42 jaar;Mannen;2004;107452;23961;16696;7265;5501;1764;12492;11469
6635;42 jaar;Mannen;2005;106825;25585;18133;7452;5707;1745;13981;11604
6636;42 jaar;Mannen;2006;108682;26514;18760;7754;5881;1873;14529;11985
6637;42 jaar;Mannen;2007;108731;28259;20153;8106;6295;1811;15772;12487
6638;42 jaar;Mannen;2008;106256;28438;20448;7990;6274;1716;15925;12513
6639;42 jaar;Mannen;2009;103542;28608;20614;7994;6306;1688;16204;12404
6640;42 jaar;Mannen;2010;103284;27914;19872;8042;6369;1673;15456;12458
6641;42 jaar;Mannen;2011;102363;29480;21236;8244;6520;1724;16774;12706
6642;42 jaar;Mannen;2012;107022;30666;21857;8809;6890;1919;17471;13195
6643;42 jaar;Mannen;2013;103139;30848;22188;8660;6582;2078;17973;12875
6644;42 jaar;Mannen;2014;98324;30437;21935;8502;6250;2252;17897;12540
6645;42 jaar;Mannen;2015;92193;30239;21833;8406;6024;2382;17957;12282
6646;42 jaar;Mannen;2016;84505;29253;21477;7776;5294;2482;17657;11596
6647;42 jaar;Mannen;2017;80659;29594;21597;7997;5207;2790;18126;11468
6648;42 jaar;Mannen;2018;76669;29455;21062;8393;5188;3205;17972;11483
6649;42 jaar;Mannen;2019;76119;29809;20776;9033;5253;3780;18200;11609
6650;42 jaar;Mannen;2020;73841;30545;21107;9438;5228;4210;19080;11465
6651;42 jaar;Mannen;2021;74071;31492;21207;10285;5471;4814;19762;11730
6652;42 jaar;Mannen;2022;72979;32363;21293;11070;5590;5480;20561;11802
6653;42 jaar;Mannen;2023;74955;33623;21266;12357;5954;6403;21523;12100
6654;42 jaar;Mannen;2024;72800;34486;21556;12930;5966;6964;22457;12029
6655;42 jaar;Mannen;2025;70788;34461;21800;12661;5776;6885;22732;11729
6656;42 jaar;Mannen;2026;69991;34484;21810;12674;5715;6959;22917;11567
6657;42 jaar;Mannen;2027;71760;34978;21903;13075;5942;7133;23328;11650
6658;42 jaar;Mannen;2028;72915;35161;21916;13245;6036;7209;23557;11604
6659;42 jaar;Mannen;2029;74799;35719;21917;13802;6282;7520;24023;11696
6660;42 jaar;Mannen;2030;75964;36146;21913;14233;6254;7979;24493;11653
6661;42 jaar;Mannen;2031;74698;36993;21917;15076;6336;8740;25423;11570
6662;42 jaar;Mannen;2032;74894;37599;21973;15626;6459;9167;25993;11606
6663;42 jaar;Mannen;2033;78298;38491;21933;16558;6880;9678;26794;11697
6664;42 jaar;Mannen;2034;77726;38912;21843;17069;7078;9991;27113;11799
6665;42 jaar;Mannen;2035;76594;39420;21932;17488;7040;10448;27803;11617
6666;42 jaar;Mannen;2036;75821;39410;21891;17519;7293;10226;27649;11761
6667;42 jaar;Mannen;2037;75783;40200;21902;18298;7345;10953;28386;11814
6668;42 jaar;Mannen;2038;73649;40252;21976;18276;7344;10932;28368;11884
6669;42 jaar;Mannen;2039;73332;40902;22110;18792;7422;11370;28907;11995
6670;42 jaar;Mannen;2040;72760;41797;22177;19620;7719;11901;29781;12016
6671;42 jaar;Mannen;2041;74870;42965;22205;20760;8196;12564;30659;12306
6672;42 jaar;Mannen;2042;75117;43718;22160;21558;8468;13090;31006;12712
6673;42 jaar;Mannen;2043;77326;43536;22160;21376;8360;13016;30826;12710
6674;42 jaar;Mannen;2044;76714;44099;22155;21944;8722;13222;31127;12972
6675;42 jaar;Mannen;2045;75556;44621;22154;22467;9074;13393;31379;13242
6676;42 jaar;Mannen;2046;73996;45082;22149;22933;9422;13511;31574;13508
6677;42 jaar;Mannen;2047;72393;45512;22152;23360;9753;13607;31743;13769
6678;42 jaar;Mannen;2048;70759;45936;22156;23780;10074;13706;31918;14018
6679;42 jaar;Mannen;2049;69231;46304;22160;24144;10375;13769;32051;14253
6680;42 jaar;Mannen;2050;67862;46620;22164;24456;10654;13802;32145;14475
6681;42 jaar;Vrouwen;2000;99338;20371;13993;6378;4822;1556;8845;11526
6682;42 jaar;Vrouwen;2001;100506;21074;14537;6537;4845;1692;9678;11396
6683;42 jaar;Vrouwen;2002;102783;21765;14893;6872;5178;1694;10004;11761
6684;42 jaar;Vrouwen;2003;101423;23416;16688;6728;5038;1690;11811;11605
6685;42 jaar;Vrouwen;2004;105175;22835;15912;6923;5324;1599;10869;11966
6686;42 jaar;Vrouwen;2005;104116;24644;17294;7350;5624;1726;12425;12219
6687;42 jaar;Vrouwen;2006;105265;25111;17648;7463;5781;1682;12637;12474
6688;42 jaar;Vrouwen;2007;105552;26625;18859;7766;5984;1782;13657;12968
6689;42 jaar;Vrouwen;2008;102716;26787;18976;7811;6107;1704;13831;12956
6690;42 jaar;Vrouwen;2009;100691;27055;19234;7821;6201;1620;14213;12842
6691;42 jaar;Vrouwen;2010;100159;27093;19183;7910;6243;1667;13890;13203
6692;42 jaar;Vrouwen;2011;99998;28692;20692;8000;6253;1747;15537;13155
6693;42 jaar;Vrouwen;2012;104076;30110;21573;8537;6754;1783;16379;13731
6694;42 jaar;Vrouwen;2013;100851;30595;22391;8204;6232;1972;17244;13351
6695;42 jaar;Vrouwen;2014;95786;30708;22594;8114;6015;2099;17564;13144
6696;42 jaar;Vrouwen;2015;90752;30979;22916;8063;5721;2342;18051;12928
6697;42 jaar;Vrouwen;2016;82676;30436;22855;7581;5179;2402;17940;12496
6698;42 jaar;Vrouwen;2017;78540;30708;22972;7736;5147;2589;18245;12463
6699;42 jaar;Vrouwen;2018;74963;30407;22362;8045;4942;3103;18098;12309
6700;42 jaar;Vrouwen;2019;73796;30521;21984;8537;4961;3576;18101;12420
6701;42 jaar;Vrouwen;2020;72023;31898;22759;9139;5009;4130;19420;12478
6702;42 jaar;Vrouwen;2021;72413;32689;22696;9993;5282;4711;19988;12701
6703;42 jaar;Vrouwen;2022;71912;33231;22734;10497;5302;5195;20539;12692
6704;42 jaar;Vrouwen;2023;73369;34472;22553;11919;5701;6218;21477;12995
6705;42 jaar;Vrouwen;2024;72066;34803;22444;12359;5670;6689;21996;12807
6706;42 jaar;Vrouwen;2025;69387;34724;22653;12071;5556;6515;22127;12597
6707;42 jaar;Vrouwen;2026;68652;35076;22765;12311;5502;6809;22558;12518
6708;42 jaar;Vrouwen;2027;70184;35435;22937;12498;5701;6797;22972;12463
6709;42 jaar;Vrouwen;2028;71966;35689;22989;12700;5619;7081;23240;12449
6710;42 jaar;Vrouwen;2029;74330;36208;22833;13375;6026;7349;23641;12567
6711;42 jaar;Vrouwen;2030;74042;36655;22839;13816;6009;7807;24251;12404
6712;42 jaar;Vrouwen;2031;73395;37467;22853;14614;6266;8348;24858;12609
6713;42 jaar;Vrouwen;2032;74314;37746;22823;14923;6195;8728;25394;12352
6714;42 jaar;Vrouwen;2033;76298;38914;22758;16156;6671;9485;26388;12526
6715;42 jaar;Vrouwen;2034;76638;39071;22737;16334;6782;9552;26547;12524
6716;42 jaar;Vrouwen;2035;75102;39442;22719;16723;6911;9812;26918;12524
6717;42 jaar;Vrouwen;2036;74737;39536;22697;16839;6871;9968;27195;12341
6718;42 jaar;Vrouwen;2037;74437;40231;22732;17499;6975;10524;27768;12463
6719;42 jaar;Vrouwen;2038;72478;40271;22763;17508;7065;10443;27792;12479
6720;42 jaar;Vrouwen;2039;71518;40683;22932;17751;7009;10742;28292;12391
6721;42 jaar;Vrouwen;2040;72002;41837;23069;18768;7352;11416;29305;12532
6722;42 jaar;Vrouwen;2041;73622;42942;23110;19832;7820;12012;30171;12771
6723;42 jaar;Vrouwen;2042;73580;43500;22984;20516;8037;12479;30449;13051
6724;42 jaar;Vrouwen;2043;76005;43443;22990;20453;8000;12453;30222;13221
6725;42 jaar;Vrouwen;2044;75432;43982;22985;20997;8345;12652;30518;13464
6726;42 jaar;Vrouwen;2045;74303;44484;22988;21496;8682;12814;30771;13713
6727;42 jaar;Vrouwen;2046;72774;44927;22989;21938;9013;12925;30962;13965
6728;42 jaar;Vrouwen;2047;71209;45335;22990;22345;9329;13016;31130;14205
6729;42 jaar;Vrouwen;2048;69618;45736;22994;22742;9635;13107;31297;14439
6730;42 jaar;Vrouwen;2049;68127;46087;22998;23089;9921;13168;31425;14662
6731;42 jaar;Vrouwen;2050;66788;46386;23002;23384;10185;13199;31519;14867
6732;43 jaar;Totaal mannen en vrouwen;2000;199066;39830;27488;12342;9533;2809;18096;21734
6733;43 jaar;Totaal mannen en vrouwen;2001;201468;40458;27617;12841;9816;3025;18303;22155
6734;43 jaar;Totaal mannen en vrouwen;2002;203515;42344;29004;13340;9980;3360;20157;22187
6735;43 jaar;Totaal mannen en vrouwen;2003;207755;43907;30229;13678;10266;3412;21264;22643
6736;43 jaar;Totaal mannen en vrouwen;2004;205392;47577;34083;13494;10126;3368;24914;22663
6737;43 jaar;Totaal mannen en vrouwen;2005;212116;46836;32671;14165;10807;3358;23379;23457
6738;43 jaar;Totaal mannen en vrouwen;2006;210444;50211;35432;14779;11313;3466;26368;23843
6739;43 jaar;Totaal mannen en vrouwen;2007;213439;51577;36383;15194;11644;3550;27118;24459
6740;43 jaar;Totaal mannen en vrouwen;2008;213782;54777;38930;15847;12259;3588;29341;25436
6741;43 jaar;Totaal mannen en vrouwen;2009;208492;55107;39331;15776;12362;3414;29662;25445
6742;43 jaar;Totaal mannen en vrouwen;2010;203768;55544;39751;15793;12491;3302;30322;25222
6743;43 jaar;Totaal mannen en vrouwen;2011;202990;54875;38949;15926;12595;3331;29263;25612
6744;43 jaar;Totaal mannen en vrouwen;2012;201904;58004;41781;16223;12756;3467;32195;25809
6745;43 jaar;Totaal mannen en vrouwen;2013;210604;60578;43257;17321;13624;3697;33723;26855
6746;43 jaar;Totaal mannen en vrouwen;2014;203523;61225;44382;16843;12798;4045;35078;26147
6747;43 jaar;Totaal mannen en vrouwen;2015;193682;60928;44333;16595;12249;4346;35329;25599
6748;43 jaar;Totaal mannen en vrouwen;2016;182556;60990;44544;16446;11729;4717;35875;25115
6749;43 jaar;Totaal mannen en vrouwen;2017;166852;59467;44129;15338;10460;4878;35476;23991
6750;43 jaar;Totaal mannen en vrouwen;2018;158898;60061;44349;15712;10341;5371;36242;23819
6751;43 jaar;Totaal mannen en vrouwen;2019;151354;59630;43212;16418;10120;6298;35961;23669
6752;43 jaar;Totaal mannen en vrouwen;2020;149645;60095;42548;17547;10201;7346;36195;23900
6753;43 jaar;Totaal mannen en vrouwen;2021;145607;62183;43631;18552;10224;8328;38379;23804
6754;43 jaar;Totaal mannen en vrouwen;2022;146218;63911;43660;20251;10738;9513;39624;24287
6755;43 jaar;Totaal mannen en vrouwen;2023;144623;65323;43780;21543;10878;10665;40979;24344
6756;43 jaar;Totaal mannen en vrouwen;2024;148042;67808;43564;24244;11639;12605;42868;24940
6757;43 jaar;Totaal mannen en vrouwen;2025;144593;68995;43737;25258;11621;13637;44316;24679
6758;43 jaar;Totaal mannen en vrouwen;2026;139914;68882;44179;24703;11319;13384;44715;24167
6759;43 jaar;Totaal mannen en vrouwen;2027;138390;69252;44297;24955;11207;13748;45329;23923
6760;43 jaar;Totaal mannen en vrouwen;2028;141681;70100;44559;25541;11629;13912;46150;23950
6761;43 jaar;Totaal mannen en vrouwen;2029;144608;70535;44623;25912;11638;14274;46647;23888
6762;43 jaar;Totaal mannen en vrouwen;2030;148837;71614;44469;27145;12293;14852;47516;24098
6763;43 jaar;Totaal mannen en vrouwen;2031;149711;72487;44471;28016;12249;15767;48596;23891
6764;43 jaar;Totaal mannen en vrouwen;2032;147801;74148;44491;29657;12590;17067;50136;24012
6765;43 jaar;Totaal mannen en vrouwen;2033;148911;75028;44515;30513;12640;17873;51236;23792
6766;43 jaar;Totaal mannen en vrouwen;2034;154274;77085;44409;32676;13539;19137;53030;24055
6767;43 jaar;Totaal mannen en vrouwen;2035;154042;77665;44303;33362;13843;19519;53510;24155
6768;43 jaar;Totaal mannen en vrouwen;2036;151384;78541;44371;34170;13934;20236;54568;23973
6769;43 jaar;Totaal mannen en vrouwen;2037;150252;78628;44308;34320;14149;20171;54694;23934
6770;43 jaar;Totaal mannen en vrouwen;2038;149912;80111;44355;35756;14307;21449;56000;24111
6771;43 jaar;Totaal mannen en vrouwen;2039;145839;80198;44458;35740;14390;21350;56005;24193
6772;43 jaar;Totaal mannen en vrouwen;2040;144557;81262;44758;36504;14417;22087;57044;24218
6773;43 jaar;Totaal mannen en vrouwen;2041;144473;83305;44957;38348;15054;23294;58928;24377
6774;43 jaar;Totaal mannen en vrouwen;2042;148184;85574;45028;40546;15999;24547;60667;24907
6775;43 jaar;Totaal mannen en vrouwen;2043;148386;86885;44858;42027;16488;25539;61293;25592
6776;43 jaar;Totaal mannen en vrouwen;2044;153003;86647;44866;41781;16342;25439;60889;25758
6777;43 jaar;Totaal mannen en vrouwen;2045;151824;87747;44856;42891;17046;25845;61484;26263
6778;43 jaar;Totaal mannen en vrouwen;2046;149542;88772;44857;43915;17739;26176;61991;26781
6779;43 jaar;Totaal mannen en vrouwen;2047;146456;89680;44855;44825;18415;26410;62380;27300
6780;43 jaar;Totaal mannen en vrouwen;2048;143300;90515;44860;45655;19062;26593;62712;27803
6781;43 jaar;Totaal mannen en vrouwen;2049;140088;91340;44869;46471;19686;26785;63056;28284
6782;43 jaar;Totaal mannen en vrouwen;2050;137075;92062;44878;47184;20275;26909;63320;28742
6783;43 jaar;Mannen;2000;101281;19883;13617;6266;4820;1446;9457;10426
6784;43 jaar;Mannen;2001;102347;20008;13538;6470;4999;1471;9388;10620
6785;43 jaar;Mannen;2002;103216;21205;14391;6814;5144;1670;10424;10781
6786;43 jaar;Mannen;2003;105195;22081;15267;6814;5093;1721;11208;10873
6787;43 jaar;Mannen;2004;104183;24133;17357;6776;5096;1680;13082;11051
6788;43 jaar;Mannen;2005;107156;23965;16712;7253;5492;1761;12473;11492
6789;43 jaar;Mannen;2006;106542;25548;18110;7438;5695;1743;13927;11621
6790;43 jaar;Mannen;2007;108387;26464;18724;7740;5870;1870;14472;11992
6791;43 jaar;Mannen;2008;108444;28175;20083;8092;6283;1809;15693;12482
6792;43 jaar;Mannen;2009;105979;28351;20373;7978;6264;1714;15845;12506
6793;43 jaar;Mannen;2010;103275;28522;20539;7983;6298;1685;16125;12397
6794;43 jaar;Mannen;2011;103025;27835;19807;8028;6358;1670;15391;12444
6795;43 jaar;Mannen;2012;102102;29382;21150;8232;6511;1721;16694;12688
6796;43 jaar;Mannen;2013;106743;30555;21759;8796;6879;1917;17386;13169
6797;43 jaar;Mannen;2014;102877;30733;22086;8647;6574;2073;17887;12846
6798;43 jaar;Mannen;2015;98085;30333;21843;8490;6241;2249;17823;12510
6799;43 jaar;Mannen;2016;91978;30136;21742;8394;6016;2378;17886;12250
6800;43 jaar;Mannen;2017;84328;29155;21391;7764;5286;2478;17595;11560
6801;43 jaar;Mannen;2018;80493;29493;21507;7986;5198;2788;18064;11429
6802;43 jaar;Mannen;2019;76518;29361;20978;8383;5183;3200;17923;11438
6803;43 jaar;Mannen;2020;75975;29713;20692;9021;5247;3774;18153;11560
6804;43 jaar;Mannen;2021;73704;30442;21017;9425;5223;4202;19029;11413
6805;43 jaar;Mannen;2022;73931;31382;21111;10271;5463;4808;19708;11674
6806;43 jaar;Mannen;2023;72843;32251;21196;11055;5580;5475;20506;11745
6807;43 jaar;Mannen;2024;74806;33503;21165;12338;5941;6397;21464;12039
6808;43 jaar;Mannen;2025;72658;34360;21448;12912;5955;6957;22392;11968
6809;43 jaar;Mannen;2026;70651;34330;21684;12646;5770;6876;22662;11668
6810;43 jaar;Mannen;2027;69860;34349;21693;12656;5708;6948;22846;11503
6811;43 jaar;Mannen;2028;71620;34844;21785;13059;5935;7124;23257;11587
6812;43 jaar;Mannen;2029;72775;35025;21798;13227;6026;7201;23484;11541
6813;43 jaar;Mannen;2030;74647;35583;21799;13784;6273;7511;23952;11631
6814;43 jaar;Mannen;2031;75804;36013;21796;14217;6246;7971;24425;11588
6815;43 jaar;Mannen;2032;74546;36857;21799;15058;6330;8728;25354;11503
6816;43 jaar;Mannen;2033;74740;37460;21855;15605;6452;9153;25922;11538
6817;43 jaar;Mannen;2034;78125;38354;21815;16539;6874;9665;26724;11630
6818;43 jaar;Mannen;2035;77555;38775;21728;17047;7069;9978;27043;11732
6819;43 jaar;Mannen;2036;76429;39280;21816;17464;7027;10437;27729;11551
6820;43 jaar;Mannen;2037;75662;39270;21772;17498;7286;10212;27577;11693
6821;43 jaar;Mannen;2038;75619;40063;21787;18276;7339;10937;28317;11746
6822;43 jaar;Mannen;2039;73493;40115;21861;18254;7336;10918;28300;11815
6823;43 jaar;Mannen;2040;73176;40762;21992;18770;7412;11358;28835;11927
6824;43 jaar;Mannen;2041;72607;41656;22057;19599;7712;11887;29711;11945
6825;43 jaar;Mannen;2042;74704;42823;22087;20736;8187;12549;30588;12235
6826;43 jaar;Mannen;2043;74951;43574;22040;21534;8459;13075;30935;12639
6827;43 jaar;Mannen;2044;77150;43391;22041;21350;8350;13000;30753;12638
6828;43 jaar;Mannen;2045;76541;43954;22037;21917;8709;13208;31054;12900
6829;43 jaar;Mannen;2046;75389;44475;22033;22442;9065;13377;31307;13168
6830;43 jaar;Mannen;2047;73827;44942;22033;22909;9412;13497;31505;13437
6831;43 jaar;Mannen;2048;72228;45373;22036;23337;9746;13591;31675;13698
6832;43 jaar;Mannen;2049;70606;45793;22040;23753;10062;13691;31848;13945
6833;43 jaar;Mannen;2050;69081;46162;22044;24118;10362;13756;31981;14181
6834;43 jaar;Vrouwen;2000;97785;19947;13871;6076;4713;1363;8639;11308
6835;43 jaar;Vrouwen;2001;99122;20449;14078;6371;4817;1554;8915;11534
6836;43 jaar;Vrouwen;2002;100298;21140;14612;6528;4838;1690;9733;11407
6837;43 jaar;Vrouwen;2003;102562;21824;14961;6863;5172;1691;10054;11770
6838;43 jaar;Vrouwen;2004;101205;23448;16728;6720;5032;1688;11834;11614
6839;43 jaar;Vrouwen;2005;104956;22875;15961;6914;5317;1597;10908;11967
6840;43 jaar;Vrouwen;2006;103904;24661;17321;7340;5616;1724;12441;12220
6841;43 jaar;Vrouwen;2007;105050;25115;17662;7453;5773;1680;12647;12468
6842;43 jaar;Vrouwen;2008;105336;26604;18847;7757;5977;1780;13650;12954
6843;43 jaar;Vrouwen;2009;102510;26759;18957;7802;6100;1702;13819;12940
6844;43 jaar;Vrouwen;2010;100492;27024;19213;7811;6192;1619;14200;12824
6845;43 jaar;Vrouwen;2011;99963;27042;19142;7900;6236;1664;13874;13168
6846;43 jaar;Vrouwen;2012;99797;28627;20634;7993;6249;1744;15504;13123
6847;43 jaar;Vrouwen;2013;103862;30021;21496;8525;6746;1779;16333;13688
6848;43 jaar;Vrouwen;2014;100648;30490;22294;8196;6227;1969;17189;13301
6849;43 jaar;Vrouwen;2015;95595;30597;22491;8106;6008;2098;17508;13089
6850;43 jaar;Vrouwen;2016;90576;30856;22803;8053;5716;2337;17991;12865
6851;43 jaar;Vrouwen;2017;82526;30310;22737;7573;5174;2399;17880;12430
6852;43 jaar;Vrouwen;2018;78403;30569;22843;7726;5143;2583;18178;12391
6853;43 jaar;Vrouwen;2019;74835;30270;22234;8036;4936;3100;18038;12232
6854;43 jaar;Vrouwen;2020;73672;30380;21855;8525;4954;3571;18041;12339
6855;43 jaar;Vrouwen;2021;71907;31737;22611;9126;5000;4126;19348;12389
6856;43 jaar;Vrouwen;2022;72288;32528;22548;9980;5275;4705;19917;12611
6857;43 jaar;Vrouwen;2023;71783;33070;22583;10487;5298;5189;20470;12600
6858;43 jaar;Vrouwen;2024;73237;34304;22400;11904;5693;6211;21404;12900
6859;43 jaar;Vrouwen;2025;71935;34635;22289;12346;5664;6682;21925;12710
6860;43 jaar;Vrouwen;2026;69262;34552;22493;12059;5552;6507;22054;12498
6861;43 jaar;Vrouwen;2027;68533;34900;22602;12298;5499;6799;22482;12418
6862;43 jaar;Vrouwen;2028;70061;35255;22771;12484;5698;6786;22892;12363
6863;43 jaar;Vrouwen;2029;71835;35508;22823;12685;5612;7073;23160;12348
6864;43 jaar;Vrouwen;2030;74193;36028;22668;13360;6018;7342;23563;12465
6865;43 jaar;Vrouwen;2031;73907;36474;22675;13799;5999;7800;24173;12301
6866;43 jaar;Vrouwen;2032;73257;37289;22690;14599;6261;8338;24781;12508
6867;43 jaar;Vrouwen;2033;74170;37569;22661;14908;6191;8717;25315;12254
6868;43 jaar;Vrouwen;2034;76150;38730;22593;16137;6665;9472;26306;12424
6869;43 jaar;Vrouwen;2035;76488;38889;22574;16315;6774;9541;26467;12422
6870;43 jaar;Vrouwen;2036;74956;39261;22557;16704;6903;9801;26836;12425
6871;43 jaar;Vrouwen;2037;74592;39357;22533;16824;6866;9958;27114;12243
6872;43 jaar;Vrouwen;2038;74295;40046;22568;17478;6967;10511;27683;12363
6873;43 jaar;Vrouwen;2039;72338;40091;22602;17489;7058;10431;27710;12381
6874;43 jaar;Vrouwen;2040;71382;40499;22765;17734;7005;10729;28208;12291
6875;43 jaar;Vrouwen;2041;71863;41652;22903;18749;7343;11406;29218;12434
6876;43 jaar;Vrouwen;2042;73478;42753;22942;19811;7809;12002;30082;12671
6877;43 jaar;Vrouwen;2043;73431;43315;22819;20496;8031;12465;30362;12953
6878;43 jaar;Vrouwen;2044;75854;43255;22824;20431;7993;12438;30135;13120
6879;43 jaar;Vrouwen;2045;75276;43799;22822;20977;8338;12639;30435;13364
6880;43 jaar;Vrouwen;2046;74153;44297;22823;21474;8676;12798;30683;13614
6881;43 jaar;Vrouwen;2047;72631;44736;22823;21913;9002;12911;30874;13862
6882;43 jaar;Vrouwen;2048;71067;45148;22826;22322;9320;13002;31042;14106
6883;43 jaar;Vrouwen;2049;69481;45548;22830;22718;9625;13093;31208;14340
6884;43 jaar;Vrouwen;2050;67994;45901;22834;23067;9914;13153;31340;14561
6885;44 jaar;Totaal mannen en vrouwen;2000;195546;38354;26007;12347;9642;2705;16472;21882
6886;44 jaar;Totaal mannen en vrouwen;2001;198558;39932;27611;12321;9517;2804;18164;21768
6887;44 jaar;Totaal mannen en vrouwen;2002;200953;40551;27732;12819;9800;3019;18362;22189
6888;44 jaar;Totaal mannen en vrouwen;2003;202990;42407;29089;13318;9963;3355;20186;22221
6889;44 jaar;Totaal mannen en vrouwen;2004;207224;43945;30292;13653;10247;3406;21275;22670
6890;44 jaar;Totaal mannen en vrouwen;2005;204875;47537;34065;13472;10109;3363;24859;22678
6891;44 jaar;Totaal mannen en vrouwen;2006;211579;46830;32687;14143;10791;3352;23363;23467
6892;44 jaar;Totaal mannen en vrouwen;2007;209928;50143;35389;14754;11295;3459;26294;23849
6893;44 jaar;Totaal mannen en vrouwen;2008;212912;51478;36309;15169;11625;3544;27034;24444
6894;44 jaar;Totaal mannen en vrouwen;2009;213251;54630;38808;15822;12240;3582;29224;25406
6895;44 jaar;Totaal mannen en vrouwen;2010;207992;54949;39198;15751;12344;3407;29540;25409
6896;44 jaar;Totaal mannen en vrouwen;2011;203278;55387;39618;15769;12474;3295;30203;25184
6897;44 jaar;Totaal mannen en vrouwen;2012;202509;54710;38806;15904;12577;3327;29157;25553
6898;44 jaar;Totaal mannen en vrouwen;2013;201426;57797;41598;16199;12738;3461;32054;25743
6899;44 jaar;Totaal mannen en vrouwen;2014;210091;60347;43049;17298;13608;3690;33571;26776
6900;44 jaar;Totaal mannen en vrouwen;2015;203040;60968;44151;16817;12779;4038;34908;26060
6901;44 jaar;Totaal mannen en vrouwen;2016;193230;60678;44107;16571;12231;4340;35173;25505
6902;44 jaar;Totaal mannen en vrouwen;2017;182145;60725;44302;16423;11713;4710;35713;25012
6903;44 jaar;Totaal mannen en vrouwen;2018;166505;59203;43888;15315;10444;4871;35321;23882
6904;44 jaar;Totaal mannen en vrouwen;2019;158576;59787;44098;15689;10325;5364;36088;23699
6905;44 jaar;Totaal mannen en vrouwen;2020;151060;59360;42966;16394;10104;6290;35817;23543
6906;44 jaar;Totaal mannen en vrouwen;2021;149350;59823;42300;17523;10189;7334;36059;23764
6907;44 jaar;Totaal mannen en vrouwen;2022;145332;61891;43365;18526;10209;8317;38227;23664
6908;44 jaar;Totaal mannen en vrouwen;2023;145932;63611;43388;20223;10722;9501;39471;24140
6909;44 jaar;Totaal mannen en vrouwen;2024;144341;65013;43500;21513;10862;10651;40818;24195
6910;44 jaar;Totaal mannen en vrouwen;2025;147740;67491;43281;24210;11620;12590;42706;24785
6911;44 jaar;Totaal mannen en vrouwen;2026;144303;68669;43445;25224;11605;13619;44147;24522
6912;44 jaar;Totaal mannen en vrouwen;2027;139641;68544;43875;24669;11304;13365;44538;24006
6913;44 jaar;Totaal mannen en vrouwen;2028;138124;68913;43992;24921;11191;13730;45151;23762
6914;44 jaar;Totaal mannen en vrouwen;2029;141399;69760;44252;25508;11613;13895;45974;23786
6915;44 jaar;Totaal mannen en vrouwen;2030;144315;70194;44314;25880;11626;14254;46470;23724
6916;44 jaar;Totaal mannen en vrouwen;2031;148530;71270;44162;27108;12276;14832;47339;23931
6917;44 jaar;Totaal mannen en vrouwen;2032;149399;72145;44166;27979;12232;15747;48420;23725
6918;44 jaar;Totaal mannen en vrouwen;2033;147497;73801;44182;29619;12574;17045;49955;23846
6919;44 jaar;Totaal mannen en vrouwen;2034;148604;74679;44207;30472;12621;17851;51054;23625
6920;44 jaar;Totaal mannen en vrouwen;2035;153937;76734;44099;32635;13521;19114;52848;23886
6921;44 jaar;Totaal mannen en vrouwen;2036;153707;77318;43998;33320;13825;19495;53330;23988
6922;44 jaar;Totaal mannen en vrouwen;2037;151052;78195;44067;34128;13915;20213;54386;23809
6923;44 jaar;Totaal mannen en vrouwen;2038;149931;78281;44004;34277;14131;20146;54511;23770
6924;44 jaar;Totaal mannen en vrouwen;2039;149588;79762;44051;35711;14290;21421;55817;23945
6925;44 jaar;Totaal mannen en vrouwen;2040;145528;79851;44156;35695;14372;21323;55823;24028
6926;44 jaar;Totaal mannen en vrouwen;2041;144251;80906;44448;36458;14398;22060;56854;24052
6927;44 jaar;Totaal mannen en vrouwen;2042;144168;82944;44645;38299;15035;23264;58734;24210
6928;44 jaar;Totaal mannen en vrouwen;2043;147858;85209;44713;40496;15979;24517;60471;24738
6929;44 jaar;Totaal mannen en vrouwen;2044;148057;86529;44551;41978;16469;25509;61106;25423
6930;44 jaar;Totaal mannen en vrouwen;2045;152661;86290;44558;41732;16321;25411;60699;25591
6931;44 jaar;Totaal mannen en vrouwen;2046;151482;87393;44551;42842;17027;25815;61298;26095
6932;44 jaar;Totaal mannen en vrouwen;2047;149210;88413;44550;43863;17719;26144;61800;26613
6933;44 jaar;Totaal mannen en vrouwen;2048;146130;89319;44549;44770;18393;26377;62190;27129
6934;44 jaar;Totaal mannen en vrouwen;2049;142988;90157;44554;45603;19040;26563;62526;27631
6935;44 jaar;Totaal mannen en vrouwen;2050;139783;90979;44564;46415;19661;26754;62867;28112
6936;44 jaar;Mannen;2000;98981;18840;12570;6270;4895;1375;8310;10530
6937;44 jaar;Mannen;2001;100990;19930;13676;6254;4810;1444;9468;10462
6938;44 jaar;Mannen;2002;102051;20055;13596;6459;4992;1467;9402;10653
6939;44 jaar;Mannen;2003;102916;21228;14428;6800;5133;1667;10416;10812
6940;44 jaar;Mannen;2004;104888;22093;15290;6803;5085;1718;11191;10902
6941;44 jaar;Mannen;2005;103889;24094;17329;6765;5087;1678;13022;11072
6942;44 jaar;Mannen;2006;106858;23945;16708;7237;5479;1758;12438;11507
6943;44 jaar;Mannen;2007;106248;25494;18069;7425;5687;1738;13859;11635
6944;44 jaar;Mannen;2008;108085;26395;18667;7728;5861;1867;14401;11994
6945;44 jaar;Mannen;2009;108145;28077;19998;8079;6274;1805;15600;12477
6946;44 jaar;Mannen;2010;105699;28245;20283;7962;6251;1711;15751;12494
6947;44 jaar;Mannen;2011;103001;28421;20450;7971;6288;1683;16035;12386
6948;44 jaar;Mannen;2012;102757;27741;19727;8014;6346;1668;15315;12426
6949;44 jaar;Mannen;2013;101838;29269;21050;8219;6500;1719;16603;12666
6950;44 jaar;Mannen;2014;106458;30431;21650;8781;6870;1911;17293;13138
6951;44 jaar;Mannen;2015;102606;30608;21973;8635;6563;2072;17791;12817
6952;44 jaar;Mannen;2016;97837;30216;21739;8477;6231;2246;17738;12478
6953;44 jaar;Mannen;2017;91756;30014;21634;8380;6004;2376;17802;12212
6954;44 jaar;Mannen;2018;84141;29042;21289;7753;5278;2475;17520;11522
6955;44 jaar;Mannen;2019;80322;29378;21404;7974;5191;2783;17991;11387
6956;44 jaar;Mannen;2020;76364;29249;20879;8370;5174;3196;17857;11392
6957;44 jaar;Mannen;2021;75821;29601;20595;9006;5237;3769;18092;11509
6958;44 jaar;Mannen;2022;73560;30321;20911;9410;5214;4196;18960;11361
6959;44 jaar;Mannen;2023;73782;31257;21003;10254;5453;4801;19638;11619
6960;44 jaar;Mannen;2024;72694;32124;21085;11039;5572;5467;20435;11689
6961;44 jaar;Mannen;2025;74644;33375;21052;12323;5937;6386;21393;11982
6962;44 jaar;Mannen;2026;72508;34219;21324;12895;5948;6947;22310;11909
6963;44 jaar;Mannen;2027;70513;34180;21554;12626;5760;6866;22574;11606
6964;44 jaar;Mannen;2028;69723;34203;21563;12640;5699;6941;22760;11443
6965;44 jaar;Mannen;2029;71478;34693;21654;13039;5923;7116;23171;11522
6966;44 jaar;Mannen;2030;72626;34877;21668;13209;6019;7190;23401;11476
6967;44 jaar;Mannen;2031;74488;35435;21671;13764;6263;7501;23868;11567
6968;44 jaar;Mannen;2032;75640;35866;21668;14198;6240;7958;24341;11525
6969;44 jaar;Mannen;2033;74388;36707;21669;15038;6320;8718;25267;11440
6970;44 jaar;Mannen;2034;74583;37307;21723;15584;6441;9143;25834;11473
6971;44 jaar;Mannen;2035;77948;38200;21683;16517;6866;9651;26636;11564
6972;44 jaar;Mannen;2036;77381;38622;21599;17023;7058;9965;26958;11664
6973;44 jaar;Mannen;2037;76257;39128;21685;17443;7020;10423;27644;11484
6974;44 jaar;Mannen;2038;75494;39119;21643;17476;7276;10200;27493;11626
6975;44 jaar;Mannen;2039;75449;39911;21657;18254;7331;10923;28229;11682
6976;44 jaar;Mannen;2040;73335;39960;21730;18230;7325;10905;28211;11749
6977;44 jaar;Mannen;2041;73017;40604;21858;18746;7404;11342;28746;11858
6978;44 jaar;Mannen;2042;72451;41495;21922;19573;7700;11873;29618;11877
6979;44 jaar;Mannen;2043;74538;42659;21950;20709;8177;12532;30493;12166
6980;44 jaar;Mannen;2044;74783;43412;21907;21505;8446;13059;30843;12569
6981;44 jaar;Mannen;2045;76972;43232;21908;21324;8342;12982;30663;12569
6982;44 jaar;Mannen;2046;76364;43795;21904;21891;8701;13190;30966;12829
6983;44 jaar;Mannen;2047;75214;44315;21901;22414;9055;13359;31217;13098
6984;44 jaar;Mannen;2048;73655;44785;21904;22881;9402;13479;31417;13368
6985;44 jaar;Mannen;2049;72068;45213;21904;23309;9732;13577;31587;13626
6986;44 jaar;Mannen;2050;70447;45634;21909;23725;10051;13674;31759;13875
6987;44 jaar;Vrouwen;2000;96565;19514;13437;6077;4747;1330;8162;11352
6988;44 jaar;Vrouwen;2001;97565;20005;13937;6068;4707;1361;8697;11308
6989;44 jaar;Vrouwen;2002;98900;20498;14137;6361;4809;1552;8962;11536
6990;44 jaar;Vrouwen;2003;100072;21181;14662;6519;4832;1687;9770;11411
6991;44 jaar;Vrouwen;2004;102331;21857;15004;6853;5164;1689;10088;11769
6992;44 jaar;Vrouwen;2005;100979;23450;16739;6711;5025;1686;11838;11612
6993;44 jaar;Vrouwen;2006;104721;22885;15980;6905;5309;1596;10925;11960
6994;44 jaar;Vrouwen;2007;103678;24651;17321;7330;5608;1722;12435;12216
6995;44 jaar;Vrouwen;2008;104823;25087;17645;7442;5764;1678;12635;12452
6996;44 jaar;Vrouwen;2009;105107;26552;18807;7745;5968;1777;13623;12929
6997;44 jaar;Vrouwen;2010;102291;26706;18915;7791;6090;1701;13790;12916
6998;44 jaar;Vrouwen;2011;100277;26966;19166;7800;6184;1616;14168;12798
6999;44 jaar;Vrouwen;2012;99752;26968;19078;7890;6228;1662;13841;13127
7000;44 jaar;Vrouwen;2013;99586;28529;20551;7978;6236;1742;15453;13076
7001;44 jaar;Vrouwen;2014;103638;29911;21399;8512;6734;1778;16275;13636
7002;44 jaar;Vrouwen;2015;100429;30365;22180;8185;6218;1967;17120;13245
7003;44 jaar;Vrouwen;2016;95396;30460;22368;8092;5997;2095;17434;13026
7004;44 jaar;Vrouwen;2017;90389;30711;22669;8042;5706;2336;17910;12801
7005;44 jaar;Vrouwen;2018;82362;30163;22601;7562;5167;2395;17803;12360
7006;44 jaar;Vrouwen;2019;78253;30411;22695;7716;5136;2580;18098;12313
7007;44 jaar;Vrouwen;2020;74694;30113;22087;8026;4930;3096;17961;12152
7008;44 jaar;Vrouwen;2021;73531;30221;21706;8515;4947;3568;17968;12253
7009;44 jaar;Vrouwen;2022;71773;31568;22453;9115;4995;4120;19267;12301
7010;44 jaar;Vrouwen;2023;72150;32353;22385;9968;5268;4700;19833;12520
7011;44 jaar;Vrouwen;2024;71645;32891;22417;10474;5290;5184;20385;12506
7012;44 jaar;Vrouwen;2025;73089;34123;22233;11890;5686;6204;21319;12804
7013;44 jaar;Vrouwen;2026;71795;34450;22121;12329;5655;6674;21837;12613
7014;44 jaar;Vrouwen;2027;69130;34362;22321;12041;5541;6500;21963;12399
7015;44 jaar;Vrouwen;2028;68400;34711;22430;12281;5490;6791;22391;12320
7016;44 jaar;Vrouwen;2029;69925;35063;22596;12467;5687;6780;22799;12264
7017;44 jaar;Vrouwen;2030;71688;35318;22648;12670;5606;7064;23069;12249
7018;44 jaar;Vrouwen;2031;74041;35836;22492;13344;6011;7333;23471;12365
7019;44 jaar;Vrouwen;2032;73756;36283;22499;13784;5996;7788;24080;12203
7020;44 jaar;Vrouwen;2033;73110;37093;22513;14580;6254;8326;24686;12407
7021;44 jaar;Vrouwen;2034;74022;37371;22483;14888;6181;8707;25218;12153
7022;44 jaar;Vrouwen;2035;75986;38537;22418;16119;6657;9462;26212;12325
7023;44 jaar;Vrouwen;2036;76328;38694;22399;16295;6768;9527;26372;12322
7024;44 jaar;Vrouwen;2037;74797;39065;22380;16685;6894;9791;26741;12324
7025;44 jaar;Vrouwen;2038;74437;39162;22360;16802;6855;9947;27019;12143
7026;44 jaar;Vrouwen;2039;74135;39854;22396;17458;6958;10500;27589;12265
7027;44 jaar;Vrouwen;2040;72192;39893;22426;17467;7048;10419;27612;12281
7028;44 jaar;Vrouwen;2041;71237;40299;22588;17711;6993;10718;28107;12192
7029;44 jaar;Vrouwen;2042;71718;41448;22723;18725;7334;11391;29114;12334
7030;44 jaar;Vrouwen;2043;73322;42548;22761;19787;7803;11984;29977;12571
7031;44 jaar;Vrouwen;2044;73276;43115;22642;20473;8022;12451;30262;12853
7032;44 jaar;Vrouwen;2045;75691;43056;22648;20408;7981;12427;30035;13021
7033;44 jaar;Vrouwen;2046;75119;43597;22645;20952;8327;12625;30332;13265
7034;44 jaar;Vrouwen;2047;73997;44097;22648;21449;8666;12783;30584;13513
7035;44 jaar;Vrouwen;2048;72472;44537;22648;21889;8992;12897;30773;13764
7036;44 jaar;Vrouwen;2049;70919;44945;22648;22297;9310;12987;30940;14005
7037;44 jaar;Vrouwen;2050;69334;45347;22655;22692;9613;13079;31108;14239
7038;45 jaar;Totaal mannen en vrouwen;2000;193645;37532;25400;12132;9599;2533;15524;22008
7039;45 jaar;Totaal mannen en vrouwen;2001;195035;38447;26123;12324;9624;2700;16541;21906
7040;45 jaar;Totaal mannen en vrouwen;2002;198028;39995;27697;12298;9499;2799;18201;21794
7041;45 jaar;Totaal mannen en vrouwen;2003;200416;40602;27807;12795;9780;3015;18392;22210
7042;45 jaar;Totaal mannen en vrouwen;2004;202452;42425;29132;13293;9945;3348;20183;22242
7043;45 jaar;Totaal mannen en vrouwen;2005;206670;43948;30318;13630;10230;3400;21262;22686
7044;45 jaar;Totaal mannen en vrouwen;2006;204329;47464;34014;13450;10094;3356;24778;22686
7045;45 jaar;Totaal mannen en vrouwen;2007;211026;46777;32658;14119;10773;3346;23312;23465
7046;45 jaar;Totaal mannen en vrouwen;2008;209389;50036;35308;14728;11275;3453;26192;23844
7047;45 jaar;Totaal mannen en vrouwen;2009;212366;51344;36202;15142;11605;3537;26922;24422
7048;45 jaar;Totaal mannen en vrouwen;2010;212708;54441;38646;15795;12221;3574;29077;25364
7049;45 jaar;Totaal mannen en vrouwen;2011;207470;54757;39031;15726;12324;3402;29393;25364
7050;45 jaar;Totaal mannen en vrouwen;2012;202776;55192;39449;15743;12452;3291;30055;25137
7051;45 jaar;Totaal mannen en vrouwen;2013;202009;54511;38633;15878;12557;3321;29025;25486
7052;45 jaar;Totaal mannen en vrouwen;2014;200929;57555;41382;16173;12719;3454;31887;25668
7053;45 jaar;Totaal mannen en vrouwen;2015;209561;60080;42811;17269;13583;3686;33392;26688
7054;45 jaar;Totaal mannen en vrouwen;2016;202533;60680;43890;16790;12758;4032;34715;25965
7055;45 jaar;Totaal mannen en vrouwen;2017;192762;60391;43845;16546;12213;4333;34988;25403
7056;45 jaar;Totaal mannen en vrouwen;2018;181722;60424;44028;16396;11693;4703;35519;24905
7057;45 jaar;Totaal mannen en vrouwen;2019;166134;58912;43621;15291;10427;4864;35142;23770
7058;45 jaar;Totaal mannen en vrouwen;2020;158236;59480;43815;15665;10311;5354;35903;23577
7059;45 jaar;Totaal mannen en vrouwen;2021;150747;59059;42690;16369;10088;6281;35645;23414
7060;45 jaar;Totaal mannen en vrouwen;2022;149044;59519;42026;17493;10170;7323;35891;23628
7061;45 jaar;Totaal mannen en vrouwen;2023;145032;61573;43074;18499;10194;8305;38048;23525
7062;45 jaar;Totaal mannen en vrouwen;2024;145628;63283;43091;20192;10708;9484;39287;23996
7063;45 jaar;Totaal mannen en vrouwen;2025;144039;64679;43198;21481;10850;10631;40632;24047
7064;45 jaar;Totaal mannen en vrouwen;2026;147418;67152;42977;24175;11606;12569;42518;24634
7065;45 jaar;Totaal mannen en vrouwen;2027;143995;68320;43132;25188;11590;13598;43953;24367
7066;45 jaar;Totaal mannen en vrouwen;2028;139349;68186;43553;24633;11288;13345;44336;23850
7067;45 jaar;Totaal mannen en vrouwen;2029;137839;68551;43667;24884;11173;13711;44947;23604
7068;45 jaar;Totaal mannen en vrouwen;2030;141104;69392;43923;25469;11596;13873;45766;23626
7069;45 jaar;Totaal mannen en vrouwen;2031;144005;69829;43987;25842;11608;14234;46263;23566
7070;45 jaar;Totaal mannen en vrouwen;2032;148207;70905;43835;27070;12256;14814;47133;23772
7071;45 jaar;Totaal mannen en vrouwen;2033;149069;71781;43839;27942;12216;15726;48214;23567
7072;45 jaar;Totaal mannen en vrouwen;2034;147170;73434;43855;29579;12559;17020;49748;23686
7073;45 jaar;Totaal mannen en vrouwen;2035;148278;74309;43879;30430;12603;17827;50844;23465
7074;45 jaar;Totaal mannen en vrouwen;2036;153586;76361;43772;32589;13504;19085;52637;23724
7075;45 jaar;Totaal mannen en vrouwen;2037;153356;76944;43671;33273;13806;19467;53120;23824
7076;45 jaar;Totaal mannen en vrouwen;2038;150717;77819;43740;34079;13894;20185;54172;23647
7077;45 jaar;Totaal mannen en vrouwen;2039;149593;77908;43678;34230;14112;20118;54300;23608
7078;45 jaar;Totaal mannen en vrouwen;2040;149250;79390;43728;35662;14269;21393;55605;23785
7079;45 jaar;Totaal mannen en vrouwen;2041;145207;79476;43828;35648;14354;21294;55610;23866
7080;45 jaar;Totaal mannen en vrouwen;2042;143931;80525;44117;36408;14378;22030;56637;23888
7081;45 jaar;Totaal mannen en vrouwen;2043;143846;82560;44311;38249;15017;23232;58512;24048
7082;45 jaar;Totaal mannen en vrouwen;2044;147520;84819;44378;40441;15957;24484;60247;24572
7083;45 jaar;Totaal mannen en vrouwen;2045;147721;86135;44214;41921;16444;25477;60879;25256
7084;45 jaar;Totaal mannen en vrouwen;2046;152307;85904;44226;41678;16302;25376;60480;25424
7085;45 jaar;Totaal mannen en vrouwen;2047;151130;87004;44219;42785;17004;25781;61076;25928
7086;45 jaar;Totaal mannen en vrouwen;2048;148861;88028;44220;43808;17700;26108;61581;26447
7087;45 jaar;Totaal mannen en vrouwen;2049;145794;88931;44220;44711;18367;26344;61969;26962
7088;45 jaar;Totaal mannen en vrouwen;2050;142660;89769;44224;45545;19017;26528;62305;27464
7089;45 jaar;Mannen;2000;98784;18319;12164;6155;4830;1325;7671;10648
7090;45 jaar;Mannen;2001;98695;18893;12636;6257;4885;1372;8331;10562
7091;45 jaar;Mannen;2002;100694;19956;13715;6241;4801;1440;9463;10493
7092;45 jaar;Mannen;2003;101749;20082;13637;6445;4980;1465;9402;10680
7093;45 jaar;Mannen;2004;102613;21235;14448;6787;5123;1664;10398;10837
7094;45 jaar;Mannen;2005;104584;22085;15297;6788;5073;1715;11162;10923
7095;45 jaar;Mannen;2006;103589;24035;17286;6749;5075;1674;12952;11083
7096;45 jaar;Mannen;2007;106550;23908;16684;7224;5470;1754;12390;11518
7097;45 jaar;Mannen;2008;105945;25424;18012;7412;5676;1736;13782;11642
7098;45 jaar;Mannen;2009;107784;26308;18596;7712;5848;1864;14317;11991
7099;45 jaar;Mannen;2010;107843;27961;19899;8062;6260;1802;15497;12464
7100;45 jaar;Mannen;2011;105407;28129;20181;7948;6241;1707;15648;12481
7101;45 jaar;Mannen;2012;102725;28306;20350;7956;6276;1680;15934;12372
7102;45 jaar;Mannen;2013;102485;27634;19636;7998;6334;1664;15228;12406
7103;45 jaar;Mannen;2014;101569;29139;20935;8204;6489;1715;16499;12640
7104;45 jaar;Mannen;2015;106162;30297;21530;8767;6858;1909;17190;13107
7105;45 jaar;Mannen;2016;102333;30464;21846;8618;6551;2067;17683;12781
7106;45 jaar;Mannen;2017;97587;30081;21619;8462;6220;2242;17640;12441
7107;45 jaar;Mannen;2018;91531;29877;21511;8366;5996;2370;17704;12173
7108;45 jaar;Mannen;2019;83947;28915;21177;7738;5266;2472;17432;11483
7109;45 jaar;Mannen;2020;80142;29248;21286;7962;5183;2779;17902;11346
7110;45 jaar;Mannen;2021;76205;29122;20767;8355;5165;3190;17777;11345
7111;45 jaar;Mannen;2022;75662;29474;20483;8991;5229;3762;18014;11460
7112;45 jaar;Mannen;2023;73404;30193;20795;9398;5207;4191;18880;11313
7113;45 jaar;Mannen;2024;73626;31119;20881;10238;5444;4794;19552;11567
7114;45 jaar;Mannen;2025;72541;31981;20960;11021;5564;5457;20347;11634
7115;45 jaar;Mannen;2026;74484;33225;20922;12303;5926;6377;21301;11924
7116;45 jaar;Mannen;2027;72353;34066;21191;12875;5940;6935;22215;11851
7117;45 jaar;Mannen;2028;70365;34021;21414;12607;5750;6857;22473;11548
7118;45 jaar;Mannen;2029;69581;34042;21422;12620;5691;6929;22660;11382
7119;45 jaar;Mannen;2030;71326;34534;21513;13021;5916;7105;23071;11463
7120;45 jaar;Mannen;2031;72469;34717;21526;13191;6012;7179;23301;11416
7121;45 jaar;Mannen;2032;74327;35274;21530;13744;6255;7489;23768;11506
7122;45 jaar;Mannen;2033;75475;35701;21525;14176;6230;7946;24239;11462
7123;45 jaar;Mannen;2034;74225;36543;21528;15015;6311;8704;25166;11377
7124;45 jaar;Mannen;2035;74416;37144;21581;15563;6434;9129;25734;11410
7125;45 jaar;Mannen;2036;77769;38034;21542;16492;6852;9640;26534;11500
7126;45 jaar;Mannen;2037;77204;38455;21457;16998;7045;9953;26855;11600
7127;45 jaar;Mannen;2038;76084;38963;21545;17418;7012;10406;27542;11421
7128;45 jaar;Mannen;2039;75321;38957;21506;17451;7265;10186;27394;11563
7129;45 jaar;Mannen;2040;75279;39745;21518;18227;7318;10909;28128;11617
7130;45 jaar;Mannen;2041;73173;39793;21589;18204;7316;10888;28109;11684
7131;45 jaar;Mannen;2042;72855;40434;21715;18719;7392;11327;28641;11793
7132;45 jaar;Mannen;2043;72285;41329;21780;19549;7691;11858;29516;11813
7133;45 jaar;Mannen;2044;74365;42487;21807;20680;8166;12514;30387;12100
7134;45 jaar;Mannen;2045;74608;43240;21764;21476;8436;13040;30737;12503
7135;45 jaar;Mannen;2046;76788;43062;21767;21295;8329;12966;30558;12504
7136;45 jaar;Mannen;2047;76184;43624;21762;21862;8691;13171;30860;12764
7137;45 jaar;Mannen;2048;75035;44146;21761;22385;9043;13342;31113;13033
7138;45 jaar;Mannen;2049;73486;44610;21761;22849;9387;13462;31310;13300
7139;45 jaar;Mannen;2050;71901;45040;21765;23275;9717;13558;31481;13559
7140;45 jaar;Vrouwen;2000;94861;19213;13236;5977;4769;1208;7853;11360
7141;45 jaar;Vrouwen;2001;96340;19554;13488;6066;4738;1328;8209;11345
7142;45 jaar;Vrouwen;2002;97335;20038;13980;6058;4699;1359;8737;11301
7143;45 jaar;Vrouwen;2003;98664;20522;14172;6350;4801;1549;8991;11531
7144;45 jaar;Vrouwen;2004;99839;21190;14682;6508;4823;1685;9786;11404
7145;45 jaar;Vrouwen;2005;102083;21866;15023;6843;5157;1686;10103;11763
7146;45 jaar;Vrouwen;2006;100739;23430;16729;6701;5017;1684;11826;11604
7147;45 jaar;Vrouwen;2007;104475;22870;15976;6894;5301;1593;10923;11947
7148;45 jaar;Vrouwen;2008;103440;24616;17297;7319;5600;1719;12413;12203
7149;45 jaar;Vrouwen;2009;104580;25039;17607;7432;5757;1675;12608;12431
7150;45 jaar;Vrouwen;2010;104861;26484;18749;7735;5960;1775;13583;12901
7151;45 jaar;Vrouwen;2011;102062;26629;18851;7778;6080;1698;13747;12882
7152;45 jaar;Vrouwen;2012;100050;26886;19097;7789;6175;1614;14122;12764
7153;45 jaar;Vrouwen;2013;99528;26873;18997;7876;6215;1661;13795;13078
7154;45 jaar;Vrouwen;2014;99363;28413;20446;7967;6229;1738;15385;13028
7155;45 jaar;Vrouwen;2015;103398;29783;21281;8502;6727;1775;16202;13581
7156;45 jaar;Vrouwen;2016;100201;30215;22043;8172;6208;1964;17033;13182
7157;45 jaar;Vrouwen;2017;95178;30307;22224;8083;5990;2093;17346;12961
7158;45 jaar;Vrouwen;2018;90191;30546;22516;8030;5699;2331;17816;12730
7159;45 jaar;Vrouwen;2019;82190;29994;22442;7552;5162;2390;17708;12286
7160;45 jaar;Vrouwen;2020;78090;30236;22529;7707;5131;2576;18002;12234
7161;45 jaar;Vrouwen;2021;74543;29936;21924;8012;4922;3090;17867;12069
7162;45 jaar;Vrouwen;2022;73379;30047;21542;8505;4942;3563;17880;12167
7163;45 jaar;Vrouwen;2023;71626;31382;22279;9103;4989;4114;19169;12213
7164;45 jaar;Vrouwen;2024;72000;32166;22211;9955;5263;4692;19737;12429
7165;45 jaar;Vrouwen;2025;71497;32699;22239;10460;5284;5176;20285;12414
7166;45 jaar;Vrouwen;2026;72936;33925;22053;11872;5680;6192;21217;12708
7167;45 jaar;Vrouwen;2027;71641;34255;21942;12313;5647;6666;21739;12516
7168;45 jaar;Vrouwen;2028;68986;34163;22138;12025;5535;6490;21860;12303
7169;45 jaar;Vrouwen;2029;68257;34510;22245;12265;5484;6781;22288;12222
7170;45 jaar;Vrouwen;2030;69777;34859;22409;12450;5679;6771;22697;12162
7171;45 jaar;Vrouwen;2031;71538;35110;22459;12651;5597;7054;22962;12148
7172;45 jaar;Vrouwen;2032;73880;35632;22305;13327;6004;7323;23366;12266
7173;45 jaar;Vrouwen;2033;73596;36078;22313;13765;5986;7779;23975;12103
7174;45 jaar;Vrouwen;2034;72950;36887;22326;14561;6245;8316;24579;12308
7175;45 jaar;Vrouwen;2035;73860;37167;22298;14869;6173;8696;25113;12054
7176;45 jaar;Vrouwen;2036;75816;38328;22231;16097;6649;9448;26104;12224
7177;45 jaar;Vrouwen;2037;76156;38485;22212;16273;6757;9516;26262;12223
7178;45 jaar;Vrouwen;2038;74631;38858;22196;16662;6884;9778;26632;12226
7179;45 jaar;Vrouwen;2039;74270;38954;22174;16780;6847;9933;26909;12045
7180;45 jaar;Vrouwen;2040;73971;39644;22209;17435;6949;10486;27476;12168
7181;45 jaar;Vrouwen;2041;72035;39682;22239;17443;7037;10406;27499;12183
7182;45 jaar;Vrouwen;2042;71080;40087;22399;17688;6985;10703;27992;12095
7183;45 jaar;Vrouwen;2043;71559;41233;22531;18702;7324;11378;28998;12235
7184;45 jaar;Vrouwen;2044;73157;42330;22570;19760;7792;11968;29858;12472
7185;45 jaar;Vrouwen;2045;73110;42898;22452;20446;8009;12437;30145;12753
7186;45 jaar;Vrouwen;2046;75522;42839;22459;20380;7971;12409;29917;12922
7187;45 jaar;Vrouwen;2047;74946;43381;22457;20924;8315;12609;30215;13166
7188;45 jaar;Vrouwen;2048;73828;43880;22458;21422;8655;12767;30467;13413
7189;45 jaar;Vrouwen;2049;72311;44319;22457;21862;8983;12879;30657;13662
7190;45 jaar;Vrouwen;2050;70759;44729;22461;22268;9297;12971;30823;13906
7191;46 jaar;Totaal mannen en vrouwen;2000;192041;36361;24149;12212;9704;2508;14199;22162
7192;46 jaar;Totaal mannen en vrouwen;2001;193112;37601;25494;12107;9580;2527;15583;22018
7193;46 jaar;Totaal mannen en vrouwen;2002;194500;38502;26205;12297;9602;2695;16578;21924
7194;46 jaar;Totaal mannen en vrouwen;2003;197481;40014;27744;12270;9477;2793;18208;21806
7195;46 jaar;Totaal mannen en vrouwen;2004;199859;40611;27844;12767;9759;3008;18391;22220
7196;46 jaar;Totaal mannen en vrouwen;2005;201893;42404;29137;13267;9925;3342;20151;22253
7197;46 jaar;Totaal mannen en vrouwen;2006;206091;43907;30304;13603;10211;3392;21216;22691
7198;46 jaar;Totaal mannen en vrouwen;2007;203761;47349;33925;13424;10074;3350;24671;22678
7199;46 jaar;Totaal mannen en vrouwen;2008;210443;46686;32593;14093;10753;3340;23235;23451
7200;46 jaar;Totaal mannen en vrouwen;2009;208828;49889;35188;14701;11253;3448;26061;23828
7201;46 jaar;Totaal mannen en vrouwen;2010;211793;51173;36059;15114;11584;3530;26785;24388
7202;46 jaar;Totaal mannen en vrouwen;2011;212132;54223;38456;15767;12200;3567;28910;25313
7203;46 jaar;Totaal mannen en vrouwen;2012;206923;54529;38833;15696;12300;3396;29222;25307
7204;46 jaar;Totaal mannen en vrouwen;2013;202245;54958;39242;15716;12431;3285;29881;25077
7205;46 jaar;Totaal mannen en vrouwen;2014;201486;54275;38426;15849;12532;3317;28866;25409
7206;46 jaar;Totaal mannen en vrouwen;2015;200411;57274;41133;16141;12693;3448;31689;25585
7207;46 jaar;Totaal mannen en vrouwen;2016;209003;59777;42540;17237;13559;3678;33185;26592
7208;46 jaar;Totaal mannen en vrouwen;2017;202004;60358;43597;16761;12735;4026;34495;25863
7209;46 jaar;Totaal mannen en vrouwen;2018;192276;60066;43552;16514;12187;4327;34772;25294
7210;46 jaar;Totaal mannen en vrouwen;2019;181272;60096;43727;16369;11673;4696;35305;24791
7211;46 jaar;Totaal mannen en vrouwen;2020;165746;58583;43318;15265;10411;4854;34931;23652
7212;46 jaar;Totaal mannen en vrouwen;2021;157875;59143;43504;15639;10295;5344;35690;23453
7213;46 jaar;Totaal mannen en vrouwen;2022;150415;58731;42389;16342;10072;6270;35446;23285
7214;46 jaar;Totaal mannen en vrouwen;2023;148711;59194;41728;17466;10156;7310;35701;23493
7215;46 jaar;Totaal mannen en vrouwen;2024;144714;61227;42759;18468;10178;8290;37842;23385
7216;46 jaar;Totaal mannen en vrouwen;2025;145308;62930;42771;20159;10690;9469;39076;23854
7217;46 jaar;Totaal mannen en vrouwen;2026;143722;64315;42871;21444;10829;10615;40417;23898
7218;46 jaar;Totaal mannen en vrouwen;2027;147082;66784;42648;24136;11587;12549;42302;24482
7219;46 jaar;Totaal mannen en vrouwen;2028;143670;67943;42796;25147;11570;13577;43729;24214
7220;46 jaar;Totaal mannen en vrouwen;2029;139045;67798;43204;24594;11270;13324;44104;23694
7221;46 jaar;Totaal mannen en vrouwen;2030;137540;68163;43320;24843;11154;13689;44716;23447
7222;46 jaar;Totaal mannen en vrouwen;2031;140789;69002;43572;25430;11577;13853;45532;23470
7223;46 jaar;Totaal mannen en vrouwen;2032;143682;69434;43634;25800;11589;14211;46027;23407
7224;46 jaar;Totaal mannen en vrouwen;2033;147869;70513;43487;27026;12237;14789;46899;23614
7225;46 jaar;Totaal mannen en vrouwen;2034;148731;71387;43492;27895;12193;15702;47980;23407
7226;46 jaar;Totaal mannen en vrouwen;2035;146839;73034;43504;29530;12537;16993;49509;23525
7227;46 jaar;Totaal mannen en vrouwen;2036;147936;73914;43531;30383;12586;17797;50610;23304
7228;46 jaar;Totaal mannen en vrouwen;2037;153221;75960;43422;32538;13481;19057;52396;23564
7229;46 jaar;Totaal mannen en vrouwen;2038;152994;76546;43323;33223;13786;19437;52883;23663
7230;46 jaar;Totaal mannen en vrouwen;2039;150361;77420;43392;34028;13873;20155;53933;23487
7231;46 jaar;Totaal mannen en vrouwen;2040;149243;77509;43331;34178;14091;20087;54061;23448
7232;46 jaar;Totaal mannen en vrouwen;2041;148901;78989;43381;35608;14247;21361;55364;23625
7233;46 jaar;Totaal mannen en vrouwen;2042;144868;79077;43481;35596;14334;21262;55369;23708
7234;46 jaar;Totaal mannen en vrouwen;2043;143599;80115;43762;36353;14356;21997;56387;23728
7235;46 jaar;Totaal mannen en vrouwen;2044;143514;82146;43956;38190;14991;23199;58260;23886
7236;46 jaar;Totaal mannen en vrouwen;2045;147169;84405;44021;40384;15937;24447;59994;24411
7237;46 jaar;Totaal mannen en vrouwen;2046;147370;85721;43862;41859;16421;25438;60628;25093
7238;46 jaar;Totaal mannen en vrouwen;2047;151942;85488;43872;41616;16277;25339;60227;25261
7239;46 jaar;Totaal mannen en vrouwen;2048;150765;86589;43867;42722;16977;25745;60825;25764
7240;46 jaar;Totaal mannen en vrouwen;2049;148503;87611;43868;43743;17672;26071;61329;26282
7241;46 jaar;Totaal mannen en vrouwen;2050;145445;88516;43869;44647;18342;26305;61718;26798
7242;46 jaar;Mannen;2000;97712;17951;11639;6312;4973;1339;7113;10838
7243;46 jaar;Mannen;2001;98482;18362;12222;6140;4818;1322;7691;10671
7244;46 jaar;Mannen;2002;98394;18929;12687;6242;4873;1369;8340;10589
7245;46 jaar;Mannen;2003;100382;19971;13745;6226;4789;1437;9451;10520
7246;46 jaar;Mannen;2004;101437;20093;13663;6430;4968;1462;9391;10702
7247;46 jaar;Mannen;2005;102300;21223;14452;6771;5110;1661;10365;10858
7248;46 jaar;Mannen;2006;104262;22062;15289;6773;5062;1711;11120;10942
7249;46 jaar;Mannen;2007;103274;23965;17230;6735;5064;1671;12872;11093
7250;46 jaar;Mannen;2008;106230;23854;16645;7209;5460;1749;12328;11526
7251;46 jaar;Mannen;2009;105632;25339;17943;7396;5663;1733;13693;11646
7252;46 jaar;Mannen;2010;107463;26209;18513;7696;5835;1861;14224;11985
7253;46 jaar;Mannen;2011;107524;27836;19789;8047;6248;1799;15383;12453
7254;46 jaar;Mannen;2012;105103;28002;20070;7932;6229;1703;15536;12466
7255;46 jaar;Mannen;2013;102432;28177;20237;7940;6265;1675;15822;12355
7256;46 jaar;Mannen;2014;102200;27513;19531;7982;6322;1660;15130;12383
7257;46 jaar;Mannen;2015;101284;29001;20811;8190;6477;1713;16387;12614
7258;46 jaar;Mannen;2016;105856;30149;21398;8751;6845;1906;17076;13073
7259;46 jaar;Mannen;2017;102048;30310;21709;8601;6537;2064;17561;12749
7260;46 jaar;Mannen;2018;97323;29934;21490;8444;6205;2239;17527;12407
7261;46 jaar;Mannen;2019;91291;29734;21382;8352;5986;2366;17599;12135
7262;46 jaar;Mannen;2020;83741;28777;21052;7725;5259;2466;17333;11444
7263;46 jaar;Mannen;2021;79958;29101;21157;7944;5172;2772;17800;11301
7264;46 jaar;Mannen;2022;76033;28984;20643;8341;5157;3184;17685;11299
7265;46 jaar;Mannen;2023;75492;29337;20361;8976;5220;3756;17923;11414
7266;46 jaar;Mannen;2024;73244;30046;20667;9379;5196;4183;18783;11263
7267;46 jaar;Mannen;2025;73464;30967;20747;10220;5437;4783;19452;11515
7268;46 jaar;Mannen;2026;72381;31826;20825;11001;5553;5448;20245;11581
7269;46 jaar;Mannen;2027;74314;33065;20784;12281;5914;6367;21195;11870
7270;46 jaar;Mannen;2028;72191;33901;21047;12854;5931;6923;22106;11795
7271;46 jaar;Mannen;2029;70211;33850;21264;12586;5741;6845;22357;11493
7272;46 jaar;Mannen;2030;69431;33872;21272;12600;5682;6918;22544;11328
7273;46 jaar;Mannen;2031;71169;34362;21366;12996;5906;7090;22956;11406
7274;46 jaar;Mannen;2032;72306;34546;21378;13168;6002;7166;23187;11359
7275;46 jaar;Mannen;2033;74157;35102;21380;13722;6243;7479;23655;11447
7276;46 jaar;Mannen;2034;75300;35530;21377;14153;6220;7933;24126;11404
7277;46 jaar;Mannen;2035;74054;36371;21380;14991;6301;8690;25054;11317
7278;46 jaar;Mannen;2036;74245;36969;21432;15537;6422;9115;25618;11351
7279;46 jaar;Mannen;2037;77580;37859;21393;16466;6843;9623;26420;11439
7280;46 jaar;Mannen;2038;77017;38284;21311;16973;7038;9935;26744;11540
7281;46 jaar;Mannen;2039;75905;38783;21393;17390;7001;10389;27422;11361
7282;46 jaar;Mannen;2040;75146;38779;21355;17424;7255;10169;27276;11503
7283;46 jaar;Mannen;2041;75103;39569;21370;18199;7307;10892;28011;11558
7284;46 jaar;Mannen;2042;73002;39618;21441;18177;7304;10873;27993;11625
7285;46 jaar;Mannen;2043;72683;40257;21566;18691;7381;11310;28525;11732
7286;46 jaar;Mannen;2044;72120;41145;21626;19519;7683;11836;29395;11750
7287;46 jaar;Mannen;2045;74184;42305;21654;20651;8156;12495;30267;12038
7288;46 jaar;Mannen;2046;74431;43054;21611;21443;8422;13021;30615;12439
7289;46 jaar;Mannen;2047;76599;42879;21616;21263;8316;12947;30439;12440
7290;46 jaar;Mannen;2048;75993;43441;21611;21830;8677;13153;30741;12700
7291;46 jaar;Mannen;2049;74851;43961;21609;22352;9031;13321;30992;12969
7292;46 jaar;Mannen;2050;73307;44426;21610;22816;9374;13442;31190;13236
7293;46 jaar;Vrouwen;2000;94329;18410;12510;5900;4731;1169;7086;11324
7294;46 jaar;Vrouwen;2001;94629;19240;13274;5966;4760;1206;7893;11347
7295;46 jaar;Vrouwen;2002;96105;19574;13517;6057;4732;1325;8239;11335
7296;46 jaar;Vrouwen;2003;97097;20046;13999;6047;4691;1356;8759;11287
7297;46 jaar;Vrouwen;2004;98419;20521;14182;6339;4792;1547;9003;11518
7298;46 jaar;Vrouwen;2005;99593;21181;14683;6498;4816;1682;9787;11394
7299;46 jaar;Vrouwen;2006;101829;21845;15013;6832;5148;1684;10097;11748
7300;46 jaar;Vrouwen;2007;100489;23382;16694;6688;5006;1682;11797;11585
7301;46 jaar;Vrouwen;2008;104216;22829;15949;6880;5289;1591;10905;11924
7302;46 jaar;Vrouwen;2009;103193;24553;17248;7305;5590;1715;12372;12181
7303;46 jaar;Vrouwen;2010;104328;24966;17547;7419;5748;1671;12564;12402
7304;46 jaar;Vrouwen;2011;104605;26389;18666;7723;5951;1772;13528;12861
7305;46 jaar;Vrouwen;2012;101816;26531;18766;7765;6070;1695;13688;12843
7306;46 jaar;Vrouwen;2013;99809;26784;19008;7776;6164;1612;14061;12723
7307;46 jaar;Vrouwen;2014;99291;26757;18893;7864;6207;1657;13733;13024
7308;46 jaar;Vrouwen;2015;99128;28273;20322;7951;6216;1735;15302;12971
7309;46 jaar;Vrouwen;2016;103142;29633;21144;8489;6716;1773;16113;13520
7310;46 jaar;Vrouwen;2017;99959;30045;21887;8158;6197;1961;16932;13113
7311;46 jaar;Vrouwen;2018;94952;30133;22064;8069;5981;2088;17245;12888
7312;46 jaar;Vrouwen;2019;89981;30363;22345;8018;5691;2327;17705;12658
7313;46 jaar;Vrouwen;2020;82005;29806;22266;7540;5154;2386;17599;12207
7314;46 jaar;Vrouwen;2021;77920;30038;22346;7692;5119;2573;17888;12150
7315;46 jaar;Vrouwen;2022;74383;29747;21746;8001;4913;3088;17763;11984
7316;46 jaar;Vrouwen;2023;73221;29855;21365;8490;4936;3554;17776;12079
7317;46 jaar;Vrouwen;2024;71470;31181;22093;9088;4979;4109;19059;12122
7318;46 jaar;Vrouwen;2025;71845;31962;22024;9938;5253;4685;19625;12337
7319;46 jaar;Vrouwen;2026;71341;32489;22046;10443;5276;5167;20172;12317
7320;46 jaar;Vrouwen;2027;72773;33714;21861;11853;5668;6185;21104;12610
7321;46 jaar;Vrouwen;2028;71481;34040;21747;12293;5640;6653;21623;12417
7322;46 jaar;Vrouwen;2029;68834;33947;21941;12006;5526;6480;21746;12201
7323;46 jaar;Vrouwen;2030;68108;34292;22045;12247;5475;6772;22170;12122
7324;46 jaar;Vrouwen;2031;69621;34639;22208;12431;5671;6760;22575;12064
7325;46 jaar;Vrouwen;2032;71374;34890;22257;12633;5589;7044;22843;12047
7326;46 jaar;Vrouwen;2033;73708;35415;22107;13308;5997;7311;23249;12166
7327;46 jaar;Vrouwen;2034;73429;35859;22114;13745;5979;7766;23855;12004
7328;46 jaar;Vrouwen;2035;72782;36666;22126;14540;6237;8303;24459;12207
7329;46 jaar;Vrouwen;2036;73692;36944;22098;14846;6163;8683;24991;11953
7330;46 jaar;Vrouwen;2037;75641;38101;22031;16070;6634;9436;25978;12123
7331;46 jaar;Vrouwen;2038;75977;38262;22014;16248;6745;9503;26140;12122
7332;46 jaar;Vrouwen;2039;74460;38632;21996;16636;6870;9766;26507;12125
7333;46 jaar;Vrouwen;2040;74097;38731;21976;16755;6838;9917;26785;11946
7334;46 jaar;Vrouwen;2041;73798;39421;22012;17409;6939;10470;27351;12070
7335;46 jaar;Vrouwen;2042;71864;39460;22040;17420;7029;10391;27375;12085
7336;46 jaar;Vrouwen;2043;70915;39860;22198;17662;6973;10689;27865;11995
7337;46 jaar;Vrouwen;2044;71393;41002;22328;18674;7312;11362;28867;12135
7338;46 jaar;Vrouwen;2045;72987;42098;22365;19733;7780;11953;29724;12374
7339;46 jaar;Vrouwen;2046;72939;42667;22250;20417;8000;12417;30013;12654
7340;46 jaar;Vrouwen;2047;75343;42609;22257;20352;7957;12395;29788;12821
7341;46 jaar;Vrouwen;2048;74771;43149;22255;20894;8304;12590;30085;13064
7342;46 jaar;Vrouwen;2049;73653;43649;22258;21391;8639;12752;30335;13314
7343;46 jaar;Vrouwen;2050;72138;44090;22259;21831;8969;12862;30528;13562
7344;47 jaar;Totaal mannen en vrouwen;2000;192793;36524;23589;12935;10416;2519;13561;22963
7345;47 jaar;Totaal mannen en vrouwen;2001;191507;36422;24238;12184;9682;2502;14260;22162
7346;47 jaar;Totaal mannen en vrouwen;2002;192571;37633;25554;12079;9556;2523;15613;22020
7347;47 jaar;Totaal mannen en vrouwen;2003;193960;38519;26249;12270;9581;2689;16588;21931
7348;47 jaar;Totaal mannen en vrouwen;2004;196920;40002;27757;12245;9458;2787;18190;21812
7349;47 jaar;Totaal mannen en vrouwen;2005;199294;40586;27846;12740;9739;3001;18365;22221
7350;47 jaar;Totaal mannen en vrouwen;2006;201323;42346;29107;13239;9905;3334;20096;22250
7351;47 jaar;Totaal mannen en vrouwen;2007;205509;43826;30250;13576;10190;3386;21145;22681
7352;47 jaar;Totaal mannen en vrouwen;2008;203193;47193;33798;13395;10052;3343;24535;22658
7353;47 jaar;Totaal mannen en vrouwen;2009;209860;46549;32488;14061;10727;3334;23125;23424
7354;47 jaar;Totaal mannen en vrouwen;2010;208254;49708;35038;14670;11230;3440;25909;23799
7355;47 jaar;Totaal mannen en vrouwen;2011;211211;50969;35885;15084;11561;3523;26626;24343
7356;47 jaar;Totaal mannen en vrouwen;2012;211546;53973;38237;15736;12176;3560;28721;25252
7357;47 jaar;Totaal mannen en vrouwen;2013;206366;54272;38607;15665;12275;3390;29032;25240
7358;47 jaar;Totaal mannen en vrouwen;2014;201708;54695;39011;15684;12405;3279;29687;25008
7359;47 jaar;Totaal mannen en vrouwen;2015;200952;54012;38193;15819;12509;3310;28686;25326
7360;47 jaar;Totaal mannen en vrouwen;2016;199888;56970;40859;16111;12669;3442;31475;25495
7361;47 jaar;Totaal mannen en vrouwen;2017;208440;59450;42245;17205;13534;3671;32961;26489
7362;47 jaar;Totaal mannen en vrouwen;2018;201471;60008;43279;16729;12713;4016;34254;25754
7363;47 jaar;Totaal mannen en vrouwen;2019;191779;59724;43239;16485;12168;4317;34541;25183
7364;47 jaar;Totaal mannen en vrouwen;2020;180818;59738;43399;16339;11654;4685;35064;24674
7365;47 jaar;Totaal mannen en vrouwen;2021;165355;58232;42995;15237;10392;4845;34701;23531
7366;47 jaar;Totaal mannen en vrouwen;2022;157508;58783;43173;15610;10276;5334;35456;23327
7367;47 jaar;Totaal mannen en vrouwen;2023;150079;58379;42067;16312;10055;6257;35226;23153
7368;47 jaar;Totaal mannen en vrouwen;2024;148383;58843;41411;17432;10136;7296;35486;23357
7369;47 jaar;Totaal mannen en vrouwen;2025;144393;60858;42425;18433;10158;8275;37613;23245
7370;47 jaar;Totaal mannen en vrouwen;2026;144982;62552;42431;20121;10671;9450;38844;23708
7371;47 jaar;Totaal mannen en vrouwen;2027;143399;63933;42526;21407;10812;10595;40183;23750
7372;47 jaar;Totaal mannen en vrouwen;2028;146745;66393;42300;24093;11565;12528;42063;24330
7373;47 jaar;Totaal mannen en vrouwen;2029;143339;67546;42442;25104;11552;13552;43487;24059
7374;47 jaar;Totaal mannen en vrouwen;2030;138737;67393;42842;24551;11250;13301;43853;23540
7375;47 jaar;Totaal mannen en vrouwen;2031;137236;67759;42956;24803;11137;13666;44465;23294
7376;47 jaar;Totaal mannen en vrouwen;2032;140475;68593;43206;25387;11558;13829;45278;23315
7377;47 jaar;Totaal mannen en vrouwen;2033;143356;69022;43267;25755;11568;14187;45772;23250
7378;47 jaar;Totaal mannen en vrouwen;2034;147527;70102;43120;26982;12219;14763;46646;23456
7379;47 jaar;Totaal mannen en vrouwen;2035;148386;70975;43126;27849;12173;15676;47724;23251
7380;47 jaar;Totaal mannen en vrouwen;2036;146495;72621;43139;29482;12517;16965;49253;23368
7381;47 jaar;Totaal mannen en vrouwen;2037;147590;73496;43162;30334;12566;17768;50348;23148
7382;47 jaar;Totaal mannen en vrouwen;2038;152850;75541;43057;32484;13459;19025;52135;23406
7383;47 jaar;Totaal mannen en vrouwen;2039;152628;76129;42960;33169;13763;19406;52623;23506
7384;47 jaar;Totaal mannen en vrouwen;2040;150004;76998;43026;33972;13851;20121;53669;23329
7385;47 jaar;Totaal mannen en vrouwen;2041;148897;77088;42966;34122;14067;20055;53797;23291
7386;47 jaar;Totaal mannen en vrouwen;2042;148548;78570;43017;35553;14225;21328;55098;23472
7387;47 jaar;Totaal mannen en vrouwen;2043;144539;78650;43114;35536;14307;21229;55100;23550
7388;47 jaar;Totaal mannen en vrouwen;2044;143264;79690;43393;36297;14335;21962;56119;23571
7389;47 jaar;Totaal mannen en vrouwen;2045;143179;81714;43582;38132;14971;23161;57987;23727
7390;47 jaar;Totaal mannen en vrouwen;2046;146821;83968;43649;40319;15908;24411;59716;24252
7391;47 jaar;Totaal mannen en vrouwen;2047;147019;85286;43492;41794;16396;25398;60352;24934
7392;47 jaar;Totaal mannen en vrouwen;2048;151579;85052;43502;41550;16251;25299;59952;25100
7393;47 jaar;Totaal mannen en vrouwen;2049;150400;86155;43497;42658;16953;25705;60551;25604
7394;47 jaar;Totaal mannen en vrouwen;2050;148150;87173;43499;43674;17643;26031;61053;26120
7395;47 jaar;Mannen;2000;98241;18033;11358;6675;5366;1309;6825;11208
7396;47 jaar;Mannen;2001;97412;17994;11698;6296;4960;1336;7137;10857
7397;47 jaar;Mannen;2002;98178;18387;12262;6125;4807;1318;7697;10690
7398;47 jaar;Mannen;2003;98092;18947;12721;6226;4860;1366;8334;10613
7399;47 jaar;Mannen;2004;100073;19963;13754;6209;4776;1433;9423;10540
7400;47 jaar;Mannen;2005;101124;20087;13674;6413;4954;1459;9366;10721
7401;47 jaar;Mannen;2006;101983;21197;14443;6754;5098;1656;10322;10875
7402;47 jaar;Mannen;2007;103943;22019;15263;6756;5050;1706;11064;10955
7403;47 jaar;Mannen;2008;102960;23878;17158;6720;5053;1667;12783;11095
7404;47 jaar;Mannen;2009;105906;23784;16591;7193;5448;1745;12256;11528
7405;47 jaar;Mannen;2010;105318;25236;17857;7379;5651;1728;13591;11645
7406;47 jaar;Mannen;2011;107143;26095;18416;7679;5824;1855;14118;11977
7407;47 jaar;Mannen;2012;107205;27699;19671;8028;6233;1795;15263;12436
7408;47 jaar;Mannen;2013;104798;27862;19949;7913;6215;1698;15416;12446
7409;47 jaar;Mannen;2014;102142;28033;20112;7921;6249;1672;15700;12333
7410;47 jaar;Mannen;2015;101908;27385;19420;7965;6310;1655;15026;12359
7411;47 jaar;Mannen;2016;101002;28850;20678;8172;6463;1709;16266;12584
7412;47 jaar;Mannen;2017;105556;29987;21255;8732;6830;1902;16950;13037
7413;47 jaar;Mannen;2018;101761;30145;21562;8583;6522;2061;17433;12712
7414;47 jaar;Mannen;2019;97059;29778;21348;8430;6195;2235;17409;12369
7415;47 jaar;Mannen;2020;91050;29578;21242;8336;5974;2362;17481;12097
7416;47 jaar;Mannen;2021;83537;28627;20917;7710;5248;2462;17223;11404
7417;47 jaar;Mannen;2022;79769;28948;21018;7930;5162;2768;17689;11259
7418;47 jaar;Mannen;2023;75861;28834;20509;8325;5146;3179;17579;11255
7419;47 jaar;Mannen;2024;75323;29186;20229;8957;5208;3749;17819;11367
7420;47 jaar;Mannen;2025;73084;29887;20527;9360;5184;4176;18673;11214
7421;47 jaar;Mannen;2026;73299;30806;20606;10200;5423;4777;19341;11465
7422;47 jaar;Mannen;2027;72221;31662;20681;10981;5542;5439;20133;11529
7423;47 jaar;Mannen;2028;74144;32895;20639;12256;5901;6355;21081;11814
7424;47 jaar;Mannen;2029;72027;33724;20894;12830;5919;6911;21983;11741
7425;47 jaar;Mannen;2030;70059;33669;21105;12564;5732;6832;22233;11436
7426;47 jaar;Mannen;2031;69279;33693;21116;12577;5671;6906;22421;11272
7427;47 jaar;Mannen;2032;71010;34182;21206;12976;5897;7079;22830;11352
7428;47 jaar;Mannen;2033;72145;34363;21220;13143;5989;7154;23061;11302
7429;47 jaar;Mannen;2034;73986;34921;21223;13698;6234;7464;23530;11391
7430;47 jaar;Mannen;2035;75124;35349;21220;14129;6210;7919;24002;11347
7431;47 jaar;Mannen;2036;73881;36187;21221;14966;6291;8675;24927;11260
7432;47 jaar;Mannen;2037;74072;36783;21273;15510;6410;9100;25489;11294
7433;47 jaar;Mannen;2038;77390;37672;21234;16438;6833;9605;26291;11381
7434;47 jaar;Mannen;2039;76834;38098;21154;16944;7026;9918;26616;11482
7435;47 jaar;Mannen;2040;75725;38596;21235;17361;6988;10373;27292;11304
7436;47 jaar;Mannen;2041;74970;38594;21200;17394;7240;10154;27149;11445
7437;47 jaar;Mannen;2042;74925;39383;21213;18170;7297;10873;27883;11500
7438;47 jaar;Mannen;2043;72834;39430;21283;18147;7293;10854;27865;11565
7439;47 jaar;Mannen;2044;72513;40066;21405;18661;7371;11290;28393;11673
7440;47 jaar;Mannen;2045;71954;40951;21466;19485;7667;11818;29262;11689
7441;47 jaar;Mannen;2046;74009;42109;21494;20615;8138;12477;30132;11977
7442;47 jaar;Mannen;2047;74249;42863;21452;21411;8412;12999;30483;12380
7443;47 jaar;Mannen;2048;76416;42683;21455;21228;8303;12925;30305;12378
7444;47 jaar;Mannen;2049;75810;43245;21452;21793;8661;13132;30606;12639
7445;47 jaar;Mannen;2050;74673;43765;21450;22315;9015;13300;30859;12906
7446;47 jaar;Vrouwen;2000;94552;18491;12231;6260;5050;1210;6736;11755
7447;47 jaar;Vrouwen;2001;94095;18427;12539;5888;4721;1167;7122;11305
7448;47 jaar;Vrouwen;2002;94394;19245;13290;5955;4752;1203;7916;11329
7449;47 jaar;Vrouwen;2003;95866;19573;13528;6045;4722;1323;8255;11318
7450;47 jaar;Vrouwen;2004;96848;20039;14003;6036;4682;1354;8768;11271
7451;47 jaar;Vrouwen;2005;98167;20502;14175;6327;4783;1544;9002;11500
7452;47 jaar;Vrouwen;2006;99343;21147;14663;6484;4804;1680;9774;11373
7453;47 jaar;Vrouwen;2007;101568;21805;14987;6818;5137;1681;10080;11725
7454;47 jaar;Vrouwen;2008;100232;23317;16643;6674;4996;1678;11753;11564
7455;47 jaar;Vrouwen;2009;103953;22766;15897;6869;5281;1588;10871;11895
7456;47 jaar;Vrouwen;2010;102935;24473;17181;7292;5579;1713;12318;12155
7457;47 jaar;Vrouwen;2011;104068;24874;17468;7406;5737;1669;12508;12366
7458;47 jaar;Vrouwen;2012;104342;26273;18566;7707;5938;1769;13457;12816
7459;47 jaar;Vrouwen;2013;101566;26412;18661;7751;6059;1692;13617;12795
7460;47 jaar;Vrouwen;2014;99566;26662;18901;7761;6152;1609;13988;12674
7461;47 jaar;Vrouwen;2015;99047;26625;18775;7850;6197;1653;13661;12964
7462;47 jaar;Vrouwen;2016;98887;28119;20181;7938;6205;1733;15208;12911
7463;47 jaar;Vrouwen;2017;102884;29463;20989;8474;6704;1770;16012;13451
7464;47 jaar;Vrouwen;2018;99709;29863;21717;8146;6188;1958;16821;13042
7465;47 jaar;Vrouwen;2019;94722;29945;21889;8056;5972;2084;17131;12814
7466;47 jaar;Vrouwen;2020;89766;30162;22158;8004;5681;2323;17583;12579
7467;47 jaar;Vrouwen;2021;81816;29607;22079;7528;5145;2383;17480;12127
7468;47 jaar;Vrouwen;2022;77742;29833;22154;7679;5110;2569;17767;12066
7469;47 jaar;Vrouwen;2023;74221;29542;21557;7985;4903;3082;17644;11898
7470;47 jaar;Vrouwen;2024;73058;29658;21180;8478;4927;3551;17666;11992
7471;47 jaar;Vrouwen;2025;71312;30968;21896;9072;4973;4099;18939;12029
7472;47 jaar;Vrouwen;2026;71682;31747;21824;9923;5246;4677;19504;12243
7473;47 jaar;Vrouwen;2027;71182;32268;21845;10423;5265;5158;20047;12221
7474;47 jaar;Vrouwen;2028;72605;33494;21659;11835;5660;6175;20979;12515
7475;47 jaar;Vrouwen;2029;71312;33822;21548;12274;5631;6643;21503;12319
7476;47 jaar;Vrouwen;2030;68678;33724;21737;11987;5518;6469;21621;12103
7477;47 jaar;Vrouwen;2031;67957;34066;21839;12227;5467;6760;22044;12022
7478;47 jaar;Vrouwen;2032;69466;34410;21999;12411;5661;6750;22447;11963
7479;47 jaar;Vrouwen;2033;71206;34663;22048;12615;5583;7032;22713;11950
7480;47 jaar;Vrouwen;2034;73537;35184;21899;13285;5984;7301;23118;12066
7481;47 jaar;Vrouwen;2035;73262;35626;21906;13720;5966;7754;23723;11903
7482;47 jaar;Vrouwen;2036;72616;36432;21918;14514;6224;8290;24325;12107
7483;47 jaar;Vrouwen;2037;73516;36715;21891;14824;6155;8669;24859;11856
7484;47 jaar;Vrouwen;2038;75457;37871;21824;16047;6627;9420;25846;12025
7485;47 jaar;Vrouwen;2039;75795;38030;21806;16224;6736;9488;26007;12023
7486;47 jaar;Vrouwen;2040;74280;38400;21788;16612;6864;9748;26374;12026
7487;47 jaar;Vrouwen;2041;73923;38498;21769;16729;6826;9903;26650;11848
7488;47 jaar;Vrouwen;2042;73623;39188;21805;17383;6928;10455;27217;11971
7489;47 jaar;Vrouwen;2043;71703;39222;21831;17391;7017;10374;27237;11985
7490;47 jaar;Vrouwen;2044;70750;39625;21990;17635;6963;10672;27728;11897
7491;47 jaar;Vrouwen;2045;71227;40761;22115;18646;7305;11341;28725;12036
7492;47 jaar;Vrouwen;2046;72814;41857;22153;19704;7771;11933;29583;12274
7493;47 jaar;Vrouwen;2047;72767;42426;22041;20385;7986;12399;29870;12556
7494;47 jaar;Vrouwen;2048;75162;42370;22048;20322;7947;12375;29648;12722
7495;47 jaar;Vrouwen;2049;74591;42909;22045;20864;8293;12571;29945;12964
7496;47 jaar;Vrouwen;2050;73476;43408;22049;21359;8627;12732;30194;13214
7497;48 jaar;Totaal mannen en vrouwen;2000;187251;34686;21917;12769;10675;2094;11775;22911
7498;48 jaar;Totaal mannen en vrouwen;2001;192248;36555;23651;12904;10391;2513;13607;22948
7499;48 jaar;Totaal mannen en vrouwen;2002;190967;36439;24285;12154;9658;2496;14286;22153
7500;48 jaar;Totaal mannen en vrouwen;2003;192024;37625;25576;12049;9533;2516;15613;22012
7501;48 jaar;Totaal mannen en vrouwen;2004;193405;38498;26255;12243;9561;2682;16572;21926
7502;48 jaar;Totaal mannen en vrouwen;2005;196361;39947;27731;12216;9435;2781;18140;21807
7503;48 jaar;Totaal mannen en vrouwen;2006;198722;40521;27810;12711;9717;2994;18310;22211
7504;48 jaar;Totaal mannen en vrouwen;2007;200751;42244;29035;13209;9882;3327;20010;22234
7505;48 jaar;Totaal mannen en vrouwen;2008;204922;43704;30161;13543;10164;3379;21044;22660
7506;48 jaar;Totaal mannen en vrouwen;2009;202617;47002;33638;13364;10029;3335;24373;22629
7507;48 jaar;Totaal mannen en vrouwen;2010;209266;46382;32351;14031;10704;3327;22996;23386
7508;48 jaar;Totaal mannen en vrouwen;2011;207672;49492;34854;14638;11205;3433;25733;23759
7509;48 jaar;Totaal mannen en vrouwen;2012;210620;50735;35683;15052;11537;3515;26446;24289
7510;48 jaar;Totaal mannen en vrouwen;2013;210962;53691;37989;15702;12148;3554;28511;25180
7511;48 jaar;Totaal mannen en vrouwen;2014;205798;53986;38354;15632;12249;3383;28820;25166
7512;48 jaar;Totaal mannen en vrouwen;2015;201165;54399;38747;15652;12380;3272;29472;24927
7513;48 jaar;Totaal mannen en vrouwen;2016;200417;53711;37927;15784;12481;3303;28483;25228
7514;48 jaar;Totaal mannen en vrouwen;2017;199354;56634;40554;16080;12645;3435;31239;25395
7515;48 jaar;Totaal mannen en vrouwen;2018;207874;59087;41918;17169;13505;3664;32710;26377
7516;48 jaar;Totaal mannen en vrouwen;2019;200930;59631;42935;16696;12687;4009;33992;25639
7517;48 jaar;Totaal mannen en vrouwen;2020;191278;59346;42895;16451;12144;4307;34282;25064
7518;48 jaar;Totaal mannen en vrouwen;2021;180361;59349;43045;16304;11628;4676;34800;24549
7519;48 jaar;Totaal mannen en vrouwen;2022;164956;57856;42649;15207;10374;4833;34449;23407
7520;48 jaar;Totaal mannen en vrouwen;2023;157138;58397;42818;15579;10256;5323;35201;23196
7521;48 jaar;Totaal mannen en vrouwen;2024;149739;57999;41720;16279;10033;6246;34981;23018
7522;48 jaar;Totaal mannen en vrouwen;2025;148044;58470;41070;17400;10116;7284;35252;23218
7523;48 jaar;Totaal mannen en vrouwen;2026;144072;60463;42064;18399;10140;8259;37361;23102
7524;48 jaar;Totaal mannen en vrouwen;2027;144656;62150;42066;20084;10649;9435;38589;23561
7525;48 jaar;Totaal mannen en vrouwen;2028;143078;63521;42157;21364;10788;10576;39922;23599
7526;48 jaar;Totaal mannen en vrouwen;2029;146403;65979;41930;24049;11545;12504;41802;24177
7527;48 jaar;Totaal mannen en vrouwen;2030;143013;67119;42064;25055;11527;13528;43215;23904
7528;48 jaar;Totaal mannen en vrouwen;2031;138422;66964;42458;24506;11228;13278;43579;23385
7529;48 jaar;Totaal mannen en vrouwen;2032;136932;67326;42570;24756;11115;13641;44189;23137
7530;48 jaar;Totaal mannen en vrouwen;2033;140157;68154;42815;25339;11534;13805;44997;23157
7531;48 jaar;Totaal mannen en vrouwen;2034;143027;68586;42878;25708;11546;14162;45494;23092
7532;48 jaar;Totaal mannen en vrouwen;2035;147181;69666;42732;26934;12196;14738;46368;23298
7533;48 jaar;Totaal mannen en vrouwen;2036;148039;70537;42738;27799;12153;15646;47445;23092
7534;48 jaar;Totaal mannen en vrouwen;2037;146158;72179;42750;29429;12493;16936;48969;23210
7535;48 jaar;Totaal mannen en vrouwen;2038;147251;73051;42772;30279;12542;17737;50062;22989
7536;48 jaar;Totaal mannen en vrouwen;2039;152480;75096;42670;32426;13434;18992;51851;23245
7537;48 jaar;Totaal mannen en vrouwen;2040;152268;75680;42572;33108;13738;19370;52337;23343
7538;48 jaar;Totaal mannen en vrouwen;2041;149649;76551;42639;33912;13824;20088;53378;23173
7539;48 jaar;Totaal mannen en vrouwen;2042;148544;76644;42580;34064;14044;20020;53511;23133
7540;48 jaar;Totaal mannen en vrouwen;2043;148198;78120;42630;35490;14200;21290;54808;23312
7541;48 jaar;Totaal mannen en vrouwen;2044;144199;78204;42728;35476;14283;21193;54813;23391
7542;48 jaar;Totaal mannen en vrouwen;2045;142932;79233;43001;36232;14309;21923;55824;23409
7543;48 jaar;Totaal mannen en vrouwen;2046;142848;81252;43187;38065;14942;23123;57685;23567
7544;48 jaar;Totaal mannen en vrouwen;2047;146475;83501;43252;40249;15879;24370;59411;24090
7545;48 jaar;Totaal mannen en vrouwen;2048;146668;84822;43098;41724;16368;25356;60051;24771
7546;48 jaar;Totaal mannen en vrouwen;2049;151215;84590;43109;41481;16224;25257;59651;24939
7547;48 jaar;Totaal mannen en vrouwen;2050;150042;85692;43107;42585;16926;25659;60250;25442
7548;48 jaar;Mannen;2000;95529;17259;10735;6524;5458;1066;5945;11314
7549;48 jaar;Mannen;2001;97932;18060;11403;6657;5352;1305;6840;11220
7550;48 jaar;Mannen;2002;97100;18018;11739;6279;4947;1332;7146;10872
7551;48 jaar;Mannen;2003;97864;18398;12290;6108;4793;1315;7690;10708
7552;48 jaar;Mannen;2004;97783;18949;12740;6209;4847;1362;8318;10631
7553;48 jaar;Mannen;2005;99758;19942;13749;6193;4763;1430;9383;10559
7554;48 jaar;Mannen;2006;100808;20058;13663;6395;4941;1454;9325;10733
7555;48 jaar;Mannen;2007;101661;21149;14413;6736;5084;1652;10264;10885
7556;48 jaar;Mannen;2008;103615;21960;15220;6740;5038;1702;10998;10962
7557;48 jaar;Mannen;2009;102640;23775;17071;6704;5043;1661;12680;11095
7558;48 jaar;Mannen;2010;105579;23699;16523;7176;5435;1741;12173;11526
7559;48 jaar;Mannen;2011;104996;25123;17763;7360;5636;1724;13482;11641
7560;48 jaar;Mannen;2012;106815;25972;18312;7660;5810;1850;14007;11965
7561;48 jaar;Mannen;2013;106883;27550;19540;8010;6220;1790;15134;12416
7562;48 jaar;Mannen;2014;104488;27708;19813;7895;6201;1694;15286;12422
7563;48 jaar;Mannen;2015;101844;27879;19976;7903;6234;1669;15570;12309
7564;48 jaar;Mannen;2016;101615;27239;19291;7948;6296;1652;14910;12329
7565;48 jaar;Mannen;2017;100713;28685;20531;8154;6447;1707;16135;12550
7566;48 jaar;Mannen;2018;105248;29812;21101;8711;6814;1897;16816;12996
7567;48 jaar;Mannen;2019;101469;29971;21405;8566;6511;2055;17297;12674
7568;48 jaar;Mannen;2020;96785;29612;21199;8413;6185;2228;17282;12330
7569;48 jaar;Mannen;2021;90811;29404;21087;8317;5961;2356;17351;12053
7570;48 jaar;Mannen;2022;83328;28466;20771;7695;5238;2457;17102;11364
7571;48 jaar;Mannen;2023;79576;28780;20867;7913;5151;2762;17564;11216
7572;48 jaar;Mannen;2024;75684;28671;20363;8308;5136;3172;17463;11208
7573;48 jaar;Mannen;2025;75150;29024;20085;8939;5198;3741;17706;11318
7574;48 jaar;Mannen;2026;72917;29719;20378;9341;5175;4166;18553;11166
7575;48 jaar;Mannen;2027;73134;30631;20452;10179;5412;4767;19218;11413
7576;48 jaar;Mannen;2028;72055;31485;20525;10960;5532;5428;20007;11478
7577;48 jaar;Mannen;2029;73968;32716;20482;12234;5892;6342;20955;11761
7578;48 jaar;Mannen;2030;71864;33531;20727;12804;5906;6898;21847;11684
7579;48 jaar;Mannen;2031;69902;33474;20937;12537;5719;6818;22094;11380
7580;48 jaar;Mannen;2032;69127;33499;20947;12552;5660;6892;22283;11216
7581;48 jaar;Mannen;2033;70849;33987;21037;12950;5886;7064;22692;11295
7582;48 jaar;Mannen;2034;71979;34170;21050;13120;5979;7141;22924;11246
7583;48 jaar;Mannen;2035;73813;34725;21051;13674;6225;7449;23391;11334
7584;48 jaar;Mannen;2036;74949;35151;21050;14101;6197;7904;23861;11290
7585;48 jaar;Mannen;2037;73716;35985;21048;14937;6279;8658;24784;11201
7586;48 jaar;Mannen;2038;73900;36584;21102;15482;6399;9083;25349;11235
7587;48 jaar;Mannen;2039;77204;37470;21062;16408;6819;9589;26148;11322
7588;48 jaar;Mannen;2040;76650;37900;20986;16914;7013;9901;26477;11423
7589;48 jaar;Mannen;2041;75544;38396;21066;17330;6975;10355;27152;11244
7590;48 jaar;Mannen;2042;74792;38395;21031;17364;7228;10136;27008;11387
7591;48 jaar;Mannen;2043;74745;39182;21045;18137;7282;10855;27740;11442
7592;48 jaar;Mannen;2044;72667;39226;21112;18114;7279;10835;27720;11506
7593;48 jaar;Mannen;2045;72347;39858;21231;18627;7357;11270;28245;11613
7594;48 jaar;Mannen;2046;71784;40746;21294;19452;7657;11795;29116;11630
7595;48 jaar;Mannen;2047;73830;41901;21321;20580;8127;12453;29982;11919
7596;48 jaar;Mannen;2048;74070;42652;21280;21372;8395;12977;30334;12318
7597;48 jaar;Mannen;2049;76227;42477;21284;21193;8291;12902;30159;12318
7598;48 jaar;Mannen;2050;75628;43035;21281;21754;8646;13108;30457;12578
7599;48 jaar;Vrouwen;2000;91722;17427;11182;6245;5217;1028;5830;11597
7600;48 jaar;Vrouwen;2001;94317;18494;12247;6247;5039;1208;6768;11726
7601;48 jaar;Vrouwen;2002;93863;18425;12548;5877;4713;1164;7142;11283
7602;48 jaar;Vrouwen;2003;94155;19232;13288;5944;4743;1201;7925;11307
7603;48 jaar;Vrouwen;2004;95622;19549;13516;6033;4712;1321;8254;11295
7604;48 jaar;Vrouwen;2005;96604;20004;13980;6024;4672;1352;8758;11246
7605;48 jaar;Vrouwen;2006;97914;20463;14147;6316;4774;1542;8986;11477
7606;48 jaar;Vrouwen;2007;99094;21091;14621;6470;4794;1676;9743;11348
7607;48 jaar;Vrouwen;2008;101307;21744;14941;6803;5126;1677;10047;11697
7608;48 jaar;Vrouwen;2009;99976;23228;16566;6662;4988;1674;11694;11534
7609;48 jaar;Vrouwen;2010;103685;22686;15830;6856;5272;1584;10826;11860
7610;48 jaar;Vrouwen;2011;102675;24371;17092;7279;5569;1710;12253;12118
7611;48 jaar;Vrouwen;2012;103806;24762;17370;7392;5726;1666;12441;12321
7612;48 jaar;Vrouwen;2013;104083;26137;18446;7691;5926;1765;13375;12762
7613;48 jaar;Vrouwen;2014;101313;26275;18539;7736;6047;1689;13532;12743
7614;48 jaar;Vrouwen;2015;99322;26520;18773;7747;6142;1605;13901;12619
7615;48 jaar;Vrouwen;2016;98803;26471;18636;7835;6185;1650;13573;12898
7616;48 jaar;Vrouwen;2017;98641;27949;20024;7925;6195;1730;15105;12844
7617;48 jaar;Vrouwen;2018;102627;29274;20817;8457;6692;1765;15897;13377
7618;48 jaar;Vrouwen;2019;99460;29661;21531;8130;6177;1953;16695;12966
7619;48 jaar;Vrouwen;2020;94490;29736;21695;8041;5959;2082;17002;12734
7620;48 jaar;Vrouwen;2021;89548;29948;21958;7990;5670;2320;17452;12496
7621;48 jaar;Vrouwen;2022;81630;29388;21876;7512;5133;2379;17346;12042
7622;48 jaar;Vrouwen;2023;77565;29614;21949;7665;5103;2562;17634;11980
7623;48 jaar;Vrouwen;2024;74051;29331;21359;7972;4895;3077;17520;11811
7624;48 jaar;Vrouwen;2025;72896;29444;20984;8460;4916;3544;17544;11900
7625;48 jaar;Vrouwen;2026;71153;30746;21689;9057;4963;4094;18811;11935
7626;48 jaar;Vrouwen;2027;71522;31519;21616;9903;5234;4669;19371;12148
7627;48 jaar;Vrouwen;2028;71019;32041;21634;10407;5256;5151;19918;12123
7628;48 jaar;Vrouwen;2029;72435;33263;21448;11815;5652;6163;20847;12416
7629;48 jaar;Vrouwen;2030;71148;33588;21336;12252;5620;6632;21368;12220
7630;48 jaar;Vrouwen;2031;68521;33489;21522;11967;5510;6457;21484;12005
7631;48 jaar;Vrouwen;2032;67805;33828;21625;12203;5454;6749;21908;11920
7632;48 jaar;Vrouwen;2033;69308;34168;21780;12388;5650;6738;22304;11864
7633;48 jaar;Vrouwen;2034;71046;34418;21828;12590;5569;7021;22571;11847
7634;48 jaar;Vrouwen;2035;73367;34942;21680;13262;5975;7287;22977;11965
7635;48 jaar;Vrouwen;2036;73090;35387;21689;13698;5957;7741;23584;11803
7636;48 jaar;Vrouwen;2037;72447;36189;21697;14492;6216;8276;24184;12005
7637;48 jaar;Vrouwen;2038;73351;36467;21669;14798;6144;8654;24715;11752
7638;48 jaar;Vrouwen;2039;75278;37625;21605;16020;6615;9405;25701;11924
7639;48 jaar;Vrouwen;2040;75617;37782;21585;16197;6728;9469;25860;11922
7640;48 jaar;Vrouwen;2041;74106;38154;21570;16584;6852;9732;26228;11926
7641;48 jaar;Vrouwen;2042;73749;38252;21552;16700;6814;9886;26504;11748
7642;48 jaar;Vrouwen;2043;73450;38941;21587;17354;6916;10438;27070;11871
7643;48 jaar;Vrouwen;2044;71533;38978;21615;17363;7007;10356;27092;11886
7644;48 jaar;Vrouwen;2045;70586;39374;21768;17606;6952;10654;27577;11797
7645;48 jaar;Vrouwen;2046;71063;40507;21893;18614;7289;11325;28570;11937
7646;48 jaar;Vrouwen;2047;72643;41602;21931;19671;7756;11915;29429;12173
7647;48 jaar;Vrouwen;2048;72596;42172;21820;20352;7973;12379;29719;12453
7648;48 jaar;Vrouwen;2049;74984;42117;21828;20289;7937;12352;29495;12622
7649;48 jaar;Vrouwen;2050;74416;42656;21827;20829;8278;12551;29793;12863
7650;49 jaar;Totaal mannen en vrouwen;2000;187219;36379;24618;11761;10581;1180;12774;23605
7651;49 jaar;Totaal mannen en vrouwen;2001;186708;34718;21982;12736;10647;2089;11830;22888
7652;49 jaar;Totaal mannen en vrouwen;2002;191692;36545;23678;12867;10361;2506;13623;22922
7653;49 jaar;Totaal mannen en vrouwen;2003;190409;36428;24306;12122;9632;2490;14293;22135
7654;49 jaar;Totaal mannen en vrouwen;2004;191461;37585;25566;12019;9509;2510;15592;21993
7655;49 jaar;Totaal mannen en vrouwen;2005;192842;38440;26229;12211;9534;2677;16530;21910
7656;49 jaar;Totaal mannen en vrouwen;2006;195787;39856;27670;12186;9411;2775;18070;21786
7657;49 jaar;Totaal mannen en vrouwen;2007;198139;40420;27740;12680;9693;2987;18237;22183
7658;49 jaar;Totaal mannen en vrouwen;2008;200163;42112;28936;13176;9856;3320;19905;22207
7659;49 jaar;Totaal mannen en vrouwen;2009;204316;43549;30039;13510;10139;3371;20923;22626
7660;49 jaar;Totaal mannen en vrouwen;2010;202024;46784;33451;13333;10004;3329;24198;22586
7661;49 jaar;Totaal mannen en vrouwen;2011;208658;46189;32190;13999;10681;3318;22852;23337
7662;49 jaar;Totaal mannen en vrouwen;2012;207075;49251;34645;14606;11181;3425;25544;23707
7663;49 jaar;Totaal mannen en vrouwen;2013;210018;50468;35451;15017;11510;3507;26249;24219
7664;49 jaar;Totaal mannen en vrouwen;2014;210359;53379;37715;15664;12119;3545;28283;25096
7665;49 jaar;Totaal mannen en vrouwen;2015;205218;53669;38071;15598;12222;3376;28592;25077
7666;49 jaar;Totaal mannen en vrouwen;2016;200611;54074;38459;15615;12350;3265;29240;24834
7667;49 jaar;Totaal mannen en vrouwen;2017;199869;53389;37640;15749;12452;3297;28268;25121
7668;49 jaar;Totaal mannen en vrouwen;2018;198809;56269;40226;16043;12615;3428;30986;25283
7669;49 jaar;Totaal mannen en vrouwen;2019;207293;58704;41572;17132;13477;3655;32448;26256
7670;49 jaar;Totaal mannen en vrouwen;2020;200382;59228;42569;16659;12660;3999;33712;25516
7671;49 jaar;Totaal mannen en vrouwen;2021;190767;58945;42530;16415;12115;4300;34009;24936
7672;49 jaar;Totaal mannen en vrouwen;2022;179893;58943;42673;16270;11604;4666;34523;24420
7673;49 jaar;Totaal mannen en vrouwen;2023;164549;57456;42281;15175;10351;4824;34180;23276
7674;49 jaar;Totaal mannen en vrouwen;2024;156766;57987;42441;15546;10233;5313;34928;23059
7675;49 jaar;Totaal mannen en vrouwen;2025;149386;57603;41358;16245;10010;6235;34723;22880
7676;49 jaar;Totaal mannen en vrouwen;2026;147700;58073;40709;17364;10096;7268;34998;23075
7677;49 jaar;Totaal mannen en vrouwen;2027;143743;60046;41688;18358;10116;8242;37093;22953
7678;49 jaar;Totaal mannen en vrouwen;2028;144318;61731;41686;20045;10631;9414;38321;23410
7679;49 jaar;Totaal mannen en vrouwen;2029;142746;63095;41773;21322;10767;10555;39648;23447
7680;49 jaar;Totaal mannen en vrouwen;2030;146054;65543;41544;23999;11520;12479;41524;24019
7681;49 jaar;Totaal mannen en vrouwen;2031;142677;66677;41671;25006;11506;13500;42933;23744
7682;49 jaar;Totaal mannen en vrouwen;2032;138110;66512;42056;24456;11207;13249;43287;23225
7683;49 jaar;Totaal mannen en vrouwen;2033;136621;66877;42170;24707;11093;13614;43899;22978
7684;49 jaar;Totaal mannen en vrouwen;2034;139838;67697;42408;25289;11512;13777;44702;22995
7685;49 jaar;Totaal mannen en vrouwen;2035;142693;68132;42473;25659;11527;14132;45201;22931
7686;49 jaar;Totaal mannen en vrouwen;2036;146831;69209;42327;26882;12175;14707;46072;23137
7687;49 jaar;Totaal mannen en vrouwen;2037;147691;70079;42333;27746;12130;15616;47149;22930
7688;49 jaar;Totaal mannen en vrouwen;2038;145816;71716;42345;29371;12469;16902;48669;23047
7689;49 jaar;Totaal mannen en vrouwen;2039;146903;72589;42367;30222;12519;17703;49762;22827
7690;49 jaar;Totaal mannen en vrouwen;2040;152113;74629;42264;32365;13408;18957;51547;23082
7691;49 jaar;Totaal mannen en vrouwen;2041;151893;75220;42172;33048;13712;19336;52036;23184
7692;49 jaar;Totaal mannen en vrouwen;2042;149290;76085;42237;33848;13799;20049;53075;23010
7693;49 jaar;Totaal mannen en vrouwen;2043;148190;76179;42179;34000;14017;19983;53207;22972
7694;49 jaar;Totaal mannen en vrouwen;2044;147844;77652;42228;35424;14173;21251;54502;23150
7695;49 jaar;Totaal mannen en vrouwen;2045;143858;77737;42325;35412;14259;21153;54506;23231
7696;49 jaar;Totaal mannen en vrouwen;2046;142595;78760;42593;36167;14284;21883;55512;23248
7697;49 jaar;Totaal mannen en vrouwen;2047;142510;80776;42779;37997;14917;23080;57370;23406
7698;49 jaar;Totaal mannen en vrouwen;2048;146125;83017;42840;40177;15853;24324;59090;23927
7699;49 jaar;Totaal mannen en vrouwen;2049;146312;84341;42693;41648;16337;25311;59733;24608
7700;49 jaar;Totaal mannen en vrouwen;2050;150845;84113;42704;41409;16198;25211;59338;24775
7701;49 jaar;Mannen;2000;95375;18187;12186;6001;5399;602;6488;11699
7702;49 jaar;Mannen;2001;95217;17284;10779;6505;5442;1063;5966;11318
7703;49 jaar;Mannen;2002;97606;18070;11433;6637;5335;1302;6841;11229
7704;49 jaar;Mannen;2003;96784;18020;11760;6260;4932;1328;7139;10881
7705;49 jaar;Mannen;2004;97542;18390;12301;6089;4778;1311;7672;10718
7706;49 jaar;Mannen;2005;97466;18931;12740;6191;4833;1358;8287;10644
7707;49 jaar;Mannen;2006;99432;19903;13727;6176;4750;1426;9331;10572
7708;49 jaar;Mannen;2007;100477;20018;13639;6379;4929;1450;9278;10740
7709;49 jaar;Mannen;2008;101326;21088;14369;6719;5071;1648;10196;10892
7710;49 jaar;Mannen;2009;103277;21882;15160;6722;5025;1697;10919;10963
7711;49 jaar;Mannen;2010;102308;23658;16970;6688;5031;1657;12569;11089
7712;49 jaar;Mannen;2011;105242;23598;16441;7157;5419;1738;12078;11520
7713;49 jaar;Mannen;2012;104665;24995;17652;7343;5624;1719;13364;11631
7714;49 jaar;Mannen;2013;106480;25831;18190;7641;5795;1846;13883;11948
7715;49 jaar;Mannen;2014;106546;27388;19398;7990;6205;1785;14996;12392
7716;49 jaar;Mannen;2015;104163;27544;19667;7877;6187;1690;15148;12396
7717;49 jaar;Mannen;2016;101539;27711;19826;7885;6222;1663;15432;12279
7718;49 jaar;Mannen;2017;101311;27084;19154;7930;6282;1648;14787;12297
7719;49 jaar;Mannen;2018;100415;28504;20371;8133;6431;1702;15993;12511
7720;49 jaar;Mannen;2019;104930;29626;20935;8691;6798;1893;16671;12955
7721;49 jaar;Mannen;2020;101168;29784;21237;8547;6496;2051;17153;12631
7722;49 jaar;Mannen;2021;96513;29425;21035;8390;6167;2223;17138;12287
7723;49 jaar;Mannen;2022;90560;29223;20925;8298;5946;2352;17213;12010
7724;49 jaar;Mannen;2023;83115;28286;20611;7675;5224;2451;16967;11319
7725;49 jaar;Mannen;2024;79373;28604;20707;7897;5141;2756;17431;11173
7726;49 jaar;Mannen;2025;75502;28495;20205;8290;5126;3164;17334;11161
7727;49 jaar;Mannen;2026;74967;28851;19930;8921;5189;3732;17582;11269
7728;49 jaar;Mannen;2027;72745;29538;20217;9321;5164;4157;18422;11116
7729;49 jaar;Mannen;2028;72959;30445;20287;10158;5402;4756;19084;11361
7730;49 jaar;Mannen;2029;71884;31295;20358;10937;5524;5413;19872;11423
7731;49 jaar;Mannen;2030;73785;32523;20316;12207;5879;6328;20818;11705
7732;49 jaar;Mannen;2031;71692;33333;20556;12777;5898;6879;21703;11630
7733;49 jaar;Mannen;2032;69741;33271;20758;12513;5708;6805;21945;11326
7734;49 jaar;Mannen;2033;68968;33295;20768;12527;5650;6877;22134;11161
7735;49 jaar;Mannen;2034;70682;33782;20858;12924;5873;7051;22543;11239
7736;49 jaar;Mannen;2035;71808;33965;20873;13092;5966;7126;22776;11189
7737;49 jaar;Mannen;2036;73637;34515;20873;13642;6208;7434;23241;11274
7738;49 jaar;Mannen;2037;74767;34944;20871;14073;6183;7890;23712;11232
7739;49 jaar;Mannen;2038;73532;35780;20874;14906;6263;8643;24635;11145
7740;49 jaar;Mannen;2039;73722;36372;20924;15448;6384;9064;25195;11177
7741;49 jaar;Mannen;2040;77009;37260;20884;16376;6806;9570;25997;11263
7742;49 jaar;Mannen;2041;76457;37691;20809;16882;7001;9881;26325;11366
7743;49 jaar;Mannen;2042;75357;38185;20889;17296;6961;10335;26997;11188
7744;49 jaar;Mannen;2043;74611;38181;20853;17328;7214;10114;26854;11327
7745;49 jaar;Mannen;2044;74561;38970;20868;18102;7270;10832;27587;11383
7746;49 jaar;Mannen;2045;72494;39011;20933;18078;7264;10814;27564;11447
7747;49 jaar;Mannen;2046;72171;39643;21052;18591;7343;11248;28089;11554
7748;49 jaar;Mannen;2047;71615;40527;21112;19415;7639;11776;28957;11570
7749;49 jaar;Mannen;2048;73649;41680;21139;20541;8112;12429;29824;11856
7750;49 jaar;Mannen;2049;73886;42431;21098;21333;8380;12953;30174;12257
7751;49 jaar;Mannen;2050;76039;42254;21102;21152;8274;12878;29998;12256
7752;49 jaar;Vrouwen;2000;91844;18192;12432;5760;5182;578;6286;11906
7753;49 jaar;Vrouwen;2001;91493;17432;11201;6231;5205;1026;5865;11567
7754;49 jaar;Vrouwen;2002;94083;18478;12245;6233;5028;1205;6785;11693
7755;49 jaar;Vrouwen;2003;93624;18409;12545;5864;4702;1162;7153;11256
7756;49 jaar;Vrouwen;2004;93918;19196;13267;5929;4730;1199;7921;11275
7757;49 jaar;Vrouwen;2005;95377;19509;13490;6019;4702;1317;8245;11264
7758;49 jaar;Vrouwen;2006;96356;19952;13942;6010;4662;1348;8739;11213
7759;49 jaar;Vrouwen;2007;97661;20403;14101;6302;4764;1538;8959;11444
7760;49 jaar;Vrouwen;2008;98837;21025;14568;6457;4784;1673;9709;11316
7761;49 jaar;Vrouwen;2009;101036;21670;14880;6790;5117;1673;10006;11664
7762;49 jaar;Vrouwen;2010;99715;23127;16479;6648;4978;1670;11630;11497
7763;49 jaar;Vrouwen;2011;103415;22592;15749;6843;5263;1580;10773;11819
7764;49 jaar;Vrouwen;2012;102410;24256;16994;7262;5557;1705;12181;12075
7765;49 jaar;Vrouwen;2013;103541;24634;17259;7375;5712;1663;12362;12272
7766;49 jaar;Vrouwen;2014;103809;25995;18318;7677;5915;1762;13289;12706
7767;49 jaar;Vrouwen;2015;101055;26125;18404;7721;6037;1684;13444;12681
7768;49 jaar;Vrouwen;2016;99073;26362;18631;7731;6131;1600;13806;12556
7769;49 jaar;Vrouwen;2017;98556;26307;18487;7820;6172;1648;13481;12826
7770;49 jaar;Vrouwen;2018;98398;27761;19853;7908;6180;1728;14990;12771
7771;49 jaar;Vrouwen;2019;102365;29076;20635;8441;6678;1763;15776;13300
7772;49 jaar;Vrouwen;2020;99209;29449;21335;8114;6164;1950;16563;12886
7773;49 jaar;Vrouwen;2021;94258;29515;21492;8023;5948;2075;16868;12647
7774;49 jaar;Vrouwen;2022;89334;29719;21747;7972;5657;2315;17310;12409
7775;49 jaar;Vrouwen;2023;81436;29169;21670;7499;5124;2375;17212;11957
7776;49 jaar;Vrouwen;2024;77388;29388;21737;7651;5092;2559;17499;11889
7777;49 jaar;Vrouwen;2025;73886;29106;21149;7957;4889;3068;17388;11718
7778;49 jaar;Vrouwen;2026;72735;29221;20777;8444;4906;3538;17416;11805
7779;49 jaar;Vrouwen;2027;70995;30511;21473;9038;4953;4085;18672;11839
7780;49 jaar;Vrouwen;2028;71364;31282;21397;9885;5227;4658;19234;12048
7781;49 jaar;Vrouwen;2029;70861;31802;21416;10386;5246;5140;19779;12023
7782;49 jaar;Vrouwen;2030;72268;33021;21229;11792;5642;6150;20706;12315
7783;49 jaar;Vrouwen;2031;70985;33344;21116;12228;5609;6619;21228;12116
7784;49 jaar;Vrouwen;2032;68364;33246;21300;11946;5500;6446;21345;11901
7785;49 jaar;Vrouwen;2033;67652;33583;21400;12183;5448;6735;21764;11819
7786;49 jaar;Vrouwen;2034;69151;33920;21554;12366;5641;6725;22161;11759
7787;49 jaar;Vrouwen;2035;70884;34168;21601;12567;5560;7007;22426;11742
7788;49 jaar;Vrouwen;2036;73196;34692;21456;13236;5961;7275;22831;11861
7789;49 jaar;Vrouwen;2037;72925;35134;21462;13672;5945;7727;23436;11698
7790;49 jaar;Vrouwen;2038;72283;35937;21473;14464;6204;8260;24036;11901
7791;49 jaar;Vrouwen;2039;73180;36218;21446;14772;6134;8638;24567;11651
7792;49 jaar;Vrouwen;2040;75104;37369;21380;15989;6604;9385;25550;11819
7793;49 jaar;Vrouwen;2041;75434;37531;21364;16167;6713;9454;25712;11819
7794;49 jaar;Vrouwen;2042;73931;37902;21348;16554;6840;9714;26077;11825
7795;49 jaar;Vrouwen;2043;73579;37998;21327;16671;6804;9867;26352;11646
7796;49 jaar;Vrouwen;2044;73282;38683;21361;17322;6903;10419;26915;11768
7797;49 jaar;Vrouwen;2045;71368;38722;21390;17332;6994;10338;26940;11782
7798;49 jaar;Vrouwen;2046;70426;39114;21541;17573;6938;10635;27420;11694
7799;49 jaar;Vrouwen;2047;70899;40245;21664;18581;7278;11303;28412;11833
7800;49 jaar;Vrouwen;2048;72476;41337;21701;19636;7743;11893;29268;12069
7801;49 jaar;Vrouwen;2049;72427;41909;21592;20317;7961;12356;29559;12350
7802;49 jaar;Vrouwen;2050;74811;41854;21600;20254;7921;12333;29335;12519
7803;50 jaar;Totaal mannen en vrouwen;2000;192052;34813;23131;11682;10665;1017;10757;24056
7804;50 jaar;Totaal mannen en vrouwen;2001;186628;36345;24619;11726;10549;1177;12796;23549
7805;50 jaar;Totaal mannen en vrouwen;2002;186125;34710;22013;12697;10614;2083;11860;22850
7806;50 jaar;Totaal mannen en vrouwen;2003;191089;36509;23678;12831;10332;2499;13624;22885
7807;50 jaar;Totaal mannen en vrouwen;2004;189819;36380;24293;12087;9604;2483;14278;22102
7808;50 jaar;Totaal mannen en vrouwen;2005;190860;37512;25527;11985;9483;2502;15552;21960
7809;50 jaar;Totaal mannen en vrouwen;2006;192237;38350;26173;12177;9510;2667;16473;21877
7810;50 jaar;Totaal mannen en vrouwen;2007;195175;39734;27582;12152;9386;2766;17983;21751
7811;50 jaar;Totaal mannen en vrouwen;2008;197519;40283;27638;12645;9666;2979;18140;22143
7812;50 jaar;Totaal mannen en vrouwen;2009;199532;41947;28807;13140;9830;3310;19782;22165
7813;50 jaar;Totaal mannen en vrouwen;2010;203670;43366;29891;13475;10112;3363;20789;22577
7814;50 jaar;Totaal mannen en vrouwen;2011;201391;46539;33240;13299;9979;3320;24012;22527
7815;50 jaar;Totaal mannen en vrouwen;2012;208005;45959;31999;13960;10651;3309;22690;23269
7816;50 jaar;Totaal mannen en vrouwen;2013;206440;48977;34410;14567;11151;3416;25343;23634
7817;50 jaar;Totaal mannen en vrouwen;2014;209374;50174;35196;14978;11480;3498;26042;24132
7818;50 jaar;Totaal mannen en vrouwen;2015;209712;53047;37421;15626;12089;3537;28050;24997
7819;50 jaar;Totaal mannen en vrouwen;2016;204607;53325;37768;15557;12189;3368;28353;24972
7820;50 jaar;Totaal mannen en vrouwen;2017;200018;53728;38152;15576;12318;3258;28997;24731
7821;50 jaar;Totaal mannen en vrouwen;2018;199280;53045;37334;15711;12422;3289;28041;25004
7822;50 jaar;Totaal mannen en vrouwen;2019;198224;55889;39884;16005;12585;3420;30726;25163
7823;50 jaar;Totaal mannen en vrouwen;2020;206674;58297;41208;17089;13441;3648;32172;26125
7824;50 jaar;Totaal mannen en vrouwen;2021;199797;58806;42189;16617;12626;3991;33425;25381
7825;50 jaar;Totaal mannen en vrouwen;2022;190215;58527;42151;16376;12087;4289;33729;24798
7826;50 jaar;Totaal mannen en vrouwen;2023;179391;58520;42288;16232;11578;4654;34239;24281
7827;50 jaar;Totaal mannen en vrouwen;2024;164114;57039;41901;15138;10326;4812;33902;23137
7828;50 jaar;Totaal mannen en vrouwen;2025;156358;57564;42054;15510;10209;5301;34647;22917
7829;50 jaar;Totaal mannen en vrouwen;2026;149014;57185;40978;16207;9988;6219;34454;22731
7830;50 jaar;Totaal mannen en vrouwen;2027;147333;57659;40334;17325;10075;7250;34736;22923
7831;50 jaar;Totaal mannen en vrouwen;2028;143384;59619;41302;18317;10095;8222;36819;22800
7832;50 jaar;Totaal mannen en vrouwen;2029;143961;61293;41295;19998;10603;9395;38041;23252
7833;50 jaar;Totaal mannen en vrouwen;2030;142393;62653;41379;21274;10742;10532;39367;23286
7834;50 jaar;Totaal mannen en vrouwen;2031;145685;65091;41147;23944;11494;12450;41237;23854
7835;50 jaar;Totaal mannen en vrouwen;2032;142320;66217;41268;24949;11479;13470;42638;23579
7836;50 jaar;Totaal mannen en vrouwen;2033;137770;66050;41647;24403;11182;13221;42991;23059
7837;50 jaar;Totaal mannen en vrouwen;2034;136291;66411;41758;24653;11070;13583;43599;22812
7838;50 jaar;Totaal mannen en vrouwen;2035;139491;67229;41995;25234;11487;13747;44401;22828
7839;50 jaar;Totaal mannen en vrouwen;2036;142343;67661;42058;25603;11501;14102;44897;22764
7840;50 jaar;Totaal mannen en vrouwen;2037;146460;68738;41916;26822;12147;14675;45769;22969
7841;50 jaar;Totaal mannen en vrouwen;2038;147314;69610;41923;27687;12106;15581;46845;22765
7842;50 jaar;Totaal mannen en vrouwen;2039;145448;71239;41930;29309;12443;16866;48360;22879
7843;50 jaar;Totaal mannen en vrouwen;2040;146534;72109;41953;30156;12492;17664;49451;22658
7844;50 jaar;Totaal mannen en vrouwen;2041;151719;74147;41851;32296;13381;18915;51232;22915
7845;50 jaar;Totaal mannen en vrouwen;2042;151505;74738;41762;32976;13682;19294;51723;23015
7846;50 jaar;Totaal mannen en vrouwen;2043;148905;75603;41825;33778;13772;20006;52759;22844
7847;50 jaar;Totaal mannen en vrouwen;2044;147813;75699;41768;33931;13989;19942;52892;22807
7848;50 jaar;Totaal mannen en vrouwen;2045;147465;77170;41818;35352;14144;21208;54183;22987
7849;50 jaar;Totaal mannen en vrouwen;2046;143501;77252;41914;35338;14230;21108;54188;23064
7850;50 jaar;Totaal mannen en vrouwen;2047;142237;78273;42179;36094;14256;21838;55192;23081
7851;50 jaar;Totaal mannen en vrouwen;2048;142157;80278;42359;37919;14888;23031;57042;23236
7852;50 jaar;Totaal mannen en vrouwen;2049;145751;82518;42422;40096;15821;24275;58760;23758
7853;50 jaar;Totaal mannen en vrouwen;2050;145943;83839;42274;41565;16308;25257;59402;24437
7854;50 jaar;Mannen;2000;97857;17522;11524;5998;5457;541;5454;12068
7855;50 jaar;Mannen;2001;95025;18171;12191;5980;5380;600;6486;11685
7856;50 jaar;Mannen;2002;94869;17289;10807;6482;5422;1060;5972;11317
7857;50 jaar;Mannen;2003;97254;18059;11446;6613;5316;1297;6830;11229
7858;50 jaar;Mannen;2004;96439;18005;11767;6238;4914;1324;7123;10882
7859;50 jaar;Mannen;2005;97196;18359;12290;6069;4762;1307;7639;10720
7860;50 jaar;Mannen;2006;97117;18895;12723;6172;4817;1355;8246;10649
7861;50 jaar;Mannen;2007;99076;19848;13690;6158;4736;1422;9271;10577
7862;50 jaar;Mannen;2008;100121;19955;13596;6359;4913;1446;9216;10739
7863;50 jaar;Mannen;2009;100962;21008;14309;6699;5056;1643;10120;10888
7864;50 jaar;Mannen;2010;102910;21789;15087;6702;5010;1692;10832;10957
7865;50 jaar;Mannen;2011;101948;23528;16861;6667;5015;1652;12451;11077
7866;50 jaar;Mannen;2012;104871;23481;16345;7136;5404;1732;11978;11503
7867;50 jaar;Mannen;2013;104305;24852;17531;7321;5606;1715;13242;11610
7868;50 jaar;Mannen;2014;106115;25677;18058;7619;5779;1840;13756;11921
7869;50 jaar;Mannen;2015;106183;27214;19246;7968;6189;1779;14854;12360
7870;50 jaar;Mannen;2016;103814;27367;19511;7856;6171;1685;15007;12360
7871;50 jaar;Mannen;2017;101205;27531;19670;7861;6201;1660;15288;12243
7872;50 jaar;Mannen;2018;100983;26913;19004;7909;6265;1644;14655;12258
7873;50 jaar;Mannen;2019;100090;28320;20206;8114;6417;1697;15849;12471
7874;50 jaar;Mannen;2020;104581;29433;20763;8670;6781;1889;16525;12908
7875;50 jaar;Mannen;2021;100848;29579;21057;8522;6478;2044;16998;12581
7876;50 jaar;Mannen;2022;96204;29235;20866;8369;6150;2219;16996;12239
7877;50 jaar;Mannen;2023;90285;29030;20754;8276;5930;2346;17070;11960
7878;50 jaar;Mannen;2024;82879;28098;20442;7656;5210;2446;16827;11271
7879;50 jaar;Mannen;2025;79152;28413;20537;7876;5129;2747;17291;11122
7880;50 jaar;Mannen;2026;75300;28308;20040;8268;5111;3157;17200;11108
7881;50 jaar;Mannen;2027;74766;28665;19767;8898;5175;3723;17451;11214
7882;50 jaar;Mannen;2028;72556;29344;20046;9298;5150;4148;18283;11061
7883;50 jaar;Mannen;2029;72765;30248;20115;10133;5391;4742;18944;11304
7884;50 jaar;Mannen;2030;71696;31096;20185;10911;5509;5402;19729;11367
7885;50 jaar;Mannen;2031;73588;32318;20140;12178;5864;6314;20672;11646
7886;50 jaar;Mannen;2032;71502;33122;20375;12747;5882;6865;21553;11569
7887;50 jaar;Mannen;2033;69561;33057;20574;12483;5696;6787;21790;11267
7888;50 jaar;Mannen;2034;68792;33081;20584;12497;5636;6861;21981;11100
7889;50 jaar;Mannen;2035;70499;33565;20670;12895;5860;7035;22387;11178
7890;50 jaar;Mannen;2036;71627;33746;20686;13060;5949;7111;22619;11127
7891;50 jaar;Mannen;2037;73440;34298;20686;13612;6195;7417;23084;11214
7892;50 jaar;Mannen;2038;74567;34726;20685;14041;6169;7872;23556;11170
7893;50 jaar;Mannen;2039;73338;35561;20686;14875;6253;8622;24477;11084
7894;50 jaar;Mannen;2040;73523;36153;20736;15417;6373;9044;25037;11116
7895;50 jaar;Mannen;2041;76796;37039;20699;16340;6794;9546;25838;11201
7896;50 jaar;Mannen;2042;76250;37470;20625;16845;6985;9860;26167;11303
7897;50 jaar;Mannen;2043;75153;37962;20703;17259;6945;10314;26837;11125
7898;50 jaar;Mannen;2044;74413;37959;20668;17291;7198;10093;26694;11265
7899;50 jaar;Mannen;2045;74364;38744;20682;18062;7252;10810;27424;11320
7900;50 jaar;Mannen;2046;72300;38791;20749;18042;7251;10791;27406;11385
7901;50 jaar;Mannen;2047;71982;39416;20864;18552;7326;11226;27926;11490
7902;50 jaar;Mannen;2048;71427;40298;20926;19372;7621;11751;28791;11507
7903;50 jaar;Mannen;2049;73450;41448;20950;20498;8095;12403;29656;11792
7904;50 jaar;Mannen;2050;73690;42197;20911;21286;8361;12925;30007;12190
7905;50 jaar;Vrouwen;2000;94195;17291;11607;5684;5208;476;5303;11988
7906;50 jaar;Vrouwen;2001;91603;18173;12427;5746;5170;576;6310;11863
7907;50 jaar;Vrouwen;2002;91255;17422;11207;6215;5192;1023;5889;11533
7908;50 jaar;Vrouwen;2003;93836;18449;12231;6218;5016;1202;6794;11655
7909;50 jaar;Vrouwen;2004;93379;18375;12526;5849;4690;1159;7156;11219
7910;50 jaar;Vrouwen;2005;93666;19151;13236;5915;4719;1196;7912;11239
7911;50 jaar;Vrouwen;2006;95123;19451;13446;6005;4690;1315;8225;11226
7912;50 jaar;Vrouwen;2007;96095;19889;13893;5996;4651;1345;8714;11175
7913;50 jaar;Vrouwen;2008;97397;20329;14043;6286;4752;1534;8925;11404
7914;50 jaar;Vrouwen;2009;98569;20940;14498;6442;4775;1667;9663;11277
7915;50 jaar;Vrouwen;2010;100760;21577;14803;6774;5105;1669;9957;11620
7916;50 jaar;Vrouwen;2011;99444;23010;16378;6632;4966;1666;11560;11450
7917;50 jaar;Vrouwen;2012;103129;22482;15655;6827;5250;1577;10716;11766
7918;50 jaar;Vrouwen;2013;102134;24127;16880;7247;5545;1702;12105;12022
7919;50 jaar;Vrouwen;2014;103259;24497;17138;7359;5700;1659;12285;12212
7920;50 jaar;Vrouwen;2015;103529;25834;18175;7659;5901;1758;13196;12638
7921;50 jaar;Vrouwen;2016;100793;25959;18257;7702;6020;1682;13346;12613
7922;50 jaar;Vrouwen;2017;98814;26196;18483;7713;6116;1597;13709;12487
7923;50 jaar;Vrouwen;2018;98294;26135;18333;7802;6160;1642;13385;12750
7924;50 jaar;Vrouwen;2019;98134;27569;19677;7892;6169;1723;14877;12692
7925;50 jaar;Vrouwen;2020;102089;28868;20446;8422;6663;1759;15651;13217
7926;50 jaar;Vrouwen;2021;98952;29224;21130;8094;6149;1945;16426;12798
7927;50 jaar;Vrouwen;2022;94011;29292;21285;8007;5936;2071;16733;12559
7928;50 jaar;Vrouwen;2023;89104;29492;21536;7956;5646;2310;17172;12320
7929;50 jaar;Vrouwen;2024;81237;28939;21457;7482;5115;2367;17073;11866
7930;50 jaar;Vrouwen;2025;77204;29154;21520;7634;5081;2553;17359;11795
7931;50 jaar;Vrouwen;2026;73711;28879;20940;7939;4876;3063;17256;11623
7932;50 jaar;Vrouwen;2027;72563;28998;20571;8427;4897;3530;17289;11709
7933;50 jaar;Vrouwen;2028;70827;30275;21255;9020;4943;4077;18536;11739
7934;50 jaar;Vrouwen;2029;71196;31045;21181;9864;5216;4648;19097;11948
7935;50 jaar;Vrouwen;2030;70694;31559;21194;10365;5235;5130;19639;11920
7936;50 jaar;Vrouwen;2031;72098;32772;21007;11765;5626;6139;20564;12208
7937;50 jaar;Vrouwen;2032;70817;33096;20894;12202;5598;6604;21086;12010
7938;50 jaar;Vrouwen;2033;68208;32994;21075;11919;5489;6430;21200;11794
7939;50 jaar;Vrouwen;2034;67495;33334;21177;12157;5436;6721;21622;11712
7940;50 jaar;Vrouwen;2035;68988;33668;21327;12341;5631;6710;22016;11652
7941;50 jaar;Vrouwen;2036;70716;33915;21373;12542;5550;6992;22278;11637
7942;50 jaar;Vrouwen;2037;73020;34440;21230;13210;5952;7258;22684;11756
7943;50 jaar;Vrouwen;2038;72748;34883;21236;13647;5937;7710;23290;11593
7944;50 jaar;Vrouwen;2039;72108;35680;21244;14436;6192;8244;23884;11796
7945;50 jaar;Vrouwen;2040;73005;35962;21220;14742;6120;8622;24416;11546
7946;50 jaar;Vrouwen;2041;74919;37112;21154;15958;6590;9368;25398;11714
7947;50 jaar;Vrouwen;2042;75254;37270;21135;16135;6700;9435;25557;11713
7948;50 jaar;Vrouwen;2043;73753;37641;21120;16521;6826;9695;25924;11717
7949;50 jaar;Vrouwen;2044;73400;37740;21101;16639;6788;9851;26199;11541
7950;50 jaar;Vrouwen;2045;73103;38424;21135;17289;6893;10396;26759;11665
7951;50 jaar;Vrouwen;2046;71197;38465;21167;17298;6978;10320;26784;11681
7952;50 jaar;Vrouwen;2047;70259;38853;21314;17539;6926;10613;27264;11589
7953;50 jaar;Vrouwen;2048;70730;39980;21435;18545;7264;11281;28251;11729
7954;50 jaar;Vrouwen;2049;72303;41069;21471;19598;7728;11870;29104;11965
7955;50 jaar;Vrouwen;2050;72254;41641;21363;20278;7944;12334;29396;12245
7956;51 jaar;Totaal mannen en vrouwen;2000;198992;35288;22802;12486;11454;1032;10670;24618
7957;51 jaar;Totaal mannen en vrouwen;2001;191376;34772;23129;11643;10629;1014;10798;23974
7958;51 jaar;Totaal mannen en vrouwen;2002;185992;36277;24589;11688;10515;1173;12794;23483
7959;51 jaar;Totaal mannen en vrouwen;2003;185494;34674;22019;12655;10579;2076;11875;22799
7960;51 jaar;Totaal mannen en vrouwen;2004;190441;36440;23649;12791;10300;2491;13608;22832
7961;51 jaar;Totaal mannen en vrouwen;2005;189179;36309;24258;12051;9576;2475;14252;22057
7962;51 jaar;Totaal mannen en vrouwen;2006;190217;37410;25462;11948;9453;2495;15498;21912
7963;51 jaar;Totaal mannen en vrouwen;2007;191594;38228;26089;12139;9479;2660;16401;21827
7964;51 jaar;Totaal mannen en vrouwen;2008;194513;39585;27469;12116;9359;2757;17885;21700
7965;51 jaar;Totaal mannen en vrouwen;2009;196848;40123;27516;12607;9638;2969;18037;22086
7966;51 jaar;Totaal mannen en vrouwen;2010;198856;41760;28659;13101;9801;3300;19654;22106
7967;51 jaar;Totaal mannen en vrouwen;2011;202974;43161;29723;13438;10086;3352;20648;22513
7968;51 jaar;Totaal mannen en vrouwen;2012;200716;46273;33013;13260;9951;3309;23819;22454
7969;51 jaar;Totaal mannen en vrouwen;2013;207307;45718;31796;13922;10623;3299;22529;23189
7970;51 jaar;Totaal mannen en vrouwen;2014;205759;48691;34164;14527;11121;3406;25140;23551
7971;51 jaar;Totaal mannen en vrouwen;2015;208680;49869;34931;14938;11450;3488;25834;24035
7972;51 jaar;Totaal mannen en vrouwen;2016;209023;52700;37117;15583;12056;3527;27814;24886
7973;51 jaar;Totaal mannen en vrouwen;2017;203946;52967;37455;15512;12153;3359;28112;24855
7974;51 jaar;Totaal mannen en vrouwen;2018;199377;53368;37833;15535;12288;3247;28757;24611
7975;51 jaar;Totaal mannen en vrouwen;2019;198645;52687;37019;15668;12389;3279;27813;24874
7976;51 jaar;Totaal mannen en vrouwen;2020;197605;55488;39529;15959;12548;3411;30461;25027
7977;51 jaar;Totaal mannen en vrouwen;2021;206010;57882;40837;17045;13410;3635;31900;25982
7978;51 jaar;Totaal mannen en vrouwen;2022;199160;58376;41801;16575;12595;3980;33141;25235
7979;51 jaar;Totaal mannen en vrouwen;2023;189630;58094;41761;16333;12055;4278;33444;24650
7980;51 jaar;Totaal mannen en vrouwen;2024;178854;58084;41894;16190;11546;4644;33954;24130
7981;51 jaar;Totaal mannen en vrouwen;2025;163641;56612;41512;15100;10301;4799;33625;22987
7982;51 jaar;Totaal mannen en vrouwen;2026;155920;57129;41660;15469;10183;5286;34366;22763
7983;51 jaar;Totaal mannen en vrouwen;2027;148604;56762;40596;16166;9965;6201;34187;22575
7984;51 jaar;Totaal mannen en vrouwen;2028;146932;57237;39957;17280;10046;7234;34475;22762
7985;51 jaar;Totaal mannen en vrouwen;2029;142998;59183;40912;18271;10071;8200;36545;22638
7986;51 jaar;Totaal mannen en vrouwen;2030;143572;60846;40898;19948;10579;9369;37762;23084
7987;51 jaar;Totaal mannen en vrouwen;2031;142013;62201;40981;21220;10716;10504;39083;23118
7988;51 jaar;Totaal mannen en vrouwen;2032;145286;64631;40746;23885;11465;12420;40950;23681
7989;51 jaar;Totaal mannen en vrouwen;2033;141932;65750;40864;24886;11451;13435;42344;23406
7990;51 jaar;Totaal mannen en vrouwen;2034;137407;65576;41234;24342;11154;13188;42691;22885
7991;51 jaar;Totaal mannen en vrouwen;2035;135937;65935;41344;24591;11042;13549;43298;22637
7992;51 jaar;Totaal mannen en vrouwen;2036;139122;66751;41580;25171;11460;13711;44096;22655
7993;51 jaar;Totaal mannen en vrouwen;2037;141963;67184;41641;25543;11475;14068;44594;22590
7994;51 jaar;Totaal mannen en vrouwen;2038;146063;68255;41498;26757;12116;14641;45462;22793
7995;51 jaar;Totaal mannen en vrouwen;2039;146915;69127;41507;27620;12073;15547;46538;22589
7996;51 jaar;Totaal mannen en vrouwen;2040;145056;70754;41515;29239;12412;16827;48050;22704
7997;51 jaar;Totaal mannen en vrouwen;2041;146137;71624;41538;30086;12460;17626;49139;22485
7998;51 jaar;Totaal mannen en vrouwen;2042;151295;73657;41437;32220;13349;18871;50918;22739
7999;51 jaar;Totaal mannen en vrouwen;2043;151086;74250;41349;32901;13652;19249;51411;22839
8000;51 jaar;Totaal mannen en vrouwen;2044;148502;75109;41410;33699;13739;19960;52440;22669
8001;51 jaar;Totaal mannen en vrouwen;2045;147411;75206;41354;33852;13958;19894;52574;22632
8002;51 jaar;Totaal mannen en vrouwen;2046;147062;76675;41403;35272;14114;21158;53863;22812
8003;51 jaar;Totaal mannen en vrouwen;2047;143119;76756;41499;35257;14196;21061;53866;22890
8004;51 jaar;Totaal mannen en vrouwen;2048;141866;77768;41758;36010;14220;21790;54862;22906
8005;51 jaar;Totaal mannen en vrouwen;2049;141779;79773;41939;37834;14854;22980;56711;23062
8006;51 jaar;Totaal mannen en vrouwen;2050;145360;82005;41999;40006;15786;24220;58424;23581
8007;51 jaar;Mannen;2000;101295;18006;11571;6435;5892;543;5511;12495
8008;51 jaar;Mannen;2001;97453;17500;11525;5975;5436;539;5464;12036
8009;51 jaar;Mannen;2002;94641;18137;12179;5958;5360;598;6471;11666
8010;51 jaar;Mannen;2003;94490;17276;10819;6457;5401;1056;5970;11306
8011;51 jaar;Mannen;2004;96868;18033;11445;6588;5295;1293;6810;11223
8012;51 jaar;Mannen;2005;96061;17978;11762;6216;4897;1319;7100;10878
8013;51 jaar;Mannen;2006;96815;18319;12270;6049;4746;1303;7602;10717
8014;51 jaar;Mannen;2007;96738;18844;12694;6150;4800;1350;8198;10646
8015;51 jaar;Mannen;2008;98693;19771;13636;6135;4718;1417;9201;10570
8016;51 jaar;Mannen;2009;99732;19878;13540;6338;4897;1441;9149;10729
8017;51 jaar;Mannen;2010;100568;20914;14238;6676;5039;1637;10038;10876
8018;51 jaar;Mannen;2011;102512;21682;15003;6679;4993;1686;10740;10942
8019;51 jaar;Mannen;2012;101560;23384;16741;6643;4996;1647;12329;11055
8020;51 jaar;Mannen;2013;104471;23354;16241;7113;5385;1728;11873;11481
8021;51 jaar;Mannen;2014;103913;24700;17402;7298;5589;1709;13114;11586
8022;51 jaar;Mannen;2015;105715;25517;17922;7595;5761;1834;13629;11888
8023;51 jaar;Mannen;2016;105789;27030;19089;7941;6166;1775;14712;12318
8024;51 jaar;Mannen;2017;103438;27175;19346;7829;6148;1681;14861;12314
8025;51 jaar;Mannen;2018;100839;27345;19506;7839;6185;1654;15146;12199
8026;51 jaar;Mannen;2019;100621;26735;18850;7885;6245;1640;14526;12209
8027;51 jaar;Mannen;2020;99738;28122;20034;8088;6396;1692;15702;12420
8028;51 jaar;Mannen;2021;104208;29226;20583;8643;6759;1884;16374;12852
8029;51 jaar;Mannen;2022;100488;29373;20874;8499;6460;2039;16844;12529
8030;51 jaar;Mannen;2023;95875;29030;20685;8345;6133;2212;16847;12183
8031;51 jaar;Mannen;2024;89987;28824;20573;8251;5912;2339;16919;11905
8032;51 jaar;Mannen;2025;82613;27904;20269;7635;5198;2437;16687;11217
8033;51 jaar;Mannen;2026;78906;28214;20358;7856;5115;2741;17146;11068
8034;51 jaar;Mannen;2027;75074;28112;19867;8245;5098;3147;17061;11051
8035;51 jaar;Mannen;2028;74546;28469;19596;8873;5162;3711;17314;11155
8036;51 jaar;Mannen;2029;72343;29145;19872;9273;5136;4137;18142;11003
8037;51 jaar;Mannen;2030;72553;30041;19936;10105;5375;4730;18799;11242
8038;51 jaar;Mannen;2031;71490;30884;20005;10879;5492;5387;19581;11303
8039;51 jaar;Mannen;2032;73372;32102;19956;12146;5849;6297;20522;11580
8040;51 jaar;Mannen;2033;71292;32900;20187;12713;5865;6848;21397;11503
8041;51 jaar;Mannen;2034;69361;32834;20384;12450;5679;6771;21632;11202
8042;51 jaar;Mannen;2035;68600;32855;20392;12463;5620;6843;21821;11034
8043;51 jaar;Mannen;2036;70297;33340;20479;12861;5845;7016;22227;11113
8044;51 jaar;Mannen;2037;71419;33524;20496;13028;5937;7091;22461;11063
8045;51 jaar;Mannen;2038;73225;34071;20494;13577;6178;7399;22923;11148
8046;51 jaar;Mannen;2039;74349;34499;20496;14003;6151;7852;23396;11103
8047;51 jaar;Mannen;2040;73127;35331;20495;14836;6236;8600;24314;11017
8048;51 jaar;Mannen;2041;73310;35922;20544;15378;6358;9020;24873;11049
8049;51 jaar;Mannen;2042;76566;36806;20508;16298;6775;9523;25672;11134
8050;51 jaar;Mannen;2043;76021;37238;20436;16802;6967;9835;26004;11234
8051;51 jaar;Mannen;2044;74934;37726;20511;17215;6930;10285;26668;11058
8052;51 jaar;Mannen;2045;74193;37726;20477;17249;7180;10069;26528;11198
8053;51 jaar;Mannen;2046;74143;38510;20492;18018;7235;10783;27256;11254
8054;51 jaar;Mannen;2047;72092;38556;20559;17997;7234;10763;27239;11317
8055;51 jaar;Mannen;2048;71775;39180;20672;18508;7310;11198;27757;11423
8056;51 jaar;Mannen;2049;71220;40060;20733;19327;7606;11721;28620;11440
8057;51 jaar;Mannen;2050;73237;41204;20756;20448;8074;12374;29480;11724
8058;51 jaar;Vrouwen;2000;97697;17282;11231;6051;5562;489;5159;12123
8059;51 jaar;Vrouwen;2001;93925;17270;11601;5669;5194;475;5332;11938
8060;51 jaar;Vrouwen;2002;91351;18140;12410;5730;5155;575;6325;11815
8061;51 jaar;Vrouwen;2003;91005;17398;11200;6198;5177;1021;5905;11493
8062;51 jaar;Vrouwen;2004;93578;18402;12202;6200;5001;1199;6795;11607
8063;51 jaar;Vrouwen;2005;93121;18329;12497;5832;4676;1156;7152;11177
8064;51 jaar;Vrouwen;2006;93403;19091;13191;5900;4707;1193;7895;11196
8065;51 jaar;Vrouwen;2007;94853;19387;13397;5990;4678;1312;8204;11183
8066;51 jaar;Vrouwen;2008;95823;19811;13831;5980;4638;1342;8682;11129
8067;51 jaar;Vrouwen;2009;97118;20242;13973;6269;4739;1530;8887;11355
8068;51 jaar;Vrouwen;2010;98286;20848;14422;6426;4763;1663;9616;11232
8069;51 jaar;Vrouwen;2011;100468;21474;14717;6757;5093;1664;9908;11566
8070;51 jaar;Vrouwen;2012;99156;22889;16272;6617;4955;1662;11491;11398
8071;51 jaar;Vrouwen;2013;102836;22364;15554;6810;5237;1573;10657;11707
8072;51 jaar;Vrouwen;2014;101846;23991;16763;7228;5530;1698;12026;11965
8073;51 jaar;Vrouwen;2015;102965;24352;17011;7341;5686;1655;12205;12147
8074;51 jaar;Vrouwen;2016;103237;25667;18027;7640;5885;1755;13102;12565
8075;51 jaar;Vrouwen;2017;100510;25790;18108;7682;6005;1677;13252;12538
8076;51 jaar;Vrouwen;2018;98545;26017;18324;7693;6101;1592;13606;12411
8077;51 jaar;Vrouwen;2019;98024;25951;18168;7783;6144;1639;13289;12662
8078;51 jaar;Vrouwen;2020;97867;27367;19495;7872;6153;1719;14758;12609
8079;51 jaar;Vrouwen;2021;101804;28654;20253;8401;6646;1755;15527;13127
8080;51 jaar;Vrouwen;2022;98676;29000;20925;8075;6134;1941;16293;12707
8081;51 jaar;Vrouwen;2023;93755;29065;21078;7987;5920;2067;16598;12467
8082;51 jaar;Vrouwen;2024;88869;29258;21323;7935;5632;2303;17032;12226
8083;51 jaar;Vrouwen;2025;81029;28707;21243;7464;5101;2363;16936;11771
8084;51 jaar;Vrouwen;2026;77009;28920;21305;7615;5068;2547;17223;11697
8085;51 jaar;Vrouwen;2027;73530;28650;20729;7921;4867;3054;17125;11525
8086;51 jaar;Vrouwen;2028;72386;28768;20362;8406;4884;3522;17161;11607
8087;51 jaar;Vrouwen;2029;70658;30035;21037;8998;4930;4068;18400;11635
8088;51 jaar;Vrouwen;2030;71023;30802;20961;9841;5203;4638;18959;11843
8089;51 jaar;Vrouwen;2031;70523;31316;20975;10341;5223;5118;19502;11814
8090;51 jaar;Vrouwen;2032;71917;32526;20788;11738;5614;6124;20426;12100
8091;51 jaar;Vrouwen;2033;70642;32849;20675;12174;5583;6591;20947;11902
8092;51 jaar;Vrouwen;2034;68041;32747;20853;11894;5476;6418;21060;11687
8093;51 jaar;Vrouwen;2035;67335;33081;20953;12128;5423;6705;21478;11603
8094;51 jaar;Vrouwen;2036;68822;33413;21101;12312;5615;6697;21870;11543
8095;51 jaar;Vrouwen;2037;70543;33661;21146;12515;5538;6977;22134;11527
8096;51 jaar;Vrouwen;2038;72838;34184;21004;13180;5939;7241;22539;11645
8097;51 jaar;Vrouwen;2039;72567;34627;21011;13616;5921;7695;23143;11484
8098;51 jaar;Vrouwen;2040;71929;35424;21021;14403;6177;8226;23737;11687
8099;51 jaar;Vrouwen;2041;72827;35702;20995;14707;6104;8603;24266;11436
8100;51 jaar;Vrouwen;2042;74728;36852;20929;15923;6575;9348;25247;11605
8101;51 jaar;Vrouwen;2043;75061;37016;20914;16102;6688;9414;25410;11606
8102;51 jaar;Vrouwen;2044;73568;37382;20897;16485;6811;9674;25773;11609
8103;51 jaar;Vrouwen;2045;73219;37479;20877;16602;6774;9828;26046;11433
8104;51 jaar;Vrouwen;2046;72918;38166;20913;17253;6879;10374;26608;11558
8105;51 jaar;Vrouwen;2047;71023;38204;20943;17261;6963;10298;26630;11574
8106;51 jaar;Vrouwen;2048;70088;38591;21088;17503;6913;10590;27107;11484
8107;51 jaar;Vrouwen;2049;70559;39714;21207;18507;7247;11260;28091;11623
8108;51 jaar;Vrouwen;2050;72124;40800;21242;19558;7713;11845;28943;11857
8109;52 jaar;Totaal mannen en vrouwen;2000;211764;35000;21237;13763;12644;1119;9490;25510
8110;52 jaar;Totaal mannen en vrouwen;2001;198219;35214;22773;12441;11412;1029;10697;24517
8111;52 jaar;Totaal mannen en vrouwen;2002;190654;34696;23097;11599;10589;1010;10815;23881
8112;52 jaar;Totaal mannen en vrouwen;2003;185310;36182;24537;11645;10476;1169;12780;23402
8113;52 jaar;Totaal mannen en vrouwen;2004;184817;34609;21998;12611;10543;2068;11873;22736
8114;52 jaar;Totaal mannen en vrouwen;2005;189750;36342;23596;12746;10263;2483;13575;22767
8115;52 jaar;Totaal mannen en vrouwen;2006;188498;36197;24191;12006;9539;2467;14203;21994
8116;52 jaar;Totaal mannen en vrouwen;2007;189526;37277;25370;11907;9420;2487;15431;21846
8117;52 jaar;Totaal mannen en vrouwen;2008;190902;38077;25979;12098;9447;2651;16315;21762
8118;52 jaar;Totaal mannen en vrouwen;2009;193809;39408;27332;12076;9328;2748;17775;21633
8119;52 jaar;Totaal mannen en vrouwen;2010;196133;39941;27374;12567;9606;2961;17926;22015
8120;52 jaar;Totaal mannen en vrouwen;2011;198138;41551;28491;13060;9770;3290;19519;22032
8121;52 jaar;Totaal mannen en vrouwen;2012;202242;42932;29538;13394;10054;3340;20502;22430
8122;52 jaar;Totaal mannen en vrouwen;2013;199996;45988;32769;13219;9920;3299;23624;22364
8123;52 jaar;Totaal mannen en vrouwen;2014;206567;45450;31572;13878;10588;3290;22359;23091
8124;52 jaar;Totaal mannen en vrouwen;2015;205034;48383;33901;14482;11087;3395;24933;23450
8125;52 jaar;Totaal mannen en vrouwen;2016;207944;49542;34652;14890;11411;3479;25619;23923
8126;52 jaar;Totaal mannen en vrouwen;2017;208293;52331;36798;15533;12016;3517;27572;24759
8127;52 jaar;Totaal mannen en vrouwen;2018;203240;52593;37126;15467;12120;3347;27867;24726
8128;52 jaar;Totaal mannen en vrouwen;2019;198693;52988;37500;15488;12251;3237;28508;24480
8129;52 jaar;Totaal mannen en vrouwen;2020;197971;52313;36692;15621;12351;3270;27581;24732
8130;52 jaar;Totaal mannen en vrouwen;2021;196933;55081;39168;15913;12512;3401;30198;24883
8131;52 jaar;Totaal mannen en vrouwen;2022;205305;57452;40456;16996;13370;3626;31624;25828
8132;52 jaar;Totaal mannen en vrouwen;2023;198493;57930;41404;16526;12559;3967;32848;25082
8133;52 jaar;Totaal mannen en vrouwen;2024;189002;57653;41369;16284;12017;4267;33157;24496
8134;52 jaar;Totaal mannen en vrouwen;2025;178278;57637;41496;16141;11511;4630;33664;23973
8135;52 jaar;Totaal mannen en vrouwen;2026;163136;56173;41117;15056;10269;4787;33342;22831
8136;52 jaar;Totaal mannen en vrouwen;2027;155445;56687;41260;15427;10155;5272;34084;22603
8137;52 jaar;Totaal mannen en vrouwen;2028;148171;56325;40205;16120;9935;6185;33914;22411
8138;52 jaar;Totaal mannen en vrouwen;2029;146500;56806;39574;17232;10017;7215;34210;22596
8139;52 jaar;Totaal mannen en vrouwen;2030;142588;58733;40511;18222;10042;8180;36265;22468
8140;52 jaar;Totaal mannen en vrouwen;2031;143151;60391;40497;19894;10551;9343;37478;22913
8141;52 jaar;Totaal mannen en vrouwen;2032;141601;61738;40577;21161;10685;10476;38797;22941
8142;52 jaar;Totaal mannen en vrouwen;2033;144860;64161;40341;23820;11434;12386;40659;23502
8143;52 jaar;Totaal mannen en vrouwen;2034;141519;65275;40455;24820;11421;13399;42049;23226
8144;52 jaar;Totaal mannen en vrouwen;2035;137016;65096;40819;24277;11124;13153;42388;22708
8145;52 jaar;Totaal mannen en vrouwen;2036;135551;65455;40929;24526;11013;13513;42996;22459
8146;52 jaar;Totaal mannen en vrouwen;2037;138723;66265;41159;25106;11431;13675;43790;22475
8147;52 jaar;Totaal mannen en vrouwen;2038;141554;66697;41224;25473;11442;14031;44286;22411
8148;52 jaar;Totaal mannen en vrouwen;2039;145638;67769;41081;26688;12085;14603;45154;22615
8149;52 jaar;Totaal mannen en vrouwen;2040;146492;68638;41089;27549;12043;15506;46229;22409
8150;52 jaar;Totaal mannen en vrouwen;2041;144634;70264;41099;29165;12382;16783;47739;22525
8151;52 jaar;Totaal mannen en vrouwen;2042;145716;71129;41121;30008;12428;17580;48823;22306
8152;52 jaar;Totaal mannen en vrouwen;2043;150849;73156;41018;32138;13314;18824;50598;22558
8153;52 jaar;Totaal mannen en vrouwen;2044;150643;73750;40932;32818;13618;19200;51091;22659
8154;52 jaar;Totaal mannen en vrouwen;2045;148066;74609;40995;33614;13704;19910;52119;22490
8155;52 jaar;Totaal mannen en vrouwen;2046;146985;74704;40939;33765;13919;19846;52251;22453
8156;52 jaar;Totaal mannen en vrouwen;2047;146634;76172;40990;35182;14076;21106;53539;22633
8157;52 jaar;Totaal mannen en vrouwen;2048;142710;76250;41082;35168;14160;21008;53539;22711
8158;52 jaar;Totaal mannen en vrouwen;2049;141461;77260;41340;35920;14184;21736;54532;22728
8159;52 jaar;Totaal mannen en vrouwen;2050;141377;79256;41517;37739;14815;22924;56374;22882
8160;52 jaar;Mannen;2000;107273;17952;10848;7104;6503;601;5000;12952
8161;52 jaar;Mannen;2001;100821;17964;11556;6408;5867;541;5512;12452
8162;52 jaar;Mannen;2002;97010;17460;11512;5948;5411;537;5463;11997
8163;52 jaar;Mannen;2003;94222;18089;12157;5932;5337;595;6450;11639
8164;52 jaar;Mannen;2004;94077;17247;10816;6431;5380;1051;5957;11290
8165;52 jaar;Mannen;2005;96447;17995;11431;6564;5276;1288;6784;11211
8166;52 jaar;Mannen;2006;95650;17929;11737;6192;4878;1314;7064;10865
8167;52 jaar;Mannen;2007;96399;18259;12234;6025;4728;1297;7556;10703
8168;52 jaar;Mannen;2008;96330;18772;12647;6125;4781;1344;8141;10631
8169;52 jaar;Mannen;2009;98272;19685;13572;6113;4702;1411;9128;10557
8170;52 jaar;Mannen;2010;99307;19790;13475;6315;4879;1436;9079;10711
8171;52 jaar;Mannen;2011;100146;20808;14155;6653;5022;1631;9952;10856
8172;52 jaar;Mannen;2012;102081;21566;14911;6655;4974;1681;10646;10920
8173;52 jaar;Mannen;2013;101139;23233;16615;6618;4977;1641;12207;11026
8174;52 jaar;Mannen;2014;104041;23213;16126;7087;5367;1720;11765;11448
8175;52 jaar;Mannen;2015;103490;24538;17266;7272;5569;1703;12988;11550
8176;52 jaar;Mannen;2016;105283;25346;17776;7570;5742;1828;13497;11849
8177;52 jaar;Mannen;2017;105364;26836;18921;7915;6148;1767;14565;12271
8178;52 jaar;Mannen;2018;103025;26980;19176;7804;6129;1675;14714;12266
8179;52 jaar;Mannen;2019;100442;27148;19335;7813;6166;1647;14999;12149
8180;52 jaar;Mannen;2020;100231;26548;18690;7858;6223;1635;14391;12157
8181;52 jaar;Mannen;2021;99354;27918;19857;8061;6375;1686;15554;12364
8182;52 jaar;Mannen;2022;103802;29015;20400;8615;6737;1878;16221;12794
8183;52 jaar;Mannen;2023;100108;29152;20683;8469;6436;2033;16684;12468
8184;52 jaar;Mannen;2024;95517;28818;20499;8319;6115;2204;16693;12125
8185;52 jaar;Mannen;2025;89659;28614;20387;8227;5894;2333;16768;11846
8186;52 jaar;Mannen;2026;82326;27699;20088;7611;5180;2431;16539;11160
8187;52 jaar;Mannen;2027;78640;28003;20174;7829;5096;2733;16996;11007
8188;52 jaar;Mannen;2028;74828;27908;19688;8220;5082;3138;16919;10989
8189;52 jaar;Mannen;2029;74300;28267;19420;8847;5147;3700;17173;11094
8190;52 jaar;Mannen;2030;72111;28937;19691;9246;5125;4121;17997;10940
8191;52 jaar;Mannen;2031;72313;29831;19754;10077;5361;4716;18654;11177
8192;52 jaar;Mannen;2032;71261;30669;19821;10848;5477;5371;19431;11238
8193;52 jaar;Mannen;2033;73130;31883;19774;12109;5833;6276;20369;11514
8194;52 jaar;Mannen;2034;71065;32671;19996;12675;5849;6826;21236;11435
8195;52 jaar;Mannen;2035;69145;32602;20189;12413;5662;6751;21469;11133
8196;52 jaar;Mannen;2036;68384;32627;20198;12429;5605;6824;21659;10968
8197;52 jaar;Mannen;2037;70077;33107;20283;12824;5827;6997;22064;11043
8198;52 jaar;Mannen;2038;71187;33296;20304;12992;5922;7070;22300;10996
8199;52 jaar;Mannen;2039;72987;33842;20303;13539;6160;7379;22762;11080
8200;52 jaar;Mannen;2040;74112;34268;20303;13965;6135;7830;23232;11036
8201;52 jaar;Mannen;2041;72893;35097;20301;14796;6219;8577;24148;10949
8202;52 jaar;Mannen;2042;73080;35683;20350;15333;6336;8997;24704;10979
8203;52 jaar;Mannen;2043;76319;36564;20312;16252;6756;9496;25500;11064
8204;52 jaar;Mannen;2044;75774;36998;20243;16755;6948;9807;25832;11166
8205;52 jaar;Mannen;2045;74690;37486;20319;17167;6908;10259;26497;10989
8206;52 jaar;Mannen;2046;73953;37488;20286;17202;7162;10040;26357;11131
8207;52 jaar;Mannen;2047;73905;38269;20300;17969;7215;10754;27085;11184
8208;52 jaar;Mannen;2048;71861;38316;20367;17949;7213;10736;27067;11249
8209;52 jaar;Mannen;2049;71550;38936;20478;18458;7290;11168;27584;11352
8210;52 jaar;Mannen;2050;70999;39811;20537;19274;7583;11691;28443;11368
8211;52 jaar;Vrouwen;2000;104491;17048;10389;6659;6141;518;4490;12558
8212;52 jaar;Vrouwen;2001;97397;17251;11217;6034;5547;487;5185;12066
8213;52 jaar;Vrouwen;2002;93644;17236;11584;5652;5179;473;5353;11883
8214;52 jaar;Vrouwen;2003;91087;18094;12380;5714;5141;573;6330;11764
8215;52 jaar;Vrouwen;2004;90742;17360;11180;6180;5162;1018;5915;11445
8216;52 jaar;Vrouwen;2005;93305;18346;12164;6182;4986;1196;6790;11556
8217;52 jaar;Vrouwen;2006;92846;18270;12453;5817;4664;1153;7141;11129
8218;52 jaar;Vrouwen;2007;93125;19020;13137;5883;4693;1190;7875;11145
8219;52 jaar;Vrouwen;2008;94570;19307;13334;5973;4665;1308;8175;11132
8220;52 jaar;Vrouwen;2009;95534;19726;13763;5963;4625;1338;8648;11078
8221;52 jaar;Vrouwen;2010;96826;20150;13898;6252;4727;1525;8846;11304
8222;52 jaar;Vrouwen;2011;97989;20746;14337;6409;4750;1659;9569;11177
8223;52 jaar;Vrouwen;2012;100160;21367;14628;6739;5079;1660;9857;11510
8224;52 jaar;Vrouwen;2013;98859;22753;16154;6599;4940;1659;11416;11337
8225;52 jaar;Vrouwen;2014;102523;22240;15447;6793;5224;1569;10595;11645
8226;52 jaar;Vrouwen;2015;101544;23845;16636;7209;5516;1693;11946;11899
8227;52 jaar;Vrouwen;2016;102661;24196;16876;7320;5670;1650;12121;12075
8228;52 jaar;Vrouwen;2017;102930;25494;17875;7619;5873;1746;13008;12486
8229;52 jaar;Vrouwen;2018;100213;25615;17952;7663;5992;1671;13155;12460
8230;52 jaar;Vrouwen;2019;98252;25839;18165;7674;6085;1589;13509;12330
8231;52 jaar;Vrouwen;2020;97741;25764;18001;7763;6129;1634;13191;12573
8232;52 jaar;Vrouwen;2021;97579;27164;19312;7852;6138;1714;14643;12521
8233;52 jaar;Vrouwen;2022;101504;28436;20057;8379;6627;1752;15400;13036
8234;52 jaar;Vrouwen;2023;98389;28774;20719;8055;6121;1934;16161;12613
8235;52 jaar;Vrouwen;2024;93484;28836;20870;7966;5904;2062;16465;12371
8236;52 jaar;Vrouwen;2025;88617;29026;21109;7917;5618;2299;16896;12130
8237;52 jaar;Vrouwen;2026;80808;28476;21031;7445;5087;2358;16804;11672
8238;52 jaar;Vrouwen;2027;76806;28683;21087;7596;5055;2541;17087;11596
8239;52 jaar;Vrouwen;2028;73340;28420;20519;7901;4852;3049;16997;11423
8240;52 jaar;Vrouwen;2029;72202;28536;20152;8384;4872;3512;17034;11502
8241;52 jaar;Vrouwen;2030;70478;29794;20819;8975;4917;4058;18266;11528
8242;52 jaar;Vrouwen;2031;70839;30560;20743;9817;5190;4627;18824;11736
8243;52 jaar;Vrouwen;2032;70340;31070;20754;10316;5210;5106;19366;11704
8244;52 jaar;Vrouwen;2033;71729;32279;20568;11711;5602;6109;20289;11990
8245;52 jaar;Vrouwen;2034;70455;32603;20456;12147;5573;6574;20812;11791
8246;52 jaar;Vrouwen;2035;67871;32494;20632;11862;5461;6401;20919;11575
8247;52 jaar;Vrouwen;2036;67165;32830;20731;12099;5409;6690;21338;11492
8248;52 jaar;Vrouwen;2037;68646;33158;20875;12283;5604;6679;21728;11430
8249;52 jaar;Vrouwen;2038;70364;33404;20920;12484;5523;6961;21989;11415
8250;52 jaar;Vrouwen;2039;72650;33928;20780;13148;5922;7226;22395;11533
8251;52 jaar;Vrouwen;2040;72377;34373;20790;13583;5908;7675;22998;11375
8252;52 jaar;Vrouwen;2041;71742;35167;20797;14370;6162;8208;23591;11576
8253;52 jaar;Vrouwen;2042;72637;35445;20771;14674;6091;8583;24119;11326
8254;52 jaar;Vrouwen;2043;74530;36592;20707;15885;6558;9327;25098;11494
8255;52 jaar;Vrouwen;2044;74870;36751;20690;16061;6667;9394;25257;11494
8256;52 jaar;Vrouwen;2045;73376;37123;20675;16448;6796;9652;25622;11501
8257;52 jaar;Vrouwen;2046;73031;37217;20653;16564;6759;9805;25893;11324
8258;52 jaar;Vrouwen;2047;72731;37901;20689;17212;6859;10353;26453;11448
8259;52 jaar;Vrouwen;2048;70844;37939;20717;17222;6949;10273;26476;11463
8260;52 jaar;Vrouwen;2049;69911;38324;20861;17463;6896;10567;26951;11373
8261;52 jaar;Vrouwen;2050;70376;39447;20981;18466;7233;11233;27933;11514
8262;53 jaar;Totaal mannen en vrouwen;2000;221966;32429;18151;14278;13265;1013;9032;23397
8263;53 jaar;Totaal mannen en vrouwen;2001;210857;34908;21200;13708;12594;1114;9523;25385
8264;53 jaar;Totaal mannen en vrouwen;2002;197398;35111;22721;12390;11365;1025;10705;24406
8265;53 jaar;Totaal mannen en vrouwen;2003;189883;34602;23045;11557;10551;1006;10821;23781
8266;53 jaar;Totaal mannen en vrouwen;2004;184585;36065;24465;11600;10436;1164;12752;23313
8267;53 jaar;Totaal mannen en vrouwen;2005;184100;34518;21953;12565;10504;2061;11858;22660
8268;53 jaar;Totaal mannen en vrouwen;2006;189013;36218;23520;12698;10224;2474;13530;22688
8269;53 jaar;Totaal mannen en vrouwen;2007;187767;36066;24101;11965;9507;2458;14148;21918
8270;53 jaar;Totaal mannen en vrouwen;2008;188791;37122;25258;11864;9386;2478;15352;21770
8271;53 jaar;Totaal mannen en vrouwen;2009;190167;37906;25850;12056;9414;2642;16221;21685
8272;53 jaar;Totaal mannen en vrouwen;2010;193063;39210;27177;12033;9294;2739;17657;21553
8273;53 jaar;Totaal mannen en vrouwen;2011;195372;39741;27216;12525;9574;2951;17810;21931
8274;53 jaar;Totaal mannen en vrouwen;2012;197373;41327;28311;13016;9738;3278;19381;21946
8275;53 jaar;Totaal mannen en vrouwen;2013;201466;42687;29339;13348;10018;3330;20351;22336
8276;53 jaar;Totaal mannen en vrouwen;2014;199235;45692;32516;13176;9887;3289;23428;22264
8277;53 jaar;Totaal mannen en vrouwen;2015;205784;45164;31333;13831;10553;3278;22182;22982
8278;53 jaar;Totaal mannen en vrouwen;2016;204264;48057;33626;14431;11046;3385;24721;23336
8279;53 jaar;Totaal mannen en vrouwen;2017;207167;49201;34360;14841;11374;3467;25402;23799
8280;53 jaar;Totaal mannen en vrouwen;2018;207513;51953;36470;15483;11978;3505;27330;24623
8281;53 jaar;Totaal mannen en vrouwen;2019;202490;52209;36792;15417;12081;3336;27624;24585
8282;53 jaar;Totaal mannen en vrouwen;2020;197973;52599;37161;15438;12211;3227;28259;24340
8283;53 jaar;Totaal mannen en vrouwen;2021;197254;51926;36355;15571;12312;3259;27348;24578
8284;53 jaar;Totaal mannen en vrouwen;2022;196224;54663;38800;15863;12473;3390;29932;24731
8285;53 jaar;Totaal mannen en vrouwen;2023;204556;57013;40072;16941;13328;3613;31345;25668
8286;53 jaar;Totaal mannen en vrouwen;2024;197781;57479;41005;16474;12519;3955;32559;24920
8287;53 jaar;Totaal mannen en vrouwen;2025;188335;57207;40971;16236;11986;4250;32874;24333
8288;53 jaar;Totaal mannen en vrouwen;2026;177666;57183;41091;16092;11477;4615;33375;23808
8289;53 jaar;Totaal mannen en vrouwen;2027;162595;55727;40718;15009;10239;4770;33061;22666
8290;53 jaar;Totaal mannen en vrouwen;2028;154941;56238;40859;15379;10123;5256;33800;22438
8291;53 jaar;Totaal mannen en vrouwen;2029;147700;55888;39815;16073;9907;6166;33644;22244
8292;53 jaar;Totaal mannen en vrouwen;2030;146041;56364;39186;17178;9988;7190;33942;22422
8293;53 jaar;Totaal mannen en vrouwen;2031;142142;58278;40111;18167;10014;8153;35984;22294
8294;53 jaar;Totaal mannen en vrouwen;2032;142705;59926;40094;19832;10518;9314;37192;22734
8295;53 jaar;Totaal mannen en vrouwen;2033;141157;61270;40171;21099;10655;10444;38508;22762
8296;53 jaar;Totaal mannen en vrouwen;2034;144398;63689;39936;23753;11402;12351;40369;23320
8297;53 jaar;Totaal mannen en vrouwen;2035;141077;64794;40045;24749;11388;13361;41752;23042
8298;53 jaar;Totaal mannen en vrouwen;2036;136590;64613;40405;24208;11092;13116;42088;22525
8299;53 jaar;Totaal mannen en vrouwen;2037;135138;64967;40512;24455;10979;13476;42693;22274
8300;53 jaar;Totaal mannen en vrouwen;2038;138298;65776;40741;25035;11396;13639;43485;22291
8301;53 jaar;Totaal mannen en vrouwen;2039;141116;66204;40801;25403;11411;13992;43978;22226
8302;53 jaar;Totaal mannen en vrouwen;2040;145184;67278;40663;26615;12051;14564;44849;22429
8303;53 jaar;Totaal mannen en vrouwen;2041;146035;68144;40674;27470;12006;15464;45919;22225
8304;53 jaar;Totaal mannen en vrouwen;2042;144189;69763;40681;29082;12347;16735;47424;22339
8305;53 jaar;Totaal mannen en vrouwen;2043;145263;70628;40703;29925;12394;17531;48507;22121
8306;53 jaar;Totaal mannen en vrouwen;2044;150372;72649;40601;32048;13277;18771;50276;22373
8307;53 jaar;Totaal mannen en vrouwen;2045;150166;73246;40518;32728;13581;19147;50771;22475
8308;53 jaar;Totaal mannen en vrouwen;2046;147601;74102;40578;33524;13667;19857;51795;22307
8309;53 jaar;Totaal mannen en vrouwen;2047;146531;74198;40525;33673;13882;19791;51928;22270
8310;53 jaar;Totaal mannen en vrouwen;2048;146180;75661;40574;35087;14039;21048;53211;22450
8311;53 jaar;Totaal mannen en vrouwen;2049;142272;75742;40667;35075;14121;20954;53214;22528
8312;53 jaar;Totaal mannen en vrouwen;2050;141028;76746;40919;35827;14149;21678;54203;22543
8313;53 jaar;Mannen;2000;113007;16768;9518;7250;6729;521;4945;11823
8314;53 jaar;Mannen;2001;106719;17902;10830;7072;6474;598;5003;12899
8315;53 jaar;Mannen;2002;100320;17904;11528;6376;5838;538;5503;12401
8316;53 jaar;Mannen;2003;96540;17409;11488;5921;5387;534;5454;11955
8317;53 jaar;Mannen;2004;93781;18027;12121;5906;5313;593;6420;11607
8318;53 jaar;Mannen;2005;93642;17204;10801;6403;5357;1046;5937;11267
8319;53 jaar;Mannen;2006;96004;17937;11401;6536;5254;1282;6748;11189
8320;53 jaar;Mannen;2007;95212;17866;11700;6166;4856;1310;7022;10844
8321;53 jaar;Mannen;2008;95958;18186;12186;6000;4708;1292;7504;10682
8322;53 jaar;Mannen;2009;95892;18692;12590;6102;4762;1340;8081;10611
8323;53 jaar;Mannen;2010;97832;19582;13495;6087;4682;1405;9048;10534
8324;53 jaar;Mannen;2011;98862;19688;13400;6288;4858;1430;9002;10686
8325;53 jaar;Mannen;2012;99697;20690;14064;6626;5001;1625;9862;10828
8326;53 jaar;Mannen;2013;101628;21438;14810;6628;4955;1673;10549;10889
8327;53 jaar;Mannen;2014;100694;23074;16479;6595;4960;1635;12083;10991
8328;53 jaar;Mannen;2015;103584;23063;16003;7060;5346;1714;11654;11409
8329;53 jaar;Mannen;2016;103043;24365;17120;7245;5550;1695;12856;11509
8330;53 jaar;Mannen;2017;104830;25167;17625;7542;5720;1822;13365;11802
8331;53 jaar;Mannen;2018;104913;26634;18749;7885;6124;1761;14415;12219
8332;53 jaar;Mannen;2019;102591;26777;19001;7776;6107;1669;14565;12212
8333;53 jaar;Mannen;2020;100028;26945;19160;7785;6143;1642;14850;12095
8334;53 jaar;Mannen;2021;99816;26354;18523;7831;6202;1629;14255;12099
8335;53 jaar;Mannen;2022;98946;27706;19673;8033;6353;1680;15402;12304
8336;53 jaar;Mannen;2023;103375;28788;20206;8582;6711;1871;16060;12728
8337;53 jaar;Mannen;2024;99700;28930;20489;8441;6416;2025;16525;12405
8338;53 jaar;Mannen;2025;95138;28598;20308;8290;6094;2196;16537;12061
8339;53 jaar;Mannen;2026;89313;28394;20196;8198;5875;2323;16613;11781
8340;53 jaar;Mannen;2027;82020;27485;19900;7585;5162;2423;16390;11095
8341;53 jaar;Mannen;2028;78354;27787;19986;7801;5079;2722;16844;10943
8342;53 jaar;Mannen;2029;74565;27696;19505;8191;5063;3128;16772;10924
8343;53 jaar;Mannen;2030;74038;28058;19240;8818;5130;3688;17030;11028
8344;53 jaar;Mannen;2031;71861;28721;19506;9215;5105;4110;17848;10873
8345;53 jaar;Mannen;2032;72060;29611;19568;10043;5343;4700;18502;11109
8346;53 jaar;Mannen;2033;71011;30445;19631;10814;5462;5352;19277;11168
8347;53 jaar;Mannen;2034;72870;31658;19587;12071;5816;6255;20216;11442
8348;53 jaar;Mannen;2035;70819;32436;19803;12633;5829;6804;21073;11363
8349;53 jaar;Mannen;2036;68911;32364;19990;12374;5644;6730;21303;11061
8350;53 jaar;Mannen;2037;68154;32391;20002;12389;5585;6804;21494;10897
8351;53 jaar;Mannen;2038;69836;32873;20089;12784;5810;6974;21899;10974
8352;53 jaar;Mannen;2039;70949;33055;20105;12950;5900;7050;22132;10923
8353;53 jaar;Mannen;2040;72734;33606;20105;13501;6145;7356;22597;11009
8354;53 jaar;Mannen;2041;73858;34028;20105;13923;6116;7807;23063;10965
8355;53 jaar;Mannen;2042;72645;34854;20103;14751;6201;8550;23976;10878
8356;53 jaar;Mannen;2043;72826;35442;20152;15290;6318;8972;24533;10909
8357;53 jaar;Mannen;2044;76047;36321;20117;16204;6735;9469;25328;10993
8358;53 jaar;Mannen;2045;75509;36753;20048;16705;6925;9780;25661;11092
8359;53 jaar;Mannen;2046;74430;37241;20123;17118;6890;10228;26322;10919
8360;53 jaar;Mannen;2047;73700;37243;20090;17153;7140;10013;26185;11058
8361;53 jaar;Mannen;2048;73652;38020;20103;17917;7195;10722;26908;11112
8362;53 jaar;Mannen;2049;71618;38067;20169;17898;7195;10703;26890;11177
8363;53 jaar;Mannen;2050;71305;38687;20281;18406;7269;11137;27405;11282
8364;53 jaar;Vrouwen;2000;108959;15661;8633;7028;6536;492;4087;11574
8365;53 jaar;Vrouwen;2001;104134;17010;10372;6638;6122;516;4520;12490
8366;53 jaar;Vrouwen;2002;97079;17207;11193;6014;5528;486;5204;12003
8367;53 jaar;Vrouwen;2003;93347;17190;11556;5634;5162;472;5367;11823
8368;53 jaar;Vrouwen;2004;90804;18037;12342;5695;5123;572;6333;11704
8369;53 jaar;Vrouwen;2005;90461;17311;11149;6162;5148;1014;5918;11393
8370;53 jaar;Vrouwen;2006;93008;18282;12118;6164;4972;1192;6783;11499
8371;53 jaar;Vrouwen;2007;92554;18202;12402;5800;4650;1150;7128;11074
8372;53 jaar;Vrouwen;2008;92828;18941;13074;5867;4681;1186;7851;11090
8373;53 jaar;Vrouwen;2009;94269;19220;13264;5956;4652;1304;8144;11076
8374;53 jaar;Vrouwen;2010;95233;19626;13681;5945;4610;1335;8608;11018
8375;53 jaar;Vrouwen;2011;96517;20046;13814;6232;4711;1521;8803;11243
8376;53 jaar;Vrouwen;2012;97677;20636;14246;6390;4735;1655;9520;11116
8377;53 jaar;Vrouwen;2013;99840;21247;14527;6720;5065;1655;9801;11446
8378;53 jaar;Vrouwen;2014;98545;22614;16035;6579;4926;1653;11342;11272
8379;53 jaar;Vrouwen;2015;102200;22101;15331;6770;5206;1564;10529;11572
8380;53 jaar;Vrouwen;2016;101221;23691;16503;7188;5500;1688;11864;11827
8381;53 jaar;Vrouwen;2017;102336;24036;16736;7300;5656;1644;12037;11999
8382;53 jaar;Vrouwen;2018;102602;25317;17719;7598;5856;1742;12914;12403
8383;53 jaar;Vrouwen;2019;99898;25432;17791;7641;5973;1668;13059;12373
8384;53 jaar;Vrouwen;2020;97948;25651;17999;7652;6067;1585;13407;12244
8385;53 jaar;Vrouwen;2021;97436;25574;17833;7741;6111;1630;13094;12480
8386;53 jaar;Vrouwen;2022;97280;26955;19125;7830;6121;1709;14528;12427
8387;53 jaar;Vrouwen;2023;101187;28219;19863;8356;6613;1743;15281;12938
8388;53 jaar;Vrouwen;2024;98080;28550;20517;8033;6104;1929;16035;12515
8389;53 jaar;Vrouwen;2025;93197;28609;20664;7945;5887;2058;16337;12272
8390;53 jaar;Vrouwen;2026;88353;28789;20896;7893;5599;2294;16762;12027
8391;53 jaar;Vrouwen;2027;80575;28242;20819;7423;5073;2350;16671;11571
8392;53 jaar;Vrouwen;2028;76587;28451;20875;7576;5041;2535;16958;11493
8393;53 jaar;Vrouwen;2029;73139;28187;20308;7879;4837;3042;16868;11319
8394;53 jaar;Vrouwen;2030;72000;28308;19947;8361;4858;3503;16912;11396
8395;53 jaar;Vrouwen;2031;70285;29553;20602;8951;4905;4046;18133;11420
8396;53 jaar;Vrouwen;2032;70642;30318;20527;9791;5176;4615;18692;11626
8397;53 jaar;Vrouwen;2033;70147;30824;20538;10286;5195;5091;19231;11593
8398;53 jaar;Vrouwen;2034;71527;32033;20352;11681;5586;6095;20154;11879
8399;53 jaar;Vrouwen;2035;70262;32354;20240;12114;5558;6556;20676;11678
8400;53 jaar;Vrouwen;2036;67685;32244;20411;11833;5448;6385;20783;11461
8401;53 jaar;Vrouwen;2037;66985;32575;20509;12066;5394;6672;21197;11378
8402;53 jaar;Vrouwen;2038;68460;32905;20653;12252;5590;6662;21588;11317
8403;53 jaar;Vrouwen;2039;70169;33147;20698;12449;5506;6943;21847;11300
8404;53 jaar;Vrouwen;2040;72449;33674;20559;13115;5909;7206;22254;11420
8405;53 jaar;Vrouwen;2041;72179;34114;20566;13548;5892;7656;22853;11261
8406;53 jaar;Vrouwen;2042;71548;34905;20574;14331;6145;8186;23444;11461
8407;53 jaar;Vrouwen;2043;72434;35189;20551;14638;6076;8562;23974;11215
8408;53 jaar;Vrouwen;2044;74323;36330;20485;15845;6544;9301;24949;11381
8409;53 jaar;Vrouwen;2045;74657;36494;20471;16023;6654;9369;25112;11382
8410;53 jaar;Vrouwen;2046;73172;36860;20455;16405;6777;9628;25473;11387
8411;53 jaar;Vrouwen;2047;72828;36958;20437;16521;6739;9782;25745;11213
8412;53 jaar;Vrouwen;2048;72530;37639;20469;17170;6844;10326;26302;11337
8413;53 jaar;Vrouwen;2049;70651;37678;20497;17181;6933;10248;26326;11352
8414;53 jaar;Vrouwen;2050;69721;38060;20639;17421;6881;10540;26797;11263
8415;54 jaar;Totaal mannen en vrouwen;2000;156542;26480;16641;9839;9194;645;8814;17666
8416;54 jaar;Totaal mannen en vrouwen;2001;220927;32351;18135;14216;13207;1009;9061;23290
8417;54 jaar;Totaal mannen en vrouwen;2002;209896;34797;21148;13649;12539;1110;9540;25257
8418;54 jaar;Totaal mannen en vrouwen;2003;196529;34990;22651;12339;11319;1020;10703;24287
8419;54 jaar;Totaal mannen en vrouwen;2004;189073;34485;22976;11509;10507;1002;10817;23668
8420;54 jaar;Totaal mannen en vrouwen;2005;183813;35930;24376;11554;10394;1160;12716;23214
8421;54 jaar;Totaal mannen en vrouwen;2006;183341;34399;21886;12513;10460;2053;11827;22572
8422;54 jaar;Totaal mannen en vrouwen;2007;188230;36069;23422;12647;10182;2465;13475;22594
8423;54 jaar;Totaal mannen en vrouwen;2008;186995;35909;23991;11918;9470;2448;14083;21826
8424;54 jaar;Totaal mannen en vrouwen;2009;188011;36946;25127;11819;9351;2468;15266;21680
8425;54 jaar;Totaal mannen en vrouwen;2010;189380;37721;25710;12011;9379;2632;16124;21597
8426;54 jaar;Totaal mannen en vrouwen;2011;192273;38994;27006;11988;9260;2728;17535;21459
8427;54 jaar;Totaal mannen en vrouwen;2012;194573;39516;27041;12475;9534;2941;17686;21830
8428;54 jaar;Totaal mannen en vrouwen;2013;196565;41083;28115;12968;9702;3266;19238;21845
8429;54 jaar;Totaal mannen en vrouwen;2014;200642;42425;29126;13299;9981;3318;20197;22228
8430;54 jaar;Totaal mannen en vrouwen;2015;198425;45379;32253;13126;9848;3278;23230;22149
8431;54 jaar;Totaal mannen en vrouwen;2016;204948;44872;31088;13784;10518;3266;22009;22863
8432;54 jaar;Totaal mannen en vrouwen;2017;203444;47723;33342;14381;11008;3373;24510;23213
8433;54 jaar;Totaal mannen en vrouwen;2018;206341;48849;34060;14789;11334;3455;25184;23665
8434;54 jaar;Totaal mannen en vrouwen;2019;206688;51566;36136;15430;11938;3492;27087;24479
8435;54 jaar;Totaal mannen en vrouwen;2020;201697;51813;36451;15362;12036;3326;27377;24436
8436;54 jaar;Totaal mannen en vrouwen;2021;197203;52197;36813;15384;12168;3216;28008;24189
8437;54 jaar;Totaal mannen en vrouwen;2022;196493;51533;36015;15518;12269;3249;27112;24421
8438;54 jaar;Totaal mannen en vrouwen;2023;195475;54236;38427;15809;12432;3377;29665;24571
8439;54 jaar;Totaal mannen en vrouwen;2024;203768;56564;39681;16883;13281;3602;31066;25498
8440;54 jaar;Totaal mannen en vrouwen;2025;197025;57020;40601;16419;12477;3942;32270;24750
8441;54 jaar;Totaal mannen en vrouwen;2026;187633;56745;40566;16179;11941;4238;32584;24161
8442;54 jaar;Totaal mannen en vrouwen;2027;177011;56726;40686;16040;11441;4599;33089;23637
8443;54 jaar;Totaal mannen en vrouwen;2028;162015;55277;40316;14961;10204;4757;32779;22498
8444;54 jaar;Totaal mannen en vrouwen;2029;154403;55780;40451;15329;10089;5240;33516;22264
8445;54 jaar;Totaal mannen en vrouwen;2030;147194;55440;39420;16020;9873;6147;33372;22068
8446;54 jaar;Totaal mannen en vrouwen;2031;145543;55917;38793;17124;9955;7169;33672;22245
8447;54 jaar;Totaal mannen en vrouwen;2032;141663;57816;39708;18108;9979;8129;35703;22113
8448;54 jaar;Totaal mannen en vrouwen;2033;142219;59461;39690;19771;10487;9284;36910;22551
8449;54 jaar;Totaal mannen en vrouwen;2034;140686;60796;39764;21032;10619;10413;38220;22576
8450;54 jaar;Totaal mannen en vrouwen;2035;143907;63206;39528;23678;11366;12312;40077;23129
8451;54 jaar;Totaal mannen en vrouwen;2036;140605;64307;39634;24673;11352;13321;41455;22852
8452;54 jaar;Totaal mannen en vrouwen;2037;136144;64120;39988;24132;11057;13075;41786;22334
8453;54 jaar;Totaal mannen en vrouwen;2038;134694;64477;40095;24382;10947;13435;42390;22087
8454;54 jaar;Totaal mannen en vrouwen;2039;137839;65282;40322;24960;11364;13596;43179;22103
8455;54 jaar;Totaal mannen en vrouwen;2040;140647;65708;40383;25325;11374;13951;43671;22037
8456;54 jaar;Totaal mannen en vrouwen;2041;144697;66782;40248;26534;12016;14518;44542;22240
8457;54 jaar;Totaal mannen en vrouwen;2042;145546;67645;40254;27391;11976;15415;45608;22037
8458;54 jaar;Totaal mannen en vrouwen;2043;143711;69259;40262;28997;12310;16687;47107;22152
8459;54 jaar;Totaal mannen en vrouwen;2044;144777;70122;40285;29837;12359;17478;48188;21934
8460;54 jaar;Totaal mannen en vrouwen;2045;149862;72139;40185;31954;13238;18716;49956;22183
8461;54 jaar;Totaal mannen en vrouwen;2046;149662;72733;40102;32631;13539;19092;50448;22285
8462;54 jaar;Totaal mannen en vrouwen;2047;147114;73586;40160;33426;13630;19796;51468;22118
8463;54 jaar;Totaal mannen en vrouwen;2048;146043;73688;40111;33577;13842;19735;51605;22083
8464;54 jaar;Totaal mannen en vrouwen;2049;145695;75147;40160;34987;13999;20988;52883;22264
8465;54 jaar;Totaal mannen en vrouwen;2050;141806;75225;40250;34975;14083;20892;52884;22341
8466;54 jaar;Mannen;2000;79201;13816;8709;5107;4782;325;4681;9135
8467;54 jaar;Mannen;2001;112368;16719;9505;7214;6696;518;4944;11775
8468;54 jaar;Mannen;2002;106134;17833;10800;7033;6437;596;4997;12836
8469;54 jaar;Mannen;2003;99784;17838;11493;6345;5809;536;5489;12349
8470;54 jaar;Mannen;2004;96043;17350;11457;5893;5361;532;5440;11910
8471;54 jaar;Mannen;2005;93309;17957;12079;5878;5288;590;6387;11570
8472;54 jaar;Mannen;2006;93178;17149;10774;6375;5334;1041;5913;11236
8473;54 jaar;Mannen;2007;95531;17865;11362;6503;5227;1276;6708;11157
8474;54 jaar;Mannen;2008;94747;17792;11653;6139;4836;1303;6978;10814
8475;54 jaar;Mannen;2009;95493;18099;12127;5972;4685;1287;7448;10651
8476;54 jaar;Mannen;2010;95427;18600;12525;6075;4742;1333;8017;10583
8477;54 jaar;Mannen;2011;97357;19476;13414;6062;4663;1399;8970;10506
8478;54 jaar;Mannen;2012;98384;19580;13318;6262;4839;1423;8927;10653
8479;54 jaar;Mannen;2013;99219;20568;13971;6597;4979;1618;9774;10794
8480;54 jaar;Mannen;2014;101144;21304;14702;6602;4935;1667;10451;10853
8481;54 jaar;Mannen;2015;100218;22912;16344;6568;4939;1629;11962;10950
8482;54 jaar;Mannen;2016;103102;22906;15876;7030;5323;1707;11542;11364
8483;54 jaar;Mannen;2017;102565;24190;16974;7216;5526;1690;12728;11462
8484;54 jaar;Mannen;2018;104346;24983;17472;7511;5697;1814;13232;11751
8485;54 jaar;Mannen;2019;104430;26432;18578;7854;6099;1755;14270;12162
8486;54 jaar;Mannen;2020;102128;26570;18825;7745;6082;1663;14419;12151
8487;54 jaar;Mannen;2021;99579;26739;18982;7757;6122;1635;14705;12034
8488;54 jaar;Mannen;2022;99374;26154;18354;7800;6177;1623;14118;12036
8489;54 jaar;Mannen;2023;98512;27491;19487;8004;6329;1675;15253;12238
8490;54 jaar;Mannen;2024;102919;28563;20012;8551;6686;1865;15905;12658
8491;54 jaar;Mannen;2025;99264;28704;20292;8412;6395;2017;16366;12338
8492;54 jaar;Mannen;2026;94733;28373;20115;8258;6070;2188;16380;11993
8493;54 jaar;Mannen;2027;88941;28170;20002;8168;5854;2314;16457;11713
8494;54 jaar;Mannen;2028;81689;27270;19711;7559;5146;2413;16239;11031
8495;54 jaar;Mannen;2029;78041;27571;19796;7775;5064;2711;16694;10877
8496;54 jaar;Mannen;2030;74278;27481;19318;8163;5046;3117;16627;10854
8497;54 jaar;Mannen;2031;73756;27843;19057;8786;5111;3675;16886;10957
8498;54 jaar;Mannen;2032;71589;28503;19321;9182;5089;4093;17699;10804
8499;54 jaar;Mannen;2033;71788;29386;19378;10008;5324;4684;18349;11037
8500;54 jaar;Mannen;2034;70747;30216;19442;10774;5437;5337;19121;11095
8501;54 jaar;Mannen;2035;72595;31423;19394;12029;5794;6235;20056;11367
8502;54 jaar;Mannen;2036;70551;32204;19611;12593;5811;6782;20913;11291
8503;54 jaar;Mannen;2037;68657;32126;19794;12332;5624;6708;21137;10989
8504;54 jaar;Mannen;2038;67905;32152;19805;12347;5568;6779;21328;10824
8505;54 jaar;Mannen;2039;69581;32630;19890;12740;5790;6950;21730;10900
8506;54 jaar;Mannen;2040;70686;32815;19907;12908;5883;7025;21964;10851
8507;54 jaar;Mannen;2041;72468;33361;19907;13454;6124;7330;22427;10934
8508;54 jaar;Mannen;2042;73581;33787;19907;13880;6099;7781;22896;10891
8509;54 jaar;Mannen;2043;72377;34609;19907;14702;6180;8522;23806;10803
8510;54 jaar;Mannen;2044;72559;35193;19955;15238;6298;8940;24359;10834
8511;54 jaar;Mannen;2045;75761;36071;19918;16153;6713;9440;25153;10918
8512;54 jaar;Mannen;2046;75225;36503;19851;16652;6905;9747;25485;11018
8513;54 jaar;Mannen;2047;74156;36989;19926;17063;6866;10197;26145;10844
8514;54 jaar;Mannen;2048;73430;36991;19893;17098;7118;9980;26008;10983
8515;54 jaar;Mannen;2049;73381;37769;19908;17861;7172;10689;26731;11038
8516;54 jaar;Mannen;2050;71361;37811;19972;17839;7168;10671;26711;11100
8517;54 jaar;Vrouwen;2000;77341;12664;7932;4732;4412;320;4133;8531
8518;54 jaar;Vrouwen;2001;108555;15636;8632;7004;6514;490;4119;11517
8519;54 jaar;Vrouwen;2002;103764;16962;10347;6615;6100;515;4544;12418
8520;54 jaar;Vrouwen;2003;96745;17152;11159;5993;5508;485;5214;11938
8521;54 jaar;Vrouwen;2004;93031;17134;11519;5615;5144;471;5375;11759
8522;54 jaar;Vrouwen;2005;90504;17973;12296;5677;5108;569;6329;11644
8523;54 jaar;Vrouwen;2006;90160;17253;11112;6141;5129;1012;5918;11335
8524;54 jaar;Vrouwen;2007;92698;18205;12060;6145;4957;1188;6767;11438
8525;54 jaar;Vrouwen;2008;92242;18122;12340;5782;4636;1146;7108;11014
8526;54 jaar;Vrouwen;2009;92516;18849;13001;5848;4665;1183;7819;11030
8527;54 jaar;Vrouwen;2010;93954;19120;13183;5937;4638;1299;8107;11013
8528;54 jaar;Vrouwen;2011;94911;19523;13596;5927;4597;1330;8568;10955
8529;54 jaar;Vrouwen;2012;96189;19936;13722;6214;4698;1516;8758;11178
8530;54 jaar;Vrouwen;2013;97346;20514;14144;6370;4721;1649;9466;11048
8531;54 jaar;Vrouwen;2014;99501;21118;14420;6698;5047;1651;9745;11373
8532;54 jaar;Vrouwen;2015;98206;22468;15909;6559;4910;1649;11267;11201
8533;54 jaar;Vrouwen;2016;101854;21958;15210;6748;5188;1560;10462;11496
8534;54 jaar;Vrouwen;2017;100879;23533;16367;7166;5483;1683;11783;11750
8535;54 jaar;Vrouwen;2018;101992;23869;16591;7278;5638;1640;11953;11916
8536;54 jaar;Vrouwen;2019;102258;25134;17560;7574;5837;1737;12818;12316
8537;54 jaar;Vrouwen;2020;99567;25245;17626;7619;5957;1662;12961;12284
8538;54 jaar;Vrouwen;2021;97619;25463;17832;7631;6050;1581;13307;12156
8539;54 jaar;Vrouwen;2022;97121;25377;17659;7718;6092;1626;12993;12384
8540;54 jaar;Vrouwen;2023;96964;26744;18939;7805;6100;1705;14413;12331
8541;54 jaar;Vrouwen;2024;100852;27998;19666;8332;6593;1739;15160;12838
8542;54 jaar;Vrouwen;2025;97762;28316;20307;8009;6084;1925;15903;12413
8543;54 jaar;Vrouwen;2026;92900;28372;20452;7920;5869;2051;16203;12169
8544;54 jaar;Vrouwen;2027;88070;28556;20684;7872;5586;2286;16631;11925
8545;54 jaar;Vrouwen;2028;80324;28009;20606;7403;5058;2345;16542;11467
8546;54 jaar;Vrouwen;2029;76356;28215;20659;7556;5029;2527;16827;11388
8547;54 jaar;Vrouwen;2030;72919;27956;20099;7857;4828;3029;16743;11213
8548;54 jaar;Vrouwen;2031;71783;28079;19739;8340;4848;3492;16790;11289
8549;54 jaar;Vrouwen;2032;70075;29313;20387;8926;4893;4033;18004;11309
8550;54 jaar;Vrouwen;2033;70432;30073;20309;9764;5163;4601;18559;11514
8551;54 jaar;Vrouwen;2034;69940;30578;20321;10257;5182;5075;19099;11479
8552;54 jaar;Vrouwen;2035;71314;31781;20134;11647;5572;6075;20019;11762
8553;54 jaar;Vrouwen;2036;70051;32106;20025;12081;5542;6539;20542;11564
8554;54 jaar;Vrouwen;2037;67487;31994;20195;11799;5432;6367;20648;11346
8555;54 jaar;Vrouwen;2038;66789;32325;20291;12034;5382;6652;21062;11263
8556;54 jaar;Vrouwen;2039;68260;32650;20432;12218;5576;6642;21446;11204
8557;54 jaar;Vrouwen;2040;69963;32891;20476;12415;5490;6925;21705;11186
8558;54 jaar;Vrouwen;2041;72234;33417;20339;13078;5890;7188;22113;11304
8559;54 jaar;Vrouwen;2042;71965;33859;20348;13511;5877;7634;22713;11146
8560;54 jaar;Vrouwen;2043;71336;34648;20355;14293;6128;8165;23301;11347
8561;54 jaar;Vrouwen;2044;72220;34927;20330;14597;6061;8536;23827;11100
8562;54 jaar;Vrouwen;2045;74099;36069;20266;15803;6525;9278;24802;11267
8563;54 jaar;Vrouwen;2046;74433;36234;20253;15981;6636;9345;24964;11270
8564;54 jaar;Vrouwen;2047;72956;36599;20236;16363;6762;9601;25324;11275
8565;54 jaar;Vrouwen;2048;72613;36697;20216;16481;6727;9754;25596;11101
8566;54 jaar;Vrouwen;2049;72316;37376;20251;17125;6826;10299;26151;11225
8567;54 jaar;Vrouwen;2050;70445;37414;20279;17135;6915;10220;26174;11240
8568;55 jaar;Totaal mannen en vrouwen;2000;165546;25480;15339;10141;9489;652;7998;17482
8569;55 jaar;Totaal mannen en vrouwen;2001;155782;26412;16621;9791;9148;643;8836;17576
8570;55 jaar;Totaal mannen en vrouwen;2002;219789;32241;18092;14149;13146;1003;9072;23169
8571;55 jaar;Totaal mannen en vrouwen;2003;208851;34657;21070;13587;12482;1105;9544;25113
8572;55 jaar;Totaal mannen en vrouwen;2004;195580;34842;22560;12282;11267;1015;10688;24154
8573;55 jaar;Totaal mannen en vrouwen;2005;188180;34343;22885;11458;10460;998;10800;23543
8574;55 jaar;Totaal mannen en vrouwen;2006;182969;35759;24258;11501;10346;1155;12664;23095
8575;55 jaar;Totaal mannen en vrouwen;2007;182499;34254;21795;12459;10415;2044;11790;22464
8576;55 jaar;Totaal mannen en vrouwen;2008;187364;35895;23302;12593;10140;2453;13409;22486
8577;55 jaar;Totaal mannen en vrouwen;2009;186144;35728;23862;11866;9429;2437;14006;21722
8578;55 jaar;Totaal mannen en vrouwen;2010;187153;36747;24978;11769;9312;2457;15173;21574
8579;55 jaar;Totaal mannen en vrouwen;2011;188525;37506;25546;11960;9339;2621;16015;21491
8580;55 jaar;Totaal mannen en vrouwen;2012;191402;38760;26821;11939;9221;2718;17410;21350
8581;55 jaar;Totaal mannen en vrouwen;2013;193691;39277;26850;12427;9500;2927;17559;21718
8582;55 jaar;Totaal mannen en vrouwen;2014;195685;40818;27903;12915;9661;3254;19090;21728
8583;55 jaar;Totaal mannen en vrouwen;2015;199741;42147;28900;13247;9942;3305;20039;22108
8584;55 jaar;Totaal mannen en vrouwen;2016;197542;45047;31973;13074;9811;3263;23025;22022
8585;55 jaar;Totaal mannen en vrouwen;2017;204042;44550;30823;13727;10473;3254;21824;22726
8586;55 jaar;Totaal mannen en vrouwen;2018;202549;47370;33045;14325;10965;3360;24294;23076
8587;55 jaar;Totaal mannen en vrouwen;2019;205436;48476;33744;14732;11293;3439;24960;23516
8588;55 jaar;Totaal mannen en vrouwen;2020;205787;51161;35791;15370;11891;3479;26841;24320
8589;55 jaar;Totaal mannen en vrouwen;2021;200826;51402;36096;15306;11993;3313;27129;24273
8590;55 jaar;Totaal mannen en vrouwen;2022;196363;51780;36454;15326;12121;3205;27753;24027
8591;55 jaar;Totaal mannen en vrouwen;2023;195662;51121;35661;15460;12224;3236;26870;24251
8592;55 jaar;Totaal mannen en vrouwen;2024;194654;53791;38042;15749;12385;3364;29394;24397
8593;55 jaar;Totaal mannen en vrouwen;2025;202902;56101;39280;16821;13234;3587;30783;25318
8594;55 jaar;Totaal mannen en vrouwen;2026;196199;56548;40188;16360;12431;3929;31977;24571
8595;55 jaar;Totaal mannen en vrouwen;2027;186852;56278;40156;16122;11900;4222;32295;23983
8596;55 jaar;Totaal mannen en vrouwen;2028;176293;56250;40270;15980;11399;4581;32794;23456
8597;55 jaar;Totaal mannen en vrouwen;2029;161376;54811;39905;14906;10168;4738;32492;22319
8598;55 jaar;Totaal mannen en vrouwen;2030;153804;55311;40039;15272;10053;5219;33228;22083
8599;55 jaar;Totaal mannen en vrouwen;2031;146634;54979;39016;15963;9839;6124;33095;21884
8600;55 jaar;Totaal mannen en vrouwen;2032;144985;55463;38398;17065;9921;7144;33405;22058
8601;55 jaar;Totaal mannen en vrouwen;2033;141130;57345;39299;18046;9945;8101;35421;21924
8602;55 jaar;Totaal mannen en vrouwen;2034;141686;58978;39278;19700;10446;9254;36619;22359
8603;55 jaar;Totaal mannen en vrouwen;2035;140161;60307;39348;20959;10583;10376;37925;22382
8604;55 jaar;Totaal mannen en vrouwen;2036;143364;62710;39115;23595;11325;12270;39777;22933
8605;55 jaar;Totaal mannen en vrouwen;2037;140078;63808;39220;24588;11313;13275;41151;22657
8606;55 jaar;Totaal mannen en vrouwen;2038;135643;63618;39567;24051;11021;13030;41479;22139
8607;55 jaar;Totaal mannen en vrouwen;2039;134202;63973;39673;24300;10911;13389;42082;21891
8608;55 jaar;Totaal mannen en vrouwen;2040;137334;64772;39898;24874;11325;13549;42864;21908
8609;55 jaar;Totaal mannen en vrouwen;2041;140129;65199;39958;25241;11338;13903;43357;21842
8610;55 jaar;Totaal mannen en vrouwen;2042;144161;66271;39825;26446;11976;14470;44226;22045
8611;55 jaar;Totaal mannen en vrouwen;2043;145008;67130;39832;27298;11934;15364;45289;21841
8612;55 jaar;Totaal mannen en vrouwen;2044;143181;68741;39841;28900;12269;16631;46786;21955
8613;55 jaar;Totaal mannen en vrouwen;2045;144245;69601;39862;29739;12316;17423;47862;21739
8614;55 jaar;Totaal mannen en vrouwen;2046;149306;71614;39763;31851;13198;18653;49625;21989
8615;55 jaar;Totaal mannen en vrouwen;2047;149104;72210;39684;32526;13496;19030;50121;22089
8616;55 jaar;Totaal mannen en vrouwen;2048;146566;73062;39742;33320;13585;19735;51136;21926
8617;55 jaar;Totaal mannen en vrouwen;2049;145506;73161;39692;33469;13796;19673;51272;21889
8618;55 jaar;Totaal mannen en vrouwen;2050;145160;74612;39738;34874;13953;20921;52545;22067
8619;55 jaar;Mannen;2000;83760;13216;8097;5119;4803;316;4344;8872
8620;55 jaar;Mannen;2001;78738;13769;8692;5077;4754;323;4677;9092
8621;55 jaar;Mannen;2002;111669;16651;9479;7172;6657;515;4933;11718
8622;55 jaar;Mannen;2003;105495;17756;10761;6995;6403;592;4987;12769
8623;55 jaar;Mannen;2004;99206;17756;11444;6312;5779;533;5468;12288
8624;55 jaar;Mannen;2005;95503;17274;11412;5862;5334;528;5420;11854
8625;55 jaar;Mannen;2006;92798;17867;12020;5847;5261;586;6347;11520
8626;55 jaar;Mannen;2007;92670;17078;10737;6341;5305;1036;5883;11195
8627;55 jaar;Mannen;2008;95013;17779;11309;6470;5200;1270;6661;11118
8628;55 jaar;Mannen;2009;94237;17705;11597;6108;4812;1296;6929;10776
8629;55 jaar;Mannen;2010;94981;18004;12060;5944;4664;1280;7390;10614
8630;55 jaar;Mannen;2011;94920;18499;12452;6047;4722;1325;7951;10548
8631;55 jaar;Mannen;2012;96844;19356;13324;6032;4639;1393;8888;10468
8632;55 jaar;Mannen;2013;97866;19461;13228;6233;4817;1416;8848;10613
8633;55 jaar;Mannen;2014;98700;20435;13868;6567;4958;1609;9682;10753
8634;55 jaar;Mannen;2015;100618;21160;14590;6570;4911;1659;10352;10808
8635;55 jaar;Mannen;2016;99702;22737;16198;6539;4918;1621;11838;10899
8636;55 jaar;Mannen;2017;102571;22742;15743;6999;5300;1699;11431;11311
8637;55 jaar;Mannen;2018;102045;24007;16822;7185;5503;1682;12601;11406
8638;55 jaar;Mannen;2019;103823;24786;17309;7477;5671;1806;13098;11688
8639;55 jaar;Mannen;2020;103908;26222;18401;7821;6073;1748;14123;12099
8640;55 jaar;Mannen;2021;101624;26353;18642;7711;6055;1656;14270;12083
8641;55 jaar;Mannen;2022;99095;26522;18800;7722;6094;1628;14556;11966
8642;55 jaar;Mannen;2023;98896;25944;18178;7766;6150;1616;13977;11967
8643;55 jaar;Mannen;2024;98041;27265;19295;7970;6303;1667;15099;12166
8644;55 jaar;Mannen;2025;102419;28331;19814;8517;6662;1855;15747;12584
8645;55 jaar;Mannen;2026;98794;28465;20089;8376;6367;2009;16201;12264
8646;55 jaar;Mannen;2027;94290;28139;19914;8225;6047;2178;16219;11920
8647;55 jaar;Mannen;2028;88533;27938;19803;8135;5830;2305;16299;11639
8648;55 jaar;Mannen;2029;81329;27043;19516;7527;5124;2403;16084;10959
8649;55 jaar;Mannen;2030;77705;27341;19598;7743;5043;2700;16537;10804
8650;55 jaar;Mannen;2031;73959;27261;19129;8132;5027;3105;16478;10783
8651;55 jaar;Mannen;2032;73443;27621;18870;8751;5091;3660;16738;10883
8652;55 jaar;Mannen;2033;71289;28277;19130;9147;5069;4078;17547;10730
8653;55 jaar;Mannen;2034;71488;29155;19187;9968;5301;4667;18194;10961
8654;55 jaar;Mannen;2035;70453;29982;19249;10733;5420;5313;18963;11019
8655;55 jaar;Mannen;2036;72288;31184;19201;11983;5772;6211;19896;11288
8656;55 jaar;Mannen;2037;70259;31959;19414;12545;5788;6757;20748;11211
8657;55 jaar;Mannen;2038;68374;31882;19594;12288;5607;6681;20972;10910
8658;55 jaar;Mannen;2039;67629;31909;19606;12303;5549;6754;21163;10746
8659;55 jaar;Mannen;2040;69297;32382;19689;12693;5768;6925;21561;10821
8660;55 jaar;Mannen;2041;70398;32567;19706;12861;5860;7001;21796;10771
8661;55 jaar;Mannen;2042;72172;33109;19705;13404;6100;7304;22255;10854
8662;55 jaar;Mannen;2043;73277;33537;19709;13828;6076;7752;22724;10813
8663;55 jaar;Mannen;2044;72081;34356;19707;14649;6158;8491;23632;10724
8664;55 jaar;Mannen;2045;72262;34939;19754;15185;6277;8908;24183;10756
8665;55 jaar;Mannen;2046;75449;35814;19719;16095;6689;9406;24975;10839
8666;55 jaar;Mannen;2047;74913;36248;19654;16594;6881;9713;25309;10939
8667;55 jaar;Mannen;2048;73852;36729;19727;17002;6840;10162;25963;10766
8668;55 jaar;Mannen;2049;73130;36734;19696;17038;7092;9946;25830;10904
8669;55 jaar;Mannen;2050;73080;37510;19710;17800;7147;10653;26549;10961
8670;55 jaar;Vrouwen;2000;81786;12264;7242;5022;4686;336;3654;8610
8671;55 jaar;Vrouwen;2001;77046;12642;7928;4714;4395;319;4157;8485
8672;55 jaar;Vrouwen;2002;108119;15592;8615;6977;6488;489;4140;11452
8673;55 jaar;Vrouwen;2003;103356;16901;10310;6591;6078;513;4558;12343
8674;55 jaar;Vrouwen;2004;96373;17086;11115;5971;5487;484;5221;11865
8675;55 jaar;Vrouwen;2005;92681;17065;11471;5594;5125;469;5378;11687
8676;55 jaar;Vrouwen;2006;90168;17894;12238;5656;5089;567;6320;11574
8677;55 jaar;Vrouwen;2007;89827;17179;11058;6121;5113;1008;5908;11271
8678;55 jaar;Vrouwen;2008;92351;18116;11992;6124;4941;1183;6748;11368
8679;55 jaar;Vrouwen;2009;91902;18028;12266;5762;4620;1142;7080;10948
8680;55 jaar;Vrouwen;2010;92172;18743;12917;5826;4649;1177;7784;10959
8681;55 jaar;Vrouwen;2011;93603;19010;13095;5915;4621;1294;8066;10944
8682;55 jaar;Vrouwen;2012;94555;19407;13499;5908;4583;1325;8524;10883
8683;55 jaar;Vrouwen;2013;95824;19817;13623;6194;4683;1511;8712;11105
8684;55 jaar;Vrouwen;2014;96981;20387;14038;6349;4705;1644;9410;10977
8685;55 jaar;Vrouwen;2015;99127;20983;14309;6674;5028;1646;9684;11299
8686;55 jaar;Vrouwen;2016;97841;22310;15775;6535;4892;1643;11185;11125
8687;55 jaar;Vrouwen;2017;101472;21807;15080;6727;5171;1556;10392;11415
8688;55 jaar;Vrouwen;2018;100503;23364;16223;7141;5463;1678;11695;11669
8689;55 jaar;Vrouwen;2019;101610;23692;16438;7254;5619;1635;11865;11827
8690;55 jaar;Vrouwen;2020;101880;24939;17390;7549;5818;1731;12718;12221
8691;55 jaar;Vrouwen;2021;99200;25050;17455;7595;5938;1657;12860;12190
8692;55 jaar;Vrouwen;2022;97265;25261;17657;7604;6028;1576;13200;12061
8693;55 jaar;Vrouwen;2023;96768;25175;17483;7692;6072;1620;12894;12281
8694;55 jaar;Vrouwen;2024;96611;26527;18747;7780;6082;1698;14296;12231
8695;55 jaar;Vrouwen;2025;100484;27770;19467;8303;6569;1734;15037;12733
8696;55 jaar;Vrouwen;2026;97407;28081;20099;7982;6063;1919;15774;12307
8697;55 jaar;Vrouwen;2027;92567;28134;20240;7894;5851;2043;16074;12060
8698;55 jaar;Vrouwen;2028;87757;28315;20468;7847;5567;2280;16497;11818
8699;55 jaar;Vrouwen;2029;80048;27768;20387;7381;5045;2336;16408;11360
8700;55 jaar;Vrouwen;2030;76101;27969;20440;7529;5010;2519;16691;11278
8701;55 jaar;Vrouwen;2031;72674;27719;19886;7833;4811;3022;16616;11103
8702;55 jaar;Vrouwen;2032;71545;27839;19528;8311;4828;3483;16663;11176
8703;55 jaar;Vrouwen;2033;69843;29066;20169;8897;4875;4022;17872;11194
8704;55 jaar;Vrouwen;2034;70197;29824;20092;9732;5145;4587;18424;11400
8705;55 jaar;Vrouwen;2035;69706;30327;20099;10228;5167;5061;18963;11364
8706;55 jaar;Vrouwen;2036;71076;31526;19914;11612;5554;6058;19881;11645
8707;55 jaar;Vrouwen;2037;69819;31849;19806;12043;5527;6516;20404;11445
8708;55 jaar;Vrouwen;2038;67268;31736;19973;11763;5415;6348;20508;11228
8709;55 jaar;Vrouwen;2039;66570;32067;20070;11997;5362;6635;20921;11146
8710;55 jaar;Vrouwen;2040;68037;32389;20208;12181;5556;6625;21304;11085
8711;55 jaar;Vrouwen;2041;69728;32635;20253;12382;5479;6903;21565;11070
8712;55 jaar;Vrouwen;2042;71990;33160;20119;13041;5874;7167;21972;11188
8713;55 jaar;Vrouwen;2043;71727;33597;20126;13471;5859;7612;22567;11030
8714;55 jaar;Vrouwen;2044;71100;34385;20133;14252;6112;8140;23154;11231
8715;55 jaar;Vrouwen;2045;71983;34663;20108;14555;6041;8514;23681;10982
8716;55 jaar;Vrouwen;2046;73856;35801;20044;15757;6506;9251;24651;11150
8717;55 jaar;Vrouwen;2047;74191;35962;20030;15932;6613;9319;24810;11152
8718;55 jaar;Vrouwen;2048;72716;36330;20016;16314;6740;9574;25172;11158
8719;55 jaar;Vrouwen;2049;72376;36427;19997;16430;6703;9727;25441;10986
8720;55 jaar;Vrouwen;2050;72079;37103;20028;17075;6805;10270;25994;11109
8721;56 jaar;Totaal mannen en vrouwen;2000;156769;24284;14203;10081;9381;700;7256;17028
8722;56 jaar;Totaal mannen en vrouwen;2001;164624;25406;15319;10087;9438;649;8022;17384
8723;56 jaar;Totaal mannen en vrouwen;2002;154938;26311;16572;9739;9100;639;8838;17473
8724;56 jaar;Totaal mannen en vrouwen;2003;218550;32105;18030;14075;13076;999;9070;23035
8725;56 jaar;Totaal mannen en vrouwen;2004;207711;34488;20973;13515;12415;1100;9534;24954
8726;56 jaar;Totaal mannen en vrouwen;2005;194537;34663;22444;12219;11209;1010;10659;24004
8727;56 jaar;Totaal mannen en vrouwen;2006;187197;34168;22770;11398;10405;993;10766;23402
8728;56 jaar;Totaal mannen en vrouwen;2007;182028;35567;24121;11446;10296;1150;12603;22964
8729;56 jaar;Totaal mannen en vrouwen;2008;181567;34080;21682;12398;10365;2033;11736;22344
8730;56 jaar;Totaal mannen en vrouwen;2009;186411;35696;23163;12533;10092;2441;13334;22362
8731;56 jaar;Totaal mannen en vrouwen;2010;185198;35524;23713;11811;9385;2426;13923;21601
8732;56 jaar;Totaal mannen en vrouwen;2011;186207;36520;24806;11714;9269;2445;15071;21449
8733;56 jaar;Totaal mannen en vrouwen;2012;187576;37270;25366;11904;9295;2609;15902;21368
8734;56 jaar;Totaal mannen en vrouwen;2013;190442;38503;26619;11884;9179;2705;17276;21227
8735;56 jaar;Totaal mannen en vrouwen;2014;192721;39012;26643;12369;9455;2914;17425;21587
8736;56 jaar;Totaal mannen en vrouwen;2015;194709;40531;27674;12857;9617;3240;18935;21596
8737;56 jaar;Totaal mannen en vrouwen;2016;198752;41842;28655;13187;9898;3289;19871;21971
8738;56 jaar;Totaal mannen en vrouwen;2017;196571;44693;31679;13014;9764;3250;22814;21879
8739;56 jaar;Totaal mannen en vrouwen;2018;203039;44212;30545;13667;10428;3239;21637;22575
8740;56 jaar;Totaal mannen en vrouwen;2019;201567;46996;32733;14263;10920;3343;24073;22923
8741;56 jaar;Totaal mannen en vrouwen;2020;204444;48084;33417;14667;11241;3426;24730;23354
8742;56 jaar;Totaal mannen en vrouwen;2021;204797;50737;35432;15305;11842;3463;26589;24148
8743;56 jaar;Totaal mannen en vrouwen;2022;199869;50971;35734;15237;11938;3299;26873;24098
8744;56 jaar;Totaal mannen en vrouwen;2023;195431;51350;36088;15262;12071;3191;27495;23855
8745;56 jaar;Totaal mannen en vrouwen;2024;194741;50697;35303;15394;12172;3222;26628;24069
8746;56 jaar;Totaal mannen en vrouwen;2025;193742;53336;37651;15685;12334;3351;29122;24214
8747;56 jaar;Totaal mannen en vrouwen;2026;201947;55622;38871;16751;13177;3574;30495;25127
8748;56 jaar;Totaal mannen en vrouwen;2027;195289;56055;39765;16290;12379;3911;31675;24380
8749;56 jaar;Totaal mannen en vrouwen;2028;185994;55790;39734;16056;11851;4205;31997;23793
8750;56 jaar;Totaal mannen en vrouwen;2029;175497;55764;39847;15917;11352;4565;32498;23266
8751;56 jaar;Totaal mannen en vrouwen;2030;160668;54332;39487;14845;10126;4719;32202;22130
8752;56 jaar;Totaal mannen en vrouwen;2031;153133;54828;39615;15213;10014;5199;32934;21894
8753;56 jaar;Totaal mannen en vrouwen;2032;146008;54504;38604;15900;9799;6101;32812;21692
8754;56 jaar;Totaal mannen en vrouwen;2033;144371;54988;37993;16995;9881;7114;33125;21863
8755;56 jaar;Totaal mannen en vrouwen;2034;140540;56856;38881;17975;9906;8069;35127;21729
8756;56 jaar;Totaal mannen en vrouwen;2035;141087;58484;38860;19624;10406;9218;36324;22160
8757;56 jaar;Totaal mannen en vrouwen;2036;139575;59807;38928;20879;10543;10336;37625;22182
8758;56 jaar;Totaal mannen en vrouwen;2037;142759;62201;38698;23503;11282;12221;39472;22729
8759;56 jaar;Totaal mannen en vrouwen;2038;139491;63292;38799;24493;11270;13223;40841;22451
8760;56 jaar;Totaal mannen en vrouwen;2039;135081;63101;39143;23958;10979;12979;41163;21938
8761;56 jaar;Totaal mannen en vrouwen;2040;133649;63456;39248;24208;10870;13338;41767;21689
8762;56 jaar;Totaal mannen en vrouwen;2041;136767;64249;39470;24779;11280;13499;42545;21704
8763;56 jaar;Totaal mannen en vrouwen;2042;139552;64676;39531;25145;11294;13851;43037;21639
8764;56 jaar;Totaal mannen en vrouwen;2043;143568;65742;39395;26347;11931;14416;43902;21840
8765;56 jaar;Totaal mannen en vrouwen;2044;144406;66607;39407;27200;11891;15309;44966;21641
8766;56 jaar;Totaal mannen en vrouwen;2045;142592;68210;39415;28795;12225;16570;46455;21755
8767;56 jaar;Totaal mannen en vrouwen;2046;143653;69067;39437;29630;12273;17357;47528;21539
8768;56 jaar;Totaal mannen en vrouwen;2047;148681;71076;39341;31735;13148;18587;49289;21787
8769;56 jaar;Totaal mannen en vrouwen;2048;148488;71670;39263;32407;13446;18961;49781;21889
8770;56 jaar;Totaal mannen en vrouwen;2049;145968;72517;39319;33198;13534;19664;50792;21725
8771;56 jaar;Totaal mannen en vrouwen;2050;144913;72617;39269;33348;13748;19600;50929;21688
8772;56 jaar;Mannen;2000;79246;12872;7712;5160;4794;366;4036;8836
8773;56 jaar;Mannen;2001;83190;13169;8083;5086;4772;314;4342;8827
8774;56 jaar;Mannen;2002;78210;13709;8663;5046;4724;322;4667;9042
8775;56 jaar;Mannen;2003;110901;16568;9441;7127;6615;512;4917;11651
8776;56 jaar;Mannen;2004;104793;17663;10710;6953;6364;589;4970;12693
8777;56 jaar;Mannen;2005;98565;17660;11387;6273;5744;529;5443;12217
8778;56 jaar;Mannen;2006;94899;17184;11356;5828;5302;526;5394;11790
8779;56 jaar;Mannen;2007;92224;17766;11954;5812;5228;584;6304;11462
8780;56 jaar;Mannen;2008;92100;16990;10685;6305;5274;1031;5847;11143
8781;56 jaar;Mannen;2009;94432;17682;11248;6434;5172;1262;6613;11069
8782;56 jaar;Mannen;2010;93670;17600;11527;6073;4783;1290;6874;10726
8783;56 jaar;Mannen;2011;94414;17890;11981;5909;4636;1273;7327;10563
8784;56 jaar;Mannen;2012;94354;18381;12368;6013;4694;1319;7881;10500
8785;56 jaar;Mannen;2013;96271;19224;13224;6000;4615;1385;8804;10420
8786;56 jaar;Mannen;2014;97286;19331;13131;6200;4791;1409;8769;10562
8787;56 jaar;Mannen;2015;98124;20286;13755;6531;4929;1602;9588;10698
8788;56 jaar;Mannen;2016;100030;21004;14466;6538;4888;1650;10250;10754
8789;56 jaar;Mannen;2017;99133;22548;16045;6503;4892;1611;11711;10837
8790;56 jaar;Mannen;2018;101985;22563;15599;6964;5274;1690;11316;11247
8791;56 jaar;Mannen;2019;101469;23811;16663;7148;5475;1673;12469;11342
8792;56 jaar;Mannen;2020;103240;24580;17138;7442;5644;1798;12960;11620
8793;56 jaar;Mannen;2021;103327;25998;18217;7781;6042;1739;13974;12024
8794;56 jaar;Mannen;2022;101062;26128;18454;7674;6027;1647;14120;12008
8795;56 jaar;Mannen;2023;98556;26292;18609;7683;6062;1621;14401;11891
8796;56 jaar;Mannen;2024;98363;25725;17997;7728;6120;1608;13833;11892
8797;56 jaar;Mannen;2025;97517;27029;19097;7932;6274;1658;14941;12088
8798;56 jaar;Mannen;2026;101867;28085;19609;8476;6629;1847;15584;12501
8799;56 jaar;Mannen;2027;98268;28214;19880;8334;6333;2001;16032;12182
8800;56 jaar;Mannen;2028;93793;27896;19709;8187;6017;2170;16057;11839
8801;56 jaar;Mannen;2029;88078;27696;19599;8097;5803;2294;16137;11559
8802;56 jaar;Mannen;2030;80923;26809;19316;7493;5100;2393;15929;10880
8803;56 jaar;Mannen;2031;77322;27103;19394;7709;5019;2690;16375;10728
8804;56 jaar;Mannen;2032;73601;27028;18933;8095;5005;3090;16325;10703
8805;56 jaar;Mannen;2033;73089;27389;18678;8711;5066;3645;16587;10802
8806;56 jaar;Mannen;2034;70951;28040;18932;9108;5047;4061;17389;10651
8807;56 jaar;Mannen;2035;71149;28913;18988;9925;5280;4645;18034;10879
8808;56 jaar;Mannen;2036;70120;29737;19050;10687;5394;5293;18800;10937
8809;56 jaar;Mannen;2037;71947;30932;19003;11929;5744;6185;19728;11204
8810;56 jaar;Mannen;2038;69928;31701;19210;12491;5763;6728;20575;11126
8811;56 jaar;Mannen;2039;68054;31627;19391;12236;5582;6654;20798;10829
8812;56 jaar;Mannen;2040;67321;31649;19399;12250;5524;6726;20987;10662
8813;56 jaar;Mannen;2041;68975;32125;19484;12641;5745;6896;21386;10739
8814;56 jaar;Mannen;2042;70075;32307;19501;12806;5835;6971;21619;10688
8815;56 jaar;Mannen;2043;71838;32848;19501;13347;6073;7274;22077;10771
8816;56 jaar;Mannen;2044;72938;33274;19503;13771;6052;7719;22545;10729
8817;56 jaar;Mannen;2045;71749;34091;19502;14589;6132;8457;23449;10642
8818;56 jaar;Mannen;2046;71929;34674;19552;15122;6251;8871;24001;10673
8819;56 jaar;Mannen;2047;75096;35546;19517;16029;6661;9368;24790;10756
8820;56 jaar;Mannen;2048;74568;35978;19451;16527;6854;9673;25122;10856
8821;56 jaar;Mannen;2049;73513;36458;19523;16935;6815;10120;25775;10683
8822;56 jaar;Mannen;2050;72796;36464;19493;16971;7067;9904;25642;10822
8823;56 jaar;Vrouwen;2000;77523;11412;6491;4921;4587;334;3220;8192
8824;56 jaar;Vrouwen;2001;81433;12238;7237;5001;4666;335;3680;8558
8825;56 jaar;Vrouwen;2002;76722;12608;7913;4695;4377;318;4176;8432
8826;56 jaar;Vrouwen;2003;107649;15537;8588;6949;6463;486;4154;11383
8827;56 jaar;Vrouwen;2004;102916;16828;10264;6564;6053;511;4565;12263
8828;56 jaar;Vrouwen;2005;95969;17006;11057;5949;5468;481;5219;11787
8829;56 jaar;Vrouwen;2006;92295;16986;11413;5573;5106;467;5374;11612
8830;56 jaar;Vrouwen;2007;89803;17802;12167;5635;5069;566;6301;11501
8831;56 jaar;Vrouwen;2008;89465;17092;10996;6096;5092;1004;5893;11199
8832;56 jaar;Vrouwen;2009;91976;18017;11917;6100;4921;1179;6724;11293
8833;56 jaar;Vrouwen;2010;91527;17925;12186;5739;4602;1137;7052;10873
8834;56 jaar;Vrouwen;2011;91792;18631;12827;5804;4630;1174;7746;10885
8835;56 jaar;Vrouwen;2012;93219;18893;13000;5893;4604;1289;8024;10869
8836;56 jaar;Vrouwen;2013;94169;19282;13398;5884;4565;1319;8474;10808
8837;56 jaar;Vrouwen;2014;95429;19686;13515;6171;4665;1506;8658;11028
8838;56 jaar;Vrouwen;2015;96588;20242;13918;6324;4686;1638;9344;10898
8839;56 jaar;Vrouwen;2016;98721;20839;14190;6649;5009;1640;9621;11218
8840;56 jaar;Vrouwen;2017;97439;22144;15633;6511;4873;1638;11103;11041
8841;56 jaar;Vrouwen;2018;101057;21646;14944;6702;5152;1550;10318;11328
8842;56 jaar;Vrouwen;2019;100099;23185;16070;7115;5443;1672;11604;11581
8843;56 jaar;Vrouwen;2020;101202;23506;16279;7227;5599;1628;11772;11734
8844;56 jaar;Vrouwen;2021;101471;24738;17216;7522;5797;1725;12616;12122
8845;56 jaar;Vrouwen;2022;98806;24843;17277;7566;5916;1650;12753;12090
8846;56 jaar;Vrouwen;2023;96877;25056;17479;7577;6007;1570;13092;11964
8847;56 jaar;Vrouwen;2024;96380;24970;17304;7666;6053;1613;12793;12177
8848;56 jaar;Vrouwen;2025;96226;26306;18553;7753;6061;1692;14179;12127
8849;56 jaar;Vrouwen;2026;100077;27540;19265;8275;6547;1728;14913;12627
8850;56 jaar;Vrouwen;2027;97021;27841;19886;7955;6044;1911;15643;12198
8851;56 jaar;Vrouwen;2028;92202;27893;20025;7868;5832;2036;15941;11952
8852;56 jaar;Vrouwen;2029;87420;28068;20248;7820;5552;2268;16360;11708
8853;56 jaar;Vrouwen;2030;79745;27524;20169;7355;5029;2326;16274;11250
8854;56 jaar;Vrouwen;2031;75812;27724;20220;7504;4994;2510;16557;11167
8855;56 jaar;Vrouwen;2032;72407;27476;19671;7805;4796;3009;16486;10990
8856;56 jaar;Vrouwen;2033;71283;27598;19315;8283;4812;3471;16538;11060
8857;56 jaar;Vrouwen;2034;69590;28815;19949;8866;4859;4007;17736;11079
8858;56 jaar;Vrouwen;2035;69938;29571;19871;9700;5128;4572;18289;11282
8859;56 jaar;Vrouwen;2036;69454;30071;19880;10191;5147;5044;18826;11245
8860;56 jaar;Vrouwen;2037;70814;31267;19696;11571;5534;6037;19742;11525
8861;56 jaar;Vrouwen;2038;69563;31591;19588;12003;5506;6497;20265;11326
8862;56 jaar;Vrouwen;2039;67022;31479;19754;11725;5398;6327;20370;11109
8863;56 jaar;Vrouwen;2040;66330;31805;19847;11958;5347;6611;20778;11027
8864;56 jaar;Vrouwen;2041;67789;32127;19985;12142;5541;6601;21160;10967
8865;56 jaar;Vrouwen;2042;69478;32368;20027;12341;5461;6880;21417;10951
8866;56 jaar;Vrouwen;2043;71733;32891;19894;12997;5854;7143;21824;11067
8867;56 jaar;Vrouwen;2044;71470;33331;19904;13427;5839;7588;22421;10910
8868;56 jaar;Vrouwen;2045;70847;34115;19910;14205;6093;8112;23004;11111
8869;56 jaar;Vrouwen;2046;71722;34395;19887;14508;6024;8484;23530;10865
8870;56 jaar;Vrouwen;2047;73584;35531;19825;15706;6485;9221;24499;11032
8871;56 jaar;Vrouwen;2048;73920;35693;19811;15882;6595;9287;24659;11034
8872;56 jaar;Vrouwen;2049;72456;36058;19795;16263;6720;9543;25018;11040
8873;56 jaar;Vrouwen;2050;72115;36155;19775;16380;6684;9696;25287;10868
8874;57 jaar;Totaal mannen en vrouwen;2000;140839;25966;16246;9720;9049;671;7834;18132
8875;57 jaar;Totaal mannen en vrouwen;2001;155797;24201;14181;10020;9324;696;7275;16926
8876;57 jaar;Totaal mannen en vrouwen;2002;163609;25298;15273;10025;9380;645;8026;17272
8877;57 jaar;Totaal mannen en vrouwen;2003;154003;26190;16508;9682;9047;635;8834;17356
8878;57 jaar;Totaal mannen en vrouwen;2004;217201;31938;17945;13993;13000;993;9057;22881
8879;57 jaar;Totaal mannen en vrouwen;2005;206460;34296;20858;13438;12344;1094;9515;24781
8880;57 jaar;Totaal mannen en vrouwen;2006;193391;34461;22311;12150;11145;1005;10621;23840
8881;57 jaar;Totaal mannen en vrouwen;2007;186112;33969;22633;11336;10349;987;10726;23243
8882;57 jaar;Totaal mannen en vrouwen;2008;180989;35344;23960;11384;10241;1143;12532;22812
8883;57 jaar;Totaal mannen en vrouwen;2009;180538;33879;21548;12331;10309;2022;11677;22202
8884;57 jaar;Totaal mannen en vrouwen;2010;185358;35470;23004;12466;10038;2428;13252;22218
8885;57 jaar;Totaal mannen en vrouwen;2011;184156;35293;23544;11749;9337;2412;13833;21460
8886;57 jaar;Totaal mannen en vrouwen;2012;185163;36273;24620;11653;9220;2433;14965;21308
8887;57 jaar;Totaal mannen en vrouwen;2013;186533;37016;25171;11845;9251;2594;15786;21230
8888;57 jaar;Totaal mannen en vrouwen;2014;189388;38224;26402;11822;9131;2691;17138;21086
8889;57 jaar;Totaal mannen en vrouwen;2015;191654;38728;26420;12308;9407;2901;17287;21441
8890;57 jaar;Totaal mannen en vrouwen;2016;193642;40225;27432;12793;9571;3222;18775;21450
8891;57 jaar;Totaal mannen en vrouwen;2017;197667;41522;28401;13121;9847;3274;19702;21820
8892;57 jaar;Totaal mannen en vrouwen;2018;195503;44328;31376;12952;9719;3233;22606;21722
8893;57 jaar;Totaal mannen en vrouwen;2019;201941;43854;30255;13599;10375;3224;21443;22411
8894;57 jaar;Totaal mannen en vrouwen;2020;200482;46607;32411;14196;10867;3329;23849;22758
8895;57 jaar;Totaal mannen en vrouwen;2021;203351;47679;33082;14597;11187;3410;24500;23179
8896;57 jaar;Totaal mannen en vrouwen;2022;203714;50297;35067;15230;11782;3448;26332;23965
8897;57 jaar;Totaal mannen en vrouwen;2023;198814;50532;35365;15167;11883;3284;26619;23913
8898;57 jaar;Totaal mannen en vrouwen;2024;194411;50903;35714;15189;12012;3177;27234;23669
8899;57 jaar;Totaal mannen en vrouwen;2025;193731;50257;34934;15323;12117;3206;26381;23876
8900;57 jaar;Totaal mannen en vrouwen;2026;192747;52862;37251;15611;12275;3336;28842;24020
8901;57 jaar;Totaal mannen en vrouwen;2027;200904;55133;38459;16674;13118;3556;30209;24924
8902;57 jaar;Totaal mannen en vrouwen;2028;194289;55557;39342;16215;12322;3893;31377;24180
8903;57 jaar;Totaal mannen en vrouwen;2029;185057;55290;39309;15981;11795;4186;31698;23592
8904;57 jaar;Totaal mannen en vrouwen;2030;174624;55265;39420;15845;11302;4543;32199;23066
8905;57 jaar;Totaal mannen en vrouwen;2031;159885;53842;39063;14779;10080;4699;31908;21934
8906;57 jaar;Totaal mannen en vrouwen;2032;152398;54334;39190;15144;9969;5175;32640;21694
8907;57 jaar;Totaal mannen en vrouwen;2033;145314;54018;38190;15828;9754;6074;32526;21492
8908;57 jaar;Totaal mannen en vrouwen;2034;143691;54505;37585;16920;9838;7082;32844;21661
8909;57 jaar;Totaal mannen en vrouwen;2035;139881;56359;38462;17897;9863;8034;34833;21526
8910;57 jaar;Totaal mannen en vrouwen;2036;140425;57981;38441;19540;10362;9178;36025;21956
8911;57 jaar;Totaal mannen en vrouwen;2037;138918;59300;38510;20790;10499;10291;37325;21975
8912;57 jaar;Totaal mannen en vrouwen;2038;142089;61684;38281;23403;11232;12171;39165;22519
8913;57 jaar;Totaal mannen en vrouwen;2039;138841;62768;38379;24389;11221;13168;40527;22241
8914;57 jaar;Totaal mannen en vrouwen;2040;134459;62575;38719;23856;10931;12925;40847;21728
8915;57 jaar;Totaal mannen en vrouwen;2041;133041;62926;38821;24105;10824;13281;41445;21481
8916;57 jaar;Totaal mannen en vrouwen;2042;136141;63717;39040;24677;11235;13442;42220;21497
8917;57 jaar;Totaal mannen en vrouwen;2043;138913;64144;39102;25042;11249;13793;42713;21431
8918;57 jaar;Totaal mannen en vrouwen;2044;142906;65205;38968;26237;11881;14356;43574;21631
8919;57 jaar;Totaal mannen en vrouwen;2045;143745;66065;38980;27085;11841;15244;44633;21432
8920;57 jaar;Totaal mannen en vrouwen;2046;141946;67664;38988;28676;12174;16502;46118;21546
8921;57 jaar;Totaal mannen en vrouwen;2047;142998;68518;39010;29508;12223;17285;47188;21330
8922;57 jaar;Totaal mannen en vrouwen;2048;148003;70521;38916;31605;13094;18511;48941;21580
8923;57 jaar;Totaal mannen en vrouwen;2049;147816;71113;38836;32277;13392;18885;49433;21680
8924;57 jaar;Totaal mannen en vrouwen;2050;145305;71962;38895;33067;13482;19585;50443;21519
8925;57 jaar;Mannen;2000;71168;13568;8630;4938;4598;340;4325;9243
8926;57 jaar;Mannen;2001;78637;12812;7690;5122;4758;364;4031;8781
8927;57 jaar;Mannen;2002;82552;13100;8052;5048;4737;311;4330;8770
8928;57 jaar;Mannen;2003;77633;13628;8621;5007;4688;319;4649;8979
8929;57 jaar;Mannen;2004;110057;16470;9393;7077;6568;509;4896;11574
8930;57 jaar;Mannen;2005;104020;17552;10649;6903;6319;584;4946;12606
8931;57 jaar;Mannen;2006;97857;17547;11317;6230;5704;526;5410;12137
8932;57 jaar;Mannen;2007;94228;17077;11289;5788;5265;523;5364;11713
8933;57 jaar;Mannen;2008;91584;17647;11874;5773;5194;579;6255;11392
8934;57 jaar;Mannen;2009;91471;16883;10622;6261;5236;1025;5803;11080
8935;57 jaar;Mannen;2010;93787;17567;11173;6394;5140;1254;6559;11008
8936;57 jaar;Mannen;2011;93034;17483;11449;6034;4753;1281;6818;10665
8937;57 jaar;Mannen;2012;93779;17766;11893;5873;4609;1264;7262;10504
8938;57 jaar;Mannen;2013;93730;18249;12275;5974;4663;1311;7808;10441
8939;57 jaar;Mannen;2014;95634;19081;13117;5964;4587;1377;8719;10362
8940;57 jaar;Mannen;2015;96648;19183;13020;6163;4762;1401;8684;10499
8941;57 jaar;Mannen;2016;97484;20129;13636;6493;4901;1592;9493;10636
8942;57 jaar;Mannen;2017;99384;20836;14338;6498;4857;1641;10149;10687
8943;57 jaar;Mannen;2018;98494;22356;15890;6466;4863;1603;11587;10769
8944;57 jaar;Mannen;2019;101330;22377;15451;6926;5245;1681;11201;11176
8945;57 jaar;Mannen;2020;100828;23602;16496;7106;5442;1664;12333;11269
8946;57 jaar;Mannen;2021;102591;24367;16967;7400;5612;1788;12824;11543
8947;57 jaar;Mannen;2022;102684;25766;18027;7739;6010;1729;13823;11943
8948;57 jaar;Mannen;2023;100440;25893;18261;7632;5994;1638;13968;11925
8949;57 jaar;Mannen;2024;97956;26054;18412;7642;6030;1612;14247;11807
8950;57 jaar;Mannen;2025;97767;25496;17809;7687;6088;1599;13690;11806
8951;57 jaar;Mannen;2026;96936;26781;18893;7888;6238;1650;14781;12000
8952;57 jaar;Mannen;2027;101258;27829;19399;8430;6592;1838;15419;12410
8953;57 jaar;Mannen;2028;97683;27959;19666;8293;6303;1990;15867;12092
8954;57 jaar;Mannen;2029;93244;27643;19499;8144;5987;2157;15891;11752
8955;57 jaar;Mannen;2030;87571;27445;19389;8056;5773;2283;15974;11471
8956;57 jaar;Mannen;2031;80469;26565;19111;7454;5073;2381;15767;10798
8957;57 jaar;Mannen;2032;76891;26862;19192;7670;4995;2675;16218;10644
8958;57 jaar;Mannen;2033;73200;26786;18734;8052;4978;3074;16170;10616
8959;57 jaar;Mannen;2034;72693;27149;18481;8668;5040;3628;16433;10716
8960;57 jaar;Mannen;2035;70571;27795;18733;9062;5023;4039;17230;10565
8961;57 jaar;Mannen;2036;70769;28663;18787;9876;5253;4623;17872;10791
8962;57 jaar;Mannen;2037;69746;29483;18849;10634;5367;5267;18634;10849
8963;57 jaar;Mannen;2038;71562;30674;18801;11873;5720;6153;19561;11113
8964;57 jaar;Mannen;2039;69561;31436;19007;12429;5734;6695;20400;11036
8965;57 jaar;Mannen;2040;67703;31357;19183;12174;5552;6622;20618;10739
8966;57 jaar;Mannen;2041;66973;31383;19193;12190;5496;6694;20809;10574
8967;57 jaar;Mannen;2042;68618;31856;19277;12579;5715;6864;21207;10649
8968;57 jaar;Mannen;2043;69709;32041;19296;12745;5806;6939;21441;10600
8969;57 jaar;Mannen;2044;71460;32579;19293;13286;6046;7240;21896;10683
8970;57 jaar;Mannen;2045;72556;33003;19298;13705;6022;7683;22364;10639
8971;57 jaar;Mannen;2046;71377;33820;19299;14521;6103;8418;23265;10555
8972;57 jaar;Mannen;2047;71554;34398;19345;15053;6221;8832;23813;10585
8973;57 jaar;Mannen;2048;74708;35263;19309;15954;6630;9324;24597;10666
8974;57 jaar;Mannen;2049;74182;35698;19246;16452;6823;9629;24934;10764
8975;57 jaar;Mannen;2050;73135;36176;19319;16857;6784;10073;25581;10595
8976;57 jaar;Vrouwen;2000;69671;12398;7616;4782;4451;331;3509;8889
8977;57 jaar;Vrouwen;2001;77159;11390;6491;4899;4566;333;3244;8146
8978;57 jaar;Vrouwen;2002;81057;12198;7219;4979;4645;334;3697;8501
8979;57 jaar;Vrouwen;2003;76371;12561;7886;4675;4359;316;4185;8376
8980;57 jaar;Vrouwen;2004;107142;15470;8552;6918;6433;485;4162;11308
8981;57 jaar;Vrouwen;2005;102439;16745;10209;6536;6027;509;4569;12176
8982;57 jaar;Vrouwen;2006;95531;16917;10993;5924;5445;479;5213;11704
8983;57 jaar;Vrouwen;2007;91883;16893;11344;5549;5084;465;5364;11529
8984;57 jaar;Vrouwen;2008;89403;17699;12088;5611;5047;564;6278;11421
8985;57 jaar;Vrouwen;2009;89068;16996;10925;6071;5071;1000;5873;11123
8986;57 jaar;Vrouwen;2010;91571;17903;11830;6073;4898;1175;6693;11210
8987;57 jaar;Vrouwen;2011;91121;17811;12096;5715;4582;1133;7016;10795
8988;57 jaar;Vrouwen;2012;91385;18506;12727;5779;4610;1169;7701;10805
8989;57 jaar;Vrouwen;2013;92807;18763;12895;5868;4583;1285;7976;10787
8990;57 jaar;Vrouwen;2014;93752;19146;13286;5860;4545;1315;8422;10724
8991;57 jaar;Vrouwen;2015;95008;19544;13398;6146;4646;1500;8602;10942
8992;57 jaar;Vrouwen;2016;96159;20095;13797;6298;4666;1632;9282;10813
8993;57 jaar;Vrouwen;2017;98280;20688;14066;6622;4989;1633;9556;11132
8994;57 jaar;Vrouwen;2018;97007;21974;15488;6486;4855;1631;11019;10955
8995;57 jaar;Vrouwen;2019;100609;21479;14804;6675;5132;1543;10243;11236
8996;57 jaar;Vrouwen;2020;99656;23003;15916;7087;5422;1665;11514;11489
8997;57 jaar;Vrouwen;2021;100758;23314;16116;7198;5576;1622;11676;11638
8998;57 jaar;Vrouwen;2022;101027;24535;17042;7493;5774;1719;12513;12022
8999;57 jaar;Vrouwen;2023;98376;24637;17101;7536;5891;1645;12648;11989
9000;57 jaar;Vrouwen;2024;96459;24845;17298;7547;5983;1564;12985;11860
9001;57 jaar;Vrouwen;2025;95967;24758;17125;7633;6025;1608;12689;12069
9002;57 jaar;Vrouwen;2026;95812;26080;18359;7721;6035;1686;14060;12020
9003;57 jaar;Vrouwen;2027;99645;27305;19061;8244;6523;1721;14790;12515
9004;57 jaar;Vrouwen;2028;96601;27603;19678;7925;6020;1905;15514;12089
9005;57 jaar;Vrouwen;2029;91812;27648;19811;7837;5807;2030;15807;11841
9006;57 jaar;Vrouwen;2030;87053;27820;20031;7789;5527;2262;16225;11595
9007;57 jaar;Vrouwen;2031;79416;27277;19951;7326;5010;2316;16140;11137
9008;57 jaar;Vrouwen;2032;75506;27472;19998;7474;4974;2500;16420;11052
9009;57 jaar;Vrouwen;2033;72114;27232;19457;7775;4775;3000;16356;10876
9010;57 jaar;Vrouwen;2034;70998;27356;19104;8252;4796;3456;16411;10945
9011;57 jaar;Vrouwen;2035;69307;28566;19730;8836;4844;3992;17603;10963
9012;57 jaar;Vrouwen;2036;69658;29316;19652;9664;5108;4556;18152;11164
9013;57 jaar;Vrouwen;2037;69173;29816;19661;10155;5130;5025;18689;11127
9014;57 jaar;Vrouwen;2038;70532;31006;19476;11530;5515;6015;19603;11403
9015;57 jaar;Vrouwen;2039;69282;31331;19372;11959;5485;6474;20126;11205
9016;57 jaar;Vrouwen;2040;66756;31218;19536;11682;5379;6303;20228;10990
9017;57 jaar;Vrouwen;2041;66068;31543;19628;11915;5327;6588;20635;10908
9018;57 jaar;Vrouwen;2042;67525;31859;19763;12096;5517;6579;21012;10847
9019;57 jaar;Vrouwen;2043;69203;32103;19806;12297;5441;6856;21271;10832
9020;57 jaar;Vrouwen;2044;71446;32626;19675;12951;5833;7118;21678;10948
9021;57 jaar;Vrouwen;2045;71187;33063;19682;13381;5818;7563;22271;10792
9022;57 jaar;Vrouwen;2046;70567;33846;19689;14157;6074;8083;22854;10992
9023;57 jaar;Vrouwen;2047;71440;34123;19665;14458;6005;8453;23377;10746
9024;57 jaar;Vrouwen;2048;73294;35259;19607;15652;6463;9189;24346;10913
9025;57 jaar;Vrouwen;2049;73629;35420;19592;15828;6573;9255;24505;10915
9026;57 jaar;Vrouwen;2050;72171;35784;19576;16208;6696;9512;24862;10922
9027;58 jaar;Totaal mannen en vrouwen;2000;134103;24439;14869;9570;8844;726;6619;17820
9028;58 jaar;Totaal mannen en vrouwen;2001;139886;25843;16187;9656;8989;667;7836;18007
9029;58 jaar;Totaal mannen en vrouwen;2002;154748;24090;14136;9954;9262;692;7280;16810
9030;58 jaar;Totaal mannen en vrouwen;2003;162516;25172;15209;9963;9322;641;8024;17148
9031;58 jaar;Totaal mannen en vrouwen;2004;153001;26039;16419;9620;8989;631;8815;17224
9032;58 jaar;Totaal mannen en vrouwen;2005;215750;31752;17845;13907;12920;987;9036;22716
9033;58 jaar;Totaal mannen en vrouwen;2006;205112;34075;20719;13356;12270;1086;9484;24591
9034;58 jaar;Totaal mannen en vrouwen;2007;192147;34234;22155;12079;11080;999;10572;23662
9035;58 jaar;Totaal mannen en vrouwen;2008;184937;33742;22475;11267;10285;982;10673;23069
9036;58 jaar;Totaal mannen en vrouwen;2009;179855;35100;23782;11318;10181;1137;12451;22649
9037;58 jaar;Totaal mannen en vrouwen;2010;179415;33658;21396;12262;10251;2011;11611;22047
9038;58 jaar;Totaal mannen en vrouwen;2011;184211;35222;22827;12395;9980;2415;13162;22060
9039;58 jaar;Totaal mannen en vrouwen;2012;183024;35041;23361;11680;9281;2399;13735;21306
9040;58 jaar;Totaal mannen en vrouwen;2013;184035;36002;24417;11585;9165;2420;14849;21153
9041;58 jaar;Totaal mannen en vrouwen;2014;185401;36737;24959;11778;9197;2581;15662;21075
9042;58 jaar;Totaal mannen en vrouwen;2015;188243;37923;26165;11758;9082;2676;16995;20928
9043;58 jaar;Totaal mannen en vrouwen;2016;190504;38421;26182;12239;9355;2884;17140;21281
9044;58 jaar;Totaal mannen en vrouwen;2017;192481;39897;27176;12721;9515;3206;18609;21288
9045;58 jaar;Totaal mannen en vrouwen;2018;196493;41178;28127;13051;9795;3256;19525;21653
9046;58 jaar;Totaal mannen en vrouwen;2019;194349;43941;31060;12881;9668;3213;22389;21552
9047;58 jaar;Totaal mannen en vrouwen;2020;200754;43477;29950;13527;10322;3205;21243;22234
9048;58 jaar;Totaal mannen en vrouwen;2021;199315;46196;32077;14119;10809;3310;23618;22578
9049;58 jaar;Totaal mannen en vrouwen;2022;202169;47253;32735;14518;11126;3392;24261;22992
9050;58 jaar;Totaal mannen en vrouwen;2023;202536;49839;34690;15149;11719;3430;26073;23766
9051;58 jaar;Totaal mannen en vrouwen;2024;197676;50070;34982;15088;11825;3263;26355;23715
9052;58 jaar;Totaal mannen en vrouwen;2025;193309;50439;35328;15111;11952;3159;26966;23473
9053;58 jaar;Totaal mannen en vrouwen;2026;192636;49799;34556;15243;12053;3190;26129;23670
9054;58 jaar;Totaal mannen en vrouwen;2027;191661;52375;36843;15532;12215;3317;28561;23814
9055;58 jaar;Totaal mannen en vrouwen;2028;199773;54623;38034;16589;13051;3538;29912;24711
9056;58 jaar;Totaal mannen en vrouwen;2029;193206;55041;38906;16135;12260;3875;31072;23969
9057;58 jaar;Totaal mannen en vrouwen;2030;184037;54777;38876;15901;11737;4164;31394;23383
9058;58 jaar;Totaal mannen en vrouwen;2031;173673;54750;38982;15768;11247;4521;31893;22857
9059;58 jaar;Totaal mannen en vrouwen;2032;159029;53338;38631;14707;10031;4676;31608;21730
9060;58 jaar;Totaal mannen en vrouwen;2033;151592;53825;38753;15072;9923;5149;32337;21488
9061;58 jaar;Totaal mannen en vrouwen;2034;144555;53519;37768;15751;9708;6043;32233;21286
9062;58 jaar;Totaal mannen en vrouwen;2035;142943;54009;37170;16839;9790;7049;32558;21451
9063;58 jaar;Totaal mannen en vrouwen;2036;139159;55844;38034;17810;9814;7996;34530;21314
9064;58 jaar;Totaal mannen en vrouwen;2037;139706;57456;38012;19444;10310;9134;35718;21738
9065;58 jaar;Totaal mannen en vrouwen;2038;138205;58772;38080;20692;10450;10242;37012;21760
9066;58 jaar;Totaal mannen en vrouwen;2039;141354;61148;37853;23295;11185;12110;38849;22299
9067;58 jaar;Totaal mannen en vrouwen;2040;138133;62224;37949;24275;11169;13106;40202;22022
9068;58 jaar;Totaal mannen en vrouwen;2041;133779;62034;38287;23747;10882;12865;40521;21513
9069;58 jaar;Totaal mannen en vrouwen;2042;132371;62382;38388;23994;10774;13220;41118;21264
9070;58 jaar;Totaal mannen en vrouwen;2043;135451;63166;38603;24563;11183;13380;41887;21279
9071;58 jaar;Totaal mannen en vrouwen;2044;138216;63593;38666;24927;11197;13730;42377;21216
9072;58 jaar;Totaal mannen en vrouwen;2045;142188;64654;38536;26118;11828;14290;43239;21415
9073;58 jaar;Totaal mannen en vrouwen;2046;143020;65511;38546;26965;11788;15177;44295;21216
9074;58 jaar;Totaal mannen en vrouwen;2047;141239;67105;38557;28548;12121;16427;45775;21330
9075;58 jaar;Totaal mannen en vrouwen;2048;142284;67954;38578;29376;12167;17209;46838;21116
9076;58 jaar;Totaal mannen en vrouwen;2049;147262;69949;38484;31465;13034;18431;48586;21363
9077;58 jaar;Totaal mannen en vrouwen;2050;147074;70544;38408;32136;13335;18801;49079;21465
9078;58 jaar;Mannen;2000;67473;12890;8056;4834;4439;395;3794;9096
9079;58 jaar;Mannen;2001;70568;13486;8589;4897;4560;337;4309;9177
9080;58 jaar;Mannen;2002;77977;12733;7654;5079;4719;360;4017;8716
9081;58 jaar;Mannen;2003;81867;13019;8014;5005;4696;309;4313;8706
9082;58 jaar;Mannen;2004;77005;13541;8572;4969;4653;316;4627;8914
9083;58 jaar;Mannen;2005;109152;16359;9338;7021;6516;505;4870;11489
9084;58 jaar;Mannen;2006;103185;17426;10575;6851;6270;581;4918;12508
9085;58 jaar;Mannen;2007;97090;17416;11234;6182;5660;522;5372;12044
9086;58 jaar;Mannen;2008;93503;16951;11205;5746;5227;519;5325;11626
9087;58 jaar;Mannen;2009;90888;17512;11781;5731;5156;575;6199;11313
9088;58 jaar;Mannen;2010;90780;16767;10550;6217;5201;1016;5759;11008
9089;58 jaar;Mannen;2011;93085;17439;11089;6350;5104;1246;6502;10937
9090;58 jaar;Mannen;2012;92343;17353;11360;5993;4721;1272;6757;10596
9091;58 jaar;Mannen;2013;93092;17629;11795;5834;4579;1255;7194;10435
9092;58 jaar;Mannen;2014;93047;18108;12174;5934;4633;1301;7734;10374
9093;58 jaar;Mannen;2015;94943;18923;13000;5923;4555;1368;8629;10294
9094;58 jaar;Mannen;2016;95956;19026;12905;6121;4729;1392;8597;10429
9095;58 jaar;Mannen;2017;96787;19960;13508;6452;4870;1582;9396;10564
9096;58 jaar;Mannen;2018;98687;20652;14197;6455;4824;1631;10038;10614
9097;58 jaar;Mannen;2019;97805;22150;15724;6426;4832;1594;11458;10692
9098;58 jaar;Mannen;2020;100627;22175;15294;6881;5210;1671;11081;11094
9099;58 jaar;Mannen;2021;100134;23384;16323;7061;5407;1654;12198;11186
9100;58 jaar;Mannen;2022;101891;24136;16783;7353;5576;1777;12682;11454
9101;58 jaar;Mannen;2023;101986;25521;17829;7692;5974;1718;13669;11852
9102;58 jaar;Mannen;2024;99767;25643;18059;7584;5956;1628;13811;11832
9103;58 jaar;Mannen;2025;97307;25804;18210;7594;5991;1603;14089;11715
9104;58 jaar;Mannen;2026;97118;25259;17617;7642;6053;1589;13544;11715
9105;58 jaar;Mannen;2027;96299;26523;18682;7841;6201;1640;14620;11903
9106;58 jaar;Mannen;2028;100591;27563;19181;8382;6558;1824;15253;12310
9107;58 jaar;Mannen;2029;97052;27687;19445;8242;6264;1978;15691;11996
9108;58 jaar;Mannen;2030;92647;27380;19283;8097;5953;2144;15722;11658
9109;58 jaar;Mannen;2031;87021;27180;19172;8008;5738;2270;15805;11375
9110;58 jaar;Mannen;2032;79969;26312;18900;7412;5045;2367;15606;10706
9111;58 jaar;Mannen;2033;76425;26604;18978;7626;4967;2659;16051;10553
9112;58 jaar;Mannen;2034;72758;26536;18528;8008;4949;3059;16009;10527
9113;58 jaar;Mannen;2035;72259;26898;18278;8620;5014;3606;16275;10623
9114;58 jaar;Mannen;2036;70154;27536;18527;9009;4991;4018;17065;10471
9115;58 jaar;Mannen;2037;70351;28401;18581;9820;5222;4598;17705;10696
9116;58 jaar;Mannen;2038;69334;29218;18643;10575;5339;5236;18465;10753
9117;58 jaar;Mannen;2039;71137;30404;18594;11810;5689;6121;19387;11017
9118;58 jaar;Mannen;2040;69153;31161;18798;12363;5704;6659;20221;10940
9119;58 jaar;Mannen;2041;67313;31082;18972;12110;5523;6587;20437;10645
9120;58 jaar;Mannen;2042;66587;31108;18979;12129;5469;6660;20628;10480
9121;58 jaar;Mannen;2043;68224;31574;19062;12512;5684;6828;21020;10554
9122;58 jaar;Mannen;2044;69311;31760;19082;12678;5776;6902;21254;10506
9123;58 jaar;Mannen;2045;71050;32300;19083;13217;6015;7202;21711;10589
9124;58 jaar;Mannen;2046;72143;32717;19083;13634;5990;7644;22172;10545
9125;58 jaar;Mannen;2047;70973;33532;19088;14444;6070;8374;23072;10460
9126;58 jaar;Mannen;2048;71151;34108;19132;14976;6190;8786;23618;10490
9127;58 jaar;Mannen;2049;74279;34971;19098;15873;6596;9277;24398;10573
9128;58 jaar;Mannen;2050;73762;35403;19036;16367;6786;9581;24732;10671
9129;58 jaar;Vrouwen;2000;66630;11549;6813;4736;4405;331;2825;8724
9130;58 jaar;Vrouwen;2001;69318;12356;7598;4758;4428;330;3527;8829
9131;58 jaar;Vrouwen;2002;76773;11355;6480;4875;4544;331;3262;8093
9132;58 jaar;Vrouwen;2003;80653;12149;7195;4954;4623;331;3709;8440
9133;58 jaar;Vrouwen;2004;75995;12499;7848;4651;4336;315;4188;8311
9134;58 jaar;Vrouwen;2005;106596;15395;8508;6887;6405;482;4167;11228
9135;58 jaar;Vrouwen;2006;101926;16650;10144;6506;6001;505;4567;12083
9136;58 jaar;Vrouwen;2007;95061;16815;10920;5895;5419;476;5201;11614
9137;58 jaar;Vrouwen;2008;91433;16792;11269;5523;5060;463;5350;11442
9138;58 jaar;Vrouwen;2009;88971;17584;11999;5585;5024;561;6250;11334
9139;58 jaar;Vrouwen;2010;88635;16890;10847;6043;5048;995;5849;11041
9140;58 jaar;Vrouwen;2011;91124;17785;11739;6046;4877;1169;6661;11124
9141;58 jaar;Vrouwen;2012;90680;17689;12001;5688;4560;1128;6978;10711
9142;58 jaar;Vrouwen;2013;90942;18374;12621;5753;4590;1163;7656;10718
9143;58 jaar;Vrouwen;2014;92355;18628;12786;5842;4563;1279;7927;10701
9144;58 jaar;Vrouwen;2015;93299;19000;13166;5834;4525;1309;8366;10634
9145;58 jaar;Vrouwen;2016;94546;19397;13279;6118;4625;1493;8544;10853
9146;58 jaar;Vrouwen;2017;95691;19940;13670;6270;4646;1624;9217;10723
9147;58 jaar;Vrouwen;2018;97810;20522;13928;6594;4968;1626;9484;11038
9148;58 jaar;Vrouwen;2019;96544;21792;15336;6456;4834;1622;10932;10860
9149;58 jaar;Vrouwen;2020;100126;21303;14658;6645;5110;1535;10164;11139
9150;58 jaar;Vrouwen;2021;99183;22811;15755;7056;5399;1657;11420;11391
9151;58 jaar;Vrouwen;2022;100277;23118;15950;7168;5553;1615;11580;11538
9152;58 jaar;Vrouwen;2023;100547;24321;16862;7459;5748;1711;12404;11917
9153;58 jaar;Vrouwen;2024;97913;24423;16920;7503;5866;1637;12542;11881
9154;58 jaar;Vrouwen;2025;96005;24632;17116;7516;5959;1557;12877;11755
9155;58 jaar;Vrouwen;2026;95515;24543;16941;7602;6001;1601;12584;11959
9156;58 jaar;Vrouwen;2027;95362;25852;18162;7690;6009;1681;13942;11910
9157;58 jaar;Vrouwen;2028;99179;27063;18855;8208;6495;1713;14663;12400
9158;58 jaar;Vrouwen;2029;96155;27353;19462;7891;5994;1897;15380;11973
9159;58 jaar;Vrouwen;2030;91386;27401;19595;7806;5787;2019;15675;11726
9160;58 jaar;Vrouwen;2031;86654;27567;19811;7756;5504;2252;16087;11480
9161;58 jaar;Vrouwen;2032;79056;27029;19733;7296;4988;2308;16004;11025
9162;58 jaar;Vrouwen;2033;75168;27220;19776;7444;4952;2492;16284;10936
9163;58 jaar;Vrouwen;2034;71796;26984;19240;7744;4760;2984;16225;10759
9164;58 jaar;Vrouwen;2035;70682;27112;18893;8219;4776;3443;16284;10828
9165;58 jaar;Vrouwen;2036;69006;28307;19510;8797;4820;3977;17464;10843
9166;58 jaar;Vrouwen;2037;69352;29058;19432;9626;5089;4537;18015;11043
9167;58 jaar;Vrouwen;2038;68871;29553;19439;10114;5107;5007;18548;11005
9168;58 jaar;Vrouwen;2039;70221;30741;19259;11482;5490;5992;19460;11281
9169;58 jaar;Vrouwen;2040;68979;31064;19154;11910;5462;6448;19981;11083
9170;58 jaar;Vrouwen;2041;66467;30951;19314;11637;5356;6281;20084;10867
9171;58 jaar;Vrouwen;2042;65783;31274;19406;11868;5304;6564;20489;10785
9172;58 jaar;Vrouwen;2043;67229;31590;19540;12050;5496;6554;20864;10726
9173;58 jaar;Vrouwen;2044;68905;31832;19583;12249;5421;6828;21122;10710
9174;58 jaar;Vrouwen;2045;71138;32354;19452;12902;5811;7091;21528;10826
9175;58 jaar;Vrouwen;2046;70879;32791;19462;13329;5795;7534;22119;10672
9176;58 jaar;Vrouwen;2047;70267;33572;19469;14103;6050;8053;22703;10869
9177;58 jaar;Vrouwen;2048;71134;33846;19445;14401;5979;8422;23220;10626
9178;58 jaar;Vrouwen;2049;72984;34977;19385;15592;6438;9154;24186;10791
9179;58 jaar;Vrouwen;2050;73313;35140;19372;15768;6548;9220;24346;10794
9180;59 jaar;Totaal mannen en vrouwen;2000;135495;26525;16349;10176;9408;768;7959;18566
9181;59 jaar;Totaal mannen en vrouwen;2001;133101;24313;14813;9500;8779;721;6629;17684
9182;59 jaar;Totaal mannen en vrouwen;2002;138851;25688;16104;9584;8922;662;7822;17866
9183;59 jaar;Totaal mannen en vrouwen;2003;153610;23953;14072;9881;9195;686;7275;16678
9184;59 jaar;Totaal mannen en vrouwen;2004;161332;25013;15122;9891;9255;636;8006;17007
9185;59 jaar;Totaal mannen en vrouwen;2005;151910;25868;16314;9554;8927;627;8787;17081
9186;59 jaar;Totaal mannen en vrouwen;2006;214186;31531;17719;13812;12831;981;8999;22532
9187;59 jaar;Totaal mannen en vrouwen;2007;203645;33827;20561;13266;12187;1079;9443;24384
9188;59 jaar;Totaal mannen en vrouwen;2008;190797;33973;21976;11997;11004;993;10510;23463
9189;59 jaar;Totaal mannen en vrouwen;2009;183650;33493;22298;11195;10219;976;10613;22880
9190;59 jaar;Totaal mannen en vrouwen;2010;178624;34825;23582;11243;10113;1130;12361;22464
9191;59 jaar;Totaal mannen en vrouwen;2011;178194;33407;21224;12183;10184;1999;11531;21876
9192;59 jaar;Totaal mannen en vrouwen;2012;182966;34945;22630;12315;9917;2398;13062;21883
9193;59 jaar;Totaal mannen en vrouwen;2013;181790;34761;23155;11606;9223;2383;13626;21135
9194;59 jaar;Totaal mannen en vrouwen;2014;182798;35712;24197;11515;9110;2405;14730;20982
9195;59 jaar;Totaal mannen en vrouwen;2015;184176;36428;24725;11703;9138;2565;15526;20902
9196;59 jaar;Totaal mannen en vrouwen;2016;186994;37600;25915;11685;9026;2659;16844;20756
9197;59 jaar;Totaal mannen en vrouwen;2017;189250;38090;25926;12164;9297;2867;16986;21104
9198;59 jaar;Totaal mannen en vrouwen;2018;191226;39544;26901;12643;9457;3186;18435;21109
9199;59 jaar;Totaal mannen en vrouwen;2019;195217;40810;27836;12974;9737;3237;19339;21471
9200;59 jaar;Totaal mannen en vrouwen;2020;193091;43533;30727;12806;9611;3195;22165;21368
9201;59 jaar;Totaal mannen en vrouwen;2021;199461;43080;29633;13447;10259;3188;21039;22041
9202;59 jaar;Totaal mannen en vrouwen;2022;198042;45765;31729;14036;10745;3291;23380;22385
9203;59 jaar;Totaal mannen en vrouwen;2023;200884;46808;32374;14434;11063;3371;24018;22790
9204;59 jaar;Totaal mannen en vrouwen;2024;201251;49363;34299;15064;11653;3411;25807;23556
9205;59 jaar;Totaal mannen en vrouwen;2025;196438;49589;34586;15003;11757;3246;26086;23503
9206;59 jaar;Totaal mannen en vrouwen;2026;192107;49954;34929;15025;11886;3139;26693;23261
9207;59 jaar;Totaal mannen en vrouwen;2027;191442;49325;34167;15158;11986;3172;25870;23455
9208;59 jaar;Totaal mannen en vrouwen;2028;190480;51868;36425;15443;12145;3298;28271;23597
9209;59 jaar;Totaal mannen en vrouwen;2029;198542;54098;37600;16498;12980;3518;29611;24487
9210;59 jaar;Totaal mannen en vrouwen;2030;192027;54503;38458;16045;12193;3852;30758;23745
9211;59 jaar;Totaal mannen en vrouwen;2031;182923;54244;38429;15815;11674;4141;31083;23161
9212;59 jaar;Totaal mannen en vrouwen;2032;172637;54217;38538;15679;11183;4496;31581;22636
9213;59 jaar;Totaal mannen en vrouwen;2033;158095;52816;38189;14627;9976;4651;31302;21514
9214;59 jaar;Totaal mannen en vrouwen;2034;150707;53300;38311;14989;9865;5124;32027;21273
9215;59 jaar;Totaal mannen en vrouwen;2035;143720;53003;37337;15666;9654;6012;31935;21068
9216;59 jaar;Totaal mannen en vrouwen;2036;142118;53498;36747;16751;9741;7010;32265;21233
9217;59 jaar;Totaal mannen en vrouwen;2037;138365;55317;37601;17716;9765;7951;34223;21094
9218;59 jaar;Totaal mannen en vrouwen;2038;138912;56921;37577;19344;10257;9087;35405;21516
9219;59 jaar;Totaal mannen en vrouwen;2039;137424;58226;37644;20582;10394;10188;36692;21534
9220;59 jaar;Totaal mannen en vrouwen;2040;140554;60591;37419;23172;11123;12049;38520;22071
9221;59 jaar;Totaal mannen en vrouwen;2041;137354;61664;37514;24150;11112;13038;39869;21795
9222;59 jaar;Totaal mannen en vrouwen;2042;133033;61472;37848;23624;10823;12801;40186;21286
9223;59 jaar;Totaal mannen en vrouwen;2043;131638;61820;37949;23871;10719;13152;40779;21041
9224;59 jaar;Totaal mannen en vrouwen;2044;134703;62599;38161;24438;11126;13312;41544;21055
9225;59 jaar;Totaal mannen en vrouwen;2045;137453;63026;38224;24802;11140;13662;42034;20992
9226;59 jaar;Totaal mannen en vrouwen;2046;141399;64083;38096;25987;11767;14220;42891;21192
9227;59 jaar;Totaal mannen en vrouwen;2047;142228;64937;38107;26830;11730;15100;43944;20993
9228;59 jaar;Totaal mannen en vrouwen;2048;140463;66524;38117;28407;12060;16347;45416;21108
9229;59 jaar;Totaal mannen en vrouwen;2049;141501;67372;38139;29233;12108;17125;46477;20895
9230;59 jaar;Totaal mannen en vrouwen;2050;146449;69358;38047;31311;12973;18338;48215;21143
9231;59 jaar;Mannen;2000;67322;14177;9081;5096;4732;364;4664;9513
9232;59 jaar;Mannen;2001;66844;12809;8019;4790;4398;392;3784;9025
9233;59 jaar;Mannen;2002;69918;13386;8535;4851;4516;335;4285;9101
9234;59 jaar;Mannen;2003;77262;12645;7610;5035;4677;358;4002;8643
9235;59 jaar;Mannen;2004;81126;12929;7966;4963;4656;307;4293;8636
9236;59 jaar;Mannen;2005;76331;13438;8510;4928;4614;314;4599;8839
9237;59 jaar;Mannen;2006;108181;16231;9268;6963;6463;500;4838;11393
9238;59 jaar;Mannen;2007;102285;17285;10491;6794;6219;575;4885;12400
9239;59 jaar;Mannen;2008;96256;17272;11139;6133;5614;519;5329;11943
9240;59 jaar;Mannen;2009;92715;16814;11116;5698;5183;515;5284;11530
9241;59 jaar;Mannen;2010;90132;17367;11680;5687;5115;572;6143;11224
9242;59 jaar;Mannen;2011;90034;16636;10466;6170;5161;1009;5711;10925
9243;59 jaar;Mannen;2012;92327;17295;10994;6301;5066;1235;6441;10854
9244;59 jaar;Mannen;2013;91599;17205;11258;5947;4685;1262;6690;10515
9245;59 jaar;Mannen;2014;92344;17481;11691;5790;4544;1246;7125;10356
9246;59 jaar;Mannen;2015;92312;17951;12061;5890;4599;1291;7655;10296
9247;59 jaar;Mannen;2016;94194;18755;12876;5879;4521;1358;8539;10216
9248;59 jaar;Mannen;2017;95207;18854;12778;6076;4694;1382;8507;10347
9249;59 jaar;Mannen;2018;96040;19775;13370;6405;4835;1570;9294;10481
9250;59 jaar;Mannen;2019;97924;20464;14053;6411;4791;1620;9932;10532
9251;59 jaar;Mannen;2020;97059;21933;15554;6379;4796;1583;11328;10605
9252;59 jaar;Mannen;2021;99863;21963;15130;6833;5175;1658;10959;11004
9253;59 jaar;Mannen;2022;99382;23155;16142;7013;5372;1641;12058;11097
9254;59 jaar;Mannen;2023;101132;23898;16596;7302;5538;1764;12537;11361
9255;59 jaar;Mannen;2024;101232;25263;17624;7639;5932;1707;13511;11752
9256;59 jaar;Mannen;2025;99036;25385;17852;7533;5915;1618;13653;11732
9257;59 jaar;Mannen;2026;96598;25547;18002;7545;5953;1592;13929;11618
9258;59 jaar;Mannen;2027;96419;25008;17416;7592;6013;1579;13393;11615
9259;59 jaar;Mannen;2028;95609;26256;18467;7789;6160;1629;14453;11803
9260;59 jaar;Mannen;2029;99875;27285;18959;8326;6513;1813;15079;12206
9261;59 jaar;Mannen;2030;96365;27409;19218;8191;6226;1965;15517;11892
9262;59 jaar;Mannen;2031;92002;27104;19059;8045;5913;2132;15548;11556
9263;59 jaar;Mannen;2032;86417;26912;18952;7960;5705;2255;15635;11277
9264;59 jaar;Mannen;2033;79429;26048;18683;7365;5015;2350;15437;10611
9265;59 jaar;Mannen;2034;75917;26337;18759;7578;4934;2644;15881;10456
9266;59 jaar;Mannen;2035;72277;26275;18317;7958;4919;3039;15845;10430
9267;59 jaar;Mannen;2036;71783;26640;18073;8567;4982;3585;16114;10526
9268;59 jaar;Mannen;2037;69696;27273;18317;8956;4962;3994;16899;10374
9269;59 jaar;Mannen;2038;69896;28133;18370;9763;5192;4571;17535;10598
9270;59 jaar;Mannen;2039;68887;28943;18429;10514;5308;5206;18288;10655
9271;59 jaar;Mannen;2040;70675;30124;18384;11740;5656;6084;19208;10916
9272;59 jaar;Mannen;2041;68710;30872;18583;12289;5670;6619;20033;10839
9273;59 jaar;Mannen;2042;66884;30797;18758;12039;5491;6548;20250;10547
9274;59 jaar;Mannen;2043;66169;30820;18765;12055;5437;6618;20439;10381
9275;59 jaar;Mannen;2044;67794;31288;18847;12441;5654;6787;20832;10456
9276;59 jaar;Mannen;2045;68874;31473;18867;12606;5744;6862;21066;10407
9277;59 jaar;Mannen;2046;70602;32007;18867;13140;5979;7161;21518;10489
9278;59 jaar;Mannen;2047;71685;32427;18871;13556;5957;7599;21980;10447
9279;59 jaar;Mannen;2048;70530;33237;18873;14364;6036;8328;22873;10364
9280;59 jaar;Mannen;2049;70708;33808;18917;14891;6154;8737;23416;10392
9281;59 jaar;Mannen;2050;73815;34667;18884;15783;6559;9224;24195;10472
9282;59 jaar;Vrouwen;2000;68173;12348;7268;5080;4676;404;3295;9053
9283;59 jaar;Vrouwen;2001;66255;11506;6796;4710;4381;329;2845;8661
9284;59 jaar;Vrouwen;2002;68935;12300;7566;4734;4406;328;3534;8766
9285;59 jaar;Vrouwen;2003;76345;11311;6461;4850;4521;329;3275;8036
9286;59 jaar;Vrouwen;2004;80206;12084;7157;4927;4597;330;3713;8371
9287;59 jaar;Vrouwen;2005;75579;12430;7804;4626;4313;313;4186;8244
9288;59 jaar;Vrouwen;2006;105999;15305;8454;6851;6372;479;4166;11139
9289;59 jaar;Vrouwen;2007;101358;16544;10070;6474;5971;503;4559;11985
9290;59 jaar;Vrouwen;2008;94540;16702;10837;5865;5390;475;5182;11520
9291;59 jaar;Vrouwen;2009;90938;16676;11180;5496;5036;460;5327;11349
9292;59 jaar;Vrouwen;2010;88493;17456;11901;5555;4996;559;6217;11239
9293;59 jaar;Vrouwen;2011;88161;16770;10759;6011;5020;991;5820;10950
9294;59 jaar;Vrouwen;2012;90640;17650;11635;6015;4851;1164;6621;11029
9295;59 jaar;Vrouwen;2013;90192;17555;11895;5660;4538;1122;6934;10621
9296;59 jaar;Vrouwen;2014;90457;18228;12504;5724;4567;1157;7603;10625
9297;59 jaar;Vrouwen;2015;91862;18479;12666;5813;4540;1273;7872;10607
9298;59 jaar;Vrouwen;2016;92799;18846;13041;5805;4502;1303;8305;10541
9299;59 jaar;Vrouwen;2017;94043;19236;13148;6088;4602;1486;8479;10757
9300;59 jaar;Vrouwen;2018;95183;19773;13532;6241;4627;1614;9144;10629
9301;59 jaar;Vrouwen;2019;97289;20349;13787;6562;4945;1617;9410;10939
9302;59 jaar;Vrouwen;2020;96031;21600;15174;6426;4811;1615;10839;10761
9303;59 jaar;Vrouwen;2021;99598;21117;14503;6614;5087;1527;10080;11037
9304;59 jaar;Vrouwen;2022;98663;22607;15585;7022;5373;1649;11319;11288
9305;59 jaar;Vrouwen;2023;99754;22908;15776;7132;5525;1607;11478;11430
9306;59 jaar;Vrouwen;2024;100019;24101;16677;7424;5721;1703;12296;11805
9307;59 jaar;Vrouwen;2025;97405;24201;16733;7468;5838;1630;12432;11769
9308;59 jaar;Vrouwen;2026;95510;24406;16927;7479;5930;1549;12762;11644
9309;59 jaar;Vrouwen;2027;95020;24319;16751;7568;5974;1594;12479;11840
9310;59 jaar;Vrouwen;2028;94874;25609;17956;7653;5981;1672;13817;11792
9311;59 jaar;Vrouwen;2029;98667;26813;18643;8170;6465;1705;14531;12282
9312;59 jaar;Vrouwen;2030;95661;27095;19240;7855;5967;1888;15243;11852
9313;59 jaar;Vrouwen;2031;90922;27139;19370;7769;5759;2010;15534;11605
9314;59 jaar;Vrouwen;2032;86220;27305;19584;7721;5479;2242;15946;11359
9315;59 jaar;Vrouwen;2033;78665;26769;19507;7262;4965;2297;15865;10904
9316;59 jaar;Vrouwen;2034;74791;26962;19550;7412;4934;2478;16145;10817
9317;59 jaar;Vrouwen;2035;71442;26729;19020;7709;4737;2972;16090;10639
9318;59 jaar;Vrouwen;2036;70338;26855;18674;8181;4755;3426;16150;10705
9319;59 jaar;Vrouwen;2037;68670;28043;19283;8760;4801;3959;17323;10720
9320;59 jaar;Vrouwen;2038;69016;28788;19208;9580;5064;4516;17870;10918
9321;59 jaar;Vrouwen;2039;68535;29285;19215;10070;5087;4983;18404;10881
9322;59 jaar;Vrouwen;2040;69878;30468;19035;11433;5468;5965;19313;11155
9323;59 jaar;Vrouwen;2041;68644;30792;18931;11861;5442;6419;19835;10957
9324;59 jaar;Vrouwen;2042;66148;30676;19089;11587;5335;6252;19935;10741
9325;59 jaar;Vrouwen;2043;65470;30999;19181;11818;5283;6535;20338;10661
9326;59 jaar;Vrouwen;2044;66905;31315;19315;12000;5477;6523;20714;10601
9327;59 jaar;Vrouwen;2045;68579;31553;19357;12196;5395;6801;20969;10584
9328;59 jaar;Vrouwen;2046;70798;32075;19229;12846;5787;7059;21373;10702
9329;59 jaar;Vrouwen;2047;70542;32511;19238;13273;5772;7501;21964;10547
9330;59 jaar;Vrouwen;2048;69934;33286;19244;14042;6023;8019;22541;10745
9331;59 jaar;Vrouwen;2049;70795;33562;19221;14341;5954;8387;23060;10502
9332;59 jaar;Vrouwen;2050;72638;34687;19161;15526;6411;9115;24021;10666
9333;60 jaar;Totaal mannen en vrouwen;2000;131500;23781;13908;9873;9113;760;6279;17502
9334;60 jaar;Totaal mannen en vrouwen;2001;134353;26329;16236;10093;9331;762;7931;18398
9335;60 jaar;Totaal mannen en vrouwen;2002;132001;24152;14732;9420;8705;715;6623;17529
9336;60 jaar;Totaal mannen en vrouwen;2003;137714;25511;16002;9509;8853;656;7800;17711
9337;60 jaar;Totaal mannen en vrouwen;2004;152370;23788;13985;9803;9122;681;7258;16530
9338;60 jaar;Totaal mannen en vrouwen;2005;160038;24828;15015;9813;9182;631;7977;16851
9339;60 jaar;Totaal mannen en vrouwen;2006;150717;25664;16186;9478;8857;621;8744;16920
9340;60 jaar;Totaal mannen en vrouwen;2007;212468;31284;17575;13709;12735;974;8955;22329
9341;60 jaar;Totaal mannen en vrouwen;2008;202040;33544;20378;13166;12096;1070;9388;24156
9342;60 jaar;Totaal mannen en vrouwen;2009;189312;33686;21776;11910;10926;984;10440;23246
9343;60 jaar;Totaal mannen en vrouwen;2010;182241;33207;22094;11113;10146;967;10538;22669
9344;60 jaar;Totaal mannen en vrouwen;2011;177267;34523;23361;11162;10041;1121;12262;22261
9345;60 jaar;Totaal mannen en vrouwen;2012;176852;33128;21033;12095;10111;1984;11445;21683
9346;60 jaar;Totaal mannen en vrouwen;2013;181592;34641;22413;12228;9847;2381;12954;21687
9347;60 jaar;Totaal mannen en vrouwen;2014;180437;34458;22932;11526;9159;2367;13512;20946
9348;60 jaar;Totaal mannen en vrouwen;2015;181444;35391;23957;11434;9046;2388;14600;20791
9349;60 jaar;Totaal mannen en vrouwen;2016;182820;36102;24477;11625;9077;2548;15385;20717
9350;60 jaar;Totaal mannen en vrouwen;2017;185632;37250;25644;11606;8964;2642;16683;20567
9351;60 jaar;Totaal mannen en vrouwen;2018;187874;37735;25653;12082;9237;2845;16824;20911
9352;60 jaar;Totaal mannen en vrouwen;2019;189840;39171;26610;12561;9397;3164;18254;20917
9353;60 jaar;Totaal mannen en vrouwen;2020;193810;40418;27531;12887;9674;3213;19146;21272
9354;60 jaar;Totaal mannen en vrouwen;2021;191713;43098;30376;12722;9548;3174;21932;21166
9355;60 jaar;Totaal mannen en vrouwen;2022;198045;42655;29296;13359;10193;3166;20823;21832
9356;60 jaar;Totaal mannen en vrouwen;2023;196646;45309;31364;13945;10677;3268;23133;22176
9357;60 jaar;Totaal mannen en vrouwen;2024;199472;46337;31993;14344;10995;3349;23763;22574
9358;60 jaar;Totaal mannen en vrouwen;2025;199848;48860;33894;14966;11576;3390;25530;23330
9359;60 jaar;Totaal mannen en vrouwen;2026;195077;49084;34176;14908;11683;3225;25810;23274
9360;60 jaar;Totaal mannen en vrouwen;2027;190783;49447;34517;14930;11809;3121;26410;23037
9361;60 jaar;Totaal mannen en vrouwen;2028;190132;48827;33763;15064;11912;3152;25602;23225
9362;60 jaar;Totaal mannen en vrouwen;2029;189185;51342;35992;15350;12071;3279;27977;23365
9363;60 jaar;Totaal mannen en vrouwen;2030;197194;53544;37148;16396;12899;3497;29299;24245
9364;60 jaar;Totaal mannen en vrouwen;2031;190736;53943;37996;15947;12119;3828;30435;23508
9365;60 jaar;Totaal mannen en vrouwen;2032;181701;53686;37968;15718;11601;4117;30761;22925
9366;60 jaar;Totaal mannen en vrouwen;2033;171499;53658;38074;15584;11114;4470;31257;22401
9367;60 jaar;Totaal mannen en vrouwen;2034;157064;52273;37733;14540;9918;4622;30986;21287
9368;60 jaar;Totaal mannen en vrouwen;2035;149737;52751;37853;14898;9806;5092;31706;21045
9369;60 jaar;Totaal mannen en vrouwen;2036;142799;52466;36891;15575;9599;5976;31626;20840
9370;60 jaar;Totaal mannen en vrouwen;2037;141215;52961;36310;16651;9681;6970;31960;21001
9371;60 jaar;Totaal mannen en vrouwen;2038;137489;54765;37151;17614;9708;7906;33901;20864
9372;60 jaar;Totaal mannen en vrouwen;2039;138036;56359;37129;19230;10196;9034;35077;21282
9373;60 jaar;Totaal mannen en vrouwen;2040;136564;57657;37195;20462;10333;10129;36359;21298
9374;60 jaar;Totaal mannen en vrouwen;2041;139667;60012;36975;23037;11057;11980;38180;21832
9375;60 jaar;Totaal mannen en vrouwen;2042;136499;61077;37067;24010;11047;12963;39520;21557
9376;60 jaar;Totaal mannen en vrouwen;2043;132208;60886;37396;23490;10764;12726;39835;21051
9377;60 jaar;Totaal mannen en vrouwen;2044;130824;61233;37498;23735;10656;13079;40426;20807
9378;60 jaar;Totaal mannen en vrouwen;2045;133869;62008;37708;24300;11064;13236;41185;20823
9379;60 jaar;Totaal mannen en vrouwen;2046;136605;62436;37772;24664;11080;13584;41676;20760
9380;60 jaar;Totaal mannen en vrouwen;2047;140535;63484;37644;25840;11699;14141;42529;20955
9381;60 jaar;Totaal mannen en vrouwen;2048;141358;64338;37656;26682;11665;15017;43577;20761
9382;60 jaar;Totaal mannen en vrouwen;2049;139606;65917;37668;28249;11992;16257;45042;20875
9383;60 jaar;Totaal mannen en vrouwen;2050;140644;66760;37689;29071;12043;17028;46098;20662
9384;60 jaar;Mannen;2000;65106;12393;7505;4888;4487;401;3646;8747
9385;60 jaar;Mannen;2001;66606;14044;9000;5044;4683;361;4625;9419
9386;60 jaar;Mannen;2002;66146;12707;7967;4740;4353;387;3768;8939
9387;60 jaar;Mannen;2003;69200;13276;8473;4803;4471;332;4259;9017
9388;60 jaar;Mannen;2004;76485;12541;7558;4983;4629;354;3981;8560
9389;60 jaar;Mannen;2005;80315;12821;7905;4916;4612;304;4266;8555
9390;60 jaar;Mannen;2006;75588;13318;8439;4879;4568;311;4566;8752
9391;60 jaar;Mannen;2007;107113;16083;9185;6898;6402;496;4800;11283
9392;60 jaar;Mannen;2008;101289;17125;10392;6733;6163;570;4846;12279
9393;60 jaar;Mannen;2009;95337;17110;11032;6078;5564;514;5283;11827
9394;60 jaar;Mannen;2010;91842;16658;11010;5648;5138;510;5238;11420
9395;60 jaar;Mannen;2011;89299;17202;11566;5636;5069;567;6082;11120
9396;60 jaar;Mannen;2012;89211;16484;10370;6114;5115;999;5655;10829
9397;60 jaar;Mannen;2013;91487;17134;10888;6246;5020;1226;6376;10758
9398;60 jaar;Mannen;2014;90774;17045;11150;5895;4643;1252;6623;10422
9399;60 jaar;Mannen;2015;91513;17320;11577;5743;4508;1235;7052;10268
9400;60 jaar;Mannen;2016;91498;17779;11938;5841;4560;1281;7572;10207
9401;60 jaar;Mannen;2017;93372;18567;12736;5831;4486;1345;8441;10126
9402;60 jaar;Mannen;2018;94377;18670;12643;6027;4656;1371;8414;10256
9403;60 jaar;Mannen;2019;95212;19575;13223;6352;4795;1557;9188;10387
9404;60 jaar;Mannen;2020;97086;20254;13894;6360;4753;1607;9816;10438
9405;60 jaar;Mannen;2021;96236;21699;15371;6328;4759;1569;11190;10509
9406;60 jaar;Mannen;2022;99019;21736;14956;6780;5135;1645;10831;10905
9407;60 jaar;Mannen;2023;98548;22912;15952;6960;5330;1630;11917;10995
9408;60 jaar;Mannen;2024;100291;23643;16395;7248;5498;1750;12387;11256
9409;60 jaar;Mannen;2025;100397;24989;17408;7581;5888;1693;13347;11642
9410;60 jaar;Mannen;2026;98224;25114;17636;7478;5872;1606;13491;11623
9411;60 jaar;Mannen;2027;95816;25273;17783;7490;5910;1580;13764;11509
9412;60 jaar;Mannen;2028;95649;24737;17203;7534;5966;1568;13233;11504
9413;60 jaar;Mannen;2029;94847;25976;18243;7733;6115;1618;14283;11693
9414;60 jaar;Mannen;2030;99080;26991;18723;8268;6469;1799;14903;12088
9415;60 jaar;Mannen;2031;95605;27115;18984;8131;6180;1951;15335;11780
9416;60 jaar;Mannen;2032;91286;26811;18824;7987;5872;2115;15366;11445
9417;60 jaar;Mannen;2033;85753;26624;18721;7903;5665;2238;15457;11167
9418;60 jaar;Mannen;2034;78827;25771;18457;7314;4981;2333;15266;10505
9419;60 jaar;Mannen;2035;75344;26061;18535;7526;4900;2626;15709;10352
9420;60 jaar;Mannen;2036;71744;25997;18096;7901;4885;3016;15674;10323
9421;60 jaar;Mannen;2037;71254;26364;17857;8507;4947;3560;15944;10420
9422;60 jaar;Mannen;2038;69186;26993;18097;8896;4929;3967;16725;10268
9423;60 jaar;Mannen;2039;69388;27845;18151;9694;5155;4539;17354;10491
9424;60 jaar;Mannen;2040;68390;28650;18209;10441;5269;5172;18105;10545
9425;60 jaar;Mannen;2041;70162;29826;18166;11660;5616;6044;19020;10806
9426;60 jaar;Mannen;2042;68215;30571;18364;12207;5633;6574;19841;10730
9427;60 jaar;Mannen;2043;66408;30492;18533;11959;5456;6503;20054;10438
9428;60 jaar;Mannen;2044;65698;30519;18542;11977;5401;6576;20243;10276
9429;60 jaar;Mannen;2045;67310;30983;18624;12359;5617;6742;20632;10351
9430;60 jaar;Mannen;2046;68391;31165;18643;12522;5704;6818;20863;10302
9431;60 jaar;Mannen;2047;70106;31698;18643;13055;5942;7113;21316;10382
9432;60 jaar;Mannen;2048;71182;32117;18648;13469;5917;7552;21776;10341
9433;60 jaar;Mannen;2049;70035;32923;18651;14272;6000;8272;22664;10259
9434;60 jaar;Mannen;2050;70216;33490;18695;14795;6115;8680;23203;10287
9435;60 jaar;Vrouwen;2000;66394;11388;6403;4985;4626;359;2633;8755
9436;60 jaar;Vrouwen;2001;67744;12287;7238;5049;4647;402;3306;8981
9437;60 jaar;Vrouwen;2002;65850;11450;6767;4683;4355;328;2859;8591
9438;60 jaar;Vrouwen;2003;68516;12232;7527;4705;4379;326;3538;8694
9439;60 jaar;Vrouwen;2004;75885;11248;6428;4820;4493;327;3278;7970
9440;60 jaar;Vrouwen;2005;79723;12007;7109;4898;4569;329;3712;8295
9441;60 jaar;Vrouwen;2006;75127;12347;7746;4601;4290;311;4178;8169
9442;60 jaar;Vrouwen;2007;105356;15200;8388;6812;6336;476;4156;11044
9443;60 jaar;Vrouwen;2008;100751;16419;9985;6434;5934;500;4541;11878
9444;60 jaar;Vrouwen;2009;93976;16575;10745;5830;5357;473;5157;11418
9445;60 jaar;Vrouwen;2010;90401;16547;11083;5464;5006;458;5299;11248
9446;60 jaar;Vrouwen;2011;87968;17320;11795;5525;4969;556;6179;11141
9447;60 jaar;Vrouwen;2012;87643;16642;10663;5979;4995;984;5788;10854
9448;60 jaar;Vrouwen;2013;90105;17507;11526;5981;4823;1158;6578;10929
9449;60 jaar;Vrouwen;2014;89667;17409;11781;5628;4512;1116;6887;10522
9450;60 jaar;Vrouwen;2015;89928;18074;12381;5693;4542;1151;7548;10526
9451;60 jaar;Vrouwen;2016;91327;18318;12537;5781;4515;1266;7812;10506
9452;60 jaar;Vrouwen;2017;92261;18682;12908;5774;4478;1296;8241;10441
9453;60 jaar;Vrouwen;2018;93496;19066;13012;6054;4575;1479;8411;10655
9454;60 jaar;Vrouwen;2019;94633;19592;13386;6206;4599;1607;9065;10527
9455;60 jaar;Vrouwen;2020;96725;20163;13636;6527;4918;1609;9328;10835
9456;60 jaar;Vrouwen;2021;95480;21396;15004;6392;4785;1607;10739;10657
9457;60 jaar;Vrouwen;2022;99024;20921;14341;6580;5059;1521;9993;10928
9458;60 jaar;Vrouwen;2023;98097;22398;15412;6986;5346;1640;11217;11181
9459;60 jaar;Vrouwen;2024;99182;22693;15597;7096;5498;1598;11375;11318
9460;60 jaar;Vrouwen;2025;99451;23871;16485;7386;5691;1695;12185;11686
9461;60 jaar;Vrouwen;2026;96850;23973;16543;7430;5808;1622;12321;11652
9462;60 jaar;Vrouwen;2027;94969;24172;16732;7440;5899;1541;12645;11527
9463;60 jaar;Vrouwen;2028;94491;24083;16555;7528;5942;1586;12365;11718
9464;60 jaar;Vrouwen;2029;94340;25364;17748;7616;5954;1662;13692;11672
9465;60 jaar;Vrouwen;2030;98115;26552;18422;8130;6434;1696;14398;12154
9466;60 jaar;Vrouwen;2031;95127;26832;19016;7816;5937;1879;15103;11729
9467;60 jaar;Vrouwen;2032;90418;26873;19141;7732;5732;2000;15391;11482
9468;60 jaar;Vrouwen;2033;85745;27035;19353;7682;5451;2231;15800;11235
9469;60 jaar;Vrouwen;2034;78235;26503;19276;7227;4940;2287;15721;10782
9470;60 jaar;Vrouwen;2035;74389;26694;19319;7375;4909;2466;16001;10693
9471;60 jaar;Vrouwen;2036;71058;26467;18795;7672;4713;2959;15952;10515
9472;60 jaar;Vrouwen;2037;69963;26595;18452;8143;4734;3409;16014;10581
9473;60 jaar;Vrouwen;2038;68303;27772;19055;8717;4777;3940;17179;10593
9474;60 jaar;Vrouwen;2039;68650;28513;18979;9534;5041;4493;17722;10791
9475;60 jaar;Vrouwen;2040;68175;29006;18984;10022;5065;4957;18254;10752
9476;60 jaar;Vrouwen;2041;69503;30188;18808;11380;5443;5937;19163;11025
9477;60 jaar;Vrouwen;2042;68282;30508;18705;11803;5417;6386;19680;10828
9478;60 jaar;Vrouwen;2043;65803;30392;18862;11530;5308;6222;19780;10612
9479;60 jaar;Vrouwen;2044;65127;30713;18953;11760;5257;6503;20182;10531
9480;60 jaar;Vrouwen;2045;66559;31026;19084;11942;5449;6493;20554;10472
9481;60 jaar;Vrouwen;2046;68217;31268;19128;12140;5372;6768;20810;10458
9482;60 jaar;Vrouwen;2047;70428;31786;18999;12787;5761;7026;21213;10573
9483;60 jaar;Vrouwen;2048;70177;32221;19009;13212;5745;7467;21801;10420
9484;60 jaar;Vrouwen;2049;69572;32993;19016;13977;5996;7981;22376;10617
9485;60 jaar;Vrouwen;2050;70428;33270;18994;14276;5927;8349;22894;10376
9486;61 jaar;Totaal mannen en vrouwen;2000;128194;22929;13225;9704;8937;767;6034;16895
9487;61 jaar;Totaal mannen en vrouwen;2001;130259;23600;13817;9783;9030;753;6268;17332
9488;61 jaar;Totaal mannen en vrouwen;2002;133110;26103;16103;10000;9246;754;7890;18213
9489;61 jaar;Totaal mannen en vrouwen;2003;130802;23962;14625;9337;8629;708;6606;17356
9490;61 jaar;Totaal mannen en vrouwen;2004;136487;25295;15873;9422;8771;651;7757;17538
9491;61 jaar;Totaal mannen en vrouwen;2005;151020;23595;13876;9719;9044;675;7228;16367
9492;61 jaar;Totaal mannen en vrouwen;2006;158630;24613;14882;9731;9105;626;7936;16677
9493;61 jaar;Totaal mannen en vrouwen;2007;149409;25432;16032;9400;8783;617;8687;16745
9494;61 jaar;Totaal mannen en vrouwen;2008;210603;30997;17404;13593;12628;965;8893;22104
9495;61 jaar;Totaal mannen en vrouwen;2009;200289;33230;20171;13059;11997;1062;9319;23911
9496;61 jaar;Totaal mannen en vrouwen;2010;187696;33365;21551;11814;10837;977;10354;23011
9497;61 jaar;Totaal mannen en vrouwen;2011;180702;32894;21870;11024;10064;960;10454;22440
9498;61 jaar;Totaal mannen en vrouwen;2012;175786;34192;23117;11075;9963;1112;12153;22039
9499;61 jaar;Totaal mannen en vrouwen;2013;175387;32820;20821;11999;10031;1968;11350;21470
9500;61 jaar;Totaal mannen en vrouwen;2014;180097;34310;22177;12133;9771;2362;12836;21474
9501;61 jaar;Totaal mannen en vrouwen;2015;178962;34126;22690;11436;9088;2348;13387;20739
9502;61 jaar;Totaal mannen en vrouwen;2016;179970;35043;23694;11349;8980;2369;14457;20586
9503;61 jaar;Totaal mannen en vrouwen;2017;181346;35744;24208;11536;9008;2528;15234;20510
9504;61 jaar;Totaal mannen en vrouwen;2018;184142;36872;25354;11518;8896;2622;16510;20362
9505;61 jaar;Totaal mannen en vrouwen;2019;186373;37353;25360;11993;9167;2826;16651;20702
9506;61 jaar;Totaal mannen en vrouwen;2020;188335;38765;26299;12466;9325;3141;18061;20704
9507;61 jaar;Totaal mannen en vrouwen;2021;192282;39997;27204;12793;9603;3190;18940;21057
9508;61 jaar;Totaal mannen en vrouwen;2022;190210;42636;30007;12629;9477;3152;21687;20949
9509;61 jaar;Totaal mannen en vrouwen;2023;196506;42203;28942;13261;10118;3143;20594;21609
9510;61 jaar;Totaal mannen en vrouwen;2024;195125;44826;30981;13845;10599;3246;22874;21952
9511;61 jaar;Totaal mannen en vrouwen;2025;197937;45838;31598;14240;10915;3325;23496;22342
9512;61 jaar;Totaal mannen en vrouwen;2026;198318;48331;33471;14860;11495;3365;25242;23089
9513;61 jaar;Totaal mannen en vrouwen;2027;193592;48551;33748;14803;11600;3203;25520;23031
9514;61 jaar;Totaal mannen en vrouwen;2028;189342;48911;34085;14826;11727;3099;26116;22795
9515;61 jaar;Totaal mannen en vrouwen;2029;188708;48298;33340;14958;11828;3130;25320;22978
9516;61 jaar;Totaal mannen en vrouwen;2030;187772;50782;35540;15242;11985;3257;27664;23118
9517;61 jaar;Totaal mannen en vrouwen;2031;195724;52966;36681;16285;12812;3473;28976;23990
9518;61 jaar;Totaal mannen en vrouwen;2032;189322;53361;37521;15840;12038;3802;30103;23258
9519;61 jaar;Totaal mannen en vrouwen;2033;180367;53101;37490;15611;11521;4090;30424;22677
9520;61 jaar;Totaal mannen en vrouwen;2034;170254;53076;37596;15480;11041;4439;30920;22156
9521;61 jaar;Totaal mannen en vrouwen;2035;155936;51705;37263;14442;9850;4592;30658;21047
9522;61 jaar;Totaal mannen en vrouwen;2036;148669;52181;37381;14800;9742;5058;31376;20805
9523;61 jaar;Totaal mannen en vrouwen;2037;141791;51904;36433;15471;9535;5936;31303;20601
9524;61 jaar;Totaal mannen en vrouwen;2038;140223;52401;35858;16543;9619;6924;31640;20761
9525;61 jaar;Totaal mannen en vrouwen;2039;136532;54187;36689;17498;9642;7856;33565;20622
9526;61 jaar;Totaal mannen en vrouwen;2040;137076;55775;36669;19106;10130;8976;34737;21038
9527;61 jaar;Totaal mannen en vrouwen;2041;135620;57062;36732;20330;10265;10065;36010;21052
9528;61 jaar;Totaal mannen en vrouwen;2042;138698;59407;36515;22892;10989;11903;37825;21582
9529;61 jaar;Totaal mannen en vrouwen;2043;135558;60465;36607;23858;10977;12881;39156;21309
9530;61 jaar;Totaal mannen en vrouwen;2044;131304;60274;36932;23342;10697;12645;39468;20806
9531;61 jaar;Totaal mannen en vrouwen;2045;129937;60619;37032;23587;10591;12996;40056;20563
9532;61 jaar;Totaal mannen en vrouwen;2046;132965;61385;37239;24146;10992;13154;40807;20578
9533;61 jaar;Totaal mannen en vrouwen;2047;135684;61813;37304;24509;11008;13501;41297;20516
9534;61 jaar;Totaal mannen en vrouwen;2048;139584;62863;37180;25683;11632;14051;42149;20714
9535;61 jaar;Totaal mannen en vrouwen;2049;140408;63708;37192;26516;11592;14924;43190;20518
9536;61 jaar;Totaal mannen en vrouwen;2050;138672;65280;37206;28074;11917;16157;44647;20633
9537;61 jaar;Mannen;2000;63392;11953;7110;4843;4484;359;3438;8515
9538;61 jaar;Mannen;2001;64326;12276;7445;4831;4434;397;3624;8652
9539;61 jaar;Mannen;2002;65819;13891;8908;4983;4626;357;4581;9310
9540;61 jaar;Mannen;2003;65385;12583;7899;4684;4301;383;3741;8842
9541;61 jaar;Mannen;2004;68417;13145;8395;4750;4423;327;4225;8920
9542;61 jaar;Mannen;2005;75631;12421;7492;4929;4580;349;3953;8468
9543;61 jaar;Mannen;2006;79430;12693;7829;4864;4563;301;4232;8461
9544;61 jaar;Mannen;2007;74770;13181;8353;4828;4521;307;4526;8655
9545;61 jaar;Mannen;2008;105940;15915;9089;6826;6334;492;4756;11159
9546;61 jaar;Mannen;2009;100198;16943;10280;6663;6098;565;4800;12143
9547;61 jaar;Mannen;2010;94329;16927;10910;6017;5508;509;5228;11699
9548;61 jaar;Mannen;2011;90882;16485;10892;5593;5088;505;5187;11298
9549;61 jaar;Mannen;2012;88379;17020;11438;5582;5021;561;6016;11004
9550;61 jaar;Mannen;2013;88301;16320;10264;6056;5067;989;5600;10720
9551;61 jaar;Mannen;2014;90564;16957;10772;6185;4972;1213;6306;10651
9552;61 jaar;Mannen;2015;89868;16869;11029;5840;4601;1239;6551;10318
9553;61 jaar;Mannen;2016;90613;17134;11447;5687;4462;1225;6970;10164
9554;61 jaar;Mannen;2017;90599;17591;11803;5788;4518;1270;7486;10105
9555;61 jaar;Mannen;2018;92463;18366;12588;5778;4444;1334;8341;10025
9556;61 jaar;Mannen;2019;93465;18467;12494;5973;4615;1358;8314;10153
9557;61 jaar;Mannen;2020;94300;19360;13064;6296;4752;1544;9076;10284
9558;61 jaar;Mannen;2021;96164;20027;13726;6301;4708;1593;9696;10331
9559;61 jaar;Mannen;2022;95330;21449;15176;6273;4719;1554;11049;10400
9560;61 jaar;Mannen;2023;98096;21489;14769;6720;5088;1632;10695;10794
9561;61 jaar;Mannen;2024;97637;22650;15750;6900;5284;1616;11766;10884
9562;61 jaar;Mannen;2025;99368;23371;16187;7184;5448;1736;12231;11140
9563;61 jaar;Mannen;2026;99479;24699;17183;7516;5836;1680;13176;11523
9564;61 jaar;Mannen;2027;97333;24821;17406;7415;5823;1592;13318;11503
9565;61 jaar;Mannen;2028;94956;24977;17551;7426;5858;1568;13588;11389
9566;61 jaar;Mannen;2029;94795;24456;16985;7471;5917;1554;13071;11385
9567;61 jaar;Mannen;2030;94006;25675;18006;7669;6064;1605;14105;11570
9568;61 jaar;Mannen;2031;98209;26678;18479;8199;6414;1785;14716;11962
9569;61 jaar;Mannen;2032;94772;26800;18734;8066;6132;1934;15146;11654
9570;61 jaar;Mannen;2033;90494;26503;18581;7922;5823;2099;15182;11321
9571;61 jaar;Mannen;2034;85022;26317;18478;7839;5619;2220;15270;11047
9572;61 jaar;Mannen;2035;78164;25475;18220;7255;4939;2316;15085;10390
9573;61 jaar;Mannen;2036;74715;25761;18295;7466;4861;2605;15523;10238
9574;61 jaar;Mannen;2037;71147;25708;17868;7840;4847;2993;15497;10211
9575;61 jaar;Mannen;2038;70666;26075;17632;8443;4911;3532;15770;10305
9576;61 jaar;Mannen;2039;68623;26695;17870;8825;4890;3935;16539;10156
9577;61 jaar;Mannen;2040;68823;27544;17922;9622;5118;4504;17167;10377
9578;61 jaar;Mannen;2041;67835;28344;17980;10364;5232;5132;17913;10431
9579;61 jaar;Mannen;2042;69595;29508;17937;11571;5573;5998;18820;10688
9580;61 jaar;Mannen;2043;67668;30246;18131;12115;5589;6526;19635;10611
9581;61 jaar;Mannen;2044;65881;30169;18300;11869;5415;6454;19846;10323
9582;61 jaar;Mannen;2045;65178;30197;18310;11887;5359;6528;20035;10162
9583;61 jaar;Mannen;2046;66779;30657;18390;12267;5573;6694;20421;10236
9584;61 jaar;Mannen;2047;67849;30843;18411;12432;5665;6767;20655;10188
9585;61 jaar;Mannen;2048;69554;31371;18412;12959;5897;7062;21102;10269
9586;61 jaar;Mannen;2049;70623;31787;18416;13371;5875;7496;21559;10228
9587;61 jaar;Mannen;2050;69488;32589;18419;14170;5956;8214;22445;10144
9588;61 jaar;Vrouwen;2000;64802;10976;6115;4861;4453;408;2596;8380
9589;61 jaar;Vrouwen;2001;65931;11326;6374;4952;4595;357;2647;8679
9590;61 jaar;Vrouwen;2002;67290;12213;7196;5017;4617;400;3309;8904
9591;61 jaar;Vrouwen;2003;65413;11382;6729;4653;4327;326;2865;8517
9592;61 jaar;Vrouwen;2004;68069;12151;7477;4674;4351;323;3535;8616
9593;61 jaar;Vrouwen;2005;75387;11175;6385;4790;4464;326;3275;7900
9594;61 jaar;Vrouwen;2006;79198;11922;7052;4870;4544;326;3705;8217
9595;61 jaar;Vrouwen;2007;74635;12254;7682;4572;4263;309;4164;8090
9596;61 jaar;Vrouwen;2008;104661;15084;8314;6770;6296;474;4140;10944
9597;61 jaar;Vrouwen;2009;100089;16288;9892;6396;5898;498;4521;11767
9598;61 jaar;Vrouwen;2010;93369;16436;10640;5796;5327;469;5125;11311
9599;61 jaar;Vrouwen;2011;89820;16409;10979;5430;4975;455;5268;11141
9600;61 jaar;Vrouwen;2012;87409;17170;11679;5491;4939;552;6137;11033
9601;61 jaar;Vrouwen;2013;87084;16502;10559;5943;4964;979;5751;10751
9602;61 jaar;Vrouwen;2014;89531;17355;11408;5947;4796;1151;6529;10826
9603;61 jaar;Vrouwen;2015;89097;17254;11659;5595;4485;1110;6834;10420
9604;61 jaar;Vrouwen;2016;89358;17908;12248;5660;4515;1145;7487;10421
9605;61 jaar;Vrouwen;2017;90749;18151;12403;5748;4490;1258;7747;10404
9606;61 jaar;Vrouwen;2018;91681;18504;12764;5740;4453;1287;8168;10336
9607;61 jaar;Vrouwen;2019;92908;18885;12865;6020;4552;1468;8337;10548
9608;61 jaar;Vrouwen;2020;94037;19403;13234;6169;4571;1598;8983;10420
9609;61 jaar;Vrouwen;2021;96121;19967;13478;6489;4889;1600;9242;10725
9610;61 jaar;Vrouwen;2022;94883;21185;14830;6355;4757;1598;10637;10548
9611;61 jaar;Vrouwen;2023;98407;20717;14175;6542;5030;1512;9900;10817
9612;61 jaar;Vrouwen;2024;97487;22178;15231;6947;5317;1630;11110;11068
9613;61 jaar;Vrouwen;2025;98568;22468;15413;7055;5465;1590;11267;11201
9614;61 jaar;Vrouwen;2026;98838;23633;16287;7346;5659;1687;12066;11567
9615;61 jaar;Vrouwen;2027;96256;23733;16345;7388;5775;1613;12201;11532
9616;61 jaar;Vrouwen;2028;94387;23933;16533;7400;5867;1533;12526;11407
9617;61 jaar;Vrouwen;2029;93914;23841;16354;7487;5909;1578;12248;11593
9618;61 jaar;Vrouwen;2030;93767;25106;17533;7573;5920;1653;13557;11549
9619;61 jaar;Vrouwen;2031;97519;26284;18202;8082;6396;1686;14258;12026
9620;61 jaar;Vrouwen;2032;94552;26559;18786;7773;5905;1868;14956;11603
9621;61 jaar;Vrouwen;2033;89874;26598;18910;7688;5700;1988;15244;11354
9622;61 jaar;Vrouwen;2034;85233;26758;19118;7640;5421;2219;15650;11108
9623;61 jaar;Vrouwen;2035;77776;26226;19041;7185;4911;2274;15571;10655
9624;61 jaar;Vrouwen;2036;73955;26419;19084;7335;4882;2453;15852;10567
9625;61 jaar;Vrouwen;2037;70645;26195;18565;7630;4689;2941;15806;10389
9626;61 jaar;Vrouwen;2038;69558;26325;18227;8098;4706;3392;15872;10453
9627;61 jaar;Vrouwen;2039;67907;27494;18822;8672;4753;3919;17028;10466
9628;61 jaar;Vrouwen;2040;68253;28232;18746;9486;5014;4472;17570;10662
9629;61 jaar;Vrouwen;2041;67781;28722;18753;9969;5035;4934;18100;10622
9630;61 jaar;Vrouwen;2042;69106;29896;18578;11318;5414;5904;19003;10893
9631;61 jaar;Vrouwen;2043;67892;30217;18476;11741;5385;6356;19521;10696
9632;61 jaar;Vrouwen;2044;65428;30100;18631;11469;5278;6191;19618;10482
9633;61 jaar;Vrouwen;2045;64758;30422;18721;11701;5232;6469;20020;10402
9634;61 jaar;Vrouwen;2046;66186;30729;18851;11878;5419;6459;20387;10342
9635;61 jaar;Vrouwen;2047;67836;30969;18892;12077;5342;6735;20642;10327
9636;61 jaar;Vrouwen;2048;70031;31492;18770;12722;5732;6990;21047;10445
9637;61 jaar;Vrouwen;2049;69784;31921;18779;13142;5714;7428;21630;10291
9638;61 jaar;Vrouwen;2050;69182;32693;18786;13907;5963;7944;22204;10489
9639;62 jaar;Totaal mannen en vrouwen;2000;120772;20884;11687;9197;8453;744;5299;15585
9640;62 jaar;Totaal mannen en vrouwen;2001;126860;22725;13121;9604;8845;759;6015;16710
9641;62 jaar;Totaal mannen en vrouwen;2002;128932;23383;13700;9683;8938;745;6242;17141
9642;62 jaar;Totaal mannen en vrouwen;2003;131767;25845;15946;9899;9151;748;7834;18011
9643;62 jaar;Totaal mannen en vrouwen;2004;129507;23742;14498;9244;8543;701;6576;17166
9644;62 jaar;Totaal mannen en vrouwen;2005;135158;25058;15725;9333;8689;644;7711;17347
9645;62 jaar;Totaal mannen en vrouwen;2006;149557;23377;13750;9627;8957;670;7190;16187
9646;62 jaar;Totaal mannen en vrouwen;2007;157104;24372;14731;9641;9020;621;7884;16488
9647;62 jaar;Totaal mannen en vrouwen;2008;147989;25173;15861;9312;8700;612;8623;16550
9648;62 jaar;Totaal mannen en vrouwen;2009;208580;30685;17215;13470;12513;957;8822;21863
9649;62 jaar;Totaal mannen en vrouwen;2010;198394;32888;19947;12941;11889;1052;9244;23644
9650;62 jaar;Totaal mannen en vrouwen;2011;185946;33016;21310;11706;10739;967;10262;22754
9651;62 jaar;Totaal mannen en vrouwen;2012;179031;32553;21627;10926;9975;951;10360;22193
9652;62 jaar;Totaal mannen en vrouwen;2013;174177;33832;22855;10977;9875;1102;12033;21799
9653;62 jaar;Totaal mannen en vrouwen;2014;173791;32485;20591;11894;9943;1951;11244;21241
9654;62 jaar;Totaal mannen en vrouwen;2015;178472;33948;21921;12027;9685;2342;12707;21241
9655;62 jaar;Totaal mannen en vrouwen;2016;177357;33764;22425;11339;9011;2328;13249;20515
9656;62 jaar;Totaal mannen en vrouwen;2017;178368;34665;23415;11250;8900;2350;14305;20360
9657;62 jaar;Totaal mannen en vrouwen;2018;179749;35354;23916;11438;8932;2506;15068;20286
9658;62 jaar;Totaal mannen en vrouwen;2019;182523;36464;25043;11421;8821;2600;16326;20138
9659;62 jaar;Totaal mannen en vrouwen;2020;184747;36942;25047;11895;9092;2803;16467;20475
9660;62 jaar;Totaal mannen en vrouwen;2021;186700;38335;25970;12365;9249;3116;17857;20478
9661;62 jaar;Totaal mannen en vrouwen;2022;190623;39549;26860;12689;9525;3164;18723;20826
9662;62 jaar;Totaal mannen en vrouwen;2023;188581;42146;29620;12526;9399;3127;21428;20718
9663;62 jaar;Totaal mannen en vrouwen;2024;194831;41729;28573;13156;10038;3118;20357;21372
9664;62 jaar;Totaal mannen en vrouwen;2025;193472;44317;30581;13736;10517;3219;22605;21712
9665;62 jaar;Totaal mannen en vrouwen;2026;196267;45315;31187;14128;10830;3298;23219;22096
9666;62 jaar;Totaal mannen en vrouwen;2027;196655;47773;33029;14744;11406;3338;24941;22832
9667;62 jaar;Totaal mannen en vrouwen;2028;191985;47989;33304;14685;11508;3177;25214;22775
9668;62 jaar;Totaal mannen en vrouwen;2029;187779;48346;33635;14711;11635;3076;25806;22540
9669;62 jaar;Totaal mannen en vrouwen;2030;187159;47747;32903;14844;11738;3106;25029;22718
9670;62 jaar;Totaal mannen en vrouwen;2031;186244;50195;35071;15124;11893;3231;27340;22855
9671;62 jaar;Totaal mannen en vrouwen;2032;194128;52356;36198;16158;12712;3446;28636;23720
9672;62 jaar;Totaal mannen en vrouwen;2033;187795;52747;37028;15719;11946;3773;29754;22993
9673;62 jaar;Totaal mannen en vrouwen;2034;178919;52494;37000;15494;11436;4058;30078;22416
9674;62 jaar;Totaal mannen en vrouwen;2035;168901;52470;37106;15364;10960;4404;30571;21899
9675;62 jaar;Totaal mannen en vrouwen;2036;154715;51112;36777;14335;9780;4555;30315;20797
9676;62 jaar;Totaal mannen en vrouwen;2037;147508;51584;36893;14691;9670;5021;31028;20556
9677;62 jaar;Totaal mannen en vrouwen;2038;140689;51319;35961;15358;9467;5891;30967;20352
9678;62 jaar;Totaal mannen en vrouwen;2039;139145;51814;35392;16422;9547;6875;31307;20507
9679;62 jaar;Totaal mannen en vrouwen;2040;135482;53587;36215;17372;9575;7797;33216;20371
9680;62 jaar;Totaal mannen en vrouwen;2041;136030;55165;36194;18971;10059;8912;34382;20783
9681;62 jaar;Totaal mannen en vrouwen;2042;134587;56445;36259;20186;10194;9992;35647;20798
9682;62 jaar;Totaal mannen en vrouwen;2043;137647;58771;36043;22728;10910;11818;37449;21322
9683;62 jaar;Totaal mannen en vrouwen;2044;134536;59825;36135;23690;10900;12790;38774;21051
9684;62 jaar;Totaal mannen en vrouwen;2045;130320;59635;36457;23178;10621;12557;39082;20553
9685;62 jaar;Totaal mannen en vrouwen;2046;128967;59975;36555;23420;10515;12905;39665;20310
9686;62 jaar;Totaal mannen en vrouwen;2047;131973;60742;36764;23978;10916;13062;40417;20325
9687;62 jaar;Totaal mannen en vrouwen;2048;134676;61166;36826;24340;10933;13407;40902;20264
9688;62 jaar;Totaal mannen en vrouwen;2049;138552;62212;36706;25506;11551;13955;41751;20461
9689;62 jaar;Totaal mannen en vrouwen;2050;139373;63054;36720;26334;11513;14821;42786;20268
9690;62 jaar;Mannen;2000;59216;10884;6242;4642;4254;388;3019;7865
9691;62 jaar;Mannen;2001;62539;11821;7042;4779;4424;355;3412;8409
9692;62 jaar;Mannen;2002;63474;12135;7368;4767;4376;391;3592;8543
9693;62 jaar;Mannen;2003;64959;13723;8803;4920;4569;351;4532;9191
9694;62 jaar;Mannen;2004;64557;12442;7816;4626;4248;378;3709;8733
9695;62 jaar;Mannen;2005;67570;12994;8304;4690;4367;323;4181;8813
9696;62 jaar;Mannen;2006;74702;12281;7412;4869;4523;346;3917;8364
9697;62 jaar;Mannen;2007;78462;12548;7743;4805;4509;296;4191;8357
9698;62 jaar;Mannen;2008;73871;13027;8256;4771;4466;305;4480;8547
9699;62 jaar;Mannen;2009;104660;15727;8980;6747;6261;486;4704;11023
9700;62 jaar;Mannen;2010;99007;16742;10155;6587;6029;558;4749;11993
9701;62 jaar;Mannen;2011;93224;16727;10777;5950;5447;503;5170;11557
9702;62 jaar;Mannen;2012;89834;16289;10760;5529;5029;500;5128;11161
9703;62 jaar;Mannen;2013;87371;16818;11297;5521;4967;554;5941;10877
9704;62 jaar;Mannen;2014;87304;16134;10144;5990;5011;979;5537;10597
9705;62 jaar;Mannen;2015;89552;16758;10639;6119;4918;1201;6229;10529
9706;62 jaar;Mannen;2016;88872;16670;10893;5777;4552;1225;6470;10200
9707;62 jaar;Mannen;2017;89621;16931;11304;5627;4415;1212;6882;10049
9708;62 jaar;Mannen;2018;89614;17382;11655;5727;4470;1257;7391;9991
9709;62 jaar;Mannen;2019;91467;18142;12425;5717;4397;1320;8230;9912
9710;62 jaar;Mannen;2020;92466;18244;12331;5913;4568;1345;8208;10036
9711;62 jaar;Mannen;2021;93297;19126;12893;6233;4704;1529;8958;10168
9712;62 jaar;Mannen;2022;95147;19783;13543;6240;4663;1577;9568;10215
9713;62 jaar;Mannen;2023;94331;21183;14971;6212;4673;1539;10900;10283
9714;62 jaar;Mannen;2024;97083;21221;14567;6654;5040;1614;10550;10671
9715;62 jaar;Mannen;2025;96634;22364;15533;6831;5231;1600;11605;10759
9716;62 jaar;Mannen;2026;98355;23076;15961;7115;5395;1720;12064;11012
9717;62 jaar;Mannen;2027;98467;24388;16942;7446;5782;1664;12997;11391
9718;62 jaar;Mannen;2028;96359;24503;17162;7341;5764;1577;13136;11367
9719;62 jaar;Mannen;2029;94008;24664;17306;7358;5805;1553;13407;11257
9720;62 jaar;Mannen;2030;93859;24151;16749;7402;5862;1540;12898;11253
9721;62 jaar;Mannen;2031;93088;25351;17753;7598;6010;1588;13915;11436
9722;62 jaar;Mannen;2032;97243;26346;18221;8125;6357;1768;14521;11825
9723;62 jaar;Mannen;2033;93852;26466;18474;7992;6075;1917;14946;11520
9724;62 jaar;Mannen;2034;89625;26174;18322;7852;5772;2080;14982;11192
9725;62 jaar;Mannen;2035;84212;25994;18224;7770;5570;2200;15075;10919
9726;62 jaar;Mannen;2036;77431;25160;17970;7190;4895;2295;14894;10266
9727;62 jaar;Mannen;2037;74017;25446;18046;7400;4818;2582;15329;10117
9728;62 jaar;Mannen;2038;70486;25398;17625;7773;4806;2967;15310;10088
9729;62 jaar;Mannen;2039;70019;25763;17393;8370;4868;3502;15580;10183
9730;62 jaar;Mannen;2040;67997;26379;17628;8751;4849;3902;16345;10034
9731;62 jaar;Mannen;2041;68197;27222;17681;9541;5076;4465;16969;10253
9732;62 jaar;Mannen;2042;67225;28011;17738;10273;5186;5087;17705;10306
9733;62 jaar;Mannen;2043;68966;29171;17699;11472;5525;5947;18609;10562
9734;62 jaar;Mannen;2044;67061;29904;17889;12015;5544;6471;19417;10487
9735;62 jaar;Mannen;2045;65293;29827;18056;11771;5370;6401;19627;10200
9736;62 jaar;Mannen;2046;64601;29852;18066;11786;5313;6473;19813;10039
9737;62 jaar;Mannen;2047;66191;30311;18146;12165;5529;6636;20197;10114
9738;62 jaar;Mannen;2048;67250;30497;18167;12330;5619;6711;20430;10067
9739;62 jaar;Mannen;2049;68944;31020;18168;12852;5848;7004;20874;10146
9740;62 jaar;Mannen;2050;70008;31437;18174;13263;5828;7435;21331;10106
9741;62 jaar;Vrouwen;2000;61556;10000;5445;4555;4199;356;2280;7720
9742;62 jaar;Vrouwen;2001;64320;10905;6080;4825;4420;405;2604;8301
9743;62 jaar;Vrouwen;2002;65456;11250;6333;4917;4562;355;2652;8598
9744;62 jaar;Vrouwen;2003;66804;12126;7144;4982;4586;396;3305;8821
9745;62 jaar;Vrouwen;2004;64951;11299;6680;4619;4296;323;2867;8432
9746;62 jaar;Vrouwen;2005;67589;12063;7420;4643;4322;321;3528;8535
9747;62 jaar;Vrouwen;2006;74856;11095;6339;4756;4433;323;3271;7824
9748;62 jaar;Vrouwen;2007;78640;11826;6989;4837;4514;323;3696;8130
9749;62 jaar;Vrouwen;2008;74115;12149;7608;4541;4234;307;4146;8003
9750;62 jaar;Vrouwen;2009;103921;14957;8234;6723;6252;471;4119;10838
9751;62 jaar;Vrouwen;2010;99389;16144;9792;6352;5857;495;4495;11649
9752;62 jaar;Vrouwen;2011;92720;16291;10534;5757;5291;466;5092;11199
9753;62 jaar;Vrouwen;2012;89197;16264;10868;5396;4943;453;5233;11031
9754;62 jaar;Vrouwen;2013;86805;17015;11559;5456;4908;548;6092;10923
9755;62 jaar;Vrouwen;2014;86485;16353;10448;5905;4932;973;5710;10643
9756;62 jaar;Vrouwen;2015;88919;17190;11282;5908;4765;1143;6476;10714
9757;62 jaar;Vrouwen;2016;88489;17090;11531;5559;4457;1102;6777;10313
9758;62 jaar;Vrouwen;2017;88745;17736;12111;5625;4487;1138;7424;10312
9759;62 jaar;Vrouwen;2018;90134;17973;12261;5712;4461;1251;7678;10295
9760;62 jaar;Vrouwen;2019;91059;18320;12617;5703;4424;1279;8095;10225
9761;62 jaar;Vrouwen;2020;92283;18696;12715;5981;4522;1459;8259;10437
9762;62 jaar;Vrouwen;2021;93404;19209;13078;6131;4543;1588;8898;10311
9763;62 jaar;Vrouwen;2022;95474;19768;13320;6448;4858;1590;9157;10611
9764;62 jaar;Vrouwen;2023;94246;20967;14651;6316;4729;1587;10531;10436
9765;62 jaar;Vrouwen;2024;97752;20504;14003;6501;4999;1502;9804;10700
9766;62 jaar;Vrouwen;2025;96839;21952;15048;6904;5284;1620;10999;10953
9767;62 jaar;Vrouwen;2026;97914;22237;15225;7012;5432;1580;11156;11081
9768;62 jaar;Vrouwen;2027;98185;23388;16089;7299;5623;1676;11948;11440
9769;62 jaar;Vrouwen;2028;95628;23484;16142;7342;5739;1603;12079;11405
9770;62 jaar;Vrouwen;2029;93766;23687;16332;7355;5832;1523;12404;11283
9771;62 jaar;Vrouwen;2030;93301;23595;16154;7441;5873;1568;12129;11466
9772;62 jaar;Vrouwen;2031;93156;24844;17317;7527;5883;1644;13424;11420
9773;62 jaar;Vrouwen;2032;96882;26013;17978;8035;6358;1677;14118;11895
9774;62 jaar;Vrouwen;2033;93945;26278;18552;7726;5871;1855;14807;11471
9775;62 jaar;Vrouwen;2034;89297;26316;18673;7643;5665;1978;15093;11223
9776;62 jaar;Vrouwen;2035;84689;26476;18881;7595;5392;2203;15497;10979
9777;62 jaar;Vrouwen;2036;77285;25951;18806;7145;4883;2262;15421;10530
9778;62 jaar;Vrouwen;2037;73491;26137;18846;7291;4854;2437;15698;10439
9779;62 jaar;Vrouwen;2038;70202;25921;18335;7586;4660;2926;15658;10263
9780;62 jaar;Vrouwen;2039;69123;26054;18002;8052;4679;3373;15728;10326
9781;62 jaar;Vrouwen;2040;67487;27206;18585;8621;4726;3895;16871;10335
9782;62 jaar;Vrouwen;2041;67834;27942;18513;9429;4983;4446;17412;10530
9783;62 jaar;Vrouwen;2042;67365;28431;18520;9911;5005;4906;17939;10492
9784;62 jaar;Vrouwen;2043;68681;29600;18345;11255;5383;5872;18840;10760
9785;62 jaar;Vrouwen;2044;67476;29919;18245;11674;5354;6320;19356;10563
9786;62 jaar;Vrouwen;2045;65027;29809;18403;11406;5250;6156;19456;10353
9787;62 jaar;Vrouwen;2046;64366;30123;18488;11635;5203;6432;19852;10271
9788;62 jaar;Vrouwen;2047;65781;30432;18617;11815;5389;6426;20219;10213
9789;62 jaar;Vrouwen;2048;67426;30669;18657;12012;5316;6696;20472;10197
9790;62 jaar;Vrouwen;2049;69610;31190;18537;12653;5701;6952;20875;10315
9791;62 jaar;Vrouwen;2050;69366;31616;18546;13070;5683;7387;21454;10162
9792;63 jaar;Totaal mannen en vrouwen;2000;119576;20097;11016;9081;8343;738;4777;15320
9793;63 jaar;Totaal mannen en vrouwen;2001;119381;20685;11593;9092;8357;735;5284;15401
9794;63 jaar;Totaal mannen en vrouwen;2002;125413;22494;12998;9496;8745;751;5986;16508
9795;63 jaar;Totaal mannen en vrouwen;2003;127489;23144;13567;9577;8840;737;6208;16936
9796;63 jaar;Totaal mannen en vrouwen;2004;130321;25562;15770;9792;9052;740;7771;17791
9797;63 jaar;Totaal mannen en vrouwen;2005;128112;23498;14351;9147;8453;694;6537;16961
9798;63 jaar;Totaal mannen en vrouwen;2006;133717;24791;15556;9235;8597;638;7650;17141
9799;63 jaar;Totaal mannen en vrouwen;2007;147971;23127;13600;9527;8865;662;7137;15990
9800;63 jaar;Totaal mannen en vrouwen;2008;155445;24101;14559;9542;8927;615;7818;16283
9801;63 jaar;Totaal mannen en vrouwen;2009;146447;24887;15670;9217;8612;605;8547;16340
9802;63 jaar;Totaal mannen en vrouwen;2010;206389;30341;17004;13337;12390;947;8742;21599
9803;63 jaar;Totaal mannen en vrouwen;2011;196343;32515;19703;12812;11770;1042;9159;23356
9804;63 jaar;Totaal mannen en vrouwen;2012;184042;32638;21047;11591;10633;958;10160;22478
9805;63 jaar;Totaal mannen en vrouwen;2013;177217;32183;21365;10818;9875;943;10259;21924
9806;63 jaar;Totaal mannen en vrouwen;2014;172430;33441;22570;10871;9780;1091;11905;21536
9807;63 jaar;Totaal mannen en vrouwen;2015;172058;32119;20338;11781;9849;1932;11129;20990
9808;63 jaar;Totaal mannen en vrouwen;2016;176708;33557;21644;11913;9592;2321;12568;20989
9809;63 jaar;Totaal mannen en vrouwen;2017;175615;33373;22141;11232;8926;2306;13103;20270
9810;63 jaar;Totaal mannen en vrouwen;2018;176625;34262;23115;11147;8822;2325;14144;20118
9811;63 jaar;Totaal mannen en vrouwen;2019;178008;34943;23609;11334;8852;2482;14896;20047
9812;63 jaar;Totaal mannen en vrouwen;2020;180765;36031;24714;11317;8739;2578;16132;19899
9813;63 jaar;Totaal mannen en vrouwen;2021;182978;36503;24718;11785;9007;2778;16272;20231
9814;63 jaar;Totaal mannen en vrouwen;2022;184925;37875;25623;12252;9164;3088;17639;20236
9815;63 jaar;Totaal mannen en vrouwen;2023;188821;39076;26500;12576;9441;3135;18496;20580
9816;63 jaar;Totaal mannen en vrouwen;2024;186811;41634;29218;12416;9317;3099;21164;20470
9817;63 jaar;Totaal mannen en vrouwen;2025;193011;41223;28184;13039;9951;3088;20105;21118
9818;63 jaar;Totaal mannen en vrouwen;2026;191680;43776;30162;13614;10422;3192;22322;21454
9819;63 jaar;Totaal mannen en vrouwen;2027;194457;44759;30755;14004;10735;3269;22929;21830
9820;63 jaar;Totaal mannen en vrouwen;2028;194850;47190;32574;14616;11306;3310;24629;22561
9821;63 jaar;Totaal mannen en vrouwen;2029;190226;47404;32844;14560;11409;3151;24902;22502
9822;63 jaar;Totaal mannen en vrouwen;2030;186077;47758;33172;14586;11537;3049;25487;22271
9823;63 jaar;Totaal mannen en vrouwen;2031;185476;47164;32448;14716;11637;3079;24721;22443
9824;63 jaar;Totaal mannen en vrouwen;2032;184575;49586;34588;14998;11794;3204;27005;22581
9825;63 jaar;Totaal mannen en vrouwen;2033;192394;51723;35699;16024;12605;3419;28287;23436
9826;63 jaar;Totaal mannen en vrouwen;2034;186132;52106;36518;15588;11846;3742;29392;22714
9827;63 jaar;Totaal mannen en vrouwen;2035;177348;51858;36492;15366;11341;4025;29715;22143
9828;63 jaar;Totaal mannen en vrouwen;2036;167431;51837;36599;15238;10867;4371;30209;21628
9829;63 jaar;Totaal mannen en vrouwen;2037;153381;50494;36276;14218;9699;4519;29958;20536
9830;63 jaar;Totaal mannen en vrouwen;2038;146245;50963;36391;14572;9592;4980;30667;20296
9831;63 jaar;Totaal mannen en vrouwen;2039;139498;50704;35471;15233;9389;5844;30613;20091
9832;63 jaar;Totaal mannen en vrouwen;2040;137967;51205;34916;16289;9472;6817;30958;20247
9833;63 jaar;Totaal mannen en vrouwen;2041;134344;52957;35726;17231;9495;7736;32849;20108
9834;63 jaar;Totaal mannen en vrouwen;2042;134888;54525;35705;18820;9979;8841;34008;20517
9835;63 jaar;Totaal mannen en vrouwen;2043;133467;55793;35769;20024;10113;9911;35263;20530
9836;63 jaar;Totaal mannen en vrouwen;2044;136500;58107;35559;22548;10823;11725;37056;21051
9837;63 jaar;Totaal mannen en vrouwen;2045;133427;59153;35650;23503;10813;12690;38372;20781
9838;63 jaar;Totaal mannen en vrouwen;2046;129251;58967;35972;22995;10537;12458;38679;20288
9839;63 jaar;Totaal mannen en vrouwen;2047;127909;59311;36069;23242;10438;12804;39260;20051
9840;63 jaar;Totaal mannen en vrouwen;2048;130896;60070;36273;23797;10834;12963;40005;20065
9841;63 jaar;Totaal mannen en vrouwen;2049;133581;60489;36338;24151;10846;13305;40486;20003
9842;63 jaar;Totaal mannen en vrouwen;2050;137426;61532;36220;25312;11462;13850;41331;20201
9843;63 jaar;Mannen;2000;58552;10291;5842;4449;4076;373;2714;7577
9844;63 jaar;Mannen;2001;58327;10753;6181;4572;4189;383;2997;7756
9845;63 jaar;Mannen;2002;61611;11669;6961;4708;4359;349;3381;8288
9846;63 jaar;Mannen;2003;62551;11981;7283;4698;4312;386;3557;8424
9847;63 jaar;Mannen;2004;64039;13535;8685;4850;4504;346;4475;9060
9848;63 jaar;Mannen;2005;63665;12286;7724;4562;4190;372;3673;8613
9849;63 jaar;Mannen;2006;66647;12828;8201;4627;4308;319;4137;8691
9850;63 jaar;Mannen;2007;73690;12125;7319;4806;4465;341;3876;8249
9851;63 jaar;Mannen;2008;77413;12381;7642;4739;4446;293;4141;8240
9852;63 jaar;Mannen;2009;72900;12852;8143;4709;4410;299;4425;8427
9853;63 jaar;Mannen;2010;103278;15516;8857;6659;6179;480;4643;10873
9854;63 jaar;Mannen;2011;97715;16522;10017;6505;5955;550;4691;11831
9855;63 jaar;Mannen;2012;92027;16504;10629;5875;5378;497;5104;11400
9856;63 jaar;Mannen;2013;88690;16080;10618;5462;4968;494;5068;11012
9857;63 jaar;Mannen;2014;86277;16593;11141;5452;4904;548;5863;10730
9858;63 jaar;Mannen;2015;86219;15927;10008;5919;4951;968;5466;10461
9859;63 jaar;Mannen;2016;88448;16543;10497;6046;4861;1185;6149;10394
9860;63 jaar;Mannen;2017;87787;16457;10746;5711;4499;1212;6386;10071
9861;63 jaar;Mannen;2018;88541;16709;11147;5562;4363;1199;6790;9919
9862;63 jaar;Mannen;2019;88544;17155;11494;5661;4418;1243;7290;9865
9863;63 jaar;Mannen;2020;90378;17904;12251;5653;4348;1305;8117;9787
9864;63 jaar;Mannen;2021;91379;18003;12158;5845;4517;1328;8093;9910
9865;63 jaar;Mannen;2022;92206;18872;12709;6163;4650;1513;8832;10040
9866;63 jaar;Mannen;2023;94045;19519;13347;6172;4613;1559;9432;10087
9867;63 jaar;Mannen;2024;93250;20894;14749;6145;4621;1524;10743;10151
9868;63 jaar;Mannen;2025;95973;20938;14357;6581;4983;1598;10402;10536
9869;63 jaar;Mannen;2026;95535;22065;15306;6759;5176;1583;11439;10626
9870;63 jaar;Mannen;2027;97248;22764;15724;7040;5340;1700;11889;10875
9871;63 jaar;Mannen;2028;97370;24057;16690;7367;5721;1646;12810;11247
9872;63 jaar;Mannen;2029;95289;24171;16906;7265;5704;1561;12946;11225
9873;63 jaar;Mannen;2030;92974;24332;17051;7281;5745;1536;13215;11117
9874;63 jaar;Mannen;2031;92835;23828;16502;7326;5802;1524;12716;11112
9875;63 jaar;Mannen;2032;92079;25013;17494;7519;5947;1572;13721;11292
9876;63 jaar;Mannen;2033;96192;25995;17953;8042;6290;1752;14317;11678
9877;63 jaar;Mannen;2034;92849;26112;18200;7912;6015;1897;14736;11376
9878;63 jaar;Mannen;2035;88671;25830;18055;7775;5717;2058;14778;11052
9879;63 jaar;Mannen;2036;83328;25651;17959;7692;5515;2177;14871;10780
9880;63 jaar;Mannen;2037;76625;24831;17711;7120;4847;2273;14694;10137
9881;63 jaar;Mannen;2038;73256;25113;17786;7327;4770;2557;15126;9987
9882;63 jaar;Mannen;2039;69769;25069;17372;7697;4758;2939;15112;9957
9883;63 jaar;Mannen;2040;69313;25431;17144;8287;4820;3467;15380;10051
9884;63 jaar;Mannen;2041;67314;26040;17376;8664;4799;3865;16136;9904
9885;63 jaar;Mannen;2042;67513;26878;17430;9448;5025;4423;16757;10121
9886;63 jaar;Mannen;2043;66552;27663;17487;10176;5136;5040;17489;10174
9887;63 jaar;Mannen;2044;68279;28812;17448;11364;5471;5893;18385;10427
9888;63 jaar;Mannen;2045;66397;29540;17638;11902;5493;6409;19187;10353
9889;63 jaar;Mannen;2046;64654;29462;17803;11659;5317;6342;19393;10069
9890;63 jaar;Mannen;2047;63969;29491;17814;11677;5265;6412;19580;9911
9891;63 jaar;Mannen;2048;65545;29947;17894;12053;5476;6577;19962;9985
9892;63 jaar;Mannen;2049;66597;30130;17913;12217;5566;6651;20192;9938
9893;63 jaar;Mannen;2050;68277;30649;17916;12733;5793;6940;20632;10017
9894;63 jaar;Vrouwen;2000;61024;9806;5174;4632;4267;365;2063;7743
9895;63 jaar;Vrouwen;2001;61055;9931;5413;4518;4165;353;2289;7642
9896;63 jaar;Vrouwen;2002;63807;10820;6033;4787;4384;403;2603;8217
9897;63 jaar;Vrouwen;2003;64938;11163;6285;4878;4526;352;2652;8511
9898;63 jaar;Vrouwen;2004;66282;12027;7084;4943;4550;393;3296;8731
9899;63 jaar;Vrouwen;2005;64448;11212;6627;4585;4264;321;2865;8347
9900;63 jaar;Vrouwen;2006;67071;11962;7354;4608;4289;319;3516;8446
9901;63 jaar;Vrouwen;2007;74281;11002;6281;4721;4401;320;3260;7742
9902;63 jaar;Vrouwen;2008;78036;11716;6916;4800;4479;321;3676;8040
9903;63 jaar;Vrouwen;2009;73547;12035;7527;4508;4202;306;4122;7913
9904;63 jaar;Vrouwen;2010;103118;14818;8145;6673;6206;467;4094;10724
9905;63 jaar;Vrouwen;2011;98629;15992;9685;6307;5815;492;4466;11526
9906;63 jaar;Vrouwen;2012;92013;16136;10420;5716;5253;463;5056;11080
9907;63 jaar;Vrouwen;2013;88522;16108;10751;5357;4908;449;5196;10912
9908;63 jaar;Vrouwen;2014;86157;16845;11428;5417;4872;545;6041;10804
9909;63 jaar;Vrouwen;2015;85839;16191;10330;5861;4894;967;5661;10530
9910;63 jaar;Vrouwen;2016;88258;17016;11150;5866;4731;1135;6420;10596
9911;63 jaar;Vrouwen;2017;87828;16916;11396;5520;4426;1094;6716;10200
9912;63 jaar;Vrouwen;2018;88086;17551;11967;5584;4454;1130;7353;10198
9913;63 jaar;Vrouwen;2019;89468;17784;12113;5671;4429;1242;7604;10180
9914;63 jaar;Vrouwen;2020;90385;18129;12464;5665;4394;1271;8017;10112
9915;63 jaar;Vrouwen;2021;91603;18496;12557;5939;4490;1449;8177;10319
9916;63 jaar;Vrouwen;2022;92719;19004;12915;6089;4511;1578;8809;10195
9917;63 jaar;Vrouwen;2023;94778;19555;13150;6405;4826;1579;9062;10493
9918;63 jaar;Vrouwen;2024;93560;20741;14469;6272;4696;1576;10422;10319
9919;63 jaar;Vrouwen;2025;97038;20285;13827;6458;4967;1491;9705;10580
9920;63 jaar;Vrouwen;2026;96141;21715;14858;6857;5247;1610;10886;10829
9921;63 jaar;Vrouwen;2027;97209;21995;15031;6964;5395;1569;11040;10955
9922;63 jaar;Vrouwen;2028;97480;23133;15883;7250;5586;1664;11822;11311
9923;63 jaar;Vrouwen;2029;94938;23232;15937;7295;5703;1592;11955;11277
9924;63 jaar;Vrouwen;2030;93100;23429;16123;7306;5792;1514;12275;11154
9925;63 jaar;Vrouwen;2031;92641;23337;15946;7391;5833;1558;12006;11331
9926;63 jaar;Vrouwen;2032;92495;24574;17097;7477;5844;1633;13285;11289
9927;63 jaar;Vrouwen;2033;96198;25731;17749;7982;6316;1666;13972;11759
9928;63 jaar;Vrouwen;2034;93285;25993;18318;7675;5831;1844;14656;11337
9929;63 jaar;Vrouwen;2035;88673;26031;18437;7594;5630;1964;14939;11092
9930;63 jaar;Vrouwen;2036;84102;26188;18641;7547;5357;2190;15340;10848
9931;63 jaar;Vrouwen;2037;76755;25664;18566;7098;4852;2246;15265;10399
9932;63 jaar;Vrouwen;2038;72988;25852;18607;7245;4823;2422;15543;10309
9933;63 jaar;Vrouwen;2039;69725;25638;18101;7537;4629;2908;15505;10133
9934;63 jaar;Vrouwen;2040;68656;25771;17770;8001;4651;3350;15576;10195
9935;63 jaar;Vrouwen;2041;67030;26917;18349;8568;4696;3872;16713;10204
9936;63 jaar;Vrouwen;2042;67373;27649;18277;9372;4954;4418;17252;10397
9937;63 jaar;Vrouwen;2043;66910;28134;18284;9850;4975;4875;17777;10357
9938;63 jaar;Vrouwen;2044;68221;29295;18111;11184;5350;5834;18671;10624
9939;63 jaar;Vrouwen;2045;67029;29614;18013;11601;5320;6281;19185;10429
9940;63 jaar;Vrouwen;2046;64598;29504;18168;11336;5218;6118;19285;10219
9941;63 jaar;Vrouwen;2047;63942;29818;18254;11564;5171;6393;19679;10139
9942;63 jaar;Vrouwen;2048;65353;30121;18380;11741;5355;6386;20041;10080
9943;63 jaar;Vrouwen;2049;66983;30359;18422;11937;5281;6656;20295;10064
9944;63 jaar;Vrouwen;2050;69156;30877;18304;12573;5662;6911;20696;10181
9945;64 jaar;Totaal mannen en vrouwen;2000;116992;18727;10041;8686;7927;759;4198;14529
9946;64 jaar;Totaal mannen en vrouwen;2001;118043;19873;10908;8965;8236;729;4759;15114
9947;64 jaar;Totaal mannen en vrouwen;2002;117880;20446;11471;8975;8249;726;5252;15194
9948;64 jaar;Totaal mannen en vrouwen;2003;123861;22228;12851;9377;8635;742;5942;16286
9949;64 jaar;Totaal mannen en vrouwen;2004;125939;22865;13405;9460;8731;729;6157;16708
9950;64 jaar;Totaal mannen en vrouwen;2005;128766;25244;15569;9675;8944;731;7693;17551
9951;64 jaar;Totaal mannen en vrouwen;2006;126600;23220;14181;9039;8353;686;6483;16737
9952;64 jaar;Totaal mannen en vrouwen;2007;132152;24489;15361;9128;8496;632;7576;16913
9953;64 jaar;Totaal mannen en vrouwen;2008;146250;22845;13427;9418;8764;654;7069;15776
9954;64 jaar;Totaal mannen en vrouwen;2009;153642;23799;14366;9433;8825;608;7741;16058
9955;64 jaar;Totaal mannen en vrouwen;2010;144770;24570;15457;9113;8515;598;8456;16114
9956;64 jaar;Totaal mannen en vrouwen;2011;204015;29962;16775;13187;12250;937;8648;21314
9957;64 jaar;Totaal mannen en vrouwen;2012;194112;32106;19435;12671;11641;1030;9060;23046
9958;64 jaar;Totaal mannen en vrouwen;2013;181970;32227;20763;11464;10516;948;10044;22183
9959;64 jaar;Totaal mannen en vrouwen;2014;175242;31778;21077;10701;9769;932;10144;21634
9960;64 jaar;Totaal mannen en vrouwen;2015;170526;33013;22261;10752;9673;1079;11761;21252
9961;64 jaar;Totaal mannen en vrouwen;2016;170178;31718;20064;11654;9742;1912;10997;20721
9962;64 jaar;Totaal mannen en vrouwen;2017;174786;33137;21350;11787;9491;2296;12416;20721
9963;64 jaar;Totaal mannen en vrouwen;2018;173725;32949;21836;11113;8833;2280;12941;20008
9964;64 jaar;Totaal mannen en vrouwen;2019;174734;33825;22794;11031;8729;2302;13967;19858
9965;64 jaar;Totaal mannen en vrouwen;2020;176115;34493;23278;11215;8759;2456;14705;19788
9966;64 jaar;Totaal mannen en vrouwen;2021;178846;35569;24367;11202;8653;2549;15925;19644
9967;64 jaar;Totaal mannen en vrouwen;2022;181054;36033;24367;11666;8915;2751;16063;19970
9968;64 jaar;Totaal mannen en vrouwen;2023;182990;37388;25259;12129;9072;3057;17410;19978
9969;64 jaar;Totaal mannen en vrouwen;2024;186865;38568;26119;12449;9343;3106;18251;20317
9970;64 jaar;Totaal mannen en vrouwen;2025;184881;41086;28794;12292;9224;3068;20879;20207
9971;64 jaar;Totaal mannen en vrouwen;2026;191036;40685;27775;12910;9852;3058;19838;20847
9972;64 jaar;Totaal mannen en vrouwen;2027;189722;43209;29727;13482;10322;3160;22025;21184
9973;64 jaar;Totaal mannen en vrouwen;2028;192484;44176;30308;13868;10630;3238;22622;21554
9974;64 jaar;Totaal mannen en vrouwen;2029;192886;46570;32095;14475;11199;3276;24298;22272
9975;64 jaar;Totaal mannen en vrouwen;2030;188319;46785;32364;14421;11301;3120;24571;22214
9976;64 jaar;Totaal mannen en vrouwen;2031;184227;47137;32690;14447;11427;3020;25150;21987
9977;64 jaar;Totaal mannen en vrouwen;2032;183632;46557;31977;14580;11529;3051;24402;22155
9978;64 jaar;Totaal mannen en vrouwen;2033;182755;48946;34089;14857;11682;3175;26654;22292
9979;64 jaar;Totaal mannen en vrouwen;2034;190507;51055;35182;15873;12487;3386;27918;23137
9980;64 jaar;Totaal mannen en vrouwen;2035;184322;51432;35990;15442;11735;3707;29010;22422
9981;64 jaar;Totaal mannen en vrouwen;2036;175634;51186;35964;15222;11235;3987;29333;21853
9982;64 jaar;Totaal mannen en vrouwen;2037;165822;51173;36075;15098;10768;4330;29829;21344
9983;64 jaar;Totaal mannen en vrouwen;2038;151922;49847;35758;14089;9610;4479;29585;20262
9984;64 jaar;Totaal mannen en vrouwen;2039;144863;50311;35872;14439;9506;4933;30289;20022
9985;64 jaar;Totaal mannen en vrouwen;2040;138193;50063;34967;15096;9303;5793;30245;19818
9986;64 jaar;Totaal mannen en vrouwen;2041;136679;50564;34422;16142;9384;6758;30591;19973
9987;64 jaar;Totaal mannen en vrouwen;2042;133100;52301;35222;17079;9411;7668;32463;19838
9988;64 jaar;Totaal mannen en vrouwen;2043;133642;53856;35202;18654;9892;8762;33613;20243
9989;64 jaar;Totaal mannen en vrouwen;2044;132236;55114;35266;19848;10022;9826;34859;20255
9990;64 jaar;Totaal mannen en vrouwen;2045;135247;57411;35060;22351;10728;11623;36640;20771
9991;64 jaar;Totaal mannen en vrouwen;2046;132204;58452;35152;23300;10720;12580;37948;20504
9992;64 jaar;Totaal mannen en vrouwen;2047;128077;58263;35467;22796;10445;12351;38248;20015
9993;64 jaar;Totaal mannen en vrouwen;2048;126760;58606;35565;23041;10347;12694;38826;19780
9994;64 jaar;Totaal mannen en vrouwen;2049;129719;59357;35769;23588;10737;12851;39564;19793
9995;64 jaar;Totaal mannen en vrouwen;2050;132384;59777;35831;23946;10755;13191;40043;19734
9996;64 jaar;Mannen;2000;57023;9308;5023;4285;3905;380;2273;7035
9997;64 jaar;Mannen;2001;57570;10145;5770;4375;4008;367;2690;7455
9998;64 jaar;Mannen;2002;57359;10599;6100;4499;4122;377;2965;7634
9999;64 jaar;Mannen;2003;60610;11496;6865;4631;4287;344;3340;8156
