ID;LeeftijdOp31December;RegioS;Perioden;MannenEnVrouwen_1;Mannen_2;Vrouwen_3;MannenEnVrouwen_4;Mannen_5;Vrouwen_6;MannenEnVrouwen_7;Mannen_8;Vrouwen_9;MannenEnVrouwen_10;Mannen_11;Vrouwen_12;MannenEnVrouwen_13;Mannen_14;Vrouwen_15
0;Totaal;Nederland;1995;15459005.5;7644885.5;7814120.0;6764018.5;3621767.5;3142251.0;7071615.5;3539561.0;3532054.5;876864.0;156742.5;720121.5;746507.5;326814.5;419693.0
1;Totaal;Nederland;1996;15530498.0;7679546.0;7850952.0;6820698.5;3652108.0;3168590.5;7053538.5;3529554.0;3523984.5;879832.0;158330.0;721502.0;776427.0;339553.5;436873.5
2;Totaal;Nederland;1997;15610649.5;7718438.5;7892211.0;6879955.5;3682976.5;3196979.0;7044961.5;3524974.0;3519987.5;882063.5;159971.0;722092.5;803669.0;350517.0;453152.0
3;Totaal;Nederland;1998;15707208.5;7766672.5;7940536.0;6945662.0;3717032.0;3228630.0;7051460.0;3529004.5;3522455.5;872549.5;159449.0;713100.5;837537.0;361187.0;476350.0
4;Totaal;Nederland;1999;15812087.5;7819794.0;7992293.5;7014537.0;3753034.5;3261502.5;7064795.5;3536078.5;3528717.0;872304.0;160070.0;712234.0;860451.0;370611.0;489840.0
5;Totaal;Nederland;2000;15925512.5;7878086.0;8047426.5;7093891.5;3794712.5;3299179.0;7075330.0;3541452.5;3533877.5;882094.0;162526.5;719567.5;874215.0;379412.5;494802.5
6;Totaal;Nederland;2001;16046180.0;7940911.0;8105269.0;7190030.5;3845076.5;3344954.0;7071743.5;3540098.0;3531645.5;882013.5;164164.0;717849.5;902392.5;391572.5;510820.0
7;Totaal;Nederland;2002;16148928.5;7993719.0;8155209.5;7281371.0;3891850.0;3389521.0;7058079.0;3533584.5;3524494.5;880809.0;165734.0;715075.0;928669.5;402550.5;526119.0
8;Totaal;Nederland;2003;16225302.0;8030692.5;8194609.5;7355536.5;3927884.0;3427652.5;7043340.0;3526003.0;3517337.0;878660.5;167096.5;711564.0;947765.0;409709.0;538056.0
9;Totaal;Nederland;2004;16281779.0;8055946.5;8225832.5;7419821.5;3957449.5;3462372.0;7018504.0;3513140.0;3505364.0;877092.5;168616.5;708476.0;966361.0;416740.5;549620.5
10;Totaal;Nederland;2005;16319868.0;8071693.0;8248175.0;7474752.0;3981852.5;3492899.5;6983328.5;3495170.5;3488158.0;875750.5;170140.5;705610.0;986037.0;424529.5;561507.5
11;Totaal;Nederland;2006;16346101.0;8082960.5;8263140.5;7521274.0;4002939.5;3518334.5;6945918.0;3476281.5;3469636.5;873230.5;171319.0;701911.5;1005678.5;432420.5;573258.0
12;Totaal;Nederland;2007;16381695.5;8100293.5;8281402.0;7572570.0;4027518.5;3545051.5;6912941.5;3459699.0;3453242.5;870588.0;172464.0;698124.0;1025596.0;440612.0;584984.0
13;Totaal;Nederland;2008;16445593.0;8134234.5;8311358.5;7641165.0;4062643.0;3578522.0;6890391.0;3448571.5;3441819.5;868208.0;174011.5;694196.5;1045829.0;449008.5;596820.5
14;Totaal;Nederland;2009;16530388.0;8179936.0;8350452.0;7691119.0;4089720.0;3601399.0;6878863.5;3443175.5;3435688.0;866876.5;176045.5;690831.0;1093529.0;470995.0;622534.0
15;Totaal;Nederland;2010;16615394.0;8223479.0;8391915.0;7737559.0;4113362.0;3624197.0;6870027.0;3438932.5;3431094.5;866721.0;178388.0;688333.0;1141087.0;492796.5;648290.5
16;Totaal;Nederland;2011;16693073.5;8263176.5;8429897.0;7807320.0;4147902.5;3659417.5;6857991.0;3432991.5;3424999.5;866143.5;181027.5;685116.0;1161619.0;501255.0;660364.0
17;Totaal;Nederland;2012;16754961.5;8295105.0;8459856.5;7868616.5;4178166.0;3690450.5;6837424.0;3422639.0;3414785.0;864985.0;183605.0;681380.0;1183936.0;510695.0;673241.0
18;Totaal;Nederland;2013;16804432.0;8320862.0;8483570.0;7926199.0;4206923.5;3719275.5;6805430.5;3406370.0;3399060.5;863736.0;186049.0;677687.0;1209066.5;521519.5;687547.0
19;Totaal;Nederland;2014;16865007.5;8353621.5;8511386.0;7994232.5;4242098.0;3752134.5;6770144.0;3388595.0;3381549.0;862998.5;188765.5;674233.0;1237632.5;534163.0;703469.5
20;Totaal;Nederland;2015;16939923.0;8394996.5;8544926.5;8072059.5;4283085.5;3788974.0;6740406.5;3373804.5;3366602.0;861794.0;191499.0;670295.0;1265663.0;546607.5;719055.5
21;Totaal;Nederland;2016;17030313.5;8446118.5;8584195.0;8156607.0;4329180.0;3827427.0;6723011.0;3365447.5;3357563.5;860301.5;194171.5;666130.0;1290394.0;557319.5;733074.5
22;Totaal;Noord-Nederland (LD);1995;1624947.5;807206.5;817741.0;704939.0;382257.5;322681.5;754094.5;377129.0;376965.5;101764.5;18869.0;82895.5;64149.5;28951.0;35198.5
23;Totaal;Noord-Nederland (LD);1996;1630716.5;810187.5;820529.0;708717.0;384401.0;324316.0;752928.5;376536.5;376392.0;101964.0;18963.0;83001.0;67107.0;30287.0;36820.0
24;Totaal;Noord-Nederland (LD);1997;1637395.0;813542.0;823853.0;712904.5;386564.5;326340.0;752345.0;376282.5;376062.5;102110.0;19107.5;83002.5;70035.5;31587.5;38448.0
25;Totaal;Noord-Nederland (LD);1998;1644553.5;817208.0;827345.5;717072.5;388731.0;328341.5;752603.5;376519.5;376084.0;101316.5;19098.0;82218.5;73561.0;32859.5;40701.5
26;Totaal;Noord-Nederland (LD);1999;1652627.5;821105.5;831522.0;721923.5;391123.0;330800.5;753387.5;376943.5;376444.0;101298.5;19121.5;82177.0;76018.0;33917.5;42100.5
27;Totaal;Noord-Nederland (LD);2000;1664243.0;826718.0;837525.0;729954.0;395100.5;334853.5;754357.0;377393.5;376963.5;102189.0;19291.5;82897.5;77743.0;34932.5;42810.5
28;Totaal;Noord-Nederland (LD);2001;1678498.5;834087.5;844411.0;741176.5;400975.0;340201.5;754305.0;377374.0;376931.0;102152.0;19417.0;82735.0;80865.0;36321.5;44543.5
29;Totaal;Noord-Nederland (LD);2002;1689750.5;839996.0;849754.5;751553.0;406345.5;345207.5;752465.0;376472.0;375993.0;101943.5;19564.5;82379.0;83789.0;37614.0;46175.0
30;Totaal;Noord-Nederland (LD);2003;1696451.5;843405.5;853046.0;759452.5;410268.0;349184.5;749590.0;375020.5;374569.5;101570.0;19661.5;81908.5;85839.0;38455.5;47383.5
31;Totaal;Noord-Nederland (LD);2004;1700141.5;845278.0;854863.5;765512.5;413223.0;352289.5;745808.5;373087.0;372721.5;101141.0;19784.5;81356.5;87679.5;39183.5;48496.0
32;Totaal;Noord-Nederland (LD);2005;1701085.5;845585.5;855500.0;769615.0;414946.5;354668.5;741113.5;370702.0;370411.5;100827.0;19966.0;80861.0;89530.0;39971.0;49559.0
33;Totaal;Noord-Nederland (LD);2006;1701386.5;845415.0;855971.5;773331.0;416362.0;356969.0;736345.0;368234.5;368110.5;100295.0;20015.5;80279.5;91415.5;40803.0;50612.5
34;Totaal;Noord-Nederland (LD);2007;1703401.5;846289.5;857112.0;778038.0;418429.5;359608.5;732082.5;366037.0;366045.5;99820.5;20111.0;79709.5;93460.5;41712.0;51748.5
35;Totaal;Noord-Nederland (LD);2008;1706802.0;848028.0;858774.0;783088.5;420803.5;362285.0;728479.5;364234.5;364245.0;99595.0;20355.0;79240.0;95639.0;42635.0;53004.0
36;Totaal;Noord-Nederland (LD);2009;1711387.5;850625.5;860762.0;783869.0;421332.0;362537.0;725769.5;362925.0;362844.5;99437.5;20605.0;78832.5;102311.5;45763.5;56548.0
37;Totaal;Noord-Nederland (LD);2010;1715841.5;853315.5;862526.0;784706.5;422027.0;362679.5;722533.0;361348.5;361184.5;99334.0;20864.0;78470.0;109268.0;49076.0;60192.0
38;Totaal;Noord-Nederland (LD);2011;1718312.5;854915.0;863397.5;789195.0;424399.5;364795.5;718222.5;359173.5;359049.0;99147.5;21166.5;77981.0;111747.5;50175.5;61572.0
39;Totaal;Noord-Nederland (LD);2012;1718690.5;855428.5;863262.0;792373.5;426086.0;366287.5;713229.0;356637.5;356591.5;98891.0;21464.0;77427.0;114197.0;51241.0;62956.0
40;Totaal;Noord-Nederland (LD);2013;1718259.0;855383.0;862876.0;795692.5;427712.5;367980.0;706955.0;353467.0;353488.0;98609.5;21735.0;76874.5;117002.0;52468.5;64533.5
41;Totaal;Noord-Nederland (LD);2014;1718404.0;855896.0;862508.0;799647.5;429823.0;369824.5;700355.5;350165.5;350190.0;98375.5;22026.0;76349.5;120025.5;53881.5;66144.0
42;Totaal;Noord-Nederland (LD);2015;1718582.5;856708.5;861874.0;802979.0;431857.0;371122.0;694472.5;347205.5;347267.0;98092.5;22325.5;75767.0;123038.5;55320.5;67718.0
43;Totaal;Noord-Nederland (LD);2016;1720318.5;858127.0;862191.5;807221.0;434235.5;372985.5;689561.0;344662.0;344899.0;97682.0;22611.0;75071.0;125854.5;56618.5;69236.0
44;Totaal;Oost-Nederland (LD);1995;3190277.0;1582035.5;1608241.5;1396794.0;749149.5;647644.5;1496737.0;748383.5;748353.5;177285.5;32233.0;145052.5;119460.5;52269.5;67191.0
45;Totaal;Oost-Nederland (LD);1996;3214321.5;1594058.5;1620263.0;1409723.5;756286.0;653437.5;1500862.5;750354.0;750508.5;178608.0;32669.5;145938.5;125127.5;54749.0;70378.5
46;Totaal;Oost-Nederland (LD);1997;3239224.0;1606325.0;1632899.0;1422813.0;763184.5;659628.5;1506103.0;752922.5;753180.5;179789.5;33161.0;146628.5;130518.5;57057.0;73461.5
47;Totaal;Oost-Nederland (LD);1998;3268079.5;1620726.0;1647353.5;1437795.0;771063.0;666732.0;1513973.5;756955.0;757018.5;179002.5;33223.0;145779.5;137308.5;59485.0;77823.5
48;Totaal;Oost-Nederland (LD);1999;3298839.5;1636441.5;1662398.0;1453528.0;779545.5;673982.5;1523367.0;761804.5;761562.5;179446.0;33352.0;146094.0;142498.5;61739.5;80759.0
49;Totaal;Oost-Nederland (LD);2000;3331759.5;1653275.5;1678484.0;1472384.0;789599.0;682785.0;1531518.5;765953.0;765565.5;181376.5;33742.0;147634.5;146480.5;63981.5;82499.0
50;Totaal;Oost-Nederland (LD);2001;3367258.0;1671547.5;1695710.5;1495984.5;802155.5;693829.0;1536592.5;768534.0;768058.5;181897.5;34104.0;147793.5;152783.5;66754.0;86029.5
51;Totaal;Oost-Nederland (LD);2002;3398882.5;1687843.0;1711039.5;1518874.0;814264.5;704609.5;1538645.0;769620.5;769024.5;182401.0;34551.5;147849.5;158962.5;69406.5;89556.0
52;Totaal;Oost-Nederland (LD);2003;3422562.0;1699543.0;1723019.0;1537250.0;823573.5;713676.5;1538616.0;769600.0;769016.0;182633.0;34904.0;147729.0;164063.0;71465.5;92597.5
53;Totaal;Oost-Nederland (LD);2004;3439823.0;1707383.5;1732439.5;1552342.0;830543.0;721799.0;1535871.0;768199.5;767671.5;182817.0;35279.5;147537.5;168793.0;73361.5;95431.5
54;Totaal;Oost-Nederland (LD);2005;3453595.0;1713373.5;1740221.5;1565401.0;836389.5;729011.5;1531662.5;766050.5;765612.0;183104.5;35693.0;147411.5;173427.0;75240.5;98186.5
55;Totaal;Oost-Nederland (LD);2006;3464873.0;1718602.0;1746271.0;1576552.5;841708.0;734844.5;1527221.5;763770.5;763451.0;183046.0;35981.0;147065.0;178053.0;77142.5;100910.5
56;Totaal;Oost-Nederland (LD);2007;3476204.0;1724129.5;1752074.5;1586969.5;846825.0;740144.5;1523482.5;761820.5;761662.0;182897.0;36276.5;146620.5;182855.0;79207.5;103647.5
57;Totaal;Oost-Nederland (LD);2008;3491248.5;1732118.5;1759130.0;1599111.5;853225.5;745886.0;1521477.5;760790.0;760687.5;182761.5;36671.5;146090.0;187898.0;81431.5;106466.5
58;Totaal;Oost-Nederland (LD);2009;3508554.0;1741518.0;1767036.0;1606514.5;857540.0;748974.5;1520384.5;760335.5;760049.0;182816.0;37145.5;145670.5;198839.0;86497.0;112342.0
59;Totaal;Oost-Nederland (LD);2010;3524132.5;1749207.0;1774925.5;1612653.5;860477.5;752176.0;1518961.0;759629.5;759331.5;183000.0;37712.0;145288.0;209518.0;91388.0;118130.0
60;Totaal;Oost-Nederland (LD);2011;3537520.5;1755782.5;1781738.0;1622960.5;865300.0;757660.5;1516986.5;758573.5;758413.0;183012.0;38365.5;144646.5;214561.5;93543.5;121018.0
61;Totaal;Oost-Nederland (LD);2012;3548760.0;1761699.5;1787060.5;1631927.0;869743.5;762183.5;1513605.0;756878.0;756727.0;183118.5;39040.5;144078.0;220109.5;96037.5;124072.0
62;Totaal;Oost-Nederland (LD);2013;3556432.0;1766099.0;1790333.0;1639760.5;873998.5;765762.0;1507162.0;753619.5;753542.5;183200.5;39632.5;143568.0;226309.0;98848.5;127460.5
63;Totaal;Oost-Nederland (LD);2014;3564151.5;1770889.5;1793262.0;1648315.5;879030.5;769285.0;1499453.5;749692.0;749761.5;183228.0;40204.5;143023.5;233154.5;101962.5;131192.0
64;Totaal;Oost-Nederland (LD);2015;3576360.0;1778105.0;1798255.0;1659586.5;885364.5;774222.0;1494016.5;746969.5;747047.0;183258.0;40925.5;142332.5;239499.0;104845.5;134653.5
65;Totaal;Oost-Nederland (LD);2016;3593552.5;1788364.0;1805188.5;1673017.0;893264.5;779752.5;1492087.5;746103.5;745984.0;183252.0;41623.5;141628.5;245196.0;107372.5;137823.5
66;Totaal;West-Nederland (LD);1995;7228606.0;3551657.0;3676949.0;3238869.5;1719269.0;1519600.5;3160280.5;1583495.5;1576785.0;415461.5;70904.5;344557.0;413994.5;177988.0;236006.5
67;Totaal;West-Nederland (LD);1996;7253267.0;3563150.0;3690117.0;3268269.5;1734471.5;1533798.0;3141256.0;1573163.0;1568093.0;414788.5;71359.5;343429.0;428952.5;184156.0;244796.5
68;Totaal;West-Nederland (LD);1997;7285285.5;3578740.5;3706545.0;3300110.5;1750877.0;1549233.5;3129655.5;1567087.5;1562568.0;413593.5;71768.0;341825.5;441926.0;189008.0;252918.0
69;Totaal;West-Nederland (LD);1998;7327471.5;3600010.0;3727461.5;3335985.0;1769225.5;1566759.5;3127118.5;1566247.0;1560871.5;405450.5;70880.5;334570.0;458917.5;193657.0;265260.5
70;Totaal;West-Nederland (LD);1999;7373517.0;3623681.0;3749836.0;3372811.5;1788262.0;1584549.5;3128394.0;1566993.0;1561401.0;403485.5;70898.0;332587.5;468826.0;197528.0;271298.0
71;Totaal;West-Nederland (LD);2000;7422014.5;3649471.0;3772543.5;3412343.0;1809105.5;1603237.5;3129568.5;1567565.5;1562003.0;407808.5;72104.5;335704.0;472294.5;200695.5;271599.0
72;Totaal;West-Nederland (LD);2001;7474316.5;3677177.0;3797139.5;3459226.5;1833320.5;1625906.0;3124639.0;1565383.5;1559255.5;405993.5;72647.5;333346.0;484457.5;205825.5;278632.0
73;Totaal;West-Nederland (LD);2002;7522042.5;3701956.0;3820086.5;3505326.0;1856565.0;1648761.0;3117290.5;1561939.0;1555351.5;403566.5;73014.0;330552.5;495859.5;210438.0;285421.5
74;Totaal;West-Nederland (LD);2003;7562080.5;3721511.0;3840569.5;3544866.5;1875457.5;1669409.0;3113288.5;1559825.0;1553463.5;400711.0;73342.5;327368.5;503214.5;212886.0;290328.5
75;Totaal;West-Nederland (LD);2004;7594623.0;3736370.5;3858252.5;3580538.0;1891679.0;1688859.0;3105256.0;1555519.0;1549737.0;398337.5;73767.5;324570.0;510491.5;215405.0;295086.5
76;Totaal;West-Nederland (LD);2005;7617218.5;3746159.5;3871059.0;3611694.5;1905548.0;1706146.5;3090796.5;1548004.5;1542792.0;396084.0;74143.0;321941.0;518643.5;218464.0;300179.5
77;Totaal;West-Nederland (LD);2006;7632476.0;3752956.5;3879519.5;3637804.0;1917179.0;1720625.0;3074756.0;1539903.5;1534852.5;393397.5;74476.0;318921.5;526518.5;221398.0;305120.5
78;Totaal;West-Nederland (LD);2007;7654400.5;3763830.0;3890570.5;3668222.0;1931597.5;1736624.5;3061166.0;1533150.5;1528015.5;390619.5;74666.5;315953.0;534393.0;224415.5;309977.5
79;Totaal;West-Nederland (LD);2008;7694694.5;3785161.0;3909533.5;3710966.5;1953277.5;1757689.0;3053319.5;1529389.0;1523930.5;388054.5;74960.5;313094.0;542354.0;227534.0;314820.0
80;Totaal;West-Nederland (LD);2009;7748435.0;3813828.5;3934606.5;3746681.5;1971938.0;1774743.5;3053058.5;1529469.5;1523589.0;386161.5;75627.5;310534.0;562533.5;236793.5;325740.0
81;Totaal;West-Nederland (LD);2010;7803569.5;3841800.0;3961769.5;3779976.5;1988491.0;1791485.5;3056219.0;1531156.5;1525062.5;384923.0;76393.0;308530.0;582451.0;245759.5;336691.5
82;Totaal;West-Nederland (LD);2011;7855439.0;3868145.5;3987293.5;3823715.5;2010068.5;1813647.0;3057845.0;1532130.0;1525715.0;383627.0;77266.0;306361.0;590251.5;248681.0;341570.5
83;Totaal;West-Nederland (LD);2012;7897679.5;3889299.5;4008380.0;3862388.0;2028669.0;1833719.0;3054427.0;1530415.0;1524012.0;381972.5;78097.0;303875.5;598892.0;252118.5;346773.5
84;Totaal;West-Nederland (LD);2013;7933650.0;3907052.5;4026597.5;3898227.5;2045838.5;1852389.0;3046194.0;1526132.0;1520062.0;380321.5;78845.5;301476.0;608907.0;256236.5;352670.5
85;Totaal;West-Nederland (LD);2014;7979466.0;3930505.0;4048961.0;3942224.5;2067704.5;1874520.0;3037172.0;1521583.0;1515589.0;379084.0;79803.5;299280.5;620985.5;261414.0;359571.5
86;Totaal;West-Nederland (LD);2015;8034130.0;3959171.0;4074959.0;3993558.5;2093776.5;1899782.0;3029670.0;1517912.0;1511758.0;377694.0;80715.0;296979.0;633207.5;266767.5;366440.0
87;Totaal;West-Nederland (LD);2016;8093899.5;3991585.0;4102314.5;4046264.5;2121530.5;1924734.0;3027523.5;1517084.0;1510439.5;376295.0;81680.0;294615.0;643816.5;271290.5;372526.0
88;Totaal;Zuid-Nederland (LD);1995;3415175.0;1703986.5;1711188.5;1423416.0;771091.5;652324.5;1660503.5;830553.0;829950.5;182352.5;34736.0;147616.5;148903.0;67606.0;81297.0
89;Totaal;Zuid-Nederland (LD);1996;3432193.0;1712150.0;1720043.0;1433988.5;776949.5;657039.0;1658491.5;829500.5;828991.0;184471.5;35338.0;149133.5;155240.0;70361.5;84878.5
90;Totaal;Zuid-Nederland (LD);1997;3448745.0;1719831.0;1728914.0;1444127.5;782350.5;661777.0;1656858.0;828681.5;828176.5;186570.5;35934.5;150636.0;161189.0;72864.5;88324.5
91;Totaal;Zuid-Nederland (LD);1998;3467104.0;1728728.5;1738375.5;1454809.5;788012.5;666797.0;1657764.5;829283.0;828481.5;186780.0;36247.5;150532.5;167750.0;75185.5;92564.5
92;Totaal;Zuid-Nederland (LD);1999;3487103.5;1738566.0;1748537.5;1466274.0;794104.0;672170.0;1659647.0;830337.5;829309.5;188074.0;36698.5;151375.5;173108.5;77426.0;95682.5
93;Totaal;Zuid-Nederland (LD);2000;3507495.5;1748621.5;1758874.0;1479210.5;800907.5;678303.0;1659886.0;830540.5;829345.5;190720.0;37388.5;153331.5;177697.0;79803.0;97894.0
94;Totaal;Zuid-Nederland (LD);2001;3526107.0;1758099.0;1768008.0;1493643.0;808625.5;685017.5;1656207.0;828806.5;827400.5;191970.5;37995.5;153975.0;184286.5;82671.5;101615.0
95;Totaal;Zuid-Nederland (LD);2002;3538253.0;1763924.0;1774329.0;1505618.0;814675.0;690943.0;1649678.5;825553.0;824125.5;192898.0;38604.0;154294.0;190058.5;85092.0;104966.5
96;Totaal;Zuid-Nederland (LD);2003;3544208.0;1766233.0;1777975.0;1513967.5;818585.0;695382.5;1641845.5;821557.5;820288.0;193746.5;39188.5;154558.0;194648.5;86902.0;107746.5
97;Totaal;Zuid-Nederland (LD);2004;3547191.5;1766914.5;1780277.0;1521429.0;822004.5;699424.5;1631568.5;816334.5;815234.0;194797.0;39785.0;155012.0;199397.0;88790.5;110606.5
98;Totaal;Zuid-Nederland (LD);2005;3547969.0;1766574.5;1781394.5;1528041.5;824968.5;703073.0;1619756.0;810413.5;809342.5;195735.0;40338.5;155396.5;204436.5;90854.0;113582.5
99;Totaal;Zuid-Nederland (LD);2006;3547365.5;1765987.0;1781378.5;1533586.5;827690.5;705896.0;1607595.5;804373.0;803222.5;196492.0;40846.5;155645.5;209691.5;93077.0;116614.5
100;Totaal;Zuid-Nederland (LD);2007;3547689.5;1766044.5;1781645.0;1539340.5;830666.5;708674.0;1596210.5;798691.0;797519.5;197251.0;41410.0;155841.0;214887.5;95277.0;119610.5
101;Totaal;Zuid-Nederland (LD);2008;3552848.0;1768927.0;1783921.0;1547998.5;835336.5;712662.0;1587114.5;794158.0;792956.5;197797.0;42024.5;155772.5;219938.0;97408.0;122530.0
102;Totaal;Zuid-Nederland (LD);2009;3562011.5;1773964.0;1788047.5;1554054.0;838910.0;715144.0;1579651.0;790445.5;789205.5;198461.5;42667.5;155794.0;229845.0;101941.0;127904.0
103;Totaal;Zuid-Nederland (LD);2010;3571850.5;1779156.5;1792694.0;1560222.5;842366.5;717856.0;1572314.0;786798.0;785516.0;199464.0;43419.0;156045.0;239850.0;106573.0;133277.0
104;Totaal;Zuid-Nederland (LD);2011;3581801.5;1784333.5;1797468.0;1571449.0;848134.5;723314.5;1564937.0;783114.5;781822.5;200357.0;44229.5;156127.5;245058.5;108855.0;136203.5
105;Totaal;Zuid-Nederland (LD);2012;3589831.5;1788677.5;1801154.0;1581928.0;853667.5;728260.5;1556163.0;778708.5;777454.5;201003.0;45003.5;155999.5;250737.5;111298.0;139439.5
106;Totaal;Zuid-Nederland (LD);2013;3596091.0;1792327.5;1803763.5;1592518.5;859374.0;733144.5;1545119.5;773151.5;771968.0;201604.5;45836.0;155768.5;256848.5;113966.0;142882.5
107;Totaal;Zuid-Nederland (LD);2014;3602986.0;1796331.0;1806655.0;1604045.0;865540.0;738505.0;1533163.0;767154.5;766008.5;202311.0;46731.5;155579.5;263467.0;116905.0;146562.0
108;Totaal;Zuid-Nederland (LD);2015;3610850.5;1801012.0;1809838.5;1615935.5;872087.5;743848.0;1522247.5;761717.5;760530.0;202749.5;47533.0;155216.5;269918.0;119674.0;150244.0
109;Totaal;Zuid-Nederland (LD);2016;3622543.0;1808042.5;1814500.5;1630104.5;880149.5;749955.0;1513839.0;757598.0;756241.0;203072.5;48257.0;154815.5;275527.0;122038.0;153489.0
110;Totaal;Groningen (PV);1995;558054.0;276105.5;281948.5;254757.0;137083.0;117674.0;242328.0;121228.0;121100.0;36131.0;6638.5;29492.5;24838.0;11156.0;13682.0
111;Totaal;Groningen (PV);1996;558118.5;276313.5;281805.0;255423.0;137565.0;117858.0;240776.5;120466.0;120310.5;35981.5;6610.5;29371.0;25937.5;11672.0;14265.5
112;Totaal;Groningen (PV);1997;558030.0;276285.5;281744.5;255962.0;137814.0;118148.0;239307.5;119730.0;119577.5;35827.0;6636.5;29190.5;26933.5;12105.0;14828.5
113;Totaal;Groningen (PV);1998;559002.5;276748.0;282254.5;257318.0;138432.0;118886.0;238133.5;119158.0;118975.5;35420.0;6630.0;28790.0;28131.0;12528.0;15603.0
114;Totaal;Groningen (PV);1999;561317.0;277976.0;283341.0;259625.5;139557.0;120068.5;237504.0;118870.5;118633.5;35256.5;6635.0;28621.5;28931.0;12913.5;16017.5
115;Totaal;Groningen (PV);2000;564567.5;279654.5;284913.0;262501.0;140994.0;121507.0;237367.5;118794.5;118573.0;35387.5;6685.0;28702.5;29311.5;13181.0;16130.5
116;Totaal;Groningen (PV);2001;568484.5;281753.5;286731.0;266150.0;142922.5;123227.5;236925.0;118585.5;118339.5;35205.5;6683.5;28522.0;30204.0;13562.0;16642.0
117;Totaal;Groningen (PV);2002;571738.5;283601.0;288137.5;269765.5;144863.5;124902.0;235923.5;118110.5;117813.0;34943.0;6685.0;28258.0;31106.5;13942.0;17164.5
118;Totaal;Groningen (PV);2003;573690.5;284771.5;288919.0;272850.0;146496.5;126353.5;234442.5;117377.5;117065.0;34603.5;6692.0;27911.5;31794.5;14205.5;17589.0
119;Totaal;Groningen (PV);2004;574728.0;285387.0;289341.0;275457.5;147802.5;127655.0;232608.5;116450.5;116158.0;34259.5;6680.5;27579.0;32402.5;14453.5;17949.0
120;Totaal;Groningen (PV);2005;574557.0;285316.5;289240.5;277052.0;148511.5;128540.5;230620.5;115444.5;115176.0;33959.5;6686.0;27273.5;32925.0;14674.5;18250.5
121;Totaal;Groningen (PV);2006;573828.0;284940.0;288888.0;278279.0;148978.0;129301.0;228407.5;114305.5;114102.0;33633.0;6707.5;26925.5;33508.5;14949.0;18559.5
122;Totaal;Groningen (PV);2007;573536.5;284734.5;288802.0;279888.5;149604.5;130284.0;226162.0;113153.5;113008.5;33366.0;6731.0;26635.0;34120.0;15245.5;18874.5
123;Totaal;Groningen (PV);2008;573775.5;284829.5;288946.0;281668.5;150365.0;131303.5;224333.5;112225.0;112108.5;33056.0;6747.0;26309.0;34717.5;15492.5;19225.0
124;Totaal;Groningen (PV);2009;575380.0;285738.0;289642.0;282920.5;150945.0;131975.5;223200.0;111672.0;111528.0;32768.0;6792.0;25976.0;36491.5;16329.0;20162.5
125;Totaal;Groningen (PV);2010;577852.0;287209.5;290642.5;284693.0;151912.0;132781.0;222208.5;111209.0;110999.5;32563.0;6866.5;25696.5;38387.5;17222.0;21165.5
126;Totaal;Groningen (PV);2011;579955.5;288339.0;291616.5;287574.0;153309.5;134264.5;220991.5;110592.0;110399.5;32308.5;6904.5;25404.0;39081.5;17533.0;21548.5
127;Totaal;Groningen (PV);2012;581290.0;289014.5;292275.5;290034.5;154454.5;135580.0;219375.0;109756.0;109619.0;32161.0;6979.5;25181.5;39719.5;17824.5;21895.0
128;Totaal;Groningen (PV);2013;582216.5;289547.5;292669.0;292561.0;155692.5;136868.5;217194.5;108640.5;108554.0;31991.0;7078.0;24913.0;40470.0;18136.5;22333.5
129;Totaal;Groningen (PV);2014;583335.0;290330.0;293005.0;295342.0;157123.5;138218.5;214920.5;107510.5;107410.0;31704.5;7130.5;24574.0;41368.0;18565.5;22802.5
130;Totaal;Groningen (PV);2015;583831.5;290949.0;292882.5;297283.5;158248.5;139035.0;212810.0;106472.0;106338.0;31450.0;7198.5;24251.5;42288.0;19030.0;23258.0
131;Totaal;Groningen (PV);2016;583651.0;291174.5;292476.5;298633.0;159066.5;139566.5;210849.5;105479.0;105370.5;31206.0;7296.5;23909.5;42962.5;19332.5;23630.0
132;Totaal;Friesland (PV);1995;610803.5;304433.5;306370.0;266668.5;145258.5;121410.0;283788.5;141867.0;141921.5;37081.0;6816.5;30264.5;23265.5;10491.5;12774.0
133;Totaal;Friesland (PV);1996;613536.5;305853.0;307683.5;268386.5;146205.0;122181.5;283747.0;141838.5;141908.5;37085.0;6834.0;30251.0;24318.0;10975.5;13342.5
134;Totaal;Friesland (PV);1997;616577.5;307492.0;309085.5;270221.5;147231.0;122990.5;283853.5;141924.0;141929.5;37107.5;6874.0;30233.5;25395.0;11463.0;13932.0
135;Totaal;Friesland (PV);1998;619668.5;309186.5;310482.0;271714.0;148066.0;123648.0;284477.5;142297.0;142180.5;36765.5;6888.5;29877.0;26711.5;11935.0;14776.5
136;Totaal;Friesland (PV);1999;622861.0;310771.0;312090.0;273266.0;148855.0;124411.0;285246.5;142695.5;142551.0;36714.5;6903.0;29811.5;27634.0;12317.5;15316.5
137;Totaal;Friesland (PV);2000;627519.5;313047.5;314472.0;276303.0;150396.5;125906.5;285890.0;143012.0;142878.0;37015.5;6938.0;30077.5;28311.0;12701.0;15610.0
138;Totaal;Friesland (PV);2001;633361.5;316086.5;317275.0;280737.0;152758.0;127979.0;286064.0;143085.5;142978.5;37026.0;6992.0;30034.0;29534.5;13251.0;16283.5
139;Totaal;Friesland (PV);2002;637985.5;318532.5;319453.0;284727.0;154832.0;129895.0;285601.0;142839.5;142761.5;36983.5;7082.5;29901.0;30674.0;13778.5;16895.5
140;Totaal;Friesland (PV);2003;640926.5;320069.5;320857.0;287711.0;156331.0;131380.0;284990.5;142534.5;142456.0;36851.5;7130.0;29721.5;31373.5;14074.0;17299.5
141;Totaal;Friesland (PV);2004;642521.5;320945.5;321576.0;289872.0;157445.5;132426.5;284031.0;142050.0;141981.0;36723.0;7181.0;29542.0;31895.5;14269.0;17626.5
142;Totaal;Friesland (PV);2005;642603.5;320923.0;321680.5;291010.5;157876.0;133134.5;282444.0;141253.0;141191.0;36676.0;7265.5;29410.5;32473.0;14528.5;17944.5
143;Totaal;Friesland (PV);2006;642219.5;320497.0;321722.5;291843.5;158013.0;133830.5;280772.0;140399.0;140373.0;36525.5;7288.0;29237.5;33078.5;14797.0;18281.5
144;Totaal;Friesland (PV);2007;642699.0;320742.5;321956.5;293195.0;158619.5;134575.5;279439.0;139720.0;139719.0;36332.5;7314.0;29018.5;33732.5;15089.0;18643.5
145;Totaal;Friesland (PV);2008;644000.0;321558.5;322441.5;294952.0;159579.0;135373.0;278250.5;139126.0;139124.5;36287.0;7420.5;28866.5;34510.5;15433.0;19077.5
146;Totaal;Friesland (PV);2009;645558.0;322463.0;323095.0;294620.5;159513.0;135107.5;277484.5;138756.0;138728.5;36290.0;7524.5;28765.5;37163.0;16669.5;20493.5
147;Totaal;Friesland (PV);2010;646793.5;323175.0;323618.5;294023.0;159259.0;134764.0;276539.5;138286.0;138253.5;36318.0;7636.5;28681.5;39913.0;17993.5;21919.5
148;Totaal;Friesland (PV);2011;647248.0;323467.0;323781.0;295020.5;159768.5;135252.0;275004.5;137507.0;137497.5;36352.0;7772.0;28580.0;40871.0;18419.5;22451.5
149;Totaal;Friesland (PV);2012;647038.0;323468.5;323569.5;295588.5;160118.0;135470.5;273353.0;136681.5;136671.5;36299.5;7873.5;28426.0;41797.0;18795.5;23001.5
150;Totaal;Friesland (PV);2013;646589.5;323342.0;323247.5;296307.5;160502.0;135805.5;271179.5;135609.5;135570.0;36238.0;7971.5;28266.5;42864.5;19259.0;23605.5
151;Totaal;Friesland (PV);2014;646287.0;323320.0;322967.0;297285.0;161031.0;136254.0;268704.5;134381.5;134323.0;36263.5;8097.5;28166.0;44034.0;19810.0;24224.0
152;Totaal;Friesland (PV);2015;646148.5;323387.0;322761.5;298220.0;161579.5;136640.5;266444.5;133222.0;133222.5;36265.0;8206.5;28058.5;45219.0;20379.0;24840.0
153;Totaal;Friesland (PV);2016;646457.0;323712.0;322745.0;299414.5;162253.0;137161.5;264434.5;132214.0;132220.5;36190.0;8296.5;27893.5;46418.0;20948.5;25469.5
154;Totaal;Drenthe (PV);1995;456090.0;226667.5;229422.5;183513.5;99916.0;83597.5;227978.0;114034.0;113944.0;28552.5;5414.0;23138.5;16046.0;7303.5;8742.5
155;Totaal;Drenthe (PV);1996;459061.5;228021.0;231040.5;184907.5;100631.0;84276.5;228405.0;114232.0;114173.0;28897.5;5518.5;23379.0;16851.5;7639.5;9212.0
156;Totaal;Drenthe (PV);1997;462787.5;229764.5;233023.0;186721.0;101519.5;85201.5;229184.0;114628.5;114555.5;29175.5;5597.0;23578.5;17707.0;8019.5;9687.5
157;Totaal;Drenthe (PV);1998;465882.5;231273.5;234609.0;188040.5;102233.0;85807.5;229992.5;115064.5;114928.0;29131.0;5579.5;23551.5;18718.5;8396.5;10322.0
158;Totaal;Drenthe (PV);1999;468449.5;232358.5;236091.0;189032.0;102711.0;86321.0;230637.0;115377.5;115259.5;29327.5;5583.5;23744.0;19453.0;8686.5;10766.5
159;Totaal;Drenthe (PV);2000;472156.0;234016.0;238140.0;191150.0;103710.0;87440.0;231099.5;115587.0;115512.5;29786.0;5668.5;24117.5;20120.5;9050.5;11070.0
160;Totaal;Drenthe (PV);2001;476652.5;236247.5;240405.0;194289.5;105294.5;88995.0;231316.0;115703.0;115613.0;29920.5;5741.5;24179.0;21126.5;9508.5;11618.0
161;Totaal;Drenthe (PV);2002;480026.5;237862.5;242164.0;197060.5;106650.0;90410.5;230940.5;115522.0;115418.5;30017.0;5797.0;24220.0;22008.5;9893.5;12115.0
162;Totaal;Drenthe (PV);2003;481834.5;238564.5;243270.0;198891.5;107440.5;91451.0;230157.0;115108.5;115048.5;30115.0;5839.5;24275.5;22671.0;10176.0;12495.0
163;Totaal;Drenthe (PV);2004;482892.0;238945.5;243946.5;200183.0;107975.0;92208.0;229169.0;114586.5;114582.5;30158.5;5923.0;24235.5;23381.5;10461.0;12920.5
164;Totaal;Drenthe (PV);2005;483925.0;239346.0;244579.0;201552.5;108559.0;92993.5;228049.0;114004.5;114044.5;30191.5;6014.5;24177.0;24132.0;10768.0;13364.0
165;Totaal;Drenthe (PV);2006;485339.0;239978.0;245361.0;203208.5;109371.0;93837.5;227165.5;113530.0;113635.5;30136.5;6020.0;24116.5;24828.5;11057.0;13771.5
166;Totaal;Drenthe (PV);2007;487166.0;240812.5;246353.5;204954.5;110205.5;94749.0;226481.5;113163.5;113318.0;30122.0;6066.0;24056.0;25608.0;11377.5;14230.5
167;Totaal;Drenthe (PV);2008;489026.5;241640.0;247386.5;206468.0;110859.5;95608.5;225895.5;112883.5;113012.0;30252.0;6187.5;24064.5;26411.0;11709.5;14701.5
168;Totaal;Drenthe (PV);2009;490449.5;242424.5;248025.0;206328.0;110874.0;95454.0;225085.0;112497.0;112588.0;30379.5;6288.5;24091.0;28657.0;12765.0;15892.0
169;Totaal;Drenthe (PV);2010;491196.0;242931.0;248265.0;205990.5;110856.0;95134.5;223785.0;111853.5;111931.5;30453.0;6361.0;24092.0;30967.5;13860.5;17107.0
170;Totaal;Drenthe (PV);2011;491109.0;243109.0;248000.0;206600.5;111321.5;95279.0;222226.5;111074.5;111152.0;30487.0;6490.0;23997.0;31795.0;14223.0;17572.0
171;Totaal;Drenthe (PV);2012;490362.5;242945.5;247417.0;206750.5;111513.5;95237.0;220501.0;110200.0;110301.0;30430.5;6611.0;23819.5;32680.5;14621.0;18059.5
172;Totaal;Drenthe (PV);2013;489453.0;242493.5;246959.5;206824.0;111518.0;95306.0;218581.0;109217.0;109364.0;30380.5;6685.5;23695.0;33667.5;15073.0;18594.5
173;Totaal;Drenthe (PV);2014;488782.0;242246.0;246536.0;207020.5;111668.5;95352.0;216730.5;108273.5;108457.0;30407.5;6798.0;23609.5;34623.5;15506.0;19117.5
174;Totaal;Drenthe (PV);2015;488602.5;242372.5;246230.0;207475.5;112029.0;95446.5;215218.0;107511.5;107706.5;30377.5;6920.5;23457.0;35531.5;15911.5;19620.0
175;Totaal;Drenthe (PV);2016;490210.5;243240.5;246970.0;209173.5;112916.0;96257.5;214277.0;106969.0;107308.0;30286.0;7018.0;23268.0;36474.0;16337.5;20136.5
176;Totaal;Overijssel (PV);1995;1052177.5;524710.5;527467.0;461514.0;250802.0;210712.0;494691.5;247371.5;247320.0;61485.0;11318.0;50167.0;34487.0;15219.0;19268.0
177;Totaal;Overijssel (PV);1996;1055960.0;526549.0;529411.0;463400.5;251840.5;211560.0;494688.0;247341.0;247347.0;61764.5;11435.5;50329.0;36107.0;15932.0;20175.0
178;Totaal;Overijssel (PV);1997;1060735.5;528852.5;531883.0;465878.0;253105.0;212773.0;495257.5;247611.0;247646.5;61998.5;11537.5;50461.0;37601.5;16599.0;21002.5
179;Totaal;Overijssel (PV);1998;1066985.5;532007.0;534978.5;469130.5;254852.0;214278.5;496769.5;248399.0;248370.5;61686.0;11511.5;50174.5;39399.5;17244.5;22155.0
180;Totaal;Overijssel (PV);1999;1074005.5;535674.0;538331.5;472744.5;256907.0;215837.5;498767.0;249439.5;249327.5;61768.0;11517.0;50251.0;40726.0;17810.5;22915.5
181;Totaal;Overijssel (PV);2000;1081952.5;539916.0;542036.5;477659.5;259695.0;217964.5;500295.5;250193.0;250102.5;62206.5;11613.5;50593.0;41791.0;18414.5;23376.5
182;Totaal;Overijssel (PV);2001;1090156.0;544234.5;545921.5;483592.0;262897.0;220695.0;500816.5;250464.0;250352.5;62211.5;11713.5;50498.0;43536.0;19160.0;24376.0
183;Totaal;Overijssel (PV);2002;1097354.5;547921.5;549433.0;489309.5;265859.0;223450.5;500664.5;250417.5;250247.0;62215.5;11827.5;50388.0;45165.0;19817.5;25347.5
184;Totaal;Overijssel (PV);2003;1103094.5;550958.5;552136.0;494219.5;268497.5;225722.0;500281.5;250205.0;250076.5;62141.0;11930.5;50210.5;46452.5;20325.5;26127.0
185;Totaal;Overijssel (PV);2004;1107472.0;553179.5;554292.5;498630.0;270691.5;227938.5;499109.0;249604.0;249505.0;62063.0;12036.5;50026.5;47670.0;20847.5;26822.5
186;Totaal;Overijssel (PV);2005;1111480.5;555071.0;556409.5;502892.0;272676.0;230216.0;497560.5;248833.0;248727.5;62091.0;12168.5;49922.5;48937.0;21393.5;27543.5
187;Totaal;Overijssel (PV);2006;1114951.5;556821.0;558130.5;506468.0;274438.5;232029.5;496253.5;248179.5;248074.0;61984.5;12282.5;49702.0;50245.5;21920.5;28325.0
188;Totaal;Overijssel (PV);2007;1118184.0;558475.0;559709.0;509596.5;275960.5;233636.0;495068.0;247565.5;247502.5;61806.5;12390.5;49416.0;51713.0;22558.5;29154.5
189;Totaal;Overijssel (PV);2008;1122714.5;560915.0;561799.5;513544.0;278032.0;235512.0;494212.5;247101.0;247111.5;61670.0;12513.0;49157.0;53288.0;23269.0;30019.0
190;Totaal;Overijssel (PV);2009;1127890.0;563689.5;564200.5;515682.0;279226.5;236455.5;493475.0;246720.5;246754.5;61583.5;12635.0;48948.5;57149.5;25107.5;32042.0
191;Totaal;Overijssel (PV);2010;1132405.0;565931.5;566473.5;517283.5;279940.5;237343.0;492722.0;246329.5;246392.5;61520.0;12789.0;48731.0;60879.5;26872.5;34007.0
192;Totaal;Overijssel (PV);2011;1136066.5;567833.5;568233.0;520408.5;281444.5;238964.0;491945.5;245931.5;246014.0;61424.0;12994.5;48429.5;62288.5;27463.0;34825.5
193;Totaal;Overijssel (PV);2012;1138509.0;569227.0;569282.0;522672.5;282569.5;240103.0;490556.5;245232.5;245324.0;61392.0;13220.5;48171.5;63888.0;28204.5;35683.5
194;Totaal;Overijssel (PV);2013;1139523.5;569952.0;569571.5;524415.0;283535.5;240879.5;487942.0;243902.0;244040.0;61373.0;13414.5;47958.5;65793.5;29100.0;36693.5
195;Totaal;Overijssel (PV);2014;1140174.5;570554.0;569620.5;526155.0;284571.0;241584.0;484823.5;242334.5;242489.0;61283.0;13597.5;47685.5;67913.0;30051.0;37862.0
196;Totaal;Overijssel (PV);2015;1142466.0;572109.0;570357.0;529090.0;286259.0;242831.0;482327.5;241099.5;241228.0;61206.5;13832.0;47374.5;69842.0;30918.5;38923.5
197;Totaal;Overijssel (PV);2016;1145983.5;574376.0;571607.5;532640.5;288346.0;244294.5;480547.0;240221.0;240326.0;61198.0;14096.5;47101.5;71598.0;31712.5;39885.5
198;Totaal;Flevoland (PV);1995;267584.0;133866.0;133718.0;121541.0;64761.0;56780.0;122687.0;61284.5;61402.5;9284.5;1791.0;7493.5;14071.5;6029.5;8042.0
199;Totaal;Flevoland (PV);1996;277157.5;138543.0;138614.5;126643.5;67380.0;59263.5;125767.0;62831.0;62936.0;9662.5;1873.5;7789.0;15084.5;6458.5;8626.0
200;Totaal;Flevoland (PV);1997;287379.0;143617.0;143762.0;132118.0;70226.5;61891.5;129200.0;64557.0;64643.0;10007.0;1971.0;8036.0;16054.0;6862.5;9191.5
201;Totaal;Flevoland (PV);1998;299877.0;149867.5;150009.5;138697.5;73668.0;65029.5;133677.5;66813.5;66864.0;10105.0;2021.5;8083.5;17397.0;7364.5;10032.5
202;Totaal;Flevoland (PV);1999;311837.0;155876.0;155961.0;144934.5;76946.0;67988.5;138066.0;69040.5;69025.5;10372.5;2072.0;8300.5;18464.0;7817.5;10646.5
203;Totaal;Flevoland (PV);2000;323071.0;161573.5;161497.5;151109.0;80199.5;70909.5;141822.0;70925.5;70896.5;10862.5;2166.0;8696.5;19277.5;8282.5;10995.0
204;Totaal;Flevoland (PV);2001;335328.5;167883.0;167445.5;158295.5;84066.0;74229.5;145441.5;72740.0;72701.5;11121.5;2252.5;8869.0;20470.0;8824.5;11645.5
205;Totaal;Flevoland (PV);2002;346700.5;173728.5;172972.0;165158.0;87779.5;77378.5;148520.5;74303.5;74217.0;11392.5;2337.0;9055.5;21629.5;9308.5;12321.0
206;Totaal;Flevoland (PV);2003;355792.0;178196.5;177595.5;170597.5;90588.0;80009.5;150847.5;75483.0;75364.5;11711.0;2404.0;9307.0;22636.0;9721.5;12914.5
207;Totaal;Flevoland (PV);2004;362881.5;181538.5;181343.0;174949.5;92739.5;82210.0;152443.5;76281.5;76162.0;11965.5;2465.0;9500.5;23523.0;10052.5;13470.5
208;Totaal;Flevoland (PV);2005;368257.5;184027.5;184230.0;178337.0;94382.5;83954.5;153509.5;76817.0;76692.5;12129.5;2514.5;9615.0;24281.5;10313.5;13968.0
209;Totaal;Flevoland (PV);2006;372540.0;186050.0;186490.0;181003.5;95720.5;85283.0;154277.5;77196.0;77081.5;12298.5;2559.0;9739.5;24960.5;10574.5;14386.0
210;Totaal;Flevoland (PV);2007;376556.0;188075.5;188480.5;183518.0;97092.5;86425.5;154958.5;77519.0;77439.5;12468.0;2622.5;9845.5;25611.5;10841.5;14770.0
211;Totaal;Flevoland (PV);2008;381068.5;190541.5;190527.0;186220.5;98645.0;87575.5;155990.0;78046.5;77943.5;12583.5;2710.5;9873.0;26274.5;11139.5;15135.0
212;Totaal;Flevoland (PV);2009;385665.0;193048.5;192616.5;188247.5;99836.5;88411.0;157040.0;78607.0;78433.0;12701.5;2790.5;9911.0;27676.0;11814.5;15861.5
213;Totaal;Flevoland (PV);2010;389924.0;195124.5;194799.5;190138.0;100763.5;89374.5;157915.5;79074.5;78841.0;12836.0;2859.5;9976.5;29034.5;12427.0;16607.5
214;Totaal;Flevoland (PV);2011;393746.0;196923.5;196822.5;192456.5;101849.0;90607.5;158638.0;79459.5;79178.5;12999.5;2936.0;10063.5;29652.0;12679.0;16973.0
215;Totaal;Flevoland (PV);2012;396983.0;198548.5;198434.5;194413.5;102867.0;91546.5;159046.0;79673.5;79372.5;13170.0;3007.0;10163.0;30353.5;13001.0;17352.5
216;Totaal;Flevoland (PV);2013;399167.0;199632.0;199535.0;195699.5;103561.5;92138.0;159086.0;79693.5;79392.5;13292.5;3060.5;10232.0;31089.0;13316.5;17772.5
217;Totaal;Flevoland (PV);2014;400842.0;200449.5;200392.5;196847.0;104173.5;92673.5;158733.5;79507.0;79226.5;13398.5;3107.5;10291.0;31863.0;13661.5;18201.5
218;Totaal;Flevoland (PV);2015;402929.5;201553.0;201376.5;198385.0;105050.5;93334.5;158567.0;79383.0;79184.0;13477.5;3171.0;10306.5;32500.0;13948.5;18551.5
219;Totaal;Flevoland (PV);2016;405943.0;203147.5;202795.5;200304.5;106175.5;94129.0;159108.5;79656.0;79452.5;13560.5;3208.5;10352.0;32969.5;14107.5;18862.0
220;Totaal;Gelderland (PV);1995;1870515.5;923459.0;947056.5;813739.0;433586.5;380152.5;879358.5;439727.5;439631.0;106516.0;19124.0;87392.0;70902.0;31021.0;39881.0
221;Totaal;Gelderland (PV);1996;1881204.0;928966.5;952237.5;819679.5;437065.5;382614.0;880407.5;440182.0;440225.5;107181.0;19360.5;87820.5;73936.0;32358.5;41577.5
222;Totaal;Gelderland (PV);1997;1891109.5;933855.5;957254.0;824817.0;439853.0;384964.0;881645.5;440754.5;440891.0;107784.0;19652.5;88131.5;76863.0;33595.5;43267.5
223;Totaal;Gelderland (PV);1998;1901217.0;938851.5;962365.5;829967.0;442543.0;387424.0;883526.5;441742.5;441784.0;107211.5;19690.0;87521.5;80512.0;34876.0;45636.0
224;Totaal;Gelderland (PV);1999;1912997.0;944891.5;968105.5;835849.0;445692.5;390156.5;886534.0;443324.5;443209.5;107305.5;19763.0;87542.5;83308.5;36111.5;47197.0
225;Totaal;Gelderland (PV);2000;1926736.0;951786.0;974950.0;843615.5;449704.5;393911.0;889401.0;444834.5;444566.5;108307.5;19962.5;88345.0;85412.0;37284.5;48127.5
226;Totaal;Gelderland (PV);2001;1941773.5;959430.0;982343.5;854097.0;455192.5;398904.5;890334.5;445330.0;445004.5;108564.5;20138.0;88426.5;88777.5;38769.5;50008.0
227;Totaal;Gelderland (PV);2002;1954827.5;966193.0;988634.5;864406.5;460626.0;403780.5;889460.0;444899.5;444560.5;108793.0;20387.0;88406.0;92168.0;40280.5;51887.5
228;Totaal;Gelderland (PV);2003;1963675.5;970388.0;993287.5;872433.0;464488.0;407945.0;887487.0;443912.0;443575.0;108781.0;20569.5;88211.5;94974.5;41418.5;53556.0
229;Totaal;Gelderland (PV);2004;1969469.5;972665.5;996804.0;878762.5;467112.0;411650.5;884318.5;442314.0;442004.5;108788.5;20778.0;88010.5;97600.0;42461.5;55138.5
230;Totaal;Gelderland (PV);2005;1973857.0;974275.0;999582.0;884172.0;469331.0;414841.0;880592.5;440400.5;440192.0;108884.0;21010.0;87874.0;100208.5;43533.5;56675.0
231;Totaal;Gelderland (PV);2006;1977381.5;975731.0;1001650.5;889081.0;471549.0;417532.0;876690.5;438395.0;438295.5;108763.0;21139.5;87623.5;102847.0;44647.5;58199.5
232;Totaal;Gelderland (PV);2007;1981464.0;977579.0;1003885.0;893855.0;473772.0;420083.0;873456.0;436736.0;436720.0;108622.5;21263.5;87359.0;105530.5;45807.5;59723.0
233;Totaal;Gelderland (PV);2008;1987465.5;980662.0;1006803.5;899347.0;476548.5;422798.5;871275.0;435642.5;435632.5;108508.0;21448.0;87060.0;108335.5;47023.0;61312.5
234;Totaal;Gelderland (PV);2009;1994999.0;984780.0;1010219.0;902585.0;478477.0;424108.0;869869.5;435008.0;434861.5;108531.0;21720.0;86811.0;114013.5;49575.0;64438.5
235;Totaal;Gelderland (PV);2010;2001803.5;988151.0;1013652.5;905232.0;479773.5;425458.5;868323.5;434225.5;434098.0;108644.0;22063.5;86580.5;119604.0;52088.5;67515.5
236;Totaal;Gelderland (PV);2011;2007708.0;991025.5;1016682.5;910095.5;482006.5;428089.0;866403.0;433182.5;433220.5;108588.5;22435.0;86153.5;122621.0;53401.5;69219.5
237;Totaal;Gelderland (PV);2012;2013268.0;993924.0;1019344.0;914841.0;484307.0;430534.0;864002.5;431972.0;432030.5;108556.5;22813.0;85743.5;125868.0;54832.0;71036.0
238;Totaal;Gelderland (PV);2013;2017741.5;996515.0;1021226.5;919646.0;486901.5;432744.5;860134.0;430024.0;430110.0;108535.0;23157.5;85377.5;129426.5;56432.0;72994.5
239;Totaal;Gelderland (PV);2014;2023135.0;999886.0;1023249.0;925313.5;490286.0;435027.5;855896.5;427850.5;428046.0;108546.5;23499.5;85047.0;133378.5;58250.0;75128.5
240;Totaal;Gelderland (PV);2015;2030964.5;1004443.0;1026521.5;932111.5;494055.0;438056.5;853122.0;426487.0;426635.0;108574.0;23922.5;84651.5;137157.0;59978.5;77178.5
241;Totaal;Gelderland (PV);2016;2041626.0;1010840.5;1030785.5;940072.0;498743.0;441329.0;852432.0;426226.5;426205.5;108493.5;24318.5;84175.0;140628.5;61552.5;79076.0
242;Totaal;Utrecht (PV);1995;1067022.5;519125.0;547897.5;493182.0;254801.5;238380.5;468080.5;234100.0;233980.5;55777.5;9238.0;46539.5;49982.5;20985.5;28997.0
243;Totaal;Utrecht (PV);1996;1075006.5;523417.0;551589.5;498631.0;258034.5;240596.5;468188.0;234102.0;234086.0;56036.5;9382.0;46654.5;52151.0;21898.5;30252.5
244;Totaal;Utrecht (PV);1997;1083797.5;528165.5;555632.0;504720.0;261533.5;243186.5;469148.5;234626.5;234522.0;55994.5;9481.0;46513.5;53934.5;22524.5;31410.0
245;Totaal;Utrecht (PV);1998;1093671.5;533328.5;560343.0;511187.0;265105.0;246082.0;471068.0;235687.5;235380.5;55295.5;9414.5;45881.0;56121.0;23121.5;32999.5
246;Totaal;Utrecht (PV);1999;1103285.5;538313.0;564972.5;517412.5;268525.0;248887.5;472919.0;236619.0;236300.0;55348.0;9483.5;45864.5;57606.0;23685.5;33920.5
247;Totaal;Utrecht (PV);2000;1112923.0;543391.0;569532.0;523871.5;272009.5;251862.0;474685.0;237497.0;237188.0;55975.0;9705.5;46269.5;58391.5;24179.0;34212.5
248;Totaal;Utrecht (PV);2001;1123690.5;548860.0;574830.5;532017.0;276181.5;255835.5;475403.0;237900.0;237503.0;56021.5;9817.5;46204.0;60249.0;24961.0;35288.0
249;Totaal;Utrecht (PV);2002;1146071.5;560132.0;585939.5;546255.0;283500.5;262754.5;481014.5;240703.0;240311.5;56213.5;9952.0;46261.5;62588.5;25976.5;36612.0
250;Totaal;Utrecht (PV);2003;1157238.0;565527.0;591711.0;554748.5;287651.5;267097.0;482341.5;241273.5;241068.0;56034.0;10011.5;46022.5;64114.0;26590.5;37523.5
251;Totaal;Utrecht (PV);2004;1166774.5;570026.5;596748.0;562535.5;291332.0;271203.5;482735.5;241417.0;241318.5;55946.5;10131.0;45815.5;65557.0;27146.5;38410.5
252;Totaal;Utrecht (PV);2005;1175665.0;574221.5;601443.5;570441.0;295025.0;275416.0;482259.5;241168.0;241091.5;55853.0;10238.0;45615.0;67111.5;27790.5;39321.0
253;Totaal;Utrecht (PV);2006;1185321.5;579013.0;606308.5;578910.5;299097.0;279813.5;482011.5;241034.0;240977.5;55637.5;10357.5;45280.0;68762.0;28524.5;40237.5
254;Totaal;Utrecht (PV);2007;1195977.0;584380.5;611596.5;587979.0;303570.0;284409.0;482156.0;241120.0;241036.0;55437.0;10434.5;45002.5;70405.0;29256.0;41149.0
255;Totaal;Utrecht (PV);2008;1206109.5;589435.5;616674.0;596398.5;307740.5;288658.0;482662.5;241385.0;241277.5;55205.0;10481.5;44723.5;71843.5;29828.5;42015.0
256;Totaal;Utrecht (PV);2009;1215889.5;594321.5;621568.0;602365.0;310667.5;291697.5;483589.5;241828.0;241761.5;55077.0;10636.5;44440.5;74858.0;31189.5;43668.5
257;Totaal;Utrecht (PV);2010;1224852.0;598654.5;626197.5;607449.0;313089.0;294360.0;484530.5;242261.5;242269.0;55105.0;10825.5;44279.5;77767.5;32478.5;45289.0
258;Totaal;Utrecht (PV);2011;1232953.5;602778.0;630175.5;613649.5;316205.5;297444.0;485089.0;242538.5;242550.5;55191.5;11052.0;44139.5;79023.5;32982.0;46041.5
259;Totaal;Utrecht (PV);2012;1241205.5;607188.5;634017.0;620144.5;319636.0;300508.5;485289.5;242657.0;242632.5;55198.0;11224.0;43974.0;80573.5;33671.5;46902.0
260;Totaal;Utrecht (PV);2013;1249483.0;611509.5;637973.5;626980.0;323192.5;303787.5;484900.0;242452.0;242448.0;55219.5;11388.0;43831.5;82383.5;34477.0;47906.5
261;Totaal;Utrecht (PV);2014;1258622.0;616281.0;642341.0;634725.5;327202.5;307523.0;484246.0;242091.5;242154.5;55308.5;11596.0;43712.5;84342.0;35391.0;48951.0
262;Totaal;Utrecht (PV);2015;1268592.5;621681.5;646911.0;642897.5;331619.0;311278.5;484124.5;242024.5;242100.0;55299.5;11754.5;43545.0;86271.0;36283.5;49987.5
263;Totaal;Utrecht (PV);2016;1279058.5;627410.0;651648.5;650911.0;336042.0;314869.0;484780.0;242355.5;242424.5;55364.0;11985.0;43379.0;88003.5;37027.5;50976.0
264;Totaal;Noord-Holland (PV);1995;2466021.5;1211322.5;1254699.0;1139445.5;604178.5;535267.0;1026123.0;514270.0;511853.0;140911.0;24179.5;116731.5;159542.0;68694.5;90847.5
265;Totaal;Noord-Holland (PV);1996;2471593.0;1213544.5;1258048.5;1148795.5;608635.0;540160.5;1017620.5;509716.0;507904.5;140208.0;24334.0;115874.0;164969.0;70859.5;94109.5
266;Totaal;Noord-Holland (PV);1997;2480429.5;1217698.0;1262731.5;1159287.5;613852.0;545435.5;1012249.5;506984.5;505265.0;139390.5;24426.0;114964.5;169502.0;72435.5;97066.5
267;Totaal;Noord-Holland (PV);1998;2494631.5;1225201.0;1269430.5;1172186.5;620545.0;551641.5;1011124.0;506741.5;504382.5;135939.5;23995.0;111944.5;175381.5;73919.5;101462.0
268;Totaal;Noord-Holland (PV);1999;2510756.0;1233692.0;1277064.0;1185363.0;627358.5;558004.5;1011924.0;507260.0;504664.0;134949.5;23975.0;110974.5;178519.5;75098.5;103421.0
269;Totaal;Noord-Holland (PV);2000;2526476.5;1242115.0;1284361.5;1198521.5;634223.0;564298.5;1012452.0;507511.0;504941.0;136443.5;24422.0;112021.5;179059.5;75959.0;103100.5
270;Totaal;Noord-Holland (PV);2001;2542587.0;1250921.0;1291666.0;1213480.5;641963.0;571517.5;1011239.5;506999.5;504240.0;135413.0;24561.0;110852.0;182454.0;77397.5;105056.5
271;Totaal;Noord-Holland (PV);2002;2566298.5;1263186.0;1303112.5;1231618.0;651143.5;580474.5;1013875.0;508462.0;505413.0;134721.5;24744.5;109977.0;186084.0;78836.0;107248.0
272;Totaal;Noord-Holland (PV);2003;2580192.5;1270033.5;1310159.0;1245465.0;657630.0;587835.0;1013273.0;508181.5;505091.5;133385.0;24794.5;108590.5;188069.5;79427.5;108642.0
273;Totaal;Noord-Holland (PV);2004;2593184.0;1275911.5;1317272.5;1259447.0;663904.0;595543.0;1011066.5;506979.5;504087.0;132438.0;24908.0;107530.0;190232.5;80120.0;110112.5
274;Totaal;Noord-Holland (PV);2005;2602843.5;1280050.5;1322793.0;1272200.0;669466.0;602734.0;1006496.5;504642.0;501854.5;131525.5;25004.0;106521.5;192621.5;80938.5;111683.0
275;Totaal;Noord-Holland (PV);2006;2609827.0;1283156.5;1326670.5;1283304.5;674374.5;608930.0;1001417.5;502165.0;499252.5;130439.5;25020.5;105419.0;194665.5;81596.5;113069.0
276;Totaal;Noord-Holland (PV);2007;2619616.5;1287864.5;1331752.0;1296338.5;680427.5;615911.0;996979.5;499995.0;496984.5;129448.5;25034.0;104414.5;196850.0;82408.0;114442.0
277;Totaal;Noord-Holland (PV);2008;2636304.0;1296458.0;1339846.0;1314172.0;689195.0;624977.0;994481.0;498852.5;495628.5;128512.0;25129.0;103383.0;199139.0;83281.5;115857.5
278;Totaal;Noord-Holland (PV);2009;2657764.5;1307795.0;1349969.5;1328992.0;696798.5;632193.5;995036.0;499302.5;495733.5;127846.5;25357.5;102489.0;205890.0;86336.5;119553.5
279;Totaal;Noord-Holland (PV);2010;2680280.5;1318998.5;1361282.0;1343383.0;703686.0;639697.0;996626.5;500235.5;496391.0;127420.5;25617.0;101803.5;212850.5;89460.0;123390.5
280;Totaal;Noord-Holland (PV);2011;2700656.5;1329063.5;1371593.0;1361353.5;712186.0;649167.5;997063.0;500607.0;496456.0;126822.0;25889.0;100933.0;215418.0;90381.5;125036.5
281;Totaal;Noord-Holland (PV);2012;2717061.0;1337342.5;1379718.5;1376990.5;719612.0;657378.5;995765.0;500046.0;495719.0;126141.5;26194.5;99947.0;218164.0;91490.0;126674.0
282;Totaal;Noord-Holland (PV);2013;2732834.5;1345261.0;1387573.5;1392858.0;727289.0;665569.0;992984.0;498641.5;494342.5;125573.0;26443.5;99129.5;221419.5;92887.0;128532.5
283;Totaal;Noord-Holland (PV);2014;2751649.0;1354858.5;1396790.5;1411234.5;736408.0;674826.5;990014.0;497169.0;492845.0;125178.0;26754.0;98424.0;225222.5;94527.5;130695.0
284;Totaal;Noord-Holland (PV);2015;2773391.5;1366265.5;1407126.0;1432103.5;747047.5;685056.0;987638.5;496016.5;491622.0;124816.5;27117.0;97699.5;228833.0;96084.5;132748.5
285;Totaal;Noord-Holland (PV);2016;2797168.5;1379463.5;1417705.0;1453483.5;758661.0;694822.5;987411.0;496002.5;491408.5;124432.0;27467.0;96965.0;231842.0;97333.0;134509.0
286;Totaal;Zuid-Holland (PV);1995;3328962.0;1639545.0;1689417.0;1459949.5;780742.5;679207.0;1484682.5;744486.0;740196.5;195341.0;32921.5;162419.5;188989.0;81395.0;107594.0
287;Totaal;Zuid-Holland (PV);1996;3338777.5;1643959.0;1694818.5;1473981.0;787959.5;686021.5;1474126.0;738754.5;735371.5;195030.5;33084.5;161946.0;195640.0;84160.5;111479.5
288;Totaal;Zuid-Holland (PV);1997;3351871.0;1650048.0;1701823.0;1488622.0;795323.0;693299.0;1467075.5;734954.0;732121.5;194631.5;33311.5;161320.0;201542.0;86459.5;115082.5
289;Totaal;Zuid-Holland (PV);1998;3368908.5;1658111.0;1710797.5;1504804.5;803223.5;701581.0;1463612.5;733189.0;730423.5;190847.5;32965.5;157882.0;209644.0;88733.0;120911.0
290;Totaal;Zuid-Holland (PV);1999;3388257.0;1667856.0;1720401.0;1522013.0;811935.5;710077.5;1462152.5;732413.0;729739.5;189811.0;32939.5;156871.5;214280.5;90568.0;123712.5
291;Totaal;Zuid-Holland (PV);2000;3409222.0;1679037.0;1730185.0;1540724.0;821778.5;718945.5;1460810.0;731730.5;729079.5;191777.0;33458.0;158319.0;215911.0;92070.0;123841.0
292;Totaal;Zuid-Holland (PV);2001;3431961.5;1691121.0;1740840.5;1562673.0;833143.0;729530.0;1456422.0;729666.5;726755.5;190946.0;33755.0;157191.0;221920.5;94556.5;127364.0
293;Totaal;Zuid-Holland (PV);2002;3431881.0;1691468.5;1740412.5;1575009.5;839153.0;735856.5;1441354.5;722221.0;719133.5;189021.5;33777.0;155244.5;226495.5;96317.5;130178.0
294;Totaal;Zuid-Holland (PV);2003;3445962.0;1698238.5;1747723.5;1591473.0;846972.5;744500.5;1437027.0;720013.5;717013.5;187719.5;33954.5;153765.0;229742.5;97298.0;132444.5
295;Totaal;Zuid-Holland (PV);2004;3455161.5;1702399.5;1752762.0;1604669.0;852987.5;751681.5;1431205.0;716963.5;714241.5;186425.0;34133.5;152291.5;232862.5;98315.0;134547.5
296;Totaal;Zuid-Holland (PV);2005;3458628.0;1703699.5;1754928.5;1614327.5;857275.5;757052.0;1422646.5;712456.5;710190.0;185156.5;34295.5;150861.0;236497.5;99672.0;136825.5
297;Totaal;Zuid-Holland (PV);2006;3456986.0;1702440.5;1754545.5;1620161.0;859534.5;760626.5;1412996.0;707482.0;705514.0;183796.0;34476.0;149320.0;240033.0;100948.0;139085.0
298;Totaal;Zuid-Holland (PV);2007;3458266.0;1703014.5;1755251.5;1628001.0;863094.0;764907.0;1404459.5;703186.5;701273.0;182301.0;34562.0;147739.0;243504.5;102172.0;141332.5
299;Totaal;Zuid-Holland (PV);2008;3471496.5;1710457.0;1761039.5;1644153.0;871585.0;772568.0;1399134.0;700563.5;698570.5;180969.5;34677.0;146292.5;247240.0;103631.5;143608.5
300;Totaal;Zuid-Holland (PV);2009;3493584.5;1722637.5;1770947.0;1659523.5;879897.5;779626.0;1397710.5;699905.5;697805.0;179874.0;34913.0;144961.0;256476.5;107921.5;148555.0
301;Totaal;Zuid-Holland (PV);2010;3516967.5;1734963.0;1782004.5;1673900.5;887413.0;786487.5;1398655.5;700399.5;698256.0;179031.5;35180.0;143851.5;265380.0;111970.5;153409.5
302;Totaal;Zuid-Holland (PV);2011;3540360.5;1747121.5;1793239.0;1693302.5;897311.5;795991.0;1399922.5;701056.0;698866.5;178262.0;35482.5;142779.5;268873.5;113271.5;155602.0
303;Totaal;Zuid-Holland (PV);2012;3558171.0;1755737.0;1802434.0;1709707.5;905063.5;804644.0;1398442.0;700212.5;698229.5;177344.5;35786.0;141558.5;272677.0;114675.0;158002.0
304;Totaal;Zuid-Holland (PV);2013;3570483.5;1761504.0;1808979.5;1722589.0;910933.5;811655.5;1394548.5;698137.5;696411.0;176324.0;36104.5;140219.5;277022.0;116328.5;160693.5
305;Totaal;Zuid-Holland (PV);2014;3588521.5;1770669.5;1817852.0;1740096.5;919502.0;820594.5;1390394.0;696053.0;694341.0;175427.0;36508.0;138919.0;282604.0;118606.5;163997.5
306;Totaal;Zuid-Holland (PV);2015;3611157.0;1782307.5;1828849.5;1761678.0;930130.0;831548.0;1386394.0;694097.5;692296.5;174490.0;36868.0;137622.0;288595.0;121212.0;167383.0
307;Totaal;Zuid-Holland (PV);2016;3636262.5;1795485.5;1840777.0;1784216.0;941430.0;842786.0;1384615.5;693334.0;691281.5;173541.0;37215.0;136326.0;293890.0;123506.5;170383.5
308;Totaal;Zeeland (PV);1995;366600.0;181664.5;184935.5;146292.5;79546.5;66746.0;181394.5;90639.5;90755.0;23432.0;4565.5;18866.5;15481.0;6913.0;8568.0
309;Totaal;Zeeland (PV);1996;367890.0;182229.5;185660.5;146862.0;79842.5;67019.5;181321.5;90590.5;90731.0;23513.5;4559.0;18954.5;16192.5;7237.5;8955.0
310;Totaal;Zeeland (PV);1997;369187.5;182829.0;186358.5;147481.0;80168.5;67312.5;181182.0;90522.5;90659.5;23577.0;4549.5;19027.5;16947.5;7588.5;9359.0
311;Totaal;Zeeland (PV);1998;370260.0;183369.5;186890.5;147807.0;80352.0;67455.0;181314.0;90629.0;90685.0;23368.0;4505.5;18862.5;17771.0;7883.0;9888.0
312;Totaal;Zeeland (PV);1999;371218.5;183820.0;187398.5;148023.0;80443.0;67580.0;181398.5;90701.0;90697.5;23377.0;4500.0;18877.0;18420.0;8176.0;10244.0
313;Totaal;Zeeland (PV);2000;373393.0;184928.0;188465.0;149226.0;81094.5;68131.5;181621.5;90827.0;90794.5;23613.0;4519.0;19094.0;18932.5;8487.5;10445.0
314;Totaal;Zeeland (PV);2001;376077.5;186275.0;189802.5;151056.0;82033.0;69023.0;181574.5;90817.5;90757.0;23613.0;4514.0;19099.0;19834.0;8910.5;10923.5
315;Totaal;Zeeland (PV);2002;377791.5;187169.5;190622.0;152443.5;82768.0;69675.5;181046.5;90553.0;90493.5;23610.0;4540.5;19069.5;20691.5;9308.0;11383.5
316;Totaal;Zeeland (PV);2003;378688.0;187712.0;190976.0;153180.0;83203.5;69976.5;180647.0;90356.5;90290.5;23572.5;4582.0;18990.5;21288.5;9570.0;11718.5
317;Totaal;Zeeland (PV);2004;379503.0;188033.0;191470.0;153886.5;83455.5;70431.0;180249.0;90159.0;90090.0;23528.0;4595.0;18933.0;21839.5;9823.5;12016.0
318;Totaal;Zeeland (PV);2005;380082.0;188188.0;191894.0;154726.0;83781.5;70944.5;179394.0;89738.0;89656.0;23549.0;4605.5;18943.5;22413.0;10063.0;12350.0
319;Totaal;Zeeland (PV);2006;380341.5;188346.5;191995.0;155428.0;84173.0;71255.0;178331.0;89222.5;89108.5;23524.5;4622.0;18902.5;23058.0;10329.0;12729.0
320;Totaal;Zeeland (PV);2007;380541.0;188570.5;191970.5;155903.5;84506.0;71397.5;177571.0;88849.0;88722.0;23433.0;4636.0;18797.0;23633.5;10579.5;13054.0
321;Totaal;Zeeland (PV);2008;380784.5;188810.5;191974.0;156243.0;84757.0;71486.0;177042.0;88588.0;88454.0;23368.0;4673.0;18695.0;24131.5;10792.5;13339.0
322;Totaal;Zeeland (PV);2009;381196.5;189074.5;192122.0;155801.0;84574.5;71226.5;176722.5;88433.5;88289.0;23364.0;4720.5;18643.5;25309.0;11346.0;13963.0
323;Totaal;Zeeland (PV);2010;381469.5;189184.0;192285.5;155244.0;84303.0;70941.0;176406.5;88260.0;88146.5;23366.0;4770.5;18595.5;26453.0;11850.5;14602.5
324;Totaal;Zeeland (PV);2011;381468.5;189182.5;192286.0;155410.0;84365.5;71044.5;175770.5;87928.5;87842.0;23351.5;4842.5;18509.0;26936.5;12046.0;14890.5
325;Totaal;Zeeland (PV);2012;381242.0;189031.5;192210.5;155545.5;84357.5;71188.0;174930.5;87499.5;87431.0;23288.5;4892.5;18396.0;27477.5;12282.0;15195.5
326;Totaal;Zeeland (PV);2013;380849.0;188778.0;192071.0;155800.5;84423.5;71377.0;173761.5;86901.0;86860.5;23205.0;4909.5;18295.5;28082.0;12544.0;15538.0
327;Totaal;Zeeland (PV);2014;380673.5;188696.0;191977.5;156168.0;84592.0;71576.0;172518.0;86269.5;86248.5;23170.5;4945.5;18225.0;28817.0;12889.0;15928.0
328;Totaal;Zeeland (PV);2015;380989.0;188916.5;192072.5;156879.5;84980.0;71899.5;171513.0;85773.5;85739.5;23088.0;4975.5;18112.5;29508.5;13187.5;16321.0
329;Totaal;Zeeland (PV);2016;381410.0;189226.0;192184.0;157654.0;85397.5;72256.5;170717.0;85392.0;85325.0;22958.0;5013.0;17945.0;30081.0;13423.5;16657.5
330;Totaal;Noord-Brabant (PV);1995;2283315.5;1141464.5;1141851.0;971387.5;525376.5;446011.0;1100407.5;550351.0;550056.5;115335.0;22457.5;92877.5;96185.5;43279.5;52906.0
331;Totaal;Noord-Brabant (PV);1996;2297259.0;1148173.0;1149086.0;979674.0;529935.0;449739.0;1100240.0;550231.5;550008.5;116825.5;22832.0;93993.5;100518.0;45174.0;55344.0
332;Totaal;Noord-Brabant (PV);1997;2311678.0;1155003.0;1156675.0;987886.0;534331.5;453554.5;1101038.0;550641.5;550396.5;118218.0;23164.5;95053.5;104536.0;46865.5;57670.5
333;Totaal;Noord-Brabant (PV);1998;2328485.5;1163221.5;1165264.0;997266.0;539229.0;458037.0;1103884.5;552174.0;551710.5;118406.0;23372.5;95033.5;108929.0;48446.0;60483.0
334;Totaal;Noord-Brabant (PV);1999;2346856.5;1172356.0;1174500.5;1007625.5;544730.0;462895.5;1107280.5;553935.0;553345.5;119335.5;23701.0;95634.5;112615.0;49990.0;62625.0
335;Totaal;Noord-Brabant (PV);2000;2365560.0;1181604.5;1183955.5;1018922.0;550702.5;468219.5;1109468.0;555071.0;554397.0;121220.0;24178.0;97042.0;115950.0;51653.0;64297.0
336;Totaal;Noord-Brabant (PV);2001;2383119.5;1190503.5;1192616.0;1031170.5;557215.0;473955.5;1109173.5;555019.5;554154.0;122210.5;24613.0;97597.5;120565.0;53656.0;66909.0
337;Totaal;Noord-Brabant (PV);2002;2395660.5;1196553.5;1199107.0;1041406.0;562334.0;479072.0;1106826.0;553875.0;552951.0;123031.5;25109.0;97922.5;124397.0;55235.5;69161.5
338;Totaal;Noord-Brabant (PV);2003;2403596.0;1199940.0;1203656.0;1048985.0;565845.0;483140.0;1103505.0;552152.5;551352.5;123799.5;25577.0;98222.5;127306.5;56365.5;70941.0
339;Totaal;Noord-Brabant (PV);2004;2409176.5;1202191.5;1206985.0;1055611.0;568969.5;486641.5;1098501.0;549587.5;548913.5;124648.5;26016.5;98632.0;130416.0;57618.0;72798.0
340;Totaal;Noord-Brabant (PV);2005;2413652.5;1204076.5;1209576.0;1062120.5;572166.5;489954.0;1092335.5;546495.5;545840.0;125412.0;26428.0;98984.0;133784.5;58986.5;74798.0
341;Totaal;Noord-Brabant (PV);2006;2417494.0;1205980.5;1211513.5;1068170.0;575389.5;492780.5;1085946.5;543338.0;542608.5;126075.0;26792.5;99282.5;137302.5;60460.5;76842.0
342;Totaal;Noord-Brabant (PV);2007;2421934.5;1208300.0;1213634.5;1074405.0;578755.0;495650.0;1079922.5;540340.0;539582.5;126747.0;27216.0;99531.0;140860.0;61989.0;78871.0
343;Totaal;Noord-Brabant (PV);2008;2429693.5;1212491.5;1217202.0;1082789.0;583287.5;499501.5;1075398.5;538088.5;537310.0;127228.0;27651.5;99576.5;144278.0;63464.0;80814.0
344;Totaal;Noord-Brabant (PV);2009;2439359.0;1217531.0;1221828.0;1088703.5;586659.5;502044.0;1071860.0;536317.5;535542.5;127833.0;28075.0;99758.0;150962.5;66479.0;84483.5
345;Totaal;Noord-Brabant (PV);2010;2449186.5;1222538.5;1226648.0;1094263.0;589761.0;504502.0;1068585.5;534692.0;533893.5;128681.0;28567.5;100113.5;157657.0;69518.0;88139.0
346;Totaal;Noord-Brabant (PV);2011;2458950.5;1227570.5;1231380.0;1103135.0;594447.5;508687.5;1065227.5;533021.5;532206.0;129461.5;29109.5;100352.0;161126.5;70992.0;90134.5
347;Totaal;Noord-Brabant (PV);2012;2467348.5;1232003.0;1235345.5;1111407.5;598898.5;512509.0;1060740.5;530778.5;529962.0;130141.5;29671.0;100470.5;165059.0;72655.0;92404.0
348;Totaal;Noord-Brabant (PV);2013;2475142.5;1236353.0;1238789.5;1120140.5;603692.5;516448.0;1054982.5;527883.0;527099.5;130762.5;30261.5;100501.0;169257.0;74516.0;94741.0
349;Totaal;Noord-Brabant (PV);2014;2484012.5;1241262.0;1242750.5;1130087.5;609144.0;520943.5;1048612.5;524679.0;523933.5;131422.0;30863.0;100559.0;173890.5;76576.0;97314.5
350;Totaal;Noord-Brabant (PV);2015;2493750.0;1246748.5;1247001.5;1140268.5;614811.5;525457.0;1043038.5;521934.0;521104.5;131882.0;31412.5;100469.5;178561.0;78590.5;99970.5
351;Totaal;Noord-Brabant (PV);2016;2505640.0;1253579.5;1252060.5;1151516.0;621237.0;530279.0;1039228.5;520076.5;519152.0;132205.0;31908.5;100296.5;182690.5;80357.5;102333.0
352;Totaal;Limburg (PV);1995;1131859.5;562522.0;569337.5;452028.5;245715.0;206313.5;560096.0;280202.0;279894.0;67017.5;12278.5;54739.0;52717.5;24326.5;28391.0
353;Totaal;Limburg (PV);1996;1134934.0;563977.0;570957.0;454314.5;247014.5;207300.0;558251.5;279269.0;278982.5;67646.0;12506.0;55140.0;54722.0;25187.5;29534.5
354;Totaal;Limburg (PV);1997;1137067.0;564828.0;572239.0;456241.5;248019.0;208222.5;555820.0;278040.0;277780.0;68352.5;12770.0;55582.5;56653.0;25999.0;30654.0
355;Totaal;Limburg (PV);1998;1138618.5;565507.0;573111.5;457543.5;248783.5;208760.0;553880.0;277109.0;276771.0;68374.0;12875.0;55499.0;58821.0;26739.5;32081.5
356;Totaal;Limburg (PV);1999;1140247.0;566210.0;574037.0;458648.5;249374.0;209274.5;552366.5;276402.5;275964.0;68738.5;12997.5;55741.0;60493.5;27436.0;33057.5
357;Totaal;Limburg (PV);2000;1141935.5;567017.0;574918.5;460288.5;250205.0;210083.5;550418.0;275469.5;274948.5;69500.0;13210.5;56289.5;61747.0;28150.0;33597.0
358;Totaal;Limburg (PV);2001;1142987.5;567595.5;575392.0;462472.5;251410.5;211062.0;547033.5;273787.0;273246.5;69760.0;13382.5;56377.5;63721.5;29015.5;34706.0
359;Totaal;Limburg (PV);2002;1142592.5;567370.5;575222.0;464212.0;252341.0;211871.0;542852.5;271678.0;271174.5;69866.5;13495.0;56371.5;65661.5;29856.5;35805.0
360;Totaal;Limburg (PV);2003;1140612.0;566293.0;574319.0;464982.5;252740.0;212242.5;538340.5;269405.0;268935.5;69947.0;13611.5;56335.5;67342.0;30536.5;36805.5
361;Totaal;Limburg (PV);2004;1138015.0;564723.0;573292.0;465818.0;253035.0;212783.0;533067.5;266747.0;266320.5;70148.5;13768.5;56380.0;68981.0;31172.5;37808.5
362;Totaal;Limburg (PV);2005;1134316.5;562498.0;571818.5;465921.0;252802.0;213119.0;527420.5;263918.0;263502.5;70323.0;13910.5;56412.5;70652.0;31867.5;38784.5
363;Totaal;Limburg (PV);2006;1129871.5;560006.5;569865.0;465416.5;252301.0;213115.5;521649.0;261035.0;260614.0;70417.0;14054.0;56363.0;72389.0;32616.5;39772.5
364;Totaal;Limburg (PV);2007;1125755.0;557744.5;568010.5;464935.5;251911.5;213024.0;516288.0;258351.0;257937.0;70504.0;14194.0;56310.0;74027.5;33288.0;40739.5
365;Totaal;Limburg (PV);2008;1123154.5;556435.5;566719.0;465209.5;252049.0;213160.5;511716.0;256069.5;255646.5;70569.0;14373.0;56196.0;75660.0;33944.0;41716.0
366;Totaal;Limburg (PV);2009;1122652.5;556433.0;566219.5;465350.5;252250.5;213100.0;507791.0;254128.0;253663.0;70628.5;14592.5;56036.0;78882.5;35462.0;43420.5
367;Totaal;Limburg (PV);2010;1122664.0;556618.0;566046.0;465959.5;252605.5;213354.0;503728.5;252106.0;251622.5;70783.0;14851.5;55931.5;82193.0;37055.0;45138.0
368;Totaal;Limburg (PV);2011;1122851.0;556763.0;566088.0;468314.0;253687.0;214627.0;499709.5;250093.0;249616.5;70895.5;15120.0;55775.5;83932.0;37863.0;46069.0
369;Totaal;Limburg (PV);2012;1122483.0;556674.5;565808.5;470520.5;254769.0;215751.5;495422.5;247930.0;247492.5;70861.5;15332.5;55529.0;85678.5;38643.0;47035.5
370;Totaal;Limburg (PV);2013;1120948.5;555974.5;564974.0;472378.0;255681.5;216696.5;490137.0;245268.5;244868.5;70842.0;15574.5;55267.5;87591.5;39450.0;48141.5
371;Totaal;Limburg (PV);2014;1118973.5;555069.0;563904.5;473957.5;256396.0;217561.5;484550.5;242475.5;242075.0;70889.0;15868.5;55020.5;89576.5;40329.0;49247.5
372;Totaal;Limburg (PV);2015;1117100.5;554263.5;562837.0;475667.0;257276.0;218391.0;479209.0;239783.5;239425.5;70867.5;16120.5;54747.0;91357.0;41083.5;50273.5
373;Totaal;Limburg (PV);2016;1116903.0;554463.0;562440.0;478588.5;258912.5;219676.0;474610.5;237521.5;237089.0;70867.5;16348.5;54519.0;92836.5;41680.5;51156.0
374;Totaal;Oost-Groningen (CR);1995;151877.0;75148.0;76729.0;58033.0;31995.0;26038.0;76434.0;38232.5;38201.5;11603.0;2183.5;9419.5;5807.0;2737.0;3070.0
375;Totaal;Oost-Groningen (CR);1996;152287.5;75316.0;76971.5;58309.5;32106.5;26203.0;76220.5;38135.5;38085.0;11629.5;2201.0;9428.5;6128.0;2873.0;3255.0
376;Totaal;Oost-Groningen (CR);1997;152533.5;75441.5;77092.0;58522.5;32193.0;26329.5;75969.5;38010.5;37959.0;11632.5;2235.0;9397.5;6409.0;3003.0;3406.0
377;Totaal;Oost-Groningen (CR);1998;152600.5;75486.5;77114.0;58577.5;32218.0;26359.5;75748.5;37900.0;37848.5;11537.0;2246.0;9291.0;6737.5;3122.5;3615.0
378;Totaal;Oost-Groningen (CR);1999;152842.5;75624.5;77218.0;58709.5;32301.0;26408.5;75663.0;37854.0;37809.0;11496.5;2236.5;9260.0;6973.5;3233.0;3740.5
379;Totaal;Oost-Groningen (CR);2000;153561.5;75994.0;77567.5;59177.0;32578.5;26598.5;75646.5;37835.5;37811.0;11571.0;2228.5;9342.5;7167.0;3351.5;3815.5
380;Totaal;Oost-Groningen (CR);2001;154333.0;76352.5;77980.5;59823.5;32900.0;26923.5;75424.5;37723.0;37701.5;11563.5;2212.0;9351.5;7521.5;3517.5;4004.0
381;Totaal;Oost-Groningen (CR);2002;154605.5;76494.0;78111.5;60366.0;33157.5;27208.5;74886.5;37467.5;37419.0;11511.5;2212.5;9299.0;7841.5;3656.5;4185.0
382;Totaal;Oost-Groningen (CR);2003;154622.5;76576.5;78046.0;60803.5;33402.0;27401.5;74283.5;37178.0;37105.5;11452.0;2233.5;9218.5;8083.5;3763.0;4320.5
383;Totaal;Oost-Groningen (CR);2004;154261.5;76422.5;77839.0;60928.5;33454.0;27474.5;73644.0;36854.5;36789.5;11389.0;2240.5;9148.5;8300.0;3873.5;4426.5
384;Totaal;Oost-Groningen (CR);2005;154107.0;76348.5;77758.5;61213.5;33574.0;27639.5;73047.5;36550.0;36497.5;11299.5;2222.5;9077.0;8546.5;4002.0;4544.5
385;Totaal;Oost-Groningen (CR);2006;154055.5;76347.5;77708.0;61636.5;33781.0;27855.5;72373.5;36207.0;36166.5;11209.5;2223.0;8986.5;8836.0;4136.5;4699.5
386;Totaal;Oost-Groningen (CR);2007;153436.0;76051.0;77385.0;61628.0;33753.5;27874.5;71605.0;35819.5;35785.5;11138.5;2244.5;8894.0;9064.5;4233.5;4831.0
387;Totaal;Oost-Groningen (CR);2008;152617.5;75666.5;76951.0;61427.5;33632.0;27795.5;70857.0;35450.0;35407.0;11048.0;2258.5;8789.5;9285.0;4326.0;4959.0
388;Totaal;Oost-Groningen (CR);2009;152088.0;75459.0;76629.0;60952.5;33397.5;27555.0;70305.5;35186.5;35119.0;10980.5;2280.5;8700.0;9849.5;4594.5;5255.0
389;Totaal;Oost-Groningen (CR);2010;151767.0;75406.5;76360.5;60618.5;33257.0;27361.5;69758.0;34921.5;34836.5;10950.0;2328.5;8621.5;10440.5;4899.5;5541.0
390;Totaal;Oost-Groningen (CR);2011;151156.0;75142.0;76014.0;60489.0;33197.0;27292.0;69072.5;34566.5;34506.0;10877.5;2349.0;8528.5;10717.0;5029.5;5687.5
391;Totaal;Oost-Groningen (CR);2012;150310.0;74682.0;75628.0;60199.5;33014.0;27185.5;68280.5;34160.0;34120.5;10814.0;2356.5;8457.5;11016.0;5151.5;5864.5
392;Totaal;Oost-Groningen (CR);2013;149391.0;74200.5;75190.5;60036.5;32860.0;27176.5;67292.5;33679.0;33613.5;10759.5;2390.5;8369.0;11302.5;5271.0;6031.5
393;Totaal;Oost-Groningen (CR);2014;148955.0;74125.5;74829.5;60224.5;32987.5;27237.0;66464.5;33291.0;33173.5;10676.0;2422.0;8254.0;11590.0;5425.0;6165.0
394;Totaal;Oost-Groningen (CR);2015;148774.5;74223.0;74551.5;60428.0;33178.0;27250.0;65834.0;32998.0;32836.0;10595.0;2451.0;8144.0;11917.5;5596.0;6321.5
395;Totaal;Oost-Groningen (CR);2016;147988.0;73853.0;74135.0;60300.0;33094.5;27205.5;65011.0;32574.5;32436.5;10510.5;2483.5;8027.0;12166.5;5700.5;6466.0
396;Totaal;Delfzijl en omgeving (CR);1995;54248.0;26924.5;27323.5;22132.0;12132.5;9999.5;26255.0;13123.0;13132.0;3594.5;650.0;2944.5;2266.5;1019.0;1247.5
397;Totaal;Delfzijl en omgeving (CR);1996;54097.5;26823.5;27274.0;22129.0;12106.5;10022.5;26001.5;12998.5;13003.0;3597.5;657.0;2940.5;2369.5;1061.5;1308.0
398;Totaal;Delfzijl en omgeving (CR);1997;53630.5;26561.5;27069.0;21925.5;11989.0;9936.5;25614.0;12808.0;12806.0;3609.5;655.0;2954.5;2481.5;1109.5;1372.0
399;Totaal;Delfzijl en omgeving (CR);1998;53111.0;26335.5;26775.5;21692.5;11920.0;9772.5;25287.5;12648.0;12639.5;3571.5;641.0;2930.5;2559.5;1126.5;1433.0
400;Totaal;Delfzijl en omgeving (CR);1999;52622.5;26111.0;26511.5;21448.5;11814.5;9634.0;25060.0;12530.5;12529.5;3547.0;639.5;2907.5;2567.0;1126.5;1440.5
401;Totaal;Delfzijl en omgeving (CR);2000;52394.5;25981.5;26413.0;21341.0;11731.5;9609.5;24916.0;12458.0;12458.0;3568.5;655.0;2913.5;2569.0;1137.0;1432.0
402;Totaal;Delfzijl en omgeving (CR);2001;52476.5;26036.5;26440.0;21476.0;11797.5;9678.5;24805.5;12406.0;12399.5;3549.0;663.5;2885.5;2646.0;1169.5;1476.5
403;Totaal;Delfzijl en omgeving (CR);2002;52550.5;26112.0;26438.5;21643.0;11906.5;9736.5;24662.5;12337.5;12325.0;3501.0;652.0;2849.0;2744.0;1216.0;1528.0
404;Totaal;Delfzijl en omgeving (CR);2003;52438.0;26093.0;26345.0;21673.0;11941.0;9732.0;24475.0;12249.5;12225.5;3470.5;647.5;2823.0;2819.5;1255.0;1564.5
405;Totaal;Delfzijl en omgeving (CR);2004;52100.0;25956.0;26144.0;21586.5;11909.0;9677.5;24205.0;12117.0;12088.0;3446.5;648.5;2798.0;2862.0;1281.5;1580.5
406;Totaal;Delfzijl en omgeving (CR);2005;51560.5;25701.5;25859.0;21376.5;11798.5;9578.0;23895.0;11966.0;11929.0;3422.5;651.0;2771.5;2866.5;1286.0;1580.5
407;Totaal;Delfzijl en omgeving (CR);2006;50914.0;25367.0;25547.0;21060.0;11612.0;9448.0;23577.5;11806.0;11771.5;3393.5;654.5;2739.0;2883.0;1294.5;1588.5
408;Totaal;Delfzijl en omgeving (CR);2007;50384.5;25083.0;25301.5;20835.5;11474.0;9361.5;23240.0;11636.0;11604.0;3370.0;657.5;2712.5;2939.0;1315.5;1623.5
409;Totaal;Delfzijl en omgeving (CR);2008;49774.0;24751.0;25023.0;20531.0;11291.0;9240.0;22898.5;11463.0;11435.5;3350.0;661.5;2688.5;2994.5;1335.5;1659.0
410;Totaal;Delfzijl en omgeving (CR);2009;49260.0;24494.0;24766.0;20141.0;11077.0;9064.0;22641.5;11339.0;11302.5;3349.5;673.5;2676.0;3128.0;1404.5;1723.5
411;Totaal;Delfzijl en omgeving (CR);2010;49127.0;24474.5;24652.5;20053.5;11058.0;8995.5;22427.0;11239.0;11188.0;3355.0;688.0;2667.0;3291.5;1489.5;1802.0
412;Totaal;Delfzijl en omgeving (CR);2011;48929.5;24385.0;24544.5;20074.0;11073.5;9000.5;22138.0;11084.0;11054.0;3352.0;702.5;2649.5;3365.5;1525.0;1840.5
413;Totaal;Delfzijl en omgeving (CR);2012;48547.0;24168.0;24379.0;19938.5;10980.5;8958.0;21822.5;10912.5;10910.0;3355.5;721.0;2634.5;3430.5;1554.0;1876.5
414;Totaal;Delfzijl en omgeving (CR);2013;48164.0;23970.5;24193.5;19826.0;10918.0;8908.0;21490.5;10736.0;10754.5;3340.0;732.0;2608.0;3507.5;1584.5;1923.0
415;Totaal;Delfzijl en omgeving (CR);2014;47759.0;23777.0;23982.0;19712.0;10843.0;8869.0;21136.5;10568.5;10568.0;3306.5;743.0;2563.5;3604.0;1622.5;1981.5
416;Totaal;Delfzijl en omgeving (CR);2015;47335.5;23570.5;23765.0;19625.5;10761.5;8864.0;20766.0;10385.0;10381.0;3267.5;762.0;2505.5;3676.5;1662.0;2014.5
417;Totaal;Delfzijl en omgeving (CR);2016;46980.5;23418.0;23562.5;19618.5;10745.0;8873.5;20409.5;10205.0;10204.5;3228.5;772.5;2456.0;3724.0;1695.5;2028.5
418;Totaal;Overig Groningen (CR);1995;351929.0;174033.0;177896.0;174592.0;92955.5;81636.5;139639.0;69872.5;69766.5;20933.5;3805.0;17128.5;16764.5;7400.0;9364.5
419;Totaal;Overig Groningen (CR);1996;351733.5;174174.0;177559.5;174984.5;93352.0;81632.5;138554.5;69332.0;69222.5;20754.5;3752.5;17002.0;17440.0;7737.5;9702.5
420;Totaal;Overig Groningen (CR);1997;351866.0;174282.5;177583.5;175514.0;93632.0;81882.0;137724.0;68911.5;68812.5;20585.0;3746.5;16838.5;18043.0;7992.5;10050.5
421;Totaal;Overig Groningen (CR);1998;353291.0;174926.0;178365.0;177048.0;94294.0;82754.0;137097.5;68610.0;68487.5;20311.5;3743.0;16568.5;18834.0;8279.0;10555.0
422;Totaal;Overig Groningen (CR);1999;355852.0;176240.5;179611.5;179467.5;95441.5;84026.0;136781.0;68486.0;68295.0;20213.0;3759.0;16454.0;19390.5;8554.0;10836.5
423;Totaal;Overig Groningen (CR);2000;358611.5;177679.0;180932.5;181983.0;96684.0;85299.0;136805.0;68501.0;68304.0;20248.0;3801.5;16446.5;19575.5;8692.5;10883.0
424;Totaal;Overig Groningen (CR);2001;361675.0;179364.5;182310.5;184850.5;98225.0;86625.5;136695.0;68456.5;68238.5;20093.0;3808.0;16285.0;20036.5;8875.0;11161.5
425;Totaal;Overig Groningen (CR);2002;364582.5;180995.0;183587.5;187756.5;99799.5;87957.0;136374.5;68305.5;68069.0;19930.5;3820.5;16110.0;20521.0;9069.5;11451.5
426;Totaal;Overig Groningen (CR);2003;366630.0;182102.0;184528.0;190373.5;101153.5;89220.0;135684.0;67950.0;67734.0;19681.0;3811.0;15870.0;20891.5;9187.5;11704.0
427;Totaal;Overig Groningen (CR);2004;368366.5;183008.5;185358.0;192942.5;102439.5;90503.0;134759.5;67479.0;67280.5;19424.0;3791.5;15632.5;21240.5;9298.5;11942.0
428;Totaal;Overig Groningen (CR);2005;368889.5;183266.5;185623.0;194462.0;103139.0;91323.0;133678.0;66928.5;66749.5;19237.5;3812.5;15425.0;21512.0;9386.5;12125.5
429;Totaal;Overig Groningen (CR);2006;368858.5;183225.5;185633.0;195582.5;103585.0;91997.5;132456.5;66292.5;66164.0;19030.0;3830.0;15200.0;21789.5;9518.0;12271.5
430;Totaal;Overig Groningen (CR);2007;369716.0;183600.5;186115.5;197425.0;104377.0;93048.0;131317.0;65698.0;65619.0;18857.5;3829.0;15028.5;22116.5;9696.5;12420.0
431;Totaal;Overig Groningen (CR);2008;371384.0;184412.0;186972.0;199710.0;105442.0;94268.0;130578.0;65312.0;65266.0;18658.0;3827.0;14831.0;22438.0;9831.0;12607.0
432;Totaal;Overig Groningen (CR);2009;374032.0;185785.0;188247.0;201827.0;106470.5;95356.5;130253.0;65146.5;65106.5;18438.0;3838.0;14600.0;23514.0;10330.0;13184.0
433;Totaal;Overig Groningen (CR);2010;376958.0;187328.5;189629.5;204021.0;107597.0;96424.0;130023.5;65048.5;64975.0;18258.0;3850.0;14408.0;24655.5;10833.0;13822.5
434;Totaal;Overig Groningen (CR);2011;379870.0;188812.0;191058.0;207011.0;109039.0;97972.0;129781.0;64941.5;64839.5;18079.0;3853.0;14226.0;24999.0;10978.5;14020.5
435;Totaal;Overig Groningen (CR);2012;382433.0;190164.5;192268.5;209896.5;110460.0;99436.5;129272.0;64683.5;64588.5;17991.5;3902.0;14089.5;25273.0;11119.0;14154.0
436;Totaal;Overig Groningen (CR);2013;384661.5;191376.5;193285.0;212698.5;111914.5;100784.0;128411.5;64225.5;64186.0;17891.5;3955.5;13936.0;25660.0;11281.0;14379.0
437;Totaal;Overig Groningen (CR);2014;386621.0;192427.5;194193.5;215405.5;113293.0;102112.5;127319.5;63651.0;63668.5;17722.0;3965.5;13756.5;26174.0;11518.0;14656.0
438;Totaal;Overig Groningen (CR);2015;387721.5;193155.5;194566.0;217230.0;114309.0;102921.0;126210.0;63089.0;63121.0;17587.5;3985.5;13602.0;26694.0;11772.0;14922.0
439;Totaal;Overig Groningen (CR);2016;388682.5;193903.5;194779.0;218714.5;115227.0;103487.5;125429.0;62699.5;62729.5;17467.0;4040.5;13426.5;27072.0;11936.5;15135.5
440;Totaal;Noord-Friesland (CR);1995;320037.5;159789.5;160248.0;142621.0;77712.5;64908.5;145746.5;72877.5;72869.0;19131.5;3480.0;15651.5;12538.5;5719.5;6819.0
441;Totaal;Noord-Friesland (CR);1996;321275.5;160455.5;160820.0;143759.5;78334.5;65425.0;145383.0;72704.0;72679.0;19064.0;3458.5;15605.5;13069.0;5958.5;7110.5
442;Totaal;Noord-Friesland (CR);1997;322101.5;160927.5;161174.0;144668.5;78819.0;65849.5;144829.0;72447.0;72382.0;19024.5;3463.0;15561.5;13579.5;6198.5;7381.0
443;Totaal;Noord-Friesland (CR);1998;322469.0;161190.5;161278.5;145150.5;79059.0;66091.5;144320.0;72226.5;72093.5;18791.0;3477.0;15314.0;14207.5;6428.0;7779.5
444;Totaal;Noord-Friesland (CR);1999;322991.5;161437.0;161554.5;145636.5;79278.0;66358.5;144013.5;72072.0;71941.5;18719.5;3501.0;15218.5;14622.0;6586.0;8036.0
445;Totaal;Noord-Friesland (CR);2000;324549.5;162139.5;162410.0;146992.0;79922.0;67070.0;143825.5;71950.5;71875.0;18814.0;3526.5;15287.5;14918.0;6740.5;8177.5
446;Totaal;Noord-Friesland (CR);2001;327170.5;163483.0;163687.5;149274.5;81082.5;68192.0;143647.5;71844.5;71803.0;18737.0;3546.5;15190.5;15511.5;7009.5;8502.0
447;Totaal;Noord-Friesland (CR);2002;329362.5;164646.5;164716.0;151345.5;82129.5;69216.0;143295.5;71666.0;71629.5;18667.0;3572.0;15095.0;16054.5;7279.0;8775.5
448;Totaal;Noord-Friesland (CR);2003;330690.0;165355.0;165335.0;152895.5;82921.5;69974.0;142881.0;71456.5;71424.5;18547.0;3564.0;14983.0;16366.5;7413.0;8953.5
449;Totaal;Noord-Friesland (CR);2004;331414.0;165814.0;165600.0;154136.0;83596.0;70540.0;142224.5;71122.5;71102.0;18448.5;3589.5;14859.0;16605.0;7506.0;9099.0
450;Totaal;Noord-Friesland (CR);2005;331383.0;165827.0;165556.0;154863.0;83936.5;70926.5;141194.0;70604.0;70590.0;18422.5;3639.0;14783.5;16903.5;7647.5;9256.0
451;Totaal;Noord-Friesland (CR);2006;330960.0;165495.0;165465.0;155131.0;83935.5;71195.5;140329.0;70161.0;70168.0;18300.0;3628.0;14672.0;17200.0;7770.5;9429.5
452;Totaal;Noord-Friesland (CR);2007;330774.0;165388.0;165386.0;155498.0;84063.0;71435.0;139636.0;69810.5;69825.5;18114.5;3606.5;14508.0;17525.5;7908.0;9617.5
453;Totaal;Noord-Friesland (CR);2008;331109.5;165619.0;165490.5;156243.5;84451.0;71792.5;138981.5;69499.0;69482.5;18005.0;3630.5;14374.5;17879.5;8038.5;9841.0
454;Totaal;Noord-Friesland (CR);2009;331751.5;165970.5;165781.0;156073.0;84360.5;71712.5;138517.5;69282.5;69235.0;17954.5;3686.5;14268.0;19206.5;8641.0;10565.5
455;Totaal;Noord-Friesland (CR);2010;332466.0;166364.0;166102.0;155838.0;84235.5;71602.5;137975.0;68998.5;68976.5;18002.5;3764.5;14238.0;20650.5;9365.5;11285.0
456;Totaal;Noord-Friesland (CR);2011;332813.0;166583.5;166229.5;156377.0;84519.5;71857.5;137258.5;68631.5;68627.0;18057.0;3841.0;14216.0;21120.5;9591.5;11529.0
457;Totaal;Noord-Friesland (CR);2012;332840.0;166669.5;166170.5;156737.0;84730.5;72006.5;136548.0;68283.0;68265.0;17993.0;3884.5;14108.5;21562.0;9771.5;11790.5
458;Totaal;Noord-Friesland (CR);2013;332880.0;166739.5;166140.5;157320.0;85010.5;72309.5;135543.5;67778.5;67765.0;17939.0;3952.0;13987.0;22077.5;9998.5;12079.0
459;Totaal;Noord-Friesland (CR);2014;324235.5;162529.0;161706.5;154089.5;83294.0;70795.5;130644.0;65320.5;65323.5;17444.5;3914.5;13530.0;22057.5;10000.0;12057.5
460;Totaal;Noord-Friesland (CR);2015;324090.0;162556.5;161533.5;154653.0;83615.5;71037.5;129418.5;64696.5;64722.0;17380.5;3952.5;13428.0;22638.0;10292.0;12346.0
461;Totaal;Noord-Friesland (CR);2016;324222.0;162709.0;161513.0;155339.0;84013.5;71325.5;128347.0;64167.0;64180.0;17348.0;3991.5;13356.5;23188.0;10537.0;12651.0
462;Totaal;Zuidwest-Friesland (CR);1995;97590.5;48813.5;48777.0;42887.0;23483.0;19404.0;45252.0;22612.5;22639.5;5877.0;1068.5;4808.5;3574.5;1649.5;1925.0
463;Totaal;Zuidwest-Friesland (CR);1996;98151.5;49083.5;49068.0;43034.0;23542.5;19491.5;45471.5;22718.0;22753.5;5881.0;1083.5;4797.5;3765.0;1739.5;2025.5
464;Totaal;Zuidwest-Friesland (CR);1997;99068.0;49582.5;49485.5;43335.0;23726.5;19608.5;45881.0;22923.0;22958.0;5875.0;1095.5;4779.5;3977.0;1837.5;2139.5
465;Totaal;Zuidwest-Friesland (CR);1998;100345.0;50269.5;50075.5;43807.5;24015.0;19792.5;46473.0;23229.0;23244.0;5860.5;1105.5;4755.0;4204.0;1920.0;2284.0
466;Totaal;Zuidwest-Friesland (CR);1999;101546.5;50886.5;50660.0;44307.0;24278.5;20028.5;46982.0;23497.0;23485.0;5887.0;1123.0;4764.0;4370.5;1988.0;2382.5
467;Totaal;Zuidwest-Friesland (CR);2000;102641.5;51427.5;51214.0;44857.5;24546.0;20311.5;47341.5;23683.0;23658.5;5944.0;1135.5;4808.5;4498.5;2063.0;2435.5
468;Totaal;Zuidwest-Friesland (CR);2001;103656.0;51936.0;51720.0;45472.0;24868.0;20604.0;47518.5;23764.5;23754.0;5962.5;1149.0;4813.5;4703.0;2154.5;2548.5
469;Totaal;Zuidwest-Friesland (CR);2002;104511.0;52377.0;52134.0;46152.5;25222.5;20930.0;47507.0;23755.5;23751.5;5972.0;1171.5;4800.5;4879.5;2227.5;2652.0
470;Totaal;Zuidwest-Friesland (CR);2003;104911.0;52530.5;52380.5;46510.5;25343.0;21167.5;47462.5;23740.0;23722.5;5970.5;1184.5;4786.0;4967.5;2263.0;2704.5
471;Totaal;Zuidwest-Friesland (CR);2004;105039.5;52544.0;52495.5;46619.0;25339.0;21280.0;47435.5;23727.5;23708.0;5946.5;1188.0;4758.5;5038.5;2289.5;2749.0
472;Totaal;Zuidwest-Friesland (CR);2005;105162.5;52586.5;52576.0;46791.0;25397.0;21394.0;47291.5;23658.0;23633.5;5933.0;1192.0;4741.0;5147.0;2339.5;2807.5
473;Totaal;Zuidwest-Friesland (CR);2006;105274.5;52651.0;52623.5;47061.5;25534.5;21527.0;47032.0;23530.5;23501.5;5932.5;1197.5;4735.0;5248.5;2388.5;2860.0
474;Totaal;Zuidwest-Friesland (CR);2007;105449.5;52776.5;52673.0;47379.0;25733.0;21646.0;46782.0;23402.5;23379.5;5944.0;1210.5;4733.5;5344.5;2430.5;2914.0
475;Totaal;Zuidwest-Friesland (CR);2008;105683.0;52941.0;52742.0;47593.5;25888.0;21705.5;46613.5;23312.0;23301.5;5967.0;1232.5;4734.5;5509.0;2508.5;3000.5
476;Totaal;Zuidwest-Friesland (CR);2009;105989.0;53136.0;52853.0;47486.0;25878.5;21607.5;46522.0;23260.0;23262.0;5977.0;1246.0;4731.0;6004.0;2751.5;3252.5
477;Totaal;Zuidwest-Friesland (CR);2010;106233.5;53281.5;52952.0;47367.0;25835.0;21532.0;46451.5;23225.5;23226.0;5954.0;1256.0;4698.0;6461.0;2965.0;3496.0
478;Totaal;Zuidwest-Friesland (CR);2011;106341.5;53328.5;53013.0;47483.5;25880.0;21603.5;46286.0;23142.0;23144.0;5959.0;1283.0;4676.0;6613.0;3023.5;3589.5
479;Totaal;Zuidwest-Friesland (CR);2012;106396.5;53312.5;53084.0;47615.0;25908.0;21707.0;46009.0;23004.5;23004.5;5986.0;1308.5;4677.5;6786.5;3091.5;3695.0
480;Totaal;Zuidwest-Friesland (CR);2013;106319.0;53260.5;53058.5;47693.5;25939.5;21754.0;45633.0;22825.5;22807.5;6002.5;1325.0;4677.5;6990.0;3170.5;3819.5
481;Totaal;Zuidwest-Friesland (CR);2014;135485.5;67936.0;67549.5;60743.5;33048.5;27695.0;58172.5;29098.0;29074.5;7658.5;1737.5;5921.0;8911.0;4052.0;4859.0
482;Totaal;Zuidwest-Friesland (CR);2015;135345.0;67913.0;67432.0;60769.0;33103.5;27665.5;57830.0;28920.5;28909.5;7674.0;1773.0;5901.0;9072.0;4116.0;4956.0
483;Totaal;Zuidwest-Friesland (CR);2016;135528.0;68046.5;67481.5;60933.0;33201.0;27732.0;57627.0;28837.0;28790.0;7692.5;1800.5;5892.0;9275.5;4208.0;5067.5
484;Totaal;Zuidoost-Friesland (CR);1995;193175.5;95830.5;97345.0;81160.5;44063.0;37097.5;92790.0;46377.0;46413.0;12072.5;2268.0;9804.5;7152.5;3122.5;4030.0
485;Totaal;Zuidoost-Friesland (CR);1996;194109.5;96314.0;97795.5;81593.0;44328.0;37265.0;92892.5;46416.5;46476.0;12140.0;2292.0;9848.0;7484.0;3277.5;4206.5
486;Totaal;Zuidoost-Friesland (CR);1997;195408.0;96982.0;98426.0;82218.0;44685.5;37532.5;93143.5;46554.0;46589.5;12208.0;2315.5;9892.5;7838.5;3427.0;4411.5
487;Totaal;Zuidoost-Friesland (CR);1998;196854.5;97726.5;99128.0;82756.0;44992.0;37764.0;93684.5;46841.5;46843.0;12114.0;2306.0;9808.0;8300.0;3587.0;4713.0
488;Totaal;Zuidoost-Friesland (CR);1999;198323.0;98447.5;99875.5;83322.5;45298.5;38024.0;94251.0;47126.5;47124.5;12108.0;2279.0;9829.0;8641.5;3743.5;4898.0
489;Totaal;Zuidoost-Friesland (CR);2000;200328.5;99480.5;100848.0;84453.5;45928.5;38525.0;94723.0;47378.5;47344.5;12257.5;2276.0;9981.5;8894.5;3897.5;4997.0
490;Totaal;Zuidoost-Friesland (CR);2001;202535.0;100667.5;101867.5;85990.5;46807.5;39183.0;94898.0;47476.5;47421.5;12326.5;2296.5;10030.0;9320.0;4087.0;5233.0
491;Totaal;Zuidoost-Friesland (CR);2002;204112.0;101509.0;102603.0;87229.0;47480.0;39749.0;94798.5;47418.0;47380.5;12344.5;2339.0;10005.5;9740.0;4272.0;5468.0
492;Totaal;Zuidoost-Friesland (CR);2003;205325.5;102184.0;103141.5;88305.0;48066.5;40238.5;94647.0;47338.0;47309.0;12334.0;2381.5;9952.5;10039.5;4398.0;5641.5
493;Totaal;Zuidoost-Friesland (CR);2004;206068.0;102587.5;103480.5;89117.0;48510.5;40606.5;94371.0;47200.0;47171.0;12328.0;2403.5;9924.5;10252.0;4473.5;5778.5
494;Totaal;Zuidoost-Friesland (CR);2005;206058.0;102509.5;103548.5;89356.5;48542.5;40814.0;93958.5;46991.0;46967.5;12320.5;2434.5;9886.0;10422.5;4541.5;5881.0
495;Totaal;Zuidoost-Friesland (CR);2006;205985.0;102351.0;103634.0;89651.0;48543.0;41108.0;93411.0;46707.5;46703.5;12293.0;2462.5;9830.5;10630.0;4638.0;5992.0
496;Totaal;Zuidoost-Friesland (CR);2007;206475.5;102578.0;103897.5;90318.0;48823.5;41494.5;93021.0;46507.0;46514.0;12274.0;2497.0;9777.0;10862.5;4750.5;6112.0
497;Totaal;Zuidoost-Friesland (CR);2008;207207.5;102998.5;104209.0;91115.0;49240.0;41875.0;92655.5;46315.0;46340.5;12315.0;2557.5;9757.5;11122.0;4886.0;6236.0
498;Totaal;Zuidoost-Friesland (CR);2009;207817.5;103356.5;104461.0;91061.5;49274.0;41787.5;92445.0;46213.5;46231.5;12358.5;2592.0;9766.5;11952.5;5277.0;6675.5
499;Totaal;Zuidoost-Friesland (CR);2010;208094.0;103529.5;104564.5;90818.0;49188.5;41629.5;92113.0;46062.0;46051.0;12361.5;2616.0;9745.5;12801.5;5663.0;7138.5
500;Totaal;Zuidoost-Friesland (CR);2011;208093.5;103555.0;104538.5;91160.0;49369.0;41791.0;91460.0;45733.5;45726.5;12336.0;2648.0;9688.0;13137.5;5804.5;7333.0
501;Totaal;Zuidoost-Friesland (CR);2012;207801.5;103486.5;104315.0;91236.5;49479.5;41757.0;90796.0;45394.0;45402.0;12320.5;2680.5;9640.0;13448.5;5932.5;7516.0
502;Totaal;Zuidoost-Friesland (CR);2013;207390.5;103342.0;104048.5;91294.0;49552.0;41742.0;90003.0;45005.5;44997.5;12296.5;2694.5;9602.0;13797.0;6090.0;7707.0
503;Totaal;Zuidoost-Friesland (CR);2014;186566.0;92855.0;93711.0;82452.0;44688.5;37763.5;79888.0;39963.0;39925.0;11160.5;2445.5;8715.0;13065.5;5758.0;7307.5
504;Totaal;Zuidoost-Friesland (CR);2015;186713.5;92917.5;93796.0;82798.0;44860.5;37937.5;79196.0;39605.0;39591.0;11210.5;2481.0;8729.5;13509.0;5971.0;7538.0
505;Totaal;Zuidoost-Friesland (CR);2016;186707.0;92956.5;93750.5;83142.5;45038.5;38104.0;78460.5;39210.0;39250.5;11149.5;2504.5;8645.0;13954.5;6203.5;7751.0
506;Totaal;Noord-Drenthe (CR);1995;163080.5;80851.5;82229.0;66531.5;35972.5;30559.0;80013.5;40039.5;39974.0;10202.5;1957.0;8245.5;6333.0;2882.5;3450.5
507;Totaal;Noord-Drenthe (CR);1996;164122.0;81365.5;82756.5;67028.0;36260.0;30768.0;80145.0;40106.0;40039.0;10297.0;2000.0;8297.0;6652.0;2999.5;3652.5
508;Totaal;Noord-Drenthe (CR);1997;165627.0;82054.0;83573.0;67694.0;36554.0;31140.0;80571.0;40320.0;40251.0;10361.0;2029.0;8332.0;7001.0;3151.0;3850.0
509;Totaal;Noord-Drenthe (CR);1998;175968.5;87183.5;88785.0;72075.5;38909.5;33166.0;85478.5;42780.0;42698.5;10776.5;2091.5;8685.0;7638.0;3402.5;4235.5
510;Totaal;Noord-Drenthe (CR);1999;177213.0;87722.5;89490.5;72530.0;39134.0;33396.0;85938.0;43000.5;42937.5;10807.5;2073.0;8734.5;7937.5;3515.0;4422.5
511;Totaal;Noord-Drenthe (CR);2000;178824.5;88469.0;90355.5;73444.0;39595.0;33849.0;86241.5;43135.5;43106.0;10953.0;2099.5;8853.5;8186.0;3639.0;4547.0
512;Totaal;Noord-Drenthe (CR);2001;180820.5;89450.5;91370.0;74745.0;40261.0;34484.0;86517.5;43272.0;43245.5;11013.0;2125.5;8887.5;8545.0;3792.0;4753.0
513;Totaal;Noord-Drenthe (CR);2002;182772.5;90353.5;92419.0;76097.0;40907.0;35190.0;86697.5;43361.0;43336.5;11078.5;2149.0;8929.5;8899.5;3936.5;4963.0
514;Totaal;Noord-Drenthe (CR);2003;183961.5;90825.0;93136.5;77013.5;41293.5;35720.0;86665.0;43325.0;43340.0;11102.5;2150.5;8952.0;9180.5;4056.0;5124.5
515;Totaal;Noord-Drenthe (CR);2004;184681.0;91135.5;93545.5;77654.0;41579.5;36074.5;86456.0;43206.0;43250.0;11110.5;2176.5;8934.0;9460.5;4173.5;5287.0
516;Totaal;Noord-Drenthe (CR);2005;185401.5;91446.5;93955.0;78363.5;41926.5;36437.0;86145.0;43031.5;43113.5;11154.0;2202.0;8952.0;9739.0;4286.5;5452.5
517;Totaal;Noord-Drenthe (CR);2006;186195.5;91762.5;94433.0;79084.0;42282.0;36802.0;85930.0;42901.0;43029.0;11169.5;2192.5;8977.0;10012.0;4387.0;5625.0
518;Totaal;Noord-Drenthe (CR);2007;187284.0;92270.5;95013.5;79872.0;42650.5;37221.5;85906.0;42886.5;43019.5;11160.0;2200.5;8959.5;10346.0;4533.0;5813.0
519;Totaal;Noord-Drenthe (CR);2008;188407.0;92783.5;95623.5;80587.0;42950.5;37636.5;85934.0;42917.0;43017.0;11184.0;2226.5;8957.5;10702.0;4689.5;6012.5
520;Totaal;Noord-Drenthe (CR);2009;189055.5;93102.5;95953.0;80509.5;42935.5;37574.0;85705.0;42812.5;42892.5;11242.0;2259.5;8982.5;11599.0;5095.0;6504.0
521;Totaal;Noord-Drenthe (CR);2010;189491.5;93389.0;96102.5;80437.0;42989.0;37448.0;85307.5;42614.5;42693.0;11253.5;2285.0;8968.5;12493.5;5500.5;6993.0
522;Totaal;Noord-Drenthe (CR);2011;189801.5;93669.0;96132.5;80813.0;43287.0;37526.0;84935.0;42431.5;42503.5;11255.5;2327.0;8928.5;12798.0;5623.5;7174.5
523;Totaal;Noord-Drenthe (CR);2012;189731.5;93725.0;96006.5;80896.0;43392.0;37504.0;84478.0;42199.5;42278.5;11244.5;2355.5;8889.0;13113.0;5778.0;7335.0
524;Totaal;Noord-Drenthe (CR);2013;189570.0;93700.5;95869.5;80942.5;43436.5;37506.0;83927.5;41916.5;42011.0;11221.0;2377.5;8843.5;13479.0;5970.0;7509.0
525;Totaal;Noord-Drenthe (CR);2014;189426.0;93706.0;95720.0;81017.5;43523.0;37494.5;83308.0;41607.0;41701.0;11254.0;2428.0;8826.0;13846.5;6148.0;7698.5
526;Totaal;Noord-Drenthe (CR);2015;189478.0;93766.5;95711.5;81238.0;43653.0;37585.0;82755.5;41329.0;41426.5;11277.0;2476.0;8801.0;14207.5;6308.5;7899.0
527;Totaal;Noord-Drenthe (CR);2016;191047.0;94525.5;96521.5;82507.5;44322.0;38185.5;82732.0;41231.5;41500.5;11254.5;2512.0;8742.5;14553.0;6460.0;8093.0
528;Totaal;Zuidoost-Drenthe (CR);1995;151891.5;75527.5;76364.0;59647.5;32604.0;27043.5;77571.5;38781.5;38790.0;9543.5;1802.5;7741.0;5129.0;2339.5;2789.5
529;Totaal;Zuidoost-Drenthe (CR);1996;152499.5;75754.5;76745.0;59935.5;32730.0;27205.5;77527.0;38756.0;38771.0;9681.5;1840.0;7841.5;5355.5;2428.5;2927.0
530;Totaal;Zuidoost-Drenthe (CR);1997;153210.0;76077.0;77133.0;60315.5;32939.5;27376.0;77479.5;38737.0;38742.5;9815.0;1873.0;7942.0;5600.0;2527.5;3072.5
531;Totaal;Zuidoost-Drenthe (CR);1998;165842.5;82428.5;83414.0;65097.0;35616.5;29480.5;83667.5;41851.5;41816.0;10625.5;2043.5;8582.0;6452.5;2917.0;3535.5
532;Totaal;Zuidoost-Drenthe (CR);1999;166548.5;82755.0;83793.5;65380.0;35793.5;29586.5;83656.5;41844.5;41812.0;10745.5;2056.0;8689.5;6766.5;3061.0;3705.5
533;Totaal;Zuidoost-Drenthe (CR);2000;168108.0;83505.0;84603.0;66310.5;36266.5;30044.0;83820.0;41927.5;41892.5;10925.0;2084.0;8841.0;7052.5;3227.0;3825.5
534;Totaal;Zuidoost-Drenthe (CR);2001;169839.0;84411.0;85428.0;67533.5;36900.0;30633.5;83897.0;41975.5;41921.5;10958.0;2111.5;8846.5;7450.5;3424.0;4026.5
535;Totaal;Zuidoost-Drenthe (CR);2002;170551.0;84757.0;85794.0;68313.5;37276.5;31037.0;83468.5;41767.0;41701.5;10992.0;2139.0;8853.0;7777.0;3574.5;4202.5
536;Totaal;Zuidoost-Drenthe (CR);2003;170790.0;84798.5;85991.5;68860.0;37477.0;31383.0;82892.5;41475.0;41417.5;11045.0;2170.0;8875.0;7992.5;3676.5;4316.0
537;Totaal;Zuidoost-Drenthe (CR);2004;170982.0;84800.5;86181.5;69307.0;37619.5;31687.5;82381.0;41209.5;41171.5;11070.0;2207.5;8862.5;8224.0;3764.0;4460.0
538;Totaal;Zuidoost-Drenthe (CR);2005;171028.5;84759.5;86269.0;69684.0;37734.0;31950.0;81801.0;40913.5;40887.5;11054.0;2240.5;8813.5;8489.5;3871.5;4618.0
539;Totaal;Zuidoost-Drenthe (CR);2006;171098.0;84812.5;86285.5;70123.0;37959.0;32164.0;81211.0;40601.0;40610.0;11008.0;2246.5;8761.5;8756.0;4006.0;4750.0
540;Totaal;Zuidoost-Drenthe (CR);2007;171257.0;84900.0;86357.0;70563.5;38207.5;32356.0;80647.0;40303.0;40344.0;11018.5;2280.5;8738.0;9028.0;4109.0;4919.0
541;Totaal;Zuidoost-Drenthe (CR);2008;171412.0;84954.0;86458.0;70940.0;38375.0;32565.0;80155.5;40064.5;40091.0;11102.5;2346.5;8756.0;9214.0;4168.0;5046.0
542;Totaal;Zuidoost-Drenthe (CR);2009;171581.5;85077.5;86504.0;70791.0;38328.0;32463.0;79656.0;39825.0;39831.0;11164.5;2390.5;8774.0;9970.0;4534.0;5436.0
543;Totaal;Zuidoost-Drenthe (CR);2010;171475.5;85061.5;86414.0;70496.5;38209.0;32287.5;78985.5;39488.5;39497.0;11191.0;2426.0;8765.0;10802.5;4938.0;5864.5
544;Totaal;Zuidoost-Drenthe (CR);2011;170922.5;84842.5;86080.0;70477.5;38215.5;32262.0;78149.5;39061.5;39088.0;11202.0;2492.5;8709.5;11093.5;5073.0;6020.5
545;Totaal;Zuidoost-Drenthe (CR);2012;170198.5;84516.5;85682.0;70345.5;38159.0;32186.5;77259.5;38602.5;38657.0;11179.0;2543.0;8636.0;11414.5;5212.0;6202.5
546;Totaal;Zuidoost-Drenthe (CR);2013;169633.5;84168.5;85465.0;70302.0;38085.5;32216.5;76401.0;38159.0;38242.0;11155.5;2553.5;8602.0;11775.0;5370.5;6404.5
547;Totaal;Zuidoost-Drenthe (CR);2014;169130.0;83925.5;85204.5;70283.0;38069.5;32213.5;75581.0;37746.5;37834.5;11131.0;2580.0;8551.0;12135.0;5529.5;6605.5
548;Totaal;Zuidoost-Drenthe (CR);2015;168574.0;83774.5;84799.5;70228.5;38119.0;32109.5;74827.5;37376.0;37451.5;11078.5;2623.0;8455.5;12439.5;5656.5;6783.0
549;Totaal;Zuidoost-Drenthe (CR);2016;168233.5;83713.0;84520.5;70347.5;38233.0;32114.5;74120.5;37033.0;37087.5;11018.0;2656.0;8362.0;12747.5;5791.0;6956.5
550;Totaal;Zuidwest-Drenthe (CR);1995;141118.0;70288.5;70829.5;57334.5;31339.5;25995.0;70393.0;35213.0;35180.0;8806.5;1654.5;7152.0;4584.0;2081.5;2502.5
551;Totaal;Zuidwest-Drenthe (CR);1996;142440.0;70901.0;71539.0;57944.0;31641.0;26303.0;70733.0;35370.0;35363.0;8919.0;1678.5;7240.5;4844.0;2211.5;2632.5
552;Totaal;Zuidwest-Drenthe (CR);1997;143950.5;71633.5;72317.0;58711.5;32026.0;26685.5;71133.5;35571.5;35562.0;8999.5;1695.0;7304.5;5106.0;2341.0;2765.0
553;Totaal;Zuidwest-Drenthe (CR);1998;124071.5;61661.5;62410.0;50868.0;27707.0;23161.0;60846.5;30433.0;30413.5;7729.0;1444.5;6284.5;4628.0;2077.0;2551.0
554;Totaal;Zuidwest-Drenthe (CR);1999;124688.0;61881.0;62807.0;51122.0;27783.5;23338.5;61042.5;30532.5;30510.0;7774.5;1454.5;6320.0;4749.0;2110.5;2638.5
555;Totaal;Zuidwest-Drenthe (CR);2000;125223.5;62042.0;63181.5;51395.5;27848.5;23547.0;61038.0;30524.0;30514.0;7908.0;1485.0;6423.0;4882.0;2184.5;2697.5
556;Totaal;Zuidwest-Drenthe (CR);2001;125993.0;62386.0;63607.0;52011.0;28133.5;23877.5;60901.5;30455.5;30446.0;7949.5;1504.5;6445.0;5131.0;2292.5;2838.5
557;Totaal;Zuidwest-Drenthe (CR);2002;126703.0;62752.0;63951.0;52650.0;28466.5;24183.5;60774.5;30394.0;30380.5;7946.5;1509.0;6437.5;5332.0;2382.5;2949.5
558;Totaal;Zuidwest-Drenthe (CR);2003;127083.0;62941.0;64142.0;53018.0;28670.0;24348.0;60599.5;30308.5;30291.0;7967.5;1519.0;6448.5;5498.0;2443.5;3054.5
559;Totaal;Zuidwest-Drenthe (CR);2004;127229.0;63009.5;64219.5;53222.0;28776.0;24446.0;60332.0;30171.0;30161.0;7978.0;1539.0;6439.0;5697.0;2523.5;3173.5
560;Totaal;Zuidwest-Drenthe (CR);2005;127495.0;63140.0;64355.0;53505.0;28898.5;24606.5;60103.0;30059.5;30043.5;7983.5;1572.0;6411.5;5903.5;2610.0;3293.5
561;Totaal;Zuidwest-Drenthe (CR);2006;128045.5;63403.0;64642.5;54001.5;29130.0;24871.5;60024.5;30028.0;29996.5;7959.0;1581.0;6378.0;6060.5;2664.0;3396.5
562;Totaal;Zuidwest-Drenthe (CR);2007;128625.0;63642.0;64983.0;54519.0;29347.5;25171.5;59928.5;29974.0;29954.5;7943.5;1585.0;6358.5;6234.0;2735.5;3498.5
563;Totaal;Zuidwest-Drenthe (CR);2008;129207.5;63902.5;65305.0;54941.0;29534.0;25407.0;59806.0;29902.0;29904.0;7965.5;1614.5;6351.0;6495.0;2852.0;3643.0
564;Totaal;Zuidwest-Drenthe (CR);2009;129812.5;64244.5;65568.0;55027.5;29610.5;25417.0;59724.0;29859.5;29864.5;7973.0;1638.5;6334.5;7088.0;3136.0;3952.0
565;Totaal;Zuidwest-Drenthe (CR);2010;130229.0;64480.5;65748.5;55057.0;29658.0;25399.0;59492.0;29750.5;29741.5;8008.5;1650.0;6358.5;7671.5;3422.0;4249.5
566;Totaal;Zuidwest-Drenthe (CR);2011;130385.0;64597.5;65787.5;55310.0;29819.0;25491.0;59142.0;29581.5;29560.5;8029.5;1670.5;6359.0;7903.5;3526.5;4377.0
567;Totaal;Zuidwest-Drenthe (CR);2012;130432.5;64704.0;65728.5;55509.0;29962.5;25546.5;58763.5;29398.0;29365.5;8007.0;1712.5;6294.5;8153.0;3631.0;4522.0
568;Totaal;Zuidwest-Drenthe (CR);2013;130249.5;64624.5;65625.0;55579.5;29996.0;25583.5;58252.5;29141.5;29111.0;8004.0;1754.5;6249.5;8413.5;3732.5;4681.0
569;Totaal;Zuidwest-Drenthe (CR);2014;130226.0;64614.5;65611.5;55720.0;30076.0;25644.0;57841.5;28920.0;28921.5;8022.5;1790.0;6232.5;8642.0;3828.5;4813.5
570;Totaal;Zuidwest-Drenthe (CR);2015;130550.5;64831.5;65719.0;56009.0;30257.0;25752.0;57635.0;28806.5;28828.5;8022.0;1821.5;6200.5;8884.5;3946.5;4938.0
571;Totaal;Zuidwest-Drenthe (CR);2016;130930.0;65002.0;65928.0;56318.5;30361.0;25957.5;57424.5;28704.5;28720.0;8013.5;1850.0;6163.5;9173.5;4086.5;5087.0
572;Totaal;Noord-Overijssel (CR);1995;333614.5;165587.0;168027.5;150453.5;80215.5;70238.0;155721.0;77827.5;77893.5;17954.0;3346.5;14607.5;9486.0;4197.5;5288.5
573;Totaal;Noord-Overijssel (CR);1996;336040.0;166813.0;169227.0;151604.0;80889.5;70714.5;156323.0;78139.5;78183.5;18062.5;3350.5;14712.0;10050.5;4433.5;5617.0
574;Totaal;Noord-Overijssel (CR);1997;338318.0;167939.0;170379.0;152544.0;81404.0;71140.0;156996.5;78482.0;78514.5;18181.5;3383.0;14798.5;10596.0;4670.0;5926.0
575;Totaal;Noord-Overijssel (CR);1998;340900.0;169259.0;171641.0;153659.0;82009.5;71649.5;157878.0;78934.5;78943.5;18172.5;3421.0;14751.5;11190.5;4894.0;6296.5
576;Totaal;Noord-Overijssel (CR);1999;344100.5;170920.5;173180.0;155213.5;82891.0;72322.5;158956.0;79486.5;79469.5;18269.0;3434.0;14835.0;11662.0;5109.0;6553.0
577;Totaal;Noord-Overijssel (CR);2000;347536.0;172723.5;174812.5;161532.5;86040.0;75492.5;156147.5;78085.0;78062.5;17965.0;3343.5;14621.5;11891.0;5255.0;6636.0
578;Totaal;Noord-Overijssel (CR);2001;335554.0;166771.5;168782.5;152589.5;81468.5;71121.0;153179.5;76602.5;76577.0;17507.5;3272.5;14235.0;12277.5;5428.0;6849.5
579;Totaal;Noord-Overijssel (CR);2002;338647.5;168343.0;170304.5;154527.0;82460.5;72066.5;153824.0;76921.5;76902.5;17529.0;3321.0;14208.0;12767.5;5640.0;7127.5
580;Totaal;Noord-Overijssel (CR);2003;340770.5;169386.5;171384.0;155901.0;83124.5;72776.5;154234.0;77116.0;77118.0;17535.0;3372.5;14162.5;13100.5;5773.5;7327.0
581;Totaal;Noord-Overijssel (CR);2004;342100.5;169983.5;172117.0;156843.5;83522.0;73321.5;154333.0;77152.0;77181.0;17507.5;3398.0;14109.5;13416.5;5911.5;7505.0
582;Totaal;Noord-Overijssel (CR);2005;343721.0;170798.0;172923.0;158062.0;84126.0;73936.0;154396.0;77174.5;77221.5;17477.5;3415.5;14062.0;13785.5;6082.0;7703.5
583;Totaal;Noord-Overijssel (CR);2006;345848.5;171949.5;173899.0;159702.0;85016.0;74686.0;154542.0;77238.0;77304.0;17402.5;3430.0;13972.5;14202.0;6265.5;7936.5
584;Totaal;Noord-Overijssel (CR);2007;348096.0;173110.0;174986.0;161295.5;85838.5;75457.0;154797.5;77358.5;77439.0;17327.5;3452.5;13875.0;14675.5;6460.5;8215.0
585;Totaal;Noord-Overijssel (CR);2008;350587.0;174365.0;176222.0;162944.5;86664.0;76280.5;155193.5;77560.0;77633.5;17299.5;3483.0;13816.5;15149.5;6658.0;8491.5
586;Totaal;Noord-Overijssel (CR);2009;352966.0;175591.5;177374.5;163698.5;87081.0;76617.5;155672.5;77802.0;77870.5;17249.5;3485.5;13764.0;16345.5;7223.0;9122.5
587;Totaal;Noord-Overijssel (CR);2010;355107.5;176798.0;178309.5;164258.0;87454.5;76803.5;156109.5;78024.5;78085.0;17223.5;3539.5;13684.0;17516.5;7779.5;9737.0
588;Totaal;Noord-Overijssel (CR);2011;357154.5;177929.5;179225.0;165492.5;88151.0;77341.5;156427.0;78181.5;78245.5;17225.5;3621.0;13604.5;18009.5;7976.0;10033.5
589;Totaal;Noord-Overijssel (CR);2012;358977.0;178868.0;180109.0;166574.0;88695.0;77879.0;156613.5;78279.0;78334.5;17261.5;3685.0;13576.5;18528.0;8209.0;10319.0
590;Totaal;Noord-Overijssel (CR);2013;360276.5;179615.0;180661.5;167446.5;89175.5;78271.0;156475.5;78210.0;78265.5;17298.5;3750.5;13548.0;19056.0;8479.0;10577.0
591;Totaal;Noord-Overijssel (CR);2014;361220.5;180193.5;181027.0;168151.5;89601.5;78550.0;156139.0;78028.5;78110.5;17271.0;3805.0;13466.0;19659.0;8758.5;10900.5
592;Totaal;Noord-Overijssel (CR);2015;362997.0;181217.5;181779.5;169581.0;90423.0;79158.0;155865.5;77890.5;77975.0;17272.0;3876.5;13395.5;20278.5;9027.5;11251.0
593;Totaal;Noord-Overijssel (CR);2016;365309.5;182552.0;182757.5;171393.5;91472.0;79921.5;155781.0;77859.0;77922.0;17269.0;3937.0;13332.0;20866.0;9284.0;11582.0
594;Totaal;Zuidwest-Overijssel (CR);1995;131254.5;64728.5;66526.0;57645.0;30713.5;26931.5;60782.5;30385.5;30397.0;7890.5;1504.0;6386.5;4936.5;2125.5;2811.0
595;Totaal;Zuidwest-Overijssel (CR);1996;131319.0;64755.5;66563.5;57793.0;30798.5;26994.5;60430.5;30212.0;30218.5;7946.0;1523.5;6422.5;5149.5;2221.5;2928.0
596;Totaal;Zuidwest-Overijssel (CR);1997;132022.0;65094.5;66927.5;58382.0;31089.0;27293.0;60334.0;30164.0;30170.0;7946.0;1520.0;6426.0;5360.0;2321.5;3038.5
597;Totaal;Zuidwest-Overijssel (CR);1998;133467.0;65818.5;67648.5;59407.0;31638.5;27768.5;60540.0;30271.5;30268.5;7858.0;1486.5;6371.5;5662.0;2422.0;3240.0
598;Totaal;Zuidwest-Overijssel (CR);1999;134832.5;66511.0;68321.5;60338.0;32154.5;28183.5;60802.0;30403.5;30398.5;7852.5;1468.0;6384.5;5840.0;2485.0;3355.0
599;Totaal;Zuidwest-Overijssel (CR);2000;136254.0;67255.0;68999.0;56832.5;30594.5;26238.0;64939.0;32449.5;32489.5;8367.5;1578.5;6789.0;6115.0;2632.5;3482.5
600;Totaal;Zuidwest-Overijssel (CR);2001;144290.0;71372.0;72918.0;65531.5;35000.5;30531.0;64257.5;32106.0;32151.5;8219.0;1564.5;6654.5;6282.0;2701.0;3581.0
601;Totaal;Zuidwest-Overijssel (CR);2002;145842.5;72145.0;73697.5;66709.5;35594.5;31115.0;64378.5;32182.5;32196.0;8220.5;1573.0;6647.5;6534.0;2795.0;3739.0
602;Totaal;Zuidwest-Overijssel (CR);2003;147706.5;73138.0;74568.5;68174.0;36360.5;31813.5;64543.0;32259.0;32284.0;8190.0;1599.5;6590.5;6799.5;2919.0;3880.5
603;Totaal;Zuidwest-Overijssel (CR);2004;149277.0;74000.0;75277.0;69465.0;37064.0;32401.0;64603.5;32283.0;32320.5;8163.5;1612.0;6551.5;7045.0;3041.0;4004.0
604;Totaal;Zuidwest-Overijssel (CR);2005;150475.5;74636.5;75839.0;70401.0;37577.5;32823.5;64614.5;32284.5;32330.0;8180.0;1627.5;6552.5;7280.0;3147.0;4133.0
605;Totaal;Zuidwest-Overijssel (CR);2006;151150.5;74986.5;76164.0;70835.0;37821.5;33013.5;64632.5;32290.5;32342.0;8166.5;1636.5;6530.0;7516.5;3238.0;4278.5
606;Totaal;Zuidwest-Overijssel (CR);2007;151480.5;75151.5;76329.0;71111.0;37946.0;33165.0;64450.5;32200.5;32250.0;8144.0;1652.0;6492.0;7775.0;3353.0;4422.0
607;Totaal;Zuidwest-Overijssel (CR);2008;151985.5;75447.5;76538.0;71523.5;38184.0;33339.5;64279.0;32101.5;32177.5;8146.0;1685.5;6460.5;8037.0;3476.5;4560.5
608;Totaal;Zuidwest-Overijssel (CR);2009;152562.0;75759.5;76802.5;71789.5;38329.0;33460.5;64149.5;32019.0;32130.5;8135.5;1705.5;6430.0;8487.5;3706.0;4781.5
609;Totaal;Zuidwest-Overijssel (CR);2010;152893.0;75854.5;77038.5;71925.0;38306.0;33619.0;63971.0;31927.0;32044.0;8109.0;1717.5;6391.5;8888.0;3904.0;4984.0
610;Totaal;Zuidwest-Overijssel (CR);2011;152930.5;75808.0;77122.5;72004.5;38263.5;33741.0;63786.5;31840.5;31946.0;8084.5;1734.5;6350.0;9055.0;3969.5;5085.5
611;Totaal;Zuidwest-Overijssel (CR);2012;152876.0;75811.5;77064.5;72038.0;38271.5;33766.5;63504.0;31697.0;31807.0;8058.5;1768.5;6290.0;9275.5;4074.5;5201.0
612;Totaal;Zuidwest-Overijssel (CR);2013;152714.5;75804.5;76910.0;72055.5;38314.0;33741.5;63080.0;31484.5;31595.5;8042.0;1805.0;6237.0;9537.0;4201.0;5336.0
613;Totaal;Zuidwest-Overijssel (CR);2014;152796.5;75918.5;76878.0;72261.0;38489.0;33772.0;62641.0;31269.5;31371.5;8043.5;1827.5;6216.0;9851.0;4332.5;5518.5
614;Totaal;Zuidwest-Overijssel (CR);2015;153218.5;76221.5;76997.0;72580.0;38728.0;33852.0;62412.0;31157.5;31254.5;8035.5;1855.0;6180.5;10191.0;4481.0;5710.0
615;Totaal;Zuidwest-Overijssel (CR);2016;153807.0;76539.0;77268.0;72887.0;38899.5;33987.5;62372.0;31131.5;31240.5;8037.5;1888.5;6149.0;10510.5;4619.5;5891.0
616;Totaal;Twente (CR);1995;587308.5;294395.0;292913.5;253415.5;139873.0;113542.5;278188.0;139158.5;139029.5;35640.5;6467.5;29173.0;20064.5;8896.0;11168.5
617;Totaal;Twente (CR);1996;588601.0;294980.5;293620.5;254003.5;140152.5;113851.0;277934.5;138989.5;138945.0;35756.0;6561.5;29194.5;20907.0;9277.0;11630.0
618;Totaal;Twente (CR);1997;590395.5;295819.0;294576.5;254952.0;140612.0;114340.0;277927.0;138965.0;138962.0;35871.0;6634.5;29236.5;21645.5;9607.5;12038.0
619;Totaal;Twente (CR);1998;592618.5;296929.5;295689.0;256064.5;141204.0;114860.5;278351.5;139193.0;139158.5;35655.5;6604.0;29051.5;22547.0;9928.5;12618.5
620;Totaal;Twente (CR);1999;595072.5;298242.5;296830.0;257193.0;141861.5;115331.5;279009.0;139549.5;139459.5;35646.5;6615.0;29031.5;23224.0;10216.5;13007.5
621;Totaal;Twente (CR);2000;598162.5;299937.5;298225.0;259294.5;143060.5;116234.0;279209.0;139658.5;139550.5;35874.0;6691.5;29182.5;23785.0;10527.0;13258.0
622;Totaal;Twente (CR);2001;610312.0;306091.0;304221.0;265471.0;146428.0;119043.0;283379.5;141755.5;141624.0;36485.0;6876.5;29608.5;24976.5;11031.0;13945.5
623;Totaal;Twente (CR);2002;612864.5;307433.5;305431.0;268073.0;147804.0;120269.0;282462.0;141313.5;141148.5;36466.0;6933.5;29532.5;25863.5;11382.5;14481.0
624;Totaal;Twente (CR);2003;614617.5;308434.0;306183.5;270144.5;149012.5;121132.0;281504.5;140830.0;140674.5;36416.0;6958.5;29457.5;26552.5;11633.0;14919.5
625;Totaal;Twente (CR);2004;616094.5;309196.0;306898.5;272321.5;150105.5;122216.0;280172.5;140169.0;140003.5;36392.0;7026.5;29365.5;27208.5;11895.0;15313.5
626;Totaal;Twente (CR);2005;617284.0;309636.5;307647.5;274429.0;150972.5;123456.5;278550.0;139374.0;139176.0;36433.5;7125.5;29308.0;27871.5;12164.5;15707.0
627;Totaal;Twente (CR);2006;617952.5;309885.0;308067.5;275931.0;151601.0;124330.0;277079.0;138651.0;138428.0;36415.5;7216.0;29199.5;28527.0;12417.0;16110.0
628;Totaal;Twente (CR);2007;618607.5;310213.5;308394.0;277190.0;152176.0;125014.0;275820.0;138006.5;137813.5;36335.0;7286.0;29049.0;29262.5;12745.0;16517.5
629;Totaal;Twente (CR);2008;620142.0;311102.5;309039.5;279076.0;153184.0;125892.0;274740.0;137439.5;137300.5;36224.5;7344.5;28880.0;30101.5;13134.5;16967.0
630;Totaal;Twente (CR);2009;622362.0;312338.5;310023.5;280194.0;153816.5;126377.5;273653.0;136899.5;136753.5;36198.5;7444.0;28754.5;32316.5;14178.5;18138.0
631;Totaal;Twente (CR);2010;624404.5;313279.0;311125.5;281100.5;154180.0;126920.5;272641.5;136378.0;136263.5;36187.5;7532.0;28655.5;34475.0;15189.0;19286.0
632;Totaal;Twente (CR);2011;625981.5;314096.0;311885.5;282911.5;155030.0;127881.5;271732.0;135909.5;135822.5;36114.0;7639.0;28475.0;35224.0;15517.5;19706.5
633;Totaal;Twente (CR);2012;626656.0;314547.5;312108.5;284060.5;155603.0;128457.5;270439.0;135256.5;135182.5;36072.0;7767.0;28305.0;36084.5;15921.0;20163.5
634;Totaal;Twente (CR);2013;626532.5;314532.5;312000.0;284913.0;156046.0;128867.0;268386.5;134207.5;134179.0;36032.5;7859.0;28173.5;37200.5;16420.0;20780.5
635;Totaal;Twente (CR);2014;626157.5;314442.0;311715.5;285742.5;156480.5;129262.0;266043.5;133036.5;133007.0;35968.5;7965.0;28003.5;38403.0;16960.0;21443.0
636;Totaal;Twente (CR);2015;626250.5;314670.0;311580.5;286929.0;157108.0;129821.0;264050.0;132051.5;131998.5;35899.0;8100.5;27798.5;39372.5;17410.0;21962.5
637;Totaal;Twente (CR);2016;626867.0;315285.0;311582.0;288360.0;157974.5;130385.5;262394.0;131230.5;131163.5;35891.5;8271.0;27620.5;40221.5;17809.0;22412.5
638;Totaal;Veluwe (CR);1995;614877.0;303774.5;311102.5;266760.5;141855.0;124905.5;294348.0;147196.5;147151.5;33604.0;5969.0;27635.0;20164.5;8754.0;11410.5
639;Totaal;Veluwe (CR);1996;618692.5;305757.0;312935.5;268413.0;142894.0;125519.0;295181.5;147594.5;147587.0;33867.0;6070.0;27797.0;21231.0;9198.5;12032.5
640;Totaal;Veluwe (CR);1997;621740.5;307112.5;314628.0;269455.5;143392.5;126063.0;295909.0;147943.5;147965.5;34143.5;6194.0;27949.5;22232.5;9582.5;12650.0
641;Totaal;Veluwe (CR);1998;623625.0;307849.5;315775.5;269797.5;143429.0;126368.5;296463.0;148245.0;148218.0;34009.5;6212.5;27797.0;23355.0;9963.0;13392.0
642;Totaal;Veluwe (CR);1999;626104.0;309100.5;317003.5;270503.0;143843.0;126660.0;297257.0;148664.0;148593.0;34086.5;6215.5;27871.0;24257.5;10378.0;13879.5
643;Totaal;Veluwe (CR);2000;629229.5;310693.5;318536.0;271927.0;144698.0;127229.0;297878.5;148984.5;148894.0;34510.0;6271.5;28238.5;24914.0;10739.5;14174.5
644;Totaal;Veluwe (CR);2001;633305.0;312823.0;320482.0;274555.5;146133.0;128422.5;298186.0;149129.0;149057.0;34608.0;6348.5;28259.5;25955.5;11212.5;14743.0
645;Totaal;Veluwe (CR);2002;637691.0;315130.0;322561.0;277657.5;147843.0;129814.5;298305.0;149184.5;149120.5;34715.5;6396.5;28319.0;27013.0;11706.0;15307.0
646;Totaal;Veluwe (CR);2003;641106.0;316766.0;324340.0;280274.5;149200.0;131074.5;298103.0;149087.5;149015.5;34869.0;6444.5;28424.5;27859.5;12034.0;15825.5
647;Totaal;Veluwe (CR);2004;643212.0;317607.5;325604.5;281975.0;149919.5;132055.5;297526.0;148787.5;148738.5;35035.0;6541.0;28494.0;28676.0;12359.5;16316.5
648;Totaal;Veluwe (CR);2005;644697.0;318193.5;326503.5;283144.5;150413.0;132731.5;296894.5;148455.5;148439.0;35172.0;6612.0;28560.0;29486.0;12713.0;16773.0
649;Totaal;Veluwe (CR);2006;646025.5;318767.5;327258.0;284210.0;150919.5;133290.5;296450.5;148214.5;148236.0;35129.5;6596.0;28533.5;30235.5;13037.5;17198.0
650;Totaal;Veluwe (CR);2007;647518.0;319372.5;328145.5;285245.5;151338.5;133907.0;296271.5;148093.5;148178.0;35047.5;6593.0;28454.5;30953.5;13347.5;17606.0
651;Totaal;Veluwe (CR);2008;649645.0;320406.0;329239.0;286641.5;152003.0;134638.5;296253.0;148083.5;148169.5;35038.0;6630.5;28407.5;31712.5;13689.0;18023.5
652;Totaal;Veluwe (CR);2009;652692.5;322021.5;330671.0;287436.5;152508.0;134928.5;296638.0;148331.0;148307.0;35069.0;6677.5;28391.5;33549.0;14505.0;19044.0
653;Totaal;Veluwe (CR);2010;655417.5;323379.0;332038.5;287884.5;152701.5;135183.0;297042.0;148555.0;148487.0;35040.5;6771.5;28269.0;35450.5;15351.0;20099.5
654;Totaal;Veluwe (CR);2011;657795.0;324552.0;333243.0;289240.5;153278.0;135962.5;297167.5;148575.0;148592.5;34941.5;6900.0;28041.5;36445.5;15799.0;20646.5
655;Totaal;Veluwe (CR);2012;660601.5;325968.0;334633.5;290910.5;154105.0;136805.5;297181.0;148546.0;148635.0;35008.5;7045.5;27963.0;37501.5;16271.5;21230.0
656;Totaal;Veluwe (CR);2013;663026.0;327206.5;335819.5;292437.5;154901.5;137536.0;296809.5;148358.0;148451.5;35126.5;7155.0;27971.5;38652.5;16792.0;21860.5
657;Totaal;Veluwe (CR);2014;666006.5;328861.5;337145.0;294370.0;156002.5;138367.5;296568.0;148223.0;148345.0;35165.5;7260.0;27905.5;39903.0;17376.0;22527.0
658;Totaal;Veluwe (CR);2015;669986.5;331125.0;338861.5;296791.5;157351.0;139440.5;296932.5;148386.5;148546.0;35132.5;7411.0;27721.5;41130.0;17976.5;23153.5
659;Totaal;Veluwe (CR);2016;674844.5;333947.5;340897.0;299751.5;159073.5;140678.0;297704.0;148785.5;148918.5;35090.0;7554.0;27536.0;42299.0;18534.5;23764.5
660;Totaal;Achterhoek (CR);1995;369091.0;184038.5;185052.5;152016.5;83367.5;68649.0;182475.5;91243.0;91232.5;23249.5;4413.5;18836.0;11349.5;5014.5;6335.0
661;Totaal;Achterhoek (CR);1996;371520.5;185061.5;186459.0;153384.5;83975.0;69409.5;182842.5;91413.5;91429.0;23386.5;4397.5;18989.0;11907.0;5275.5;6631.5
662;Totaal;Achterhoek (CR);1997;373777.5;186141.0;187636.5;154564.5;84594.5;69970.0;183211.5;91592.0;91619.5;23493.5;4403.0;19090.5;12508.0;5551.5;6956.5
663;Totaal;Achterhoek (CR);1998;375380.0;187016.5;188363.5;155186.5;85009.0;70177.5;183651.0;91820.0;91831.0;23392.5;4403.5;18989.0;13150.0;5784.0;7366.0
664;Totaal;Achterhoek (CR);1999;377060.5;187847.5;189213.0;155852.0;85369.5;70482.5;184176.0;92091.0;92085.0;23423.5;4414.0;19009.5;13609.0;5973.0;7636.0
665;Totaal;Achterhoek (CR);2000;379408.0;188937.0;190471.0;157230.5;86029.0;71201.5;184492.5;92250.5;92242.0;23627.5;4446.0;19181.5;14057.5;6211.5;7846.0
666;Totaal;Achterhoek (CR);2001;382046.5;190162.0;191884.5;159244.0;87017.5;72226.5;184348.0;92172.0;92176.0;23730.5;4467.0;19263.5;14724.0;6505.5;8218.5
667;Totaal;Achterhoek (CR);2002;384254.0;191294.5;192959.5;161208.0;88059.0;73149.0;183960.5;91974.0;91986.5;23770.0;4509.5;19260.5;15315.5;6752.0;8563.5
668;Totaal;Achterhoek (CR);2003;385223.0;191839.0;193384.0;162263.0;88634.0;73629.0;183386.5;91694.0;91692.5;23729.0;4543.5;19185.5;15844.5;6967.5;8877.0
669;Totaal;Achterhoek (CR);2004;385617.5;192009.5;193608.0;163105.0;89038.5;74066.5;182384.0;91199.0;91185.0;23773.5;4602.0;19171.5;16355.0;7170.0;9185.0
670;Totaal;Achterhoek (CR);2005;402730.0;200453.5;202276.5;170694.0;93065.5;77628.5;189693.5;94853.0;94840.5;24831.5;4880.0;19951.5;17511.0;7655.0;9856.0
671;Totaal;Achterhoek (CR);2006;402202.0;200006.5;202195.5;170897.0;93013.0;77884.0;188449.5;94218.5;94231.0;24864.5;4929.0;19935.5;17991.0;7846.0;10145.0
672;Totaal;Achterhoek (CR);2007;401747.5;199675.5;202072.0;171136.0;93050.5;78085.5;187243.0;93608.0;93635.0;24896.0;4988.5;19907.5;18472.5;8028.5;10444.0
673;Totaal;Achterhoek (CR);2008;401983.0;199795.5;202187.5;171755.0;93349.0;78406.0;186278.5;93130.5;93148.0;24913.0;5063.5;19849.5;19036.5;8252.5;10784.0
674;Totaal;Achterhoek (CR);2009;402047.0;199811.5;202235.5;171767.0;93364.5;78402.5;185125.0;92549.5;92575.5;24983.5;5137.0;19846.5;20171.5;8760.5;11411.0
675;Totaal;Achterhoek (CR);2010;401764.0;199665.0;202099.0;171604.0;93325.0;78279.0;183682.5;91815.0;91867.5;25144.0;5229.5;19914.5;21333.5;9295.5;12038.0
676;Totaal;Achterhoek (CR);2011;401555.0;199642.0;201913.0;171866.0;93486.5;78379.5;182455.5;91205.5;91250.0;25218.0;5326.0;19892.0;22015.5;9624.0;12391.5
677;Totaal;Achterhoek (CR);2012;401101.5;199437.0;201664.5;172024.5;93525.5;78499.0;181135.0;90540.5;90594.5;25190.0;5403.0;19787.0;22752.0;9968.0;12784.0
678;Totaal;Achterhoek (CR);2013;400217.0;199028.0;201189.0;172086.0;93562.5;78523.5;179469.5;89690.0;89779.5;25140.0;5475.0;19665.0;23521.5;10300.5;13221.0
679;Totaal;Achterhoek (CR);2014;399239.5;198666.5;200573.0;172079.0;93662.0;78417.0;177705.0;88813.0;88892.0;25116.5;5524.5;19592.0;24339.0;10667.0;13672.0
680;Totaal;Achterhoek (CR);2015;399016.0;198647.0;200369.0;172447.0;93863.5;78583.5;176312.0;88158.0;88154.0;25106.0;5583.0;19523.0;25151.0;11042.5;14108.5
681;Totaal;Achterhoek (CR);2016;399590.5;199079.0;200511.5;173009.5;94166.0;78843.5;175672.0;87855.0;87817.0;25061.0;5659.0;19402.0;25848.0;11399.0;14449.0
682;Totaal;Arnhem/Nijmegen (CR);1995;674235.0;329619.0;344616.0;305927.0;160044.5;145882.5;297319.5;148646.0;148673.5;38262.5;6737.5;31525.0;32726.0;14191.0;18535.0
683;Totaal;Arnhem/Nijmegen (CR);1996;676569.0;331062.5;345506.5;307735.5;161310.5;146425.0;296597.5;148258.5;148339.0;38436.5;6844.0;31592.5;33799.5;14649.5;19150.0
684;Totaal;Arnhem/Nijmegen (CR);1997;678903.5;332410.5;346493.0;309611.0;162481.0;147130.0;295959.5;147927.0;148032.5;38549.5;6954.5;31595.0;34783.5;15048.0;19735.5
685;Totaal;Arnhem/Nijmegen (CR);1998;683076.0;334629.0;348447.0;312725.0;164210.0;148515.0;295864.0;147881.5;147982.5;38208.0;6970.0;31238.0;36279.0;15567.5;20711.5
686;Totaal;Arnhem/Nijmegen (CR);1999;688122.5;337340.5;350782.0;316080.5;166035.5;150045.0;296504.5;148237.5;148267.0;38154.0;7021.0;31133.0;37383.5;16046.5;21337.0
687;Totaal;Arnhem/Nijmegen (CR);2000;693359.0;340055.0;353304.0;319472.0;167767.5;151704.5;297375.0;148734.5;148640.5;38427.5;7105.0;31322.5;38084.5;16448.0;21636.5
688;Totaal;Arnhem/Nijmegen (CR);2001;698763.0;342876.5;355886.5;323500.5;169899.5;153601.0;297542.0;148858.5;148683.5;38403.0;7155.0;31248.0;39317.5;16963.5;22354.0
689;Totaal;Arnhem/Nijmegen (CR);2002;703328.0;345170.0;358158.0;327458.0;171852.0;155606.0;296872.0;148527.0;148345.0;38367.0;7254.5;31112.5;40631.0;17536.5;23094.5
690;Totaal;Arnhem/Nijmegen (CR);2003;706702.5;346621.0;360081.5;330982.5;173350.5;157632.0;295790.0;147960.5;147829.5;38214.0;7321.0;30893.0;41716.0;17989.0;23727.0
691;Totaal;Arnhem/Nijmegen (CR);2004;708908.5;347411.0;361497.5;333801.0;174428.5;159372.5;294420.5;147263.0;147157.5;38012.0;7350.0;30662.0;42675.0;18369.5;24305.5
692;Totaal;Arnhem/Nijmegen (CR);2005;693699.5;339554.5;354145.0;329516.5;171706.0;157810.5;284308.0;142189.0;142119.0;36924.0;7213.5;29710.5;42951.0;18446.0;24505.0
693;Totaal;Arnhem/Nijmegen (CR);2006;695993.5;340719.5;355274.0;332559.5;173189.5;159370.0;282622.0;141344.0;141278.0;36854.0;7311.0;29543.0;43958.0;18875.0;25083.0
694;Totaal;Arnhem/Nijmegen (CR);2007;698691.5;342129.0;356562.5;335618.5;174725.0;160893.5;281283.0;140671.0;140612.0;36753.0;7368.5;29384.5;45037.0;19364.5;25672.5
695;Totaal;Arnhem/Nijmegen (CR);2008;701879.0;343789.0;358090.0;338669.0;176288.5;162380.5;280410.0;140223.5;140186.5;36616.5;7421.5;29195.0;46183.5;19855.5;26328.0
696;Totaal;Arnhem/Nijmegen (CR);2009;705801.0;345989.5;359811.5;341012.0;177616.5;163395.5;279998.0;140034.0;139964.0;36510.0;7529.5;28980.5;48281.0;20809.5;27471.5
697;Totaal;Arnhem/Nijmegen (CR);2010;709609.0;347884.5;361724.5;343311.5;178746.0;164565.5;279660.5;139843.5;139817.0;36472.5;7642.5;28830.0;50164.5;21652.5;28512.0
698;Totaal;Arnhem/Nijmegen (CR);2011;712728.5;349331.5;363397.0;346152.0;180076.0;166076.0;279042.5;139486.5;139556.0;36422.5;7738.0;28684.5;51111.5;22031.0;29080.5
699;Totaal;Arnhem/Nijmegen (CR);2012;715220.0;350646.0;364574.0;348674.5;181302.5;167372.0;278080.0;139028.0;139052.0;36327.5;7849.0;28478.5;52138.0;22466.5;29671.5
700;Totaal;Arnhem/Nijmegen (CR);2013;717616.5;352098.0;365518.5;351530.0;182854.0;168676.0;276487.5;138237.0;138250.5;36246.0;7991.0;28255.0;53353.0;23016.0;30337.0
701;Totaal;Arnhem/Nijmegen (CR);2014;720577.0;353936.0;366641.0;354943.0;184863.0;170080.0;274656.5;137289.0;137367.5;36211.5;8136.0;28075.5;54766.0;23648.0;31118.0
702;Totaal;Arnhem/Nijmegen (CR);2015;724035.5;355873.5;368162.0;358458.5;186785.5;171673.0;273326.0;136624.0;136702.0;36229.5;8287.0;27942.5;56021.5;24177.0;31844.5
703;Totaal;Arnhem/Nijmegen (CR);2016;728093.5;358320.5;369773.0;362051.5;188942.5;173109.0;272684.5;136343.5;136341.0;36188.5;8397.5;27791.0;57169.0;24637.0;32532.0
704;Totaal;Zuidwest-Gelderland (CR);1995;212312.5;106027.0;106285.5;89035.0;48319.5;40715.5;105215.5;52642.0;52573.5;11400.0;2004.0;9396.0;6662.0;3061.5;3600.5
705;Totaal;Zuidwest-Gelderland (CR);1996;214422.0;107085.5;107336.5;90146.5;48886.0;41260.5;105786.0;52915.5;52870.5;11491.0;2049.0;9442.0;6998.5;3235.0;3763.5
706;Totaal;Zuidwest-Gelderland (CR);1997;216688.0;108191.5;108496.5;91186.0;49385.0;41801.0;106565.5;53292.0;53273.5;11597.5;2101.0;9496.5;7339.0;3413.5;3925.5
707;Totaal;Zuidwest-Gelderland (CR);1998;219136.0;109356.5;109779.5;92258.0;49895.0;42363.0;107548.5;53796.0;53752.5;11601.5;2104.0;9497.5;7728.0;3561.5;4166.5
708;Totaal;Zuidwest-Gelderland (CR);1999;221710.0;110603.0;111107.0;93413.5;50444.5;42969.0;108596.5;54332.0;54264.5;11641.5;2112.5;9529.0;8058.5;3714.0;4344.5
709;Totaal;Zuidwest-Gelderland (CR);2000;224739.5;112100.5;112639.0;94986.0;51210.0;43776.0;109655.0;54865.0;54790.0;11742.5;2140.0;9602.5;8356.0;3885.5;4470.5
710;Totaal;Zuidwest-Gelderland (CR);2001;227659.0;113568.5;114090.5;96797.0;52142.5;44654.5;110258.5;55170.5;55088.0;11823.0;2167.5;9655.5;8780.5;4088.0;4692.5
711;Totaal;Zuidwest-Gelderland (CR);2002;229554.5;114598.5;114956.0;98083.0;52872.0;45211.0;110322.5;55214.0;55108.5;11940.5;2226.5;9714.0;9208.5;4286.0;4922.5
712;Totaal;Zuidwest-Gelderland (CR);2003;230644.0;115162.0;115482.0;98913.0;53303.5;45609.5;110207.5;55170.0;55037.5;11969.0;2260.5;9708.5;9554.5;4428.0;5126.5
713;Totaal;Zuidwest-Gelderland (CR);2004;231731.5;115637.5;116094.0;99881.5;53725.5;46156.0;109988.0;55064.5;54923.5;11968.0;2285.0;9683.0;9894.0;4562.5;5331.5
714;Totaal;Zuidwest-Gelderland (CR);2005;232730.5;116073.5;116657.0;100817.0;54146.5;46670.5;109696.5;54903.0;54793.5;11956.5;2304.5;9652.0;10260.5;4719.5;5541.0
715;Totaal;Zuidwest-Gelderland (CR);2006;233160.5;116237.5;116923.0;101414.5;54427.0;46987.5;109168.5;54618.0;54550.5;11915.0;2303.5;9611.5;10662.5;4889.0;5773.5
716;Totaal;Zuidwest-Gelderland (CR);2007;233507.0;116402.0;117105.0;101855.0;54658.0;47197.0;108658.5;54363.5;54295.0;11926.0;2313.5;9612.5;11067.5;5067.0;6000.5
717;Totaal;Zuidwest-Gelderland (CR);2008;233958.5;116671.5;117287.0;102281.5;54908.0;47373.5;108333.5;54205.0;54128.5;11940.5;2332.5;9608.0;11403.0;5226.0;6177.0
718;Totaal;Zuidwest-Gelderland (CR);2009;234458.5;116957.5;117501.0;102369.5;54988.0;47381.5;108108.5;54093.5;54015.0;11968.5;2376.0;9592.5;12012.0;5500.0;6512.0
719;Totaal;Zuidwest-Gelderland (CR);2010;235013.0;117222.5;117790.5;102432.0;55001.0;47431.0;107938.5;54012.0;53926.5;11987.0;2420.0;9567.0;12655.5;5789.5;6866.0
720;Totaal;Zuidwest-Gelderland (CR);2011;235629.5;117500.0;118129.5;102837.0;55166.0;47671.0;107737.5;53915.5;53822.0;12006.5;2471.0;9535.5;13048.5;5947.5;7101.0
721;Totaal;Zuidwest-Gelderland (CR);2012;236345.0;117873.0;118472.0;103231.5;55374.0;47857.5;107606.5;53857.5;53749.0;12030.5;2515.5;9515.0;13476.5;6126.0;7350.5
722;Totaal;Zuidwest-Gelderland (CR);2013;236882.0;118182.5;118699.5;103592.5;55583.5;48009.0;107367.5;53739.0;53628.5;12022.5;2536.5;9486.0;13899.5;6323.5;7576.0
723;Totaal;Zuidwest-Gelderland (CR);2014;237312.0;118422.0;118890.0;103921.5;55758.5;48163.0;106967.0;53525.5;53441.5;12053.0;2579.0;9474.0;14370.5;6559.0;7811.5
724;Totaal;Zuidwest-Gelderland (CR);2015;237926.5;118797.5;119129.0;104414.5;56055.0;48359.5;106551.5;53318.5;53233.0;12106.0;2641.5;9464.5;14854.5;6782.5;8072.0
725;Totaal;Zuidwest-Gelderland (CR);2016;239097.5;119493.5;119604.0;105259.5;56561.0;48698.5;106371.5;53242.5;53129.0;12154.0;2708.0;9446.0;15312.5;6982.0;8330.5
726;Totaal;Utrecht (CR);1995;1067022.5;519125.0;547897.5;493182.0;254801.5;238380.5;468080.5;234100.0;233980.5;55777.5;9238.0;46539.5;49982.5;20985.5;28997.0
727;Totaal;Utrecht (CR);1996;1075006.5;523417.0;551589.5;498631.0;258034.5;240596.5;468188.0;234102.0;234086.0;56036.5;9382.0;46654.5;52151.0;21898.5;30252.5
728;Totaal;Utrecht (CR);1997;1083797.5;528165.5;555632.0;504720.0;261533.5;243186.5;469148.5;234626.5;234522.0;55994.5;9481.0;46513.5;53934.5;22524.5;31410.0
729;Totaal;Utrecht (CR);1998;1093671.5;533328.5;560343.0;511187.0;265105.0;246082.0;471068.0;235687.5;235380.5;55295.5;9414.5;45881.0;56121.0;23121.5;32999.5
730;Totaal;Utrecht (CR);1999;1103285.5;538313.0;564972.5;517412.5;268525.0;248887.5;472919.0;236619.0;236300.0;55348.0;9483.5;45864.5;57606.0;23685.5;33920.5
731;Totaal;Utrecht (CR);2000;1112923.0;543391.0;569532.0;523871.5;272009.5;251862.0;474685.0;237497.0;237188.0;55975.0;9705.5;46269.5;58391.5;24179.0;34212.5
732;Totaal;Utrecht (CR);2001;1123690.5;548860.0;574830.5;532017.0;276181.5;255835.5;475403.0;237900.0;237503.0;56021.5;9817.5;46204.0;60249.0;24961.0;35288.0
733;Totaal;Utrecht (CR);2002;1146071.5;560132.0;585939.5;546255.0;283500.5;262754.5;481014.5;240703.0;240311.5;56213.5;9952.0;46261.5;62588.5;25976.5;36612.0
734;Totaal;Utrecht (CR);2003;1157238.0;565527.0;591711.0;554748.5;287651.5;267097.0;482341.5;241273.5;241068.0;56034.0;10011.5;46022.5;64114.0;26590.5;37523.5
735;Totaal;Utrecht (CR);2004;1166774.5;570026.5;596748.0;562535.5;291332.0;271203.5;482735.5;241417.0;241318.5;55946.5;10131.0;45815.5;65557.0;27146.5;38410.5
736;Totaal;Utrecht (CR);2005;1175665.0;574221.5;601443.5;570441.0;295025.0;275416.0;482259.5;241168.0;241091.5;55853.0;10238.0;45615.0;67111.5;27790.5;39321.0
737;Totaal;Utrecht (CR);2006;1185321.5;579013.0;606308.5;578910.5;299097.0;279813.5;482011.5;241034.0;240977.5;55637.5;10357.5;45280.0;68762.0;28524.5;40237.5
738;Totaal;Utrecht (CR);2007;1195977.0;584380.5;611596.5;587979.0;303570.0;284409.0;482156.0;241120.0;241036.0;55437.0;10434.5;45002.5;70405.0;29256.0;41149.0
739;Totaal;Utrecht (CR);2008;1206109.5;589435.5;616674.0;596398.5;307740.5;288658.0;482662.5;241385.0;241277.5;55205.0;10481.5;44723.5;71843.5;29828.5;42015.0
740;Totaal;Utrecht (CR);2009;1215889.5;594321.5;621568.0;602365.0;310667.5;291697.5;483589.5;241828.0;241761.5;55077.0;10636.5;44440.5;74858.0;31189.5;43668.5
741;Totaal;Utrecht (CR);2010;1224852.0;598654.5;626197.5;607449.0;313089.0;294360.0;484530.5;242261.5;242269.0;55105.0;10825.5;44279.5;77767.5;32478.5;45289.0
742;Totaal;Utrecht (CR);2011;1232953.5;602778.0;630175.5;613649.5;316205.5;297444.0;485089.0;242538.5;242550.5;55191.5;11052.0;44139.5;79023.5;32982.0;46041.5
743;Totaal;Utrecht (CR);2012;1241205.5;607188.5;634017.0;620144.5;319636.0;300508.5;485289.5;242657.0;242632.5;55198.0;11224.0;43974.0;80573.5;33671.5;46902.0
744;Totaal;Utrecht (CR);2013;1249483.0;611509.5;637973.5;626980.0;323192.5;303787.5;484900.0;242452.0;242448.0;55219.5;11388.0;43831.5;82383.5;34477.0;47906.5
745;Totaal;Utrecht (CR);2014;1258622.0;616281.0;642341.0;634725.5;327202.5;307523.0;484246.0;242091.5;242154.5;55308.5;11596.0;43712.5;84342.0;35391.0;48951.0
746;Totaal;Utrecht (CR);2015;1268592.5;621681.5;646911.0;642897.5;331619.0;311278.5;484124.5;242024.5;242100.0;55299.5;11754.5;43545.0;86271.0;36283.5;49987.5
747;Totaal;Utrecht (CR);2016;1279058.5;627410.0;651648.5;650911.0;336042.0;314869.0;484780.0;242355.5;242424.5;55364.0;11985.0;43379.0;88003.5;37027.5;50976.0
748;Totaal;Kop van Noord-Holland (CR);1995;343733.0;172465.0;171268.0;150538.0;82210.5;68327.5;160347.0;80156.0;80191.0;16911.5;3075.5;13836.0;15936.5;7023.0;8913.5
749;Totaal;Kop van Noord-Holland (CR);1996;346123.0;173662.0;172461.0;151741.5;82878.0;68863.5;160696.5;80329.5;80367.0;17063.0;3131.5;13931.5;16622.0;7323.0;9299.0
750;Totaal;Kop van Noord-Holland (CR);1997;348424.5;174792.5;173632.0;152831.0;83490.0;69341.0;161169.5;80561.5;80608.0;17138.5;3144.5;13994.0;17285.5;7596.5;9689.0
751;Totaal;Kop van Noord-Holland (CR);1998;350244.5;175623.5;174621.0;153506.5;83769.5;69737.0;161737.5;80869.0;80868.5;16898.5;3123.0;13775.5;18102.0;7862.0;10240.0
752;Totaal;Kop van Noord-Holland (CR);1999;352333.0;176568.0;175765.0;154294.5;84088.0;70206.5;162386.0;81215.0;81171.0;16955.5;3157.0;13798.5;18697.0;8108.0;10589.0
753;Totaal;Kop van Noord-Holland (CR);2000;355113.5;177941.0;177172.5;155704.5;84786.0;70918.5;163009.5;81516.5;81493.0;17289.0;3262.0;14027.0;19110.5;8376.5;10734.0
754;Totaal;Kop van Noord-Holland (CR);2001;357928.5;179400.0;178528.5;157472.0;85716.5;71755.5;163168.0;81588.5;81579.5;17397.5;3351.0;14046.5;19891.0;8744.0;11147.0
755;Totaal;Kop van Noord-Holland (CR);2002;360499.5;180718.5;179781.0;159198.5;86637.5;72561.0;163118.0;81574.0;81544.0;17548.0;3439.5;14108.5;20635.0;9067.5;11567.5
756;Totaal;Kop van Noord-Holland (CR);2003;362753.5;181811.0;180942.5;160762.5;87419.5;73343.0;163251.0;81652.0;81599.0;17658.5;3506.5;14152.0;21081.5;9233.0;11848.5
757;Totaal;Kop van Noord-Holland (CR);2004;364300.5;182492.0;181808.5;162181.5;88095.0;74086.5;162956.0;81505.5;81450.5;17771.5;3554.5;14217.0;21391.5;9337.0;12054.5
758;Totaal;Kop van Noord-Holland (CR);2005;365122.0;182796.0;182326.0;163081.5;88499.5;74582.0;162433.0;81237.5;81195.5;17864.0;3611.5;14252.5;21743.5;9447.5;12296.0
759;Totaal;Kop van Noord-Holland (CR);2006;365598.0;182926.0;182672.0;163546.0;88654.5;74891.5;162105.5;81066.5;81039.0;17872.0;3650.0;14222.0;22074.5;9555.0;12519.5
760;Totaal;Kop van Noord-Holland (CR);2007;366185.5;183176.0;183009.5;164018.0;88825.0;75193.0;161870.0;80941.5;80928.5;17897.0;3701.0;14196.0;22400.5;9708.5;12692.0
761;Totaal;Kop van Noord-Holland (CR);2008;367367.5;183828.0;183539.5;164877.5;89255.0;75622.5;161768.0;80902.5;80865.5;17947.5;3782.5;14165.0;22774.5;9888.0;12886.5
762;Totaal;Kop van Noord-Holland (CR);2009;369176.5;184815.5;184361.0;165048.0;89407.5;75640.5;162017.0;81041.5;80975.5;18032.5;3870.0;14162.5;24079.0;10496.5;13582.5
763;Totaal;Kop van Noord-Holland (CR);2010;370609.0;185609.0;185000.0;164770.5;89355.0;75415.5;162206.5;81138.5;81068.0;18150.5;3956.5;14194.0;25481.5;11159.0;14322.5
764;Totaal;Kop van Noord-Holland (CR);2011;371528.0;186081.0;185447.0;165224.5;89599.5;75625.0;161966.5;81008.0;80958.5;18262.0;4034.5;14227.5;26075.0;11439.0;14636.0
765;Totaal;Kop van Noord-Holland (CR);2012;371941.0;186187.0;185754.0;165586.0;89720.5;75865.5;161390.0;80703.5;80686.5;18331.5;4089.5;14242.0;26633.5;11673.5;14960.0
766;Totaal;Kop van Noord-Holland (CR);2013;371740.5;186015.5;185725.0;165694.0;89726.0;75968.0;160433.5;80209.0;80224.5;18388.5;4161.5;14227.0;27224.5;11919.0;15305.5
767;Totaal;Kop van Noord-Holland (CR);2014;371855.5;186160.0;185695.5;166094.0;90015.5;76078.5;159300.5;79650.0;79650.5;18531.5;4275.0;14256.5;27929.5;12219.5;15710.0
768;Totaal;Kop van Noord-Holland (CR);2015;372350.5;186431.5;185919.0;166774.0;90423.5;76350.5;158284.0;79156.5;79127.5;18727.5;4366.5;14361.0;28565.0;12485.0;16080.0
769;Totaal;Kop van Noord-Holland (CR);2016;372936.0;186723.0;186213.0;167409.5;90744.0;76665.5;157564.5;78806.0;78758.5;18897.0;4478.0;14419.0;29065.0;12695.0;16370.0
770;Totaal;Alkmaar en omgeving (CR);1995;224249.0;110891.5;113357.5;100451.0;53576.5;46874.5;101035.5;50502.0;50533.5;10946.0;1923.5;9022.5;11816.5;4889.5;6927.0
771;Totaal;Alkmaar en omgeving (CR);1996;225731.0;111615.0;114116.0;101180.5;53975.5;47205.0;101228.5;50582.5;50646.0;11075.5;1985.5;9090.0;12246.5;5071.5;7175.0
772;Totaal;Alkmaar en omgeving (CR);1997;226935.0;112242.0;114693.0;101703.0;54311.5;47391.5;101405.5;50670.5;50735.0;11194.0;2043.0;9151.0;12632.5;5217.0;7415.5
773;Totaal;Alkmaar en omgeving (CR);1998;228349.0;113035.5;115313.5;102269.0;54702.0;47567.0;101800.5;50881.0;50919.5;11094.0;2059.0;9035.0;13185.5;5393.5;7792.0
774;Totaal;Alkmaar en omgeving (CR);1999;229849.5;113872.5;115977.0;102794.5;55047.0;47747.5;102278.0;51135.0;51143.0;11142.5;2096.0;9046.5;13634.5;5594.5;8040.0
775;Totaal;Alkmaar en omgeving (CR);2000;231731.5;114933.0;116798.5;103814.5;55657.5;48157.0;102732.5;51366.0;51366.5;11329.5;2146.5;9183.0;13855.0;5763.0;8092.0
776;Totaal;Alkmaar en omgeving (CR);2001;233840.5;116016.0;117824.5;105319.5;56464.0;48855.5;102939.0;51458.5;51480.5;11345.0;2171.0;9174.0;14237.0;5922.5;8314.5
777;Totaal;Alkmaar en omgeving (CR);2002;223458.0;110738.5;112719.5;101280.5;54256.0;47024.5;97151.5;48556.5;48595.0;10847.0;2071.5;8775.5;14179.0;5854.5;8324.5
778;Totaal;Alkmaar en omgeving (CR);2003;224635.0;111252.0;113383.0;102184.0;54690.5;47493.5;97146.0;48542.5;48603.5;10851.0;2085.5;8765.5;14454.0;5933.5;8520.5
779;Totaal;Alkmaar en omgeving (CR);2004;226241.0;111971.5;114269.5;103374.0;55247.0;48127.0;97224.0;48574.0;48650.0;10886.5;2121.0;8765.5;14756.5;6029.5;8727.0
780;Totaal;Alkmaar en omgeving (CR);2005;227750.5;112660.5;115090.0;104479.5;55745.0;48734.5;97259.0;48578.0;48681.0;10918.5;2164.5;8754.0;15093.5;6173.0;8920.5
781;Totaal;Alkmaar en omgeving (CR);2006;228355.5;112965.5;115390.0;105044.0;56034.0;49010.0;96954.5;48408.0;48546.5;10969.0;2218.5;8750.5;15388.0;6305.0;9083.0
782;Totaal;Alkmaar en omgeving (CR);2007;228611.0;113083.0;115528.0;105481.0;56269.0;49212.0;96475.5;48156.5;48319.0;11015.5;2252.5;8763.0;15639.0;6405.0;9234.0
783;Totaal;Alkmaar en omgeving (CR);2008;229371.5;113467.5;115904.0;106240.5;56663.0;49577.5;96251.5;48050.0;48201.5;11041.5;2279.5;8762.0;15838.0;6475.0;9363.0
784;Totaal;Alkmaar en omgeving (CR);2009;230334.5;114042.5;116292.0;106465.0;56860.5;49604.5;96280.0;48079.5;48200.5;11119.0;2330.5;8788.5;16470.5;6772.0;9698.5
785;Totaal;Alkmaar en omgeving (CR);2010;231257.5;114556.0;116701.5;106474.5;56913.0;49561.5;96340.0;48114.5;48225.5;11216.0;2393.5;8822.5;17227.0;7135.0;10092.0
786;Totaal;Alkmaar en omgeving (CR);2011;232128.0;114955.5;117172.5;106983.5;57162.0;49821.5;96321.0;48102.0;48219.0;11284.5;2441.5;8843.0;17539.0;7250.0;10289.0
787;Totaal;Alkmaar en omgeving (CR);2012;232628.0;115171.5;117456.5;107367.5;57342.0;50025.5;96142.5;48016.0;48126.5;11310.0;2467.5;8842.5;17808.0;7346.0;10462.0
788;Totaal;Alkmaar en omgeving (CR);2013;233042.0;115365.0;117677.0;107753.0;57529.0;50224.0;95725.0;47813.0;47912.0;11349.0;2488.5;8860.5;18215.0;7534.5;10680.5
789;Totaal;Alkmaar en omgeving (CR);2014;233729.0;115719.0;118010.0;108362.5;57839.5;50523.0;95207.0;47548.0;47659.0;11438.0;2537.5;8900.5;18721.5;7794.0;10927.5
790;Totaal;Alkmaar en omgeving (CR);2015;241063.0;119395.5;121667.5;111902.5;59732.5;52170.0;97655.5;48764.0;48891.5;11889.5;2709.0;9180.5;19615.5;8190.0;11425.5
791;Totaal;Alkmaar en omgeving (CR);2016;242626.5;120218.0;122408.5;113065.0;60361.5;52703.5;97462.5;48669.0;48793.5;12016.5;2803.0;9213.5;20082.5;8384.5;11698.0
792;Totaal;IJmond (CR);1995;168438.0;82966.5;85471.5;68685.0;36965.0;31720.0;81059.5;40513.0;40546.5;10399.0;1865.5;8533.5;8294.5;3623.0;4671.5
793;Totaal;IJmond (CR);1996;169638.5;83466.5;86172.0;69543.5;37343.0;32200.5;80920.0;40454.5;40465.5;10537.0;1919.5;8617.5;8638.0;3749.5;4888.5
794;Totaal;IJmond (CR);1997;170358.0;83736.5;86621.5;69995.5;37548.5;32447.0;80767.0;40375.0;40392.0;10671.0;1967.0;8704.0;8924.5;3846.0;5078.5
795;Totaal;IJmond (CR);1998;171132.0;84049.5;87082.5;70495.5;37788.5;32707.0;80755.0;40361.0;40394.0;10564.0;1930.0;8634.0;9317.5;3970.0;5347.5
796;Totaal;IJmond (CR);1999;172041.5;84417.0;87624.5;71142.0;38091.0;33051.0;80725.5;40347.0;40378.5;10595.5;1905.5;8690.0;9578.5;4073.5;5505.0
797;Totaal;IJmond (CR);2000;173142.5;84924.5;88218.0;71983.5;38486.0;33497.5;80625.5;40292.0;40333.5;10775.5;1952.0;8823.5;9758.0;4194.5;5563.5
798;Totaal;IJmond (CR);2001;174178.0;85455.5;88722.5;72960.5;38974.5;33986.0;80316.5;40138.0;40178.5;10763.0;1974.5;8788.5;10138.0;4368.5;5769.5
799;Totaal;IJmond (CR);2002;186934.5;91871.5;95063.0;79023.5;42207.0;36816.5;85778.5;42873.5;42905.0;11274.5;2102.5;9172.0;10858.0;4688.5;6169.5
800;Totaal;IJmond (CR);2003;187730.5;92316.0;95414.5;79971.0;42719.5;37251.5;85371.5;42673.5;42698.0;11296.0;2148.5;9147.5;11092.0;4774.5;6317.5
801;Totaal;IJmond (CR);2004;187849.0;92361.0;95488.0;80576.5;43025.0;37551.5;84675.0;42308.5;42366.5;11307.5;2185.5;9122.0;11290.0;4842.0;6448.0
802;Totaal;IJmond (CR);2005;188137.5;92459.5;95678.0;81234.5;43322.0;37912.5;84100.0;42012.0;42088.0;11287.0;2189.0;9098.0;11516.0;4936.5;6579.5
803;Totaal;IJmond (CR);2006;188991.0;92918.5;96072.5;82230.5;43850.0;38380.5;83721.0;41834.0;41887.0;11248.0;2185.5;9062.5;11791.5;5049.0;6742.5
804;Totaal;IJmond (CR);2007;189797.0;93374.5;96422.5;83042.5;44311.5;38731.0;83384.0;41669.5;41714.5;11239.5;2190.0;9049.5;12131.0;5203.5;6927.5
805;Totaal;IJmond (CR);2008;190832.0;93957.0;96875.0;84001.5;44845.5;39156.0;83136.5;41540.0;41596.5;11245.5;2208.5;9037.0;12448.5;5363.0;7085.5
806;Totaal;IJmond (CR);2009;191899.0;94593.5;97305.5;84495.0;45154.0;39341.0;83053.5;41504.0;41549.5;11215.0;2238.0;8977.0;13135.5;5697.5;7438.0
807;Totaal;IJmond (CR);2010;192811.0;95079.0;97732.0;84760.0;45281.0;39479.0;82989.0;41487.0;41502.0;11192.5;2276.0;8916.5;13869.5;6035.0;7834.5
808;Totaal;IJmond (CR);2011;193531.5;95441.5;98090.0;85402.5;45599.0;39803.5;82717.0;41359.0;41358.0;11183.5;2312.0;8871.5;14228.5;6171.5;8057.0
809;Totaal;IJmond (CR);2012;193770.5;95668.5;98102.0;85753.0;45839.5;39913.5;82347.0;41176.5;41170.5;11142.0;2353.5;8788.5;14528.5;6299.0;8229.5
810;Totaal;IJmond (CR);2013;193847.5;95761.5;98086.0;86062.0;46044.0;40018.0;81904.5;40941.5;40963.0;11080.0;2366.0;8714.0;14801.0;6410.0;8391.0
811;Totaal;IJmond (CR);2014;194030.5;95832.0;98198.5;86461.0;46227.5;40233.5;81322.0;40645.5;40676.5;11059.0;2381.5;8677.5;15188.5;6577.5;8611.0
812;Totaal;IJmond (CR);2015;194583.5;96164.0;98419.5;87125.0;46566.0;40559.0;80775.5;40374.0;40401.5;11068.0;2432.0;8636.0;15615.0;6792.0;8823.0
813;Totaal;IJmond (CR);2016;195604.5;96754.0;98850.5;88097.5;47104.5;40993.0;80506.0;40242.5;40263.5;11034.0;2461.5;8572.5;15967.0;6945.5;9021.5
814;Totaal;Agglomeratie Haarlem (CR);1995;217245.5;103802.0;113443.5;94555.5;49169.0;45386.5;92248.5;46130.5;46118.0;15834.0;2546.0;13288.0;14607.5;5956.5;8651.0
815;Totaal;Agglomeratie Haarlem (CR);1996;216467.0;103393.0;113074.0;94890.0;49268.0;45622.0;91074.5;45511.0;45563.5;15577.0;2511.0;13066.0;14925.5;6103.0;8822.5
816;Totaal;Agglomeratie Haarlem (CR);1997;216359.5;103402.5;112957.0;95570.0;49621.5;45948.5;90228.5;45092.5;45136.0;15333.0;2460.5;12872.5;15228.0;6228.0;9000.0
817;Totaal;Agglomeratie Haarlem (CR);1998;216577.0;103681.5;112895.5;96236.5;50038.0;46198.5;89783.0;44909.5;44873.5;14796.5;2379.0;12417.5;15761.0;6355.0;9406.0
818;Totaal;Agglomeratie Haarlem (CR);1999;217103.5;104124.0;112979.5;97118.0;50567.0;46551.0;89490.0;44768.5;44721.5;14555.0;2370.0;12185.0;15940.5;6418.5;9522.0
819;Totaal;Agglomeratie Haarlem (CR);2000;217873.0;104632.0;113241.0;98205.0;51169.0;47036.0;89264.5;44653.0;44611.5;14669.0;2414.5;12254.5;15734.5;6395.5;9339.0
820;Totaal;Agglomeratie Haarlem (CR);2001;218411.5;105059.5;113352.0;99262.0;51744.5;47517.5;88806.5;44425.5;44381.0;14447.0;2422.0;12025.0;15896.0;6467.5;9428.5
821;Totaal;Agglomeratie Haarlem (CR);2002;218058.5;105045.0;113013.5;100255.0;52262.0;47993.0;87598.0;43824.5;43773.5;14121.5;2413.0;11708.5;16084.0;6545.5;9538.5
822;Totaal;Agglomeratie Haarlem (CR);2003;217589.0;104878.5;112710.5;100798.5;52517.5;48281.0;86672.0;43345.5;43326.5;13908.0;2412.5;11495.5;16210.5;6603.0;9607.5
823;Totaal;Agglomeratie Haarlem (CR);2004;217183.0;104634.0;112549.0;101060.0;52577.5;48482.5;85903.0;42949.0;42954.0;13777.0;2408.0;11369.0;16443.0;6699.5;9743.5
824;Totaal;Agglomeratie Haarlem (CR);2005;216852.0;104329.0;112523.0;101762.0;52751.5;49010.5;84742.0;42375.5;42366.5;13592.5;2394.5;11198.0;16755.5;6807.5;9948.0
825;Totaal;Agglomeratie Haarlem (CR);2006;216836.0;104272.0;112564.0;102597.0;53041.0;49556.0;83858.5;41949.0;41909.5;13376.0;2376.5;10999.5;17004.5;6905.5;10099.0
826;Totaal;Agglomeratie Haarlem (CR);2007;217044.5;104494.5;112550.0;103565.0;53567.0;49998.0;83166.5;41611.0;41555.5;13136.5;2353.5;10783.0;17176.5;6963.0;10213.5
827;Totaal;Agglomeratie Haarlem (CR);2008;217652.0;104908.0;112744.0;104792.5;54228.5;50564.0;82617.0;41314.5;41302.5;12946.5;2355.0;10591.5;17296.0;7010.0;10286.0
828;Totaal;Agglomeratie Haarlem (CR);2009;218833.5;105543.5;113290.0;105951.0;54804.5;51146.5;82302.0;41136.5;41165.5;12794.0;2357.5;10436.5;17786.5;7245.0;10541.5
829;Totaal;Agglomeratie Haarlem (CR);2010;220380.0;106364.0;114016.0;107270.5;55464.5;51806.0;82187.0;41075.0;41112.0;12647.0;2363.5;10283.5;18275.5;7461.0;10814.5
830;Totaal;Agglomeratie Haarlem (CR);2011;221655.5;107102.5;114553.0;108641.0;56153.0;52488.0;82040.0;41007.0;41033.0;12523.5;2405.0;10118.5;18451.0;7537.5;10913.5
831;Totaal;Agglomeratie Haarlem (CR);2012;222982.5;107857.0;115125.5;109963.0;56800.0;53163.0;81875.5;40933.0;40942.5;12422.0;2458.5;9963.5;18722.0;7665.5;11056.5
832;Totaal;Agglomeratie Haarlem (CR);2013;224702.0;108779.5;115922.5;111563.5;57572.5;53991.0;81756.0;40889.5;40866.5;12328.5;2482.5;9846.0;19054.0;7835.0;11219.0
833;Totaal;Agglomeratie Haarlem (CR);2014;226663.5;109785.5;116878.0;113450.5;58480.0;54970.5;81581.0;40809.5;40771.5;12250.0;2520.5;9729.5;19382.0;7975.5;11406.5
834;Totaal;Agglomeratie Haarlem (CR);2015;228609.5;110857.5;117752.0;115501.5;59586.5;55915.0;81307.5;40664.5;40643.0;12117.0;2544.0;9573.0;19683.5;8062.5;11621.0
835;Totaal;Agglomeratie Haarlem (CR);2016;230563.5;112061.5;118502.0;117578.0;60820.5;56757.5;81024.0;40532.0;40492.0;12006.0;2553.0;9453.0;19955.5;8156.0;11799.5
836;Totaal;Zaanstreek (CR);1995;148109.0;73499.5;74609.5;62295.5;33833.0;28462.5;69549.5;34792.0;34757.5;8494.5;1495.5;6999.0;7769.5;3379.0;4390.5
837;Totaal;Zaanstreek (CR);1996;148651.0;73742.0;74909.0;62720.5;34043.5;28677.0;69223.5;34638.5;34585.0;8581.5;1525.5;7056.0;8125.5;3534.5;4591.0
838;Totaal;Zaanstreek (CR);1997;149206.5;73966.5;75240.0;63117.5;34208.0;28909.5;69030.5;34552.0;34478.5;8608.5;1546.0;7062.5;8450.0;3660.5;4789.5
839;Totaal;Zaanstreek (CR);1998;149736.5;74131.5;75605.0;63503.5;34322.0;29181.5;68923.5;34499.5;34424.0;8464.5;1525.0;6939.5;8845.0;3785.0;5060.0
840;Totaal;Zaanstreek (CR);1999;150512.5;74451.0;76061.5;64090.0;34566.0;29524.0;68836.0;34449.0;34387.0;8454.5;1536.5;6918.0;9132.0;3899.5;5232.5
841;Totaal;Zaanstreek (CR);2000;151231.0;74745.0;76486.0;64649.0;34804.5;29844.5;68740.5;34387.5;34353.0;8569.5;1561.5;7008.0;9272.0;3991.5;5280.5
842;Totaal;Zaanstreek (CR);2001;152317.0;75208.0;77109.0;65485.5;35158.0;30327.5;68742.5;34385.5;34357.0;8529.0;1549.5;6979.5;9560.0;4115.0;5445.0
843;Totaal;Zaanstreek (CR);2002;154055.0;76085.5;77969.5;66846.0;35847.0;30999.0;68845.0;34435.5;34409.5;8463.5;1550.5;6913.0;9900.5;4252.5;5648.0
844;Totaal;Zaanstreek (CR);2003;155256.5;76733.0;78523.5;67829.5;36378.0;31451.5;68834.5;34430.0;34404.5;8415.5;1563.0;6852.5;10177.0;4362.0;5815.0
845;Totaal;Zaanstreek (CR);2004;155596.0;76868.0;78728.0;68322.0;36586.5;31735.5;68475.5;34249.0;34226.5;8397.0;1582.0;6815.0;10401.5;4450.5;5951.0
846;Totaal;Zaanstreek (CR);2005;155859.5;76950.0;78909.5;68886.0;36813.5;32072.5;67977.5;33995.0;33982.5;8379.0;1605.0;6774.0;10617.0;4536.5;6080.5
847;Totaal;Zaanstreek (CR);2006;156662.0;77331.0;79331.0;69755.0;37195.0;32560.0;67729.0;33880.5;33848.5;8306.0;1621.0;6685.0;10872.0;4634.5;6237.5
848;Totaal;Zaanstreek (CR);2007;158011.0;78009.5;80001.5;70915.5;37751.5;33164.0;67699.0;33873.5;33825.5;8245.5;1639.0;6606.5;11151.0;4745.5;6405.5
849;Totaal;Zaanstreek (CR);2008;159359.5;78696.5;80663.0;71998.0;38315.0;33683.0;67673.0;33857.5;33815.5;8250.5;1655.5;6595.0;11438.0;4868.5;6569.5
850;Totaal;Zaanstreek (CR);2009;160574.5;79308.5;81266.0;72730.0;38704.5;34025.5;67593.0;33817.5;33775.5;8261.5;1672.0;6589.5;11990.0;5114.5;6875.5
851;Totaal;Zaanstreek (CR);2010;161967.5;80034.5;81933.0;73603.0;39197.5;34405.5;67521.0;33773.5;33747.5;8300.0;1692.0;6608.0;12543.5;5371.5;7172.0
852;Totaal;Zaanstreek (CR);2011;163401.5;80826.0;82575.5;74762.5;39880.0;34882.5;67447.0;33725.0;33722.0;8335.5;1714.5;6621.0;12856.5;5506.5;7350.0
853;Totaal;Zaanstreek (CR);2012;164712.0;81534.0;83178.0;75936.0;40531.0;35405.0;67186.0;33598.5;33587.5;8339.0;1742.5;6596.5;13251.0;5662.0;7589.0
854;Totaal;Zaanstreek (CR);2013;165868.5;82090.0;83778.5;77062.0;41097.0;35965.0;66768.5;33387.5;33381.0;8346.5;1765.0;6581.5;13691.5;5840.5;7851.0
855;Totaal;Zaanstreek (CR);2014;166766.5;82467.5;84299.0;77959.5;41504.0;36455.5;66364.0;33173.5;33190.5;8350.5;1786.5;6564.0;14092.5;6003.5;8089.0
856;Totaal;Zaanstreek (CR);2015;167644.0;82876.0;84768.0;78891.5;41950.5;36941.0;66008.5;32992.5;33016.0;8340.5;1800.0;6540.5;14403.5;6133.0;8270.5
857;Totaal;Zaanstreek (CR);2016;168814.5;83490.5;85324.0;80059.5;42546.5;37513.0;65753.5;32864.0;32889.5;8329.5;1806.5;6523.0;14672.0;6273.5;8398.5
858;Totaal;Groot-Amsterdam (CR);1995;1130394.5;555651.5;574743.0;565499.0;298002.0;267497.0;414545.0;208555.0;205990.0;62697.5;10727.5;51970.0;87653.0;38367.0;49286.0
859;Totaal;Groot-Amsterdam (CR);1996;1131786.0;555898.5;575887.5;570966.0;300500.0;270466.0;408372.5;205207.0;203165.5;61853.5;10693.5;51160.0;90594.0;39498.0;51096.0
860;Totaal;Groot-Amsterdam (CR);1997;1136317.0;557881.5;578435.5;578029.0;303851.0;274178.0;404437.5;203166.0;201271.5;60993.5;10648.0;50345.5;92857.0;40216.5;52640.5
861;Totaal;Groot-Amsterdam (CR);1998;1145903.0;562954.5;582948.5;587809.5;308888.0;278921.5;403515.0;202922.0;200593.0;59008.0;10376.5;48631.5;95570.5;40768.0;54802.5
862;Totaal;Groot-Amsterdam (CR);1999;1156204.0;568451.5;587752.5;597062.0;313703.0;283359.0;404144.5;203311.0;200833.5;58259.0;10311.0;47948.0;96738.5;41126.5;55612.0
863;Totaal;Groot-Amsterdam (CR);2000;1164608.5;573036.0;591572.5;604676.0;317694.0;286982.0;404750.0;203637.5;201112.5;58671.5;10435.0;48236.5;96511.0;41269.5;55241.5
864;Totaal;Groot-Amsterdam (CR);2001;1172660.5;577519.0;595141.5;612429.0;321675.5;290753.5;404736.5;203747.0;200989.5;57920.5;10443.0;47477.5;97574.5;41653.5;55921.0
865;Totaal;Groot-Amsterdam (CR);2002;1180834.5;581878.5;598956.0;620162.0;325399.5;294762.5;405271.0;204137.0;201134.0;57018.5;10419.0;46599.5;98383.0;41923.0;56460.0
866;Totaal;Groot-Amsterdam (CR);2003;1189810.5;586168.5;603642.0;628527.5;329102.5;299425.0;406579.5;204822.0;201757.5;56012.5;10348.5;45664.0;98691.0;41895.5;56795.5
867;Totaal;Groot-Amsterdam (CR);2004;1199585.0;590753.0;608832.0;637990.0;333363.5;304626.5;407191.5;205080.5;202111.0;55169.5;10324.0;44845.5;99234.0;41985.0;57249.0
868;Totaal;Groot-Amsterdam (CR);2005;1207003.5;594231.5;612772.0;646529.5;337254.5;309275.0;406178.5;204557.5;201621.0;54429.5;10286.5;44143.0;99866.0;42133.0;57733.0
869;Totaal;Groot-Amsterdam (CR);2006;1211503.0;596197.0;615306.0;653512.0;340293.5;313218.5;404012.5;203526.0;200486.5;53706.5;10217.0;43489.5;100272.0;42160.5;58111.5
870;Totaal;Groot-Amsterdam (CR);2007;1217920.0;599018.0;618902.0;661938.0;343931.5;318006.5;402109.5;202626.5;199483.0;53035.5;10153.0;42882.5;100837.0;42307.0;58530.0
871;Totaal;Groot-Amsterdam (CR);2008;1228909.5;604364.5;624545.0;673758.0;349437.0;324321.0;401298.0;202351.5;198946.5;52345.0;10113.5;42231.5;101508.5;42462.5;59046.0
872;Totaal;Groot-Amsterdam (CR);2009;1243420.5;611781.0;631639.5;685171.5;355035.0;330136.5;402475.0;203077.0;199398.0;51817.5;10156.0;41661.5;103956.5;43513.0;60443.5
873;Totaal;Groot-Amsterdam (CR);2010;1259227.5;619403.5;639824.0;696936.5;360450.5;336486.0;404585.5;204239.5;200346.0;51372.0;10186.0;41186.0;106333.5;44527.5;61806.0
874;Totaal;Groot-Amsterdam (CR);2011;1273649.0;626268.5;647380.5;709832.0;366278.0;343554.0;406194.0;205208.0;200986.0;50761.5;10194.5;40567.0;106861.5;44588.0;62273.5
875;Totaal;Groot-Amsterdam (CR);2012;1285947.5;632281.0;653666.5;721218.5;371503.5;349715.0;407011.5;205704.0;201307.5;50197.5;10254.0;39943.5;107520.0;44819.5;62700.5
876;Totaal;Groot-Amsterdam (CR);2013;1298521.0;638539.5;659981.5;733078.0;377177.0;355901.0;407299.0;205868.5;201430.5;49723.5;10303.0;39420.5;108420.5;45191.0;63229.5
877;Totaal;Groot-Amsterdam (CR);2014;1312801.0;645784.5;667016.5;746419.5;383741.0;362678.5;407633.5;206056.5;201577.0;49254.0;10332.5;38921.5;109494.0;45654.5;63839.5
878;Totaal;Groot-Amsterdam (CR);2015;1321730.5;650606.5;671124.0;757989.5;389478.0;368511.5;405172.0;204863.5;200308.5;48465.5;10313.5;38152.0;110103.5;45951.5;64152.0
879;Totaal;Groot-Amsterdam (CR);2016;1337115.5;659147.0;677968.5;771500.0;396800.0;374700.0;406693.5;205697.0;200996.5;48019.5;10381.5;37638.0;110902.5;46268.5;64634.0
880;Totaal;Het Gooi en Vechtstreek (CR);1995;233852.5;112046.5;121806.0;97421.5;50422.5;46999.0;107338.0;53621.5;53716.5;15628.5;2546.0;13082.5;13464.5;5456.5;8008.0
881;Totaal;Het Gooi en Vechtstreek (CR);1996;233196.5;111767.5;121429.0;97753.5;50627.0;47126.5;106105.0;52993.0;53112.0;15520.5;2567.5;12953.0;13817.5;5580.0;8237.5
882;Totaal;Het Gooi en Vechtstreek (CR);1997;232829.0;111676.5;121152.5;98041.5;50821.5;47220.0;105211.0;52567.0;52644.0;15452.0;2617.0;12835.0;14124.5;5671.0;8453.5
883;Totaal;Het Gooi en Vechtstreek (CR);1998;232689.5;111725.0;120964.5;98366.0;51037.0;47329.0;104609.5;52299.5;52310.0;15114.0;2602.5;12511.5;14600.0;5786.0;8814.0
884;Totaal;Het Gooi en Vechtstreek (CR);1999;232712.0;111808.0;120904.0;98862.0;51296.5;47565.5;104064.0;52034.5;52029.5;14987.5;2599.0;12388.5;14798.5;5878.0;8920.5
885;Totaal;Het Gooi en Vechtstreek (CR);2000;232776.5;111903.5;120873.0;99489.0;51626.0;47863.0;103329.5;51658.5;51671.0;15139.5;2650.5;12489.0;14818.5;5968.5;8850.0
886;Totaal;Het Gooi en Vechtstreek (CR);2001;233251.0;112263.0;120988.0;100552.0;52230.0;48322.0;102530.5;51256.5;51274.0;15011.0;2650.0;12361.0;15157.5;6126.5;9031.0
887;Totaal;Het Gooi en Vechtstreek (CR);2002;242458.5;116848.5;125610.0;104852.5;54534.5;50318.0;106113.0;53061.0;53052.0;15448.5;2748.5;12700.0;16044.5;6504.5;9540.0
888;Totaal;Het Gooi en Vechtstreek (CR);2003;242417.5;116874.5;125543.0;105392.0;54802.5;50589.5;105418.5;52716.0;52702.5;15243.5;2730.0;12513.5;16363.5;6626.0;9737.5
889;Totaal;Het Gooi en Vechtstreek (CR);2004;242429.5;116832.0;125597.5;105943.0;55009.5;50933.5;104641.5;52313.0;52328.5;15129.0;2733.0;12396.0;16716.0;6776.5;9939.5
890;Totaal;Het Gooi en Vechtstreek (CR);2005;242118.5;116624.0;125494.5;106227.0;55080.0;51147.0;103806.5;51886.5;51920.0;15055.0;2753.0;12302.0;17030.0;6904.5;10125.5
891;Totaal;Het Gooi en Vechtstreek (CR);2006;241881.5;116546.5;125335.0;106620.0;55306.5;51313.5;103036.5;51501.0;51535.5;14962.0;2752.0;12210.0;17263.0;6987.0;10276.0
892;Totaal;Het Gooi en Vechtstreek (CR);2007;242047.5;116709.0;125338.5;107378.5;55772.0;51606.5;102275.0;51116.5;51158.5;14879.0;2745.0;12134.0;17515.0;7075.5;10439.5
893;Totaal;Het Gooi en Vechtstreek (CR);2008;242812.0;117236.5;125575.5;108504.0;56451.0;52053.0;101737.0;50836.5;50900.5;14735.5;2734.5;12001.0;17835.5;7214.5;10621.0
894;Totaal;Het Gooi en Vechtstreek (CR);2009;243526.0;117710.5;125815.5;109131.5;56832.5;52299.0;101315.5;50646.5;50669.0;14607.0;2733.5;11873.5;18472.0;7498.0;10974.0
895;Totaal;Het Gooi en Vechtstreek (CR);2010;244028.0;117952.5;126075.5;109568.0;57024.5;52543.5;100797.5;50407.5;50390.0;14542.5;2749.5;11793.0;19120.0;7771.0;11349.0
896;Totaal;Het Gooi en Vechtstreek (CR);2011;244763.0;118388.5;126374.5;110507.5;57514.5;52993.0;100377.5;50198.0;50179.5;14471.5;2787.0;11684.5;19406.5;7889.0;11517.5
897;Totaal;Het Gooi en Vechtstreek (CR);2012;245079.5;118643.5;126436.0;111166.5;57875.5;53291.0;99812.5;49914.5;49898.0;14399.5;2829.0;11570.5;19701.0;8024.5;11676.5
898;Totaal;Het Gooi en Vechtstreek (CR);2013;245113.0;118710.0;126403.0;111645.5;58143.5;53502.0;99097.5;49532.5;49565.0;14357.0;2877.0;11480.0;20013.0;8157.0;11856.0
899;Totaal;Het Gooi en Vechtstreek (CR);2014;245803.0;119110.0;126693.0;112487.5;58600.5;53887.0;98606.0;49286.0;49320.0;14295.0;2920.5;11374.5;20414.5;8303.0;12111.5
900;Totaal;Het Gooi en Vechtstreek (CR);2015;247410.5;119934.5;127476.0;113919.5;59310.5;54609.0;98435.5;49201.5;49234.0;14208.5;2952.0;11256.5;20847.0;8470.5;12376.5
901;Totaal;Het Gooi en Vechtstreek (CR);2016;249508.0;121069.5;128438.5;115774.0;60284.0;55490.0;98407.0;49192.0;49215.0;14129.5;2983.5;11146.0;21197.5;8610.0;12587.5
902;Totaal;Agglomeratie Leiden en Bollenstreek (CR);1995;376767.0;185163.0;191604.0;173386.5;90921.5;82465.0;168262.0;84215.5;84046.5;19281.5;3350.5;15931.0;15837.0;6675.5;9161.5
903;Totaal;Agglomeratie Leiden en Bollenstreek (CR);1996;378776.5;186247.5;192529.0;175251.5;92007.0;83244.5;167734.0;83905.5;83828.5;19343.5;3393.0;15950.5;16447.5;6942.0;9505.5
904;Totaal;Agglomeratie Leiden en Bollenstreek (CR);1997;380391.5;187091.0;193300.5;176420.5;92703.5;83717.0;167439.0;83757.0;83682.0;19471.0;3435.0;16036.0;17061.0;7195.5;9865.5
905;Totaal;Agglomeratie Leiden en Bollenstreek (CR);1998;381921.0;187816.5;194104.5;177465.5;93246.0;84219.5;167373.0;83721.5;83651.5;19360.5;3442.5;15918.0;17722.0;7406.5;10315.5
906;Totaal;Agglomeratie Leiden en Bollenstreek (CR);1999;383744.5;188663.0;195081.5;178764.0;93848.5;84915.5;167480.0;83763.0;83717.0;19363.0;3472.5;15890.5;18137.5;7579.0;10558.5
907;Totaal;Agglomeratie Leiden en Bollenstreek (CR);2000;385497.0;189531.5;195965.5;180052.0;94531.5;85520.5;167502.5;83749.0;83753.5;19548.0;3526.5;16021.5;18394.5;7724.5;10670.0
908;Totaal;Agglomeratie Leiden en Bollenstreek (CR);2001;386980.0;190364.0;196616.0;181349.0;95279.5;86069.5;167065.0;83519.0;83546.0;19524.0;3570.5;15953.5;19042.0;7995.0;11047.0
909;Totaal;Agglomeratie Leiden en Bollenstreek (CR);2002;387658.5;190751.0;196907.5;182379.0;95819.5;86559.5;166176.0;83078.0;83098.0;19491.0;3604.5;15886.5;19612.5;8249.0;11363.5
910;Totaal;Agglomeratie Leiden en Bollenstreek (CR);2003;388357.0;191012.0;197345.0;183350.5;96244.5;87106.0;165457.0;82724.5;82732.5;19522.0;3631.5;15890.5;20027.5;8411.5;11616.0
911;Totaal;Agglomeratie Leiden en Bollenstreek (CR);2004;389077.0;191263.0;197814.0;184338.0;96662.5;87675.5;164748.0;82363.5;82384.5;19544.0;3673.0;15871.0;20447.0;8564.0;11883.0
912;Totaal;Agglomeratie Leiden en Bollenstreek (CR);2005;389350.5;191398.0;197952.5;185045.5;97010.5;88035.0;163796.0;81872.5;81923.5;19564.0;3736.5;15827.5;20945.0;8778.5;12166.5
913;Totaal;Agglomeratie Leiden en Bollenstreek (CR);2006;389593.0;191599.5;197993.5;185669.5;97343.0;88326.5;162843.5;81413.5;81430.0;19564.0;3800.0;15764.0;21516.0;9043.0;12473.0
914;Totaal;Agglomeratie Leiden en Bollenstreek (CR);2007;390113.0;191929.0;198184.0;186440.0;97765.5;88674.5;162084.0;81039.5;81044.5;19541.0;3857.0;15684.0;22048.0;9267.0;12781.0
915;Totaal;Agglomeratie Leiden en Bollenstreek (CR);2008;391262.0;192480.5;198781.5;187539.5;98278.0;89261.5;161662.0;80836.0;80826.0;19494.5;3895.0;15599.5;22566.0;9471.5;13094.5
916;Totaal;Agglomeratie Leiden en Bollenstreek (CR);2009;403753.0;198815.0;204938.0;192816.5;101107.5;91709.0;166923.5;83491.0;83432.5;19960.0;4041.5;15918.5;24053.0;10175.0;13878.0
917;Totaal;Agglomeratie Leiden en Bollenstreek (CR);2010;405986.5;199984.5;206002.0;193827.5;101664.0;92163.5;167134.5;83581.0;83553.5;19976.0;4101.0;15875.0;25048.5;10638.5;14410.0
918;Totaal;Agglomeratie Leiden en Bollenstreek (CR);2011;408178.0;201048.5;207129.5;195498.5;102494.0;93004.5;167172.0;83577.0;83595.0;19979.0;4160.5;15818.5;25528.5;10817.0;14711.5
919;Totaal;Agglomeratie Leiden en Bollenstreek (CR);2012;410240.0;201938.0;208302.0;197223.5;103217.0;94006.5;167002.5;83490.5;83512.0;19982.0;4217.0;15765.0;26032.0;11013.5;15018.5
920;Totaal;Agglomeratie Leiden en Bollenstreek (CR);2013;412226.0;202852.0;209374.0;199080.5;104027.0;95053.5;166547.0;83254.0;83293.0;19988.0;4307.0;15681.0;26610.5;11264.0;15346.5
921;Totaal;Agglomeratie Leiden en Bollenstreek (CR);2014;414103.5;203724.0;210379.5;200885.0;104839.0;96046.0;165903.5;82926.5;82977.0;19992.0;4382.5;15609.5;27323.0;11576.0;15747.0
922;Totaal;Agglomeratie Leiden en Bollenstreek (CR);2015;416564.5;204901.5;211663.0;203026.5;105842.0;97184.5;165455.5;82716.5;82739.0;20020.5;4445.0;15575.5;28062.0;11898.0;16164.0
923;Totaal;Agglomeratie Leiden en Bollenstreek (CR);2016;419659.5;206439.0;213220.5;205520.5;107050.5;98470.0;165348.5;82678.5;82670.0;20068.0;4525.0;15543.0;28722.5;12185.0;16537.5
924;Totaal;Agglomeratie 's-Gravenhage (CR);1995;703179.5;340278.0;362901.5;315224.5;166046.0;149178.5;284865.0;143505.5;141359.5;48664.5;7859.0;40805.5;54425.5;22867.5;31558.0
925;Totaal;Agglomeratie 's-Gravenhage (CR);1996;704735.5;341268.5;363467.0;319955.5;168627.5;151328.0;280500.0;141163.0;139337.0;48042.5;7836.5;40206.0;56237.5;23641.5;32596.0
926;Totaal;Agglomeratie 's-Gravenhage (CR);1997;707443.5;342531.5;364912.0;324736.0;170962.5;153773.5;277676.5;139572.0;138104.5;47362.5;7814.5;39548.0;57668.5;24182.5;33486.0
927;Totaal;Agglomeratie 's-Gravenhage (CR);1998;710123.5;343652.5;366471.0;328752.0;172747.0;156005.0;276040.0;138671.0;137369.0;45727.0;7631.0;38096.0;59604.5;24603.5;35001.0
928;Totaal;Agglomeratie 's-Gravenhage (CR);1999;713244.0;345208.0;368036.0;332714.0;174689.0;158025.0;275008.0;138069.0;136939.0;45061.0;7543.0;37518.0;60461.0;24907.0;35554.0
929;Totaal;Agglomeratie 's-Gravenhage (CR);2000;718843.5;348648.5;370195.0;338320.0;177849.0;160471.0;274786.5;137980.0;136806.5;45275.0;7601.0;37674.0;60462.0;25218.5;35243.5
930;Totaal;Agglomeratie 's-Gravenhage (CR);2001;725027.5;352327.0;372700.5;344372.5;181126.0;163246.5;274472.5;137917.0;136555.5;44558.5;7577.5;36981.0;61624.0;25706.5;35917.5
931;Totaal;Agglomeratie 's-Gravenhage (CR);2002;755908.0;367946.0;387962.0;361279.5;189971.5;171308.0;286554.0;143954.5;142599.5;44705.5;7707.5;36998.0;63369.0;26312.5;37056.5
932;Totaal;Agglomeratie 's-Gravenhage (CR);2003;763890.0;372019.0;391871.0;368261.5;193415.5;174846.0;287691.0;144484.5;143206.5;43983.0;7700.5;36282.5;63954.5;26418.5;37536.0
933;Totaal;Agglomeratie 's-Gravenhage (CR);2004;771250.5;376011.5;395239.0;374947.0;196858.0;178089.0;288297.0;144766.5;143530.5;43270.0;7660.5;35609.5;64736.5;26726.5;38010.0
934;Totaal;Agglomeratie 's-Gravenhage (CR);2005;777342.5;379404.0;397938.5;381041.5;200102.0;180939.5;287862.0;144512.5;143349.5;42652.5;7586.0;35066.5;65786.5;27203.5;38583.0
935;Totaal;Agglomeratie 's-Gravenhage (CR);2006;780196.5;380950.5;399246.0;384894.5;201987.5;182907.0;286713.5;143892.5;142821.0;42022.0;7574.0;34448.0;66566.5;27496.5;39070.0
936;Totaal;Agglomeratie 's-Gravenhage (CR);2007;782306.0;382097.5;400208.5;388213.5;203553.0;184660.5;285641.0;143333.0;142308.0;41267.0;7550.5;33716.5;67184.5;27661.0;39523.5
937;Totaal;Agglomeratie 's-Gravenhage (CR);2008;789207.0;385992.5;403214.5;394997.0;207224.5;187772.5;285589.5;143309.0;142280.5;40621.5;7488.0;33133.5;67999.0;27971.0;40028.0
938;Totaal;Agglomeratie 's-Gravenhage (CR);2009;798377.5;390875.5;407502.0;401737.5;210759.5;190978.0;286554.0;143762.5;142791.5;40034.5;7451.0;32583.5;70051.5;28902.5;41149.0
939;Totaal;Agglomeratie 's-Gravenhage (CR);2010;806797.5;395141.0;411656.5;407109.0;213354.5;193754.5;288078.5;144494.5;143584.0;39528.0;7498.0;32030.0;72082.0;29794.0;42288.0
940;Totaal;Agglomeratie 's-Gravenhage (CR);2011;815247.5;399524.5;415723.0;413391.5;216451.0;196940.5;289737.5;145331.5;144406.0;39169.5;7587.5;31582.0;72949.0;30154.5;42794.5
941;Totaal;Agglomeratie 's-Gravenhage (CR);2012;822332.0;403129.0;419203.0;419084.0;219180.0;199904.0;290553.0;145760.0;144793.0;38801.0;7645.0;31156.0;73894.0;30544.0;43350.0
942;Totaal;Agglomeratie 's-Gravenhage (CR);2013;827627.5;405681.0;421946.5;423493.5;221167.0;202326.5;290940.0;145959.5;144980.5;38308.0;7647.0;30661.0;74886.0;30907.5;43978.5
943;Totaal;Agglomeratie 's-Gravenhage (CR);2014;834126.0;408791.5;425334.5;428906.5;223628.0;205278.5;291296.0;146131.5;145164.5;37845.0;7643.0;30202.0;76078.5;31389.0;44689.5
944;Totaal;Agglomeratie 's-Gravenhage (CR);2015;841720.0;412673.5;429046.5;435724.0;226970.0;208754.0;291290.5;146143.5;145147.0;37405.0;7648.0;29757.0;77300.5;31912.0;45388.5
945;Totaal;Agglomeratie 's-Gravenhage (CR);2016;849706.0;417069.0;432637.0;442828.5;230749.0;212079.5;291473.5;146277.5;145196.0;36977.0;7666.5;29310.5;78427.0;32376.0;46051.0
946;Totaal;Delft en Westland (CR);1995;221297.0;113171.5;108125.5;102113.5;57553.5;44560.0;100490.5;50281.5;50209.0;10414.0;1765.5;8648.5;8279.0;3571.0;4708.0
947;Totaal;Delft en Westland (CR);1996;222941.5;113912.5;109029.0;103097.5;58039.5;45058.0;100650.0;50353.5;50296.5;10501.5;1764.0;8737.5;8692.5;3755.5;4937.0
948;Totaal;Delft en Westland (CR);1997;224676.0;114772.5;109903.5;104231.0;58632.0;45599.0;100807.5;50443.5;50364.0;10586.0;1796.0;8790.0;9051.5;3901.0;5150.5
949;Totaal;Delft en Westland (CR);1998;227061.5;116057.5;111004.0;105905.5;59618.5;46287.0;101051.0;50570.0;50481.0;10554.5;1803.0;8751.5;9550.5;4066.0;5484.5
950;Totaal;Delft en Westland (CR);1999;229789.0;117500.5;112288.5;107743.5;60650.5;47093.0;101471.5;50776.5;50695.0;10605.5;1818.5;8787.0;9968.5;4255.0;5713.5
951;Totaal;Delft en Westland (CR);2000;231959.0;118564.5;113394.5;109064.5;61302.5;47762.0;101839.0;50953.0;50886.0;10759.0;1868.0;8891.0;10296.5;4441.0;5855.5
952;Totaal;Delft en Westland (CR);2001;234044.0;119525.0;114519.0;110532.5;61986.5;48546.0;101834.5;50954.5;50880.0;10844.5;1917.5;8927.0;10832.5;4666.5;6166.0
953;Totaal;Delft en Westland (CR);2002;210921.0;107817.5;103103.5;100889.5;56687.0;44202.5;89574.5;44826.0;44748.5;10003.5;1801.5;8202.0;10453.5;4503.0;5950.5
954;Totaal;Delft en Westland (CR);2003;210626.0;107672.5;102953.5;100953.5;56712.0;44241.5;89003.5;44548.0;44455.5;10007.5;1843.0;8164.5;10661.5;4569.5;6092.0
955;Totaal;Delft en Westland (CR);2004;210051.0;107348.0;102703.0;100895.5;56657.5;44238.0;88321.0;44206.0;44115.0;10011.0;1869.5;8141.5;10823.5;4615.0;6208.5
956;Totaal;Delft en Westland (CR);2005;210398.0;107508.0;102890.0;101529.5;56953.5;44576.0;87822.5;43941.5;43881.0;9967.0;1902.0;8065.0;11079.0;4711.0;6368.0
957;Totaal;Delft en Westland (CR);2006;211318.5;107987.5;103331.0;102571.5;57517.0;45054.5;87427.5;43744.0;43683.5;9936.0;1908.5;8027.5;11383.5;4818.0;6565.5
958;Totaal;Delft en Westland (CR);2007;212351.0;108537.0;103814.0;103669.5;58133.0;45536.5;87018.5;43535.5;43483.0;9968.5;1938.0;8030.5;11694.5;4930.5;6764.0
959;Totaal;Delft en Westland (CR);2008;213234.5;109019.5;104215.0;104618.0;58664.0;45954.0;86632.0;43343.0;43289.0;9992.5;1989.5;8003.0;11992.0;5023.0;6969.0
960;Totaal;Delft en Westland (CR);2009;213959.0;109420.5;104538.5;105128.0;58996.5;46131.5;86338.5;43192.0;43146.5;10003.0;2013.5;7989.5;12489.5;5218.5;7271.0
961;Totaal;Delft en Westland (CR);2010;214993.5;110092.0;104901.5;105944.0;59579.5;46364.5;86101.5;43070.0;43031.5;10003.5;2024.5;7979.0;12944.5;5418.0;7526.5
962;Totaal;Delft en Westland (CR);2011;217250.0;111432.0;105818.0;108216.0;60937.0;47279.0;85876.5;42961.5;42915.0;10001.5;2029.5;7972.0;13156.0;5504.0;7652.0
963;Totaal;Delft en Westland (CR);2012;219463.0;112628.5;106834.5;110469.5;62168.5;48301.0;85588.5;42808.5;42780.0;9987.5;2035.5;7952.0;13417.5;5616.0;7801.5
964;Totaal;Delft en Westland (CR);2013;220894.5;113528.5;107366.0;111949.5;63093.5;48856.0;85279.5;42661.5;42618.0;9971.5;2064.5;7907.0;13694.0;5709.0;7985.0
965;Totaal;Delft en Westland (CR);2014;222892.0;114784.5;108107.5;113779.0;64265.5;49513.5;85104.5;42590.5;42514.0;9966.0;2106.0;7860.0;14042.5;5822.5;8220.0
966;Totaal;Delft en Westland (CR);2015;224454.0;115588.5;108865.5;115176.0;64996.5;50179.5;84950.5;42505.0;42445.5;9947.0;2128.0;7819.0;14380.5;5959.0;8421.5
967;Totaal;Delft en Westland (CR);2016;225457.0;116005.5;109451.5;115957.5;65279.5;50678.0;84851.5;42451.0;42400.5;9944.0;2150.5;7793.5;14704.0;6124.5;8579.5
968;Totaal;Oost-Zuid-Holland (CR);1995;316696.0;157787.0;158909.0;139232.0;74328.0;64904.0;151995.0;76017.0;75978.0;14050.0;2448.0;11602.0;11419.0;4994.0;6425.0
969;Totaal;Oost-Zuid-Holland (CR);1996;317746.5;158220.0;159526.5;139889.0;74670.0;65219.0;151688.5;75857.5;75831.0;14254.5;2480.0;11774.5;11914.5;5212.5;6702.0
970;Totaal;Oost-Zuid-Holland (CR);1997;318935.5;158716.0;160219.5;140532.5;74998.0;65534.5;151650.0;75836.0;75814.0;14396.5;2512.0;11884.5;12356.5;5370.0;6986.5
971;Totaal;Oost-Zuid-Holland (CR);1998;320231.5;159298.0;160933.5;141243.0;75348.5;65894.5;151687.5;75872.5;75815.0;14330.5;2508.0;11822.5;12970.5;5569.0;7401.5
972;Totaal;Oost-Zuid-Holland (CR);1999;321176.0;159734.5;161441.5;141784.5;75609.5;66175.0;151617.5;75840.0;75777.5;14418.5;2563.5;11855.0;13355.5;5721.5;7634.0
973;Totaal;Oost-Zuid-Holland (CR);2000;321711.0;159938.5;161772.5;142123.0;75753.5;66369.5;151283.5;75664.0;75619.5;14689.0;2662.0;12027.0;13615.5;5859.0;7756.5
974;Totaal;Oost-Zuid-Holland (CR);2001;322393.0;160273.0;162120.0;142836.0;76152.5;66683.5;150500.5;75277.0;75223.5;14824.5;2711.5;12113.0;14232.0;6132.0;8100.0
975;Totaal;Oost-Zuid-Holland (CR);2002;322855.0;160506.5;162348.5;143509.5;76539.5;66970.0;149613.0;74835.5;74777.5;14878.5;2737.0;12141.5;14854.0;6394.5;8459.5
976;Totaal;Oost-Zuid-Holland (CR);2003;322593.0;160286.5;162306.5;143553.0;76484.5;67068.5;148923.5;74480.5;74443.0;14842.5;2755.0;12087.5;15274.0;6566.5;8707.5
977;Totaal;Oost-Zuid-Holland (CR);2004;322316.5;160043.5;162273.0;143545.5;76372.5;67173.0;148322.0;74173.5;74148.5;14829.5;2786.5;12043.0;15619.5;6711.0;8908.5
978;Totaal;Oost-Zuid-Holland (CR);2005;322265.0;159967.5;162297.5;143817.0;76460.5;67356.5;147602.0;73815.0;73787.0;14879.0;2853.0;12026.0;15967.0;6839.0;9128.0
979;Totaal;Oost-Zuid-Holland (CR);2006;321918.0;159792.0;162126.0;143911.5;76523.5;67388.0;146724.0;73364.0;73360.0;14933.5;2924.5;12009.0;16349.0;6980.0;9369.0
980;Totaal;Oost-Zuid-Holland (CR);2007;321715.0;159693.0;162022.0;143991.5;76561.5;67430.0;146006.5;72996.0;73010.5;14974.5;2974.0;12000.5;16742.5;7161.5;9581.0
981;Totaal;Oost-Zuid-Holland (CR);2008;322029.5;159885.0;162144.5;144402.5;76778.0;67624.5;145405.5;72701.5;72704.0;15027.0;3021.5;12005.5;17194.5;7384.0;9810.5
982;Totaal;Oost-Zuid-Holland (CR);2009;311929.0;154721.5;157207.5;139954.0;74308.5;65645.5;139714.0;69873.5;69840.5;14633.0;2963.5;11669.5;17628.0;7576.0;10052.0
983;Totaal;Oost-Zuid-Holland (CR);2010;293707.5;145631.0;148076.5;131677.0;69955.5;61721.5;130624.0;65336.5;65287.5;13870.0;2816.0;11054.0;17536.5;7523.0;10013.5
984;Totaal;Oost-Zuid-Holland (CR);2011;294097.5;145834.0;148263.5;131899.5;70107.5;61792.0;130440.5;65238.0;65202.5;13923.5;2858.5;11065.0;17834.0;7630.0;10204.0
985;Totaal;Oost-Zuid-Holland (CR);2012;294306.5;145942.5;148364.0;132049.5;70202.0;61847.5;130170.0;65094.5;65075.5;13935.5;2897.5;11038.0;18151.5;7748.5;10403.0
986;Totaal;Oost-Zuid-Holland (CR);2013;294526.0;146069.5;148456.5;132197.0;70314.0;61883.0;129789.5;64894.5;64895.0;13962.0;2929.0;11033.0;18577.5;7932.0;10645.5
987;Totaal;Oost-Zuid-Holland (CR);2014;295559.5;146643.5;148916.0;132998.0;70754.0;62244.0;129329.5;64668.5;64661.0;14045.5;3008.5;11037.0;19186.5;8212.5;10974.0
988;Totaal;Oost-Zuid-Holland (CR);2015;319723.0;158656.5;161066.5;143564.0;76360.5;67203.5;139688.0;69857.5;69830.5;15398.5;3338.0;12060.5;21072.5;9100.5;11972.0
989;Totaal;Oost-Zuid-Holland (CR);2016;322406.0;160063.0;162343.0;145367.5;77314.0;68053.5;139874.0;69973.0;69901.0;15488.5;3390.5;12098.0;21676.0;9385.5;12290.5
990;Totaal;Groot-Rijnmond (CR);1995;1309372.5;644794.0;664578.5;562771.0;302340.0;260431.0;583694.0;292772.5;290921.5;80710.5;13679.5;67031.0;82197.0;36002.0;46195.0
991;Totaal;Groot-Rijnmond (CR);1996;1310614.5;644898.0;665716.5;567272.5;304386.0;262886.5;578096.5;289758.0;288338.5;80502.0;13764.5;66737.5;84743.5;36989.5;47754.0
992;Totaal;Groot-Rijnmond (CR);1997;1314698.5;646780.0;667918.5;573237.5;307332.0;265905.5;574105.0;287666.5;286438.5;80265.0;13859.5;66405.5;87091.0;37922.0;49169.0
993;Totaal;Groot-Rijnmond (CR);1998;1321949.0;650251.0;671698.0;580769.5;310988.5;269781.0;572064.0;286648.5;285415.5;78497.5;13684.5;64813.0;90618.0;38929.5;51688.5
994;Totaal;Groot-Rijnmond (CR);1999;1330813.5;654770.5;676043.0;588957.0;315132.0;273825.0;571167.0;286239.5;284927.5;77949.0;13620.5;64328.5;92740.5;39778.5;52962.0
995;Totaal;Groot-Rijnmond (CR);2000;1340189.0;659576.0;680613.0;597870.0;319651.0;278219.0;570224.5;285762.0;284462.5;78746.5;13800.5;64946.0;93348.0;40362.5;52985.5
996;Totaal;Groot-Rijnmond (CR);2001;1350866.0;664996.5;685869.5;608583.5;324985.0;283598.5;568242.5;284807.0;283435.5;78316.5;13902.5;64414.0;95723.5;41302.0;54421.5
997;Totaal;Groot-Rijnmond (CR);2002;1359865.0;669763.5;690101.5;618497.0;330038.0;288459.0;565429.5;283493.5;281936.0;77868.0;13957.5;63910.5;98070.5;42274.5;55796.0
998;Totaal;Groot-Rijnmond (CR);2003;1360826.0;670096.0;690730.0;623867.0;332446.0;291421.0;560703.5;281118.0;279585.5;77114.5;13991.0;63123.5;99141.0;42541.0;56600.0
999;Totaal;Groot-Rijnmond (CR);2004;1361957.5;670258.0;691699.5;628287.0;334232.0;294055.0;557036.5;279196.5;277840.0;76494.5;14084.5;62410.0;100139.5;42745.0;57394.5
1000;Totaal;Groot-Rijnmond (CR);2005;1358778.5;668057.0;690721.5;629722.5;334356.5;295366.0;552037.0;276545.0;275492.0;75845.5;14144.0;61701.5;101173.5;43011.5;58162.0
1001;Totaal;Groot-Rijnmond (CR);2006;1353670.0;664920.5;688749.5;629683.5;333743.5;295940.0;546685.5;273749.5;272936.0;75130.0;14143.0;60987.0;102171.0;43284.5;58886.5
1002;Totaal;Groot-Rijnmond (CR);2007;1360609.0;668146.5;692462.5;635665.0;336573.0;299092.0;546352.5;273580.5;272772.0;74883.0;14182.5;60700.5;103708.5;43810.5;59898.0
1003;Totaal;Groot-Rijnmond (CR);2008;1363811.0;670045.0;693766.0;641676.0;339638.5;302037.5;543028.5;271948.0;271080.5;74166.0;14169.5;59996.5;104940.5;44289.0;60651.5
1004;Totaal;Groot-Rijnmond (CR);2009;1371923.0;674837.5;697085.5;648273.5;343327.5;304946.0;541540.5;271237.0;270303.5;73596.5;14264.0;59332.5;108512.5;46009.0;62503.5
1005;Totaal;Groot-Rijnmond (CR);2010;1400215.5;689243.0;710972.5;663147.0;351084.5;312062.5;550183.5;275621.5;274562.0;73982.0;14502.5;59479.5;112903.0;48034.5;64868.5
1006;Totaal;Groot-Rijnmond (CR);2011;1408686.5;693533.5;715153.0;670901.5;354848.0;316053.5;550167.0;275685.0;274482.0;73513.0;14576.5;58936.5;114105.0;48424.0;65681.0
1007;Totaal;Groot-Rijnmond (CR);2012;1413636.0;695668.0;717968.0;676532.5;357295.5;319237.0;548650.5;274846.0;273804.5;73042.0;14713.0;58329.0;115411.0;48813.5;66597.5
1008;Totaal;Groot-Rijnmond (CR);2013;1416255.5;696463.0;719792.5;680820.0;358911.5;321908.5;545936.5;273371.5;272565.0;72537.0;14821.5;57715.5;116962.0;49358.5;67603.5
1009;Totaal;Groot-Rijnmond (CR);2014;1422068.5;699268.0;722800.5;687721.0;362122.0;325599.0;543325.5;272049.5;271276.0;72064.0;14950.0;57114.0;118958.0;50146.5;68811.5
1010;Totaal;Groot-Rijnmond (CR);2015;1408127.0;692544.5;715582.5;687527.5;361619.5;325908.0;530374.5;265582.0;264792.5;70249.5;14811.0;55438.5;119975.5;50532.0;69443.5
1011;Totaal;Groot-Rijnmond (CR);2016;1417393.5;697362.0;720031.5;696828.5;366187.5;330641.0;528993.5;264931.0;264062.5;69644.5;14895.0;54749.5;121927.0;51348.5;70578.5
1012;Totaal;Zuidoost-Zuid-Holland (CR);1995;401650.0;198351.5;203298.5;167222.0;89553.5;77668.5;195376.0;97694.0;97682.0;22220.5;3819.0;18401.5;16831.5;7285.0;9546.5
1013;Totaal;Zuidoost-Zuid-Holland (CR);1996;403963.0;199412.5;204550.5;168515.0;90229.5;78285.5;195457.0;97717.0;97740.0;22386.5;3846.5;18540.0;17604.5;7619.5;9985.0
1014;Totaal;Zuidoost-Zuid-Holland (CR);1997;405726.0;200157.0;205569.0;169464.5;90695.0;78769.5;195397.5;97679.0;97718.5;22550.5;3894.5;18656.0;18313.5;7888.5;10425.0
1015;Totaal;Zuidoost-Zuid-Holland (CR);1998;407622.0;201035.5;206586.5;170669.0;91275.0;79394.0;195397.0;97705.5;97691.5;22377.5;3896.5;18481.0;19178.5;8158.5;11020.0
1016;Totaal;Zuidoost-Zuid-Holland (CR);1999;409490.0;201979.5;207510.5;172050.0;92006.0;80044.0;195408.5;97725.0;97683.5;22414.0;3921.5;18492.5;19617.5;8327.0;11290.5
1017;Totaal;Zuidoost-Zuid-Holland (CR);2000;411022.5;202778.0;208244.5;173294.5;92691.0;80603.5;195174.0;97622.5;97551.5;22759.5;4000.0;18759.5;19794.5;8464.5;11330.0
1018;Totaal;Zuidoost-Zuid-Holland (CR);2001;412651.0;203635.5;209015.5;174999.5;93613.5;81386.0;194307.0;97192.0;97115.0;22878.0;4075.5;18802.5;20466.5;8754.5;11712.0
1019;Totaal;Zuidoost-Zuid-Holland (CR);2002;394673.5;194684.0;199989.5;168455.0;90097.5;78357.5;184007.5;92033.5;91974.0;22075.0;3969.0;18106.0;20136.0;8584.0;11552.0
1020;Totaal;Zuidoost-Zuid-Holland (CR);2003;399670.0;197152.5;202517.5;171487.5;91670.0;79817.5;185248.5;92658.0;92590.5;22250.0;4033.5;18216.5;20684.0;8791.0;11893.0
1021;Totaal;Zuidoost-Zuid-Holland (CR);2004;400509.0;197475.5;203033.5;172656.0;92205.0;80451.0;184480.5;92257.5;92223.0;22276.0;4059.5;18216.5;21096.5;8953.5;12143.0
1022;Totaal;Zuidoost-Zuid-Holland (CR);2005;400493.5;197365.0;203128.5;173171.5;92392.5;80779.0;183527.0;91770.0;91757.0;22248.5;4074.0;18174.5;21546.5;9128.5;12418.0
1023;Totaal;Zuidoost-Zuid-Holland (CR);2006;400290.0;197190.5;203099.5;173430.5;92420.0;81010.5;182602.0;91318.5;91283.5;22210.5;4126.0;18084.5;22047.0;9326.0;12721.0
1024;Totaal;Zuidoost-Zuid-Holland (CR);2007;391172.0;192611.5;198560.5;170021.5;90508.0;79513.5;177357.0;88702.0;88655.0;21667.0;4060.0;17607.0;22126.5;9341.5;12785.0
1025;Totaal;Zuidoost-Zuid-Holland (CR);2008;391952.5;193034.5;198918.0;170920.0;91002.0;79918.0;176816.5;88426.0;88390.5;21668.0;4113.5;17554.5;22548.0;9493.0;13055.0
1026;Totaal;Zuidoost-Zuid-Holland (CR);2009;393643.0;193967.5;199675.5;171614.0;91398.0;80216.0;176640.0;88349.5;88290.5;21647.0;4179.5;17467.5;23742.0;10040.5;13701.5
1027;Totaal;Zuidoost-Zuid-Holland (CR);2010;395267.0;194871.5;200395.5;172196.0;91775.0;80421.0;176533.5;88296.0;88237.5;21672.0;4238.0;17434.0;24865.5;10562.5;14303.0
1028;Totaal;Zuidoost-Zuid-Holland (CR);2011;396901.0;195749.0;201152.0;173395.5;92474.0;80921.5;176529.0;88263.0;88266.0;21675.5;4270.0;17405.5;25301.0;10742.0;14559.0
1029;Totaal;Zuidoost-Zuid-Holland (CR);2012;398193.5;196431.0;201762.5;174348.5;93000.5;81348.0;176477.5;88213.0;88264.5;21596.5;4278.0;17318.5;25771.0;10939.5;14831.5
1030;Totaal;Zuidoost-Zuid-Holland (CR);2013;398954.0;196910.0;202044.0;175048.5;93420.5;81628.0;176056.0;87996.5;88059.5;21557.5;4335.5;17222.0;26292.0;11157.5;15134.5
1031;Totaal;Zuidoost-Zuid-Holland (CR);2014;399772.0;197458.0;202314.0;175807.0;93893.5;81913.5;175435.0;87686.5;87748.5;21514.5;4418.0;17096.5;27015.5;11460.0;15555.5
1032;Totaal;Zuidoost-Zuid-Holland (CR);2015;400568.5;197943.0;202625.5;176660.0;94341.5;82318.5;174635.0;87293.0;87342.0;21469.5;4498.0;16971.5;27804.0;11810.5;15993.5
1033;Totaal;Zuidoost-Zuid-Holland (CR);2016;401640.5;198547.0;203093.5;177713.5;94849.5;82864.0;174074.5;87023.0;87051.5;21419.0;4587.5;16831.5;28433.5;12087.0;16346.5
1034;Totaal;Zeeuwsch-Vlaanderen (CR);1995;107074.0;53092.0;53982.0;40093.0;22030.0;18063.0;54926.5;27450.5;27476.0;7577.5;1542.5;6035.0;4477.0;2069.0;2408.0
1035;Totaal;Zeeuwsch-Vlaanderen (CR);1996;107009.5;53034.0;53975.5;40127.5;22046.5;18081.0;54556.5;27269.0;27287.5;7605.5;1532.5;6073.0;4720.0;2186.0;2534.0
1036;Totaal;Zeeuwsch-Vlaanderen (CR);1997;107152.5;53069.0;54083.5;40206.5;22068.0;18138.5;54356.0;27175.0;27181.0;7591.5;1517.0;6074.5;4998.5;2309.0;2689.5
1037;Totaal;Zeeuwsch-Vlaanderen (CR);1998;107166.0;53067.5;54098.5;40121.0;22029.5;18091.5;54285.5;27147.5;27138.0;7492.5;1477.5;6015.0;5267.0;2413.0;2854.0
1038;Totaal;Zeeuwsch-Vlaanderen (CR);1999;107070.0;53048.0;54022.0;39957.5;21977.0;17980.5;54177.0;27097.0;27080.0;7466.5;1456.0;6010.5;5469.0;2518.0;2951.0
1039;Totaal;Zeeuwsch-Vlaanderen (CR);2000;107355.0;53208.0;54147.0;40116.0;22073.0;18043.0;54101.5;27065.5;27036.0;7521.0;1462.0;6059.0;5616.5;2607.5;3009.0
1040;Totaal;Zeeuwsch-Vlaanderen (CR);2001;107855.5;53466.0;54389.5;40488.0;22257.5;18230.5;53978.5;27017.0;26961.5;7511.0;1467.0;6044.0;5878.0;2724.5;3153.5
1041;Totaal;Zeeuwsch-Vlaanderen (CR);2002;108160.5;53664.0;54496.5;40786.5;22439.5;18347.0;53698.0;26881.5;26816.5;7500.5;1472.0;6028.5;6175.5;2871.0;3304.5
1042;Totaal;Zeeuwsch-Vlaanderen (CR);2003;108061.5;53612.0;54449.5;40777.0;22436.5;18340.5;53362.0;26710.5;26651.5;7473.5;1466.0;6007.5;6449.0;2999.0;3450.0
1043;Totaal;Zeeuwsch-Vlaanderen (CR);2004;107867.0;53441.0;54426.0;40719.0;22337.5;18381.5;53006.0;26525.5;26480.5;7440.0;1455.5;5984.5;6702.0;3122.5;3579.5
1044;Totaal;Zeeuwsch-Vlaanderen (CR);2005;107756.5;53332.5;54424.0;40837.0;22352.5;18484.5;52537.5;26286.0;26251.5;7438.5;1453.5;5985.0;6943.5;3240.5;3703.0
1045;Totaal;Zeeuwsch-Vlaanderen (CR);2006;107635.0;53283.5;54351.5;40947.5;22419.0;18528.5;52092.5;26065.5;26027.0;7427.0;1461.5;5965.5;7168.0;3337.5;3830.5
1046;Totaal;Zeeuwsch-Vlaanderen (CR);2007;107471.5;53257.0;54214.5;40995.0;22489.5;18505.5;51690.0;25867.0;25823.0;7420.0;1471.0;5949.0;7366.5;3429.5;3937.0
1047;Totaal;Zeeuwsch-Vlaanderen (CR);2008;107264.0;53179.0;54085.0;41041.5;22543.5;18498.0;51293.0;25666.5;25626.5;7385.0;1467.0;5918.0;7544.5;3502.0;4042.5
1048;Totaal;Zeeuwsch-Vlaanderen (CR);2009;107009.0;53064.0;53945.0;40903.0;22492.5;18410.5;50975.5;25502.0;25473.5;7346.5;1466.0;5880.5;7784.0;3603.5;4180.5
1049;Totaal;Zeeuwsch-Vlaanderen (CR);2010;106674.0;52927.5;53746.5;40653.5;22422.5;18231.0;50658.5;25334.5;25324.0;7368.0;1479.0;5889.0;7994.0;3691.5;4302.5
1050;Totaal;Zeeuwsch-Vlaanderen (CR);2011;106393.5;52815.5;53578.0;40627.0;22437.5;18189.5;50292.0;25153.5;25138.5;7387.0;1498.0;5889.0;8087.5;3726.5;4361.0
1051;Totaal;Zeeuwsch-Vlaanderen (CR);2012;106197.5;52712.0;53485.5;40756.0;22475.0;18281.0;49873.5;24952.5;24921.0;7342.5;1506.0;5836.5;8225.5;3778.5;4447.0
1052;Totaal;Zeeuwsch-Vlaanderen (CR);2013;106023.0;52623.5;53399.5;40960.5;22542.0;18418.5;49362.0;24696.5;24665.5;7271.0;1508.5;5762.5;8429.5;3876.5;4553.0
1053;Totaal;Zeeuwsch-Vlaanderen (CR);2014;105800.5;52498.5;53302.0;41078.5;22564.0;18514.5;48826.0;24430.0;24396.0;7241.5;1514.5;5727.0;8654.5;3990.0;4664.5
1054;Totaal;Zeeuwsch-Vlaanderen (CR);2015;105676.0;52446.5;53229.5;41266.0;22667.0;18599.0;48366.5;24210.5;24156.0;7210.0;1519.0;5691.0;8833.5;4050.0;4783.5
1055;Totaal;Zeeuwsch-Vlaanderen (CR);2016;105654.5;52468.0;53186.5;41571.5;22834.5;18737.0;47979.5;24015.5;23964.0;7149.5;1520.5;5629.0;8954.0;4097.5;4856.5
1056;Totaal;Overig Zeeland (CR);1995;259526.0;128572.5;130953.5;106199.5;57516.5;48683.0;126468.0;63189.0;63279.0;15854.5;3023.0;12831.5;11004.0;4844.0;6160.0
1057;Totaal;Overig Zeeland (CR);1996;260880.5;129195.5;131685.0;106734.5;57796.0;48938.5;126765.0;63321.5;63443.5;15908.0;3026.5;12881.5;11472.5;5051.5;6421.0
1058;Totaal;Overig Zeeland (CR);1997;262035.0;129760.0;132275.0;107274.5;58100.5;49174.0;126826.0;63347.5;63478.5;15985.5;3032.5;12953.0;11949.0;5279.5;6669.5
1059;Totaal;Overig Zeeland (CR);1998;263094.0;130302.0;132792.0;107686.0;58322.5;49363.5;127028.5;63481.5;63547.0;15875.5;3028.0;12847.5;12504.0;5470.0;7034.0
1060;Totaal;Overig Zeeland (CR);1999;264148.5;130772.0;133376.5;108065.5;58466.0;49599.5;127221.5;63604.0;63617.5;15910.5;3044.0;12866.5;12951.0;5658.0;7293.0
1061;Totaal;Overig Zeeland (CR);2000;266038.0;131720.0;134318.0;109110.0;59021.5;50088.5;127520.0;63761.5;63758.5;16092.0;3057.0;13035.0;13316.0;5880.0;7436.0
1062;Totaal;Overig Zeeland (CR);2001;268222.0;132809.0;135413.0;110568.0;59775.5;50792.5;127596.0;63800.5;63795.5;16102.0;3047.0;13055.0;13956.0;6186.0;7770.0
1063;Totaal;Overig Zeeland (CR);2002;269631.0;133505.5;136125.5;111657.0;60328.5;51328.5;127348.5;63671.5;63677.0;16109.5;3068.5;13041.0;14516.0;6437.0;8079.0
1064;Totaal;Overig Zeeland (CR);2003;270626.5;134100.0;136526.5;112403.0;60767.0;51636.0;127285.0;63646.0;63639.0;16099.0;3116.0;12983.0;14839.5;6571.0;8268.5
1065;Totaal;Overig Zeeland (CR);2004;271636.0;134592.0;137044.0;113167.5;61118.0;52049.5;127243.0;63633.5;63609.5;16088.0;3139.5;12948.5;15137.5;6701.0;8436.5
1066;Totaal;Overig Zeeland (CR);2005;272325.5;134855.5;137470.0;113889.0;61429.0;52460.0;126856.5;63452.0;63404.5;16110.5;3152.0;12958.5;15469.5;6822.5;8647.0
1067;Totaal;Overig Zeeland (CR);2006;272706.5;135063.0;137643.5;114480.5;61754.0;52726.5;126238.5;63157.0;63081.5;16097.5;3160.5;12937.0;15890.0;6991.5;8898.5
1068;Totaal;Overig Zeeland (CR);2007;273069.5;135313.5;137756.0;114908.5;62016.5;52892.0;125881.0;62982.0;62899.0;16013.0;3165.0;12848.0;16267.0;7150.0;9117.0
1069;Totaal;Overig Zeeland (CR);2008;273520.5;135631.5;137889.0;115201.5;62213.5;52988.0;125749.0;62921.5;62827.5;15983.0;3206.0;12777.0;16587.0;7290.5;9296.5
1070;Totaal;Overig Zeeland (CR);2009;274187.5;136010.5;138177.0;114898.0;62082.0;52816.0;125747.0;62931.5;62815.5;16017.5;3254.5;12763.0;17525.0;7742.5;9782.5
1071;Totaal;Overig Zeeland (CR);2010;274795.5;136256.5;138539.0;114590.5;61880.5;52710.0;125748.0;62925.5;62822.5;15998.0;3291.5;12706.5;18459.0;8159.0;10300.0
1072;Totaal;Overig Zeeland (CR);2011;275075.0;136367.0;138708.0;114783.0;61928.0;52855.0;125478.5;62775.0;62703.5;15964.5;3344.5;12620.0;18849.0;8319.5;10529.5
1073;Totaal;Overig Zeeland (CR);2012;275044.5;136319.5;138725.0;114789.5;61882.5;52907.0;125057.0;62547.0;62510.0;15946.0;3386.5;12559.5;19252.0;8503.5;10748.5
1074;Totaal;Overig Zeeland (CR);2013;274826.0;136154.5;138671.5;114840.0;61881.5;52958.5;124399.5;62204.5;62195.0;15934.0;3401.0;12533.0;19652.5;8667.5;10985.0
1075;Totaal;Overig Zeeland (CR);2014;274873.0;136197.5;138675.5;115089.5;62028.0;53061.5;123692.0;61839.5;61852.5;15929.0;3431.0;12498.0;20162.5;8899.0;11263.5
1076;Totaal;Overig Zeeland (CR);2015;275313.0;136470.0;138843.0;115613.5;62313.0;53300.5;123146.5;61563.0;61583.5;15878.0;3456.5;12421.5;20675.0;9137.5;11537.5
1077;Totaal;Overig Zeeland (CR);2016;275755.5;136758.0;138997.5;116082.5;62563.0;53519.5;122737.5;61376.5;61361.0;15808.5;3492.5;12316.0;21127.0;9326.0;11801.0
1078;Totaal;West-Noord-Brabant (CR);1995;581373.5;288342.5;293031.0;236811.5;126918.5;109893.0;287263.0;143667.5;143595.5;31787.0;6256.0;25531.0;25512.0;11500.5;14011.5
1079;Totaal;West-Noord-Brabant (CR);1996;584243.5;289670.5;294573.0;238724.5;127952.0;110772.5;286648.0;143370.5;143277.5;32203.0;6368.5;25834.5;26667.0;11979.5;14687.5
1080;Totaal;West-Noord-Brabant (CR);1997;579815.5;287352.0;292463.5;237709.0;127376.5;110332.5;282336.5;141234.5;141102.0;32179.5;6378.5;25801.0;27590.5;12362.5;15228.0
1081;Totaal;West-Noord-Brabant (CR);1998;583713.5;289325.5;294388.0;239960.5;128563.0;111397.5;282681.5;141465.5;141216.0;32175.5;6428.0;25747.5;28896.0;12869.0;16027.0
1082;Totaal;West-Noord-Brabant (CR);1999;588278.5;291526.5;296752.0;242515.5;129870.0;112645.5;283332.5;141816.0;141516.5;32475.5;6500.5;25975.0;29955.0;13340.0;16615.0
1083;Totaal;West-Noord-Brabant (CR);2000;593553.0;294079.5;299473.5;245742.5;131549.0;114193.5;283958.0;142115.5;141842.5;33052.5;6635.0;26417.5;30800.0;13780.0;17020.0
1084;Totaal;West-Noord-Brabant (CR);2001;598175.5;296448.0;301727.5;248971.0;133312.5;115658.5;283827.0;142070.5;141756.5;33320.0;6750.0;26570.0;32057.5;14315.0;17742.5
1085;Totaal;West-Noord-Brabant (CR);2002;601539.5;298010.0;303529.5;251591.5;134606.5;116985.0;283303.0;141822.0;141481.0;33548.0;6854.0;26694.0;33097.0;14727.5;18369.5
1086;Totaal;West-Noord-Brabant (CR);2003;603910.0;298960.0;304950.0;253742.5;135560.0;118182.5;282633.5;141478.0;141155.5;33729.0;6948.0;26781.0;33805.0;14974.0;18831.0
1087;Totaal;West-Noord-Brabant (CR);2004;605658.0;299628.0;306030.0;255808.5;136461.5;119347.0;281342.0;140828.5;140513.5;33877.0;7030.0;26847.0;34630.5;15308.0;19322.5
1088;Totaal;West-Noord-Brabant (CR);2005;607079.0;300144.0;306935.0;257952.0;137396.0;120556.0;279577.5;139955.5;139622.0;34011.5;7107.0;26904.5;35538.0;15685.5;19852.5
1089;Totaal;West-Noord-Brabant (CR);2006;608088.5;300508.0;307580.5;259710.5;138210.5;121500.0;277797.0;139083.0;138714.0;34137.5;7168.5;26969.0;36443.5;16046.0;20397.5
1090;Totaal;West-Noord-Brabant (CR);2007;608999.5;300879.5;308120.0;261341.0;138988.5;122352.5;275937.0;138155.5;137781.5;34263.5;7266.0;26997.5;37458.0;16469.5;20988.5
1091;Totaal;West-Noord-Brabant (CR);2008;610808.5;301778.5;309030.0;263527.5;140092.5;123435.0;274533.5;137446.0;137087.5;34314.5;7352.5;26962.0;38433.0;16887.5;21545.5
1092;Totaal;West-Noord-Brabant (CR);2009;613158.0;302980.0;310178.0;265050.5;140950.0;124100.5;273580.0;136947.5;136632.5;34395.5;7425.5;26970.0;40132.0;17657.0;22475.0
1093;Totaal;West-Noord-Brabant (CR);2010;615250.0;303999.5;311250.5;266369.0;141652.5;124716.5;272459.5;136384.5;136075.0;34588.5;7534.5;27054.0;41833.0;18428.0;23405.0
1094;Totaal;West-Noord-Brabant (CR);2011;617410.0;305091.0;312319.0;268564.5;142782.0;125782.5;271424.0;135888.5;135535.5;34730.5;7665.0;27065.5;42691.0;18755.5;23935.5
1095;Totaal;West-Noord-Brabant (CR);2012;619384.0;306215.5;313168.5;270699.0;143984.5;126714.5;270105.0;135236.5;134868.5;34894.0;7845.0;27049.0;43686.0;19149.5;24536.5
1096;Totaal;West-Noord-Brabant (CR);2013;621128.5;307267.5;313861.0;272932.5;145243.0;127689.5;268438.0;134388.5;134049.5;34995.5;7982.5;27013.0;44762.5;19653.5;25109.0
1097;Totaal;West-Noord-Brabant (CR);2014;622967.0;308340.0;314627.0;275294.5;146533.0;128761.5;266650.5;133487.0;133163.5;35022.5;8089.5;26933.0;45999.5;20230.5;25769.0
1098;Totaal;West-Noord-Brabant (CR);2015;624600.5;309328.5;315272.0;277504.5;147763.0;129741.5;264978.0;132658.5;132319.5;35016.5;8207.5;26809.0;47101.5;20699.5;26402.0
1099;Totaal;West-Noord-Brabant (CR);2016;626643.0;310644.5;315998.5;280003.5;149240.5;130763.0;263711.0;132015.0;131696.0;34982.5;8341.5;26641.0;47946.0;21047.5;26898.5
1100;Totaal;Midden-Noord-Brabant (CR);1995;457976.5;228823.5;229153.0;200042.5;107731.0;92311.5;216574.0;108314.0;108260.0;22923.5;4432.0;18491.5;18436.5;8346.5;10090.0
1101;Totaal;Midden-Noord-Brabant (CR);1996;454045.0;226805.5;227239.5;198285.5;106833.5;91452.0;213716.0;106870.5;106845.5;22890.5;4424.0;18466.5;19153.0;8677.5;10475.5
1102;Totaal;Midden-Noord-Brabant (CR);1997;427740.5;212987.5;214753.0;186765.5;100188.0;86577.5;199997.5;99994.5;100003.0;21968.0;4250.0;17718.0;19009.5;8555.0;10454.5
1103;Totaal;Midden-Noord-Brabant (CR);1998;432866.0;215447.0;217419.0;189851.0;101740.0;88111.0;201142.0;100577.0;100565.0;21958.5;4262.0;17696.5;19914.5;8868.0;11046.5
1104;Totaal;Midden-Noord-Brabant (CR);1999;438087.0;218017.5;220069.5;193150.0;103442.5;89707.5;202102.5;101064.0;101038.5;22089.5;4293.0;17796.5;20745.0;9218.0;11527.0
1105;Totaal;Midden-Noord-Brabant (CR);2000;442021.0;219912.5;222108.5;195631.0;104728.5;90902.5;202639.5;101326.5;101313.0;22375.0;4340.5;18034.5;21375.5;9517.0;11858.5
1106;Totaal;Midden-Noord-Brabant (CR);2001;445491.0;221624.0;223867.0;198078.0;105963.0;92115.0;202728.0;101382.0;101346.0;22493.5;4414.0;18079.5;22191.5;9865.0;12326.5
1107;Totaal;Midden-Noord-Brabant (CR);2002;447617.0;222649.5;224967.5;200088.5;106919.5;93169.0;202108.5;101083.5;101025.0;22592.5;4501.0;18091.5;22827.5;10145.5;12682.0
1108;Totaal;Midden-Noord-Brabant (CR);2003;449102.0;223328.5;225773.5;201867.5;107778.5;94089.0;201155.0;100598.5;100556.5;22734.5;4578.5;18156.0;23345.0;10373.0;12972.0
1109;Totaal;Midden-Noord-Brabant (CR);2004;450472.0;224017.5;226454.5;203597.5;108710.5;94887.0;200022.5;100013.0;100009.5;22923.5;4677.5;18246.0;23928.5;10616.5;13312.0
1110;Totaal;Midden-Noord-Brabant (CR);2005;451576.0;224611.0;226965.0;205119.5;109561.0;95558.5;198894.0;99443.0;99451.0;23046.5;4761.0;18285.5;24516.0;10846.0;13670.0
1111;Totaal;Midden-Noord-Brabant (CR);2006;452512.0;225163.0;227349.0;206433.0;110308.5;96124.5;197720.0;98875.5;98844.5;23120.5;4823.0;18297.5;25238.5;11156.0;14082.5
1112;Totaal;Midden-Noord-Brabant (CR);2007;453534.5;225775.0;227759.5;207660.5;111030.0;96630.5;196702.0;98376.0;98326.0;23214.5;4868.0;18346.5;25957.5;11501.0;14456.5
1113;Totaal;Midden-Noord-Brabant (CR);2008;455123.0;226690.0;228433.0;209364.0;111987.0;97377.0;195894.5;97974.5;97920.0;23285.5;4931.5;18354.0;26579.0;11797.0;14782.0
1114;Totaal;Midden-Noord-Brabant (CR);2009;456904.5;227637.5;229267.0;210546.5;112657.0;97889.5;195209.0;97631.5;97577.5;23378.0;5011.5;18366.5;27771.0;12337.5;15433.5
1115;Totaal;Midden-Noord-Brabant (CR);2010;458629.5;228404.5;230225.0;211443.0;113073.0;98370.0;194712.5;97375.5;97337.0;23545.5;5093.5;18452.0;28928.5;12862.5;16066.0
1116;Totaal;Midden-Noord-Brabant (CR);2011;460406.0;229192.5;231213.5;212956.5;113777.5;99179.0;194242.5;97129.5;97113.0;23698.0;5167.0;18531.0;29509.0;13118.5;16390.5
1117;Totaal;Midden-Noord-Brabant (CR);2012;462183.5;230127.0;232056.5;214593.0;114645.5;99947.5;193585.0;96801.5;96783.5;23838.5;5276.0;18562.5;30167.0;13404.0;16763.0
1118;Totaal;Midden-Noord-Brabant (CR);2013;464146.0;231186.0;232960.0;216609.5;115702.5;100907.0;192634.0;96328.5;96305.5;23968.0;5414.0;18554.0;30934.5;13741.0;17193.5
1119;Totaal;Midden-Noord-Brabant (CR);2014;465968.5;232113.0;233855.5;218597.5;116700.5;101897.0;191544.0;95783.5;95760.5;24064.5;5526.5;18538.0;31762.5;14102.5;17660.0
1120;Totaal;Midden-Noord-Brabant (CR);2015;467933.5;233180.5;234753.0;220436.5;117671.0;102765.5;190782.5;95435.5;95347.0;24114.0;5636.0;18478.0;32600.5;14438.0;18162.5
1121;Totaal;Midden-Noord-Brabant (CR);2016;470460.5;234557.0;235903.5;222419.0;118782.5;103636.5;190539.5;95333.5;95206.0;24168.0;5721.0;18447.0;33334.0;14720.0;18614.0
1122;Totaal;Noordoost-Noord-Brabant (CR);1995;564789.5;282337.0;282452.5;246141.5;132381.0;113760.5;270142.0;135086.0;135056.0;26725.0;5177.5;21547.5;21781.0;9692.5;12088.5
1123;Totaal;Noordoost-Noord-Brabant (CR);1996;574917.5;287419.5;287498.0;251158.5;135128.5;116030.0;273487.0;136752.0;136735.0;27378.0;5353.0;22025.0;22894.0;10186.0;12708.0
1124;Totaal;Noordoost-Noord-Brabant (CR);1997;606139.0;303467.0;302672.0;265064.5;143025.0;122039.5;287540.0;143795.5;143744.5;28840.5;5669.0;23171.5;24694.0;10977.5;13716.5
1125;Totaal;Noordoost-Noord-Brabant (CR);1998;609659.0;305314.0;304345.0;266518.5;143902.0;122616.5;288571.5;144357.5;144214.0;29006.0;5779.5;23226.5;25563.0;11275.0;14288.0
1126;Totaal;Noordoost-Noord-Brabant (CR);1999;613505.0;307310.0;306195.0;268265.5;144907.0;123358.5;289647.0;144900.0;144747.0;29285.0;5913.0;23372.0;26307.5;11590.0;14717.5
1127;Totaal;Noordoost-Noord-Brabant (CR);2000;618202.5;309638.5;308564.0;270911.0;146309.0;124602.0;290373.0;145255.0;145118.0;29771.5;6056.5;23715.0;27147.0;12018.0;15129.0
1128;Totaal;Noordoost-Noord-Brabant (CR);2001;622795.5;311889.0;310906.5;273931.5;147864.5;126067.0;290474.5;145314.5;145160.0;30075.5;6169.5;23906.0;28314.0;12540.5;15773.5
1129;Totaal;Noordoost-Noord-Brabant (CR);2002;625436.5;312994.0;312442.5;275897.0;148721.5;127175.5;289936.0;145039.0;144897.0;30345.5;6315.0;24030.5;29258.0;12918.5;16339.5
1130;Totaal;Noordoost-Noord-Brabant (CR);2003;626610.0;313338.0;313272.0;276801.0;149023.0;127778.0;289296.0;144693.5;144602.5;30571.0;6456.5;24114.5;29942.0;13165.0;16777.0
1131;Totaal;Noordoost-Noord-Brabant (CR);2004;627285.0;313482.0;313803.0;277588.0;149309.5;128278.5;288178.0;144124.5;144053.5;30803.0;6571.5;24231.5;30716.0;13476.5;17239.5
1132;Totaal;Noordoost-Noord-Brabant (CR);2005;627896.0;313615.0;314281.0;278462.0;149665.5;128796.5;286693.5;143400.0;143293.5;31080.5;6686.0;24394.5;31660.0;13863.5;17796.5
1133;Totaal;Noordoost-Noord-Brabant (CR);2006;629001.5;314061.0;314940.5;279719.5;150275.0;129444.5;285348.0;142737.5;142610.5;31356.5;6806.5;24550.0;32577.5;14242.0;18335.5
1134;Totaal;Noordoost-Noord-Brabant (CR);2007;630390.5;314778.5;315612.0;281182.5;151047.0;130135.5;284079.0;142120.5;141958.5;31610.5;6957.5;24653.0;33518.5;14653.5;18865.0
1135;Totaal;Noordoost-Noord-Brabant (CR);2008;632453.0;315890.5;316562.5;282972.0;152023.0;130949.0;283190.5;141696.0;141494.5;31836.0;7103.0;24733.0;34454.5;15068.5;19386.0
1136;Totaal;Noordoost-Noord-Brabant (CR);2009;635349.0;317344.5;318004.5;284428.0;152843.5;131584.5;282509.5;141354.0;141155.5;32094.0;7232.0;24862.0;36317.5;15915.0;20402.5
1137;Totaal;Noordoost-Noord-Brabant (CR);2010;638297.5;318832.0;319465.5;285886.0;153637.5;132248.5;281841.5;141023.5;140818.0;32362.5;7386.5;24976.0;38207.5;16784.5;21423.0
1138;Totaal;Noordoost-Noord-Brabant (CR);2011;640518.5;319877.0;320641.5;287751.5;154511.0;133240.5;280976.5;140587.0;140389.5;32615.5;7561.0;25054.5;39175.0;17218.0;21957.0
1139;Totaal;Noordoost-Noord-Brabant (CR);2012;642083.0;320596.0;321487.0;289231.5;155244.5;133987.0;279774.0;139974.5;139799.5;32833.5;7708.5;25125.0;40244.0;17668.5;22575.5
1140;Totaal;Noordoost-Noord-Brabant (CR);2013;643195.5;321288.0;321907.5;290580.5;156071.5;134509.0;278152.0;139151.5;139000.5;33109.5;7916.0;25193.5;41353.5;18149.0;23204.5
1141;Totaal;Noordoost-Noord-Brabant (CR);2014;644652.5;322215.0;322437.5;292280.0;157128.5;135151.5;276413.0;138269.5;138143.5;33411.0;8132.0;25279.0;42548.5;18685.0;23863.5
1142;Totaal;Noordoost-Noord-Brabant (CR);2015;646647.0;323308.0;323339.0;294236.5;158239.5;135997.0;274918.5;137512.5;137406.0;33635.0;8303.0;25332.0;43857.0;19253.0;24604.0
1143;Totaal;Noordoost-Noord-Brabant (CR);2016;649347.5;324770.5;324577.0;296614.5;159539.5;137075.0;273750.0;136947.0;136803.0;33841.0;8453.0;25388.0;45142.0;19831.0;25311.0
1144;Totaal;Zuidoost-Noord-Brabant (CR);1995;679176.0;341961.5;337214.5;288392.0;158346.0;130046.0;326428.5;163283.5;163145.0;33899.5;6592.0;27307.5;30456.0;13740.0;16716.0
1145;Totaal;Zuidoost-Noord-Brabant (CR);1996;684053.0;344277.5;339775.5;291505.5;160021.0;131484.5;326389.0;163238.5;163150.5;34354.0;6686.5;27667.5;31804.0;14331.0;17473.0
1146;Totaal;Zuidoost-Noord-Brabant (CR);1997;697983.0;351196.5;346786.5;298347.0;163742.0;134605.0;331164.0;165617.0;165547.0;35230.0;6867.0;28363.0;33242.0;14970.5;18271.5
1147;Totaal;Zuidoost-Noord-Brabant (CR);1998;702247.0;353135.0;349112.0;300936.0;165024.0;135912.0;331489.5;165774.0;165715.5;35266.0;6903.0;28363.0;34555.5;15434.0;19121.5
1148;Totaal;Zuidoost-Noord-Brabant (CR);1999;706986.0;355502.0;351484.0;303694.5;166510.5;137184.0;332198.5;166155.0;166043.5;35485.5;6994.5;28491.0;35607.5;15842.0;19765.5
1149;Totaal;Zuidoost-Noord-Brabant (CR);2000;711783.5;357974.0;353809.5;306637.5;168116.0;138521.5;332497.5;166374.0;166123.5;36021.0;7146.0;28875.0;36627.5;16338.0;20289.5
1150;Totaal;Zuidoost-Noord-Brabant (CR);2001;716657.5;360542.5;356115.0;310190.0;170075.0;140115.0;332144.0;166252.5;165891.5;36321.5;7279.5;29042.0;38002.0;16935.5;21066.5
1151;Totaal;Zuidoost-Noord-Brabant (CR);2002;721067.5;362900.0;358167.5;313829.0;172086.5;141742.5;331478.5;165930.5;165548.0;36545.5;7439.0;29106.5;39214.5;17444.0;21770.5
1152;Totaal;Zuidoost-Noord-Brabant (CR);2003;723974.0;364313.5;359660.5;316574.0;173483.5;143090.5;330420.5;165382.5;165038.0;36765.0;7594.0;29171.0;40214.5;17853.5;22361.0
1153;Totaal;Zuidoost-Noord-Brabant (CR);2004;725761.5;365064.0;360697.5;318617.0;174488.0;144129.0;328958.5;164621.5;164337.0;37045.0;7737.5;29307.5;41141.0;18217.0;22924.0
1154;Totaal;Zuidoost-Noord-Brabant (CR);2005;727101.5;365706.5;361395.0;320587.0;175544.0;145043.0;327170.5;163697.0;163473.5;37273.5;7874.0;29399.5;42070.5;18591.5;23479.0
1155;Totaal;Zuidoost-Noord-Brabant (CR);2006;727892.0;366248.5;361643.5;322307.0;176595.5;145711.5;325081.5;162642.0;162439.5;37460.5;7994.5;29466.0;43043.0;19016.5;24026.5
1156;Totaal;Zuidoost-Noord-Brabant (CR);2007;729010.0;366867.0;362143.0;324221.0;177689.5;146531.5;323204.5;161688.0;161516.5;37658.5;8124.5;29534.0;43926.0;19365.0;24561.0
1157;Totaal;Zuidoost-Noord-Brabant (CR);2008;731309.0;368132.5;363176.5;326925.5;179185.0;147740.5;321780.0;160972.0;160808.0;37792.0;8264.5;29527.5;44811.5;19711.0;25100.5
1158;Totaal;Zuidoost-Noord-Brabant (CR);2009;733947.5;369569.0;364378.5;328678.5;180209.0;148469.5;320561.5;160384.5;160177.0;37965.5;8406.0;29559.5;46742.0;20569.5;26172.5
1159;Totaal;Zuidoost-Noord-Brabant (CR);2010;737009.5;371302.5;365707.0;330565.0;181398.0;149167.0;319572.0;159908.5;159663.5;38184.5;8553.0;29631.5;48688.0;21443.0;27245.0
1160;Totaal;Zuidoost-Noord-Brabant (CR);2011;740616.0;373410.0;367206.0;333862.5;183377.0;150485.5;318584.5;159416.5;159168.0;38417.5;8716.5;29701.0;49751.5;21900.0;27851.5
1161;Totaal;Zuidoost-Noord-Brabant (CR);2012;743698.0;375064.5;368633.5;336884.0;185024.0;151860.0;317276.5;158766.0;158510.5;38575.5;8841.5;29734.0;50962.0;22433.0;28529.0
1162;Totaal;Zuidoost-Noord-Brabant (CR);2013;746672.5;376611.5;370061.0;340018.0;186675.5;153342.5;315758.5;158014.5;157744.0;38689.5;8949.0;29740.5;52206.5;22972.5;29234.0
1163;Totaal;Zuidoost-Noord-Brabant (CR);2014;750424.5;378594.0;371830.5;343915.5;188782.0;155133.5;314005.0;157139.0;156866.0;38924.0;9115.0;29809.0;53580.0;23558.0;30022.0
1164;Totaal;Zuidoost-Noord-Brabant (CR);2015;754569.0;380931.5;373637.5;348091.0;191138.0;156953.0;312359.5;156327.5;156032.0;39116.5;9266.0;29850.5;55002.0;24200.0;30802.0
1165;Totaal;Zuidoost-Noord-Brabant (CR);2016;759189.0;383607.5;375581.5;352479.0;193674.5;158804.5;311228.0;155781.0;155447.0;39213.5;9393.0;29820.5;56268.5;24759.0;31509.5
1166;Totaal;Noord-Limburg (CR);1995;268280.0;135252.0;133028.0;113220.5;62249.5;50971.0;131641.0;65894.0;65747.0;13706.0;2578.5;11127.5;9712.5;4530.0;5182.5
1167;Totaal;Noord-Limburg (CR);1996;269315.0;135664.0;133651.0;113727.5;62511.0;51216.5;131646.0;65866.0;65780.0;13868.5;2624.0;11244.5;10073.0;4663.0;5410.0
1168;Totaal;Noord-Limburg (CR);1997;270304.0;136056.5;134247.5;114099.5;62698.5;51401.0;131637.5;65841.0;65796.5;14085.0;2682.5;11402.5;10482.0;4834.5;5647.5
1169;Totaal;Noord-Limburg (CR);1998;271268.5;136522.5;134746.0;114275.5;62847.5;51428.0;131801.0;65941.0;65860.0;14218.0;2703.0;11515.0;10974.0;5031.0;5943.0
1170;Totaal;Noord-Limburg (CR);1999;272358.5;137035.0;135323.5;114539.0;63003.5;51535.5;132058.5;66088.5;65970.0;14356.5;2726.5;11630.0;11404.5;5216.5;6188.0
1171;Totaal;Noord-Limburg (CR);2000;273801.5;137754.0;136047.5;115141.5;63298.5;51843.0;132343.5;66235.0;66108.5;14489.5;2777.0;11712.5;11827.0;5443.5;6383.5
1172;Totaal;Noord-Limburg (CR);2001;275545.5;138689.0;136856.5;116165.5;63851.5;52314.0;132456.0;66289.5;66166.5;14573.5;2832.0;11741.5;12350.5;5716.0;6634.5
1173;Totaal;Noord-Limburg (CR);2002;277118.0;139497.5;137620.5;117344.0;64497.5;52846.5;132289.5;66202.5;66087.0;14648.0;2858.5;11789.5;12836.5;5939.0;6897.5
1174;Totaal;Noord-Limburg (CR);2003;277857.0;139811.0;138046.0;117958.0;64825.0;53133.0;131844.0;65962.5;65881.5;14770.5;2901.5;11869.0;13284.5;6122.0;7162.5
1175;Totaal;Noord-Limburg (CR);2004;278246.0;139852.0;138394.0;118361.0;64942.0;53419.0;131266.0;65668.5;65597.5;14918.5;2955.5;11963.0;13700.5;6286.0;7414.5
1176;Totaal;Noord-Limburg (CR);2005;278455.5;139850.0;138605.5;118750.0;65048.5;53701.5;130565.5;65327.0;65238.5;15026.5;3016.5;12010.0;14113.5;6458.0;7655.5
1177;Totaal;Noord-Limburg (CR);2006;278548.5;139820.5;138728.0;119065.0;65146.0;53919.0;129743.5;64929.0;64814.5;15148.0;3076.0;12072.0;14592.0;6669.5;7922.5
1178;Totaal;Noord-Limburg (CR);2007;278765.0;139851.5;138913.5;119502.0;65316.5;54185.5;128999.5;64564.0;64435.5;15213.0;3110.0;12103.0;15050.5;6861.0;8189.5
1179;Totaal;Noord-Limburg (CR);2008;279086.5;140006.0;139080.5;119958.5;65566.5;54392.0;128380.0;64254.0;64126.0;15249.5;3155.0;12094.5;15498.5;7030.5;8468.0
1180;Totaal;Noord-Limburg (CR);2009;279696.0;140335.5;139360.5;120119.0;65694.0;54425.0;127938.5;64034.5;63904.0;15324.0;3205.5;12118.5;16314.5;7401.5;8913.0
1181;Totaal;Noord-Limburg (CR);2010;280070.0;140503.5;139566.5;120231.5;65739.0;54492.5;127312.5;63705.0;63607.5;15448.5;3297.0;12151.5;17077.5;7762.5;9315.0
1182;Totaal;Noord-Limburg (CR);2011;280273.0;140586.5;139686.5;120583.0;65876.5;54706.5;126612.5;63339.0;63273.5;15585.5;3413.0;12172.5;17492.0;7958.0;9534.0
1183;Totaal;Noord-Limburg (CR);2012;280430.5;140706.5;139724.0;120885.5;66064.0;54821.5;125926.0;62987.0;62939.0;15662.0;3470.5;12191.5;17957.0;8185.0;9772.0
1184;Totaal;Noord-Limburg (CR);2013;280467.5;140747.0;139720.5;121265.5;66284.5;54981.0;125017.5;62533.0;62484.5;15748.0;3541.5;12206.5;18436.5;8388.0;10048.5
1185;Totaal;Noord-Limburg (CR);2014;280534.5;140842.5;139692.0;121688.0;66541.0;55147.0;124078.0;62063.0;62015.0;15835.5;3646.5;12189.0;18933.0;8592.0;10341.0
1186;Totaal;Noord-Limburg (CR);2015;280261.5;140736.0;139525.5;121905.5;66672.5;55233.0;123103.0;61557.0;61546.0;15872.5;3727.5;12145.0;19380.5;8779.0;10601.5
1187;Totaal;Noord-Limburg (CR);2016;280742.5;141035.5;139707.0;122690.0;67095.0;55595.0;122440.5;61232.0;61208.5;15897.0;3788.5;12108.5;19715.0;8920.0;10795.0
1188;Totaal;Midden-Limburg (CR);1995;215496.5;107844.0;107652.5;86895.0;47432.0;39463.0;108101.0;54060.5;54040.5;11702.5;2219.5;9483.0;8798.0;4132.0;4666.0
1189;Totaal;Midden-Limburg (CR);1996;216599.0;108394.0;108205.0;87462.0;47750.0;39712.0;108125.5;54080.0;54045.5;11859.0;2259.5;9599.5;9152.5;4304.5;4848.0
1190;Totaal;Midden-Limburg (CR);1997;217258.0;108692.0;108566.0;87763.0;47922.5;39840.5;107933.0;54003.0;53930.0;12032.0;2297.5;9734.5;9530.0;4469.0;5061.0
1191;Totaal;Midden-Limburg (CR);1998;218017.5;109129.5;108888.0;88088.5;48179.0;39909.5;107861.0;53986.0;53875.0;12119.0;2334.5;9784.5;9949.0;4630.0;5319.0
1192;Totaal;Midden-Limburg (CR);1999;218861.0;109612.0;109249.0;88457.0;48435.0;40022.0;107911.5;54013.0;53898.5;12206.5;2385.0;9821.5;10286.0;4779.0;5507.0
1193;Totaal;Midden-Limburg (CR);2000;219746.0;110059.5;109686.5;88933.5;48716.5;40217.0;107937.0;54022.0;53915.0;12370.0;2444.5;9925.5;10505.5;4876.5;5629.0
1194;Totaal;Midden-Limburg (CR);2001;220453.5;110367.5;110086.0;89410.0;48992.5;40417.5;107726.5;53914.5;53812.0;12487.5;2480.5;10007.0;10829.5;4980.0;5849.5
1195;Totaal;Midden-Limburg (CR);2002;220919.5;110527.0;110392.5;89871.0;49226.5;40644.5;107284.5;53684.5;53600.0;12585.0;2498.5;10086.5;11179.0;5117.5;6061.5
1196;Totaal;Midden-Limburg (CR);2003;233933.5;116988.5;116945.0;95026.5;52065.0;42961.5;113372.5;56723.0;56649.5;13469.5;2682.0;10787.5;12065.0;5518.5;6546.5
1197;Totaal;Midden-Limburg (CR);2004;234016.5;116949.5;117067.0;95401.0;52199.0;43202.0;112680.5;56382.5;56298.0;13573.0;2726.5;10846.5;12362.0;5641.5;6720.5
1198;Totaal;Midden-Limburg (CR);2005;234213.5;116922.5;117291.0;95787.5;52284.5;43503.0;112025.5;56059.0;55966.5;13686.0;2768.0;10918.0;12714.5;5811.0;6903.5
1199;Totaal;Midden-Limburg (CR);2006;234226.5;116921.0;117305.5;96091.0;52437.0;43654.0;111215.5;55647.5;55568.0;13769.5;2818.0;10951.5;13150.5;6018.5;7132.0
1200;Totaal;Midden-Limburg (CR);2007;234135.0;116877.0;117258.0;96333.5;52590.0;43743.5;110350.5;55203.0;55147.5;13865.0;2863.5;11001.5;13586.0;6220.5;7365.5
1201;Totaal;Midden-Limburg (CR);2008;234191.5;116868.5;117323.0;96574.5;52699.5;43875.0;109751.0;54904.5;54846.5;13942.5;2901.5;11041.0;13923.5;6363.0;7560.5
1202;Totaal;Midden-Limburg (CR);2009;234622.0;117166.5;117455.5;96676.5;52825.5;43851.0;109207.0;54651.0;54556.0;14049.5;2955.5;11094.0;14689.0;6734.5;7954.5
1203;Totaal;Midden-Limburg (CR);2010;235045.5;117477.0;117568.5;96734.5;52930.0;43804.5;108579.0;54355.5;54223.5;14177.0;3030.5;11146.5;15555.0;7161.0;8394.0
1204;Totaal;Midden-Limburg (CR);2011;235314.5;117629.0;117685.5;97049.5;53093.0;43956.5;107904.0;54026.5;53877.5;14290.5;3107.5;11183.0;16070.5;7402.0;8668.5
1205;Totaal;Midden-Limburg (CR);2012;235495.5;117727.0;117768.5;97459.0;53295.5;44163.5;107108.0;53628.5;53479.5;14386.0;3181.0;11205.0;16542.5;7622.0;8920.5
1206;Totaal;Midden-Limburg (CR);2013;235454.0;117704.5;117749.5;97839.0;53502.5;44336.5;106151.0;53148.5;53002.5;14493.0;3242.0;11251.0;16971.0;7811.5;9159.5
1207;Totaal;Midden-Limburg (CR);2014;235343.0;117644.5;117698.5;98186.5;53672.5;44514.0;105151.5;52657.5;52494.0;14607.0;3300.5;11306.5;17398.0;8014.0;9384.0
1208;Totaal;Midden-Limburg (CR);2015;235390.0;117703.0;117687.0;98733.0;53965.5;44767.5;104171.5;52166.5;52005.0;14690.0;3371.0;11319.0;17795.5;8200.0;9595.5
1209;Totaal;Midden-Limburg (CR);2016;235712.0;117972.0;117740.0;99557.5;54493.0;45064.5;103168.0;51679.0;51489.0;14783.5;3434.5;11349.0;18203.0;8365.5;9837.5
1210;Totaal;Zuid-Limburg (CR);1995;648083.0;319426.0;328657.0;251913.0;136033.5;115879.5;320354.0;160247.5;160106.5;41609.0;7480.5;34128.5;34207.0;15664.5;18542.5
1211;Totaal;Zuid-Limburg (CR);1996;649020.0;319919.0;329101.0;253125.0;136753.5;116371.5;318480.0;159323.0;159157.0;41918.5;7622.5;34296.0;35496.5;16220.0;19276.5
1212;Totaal;Zuid-Limburg (CR);1997;649505.0;320079.5;329425.5;254379.0;137398.0;116981.0;316249.5;158196.0;158053.5;42235.5;7790.0;34445.5;36641.0;16695.5;19945.5
1213;Totaal;Zuid-Limburg (CR);1998;649332.5;319855.0;329477.5;255179.5;137757.0;117422.5;314218.0;157182.0;157036.0;42037.0;7837.5;34199.5;37898.0;17078.5;20819.5
1214;Totaal;Zuid-Limburg (CR);1999;649027.5;319563.0;329464.5;255652.5;137935.5;117717.0;312396.5;156301.0;156095.5;42175.5;7886.0;34289.5;38803.0;17440.5;21362.5
1215;Totaal;Zuid-Limburg (CR);2000;648388.0;319203.5;329184.5;256213.5;138190.0;118023.5;310137.5;155212.5;154925.0;42640.5;7989.0;34651.5;39414.5;17830.0;21584.5
1216;Totaal;Zuid-Limburg (CR);2001;646988.5;318539.0;328449.5;256897.0;138566.5;118330.5;306851.0;153583.0;153268.0;42699.0;8070.0;34629.0;40541.5;18319.5;22222.0
1217;Totaal;Zuid-Limburg (CR);2002;644555.0;317346.0;327209.0;256997.0;138617.0;118380.0;303278.5;151791.0;151487.5;42633.5;8138.0;34495.5;41646.0;18800.0;22846.0
1218;Totaal;Zuid-Limburg (CR);2003;628821.5;309493.5;319328.0;251998.0;135850.0;116148.0;293124.0;146719.5;146404.5;41707.0;8028.0;33679.0;41992.5;18896.0;23096.5
1219;Totaal;Zuid-Limburg (CR);2004;625752.5;307921.5;317831.0;252056.0;135894.0;116162.0;289121.0;144696.0;144425.0;41657.0;8086.5;33570.5;42918.5;19245.0;23673.5
1220;Totaal;Zuid-Limburg (CR);2005;621647.5;305725.5;315922.0;251383.5;135469.0;115914.5;284829.5;142532.0;142297.5;41610.5;8126.0;33484.5;43824.0;19598.5;24225.5
1221;Totaal;Zuid-Limburg (CR);2006;617096.5;303265.0;313831.5;250260.5;134718.0;115542.5;280690.0;140458.5;140231.5;41499.5;8160.0;33339.5;44646.5;19928.5;24718.0
1222;Totaal;Zuid-Limburg (CR);2007;612855.0;301016.0;311839.0;249100.0;134005.0;115095.0;276938.0;138584.0;138354.0;41426.0;8220.5;33205.5;45391.0;20206.5;25184.5
1223;Totaal;Zuid-Limburg (CR);2008;609876.5;299561.0;310315.5;248676.5;133783.0;114893.5;273585.0;136911.0;136674.0;41377.0;8316.5;33060.5;46238.0;20550.5;25687.5
1224;Totaal;Zuid-Limburg (CR);2009;608334.5;298931.0;309403.5;248555.0;133731.0;114824.0;270645.5;135442.5;135203.0;41255.0;8431.5;32823.5;47879.0;21326.0;26553.0
1225;Totaal;Zuid-Limburg (CR);2010;607548.5;298637.5;308911.0;248993.5;133936.5;115057.0;267837.0;134045.5;133791.5;41157.5;8524.0;32633.5;49560.5;22131.5;27429.0
1226;Totaal;Zuid-Limburg (CR);2011;607263.5;298547.5;308716.0;250681.5;134717.5;115964.0;265193.0;132727.5;132465.5;41019.5;8599.5;32420.0;50369.5;22503.0;27866.5
1227;Totaal;Zuid-Limburg (CR);2012;606557.0;298241.0;308316.0;252176.0;135409.5;116766.5;262388.5;131314.5;131074.0;40813.5;8681.0;32132.5;51179.0;22836.0;28343.0
1228;Totaal;Zuid-Limburg (CR);2013;605027.0;297523.0;307504.0;253273.5;135894.5;117379.0;258968.5;129587.0;129381.5;40601.0;8791.0;31810.0;52184.0;23250.5;28933.5
1229;Totaal;Zuid-Limburg (CR);2014;603096.0;296582.0;306514.0;254083.0;136182.5;117900.5;255321.0;127755.0;127566.0;40446.5;8921.5;31525.0;53245.5;23723.0;29522.5
1230;Totaal;Zuid-Limburg (CR);2015;601449.0;295824.5;305624.5;255028.5;136638.0;118390.5;251934.5;126060.0;125874.5;40305.0;9022.0;31283.0;54181.0;24104.5;30076.5
1231;Totaal;Zuid-Limburg (CR);2016;600448.5;295455.5;304993.0;256341.0;137324.5;119016.5;249002.0;124610.5;124391.5;40187.0;9125.5;31061.5;54918.5;24395.0;30523.5
1232;Totaal;Flevoland (CR);1995;267584.0;133866.0;133718.0;121541.0;64761.0;56780.0;122687.0;61284.5;61402.5;9284.5;1791.0;7493.5;14071.5;6029.5;8042.0
1233;Totaal;Flevoland (CR);1996;277157.5;138543.0;138614.5;126643.5;67380.0;59263.5;125767.0;62831.0;62936.0;9662.5;1873.5;7789.0;15084.5;6458.5;8626.0
1234;Totaal;Flevoland (CR);1997;287379.0;143617.0;143762.0;132118.0;70226.5;61891.5;129200.0;64557.0;64643.0;10007.0;1971.0;8036.0;16054.0;6862.5;9191.5
1235;Totaal;Flevoland (CR);1998;299877.0;149867.5;150009.5;138697.5;73668.0;65029.5;133677.5;66813.5;66864.0;10105.0;2021.5;8083.5;17397.0;7364.5;10032.5
1236;Totaal;Flevoland (CR);1999;311837.0;155876.0;155961.0;144934.5;76946.0;67988.5;138066.0;69040.5;69025.5;10372.5;2072.0;8300.5;18464.0;7817.5;10646.5
1237;Totaal;Flevoland (CR);2000;323071.0;161573.5;161497.5;151109.0;80199.5;70909.5;141822.0;70925.5;70896.5;10862.5;2166.0;8696.5;19277.5;8282.5;10995.0
1238;Totaal;Flevoland (CR);2001;335328.5;167883.0;167445.5;158295.5;84066.0;74229.5;145441.5;72740.0;72701.5;11121.5;2252.5;8869.0;20470.0;8824.5;11645.5
1239;Totaal;Flevoland (CR);2002;346700.5;173728.5;172972.0;165158.0;87779.5;77378.5;148520.5;74303.5;74217.0;11392.5;2337.0;9055.5;21629.5;9308.5;12321.0
1240;Totaal;Flevoland (CR);2003;355792.0;178196.5;177595.5;170597.5;90588.0;80009.5;150847.5;75483.0;75364.5;11711.0;2404.0;9307.0;22636.0;9721.5;12914.5
1241;Totaal;Flevoland (CR);2004;362881.5;181538.5;181343.0;174949.5;92739.5;82210.0;152443.5;76281.5;76162.0;11965.5;2465.0;9500.5;23523.0;10052.5;13470.5
1242;Totaal;Flevoland (CR);2005;368257.5;184027.5;184230.0;178337.0;94382.5;83954.5;153509.5;76817.0;76692.5;12129.5;2514.5;9615.0;24281.5;10313.5;13968.0
1243;Totaal;Flevoland (CR);2006;372540.0;186050.0;186490.0;181003.5;95720.5;85283.0;154277.5;77196.0;77081.5;12298.5;2559.0;9739.5;24960.5;10574.5;14386.0
1244;Totaal;Flevoland (CR);2007;376556.0;188075.5;188480.5;183518.0;97092.5;86425.5;154958.5;77519.0;77439.5;12468.0;2622.5;9845.5;25611.5;10841.5;14770.0
1245;Totaal;Flevoland (CR);2008;381068.5;190541.5;190527.0;186220.5;98645.0;87575.5;155990.0;78046.5;77943.5;12583.5;2710.5;9873.0;26274.5;11139.5;15135.0
1246;Totaal;Flevoland (CR);2009;385665.0;193048.5;192616.5;188247.5;99836.5;88411.0;157040.0;78607.0;78433.0;12701.5;2790.5;9911.0;27676.0;11814.5;15861.5
1247;Totaal;Flevoland (CR);2010;389924.0;195124.5;194799.5;190138.0;100763.5;89374.5;157915.5;79074.5;78841.0;12836.0;2859.5;9976.5;29034.5;12427.0;16607.5
1248;Totaal;Flevoland (CR);2011;393746.0;196923.5;196822.5;192456.5;101849.0;90607.5;158638.0;79459.5;79178.5;12999.5;2936.0;10063.5;29652.0;12679.0;16973.0
1249;Totaal;Flevoland (CR);2012;396983.0;198548.5;198434.5;194413.5;102867.0;91546.5;159046.0;79673.5;79372.5;13170.0;3007.0;10163.0;30353.5;13001.0;17352.5
1250;Totaal;Flevoland (CR);2013;399167.0;199632.0;199535.0;195699.5;103561.5;92138.0;159086.0;79693.5;79392.5;13292.5;3060.5;10232.0;31089.0;13316.5;17772.5
1251;Totaal;Flevoland (CR);2014;400842.0;200449.5;200392.5;196847.0;104173.5;92673.5;158733.5;79507.0;79226.5;13398.5;3107.5;10291.0;31863.0;13661.5;18201.5
1252;Totaal;Flevoland (CR);2015;402929.5;201553.0;201376.5;198385.0;105050.5;93334.5;158567.0;79383.0;79184.0;13477.5;3171.0;10306.5;32500.0;13948.5;18551.5
1253;Totaal;Flevoland (CR);2016;405943.0;203147.5;202795.5;200304.5;106175.5;94129.0;159108.5;79656.0;79452.5;13560.5;3208.5;10352.0;32969.5;14107.5;18862.0
1254;Totaal;Aa en Hunze;1995;;;;;;;;;;;;;;;
1255;Totaal;Aa en Hunze;1996;;;;;;;;;;;;;;;
1256;Totaal;Aa en Hunze;1997;;;;;;;;;;;;;;;
1257;Totaal;Aa en Hunze;1998;24778.5;12358.5;12420.0;9368.0;5163.0;4205.0;12893.0;6453.0;6440.0;1674.0;356.5;1317.5;843.5;386.0;457.5
1258;Totaal;Aa en Hunze;1999;24787.5;12345.5;12442.0;9364.5;5164.0;4200.5;12871.0;6436.5;6434.5;1678.5;347.0;1331.5;873.5;398.0;475.5
1259;Totaal;Aa en Hunze;2000;25016.0;12452.0;12564.0;9541.0;5252.0;4289.0;12873.5;6433.0;6440.5;1693.5;342.5;1351.0;908.0;424.5;483.5
1260;Totaal;Aa en Hunze;2001;25380.0;12644.5;12735.5;9797.5;5386.0;4411.5;12906.5;6449.0;6457.5;1703.0;345.0;1358.0;973.0;464.5;508.5
1261;Totaal;Aa en Hunze;2002;25428.5;12649.5;12779.0;9840.0;5392.5;4447.5;12854.5;6422.0;6432.5;1727.0;355.0;1372.0;1007.0;480.0;527.0
1262;Totaal;Aa en Hunze;2003;25261.5;12537.0;12724.5;9762.5;5333.5;4429.0;12727.0;6357.5;6369.5;1732.0;352.5;1379.5;1040.0;493.5;546.5
1263;Totaal;Aa en Hunze;2004;25273.5;12533.5;12740.0;9801.5;5347.0;4454.5;12664.5;6324.0;6340.5;1718.0;341.0;1377.0;1089.5;521.5;568.0
1264;Totaal;Aa en Hunze;2005;25418.0;12589.5;12828.5;9939.5;5412.5;4527.0;12637.0;6306.0;6331.0;1712.0;335.0;1377.0;1129.5;536.0;593.5
1265;Totaal;Aa en Hunze;2006;25535.0;12635.5;12899.5;10037.5;5458.0;4579.5;12624.0;6299.5;6324.5;1690.5;327.0;1363.5;1183.0;551.0;632.0
1266;Totaal;Aa en Hunze;2007;25580.5;12660.5;12920.0;10076.5;5480.0;4596.5;12605.5;6289.5;6316.0;1673.5;317.0;1356.5;1225.0;574.0;651.0
1267;Totaal;Aa en Hunze;2008;25636.5;12715.5;12921.0;10129.0;5521.5;4607.5;12586.5;6285.0;6301.5;1667.0;313.5;1353.5;1254.0;595.5;658.5
1268;Totaal;Aa en Hunze;2009;25619.0;12724.0;12895.0;10035.0;5480.5;4554.5;12537.5;6262.0;6275.5;1670.0;319.5;1350.5;1376.5;662.0;714.5
1269;Totaal;Aa en Hunze;2010;25674.0;12762.5;12911.5;10028.5;5491.5;4537.0;12450.5;6216.0;6234.5;1685.5;329.0;1356.5;1509.5;726.0;783.5
1270;Totaal;Aa en Hunze;2011;25761.5;12837.0;12924.5;10128.0;5577.5;4550.5;12392.0;6186.5;6205.5;1682.5;332.0;1350.5;1559.0;741.0;818.0
1271;Totaal;Aa en Hunze;2012;25639.5;12760.0;12879.5;10056.5;5527.5;4529.0;12307.0;6143.5;6163.5;1671.0;333.0;1338.0;1605.0;756.0;849.0
1272;Totaal;Aa en Hunze;2013;25449.0;12643.5;12805.5;9922.5;5436.5;4486.0;12212.0;6101.5;6110.5;1663.0;332.0;1331.0;1651.5;773.5;878.0
1273;Totaal;Aa en Hunze;2014;25280.0;12573.0;12707.0;9832.5;5403.0;4429.5;12101.5;6051.0;6050.5;1657.5;326.0;1331.5;1688.5;793.0;895.5
1274;Totaal;Aa en Hunze;2015;25223.0;12561.0;12662.0;9831.0;5417.0;4414.0;12011.5;6005.0;6006.5;1642.5;321.0;1321.5;1738.0;818.0;920.0
1275;Totaal;Aa en Hunze;2016;25264.5;12590.0;12674.5;9901.0;5453.5;4447.5;11943.0;5964.5;5978.5;1639.0;332.0;1307.0;1781.5;840.0;941.5
1276;Totaal;Aalburg;1995;11194.5;5647.0;5547.5;4957.0;2709.5;2247.5;5482.5;2743.5;2739.0;564.0;106.0;458.0;191.0;88.0;103.0
1277;Totaal;Aalburg;1996;11275.0;5686.5;5588.5;4983.0;2718.5;2264.5;5518.5;2764.0;2754.5;565.0;107.0;458.0;208.5;97.0;111.5
1278;Totaal;Aalburg;1997;11439.0;5755.0;5684.0;5031.5;2732.0;2299.5;5603.0;2803.0;2800.0;568.5;110.5;458.0;236.0;109.5;126.5
1279;Totaal;Aalburg;1998;11610.0;5845.0;5765.0;5083.5;2764.0;2319.5;5696.0;2846.0;2850.0;574.5;115.5;459.0;256.0;119.5;136.5
1280;Totaal;Aalburg;1999;11732.5;5905.5;5827.0;5122.5;2786.0;2336.5;5768.5;2884.0;2884.5;580.0;114.5;465.5;261.5;121.0;140.5
1281;Totaal;Aalburg;2000;11851.0;5954.5;5896.5;5172.0;2807.0;2365.0;5829.0;2914.5;2914.5;586.0;111.5;474.5;264.0;121.5;142.5
1282;Totaal;Aalburg;2001;11967.0;6013.0;5954.0;5224.5;2832.5;2392.0;5885.0;2943.0;2942.0;582.0;110.0;472.0;275.5;127.5;148.0
1283;Totaal;Aalburg;2002;12046.5;6062.0;5984.5;5268.5;2857.5;2411.0;5918.5;2962.5;2956.0;572.5;110.0;462.5;287.0;132.0;155.0
1284;Totaal;Aalburg;2003;12145.5;6122.0;6023.5;5353.5;2908.0;2445.5;5922.0;2961.5;2960.5;569.5;113.5;456.0;300.5;139.0;161.5
1285;Totaal;Aalburg;2004;12184.0;6136.5;6047.5;5380.5;2922.0;2458.5;5913.0;2955.0;2958.0;574.0;115.5;458.5;316.5;144.0;172.5
1286;Totaal;Aalburg;2005;12193.0;6130.0;6063.0;5381.0;2912.5;2468.5;5906.0;2952.5;2953.5;578.0;118.5;459.5;328.0;146.5;181.5
1287;Totaal;Aalburg;2006;12257.5;6147.0;6110.5;5399.0;2907.0;2492.0;5938.5;2968.5;2970.0;582.0;121.0;461.0;338.0;150.5;187.5
1288;Totaal;Aalburg;2007;12339.5;6185.0;6154.5;5405.5;2910.5;2495.0;5999.0;2999.5;2999.5;588.0;120.5;467.5;347.0;154.5;192.5
1289;Totaal;Aalburg;2008;12471.0;6262.5;6208.5;5450.0;2946.5;2503.5;6068.0;3033.5;3034.5;593.0;119.0;474.0;360.0;163.5;196.5
1290;Totaal;Aalburg;2009;12585.0;6311.5;6273.5;5469.5;2956.0;2513.5;6128.0;3063.0;3065.0;606.0;117.0;489.0;381.5;175.5;206.0
1291;Totaal;Aalburg;2010;12649.5;6342.5;6307.0;5475.0;2959.0;2516.0;6146.5;3072.0;3074.5;616.5;121.0;495.5;411.5;190.5;221.0
1292;Totaal;Aalburg;2011;12717.0;6407.0;6310.0;5511.5;2996.0;2515.5;6173.0;3086.5;3086.5;608.0;124.5;483.5;424.5;200.0;224.5
1293;Totaal;Aalburg;2012;12761.5;6450.0;6311.5;5518.0;3010.5;2507.5;6197.5;3100.5;3097.0;607.0;127.0;480.0;439.0;212.0;227.0
1294;Totaal;Aalburg;2013;12810.0;6474.5;6335.5;5516.0;3009.0;2507.0;6199.0;3101.5;3097.5;617.5;129.5;488.0;477.5;234.5;243.0
1295;Totaal;Aalburg;2014;12884.0;6515.0;6369.0;5539.0;3026.0;2513.0;6203.0;3104.5;3098.5;630.0;135.0;495.0;512.0;249.5;262.5
1296;Totaal;Aalburg;2015;12980.0;6561.0;6419.0;5588.5;3055.0;2533.5;6207.0;3106.0;3101.0;646.0;143.0;503.0;538.5;257.0;281.5
1297;Totaal;Aalburg;2016;13052.5;6598.5;6454.0;5632.5;3080.0;2552.5;6217.0;3112.0;3105.0;643.5;146.0;497.5;559.5;260.5;299.0
1298;Totaal;Aalsmeer;1995;22088.0;11022.0;11066.0;9144.5;4954.5;4190.0;10927.5;5468.0;5459.5;1177.0;195.0;982.0;839.0;404.5;434.5
1299;Totaal;Aalsmeer;1996;22235.0;11102.5;11132.5;9237.0;5013.0;4224.0;10933.5;5474.0;5459.5;1193.5;197.5;996.0;871.0;418.0;453.0
1300;Totaal;Aalsmeer;1997;22442.0;11218.5;11223.5;9360.5;5097.0;4263.5;10982.5;5496.0;5486.5;1197.5;197.5;1000.0;901.5;428.0;473.5
1301;Totaal;Aalsmeer;1998;22556.5;11270.0;11286.5;9402.5;5127.5;4275.0;11020.0;5509.5;5510.5;1193.0;195.0;998.0;941.0;438.0;503.0
1302;Totaal;Aalsmeer;1999;22487.0;11233.0;11254.0;9332.0;5096.0;4236.0;10996.5;5498.0;5498.5;1199.5;197.5;1002.0;959.0;441.5;517.5
1303;Totaal;Aalsmeer;2000;22561.5;11258.0;11303.5;9342.0;5090.5;4251.5;11028.0;5515.5;5512.5;1216.0;202.0;1014.0;975.5;450.0;525.5
1304;Totaal;Aalsmeer;2001;22683.5;11297.5;11386.0;9405.5;5101.0;4304.5;11037.0;5522.0;5515.0;1230.0;210.5;1019.5;1011.0;464.0;547.0
1305;Totaal;Aalsmeer;2002;22812.5;11355.5;11457.0;9489.5;5138.0;4351.5;11028.0;5516.0;5512.0;1248.5;225.5;1023.0;1046.5;476.0;570.5
1306;Totaal;Aalsmeer;2003;22877.0;11379.5;11497.5;9539.0;5155.0;4384.0;10994.5;5499.5;5495.0;1266.0;234.5;1031.5;1077.5;490.5;587.0
1307;Totaal;Aalsmeer;2004;23105.5;11489.5;11616.0;9704.5;5233.0;4471.5;11008.0;5507.0;5501.0;1269.5;234.5;1035.0;1123.5;515.0;608.5
1308;Totaal;Aalsmeer;2005;23720.5;11802.5;11918.0;10086.0;5435.5;4650.5;11165.0;5583.5;5581.5;1276.5;237.0;1039.5;1193.0;546.5;646.5
1309;Totaal;Aalsmeer;2006;24582.0;12245.5;12336.5;10570.5;5699.0;4871.5;11440.5;5720.5;5720.0;1301.5;247.5;1054.0;1269.5;578.5;691.0
1310;Totaal;Aalsmeer;2007;25702.5;12787.5;12915.0;11243.0;6025.5;5217.5;11772.0;5887.0;5885.0;1325.0;253.5;1071.5;1362.5;621.5;741.0
1311;Totaal;Aalsmeer;2008;27196.0;13514.0;13682.0;12180.0;6481.5;5698.5;12216.5;6112.5;6104.0;1338.0;258.0;1080.0;1461.5;662.0;799.5
1312;Totaal;Aalsmeer;2009;28596.5;14200.0;14396.5;13026.0;6891.5;6134.5;12654.5;6330.5;6324.0;1347.0;268.0;1079.0;1569.0;710.0;859.0
1313;Totaal;Aalsmeer;2010;29688.0;14717.5;14970.5;13648.0;7179.5;6468.5;13007.5;6502.0;6505.5;1371.0;284.0;1087.0;1661.5;752.0;909.5
1314;Totaal;Aalsmeer;2011;30276.5;15002.0;15274.5;13993.0;7354.5;6638.5;13155.0;6571.5;6583.5;1404.0;303.5;1100.5;1724.5;772.5;952.0
1315;Totaal;Aalsmeer;2012;30491.0;15113.5;15377.5;14138.0;7433.5;6704.5;13137.0;6562.0;6575.0;1423.0;320.5;1102.5;1793.0;797.5;995.5
1316;Totaal;Aalsmeer;2013;30688.5;15200.0;15488.5;14284.0;7492.5;6791.5;13107.0;6549.5;6557.5;1445.5;332.0;1113.5;1852.0;826.0;1026.0
1317;Totaal;Aalsmeer;2014;30918.0;15298.0;15620.0;14433.0;7558.5;6874.5;13119.5;6554.0;6565.5;1474.0;340.5;1133.5;1891.5;845.0;1046.5
1318;Totaal;Aalsmeer;2015;31188.0;15425.5;15762.5;14586.5;7638.5;6948.0;13196.0;6589.0;6607.0;1483.5;339.5;1144.0;1922.0;858.5;1063.5
1319;Totaal;Aalsmeer;2016;31336.0;15496.5;15839.5;14685.0;7685.5;6999.5;13204.5;6596.5;6608.0;1477.5;332.0;1145.5;1969.0;882.5;1086.5
1320;Totaal;Aalten;1995;18507.5;9225.0;9282.5;7915.5;4296.0;3619.5;9062.0;4535.0;4527.0;1149.5;221.0;928.5;380.5;173.0;207.5
1321;Totaal;Aalten;1996;18592.0;9250.0;9342.0;7998.5;4340.5;3658.0;9021.0;4511.0;4510.0;1166.5;215.0;951.5;406.0;183.5;222.5
1322;Totaal;Aalten;1997;18710.0;9318.0;9392.0;8065.5;4389.5;3676.0;9047.5;4524.0;4523.5;1177.0;212.5;964.5;420.0;192.0;228.0
1323;Totaal;Aalten;1998;18747.5;9360.0;9387.5;8066.0;4411.5;3654.5;9070.5;4535.5;4535.0;1172.0;209.0;963.0;439.0;204.0;235.0
1324;Totaal;Aalten;1999;18706.0;9351.0;9355.0;8047.0;4414.0;3633.0;9027.5;4512.5;4515.0;1173.0;211.5;961.5;458.5;213.0;245.5
1325;Totaal;Aalten;2000;18736.0;9368.0;9368.0;8089.0;4428.5;3660.5;9000.5;4501.0;4499.5;1178.5;220.5;958.0;468.0;218.0;250.0
1326;Totaal;Aalten;2001;18792.0;9392.0;9400.0;8155.5;4454.5;3701.0;8978.0;4491.0;4487.0;1183.5;223.0;960.5;475.0;223.5;251.5
1327;Totaal;Aalten;2002;18833.0;9405.5;9427.5;8187.0;4473.5;3713.5;8967.0;4486.5;4480.5;1195.5;221.5;974.0;483.5;224.0;259.5
1328;Totaal;Aalten;2003;18926.5;9451.0;9475.5;8276.0;4525.5;3750.5;8938.0;4470.5;4467.5;1209.0;226.5;982.5;503.5;228.5;275.0
1329;Totaal;Aalten;2004;18966.5;9479.0;9487.5;8381.5;4584.0;3797.5;8840.5;4420.5;4420.0;1219.0;237.0;982.0;525.5;237.5;288.0
1330;Totaal;Aalten;2005;27461.0;13720.0;13741.0;11933.0;6531.5;5401.5;12928.5;6458.5;6470.0;1754.5;357.5;1397.0;845.0;372.5;472.5
1331;Totaal;Aalten;2006;27523.0;13762.5;13760.5;12033.5;6588.5;5445.0;12829.5;6411.0;6418.5;1764.0;371.5;1392.5;896.0;391.5;504.5
1332;Totaal;Aalten;2007;27569.0;13797.0;13772.0;12091.0;6628.5;5462.5;12784.5;6389.5;6395.0;1746.0;367.5;1378.5;947.5;411.5;536.0
1333;Totaal;Aalten;2008;27507.5;13784.0;13723.5;12070.5;6636.0;5434.5;12729.5;6362.0;6367.5;1722.5;357.0;1365.5;985.0;429.0;556.0
1334;Totaal;Aalten;2009;27473.5;13764.0;13709.5;12061.5;6621.5;5440.0;12645.0;6328.5;6316.5;1727.0;360.5;1366.5;1040.0;453.5;586.5
1335;Totaal;Aalten;2010;27469.5;13762.0;13707.5;12095.5;6637.0;5458.5;12550.5;6280.5;6270.0;1730.5;366.5;1364.0;1093.0;478.0;615.0
1336;Totaal;Aalten;2011;27372.0;13721.5;13650.5;12098.5;6647.5;5451.0;12421.0;6203.0;6218.0;1724.0;372.0;1352.0;1128.5;499.0;629.5
1337;Totaal;Aalten;2012;27193.5;13606.5;13587.0;12044.0;6601.5;5442.5;12270.5;6123.0;6147.5;1710.5;364.0;1346.5;1168.5;518.0;650.5
1338;Totaal;Aalten;2013;27047.5;13515.5;13532.0;11984.5;6556.5;5428.0;12146.0;6063.5;6082.5;1694.5;354.5;1340.0;1222.5;541.0;681.5
1339;Totaal;Aalten;2014;26958.5;13487.5;13471.0;11963.0;6560.0;5403.0;12027.0;6006.5;6020.5;1680.5;348.5;1332.0;1288.0;572.5;715.5
1340;Totaal;Aalten;2015;26908.0;13476.5;13431.5;11981.0;6586.0;5395.0;11907.5;5948.0;5959.5;1681.0;348.5;1332.5;1338.5;594.0;744.5
1341;Totaal;Aalten;2016;26979.5;13553.5;13426.0;12025.0;6632.5;5392.5;11887.0;5945.5;5941.5;1683.5;355.0;1328.5;1384.0;620.5;763.5
1342;Totaal;Ter Aar;1995;9289.5;4722.0;4567.5;4164.5;2261.5;1903.0;4616.5;2310.5;2306.0;336.0;71.5;264.5;172.5;78.5;94.0
1343;Totaal;Ter Aar;1996;9243.5;4683.0;4560.5;4113.5;2230.0;1883.5;4602.5;2303.0;2299.5;345.0;66.5;278.5;182.5;83.5;99.0
1344;Totaal;Ter Aar;1997;9184.0;4647.0;4537.0;4063.5;2203.0;1860.5;4575.0;2288.5;2286.5;349.5;65.0;284.5;196.0;90.5;105.5
1345;Totaal;Ter Aar;1998;9146.5;4623.0;4523.5;4041.5;2190.5;1851.0;4540.0;2269.5;2270.5;352.0;67.0;285.0;213.0;96.0;117.0
1346;Totaal;Ter Aar;1999;9102.0;4592.0;4510.0;4030.5;2176.5;1854.0;4491.0;2245.5;2245.5;355.5;68.0;287.5;225.0;102.0;123.0
1347;Totaal;Ter Aar;2000;9077.0;4585.5;4491.5;4025.0;2176.0;1849.0;4447.0;2225.0;2222.0;363.5;71.0;292.5;241.5;113.5;128.0
1348;Totaal;Ter Aar;2001;9081.5;4597.5;4484.0;4023.0;2187.0;1836.0;4429.0;2214.0;2215.0;373.5;73.5;300.0;256.0;123.0;133.0
1349;Totaal;Ter Aar;2002;9081.5;4602.5;4479.0;4030.5;2191.0;1839.5;4400.0;2201.5;2198.5;376.5;75.5;301.0;274.5;134.5;140.0
1350;Totaal;Ter Aar;2003;9045.0;4593.5;4451.5;4017.5;2187.0;1830.5;4352.0;2180.5;2171.5;373.0;77.0;296.0;302.5;149.0;153.5
1351;Totaal;Ter Aar;2004;9004.5;4582.0;4422.5;3983.5;2173.5;1810.0;4336.0;2173.0;2163.0;366.5;78.5;288.0;318.5;157.0;161.5
1352;Totaal;Ter Aar;2005;8993.5;4573.5;4420.0;3967.0;2165.5;1801.5;4321.5;2164.5;2157.0;380.5;85.5;295.0;324.5;158.0;166.5
1353;Totaal;Ter Aar;2006;8976.0;4559.5;4416.5;3963.0;2164.5;1798.5;4296.0;2149.0;2147.0;395.5;91.0;304.5;321.5;155.0;166.5
1354;Totaal;Ter Aar;2007;;;;;;;;;;;;;;;
1355;Totaal;Ter Aar;2008;;;;;;;;;;;;;;;
1356;Totaal;Ter Aar;2009;;;;;;;;;;;;;;;
1357;Totaal;Ter Aar;2010;;;;;;;;;;;;;;;
1358;Totaal;Ter Aar;2011;;;;;;;;;;;;;;;
1359;Totaal;Ter Aar;2012;;;;;;;;;;;;;;;
1360;Totaal;Ter Aar;2013;;;;;;;;;;;;;;;
1361;Totaal;Ter Aar;2014;;;;;;;;;;;;;;;
1362;Totaal;Ter Aar;2015;;;;;;;;;;;;;;;
1363;Totaal;Ter Aar;2016;;;;;;;;;;;;;;;
1364;Totaal;Aarle-Rixtel;1995;5896.5;2907.0;2989.5;2522.5;1289.5;1233.0;2978.5;1489.5;1489.0;259.5;60.0;199.5;136.0;68.0;68.0
1365;Totaal;Aarle-Rixtel;1996;5897.5;2902.5;2995.0;2524.5;1286.5;1238.0;2963.5;1484.0;1479.5;266.5;60.5;206.0;142.5;71.0;71.5
1366;Totaal;Aarle-Rixtel;1997;;;;;;;;;;;;;;;
1367;Totaal;Aarle-Rixtel;1998;;;;;;;;;;;;;;;
1368;Totaal;Aarle-Rixtel;1999;;;;;;;;;;;;;;;
1369;Totaal;Aarle-Rixtel;2000;;;;;;;;;;;;;;;
1370;Totaal;Aarle-Rixtel;2001;;;;;;;;;;;;;;;
1371;Totaal;Aarle-Rixtel;2002;;;;;;;;;;;;;;;
1372;Totaal;Aarle-Rixtel;2003;;;;;;;;;;;;;;;
1373;Totaal;Aarle-Rixtel;2004;;;;;;;;;;;;;;;
1374;Totaal;Aarle-Rixtel;2005;;;;;;;;;;;;;;;
1375;Totaal;Aarle-Rixtel;2006;;;;;;;;;;;;;;;
1376;Totaal;Aarle-Rixtel;2007;;;;;;;;;;;;;;;
1377;Totaal;Aarle-Rixtel;2008;;;;;;;;;;;;;;;
1378;Totaal;Aarle-Rixtel;2009;;;;;;;;;;;;;;;
1379;Totaal;Aarle-Rixtel;2010;;;;;;;;;;;;;;;
1380;Totaal;Aarle-Rixtel;2011;;;;;;;;;;;;;;;
1381;Totaal;Aarle-Rixtel;2012;;;;;;;;;;;;;;;
1382;Totaal;Aarle-Rixtel;2013;;;;;;;;;;;;;;;
1383;Totaal;Aarle-Rixtel;2014;;;;;;;;;;;;;;;
1384;Totaal;Aarle-Rixtel;2015;;;;;;;;;;;;;;;
1385;Totaal;Aarle-Rixtel;2016;;;;;;;;;;;;;;;
1386;Totaal;Abcoude;1995;8019.5;3942.0;4077.5;3439.0;1812.5;1626.5;3824.0;1911.0;1913.0;392.0;68.0;324.0;364.5;150.5;214.0
1387;Totaal;Abcoude;1996;8034.0;3947.0;4087.0;3446.5;1819.5;1627.0;3826.5;1912.0;1914.5;395.0;69.5;325.5;366.0;146.0;220.0
1388;Totaal;Abcoude;1997;8238.5;4051.0;4187.5;3579.5;1891.0;1688.5;3890.5;1944.5;1946.0;392.0;67.0;325.0;376.5;148.5;228.0
1389;Totaal;Abcoude;1998;8472.5;4157.0;4315.5;3708.5;1944.0;1764.5;3975.5;1989.5;1986.0;385.5;64.0;321.5;403.0;159.5;243.5
1390;Totaal;Abcoude;1999;8508.5;4163.5;4345.0;3708.5;1929.0;1779.5;3997.5;1999.0;1998.5;387.5;67.0;320.5;415.0;168.5;246.5
1391;Totaal;Abcoude;2000;8484.5;4154.5;4330.0;3706.5;1923.0;1783.5;3978.5;1987.5;1991.0;391.0;72.5;318.5;408.5;171.5;237.0
1392;Totaal;Abcoude;2001;8505.5;4171.5;4334.0;3740.0;1938.5;1801.5;3972.5;1985.0;1987.5;385.0;75.5;309.5;408.0;172.5;235.5
1393;Totaal;Abcoude;2002;8559.5;4191.0;4368.5;3774.0;1950.0;1824.0;3992.0;1993.0;1999.0;379.5;74.5;305.0;414.0;173.5;240.5
1394;Totaal;Abcoude;2003;8609.5;4213.0;4396.5;3797.0;1961.0;1836.0;4014.0;2002.0;2012.0;378.0;75.5;302.5;420.5;174.5;246.0
1395;Totaal;Abcoude;2004;8613.5;4224.5;4389.0;3804.0;1972.0;1832.0;4002.5;1998.0;2004.5;381.0;80.0;301.0;426.0;174.5;251.5
1396;Totaal;Abcoude;2005;8636.5;4244.0;4392.5;3828.5;1993.0;1835.5;3990.5;1993.0;1997.5;388.0;82.5;305.5;429.5;175.5;254.0
1397;Totaal;Abcoude;2006;8660.5;4263.0;4397.5;3854.5;2016.0;1838.5;3981.0;1986.0;1995.0;392.0;83.5;308.5;433.0;177.5;255.5
1398;Totaal;Abcoude;2007;8669.5;4271.0;4398.5;3878.5;2035.5;1843.0;3960.5;1972.5;1988.0;389.0;82.0;307.0;441.5;181.0;260.5
1399;Totaal;Abcoude;2008;8684.0;4272.5;4411.5;3910.0;2050.5;1859.5;3933.0;1957.0;1976.0;385.0;78.5;306.5;456.0;186.5;269.5
1400;Totaal;Abcoude;2009;8722.0;4278.5;4443.5;3930.5;2046.5;1884.0;3915.5;1949.5;1966.0;383.5;78.5;305.0;492.5;204.0;288.5
1401;Totaal;Abcoude;2010;8777.5;4304.5;4473.0;3965.0;2057.5;1907.5;3900.0;1943.5;1956.5;385.0;80.0;305.0;527.5;223.5;304.0
1402;Totaal;Abcoude;2011;;;;;;;;;;;;;;;
1403;Totaal;Abcoude;2012;;;;;;;;;;;;;;;
1404;Totaal;Abcoude;2013;;;;;;;;;;;;;;;
1405;Totaal;Abcoude;2014;;;;;;;;;;;;;;;
1406;Totaal;Abcoude;2015;;;;;;;;;;;;;;;
1407;Totaal;Abcoude;2016;;;;;;;;;;;;;;;
1408;Totaal;Achtkarspelen;1995;27979.5;14216.5;13763.0;12185.5;6810.5;5375.0;13468.0;6732.0;6736.0;1517.5;285.0;1232.5;808.5;389.0;419.5
1409;Totaal;Achtkarspelen;1996;28014.0;14217.5;13796.5;12194.5;6814.5;5380.0;13482.5;6738.5;6744.0;1513.0;269.5;1243.5;824.0;395.0;429.0
1410;Totaal;Achtkarspelen;1997;28062.5;14227.5;13835.0;12185.0;6803.0;5382.0;13502.0;6751.0;6751.0;1523.5;266.5;1257.0;852.0;407.0;445.0
1411;Totaal;Achtkarspelen;1998;28066.0;14248.0;13818.0;12144.5;6798.5;5346.0;13494.5;6749.0;6745.5;1516.0;269.0;1247.0;911.0;431.5;479.5
1412;Totaal;Achtkarspelen;1999;28029.0;14219.0;13810.0;12094.0;6765.5;5328.5;13469.5;6739.0;6730.5;1515.5;266.5;1249.0;950.0;448.0;502.0
1413;Totaal;Achtkarspelen;2000;28012.0;14176.0;13836.0;12065.0;6737.0;5328.0;13440.5;6722.5;6718.0;1535.0;264.0;1271.0;971.5;452.5;519.0
1414;Totaal;Achtkarspelen;2001;28029.0;14190.0;13839.0;12069.5;6753.5;5316.0;13400.0;6699.5;6700.5;1553.5;273.5;1280.0;1006.0;463.5;542.5
1415;Totaal;Achtkarspelen;2002;28073.5;14228.0;13845.5;12140.5;6803.0;5337.5;13326.0;6663.5;6662.5;1567.5;281.0;1286.5;1039.5;480.5;559.0
1416;Totaal;Achtkarspelen;2003;28129.0;14252.0;13877.0;12220.0;6839.0;5381.0;13269.0;6636.5;6632.5;1564.0;277.5;1286.5;1076.0;499.0;577.0
1417;Totaal;Achtkarspelen;2004;28145.0;14264.0;13881.0;12292.5;6874.5;5418.0;13190.0;6596.0;6594.0;1565.5;284.0;1281.5;1097.0;509.5;587.5
1418;Totaal;Achtkarspelen;2005;28178.5;14297.5;13881.0;12414.5;6944.5;5470.0;13081.5;6539.0;6542.5;1569.5;294.0;1275.5;1113.0;520.0;593.0
1419;Totaal;Achtkarspelen;2006;28183.0;14290.0;13893.0;12496.0;6975.0;5521.0;12985.5;6488.5;6497.0;1561.5;293.0;1268.5;1140.0;533.5;606.5
1420;Totaal;Achtkarspelen;2007;28115.5;14244.0;13871.5;12527.5;6982.5;5545.0;12873.0;6431.0;6442.0;1546.5;281.5;1265.0;1168.5;549.0;619.5
1421;Totaal;Achtkarspelen;2008;28113.5;14263.5;13850.0;12593.5;7037.5;5556.0;12780.5;6383.5;6397.0;1541.0;277.0;1264.0;1198.5;565.5;633.0
1422;Totaal;Achtkarspelen;2009;28113.5;14278.5;13835.0;12543.0;7027.0;5516.0;12687.0;6335.5;6351.5;1561.5;289.5;1272.0;1322.0;626.5;695.5
1423;Totaal;Achtkarspelen;2010;28105.5;14267.5;13838.0;12488.5;6988.5;5500.0;12594.0;6287.5;6306.5;1580.0;305.0;1275.0;1443.0;686.5;756.5
1424;Totaal;Achtkarspelen;2011;28107.0;14266.5;13840.5;12554.0;7011.0;5543.0;12502.0;6245.0;6257.0;1586.5;319.5;1267.0;1464.5;691.0;773.5
1425;Totaal;Achtkarspelen;2012;28100.5;14272.0;13828.5;12588.0;7032.0;5556.0;12424.0;6208.0;6216.0;1591.0;329.5;1261.5;1497.5;702.5;795.0
1426;Totaal;Achtkarspelen;2013;28063.0;14268.0;13795.0;12574.0;7032.5;5541.5;12351.0;6171.0;6180.0;1600.0;342.5;1257.5;1538.0;722.0;816.0
1427;Totaal;Achtkarspelen;2014;27999.5;14236.5;13763.0;12551.0;7014.5;5536.5;12254.0;6125.5;6128.5;1603.5;353.5;1250.0;1591.0;743.0;848.0
1428;Totaal;Achtkarspelen;2015;27995.0;14228.5;13766.5;12573.5;7017.5;5556.0;12161.0;6077.5;6083.5;1591.5;358.0;1233.5;1669.0;775.5;893.5
1429;Totaal;Achtkarspelen;2016;27950.0;14212.0;13738.0;12582.0;7023.5;5558.5;12042.0;6021.0;6021.0;1591.0;362.0;1229.0;1735.0;805.5;929.5
1430;Totaal;Akersloot;1995;4847.0;2486.5;2360.5;2000.5;1117.0;883.5;2552.5;1276.0;1276.5;170.0;36.0;134.0;124.0;57.5;66.5
1431;Totaal;Akersloot;1996;4828.5;2471.5;2357.0;1977.0;1100.0;877.0;2548.0;1273.5;1274.5;176.5;38.0;138.5;127.0;60.0;67.0
1432;Totaal;Akersloot;1997;4841.5;2468.0;2373.5;1992.0;1099.0;893.0;2536.0;1269.0;1267.0;183.0;38.0;145.0;130.5;62.0;68.5
1433;Totaal;Akersloot;1998;4851.0;2460.0;2391.0;2000.0;1091.0;909.0;2524.5;1264.0;1260.5;188.0;38.5;149.5;138.5;66.5;72.0
1434;Totaal;Akersloot;1999;4881.5;2466.5;2415.0;2024.5;1096.0;928.5;2513.5;1257.5;1256.0;190.5;37.5;153.0;153.0;75.5;77.5
1435;Totaal;Akersloot;2000;4960.0;2501.5;2458.5;2084.5;1124.0;960.5;2515.0;1258.5;1256.5;195.5;38.0;157.5;165.0;81.0;84.0
1436;Totaal;Akersloot;2001;5093.5;2570.0;2523.5;2163.0;1171.0;992.0;2553.0;1277.0;1276.0;206.5;42.5;164.0;171.0;79.5;91.5
1437;Totaal;Akersloot;2002;;;;;;;;;;;;;;;
1438;Totaal;Akersloot;2003;;;;;;;;;;;;;;;
1439;Totaal;Akersloot;2004;;;;;;;;;;;;;;;
1440;Totaal;Akersloot;2005;;;;;;;;;;;;;;;
1441;Totaal;Akersloot;2006;;;;;;;;;;;;;;;
1442;Totaal;Akersloot;2007;;;;;;;;;;;;;;;
1443;Totaal;Akersloot;2008;;;;;;;;;;;;;;;
1444;Totaal;Akersloot;2009;;;;;;;;;;;;;;;
1445;Totaal;Akersloot;2010;;;;;;;;;;;;;;;
1446;Totaal;Akersloot;2011;;;;;;;;;;;;;;;
1447;Totaal;Akersloot;2012;;;;;;;;;;;;;;;
1448;Totaal;Akersloot;2013;;;;;;;;;;;;;;;
1449;Totaal;Akersloot;2014;;;;;;;;;;;;;;;
1450;Totaal;Akersloot;2015;;;;;;;;;;;;;;;
1451;Totaal;Akersloot;2016;;;;;;;;;;;;;;;
1452;Totaal;Alblasserdam;1995;17651.0;8724.5;8926.5;6927.5;3786.5;3141.0;9097.5;4541.0;4556.5;1106.5;169.0;937.5;519.5;228.0;291.5
1453;Totaal;Alblasserdam;1996;17719.0;8755.0;8964.0;6978.0;3808.0;3170.0;9073.5;4531.5;4542.0;1133.5;184.0;949.5;534.0;231.5;302.5
1454;Totaal;Alblasserdam;1997;17791.0;8775.5;9015.5;7015.0;3816.5;3198.5;9067.5;4529.0;4538.5;1148.5;189.5;959.0;560.0;240.5;319.5
1455;Totaal;Alblasserdam;1998;17918.0;8819.0;9099.0;7071.5;3833.0;3238.5;9092.5;4541.0;4551.5;1161.0;191.0;970.0;593.0;254.0;339.0
1456;Totaal;Alblasserdam;1999;18109.5;8898.5;9211.0;7171.5;3878.0;3293.5;9150.0;4571.0;4579.0;1179.5;191.5;988.0;608.5;258.0;350.5
1457;Totaal;Alblasserdam;2000;18296.5;8973.0;9323.5;7280.5;3932.0;3348.5;9179.5;4579.0;4600.5;1206.0;193.0;1013.0;630.5;269.0;361.5
1458;Totaal;Alblasserdam;2001;18399.0;8993.5;9405.5;7367.0;3956.0;3411.0;9140.0;4554.5;4585.5;1220.0;195.5;1024.5;672.0;287.5;384.5
1459;Totaal;Alblasserdam;2002;18406.5;8976.5;9430.0;7389.5;3945.5;3444.0;9102.5;4536.0;4566.5;1217.0;198.5;1018.5;697.5;296.5;401.0
1460;Totaal;Alblasserdam;2003;18405.5;8978.0;9427.5;7412.5;3955.5;3457.0;9053.5;4515.5;4538.0;1219.5;204.0;1015.5;720.0;303.0;417.0
1461;Totaal;Alblasserdam;2004;18371.0;8950.5;9420.5;7455.0;3968.0;3487.0;8923.5;4454.5;4469.0;1235.0;216.0;1019.0;757.5;312.0;445.5
1462;Totaal;Alblasserdam;2005;18391.0;8948.0;9443.0;7494.0;3974.5;3519.5;8871.5;4428.5;4443.0;1238.0;225.5;1012.5;787.5;319.5;468.0
1463;Totaal;Alblasserdam;2006;18546.0;9042.5;9503.5;7591.0;4035.5;3555.5;8920.0;4454.5;4465.5;1231.0;228.5;1002.5;804.0;324.0;480.0
1464;Totaal;Alblasserdam;2007;18692.0;9118.5;9573.5;7705.5;4090.5;3615.0;8940.0;4467.5;4472.5;1220.0;229.0;991.0;826.5;331.5;495.0
1465;Totaal;Alblasserdam;2008;18778.5;9170.0;9608.5;7788.0;4122.5;3665.5;8950.5;4475.5;4475.0;1205.0;233.0;972.0;835.0;339.0;496.0
1466;Totaal;Alblasserdam;2009;18926.5;9256.5;9670.0;7851.0;4151.5;3699.5;9006.5;4506.5;4500.0;1188.0;231.0;957.0;881.0;367.5;513.5
1467;Totaal;Alblasserdam;2010;19111.0;9342.5;9768.5;7937.0;4191.5;3745.5;9037.0;4520.0;4517.0;1183.0;225.5;957.5;954.0;405.5;548.5
1468;Totaal;Alblasserdam;2011;19337.5;9445.0;9892.5;8077.5;4255.0;3822.5;9086.0;4542.5;4543.5;1183.5;227.0;956.5;990.5;420.5;570.0
1469;Totaal;Alblasserdam;2012;19555.0;9553.0;10002.0;8192.0;4305.5;3886.5;9164.5;4584.5;4580.0;1172.0;224.5;947.5;1026.5;438.5;588.0
1470;Totaal;Alblasserdam;2013;19722.0;9651.5;10070.5;8285.5;4361.5;3924.0;9212.5;4606.0;4606.5;1164.0;225.0;939.0;1060.0;459.0;601.0
1471;Totaal;Alblasserdam;2014;19823.0;9703.0;10120.0;8344.0;4393.5;3950.5;9226.0;4607.5;4618.5;1161.0;230.0;931.0;1092.0;472.0;620.0
1472;Totaal;Alblasserdam;2015;19900.0;9742.0;10158.0;8411.0;4426.5;3984.5;9198.0;4594.0;4604.0;1158.5;236.5;922.0;1132.5;485.0;647.5
1473;Totaal;Alblasserdam;2016;19981.5;9790.0;10191.5;8510.5;4482.0;4028.5;9145.5;4570.0;4575.5;1148.5;241.5;907.0;1177.0;496.5;680.5
1474;Totaal;Albrandswaard;1995;15233.0;7548.0;7685.0;5913.0;3177.5;2735.5;7920.0;3951.5;3968.5;788.0;139.0;649.0;612.0;280.0;332.0
1475;Totaal;Albrandswaard;1996;15287.0;7597.0;7690.0;5942.5;3203.0;2739.5;7907.5;3945.5;3962.0;797.0;152.0;645.0;640.0;296.5;343.5
1476;Totaal;Albrandswaard;1997;15322.0;7653.5;7668.5;5989.0;3255.0;2734.0;7865.5;3927.0;3938.5;806.5;165.0;641.5;661.0;306.5;354.5
1477;Totaal;Albrandswaard;1998;15600.0;7798.0;7802.0;6153.0;3345.5;2807.5;7941.5;3966.5;3975.0;813.0;169.0;644.0;692.5;317.0;375.5
1478;Totaal;Albrandswaard;1999;16112.5;8059.0;8053.5;6408.0;3485.5;2922.5;8139.5;4066.0;4073.5;825.0;169.0;656.0;740.0;338.5;401.5
1479;Totaal;Albrandswaard;2000;17070.5;8536.0;8534.5;6894.0;3739.5;3154.5;8522.5;4253.0;4269.5;840.0;170.5;669.5;814.0;373.0;441.0
1480;Totaal;Albrandswaard;2001;17906.5;8943.5;8963.0;7335.5;3956.5;3379.0;8848.5;4416.0;4432.5;843.5;172.5;671.0;879.0;398.5;480.5
1481;Totaal;Albrandswaard;2002;18414.5;9202.0;9212.5;7628.0;4109.0;3519.0;9021.5;4507.5;4514.0;842.0;169.5;672.5;923.0;416.0;507.0
1482;Totaal;Albrandswaard;2003;19172.0;9574.0;9598.0;8052.0;4333.0;3719.0;9280.0;4640.0;4640.0;869.0;170.0;699.0;971.0;431.0;540.0
1483;Totaal;Albrandswaard;2004;20106.5;10040.0;10066.5;8522.0;4579.5;3942.5;9651.0;4826.5;4824.5;907.5;183.5;724.0;1026.0;450.5;575.5
1484;Totaal;Albrandswaard;2005;20832.5;10403.5;10429.0;8851.0;4752.0;4099.0;9981.5;4989.5;4992.0;907.5;190.0;717.5;1092.5;472.0;620.5
1485;Totaal;Albrandswaard;2006;21291.0;10648.5;10642.5;9095.0;4897.5;4197.5;10143.0;5068.0;5075.0;902.0;189.0;713.0;1151.0;494.0;657.0
1486;Totaal;Albrandswaard;2007;21988.0;10998.0;10990.0;9501.5;5113.5;4388.0;10326.0;5163.0;5163.0;939.5;193.5;746.0;1221.0;528.0;693.0
1487;Totaal;Albrandswaard;2008;22713.5;11351.5;11362.0;9931.0;5338.5;4592.5;10493.5;5249.0;5244.5;986.0;201.5;784.5;1303.0;562.5;740.5
1488;Totaal;Albrandswaard;2009;23582.5;11773.0;11809.5;10390.0;5571.0;4819.0;10747.5;5376.5;5371.0;1015.0;212.0;803.0;1430.0;613.5;816.5
1489;Totaal;Albrandswaard;2010;24432.5;12151.5;12281.0;10800.0;5746.5;5053.5;11057.5;5532.0;5525.5;1028.5;214.5;814.0;1546.5;658.5;888.0
1490;Totaal;Albrandswaard;2011;24838.5;12319.5;12519.0;10993.5;5819.0;5174.5;11208.0;5608.0;5600.0;1032.0;215.5;816.5;1605.0;677.0;928.0
1491;Totaal;Albrandswaard;2012;25052.0;12421.5;12630.5;11114.5;5876.5;5238.0;11252.5;5628.0;5624.5;1032.0;220.5;811.5;1653.0;696.5;956.5
1492;Totaal;Albrandswaard;2013;25085.0;12453.0;12632.0;11158.5;5911.0;5247.5;11203.0;5596.5;5606.5;1031.0;228.0;803.0;1692.5;717.5;975.0
1493;Totaal;Albrandswaard;2014;25108.5;12488.0;12620.5;11179.0;5943.5;5235.5;11122.5;5556.0;5566.5;1047.0;239.5;807.5;1760.0;749.0;1011.0
1494;Totaal;Albrandswaard;2015;25066.5;12474.5;12592.0;11178.0;5947.5;5230.5;11045.0;5516.5;5528.5;1050.5;245.0;805.5;1793.0;765.5;1027.5
1495;Totaal;Albrandswaard;2016;25045.0;12437.0;12608.0;11212.5;5942.0;5270.5;10985.0;5486.0;5499.0;1053.0;243.0;810.0;1794.5;766.0;1028.5
1496;Totaal;Alkemade;1995;14384.5;7341.0;7043.5;6390.5;3539.0;2851.5;7064.5;3535.0;3529.5;584.0;103.5;480.5;345.5;163.5;182.0
1497;Totaal;Alkemade;1996;14410.0;7343.5;7066.5;6412.0;3544.5;2867.5;7038.0;3519.0;3519.0;591.5;103.0;488.5;368.5;177.0;191.5
1498;Totaal;Alkemade;1997;14431.5;7343.5;7088.0;6431.0;3546.5;2884.5;7019.5;3508.0;3511.5;603.5;105.0;498.5;377.5;184.0;193.5
1499;Totaal;Alkemade;1998;14449.5;7341.0;7108.5;6447.5;3546.5;2901.0;6998.5;3501.0;3497.5;618.5;109.5;509.0;385.0;184.0;201.0
1500;Totaal;Alkemade;1999;14449.5;7329.0;7120.5;6444.0;3533.5;2910.5;6974.0;3495.0;3479.0;627.0;113.0;514.0;404.5;187.5;217.0
1501;Totaal;Alkemade;2000;14414.0;7304.5;7109.5;6424.0;3516.0;2908.0;6925.0;3472.0;3453.0;633.0;115.5;517.5;432.0;201.0;231.0
1502;Totaal;Alkemade;2001;14402.0;7281.0;7121.0;6429.5;3502.0;2927.5;6879.5;3447.5;3432.0;635.5;118.5;517.0;457.5;213.0;244.5
1503;Totaal;Alkemade;2002;14418.5;7279.5;7139.0;6463.0;3515.5;2947.5;6826.5;3419.0;3407.5;643.5;120.0;523.5;485.5;225.0;260.5
1504;Totaal;Alkemade;2003;14454.5;7300.5;7154.0;6508.5;3550.5;2958.0;6779.0;3393.5;3385.5;653.0;120.5;532.5;514.0;236.0;278.0
1505;Totaal;Alkemade;2004;14491.0;7320.0;7171.0;6558.0;3583.0;2975.0;6723.5;3366.5;3357.0;664.0;121.5;542.5;545.5;249.0;296.5
1506;Totaal;Alkemade;2005;14506.5;7319.0;7187.5;6591.5;3599.0;2992.5;6668.5;3337.0;3331.5;671.5;120.0;551.5;575.0;263.0;312.0
1507;Totaal;Alkemade;2006;14524.0;7318.5;7205.5;6607.5;3603.0;3004.5;6649.0;3323.5;3325.5;669.5;116.5;553.0;598.0;275.5;322.5
1508;Totaal;Alkemade;2007;14508.5;7302.0;7206.5;6581.5;3579.5;3002.0;6637.5;3316.5;3321.0;671.5;119.0;552.5;618.0;287.0;331.0
1509;Totaal;Alkemade;2008;14554.5;7330.5;7224.0;6605.0;3586.0;3019.0;6639.5;3321.5;3318.0;671.0;124.0;547.0;639.0;299.0;340.0
1510;Totaal;Alkemade;2009;;;;;;;;;;;;;;;
1511;Totaal;Alkemade;2010;;;;;;;;;;;;;;;
1512;Totaal;Alkemade;2011;;;;;;;;;;;;;;;
1513;Totaal;Alkemade;2012;;;;;;;;;;;;;;;
1514;Totaal;Alkemade;2013;;;;;;;;;;;;;;;
1515;Totaal;Alkemade;2014;;;;;;;;;;;;;;;
1516;Totaal;Alkemade;2015;;;;;;;;;;;;;;;
1517;Totaal;Alkemade;2016;;;;;;;;;;;;;;;
1518;Totaal;Alkmaar;1995;93031.5;45396.0;47635.5;43813.5;22980.5;20833.0;38004.5;18991.0;19013.5;4747.0;788.0;3959.0;6466.5;2636.5;3830.0
1519;Totaal;Alkmaar;1996;93028.0;45392.5;47635.5;43928.5;23036.0;20892.5;37705.5;18838.5;18867.0;4772.5;810.5;3962.0;6621.5;2707.5;3914.0
1520;Totaal;Alkmaar;1997;92937.0;45389.5;47547.5;43961.5;23104.0;20857.5;37443.5;18707.5;18736.0;4787.5;831.5;3956.0;6744.5;2746.5;3998.0
1521;Totaal;Alkmaar;1998;92931.0;45452.0;47479.0;43960.0;23177.5;20782.5;37321.0;18647.0;18674.0;4715.5;829.5;3886.0;6934.5;2798.0;4136.5
1522;Totaal;Alkmaar;1999;92869.0;45459.5;47409.5;43910.0;23174.0;20736.0;37191.5;18595.0;18596.5;4708.5;836.0;3872.5;7059.0;2854.5;4204.5
1523;Totaal;Alkmaar;2000;92929.0;45531.5;47397.5;44017.5;23251.5;20766.0;37083.5;18550.0;18533.5;4749.5;847.5;3902.0;7078.5;2882.5;4196.0
1524;Totaal;Alkmaar;2001;93007.0;45585.0;47422.0;44243.5;23375.5;20868.0;36890.0;18447.0;18443.0;4711.5;854.5;3857.0;7162.0;2908.0;4254.0
1525;Totaal;Alkmaar;2002;93191.0;45681.0;47510.0;44539.5;23527.5;21012.0;36727.0;18363.5;18363.5;4671.5;854.5;3817.0;7253.0;2935.5;4317.5
1526;Totaal;Alkmaar;2003;93755.5;45980.5;47775.0;45006.0;23771.5;21234.5;36735.5;18363.0;18372.5;4647.5;859.5;3788.0;7366.5;2986.5;4380.0
1527;Totaal;Alkmaar;2004;94193.5;46197.5;47996.0;45386.5;23968.0;21418.5;36677.0;18326.0;18351.0;4648.0;868.5;3779.5;7482.0;3035.0;4447.0
1528;Totaal;Alkmaar;2005;94360.5;46272.5;48088.0;45679.0;24107.5;21571.5;36466.0;18211.5;18254.5;4610.5;871.5;3739.0;7605.0;3082.0;4523.0
1529;Totaal;Alkmaar;2006;94314.5;46276.0;48038.5;45858.0;24210.0;21648.0;36180.0;18061.5;18118.5;4566.5;889.0;3677.5;7710.0;3115.5;4594.5
1530;Totaal;Alkmaar;2007;94025.0;46185.5;47839.5;45941.0;24294.5;21646.5;35769.0;17854.5;17914.5;4542.0;900.0;3642.0;7773.0;3136.5;4636.5
1531;Totaal;Alkmaar;2008;93646.0;46036.0;47610.0;45987.0;24337.5;21649.5;35308.5;17630.5;17678.0;4534.0;909.0;3625.0;7816.5;3159.0;4657.5
1532;Totaal;Alkmaar;2009;93638.5;46076.5;47562.0;45912.5;24325.5;21587.0;35095.0;17534.5;17560.5;4553.0;928.0;3625.0;8078.0;3288.5;4789.5
1533;Totaal;Alkmaar;2010;93898.5;46259.0;47639.5;45788.5;24310.5;21478.0;35160.0;17572.5;17587.5;4561.5;947.0;3614.5;8388.5;3429.0;4959.5
1534;Totaal;Alkmaar;2011;94102.5;46358.0;47744.5;45893.5;24363.0;21530.5;35199.5;17590.0;17609.5;4533.5;951.5;3582.0;8476.0;3453.5;5022.5
1535;Totaal;Alkmaar;2012;94387.0;46486.0;47901.0;46143.0;24475.5;21667.5;35205.5;17582.0;17623.5;4494.0;948.5;3545.5;8544.5;3480.0;5064.5
1536;Totaal;Alkmaar;2013;94685.5;46649.5;48036.0;46378.5;24602.0;21776.5;35131.5;17548.0;17583.5;4490.5;954.0;3536.5;8685.0;3545.5;5139.5
1537;Totaal;Alkmaar;2014;95057.0;46869.5;48187.5;46730.0;24793.0;21937.0;34972.0;17473.0;17499.0;4504.0;972.5;3531.5;8851.0;3631.0;5220.0
1538;Totaal;Alkmaar;2015;107360.5;53119.5;54241.0;52438.0;27906.0;24532.0;40100.0;20036.0;20064.0;5062.0;1129.5;3932.5;9760.5;4048.0;5712.5
1539;Totaal;Alkmaar;2016;107994.0;53462.5;54531.5;53024.0;28240.5;24783.5;39905.0;19932.5;19972.5;5066.5;1135.0;3931.5;9998.5;4154.5;5844.0
1540;Totaal;Almelo;1995;65115.0;32019.5;33095.5;27639.0;14817.0;12822.0;29736.5;14886.5;14850.0;4268.5;746.0;3522.5;3471.0;1570.0;1901.0
1541;Totaal;Almelo;1996;65190.5;32100.5;33090.0;27753.5;14920.5;12833.0;29652.0;14839.5;14812.5;4244.0;743.0;3501.0;3541.0;1597.5;1943.5
1542;Totaal;Almelo;1997;65424.5;32234.0;33190.5;27884.5;15002.5;12882.0;29701.5;14867.0;14834.5;4228.5;742.0;3486.5;3610.0;1622.5;1987.5
1543;Totaal;Almelo;1998;65856.0;32434.5;33421.5;28140.0;15122.0;13018.0;29829.0;14933.5;14895.5;4168.5;739.0;3429.5;3718.5;1640.0;2078.5
1544;Totaal;Almelo;1999;66171.5;32574.0;33597.5;28302.0;15189.0;13113.0;29912.0;14977.0;14935.0;4174.0;749.0;3425.0;3783.5;1659.0;2124.5
1545;Totaal;Almelo;2000;66599.5;32784.0;33815.5;28568.5;15321.5;13247.0;29939.5;14982.5;14957.0;4240.5;773.5;3467.0;3851.0;1706.5;2144.5
1546;Totaal;Almelo;2001;70721.0;34888.0;35833.0;30436.5;16347.5;14089.0;31788.0;15907.5;15880.5;4454.5;839.5;3615.0;4042.0;1793.5;2248.5
1547;Totaal;Almelo;2002;71377.5;35240.5;36137.0;30946.0;16617.0;14329.0;31884.0;15970.5;15913.5;4431.0;841.0;3590.0;4116.5;1812.0;2304.5
1548;Totaal;Almelo;2003;71978.0;35571.5;36406.5;31431.0;16889.0;14542.0;31957.5;16009.0;15948.5;4410.0;842.0;3568.0;4179.5;1831.5;2348.0
1549;Totaal;Almelo;2004;72260.0;35732.5;36527.5;31755.0;17054.0;14701.0;31818.0;15941.5;15876.5;4397.5;855.0;3542.5;4289.5;1882.0;2407.5
1550;Totaal;Almelo;2005;72170.5;35684.0;36486.5;31862.5;17087.5;14775.0;31563.5;15815.5;15748.0;4367.0;869.0;3498.0;4377.5;1912.0;2465.5
1551;Totaal;Almelo;2006;72072.0;35676.0;36396.0;31928.0;17137.0;14791.0;31350.0;15699.0;15651.0;4354.5;897.5;3457.0;4439.5;1942.5;2497.0
1552;Totaal;Almelo;2007;72191.5;35814.0;36377.5;32129.0;17278.5;14850.5;31163.5;15601.5;15562.0;4336.5;913.5;3423.0;4562.5;2020.5;2542.0
1553;Totaal;Almelo;2008;72357.5;35948.5;36409.0;32400.0;17456.5;14943.5;30987.0;15511.5;15475.5;4303.5;909.0;3394.5;4667.0;2071.5;2595.5
1554;Totaal;Almelo;2009;72515.0;36026.0;36489.0;32514.0;17518.5;14995.5;30812.0;15420.0;15392.0;4273.5;903.5;3370.0;4915.5;2184.0;2731.5
1555;Totaal;Almelo;2010;72600.5;36024.5;36576.0;32513.5;17476.5;15037.0;30663.5;15339.5;15324.0;4253.0;906.5;3346.5;5170.5;2302.0;2868.5
1556;Totaal;Almelo;2011;72678.0;36039.5;36638.5;32628.0;17491.5;15136.5;30574.0;15297.0;15277.0;4237.0;917.0;3320.0;5239.0;2334.0;2905.0
1557;Totaal;Almelo;2012;72743.0;36106.5;36636.5;32688.5;17517.0;15171.5;30505.0;15265.0;15240.0;4207.0;929.0;3278.0;5342.5;2395.5;2947.0
1558;Totaal;Almelo;2013;72594.0;36065.0;36529.0;32628.0;17498.0;15130.0;30284.0;15149.0;15135.0;4177.5;935.0;3242.5;5504.5;2483.0;3021.5
1559;Totaal;Almelo;2014;72375.0;35998.5;36376.5;32557.0;17499.0;15058.0;30002.5;15008.5;14994.0;4149.5;927.5;3222.0;5666.0;2563.5;3102.5
1560;Totaal;Almelo;2015;72358.0;36053.0;36305.0;32688.5;17620.5;15068.0;29718.5;14871.5;14847.0;4142.0;931.0;3211.0;5809.0;2630.0;3179.0
1561;Totaal;Almelo;2016;72452.0;36140.0;36312.0;32963.0;17778.0;15185.0;29399.5;14714.5;14685.0;4138.5;947.0;3191.5;5951.0;2700.5;3250.5
1562;Totaal;Almere;1995;108622.5;54038.5;54584.0;49774.0;26117.5;23656.5;49138.0;24526.0;24612.0;3207.5;592.5;2615.0;6503.0;2802.5;3700.5
1563;Totaal;Almere;1996;115808.5;57615.5;58193.0;53678.5;28181.5;25497.0;51573.5;25741.5;25832.0;3411.5;639.0;2772.5;7145.0;3053.5;4091.5
1564;Totaal;Almere;1997;122816.5;61070.0;61746.5;57576.0;30166.0;27410.0;53926.5;26923.5;27003.0;3558.0;679.0;2879.0;7756.0;3301.5;4454.5
1565;Totaal;Almere;1998;131438.5;65354.0;66084.5;62344.5;32616.5;29728.0;56847.5;28396.5;28451.0;3599.5;693.5;2906.0;8647.0;3647.5;4999.5
1566;Totaal;Almere;1999;139461.0;69333.0;70128.0;66691.0;34855.0;31836.0;59610.0;29805.5;29804.5;3774.5;724.0;3050.5;9385.5;3948.5;5437.0
1567;Totaal;Almere;2000;146581.5;72916.0;73665.5;70667.5;36922.0;33745.5;61903.5;30969.0;30934.5;4044.5;787.0;3257.5;9966.0;4238.0;5728.0
1568;Totaal;Almere;2001;154650.0;77078.0;77572.0;75405.0;39465.5;35939.5;64269.0;32157.5;32111.5;4188.0;845.5;3342.5;10788.0;4609.5;6178.5
1569;Totaal;Almere;2002;162004.0;80829.5;81174.5;79855.5;41840.5;38015.0;66227.5;33145.5;33082.0;4354.5;911.0;3443.5;11566.5;4932.5;6634.0
1570;Totaal;Almere;2003;167905.0;83691.0;84214.0;83584.0;43723.5;39860.5;67525.0;33795.0;33730.0;4544.0;962.0;3582.0;12252.0;5210.5;7041.5
1571;Totaal;Almere;2004;172855.5;85977.0;86878.5;86828.0;45283.0;41545.0;68529.5;34292.0;34237.5;4690.0;986.5;3703.5;12808.0;5415.5;7392.5
1572;Totaal;Almere;2005;176736.5;87740.0;88996.5;89386.0;46483.5;42902.5;69303.0;34680.5;34622.5;4803.5;1020.0;3783.5;13244.0;5556.0;7688.0
1573;Totaal;Almere;2006;179695.0;89108.0;90587.0;91297.5;47405.5;43892.0;69788.0;34916.5;34871.5;4924.5;1058.5;3866.0;13685.0;5727.5;7957.5
1574;Totaal;Almere;2007;182097.0;90272.0;91825.0;92864.5;48214.5;44650.0;70133.0;35072.0;35061.0;5033.5;1098.5;3935.0;14066.0;5887.0;8179.0
1575;Totaal;Almere;2008;184508.0;91549.5;92958.5;94438.5;49075.0;45363.5;70495.5;35263.0;35232.5;5117.0;1145.0;3972.0;14457.0;6066.5;8390.5
1576;Totaal;Almere;2009;186953.0;92880.0;94073.0;95700.0;49801.5;45898.5;70834.5;35456.5;35378.0;5173.0;1177.5;3995.5;15245.5;6444.5;8801.0
1577;Totaal;Almere;2010;189407.5;94073.5;95334.0;96939.5;50397.0;46542.5;71305.5;35719.0;35586.5;5207.5;1193.5;4014.0;15955.0;6764.0;9191.0
1578;Totaal;Almere;2011;191909.0;95256.5;96652.5;98533.0;51152.5;47380.5;71786.0;35981.0;35805.0;5274.5;1221.5;4053.0;16315.5;6901.5;9414.0
1579;Totaal;Almere;2012;194188.0;96401.0;97787.0;99976.5;51910.5;48066.0;72117.0;36149.0;35968.0;5361.0;1254.0;4107.0;16733.5;7087.5;9646.0
1580;Totaal;Almere;2013;195613.0;97083.0;98530.0;100816.5;52327.5;48489.0;72252.0;36221.0;36031.0;5433.0;1277.5;4155.5;17111.5;7257.0;9854.5
1581;Totaal;Almere;2014;196472.5;97452.0;99020.5;101328.0;52550.5;48777.5;72148.5;36162.0;35986.5;5491.0;1308.0;4183.0;17505.0;7431.5;10073.5
1582;Totaal;Almere;2015;197538.5;97953.0;99585.5;102025.5;52909.0;49116.5;72178.5;36147.5;36031.0;5519.5;1335.5;4184.0;17815.0;7561.0;10254.0
1583;Totaal;Almere;2016;199529.5;98956.5;100573.0;103276.0;53634.5;49641.5;72628.0;36361.0;36267.0;5554.5;1336.0;4218.5;18071.0;7625.0;10446.0
1584;Totaal;Alphen aan den Rijn;1995;67348.0;33234.5;34113.5;30262.0;15833.5;14428.5;31419.0;15701.5;15717.5;2669.5;430.0;2239.5;2997.5;1269.5;1728.0
1585;Totaal;Alphen aan den Rijn;1996;67694.0;33429.0;34265.0;30508.5;15994.5;14514.0;31393.0;15683.5;15709.5;2700.0;439.0;2261.0;3092.5;1312.0;1780.5
1586;Totaal;Alphen aan den Rijn;1997;68228.5;33692.0;34536.5;30837.0;16181.5;14655.5;31418.0;15701.0;15717.0;2757.5;458.5;2299.0;3216.0;1351.0;1865.0
1587;Totaal;Alphen aan den Rijn;1998;68987.0;34071.0;34916.0;31256.5;16419.0;14837.5;31554.5;15777.5;15777.0;2759.5;459.5;2300.0;3416.5;1415.0;2001.5
1588;Totaal;Alphen aan den Rijn;1999;69625.0;34387.0;35238.0;31651.5;16643.0;15008.5;31669.5;15827.0;15842.5;2801.5;473.0;2328.5;3502.5;1444.0;2058.5
1589;Totaal;Alphen aan den Rijn;2000;70045.0;34571.5;35473.5;31949.5;16779.0;15170.5;31687.5;15827.0;15860.5;2888.0;502.0;2386.0;3520.0;1463.5;2056.5
1590;Totaal;Alphen aan den Rijn;2001;70405.5;34749.0;35656.5;32333.0;16966.0;15367.0;31474.0;15724.0;15750.0;2917.5;509.5;2408.0;3681.0;1549.5;2131.5
1591;Totaal;Alphen aan den Rijn;2002;70677.5;34916.0;35761.5;32714.5;17195.5;15519.0;31181.5;15582.0;15599.5;2938.0;513.5;2424.5;3843.5;1625.0;2218.5
1592;Totaal;Alphen aan den Rijn;2003;70591.5;34873.5;35718.0;32719.0;17206.5;15512.5;30979.0;15475.5;15503.5;2948.5;520.5;2428.0;3945.0;1671.0;2274.0
1593;Totaal;Alphen aan den Rijn;2004;70534.0;34817.0;35717.0;32657.0;17152.5;15504.5;30882.5;15429.5;15453.0;2949.5;526.0;2423.5;4045.0;1709.0;2336.0
1594;Totaal;Alphen aan den Rijn;2005;70773.0;34916.0;35857.0;32881.0;17245.5;15635.5;30795.0;15396.5;15398.5;2966.5;544.5;2422.0;4130.5;1729.5;2401.0
1595;Totaal;Alphen aan den Rijn;2006;71027.5;35030.0;35997.5;33071.5;17335.0;15736.5;30722.0;15357.0;15365.0;2983.0;563.5;2419.5;4251.0;1774.5;2476.5
1596;Totaal;Alphen aan den Rijn;2007;71379.0;35192.5;36186.5;33246.5;17415.0;15831.5;30710.5;15346.0;15364.5;3003.0;571.5;2431.5;4419.0;1860.0;2559.0
1597;Totaal;Alphen aan den Rijn;2008;71918.0;35463.5;36454.5;33576.5;17600.0;15976.5;30741.5;15366.5;15375.0;3037.0;577.5;2459.5;4563.0;1919.5;2643.5
1598;Totaal;Alphen aan den Rijn;2009;72356.0;35687.5;36668.5;33704.0;17681.5;16022.5;30812.0;15413.0;15399.0;3049.5;581.0;2468.5;4790.5;2012.0;2778.5
1599;Totaal;Alphen aan den Rijn;2010;72607.0;35823.0;36784.0;33693.0;17692.0;16001.0;30839.5;15431.5;15408.0;3072.5;595.0;2477.5;5002.0;2104.5;2897.5
1600;Totaal;Alphen aan den Rijn;2011;72766.5;35918.5;36848.0;33759.0;17749.5;16009.5;30824.5;15421.5;15403.0;3105.5;622.0;2483.5;5077.5;2125.5;2952.0
1601;Totaal;Alphen aan den Rijn;2012;72883.0;35987.5;36895.5;33824.0;17796.5;16027.5;30776.0;15390.5;15385.5;3109.0;641.0;2468.0;5174.0;2159.5;3014.5
1602;Totaal;Alphen aan den Rijn;2013;73018.5;36071.5;36947.0;33904.5;17866.5;16038.0;30678.0;15326.5;15351.5;3115.0;655.0;2460.0;5321.0;2223.5;3097.5
1603;Totaal;Alphen aan den Rijn;2014;107090.5;53150.0;53940.5;48904.0;25942.5;22961.5;46033.0;23008.5;23024.5;4822.0;1065.5;3756.5;7331.5;3133.5;4198.0
1604;Totaal;Alphen aan den Rijn;2015;107678.0;53472.5;54205.5;49375.0;26197.0;23178.0;45897.0;22940.0;22957.0;4873.5;1110.0;3763.5;7532.5;3225.5;4307.0
1605;Totaal;Alphen aan den Rijn;2016;108437.5;53894.0;54543.5;49867.5;26482.5;23385.0;45912.5;22953.0;22959.5;4935.0;1142.5;3792.5;7722.5;3316.0;4406.5
1606;Totaal;Alphen en Riel;1995;6253.5;3237.5;3016.0;2561.5;1444.0;1117.5;3339.0;1668.5;1670.5;242.5;74.0;168.5;110.5;51.0;59.5
1607;Totaal;Alphen en Riel;1996;6266.5;3233.0;3033.5;2567.0;1438.0;1129.0;3326.5;1663.0;1663.5;256.0;77.0;179.0;117.0;55.0;62.0
1608;Totaal;Alphen en Riel;1997;;;;;;;;;;;;;;;
1609;Totaal;Alphen en Riel;1998;;;;;;;;;;;;;;;
1610;Totaal;Alphen en Riel;1999;;;;;;;;;;;;;;;
1611;Totaal;Alphen en Riel;2000;;;;;;;;;;;;;;;
1612;Totaal;Alphen en Riel;2001;;;;;;;;;;;;;;;
1613;Totaal;Alphen en Riel;2002;;;;;;;;;;;;;;;
1614;Totaal;Alphen en Riel;2003;;;;;;;;;;;;;;;
1615;Totaal;Alphen en Riel;2004;;;;;;;;;;;;;;;
1616;Totaal;Alphen en Riel;2005;;;;;;;;;;;;;;;
1617;Totaal;Alphen en Riel;2006;;;;;;;;;;;;;;;
1618;Totaal;Alphen en Riel;2007;;;;;;;;;;;;;;;
1619;Totaal;Alphen en Riel;2008;;;;;;;;;;;;;;;
1620;Totaal;Alphen en Riel;2009;;;;;;;;;;;;;;;
1621;Totaal;Alphen en Riel;2010;;;;;;;;;;;;;;;
1622;Totaal;Alphen en Riel;2011;;;;;;;;;;;;;;;
1623;Totaal;Alphen en Riel;2012;;;;;;;;;;;;;;;
1624;Totaal;Alphen en Riel;2013;;;;;;;;;;;;;;;
1625;Totaal;Alphen en Riel;2014;;;;;;;;;;;;;;;
1626;Totaal;Alphen en Riel;2015;;;;;;;;;;;;;;;
1627;Totaal;Alphen en Riel;2016;;;;;;;;;;;;;;;
1628;Totaal;Alphen-Chaam;1995;;;;;;;;;;;;;;;
1629;Totaal;Alphen-Chaam;1996;;;;;;;;;;;;;;;
1630;Totaal;Alphen-Chaam;1997;9364.0;4762.5;4601.5;3784.5;2082.5;1702.0;4955.5;2477.5;2478.0;417.5;102.0;315.5;206.5;100.5;106.0
1631;Totaal;Alphen-Chaam;1998;9385.0;4758.5;4626.5;3773.5;2066.0;1707.5;4975.0;2487.5;2487.5;425.5;102.5;323.0;211.0;102.5;108.5
1632;Totaal;Alphen-Chaam;1999;9422.5;4766.0;4656.5;3770.0;2060.5;1709.5;4995.5;2498.0;2497.5;431.0;99.5;331.5;226.0;108.0;118.0
1633;Totaal;Alphen-Chaam;2000;9473.0;4782.0;4691.0;3801.0;2077.0;1724.0;4991.0;2495.5;2495.5;437.0;94.5;342.5;244.0;115.0;129.0
1634;Totaal;Alphen-Chaam;2001;9466.5;4777.5;4689.0;3815.0;2083.5;1731.5;4951.0;2474.0;2477.0;441.5;96.5;345.0;259.0;123.5;135.5
1635;Totaal;Alphen-Chaam;2002;9430.0;4767.5;4662.5;3817.5;2090.0;1727.5;4889.5;2442.0;2447.5;450.5;102.0;348.5;272.5;133.5;139.0
1636;Totaal;Alphen-Chaam;2003;9413.5;4762.0;4651.5;3845.0;2102.0;1743.0;4827.0;2412.0;2415.0;458.5;105.5;353.0;283.0;142.5;140.5
1637;Totaal;Alphen-Chaam;2004;9463.5;4780.5;4683.0;3893.0;2118.0;1775.0;4809.0;2404.0;2405.0;462.0;106.5;355.5;299.5;152.0;147.5
1638;Totaal;Alphen-Chaam;2005;9502.0;4803.5;4698.5;3924.5;2140.5;1784.0;4804.5;2406.0;2398.5;461.0;105.5;355.5;312.0;151.5;160.5
1639;Totaal;Alphen-Chaam;2006;9476.0;4799.0;4677.0;3914.5;2143.0;1771.5;4776.5;2394.0;2382.5;463.5;111.0;352.5;321.5;151.0;170.5
1640;Totaal;Alphen-Chaam;2007;9458.0;4801.0;4657.0;3891.0;2138.0;1753.0;4771.0;2390.0;2381.0;469.0;117.0;352.0;327.0;156.0;171.0
1641;Totaal;Alphen-Chaam;2008;9438.0;4795.0;4643.0;3865.0;2127.0;1738.0;4769.5;2390.0;2379.5;465.0;115.5;349.5;338.5;162.5;176.0
1642;Totaal;Alphen-Chaam;2009;9428.5;4783.0;4645.5;3844.5;2113.0;1731.5;4752.0;2380.0;2372.0;464.5;113.0;351.5;367.5;177.0;190.5
1643;Totaal;Alphen-Chaam;2010;9451.0;4791.5;4659.5;3836.5;2110.0;1726.5;4741.5;2375.0;2366.5;479.0;114.0;365.0;394.0;192.5;201.5
1644;Totaal;Alphen-Chaam;2011;9495.5;4812.5;4683.0;3855.0;2118.5;1736.5;4739.5;2374.5;2365.0;491.5;117.0;374.5;409.5;202.5;207.0
1645;Totaal;Alphen-Chaam;2012;9582.5;4853.0;4729.5;3912.5;2145.5;1767.0;4732.5;2369.0;2363.5;501.5;120.0;381.5;436.0;218.5;217.5
1646;Totaal;Alphen-Chaam;2013;9678.5;4900.5;4778.0;3974.5;2177.5;1797.0;4732.5;2367.5;2365.0;504.0;122.5;381.5;467.5;233.0;234.5
1647;Totaal;Alphen-Chaam;2014;9735.0;4935.5;4799.5;4004.0;2196.0;1808.0;4728.0;2363.5;2364.5;501.0;125.0;376.0;502.0;251.0;251.0
1648;Totaal;Alphen-Chaam;2015;9838.5;5004.5;4834.0;4076.5;2242.5;1834.0;4723.0;2362.0;2361.0;503.5;127.5;376.0;535.5;272.5;263.0
1649;Totaal;Alphen-Chaam;2016;9991.0;5089.5;4901.5;4178.0;2302.5;1875.5;4748.5;2375.0;2373.5;501.0;128.5;372.5;563.5;283.5;280.0
1650;Totaal;Ambt Delden;1995;5371.5;2766.5;2605.0;2463.0;1393.0;1070.0;2599.0;1298.5;1300.5;267.5;53.0;214.5;42.0;22.0;20.0
1651;Totaal;Ambt Delden;1996;5402.0;2768.5;2633.5;2459.5;1379.0;1080.5;2618.0;1309.0;1309.0;274.0;52.5;221.5;50.5;28.0;22.5
1652;Totaal;Ambt Delden;1997;5430.5;2773.0;2657.5;2470.5;1377.0;1093.5;2619.5;1310.0;1309.5;283.0;53.0;230.0;57.5;33.0;24.5
1653;Totaal;Ambt Delden;1998;5444.0;2775.5;2668.5;2468.0;1373.0;1095.0;2635.5;1319.0;1316.5;279.0;50.5;228.5;61.5;33.0;28.5
1654;Totaal;Ambt Delden;1999;5466.5;2784.0;2682.5;2471.5;1372.5;1099.0;2663.0;1333.0;1330.0;272.5;47.5;225.0;59.5;31.0;28.5
1655;Totaal;Ambt Delden;2000;5510.5;2805.0;2705.5;2500.0;1388.0;1112.0;2677.5;1339.0;1338.5;274.5;47.5;227.0;58.5;30.5;28.0
1656;Totaal;Ambt Delden;2001;;;;;;;;;;;;;;;
1657;Totaal;Ambt Delden;2002;;;;;;;;;;;;;;;
1658;Totaal;Ambt Delden;2003;;;;;;;;;;;;;;;
1659;Totaal;Ambt Delden;2004;;;;;;;;;;;;;;;
1660;Totaal;Ambt Delden;2005;;;;;;;;;;;;;;;
1661;Totaal;Ambt Delden;2006;;;;;;;;;;;;;;;
1662;Totaal;Ambt Delden;2007;;;;;;;;;;;;;;;
1663;Totaal;Ambt Delden;2008;;;;;;;;;;;;;;;
1664;Totaal;Ambt Delden;2009;;;;;;;;;;;;;;;
1665;Totaal;Ambt Delden;2010;;;;;;;;;;;;;;;
1666;Totaal;Ambt Delden;2011;;;;;;;;;;;;;;;
1667;Totaal;Ambt Delden;2012;;;;;;;;;;;;;;;
1668;Totaal;Ambt Delden;2013;;;;;;;;;;;;;;;
1669;Totaal;Ambt Delden;2014;;;;;;;;;;;;;;;
1670;Totaal;Ambt Delden;2015;;;;;;;;;;;;;;;
1671;Totaal;Ambt Delden;2016;;;;;;;;;;;;;;;
1672;Totaal;Ambt Montfort;1995;11144.0;5572.0;5572.0;4211.0;2281.5;1929.5;5979.5;2985.5;2994.0;625.0;137.5;487.5;328.5;167.5;161.0
1673;Totaal;Ambt Montfort;1996;11133.0;5575.0;5558.0;4211.0;2286.5;1924.5;5946.5;2971.0;2975.5;624.0;141.0;483.0;351.5;176.5;175.0
1674;Totaal;Ambt Montfort;1997;11102.0;5569.5;5532.5;4193.5;2291.0;1902.5;5903.5;2952.0;2951.5;638.0;143.5;494.5;367.0;183.0;184.0
1675;Totaal;Ambt Montfort;1998;11072.0;5551.5;5520.5;4152.5;2271.0;1881.5;5889.5;2947.0;2942.5;659.0;150.5;508.5;371.0;183.0;188.0
1676;Totaal;Ambt Montfort;1999;11053.5;5541.0;5512.5;4123.0;2258.5;1864.5;5892.5;2949.0;2943.5;663.5;152.0;511.5;374.5;181.5;193.0
1677;Totaal;Ambt Montfort;2000;11045.5;5539.0;5506.5;4116.0;2261.5;1854.5;5875.5;2939.5;2936.0;664.0;150.0;514.0;390.0;188.0;202.0
1678;Totaal;Ambt Montfort;2001;11037.5;5527.0;5510.5;4104.5;2254.5;1850.0;5859.5;2930.5;2929.0;663.5;145.0;518.5;410.0;197.0;213.0
1679;Totaal;Ambt Montfort;2002;11015.5;5506.0;5509.5;4096.5;2247.5;1849.0;5828.0;2910.5;2917.5;670.0;143.5;526.5;421.0;204.5;216.5
1680;Totaal;Ambt Montfort;2003;10991.5;5488.5;5503.0;4103.5;2246.0;1857.5;5781.0;2889.0;2892.0;673.5;143.0;530.5;433.5;210.5;223.0
1681;Totaal;Ambt Montfort;2004;10953.5;5461.5;5492.0;4092.5;2239.5;1853.0;5738.0;2872.0;2866.0;677.0;138.5;538.5;446.0;211.5;234.5
1682;Totaal;Ambt Montfort;2005;10958.0;5456.0;5502.0;4116.5;2253.5;1863.0;5693.0;2850.0;2843.0;681.0;136.0;545.0;467.5;216.5;251.0
1683;Totaal;Ambt Montfort;2006;10953.5;5449.0;5504.5;4140.0;2258.0;1882.0;5637.0;2822.5;2814.5;686.5;140.0;546.5;490.0;228.5;261.5
1684;Totaal;Ambt Montfort;2007;;;;;;;;;;;;;;;
1685;Totaal;Ambt Montfort;2008;;;;;;;;;;;;;;;
1686;Totaal;Ambt Montfort;2009;;;;;;;;;;;;;;;
1687;Totaal;Ambt Montfort;2010;;;;;;;;;;;;;;;
1688;Totaal;Ambt Montfort;2011;;;;;;;;;;;;;;;
1689;Totaal;Ambt Montfort;2012;;;;;;;;;;;;;;;
1690;Totaal;Ambt Montfort;2013;;;;;;;;;;;;;;;
1691;Totaal;Ambt Montfort;2014;;;;;;;;;;;;;;;
1692;Totaal;Ambt Montfort;2015;;;;;;;;;;;;;;;
1693;Totaal;Ambt Montfort;2016;;;;;;;;;;;;;;;
1694;Totaal;Ameland;1995;3393.5;1712.5;1681.0;1545.5;843.0;702.5;1562.0;781.0;781.0;194.0;42.5;151.5;92.0;46.0;46.0
1695;Totaal;Ameland;1996;3417.5;1728.0;1689.5;1548.0;842.5;705.5;1578.0;789.0;789.0;192.0;45.0;147.0;99.5;51.5;48.0
1696;Totaal;Ameland;1997;3434.0;1735.0;1699.0;1565.5;849.5;716.0;1567.0;782.5;784.5;194.5;47.5;147.0;107.0;55.5;51.5
1697;Totaal;Ameland;1998;3461.5;1748.5;1713.0;1595.5;867.5;728.0;1557.5;778.0;779.5;194.5;46.5;148.0;114.0;56.5;57.5
1698;Totaal;Ameland;1999;3482.5;1761.5;1721.0;1608.5;879.5;729.0;1562.0;781.0;781.0;196.5;45.0;151.5;115.5;56.0;59.5
1699;Totaal;Ameland;2000;3516.5;1771.0;1745.5;1613.5;880.0;733.5;1582.0;791.0;791.0;204.0;45.5;158.5;117.0;54.5;62.5
1700;Totaal;Ameland;2001;3554.5;1781.0;1773.5;1632.5;886.0;746.5;1596.0;797.0;799.0;205.0;43.5;161.5;121.0;54.5;66.5
1701;Totaal;Ameland;2002;3570.0;1789.5;1780.5;1638.5;889.0;749.5;1606.5;799.0;807.5;200.5;43.0;157.5;124.5;58.5;66.0
1702;Totaal;Ameland;2003;3550.5;1787.5;1763.0;1615.0;884.0;731.0;1608.0;797.0;811.0;198.5;45.0;153.5;129.0;61.5;67.5
1703;Totaal;Ameland;2004;3522.5;1776.5;1746.0;1591.5;876.5;715.0;1603.5;794.0;809.5;196.5;45.5;151.0;131.0;60.5;70.5
1704;Totaal;Ameland;2005;3497.5;1765.5;1732.0;1572.0;868.0;704.0;1592.0;788.0;804.0;196.0;46.0;150.0;137.5;63.5;74.0
1705;Totaal;Ameland;2006;3467.5;1751.0;1716.5;1549.0;856.0;693.0;1573.0;779.0;794.0;199.5;48.0;151.5;146.0;68.0;78.0
1706;Totaal;Ameland;2007;3458.0;1746.5;1711.5;1539.0;849.0;690.0;1567.0;777.0;790.0;199.5;50.0;149.5;152.5;70.5;82.0
1707;Totaal;Ameland;2008;3461.0;1750.0;1711.0;1530.0;844.0;686.0;1584.5;787.0;797.5;193.5;48.0;145.5;153.0;71.0;82.0
1708;Totaal;Ameland;2009;3483.5;1755.5;1728.0;1535.0;842.0;693.0;1597.5;795.5;802.0;190.0;43.5;146.5;161.0;74.5;86.5
1709;Totaal;Ameland;2010;3502.0;1755.0;1747.0;1545.0;842.0;703.0;1595.5;794.5;801.0;192.0;41.0;151.0;169.5;77.5;92.0
1710;Totaal;Ameland;2011;3514.5;1752.0;1762.5;1552.0;841.5;710.5;1596.0;794.5;801.5;197.0;39.0;158.0;169.5;77.0;92.5
1711;Totaal;Ameland;2012;3525.5;1751.5;1774.0;1552.5;836.5;716.0;1594.0;794.0;800.0;204.5;41.5;163.0;174.5;79.5;95.0
1712;Totaal;Ameland;2013;3551.5;1753.0;1798.5;1571.5;836.5;735.0;1595.5;792.5;803.0;207.5;44.0;163.5;177.0;80.0;97.0
1713;Totaal;Ameland;2014;3584.0;1760.0;1824.0;1615.0;855.0;760.0;1582.5;783.5;799.0;208.5;43.0;165.5;178.0;78.5;99.5
1714;Totaal;Ameland;2015;3600.5;1778.0;1822.5;1640.0;880.5;759.5;1566.5;776.5;790.0;211.0;41.0;170.0;183.0;80.0;103.0
1715;Totaal;Ameland;2016;3622.0;1795.5;1826.5;1637.5;889.0;748.5;1579.5;784.0;795.5;213.5;38.0;175.5;191.5;84.5;107.0
1716;Totaal;Amerongen;1995;7284.5;3620.0;3664.5;2970.5;1624.0;1346.5;3624.5;1811.5;1813.0;453.0;74.5;378.5;236.5;110.0;126.5
1717;Totaal;Amerongen;1996;7370.0;3673.5;3696.5;2996.0;1648.0;1348.0;3658.5;1828.0;1830.5;456.5;76.0;380.5;259.0;121.5;137.5
1718;Totaal;Amerongen;1997;7354.0;3662.0;3692.0;2975.0;1632.0;1343.0;3666.0;1833.0;1833.0;450.0;75.5;374.5;263.0;121.5;141.5
1719;Totaal;Amerongen;1998;7281.5;3621.5;3660.0;2946.5;1613.5;1333.0;3631.5;1814.0;1817.5;440.0;73.5;366.5;263.5;120.5;143.0
1720;Totaal;Amerongen;1999;7275.0;3611.0;3664.0;2969.5;1621.0;1348.5;3593.0;1795.0;1798.0;443.5;74.5;369.0;269.0;120.5;148.5
1721;Totaal;Amerongen;2000;7258.0;3593.5;3664.5;2985.0;1626.5;1358.5;3543.0;1772.0;1771.0;464.5;80.0;384.5;265.5;115.0;150.5
1722;Totaal;Amerongen;2001;7221.0;3566.0;3655.0;2967.0;1616.0;1351.0;3510.5;1755.0;1755.5;477.5;83.5;394.0;266.0;111.5;154.5
1723;Totaal;Amerongen;2002;7207.0;3555.0;3652.0;2964.0;1612.5;1351.5;3500.0;1748.5;1751.5;470.0;84.0;386.0;273.0;110.0;163.0
1724;Totaal;Amerongen;2003;7212.5;3569.5;3643.0;2992.0;1631.0;1361.0;3484.0;1739.5;1744.5;457.0;88.0;369.0;279.5;111.0;168.5
1725;Totaal;Amerongen;2004;7251.5;3593.0;3658.5;3027.0;1644.5;1382.5;3475.5;1735.5;1740.0;459.5;92.0;367.5;289.5;121.0;168.5
1726;Totaal;Amerongen;2005;7272.5;3591.0;3681.5;3050.5;1644.5;1406.0;3466.5;1730.5;1736.0;463.5;90.5;373.0;292.0;125.5;166.5
1727;Totaal;Amerongen;2006;;;;;;;;;;;;;;;
1728;Totaal;Amerongen;2007;;;;;;;;;;;;;;;
1729;Totaal;Amerongen;2008;;;;;;;;;;;;;;;
1730;Totaal;Amerongen;2009;;;;;;;;;;;;;;;
1731;Totaal;Amerongen;2010;;;;;;;;;;;;;;;
1732;Totaal;Amerongen;2011;;;;;;;;;;;;;;;
1733;Totaal;Amerongen;2012;;;;;;;;;;;;;;;
1734;Totaal;Amerongen;2013;;;;;;;;;;;;;;;
1735;Totaal;Amerongen;2014;;;;;;;;;;;;;;;
1736;Totaal;Amerongen;2015;;;;;;;;;;;;;;;
1737;Totaal;Amerongen;2016;;;;;;;;;;;;;;;
1738;Totaal;Amersfoort;1995;113636.5;54812.5;58824.0;52428.5;26725.5;25703.0;49162.5;24548.5;24614.0;6105.5;1050.5;5055.0;5940.0;2488.0;3452.0
1739;Totaal;Amersfoort;1996;116408.5;56248.0;60160.5;54095.5;27650.5;26445.0;49802.5;24875.0;24927.5;6201.0;1066.5;5134.5;6309.5;2656.0;3653.5
1740;Totaal;Amersfoort;1997;119039.0;57659.5;61379.5;55662.5;28561.5;27101.0;50585.5;25273.5;25312.0;6239.0;1074.5;5164.5;6552.0;2750.0;3802.0
1741;Totaal;Amersfoort;1998;121939.5;59218.5;62721.0;57282.5;29514.0;27768.5;51657.0;25814.0;25843.0;6162.0;1062.0;5100.0;6838.0;2828.5;4009.5
1742;Totaal;Amersfoort;1999;124755.0;60688.5;64066.5;58908.5;30412.0;28496.5;52591.5;26287.0;26304.5;6137.5;1069.0;5068.5;7117.5;2920.5;4197.0
1743;Totaal;Amersfoort;2000;127089.0;61924.0;65165.0;60323.0;31208.5;29114.5;53242.0;26610.5;26631.5;6199.5;1089.5;5110.0;7324.5;3015.5;4309.0
1744;Totaal;Amersfoort;2001;128877.5;62891.0;65986.5;61554.5;31931.0;29623.5;53496.5;26731.5;26765.0;6221.5;1095.5;5126.0;7605.0;3133.0;4472.0
1745;Totaal;Amersfoort;2002;130470.5;63714.5;66756.0;62685.5;32544.5;30141.0;53665.0;26816.0;26849.0;6239.0;1107.0;5132.0;7881.0;3247.0;4634.0
1746;Totaal;Amersfoort;2003;132036.0;64524.0;67512.0;63645.5;33040.5;30605.0;54057.0;27006.5;27050.5;6203.0;1118.5;5084.5;8130.5;3358.5;4772.0
1747;Totaal;Amersfoort;2004;133878.5;65491.5;68387.0;64795.5;33662.0;31133.5;54464.0;27212.0;27252.0;6200.5;1141.0;5059.5;8418.5;3476.5;4942.0
1748;Totaal;Amersfoort;2005;135952.5;66482.5;69470.0;66249.0;34372.5;31876.5;54753.0;27352.5;27400.5;6216.5;1155.0;5061.5;8734.0;3602.5;5131.5
1749;Totaal;Amersfoort;2006;138026.5;67477.5;70549.0;67631.5;35018.0;32613.5;55198.0;27567.5;27630.5;6190.0;1163.0;5027.0;9007.0;3729.0;5278.0
1750;Totaal;Amersfoort;2007;140132.5;68586.5;71546.0;69007.0;35755.0;33252.0;55717.5;27827.5;27890.0;6171.0;1164.0;5007.0;9237.0;3840.0;5397.0
1751;Totaal;Amersfoort;2008;142211.5;69733.0;72478.5;70363.5;36509.5;33854.0;56208.0;28080.0;28128.0;6147.5;1176.0;4971.5;9492.5;3967.5;5525.0
1752;Totaal;Amersfoort;2009;144037.0;70694.5;73342.5;71198.0;36935.0;34263.0;56711.5;28338.0;28373.5;6134.5;1217.0;4917.5;9993.0;4204.5;5788.5
1753;Totaal;Amersfoort;2010;145727.0;71532.0;74195.0;71940.5;37294.0;34646.5;57258.0;28601.5;28656.5;6106.5;1245.0;4861.5;10422.0;4391.5;6030.5
1754;Totaal;Amersfoort;2011;147421.0;72414.0;75007.0;73016.5;37864.5;35152.0;57748.5;28841.0;28907.5;6071.0;1251.5;4819.5;10585.0;4457.0;6128.0
1755;Totaal;Amersfoort;2012;148956.0;73187.5;75768.5;74003.5;38380.5;35623.0;58043.0;28981.5;29061.5;6064.5;1251.0;4813.5;10845.0;4574.5;6270.5
1756;Totaal;Amersfoort;2013;150279.5;73850.5;76429.0;74872.0;38814.5;36057.5;58182.0;29041.5;29140.5;6045.5;1260.0;4785.5;11180.0;4734.5;6445.5
1757;Totaal;Amersfoort;2014;151689.0;74571.0;77118.0;75901.0;39345.5;36555.5;58271.0;29075.0;29196.0;6037.0;1273.5;4763.5;11480.0;4877.0;6603.0
1758;Totaal;Amersfoort;2015;153041.5;75268.0;77773.5;76929.5;39909.0;37020.5;58291.0;29084.5;29206.5;6060.5;1281.0;4779.5;11760.5;4993.5;6767.0
1759;Totaal;Amersfoort;2016;153969.5;75756.0;78213.5;77566.0;40275.5;37290.5;58292.5;29094.0;29198.5;6090.5;1299.0;4791.5;12020.5;5087.5;6933.0
1760;Totaal;Ammerzoden;1995;4417.0;2187.5;2229.5;1863.0;1013.5;849.5;2156.5;1082.5;1074.0;302.5;44.5;258.0;95.0;47.0;48.0
1761;Totaal;Ammerzoden;1996;4446.0;2193.0;2253.0;1863.0;1007.5;855.5;2175.5;1090.0;1085.5;307.5;44.0;263.5;100.0;51.5;48.5
1762;Totaal;Ammerzoden;1997;4459.5;2195.0;2264.5;1867.0;1005.0;862.0;2189.0;1094.0;1095.0;303.5;43.0;260.5;100.0;53.0;47.0
1763;Totaal;Ammerzoden;1998;4454.5;2194.5;2260.0;1860.5;1003.0;857.5;2178.5;1088.5;1090.0;310.5;45.5;265.0;105.0;57.5;47.5
1764;Totaal;Ammerzoden;1999;;;;;;;;;;;;;;;
1765;Totaal;Ammerzoden;2000;;;;;;;;;;;;;;;
1766;Totaal;Ammerzoden;2001;;;;;;;;;;;;;;;
1767;Totaal;Ammerzoden;2002;;;;;;;;;;;;;;;
1768;Totaal;Ammerzoden;2003;;;;;;;;;;;;;;;
1769;Totaal;Ammerzoden;2004;;;;;;;;;;;;;;;
1770;Totaal;Ammerzoden;2005;;;;;;;;;;;;;;;
1771;Totaal;Ammerzoden;2006;;;;;;;;;;;;;;;
1772;Totaal;Ammerzoden;2007;;;;;;;;;;;;;;;
1773;Totaal;Ammerzoden;2008;;;;;;;;;;;;;;;
1774;Totaal;Ammerzoden;2009;;;;;;;;;;;;;;;
1775;Totaal;Ammerzoden;2010;;;;;;;;;;;;;;;
1776;Totaal;Ammerzoden;2011;;;;;;;;;;;;;;;
1777;Totaal;Ammerzoden;2012;;;;;;;;;;;;;;;
1778;Totaal;Ammerzoden;2013;;;;;;;;;;;;;;;
1779;Totaal;Ammerzoden;2014;;;;;;;;;;;;;;;
1780;Totaal;Ammerzoden;2015;;;;;;;;;;;;;;;
1781;Totaal;Ammerzoden;2016;;;;;;;;;;;;;;;
1782;Totaal;Amstelveen;1995;75114.0;35663.0;39451.0;32389.0;16530.5;15858.5;33495.0;16744.0;16751.0;5027.0;806.0;4221.0;4203.0;1582.5;2620.5
1783;Totaal;Amstelveen;1996;76345.5;36230.0;40115.5;33292.5;16993.0;16299.5;33584.0;16778.0;16806.0;5089.5;820.0;4269.5;4379.5;1639.0;2740.5
1784;Totaal;Amstelveen;1997;77273.5;36660.0;40613.5;33854.0;17267.5;16586.5;33755.5;16864.0;16891.5;5142.5;835.5;4307.0;4521.5;1693.0;2828.5
1785;Totaal;Amstelveen;1998;77731.0;36867.0;40864.0;34196.0;17423.5;16772.5;33756.5;16873.0;16883.5;5084.0;830.0;4254.0;4694.5;1740.5;2954.0
1786;Totaal;Amstelveen;1999;77680.0;36807.5;40872.5;34258.5;17419.0;16839.5;33579.0;16794.5;16784.5;5096.5;841.0;4255.5;4746.0;1753.0;2993.0
1787;Totaal;Amstelveen;2000;77496.5;36708.0;40788.5;34323.0;17463.0;16860.0;33213.0;16615.5;16597.5;5227.5;869.0;4358.5;4733.0;1760.5;2972.5
1788;Totaal;Amstelveen;2001;77353.5;36645.0;40708.5;34530.5;17576.5;16954.0;32705.0;16363.5;16341.5;5276.5;897.0;4379.5;4841.5;1808.0;3033.5
1789;Totaal;Amstelveen;2002;77675.5;36822.0;40853.5;35034.0;17816.0;17218.0;32395.0;16216.5;16178.5;5265.5;911.0;4354.5;4981.0;1878.5;3102.5
1790;Totaal;Amstelveen;2003;78480.5;37259.5;41221.0;35767.5;18208.5;17559.0;32359.5;16201.0;16158.5;5247.5;922.5;4325.0;5106.0;1927.5;3178.5
1791;Totaal;Amstelveen;2004;78951.0;37494.0;41457.0;36265.5;18478.5;17787.0;32251.5;16133.5;16118.0;5223.5;929.5;4294.0;5210.5;1952.5;3258.0
1792;Totaal;Amstelveen;2005;78905.0;37420.0;41485.0;36396.5;18512.0;17884.5;32014.0;16011.0;16003.0;5189.5;921.5;4268.0;5305.0;1975.5;3329.5
1793;Totaal;Amstelveen;2006;78859.5;37412.0;41447.5;36527.5;18586.0;17941.5;31801.0;15916.0;15885.0;5162.5;925.5;4237.0;5368.5;1984.5;3384.0
1794;Totaal;Amstelveen;2007;78962.5;37563.5;41399.0;36843.5;18829.0;18014.5;31571.0;15810.0;15761.0;5100.0;926.5;4173.5;5448.0;1998.0;3450.0
1795;Totaal;Amstelveen;2008;79374.0;37835.0;41539.0;37255.0;19080.0;18175.0;31541.5;15808.0;15733.5;5013.5;915.5;4098.0;5564.0;2031.5;3532.5
1796;Totaal;Amstelveen;2009;80231.5;38244.5;41987.0;37752.0;19296.0;18456.0;31756.0;15925.0;15831.0;4955.0;907.0;4048.0;5768.5;2116.5;3652.0
1797;Totaal;Amstelveen;2010;81245.5;38677.5;42568.0;38439.0;19546.5;18892.5;31941.5;16027.0;15914.5;4889.0;896.5;3992.5;5976.0;2207.5;3768.5
1798;Totaal;Amstelveen;2011;82579.5;39316.0;43263.5;39392.5;19991.5;19401.0;32282.0;16205.0;16077.0;4851.0;893.5;3957.5;6054.0;2226.0;3828.0
1799;Totaal;Amstelveen;2012;83871.0;39969.0;43902.0;40363.0;20488.5;19874.5;32574.5;16351.5;16223.0;4849.5;899.0;3950.5;6084.0;2230.0;3854.0
1800;Totaal;Amstelveen;2013;84697.0;40342.5;44354.5;41083.5;20796.0;20287.5;32631.0;16378.0;16253.0;4832.5;909.5;3923.0;6150.0;2259.0;3891.0
1801;Totaal;Amstelveen;2014;86088.5;41017.5;45071.0;42041.5;21248.0;20793.5;32976.5;16541.5;16435.0;4804.0;918.0;3886.0;6266.5;2310.0;3956.5
1802;Totaal;Amstelveen;2015;87882.0;41957.0;45925.0;43210.0;21853.5;21356.5;33545.0;16829.0;16716.0;4739.5;925.0;3814.5;6387.5;2349.5;4038.0
1803;Totaal;Amstelveen;2016;88948.0;42538.0;46410.0;43927.5;22244.5;21683.0;33894.5;17009.0;16885.5;4675.0;919.0;3756.0;6451.0;2365.5;4085.5
1804;Totaal;Amsterdam;1995;720174.5;353542.0;366632.5;389807.5;204829.0;184978.5;220353.0;111506.5;108846.5;42082.0;7142.5;34939.5;67932.0;30064.0;37868.0
1805;Totaal;Amsterdam;1996;716576.0;351467.0;365109.0;392075.0;205712.5;186362.5;213584.5;107871.5;105713.0;40914.0;7020.0;33894.0;70002.5;30863.0;39139.5
1806;Totaal;Amsterdam;1997;716649.5;351295.5;365354.0;396468.0;207704.5;188763.5;208934.0;105467.0;103467.0;39821.0;6894.5;32926.5;71426.5;31229.5;40197.0
1807;Totaal;Amsterdam;1998;722602.0;354647.0;367955.0;404095.0;211656.5;192438.5;207429.0;104923.5;102505.5;37953.0;6609.5;31343.5;73125.0;31457.5;41667.5
1808;Totaal;Amsterdam;1999;729170.5;358338.0;370832.5;411317.0;215401.5;195915.5;207293.5;104908.5;102385.0;36938.5;6450.5;30488.0;73621.5;31577.5;42044.0
1809;Totaal;Amsterdam;2000;732941.0;360616.5;372324.5;416235.0;217950.0;198285.0;206965.0;104749.0;102216.0;36779.0;6425.5;30353.5;72962.0;31492.0;41470.0
1810;Totaal;Amsterdam;2001;735060.0;362165.5;372894.5;419999.0;219897.5;200101.5;206147.0;104437.0;101710.0;35784.5;6323.0;29461.5;73129.5;31508.0;41621.5
1811;Totaal;Amsterdam;2002;736044.0;362999.5;373044.5;422944.0;221236.0;201708.0;205384.0;104165.5;101218.5;34683.5;6207.0;28476.5;73032.5;31391.0;41641.5
1812;Totaal;Amsterdam;2003;737833.0;363875.0;373958.0;426707.5;222713.5;203994.0;205007.5;104015.0;100992.5;33486.0;6055.5;27430.5;72632.0;31091.0;41541.0
1813;Totaal;Amsterdam;2004;740943.5;365287.5;375656.0;431788.0;224836.5;206951.5;204267.0;103615.5;100651.5;32439.0;5939.0;26500.0;72449.5;30896.5;41553.0
1814;Totaal;Amsterdam;2005;742926.5;366139.5;376787.0;436701.5;226928.0;209773.5;202407.0;102665.5;99741.5;31556.5;5848.0;25708.5;72261.5;30698.0;41563.5
1815;Totaal;Amsterdam;2006;742981.5;365916.5;377065.0;440657.5;228427.0;212230.5;199867.0;101420.0;98447.0;30659.0;5713.0;24946.0;71798.0;30356.5;41441.5
1816;Totaal;Amsterdam;2007;744988.5;366607.0;378381.5;445985.0;230508.5;215476.5;197760.5;100409.0;97351.5;29799.5;5557.5;24242.0;71443.5;30132.0;41311.5
1817;Totaal;Amsterdam;2008;751349.0;369683.5;381665.5;454406.0;234284.0;220122.0;196686.0;99988.5;96697.5;29024.0;5459.0;23565.0;71233.0;29952.0;41281.0
1818;Totaal;Amsterdam;2009;761531.0;375025.5;386505.5;463357.5;238657.0;224700.5;197610.5;100579.5;97031.0;28389.0;5446.0;22943.0;72174.0;30343.0;41831.0
1819;Totaal;Amsterdam;2010;773632.5;380997.5;392635.0;473260.0;243286.0;229974.0;199419.0;101559.0;97860.0;27817.0;5411.0;22406.0;73136.5;30741.5;42395.0
1820;Totaal;Amsterdam;2011;784959.0;386403.5;398555.5;483957.5;248074.5;235883.0;200815.5;102400.5;98415.0;27105.5;5329.5;21776.0;73080.5;30599.0;42481.5
1821;Totaal;Amsterdam;2012;794694.0;391133.0;403561.0;493264.0;252208.5;241055.5;201843.5;103022.5;98821.0;26410.0;5285.0;21125.0;73176.5;30617.0;42559.5
1822;Totaal;Amsterdam;2013;805022.5;396304.0;408718.5;503008.5;256796.0;246212.5;202770.5;103529.5;99241.0;25834.0;5244.5;20589.5;73409.5;30734.0;42675.5
1823;Totaal;Amsterdam;2014;816344.5;402152.5;414192.0;513797.5;262111.5;251686.0;203595.5;103992.5;99603.0;25290.5;5199.5;20091.0;73661.0;30849.0;42812.0
1824;Totaal;Amsterdam;2015;827688.0;408244.5;419443.5;525170.5;267912.5;257258.0;203891.0;104189.5;99701.5;24795.5;5190.0;19605.5;73831.0;30952.5;42878.5
1825;Totaal;Amsterdam;2016;839285.5;414867.5;424418.0;535928.0;273845.5;262082.5;204891.5;104762.5;100129.0;24404.0;5216.5;19187.5;74062.0;31043.0;43019.0
1826;Totaal;Andijk;1995;6226.0;3160.0;3066.0;2741.0;1505.0;1236.0;3024.5;1516.0;1508.5;268.0;46.5;221.5;192.5;92.5;100.0
1827;Totaal;Andijk;1996;6255.5;3186.0;3069.5;2758.0;1523.0;1235.0;3013.5;1508.5;1505.0;269.0;50.5;218.5;215.0;104.0;111.0
1828;Totaal;Andijk;1997;6298.5;3220.5;3078.0;2789.0;1546.5;1242.5;3018.0;1512.0;1506.0;264.5;50.0;214.5;227.0;112.0;115.0
1829;Totaal;Andijk;1998;6369.5;3263.5;3106.0;2828.0;1571.5;1256.5;3047.5;1529.5;1518.0;259.5;48.5;211.0;234.5;114.0;120.5
1830;Totaal;Andijk;1999;6384.5;3270.5;3114.0;2832.5;1578.0;1254.5;3047.0;1530.5;1516.5;263.0;47.5;215.5;242.0;114.5;127.5
1831;Totaal;Andijk;2000;6372.5;3255.0;3117.5;2797.0;1557.0;1240.0;3064.5;1538.0;1526.5;268.0;45.5;222.5;243.0;114.5;128.5
1832;Totaal;Andijk;2001;6397.5;3267.0;3130.5;2787.0;1556.5;1230.5;3079.5;1541.5;1538.0;270.5;46.5;224.0;260.5;122.5;138.0
1833;Totaal;Andijk;2002;6404.0;3273.5;3130.5;2780.5;1556.0;1224.5;3060.5;1531.0;1529.5;275.5;49.0;226.5;287.5;137.5;150.0
1834;Totaal;Andijk;2003;6406.5;3270.5;3136.0;2783.0;1549.5;1233.5;3046.0;1525.5;1520.5;279.0;51.0;228.0;298.5;144.5;154.0
1835;Totaal;Andijk;2004;6424.0;3272.5;3151.5;2798.5;1552.0;1246.5;3036.0;1523.0;1513.0;285.5;54.0;231.5;304.0;143.5;160.5
1836;Totaal;Andijk;2005;6447.5;3292.0;3155.5;2802.5;1558.5;1244.0;3046.5;1528.0;1518.5;285.5;57.0;228.5;313.0;148.5;164.5
1837;Totaal;Andijk;2006;6531.5;3373.5;3158.0;2833.0;1605.5;1227.5;3087.0;1546.0;1541.0;284.0;56.5;227.5;327.5;165.5;162.0
1838;Totaal;Andijk;2007;6587.0;3422.0;3165.0;2845.0;1628.5;1216.5;3125.5;1567.0;1558.5;290.0;57.0;233.0;326.5;169.5;157.0
1839;Totaal;Andijk;2008;6538.0;3385.5;3152.5;2813.5;1597.0;1216.5;3112.5;1560.5;1552.0;291.0;59.5;231.5;321.0;168.5;152.5
1840;Totaal;Andijk;2009;6499.5;3364.0;3135.5;2766.0;1569.0;1197.0;3086.0;1544.5;1541.5;292.5;66.0;226.5;355.0;184.5;170.5
1841;Totaal;Andijk;2010;6511.0;3366.0;3145.0;2744.0;1551.0;1193.0;3090.5;1547.5;1543.0;296.5;73.5;223.0;380.0;194.0;186.0
1842;Totaal;Andijk;2011;;;;;;;;;;;;;;;
1843;Totaal;Andijk;2012;;;;;;;;;;;;;;;
1844;Totaal;Andijk;2013;;;;;;;;;;;;;;;
1845;Totaal;Andijk;2014;;;;;;;;;;;;;;;
1846;Totaal;Andijk;2015;;;;;;;;;;;;;;;
1847;Totaal;Andijk;2016;;;;;;;;;;;;;;;
1848;Totaal;Angerlo;1995;4631.5;2372.0;2259.5;1939.5;1081.0;858.5;2405.5;1201.0;1204.5;180.0;32.5;147.5;106.5;57.5;49.0
1849;Totaal;Angerlo;1996;4654.5;2389.0;2265.5;1928.5;1082.5;846.0;2433.5;1216.5;1217.0;182.5;31.5;151.0;110.0;58.5;51.5
1850;Totaal;Angerlo;1997;4668.5;2392.5;2276.0;1941.5;1090.0;851.5;2426.5;1211.5;1215.0;188.0;32.5;155.5;112.5;58.5;54.0
1851;Totaal;Angerlo;1998;4723.5;2408.0;2315.5;1966.0;1099.0;867.0;2433.0;1215.0;1218.0;201.0;33.0;168.0;123.5;61.0;62.5
1852;Totaal;Angerlo;1999;4806.5;2446.5;2360.0;1997.5;1113.0;884.5;2460.5;1231.0;1229.5;213.0;36.5;176.5;135.5;66.0;69.5
1853;Totaal;Angerlo;2000;4868.5;2474.0;2394.5;2023.5;1118.5;905.0;2483.5;1244.5;1239.0;215.0;39.5;175.5;146.5;71.5;75.0
1854;Totaal;Angerlo;2001;4906.0;2488.0;2418.0;2036.5;1119.0;917.5;2503.5;1255.0;1248.5;217.0;42.5;174.5;149.0;71.5;77.5
1855;Totaal;Angerlo;2002;4957.5;2511.5;2446.0;2075.0;1136.0;939.0;2507.5;1254.0;1253.5;220.0;45.5;174.5;155.0;76.0;79.0
1856;Totaal;Angerlo;2003;5065.0;2559.0;2506.0;2153.0;1170.0;983.0;2508.0;1253.0;1255.0;229.0;49.0;180.0;175.0;87.0;88.0
1857;Totaal;Angerlo;2004;5160.0;2606.0;2554.0;2193.5;1192.5;1001.0;2534.0;1266.0;1268.0;238.0;53.5;184.5;194.5;94.0;100.5
1858;Totaal;Angerlo;2005;;;;;;;;;;;;;;;
1859;Totaal;Angerlo;2006;;;;;;;;;;;;;;;
1860;Totaal;Angerlo;2007;;;;;;;;;;;;;;;
1861;Totaal;Angerlo;2008;;;;;;;;;;;;;;;
1862;Totaal;Angerlo;2009;;;;;;;;;;;;;;;
1863;Totaal;Angerlo;2010;;;;;;;;;;;;;;;
1864;Totaal;Angerlo;2011;;;;;;;;;;;;;;;
1865;Totaal;Angerlo;2012;;;;;;;;;;;;;;;
1866;Totaal;Angerlo;2013;;;;;;;;;;;;;;;
1867;Totaal;Angerlo;2014;;;;;;;;;;;;;;;
1868;Totaal;Angerlo;2015;;;;;;;;;;;;;;;
1869;Totaal;Angerlo;2016;;;;;;;;;;;;;;;
1870;Totaal;Anloo;1995;8009.5;4013.0;3996.5;3072.0;1662.0;1410.0;4220.5;2110.0;2110.5;448.0;103.5;344.5;269.0;137.5;131.5
1871;Totaal;Anloo;1996;8068.5;4030.5;4038.0;3102.0;1662.5;1439.5;4239.5;2121.0;2118.5;450.5;103.5;347.0;276.5;143.5;133.0
1872;Totaal;Anloo;1997;8186.0;4086.5;4099.5;3172.0;1704.0;1468.0;4268.0;2135.0;2133.0;460.0;102.0;358.0;286.0;145.5;140.5
1873;Totaal;Anloo;1998;;;;;;;;;;;;;;;
1874;Totaal;Anloo;1999;;;;;;;;;;;;;;;
1875;Totaal;Anloo;2000;;;;;;;;;;;;;;;
1876;Totaal;Anloo;2001;;;;;;;;;;;;;;;
1877;Totaal;Anloo;2002;;;;;;;;;;;;;;;
1878;Totaal;Anloo;2003;;;;;;;;;;;;;;;
1879;Totaal;Anloo;2004;;;;;;;;;;;;;;;
1880;Totaal;Anloo;2005;;;;;;;;;;;;;;;
1881;Totaal;Anloo;2006;;;;;;;;;;;;;;;
1882;Totaal;Anloo;2007;;;;;;;;;;;;;;;
1883;Totaal;Anloo;2008;;;;;;;;;;;;;;;
1884;Totaal;Anloo;2009;;;;;;;;;;;;;;;
1885;Totaal;Anloo;2010;;;;;;;;;;;;;;;
1886;Totaal;Anloo;2011;;;;;;;;;;;;;;;
1887;Totaal;Anloo;2012;;;;;;;;;;;;;;;
1888;Totaal;Anloo;2013;;;;;;;;;;;;;;;
1889;Totaal;Anloo;2014;;;;;;;;;;;;;;;
1890;Totaal;Anloo;2015;;;;;;;;;;;;;;;
1891;Totaal;Anloo;2016;;;;;;;;;;;;;;;
1892;Totaal;Anna Paulowna;1995;13211.5;6723.5;6488.0;5672.5;3144.0;2528.5;6456.5;3226.0;3230.5;580.5;114.0;466.5;502.0;239.5;262.5
1893;Totaal;Anna Paulowna;1996;13444.0;6839.5;6604.5;5769.0;3198.0;2571.0;6566.0;3283.5;3282.5;582.0;115.5;466.5;527.0;242.5;284.5
1894;Totaal;Anna Paulowna;1997;13505.0;6855.5;6649.5;5773.5;3195.0;2578.5;6605.0;3302.0;3303.0;584.0;115.0;469.0;542.5;243.5;299.0
1895;Totaal;Anna Paulowna;1998;13576.5;6878.5;6698.0;5797.0;3199.5;2597.5;6627.5;3314.0;3313.5;579.5;110.5;469.0;572.5;254.5;318.0
1896;Totaal;Anna Paulowna;1999;13760.5;6971.0;6789.5;5896.5;3250.0;2646.5;6694.5;3350.5;3344.0;577.5;106.5;471.0;592.0;264.0;328.0
1897;Totaal;Anna Paulowna;2000;13890.5;7040.5;6850.0;5963.5;3285.0;2678.5;6745.5;3378.0;3367.5;574.0;111.0;463.0;607.5;266.5;341.0
1898;Totaal;Anna Paulowna;2001;13955.5;7068.5;6887.0;6020.5;3308.0;2712.5;6732.5;3369.0;3363.5;566.0;116.0;450.0;636.5;275.5;361.0
1899;Totaal;Anna Paulowna;2002;13960.5;7064.0;6896.5;6060.0;3324.5;2735.5;6667.0;3334.0;3333.0;575.5;120.0;455.5;658.0;285.5;372.5
1900;Totaal;Anna Paulowna;2003;13946.5;7048.5;6898.0;6055.5;3318.0;2737.5;6652.5;3326.0;3326.5;582.5;122.5;460.0;656.0;282.0;374.0
1901;Totaal;Anna Paulowna;2004;13956.5;7051.0;6905.5;6058.0;3317.0;2741.0;6670.0;3332.5;3337.5;584.5;125.5;459.0;644.0;276.0;368.0
1902;Totaal;Anna Paulowna;2005;13991.0;7067.5;6923.5;6057.5;3316.5;2741.0;6670.5;3333.5;3337.0;595.0;133.5;461.5;668.0;284.0;384.0
1903;Totaal;Anna Paulowna;2006;14015.5;7083.0;6932.5;6034.5;3312.5;2722.0;6693.5;3346.0;3347.5;594.0;133.0;461.0;693.5;291.5;402.0
1904;Totaal;Anna Paulowna;2007;14066.0;7115.5;6950.5;6059.5;3331.5;2728.0;6722.5;3357.5;3365.0;589.0;133.0;456.0;695.0;293.5;401.5
1905;Totaal;Anna Paulowna;2008;14139.0;7162.5;6976.5;6123.5;3365.5;2758.0;6726.5;3359.5;3367.0;593.0;140.5;452.5;696.0;297.0;399.0
1906;Totaal;Anna Paulowna;2009;14194.5;7201.0;6993.5;6132.5;3375.5;2757.0;6739.0;3366.5;3372.5;587.5;140.5;447.0;735.5;318.5;417.0
1907;Totaal;Anna Paulowna;2010;14247.0;7219.0;7028.0;6108.0;3362.5;2745.5;6769.5;3379.0;3390.5;586.0;134.5;451.5;783.5;343.0;440.5
1908;Totaal;Anna Paulowna;2011;14282.0;7219.0;7063.0;6121.0;3359.5;2761.5;6755.5;3371.5;3384.0;597.0;132.0;465.0;808.5;356.0;452.5
1909;Totaal;Anna Paulowna;2012;;;;;;;;;;;;;;;
1910;Totaal;Anna Paulowna;2013;;;;;;;;;;;;;;;
1911;Totaal;Anna Paulowna;2014;;;;;;;;;;;;;;;
1912;Totaal;Anna Paulowna;2015;;;;;;;;;;;;;;;
1913;Totaal;Anna Paulowna;2016;;;;;;;;;;;;;;;
1914;Totaal;Apeldoorn;1995;150392.0;73584.5;76807.5;63589.5;33798.5;29791.0;70509.0;35243.5;35265.5;9457.5;1602.5;7855.0;6836.0;2940.0;3896.0
1915;Totaal;Apeldoorn;1996;151309.0;74101.5;77207.5;64260.5;34211.0;30049.5;70429.0;35189.0;35240.0;9469.0;1630.5;7838.5;7150.5;3071.0;4079.5
1916;Totaal;Apeldoorn;1997;152028.5;74435.5;77593.0;64641.5;34384.5;30257.0;70405.5;35166.5;35239.0;9512.5;1687.0;7825.5;7469.0;3197.5;4271.5
1917;Totaal;Apeldoorn;1998;152607.0;74721.0;77886.0;64749.0;34426.0;30323.0;70585.5;35282.0;35303.5;9417.0;1683.0;7734.0;7855.5;3330.0;4525.5
1918;Totaal;Apeldoorn;1999;153060.5;75003.0;78057.5;64832.5;34509.5;30323.0;70725.5;35375.0;35350.5;9386.0;1669.5;7716.5;8116.5;3449.0;4667.5
1919;Totaal;Apeldoorn;2000;153472.0;75248.0;78224.0;65050.0;34648.5;30401.5;70688.0;35366.5;35321.5;9484.5;1697.0;7787.5;8249.5;3536.0;4713.5
1920;Totaal;Apeldoorn;2001;154271.0;75709.5;78561.5;65754.0;35037.0;30717.0;70518.5;35269.5;35249.0;9452.5;1719.0;7733.5;8546.0;3684.0;4862.0
1921;Totaal;Apeldoorn;2002;155300.0;76280.0;79020.0;66621.0;35510.5;31110.5;70372.0;35195.0;35177.0;9443.0;1735.0;7708.0;8864.0;3839.5;5024.5
1922;Totaal;Apeldoorn;2003;155870.5;76561.5;79309.0;67161.5;35803.5;31358.0;70147.5;35087.0;35060.5;9443.5;1730.0;7713.5;9118.0;3941.0;5177.0
1923;Totaal;Apeldoorn;2004;156032.0;76601.5;79430.5;67460.0;35924.0;31536.0;69810.5;34909.0;34901.5;9434.5;1738.5;7696.0;9327.0;4030.0;5297.0
1924;Totaal;Apeldoorn;2005;156057.5;76617.0;79440.5;67693.5;36042.5;31651.0;69423.0;34703.5;34719.5;9389.5;1736.0;7653.5;9551.5;4135.0;5416.5
1925;Totaal;Apeldoorn;2006;155807.5;76518.0;79289.5;67853.0;36143.0;31710.0;68886.5;34430.0;34456.5;9308.0;1722.0;7586.0;9760.0;4223.0;5537.0
1926;Totaal;Apeldoorn;2007;155336.0;76291.0;79045.0;67843.0;36118.5;31724.5;68325.5;34140.5;34185.0;9238.0;1732.5;7505.5;9929.5;4299.5;5630.0
1927;Totaal;Apeldoorn;2008;155220.0;76329.0;78891.0;68024.5;36262.0;31762.5;67903.5;33935.5;33968.0;9170.0;1742.0;7428.0;10122.0;4389.5;5732.5
1928;Totaal;Apeldoorn;2009;155529.0;76613.5;78915.5;68135.0;36428.5;31706.5;67654.0;33834.5;33819.5;9131.5;1768.0;7363.5;10608.5;4582.5;6026.0
1929;Totaal;Apeldoorn;2010;155962.5;76921.0;79041.5;68286.0;36572.0;31714.0;67486.5;33761.5;33725.0;9084.5;1795.0;7289.5;11105.5;4792.5;6313.0
1930;Totaal;Apeldoorn;2011;156580.0;77306.5;79273.5;68873.0;36908.0;31965.0;67404.5;33709.5;33695.0;8997.0;1806.5;7190.5;11305.5;4882.5;6423.0
1931;Totaal;Apeldoorn;2012;157138.0;77570.5;79567.5;69365.5;37135.5;32230.0;67234.5;33617.5;33617.0;8981.5;1826.0;7155.5;11556.5;4991.5;6565.0
1932;Totaal;Apeldoorn;2013;157430.0;77706.0;79724.0;69720.5;37277.5;32443.0;66880.5;33444.5;33436.0;8956.5;1837.0;7119.5;11872.5;5147.0;6725.5
1933;Totaal;Apeldoorn;2014;157822.0;77979.5;79842.5;70133.5;37520.0;32613.5;66651.5;33319.0;33332.5;8880.5;1852.5;7028.0;12156.5;5288.0;6868.5
1934;Totaal;Apeldoorn;2015;158562.0;78486.0;80076.0;70755.5;37898.0;32857.5;66527.5;33255.5;33272.0;8811.5;1899.5;6912.0;12467.5;5433.0;7034.5
1935;Totaal;Apeldoorn;2016;159536.0;79150.0;80386.0;71599.0;38426.5;33172.5;66396.5;33198.5;33198.0;8753.5;1948.0;6805.5;12787.0;5577.0;7210.0
1936;Totaal;Appingedam;1995;12395.0;5974.0;6421.0;4782.5;2550.5;2232.0;6102.5;3044.5;3058.0;1002.5;154.5;848.0;507.5;224.5;283.0
1937;Totaal;Appingedam;1996;12352.5;5955.0;6397.5;4761.5;2534.0;2227.5;6067.5;3026.5;3041.0;994.5;160.5;834.0;529.0;234.0;295.0
1938;Totaal;Appingedam;1997;12291.5;5927.0;6364.5;4765.5;2540.5;2225.0;5970.5;2979.5;2991.0;995.0;160.5;834.5;560.5;246.5;314.0
1939;Totaal;Appingedam;1998;12251.0;5909.5;6341.5;4784.5;2562.5;2222.0;5890.5;2942.0;2948.5;987.5;156.5;831.0;588.5;248.5;340.0
1940;Totaal;Appingedam;1999;12271.0;5920.5;6350.5;4819.0;2586.0;2233.0;5866.5;2928.0;2938.5;983.5;158.0;825.5;602.0;248.5;353.5
1941;Totaal;Appingedam;2000;12370.5;5981.0;6389.5;4906.5;2640.5;2266.0;5868.0;2925.5;2942.5;986.5;160.5;826.0;609.5;254.5;355.0
1942;Totaal;Appingedam;2001;12438.5;6022.0;6416.5;4987.0;2687.5;2299.5;5828.0;2908.0;2920.0;982.0;161.0;821.0;641.5;265.5;376.0
1943;Totaal;Appingedam;2002;12455.0;6043.5;6411.5;5003.5;2700.5;2303.0;5812.0;2903.0;2909.0;959.0;156.5;802.5;680.5;283.5;397.0
1944;Totaal;Appingedam;2003;12441.0;6045.5;6395.5;4986.5;2690.5;2296.0;5807.5;2902.0;2905.5;939.0;153.0;786.0;708.0;300.0;408.0
1945;Totaal;Appingedam;2004;12426.0;6038.5;6387.5;4999.0;2693.5;2305.5;5759.5;2878.0;2881.5;933.0;152.5;780.5;734.5;314.5;420.0
1946;Totaal;Appingedam;2005;12364.0;6025.0;6339.0;4998.5;2703.5;2295.0;5695.5;2842.5;2853.0;920.5;153.0;767.5;749.5;326.0;423.5
1947;Totaal;Appingedam;2006;12239.0;5965.0;6274.0;4949.5;2679.5;2270.0;5616.5;2802.0;2814.5;913.0;154.0;759.0;760.0;329.5;430.5
1948;Totaal;Appingedam;2007;12159.0;5900.0;6259.0;4935.0;2654.0;2281.0;5537.5;2765.0;2772.5;914.5;155.5;759.0;772.0;325.5;446.5
1949;Totaal;Appingedam;2008;12122.5;5861.0;6261.5;4945.5;2643.5;2302.0;5472.0;2730.5;2741.5;913.5;157.5;756.0;791.5;329.5;462.0
1950;Totaal;Appingedam;2009;12073.0;5822.5;6250.5;4907.5;2612.5;2295.0;5409.0;2698.5;2710.5;916.5;159.5;757.0;840.0;352.0;488.0
1951;Totaal;Appingedam;2010;12061.0;5831.0;6230.0;4907.0;2620.0;2287.0;5354.0;2674.0;2680.0;922.0;169.5;752.5;878.0;367.5;510.5
1952;Totaal;Appingedam;2011;12071.5;5846.5;6225.0;4932.5;2637.0;2295.5;5312.5;2652.0;2660.5;927.0;181.0;746.0;899.5;376.5;523.0
1953;Totaal;Appingedam;2012;12053.0;5828.5;6224.5;4926.5;2622.0;2304.5;5276.0;2631.5;2644.5;925.5;185.0;740.5;925.0;390.0;535.0
1954;Totaal;Appingedam;2013;12058.5;5840.5;6218.0;4964.5;2645.5;2319.0;5229.0;2605.5;2623.5;917.0;189.0;728.0;948.0;400.5;547.5
1955;Totaal;Appingedam;2014;12037.5;5826.5;6211.0;4992.0;2652.0;2340.0;5150.0;2565.0;2585.0;905.5;192.0;713.5;990.0;417.5;572.5
1956;Totaal;Appingedam;2015;12006.0;5804.5;6201.5;5018.0;2651.0;2367.0;5082.0;2534.0;2548.0;894.0;194.0;700.0;1012.0;425.5;586.5
1957;Totaal;Appingedam;2016;11986.0;5802.0;6184.0;5060.0;2674.0;2386.0;5028.0;2508.0;2520.0;882.0;194.5;687.5;1016.0;425.5;590.5
1958;Totaal;Arcen en Velden;1995;8992.5;4539.0;4453.5;3689.5;2008.0;1681.5;4660.0;2334.0;2326.0;401.5;84.5;317.0;241.5;112.5;129.0
1959;Totaal;Arcen en Velden;1996;9014.5;4537.5;4477.0;3695.0;2004.5;1690.5;4661.0;2331.0;2330.0;416.0;86.5;329.5;242.5;115.5;127.0
1960;Totaal;Arcen en Velden;1997;9037.5;4534.5;4503.0;3684.5;1992.0;1692.5;4669.0;2332.5;2336.5;432.0;89.0;343.0;252.0;121.0;131.0
1961;Totaal;Arcen en Velden;1998;9064.5;4559.5;4505.0;3689.5;2010.5;1679.0;4664.5;2330.0;2334.5;442.0;92.0;350.0;268.5;127.0;141.5
1962;Totaal;Arcen en Velden;1999;9094.5;4576.0;4518.5;3692.5;2012.5;1680.0;4682.0;2339.5;2342.5;445.0;95.0;350.0;275.0;129.0;146.0
1963;Totaal;Arcen en Velden;2000;9079.5;4566.0;4513.5;3667.5;1997.5;1670.0;4685.0;2340.5;2344.5;441.5;93.0;348.5;285.5;135.0;150.5
1964;Totaal;Arcen en Velden;2001;8976.0;4521.5;4454.5;3618.0;1973.5;1644.5;4619.5;2309.5;2310.0;435.5;91.5;344.0;303.0;147.0;156.0
1965;Totaal;Arcen en Velden;2002;8955.0;4515.0;4440.0;3618.0;1972.5;1645.5;4574.5;2289.0;2285.5;436.0;91.0;345.0;326.5;162.5;164.0
1966;Totaal;Arcen en Velden;2003;8909.0;4489.5;4419.5;3595.5;1964.5;1631.0;4518.5;2261.0;2257.5;447.0;91.5;355.5;348.0;172.5;175.5
1967;Totaal;Arcen en Velden;2004;8881.0;4464.5;4416.5;3586.0;1954.0;1632.0;4469.5;2237.5;2232.0;464.5;96.0;368.5;361.0;177.0;184.0
1968;Totaal;Arcen en Velden;2005;8878.0;4452.5;4425.5;3591.0;1947.5;1643.5;4449.5;2227.0;2222.5;469.5;98.5;371.0;368.0;179.5;188.5
1969;Totaal;Arcen en Velden;2006;8822.0;4410.5;4411.5;3556.0;1921.0;1635.0;4417.5;2208.5;2209.0;478.0;100.5;377.5;370.5;180.5;190.0
1970;Totaal;Arcen en Velden;2007;8761.5;4363.5;4398.0;3518.0;1892.0;1626.0;4374.0;2186.5;2187.5;490.0;100.0;390.0;379.5;185.0;194.5
1971;Totaal;Arcen en Velden;2008;8727.0;4338.0;4389.0;3504.0;1881.5;1622.5;4325.0;2160.0;2165.0;498.5;101.5;397.0;399.5;195.0;204.5
1972;Totaal;Arcen en Velden;2009;8689.5;4317.5;4372.0;3475.0;1868.0;1607.0;4284.5;2136.0;2148.5;503.0;107.5;395.5;427.0;206.0;221.0
1973;Totaal;Arcen en Velden;2010;;;;;;;;;;;;;;;
1974;Totaal;Arcen en Velden;2011;;;;;;;;;;;;;;;
1975;Totaal;Arcen en Velden;2012;;;;;;;;;;;;;;;
1976;Totaal;Arcen en Velden;2013;;;;;;;;;;;;;;;
1977;Totaal;Arcen en Velden;2014;;;;;;;;;;;;;;;
1978;Totaal;Arcen en Velden;2015;;;;;;;;;;;;;;;
1979;Totaal;Arcen en Velden;2016;;;;;;;;;;;;;;;
1980;Totaal;Arnemuiden;1995;4990.5;2513.0;2477.5;2288.5;1228.5;1060.0;2403.5;1204.0;1199.5;197.5;39.0;158.5;101.0;41.5;59.5
1981;Totaal;Arnemuiden;1996;5056.5;2552.0;2504.5;2287.5;1233.0;1054.5;2458.0;1229.5;1228.5;200.0;41.0;159.0;111.0;48.5;62.5
1982;Totaal;Arnemuiden;1997;;;;;;;;;;;;;;;
1983;Totaal;Arnemuiden;1998;;;;;;;;;;;;;;;
1984;Totaal;Arnemuiden;1999;;;;;;;;;;;;;;;
1985;Totaal;Arnemuiden;2000;;;;;;;;;;;;;;;
1986;Totaal;Arnemuiden;2001;;;;;;;;;;;;;;;
1987;Totaal;Arnemuiden;2002;;;;;;;;;;;;;;;
1988;Totaal;Arnemuiden;2003;;;;;;;;;;;;;;;
1989;Totaal;Arnemuiden;2004;;;;;;;;;;;;;;;
1990;Totaal;Arnemuiden;2005;;;;;;;;;;;;;;;
1991;Totaal;Arnemuiden;2006;;;;;;;;;;;;;;;
1992;Totaal;Arnemuiden;2007;;;;;;;;;;;;;;;
1993;Totaal;Arnemuiden;2008;;;;;;;;;;;;;;;
1994;Totaal;Arnemuiden;2009;;;;;;;;;;;;;;;
1995;Totaal;Arnemuiden;2010;;;;;;;;;;;;;;;
1996;Totaal;Arnemuiden;2011;;;;;;;;;;;;;;;
1997;Totaal;Arnemuiden;2012;;;;;;;;;;;;;;;
1998;Totaal;Arnemuiden;2013;;;;;;;;;;;;;;;
1999;Totaal;Arnemuiden;2014;;;;;;;;;;;;;;;
2000;Totaal;Arnemuiden;2015;;;;;;;;;;;;;;;
2001;Totaal;Arnemuiden;2016;;;;;;;;;;;;;;;
2002;Totaal;Arnhem;1995;134800.0;65390.0;69410.0;66409.0;34565.0;31844.0;51023.5;25517.0;25506.5;8381.5;1456.0;6925.5;8986.0;3852.0;5134.0
2003;Totaal;Arnhem;1996;134993.0;65522.0;69471.0;66946.5;34844.0;32102.5;50540.0;25280.0;25260.0;8326.5;1462.5;6864.0;9180.0;3935.5;5244.5
2004;Totaal;Arnhem;1997;135567.0;65953.5;69613.5;67717.0;35337.0;32380.0;50279.0;25161.5;25117.5;8251.5;1457.0;6794.5;9319.5;3998.0;5321.5
2005;Totaal;Arnhem;1998;136698.0;66758.0;69940.0;68847.5;36089.5;32758.0;50128.5;25106.0;25022.5;8059.5;1450.0;6609.5;9662.5;4112.5;5550.0
2006;Totaal;Arnhem;1999;137688.0;67469.5;70218.5;69821.0;36722.5;33098.5;49993.0;25059.0;24934.0;7955.5;1450.5;6505.0;9918.5;4237.5;5681.0
2007;Totaal;Arnhem;2000;138741.5;68114.0;70627.5;70778.5;37261.0;33517.5;49997.5;25076.0;24921.5;7931.5;1449.0;6482.5;10034.0;4328.0;5706.0
2008;Totaal;Arnhem;2001;140032.5;68888.0;71144.5;71963.5;37947.5;34016.0;49949.0;25059.0;24890.0;7806.5;1430.5;6376.0;10313.5;4451.0;5862.5
2009;Totaal;Arnhem;2002;141132.0;69546.5;71585.5;73084.5;38565.0;34519.5;49766.0;24965.0;24801.0;7668.5;1426.5;6242.0;10613.0;4590.0;6023.0
2010;Totaal;Arnhem;2003;141564.5;69844.0;71720.5;73908.5;38985.0;34923.5;49350.0;24750.0;24600.0;7498.0;1425.5;6072.5;10808.0;4683.5;6124.5
2011;Totaal;Arnhem;2004;141461.0;69860.0;71601.0;74403.5;39204.0;35199.5;48797.0;24484.0;24313.0;7320.5;1413.0;5907.5;10940.0;4759.0;6181.0
2012;Totaal;Arnhem;2005;141758.0;70025.0;71733.0;75186.5;39557.0;35629.5;48339.0;24253.5;24085.5;7158.5;1402.5;5756.0;11074.0;4812.0;6262.0
2013;Totaal;Arnhem;2006;142382.0;70396.5;71985.5;76244.5;40107.5;36137.0;47932.0;24040.0;23892.0;7029.0;1390.5;5638.5;11176.5;4858.5;6318.0
2014;Totaal;Arnhem;2007;143075.5;70806.5;72269.0;77182.5;40590.5;36592.0;47643.5;23907.0;23736.5;6935.5;1375.5;5560.0;11314.0;4933.5;6380.5
2015;Totaal;Arnhem;2008;144578.0;71638.5;72939.5;78567.5;41318.0;37249.5;47642.0;23903.0;23739.0;6841.5;1374.5;5467.0;11527.0;5043.0;6484.0
2016;Totaal;Arnhem;2009;146296.0;72589.5;73706.5;79738.5;41948.5;37790.0;47841.0;23990.0;23851.0;6753.5;1399.0;5354.5;11963.0;5252.0;6711.0
2017;Totaal;Arnhem;2010;147544.0;73237.0;74307.0;80508.0;42322.5;38185.5;47970.0;24052.0;23918.0;6707.5;1433.0;5274.5;12358.5;5429.5;6929.0
2018;Totaal;Arnhem;2011;148670.5;73787.0;74883.5;81417.5;42725.0;38692.5;48046.0;24096.5;23949.5;6668.5;1462.0;5206.5;12538.5;5503.5;7035.0
2019;Totaal;Arnhem;2012;149549.0;74213.0;75336.0;82077.5;43021.0;39056.5;48186.5;24176.5;24010.0;6579.5;1464.5;5115.0;12705.5;5551.0;7154.5
2020;Totaal;Arnhem;2013;150325.0;74694.0;75631.0;82743.5;43422.5;39321.0;48149.5;24167.0;23982.5;6498.5;1471.5;5027.0;12933.5;5633.0;7300.5
2021;Totaal;Arnhem;2014;151558.0;75450.5;76107.5;83892.5;44114.5;39778.0;47970.5;24073.5;23897.0;6442.5;1489.5;4953.0;13252.5;5773.0;7479.5
2022;Totaal;Arnhem;2015;153055.5;76244.0;76811.5;85236.5;44834.5;40402.0;47911.5;24032.5;23879.0;6400.0;1499.0;4901.0;13507.5;5878.0;7629.5
2023;Totaal;Arnhem;2016;154758.5;77161.5;77597.0;86659.0;45620.5;41038.5;47987.5;24078.5;23909.0;6368.0;1502.5;4865.5;13744.0;5960.0;7784.0
2024;Totaal;Assen;1995;53164.5;25733.5;27431.0;23885.5;12383.5;11502.0;23415.0;11693.5;11721.5;3221.5;548.0;2673.5;2642.5;1108.5;1534.0
2025;Totaal;Assen;1996;54085.5;26245.5;27840.0;24420.0;12716.0;11704.0;23632.0;11803.0;11829.0;3258.0;572.5;2685.5;2775.5;1154.0;1621.5
2026;Totaal;Assen;1997;55247.0;26838.0;28409.0;25002.5;13026.5;11976.0;24035.0;12009.5;12025.5;3288.5;589.5;2699.0;2921.0;1212.5;1708.5
2027;Totaal;Assen;1998;56853.5;27642.5;29211.0;25712.0;13399.5;12312.5;24723.5;12352.5;12371.0;3294.5;586.0;2708.5;3123.5;1304.5;1819.0
2028;Totaal;Assen;1999;57911.5;28154.5;29757.0;26181.5;13629.0;12552.5;25158.5;12575.5;12583.0;3304.0;585.5;2718.5;3267.5;1364.5;1903.0
2029;Totaal;Assen;2000;58725.5;28563.5;30162.0;26549.5;13809.5;12740.0;25441.5;12723.0;12718.5;3347.0;610.5;2736.5;3387.5;1420.5;1967.0
2030;Totaal;Assen;2001;59618.0;29005.0;30613.0;27085.5;14077.5;13008.0;25634.0;12813.0;12821.0;3365.0;634.0;2731.0;3533.5;1480.5;2053.0
2031;Totaal;Assen;2002;60903.5;29637.0;31266.5;27865.5;14461.0;13404.5;25973.5;12982.0;12991.5;3368.5;639.5;2729.0;3696.0;1554.5;2141.5
2032;Totaal;Assen;2003;61751.0;30072.5;31678.5;28390.0;14732.5;13657.5;26228.5;13109.5;13119.0;3331.5;629.5;2702.0;3801.0;1601.0;2200.0
2033;Totaal;Assen;2004;62340.0;30412.5;31927.5;28830.5;14985.0;13845.5;26345.0;13168.5;13176.5;3293.5;630.5;2663.0;3871.0;1628.5;2242.5
2034;Totaal;Assen;2005;63069.0;30785.0;32284.0;29334.0;15256.0;14078.0;26437.0;13209.0;13228.0;3322.5;643.5;2679.0;3975.5;1676.5;2299.0
2035;Totaal;Assen;2006;63887.0;31187.5;32699.5;29862.5;15546.0;14316.5;26557.0;13259.5;13297.5;3366.5;652.5;2714.0;4101.0;1729.5;2371.5
2036;Totaal;Assen;2007;64939.0;31718.0;33221.0;30491.0;15876.0;14615.0;26791.5;13377.5;13414.0;3388.5;663.5;2725.0;4268.0;1801.0;2467.0
2037;Totaal;Assen;2008;65928.0;32175.5;33752.5;31016.0;16120.5;14895.5;27047.5;13502.5;13545.0;3409.0;673.0;2736.0;4455.5;1879.5;2576.0
2038;Totaal;Assen;2009;66613.0;32486.0;34127.0;31181.5;16208.5;14973.0;27165.5;13556.5;13609.0;3429.5;678.0;2751.5;4836.5;2043.0;2793.5
2039;Totaal;Assen;2010;67017.0;32718.0;34299.0;31252.0;16291.5;14960.5;27130.0;13540.0;13590.0;3425.5;681.0;2744.5;5209.5;2205.5;3004.0
2040;Totaal;Assen;2011;67192.5;32880.0;34312.5;31367.5;16409.5;14958.0;27082.5;13523.0;13559.5;3404.0;686.5;2717.5;5338.5;2261.0;3077.5
2041;Totaal;Assen;2012;67206.0;32970.0;34236.0;31356.5;16474.0;14882.5;26997.5;13484.0;13513.5;3402.0;694.5;2707.5;5450.0;2317.5;3132.5
2042;Totaal;Assen;2013;67197.0;32999.0;34198.0;31328.5;16489.0;14839.5;26878.0;13418.0;13460.0;3410.5;706.5;2704.0;5580.0;2385.5;3194.5
2043;Totaal;Assen;2014;67177.5;33002.0;34175.5;31302.5;16481.5;14821.0;26731.0;13342.5;13388.5;3441.5;730.5;2711.0;5702.5;2447.5;3255.0
2044;Totaal;Assen;2015;67113.0;33021.0;34092.0;31267.5;16507.5;14760.0;26530.5;13244.5;13286.0;3482.0;762.5;2719.5;5833.0;2506.5;3326.5
2045;Totaal;Assen;2016;67306.0;33197.5;34108.5;31442.0;16680.5;14761.5;26419.0;13194.5;13224.5;3486.0;776.5;2709.5;5959.0;2546.0;3413.0
2046;Totaal;Asten;1995;15998.5;8105.5;7893.0;7134.5;3850.0;3284.5;7880.0;3933.5;3946.5;640.0;154.0;486.0;344.0;168.0;176.0
2047;Totaal;Asten;1996;16018.0;8122.5;7895.5;7144.5;3862.5;3282.0;7864.0;3929.5;3934.5;647.5;155.0;492.5;362.0;175.5;186.5
2048;Totaal;Asten;1997;15913.0;8087.0;7826.0;7092.0;3859.0;3233.0;7793.5;3896.5;3897.0;660.0;155.5;504.5;367.5;176.0;191.5
2049;Totaal;Asten;1998;15883.0;8083.5;7799.5;7054.5;3855.5;3199.0;7790.5;3894.5;3896.0;670.0;157.0;513.0;368.0;176.5;191.5
2050;Totaal;Asten;1999;15825.5;8051.5;7774.0;6986.0;3817.5;3168.5;7782.5;3889.5;3893.0;674.0;160.0;514.0;383.0;184.5;198.5
2051;Totaal;Asten;2000;15784.0;8030.5;7753.5;6906.5;3776.0;3130.5;7781.0;3887.0;3894.0;676.0;162.0;514.0;420.5;205.5;215.0
2052;Totaal;Asten;2001;15862.5;8080.0;7782.5;6909.5;3786.0;3123.5;7813.0;3904.0;3909.0;681.5;163.5;518.0;458.5;226.5;232.0
2053;Totaal;Asten;2002;16013.5;8149.5;7864.0;6974.0;3821.5;3152.5;7843.5;3922.0;3921.5;698.0;165.5;532.5;498.0;240.5;257.5
2054;Totaal;Asten;2003;16114.5;8205.0;7909.5;7020.5;3860.5;3160.0;7858.5;3932.5;3926.0;704.5;164.5;540.0;531.0;247.5;283.5
2055;Totaal;Asten;2004;16199.5;8247.5;7952.0;7050.5;3880.0;3170.5;7858.5;3936.0;3922.5;732.5;170.5;562.0;558.0;261.0;297.0
2056;Totaal;Asten;2005;16280.0;8276.0;8004.0;7082.5;3889.0;3193.5;7837.5;3924.0;3913.5;773.5;182.0;591.5;586.5;281.0;305.5
2057;Totaal;Asten;2006;16336.5;8329.0;8007.5;7140.5;3937.5;3203.0;7812.5;3911.5;3901.0;761.5;180.0;581.5;622.0;300.0;322.0
2058;Totaal;Asten;2007;16383.0;8374.0;8009.0;7173.0;3975.5;3197.5;7794.5;3904.0;3890.5;748.0;173.5;574.5;667.5;321.0;346.5
2059;Totaal;Asten;2008;16377.5;8375.0;8002.5;7153.0;3972.0;3181.0;7750.0;3881.0;3869.0;763.0;179.5;583.5;711.5;342.5;369.0
2060;Totaal;Asten;2009;16349.0;8371.0;7978.0;7112.5;3954.5;3158.0;7701.0;3858.0;3843.0;780.0;191.0;589.0;755.5;367.5;388.0
2061;Totaal;Asten;2010;16315.5;8356.0;7959.5;7065.5;3928.0;3137.5;7677.5;3847.0;3830.5;789.5;198.0;591.5;783.0;383.0;400.0
2062;Totaal;Asten;2011;16350.0;8376.0;7974.0;7097.5;3951.5;3146.0;7655.5;3834.5;3821.0;800.0;204.5;595.5;797.0;385.5;411.5
2063;Totaal;Asten;2012;16398.0;8421.5;7976.5;7135.5;3998.5;3137.0;7623.0;3818.5;3804.5;820.0;209.5;610.5;819.5;395.0;424.5
2064;Totaal;Asten;2013;16416.0;8445.0;7971.0;7128.0;4009.0;3119.0;7610.0;3815.5;3794.5;842.5;214.5;628.0;835.5;406.0;429.5
2065;Totaal;Asten;2014;16499.5;8481.0;8018.5;7179.5;4030.0;3149.5;7593.5;3810.5;3783.0;868.5;222.5;646.0;858.0;418.0;440.0
2066;Totaal;Asten;2015;16569.5;8515.0;8054.5;7238.0;4057.5;3180.5;7567.0;3796.0;3771.0;878.0;229.0;649.0;886.5;432.5;454.0
2067;Totaal;Asten;2016;16647.0;8564.0;8083.0;7314.5;4106.5;3208.0;7533.5;3781.5;3752.0;888.0;235.0;653.0;911.0;441.0;470.0
2068;Totaal;Avereest;1995;14732.5;7490.0;7242.5;6234.0;3490.0;2744.0;7279.5;3646.0;3633.5;842.0;160.0;682.0;377.0;194.0;183.0
2069;Totaal;Avereest;1996;14825.0;7505.5;7319.5;6284.5;3492.5;2792.0;7327.5;3669.5;3658.0;831.0;148.0;683.0;382.0;195.5;186.5
2070;Totaal;Avereest;1997;14923.0;7536.0;7387.0;6322.5;3495.5;2827.0;7375.0;3692.0;3683.0;821.0;141.5;679.5;404.5;207.0;197.5
2071;Totaal;Avereest;1998;15069.0;7618.0;7451.0;6360.0;3523.5;2836.5;7448.5;3729.0;3719.5;822.0;144.0;678.0;438.5;221.5;217.0
2072;Totaal;Avereest;1999;15226.5;7715.0;7511.5;6414.0;3566.0;2848.0;7529.5;3768.0;3761.5;821.0;149.5;671.5;462.0;231.5;230.5
2073;Totaal;Avereest;2000;15328.5;7780.0;7548.5;6462.0;3603.5;2858.5;7545.5;3774.5;3771.0;821.0;149.0;672.0;500.0;253.0;247.0
2074;Totaal;Avereest;2001;;;;;;;;;;;;;;;
2075;Totaal;Avereest;2002;;;;;;;;;;;;;;;
2076;Totaal;Avereest;2003;;;;;;;;;;;;;;;
2077;Totaal;Avereest;2004;;;;;;;;;;;;;;;
2078;Totaal;Avereest;2005;;;;;;;;;;;;;;;
2079;Totaal;Avereest;2006;;;;;;;;;;;;;;;
2080;Totaal;Avereest;2007;;;;;;;;;;;;;;;
2081;Totaal;Avereest;2008;;;;;;;;;;;;;;;
2082;Totaal;Avereest;2009;;;;;;;;;;;;;;;
2083;Totaal;Avereest;2010;;;;;;;;;;;;;;;
2084;Totaal;Avereest;2011;;;;;;;;;;;;;;;
2085;Totaal;Avereest;2012;;;;;;;;;;;;;;;
2086;Totaal;Avereest;2013;;;;;;;;;;;;;;;
2087;Totaal;Avereest;2014;;;;;;;;;;;;;;;
2088;Totaal;Avereest;2015;;;;;;;;;;;;;;;
2089;Totaal;Avereest;2016;;;;;;;;;;;;;;;
2090;Totaal;Axel;1995;12119.5;6059.5;6060.0;4542.5;2524.5;2018.0;6271.0;3130.5;3140.5;868.0;194.5;673.5;438.0;210.0;228.0
2091;Totaal;Axel;1996;12185.0;6074.5;6110.5;4581.5;2526.5;2055.0;6241.0;3119.0;3122.0;878.0;199.0;679.0;484.5;230.0;254.5
2092;Totaal;Axel;1997;12168.0;6056.5;6111.5;4563.0;2513.0;2050.0;6182.0;3091.5;3090.5;884.5;201.0;683.5;538.5;251.0;287.5
2093;Totaal;Axel;1998;12064.0;6008.5;6055.5;4486.5;2476.0;2010.5;6142.0;3072.0;3070.0;868.0;199.0;669.0;567.5;261.5;306.0
2094;Totaal;Axel;1999;12091.0;6015.0;6076.0;4477.0;2465.5;2011.5;6168.5;3086.5;3082.0;864.0;195.0;669.0;581.5;268.0;313.5
2095;Totaal;Axel;2000;12222.5;6065.5;6157.0;4524.0;2474.5;2049.5;6210.5;3111.5;3099.0;878.0;193.0;685.0;610.0;286.5;323.5
2096;Totaal;Axel;2001;12298.0;6099.0;6199.0;4569.0;2483.5;2085.5;6194.0;3107.0;3087.0;879.5;194.0;685.5;655.5;314.5;341.0
2097;Totaal;Axel;2002;12291.0;6098.5;6192.5;4579.0;2486.0;2093.0;6124.5;3071.5;3053.0;890.5;202.0;688.5;697.0;339.0;358.0
2098;Totaal;Axel;2003;;;;;;;;;;;;;;;
2099;Totaal;Axel;2004;;;;;;;;;;;;;;;
2100;Totaal;Axel;2005;;;;;;;;;;;;;;;
2101;Totaal;Axel;2006;;;;;;;;;;;;;;;
2102;Totaal;Axel;2007;;;;;;;;;;;;;;;
2103;Totaal;Axel;2008;;;;;;;;;;;;;;;
2104;Totaal;Axel;2009;;;;;;;;;;;;;;;
2105;Totaal;Axel;2010;;;;;;;;;;;;;;;
2106;Totaal;Axel;2011;;;;;;;;;;;;;;;
2107;Totaal;Axel;2012;;;;;;;;;;;;;;;
2108;Totaal;Axel;2013;;;;;;;;;;;;;;;
2109;Totaal;Axel;2014;;;;;;;;;;;;;;;
2110;Totaal;Axel;2015;;;;;;;;;;;;;;;
2111;Totaal;Axel;2016;;;;;;;;;;;;;;;
2112;Totaal;Baarle-Nassau;1995;6036.5;3108.0;2928.5;2472.0;1405.0;1067.0;3019.0;1516.5;1502.5;335.0;69.5;265.5;210.5;117.0;93.5
2113;Totaal;Baarle-Nassau;1996;6045.5;3113.5;2932.0;2458.5;1397.5;1061.0;3021.5;1517.5;1504.0;340.5;72.5;268.0;225.0;126.0;99.0
2114;Totaal;Baarle-Nassau;1997;6053.5;3116.5;2937.0;2443.0;1393.5;1049.5;3031.0;1520.5;1510.5;346.0;74.5;271.5;233.5;128.0;105.5
2115;Totaal;Baarle-Nassau;1998;6085.5;3132.5;2953.0;2442.5;1399.0;1043.5;3048.5;1528.0;1520.5;350.5;76.0;274.5;244.0;129.5;114.5
2116;Totaal;Baarle-Nassau;1999;6142.0;3158.0;2984.0;2439.5;1396.5;1043.0;3077.5;1544.5;1533.0;361.0;79.5;281.5;264.0;137.5;126.5
2117;Totaal;Baarle-Nassau;2000;6252.0;3204.5;3047.5;2470.5;1410.0;1060.5;3124.0;1568.5;1555.5;380.0;82.0;298.0;277.5;144.0;133.5
2118;Totaal;Baarle-Nassau;2001;6390.0;3263.0;3127.0;2492.5;1421.0;1071.5;3212.0;1612.5;1599.5;390.0;78.5;311.5;295.5;151.0;144.5
2119;Totaal;Baarle-Nassau;2002;6487.5;3306.0;3181.5;2497.5;1424.5;1073.0;3282.0;1649.0;1633.0;398.0;76.5;321.5;310.0;156.0;154.0
2120;Totaal;Baarle-Nassau;2003;6526.0;3326.5;3199.5;2509.5;1431.0;1078.5;3295.5;1655.5;1640.0;399.5;77.5;322.0;321.5;162.5;159.0
2121;Totaal;Baarle-Nassau;2004;6563.0;3346.5;3216.5;2540.5;1447.5;1093.0;3281.0;1647.0;1634.0;398.5;80.0;318.5;343.0;172.0;171.0
2122;Totaal;Baarle-Nassau;2005;6614.5;3371.5;3243.0;2571.5;1466.0;1105.5;3269.0;1638.5;1630.5;413.5;86.0;327.5;360.5;181.0;179.5
2123;Totaal;Baarle-Nassau;2006;6661.0;3390.5;3270.5;2610.0;1485.5;1124.5;3246.0;1624.0;1622.0;434.5;93.5;341.0;370.5;187.5;183.0
2124;Totaal;Baarle-Nassau;2007;6669.0;3391.0;3278.0;2628.0;1494.5;1133.5;3210.0;1604.5;1605.5;449.5;98.0;351.5;381.5;194.0;187.5
2125;Totaal;Baarle-Nassau;2008;6673.0;3403.5;3269.5;2621.0;1494.5;1126.5;3201.0;1600.5;1600.5;451.5;101.0;350.5;399.5;207.5;192.0
2126;Totaal;Baarle-Nassau;2009;6692.5;3427.5;3265.0;2627.0;1502.5;1124.5;3195.0;1599.5;1595.5;448.0;102.0;346.0;422.5;223.5;199.0
2127;Totaal;Baarle-Nassau;2010;6703.5;3430.5;3273.0;2640.0;1509.5;1130.5;3174.5;1591.0;1583.5;454.5;100.0;354.5;434.5;230.0;204.5
2128;Totaal;Baarle-Nassau;2011;6713.0;3424.0;3289.0;2665.0;1515.0;1150.0;3142.5;1577.0;1565.5;465.5;102.0;363.5;440.0;230.0;210.0
2129;Totaal;Baarle-Nassau;2012;6710.5;3415.5;3295.0;2669.0;1509.0;1160.0;3123.5;1568.0;1555.5;464.5;102.5;362.0;453.5;236.0;217.5
2130;Totaal;Baarle-Nassau;2013;6655.5;3382.5;3273.0;2651.5;1499.0;1152.5;3089.5;1549.0;1540.5;457.0;99.5;357.5;457.5;235.0;222.5
2131;Totaal;Baarle-Nassau;2014;6605.5;3355.5;3250.0;2647.0;1499.5;1147.5;3049.5;1528.0;1521.5;455.0;99.0;356.0;454.0;229.0;225.0
2132;Totaal;Baarle-Nassau;2015;6605.0;3349.0;3256.0;2659.0;1502.5;1156.5;3026.0;1515.5;1510.5;463.5;101.0;362.5;456.5;230.0;226.5
2133;Totaal;Baarle-Nassau;2016;6634.0;3363.0;3271.0;2684.0;1515.5;1168.5;3018.0;1511.0;1507.0;466.5;102.5;364.0;465.5;234.0;231.5
2134;Totaal;Baarn;1995;24698.5;11749.0;12949.5;10681.5;5440.0;5241.5;11024.0;5507.5;5516.5;1726.5;294.0;1432.5;1266.5;507.5;759.0
2135;Totaal;Baarn;1996;24620.0;11691.5;12928.5;10636.0;5403.0;5233.0;10959.5;5478.5;5481.0;1718.5;298.0;1420.5;1306.0;512.0;794.0
2136;Totaal;Baarn;1997;24468.5;11604.5;12864.0;10555.0;5346.0;5209.0;10897.0;5446.5;5450.5;1674.0;291.5;1382.5;1342.5;520.5;822.0
2137;Totaal;Baarn;1998;24389.5;11570.0;12819.5;10509.0;5326.0;5183.0;10856.5;5426.0;5430.5;1635.0;285.5;1349.5;1389.0;532.5;856.5
2138;Totaal;Baarn;1999;24439.0;11606.5;12832.5;10540.5;5359.0;5181.5;10854.0;5421.5;5432.5;1645.5;289.0;1356.5;1399.0;537.0;862.0
2139;Totaal;Baarn;2000;24517.0;11655.0;12862.0;10585.0;5397.5;5187.5;10858.0;5418.0;5440.0;1669.0;292.0;1377.0;1405.0;547.5;857.5
2140;Totaal;Baarn;2001;24497.5;11669.0;12828.5;10613.5;5430.0;5183.5;10758.0;5370.5;5387.5;1658.5;289.0;1369.5;1467.5;579.5;888.0
2141;Totaal;Baarn;2002;24446.0;11691.0;12755.0;10634.0;5472.5;5161.5;10603.0;5299.0;5304.0;1654.5;296.0;1358.5;1554.5;623.5;931.0
2142;Totaal;Baarn;2003;24463.0;11723.5;12739.5;10706.0;5535.0;5171.0;10478.0;5230.0;5248.0;1653.0;298.0;1355.0;1626.0;660.5;965.5
2143;Totaal;Baarn;2004;24459.5;11719.5;12740.0;10745.0;5561.5;5183.5;10403.5;5185.5;5218.0;1646.5;290.5;1356.0;1664.5;682.0;982.5
2144;Totaal;Baarn;2005;24464.5;11710.5;12754.0;10727.5;5548.0;5179.5;10406.5;5190.0;5216.5;1639.5;282.0;1357.5;1691.0;690.5;1000.5
2145;Totaal;Baarn;2006;24444.0;11704.5;12739.5;10730.5;5548.5;5182.0;10376.0;5179.0;5197.0;1626.5;279.0;1347.5;1711.0;698.0;1013.0
2146;Totaal;Baarn;2007;24390.5;11696.0;12694.5;10740.5;5560.5;5180.0;10303.5;5142.0;5161.5;1614.5;283.0;1331.5;1732.0;710.5;1021.5
2147;Totaal;Baarn;2008;24370.5;11693.0;12677.5;10783.0;5586.5;5196.5;10219.5;5102.5;5117.0;1605.0;282.0;1323.0;1763.0;722.0;1041.0
2148;Totaal;Baarn;2009;24326.0;11667.0;12659.0;10789.0;5583.0;5206.0;10125.0;5058.5;5066.5;1594.0;286.0;1308.0;1818.0;739.5;1078.5
2149;Totaal;Baarn;2010;24348.0;11687.0;12661.0;10824.0;5610.5;5213.5;10047.0;5014.0;5033.0;1591.0;296.5;1294.5;1886.0;766.0;1120.0
2150;Totaal;Baarn;2011;24365.5;11712.0;12653.5;10888.5;5649.5;5239.0;9962.5;4971.0;4991.5;1584.5;307.5;1277.0;1930.0;784.0;1146.0
2151;Totaal;Baarn;2012;24314.5;11692.0;12622.5;10921.0;5661.0;5260.0;9856.5;4920.5;4936.0;1571.0;312.0;1259.0;1966.0;798.5;1167.5
2152;Totaal;Baarn;2013;24295.5;11695.0;12600.5;10931.0;5690.0;5241.0;9761.0;4872.5;4888.5;1577.0;312.5;1264.5;2026.5;820.0;1206.5
2153;Totaal;Baarn;2014;24360.0;11738.0;12622.0;11016.0;5742.0;5274.0;9698.5;4843.0;4855.5;1555.0;313.5;1241.5;2090.5;839.5;1251.0
2154;Totaal;Baarn;2015;24463.5;11793.5;12670.0;11156.5;5816.0;5340.5;9636.0;4813.5;4822.5;1534.5;313.5;1221.0;2136.5;850.5;1286.0
2155;Totaal;Baarn;2016;24525.0;11832.0;12693.0;11219.0;5856.0;5363.0;9591.0;4793.5;4797.5;1545.0;321.0;1224.0;2170.0;861.5;1308.5
2156;Totaal;Bakel en Milheeze;1995;8120.5;4105.0;4015.5;3508.5;1903.5;1605.0;4071.0;2035.0;2036.0;380.5;81.5;299.0;160.5;85.0;75.5
2157;Totaal;Bakel en Milheeze;1996;8211.5;4160.5;4051.0;3566.0;1936.0;1630.0;4105.0;2051.5;2053.5;359.0;75.5;283.5;181.5;97.5;84.0
2158;Totaal;Bakel en Milheeze;1997;;;;;;;;;;;;;;;
2159;Totaal;Bakel en Milheeze;1998;;;;;;;;;;;;;;;
2160;Totaal;Bakel en Milheeze;1999;;;;;;;;;;;;;;;
2161;Totaal;Bakel en Milheeze;2000;;;;;;;;;;;;;;;
2162;Totaal;Bakel en Milheeze;2001;;;;;;;;;;;;;;;
2163;Totaal;Bakel en Milheeze;2002;;;;;;;;;;;;;;;
2164;Totaal;Bakel en Milheeze;2003;;;;;;;;;;;;;;;
2165;Totaal;Bakel en Milheeze;2004;;;;;;;;;;;;;;;
2166;Totaal;Bakel en Milheeze;2005;;;;;;;;;;;;;;;
2167;Totaal;Bakel en Milheeze;2006;;;;;;;;;;;;;;;
2168;Totaal;Bakel en Milheeze;2007;;;;;;;;;;;;;;;
2169;Totaal;Bakel en Milheeze;2008;;;;;;;;;;;;;;;
2170;Totaal;Bakel en Milheeze;2009;;;;;;;;;;;;;;;
2171;Totaal;Bakel en Milheeze;2010;;;;;;;;;;;;;;;
2172;Totaal;Bakel en Milheeze;2011;;;;;;;;;;;;;;;
2173;Totaal;Bakel en Milheeze;2012;;;;;;;;;;;;;;;
2174;Totaal;Bakel en Milheeze;2013;;;;;;;;;;;;;;;
2175;Totaal;Bakel en Milheeze;2014;;;;;;;;;;;;;;;
2176;Totaal;Bakel en Milheeze;2015;;;;;;;;;;;;;;;
2177;Totaal;Bakel en Milheeze;2016;;;;;;;;;;;;;;;
2178;Totaal;Barendrecht;1995;22575.5;11261.0;11314.5;9167.5;4921.0;4246.5;11596.0;5796.5;5799.5;1049.0;192.5;856.5;763.0;351.0;412.0
2179;Totaal;Barendrecht;1996;23485.5;11704.0;11781.5;9605.0;5149.5;4455.5;11969.0;5977.5;5991.5;1104.0;205.0;899.0;807.5;372.0;435.5
2180;Totaal;Barendrecht;1997;24345.0;12120.5;12224.5;9964.0;5334.0;4630.0;12353.5;6169.0;6184.5;1148.0;212.5;935.5;879.5;405.0;474.5
2181;Totaal;Barendrecht;1998;25575.5;12721.5;12854.0;10484.0;5599.0;4885.0;12951.5;6468.5;6483.0;1167.0;213.0;954.0;973.0;441.0;532.0
2182;Totaal;Barendrecht;1999;27601.5;13712.0;13889.5;11382.0;6051.5;5330.5;13951.0;6964.5;6986.5;1199.5;213.5;986.0;1069.0;482.5;586.5
2183;Totaal;Barendrecht;2000;29912.0;14854.0;15058.0;12436.0;6596.0;5840.0;15052.5;7511.5;7541.0;1254.0;219.0;1035.0;1169.5;527.5;642.0
2184;Totaal;Barendrecht;2001;32435.0;16119.0;16316.0;13654.5;7239.5;6415.0;16165.0;8064.5;8100.5;1303.5;226.0;1077.5;1312.0;589.0;723.0
2185;Totaal;Barendrecht;2002;34887.0;17377.5;17509.5;14884.0;7898.0;6986.0;17168.5;8573.0;8595.5;1343.5;236.0;1107.5;1491.0;670.5;820.5
2186;Totaal;Barendrecht;2003;36568.5;18228.0;18340.5;15696.5;8334.5;7362.0;17836.0;8913.0;8923.0;1412.0;255.5;1156.5;1624.0;725.0;899.0
2187;Totaal;Barendrecht;2004;38275.5;19050.0;19225.5;16478.5;8731.5;7747.0;18576.5;9282.0;9294.5;1500.5;275.5;1225.0;1720.0;761.0;959.0
2188;Totaal;Barendrecht;2005;40271.5;20022.0;20249.5;17484.0;9224.0;8260.0;19358.0;9678.5;9679.5;1578.5;299.0;1279.5;1851.0;820.5;1030.5
2189;Totaal;Barendrecht;2006;42146.5;20921.0;21225.5;18568.0;9746.0;8822.0;19942.0;9974.5;9967.5;1634.5;317.5;1317.0;2002.0;883.0;1119.0
2190;Totaal;Barendrecht;2007;44003.0;21777.5;22225.5;19648.0;10263.0;9385.0;20500.5;10247.0;10253.5;1665.5;318.5;1347.0;2189.0;949.0;1240.0
2191;Totaal;Barendrecht;2008;45411.5;22439.0;22972.5;20395.5;10631.0;9764.5;20953.0;10467.0;10486.0;1700.0;326.0;1374.0;2363.0;1015.0;1348.0
2192;Totaal;Barendrecht;2009;46155.0;22810.0;23345.0;20685.0;10785.5;9899.5;21188.0;10584.0;10604.0;1746.0;349.0;1397.0;2536.0;1091.5;1444.5
2193;Totaal;Barendrecht;2010;46640.0;23050.5;23589.5;20850.5;10880.0;9970.5;21353.5;10658.5;10695.0;1773.5;366.5;1407.0;2662.5;1145.5;1517.0
2194;Totaal;Barendrecht;2011;46942.0;23186.5;23755.5;20962.0;10934.5;10027.5;21437.5;10698.5;10739.0;1810.5;389.0;1421.5;2732.0;1164.5;1567.5
2195;Totaal;Barendrecht;2012;47212.0;23277.0;23935.0;21121.0;10977.0;10144.0;21409.5;10689.5;10720.0;1864.5;408.5;1456.0;2817.0;1202.0;1615.0
2196;Totaal;Barendrecht;2013;47374.0;23328.5;24045.5;21225.5;11004.5;10221.0;21365.0;10673.0;10692.0;1896.5;415.5;1481.0;2887.0;1235.5;1651.5
2197;Totaal;Barendrecht;2014;47449.0;23376.0;24073.0;21267.5;11043.5;10224.0;21277.5;10634.0;10643.5;1922.0;427.5;1494.5;2982.0;1271.0;1711.0
2198;Totaal;Barendrecht;2015;47691.0;23495.0;24196.0;21434.0;11131.0;10303.0;21269.5;10625.0;10644.5;1936.0;440.0;1496.0;3051.5;1299.0;1752.5
2199;Totaal;Barendrecht;2016;48102.5;23715.0;24387.5;21680.5;11276.0;10404.5;21360.5;10665.5;10695.0;1949.0;449.5;1499.5;3112.5;1324.0;1788.5
2200;Totaal;Barneveld;1995;45572.0;22783.0;22789.0;20625.0;11035.0;9590.0;21881.5;10951.0;10930.5;2114.5;372.5;1742.0;951.0;424.5;526.5
2201;Totaal;Barneveld;1996;46104.0;23030.0;23074.0;20845.5;11141.0;9704.5;22074.5;11042.0;11032.5;2154.0;386.5;1767.5;1030.0;460.5;569.5
2202;Totaal;Barneveld;1997;46601.0;23255.5;23345.5;21106.0;11261.5;9844.5;22247.0;11127.5;11119.5;2169.0;391.0;1778.0;1079.0;475.5;603.5
2203;Totaal;Barneveld;1998;47069.5;23483.5;23586.0;21337.5;11378.5;9959.0;22428.5;11222.0;11206.5;2177.5;388.5;1789.0;1126.0;494.5;631.5
2204;Totaal;Barneveld;1999;47507.5;23666.0;23841.5;21509.0;11437.5;10071.5;22613.5;11311.5;11302.0;2203.5;389.0;1814.5;1181.5;528.0;653.5
2205;Totaal;Barneveld;2000;48021.0;23898.5;24122.5;21746.0;11538.0;10208.0;22804.5;11406.5;11398.0;2227.5;392.0;1835.5;1243.0;562.0;681.0
2206;Totaal;Barneveld;2001;48628.0;24223.5;24404.5;22144.0;11766.5;10377.5;22900.5;11457.5;11443.0;2251.0;401.5;1849.5;1332.5;598.0;734.5
2207;Totaal;Barneveld;2002;49190.5;24519.0;24671.5;22513.5;11978.5;10535.0;23016.5;11512.5;11504.0;2255.0;399.5;1855.5;1405.5;628.5;777.0
2208;Totaal;Barneveld;2003;49721.0;24792.0;24929.0;22813.0;12148.0;10665.0;23246.0;11625.0;11621.0;2238.5;389.0;1849.5;1423.5;630.0;793.5
2209;Totaal;Barneveld;2004;50022.5;24938.0;25084.5;22930.0;12204.5;10725.5;23407.0;11705.5;11701.5;2249.0;395.0;1854.0;1436.5;633.0;803.5
2210;Totaal;Barneveld;2005;50237.0;25018.0;25219.0;22953.5;12203.0;10750.5;23496.5;11743.5;11753.0;2287.5;407.5;1880.0;1499.5;664.0;835.5
2211;Totaal;Barneveld;2006;50700.5;25222.5;25478.0;23163.5;12300.5;10863.0;23644.5;11810.5;11834.0;2321.5;409.5;1912.0;1571.0;702.0;869.0
2212;Totaal;Barneveld;2007;51219.5;25471.5;25748.0;23374.0;12404.5;10969.5;23884.5;11931.0;11953.5;2343.0;417.5;1925.5;1618.0;718.5;899.5
2213;Totaal;Barneveld;2008;51776.0;25748.5;26027.5;23544.5;12510.0;11034.5;24192.0;12086.0;12106.0;2356.5;417.0;1939.5;1683.0;735.5;947.5
2214;Totaal;Barneveld;2009;52278.0;25991.5;26286.5;23670.0;12587.0;11083.0;24472.0;12228.5;12243.5;2352.0;395.5;1956.5;1784.0;780.5;1003.5
2215;Totaal;Barneveld;2010;52758.0;26231.5;26526.5;23842.0;12681.5;11160.5;24663.5;12326.5;12337.0;2373.5;401.0;1972.5;1879.0;822.5;1056.5
2216;Totaal;Barneveld;2011;53273.5;26491.0;26782.5;24080.0;12818.5;11261.5;24825.5;12405.5;12420.0;2411.5;425.0;1986.5;1956.5;842.0;1114.5
2217;Totaal;Barneveld;2012;53636.0;26667.5;26968.5;24202.0;12888.0;11314.0;24955.0;12465.5;12489.5;2450.0;444.0;2006.0;2029.0;870.0;1159.0
2218;Totaal;Barneveld;2013;53946.0;26831.0;27115.0;24327.5;12946.5;11381.0;25032.5;12505.5;12527.0;2480.0;468.0;2012.0;2106.0;911.0;1195.0
2219;Totaal;Barneveld;2014;54427.5;27062.0;27365.5;24549.5;13039.0;11510.5;25149.0;12567.5;12581.5;2505.0;488.0;2017.0;2224.0;967.5;1256.5
2220;Totaal;Barneveld;2015;55072.0;27346.5;27725.5;24806.0;13131.0;11675.0;25395.5;12690.0;12705.5;2533.5;504.5;2029.0;2337.0;1021.0;1316.0
2221;Totaal;Barneveld;2016;55908.5;27789.5;28119.0;25197.5;13347.0;11850.5;25769.0;12876.5;12892.5;2538.0;512.0;2026.0;2404.0;1054.0;1350.0
2222;Totaal;Bathmen;1995;5222.0;2615.5;2606.5;2002.0;1112.5;889.5;2807.5;1399.0;1408.5;309.0;62.0;247.0;103.5;42.0;61.5
2223;Totaal;Bathmen;1996;5254.0;2631.5;2622.5;1994.5;1111.0;883.5;2831.5;1414.0;1417.5;317.5;64.5;253.0;110.5;42.0;68.5
2224;Totaal;Bathmen;1997;5256.5;2636.5;2620.0;1988.0;1113.0;875.0;2825.5;1410.0;1415.5;329.0;68.5;260.5;114.0;45.0;69.0
2225;Totaal;Bathmen;1998;5227.5;2615.5;2612.0;1972.0;1100.5;871.5;2796.5;1394.5;1402.0;336.5;70.5;266.0;122.5;50.0;72.5
2226;Totaal;Bathmen;1999;5176.5;2577.0;2599.5;1951.0;1080.0;871.0;2754.5;1375.0;1379.5;338.0;68.0;270.0;133.0;54.0;79.0
2227;Totaal;Bathmen;2000;5208.5;2592.5;2616.0;1977.5;1096.5;881.0;2767.0;1382.5;1384.5;329.5;60.0;269.5;134.5;53.5;81.0
2228;Totaal;Bathmen;2001;5231.0;2607.0;2624.0;1998.0;1112.0;886.0;2778.5;1387.5;1391.0;319.0;54.5;264.5;135.5;53.0;82.5
2229;Totaal;Bathmen;2002;5259.0;2623.5;2635.5;2019.5;1123.5;896.0;2784.0;1390.0;1394.0;317.5;55.5;262.0;138.0;54.5;83.5
2230;Totaal;Bathmen;2003;5304.0;2653.0;2651.0;2051.0;1142.5;908.5;2791.0;1395.0;1396.0;317.5;58.5;259.0;144.5;57.0;87.5
2231;Totaal;Bathmen;2004;5333.5;2670.5;2663.0;2077.0;1153.0;924.0;2787.5;1395.5;1392.0;314.5;61.0;253.5;154.5;61.0;93.5
2232;Totaal;Bathmen;2005;;;;;;;;;;;;;;;
2233;Totaal;Bathmen;2006;;;;;;;;;;;;;;;
2234;Totaal;Bathmen;2007;;;;;;;;;;;;;;;
2235;Totaal;Bathmen;2008;;;;;;;;;;;;;;;
2236;Totaal;Bathmen;2009;;;;;;;;;;;;;;;
2237;Totaal;Bathmen;2010;;;;;;;;;;;;;;;
2238;Totaal;Bathmen;2011;;;;;;;;;;;;;;;
2239;Totaal;Bathmen;2012;;;;;;;;;;;;;;;
2240;Totaal;Bathmen;2013;;;;;;;;;;;;;;;
2241;Totaal;Bathmen;2014;;;;;;;;;;;;;;;
2242;Totaal;Bathmen;2015;;;;;;;;;;;;;;;
2243;Totaal;Bathmen;2016;;;;;;;;;;;;;;;
2244;Totaal;Bedum;1995;10550.0;5309.0;5241.0;4684.0;2550.5;2133.5;5133.5;2567.5;2566.0;471.5;83.0;388.5;261.0;108.0;153.0
2245;Totaal;Bedum;1996;10517.5;5286.5;5231.0;4664.0;2537.0;2127.0;5097.0;2550.0;2547.0;481.5;84.5;397.0;275.0;115.0;160.0
2246;Totaal;Bedum;1997;10567.0;5297.5;5269.5;4702.0;2553.0;2149.0;5080.5;2541.0;2539.5;494.5;83.5;411.0;290.0;120.0;170.0
2247;Totaal;Bedum;1998;10654.5;5322.0;5332.5;4742.0;2565.5;2176.5;5108.0;2554.5;2553.5;503.0;82.5;420.5;301.5;119.5;182.0
2248;Totaal;Bedum;1999;10759.5;5368.5;5391.0;4775.5;2583.5;2192.0;5157.5;2579.5;2578.0;515.0;82.0;433.0;311.5;123.5;188.0
2249;Totaal;Bedum;2000;10868.0;5431.0;5437.0;4823.5;2622.5;2201.0;5185.0;2590.5;2594.5;534.0;87.5;446.5;325.5;130.5;195.0
2250;Totaal;Bedum;2001;10896.5;5459.0;5437.5;4837.5;2645.5;2192.0;5185.0;2590.5;2594.5;537.5;90.5;447.0;336.5;132.5;204.0
2251;Totaal;Bedum;2002;10899.5;5467.5;5432.0;4840.0;2654.0;2186.0;5179.5;2589.5;2590.0;529.5;89.0;440.5;350.5;135.0;215.5
2252;Totaal;Bedum;2003;10849.5;5437.0;5412.5;4820.5;2637.5;2183.0;5145.5;2572.0;2573.5;515.5;88.5;427.0;368.0;139.0;229.0
2253;Totaal;Bedum;2004;10774.5;5403.5;5371.0;4784.0;2612.0;2172.0;5099.0;2549.5;2549.5;501.5;89.5;412.0;390.0;152.5;237.5
2254;Totaal;Bedum;2005;10704.0;5378.0;5326.0;4740.0;2593.0;2147.0;5055.5;2527.0;2528.5;506.5;96.5;410.0;402.0;161.5;240.5
2255;Totaal;Bedum;2006;10638.0;5348.5;5289.5;4693.5;2572.0;2121.5;5025.0;2511.0;2514.0;511.0;103.5;407.5;408.5;162.0;246.5
2256;Totaal;Bedum;2007;10575.5;5316.5;5259.0;4641.0;2538.0;2103.0;5004.0;2500.0;2504.0;510.5;109.0;401.5;420.0;169.5;250.5
2257;Totaal;Bedum;2008;10506.0;5286.0;5220.0;4600.0;2516.5;2083.5;4963.5;2478.0;2485.5;513.5;115.5;398.0;429.0;176.0;253.0
2258;Totaal;Bedum;2009;10454.5;5256.5;5198.0;4556.5;2491.0;2065.5;4917.5;2452.5;2465.0;515.5;121.5;394.0;465.0;191.5;273.5
2259;Totaal;Bedum;2010;10471.0;5262.0;5209.0;4548.0;2490.0;2058.0;4900.0;2440.0;2460.0;520.5;125.5;395.0;502.5;206.5;296.0
2260;Totaal;Bedum;2011;10501.5;5280.5;5221.0;4567.5;2501.5;2066.0;4886.5;2434.5;2452.0;525.0;128.0;397.0;522.5;216.5;306.0
2261;Totaal;Bedum;2012;10530.5;5280.5;5250.0;4601.5;2501.5;2100.0;4846.0;2416.5;2429.5;531.5;130.0;401.5;551.5;232.5;319.0
2262;Totaal;Bedum;2013;10523.5;5264.0;5259.5;4602.5;2491.5;2111.0;4824.0;2404.5;2419.5;528.5;130.0;398.5;568.5;238.0;330.5
2263;Totaal;Bedum;2014;10467.5;5235.5;5232.0;4571.5;2475.0;2096.5;4811.5;2398.0;2413.5;511.0;123.5;387.5;573.5;239.0;334.5
2264;Totaal;Bedum;2015;10437.0;5226.5;5210.5;4556.5;2476.5;2080.0;4788.5;2387.5;2401.0;502.0;117.0;385.0;590.0;245.5;344.5
2265;Totaal;Bedum;2016;10456.0;5235.5;5220.5;4573.5;2486.0;2087.5;4750.0;2369.5;2380.5;514.0;122.0;392.0;618.5;258.0;360.5
2266;Totaal;Beek (L.);1995;17203.5;8575.5;8628.0;6411.5;3484.0;2927.5;9194.0;4595.0;4599.0;935.5;178.0;757.5;662.5;318.5;344.0
2267;Totaal;Beek (L.);1996;17262.0;8587.0;8675.0;6480.0;3517.5;2962.5;9124.0;4557.0;4567.0;965.5;189.5;776.0;692.5;323.0;369.5
2268;Totaal;Beek (L.);1997;17289.0;8592.5;8696.5;6549.5;3557.5;2992.0;9045.0;4522.0;4523.0;988.0;190.5;797.5;706.5;322.5;384.0
2269;Totaal;Beek (L.);1998;17214.0;8533.0;8681.0;6506.5;3528.5;2978.0;8995.0;4498.0;4497.0;989.5;186.5;803.0;723.0;320.0;403.0
2270;Totaal;Beek (L.);1999;17147.5;8475.0;8672.5;6478.0;3495.0;2983.0;8941.0;4473.5;4467.5;994.5;190.0;804.5;734.0;316.5;417.5
2271;Totaal;Beek (L.);2000;17162.0;8483.0;8679.0;6535.5;3510.5;3025.0;8891.5;4453.0;4438.5;986.0;190.5;795.5;749.0;329.0;420.0
2272;Totaal;Beek (L.);2001;17147.0;8488.5;8658.5;6550.5;3521.5;3029.0;8848.5;4431.0;4417.5;968.0;190.0;778.0;780.0;346.0;434.0
2273;Totaal;Beek (L.);2002;17092.5;8454.5;8638.0;6521.5;3503.5;3018.0;8777.5;4396.0;4381.5;982.0;196.0;786.0;811.5;359.0;452.5
2274;Totaal;Beek (L.);2003;17085.0;8425.5;8659.5;6543.5;3503.0;3040.5;8680.0;4346.0;4334.0;1028.0;208.5;819.5;833.5;368.0;465.5
2275;Totaal;Beek (L.);2004;17062.5;8389.5;8673.0;6573.0;3516.0;3057.0;8569.0;4286.5;4282.5;1061.5;210.5;851.0;859.0;376.5;482.5
2276;Totaal;Beek (L.);2005;16973.0;8335.5;8637.5;6554.0;3511.0;3043.0;8459.5;4232.5;4227.0;1069.5;209.0;860.5;890.0;383.0;507.0
2277;Totaal;Beek (L.);2006;16821.5;8247.0;8574.5;6468.5;3464.5;3004.0;8360.5;4181.0;4179.5;1072.0;214.5;857.5;920.5;387.0;533.5
2278;Totaal;Beek (L.);2007;16706.5;8167.5;8539.0;6424.5;3428.5;2996.0;8253.5;4123.0;4130.5;1068.0;217.0;851.0;960.5;399.0;561.5
2279;Totaal;Beek (L.);2008;16651.5;8129.5;8522.0;6421.0;3422.5;2998.5;8156.0;4073.5;4082.5;1073.0;214.5;858.5;1001.5;419.0;582.5
2280;Totaal;Beek (L.);2009;16593.0;8085.0;8508.0;6350.5;3375.0;2975.5;8108.5;4047.5;4061.0;1063.5;210.0;853.5;1070.5;452.5;618.0
2281;Totaal;Beek (L.);2010;16563.5;8060.0;8503.5;6309.5;3340.5;2969.0;8070.5;4029.5;4041.0;1056.5;212.5;844.0;1127.0;477.5;649.5
2282;Totaal;Beek (L.);2011;16502.5;8028.0;8474.5;6278.0;3317.0;2961.0;8028.0;4012.0;4016.0;1060.5;217.5;843.0;1136.0;481.5;654.5
2283;Totaal;Beek (L.);2012;16412.0;7976.0;8436.0;6241.5;3294.0;2947.5;7965.0;3979.0;3986.0;1068.5;219.5;849.0;1137.0;483.5;653.5
2284;Totaal;Beek (L.);2013;16319.0;7922.5;8396.5;6218.0;3282.0;2936.0;7873.5;3930.5;3943.0;1078.5;220.5;858.0;1149.0;489.5;659.5
2285;Totaal;Beek (L.);2014;16242.5;7885.5;8357.0;6216.0;3269.5;2946.5;7766.5;3878.5;3888.0;1077.5;228.5;849.0;1182.5;509.0;673.5
2286;Totaal;Beek (L.);2015;16141.0;7852.5;8288.5;6207.0;3268.5;2938.5;7654.5;3821.5;3833.0;1072.5;238.0;834.5;1207.0;524.5;682.5
2287;Totaal;Beek (L.);2016;16009.5;7814.0;8195.5;6175.5;3271.5;2904.0;7545.5;3766.5;3779.0;1057.0;239.0;818.0;1231.5;537.0;694.5
2288;Totaal;Beek en Donk;1995;9618.5;4854.0;4764.5;4087.5;2224.0;1863.5;4829.0;2414.0;2415.0;436.5;83.5;353.0;265.5;132.5;133.0
2289;Totaal;Beek en Donk;1996;9652.5;4884.0;4768.5;4093.5;2238.0;1855.5;4832.5;2417.0;2415.5;445.0;88.5;356.5;281.5;140.5;141.0
2290;Totaal;Beek en Donk;1997;;;;;;;;;;;;;;;
2291;Totaal;Beek en Donk;1998;;;;;;;;;;;;;;;
2292;Totaal;Beek en Donk;1999;;;;;;;;;;;;;;;
2293;Totaal;Beek en Donk;2000;;;;;;;;;;;;;;;
2294;Totaal;Beek en Donk;2001;;;;;;;;;;;;;;;
2295;Totaal;Beek en Donk;2002;;;;;;;;;;;;;;;
2296;Totaal;Beek en Donk;2003;;;;;;;;;;;;;;;
2297;Totaal;Beek en Donk;2004;;;;;;;;;;;;;;;
2298;Totaal;Beek en Donk;2005;;;;;;;;;;;;;;;
2299;Totaal;Beek en Donk;2006;;;;;;;;;;;;;;;
2300;Totaal;Beek en Donk;2007;;;;;;;;;;;;;;;
2301;Totaal;Beek en Donk;2008;;;;;;;;;;;;;;;
2302;Totaal;Beek en Donk;2009;;;;;;;;;;;;;;;
2303;Totaal;Beek en Donk;2010;;;;;;;;;;;;;;;
2304;Totaal;Beek en Donk;2011;;;;;;;;;;;;;;;
2305;Totaal;Beek en Donk;2012;;;;;;;;;;;;;;;
2306;Totaal;Beek en Donk;2013;;;;;;;;;;;;;;;
2307;Totaal;Beek en Donk;2014;;;;;;;;;;;;;;;
2308;Totaal;Beek en Donk;2015;;;;;;;;;;;;;;;
2309;Totaal;Beek en Donk;2016;;;;;;;;;;;;;;;
2310;Totaal;Beemster;1995;8111.0;4065.5;4045.5;3374.5;1837.0;1537.5;4057.0;2027.0;2030.0;422.0;79.5;342.5;257.5;122.0;135.5
2311;Totaal;Beemster;1996;8222.5;4120.5;4102.0;3465.5;1889.5;1576.0;4061.5;2031.0;2030.5;424.0;75.0;349.0;271.5;125.0;146.5
2312;Totaal;Beemster;1997;8290.5;4154.5;4136.0;3531.5;1924.5;1607.0;4053.5;2025.5;2028.0;423.5;74.5;349.0;282.0;130.0;152.0
2313;Totaal;Beemster;1998;8333.5;4173.5;4160.0;3555.5;1931.5;1624.0;4070.5;2031.5;2039.0;415.0;74.5;340.5;292.5;136.0;156.5
2314;Totaal;Beemster;1999;8388.0;4199.0;4189.0;3582.5;1941.0;1641.5;4096.5;2044.0;2052.5;413.5;76.5;337.0;295.5;137.5;158.0
2315;Totaal;Beemster;2000;8431.5;4226.5;4205.0;3614.0;1959.0;1655.0;4097.0;2043.5;2053.5;423.0;83.0;340.0;297.5;141.0;156.5
2316;Totaal;Beemster;2001;8517.0;4281.0;4236.0;3677.5;1999.5;1678.0;4093.5;2042.0;2051.5;420.5;84.0;336.5;325.5;155.5;170.0
2317;Totaal;Beemster;2002;8559.5;4301.0;4258.5;3730.0;2025.0;1705.0;4060.5;2024.0;2036.5;420.5;84.0;336.5;348.5;168.0;180.5
2318;Totaal;Beemster;2003;8538.5;4285.0;4253.5;3741.5;2023.0;1718.5;4021.5;2004.5;2017.0;426.0;86.0;340.0;349.5;171.5;178.0
2319;Totaal;Beemster;2004;8532.5;4279.0;4253.5;3763.5;2031.0;1732.5;3997.5;1992.0;2005.5;424.0;86.5;337.5;347.5;169.5;178.0
2320;Totaal;Beemster;2005;8519.5;4277.5;4242.0;3786.5;2048.0;1738.5;3957.5;1969.5;1988.0;420.5;87.5;333.0;355.0;172.5;182.5
2321;Totaal;Beemster;2006;8495.5;4266.5;4229.0;3785.5;2046.0;1739.5;3910.5;1946.5;1964.0;423.5;90.5;333.0;376.0;183.5;192.5
2322;Totaal;Beemster;2007;8475.0;4256.0;4219.0;3780.0;2034.0;1746.0;3875.0;1931.5;1943.5;423.5;93.5;330.0;396.5;197.0;199.5
2323;Totaal;Beemster;2008;8519.0;4276.0;4243.0;3805.0;2038.5;1766.5;3883.0;1940.5;1942.5;425.5;94.0;331.5;405.5;203.0;202.5
2324;Totaal;Beemster;2009;8574.0;4292.5;4281.5;3815.5;2039.5;1776.0;3888.5;1943.5;1945.0;439.5;98.0;341.5;430.5;211.5;219.0
2325;Totaal;Beemster;2010;8578.5;4294.0;4284.5;3807.5;2035.0;1772.5;3871.0;1932.5;1938.5;445.0;100.5;344.5;455.0;226.0;229.0
2326;Totaal;Beemster;2011;8646.0;4327.0;4319.0;3856.5;2060.5;1796.0;3888.0;1940.5;1947.5;442.5;98.0;344.5;459.0;228.0;231.0
2327;Totaal;Beemster;2012;8752.0;4377.0;4375.0;3898.5;2087.5;1811.0;3929.0;1960.0;1969.0;452.5;101.5;351.0;472.0;228.0;244.0
2328;Totaal;Beemster;2013;8847.5;4424.0;4423.5;3944.5;2118.0;1826.5;3949.5;1968.5;1981.0;469.0;109.0;360.0;484.5;228.5;256.0
2329;Totaal;Beemster;2014;8906.5;4451.5;4455.0;3990.0;2142.5;1847.5;3950.0;1967.5;1982.5;474.5;112.5;362.0;492.0;229.0;263.0
2330;Totaal;Beemster;2015;8930.5;4459.0;4471.5;4013.5;2151.5;1862.0;3934.0;1959.0;1975.0;472.5;112.0;360.5;510.5;236.5;274.0
2331;Totaal;Beemster;2016;9081.5;4524.5;4557.0;4123.0;2203.5;1919.5;3952.5;1965.5;1987.0;473.0;111.0;362.0;533.0;244.5;288.5
2332;Totaal;Beesel;1995;13122.0;6610.0;6512.0;5229.5;2854.5;2375.0;6910.0;3459.0;3451.0;604.0;115.0;489.0;378.5;181.5;197.0
2333;Totaal;Beesel;1996;13196.5;6638.0;6558.5;5253.0;2864.0;2389.0;6938.0;3470.0;3468.0;615.5;121.0;494.5;390.0;183.0;207.0
2334;Totaal;Beesel;1997;13217.0;6642.0;6575.0;5267.5;2869.5;2398.0;6928.0;3465.0;3463.0;618.0;123.0;495.0;403.5;184.5;219.0
2335;Totaal;Beesel;1998;13169.0;6626.0;6543.0;5234.0;2863.0;2371.0;6894.5;3450.0;3444.5;619.0;124.0;495.0;421.5;189.0;232.5
2336;Totaal;Beesel;1999;13160.5;6626.5;6534.0;5213.5;2860.0;2353.5;6888.5;3445.0;3443.5;620.5;128.0;492.5;438.0;193.5;244.5
2337;Totaal;Beesel;2000;13173.5;6627.5;6546.0;5218.5;2862.0;2356.5;6870.0;3434.0;3436.0;630.5;129.5;501.0;454.5;202.0;252.5
2338;Totaal;Beesel;2001;13296.0;6680.0;6616.0;5289.5;2899.0;2390.5;6864.0;3431.0;3433.0;651.0;131.5;519.5;491.5;218.5;273.0
2339;Totaal;Beesel;2002;13434.5;6749.0;6685.5;5380.5;2948.0;2432.5;6855.5;3428.0;3427.5;671.5;140.5;531.0;527.0;232.5;294.5
2340;Totaal;Beesel;2003;13403.5;6734.0;6669.5;5384.0;2952.0;2432.0;6786.0;3392.5;3393.5;683.0;147.0;536.0;550.5;242.5;308.0
2341;Totaal;Beesel;2004;13371.0;6717.0;6654.0;5391.0;2957.5;2433.5;6704.0;3351.0;3353.0;694.0;152.0;542.0;582.0;256.5;325.5
2342;Totaal;Beesel;2005;13461.0;6757.0;6704.0;5467.0;2996.0;2471.0;6672.5;3334.5;3338.0;704.5;157.5;547.0;617.0;269.0;348.0
2343;Totaal;Beesel;2006;13583.5;6813.0;6770.5;5543.5;3035.0;2508.5;6687.0;3341.5;3345.5;706.0;159.5;546.5;647.0;277.0;370.0
2344;Totaal;Beesel;2007;13644.5;6846.0;6798.5;5577.5;3058.5;2519.0;6692.5;3345.5;3347.0;706.5;158.0;548.5;668.0;284.0;384.0
2345;Totaal;Beesel;2008;13719.0;6886.0;6833.0;5595.0;3082.5;2512.5;6700.0;3348.5;3351.5;725.5;156.0;569.5;698.5;299.0;399.5
2346;Totaal;Beesel;2009;13848.5;6962.5;6886.0;5614.0;3112.0;2502.0;6722.5;3364.0;3358.5;753.5;158.5;595.0;758.5;328.0;430.5
2347;Totaal;Beesel;2010;13873.0;6990.0;6883.0;5590.0;3114.5;2475.5;6710.0;3359.5;3350.5;771.0;161.5;609.5;802.0;354.5;447.5
2348;Totaal;Beesel;2011;13793.0;6951.5;6841.5;5524.5;3082.5;2442.0;6663.5;3333.0;3330.5;782.0;163.5;618.5;823.0;372.5;450.5
2349;Totaal;Beesel;2012;13715.0;6901.0;6814.0;5486.5;3052.0;2434.5;6597.5;3298.5;3299.0;784.5;165.5;619.0;846.5;385.0;461.5
2350;Totaal;Beesel;2013;13652.5;6872.5;6780.0;5469.0;3037.5;2431.5;6524.0;3265.0;3259.0;793.5;173.5;620.0;866.0;396.5;469.5
2351;Totaal;Beesel;2014;13564.0;6836.0;6728.0;5426.0;3017.5;2408.5;6455.0;3232.0;3223.0;802.0;180.0;622.0;881.0;406.5;474.5
2352;Totaal;Beesel;2015;13449.5;6773.5;6676.0;5373.5;2987.0;2386.5;6394.0;3198.0;3196.0;795.0;182.0;613.0;887.0;406.5;480.5
2353;Totaal;Beesel;2016;13396.5;6753.0;6643.5;5352.0;2985.0;2367.0;6349.5;3175.0;3174.5;803.0;190.5;612.5;892.0;402.5;489.5
2354;Totaal;Beilen;1995;14880.0;7533.5;7346.5;6085.5;3403.5;2682.0;7475.0;3737.5;3737.5;884.5;176.5;708.0;435.0;216.0;219.0
2355;Totaal;Beilen;1996;15073.0;7621.5;7451.5;6174.5;3447.0;2727.5;7521.5;3760.5;3761.0;902.5;181.5;721.0;474.5;232.5;242.0
2356;Totaal;Beilen;1997;15203.5;7662.5;7541.0;6242.0;3466.0;2776.0;7556.5;3780.0;3776.5;901.5;174.0;727.5;503.5;242.5;261.0
2357;Totaal;Beilen;1998;;;;;;;;;;;;;;;
2358;Totaal;Beilen;1999;;;;;;;;;;;;;;;
2359;Totaal;Beilen;2000;;;;;;;;;;;;;;;
2360;Totaal;Beilen;2001;;;;;;;;;;;;;;;
2361;Totaal;Beilen;2002;;;;;;;;;;;;;;;
2362;Totaal;Beilen;2003;;;;;;;;;;;;;;;
2363;Totaal;Beilen;2004;;;;;;;;;;;;;;;
2364;Totaal;Beilen;2005;;;;;;;;;;;;;;;
2365;Totaal;Beilen;2006;;;;;;;;;;;;;;;
2366;Totaal;Beilen;2007;;;;;;;;;;;;;;;
2367;Totaal;Beilen;2008;;;;;;;;;;;;;;;
2368;Totaal;Beilen;2009;;;;;;;;;;;;;;;
2369;Totaal;Beilen;2010;;;;;;;;;;;;;;;
2370;Totaal;Beilen;2011;;;;;;;;;;;;;;;
2371;Totaal;Beilen;2012;;;;;;;;;;;;;;;
2372;Totaal;Beilen;2013;;;;;;;;;;;;;;;
2373;Totaal;Beilen;2014;;;;;;;;;;;;;;;
2374;Totaal;Beilen;2015;;;;;;;;;;;;;;;
2375;Totaal;Beilen;2016;;;;;;;;;;;;;;;
2376;Totaal;Belfeld;1995;5369.5;2745.5;2624.0;2110.0;1183.0;927.0;2860.0;1430.5;1429.5;256.0;66.5;189.5;143.5;65.5;78.0
2377;Totaal;Belfeld;1996;5365.5;2737.0;2628.5;2083.0;1164.0;919.0;2883.5;1443.5;1440.0;256.5;64.0;192.5;142.5;65.5;77.0
2378;Totaal;Belfeld;1997;5390.5;2736.5;2654.0;2082.0;1154.5;927.5;2902.0;1450.5;1451.5;257.0;61.5;195.5;149.5;70.0;79.5
2379;Totaal;Belfeld;1998;5411.5;2743.0;2668.5;2081.5;1154.0;927.5;2902.5;1450.5;1452.0;260.5;59.5;201.0;167.0;79.0;88.0
2380;Totaal;Belfeld;1999;5412.5;2740.0;2672.5;2069.0;1148.0;921.0;2899.5;1450.5;1449.0;265.5;61.0;204.5;178.5;80.5;98.0
2381;Totaal;Belfeld;2000;5428.5;2752.0;2676.5;3753.0;1954.5;1798.5;1450.0;726.0;724.0;134.0;31.5;102.5;91.5;40.0;51.5
2382;Totaal;Belfeld;2001;;;;;;;;;;;;;;;
2383;Totaal;Belfeld;2002;;;;;;;;;;;;;;;
2384;Totaal;Belfeld;2003;;;;;;;;;;;;;;;
2385;Totaal;Belfeld;2004;;;;;;;;;;;;;;;
2386;Totaal;Belfeld;2005;;;;;;;;;;;;;;;
2387;Totaal;Belfeld;2006;;;;;;;;;;;;;;;
2388;Totaal;Belfeld;2007;;;;;;;;;;;;;;;
2389;Totaal;Belfeld;2008;;;;;;;;;;;;;;;
2390;Totaal;Belfeld;2009;;;;;;;;;;;;;;;
2391;Totaal;Belfeld;2010;;;;;;;;;;;;;;;
2392;Totaal;Belfeld;2011;;;;;;;;;;;;;;;
2393;Totaal;Belfeld;2012;;;;;;;;;;;;;;;
2394;Totaal;Belfeld;2013;;;;;;;;;;;;;;;
2395;Totaal;Belfeld;2014;;;;;;;;;;;;;;;
2396;Totaal;Belfeld;2015;;;;;;;;;;;;;;;
2397;Totaal;Belfeld;2016;;;;;;;;;;;;;;;
2398;Totaal;Bellingwedde;1995;9475.5;4773.0;4702.5;3413.0;1933.5;1479.5;4959.0;2487.5;2471.5;724.5;155.5;569.0;379.0;196.5;182.5
2399;Totaal;Bellingwedde;1996;9483.0;4767.0;4716.0;3395.5;1917.0;1478.5;4978.5;2497.0;2481.5;712.5;150.5;562.0;396.5;202.5;194.0
2400;Totaal;Bellingwedde;1997;9495.5;4762.5;4733.0;3405.5;1915.0;1490.5;4979.5;2493.5;2486.0;700.0;146.0;554.0;410.5;208.0;202.5
2401;Totaal;Bellingwedde;1998;9500.0;4756.5;4743.5;3400.5;1908.5;1492.0;4974.5;2489.5;2485.0;689.0;142.0;547.0;436.0;216.5;219.5
2402;Totaal;Bellingwedde;1999;9524.5;4764.5;4760.0;3387.5;1903.5;1484.0;4995.5;2501.0;2494.5;692.5;138.5;554.0;449.0;221.5;227.5
2403;Totaal;Bellingwedde;2000;9648.5;4819.5;4829.0;3454.0;1937.0;1517.0;5037.5;2523.5;2514.0;706.0;134.0;572.0;451.0;225.0;226.0
2404;Totaal;Bellingwedde;2001;9735.0;4853.0;4882.0;3510.0;1964.5;1545.5;5055.0;2533.0;2522.0;709.0;125.5;583.5;461.0;230.0;231.0
2405;Totaal;Bellingwedde;2002;9696.5;4831.0;4865.5;3502.0;1955.5;1546.5;4994.0;2504.5;2489.5;719.5;128.5;591.0;481.0;242.5;238.5
2406;Totaal;Bellingwedde;2003;9687.5;4830.5;4857.0;3534.5;1973.0;1561.5;4918.0;2468.0;2450.0;730.0;134.5;595.5;505.0;255.0;250.0
2407;Totaal;Bellingwedde;2004;9699.0;4853.5;4845.5;3581.5;2011.0;1570.5;4868.5;2442.5;2426.0;726.0;134.5;591.5;523.0;265.5;257.5
2408;Totaal;Bellingwedde;2005;9717.0;4881.5;4835.5;3625.5;2045.5;1580.0;4838.5;2430.0;2408.5;716.0;132.0;584.0;537.0;274.0;263.0
2409;Totaal;Bellingwedde;2006;9627.0;4827.5;4799.5;3590.5;2017.0;1573.5;4778.5;2401.5;2377.0;700.5;128.0;572.5;557.5;281.0;276.5
2410;Totaal;Bellingwedde;2007;9505.5;4741.0;4764.5;3512.5;1953.5;1559.0;4743.5;2380.5;2363.0;680.5;123.0;557.5;569.0;284.0;285.0
2411;Totaal;Bellingwedde;2008;9383.5;4672.5;4711.0;3445.5;1913.0;1532.5;4703.0;2356.0;2347.0;672.0;125.5;546.5;563.0;278.0;285.0
2412;Totaal;Bellingwedde;2009;9265.5;4628.5;4637.0;3381.0;1891.0;1490.0;4641.0;2323.0;2318.0;671.0;131.5;539.5;572.5;283.0;289.5
2413;Totaal;Bellingwedde;2010;9331.5;4689.0;4642.5;3431.5;1933.0;1498.5;4623.5;2319.5;2304.0;669.0;133.5;535.5;607.5;303.0;304.5
2414;Totaal;Bellingwedde;2011;9342.5;4691.5;4651.0;3462.5;1944.5;1518.0;4581.5;2300.0;2281.5;664.0;130.5;533.5;634.5;316.5;318.0
2415;Totaal;Bellingwedde;2012;9134.0;4567.5;4566.5;3342.0;1866.5;1475.5;4493.5;2251.5;2242.0;656.5;127.5;529.0;642.0;322.0;320.0
2416;Totaal;Bellingwedde;2013;8952.5;4469.5;4483.0;3246.0;1804.5;1441.5;4398.5;2201.5;2197.0;650.0;132.0;518.0;658.0;331.5;326.5
2417;Totaal;Bellingwedde;2014;9037.0;4532.0;4505.0;3342.5;1864.0;1478.5;4353.0;2178.0;2175.0;656.0;141.5;514.5;685.5;348.5;337.0
2418;Totaal;Bellingwedde;2015;9062.5;4576.0;4486.5;3383.5;1906.0;1477.5;4318.0;2161.0;2157.0;654.0;148.5;505.5;707.0;360.5;346.5
2419;Totaal;Bellingwedde;2016;8945.0;4535.5;4409.5;3291.0;1865.5;1425.5;4293.0;2152.5;2140.5;640.5;154.0;486.5;720.5;363.5;357.0
2420;Totaal;Bemmel;1995;16471.0;8302.5;8168.5;6944.0;3800.0;3144.0;8310.0;4150.0;4160.0;807.0;156.5;650.5;410.0;196.0;214.0
2421;Totaal;Bemmel;1996;16607.5;8349.0;8258.5;6993.5;3806.5;3187.0;8365.5;4177.0;4188.5;819.5;162.5;657.0;429.0;203.0;226.0
2422;Totaal;Bemmel;1997;16659.0;8349.0;8310.0;6991.5;3786.0;3205.5;8386.0;4187.5;4198.5;832.0;166.0;666.0;449.5;209.5;240.0
2423;Totaal;Bemmel;1998;17010.0;8526.5;8483.5;7136.5;3870.5;3266.0;8538.0;4265.5;4272.5;867.0;173.0;694.0;468.5;217.5;251.0
2424;Totaal;Bemmel;1999;17497.0;8781.5;8715.5;7343.5;3998.0;3345.5;8750.5;4374.0;4376.5;902.0;179.5;722.5;501.0;230.0;271.0
2425;Totaal;Bemmel;2000;17909.5;8988.0;8921.5;7526.5;4097.0;3429.5;8942.0;4471.0;4471.0;907.5;175.5;732.0;533.5;244.5;289.0
2426;Totaal;Bemmel;2001;41491.0;20681.0;20810.0;17537.0;9427.0;8110.0;20377.0;10187.5;10189.5;2004.0;367.0;1637.0;1573.0;699.5;873.5
2427;Totaal;Bemmel;2002;42138.5;20986.0;21152.5;17865.5;9596.0;8269.5;20580.0;10290.0;10290.0;2049.0;377.5;1671.5;1644.0;722.5;921.5
2428;Totaal;Bemmel;2003;;;;;;;;;;;;;;;
2429;Totaal;Bemmel;2004;;;;;;;;;;;;;;;
2430;Totaal;Bemmel;2005;;;;;;;;;;;;;;;
2431;Totaal;Bemmel;2006;;;;;;;;;;;;;;;
2432;Totaal;Bemmel;2007;;;;;;;;;;;;;;;
2433;Totaal;Bemmel;2008;;;;;;;;;;;;;;;
2434;Totaal;Bemmel;2009;;;;;;;;;;;;;;;
2435;Totaal;Bemmel;2010;;;;;;;;;;;;;;;
2436;Totaal;Bemmel;2011;;;;;;;;;;;;;;;
2437;Totaal;Bemmel;2012;;;;;;;;;;;;;;;
2438;Totaal;Bemmel;2013;;;;;;;;;;;;;;;
2439;Totaal;Bemmel;2014;;;;;;;;;;;;;;;
2440;Totaal;Bemmel;2015;;;;;;;;;;;;;;;
2441;Totaal;Bemmel;2016;;;;;;;;;;;;;;;
2442;Totaal;Bennebroek;1995;5118.0;2420.0;2698.0;1927.0;987.5;939.5;2544.5;1267.0;1277.5;400.0;63.5;336.5;246.5;102.0;144.5
2443;Totaal;Bennebroek;1996;5091.0;2405.5;2685.5;1919.0;979.5;939.5;2530.5;1262.0;1268.5;384.5;60.0;324.5;257.0;104.0;153.0
2444;Totaal;Bennebroek;1997;5107.5;2407.5;2700.0;1927.0;978.0;949.0;2533.0;1264.5;1268.5;373.5;57.0;316.5;274.0;108.0;166.0
2445;Totaal;Bennebroek;1998;5107.0;2416.5;2690.5;1918.0;979.5;938.5;2536.5;1266.0;1270.5;365.5;58.0;307.5;287.0;113.0;174.0
2446;Totaal;Bennebroek;1999;5095.5;2425.5;2670.0;1911.5;985.5;926.0;2535.5;1266.5;1269.0;361.0;62.5;298.5;287.5;111.0;176.5
2447;Totaal;Bennebroek;2000;5167.0;2469.0;2698.0;1959.0;1018.5;940.5;2554.0;1278.0;1276.0;370.0;66.0;304.0;284.0;106.5;177.5
2448;Totaal;Bennebroek;2001;5277.5;2523.0;2754.5;2008.0;1043.5;964.5;2589.0;1296.0;1293.0;382.0;67.5;314.5;298.5;116.0;182.5
2449;Totaal;Bennebroek;2002;5318.0;2536.5;2781.5;2009.0;1035.5;973.5;2596.5;1298.5;1298.0;396.5;73.5;323.0;316.0;129.0;187.0
2450;Totaal;Bennebroek;2003;5266.0;2503.5;2762.5;1992.0;1024.0;968.0;2546.5;1271.5;1275.0;404.0;75.0;329.0;323.5;133.0;190.5
2451;Totaal;Bennebroek;2004;5185.0;2453.5;2731.5;1974.0;1010.5;963.5;2484.0;1240.0;1244.0;397.0;71.0;326.0;330.0;132.0;198.0
2452;Totaal;Bennebroek;2005;5138.0;2418.5;2719.5;1970.0;1000.0;970.0;2439.5;1217.0;1222.5;388.5;70.5;318.0;340.0;131.0;209.0
2453;Totaal;Bennebroek;2006;5143.5;2416.5;2727.0;1984.0;999.0;985.0;2423.0;1210.5;1212.5;384.5;71.5;313.0;352.0;135.5;216.5
2454;Totaal;Bennebroek;2007;5125.0;2417.0;2708.0;1977.0;1004.0;973.0;2411.0;1204.0;1207.0;380.0;70.5;309.5;357.0;138.5;218.5
2455;Totaal;Bennebroek;2008;5139.5;2436.0;2703.5;1992.0;1031.0;961.0;2406.5;1200.5;1206.0;374.0;62.0;312.0;367.0;142.5;224.5
2456;Totaal;Bennebroek;2009;;;;;;;;;;;;;;;
2457;Totaal;Bennebroek;2010;;;;;;;;;;;;;;;
2458;Totaal;Bennebroek;2011;;;;;;;;;;;;;;;
2459;Totaal;Bennebroek;2012;;;;;;;;;;;;;;;
2460;Totaal;Bennebroek;2013;;;;;;;;;;;;;;;
2461;Totaal;Bennebroek;2014;;;;;;;;;;;;;;;
2462;Totaal;Bennebroek;2015;;;;;;;;;;;;;;;
2463;Totaal;Bennebroek;2016;;;;;;;;;;;;;;;
2464;Totaal;Berg en Dal;1995;;;;;;;;;;;;;;;
2465;Totaal;Berg en Dal;1996;;;;;;;;;;;;;;;
2466;Totaal;Berg en Dal;1997;;;;;;;;;;;;;;;
2467;Totaal;Berg en Dal;1998;;;;;;;;;;;;;;;
2468;Totaal;Berg en Dal;1999;;;;;;;;;;;;;;;
2469;Totaal;Berg en Dal;2000;;;;;;;;;;;;;;;
2470;Totaal;Berg en Dal;2001;;;;;;;;;;;;;;;
2471;Totaal;Berg en Dal;2002;;;;;;;;;;;;;;;
2472;Totaal;Berg en Dal;2003;;;;;;;;;;;;;;;
2473;Totaal;Berg en Dal;2004;;;;;;;;;;;;;;;
2474;Totaal;Berg en Dal;2005;;;;;;;;;;;;;;;
2475;Totaal;Berg en Dal;2006;;;;;;;;;;;;;;;
2476;Totaal;Berg en Dal;2007;;;;;;;;;;;;;;;
2477;Totaal;Berg en Dal;2008;;;;;;;;;;;;;;;
2478;Totaal;Berg en Dal;2009;;;;;;;;;;;;;;;
2479;Totaal;Berg en Dal;2010;;;;;;;;;;;;;;;
2480;Totaal;Berg en Dal;2011;;;;;;;;;;;;;;;
2481;Totaal;Berg en Dal;2012;;;;;;;;;;;;;;;
2482;Totaal;Berg en Dal;2013;;;;;;;;;;;;;;;
2483;Totaal;Berg en Dal;2014;;;;;;;;;;;;;;;
2484;Totaal;Berg en Dal;2015;;;;;;;;;;;;;;;
2485;Totaal;Berg en Dal;2016;34669.0;17246.5;17422.5;14952.0;8117.5;6834.5;15000.5;7494.0;7506.5;2376.5;570.5;1806.0;2340.0;1064.5;1275.5
2486;Totaal;Bergambacht;1995;9294.0;4583.0;4711.0;3770.5;1969.0;1801.5;4809.0;2407.5;2401.5;462.5;92.0;370.5;252.0;114.5;137.5
2487;Totaal;Bergambacht;1996;9259.5;4562.0;4697.5;3759.0;1956.0;1803.0;4778.5;2391.0;2387.5;462.5;94.5;368.0;259.5;120.5;139.0
2488;Totaal;Bergambacht;1997;9208.5;4534.0;4674.5;3739.5;1945.5;1794.0;4741.0;2371.5;2369.5;463.0;93.0;370.0;265.0;124.0;141.0
2489;Totaal;Bergambacht;1998;9190.5;4526.5;4664.0;3729.5;1945.0;1784.5;4730.5;2365.5;2365.0;457.0;89.0;368.0;273.5;127.0;146.5
2490;Totaal;Bergambacht;1999;9208.5;4547.0;4661.5;3728.5;1951.5;1777.0;4749.5;2375.5;2374.0;454.5;92.0;362.5;276.0;128.0;148.0
2491;Totaal;Bergambacht;2000;9239.0;4569.5;4669.5;3736.5;1964.0;1772.5;4766.0;2383.5;2382.5;454.0;92.5;361.5;282.5;129.5;153.0
2492;Totaal;Bergambacht;2001;9247.0;4574.5;4672.5;3738.5;1967.5;1771.0;4761.0;2381.5;2379.5;451.0;88.5;362.5;296.5;137.0;159.5
2493;Totaal;Bergambacht;2002;9226.0;4558.0;4668.0;3733.0;1960.5;1772.5;4719.0;2360.5;2358.5;460.0;92.5;367.5;314.0;144.5;169.5
2494;Totaal;Bergambacht;2003;9253.5;4574.0;4679.5;3776.5;1989.5;1787.0;4682.0;2339.0;2343.0;465.0;96.0;369.0;330.0;149.5;180.5
2495;Totaal;Bergambacht;2004;9274.5;4584.5;4690.0;3815.0;2011.0;1804.0;4654.0;2324.0;2330.0;472.0;96.0;376.0;333.5;153.5;180.0
2496;Totaal;Bergambacht;2005;9333.5;4602.0;4731.5;3850.0;2022.5;1827.5;4659.5;2328.5;2331.0;494.5;100.5;394.0;329.5;150.5;179.0
2497;Totaal;Bergambacht;2006;9440.0;4648.0;4792.0;3920.5;2049.5;1871.0;4685.0;2341.5;2343.5;501.5;106.0;395.5;333.0;151.0;182.0
2498;Totaal;Bergambacht;2007;9499.5;4690.5;4809.0;3937.0;2063.5;1873.5;4718.0;2357.0;2361.0;492.5;107.5;385.0;352.0;162.5;189.5
2499;Totaal;Bergambacht;2008;9583.0;4746.0;4837.0;3967.0;2088.0;1879.0;4754.0;2372.0;2382.0;487.0;110.0;377.0;375.0;176.0;199.0
2500;Totaal;Bergambacht;2009;9689.0;4792.0;4897.0;4033.0;2114.0;1919.0;4768.0;2377.5;2390.5;489.0;110.5;378.5;399.0;190.0;209.0
2501;Totaal;Bergambacht;2010;9765.0;4824.5;4940.5;4081.0;2135.5;1945.5;4772.5;2381.0;2391.5;493.5;106.5;387.0;418.0;201.5;216.5
2502;Totaal;Bergambacht;2011;9854.5;4865.5;4989.0;4136.0;2162.5;1973.5;4774.5;2380.0;2394.5;510.5;109.5;401.0;433.5;213.5;220.0
2503;Totaal;Bergambacht;2012;9923.0;4890.0;5033.0;4167.0;2175.5;1991.5;4781.5;2382.0;2399.5;527.0;110.0;417.0;447.5;222.5;225.0
2504;Totaal;Bergambacht;2013;9954.0;4912.0;5042.0;4184.0;2186.0;1998.0;4798.0;2394.0;2404.0;514.5;106.0;408.5;457.5;226.0;231.5
2505;Totaal;Bergambacht;2014;10078.0;4992.0;5086.0;4270.5;2242.5;2028.0;4821.0;2407.5;2413.5;510.0;109.0;401.0;476.5;233.0;243.5
2506;Totaal;Bergambacht;2015;;;;;;;;;;;;;;;
2507;Totaal;Bergambacht;2016;;;;;;;;;;;;;;;
2508;Totaal;Bergeijk;1995;;;;;;;;;;;;;;;
2509;Totaal;Bergeijk;1996;;;;;;;;;;;;;;;
2510;Totaal;Bergeijk;1997;;;;;;;;;;;;;;;
2511;Totaal;Bergeijk;1998;;;;;;;;;;;;;;;
2512;Totaal;Bergeijk;1999;17838.5;9145.5;8693.0;7257.0;4098.5;3158.5;9305.0;4649.5;4655.5;798.5;166.0;632.5;478.0;231.5;246.5
2513;Totaal;Bergeijk;2000;17936.0;9161.0;8775.0;7308.5;4100.0;3208.5;9302.0;4648.5;4653.5;819.5;170.0;649.5;506.0;242.5;263.5
2514;Totaal;Bergeijk;2001;17970.0;9155.0;8815.0;7352.5;4102.5;3250.0;9244.0;4621.5;4622.5;845.0;179.5;665.5;528.5;251.5;277.0
2515;Totaal;Bergeijk;2002;18033.5;9172.0;8861.5;7426.5;4119.0;3307.5;9195.0;4600.0;4595.0;856.5;188.5;668.0;555.5;264.5;291.0
2516;Totaal;Bergeijk;2003;18115.0;9207.0;8908.0;7481.5;4138.5;3343.0;9182.5;4591.5;4591.0;854.5;188.5;666.0;596.5;288.5;308.0
2517;Totaal;Bergeijk;2004;18118.5;9204.0;8914.5;7488.0;4142.0;3346.0;9144.0;4570.5;4573.5;860.5;186.0;674.5;626.0;305.5;320.5
2518;Totaal;Bergeijk;2005;18080.0;9173.5;8906.5;7461.5;4121.5;3340.0;9094.0;4546.0;4548.0;876.5;190.0;686.5;648.0;316.0;332.0
2519;Totaal;Bergeijk;2006;18077.0;9165.5;8911.5;7449.0;4112.0;3337.0;9048.5;4523.0;4525.5;891.5;196.0;695.5;688.0;334.5;353.5
2520;Totaal;Bergeijk;2007;18096.5;9160.0;8936.5;7449.5;4107.5;3342.0;9011.0;4504.5;4506.5;918.0;204.0;714.0;718.0;344.0;374.0
2521;Totaal;Bergeijk;2008;18093.0;9158.0;8935.0;7442.0;4105.5;3336.5;8987.5;4495.0;4492.5;934.5;212.5;722.0;729.0;345.0;384.0
2522;Totaal;Bergeijk;2009;18074.0;9158.5;8915.5;7418.0;4105.0;3313.0;8947.5;4476.0;4471.5;931.5;210.0;721.5;777.0;367.5;409.5
2523;Totaal;Bergeijk;2010;18067.0;9161.5;8905.5;7425.5;4114.5;3311.0;8874.5;4440.0;4434.5;932.0;210.0;722.0;835.0;397.0;438.0
2524;Totaal;Bergeijk;2011;18098.0;9180.0;8918.0;7492.0;4147.0;3345.0;8801.5;4403.0;4398.5;933.0;215.5;717.5;871.5;414.5;457.0
2525;Totaal;Bergeijk;2012;18157.0;9201.5;8955.5;7546.0;4176.5;3369.5;8757.0;4379.0;4378.0;938.0;215.5;722.5;916.0;430.5;485.5
2526;Totaal;Bergeijk;2013;18223.5;9235.5;8988.0;7574.5;4190.0;3384.5;8746.0;4373.5;4372.5;933.5;215.0;718.5;969.5;457.0;512.5
2527;Totaal;Bergeijk;2014;18232.5;9250.0;8982.5;7572.5;4185.5;3387.0;8728.0;4364.0;4364.0;936.5;224.5;712.0;995.5;476.0;519.5
2528;Totaal;Bergeijk;2015;18231.0;9256.5;8974.5;7600.0;4200.0;3400.0;8651.0;4323.5;4327.5;958.0;237.0;721.0;1022.0;496.0;526.0
2529;Totaal;Bergeijk;2016;18297.5;9303.5;8994.0;7667.5;4247.5;3420.0;8578.5;4290.5;4288.0;987.0;248.5;738.5;1064.5;517.0;547.5
2530;Totaal;Bergen (L.);1995;13237.0;6723.5;6513.5;5349.5;2992.5;2357.0;6803.5;3403.0;3400.5;697.0;135.0;562.0;387.0;193.0;194.0
2531;Totaal;Bergen (L.);1996;13300.0;6748.0;6552.0;5357.0;2992.5;2364.5;6832.0;3417.5;3414.5;705.0;135.0;570.0;406.0;203.0;203.0
2532;Totaal;Bergen (L.);1997;13369.5;6772.0;6597.5;5377.5;2992.0;2385.5;6863.5;3433.5;3430.0;706.0;137.0;569.0;422.5;209.5;213.0
2533;Totaal;Bergen (L.);1998;13373.0;6763.0;6610.0;5362.0;2978.0;2384.0;6849.5;3426.5;3423.0;716.0;143.0;573.0;445.5;215.5;230.0
2534;Totaal;Bergen (L.);1999;13363.0;6747.0;6616.0;5346.0;2967.0;2379.0;6811.0;3407.5;3403.5;737.0;147.0;590.0;469.0;225.5;243.5
2535;Totaal;Bergen (L.);2000;13403.0;6754.0;6649.0;5383.0;2975.5;2407.5;6786.5;3395.5;3391.0;753.5;150.0;603.5;480.0;233.0;247.0
2536;Totaal;Bergen (L.);2001;13491.5;6790.5;6701.0;5455.5;3002.0;2453.5;6799.0;3402.0;3397.0;754.0;152.0;602.0;483.0;234.5;248.5
2537;Totaal;Bergen (L.);2002;13501.0;6772.5;6728.5;5483.0;2999.5;2483.5;6750.0;3378.0;3372.0;763.5;151.0;612.5;504.5;244.0;260.5
2538;Totaal;Bergen (L.);2003;13470.0;6735.0;6735.0;5476.0;2983.0;2493.0;6671.0;3340.0;3331.0;783.0;152.0;631.0;540.0;260.0;280.0
2539;Totaal;Bergen (L.);2004;13526.5;6766.5;6760.0;5532.0;3015.5;2516.5;6633.5;3321.5;3312.0;787.0;151.5;635.5;574.0;278.0;296.0
2540;Totaal;Bergen (L.);2005;13594.0;6795.5;6798.5;5609.5;3051.0;2558.5;6590.5;3298.5;3292.0;791.5;152.0;639.5;602.5;294.0;308.5
2541;Totaal;Bergen (L.);2006;13586.5;6780.5;6806.0;5614.5;3045.0;2569.5;6544.5;3275.5;3269.0;802.0;155.5;646.5;625.5;304.5;321.0
2542;Totaal;Bergen (L.);2007;13530.0;6754.5;6775.5;5578.0;3030.5;2547.5;6493.5;3248.5;3245.0;804.0;157.5;646.5;654.5;318.0;336.5
2543;Totaal;Bergen (L.);2008;13450.5;6720.0;6730.5;5538.0;3011.5;2526.5;6419.0;3210.5;3208.5;804.5;163.0;641.5;689.0;335.0;354.0
2544;Totaal;Bergen (L.);2009;13396.5;6699.5;6697.0;5492.5;2988.5;2504.0;6373.5;3188.5;3185.0;807.5;169.0;638.5;723.0;353.5;369.5
2545;Totaal;Bergen (L.);2010;13370.5;6691.5;6679.0;5473.5;2976.5;2497.0;6329.0;3166.5;3162.5;813.5;176.0;637.5;754.5;372.5;382.0
2546;Totaal;Bergen (L.);2011;13318.0;6670.0;6648.0;5451.5;2965.0;2486.5;6259.5;3130.5;3129.0;818.5;185.5;633.0;788.5;389.0;399.5
2547;Totaal;Bergen (L.);2012;13280.5;6657.0;6623.5;5427.5;2962.5;2465.0;6219.5;3106.0;3113.5;823.5;191.5;632.0;810.0;397.0;413.0
2548;Totaal;Bergen (L.);2013;13256.0;6649.0;6607.0;5419.0;2966.5;2452.5;6189.5;3090.5;3099.0;832.5;193.5;639.0;815.0;398.5;416.5
2549;Totaal;Bergen (L.);2014;13194.5;6611.5;6583.0;5384.0;2945.5;2438.5;6151.5;3074.5;3077.0;838.5;195.0;643.5;820.5;396.5;424.0
2550;Totaal;Bergen (L.);2015;13121.0;6547.5;6573.5;5365.5;2914.5;2451.0;6074.5;3036.5;3038.0;843.5;197.5;646.0;837.5;399.0;438.5
2551;Totaal;Bergen (L.);2016;13092.5;6523.0;6569.5;5384.5;2910.0;2474.5;6008.5;3005.0;3003.5;850.5;203.5;647.0;849.0;404.5;444.5
2552;Totaal;Bergen (NH.);1995;14164.0;6637.0;7527.0;5749.0;2903.5;2845.5;6479.0;3229.5;3249.5;1066.0;161.0;905.0;870.0;343.0;527.0
2553;Totaal;Bergen (NH.);1996;14153.0;6607.5;7545.5;5760.5;2888.0;2872.5;6438.5;3209.5;3229.0;1068.0;162.0;906.0;886.0;348.0;538.0
2554;Totaal;Bergen (NH.);1997;14134.5;6618.5;7516.0;5768.5;2911.5;2857.0;6368.5;3179.0;3189.5;1077.0;170.5;906.5;920.5;357.5;563.0
2555;Totaal;Bergen (NH.);1998;14008.5;6580.5;7428.0;5665.5;2882.5;2783.0;6313.0;3152.0;3161.0;1042.5;170.0;872.5;987.5;376.0;611.5
2556;Totaal;Bergen (NH.);1999;13814.0;6489.0;7325.0;5494.5;2797.5;2697.0;6286.5;3137.0;3149.5;1024.0;167.0;857.0;1009.0;387.5;621.5
2557;Totaal;Bergen (NH.);2000;13739.5;6467.0;7272.5;5443.0;2786.0;2657.0;6268.5;3125.0;3143.5;1044.0;169.5;874.5;984.0;386.5;597.5
2558;Totaal;Bergen (NH.);2001;31806.5;15539.0;16267.5;13095.0;7042.0;6053.0;14647.5;7312.0;7335.5;2121.0;383.5;1737.5;1943.0;801.5;1141.5
2559;Totaal;Bergen (NH.);2002;31834.0;15581.5;16252.5;13178.5;7107.5;6071.0;14523.5;7253.5;7270.0;2132.5;395.0;1737.5;1999.5;825.5;1174.0
2560;Totaal;Bergen (NH.);2003;31740.0;15541.0;16199.0;13107.0;7082.5;6024.5;14447.5;7214.0;7233.5;2133.0;407.0;1726.0;2052.5;837.5;1215.0
2561;Totaal;Bergen (NH.);2004;31716.0;15501.5;16214.5;13124.5;7070.0;6054.5;14361.5;7169.0;7192.5;2131.5;420.5;1711.0;2098.5;842.0;1256.5
2562;Totaal;Bergen (NH.);2005;31599.5;15373.0;16226.5;13047.0;6969.0;6078.0;14276.5;7126.5;7150.0;2136.5;423.5;1713.0;2139.5;854.0;1285.5
2563;Totaal;Bergen (NH.);2006;31418.5;15231.5;16187.0;12910.5;6860.0;6050.5;14176.0;7073.0;7103.0;2151.0;425.5;1725.5;2181.0;873.0;1308.0
2564;Totaal;Bergen (NH.);2007;31276.0;15133.0;16143.0;12821.0;6799.0;6022.0;14053.0;7005.0;7048.0;2167.0;430.0;1737.0;2235.0;899.0;1336.0
2565;Totaal;Bergen (NH.);2008;31187.0;15083.0;16104.0;12737.5;6757.0;5980.5;14013.0;6986.0;7027.0;2165.0;435.5;1729.5;2271.5;904.5;1367.0
2566;Totaal;Bergen (NH.);2009;31069.5;15049.0;16020.5;12588.5;6690.0;5898.5;13982.0;6975.5;7006.5;2156.5;445.5;1711.0;2342.5;938.0;1404.5
2567;Totaal;Bergen (NH.);2010;30926.5;15010.0;15916.5;12480.0;6644.5;5835.5;13868.5;6917.0;6951.5;2155.0;459.0;1696.0;2423.0;989.5;1433.5
2568;Totaal;Bergen (NH.);2011;30775.0;14935.0;15840.0;12417.5;6609.0;5808.5;13728.5;6841.0;6887.5;2158.5;466.5;1692.0;2470.5;1018.5;1452.0
2569;Totaal;Bergen (NH.);2012;30507.5;14775.5;15732.0;12286.5;6514.5;5772.0;13572.0;6767.0;6805.0;2153.0;469.0;1684.0;2496.0;1025.0;1471.0
2570;Totaal;Bergen (NH.);2013;30204.5;14617.5;15587.0;12164.5;6445.5;5719.0;13365.0;6669.0;6696.0;2154.5;471.0;1683.5;2520.5;1032.0;1488.5
2571;Totaal;Bergen (NH.);2014;30040.5;14524.0;15516.5;12146.5;6420.5;5726.0;13172.0;6567.0;6605.0;2148.5;470.5;1678.0;2573.5;1066.0;1507.5
2572;Totaal;Bergen (NH.);2015;29974.0;14481.5;15492.5;12131.0;6395.0;5736.0;13055.5;6504.5;6551.0;2145.0;479.5;1665.5;2642.5;1102.5;1540.0
2573;Totaal;Bergen (NH.);2016;29893.5;14427.0;15466.5;12057.0;6335.5;5721.5;12989.5;6469.0;6520.5;2166.5;498.0;1668.5;2680.5;1124.5;1556.0
2574;Totaal;Bergen op Zoom;1995;48325.0;23709.0;24616.0;19772.5;10550.5;9222.0;22720.0;11386.0;11334.0;3090.0;549.0;2541.0;2742.5;1223.5;1519.0
2575;Totaal;Bergen op Zoom;1996;49040.5;24111.0;24929.5;20201.5;10816.0;9385.5;22879.0;11460.0;11419.0;3077.0;550.5;2526.5;2883.0;1284.5;1598.5
2576;Totaal;Bergen op Zoom;1997;63608.0;31465.0;32143.0;25769.0;13900.5;11868.5;30446.5;15250.5;15196.0;3827.5;718.5;3109.0;3565.0;1595.5;1969.5
2577;Totaal;Bergen op Zoom;1998;64323.0;31813.0;32510.0;26081.5;14066.0;12015.5;30656.5;15355.0;15301.5;3845.5;726.0;3119.5;3739.5;1666.0;2073.5
2578;Totaal;Bergen op Zoom;1999;64883.5;32095.0;32788.5;26309.5;14209.5;12100.0;30794.0;15421.0;15373.0;3885.0;734.0;3151.0;3895.0;1730.5;2164.5
2579;Totaal;Bergen op Zoom;2000;65233.5;32288.0;32945.5;26539.0;14353.5;12185.5;30769.5;15413.0;15356.5;3950.0;750.5;3199.5;3975.0;1771.0;2204.0
2580;Totaal;Bergen op Zoom;2001;65578.0;32498.0;33080.0;26803.0;14511.5;12291.5;30689.0;15381.5;15307.5;3962.0;763.5;3198.5;4124.0;1841.5;2282.5
2581;Totaal;Bergen op Zoom;2002;65908.5;32717.0;33191.5;27065.5;14683.0;12382.5;30655.0;15369.5;15285.5;3957.0;770.0;3187.0;4231.0;1894.5;2336.5
2582;Totaal;Bergen op Zoom;2003;66082.0;32778.5;33303.5;27239.5;14757.5;12482.0;30622.0;15350.5;15271.5;3952.0;774.5;3177.5;4268.5;1896.0;2372.5
2583;Totaal;Bergen op Zoom;2004;66219.0;32803.0;33416.0;27382.5;14794.0;12588.5;30473.0;15272.0;15201.0;3965.0;790.0;3175.0;4398.5;1947.0;2451.5
2584;Totaal;Bergen op Zoom;2005;66032.5;32659.5;33373.0;27354.5;14738.0;12616.5;30167.5;15120.0;15047.5;3976.0;799.0;3177.0;4534.5;2002.5;2532.0
2585;Totaal;Bergen op Zoom;2006;65603.5;32406.0;33197.5;27227.5;14647.0;12580.5;29838.0;14961.0;14877.0;3948.5;780.0;3168.5;4589.5;2018.0;2571.5
2586;Totaal;Bergen op Zoom;2007;65341.0;32255.5;33085.5;27159.0;14599.5;12559.5;29596.0;14830.5;14765.5;3934.0;776.0;3158.0;4652.0;2049.5;2602.5
2587;Totaal;Bergen op Zoom;2008;65412.0;32262.0;33150.0;27268.5;14623.5;12645.0;29461.5;14756.5;14705.0;3935.0;786.0;3149.0;4747.0;2096.0;2651.0
2588;Totaal;Bergen op Zoom;2009;65713.5;32432.5;33281.0;27358.0;14680.0;12678.0;29402.0;14729.5;14672.5;3908.5;779.0;3129.5;5045.0;2244.0;2801.0
2589;Totaal;Bergen op Zoom;2010;65959.5;32577.5;33382.0;27379.0;14723.0;12656.0;29371.5;14707.0;14664.5;3883.5;773.5;3110.0;5325.5;2374.0;2951.5
2590;Totaal;Bergen op Zoom;2011;66102.0;32650.5;33451.5;27497.0;14786.0;12711.0;29353.0;14700.0;14653.0;3880.0;788.0;3092.0;5372.0;2376.5;2995.5
2591;Totaal;Bergen op Zoom;2012;66208.5;32703.0;33505.5;27621.5;14848.0;12773.5;29222.5;14633.0;14589.5;3878.5;803.5;3075.0;5486.0;2418.5;3067.5
2592;Totaal;Bergen op Zoom;2013;66353.0;32812.5;33540.5;27796.5;14966.0;12830.5;29051.5;14542.0;14509.5;3864.5;807.0;3057.5;5640.5;2497.5;3143.0
2593;Totaal;Bergen op Zoom;2014;66369.5;32841.0;33528.5;27885.0;15020.0;12865.0;28880.5;14463.0;14417.5;3851.0;816.0;3035.0;5753.0;2542.0;3211.0
2594;Totaal;Bergen op Zoom;2015;66278.5;32788.0;33490.5;27908.0;15013.5;12894.5;28706.5;14380.5;14326.0;3845.0;835.0;3010.0;5819.0;2559.0;3260.0
2595;Totaal;Bergen op Zoom;2016;66200.5;32760.0;33440.5;27934.0;15025.5;12908.5;28597.5;14320.5;14277.0;3827.5;851.0;2976.5;5841.5;2563.0;3278.5
2596;Totaal;Bergeyk;1995;10681.0;5507.0;5174.0;4410.0;2502.0;1908.0;5578.5;2785.5;2793.0;429.5;90.5;339.0;263.0;129.0;134.0
2597;Totaal;Bergeyk;1996;10713.0;5516.5;5196.5;4428.0;2511.0;1917.0;5575.5;2783.0;2792.5;447.5;94.5;353.0;262.0;128.0;134.0
2598;Totaal;Bergeyk;1997;17751.0;9138.5;8612.5;7213.0;4096.5;3116.5;9344.0;4665.5;4678.5;764.5;158.0;606.5;429.5;218.5;211.0
2599;Totaal;Bergeyk;1998;17752.0;9122.0;8630.0;7207.0;4086.0;3121.0;9307.5;4647.5;4660.0;781.5;161.0;620.5;456.0;227.5;228.5
2600;Totaal;Bergeyk;1999;;;;;;;;;;;;;;;
2601;Totaal;Bergeyk;2000;;;;;;;;;;;;;;;
2602;Totaal;Bergeyk;2001;;;;;;;;;;;;;;;
2603;Totaal;Bergeyk;2002;;;;;;;;;;;;;;;
2604;Totaal;Bergeyk;2003;;;;;;;;;;;;;;;
2605;Totaal;Bergeyk;2004;;;;;;;;;;;;;;;
2606;Totaal;Bergeyk;2005;;;;;;;;;;;;;;;
2607;Totaal;Bergeyk;2006;;;;;;;;;;;;;;;
2608;Totaal;Bergeyk;2007;;;;;;;;;;;;;;;
2609;Totaal;Bergeyk;2008;;;;;;;;;;;;;;;
2610;Totaal;Bergeyk;2009;;;;;;;;;;;;;;;
2611;Totaal;Bergeyk;2010;;;;;;;;;;;;;;;
2612;Totaal;Bergeyk;2011;;;;;;;;;;;;;;;
2613;Totaal;Bergeyk;2012;;;;;;;;;;;;;;;
2614;Totaal;Bergeyk;2013;;;;;;;;;;;;;;;
2615;Totaal;Bergeyk;2014;;;;;;;;;;;;;;;
2616;Totaal;Bergeyk;2015;;;;;;;;;;;;;;;
2617;Totaal;Bergeyk;2016;;;;;;;;;;;;;;;
2618;Totaal;Bergh;1995;17995.0;9018.5;8976.5;7159.5;3965.0;3194.5;9189.5;4600.0;4589.5;1110.5;195.5;915.0;535.5;258.0;277.5
2619;Totaal;Bergh;1996;18108.0;9044.0;9064.0;7182.5;3951.5;3231.0;9243.5;4625.0;4618.5;1124.0;199.0;925.0;558.0;268.5;289.5
2620;Totaal;Bergh;1997;18281.0;9126.0;9155.0;7259.0;3990.5;3268.5;9307.0;4655.0;4652.0;1134.0;200.5;933.5;581.0;280.0;301.0
2621;Totaal;Bergh;1998;18323.5;9148.0;9175.5;7227.0;3982.0;3245.0;9353.5;4677.5;4676.0;1139.5;201.0;938.5;603.5;287.5;316.0
2622;Totaal;Bergh;1999;18323.5;9155.5;9168.0;7173.5;3969.0;3204.5;9387.5;4698.5;4689.0;1147.5;201.0;946.5;615.0;287.0;328.0
2623;Totaal;Bergh;2000;18395.5;9183.5;9212.0;7180.0;3975.5;3204.5;9420.0;4718.0;4702.0;1160.0;199.0;961.0;635.5;291.0;344.5
2624;Totaal;Bergh;2001;18401.0;9173.0;9228.0;7195.5;3977.5;3218.0;9384.5;4699.5;4685.0;1165.5;198.5;967.0;655.5;297.5;358.0
2625;Totaal;Bergh;2002;18394.5;9179.5;9215.0;7264.5;4016.5;3248.0;9288.5;4651.5;4637.0;1160.5;197.5;963.0;681.0;314.0;367.0
2626;Totaal;Bergh;2003;18403.0;9198.5;9204.5;7314.5;4046.5;3268.0;9233.0;4620.5;4612.5;1143.0;198.0;945.0;712.5;333.5;379.0
2627;Totaal;Bergh;2004;18403.0;9196.5;9206.5;7374.0;4074.0;3300.0;9163.0;4582.0;4581.0;1142.0;204.0;938.0;724.0;336.5;387.5
2628;Totaal;Bergh;2005;;;;;;;;;;;;;;;
2629;Totaal;Bergh;2006;;;;;;;;;;;;;;;
2630;Totaal;Bergh;2007;;;;;;;;;;;;;;;
2631;Totaal;Bergh;2008;;;;;;;;;;;;;;;
2632;Totaal;Bergh;2009;;;;;;;;;;;;;;;
2633;Totaal;Bergh;2010;;;;;;;;;;;;;;;
2634;Totaal;Bergh;2011;;;;;;;;;;;;;;;
2635;Totaal;Bergh;2012;;;;;;;;;;;;;;;
2636;Totaal;Bergh;2013;;;;;;;;;;;;;;;
2637;Totaal;Bergh;2014;;;;;;;;;;;;;;;
2638;Totaal;Bergh;2015;;;;;;;;;;;;;;;
2639;Totaal;Bergh;2016;;;;;;;;;;;;;;;
2640;Totaal;Bergschenhoek;1995;8503.5;4253.0;4250.5;3557.0;1899.5;1657.5;4329.0;2161.5;2167.5;364.5;71.5;293.0;253.0;120.5;132.5
2641;Totaal;Bergschenhoek;1996;8956.0;4486.0;4470.0;3768.0;2011.0;1757.0;4539.5;2266.5;2273.0;364.5;74.5;290.0;284.0;134.0;150.0
2642;Totaal;Bergschenhoek;1997;9592.5;4780.5;4812.0;4059.0;2146.0;1913.0;4838.5;2414.5;2424.0;377.5;77.5;300.0;317.5;142.5;175.0
2643;Totaal;Bergschenhoek;1998;10772.0;5343.5;5428.5;4597.0;2402.0;2195.0;5423.5;2704.5;2719.0;391.0;79.5;311.5;360.5;157.5;203.0
2644;Totaal;Bergschenhoek;1999;12047.5;5979.5;6068.0;5201.0;2713.0;2488.0;6058.0;3021.5;3036.5;392.0;75.0;317.0;396.5;170.0;226.5
2645;Totaal;Bergschenhoek;2000;12873.0;6392.0;6481.0;5623.0;2928.5;2694.5;6430.0;3208.0;3222.0;402.0;74.5;327.5;418.0;181.0;237.0
2646;Totaal;Bergschenhoek;2001;13440.0;6680.0;6760.0;5932.5;3091.0;2841.5;6648.0;3321.5;3326.5;414.0;73.5;340.5;445.5;194.0;251.5
2647;Totaal;Bergschenhoek;2002;14429.5;7183.5;7246.0;6494.0;3394.0;3100.0;6996.0;3496.5;3499.5;427.5;74.5;353.0;512.0;218.5;293.5
2648;Totaal;Bergschenhoek;2003;15527.5;7718.5;7809.0;7115.0;3709.5;3405.5;7394.0;3695.5;3698.5;447.0;78.0;369.0;571.5;235.5;336.0
2649;Totaal;Bergschenhoek;2004;16025.5;7966.5;8059.0;7360.0;3839.0;3521.0;7582.0;3794.5;3787.5;464.5;81.5;383.0;619.0;251.5;367.5
2650;Totaal;Bergschenhoek;2005;16393.5;8163.0;8230.5;7550.0;3948.5;3601.5;7692.5;3850.5;3842.0;484.0;89.0;395.0;667.0;275.0;392.0
2651;Totaal;Bergschenhoek;2006;16650.0;8273.0;8377.0;7725.0;4025.5;3699.5;7734.5;3866.5;3868.0;496.5;95.0;401.5;694.0;286.0;408.0
2652;Totaal;Bergschenhoek;2007;;;;;;;;;;;;;;;
2653;Totaal;Bergschenhoek;2008;;;;;;;;;;;;;;;
2654;Totaal;Bergschenhoek;2009;;;;;;;;;;;;;;;
2655;Totaal;Bergschenhoek;2010;;;;;;;;;;;;;;;
2656;Totaal;Bergschenhoek;2011;;;;;;;;;;;;;;;
2657;Totaal;Bergschenhoek;2012;;;;;;;;;;;;;;;
2658;Totaal;Bergschenhoek;2013;;;;;;;;;;;;;;;
2659;Totaal;Bergschenhoek;2014;;;;;;;;;;;;;;;
2660;Totaal;Bergschenhoek;2015;;;;;;;;;;;;;;;
2661;Totaal;Bergschenhoek;2016;;;;;;;;;;;;;;;
2662;Totaal;Berkel en Rodenrijs;1995;15881.5;8057.5;7824.0;6884.0;3803.0;3081.0;7926.0;3968.0;3958.0;648.0;103.0;545.0;423.5;183.5;240.0
2663;Totaal;Berkel en Rodenrijs;1996;15975.0;8107.0;7868.0;6898.0;3819.0;3079.0;7965.5;3985.5;3980.0;661.5;106.5;555.0;450.0;196.0;254.0
2664;Totaal;Berkel en Rodenrijs;1997;16047.5;8139.5;7908.0;6891.0;3816.5;3074.5;8001.0;4002.0;3999.0;680.5;113.0;567.5;475.0;208.0;267.0
2665;Totaal;Berkel en Rodenrijs;1998;16309.5;8269.0;8040.5;6955.5;3852.0;3103.5;8151.5;4077.0;4074.5;691.5;120.0;571.5;511.0;220.0;291.0
2666;Totaal;Berkel en Rodenrijs;1999;16711.0;8465.5;8245.5;7130.0;3939.0;3191.0;8310.0;4156.5;4153.5;704.5;123.0;581.5;566.5;247.0;319.5
2667;Totaal;Berkel en Rodenrijs;2000;16928.5;8548.5;8380.0;7214.5;3963.0;3251.5;8395.0;4201.0;4194.0;722.5;122.5;600.0;596.5;262.0;334.5
2668;Totaal;Berkel en Rodenrijs;2001;16960.5;8540.5;8420.0;7204.5;3938.0;3266.5;8411.5;4213.0;4198.5;736.5;128.0;608.5;608.0;261.5;346.5
2669;Totaal;Berkel en Rodenrijs;2002;17077.5;8595.0;8482.5;7297.5;3986.0;3311.5;8375.0;4194.5;4180.5;751.5;135.5;616.0;653.5;279.0;374.5
2670;Totaal;Berkel en Rodenrijs;2003;17373.5;8727.0;8646.5;7448.0;4059.0;3389.0;8436.0;4219.5;4216.5;777.5;142.5;635.0;712.0;306.0;406.0
2671;Totaal;Berkel en Rodenrijs;2004;17809.0;8926.5;8882.5;7680.0;4168.5;3511.5;8560.5;4282.0;4278.5;809.5;153.5;656.0;759.0;322.5;436.5
2672;Totaal;Berkel en Rodenrijs;2005;18633.5;9331.5;9302.0;8148.0;4405.0;3743.0;8815.5;4411.5;4404.0;831.5;160.0;671.5;838.5;355.0;483.5
2673;Totaal;Berkel en Rodenrijs;2006;20020.0;10015.5;10004.5;8911.0;4783.5;4127.5;9309.5;4659.5;4650.0;859.5;166.0;693.5;940.0;406.5;533.5
2674;Totaal;Berkel en Rodenrijs;2007;;;;;;;;;;;;;;;
2675;Totaal;Berkel en Rodenrijs;2008;;;;;;;;;;;;;;;
2676;Totaal;Berkel en Rodenrijs;2009;;;;;;;;;;;;;;;
2677;Totaal;Berkel en Rodenrijs;2010;;;;;;;;;;;;;;;
2678;Totaal;Berkel en Rodenrijs;2011;;;;;;;;;;;;;;;
2679;Totaal;Berkel en Rodenrijs;2012;;;;;;;;;;;;;;;
2680;Totaal;Berkel en Rodenrijs;2013;;;;;;;;;;;;;;;
2681;Totaal;Berkel en Rodenrijs;2014;;;;;;;;;;;;;;;
2682;Totaal;Berkel en Rodenrijs;2015;;;;;;;;;;;;;;;
2683;Totaal;Berkel en Rodenrijs;2016;;;;;;;;;;;;;;;
2684;Totaal;Berkel-Enschot;1995;10536.0;5303.5;5232.5;4314.5;2323.0;1991.5;5541.5;2771.0;2770.5;387.0;79.5;307.5;293.0;130.0;163.0
2685;Totaal;Berkel-Enschot;1996;10623.5;5368.5;5255.0;4340.0;2353.5;1986.5;5584.5;2796.5;2788.0;393.5;81.5;312.0;305.5;137.0;168.5
2686;Totaal;Berkel-Enschot;1997;;;;;;;;;;;;;;;
2687;Totaal;Berkel-Enschot;1998;;;;;;;;;;;;;;;
2688;Totaal;Berkel-Enschot;1999;;;;;;;;;;;;;;;
2689;Totaal;Berkel-Enschot;2000;;;;;;;;;;;;;;;
2690;Totaal;Berkel-Enschot;2001;;;;;;;;;;;;;;;
2691;Totaal;Berkel-Enschot;2002;;;;;;;;;;;;;;;
2692;Totaal;Berkel-Enschot;2003;;;;;;;;;;;;;;;
2693;Totaal;Berkel-Enschot;2004;;;;;;;;;;;;;;;
2694;Totaal;Berkel-Enschot;2005;;;;;;;;;;;;;;;
2695;Totaal;Berkel-Enschot;2006;;;;;;;;;;;;;;;
2696;Totaal;Berkel-Enschot;2007;;;;;;;;;;;;;;;
2697;Totaal;Berkel-Enschot;2008;;;;;;;;;;;;;;;
2698;Totaal;Berkel-Enschot;2009;;;;;;;;;;;;;;;
2699;Totaal;Berkel-Enschot;2010;;;;;;;;;;;;;;;
2700;Totaal;Berkel-Enschot;2011;;;;;;;;;;;;;;;
2701;Totaal;Berkel-Enschot;2012;;;;;;;;;;;;;;;
2702;Totaal;Berkel-Enschot;2013;;;;;;;;;;;;;;;
2703;Totaal;Berkel-Enschot;2014;;;;;;;;;;;;;;;
2704;Totaal;Berkel-Enschot;2015;;;;;;;;;;;;;;;
2705;Totaal;Berkel-Enschot;2016;;;;;;;;;;;;;;;
2706;Totaal;Berkelland;1995;;;;;;;;;;;;;;;
2707;Totaal;Berkelland;1996;;;;;;;;;;;;;;;
2708;Totaal;Berkelland;1997;;;;;;;;;;;;;;;
2709;Totaal;Berkelland;1998;;;;;;;;;;;;;;;
2710;Totaal;Berkelland;1999;;;;;;;;;;;;;;;
2711;Totaal;Berkelland;2000;;;;;;;;;;;;;;;
2712;Totaal;Berkelland;2001;;;;;;;;;;;;;;;
2713;Totaal;Berkelland;2002;;;;;;;;;;;;;;;
2714;Totaal;Berkelland;2003;;;;;;;;;;;;;;;
2715;Totaal;Berkelland;2004;;;;;;;;;;;;;;;
2716;Totaal;Berkelland;2005;45260.5;22830.5;22430.0;18796.5;10508.5;8288.0;22114.0;11054.0;11060.0;2885.5;584.5;2301.0;1464.5;683.5;781.0
2717;Totaal;Berkelland;2006;45253.5;22797.0;22456.5;18881.5;10537.5;8344.0;21963.5;10978.5;10985.0;2903.0;583.5;2319.5;1505.5;697.5;808.0
2718;Totaal;Berkelland;2007;45181.5;22764.5;22417.0;18951.0;10579.0;8372.0;21766.5;10876.0;10890.5;2915.0;597.5;2317.5;1549.0;712.0;837.0
2719;Totaal;Berkelland;2008;45146.0;22754.0;22392.0;19016.5;10607.0;8409.5;21637.0;10812.5;10824.5;2902.0;609.0;2293.0;1590.5;725.5;865.0
2720;Totaal;Berkelland;2009;45060.0;22699.5;22360.5;18959.0;10562.0;8397.0;21514.5;10753.5;10761.0;2891.0;614.0;2277.0;1695.5;770.0;925.5
2721;Totaal;Berkelland;2010;44920.5;22596.5;22324.0;18856.5;10492.0;8364.5;21339.5;10665.0;10674.5;2920.0;626.5;2293.5;1804.5;813.0;991.5
2722;Totaal;Berkelland;2011;44887.0;22584.0;22303.0;18873.0;10499.0;8374.0;21212.5;10601.5;10611.0;2940.0;644.5;2295.5;1861.5;839.0;1022.5
2723;Totaal;Berkelland;2012;44840.0;22577.5;22262.5;18868.0;10509.5;8358.5;21074.0;10534.0;10540.0;2962.5;658.0;2304.5;1935.5;876.0;1059.5
2724;Totaal;Berkelland;2013;44717.5;22501.0;22216.5;18815.0;10471.0;8344.0;20929.0;10463.5;10465.5;2963.5;655.5;2308.0;2010.0;911.0;1099.0
2725;Totaal;Berkelland;2014;44515.0;22385.5;22129.5;18735.0;10415.0;8320.0;20775.0;10392.0;10383.0;2959.0;652.5;2306.5;2046.0;926.0;1120.0
2726;Totaal;Berkelland;2015;44400.5;22313.0;22087.5;18719.0;10403.0;8316.0;20607.5;10312.5;10295.0;2976.0;657.5;2318.5;2098.0;940.0;1158.0
2727;Totaal;Berkelland;2016;44337.5;22274.0;22063.5;18700.5;10381.0;8319.5;20495.0;10256.0;10239.0;2971.0;661.0;2310.0;2171.0;976.0;1195.0
2728;Totaal;Berlicum;1995;8906.0;4500.0;4406.0;3749.0;2065.5;1683.5;4473.5;2237.5;2236.0;451.0;89.0;362.0;232.5;108.0;124.5
2729;Totaal;Berlicum;1996;;;;;;;;;;;;;;;
2730;Totaal;Berlicum;1997;;;;;;;;;;;;;;;
2731;Totaal;Berlicum;1998;;;;;;;;;;;;;;;
2732;Totaal;Berlicum;1999;;;;;;;;;;;;;;;
2733;Totaal;Berlicum;2000;;;;;;;;;;;;;;;
2734;Totaal;Berlicum;2001;;;;;;;;;;;;;;;
2735;Totaal;Berlicum;2002;;;;;;;;;;;;;;;
2736;Totaal;Berlicum;2003;;;;;;;;;;;;;;;
2737;Totaal;Berlicum;2004;;;;;;;;;;;;;;;
2738;Totaal;Berlicum;2005;;;;;;;;;;;;;;;
2739;Totaal;Berlicum;2006;;;;;;;;;;;;;;;
2740;Totaal;Berlicum;2007;;;;;;;;;;;;;;;
2741;Totaal;Berlicum;2008;;;;;;;;;;;;;;;
2742;Totaal;Berlicum;2009;;;;;;;;;;;;;;;
2743;Totaal;Berlicum;2010;;;;;;;;;;;;;;;
2744;Totaal;Berlicum;2011;;;;;;;;;;;;;;;
2745;Totaal;Berlicum;2012;;;;;;;;;;;;;;;
2746;Totaal;Berlicum;2013;;;;;;;;;;;;;;;
2747;Totaal;Berlicum;2014;;;;;;;;;;;;;;;
2748;Totaal;Berlicum;2015;;;;;;;;;;;;;;;
2749;Totaal;Berlicum;2016;;;;;;;;;;;;;;;
2750;Totaal;Bernheze;1995;;;;;;;;;;;;;;;
2751;Totaal;Bernheze;1996;28007.0;14172.0;13835.0;12244.5;6620.5;5624.0;13993.0;6997.5;6995.5;1159.0;250.5;908.5;610.5;303.5;307.0
2752;Totaal;Bernheze;1997;28193.5;14252.0;13941.5;12339.5;6662.0;5677.5;14021.0;7011.5;7009.5;1184.0;257.0;927.0;649.0;321.5;327.5
2753;Totaal;Bernheze;1998;28318.0;14306.5;14011.5;12360.0;6672.5;5687.5;14068.5;7035.5;7033.0;1214.0;263.0;951.0;675.5;335.5;340.0
2754;Totaal;Bernheze;1999;28462.0;14375.5;14086.5;12350.5;6670.5;5680.0;14155.5;7077.5;7078.0;1244.0;273.0;971.0;712.0;354.5;357.5
2755;Totaal;Bernheze;2000;28621.5;14463.0;14158.5;12405.0;6716.0;5689.0;14182.0;7092.5;7089.5;1276.5;283.5;993.0;758.0;371.0;387.0
2756;Totaal;Bernheze;2001;28722.0;14528.5;14193.5;12480.0;6785.5;5694.5;14148.0;7077.5;7070.5;1297.0;283.0;1014.0;797.0;382.5;414.5
2757;Totaal;Bernheze;2002;28814.0;14588.5;14225.5;12568.5;6848.0;5720.5;14130.0;7068.0;7062.0;1284.5;277.0;1007.5;831.0;395.5;435.5
2758;Totaal;Bernheze;2003;28858.0;14607.0;14251.0;12589.0;6847.0;5742.0;14122.0;7061.5;7060.5;1280.5;281.5;999.0;866.5;417.0;449.5
2759;Totaal;Bernheze;2004;29042.0;14674.5;14367.5;12666.5;6866.0;5800.5;14118.0;7061.5;7056.5;1346.5;307.5;1039.0;911.0;439.5;471.5
2760;Totaal;Bernheze;2005;29380.0;14809.5;14570.5;12894.5;6968.5;5926.0;14119.5;7065.0;7054.5;1409.0;324.5;1084.5;957.0;451.5;505.5
2761;Totaal;Bernheze;2006;29594.0;14907.5;14686.5;13056.5;7045.5;6011.0;14120.0;7065.0;7055.0;1434.5;334.0;1100.5;983.0;463.0;520.0
2762;Totaal;Bernheze;2007;29653.5;14953.5;14700.0;13077.0;7058.5;6018.5;14107.0;7058.5;7048.5;1460.0;353.0;1107.0;1009.5;483.5;526.0
2763;Totaal;Bernheze;2008;29639.0;14946.0;14693.0;13032.5;7036.5;5996.0;14088.5;7048.0;7040.5;1464.5;362.5;1102.0;1053.5;499.0;554.5
2764;Totaal;Bernheze;2009;29635.0;14927.5;14707.5;12998.0;7010.5;5987.5;14040.5;7022.0;7018.5;1465.5;364.5;1101.0;1131.0;530.5;600.5
2765;Totaal;Bernheze;2010;29691.5;14946.0;14745.5;13012.5;7015.0;5997.5;13976.5;6988.5;6988.0;1498.5;375.5;1123.0;1204.0;567.0;637.0
2766;Totaal;Bernheze;2011;29765.0;14992.0;14773.0;13056.5;7047.0;6009.5;13938.5;6975.0;6963.5;1531.0;385.5;1145.5;1239.0;584.5;654.5
2767;Totaal;Bernheze;2012;29788.5;15031.0;14757.5;13057.5;7068.0;5989.5;13928.5;6977.5;6951.0;1533.5;383.5;1150.0;1269.0;602.0;667.0
2768;Totaal;Bernheze;2013;29732.5;15000.5;14732.0;13019.5;7050.0;5969.5;13851.5;6938.5;6913.0;1558.5;391.5;1167.0;1303.0;620.5;682.5
2769;Totaal;Bernheze;2014;29709.5;14986.5;14723.0;13017.5;7052.0;5965.5;13741.0;6882.0;6859.0;1595.5;405.0;1190.5;1355.5;647.5;708.0
2770;Totaal;Bernheze;2015;29804.5;15046.0;14758.5;13079.0;7095.5;5983.5;13692.5;6859.0;6833.5;1616.5;411.0;1205.5;1416.5;680.5;736.0
2771;Totaal;Bernheze;2016;30066.0;15169.5;14896.5;13261.0;7189.5;6071.5;13674.0;6856.5;6817.5;1642.0;415.0;1227.0;1489.0;708.5;780.5
2772;Totaal;Bernisse;1995;12433.0;6301.0;6132.0;4790.5;2654.5;2136.0;6732.5;3366.0;3366.5;522.0;102.5;419.5;388.0;178.0;210.0
2773;Totaal;Bernisse;1996;12514.5;6327.5;6187.0;4814.5;2655.5;2159.0;6771.0;3386.5;3384.5;524.5;102.5;422.0;404.5;183.0;221.5
2774;Totaal;Bernisse;1997;12518.0;6323.0;6195.0;4803.5;2646.5;2157.0;6767.0;3384.5;3382.5;528.5;105.5;423.0;419.0;186.5;232.5
2775;Totaal;Bernisse;1998;12643.5;6381.5;6262.0;4851.0;2671.0;2180.0;6813.0;3405.5;3407.5;538.0;109.5;428.5;441.5;195.5;246.0
2776;Totaal;Bernisse;1999;12769.5;6439.0;6330.5;4923.5;2710.5;2213.0;6832.0;3412.5;3419.5;555.0;115.0;440.0;459.0;201.0;258.0
2777;Totaal;Bernisse;2000;12746.5;6414.5;6332.0;4929.5;2707.0;2222.5;6774.0;3383.0;3391.0;573.5;120.0;453.5;469.5;204.5;265.0
2778;Totaal;Bernisse;2001;12749.5;6400.5;6349.0;4952.0;2703.5;2248.5;6718.0;3357.0;3361.0;581.5;121.0;460.5;498.0;219.0;279.0
2779;Totaal;Bernisse;2002;12736.0;6380.0;6356.0;4975.0;2709.5;2265.5;6664.0;3329.5;3334.5;584.5;116.0;468.5;512.5;225.0;287.5
2780;Totaal;Bernisse;2003;12698.0;6357.5;6340.5;4969.5;2714.0;2255.5;6606.5;3299.5;3307.0;594.0;112.0;482.0;528.0;232.0;296.0
2781;Totaal;Bernisse;2004;12667.0;6346.5;6320.5;4980.0;2728.5;2251.5;6526.5;3259.0;3267.5;605.0;111.0;494.0;555.5;248.0;307.5
2782;Totaal;Bernisse;2005;12661.5;6343.0;6318.5;5024.0;2751.0;2273.0;6456.0;3224.5;3231.5;607.0;111.5;495.5;574.5;256.0;318.5
2783;Totaal;Bernisse;2006;12671.0;6357.5;6313.5;5049.0;2773.5;2275.5;6417.0;3206.0;3211.0;603.5;114.0;489.5;601.5;264.0;337.5
2784;Totaal;Bernisse;2007;12604.5;6334.0;6270.5;4997.0;2757.0;2240.0;6371.0;3181.5;3189.5;607.0;119.5;487.5;629.5;276.0;353.5
2785;Totaal;Bernisse;2008;12542.5;6304.0;6238.5;4961.5;2738.0;2223.5;6326.5;3159.0;3167.5;614.0;124.0;490.0;640.5;283.0;357.5
2786;Totaal;Bernisse;2009;12500.0;6285.5;6214.5;4911.0;2711.5;2199.5;6318.5;3155.5;3163.0;612.0;122.0;490.0;658.5;296.5;362.0
2787;Totaal;Bernisse;2010;12429.5;6250.5;6179.0;4843.0;2673.0;2170.0;6291.0;3143.0;3148.0;615.0;123.0;492.0;680.5;311.5;369.0
2788;Totaal;Bernisse;2011;12415.0;6239.5;6175.5;4852.0;2667.0;2185.0;6247.5;3123.5;3124.0;620.0;126.0;494.0;695.5;323.0;372.5
2789;Totaal;Bernisse;2012;12412.0;6228.0;6184.0;4860.5;2660.5;2200.0;6208.5;3103.5;3105.0;621.0;125.5;495.5;722.0;338.5;383.5
2790;Totaal;Bernisse;2013;12383.0;6189.0;6194.0;4830.0;2633.0;2197.0;6171.0;3083.0;3088.0;635.0;126.0;509.0;747.0;347.0;400.0
2791;Totaal;Bernisse;2014;12374.5;6182.0;6192.5;4811.0;2631.5;2179.5;6135.5;3066.0;3069.5;657.5;128.0;529.5;770.5;356.5;414.0
2792;Totaal;Bernisse;2015;;;;;;;;;;;;;;;
2793;Totaal;Bernisse;2016;;;;;;;;;;;;;;;
2794;Totaal;Best;1995;23463.0;11751.5;11711.5;9641.5;5135.5;4506.0;12080.0;6040.0;6040.0;854.5;186.5;668.0;887.0;389.5;497.5
2795;Totaal;Best;1996;24223.5;12128.0;12095.5;9992.0;5322.0;4670.0;12400.0;6199.0;6201.0;886.5;194.0;692.5;945.0;413.0;532.0
2796;Totaal;Best;1997;24723.0;12394.5;12328.5;10234.5;5471.0;4763.5;12587.5;6291.0;6296.5;904.0;197.0;707.0;997.0;435.5;561.5
2797;Totaal;Best;1998;25169.0;12612.5;12556.5;10435.5;5577.5;4858.0;12780.5;6389.5;6391.0;901.5;191.5;710.0;1051.5;454.0;597.5
2798;Totaal;Best;1999;25696.0;12848.0;12848.0;10666.0;5684.5;4981.5;12989.0;6494.0;6495.0;933.5;199.0;734.5;1107.5;470.5;637.0
2799;Totaal;Best;2000;26384.5;13186.5;13198.0;11005.5;5865.0;5140.5;13219.5;6608.0;6611.5;987.5;218.0;769.5;1172.0;495.5;676.5
2800;Totaal;Best;2001;27137.5;13572.5;13565.0;11386.5;6065.5;5321.0;13489.0;6742.5;6746.5;1025.0;235.0;790.0;1237.0;529.5;707.5
2801;Totaal;Best;2002;27847.0;13939.5;13907.5;11740.0;6255.0;5485.0;13751.5;6874.5;6877.0;1059.5;249.0;810.5;1296.0;561.0;735.0
2802;Totaal;Best;2003;28451.0;14237.0;14214.0;12069.0;6425.0;5644.0;13932.5;6962.5;6970.0;1090.0;258.5;831.5;1359.5;591.0;768.5
2803;Totaal;Best;2004;28791.5;14381.5;14410.0;12294.5;6527.5;5767.0;13969.0;6980.0;6989.0;1119.5;266.5;853.0;1408.5;607.5;801.0
2804;Totaal;Best;2005;28975.5;14453.0;14522.5;12410.0;6580.5;5829.5;13964.0;6978.5;6985.5;1152.5;276.5;876.0;1449.0;617.5;831.5
2805;Totaal;Best;2006;29016.0;14473.0;14543.0;12446.5;6618.5;5828.0;13898.5;6943.0;6955.5;1192.5;290.5;902.0;1478.5;621.0;857.5
2806;Totaal;Best;2007;29047.5;14508.5;14539.0;12523.0;6685.0;5838.0;13796.5;6888.5;6908.0;1223.0;303.5;919.5;1505.0;631.5;873.5
2807;Totaal;Best;2008;29053.0;14511.5;14541.5;12582.0;6706.0;5876.0;13683.5;6830.0;6853.5;1220.0;305.5;914.5;1567.5;670.0;897.5
2808;Totaal;Best;2009;28985.0;14468.5;14516.5;12522.0;6664.5;5857.5;13594.5;6788.5;6806.0;1214.0;308.5;905.5;1654.5;707.0;947.5
2809;Totaal;Best;2010;28881.5;14421.0;14460.5;12413.0;6615.5;5797.5;13524.5;6757.5;6767.0;1227.0;320.5;906.5;1717.0;727.5;989.5
2810;Totaal;Best;2011;28753.0;14372.0;14381.0;12299.5;6576.5;5723.0;13452.5;6721.0;6731.5;1237.5;329.5;908.0;1763.5;745.0;1018.5
2811;Totaal;Best;2012;28666.5;14354.5;14312.0;12235.0;6570.5;5664.5;13377.0;6680.5;6696.5;1244.0;337.0;907.0;1810.5;766.5;1044.0
2812;Totaal;Best;2013;28627.0;14345.0;14282.0;12215.5;6571.0;5644.5;13289.0;6636.5;6652.5;1264.0;346.5;917.5;1858.5;791.0;1067.5
2813;Totaal;Best;2014;28677.0;14377.0;14300.0;12265.0;6606.5;5658.5;13206.0;6595.0;6611.0;1285.0;353.5;931.5;1921.0;822.0;1099.0
2814;Totaal;Best;2015;28856.5;14477.0;14379.5;12437.5;6714.0;5723.5;13166.0;6571.0;6595.0;1293.0;354.5;938.5;1960.0;837.5;1122.5
2815;Totaal;Best;2016;29078.0;14575.5;14502.5;12623.0;6807.0;5816.0;13143.0;6556.5;6586.5;1305.5;359.0;946.5;2006.5;853.0;1153.5
2816;Totaal;Beuningen;1995;24070.5;12127.5;11943.0;10715.0;5737.0;4978.0;11657.5;5830.5;5827.0;903.0;184.5;718.5;795.0;375.5;419.5
2817;Totaal;Beuningen;1996;24306.5;12235.0;12071.5;10857.0;5816.5;5040.5;11654.5;5827.0;5827.5;944.0;192.5;751.5;851.0;399.0;452.0
2818;Totaal;Beuningen;1997;24412.0;12273.5;12138.5;10893.0;5832.5;5060.5;11654.0;5827.0;5827.0;969.5;198.0;771.5;895.5;416.0;479.5
2819;Totaal;Beuningen;1998;24736.0;12432.5;12303.5;11032.0;5908.5;5123.5;11794.5;5896.5;5898.0;974.0;201.0;773.0;935.5;426.5;509.0
2820;Totaal;Beuningen;1999;25196.0;12662.0;12534.0;11255.5;6040.0;5215.5;11973.5;5983.0;5990.5;991.0;205.5;785.5;976.0;433.5;542.5
2821;Totaal;Beuningen;2000;25430.5;12789.0;12641.5;11309.5;6087.5;5222.0;12082.0;6037.0;6045.0;1023.0;217.0;806.0;1016.0;447.5;568.5
2822;Totaal;Beuningen;2001;25434.0;12796.5;12637.5;11264.5;6072.5;5192.0;12050.0;6026.0;6024.0;1062.0;234.5;827.5;1057.5;463.5;594.0
2823;Totaal;Beuningen;2002;25395.0;12770.0;12625.0;11229.0;6057.5;5171.5;11967.0;5986.5;5980.5;1084.5;241.5;843.0;1114.5;484.5;630.0
2824;Totaal;Beuningen;2003;25410.0;12753.0;12657.0;11224.0;6046.5;5177.5;11930.0;5969.5;5960.5;1088.0;236.0;852.0;1168.0;501.0;667.0
2825;Totaal;Beuningen;2004;25375.0;12708.5;12666.5;11220.5;6039.0;5181.5;11834.0;5923.0;5911.0;1098.5;234.0;864.5;1222.0;512.5;709.5
2826;Totaal;Beuningen;2005;25184.5;12618.0;12566.5;11091.0;5987.5;5103.5;11699.0;5849.0;5850.0;1113.5;244.0;869.5;1281.0;537.5;743.5
2827;Totaal;Beuningen;2006;25154.5;12625.5;12529.0;11057.0;5989.5;5067.5;11646.5;5821.0;5825.5;1117.5;247.5;870.0;1333.5;567.5;766.0
2828;Totaal;Beuningen;2007;25276.0;12683.0;12593.0;11144.0;6034.5;5109.5;11608.0;5802.0;5806.0;1120.0;245.0;875.0;1404.0;601.5;802.5
2829;Totaal;Beuningen;2008;25312.5;12686.5;12626.0;11165.5;6038.0;5127.5;11543.5;5767.0;5776.5;1136.0;250.5;885.5;1467.5;631.0;836.5
2830;Totaal;Beuningen;2009;25392.5;12718.0;12674.5;11153.0;6025.5;5127.5;11544.0;5769.5;5774.5;1144.5;259.5;885.0;1551.0;663.5;887.5
2831;Totaal;Beuningen;2010;25494.0;12746.5;12747.5;11145.0;6002.5;5142.5;11581.5;5786.5;5795.0;1151.5;264.0;887.5;1616.0;693.5;922.5
2832;Totaal;Beuningen;2011;25470.0;12712.5;12757.5;11125.5;5970.0;5155.5;11534.5;5762.5;5772.0;1160.0;266.0;894.0;1650.0;714.0;936.0
2833;Totaal;Beuningen;2012;25378.5;12659.5;12719.0;11052.5;5926.0;5126.5;11486.5;5742.5;5744.0;1164.0;267.5;896.5;1675.5;723.5;952.0
2834;Totaal;Beuningen;2013;25306.0;12631.5;12674.5;11000.5;5905.5;5095.0;11457.5;5731.0;5726.5;1167.0;269.0;898.0;1681.0;726.0;955.0
2835;Totaal;Beuningen;2014;25285.0;12640.5;12644.5;10989.5;5908.0;5081.5;11406.5;5705.0;5701.5;1168.0;276.0;892.0;1721.0;751.5;969.5
2836;Totaal;Beuningen;2015;25285.5;12640.0;12645.5;10977.5;5896.5;5081.0;11371.5;5688.5;5683.0;1173.0;281.5;891.5;1763.5;773.5;990.0
2837;Totaal;Beuningen;2016;25356.5;12663.0;12693.5;11021.0;5901.5;5119.5;11348.5;5680.5;5668.0;1190.0;289.5;900.5;1797.0;791.5;1005.5
2838;Totaal;Beverwijk;1995;35553.0;17418.5;18134.5;14538.0;7816.5;6721.5;16468.5;8255.5;8213.0;2553.0;447.0;2106.0;1993.5;899.5;1094.0
2839;Totaal;Beverwijk;1996;35644.0;17433.0;18211.0;14748.0;7898.0;6850.0;16282.5;8161.5;8121.0;2560.0;451.5;2108.5;2053.5;922.0;1131.5
2840;Totaal;Beverwijk;1997;35627.0;17385.0;18242.0;14828.0;7906.0;6922.0;16126.5;8083.0;8043.5;2571.0;457.0;2114.0;2101.5;939.0;1162.5
2841;Totaal;Beverwijk;1998;35670.0;17394.0;18276.0;14880.5;7932.0;6948.5;16019.5;8028.0;7991.5;2549.0;450.5;2098.5;2221.0;983.5;1237.5
2842;Totaal;Beverwijk;1999;35769.5;17431.0;18338.5;14987.5;7996.5;6991.0;15921.5;7974.5;7947.0;2558.0;449.0;2109.0;2302.5;1011.0;1291.5
2843;Totaal;Beverwijk;2000;35870.0;17479.0;18391.0;15143.5;8084.5;7059.0;15815.5;7915.5;7900.0;2582.5;451.0;2131.5;2328.5;1028.0;1300.5
2844;Totaal;Beverwijk;2001;35859.0;17493.0;18366.0;15257.0;8157.5;7099.5;15649.5;7826.0;7823.5;2550.5;452.0;2098.5;2402.0;1057.5;1344.5
2845;Totaal;Beverwijk;2002;36094.5;17627.0;18467.5;15458.5;8253.0;7205.5;15653.0;7828.0;7825.0;2499.5;455.0;2044.5;2483.5;1091.0;1392.5
2846;Totaal;Beverwijk;2003;36702.0;17941.0;18761.0;15869.0;8451.5;7417.5;15816.0;7906.5;7909.5;2456.0;457.0;1999.0;2561.0;1126.0;1435.0
2847;Totaal;Beverwijk;2004;36927.5;18063.0;18864.5;16129.5;8582.0;7547.5;15761.0;7879.0;7882.0;2430.5;460.5;1970.0;2606.5;1141.5;1465.0
2848;Totaal;Beverwijk;2005;36679.5;17967.5;18712.0;16125.5;8594.5;7531.0;15520.0;7766.5;7753.5;2405.5;454.0;1951.5;2628.5;1152.5;1476.0
2849;Totaal;Beverwijk;2006;36690.5;17994.5;18696.0;16275.5;8698.0;7577.5;15354.5;7682.0;7672.5;2383.0;444.0;1939.0;2677.5;1170.5;1507.0
2850;Totaal;Beverwijk;2007;37091.0;18214.5;18876.5;16670.0;8927.0;7743.0;15282.5;7644.0;7638.5;2379.5;442.0;1937.5;2759.0;1201.5;1557.5
2851;Totaal;Beverwijk;2008;37815.5;18631.5;19184.0;17232.5;9265.5;7967.0;15352.5;7680.5;7672.0;2365.5;436.0;1929.5;2865.0;1249.5;1615.5
2852;Totaal;Beverwijk;2009;38583.5;19057.5;19526.0;17710.0;9536.5;8173.5;15460.5;7733.0;7727.5;2325.0;435.0;1890.0;3088.0;1353.0;1735.0
2853;Totaal;Beverwijk;2010;39106.0;19308.0;19798.0;18022.5;9686.5;8336.0;15514.0;7756.0;7758.0;2291.0;435.5;1855.5;3278.5;1430.0;1848.5
2854;Totaal;Beverwijk;2011;39586.5;19563.0;20023.5;18402.5;9895.5;8507.0;15582.0;7789.5;7792.5;2258.0;433.5;1824.5;3344.0;1444.5;1899.5
2855;Totaal;Beverwijk;2012;39957.0;19790.0;20167.0;18711.5;10072.0;8639.5;15609.5;7807.0;7802.5;2235.0;444.0;1791.0;3401.0;1467.0;1934.0
2856;Totaal;Beverwijk;2013;40081.5;19857.5;20224.0;18845.0;10135.0;8710.0;15566.0;7789.0;7777.0;2196.5;436.0;1760.5;3474.0;1497.5;1976.5
2857;Totaal;Beverwijk;2014;40137.5;19887.0;20250.5;18949.0;10178.0;8771.0;15460.0;7737.0;7723.0;2151.5;429.0;1722.5;3577.0;1543.0;2034.0
2858;Totaal;Beverwijk;2015;40250.0;19974.5;20275.5;19126.5;10279.0;8847.5;15314.5;7665.5;7649.0;2154.5;447.5;1707.0;3654.5;1582.5;2072.0
2859;Totaal;Beverwijk;2016;40513.5;20175.5;20338.0;19379.0;10458.0;8921.0;15255.5;7642.0;7613.5;2166.5;459.0;1707.5;3712.5;1616.5;2096.0
2860;Totaal;het Bildt;1995;9947.0;5044.0;4903.0;4272.5;2414.5;1858.0;4639.0;2322.5;2316.5;667.5;134.5;533.0;368.0;172.5;195.5
2861;Totaal;het Bildt;1996;10010.0;5074.0;4936.0;4321.5;2436.5;1885.0;4658.0;2334.0;2324.0;654.5;127.5;527.0;376.0;176.0;200.0
2862;Totaal;het Bildt;1997;10051.0;5093.5;4957.5;4360.5;2457.0;1903.5;4653.5;2330.0;2323.5;654.0;124.0;530.0;383.0;182.5;200.5
2863;Totaal;het Bildt;1998;10126.5;5130.0;4996.5;4408.5;2482.0;1926.5;4671.5;2334.5;2337.0;644.0;123.5;520.5;402.5;190.0;212.5
2864;Totaal;het Bildt;1999;10167.5;5149.5;5018.0;4417.5;2490.0;1927.5;4695.0;2344.5;2350.5;642.0;123.5;518.5;413.0;191.5;221.5
2865;Totaal;het Bildt;2000;10213.0;5171.5;5041.5;4429.0;2500.0;1929.0;4697.5;2347.0;2350.5;657.5;129.0;528.5;429.0;195.5;233.5
2866;Totaal;het Bildt;2001;10348.0;5248.5;5099.5;4527.5;2555.0;1972.5;4696.5;2345.5;2351.0;650.5;132.0;518.5;473.5;216.0;257.5
2867;Totaal;het Bildt;2002;10491.0;5334.0;5157.0;4642.0;2610.0;2032.0;4711.5;2352.0;2359.5;632.5;134.5;498.0;505.0;237.5;267.5
2868;Totaal;het Bildt;2003;10747.0;5489.5;5257.5;4839.0;2722.5;2116.5;4773.0;2382.0;2391.0;614.0;133.5;480.5;521.0;251.5;269.5
2869;Totaal;het Bildt;2004;10958.5;5607.5;5351.0;5007.5;2816.5;2191.0;4814.0;2401.5;2412.5;604.0;132.0;472.0;533.0;257.5;275.5
2870;Totaal;het Bildt;2005;10990.5;5611.5;5379.0;5043.5;2823.5;2220.0;4782.5;2389.0;2393.5;614.0;134.0;480.0;550.5;265.0;285.5
2871;Totaal;het Bildt;2006;10988.0;5598.0;5390.0;5068.0;2827.0;2241.0;4739.5;2368.0;2371.5;618.5;135.5;483.0;562.0;267.5;294.5
2872;Totaal;het Bildt;2007;10948.0;5574.5;5373.5;5059.5;2818.0;2241.5;4719.0;2354.0;2365.0;606.5;133.5;473.0;563.0;269.0;294.0
2873;Totaal;het Bildt;2008;10910.0;5580.5;5329.5;5060.5;2837.5;2223.0;4686.5;2340.0;2346.5;595.5;129.0;466.5;567.5;274.0;293.5
2874;Totaal;het Bildt;2009;10897.5;5590.5;5307.0;5041.5;2845.0;2196.5;4649.0;2325.5;2323.5;606.5;129.5;477.0;600.5;290.5;310.0
2875;Totaal;het Bildt;2010;10922.5;5604.5;5318.0;5032.5;2840.5;2192.0;4628.0;2317.0;2311.0;619.5;134.5;485.0;642.5;312.5;330.0
2876;Totaal;het Bildt;2011;10867.5;5575.5;5292.0;5016.0;2824.5;2191.5;4582.0;2294.5;2287.5;611.5;136.5;475.0;658.0;320.0;338.0
2877;Totaal;het Bildt;2012;10722.0;5487.5;5234.5;4933.0;2766.5;2166.5;4527.0;2267.0;2260.0;597.5;132.5;465.0;664.5;321.5;343.0
2878;Totaal;het Bildt;2013;10636.0;5437.0;5199.0;4888.5;2737.0;2151.5;4486.5;2245.5;2241.0;587.5;129.5;458.0;673.5;325.0;348.5
2879;Totaal;het Bildt;2014;10609.0;5424.0;5185.0;4868.0;2723.5;2144.5;4466.0;2232.0;2234.0;587.0;132.0;455.0;688.0;336.5;351.5
2880;Totaal;het Bildt;2015;10558.5;5375.0;5183.5;4808.0;2670.5;2137.5;4443.0;2219.0;2224.0;602.0;136.5;465.5;705.5;349.0;356.5
2881;Totaal;het Bildt;2016;10509.0;5336.5;5172.5;4770.0;2637.5;2132.5;4411.5;2210.0;2201.5;608.5;139.0;469.5;719.0;350.0;369.0
2882;Totaal;De Bilt;1995;32689.5;15152.5;17537.0;12990.0;6483.0;6507.0;15408.5;7688.0;7720.5;2571.5;354.0;2217.5;1719.5;627.5;1092.0
2883;Totaal;De Bilt;1996;32497.5;15078.0;17419.5;12920.5;6477.5;6443.0;15229.5;7590.0;7639.5;2570.0;368.0;2202.0;1777.5;642.5;1135.0
2884;Totaal;De Bilt;1997;32568.0;15149.0;17419.0;13032.5;6567.5;6465.0;15121.5;7540.0;7581.5;2573.5;380.5;2193.0;1840.5;661.0;1179.5
2885;Totaal;De Bilt;1998;32750.0;15242.0;17508.0;13172.5;6631.0;6541.5;15105.5;7543.5;7562.0;2545.5;393.5;2152.0;1926.5;674.0;1252.5
2886;Totaal;De Bilt;1999;32729.5;15219.0;17510.5;13151.0;6605.5;6545.5;15027.0;7502.5;7524.5;2572.0;418.5;2153.5;1979.5;692.5;1287.0
2887;Totaal;De Bilt;2000;32566.5;15149.5;17417.0;10283.0;5267.5;5015.5;17266.0;8620.0;8646.0;2854.0;481.0;2373.0;2163.5;781.0;1382.5
2888;Totaal;De Bilt;2001;42182.5;19891.0;22291.5;17232.0;8763.5;8468.5;19486.0;9727.5;9758.5;3088.5;533.0;2555.5;2376.0;867.0;1509.0
2889;Totaal;De Bilt;2002;42308.5;19974.0;22334.5;17476.0;8900.0;8576.0;19334.5;9650.0;9684.5;3088.0;540.5;2547.5;2410.0;883.5;1526.5
2890;Totaal;De Bilt;2003;42258.0;19966.5;22291.5;17547.5;8945.5;8602.0;19196.0;9580.0;9616.0;3061.0;540.0;2521.0;2453.5;901.0;1552.5
2891;Totaal;De Bilt;2004;42201.5;19975.0;22226.5;17601.0;9003.0;8598.0;19064.5;9519.5;9545.0;3026.5;536.0;2490.5;2509.5;916.5;1593.0
2892;Totaal;De Bilt;2005;42116.0;19966.5;22149.5;17687.5;9078.5;8609.0;18849.0;9415.0;9434.0;3029.5;544.5;2485.0;2550.0;928.5;1621.5
2893;Totaal;De Bilt;2006;42026.5;19921.5;22105.0;17744.0;9097.5;8646.5;18653.0;9317.0;9336.0;3048.5;562.5;2486.0;2581.0;944.5;1636.5
2894;Totaal;De Bilt;2007;42007.0;19918.0;22089.0;17805.5;9116.5;8689.0;18515.5;9250.5;9265.0;3046.5;570.0;2476.5;2639.5;981.0;1658.5
2895;Totaal;De Bilt;2008;41991.0;19934.5;22056.5;17936.0;9207.5;8728.5;18348.0;9164.5;9183.5;3030.5;563.0;2467.5;2676.5;999.5;1677.0
2896;Totaal;De Bilt;2009;42000.5;19946.0;22054.5;18058.0;9280.0;8778.0;18153.5;9064.0;9089.5;3027.5;561.0;2466.5;2761.5;1041.0;1720.5
2897;Totaal;De Bilt;2010;42033.0;19945.0;22088.0;18155.5;9317.0;8838.5;17987.5;8981.0;9006.5;3032.0;564.5;2467.5;2858.0;1082.5;1775.5
2898;Totaal;De Bilt;2011;42064.0;19967.5;22096.5;18289.0;9375.5;8913.5;17862.5;8920.0;8942.5;3004.0;569.5;2434.5;2908.5;1102.5;1806.0
2899;Totaal;De Bilt;2012;42055.5;19986.5;22069.0;18409.0;9416.0;8993.0;17714.5;8854.0;8860.5;2951.5;578.0;2373.5;2980.5;1138.5;1842.0
2900;Totaal;De Bilt;2013;42034.0;20002.5;22031.5;18484.5;9448.5;9036.0;17598.5;8805.5;8793.0;2905.5;583.0;2322.5;3045.5;1165.5;1880.0
2901;Totaal;De Bilt;2014;42102.5;20057.5;22045.0;18599.0;9513.5;9085.5;17511.0;8758.0;8753.0;2882.5;584.0;2298.5;3110.0;1202.0;1908.0
2902;Totaal;De Bilt;2015;42272.0;20163.5;22108.5;18813.5;9632.5;9181.0;17421.5;8710.5;8711.0;2858.0;588.0;2270.0;3179.0;1232.5;1946.5
2903;Totaal;De Bilt;2016;42564.5;20329.5;22235.0;19118.5;9799.0;9319.5;17339.0;8664.5;8674.5;2857.0;602.5;2254.5;3250.0;1263.5;1986.5
2904;Totaal;Binnenmaas;1995;18816.0;9430.0;9386.0;7180.5;3929.0;3251.5;10090.5;5042.5;5048.0;912.0;177.5;734.5;633.0;281.0;352.0
2905;Totaal;Binnenmaas;1996;18908.5;9458.0;9450.5;7215.5;3937.5;3278.0;10092.5;5040.5;5052.0;935.5;182.5;753.0;665.0;297.5;367.5
2906;Totaal;Binnenmaas;1997;18960.0;9473.0;9487.0;7216.0;3928.0;3288.0;10102.5;5050.0;5052.5;951.0;183.5;767.5;690.5;311.5;379.0
2907;Totaal;Binnenmaas;1998;18976.0;9476.5;9499.5;7174.5;3904.5;3270.0;10133.5;5069.5;5064.0;944.5;175.0;769.5;723.5;327.5;396.0
2908;Totaal;Binnenmaas;1999;19025.0;9489.0;9536.0;7142.0;3886.0;3256.0;10193.0;5095.0;5098.0;950.5;171.0;779.5;739.5;337.0;402.5
2909;Totaal;Binnenmaas;2000;19156.0;9553.5;9602.5;7179.0;3913.0;3266.0;10231.5;5109.0;5122.5;975.5;180.5;795.0;770.0;351.0;419.0
2910;Totaal;Binnenmaas;2001;19222.5;9576.0;9646.5;7205.5;3917.5;3288.0;10203.5;5093.5;5110.0;984.0;187.0;797.0;829.5;378.0;451.5
2911;Totaal;Binnenmaas;2002;19212.0;9546.0;9666.0;7192.5;3890.0;3302.5;10176.5;5079.0;5097.5;981.0;184.5;796.5;862.0;392.5;469.5
2912;Totaal;Binnenmaas;2003;19228.0;9542.5;9685.5;7230.5;3898.5;3332.0;10133.0;5056.5;5076.5;986.0;187.5;798.5;878.5;400.0;478.5
2913;Totaal;Binnenmaas;2004;19363.0;9621.5;9741.5;7364.5;3974.5;3390.0;10088.5;5033.5;5055.0;999.0;194.0;805.0;911.0;419.5;491.5
2914;Totaal;Binnenmaas;2005;19558.5;9727.0;9831.5;7511.0;4056.0;3455.0;10092.5;5036.0;5056.5;1013.5;200.0;813.5;941.5;435.0;506.5
2915;Totaal;Binnenmaas;2006;19625.0;9754.5;9870.5;7557.5;4078.0;3479.5;10075.0;5029.5;5045.5;1029.0;205.5;823.5;963.5;441.5;522.0
2916;Totaal;Binnenmaas;2007;28723.0;14287.5;14435.5;11335.5;6148.5;5187.0;14439.0;7211.0;7228.0;1558.5;313.0;1245.5;1390.0;615.0;775.0
2917;Totaal;Binnenmaas;2008;28829.5;14317.5;14512.0;11366.5;6149.5;5217.0;14409.5;7199.5;7210.0;1580.0;316.5;1263.5;1473.5;652.0;821.5
2918;Totaal;Binnenmaas;2009;28894.0;14338.0;14556.0;11355.0;6133.5;5221.5;14370.0;7179.0;7191.0;1596.0;319.5;1276.5;1573.0;706.0;867.0
2919;Totaal;Binnenmaas;2010;28946.5;14359.0;14587.5;11361.0;6140.5;5220.5;14324.0;7158.5;7165.5;1608.5;315.5;1293.0;1653.0;744.5;908.5
2920;Totaal;Binnenmaas;2011;28964.5;14351.0;14613.5;11382.5;6138.5;5244.0;14286.0;7139.0;7147.0;1616.0;318.5;1297.5;1680.0;755.0;925.0
2921;Totaal;Binnenmaas;2012;28963.0;14356.5;14606.5;11382.0;6133.5;5248.5;14253.0;7121.5;7131.5;1625.5;337.0;1288.5;1702.5;764.5;938.0
2922;Totaal;Binnenmaas;2013;28837.0;14297.0;14540.0;11296.5;6078.0;5218.5;14173.0;7086.0;7087.0;1626.0;354.5;1271.5;1741.5;778.5;963.0
2923;Totaal;Binnenmaas;2014;28683.0;14197.0;14486.0;11202.0;5995.0;5207.0;14079.0;7040.0;7039.0;1619.5;364.5;1255.0;1782.5;797.5;985.0
2924;Totaal;Binnenmaas;2015;28713.5;14221.5;14492.0;11224.5;6012.5;5212.0;14030.0;7016.0;7014.0;1629.5;366.0;1263.5;1829.5;827.0;1002.5
2925;Totaal;Binnenmaas;2016;28946.5;14351.0;14595.5;11361.5;6108.0;5253.5;14051.5;7025.0;7026.5;1652.0;365.5;1286.5;1881.5;852.5;1029.0
2926;Totaal;Bladel;1995;;;;;;;;;;;;;;;
2927;Totaal;Bladel;1996;;;;;;;;;;;;;;;
2928;Totaal;Bladel;1997;18907.0;9627.0;9280.0;7910.5;4382.5;3528.0;9611.5;4806.0;4805.5;811.5;174.5;637.0;573.5;264.0;309.5
2929;Totaal;Bladel;1998;18960.5;9671.0;9289.5;7959.5;4419.0;3540.5;9582.0;4792.0;4790.0;814.5;179.5;635.0;604.5;280.5;324.0
2930;Totaal;Bladel;1999;18977.5;9661.0;9316.5;7998.5;4430.5;3568.0;9518.5;4757.0;4761.5;824.0;181.0;643.0;636.5;292.5;344.0
2931;Totaal;Bladel;2000;18994.5;9651.0;9343.5;8015.0;4428.0;3587.0;9480.0;4736.0;4744.0;837.5;186.0;651.5;662.0;301.0;361.0
2932;Totaal;Bladel;2001;19019.0;9663.0;9356.0;8036.5;4442.5;3594.0;9452.5;4722.5;4730.0;850.0;187.5;662.5;680.0;310.5;369.5
2933;Totaal;Bladel;2002;19069.0;9684.0;9385.0;8086.0;4466.5;3619.5;9401.5;4700.0;4701.5;872.5;193.0;679.5;709.0;324.5;384.5
2934;Totaal;Bladel;2003;19122.5;9708.5;9414.0;8143.0;4495.5;3647.5;9356.5;4677.0;4679.5;888.5;201.0;687.5;734.5;335.0;399.5
2935;Totaal;Bladel;2004;19144.0;9723.0;9421.0;8184.5;4524.5;3660.0;9327.5;4656.5;4671.0;896.0;208.5;687.5;736.0;333.5;402.5
2936;Totaal;Bladel;2005;19132.5;9723.0;9409.5;8205.5;4538.0;3667.5;9279.5;4631.0;4648.5;904.0;217.5;686.5;743.5;336.5;407.0
2937;Totaal;Bladel;2006;19094.0;9710.5;9383.5;8202.0;4544.5;3657.5;9210.0;4597.5;4612.5;911.0;218.0;693.0;771.0;350.5;420.5
2938;Totaal;Bladel;2007;19086.0;9698.0;9388.0;8197.5;4544.0;3653.5;9188.0;4587.0;4601.0;920.0;215.5;704.5;780.5;351.5;429.0
2939;Totaal;Bladel;2008;19121.5;9695.5;9426.0;8212.0;4549.0;3663.0;9180.0;4582.0;4598.0;936.5;210.0;726.5;793.0;354.5;438.5
2940;Totaal;Bladel;2009;19153.0;9714.0;9439.0;8219.0;4564.5;3654.5;9128.0;4558.0;4570.0;960.5;211.5;749.0;845.5;380.0;465.5
2941;Totaal;Bladel;2010;19281.5;9808.5;9473.0;8290.0;4619.0;3671.0;9104.0;4551.0;4553.0;987.5;229.0;758.5;900.0;409.5;490.5
2942;Totaal;Bladel;2011;19484.0;9923.5;9560.5;8402.5;4685.0;3717.5;9131.0;4567.0;4564.0;1008.0;239.0;769.0;942.5;432.5;510.0
2943;Totaal;Bladel;2012;19608.5;9969.5;9639.0;8465.0;4707.5;3757.5;9134.5;4568.5;4566.0;1021.5;238.0;783.5;987.5;455.5;532.0
2944;Totaal;Bladel;2013;19734.5;10013.5;9721.0;8555.5;4745.5;3810.0;9099.5;4549.5;4550.0;1038.0;241.0;797.0;1041.5;477.5;564.0
2945;Totaal;Bladel;2014;19851.5;10069.0;9782.5;8643.0;4797.5;3845.5;9051.5;4525.5;4526.0;1061.0;248.5;812.5;1096.0;497.5;598.5
2946;Totaal;Bladel;2015;19917.5;10108.0;9809.5;8730.5;4847.0;3883.5;8973.0;4486.5;4486.5;1083.5;257.5;826.0;1130.5;517.0;613.5
2947;Totaal;Bladel;2016;20014.5;10155.0;9859.5;8844.0;4904.5;3939.5;8904.0;4453.0;4451.0;1102.0;264.0;838.0;1164.5;533.5;631.0
2948;Totaal;Bladel en Netersel;1995;10536.5;5337.5;5199.0;4462.0;2470.0;1992.0;5262.5;2631.5;2631.0;493.5;97.5;396.0;318.5;138.5;180.0
2949;Totaal;Bladel en Netersel;1996;10572.5;5360.0;5212.5;4484.5;2482.0;2002.5;5264.5;2632.0;2632.5;497.0;103.5;393.5;326.5;142.5;184.0
2950;Totaal;Bladel en Netersel;1997;;;;;;;;;;;;;;;
2951;Totaal;Bladel en Netersel;1998;;;;;;;;;;;;;;;
2952;Totaal;Bladel en Netersel;1999;;;;;;;;;;;;;;;
2953;Totaal;Bladel en Netersel;2000;;;;;;;;;;;;;;;
2954;Totaal;Bladel en Netersel;2001;;;;;;;;;;;;;;;
2955;Totaal;Bladel en Netersel;2002;;;;;;;;;;;;;;;
2956;Totaal;Bladel en Netersel;2003;;;;;;;;;;;;;;;
2957;Totaal;Bladel en Netersel;2004;;;;;;;;;;;;;;;
2958;Totaal;Bladel en Netersel;2005;;;;;;;;;;;;;;;
2959;Totaal;Bladel en Netersel;2006;;;;;;;;;;;;;;;
2960;Totaal;Bladel en Netersel;2007;;;;;;;;;;;;;;;
2961;Totaal;Bladel en Netersel;2008;;;;;;;;;;;;;;;
2962;Totaal;Bladel en Netersel;2009;;;;;;;;;;;;;;;
2963;Totaal;Bladel en Netersel;2010;;;;;;;;;;;;;;;
2964;Totaal;Bladel en Netersel;2011;;;;;;;;;;;;;;;
2965;Totaal;Bladel en Netersel;2012;;;;;;;;;;;;;;;
2966;Totaal;Bladel en Netersel;2013;;;;;;;;;;;;;;;
2967;Totaal;Bladel en Netersel;2014;;;;;;;;;;;;;;;
2968;Totaal;Bladel en Netersel;2015;;;;;;;;;;;;;;;
2969;Totaal;Bladel en Netersel;2016;;;;;;;;;;;;;;;
2970;Totaal;Blaricum;1995;10078.0;4848.5;5229.5;4067.5;2092.5;1975.0;4912.5;2447.0;2465.5;532.5;96.5;436.0;565.5;212.5;353.0
2971;Totaal;Blaricum;1996;10003.5;4799.0;5204.5;4011.0;2058.0;1953.0;4879.0;2428.5;2450.5;537.5;97.5;440.0;576.0;215.0;361.0
2972;Totaal;Blaricum;1997;9876.0;4744.0;5132.0;3919.0;2018.5;1900.5;4846.0;2414.5;2431.5;533.5;98.5;435.0;577.5;212.5;365.0
2973;Totaal;Blaricum;1998;9725.5;4692.5;5033.0;3818.5;1989.0;1829.5;4800.0;2391.0;2409.0;513.5;94.0;419.5;593.5;218.5;375.0
2974;Totaal;Blaricum;1999;9583.5;4643.0;4940.5;3712.5;1948.5;1764.0;4785.5;2385.0;2400.5;491.5;87.0;404.5;594.0;222.5;371.5
2975;Totaal;Blaricum;2000;9450.5;4580.0;4870.5;3614.0;1894.5;1719.5;4771.0;2380.0;2391.0;488.5;88.5;400.0;577.0;217.0;360.0
2976;Totaal;Blaricum;2001;9359.5;4533.0;4826.5;3557.5;1859.5;1698.0;4737.0;2361.0;2376.0;487.0;91.0;396.0;578.0;221.5;356.5
2977;Totaal;Blaricum;2002;9326.0;4516.0;4810.0;3534.5;1845.0;1689.5;4726.0;2355.0;2371.0;480.5;91.0;389.5;585.0;225.0;360.0
2978;Totaal;Blaricum;2003;9283.0;4487.0;4796.0;3496.5;1816.5;1680.0;4700.5;2341.0;2359.5;479.0;95.5;383.5;607.0;234.0;373.0
2979;Totaal;Blaricum;2004;9218.0;4439.0;4779.0;3456.5;1780.5;1676.0;4641.0;2308.0;2333.0;491.5;103.5;388.0;629.0;247.0;382.0
2980;Totaal;Blaricum;2005;9146.5;4403.5;4743.0;3438.5;1772.5;1666.0;4562.5;2272.0;2290.5;504.5;109.0;395.5;641.0;250.0;391.0
2981;Totaal;Blaricum;2006;9113.0;4398.0;4715.0;3440.5;1778.5;1662.0;4509.0;2250.0;2259.0;510.0;112.5;397.5;653.5;257.0;396.5
2982;Totaal;Blaricum;2007;9074.0;4381.0;4693.0;3411.0;1766.5;1644.5;4476.5;2233.0;2243.5;517.0;117.0;400.0;669.5;264.5;405.0
2983;Totaal;Blaricum;2008;9011.5;4344.5;4667.0;3371.5;1745.0;1626.5;4441.5;2214.0;2227.5;514.0;115.5;398.5;684.5;270.0;414.5
2984;Totaal;Blaricum;2009;8971.0;4328.5;4642.5;3344.0;1731.0;1613.0;4410.0;2200.0;2210.0;510.5;112.5;398.0;706.5;285.0;421.5
2985;Totaal;Blaricum;2010;8957.0;4328.5;4628.5;3333.5;1733.5;1600.0;4374.5;2183.0;2191.5;521.5;114.5;407.0;727.5;297.5;430.0
2986;Totaal;Blaricum;2011;8998.5;4349.5;4649.0;3366.0;1755.0;1611.0;4361.5;2176.5;2185.0;528.0;117.5;410.5;743.0;300.5;442.5
2987;Totaal;Blaricum;2012;9072.5;4380.0;4692.5;3405.5;1778.0;1627.5;4369.0;2179.0;2190.0;541.0;125.0;416.0;757.0;298.0;459.0
2988;Totaal;Blaricum;2013;9100.5;4393.5;4707.0;3424.0;1791.0;1633.0;4362.5;2177.0;2185.5;552.5;133.0;419.5;761.5;292.5;469.0
2989;Totaal;Blaricum;2014;9203.0;4442.0;4761.0;3513.5;1831.0;1682.5;4350.5;2174.5;2176.0;560.5;136.5;424.0;778.5;300.0;478.5
2990;Totaal;Blaricum;2015;9467.0;4573.5;4893.5;3687.5;1924.5;1763.0;4404.5;2200.0;2204.5;572.5;136.5;436.0;802.5;312.5;490.0
2991;Totaal;Blaricum;2016;9911.5;4810.5;5101.0;3947.5;2074.5;1873.0;4543.0;2269.5;2273.5;580.5;135.5;445.0;840.5;331.0;509.5
2992;Totaal;Bleiswijk;1995;9756.0;5021.0;4735.0;4199.5;2327.0;1872.5;5001.5;2505.5;2496.0;275.0;60.0;215.0;280.0;128.5;151.5
2993;Totaal;Bleiswijk;1996;9855.5;5072.0;4783.5;4244.5;2354.0;1890.5;5050.5;2533.5;2517.0;289.0;63.0;226.0;271.5;121.5;150.0
2994;Totaal;Bleiswijk;1997;9850.0;5063.5;4786.5;4227.0;2345.5;1881.5;5050.0;2534.5;2515.5;306.5;67.5;239.0;266.5;116.0;150.5
2995;Totaal;Bleiswijk;1998;9908.5;5083.5;4825.0;4250.5;2353.5;1897.0;5071.0;2543.0;2528.0;309.5;69.0;240.5;277.5;118.0;159.5
2996;Totaal;Bleiswijk;1999;10074.0;5166.0;4908.0;4325.5;2391.0;1934.5;5144.5;2578.5;2566.0;308.5;70.0;238.5;295.5;126.5;169.0
2997;Totaal;Bleiswijk;2000;10205.5;5238.5;4967.0;4395.5;2435.5;1960.0;5181.0;2596.5;2584.5;314.5;73.5;241.0;314.5;133.0;181.5
2998;Totaal;Bleiswijk;2001;10325.0;5286.0;5039.0;4475.0;2469.5;2005.5;5196.0;2602.5;2593.5;320.5;75.0;245.5;333.5;139.0;194.5
2999;Totaal;Bleiswijk;2002;10370.5;5303.5;5067.0;4510.5;2485.0;2025.5;5181.5;2594.0;2587.5;325.5;75.0;250.5;353.0;149.5;203.5
3000;Totaal;Bleiswijk;2003;10399.0;5329.0;5070.0;4513.0;2498.0;2015.0;5187.5;2597.5;2590.0;332.0;77.5;254.5;366.5;156.0;210.5
3001;Totaal;Bleiswijk;2004;10383.0;5311.0;5072.0;4482.0;2476.5;2005.5;5182.5;2595.0;2587.5;340.5;82.0;258.5;378.0;157.5;220.5
3002;Totaal;Bleiswijk;2005;10274.0;5236.0;5038.0;4397.0;2421.5;1975.5;5122.5;2563.0;2559.5;356.0;88.5;267.5;398.5;163.0;235.5
3003;Totaal;Bleiswijk;2006;10304.0;5243.0;5061.0;4405.5;2423.5;1982.0;5109.0;2557.5;2551.5;371.0;91.5;279.5;418.5;170.5;248.0
3004;Totaal;Bleiswijk;2007;;;;;;;;;;;;;;;
3005;Totaal;Bleiswijk;2008;;;;;;;;;;;;;;;
3006;Totaal;Bleiswijk;2009;;;;;;;;;;;;;;;
3007;Totaal;Bleiswijk;2010;;;;;;;;;;;;;;;
3008;Totaal;Bleiswijk;2011;;;;;;;;;;;;;;;
3009;Totaal;Bleiswijk;2012;;;;;;;;;;;;;;;
3010;Totaal;Bleiswijk;2013;;;;;;;;;;;;;;;
3011;Totaal;Bleiswijk;2014;;;;;;;;;;;;;;;
3012;Totaal;Bleiswijk;2015;;;;;;;;;;;;;;;
3013;Totaal;Bleiswijk;2016;;;;;;;;;;;;;;;
3014;Totaal;Bloemendaal;1995;16742.5;7804.0;8938.5;6559.0;3258.5;3300.5;8079.5;4027.0;4052.5;1334.0;247.5;1086.5;770.0;271.0;499.0
3015;Totaal;Bloemendaal;1996;16797.5;7837.0;8960.5;6643.0;3300.5;3342.5;8042.0;4005.5;4036.5;1308.0;242.0;1066.0;804.5;289.0;515.5
3016;Totaal;Bloemendaal;1997;16725.0;7800.0;8925.0;6630.5;3288.0;3342.5;7993.5;3980.5;4013.0;1270.5;229.0;1041.5;830.5;302.5;528.0
3017;Totaal;Bloemendaal;1998;16693.5;7808.5;8885.0;6591.5;3289.0;3302.5;8031.5;3999.0;4032.5;1227.5;218.5;1009.0;843.0;302.0;541.0
3018;Totaal;Bloemendaal;1999;16749.0;7869.0;8880.0;6644.0;3339.5;3304.5;8052.5;4010.0;4042.5;1220.0;216.0;1004.0;832.5;303.5;529.0
3019;Totaal;Bloemendaal;2000;16773.5;7899.5;8874.0;6706.0;3377.5;3328.5;8033.5;4005.5;4028.0;1219.0;204.5;1014.5;815.0;312.0;503.0
3020;Totaal;Bloemendaal;2001;16964.0;7997.0;8967.0;6891.5;3465.0;3426.5;8042.0;4012.0;4030.0;1197.5;194.5;1003.0;833.0;325.5;507.5
3021;Totaal;Bloemendaal;2002;17071.0;8054.5;9016.5;7017.5;3528.5;3489.0;8029.0;4005.0;4024.0;1174.5;194.0;980.5;850.0;327.0;523.0
3022;Totaal;Bloemendaal;2003;16983.5;8012.0;8971.5;6964.5;3497.5;3467.0;8012.5;3994.5;4018.0;1153.5;192.5;961.0;853.0;327.5;525.5
3023;Totaal;Bloemendaal;2004;16963.5;7986.0;8977.5;6939.5;3465.5;3474.0;8014.0;3998.0;4016.0;1147.5;191.0;956.5;862.5;331.5;531.0
3024;Totaal;Bloemendaal;2005;16989.5;7992.0;8997.5;6981.0;3477.5;3503.5;7979.0;3983.0;3996.0;1144.0;194.0;950.0;885.5;337.5;548.0
3025;Totaal;Bloemendaal;2006;17001.0;8000.0;9001.0;7023.5;3492.5;3531.0;7937.0;3966.0;3971.0;1140.0;195.0;945.0;900.5;346.5;554.0
3026;Totaal;Bloemendaal;2007;16950.5;7972.0;8978.5;7023.0;3482.0;3541.0;7884.5;3940.5;3944.0;1125.5;193.0;932.5;917.5;356.5;561.0
3027;Totaal;Bloemendaal;2008;16878.5;7934.5;8944.0;7009.0;3470.0;3539.0;7810.0;3898.5;3911.5;1120.0;198.5;921.5;939.5;367.5;572.0
3028;Totaal;Bloemendaal;2009;22046.0;10404.0;11642.0;9000.0;4518.0;4482.0;10150.0;5071.0;5079.0;1506.5;265.5;1241.0;1389.5;549.5;840.0
3029;Totaal;Bloemendaal;2010;22031.0;10430.5;11600.5;8974.0;4542.0;4432.0;10067.0;5026.0;5041.0;1520.0;272.5;1247.5;1470.0;590.0;880.0
3030;Totaal;Bloemendaal;2011;22047.5;10474.5;11573.0;9011.0;4588.5;4422.5;10007.5;4993.5;5014.0;1512.0;277.0;1235.0;1517.0;615.5;901.5
3031;Totaal;Bloemendaal;2012;22125.5;10515.0;11610.5;9064.5;4601.0;4463.5;9988.0;4987.5;5000.5;1506.0;282.5;1223.5;1567.0;644.0;923.0
3032;Totaal;Bloemendaal;2013;22127.0;10512.5;11614.5;9068.5;4594.5;4474.0;9949.0;4967.5;4981.5;1510.5;287.5;1223.0;1599.0;663.0;936.0
3033;Totaal;Bloemendaal;2014;22157.5;10543.5;11614.0;9155.5;4640.5;4515.0;9903.0;4941.5;4961.5;1489.5;297.5;1192.0;1609.5;664.0;945.5
3034;Totaal;Bloemendaal;2015;22276.0;10645.0;11631.0;9355.5;4765.5;4590.0;9847.0;4912.0;4935.0;1445.5;299.0;1146.5;1628.0;668.5;959.5
3035;Totaal;Bloemendaal;2016;22561.0;10838.5;11722.5;9626.0;4943.0;4683.0;9850.0;4910.5;4939.5;1421.5;300.5;1121.0;1663.5;684.5;979.0
3036;Totaal;Boarnsterhim;1995;17892.5;9017.5;8875.0;7628.0;4197.5;3430.5;8622.0;4318.0;4304.0;1077.5;218.0;859.5;565.0;284.0;281.0
3037;Totaal;Boarnsterhim;1996;17983.5;9040.5;8943.0;7703.5;4220.5;3483.0;8601.5;4305.5;4296.0;1084.5;219.5;865.0;594.0;295.0;299.0
3038;Totaal;Boarnsterhim;1997;18058.0;9079.5;8978.5;7762.0;4250.0;3512.0;8591.0;4301.0;4290.0;1078.0;219.5;858.5;627.0;309.0;318.0
3039;Totaal;Boarnsterhim;1998;18087.0;9122.0;8965.0;7773.5;4274.0;3499.5;8585.0;4300.0;4285.0;1051.0;215.0;836.0;677.5;333.0;344.5
3040;Totaal;Boarnsterhim;1999;18183.0;9200.5;8982.5;7807.5;4315.0;3492.5;8621.5;4318.5;4303.0;1036.5;214.0;822.5;717.5;353.0;364.5
3041;Totaal;Boarnsterhim;2000;18426.5;9321.0;9105.5;7971.5;4397.0;3574.5;8687.0;4349.5;4337.5;1028.5;211.5;817.0;739.5;363.0;376.5
3042;Totaal;Boarnsterhim;2001;18663.0;9434.0;9229.0;8143.5;4479.5;3664.0;8725.5;4364.0;4361.5;1016.5;209.5;807.0;777.5;381.0;396.5
3043;Totaal;Boarnsterhim;2002;18859.0;9542.0;9317.0;8292.5;4557.0;3735.5;8723.0;4362.0;4361.0;1016.5;216.5;800.0;827.0;406.5;420.5
3044;Totaal;Boarnsterhim;2003;19044.0;9639.0;9405.0;8465.0;4647.0;3818.0;8698.5;4350.5;4348.0;1016.5;221.0;795.5;864.0;420.5;443.5
3045;Totaal;Boarnsterhim;2004;19167.5;9691.0;9476.5;8598.0;4707.0;3891.0;8678.0;4338.5;4339.5;1008.5;220.5;788.0;883.0;425.0;458.0
3046;Totaal;Boarnsterhim;2005;19219.5;9688.5;9531.0;8666.0;4715.5;3950.5;8642.5;4318.0;4324.5;1004.0;222.5;781.5;907.0;432.5;474.5
3047;Totaal;Boarnsterhim;2006;19263.0;9682.0;9581.0;8730.0;4721.5;4008.5;8594.0;4293.0;4301.0;999.5;221.0;778.5;939.5;446.5;493.0
3048;Totaal;Boarnsterhim;2007;19292.0;9682.5;9609.5;8794.0;4743.0;4051.0;8547.0;4265.5;4281.5;984.5;211.5;773.0;966.5;462.5;504.0
3049;Totaal;Boarnsterhim;2008;19288.0;9697.5;9590.5;8820.5;4768.5;4052.0;8517.0;4245.5;4271.5;961.5;207.5;754.0;989.0;476.0;513.0
3050;Totaal;Boarnsterhim;2009;19331.5;9746.5;9585.0;8801.0;4776.5;4024.5;8500.5;4242.5;4258.0;957.0;215.0;742.0;1073.0;512.5;560.5
3051;Totaal;Boarnsterhim;2010;19327.5;9734.0;9593.5;8734.0;4737.5;3996.5;8459.5;4225.5;4234.0;973.5;224.5;749.0;1160.5;546.5;614.0
3052;Totaal;Boarnsterhim;2011;19339.0;9711.5;9627.5;8719.0;4706.0;4013.0;8411.5;4202.5;4209.0;992.5;231.5;761.0;1216.0;571.5;644.5
3053;Totaal;Boarnsterhim;2012;19442.5;9750.0;9692.5;8776.0;4717.0;4059.0;8385.5;4189.5;4196.0;1000.5;239.0;761.5;1280.5;604.5;676.0
3054;Totaal;Boarnsterhim;2013;19491.5;9768.0;9723.5;8830.5;4733.5;4097.0;8318.5;4154.5;4164.0;1004.5;251.0;753.5;1338.0;629.0;709.0
3055;Totaal;Boarnsterhim;2014;;;;;;;;;;;;;;;
3056;Totaal;Boarnsterhim;2015;;;;;;;;;;;;;;;
3057;Totaal;Boarnsterhim;2016;;;;;;;;;;;;;;;
3058;Totaal;Bodegraven;1995;19088.5;9582.0;9506.5;8509.0;4560.0;3949.0;9345.0;4676.0;4669.0;750.0;130.0;620.0;484.5;216.0;268.5
3059;Totaal;Bodegraven;1996;19190.5;9632.0;9558.5;8569.5;4593.5;3976.0;9356.0;4681.0;4675.0;761.0;136.5;624.5;504.0;221.0;283.0
3060;Totaal;Bodegraven;1997;19257.0;9643.5;9613.5;8593.0;4592.0;4001.0;9385.0;4694.0;4691.0;762.5;134.5;628.0;516.5;223.0;293.5
3061;Totaal;Bodegraven;1998;19379.5;9688.0;9691.5;8623.0;4587.0;4036.0;9457.0;4730.5;4726.5;758.0;134.5;623.5;541.5;236.0;305.5
3062;Totaal;Bodegraven;1999;19533.0;9762.0;9771.0;8684.5;4613.0;4071.5;9520.5;4761.5;4759.0;763.5;138.5;625.0;564.5;249.0;315.5
3063;Totaal;Bodegraven;2000;19602.0;9790.5;9811.5;8740.5;4645.0;4095.5;9501.5;4752.5;4749.0;772.0;136.0;636.0;588.0;257.0;331.0
3064;Totaal;Bodegraven;2001;19619.0;9787.0;9832.0;8762.5;4655.5;4107.0;9424.5;4715.5;4709.0;788.5;135.5;653.0;643.5;280.5;363.0
3065;Totaal;Bodegraven;2002;19583.5;9764.0;9819.5;8748.0;4654.5;4093.5;9346.0;4675.0;4671.0;798.0;132.5;665.5;691.5;302.0;389.5
3066;Totaal;Bodegraven;2003;19520.0;9742.5;9777.5;8736.5;4658.0;4078.5;9278.5;4644.0;4634.5;794.5;133.5;661.0;710.5;307.0;403.5
3067;Totaal;Bodegraven;2004;19446.5;9720.5;9726.0;8708.0;4654.0;4054.0;9221.0;4615.5;4605.5;791.5;138.0;653.5;726.0;313.0;413.0
3068;Totaal;Bodegraven;2005;19388.0;9705.5;9682.5;8659.0;4644.0;4015.0;9185.0;4595.0;4590.0;792.5;142.5;650.0;751.5;324.0;427.5
3069;Totaal;Bodegraven;2006;19363.5;9695.5;9668.0;8647.5;4637.5;4010.0;9140.0;4572.0;4568.0;801.0;151.0;650.0;775.0;335.0;440.0
3070;Totaal;Bodegraven;2007;19394.5;9707.5;9687.0;8686.5;4652.5;4034.0;9093.5;4552.0;4541.5;815.0;156.5;658.5;799.5;346.5;453.0
3071;Totaal;Bodegraven;2008;19446.5;9740.5;9706.0;8744.0;4691.0;4053.0;9042.0;4530.0;4512.0;830.5;160.0;670.5;830.0;359.5;470.5
3072;Totaal;Bodegraven;2009;19458.5;9757.5;9701.0;8741.0;4699.5;4041.5;8988.0;4507.0;4481.0;838.0;163.5;674.5;891.5;387.5;504.0
3073;Totaal;Bodegraven;2010;19439.5;9756.5;9683.0;8703.0;4690.5;4012.5;8968.0;4492.5;4475.5;839.0;165.5;673.5;929.5;408.0;521.5
3074;Totaal;Bodegraven;2011;;;;;;;;;;;;;;;
3075;Totaal;Bodegraven;2012;;;;;;;;;;;;;;;
3076;Totaal;Bodegraven;2013;;;;;;;;;;;;;;;
3077;Totaal;Bodegraven;2014;;;;;;;;;;;;;;;
3078;Totaal;Bodegraven;2015;;;;;;;;;;;;;;;
3079;Totaal;Bodegraven;2016;;;;;;;;;;;;;;;
3080;Totaal;Bodegraven-Reeuwijk;1995;;;;;;;;;;;;;;;
3081;Totaal;Bodegraven-Reeuwijk;1996;;;;;;;;;;;;;;;
3082;Totaal;Bodegraven-Reeuwijk;1997;;;;;;;;;;;;;;;
3083;Totaal;Bodegraven-Reeuwijk;1998;;;;;;;;;;;;;;;
3084;Totaal;Bodegraven-Reeuwijk;1999;;;;;;;;;;;;;;;
3085;Totaal;Bodegraven-Reeuwijk;2000;;;;;;;;;;;;;;;
3086;Totaal;Bodegraven-Reeuwijk;2001;;;;;;;;;;;;;;;
3087;Totaal;Bodegraven-Reeuwijk;2002;;;;;;;;;;;;;;;
3088;Totaal;Bodegraven-Reeuwijk;2003;;;;;;;;;;;;;;;
3089;Totaal;Bodegraven-Reeuwijk;2004;;;;;;;;;;;;;;;
3090;Totaal;Bodegraven-Reeuwijk;2005;;;;;;;;;;;;;;;
3091;Totaal;Bodegraven-Reeuwijk;2006;;;;;;;;;;;;;;;
3092;Totaal;Bodegraven-Reeuwijk;2007;;;;;;;;;;;;;;;
3093;Totaal;Bodegraven-Reeuwijk;2008;;;;;;;;;;;;;;;
3094;Totaal;Bodegraven-Reeuwijk;2009;;;;;;;;;;;;;;;
3095;Totaal;Bodegraven-Reeuwijk;2010;;;;;;;;;;;;;;;
3096;Totaal;Bodegraven-Reeuwijk;2011;32781.0;16409.5;16371.5;14271.5;7684.5;6587.0;15448.0;7723.0;7725.0;1496.5;303.0;1193.5;1565.0;699.0;866.0
3097;Totaal;Bodegraven-Reeuwijk;2012;32825.5;16415.0;16410.5;14286.5;7681.0;6605.5;15426.0;7710.5;7715.5;1504.0;310.0;1194.0;1609.0;713.5;895.5
3098;Totaal;Bodegraven-Reeuwijk;2013;32863.5;16399.5;16464.0;14280.5;7667.5;6613.0;15382.5;7685.0;7697.5;1523.0;312.0;1211.0;1677.5;735.0;942.5
3099;Totaal;Bodegraven-Reeuwijk;2014;33059.0;16486.0;16573.0;14418.0;7743.5;6674.5;15325.0;7656.5;7668.5;1543.0;313.5;1229.5;1773.0;772.5;1000.5
3100;Totaal;Bodegraven-Reeuwijk;2015;33329.5;16647.0;16682.5;14613.0;7866.0;6747.0;15306.5;7650.0;7656.5;1557.5;317.5;1240.0;1852.5;813.5;1039.0
3101;Totaal;Bodegraven-Reeuwijk;2016;33592.0;16815.5;16776.5;14793.0;7982.0;6811.0;15297.5;7648.5;7649.0;1579.0;334.0;1245.0;1922.5;851.0;1071.5
3102;Totaal;Boekel;1995;9006.5;4628.5;4378.0;3941.0;2221.0;1720.0;4497.5;2249.0;2248.5;379.0;67.0;312.0;189.0;91.5;97.5
3103;Totaal;Boekel;1996;9035.0;4631.0;4404.0;3946.0;2212.0;1734.0;4510.0;2255.0;2255.0;386.0;67.0;319.0;193.0;97.0;96.0
3104;Totaal;Boekel;1997;9052.5;4635.5;4417.0;3929.5;2195.0;1734.5;4532.0;2267.0;2265.0;386.5;66.5;320.0;204.5;107.0;97.5
3105;Totaal;Boekel;1998;9083.0;4646.0;4437.0;3936.5;2196.0;1740.5;4544.5;2273.0;2271.5;388.0;68.0;320.0;214.0;109.0;105.0
3106;Totaal;Boekel;1999;9146.5;4675.0;4471.5;3989.0;2225.0;1764.0;4547.0;2274.5;2272.5;397.5;71.5;326.0;213.0;104.0;109.0
3107;Totaal;Boekel;2000;9207.0;4700.0;4507.0;4048.5;2257.0;1791.5;4537.0;2268.5;2268.5;409.0;72.5;336.5;212.5;102.0;110.5
3108;Totaal;Boekel;2001;9262.5;4723.5;4539.0;4099.5;2285.0;1814.5;4520.0;2260.0;2260.0;418.5;73.0;345.5;224.5;105.5;119.0
3109;Totaal;Boekel;2002;9333.5;4757.5;4576.0;4161.0;2315.0;1846.0;4509.0;2253.5;2255.5;426.0;77.5;348.5;237.5;111.5;126.0
3110;Totaal;Boekel;2003;9384.0;4784.0;4600.0;4218.0;2344.5;1873.5;4498.0;2245.5;2252.5;427.0;80.0;347.0;241.0;114.0;127.0
3111;Totaal;Boekel;2004;9404.0;4795.0;4609.0;4250.5;2362.0;1888.5;4476.0;2234.0;2242.0;428.5;80.5;348.0;249.0;118.5;130.5
3112;Totaal;Boekel;2005;9409.5;4801.5;4608.0;4242.0;2356.0;1886.0;4470.0;2233.0;2237.0;428.5;85.0;343.5;269.0;127.5;141.5
3113;Totaal;Boekel;2006;9455.0;4832.5;4622.5;4244.5;2353.5;1891.0;4499.5;2252.0;2247.5;424.5;90.5;334.0;286.5;136.5;150.0
3114;Totaal;Boekel;2007;9574.5;4893.0;4681.5;4312.5;2383.0;1929.5;4525.5;2266.5;2259.0;428.5;95.5;333.0;308.0;148.0;160.0
3115;Totaal;Boekel;2008;9669.0;4936.0;4733.0;4383.0;2419.5;1963.5;4516.0;2259.5;2256.5;440.5;100.0;340.5;329.5;157.0;172.5
3116;Totaal;Boekel;2009;9732.0;4956.0;4776.0;4426.0;2433.5;1992.5;4497.0;2250.0;2247.0;453.5;102.5;351.0;355.5;170.0;185.5
3117;Totaal;Boekel;2010;9818.5;5004.5;4814.0;4494.0;2467.0;2027.0;4490.0;2248.0;2242.0;458.5;106.5;352.0;376.0;183.0;193.0
3118;Totaal;Boekel;2011;9916.0;5067.5;4848.5;4579.5;2517.5;2062.0;4492.0;2247.0;2245.0;459.5;110.5;349.0;385.0;192.5;192.5
3119;Totaal;Boekel;2012;10014.5;5118.5;4896.0;4644.0;2549.5;2094.5;4502.0;2250.5;2251.5;460.0;112.5;347.5;408.5;206.0;202.5
3120;Totaal;Boekel;2013;10075.5;5152.0;4923.5;4680.0;2569.0;2111.0;4500.5;2251.0;2249.5;461.0;113.5;347.5;434.0;218.5;215.5
3121;Totaal;Boekel;2014;10104.0;5170.5;4933.5;4702.5;2588.5;2114.0;4469.5;2235.5;2234.0;477.0;117.5;359.5;455.0;229.0;226.0
3122;Totaal;Boekel;2015;10186.5;5203.0;4983.5;4771.5;2618.0;2153.5;4449.0;2226.5;2222.5;493.5;124.5;369.0;472.5;234.0;238.5
3123;Totaal;Boekel;2016;10334.0;5276.5;5057.5;4887.5;2672.0;2215.5;4460.0;2236.0;2224.0;501.5;130.5;371.0;485.0;238.0;247.0
3124;Totaal;Ten Boer;1995;7023.0;3575.0;3448.0;3121.5;1733.0;1388.5;3350.0;1676.0;1674.0;365.5;75.5;290.0;186.0;90.5;95.5
3125;Totaal;Ten Boer;1996;7143.0;3628.0;3515.0;3177.5;1757.5;1420.0;3394.5;1699.0;1695.5;368.5;73.5;295.0;202.5;98.0;104.5
3126;Totaal;Ten Boer;1997;7215.0;3639.5;3575.5;3225.5;1760.0;1465.5;3400.5;1700.5;1700.0;368.0;74.0;294.0;221.0;105.0;116.0
3127;Totaal;Ten Boer;1998;7232.5;3627.5;3605.0;3223.5;1741.0;1482.5;3412.0;1706.0;1706.0;375.0;77.5;297.5;222.0;103.0;119.0
3128;Totaal;Ten Boer;1999;7230.5;3625.0;3605.5;3192.5;1729.0;1463.5;3429.5;1714.0;1715.5;384.0;80.0;304.0;224.5;102.0;122.5
3129;Totaal;Ten Boer;2000;7349.0;3689.0;3660.0;3270.0;1772.0;1498.0;3457.0;1729.0;1728.0;386.0;82.0;304.0;236.0;106.0;130.0
3130;Totaal;Ten Boer;2001;7463.0;3743.0;3720.0;3360.5;1815.5;1545.0;3472.0;1737.5;1734.5;385.5;82.0;303.5;245.0;108.0;137.0
3131;Totaal;Ten Boer;2002;7407.5;3718.5;3689.0;3323.0;1799.5;1523.5;3462.5;1731.5;1731.0;374.0;81.0;293.0;248.0;106.5;141.5
3132;Totaal;Ten Boer;2003;7262.5;3660.5;3602.0;3237.5;1762.5;1475.0;3426.0;1712.5;1713.5;349.0;78.0;271.0;250.0;107.5;142.5
3133;Totaal;Ten Boer;2004;7185.0;3622.0;3563.0;3194.0;1736.5;1457.5;3406.0;1703.0;1703.0;334.5;73.5;261.0;250.5;109.0;141.5
3134;Totaal;Ten Boer;2005;7181.5;3610.0;3571.5;3184.0;1727.0;1457.0;3401.5;1699.0;1702.5;340.0;73.0;267.0;256.0;111.0;145.0
3135;Totaal;Ten Boer;2006;7205.0;3619.0;3586.0;3194.5;1730.5;1464.0;3394.0;1692.0;1702.0;347.5;78.0;269.5;269.0;118.5;150.5
3136;Totaal;Ten Boer;2007;7261.0;3648.0;3613.0;3251.5;1756.0;1495.5;3379.5;1684.5;1695.0;348.0;79.0;269.0;282.0;128.5;153.5
3137;Totaal;Ten Boer;2008;7361.5;3695.0;3666.5;3323.5;1790.5;1533.0;3397.0;1694.5;1702.5;350.0;75.5;274.5;291.0;134.5;156.5
3138;Totaal;Ten Boer;2009;7437.0;3730.5;3706.5;3344.0;1801.0;1543.0;3424.5;1711.0;1713.5;357.0;75.0;282.0;311.5;143.5;168.0
3139;Totaal;Ten Boer;2010;7440.5;3734.0;3706.5;3322.5;1795.5;1527.0;3414.0;1706.0;1708.0;366.5;76.0;290.5;337.5;156.5;181.0
3140;Totaal;Ten Boer;2011;7465.5;3743.0;3722.5;3311.0;1794.5;1516.5;3399.0;1699.0;1700.0;401.0;85.5;315.5;354.5;164.0;190.5
3141;Totaal;Ten Boer;2012;7488.5;3749.0;3739.5;3298.5;1790.5;1508.0;3380.0;1691.0;1689.0;436.0;95.0;341.0;374.0;172.5;201.5
3142;Totaal;Ten Boer;2013;7489.5;3742.0;3747.5;3303.0;1786.0;1517.0;3353.5;1675.5;1678.0;441.5;97.5;344.0;391.5;183.0;208.5
3143;Totaal;Ten Boer;2014;7465.5;3714.5;3751.0;3305.5;1771.0;1534.5;3303.5;1649.5;1654.0;444.0;98.5;345.5;412.5;195.5;217.0
3144;Totaal;Ten Boer;2015;7402.0;3679.5;3722.5;3282.0;1759.5;1522.5;3223.5;1607.5;1616.0;454.5;100.5;354.0;442.0;212.0;230.0
3145;Totaal;Ten Boer;2016;7320.0;3633.5;3686.5;3244.5;1745.0;1499.5;3156.0;1573.5;1582.5;459.5;99.5;360.0;460.0;215.5;244.5
3146;Totaal;Bolsward;1995;9409.0;4596.5;4812.5;4229.0;2253.0;1976.0;4173.0;2086.0;2087.0;672.5;117.5;555.0;334.5;140.0;194.5
3147;Totaal;Bolsward;1996;9292.0;4550.5;4741.5;4111.0;2199.0;1912.0;4156.0;2076.5;2079.5;664.0;119.5;544.5;361.0;155.5;205.5
3148;Totaal;Bolsward;1997;9293.5;4563.0;4730.5;4080.0;2196.5;1883.5;4155.5;2074.0;2081.5;659.5;119.5;540.0;398.5;173.0;225.5
3149;Totaal;Bolsward;1998;9336.5;4596.0;4740.5;4088.5;2209.0;1879.5;4176.5;2087.0;2089.5;658.0;119.0;539.0;413.5;181.0;232.5
3150;Totaal;Bolsward;1999;9297.5;4573.5;4724.0;4081.5;2192.5;1889.0;4160.0;2080.0;2080.0;634.5;115.5;519.0;421.5;185.5;236.0
3151;Totaal;Bolsward;2000;9284.0;4559.5;4724.5;4080.5;2186.5;1894.0;4157.0;2078.5;2078.5;625.0;110.0;515.0;421.5;184.5;237.0
3152;Totaal;Bolsward;2001;9342.5;4575.5;4767.0;4098.0;2190.0;1908.0;4176.5;2087.0;2089.5;637.0;111.5;525.5;431.0;187.0;244.0
3153;Totaal;Bolsward;2002;9412.0;4607.0;4805.0;4149.0;2215.5;1933.5;4168.5;2082.0;2086.5;643.0;115.0;528.0;451.5;194.5;257.0
3154;Totaal;Bolsward;2003;9417.0;4625.5;4791.5;4160.0;2237.0;1923.0;4149.5;2070.5;2079.0;646.5;119.0;527.5;461.0;199.0;262.0
3155;Totaal;Bolsward;2004;9400.0;4616.5;4783.5;4151.5;2240.5;1911.0;4136.0;2059.0;2077.0;648.0;120.0;528.0;464.5;197.0;267.5
3156;Totaal;Bolsward;2005;9457.5;4625.5;4832.0;4182.5;2250.5;1932.0;4135.0;2057.0;2078.0;661.0;118.0;543.0;479.0;200.0;279.0
3157;Totaal;Bolsward;2006;9551.0;4650.5;4900.5;4235.0;2263.0;1972.0;4152.0;2067.0;2085.0;670.5;116.5;554.0;493.5;204.0;289.5
3158;Totaal;Bolsward;2007;9664.5;4697.0;4967.5;4303.0;2283.0;2020.0;4196.5;2090.0;2106.5;668.0;119.0;549.0;497.0;205.0;292.0
3159;Totaal;Bolsward;2008;9776.5;4765.5;5011.0;4372.5;2325.5;2047.0;4223.0;2103.5;2119.5;666.5;120.5;546.0;514.5;216.0;298.5
3160;Totaal;Bolsward;2009;9864.0;4825.5;5038.5;4409.5;2359.5;2050.0;4222.5;2106.0;2116.5;666.5;118.5;548.0;565.5;241.5;324.0
3161;Totaal;Bolsward;2010;9939.5;4886.5;5053.0;4441.5;2392.5;2049.0;4213.0;2103.0;2110.0;671.5;123.0;548.5;613.5;268.0;345.5
3162;Totaal;Bolsward;2011;;;;;;;;;;;;;;;
3163;Totaal;Bolsward;2012;;;;;;;;;;;;;;;
3164;Totaal;Bolsward;2013;;;;;;;;;;;;;;;
3165;Totaal;Bolsward;2014;;;;;;;;;;;;;;;
3166;Totaal;Bolsward;2015;;;;;;;;;;;;;;;
3167;Totaal;Bolsward;2016;;;;;;;;;;;;;;;
3168;Totaal;Borculo;1995;10167.5;5198.0;4969.5;4135.5;2385.5;1750.0;5124.0;2560.0;2564.0;667.0;134.0;533.0;241.0;118.5;122.5
3169;Totaal;Borculo;1996;10243.0;5233.0;5010.0;4189.5;2406.5;1783.0;5130.0;2565.5;2564.5;671.0;139.0;532.0;252.5;122.0;130.5
3170;Totaal;Borculo;1997;10270.5;5255.0;5015.5;4182.0;2404.5;1777.5;5148.0;2577.0;2571.0;674.0;142.0;532.0;266.5;131.5;135.0
3171;Totaal;Borculo;1998;10266.5;5253.0;5013.5;4161.0;2392.5;1768.5;5156.0;2578.5;2577.5;679.5;148.5;531.0;270.0;133.5;136.5
3172;Totaal;Borculo;1999;10326.5;5287.0;5039.5;4191.0;2418.0;1773.0;5174.0;2583.5;2590.5;682.5;151.5;531.0;279.0;134.0;145.0
3173;Totaal;Borculo;2000;10438.5;5324.5;5114.0;4247.0;2433.0;1814.0;5220.0;2607.5;2612.5;676.5;144.0;532.5;295.0;140.0;155.0
3174;Totaal;Borculo;2001;10500.0;5318.5;5181.5;4291.5;2425.5;1866.0;5224.0;2610.5;2613.5;673.0;136.0;537.0;311.5;146.5;165.0
3175;Totaal;Borculo;2002;10459.5;5299.5;5160.0;4291.0;2428.0;1863.0;5169.0;2583.5;2585.5;676.5;136.5;540.0;323.0;151.5;171.5
3176;Totaal;Borculo;2003;10406.0;5268.0;5138.0;4268.5;2412.0;1856.5;5131.0;2564.5;2566.5;678.5;139.0;539.5;328.0;152.5;175.5
3177;Totaal;Borculo;2004;10367.0;5221.0;5146.0;4248.5;2378.5;1870.0;5113.0;2553.5;2559.5;673.5;135.5;538.0;332.0;153.5;178.5
3178;Totaal;Borculo;2005;;;;;;;;;;;;;;;
3179;Totaal;Borculo;2006;;;;;;;;;;;;;;;
3180;Totaal;Borculo;2007;;;;;;;;;;;;;;;
3181;Totaal;Borculo;2008;;;;;;;;;;;;;;;
3182;Totaal;Borculo;2009;;;;;;;;;;;;;;;
3183;Totaal;Borculo;2010;;;;;;;;;;;;;;;
3184;Totaal;Borculo;2011;;;;;;;;;;;;;;;
3185;Totaal;Borculo;2012;;;;;;;;;;;;;;;
3186;Totaal;Borculo;2013;;;;;;;;;;;;;;;
3187;Totaal;Borculo;2014;;;;;;;;;;;;;;;
3188;Totaal;Borculo;2015;;;;;;;;;;;;;;;
3189;Totaal;Borculo;2016;;;;;;;;;;;;;;;
3190;Totaal;Borger;1995;12985.5;6535.0;6450.5;4900.0;2731.0;2169.0;6777.0;3392.5;3384.5;870.0;184.5;685.5;438.5;227.0;211.5
3191;Totaal;Borger;1996;13068.0;6563.5;6504.5;4935.5;2740.0;2195.5;6809.5;3406.5;3403.0;866.5;185.0;681.5;456.5;232.0;224.5
3192;Totaal;Borger;1997;13216.0;6639.5;6576.5;4997.0;2768.0;2229.0;6869.5;3438.5;3431.0;861.0;188.0;673.0;488.5;245.0;243.5
3193;Totaal;Borger;1998;;;;;;;;;;;;;;;
3194;Totaal;Borger;1999;;;;;;;;;;;;;;;
3195;Totaal;Borger;2000;;;;;;;;;;;;;;;
3196;Totaal;Borger;2001;;;;;;;;;;;;;;;
3197;Totaal;Borger;2002;;;;;;;;;;;;;;;
3198;Totaal;Borger;2003;;;;;;;;;;;;;;;
3199;Totaal;Borger;2004;;;;;;;;;;;;;;;
3200;Totaal;Borger;2005;;;;;;;;;;;;;;;
3201;Totaal;Borger;2006;;;;;;;;;;;;;;;
3202;Totaal;Borger;2007;;;;;;;;;;;;;;;
3203;Totaal;Borger;2008;;;;;;;;;;;;;;;
3204;Totaal;Borger;2009;;;;;;;;;;;;;;;
3205;Totaal;Borger;2010;;;;;;;;;;;;;;;
3206;Totaal;Borger;2011;;;;;;;;;;;;;;;
3207;Totaal;Borger;2012;;;;;;;;;;;;;;;
3208;Totaal;Borger;2013;;;;;;;;;;;;;;;
3209;Totaal;Borger;2014;;;;;;;;;;;;;;;
3210;Totaal;Borger;2015;;;;;;;;;;;;;;;
3211;Totaal;Borger;2016;;;;;;;;;;;;;;;
3212;Totaal;Borger-Odoorn;1995;;;;;;;;;;;;;;;
3213;Totaal;Borger-Odoorn;1996;;;;;;;;;;;;;;;
3214;Totaal;Borger-Odoorn;1997;;;;;;;;;;;;;;;
3215;Totaal;Borger-Odoorn;1998;25970.5;13032.0;12938.5;9787.5;5400.5;4387.0;13704.5;6856.0;6848.5;1598.5;320.5;1278.0;880.0;455.0;425.0
3216;Totaal;Borger-Odoorn;1999;26142.5;13087.0;13055.5;9866.0;5418.0;4448.0;13749.0;6882.5;6866.5;1604.0;315.5;1288.5;923.5;471.0;452.5
3217;Totaal;Borger-Odoorn;2000;26249.5;13126.0;13123.5;9925.5;5428.5;4497.0;13736.0;6881.0;6855.0;1616.5;314.0;1302.5;971.5;502.5;469.0
3218;Totaal;Borger-Odoorn;2001;26315.5;13163.0;13152.5;9990.5;5455.5;4535.0;13654.5;6838.5;6816.0;1619.5;322.0;1297.5;1051.0;547.0;504.0
3219;Totaal;Borger-Odoorn;2002;26386.5;13199.5;13187.0;10073.5;5493.5;4580.0;13583.5;6802.0;6781.5;1619.0;331.0;1288.0;1110.5;573.0;537.5
3220;Totaal;Borger-Odoorn;2003;26400.0;13172.5;13227.5;10116.5;5478.5;4638.0;13540.0;6778.0;6762.0;1609.5;335.0;1274.5;1134.0;581.0;553.0
3221;Totaal;Borger-Odoorn;2004;26343.5;13114.0;13229.5;10136.5;5461.0;4675.5;13457.5;6735.0;6722.5;1581.5;326.0;1255.5;1168.0;592.0;576.0
3222;Totaal;Borger-Odoorn;2005;26315.0;13103.0;13212.0;10171.5;5482.0;4689.5;13369.5;6691.0;6678.5;1562.5;321.0;1241.5;1211.5;609.0;602.5
3223;Totaal;Borger-Odoorn;2006;26300.0;13119.0;13181.0;10208.5;5515.5;4693.0;13302.0;6656.0;6646.0;1558.0;327.5;1230.5;1231.5;620.0;611.5
3224;Totaal;Borger-Odoorn;2007;26249.0;13102.0;13147.0;10195.5;5522.5;4673.0;13246.5;6628.5;6618.0;1564.0;332.5;1231.5;1243.0;618.5;624.5
3225;Totaal;Borger-Odoorn;2008;26176.0;13065.5;13110.5;10178.0;5520.0;4658.0;13156.5;6584.5;6572.0;1572.0;333.0;1239.0;1269.5;628.0;641.5
3226;Totaal;Borger-Odoorn;2009;26111.5;13050.0;13061.5;10111.5;5493.0;4618.5;13049.5;6530.0;6519.5;1566.0;333.0;1233.0;1384.5;694.0;690.5
3227;Totaal;Borger-Odoorn;2010;26006.5;12994.0;13012.5;9997.0;5426.0;4571.0;12952.0;6476.0;6476.0;1579.5;342.0;1237.5;1478.0;750.0;728.0
3228;Totaal;Borger-Odoorn;2011;25900.0;12922.5;12977.5;9972.5;5403.5;4569.0;12821.0;6407.5;6413.5;1600.0;350.0;1250.0;1506.5;761.5;745.0
3229;Totaal;Borger-Odoorn;2012;25760.5;12866.0;12894.5;9948.0;5402.0;4546.0;12656.0;6324.0;6332.0;1596.5;354.5;1242.0;1560.0;785.5;774.5
3230;Totaal;Borger-Odoorn;2013;25644.5;12816.0;12828.5;9907.5;5386.5;4521.0;12544.5;6267.0;6277.5;1594.0;359.0;1235.0;1598.5;803.5;795.0
3231;Totaal;Borger-Odoorn;2014;25564.5;12765.0;12799.5;9861.0;5362.0;4499.0;12452.5;6221.0;6231.5;1613.5;372.0;1241.5;1637.5;810.0;827.5
3232;Totaal;Borger-Odoorn;2015;25436.5;12714.0;12722.5;9797.5;5345.5;4452.0;12342.0;6164.0;6178.0;1631.0;386.0;1245.0;1666.0;818.5;847.5
3233;Totaal;Borger-Odoorn;2016;25363.0;12669.0;12694.0;9801.5;5332.0;4469.5;12244.5;6113.0;6131.5;1612.5;385.0;1227.5;1704.5;839.0;865.5
3234;Totaal;Born;1995;14683.0;7336.5;7346.5;5645.5;3062.0;2583.5;7796.5;3898.5;3898.0;747.5;132.0;615.5;493.5;244.0;249.5
3235;Totaal;Born;1996;14766.0;7387.0;7379.0;5697.5;3107.0;2590.5;7758.0;3881.5;3876.5;774.5;140.5;634.0;536.0;258.0;278.0
3236;Totaal;Born;1997;14760.0;7373.5;7386.5;5701.5;3106.0;2595.5;7709.5;3855.0;3854.5;793.0;145.5;647.5;556.0;267.0;289.0
3237;Totaal;Born;1998;14683.5;7329.5;7354.0;5655.0;3080.5;2574.5;7660.0;3830.0;3830.0;789.5;143.5;646.0;579.0;275.5;303.5
3238;Totaal;Born;1999;14591.0;7294.0;7297.0;5591.0;3052.5;2538.5;7617.0;3811.5;3805.5;789.5;146.5;643.0;593.5;283.5;310.0
3239;Totaal;Born;2000;14524.5;7269.0;7255.5;5554.0;3040.0;2514.0;7581.0;3794.0;3787.0;798.0;152.5;645.5;591.5;282.5;309.0
3240;Totaal;Born;2001;;;;;;;;;;;;;;;
3241;Totaal;Born;2002;;;;;;;;;;;;;;;
3242;Totaal;Born;2003;;;;;;;;;;;;;;;
3243;Totaal;Born;2004;;;;;;;;;;;;;;;
3244;Totaal;Born;2005;;;;;;;;;;;;;;;
3245;Totaal;Born;2006;;;;;;;;;;;;;;;
3246;Totaal;Born;2007;;;;;;;;;;;;;;;
3247;Totaal;Born;2008;;;;;;;;;;;;;;;
3248;Totaal;Born;2009;;;;;;;;;;;;;;;
3249;Totaal;Born;2010;;;;;;;;;;;;;;;
3250;Totaal;Born;2011;;;;;;;;;;;;;;;
3251;Totaal;Born;2012;;;;;;;;;;;;;;;
3252;Totaal;Born;2013;;;;;;;;;;;;;;;
3253;Totaal;Born;2014;;;;;;;;;;;;;;;
3254;Totaal;Born;2015;;;;;;;;;;;;;;;
3255;Totaal;Born;2016;;;;;;;;;;;;;;;
3256;Totaal;Borne;1995;21756.0;10843.5;10912.5;8945.0;4815.5;4129.5;11123.5;5558.0;5565.5;1153.0;230.5;922.5;534.5;239.5;295.0
3257;Totaal;Borne;1996;21924.5;10910.0;11014.5;9031.5;4854.0;4177.5;11153.5;5573.5;5580.0;1175.5;234.0;941.5;564.0;248.5;315.5
3258;Totaal;Borne;1997;22037.5;10955.0;11082.5;9057.0;4856.5;4200.5;11174.0;5586.0;5588.0;1200.0;244.5;955.5;606.5;268.0;338.5
3259;Totaal;Borne;1998;22159.5;11025.5;11134.0;9069.0;4866.0;4203.0;11253.0;5624.5;5628.5;1191.5;249.0;942.5;646.0;286.0;360.0
3260;Totaal;Borne;1999;22292.0;11094.0;11198.0;9075.5;4869.5;4206.0;11348.5;5668.5;5680.0;1188.5;254.0;934.5;679.5;302.0;377.5
3261;Totaal;Borne;2000;22336.0;11097.5;11238.5;9028.5;4831.5;4197.0;11396.5;5690.5;5706.0;1203.5;260.5;943.0;707.5;315.0;392.5
3262;Totaal;Borne;2001;20723.0;10281.0;10442.0;8383.0;4481.0;3902.0;10525.0;5255.0;5270.0;1097.0;235.5;861.5;718.0;309.5;408.5
3263;Totaal;Borne;2002;20690.0;10290.0;10400.0;8447.5;4551.5;3896.0;10394.5;5189.0;5205.5;1100.5;233.5;867.0;747.5;316.0;431.5
3264;Totaal;Borne;2003;20625.5;10267.0;10358.5;8450.0;4565.5;3884.5;10309.5;5150.5;5159.0;1101.5;233.5;868.0;764.5;317.5;447.0
3265;Totaal;Borne;2004;20551.5;10209.5;10342.0;8439.0;4540.0;3899.0;10220.0;5109.0;5111.0;1112.0;237.5;874.5;780.5;323.0;457.5
3266;Totaal;Borne;2005;20525.0;10204.0;10321.0;8488.0;4567.0;3921.0;10144.0;5069.0;5075.0;1103.0;240.5;862.5;790.0;327.5;462.5
3267;Totaal;Borne;2006;20534.0;10248.0;10286.0;8554.5;4630.5;3924.0;10087.5;5042.5;5045.0;1084.5;243.5;841.0;807.5;331.5;476.0
3268;Totaal;Borne;2007;20642.5;10289.0;10353.5;8640.0;4671.5;3968.5;10060.0;5029.5;5030.5;1114.5;249.5;865.0;828.0;338.5;489.5
3269;Totaal;Borne;2008;20935.0;10431.5;10503.5;8829.5;4775.5;4054.0;10087.5;5042.0;5045.5;1151.0;260.5;890.5;867.0;353.5;513.5
3270;Totaal;Borne;2009;21218.0;10609.5;10608.5;8921.0;4865.0;4056.0;10130.5;5065.0;5065.5;1174.0;273.5;900.5;992.5;406.0;586.5
3271;Totaal;Borne;2010;21443.5;10737.0;10706.5;8941.5;4894.5;4047.0;10192.5;5098.0;5094.5;1203.0;286.5;916.5;1106.5;458.0;648.5
3272;Totaal;Borne;2011;21571.5;10796.5;10775.0;8986.0;4908.5;4077.5;10214.0;5103.5;5110.5;1219.0;297.0;922.0;1152.5;487.5;665.0
3273;Totaal;Borne;2012;21678.0;10823.5;10854.5;9013.5;4898.5;4115.0;10217.5;5098.5;5119.0;1236.0;306.0;930.0;1211.0;520.5;690.5
3274;Totaal;Borne;2013;21827.0;10872.0;10955.0;9108.5;4922.5;4186.0;10221.0;5098.5;5122.5;1242.5;312.0;930.5;1255.0;539.0;716.0
3275;Totaal;Borne;2014;21938.0;10922.5;11015.5;9197.5;4965.5;4232.0;10195.5;5086.5;5109.0;1249.0;317.5;931.5;1296.0;553.0;743.0
3276;Totaal;Borne;2015;22167.5;11080.5;11087.0;9356.0;5080.0;4276.0;10216.0;5101.0;5115.0;1265.0;329.5;935.5;1330.5;570.0;760.5
3277;Totaal;Borne;2016;22569.0;11312.0;11257.0;9622.0;5235.0;4387.0;10310.0;5147.0;5163.0;1290.0;351.5;938.5;1347.0;578.5;768.5
3278;Totaal;Borsele;1995;21436.5;10859.5;10577.0;9021.5;4926.5;4095.0;10746.5;5374.5;5372.0;1007.5;243.5;764.0;661.0;315.0;346.0
3279;Totaal;Borsele;1996;21627.5;10946.5;10681.0;9088.0;4946.0;4142.0;10839.0;5419.0;5420.0;1008.5;250.5;758.0;692.0;331.0;361.0
3280;Totaal;Borsele;1997;21725.0;11000.0;10725.0;9115.5;4966.5;4149.0;10876.0;5436.5;5439.5;1008.0;246.5;761.5;725.5;350.5;375.0
3281;Totaal;Borsele;1998;21786.5;11050.0;10736.5;9133.5;5000.5;4133.0;10877.5;5438.5;5439.0;1009.0;241.0;768.0;766.5;370.0;396.5
3282;Totaal;Borsele;1999;21841.5;11092.0;10749.5;9155.5;5032.0;4123.5;10865.5;5432.0;5433.5;1029.5;252.0;777.5;791.0;376.0;415.0
3283;Totaal;Borsele;2000;21938.0;11130.5;10807.5;9186.0;5042.0;4144.0;10899.0;5450.0;5449.0;1042.5;261.0;781.5;810.5;377.5;433.0
3284;Totaal;Borsele;2001;22130.0;11204.5;10925.5;9292.0;5086.5;4205.5;10931.5;5470.5;5461.0;1040.0;252.5;787.5;866.5;395.0;471.5
3285;Totaal;Borsele;2002;22301.0;11289.5;11011.5;9427.5;5169.5;4258.0;10914.5;5462.0;5452.5;1048.0;242.0;806.0;911.0;416.0;495.0
3286;Totaal;Borsele;2003;22334.5;11311.5;11023.0;9460.0;5189.5;4270.5;10894.5;5450.5;5444.0;1054.5;237.5;817.0;925.5;434.0;491.5
3287;Totaal;Borsele;2004;22357.5;11321.5;11036.0;9491.5;5204.5;4287.0;10863.0;5436.5;5426.5;1055.0;236.0;819.0;948.0;444.5;503.5
3288;Totaal;Borsele;2005;22406.0;11354.0;11052.0;9563.5;5254.5;4309.0;10810.0;5410.5;5399.5;1054.0;240.0;814.0;978.5;449.0;529.5
3289;Totaal;Borsele;2006;22401.0;11367.0;11034.0;9601.0;5291.0;4310.0;10727.0;5368.5;5358.5;1053.5;241.0;812.5;1019.5;466.5;553.0
3290;Totaal;Borsele;2007;22459.0;11394.5;11064.5;9633.5;5313.0;4320.5;10707.5;5356.0;5351.5;1051.0;236.0;815.0;1067.0;489.5;577.5
3291;Totaal;Borsele;2008;22541.0;11428.0;11113.0;9659.5;5320.5;4339.0;10728.0;5362.0;5366.0;1046.5;238.0;808.5;1107.0;507.5;599.5
3292;Totaal;Borsele;2009;22584.5;11447.5;11137.0;9615.5;5294.0;4321.5;10722.5;5361.5;5361.0;1049.0;239.5;809.5;1197.5;552.5;645.0
3293;Totaal;Borsele;2010;22662.5;11484.5;11178.0;9585.5;5283.0;4302.5;10727.5;5364.5;5363.0;1068.5;241.0;827.5;1281.0;596.0;685.0
3294;Totaal;Borsele;2011;22691.5;11498.5;11193.0;9584.5;5285.0;4299.5;10725.5;5361.5;5364.0;1087.0;249.0;838.0;1294.5;603.0;691.5
3295;Totaal;Borsele;2012;22679.5;11476.5;11203.0;9576.0;5267.5;4308.5;10688.0;5341.0;5347.0;1108.5;260.0;848.5;1307.0;608.0;699.0
3296;Totaal;Borsele;2013;22631.0;11435.5;11195.5;9573.0;5254.0;4319.0;10588.0;5287.5;5300.5;1125.5;272.0;853.5;1344.5;622.0;722.5
3297;Totaal;Borsele;2014;22573.5;11413.0;11160.5;9553.5;5252.5;4301.0;10505.0;5243.5;5261.5;1125.5;281.5;844.0;1389.5;635.5;754.0
3298;Totaal;Borsele;2015;22590.0;11430.0;11160.0;9578.5;5274.0;4304.5;10458.0;5218.5;5239.5;1125.5;286.0;839.5;1428.0;651.5;776.5
3299;Totaal;Borsele;2016;22650.0;11457.0;11193.0;9631.0;5291.5;4339.5;10421.0;5200.0;5221.0;1115.0;287.5;827.5;1483.0;678.0;805.0
3300;Totaal;Boskoop;1995;14813.5;7466.5;7347.0;6385.0;3477.5;2907.5;7283.0;3639.0;3644.0;679.0;120.0;559.0;466.5;230.0;236.5
3301;Totaal;Boskoop;1996;14844.0;7472.0;7372.0;6388.0;3470.5;2917.5;7279.5;3639.0;3640.5;690.0;124.0;566.0;486.5;238.5;248.0
3302;Totaal;Boskoop;1997;14884.5;7476.5;7408.0;6412.5;3472.5;2940.0;7270.5;3635.0;3635.5;700.5;128.5;572.0;501.0;240.5;260.5
3303;Totaal;Boskoop;1998;14999.0;7537.5;7461.5;6486.0;3516.5;2969.5;7294.5;3648.5;3646.0;699.5;127.5;572.0;519.0;245.0;274.0
3304;Totaal;Boskoop;1999;15094.0;7587.5;7506.5;6532.0;3530.0;3002.0;7323.0;3668.5;3654.5;703.0;132.0;571.0;536.0;257.0;279.0
3305;Totaal;Boskoop;2000;15095.0;7591.0;7504.0;6523.5;3528.5;2995.0;7313.5;3665.5;3648.0;718.0;137.0;581.0;540.0;260.0;280.0
3306;Totaal;Boskoop;2001;15155.0;7633.5;7521.5;6556.5;3566.5;2990.0;7323.5;3668.0;3655.5;724.0;139.0;585.0;551.0;260.0;291.0
3307;Totaal;Boskoop;2002;15227.0;7679.5;7547.5;6608.5;3603.0;3005.5;7324.0;3667.0;3657.0;724.0;143.0;581.0;570.5;266.5;304.0
3308;Totaal;Boskoop;2003;15226.5;7675.5;7551.0;6606.0;3596.5;3009.5;7305.0;3657.5;3647.5;725.5;144.5;581.0;590.0;277.0;313.0
3309;Totaal;Boskoop;2004;15262.0;7684.5;7577.5;6645.5;3611.0;3034.5;7288.0;3649.0;3639.0;723.5;140.5;583.0;605.0;284.0;321.0
3310;Totaal;Boskoop;2005;15305.0;7705.0;7600.0;6723.0;3652.5;3070.5;7236.0;3621.0;3615.0;724.0;141.0;583.0;622.0;290.5;331.5
3311;Totaal;Boskoop;2006;15267.0;7669.5;7597.5;6727.0;3642.0;3085.0;7176.5;3593.0;3583.5;725.0;139.0;586.0;638.5;295.5;343.0
3312;Totaal;Boskoop;2007;15220.0;7624.0;7596.0;6721.5;3618.0;3103.5;7130.5;3571.0;3559.5;725.0;136.5;588.5;643.0;298.5;344.5
3313;Totaal;Boskoop;2008;15175.0;7584.5;7590.5;6718.5;3595.0;3123.5;7073.0;3542.5;3530.5;724.0;139.5;584.5;659.5;307.5;352.0
3314;Totaal;Boskoop;2009;15111.5;7548.0;7563.5;6665.0;3558.0;3107.0;7027.0;3517.5;3509.5;718.5;142.5;576.0;701.0;330.0;371.0
3315;Totaal;Boskoop;2010;15067.5;7527.0;7540.5;6615.0;3530.0;3085.0;6983.0;3493.5;3489.5;720.5;146.5;574.0;749.0;357.0;392.0
3316;Totaal;Boskoop;2011;15066.0;7517.0;7549.0;6630.0;3534.5;3095.5;6932.5;3469.0;3463.5;727.5;150.0;577.5;776.0;363.5;412.5
3317;Totaal;Boskoop;2012;15141.0;7547.5;7593.5;6690.0;3560.5;3129.5;6920.5;3464.0;3456.5;735.5;157.5;578.0;795.0;365.5;429.5
3318;Totaal;Boskoop;2013;15186.0;7572.5;7613.5;6719.5;3577.0;3142.5;6905.5;3460.5;3445.0;738.5;159.5;579.0;822.5;375.5;447.0
3319;Totaal;Boskoop;2014;;;;;;;;;;;;;;;
3320;Totaal;Boskoop;2015;;;;;;;;;;;;;;;
3321;Totaal;Boskoop;2016;;;;;;;;;;;;;;;
3322;Totaal;Boxmeer;1995;20363.5;10099.5;10264.0;8938.0;4721.5;4216.5;9896.5;4945.5;4951.0;920.0;167.5;752.5;609.0;265.0;344.0
3323;Totaal;Boxmeer;1996;20605.5;10210.5;10395.0;9054.5;4779.5;4275.0;9959.5;4976.0;4983.5;939.5;170.0;769.5;652.0;285.0;367.0
3324;Totaal;Boxmeer;1997;20713.5;10262.0;10451.5;9093.5;4805.5;4288.0;9971.0;4986.0;4985.0;952.0;167.0;785.0;697.0;303.5;393.5
3325;Totaal;Boxmeer;1998;28550.0;14285.0;14265.0;12460.5;6706.5;5754.0;13878.0;6945.5;6932.5;1309.0;230.0;1079.0;902.5;403.0;499.5
3326;Totaal;Boxmeer;1999;28637.5;14312.0;14325.5;12446.0;6687.0;5759.0;13917.0;6968.0;6949.0;1325.5;233.5;1092.0;949.0;423.5;525.5
3327;Totaal;Boxmeer;2000;28781.0;14388.0;14393.0;12516.5;6720.0;5796.5;13900.0;6961.0;6939.0;1354.5;248.5;1106.0;1010.0;458.5;551.5
3328;Totaal;Boxmeer;2001;29094.5;14559.5;14535.0;12723.5;6836.0;5887.5;13919.0;6966.5;6952.5;1378.5;262.5;1116.0;1073.5;494.5;579.0
3329;Totaal;Boxmeer;2002;29317.0;14646.0;14671.0;12850.5;6889.0;5961.5;13969.5;6984.5;6985.0;1403.0;271.5;1131.5;1094.0;501.0;593.0
3330;Totaal;Boxmeer;2003;29373.5;14654.0;14719.5;12839.5;6863.0;5976.5;13990.5;6997.0;6993.5;1425.0;283.0;1142.0;1118.5;511.0;607.5
3331;Totaal;Boxmeer;2004;29276.5;14586.5;14690.0;12723.0;6784.0;5939.0;13942.0;6974.5;6967.5;1444.0;290.0;1154.0;1167.5;538.0;629.5
3332;Totaal;Boxmeer;2005;29054.0;14453.5;14600.5;12559.0;6689.0;5870.0;13825.5;6914.0;6911.5;1457.5;294.0;1163.5;1212.0;556.5;655.5
3333;Totaal;Boxmeer;2006;28838.0;14346.0;14492.0;12430.0;6631.5;5798.5;13689.0;6842.5;6846.5;1470.5;299.0;1171.5;1248.5;573.0;675.5
3334;Totaal;Boxmeer;2007;28680.5;14280.0;14400.5;12376.0;6626.5;5749.5;13558.0;6773.0;6785.0;1485.0;304.5;1180.5;1261.5;576.0;685.5
3335;Totaal;Boxmeer;2008;28622.0;14280.5;14341.5;12386.5;6663.0;5723.5;13463.5;6728.5;6735.0;1489.0;308.0;1181.0;1283.0;581.0;702.0
3336;Totaal;Boxmeer;2009;28592.0;14303.5;14288.5;12359.0;6684.5;5674.5;13382.0;6689.0;6693.0;1484.0;312.0;1172.0;1367.0;618.0;749.0
3337;Totaal;Boxmeer;2010;28578.5;14312.5;14266.0;12356.5;6701.5;5655.0;13293.5;6647.0;6646.5;1487.5;316.0;1171.5;1441.0;648.0;793.0
3338;Totaal;Boxmeer;2011;28489.5;14252.0;14237.5;12318.5;6672.0;5646.5;13196.0;6600.0;6596.0;1497.0;318.5;1178.5;1478.0;661.5;816.5
3339;Totaal;Boxmeer;2012;28312.0;14141.0;14171.0;12213.5;6608.5;5605.0;13061.0;6529.5;6531.5;1516.0;326.0;1190.0;1521.5;677.0;844.5
3340;Totaal;Boxmeer;2013;28187.0;14080.0;14107.0;12161.0;6583.5;5577.5;12932.0;6462.5;6469.5;1534.0;339.5;1194.5;1560.0;694.5;865.5
3341;Totaal;Boxmeer;2014;28244.5;14151.5;14093.0;12230.0;6648.5;5581.5;12880.0;6437.5;6442.5;1544.5;353.5;1191.0;1590.0;712.0;878.0
3342;Totaal;Boxmeer;2015;28403.5;14291.0;14112.5;12392.0;6777.0;5615.0;12826.0;6410.5;6415.5;1560.0;370.5;1189.5;1625.5;733.0;892.5
3343;Totaal;Boxmeer;2016;28587.0;14409.0;14178.0;12557.5;6883.0;5674.5;12783.5;6390.0;6393.5;1573.5;381.5;1192.0;1672.5;754.5;918.0
3344;Totaal;Boxtel;1995;25595.0;12763.5;12831.5;11386.0;6105.5;5280.5;11982.5;6000.0;5982.5;1288.5;249.5;1039.0;938.0;408.5;529.5
3345;Totaal;Boxtel;1996;29054.0;14527.5;14526.5;12808.0;6907.0;5901.0;13719.0;6868.5;6850.5;1451.0;270.5;1180.5;1076.0;481.5;594.5
3346;Totaal;Boxtel;1997;29191.0;14607.5;14583.5;12847.0;6937.5;5909.5;13729.5;6870.0;6859.5;1473.5;286.0;1187.5;1141.0;514.0;627.0
3347;Totaal;Boxtel;1998;29256.5;14643.0;14613.5;12851.5;6939.5;5912.0;13748.0;6879.0;6869.0;1482.0;296.5;1185.5;1175.0;528.0;647.0
3348;Totaal;Boxtel;1999;29227.0;14620.0;14607.0;12796.5;6906.5;5890.0;13740.0;6872.0;6868.0;1496.0;301.0;1195.0;1194.5;540.5;654.0
3349;Totaal;Boxtel;2000;29257.5;14622.0;14635.5;12780.5;6894.0;5886.5;13750.0;6876.0;6874.0;1510.0;302.0;1208.0;1217.0;550.0;667.0
3350;Totaal;Boxtel;2001;29318.0;14648.5;14669.5;12785.5;6892.5;5893.0;13744.5;6876.0;6868.5;1512.5;300.5;1212.0;1275.5;579.5;696.0
3351;Totaal;Boxtel;2002;29442.0;14708.0;14734.0;12840.5;6923.0;5917.5;13727.0;6866.0;6861.0;1530.5;304.0;1226.5;1344.0;615.0;729.0
3352;Totaal;Boxtel;2003;29512.5;14707.5;14805.0;12855.5;6918.5;5937.0;13685.0;6842.0;6843.0;1586.0;319.5;1266.5;1386.0;627.5;758.5
3353;Totaal;Boxtel;2004;29516.0;14666.5;14849.5;12851.0;6886.0;5965.0;13619.0;6804.5;6814.5;1628.5;339.0;1289.5;1417.5;637.0;780.5
3354;Totaal;Boxtel;2005;29598.0;14717.5;14880.5;12930.5;6916.0;6014.5;13609.5;6802.5;6807.0;1593.5;341.5;1252.0;1464.5;657.5;807.0
3355;Totaal;Boxtel;2006;29838.5;14826.5;15012.0;13074.5;6959.0;6115.5;13673.5;6841.5;6832.0;1568.0;337.5;1230.5;1522.5;688.5;834.0
3356;Totaal;Boxtel;2007;30121.0;14934.0;15187.0;13232.0;6999.5;6232.5;13731.0;6870.5;6860.5;1581.5;344.5;1237.0;1576.5;719.5;857.0
3357;Totaal;Boxtel;2008;30261.0;15015.5;15245.5;13318.0;7050.5;6267.5;13748.5;6880.5;6868.0;1593.0;353.5;1239.5;1601.5;731.0;870.5
3358;Totaal;Boxtel;2009;30278.5;15034.0;15244.5;13317.0;7073.0;6244.0;13690.0;6847.0;6843.0;1609.0;364.0;1245.0;1662.5;750.0;912.5
3359;Totaal;Boxtel;2010;30278.0;15021.0;15257.0;13299.0;7067.0;6232.0;13617.5;6805.5;6812.0;1620.0;374.0;1246.0;1741.5;774.5;967.0
3360;Totaal;Boxtel;2011;30282.0;15002.5;15279.5;13294.5;7048.5;6246.0;13557.5;6773.5;6784.0;1631.0;385.5;1245.5;1799.0;795.0;1004.0
3361;Totaal;Boxtel;2012;30360.0;15042.0;15318.0;13347.0;7077.0;6270.0;13494.5;6741.0;6753.5;1633.0;394.5;1238.5;1885.5;829.5;1056.0
3362;Totaal;Boxtel;2013;30378.0;15078.0;15300.0;13351.5;7108.0;6243.5;13435.5;6714.5;6721.0;1634.0;397.0;1237.0;1957.0;858.5;1098.5
3363;Totaal;Boxtel;2014;30328.5;15060.0;15268.5;13339.0;7112.5;6226.5;13327.5;6662.5;6665.0;1650.0;403.5;1246.5;2012.0;881.5;1130.5
3364;Totaal;Boxtel;2015;30371.5;15093.0;15278.5;13408.0;7158.0;6250.0;13204.0;6600.5;6603.5;1667.0;417.5;1249.5;2092.5;917.0;1175.5
3365;Totaal;Boxtel;2016;30530.5;15178.5;15352.0;13531.5;7227.0;6304.5;13139.5;6572.0;6567.5;1689.5;429.5;1260.0;2170.0;950.0;1220.0
3366;Totaal;Brakel;1995;6851.0;3443.5;3407.5;2926.0;1586.5;1339.5;3431.5;1717.5;1714.0;362.0;71.0;291.0;131.5;68.5;63.0
3367;Totaal;Brakel;1996;6935.5;3490.0;3445.5;2938.0;1594.5;1343.5;3496.5;1747.5;1749.0;363.5;75.5;288.0;137.5;72.5;65.0
3368;Totaal;Brakel;1997;6995.0;3516.0;3479.0;2952.0;1594.5;1357.5;3531.5;1764.0;1767.5;363.0;80.0;283.0;148.5;77.5;71.0
3369;Totaal;Brakel;1998;7085.0;3555.0;3530.0;2991.5;1613.0;1378.5;3580.0;1789.5;1790.5;361.0;77.5;283.5;152.5;75.0;77.5
3370;Totaal;Brakel;1999;;;;;;;;;;;;;;;
3371;Totaal;Brakel;2000;;;;;;;;;;;;;;;
3372;Totaal;Brakel;2001;;;;;;;;;;;;;;;
3373;Totaal;Brakel;2002;;;;;;;;;;;;;;;
3374;Totaal;Brakel;2003;;;;;;;;;;;;;;;
3375;Totaal;Brakel;2004;;;;;;;;;;;;;;;
3376;Totaal;Brakel;2005;;;;;;;;;;;;;;;
3377;Totaal;Brakel;2006;;;;;;;;;;;;;;;
3378;Totaal;Brakel;2007;;;;;;;;;;;;;;;
3379;Totaal;Brakel;2008;;;;;;;;;;;;;;;
3380;Totaal;Brakel;2009;;;;;;;;;;;;;;;
3381;Totaal;Brakel;2010;;;;;;;;;;;;;;;
3382;Totaal;Brakel;2011;;;;;;;;;;;;;;;
3383;Totaal;Brakel;2012;;;;;;;;;;;;;;;
3384;Totaal;Brakel;2013;;;;;;;;;;;;;;;
3385;Totaal;Brakel;2014;;;;;;;;;;;;;;;
3386;Totaal;Brakel;2015;;;;;;;;;;;;;;;
3387;Totaal;Brakel;2016;;;;;;;;;;;;;;;
3388;Totaal;Breda;1995;129972.0;62663.5;67308.5;59654.5;30695.0;28959.5;53957.0;26993.0;26964.0;8133.5;1464.0;6669.5;8227.0;3511.5;4715.5
3389;Totaal;Breda;1996;129884.5;62672.0;67212.5;60015.5;30940.5;29075.0;53265.5;26662.5;26603.0;8137.5;1467.0;6670.5;8466.0;3602.0;4864.0
3390;Totaal;Breda;1997;156710.5;76127.5;80583.0;70533.5;36668.0;33865.5;67231.5;33641.0;33590.5;9485.0;1773.0;7712.0;9460.5;4045.5;5415.0
3391;Totaal;Breda;1998;158049.5;76819.5;81230.0;71701.0;37228.5;34472.5;67177.5;33632.0;33545.5;9389.5;1779.0;7610.5;9781.5;4180.0;5601.5
3392;Totaal;Breda;1999;159828.5;77702.0;82126.5;73136.5;37932.5;35204.0;67264.0;33698.5;33565.5;9396.5;1787.5;7609.0;10031.5;4283.5;5748.0
3393;Totaal;Breda;2000;161461.5;78531.5;82930.0;74348.0;38574.5;35773.5;67456.5;33786.5;33670.0;9468.5;1803.5;7665.0;10188.5;4367.0;5821.5
3394;Totaal;Breda;2001;162867.5;79266.5;83601.0;75423.5;39138.5;36285.0;67531.5;33825.0;33706.5;9430.5;1805.5;7625.0;10482.0;4497.5;5984.5
3395;Totaal;Breda;2002;163912.0;79664.5;84247.5;76439.0;39529.5;36909.5;67406.5;33765.5;33641.0;9379.5;1803.0;7576.5;10687.0;4566.5;6120.5
3396;Totaal;Breda;2003;165216.0;80189.5;85026.5;77756.5;40087.0;37669.5;67293.5;33700.5;33593.0;9345.5;1809.0;7536.5;10820.5;4593.0;6227.5
3397;Totaal;Breda;2004;167044.5;81103.0;85941.5;79418.5;40926.5;38492.0;67298.0;33689.5;33608.5;9317.5;1815.0;7502.5;11010.5;4672.0;6338.5
3398;Totaal;Breda;2005;168881.5;81983.5;86898.0;81256.0;41809.5;39446.5;67140.0;33601.0;33539.0;9250.5;1800.0;7450.5;11235.0;4773.0;6462.0
3399;Totaal;Breda;2006;170029.0;82537.0;87492.0;82584.5;42459.5;40125.0;66723.5;33393.0;33330.5;9213.5;1800.5;7413.0;11507.5;4884.0;6623.5
3400;Totaal;Breda;2007;170654.5;82940.0;87714.5;83570.5;43000.0;40570.5;66110.5;33101.0;33009.5;9186.5;1836.0;7350.5;11787.0;5003.0;6784.0
3401;Totaal;Breda;2008;171438.0;83417.0;88021.0;84723.5;43606.5;41117.0;65578.5;32850.0;32728.5;9111.0;1849.5;7261.5;12025.0;5111.0;6914.0
3402;Totaal;Breda;2009;172607.5;84061.5;88546.0;85799.0;44192.5;41606.5;65352.0;32733.5;32618.5;9037.0;1847.5;7189.5;12419.5;5288.0;7131.5
3403;Totaal;Breda;2010;173949.0;84726.5;89222.5;86911.0;44735.5;42175.5;65264.5;32688.5;32576.0;9033.0;1877.5;7155.5;12740.5;5425.0;7315.5
3404;Totaal;Breda;2011;175500.0;85491.5;90008.5;88347.5;45461.5;42886.0;65208.5;32661.5;32547.0;9050.5;1907.0;7143.5;12893.5;5461.5;7432.0
3405;Totaal;Breda;2012;177270.5;86503.5;90767.0;89933.5;46379.5;43554.0;65132.0;32616.5;32515.5;9041.0;1945.5;7095.5;13164.0;5562.0;7602.0
3406;Totaal;Breda;2013;178881.5;87412.5;91469.0;91528.5;47251.5;44277.0;64869.0;32482.0;32387.0;9024.0;1982.5;7041.5;13460.0;5696.5;7763.5
3407;Totaal;Breda;2014;180280.0;88207.5;92072.5;92957.5;48043.5;44914.0;64531.0;32317.0;32214.0;9006.5;2010.0;6996.5;13785.0;5837.0;7948.0
3408;Totaal;Breda;2015;181274.0;88855.5;92418.5;94091.0;48745.5;45345.5;64176.5;32137.5;32039.0;8970.5;2039.5;6931.0;14036.0;5933.0;8103.0
3409;Totaal;Breda;2016;181957.5;89342.5;92615.0;94970.5;49315.5;45655.0;63867.5;31973.5;31894.0;8929.5;2068.0;6861.5;14190.0;5985.5;8204.5
3410;Totaal;Brederwiede;1995;12062.5;6099.0;5963.5;4927.5;2752.5;2175.0;6165.5;3079.5;3086.0;712.0;143.0;569.0;257.5;124.0;133.5
3411;Totaal;Brederwiede;1996;12168.5;6136.5;6032.0;4946.5;2746.0;2200.5;6227.5;3112.0;3115.5;705.5;142.0;563.5;289.0;136.5;152.5
3412;Totaal;Brederwiede;1997;12265.5;6174.5;6091.0;4972.0;2751.0;2221.0;6278.5;3141.0;3137.5;705.0;140.0;565.0;310.0;142.5;167.5
3413;Totaal;Brederwiede;1998;12366.5;6227.0;6139.5;4983.5;2759.0;2224.5;6360.5;3182.0;3178.5;705.5;141.5;564.0;317.0;144.5;172.5
3414;Totaal;Brederwiede;1999;12469.0;6275.5;6193.5;4986.0;2764.0;2222.0;6447.0;3225.0;3222.0;713.5;142.5;571.0;322.5;144.0;178.5
3415;Totaal;Brederwiede;2000;12585.5;6313.0;6272.5;5033.5;2774.0;2259.5;6484.5;3243.0;3241.5;727.5;144.0;583.5;340.0;152.0;188.0
3416;Totaal;Brederwiede;2001;;;;;;;;;;;;;;;
3417;Totaal;Brederwiede;2002;;;;;;;;;;;;;;;
3418;Totaal;Brederwiede;2003;;;;;;;;;;;;;;;
3419;Totaal;Brederwiede;2004;;;;;;;;;;;;;;;
3420;Totaal;Brederwiede;2005;;;;;;;;;;;;;;;
3421;Totaal;Brederwiede;2006;;;;;;;;;;;;;;;
3422;Totaal;Brederwiede;2007;;;;;;;;;;;;;;;
3423;Totaal;Brederwiede;2008;;;;;;;;;;;;;;;
3424;Totaal;Brederwiede;2009;;;;;;;;;;;;;;;
3425;Totaal;Brederwiede;2010;;;;;;;;;;;;;;;
3426;Totaal;Brederwiede;2011;;;;;;;;;;;;;;;
3427;Totaal;Brederwiede;2012;;;;;;;;;;;;;;;
3428;Totaal;Brederwiede;2013;;;;;;;;;;;;;;;
3429;Totaal;Brederwiede;2014;;;;;;;;;;;;;;;
3430;Totaal;Brederwiede;2015;;;;;;;;;;;;;;;
3431;Totaal;Brederwiede;2016;;;;;;;;;;;;;;;
3432;Totaal;Breukelen;1995;13823.0;6842.0;6981.0;6033.0;3210.5;2822.5;6560.0;3284.0;3276.0;718.0;129.5;588.5;512.0;218.0;294.0
3433;Totaal;Breukelen;1996;13926.0;6862.0;7064.0;6091.5;3216.5;2875.0;6578.5;3293.0;3285.5;730.5;135.0;595.5;525.5;217.5;308.0
3434;Totaal;Breukelen;1997;13986.5;6878.5;7108.0;6101.5;3219.5;2882.0;6607.0;3303.0;3304.0;742.5;141.0;601.5;535.5;215.0;320.5
3435;Totaal;Breukelen;1998;14103.0;6944.5;7158.5;6150.0;3257.5;2892.5;6637.5;3322.5;3315.0;753.0;143.0;610.0;562.5;221.5;341.0
3436;Totaal;Breukelen;1999;14191.5;7004.0;7187.5;6184.0;3283.0;2901.0;6665.0;3342.0;3323.0;759.5;144.0;615.5;583.0;235.0;348.0
3437;Totaal;Breukelen;2000;14232.5;7026.5;7206.0;6205.5;3290.5;2915.0;6667.5;3342.5;3325.0;756.0;141.5;614.5;603.5;252.0;351.5
3438;Totaal;Breukelen;2001;14255.5;7009.5;7246.0;6248.5;3289.5;2959.0;6622.5;3318.0;3304.5;754.0;140.5;613.5;630.5;261.5;369.0
3439;Totaal;Breukelen;2002;14336.0;7043.5;7292.5;6319.0;3328.0;2991.0;6615.5;3313.5;3302.0;755.0;138.0;617.0;646.5;264.0;382.5
3440;Totaal;Breukelen;2003;14436.5;7109.5;7327.0;6391.0;3386.0;3005.0;6616.5;3313.5;3303.0;753.0;133.5;619.5;676.0;276.5;399.5
3441;Totaal;Breukelen;2004;14436.5;7099.5;7337.0;6408.5;3385.5;3023.0;6575.5;3293.0;3282.5;754.0;132.0;622.0;698.5;289.0;409.5
3442;Totaal;Breukelen;2005;14493.5;7127.5;7366.0;6453.0;3407.5;3045.5;6552.5;3281.0;3271.5;774.0;136.5;637.5;714.0;302.5;411.5
3443;Totaal;Breukelen;2006;14600.5;7179.5;7421.0;6533.5;3451.0;3082.5;6532.0;3265.5;3266.5;802.5;149.5;653.0;732.5;313.5;419.0
3444;Totaal;Breukelen;2007;14652.0;7200.5;7451.5;6605.0;3490.0;3115.0;6483.5;3239.0;3244.5;810.0;156.0;654.0;753.5;315.5;438.0
3445;Totaal;Breukelen;2008;14665.5;7216.0;7449.5;6659.5;3526.5;3133.0;6422.5;3210.0;3212.5;803.5;156.5;647.0;780.0;323.0;457.0
3446;Totaal;Breukelen;2009;14635.5;7218.0;7417.5;6662.5;3537.0;3125.5;6355.0;3174.5;3180.5;799.5;164.5;635.0;818.5;342.0;476.5
3447;Totaal;Breukelen;2010;14675.0;7254.0;7421.0;6677.0;3558.0;3119.0;6322.0;3156.5;3165.5;812.0;177.5;634.5;864.0;362.0;502.0
3448;Totaal;Breukelen;2011;;;;;;;;;;;;;;;
3449;Totaal;Breukelen;2012;;;;;;;;;;;;;;;
3450;Totaal;Breukelen;2013;;;;;;;;;;;;;;;
3451;Totaal;Breukelen;2014;;;;;;;;;;;;;;;
3452;Totaal;Breukelen;2015;;;;;;;;;;;;;;;
3453;Totaal;Breukelen;2016;;;;;;;;;;;;;;;
3454;Totaal;Brielle;1995;15716.5;7774.0;7942.5;5928.0;3164.5;2763.5;8289.0;4155.5;4133.5;828.5;149.0;679.5;671.0;305.0;366.0
3455;Totaal;Brielle;1996;15782.0;7813.0;7969.0;5982.0;3199.0;2783.0;8284.0;4148.0;4136.0;815.5;149.5;666.0;700.5;316.5;384.0
3456;Totaal;Brielle;1997;15793.5;7812.5;7981.0;6013.5;3214.0;2799.5;8252.0;4131.0;4121.0;797.0;143.5;653.5;731.0;324.0;407.0
3457;Totaal;Brielle;1998;15818.5;7811.5;8007.0;6044.0;3221.5;2822.5;8217.5;4111.5;4106.0;780.0;136.0;644.0;777.0;342.5;434.5
3458;Totaal;Brielle;1999;15832.0;7823.0;8009.0;6078.5;3244.5;2834.0;8170.5;4084.5;4086.0;794.5;141.5;653.0;788.5;352.5;436.0
3459;Totaal;Brielle;2000;15917.0;7876.5;8040.5;6143.0;3287.5;2855.5;8145.5;4073.5;4072.0;827.5;152.5;675.0;801.0;363.0;438.0
3460;Totaal;Brielle;2001;15983.0;7901.0;8082.0;6206.0;3313.5;2892.5;8095.0;4053.0;4042.0;836.5;157.0;679.5;845.5;377.5;468.0
3461;Totaal;Brielle;2002;16000.0;7895.0;8105.0;6244.0;3326.0;2918.0;8009.5;4010.0;3999.5;848.0;163.0;685.0;898.5;396.0;502.5
3462;Totaal;Brielle;2003;15973.5;7888.5;8085.0;6264.0;3345.0;2919.0;7915.0;3964.5;3950.5;858.0;168.5;689.5;936.5;410.5;526.0
3463;Totaal;Brielle;2004;15989.5;7916.0;8073.5;6308.0;3385.5;2922.5;7880.0;3950.5;3929.5;849.0;163.5;685.5;952.5;416.5;536.0
3464;Totaal;Brielle;2005;16010.5;7928.5;8082.0;6347.5;3414.5;2933.0;7855.0;3937.0;3918.0;844.0;159.5;684.5;964.0;417.5;546.5
3465;Totaal;Brielle;2006;15954.0;7907.5;8046.5;6357.5;3424.0;2933.5;7781.5;3899.5;3882.0;837.0;159.5;677.5;978.0;424.5;553.5
3466;Totaal;Brielle;2007;15840.0;7858.5;7981.5;6320.5;3410.5;2910.0;7707.0;3861.5;3845.5;824.0;157.0;667.0;988.5;429.5;559.0
3467;Totaal;Brielle;2008;15679.5;7767.0;7912.5;6253.0;3368.0;2885.0;7609.0;3813.5;3795.5;820.0;157.5;662.5;997.5;428.0;569.5
3468;Totaal;Brielle;2009;15678.0;7792.5;7885.5;6267.0;3402.0;2865.0;7528.0;3770.0;3758.0;818.5;160.5;658.0;1064.5;460.0;604.5
3469;Totaal;Brielle;2010;15868.5;7911.5;7957.0;6337.0;3478.5;2858.5;7550.0;3778.0;3772.0;832.0;157.5;674.5;1149.5;497.5;652.0
3470;Totaal;Brielle;2011;16025.0;7937.0;8088.0;6336.5;3454.0;2882.5;7627.0;3817.5;3809.5;857.0;153.0;704.0;1204.5;512.5;692.0
3471;Totaal;Brielle;2012;16196.0;7957.5;8238.5;6373.0;3425.0;2948.0;7669.0;3837.5;3831.5;890.5;164.5;726.0;1263.5;530.5;733.0
3472;Totaal;Brielle;2013;16316.0;7996.0;8320.0;6438.0;3447.0;2991.0;7665.5;3828.5;3837.0;910.5;176.5;734.0;1302.0;544.0;758.0
3473;Totaal;Brielle;2014;16389.5;8025.5;8364.0;6511.0;3483.5;3027.5;7618.0;3802.0;3816.0;921.0;179.0;742.0;1339.5;561.0;778.5
3474;Totaal;Brielle;2015;16553.5;8111.5;8442.0;6607.5;3531.5;3076.0;7616.0;3804.0;3812.0;932.0;181.0;751.0;1398.0;595.0;803.0
3475;Totaal;Brielle;2016;16736.5;8211.5;8525.0;6709.5;3584.0;3125.5;7655.0;3825.5;3829.5;944.0;191.0;753.0;1428.0;611.0;817.0
3476;Totaal;Broekhuizen;1995;1896.5;972.5;924.0;826.0;466.5;359.5;946.5;473.0;473.5;78.0;10.0;68.0;46.0;23.0;23.0
3477;Totaal;Broekhuizen;1996;1913.5;983.0;930.5;829.0;468.5;360.5;954.0;477.0;477.0;79.5;13.0;66.5;51.0;24.5;26.5
3478;Totaal;Broekhuizen;1997;1929.0;993.0;936.0;836.0;473.0;363.0;953.5;477.0;476.5;84.5;16.5;68.0;55.0;26.5;28.5
3479;Totaal;Broekhuizen;1998;1924.5;988.5;936.0;826.0;465.0;361.0;950.0;476.0;474.0;86.0;17.5;68.5;62.5;30.0;32.5
3480;Totaal;Broekhuizen;1999;1920.0;987.0;933.0;814.0;457.0;357.0;951.5;477.5;474.0;88.5;19.0;69.5;66.0;33.5;32.5
3481;Totaal;Broekhuizen;2000;1912.5;991.5;921.0;809.5;457.5;352.0;952.0;478.5;473.5;89.0;20.5;68.5;62.0;35.0;27.0
3482;Totaal;Broekhuizen;2001;;;;;;;;;;;;;;;
3483;Totaal;Broekhuizen;2002;;;;;;;;;;;;;;;
3484;Totaal;Broekhuizen;2003;;;;;;;;;;;;;;;
3485;Totaal;Broekhuizen;2004;;;;;;;;;;;;;;;
3486;Totaal;Broekhuizen;2005;;;;;;;;;;;;;;;
3487;Totaal;Broekhuizen;2006;;;;;;;;;;;;;;;
3488;Totaal;Broekhuizen;2007;;;;;;;;;;;;;;;
3489;Totaal;Broekhuizen;2008;;;;;;;;;;;;;;;
3490;Totaal;Broekhuizen;2009;;;;;;;;;;;;;;;
3491;Totaal;Broekhuizen;2010;;;;;;;;;;;;;;;
3492;Totaal;Broekhuizen;2011;;;;;;;;;;;;;;;
3493;Totaal;Broekhuizen;2012;;;;;;;;;;;;;;;
3494;Totaal;Broekhuizen;2013;;;;;;;;;;;;;;;
3495;Totaal;Broekhuizen;2014;;;;;;;;;;;;;;;
3496;Totaal;Broekhuizen;2015;;;;;;;;;;;;;;;
3497;Totaal;Broekhuizen;2016;;;;;;;;;;;;;;;
3498;Totaal;Bronckhorst;1995;;;;;;;;;;;;;;;
3499;Totaal;Bronckhorst;1996;;;;;;;;;;;;;;;
3500;Totaal;Bronckhorst;1997;;;;;;;;;;;;;;;
3501;Totaal;Bronckhorst;1998;;;;;;;;;;;;;;;
3502;Totaal;Bronckhorst;1999;;;;;;;;;;;;;;;
3503;Totaal;Bronckhorst;2000;;;;;;;;;;;;;;;
3504;Totaal;Bronckhorst;2001;;;;;;;;;;;;;;;
3505;Totaal;Bronckhorst;2002;;;;;;;;;;;;;;;
3506;Totaal;Bronckhorst;2003;;;;;;;;;;;;;;;
3507;Totaal;Bronckhorst;2004;;;;;;;;;;;;;;;
3508;Totaal;Bronckhorst;2005;37658.0;18719.0;18939.0;15278.0;8354.0;6924.0;18639.0;9317.0;9322.0;2517.5;485.5;2032.0;1223.5;562.5;661.0
3509;Totaal;Bronckhorst;2006;37744.0;18752.0;18992.0;15394.5;8404.0;6990.5;18528.5;9259.5;9269.0;2541.0;499.5;2041.5;1280.0;589.0;691.0
3510;Totaal;Bronckhorst;2007;37810.5;18769.5;19041.0;15508.0;8446.5;7061.5;18429.0;9211.5;9217.5;2547.0;503.5;2043.5;1326.5;608.0;718.5
3511;Totaal;Bronckhorst;2008;37865.0;18765.5;19099.5;15562.5;8453.5;7109.0;18379.0;9188.0;9191.0;2549.0;506.0;2043.0;1374.5;618.0;756.5
3512;Totaal;Bronckhorst;2009;37824.0;18740.0;19084.0;15523.0;8436.5;7086.5;18247.0;9118.0;9129.0;2583.5;526.5;2057.0;1470.5;659.0;811.5
3513;Totaal;Bronckhorst;2010;37714.0;18710.0;19004.0;15485.5;8433.5;7052.0;18039.5;9013.0;9026.5;2613.5;547.5;2066.0;1575.5;716.0;859.5
3514;Totaal;Bronckhorst;2011;37559.0;18652.0;18907.0;15479.0;8430.5;7048.5;17836.0;8913.0;8923.0;2613.0;561.0;2052.0;1631.0;747.5;883.5
3515;Totaal;Bronckhorst;2012;37328.5;18537.0;18791.5;15405.5;8376.5;7029.0;17635.0;8811.5;8823.5;2606.0;574.5;2031.5;1682.0;774.5;907.5
3516;Totaal;Bronckhorst;2013;37074.0;18424.0;18650.0;15328.0;8329.0;6999.0;17413.0;8701.0;8712.0;2586.5;585.0;2001.5;1746.5;809.0;937.5
3517;Totaal;Bronckhorst;2014;36829.0;18322.5;18506.5;15252.5;8297.5;6955.0;17194.5;8593.5;8601.0;2563.0;591.5;1971.5;1819.0;840.0;979.0
3518;Totaal;Bronckhorst;2015;36618.0;18235.5;18382.5;15202.0;8285.0;6917.0;16993.5;8495.5;8498.0;2529.0;589.0;1940.0;1893.5;866.0;1027.5
3519;Totaal;Bronckhorst;2016;36460.0;18174.0;18286.0;15143.0;8252.0;6891.0;16841.0;8421.0;8420.0;2493.0;598.0;1895.0;1983.0;903.0;1080.0
3520;Totaal;Brouwershaven;1995;3858.5;1938.0;1920.5;1412.0;777.0;635.0;2050.5;1026.5;1024.0;230.5;45.5;185.0;165.5;89.0;76.5
3521;Totaal;Brouwershaven;1996;3915.0;1971.5;1943.5;1432.0;795.0;637.0;2070.5;1037.0;1033.5;232.5;46.0;186.5;180.0;93.5;86.5
3522;Totaal;Brouwershaven;1997;;;;;;;;;;;;;;;
3523;Totaal;Brouwershaven;1998;;;;;;;;;;;;;;;
3524;Totaal;Brouwershaven;1999;;;;;;;;;;;;;;;
3525;Totaal;Brouwershaven;2000;;;;;;;;;;;;;;;
3526;Totaal;Brouwershaven;2001;;;;;;;;;;;;;;;
3527;Totaal;Brouwershaven;2002;;;;;;;;;;;;;;;
3528;Totaal;Brouwershaven;2003;;;;;;;;;;;;;;;
3529;Totaal;Brouwershaven;2004;;;;;;;;;;;;;;;
3530;Totaal;Brouwershaven;2005;;;;;;;;;;;;;;;
3531;Totaal;Brouwershaven;2006;;;;;;;;;;;;;;;
3532;Totaal;Brouwershaven;2007;;;;;;;;;;;;;;;
3533;Totaal;Brouwershaven;2008;;;;;;;;;;;;;;;
3534;Totaal;Brouwershaven;2009;;;;;;;;;;;;;;;
3535;Totaal;Brouwershaven;2010;;;;;;;;;;;;;;;
3536;Totaal;Brouwershaven;2011;;;;;;;;;;;;;;;
3537;Totaal;Brouwershaven;2012;;;;;;;;;;;;;;;
3538;Totaal;Brouwershaven;2013;;;;;;;;;;;;;;;
3539;Totaal;Brouwershaven;2014;;;;;;;;;;;;;;;
3540;Totaal;Brouwershaven;2015;;;;;;;;;;;;;;;
3541;Totaal;Brouwershaven;2016;;;;;;;;;;;;;;;
3542;Totaal;Bruinisse;1995;3629.0;1795.0;1834.0;1380.5;764.0;616.5;1871.0;937.5;933.5;280.5;46.5;234.0;97.0;47.0;50.0
3543;Totaal;Bruinisse;1996;3703.0;1822.0;1881.0;1401.0;769.5;631.5;1923.5;961.5;962.0;278.5;43.0;235.5;100.0;48.0;52.0
3544;Totaal;Bruinisse;1997;;;;;;;;;;;;;;;
3545;Totaal;Bruinisse;1998;;;;;;;;;;;;;;;
3546;Totaal;Bruinisse;1999;;;;;;;;;;;;;;;
3547;Totaal;Bruinisse;2000;;;;;;;;;;;;;;;
3548;Totaal;Bruinisse;2001;;;;;;;;;;;;;;;
3549;Totaal;Bruinisse;2002;;;;;;;;;;;;;;;
3550;Totaal;Bruinisse;2003;;;;;;;;;;;;;;;
3551;Totaal;Bruinisse;2004;;;;;;;;;;;;;;;
3552;Totaal;Bruinisse;2005;;;;;;;;;;;;;;;
3553;Totaal;Bruinisse;2006;;;;;;;;;;;;;;;
3554;Totaal;Bruinisse;2007;;;;;;;;;;;;;;;
3555;Totaal;Bruinisse;2008;;;;;;;;;;;;;;;
3556;Totaal;Bruinisse;2009;;;;;;;;;;;;;;;
3557;Totaal;Bruinisse;2010;;;;;;;;;;;;;;;
3558;Totaal;Bruinisse;2011;;;;;;;;;;;;;;;
3559;Totaal;Bruinisse;2012;;;;;;;;;;;;;;;
3560;Totaal;Bruinisse;2013;;;;;;;;;;;;;;;
3561;Totaal;Bruinisse;2014;;;;;;;;;;;;;;;
3562;Totaal;Bruinisse;2015;;;;;;;;;;;;;;;
3563;Totaal;Bruinisse;2016;;;;;;;;;;;;;;;
3564;Totaal;Brummen;1995;21010.5;10528.5;10482.0;8300.5;4594.0;3706.5;10936.5;5464.0;5472.5;1203.0;225.0;978.0;570.5;245.5;325.0
3565;Totaal;Brummen;1996;21223.5;10612.5;10611.0;8401.5;4635.5;3766.0;10991.5;5489.0;5502.5;1225.5;226.0;999.5;605.0;262.0;343.0
3566;Totaal;Brummen;1997;21444.5;10698.0;10746.5;8522.5;4678.5;3844.0;11051.0;5523.5;5527.5;1229.5;222.5;1007.0;641.5;273.5;368.0
3567;Totaal;Brummen;1998;21461.5;10696.5;10765.0;8540.0;4670.0;3870.0;11029.0;5512.0;5517.0;1207.5;223.0;984.5;685.0;291.5;393.5
3568;Totaal;Brummen;1999;21484.0;10707.5;10776.5;8538.5;4672.5;3866.0;11037.0;5507.0;5530.0;1201.5;224.0;977.5;707.0;304.0;403.0
3569;Totaal;Brummen;2000;21570.5;10757.5;10813.0;8569.5;4698.0;3871.5;11055.5;5517.0;5538.5;1212.5;223.5;989.0;733.0;319.0;414.0
3570;Totaal;Brummen;2001;21603.0;10763.5;10839.5;8607.5;4709.0;3898.5;11005.0;5494.5;5510.5;1216.5;224.5;992.0;774.0;335.5;438.5
3571;Totaal;Brummen;2002;21608.5;10751.5;10857.0;8653.5;4723.0;3930.5;10923.0;5452.5;5470.5;1225.5;231.0;994.5;806.5;345.0;461.5
3572;Totaal;Brummen;2003;21538.5;10712.5;10826.0;8644.5;4711.5;3933.0;10837.5;5409.0;5428.5;1235.0;241.5;993.5;821.5;350.5;471.0
3573;Totaal;Brummen;2004;21438.0;10662.5;10775.5;8598.0;4682.5;3915.5;10745.5;5361.5;5384.0;1247.5;251.0;996.5;847.0;367.5;479.5
3574;Totaal;Brummen;2005;21394.0;10636.0;10758.0;8572.5;4665.5;3907.0;10691.5;5333.5;5358.0;1259.0;253.0;1006.0;871.0;384.0;487.0
3575;Totaal;Brummen;2006;21307.0;10575.5;10731.5;8535.0;4634.5;3900.5;10612.0;5292.5;5319.5;1283.0;261.0;1022.0;877.0;387.5;489.5
3576;Totaal;Brummen;2007;21214.5;10507.5;10707.0;8491.0;4603.5;3887.5;10515.5;5243.0;5272.5;1308.5;271.5;1037.0;899.5;389.5;510.0
3577;Totaal;Brummen;2008;21179.5;10478.0;10701.5;8473.5;4592.5;3881.0;10442.0;5205.0;5237.0;1322.0;280.0;1042.0;942.0;400.5;541.5
3578;Totaal;Brummen;2009;21149.0;10455.0;10694.0;8471.0;4589.0;3882.0;10353.0;5160.0;5193.0;1325.5;285.0;1040.5;999.5;421.0;578.5
3579;Totaal;Brummen;2010;21179.0;10452.5;10726.5;8505.5;4598.0;3907.5;10283.5;5126.5;5157.0;1326.5;282.0;1044.5;1063.5;446.0;617.5
3580;Totaal;Brummen;2011;21273.0;10492.5;10780.5;8561.0;4623.0;3938.0;10255.5;5114.5;5141.0;1344.0;285.0;1059.0;1112.5;470.0;642.5
3581;Totaal;Brummen;2012;21286.0;10509.5;10776.5;8571.0;4634.0;3937.0;10214.5;5096.0;5118.5;1347.0;292.5;1054.5;1153.5;487.0;666.5
3582;Totaal;Brummen;2013;21211.0;10487.0;10724.0;8536.5;4621.0;3915.5;10121.5;5051.5;5070.0;1340.5;305.0;1035.5;1212.5;509.5;703.0
3583;Totaal;Brummen;2014;21080.0;10424.0;10656.0;8455.0;4579.0;3876.0;9996.5;4991.0;5005.5;1354.5;315.0;1039.5;1274.0;539.0;735.0
3584;Totaal;Brummen;2015;20960.5;10353.5;10607.0;8384.0;4527.5;3856.5;9892.5;4943.0;4949.5;1365.5;320.5;1045.0;1318.5;562.5;756.0
3585;Totaal;Brummen;2016;20890.5;10307.5;10583.0;8357.0;4499.5;3857.5;9825.0;4904.0;4921.0;1362.5;322.0;1040.5;1346.0;582.0;764.0
3586;Totaal;Brunssum;1995;30602.5;15005.0;15597.5;11314.5;6192.5;5122.0;15159.5;7566.5;7593.0;2286.5;400.0;1886.5;1842.0;846.0;996.0
3587;Totaal;Brunssum;1996;30800.5;15076.5;15724.0;11434.0;6235.0;5199.0;15134.5;7558.0;7576.5;2314.0;403.0;1911.0;1918.0;880.5;1037.5
3588;Totaal;Brunssum;1997;30559.0;14953.0;15606.0;11335.5;6171.5;5164.0;14977.0;7474.0;7503.0;2282.0;406.5;1875.5;1964.5;901.0;1063.5
3589;Totaal;Brunssum;1998;30267.5;14808.5;15459.0;11178.0;6091.0;5087.0;14832.0;7395.5;7436.5;2242.5;407.0;1835.5;2015.0;915.0;1100.0
3590;Totaal;Brunssum;1999;30370.5;14832.5;15538.0;11279.0;6145.0;5134.0;14724.5;7343.0;7381.5;2280.0;404.0;1876.0;2087.0;940.5;1146.5
3591;Totaal;Brunssum;2000;30429.5;14847.0;15582.5;11435.0;6223.5;5211.5;14541.5;7255.0;7286.5;2299.5;403.0;1896.5;2153.5;965.5;1188.0
3592;Totaal;Brunssum;2001;30276.5;14767.5;15509.0;11414.0;6210.0;5204.0;14346.5;7166.0;7180.5;2301.5;405.5;1896.0;2214.5;986.0;1228.5
3593;Totaal;Brunssum;2002;30050.0;14658.5;15391.5;11335.5;6164.0;5171.5;14164.0;7078.5;7085.5;2287.0;409.5;1877.5;2263.5;1006.5;1257.0
3594;Totaal;Brunssum;2003;29768.5;14522.0;15246.5;11258.5;6121.5;5137.0;13949.5;6966.0;6983.5;2270.0;418.0;1852.0;2290.5;1016.5;1274.0
3595;Totaal;Brunssum;2004;29686.0;14465.5;15220.5;11341.5;6149.0;5192.5;13762.0;6873.0;6889.0;2263.0;419.0;1844.0;2319.5;1024.5;1295.0
3596;Totaal;Brunssum;2005;29700.0;14442.0;15258.0;11449.0;6177.5;5271.5;13619.0;6799.0;6820.0;2240.0;406.5;1833.5;2392.0;1059.0;1333.0
3597;Totaal;Brunssum;2006;29606.5;14385.5;15221.0;11433.5;6153.5;5280.0;13461.0;6720.0;6741.0;2248.0;412.0;1836.0;2464.0;1100.0;1364.0
3598;Totaal;Brunssum;2007;29666.0;14415.5;15250.5;11499.5;6187.5;5312.0;13385.0;6683.0;6702.0;2272.0;426.0;1846.0;2509.5;1119.0;1390.5
3599;Totaal;Brunssum;2008;29637.0;14412.0;15225.0;11522.5;6211.0;5311.5;13295.0;6637.0;6658.0;2274.5;433.0;1841.5;2545.0;1131.0;1414.0
3600;Totaal;Brunssum;2009;29490.0;14353.0;15137.0;11452.0;6181.5;5270.5;13173.0;6577.0;6596.0;2265.5;438.0;1827.5;2599.5;1156.5;1443.0
3601;Totaal;Brunssum;2010;29411.5;14319.0;15092.5;11417.0;6168.5;5248.5;13074.0;6524.5;6549.5;2264.5;443.5;1821.0;2656.0;1182.5;1473.5
3602;Totaal;Brunssum;2011;29287.0;14270.5;15016.5;11399.0;6159.5;5239.5;12926.0;6457.0;6469.0;2267.0;454.5;1812.5;2695.0;1199.5;1495.5
3603;Totaal;Brunssum;2012;29140.0;14187.0;14953.0;11351.0;6124.0;5227.0;12779.0;6386.0;6393.0;2262.5;457.5;1805.0;2747.5;1219.5;1528.0
3604;Totaal;Brunssum;2013;29019.5;14128.5;14891.0;11332.5;6119.5;5213.0;12666.0;6328.5;6337.5;2232.0;449.0;1783.0;2789.0;1231.5;1557.5
3605;Totaal;Brunssum;2014;28807.0;14052.0;14755.0;11319.0;6131.0;5188.0;12476.5;6234.0;6242.5;2193.5;447.0;1746.5;2818.0;1240.0;1578.0
3606;Totaal;Brunssum;2015;28552.0;13929.5;14622.5;11272.5;6099.5;5173.0;12240.5;6114.0;6126.5;2177.0;457.5;1719.5;2862.0;1258.5;1603.5
3607;Totaal;Brunssum;2016;28403.0;13872.0;14531.0;11258.5;6102.0;5156.5;12067.0;6027.0;6040.0;2171.5;469.5;1702.0;2906.0;1273.5;1632.5
3608;Totaal;Budel;1995;12394.0;6270.5;6123.5;4827.0;2688.5;2138.5;6490.5;3244.5;3246.0;630.5;123.5;507.0;446.0;214.0;232.0
3609;Totaal;Budel;1996;12411.0;6282.0;6129.0;4843.5;2704.5;2139.0;6456.5;3226.5;3230.0;643.0;129.5;513.5;468.0;221.5;246.5
3610;Totaal;Budel;1997;20159.0;10318.0;9841.0;7945.5;4525.5;3420.0;10507.5;5250.0;5257.5;976.0;205.0;771.0;730.0;337.5;392.5
3611;Totaal;Budel;1998;20221.5;10378.5;9843.0;7987.0;4574.5;3412.5;10485.0;5240.5;5244.5;997.0;210.5;786.5;752.5;353.0;399.5
3612;Totaal;Budel;1999;;;;;;;;;;;;;;;
3613;Totaal;Budel;2000;;;;;;;;;;;;;;;
3614;Totaal;Budel;2001;;;;;;;;;;;;;;;
3615;Totaal;Budel;2002;;;;;;;;;;;;;;;
3616;Totaal;Budel;2003;;;;;;;;;;;;;;;
3617;Totaal;Budel;2004;;;;;;;;;;;;;;;
3618;Totaal;Budel;2005;;;;;;;;;;;;;;;
3619;Totaal;Budel;2006;;;;;;;;;;;;;;;
3620;Totaal;Budel;2007;;;;;;;;;;;;;;;
3621;Totaal;Budel;2008;;;;;;;;;;;;;;;
3622;Totaal;Budel;2009;;;;;;;;;;;;;;;
3623;Totaal;Budel;2010;;;;;;;;;;;;;;;
3624;Totaal;Budel;2011;;;;;;;;;;;;;;;
3625;Totaal;Budel;2012;;;;;;;;;;;;;;;
3626;Totaal;Budel;2013;;;;;;;;;;;;;;;
3627;Totaal;Budel;2014;;;;;;;;;;;;;;;
3628;Totaal;Budel;2015;;;;;;;;;;;;;;;
3629;Totaal;Budel;2016;;;;;;;;;;;;;;;
3630;Totaal;Bunnik;1995;14133.5;7018.0;7115.5;5873.5;3115.0;2758.5;7266.5;3631.0;3635.5;560.5;97.5;463.0;433.0;174.5;258.5
3631;Totaal;Bunnik;1996;14127.5;7022.0;7105.5;5882.0;3133.0;2749.0;7207.5;3600.0;3607.5;576.5;102.5;474.0;461.5;186.5;275.0
3632;Totaal;Bunnik;1997;14056.5;6984.5;7072.0;5848.0;3117.5;2730.5;7141.0;3566.5;3574.5;587.0;109.5;477.5;480.5;191.0;289.5
3633;Totaal;Bunnik;1998;13972.0;6923.5;7048.5;5796.0;3081.0;2715.0;7090.5;3540.0;3550.5;591.0;113.5;477.5;494.5;189.0;305.5
3634;Totaal;Bunnik;1999;13927.0;6876.0;7051.0;5760.0;3058.0;2702.0;7066.0;3522.0;3544.0;601.5;112.5;489.0;499.5;183.5;316.0
3635;Totaal;Bunnik;2000;13845.0;6818.5;7026.5;5715.0;3027.5;2687.5;7009.5;3493.0;3516.5;621.5;115.5;506.0;499.0;182.5;316.5
3636;Totaal;Bunnik;2001;13809.5;6807.5;7002.0;5707.0;3021.0;2686.0;6955.0;3465.0;3490.0;628.0;123.5;504.5;519.5;198.0;321.5
3637;Totaal;Bunnik;2002;13978.0;6914.0;7064.0;5842.0;3103.5;2738.5;6957.5;3466.0;3491.5;626.5;125.5;501.0;552.0;219.0;333.0
3638;Totaal;Bunnik;2003;14099.0;6992.0;7107.0;5930.0;3158.0;2772.0;6965.0;3474.5;3490.5;633.5;126.0;507.5;570.5;233.5;337.0
3639;Totaal;Bunnik;2004;14112.0;6991.0;7121.0;5930.5;3152.0;2778.5;6943.5;3463.5;3480.0;657.5;133.5;524.0;580.5;242.0;338.5
3640;Totaal;Bunnik;2005;14185.5;7005.5;7180.0;5993.0;3171.5;2821.5;6915.0;3449.5;3465.5;678.0;136.0;542.0;599.5;248.5;351.0
3641;Totaal;Bunnik;2006;14197.0;7003.5;7193.5;6021.5;3180.0;2841.5;6861.0;3424.0;3437.0;689.5;139.5;550.0;625.0;260.0;365.0
3642;Totaal;Bunnik;2007;14209.0;7014.0;7195.0;6051.0;3201.5;2849.5;6807.5;3397.0;3410.5;716.0;148.0;568.0;634.5;267.5;367.0
3643;Totaal;Bunnik;2008;14332.5;7074.0;7258.5;6139.0;3253.0;2886.0;6814.5;3400.5;3414.0;732.0;150.0;582.0;647.0;270.5;376.5
3644;Totaal;Bunnik;2009;14433.0;7118.5;7314.5;6203.0;3280.5;2922.5;6801.5;3395.0;3406.5;738.5;151.5;587.0;690.0;291.5;398.5
3645;Totaal;Bunnik;2010;14448.0;7131.0;7317.0;6237.5;3299.0;2938.5;6736.0;3362.5;3373.5;744.5;156.0;588.5;730.0;313.5;416.5
3646;Totaal;Bunnik;2011;14444.0;7136.5;7307.5;6253.0;3314.5;2938.5;6686.5;3336.5;3350.0;748.5;160.5;588.0;756.0;325.0;431.0
3647;Totaal;Bunnik;2012;14507.0;7167.5;7339.5;6297.0;3339.0;2958.0;6674.0;3332.5;3341.5;757.0;161.0;596.0;779.0;335.0;444.0
3648;Totaal;Bunnik;2013;14594.5;7213.5;7381.0;6374.5;3384.0;2990.5;6661.0;3324.0;3337.0;766.0;164.5;601.5;793.0;341.0;452.0
3649;Totaal;Bunnik;2014;14644.0;7238.5;7405.5;6411.0;3407.0;3004.0;6654.5;3319.5;3335.0;778.5;173.5;605.0;800.0;338.5;461.5
3650;Totaal;Bunnik;2015;14717.5;7274.0;7443.5;6455.0;3429.0;3026.0;6654.5;3322.5;3332.0;788.0;178.5;609.5;820.0;344.0;476.0
3651;Totaal;Bunnik;2016;14964.5;7404.5;7560.0;6634.0;3523.5;3110.5;6684.5;3338.5;3346.0;794.0;180.5;613.5;852.0;362.0;490.0
3652;Totaal;Bunschoten;1995;19179.0;9692.5;9486.5;8697.5;4676.5;4021.0;9470.5;4736.5;4734.0;664.5;125.5;539.0;346.5;154.0;192.5
3653;Totaal;Bunschoten;1996;19206.0;9693.5;9512.5;8651.0;4652.0;3999.0;9506.5;4753.5;4753.0;684.5;124.0;560.5;364.0;164.0;200.0
3654;Totaal;Bunschoten;1997;19183.5;9683.0;9500.5;8558.5;4610.0;3948.5;9549.5;4775.0;4774.5;696.5;126.5;570.0;379.0;171.5;207.5
3655;Totaal;Bunschoten;1998;19128.0;9650.0;9478.0;8430.0;4547.0;3883.0;9603.5;4804.0;4799.5;707.5;127.5;580.0;387.0;171.5;215.5
3656;Totaal;Bunschoten;1999;19096.0;9632.0;9464.0;8383.0;4526.5;3856.5;9580.0;4791.0;4789.0;717.0;131.5;585.5;416.0;183.0;233.0
3657;Totaal;Bunschoten;2000;19187.5;9674.5;9513.0;8428.0;4558.0;3870.0;9593.5;4795.0;4798.5;730.0;135.0;595.0;436.0;186.5;249.5
3658;Totaal;Bunschoten;2001;19293.5;9718.0;9575.5;8469.5;4580.0;3889.5;9644.0;4821.0;4823.0;744.0;139.0;605.0;436.0;178.0;258.0
3659;Totaal;Bunschoten;2002;19361.5;9752.5;9609.0;8490.5;4590.5;3900.0;9685.0;4843.0;4842.0;743.5;141.5;602.0;442.5;177.5;265.0
3660;Totaal;Bunschoten;2003;19423.0;9776.5;9646.5;8486.5;4583.5;3903.0;9729.0;4863.0;4866.0;741.5;141.0;600.5;466.0;189.0;277.0
3661;Totaal;Bunschoten;2004;19468.5;9779.5;9689.0;8487.0;4559.0;3928.0;9718.5;4857.0;4861.5;748.5;146.0;602.5;514.5;217.5;297.0
3662;Totaal;Bunschoten;2005;19477.5;9776.5;9701.0;8465.0;4539.5;3925.5;9693.0;4843.5;4849.5;761.5;151.0;610.5;558.0;242.5;315.5
3663;Totaal;Bunschoten;2006;19471.5;9777.0;9694.5;8396.0;4515.5;3880.5;9719.5;4857.5;4862.0;770.0;149.5;620.5;586.0;254.5;331.5
3664;Totaal;Bunschoten;2007;19543.0;9817.5;9725.5;8359.0;4506.0;3853.0;9795.0;4897.5;4897.5;772.5;145.5;627.0;616.5;268.5;348.0
3665;Totaal;Bunschoten;2008;19682.0;9891.5;9790.5;8355.5;4508.5;3847.0;9911.5;4957.0;4954.5;774.5;146.5;628.0;640.5;279.5;361.0
3666;Totaal;Bunschoten;2009;19876.5;9978.5;9898.0;8412.5;4526.5;3886.0;10018.5;5010.5;5008.0;774.0;148.5;625.5;671.5;293.0;378.5
3667;Totaal;Bunschoten;2010;20055.5;10057.0;9998.5;8493.0;4558.0;3935.0;10086.0;5044.0;5042.0;774.5;147.0;627.5;702.0;308.0;394.0
3668;Totaal;Bunschoten;2011;20155.5;10100.0;10055.5;8516.5;4564.0;3952.5;10127.5;5065.5;5062.0;792.0;151.0;641.0;719.5;319.5;400.0
3669;Totaal;Bunschoten;2012;20258.0;10150.0;10108.0;8517.5;4563.0;3954.5;10184.0;5093.0;5091.0;808.5;157.5;651.0;748.0;336.5;411.5
3670;Totaal;Bunschoten;2013;20404.0;10222.5;10181.5;8568.0;4588.0;3980.0;10225.0;5114.5;5110.5;821.0;164.5;656.5;790.0;355.5;434.5
3671;Totaal;Bunschoten;2014;20569.5;10292.0;10277.5;8656.5;4627.5;4029.0;10243.5;5123.0;5120.5;833.5;167.0;666.5;836.0;374.5;461.5
3672;Totaal;Bunschoten;2015;20735.0;10358.0;10377.0;8723.0;4655.0;4068.0;10299.0;5146.5;5152.5;834.5;163.0;671.5;878.5;393.5;485.0
3673;Totaal;Bunschoten;2016;20921.5;10444.0;10477.5;8793.5;4687.0;4106.5;10368.5;5180.5;5188.0;842.5;167.0;675.5;917.0;409.5;507.5
3674;Totaal;Buren;1995;10103.0;5050.5;5052.5;4075.5;2196.0;1879.5;5221.0;2609.0;2612.0;507.0;88.5;418.5;299.5;157.0;142.5
3675;Totaal;Buren;1996;10097.5;5049.5;5048.0;4087.5;2204.0;1883.5;5200.0;2600.5;2599.5;506.0;87.0;419.0;304.0;158.0;146.0
3676;Totaal;Buren;1997;10112.0;5050.0;5062.0;4104.0;2210.5;1893.5;5195.0;2594.5;2600.5;505.0;85.0;420.0;308.0;160.0;148.0
3677;Totaal;Buren;1998;10128.5;5048.0;5080.5;4101.5;2199.5;1902.0;5210.5;2600.5;2610.0;493.5;84.0;409.5;323.0;164.0;159.0
3678;Totaal;Buren;1999;24918.0;12577.0;12341.0;9923.5;5449.0;4474.5;12905.0;6457.0;6448.0;1261.0;244.0;1017.0;828.5;427.0;401.5
3679;Totaal;Buren;2000;25114.5;12673.0;12441.5;9992.5;5484.0;4508.5;12977.5;6495.0;6482.5;1285.5;251.5;1034.0;859.0;442.5;416.5
3680;Totaal;Buren;2001;25424.0;12816.0;12608.0;10154.5;5565.0;4589.5;13053.0;6532.5;6520.5;1322.0;256.5;1065.5;894.5;462.0;432.5
3681;Totaal;Buren;2002;25649.0;12926.5;12722.5;10270.5;5629.5;4641.0;13073.0;6543.0;6530.0;1362.0;264.5;1097.5;943.5;489.5;454.0
3682;Totaal;Buren;2003;25722.5;12945.0;12777.5;10318.5;5654.0;4664.5;13034.5;6518.0;6516.5;1385.0;268.5;1116.5;984.5;504.5;480.0
3683;Totaal;Buren;2004;25702.0;12896.0;12806.0;10358.5;5645.5;4713.0;12932.5;6457.5;6475.0;1394.5;273.5;1121.0;1016.5;519.5;497.0
3684;Totaal;Buren;2005;25616.0;12823.5;12792.5;10350.0;5610.0;4740.0;12823.5;6400.0;6423.5;1386.5;270.0;1116.5;1056.0;543.5;512.5
3685;Totaal;Buren;2006;25615.5;12811.0;12804.5;10390.5;5606.0;4784.5;12759.5;6372.5;6387.0;1370.5;272.5;1098.0;1095.0;560.0;535.0
3686;Totaal;Buren;2007;25687.0;12860.5;12826.5;10486.5;5651.0;4835.5;12706.5;6351.0;6355.5;1360.5;277.5;1083.0;1133.5;581.0;552.5
3687;Totaal;Buren;2008;25697.0;12884.0;12813.0;10514.5;5673.5;4841.0;12688.5;6344.0;6344.5;1348.0;278.0;1070.0;1146.0;588.5;557.5
3688;Totaal;Buren;2009;25777.0;12912.5;12864.5;10542.0;5681.0;4861.0;12704.5;6351.5;6353.0;1346.0;282.0;1064.0;1184.5;598.0;586.5
3689;Totaal;Buren;2010;25950.0;12978.5;12971.5;10634.5;5721.0;4913.5;12708.0;6351.0;6357.0;1357.5;286.0;1071.5;1250.0;620.5;629.5
3690;Totaal;Buren;2011;25981.0;12995.0;12986.0;10666.5;5738.0;4928.5;12670.0;6331.0;6339.0;1349.5;291.5;1058.0;1295.0;634.5;660.5
3691;Totaal;Buren;2012;25944.0;12980.0;12964.0;10641.5;5727.0;4914.5;12639.5;6316.5;6323.0;1330.5;288.0;1042.5;1332.5;648.5;684.0
3692;Totaal;Buren;2013;25979.0;12982.5;12996.5;10689.5;5737.0;4952.5;12584.0;6292.0;6292.0;1343.0;284.0;1059.0;1362.5;669.5;693.0
3693;Totaal;Buren;2014;26068.0;13025.0;13043.0;10784.0;5780.0;5004.0;12493.0;6248.5;6244.5;1359.5;292.5;1067.0;1431.5;704.0;727.5
3694;Totaal;Buren;2015;26159.5;13085.0;13074.5;10857.0;5828.5;5028.5;12401.5;6204.5;6197.0;1375.5;311.0;1064.5;1525.5;741.0;784.5
3695;Totaal;Buren;2016;26275.0;13160.5;13114.5;10925.0;5878.0;5047.0;12370.5;6194.5;6176.0;1389.5;325.5;1064.0;1590.0;762.5;827.5
3696;Totaal;Bussum;1995;31063.0;14401.0;16662.0;12895.5;6454.0;6441.5;13763.0;6869.5;6893.5;2606.0;395.5;2210.5;1798.5;682.0;1116.5
3697;Totaal;Bussum;1996;30964.5;14356.5;16608.0;12912.5;6471.5;6441.0;13643.5;6800.5;6843.0;2572.5;391.0;2181.5;1836.0;693.5;1142.5
3698;Totaal;Bussum;1997;31031.5;14406.5;16625.0;12968.0;6532.5;6435.5;13574.0;6769.0;6805.0;2602.0;404.5;2197.5;1887.5;700.5;1187.0
3699;Totaal;Bussum;1998;31019.5;14409.0;16610.5;13049.0;6581.5;6467.5;13435.0;6709.0;6726.0;2548.5;399.5;2149.0;1987.0;719.0;1268.0
3700;Totaal;Bussum;1999;30975.0;14389.0;16586.0;13150.5;6619.5;6531.0;13248.5;6625.0;6623.5;2521.0;398.5;2122.5;2055.0;746.0;1309.0
3701;Totaal;Bussum;2000;30994.0;14379.0;16615.0;13268.5;6639.5;6629.0;13149.0;6572.5;6576.5;2533.0;411.0;2122.0;2043.5;756.0;1287.5
3702;Totaal;Bussum;2001;31032.0;14439.0;16593.0;13420.5;6728.0;6692.5;13073.0;6529.0;6544.0;2482.5;416.5;2066.0;2056.0;765.5;1290.5
3703;Totaal;Bussum;2002;31140.5;14570.0;16570.5;13594.5;6870.0;6724.5;12996.5;6492.5;6504.0;2466.5;424.0;2042.5;2083.0;783.5;1299.5
3704;Totaal;Bussum;2003;31283.5;14640.5;16643.0;13758.0;6946.5;6811.5;12952.0;6466.0;6486.0;2442.0;421.0;2021.0;2131.5;807.0;1324.5
3705;Totaal;Bussum;2004;31260.0;14633.5;16626.5;13886.0;7000.5;6885.5;12847.5;6412.5;6435.0;2356.5;399.5;1957.0;2170.0;821.0;1349.0
3706;Totaal;Bussum;2005;31228.5;14636.0;16592.5;13985.0;7054.0;6931.0;12755.5;6367.5;6388.0;2290.0;383.0;1907.0;2198.0;831.5;1366.5
3707;Totaal;Bussum;2006;31272.5;14676.5;16596.0;14128.0;7134.0;6994.0;12647.0;6316.5;6330.5;2269.0;381.0;1888.0;2228.5;845.0;1383.5
3708;Totaal;Bussum;2007;31506.0;14835.5;16670.5;14428.5;7315.0;7113.5;12551.5;6278.0;6273.5;2242.5;376.5;1866.0;2283.5;866.0;1417.5
3709;Totaal;Bussum;2008;31841.5;15062.5;16779.0;14787.0;7534.0;7253.0;12487.5;6245.0;6242.5;2205.0;371.5;1833.5;2362.0;912.0;1450.0
3710;Totaal;Bussum;2009;32045.5;15195.5;16850.0;15009.0;7664.0;7345.0;12414.5;6201.0;6213.5;2169.5;369.5;1800.0;2452.5;961.0;1491.5
3711;Totaal;Bussum;2010;32261.0;15288.5;16972.5;15213.0;7755.0;7458.0;12375.0;6179.0;6196.0;2141.5;370.5;1771.0;2531.5;984.0;1547.5
3712;Totaal;Bussum;2011;32497.5;15414.5;17083.0;15462.5;7872.0;7590.5;12343.0;6167.5;6175.5;2118.0;380.5;1737.5;2574.0;994.5;1579.5
3713;Totaal;Bussum;2012;32608.0;15511.5;17096.5;15600.0;7961.0;7639.0;12318.5;6154.0;6164.5;2071.5;378.0;1693.5;2618.0;1018.5;1599.5
3714;Totaal;Bussum;2013;32631.0;15565.5;17065.5;15687.0;8031.0;7656.0;12250.5;6113.0;6137.5;2017.5;374.5;1643.0;2676.0;1047.0;1629.0
3715;Totaal;Bussum;2014;32750.5;15648.0;17102.5;15856.5;8131.5;7725.0;12166.0;6072.5;6093.5;2001.0;384.5;1616.5;2727.0;1059.5;1667.5
3716;Totaal;Bussum;2015;32983.5;15785.5;17198.0;16085.0;8269.0;7816.0;12107.5;6039.5;6068.0;1990.0;390.5;1599.5;2801.0;1086.5;1714.5
3717;Totaal;Bussum;2016;;;;;;;;;;;;;;;
3718;Totaal;Capelle aan den IJssel;1995;60960.5;29521.5;31439.0;26200.5;13769.5;12431.0;27525.5;13720.5;13805.0;3530.5;584.0;2946.5;3704.0;1447.5;2256.5
3719;Totaal;Capelle aan den IJssel;1996;61893.5;29966.5;31927.0;26765.5;14062.0;12703.5;27689.0;13801.0;13888.0;3558.0;601.0;2957.0;3881.0;1502.5;2378.5
3720;Totaal;Capelle aan den IJssel;1997;62797.0;30397.5;32399.5;27237.5;14287.5;12950.0;27957.0;13935.0;14022.0;3584.5;617.0;2967.5;4018.0;1558.0;2460.0
3721;Totaal;Capelle aan den IJssel;1998;63552.5;30758.0;32794.5;27621.5;14461.5;13160.0;28178.0;14059.0;14119.0;3545.0;604.5;2940.5;4208.0;1633.0;2575.0
3722;Totaal;Capelle aan den IJssel;1999;64064.0;31010.5;33053.5;27897.0;14589.5;13307.5;28272.0;14125.0;14147.0;3558.5;598.5;2960.0;4336.5;1697.5;2639.0
3723;Totaal;Capelle aan den IJssel;2000;64634.5;31312.5;33322.0;28219.5;14766.0;13453.5;28346.5;14164.5;14182.0;3616.0;609.5;3006.5;4452.5;1772.5;2680.0
3724;Totaal;Capelle aan den IJssel;2001;65122.0;31569.5;33552.5;28526.5;14952.0;13574.5;28309.0;14148.5;14160.5;3613.5;610.5;3003.0;4673.0;1858.5;2814.5
3725;Totaal;Capelle aan den IJssel;2002;65272.0;31640.5;33631.5;28692.5;15046.5;13646.0;28089.0;14053.0;14036.0;3655.5;623.0;3032.5;4835.0;1918.0;2917.0
3726;Totaal;Capelle aan den IJssel;2003;65336.0;31646.0;33690.0;28847.5;15121.0;13726.5;27928.0;13966.5;13961.5;3673.0;628.0;3045.0;4887.5;1930.5;2957.0
3727;Totaal;Capelle aan den IJssel;2004;65417.0;31643.5;33773.5;29144.0;15254.0;13890.0;27697.5;13837.0;13860.5;3646.5;624.0;3022.5;4929.0;1928.5;3000.5
3728;Totaal;Capelle aan den IJssel;2005;65541.0;31694.0;33847.0;29511.0;15434.0;14077.0;27391.0;13678.0;13713.0;3613.5;629.0;2984.5;5025.5;1953.0;3072.5
3729;Totaal;Capelle aan den IJssel;2006;65488.0;31669.5;33818.5;29647.0;15511.5;14135.5;27146.0;13552.0;13594.0;3579.0;632.5;2946.5;5116.0;1973.5;3142.5
3730;Totaal;Capelle aan den IJssel;2007;65198.0;31517.0;33681.0;29618.5;15485.0;14133.5;26863.5;13415.0;13448.5;3545.5;632.0;2913.5;5170.5;1985.0;3185.5
3731;Totaal;Capelle aan den IJssel;2008;65147.5;31465.5;33682.0;29798.0;15537.0;14261.0;26604.0;13291.5;13312.5;3507.0;631.5;2875.5;5238.5;2005.5;3233.0
3732;Totaal;Capelle aan den IJssel;2009;65309.0;31541.0;33768.0;29955.0;15603.0;14352.0;26463.0;13220.5;13242.5;3474.5;638.5;2836.0;5416.5;2079.0;3337.5
3733;Totaal;Capelle aan den IJssel;2010;65724.5;31758.5;33966.0;30194.5;15734.0;14460.5;26489.0;13233.5;13255.5;3442.0;639.0;2803.0;5599.0;2152.0;3447.0
3734;Totaal;Capelle aan den IJssel;2011;66113.0;31941.0;34172.0;30476.0;15862.5;14613.5;26537.5;13267.0;13270.5;3446.0;647.5;2798.5;5653.5;2164.0;3489.5
3735;Totaal;Capelle aan den IJssel;2012;66073.0;31907.5;34165.5;30500.5;15856.5;14644.0;26434.0;13212.0;13222.0;3464.5;666.5;2798.0;5674.0;2172.5;3501.5
3736;Totaal;Capelle aan den IJssel;2013;66101.0;31932.5;34168.5;30614.0;15910.0;14704.0;26306.5;13146.0;13160.5;3448.0;675.0;2773.0;5732.5;2201.5;3531.0
3737;Totaal;Capelle aan den IJssel;2014;66328.0;32051.5;34276.5;30906.0;16031.5;14874.5;26148.5;13067.5;13081.0;3444.0;694.0;2750.0;5829.5;2258.5;3571.0
3738;Totaal;Capelle aan den IJssel;2015;66482.0;32141.0;34341.0;31192.0;16152.0;15040.0;25919.5;12942.5;12977.0;3435.0;714.0;2721.0;5935.5;2332.5;3603.0
3739;Totaal;Capelle aan den IJssel;2016;66453.5;32116.0;34337.5;31317.0;16186.5;15130.5;25686.0;12828.5;12857.5;3426.5;725.0;2701.5;6024.0;2376.0;3648.0
3740;Totaal;Castricum;1995;22601.0;11094.5;11506.5;9428.5;5050.5;4378.0;10847.5;5400.5;5447.0;1251.0;236.0;1015.0;1074.0;407.5;666.5
3741;Totaal;Castricum;1996;22659.0;11105.5;11553.5;9460.5;5058.0;4402.5;10820.0;5389.0;5431.0;1259.5;240.5;1019.0;1119.0;418.0;701.0
3742;Totaal;Castricum;1997;22785.5;11144.0;11641.5;9496.5;5069.5;4427.0;10845.5;5403.0;5442.5;1280.0;248.0;1032.0;1163.5;423.5;740.0
3743;Totaal;Castricum;1998;22916.0;11192.5;11723.5;9546.5;5091.5;4455.0;10893.5;5428.0;5465.5;1272.5;244.0;1028.5;1203.5;429.0;774.5
3744;Totaal;Castricum;1999;22921.5;11178.0;11743.5;9546.0;5075.0;4471.0;10904.0;5431.5;5472.5;1268.0;239.0;1029.0;1203.5;432.5;771.0
3745;Totaal;Castricum;2000;23019.5;11222.0;11797.5;9599.0;5092.5;4506.5;10914.5;5431.5;5483.0;1298.0;249.0;1049.0;1208.0;449.0;759.0
3746;Totaal;Castricum;2001;23231.0;11308.5;11922.5;9743.0;5153.5;4589.5;10913.0;5434.0;5479.0;1326.5;257.0;1069.5;1248.5;464.0;784.5
3747;Totaal;Castricum;2002;35252.0;17313.0;17939.0;14999.5;7947.5;7052.0;16723.5;8344.5;8379.0;1861.0;369.5;1491.5;1668.0;651.5;1016.5
3748;Totaal;Castricum;2003;35309.0;17364.0;17945.0;15037.5;7970.0;7067.5;16725.5;8350.0;8375.5;1874.0;384.5;1489.5;1672.0;659.5;1012.5
3749;Totaal;Castricum;2004;35191.0;17288.5;17902.5;15010.5;7940.0;7070.5;16606.0;8286.0;8320.0;1887.0;394.0;1493.0;1687.5;668.5;1019.0
3750;Totaal;Castricum;2005;35055.5;17182.0;17873.5;14986.0;7906.0;7080.0;16454.0;8208.5;8245.5;1898.0;389.5;1508.5;1717.5;678.0;1039.5
3751;Totaal;Castricum;2006;34941.5;17119.5;17822.0;14959.0;7892.5;7066.5;16316.0;8141.5;8174.5;1905.5;388.0;1517.5;1761.0;697.5;1063.5
3752;Totaal;Castricum;2007;34784.0;17025.5;17758.5;14873.5;7833.0;7040.5;16176.5;8068.0;8108.5;1908.0;388.0;1520.0;1826.0;736.5;1089.5
3753;Totaal;Castricum;2008;34722.0;16951.0;17771.0;14893.5;7809.0;7084.5;16042.0;7995.5;8046.5;1923.0;389.0;1534.0;1863.5;757.5;1106.0
3754;Totaal;Castricum;2009;34695.5;16936.0;17759.5;14845.5;7784.0;7061.5;15965.5;7959.5;8006.0;1953.5;401.5;1552.0;1931.0;791.0;1140.0
3755;Totaal;Castricum;2010;34622.5;16922.0;17700.5;14723.5;7736.0;6987.5;15903.0;7932.5;7970.5;1971.5;417.0;1554.5;2024.5;836.5;1188.0
3756;Totaal;Castricum;2011;34533.5;16882.0;17651.5;14670.5;7717.0;6953.5;15797.0;7880.5;7916.5;1988.5;427.5;1561.0;2077.5;857.0;1220.5
3757;Totaal;Castricum;2012;34438.0;16848.5;17589.5;14636.0;7710.5;6925.5;15662.0;7816.5;7845.5;2006.5;441.0;1565.5;2133.5;880.5;1253.0
3758;Totaal;Castricum;2013;34345.0;16820.0;17525.0;14630.0;7713.0;6917.0;15533.0;7756.0;7777.0;2008.0;455.5;1552.5;2174.0;895.5;1278.5
3759;Totaal;Castricum;2014;34324.5;16818.5;17506.0;14678.0;7749.0;6929.0;15405.5;7688.0;7717.5;2031.0;471.0;1560.0;2210.0;910.5;1299.5
3760;Totaal;Castricum;2015;34482.5;16893.0;17589.5;14831.5;7832.5;6999.0;15335.5;7650.0;7685.5;2058.0;480.0;1578.0;2257.5;930.5;1327.0
3761;Totaal;Castricum;2016;34910.0;17099.5;17810.5;15129.5;7980.5;7149.0;15376.0;7673.0;7703.0;2063.5;486.0;1577.5;2341.0;960.0;1381.0
3762;Totaal;Chaam;1995;3784.5;1894.0;1890.5;1496.0;815.0;681.0;2019.5;1012.5;1007.0;182.0;31.0;151.0;87.0;35.5;51.5
3763;Totaal;Chaam;1996;3790.5;1898.5;1892.0;1504.0;820.5;683.5;2008.5;1005.0;1003.5;184.0;32.5;151.5;94.0;40.5;53.5
3764;Totaal;Chaam;1997;;;;;;;;;;;;;;;
3765;Totaal;Chaam;1998;;;;;;;;;;;;;;;
3766;Totaal;Chaam;1999;;;;;;;;;;;;;;;
3767;Totaal;Chaam;2000;;;;;;;;;;;;;;;
3768;Totaal;Chaam;2001;;;;;;;;;;;;;;;
3769;Totaal;Chaam;2002;;;;;;;;;;;;;;;
3770;Totaal;Chaam;2003;;;;;;;;;;;;;;;
3771;Totaal;Chaam;2004;;;;;;;;;;;;;;;
3772;Totaal;Chaam;2005;;;;;;;;;;;;;;;
3773;Totaal;Chaam;2006;;;;;;;;;;;;;;;
3774;Totaal;Chaam;2007;;;;;;;;;;;;;;;
3775;Totaal;Chaam;2008;;;;;;;;;;;;;;;
3776;Totaal;Chaam;2009;;;;;;;;;;;;;;;
3777;Totaal;Chaam;2010;;;;;;;;;;;;;;;
3778;Totaal;Chaam;2011;;;;;;;;;;;;;;;
3779;Totaal;Chaam;2012;;;;;;;;;;;;;;;
3780;Totaal;Chaam;2013;;;;;;;;;;;;;;;
3781;Totaal;Chaam;2014;;;;;;;;;;;;;;;
3782;Totaal;Chaam;2015;;;;;;;;;;;;;;;
3783;Totaal;Chaam;2016;;;;;;;;;;;;;;;
3784;Totaal;Coevorden;1995;14989.0;7352.0;7637.0;6147.0;3290.5;2856.5;7244.0;3624.0;3620.0;1043.0;173.0;870.0;555.0;264.5;290.5
3785;Totaal;Coevorden;1996;14980.0;7321.5;7658.5;6142.0;3273.5;2868.5;7199.0;3598.0;3601.0;1058.0;178.5;879.5;581.0;271.5;309.5
3786;Totaal;Coevorden;1997;14980.5;7315.0;7665.5;6136.5;3276.0;2860.5;7175.0;3585.5;3589.5;1070.5;178.5;892.0;598.5;275.0;323.5
3787;Totaal;Coevorden;1998;34509.5;17232.5;17277.0;13637.0;7513.5;6123.5;17461.0;8736.5;8724.5;2261.0;436.0;1825.0;1150.5;546.5;604.0
3788;Totaal;Coevorden;1999;34671.5;17324.0;17347.5;13700.5;7574.5;6126.0;17498.0;8751.5;8746.5;2272.5;437.0;1835.5;1200.5;561.0;639.5
3789;Totaal;Coevorden;2000;35161.5;17576.0;17585.5;13996.0;7735.5;6260.5;17607.5;8804.0;8803.5;2307.5;449.0;1858.5;1250.5;587.5;663.0
3790;Totaal;Coevorden;2001;35629.0;17824.5;17804.5;14312.0;7894.5;6417.5;17676.0;8843.5;8832.5;2321.0;459.5;1861.5;1320.0;627.0;693.0
3791;Totaal;Coevorden;2002;35882.0;17959.0;17923.0;14509.0;7989.0;6520.0;17626.5;8826.0;8800.5;2339.5;467.0;1872.5;1407.0;677.0;730.0
3792;Totaal;Coevorden;2003;36114.0;18067.5;18046.5;14699.5;8075.5;6624.0;17579.5;8806.0;8773.5;2355.0;468.5;1886.5;1480.0;717.5;762.5
3793;Totaal;Coevorden;2004;36153.0;18053.0;18100.0;14717.5;8062.0;6655.5;17541.0;8784.5;8756.5;2364.5;470.5;1894.0;1530.0;736.0;794.0
3794;Totaal;Coevorden;2005;36110.5;17989.5;18121.0;14682.5;8020.5;6662.0;17472.0;8744.0;8728.0;2368.5;471.5;1897.0;1587.5;753.5;834.0
3795;Totaal;Coevorden;2006;36087.5;17966.5;18121.0;14700.5;8025.0;6675.5;17402.0;8705.5;8696.5;2355.5;463.5;1892.0;1629.5;772.5;857.0
3796;Totaal;Coevorden;2007;36016.5;17936.0;18080.5;14683.5;8029.0;6654.5;17308.5;8654.5;8654.0;2347.5;466.5;1881.0;1677.0;786.0;891.0
3797;Totaal;Coevorden;2008;35940.0;17888.0;18052.0;14648.5;8011.0;6637.5;17201.5;8600.0;8601.5;2376.5;485.0;1891.5;1713.5;792.0;921.5
3798;Totaal;Coevorden;2009;36004.0;17921.5;18082.5;14628.0;7999.5;6628.5;17133.5;8569.5;8564.0;2412.5;504.5;1908.0;1830.0;848.0;982.0
3799;Totaal;Coevorden;2010;36094.0;17983.5;18110.5;14645.0;8021.0;6624.0;17035.0;8518.0;8517.0;2429.5;515.5;1914.0;1984.5;929.0;1055.5
3800;Totaal;Coevorden;2011;35974.0;17942.5;18031.5;14652.5;8040.5;6612.0;16840.5;8417.0;8423.5;2433.0;519.0;1914.0;2048.0;966.0;1082.0
3801;Totaal;Coevorden;2012;35823.0;17862.0;17961.0;14646.5;8042.5;6604.0;16645.0;8315.5;8329.5;2431.5;518.0;1913.5;2100.0;986.0;1114.0
3802;Totaal;Coevorden;2013;35767.0;17785.0;17982.0;14684.5;8027.5;6657.0;16475.0;8225.0;8250.0;2434.5;518.0;1916.5;2173.0;1014.5;1158.5
3803;Totaal;Coevorden;2014;35652.0;17724.5;17927.5;14693.0;8010.5;6682.5;16322.0;8149.5;8172.5;2412.5;525.5;1887.0;2224.5;1039.0;1185.5
3804;Totaal;Coevorden;2015;35458.0;17666.0;17792.0;14624.0;7985.5;6638.5;16185.5;8089.5;8096.0;2384.5;535.5;1849.0;2264.0;1055.5;1208.5
3805;Totaal;Coevorden;2016;35333.5;17618.5;17715.0;14561.0;7944.5;6616.5;16058.0;8032.0;8026.0;2380.5;550.5;1830.0;2334.0;1091.5;1242.5
3806;Totaal;Cothen;1995;2612.0;1317.0;1295.0;1121.0;598.0;523.0;1331.0;664.0;667.0;99.0;19.5;79.5;61.0;35.5;25.5
3807;Totaal;Cothen;1996;;;;;;;;;;;;;;;
3808;Totaal;Cothen;1997;;;;;;;;;;;;;;;
3809;Totaal;Cothen;1998;;;;;;;;;;;;;;;
3810;Totaal;Cothen;1999;;;;;;;;;;;;;;;
3811;Totaal;Cothen;2000;;;;;;;;;;;;;;;
3812;Totaal;Cothen;2001;;;;;;;;;;;;;;;
3813;Totaal;Cothen;2002;;;;;;;;;;;;;;;
3814;Totaal;Cothen;2003;;;;;;;;;;;;;;;
3815;Totaal;Cothen;2004;;;;;;;;;;;;;;;
3816;Totaal;Cothen;2005;;;;;;;;;;;;;;;
3817;Totaal;Cothen;2006;;;;;;;;;;;;;;;
3818;Totaal;Cothen;2007;;;;;;;;;;;;;;;
3819;Totaal;Cothen;2008;;;;;;;;;;;;;;;
3820;Totaal;Cothen;2009;;;;;;;;;;;;;;;
3821;Totaal;Cothen;2010;;;;;;;;;;;;;;;
3822;Totaal;Cothen;2011;;;;;;;;;;;;;;;
3823;Totaal;Cothen;2012;;;;;;;;;;;;;;;
3824;Totaal;Cothen;2013;;;;;;;;;;;;;;;
3825;Totaal;Cothen;2014;;;;;;;;;;;;;;;
3826;Totaal;Cothen;2015;;;;;;;;;;;;;;;
3827;Totaal;Cothen;2016;;;;;;;;;;;;;;;
3828;Totaal;Cranendonck;1995;;;;;;;;;;;;;;;
3829;Totaal;Cranendonck;1996;;;;;;;;;;;;;;;
3830;Totaal;Cranendonck;1997;;;;;;;;;;;;;;;
3831;Totaal;Cranendonck;1998;;;;;;;;;;;;;;;
3832;Totaal;Cranendonck;1999;20273.5;10393.0;9880.5;7997.5;4574.0;3423.5;10482.0;5237.5;5244.5;1018.5;215.0;803.5;775.5;366.5;409.0
3833;Totaal;Cranendonck;2000;20286.5;10376.5;9910.0;7991.5;4551.0;3440.5;10474.5;5236.0;5238.5;1027.0;217.0;810.0;793.5;372.5;421.0
3834;Totaal;Cranendonck;2001;20307.5;10366.5;9941.0;8002.5;4536.5;3466.0;10467.0;5237.5;5229.5;1019.5;213.5;806.0;818.5;379.0;439.5
3835;Totaal;Cranendonck;2002;20328.0;10367.5;9960.5;8038.5;4539.5;3499.0;10415.0;5216.5;5198.5;1026.5;219.5;807.0;848.0;392.0;456.0
3836;Totaal;Cranendonck;2003;20242.5;10305.5;9937.0;8000.5;4504.0;3496.5;10315.0;5163.0;5152.0;1050.5;231.0;819.5;876.5;407.5;469.0
3837;Totaal;Cranendonck;2004;20094.0;10213.0;9881.0;7892.0;4441.5;3450.5;10218.0;5105.5;5112.5;1072.0;237.5;834.5;912.0;428.5;483.5
3838;Totaal;Cranendonck;2005;20086.0;10210.0;9876.0;7902.5;4458.0;3444.5;10140.5;5063.0;5077.5;1087.5;244.0;843.5;955.5;445.0;510.5
3839;Totaal;Cranendonck;2006;20207.0;10257.5;9949.5;8009.5;4513.0;3496.5;10108.0;5048.0;5060.0;1110.5;247.5;863.0;979.0;449.0;530.0
3840;Totaal;Cranendonck;2007;20272.0;10269.0;10003.0;8068.0;4529.0;3539.0;10085.0;5036.0;5049.0;1129.5;250.5;879.0;989.5;453.5;536.0
3841;Totaal;Cranendonck;2008;20267.5;10264.0;10003.5;8098.5;4537.5;3561.0;10036.5;5015.0;5021.5;1120.5;245.5;875.0;1012.0;466.0;546.0
3842;Totaal;Cranendonck;2009;20307.5;10266.0;10041.5;8121.0;4534.0;3587.0;9989.0;4998.0;4991.0;1124.5;240.5;884.0;1073.0;493.5;579.5
3843;Totaal;Cranendonck;2010;20357.0;10276.0;10081.0;8160.0;4542.0;3618.0;9915.5;4963.5;4952.0;1137.0;241.5;895.5;1144.5;529.0;615.5
3844;Totaal;Cranendonck;2011;20401.5;10315.0;10086.5;8244.0;4594.5;3649.5;9836.5;4922.5;4914.0;1135.5;243.0;892.5;1185.5;555.0;630.5
3845;Totaal;Cranendonck;2012;20381.0;10298.5;10082.5;8277.0;4611.0;3666.0;9757.0;4878.0;4879.0;1134.5;243.5;891.0;1212.5;566.0;646.5
3846;Totaal;Cranendonck;2013;20337.0;10261.0;10076.0;8278.0;4608.5;3669.5;9671.5;4830.5;4841.0;1145.5;250.0;895.5;1242.0;572.0;670.0
3847;Totaal;Cranendonck;2014;20443.0;10300.0;10143.0;8375.5;4646.0;3729.5;9613.0;4806.0;4807.0;1159.0;258.0;901.0;1295.5;590.0;705.5
3848;Totaal;Cranendonck;2015;20601.0;10378.0;10223.0;8533.5;4729.0;3804.5;9547.0;4774.0;4773.0;1162.0;259.0;903.0;1358.5;616.0;742.5
3849;Totaal;Cranendonck;2016;20668.0;10411.5;10256.5;8576.5;4758.5;3818.0;9517.0;4758.0;4759.0;1166.5;255.5;911.0;1408.0;639.5;768.5
3850;Totaal;Cromstrijen;1995;12435.0;6240.0;6195.0;4786.0;2626.0;2160.0;6653.5;3331.0;3322.5;626.5;108.5;518.0;369.0;174.5;194.5
3851;Totaal;Cromstrijen;1996;12539.5;6269.5;6270.0;4819.5;2622.5;2197.0;6686.0;3347.0;3339.0;646.5;113.5;533.0;387.5;186.5;201.0
3852;Totaal;Cromstrijen;1997;12611.5;6301.5;6310.0;4864.0;2642.0;2222.0;6677.5;3343.5;3334.0;666.5;119.5;547.0;403.5;196.5;207.0
3853;Totaal;Cromstrijen;1998;12672.0;6329.5;6342.5;4901.5;2657.0;2244.5;6679.0;3344.0;3335.0;670.0;122.0;548.0;421.5;206.5;215.0
3854;Totaal;Cromstrijen;1999;12750.0;6359.0;6391.0;4910.0;2655.0;2255.0;6721.0;3364.5;3356.5;682.0;126.5;555.5;437.0;213.0;224.0
3855;Totaal;Cromstrijen;2000;12784.5;6366.0;6418.5;4886.0;2646.5;2239.5;6742.0;3373.0;3369.0;698.5;126.0;572.5;458.0;220.5;237.5
3856;Totaal;Cromstrijen;2001;12812.5;6381.0;6431.5;4892.0;2655.5;2236.5;6726.5;3365.5;3361.0;704.0;126.0;578.0;490.0;234.0;256.0
3857;Totaal;Cromstrijen;2002;12907.0;6433.0;6474.0;4968.0;2701.5;2266.5;6708.0;3357.0;3351.0;708.0;127.0;581.0;523.0;247.5;275.5
3858;Totaal;Cromstrijen;2003;13003.5;6479.5;6524.0;5040.5;2742.5;2298.0;6709.0;3357.5;3351.5;709.0;128.5;580.5;545.0;251.0;294.0
3859;Totaal;Cromstrijen;2004;13037.5;6495.0;6542.5;5060.0;2748.5;2311.5;6697.5;3352.5;3345.0;706.0;128.5;577.5;574.0;265.5;308.5
3860;Totaal;Cromstrijen;2005;13048.5;6495.5;6553.0;5066.5;2748.0;2318.5;6670.5;3339.5;3331.0;701.0;125.0;576.0;610.5;283.0;327.5
3861;Totaal;Cromstrijen;2006;13014.5;6470.0;6544.5;5045.0;2729.0;2316.0;6628.5;3321.0;3307.5;706.5;128.5;578.0;634.5;291.5;343.0
3862;Totaal;Cromstrijen;2007;12916.5;6420.0;6496.5;5001.5;2706.5;2295.0;6543.0;3280.0;3263.0;707.0;127.5;579.5;665.0;306.0;359.0
3863;Totaal;Cromstrijen;2008;12845.0;6389.0;6456.0;4959.5;2694.0;2265.5;6493.5;3252.5;3241.0;703.5;123.5;580.0;688.5;319.0;369.5
3864;Totaal;Cromstrijen;2009;12827.5;6381.0;6446.5;4924.5;2673.0;2251.5;6489.0;3245.5;3243.5;699.5;124.0;575.5;714.5;338.5;376.0
3865;Totaal;Cromstrijen;2010;12803.5;6360.0;6443.5;4894.0;2645.5;2248.5;6484.0;3243.5;3240.5;698.0;126.5;571.5;727.5;344.5;383.0
3866;Totaal;Cromstrijen;2011;12784.5;6346.0;6438.5;4893.0;2637.5;2255.5;6455.0;3232.0;3223.0;706.0;133.5;572.5;730.5;343.0;387.5
3867;Totaal;Cromstrijen;2012;12771.0;6338.0;6433.0;4910.0;2641.5;2268.5;6398.5;3204.0;3194.5;711.0;140.5;570.5;751.5;352.0;399.5
3868;Totaal;Cromstrijen;2013;12750.0;6331.0;6419.0;4910.0;2643.5;2266.5;6346.0;3175.5;3170.5;714.0;147.5;566.5;780.0;364.5;415.5
3869;Totaal;Cromstrijen;2014;12761.0;6352.5;6408.5;4914.5;2657.5;2257.0;6319.5;3159.0;3160.5;708.5;148.5;560.0;818.5;387.5;431.0
3870;Totaal;Cromstrijen;2015;12769.5;6353.5;6416.0;4912.5;2653.0;2259.5;6302.5;3150.0;3152.5;700.0;143.0;557.0;854.5;407.5;447.0
3871;Totaal;Cromstrijen;2016;12776.0;6339.0;6437.0;4919.0;2650.0;2269.0;6271.0;3135.0;3136.0;707.0;140.5;566.5;879.0;413.5;465.5
3872;Totaal;Cuijk;1995;23130.5;11776.0;11354.5;10044.5;5573.5;4471.0;11199.0;5600.5;5598.5;968.0;176.5;791.5;919.0;425.5;493.5
3873;Totaal;Cuijk;1996;23397.0;11906.0;11491.0;10172.0;5638.0;4534.0;11258.5;5632.5;5626.0;997.5;187.0;810.5;969.0;448.5;520.5
3874;Totaal;Cuijk;1997;23545.0;11960.5;11584.5;10213.0;5656.0;4557.0;11298.5;5649.5;5649.0;1021.5;191.5;830.0;1012.0;463.5;548.5
3875;Totaal;Cuijk;1998;23585.5;11965.0;11620.5;10196.0;5635.5;4560.5;11335.5;5669.0;5666.5;1025.5;195.5;830.0;1028.5;465.0;563.5
3876;Totaal;Cuijk;1999;23764.0;12044.5;11719.5;10260.5;5651.5;4609.0;11417.0;5714.5;5702.5;1039.0;204.0;835.0;1047.5;474.5;573.0
3877;Totaal;Cuijk;2000;24069.5;12185.0;11884.5;10438.0;5738.0;4700.0;11496.0;5752.0;5744.0;1065.5;210.0;855.5;1070.0;485.0;585.0
3878;Totaal;Cuijk;2001;24325.0;12321.0;12004.0;10620.0;5843.0;4777.0;11513.5;5759.5;5754.0;1077.0;212.5;864.5;1114.5;506.0;608.5
3879;Totaal;Cuijk;2002;24370.0;12335.0;12035.0;10641.0;5849.0;4792.0;11466.5;5737.0;5729.5;1095.5;222.5;873.0;1167.0;526.5;640.5
3880;Totaal;Cuijk;2003;24251.0;12243.0;12008.0;10575.5;5788.5;4787.0;11377.0;5693.5;5683.5;1111.0;232.0;879.0;1187.5;529.0;658.5
3881;Totaal;Cuijk;2004;24200.0;12217.0;11983.0;10588.0;5798.5;4789.5;11278.5;5645.5;5633.0;1118.0;233.0;885.0;1215.5;540.0;675.5
3882;Totaal;Cuijk;2005;24222.0;12218.5;12003.5;10611.5;5812.5;4799.0;11208.5;5614.0;5594.5;1140.0;232.5;907.5;1262.0;559.5;702.5
3883;Totaal;Cuijk;2006;24235.0;12206.5;12028.5;10639.0;5812.5;4826.5;11143.0;5588.0;5555.0;1160.5;238.0;922.5;1292.5;568.0;724.5
3884;Totaal;Cuijk;2007;24237.5;12204.5;12033.0;10671.5;5827.5;4844.0;11069.0;5555.5;5513.5;1162.0;240.5;921.5;1335.0;581.0;754.0
3885;Totaal;Cuijk;2008;24267.5;12203.0;12064.5;10672.0;5812.5;4859.5;11038.5;5538.5;5500.0;1172.0;245.0;927.0;1385.0;607.0;778.0
3886;Totaal;Cuijk;2009;24371.0;12220.0;12151.0;10672.5;5786.5;4886.0;11074.5;5551.0;5523.5;1184.5;249.0;935.5;1439.5;633.5;806.0
3887;Totaal;Cuijk;2010;24506.5;12272.5;12234.0;10679.0;5782.0;4897.0;11131.0;5576.5;5554.5;1200.0;253.5;946.5;1496.5;660.5;836.0
3888;Totaal;Cuijk;2011;24614.0;12319.0;12295.0;10726.5;5798.5;4928.0;11149.0;5585.5;5563.5;1220.5;263.0;957.5;1518.0;672.0;846.0
3889;Totaal;Cuijk;2012;24695.5;12341.0;12354.5;10787.0;5817.0;4970.0;11115.5;5567.5;5548.0;1240.0;273.5;966.5;1553.0;683.0;870.0
3890;Totaal;Cuijk;2013;24763.0;12365.0;12398.0;10841.0;5848.5;4992.5;11042.5;5527.0;5515.5;1268.0;283.0;985.0;1611.5;706.5;905.0
3891;Totaal;Cuijk;2014;24716.0;12347.0;12369.0;10845.0;5871.5;4973.5;10918.0;5461.0;5457.0;1292.5;284.0;1008.5;1660.5;730.5;930.0
3892;Totaal;Cuijk;2015;24628.5;12273.5;12355.0;10816.0;5848.0;4968.0;10800.0;5399.0;5401.0;1308.0;281.5;1026.5;1704.5;745.0;959.5
3893;Totaal;Cuijk;2016;24652.0;12269.5;12382.5;10860.5;5851.0;5009.5;10731.5;5365.0;5366.5;1309.0;282.5;1026.5;1751.0;771.0;980.0
3894;Totaal;Culemborg;1995;23881.0;11788.0;12093.0;10490.0;5555.0;4935.0;11294.5;5651.0;5643.5;1211.5;199.5;1012.0;885.0;382.5;502.5
3895;Totaal;Culemborg;1996;24115.0;11916.0;12199.0;10636.5;5652.0;4984.5;11291.5;5649.0;5642.5;1233.5;202.0;1031.5;953.5;413.0;540.5
3896;Totaal;Culemborg;1997;24285.5;11998.0;12287.5;10706.5;5689.5;5017.0;11322.0;5664.5;5657.5;1248.0;207.0;1041.0;1009.0;437.0;572.0
3897;Totaal;Culemborg;1998;24413.5;12049.5;12364.0;10713.0;5684.0;5029.0;11384.0;5697.0;5687.0;1259.5;212.5;1047.0;1057.0;456.0;601.0
3898;Totaal;Culemborg;1999;24610.0;12127.5;12482.5;10791.0;5713.0;5078.0;11437.5;5719.5;5718.0;1273.0;220.0;1053.0;1108.5;475.0;633.5
3899;Totaal;Culemborg;2000;25010.0;12310.0;12700.0;11035.0;5825.5;5209.5;11554.0;5773.5;5780.5;1266.5;219.5;1047.0;1154.5;491.5;663.0
3900;Totaal;Culemborg;2001;25727.5;12686.0;13041.5;11506.5;6074.5;5432.0;11731.5;5868.0;5863.5;1264.5;220.5;1044.0;1225.0;523.0;702.0
3901;Totaal;Culemborg;2002;26282.5;13000.0;13282.5;11851.5;6277.0;5574.5;11865.5;5946.0;5919.5;1272.0;225.0;1047.0;1293.5;552.0;741.5
3902;Totaal;Culemborg;2003;26478.0;13116.0;13362.0;11980.0;6358.0;5622.0;11896.0;5964.0;5932.0;1253.5;221.0;1032.5;1348.5;573.0;775.5
3903;Totaal;Culemborg;2004;26868.5;13326.5;13542.0;12277.5;6521.0;5756.5;11937.0;5984.0;5953.0;1232.5;218.5;1014.0;1421.5;603.0;818.5
3904;Totaal;Culemborg;2005;27150.0;13481.0;13669.0;12462.5;6627.5;5835.0;11982.0;6005.5;5976.5;1232.0;220.5;1011.5;1473.5;627.5;846.0
3905;Totaal;Culemborg;2006;27167.5;13477.0;13690.5;12458.0;6618.5;5839.5;11938.0;5979.5;5958.5;1237.0;221.0;1016.0;1534.5;658.0;876.5
3906;Totaal;Culemborg;2007;27238.0;13506.0;13732.0;12529.0;6653.0;5876.0;11854.5;5939.5;5915.0;1242.0;221.0;1021.0;1612.5;692.5;920.0
3907;Totaal;Culemborg;2008;27356.0;13553.5;13802.5;12651.0;6711.5;5939.5;11776.0;5900.0;5876.0;1261.5;229.0;1032.5;1667.5;713.0;954.5
3908;Totaal;Culemborg;2009;27457.5;13602.0;13855.5;12729.5;6755.0;5974.5;11688.5;5854.0;5834.5;1283.5;245.0;1038.5;1756.0;748.0;1008.0
3909;Totaal;Culemborg;2010;27542.5;13655.0;13887.5;12761.0;6787.0;5974.0;11648.5;5833.5;5815.0;1287.0;253.0;1034.0;1846.0;781.5;1064.5
3910;Totaal;Culemborg;2011;27608.0;13680.0;13928.0;12762.5;6790.5;5972.0;11649.5;5835.0;5814.5;1296.5;262.0;1034.5;1899.5;792.5;1107.0
3911;Totaal;Culemborg;2012;27656.5;13715.5;13941.0;12787.5;6816.5;5971.0;11620.0;5818.0;5802.0;1306.5;271.5;1035.0;1942.5;809.5;1133.0
3912;Totaal;Culemborg;2013;27635.5;13713.0;13922.5;12796.0;6826.0;5970.0;11564.0;5786.0;5778.0;1304.0;273.5;1030.5;1971.5;827.5;1144.0
3913;Totaal;Culemborg;2014;27575.0;13672.0;13903.0;12752.0;6791.0;5961.0;11503.0;5751.5;5751.5;1308.0;279.5;1028.5;2012.0;850.0;1162.0
3914;Totaal;Culemborg;2015;27602.0;13696.5;13905.5;12766.0;6802.5;5963.5;11471.0;5735.5;5735.5;1305.5;284.0;1021.5;2059.5;874.5;1185.0
3915;Totaal;Culemborg;2016;27754.0;13796.0;13958.0;12850.5;6853.0;5997.5;11467.0;5735.5;5731.5;1294.5;288.0;1006.5;2142.0;919.5;1222.5
3916;Totaal;Dalen;1995;5780.5;2945.5;2835.0;2272.5;1276.0;996.5;3063.5;1531.0;1532.5;326.0;78.0;248.0;118.5;60.5;58.0
3917;Totaal;Dalen;1996;5868.5;2996.0;2872.5;2328.0;1311.5;1016.5;3087.5;1542.5;1545.0;332.0;76.5;255.5;121.0;65.5;55.5
3918;Totaal;Dalen;1997;5896.5;3013.5;2883.0;2339.0;1321.0;1018.0;3093.0;1546.0;1547.0;340.5;78.5;262.0;124.0;68.0;56.0
3919;Totaal;Dalen;1998;;;;;;;;;;;;;;;
3920;Totaal;Dalen;1999;;;;;;;;;;;;;;;
3921;Totaal;Dalen;2000;;;;;;;;;;;;;;;
3922;Totaal;Dalen;2001;;;;;;;;;;;;;;;
3923;Totaal;Dalen;2002;;;;;;;;;;;;;;;
3924;Totaal;Dalen;2003;;;;;;;;;;;;;;;
3925;Totaal;Dalen;2004;;;;;;;;;;;;;;;
3926;Totaal;Dalen;2005;;;;;;;;;;;;;;;
3927;Totaal;Dalen;2006;;;;;;;;;;;;;;;
3928;Totaal;Dalen;2007;;;;;;;;;;;;;;;
3929;Totaal;Dalen;2008;;;;;;;;;;;;;;;
3930;Totaal;Dalen;2009;;;;;;;;;;;;;;;
3931;Totaal;Dalen;2010;;;;;;;;;;;;;;;
3932;Totaal;Dalen;2011;;;;;;;;;;;;;;;
3933;Totaal;Dalen;2012;;;;;;;;;;;;;;;
3934;Totaal;Dalen;2013;;;;;;;;;;;;;;;
3935;Totaal;Dalen;2014;;;;;;;;;;;;;;;
3936;Totaal;Dalen;2015;;;;;;;;;;;;;;;
3937;Totaal;Dalen;2016;;;;;;;;;;;;;;;
3938;Totaal;Dalfsen;1995;15870.5;8107.0;7763.5;6897.0;3804.5;3092.5;8022.5;4011.0;4011.5;703.5;177.0;526.5;247.5;114.5;133.0
3939;Totaal;Dalfsen;1996;15903.5;8105.0;7798.5;6901.0;3802.5;3098.5;8017.0;4009.0;4008.0;724.5;174.0;550.5;261.0;119.5;141.5
3940;Totaal;Dalfsen;1997;17400.5;8834.5;8566.0;7514.0;4126.0;3388.0;8802.0;4401.5;4400.5;809.5;180.5;629.0;275.0;126.5;148.5
3941;Totaal;Dalfsen;1998;17405.0;8848.0;8557.0;7479.5;4117.0;3362.5;8819.5;4407.5;4412.0;821.0;189.5;631.5;285.0;134.0;151.0
3942;Totaal;Dalfsen;1999;17466.5;8894.0;8572.5;7470.5;4120.0;3350.5;8856.0;4426.0;4430.0;833.0;199.0;634.0;307.0;149.0;158.0
3943;Totaal;Dalfsen;2000;17603.0;8970.5;8632.5;7522.5;4162.5;3360.0;8895.0;4444.5;4450.5;858.0;200.0;658.0;327.5;163.5;164.0
3944;Totaal;Dalfsen;2001;25951.5;13165.0;12786.5;10955.5;6068.0;4887.5;13122.5;6559.0;6563.5;1334.5;282.5;1052.0;539.0;255.5;283.5
3945;Totaal;Dalfsen;2002;26171.0;13261.0;12910.0;11051.0;6106.0;4945.0;13202.0;6601.0;6601.0;1344.0;285.5;1058.5;574.0;268.5;305.5
3946;Totaal;Dalfsen;2003;26354.5;13355.5;12999.0;11168.0;6173.5;4994.5;13226.5;6612.0;6614.5;1361.5;290.5;1071.0;598.5;279.5;319.0
3947;Totaal;Dalfsen;2004;26443.5;13412.5;13031.0;11239.0;6220.0;5019.0;13228.0;6616.0;6612.0;1361.5;293.5;1068.0;615.0;283.0;332.0
3948;Totaal;Dalfsen;2005;26449.0;13422.0;13027.0;11263.0;6240.5;5022.5;13190.0;6597.5;6592.5;1360.0;291.5;1068.5;636.0;292.5;343.5
3949;Totaal;Dalfsen;2006;26490.0;13453.5;13036.5;11334.0;6295.0;5039.0;13134.0;6567.5;6566.5;1363.5;289.0;1074.5;658.5;302.0;356.5
3950;Totaal;Dalfsen;2007;26638.0;13537.0;13101.0;11437.5;6360.0;5077.5;13138.5;6569.5;6569.0;1368.5;289.0;1079.5;693.5;318.5;375.0
3951;Totaal;Dalfsen;2008;26889.5;13670.0;13219.5;11590.0;6444.0;5146.0;13196.0;6599.5;6596.5;1376.5;292.5;1084.0;727.0;334.0;393.0
3952;Totaal;Dalfsen;2009;27151.5;13800.5;13351.0;11705.0;6506.0;5199.0;13247.5;6624.0;6623.5;1390.5;299.0;1091.5;808.5;371.5;437.0
3953;Totaal;Dalfsen;2010;27286.0;13868.0;13418.0;11744.0;6527.0;5217.0;13239.5;6617.0;6622.5;1405.5;310.5;1095.0;897.0;413.5;483.5
3954;Totaal;Dalfsen;2011;27372.5;13908.5;13464.0;11783.0;6542.0;5241.0;13239.0;6621.5;6617.5;1423.5;324.0;1099.5;927.0;421.0;506.0
3955;Totaal;Dalfsen;2012;27501.0;13959.5;13541.5;11842.0;6565.0;5277.0;13268.5;6636.0;6632.5;1438.0;328.0;1110.0;952.5;430.5;522.0
3956;Totaal;Dalfsen;2013;27622.0;14001.0;13621.0;11917.5;6596.0;5321.5;13254.5;6626.0;6628.5;1460.5;327.0;1133.5;989.5;452.0;537.5
3957;Totaal;Dalfsen;2014;27675.5;14013.5;13662.0;11936.5;6598.5;5338.0;13238.0;6616.0;6622.0;1481.5;335.5;1146.0;1019.5;463.5;556.0
3958;Totaal;Dalfsen;2015;27796.5;14074.5;13722.0;12010.0;6639.0;5371.0;13244.5;6617.0;6627.5;1487.0;342.5;1144.5;1055.0;476.0;579.0
3959;Totaal;Dalfsen;2016;27993.0;14179.0;13814.0;12131.5;6704.0;5427.5;13264.5;6627.5;6637.0;1495.5;347.5;1148.0;1101.5;500.0;601.5
3960;Totaal;Dantumadeel;1995;19681.5;9814.0;9867.5;8438.5;4605.5;3833.0;9553.5;4779.5;4774.0;1236.5;212.0;1024.5;453.0;217.0;236.0
3961;Totaal;Dantumadeel;1996;19769.5;9862.5;9907.0;8458.5;4618.0;3840.5;9577.5;4795.5;4782.0;1245.0;213.0;1032.0;488.5;236.0;252.5
3962;Totaal;Dantumadeel;1997;19873.5;9913.5;9960.0;8504.5;4640.5;3864.0;9605.5;4807.0;4798.5;1244.5;215.0;1029.5;519.0;251.0;268.0
3963;Totaal;Dantumadeel;1998;19892.0;9906.0;9986.0;8508.5;4632.5;3876.0;9609.5;4806.5;4803.0;1230.5;213.0;1017.5;543.5;254.0;289.5
3964;Totaal;Dantumadeel;1999;19843.5;9870.0;9973.5;8430.5;4592.5;3838.0;9610.5;4809.0;4801.5;1228.0;204.5;1023.5;574.5;264.0;310.5
3965;Totaal;Dantumadeel;2000;19838.0;9864.0;9974.0;8412.0;4583.5;3828.5;9602.5;4808.0;4794.5;1226.5;200.0;1026.5;597.0;272.5;324.5
3966;Totaal;Dantumadeel;2001;19804.0;9836.0;9968.0;8433.0;4589.0;3844.0;9539.5;4776.5;4763.0;1219.0;194.5;1024.5;612.5;276.0;336.5
3967;Totaal;Dantumadeel;2002;19725.0;9787.5;9937.5;8403.0;4565.0;3838.0;9491.0;4753.0;4738.0;1214.0;193.0;1021.0;617.0;276.5;340.5
3968;Totaal;Dantumadeel;2003;19723.5;9796.0;9927.5;8436.5;4578.0;3858.5;9457.5;4737.5;4720.0;1206.0;203.0;1003.0;623.5;277.5;346.0
3969;Totaal;Dantumadeel;2004;19720.5;9829.0;9891.5;8485.0;4621.0;3864.0;9400.5;4707.0;4693.5;1196.5;215.5;981.0;638.5;285.5;353.0
3970;Totaal;Dantumadeel;2005;19617.0;9801.5;9815.5;8458.5;4621.5;3837.0;9323.5;4667.0;4656.5;1183.0;220.0;963.0;652.0;293.0;359.0
3971;Totaal;Dantumadeel;2006;19508.0;9753.0;9755.0;8411.0;4605.0;3806.0;9236.0;4623.5;4612.5;1189.5;222.5;967.0;671.5;302.0;369.5
3972;Totaal;Dantumadeel;2007;19430.0;9723.0;9707.0;8368.0;4596.0;3772.0;9172.5;4591.0;4581.5;1202.0;225.5;976.5;687.5;310.5;377.0
3973;Totaal;Dantumadeel;2008;19383.0;9714.5;9668.5;8345.0;4593.0;3752.0;9129.0;4572.0;4557.0;1209.0;230.5;978.5;700.0;319.0;381.0
3974;Totaal;Dantumadeel;2009;;;;;;;;;;;;;;;
3975;Totaal;Dantumadeel;2010;;;;;;;;;;;;;;;
3976;Totaal;Dantumadeel;2011;;;;;;;;;;;;;;;
3977;Totaal;Dantumadeel;2012;;;;;;;;;;;;;;;
3978;Totaal;Dantumadeel;2013;;;;;;;;;;;;;;;
3979;Totaal;Dantumadeel;2014;;;;;;;;;;;;;;;
3980;Totaal;Dantumadeel;2015;;;;;;;;;;;;;;;
3981;Totaal;Dantumadeel;2016;;;;;;;;;;;;;;;
3982;Totaal;Dantumadiel;1995;;;;;;;;;;;;;;;
3983;Totaal;Dantumadiel;1996;;;;;;;;;;;;;;;
3984;Totaal;Dantumadiel;1997;;;;;;;;;;;;;;;
3985;Totaal;Dantumadiel;1998;;;;;;;;;;;;;;;
3986;Totaal;Dantumadiel;1999;;;;;;;;;;;;;;;
3987;Totaal;Dantumadiel;2000;;;;;;;;;;;;;;;
3988;Totaal;Dantumadiel;2001;;;;;;;;;;;;;;;
3989;Totaal;Dantumadiel;2002;;;;;;;;;;;;;;;
3990;Totaal;Dantumadiel;2003;;;;;;;;;;;;;;;
3991;Totaal;Dantumadiel;2004;;;;;;;;;;;;;;;
3992;Totaal;Dantumadiel;2005;;;;;;;;;;;;;;;
3993;Totaal;Dantumadiel;2006;;;;;;;;;;;;;;;
3994;Totaal;Dantumadiel;2007;;;;;;;;;;;;;;;
3995;Totaal;Dantumadiel;2008;;;;;;;;;;;;;;;
3996;Totaal;Dantumadiel;2009;19325.0;9692.5;9632.5;8289.0;4571.5;3717.5;9083.0;4551.5;4531.5;1208.5;234.0;974.5;744.5;335.5;409.0
3997;Totaal;Dantumadiel;2010;19296.5;9665.0;9631.5;8253.5;4551.5;3702.0;9030.5;4522.5;4508.0;1206.5;234.0;972.5;806.0;357.0;449.0
3998;Totaal;Dantumadiel;2011;19287.0;9654.0;9633.0;8257.5;4549.5;3708.0;8979.5;4493.0;4486.5;1214.5;237.5;977.0;835.5;374.0;461.5
3999;Totaal;Dantumadiel;2012;19197.0;9615.0;9582.0;8195.5;4515.0;3680.5;8943.5;4473.5;4470.0;1205.0;241.0;964.0;853.0;385.5;467.5
4000;Totaal;Dantumadiel;2013;19080.0;9562.5;9517.5;8123.5;4472.5;3651.0;8893.0;4449.5;4443.5;1190.0;244.5;945.5;873.5;396.0;477.5
4001;Totaal;Dantumadiel;2014;19044.5;9548.0;9496.5;8118.5;4461.0;3657.5;8856.5;4434.0;4422.5;1174.0;244.5;929.5;895.5;408.5;487.0
4002;Totaal;Dantumadiel;2015;19037.0;9544.5;9492.5;8126.0;4463.5;3662.5;8834.0;4422.0;4412.0;1146.0;239.0;907.0;931.0;420.0;511.0
4003;Totaal;Dantumadiel;2016;18978.5;9535.0;9443.5;8089.5;4460.5;3629.0;8801.0;4405.5;4395.5;1127.5;238.0;889.5;960.5;431.0;529.5
4004;Totaal;Delft;1995;92843.0;48474.5;44368.5;46737.5;27423.0;19314.5;36000.0;18037.0;17963.0;4999.5;843.5;4156.0;5106.0;2171.0;2935.0
4005;Totaal;Delft;1996;93629.5;48849.0;44780.5;47321.0;27700.0;19621.0;35977.5;18024.5;17953.0;4989.5;838.5;4151.0;5341.5;2286.0;3055.5
4006;Totaal;Delft;1997;94368.0;49262.5;45105.5;48009.0;28079.5;19929.5;35878.5;17980.0;17898.5;4976.5;853.5;4123.0;5504.0;2349.5;3154.5
4007;Totaal;Delft;1998;94987.0;49702.5;45284.5;48832.0;28633.0;20199.0;35567.0;17828.0;17739.0;4866.5;834.0;4032.5;5721.5;2407.5;3314.0
4008;Totaal;Delft;1999;95681.5;50104.5;45577.0;49598.0;29068.0;20530.0;35368.0;17721.0;17647.0;4823.0;821.5;4001.5;5892.5;2494.0;3398.5
4009;Totaal;Delft;2000;96137.5;50273.0;45864.5;50058.5;29221.0;20837.5;35209.5;17633.0;17576.5;4854.0;838.0;4016.0;6015.5;2581.0;3434.5
4010;Totaal;Delft;2001;96558.0;50436.0;46122.0;50620.0;29452.5;21167.5;34849.0;17454.5;17394.5;4836.5;856.5;3980.0;6252.5;2672.5;3580.0
4011;Totaal;Delft;2002;96762.0;50567.0;46195.0;51103.5;29718.0;21385.5;34412.5;17237.5;17175.0;4821.5;890.0;3931.5;6424.5;2721.5;3703.0
4012;Totaal;Delft;2003;96162.0;50289.0;45873.0;51010.5;29678.5;21332.0;33903.5;16989.5;16914.0;4787.5;907.0;3880.5;6460.5;2714.0;3746.5
4013;Totaal;Delft;2004;95424.0;49875.5;45548.5;50782.0;29523.5;21258.5;33434.0;16751.5;16682.5;4756.5;909.0;3847.5;6451.5;2691.5;3760.0
4014;Totaal;Delft;2005;95060.5;49681.5;45379.0;50946.0;29580.5;21365.5;32888.0;16467.5;16420.5;4694.5;918.5;3776.0;6532.0;2715.0;3817.0
4015;Totaal;Delft;2006;95234.5;49788.5;45446.0;51440.5;29847.5;21593.0;32503.5;16273.0;16230.5;4647.0;916.0;3731.0;6643.5;2752.0;3891.5
4016;Totaal;Delft;2007;95773.5;50141.5;45632.0;52129.5;30270.0;21859.5;32278.5;16159.5;16119.0;4614.5;924.5;3690.0;6751.0;2787.5;3963.5
4017;Totaal;Delft;2008;96342.5;50517.0;45825.5;52852.0;30723.0;22129.0;32056.5;16056.5;16000.0;4583.5;937.0;3646.5;6850.5;2800.5;4050.0
4018;Totaal;Delft;2009;96638.5;50733.0;45905.5;53257.5;31007.0;22250.5;31802.0;15930.5;15871.5;4547.5;932.5;3615.0;7031.5;2863.0;4168.5
4019;Totaal;Delft;2010;97225.0;51250.0;45975.0;53981.0;31566.5;22414.5;31559.0;15807.0;15752.0;4483.0;924.5;3558.5;7202.0;2952.0;4250.0
4020;Totaal;Delft;2011;98182.5;51976.0;46206.5;55139.0;32373.5;22765.5;31352.0;15707.0;15645.0;4425.5;913.0;3512.5;7266.0;2982.5;4283.5
4021;Totaal;Delft;2012;98886.0;52467.5;46418.5;56064.0;32963.0;23101.0;31126.5;15591.5;15535.0;4359.0;898.5;3460.5;7336.5;3014.5;4322.0
4022;Totaal;Delft;2013;99571.5;53014.0;46557.5;56986.5;33603.0;23383.5;30865.0;15466.5;15398.5;4301.5;898.5;3403.0;7418.5;3046.0;4372.5
4023;Totaal;Delft;2014;100538.0;53714.0;46824.0;58059.5;34342.0;23717.5;30717.0;15404.0;15313.0;4250.0;903.0;3347.0;7511.5;3065.0;4446.5
4024;Totaal;Delft;2015;101032.0;53986.5;47045.5;58700.0;34677.5;24022.5;30558.0;15321.0;15237.0;4188.0;896.0;3292.0;7586.0;3092.0;4494.0
4025;Totaal;Delft;2016;101207.5;53966.5;47241.0;59063.0;34717.5;24345.5;30304.0;15188.5;15115.5;4142.0;899.0;3243.0;7698.5;3161.5;4537.0
4026;Totaal;Delfzijl;1995;30743.5;15301.0;15442.5;12437.5;6847.5;5590.0;14928.5;7462.0;7466.5;1958.5;364.5;1594.0;1419.0;627.0;792.0
4027;Totaal;Delfzijl;1996;30644.5;15246.5;15398.0;12461.0;6851.5;5609.5;14744.0;7375.5;7368.5;1961.0;368.5;1592.5;1478.5;651.0;827.5
4028;Totaal;Delfzijl;1997;30281.0;15064.0;15217.0;12300.5;6774.0;5526.5;14467.0;7239.5;7227.5;1962.5;368.0;1594.5;1551.0;682.5;868.5
4029;Totaal;Delfzijl;1998;29806.0;14867.0;14939.0;12059.0;6694.5;5364.5;14214.0;7113.0;7101.0;1939.5;359.0;1580.5;1593.5;700.5;893.0
4030;Totaal;Delfzijl;1999;29305.5;14636.5;14669.0;11781.5;6568.0;5213.5;14018.0;7013.5;7004.5;1926.5;357.0;1569.5;1579.5;698.0;881.5
4031;Totaal;Delfzijl;2000;28993.0;14452.5;14540.5;11588.5;6436.5;5152.0;13886.5;6951.0;6935.5;1947.5;367.5;1580.0;1570.5;697.5;873.0
4032;Totaal;Delfzijl;2001;28994.5;14450.0;14544.5;11630.5;6448.0;5182.5;13815.0;6917.5;6897.5;1959.5;380.0;1579.5;1589.5;704.5;885.0
4033;Totaal;Delfzijl;2002;28995.0;14470.0;14525.0;11731.5;6510.0;5221.5;13708.5;6864.5;6844.0;1945.0;380.5;1564.5;1610.0;715.0;895.0
4034;Totaal;Delfzijl;2003;28890.5;14447.0;14443.5;11766.0;6541.5;5224.5;13565.5;6795.5;6770.0;1928.5;384.0;1544.5;1630.5;726.0;904.5
4035;Totaal;Delfzijl;2004;28627.5;14348.5;14279.0;11689.5;6519.5;5170.0;13392.0;6712.0;6680.0;1918.0;386.5;1531.5;1628.0;730.5;897.5
4036;Totaal;Delfzijl;2005;28217.5;14146.0;14071.5;11492.0;6407.5;5084.5;13202.0;6625.0;6577.0;1909.0;388.0;1521.0;1614.5;725.5;889.0
4037;Totaal;Delfzijl;2006;27821.0;13927.0;13894.0;11289.5;6272.0;5017.5;13026.0;6538.0;6488.0;1890.0;390.5;1499.5;1615.5;726.5;889.0
4038;Totaal;Delfzijl;2007;27483.5;13756.0;13727.5;11134.0;6185.5;4948.5;12837.0;6441.0;6396.0;1870.0;388.0;1482.0;1642.5;741.5;901.0
4039;Totaal;Delfzijl;2008;27029.0;13517.5;13511.5;10875.5;6041.0;4834.5;12631.5;6338.5;6293.0;1860.5;389.0;1471.5;1661.5;749.0;912.5
4040;Totaal;Delfzijl;2009;26689.5;13346.5;13343.0;10621.5;5904.0;4717.5;12492.0;6273.0;6219.0;1864.0;395.5;1468.5;1712.0;774.0;938.0
4041;Totaal;Delfzijl;2010;26601.0;13316.0;13285.0;10574.5;5887.5;4687.0;12354.5;6206.0;6148.5;1868.0;397.5;1470.5;1804.0;825.0;979.0
4042;Totaal;Delfzijl;2011;26436.0;13225.5;13210.5;10587.0;5880.5;4706.5;12145.5;6095.0;6050.5;1865.0;403.0;1462.0;1838.5;847.0;991.5
4043;Totaal;Delfzijl;2012;26165.0;13093.5;13071.5;10516.5;5844.0;4672.5;11928.0;5977.5;5950.5;1864.5;415.5;1449.0;1856.0;856.5;999.5
4044;Totaal;Delfzijl;2013;25861.5;12947.5;12914.0;10420.5;5804.0;4616.5;11690.5;5853.5;5837.0;1857.5;420.0;1437.5;1893.0;870.0;1023.0
4045;Totaal;Delfzijl;2014;25553.5;12817.0;12736.5;10318.5;5751.0;4567.5;11466.5;5755.5;5711.0;1835.5;423.5;1412.0;1933.0;887.0;1046.0
4046;Totaal;Delfzijl;2015;25238.5;12671.0;12567.5;10240.5;5695.5;4545.0;11221.5;5630.5;5591.0;1811.5;434.0;1377.5;1965.0;911.0;1054.0
4047;Totaal;Delfzijl;2016;25016.5;12565.5;12451.0;10240.5;5686.0;4554.5;10981.0;5503.5;5477.5;1796.5;439.5;1357.0;1998.5;936.5;1062.0
4048;Totaal;Denekamp;1995;12351.0;6274.5;6076.5;5400.5;3014.5;2386.0;6112.5;3056.5;3056.0;668.0;115.5;552.5;170.0;88.0;82.0
4049;Totaal;Denekamp;1996;12387.5;6287.5;6100.0;5394.5;3009.5;2385.0;6128.5;3061.5;3067.0;680.5;118.5;562.0;184.0;98.0;86.0
4050;Totaal;Denekamp;1997;12359.5;6260.0;6099.5;5331.0;2969.5;2361.5;6134.0;3062.0;3072.0;694.0;124.5;569.5;200.5;104.0;96.5
4051;Totaal;Denekamp;1998;12328.5;6242.5;6086.0;5296.5;2950.5;2346.0;6130.5;3060.5;3070.0;696.5;130.5;566.0;205.0;101.0;104.0
4052;Totaal;Denekamp;1999;12391.0;6275.0;6116.0;5339.5;2969.0;2370.5;6147.5;3070.0;3077.5;698.0;132.5;565.5;206.0;103.5;102.5
4053;Totaal;Denekamp;2000;12461.5;6323.0;6138.5;1573.0;1216.0;357.0;9536.5;4763.5;4773.0;1068.0;209.0;859.0;284.0;134.5;149.5
4054;Totaal;Denekamp;2001;26030.0;13242.5;12787.5;11284.5;6326.5;4958.0;12928.5;6460.5;6468.0;1450.0;292.0;1158.0;367.0;163.5;203.5
4055;Totaal;Denekamp;2002;26030.5;13232.0;12798.5;11303.5;6328.5;4975.0;12871.0;6436.5;6434.5;1464.5;296.0;1168.5;391.5;171.0;220.5
4056;Totaal;Denekamp;2003;;;;;;;;;;;;;;;
4057;Totaal;Denekamp;2004;;;;;;;;;;;;;;;
4058;Totaal;Denekamp;2005;;;;;;;;;;;;;;;
4059;Totaal;Denekamp;2006;;;;;;;;;;;;;;;
4060;Totaal;Denekamp;2007;;;;;;;;;;;;;;;
4061;Totaal;Denekamp;2008;;;;;;;;;;;;;;;
4062;Totaal;Denekamp;2009;;;;;;;;;;;;;;;
4063;Totaal;Denekamp;2010;;;;;;;;;;;;;;;
4064;Totaal;Denekamp;2011;;;;;;;;;;;;;;;
4065;Totaal;Denekamp;2012;;;;;;;;;;;;;;;
4066;Totaal;Denekamp;2013;;;;;;;;;;;;;;;
4067;Totaal;Denekamp;2014;;;;;;;;;;;;;;;
4068;Totaal;Denekamp;2015;;;;;;;;;;;;;;;
4069;Totaal;Denekamp;2016;;;;;;;;;;;;;;;
4070;Totaal;Deurne;1995;31397.5;15929.0;15468.5;13590.0;7477.0;6113.0;15613.5;7804.5;7809.0;1354.5;259.5;1095.0;839.5;388.0;451.5
4071;Totaal;Deurne;1996;31704.5;16068.0;15636.5;13743.0;7554.0;6189.0;15698.0;7840.5;7857.5;1400.0;274.5;1125.5;863.5;399.0;464.5
4072;Totaal;Deurne;1997;31973.0;16193.0;15780.0;13878.5;7620.5;6258.0;15754.0;7869.0;7885.0;1438.0;287.5;1150.5;902.5;416.0;486.5
4073;Totaal;Deurne;1998;31979.0;16173.0;15806.0;13842.5;7591.5;6251.0;15714.0;7851.0;7863.0;1466.5;296.0;1170.5;956.0;434.5;521.5
4074;Totaal;Deurne;1999;31976.0;16141.5;15834.5;13813.5;7557.5;6256.0;15660.0;7824.5;7835.5;1478.5;298.5;1180.0;1024.0;461.0;563.0
4075;Totaal;Deurne;2000;32036.5;16159.0;15877.5;13838.0;7564.0;6274.0;15629.0;7810.5;7818.5;1496.0;303.5;1192.5;1073.5;481.0;592.5
4076;Totaal;Deurne;2001;32084.5;16177.5;15907.0;13859.0;7579.0;6280.0;15589.5;7791.5;7798.0;1535.5;320.0;1215.5;1100.5;487.0;613.5
4077;Totaal;Deurne;2002;32127.0;16221.0;15906.0;13916.5;7632.0;6284.5;15511.5;7752.5;7759.0;1551.0;333.0;1218.0;1148.0;503.5;644.5
4078;Totaal;Deurne;2003;32106.5;16218.0;15888.5;13936.0;7648.5;6287.5;15420.0;7708.0;7712.0;1550.0;339.0;1211.0;1200.5;522.5;678.0
4079;Totaal;Deurne;2004;32043.0;16181.0;15862.0;13913.5;7641.5;6272.0;15307.0;7651.5;7655.5;1575.0;345.0;1230.0;1247.5;543.0;704.5
4080;Totaal;Deurne;2005;31928.0;16123.5;15804.5;13841.5;7617.0;6224.5;15204.5;7602.0;7602.5;1595.0;349.5;1245.5;1287.0;555.0;732.0
4081;Totaal;Deurne;2006;31847.0;16059.5;15787.5;13786.5;7581.5;6205.0;15121.0;7564.0;7557.0;1607.0;348.0;1259.0;1332.5;566.0;766.5
4082;Totaal;Deurne;2007;31742.0;15971.5;15770.5;13714.5;7523.5;6191.0;15022.5;7516.0;7506.5;1626.5;343.0;1283.5;1378.5;589.0;789.5
4083;Totaal;Deurne;2008;31554.5;15870.0;15684.5;13600.0;7454.5;6145.5;14894.5;7451.0;7443.5;1641.5;350.0;1291.5;1418.5;614.5;804.0
4084;Totaal;Deurne;2009;31496.0;15829.5;15666.5;13553.0;7419.0;6134.0;14790.5;7397.5;7393.0;1670.5;366.5;1304.0;1482.0;646.5;835.5
4085;Totaal;Deurne;2010;31601.0;15875.5;15725.5;13605.0;7445.0;6160.0;14744.0;7375.5;7368.5;1700.5;377.0;1323.5;1551.5;678.0;873.5
4086;Totaal;Deurne;2011;31719.0;15963.0;15756.0;13674.5;7502.0;6172.5;14732.5;7371.5;7361.0;1709.5;384.5;1325.0;1602.5;705.0;897.5
4087;Totaal;Deurne;2012;31747.5;15985.0;15762.5;13678.5;7510.5;6168.0;14696.0;7352.0;7344.0;1725.5;395.0;1330.5;1647.5;727.5;920.0
4088;Totaal;Deurne;2013;31696.0;15932.0;15764.0;13660.0;7492.0;6168.0;14579.0;7291.0;7288.0;1756.0;398.5;1357.5;1701.0;750.5;950.5
4089;Totaal;Deurne;2014;31712.0;15921.5;15790.5;13728.0;7528.5;6199.5;14418.5;7211.5;7207.0;1798.5;405.0;1393.5;1767.0;776.5;990.5
4090;Totaal;Deurne;2015;31821.5;15993.5;15828.0;13877.0;7620.5;6256.5;14293.0;7150.5;7142.5;1819.5;416.5;1403.0;1832.0;806.0;1026.0
4091;Totaal;Deurne;2016;31905.5;16054.5;15851.0;13965.0;7677.0;6288.0;14215.0;7115.0;7100.0;1821.5;418.0;1403.5;1904.0;844.5;1059.5
4092;Totaal;Deventer;1995;69038.5;33574.5;35464.0;31441.0;16466.0;14975.0;29563.0;14779.5;14783.5;4443.0;784.0;3659.0;3591.5;1545.0;2046.5
4093;Totaal;Deventer;1996;69077.0;33608.0;35469.0;31650.5;16572.0;15078.5;29272.0;14634.5;14637.5;4445.0;793.5;3651.5;3709.5;1608.0;2101.5
4094;Totaal;Deventer;1997;69898.0;34035.5;35862.5;32363.5;16932.0;15431.5;29265.0;14639.0;14626.0;4415.5;788.0;3627.5;3854.0;1676.5;2177.5
4095;Totaal;Deventer;1998;71301.5;34788.0;36513.5;33449.5;17530.5;15919.0;29452.5;14745.0;14707.5;4323.0;761.5;3561.5;4076.5;1751.0;2325.5
4096;Totaal;Deventer;1999;83259.5;40742.5;42517.0;38514.5;20281.0;18233.5;35301.0;17666.0;17635.0;4954.0;883.5;4070.5;4490.0;1912.0;2578.0
4097;Totaal;Deventer;2000;84482.0;41386.5;43095.5;39318.0;20738.5;18579.5;35617.5;17801.0;17816.5;5014.0;903.5;4110.5;4532.5;1943.5;2589.0
4098;Totaal;Deventer;2001;85540.0;41946.5;43593.5;40044.0;21149.5;18894.5;35814.5;17899.5;17915.0;5020.5;910.0;4110.5;4661.0;1987.5;2673.5
4099;Totaal;Deventer;2002;86799.0;42583.5;44215.5;41020.0;21636.0;19384.0;35927.0;17970.5;17956.5;5006.5;920.0;4086.5;4845.5;2057.0;2788.5
4100;Totaal;Deventer;2003;88334.0;43379.0;44955.0;42253.5;22254.5;19999.0;36058.0;18026.5;18031.5;4976.0;947.0;4029.0;5046.5;2151.0;2895.5
4101;Totaal;Deventer;2004;89711.5;44132.0;45579.5;43365.5;22855.5;20510.0;36169.5;18071.5;18098.0;4949.0;960.5;3988.5;5227.5;2244.5;2983.0
4102;Totaal;Deventer;2005;96080.0;47360.0;48720.0;46222.0;24437.0;21785.0;39026.0;19500.0;19526.0;5261.0;1032.0;4229.0;5571.0;2391.0;3180.0
4103;Totaal;Deventer;2006;96578.5;47615.0;48963.5;46494.0;24590.5;21903.5;39100.5;19537.5;19563.0;5239.5;1035.0;4204.5;5744.5;2452.0;3292.5
4104;Totaal;Deventer;2007;96979.5;47822.5;49157.0;46785.5;24733.0;22052.5;39082.0;19530.0;19552.0;5201.0;1037.5;4163.5;5911.0;2522.0;3389.0
4105;Totaal;Deventer;2008;97617.0;48175.5;49441.5;47274.0;24997.5;22276.5;39062.0;19512.0;19550.0;5182.0;1050.0;4132.0;6099.0;2616.0;3483.0
4106;Totaal;Deventer;2009;98207.5;48464.0;49743.5;47613.0;25148.5;22464.5;39043.5;19483.0;19560.5;5161.5;1059.5;4102.0;6389.5;2773.0;3616.5
4107;Totaal;Deventer;2010;98630.0;48613.0;50017.0;47919.0;25215.0;22704.0;38953.0;19432.0;19521.0;5132.0;1071.5;4060.5;6626.0;2894.5;3731.5
4108;Totaal;Deventer;2011;98704.5;48590.0;50114.5;48025.5;25199.5;22826.0;38835.5;19375.5;19460.0;5108.0;1077.0;4031.0;6735.5;2938.0;3797.5
4109;Totaal;Deventer;2012;98626.5;48548.5;50078.0;48027.0;25174.0;22853.0;38634.5;19266.5;19368.0;5086.5;1101.0;3985.5;6878.5;3007.0;3871.5
4110;Totaal;Deventer;2013;98451.5;48501.0;49950.5;48035.0;25178.5;22856.5;38317.5;19107.5;19210.0;5058.5;1129.0;3929.5;7040.5;3086.0;3954.5
4111;Totaal;Deventer;2014;98431.0;48572.5;49858.5;48163.5;25314.5;22849.0;38019.0;18963.5;19055.5;5016.5;1133.0;3883.5;7232.0;3161.5;4070.5
4112;Totaal;Deventer;2015;98704.5;48813.0;49891.5;48452.5;25544.0;22908.5;37807.0;18863.0;18944.0;4992.5;1148.0;3844.5;7452.5;3258.0;4194.5
4113;Totaal;Deventer;2016;99082.0;49001.0;50081.0;48747.0;25685.0;23062.0;37667.0;18789.0;18878.0;4981.0;1162.0;3819.0;7687.0;3365.0;4322.0
4114;Totaal;Didam;1995;16516.0;8364.0;8152.0;6727.5;3742.5;2985.0;8561.5;4281.0;4280.5;812.0;151.0;661.0;415.0;189.5;225.5
4115;Totaal;Didam;1996;16577.5;8396.0;8181.5;6749.5;3763.0;2986.5;8554.0;4277.0;4277.0;827.5;154.5;673.0;446.5;201.5;245.0
4116;Totaal;Didam;1997;16587.5;8394.0;8193.5;6718.5;3748.0;2970.5;8547.0;4273.5;4273.5;851.5;164.0;687.5;470.5;208.5;262.0
4117;Totaal;Didam;1998;16592.0;8382.0;8210.0;6660.0;3715.0;2945.0;8567.5;4285.0;4282.5;868.5;169.0;699.5;496.0;213.0;283.0
4118;Totaal;Didam;1999;16600.5;8382.5;8218.0;6630.0;3694.5;2935.5;8574.0;4289.5;4284.5;879.0;175.5;703.5;517.5;223.0;294.5
4119;Totaal;Didam;2000;16602.0;8370.0;8232.0;6608.0;3673.0;2935.0;8558.5;4282.5;4276.0;901.0;178.5;722.5;534.5;236.0;298.5
4120;Totaal;Didam;2001;16668.0;8386.0;8282.0;6628.5;3681.0;2947.5;8556.5;4281.0;4275.5;910.5;175.5;735.0;572.5;248.5;324.0
4121;Totaal;Didam;2002;16758.5;8429.5;8329.0;6691.0;3715.0;2976.0;8544.5;4274.0;4270.5;918.5;181.5;737.0;604.5;259.0;345.5
4122;Totaal;Didam;2003;16867.0;8470.0;8397.0;6763.5;3739.0;3024.5;8543.5;4273.5;4270.0;932.0;190.0;742.0;628.0;267.5;360.5
4123;Totaal;Didam;2004;16945.5;8478.0;8467.5;6815.5;3738.5;3077.0;8527.5;4267.0;4260.5;951.5;196.0;755.5;651.0;276.5;374.5
4124;Totaal;Didam;2005;;;;;;;;;;;;;;;
4125;Totaal;Didam;2006;;;;;;;;;;;;;;;
4126;Totaal;Didam;2007;;;;;;;;;;;;;;;
4127;Totaal;Didam;2008;;;;;;;;;;;;;;;
4128;Totaal;Didam;2009;;;;;;;;;;;;;;;
4129;Totaal;Didam;2010;;;;;;;;;;;;;;;
4130;Totaal;Didam;2011;;;;;;;;;;;;;;;
4131;Totaal;Didam;2012;;;;;;;;;;;;;;;
4132;Totaal;Didam;2013;;;;;;;;;;;;;;;
4133;Totaal;Didam;2014;;;;;;;;;;;;;;;
4134;Totaal;Didam;2015;;;;;;;;;;;;;;;
4135;Totaal;Didam;2016;;;;;;;;;;;;;;;
4136;Totaal;Diemen;1995;23271.0;11434.5;11836.5;10920.5;5706.5;5214.0;9733.0;4870.5;4862.5;1097.0;204.0;893.0;1520.5;653.5;867.0
4137;Totaal;Diemen;1996;23617.5;11570.5;12047.0;11133.5;5788.0;5345.5;9784.0;4896.5;4887.5;1107.5;208.0;899.5;1592.5;678.0;914.5
4138;Totaal;Diemen;1997;23805.0;11655.5;12149.5;11293.0;5872.5;5420.5;9740.5;4874.5;4866.0;1115.5;207.5;908.0;1656.0;701.0;955.0
4139;Totaal;Diemen;1998;23834.0;11660.0;12174.0;11431.5;5946.0;5485.5;9573.5;4782.5;4791.0;1099.0;207.5;891.5;1730.0;724.0;1006.0
4140;Totaal;Diemen;1999;23818.0;11690.0;12128.0;11524.5;6023.0;5501.5;9432.5;4719.0;4713.5;1087.5;211.5;876.0;1773.5;736.5;1037.0
4141;Totaal;Diemen;2000;23821.0;11736.5;12084.5;11574.0;6082.5;5491.5;9390.0;4707.0;4683.0;1078.0;216.5;861.5;1779.0;730.5;1048.5
4142;Totaal;Diemen;2001;23903.0;11783.0;12120.0;11678.0;6145.5;5532.5;9362.5;4693.5;4669.0;1072.0;219.5;852.5;1790.5;724.5;1066.0
4143;Totaal;Diemen;2002;24008.5;11816.5;12192.0;11873.5;6226.5;5647.0;9241.5;4635.5;4606.0;1082.5;223.5;859.0;1811.0;731.0;1080.0
4144;Totaal;Diemen;2003;24047.5;11777.0;12270.5;11985.5;6223.5;5762.0;9125.5;4582.5;4543.0;1091.0;226.5;864.5;1845.5;744.5;1101.0
4145;Totaal;Diemen;2004;23990.5;11713.0;12277.5;11973.5;6193.5;5780.0;9042.0;4540.5;4501.5;1117.0;228.5;888.5;1858.0;750.5;1107.5
4146;Totaal;Diemen;2005;23883.0;11646.0;12237.0;11928.5;6173.0;5755.5;8967.5;4502.0;4465.5;1139.0;233.5;905.5;1848.0;737.5;1110.5
4147;Totaal;Diemen;2006;23861.0;11623.0;12238.0;11947.0;6168.0;5779.0;8904.0;4476.5;4427.5;1144.0;242.5;901.5;1866.0;736.0;1130.0
4148;Totaal;Diemen;2007;23967.0;11679.0;12288.0;12073.5;6229.5;5844.0;8833.0;4442.0;4391.0;1146.5;244.0;902.5;1914.0;763.5;1150.5
4149;Totaal;Diemen;2008;24203.5;11765.5;12438.0;12384.0;6350.5;6033.5;8720.5;4388.0;4332.5;1147.5;243.5;904.0;1951.5;783.5;1168.0
4150;Totaal;Diemen;2009;24523.0;11878.0;12645.0;12713.5;6460.5;6253.0;8657.0;4361.5;4295.5;1146.0;243.0;903.0;2006.5;813.0;1193.5
4151;Totaal;Diemen;2010;24848.5;12016.5;12832.0;12943.5;6553.0;6390.5;8694.5;4379.0;4315.5;1163.5;251.5;912.0;2047.0;833.0;1214.0
4152;Totaal;Diemen;2011;24973.5;12067.5;12906.0;13067.5;6605.5;6462.0;8674.0;4372.0;4302.0;1165.5;256.5;909.0;2066.5;833.5;1233.0
4153;Totaal;Diemen;2012;25076.5;12135.5;12941.0;13200.5;6689.0;6511.5;8627.5;4345.5;4282.0;1143.5;246.5;897.0;2105.0;854.5;1250.5
4154;Totaal;Diemen;2013;25574.0;12420.5;13153.5;13692.5;6980.0;6712.5;8617.0;4328.0;4289.0;1132.0;244.5;887.5;2132.5;868.0;1264.5
4155;Totaal;Diemen;2014;26298.0;12837.5;13460.5;14399.5;7383.5;7016.0;8622.5;4326.0;4296.5;1127.5;254.5;873.0;2148.5;873.5;1275.0
4156;Totaal;Diemen;2015;26753.0;13113.0;13640.0;14810.5;7626.0;7184.5;8667.5;4346.5;4321.0;1116.5;256.5;860.0;2158.5;884.0;1274.5
4157;Totaal;Diemen;2016;27056.0;13208.5;13847.5;15052.5;7695.0;7357.5;8745.0;4388.0;4357.0;1103.0;246.5;856.5;2155.5;879.0;1276.5
4158;Totaal;Diepenheim;1995;2725.5;1373.5;1352.0;1060.5;595.0;465.5;1445.5;722.5;723.0;181.0;39.0;142.0;38.5;17.0;21.5
4159;Totaal;Diepenheim;1996;2769.0;1393.5;1375.5;1084.0;606.0;478.0;1463.5;730.5;733.0;177.5;36.5;141.0;44.0;20.5;23.5
4160;Totaal;Diepenheim;1997;2756.0;1381.5;1374.5;1080.5;599.5;481.0;1462.5;730.5;732.0;170.5;32.5;138.0;42.5;19.0;23.5
4161;Totaal;Diepenheim;1998;2748.5;1372.0;1376.5;1086.0;596.5;489.5;1452.5;725.5;727.0;167.0;32.5;134.5;43.0;17.5;25.5
4162;Totaal;Diepenheim;1999;2763.0;1365.5;1397.5;1097.0;591.5;505.5;1448.0;723.0;725.0;172.0;33.0;139.0;46.0;18.0;28.0
4163;Totaal;Diepenheim;2000;2763.5;1355.0;1408.5;1095.5;582.5;513.0;1446.5;723.5;723.0;175.5;32.0;143.5;46.0;17.0;29.0
4164;Totaal;Diepenheim;2001;;;;;;;;;;;;;;;
4165;Totaal;Diepenheim;2002;;;;;;;;;;;;;;;
4166;Totaal;Diepenheim;2003;;;;;;;;;;;;;;;
4167;Totaal;Diepenheim;2004;;;;;;;;;;;;;;;
4168;Totaal;Diepenheim;2005;;;;;;;;;;;;;;;
4169;Totaal;Diepenheim;2006;;;;;;;;;;;;;;;
4170;Totaal;Diepenheim;2007;;;;;;;;;;;;;;;
4171;Totaal;Diepenheim;2008;;;;;;;;;;;;;;;
4172;Totaal;Diepenheim;2009;;;;;;;;;;;;;;;
4173;Totaal;Diepenheim;2010;;;;;;;;;;;;;;;
4174;Totaal;Diepenheim;2011;;;;;;;;;;;;;;;
4175;Totaal;Diepenheim;2012;;;;;;;;;;;;;;;
4176;Totaal;Diepenheim;2013;;;;;;;;;;;;;;;
4177;Totaal;Diepenheim;2014;;;;;;;;;;;;;;;
4178;Totaal;Diepenheim;2015;;;;;;;;;;;;;;;
4179;Totaal;Diepenheim;2016;;;;;;;;;;;;;;;
4180;Totaal;Diepenveen;1995;10539.0;5245.5;5293.5;4101.5;2237.5;1864.0;5569.0;2787.5;2781.5;638.0;125.0;513.0;230.5;95.5;135.0
4181;Totaal;Diepenveen;1996;10490.0;5233.0;5257.0;4066.0;2232.5;1833.5;5543.0;2775.5;2767.5;635.0;123.0;512.0;246.0;102.0;144.0
4182;Totaal;Diepenveen;1997;10483.5;5223.0;5260.5;4052.5;2221.0;1831.5;5535.5;2770.0;2765.5;637.5;124.5;513.0;258.0;107.5;150.5
4183;Totaal;Diepenveen;1998;10579.5;5248.5;5331.0;4086.0;2221.5;1864.5;5568.5;2784.5;2784.0;647.0;129.0;518.0;278.0;113.5;164.5
4184;Totaal;Diepenveen;1999;;;;;;;;;;;;;;;
4185;Totaal;Diepenveen;2000;;;;;;;;;;;;;;;
4186;Totaal;Diepenveen;2001;;;;;;;;;;;;;;;
4187;Totaal;Diepenveen;2002;;;;;;;;;;;;;;;
4188;Totaal;Diepenveen;2003;;;;;;;;;;;;;;;
4189;Totaal;Diepenveen;2004;;;;;;;;;;;;;;;
4190;Totaal;Diepenveen;2005;;;;;;;;;;;;;;;
4191;Totaal;Diepenveen;2006;;;;;;;;;;;;;;;
4192;Totaal;Diepenveen;2007;;;;;;;;;;;;;;;
4193;Totaal;Diepenveen;2008;;;;;;;;;;;;;;;
4194;Totaal;Diepenveen;2009;;;;;;;;;;;;;;;
4195;Totaal;Diepenveen;2010;;;;;;;;;;;;;;;
4196;Totaal;Diepenveen;2011;;;;;;;;;;;;;;;
4197;Totaal;Diepenveen;2012;;;;;;;;;;;;;;;
4198;Totaal;Diepenveen;2013;;;;;;;;;;;;;;;
4199;Totaal;Diepenveen;2014;;;;;;;;;;;;;;;
4200;Totaal;Diepenveen;2015;;;;;;;;;;;;;;;
4201;Totaal;Diepenveen;2016;;;;;;;;;;;;;;;
4202;Totaal;Diessen;1995;4167.0;2181.5;1985.5;1811.0;1046.5;764.5;2178.5;1089.5;1089.0;127.0;15.0;112.0;50.5;30.5;20.0
4203;Totaal;Diessen;1996;4196.5;2199.0;1997.5;1820.0;1056.5;763.5;2181.0;1090.5;1090.5;137.5;17.5;120.0;58.0;34.5;23.5
4204;Totaal;Diessen;1997;;;;;;;;;;;;;;;
4205;Totaal;Diessen;1998;;;;;;;;;;;;;;;
4206;Totaal;Diessen;1999;;;;;;;;;;;;;;;
4207;Totaal;Diessen;2000;;;;;;;;;;;;;;;
4208;Totaal;Diessen;2001;;;;;;;;;;;;;;;
4209;Totaal;Diessen;2002;;;;;;;;;;;;;;;
4210;Totaal;Diessen;2003;;;;;;;;;;;;;;;
4211;Totaal;Diessen;2004;;;;;;;;;;;;;;;
4212;Totaal;Diessen;2005;;;;;;;;;;;;;;;
4213;Totaal;Diessen;2006;;;;;;;;;;;;;;;
4214;Totaal;Diessen;2007;;;;;;;;;;;;;;;
4215;Totaal;Diessen;2008;;;;;;;;;;;;;;;
4216;Totaal;Diessen;2009;;;;;;;;;;;;;;;
4217;Totaal;Diessen;2010;;;;;;;;;;;;;;;
4218;Totaal;Diessen;2011;;;;;;;;;;;;;;;
4219;Totaal;Diessen;2012;;;;;;;;;;;;;;;
4220;Totaal;Diessen;2013;;;;;;;;;;;;;;;
4221;Totaal;Diessen;2014;;;;;;;;;;;;;;;
4222;Totaal;Diessen;2015;;;;;;;;;;;;;;;
4223;Totaal;Diessen;2016;;;;;;;;;;;;;;;
4224;Totaal;Diever;1995;3696.5;1842.5;1854.0;1416.0;775.0;641.0;1906.0;952.5;953.5;238.0;47.0;191.0;136.5;68.0;68.5
4225;Totaal;Diever;1996;3764.5;1878.0;1886.5;1458.0;798.5;659.5;1928.5;963.0;965.5;240.0;46.5;193.5;138.0;70.0;68.0
4226;Totaal;Diever;1997;3827.5;1914.5;1913.0;1511.0;830.0;681.0;1944.0;972.0;972.0;241.0;46.5;194.5;131.5;66.0;65.5
4227;Totaal;Diever;1998;;;;;;;;;;;;;;;
4228;Totaal;Diever;1999;;;;;;;;;;;;;;;
4229;Totaal;Diever;2000;;;;;;;;;;;;;;;
4230;Totaal;Diever;2001;;;;;;;;;;;;;;;
4231;Totaal;Diever;2002;;;;;;;;;;;;;;;
4232;Totaal;Diever;2003;;;;;;;;;;;;;;;
4233;Totaal;Diever;2004;;;;;;;;;;;;;;;
4234;Totaal;Diever;2005;;;;;;;;;;;;;;;
4235;Totaal;Diever;2006;;;;;;;;;;;;;;;
4236;Totaal;Diever;2007;;;;;;;;;;;;;;;
4237;Totaal;Diever;2008;;;;;;;;;;;;;;;
4238;Totaal;Diever;2009;;;;;;;;;;;;;;;
4239;Totaal;Diever;2010;;;;;;;;;;;;;;;
4240;Totaal;Diever;2011;;;;;;;;;;;;;;;
4241;Totaal;Diever;2012;;;;;;;;;;;;;;;
4242;Totaal;Diever;2013;;;;;;;;;;;;;;;
4243;Totaal;Diever;2014;;;;;;;;;;;;;;;
4244;Totaal;Diever;2015;;;;;;;;;;;;;;;
4245;Totaal;Diever;2016;;;;;;;;;;;;;;;
4246;Totaal;Dinkelland;1995;;;;;;;;;;;;;;;
4247;Totaal;Dinkelland;1996;;;;;;;;;;;;;;;
4248;Totaal;Dinkelland;1997;;;;;;;;;;;;;;;
4249;Totaal;Dinkelland;1998;;;;;;;;;;;;;;;
4250;Totaal;Dinkelland;1999;;;;;;;;;;;;;;;
4251;Totaal;Dinkelland;2000;;;;;;;;;;;;;;;
4252;Totaal;Dinkelland;2001;;;;;;;;;;;;;;;
4253;Totaal;Dinkelland;2002;;;;;;;;;;;;;;;
4254;Totaal;Dinkelland;2003;26045.5;13216.0;12829.5;11307.0;6317.0;4990.0;12844.5;6425.5;6419.0;1481.0;297.5;1183.5;413.0;176.0;237.0
4255;Totaal;Dinkelland;2004;26098.5;13232.0;12866.5;11330.5;6324.0;5006.5;12832.0;6419.5;6412.5;1501.5;306.0;1195.5;434.5;182.5;252.0
4256;Totaal;Dinkelland;2005;26097.5;13222.5;12875.0;11350.0;6326.0;5024.0;12767.5;6389.5;6378.0;1515.5;311.5;1204.0;464.5;195.5;269.0
4257;Totaal;Dinkelland;2006;26076.5;13206.5;12870.0;11368.5;6330.0;5038.5;12702.5;6356.0;6346.5;1517.0;314.0;1203.0;488.5;206.5;282.0
4258;Totaal;Dinkelland;2007;26088.5;13236.0;12852.5;11405.0;6365.0;5040.0;12651.0;6327.0;6324.0;1515.0;320.0;1195.0;517.5;224.0;293.5
4259;Totaal;Dinkelland;2008;26091.0;13267.0;12824.0;11415.5;6394.0;5021.5;12619.0;6310.5;6308.5;1519.0;322.5;1196.5;537.5;240.0;297.5
4260;Totaal;Dinkelland;2009;26062.0;13245.5;12816.5;11370.5;6366.5;5004.0;12544.5;6275.5;6269.0;1527.0;319.5;1207.5;620.0;284.0;336.0
4261;Totaal;Dinkelland;2010;26062.5;13229.0;12833.5;11372.5;6358.5;5014.0;12433.0;6217.0;6216.0;1536.5;317.0;1219.5;720.5;336.5;384.0
4262;Totaal;Dinkelland;2011;26070.0;13236.5;12833.5;11425.5;6390.0;5035.5;12330.5;6166.0;6164.5;1551.5;325.0;1226.5;762.5;355.5;407.0
4263;Totaal;Dinkelland;2012;26064.5;13241.5;12823.0;11427.5;6392.0;5035.5;12259.0;6134.5;6124.5;1570.0;339.0;1231.0;808.0;376.0;432.0
4264;Totaal;Dinkelland;2013;26001.5;13240.5;12761.0;11397.5;6401.0;4996.5;12175.5;6094.0;6081.5;1570.5;347.0;1223.5;858.0;398.5;459.5
4265;Totaal;Dinkelland;2014;25937.5;13224.0;12713.5;11394.5;6415.0;4979.5;12049.5;6030.0;6019.5;1576.5;354.0;1222.5;917.0;425.0;492.0
4266;Totaal;Dinkelland;2015;26024.0;13260.5;12763.5;11493.5;6449.0;5044.5;11994.5;6006.0;5988.5;1575.0;354.5;1220.5;961.0;451.0;510.0
4267;Totaal;Dinkelland;2016;26182.0;13365.0;12817.0;11628.0;6533.0;5095.0;11991.5;6008.0;5983.5;1564.0;352.0;1212.0;998.5;472.0;526.5
4268;Totaal;Dinteloord en Prinsenland;1995;5717.0;2888.5;2828.5;2205.5;1234.5;971.0;3012.0;1505.0;1507.0;320.5;55.5;265.0;179.0;93.5;85.5
4269;Totaal;Dinteloord en Prinsenland;1996;5761.0;2896.5;2864.5;2245.0;1243.0;1002.0;2996.5;1495.0;1501.5;323.0;55.5;267.5;196.5;103.0;93.5
4270;Totaal;Dinteloord en Prinsenland;1997;;;;;;;;;;;;;;;
4271;Totaal;Dinteloord en Prinsenland;1998;;;;;;;;;;;;;;;
4272;Totaal;Dinteloord en Prinsenland;1999;;;;;;;;;;;;;;;
4273;Totaal;Dinteloord en Prinsenland;2000;;;;;;;;;;;;;;;
4274;Totaal;Dinteloord en Prinsenland;2001;;;;;;;;;;;;;;;
4275;Totaal;Dinteloord en Prinsenland;2002;;;;;;;;;;;;;;;
4276;Totaal;Dinteloord en Prinsenland;2003;;;;;;;;;;;;;;;
4277;Totaal;Dinteloord en Prinsenland;2004;;;;;;;;;;;;;;;
4278;Totaal;Dinteloord en Prinsenland;2005;;;;;;;;;;;;;;;
4279;Totaal;Dinteloord en Prinsenland;2006;;;;;;;;;;;;;;;
4280;Totaal;Dinteloord en Prinsenland;2007;;;;;;;;;;;;;;;
4281;Totaal;Dinteloord en Prinsenland;2008;;;;;;;;;;;;;;;
4282;Totaal;Dinteloord en Prinsenland;2009;;;;;;;;;;;;;;;
4283;Totaal;Dinteloord en Prinsenland;2010;;;;;;;;;;;;;;;
4284;Totaal;Dinteloord en Prinsenland;2011;;;;;;;;;;;;;;;
4285;Totaal;Dinteloord en Prinsenland;2012;;;;;;;;;;;;;;;
4286;Totaal;Dinteloord en Prinsenland;2013;;;;;;;;;;;;;;;
4287;Totaal;Dinteloord en Prinsenland;2014;;;;;;;;;;;;;;;
4288;Totaal;Dinteloord en Prinsenland;2015;;;;;;;;;;;;;;;
4289;Totaal;Dinteloord en Prinsenland;2016;;;;;;;;;;;;;;;
4290;Totaal;Dinxperlo;1995;8599.0;4277.5;4321.5;3561.0;1907.5;1653.5;4356.0;2175.0;2181.0;493.5;113.5;380.0;188.5;81.5;107.0
4291;Totaal;Dinxperlo;1996;8665.0;4323.0;4342.0;3585.5;1931.5;1654.0;4376.5;2185.0;2191.5;501.5;118.0;383.5;201.5;88.5;113.0
4292;Totaal;Dinxperlo;1997;8657.0;4318.0;4339.0;3574.5;1927.5;1647.0;4346.0;2170.0;2176.0;515.0;122.0;393.0;221.5;98.5;123.0
4293;Totaal;Dinxperlo;1998;8636.0;4309.5;4326.5;3554.5;1926.0;1628.5;4315.0;2156.5;2158.5;521.5;118.0;403.5;245.0;109.0;136.0
4294;Totaal;Dinxperlo;1999;8618.0;4309.0;4309.0;3540.5;1931.0;1609.5;4293.0;2149.5;2143.5;529.0;117.5;411.5;255.5;111.0;144.5
4295;Totaal;Dinxperlo;2000;8598.0;4304.5;4293.5;3534.0;1931.5;1602.5;4278.5;2143.5;2135.0;530.5;121.0;409.5;255.0;108.5;146.5
4296;Totaal;Dinxperlo;2001;8568.5;4289.5;4279.0;3531.5;1929.5;1602.0;4245.0;2123.5;2121.5;526.0;121.0;405.0;266.0;115.5;150.5
4297;Totaal;Dinxperlo;2002;8577.0;4287.0;4290.0;3541.5;1934.0;1607.5;4220.5;2109.5;2111.0;531.5;120.0;411.5;283.5;123.5;160.0
4298;Totaal;Dinxperlo;2003;8575.5;4287.5;4288.0;3532.0;1939.0;1593.0;4234.0;2114.5;2119.5;524.5;112.0;412.5;285.0;122.0;163.0
4299;Totaal;Dinxperlo;2004;8540.0;4259.0;4281.0;3503.0;1920.0;1583.0;4232.0;2111.5;2120.5;522.0;108.0;414.0;283.0;119.5;163.5
4300;Totaal;Dinxperlo;2005;;;;;;;;;;;;;;;
4301;Totaal;Dinxperlo;2006;;;;;;;;;;;;;;;
4302;Totaal;Dinxperlo;2007;;;;;;;;;;;;;;;
4303;Totaal;Dinxperlo;2008;;;;;;;;;;;;;;;
4304;Totaal;Dinxperlo;2009;;;;;;;;;;;;;;;
4305;Totaal;Dinxperlo;2010;;;;;;;;;;;;;;;
4306;Totaal;Dinxperlo;2011;;;;;;;;;;;;;;;
4307;Totaal;Dinxperlo;2012;;;;;;;;;;;;;;;
4308;Totaal;Dinxperlo;2013;;;;;;;;;;;;;;;
4309;Totaal;Dinxperlo;2014;;;;;;;;;;;;;;;
4310;Totaal;Dinxperlo;2015;;;;;;;;;;;;;;;
4311;Totaal;Dinxperlo;2016;;;;;;;;;;;;;;;
4312;Totaal;Dirksland;1995;7806.0;3840.5;3965.5;3168.5;1668.0;1500.5;3997.5;1999.5;1998.0;427.5;66.0;361.5;212.5;107.0;105.5
4313;Totaal;Dirksland;1996;7875.5;3877.5;3998.0;3170.0;1675.0;1495.0;4045.0;2020.5;2024.5;432.5;68.5;364.0;228.0;113.5;114.5
4314;Totaal;Dirksland;1997;7914.0;3900.0;4014.0;3170.0;1678.0;1492.0;4065.5;2028.5;2037.0;434.5;72.5;362.0;244.0;121.0;123.0
4315;Totaal;Dirksland;1998;8055.0;3970.5;4084.5;3239.5;1715.0;1524.5;4131.0;2060.5;2070.5;433.0;70.0;363.0;251.5;125.0;126.5
4316;Totaal;Dirksland;1999;8156.5;4026.5;4130.0;3298.0;1751.5;1546.5;4168.0;2084.0;2084.0;446.0;70.5;375.5;244.5;120.5;124.0
4317;Totaal;Dirksland;2000;8185.0;4045.0;4140.0;3318.0;1760.5;1557.5;4169.5;2090.0;2079.5;459.0;76.0;383.0;238.5;118.5;120.0
4318;Totaal;Dirksland;2001;8231.0;4071.5;4159.5;3354.5;1781.0;1573.5;4161.0;2086.0;2075.0;467.0;80.5;386.5;248.5;124.0;124.5
4319;Totaal;Dirksland;2002;8259.5;4100.0;4159.5;3395.5;1816.5;1579.0;4136.5;2072.5;2064.0;468.5;80.0;388.5;259.0;131.0;128.0
4320;Totaal;Dirksland;2003;8262.5;4109.5;4153.0;3411.0;1829.5;1581.5;4116.5;2062.0;2054.5;469.0;82.0;387.0;266.0;136.0;130.0
4321;Totaal;Dirksland;2004;8283.5;4114.5;4169.0;3432.5;1833.0;1599.5;4105.0;2054.5;2050.5;471.0;86.5;384.5;275.0;140.5;134.5
4322;Totaal;Dirksland;2005;8307.0;4123.5;4183.5;3452.5;1842.5;1610.0;4096.0;2048.5;2047.5;470.0;86.5;383.5;288.5;146.0;142.5
4323;Totaal;Dirksland;2006;8318.5;4140.5;4178.0;3457.0;1860.5;1596.5;4092.5;2046.5;2046.0;476.5;90.5;386.0;292.5;143.0;149.5
4324;Totaal;Dirksland;2007;8322.5;4152.0;4170.5;3451.0;1869.5;1581.5;4077.5;2040.0;2037.5;491.5;98.0;393.5;302.5;144.5;158.0
4325;Totaal;Dirksland;2008;8335.5;4155.0;4180.5;3461.5;1874.0;1587.5;4057.5;2032.5;2025.0;498.0;98.5;399.5;318.5;150.0;168.5
4326;Totaal;Dirksland;2009;8393.0;4173.5;4219.5;3475.5;1872.5;1603.0;4064.0;2034.0;2030.0;501.0;99.5;401.5;352.5;167.5;185.0
4327;Totaal;Dirksland;2010;8423.5;4191.5;4232.0;3455.5;1866.0;1589.5;4074.0;2038.0;2036.0;501.5;98.5;403.0;392.5;189.0;203.5
4328;Totaal;Dirksland;2011;8442.0;4212.5;4229.5;3469.5;1883.0;1586.5;4087.5;2044.0;2043.5;486.5;93.0;393.5;398.5;192.5;206.0
4329;Totaal;Dirksland;2012;8501.0;4256.0;4245.0;3490.5;1905.0;1585.5;4130.0;2062.5;2067.5;473.5;90.0;383.5;407.0;198.5;208.5
4330;Totaal;Dirksland;2013;;;;;;;;;;;;;;;
4331;Totaal;Dirksland;2014;;;;;;;;;;;;;;;
4332;Totaal;Dirksland;2015;;;;;;;;;;;;;;;
4333;Totaal;Dirksland;2016;;;;;;;;;;;;;;;
4334;Totaal;Dodewaard;1995;4143.0;2088.0;2055.0;1729.5;945.5;784.0;2119.0;1059.5;1059.5;194.5;37.0;157.5;100.0;46.0;54.0
4335;Totaal;Dodewaard;1996;4157.0;2096.0;2061.0;1737.0;947.0;790.0;2118.0;1060.5;1057.5;200.0;40.0;160.0;102.0;48.5;53.5
4336;Totaal;Dodewaard;1997;4228.5;2126.0;2102.5;1760.0;954.0;806.0;2148.5;1073.5;1075.0;207.0;43.0;164.0;113.0;55.5;57.5
4337;Totaal;Dodewaard;1998;4354.0;2186.5;2167.5;1814.0;982.0;832.0;2202.0;1099.5;1102.5;216.5;46.0;170.5;121.5;59.0;62.5
4338;Totaal;Dodewaard;1999;4423.5;2221.5;2202.0;1854.5;1000.0;854.5;2226.5;1113.0;1113.5;219.5;46.5;173.0;123.0;62.0;61.0
4339;Totaal;Dodewaard;2000;4486.5;2264.0;2222.5;1903.0;1032.0;871.0;2239.0;1121.0;1118.0;216.5;44.5;172.0;128.0;66.5;61.5
4340;Totaal;Dodewaard;2001;4519.5;2289.5;2230.0;1933.5;1056.0;877.5;2244.0;1123.5;1120.5;212.0;43.5;168.5;130.0;66.5;63.5
4341;Totaal;Dodewaard;2002;;;;;;;;;;;;;;;
4342;Totaal;Dodewaard;2003;;;;;;;;;;;;;;;
4343;Totaal;Dodewaard;2004;;;;;;;;;;;;;;;
4344;Totaal;Dodewaard;2005;;;;;;;;;;;;;;;
4345;Totaal;Dodewaard;2006;;;;;;;;;;;;;;;
4346;Totaal;Dodewaard;2007;;;;;;;;;;;;;;;
4347;Totaal;Dodewaard;2008;;;;;;;;;;;;;;;
4348;Totaal;Dodewaard;2009;;;;;;;;;;;;;;;
4349;Totaal;Dodewaard;2010;;;;;;;;;;;;;;;
4350;Totaal;Dodewaard;2011;;;;;;;;;;;;;;;
4351;Totaal;Dodewaard;2012;;;;;;;;;;;;;;;
4352;Totaal;Dodewaard;2013;;;;;;;;;;;;;;;
4353;Totaal;Dodewaard;2014;;;;;;;;;;;;;;;
4354;Totaal;Dodewaard;2015;;;;;;;;;;;;;;;
4355;Totaal;Dodewaard;2016;;;;;;;;;;;;;;;
4356;Totaal;Doesburg;1995;10814.0;5370.5;5443.5;4459.0;2422.5;2036.5;5213.5;2606.5;2607.0;636.5;111.0;525.5;505.0;230.5;274.5
4357;Totaal;Doesburg;1996;10882.5;5408.5;5474.0;4490.5;2446.5;2044.0;5243.0;2621.0;2622.0;635.5;111.5;524.0;513.5;229.5;284.0
4358;Totaal;Doesburg;1997;11000.0;5459.0;5541.0;4526.0;2452.0;2074.0;5308.5;2656.0;2652.5;637.0;114.0;523.0;528.5;237.0;291.5
4359;Totaal;Doesburg;1998;11231.0;5576.5;5654.5;4633.5;2504.0;2129.5;5393.5;2697.5;2696.0;634.5;114.5;520.0;569.5;260.5;309.0
4360;Totaal;Doesburg;1999;11402.0;5662.0;5740.0;4709.0;2545.0;2164.0;5462.0;2727.5;2734.5;634.5;117.0;517.5;596.5;272.5;324.0
4361;Totaal;Doesburg;2000;11476.0;5694.0;5782.0;4746.0;2559.0;2187.0;5497.5;2745.5;2752.0;628.0;115.5;512.5;604.5;274.0;330.5
4362;Totaal;Doesburg;2001;11497.0;5692.0;5805.0;4773.5;2563.5;2210.0;5457.5;2726.5;2731.0;625.0;112.0;513.0;641.0;290.0;351.0
4363;Totaal;Doesburg;2002;11444.0;5655.5;5788.5;4761.0;2553.0;2208.0;5370.5;2684.0;2686.5;636.5;115.0;521.5;676.0;303.5;372.5
4364;Totaal;Doesburg;2003;11429.0;5647.0;5782.0;4751.5;2549.0;2202.5;5336.5;2666.5;2670.0;641.5;119.0;522.5;699.5;312.5;387.0
4365;Totaal;Doesburg;2004;11413.5;5636.0;5777.5;4763.0;2550.0;2213.0;5281.0;2637.5;2643.5;643.5;126.5;517.0;726.0;322.0;404.0
4366;Totaal;Doesburg;2005;11460.0;5646.5;5813.5;4813.5;2562.5;2251.0;5244.5;2619.0;2625.5;643.5;129.0;514.5;758.5;336.0;422.5
4367;Totaal;Doesburg;2006;11566.0;5694.5;5871.5;4876.0;2589.0;2287.0;5264.0;2627.5;2636.5;637.5;130.0;507.5;788.5;348.0;440.5
4368;Totaal;Doesburg;2007;11580.0;5708.0;5872.0;4889.0;2604.0;2285.0;5258.5;2622.0;2636.5;634.0;135.5;498.5;798.5;346.5;452.0
4369;Totaal;Doesburg;2008;11535.0;5669.5;5865.5;4846.0;2574.5;2271.5;5226.5;2607.0;2619.5;638.5;137.0;501.5;824.0;351.0;473.0
4370;Totaal;Doesburg;2009;11551.5;5654.5;5897.0;4814.0;2538.0;2276.0;5204.5;2596.0;2608.5;651.0;144.0;507.0;882.0;376.5;505.5
4371;Totaal;Doesburg;2010;11618.0;5683.0;5935.0;4812.5;2535.5;2277.0;5204.0;2593.0;2611.0;665.5;153.5;512.0;936.0;401.0;535.0
4372;Totaal;Doesburg;2011;11617.0;5674.5;5942.5;4794.5;2522.5;2272.0;5185.5;2584.0;2601.5;675.0;156.0;519.0;962.0;412.0;550.0
4373;Totaal;Doesburg;2012;11568.5;5651.0;5917.5;4760.0;2500.5;2259.5;5125.5;2554.5;2571.0;688.5;163.5;525.0;994.5;432.5;562.0
4374;Totaal;Doesburg;2013;11488.0;5623.5;5864.5;4700.5;2479.0;2221.5;5050.5;2518.0;2532.5;697.5;170.0;527.5;1039.5;456.5;583.0
4375;Totaal;Doesburg;2014;11396.0;5572.0;5824.0;4650.5;2455.0;2195.5;4989.0;2485.0;2504.0;689.0;168.5;520.5;1067.5;463.5;604.0
4376;Totaal;Doesburg;2015;11345.5;5534.0;5811.5;4642.5;2442.0;2200.5;4946.0;2460.0;2486.0;674.0;167.5;506.5;1083.0;464.5;618.5
4377;Totaal;Doesburg;2016;11338.5;5534.5;5804.0;4638.0;2437.5;2200.5;4928.5;2453.0;2475.5;677.5;169.5;508.0;1094.5;474.5;620.0
4378;Totaal;Doetinchem;1995;44009.0;21690.5;22318.5;18403.5;9851.0;8552.5;20988.0;10495.0;10493.0;2668.0;518.0;2150.0;1949.5;826.5;1123.0
4379;Totaal;Doetinchem;1996;44300.5;21864.0;22436.5;18577.0;9970.0;8607.0;21050.0;10523.0;10527.0;2641.5;514.5;2127.0;2032.0;856.5;1175.5
4380;Totaal;Doetinchem;1997;44930.5;22185.5;22745.0;18939.5;10170.0;8769.5;21246.0;10616.5;10629.5;2612.5;506.0;2106.5;2132.5;893.0;1239.5
4381;Totaal;Doetinchem;1998;45778.0;22596.0;23182.0;19387.0;10395.5;8991.5;21530.5;10764.0;10766.5;2592.0;501.0;2091.0;2268.5;935.5;1333.0
4382;Totaal;Doetinchem;1999;46606.5;22986.5;23620.0;19865.5;10619.5;9246.0;21759.0;10886.0;10873.0;2610.0;509.5;2100.5;2372.0;971.5;1400.5
4383;Totaal;Doetinchem;2000;47354.5;23330.0;24024.5;20301.0;10821.5;9479.5;21966.0;10986.5;10979.5;2663.0;524.5;2138.5;2424.5;997.5;1427.0
4384;Totaal;Doetinchem;2001;48221.5;23772.0;24449.5;20878.0;11144.0;9734.0;22071.5;11035.0;11036.5;2702.0;532.5;2169.5;2570.0;1060.5;1509.5
4385;Totaal;Doetinchem;2002;48900.0;24124.5;24775.5;21330.5;11401.5;9929.0;22120.0;11061.5;11058.5;2721.0;535.0;2186.0;2728.5;1126.5;1602.0
4386;Totaal;Doetinchem;2003;49301.0;24356.5;24944.5;21599.0;11560.0;10039.0;22147.5;11080.5;11067.0;2716.5;539.0;2177.5;2838.0;1177.0;1661.0
4387;Totaal;Doetinchem;2004;49627.5;24556.5;25071.0;21933.0;11762.0;10171.0;22036.5;11028.5;11008.0;2724.0;548.5;2175.5;2934.0;1217.5;1716.5
4388;Totaal;Doetinchem;2005;56754.5;28159.0;28595.5;25193.0;13571.0;11622.0;25268.0;12646.5;12621.5;3146.0;621.0;2525.0;3147.5;1320.5;1827.0
4389;Totaal;Doetinchem;2006;56496.5;27991.0;28505.5;25041.5;13462.5;11579.0;25087.5;12553.0;12534.5;3160.0;627.5;2532.5;3207.5;1348.0;1859.5
4390;Totaal;Doetinchem;2007;56245.5;27829.0;28416.5;24900.5;13366.5;11534.0;24891.5;12445.0;12446.5;3169.5;638.0;2531.5;3284.0;1379.5;1904.5
4391;Totaal;Doetinchem;2008;56194.5;27801.5;28393.0;24942.0;13382.0;11560.0;24745.0;12373.0;12372.0;3161.0;650.5;2510.5;3346.5;1396.0;1950.5
4392;Totaal;Doetinchem;2009;56122.0;27764.5;28357.5;24900.5;13353.0;11547.5;24607.0;12307.0;12300.0;3146.0;660.5;2485.5;3468.5;1444.0;2024.5
4393;Totaal;Doetinchem;2010;56072.5;27736.5;28336.0;24903.5;13341.5;11562.0;24393.0;12199.5;12193.5;3154.5;678.0;2476.5;3621.5;1517.5;2104.0
4394;Totaal;Doetinchem;2011;56144.5;27791.0;28353.5;25022.5;13388.5;11634.0;24234.5;12127.0;12107.5;3151.5;700.0;2451.5;3736.0;1575.5;2160.5
4395;Totaal;Doetinchem;2012;56333.0;27860.0;28473.0;25238.0;13457.5;11780.5;24125.5;12071.5;12054.0;3140.5;722.5;2418.0;3829.0;1608.5;2220.5
4396;Totaal;Doetinchem;2013;56379.0;27852.0;28527.0;25354.5;13494.5;11860.0;23961.5;11982.0;11979.5;3131.5;730.0;2401.5;3931.5;1645.5;2286.0
4397;Totaal;Doetinchem;2014;56414.0;27874.0;28540.0;25467.0;13553.5;11913.5;23750.5;11875.0;11875.5;3133.5;732.5;2401.0;4063.0;1713.0;2350.0
4398;Totaal;Doetinchem;2015;56655.5;28054.0;28601.5;25708.0;13695.0;12013.0;23587.5;11814.5;11773.0;3153.0;752.5;2400.5;4207.0;1792.0;2415.0
4399;Totaal;Doetinchem;2016;56947.5;28228.5;28719.0;25984.0;13863.0;12121.0;23462.0;11747.5;11714.5;3162.5;761.0;2401.5;4339.0;1857.0;2482.0
4400;Totaal;Domburg;1995;3924.0;1924.0;2000.0;1485.5;793.5;692.0;2053.5;1019.0;1034.5;272.0;56.0;216.0;113.0;55.5;57.5
4401;Totaal;Domburg;1996;3922.0;1920.0;2002.0;1479.5;789.5;690.0;2045.0;1016.5;1028.5;274.5;53.5;221.0;123.0;60.5;62.5
4402;Totaal;Domburg;1997;;;;;;;;;;;;;;;
4403;Totaal;Domburg;1998;;;;;;;;;;;;;;;
4404;Totaal;Domburg;1999;;;;;;;;;;;;;;;
4405;Totaal;Domburg;2000;;;;;;;;;;;;;;;
4406;Totaal;Domburg;2001;;;;;;;;;;;;;;;
4407;Totaal;Domburg;2002;;;;;;;;;;;;;;;
4408;Totaal;Domburg;2003;;;;;;;;;;;;;;;
4409;Totaal;Domburg;2004;;;;;;;;;;;;;;;
4410;Totaal;Domburg;2005;;;;;;;;;;;;;;;
4411;Totaal;Domburg;2006;;;;;;;;;;;;;;;
4412;Totaal;Domburg;2007;;;;;;;;;;;;;;;
4413;Totaal;Domburg;2008;;;;;;;;;;;;;;;
4414;Totaal;Domburg;2009;;;;;;;;;;;;;;;
4415;Totaal;Domburg;2010;;;;;;;;;;;;;;;
4416;Totaal;Domburg;2011;;;;;;;;;;;;;;;
4417;Totaal;Domburg;2012;;;;;;;;;;;;;;;
4418;Totaal;Domburg;2013;;;;;;;;;;;;;;;
4419;Totaal;Domburg;2014;;;;;;;;;;;;;;;
4420;Totaal;Domburg;2015;;;;;;;;;;;;;;;
4421;Totaal;Domburg;2016;;;;;;;;;;;;;;;
4422;Totaal;Dongen;1995;21594.0;10808.5;10785.5;8853.0;4784.5;4068.5;10870.5;5443.5;5427.0;1072.0;208.5;863.5;798.5;372.0;426.5
4423;Totaal;Dongen;1996;21765.5;10904.0;10861.5;8890.5;4818.5;4072.0;10967.0;5490.0;5477.0;1078.0;206.5;871.5;830.0;389.0;441.0
4424;Totaal;Dongen;1997;24206.5;12135.0;12071.5;9814.5;5333.0;4481.5;12273.0;6137.5;6135.5;1190.5;222.0;968.5;928.5;442.5;486.0
4425;Totaal;Dongen;1998;24454.0;12273.5;12180.5;9911.0;5406.0;4505.0;12360.0;6180.0;6180.0;1198.0;221.0;977.0;985.0;466.5;518.5
4426;Totaal;Dongen;1999;24712.5;12392.0;12320.5;10046.5;5471.5;4575.0;12418.0;6208.0;6210.0;1210.0;225.0;985.0;1038.0;487.5;550.5
4427;Totaal;Dongen;2000;24834.0;12434.0;12400.0;10111.0;5487.5;4623.5;12432.5;6214.5;6218.0;1224.0;227.0;997.0;1066.5;505.0;561.5
4428;Totaal;Dongen;2001;24999.5;12538.0;12461.5;10278.5;5605.5;4673.0;12390.0;6197.0;6193.0;1240.5;220.0;1020.5;1090.5;515.5;575.0
4429;Totaal;Dongen;2002;25145.5;12619.5;12526.0;10460.5;5726.5;4734.0;12308.0;6154.0;6154.0;1258.5;214.0;1044.5;1118.5;525.0;593.5
4430;Totaal;Dongen;2003;25227.0;12668.0;12559.0;10532.0;5769.5;4762.5;12270.0;6135.5;6134.5;1275.0;227.5;1047.5;1150.0;535.5;614.5
4431;Totaal;Dongen;2004;25419.5;12779.5;12640.0;10668.0;5846.5;4821.5;12253.0;6132.5;6120.5;1313.0;250.0;1063.0;1185.5;550.5;635.0
4432;Totaal;Dongen;2005;25545.5;12815.0;12730.5;10760.5;5880.5;4880.0;12210.5;6105.5;6105.0;1359.0;262.5;1096.5;1215.5;566.5;649.0
4433;Totaal;Dongen;2006;25516.5;12767.0;12749.5;10742.0;5849.0;4893.0;12140.0;6068.0;6072.0;1381.0;271.0;1110.0;1253.5;579.0;674.5
4434;Totaal;Dongen;2007;25458.5;12703.5;12755.0;10707.5;5804.5;4903.0;12059.0;6030.5;6028.5;1398.5;277.5;1121.0;1293.5;591.0;702.5
4435;Totaal;Dongen;2008;25426.5;12679.0;12747.5;10709.0;5806.5;4902.5;11962.0;5978.5;5983.5;1402.0;277.0;1125.0;1353.5;617.0;736.5
4436;Totaal;Dongen;2009;25236.0;12557.0;12679.0;10577.5;5729.5;4848.0;11816.5;5900.5;5916.0;1404.5;279.0;1125.5;1437.5;648.0;789.5
4437;Totaal;Dongen;2010;25081.0;12458.5;12622.5;10477.5;5661.5;4816.0;11681.0;5832.5;5848.5;1422.5;293.0;1129.5;1500.0;671.5;828.5
4438;Totaal;Dongen;2011;25153.0;12490.0;12663.0;10539.0;5690.5;4848.5;11626.5;5804.5;5822.0;1432.0;298.5;1133.5;1555.5;696.5;859.0
4439;Totaal;Dongen;2012;25293.5;12544.5;12749.0;10637.0;5724.0;4913.0;11626.0;5804.5;5821.5;1432.0;299.5;1132.5;1598.5;716.5;882.0
4440;Totaal;Dongen;2013;25370.0;12598.5;12771.5;10687.5;5753.0;4934.5;11632.0;5811.0;5821.0;1433.5;310.5;1123.0;1617.0;724.0;893.0
4441;Totaal;Dongen;2014;25376.5;12616.0;12760.5;10677.5;5767.0;4910.5;11601.5;5790.0;5811.5;1434.5;316.5;1118.0;1663.0;742.5;920.5
4442;Totaal;Dongen;2015;25404.0;12633.0;12771.0;10722.0;5791.5;4930.5;11523.0;5745.5;5777.5;1436.5;325.5;1111.0;1722.5;770.5;952.0
4443;Totaal;Dongen;2016;25461.0;12685.0;12776.0;10768.5;5831.5;4937.0;11481.0;5725.5;5755.5;1451.5;342.0;1109.5;1760.0;786.0;974.0
4444;Totaal;Dongeradeel;1995;24348.0;12225.0;12123.0;10803.5;5958.0;4845.5;11452.5;5722.5;5730.0;1383.0;228.5;1154.5;709.0;316.0;393.0
4445;Totaal;Dongeradeel;1996;24383.0;12220.5;12162.5;10807.0;5950.0;4857.0;11433.0;5716.0;5717.0;1405.5;228.0;1177.5;737.5;326.5;411.0
4446;Totaal;Dongeradeel;1997;24410.0;12246.0;12164.0;10777.5;5945.0;4832.5;11445.0;5730.0;5715.0;1413.5;224.5;1189.0;774.0;346.5;427.5
4447;Totaal;Dongeradeel;1998;24370.5;12256.5;12114.0;10697.0;5923.0;4774.0;11461.0;5749.5;5711.5;1402.5;223.5;1179.0;810.0;360.5;449.5
4448;Totaal;Dongeradeel;1999;24313.5;12228.0;12085.5;10619.0;5885.0;4734.0;11459.5;5745.5;5714.0;1400.5;226.5;1174.0;834.5;371.0;463.5
4449;Totaal;Dongeradeel;2000;24490.5;12320.0;12170.5;10747.0;5965.5;4781.5;11457.0;5734.5;5722.5;1411.5;226.0;1185.5;875.0;394.0;481.0
4450;Totaal;Dongeradeel;2001;24839.5;12523.5;12316.0;10973.0;6106.0;4867.0;11527.0;5774.0;5753.0;1414.5;224.5;1190.0;925.0;419.0;506.0
4451;Totaal;Dongeradeel;2002;24957.0;12572.5;12384.5;11075.5;6146.5;4929.0;11513.0;5773.0;5740.0;1413.5;223.5;1190.0;955.0;429.5;525.5
4452;Totaal;Dongeradeel;2003;24984.5;12560.0;12424.5;11144.5;6163.5;4981.0;11460.0;5744.5;5715.5;1407.0;220.5;1186.5;973.0;431.5;541.5
4453;Totaal;Dongeradeel;2004;25062.0;12589.0;12473.0;11218.5;6188.5;5030.0;11440.5;5732.5;5708.0;1398.0;227.5;1170.5;1005.0;440.5;564.5
4454;Totaal;Dongeradeel;2005;25075.0;12577.5;12497.5;11276.0;6193.5;5082.5;11356.5;5688.5;5668.0;1402.0;237.0;1165.0;1040.5;458.5;582.0
4455;Totaal;Dongeradeel;2006;24945.5;12485.5;12460.0;11256.5;6161.0;5095.5;11234.5;5620.0;5614.5;1405.0;240.0;1165.0;1049.5;464.5;585.0
4456;Totaal;Dongeradeel;2007;24775.5;12403.0;12372.5;11172.0;6120.5;5051.5;11148.0;5575.5;5572.5;1387.0;240.0;1147.0;1068.5;467.0;601.5
4457;Totaal;Dongeradeel;2008;24652.0;12360.5;12291.5;11075.0;6071.0;5004.0;11111.5;5566.0;5545.5;1364.0;241.5;1122.5;1101.5;482.0;619.5
4458;Totaal;Dongeradeel;2009;24509.5;12290.5;12219.0;10922.5;5983.5;4939.0;11068.5;5547.5;5521.0;1334.5;239.5;1095.0;1184.0;520.0;664.0
4459;Totaal;Dongeradeel;2010;24350.5;12212.5;12138.0;10754.0;5904.5;4849.5;11016.5;5513.0;5503.5;1308.0;235.0;1073.0;1272.0;560.0;712.0
4460;Totaal;Dongeradeel;2011;24288.0;12190.5;12097.5;10721.0;5893.0;4828.0;10958.5;5478.5;5480.0;1302.0;241.5;1060.5;1306.5;577.5;729.0
4461;Totaal;Dongeradeel;2012;24252.5;12166.5;12086.0;10748.0;5894.0;4854.0;10841.5;5420.5;5421.0;1316.5;253.5;1063.0;1346.5;598.5;748.0
4462;Totaal;Dongeradeel;2013;24190.5;12113.0;12077.5;10780.0;5897.5;4882.5;10674.0;5336.5;5337.5;1342.5;262.0;1080.5;1394.0;617.0;777.0
4463;Totaal;Dongeradeel;2014;24071.5;12043.0;12028.5;10773.5;5886.5;4887.0;10497.5;5248.0;5249.5;1357.5;273.0;1084.5;1443.0;635.5;807.5
4464;Totaal;Dongeradeel;2015;23957.5;11988.5;11969.0;10777.0;5879.0;4898.0;10330.5;5163.5;5167.0;1363.5;283.5;1080.0;1486.5;662.5;824.0
4465;Totaal;Dongeradeel;2016;23916.5;11960.5;11956.0;10828.0;5893.5;4934.5;10185.5;5093.0;5092.5;1368.0;287.5;1080.5;1535.0;686.5;848.5
4466;Totaal;Doorn;1995;10273.0;4779.0;5494.0;4138.0;2091.0;2047.0;4751.0;2368.0;2383.0;981.0;167.0;814.0;403.0;153.0;250.0
4467;Totaal;Doorn;1996;10171.0;4767.5;5403.5;4087.5;2088.5;1999.0;4711.0;2349.0;2362.0;947.0;166.0;781.0;425.5;164.0;261.5
4468;Totaal;Doorn;1997;10098.5;4744.0;5354.5;4016.5;2066.5;1950.0;4679.5;2330.5;2349.0;952.0;175.5;776.5;450.5;171.5;279.0
4469;Totaal;Doorn;1998;10049.0;4691.5;5357.5;3950.0;2020.0;1930.0;4671.5;2327.0;2344.5;954.5;173.5;781.0;473.0;171.0;302.0
4470;Totaal;Doorn;1999;9993.0;4659.5;5333.5;3919.0;1996.0;1923.0;4658.5;2327.0;2331.5;946.0;166.5;779.5;469.5;170.0;299.5
4471;Totaal;Doorn;2000;10046.0;4693.5;5352.5;3955.5;2024.0;1931.5;4674.5;2335.5;2339.0;952.0;159.0;793.0;464.0;175.0;289.0
4472;Totaal;Doorn;2001;10164.5;4759.0;5405.5;4053.5;2085.0;1968.5;4678.5;2336.5;2342.0;948.0;156.0;792.0;484.5;181.5;303.0
4473;Totaal;Doorn;2002;10199.5;4776.5;5423.0;4109.5;2108.0;2001.5;4636.5;2316.5;2320.0;938.0;160.5;777.5;515.5;191.5;324.0
4474;Totaal;Doorn;2003;10228.0;4789.5;5438.5;4177.5;2139.0;2038.5;4591.0;2296.0;2295.0;928.0;161.0;767.0;531.5;193.5;338.0
4475;Totaal;Doorn;2004;10272.0;4819.0;5453.0;4267.5;2182.0;2085.5;4534.5;2271.5;2263.0;914.0;160.0;754.0;556.0;205.5;350.5
4476;Totaal;Doorn;2005;10135.5;4728.0;5407.5;4179.0;2107.0;2072.0;4475.5;2239.0;2236.5;884.5;154.5;730.0;596.5;227.5;369.0
4477;Totaal;Doorn;2006;;;;;;;;;;;;;;;
4478;Totaal;Doorn;2007;;;;;;;;;;;;;;;
4479;Totaal;Doorn;2008;;;;;;;;;;;;;;;
4480;Totaal;Doorn;2009;;;;;;;;;;;;;;;
4481;Totaal;Doorn;2010;;;;;;;;;;;;;;;
4482;Totaal;Doorn;2011;;;;;;;;;;;;;;;
4483;Totaal;Doorn;2012;;;;;;;;;;;;;;;
4484;Totaal;Doorn;2013;;;;;;;;;;;;;;;
4485;Totaal;Doorn;2014;;;;;;;;;;;;;;;
4486;Totaal;Doorn;2015;;;;;;;;;;;;;;;
4487;Totaal;Doorn;2016;;;;;;;;;;;;;;;
4488;Totaal;Dordrecht;1995;115142.5;56477.5;58665.0;49314.5;26322.5;22992.0;51957.5;26002.5;25955.0;6997.5;1164.5;5833.0;6873.0;2988.0;3885.0
4489;Totaal;Dordrecht;1996;116727.0;57307.5;59419.5;50342.0;26881.0;23461.0;52201.5;26117.5;26084.0;6966.0;1148.0;5818.0;7217.5;3161.0;4056.5
4490;Totaal;Dordrecht;1997;117688.0;57807.0;59881.0;51044.5;27276.5;23768.0;52218.0;26121.5;26096.5;6963.0;1145.0;5818.0;7462.5;3264.0;4198.5
4491;Totaal;Dordrecht;1998;118790.0;58361.0;60429.0;51912.0;27707.0;24205.0;52276.0;26161.0;26115.0;6835.5;1131.0;5704.5;7766.5;3362.0;4404.5
4492;Totaal;Dordrecht;1999;119641.5;58787.5;60854.0;52674.5;28077.0;24597.5;52297.0;26167.0;26130.0;6786.0;1130.5;5655.5;7884.0;3413.0;4471.0
4493;Totaal;Dordrecht;2000;119921.0;58961.5;60959.5;53124.5;28319.5;24805.0;52009.5;26029.0;25980.5;6864.0;1156.5;5707.5;7923.0;3456.5;4466.5
4494;Totaal;Dordrecht;2001;120121.5;59091.0;61030.5;53593.0;28554.0;25039.0;51572.5;25817.5;25755.0;6838.0;1180.5;5657.5;8118.0;3539.0;4579.0
4495;Totaal;Dordrecht;2002;120132.5;59053.0;61079.5;54041.5;28726.0;25315.5;51053.0;25558.0;25495.0;6779.5;1189.0;5590.5;8258.5;3580.0;4678.5
4496;Totaal;Dordrecht;2003;119846.0;58851.5;60994.5;54273.0;28788.5;25484.5;50499.0;25286.0;25213.0;6751.5;1188.0;5563.5;8322.5;3589.0;4733.5
4497;Totaal;Dordrecht;2004;119456.0;58612.0;60844.0;54352.0;28795.5;25556.5;49982.5;25022.0;24960.5;6724.5;1180.0;5544.5;8397.0;3614.5;4782.5
4498;Totaal;Dordrecht;2005;119042.0;58338.0;60704.0;54374.5;28759.5;25615.0;49468.0;24756.0;24712.0;6694.5;1172.0;5522.5;8505.0;3650.5;4854.5
4499;Totaal;Dordrecht;2006;118681.0;58137.0;60544.0;54403.5;28732.5;25671.0;48927.0;24485.5;24441.5;6672.5;1187.0;5485.5;8678.0;3732.0;4946.0
4500;Totaal;Dordrecht;2007;118361.5;58025.0;60336.5;54445.5;28757.0;25688.5;48471.0;24264.0;24207.0;6622.5;1201.0;5421.5;8822.5;3803.0;5019.5
4501;Totaal;Dordrecht;2008;118295.0;58072.0;60223.0;54681.5;28932.5;25749.0;48166.0;24115.5;24050.5;6563.0;1202.0;5361.0;8884.5;3822.0;5062.5
4502;Totaal;Dordrecht;2009;118444.0;58246.5;60197.5;54777.5;29042.5;25735.0;47923.5;24008.0;23915.5;6530.0;1229.5;5300.5;9213.0;3966.5;5246.5
4503;Totaal;Dordrecht;2010;118645.0;58420.0;60225.0;54804.5;29108.5;25696.0;47747.5;23919.0;23828.5;6527.0;1271.0;5256.0;9566.0;4121.5;5444.5
4504;Totaal;Dordrecht;2011;118836.0;58539.5;60296.5;55032.0;29247.0;25785.0;47630.0;23838.5;23791.5;6498.5;1283.0;5215.5;9675.5;4171.0;5504.5
4505;Totaal;Dordrecht;2012;118664.0;58468.0;60196.0;55006.0;29216.0;25790.0;47451.0;23747.5;23703.5;6463.0;1299.5;5163.5;9744.0;4205.0;5539.0
4506;Totaal;Dordrecht;2013;118578.5;58468.5;60110.0;55131.5;29273.0;25858.5;47202.0;23631.0;23571.0;6426.5;1331.5;5095.0;9818.5;4233.0;5585.5
4507;Totaal;Dordrecht;2014;118795.0;58600.0;60195.0;55443.0;29410.5;26032.5;46984.5;23523.5;23461.0;6355.0;1348.5;5006.5;10012.5;4317.5;5695.0
4508;Totaal;Dordrecht;2015;118850.0;58614.0;60236.0;55642.0;29470.5;26171.5;46705.0;23376.5;23328.5;6269.5;1346.5;4923.0;10233.5;4420.5;5813.0
4509;Totaal;Dordrecht;2016;118766.0;58633.0;60133.0;55778.0;29560.0;26218.0;46420.0;23233.0;23187.0;6201.5;1355.0;4846.5;10366.5;4485.0;5881.5
4510;Totaal;Drechterland;1995;9126.5;4586.0;4540.5;4080.0;2182.0;1898.0;4476.0;2238.5;2237.5;339.5;54.0;285.5;231.0;111.5;119.5
4511;Totaal;Drechterland;1996;9342.5;4696.0;4646.5;4182.5;2237.0;1945.5;4564.5;2283.0;2281.5;351.0;61.0;290.0;244.5;115.0;129.5
4512;Totaal;Drechterland;1997;9509.0;4800.5;4708.5;4260.5;2303.0;1957.5;4624.0;2311.0;2313.0;355.0;64.5;290.5;269.5;122.0;147.5
4513;Totaal;Drechterland;1998;9669.5;4877.0;4792.5;4311.0;2330.5;1980.5;4703.0;2351.0;2352.0;357.0;65.0;292.0;298.5;130.5;168.0
4514;Totaal;Drechterland;1999;9817.0;4936.0;4881.0;4354.5;2339.5;2015.0;4773.0;2388.0;2385.0;369.5;69.5;300.0;320.0;139.0;181.0
4515;Totaal;Drechterland;2000;9963.5;4999.5;4964.0;4426.0;2371.5;2054.5;4821.5;2410.5;2411.0;379.5;71.5;308.0;336.5;146.0;190.5
4516;Totaal;Drechterland;2001;10063.5;5057.0;5006.5;4482.5;2413.0;2069.5;4842.5;2420.0;2422.5;385.0;69.5;315.5;353.5;154.5;199.0
4517;Totaal;Drechterland;2002;10136.0;5109.5;5026.5;4519.5;2449.5;2070.0;4855.5;2430.0;2425.5;393.0;69.0;324.0;368.0;161.0;207.0
4518;Totaal;Drechterland;2003;10286.0;5192.0;5094.0;4604.5;2496.5;2108.0;4897.5;2453.5;2444.0;401.5;73.0;328.5;382.5;169.0;213.5
4519;Totaal;Drechterland;2004;10441.5;5261.0;5180.5;4696.5;2534.5;2162.0;4940.0;2475.5;2464.5;409.5;74.5;335.0;395.5;176.5;219.0
4520;Totaal;Drechterland;2005;10606.0;5330.0;5276.0;4790.0;2574.5;2215.5;4999.5;2507.0;2492.5;412.0;71.5;340.5;404.5;177.0;227.5
4521;Totaal;Drechterland;2006;18567.5;9442.0;9125.5;8246.0;4518.5;3727.5;8816.5;4418.5;4398.0;758.0;152.5;605.5;747.0;352.5;394.5
4522;Totaal;Drechterland;2007;18707.0;9519.5;9187.5;8274.5;4533.5;3741.0;8881.5;4451.5;4430.0;769.0;164.0;605.0;782.0;370.5;411.5
4523;Totaal;Drechterland;2008;18954.5;9650.5;9304.0;8381.5;4593.0;3788.5;8983.5;4498.5;4485.0;780.5;173.0;607.5;809.0;386.0;423.0
4524;Totaal;Drechterland;2009;19191.0;9750.5;9440.5;8447.5;4621.5;3826.0;9076.0;4540.0;4536.0;795.5;176.5;619.0;872.0;412.5;459.5
4525;Totaal;Drechterland;2010;19313.0;9801.0;9512.0;8448.5;4619.5;3829.0;9105.5;4554.5;4551.0;814.5;183.0;631.5;944.5;444.0;500.5
4526;Totaal;Drechterland;2011;19317.5;9805.5;9512.0;8448.5;4617.5;3831.0;9063.5;4535.0;4528.5;829.0;192.5;636.5;976.5;460.5;516.0
4527;Totaal;Drechterland;2012;19299.0;9792.5;9506.5;8463.0;4623.5;3839.5;8996.5;4501.5;4495.0;836.0;200.0;636.0;1003.5;467.5;536.0
4528;Totaal;Drechterland;2013;19274.0;9763.0;9511.0;8469.0;4614.0;3855.0;8928.0;4465.0;4463.0;845.5;206.5;639.0;1031.5;477.5;554.0
4529;Totaal;Drechterland;2014;19272.0;9748.0;9524.0;8469.0;4610.5;3858.5;8886.0;4443.5;4442.5;862.0;209.0;653.0;1055.0;485.0;570.0
4530;Totaal;Drechterland;2015;19347.0;9785.0;9562.0;8536.0;4651.5;3884.5;8860.0;4435.0;4425.0;874.5;208.0;666.5;1076.5;490.5;586.0
4531;Totaal;Drechterland;2016;19392.0;9823.0;9569.0;8602.0;4692.0;3910.0;8803.5;4410.5;4393.0;881.0;212.5;668.5;1105.5;508.0;597.5
4532;Totaal;Driebergen-Rijsenburg;1995;18487.0;8822.5;9664.5;7724.5;3991.0;3733.5;8709.0;4351.5;4357.5;1226.0;184.5;1041.5;827.5;295.5;532.0
4533;Totaal;Driebergen-Rijsenburg;1996;18418.5;8778.5;9640.0;7654.5;3944.0;3710.5;8671.5;4332.5;4339.0;1233.0;191.5;1041.5;859.5;310.5;549.0
4534;Totaal;Driebergen-Rijsenburg;1997;18452.0;8798.0;9654.0;7670.5;3946.0;3724.5;8666.0;4335.5;4330.5;1231.5;200.0;1031.5;884.0;316.5;567.5
4535;Totaal;Driebergen-Rijsenburg;1998;18416.0;8800.5;9615.5;7640.5;3949.5;3691.0;8642.5;4323.0;4319.5;1211.5;199.0;1012.5;921.5;329.0;592.5
4536;Totaal;Driebergen-Rijsenburg;1999;18339.0;8785.5;9553.5;7600.5;3940.5;3660.0;8593.5;4296.0;4297.5;1213.5;206.0;1007.5;931.5;343.0;588.5
4537;Totaal;Driebergen-Rijsenburg;2000;18330.0;8772.5;9557.5;7615.5;3936.0;3679.5;8560.0;4281.0;4279.0;1234.0;216.0;1018.0;920.5;339.5;581.0
4538;Totaal;Driebergen-Rijsenburg;2001;18382.5;8801.5;9581.0;7695.0;3984.0;3711.0;8512.5;4261.0;4251.5;1238.5;216.5;1022.0;936.5;340.0;596.5
4539;Totaal;Driebergen-Rijsenburg;2002;18506.5;8883.0;9623.5;7817.0;4056.5;3760.5;8476.0;4244.0;4232.0;1243.0;218.0;1025.0;970.5;364.5;606.0
4540;Totaal;Driebergen-Rijsenburg;2003;18569.5;8908.5;9661.0;7875.5;4078.5;3797.0;8450.0;4226.0;4224.0;1240.0;221.0;1019.0;1004.0;383.0;621.0
4541;Totaal;Driebergen-Rijsenburg;2004;18569.5;8903.5;9666.0;7895.5;4096.0;3799.5;8400.5;4195.0;4205.5;1242.5;221.5;1021.0;1031.0;391.0;640.0
4542;Totaal;Driebergen-Rijsenburg;2005;18595.0;8932.0;9663.0;7936.5;4137.0;3799.5;8358.0;4177.0;4181.0;1249.5;221.0;1028.5;1051.0;397.0;654.0
4543;Totaal;Driebergen-Rijsenburg;2006;;;;;;;;;;;;;;;
4544;Totaal;Driebergen-Rijsenburg;2007;;;;;;;;;;;;;;;
4545;Totaal;Driebergen-Rijsenburg;2008;;;;;;;;;;;;;;;
4546;Totaal;Driebergen-Rijsenburg;2009;;;;;;;;;;;;;;;
4547;Totaal;Driebergen-Rijsenburg;2010;;;;;;;;;;;;;;;
4548;Totaal;Driebergen-Rijsenburg;2011;;;;;;;;;;;;;;;
4549;Totaal;Driebergen-Rijsenburg;2012;;;;;;;;;;;;;;;
4550;Totaal;Driebergen-Rijsenburg;2013;;;;;;;;;;;;;;;
4551;Totaal;Driebergen-Rijsenburg;2014;;;;;;;;;;;;;;;
4552;Totaal;Driebergen-Rijsenburg;2015;;;;;;;;;;;;;;;
4553;Totaal;Driebergen-Rijsenburg;2016;;;;;;;;;;;;;;;
4554;Totaal;Drimmelen;1995;;;;;;;;;;;;;;;
4555;Totaal;Drimmelen;1996;;;;;;;;;;;;;;;
4556;Totaal;Drimmelen;1997;;;;;;;;;;;;;;;
4557;Totaal;Drimmelen;1998;;;;;;;;;;;;;;;
4558;Totaal;Drimmelen;1999;26612.5;13351.5;13261.0;10493.0;5730.5;4762.5;13927.0;6961.5;6965.5;1368.0;263.0;1105.0;824.5;396.5;428.0
4559;Totaal;Drimmelen;2000;26633.5;13360.5;13273.0;10496.0;5734.5;4761.5;13902.5;6948.5;6954.0;1383.0;268.0;1115.0;852.0;409.5;442.5
4560;Totaal;Drimmelen;2001;26698.0;13397.5;13300.5;10557.0;5771.0;4786.0;13856.0;6926.5;6929.5;1391.5;269.5;1122.0;893.5;430.5;463.0
4561;Totaal;Drimmelen;2002;26759.5;13421.0;13338.5;10617.5;5807.0;4810.5;13796.5;6896.0;6900.5;1409.0;266.0;1143.0;936.5;452.0;484.5
4562;Totaal;Drimmelen;2003;26705.0;13372.5;13332.5;10633.5;5804.0;4829.5;13699.0;6844.0;6855.0;1418.0;264.5;1153.5;954.5;460.0;494.5
4563;Totaal;Drimmelen;2004;26660.5;13330.5;13330.0;10679.0;5805.0;4874.0;13591.5;6792.0;6799.5;1419.5;271.0;1148.5;970.5;462.5;508.0
4564;Totaal;Drimmelen;2005;26653.5;13317.5;13336.0;10747.0;5824.0;4923.0;13468.5;6731.0;6737.5;1421.5;279.5;1142.0;1016.5;483.0;533.5
4565;Totaal;Drimmelen;2006;26612.0;13286.0;13326.0;10747.0;5817.5;4929.5;13367.0;6675.5;6691.5;1430.5;284.5;1146.0;1067.5;508.5;559.0
4566;Totaal;Drimmelen;2007;26599.0;13287.5;13311.5;10782.0;5839.0;4943.0;13275.5;6628.5;6647.0;1433.0;295.0;1138.0;1108.5;525.0;583.5
4567;Totaal;Drimmelen;2008;26623.5;13308.0;13315.5;10839.0;5880.5;4958.5;13189.5;6583.5;6606.0;1438.0;301.0;1137.0;1157.0;543.0;614.0
4568;Totaal;Drimmelen;2009;26607.5;13297.0;13310.5;10786.5;5867.0;4919.5;13105.0;6543.0;6562.0;1462.5;305.5;1157.0;1253.5;581.5;672.0
4569;Totaal;Drimmelen;2010;26534.0;13256.0;13278.0;10692.5;5822.5;4870.0;13005.0;6502.5;6502.5;1486.0;310.5;1175.5;1350.5;620.5;730.0
4570;Totaal;Drimmelen;2011;26570.5;13279.0;13291.5;10701.5;5832.0;4869.5;12982.0;6492.5;6489.5;1496.0;317.5;1178.5;1391.0;637.0;754.0
4571;Totaal;Drimmelen;2012;26700.5;13360.0;13340.5;10831.5;5916.0;4915.5;12947.5;6472.0;6475.5;1502.5;327.0;1175.5;1419.0;645.0;774.0
4572;Totaal;Drimmelen;2013;26716.0;13359.0;13357.0;10904.0;5947.5;4956.5;12831.0;6416.0;6415.0;1523.0;335.5;1187.5;1458.0;660.0;798.0
4573;Totaal;Drimmelen;2014;26699.0;13344.0;13355.0;10940.5;5955.5;4985.0;12712.0;6358.5;6353.5;1538.0;345.5;1192.5;1508.5;684.5;824.0
4574;Totaal;Drimmelen;2015;26759.0;13394.5;13364.5;11037.5;6023.0;5014.5;12630.5;6316.5;6314.0;1514.0;343.0;1171.0;1577.0;712.0;865.0
4575;Totaal;Drimmelen;2016;26842.0;13453.0;13389.0;11135.5;6076.5;5059.0;12569.0;6284.5;6284.5;1487.5;343.0;1144.5;1650.0;749.0;901.0
4576;Totaal;Dronten;1995;30330.5;15440.5;14890.0;13327.5;7277.5;6050.0;15083.0;7539.0;7544.0;907.0;192.0;715.0;1013.0;432.0;581.0
4577;Totaal;Dronten;1996;31378.5;15939.5;15439.0;13760.5;7494.0;6266.5;15541.0;7765.5;7775.5;971.5;204.0;767.5;1105.5;476.0;629.5
4578;Totaal;Dronten;1997;32644.0;16584.0;16060.0;14347.5;7833.5;6514.0;16084.0;8032.0;8052.0;1048.5;221.0;827.5;1164.0;497.5;666.5
4579;Totaal;Dronten;1998;34018.0;17255.0;16763.0;14979.0;8152.5;6826.5;16665.5;8320.5;8345.0;1109.0;240.5;868.5;1264.5;541.5;723.0
4580;Totaal;Dronten;1999;34916.0;17648.5;17267.5;15331.0;8288.0;7043.0;17065.0;8521.5;8543.5;1152.5;254.0;898.5;1367.5;585.0;782.5
4581;Totaal;Dronten;2000;35417.5;17889.5;17528.0;15521.5;8388.0;7133.5;17263.0;8622.0;8641.0;1190.0;260.0;930.0;1443.0;619.5;823.5
4582;Totaal;Dronten;2001;35980.0;18206.0;17774.0;15860.0;8600.5;7259.5;17399.0;8691.5;8707.5;1212.0;263.0;949.0;1509.0;651.0;858.0
4583;Totaal;Dronten;2002;36750.5;18617.0;18133.5;16376.5;8898.5;7478.0;17537.0;8763.0;8774.0;1233.5;263.0;970.5;1603.5;692.5;911.0
4584;Totaal;Dronten;2003;37450.0;18978.5;18471.5;16840.0;9162.0;7678.0;17655.5;8824.5;8831.0;1277.5;266.5;1011.0;1677.0;725.5;951.5
4585;Totaal;Dronten;2004;37889.0;19223.5;18665.5;17122.5;9353.0;7769.5;17726.0;8862.0;8864.0;1324.0;273.0;1051.0;1716.5;735.5;981.0
4586;Totaal;Dronten;2005;38067.5;19324.0;18743.5;17225.5;9439.0;7786.5;17710.0;8854.5;8855.5;1344.0;269.0;1075.0;1788.0;761.5;1026.5
4587;Totaal;Dronten;2006;38153.5;19349.5;18804.0;17284.5;9467.0;7817.5;17663.5;8831.5;8832.0;1363.5;265.5;1098.0;1842.0;785.5;1056.5
4588;Totaal;Dronten;2007;38355.0;19459.0;18896.0;17349.0;9512.0;7837.0;17722.5;8862.5;8860.0;1391.0;271.0;1120.0;1892.5;813.5;1079.0
4589;Totaal;Dronten;2008;38867.0;19739.5;19127.5;17571.0;9656.0;7915.0;17926.5;8959.5;8967.0;1410.5;278.0;1132.5;1959.0;846.0;1113.0
4590;Totaal;Dronten;2009;39496.5;20047.0;19449.5;17836.5;9796.5;8040.0;18120.5;9052.0;9068.5;1438.5;290.5;1148.0;2101.0;908.0;1193.0
4591;Totaal;Dronten;2010;39975.5;20243.5;19732.0;18012.5;9858.5;8154.0;18223.5;9099.5;9124.0;1476.0;307.0;1169.0;2263.5;978.5;1285.0
4592;Totaal;Dronten;2011;40317.0;20413.0;19904.0;18177.5;9946.0;8231.5;18257.5;9117.5;9140.0;1535.0;332.0;1203.0;2347.0;1017.5;1329.5
4593;Totaal;Dronten;2012;40574.5;20573.5;20001.0;18290.0;10026.5;8263.5;18274.5;9133.0;9141.5;1580.0;352.5;1227.5;2430.0;1061.5;1368.5
4594;Totaal;Dronten;2013;40546.0;20542.5;20003.5;18177.5;9964.5;8213.0;18250.5;9116.0;9134.5;1602.0;366.0;1236.0;2516.0;1096.0;1420.0
4595;Totaal;Dronten;2014;40388.0;20438.5;19949.5;18013.5;9869.0;8144.5;18146.5;9058.5;9088.0;1628.0;379.0;1249.0;2600.0;1132.0;1468.0
4596;Totaal;Dronten;2015;40477.5;20458.5;20019.0;18053.0;9871.5;8181.5;18091.5;9027.0;9064.5;1659.5;392.5;1267.0;2673.5;1167.5;1506.0
4597;Totaal;Dronten;2016;40669.0;20501.5;20167.5;18106.0;9869.0;8237.0;18125.0;9044.5;9080.5;1710.0;409.0;1301.0;2728.0;1179.0;1549.0
4598;Totaal;Drunen;1995;19001.5;9640.0;9361.5;8020.5;4397.5;3623.0;9740.0;4866.5;4873.5;709.5;139.5;570.0;531.5;236.5;295.0
4599;Totaal;Drunen;1996;19129.5;9705.0;9424.5;8067.0;4427.0;3640.0;9776.5;4883.5;4893.0;725.0;141.5;583.5;561.0;253.0;308.0
4600;Totaal;Drunen;1997;;;;;;;;;;;;;;;
4601;Totaal;Drunen;1998;;;;;;;;;;;;;;;
4602;Totaal;Drunen;1999;;;;;;;;;;;;;;;
4603;Totaal;Drunen;2000;;;;;;;;;;;;;;;
4604;Totaal;Drunen;2001;;;;;;;;;;;;;;;
4605;Totaal;Drunen;2002;;;;;;;;;;;;;;;
4606;Totaal;Drunen;2003;;;;;;;;;;;;;;;
4607;Totaal;Drunen;2004;;;;;;;;;;;;;;;
4608;Totaal;Drunen;2005;;;;;;;;;;;;;;;
4609;Totaal;Drunen;2006;;;;;;;;;;;;;;;
4610;Totaal;Drunen;2007;;;;;;;;;;;;;;;
4611;Totaal;Drunen;2008;;;;;;;;;;;;;;;
4612;Totaal;Drunen;2009;;;;;;;;;;;;;;;
4613;Totaal;Drunen;2010;;;;;;;;;;;;;;;
4614;Totaal;Drunen;2011;;;;;;;;;;;;;;;
4615;Totaal;Drunen;2012;;;;;;;;;;;;;;;
4616;Totaal;Drunen;2013;;;;;;;;;;;;;;;
4617;Totaal;Drunen;2014;;;;;;;;;;;;;;;
4618;Totaal;Drunen;2015;;;;;;;;;;;;;;;
4619;Totaal;Drunen;2016;;;;;;;;;;;;;;;
4620;Totaal;Druten;1995;15865.5;7740.5;8125.0;7113.0;3608.5;3504.5;7510.5;3755.0;3755.5;692.5;125.0;567.5;549.5;252.0;297.5
4621;Totaal;Druten;1996;15882.0;7819.0;8063.0;7077.0;3664.0;3413.0;7518.5;3762.5;3756.0;709.0;132.0;577.0;577.5;260.5;317.0
4622;Totaal;Druten;1997;16069.5;7955.0;8114.5;7154.5;3746.0;3408.5;7600.0;3801.0;3799.0;716.0;138.5;577.5;599.0;269.5;329.5
4623;Totaal;Druten;1998;16324.0;8090.5;8233.5;7287.0;3823.0;3464.0;7689.5;3839.5;3850.0;728.5;147.5;581.0;619.0;280.5;338.5
4624;Totaal;Druten;1999;16588.5;8243.5;8345.0;7407.5;3903.0;3504.5;7806.5;3897.0;3909.5;739.5;151.0;588.5;635.0;292.5;342.5
4625;Totaal;Druten;2000;16902.5;8429.5;8473.0;7561.5;4004.5;3557.0;7948.5;3970.0;3978.5;744.5;151.0;593.5;648.0;304.0;344.0
4626;Totaal;Druten;2001;17257.5;8585.5;8672.0;7713.5;4056.0;3657.5;8125.0;4059.0;4066.0;749.0;152.5;596.5;670.0;318.0;352.0
4627;Totaal;Druten;2002;17515.5;8669.5;8846.0;7796.5;4058.0;3738.5;8282.5;4135.0;4147.5;749.0;151.0;598.0;687.5;325.5;362.0
4628;Totaal;Druten;2003;17678.0;8747.5;8930.5;7886.5;4109.5;3777.0;8336.5;4162.5;4174.0;752.0;148.5;603.5;703.0;327.0;376.0
4629;Totaal;Druten;2004;17837.5;8824.5;9013.0;7995.5;4160.0;3835.5;8353.0;4175.5;4177.5;755.5;148.5;607.0;733.5;340.5;393.0
4630;Totaal;Druten;2005;17955.5;8889.0;9066.5;8091.5;4204.0;3887.5;8349.5;4178.5;4171.0;749.5;152.0;597.5;765.0;354.5;410.5
4631;Totaal;Druten;2006;18068.0;8957.0;9111.0;8195.0;4266.0;3929.0;8312.5;4162.0;4150.5;747.5;158.5;589.0;813.0;370.5;442.5
4632;Totaal;Druten;2007;18098.0;8979.5;9118.5;8233.5;4294.5;3939.0;8257.5;4133.5;4124.0;750.5;165.0;585.5;856.5;386.5;470.0
4633;Totaal;Druten;2008;18092.0;8989.0;9103.0;8243.0;4313.0;3930.0;8226.5;4118.5;4108.0;748.5;167.0;581.5;874.0;390.5;483.5
4634;Totaal;Druten;2009;18093.0;9001.0;9092.0;8230.5;4324.0;3906.5;8192.0;4101.0;4091.0;750.5;164.0;586.5;920.0;412.0;508.0
4635;Totaal;Druten;2010;18090.5;9003.0;9087.5;8204.5;4323.0;3881.5;8154.5;4082.0;4072.5;763.5;165.0;598.5;968.0;433.0;535.0
4636;Totaal;Druten;2011;18145.0;9020.5;9124.5;8242.5;4340.0;3902.5;8122.5;4065.0;4057.5;785.0;174.0;611.0;995.0;441.5;553.5
4637;Totaal;Druten;2012;18198.0;9036.5;9161.5;8303.5;4363.5;3940.0;8088.0;4046.5;4041.5;792.0;176.5;615.5;1014.5;450.0;564.5
4638;Totaal;Druten;2013;18206.5;9035.0;9171.5;8332.0;4382.0;3950.0;8019.5;4009.0;4010.5;799.5;176.5;623.0;1055.5;467.5;588.0
4639;Totaal;Druten;2014;18252.0;9066.0;9186.0;8347.5;4407.5;3940.0;7973.5;3987.0;3986.5;811.5;179.5;632.0;1119.5;492.0;627.5
4640;Totaal;Druten;2015;18350.5;9123.0;9227.5;8392.0;4437.5;3954.5;7950.0;3976.5;3973.5;830.0;190.0;640.0;1178.5;519.0;659.5
4641;Totaal;Druten;2016;18485.0;9196.0;9289.0;8457.5;4471.5;3986.0;7953.5;3979.5;3974.0;848.5;204.0;644.5;1225.5;541.0;684.5
4642;Totaal;Duiveland;1995;5794.5;2924.5;2870.0;2372.5;1300.5;1072.0;2988.0;1497.0;1491.0;290.5;53.5;237.0;143.5;73.5;70.0
4643;Totaal;Duiveland;1996;5806.5;2937.5;2869.0;2383.0;1313.5;1069.5;2988.0;1495.0;1493.0;291.5;53.0;238.5;144.0;76.0;68.0
4644;Totaal;Duiveland;1997;;;;;;;;;;;;;;;
4645;Totaal;Duiveland;1998;;;;;;;;;;;;;;;
4646;Totaal;Duiveland;1999;;;;;;;;;;;;;;;
4647;Totaal;Duiveland;2000;;;;;;;;;;;;;;;
4648;Totaal;Duiveland;2001;;;;;;;;;;;;;;;
4649;Totaal;Duiveland;2002;;;;;;;;;;;;;;;
4650;Totaal;Duiveland;2003;;;;;;;;;;;;;;;
4651;Totaal;Duiveland;2004;;;;;;;;;;;;;;;
4652;Totaal;Duiveland;2005;;;;;;;;;;;;;;;
4653;Totaal;Duiveland;2006;;;;;;;;;;;;;;;
4654;Totaal;Duiveland;2007;;;;;;;;;;;;;;;
4655;Totaal;Duiveland;2008;;;;;;;;;;;;;;;
4656;Totaal;Duiveland;2009;;;;;;;;;;;;;;;
4657;Totaal;Duiveland;2010;;;;;;;;;;;;;;;
4658;Totaal;Duiveland;2011;;;;;;;;;;;;;;;
4659;Totaal;Duiveland;2012;;;;;;;;;;;;;;;
4660;Totaal;Duiveland;2013;;;;;;;;;;;;;;;
4661;Totaal;Duiveland;2014;;;;;;;;;;;;;;;
4662;Totaal;Duiveland;2015;;;;;;;;;;;;;;;
4663;Totaal;Duiveland;2016;;;;;;;;;;;;;;;
4664;Totaal;Duiven;1995;23729.5;11740.0;11989.5;10231.5;5283.5;4948.0;11905.0;5950.5;5954.5;779.0;157.0;622.0;814.0;349.0;465.0
4665;Totaal;Duiven;1996;24122.0;11909.0;12213.0;10308.0;5307.0;5001.0;12154.5;6075.0;6079.5;804.5;160.0;644.5;855.0;367.0;488.0
4666;Totaal;Duiven;1997;24397.0;12035.5;12361.5;10419.0;5377.0;5042.0;12232.5;6106.5;6126.0;843.5;166.5;677.0;902.0;385.5;516.5
4667;Totaal;Duiven;1998;24556.5;12125.0;12431.5;10538.5;5462.0;5076.5;12199.0;6088.0;6111.0;865.5;175.0;690.5;953.5;400.0;553.5
4668;Totaal;Duiven;1999;24895.5;12304.0;12591.5;10758.0;5581.5;5176.5;12261.0;6121.5;6139.5;887.0;187.5;699.5;989.5;413.5;576.0
4669;Totaal;Duiven;2000;25466.5;12566.0;12900.5;11077.5;5736.5;5341.0;12421.5;6201.5;6220.0;930.0;196.0;734.0;1037.5;432.0;605.5
4670;Totaal;Duiven;2001;25901.0;12761.5;13139.5;11351.0;5880.5;5470.5;12468.5;6223.5;6245.0;975.5;201.0;774.5;1106.0;456.5;649.5
4671;Totaal;Duiven;2002;26107.0;12867.0;13240.0;11500.5;5972.5;5528.0;12422.0;6199.5;6222.5;1006.5;207.0;799.5;1178.0;488.0;690.0
4672;Totaal;Duiven;2003;25987.5;12779.0;13208.5;11400.5;5911.0;5489.5;12342.0;6159.0;6183.0;1020.5;204.5;816.0;1224.5;504.5;720.0
4673;Totaal;Duiven;2004;25763.0;12647.0;13116.0;11225.5;5808.0;5417.5;12251.0;6116.0;6135.0;1032.5;206.0;826.5;1254.0;517.0;737.0
4674;Totaal;Duiven;2005;25645.5;12599.5;13046.0;11132.0;5768.0;5364.0;12178.5;6083.5;6095.0;1052.5;217.0;835.5;1282.5;531.0;751.5
4675;Totaal;Duiven;2006;25591.0;12563.5;13027.5;11084.0;5749.5;5334.5;12101.5;6041.0;6060.5;1075.5;225.5;850.0;1330.0;547.5;782.5
4676;Totaal;Duiven;2007;25582.5;12531.0;13051.5;11075.0;5738.0;5337.0;12029.0;5999.0;6030.0;1092.5;225.0;867.5;1386.0;569.0;817.0
4677;Totaal;Duiven;2008;25535.0;12504.5;13030.5;11063.5;5732.5;5331.0;11952.5;5960.0;5992.5;1083.0;222.5;860.5;1436.0;589.5;846.5
4678;Totaal;Duiven;2009;25551.5;12528.0;13023.5;11025.5;5730.5;5295.0;11922.5;5943.5;5979.0;1068.0;222.5;845.5;1535.5;631.5;904.0
4679;Totaal;Duiven;2010;25571.5;12541.0;13030.5;10965.0;5713.0;5252.0;11894.0;5933.5;5960.5;1081.0;224.5;856.5;1631.5;670.0;961.5
4680;Totaal;Duiven;2011;25537.5;12523.5;13014.0;10917.0;5701.0;5216.0;11819.5;5900.0;5919.5;1109.0;229.5;879.5;1692.0;693.0;999.0
4681;Totaal;Duiven;2012;25539.5;12516.0;13023.5;10854.5;5677.5;5177.0;11761.0;5869.0;5892.0;1164.5;240.0;924.5;1759.5;729.5;1030.0
4682;Totaal;Duiven;2013;25581.5;12557.0;13024.5;10848.0;5692.5;5155.5;11688.5;5831.5;5857.0;1210.0;254.0;956.0;1835.0;779.0;1056.0
4683;Totaal;Duiven;2014;25578.5;12586.0;12992.5;10859.5;5725.0;5134.5;11609.5;5789.5;5820.0;1208.5;258.0;950.5;1901.0;813.5;1087.5
4684;Totaal;Duiven;2015;25490.5;12542.0;12948.5;10787.0;5685.0;5102.0;11553.0;5765.5;5787.5;1202.0;262.5;939.5;1948.5;829.0;1119.5
4685;Totaal;Duiven;2016;25415.5;12518.0;12897.5;10717.0;5653.0;5064.0;11507.5;5746.0;5761.5;1200.0;273.5;926.5;1991.0;845.5;1145.5
4686;Totaal;Den Dungen;1995;4272.0;2175.0;2097.0;1731.0;970.5;760.5;2254.5;1127.5;1127.0;218.5;41.5;177.0;68.0;35.5;32.5
4687;Totaal;Den Dungen;1996;;;;;;;;;;;;;;;
4688;Totaal;Den Dungen;1997;;;;;;;;;;;;;;;
4689;Totaal;Den Dungen;1998;;;;;;;;;;;;;;;
4690;Totaal;Den Dungen;1999;;;;;;;;;;;;;;;
4691;Totaal;Den Dungen;2000;;;;;;;;;;;;;;;
4692;Totaal;Den Dungen;2001;;;;;;;;;;;;;;;
4693;Totaal;Den Dungen;2002;;;;;;;;;;;;;;;
4694;Totaal;Den Dungen;2003;;;;;;;;;;;;;;;
4695;Totaal;Den Dungen;2004;;;;;;;;;;;;;;;
4696;Totaal;Den Dungen;2005;;;;;;;;;;;;;;;
4697;Totaal;Den Dungen;2006;;;;;;;;;;;;;;;
4698;Totaal;Den Dungen;2007;;;;;;;;;;;;;;;
4699;Totaal;Den Dungen;2008;;;;;;;;;;;;;;;
4700;Totaal;Den Dungen;2009;;;;;;;;;;;;;;;
4701;Totaal;Den Dungen;2010;;;;;;;;;;;;;;;
4702;Totaal;Den Dungen;2011;;;;;;;;;;;;;;;
4703;Totaal;Den Dungen;2012;;;;;;;;;;;;;;;
4704;Totaal;Den Dungen;2013;;;;;;;;;;;;;;;
4705;Totaal;Den Dungen;2014;;;;;;;;;;;;;;;
4706;Totaal;Den Dungen;2015;;;;;;;;;;;;;;;
4707;Totaal;Den Dungen;2016;;;;;;;;;;;;;;;
4708;Totaal;Dussen;1995;6189.0;3152.5;3036.5;2473.0;1365.5;1107.5;3296.5;1647.5;1649.0;255.5;55.5;200.0;164.0;84.0;80.0
4709;Totaal;Dussen;1996;6169.5;3157.5;3012.0;2457.5;1374.5;1083.0;3282.5;1642.5;1640.0;259.5;54.0;205.5;170.0;86.5;83.5
4710;Totaal;Dussen;1997;;;;;;;;;;;;;;;
4711;Totaal;Dussen;1998;;;;;;;;;;;;;;;
4712;Totaal;Dussen;1999;;;;;;;;;;;;;;;
4713;Totaal;Dussen;2000;;;;;;;;;;;;;;;
4714;Totaal;Dussen;2001;;;;;;;;;;;;;;;
4715;Totaal;Dussen;2002;;;;;;;;;;;;;;;
4716;Totaal;Dussen;2003;;;;;;;;;;;;;;;
4717;Totaal;Dussen;2004;;;;;;;;;;;;;;;
4718;Totaal;Dussen;2005;;;;;;;;;;;;;;;
4719;Totaal;Dussen;2006;;;;;;;;;;;;;;;
4720;Totaal;Dussen;2007;;;;;;;;;;;;;;;
4721;Totaal;Dussen;2008;;;;;;;;;;;;;;;
4722;Totaal;Dussen;2009;;;;;;;;;;;;;;;
4723;Totaal;Dussen;2010;;;;;;;;;;;;;;;
4724;Totaal;Dussen;2011;;;;;;;;;;;;;;;
4725;Totaal;Dussen;2012;;;;;;;;;;;;;;;
4726;Totaal;Dussen;2013;;;;;;;;;;;;;;;
4727;Totaal;Dussen;2014;;;;;;;;;;;;;;;
4728;Totaal;Dussen;2015;;;;;;;;;;;;;;;
4729;Totaal;Dussen;2016;;;;;;;;;;;;;;;
4730;Totaal;Dwingeloo;1995;3938.0;1965.0;1973.0;1478.5;826.5;652.0;2045.5;1023.5;1022.0;300.0;60.0;240.0;114.0;55.0;59.0
4731;Totaal;Dwingeloo;1996;3988.0;1980.0;2008.0;1503.0;831.0;672.0;2063.0;1032.0;1031.0;300.5;59.5;241.0;121.5;57.5;64.0
4732;Totaal;Dwingeloo;1997;4021.0;1994.5;2026.5;1506.0;829.0;677.0;2082.0;1042.0;1040.0;302.5;61.0;241.5;130.5;62.5;68.0
4733;Totaal;Dwingeloo;1998;;;;;;;;;;;;;;;
4734;Totaal;Dwingeloo;1999;;;;;;;;;;;;;;;
4735;Totaal;Dwingeloo;2000;;;;;;;;;;;;;;;
4736;Totaal;Dwingeloo;2001;;;;;;;;;;;;;;;
4737;Totaal;Dwingeloo;2002;;;;;;;;;;;;;;;
4738;Totaal;Dwingeloo;2003;;;;;;;;;;;;;;;
4739;Totaal;Dwingeloo;2004;;;;;;;;;;;;;;;
4740;Totaal;Dwingeloo;2005;;;;;;;;;;;;;;;
4741;Totaal;Dwingeloo;2006;;;;;;;;;;;;;;;
4742;Totaal;Dwingeloo;2007;;;;;;;;;;;;;;;
4743;Totaal;Dwingeloo;2008;;;;;;;;;;;;;;;
4744;Totaal;Dwingeloo;2009;;;;;;;;;;;;;;;
4745;Totaal;Dwingeloo;2010;;;;;;;;;;;;;;;
4746;Totaal;Dwingeloo;2011;;;;;;;;;;;;;;;
4747;Totaal;Dwingeloo;2012;;;;;;;;;;;;;;;
4748;Totaal;Dwingeloo;2013;;;;;;;;;;;;;;;
4749;Totaal;Dwingeloo;2014;;;;;;;;;;;;;;;
4750;Totaal;Dwingeloo;2015;;;;;;;;;;;;;;;
4751;Totaal;Dwingeloo;2016;;;;;;;;;;;;;;;
4752;Totaal;Echt;1995;18755.5;9337.5;9418.0;7395.5;4022.0;3373.5;9526.5;4760.5;4766.0;1113.0;216.5;896.5;720.5;338.5;382.0
4753;Totaal;Echt;1996;18820.0;9408.0;9412.0;7486.0;4104.5;3381.5;9460.0;4725.0;4735.0;1136.0;227.0;909.0;738.0;351.5;386.5
4754;Totaal;Echt;1997;18921.0;9480.5;9440.5;7558.5;4167.5;3391.0;9437.5;4716.5;4721.0;1162.0;231.5;930.5;763.0;365.0;398.0
4755;Totaal;Echt;1998;19023.5;9533.5;9490.0;7618.5;4204.5;3414.0;9455.0;4727.0;4728.0;1162.5;232.0;930.5;787.5;370.0;417.5
4756;Totaal;Echt;1999;19017.0;9515.0;9502.0;7617.0;4188.0;3429.0;9424.0;4710.5;4713.5;1162.0;233.5;928.5;814.0;383.0;431.0
4757;Totaal;Echt;2000;19131.5;9564.5;9567.0;7681.0;4212.5;3468.5;9415.0;4704.5;4710.5;1178.5;244.0;934.5;857.0;403.5;453.5
4758;Totaal;Echt;2001;19194.5;9599.5;9595.0;7699.0;4229.5;3469.5;9399.5;4698.5;4701.0;1194.0;251.5;942.5;902.0;420.0;482.0
4759;Totaal;Echt;2002;19149.5;9574.5;9575.0;7639.5;4204.0;3435.5;9364.0;4681.5;4682.5;1211.0;255.0;956.0;935.0;434.0;501.0
4760;Totaal;Echt;2003;;;;;;;;;;;;;;;
4761;Totaal;Echt;2004;;;;;;;;;;;;;;;
4762;Totaal;Echt;2005;;;;;;;;;;;;;;;
4763;Totaal;Echt;2006;;;;;;;;;;;;;;;
4764;Totaal;Echt;2007;;;;;;;;;;;;;;;
4765;Totaal;Echt;2008;;;;;;;;;;;;;;;
4766;Totaal;Echt;2009;;;;;;;;;;;;;;;
4767;Totaal;Echt;2010;;;;;;;;;;;;;;;
4768;Totaal;Echt;2011;;;;;;;;;;;;;;;
4769;Totaal;Echt;2012;;;;;;;;;;;;;;;
4770;Totaal;Echt;2013;;;;;;;;;;;;;;;
4771;Totaal;Echt;2014;;;;;;;;;;;;;;;
4772;Totaal;Echt;2015;;;;;;;;;;;;;;;
4773;Totaal;Echt;2016;;;;;;;;;;;;;;;
4774;Totaal;Echteld;1995;6738.0;3382.0;3356.0;2676.5;1462.5;1214.0;3511.5;1758.0;1753.5;374.0;75.0;299.0;176.0;86.5;89.5
4775;Totaal;Echteld;1996;6692.5;3360.0;3332.5;2640.5;1448.5;1192.0;3488.0;1744.5;1743.5;382.5;76.5;306.0;181.5;90.5;91.0
4776;Totaal;Echteld;1997;6693.0;3359.5;3333.5;2638.0;1447.0;1191.0;3466.5;1732.5;1734.0;398.5;83.5;315.0;190.0;96.5;93.5
4777;Totaal;Echteld;1998;6710.0;3368.0;3342.0;2646.0;1446.0;1200.0;3469.5;1737.5;1732.0;394.5;84.5;310.0;200.0;100.0;100.0
4778;Totaal;Echteld;1999;6718.0;3364.5;3353.5;2639.5;1435.0;1204.5;3487.0;1747.0;1740.0;389.5;80.5;309.0;202.0;102.0;100.0
4779;Totaal;Echteld;2000;6726.0;3358.0;3368.0;2640.5;1428.5;1212.0;3481.5;1745.5;1736.0;399.0;80.0;319.0;205.0;104.0;101.0
4780;Totaal;Echteld;2001;6749.5;3366.5;3383.0;2676.5;1444.0;1232.5;3456.5;1734.5;1722.0;405.5;82.5;323.0;211.0;105.5;105.5
4781;Totaal;Echteld;2002;;;;;;;;;;;;;;;
4782;Totaal;Echteld;2003;;;;;;;;;;;;;;;
4783;Totaal;Echteld;2004;;;;;;;;;;;;;;;
4784;Totaal;Echteld;2005;;;;;;;;;;;;;;;
4785;Totaal;Echteld;2006;;;;;;;;;;;;;;;
4786;Totaal;Echteld;2007;;;;;;;;;;;;;;;
4787;Totaal;Echteld;2008;;;;;;;;;;;;;;;
4788;Totaal;Echteld;2009;;;;;;;;;;;;;;;
4789;Totaal;Echteld;2010;;;;;;;;;;;;;;;
4790;Totaal;Echteld;2011;;;;;;;;;;;;;;;
4791;Totaal;Echteld;2012;;;;;;;;;;;;;;;
4792;Totaal;Echteld;2013;;;;;;;;;;;;;;;
4793;Totaal;Echteld;2014;;;;;;;;;;;;;;;
4794;Totaal;Echteld;2015;;;;;;;;;;;;;;;
4795;Totaal;Echteld;2016;;;;;;;;;;;;;;;
4796;Totaal;Echt-Susteren;1995;;;;;;;;;;;;;;;
4797;Totaal;Echt-Susteren;1996;;;;;;;;;;;;;;;
4798;Totaal;Echt-Susteren;1997;;;;;;;;;;;;;;;
4799;Totaal;Echt-Susteren;1998;;;;;;;;;;;;;;;
4800;Totaal;Echt-Susteren;1999;;;;;;;;;;;;;;;
4801;Totaal;Echt-Susteren;2000;;;;;;;;;;;;;;;
4802;Totaal;Echt-Susteren;2001;;;;;;;;;;;;;;;
4803;Totaal;Echt-Susteren;2002;;;;;;;;;;;;;;;
4804;Totaal;Echt-Susteren;2003;32150.5;16057.5;16093.0;12533.5;6915.0;5618.5;15969.0;7976.0;7993.0;2047.5;416.5;1631.0;1600.5;750.0;850.5
4805;Totaal;Echt-Susteren;2004;32258.0;16091.5;16166.5;12665.5;6972.0;5693.5;15858.0;7919.0;7939.0;2064.5;422.0;1642.5;1670.0;778.5;891.5
4806;Totaal;Echt-Susteren;2005;32301.0;16112.0;16189.0;12684.5;6992.5;5692.0;15791.0;7883.0;7908.0;2078.0;423.5;1654.5;1747.5;813.0;934.5
4807;Totaal;Echt-Susteren;2006;32320.0;16126.5;16193.5;12678.5;7012.0;5666.5;15704.0;7838.0;7866.0;2092.5;422.5;1670.0;1845.0;854.0;991.0
4808;Totaal;Echt-Susteren;2007;32258.5;16104.5;16154.0;12711.5;7044.5;5667.0;15539.0;7756.5;7782.5;2095.5;421.5;1674.0;1912.5;882.0;1030.5
4809;Totaal;Echt-Susteren;2008;32110.5;16045.5;16065.0;12683.0;7043.0;5640.0;15386.0;7682.5;7703.5;2090.5;421.5;1669.0;1951.0;898.5;1052.5
4810;Totaal;Echt-Susteren;2009;32165.5;16127.0;16038.5;12691.5;7081.0;5610.5;15321.5;7660.5;7661.0;2091.0;430.5;1660.5;2061.5;955.0;1106.5
4811;Totaal;Echt-Susteren;2010;32273.0;16214.5;16058.5;12715.5;7111.5;5604.0;15285.0;7646.5;7638.5;2092.5;440.0;1652.5;2180.0;1016.5;1163.5
4812;Totaal;Echt-Susteren;2011;32214.5;16146.5;16068.0;12671.5;7068.0;5603.5;15190.5;7595.0;7595.5;2102.0;438.5;1663.5;2250.5;1045.0;1205.5
4813;Totaal;Echt-Susteren;2012;32118.5;16065.5;16053.0;12632.0;7031.0;5601.0;15052.5;7522.5;7530.0;2107.0;438.0;1669.0;2327.0;1074.0;1253.0
4814;Totaal;Echt-Susteren;2013;32024.0;16019.0;16005.0;12629.0;7032.5;5596.5;14908.5;7446.0;7462.5;2105.5;438.5;1667.0;2381.0;1102.0;1279.0
4815;Totaal;Echt-Susteren;2014;31961.5;16009.5;15952.0;12643.0;7052.5;5590.5;14790.0;7393.0;7397.0;2107.5;436.0;1671.5;2421.0;1128.0;1293.0
4816;Totaal;Echt-Susteren;2015;31945.0;16021.5;15923.5;12688.0;7089.5;5598.5;14663.5;7332.5;7331.0;2120.0;448.0;1672.0;2473.5;1151.5;1322.0
4817;Totaal;Echt-Susteren;2016;31879.0;16012.0;15867.0;12735.0;7136.0;5599.0;14467.5;7229.0;7238.5;2136.5;468.0;1668.5;2540.0;1179.0;1361.0
4818;Totaal;Edam-Volendam;1995;26122.5;13158.5;12964.0;11482.0;6246.5;5235.5;12745.0;6372.0;6373.0;1148.0;209.5;938.5;747.5;330.5;417.0
4819;Totaal;Edam-Volendam;1996;26380.0;13282.0;13098.0;11577.0;6296.5;5280.5;12867.5;6434.5;6433.0;1170.5;213.0;957.5;765.0;338.0;427.0
4820;Totaal;Edam-Volendam;1997;26672.5;13424.5;13248.0;11661.0;6346.5;5314.5;13027.5;6511.5;6516.0;1186.5;213.5;973.0;797.5;353.0;444.5
4821;Totaal;Edam-Volendam;1998;26988.0;13573.5;13414.5;11737.5;6387.0;5350.5;13212.5;6600.0;6612.5;1199.5;214.5;985.0;838.5;372.0;466.5
4822;Totaal;Edam-Volendam;1999;27298.0;13738.0;13560.0;11822.5;6447.5;5375.0;13378.5;6680.0;6698.5;1224.5;222.5;1002.0;872.5;388.0;484.5
4823;Totaal;Edam-Volendam;2000;27573.5;13898.0;13675.5;11930.0;6530.0;5400.0;13487.0;6732.5;6754.5;1257.5;235.5;1022.0;899.0;400.0;499.0
4824;Totaal;Edam-Volendam;2001;27760.0;13991.0;13769.0;11976.5;6553.0;5423.5;13567.5;6776.5;6791.0;1277.0;247.0;1030.0;939.0;414.5;524.5
4825;Totaal;Edam-Volendam;2002;27948.0;14080.0;13868.0;12042.5;6586.5;5456.0;13653.0;6819.0;6834.0;1282.5;250.5;1032.0;970.0;424.0;546.0
4826;Totaal;Edam-Volendam;2003;28128.5;14163.0;13965.5;12146.0;6636.5;5509.5;13719.5;6848.5;6871.0;1277.5;247.5;1030.0;985.5;430.5;555.0
4827;Totaal;Edam-Volendam;2004;28263.5;14213.5;14050.0;12208.5;6648.0;5560.5;13777.0;6879.5;6897.5;1277.5;247.5;1030.0;1000.5;438.5;562.0
4828;Totaal;Edam-Volendam;2005;28396.0;14265.0;14131.0;12299.5;6684.5;5615.0;13789.0;6887.5;6901.5;1285.0;244.5;1040.5;1022.5;448.5;574.0
4829;Totaal;Edam-Volendam;2006;28476.5;14300.5;14176.0;12374.5;6729.0;5645.5;13735.0;6860.5;6874.5;1296.0;240.5;1055.5;1071.0;470.5;600.5
4830;Totaal;Edam-Volendam;2007;28471.0;14295.5;14175.5;12370.5;6730.0;5640.5;13668.5;6830.5;6838.0;1317.0;245.5;1071.5;1115.0;489.5;625.5
4831;Totaal;Edam-Volendam;2008;28465.5;14298.0;14167.5;12361.5;6722.0;5639.5;13627.0;6816.0;6811.0;1332.5;254.5;1078.0;1144.5;505.5;639.0
4832;Totaal;Edam-Volendam;2009;28494.5;14306.0;14188.5;12335.5;6697.5;5638.0;13592.0;6800.5;6791.5;1333.0;256.5;1076.5;1234.0;551.5;682.5
4833;Totaal;Edam-Volendam;2010;28544.5;14311.0;14233.5;12322.0;6673.0;5649.0;13544.5;6773.5;6771.0;1341.5;263.5;1078.0;1336.5;601.0;735.5
4834;Totaal;Edam-Volendam;2011;28641.5;14345.0;14296.5;12403.5;6694.0;5709.5;13519.0;6761.5;6757.5;1344.0;276.0;1068.0;1375.0;613.5;761.5
4835;Totaal;Edam-Volendam;2012;28727.0;14360.5;14366.5;12499.5;6713.5;5786.0;13488.5;6747.5;6741.0;1339.5;283.0;1056.5;1399.5;616.5;783.0
4836;Totaal;Edam-Volendam;2013;28837.0;14401.0;14436.0;12625.0;6773.5;5851.5;13420.5;6710.0;6710.5;1350.0;288.5;1061.5;1441.5;629.0;812.5
4837;Totaal;Edam-Volendam;2014;29003.5;14492.0;14511.5;12767.0;6862.5;5904.5;13377.0;6686.5;6690.5;1364.5;294.0;1070.5;1495.0;649.0;846.0
4838;Totaal;Edam-Volendam;2015;29155.5;14564.5;14591.0;12873.0;6915.5;5957.5;13372.0;6686.5;6685.5;1373.5;294.0;1079.5;1537.0;668.5;868.5
4839;Totaal;Edam-Volendam;2016;35632.5;17801.5;17831.0;15676.0;8397.5;7278.5;16299.5;8147.5;8152.0;1685.0;373.0;1312.0;1972.0;883.5;1088.5
4840;Totaal;Ede;1995;99542.5;48870.5;50672.0;43564.5;22794.0;20770.5;47576.0;23780.5;23795.5;5162.0;920.0;4242.0;3240.0;1376.0;1864.0
4841;Totaal;Ede;1996;100427.0;49294.5;51132.5;43973.0;23018.0;20955.0;47826.0;23898.0;23928.0;5208.0;930.5;4277.5;3420.0;1448.0;1972.0
4842;Totaal;Ede;1997;101226.5;49679.5;51547.0;44350.5;23230.0;21120.5;47995.0;23988.5;24006.5;5286.0;946.5;4339.5;3595.0;1514.5;2080.5
4843;Totaal;Ede;1998;101430.5;49767.0;51663.5;44430.0;23264.0;21166.0;47928.0;23964.0;23964.0;5276.5;960.0;4316.5;3796.0;1579.0;2217.0
4844;Totaal;Ede;1999;101621.0;49887.5;51733.5;44529.5;23339.0;21190.5;47878.5;23943.0;23935.5;5277.0;969.5;4307.5;3936.0;1636.0;2300.0
4845;Totaal;Ede;2000;102052.5;50124.5;51928.0;44785.0;23521.5;21263.5;47918.0;23960.0;23958.0;5356.5;979.5;4377.0;3993.0;1663.5;2329.5
4846;Totaal;Ede;2001;103056.5;50650.5;52406.0;45399.0;23867.5;21531.5;48109.0;24049.5;24059.5;5385.5;1000.0;4385.5;4163.0;1733.5;2429.5
4847;Totaal;Ede;2002;104239.5;51233.5;53006.0;46103.5;24230.5;21873.0;48327.0;24153.0;24174.0;5412.5;1007.0;4405.5;4396.5;1843.0;2553.5
4848;Totaal;Ede;2003;105133.0;51588.0;53545.0;46691.0;24467.0;22224.0;48440.5;24207.5;24233.0;5426.5;997.5;4429.0;4575.0;1916.0;2659.0
4849;Totaal;Ede;2004;105955.5;51874.0;54081.5;47255.5;24658.0;22597.5;48472.5;24228.0;24244.5;5457.0;1002.5;4454.5;4770.5;1985.5;2785.0
4850;Totaal;Ede;2005;106732.0;52198.0;54534.0;47712.0;24827.0;22885.0;48602.5;24308.0;24294.5;5497.5;1023.5;4474.0;4920.0;2039.5;2880.5
4851;Totaal;Ede;2006;107274.0;52496.5;54777.5;48019.5;25002.5;23017.0;48743.0;24376.5;24366.5;5485.0;1031.5;4453.5;5026.5;2086.0;2940.5
4852;Totaal;Ede;2007;107593.0;52718.5;54874.5;48272.5;25198.5;23074.0;48716.0;24347.0;24369.0;5467.0;1038.0;4429.0;5137.5;2135.0;3002.5
4853;Totaal;Ede;2008;107654.5;52781.5;54873.0;48406.5;25282.5;23124.0;48573.5;24274.0;24299.5;5456.0;1059.0;4397.0;5218.5;2166.0;3052.5
4854;Totaal;Ede;2009;107689.5;52805.0;54884.5;48261.0;25204.5;23056.5;48498.0;24230.0;24268.0;5458.0;1077.0;4381.0;5472.5;2293.5;3179.0
4855;Totaal;Ede;2010;108020.5;52997.5;55023.0;48268.5;25215.5;23053.0;48523.0;24248.5;24274.5;5461.5;1099.0;4362.5;5767.5;2434.5;3333.0
4856;Totaal;Ede;2011;108524.0;53258.5;55265.5;48557.0;25339.0;23218.0;48579.0;24290.5;24288.5;5460.5;1124.5;4336.0;5927.5;2504.5;3423.0
4857;Totaal;Ede;2012;109293.0;53624.0;55669.0;49019.5;25548.5;23471.0;48660.5;24327.5;24333.0;5499.0;1156.5;4342.5;6114.0;2591.5;3522.5
4858;Totaal;Ede;2013;110239.5;54089.0;56150.5;49635.5;25858.0;23777.5;48741.5;24366.5;24375.0;5522.0;1172.5;4349.5;6340.5;2692.0;3648.5
4859;Totaal;Ede;2014;111115.5;54545.5;56570.0;50175.0;26159.5;24015.5;48853.5;24422.5;24431.0;5522.0;1174.5;4347.5;6565.0;2789.0;3776.0
4860;Totaal;Ede;2015;112001.0;55045.5;56955.5;50682.0;26456.5;24225.5;49045.0;24514.0;24531.0;5502.5;1189.5;4313.0;6771.5;2885.5;3886.0
4861;Totaal;Ede;2016;112924.0;55607.5;57316.5;51197.5;26777.0;24420.5;49310.5;24657.5;24653.0;5460.5;1200.5;4260.0;6955.5;2972.5;3983.0
4862;Totaal;Eelde;1995;10754.5;5242.5;5512.0;3964.5;2131.5;1833.0;5572.0;2784.5;2787.5;826.5;159.0;667.5;391.5;167.5;224.0
4863;Totaal;Eelde;1996;10751.0;5219.5;5531.5;3976.0;2127.0;1849.0;5535.5;2765.5;2770.0;838.0;165.5;672.5;401.5;161.5;240.0
4864;Totaal;Eelde;1997;10780.0;5232.0;5548.0;3999.5;2135.5;1864.0;5528.0;2764.0;2764.0;832.0;165.0;667.0;420.5;167.5;253.0
4865;Totaal;Eelde;1998;;;;;;;;;;;;;;;
4866;Totaal;Eelde;1999;;;;;;;;;;;;;;;
4867;Totaal;Eelde;2000;;;;;;;;;;;;;;;
4868;Totaal;Eelde;2001;;;;;;;;;;;;;;;
4869;Totaal;Eelde;2002;;;;;;;;;;;;;;;
4870;Totaal;Eelde;2003;;;;;;;;;;;;;;;
4871;Totaal;Eelde;2004;;;;;;;;;;;;;;;
4872;Totaal;Eelde;2005;;;;;;;;;;;;;;;
4873;Totaal;Eelde;2006;;;;;;;;;;;;;;;
4874;Totaal;Eelde;2007;;;;;;;;;;;;;;;
4875;Totaal;Eelde;2008;;;;;;;;;;;;;;;
4876;Totaal;Eelde;2009;;;;;;;;;;;;;;;
4877;Totaal;Eelde;2010;;;;;;;;;;;;;;;
4878;Totaal;Eelde;2011;;;;;;;;;;;;;;;
4879;Totaal;Eelde;2012;;;;;;;;;;;;;;;
4880;Totaal;Eelde;2013;;;;;;;;;;;;;;;
4881;Totaal;Eelde;2014;;;;;;;;;;;;;;;
4882;Totaal;Eelde;2015;;;;;;;;;;;;;;;
4883;Totaal;Eelde;2016;;;;;;;;;;;;;;;
4884;Totaal;Eemnes;1995;8152.5;4051.5;4101.0;3692.5;1930.5;1762.0;3830.5;1913.5;1917.0;240.5;45.0;195.5;389.0;162.5;226.5
4885;Totaal;Eemnes;1996;8210.0;4084.0;4126.0;3713.0;1946.0;1767.0;3834.5;1916.0;1918.5;253.5;48.0;205.5;409.0;174.0;235.0
4886;Totaal;Eemnes;1997;8264.5;4108.0;4156.5;3729.5;1955.0;1774.5;3842.5;1923.0;1919.5;258.0;47.0;211.0;434.5;183.0;251.5
4887;Totaal;Eemnes;1998;8339.0;4132.0;4207.0;3766.5;1970.0;1796.5;3860.5;1929.5;1931.0;265.0;46.5;218.5;447.0;186.0;261.0
4888;Totaal;Eemnes;1999;8500.0;4207.0;4293.0;3857.5;2019.0;1838.5;3914.0;1955.5;1958.5;280.0;49.0;231.0;448.5;183.5;265.0
4889;Totaal;Eemnes;2000;8639.5;4271.0;4368.5;3922.0;2049.5;1872.5;3971.5;1986.5;1985.0;289.5;52.0;237.5;456.5;183.0;273.5
4890;Totaal;Eemnes;2001;8634.5;4271.0;4363.5;3890.5;2035.5;1855.0;3966.5;1984.0;1982.5;300.5;58.5;242.0;477.0;193.0;284.0
4891;Totaal;Eemnes;2002;8619.5;4269.5;4350.0;3870.0;2025.5;1844.5;3951.5;1975.5;1976.0;303.0;63.0;240.0;495.0;205.5;289.5
4892;Totaal;Eemnes;2003;8650.0;4286.5;4363.5;3872.5;2024.0;1848.5;3976.0;1988.5;1987.5;299.5;64.0;235.5;502.0;210.0;292.0
4893;Totaal;Eemnes;2004;8727.5;4318.0;4409.5;3903.5;2031.0;1872.5;4014.5;2010.5;2004.0;302.5;65.0;237.5;507.0;211.5;295.5
4894;Totaal;Eemnes;2005;8822.0;4360.5;4461.5;3961.0;2055.5;1905.5;4036.0;2019.5;2016.5;302.5;67.5;235.0;522.5;218.0;304.5
4895;Totaal;Eemnes;2006;8875.0;4405.0;4470.0;3993.5;2091.0;1902.5;4036.0;2019.0;2017.0;299.0;70.5;228.5;546.5;224.5;322.0
4896;Totaal;Eemnes;2007;8927.5;4428.0;4499.5;4033.5;2112.0;1921.5;4026.0;2014.5;2011.5;302.5;72.0;230.5;565.5;229.5;336.0
4897;Totaal;Eemnes;2008;8922.0;4417.0;4505.0;4042.0;2115.5;1926.5;3984.5;1991.0;1993.5;310.5;73.5;237.0;585.0;237.0;348.0
4898;Totaal;Eemnes;2009;8858.5;4390.0;4468.5;3991.0;2099.0;1892.0;3936.0;1964.0;1972.0;317.5;75.5;242.0;614.0;251.5;362.5
4899;Totaal;Eemnes;2010;8841.0;4374.0;4467.0;3956.5;2072.5;1884.0;3918.0;1954.5;1963.5;324.5;77.5;247.0;642.0;269.5;372.5
4900;Totaal;Eemnes;2011;8834.5;4367.0;4467.5;3926.5;2049.5;1877.0;3909.5;1951.0;1958.5;328.0;79.5;248.5;670.5;287.0;383.5
4901;Totaal;Eemnes;2012;8809.5;4366.0;4443.5;3898.0;2044.5;1853.5;3892.5;1942.5;1950.0;333.5;82.0;251.5;685.5;297.0;388.5
4902;Totaal;Eemnes;2013;8787.0;4353.5;4433.5;3877.5;2038.0;1839.5;3873.5;1930.5;1943.0;345.5;88.0;257.5;690.5;297.0;393.5
4903;Totaal;Eemnes;2014;8793.0;4349.5;4443.5;3859.5;2026.5;1833.0;3861.0;1925.0;1936.0;355.0;92.0;263.0;717.5;306.0;411.5
4904;Totaal;Eemnes;2015;8842.0;4374.0;4468.0;3885.0;2039.5;1845.5;3851.5;1921.5;1930.0;359.5;93.0;266.5;746.0;320.0;426.0
4905;Totaal;Eemnes;2016;8938.0;4411.5;4526.5;3946.0;2061.5;1884.5;3850.5;1919.0;1931.5;369.5;96.5;273.0;772.0;334.5;437.5
4906;Totaal;Eemsmond;1995;16236.5;8318.5;7918.0;6862.5;3938.0;2924.5;7764.5;3877.5;3887.0;1058.5;233.5;825.0;551.0;269.5;281.5
4907;Totaal;Eemsmond;1996;16232.5;8327.0;7905.5;6878.5;3949.5;2929.0;7698.5;3848.0;3850.5;1066.0;239.5;826.5;589.5;290.0;299.5
4908;Totaal;Eemsmond;1997;16272.0;8331.0;7941.0;6910.5;3949.5;2961.0;7664.5;3835.0;3829.5;1060.0;240.0;820.0;637.0;306.5;330.5
4909;Totaal;Eemsmond;1998;16342.0;8332.5;8009.5;6943.0;3949.0;2994.0;7677.5;3840.5;3837.0;1043.5;226.5;817.0;678.0;316.5;361.5
4910;Totaal;Eemsmond;1999;16400.0;8355.0;8045.0;6980.5;3970.0;3010.5;7686.5;3844.0;3842.5;1041.5;219.0;822.5;691.5;322.0;369.5
4911;Totaal;Eemsmond;2000;16579.5;8452.5;8127.0;7099.5;4036.0;3063.5;7725.0;3863.5;3861.5;1048.0;216.5;831.5;707.0;336.5;370.5
4912;Totaal;Eemsmond;2001;16887.5;8609.5;8278.0;7282.0;4130.5;3151.5;7804.0;3908.0;3896.0;1046.0;213.5;832.5;755.5;357.5;398.0
4913;Totaal;Eemsmond;2002;17122.0;8732.5;8389.5;7434.5;4211.5;3223.0;7846.5;3933.0;3913.5;1041.5;214.0;827.5;799.5;374.0;425.5
4914;Totaal;Eemsmond;2003;17061.5;8691.5;8370.0;7411.5;4194.5;3217.0;7786.5;3899.5;3887.0;1045.5;217.5;828.0;818.0;380.0;438.0
4915;Totaal;Eemsmond;2004;16836.0;8567.0;8269.0;7280.0;4125.5;3154.5;7687.0;3847.0;3840.0;1041.5;213.5;828.0;827.5;381.0;446.5
4916;Totaal;Eemsmond;2005;16720.0;8517.5;8202.5;7232.0;4107.5;3124.5;7619.0;3812.5;3806.5;1029.0;210.0;819.0;840.0;387.5;452.5
4917;Totaal;Eemsmond;2006;16702.5;8507.5;8195.0;7275.0;4126.0;3149.0;7532.5;3768.5;3764.0;1029.0;214.5;814.5;866.0;398.5;467.5
4918;Totaal;Eemsmond;2007;16626.0;8466.5;8159.5;7259.5;4111.5;3148.0;7448.0;3726.0;3722.0;1028.5;216.0;812.5;890.0;413.0;477.0
4919;Totaal;Eemsmond;2008;16514.5;8407.0;8107.5;7201.0;4076.0;3125.0;7392.5;3697.0;3695.5;1018.5;212.0;806.5;902.5;422.0;480.5
4920;Totaal;Eemsmond;2009;16456.5;8367.0;8089.5;7146.0;4043.5;3102.5;7341.5;3670.5;3671.0;1007.5;207.0;800.5;961.5;446.0;515.5
4921;Totaal;Eemsmond;2010;16391.5;8337.0;8054.5;7085.0;4012.0;3073.0;7282.0;3640.5;3641.5;997.0;207.5;789.5;1027.5;477.0;550.5
4922;Totaal;Eemsmond;2011;16296.0;8290.0;8006.0;7046.0;3989.0;3057.0;7209.0;3599.5;3609.5;993.5;212.5;781.0;1047.5;489.0;558.5
4923;Totaal;Eemsmond;2012;16159.0;8236.0;7923.0;6994.5;3972.0;3022.5;7132.5;3560.5;3572.0;979.0;213.0;766.0;1053.0;490.5;562.5
4924;Totaal;Eemsmond;2013;16005.5;8180.5;7825.0;6934.5;3949.0;2985.5;7047.5;3523.0;3524.5;958.0;212.5;745.5;1065.5;496.0;569.5
4925;Totaal;Eemsmond;2014;15849.0;8085.5;7763.5;6848.0;3882.0;2966.0;6950.0;3475.0;3475.0;955.5;217.0;738.5;1095.5;511.5;584.0
4926;Totaal;Eemsmond;2015;15792.5;8038.5;7754.0;6827.5;3849.5;2978.0;6882.0;3441.5;3440.5;959.0;222.5;736.5;1124.0;525.0;599.0
4927;Totaal;Eemsmond;2016;15735.5;8012.0;7723.5;6821.0;3839.0;2982.0;6814.0;3411.0;3403.0;958.0;229.5;728.5;1142.5;532.5;610.0
4928;Totaal;Eersel;1995;12720.0;6530.0;6190.0;5472.0;3065.5;2406.5;6402.0;3198.0;3204.0;499.5;103.0;396.5;346.5;163.5;183.0
4929;Totaal;Eersel;1996;12802.0;6576.5;6225.5;5519.5;3104.0;2415.5;6382.5;3188.5;3194.0;519.5;106.5;413.0;380.5;177.5;203.0
4930;Totaal;Eersel;1997;18259.0;9402.5;8856.5;7848.5;4437.5;3411.0;9159.5;4578.5;4581.0;744.5;153.0;591.5;506.5;233.5;273.0
4931;Totaal;Eersel;1998;18253.0;9396.5;8856.5;7846.5;4445.5;3401.0;9110.5;4553.0;4557.5;771.0;156.0;615.0;525.0;242.0;283.0
4932;Totaal;Eersel;1999;18262.5;9405.0;8857.5;7840.0;4446.0;3394.0;9099.5;4548.0;4551.5;782.5;161.0;621.5;540.5;250.0;290.5
4933;Totaal;Eersel;2000;18308.0;9427.5;8880.5;7849.5;4449.5;3400.0;9104.5;4553.0;4551.5;789.5;163.0;626.5;564.5;262.0;302.5
4934;Totaal;Eersel;2001;18350.5;9437.5;8913.0;7870.0;4454.5;3415.5;9092.5;4551.0;4541.5;803.5;161.0;642.5;584.5;271.0;313.5
4935;Totaal;Eersel;2002;18387.5;9438.5;8949.0;7883.5;4459.5;3424.0;9076.0;4541.0;4535.0;823.0;162.5;660.5;605.0;275.5;329.5
4936;Totaal;Eersel;2003;18337.5;9383.0;8954.5;7830.5;4416.0;3414.5;9039.0;4520.5;4518.5;839.0;168.0;671.0;629.0;278.5;350.5
4937;Totaal;Eersel;2004;18290.5;9324.0;8966.5;7750.5;4348.0;3402.5;9010.0;4507.0;4503.0;869.5;179.5;690.0;660.5;289.5;371.0
4938;Totaal;Eersel;2005;18239.0;9283.5;8955.5;7683.0;4308.0;3375.0;8964.0;4485.5;4478.5;895.5;188.0;707.5;696.5;302.0;394.5
4939;Totaal;Eersel;2006;18112.0;9214.5;8897.5;7588.5;4256.5;3332.0;8901.0;4455.5;4445.5;908.0;196.0;712.0;714.5;306.5;408.0
4940;Totaal;Eersel;2007;18056.5;9185.0;8871.5;7558.5;4241.0;3317.5;8852.5;4430.5;4422.0;914.0;201.0;713.0;731.5;312.5;419.0
4941;Totaal;Eersel;2008;18088.0;9204.5;8883.5;7594.5;4259.0;3335.5;8811.0;4410.5;4400.5;923.0;205.0;718.0;759.5;330.0;429.5
4942;Totaal;Eersel;2009;18130.5;9235.5;8895.0;7613.5;4267.5;3346.0;8767.0;4387.5;4379.5;937.5;214.0;723.5;812.5;366.5;446.0
4943;Totaal;Eersel;2010;18161.5;9246.0;8915.5;7617.5;4274.5;3343.0;8721.5;4360.5;4361.0;952.5;215.0;737.5;870.0;396.0;474.0
4944;Totaal;Eersel;2011;18166.0;9228.5;8937.5;7622.0;4278.5;3343.5;8658.5;4326.5;4332.0;983.0;220.0;763.0;902.5;403.5;499.0
4945;Totaal;Eersel;2012;18181.0;9222.5;8958.5;7642.0;4279.0;3363.0;8613.0;4304.0;4309.0;994.0;227.5;766.5;932.0;412.0;520.0
4946;Totaal;Eersel;2013;18189.5;9206.5;8983.0;7669.0;4272.0;3397.0;8563.0;4277.0;4286.0;991.5;230.0;761.5;966.0;427.5;538.5
4947;Totaal;Eersel;2014;18265.0;9238.0;9027.0;7755.5;4315.0;3440.5;8493.0;4241.5;4251.5;994.0;227.0;767.0;1022.5;454.5;568.0
4948;Totaal;Eersel;2015;18449.0;9332.5;9116.5;7905.0;4396.5;3508.5;8464.0;4228.0;4236.0;1005.0;230.0;775.0;1075.0;478.0;597.0
4949;Totaal;Eersel;2016;18552.5;9394.0;9158.5;7975.0;4442.0;3533.0;8455.0;4224.5;4230.5;1022.5;238.0;784.5;1100.0;489.5;610.5
4950;Totaal;Egmond;1995;11556.5;5772.5;5784.0;4980.5;2727.5;2253.0;5374.5;2679.5;2695.0;715.0;138.0;577.0;486.5;227.5;259.0
4951;Totaal;Egmond;1996;11523.0;5752.5;5770.5;4972.0;2718.5;2253.5;5345.5;2667.5;2678.0;709.5;134.0;575.5;496.0;232.5;263.5
4952;Totaal;Egmond;1997;11462.5;5728.0;5734.5;4901.5;2695.0;2206.5;5339.5;2665.5;2674.0;716.5;132.0;584.5;505.0;235.5;269.5
4953;Totaal;Egmond;1998;11388.0;5708.0;5680.0;4822.5;2677.0;2145.5;5324.5;2658.5;2666.0;710.5;133.0;577.5;530.5;239.5;291.0
4954;Totaal;Egmond;1999;11359.0;5699.5;5659.5;4810.5;2678.0;2132.5;5297.5;2643.5;2654.0;702.5;132.0;570.5;548.5;246.0;302.5
4955;Totaal;Egmond;2000;11367.5;5697.5;5670.0;4838.5;2687.0;2151.5;5259.0;2624.0;2635.0;705.5;132.0;573.5;564.5;254.5;310.0
4956;Totaal;Egmond;2001;;;;;;;;;;;;;;;
4957;Totaal;Egmond;2002;;;;;;;;;;;;;;;
4958;Totaal;Egmond;2003;;;;;;;;;;;;;;;
4959;Totaal;Egmond;2004;;;;;;;;;;;;;;;
4960;Totaal;Egmond;2005;;;;;;;;;;;;;;;
4961;Totaal;Egmond;2006;;;;;;;;;;;;;;;
4962;Totaal;Egmond;2007;;;;;;;;;;;;;;;
4963;Totaal;Egmond;2008;;;;;;;;;;;;;;;
4964;Totaal;Egmond;2009;;;;;;;;;;;;;;;
4965;Totaal;Egmond;2010;;;;;;;;;;;;;;;
4966;Totaal;Egmond;2011;;;;;;;;;;;;;;;
4967;Totaal;Egmond;2012;;;;;;;;;;;;;;;
4968;Totaal;Egmond;2013;;;;;;;;;;;;;;;
4969;Totaal;Egmond;2014;;;;;;;;;;;;;;;
4970;Totaal;Egmond;2015;;;;;;;;;;;;;;;
4971;Totaal;Egmond;2016;;;;;;;;;;;;;;;
4972;Totaal;Eibergen;1995;16385.5;8366.0;8019.5;7122.0;4040.5;3081.5;7971.0;3989.0;3982.0;930.5;167.0;763.5;362.0;169.5;192.5
4973;Totaal;Eibergen;1996;16440.0;8403.5;8036.5;7140.5;4059.0;3081.5;7992.5;4001.5;3991.0;942.0;169.5;772.5;365.0;173.5;191.5
4974;Totaal;Eibergen;1997;16470.5;8437.5;8033.0;7161.5;4087.0;3074.5;7978.0;3994.5;3983.5;958.5;173.5;785.0;372.5;182.5;190.0
4975;Totaal;Eibergen;1998;16509.0;8467.5;8041.5;7163.5;4097.5;3066.0;7989.5;4001.0;3988.5;953.0;173.5;779.5;403.0;195.5;207.5
4976;Totaal;Eibergen;1999;16553.5;8485.0;8068.5;7155.5;4085.5;3070.0;8005.0;4009.5;3995.5;944.5;172.5;772.0;448.5;217.5;231.0
4977;Totaal;Eibergen;2000;16637.5;8521.5;8116.0;7207.5;4105.0;3102.5;7997.0;4003.0;3994.0;949.5;174.0;775.5;483.5;239.5;244.0
4978;Totaal;Eibergen;2001;16710.5;8565.5;8145.0;7278.5;4148.5;3130.0;7973.0;3990.0;3983.0;955.5;174.0;781.5;503.5;253.0;250.5
4979;Totaal;Eibergen;2002;16744.0;8597.5;8146.5;7326.5;4190.5;3136.0;7936.5;3970.0;3966.5;962.5;178.0;784.5;518.5;259.0;259.5
4980;Totaal;Eibergen;2003;16694.0;8584.0;8110.0;7308.0;4189.5;3118.5;7888.5;3947.0;3941.5;967.5;185.5;782.0;530.0;262.0;268.0
4981;Totaal;Eibergen;2004;16595.0;8534.0;8061.0;7259.5;4154.5;3105.0;7823.5;3916.0;3907.5;973.5;198.0;775.5;538.5;265.5;273.0
4982;Totaal;Eibergen;2005;;;;;;;;;;;;;;;
4983;Totaal;Eibergen;2006;;;;;;;;;;;;;;;
4984;Totaal;Eibergen;2007;;;;;;;;;;;;;;;
4985;Totaal;Eibergen;2008;;;;;;;;;;;;;;;
4986;Totaal;Eibergen;2009;;;;;;;;;;;;;;;
4987;Totaal;Eibergen;2010;;;;;;;;;;;;;;;
4988;Totaal;Eibergen;2011;;;;;;;;;;;;;;;
4989;Totaal;Eibergen;2012;;;;;;;;;;;;;;;
4990;Totaal;Eibergen;2013;;;;;;;;;;;;;;;
4991;Totaal;Eibergen;2014;;;;;;;;;;;;;;;
4992;Totaal;Eibergen;2015;;;;;;;;;;;;;;;
4993;Totaal;Eibergen;2016;;;;;;;;;;;;;;;
4994;Totaal;Eijsden;1995;11775.5;5855.0;5920.5;4523.0;2405.0;2118.0;6411.5;3208.0;3203.5;557.0;98.0;459.0;284.0;144.0;140.0
4995;Totaal;Eijsden;1996;11844.5;5899.5;5945.0;4556.5;2434.0;2122.5;6431.0;3218.0;3213.0;557.5;98.0;459.5;299.5;149.5;150.0
4996;Totaal;Eijsden;1997;11866.5;5911.5;5955.0;4566.0;2443.0;2123.0;6415.0;3209.0;3206.0;568.5;103.0;465.5;317.0;156.5;160.5
4997;Totaal;Eijsden;1998;11969.5;5968.5;6001.0;4600.0;2463.0;2137.0;6455.5;3231.0;3224.5;568.0;106.0;462.0;346.0;168.5;177.5
4998;Totaal;Eijsden;1999;12087.5;6032.0;6055.5;4657.5;2496.5;2161.0;6486.0;3249.0;3237.0;574.0;107.0;467.0;370.0;179.5;190.5
4999;Totaal;Eijsden;2000;12102.0;6047.0;6055.0;4682.5;2526.5;2156.0;6446.0;3227.5;3218.5;587.0;106.0;481.0;386.5;187.0;199.5
5000;Totaal;Eijsden;2001;12048.0;6026.0;6022.0;4674.0;2537.5;2136.5;6362.5;3184.0;3178.5;594.5;105.5;489.0;417.0;199.0;218.0
5001;Totaal;Eijsden;2002;11983.5;6001.0;5982.5;4661.0;2540.5;2120.5;6265.0;3137.0;3128.0;606.0;110.5;495.5;451.5;213.0;238.5
5002;Totaal;Eijsden;2003;11902.0;5972.5;5929.5;4627.0;2540.5;2086.5;6187.0;3098.0;3089.0;618.0;113.5;504.5;470.0;220.5;249.5
5003;Totaal;Eijsden;2004;11808.5;5924.5;5884.0;4586.5;2526.0;2060.5;6113.5;3058.5;3055.0;629.5;116.0;513.5;479.0;224.0;255.0
5004;Totaal;Eijsden;2005;11737.0;5875.5;5861.5;4533.5;2487.5;2046.0;6074.0;3039.5;3034.5;633.0;118.0;515.0;496.5;230.5;266.0
5005;Totaal;Eijsden;2006;11688.0;5846.5;5841.5;4493.0;2460.0;2033.0;6044.0;3026.5;3017.5;634.0;121.5;512.5;517.0;238.5;278.5
5006;Totaal;Eijsden;2007;11574.0;5790.5;5783.5;4438.0;2427.5;2010.5;5975.0;2992.5;2982.5;626.0;123.0;503.0;535.0;247.5;287.5
5007;Totaal;Eijsden;2008;11456.5;5733.0;5723.5;4385.0;2400.5;1984.5;5907.0;2957.5;2949.5;617.0;121.0;496.0;547.5;254.0;293.5
5008;Totaal;Eijsden;2009;11428.5;5713.5;5715.0;4380.5;2398.0;1982.5;5853.5;2928.0;2925.5;623.0;123.0;500.0;571.5;264.5;307.0
5009;Totaal;Eijsden;2010;11502.0;5725.0;5777.0;4444.0;2409.5;2034.5;5834.0;2916.0;2918.0;628.5;125.0;503.5;595.5;274.5;321.0
5010;Totaal;Eijsden;2011;;;;;;;;;;;;;;;
5011;Totaal;Eijsden;2012;;;;;;;;;;;;;;;
5012;Totaal;Eijsden;2013;;;;;;;;;;;;;;;
5013;Totaal;Eijsden;2014;;;;;;;;;;;;;;;
5014;Totaal;Eijsden;2015;;;;;;;;;;;;;;;
5015;Totaal;Eijsden;2016;;;;;;;;;;;;;;;
5016;Totaal;Eijsden-Margraten;1995;;;;;;;;;;;;;;;
5017;Totaal;Eijsden-Margraten;1996;;;;;;;;;;;;;;;
5018;Totaal;Eijsden-Margraten;1997;;;;;;;;;;;;;;;
5019;Totaal;Eijsden-Margraten;1998;;;;;;;;;;;;;;;
5020;Totaal;Eijsden-Margraten;1999;;;;;;;;;;;;;;;
5021;Totaal;Eijsden-Margraten;2000;;;;;;;;;;;;;;;
5022;Totaal;Eijsden-Margraten;2001;;;;;;;;;;;;;;;
5023;Totaal;Eijsden-Margraten;2002;;;;;;;;;;;;;;;
5024;Totaal;Eijsden-Margraten;2003;;;;;;;;;;;;;;;
5025;Totaal;Eijsden-Margraten;2004;;;;;;;;;;;;;;;
5026;Totaal;Eijsden-Margraten;2005;;;;;;;;;;;;;;;
5027;Totaal;Eijsden-Margraten;2006;;;;;;;;;;;;;;;
5028;Totaal;Eijsden-Margraten;2007;;;;;;;;;;;;;;;
5029;Totaal;Eijsden-Margraten;2008;;;;;;;;;;;;;;;
5030;Totaal;Eijsden-Margraten;2009;;;;;;;;;;;;;;;
5031;Totaal;Eijsden-Margraten;2010;;;;;;;;;;;;;;;
5032;Totaal;Eijsden-Margraten;2011;24967.0;12492.5;12474.5;9672.0;5274.0;4398.0;12674.0;6340.0;6334.0;1349.5;290.0;1059.5;1271.5;588.5;683.0
5033;Totaal;Eijsden-Margraten;2012;25021.5;12507.0;12514.5;9732.5;5307.5;4425.0;12607.0;6302.0;6305.0;1371.5;297.5;1074.0;1310.5;600.0;710.5
5034;Totaal;Eijsden-Margraten;2013;25014.0;12507.5;12506.5;9773.5;5342.0;4431.5;12491.5;6241.5;6250.0;1387.5;307.5;1080.0;1361.5;616.5;745.0
5035;Totaal;Eijsden-Margraten;2014;24973.0;12472.5;12500.5;9742.0;5303.5;4438.5;12406.0;6199.5;6206.5;1405.0;325.5;1079.5;1420.0;644.0;776.0
5036;Totaal;Eijsden-Margraten;2015;25045.0;12478.0;12567.0;9803.0;5309.0;4494.0;12336.5;6164.0;6172.5;1432.5;342.5;1090.0;1473.0;662.5;810.5
5037;Totaal;Eijsden-Margraten;2016;25210.0;12552.0;12658.0;9903.5;5355.5;4548.0;12327.0;6156.5;6170.5;1461.5;358.5;1103.0;1518.0;681.5;836.5
5038;Totaal;Eindhoven;1995;197168.5;98538.5;98630.0;88020.5;48614.0;39406.5;83619.5;41878.0;41741.5;12438.0;2248.5;10189.5;13090.5;5798.0;7292.5
5039;Totaal;Eindhoven;1996;197570.0;98664.5;98905.5;88930.5;49059.5;39871.0;82615.0;41366.5;41248.5;12420.5;2233.0;10187.5;13604.0;6005.5;7598.5
5040;Totaal;Eindhoven;1997;198052.5;98824.0;99228.5;89795.0;49445.5;40349.5;81905.5;41007.5;40898.0;12413.0;2244.0;10169.0;13939.0;6127.0;7812.0
5041;Totaal;Eindhoven;1998;199112.5;99283.0;99829.5;91121.5;50050.0;41071.5;81579.0;40834.5;40744.5;12194.0;2224.0;9970.0;14218.0;6174.5;8043.5
5042;Totaal;Eindhoven;1999;200802.5;100191.0;100611.5;92756.0;50936.5;41819.5;81537.0;40809.5;40727.5;12086.5;2213.0;9873.5;14423.0;6232.0;8191.0
5043;Totaal;Eindhoven;2000;202562.5;101287.5;101275.0;94351.5;51902.0;42449.5;81384.0;40772.5;40611.5;12136.5;2235.0;9901.5;14690.5;6378.0;8312.5
5044;Totaal;Eindhoven;2001;204086.5;102317.0;101769.5;95922.0;52889.0;43033.0;80982.5;40618.5;40364.0;12042.5;2246.5;9796.0;15139.5;6563.0;8576.5
5045;Totaal;Eindhoven;2002;205447.0;103218.5;102228.5;97440.5;53807.5;43633.0;80596.5;40438.0;40158.5;11931.0;2277.0;9654.0;15479.0;6696.0;8783.0
5046;Totaal;Eindhoven;2003;206994.0;104158.0;102836.0;99104.5;54748.0;44356.5;80240.0;40253.0;39987.0;11869.0;2327.5;9541.5;15780.5;6829.5;8951.0
5047;Totaal;Eindhoven;2004;208162.5;104852.0;103310.5;100566.5;55556.0;45010.5;79795.0;40014.5;39780.5;11795.5;2364.0;9431.5;16005.5;6917.5;9088.0
5048;Totaal;Eindhoven;2005;208813.5;105334.0;103479.5;101837.5;56309.5;45528.0;79088.0;39648.0;39440.0;11679.0;2372.5;9306.5;16209.0;7004.0;9205.0
5049;Totaal;Eindhoven;2006;209435.5;105854.5;103581.0;103131.5;57101.5;46030.0;78312.5;39258.5;39054.0;11556.5;2367.0;9189.5;16435.0;7127.5;9307.5
5050;Totaal;Eindhoven;2007;210016.0;106258.0;103758.0;104320.5;57774.5;46546.0;77650.0;38912.0;38738.0;11451.5;2382.0;9069.5;16594.0;7189.5;9404.5
5051;Totaal;Eindhoven;2008;211301.0;107013.0;104288.0;105876.5;58631.0;47245.5;77329.0;38749.5;38579.5;11351.0;2404.5;8946.5;16744.5;7228.0;9516.5
5052;Totaal;Eindhoven;2009;213039.0;108033.0;105006.0;107357.0;59470.5;47886.5;77252.5;38723.5;38529.0;11248.0;2421.0;8827.0;17181.5;7418.0;9763.5
5053;Totaal;Eindhoven;2010;214922.5;109236.5;105686.0;108971.0;60485.0;48486.0;77156.5;38692.5;38464.0;11167.0;2439.0;8728.0;17628.0;7620.0;10008.0
5054;Totaal;Eindhoven;2011;216630.5;110360.0;106270.5;110915.0;61670.0;49245.0;76834.0;38544.5;38289.5;11077.0;2447.0;8630.0;17804.5;7698.5;10106.0
5055;Totaal;Eindhoven;2012;217829.0;111037.5;106791.5;112480.0;62479.0;50001.0;76412.5;38341.0;38071.5;10934.5;2436.0;8498.5;18002.0;7781.5;10220.5
5056;Totaal;Eindhoven;2013;219676.5;112049.5;107627.0;114524.5;63531.5;50993.0;76143.0;38223.0;37920.0;10767.5;2420.5;8347.0;18241.5;7874.5;10367.0
5057;Totaal;Eindhoven;2014;222064.5;113400.5;108664.0;116958.5;64866.0;52092.5;75912.0;38105.5;37806.5;10643.0;2420.5;8222.5;18551.0;8008.5;10542.5
5058;Totaal;Eindhoven;2015;223982.0;114543.0;109439.0;118932.5;65993.0;52939.5;75563.0;37934.5;37628.5;10562.0;2425.0;8137.0;18924.5;8190.5;10734.0
5059;Totaal;Eindhoven;2016;225811.5;115679.5;110132.0;120859.5;67149.5;53710.0;75241.0;37779.0;37462.0;10456.5;2417.0;8039.5;19254.5;8334.0;10920.5
5060;Totaal;Elburg;1995;21094.5;10560.0;10534.5;8925.0;4794.5;4130.5;10742.5;5371.0;5371.5;933.5;184.0;749.5;493.5;210.5;283.0
5061;Totaal;Elburg;1996;21274.0;10632.5;10641.5;8954.0;4801.5;4152.5;10831.5;5420.5;5411.0;961.5;187.0;774.5;527.0;223.5;303.5
5062;Totaal;Elburg;1997;21527.0;10723.0;10804.0;9032.5;4823.5;4209.0;10949.5;5478.5;5471.0;985.0;185.0;800.0;560.0;236.0;324.0
5063;Totaal;Elburg;1998;21562.5;10702.0;10860.5;8995.0;4780.0;4215.0;11002.0;5500.5;5501.5;978.5;180.5;798.0;587.0;241.0;346.0
5064;Totaal;Elburg;1999;21564.0;10675.5;10888.5;8964.0;4754.0;4210.0;11014.0;5502.5;5511.5;991.0;180.0;811.0;595.0;239.0;356.0
5065;Totaal;Elburg;2000;21656.5;10710.0;10946.5;9009.0;4776.0;4233.0;11021.5;5507.5;5514.0;1017.0;183.0;834.0;609.0;243.5;365.5
5066;Totaal;Elburg;2001;21696.5;10727.5;10969.0;9026.5;4788.0;4238.5;10999.5;5497.0;5502.5;1033.5;185.5;848.0;637.0;257.0;380.0
5067;Totaal;Elburg;2002;21683.0;10710.0;10973.0;9026.5;4783.0;4243.5;10947.0;5469.0;5478.0;1054.0;188.5;865.5;655.5;269.5;386.0
5068;Totaal;Elburg;2003;21707.5;10722.0;10985.5;9039.5;4786.5;4253.0;10928.5;5456.5;5472.0;1062.0;195.5;866.5;677.5;283.5;394.0
5069;Totaal;Elburg;2004;21892.5;10826.0;11066.5;9142.0;4850.0;4292.0;10961.0;5468.5;5492.5;1074.5;203.0;871.5;715.0;304.5;410.5
5070;Totaal;Elburg;2005;22059.0;10917.0;11142.0;9229.0;4903.0;4326.0;10984.0;5480.0;5504.0;1090.5;210.0;880.5;755.5;324.0;431.5
5071;Totaal;Elburg;2006;22151.0;10960.0;11191.0;9244.5;4898.5;4346.0;11011.5;5498.5;5513.0;1098.0;217.5;880.5;797.0;345.5;451.5
5072;Totaal;Elburg;2007;22223.5;10983.0;11240.5;9249.0;4881.5;4367.5;11030.0;5510.0;5520.0;1110.0;223.5;886.5;834.5;368.0;466.5
5073;Totaal;Elburg;2008;22171.5;10952.0;11219.5;9208.0;4858.5;4349.5;11003.5;5494.0;5509.5;1117.0;228.0;889.0;843.0;371.5;471.5
5074;Totaal;Elburg;2009;22144.0;10925.0;11219.0;9168.0;4835.5;4332.5;10973.0;5479.5;5493.5;1119.0;228.0;891.0;884.0;382.0;502.0
5075;Totaal;Elburg;2010;22243.0;10969.5;11273.5;9186.0;4841.5;4344.5;10988.5;5489.0;5499.5;1116.5;224.5;892.0;952.0;414.5;537.5
5076;Totaal;Elburg;2011;22363.0;11057.0;11306.0;9216.5;4875.5;4341.0;11040.5;5514.0;5526.5;1108.5;222.0;886.5;997.5;445.5;552.0
5077;Totaal;Elburg;2012;22463.0;11121.0;11342.0;9242.5;4906.5;4336.0;11072.5;5526.0;5546.5;1120.0;227.0;893.0;1028.0;461.5;566.5
5078;Totaal;Elburg;2013;22577.5;11172.5;11405.0;9288.0;4934.5;4353.5;11085.5;5531.5;5554.0;1140.5;229.5;911.0;1063.5;477.0;586.5
5079;Totaal;Elburg;2014;22744.0;11262.5;11481.5;9368.5;4990.5;4378.0;11107.5;5542.0;5565.5;1156.5;230.5;926.0;1111.5;499.5;612.0
5080;Totaal;Elburg;2015;22886.0;11343.5;11542.5;9451.5;5045.0;4406.5;11122.0;5550.5;5571.5;1163.5;234.5;929.0;1149.0;513.5;635.5
5081;Totaal;Elburg;2016;22977.5;11419.0;11558.5;9518.5;5097.0;4421.5;11124.0;5555.5;5568.5;1147.5;234.5;913.0;1187.5;532.0;655.5
5082;Totaal;Elst;1995;19178.0;9492.5;9685.5;8021.0;4269.5;3751.5;9581.5;4786.0;4795.5;972.5;179.5;793.0;603.0;257.5;345.5
5083;Totaal;Elst;1996;19546.5;9701.5;9845.0;8173.0;4378.5;3794.5;9742.0;4869.5;4872.5;1001.0;179.5;821.5;630.5;274.0;356.5
5084;Totaal;Elst;1997;19777.0;9828.0;9949.0;8247.5;4431.5;3816.0;9839.0;4920.5;4918.5;1018.0;183.0;835.0;672.5;293.0;379.5
5085;Totaal;Elst;1998;16656.0;8286.0;8370.0;6952.5;3743.5;3209.0;8236.0;4122.0;4114.0;826.0;150.0;676.0;641.5;270.5;371.0
5086;Totaal;Elst;1999;16716.0;8305.0;8411.0;6975.5;3754.0;3221.5;8214.0;4114.5;4099.5;832.0;151.5;680.5;694.5;285.0;409.5
5087;Totaal;Elst;2000;16711.0;8276.5;8434.5;6973.5;3737.5;3236.0;8175.0;4095.0;4080.0;838.0;148.5;689.5;724.5;295.5;429.0
5088;Totaal;Elst;2001;;;;;;;;;;;;;;;
5089;Totaal;Elst;2002;;;;;;;;;;;;;;;
5090;Totaal;Elst;2003;;;;;;;;;;;;;;;
5091;Totaal;Elst;2004;;;;;;;;;;;;;;;
5092;Totaal;Elst;2005;;;;;;;;;;;;;;;
5093;Totaal;Elst;2006;;;;;;;;;;;;;;;
5094;Totaal;Elst;2007;;;;;;;;;;;;;;;
5095;Totaal;Elst;2008;;;;;;;;;;;;;;;
5096;Totaal;Elst;2009;;;;;;;;;;;;;;;
5097;Totaal;Elst;2010;;;;;;;;;;;;;;;
5098;Totaal;Elst;2011;;;;;;;;;;;;;;;
5099;Totaal;Elst;2012;;;;;;;;;;;;;;;
5100;Totaal;Elst;2013;;;;;;;;;;;;;;;
5101;Totaal;Elst;2014;;;;;;;;;;;;;;;
5102;Totaal;Elst;2015;;;;;;;;;;;;;;;
5103;Totaal;Elst;2016;;;;;;;;;;;;;;;
5104;Totaal;Emmen;1995;93933.0;46400.0;47533.0;36854.0;19995.0;16859.0;47477.0;23738.5;23738.5;5997.5;1108.0;4889.5;3604.5;1558.5;2046.0
5105;Totaal;Emmen;1996;94321.0;46550.0;47771.0;37070.0;20094.0;16976.0;47421.5;23711.5;23710.0;6084.0;1139.5;4944.5;3745.5;1605.0;2140.5
5106;Totaal;Emmen;1997;94766.0;46742.0;48024.0;37363.0;20242.5;17120.5;47325.0;23660.5;23664.5;6161.0;1162.5;4998.5;3917.0;1676.5;2240.5
5107;Totaal;Emmen;1998;105362.5;52164.0;53198.5;41672.5;22702.5;18970.0;52502.0;26259.0;26243.0;6766.0;1287.0;5479.0;4422.0;1915.5;2506.5
5108;Totaal;Emmen;1999;105734.5;52344.0;53390.5;41813.5;22801.0;19012.5;52409.5;26210.5;26199.0;6869.0;1303.5;5565.5;4642.5;2029.0;2613.5
5109;Totaal;Emmen;2000;106697.0;52803.0;53894.0;42389.0;23102.5;19286.5;52476.5;26242.5;26234.0;7001.0;1321.0;5680.0;4830.5;2137.0;2693.5
5110;Totaal;Emmen;2001;107894.5;53423.5;54471.0;43231.0;23550.0;19681.0;52566.5;26293.5;26273.0;7017.5;1330.0;5687.5;5079.5;2250.0;2829.5
5111;Totaal;Emmen;2002;108282.5;53598.5;54684.0;43731.0;23794.0;19937.0;52258.5;26139.0;26119.5;7033.5;1341.0;5692.5;5259.5;2324.5;2935.0
5112;Totaal;Emmen;2003;108276.0;53558.5;54717.5;44044.0;23923.0;20121.0;51773.0;25891.0;25882.0;7080.5;1366.5;5714.0;5378.5;2378.0;3000.5
5113;Totaal;Emmen;2004;108485.5;53633.5;54852.0;44453.0;24096.5;20356.5;51382.5;25690.0;25692.5;7124.0;1411.0;5713.0;5526.0;2436.0;3090.0
5114;Totaal;Emmen;2005;108603.0;53667.0;54936.0;44830.0;24231.5;20598.5;50959.5;25478.5;25481.0;7123.0;1448.0;5675.0;5690.5;2509.0;3181.5
5115;Totaal;Emmen;2006;108710.5;53727.0;54983.5;45214.0;24418.5;20795.5;50507.0;25239.5;25267.5;7094.5;1455.5;5639.0;5895.0;2613.5;3281.5
5116;Totaal;Emmen;2007;108991.5;53862.0;55129.5;45684.5;24656.0;21028.5;50092.0;25020.0;25072.0;7107.0;1481.5;5625.5;6108.0;2704.5;3403.5
5117;Totaal;Emmen;2008;109296.0;54000.5;55295.5;46113.5;24844.0;21269.5;49797.5;24880.0;24917.5;7154.0;1528.5;5625.5;6231.0;2748.0;3483.0
5118;Totaal;Emmen;2009;109466.0;54106.0;55360.0;46051.5;24835.5;21216.0;49473.0;24725.5;24747.5;7186.0;1553.0;5633.0;6755.5;2992.0;3763.5
5119;Totaal;Emmen;2010;109375.0;54084.0;55291.0;45854.5;24762.0;21092.5;48998.5;24494.5;24504.0;7182.0;1568.5;5613.5;7340.0;3259.0;4081.0
5120;Totaal;Emmen;2011;109048.5;53977.5;55071.0;45852.5;24771.5;21081.0;48488.0;24237.0;24251.0;7169.0;1623.5;5545.5;7539.0;3345.5;4193.5
5121;Totaal;Emmen;2012;108615.0;53788.5;54826.5;45751.0;24714.5;21036.5;47958.5;23963.0;23995.5;7151.0;1670.5;5480.5;7754.5;3440.5;4314.0
5122;Totaal;Emmen;2013;108222.0;53567.5;54654.5;45710.0;24671.5;21038.5;47381.5;23667.0;23714.5;7127.0;1676.5;5450.5;8003.5;3552.5;4451.0
5123;Totaal;Emmen;2014;107913.5;53436.0;54477.5;45729.0;24697.0;21032.0;46806.5;23376.0;23430.5;7105.0;1682.5;5422.5;8273.0;3680.5;4592.5
5124;Totaal;Emmen;2015;107679.5;53394.5;54285.0;45807.0;24788.0;21019.0;46300.0;23122.5;23177.5;7063.0;1701.5;5361.5;8509.5;3782.5;4727.0
5125;Totaal;Emmen;2016;107537.0;53425.5;54111.5;45985.0;24956.5;21028.5;45818.0;22888.0;22930.0;7025.0;1720.5;5304.5;8709.0;3860.5;4848.5
5126;Totaal;Enkhuizen;1995;16155.0;8025.0;8130.0;6999.0;3835.5;3163.5;7399.0;3705.5;3693.5;985.0;155.5;829.5;772.0;328.5;443.5
5127;Totaal;Enkhuizen;1996;16224.5;8056.0;8168.5;7043.5;3853.0;3190.5;7387.5;3697.5;3690.0;984.5;162.0;822.5;809.0;343.5;465.5
5128;Totaal;Enkhuizen;1997;16417.5;8128.0;8289.5;7151.0;3887.5;3263.5;7434.0;3714.5;3719.5;977.5;163.5;814.0;855.0;362.5;492.5
5129;Totaal;Enkhuizen;1998;16642.5;8244.5;8398.0;7304.0;3958.5;3345.5;7453.5;3725.0;3728.5;955.0;163.0;792.0;930.0;398.0;532.0
5130;Totaal;Enkhuizen;1999;16829.5;8361.5;8468.0;7428.5;4030.0;3398.5;7475.0;3738.5;3736.5;940.0;161.0;779.0;986.0;432.0;554.0
5131;Totaal;Enkhuizen;2000;16989.5;8440.5;8549.0;7510.0;4062.0;3448.0;7521.0;3759.5;3761.5;940.5;161.5;779.0;1018.0;457.5;560.5
5132;Totaal;Enkhuizen;2001;17054.5;8482.5;8572.0;7577.0;4092.5;3484.5;7496.5;3749.5;3747.0;916.5;161.0;755.5;1064.5;479.5;585.0
5133;Totaal;Enkhuizen;2002;17096.5;8522.0;8574.5;7636.0;4135.0;3501.0;7459.0;3733.0;3726.0;901.0;163.0;738.0;1100.5;491.0;609.5
5134;Totaal;Enkhuizen;2003;17179.0;8555.0;8624.0;7681.5;4155.0;3526.5;7468.5;3734.5;3734.0;896.5;163.0;733.5;1132.5;502.5;630.0
5135;Totaal;Enkhuizen;2004;17274.5;8599.5;8675.0;7739.0;4184.5;3554.5;7509.5;3748.5;3761.0;881.0;158.5;722.5;1145.0;508.0;637.0
5136;Totaal;Enkhuizen;2005;17511.5;8711.5;8800.0;7830.5;4240.5;3590.0;7594.0;3790.0;3804.0;912.0;163.0;749.0;1175.0;518.0;657.0
5137;Totaal;Enkhuizen;2006;17770.5;8821.5;8949.0;7937.0;4289.5;3647.5;7662.0;3824.5;3837.5;944.5;171.0;773.5;1227.0;536.5;690.5
5138;Totaal;Enkhuizen;2007;17815.0;8849.0;8966.0;7957.0;4297.0;3660.0;7673.5;3831.5;3842.0;927.0;172.5;754.5;1257.5;548.0;709.5
5139;Totaal;Enkhuizen;2008;17954.0;8937.0;9017.0;8027.5;4344.5;3683.0;7709.5;3851.0;3858.5;921.0;178.0;743.0;1296.0;563.5;732.5
5140;Totaal;Enkhuizen;2009;18128.5;9050.0;9078.5;8081.5;4390.5;3691.0;7718.5;3858.0;3860.5;924.0;191.0;733.0;1404.5;610.5;794.0
5141;Totaal;Enkhuizen;2010;18163.0;9086.5;9076.5;8040.5;4389.0;3651.5;7699.0;3849.0;3850.0;917.5;196.0;721.5;1506.0;652.5;853.5
5142;Totaal;Enkhuizen;2011;18220.5;9111.0;9109.5;8066.0;4402.5;3663.5;7701.0;3850.0;3851.0;917.0;192.5;724.5;1536.5;666.0;870.5
5143;Totaal;Enkhuizen;2012;18291.5;9157.5;9134.0;8127.5;4438.5;3689.0;7676.5;3843.0;3833.5;916.0;190.0;726.0;1571.5;686.0;885.5
5144;Totaal;Enkhuizen;2013;18345.5;9212.0;9133.5;8176.5;4487.0;3689.5;7646.5;3826.0;3820.5;916.5;192.0;724.5;1606.0;707.0;899.0
5145;Totaal;Enkhuizen;2014;18360.5;9233.0;9127.5;8183.5;4502.5;3681.0;7627.0;3811.0;3816.0;926.0;195.0;731.0;1624.0;724.5;899.5
5146;Totaal;Enkhuizen;2015;18400.0;9268.0;9132.0;8203.5;4530.5;3673.0;7605.5;3798.0;3807.5;938.5;201.0;737.5;1652.5;738.5;914.0
5147;Totaal;Enkhuizen;2016;18467.0;9301.0;9166.0;8228.5;4550.0;3678.5;7584.5;3788.0;3796.5;963.5;209.0;754.5;1690.5;754.0;936.5
5148;Totaal;Enschede;1995;147933.0;74748.0;73185.0;67213.0;37870.5;29342.5;63392.0;31754.5;31637.5;9755.5;1800.5;7955.0;7572.5;3322.5;4250.0
5149;Totaal;Enschede;1996;147872.0;74692.5;73179.5;67430.5;37935.0;29495.5;62853.0;31465.0;31388.0;9707.5;1821.5;7886.0;7881.0;3471.0;4410.0
5150;Totaal;Enschede;1997;148136.0;74814.0;73322.0;67877.0;38128.5;29748.5;62487.0;31272.5;31214.5;9654.5;1816.5;7838.0;8117.5;3596.5;4521.0
5151;Totaal;Enschede;1998;148587.0;75130.0;73457.0;68462.0;38485.5;29976.5;62284.5;31175.0;31109.5;9469.0;1770.0;7699.0;8371.5;3699.5;4672.0
5152;Totaal;Enschede;1999;149159.5;75557.0;73602.5;69097.0;38917.0;30180.0;62157.5;31118.0;31039.5;9354.5;1749.0;7605.5;8550.5;3773.0;4777.5
5153;Totaal;Enschede;2000;149977.0;76137.5;73839.5;69980.0;39505.5;30474.5;62014.0;31057.5;30956.5;9325.5;1739.0;7586.5;8657.5;3835.5;4822.0
5154;Totaal;Enschede;2001;150897.5;76710.0;74187.5;71013.5;40103.0;30910.5;61735.5;30926.0;30809.5;9215.0;1723.0;7492.0;8933.5;3958.0;4975.5
5155;Totaal;Enschede;2002;151833.5;77253.0;74580.5;72077.0;40686.0;31391.0;61399.0;30754.5;30644.5;9136.5;1731.0;7405.5;9221.0;4081.5;5139.5
5156;Totaal;Enschede;2003;152655.0;77796.5;74858.5;73089.0;41323.0;31766.0;61042.5;30570.0;30472.5;9083.0;1747.5;7335.5;9440.5;4156.0;5284.5
5157;Totaal;Enschede;2004;153334.0;78187.0;75147.0;74040.0;41821.5;32218.5;60682.0;30400.5;30281.5;9032.5;1766.5;7266.0;9579.5;4198.5;5381.0
5158;Totaal;Enschede;2005;154028.0;78441.0;75587.0;75032.0;42210.5;32821.5;60307.0;30216.0;30091.0;8967.5;1767.0;7200.5;9721.5;4247.5;5474.0
5159;Totaal;Enschede;2006;154426.5;78536.0;75890.5;75786.5;42484.5;33302.0;59849.5;29985.5;29864.0;8876.5;1757.0;7119.5;9914.0;4309.0;5605.0
5160;Totaal;Enschede;2007;154614.5;78581.5;76033.0;76330.5;42696.5;33634.0;59409.0;29757.5;29651.5;8771.0;1745.0;7026.0;10104.0;4382.5;5721.5
5161;Totaal;Enschede;2008;155412.0;79004.0;76408.0;77285.0;43150.0;34135.0;59077.0;29589.5;29487.5;8678.0;1737.0;6941.0;10372.0;4527.5;5844.5
5162;Totaal;Enschede;2009;156561.5;79606.5;76955.0;78229.5;43612.0;34617.5;58718.5;29416.5;29302.0;8643.0;1755.0;6888.0;10970.5;4823.0;6147.5
5163;Totaal;Enschede;2010;157445.0;79980.0;77465.0;78995.0;43924.5;35070.5;58377.5;29235.0;29142.5;8589.0;1762.0;6827.0;11483.5;5058.5;6425.0
5164;Totaal;Enschede;2011;157943.0;80171.5;77771.5;79740.0;44223.5;35516.5;58076.0;29080.0;28996.0;8525.0;1768.5;6756.5;11602.0;5099.5;6502.5
5165;Totaal;Enschede;2012;158337.5;80335.0;78002.5;80371.0;44515.5;35855.5;57677.5;28870.5;28807.0;8487.0;1778.5;6708.5;11802.0;5170.5;6631.5
5166;Totaal;Enschede;2013;158606.5;80437.5;78169.0;80958.0;44800.5;36157.5;57128.5;28581.5;28547.0;8436.0;1771.0;6665.0;12084.0;5284.5;6799.5
5167;Totaal;Enschede;2014;158569.5;80418.5;78151.0;81320.0;44959.5;36360.5;56507.0;28275.5;28231.5;8388.0;1784.0;6604.0;12354.5;5399.5;6955.0
5168;Totaal;Enschede;2015;158452.0;80415.0;78037.0;81630.0;45104.0;36526.0;55964.0;28006.0;27958.0;8308.5;1819.5;6489.0;12549.5;5485.5;7064.0
5169;Totaal;Enschede;2016;158245.5;80453.5;77792.0;81876.0;45293.0;36583.0;55437.5;27734.0;27703.5;8246.0;1870.0;6376.0;12686.0;5556.5;7129.5
5170;Totaal;Epe;1995;33437.5;16481.5;16956.0;13084.0;7063.0;6021.0;17251.0;8617.5;8633.5;2203.5;412.5;1791.0;899.0;388.5;510.5
5171;Totaal;Epe;1996;33366.0;16444.0;16922.0;13023.5;7045.5;5978.0;17172.5;8580.5;8592.0;2218.5;408.5;1810.0;951.5;409.5;542.0
5172;Totaal;Epe;1997;33286.5;16390.5;16896.0;12935.5;7003.0;5932.5;17104.0;8547.5;8556.5;2223.5;404.5;1819.0;1023.5;435.5;588.0
5173;Totaal;Epe;1998;33239.5;16367.5;16872.0;12860.0;6963.0;5897.0;17064.0;8531.5;8532.5;2217.5;409.5;1808.0;1098.0;463.5;634.5
5174;Totaal;Epe;1999;33158.0;16324.0;16834.0;12776.5;6917.5;5859.0;16990.0;8498.5;8491.5;2223.5;405.5;1818.0;1168.0;502.5;665.5
5175;Totaal;Epe;2000;33118.5;16300.5;16818.0;12741.5;6908.5;5833.0;16928.0;8463.5;8464.5;2240.5;400.0;1840.5;1208.5;528.5;680.0
5176;Totaal;Epe;2001;33190.0;16346.0;16844.0;12815.0;6957.5;5857.5;16908.0;8451.5;8456.5;2235.0;398.0;1837.0;1232.0;539.0;693.0
5177;Totaal;Epe;2002;33228.5;16361.0;16867.5;12903.5;6992.0;5911.5;16823.0;8416.0;8407.0;2227.5;396.0;1831.5;1274.5;557.0;717.5
5178;Totaal;Epe;2003;33271.0;16379.5;16891.5;12960.0;7020.0;5940.0;16758.5;8390.0;8368.5;2235.0;395.0;1840.0;1317.5;574.5;743.0
5179;Totaal;Epe;2004;33208.5;16371.0;16837.5;12974.5;7053.5;5921.0;16644.0;8327.5;8316.5;2233.0;397.5;1835.5;1357.0;592.5;764.5
5180;Totaal;Epe;2005;33043.0;16285.5;16757.5;12974.5;7056.0;5918.5;16441.5;8221.5;8220.0;2241.5;405.5;1836.0;1385.5;602.5;783.0
5181;Totaal;Epe;2006;32983.5;16232.0;16751.5;13015.0;7053.0;5962.0;16318.5;8159.5;8159.0;2246.0;406.5;1839.5;1404.0;613.0;791.0
5182;Totaal;Epe;2007;32979.5;16219.5;16760.0;13066.0;7072.0;5994.0;16252.5;8124.5;8128.0;2238.0;399.0;1839.0;1423.0;624.0;799.0
5183;Totaal;Epe;2008;32962.0;16214.0;16748.0;13125.5;7101.5;6024.0;16158.5;8079.0;8079.5;2229.5;394.0;1835.5;1448.5;639.5;809.0
5184;Totaal;Epe;2009;32917.5;16213.0;16704.5;13070.0;7089.0;5981.0;16047.5;8026.5;8021.0;2220.0;390.5;1829.5;1580.0;707.0;873.0
5185;Totaal;Epe;2010;32878.0;16201.5;16676.5;12992.0;7061.5;5930.5;15950.0;7977.5;7972.5;2218.5;395.5;1823.0;1717.5;767.0;950.5
5186;Totaal;Epe;2011;32697.0;16119.5;16577.5;12906.0;7013.5;5892.5;15810.0;7907.5;7902.5;2215.0;417.0;1798.0;1766.0;781.5;984.5
5187;Totaal;Epe;2012;32452.0;16010.5;16441.5;12761.5;6944.0;5817.5;15649.5;7827.5;7822.0;2205.5;429.5;1776.0;1835.5;809.5;1026.0
5188;Totaal;Epe;2013;32368.0;15980.0;16388.0;12744.0;6949.5;5794.5;15533.5;7768.5;7765.0;2192.0;429.0;1763.0;1898.5;833.0;1065.5
5189;Totaal;Epe;2014;32282.5;15952.5;16330.0;12716.5;6945.0;5771.5;15435.5;7720.0;7715.5;2171.5;420.0;1751.5;1959.0;867.5;1091.5
5190;Totaal;Epe;2015;32248.0;15941.0;16307.0;12697.0;6922.0;5775.0;15385.0;7688.5;7696.5;2141.5;422.0;1719.5;2024.5;908.5;1116.0
5191;Totaal;Epe;2016;32409.5;16047.0;16362.5;12790.0;6973.5;5816.5;15384.0;7685.0;7699.0;2139.5;444.5;1695.0;2096.0;944.0;1152.0
5192;Totaal;Ermelo;1995;26740.5;13074.5;13666.0;11985.0;6204.5;5780.5;12516.5;6262.5;6254.0;1313.5;216.5;1097.0;925.5;391.0;534.5
5193;Totaal;Ermelo;1996;26863.5;13175.5;13688.0;12002.0;6249.0;5753.0;12541.5;6273.0;6268.5;1342.0;241.5;1100.5;978.0;412.0;566.0
5194;Totaal;Ermelo;1997;27008.0;13249.5;13758.5;12006.5;6247.5;5759.0;12632.0;6315.5;6316.5;1356.5;251.5;1105.0;1013.0;435.0;578.0
5195;Totaal;Ermelo;1998;26885.0;13176.0;13709.0;11897.5;6186.5;5711.0;12574.0;6285.5;6288.5;1353.5;249.0;1104.5;1060.0;455.0;605.0
5196;Totaal;Ermelo;1999;26761.0;13150.0;13611.0;11797.0;6170.5;5626.5;12523.0;6258.5;6264.5;1351.0;249.5;1101.5;1090.0;471.5;618.5
5197;Totaal;Ermelo;2000;26772.0;13205.5;13566.5;11783.0;6199.5;5583.5;12503.5;6252.5;6251.0;1365.5;257.5;1108.0;1120.0;496.0;624.0
5198;Totaal;Ermelo;2001;26772.0;13215.0;13557.0;11791.0;6212.5;5578.5;12427.0;6218.5;6208.5;1371.0;261.0;1110.0;1183.0;523.0;660.0
5199;Totaal;Ermelo;2002;26757.5;13177.0;13580.5;11814.0;6206.5;5607.5;12339.5;6174.5;6165.0;1384.5;261.5;1123.0;1219.5;534.5;685.0
5200;Totaal;Ermelo;2003;26672.5;13116.5;13556.0;11747.0;6161.0;5586.0;12273.5;6138.5;6135.0;1405.5;269.0;1136.5;1246.5;548.0;698.5
5201;Totaal;Ermelo;2004;26502.0;13025.5;13476.5;11616.5;6089.0;5527.5;12180.5;6093.5;6087.0;1410.0;272.5;1137.5;1295.0;570.5;724.5
5202;Totaal;Ermelo;2005;26332.5;12924.0;13408.5;11511.5;6020.5;5491.0;12090.0;6047.0;6043.0;1400.0;267.5;1132.5;1331.0;589.0;742.0
5203;Totaal;Ermelo;2006;26278.0;12896.0;13382.0;11430.0;5992.0;5438.0;12094.5;6050.5;6044.0;1406.0;261.0;1145.0;1347.5;592.5;755.0
5204;Totaal;Ermelo;2007;26287.5;12909.0;13378.5;11370.0;5980.5;5389.5;12134.5;6077.0;6057.5;1418.5;260.0;1158.5;1364.5;591.5;773.0
5205;Totaal;Ermelo;2008;26288.0;12908.5;13379.5;11345.0;5975.0;5370.0;12125.5;6071.0;6054.5;1436.0;272.0;1164.0;1381.5;590.5;791.0
5206;Totaal;Ermelo;2009;26285.0;12917.5;13367.5;11280.5;5969.5;5311.0;12093.0;6049.5;6043.5;1462.5;287.0;1175.5;1449.0;611.5;837.5
5207;Totaal;Ermelo;2010;26198.5;12888.5;13310.0;11154.0;5928.0;5226.0;12041.0;6017.0;6024.0;1476.5;293.5;1183.0;1527.0;650.0;877.0
5208;Totaal;Ermelo;2011;26130.0;12862.0;13268.0;11103.0;5901.5;5201.5;11984.0;5985.5;5998.5;1477.5;302.5;1175.0;1565.5;672.5;893.0
5209;Totaal;Ermelo;2012;26123.5;12876.0;13247.5;11083.5;5905.0;5178.5;11972.5;5980.0;5992.5;1474.5;310.5;1164.0;1593.0;680.5;912.5
5210;Totaal;Ermelo;2013;26082.5;12884.5;13198.0;11027.5;5900.0;5127.5;11965.5;5974.0;5991.5;1469.0;311.0;1158.0;1620.5;699.5;921.0
5211;Totaal;Ermelo;2014;26117.5;12915.5;13202.0;11047.5;5918.5;5129.0;11946.0;5958.5;5987.5;1461.0;313.5;1147.5;1663.0;725.0;938.0
5212;Totaal;Ermelo;2015;26348.5;13048.5;13300.0;11197.5;6014.0;5183.5;11979.0;5973.0;6006.0;1447.5;308.0;1139.5;1724.5;753.5;971.0
5213;Totaal;Ermelo;2016;26548.5;13163.5;13385.0;11281.0;6061.0;5220.0;12033.5;6003.0;6030.5;1448.0;307.5;1140.5;1786.0;792.0;994.0
5214;Totaal;Esch;1995;1964.5;1001.5;963.0;805.5;439.0;366.5;1036.5;517.5;519.0;81.5;23.0;58.5;41.0;22.0;19.0
5215;Totaal;Esch;1996;;;;;;;;;;;;;;;
5216;Totaal;Esch;1997;;;;;;;;;;;;;;;
5217;Totaal;Esch;1998;;;;;;;;;;;;;;;
5218;Totaal;Esch;1999;;;;;;;;;;;;;;;
5219;Totaal;Esch;2000;;;;;;;;;;;;;;;
5220;Totaal;Esch;2001;;;;;;;;;;;;;;;
5221;Totaal;Esch;2002;;;;;;;;;;;;;;;
5222;Totaal;Esch;2003;;;;;;;;;;;;;;;
5223;Totaal;Esch;2004;;;;;;;;;;;;;;;
5224;Totaal;Esch;2005;;;;;;;;;;;;;;;
5225;Totaal;Esch;2006;;;;;;;;;;;;;;;
5226;Totaal;Esch;2007;;;;;;;;;;;;;;;
5227;Totaal;Esch;2008;;;;;;;;;;;;;;;
5228;Totaal;Esch;2009;;;;;;;;;;;;;;;
5229;Totaal;Esch;2010;;;;;;;;;;;;;;;
5230;Totaal;Esch;2011;;;;;;;;;;;;;;;
5231;Totaal;Esch;2012;;;;;;;;;;;;;;;
5232;Totaal;Esch;2013;;;;;;;;;;;;;;;
5233;Totaal;Esch;2014;;;;;;;;;;;;;;;
5234;Totaal;Esch;2015;;;;;;;;;;;;;;;
5235;Totaal;Esch;2016;;;;;;;;;;;;;;;
5236;Totaal;Etten-Leur;1995;34624.5;17139.0;17485.5;14377.0;7524.0;6853.0;17250.5;8608.5;8642.0;1500.0;321.5;1178.5;1497.0;685.0;812.0
5237;Totaal;Etten-Leur;1996;35060.5;17347.5;17713.0;14554.5;7645.0;6909.5;17401.0;8682.0;8719.0;1542.5;323.0;1219.5;1562.5;697.5;865.0
5238;Totaal;Etten-Leur;1997;35394.5;17519.0;17875.5;14716.5;7756.5;6960.0;17439.0;8703.0;8736.0;1561.5;328.0;1233.5;1677.5;731.5;946.0
5239;Totaal;Etten-Leur;1998;35903.0;17778.0;18125.0;14934.5;7878.5;7056.0;17613.0;8798.5;8814.5;1567.0;331.5;1235.5;1788.5;769.5;1019.0
5240;Totaal;Etten-Leur;1999;36564.5;18110.0;18454.5;15206.0;8028.5;7177.5;17860.5;8923.5;8937.0;1621.0;344.0;1277.0;1877.0;814.0;1063.0
5241;Totaal;Etten-Leur;2000;37403.5;18530.5;18873.0;15595.0;8251.0;7344.0;18124.0;9052.5;9071.5;1702.5;364.5;1338.0;1982.0;862.5;1119.5
5242;Totaal;Etten-Leur;2001;38198.5;18940.0;19258.5;16039.5;8507.0;7532.5;18291.5;9142.5;9149.0;1748.0;372.0;1376.0;2119.5;918.5;1201.0
5243;Totaal;Etten-Leur;2002;38982.5;19343.0;19639.5;16487.5;8757.5;7730.0;18473.0;9235.0;9238.0;1791.5;385.5;1406.0;2230.5;965.0;1265.5
5244;Totaal;Etten-Leur;2003;39504.5;19637.0;19867.5;16743.5;8918.0;7825.5;18649.5;9327.0;9322.5;1826.5;405.0;1421.5;2285.0;987.0;1298.0
5245;Totaal;Etten-Leur;2004;39758.5;19798.0;19960.5;16889.5;9016.0;7873.5;18683.5;9355.0;9328.5;1839.0;417.0;1422.0;2346.5;1010.0;1336.5
5246;Totaal;Etten-Leur;2005;40091.0;19949.0;20142.0;17077.5;9106.5;7971.0;18722.5;9374.5;9348.0;1869.5;424.5;1445.0;2421.5;1043.5;1378.0
5247;Totaal;Etten-Leur;2006;40456.5;20116.5;20340.0;17319.5;9235.0;8084.5;18752.5;9380.5;9372.0;1905.5;428.5;1477.0;2479.0;1072.5;1406.5
5248;Totaal;Etten-Leur;2007;40513.0;20101.5;20411.5;17334.0;9229.5;8104.5;18677.5;9340.0;9337.5;1936.5;430.5;1506.0;2565.0;1101.5;1463.5
5249;Totaal;Etten-Leur;2008;40716.0;20170.0;20546.0;17395.5;9249.5;8146.0;18693.5;9345.0;9348.5;1956.0;434.5;1521.5;2671.0;1141.0;1530.0
5250;Totaal;Etten-Leur;2009;41260.5;20432.5;20828.0;17616.0;9366.0;8250.0;18869.5;9425.5;9444.0;1971.0;440.0;1531.0;2804.0;1201.0;1603.0
5251;Totaal;Etten-Leur;2010;41662.0;20616.5;21045.5;17755.5;9438.0;8317.5;18954.5;9465.0;9489.5;2019.0;457.5;1561.5;2933.0;1256.0;1677.0
5252;Totaal;Etten-Leur;2011;41924.0;20746.5;21177.5;17918.5;9523.0;8395.5;18943.5;9464.5;9479.0;2064.5;478.0;1586.5;2997.5;1281.0;1716.5
5253;Totaal;Etten-Leur;2012;42161.0;20855.0;21306.0;18011.5;9555.5;8456.0;18980.5;9487.5;9493.0;2089.0;499.5;1589.5;3080.0;1312.5;1767.5
5254;Totaal;Etten-Leur;2013;42315.5;20937.5;21378.0;18088.5;9595.0;8493.5;18941.0;9466.5;9474.5;2112.5;524.5;1588.0;3173.5;1351.5;1822.0
5255;Totaal;Etten-Leur;2014;42430.0;21000.0;21430.0;18193.5;9650.0;8543.5;18861.0;9427.0;9434.0;2106.5;527.0;1579.5;3269.0;1396.0;1873.0
5256;Totaal;Etten-Leur;2015;42667.5;21091.0;21576.5;18344.0;9706.5;8637.5;18870.5;9429.0;9441.5;2103.5;527.0;1576.5;3349.5;1428.5;1921.0
5257;Totaal;Etten-Leur;2016;42929.5;21196.5;21733.0;18522.0;9780.5;8741.5;18876.0;9425.5;9450.5;2135.0;544.0;1591.0;3396.5;1446.5;1950.0
5258;Totaal;Ferwerderadeel;1995;8870.0;4579.0;4291.0;3972.5;2273.5;1699.0;4156.5;2080.5;2076.0;493.0;96.0;397.0;248.0;129.0;119.0
5259;Totaal;Ferwerderadeel;1996;8829.0;4566.5;4262.5;3957.5;2279.5;1678.0;4130.0;2067.0;2063.0;483.0;86.5;396.5;258.5;133.5;125.0
5260;Totaal;Ferwerderadeel;1997;8771.5;4538.5;4233.0;3930.5;2269.0;1661.5;4090.5;2046.5;2044.0;478.5;82.5;396.0;272.0;140.5;131.5
5261;Totaal;Ferwerderadeel;1998;8732.0;4511.5;4220.5;3898.0;2241.5;1656.5;4080.0;2041.5;2038.5;470.5;83.0;387.5;283.5;145.5;138.0
5262;Totaal;Ferwerderadeel;1999;;;;;;;;;;;;;;;
5263;Totaal;Ferwerderadeel;2000;;;;;;;;;;;;;;;
5264;Totaal;Ferwerderadeel;2001;;;;;;;;;;;;;;;
5265;Totaal;Ferwerderadeel;2002;;;;;;;;;;;;;;;
5266;Totaal;Ferwerderadeel;2003;;;;;;;;;;;;;;;
5267;Totaal;Ferwerderadeel;2004;;;;;;;;;;;;;;;
5268;Totaal;Ferwerderadeel;2005;;;;;;;;;;;;;;;
5269;Totaal;Ferwerderadeel;2006;;;;;;;;;;;;;;;
5270;Totaal;Ferwerderadeel;2007;;;;;;;;;;;;;;;
5271;Totaal;Ferwerderadeel;2008;;;;;;;;;;;;;;;
5272;Totaal;Ferwerderadeel;2009;;;;;;;;;;;;;;;
5273;Totaal;Ferwerderadeel;2010;;;;;;;;;;;;;;;
5274;Totaal;Ferwerderadeel;2011;;;;;;;;;;;;;;;
5275;Totaal;Ferwerderadeel;2012;;;;;;;;;;;;;;;
5276;Totaal;Ferwerderadeel;2013;;;;;;;;;;;;;;;
5277;Totaal;Ferwerderadeel;2014;;;;;;;;;;;;;;;
5278;Totaal;Ferwerderadeel;2015;;;;;;;;;;;;;;;
5279;Totaal;Ferwerderadeel;2016;;;;;;;;;;;;;;;
5280;Totaal;Ferwerderadiel;1995;;;;;;;;;;;;;;;
5281;Totaal;Ferwerderadiel;1996;;;;;;;;;;;;;;;
5282;Totaal;Ferwerderadiel;1997;;;;;;;;;;;;;;;
5283;Totaal;Ferwerderadiel;1998;;;;;;;;;;;;;;;
5284;Totaal;Ferwerderadiel;1999;8739.0;4505.5;4233.5;3885.5;2224.0;1661.5;4099.5;2051.0;2048.5;460.0;82.5;377.5;294.0;148.0;146.0
5285;Totaal;Ferwerderadiel;2000;8785.5;4522.5;4263.0;3908.5;2225.5;1683.0;4099.5;2052.5;2047.0;469.0;87.5;381.5;308.5;157.0;151.5
5286;Totaal;Ferwerderadiel;2001;8856.0;4564.0;4292.0;3953.0;2251.5;1701.5;4094.0;2050.5;2043.5;483.5;96.0;387.5;325.5;166.0;159.5
5287;Totaal;Ferwerderadiel;2002;8923.5;4601.0;4322.5;3997.5;2274.0;1723.5;4106.5;2056.0;2050.5;481.5;98.0;383.5;338.0;173.0;165.0
5288;Totaal;Ferwerderadiel;2003;8980.5;4623.0;4357.5;4048.0;2290.5;1757.5;4122.0;2063.0;2059.0;471.0;97.0;374.0;339.5;172.5;167.0
5289;Totaal;Ferwerderadiel;2004;8987.5;4616.5;4371.0;4078.5;2299.0;1779.5;4099.5;2048.5;2051.0;468.5;99.5;369.0;341.0;169.5;171.5
5290;Totaal;Ferwerderadiel;2005;8971.5;4602.5;4369.0;4080.0;2294.0;1786.0;4070.0;2034.5;2035.5;469.5;102.5;367.0;352.0;171.5;180.5
5291;Totaal;Ferwerderadiel;2006;8935.0;4588.0;4347.0;4068.5;2288.0;1780.5;4040.0;2023.5;2016.5;466.5;101.0;365.5;360.0;175.5;184.5
5292;Totaal;Ferwerderadiel;2007;8879.5;4563.5;4316.0;4052.5;2279.0;1773.5;4004.5;2007.0;1997.5;456.5;98.5;358.0;366.0;179.0;187.0
5293;Totaal;Ferwerderadiel;2008;8845.0;4544.0;4301.0;4057.5;2277.5;1780.0;3961.5;1986.0;1975.5;451.0;100.0;351.0;375.0;180.5;194.5
5294;Totaal;Ferwerderadiel;2009;8832.0;4533.5;4298.5;4025.5;2257.5;1768.0;3952.0;1980.0;1972.0;449.5;102.5;347.0;405.0;193.5;211.5
5295;Totaal;Ferwerderadiel;2010;8851.5;4538.0;4313.5;3990.5;2237.0;1753.5;3968.5;1985.0;1983.5;456.0;108.0;348.0;436.5;208.0;228.5
5296;Totaal;Ferwerderadiel;2011;8850.5;4537.0;4313.5;3992.0;2244.0;1748.0;3935.0;1966.5;1968.5;472.5;112.0;360.5;451.0;214.5;236.5
5297;Totaal;Ferwerderadiel;2012;8846.5;4528.0;4318.5;4008.0;2251.5;1756.5;3907.0;1951.5;1955.5;472.0;110.5;361.5;459.5;214.5;245.0
5298;Totaal;Ferwerderadiel;2013;8823.0;4497.0;4326.0;4015.0;2235.5;1779.5;3872.5;1934.5;1938.0;467.5;112.5;355.0;468.0;214.5;253.5
5299;Totaal;Ferwerderadiel;2014;8764.0;4470.5;4293.5;3983.0;2216.0;1767.0;3822.0;1910.0;1912.0;468.5;114.0;354.5;490.5;230.5;260.0
5300;Totaal;Ferwerderadiel;2015;8719.5;4461.5;4258.0;3970.5;2215.5;1755.0;3769.5;1884.5;1885.0;467.5;113.5;354.0;512.0;248.0;264.0
5301;Totaal;Ferwerderadiel;2016;8718.0;4462.5;4255.5;3982.5;2219.0;1763.5;3741.0;1872.0;1869.0;467.5;115.0;352.5;527.0;256.5;270.5
5302;Totaal;Fijnaart en Heijningen;1995;6165.5;3135.0;3030.5;2321.0;1304.5;1016.5;3333.0;1668.5;1664.5;353.0;80.5;272.5;158.5;81.5;77.0
5303;Totaal;Fijnaart en Heijningen;1996;6152.5;3126.5;3026.0;2299.5;1297.0;1002.5;3323.5;1664.0;1659.5;358.0;77.5;280.5;171.5;88.0;83.5
5304;Totaal;Fijnaart en Heijningen;1997;;;;;;;;;;;;;;;
5305;Totaal;Fijnaart en Heijningen;1998;;;;;;;;;;;;;;;
5306;Totaal;Fijnaart en Heijningen;1999;;;;;;;;;;;;;;;
5307;Totaal;Fijnaart en Heijningen;2000;;;;;;;;;;;;;;;
5308;Totaal;Fijnaart en Heijningen;2001;;;;;;;;;;;;;;;
5309;Totaal;Fijnaart en Heijningen;2002;;;;;;;;;;;;;;;
5310;Totaal;Fijnaart en Heijningen;2003;;;;;;;;;;;;;;;
5311;Totaal;Fijnaart en Heijningen;2004;;;;;;;;;;;;;;;
5312;Totaal;Fijnaart en Heijningen;2005;;;;;;;;;;;;;;;
5313;Totaal;Fijnaart en Heijningen;2006;;;;;;;;;;;;;;;
5314;Totaal;Fijnaart en Heijningen;2007;;;;;;;;;;;;;;;
5315;Totaal;Fijnaart en Heijningen;2008;;;;;;;;;;;;;;;
5316;Totaal;Fijnaart en Heijningen;2009;;;;;;;;;;;;;;;
5317;Totaal;Fijnaart en Heijningen;2010;;;;;;;;;;;;;;;
5318;Totaal;Fijnaart en Heijningen;2011;;;;;;;;;;;;;;;
5319;Totaal;Fijnaart en Heijningen;2012;;;;;;;;;;;;;;;
5320;Totaal;Fijnaart en Heijningen;2013;;;;;;;;;;;;;;;
5321;Totaal;Fijnaart en Heijningen;2014;;;;;;;;;;;;;;;
5322;Totaal;Fijnaart en Heijningen;2015;;;;;;;;;;;;;;;
5323;Totaal;Fijnaart en Heijningen;2016;;;;;;;;;;;;;;;
5324;Totaal;Franekeradeel;1995;20431.5;10157.0;10274.5;8928.5;4859.0;4069.5;9397.0;4699.5;4697.5;1314.0;226.5;1087.5;792.0;372.0;420.0
5325;Totaal;Franekeradeel;1996;20325.5;10104.0;10221.5;8855.5;4820.0;4035.5;9332.5;4667.0;4665.5;1305.0;227.0;1078.0;832.5;390.0;442.5
5326;Totaal;Franekeradeel;1997;20211.0;10049.0;10162.0;8798.5;4790.0;4008.5;9288.0;4640.5;4647.5;1286.0;230.5;1055.5;838.5;388.0;450.5
5327;Totaal;Franekeradeel;1998;20103.0;10011.5;10091.5;8763.5;4784.5;3979.0;9219.5;4604.0;4615.5;1261.0;230.5;1030.5;859.0;392.5;466.5
5328;Totaal;Franekeradeel;1999;20117.5;10018.0;10099.5;8781.5;4795.5;3986.0;9200.0;4595.5;4604.5;1255.0;227.0;1028.0;881.0;400.0;481.0
5329;Totaal;Franekeradeel;2000;20263.5;10109.5;10154.0;8899.5;4870.5;4029.0;9205.0;4599.0;4606.0;1258.5;228.0;1030.5;900.5;412.0;488.5
5330;Totaal;Franekeradeel;2001;20548.5;10308.5;10240.0;9143.0;5031.5;4111.5;9225.5;4609.0;4616.5;1235.5;230.5;1005.0;944.5;437.5;507.0
5331;Totaal;Franekeradeel;2002;20849.0;10484.5;10364.5;9373.0;5165.0;4208.0;9281.5;4637.0;4644.5;1220.5;233.0;987.5;974.0;449.5;524.5
5332;Totaal;Franekeradeel;2003;21001.5;10560.0;10441.5;9479.5;5216.0;4263.5;9317.5;4653.0;4664.5;1210.0;233.0;977.0;994.5;458.0;536.5
5333;Totaal;Franekeradeel;2004;21010.0;10591.5;10418.5;9528.0;5263.0;4265.0;9281.0;4633.5;4647.5;1201.0;234.0;967.0;1000.0;461.0;539.0
5334;Totaal;Franekeradeel;2005;20929.5;10577.0;10352.5;9508.0;5271.5;4236.5;9203.0;4599.5;4603.5;1207.5;237.5;970.0;1011.0;468.5;542.5
5335;Totaal;Franekeradeel;2006;20729.0;10455.5;10273.5;9349.0;5167.0;4182.0;9130.0;4565.5;4564.5;1206.5;237.0;969.5;1043.5;486.0;557.5
5336;Totaal;Franekeradeel;2007;20556.5;10357.0;10199.5;9241.0;5092.0;4149.0;9043.5;4518.5;4525.0;1192.0;238.0;954.0;1080.0;508.5;571.5
5337;Totaal;Franekeradeel;2008;20560.5;10365.0;10195.5;9313.5;5128.0;4185.5;8954.0;4472.5;4481.5;1181.0;243.0;938.0;1112.0;521.5;590.5
5338;Totaal;Franekeradeel;2009;20588.0;10384.5;10203.5;9264.0;5101.0;4163.0;8953.0;4477.0;4476.0;1168.0;247.0;921.0;1203.0;559.5;643.5
5339;Totaal;Franekeradeel;2010;20676.0;10434.5;10241.5;9217.5;5067.5;4150.0;8970.5;4491.0;4479.5;1167.5;249.5;918.0;1320.5;626.5;694.0
5340;Totaal;Franekeradeel;2011;20633.5;10387.5;10246.0;9201.0;5037.0;4164.0;8916.0;4464.0;4452.0;1169.5;251.0;918.5;1347.0;635.5;711.5
5341;Totaal;Franekeradeel;2012;20494.0;10287.5;10206.5;9135.5;4980.0;4155.5;8858.5;4434.5;4424.0;1151.5;245.0;906.5;1348.5;628.0;720.5
5342;Totaal;Franekeradeel;2013;20460.5;10271.5;10189.0;9124.5;4968.5;4156.0;8797.5;4405.0;4392.5;1140.0;241.0;899.0;1398.5;657.0;741.5
5343;Totaal;Franekeradeel;2014;20386.5;10239.5;10147.0;9094.0;4949.5;4144.5;8713.5;4363.5;4350.0;1130.0;246.5;883.5;1449.0;680.0;769.0
5344;Totaal;Franekeradeel;2015;20296.5;10206.0;10090.5;9061.5;4930.5;4131.0;8638.0;4325.0;4313.0;1115.0;254.0;861.0;1482.0;696.5;785.5
5345;Totaal;Franekeradeel;2016;20240.0;10185.0;10055.0;9055.5;4932.5;4123.0;8565.5;4284.5;4281.0;1115.5;258.0;857.5;1503.5;710.0;793.5
5346;Totaal;De Friese Meren;1995;;;;;;;;;;;;;;;
5347;Totaal;De Friese Meren;1996;;;;;;;;;;;;;;;
5348;Totaal;De Friese Meren;1997;;;;;;;;;;;;;;;
5349;Totaal;De Friese Meren;1998;;;;;;;;;;;;;;;
5350;Totaal;De Friese Meren;1999;;;;;;;;;;;;;;;
5351;Totaal;De Friese Meren;2000;;;;;;;;;;;;;;;
5352;Totaal;De Friese Meren;2001;;;;;;;;;;;;;;;
5353;Totaal;De Friese Meren;2002;;;;;;;;;;;;;;;
5354;Totaal;De Friese Meren;2003;;;;;;;;;;;;;;;
5355;Totaal;De Friese Meren;2004;;;;;;;;;;;;;;;
5356;Totaal;De Friese Meren;2005;;;;;;;;;;;;;;;
5357;Totaal;De Friese Meren;2006;;;;;;;;;;;;;;;
5358;Totaal;De Friese Meren;2007;;;;;;;;;;;;;;;
5359;Totaal;De Friese Meren;2008;;;;;;;;;;;;;;;
5360;Totaal;De Friese Meren;2009;;;;;;;;;;;;;;;
5361;Totaal;De Friese Meren;2010;;;;;;;;;;;;;;;
5362;Totaal;De Friese Meren;2011;;;;;;;;;;;;;;;
5363;Totaal;De Friese Meren;2012;;;;;;;;;;;;;;;
5364;Totaal;De Friese Meren;2013;;;;;;;;;;;;;;;
5365;Totaal;De Friese Meren;2014;51313.5;25855.0;25458.5;22446.0;12324.0;10122.0;22864.5;11441.5;11423.0;2957.0;679.5;2277.5;3046.0;1410.0;1636.0
5366;Totaal;De Friese Meren;2015;51239.0;25825.0;25414.0;22425.5;12319.0;10106.5;22747.5;11379.0;11368.5;2959.0;693.5;2265.5;3107.0;1433.5;1673.5
5367;Totaal;De Friese Meren;2016;;;;;;;;;;;;;;;
5368;Totaal;De Fryske Marren;1995;;;;;;;;;;;;;;;
5369;Totaal;De Fryske Marren;1996;;;;;;;;;;;;;;;
5370;Totaal;De Fryske Marren;1997;;;;;;;;;;;;;;;
5371;Totaal;De Fryske Marren;1998;;;;;;;;;;;;;;;
5372;Totaal;De Fryske Marren;1999;;;;;;;;;;;;;;;
5373;Totaal;De Fryske Marren;2000;;;;;;;;;;;;;;;
5374;Totaal;De Fryske Marren;2001;;;;;;;;;;;;;;;
5375;Totaal;De Fryske Marren;2002;;;;;;;;;;;;;;;
5376;Totaal;De Fryske Marren;2003;;;;;;;;;;;;;;;
5377;Totaal;De Fryske Marren;2004;;;;;;;;;;;;;;;
5378;Totaal;De Fryske Marren;2005;;;;;;;;;;;;;;;
5379;Totaal;De Fryske Marren;2006;;;;;;;;;;;;;;;
5380;Totaal;De Fryske Marren;2007;;;;;;;;;;;;;;;
5381;Totaal;De Fryske Marren;2008;;;;;;;;;;;;;;;
5382;Totaal;De Fryske Marren;2009;;;;;;;;;;;;;;;
5383;Totaal;De Fryske Marren;2010;;;;;;;;;;;;;;;
5384;Totaal;De Fryske Marren;2011;;;;;;;;;;;;;;;
5385;Totaal;De Fryske Marren;2012;;;;;;;;;;;;;;;
5386;Totaal;De Fryske Marren;2013;;;;;;;;;;;;;;;
5387;Totaal;De Fryske Marren;2014;;;;;;;;;;;;;;;
5388;Totaal;De Fryske Marren;2015;;;;;;;;;;;;;;;
5389;Totaal;De Fryske Marren;2016;51425.0;25910.0;25515.0;22569.5;12377.5;10192.0;22680.5;11354.5;11326.0;2969.5;705.0;2264.5;3205.5;1473.0;1732.5
5390;Totaal;Gaasterlân-Sleat;1995;9516.5;4810.0;4706.5;4098.5;2287.0;1811.5;4641.5;2315.5;2326.0;566.5;106.0;460.5;210.0;101.5;108.5
5391;Totaal;Gaasterlân-Sleat;1996;9583.5;4854.0;4729.5;4116.5;2309.0;1807.5;4667.5;2328.5;2339.0;573.0;105.5;467.5;226.5;111.0;115.5
5392;Totaal;Gaasterlân-Sleat;1997;9666.5;4909.5;4757.0;4122.0;2318.5;1803.5;4726.5;2359.0;2367.5;577.5;109.5;468.0;240.5;122.5;118.0
5393;Totaal;Gaasterlân-Sleat;1998;9829.5;4992.5;4837.0;4135.5;2332.0;1803.5;4834.0;2412.0;2422.0;589.0;111.5;477.5;271.0;137.0;134.0
5394;Totaal;Gaasterlân-Sleat;1999;10037.0;5094.0;4943.0;4183.5;2362.5;1821.0;4952.5;2473.0;2479.5;609.5;113.0;496.5;291.5;145.5;146.0
5395;Totaal;Gaasterlân-Sleat;2000;10149.5;5145.5;5004.0;4209.5;2373.5;1836.0;5012.0;2503.5;2508.5;623.0;115.5;507.5;305.0;153.0;152.0
5396;Totaal;Gaasterlân-Sleat;2001;10222.5;5180.0;5042.5;4239.5;2389.0;1850.5;5034.5;2513.5;2521.0;628.5;118.0;510.5;320.0;159.5;160.5
5397;Totaal;Gaasterlân-Sleat;2002;10261.0;5197.5;5063.5;4280.5;2402.5;1878.0;5017.5;2506.5;2511.0;635.5;125.5;510.0;327.5;163.0;164.5
5398;Totaal;Gaasterlân-Sleat;2003;10241.5;5178.0;5063.5;4308.0;2402.0;1906.0;4966.5;2485.0;2481.5;643.5;130.5;513.0;323.5;160.5;163.0
5399;Totaal;Gaasterlân-Sleat;2004;10214.0;5153.5;5060.5;4317.0;2396.0;1921.0;4922.0;2462.0;2460.0;652.0;135.5;516.5;323.0;160.0;163.0
5400;Totaal;Gaasterlân-Sleat;2005;10256.5;5175.0;5081.5;4340.5;2407.0;1933.5;4905.5;2453.0;2452.5;666.5;143.5;523.0;344.0;171.5;172.5
5401;Totaal;Gaasterlân-Sleat;2006;10277.5;5192.0;5085.5;4369.5;2430.5;1939.0;4883.0;2441.5;2441.5;669.0;142.0;527.0;356.0;178.0;178.0
5402;Totaal;Gaasterlân-Sleat;2007;10232.5;5169.0;5063.5;4358.5;2431.5;1927.0;4845.0;2419.0;2426.0;671.0;142.0;529.0;358.0;176.5;181.5
5403;Totaal;Gaasterlân-Sleat;2008;10247.5;5174.5;5073.0;4365.5;2435.0;1930.5;4823.0;2407.5;2415.5;686.0;147.5;538.5;373.0;184.5;188.5
5404;Totaal;Gaasterlân-Sleat;2009;10291.5;5205.0;5086.5;4387.5;2455.0;1932.5;4793.5;2397.0;2396.5;699.5;152.5;547.0;411.0;200.5;210.5
5405;Totaal;Gaasterlân-Sleat;2010;10264.0;5193.0;5071.0;4361.0;2446.5;1914.5;4766.0;2385.5;2380.5;699.5;152.0;547.5;437.5;209.0;228.5
5406;Totaal;Gaasterlân-Sleat;2011;10209.5;5158.0;5051.5;4326.5;2422.5;1904.0;4757.0;2382.0;2375.0;682.0;145.0;537.0;444.0;208.5;235.5
5407;Totaal;Gaasterlân-Sleat;2012;10195.0;5153.0;5042.0;4344.0;2431.5;1912.5;4733.5;2371.5;2362.0;668.5;143.0;525.5;449.0;207.0;242.0
5408;Totaal;Gaasterlân-Sleat;2013;10191.0;5156.0;5035.0;4388.0;2458.0;1930.0;4673.0;2339.0;2334.0;672.5;146.0;526.5;457.5;213.0;244.5
5409;Totaal;Gaasterlân-Sleat;2014;;;;;;;;;;;;;;;
5410;Totaal;Gaasterlân-Sleat;2015;;;;;;;;;;;;;;;
5411;Totaal;Gaasterlân-Sleat;2016;;;;;;;;;;;;;;;
5412;Totaal;Gasselte;1995;4286.5;2130.0;2156.5;1598.0;862.0;736.0;2277.0;1139.5;1137.5;278.0;59.0;219.0;133.5;69.5;64.0
5413;Totaal;Gasselte;1996;4273.5;2128.0;2145.5;1593.0;864.0;729.0;2257.0;1129.0;1128.0;282.5;63.5;219.0;141.0;71.5;69.5
5414;Totaal;Gasselte;1997;4311.0;2151.5;2159.5;1613.5;876.5;737.0;2269.5;1138.0;1131.5;281.5;66.0;215.5;146.5;71.0;75.5
5415;Totaal;Gasselte;1998;;;;;;;;;;;;;;;
5416;Totaal;Gasselte;1999;;;;;;;;;;;;;;;
5417;Totaal;Gasselte;2000;;;;;;;;;;;;;;;
5418;Totaal;Gasselte;2001;;;;;;;;;;;;;;;
5419;Totaal;Gasselte;2002;;;;;;;;;;;;;;;
5420;Totaal;Gasselte;2003;;;;;;;;;;;;;;;
5421;Totaal;Gasselte;2004;;;;;;;;;;;;;;;
5422;Totaal;Gasselte;2005;;;;;;;;;;;;;;;
5423;Totaal;Gasselte;2006;;;;;;;;;;;;;;;
5424;Totaal;Gasselte;2007;;;;;;;;;;;;;;;
5425;Totaal;Gasselte;2008;;;;;;;;;;;;;;;
5426;Totaal;Gasselte;2009;;;;;;;;;;;;;;;
5427;Totaal;Gasselte;2010;;;;;;;;;;;;;;;
5428;Totaal;Gasselte;2011;;;;;;;;;;;;;;;
5429;Totaal;Gasselte;2012;;;;;;;;;;;;;;;
5430;Totaal;Gasselte;2013;;;;;;;;;;;;;;;
5431;Totaal;Gasselte;2014;;;;;;;;;;;;;;;
5432;Totaal;Gasselte;2015;;;;;;;;;;;;;;;
5433;Totaal;Gasselte;2016;;;;;;;;;;;;;;;
5434;Totaal;Geertruidenberg;1995;6683.5;3361.0;3322.5;2625.5;1454.5;1171.0;3413.0;1709.0;1704.0;397.0;78.5;318.5;248.0;119.0;129.0
5435;Totaal;Geertruidenberg;1996;6704.5;3359.5;3345.0;2642.5;1456.5;1186.0;3403.5;1701.5;1702.0;396.0;74.0;322.0;262.5;127.5;135.0
5436;Totaal;Geertruidenberg;1997;20968.5;10534.0;10434.5;8497.5;4627.0;3870.5;10609.0;5308.0;5301.0;1072.5;224.0;848.5;789.5;375.0;414.5
5437;Totaal;Geertruidenberg;1998;21052.0;10589.0;10463.0;8573.0;4685.0;3888.0;10562.0;5286.5;5275.5;1070.0;223.0;847.0;847.0;394.5;452.5
5438;Totaal;Geertruidenberg;1999;21104.0;10623.5;10480.5;8640.5;4734.0;3906.5;10496.0;5249.5;5246.5;1065.5;220.5;845.0;902.0;419.5;482.5
5439;Totaal;Geertruidenberg;2000;21064.0;10621.0;10443.0;8636.5;4747.0;3889.5;10414.5;5206.5;5208.0;1073.5;224.0;849.5;939.5;443.5;496.0
5440;Totaal;Geertruidenberg;2001;20988.5;10588.5;10400.0;8610.0;4744.0;3866.0;10358.5;5178.5;5180.0;1076.0;225.0;851.0;944.0;441.0;503.0
5441;Totaal;Geertruidenberg;2002;20963.5;10576.0;10387.5;8618.5;4751.0;3867.5;10334.0;5165.0;5169.0;1075.0;227.5;847.5;936.0;432.5;503.5
5442;Totaal;Geertruidenberg;2003;20939.5;10544.5;10395.0;8591.5;4722.5;3869.0;10309.0;5153.5;5155.5;1087.5;230.0;857.5;951.5;438.5;513.0
5443;Totaal;Geertruidenberg;2004;20898.0;10488.5;10409.5;8569.0;4685.0;3884.0;10243.5;5122.5;5121.0;1105.5;231.5;874.0;980.0;449.5;530.5
5444;Totaal;Geertruidenberg;2005;20855.5;10461.0;10394.5;8622.0;4714.0;3908.0;10081.0;5039.5;5041.5;1126.0;243.5;882.5;1026.5;464.0;562.5
5445;Totaal;Geertruidenberg;2006;20789.5;10417.0;10372.5;8659.0;4734.5;3924.5;9928.0;4963.5;4964.5;1141.5;251.5;890.0;1061.0;467.5;593.5
5446;Totaal;Geertruidenberg;2007;20733.0;10356.0;10377.0;8642.0;4702.0;3940.0;9852.0;4926.0;4926.0;1152.0;253.0;899.0;1087.0;475.0;612.0
5447;Totaal;Geertruidenberg;2008;20768.0;10354.5;10413.5;8646.5;4683.0;3963.5;9831.0;4914.0;4917.0;1173.0;261.5;911.5;1117.5;496.0;621.5
5448;Totaal;Geertruidenberg;2009;20940.5;10428.0;10512.5;8716.0;4703.5;4012.5;9861.5;4928.0;4933.5;1195.0;270.0;925.0;1168.0;526.5;641.5
5449;Totaal;Geertruidenberg;2010;21197.0;10539.0;10658.0;8867.0;4760.5;4106.5;9886.5;4940.5;4946.0;1204.5;275.5;929.0;1239.0;562.5;676.5
5450;Totaal;Geertruidenberg;2011;21389.0;10631.0;10758.0;9007.5;4828.0;4179.5;9893.0;4944.5;4948.5;1203.5;277.5;926.0;1285.0;581.0;704.0
5451;Totaal;Geertruidenberg;2012;21492.0;10686.0;10806.0;9072.0;4867.5;4204.5;9882.5;4941.0;4941.5;1212.5;280.0;932.5;1325.0;597.5;727.5
5452;Totaal;Geertruidenberg;2013;21542.0;10706.0;10836.0;9113.5;4891.0;4222.5;9833.5;4917.0;4916.5;1234.0;287.0;947.0;1361.0;611.0;750.0
5453;Totaal;Geertruidenberg;2014;21572.5;10720.0;10852.5;9144.0;4908.5;4235.5;9770.0;4883.0;4887.0;1247.0;296.0;951.0;1411.5;632.5;779.0
5454;Totaal;Geertruidenberg;2015;21602.0;10738.0;10864.0;9208.5;4934.0;4274.5;9669.5;4834.0;4835.5;1247.5;307.0;940.5;1476.5;663.0;813.5
5455;Totaal;Geertruidenberg;2016;21567.0;10722.5;10844.5;9262.0;4957.5;4304.5;9535.0;4769.0;4766.0;1249.0;314.5;934.5;1521.0;681.5;839.5
5456;Totaal;Geldermalsen;1995;23094.0;11560.0;11534.0;9520.5;5161.5;4359.0;11727.0;5869.0;5858.0;1220.0;235.0;985.0;626.5;294.5;332.0
5457;Totaal;Geldermalsen;1996;23269.5;11629.0;11640.5;9637.0;5206.5;4430.5;11754.0;5879.5;5874.5;1230.5;237.5;993.0;648.0;305.5;342.5
5458;Totaal;Geldermalsen;1997;23463.0;11699.0;11764.0;9714.5;5234.0;4480.5;11817.5;5909.0;5908.5;1265.0;240.5;1024.5;666.0;315.5;350.5
5459;Totaal;Geldermalsen;1998;23793.5;11837.5;11956.0;9861.0;5292.0;4569.0;11949.5;5976.5;5973.0;1280.0;236.0;1044.0;703.0;333.0;370.0
5460;Totaal;Geldermalsen;1999;24215.0;12036.5;12178.5;10065.0;5385.5;4679.5;12135.5;6070.0;6065.5;1273.0;231.0;1042.0;741.5;350.0;391.5
5461;Totaal;Geldermalsen;2000;24667.5;12245.5;12422.0;10313.5;5496.0;4817.5;12289.0;6149.5;6139.5;1284.5;233.5;1051.0;780.5;366.5;414.0
5462;Totaal;Geldermalsen;2001;24968.5;12379.5;12589.0;10508.5;5588.0;4920.5;12331.5;6170.0;6161.5;1294.0;231.0;1063.0;834.5;390.5;444.0
5463;Totaal;Geldermalsen;2002;25327.5;12559.5;12768.0;10752.5;5726.5;5026.0;12393.5;6199.0;6194.5;1298.5;225.0;1073.5;883.0;409.0;474.0
5464;Totaal;Geldermalsen;2003;25633.5;12716.5;12917.0;10929.5;5818.0;5111.5;12473.5;6241.5;6232.0;1307.5;230.5;1077.0;923.0;426.5;496.5
5465;Totaal;Geldermalsen;2004;25925.5;12862.5;13063.0;11086.0;5897.0;5189.0;12551.5;6282.0;6269.5;1321.5;235.5;1086.0;966.5;448.0;518.5
5466;Totaal;Geldermalsen;2005;26221.0;13005.5;13215.5;11275.5;5989.0;5286.5;12625.0;6316.5;6308.5;1317.5;237.0;1080.5;1003.0;463.0;540.0
5467;Totaal;Geldermalsen;2006;26246.0;12999.5;13246.5;11310.0;5993.0;5317.0;12616.0;6308.0;6308.0;1307.5;237.0;1070.5;1012.5;461.5;551.0
5468;Totaal;Geldermalsen;2007;26259.5;12999.0;13260.5;11343.5;6004.0;5339.5;12575.0;6287.0;6288.0;1310.0;240.0;1070.0;1031.0;468.0;563.0
5469;Totaal;Geldermalsen;2008;26287.0;13036.5;13250.5;11403.5;6045.0;5358.5;12511.0;6258.5;6252.5;1303.5;244.0;1059.5;1069.0;489.0;580.0
5470;Totaal;Geldermalsen;2009;26274.5;13035.5;13239.0;11361.0;6035.5;5325.5;12471.0;6240.5;6230.5;1312.0;245.5;1066.5;1130.5;514.0;616.5
5471;Totaal;Geldermalsen;2010;26242.0;13005.5;13236.5;11280.0;5984.0;5296.0;12438.0;6224.0;6214.0;1321.0;250.5;1070.5;1203.0;547.0;656.0
5472;Totaal;Geldermalsen;2011;26279.0;13024.5;13254.5;11310.0;6003.0;5307.0;12385.5;6197.0;6188.5;1328.0;258.0;1070.0;1255.5;566.5;689.0
5473;Totaal;Geldermalsen;2012;26287.0;13029.5;13257.5;11347.5;6037.0;5310.5;12301.0;6155.0;6146.0;1339.5;261.0;1078.5;1299.0;576.5;722.5
5474;Totaal;Geldermalsen;2013;26270.0;13011.0;13259.0;11372.5;6043.5;5329.0;12219.0;6111.5;6107.5;1337.0;261.0;1076.0;1341.5;595.0;746.5
5475;Totaal;Geldermalsen;2014;26311.5;13027.0;13284.5;11379.5;6043.0;5336.5;12203.5;6099.5;6104.0;1337.5;263.0;1074.5;1391.0;621.5;769.5
5476;Totaal;Geldermalsen;2015;26334.5;13050.0;13284.5;11373.0;6047.5;5325.5;12198.5;6097.5;6101.0;1331.5;262.0;1069.5;1431.5;643.0;788.5
5477;Totaal;Geldermalsen;2016;26466.5;13120.0;13346.5;11445.5;6087.0;5358.5;12203.0;6103.5;6099.5;1341.5;269.0;1072.5;1476.5;660.5;816.0
5478;Totaal;Geldrop;1995;26984.5;13435.5;13549.0;11027.0;5949.5;5077.5;13355.5;6672.0;6683.5;1290.5;243.5;1047.0;1311.5;570.5;741.0
5479;Totaal;Geldrop;1996;27077.0;13487.5;13589.5;11098.5;6003.0;5095.5;13290.5;6641.5;6649.0;1316.0;243.0;1073.0;1372.0;600.0;772.0
5480;Totaal;Geldrop;1997;27156.0;13519.5;13636.5;11151.0;6031.5;5119.5;13242.0;6614.5;6627.5;1340.0;249.0;1091.0;1423.0;624.5;798.5
5481;Totaal;Geldrop;1998;27256.0;13555.5;13700.5;11231.5;6071.5;5160.0;13179.5;6583.5;6596.0;1363.5;255.0;1108.5;1481.5;645.5;836.0
5482;Totaal;Geldrop;1999;27442.0;13648.0;13794.0;11318.0;6115.0;5203.0;13210.0;6601.5;6608.5;1395.0;268.5;1126.5;1519.0;663.0;856.0
5483;Totaal;Geldrop;2000;27783.5;13794.5;13989.0;11464.0;6173.5;5290.5;13312.5;6650.5;6662.0;1442.5;287.0;1155.5;1564.5;683.5;881.0
5484;Totaal;Geldrop;2001;28090.5;13918.0;14172.5;11641.5;6252.5;5389.0;13323.0;6655.5;6667.5;1486.5;298.0;1188.5;1639.5;712.0;927.5
5485;Totaal;Geldrop;2002;28062.0;13892.5;14169.5;11672.0;6261.5;5410.5;13186.0;6586.0;6600.0;1515.5;307.5;1208.0;1688.5;737.5;951.0
5486;Totaal;Geldrop;2003;27809.5;13725.5;14084.0;11592.0;6199.0;5393.0;12962.5;6470.5;6492.0;1546.0;312.5;1233.5;1709.0;743.5;965.5
5487;Totaal;Geldrop;2004;;;;;;;;;;;;;;;
5488;Totaal;Geldrop;2005;;;;;;;;;;;;;;;
5489;Totaal;Geldrop;2006;;;;;;;;;;;;;;;
5490;Totaal;Geldrop;2007;;;;;;;;;;;;;;;
5491;Totaal;Geldrop;2008;;;;;;;;;;;;;;;
5492;Totaal;Geldrop;2009;;;;;;;;;;;;;;;
5493;Totaal;Geldrop;2010;;;;;;;;;;;;;;;
5494;Totaal;Geldrop;2011;;;;;;;;;;;;;;;
5495;Totaal;Geldrop;2012;;;;;;;;;;;;;;;
5496;Totaal;Geldrop;2013;;;;;;;;;;;;;;;
5497;Totaal;Geldrop;2014;;;;;;;;;;;;;;;
5498;Totaal;Geldrop;2015;;;;;;;;;;;;;;;
5499;Totaal;Geldrop;2016;;;;;;;;;;;;;;;
5500;Totaal;Geldrop-Mierlo;1995;;;;;;;;;;;;;;;
5501;Totaal;Geldrop-Mierlo;1996;;;;;;;;;;;;;;;
5502;Totaal;Geldrop-Mierlo;1997;;;;;;;;;;;;;;;
5503;Totaal;Geldrop-Mierlo;1998;;;;;;;;;;;;;;;
5504;Totaal;Geldrop-Mierlo;1999;;;;;;;;;;;;;;;
5505;Totaal;Geldrop-Mierlo;2000;;;;;;;;;;;;;;;
5506;Totaal;Geldrop-Mierlo;2001;;;;;;;;;;;;;;;
5507;Totaal;Geldrop-Mierlo;2002;;;;;;;;;;;;;;;
5508;Totaal;Geldrop-Mierlo;2003;;;;;;;;;;;;;;;
5509;Totaal;Geldrop-Mierlo;2004;37763.0;18663.0;19100.0;15666.0;8395.0;7271.0;17827.5;8899.5;8928.0;2061.0;419.5;1641.5;2208.5;949.0;1259.5
5510;Totaal;Geldrop-Mierlo;2005;37792.0;18663.5;19128.5;15744.5;8426.5;7318.0;17729.5;8852.0;8877.5;2083.0;432.0;1651.0;2235.0;953.0;1282.0
5511;Totaal;Geldrop-Mierlo;2006;37780.5;18673.5;19107.0;15764.5;8452.0;7312.5;17638.0;8805.0;8833.0;2095.0;442.0;1653.0;2283.0;974.5;1308.5
5512;Totaal;Geldrop-Mierlo;2007;37902.5;18746.5;19156.0;15842.5;8502.0;7340.5;17584.5;8778.5;8806.0;2105.5;450.0;1655.5;2370.0;1016.0;1354.0
5513;Totaal;Geldrop-Mierlo;2008;37989.0;18790.5;19198.5;15930.0;8559.5;7370.5;17489.5;8732.0;8757.5;2123.5;459.5;1664.0;2446.0;1039.5;1406.5
5514;Totaal;Geldrop-Mierlo;2009;38056.5;18836.5;19220.0;15967.0;8601.0;7366.0;17389.0;8679.5;8709.5;2145.5;469.5;1676.0;2555.0;1086.5;1468.5
5515;Totaal;Geldrop-Mierlo;2010;38253.0;18935.0;19318.0;16055.0;8656.0;7399.0;17374.0;8665.0;8709.0;2171.0;483.0;1688.0;2653.0;1131.0;1522.0
5516;Totaal;Geldrop-Mierlo;2011;38530.0;19062.0;19468.0;16254.5;8746.0;7508.5;17374.0;8666.0;8708.0;2191.0;494.5;1696.5;2710.5;1155.5;1555.0
5517;Totaal;Geldrop-Mierlo;2012;38719.5;19166.0;19553.5;16425.0;8828.0;7597.0;17322.5;8649.0;8673.5;2208.5;514.5;1694.0;2763.5;1174.5;1589.0
5518;Totaal;Geldrop-Mierlo;2013;38811.0;19254.0;19557.0;16570.5;8940.5;7630.0;17178.5;8577.5;8601.0;2232.0;539.0;1693.0;2830.0;1197.0;1633.0
5519;Totaal;Geldrop-Mierlo;2014;38866.5;19299.5;19567.0;16746.5;9054.0;7692.5;16985.0;8478.0;8507.0;2242.0;548.5;1693.5;2893.0;1219.0;1674.0
5520;Totaal;Geldrop-Mierlo;2015;38886.0;19294.0;19592.0;16846.5;9099.5;7747.0;16891.5;8432.0;8459.5;2240.0;553.5;1686.5;2908.0;1209.0;1699.0
5521;Totaal;Geldrop-Mierlo;2016;38985.5;19328.0;19657.5;16928.0;9130.0;7798.0;16882.5;8425.5;8457.0;2232.5;556.0;1676.5;2942.5;1216.5;1726.0
5522;Totaal;Geleen;1995;34096.5;16750.0;17346.5;12819.0;7006.0;5813.0;16550.0;8315.5;8234.5;2536.5;460.0;2076.5;2191.0;968.5;1222.5
5523;Totaal;Geleen;1996;34008.5;16696.5;17312.0;12854.5;7019.0;5835.5;16322.0;8198.0;8124.0;2553.0;469.5;2083.5;2279.0;1010.0;1269.0
5524;Totaal;Geleen;1997;33960.0;16673.0;17287.0;12904.5;7043.0;5861.5;16112.5;8096.5;8016.0;2573.5;475.5;2098.0;2369.5;1058.0;1311.5
5525;Totaal;Geleen;1998;34045.0;16723.0;17322.0;13025.0;7110.0;5915.0;16026.0;8056.0;7970.0;2533.5;467.5;2066.0;2460.5;1089.5;1371.0
5526;Totaal;Geleen;1999;34084.5;16736.5;17348.0;13078.5;7133.5;5945.0;15972.0;8032.0;7940.0;2517.0;464.5;2052.5;2517.0;1106.5;1410.5
5527;Totaal;Geleen;2000;33999.5;16681.0;17318.5;13063.0;7123.0;5940.0;15815.0;7947.0;7868.0;2571.0;482.0;2089.0;2550.5;1129.0;1421.5
5528;Totaal;Geleen;2001;;;;;;;;;;;;;;;
5529;Totaal;Geleen;2002;;;;;;;;;;;;;;;
5530;Totaal;Geleen;2003;;;;;;;;;;;;;;;
5531;Totaal;Geleen;2004;;;;;;;;;;;;;;;
5532;Totaal;Geleen;2005;;;;;;;;;;;;;;;
5533;Totaal;Geleen;2006;;;;;;;;;;;;;;;
5534;Totaal;Geleen;2007;;;;;;;;;;;;;;;
5535;Totaal;Geleen;2008;;;;;;;;;;;;;;;
5536;Totaal;Geleen;2009;;;;;;;;;;;;;;;
5537;Totaal;Geleen;2010;;;;;;;;;;;;;;;
5538;Totaal;Geleen;2011;;;;;;;;;;;;;;;
5539;Totaal;Geleen;2012;;;;;;;;;;;;;;;
5540;Totaal;Geleen;2013;;;;;;;;;;;;;;;
5541;Totaal;Geleen;2014;;;;;;;;;;;;;;;
5542;Totaal;Geleen;2015;;;;;;;;;;;;;;;
5543;Totaal;Geleen;2016;;;;;;;;;;;;;;;
5544;Totaal;Gemert;1995;18619.0;9454.5;9164.5;8004.0;4424.5;3579.5;9130.5;4562.0;4568.5;878.0;195.5;682.5;606.5;272.5;334.0
5545;Totaal;Gemert;1996;18719.0;9496.5;9222.5;8074.0;4456.5;3617.5;9115.5;4554.5;4561.0;900.5;202.0;698.5;629.0;283.5;345.5
5546;Totaal;Gemert;1997;;;;;;;;;;;;;;;
5547;Totaal;Gemert;1998;;;;;;;;;;;;;;;
5548;Totaal;Gemert;1999;;;;;;;;;;;;;;;
5549;Totaal;Gemert;2000;;;;;;;;;;;;;;;
5550;Totaal;Gemert;2001;;;;;;;;;;;;;;;
5551;Totaal;Gemert;2002;;;;;;;;;;;;;;;
5552;Totaal;Gemert;2003;;;;;;;;;;;;;;;
5553;Totaal;Gemert;2004;;;;;;;;;;;;;;;
5554;Totaal;Gemert;2005;;;;;;;;;;;;;;;
5555;Totaal;Gemert;2006;;;;;;;;;;;;;;;
5556;Totaal;Gemert;2007;;;;;;;;;;;;;;;
5557;Totaal;Gemert;2008;;;;;;;;;;;;;;;
5558;Totaal;Gemert;2009;;;;;;;;;;;;;;;
5559;Totaal;Gemert;2010;;;;;;;;;;;;;;;
5560;Totaal;Gemert;2011;;;;;;;;;;;;;;;
5561;Totaal;Gemert;2012;;;;;;;;;;;;;;;
5562;Totaal;Gemert;2013;;;;;;;;;;;;;;;
5563;Totaal;Gemert;2014;;;;;;;;;;;;;;;
5564;Totaal;Gemert;2015;;;;;;;;;;;;;;;
5565;Totaal;Gemert;2016;;;;;;;;;;;;;;;
5566;Totaal;Gemert-Bakel;1995;;;;;;;;;;;;;;;
5567;Totaal;Gemert-Bakel;1996;;;;;;;;;;;;;;;
5568;Totaal;Gemert-Bakel;1997;27140.5;13745.0;13395.5;11757.5;6454.0;5303.5;13243.0;6619.5;6623.5;1280.5;271.0;1009.5;859.5;400.5;459.0
5569;Totaal;Gemert-Bakel;1998;27309.0;13849.0;13460.0;11835.5;6513.5;5322.0;13296.5;6649.5;6647.0;1265.0;258.0;1007.0;912.0;428.0;484.0
5570;Totaal;Gemert-Bakel;1999;27431.0;13926.5;13504.5;11900.5;6564.5;5336.0;13326.0;6668.0;6658.0;1266.0;255.0;1011.0;938.5;439.0;499.5
5571;Totaal;Gemert-Bakel;2000;27591.0;14009.0;13582.0;11993.5;6624.5;5369.0;13333.0;6671.0;6662.0;1303.5;264.5;1039.0;961.0;449.0;512.0
5572;Totaal;Gemert-Bakel;2001;27706.0;14079.0;13627.0;12055.0;6670.5;5384.5;13338.5;6671.5;6667.0;1312.0;266.5;1045.5;1000.5;470.5;530.0
5573;Totaal;Gemert-Bakel;2002;27772.5;14118.5;13654.0;12088.0;6697.5;5390.5;13335.0;6668.0;6667.0;1312.0;262.5;1049.5;1037.5;490.5;547.0
5574;Totaal;Gemert-Bakel;2003;27828.5;14130.0;13698.5;12118.5;6696.0;5422.5;13304.0;6654.0;6650.0;1323.0;265.0;1058.0;1083.0;515.0;568.0
5575;Totaal;Gemert-Bakel;2004;27861.5;14119.5;13742.0;12150.5;6690.5;5460.0;13264.5;6633.5;6631.0;1336.0;273.0;1063.0;1110.5;522.5;588.0
5576;Totaal;Gemert-Bakel;2005;27897.5;14112.0;13785.5;12184.5;6695.0;5489.5;13247.5;6621.0;6626.5;1348.5;281.5;1067.0;1117.0;514.5;602.5
5577;Totaal;Gemert-Bakel;2006;27901.5;14116.0;13785.5;12210.0;6710.5;5499.5;13196.0;6595.0;6601.0;1350.5;287.5;1063.0;1145.0;523.0;622.0
5578;Totaal;Gemert-Bakel;2007;27996.5;14190.5;13806.0;12294.5;6777.0;5517.5;13146.5;6570.0;6576.5;1367.0;296.5;1070.5;1188.5;547.0;641.5
5579;Totaal;Gemert-Bakel;2008;28305.5;14358.5;13947.0;12493.5;6897.0;5596.5;13190.5;6593.0;6597.5;1394.5;304.5;1090.0;1227.0;564.0;663.0
5580;Totaal;Gemert-Bakel;2009;28635.5;14518.5;14117.0;12683.0;6991.0;5692.0;13248.0;6625.5;6622.5;1393.0;306.5;1086.5;1311.5;595.5;716.0
5581;Totaal;Gemert-Bakel;2010;28834.5;14599.0;14235.5;12783.5;7022.0;5761.5;13251.5;6624.0;6627.5;1391.5;311.5;1080.0;1408.0;641.5;766.5
5582;Totaal;Gemert-Bakel;2011;28973.5;14641.5;14332.0;12891.0;7054.0;5837.0;13215.0;6603.5;6611.5;1419.0;319.5;1099.5;1448.5;664.5;784.0
5583;Totaal;Gemert-Bakel;2012;29071.0;14669.5;14401.5;12958.5;7073.5;5885.0;13156.0;6577.5;6578.5;1456.0;331.5;1124.5;1500.5;687.0;813.5
5584;Totaal;Gemert-Bakel;2013;29208.0;14746.5;14461.5;13062.5;7132.5;5930.0;13107.0;6554.5;6552.5;1475.0;340.0;1135.0;1563.5;719.5;844.0
5585;Totaal;Gemert-Bakel;2014;29414.0;14866.5;14547.5;13218.0;7220.5;5997.5;13087.5;6548.5;6539.0;1486.5;348.5;1138.0;1622.0;749.0;873.0
5586;Totaal;Gemert-Bakel;2015;29580.0;14958.0;14622.0;13324.5;7282.0;6042.5;13060.5;6543.5;6517.0;1514.5;359.5;1155.0;1680.5;773.0;907.5
5587;Totaal;Gemert-Bakel;2016;29835.5;15083.5;14752.0;13510.0;7377.5;6132.5;13070.0;6550.0;6520.0;1539.5;368.0;1171.5;1716.0;788.0;928.0
5588;Totaal;Gendringen;1995;20737.0;10494.5;10242.5;8554.5;4769.5;3785.0;10610.5;5302.5;5308.0;1080.5;195.0;885.5;491.5;227.5;264.0
5589;Totaal;Gendringen;1996;20690.0;10471.5;10218.5;8501.0;4744.5;3756.5;10566.5;5282.5;5284.0;1103.0;202.0;901.0;519.5;242.5;277.0
5590;Totaal;Gendringen;1997;20638.5;10433.0;10205.5;8458.0;4716.5;3741.5;10527.5;5261.0;5266.5;1122.0;207.5;914.5;531.0;248.0;283.0
5591;Totaal;Gendringen;1998;20701.0;10454.0;10247.0;8491.5;4721.5;3770.0;10535.0;5266.5;5268.5;1121.5;210.5;911.0;553.0;255.5;297.5
5592;Totaal;Gendringen;1999;20816.5;10505.5;10311.0;8536.0;4737.0;3799.0;10579.0;5288.0;5291.0;1123.5;212.0;911.5;578.0;268.5;309.5
5593;Totaal;Gendringen;2000;20901.5;10524.0;10377.5;8580.0;4745.0;3835.0;10581.0;5287.5;5293.5;1142.5;213.5;929.0;598.0;278.0;320.0
5594;Totaal;Gendringen;2001;20983.5;10532.5;10451.0;8650.0;4757.5;3892.5;10558.5;5278.5;5280.0;1158.5;214.5;944.0;616.5;282.0;334.5
5595;Totaal;Gendringen;2002;21004.5;10525.5;10479.0;8693.0;4760.5;3932.5;10506.5;5253.5;5253.0;1167.5;222.5;945.0;637.5;289.0;348.5
5596;Totaal;Gendringen;2003;20911.0;10472.5;10438.5;8673.0;4740.0;3933.0;10394.5;5196.5;5198.0;1173.5;228.5;945.0;670.0;307.5;362.5
5597;Totaal;Gendringen;2004;20869.0;10429.5;10439.5;8663.0;4728.0;3935.0;10303.5;5151.0;5152.5;1191.5;226.0;965.5;711.0;324.5;386.5
5598;Totaal;Gendringen;2005;;;;;;;;;;;;;;;
5599;Totaal;Gendringen;2006;;;;;;;;;;;;;;;
5600;Totaal;Gendringen;2007;;;;;;;;;;;;;;;
5601;Totaal;Gendringen;2008;;;;;;;;;;;;;;;
5602;Totaal;Gendringen;2009;;;;;;;;;;;;;;;
5603;Totaal;Gendringen;2010;;;;;;;;;;;;;;;
5604;Totaal;Gendringen;2011;;;;;;;;;;;;;;;
5605;Totaal;Gendringen;2012;;;;;;;;;;;;;;;
5606;Totaal;Gendringen;2013;;;;;;;;;;;;;;;
5607;Totaal;Gendringen;2014;;;;;;;;;;;;;;;
5608;Totaal;Gendringen;2015;;;;;;;;;;;;;;;
5609;Totaal;Gendringen;2016;;;;;;;;;;;;;;;
5610;Totaal;Gendt;1995;7081.0;3543.5;3537.5;2932.5;1595.0;1337.5;3604.5;1800.5;1804.0;356.0;57.0;299.0;188.0;91.0;97.0
5611;Totaal;Gendt;1996;7162.0;3579.0;3583.0;2979.5;1619.5;1360.0;3620.0;1808.5;1811.5;367.5;58.5;309.0;195.0;92.5;102.5
5612;Totaal;Gendt;1997;7205.0;3598.0;3607.0;2993.5;1626.0;1367.5;3634.5;1815.5;1819.0;378.0;63.0;315.0;199.0;93.5;105.5
5613;Totaal;Gendt;1998;7206.5;3596.0;3610.5;2974.5;1611.0;1363.5;3646.5;1821.5;1825.0;374.5;64.0;310.5;211.0;99.5;111.5
5614;Totaal;Gendt;1999;7217.5;3603.0;3614.5;2958.5;1600.5;1358.0;3670.5;1835.5;1835.0;370.0;64.5;305.5;218.5;102.5;116.0
5615;Totaal;Gendt;2000;7262.5;3626.0;3636.5;2979.5;1609.5;1370.0;3680.5;1842.5;1838.0;375.5;68.0;307.5;227.0;106.0;121.0
5616;Totaal;Gendt;2001;;;;;;;;;;;;;;;
5617;Totaal;Gendt;2002;;;;;;;;;;;;;;;
5618;Totaal;Gendt;2003;;;;;;;;;;;;;;;
5619;Totaal;Gendt;2004;;;;;;;;;;;;;;;
5620;Totaal;Gendt;2005;;;;;;;;;;;;;;;
5621;Totaal;Gendt;2006;;;;;;;;;;;;;;;
5622;Totaal;Gendt;2007;;;;;;;;;;;;;;;
5623;Totaal;Gendt;2008;;;;;;;;;;;;;;;
5624;Totaal;Gendt;2009;;;;;;;;;;;;;;;
5625;Totaal;Gendt;2010;;;;;;;;;;;;;;;
5626;Totaal;Gendt;2011;;;;;;;;;;;;;;;
5627;Totaal;Gendt;2012;;;;;;;;;;;;;;;
5628;Totaal;Gendt;2013;;;;;;;;;;;;;;;
5629;Totaal;Gendt;2014;;;;;;;;;;;;;;;
5630;Totaal;Gendt;2015;;;;;;;;;;;;;;;
5631;Totaal;Gendt;2016;;;;;;;;;;;;;;;
5632;Totaal;Genemuiden;1995;8421.5;4227.0;4194.5;4020.0;2137.0;1883.0;4014.0;2006.5;2007.5;321.5;49.0;272.5;66.0;34.5;31.5
5633;Totaal;Genemuiden;1996;8548.5;4299.0;4249.5;4071.5;2173.0;1898.5;4077.0;2038.0;2039.0;324.5;49.0;275.5;75.5;39.0;36.5
5634;Totaal;Genemuiden;1997;8678.5;4382.5;4296.0;4119.5;2218.0;1901.5;4147.5;2073.5;2074.0;327.5;49.0;278.5;84.0;42.0;42.0
5635;Totaal;Genemuiden;1998;8833.5;4467.5;4366.0;4188.0;2262.5;1925.5;4231.5;2116.5;2115.0;326.5;46.5;280.0;87.5;42.0;45.5
5636;Totaal;Genemuiden;1999;9048.0;4571.5;4476.5;4291.0;2316.0;1975.0;4340.5;2170.5;2170.0;330.0;44.0;286.0;86.5;41.0;45.5
5637;Totaal;Genemuiden;2000;9323.5;4720.0;4603.5;4448.0;2411.0;2037.0;4440.5;2218.5;2222.0;342.0;46.5;295.5;93.0;44.0;49.0
5638;Totaal;Genemuiden;2001;;;;;;;;;;;;;;;
5639;Totaal;Genemuiden;2002;;;;;;;;;;;;;;;
5640;Totaal;Genemuiden;2003;;;;;;;;;;;;;;;
5641;Totaal;Genemuiden;2004;;;;;;;;;;;;;;;
5642;Totaal;Genemuiden;2005;;;;;;;;;;;;;;;
5643;Totaal;Genemuiden;2006;;;;;;;;;;;;;;;
5644;Totaal;Genemuiden;2007;;;;;;;;;;;;;;;
5645;Totaal;Genemuiden;2008;;;;;;;;;;;;;;;
5646;Totaal;Genemuiden;2009;;;;;;;;;;;;;;;
5647;Totaal;Genemuiden;2010;;;;;;;;;;;;;;;
5648;Totaal;Genemuiden;2011;;;;;;;;;;;;;;;
5649;Totaal;Genemuiden;2012;;;;;;;;;;;;;;;
5650;Totaal;Genemuiden;2013;;;;;;;;;;;;;;;
5651;Totaal;Genemuiden;2014;;;;;;;;;;;;;;;
5652;Totaal;Genemuiden;2015;;;;;;;;;;;;;;;
5653;Totaal;Genemuiden;2016;;;;;;;;;;;;;;;
5654;Totaal;Gennep;1995;16795.5;8641.0;8154.5;7791.5;4381.0;3410.5;7695.5;3859.0;3836.5;760.0;132.5;627.5;548.5;268.5;280.0
5655;Totaal;Gennep;1996;16839.0;8669.5;8169.5;7819.5;4412.5;3407.0;7685.5;3850.0;3835.5;775.5;136.0;639.5;558.5;271.0;287.5
5656;Totaal;Gennep;1997;16868.0;8703.0;8165.0;7810.5;4435.5;3375.0;7696.0;3853.5;3842.5;792.0;142.5;649.5;569.5;271.5;298.0
5657;Totaal;Gennep;1998;16818.5;8684.0;8134.5;7688.5;4392.5;3296.0;7724.5;3868.5;3856.0;809.0;141.5;667.5;596.5;281.5;315.0
5658;Totaal;Gennep;1999;16790.0;8656.5;8133.5;7599.5;4339.5;3260.0;7733.0;3871.5;3861.5;822.0;141.0;681.0;635.5;304.5;331.0
5659;Totaal;Gennep;2000;16816.5;8670.0;8146.5;7601.5;4339.5;3262.0;7727.5;3867.5;3860.0;835.0;144.5;690.5;652.5;318.5;334.0
5660;Totaal;Gennep;2001;16834.5;8671.5;8163.0;7613.0;4343.0;3270.0;7705.0;3856.0;3849.0;854.5;150.5;704.0;662.0;322.0;340.0
5661;Totaal;Gennep;2002;16857.0;8663.0;8194.0;7642.0;4346.0;3296.0;7678.5;3839.5;3839.0;853.0;150.5;702.5;683.5;327.0;356.5
5662;Totaal;Gennep;2003;16810.5;8617.5;8193.0;7602.0;4309.5;3292.5;7641.5;3817.0;3824.5;853.5;152.5;701.0;713.5;338.5;375.0
5663;Totaal;Gennep;2004;16788.5;8603.0;8185.5;7563.0;4285.5;3277.5;7601.5;3796.0;3805.5;874.5;167.0;707.5;749.5;354.5;395.0
5664;Totaal;Gennep;2005;16782.5;8609.0;8173.5;7560.5;4288.0;3272.5;7542.0;3767.0;3775.0;895.5;180.5;715.0;784.5;373.5;411.0
5665;Totaal;Gennep;2006;16802.5;8605.0;8197.5;7586.0;4281.0;3305.0;7495.5;3747.0;3748.5;908.0;187.0;721.0;813.0;390.0;423.0
5666;Totaal;Gennep;2007;16876.5;8628.0;8248.5;7643.5;4289.5;3354.0;7488.5;3745.5;3743.0;911.5;191.5;720.0;833.0;401.5;431.5
5667;Totaal;Gennep;2008;16995.5;8687.0;8308.5;7717.0;4323.5;3393.5;7505.0;3756.0;3749.0;905.0;190.0;715.0;868.5;417.5;451.0
5668;Totaal;Gennep;2009;17127.0;8747.0;8380.0;7762.0;4345.0;3417.0;7562.5;3786.5;3776.0;887.5;183.5;704.0;915.0;432.0;483.0
5669;Totaal;Gennep;2010;17268.0;8830.5;8437.5;7833.0;4395.0;3438.0;7594.0;3799.0;3795.0;892.0;191.5;700.5;949.0;445.0;504.0
5670;Totaal;Gennep;2011;17375.0;8887.0;8488.0;7903.0;4433.0;3470.0;7593.5;3795.0;3798.5;909.5;202.5;707.0;969.0;456.5;512.5
5671;Totaal;Gennep;2012;17343.0;8856.0;8487.0;7866.0;4397.5;3468.5;7584.0;3789.5;3794.5;907.5;201.5;706.0;985.5;467.5;518.0
5672;Totaal;Gennep;2013;17302.5;8828.0;8474.5;7849.5;4375.0;3474.5;7528.5;3762.5;3766.0;911.0;205.0;706.0;1013.5;485.5;528.0
5673;Totaal;Gennep;2014;17283.0;8812.0;8471.0;7843.0;4367.0;3476.0;7466.5;3727.0;3739.5;927.5;214.0;713.5;1046.0;504.0;542.0
5674;Totaal;Gennep;2015;17182.5;8773.5;8409.0;7786.0;4354.0;3432.0;7383.5;3680.5;3703.0;937.0;220.5;716.5;1076.0;518.5;557.5
5675;Totaal;Gennep;2016;17107.0;8740.5;8366.5;7749.5;4341.0;3408.5;7306.5;3645.5;3661.0;949.0;227.0;722.0;1102.0;527.0;575.0
5676;Totaal;Giessenlanden;1995;14118.0;7108.5;7009.5;5814.5;3151.0;2663.5;7362.0;3682.0;3680.0;624.0;127.0;497.0;317.5;148.5;169.0
5677;Totaal;Giessenlanden;1996;14118.5;7122.5;6996.0;5782.0;3147.0;2635.0;7368.0;3684.5;3683.5;627.5;132.0;495.5;341.0;159.0;182.0
5678;Totaal;Giessenlanden;1997;14107.5;7125.0;6982.5;5747.5;3138.5;2609.0;7376.5;3690.0;3686.5;633.0;135.5;497.5;350.5;161.0;189.5
5679;Totaal;Giessenlanden;1998;14083.5;7102.5;6981.0;5719.5;3118.5;2601.0;7365.5;3684.5;3681.0;630.5;134.0;496.5;368.0;165.5;202.5
5680;Totaal;Giessenlanden;1999;14120.0;7111.0;7009.0;5707.0;3109.5;2597.5;7398.0;3697.5;3700.5;635.5;131.5;504.0;379.5;172.5;207.0
5681;Totaal;Giessenlanden;2000;14178.0;7132.0;7046.0;5726.0;3121.5;2604.5;7415.5;3705.0;3710.5;646.0;127.0;519.0;390.5;178.5;212.0
5682;Totaal;Giessenlanden;2001;14217.5;7149.5;7068.0;5762.5;3135.5;2627.0;7400.0;3698.0;3702.0;639.0;124.5;514.5;416.0;191.5;224.5
5683;Totaal;Giessenlanden;2002;14299.0;7200.5;7098.5;5842.5;3176.0;2666.5;7391.0;3693.5;3697.5;634.0;127.5;506.5;431.5;203.5;228.0
5684;Totaal;Giessenlanden;2003;14350.0;7236.5;7113.5;5899.0;3212.5;2686.5;7356.0;3674.5;3681.5;646.0;136.0;510.0;449.0;213.5;235.5
5685;Totaal;Giessenlanden;2004;14397.5;7272.0;7125.5;5930.5;3237.0;2693.5;7335.0;3663.0;3672.0;656.5;144.0;512.5;475.5;228.0;247.5
5686;Totaal;Giessenlanden;2005;14466.5;7310.5;7156.0;5963.5;3252.5;2711.0;7353.5;3672.5;3681.0;652.5;144.0;508.5;497.0;241.5;255.5
5687;Totaal;Giessenlanden;2006;14476.5;7313.5;7163.0;5960.5;3248.5;2712.0;7354.0;3675.0;3679.0;654.0;146.5;507.5;508.0;243.5;264.5
5688;Totaal;Giessenlanden;2007;14439.0;7295.5;7143.5;5950.0;3249.0;2701.0;7313.5;3656.0;3657.5;661.5;148.5;513.0;514.0;242.0;272.0
5689;Totaal;Giessenlanden;2008;14416.5;7287.0;7129.5;5956.0;3255.0;2701.0;7266.0;3635.5;3630.5;671.0;151.5;519.5;523.5;245.0;278.5
5690;Totaal;Giessenlanden;2009;14431.0;7321.0;7110.0;5942.0;3260.5;2681.5;7260.5;3634.0;3626.5;672.5;160.5;512.0;556.0;266.0;290.0
5691;Totaal;Giessenlanden;2010;14439.0;7339.0;7100.0;5911.5;3249.0;2662.5;7272.0;3640.5;3631.5;662.5;163.0;499.5;593.0;286.5;306.5
5692;Totaal;Giessenlanden;2011;14467.5;7352.0;7115.5;5921.0;3251.5;2669.5;7264.5;3638.5;3626.0;658.0;160.5;497.5;624.0;301.5;322.5
5693;Totaal;Giessenlanden;2012;14487.0;7366.0;7121.0;5919.5;3257.0;2662.5;7259.0;3637.0;3622.0;658.5;157.5;501.0;650.0;314.5;335.5
5694;Totaal;Giessenlanden;2013;14454.0;7348.0;7106.0;5892.0;3250.0;2642.0;7229.5;3620.5;3609.0;665.0;157.0;508.0;667.5;320.5;347.0
5695;Totaal;Giessenlanden;2014;14453.0;7349.5;7103.5;5896.0;3264.5;2631.5;7178.5;3593.5;3585.0;672.5;156.5;516.0;706.0;335.0;371.0
5696;Totaal;Giessenlanden;2015;14504.0;7378.0;7126.0;5937.0;3294.0;2643.0;7142.5;3577.0;3565.5;681.5;157.5;524.0;743.0;349.5;393.5
5697;Totaal;Giessenlanden;2016;14570.0;7401.5;7168.5;5980.5;3310.5;2670.0;7140.0;3573.5;3566.5;685.5;159.5;526.0;764.0;358.0;406.0
5698;Totaal;Gieten;1995;6039.5;2997.0;3042.5;2205.0;1210.5;994.5;3231.0;1616.0;1615.0;433.5;88.5;345.0;170.0;82.0;88.0
5699;Totaal;Gieten;1996;6065.0;2999.5;3065.5;2219.5;1214.0;1005.5;3229.5;1614.0;1615.5;432.0;85.0;347.0;184.0;86.5;97.5
5700;Totaal;Gieten;1997;6087.5;2997.5;3090.0;2226.0;1211.5;1014.5;3225.0;1611.0;1614.0;444.5;88.0;356.5;192.0;87.0;105.0
5701;Totaal;Gieten;1998;;;;;;;;;;;;;;;
5702;Totaal;Gieten;1999;;;;;;;;;;;;;;;
5703;Totaal;Gieten;2000;;;;;;;;;;;;;;;
5704;Totaal;Gieten;2001;;;;;;;;;;;;;;;
5705;Totaal;Gieten;2002;;;;;;;;;;;;;;;
5706;Totaal;Gieten;2003;;;;;;;;;;;;;;;
5707;Totaal;Gieten;2004;;;;;;;;;;;;;;;
5708;Totaal;Gieten;2005;;;;;;;;;;;;;;;
5709;Totaal;Gieten;2006;;;;;;;;;;;;;;;
5710;Totaal;Gieten;2007;;;;;;;;;;;;;;;
5711;Totaal;Gieten;2008;;;;;;;;;;;;;;;
5712;Totaal;Gieten;2009;;;;;;;;;;;;;;;
5713;Totaal;Gieten;2010;;;;;;;;;;;;;;;
5714;Totaal;Gieten;2011;;;;;;;;;;;;;;;
5715;Totaal;Gieten;2012;;;;;;;;;;;;;;;
5716;Totaal;Gieten;2013;;;;;;;;;;;;;;;
5717;Totaal;Gieten;2014;;;;;;;;;;;;;;;
5718;Totaal;Gieten;2015;;;;;;;;;;;;;;;
5719;Totaal;Gieten;2016;;;;;;;;;;;;;;;
5720;Totaal;Gilze en Rijen;1995;23748.0;12038.0;11710.0;9610.5;5316.5;4294.0;12292.5;6151.0;6141.5;1071.0;201.5;869.5;774.0;369.0;405.0
5721;Totaal;Gilze en Rijen;1996;23926.5;12111.0;11815.5;9697.0;5360.0;4337.0;12280.0;6142.5;6137.5;1109.5;211.5;898.0;840.0;397.0;443.0
5722;Totaal;Gilze en Rijen;1997;23826.5;12046.0;11780.5;9663.5;5339.5;4324.0;12164.5;6079.0;6085.5;1117.5;217.0;900.5;881.0;410.5;470.5
5723;Totaal;Gilze en Rijen;1998;23938.0;12096.5;11841.5;9693.5;5349.5;4344.0;12182.5;6088.0;6094.5;1119.0;224.5;894.5;943.0;434.5;508.5
5724;Totaal;Gilze en Rijen;1999;24133.5;12197.5;11936.0;9769.5;5386.0;4383.5;12252.0;6123.0;6129.0;1127.5;235.0;892.5;984.5;453.5;531.0
5725;Totaal;Gilze en Rijen;2000;24392.5;12328.0;12064.5;9855.0;5431.5;4423.5;12366.0;6179.0;6187.0;1148.0;241.5;906.5;1023.5;476.0;547.5
5726;Totaal;Gilze en Rijen;2001;24640.5;12448.5;12192.0;9940.0;5476.0;4464.0;12449.5;6221.0;6228.5;1165.5;244.5;921.0;1085.5;507.0;578.5
5727;Totaal;Gilze en Rijen;2002;24815.5;12536.5;12279.0;10046.5;5528.5;4518.0;12486.0;6243.5;6242.5;1170.0;246.0;924.0;1113.0;518.5;594.5
5728;Totaal;Gilze en Rijen;2003;24993.5;12610.5;12383.0;10154.0;5568.5;4585.5;12543.5;6275.0;6268.5;1183.0;253.5;929.5;1113.0;513.5;599.5
5729;Totaal;Gilze en Rijen;2004;25144.5;12686.5;12458.0;10246.5;5617.0;4629.5;12546.5;6272.0;6274.5;1209.0;274.0;935.0;1142.5;523.5;619.0
5730;Totaal;Gilze en Rijen;2005;25231.0;12767.5;12463.5;10324.0;5687.0;4637.0;12495.5;6246.0;6249.5;1219.0;284.0;935.0;1192.5;550.5;642.0
5731;Totaal;Gilze en Rijen;2006;25321.0;12836.5;12484.5;10409.5;5753.0;4656.5;12460.0;6230.5;6229.5;1210.0;278.0;932.0;1241.5;575.0;666.5
5732;Totaal;Gilze en Rijen;2007;25510.0;12923.5;12586.5;10569.0;5839.5;4729.5;12425.5;6212.0;6213.5;1218.0;275.5;942.5;1297.5;596.5;701.0
5733;Totaal;Gilze en Rijen;2008;25716.5;13030.5;12686.0;10759.0;5949.0;4810.0;12357.0;6177.5;6179.5;1243.5;281.5;962.0;1357.0;622.5;734.5
5734;Totaal;Gilze en Rijen;2009;25882.0;13151.5;12730.5;10889.5;6049.5;4840.0;12318.5;6159.0;6159.5;1253.5;291.5;962.0;1420.5;651.5;769.0
5735;Totaal;Gilze en Rijen;2010;25869.5;13133.5;12736.0;10839.5;6014.5;4825.0;12292.0;6141.0;6151.0;1248.5;293.0;955.5;1489.5;685.0;804.5
5736;Totaal;Gilze en Rijen;2011;25676.5;12963.5;12713.0;10648.5;5855.0;4793.5;12229.0;6107.0;6122.0;1257.0;289.0;968.0;1542.0;712.5;829.5
5737;Totaal;Gilze en Rijen;2012;25723.5;12950.5;12773.0;10680.0;5843.0;4837.0;12168.5;6083.5;6085.0;1283.0;297.0;986.0;1592.0;727.0;865.0
5738;Totaal;Gilze en Rijen;2013;25963.5;13043.0;12920.5;10910.0;5945.5;4964.5;12103.0;6052.0;6051.0;1299.0;307.5;991.5;1651.5;738.0;913.5
5739;Totaal;Gilze en Rijen;2014;26067.0;13060.0;13007.0;11042.0;5993.5;5048.5;12009.5;6001.5;6008.0;1299.0;307.5;991.5;1716.5;757.5;959.0
5740;Totaal;Gilze en Rijen;2015;26108.5;13079.0;13029.5;11095.5;6022.5;5073.0;11927.0;5963.5;5963.5;1302.0;309.0;993.0;1784.0;784.0;1000.0
5741;Totaal;Gilze en Rijen;2016;26186.0;13120.0;13066.0;11173.0;6063.5;5109.5;11862.0;5933.5;5928.5;1316.0;313.0;1003.0;1835.0;810.0;1025.0
5742;Totaal;Goedereede;1995;10923.0;5445.5;5477.5;4292.0;2329.0;1963.0;5786.0;2893.0;2893.0;607.0;110.5;496.5;238.0;113.0;125.0
5743;Totaal;Goedereede;1996;10969.5;5463.0;5506.5;4300.5;2333.5;1967.0;5819.5;2909.0;2910.5;607.5;106.0;501.5;242.0;114.5;127.5
5744;Totaal;Goedereede;1997;11053.0;5500.0;5553.0;4319.0;2341.0;1978.0;5872.5;2935.5;2937.0;610.0;103.0;507.0;251.5;120.5;131.0
5745;Totaal;Goedereede;1998;11141.5;5533.5;5608.0;4341.0;2347.5;1993.5;5918.0;2958.5;2959.5;616.5;102.0;514.5;266.0;125.5;140.5
5746;Totaal;Goedereede;1999;11191.5;5544.0;5647.5;4346.0;2342.5;2003.5;5937.0;2969.0;2968.0;625.5;101.0;524.5;283.0;131.5;151.5
5747;Totaal;Goedereede;2000;11241.0;5563.0;5678.0;4345.5;2338.5;2007.0;5961.5;2980.5;2981.0;638.0;103.5;534.5;296.0;140.5;155.5
5748;Totaal;Goedereede;2001;11315.5;5597.5;5718.0;4373.0;2350.5;2022.5;5981.0;2990.0;2991.0;645.0;107.0;538.0;316.5;150.0;166.5
5749;Totaal;Goedereede;2002;11427.0;5659.0;5768.0;4431.5;2382.0;2049.5;6014.0;3008.5;3005.5;648.5;112.5;536.0;333.0;156.0;177.0
5750;Totaal;Goedereede;2003;11517.5;5701.5;5816.0;4473.0;2397.0;2076.0;6048.5;3024.5;3024.0;655.0;119.5;535.5;341.0;160.5;180.5
5751;Totaal;Goedereede;2004;11567.5;5720.5;5847.0;4515.0;2413.0;2102.0;6038.5;3017.5;3021.0;666.0;127.0;539.0;348.0;163.0;185.0
5752;Totaal;Goedereede;2005;11611.0;5752.5;5858.5;4563.5;2447.0;2116.5;6026.5;3013.0;3013.5;669.5;129.5;540.0;351.5;163.0;188.5
5753;Totaal;Goedereede;2006;11638.5;5770.5;5868.0;4585.0;2464.5;2120.5;6026.0;3014.5;3011.5;675.5;128.5;547.0;352.0;163.0;189.0
5754;Totaal;Goedereede;2007;11617.5;5762.0;5855.5;4584.5;2470.0;2114.5;5994.0;2996.0;2998.0;687.5;133.5;554.0;351.5;162.5;189.0
5755;Totaal;Goedereede;2008;11547.0;5730.0;5817.0;4546.5;2451.0;2095.5;5955.5;2975.5;2980.0;688.0;140.0;548.0;357.0;163.5;193.5
5756;Totaal;Goedereede;2009;11462.5;5687.0;5775.5;4470.0;2407.0;2063.0;5917.5;2958.5;2959.0;691.0;145.0;546.0;384.0;176.5;207.5
5757;Totaal;Goedereede;2010;11414.5;5650.0;5764.5;4411.5;2370.5;2041.0;5898.0;2948.0;2950.0;698.5;145.5;553.0;406.5;186.0;220.5
5758;Totaal;Goedereede;2011;11394.5;5628.5;5766.0;4389.5;2358.0;2031.5;5883.0;2942.0;2941.0;708.5;145.0;563.5;413.5;183.5;230.0
5759;Totaal;Goedereede;2012;11354.5;5610.5;5744.0;4365.5;2353.5;2012.0;5847.5;2925.5;2922.0;716.0;145.0;571.0;425.5;186.5;239.0
5760;Totaal;Goedereede;2013;;;;;;;;;;;;;;;
5761;Totaal;Goedereede;2014;;;;;;;;;;;;;;;
5762;Totaal;Goedereede;2015;;;;;;;;;;;;;;;
5763;Totaal;Goedereede;2016;;;;;;;;;;;;;;;
5764;Totaal;Goeree-Overflakkee;1995;;;;;;;;;;;;;;;
5765;Totaal;Goeree-Overflakkee;1996;;;;;;;;;;;;;;;
5766;Totaal;Goeree-Overflakkee;1997;;;;;;;;;;;;;;;
5767;Totaal;Goeree-Overflakkee;1998;;;;;;;;;;;;;;;
5768;Totaal;Goeree-Overflakkee;1999;;;;;;;;;;;;;;;
5769;Totaal;Goeree-Overflakkee;2000;;;;;;;;;;;;;;;
5770;Totaal;Goeree-Overflakkee;2001;;;;;;;;;;;;;;;
5771;Totaal;Goeree-Overflakkee;2002;;;;;;;;;;;;;;;
5772;Totaal;Goeree-Overflakkee;2003;;;;;;;;;;;;;;;
5773;Totaal;Goeree-Overflakkee;2004;;;;;;;;;;;;;;;
5774;Totaal;Goeree-Overflakkee;2005;;;;;;;;;;;;;;;
5775;Totaal;Goeree-Overflakkee;2006;;;;;;;;;;;;;;;
5776;Totaal;Goeree-Overflakkee;2007;;;;;;;;;;;;;;;
5777;Totaal;Goeree-Overflakkee;2008;;;;;;;;;;;;;;;
5778;Totaal;Goeree-Overflakkee;2009;;;;;;;;;;;;;;;
5779;Totaal;Goeree-Overflakkee;2010;;;;;;;;;;;;;;;
5780;Totaal;Goeree-Overflakkee;2011;;;;;;;;;;;;;;;
5781;Totaal;Goeree-Overflakkee;2012;;;;;;;;;;;;;;;
5782;Totaal;Goeree-Overflakkee;2013;48252.0;23870.0;24382.0;18959.5;10214.5;8745.0;23930.0;11958.0;11972.0;2857.0;550.0;2307.0;2505.5;1147.5;1358.0
5783;Totaal;Goeree-Overflakkee;2014;48225.5;23855.5;24370.0;18921.0;10188.5;8732.5;23825.5;11905.5;11920.0;2859.5;564.0;2295.5;2619.5;1197.5;1422.0
5784;Totaal;Goeree-Overflakkee;2015;48263.5;23872.5;24391.0;18963.0;10196.0;8767.0;23679.0;11833.5;11845.5;2871.0;586.0;2285.0;2750.5;1257.0;1493.5
5785;Totaal;Goeree-Overflakkee;2016;48487.0;23965.0;24522.0;19071.5;10232.0;8839.5;23657.5;11825.0;11832.5;2868.5;590.0;2278.5;2889.5;1318.0;1571.5
5786;Totaal;Goes;1995;33781.0;16414.5;17366.5;13934.0;7371.0;6563.0;15890.5;7930.0;7960.5;2249.0;425.5;1823.5;1707.5;688.0;1019.5
5787;Totaal;Goes;1996;34163.0;16596.5;17566.5;14124.0;7467.0;6657.0;16059.0;8011.0;8048.0;2230.5;418.0;1812.5;1749.5;700.5;1049.0
5788;Totaal;Goes;1997;34643.5;16822.0;17821.5;14337.0;7578.0;6759.0;16246.5;8106.5;8140.0;2258.5;421.0;1837.5;1801.5;716.5;1085.0
5789;Totaal;Goes;1998;35170.0;17074.5;18095.5;14547.0;7687.0;6860.0;16447.5;8220.0;8227.5;2273.5;418.5;1855.0;1902.0;749.0;1153.0
5790;Totaal;Goes;1999;35574.5;17255.0;18319.5;14698.0;7760.0;6938.0;16601.0;8298.5;8302.5;2290.5;415.5;1875.0;1985.0;781.0;1204.0
5791;Totaal;Goes;2000;35860.5;17377.0;18483.5;14883.5;7855.0;7028.5;16615.0;8305.0;8310.0;2340.0;409.5;1930.5;2022.0;807.5;1214.5
5792;Totaal;Goes;2001;36000.0;17451.0;18549.0;15069.0;7956.0;7113.0;16526.0;8262.5;8263.5;2347.5;405.0;1942.5;2057.5;827.5;1230.0
5793;Totaal;Goes;2002;36149.0;17523.0;18626.0;15184.0;8014.5;7169.5;16529.0;8263.5;8265.5;2329.0;403.0;1926.0;2107.0;842.0;1265.0
5794;Totaal;Goes;2003;36421.0;17656.5;18764.5;15312.5;8085.0;7227.5;16618.0;8311.5;8306.5;2329.0;401.0;1928.0;2161.5;859.0;1302.5
5795;Totaal;Goes;2004;36687.0;17800.5;18886.5;15486.0;8182.5;7303.5;16643.5;8325.0;8318.5;2350.0;405.5;1944.5;2207.5;887.5;1320.0
5796;Totaal;Goes;2005;36736.5;17835.5;18901.0;15571.5;8231.0;7340.5;16542.0;8273.0;8269.0;2366.5;417.5;1949.0;2256.5;914.0;1342.5
5797;Totaal;Goes;2006;36645.0;17804.5;18840.5;15567.5;8233.0;7334.5;16416.0;8207.0;8209.0;2368.0;430.5;1937.5;2293.5;934.0;1359.5
5798;Totaal;Goes;2007;36653.0;17841.0;18812.0;15598.0;8262.0;7336.0;16356.0;8183.0;8173.0;2353.0;435.5;1917.5;2346.0;960.5;1385.5
5799;Totaal;Goes;2008;36730.0;17894.5;18835.5;15662.0;8315.0;7347.0;16296.0;8160.0;8136.0;2360.5;439.5;1921.0;2411.5;980.0;1431.5
5800;Totaal;Goes;2009;36679.5;17857.0;18822.5;15530.5;8260.0;7270.5;16217.0;8115.0;8102.0;2382.0;450.0;1932.0;2550.0;1032.0;1518.0
5801;Totaal;Goes;2010;36635.0;17850.0;18785.0;15420.5;8223.0;7197.5;16156.5;8080.0;8076.5;2344.5;458.0;1886.5;2713.5;1089.0;1624.5
5802;Totaal;Goes;2011;36793.0;17966.5;18826.5;15561.0;8313.0;7248.0;16123.0;8068.5;8054.5;2294.5;461.5;1833.0;2814.5;1123.5;1691.0
5803;Totaal;Goes;2012;36946.0;18069.5;18876.5;15688.0;8392.0;7296.0;16071.5;8050.5;8021.0;2267.5;463.0;1804.5;2919.0;1164.0;1755.0
5804;Totaal;Goes;2013;36962.5;18064.5;18898.0;15753.0;8425.5;7327.5;15948.5;7986.5;7962.0;2261.0;458.5;1802.5;3000.0;1194.0;1806.0
5805;Totaal;Goes;2014;37053.5;18106.0;18947.5;15845.0;8463.5;7381.5;15866.0;7940.0;7926.0;2268.0;468.0;1800.0;3074.5;1234.5;1840.0
5806;Totaal;Goes;2015;37180.0;18214.0;18966.0;15901.0;8504.0;7397.0;15855.5;7937.5;7918.0;2257.0;487.5;1769.5;3166.5;1285.0;1881.5
5807;Totaal;Goes;2016;37240.5;18263.0;18977.5;15900.0;8501.5;7398.5;15865.5;7941.5;7924.0;2237.5;501.0;1736.5;3237.5;1319.0;1918.5
5808;Totaal;Goirle;1995;19388.0;9628.5;9759.5;8112.0;4269.0;3843.0;9780.5;4887.5;4893.0;837.0;186.5;650.5;658.5;285.5;373.0
5809;Totaal;Goirle;1996;19606.0;9716.5;9889.5;8193.0;4300.5;3892.5;9846.0;4918.0;4928.0;859.5;195.5;664.0;707.5;302.5;405.0
5810;Totaal;Goirle;1997;22114.0;10995.5;11118.5;9180.0;4856.5;4323.5;11171.0;5581.0;5590.0;978.5;228.5;750.0;784.5;329.5;455.0
5811;Totaal;Goirle;1998;22219.5;11056.0;11163.5;9182.0;4879.5;4302.5;11208.0;5603.0;5605.0;996.0;229.0;767.0;833.5;344.5;489.0
5812;Totaal;Goirle;1999;22305.0;11112.5;11192.5;9148.5;4886.5;4262.0;11260.0;5627.0;5633.0;1001.5;227.0;774.5;895.0;372.0;523.0
5813;Totaal;Goirle;2000;22355.5;11144.5;11211.0;9148.5;4908.0;4240.5;11237.0;5611.0;5626.0;1031.0;234.0;797.0;939.0;391.5;547.5
5814;Totaal;Goirle;2001;22453.0;11191.5;11261.5;9216.0;4942.5;4273.5;11195.5;5592.5;5603.0;1065.0;253.0;812.0;976.5;403.5;573.0
5815;Totaal;Goirle;2002;22513.5;11190.0;11323.5;9283.5;4943.0;4340.5;11142.0;5567.0;5575.0;1076.5;260.5;816.0;1011.5;419.5;592.0
5816;Totaal;Goirle;2003;22544.0;11184.5;11359.5;9301.0;4939.5;4361.5;11112.0;5550.0;5562.0;1086.0;255.0;831.0;1045.0;440.0;605.0
5817;Totaal;Goirle;2004;22485.0;11184.5;11300.5;9224.0;4929.0;4295.0;11079.5;5535.0;5544.5;1096.5;259.0;837.5;1085.0;461.5;623.5
5818;Totaal;Goirle;2005;22269.0;11081.5;11187.5;9084.5;4865.5;4219.0;10980.5;5489.0;5491.5;1086.5;258.0;828.5;1117.5;469.0;648.5
5819;Totaal;Goirle;2006;22115.0;10996.5;11118.5;8992.5;4813.5;4179.0;10902.5;5452.0;5450.5;1084.0;255.0;829.0;1136.0;476.0;660.0
5820;Totaal;Goirle;2007;22201.5;11035.0;11166.5;9033.5;4828.0;4205.5;10888.5;5446.0;5442.5;1110.0;260.5;849.5;1169.5;500.5;669.0
5821;Totaal;Goirle;2008;22392.5;11112.5;11280.0;9124.5;4863.5;4261.0;10942.0;5471.5;5470.5;1130.5;267.5;863.0;1195.5;510.0;685.5
5822;Totaal;Goirle;2009;22613.5;11211.5;11402.0;9197.0;4906.0;4291.0;11004.0;5496.5;5507.5;1152.0;275.5;876.5;1260.5;533.5;727.0
5823;Totaal;Goirle;2010;22784.0;11294.5;11489.5;9248.5;4941.0;4307.5;11031.5;5509.5;5522.0;1178.0;281.5;896.5;1326.0;562.5;763.5
5824;Totaal;Goirle;2011;22806.0;11308.5;11497.5;9257.5;4967.5;4290.0;10988.0;5489.5;5498.5;1202.0;280.5;921.5;1358.5;571.0;787.5
5825;Totaal;Goirle;2012;22869.0;11328.5;11540.5;9309.5;4998.5;4311.0;10939.0;5463.0;5476.0;1216.5;277.0;939.5;1404.0;590.0;814.0
5826;Totaal;Goirle;2013;23015.5;11387.5;11628.0;9400.0;5036.0;4364.0;10944.5;5465.5;5479.0;1225.5;279.0;946.5;1445.5;607.0;838.5
5827;Totaal;Goirle;2014;23056.0;11418.5;11637.5;9414.0;5054.5;4359.5;10899.5;5446.0;5453.5;1231.5;284.0;947.5;1511.0;634.0;877.0
5828;Totaal;Goirle;2015;23062.5;11423.5;11639.0;9454.5;5069.0;4385.5;10813.5;5402.0;5411.5;1228.5;292.0;936.5;1566.0;660.5;905.5
5829;Totaal;Goirle;2016;23214.0;11492.0;11722.0;9619.5;5161.0;4458.5;10766.5;5369.5;5397.0;1238.5;296.0;942.5;1589.5;665.5;924.0
5830;Totaal;Gooise Meren;1995;;;;;;;;;;;;;;;
5831;Totaal;Gooise Meren;1996;;;;;;;;;;;;;;;
5832;Totaal;Gooise Meren;1997;;;;;;;;;;;;;;;
5833;Totaal;Gooise Meren;1998;;;;;;;;;;;;;;;
5834;Totaal;Gooise Meren;1999;;;;;;;;;;;;;;;
5835;Totaal;Gooise Meren;2000;;;;;;;;;;;;;;;
5836;Totaal;Gooise Meren;2001;;;;;;;;;;;;;;;
5837;Totaal;Gooise Meren;2002;;;;;;;;;;;;;;;
5838;Totaal;Gooise Meren;2003;;;;;;;;;;;;;;;
5839;Totaal;Gooise Meren;2004;;;;;;;;;;;;;;;
5840;Totaal;Gooise Meren;2005;;;;;;;;;;;;;;;
5841;Totaal;Gooise Meren;2006;;;;;;;;;;;;;;;
5842;Totaal;Gooise Meren;2007;;;;;;;;;;;;;;;
5843;Totaal;Gooise Meren;2008;;;;;;;;;;;;;;;
5844;Totaal;Gooise Meren;2009;;;;;;;;;;;;;;;
5845;Totaal;Gooise Meren;2010;;;;;;;;;;;;;;;
5846;Totaal;Gooise Meren;2011;;;;;;;;;;;;;;;
5847;Totaal;Gooise Meren;2012;;;;;;;;;;;;;;;
5848;Totaal;Gooise Meren;2013;;;;;;;;;;;;;;;
5849;Totaal;Gooise Meren;2014;;;;;;;;;;;;;;;
5850;Totaal;Gooise Meren;2015;;;;;;;;;;;;;;;
5851;Totaal;Gooise Meren;2016;56815.5;27338.0;29477.5;26941.0;13854.0;13087.0;21833.0;10897.5;10935.5;3282.0;691.0;2591.0;4759.5;1895.5;2864.0
5852;Totaal;Goor;1995;12293.0;6125.0;6168.0;4854.0;2691.5;2162.5;6169.5;3085.5;3084.0;867.0;162.0;705.0;402.5;186.0;216.5
5853;Totaal;Goor;1996;12312.5;6127.5;6185.0;4844.5;2688.0;2156.5;6184.0;3093.5;3090.5;871.0;161.5;709.5;413.0;184.5;228.5
5854;Totaal;Goor;1997;12339.5;6111.5;6228.0;4849.5;2674.5;2175.0;6204.0;3102.5;3101.5;868.0;155.0;713.0;418.0;179.5;238.5
5855;Totaal;Goor;1998;12336.0;6098.0;6238.0;4859.5;2670.5;2189.0;6188.5;3093.5;3095.0;851.0;151.5;699.5;437.0;182.5;254.5
5856;Totaal;Goor;1999;12348.5;6123.0;6225.5;4887.5;2706.0;2181.5;6157.5;3078.0;3079.5;847.5;151.0;696.5;456.0;188.0;268.0
5857;Totaal;Goor;2000;12356.0;6150.5;6205.5;4918.5;2741.5;2177.0;6107.5;3055.0;3052.5;849.5;149.5;700.0;480.5;204.5;276.0
5858;Totaal;Goor;2001;;;;;;;;;;;;;;;
5859;Totaal;Goor;2002;;;;;;;;;;;;;;;
5860;Totaal;Goor;2003;;;;;;;;;;;;;;;
5861;Totaal;Goor;2004;;;;;;;;;;;;;;;
5862;Totaal;Goor;2005;;;;;;;;;;;;;;;
5863;Totaal;Goor;2006;;;;;;;;;;;;;;;
5864;Totaal;Goor;2007;;;;;;;;;;;;;;;
5865;Totaal;Goor;2008;;;;;;;;;;;;;;;
5866;Totaal;Goor;2009;;;;;;;;;;;;;;;
5867;Totaal;Goor;2010;;;;;;;;;;;;;;;
5868;Totaal;Goor;2011;;;;;;;;;;;;;;;
5869;Totaal;Goor;2012;;;;;;;;;;;;;;;
5870;Totaal;Goor;2013;;;;;;;;;;;;;;;
5871;Totaal;Goor;2014;;;;;;;;;;;;;;;
5872;Totaal;Goor;2015;;;;;;;;;;;;;;;
5873;Totaal;Goor;2016;;;;;;;;;;;;;;;
5874;Totaal;Gorinchem;1995;31877.5;15563.0;16314.5;13330.0;7072.5;6257.5;14689.5;7368.0;7321.5;2051.0;348.0;1703.0;1807.0;774.5;1032.5
5875;Totaal;Gorinchem;1996;32319.5;15759.0;16560.5;13547.0;7170.0;6377.0;14834.5;7435.5;7399.0;2068.5;358.0;1710.5;1869.5;795.5;1074.0
5876;Totaal;Gorinchem;1997;32613.5;15896.0;16717.5;13694.5;7245.0;6449.5;14929.0;7480.5;7448.5;2068.5;361.0;1707.5;1921.5;809.5;1112.0
5877;Totaal;Gorinchem;1998;32951.0;16067.0;16884.0;13897.5;7346.5;6551.0;15037.0;7536.5;7500.5;2016.5;351.0;1665.5;2000.0;833.0;1167.0
5878;Totaal;Gorinchem;1999;33425.0;16333.0;17092.0;14194.0;7520.5;6673.5;15192.5;7621.5;7571.0;1994.0;350.0;1644.0;2044.5;841.0;1203.5
5879;Totaal;Gorinchem;2000;33798.0;16561.5;17236.5;14467.5;7688.5;6779.0;15252.5;7658.5;7594.0;2010.5;361.5;1649.0;2067.5;853.0;1214.5
5880;Totaal;Gorinchem;2001;34159.0;16777.0;17382.0;14817.0;7895.5;6921.5;15165.0;7610.0;7555.0;2007.0;371.5;1635.5;2170.0;900.0;1270.0
5881;Totaal;Gorinchem;2002;34416.5;16923.5;17493.0;15115.5;8069.5;7046.0;15028.5;7538.5;7490.0;2022.5;383.0;1639.5;2250.0;932.5;1317.5
5882;Totaal;Gorinchem;2003;34566.0;16998.0;17568.0;15313.5;8166.0;7147.5;14958.5;7507.5;7451.0;2034.5;391.5;1643.0;2259.5;933.0;1326.5
5883;Totaal;Gorinchem;2004;34487.5;16948.0;17539.5;15362.0;8181.0;7181.0;14834.5;7439.0;7395.5;2016.5;389.5;1627.0;2274.5;938.5;1336.0
5884;Totaal;Gorinchem;2005;34301.0;16851.0;17450.0;15277.0;8131.5;7145.5;14726.5;7381.0;7345.5;1990.0;384.5;1605.5;2307.5;954.0;1353.5
5885;Totaal;Gorinchem;2006;34269.0;16848.5;17420.5;15288.5;8139.5;7149.0;14654.0;7343.5;7310.5;1970.5;384.5;1586.0;2356.0;981.0;1375.0
5886;Totaal;Gorinchem;2007;34380.0;16922.0;17458.0;15408.5;8212.5;7196.0;14599.0;7314.0;7285.0;1955.0;380.5;1574.5;2417.5;1015.0;1402.5
5887;Totaal;Gorinchem;2008;34513.0;16983.0;17530.0;15536.5;8275.5;7261.0;14561.5;7293.5;7268.0;1945.5;383.0;1562.5;2469.5;1031.0;1438.5
5888;Totaal;Gorinchem;2009;34608.5;16997.0;17611.5;15581.5;8267.5;7314.0;14509.0;7266.5;7242.5;1927.5;383.0;1544.5;2590.5;1080.0;1510.5
5889;Totaal;Gorinchem;2010;34779.0;17062.5;17716.5;15692.5;8311.0;7381.5;14486.0;7254.5;7231.5;1914.5;375.0;1539.5;2686.0;1122.0;1564.0
5890;Totaal;Gorinchem;2011;34989.0;17182.5;17806.5;15890.5;8441.0;7449.5;14465.0;7237.0;7228.0;1910.0;373.0;1537.0;2723.5;1131.5;1592.0
5891;Totaal;Gorinchem;2012;35105.5;17264.5;17841.0;16021.5;8537.0;7484.5;14395.0;7191.5;7203.5;1891.5;370.5;1521.0;2797.5;1165.5;1632.0
5892;Totaal;Gorinchem;2013;35185.0;17330.0;17855.0;16088.5;8583.0;7505.5;14358.5;7173.0;7185.5;1871.5;366.5;1505.0;2866.5;1207.5;1659.0
5893;Totaal;Gorinchem;2014;35290.0;17405.5;17884.5;16158.5;8622.5;7536.0;14323.0;7159.0;7164.0;1871.5;374.5;1497.0;2937.0;1249.5;1687.5
5894;Totaal;Gorinchem;2015;35299.0;17399.5;17899.5;16188.5;8624.5;7564.0;14216.5;7107.0;7109.5;1885.0;384.0;1501.0;3009.0;1284.0;1725.0
5895;Totaal;Gorinchem;2016;35507.5;17507.0;18000.5;16334.5;8710.5;7624.0;14201.0;7101.5;7099.5;1883.5;386.5;1497.0;3088.5;1308.5;1780.0
5896;Totaal;Gorssel;1995;13426.0;6563.5;6862.5;4866.5;2628.5;2238.0;7185.0;3593.0;3592.0;976.0;176.0;800.0;398.5;166.0;232.5
5897;Totaal;Gorssel;1996;13402.0;6541.0;6861.0;4817.5;2584.0;2233.5;7205.0;3603.0;3602.0;961.5;178.0;783.5;418.0;176.0;242.0
5898;Totaal;Gorssel;1997;13291.0;6482.5;6808.5;4694.0;2517.0;2177.0;7186.5;3592.5;3594.0;970.0;187.5;782.5;440.5;185.5;255.0
5899;Totaal;Gorssel;1998;13218.5;6453.0;6765.5;4625.5;2492.0;2133.5;7151.0;3574.5;3576.5;983.5;193.5;790.0;458.5;193.0;265.5
5900;Totaal;Gorssel;1999;13253.5;6478.5;6775.0;4619.5;2506.0;2113.5;7180.5;3588.5;3592.0;988.0;187.0;801.0;465.5;197.0;268.5
5901;Totaal;Gorssel;2000;13314.5;6509.5;6805.0;4679.0;2545.5;2133.5;7147.0;3571.5;3575.5;1001.5;182.5;819.0;487.0;210.0;277.0
5902;Totaal;Gorssel;2001;13372.0;6527.5;6844.5;4758.5;2573.0;2185.5;7089.0;3541.0;3548.0;1016.5;188.5;828.0;508.0;225.0;283.0
5903;Totaal;Gorssel;2002;13370.0;6537.5;6832.5;4792.0;2591.0;2201.0;7044.0;3516.5;3527.5;1014.5;195.5;819.0;519.5;234.5;285.0
5904;Totaal;Gorssel;2003;13372.0;6558.0;6814.0;4828.0;2614.5;2213.5;6996.0;3495.5;3500.5;999.0;201.5;797.5;549.0;246.5;302.5
5905;Totaal;Gorssel;2004;13447.5;6591.0;6856.5;4921.0;2653.5;2267.5;6951.5;3474.0;3477.5;999.0;212.0;787.0;576.0;251.5;324.5
5906;Totaal;Gorssel;2005;;;;;;;;;;;;;;;
5907;Totaal;Gorssel;2006;;;;;;;;;;;;;;;
5908;Totaal;Gorssel;2007;;;;;;;;;;;;;;;
5909;Totaal;Gorssel;2008;;;;;;;;;;;;;;;
5910;Totaal;Gorssel;2009;;;;;;;;;;;;;;;
5911;Totaal;Gorssel;2010;;;;;;;;;;;;;;;
5912;Totaal;Gorssel;2011;;;;;;;;;;;;;;;
5913;Totaal;Gorssel;2012;;;;;;;;;;;;;;;
5914;Totaal;Gorssel;2013;;;;;;;;;;;;;;;
5915;Totaal;Gorssel;2014;;;;;;;;;;;;;;;
5916;Totaal;Gorssel;2015;;;;;;;;;;;;;;;
5917;Totaal;Gorssel;2016;;;;;;;;;;;;;;;
5918;Totaal;Gouda;1995;70662.0;34647.0;36015.0;31389.5;16583.5;14806.0;31965.0;15999.5;15965.5;3870.5;627.0;3243.5;3437.0;1437.0;2000.0
5919;Totaal;Gouda;1996;71210.5;34873.0;36337.5;31847.5;16801.0;15046.5;31874.0;15957.5;15916.5;3901.5;621.5;3280.0;3587.5;1493.0;2094.5
5920;Totaal;Gouda;1997;71515.0;34967.0;36548.0;32136.5;16904.5;15232.0;31802.5;15923.0;15879.5;3889.0;614.0;3275.0;3687.0;1525.5;2161.5
5921;Totaal;Gouda;1998;71560.0;34952.5;36607.5;32312.0;16959.0;15353.0;31596.5;15810.0;15786.5;3809.0;609.0;3200.0;3842.5;1574.5;2268.0
5922;Totaal;Gouda;1999;71747.0;35044.5;36702.5;32552.0;17072.0;15480.0;31465.0;15744.0;15721.0;3795.0;622.0;3173.0;3935.0;1606.5;2328.5
5923;Totaal;Gouda;2000;71850.0;35110.5;36739.5;32678.0;17138.0;15540.0;31348.0;15688.5;15659.5;3851.5;656.0;3195.5;3972.5;1628.0;2344.5
5924;Totaal;Gouda;2001;71735.0;35065.5;36669.5;32692.5;17152.5;15540.0;31087.0;15554.5;15532.5;3850.0;678.0;3172.0;4105.5;1680.5;2425.0
5925;Totaal;Gouda;2002;71664.5;35014.5;36650.0;32700.5;17150.5;15550.0;30891.5;15455.0;15436.5;3810.5;671.5;3139.0;4262.0;1737.5;2524.5
5926;Totaal;Gouda;2003;71719.0;34990.0;36729.0;32750.5;17125.0;15625.5;30848.5;15426.5;15422.0;3749.0;656.0;3093.0;4371.0;1782.5;2588.5
5927;Totaal;Gouda;2004;71789.0;34995.0;36794.0;32859.0;17142.5;15716.5;30789.0;15396.0;15393.0;3708.0;653.5;3054.5;4433.0;1803.0;2630.0
5928;Totaal;Gouda;2005;71583.5;34892.5;36691.0;32856.5;17134.0;15722.5;30539.5;15273.0;15266.5;3665.5;651.0;3014.5;4522.0;1834.5;2687.5
5929;Totaal;Gouda;2006;71169.5;34713.5;36456.0;32773.5;17113.0;15660.5;30148.0;15069.5;15078.5;3624.5;653.0;2971.5;4623.5;1878.0;2745.5
5930;Totaal;Gouda;2007;70905.0;34624.0;36281.0;32797.5;17143.5;15654.0;29827.0;14911.5;14915.5;3603.0;671.0;2932.0;4677.5;1898.0;2779.5
5931;Totaal;Gouda;2008;70842.5;34626.0;36216.5;32921.5;17210.5;15711.0;29574.5;14789.0;14785.5;3586.5;689.5;2897.0;4760.0;1937.0;2823.0
5932;Totaal;Gouda;2009;70975.0;34700.0;36275.0;33031.5;17262.0;15769.5;29360.0;14679.0;14681.0;3594.0;708.5;2885.5;4989.5;2050.5;2939.0
5933;Totaal;Gouda;2010;71084.5;34749.0;36335.5;33016.5;17243.5;15773.0;29307.5;14653.0;14654.5;3609.0;725.5;2883.5;5151.5;2127.0;3024.5
5934;Totaal;Gouda;2011;71141.0;34797.0;36344.0;33045.0;17279.0;15766.0;29313.5;14662.0;14651.5;3589.0;725.0;2864.0;5193.5;2131.0;3062.5
5935;Totaal;Gouda;2012;71069.5;34780.0;36289.5;33050.5;17300.5;15750.0;29209.0;14613.0;14596.0;3557.5;715.5;2842.0;5252.5;2151.0;3101.5
5936;Totaal;Gouda;2013;70922.5;34718.5;36204.0;33012.0;17280.5;15731.5;29040.0;14526.0;14514.0;3544.0;718.5;2825.5;5326.5;2193.5;3133.0
5937;Totaal;Gouda;2014;71023.0;34785.5;36237.5;33092.0;17312.0;15780.0;28938.5;14482.5;14456.0;3540.0;732.0;2808.0;5452.5;2259.0;3193.5
5938;Totaal;Gouda;2015;71147.0;34846.5;36300.5;33251.0;17368.0;15883.0;28757.5;14397.5;14360.0;3533.5;744.0;2789.5;5605.0;2337.0;3268.0
5939;Totaal;Gouda;2016;71470.5;35029.5;36441.0;33619.0;17565.5;16053.5;28591.5;14328.5;14263.0;3520.0;739.5;2780.5;5740.0;2396.0;3344.0
5940;Totaal;Graafstroom;1995;9519.5;4825.0;4694.5;4300.0;2347.0;1953.0;4650.5;2324.5;2326.0;437.5;93.0;344.5;131.5;60.5;71.0
5941;Totaal;Graafstroom;1996;9544.0;4835.0;4709.0;4301.5;2345.5;1956.0;4670.0;2334.5;2335.5;441.0;90.0;351.0;131.5;65.0;66.5
5942;Totaal;Graafstroom;1997;9530.0;4832.5;4697.5;4289.5;2344.0;1945.5;4666.5;2332.5;2334.0;439.5;86.0;353.5;134.5;70.0;64.5
5943;Totaal;Graafstroom;1998;9519.5;4833.5;4686.0;4273.5;2344.5;1929.0;4661.0;2330.0;2331.0;441.0;85.5;355.5;144.0;73.5;70.5
5944;Totaal;Graafstroom;1999;9537.5;4847.0;4690.5;4275.5;2347.5;1928.0;4662.5;2331.5;2331.0;445.5;89.0;356.5;154.0;79.0;75.0
5945;Totaal;Graafstroom;2000;9568.5;4864.0;4704.5;4292.5;2353.5;1939.0;4664.5;2333.5;2331.0;452.0;94.0;358.0;159.5;83.0;76.5
5946;Totaal;Graafstroom;2001;9615.0;4886.5;4728.5;4306.5;2363.5;1943.0;4681.5;2340.5;2341.0;461.0;97.0;364.0;166.0;85.5;80.5
5947;Totaal;Graafstroom;2002;9650.5;4904.0;4746.5;4303.5;2366.5;1937.0;4698.5;2348.0;2350.5;470.5;97.5;373.0;178.0;92.0;86.0
5948;Totaal;Graafstroom;2003;9683.0;4920.5;4762.5;4328.0;2379.0;1949.0;4700.0;2351.0;2349.0;467.5;96.5;371.0;187.5;94.0;93.5
5949;Totaal;Graafstroom;2004;9691.0;4932.0;4759.0;4343.0;2395.0;1948.0;4695.5;2351.0;2344.5;459.5;91.5;368.0;193.0;94.5;98.5
5950;Totaal;Graafstroom;2005;9707.5;4954.0;4753.5;4343.0;2410.5;1932.5;4705.0;2355.5;2349.5;458.5;89.0;369.5;201.0;99.0;102.0
5951;Totaal;Graafstroom;2006;9742.5;4985.0;4757.5;4365.0;2430.0;1935.0;4723.0;2363.5;2359.5;444.0;88.0;356.0;210.5;103.5;107.0
5952;Totaal;Graafstroom;2007;9775.5;5008.5;4767.0;4401.5;2454.0;1947.5;4726.5;2365.0;2361.5;426.0;80.5;345.5;221.5;109.0;112.5
5953;Totaal;Graafstroom;2008;9802.0;5018.5;4783.5;4420.0;2466.0;1954.0;4721.5;2361.5;2360.0;427.0;76.0;351.0;233.5;115.0;118.5
5954;Totaal;Graafstroom;2009;9806.0;5024.0;4782.0;4415.5;2469.5;1946.0;4702.0;2350.0;2352.0;434.5;77.5;357.0;254.0;127.0;127.0
5955;Totaal;Graafstroom;2010;9805.5;5035.0;4770.5;4423.5;2479.5;1944.0;4669.5;2334.5;2335.0;438.5;82.0;356.5;274.0;139.0;135.0
5956;Totaal;Graafstroom;2011;9801.0;5023.0;4778.0;4426.5;2474.0;1952.5;4650.5;2325.5;2325.0;445.5;83.5;362.0;278.5;140.0;138.5
5957;Totaal;Graafstroom;2012;9844.5;5032.5;4812.0;4443.5;2479.0;1964.5;4668.0;2335.5;2332.5;454.5;83.0;371.5;278.5;135.0;143.5
5958;Totaal;Graafstroom;2013;;;;;;;;;;;;;;;
5959;Totaal;Graafstroom;2014;;;;;;;;;;;;;;;
5960;Totaal;Graafstroom;2015;;;;;;;;;;;;;;;
5961;Totaal;Graafstroom;2016;;;;;;;;;;;;;;;
5962;Totaal;Graft-De Rijp;1995;6089.0;3041.0;3048.0;2565.0;1374.0;1191.0;3008.5;1501.0;1507.5;290.0;58.5;231.5;225.5;107.5;118.0
5963;Totaal;Graft-De Rijp;1996;6109.5;3057.0;3052.5;2556.5;1377.0;1179.5;3012.5;1503.0;1509.5;292.5;61.0;231.5;248.0;116.0;132.0
5964;Totaal;Graft-De Rijp;1997;6150.0;3081.5;3068.5;2572.0;1386.0;1186.0;3014.5;1505.0;1509.5;296.0;65.5;230.5;267.5;125.0;142.5
5965;Totaal;Graft-De Rijp;1998;6217.0;3117.0;3100.0;2590.5;1399.5;1191.0;3042.0;1518.0;1524.0;294.0;67.0;227.0;290.5;132.5;158.0
5966;Totaal;Graft-De Rijp;1999;6273.5;3145.0;3128.5;2603.5;1412.5;1191.0;3077.0;1535.0;1542.0;297.0;66.5;230.5;296.0;131.0;165.0
5967;Totaal;Graft-De Rijp;2000;6351.5;3183.0;3168.5;2658.0;1437.0;1221.0;3093.5;1544.0;1549.5;308.5;69.5;239.0;291.5;132.5;159.0
5968;Totaal;Graft-De Rijp;2001;6394.0;3203.5;3190.5;2701.0;1456.5;1244.5;3079.0;1536.0;1543.0;319.5;74.5;245.0;294.5;136.5;158.0
5969;Totaal;Graft-De Rijp;2002;6365.5;3208.0;3157.5;2709.0;1467.5;1241.5;3064.0;1528.0;1536.0;300.0;77.5;222.5;292.5;135.0;157.5
5970;Totaal;Graft-De Rijp;2003;6415.5;3242.0;3173.5;2740.5;1490.5;1250.0;3079.5;1537.0;1542.5;299.0;79.0;220.0;296.5;135.5;161.0
5971;Totaal;Graft-De Rijp;2004;6511.5;3283.0;3228.5;2787.0;1516.5;1270.5;3092.5;1544.5;1548.0;327.0;83.0;244.0;305.0;139.0;166.0
5972;Totaal;Graft-De Rijp;2005;6558.0;3313.0;3245.0;2815.0;1532.0;1283.0;3091.0;1545.0;1546.0;334.0;87.5;246.5;318.0;148.5;169.5
5973;Totaal;Graft-De Rijp;2006;6585.0;3330.5;3254.5;2827.0;1537.5;1289.5;3082.0;1545.0;1537.0;343.5;91.5;252.0;332.5;156.5;176.0
5974;Totaal;Graft-De Rijp;2007;6565.0;3320.0;3245.0;2822.0;1534.5;1287.5;3051.0;1532.5;1518.5;352.0;95.5;256.5;340.0;157.5;182.5
5975;Totaal;Graft-De Rijp;2008;6502.0;3281.5;3220.5;2795.5;1516.0;1279.5;3018.5;1516.0;1502.5;351.0;97.0;254.0;337.0;152.5;184.5
5976;Totaal;Graft-De Rijp;2009;6477.0;3256.5;3220.5;2781.5;1499.0;1282.5;2996.0;1505.0;1491.0;347.5;96.0;251.5;352.0;156.5;195.5
5977;Totaal;Graft-De Rijp;2010;6486.0;3255.5;3230.5;2785.0;1502.5;1282.5;2983.0;1497.0;1486.0;351.0;96.0;255.0;367.0;160.0;207.0
5978;Totaal;Graft-De Rijp;2011;6459.5;3242.0;3217.5;2784.5;1508.5;1276.0;2956.0;1481.5;1474.5;353.0;93.0;260.0;366.0;159.0;207.0
5979;Totaal;Graft-De Rijp;2012;6432.5;3227.5;3205.0;2783.5;1506.5;1277.0;2931.0;1471.0;1460.0;348.5;87.5;261.0;369.5;162.5;207.0
5980;Totaal;Graft-De Rijp;2013;6440.5;3234.0;3206.5;2777.0;1512.0;1265.0;2932.5;1472.0;1460.5;358.5;88.5;270.0;372.5;161.5;211.0
5981;Totaal;Graft-De Rijp;2014;6429.0;3229.0;3200.0;2775.0;1518.5;1256.5;2919.0;1462.0;1457.0;359.5;88.0;271.5;375.5;160.5;215.0
5982;Totaal;Graft-De Rijp;2015;;;;;;;;;;;;;;;
5983;Totaal;Graft-De Rijp;2016;;;;;;;;;;;;;;;
5984;Totaal;Gramsbergen;1995;6281.5;3185.5;3096.0;2686.0;1496.5;1189.5;3149.5;1572.0;1577.5;366.0;70.5;295.5;80.0;46.5;33.5
5985;Totaal;Gramsbergen;1996;6303.0;3201.0;3102.0;2706.5;1512.0;1194.5;3153.5;1575.0;1578.5;366.5;71.0;295.5;76.5;43.0;33.5
5986;Totaal;Gramsbergen;1997;6365.0;3238.0;3127.0;2742.0;1531.0;1211.0;3180.0;1590.0;1590.0;357.5;69.5;288.0;85.5;47.5;38.0
5987;Totaal;Gramsbergen;1998;6459.0;3288.5;3170.5;2790.0;1554.5;1235.5;3217.5;1610.0;1607.5;355.5;71.0;284.5;96.0;53.0;43.0
5988;Totaal;Gramsbergen;1999;6494.0;3306.0;3188.0;2798.0;1560.5;1237.5;3239.5;1621.0;1618.5;357.5;71.5;286.0;99.0;53.0;46.0
5989;Totaal;Gramsbergen;2000;6491.5;3306.0;3185.5;2800.5;1567.0;1233.5;3229.0;1616.0;1613.0;357.5;69.5;288.0;104.5;53.5;51.0
5990;Totaal;Gramsbergen;2001;;;;;;;;;;;;;;;
5991;Totaal;Gramsbergen;2002;;;;;;;;;;;;;;;
5992;Totaal;Gramsbergen;2003;;;;;;;;;;;;;;;
5993;Totaal;Gramsbergen;2004;;;;;;;;;;;;;;;
5994;Totaal;Gramsbergen;2005;;;;;;;;;;;;;;;
5995;Totaal;Gramsbergen;2006;;;;;;;;;;;;;;;
5996;Totaal;Gramsbergen;2007;;;;;;;;;;;;;;;
5997;Totaal;Gramsbergen;2008;;;;;;;;;;;;;;;
5998;Totaal;Gramsbergen;2009;;;;;;;;;;;;;;;
5999;Totaal;Gramsbergen;2010;;;;;;;;;;;;;;;
6000;Totaal;Gramsbergen;2011;;;;;;;;;;;;;;;
6001;Totaal;Gramsbergen;2012;;;;;;;;;;;;;;;
6002;Totaal;Gramsbergen;2013;;;;;;;;;;;;;;;
6003;Totaal;Gramsbergen;2014;;;;;;;;;;;;;;;
6004;Totaal;Gramsbergen;2015;;;;;;;;;;;;;;;
6005;Totaal;Gramsbergen;2016;;;;;;;;;;;;;;;
6006;Totaal;Grave;1995;12101.0;6121.0;5980.0;5349.5;2922.0;2427.5;5785.5;2891.0;2894.5;512.0;97.0;415.0;454.0;211.0;243.0
6007;Totaal;Grave;1996;12196.0;6191.5;6004.5;5378.0;2955.0;2423.0;5807.5;2903.5;2904.0;527.0;105.0;422.0;483.5;228.0;255.5
6008;Totaal;Grave;1997;12378.5;6343.5;6035.0;5472.0;3053.5;2418.5;5845.5;2929.5;2916.0;541.5;112.0;429.5;519.5;248.5;271.0
6009;Totaal;Grave;1998;12550.0;6500.0;6050.0;5575.0;3167.0;2408.0;5864.5;2943.0;2921.5;555.5;116.0;439.5;555.0;274.0;281.0
6010;Totaal;Grave;1999;12594.0;6531.5;6062.5;5577.5;3179.0;2398.5;5877.5;2948.0;2929.5;570.0;124.0;446.0;569.0;280.5;288.5
6011;Totaal;Grave;2000;12607.5;6519.0;6088.5;5574.5;3160.5;2414.0;5880.5;2948.0;2932.5;575.0;130.5;444.5;577.5;280.0;297.5
6012;Totaal;Grave;2001;12693.5;6539.0;6154.5;5635.5;3169.5;2466.0;5885.0;2947.0;2938.0;573.0;135.5;437.5;600.0;287.0;313.0
6013;Totaal;Grave;2002;12737.5;6524.5;6213.0;5683.5;3170.5;2513.0;5869.0;2936.5;2932.5;577.5;134.5;443.0;607.5;283.0;324.5
6014;Totaal;Grave;2003;12792.0;6546.0;6246.0;5731.0;3198.5;2532.5;5860.0;2929.0;2931.0;579.5;131.0;448.5;621.5;287.5;334.0
6015;Totaal;Grave;2004;12859.5;6573.5;6286.0;5782.5;3216.5;2566.0;5858.0;2927.5;2930.5;580.0;132.5;447.5;639.0;297.0;342.0
6016;Totaal;Grave;2005;12863.0;6558.5;6304.5;5780.0;3191.5;2588.5;5855.0;2926.5;2928.5;579.5;138.0;441.5;648.5;302.5;346.0
6017;Totaal;Grave;2006;12844.0;6540.5;6303.5;5772.5;3181.5;2591.0;5842.0;2916.5;2925.5;574.5;137.0;437.5;655.0;305.5;349.5
6018;Totaal;Grave;2007;12768.5;6501.5;6267.0;5727.0;3163.0;2564.0;5788.5;2888.0;2900.5;584.0;140.0;444.0;669.0;310.5;358.5
6019;Totaal;Grave;2008;12695.0;6485.0;6210.0;5696.5;3165.0;2531.5;5719.5;2858.5;2861.0;595.0;148.5;446.5;684.0;313.0;371.0
6020;Totaal;Grave;2009;12795.0;6565.5;6229.5;5806.5;3247.5;2559.0;5680.5;2841.5;2839.0;595.0;149.0;446.0;713.0;327.5;385.5
6021;Totaal;Grave;2010;12974.0;6681.0;6293.0;5956.0;3339.5;2616.5;5681.5;2841.0;2840.5;585.5;148.0;437.5;751.0;352.5;398.5
6022;Totaal;Grave;2011;12915.0;6664.0;6251.0;5942.0;3341.5;2600.5;5636.0;2821.0;2815.0;578.5;147.0;431.5;758.5;354.5;404.0
6023;Totaal;Grave;2012;12765.0;6589.0;6176.0;5843.0;3298.0;2545.0;5572.0;2791.5;2780.5;587.5;148.0;439.5;762.5;351.5;411.0
6024;Totaal;Grave;2013;12713.0;6565.5;6147.5;5797.5;3280.0;2517.5;5516.5;2761.5;2755.0;610.0;159.0;451.0;789.0;365.0;424.0
6025;Totaal;Grave;2014;12767.5;6616.0;6151.5;5837.5;3318.0;2519.5;5460.5;2732.0;2728.5;632.5;170.5;462.0;837.0;395.5;441.5
6026;Totaal;Grave;2015;12741.5;6611.0;6130.5;5820.5;3315.5;2505.0;5395.5;2700.0;2695.5;647.0;174.5;472.5;878.5;421.0;457.5
6027;Totaal;Grave;2016;12506.5;6435.5;6071.0;5629.5;3182.0;2447.5;5335.0;2662.5;2672.5;658.5;173.5;485.0;883.5;417.5;466.0
6028;Totaal;'s-Graveland;1995;9335.5;4622.0;4713.5;3822.5;2047.0;1775.5;4601.5;2299.5;2302.0;489.0;94.0;395.0;422.5;181.5;241.0
6029;Totaal;'s-Graveland;1996;9393.0;4629.5;4763.5;3836.0;2040.5;1795.5;4608.0;2300.0;2308.0;513.0;100.0;413.0;436.0;189.0;247.0
6030;Totaal;'s-Graveland;1997;9379.5;4619.0;4760.5;3815.0;2026.0;1789.0;4602.0;2297.0;2305.0;516.5;100.5;416.0;446.0;195.5;250.5
6031;Totaal;'s-Graveland;1998;9325.5;4596.0;4729.5;3774.5;2004.0;1770.5;4593.0;2294.0;2299.0;489.0;94.0;395.0;469.0;204.0;265.0
6032;Totaal;'s-Graveland;1999;9274.0;4554.5;4719.5;3731.0;1969.5;1761.5;4568.0;2279.0;2289.0;494.0;97.5;396.5;481.0;208.5;272.5
6033;Totaal;'s-Graveland;2000;9252.0;4527.0;4725.0;3723.5;1958.0;1765.5;4525.5;2255.0;2270.5;519.5;106.0;413.5;483.5;208.0;275.5
6034;Totaal;'s-Graveland;2001;9291.5;4546.5;4745.0;3769.0;1985.0;1784.0;4508.0;2245.5;2262.5;523.5;106.0;417.5;491.0;210.0;281.0
6035;Totaal;'s-Graveland;2002;;;;;;;;;;;;;;;
6036;Totaal;'s-Graveland;2003;;;;;;;;;;;;;;;
6037;Totaal;'s-Graveland;2004;;;;;;;;;;;;;;;
6038;Totaal;'s-Graveland;2005;;;;;;;;;;;;;;;
6039;Totaal;'s-Graveland;2006;;;;;;;;;;;;;;;
6040;Totaal;'s-Graveland;2007;;;;;;;;;;;;;;;
6041;Totaal;'s-Graveland;2008;;;;;;;;;;;;;;;
6042;Totaal;'s-Graveland;2009;;;;;;;;;;;;;;;
6043;Totaal;'s-Graveland;2010;;;;;;;;;;;;;;;
6044;Totaal;'s-Graveland;2011;;;;;;;;;;;;;;;
6045;Totaal;'s-Graveland;2012;;;;;;;;;;;;;;;
6046;Totaal;'s-Graveland;2013;;;;;;;;;;;;;;;
6047;Totaal;'s-Graveland;2014;;;;;;;;;;;;;;;
6048;Totaal;'s-Graveland;2015;;;;;;;;;;;;;;;
6049;Totaal;'s-Graveland;2016;;;;;;;;;;;;;;;
6050;Totaal;'s-Gravendeel;1995;8645.0;4316.5;4328.5;3401.5;1853.0;1548.5;4546.5;2273.5;2273.0;467.5;88.5;379.0;229.5;101.5;128.0
6051;Totaal;'s-Gravendeel;1996;8679.5;4339.5;4340.0;3432.5;1878.5;1554.0;4516.5;2260.5;2256.0;473.5;87.5;386.0;257.0;113.0;144.0
6052;Totaal;'s-Gravendeel;1997;8691.5;4345.5;4346.0;3447.5;1890.5;1557.0;4487.0;2247.0;2240.0;477.0;86.5;390.5;280.0;121.5;158.5
6053;Totaal;'s-Gravendeel;1998;8682.0;4335.5;4346.5;3450.0;1887.5;1562.5;4465.0;2233.5;2231.5;472.0;87.5;384.5;295.0;127.0;168.0
6054;Totaal;'s-Gravendeel;1999;8708.5;4346.5;4362.0;3498.5;1909.5;1589.0;4425.5;2212.0;2213.5;478.0;92.5;385.5;306.5;132.5;174.0
6055;Totaal;'s-Gravendeel;2000;8732.5;4360.5;4372.0;3535.0;1930.5;1604.5;4388.5;2194.0;2194.5;492.0;97.5;394.5;317.0;138.5;178.5
6056;Totaal;'s-Gravendeel;2001;8756.0;4373.0;4383.0;3555.5;1944.0;1611.5;4375.0;2186.0;2189.0;495.5;99.5;396.0;330.0;143.5;186.5
6057;Totaal;'s-Gravendeel;2002;8837.0;4406.5;4430.5;3592.0;1962.5;1629.5;4411.0;2201.5;2209.5;495.0;100.0;395.0;339.0;142.5;196.5
6058;Totaal;'s-Gravendeel;2003;8888.5;4436.5;4452.0;3606.0;1973.0;1633.0;4445.0;2218.0;2227.0;490.5;103.0;387.5;347.0;142.5;204.5
6059;Totaal;'s-Gravendeel;2004;8898.0;4457.5;4440.5;3611.5;1984.0;1627.5;4446.5;2222.0;2224.5;484.5;103.5;381.0;355.5;148.0;207.5
6060;Totaal;'s-Gravendeel;2005;8932.5;4478.0;4454.5;3659.0;2015.0;1644.0;4415.0;2209.0;2206.0;491.5;101.0;390.5;367.0;153.0;214.0
6061;Totaal;'s-Gravendeel;2006;8989.5;4501.5;4488.0;3722.5;2049.0;1673.5;4391.0;2195.0;2196.0;501.5;102.0;399.5;374.5;155.5;219.0
6062;Totaal;'s-Gravendeel;2007;;;;;;;;;;;;;;;
6063;Totaal;'s-Gravendeel;2008;;;;;;;;;;;;;;;
6064;Totaal;'s-Gravendeel;2009;;;;;;;;;;;;;;;
6065;Totaal;'s-Gravendeel;2010;;;;;;;;;;;;;;;
6066;Totaal;'s-Gravendeel;2011;;;;;;;;;;;;;;;
6067;Totaal;'s-Gravendeel;2012;;;;;;;;;;;;;;;
6068;Totaal;'s-Gravendeel;2013;;;;;;;;;;;;;;;
6069;Totaal;'s-Gravendeel;2014;;;;;;;;;;;;;;;
6070;Totaal;'s-Gravendeel;2015;;;;;;;;;;;;;;;
6071;Totaal;'s-Gravendeel;2016;;;;;;;;;;;;;;;
6072;Totaal;'s-Gravenhage (gemeente);1995;442720.0;214375.5;228344.5;206363.0;108955.5;97407.5;163585.0;82984.5;80600.5;33024.5;5278.5;27746.0;39747.5;17157.0;22590.5
6073;Totaal;'s-Gravenhage (gemeente);1996;442331.0;214482.0;227849.0;209722.5;110850.5;98872.0;159399.0;80732.0;78667.0;32225.0;5198.0;27027.0;40984.5;17701.5;23283.0
6074;Totaal;'s-Gravenhage (gemeente);1997;442479.0;214619.0;227860.0;213056.0;112520.5;100535.5;156217.0;78976.5;77240.5;31439.0;5121.5;26317.5;41767.0;18000.5;23766.5
6075;Totaal;'s-Gravenhage (gemeente);1998;441771.0;214156.0;227615.0;215328.5;113441.0;101887.5;153645.0;77603.5;76041.5;30003.5;4952.0;25051.5;42794.0;18159.5;24634.5
6076;Totaal;'s-Gravenhage (gemeente);1999;440918.5;213817.0;227101.5;217083.0;114248.0;102835.0;151554.5;76461.0;75093.5;29265.5;4878.0;24387.5;43015.5;18230.0;24785.5
6077;Totaal;'s-Gravenhage (gemeente);2000;441725.0;214892.5;226832.5;219707.5;115887.0;103820.5;150311.0;75859.0;74452.0;29121.5;4865.0;24256.5;42585.0;18281.5;24303.5
6078;Totaal;'s-Gravenhage (gemeente);2001;442029.5;215648.0;226381.5;222041.0;117276.5;104764.5;148783.5;75196.5;73587.0;28308.0;4776.0;23532.0;42897.0;18399.0;24498.0
6079;Totaal;'s-Gravenhage (gemeente);2002;460776.0;225141.5;235634.5;233577.0;123048.5;110528.5;155764.0;78682.0;77082.0;27584.5;4724.5;22860.0;43850.5;18686.5;25164.0
6080;Totaal;'s-Gravenhage (gemeente);2003;466442.5;228081.0;238361.5;238568.0;125461.5;113106.5;157155.0;79333.5;77821.5;26784.5;4646.5;22138.0;43935.0;18639.5;25295.5
6081;Totaal;'s-Gravenhage (gemeente);2004;470577.5;230507.5;240070.0;242915.5;127760.5;115155.0;157510.0;79478.5;78031.5;25999.0;4523.0;21476.0;44153.0;18745.5;25407.5
6082;Totaal;'s-Gravenhage (gemeente);2005;473861.5;232556.5;241305.0;246844.0;129940.0;116904.0;157130.0;79252.5;77877.5;25299.5;4393.0;20906.5;44588.0;18971.0;25617.0
6083;Totaal;'s-Gravenhage (gemeente);2006;474784.0;233083.5;241700.5;249042.0;130964.5;118077.5;156275.5;78778.0;77497.5;24681.0;4331.0;20350.0;44785.5;19010.0;25775.5
6084;Totaal;'s-Gravenhage (gemeente);2007;474811.0;233096.5;241714.5;250643.0;131639.0;119004.0;155369.0;78277.0;77092.0;24003.5;4269.0;19734.5;44795.5;18911.5;25884.0
6085;Totaal;'s-Gravenhage (gemeente);2008;478772.5;235464.5;243308.0;255136.0;134115.5;121020.5;155167.0;78182.0;76985.0;23464.5;4203.5;19261.0;45005.0;18963.5;26041.5
6086;Totaal;'s-Gravenhage (gemeente);2009;485208.5;238980.5;246228.0;260323.0;136878.5;123444.5;155817.5;78512.5;77305.0;22986.0;4147.0;18839.0;46082.0;19442.5;26639.5
6087;Totaal;'s-Gravenhage (gemeente);2010;491818.0;242368.0;249450.0;264888.5;139098.0;125790.5;157143.5;79165.5;77978.0;22547.5;4147.5;18400.0;47238.5;19957.0;27281.5
6088;Totaal;'s-Gravenhage (gemeente);2011;498569.0;245953.0;252616.0;269969.0;141619.5;128349.5;158714.5;79959.5;78755.0;22197.5;4188.5;18009.0;47688.0;20185.5;27502.5
6089;Totaal;'s-Gravenhage (gemeente);2012;503955.5;248802.0;255153.5;274319.0;143738.0;130581.0;159720.5;80479.0;79241.5;21841.0;4206.5;17634.5;48075.0;20378.5;27696.5
6090;Totaal;'s-Gravenhage (gemeente);2013;507398.0;250523.0;256875.0;277272.0;145075.5;132196.5;160230.5;80741.5;79489.0;21437.0;4198.5;17238.5;48458.5;20507.5;27951.0
6091;Totaal;'s-Gravenhage (gemeente);2014;511900.5;252747.5;259153.0;281174.5;146872.0;134302.5;160647.0;80944.0;79703.0;21039.5;4188.5;16851.0;49039.5;20743.0;28296.5
6092;Totaal;'s-Gravenhage (gemeente);2015;517424.5;255614.5;261810.0;286318.0;149411.0;136907.0;160768.5;81021.0;79747.5;20678.5;4174.5;16504.0;49659.5;21008.0;28651.5
6093;Totaal;'s-Gravenhage (gemeente);2016;522435.0;258439.5;263995.5;291049.0;151942.5;139106.5;160873.5;81101.5;79772.0;20324.0;4167.0;16157.0;50188.5;21228.5;28960.0
6094;Totaal;'s-Gravenmoer;1995;2189.0;1069.5;1119.5;865.0;447.0;418.0;1166.5;581.5;585.0;103.5;15.0;88.5;54.0;26.0;28.0
6095;Totaal;'s-Gravenmoer;1996;2211.5;1087.0;1124.5;866.5;454.0;412.5;1181.5;588.0;593.5;103.5;15.0;88.5;60.0;30.0;30.0
6096;Totaal;'s-Gravenmoer;1997;;;;;;;;;;;;;;;
6097;Totaal;'s-Gravenmoer;1998;;;;;;;;;;;;;;;
6098;Totaal;'s-Gravenmoer;1999;;;;;;;;;;;;;;;
6099;Totaal;'s-Gravenmoer;2000;;;;;;;;;;;;;;;
6100;Totaal;'s-Gravenmoer;2001;;;;;;;;;;;;;;;
6101;Totaal;'s-Gravenmoer;2002;;;;;;;;;;;;;;;
6102;Totaal;'s-Gravenmoer;2003;;;;;;;;;;;;;;;
6103;Totaal;'s-Gravenmoer;2004;;;;;;;;;;;;;;;
6104;Totaal;'s-Gravenmoer;2005;;;;;;;;;;;;;;;
6105;Totaal;'s-Gravenmoer;2006;;;;;;;;;;;;;;;
6106;Totaal;'s-Gravenmoer;2007;;;;;;;;;;;;;;;
6107;Totaal;'s-Gravenmoer;2008;;;;;;;;;;;;;;;
6108;Totaal;'s-Gravenmoer;2009;;;;;;;;;;;;;;;
6109;Totaal;'s-Gravenmoer;2010;;;;;;;;;;;;;;;
6110;Totaal;'s-Gravenmoer;2011;;;;;;;;;;;;;;;
6111;Totaal;'s-Gravenmoer;2012;;;;;;;;;;;;;;;
6112;Totaal;'s-Gravenmoer;2013;;;;;;;;;;;;;;;
6113;Totaal;'s-Gravenmoer;2014;;;;;;;;;;;;;;;
6114;Totaal;'s-Gravenmoer;2015;;;;;;;;;;;;;;;
6115;Totaal;'s-Gravenmoer;2016;;;;;;;;;;;;;;;
6116;Totaal;'s-Gravenzande;1995;18926.5;9369.5;9557.0;7917.5;4218.5;3699.0;9679.5;4835.0;4844.5;859.5;128.5;731.0;470.0;187.5;282.5
6117;Totaal;'s-Gravenzande;1996;18867.0;9341.0;9526.0;7894.0;4206.0;3688.0;9606.0;4800.5;4805.5;871.5;135.0;736.5;495.5;199.5;296.0
6118;Totaal;'s-Gravenzande;1997;18816.5;9330.0;9486.5;7838.5;4181.5;3657.0;9574.0;4785.5;4788.5;876.0;144.5;731.5;528.0;218.5;309.5
6119;Totaal;'s-Gravenzande;1998;18883.5;9366.5;9517.0;7861.0;4190.0;3671.0;9582.0;4791.0;4791.0;881.5;153.0;728.5;559.0;232.5;326.5
6120;Totaal;'s-Gravenzande;1999;19072.5;9472.0;9600.5;7990.0;4262.5;3727.5;9594.5;4798.5;4796.0;890.5;159.5;731.0;597.5;251.5;346.0
6121;Totaal;'s-Gravenzande;2000;19164.0;9523.0;9641.0;8046.5;4292.5;3754.0;9588.5;4794.5;4794.0;890.5;161.5;729.0;638.5;274.5;364.0
6122;Totaal;'s-Gravenzande;2001;19295.0;9565.5;9729.5;8119.0;4311.5;3807.5;9591.5;4796.0;4795.5;889.0;160.5;728.5;695.5;297.5;398.0
6123;Totaal;'s-Gravenzande;2002;19445.5;9603.5;9842.0;8199.5;4317.0;3882.5;9617.0;4811.5;4805.5;895.5;162.5;733.0;733.5;312.5;421.0
6124;Totaal;'s-Gravenzande;2003;19517.0;9644.0;9873.0;8229.0;4323.5;3905.5;9658.0;4834.0;4824.0;892.0;168.0;724.0;738.0;318.5;419.5
6125;Totaal;'s-Gravenzande;2004;;;;;;;;;;;;;;;
6126;Totaal;'s-Gravenzande;2005;;;;;;;;;;;;;;;
6127;Totaal;'s-Gravenzande;2006;;;;;;;;;;;;;;;
6128;Totaal;'s-Gravenzande;2007;;;;;;;;;;;;;;;
6129;Totaal;'s-Gravenzande;2008;;;;;;;;;;;;;;;
6130;Totaal;'s-Gravenzande;2009;;;;;;;;;;;;;;;
6131;Totaal;'s-Gravenzande;2010;;;;;;;;;;;;;;;
6132;Totaal;'s-Gravenzande;2011;;;;;;;;;;;;;;;
6133;Totaal;'s-Gravenzande;2012;;;;;;;;;;;;;;;
6134;Totaal;'s-Gravenzande;2013;;;;;;;;;;;;;;;
6135;Totaal;'s-Gravenzande;2014;;;;;;;;;;;;;;;
6136;Totaal;'s-Gravenzande;2015;;;;;;;;;;;;;;;
6137;Totaal;'s-Gravenzande;2016;;;;;;;;;;;;;;;
6138;Totaal;Groenlo;1995;9021.5;4469.5;4552.0;3795.0;2057.0;1738.0;4353.5;2176.5;2177.0;601.0;112.0;489.0;272.0;124.0;148.0
6139;Totaal;Groenlo;1996;9076.0;4481.5;4594.5;3818.5;2065.0;1753.5;4357.5;2177.0;2180.5;617.0;112.0;505.0;283.0;127.5;155.5
6140;Totaal;Groenlo;1997;9120.0;4509.5;4610.5;3845.5;2089.5;1756.0;4349.0;2171.0;2178.0;625.5;113.5;512.0;300.0;135.5;164.5
6141;Totaal;Groenlo;1998;9105.5;4507.5;4598.0;3842.5;2094.5;1748.0;4335.5;2164.0;2171.5;628.0;113.5;514.5;299.5;135.5;164.0
6142;Totaal;Groenlo;1999;9089.0;4481.0;4608.0;3836.0;2077.0;1759.0;4322.0;2160.5;2161.5;632.5;112.0;520.5;298.5;131.5;167.0
6143;Totaal;Groenlo;2000;9103.5;4484.5;4619.0;3838.0;2079.5;1758.5;4310.0;2155.0;2155.0;647.0;114.0;533.0;308.5;136.0;172.5
6144;Totaal;Groenlo;2001;9267.0;4573.5;4693.5;3928.5;2136.0;1792.5;4349.5;2172.0;2177.5;654.5;114.5;540.0;334.5;151.0;183.5
6145;Totaal;Groenlo;2002;9490.0;4693.0;4797.0;4056.5;2210.5;1846.0;4412.5;2203.5;2209.0;660.0;113.5;546.5;361.0;165.5;195.5
6146;Totaal;Groenlo;2003;9524.5;4714.0;4810.5;4076.5;2229.5;1847.0;4411.0;2203.5;2207.5;668.5;110.0;558.5;368.5;171.0;197.5
6147;Totaal;Groenlo;2004;9505.5;4700.0;4805.5;4111.5;2245.0;1866.5;4359.0;2177.5;2181.5;657.0;103.0;554.0;378.0;174.5;203.5
6148;Totaal;Groenlo;2005;30218.5;15412.0;14806.5;13648.0;7720.0;5928.0;13912.5;6951.0;6961.5;1682.5;296.0;1386.5;975.5;445.0;530.5
6149;Totaal;Groenlo;2006;29937.0;15216.5;14720.5;13503.0;7591.0;5912.0;13733.5;6860.5;6873.0;1697.0;307.0;1390.0;1003.5;458.0;545.5
6150;Totaal;Groenlo;2007;;;;;;;;;;;;;;;
6151;Totaal;Groenlo;2008;;;;;;;;;;;;;;;
6152;Totaal;Groenlo;2009;;;;;;;;;;;;;;;
6153;Totaal;Groenlo;2010;;;;;;;;;;;;;;;
6154;Totaal;Groenlo;2011;;;;;;;;;;;;;;;
6155;Totaal;Groenlo;2012;;;;;;;;;;;;;;;
6156;Totaal;Groenlo;2013;;;;;;;;;;;;;;;
6157;Totaal;Groenlo;2014;;;;;;;;;;;;;;;
6158;Totaal;Groenlo;2015;;;;;;;;;;;;;;;
6159;Totaal;Groenlo;2016;;;;;;;;;;;;;;;
6160;Totaal;Groesbeek;1995;18785.0;9196.5;9588.5;7795.0;4150.0;3645.0;9061.5;4530.5;4531.0;1284.0;229.0;1055.0;644.5;287.0;357.5
6161;Totaal;Groesbeek;1996;18991.5;9316.5;9675.0;7902.0;4220.5;3681.5;9157.0;4579.5;4577.5;1260.0;217.5;1042.5;672.5;299.0;373.5
6162;Totaal;Groesbeek;1997;19155.0;9409.5;9745.5;7966.0;4259.0;3707.0;9248.5;4625.5;4623.0;1244.5;215.5;1029.0;696.0;309.5;386.5
6163;Totaal;Groesbeek;1998;19255.0;9466.5;9788.5;7983.5;4275.5;3708.0;9301.0;4647.5;4653.5;1267.5;228.0;1039.5;703.0;315.5;387.5
6164;Totaal;Groesbeek;1999;19235.5;9460.0;9775.5;7941.5;4249.5;3692.0;9276.5;4635.5;4641.0;1296.5;246.0;1050.5;721.0;329.0;392.0
6165;Totaal;Groesbeek;2000;19263.0;9463.5;9799.5;7967.5;4242.5;3725.0;9271.5;4637.0;4634.5;1297.5;250.0;1047.5;726.5;334.0;392.5
6166;Totaal;Groesbeek;2001;19203.5;9410.0;9793.5;7925.0;4208.0;3717.0;9238.5;4619.5;4619.0;1299.5;249.0;1050.5;740.5;333.5;407.0
6167;Totaal;Groesbeek;2002;18994.5;9267.0;9727.5;7783.0;4115.0;3668.0;9140.0;4562.5;4577.5;1311.0;251.0;1060.0;760.5;338.5;422.0
6168;Totaal;Groesbeek;2003;18889.0;9189.0;9700.0;7742.5;4074.0;3668.5;9065.5;4518.5;4547.0;1304.5;249.5;1055.0;776.5;347.0;429.5
6169;Totaal;Groesbeek;2004;18806.0;9140.0;9666.0;7703.5;4043.5;3660.0;8991.0;4484.0;4507.0;1301.5;251.0;1050.5;810.0;361.5;448.5
6170;Totaal;Groesbeek;2005;18799.5;9133.0;9666.5;7717.0;4049.0;3668.0;8932.0;4457.0;4475.0;1313.0;256.5;1056.5;837.5;370.5;467.0
6171;Totaal;Groesbeek;2006;18866.5;9169.5;9697.0;7765.0;4082.0;3683.0;8910.5;4443.0;4467.5;1331.5;262.5;1069.0;859.5;382.0;477.5
6172;Totaal;Groesbeek;2007;18941.5;9226.0;9715.5;7829.0;4140.0;3689.0;8885.0;4429.0;4456.0;1340.0;262.5;1077.5;887.5;394.5;493.0
6173;Totaal;Groesbeek;2008;18978.5;9247.5;9731.0;7888.0;4190.0;3698.0;8813.5;4393.0;4420.5;1363.5;264.0;1099.5;913.5;400.5;513.0
6174;Totaal;Groesbeek;2009;18952.0;9238.0;9714.0;7877.0;4195.5;3681.5;8734.5;4355.5;4379.0;1390.0;273.5;1116.5;950.5;413.5;537.0
6175;Totaal;Groesbeek;2010;18896.5;9227.5;9669.0;7854.5;4198.5;3656.0;8669.5;4325.5;4344.0;1392.0;280.0;1112.0;980.5;423.5;557.0
6176;Totaal;Groesbeek;2011;18877.0;9236.5;9640.5;7900.0;4240.0;3660.0;8581.0;4282.5;4298.5;1388.5;278.0;1110.5;1007.5;436.0;571.5
6177;Totaal;Groesbeek;2012;18946.5;9287.0;9659.5;8010.0;4317.5;3692.5;8499.5;4238.5;4261.0;1389.0;275.0;1114.0;1048.0;456.0;592.0
6178;Totaal;Groesbeek;2013;18993.0;9333.0;9660.0;8085.0;4375.5;3709.5;8439.5;4207.5;4232.0;1370.5;275.5;1095.0;1098.0;474.5;623.5
6179;Totaal;Groesbeek;2014;18970.0;9345.5;9624.5;8110.0;4401.5;3708.5;8367.0;4175.0;4192.0;1357.5;281.0;1076.5;1135.5;488.0;647.5
6180;Totaal;Groesbeek;2015;34416.0;17085.5;17330.5;14726.0;7986.5;6739.5;15083.0;7534.0;7549.0;2381.0;550.5;1830.5;2226.0;1014.5;1211.5
6181;Totaal;Groesbeek;2016;;;;;;;;;;;;;;;
6182;Totaal;Groningen (gemeente);1995;170142.5;83183.5;86959.0;97383.0;50747.0;46636.0;52013.5;26070.0;25943.5;10056.5;1746.0;8310.5;10689.5;4620.5;6069.0
6183;Totaal;Groningen (gemeente);1996;169157.5;82936.0;86221.5;97516.5;50973.0;46543.5;50786.5;25451.0;25335.5;9870.5;1738.5;8132.0;10984.0;4773.5;6210.5
6184;Totaal;Groningen (gemeente);1997;168677.0;82812.5;85864.5;97875.0;51209.5;46665.5;49874.0;24993.0;24881.0;9696.0;1733.0;7963.0;11232.0;4877.0;6355.0
6185;Totaal;Groningen (gemeente);1998;169972.5;83485.0;86487.5;99550.0;52008.5;47541.5;49373.0;24751.5;24621.5;9424.5;1713.0;7711.5;11625.0;5012.0;6613.0
6186;Totaal;Groningen (gemeente);1999;172166.0;84632.0;87534.0;101934.5;53150.0;48784.5;49104.5;24634.5;24470.0;9279.0;1722.5;7556.5;11848.0;5125.0;6723.0
6187;Totaal;Groningen (gemeente);2000;173694.5;85481.5;88213.0;103719.5;54061.0;49658.5;48917.5;24538.5;24379.0;9238.5;1739.5;7499.0;11819.0;5142.5;6676.5
6188;Totaal;Groningen (gemeente);2001;174909.5;86228.5;88681.0;105196.5;54903.0;50293.5;48665.5;24413.5;24252.0;9073.5;1710.5;7363.0;11974.0;5201.5;6772.5
6189;Totaal;Groningen (gemeente);2002;176370.5;87102.0;89268.5;106859.0;55829.5;51029.5;48483.0;24330.0;24153.0;8909.0;1685.5;7223.5;12119.5;5257.0;6862.5
6190;Totaal;Groningen (gemeente);2003;178178.5;88089.0;90089.5;108978.0;56922.5;52055.5;48265.0;24226.0;24039.0;8715.0;1670.5;7044.5;12220.5;5270.0;6950.5
6191;Totaal;Groningen (gemeente);2004;179894.5;88967.0;90927.5;111188.5;58005.0;53183.5;47877.5;24029.0;23848.5;8528.5;1653.0;6875.5;12300.0;5280.0;7020.0
6192;Totaal;Groningen (gemeente);2005;180666.5;89357.5;91309.0;112662.5;58704.0;53958.5;47318.5;23747.0;23571.5;8352.5;1632.0;6720.5;12333.0;5274.5;7058.5
6193;Totaal;Groningen (gemeente);2006;181171.0;89608.0;91563.0;113900.0;59251.5;54648.5;46704.0;23434.0;23270.0;8182.5;1621.0;6561.5;12384.5;5301.5;7083.0
6194;Totaal;Groningen (gemeente);2007;182048.5;89986.0;92062.5;115520.5;59940.5;55580.0;46027.0;23076.5;22950.5;8051.0;1620.0;6431.0;12450.0;5349.0;7101.0
6195;Totaal;Groningen (gemeente);2008;183355.5;90594.5;92761.0;117409.0;60795.0;56614.0;45516.5;22802.0;22714.5;7899.0;1617.0;6282.0;12531.0;5380.5;7150.5
6196;Totaal;Groningen (gemeente);2009;185762.5;91847.5;93915.0;119686.5;61908.5;57778.0;45399.5;22739.0;22660.5;7727.5;1622.0;6105.5;12949.0;5578.0;7371.0
6197;Totaal;Groningen (gemeente);2010;188644.5;93368.5;95276.0;122204.5;63202.0;59002.5;45510.5;22806.5;22704.0;7569.0;1616.5;5952.5;13360.5;5743.5;7617.0
6198;Totaal;Groningen (gemeente);2011;191559.0;94846.5;96712.5;125113.5;64626.0;60487.5;45653.0;22888.5;22764.5;7360.5;1577.5;5783.0;13432.0;5754.5;7677.5
6199;Totaal;Groningen (gemeente);2012;194272.5;96304.5;97968.0;127897.5;66050.5;61847.0;45683.0;22900.0;22783.0;7199.0;1569.5;5629.5;13493.0;5784.5;7708.5
6200;Totaal;Groningen (gemeente);2013;196867.5;97702.0;99165.5;130672.0;67493.0;63179.0;45500.0;22792.5;22707.5;7100.0;1582.0;5518.0;13595.5;5834.5;7761.0
6201;Totaal;Groningen (gemeente);2014;199326.5;99040.5;100286.0;133464.5;68944.0;64520.5;45120.0;22588.5;22531.5;6966.0;1572.5;5393.5;13776.0;5935.5;7840.5
6202;Totaal;Groningen (gemeente);2015;200644.0;99908.0;100736.0;135120.0;69928.5;65191.5;44733.0;22386.5;22346.5;6824.5;1565.0;5259.5;13966.5;6028.0;7938.5
6203;Totaal;Groningen (gemeente);2016;201277.5;100471.5;100806.0;136015.5;70575.5;65440.0;44485.5;22262.0;22223.5;6698.5;1567.5;5131.0;14078.0;6066.5;8011.5
6204;Totaal;Grootegast;1995;11370.5;5757.0;5613.5;5107.0;2799.0;2308.0;5390.5;2689.5;2701.0;611.5;134.5;477.0;261.5;134.0;127.5
6205;Totaal;Grootegast;1996;11459.5;5806.5;5653.0;5131.0;2819.0;2312.0;5435.5;2714.0;2721.5;610.0;130.5;479.5;283.0;143.0;140.0
6206;Totaal;Grootegast;1997;11500.5;5834.0;5666.5;5148.0;2839.5;2308.5;5441.5;2715.5;2726.0;611.5;128.5;483.0;299.5;150.5;149.0
6207;Totaal;Grootegast;1998;11586.0;5883.5;5702.5;5180.0;2871.0;2309.0;5462.0;2725.0;2737.0;619.0;126.5;492.5;325.0;161.0;164.0
6208;Totaal;Grootegast;1999;11704.0;5959.0;5745.0;5232.0;2919.5;2312.5;5510.5;2751.0;2759.5;615.0;120.0;495.0;346.5;168.5;178.0
6209;Totaal;Grootegast;2000;11822.0;6023.0;5799.0;5308.5;2966.5;2342.0;5547.5;2772.0;2775.5;615.0;115.5;499.5;351.0;169.0;182.0
6210;Totaal;Grootegast;2001;12069.0;6153.5;5915.5;5461.5;3050.5;2411.0;5628.5;2814.5;2814.0;616.0;115.0;501.0;363.0;173.5;189.5
6211;Totaal;Grootegast;2002;12269.0;6271.5;5997.5;5587.5;3131.5;2456.0;5699.5;2851.5;2848.0;613.0;112.0;501.0;369.0;176.5;192.5
6212;Totaal;Grootegast;2003;12105.5;6197.0;5908.5;5479.5;3081.5;2398.0;5649.5;2825.0;2824.5;600.0;109.0;491.0;376.5;181.5;195.0
6213;Totaal;Grootegast;2004;11991.0;6130.0;5861.0;5412.5;3034.5;2378.0;5599.0;2799.0;2800.0;588.5;108.5;480.0;391.0;188.0;203.0
6214;Totaal;Grootegast;2005;12075.0;6167.5;5907.5;5492.0;3069.5;2422.5;5585.0;2795.5;2789.5;588.0;112.0;476.0;410.0;190.5;219.5
6215;Totaal;Grootegast;2006;12125.0;6193.0;5932.0;5553.5;3100.0;2453.5;5544.0;2776.5;2767.5;595.0;118.5;476.5;432.5;198.0;234.5
6216;Totaal;Grootegast;2007;12178.0;6220.5;5957.5;5601.5;3124.0;2477.5;5533.5;2769.0;2764.5;597.0;118.5;478.5;446.0;209.0;237.0
6217;Totaal;Grootegast;2008;12199.5;6229.0;5970.5;5634.0;3134.5;2499.5;5520.5;2763.5;2757.0;591.0;116.5;474.5;454.0;214.5;239.5
6218;Totaal;Grootegast;2009;12166.0;6218.5;5947.5;5611.5;3121.0;2490.5;5484.5;2747.5;2737.0;582.5;118.0;464.5;487.5;232.0;255.5
6219;Totaal;Grootegast;2010;12175.0;6234.0;5941.0;5600.5;3116.5;2484.0;5495.0;2753.5;2741.5;564.5;118.0;446.5;515.0;246.0;269.0
6220;Totaal;Grootegast;2011;12242.0;6269.0;5973.0;5637.0;3130.0;2507.0;5523.0;2767.5;2755.5;552.5;116.5;436.0;529.5;255.0;274.5
6221;Totaal;Grootegast;2012;12248.5;6257.0;5991.5;5635.0;3110.5;2524.5;5502.0;2758.5;2743.5;562.0;122.0;440.0;549.5;266.0;283.5
6222;Totaal;Grootegast;2013;12193.5;6222.0;5971.5;5615.0;3092.0;2523.0;5435.0;2726.5;2708.5;573.0;130.5;442.5;570.5;273.0;297.5
6223;Totaal;Grootegast;2014;12144.0;6190.5;5953.5;5611.5;3087.5;2524.0;5367.0;2690.0;2677.0;579.5;134.0;445.5;586.0;279.0;307.0
6224;Totaal;Grootegast;2015;12139.0;6181.5;5957.5;5635.5;3090.5;2545.0;5313.0;2662.5;2650.5;591.5;137.5;454.0;599.0;291.0;308.0
6225;Totaal;Grootegast;2016;12160.5;6193.5;5967.0;5658.0;3094.0;2564.0;5305.5;2657.0;2648.5;589.5;139.5;450.0;607.5;303.0;304.5
6226;Totaal;Grubbenvorst;1995;6751.5;3450.5;3301.0;2817.5;1560.5;1257.0;3495.0;1748.0;1747.0;286.0;61.5;224.5;153.0;80.5;72.5
6227;Totaal;Grubbenvorst;1996;6737.5;3440.0;3297.5;2799.5;1552.5;1247.0;3480.0;1742.0;1738.0;295.5;61.5;234.0;162.5;84.0;78.5
6228;Totaal;Grubbenvorst;1997;6737.5;3437.0;3300.5;2790.5;1549.5;1241.0;3454.5;1729.0;1725.5;310.0;66.0;244.0;182.5;92.5;90.0
6229;Totaal;Grubbenvorst;1998;6800.5;3460.5;3340.0;2815.0;1558.0;1257.0;3456.5;1727.5;1729.0;317.5;69.0;248.5;211.5;106.0;105.5
6230;Totaal;Grubbenvorst;1999;6851.5;3481.0;3370.5;2823.0;1562.5;1260.5;3476.5;1737.0;1739.5;323.0;69.0;254.0;229.0;112.5;116.5
6231;Totaal;Grubbenvorst;2000;6913.0;3505.0;3408.0;2916.0;1602.5;1313.5;3438.0;1718.0;1720.0;323.5;70.0;253.5;235.5;114.5;121.0
6232;Totaal;Grubbenvorst;2001;;;;;;;;;;;;;;;
6233;Totaal;Grubbenvorst;2002;;;;;;;;;;;;;;;
6234;Totaal;Grubbenvorst;2003;;;;;;;;;;;;;;;
6235;Totaal;Grubbenvorst;2004;;;;;;;;;;;;;;;
6236;Totaal;Grubbenvorst;2005;;;;;;;;;;;;;;;
6237;Totaal;Grubbenvorst;2006;;;;;;;;;;;;;;;
6238;Totaal;Grubbenvorst;2007;;;;;;;;;;;;;;;
6239;Totaal;Grubbenvorst;2008;;;;;;;;;;;;;;;
6240;Totaal;Grubbenvorst;2009;;;;;;;;;;;;;;;
6241;Totaal;Grubbenvorst;2010;;;;;;;;;;;;;;;
6242;Totaal;Grubbenvorst;2011;;;;;;;;;;;;;;;
6243;Totaal;Grubbenvorst;2012;;;;;;;;;;;;;;;
6244;Totaal;Grubbenvorst;2013;;;;;;;;;;;;;;;
6245;Totaal;Grubbenvorst;2014;;;;;;;;;;;;;;;
6246;Totaal;Grubbenvorst;2015;;;;;;;;;;;;;;;
6247;Totaal;Grubbenvorst;2016;;;;;;;;;;;;;;;
6248;Totaal;Gulpen;1995;7798.5;3919.5;3879.0;3002.5;1662.0;1340.5;4070.5;2036.0;2034.5;464.0;88.0;376.0;261.5;133.5;128.0
6249;Totaal;Gulpen;1996;7851.5;3932.0;3919.5;3024.0;1664.5;1359.5;4092.5;2046.5;2046.0;461.5;84.0;377.5;273.5;137.0;136.5
6250;Totaal;Gulpen;1997;7881.0;3933.0;3948.0;3027.0;1656.5;1370.5;4099.0;2048.0;2051.0;461.5;86.0;375.5;293.5;142.5;151.0
6251;Totaal;Gulpen;1998;7832.5;3900.0;3932.5;2996.0;1636.5;1359.5;4065.5;2031.5;2034.0;466.0;88.5;377.5;305.0;143.5;161.5
6252;Totaal;Gulpen;1999;;;;;;;;;;;;;;;
6253;Totaal;Gulpen;2000;;;;;;;;;;;;;;;
6254;Totaal;Gulpen;2001;;;;;;;;;;;;;;;
6255;Totaal;Gulpen;2002;;;;;;;;;;;;;;;
6256;Totaal;Gulpen;2003;;;;;;;;;;;;;;;
6257;Totaal;Gulpen;2004;;;;;;;;;;;;;;;
6258;Totaal;Gulpen;2005;;;;;;;;;;;;;;;
6259;Totaal;Gulpen;2006;;;;;;;;;;;;;;;
6260;Totaal;Gulpen;2007;;;;;;;;;;;;;;;
6261;Totaal;Gulpen;2008;;;;;;;;;;;;;;;
6262;Totaal;Gulpen;2009;;;;;;;;;;;;;;;
6263;Totaal;Gulpen;2010;;;;;;;;;;;;;;;
6264;Totaal;Gulpen;2011;;;;;;;;;;;;;;;
6265;Totaal;Gulpen;2012;;;;;;;;;;;;;;;
6266;Totaal;Gulpen;2013;;;;;;;;;;;;;;;
6267;Totaal;Gulpen;2014;;;;;;;;;;;;;;;
6268;Totaal;Gulpen;2015;;;;;;;;;;;;;;;
6269;Totaal;Gulpen;2016;;;;;;;;;;;;;;;
6270;Totaal;Gulpen-Wittem;1995;;;;;;;;;;;;;;;
6271;Totaal;Gulpen-Wittem;1996;;;;;;;;;;;;;;;
6272;Totaal;Gulpen-Wittem;1997;;;;;;;;;;;;;;;
6273;Totaal;Gulpen-Wittem;1998;;;;;;;;;;;;;;;
6274;Totaal;Gulpen-Wittem;1999;15498.5;7757.5;7741.0;5913.5;3261.0;2652.5;8157.5;4073.0;4084.5;892.5;164.0;728.5;535.0;259.5;275.5
6275;Totaal;Gulpen-Wittem;2000;15492.5;7761.0;7731.5;5906.0;3260.0;2646.0;8146.0;4068.0;4078.0;898.5;169.5;729.0;542.0;263.5;278.5
6276;Totaal;Gulpen-Wittem;2001;15480.0;7757.0;7723.0;5916.0;3263.0;2653.0;8109.0;4050.5;4058.5;900.5;172.5;728.0;554.5;271.0;283.5
6277;Totaal;Gulpen-Wittem;2002;15387.5;7716.0;7671.5;5865.5;3243.0;2622.5;8029.0;4007.5;4021.5;911.0;180.0;731.0;582.0;285.5;296.5
6278;Totaal;Gulpen-Wittem;2003;15237.5;7648.0;7589.5;5751.0;3190.5;2560.5;7952.5;3971.5;3981.0;924.0;191.0;733.0;610.0;295.0;315.0
6279;Totaal;Gulpen-Wittem;2004;15089.5;7578.0;7511.5;5646.0;3148.5;2497.5;7886.0;3938.5;3947.5;933.0;191.5;741.5;624.5;299.5;325.0
6280;Totaal;Gulpen-Wittem;2005;14999.0;7533.0;7466.0;5616.0;3141.5;2474.5;7812.5;3900.5;3912.0;938.0;189.0;749.0;632.5;302.0;330.5
6281;Totaal;Gulpen-Wittem;2006;14897.5;7479.0;7418.5;5584.5;3123.5;2461.0;7713.5;3852.5;3861.0;948.5;193.0;755.5;651.0;310.0;341.0
6282;Totaal;Gulpen-Wittem;2007;14776.5;7424.0;7352.5;5537.5;3102.0;2435.5;7614.5;3804.0;3810.5;950.0;197.0;753.0;674.5;321.0;353.5
6283;Totaal;Gulpen-Wittem;2008;14648.5;7370.5;7278.0;5488.0;3082.0;2406.0;7526.5;3759.5;3767.0;932.0;196.0;736.0;702.0;333.0;369.0
6284;Totaal;Gulpen-Wittem;2009;14589.5;7348.0;7241.5;5429.5;3055.5;2374.0;7476.0;3735.5;3740.5;933.5;203.0;730.5;750.5;354.0;396.5
6285;Totaal;Gulpen-Wittem;2010;14545.0;7332.5;7212.5;5382.5;3041.0;2341.5;7420.5;3711.5;3709.0;949.0;209.5;739.5;793.0;370.5;422.5
6286;Totaal;Gulpen-Wittem;2011;14487.5;7293.5;7194.0;5367.0;3029.0;2338.0;7356.5;3683.5;3673.0;953.5;205.0;748.5;810.5;376.0;434.5
6287;Totaal;Gulpen-Wittem;2012;14461.5;7262.5;7199.0;5351.0;3002.5;2348.5;7318.0;3667.0;3651.0;955.0;202.0;753.0;837.5;391.0;446.5
6288;Totaal;Gulpen-Wittem;2013;14464.0;7260.5;7203.5;5338.0;2986.0;2352.0;7267.5;3641.0;3626.5;975.5;210.0;765.5;883.0;423.5;459.5
6289;Totaal;Gulpen-Wittem;2014;14490.5;7282.0;7208.5;5356.0;3004.5;2351.5;7200.5;3606.0;3594.5;1001.0;217.5;783.5;933.0;454.0;479.0
6290;Totaal;Gulpen-Wittem;2015;14502.5;7317.5;7185.0;5396.0;3054.5;2341.5;7138.0;3578.5;3559.5;997.0;217.5;779.5;971.5;467.0;504.5
6291;Totaal;Gulpen-Wittem;2016;14422.5;7289.5;7133.0;5362.5;3047.0;2315.5;7079.0;3550.5;3528.5;982.5;218.0;764.5;998.5;474.0;524.5
6292;Totaal;Haaksbergen;1995;23617.5;12016.0;11601.5;9906.5;5602.0;4304.5;11861.0;5923.0;5938.0;1274.5;250.5;1024.0;575.5;240.5;335.0
6293;Totaal;Haaksbergen;1996;23691.5;12048.5;11643.0;9885.0;5586.5;4298.5;11921.0;5955.0;5966.0;1278.0;252.0;1026.0;607.5;255.0;352.5
6294;Totaal;Haaksbergen;1997;23706.0;12046.5;11659.5;9829.0;5561.0;4268.0;11945.5;5970.0;5975.5;1302.0;254.5;1047.5;629.5;261.0;368.5
6295;Totaal;Haaksbergen;1998;23718.0;12034.0;11684.0;9766.5;5523.0;4243.5;11973.5;5985.5;5988.0;1324.5;257.5;1067.0;653.5;268.0;385.5
6296;Totaal;Haaksbergen;1999;23807.5;12070.0;11737.5;9740.0;5502.5;4237.5;12048.5;6021.5;6027.0;1341.5;262.5;1079.0;677.5;283.5;394.0
6297;Totaal;Haaksbergen;2000;24007.0;12166.5;11840.5;9826.0;5542.0;4284.0;12115.5;6055.0;6060.5;1349.0;267.0;1082.0;716.5;302.5;414.0
6298;Totaal;Haaksbergen;2001;24161.0;12233.0;11928.0;9925.0;5586.5;4338.5;12131.5;6066.5;6065.0;1353.5;265.5;1088.0;751.0;314.5;436.5
6299;Totaal;Haaksbergen;2002;24151.0;12191.5;11959.5;9914.5;5560.5;4354.0;12101.0;6051.5;6049.5;1368.0;260.5;1107.5;767.5;319.0;448.5
6300;Totaal;Haaksbergen;2003;24116.0;12140.0;11976.0;9874.0;5522.5;4351.5;12065.5;6032.0;6033.5;1379.5;258.0;1121.5;797.0;327.5;469.5
6301;Totaal;Haaksbergen;2004;24195.0;12177.0;12018.0;9950.0;5560.5;4389.5;12021.0;6010.0;6011.0;1389.0;264.5;1124.5;835.0;342.0;493.0
6302;Totaal;Haaksbergen;2005;24305.5;12231.0;12074.5;10052.0;5602.5;4449.5;11989.0;5995.5;5993.5;1397.5;275.5;1122.0;867.0;357.5;509.5
6303;Totaal;Haaksbergen;2006;24346.0;12241.0;12105.0;10100.0;5607.0;4493.0;11942.0;5977.5;5964.5;1405.0;285.5;1119.5;899.0;371.0;528.0
6304;Totaal;Haaksbergen;2007;24363.0;12256.0;12107.0;10149.5;5626.0;4523.5;11863.0;5941.0;5922.0;1421.0;300.5;1120.5;929.5;388.5;541.0
6305;Totaal;Haaksbergen;2008;24436.5;12300.0;12136.5;10237.5;5673.0;4564.5;11817.0;5915.0;5902.0;1439.0;311.5;1127.5;943.0;400.5;542.5
6306;Totaal;Haaksbergen;2009;24490.5;12311.0;12179.5;10266.5;5671.0;4595.5;11739.5;5875.0;5864.5;1457.5;321.0;1136.5;1027.0;444.0;583.0
6307;Totaal;Haaksbergen;2010;24467.0;12278.5;12188.5;10241.0;5641.0;4600.0;11648.0;5826.0;5822.0;1469.0;329.0;1140.0;1109.0;482.5;626.5
6308;Totaal;Haaksbergen;2011;24433.5;12276.5;12157.0;10252.0;5665.5;4586.5;11581.0;5790.0;5791.0;1468.5;331.5;1137.0;1132.0;489.5;642.5
6309;Totaal;Haaksbergen;2012;24370.5;12261.0;12109.5;10244.0;5675.0;4569.0;11499.5;5749.5;5750.0;1471.5;336.0;1135.5;1155.5;500.5;655.0
6310;Totaal;Haaksbergen;2013;24333.0;12239.5;12093.5;10260.0;5682.0;4578.0;11405.0;5703.5;5701.5;1478.0;338.5;1139.5;1190.0;515.5;674.5
6311;Totaal;Haaksbergen;2014;24325.5;12228.5;12097.0;10308.5;5704.5;4604.0;11269.5;5637.0;5632.5;1495.0;346.0;1149.0;1252.5;541.0;711.5
6312;Totaal;Haaksbergen;2015;24319.5;12214.5;12105.0;10367.0;5727.5;4639.5;11128.5;5565.5;5563.0;1521.0;359.0;1162.0;1303.0;562.5;740.5
6313;Totaal;Haaksbergen;2016;24302.0;12203.0;12099.0;10412.0;5749.0;4663.0;11010.5;5507.5;5503.0;1538.0;366.5;1171.5;1341.5;580.0;761.5
6314;Totaal;Haaren;1995;5481.0;2773.0;2708.0;2509.0;1340.5;1168.5;2639.0;1318.0;1321.0;201.0;54.5;146.5;132.0;60.0;72.0
6315;Totaal;Haaren;1996;12329.0;6163.5;6165.5;5345.0;2826.0;2519.0;6134.0;3069.0;3065.0;535.5;128.0;407.5;314.5;140.5;174.0
6316;Totaal;Haaren;1997;13990.0;7221.0;6769.0;6286.5;3536.5;2750.0;6773.0;3388.5;3384.5;588.5;141.5;447.0;342.0;154.5;187.5
6317;Totaal;Haaren;1998;13984.0;7188.5;6795.5;6220.5;3483.5;2737.0;6813.5;3406.0;3407.5;595.0;139.0;456.0;355.0;160.0;195.0
6318;Totaal;Haaren;1999;13975.0;7167.0;6808.0;6185.0;3455.5;2729.5;6825.5;3412.5;3413.0;604.5;138.5;466.0;360.0;160.5;199.5
6319;Totaal;Haaren;2000;14033.5;7172.0;6861.5;6192.5;3437.0;2755.5;6850.0;3425.0;3425.0;610.0;140.5;469.5;381.0;169.5;211.5
6320;Totaal;Haaren;2001;14111.0;7186.5;6924.5;6228.0;3433.5;2794.5;6858.0;3430.0;3428.0;613.5;139.5;474.0;411.5;183.5;228.0
6321;Totaal;Haaren;2002;14090.0;7162.0;6928.0;6219.0;3416.0;2803.0;6825.5;3411.5;3414.0;618.0;143.0;475.0;427.5;191.5;236.0
6322;Totaal;Haaren;2003;14040.0;7128.0;6912.0;6180.0;3385.0;2795.0;6791.5;3391.5;3400.0;621.5;148.5;473.0;447.0;203.0;244.0
6323;Totaal;Haaren;2004;13975.5;7087.5;6888.0;6142.5;3356.5;2786.0;6733.0;3364.5;3368.5;634.0;156.0;478.0;466.0;210.5;255.5
6324;Totaal;Haaren;2005;13873.5;7030.0;6843.5;6070.0;3317.0;2753.0;6669.5;3333.0;3336.5;651.5;163.5;488.0;482.5;216.5;266.0
6325;Totaal;Haaren;2006;13802.5;7003.5;6799.0;6002.0;3295.5;2706.5;6624.5;3309.0;3315.5;670.0;170.5;499.5;506.0;228.5;277.5
6326;Totaal;Haaren;2007;13770.5;6999.5;6771.0;5970.5;3294.0;2676.5;6590.5;3291.0;3299.5;678.5;173.0;505.5;531.0;241.5;289.5
6327;Totaal;Haaren;2008;13740.0;7002.5;6737.5;5941.5;3296.0;2645.5;6566.0;3282.0;3284.0;679.5;173.5;506.0;553.0;251.0;302.0
6328;Totaal;Haaren;2009;13668.0;6985.0;6683.0;5873.5;3272.5;2601.0;6524.0;3264.5;3259.5;685.0;178.5;506.5;585.5;269.5;316.0
6329;Totaal;Haaren;2010;13627.5;6962.5;6665.0;5820.5;3236.5;2584.0;6500.5;3254.5;3246.0;687.0;179.0;508.0;619.5;292.5;327.0
6330;Totaal;Haaren;2011;13625.5;6957.5;6668.0;5827.5;3235.0;2592.5;6475.5;3241.5;3234.0;687.5;179.0;508.5;635.0;302.0;333.0
6331;Totaal;Haaren;2012;13596.5;6966.5;6630.0;5844.0;3253.0;2591.0;6424.5;3217.0;3207.5;662.0;175.0;487.0;666.0;321.5;344.5
6332;Totaal;Haaren;2013;13579.5;6975.0;6604.5;5860.5;3267.0;2593.5;6374.5;3195.0;3179.5;643.0;170.5;472.5;701.5;342.5;359.0
6333;Totaal;Haaren;2014;13555.0;6962.0;6593.0;5847.5;3261.0;2586.5;6342.0;3179.0;3163.0;638.0;167.0;471.0;727.5;355.0;372.5
6334;Totaal;Haaren;2015;13546.5;6958.5;6588.0;5845.0;3259.0;2586.0;6300.0;3158.5;3141.5;637.5;165.5;472.0;764.0;375.5;388.5
6335;Totaal;Haaren;2016;13741.0;7031.5;6709.5;5964.0;3311.0;2653.0;6294.0;3154.0;3140.0;681.5;171.5;510.0;801.5;395.0;406.5
6336;Totaal;Haarlem;1995;148262.5;71373.5;76889.0;66923.5;35101.5;31822.0;60244.5;30160.5;30084.0;10454.5;1677.0;8777.5;10640.0;4434.5;6205.5
6337;Totaal;Haarlem;1996;147527.0;71001.5;76525.5;67162.0;35152.5;32009.5;59307.5;29669.0;29638.5;10223.0;1647.5;8575.5;10834.5;4532.5;6302.0
6338;Totaal;Haarlem;1997;147638.0;71112.5;76525.5;67929.5;35533.0;32396.5;58651.5;29344.5;29307.0;10037.5;1618.5;8419.0;11019.5;4616.5;6403.0
6339;Totaal;Haarlem;1998;148050.5;71404.0;76646.5;68706.0;35940.5;32765.5;58276.5;29194.5;29082.0;9669.5;1556.5;8113.0;11398.5;4712.5;6686.0
6340;Totaal;Haarlem;1999;148373.0;71647.5;76725.5;69393.0;36319.0;33074.0;57937.0;29027.0;28910.0;9500.5;1544.5;7956.0;11542.5;4757.0;6785.5
6341;Totaal;Haarlem;2000;148430.5;71750.5;76680.0;70003.5;36655.5;33348.0;57493.0;28795.0;28698.0;9566.0;1589.0;7977.0;11368.0;4711.0;6657.0
6342;Totaal;Haarlem;2001;148104.0;71740.5;76363.5;70403.0;36893.0;33510.0;56948.5;28524.5;28424.0;9346.5;1595.5;7751.0;11406.0;4727.5;6678.5
6343;Totaal;Haarlem;2002;147464.0;71599.0;75865.0;71014.0;37237.0;33777.0;55934.5;28028.0;27906.5;9026.5;1570.0;7456.5;11489.0;4764.0;6725.0
6344;Totaal;Haarlem;2003;147220.0;71556.0;75664.0;71575.5;37520.0;34055.5;55254.5;27683.0;27571.5;8840.5;1562.0;7278.5;11549.5;4791.0;6758.5
6345;Totaal;Haarlem;2004;147041.0;71432.5;75608.5;71879.0;37606.5;34272.5;54731.0;27408.0;27323.0;8757.5;1566.5;7191.0;11673.5;4851.5;6822.0
6346;Totaal;Haarlem;2005;146877.0;71241.0;75636.0;72557.0;37815.0;34742.0;53832.0;26955.0;26877.0;8627.5;1556.0;7071.5;11860.5;4915.0;6945.5
6347;Totaal;Haarlem;2006;146987.5;71253.5;75734.0;73372.5;38137.5;35235.0;53151.0;26620.0;26531.0;8450.0;1532.5;6917.5;12014.0;4963.5;7050.5
6348;Totaal;Haarlem;2007;147300.0;71481.0;75819.0;74281.5;38601.0;35680.5;52657.5;26381.0;26276.5;8236.5;1502.5;6734.0;12124.5;4996.5;7128.0
6349;Totaal;Haarlem;2008;147915.5;71861.0;76054.5;75374.0;39154.5;36219.5;52287.0;26177.5;26109.5;8066.5;1495.0;6571.5;12188.0;5034.0;7154.0
6350;Totaal;Haarlem;2009;148885.0;72382.5;76502.5;76395.5;39643.5;36752.0;52056.0;26053.0;26003.0;7928.0;1483.0;6445.0;12505.5;5203.0;7302.5
6351;Totaal;Haarlem;2010;150124.5;73001.5;77123.0;77497.0;40148.5;37348.5;52037.0;26050.5;25986.5;7803.5;1474.5;6329.0;12787.0;5328.0;7459.0
6352;Totaal;Haarlem;2011;151244.0;73591.0;77653.0;78665.5;40709.0;37956.5;52020.5;26038.5;25982.0;7727.0;1504.0;6223.0;12831.0;5339.5;7491.5
6353;Totaal;Haarlem;2012;152455.5;74288.5;78167.0;79855.5;41344.5;38511.0;51970.5;26013.0;25957.5;7654.5;1534.0;6120.5;12975.0;5397.0;7578.0
6354;Totaal;Haarlem;2013;154120.0;75217.0;78903.0;81373.5;42135.0;39238.5;51986.5;26031.0;25955.5;7569.5;1541.0;6028.5;13190.5;5510.0;7680.5
6355;Totaal;Haarlem;2014;155896.0;76130.0;79766.0;83021.0;42943.0;40078.0;51923.5;26008.5;25915.0;7543.0;1573.5;5969.5;13408.5;5605.0;7803.5
6356;Totaal;Haarlem;2015;157392.5;76939.0;80453.5;84602.5;43789.5;40813.0;51733.0;25910.0;25823.0;7457.5;1589.0;5868.5;13599.5;5650.5;7949.0
6357;Totaal;Haarlem;2016;158684.5;77714.0;80970.5;86052.0;44621.0;41431.0;51499.0;25801.5;25697.5;7340.5;1578.5;5762.0;13793.0;5713.0;8080.0
6358;Totaal;Haarlemmerliede en Spaarnwoude;1995;5360.5;2632.5;2728.0;2314.5;1200.5;1114.0;2588.0;1294.0;1294.0;244.0;39.5;204.5;214.0;98.5;115.5
6359;Totaal;Haarlemmerliede en Spaarnwoude;1996;5343.5;2625.5;2718.0;2313.0;1206.5;1106.5;2543.5;1269.0;1274.5;261.5;46.0;215.5;225.5;104.0;121.5
6360;Totaal;Haarlemmerliede en Spaarnwoude;1997;5233.0;2567.0;2666.0;2244.5;1176.0;1068.5;2495.5;1243.0;1252.5;265.0;47.0;218.0;228.0;101.0;127.0
6361;Totaal;Haarlemmerliede en Spaarnwoude;1998;5219.5;2556.5;2663.0;2242.5;1172.5;1070.0;2482.5;1236.5;1246.0;261.0;45.0;216.0;233.5;102.5;131.0
6362;Totaal;Haarlemmerliede en Spaarnwoude;1999;5286.5;2599.0;2687.5;2279.0;1195.5;1083.5;2515.0;1253.0;1262.0;261.0;48.5;212.5;231.5;102.0;129.5
6363;Totaal;Haarlemmerliede en Spaarnwoude;2000;5474.0;2698.5;2775.5;2376.0;1247.5;1128.5;2600.5;1297.5;1303.0;265.5;52.0;213.5;232.0;101.5;130.5
6364;Totaal;Haarlemmerliede en Spaarnwoude;2001;5562.5;2748.0;2814.5;2431.0;1284.0;1147.0;2620.0;1306.5;1313.5;264.0;50.5;213.5;247.5;107.0;140.5
6365;Totaal;Haarlemmerliede en Spaarnwoude;2002;5540.0;2734.5;2805.5;2434.0;1285.5;1148.5;2591.0;1290.0;1301.0;262.0;48.5;213.5;253.0;110.5;142.5
6366;Totaal;Haarlemmerliede en Spaarnwoude;2003;5544.5;2735.5;2809.0;2456.5;1297.0;1159.5;2580.0;1284.5;1295.5;262.0;48.0;214.0;246.0;106.0;140.0
6367;Totaal;Haarlemmerliede en Spaarnwoude;2004;5554.0;2750.5;2803.5;2475.5;1318.5;1157.0;2562.5;1278.0;1284.5;265.5;50.0;215.5;250.5;104.0;146.5
6368;Totaal;Haarlemmerliede en Spaarnwoude;2005;5520.5;2732.0;2788.5;2470.0;1310.0;1160.0;2530.0;1263.0;1267.0;255.0;49.5;205.5;265.5;109.5;156.0
6369;Totaal;Haarlemmerliede en Spaarnwoude;2006;5466.5;2698.0;2768.5;2451.0;1290.0;1161.0;2498.5;1247.5;1251.0;237.5;46.5;191.0;279.5;114.0;165.5
6370;Totaal;Haarlemmerliede en Spaarnwoude;2007;5436.5;2682.5;2754.0;2438.0;1282.0;1156.0;2479.0;1237.0;1242.0;233.0;45.5;187.5;286.5;118.0;168.5
6371;Totaal;Haarlemmerliede en Spaarnwoude;2008;5429.5;2678.5;2751.0;2437.0;1280.5;1156.5;2473.0;1232.0;1241.0;226.5;44.5;182.0;293.0;121.5;171.5
6372;Totaal;Haarlemmerliede en Spaarnwoude;2009;5414.0;2672.0;2742.0;2431.0;1278.5;1152.5;2460.0;1222.0;1238.0;218.5;45.0;173.5;304.5;126.5;178.0
6373;Totaal;Haarlemmerliede en Spaarnwoude;2010;5415.0;2676.5;2738.5;2448.0;1287.5;1160.5;2427.0;1203.5;1223.5;215.0;46.5;168.5;325.0;139.0;186.0
6374;Totaal;Haarlemmerliede en Spaarnwoude;2011;5453.0;2693.5;2759.5;2483.5;1299.5;1184.0;2419.0;1200.0;1219.0;208.0;45.5;162.5;342.5;148.5;194.0
6375;Totaal;Haarlemmerliede en Spaarnwoude;2012;5500.0;2714.5;2785.5;2514.5;1308.0;1206.5;2436.0;1210.0;1226.0;204.5;46.0;158.5;345.0;150.5;194.5
6376;Totaal;Haarlemmerliede en Spaarnwoude;2013;5530.5;2724.5;2806.0;2559.0;1322.0;1237.0;2414.0;1200.5;1213.5;209.5;51.0;158.5;348.0;151.0;197.0
6377;Totaal;Haarlemmerliede en Spaarnwoude;2014;5554.5;2732.0;2822.5;2594.5;1337.0;1257.5;2385.0;1187.5;1197.5;213.5;54.0;159.5;361.5;153.5;208.0
6378;Totaal;Haarlemmerliede en Spaarnwoude;2015;5576.0;2750.5;2825.5;2604.5;1352.0;1252.5;2386.0;1189.0;1197.0;212.5;52.5;160.0;373.0;157.0;216.0
6379;Totaal;Haarlemmerliede en Spaarnwoude;2016;5621.5;2786.5;2835.0;2637.0;1385.5;1251.5;2371.0;1184.0;1187.0;231.5;56.5;175.0;382.0;160.5;221.5
6380;Totaal;Haarlemmermeer;1995;105185.0;52603.5;52581.5;45773.0;24632.0;21141.0;50221.0;25102.0;25119.0;4423.0;785.5;3637.5;4768.0;2084.0;2684.0
6381;Totaal;Haarlemmermeer;1996;107159.5;53535.0;53624.5;47020.5;25235.5;21785.0;50642.5;25310.0;25332.5;4495.0;807.5;3687.5;5001.5;2182.0;2819.5
6382;Totaal;Haarlemmermeer;1997;108566.5;54203.5;54363.0;47849.0;25628.5;22220.5;50954.0;25469.0;25485.0;4535.0;826.5;3708.5;5228.5;2279.5;2949.0
6383;Totaal;Haarlemmermeer;1998;109143.0;54508.5;54634.5;48115.0;25787.0;22328.0;51048.0;25530.5;25517.5;4501.5;828.0;3673.5;5478.5;2363.0;3115.5
6384;Totaal;Haarlemmermeer;1999;110266.0;55084.0;55182.0;48575.5;26063.0;22512.5;51439.0;25739.0;25700.0;4568.5;837.5;3731.0;5683.0;2444.5;3238.5
6385;Totaal;Haarlemmermeer;2000;112354.0;56136.5;56217.5;49635.0;26647.5;22987.5;52140.5;26084.5;26056.0;4722.0;876.5;3845.5;5856.5;2528.0;3328.5
6386;Totaal;Haarlemmermeer;2001;116053.0;58015.0;58038.0;51807.5;27796.0;24011.5;53280.5;26658.5;26622.0;4806.0;905.0;3901.0;6159.0;2655.5;3503.5
6387;Totaal;Haarlemmermeer;2002;120727.5;60359.0;60368.5;54455.5;29153.0;25302.5;54865.5;27463.0;27402.5;4888.5;926.0;3962.5;6518.0;2817.0;3701.0
6388;Totaal;Haarlemmermeer;2003;125326.0;62595.0;62731.0;56974.0;30394.5;26579.5;56504.5;28276.5;28228.0;4980.0;950.0;4030.0;6867.5;2974.0;3893.5
6389;Totaal;Haarlemmermeer;2004;129783.0;64758.0;65025.0;59506.5;31624.0;27882.5;57964.5;29008.0;28956.5;5061.5;982.5;4079.0;7250.5;3143.5;4107.0
6390;Totaal;Haarlemmermeer;2005;133476.0;66567.0;66909.0;61621.0;32649.5;28971.5;59081.0;29567.0;29514.0;5142.0;1028.5;4113.5;7632.0;3322.0;4310.0
6391;Totaal;Haarlemmermeer;2006;136695.5;68119.5;68576.0;63524.0;33582.0;29942.0;59944.0;29988.5;29955.5;5241.5;1057.5;4184.0;7986.0;3491.5;4494.5
6392;Totaal;Haarlemmermeer;2007;139451.5;69408.0;70043.5;65178.5;34372.5;30806.0;60586.0;30308.0;30278.0;5337.0;1079.5;4257.5;8350.0;3648.0;4702.0
6393;Totaal;Haarlemmermeer;2008;141345.0;70323.5;71021.5;66357.5;34986.0;31371.5;60859.5;30448.0;30411.5;5449.5;1114.0;4335.5;8678.5;3775.5;4903.0
6394;Totaal;Haarlemmermeer;2009;142415.0;70844.5;71570.5;66871.0;35302.0;31569.0;60850.5;30443.0;30407.5;5573.5;1142.0;4431.5;9120.0;3957.5;5162.5
6395;Totaal;Haarlemmermeer;2010;143081.0;71154.0;71927.0;67074.0;35407.0;31667.0;60891.0;30480.0;30411.0;5636.5;1160.5;4476.0;9479.5;4106.5;5373.0
6396;Totaal;Haarlemmermeer;2011;143658.5;71432.0;72226.5;67386.5;35548.0;31838.5;60941.0;30516.5;30424.5;5671.5;1190.5;4481.0;9659.5;4177.0;5482.5
6397;Totaal;Haarlemmermeer;2012;144048.0;71632.5;72415.5;67642.0;35700.5;31941.5;60835.0;30459.0;30376.0;5711.0;1212.5;4498.5;9860.0;4260.5;5599.5
6398;Totaal;Haarlemmermeer;2013;144192.0;71743.5;72448.5;67829.0;35858.0;31971.0;60571.0;30324.0;30247.0;5732.0;1226.0;4506.0;10060.0;4335.5;5724.5
6399;Totaal;Haarlemmermeer;2014;144106.5;71670.5;72436.0;67882.0;35879.5;32002.5;60146.5;30106.0;30040.5;5766.0;1240.0;4526.0;10312.0;4445.0;5867.0
6400;Totaal;Haarlemmermeer;2015;144335.0;71734.5;72600.5;68093.5;35950.0;32143.5;59886.5;29969.0;29917.5;5796.0;1265.0;4531.0;10559.0;4550.5;6008.5
6401;Totaal;Haarlemmermeer;2016;145260.5;72232.5;73028.0;68714.5;36293.0;32421.5;59977.5;30019.0;29958.5;5824.0;1306.0;4518.0;10744.5;4614.5;6130.0
6402;Totaal;Haelen;1995;9920.5;4911.0;5009.5;3909.0;2084.5;1824.5;5164.0;2581.5;2582.5;529.0;88.0;441.0;318.5;157.0;161.5
6403;Totaal;Haelen;1996;9874.0;4871.0;5003.0;3865.0;2056.0;1809.0;5129.0;2564.0;2565.0;543.0;86.0;457.0;337.0;165.0;172.0
6404;Totaal;Haelen;1997;9859.5;4852.0;5007.5;3837.5;2035.5;1802.0;5109.0;2555.0;2554.0;553.5;82.5;471.0;359.5;179.0;180.5
6405;Totaal;Haelen;1998;9874.0;4866.5;5007.5;3828.0;2039.5;1788.5;5102.0;2552.5;2549.5;567.5;93.0;474.5;376.5;181.5;195.0
6406;Totaal;Haelen;1999;9949.0;4904.5;5044.5;3860.5;2056.5;1804.0;5108.5;2557.5;2551.0;592.0;108.0;484.0;388.0;182.5;205.5
6407;Totaal;Haelen;2000;10037.0;4938.5;5098.5;3923.5;2082.0;1841.5;5109.5;2559.0;2550.5;600.0;107.5;492.5;404.0;190.0;214.0
6408;Totaal;Haelen;2001;10078.0;4953.0;5125.0;3958.0;2099.0;1859.0;5101.5;2551.0;2550.5;599.5;107.0;492.5;419.0;196.0;223.0
6409;Totaal;Haelen;2002;10104.5;4959.5;5145.0;3979.0;2106.5;1872.5;5088.0;2540.5;2547.5;621.5;116.5;505.0;416.0;196.0;220.0
6410;Totaal;Haelen;2003;10061.5;4938.5;5123.0;3963.5;2097.0;1866.5;5059.0;2527.0;2532.0;631.0;122.0;509.0;408.0;192.5;215.5
6411;Totaal;Haelen;2004;9985.5;4916.5;5069.0;3945.0;2086.5;1858.5;5016.5;2508.0;2508.5;606.5;124.5;482.0;417.5;197.5;220.0
6412;Totaal;Haelen;2005;9966.0;4909.5;5056.5;3962.0;2084.0;1878.0;4979.5;2491.5;2488.0;591.5;129.0;462.5;433.0;205.0;228.0
6413;Totaal;Haelen;2006;9942.5;4902.5;5040.0;3957.5;2079.0;1878.5;4950.0;2479.5;2470.5;584.5;129.5;455.0;450.5;214.5;236.0
6414;Totaal;Haelen;2007;;;;;;;;;;;;;;;
6415;Totaal;Haelen;2008;;;;;;;;;;;;;;;
6416;Totaal;Haelen;2009;;;;;;;;;;;;;;;
6417;Totaal;Haelen;2010;;;;;;;;;;;;;;;
6418;Totaal;Haelen;2011;;;;;;;;;;;;;;;
6419;Totaal;Haelen;2012;;;;;;;;;;;;;;;
6420;Totaal;Haelen;2013;;;;;;;;;;;;;;;
6421;Totaal;Haelen;2014;;;;;;;;;;;;;;;
6422;Totaal;Haelen;2015;;;;;;;;;;;;;;;
6423;Totaal;Haelen;2016;;;;;;;;;;;;;;;
6424;Totaal;Halderberge;1995;;;;;;;;;;;;;;;
6425;Totaal;Halderberge;1996;;;;;;;;;;;;;;;
6426;Totaal;Halderberge;1997;29357.5;14719.5;14638.0;11316.0;6186.5;5129.5;15517.0;7766.5;7750.5;1571.5;320.0;1251.5;953.0;446.5;506.5
6427;Totaal;Halderberge;1998;29480.0;14789.5;14690.5;11350.0;6219.5;5130.5;15542.0;7791.0;7751.0;1584.5;318.0;1266.5;1003.5;461.0;542.5
6428;Totaal;Halderberge;1999;29619.0;14854.5;14764.5;11373.5;6234.0;5139.5;15594.0;7820.5;7773.5;1596.5;314.5;1282.0;1055.0;485.5;569.5
6429;Totaal;Halderberge;2000;29573.5;14789.0;14784.5;11329.5;6181.0;5148.5;15513.0;7768.5;7744.5;1636.5;331.0;1305.5;1094.5;508.5;586.0
6430;Totaal;Halderberge;2001;29563.5;14755.0;14808.5;11328.0;6148.0;5180.0;15401.5;7709.5;7692.0;1665.5;354.5;1311.0;1168.5;543.0;625.5
6431;Totaal;Halderberge;2002;29685.5;14824.5;14861.0;11382.0;6180.5;5201.5;15368.0;7697.0;7671.0;1692.0;370.5;1321.5;1243.5;576.5;667.0
6432;Totaal;Halderberge;2003;29712.5;14834.0;14878.5;11412.5;6201.0;5211.5;15295.0;7661.0;7634.0;1709.5;380.5;1329.0;1295.5;591.5;704.0
6433;Totaal;Halderberge;2004;29608.0;14781.5;14826.5;11389.5;6193.5;5196.0;15178.0;7600.0;7578.0;1701.0;381.0;1320.0;1339.5;607.0;732.5
6434;Totaal;Halderberge;2005;29509.5;14752.5;14757.0;11367.5;6192.0;5175.5;15057.5;7540.0;7517.5;1696.0;382.0;1314.0;1388.5;638.5;750.0
6435;Totaal;Halderberge;2006;29406.5;14694.5;14712.0;11347.5;6174.0;5173.5;14931.0;7480.0;7451.0;1696.0;381.0;1315.0;1432.0;659.5;772.5
6436;Totaal;Halderberge;2007;29409.5;14670.5;14739.0;11399.0;6176.0;5223.0;14874.0;7455.0;7419.0;1685.0;380.0;1305.0;1451.5;659.5;792.0
6437;Totaal;Halderberge;2008;29379.5;14645.0;14734.5;11395.5;6163.0;5232.5;14815.5;7428.0;7387.5;1689.5;384.5;1305.0;1479.0;669.5;809.5
6438;Totaal;Halderberge;2009;29281.0;14593.0;14688.0;11322.0;6122.5;5199.5;14691.5;7364.5;7327.0;1714.5;396.5;1318.0;1553.0;709.5;843.5
6439;Totaal;Halderberge;2010;29291.5;14590.5;14701.0;11339.5;6127.0;5212.5;14574.5;7303.5;7271.0;1736.5;404.5;1332.0;1641.0;755.5;885.5
6440;Totaal;Halderberge;2011;29308.5;14574.5;14734.0;11356.5;6127.0;5229.5;14456.5;7244.5;7212.0;1768.5;409.5;1359.0;1727.0;793.5;933.5
6441;Totaal;Halderberge;2012;29278.0;14529.5;14748.5;11326.5;6096.0;5230.5;14366.0;7203.0;7163.0;1801.0;416.0;1385.0;1784.5;814.5;970.0
6442;Totaal;Halderberge;2013;29285.5;14532.0;14753.5;11340.0;6101.5;5238.5;14330.5;7190.0;7140.5;1812.5;424.0;1388.5;1802.5;816.5;986.0
6443;Totaal;Halderberge;2014;29412.0;14592.0;14820.0;11449.5;6153.5;5296.0;14269.0;7156.5;7112.5;1825.5;434.0;1391.5;1868.0;848.0;1020.0
6444;Totaal;Halderberge;2015;29507.5;14631.0;14876.5;11554.5;6197.5;5357.0;14166.0;7105.0;7061.0;1840.5;437.5;1403.0;1946.5;891.0;1055.5
6445;Totaal;Halderberge;2016;29555.0;14666.5;14888.5;11621.0;6238.5;5382.5;14103.5;7072.0;7031.5;1853.5;448.5;1405.0;1977.0;907.5;1069.5
6446;Totaal;Halsteren;1995;13123.0;6571.0;6552.0;4937.5;2701.5;2236.0;6991.0;3495.0;3496.0;678.0;142.0;536.0;516.5;232.5;284.0
6447;Totaal;Halsteren;1996;13163.5;6607.5;6556.0;4940.5;2719.5;2221.0;7001.5;3502.0;3499.5;684.0;146.0;538.0;537.5;240.0;297.5
6448;Totaal;Halsteren;1997;;;;;;;;;;;;;;;
6449;Totaal;Halsteren;1998;;;;;;;;;;;;;;;
6450;Totaal;Halsteren;1999;;;;;;;;;;;;;;;
6451;Totaal;Halsteren;2000;;;;;;;;;;;;;;;
6452;Totaal;Halsteren;2001;;;;;;;;;;;;;;;
6453;Totaal;Halsteren;2002;;;;;;;;;;;;;;;
6454;Totaal;Halsteren;2003;;;;;;;;;;;;;;;
6455;Totaal;Halsteren;2004;;;;;;;;;;;;;;;
6456;Totaal;Halsteren;2005;;;;;;;;;;;;;;;
6457;Totaal;Halsteren;2006;;;;;;;;;;;;;;;
6458;Totaal;Halsteren;2007;;;;;;;;;;;;;;;
6459;Totaal;Halsteren;2008;;;;;;;;;;;;;;;
6460;Totaal;Halsteren;2009;;;;;;;;;;;;;;;
6461;Totaal;Halsteren;2010;;;;;;;;;;;;;;;
6462;Totaal;Halsteren;2011;;;;;;;;;;;;;;;
6463;Totaal;Halsteren;2012;;;;;;;;;;;;;;;
6464;Totaal;Halsteren;2013;;;;;;;;;;;;;;;
6465;Totaal;Halsteren;2014;;;;;;;;;;;;;;;
6466;Totaal;Halsteren;2015;;;;;;;;;;;;;;;
6467;Totaal;Halsteren;2016;;;;;;;;;;;;;;;
6468;Totaal;Den Ham;1995;14812.0;7461.0;7351.0;6334.5;3485.5;2849.0;7420.0;3712.5;3707.5;809.0;143.5;665.5;248.5;119.5;129.0
6469;Totaal;Den Ham;1996;14799.0;7469.0;7330.0;6269.5;3472.5;2797.0;7427.5;3716.0;3711.5;832.0;150.0;682.0;270.0;130.5;139.5
6470;Totaal;Den Ham;1997;14829.0;7495.5;7333.5;6237.5;3474.5;2763.0;7470.5;3738.5;3732.0;841.0;147.5;693.5;280.0;135.0;145.0
6471;Totaal;Den Ham;1998;14894.5;7535.5;7359.0;6244.5;3495.5;2749.0;7501.0;3753.5;3747.5;858.5;149.5;709.0;290.5;137.0;153.5
6472;Totaal;Den Ham;1999;14940.5;7545.0;7395.5;6230.0;3487.5;2742.5;7537.0;3768.0;3769.0;875.0;151.0;724.0;298.5;138.5;160.0
6473;Totaal;Den Ham;2000;14995.0;7574.5;7420.5;6254.0;3500.5;2753.5;7564.0;3780.0;3784.0;869.0;152.0;717.0;308.0;142.0;166.0
6474;Totaal;Den Ham;2001;;;;;;;;;;;;;;;
6475;Totaal;Den Ham;2002;;;;;;;;;;;;;;;
6476;Totaal;Den Ham;2003;;;;;;;;;;;;;;;
6477;Totaal;Den Ham;2004;;;;;;;;;;;;;;;
6478;Totaal;Den Ham;2005;;;;;;;;;;;;;;;
6479;Totaal;Den Ham;2006;;;;;;;;;;;;;;;
6480;Totaal;Den Ham;2007;;;;;;;;;;;;;;;
6481;Totaal;Den Ham;2008;;;;;;;;;;;;;;;
6482;Totaal;Den Ham;2009;;;;;;;;;;;;;;;
6483;Totaal;Den Ham;2010;;;;;;;;;;;;;;;
6484;Totaal;Den Ham;2011;;;;;;;;;;;;;;;
6485;Totaal;Den Ham;2012;;;;;;;;;;;;;;;
6486;Totaal;Den Ham;2013;;;;;;;;;;;;;;;
6487;Totaal;Den Ham;2014;;;;;;;;;;;;;;;
6488;Totaal;Den Ham;2015;;;;;;;;;;;;;;;
6489;Totaal;Den Ham;2016;;;;;;;;;;;;;;;
6490;Totaal;Hardenberg;1995;34123.5;17226.0;16897.5;15227.0;8341.5;6885.5;16553.0;8272.0;8281.0;1726.0;326.5;1399.5;617.5;286.0;331.5
6491;Totaal;Hardenberg;1996;34619.0;17434.0;17185.0;15459.5;8428.0;7031.5;16743.0;8370.0;8373.0;1757.0;331.5;1425.5;659.5;304.5;355.0
6492;Totaal;Hardenberg;1997;34863.0;17527.0;17336.0;15572.5;8466.0;7106.5;16799.0;8400.0;8399.0;1794.0;345.0;1449.0;697.5;316.0;381.5
6493;Totaal;Hardenberg;1998;34982.0;17576.5;17405.5;15585.0;8470.0;7115.0;16822.5;8417.0;8405.5;1825.5;363.0;1462.5;749.0;326.5;422.5
6494;Totaal;Hardenberg;1999;35050.5;17617.0;17433.5;15575.5;8482.0;7093.5;16852.5;8435.0;8417.5;1841.5;360.5;1481.0;781.0;339.5;441.5
6495;Totaal;Hardenberg;2000;35205.5;17718.0;17487.5;15630.0;8541.5;7088.5;16920.5;8467.5;8453.0;1845.0;352.5;1492.5;810.0;356.5;453.5
6496;Totaal;Hardenberg;2001;57368.5;28994.0;28374.5;25085.0;13823.0;11262.0;27771.0;13901.0;13870.0;3015.0;572.0;2443.0;1497.5;698.0;799.5
6497;Totaal;Hardenberg;2002;57607.0;29124.5;28482.5;25314.0;13944.5;11369.5;27732.5;13883.0;13849.5;3006.5;575.5;2431.0;1554.0;721.5;832.5
6498;Totaal;Hardenberg;2003;57775.5;29205.0;28570.5;25508.5;14046.5;11462.0;27663.5;13841.0;13822.5;3008.0;574.0;2434.0;1595.5;743.5;852.0
6499;Totaal;Hardenberg;2004;57837.5;29217.0;28620.5;25571.5;14076.0;11495.5;27603.5;13804.5;13799.0;3019.5;567.0;2452.5;1643.0;769.5;873.5
6500;Totaal;Hardenberg;2005;57882.0;29239.5;28642.5;25647.5;14117.0;11530.5;27498.0;13751.5;13746.5;3032.0;568.5;2463.5;1704.5;802.5;902.0
6501;Totaal;Hardenberg;2006;58007.0;29335.0;28672.0;25752.0;14178.5;11573.5;27451.0;13730.5;13720.5;3028.5;581.5;2447.0;1775.5;844.5;931.0
6502;Totaal;Hardenberg;2007;58156.0;29428.0;28728.0;25856.0;14229.0;11627.0;27418.5;13713.0;13705.5;3042.5;602.0;2440.5;1839.0;884.0;955.0
6503;Totaal;Hardenberg;2008;58428.5;29553.5;28875.0;26075.5;14324.0;11751.5;27384.5;13693.0;13691.5;3065.0;620.0;2445.0;1903.5;916.5;987.0
6504;Totaal;Hardenberg;2009;58832.0;29758.0;29074.0;26188.0;14372.0;11816.0;27433.0;13716.5;13716.5;3061.5;632.0;2429.5;2149.5;1037.5;1112.0
6505;Totaal;Hardenberg;2010;59148.5;29934.0;29214.5;26230.5;14393.0;11837.5;27479.0;13743.0;13736.0;3052.5;646.5;2406.0;2386.5;1151.5;1235.0
6506;Totaal;Hardenberg;2011;59356.5;30060.5;29296.0;26371.0;14486.0;11885.0;27461.0;13734.5;13726.5;3058.0;663.5;2394.5;2466.5;1176.5;1290.0
6507;Totaal;Hardenberg;2012;59507.5;30130.0;29377.5;26482.5;14537.0;11945.5;27403.0;13703.5;13699.5;3073.0;683.5;2389.5;2549.0;1206.0;1343.0
6508;Totaal;Hardenberg;2013;59581.0;30146.5;29434.5;26581.5;14567.0;12014.5;27296.5;13645.5;13651.0;3077.0;694.5;2382.5;2626.0;1239.5;1386.5
6509;Totaal;Hardenberg;2014;59577.0;30127.5;29449.5;26638.5;14588.5;12050.0;27124.5;13557.0;13567.5;3087.0;696.0;2391.0;2727.0;1286.0;1441.0
6510;Totaal;Hardenberg;2015;59632.0;30149.0;29483.0;26702.5;14616.0;12086.5;27006.0;13499.5;13506.5;3092.0;702.0;2390.0;2831.5;1331.5;1500.0
6511;Totaal;Hardenberg;2016;59949.0;30319.5;29629.5;26912.0;14731.5;12180.5;27028.0;13511.5;13516.5;3091.0;711.0;2380.0;2918.0;1365.5;1552.5
6512;Totaal;Harderwijk;1995;37196.5;18303.0;18893.5;16170.0;8511.0;7659.0;17702.0;8855.5;8846.5;1801.5;301.0;1500.5;1523.0;635.5;887.5
6513;Totaal;Harderwijk;1996;37729.5;18607.5;19122.0;16413.5;8673.0;7740.5;17892.5;8954.0;8938.5;1810.0;305.5;1504.5;1613.5;675.0;938.5
6514;Totaal;Harderwijk;1997;38208.0;18829.0;19379.0;16622.0;8785.5;7836.5;18070.5;9040.0;9030.5;1824.5;310.5;1514.0;1691.0;693.0;998.0
6515;Totaal;Harderwijk;1998;38822.5;19084.5;19738.0;16893.0;8897.0;7996.0;18349.5;9169.5;9180.0;1816.0;306.0;1510.0;1764.0;712.0;1052.0
6516;Totaal;Harderwijk;1999;39474.5;19415.0;20059.5;17183.0;9041.5;8141.5;18600.5;9294.0;9306.5;1834.0;319.5;1514.5;1857.0;760.0;1097.0
6517;Totaal;Harderwijk;2000;39965.5;19684.5;20281.0;17404.0;9180.0;8224.0;18752.0;9371.0;9381.0;1880.5;339.0;1541.5;1929.0;794.5;1134.5
6518;Totaal;Harderwijk;2001;40292.5;19852.5;20440.0;17550.5;9264.5;8286.0;18834.5;9412.5;9422.0;1902.0;347.0;1555.0;2005.5;828.5;1177.0
6519;Totaal;Harderwijk;2002;40501.0;19972.0;20529.0;17673.0;9345.0;8328.0;18822.5;9409.5;9413.0;1917.5;354.0;1563.5;2088.0;863.5;1224.5
6520;Totaal;Harderwijk;2003;40581.0;20018.0;20563.0;17755.5;9403.0;8352.5;18763.5;9380.5;9383.0;1943.5;366.0;1577.5;2118.5;868.5;1250.0
6521;Totaal;Harderwijk;2004;40719.0;20077.0;20642.0;17877.5;9473.5;8404.0;18696.0;9342.5;9353.5;1997.0;388.0;1609.0;2148.5;873.0;1275.5
6522;Totaal;Harderwijk;2005;41133.5;20275.0;20858.5;18122.5;9609.5;8513.0;18746.5;9368.5;9378.0;2056.5;410.0;1646.5;2208.0;887.0;1321.0
6523;Totaal;Harderwijk;2006;41733.5;20566.5;21167.0;18451.5;9773.5;8678.0;18906.0;9451.5;9454.5;2080.5;424.0;1656.5;2295.5;917.5;1378.0
6524;Totaal;Harderwijk;2007;42206.0;20800.0;21406.0;18713.5;9898.0;8815.5;19028.0;9505.5;9522.5;2078.5;429.0;1649.5;2386.0;967.5;1418.5
6525;Totaal;Harderwijk;2008;42712.5;21044.0;21668.5;18971.0;10013.0;8958.0;19165.0;9565.5;9599.5;2082.0;428.0;1654.0;2494.5;1037.5;1457.0
6526;Totaal;Harderwijk;2009;43551.0;21446.5;22104.5;19314.0;10173.5;9140.5;19422.5;9697.0;9725.5;2098.0;431.5;1666.5;2716.5;1144.5;1572.0
6527;Totaal;Harderwijk;2010;44471.0;21892.5;22578.5;19694.5;10364.0;9330.5;19732.5;9854.5;9878.0;2113.0;437.0;1676.0;2931.0;1237.0;1694.0
6528;Totaal;Harderwijk;2011;45180.5;22246.5;22934.0;20060.0;10562.0;9498.0;19956.5;9963.5;9993.0;2106.0;428.0;1678.0;3058.0;1293.0;1765.0
6529;Totaal;Harderwijk;2012;45539.5;22419.5;23120.0;20255.0;10652.0;9603.0;20048.5;10010.0;10038.5;2107.5;430.5;1677.0;3128.5;1327.0;1801.5
6530;Totaal;Harderwijk;2013;45691.0;22483.0;23208.0;20317.5;10671.5;9646.0;20065.0;10019.0;10046.0;2131.0;443.5;1687.5;3177.5;1349.0;1828.5
6531;Totaal;Harderwijk;2014;45754.0;22529.0;23225.0;20329.0;10696.5;9632.5;20017.0;9993.0;10024.0;2146.5;455.0;1691.5;3261.5;1384.5;1877.0
6532;Totaal;Harderwijk;2015;45871.0;22631.0;23240.0;20373.5;10759.0;9614.5;19969.5;9964.5;10005.0;2169.0;473.0;1696.0;3359.0;1434.5;1924.5
6533;Totaal;Harderwijk;2016;46159.0;22810.0;23349.0;20555.5;10893.0;9662.5;19951.0;9955.0;9996.0;2200.0;491.5;1708.5;3452.5;1470.5;1982.0
6534;Totaal;Hardinxveld-Giessendam;1995;17578.0;8675.0;8903.0;7364.5;3894.5;3470.0;8972.5;4486.5;4486.0;910.5;163.5;747.0;330.5;130.5;200.0
6535;Totaal;Hardinxveld-Giessendam;1996;17581.5;8691.5;8890.0;7355.0;3910.0;3445.0;8951.0;4473.0;4478.0;928.0;167.5;760.5;347.5;141.0;206.5
6536;Totaal;Hardinxveld-Giessendam;1997;17578.0;8687.5;8890.5;7358.0;3915.0;3443.0;8911.0;4453.0;4458.0;942.5;169.5;773.0;366.5;150.0;216.5
6537;Totaal;Hardinxveld-Giessendam;1998;17640.5;8717.0;8923.5;7382.0;3924.5;3457.5;8937.5;4469.5;4468.0;942.0;167.5;774.5;379.0;155.5;223.5
6538;Totaal;Hardinxveld-Giessendam;1999;17723.5;8777.0;8946.5;7389.0;3940.5;3448.5;9007.0;4505.0;4502.0;940.5;168.5;772.0;387.0;163.0;224.0
6539;Totaal;Hardinxveld-Giessendam;2000;17785.5;8807.5;8978.0;7405.5;3949.0;3456.5;9045.0;4524.5;4520.5;940.0;165.5;774.5;395.0;168.5;226.5
6540;Totaal;Hardinxveld-Giessendam;2001;17776.0;8805.5;8970.5;7422.5;3962.0;3460.5;8998.5;4502.5;4496.0;941.0;161.0;780.0;414.0;180.0;234.0
6541;Totaal;Hardinxveld-Giessendam;2002;17791.0;8826.5;8964.5;7449.5;3991.5;3458.0;8968.0;4487.5;4480.5;941.0;157.0;784.0;432.5;190.5;242.0
6542;Totaal;Hardinxveld-Giessendam;2003;17834.5;8835.5;8999.0;7446.5;3984.0;3462.5;9015.5;4509.0;4506.5;940.0;152.5;787.5;432.5;190.0;242.5
6543;Totaal;Hardinxveld-Giessendam;2004;17813.5;8805.5;9008.0;7428.0;3956.5;3471.5;9012.5;4508.0;4504.5;937.5;150.5;787.0;435.5;190.5;245.0
6544;Totaal;Hardinxveld-Giessendam;2005;17787.0;8786.5;9000.5;7451.0;3964.5;3486.5;8953.5;4477.0;4476.5;934.5;153.0;781.5;448.0;192.0;256.0
6545;Totaal;Hardinxveld-Giessendam;2006;17734.0;8763.0;8971.0;7464.0;3973.0;3491.0;8890.0;4444.0;4446.0;931.5;159.5;772.0;448.5;186.5;262.0
6546;Totaal;Hardinxveld-Giessendam;2007;17648.5;8731.0;8917.5;7453.5;3973.0;3480.5;8824.5;4410.0;4414.5;929.5;165.5;764.0;441.0;182.5;258.5
6547;Totaal;Hardinxveld-Giessendam;2008;17571.0;8697.0;8874.0;7420.0;3959.0;3461.0;8758.0;4376.5;4381.5;930.5;170.0;760.5;462.5;191.5;271.0
6548;Totaal;Hardinxveld-Giessendam;2009;17517.5;8683.0;8834.5;7358.5;3934.5;3424.0;8715.0;4354.5;4360.5;924.5;173.0;751.5;519.5;221.0;298.5
6549;Totaal;Hardinxveld-Giessendam;2010;17516.0;8706.0;8810.0;7305.0;3928.0;3377.0;8715.0;4352.5;4362.5;933.0;176.5;756.5;563.0;249.0;314.0
6550;Totaal;Hardinxveld-Giessendam;2011;17594.5;8746.0;8848.5;7316.5;3933.0;3383.5;8745.5;4372.5;4373.0;940.5;180.0;760.5;592.0;260.5;331.5
6551;Totaal;Hardinxveld-Giessendam;2012;17688.0;8798.0;8890.0;7362.5;3956.5;3406.0;8762.0;4385.0;4377.0;939.0;181.0;758.0;624.5;275.5;349.0
6552;Totaal;Hardinxveld-Giessendam;2013;17740.0;8832.5;8907.5;7412.5;3988.5;3424.0;8738.5;4369.5;4369.0;941.0;183.5;757.5;648.0;291.0;357.0
6553;Totaal;Hardinxveld-Giessendam;2014;17780.0;8865.0;8915.0;7438.0;4012.0;3426.0;8715.5;4356.5;4359.0;942.5;191.5;751.0;684.0;305.0;379.0
6554;Totaal;Hardinxveld-Giessendam;2015;17788.0;8894.5;8893.5;7441.5;4028.0;3413.5;8686.5;4345.0;4341.5;947.0;202.0;745.0;713.0;319.5;393.5
6555;Totaal;Hardinxveld-Giessendam;2016;17823.0;8920.5;8902.5;7493.5;4057.0;3436.5;8662.0;4331.5;4330.5;947.0;206.5;740.5;720.5;325.5;395.0
6556;Totaal;Haren;1995;18654.0;8836.0;9818.0;6913.0;3537.0;3376.0;9543.0;4769.0;4774.0;1510.5;257.5;1253.0;687.5;272.5;415.0
6557;Totaal;Haren;1996;18625.0;8806.5;9818.5;6913.0;3525.0;3388.0;9490.5;4743.5;4747.0;1497.0;249.5;1247.5;724.5;288.5;436.0
6558;Totaal;Haren;1997;18697.5;8826.0;9871.5;6930.5;3531.0;3399.5;9515.5;4749.0;4766.5;1489.0;245.0;1244.0;762.5;301.0;461.5
6559;Totaal;Haren;1998;18657.0;8778.5;9878.5;6889.5;3502.5;3387.0;9456.0;4716.5;4739.5;1499.5;249.0;1250.5;812.0;310.5;501.5
6560;Totaal;Haren;1999;18586.0;8728.5;9857.5;6865.0;3477.0;3388.0;9366.0;4675.0;4691.0;1507.5;253.0;1254.5;847.5;323.5;524.0
6561;Totaal;Haren;2000;18640.5;8760.0;9880.5;6951.5;3514.0;3437.5;9308.5;4650.5;4658.0;1511.5;259.0;1252.5;869.0;336.5;532.5
6562;Totaal;Haren;2001;18671.0;8773.0;9898.0;7045.0;3548.0;3497.0;9209.0;4605.5;4603.5;1508.5;266.5;1242.0;908.5;353.0;555.5
6563;Totaal;Haren;2002;18826.0;8835.0;9991.0;7209.5;3614.5;3595.0;9150.5;4575.5;4575.0;1516.0;275.5;1240.5;950.0;369.5;580.5
6564;Totaal;Haren;2003;19028.0;8931.0;10097.0;7410.0;3728.0;3682.0;9111.0;4549.0;4562.0;1537.0;283.5;1253.5;970.0;370.5;599.5
6565;Totaal;Haren;2004;19091.0;8979.0;10112.0;7542.0;3817.5;3724.5;9028.5;4509.0;4519.5;1536.0;282.0;1254.0;984.5;370.5;614.0
6566;Totaal;Haren;2005;19120.5;9024.5;10096.0;7645.0;3876.0;3769.0;8958.0;4478.5;4479.5;1508.5;284.5;1224.0;1009.0;385.5;623.5
6567;Totaal;Haren;2006;18958.0;8934.5;10023.5;7598.0;3839.5;3758.5;8839.5;4413.0;4426.5;1487.0;279.5;1207.5;1033.5;402.5;631.0
6568;Totaal;Haren;2007;18757.5;8811.0;9946.5;7511.5;3783.5;3728.0;8706.5;4341.5;4365.0;1492.0;278.0;1214.0;1047.5;408.0;639.5
6569;Totaal;Haren;2008;18669.0;8779.5;9889.5;7523.5;3796.5;3727.0;8599.5;4288.0;4311.5;1486.5;280.5;1206.0;1059.5;414.5;645.0
6570;Totaal;Haren;2009;18574.0;8744.0;9830.0;7487.5;3785.5;3702.0;8510.0;4245.0;4265.0;1467.5;277.0;1190.5;1109.0;436.5;672.5
6571;Totaal;Haren;2010;18515.5;8729.0;9786.5;7446.5;3773.0;3673.5;8450.0;4218.0;4232.0;1445.0;273.0;1172.0;1174.0;465.0;709.0
6572;Totaal;Haren;2011;18486.0;8733.0;9753.0;7477.5;3803.0;3674.5;8369.5;4176.0;4193.5;1426.0;268.5;1157.5;1213.0;485.5;727.5
6573;Totaal;Haren;2012;18549.5;8772.5;9777.0;7597.5;3866.5;3731.0;8292.5;4132.5;4160.0;1415.5;272.0;1143.5;1244.0;501.5;742.5
6574;Totaal;Haren;2013;18712.0;8872.0;9840.0;7795.5;3982.0;3813.5;8219.0;4089.5;4129.5;1404.5;277.0;1127.5;1293.0;523.5;769.5
6575;Totaal;Haren;2014;18853.0;8967.0;9886.0;7918.5;4065.5;3853.0;8201.5;4081.5;4120.0;1380.5;278.5;1102.0;1352.5;541.5;811.0
6576;Totaal;Haren;2015;19000.0;9060.0;9940.0;8023.0;4114.0;3909.0;8225.5;4105.0;4120.5;1360.5;280.5;1080.0;1391.0;560.5;830.5
6577;Totaal;Haren;2016;19323.0;9221.5;10101.5;8312.0;4239.5;4072.5;8236.5;4110.5;4126.0;1352.0;288.5;1063.5;1422.5;583.0;839.5
6578;Totaal;Harenkarspel;1995;14634.5;7518.5;7116.0;6823.5;3823.0;3000.5;6827.5;3408.0;3419.5;560.0;98.5;461.5;423.5;189.0;234.5
6579;Totaal;Harenkarspel;1996;14676.5;7558.5;7118.0;6869.0;3859.0;3010.0;6827.0;3408.5;3418.5;542.5;93.5;449.0;438.0;197.5;240.5
6580;Totaal;Harenkarspel;1997;14739.5;7593.5;7146.0;6900.0;3876.5;3023.5;6840.0;3416.5;3423.5;544.5;97.0;447.5;455.0;203.5;251.5
6581;Totaal;Harenkarspel;1998;14817.0;7631.5;7185.5;6907.5;3877.5;3030.0;6883.5;3442.0;3441.5;557.0;103.0;454.0;469.0;209.0;260.0
6582;Totaal;Harenkarspel;1999;14897.0;7666.5;7230.5;6942.0;3888.0;3054.0;6894.5;3449.0;3445.5;566.0;106.5;459.5;494.5;223.0;271.5
6583;Totaal;Harenkarspel;2000;15037.5;7722.5;7315.0;7018.5;3917.5;3101.0;6913.5;3456.0;3457.5;580.5;112.5;468.0;525.0;236.5;288.5
6584;Totaal;Harenkarspel;2001;15249.5;7824.0;7425.5;7134.0;3974.0;3160.0;6965.5;3482.5;3483.0;596.5;120.0;476.5;553.5;247.5;306.0
6585;Totaal;Harenkarspel;2002;15574.0;7981.5;7592.5;7338.5;4074.0;3264.5;7033.0;3519.5;3513.5;611.0;126.0;485.0;591.5;262.0;329.5
6586;Totaal;Harenkarspel;2003;15830.0;8098.5;7731.5;7510.5;4150.5;3360.0;7081.5;3544.0;3537.5;615.5;131.0;484.5;622.5;273.0;349.5
6587;Totaal;Harenkarspel;2004;15830.5;8084.5;7746.0;7529.0;4141.5;3387.5;7039.5;3523.5;3516.0;622.0;138.0;484.0;640.0;281.5;358.5
6588;Totaal;Harenkarspel;2005;15774.0;8046.5;7727.5;7485.0;4109.0;3376.0;6999.0;3506.0;3493.0;638.5;142.5;496.0;651.5;289.0;362.5
6589;Totaal;Harenkarspel;2006;15832.0;8085.5;7746.5;7493.5;4127.5;3366.0;7014.5;3515.5;3499.0;657.5;149.5;508.0;666.5;293.0;373.5
6590;Totaal;Harenkarspel;2007;15921.0;8148.5;7772.5;7543.0;4170.5;3372.5;7032.5;3526.0;3506.5;666.0;154.5;511.5;679.5;297.5;382.0
6591;Totaal;Harenkarspel;2008;15950.0;8175.5;7774.5;7574.5;4196.0;3378.5;7015.0;3514.0;3501.0;658.5;153.5;505.0;702.0;312.0;390.0
6592;Totaal;Harenkarspel;2009;16027.0;8221.0;7806.0;7586.0;4200.0;3386.0;7026.0;3518.0;3508.0;651.5;154.0;497.5;763.5;349.0;414.5
6593;Totaal;Harenkarspel;2010;16132.5;8270.0;7862.5;7594.5;4195.0;3399.5;7042.5;3526.0;3516.5;669.5;160.5;509.0;826.0;388.5;437.5
6594;Totaal;Harenkarspel;2011;16186.5;8294.5;7892.0;7621.0;4206.0;3415.0;7007.0;3509.0;3498.0;694.0;169.0;525.0;864.5;410.5;454.0
6595;Totaal;Harenkarspel;2012;16158.0;8284.0;7874.0;7608.5;4202.0;3406.5;6967.5;3490.5;3477.0;693.0;171.5;521.5;889.0;420.0;469.0
6596;Totaal;Harenkarspel;2013;;;;;;;;;;;;;;;
6597;Totaal;Harenkarspel;2014;;;;;;;;;;;;;;;
6598;Totaal;Harenkarspel;2015;;;;;;;;;;;;;;;
6599;Totaal;Harenkarspel;2016;;;;;;;;;;;;;;;
6600;Totaal;Harlingen;1995;15186.5;7481.0;7705.5;6444.5;3502.5;2942.0;7042.5;3516.5;3526.0;1008.5;175.0;833.5;691.0;287.0;404.0
6601;Totaal;Harlingen;1996;15233.5;7508.5;7725.0;6490.5;3526.5;2964.0;7012.5;3502.5;3510.0;1007.0;178.5;828.5;723.5;301.0;422.5
6602;Totaal;Harlingen;1997;15315.0;7563.0;7752.0;6543.5;3560.0;2983.5;6982.5;3491.0;3491.5;1017.5;186.0;831.5;771.5;326.0;445.5
6603;Totaal;Harlingen;1998;15397.0;7632.5;7764.5;6579.0;3601.0;2978.0;6957.5;3487.0;3470.5;1012.0;191.0;821.0;848.5;353.5;495.0
6604;Totaal;Harlingen;1999;15432.0;7668.0;7764.0;6586.0;3615.0;2971.0;6946.0;3490.0;3456.0;1009.0;199.5;809.5;891.0;363.5;527.5
6605;Totaal;Harlingen;2000;15435.0;7663.5;7771.5;6595.5;3614.0;2981.5;6925.0;3475.0;3450.0;1008.0;204.0;804.0;906.5;370.5;536.0
6606;Totaal;Harlingen;2001;15488.5;7695.0;7793.5;6687.5;3667.0;3020.5;6859.0;3435.0;3424.0;998.0;203.0;795.0;944.0;390.0;554.0
6607;Totaal;Harlingen;2002;15547.0;7756.0;7791.0;6802.5;3747.5;3055.0;6782.5;3396.0;3386.5;988.0;205.5;782.5;974.0;407.0;567.0
6608;Totaal;Harlingen;2003;15700.0;7874.0;7826.0;6922.0;3840.5;3081.5;6796.5;3402.5;3394.0;980.5;210.0;770.5;1001.0;421.0;580.0
6609;Totaal;Harlingen;2004;15899.0;7982.0;7917.0;7046.0;3914.0;3132.0;6830.0;3420.5;3409.5;985.5;211.0;774.5;1037.5;436.5;601.0
6610;Totaal;Harlingen;2005;15800.5;7918.5;7882.0;6989.5;3872.5;3117.0;6768.5;3392.5;3376.0;981.0;208.0;773.0;1061.5;445.5;616.0
6611;Totaal;Harlingen;2006;15553.5;7778.5;7775.0;6832.0;3775.5;3056.5;6708.0;3362.0;3346.0;955.0;203.0;752.0;1058.5;438.0;620.5
6612;Totaal;Harlingen;2007;15516.0;7749.5;7766.5;6801.0;3748.5;3052.5;6715.5;3362.5;3353.0;937.5;202.0;735.5;1062.0;436.5;625.5
6613;Totaal;Harlingen;2008;15628.0;7811.0;7817.0;6860.0;3784.0;3076.0;6733.0;3370.0;3363.0;936.5;203.0;733.5;1098.5;454.0;644.5
6614;Totaal;Harlingen;2009;15749.0;7877.5;7871.5;6881.5;3806.0;3075.5;6728.0;3366.0;3362.0;946.0;208.0;738.0;1193.5;497.5;696.0
6615;Totaal;Harlingen;2010;15843.5;7929.5;7914.0;6878.5;3808.5;3070.0;6721.0;3361.0;3360.0;959.0;216.5;742.5;1285.0;543.5;741.5
6616;Totaal;Harlingen;2011;15861.0;7956.5;7904.5;6885.5;3818.0;3067.5;6687.0;3346.0;3341.0;966.5;228.5;738.0;1322.0;564.0;758.0
6617;Totaal;Harlingen;2012;15849.0;7965.0;7884.0;6894.0;3832.5;3061.5;6633.0;3323.0;3310.0;978.0;239.5;738.5;1344.0;570.0;774.0
6618;Totaal;Harlingen;2013;15837.5;7954.5;7883.0;6916.5;3844.5;3072.0;6561.0;3289.0;3272.0;986.0;241.5;744.5;1374.0;579.5;794.5
6619;Totaal;Harlingen;2014;15800.0;7932.0;7868.0;6926.5;3846.5;3080.0;6479.0;3248.0;3231.0;991.0;244.5;746.5;1403.5;593.0;810.5
6620;Totaal;Harlingen;2015;15796.0;7949.0;7847.0;6954.0;3871.5;3082.5;6417.0;3214.5;3202.5;995.5;248.0;747.5;1429.5;615.0;814.5
6621;Totaal;Harlingen;2016;15836.5;7981.5;7855.0;7007.5;3902.5;3105.0;6358.0;3182.5;3175.5;998.0;251.5;746.5;1473.0;645.0;828.0
6622;Totaal;Harmelen;1995;8032.0;3999.0;4033.0;3523.5;1914.0;1609.5;3781.0;1893.5;1887.5;419.0;67.0;352.0;308.5;124.5;184.0
6623;Totaal;Harmelen;1996;8061.0;4008.5;4052.5;3559.5;1932.5;1627.0;3766.0;1886.5;1879.5;428.5;65.0;363.5;307.0;124.5;182.5
6624;Totaal;Harmelen;1997;8038.5;3988.0;4050.5;3536.5;1915.0;1621.5;3770.5;1887.0;1883.5;433.5;65.5;368.0;298.0;120.5;177.5
6625;Totaal;Harmelen;1998;8025.0;3976.0;4049.0;3501.0;1893.0;1608.0;3785.5;1892.0;1893.5;435.0;65.5;369.5;303.5;125.5;178.0
6626;Totaal;Harmelen;1999;8003.5;3963.5;4040.0;3482.5;1886.5;1596.0;3761.0;1877.0;1884.0;448.0;65.0;383.0;312.0;135.0;177.0
6627;Totaal;Harmelen;2000;7936.5;3939.0;3997.5;3455.5;1881.5;1574.0;3709.0;1850.5;1858.5;456.5;67.0;389.5;315.5;140.0;175.5
6628;Totaal;Harmelen;2001;;;;;;;;;;;;;;;
6629;Totaal;Harmelen;2002;;;;;;;;;;;;;;;
6630;Totaal;Harmelen;2003;;;;;;;;;;;;;;;
6631;Totaal;Harmelen;2004;;;;;;;;;;;;;;;
6632;Totaal;Harmelen;2005;;;;;;;;;;;;;;;
6633;Totaal;Harmelen;2006;;;;;;;;;;;;;;;
6634;Totaal;Harmelen;2007;;;;;;;;;;;;;;;
6635;Totaal;Harmelen;2008;;;;;;;;;;;;;;;
6636;Totaal;Harmelen;2009;;;;;;;;;;;;;;;
6637;Totaal;Harmelen;2010;;;;;;;;;;;;;;;
6638;Totaal;Harmelen;2011;;;;;;;;;;;;;;;
6639;Totaal;Harmelen;2012;;;;;;;;;;;;;;;
6640;Totaal;Harmelen;2013;;;;;;;;;;;;;;;
6641;Totaal;Harmelen;2014;;;;;;;;;;;;;;;
6642;Totaal;Harmelen;2015;;;;;;;;;;;;;;;
6643;Totaal;Harmelen;2016;;;;;;;;;;;;;;;
6644;Totaal;Hasselt;1995;7413.5;3765.0;3648.5;3441.5;1882.0;1559.5;3517.0;1758.5;1758.5;297.5;57.5;240.0;157.5;67.0;90.5
6645;Totaal;Hasselt;1996;7398.0;3757.0;3641.0;3402.5;1867.5;1535.0;3512.0;1758.0;1754.0;315.5;60.0;255.5;168.0;71.5;96.5
6646;Totaal;Hasselt;1997;7456.5;3785.0;3671.5;3408.0;1872.0;1536.0;3547.5;1775.5;1772.0;328.5;60.0;268.5;172.5;77.5;95.0
6647;Totaal;Hasselt;1998;7534.0;3816.5;3717.5;3434.5;1883.0;1551.5;3589.5;1795.5;1794.0;331.0;55.5;275.5;179.0;82.5;96.5
6648;Totaal;Hasselt;1999;7587.0;3833.5;3753.5;3452.5;1887.0;1565.5;3621.0;1809.5;1811.5;331.0;56.0;275.0;182.5;81.0;101.5
6649;Totaal;Hasselt;2000;7795.5;3943.5;3852.0;3584.0;1957.5;1626.5;3693.0;1844.5;1848.5;329.0;57.5;271.5;189.5;84.0;105.5
6650;Totaal;Hasselt;2001;;;;;;;;;;;;;;;
6651;Totaal;Hasselt;2002;;;;;;;;;;;;;;;
6652;Totaal;Hasselt;2003;;;;;;;;;;;;;;;
6653;Totaal;Hasselt;2004;;;;;;;;;;;;;;;
6654;Totaal;Hasselt;2005;;;;;;;;;;;;;;;
6655;Totaal;Hasselt;2006;;;;;;;;;;;;;;;
6656;Totaal;Hasselt;2007;;;;;;;;;;;;;;;
6657;Totaal;Hasselt;2008;;;;;;;;;;;;;;;
6658;Totaal;Hasselt;2009;;;;;;;;;;;;;;;
6659;Totaal;Hasselt;2010;;;;;;;;;;;;;;;
6660;Totaal;Hasselt;2011;;;;;;;;;;;;;;;
6661;Totaal;Hasselt;2012;;;;;;;;;;;;;;;
6662;Totaal;Hasselt;2013;;;;;;;;;;;;;;;
6663;Totaal;Hasselt;2014;;;;;;;;;;;;;;;
6664;Totaal;Hasselt;2015;;;;;;;;;;;;;;;
6665;Totaal;Hasselt;2016;;;;;;;;;;;;;;;
6666;Totaal;Hattem;1995;11630.5;5697.5;5933.0;4665.5;2457.5;2208.0;6029.0;3014.5;3014.5;720.5;128.5;592.0;215.5;97.0;118.5
6667;Totaal;Hattem;1996;11681.5;5715.0;5966.5;4685.5;2466.0;2219.5;6044.5;3021.5;3023.0;725.0;130.5;594.5;226.5;97.0;129.5
6668;Totaal;Hattem;1997;11707.0;5727.5;5979.5;4678.5;2468.0;2210.5;6052.0;3023.5;3028.5;734.5;134.5;600.0;242.0;101.5;140.5
6669;Totaal;Hattem;1998;11674.0;5713.5;5960.5;4625.5;2446.0;2179.5;6056.5;3024.0;3032.5;739.5;135.5;604.0;252.5;108.0;144.5
6670;Totaal;Hattem;1999;11630.0;5686.5;5943.5;4590.5;2421.0;2169.5;6042.0;3018.5;3023.5;734.0;132.5;601.5;263.5;114.5;149.0
6671;Totaal;Hattem;2000;11654.5;5687.0;5967.5;4583.5;2406.0;2177.5;6047.5;3024.0;3023.5;737.0;132.5;604.5;286.5;124.5;162.0
6672;Totaal;Hattem;2001;11682.5;5691.5;5991.0;4568.5;2389.5;2179.0;6069.5;3034.0;3035.5;739.5;136.5;603.0;305.0;131.5;173.5
6673;Totaal;Hattem;2002;11690.5;5697.0;5993.5;4570.5;2392.5;2178.0;6076.0;3035.5;3040.5;728.5;133.5;595.0;315.5;135.5;180.0
6674;Totaal;Hattem;2003;11735.0;5716.5;6018.5;4612.5;2415.0;2197.5;6063.5;3031.0;3032.5;726.0;127.0;599.0;333.0;143.5;189.5
6675;Totaal;Hattem;2004;11769.0;5726.5;6042.5;4661.0;2435.5;2225.5;6034.0;3018.5;3015.5;723.5;122.5;601.0;350.5;150.0;200.5
6676;Totaal;Hattem;2005;11729.0;5703.0;6026.0;4652.0;2431.5;2220.5;6003.5;3002.0;3001.5;714.5;116.5;598.0;359.0;153.0;206.0
6677;Totaal;Hattem;2006;11666.0;5669.5;5996.5;4620.0;2419.0;2201.0;5971.5;2983.5;2988.0;710.0;112.5;597.5;364.5;154.5;210.0
6678;Totaal;Hattem;2007;11643.5;5662.0;5981.5;4628.0;2433.0;2195.0;5932.5;2960.5;2972.0;712.0;113.0;599.0;371.0;155.5;215.5
6679;Totaal;Hattem;2008;11682.5;5682.0;6000.5;4675.5;2461.5;2214.0;5894.5;2941.0;2953.5;720.0;118.0;602.0;392.5;161.5;231.0
6680;Totaal;Hattem;2009;11750.0;5723.5;6026.5;4710.5;2487.0;2223.5;5868.0;2930.0;2938.0;725.0;124.5;600.5;446.5;182.0;264.5
6681;Totaal;Hattem;2010;11777.0;5754.0;6023.0;4698.0;2497.0;2201.0;5874.0;2933.0;2941.0;717.5;126.0;591.5;487.5;198.0;289.5
6682;Totaal;Hattem;2011;11783.5;5769.0;6014.5;4687.0;2504.5;2182.5;5884.5;2937.5;2947.0;712.5;124.5;588.0;499.5;202.5;297.0
6683;Totaal;Hattem;2012;11787.0;5769.5;6017.5;4682.0;2508.5;2173.5;5882.5;2935.5;2947.0;708.5;118.5;590.0;514.0;207.0;307.0
6684;Totaal;Hattem;2013;11750.5;5755.5;5995.0;4650.0;2500.0;2150.0;5855.5;2920.5;2935.0;703.0;118.0;585.0;542.0;217.0;325.0
6685;Totaal;Hattem;2014;11776.5;5792.0;5984.5;4663.5;2525.5;2138.0;5832.0;2908.5;2923.5;700.0;123.0;577.0;581.0;235.0;346.0
6686;Totaal;Hattem;2015;11855.5;5833.0;6022.5;4727.5;2550.0;2177.5;5810.0;2900.5;2909.5;695.5;125.5;570.0;622.5;257.0;365.5
6687;Totaal;Hattem;2016;11965.0;5885.0;6080.0;4809.5;2576.5;2233.0;5807.5;2901.5;2906.0;694.5;130.5;564.0;653.5;276.5;377.0
6688;Totaal;Havelte;1995;6227.5;3157.0;3070.5;2259.5;1291.5;968.0;3327.5;1662.5;1665.0;415.0;90.0;325.0;225.5;113.0;112.5
6689;Totaal;Havelte;1996;6337.5;3205.5;3132.0;2308.0;1314.0;994.0;3373.0;1684.5;1688.5;420.5;89.5;331.0;236.0;117.5;118.5
6690;Totaal;Havelte;1997;6447.5;3256.0;3191.5;2358.0;1340.5;1017.5;3417.5;1708.0;1709.5;429.0;91.5;337.5;243.0;116.0;127.0
6691;Totaal;Havelte;1998;;;;;;;;;;;;;;;
6692;Totaal;Havelte;1999;;;;;;;;;;;;;;;
6693;Totaal;Havelte;2000;;;;;;;;;;;;;;;
6694;Totaal;Havelte;2001;;;;;;;;;;;;;;;
6695;Totaal;Havelte;2002;;;;;;;;;;;;;;;
6696;Totaal;Havelte;2003;;;;;;;;;;;;;;;
6697;Totaal;Havelte;2004;;;;;;;;;;;;;;;
6698;Totaal;Havelte;2005;;;;;;;;;;;;;;;
6699;Totaal;Havelte;2006;;;;;;;;;;;;;;;
6700;Totaal;Havelte;2007;;;;;;;;;;;;;;;
6701;Totaal;Havelte;2008;;;;;;;;;;;;;;;
6702;Totaal;Havelte;2009;;;;;;;;;;;;;;;
6703;Totaal;Havelte;2010;;;;;;;;;;;;;;;
6704;Totaal;Havelte;2011;;;;;;;;;;;;;;;
6705;Totaal;Havelte;2012;;;;;;;;;;;;;;;
6706;Totaal;Havelte;2013;;;;;;;;;;;;;;;
6707;Totaal;Havelte;2014;;;;;;;;;;;;;;;
6708;Totaal;Havelte;2015;;;;;;;;;;;;;;;
6709;Totaal;Havelte;2016;;;;;;;;;;;;;;;
6710;Totaal;Hedel;1995;4202.5;2108.0;2094.5;1753.5;947.0;806.5;2140.5;1070.0;1070.5;179.5;30.0;149.5;129.0;61.0;68.0
6711;Totaal;Hedel;1996;4238.0;2125.5;2112.5;1768.5;958.5;810.0;2150.5;1074.0;1076.5;184.5;30.5;154.0;134.5;62.5;72.0
6712;Totaal;Hedel;1997;4315.5;2177.0;2138.5;1791.5;986.0;805.5;2188.5;1094.5;1094.0;191.5;30.0;161.5;144.0;66.5;77.5
6713;Totaal;Hedel;1998;4418.0;2230.0;2188.0;1836.5;1010.0;826.5;2237.5;1120.0;1117.5;194.5;29.0;165.5;149.5;71.0;78.5
6714;Totaal;Hedel;1999;;;;;;;;;;;;;;;
6715;Totaal;Hedel;2000;;;;;;;;;;;;;;;
6716;Totaal;Hedel;2001;;;;;;;;;;;;;;;
6717;Totaal;Hedel;2002;;;;;;;;;;;;;;;
6718;Totaal;Hedel;2003;;;;;;;;;;;;;;;
6719;Totaal;Hedel;2004;;;;;;;;;;;;;;;
6720;Totaal;Hedel;2005;;;;;;;;;;;;;;;
6721;Totaal;Hedel;2006;;;;;;;;;;;;;;;
6722;Totaal;Hedel;2007;;;;;;;;;;;;;;;
6723;Totaal;Hedel;2008;;;;;;;;;;;;;;;
6724;Totaal;Hedel;2009;;;;;;;;;;;;;;;
6725;Totaal;Hedel;2010;;;;;;;;;;;;;;;
6726;Totaal;Hedel;2011;;;;;;;;;;;;;;;
6727;Totaal;Hedel;2012;;;;;;;;;;;;;;;
6728;Totaal;Hedel;2013;;;;;;;;;;;;;;;
6729;Totaal;Hedel;2014;;;;;;;;;;;;;;;
6730;Totaal;Hedel;2015;;;;;;;;;;;;;;;
6731;Totaal;Hedel;2016;;;;;;;;;;;;;;;
6732;Totaal;Heel;1995;8488.5;4231.0;4257.5;3771.5;1985.5;1786.0;4085.5;2046.5;2039.0;389.0;69.0;320.0;242.5;130.0;112.5
6733;Totaal;Heel;1996;8447.5;4213.5;4234.0;3687.5;1947.5;1740.0;4105.0;2055.0;2050.0;392.0;68.5;323.5;263.0;142.5;120.5
6734;Totaal;Heel;1997;8401.0;4189.0;4212.0;3617.5;1912.5;1705.0;4109.0;2057.5;2051.5;397.0;71.5;325.5;277.5;147.5;130.0
6735;Totaal;Heel;1998;8380.0;4180.0;4200.0;3578.5;1897.5;1681.0;4111.5;2060.0;2051.5;406.0;75.0;331.0;284.0;147.5;136.5
6736;Totaal;Heel;1999;8361.0;4174.5;4186.5;3534.0;1879.0;1655.0;4133.5;2070.0;2063.5;403.5;72.5;331.0;290.0;153.0;137.0
6737;Totaal;Heel;2000;8320.5;4151.0;4169.5;3488.0;1855.0;1633.0;4124.0;2065.5;2058.5;408.0;72.5;335.5;300.5;158.0;142.5
6738;Totaal;Heel;2001;8316.0;4147.0;4169.0;3480.0;1854.5;1625.5;4097.0;2051.0;2046.0;420.5;76.5;344.0;318.5;165.0;153.5
6739;Totaal;Heel;2002;8356.0;4181.5;4174.5;3493.0;1872.5;1620.5;4086.5;2044.5;2042.0;433.5;84.0;349.5;343.0;180.5;162.5
6740;Totaal;Heel;2003;8355.0;4192.0;4163.0;3496.5;1885.5;1611.0;4057.5;2031.0;2026.5;442.5;89.0;353.5;358.5;186.5;172.0
6741;Totaal;Heel;2004;8334.0;4190.5;4143.5;3501.0;1901.0;1600.0;4025.0;2016.5;2008.5;446.0;88.5;357.5;362.0;184.5;177.5
6742;Totaal;Heel;2005;8305.0;4180.0;4125.0;3481.0;1895.0;1586.0;3997.0;2001.5;1995.5;448.5;88.5;360.0;378.5;195.0;183.5
6743;Totaal;Heel;2006;8301.5;4182.5;4119.0;3472.0;1892.0;1580.0;3991.5;1996.5;1995.0;445.5;88.5;357.0;392.5;205.5;187.0
6744;Totaal;Heel;2007;;;;;;;;;;;;;;;
6745;Totaal;Heel;2008;;;;;;;;;;;;;;;
6746;Totaal;Heel;2009;;;;;;;;;;;;;;;
6747;Totaal;Heel;2010;;;;;;;;;;;;;;;
6748;Totaal;Heel;2011;;;;;;;;;;;;;;;
6749;Totaal;Heel;2012;;;;;;;;;;;;;;;
6750;Totaal;Heel;2013;;;;;;;;;;;;;;;
6751;Totaal;Heel;2014;;;;;;;;;;;;;;;
6752;Totaal;Heel;2015;;;;;;;;;;;;;;;
6753;Totaal;Heel;2016;;;;;;;;;;;;;;;
6754;Totaal;Heemskerk;1995;35082.5;17342.0;17740.5;14717.0;7827.0;6890.0;16915.5;8449.0;8466.5;1780.0;344.0;1436.0;1670.0;722.0;948.0
6755;Totaal;Heemskerk;1996;35079.0;17283.0;17796.0;14712.0;7796.0;6916.0;16763.5;8372.0;8391.5;1844.5;362.5;1482.0;1759.0;752.5;1006.5
6756;Totaal;Heemskerk;1997;34987.5;17216.0;17771.5;14616.5;7737.0;6879.5;16669.5;8329.0;8340.5;1881.5;370.5;1511.0;1820.0;779.5;1040.5
6757;Totaal;Heemskerk;1998;35351.0;17374.0;17977.0;14764.5;7799.0;6965.5;16803.0;8397.0;8406.0;1896.5;373.0;1523.5;1887.0;805.0;1082.0
6758;Totaal;Heemskerk;1999;35827.5;17581.5;18246.0;14980.0;7892.0;7088.0;16927.5;8464.5;8463.0;1957.5;381.5;1576.0;1962.5;843.5;1119.0
6759;Totaal;Heemskerk;2000;35997.5;17618.5;18379.0;15006.0;7865.5;7140.5;16915.5;8463.5;8452.0;2041.5;405.0;1636.5;2034.5;884.5;1150.0
6760;Totaal;Heemskerk;2001;36177.5;17664.0;18513.5;15079.5;7879.0;7200.5;16879.0;8439.5;8439.5;2081.5;415.0;1666.5;2137.5;930.5;1207.0
6761;Totaal;Heemskerk;2002;36351.0;17746.5;18604.5;15220.0;7977.5;7242.5;16772.0;8381.5;8390.5;2115.5;413.5;1702.0;2243.5;974.0;1269.5
6762;Totaal;Heemskerk;2003;36357.5;17775.5;18582.0;15321.5;8070.5;7251.0;16597.0;8293.0;8304.0;2132.5;421.5;1711.0;2306.5;990.5;1316.0
6763;Totaal;Heemskerk;2004;36366.5;17798.0;18568.5;15375.5;8124.5;7251.0;16532.5;8254.0;8278.5;2126.5;421.5;1705.0;2332.0;998.0;1334.0
6764;Totaal;Heemskerk;2005;36954.5;18078.0;18876.5;15714.0;8295.0;7419.0;16724.5;8344.5;8380.0;2126.5;417.5;1709.0;2389.5;1021.0;1368.5
6765;Totaal;Heemskerk;2006;37714.5;18453.5;19261.0;16156.5;8527.0;7629.5;16956.5;8467.5;8489.0;2144.0;420.5;1723.5;2457.5;1038.5;1419.0
6766;Totaal;Heemskerk;2007;38193.5;18683.0;19510.5;16420.0;8668.0;7752.0;17087.0;8541.5;8545.5;2175.0;423.0;1752.0;2511.5;1050.5;1461.0
6767;Totaal;Heemskerk;2008;38433.0;18797.5;19635.5;16531.0;8725.0;7806.0;17135.5;8568.5;8567.0;2208.0;434.5;1773.5;2558.5;1069.5;1489.0
6768;Totaal;Heemskerk;2009;38666.5;18937.0;19729.5;16561.0;8766.0;7795.0;17190.0;8600.0;8590.0;2239.0;444.0;1795.0;2676.5;1127.0;1549.5
6769;Totaal;Heemskerk;2010;39027.0;19139.5;19887.5;16712.5;8856.0;7856.5;17228.0;8627.0;8601.0;2259.0;453.5;1805.5;2827.5;1203.0;1624.5
6770;Totaal;Heemskerk;2011;39237.0;19241.0;19996.0;16880.5;8936.5;7944.0;17148.0;8590.0;8558.0;2284.5;466.0;1818.5;2924.0;1248.5;1675.5
6771;Totaal;Heemskerk;2012;39192.5;19228.5;19964.0;16852.5;8942.5;7910.0;17044.5;8533.5;8511.0;2303.5;470.5;1833.0;2992.0;1282.0;1710.0
6772;Totaal;Heemskerk;2013;39102.5;19182.0;19920.5;16812.5;8933.5;7879.0;16936.0;8467.5;8468.5;2319.5;475.5;1844.0;3034.5;1305.5;1729.0
6773;Totaal;Heemskerk;2014;39113.0;19181.0;19932.0;16869.0;8961.5;7907.5;16785.5;8392.0;8393.5;2353.0;493.5;1859.5;3105.5;1334.0;1771.5
6774;Totaal;Heemskerk;2015;39218.5;19254.0;19964.5;16941.5;9013.5;7928.0;16676.5;8337.0;8339.5;2369.5;507.5;1862.0;3231.0;1396.0;1835.0
6775;Totaal;Heemskerk;2016;39235.0;19249.5;19985.5;17005.5;9045.5;7960.0;16529.5;8254.5;8275.0;2381.5;515.5;1866.0;3318.5;1434.0;1884.5
6776;Totaal;Heemstede;1995;26201.5;12191.0;14010.5;10772.0;5374.0;5398.0;12066.5;6025.0;6041.5;2057.0;315.0;1742.0;1306.0;477.0;829.0
6777;Totaal;Heemstede;1996;26242.5;12204.5;14038.0;10797.0;5393.5;5403.5;12021.5;6003.0;6018.5;2069.0;314.0;1755.0;1355.0;494.0;861.0
6778;Totaal;Heemstede;1997;26150.5;12160.0;13990.5;10736.0;5372.5;5363.5;11935.5;5962.5;5973.0;2063.5;310.0;1753.5;1415.5;515.0;900.5
6779;Totaal;Heemstede;1998;25949.5;12095.0;13854.5;10607.5;5342.0;5265.5;11837.5;5913.0;5924.5;2004.5;302.0;1702.5;1500.0;538.0;962.0
6780;Totaal;Heemstede;1999;25877.0;12105.5;13771.5;10601.0;5374.5;5226.5;11781.5;5885.0;5896.5;1966.0;300.0;1666.0;1528.5;546.0;982.5
6781;Totaal;Heemstede;2000;25941.0;12172.0;13769.0;10643.5;5418.0;5225.5;11802.5;5894.5;5908.0;1967.0;306.0;1661.0;1528.0;553.5;974.5
6782;Totaal;Heemstede;2001;25950.5;12171.5;13779.0;10661.0;5422.0;5239.0;11763.0;5872.0;5891.0;1965.5;312.0;1653.5;1561.0;565.5;995.5
6783;Totaal;Heemstede;2002;25829.0;12075.0;13754.0;10641.5;5380.5;5261.0;11637.5;5807.5;5830.0;1964.5;316.0;1648.5;1585.5;571.0;1014.5
6784;Totaal;Heemstede;2003;25710.0;12000.0;13710.0;10601.0;5345.0;5256.0;11518.0;5738.0;5780.0;1945.5;315.0;1630.5;1645.5;602.0;1043.5
6785;Totaal;Heemstede;2004;25652.0;11988.0;13664.0;10623.5;5369.0;5254.5;11411.5;5672.5;5739.0;1906.0;309.0;1597.0;1711.0;637.5;1073.5
6786;Totaal;Heemstede;2005;25647.0;11990.5;13656.5;10668.5;5384.5;5284.0;11334.5;5634.5;5700.0;1881.0;304.5;1576.5;1763.0;667.0;1096.0
6787;Totaal;Heemstede;2006;25612.5;11962.5;13650.0;10650.5;5358.0;5292.5;11283.0;5612.0;5671.0;1874.0;302.0;1572.0;1805.0;690.5;1114.5
6788;Totaal;Heemstede;2007;25600.5;11982.0;13618.5;10685.0;5402.5;5282.5;11222.0;5581.0;5641.0;1872.5;307.0;1565.5;1821.0;691.5;1129.5
6789;Totaal;Heemstede;2008;25653.0;12038.0;13615.0;10784.5;5482.5;5302.0;11165.5;5553.0;5612.5;1880.0;321.5;1558.5;1823.0;681.0;1142.0
6790;Totaal;Heemstede;2009;25869.0;12132.0;13737.0;10942.5;5556.5;5386.0;11183.5;5559.0;5624.5;1881.5;330.5;1551.0;1861.5;686.0;1175.5
6791;Totaal;Heemstede;2010;26177.5;12268.0;13909.5;11166.0;5657.0;5509.0;11235.5;5586.5;5649.0;1861.0;327.5;1533.5;1915.0;697.0;1218.0
6792;Totaal;Heemstede;2011;26269.5;12337.5;13932.0;11266.0;5715.0;5551.0;11229.5;5586.5;5643.0;1836.5;328.0;1508.5;1937.5;708.0;1229.5
6793;Totaal;Heemstede;2012;26279.5;12361.0;13918.5;11288.5;5725.0;5563.5;11184.0;5563.5;5620.5;1822.0;334.5;1487.5;1985.0;738.0;1247.0
6794;Totaal;Heemstede;2013;26340.5;12365.0;13975.5;11310.5;5702.5;5608.0;11165.0;5561.5;5603.5;1808.0;335.0;1473.0;2057.0;766.0;1291.0
6795;Totaal;Heemstede;2014;26422.0;12371.0;14051.0;11367.5;5701.0;5666.5;11151.0;5557.5;5593.5;1789.5;325.5;1464.0;2114.0;787.0;1327.0
6796;Totaal;Heemstede;2015;26623.0;12450.0;14173.0;11537.0;5776.0;5761.0;11118.5;5540.0;5578.5;1811.0;332.0;1479.0;2156.5;802.0;1354.5
6797;Totaal;Heemstede;2016;26851.0;12589.0;14262.0;11739.5;5902.5;5837.0;11101.0;5531.0;5570.0;1847.5;352.0;1495.5;2163.0;803.5;1359.5
6798;Totaal;Heerde;1995;18286.0;9018.5;9267.5;7196.5;3857.5;3339.0;9535.0;4769.0;4766.0;1195.5;227.5;968.0;359.0;164.5;194.5
6799;Totaal;Heerde;1996;18230.0;8990.0;9240.0;7163.5;3843.0;3320.5;9492.5;4748.5;4744.0;1191.0;221.0;970.0;383.0;177.5;205.5
6800;Totaal;Heerde;1997;18157.5;8972.5;9185.0;7112.0;3826.0;3286.0;9464.0;4737.0;4727.0;1181.5;221.5;960.0;400.0;188.0;212.0
6801;Totaal;Heerde;1998;18130.5;8970.0;9160.5;7073.0;3815.0;3258.0;9486.0;4747.5;4738.5;1155.0;213.0;942.0;416.5;194.5;222.0
6802;Totaal;Heerde;1999;18122.5;8960.0;9162.5;7029.0;3794.0;3235.0;9506.5;4754.5;4752.0;1143.0;203.5;939.5;444.0;208.0;236.0
6803;Totaal;Heerde;2000;18106.5;8949.0;9157.5;6983.5;3772.5;3211.0;9510.0;4757.0;4753.0;1145.5;202.5;943.0;467.5;217.0;250.5
6804;Totaal;Heerde;2001;18040.0;8906.5;9133.5;6935.0;3744.5;3190.5;9477.5;4740.0;4737.5;1147.5;204.0;943.5;480.0;218.0;262.0
6805;Totaal;Heerde;2002;18133.5;8973.5;9160.0;7049.0;3824.5;3224.5;9442.5;4717.5;4725.0;1157.0;210.5;946.5;485.0;221.0;264.0
6806;Totaal;Heerde;2003;18309.5;9116.0;9193.5;7242.5;3972.5;3270.0;9413.5;4705.0;4708.5;1158.0;212.5;945.5;495.5;226.0;269.5
6807;Totaal;Heerde;2004;18341.5;9161.0;9180.5;7285.5;4019.0;3266.5;9385.0;4695.5;4689.5;1157.0;211.0;946.0;514.0;235.5;278.5
6808;Totaal;Heerde;2005;18332.0;9145.0;9187.0;7281.0;4009.0;3272.0;9361.5;4682.5;4679.0;1161.5;213.5;948.0;528.0;240.0;288.0
6809;Totaal;Heerde;2006;18171.5;9023.0;9148.5;7152.5;3906.5;3246.0;9322.5;4658.0;4664.5;1154.5;212.0;942.5;542.0;246.5;295.5
6810;Totaal;Heerde;2007;18112.5;8963.0;9149.5;7062.5;3826.0;3236.5;9342.5;4666.0;4676.5;1147.0;213.0;934.0;560.5;258.0;302.5
6811;Totaal;Heerde;2008;18262.5;9032.0;9230.5;7119.0;3843.5;3275.5;9424.0;4706.0;4718.0;1144.5;217.5;927.0;575.0;265.0;310.0
6812;Totaal;Heerde;2009;18313.0;9047.0;9266.0;7067.5;3803.0;3264.5;9442.0;4715.0;4727.0;1150.5;225.5;925.0;653.0;303.5;349.5
6813;Totaal;Heerde;2010;18306.5;9030.5;9276.0;6994.5;3744.5;3250.0;9411.0;4702.0;4709.0;1159.5;236.0;923.5;741.5;348.0;393.5
6814;Totaal;Heerde;2011;18272.0;9010.5;9261.5;6964.0;3715.5;3248.5;9381.0;4688.5;4692.5;1151.5;244.0;907.5;775.5;362.5;413.0
6815;Totaal;Heerde;2012;18321.5;9021.0;9300.5;6995.5;3717.0;3278.5;9371.5;4682.0;4689.5;1140.5;244.5;896.0;814.0;377.5;436.5
6816;Totaal;Heerde;2013;18444.5;9068.5;9376.0;7065.0;3750.0;3315.0;9373.0;4682.5;4690.5;1156.0;243.5;912.5;850.5;392.5;458.0
6817;Totaal;Heerde;2014;18501.0;9093.5;9407.5;7083.0;3761.0;3322.0;9366.5;4680.0;4686.5;1165.5;245.5;920.0;886.0;407.0;479.0
6818;Totaal;Heerde;2015;18534.0;9117.0;9417.0;7093.5;3768.5;3325.0;9368.0;4678.0;4690.0;1158.5;246.5;912.0;914.0;424.0;490.0
6819;Totaal;Heerde;2016;18558.5;9143.0;9415.5;7093.5;3774.0;3319.5;9375.0;4678.5;4696.5;1151.0;249.5;901.5;939.0;441.0;498.0
6820;Totaal;Heerenveen;1995;39304.5;19229.0;20075.5;16381.0;8833.0;7548.0;18517.0;9250.5;9266.5;2848.5;502.5;2346.0;1558.0;643.0;915.0
6821;Totaal;Heerenveen;1996;39421.0;19297.0;20124.0;16458.5;8883.5;7575.0;18464.0;9223.5;9240.5;2855.5;511.5;2344.0;1643.0;678.5;964.5
6822;Totaal;Heerenveen;1997;39680.0;19451.0;20229.0;16606.0;8982.5;7623.5;18490.0;9243.0;9247.0;2874.0;520.5;2353.5;1710.0;705.0;1005.0
6823;Totaal;Heerenveen;1998;40099.0;19677.5;20421.5;16820.0;9110.5;7709.5;18598.0;9301.5;9296.5;2861.0;521.5;2339.5;1820.0;744.0;1076.0
6824;Totaal;Heerenveen;1999;40383.0;19820.5;20562.5;16983.0;9193.0;7790.0;18683.0;9338.5;9344.5;2815.0;510.5;2304.5;1902.0;778.5;1123.5
6825;Totaal;Heerenveen;2000;40843.5;20057.0;20786.5;17262.5;9349.5;7913.0;18780.5;9390.0;9390.5;2834.0;506.5;2327.5;1966.5;811.0;1155.5
6826;Totaal;Heerenveen;2001;41517.0;20422.0;21095.0;17662.0;9596.5;8065.5;18873.5;9449.5;9424.0;2869.0;507.5;2361.5;2112.5;868.5;1244.0
6827;Totaal;Heerenveen;2002;41987.0;20683.0;21304.0;17957.0;9759.5;8197.5;18925.0;9477.0;9448.0;2861.0;522.0;2339.0;2244.0;924.5;1319.5
6828;Totaal;Heerenveen;2003;42416.0;20902.5;21513.5;18308.0;9931.0;8377.0;18939.0;9480.5;9458.5;2841.5;529.0;2312.5;2327.5;962.0;1365.5
6829;Totaal;Heerenveen;2004;42722.0;21020.0;21702.0;18578.0;10041.0;8537.0;18912.5;9468.5;9444.0;2828.0;523.5;2304.5;2403.5;987.0;1416.5
6830;Totaal;Heerenveen;2005;42779.5;20986.0;21793.5;18671.0;10031.0;8640.0;18819.5;9416.5;9403.0;2824.0;529.5;2294.5;2465.0;1009.0;1456.0
6831;Totaal;Heerenveen;2006;42766.5;20943.0;21823.5;18753.5;10026.5;8727.0;18696.0;9347.5;9348.5;2802.0;534.0;2268.0;2515.0;1035.0;1480.0
6832;Totaal;Heerenveen;2007;42901.5;20996.5;21905.0;18954.5;10105.5;8849.0;18582.0;9287.0;9295.0;2777.0;535.0;2242.0;2588.0;1069.0;1519.0
6833;Totaal;Heerenveen;2008;43180.5;21146.5;22034.0;19249.5;10252.5;8997.0;18517.5;9252.0;9265.5;2776.0;548.0;2228.0;2637.5;1094.0;1543.5
6834;Totaal;Heerenveen;2009;43376.0;21284.5;22091.5;19276.5;10303.5;8973.0;18494.5;9244.0;9250.5;2776.5;563.0;2213.5;2828.5;1174.0;1654.5
6835;Totaal;Heerenveen;2010;43436.0;21339.0;22097.0;19227.5;10298.0;8929.5;18396.0;9198.0;9198.0;2764.0;570.5;2193.5;3048.5;1272.5;1776.0
6836;Totaal;Heerenveen;2011;43484.0;21376.0;22108.0;19328.5;10341.5;8987.0;18298.0;9148.5;9149.5;2744.0;577.5;2166.5;3113.5;1308.5;1805.0
6837;Totaal;Heerenveen;2012;43418.5;21378.5;22040.0;19347.0;10376.0;8971.0;18183.5;9085.5;9098.0;2724.5;580.5;2144.0;3163.5;1336.5;1827.0
6838;Totaal;Heerenveen;2013;43312.0;21355.5;21956.5;19361.5;10401.0;8960.5;18009.0;8997.0;9012.0;2715.5;585.5;2130.0;3226.0;1372.0;1854.0
6839;Totaal;Heerenveen;2014;50020.0;24679.5;25340.5;22500.5;12038.0;10462.5;20698.0;10354.0;10344.0;3096.0;686.0;2410.0;3725.5;1601.5;2124.0
6840;Totaal;Heerenveen;2015;50215.5;24818.5;25397.0;22714.5;12172.0;10542.5;20587.0;10297.5;10289.5;3065.5;684.5;2381.0;3848.5;1664.5;2184.0
6841;Totaal;Heerenveen;2016;50246.5;24893.5;25353.0;22851.5;12275.0;10576.5;20381.0;10191.0;10190.0;3028.5;689.0;2339.5;3985.5;1738.5;2247.0
6842;Totaal;Heerewaarden;1995;1260.0;623.0;637.0;491.0;265.5;225.5;635.5;318.0;317.5;88.0;17.5;70.5;45.5;22.0;23.5
6843;Totaal;Heerewaarden;1996;1262.5;622.0;640.5;488.5;264.0;224.5;634.5;317.0;317.5;91.0;18.0;73.0;48.5;23.0;25.5
6844;Totaal;Heerewaarden;1997;1301.0;639.0;662.0;500.5;267.5;233.0;651.0;326.0;325.0;92.0;18.0;74.0;57.5;27.5;30.0
6845;Totaal;Heerewaarden;1998;1342.0;661.0;681.0;510.5;272.0;238.5;674.0;338.5;335.5;91.5;17.5;74.0;66.0;33.0;33.0
6846;Totaal;Heerewaarden;1999;;;;;;;;;;;;;;;
6847;Totaal;Heerewaarden;2000;;;;;;;;;;;;;;;
6848;Totaal;Heerewaarden;2001;;;;;;;;;;;;;;;
6849;Totaal;Heerewaarden;2002;;;;;;;;;;;;;;;
6850;Totaal;Heerewaarden;2003;;;;;;;;;;;;;;;
6851;Totaal;Heerewaarden;2004;;;;;;;;;;;;;;;
6852;Totaal;Heerewaarden;2005;;;;;;;;;;;;;;;
6853;Totaal;Heerewaarden;2006;;;;;;;;;;;;;;;
6854;Totaal;Heerewaarden;2007;;;;;;;;;;;;;;;
6855;Totaal;Heerewaarden;2008;;;;;;;;;;;;;;;
6856;Totaal;Heerewaarden;2009;;;;;;;;;;;;;;;
6857;Totaal;Heerewaarden;2010;;;;;;;;;;;;;;;
6858;Totaal;Heerewaarden;2011;;;;;;;;;;;;;;;
6859;Totaal;Heerewaarden;2012;;;;;;;;;;;;;;;
6860;Totaal;Heerewaarden;2013;;;;;;;;;;;;;;;
6861;Totaal;Heerewaarden;2014;;;;;;;;;;;;;;;
6862;Totaal;Heerewaarden;2015;;;;;;;;;;;;;;;
6863;Totaal;Heerewaarden;2016;;;;;;;;;;;;;;;
6864;Totaal;Heerhugowaard;1995;39242.5;19886.0;19356.5;18006.0;9805.5;8200.5;18171.5;9093.5;9078.0;1283.5;228.5;1055.0;1781.5;758.5;1023.0
6865;Totaal;Heerhugowaard;1996;40512.5;20556.0;19956.5;18579.5;10142.5;8437.0;18684.0;9340.0;9344.0;1347.0;260.0;1087.0;1902.0;813.5;1088.5
6866;Totaal;Heerhugowaard;1997;41358.0;20972.0;20386.0;18887.5;10305.0;8582.5;19099.5;9542.5;9557.0;1374.0;274.0;1100.0;1997.0;850.5;1146.5
6867;Totaal;Heerhugowaard;1998;42331.5;21466.0;20865.5;19295.5;10525.0;8770.5;19545.5;9771.5;9774.0;1379.0;279.0;1100.0;2111.5;890.5;1221.0
6868;Totaal;Heerhugowaard;1999;43594.5;22124.5;21470.0;19909.0;10870.0;9039.0;20007.5;10004.0;10003.5;1421.5;300.0;1121.5;2256.5;950.5;1306.0
6869;Totaal;Heerhugowaard;2000;44907.5;22834.5;22073.0;20584.0;11264.5;9319.5;20477.0;10235.5;10241.5;1483.5;324.0;1159.5;2363.0;1010.5;1352.5
6870;Totaal;Heerhugowaard;2001;46020.0;23388.5;22631.5;21192.5;11585.0;9607.5;20809.0;10404.0;10405.0;1523.5;333.0;1190.5;2495.0;1066.5;1428.5
6871;Totaal;Heerhugowaard;2002;46684.5;23667.0;23017.5;21555.0;11748.0;9807.0;20953.0;10478.5;10474.5;1563.0;334.0;1229.0;2613.5;1106.5;1507.0
6872;Totaal;Heerhugowaard;2003;47068.5;23817.5;23251.0;21779.0;11848.0;9931.0;21033.5;10516.0;10517.5;1582.0;332.5;1249.5;2674.0;1121.0;1553.0
6873;Totaal;Heerhugowaard;2004;47753.0;24135.0;23618.0;22221.0;12067.5;10153.5;21188.0;10594.5;10593.5;1596.5;328.0;1268.5;2747.5;1145.0;1602.5
6874;Totaal;Heerhugowaard;2005;48855.5;24703.5;24152.0;22874.0;12430.0;10444.0;21504.5;10755.0;10749.5;1640.5;338.0;1302.5;2836.5;1180.5;1656.0
6875;Totaal;Heerhugowaard;2006;49622.0;25097.5;24524.5;23336.0;12686.5;10649.5;21679.5;10838.5;10841.0;1703.5;359.0;1344.5;2903.0;1213.5;1689.5
6876;Totaal;Heerhugowaard;2007;50095.0;25294.0;24801.0;23638.5;12807.5;10831.0;21769.5;10884.0;10885.5;1745.5;375.5;1370.0;2941.5;1227.0;1714.5
6877;Totaal;Heerhugowaard;2008;50636.5;25537.0;25099.5;23939.5;12944.5;10995.0;21964.5;10981.5;10983.0;1776.0;389.0;1387.0;2956.5;1222.0;1734.5
6878;Totaal;Heerhugowaard;2009;51030.5;25729.5;25301.0;23999.5;12983.0;11016.5;22133.0;11064.5;11068.5;1819.0;403.0;1416.0;3079.0;1279.0;1800.0
6879;Totaal;Heerhugowaard;2010;51581.5;25979.0;25602.5;24153.0;13041.0;11112.0;22280.0;11141.0;11139.0;1873.0;418.0;1455.0;3275.5;1379.0;1896.5
6880;Totaal;Heerhugowaard;2011;52234.0;26311.0;25923.0;24523.0;13238.5;11284.5;22433.5;11220.5;11213.0;1903.5;431.0;1472.5;3374.0;1421.0;1953.0
6881;Totaal;Heerhugowaard;2012;52688.0;26538.0;26150.0;24785.5;13381.0;11404.5;22517.5;11266.0;11251.5;1929.0;441.5;1487.5;3456.0;1449.5;2006.5
6882;Totaal;Heerhugowaard;2013;53100.0;26726.0;26374.0;25067.0;13515.0;11552.0;22487.0;11246.5;11240.5;1960.5;453.0;1507.5;3585.5;1511.5;2074.0
6883;Totaal;Heerhugowaard;2014;53430.5;26894.5;26536.0;25304.0;13647.5;11656.5;22403.0;11199.5;11203.5;1999.5;467.0;1532.5;3724.0;1580.5;2143.5
6884;Totaal;Heerhugowaard;2015;53740.5;27024.5;26716.0;25525.5;13741.0;11784.5;22333.0;11162.0;11171.0;2048.5;492.0;1556.5;3833.5;1629.5;2204.0
6885;Totaal;Heerhugowaard;2016;54438.5;27407.5;27031.0;25932.5;13968.5;11964.0;22452.5;11234.5;11218.0;2093.0;525.0;1568.0;3960.5;1679.5;2281.0
6886;Totaal;Heerjansdam;1995;3375.5;1717.5;1658.0;1269.0;723.5;545.5;1851.0;927.0;924.0;148.0;23.0;125.0;107.5;44.0;63.5
6887;Totaal;Heerjansdam;1996;3433.5;1740.5;1693.0;1295.5;730.5;565.0;1880.0;941.5;938.5;150.5;24.5;126.0;107.5;44.0;63.5
6888;Totaal;Heerjansdam;1997;3508.5;1775.0;1733.5;1308.0;736.0;572.0;1928.5;965.5;963.0;157.0;27.5;129.5;115.0;46.0;69.0
6889;Totaal;Heerjansdam;1998;3538.0;1788.5;1749.5;1311.5;738.0;573.5;1934.0;968.5;965.5;164.5;29.5;135.0;128.0;52.5;75.5
6890;Totaal;Heerjansdam;1999;3518.5;1779.5;1739.0;1312.0;739.0;573.0;1907.0;955.0;952.0;166.0;29.0;137.0;133.5;56.5;77.0
6891;Totaal;Heerjansdam;2000;3524.0;1783.5;1740.5;1329.5;750.5;579.0;1891.5;947.0;944.5;163.0;25.5;137.5;140.0;60.5;79.5
6892;Totaal;Heerjansdam;2001;3566.0;1809.0;1757.0;1353.5;765.5;588.0;1892.0;946.5;945.5;163.5;26.0;137.5;157.0;71.0;86.0
6893;Totaal;Heerjansdam;2002;3645.0;1857.5;1787.5;1406.5;799.5;607.0;1899.0;950.0;949.0;169.5;29.0;140.5;170.0;79.0;91.0
6894;Totaal;Heerjansdam;2003;;;;;;;;;;;;;;;
6895;Totaal;Heerjansdam;2004;;;;;;;;;;;;;;;
6896;Totaal;Heerjansdam;2005;;;;;;;;;;;;;;;
6897;Totaal;Heerjansdam;2006;;;;;;;;;;;;;;;
6898;Totaal;Heerjansdam;2007;;;;;;;;;;;;;;;
6899;Totaal;Heerjansdam;2008;;;;;;;;;;;;;;;
6900;Totaal;Heerjansdam;2009;;;;;;;;;;;;;;;
6901;Totaal;Heerjansdam;2010;;;;;;;;;;;;;;;
6902;Totaal;Heerjansdam;2011;;;;;;;;;;;;;;;
6903;Totaal;Heerjansdam;2012;;;;;;;;;;;;;;;
6904;Totaal;Heerjansdam;2013;;;;;;;;;;;;;;;
6905;Totaal;Heerjansdam;2014;;;;;;;;;;;;;;;
6906;Totaal;Heerjansdam;2015;;;;;;;;;;;;;;;
6907;Totaal;Heerjansdam;2016;;;;;;;;;;;;;;;
6908;Totaal;Heerlen;1995;96144.5;47011.0;49133.5;38078.0;20597.0;17481.0;44074.0;22083.5;21990.5;6859.5;1105.5;5754.0;7133.0;3225.0;3908.0
6909;Totaal;Heerlen;1996;96079.0;47027.5;49051.5;38253.5;20711.5;17542.0;43648.5;21864.0;21784.5;6833.0;1119.5;5713.5;7344.0;3332.5;4011.5
6910;Totaal;Heerlen;1997;95914.0;47023.5;48890.5;38372.0;20827.5;17544.5;43130.0;21613.0;21517.0;6858.0;1155.5;5702.5;7554.0;3427.5;4126.5
6911;Totaal;Heerlen;1998;95526.0;46891.0;48635.0;38376.5;20879.5;17497.0;42556.5;21334.0;21222.5;6816.0;1176.0;5640.0;7777.0;3501.5;4275.5
6912;Totaal;Heerlen;1999;95257.0;46785.0;48472.0;38458.0;20956.0;17502.0;42124.5;21114.0;21010.5;6790.0;1165.5;5624.5;7884.5;3549.5;4335.0
6913;Totaal;Heerlen;2000;95148.0;46686.0;48462.0;38647.0;21036.5;17610.5;41746.0;20926.5;20819.5;6814.0;1136.5;5677.5;7941.0;3586.5;4354.5
6914;Totaal;Heerlen;2001;95076.5;46654.5;48422.0;38934.5;21186.0;17748.5;41233.0;20686.0;20547.0;6810.5;1135.0;5675.5;8098.5;3647.5;4451.0
6915;Totaal;Heerlen;2002;94486.5;46378.0;48108.5;38935.5;21180.5;17755.0;40527.0;20337.5;20189.5;6777.5;1148.5;5629.0;8246.5;3711.5;4535.0
6916;Totaal;Heerlen;2003;93746.0;45983.5;47762.5;38785.5;21079.5;17706.0;39801.5;19967.0;19834.5;6764.5;1155.5;5609.0;8394.5;3781.5;4613.0
6917;Totaal;Heerlen;2004;93032.5;45643.5;47389.0;38764.0;21079.5;17684.5;39053.0;19583.0;19470.0;6737.0;1174.0;5563.0;8478.5;3807.0;4671.5
6918;Totaal;Heerlen;2005;92020.5;45207.0;46813.5;38614.0;21045.0;17569.0;38217.0;19156.0;19061.0;6669.0;1195.5;5473.5;8520.5;3810.5;4710.0
6919;Totaal;Heerlen;2006;91018.0;44738.5;46279.5;38400.5;20956.5;17444.0;37404.5;18744.5;18660.0;6613.0;1203.5;5409.5;8600.0;3834.0;4766.0
6920;Totaal;Heerlen;2007;90104.0;44278.5;45825.5;38174.5;20842.0;17332.5;36705.0;18399.0;18306.0;6561.5;1203.0;5358.5;8663.0;3834.5;4828.5
6921;Totaal;Heerlen;2008;89513.5;44061.5;45452.0;38102.5;20859.0;17243.5;36162.0;18133.0;18029.0;6479.5;1208.0;5271.5;8769.5;3861.5;4908.0
6922;Totaal;Heerlen;2009;89296.0;44054.5;45241.5;38091.0;20901.5;17189.5;35768.0;17941.5;17826.5;6401.5;1223.0;5178.5;9035.5;3988.5;5047.0
6923;Totaal;Heerlen;2010;89224.0;44090.0;45134.0;38146.0;20954.5;17191.5;35419.0;17769.5;17649.5;6334.5;1237.0;5097.5;9324.5;4129.0;5195.5
6924;Totaal;Heerlen;2011;89114.0;44062.5;45051.5;38363.5;21057.5;17306.0;35045.0;17564.0;17481.0;6232.5;1246.0;4986.5;9473.0;4195.0;5278.0
6925;Totaal;Heerlen;2012;88881.5;43963.0;44918.5;38502.0;21132.5;17369.5;34658.5;17355.5;17303.0;6171.5;1263.5;4908.0;9549.5;4211.5;5338.0
6926;Totaal;Heerlen;2013;88503.0;43851.0;44652.0;38598.5;21234.0;17364.5;34132.0;17091.0;17041.0;6105.0;1282.5;4822.5;9667.5;4243.5;5424.0
6927;Totaal;Heerlen;2014;87879.5;43564.0;44315.5;38573.5;21201.0;17372.5;33439.0;16747.0;16692.0;6029.5;1306.0;4723.5;9837.5;4310.0;5527.5
6928;Totaal;Heerlen;2015;87453.0;43329.0;44124.0;38620.5;21184.5;17436.0;32839.5;16451.5;16388.0;5989.0;1323.0;4666.0;10004.0;4370.0;5634.0
6929;Totaal;Heerlen;2016;87297.5;43299.5;43998.0;38832.5;21316.0;17516.5;32401.5;16246.5;16155.0;5928.5;1325.0;4603.5;10135.0;4412.0;5723.0
6930;Totaal;Heesch;1995;27754.0;14059.5;13694.5;12151.0;6577.5;5573.5;13896.5;6951.5;6945.0;1136.0;245.0;891.0;570.5;285.5;285.0
6931;Totaal;Heesch;1996;;;;;;;;;;;;;;;
6932;Totaal;Heesch;1997;;;;;;;;;;;;;;;
6933;Totaal;Heesch;1998;;;;;;;;;;;;;;;
6934;Totaal;Heesch;1999;;;;;;;;;;;;;;;
6935;Totaal;Heesch;2000;;;;;;;;;;;;;;;
6936;Totaal;Heesch;2001;;;;;;;;;;;;;;;
6937;Totaal;Heesch;2002;;;;;;;;;;;;;;;
6938;Totaal;Heesch;2003;;;;;;;;;;;;;;;
6939;Totaal;Heesch;2004;;;;;;;;;;;;;;;
6940;Totaal;Heesch;2005;;;;;;;;;;;;;;;
6941;Totaal;Heesch;2006;;;;;;;;;;;;;;;
6942;Totaal;Heesch;2007;;;;;;;;;;;;;;;
6943;Totaal;Heesch;2008;;;;;;;;;;;;;;;
6944;Totaal;Heesch;2009;;;;;;;;;;;;;;;
6945;Totaal;Heesch;2010;;;;;;;;;;;;;;;
6946;Totaal;Heesch;2011;;;;;;;;;;;;;;;
6947;Totaal;Heesch;2012;;;;;;;;;;;;;;;
6948;Totaal;Heesch;2013;;;;;;;;;;;;;;;
6949;Totaal;Heesch;2014;;;;;;;;;;;;;;;
6950;Totaal;Heesch;2015;;;;;;;;;;;;;;;
6951;Totaal;Heesch;2016;;;;;;;;;;;;;;;
6952;Totaal;Heeze;1995;9591.0;4873.0;4718.0;3805.0;2102.5;1702.5;5097.5;2546.5;2551.0;424.5;93.5;331.0;264.0;130.5;133.5
6953;Totaal;Heeze;1996;9648.5;4918.0;4730.5;3844.5;2138.0;1706.5;5099.0;2547.5;2551.5;431.0;98.5;332.5;274.0;134.0;140.0
6954;Totaal;Heeze;1997;;;;;;;;;;;;;;;
6955;Totaal;Heeze;1998;;;;;;;;;;;;;;;
6956;Totaal;Heeze;1999;;;;;;;;;;;;;;;
6957;Totaal;Heeze;2000;;;;;;;;;;;;;;;
6958;Totaal;Heeze;2001;;;;;;;;;;;;;;;
6959;Totaal;Heeze;2002;;;;;;;;;;;;;;;
6960;Totaal;Heeze;2003;;;;;;;;;;;;;;;
6961;Totaal;Heeze;2004;;;;;;;;;;;;;;;
6962;Totaal;Heeze;2005;;;;;;;;;;;;;;;
6963;Totaal;Heeze;2006;;;;;;;;;;;;;;;
6964;Totaal;Heeze;2007;;;;;;;;;;;;;;;
6965;Totaal;Heeze;2008;;;;;;;;;;;;;;;
6966;Totaal;Heeze;2009;;;;;;;;;;;;;;;
6967;Totaal;Heeze;2010;;;;;;;;;;;;;;;
6968;Totaal;Heeze;2011;;;;;;;;;;;;;;;
6969;Totaal;Heeze;2012;;;;;;;;;;;;;;;
6970;Totaal;Heeze;2013;;;;;;;;;;;;;;;
6971;Totaal;Heeze;2014;;;;;;;;;;;;;;;
6972;Totaal;Heeze;2015;;;;;;;;;;;;;;;
6973;Totaal;Heeze;2016;;;;;;;;;;;;;;;
6974;Totaal;Heeze-Leende;1995;;;;;;;;;;;;;;;
6975;Totaal;Heeze-Leende;1996;;;;;;;;;;;;;;;
6976;Totaal;Heeze-Leende;1997;15319.5;7827.5;7492.0;6257.0;3501.0;2756.0;7928.0;3963.0;3965.0;710.0;152.0;558.0;424.5;211.5;213.0
6977;Totaal;Heeze-Leende;1998;15305.0;7802.5;7502.5;6223.0;3471.5;2751.5;7908.0;3953.5;3954.5;722.0;149.5;572.5;452.0;228.0;224.0
6978;Totaal;Heeze-Leende;1999;15315.0;7801.5;7513.5;6181.0;3457.5;2723.5;7906.5;3953.5;3953.0;745.5;151.5;594.0;482.0;239.0;243.0
6979;Totaal;Heeze-Leende;2000;15304.5;7792.0;7512.5;6151.0;3446.0;2705.0;7882.5;3944.0;3938.5;764.5;156.5;608.0;506.5;245.5;261.0
6980;Totaal;Heeze-Leende;2001;15309.0;7792.0;7517.0;6163.5;3455.5;2708.0;7845.0;3924.5;3920.5;773.0;156.0;617.0;527.5;256.0;271.5
6981;Totaal;Heeze-Leende;2002;15343.0;7816.5;7526.5;6207.5;3488.5;2719.0;7813.5;3906.5;3907.0;776.5;159.0;617.5;545.5;262.5;283.0
6982;Totaal;Heeze-Leende;2003;15305.5;7790.5;7515.0;6208.0;3485.5;2722.5;7750.5;3872.0;3878.5;786.5;164.5;622.0;560.5;268.5;292.0
6983;Totaal;Heeze-Leende;2004;15232.5;7728.0;7504.5;6182.5;3455.5;2727.0;7668.0;3828.0;3840.0;801.0;168.5;632.5;581.0;276.0;305.0
6984;Totaal;Heeze-Leende;2005;15178.5;7678.5;7500.0;6152.5;3422.5;2730.0;7602.5;3797.5;3805.0;816.0;173.0;643.0;607.5;285.5;322.0
6985;Totaal;Heeze-Leende;2006;15151.5;7650.0;7501.5;6147.0;3406.0;2741.0;7559.5;3779.0;3780.5;830.0;179.0;651.0;615.0;286.0;329.0
6986;Totaal;Heeze-Leende;2007;15143.0;7645.0;7498.0;6164.0;3415.0;2749.0;7525.0;3761.0;3764.0;840.5;186.5;654.0;613.5;282.5;331.0
6987;Totaal;Heeze-Leende;2008;15163.5;7658.0;7505.5;6191.0;3434.0;2757.0;7498.5;3747.0;3751.5;846.5;189.0;657.5;627.5;288.0;339.5
6988;Totaal;Heeze-Leende;2009;15227.0;7685.0;7542.0;6215.5;3449.5;2766.0;7500.0;3749.0;3751.0;853.0;187.0;666.0;658.5;299.5;359.0
6989;Totaal;Heeze-Leende;2010;15277.5;7711.5;7566.0;6243.0;3472.0;2771.0;7472.5;3735.5;3737.0;865.0;186.5;678.5;697.0;317.5;379.5
6990;Totaal;Heeze-Leende;2011;15323.5;7738.0;7585.5;6300.5;3511.5;2789.0;7423.0;3711.0;3712.0;868.5;185.0;683.5;731.5;330.5;401.0
6991;Totaal;Heeze-Leende;2012;15378.5;7759.5;7619.0;6351.0;3540.5;2810.5;7388.0;3693.5;3694.5;875.5;186.5;689.0;764.0;339.0;425.0
6992;Totaal;Heeze-Leende;2013;15379.0;7765.0;7614.0;6348.0;3544.0;2804.0;7362.0;3680.0;3682.0;884.5;190.0;694.5;784.5;351.0;433.5
6993;Totaal;Heeze-Leende;2014;15415.0;7807.5;7607.5;6368.5;3573.5;2795.0;7336.0;3665.5;3670.5;896.0;199.5;696.5;814.5;369.0;445.5
6994;Totaal;Heeze-Leende;2015;15563.5;7885.5;7678.0;6488.5;3640.0;2848.5;7313.5;3656.0;3657.5;917.0;212.0;705.0;844.5;377.5;467.0
6995;Totaal;Heeze-Leende;2016;15682.0;7947.5;7734.5;6610.0;3698.0;2912.0;7273.0;3639.0;3634.0;931.5;223.5;708.0;867.5;387.0;480.5
6996;Totaal;Heiloo;1995;21057.5;10388.5;10669.0;8411.5;4545.0;3866.5;10639.0;5324.5;5314.5;1224.0;225.0;999.0;783.0;294.0;489.0
6997;Totaal;Heiloo;1996;21186.5;10451.0;10735.5;8453.5;4568.5;3885.0;10683.5;5340.5;5343.0;1222.5;232.0;990.5;827.0;310.0;517.0
6998;Totaal;Heiloo;1997;21345.5;10535.0;10810.5;8511.5;4609.0;3902.5;10726.5;5358.5;5368.0;1238.0;241.0;997.0;869.5;326.5;543.0
6999;Totaal;Heiloo;1998;21477.5;10599.0;10878.5;8583.5;4645.0;3938.5;10724.0;5360.0;5364.0;1244.0;246.0;998.0;926.0;348.0;578.0
7000;Totaal;Heiloo;1999;21665.5;10694.0;10971.5;8635.5;4674.0;3961.5;10796.0;5397.5;5398.5;1260.0;254.5;1005.5;974.0;368.0;606.0
7001;Totaal;Heiloo;2000;21824.0;10773.0;11051.0;8686.0;4701.0;3985.0;10843.0;5425.0;5418.0;1290.5;263.5;1027.0;1004.5;383.5;621.0
7002;Totaal;Heiloo;2001;21936.5;10823.5;11113.0;8739.0;4724.5;4014.5;10867.0;5435.5;5431.5;1290.0;259.0;1031.0;1040.5;404.5;636.0
7003;Totaal;Heiloo;2002;22012.0;10848.5;11163.5;8803.5;4748.5;4055.0;10860.0;5421.0;5439.0;1280.0;253.5;1026.5;1068.5;425.5;643.0
7004;Totaal;Heiloo;2003;22053.0;10840.5;11212.5;8850.0;4755.0;4095.0;10824.5;5401.0;5423.5;1284.0;251.0;1033.0;1094.5;433.5;661.0
7005;Totaal;Heiloo;2004;22082.0;10843.5;11238.5;8874.5;4756.5;4118.0;10785.5;5384.5;5401.0;1300.0;261.0;1039.0;1122.0;441.5;680.5
7006;Totaal;Heiloo;2005;22114.5;10872.0;11242.5;8910.0;4771.5;4138.5;10755.0;5368.5;5386.5;1305.5;275.5;1030.0;1144.0;456.5;687.5
7007;Totaal;Heiloo;2006;22051.0;10848.0;11203.0;8907.0;4770.5;4136.5;10677.5;5332.0;5345.5;1301.5;277.0;1024.5;1165.0;468.5;696.5
7008;Totaal;Heiloo;2007;22001.5;10828.5;11173.0;8921.5;4792.0;4129.5;10567.0;5275.0;5292.0;1302.5;278.5;1024.0;1210.5;483.0;727.5
7009;Totaal;Heiloo;2008;22120.0;10895.5;11224.5;9048.0;4866.5;4181.5;10515.5;5249.0;5266.5;1295.0;274.5;1020.5;1261.5;505.5;756.0
7010;Totaal;Heiloo;2009;22333.5;11030.5;11303.0;9212.5;4972.5;4240.0;10501.0;5245.0;5256.0;1303.0;279.5;1023.5;1317.0;533.5;783.5
7011;Totaal;Heiloo;2010;22515.5;11120.5;11395.0;9348.0;5047.5;4300.5;10454.5;5219.0;5235.5;1329.5;294.0;1035.5;1383.5;560.0;823.5
7012;Totaal;Heiloo;2011;22615.0;11136.5;11478.5;9425.0;5068.0;4357.0;10401.0;5192.5;5208.5;1367.5;306.5;1061.0;1421.5;569.5;852.0
7013;Totaal;Heiloo;2012;22622.0;11136.0;11486.0;9442.0;5079.0;4363.0;10337.0;5161.5;5175.5;1390.0;318.0;1072.0;1453.0;577.5;875.5
7014;Totaal;Heiloo;2013;22615.0;11120.5;11494.5;9442.0;5074.5;4367.5;10270.5;5125.5;5145.0;1397.5;320.0;1077.5;1505.0;600.5;904.5
7015;Totaal;Heiloo;2014;22594.5;11121.5;11473.0;9406.0;5071.5;4334.5;10197.5;5089.5;5108.0;1428.0;328.5;1099.5;1563.0;632.0;931.0
7016;Totaal;Heiloo;2015;22621.0;11164.0;11457.0;9406.0;5094.0;4312.0;10153.5;5072.5;5081.0;1457.0;348.0;1109.0;1604.5;649.5;955.0
7017;Totaal;Heiloo;2016;22773.0;11251.5;11521.5;9513.5;5158.5;4355.0;10155.5;5077.0;5078.5;1486.5;366.0;1120.5;1617.5;650.0;967.5
7018;Totaal;Heino;1995;7570.5;3802.0;3768.5;3274.5;1778.0;1496.5;3758.0;1877.5;1880.5;412.0;87.5;324.5;126.0;59.0;67.0
7019;Totaal;Heino;1996;7639.0;3829.5;3809.5;3303.5;1791.5;1512.0;3784.0;1891.5;1892.5;415.5;83.0;332.5;136.0;63.5;72.5
7020;Totaal;Heino;1997;7885.0;3955.5;3929.5;3393.5;1840.5;1553.0;3901.0;1950.0;1951.0;427.5;88.0;339.5;163.0;77.0;86.0
7021;Totaal;Heino;1998;7870.5;3949.5;3921.0;3372.5;1829.0;1543.5;3901.0;1950.0;1951.0;423.5;90.0;333.5;173.5;80.5;93.0
7022;Totaal;Heino;1999;7855.0;3953.0;3902.0;3371.5;1837.0;1534.5;3884.0;1941.5;1942.5;421.0;91.5;329.5;178.5;83.0;95.5
7023;Totaal;Heino;2000;7893.5;3974.5;3919.0;5655.5;2918.0;2737.5;1938.0;968.0;970.0;211.0;46.5;164.5;89.0;42.0;47.0
7024;Totaal;Heino;2001;;;;;;;;;;;;;;;
7025;Totaal;Heino;2002;;;;;;;;;;;;;;;
7026;Totaal;Heino;2003;;;;;;;;;;;;;;;
7027;Totaal;Heino;2004;;;;;;;;;;;;;;;
7028;Totaal;Heino;2005;;;;;;;;;;;;;;;
7029;Totaal;Heino;2006;;;;;;;;;;;;;;;
7030;Totaal;Heino;2007;;;;;;;;;;;;;;;
7031;Totaal;Heino;2008;;;;;;;;;;;;;;;
7032;Totaal;Heino;2009;;;;;;;;;;;;;;;
7033;Totaal;Heino;2010;;;;;;;;;;;;;;;
7034;Totaal;Heino;2011;;;;;;;;;;;;;;;
7035;Totaal;Heino;2012;;;;;;;;;;;;;;;
7036;Totaal;Heino;2013;;;;;;;;;;;;;;;
7037;Totaal;Heino;2014;;;;;;;;;;;;;;;
7038;Totaal;Heino;2015;;;;;;;;;;;;;;;
7039;Totaal;Heino;2016;;;;;;;;;;;;;;;
7040;Totaal;Helden;1995;18879.5;9677.5;9202.0;8100.5;4543.0;3557.5;9498.0;4755.5;4742.5;817.5;161.0;656.5;463.5;218.0;245.5
7041;Totaal;Helden;1996;18977.5;9723.5;9254.0;8159.5;4581.5;3578.0;9498.0;4753.5;4744.5;827.5;162.0;665.5;492.5;226.5;266.0
7042;Totaal;Helden;1997;19062.5;9754.0;9308.5;8180.5;4588.0;3592.5;9515.5;4762.0;4753.5;846.5;168.0;678.5;520.0;236.0;284.0
7043;Totaal;Helden;1998;19199.0;9812.5;9386.5;8213.5;4599.5;3614.0;9568.0;4790.0;4778.0;868.5;175.5;693.0;549.0;247.5;301.5
7044;Totaal;Helden;1999;19324.0;9879.5;9444.5;8228.0;4618.0;3610.0;9638.0;4824.0;4814.0;891.0;185.0;706.0;567.0;252.5;314.5
7045;Totaal;Helden;2000;19446.0;9935.0;9511.0;8239.0;4621.5;3617.5;9717.0;4865.0;4852.0;900.0;188.0;712.0;590.0;260.5;329.5
7046;Totaal;Helden;2001;19506.0;9956.0;9550.0;8231.0;4607.5;3623.5;9744.0;4880.0;4864.0;901.0;188.0;713.0;630.0;280.5;349.5
7047;Totaal;Helden;2002;19508.5;9944.0;9564.5;8214.0;4600.0;3614.0;9715.5;4859.0;4856.5;916.0;193.0;723.0;663.0;292.0;371.0
7048;Totaal;Helden;2003;19531.0;9928.0;9603.0;8243.5;4599.5;3644.0;9670.5;4833.5;4837.0;932.0;194.0;738.0;685.0;301.0;384.0
7049;Totaal;Helden;2004;19571.5;9911.0;9660.5;8300.0;4591.5;3708.5;9636.0;4818.5;4817.5;936.0;191.0;745.0;699.5;310.0;389.5
7050;Totaal;Helden;2005;19588.5;9902.5;9686.0;8328.0;4589.5;3738.5;9605.0;4802.5;4802.5;942.5;195.5;747.0;713.0;315.0;398.0
7051;Totaal;Helden;2006;19567.5;9885.5;9682.0;8343.0;4597.0;3746.0;9543.0;4774.0;4769.0;956.0;196.5;759.5;725.5;318.0;407.5
7052;Totaal;Helden;2007;19536.5;9876.5;9660.0;8346.0;4614.0;3732.0;9470.5;4739.5;4731.0;965.5;195.0;770.5;754.5;328.0;426.5
7053;Totaal;Helden;2008;19547.0;9899.5;9647.5;8359.5;4646.5;3713.0;9418.0;4711.0;4707.0;984.5;201.5;783.0;785.0;340.5;444.5
7054;Totaal;Helden;2009;19610.5;9934.5;9676.0;8361.0;4655.5;3705.5;9397.5;4699.5;4698.0;1002.0;207.5;794.5;850.0;372.0;478.0
7055;Totaal;Helden;2010;;;;;;;;;;;;;;;
7056;Totaal;Helden;2011;;;;;;;;;;;;;;;
7057;Totaal;Helden;2012;;;;;;;;;;;;;;;
7058;Totaal;Helden;2013;;;;;;;;;;;;;;;
7059;Totaal;Helden;2014;;;;;;;;;;;;;;;
7060;Totaal;Helden;2015;;;;;;;;;;;;;;;
7061;Totaal;Helden;2016;;;;;;;;;;;;;;;
7062;Totaal;Den Helder;1995;60708.5;30272.0;30436.5;26004.5;14281.5;11723.0;27466.0;13739.0;13727.0;3378.0;581.0;2797.0;3860.0;1670.5;2189.5
7063;Totaal;Den Helder;1996;60480.0;30151.5;30328.5;25980.0;14262.0;11718.0;27089.0;13551.5;13537.5;3414.0;600.0;2814.0;3997.0;1738.0;2259.0
7064;Totaal;Den Helder;1997;60336.5;30115.0;30221.5;26003.5;14317.5;11686.0;26775.0;13393.0;13382.0;3426.0;607.0;2819.0;4132.0;1797.5;2334.5
7065;Totaal;Den Helder;1998;59938.0;29860.0;30078.0;25708.0;14114.0;11594.0;26568.5;13294.0;13274.5;3338.0;600.5;2737.5;4323.5;1851.5;2472.0
7066;Totaal;Den Helder;1999;59515.5;29573.5;29942.0;25371.5;13876.0;11495.5;26397.0;13211.0;13186.0;3327.5;602.0;2725.5;4419.5;1884.5;2535.0
7067;Totaal;Den Helder;2000;59631.5;29601.0;30030.5;25496.0;13913.5;11582.5;26266.0;13141.5;13124.5;3386.0;613.5;2772.5;4483.5;1932.5;2551.0
7068;Totaal;Den Helder;2001;59952.5;29748.0;30204.5;25768.0;14034.5;11733.5;26157.5;13086.5;13071.0;3380.0;628.0;2752.0;4647.0;1999.0;2648.0
7069;Totaal;Den Helder;2002;60054.5;29822.0;30232.5;25942.0;14127.5;11814.5;25980.0;13001.0;12979.0;3389.5;659.5;2730.0;4743.0;2034.0;2709.0
7070;Totaal;Den Helder;2003;59910.5;29759.5;30151.0;25938.5;14118.0;11820.5;25770.5;12897.5;12873.0;3405.5;688.5;2717.0;4796.0;2055.5;2740.5
7071;Totaal;Den Helder;2004;59620.5;29584.5;30036.0;25851.0;14043.5;11807.5;25529.0;12782.5;12746.5;3415.5;694.5;2721.0;4825.0;2064.0;2761.0
7072;Totaal;Den Helder;2005;59201.5;29340.0;29861.5;25710.0;13934.5;11775.5;25235.5;12638.0;12597.5;3405.5;696.5;2709.0;4850.5;2071.0;2779.5
7073;Totaal;Den Helder;2006;58592.0;29001.0;29591.0;25433.0;13755.5;11677.5;24911.0;12467.5;12443.5;3370.0;697.0;2673.0;4878.0;2081.0;2797.0
7074;Totaal;Den Helder;2007;58011.0;28700.0;29311.0;25181.5;13611.5;11570.0;24589.5;12298.5;12291.0;3333.5;697.0;2636.5;4906.5;2093.0;2813.5
7075;Totaal;Den Helder;2008;57660.5;28558.5;29102.0;25041.5;13565.0;11476.5;24377.0;12195.5;12181.5;3308.0;701.0;2607.0;4934.0;2097.0;2837.0
7076;Totaal;Den Helder;2009;57464.5;28513.5;28951.0;24821.0;13510.5;11310.5;24265.5;12139.5;12126.0;3303.0;709.5;2593.5;5075.0;2154.0;2921.0
7077;Totaal;Den Helder;2010;57305.0;28446.5;28858.5;24583.0;13403.0;11180.0;24207.5;12107.5;12100.0;3301.0;718.5;2582.5;5213.5;2217.5;2996.0
7078;Totaal;Den Helder;2011;57136.0;28334.5;28801.5;24492.5;13327.5;11165.0;24101.5;12052.5;12049.0;3293.5;716.5;2577.0;5248.5;2238.0;3010.5
7079;Totaal;Den Helder;2012;57006.0;28236.5;28769.5;24469.5;13300.5;11169.0;23908.5;11948.0;11960.5;3284.5;710.0;2574.5;5343.5;2278.0;3065.5
7080;Totaal;Den Helder;2013;56772.0;28089.5;28682.5;24363.5;13231.5;11132.0;23664.5;11811.5;11853.0;3270.5;711.0;2559.5;5473.5;2335.5;3138.0
7081;Totaal;Den Helder;2014;56540.0;27986.5;28553.5;24247.5;13181.5;11066.0;23419.5;11696.5;11723.0;3264.0;718.5;2545.5;5609.0;2390.0;3219.0
7082;Totaal;Den Helder;2015;56379.0;27918.5;28460.5;24173.0;13160.0;11013.0;23230.5;11619.5;11611.0;3275.0;718.0;2557.0;5700.5;2421.0;3279.5
7083;Totaal;Den Helder;2016;56147.5;27802.0;28345.5;24138.0;13140.0;10998.0;22996.5;11502.0;11494.5;3283.5;732.0;2551.5;5729.5;2428.0;3301.5
7084;Totaal;Hellendoorn;1995;35575.5;17852.0;17723.5;14685.0;8102.5;6582.5;18034.5;9022.0;9012.5;2128.0;391.0;1737.0;728.0;336.5;391.5
7085;Totaal;Hellendoorn;1996;35624.5;17872.0;17752.5;14703.0;8120.5;6582.5;18007.0;9001.5;9005.5;2148.0;396.0;1752.0;766.5;354.0;412.5
7086;Totaal;Hellendoorn;1997;35582.5;17890.5;17692.0;14689.5;8147.5;6542.0;17915.0;8956.5;8958.5;2164.5;415.5;1749.0;813.5;371.0;442.5
7087;Totaal;Hellendoorn;1998;35561.0;17894.5;17666.5;14672.0;8155.5;6516.5;17855.5;8926.5;8929.0;2165.5;418.5;1747.0;868.0;394.0;474.0
7088;Totaal;Hellendoorn;1999;35626.0;17916.0;17710.0;14661.0;8145.5;6515.5;17893.0;8946.5;8946.5;2164.5;409.5;1755.0;907.5;414.5;493.0
7089;Totaal;Hellendoorn;2000;35731.5;17968.5;17763.0;14690.5;8158.0;6532.5;17930.5;8966.5;8964.0;2166.0;410.0;1756.0;944.5;434.0;510.5
7090;Totaal;Hellendoorn;2001;35900.0;18039.5;17860.5;14813.0;8219.5;6593.5;17917.5;8959.0;8958.5;2164.5;406.0;1758.5;1005.0;455.0;550.0
7091;Totaal;Hellendoorn;2002;36078.5;18116.5;17962.0;14990.5;8310.0;6680.5;17861.5;8931.5;8930.0;2166.5;405.5;1761.0;1060.0;469.5;590.5
7092;Totaal;Hellendoorn;2003;36125.5;18108.0;18017.5;15058.5;8321.0;6737.5;17818.5;8913.5;8905.0;2154.5;399.0;1755.5;1094.0;474.5;619.5
7093;Totaal;Hellendoorn;2004;36138.5;18062.0;18076.5;15104.0;8301.5;6802.5;17773.5;8886.5;8887.0;2137.5;393.0;1744.5;1123.5;481.0;642.5
7094;Totaal;Hellendoorn;2005;36162.0;18071.0;18091.0;15201.0;8348.0;6853.0;17675.5;8831.5;8844.0;2129.0;398.0;1731.0;1156.5;493.5;663.0
7095;Totaal;Hellendoorn;2006;36099.0;18068.0;18031.0;15249.5;8391.0;6858.5;17543.0;8769.0;8774.0;2121.5;403.5;1718.0;1185.0;504.5;680.5
7096;Totaal;Hellendoorn;2007;36052.5;18050.5;18002.0;15281.0;8409.5;6871.5;17431.0;8717.0;8714.0;2130.5;409.5;1721.0;1210.0;514.5;695.5
7097;Totaal;Hellendoorn;2008;35952.5;17988.0;17964.5;15255.0;8374.5;6880.5;17302.5;8654.5;8648.0;2142.5;422.5;1720.0;1252.5;536.5;716.0
7098;Totaal;Hellendoorn;2009;35818.5;17912.5;17906.0;15129.0;8286.5;6842.5;17144.5;8575.5;8569.0;2150.0;439.5;1710.5;1395.0;611.0;784.0
7099;Totaal;Hellendoorn;2010;35769.0;17872.0;17897.0;15052.5;8227.5;6825.0;17044.0;8524.0;8520.0;2156.5;445.0;1711.5;1516.0;675.5;840.5
7100;Totaal;Hellendoorn;2011;35771.5;17864.5;17907.0;15117.0;8246.0;6871.0;16928.0;8465.5;8462.5;2162.0;448.0;1714.0;1564.5;705.0;859.5
7101;Totaal;Hellendoorn;2012;35769.5;17879.0;17890.5;15174.5;8281.5;6893.0;16788.5;8397.5;8391.0;2169.5;458.5;1711.0;1637.0;741.5;895.5
7102;Totaal;Hellendoorn;2013;35727.0;17866.5;17860.5;15185.5;8286.0;6899.5;16660.5;8333.0;8327.5;2181.5;473.0;1708.5;1699.5;774.5;925.0
7103;Totaal;Hellendoorn;2014;35666.5;17825.5;17841.0;15169.0;8249.5;6919.5;16541.5;8269.0;8272.5;2190.5;493.0;1697.5;1765.5;814.0;951.5
7104;Totaal;Hellendoorn;2015;35636.5;17802.5;17834.0;15186.0;8234.0;6952.0;16441.0;8219.5;8221.5;2196.0;510.5;1685.5;1813.5;838.5;975.0
7105;Totaal;Hellendoorn;2016;35711.5;17854.0;17857.5;15252.0;8265.5;6986.5;16432.0;8215.5;8216.5;2191.5;520.0;1671.5;1836.0;853.0;983.0
7106;Totaal;Hellevoetsluis;1995;36660.0;18278.5;18381.5;15192.0;8219.5;6972.5;17799.5;8881.0;8918.5;1644.5;309.5;1335.0;2024.0;868.5;1155.5
7107;Totaal;Hellevoetsluis;1996;36766.0;18317.0;18449.0;15228.0;8232.5;6995.5;17747.5;8856.0;8891.5;1693.0;324.0;1369.0;2097.5;904.5;1193.0
7108;Totaal;Hellevoetsluis;1997;37128.0;18523.5;18604.5;15435.5;8355.5;7080.0;17795.0;8885.0;8910.0;1734.0;340.0;1394.0;2163.5;943.0;1220.5
7109;Totaal;Hellevoetsluis;1998;37554.5;18746.0;18808.5;15638.0;8472.0;7166.0;17913.5;8949.0;8964.5;1727.5;344.0;1383.5;2275.5;981.0;1294.5
7110;Totaal;Hellevoetsluis;1999;38055.5;18993.5;19062.0;15818.5;8554.5;7264.0;18121.5;9055.0;9066.5;1734.0;346.5;1387.5;2381.5;1037.5;1344.0
7111;Totaal;Hellevoetsluis;2000;38609.5;19266.0;19343.5;16023.0;8651.0;7372.0;18412.5;9201.5;9211.0;1775.5;356.5;1419.0;2398.5;1057.0;1341.5
7112;Totaal;Hellevoetsluis;2001;38939.0;19433.0;19506.0;16148.0;8724.0;7424.0;18530.0;9263.5;9266.5;1781.5;358.5;1423.0;2479.5;1087.0;1392.5
7113;Totaal;Hellevoetsluis;2002;39354.5;19640.0;19714.5;16333.5;8828.5;7505.0;18602.5;9306.0;9296.5;1795.5;357.0;1438.5;2623.0;1148.5;1474.5
7114;Totaal;Hellevoetsluis;2003;39928.0;19918.0;20010.0;16641.5;8993.5;7648.0;18755.5;9384.0;9371.5;1821.5;365.0;1456.5;2709.5;1175.5;1534.0
7115;Totaal;Hellevoetsluis;2004;40144.5;20012.0;20132.5;16806.0;9080.5;7725.5;18735.5;9367.5;9368.0;1853.5;380.0;1473.5;2749.5;1184.0;1565.5
7116;Totaal;Hellevoetsluis;2005;40064.5;19942.5;20122.0;16722.5;9027.5;7695.0;18667.0;9328.0;9339.0;1874.5;390.0;1484.5;2800.5;1197.0;1603.5
7117;Totaal;Hellevoetsluis;2006;39818.5;19780.5;20038.0;16493.0;8872.0;7621.0;18558.0;9277.0;9281.0;1889.0;401.5;1487.5;2878.5;1230.0;1648.5
7118;Totaal;Hellevoetsluis;2007;39626.5;19666.0;19960.5;16360.5;8778.5;7582.0;18448.0;9229.5;9218.5;1897.5;411.0;1486.5;2920.5;1247.0;1673.5
7119;Totaal;Hellevoetsluis;2008;39624.5;19662.5;19962.0;16388.0;8792.5;7595.5;18361.0;9188.5;9172.5;1911.5;413.5;1498.0;2964.0;1268.0;1696.0
7120;Totaal;Hellevoetsluis;2009;39692.5;19706.0;19986.5;16358.5;8790.0;7568.5;18282.0;9155.5;9126.5;1932.0;414.0;1518.0;3120.0;1346.5;1773.5
7121;Totaal;Hellevoetsluis;2010;39747.5;19799.5;19948.0;16292.0;8800.5;7491.5;18266.0;9174.5;9091.5;1940.5;410.0;1530.5;3249.0;1414.5;1834.5
7122;Totaal;Hellevoetsluis;2011;39590.5;19782.5;19808.0;16165.0;8780.0;7385.0;18213.0;9158.0;9055.0;1943.0;416.0;1527.0;3269.5;1428.5;1841.0
7123;Totaal;Hellevoetsluis;2012;39264.0;19570.0;19694.0;15961.5;8657.0;7304.5;18035.0;9044.0;8991.0;1965.0;432.5;1532.5;3302.5;1436.5;1866.0
7124;Totaal;Hellevoetsluis;2013;39019.5;19384.0;19635.5;15845.5;8549.5;7296.0;17820.0;8922.0;8898.0;1996.0;451.5;1544.5;3358.0;1461.0;1897.0
7125;Totaal;Hellevoetsluis;2014;38917.5;19317.0;19600.5;15811.0;8506.5;7304.5;17691.5;8853.0;8838.5;1984.0;458.5;1525.5;3431.0;1499.0;1932.0
7126;Totaal;Hellevoetsluis;2015;38758.0;19228.0;19530.0;15735.5;8452.0;7283.5;17549.0;8778.0;8771.0;1952.0;451.5;1500.5;3521.5;1546.5;1975.0
7127;Totaal;Hellevoetsluis;2016;38678.0;19164.5;19513.5;15746.5;8439.0;7307.5;17413.0;8711.0;8702.0;1937.0;445.0;1492.0;3581.5;1569.5;2012.0
7128;Totaal;Helmond;1995;74262.5;37257.5;37005.0;31219.0;17003.0;14216.0;35021.5;17544.0;17477.5;3795.5;746.0;3049.5;4226.5;1964.5;2262.0
7129;Totaal;Helmond;1996;75375.0;37825.0;37550.0;31774.5;17313.0;14461.5;35260.5;17661.0;17599.5;3854.0;761.0;3093.0;4486.0;2090.0;2396.0
7130;Totaal;Helmond;1997;76800.0;38522.5;38277.5;32488.0;17683.5;14804.5;35647.0;17854.5;17792.5;3933.0;769.5;3163.5;4732.0;2215.0;2517.0
7131;Totaal;Helmond;1998;78478.0;39362.5;39115.5;33287.0;18105.0;15182.0;36263.5;18165.0;18098.5;3937.5;773.5;3164.0;4990.0;2319.0;2671.0
7132;Totaal;Helmond;1999;79719.0;40038.5;39680.5;33816.0;18425.0;15391.0;36794.5;18436.0;18358.5;3950.5;779.0;3171.5;5158.0;2398.5;2759.5
7133;Totaal;Helmond;2000;80515.0;40459.0;40056.0;34212.0;18653.5;15558.5;37018.5;18565.5;18453.0;4007.5;782.0;3225.5;5277.0;2458.0;2819.0
7134;Totaal;Helmond;2001;81892.5;41144.5;40748.0;35077.5;19097.5;15980.0;37320.0;18724.5;18595.5;4045.5;794.5;3251.0;5449.5;2528.0;2921.5
7135;Totaal;Helmond;2002;83543.0;41952.0;41591.0;36136.5;19619.0;16517.5;37730.5;18927.0;18803.5;4090.5;821.5;3269.0;5585.5;2584.5;3001.0
7136;Totaal;Helmond;2003;84680.0;42485.5;42194.5;36845.5;19945.5;16900.0;38053.5;19086.0;18967.5;4118.0;839.0;3279.0;5663.0;2615.0;3048.0
7137;Totaal;Helmond;2004;85478.0;42853.5;42624.5;37359.0;20175.5;17183.5;38187.5;19153.0;19034.5;4144.0;856.5;3287.5;5787.5;2668.5;3119.0
7138;Totaal;Helmond;2005;85755.5;42973.0;42782.5;37614.0;20293.5;17320.5;38065.0;19081.0;18984.0;4153.0;874.0;3279.0;5923.5;2724.5;3199.0
7139;Totaal;Helmond;2006;85871.5;43053.0;42818.5;37817.5;20430.5;17387.0;37842.5;18959.0;18883.5;4157.5;881.5;3276.0;6054.0;2782.0;3272.0
7140;Totaal;Helmond;2007;86414.0;43315.5;43098.5;38372.0;20711.5;17660.5;37654.0;18866.5;18787.5;4169.5;890.5;3279.0;6218.5;2847.0;3371.5
7141;Totaal;Helmond;2008;87262.0;43745.0;43517.0;39057.0;21070.0;17987.0;37599.5;18837.0;18762.5;4177.0;902.0;3275.0;6428.5;2936.0;3492.5
7142;Totaal;Helmond;2009;88024.0;44136.0;43888.0;39481.0;21303.5;18177.5;37568.5;18814.0;18754.5;4201.5;914.5;3287.0;6773.0;3104.0;3669.0
7143;Totaal;Helmond;2010;88425.5;44327.0;44098.5;39644.5;21374.0;18270.5;37545.0;18802.0;18743.0;4201.5;925.5;3276.0;7034.5;3225.5;3809.0
7144;Totaal;Helmond;2011;88680.5;44484.0;44196.5;39881.5;21513.5;18368.0;37430.5;18743.5;18687.0;4193.5;944.5;3249.0;7175.0;3282.5;3892.5
7145;Totaal;Helmond;2012;88912.0;44622.0;44290.0;40194.5;21695.5;18499.0;37210.5;18627.0;18583.5;4199.0;959.5;3239.5;7308.0;3340.0;3968.0
7146;Totaal;Helmond;2013;89139.5;44724.5;44415.0;40476.0;21839.0;18637.0;37050.5;18542.5;18508.0;4196.5;972.0;3224.5;7416.5;3371.0;4045.5
7147;Totaal;Helmond;2014;89487.0;44889.5;44597.5;40875.0;22033.0;18842.0;36796.0;18416.5;18379.5;4206.5;1001.5;3205.0;7609.5;3438.5;4171.0
7148;Totaal;Helmond;2015;89922.5;45150.5;44772.0;41370.0;22319.5;19050.5;36536.0;18284.5;18251.5;4209.0;1023.5;3185.5;7807.5;3523.0;4284.5
7149;Totaal;Helmond;2016;90364.5;45465.0;44899.5;41826.0;22635.5;19190.5;36353.0;18195.5;18157.5;4207.0;1034.0;3173.0;7978.5;3600.0;4378.5
7150;Totaal;Helvoirt;1995;4737.5;2322.5;2415.0;1978.5;1025.0;953.5;2397.5;1199.5;1198.0;234.5;42.5;192.0;127.0;55.5;71.5
7151;Totaal;Helvoirt;1996;;;;;;;;;;;;;;;
7152;Totaal;Helvoirt;1997;;;;;;;;;;;;;;;
7153;Totaal;Helvoirt;1998;;;;;;;;;;;;;;;
7154;Totaal;Helvoirt;1999;;;;;;;;;;;;;;;
7155;Totaal;Helvoirt;2000;;;;;;;;;;;;;;;
7156;Totaal;Helvoirt;2001;;;;;;;;;;;;;;;
7157;Totaal;Helvoirt;2002;;;;;;;;;;;;;;;
7158;Totaal;Helvoirt;2003;;;;;;;;;;;;;;;
7159;Totaal;Helvoirt;2004;;;;;;;;;;;;;;;
7160;Totaal;Helvoirt;2005;;;;;;;;;;;;;;;
7161;Totaal;Helvoirt;2006;;;;;;;;;;;;;;;
7162;Totaal;Helvoirt;2007;;;;;;;;;;;;;;;
7163;Totaal;Helvoirt;2008;;;;;;;;;;;;;;;
7164;Totaal;Helvoirt;2009;;;;;;;;;;;;;;;
7165;Totaal;Helvoirt;2010;;;;;;;;;;;;;;;
7166;Totaal;Helvoirt;2011;;;;;;;;;;;;;;;
7167;Totaal;Helvoirt;2012;;;;;;;;;;;;;;;
7168;Totaal;Helvoirt;2013;;;;;;;;;;;;;;;
7169;Totaal;Helvoirt;2014;;;;;;;;;;;;;;;
7170;Totaal;Helvoirt;2015;;;;;;;;;;;;;;;
7171;Totaal;Helvoirt;2016;;;;;;;;;;;;;;;
7172;Totaal;Hendrik-Ido-Ambacht;1995;20102.5;9978.0;10124.5;8011.5;4261.0;3750.5;10625.0;5306.5;5318.5;879.5;157.0;722.5;586.5;253.5;333.0
7173;Totaal;Hendrik-Ido-Ambacht;1996;20402.0;10105.0;10297.0;8127.5;4312.5;3815.0;10754.5;5372.5;5382.0;894.5;150.5;744.0;625.5;269.5;356.0
7174;Totaal;Hendrik-Ido-Ambacht;1997;20675.5;10220.0;10455.5;8232.0;4358.0;3874.0;10847.5;5415.0;5432.5;928.0;158.5;769.5;668.0;288.5;379.5
7175;Totaal;Hendrik-Ido-Ambacht;1998;20801.0;10257.0;10544.0;8302.5;4373.0;3929.5;10843.5;5413.0;5430.5;947.0;169.0;778.0;708.0;302.0;406.0
7176;Totaal;Hendrik-Ido-Ambacht;1999;20901.0;10287.0;10614.0;8351.5;4387.5;3964.0;10853.0;5420.0;5433.0;972.0;175.0;797.0;724.5;304.5;420.0
7177;Totaal;Hendrik-Ido-Ambacht;2000;21082.5;10376.5;10706.0;8424.0;4438.0;3986.0;10925.0;5452.5;5472.5;1010.5;186.0;824.5;723.0;300.0;423.0
7178;Totaal;Hendrik-Ido-Ambacht;2001;21337.0;10533.0;10804.0;8596.0;4558.0;4038.0;10944.0;5466.5;5477.5;1039.0;194.5;844.5;758.0;314.0;444.0
7179;Totaal;Hendrik-Ido-Ambacht;2002;21795.5;10779.5;11016.0;8931.5;4749.5;4182.0;10993.0;5493.0;5500.0;1055.0;201.0;854.0;816.0;336.0;480.0
7180;Totaal;Hendrik-Ido-Ambacht;2003;22531.0;11150.0;11381.0;9386.5;4992.5;4394.0;11204.0;5596.0;5608.0;1069.0;207.5;861.5;871.5;354.0;517.5
7181;Totaal;Hendrik-Ido-Ambacht;2004;23328.0;11536.0;11792.0;9807.5;5211.5;4596.0;11491.0;5738.0;5753.0;1097.5;213.0;884.5;932.0;373.5;558.5
7182;Totaal;Hendrik-Ido-Ambacht;2005;24074.0;11864.5;12209.5;10152.5;5350.0;4802.5;11804.5;5893.5;5911.0;1122.5;220.5;902.0;994.5;400.5;594.0
7183;Totaal;Hendrik-Ido-Ambacht;2006;24641.5;12110.0;12531.5;10422.5;5446.5;4976.0;12046.0;6016.5;6029.5;1139.5;225.5;914.0;1033.5;421.5;612.0
7184;Totaal;Hendrik-Ido-Ambacht;2007;24839.5;12207.5;12632.0;10542.0;5512.0;5030.0;12092.5;6038.0;6054.5;1148.5;225.5;923.0;1056.5;432.0;624.5
7185;Totaal;Hendrik-Ido-Ambacht;2008;25367.5;12459.0;12908.5;10836.5;5662.0;5174.5;12248.5;6112.5;6136.0;1158.0;223.0;935.0;1124.5;461.5;663.0
7186;Totaal;Hendrik-Ido-Ambacht;2009;26389.0;12942.5;13446.5;11345.0;5913.0;5432.0;12614.0;6294.5;6319.5;1181.0;224.5;956.5;1249.0;510.5;738.5
7187;Totaal;Hendrik-Ido-Ambacht;2010;27256.5;13354.5;13902.0;11742.0;6112.5;5629.5;12956.0;6465.0;6491.0;1216.5;233.5;983.0;1342.0;543.5;798.5
7188;Totaal;Hendrik-Ido-Ambacht;2011;27936.5;13682.0;14254.5;12065.5;6268.0;5797.5;13238.5;6607.0;6631.5;1242.5;245.5;997.0;1390.0;561.5;828.5
7189;Totaal;Hendrik-Ido-Ambacht;2012;28449.0;13962.0;14487.0;12325.5;6412.0;5913.5;13430.5;6702.0;6728.5;1254.0;259.5;994.5;1439.0;588.5;850.5
7190;Totaal;Hendrik-Ido-Ambacht;2013;28776.0;14141.0;14635.0;12470.5;6503.0;5967.5;13526.0;6749.0;6777.0;1272.5;271.5;1001.0;1507.0;617.5;889.5
7191;Totaal;Hendrik-Ido-Ambacht;2014;29033.5;14274.5;14759.0;12572.0;6572.5;5999.5;13600.0;6790.0;6810.0;1292.0;275.5;1016.5;1569.5;636.5;933.0
7192;Totaal;Hendrik-Ido-Ambacht;2015;29282.0;14436.0;14846.0;12703.0;6668.0;6035.0;13658.5;6824.5;6834.0;1302.5;281.0;1021.5;1618.0;662.5;955.5
7193;Totaal;Hendrik-Ido-Ambacht;2016;29569.5;14589.0;14980.5;12862.0;6751.5;6110.5;13729.5;6862.5;6867.0;1313.5;288.0;1025.5;1664.5;687.0;977.5
7194;Totaal;Hengelo (Gld.);1995;8354.0;4253.0;4101.0;3454.5;1959.0;1495.5;4207.0;2105.5;2101.5;559.0;121.5;437.5;133.5;67.0;66.5
7195;Totaal;Hengelo (Gld.);1996;8374.0;4260.0;4114.0;3476.5;1970.5;1506.0;4190.5;2097.5;2093.0;563.5;119.5;444.0;143.5;72.5;71.0
7196;Totaal;Hengelo (Gld.);1997;8404.5;4269.0;4135.5;3484.0;1978.5;1505.5;4184.5;2092.5;2092.0;574.0;117.5;456.5;162.0;80.5;81.5
7197;Totaal;Hengelo (Gld.);1998;8420.5;4271.0;4149.5;3484.0;1975.5;1508.5;4187.0;2093.5;2093.5;575.0;116.0;459.0;174.5;86.0;88.5
7198;Totaal;Hengelo (Gld.);1999;8412.5;4265.0;4147.5;3470.5;1966.0;1504.5;4188.0;2094.5;2093.5;574.0;116.0;458.0;180.0;88.5;91.5
7199;Totaal;Hengelo (Gld.);2000;8433.0;4272.5;4160.5;3482.5;1971.0;1511.5;4177.5;2091.0;2086.5;583.5;118.0;465.5;189.5;92.5;97.0
7200;Totaal;Hengelo (Gld.);2001;8497.0;4292.0;4205.0;3533.5;1990.5;1543.0;4164.0;2086.0;2078.0;586.0;112.0;474.0;213.5;103.5;110.0
7201;Totaal;Hengelo (Gld.);2002;8519.0;4289.5;4229.5;3554.0;1988.5;1565.5;4153.5;2081.5;2072.0;580.0;107.5;472.5;231.5;112.0;119.5
7202;Totaal;Hengelo (Gld.);2003;8486.0;4266.5;4219.5;3548.0;1975.0;1573.0;4127.5;2068.0;2059.5;576.0;110.5;465.5;234.5;113.0;121.5
7203;Totaal;Hengelo (Gld.);2004;8461.0;4252.5;4208.5;3538.5;1968.0;1570.5;4104.0;2055.5;2048.5;583.5;114.0;469.5;235.0;115.0;120.0
7204;Totaal;Hengelo (Gld.);2005;;;;;;;;;;;;;;;
7205;Totaal;Hengelo (Gld.);2006;;;;;;;;;;;;;;;
7206;Totaal;Hengelo (Gld.);2007;;;;;;;;;;;;;;;
7207;Totaal;Hengelo (Gld.);2008;;;;;;;;;;;;;;;
7208;Totaal;Hengelo (Gld.);2009;;;;;;;;;;;;;;;
7209;Totaal;Hengelo (Gld.);2010;;;;;;;;;;;;;;;
7210;Totaal;Hengelo (Gld.);2011;;;;;;;;;;;;;;;
7211;Totaal;Hengelo (Gld.);2012;;;;;;;;;;;;;;;
7212;Totaal;Hengelo (Gld.);2013;;;;;;;;;;;;;;;
7213;Totaal;Hengelo (Gld.);2014;;;;;;;;;;;;;;;
7214;Totaal;Hengelo (Gld.);2015;;;;;;;;;;;;;;;
7215;Totaal;Hengelo (Gld.);2016;;;;;;;;;;;;;;;
7216;Totaal;Hengelo (O.);1995;77407.5;38443.5;38964.0;33209.0;18217.5;14991.5;36086.5;18036.5;18050.0;4883.0;805.5;4077.5;3229.0;1384.0;1845.0
7217;Totaal;Hengelo (O.);1996;77469.5;38430.5;39039.0;33268.5;18181.5;15087.0;35948.0;17967.0;17981.0;4886.0;826.0;4060.0;3367.0;1456.0;1911.0
7218;Totaal;Hengelo (O.);1997;77902.5;38630.5;39272.0;33563.5;18287.0;15276.5;35948.0;17960.0;17988.0;4874.5;851.0;4023.5;3516.5;1532.5;1984.0
7219;Totaal;Hengelo (O.);1998;78607.0;38963.0;39644.0;33988.0;18474.5;15513.5;36088.5;18035.0;18053.5;4843.5;857.5;3986.0;3687.0;1596.0;2091.0
7220;Totaal;Hengelo (O.);1999;79329.5;39302.5;40027.0;34414.0;18669.5;15744.5;36228.5;18120.0;18108.5;4862.0;869.5;3992.5;3825.0;1643.5;2181.5
7221;Totaal;Hengelo (O.);2000;80105.5;39687.0;40418.5;34964.5;18959.5;16005.0;36279.5;18144.5;18135.0;4900.5;881.5;4019.0;3961.0;1701.5;2259.5
7222;Totaal;Hengelo (O.);2001;80671.5;39982.0;40689.5;35480.5;19228.0;16252.5;36156.5;18084.0;18072.5;4889.0;892.0;3997.0;4145.5;1778.0;2367.5
7223;Totaal;Hengelo (O.);2002;80936.0;40093.5;40842.5;35830.0;19375.5;16454.5;35932.5;17978.5;17954.0;4876.5;902.5;3974.0;4297.0;1837.0;2460.0
7224;Totaal;Hengelo (O.);2003;80961.5;40106.0;40855.5;36042.5;19479.5;16563.0;35655.0;17829.5;17825.5;4857.0;912.5;3944.5;4407.0;1884.5;2522.5
7225;Totaal;Hengelo (O.);2004;81058.5;40182.5;40876.0;36341.0;19645.5;16695.5;35366.5;17677.0;17689.5;4844.5;924.0;3920.5;4506.5;1936.0;2570.5
7226;Totaal;Hengelo (O.);2005;81227.5;40259.5;40968.0;36689.5;19808.0;16881.5;35065.5;17532.0;17533.5;4848.0;929.5;3918.5;4624.5;1990.0;2634.5
7227;Totaal;Hengelo (O.);2006;81364.0;40336.0;41028.0;36971.5;19951.5;17020.0;34815.5;17405.5;17410.0;4831.0;936.5;3894.5;4746.0;2042.5;2703.5
7228;Totaal;Hengelo (O.);2007;81258.5;40292.0;40966.5;37089.5;19997.5;17092.0;34551.5;17268.5;17283.0;4766.5;936.0;3830.5;4851.0;2090.0;2761.0
7229;Totaal;Hengelo (O.);2008;81006.5;40141.5;40865.0;37123.0;19973.5;17149.5;34257.5;17118.5;17139.0;4694.0;934.0;3760.0;4932.0;2115.5;2816.5
7230;Totaal;Hengelo (O.);2009;80848.5;40089.5;40759.0;37024.0;19931.5;17092.5;33961.5;16969.5;16992.0;4668.0;950.0;3718.0;5195.0;2238.5;2956.5
7231;Totaal;Hengelo (O.);2010;80759.5;40110.5;40649.0;36936.5;19943.0;16993.5;33693.0;16831.5;16861.5;4653.0;971.0;3682.0;5477.0;2365.0;3112.0
7232;Totaal;Hengelo (O.);2011;80843.0;40203.0;40640.0;37152.5;20092.0;17060.5;33523.0;16740.5;16782.5;4618.0;984.0;3634.0;5549.5;2386.5;3163.0
7233;Totaal;Hengelo (O.);2012;80945.5;40308.5;40637.0;37405.0;20233.0;17172.0;33312.5;16640.5;16672.0;4588.0;993.0;3595.0;5640.0;2442.0;3198.0
7234;Totaal;Hengelo (O.);2013;80954.5;40351.0;40603.5;37568.0;20332.5;17235.5;33014.0;16496.0;16518.0;4584.5;1007.5;3577.0;5788.0;2515.0;3273.0
7235;Totaal;Hengelo (O.);2014;81008.0;40420.5;40587.5;37782.0;20476.0;17306.0;32730.0;16350.5;16379.5;4577.5;1016.5;3561.0;5918.5;2577.5;3341.0
7236;Totaal;Hengelo (O.);2015;81067.0;40510.0;40557.0;37968.0;20610.5;17357.5;32496.5;16230.5;16266.0;4569.0;1024.0;3545.0;6033.5;2645.0;3388.5
7237;Totaal;Hengelo (O.);2016;80938.5;40514.5;40424.0;37971.5;20652.5;17319.0;32258.0;16123.5;16134.5;4545.0;1036.5;3508.5;6164.0;2702.0;3462.0
7238;Totaal;'s-Hertogenbosch;1995;96839.5;47331.0;49508.5;45139.5;23630.0;21509.5;40226.0;20110.0;20116.0;5362.5;936.5;4426.0;6111.5;2654.5;3457.0
7239;Totaal;'s-Hertogenbosch;1996;125780.0;61647.0;64133.0;58175.0;30477.0;27698.0;53584.0;26775.0;26809.0;6549.0;1175.0;5374.0;7472.0;3220.0;4252.0
7240;Totaal;'s-Hertogenbosch;1997;126934.0;62277.0;64657.0;58990.0;30952.0;28038.0;53692.0;26840.5;26851.5;6592.0;1196.0;5396.0;7660.0;3288.5;4371.5
7241;Totaal;'s-Hertogenbosch;1998;127674.5;62725.0;64949.5;59531.5;31279.0;28252.5;53795.0;26909.5;26885.5;6509.5;1199.0;5310.5;7838.5;3337.5;4501.0
7242;Totaal;'s-Hertogenbosch;1999;128521.5;63211.5;65310.0;60188.5;31663.0;28525.5;53824.5;26923.0;26901.5;6486.0;1216.5;5269.5;8022.5;3409.0;4613.5
7243;Totaal;'s-Hertogenbosch;2000;129755.5;63857.5;65898.0;61085.5;32138.0;28947.5;53879.0;26951.5;26927.5;6579.5;1252.0;5327.5;8211.5;3516.0;4695.5
7244;Totaal;'s-Hertogenbosch;2001;131087.0;64566.0;66521.0;62044.5;32656.5;29388.0;53949.5;26994.5;26955.0;6610.5;1278.0;5332.5;8482.5;3637.0;4845.5
7245;Totaal;'s-Hertogenbosch;2002;132099.0;65054.0;67045.0;62816.5;33035.0;29781.5;53968.5;27007.5;26961.0;6634.0;1306.5;5327.5;8680.0;3705.0;4975.0
7246;Totaal;'s-Hertogenbosch;2003;133006.0;65460.5;67545.5;63449.5;33302.0;30147.5;54089.0;27070.5;27018.5;6640.5;1335.0;5305.5;8827.0;3753.0;5074.0
7247;Totaal;'s-Hertogenbosch;2004;133744.5;65793.0;67951.5;64027.0;33567.5;30459.5;54068.0;27055.5;27012.5;6655.5;1349.5;5306.0;8994.0;3820.5;5173.5
7248;Totaal;'s-Hertogenbosch;2005;134347.5;66067.0;68280.5;64609.5;33840.5;30769.0;53834.5;26939.5;26895.0;6699.5;1368.0;5331.5;9204.0;3919.0;5285.0
7249;Totaal;'s-Hertogenbosch;2006;135182.5;66456.0;68726.5;65381.5;34201.5;31180.0;53650.5;26850.0;26800.5;6729.0;1392.5;5336.5;9421.5;4012.0;5409.5
7250;Totaal;'s-Hertogenbosch;2007;136064.5;66858.0;69206.5;66165.5;34562.5;31603.0;53513.0;26777.5;26735.5;6748.0;1413.5;5334.5;9638.0;4104.5;5533.5
7251;Totaal;'s-Hertogenbosch;2008;137128.0;67381.0;69747.0;67070.5;35018.0;32052.5;53430.5;26734.5;26696.0;6774.5;1439.0;5335.5;9852.5;4189.5;5663.0
7252;Totaal;'s-Hertogenbosch;2009;138691.0;68171.5;70519.5;68074.5;35552.0;32522.5;53492.5;26771.5;26721.0;6806.0;1468.5;5337.5;10318.0;4379.5;5938.5
7253;Totaal;'s-Hertogenbosch;2010;140196.5;68914.0;71282.5;68990.5;36021.0;32969.5;53616.0;26839.5;26776.5;6821.5;1479.5;5342.0;10768.5;4574.0;6194.5
7254;Totaal;'s-Hertogenbosch;2011;141339.5;69504.0;71835.5;69872.0;36462.5;33409.5;53660.5;26859.5;26801.0;6821.5;1514.0;5307.5;10985.5;4668.0;6317.5
7255;Totaal;'s-Hertogenbosch;2012;142355.0;70042.0;72313.0;70698.5;36902.5;33796.0;53553.0;26798.5;26754.5;6865.0;1569.5;5295.5;11238.5;4771.5;6467.0
7256;Totaal;'s-Hertogenbosch;2013;143275.0;70566.0;72709.0;71563.0;37407.5;34155.5;53343.5;26691.0;26652.5;6931.0;1616.0;5315.0;11437.5;4851.5;6586.0
7257;Totaal;'s-Hertogenbosch;2014;143951.5;70942.0;73009.5;72298.0;37775.0;34523.0;53084.0;26560.5;26523.5;6921.0;1655.5;5265.5;11648.5;4951.0;6697.5
7258;Totaal;'s-Hertogenbosch;2015;151248.5;74615.5;76633.0;75726.5;39571.0;36155.5;55998.5;28023.0;27975.5;7250.5;1771.5;5479.0;12273.0;5250.0;7023.0
7259;Totaal;'s-Hertogenbosch;2016;152009.5;75041.5;76968.0;76302.5;39905.5;36397.0;55850.0;27965.5;27884.5;7268.0;1790.0;5478.0;12589.0;5380.5;7208.5
7260;Totaal;Heteren;1995;8599.0;4332.0;4267.0;3509.5;1919.5;1590.0;4425.5;2212.0;2213.5;406.5;69.5;337.0;257.5;131.0;126.5
7261;Totaal;Heteren;1996;8608.0;4339.5;4268.5;3503.5;1926.0;1577.5;4427.5;2213.0;2214.5;411.5;67.0;344.5;265.5;133.5;132.0
7262;Totaal;Heteren;1997;8581.5;4328.0;4253.5;3482.5;1926.0;1556.5;4418.5;2207.0;2211.5;418.0;66.0;352.0;262.5;129.0;133.5
7263;Totaal;Heteren;1998;8651.0;4363.0;4288.0;3502.5;1936.5;1566.0;4459.0;2227.5;2231.5;418.0;68.0;350.0;271.5;131.0;140.5
7264;Totaal;Heteren;1999;8952.5;4504.5;4448.0;3662.5;2009.5;1653.0;4588.5;2291.0;2297.5;417.0;70.5;346.5;284.5;133.5;151.0
7265;Totaal;Heteren;2000;9384.5;4712.0;4672.5;3891.5;2113.0;1778.5;4773.0;2385.0;2388.0;421.0;72.0;349.0;299.0;142.0;157.0
7266;Totaal;Heteren;2001;;;;;;;;;;;;;;;
7267;Totaal;Heteren;2002;;;;;;;;;;;;;;;
7268;Totaal;Heteren;2003;;;;;;;;;;;;;;;
7269;Totaal;Heteren;2004;;;;;;;;;;;;;;;
7270;Totaal;Heteren;2005;;;;;;;;;;;;;;;
7271;Totaal;Heteren;2006;;;;;;;;;;;;;;;
7272;Totaal;Heteren;2007;;;;;;;;;;;;;;;
7273;Totaal;Heteren;2008;;;;;;;;;;;;;;;
7274;Totaal;Heteren;2009;;;;;;;;;;;;;;;
7275;Totaal;Heteren;2010;;;;;;;;;;;;;;;
7276;Totaal;Heteren;2011;;;;;;;;;;;;;;;
7277;Totaal;Heteren;2012;;;;;;;;;;;;;;;
7278;Totaal;Heteren;2013;;;;;;;;;;;;;;;
7279;Totaal;Heteren;2014;;;;;;;;;;;;;;;
7280;Totaal;Heteren;2015;;;;;;;;;;;;;;;
7281;Totaal;Heteren;2016;;;;;;;;;;;;;;;
7282;Totaal;Heumen;1995;14098.0;6970.5;7127.5;5937.5;3118.5;2819.0;7086.5;3536.5;3550.0;569.0;107.0;462.0;505.0;208.5;296.5
7283;Totaal;Heumen;1996;14480.0;7160.0;7320.0;6101.5;3209.5;2892.0;7254.5;3618.0;3636.5;589.5;110.5;479.0;534.5;222.0;312.5
7284;Totaal;Heumen;1997;15082.0;7438.0;7644.0;6414.0;3346.5;3067.5;7494.5;3738.0;3756.5;596.0;115.0;481.0;577.5;238.5;339.0
7285;Totaal;Heumen;1998;15630.0;7696.0;7934.0;6684.0;3480.0;3204.0;7700.0;3841.0;3859.0;606.0;116.5;489.5;640.0;258.5;381.5
7286;Totaal;Heumen;1999;16068.0;7924.0;8144.0;6838.5;3573.0;3265.5;7935.0;3960.5;3974.5;616.5;114.0;502.5;678.0;276.5;401.5
7287;Totaal;Heumen;2000;16370.0;8076.0;8294.0;6943.0;3630.0;3313.0;8081.0;4035.0;4046.0;641.5;122.5;519.0;704.5;288.5;416.0
7288;Totaal;Heumen;2001;16549.0;8162.0;8387.0;7052.5;3690.0;3362.5;8092.0;4042.0;4050.0;666.5;135.0;531.5;738.0;295.0;443.0
7289;Totaal;Heumen;2002;16576.0;8173.5;8402.5;7076.5;3697.0;3379.5;8055.5;4022.5;4033.0;664.5;134.5;530.0;779.5;319.5;460.0
7290;Totaal;Heumen;2003;16621.5;8196.5;8425.0;7089.0;3701.0;3388.0;8044.5;4020.0;4024.5;666.5;131.5;535.0;821.5;344.0;477.5
7291;Totaal;Heumen;2004;16740.5;8270.5;8470.0;7148.0;3755.0;3393.0;8049.5;4023.5;4026.0;693.0;139.0;554.0;850.0;353.0;497.0
7292;Totaal;Heumen;2005;16811.0;8314.0;8497.0;7181.5;3788.0;3393.5;8020.5;4007.0;4013.5;725.0;148.0;577.0;884.0;371.0;513.0
7293;Totaal;Heumen;2006;16750.0;8301.5;8448.5;7120.5;3774.5;3346.0;7954.0;3977.5;3976.5;747.0;155.0;592.0;928.5;394.5;534.0
7294;Totaal;Heumen;2007;16650.5;8268.5;8382.0;7028.5;3748.0;3280.5;7916.0;3958.0;3958.0;751.0;156.0;595.0;955.0;406.5;548.5
7295;Totaal;Heumen;2008;16625.5;8246.5;8379.0;7025.0;3747.0;3278.0;7881.5;3937.5;3944.0;756.0;154.0;602.0;963.0;408.0;555.0
7296;Totaal;Heumen;2009;16627.5;8238.5;8389.0;7027.5;3752.0;3275.5;7829.5;3913.5;3916.0;778.0;160.0;618.0;992.5;413.0;579.5
7297;Totaal;Heumen;2010;16563.0;8208.5;8354.5;6960.0;3728.5;3231.5;7782.5;3889.0;3893.5;802.5;169.5;633.0;1018.0;421.5;596.5
7298;Totaal;Heumen;2011;16453.5;8153.0;8300.5;6885.0;3695.5;3189.5;7718.0;3854.0;3864.0;822.0;175.5;646.5;1028.5;428.0;600.5
7299;Totaal;Heumen;2012;16434.0;8145.5;8288.5;6871.0;3693.0;3178.0;7656.0;3825.0;3831.0;837.5;180.0;657.5;1069.5;447.5;622.0
7300;Totaal;Heumen;2013;16394.5;8142.5;8252.0;6826.0;3690.0;3136.0;7602.0;3795.5;3806.5;851.5;185.0;666.5;1115.0;472.0;643.0
7301;Totaal;Heumen;2014;16358.5;8139.0;8219.5;6793.0;3693.0;3100.0;7541.0;3761.5;3779.5;864.5;189.0;675.5;1160.0;495.5;664.5
7302;Totaal;Heumen;2015;16371.5;8136.5;8235.0;6797.5;3688.5;3109.0;7495.5;3740.5;3755.0;887.5;193.0;694.5;1191.0;514.5;676.5
7303;Totaal;Heumen;2016;16417.5;8138.0;8279.5;6833.5;3692.5;3141.0;7479.0;3732.5;3746.5;901.0;194.0;707.0;1204.0;519.0;685.0
7304;Totaal;Heusden;1995;6092.5;3096.5;2996.0;2587.5;1420.0;1167.5;2990.0;1501.0;1489.0;264.5;52.5;212.0;250.5;123.0;127.5
7305;Totaal;Heusden;1996;6099.5;3100.0;2999.5;2600.0;1423.5;1176.5;2965.0;1488.0;1477.0;260.0;54.0;206.0;274.5;134.5;140.0
7306;Totaal;Heusden;1997;41882.5;21264.0;20618.5;17787.5;9758.5;8029.0;20896.5;10455.0;10441.5;1734.5;362.5;1372.0;1464.0;688.0;776.0
7307;Totaal;Heusden;1998;42171.0;21391.5;20779.5;17922.0;9827.0;8095.0;20951.5;10484.5;10467.0;1783.0;383.0;1400.0;1514.5;697.0;817.5
7308;Totaal;Heusden;1999;42590.5;21577.0;21013.5;18105.0;9912.5;8192.5;21061.5;10538.0;10523.5;1831.5;399.0;1432.5;1592.5;727.5;865.0
7309;Totaal;Heusden;2000;42857.0;21680.5;21176.5;18172.0;9934.5;8237.5;21134.0;10568.5;10565.5;1863.0;405.0;1458.0;1688.0;772.5;915.5
7310;Totaal;Heusden;2001;43036.5;21735.5;21301.0;18217.0;9951.5;8265.5;21124.5;10554.5;10570.0;1905.5;416.0;1489.5;1789.5;813.5;976.0
7311;Totaal;Heusden;2002;43149.5;21775.0;21374.5;18290.5;9988.5;8302.0;21044.5;10509.5;10535.0;1934.5;424.5;1510.0;1880.0;852.5;1027.5
7312;Totaal;Heusden;2003;43134.5;21755.5;21379.0;18338.5;10021.0;8317.5;20924.0;10451.0;10473.0;1958.0;430.5;1527.5;1914.0;853.0;1061.0
7313;Totaal;Heusden;2004;43079.5;21707.0;21372.5;18338.5;10020.0;8318.5;20831.0;10409.0;10422.0;1975.5;430.0;1545.5;1934.5;848.0;1086.5
7314;Totaal;Heusden;2005;43077.0;21703.5;21373.5;18340.5;10026.0;8314.5;20760.0;10379.5;10380.5;1980.5;423.5;1557.0;1996.0;874.5;1121.5
7315;Totaal;Heusden;2006;42993.0;21657.0;21336.0;18303.5;10023.0;8280.5;20641.5;10318.0;10323.5;2001.5;422.0;1579.5;2046.5;894.0;1152.5
7316;Totaal;Heusden;2007;42912.5;21615.0;21297.5;18264.5;10012.5;8252.0;20502.0;10242.5;10259.5;2036.0;435.5;1600.5;2110.0;924.5;1185.5
7317;Totaal;Heusden;2008;43001.0;21631.5;21369.5;18332.0;10015.5;8316.5;20403.5;10194.5;10209.0;2068.0;454.0;1614.0;2197.5;967.5;1230.0
7318;Totaal;Heusden;2009;43027.5;21605.0;21422.5;18300.0;9958.0;8342.0;20330.5;10164.5;10166.0;2088.5;468.5;1620.0;2308.5;1014.0;1294.5
7319;Totaal;Heusden;2010;43057.0;21589.0;21468.0;18261.0;9908.0;8353.0;20258.0;10133.5;10124.5;2123.0;490.5;1632.5;2415.0;1057.0;1358.0
7320;Totaal;Heusden;2011;43115.5;21575.5;21540.0;18288.5;9891.5;8397.0;20210.5;10109.0;10101.5;2152.0;501.5;1650.5;2464.5;1073.5;1391.0
7321;Totaal;Heusden;2012;43178.0;21576.0;21602.0;18304.0;9885.5;8418.5;20194.0;10096.5;10097.5;2144.0;493.5;1650.5;2536.0;1100.5;1435.5
7322;Totaal;Heusden;2013;43204.5;21606.5;21598.0;18292.0;9899.0;8393.0;20127.0;10065.0;10062.0;2145.5;492.5;1653.0;2640.0;1150.0;1490.0
7323;Totaal;Heusden;2014;43148.5;21599.5;21549.0;18258.5;9904.0;8354.5;19991.0;10001.0;9990.0;2173.5;503.5;1670.0;2725.5;1191.0;1534.5
7324;Totaal;Heusden;2015;43203.0;21618.5;21584.5;18329.5;9933.5;8396.0;19877.5;9938.5;9939.0;2189.5;518.5;1671.0;2806.5;1228.0;1578.5
7325;Totaal;Heusden;2016;43395.0;21726.0;21669.0;18513.5;10034.0;8479.5;19796.5;9897.5;9899.0;2199.5;531.0;1668.5;2885.5;1263.5;1622.0
7326;Totaal;Heythuysen;1995;11624.0;5835.0;5789.0;4943.5;2666.0;2277.5;5796.0;2896.0;2900.0;518.5;103.5;415.0;366.0;169.5;196.5
7327;Totaal;Heythuysen;1996;11711.5;5864.5;5847.0;4974.5;2670.5;2304.0;5842.0;2919.0;2923.0;519.5;97.5;422.0;375.5;177.5;198.0
7328;Totaal;Heythuysen;1997;11881.5;5961.5;5920.0;5085.0;2740.0;2345.0;5902.5;2951.5;2951.0;523.0;99.5;423.5;371.0;170.5;200.5
7329;Totaal;Heythuysen;1998;12003.0;6054.5;5948.5;5174.0;2819.0;2355.0;5922.5;2962.5;2960.0;520.5;98.5;422.0;386.0;174.5;211.5
7330;Totaal;Heythuysen;1999;12021.0;6066.5;5954.5;5165.0;2817.0;2348.0;5920.5;2962.0;2958.5;519.0;96.5;422.5;416.5;191.0;225.5
7331;Totaal;Heythuysen;2000;12067.5;6102.0;5965.5;5158.0;2829.5;2328.5;5950.5;2977.0;2973.5;525.5;100.0;425.5;433.5;195.5;238.0
7332;Totaal;Heythuysen;2001;12093.0;6131.0;5962.0;5147.0;2846.0;2301.0;5962.5;2982.0;2980.5;531.5;102.0;429.5;452.0;201.0;251.0
7333;Totaal;Heythuysen;2002;12102.5;6136.0;5966.5;5143.5;2852.5;2291.0;5951.0;2975.0;2976.0;536.0;99.5;436.5;472.0;209.0;263.0
7334;Totaal;Heythuysen;2003;12193.0;6191.5;6001.5;5193.5;2886.5;2307.0;5969.0;2985.0;2984.0;545.5;102.0;443.5;485.0;218.0;267.0
7335;Totaal;Heythuysen;2004;12272.0;6224.5;6047.5;5245.5;2902.5;2343.0;5974.5;2989.5;2985.0;560.5;109.0;451.5;491.5;223.5;268.0
7336;Totaal;Heythuysen;2005;12251.5;6179.5;6072.0;5227.0;2861.0;2366.0;5946.0;2974.5;2971.5;574.5;113.5;461.0;504.0;230.5;273.5
7337;Totaal;Heythuysen;2006;12238.5;6153.5;6085.0;5206.0;2838.5;2367.5;5917.5;2960.0;2957.5;594.5;119.5;475.0;520.5;235.5;285.0
7338;Totaal;Heythuysen;2007;;;;;;;;;;;;;;;
7339;Totaal;Heythuysen;2008;;;;;;;;;;;;;;;
7340;Totaal;Heythuysen;2009;;;;;;;;;;;;;;;
7341;Totaal;Heythuysen;2010;;;;;;;;;;;;;;;
7342;Totaal;Heythuysen;2011;;;;;;;;;;;;;;;
7343;Totaal;Heythuysen;2012;;;;;;;;;;;;;;;
7344;Totaal;Heythuysen;2013;;;;;;;;;;;;;;;
7345;Totaal;Heythuysen;2014;;;;;;;;;;;;;;;
7346;Totaal;Heythuysen;2015;;;;;;;;;;;;;;;
7347;Totaal;Heythuysen;2016;;;;;;;;;;;;;;;
7348;Totaal;Hillegom;1995;20124.0;9923.0;10201.0;8524.0;4587.0;3937.0;9577.5;4790.5;4787.0;1236.5;186.5;1050.0;786.0;359.0;427.0
7349;Totaal;Hillegom;1996;20258.5;9974.5;10284.0;8607.0;4616.0;3991.0;9588.5;4795.5;4793.0;1248.5;194.0;1054.5;814.5;369.0;445.5
7350;Totaal;Hillegom;1997;20404.0;10045.5;10358.5;8697.0;4652.0;4045.0;9612.0;4809.5;4802.5;1243.0;195.0;1048.0;852.0;389.0;463.0
7351;Totaal;Hillegom;1998;20577.0;10134.0;10443.0;8796.0;4702.5;4093.5;9644.0;4825.5;4818.5;1229.0;194.5;1034.5;908.0;411.5;496.5
7352;Totaal;Hillegom;1999;20669.0;10170.5;10498.5;8849.5;4724.5;4125.0;9635.0;4821.0;4814.0;1240.0;193.5;1046.5;944.5;431.5;513.0
7353;Totaal;Hillegom;2000;20759.5;10203.0;10556.5;8907.0;4742.5;4164.5;9639.0;4820.5;4818.5;1247.0;189.5;1057.5;966.5;450.5;516.0
7354;Totaal;Hillegom;2001;20850.0;10230.5;10619.5;8995.5;4762.0;4233.5;9597.0;4797.5;4799.5;1241.5;197.5;1044.0;1016.0;473.5;542.5
7355;Totaal;Hillegom;2002;20757.5;10186.5;10571.0;8987.0;4752.0;4235.0;9483.0;4738.0;4745.0;1229.5;200.5;1029.0;1058.0;496.0;562.0
7356;Totaal;Hillegom;2003;20629.0;10140.0;10489.0;8929.5;4748.0;4181.5;9393.5;4691.5;4702.0;1227.5;199.0;1028.5;1078.5;501.5;577.0
7357;Totaal;Hillegom;2004;20519.5;10086.5;10433.0;8906.0;4743.5;4162.5;9280.5;4634.5;4646.0;1227.0;199.0;1028.0;1106.0;509.5;596.5
7358;Totaal;Hillegom;2005;20384.0;10019.0;10365.0;8887.5;4730.0;4157.5;9132.0;4559.0;4573.0;1211.0;197.5;1013.5;1153.5;532.5;621.0
7359;Totaal;Hillegom;2006;20306.0;10011.5;10294.5;8854.0;4731.0;4123.0;9034.0;4514.0;4520.0;1206.0;203.0;1003.0;1212.0;563.5;648.5
7360;Totaal;Hillegom;2007;20321.5;10043.0;10278.5;8876.0;4751.5;4124.5;9010.0;4505.5;4504.5;1195.5;206.0;989.5;1240.0;580.0;660.0
7361;Totaal;Hillegom;2008;20417.5;10085.5;10332.0;8981.0;4803.5;4177.5;8990.5;4489.5;4501.0;1181.0;205.5;975.5;1265.0;587.0;678.0
7362;Totaal;Hillegom;2009;20485.5;10116.5;10369.0;8990.5;4812.5;4178.0;8998.0;4484.0;4514.0;1165.0;209.5;955.5;1332.0;610.5;721.5
7363;Totaal;Hillegom;2010;20555.5;10144.5;10411.0;8972.0;4799.5;4172.5;9035.0;4503.5;4531.5;1153.0;210.5;942.5;1395.5;631.0;764.5
7364;Totaal;Hillegom;2011;20729.0;10239.5;10489.5;9069.5;4847.0;4222.5;9057.5;4518.5;4539.0;1160.0;220.0;940.0;1442.0;654.0;788.0
7365;Totaal;Hillegom;2012;20849.5;10307.0;10542.5;9155.5;4887.0;4268.5;9051.5;4510.5;4541.0;1174.5;233.0;941.5;1468.0;676.5;791.5
7366;Totaal;Hillegom;2013;20906.0;10349.5;10556.5;9193.5;4918.5;4275.0;9035.5;4500.0;4535.5;1176.0;241.5;934.5;1501.0;689.5;811.5
7367;Totaal;Hillegom;2014;21022.5;10423.5;10599.0;9278.0;4975.5;4302.5;9002.0;4489.5;4512.5;1184.5;252.0;932.5;1558.0;706.5;851.5
7368;Totaal;Hillegom;2015;21095.0;10455.5;10639.5;9324.0;5001.0;4323.0;8958.0;4470.5;4487.5;1197.0;255.5;941.5;1616.0;728.5;887.5
7369;Totaal;Hillegom;2016;21202.5;10499.0;10703.5;9372.5;5014.5;4358.0;8953.5;4470.0;4483.5;1193.5;253.0;940.5;1683.0;761.5;921.5
7370;Totaal;Hilvarenbeek;1995;10091.0;5130.0;4961.0;4186.0;2327.0;1859.0;5201.5;2599.0;2602.5;475.5;99.5;376.0;228.0;104.5;123.5
7371;Totaal;Hilvarenbeek;1996;10174.5;5152.5;5022.0;4214.0;2326.0;1888.0;5235.5;2617.0;2618.5;480.0;97.0;383.0;245.0;112.5;132.5
7372;Totaal;Hilvarenbeek;1997;14422.5;7367.5;7055.0;6059.0;3389.5;2669.5;7409.0;3699.0;3710.0;623.0;118.0;505.0;331.5;161.0;170.5
7373;Totaal;Hilvarenbeek;1998;14474.0;7383.0;7091.0;6095.0;3403.0;2692.0;7398.0;3693.5;3704.5;622.0;114.5;507.5;359.0;172.0;187.0
7374;Totaal;Hilvarenbeek;1999;14562.5;7422.5;7140.0;6130.0;3420.5;2709.5;7433.0;3713.5;3719.5;622.0;109.0;513.0;377.5;179.5;198.0
7375;Totaal;Hilvarenbeek;2000;14716.5;7515.0;7201.5;6215.0;3471.5;2743.5;7482.0;3741.5;3740.5;623.5;112.0;511.5;396.0;190.0;206.0
7376;Totaal;Hilvarenbeek;2001;14827.5;7569.5;7258.0;6299.5;3508.5;2791.0;7474.5;3739.0;3735.5;633.0;118.5;514.5;420.5;203.5;217.0
7377;Totaal;Hilvarenbeek;2002;14851.5;7571.5;7280.0;6318.5;3513.0;2805.5;7460.5;3729.0;3731.5;642.0;119.5;522.5;430.5;210.0;220.5
7378;Totaal;Hilvarenbeek;2003;14934.0;7604.0;7330.0;6367.5;3541.0;2826.5;7444.5;3720.0;3724.5;667.5;122.0;545.5;454.5;221.0;233.5
7379;Totaal;Hilvarenbeek;2004;15044.0;7652.5;7391.5;6433.5;3580.5;2853.0;7427.5;3712.5;3715.0;699.5;129.5;570.0;483.5;230.0;253.5
7380;Totaal;Hilvarenbeek;2005;15087.5;7674.5;7413.0;6451.5;3589.5;2862.0;7427.0;3714.0;3713.0;711.5;136.0;575.5;497.5;235.0;262.5
7381;Totaal;Hilvarenbeek;2006;15088.0;7669.0;7419.0;6454.0;3583.0;2871.0;7389.0;3694.5;3694.5;727.0;143.5;583.5;518.0;248.0;270.0
7382;Totaal;Hilvarenbeek;2007;15107.0;7667.0;7440.0;6482.5;3593.5;2889.0;7334.0;3666.5;3667.5;742.0;144.0;598.0;548.5;263.0;285.5
7383;Totaal;Hilvarenbeek;2008;15074.0;7642.0;7432.0;6462.5;3578.5;2884.0;7300.0;3649.5;3650.5;743.0;140.0;603.0;568.5;274.0;294.5
7384;Totaal;Hilvarenbeek;2009;15009.5;7597.0;7412.5;6402.0;3537.0;2865.0;7261.0;3630.5;3630.5;742.0;139.0;603.0;604.5;290.5;314.0
7385;Totaal;Hilvarenbeek;2010;15006.5;7588.0;7418.5;6377.5;3517.0;2860.5;7247.0;3624.0;3623.0;748.0;143.0;605.0;634.0;304.0;330.0
7386;Totaal;Hilvarenbeek;2011;15041.0;7602.5;7438.5;6392.0;3520.0;2872.0;7241.0;3620.0;3621.0;765.5;154.5;611.0;642.5;308.0;334.5
7387;Totaal;Hilvarenbeek;2012;15066.5;7617.5;7449.0;6404.0;3527.0;2877.0;7218.5;3606.0;3612.5;780.0;164.0;616.0;664.0;320.5;343.5
7388;Totaal;Hilvarenbeek;2013;15089.0;7629.5;7459.5;6418.0;3535.5;2882.5;7205.0;3596.5;3608.5;779.5;165.5;614.0;686.5;332.0;354.5
7389;Totaal;Hilvarenbeek;2014;15067.0;7608.5;7458.5;6405.0;3521.5;2883.5;7158.5;3576.5;3582.0;782.5;167.0;615.5;721.0;343.5;377.5
7390;Totaal;Hilvarenbeek;2015;15103.0;7609.5;7493.5;6434.5;3517.5;2917.0;7113.0;3559.0;3554.0;792.0;171.5;620.5;763.5;361.5;402.0
7391;Totaal;Hilvarenbeek;2016;15223.5;7664.5;7559.0;6510.0;3550.0;2960.0;7113.5;3561.0;3552.5;804.5;176.0;628.5;795.5;377.5;418.0
7392;Totaal;Hilversum;1995;83560.5;39774.0;43786.5;35140.0;18129.5;17010.5;36812.0;18426.5;18385.5;6278.0;996.0;5282.0;5330.5;2222.0;3108.5
7393;Totaal;Hilversum;1996;82939.5;39539.0;43400.5;35186.5;18183.5;17003.0;36197.0;18122.5;18074.5;6131.5;988.5;5143.0;5424.5;2244.5;3180.0
7394;Totaal;Hilversum;1997;82452.0;39355.5;43096.5;35217.5;18222.0;16995.5;35715.0;17877.5;17837.5;6009.5;987.5;5022.0;5510.0;2268.5;3241.5
7395;Totaal;Hilversum;1998;82302.5;39361.0;42941.5;35460.0;18383.0;17077.0;35356.5;17703.0;17653.5;5848.0;973.5;4874.5;5638.0;2301.5;3336.5
7396;Totaal;Hilversum;1999;82242.5;39414.0;42828.5;35774.5;18555.5;17219.0;35050.0;17562.0;17488.0;5761.0;975.0;4786.0;5657.0;2321.5;3335.5
7397;Totaal;Hilversum;2000;82475.0;39605.5;42869.5;36333.5;18861.5;17472.0;34733.5;17401.0;17332.5;5763.0;991.0;4772.0;5645.0;2352.0;3293.0
7398;Totaal;Hilversum;2001;82934.5;39909.0;43025.5;37035.0;19258.5;17776.5;34479.5;17267.5;17212.0;5651.5;974.5;4677.0;5768.5;2408.5;3360.0
7399;Totaal;Hilversum;2002;83201.0;40105.5;43095.5;37568.0;19551.5;18016.5;34224.0;17138.5;17085.5;5533.0;960.5;4572.5;5876.0;2455.0;3421.0
7400;Totaal;Hilversum;2003;83380.0;40271.0;43109.0;38013.5;19805.0;18208.5;33947.5;17006.0;16941.5;5420.0;953.0;4467.0;5999.0;2507.0;3492.0
7401;Totaal;Hilversum;2004;83568.0;40407.5;43160.5;38438.0;20019.0;18419.0;33669.0;16863.5;16805.5;5343.5;964.0;4379.5;6117.5;2561.0;3556.5
7402;Totaal;Hilversum;2005;83667.0;40441.5;43225.5;38792.5;20160.5;18632.0;33376.5;16706.5;16670.0;5305.5;975.0;4330.5;6192.5;2599.5;3593.0
7403;Totaal;Hilversum;2006;83660.5;40463.5;43197.0;39039.0;20299.5;18739.5;33121.5;16578.0;16543.5;5232.5;960.0;4272.5;6267.5;2626.0;3641.5
7404;Totaal;Hilversum;2007;83742.0;40565.0;43177.0;39374.5;20527.5;18847.0;32844.5;16432.5;16412.0;5162.5;949.0;4213.5;6360.5;2656.0;3704.5
7405;Totaal;Hilversum;2008;84118.5;40817.0;43301.5;39946.5;20860.5;19086.0;32662.5;16335.0;16327.5;5082.5;946.5;4136.0;6427.0;2675.0;3752.0
7406;Totaal;Hilversum;2009;84497.5;41064.0;43433.5;40320.0;21065.0;19255.0;32570.0;16302.5;16267.5;4997.0;944.0;4053.0;6610.5;2752.5;3858.0
7407;Totaal;Hilversum;2010;84778.5;41216.0;43562.5;40567.0;21173.0;19394.0;32408.0;16234.0;16174.0;4947.0;944.0;4003.0;6856.5;2865.0;3991.5
7408;Totaal;Hilversum;2011;85260.5;41452.5;43808.0;41111.0;21423.5;19687.5;32289.0;16177.0;16112.0;4912.5;948.5;3964.0;6948.0;2903.5;4044.5
7409;Totaal;Hilversum;2012;85777.0;41760.5;44016.5;41754.0;21761.5;19992.5;32140.0;16108.0;16032.0;4862.5;958.5;3904.0;7020.5;2932.5;4088.0
7410;Totaal;Hilversum;2013;86221.5;42051.0;44170.5;42324.0;22097.0;20227.0;31951.0;16011.0;15940.0;4824.0;973.0;3851.0;7122.5;2970.0;4152.5
7411;Totaal;Hilversum;2014;86793.5;42393.5;44400.0;42831.5;22405.0;20426.5;31917.5;15990.0;15927.5;4785.0;981.5;3803.5;7259.5;3017.0;4242.5
7412;Totaal;Hilversum;2015;87495.5;42786.5;44709.0;43420.0;22726.5;20693.5;31966.0;16008.0;15958.0;4730.0;994.0;3736.0;7379.5;3058.0;4321.5
7413;Totaal;Hilversum;2016;88359.0;43282.5;45076.5;44198.5;23149.0;21049.5;31996.5;16023.0;15973.5;4699.5;1018.0;3681.5;7464.5;3092.5;4372.0
7414;Totaal;Hoevelaken;1995;8730.0;4415.5;4314.5;3603.5;1972.0;1631.5;4541.5;2271.0;2270.5;331.0;62.0;269.0;254.0;110.5;143.5
7415;Totaal;Hoevelaken;1996;8772.5;4434.0;4338.5;3622.0;1984.0;1638.0;4553.0;2277.0;2276.0;339.5;63.5;276.0;258.0;109.5;148.5
7416;Totaal;Hoevelaken;1997;8728.5;4415.0;4313.5;3595.0;1979.0;1616.0;4530.5;2268.0;2262.5;345.5;64.5;281.0;257.5;103.5;154.0
7417;Totaal;Hoevelaken;1998;8514.0;4297.0;4217.0;3494.0;1916.5;1577.5;4436.0;2220.0;2216.0;333.0;62.5;270.5;251.0;98.0;153.0
7418;Totaal;Hoevelaken;1999;8544.0;4300.0;4244.0;3499.5;1909.5;1590.0;4455.0;2228.5;2226.5;340.0;63.5;276.5;249.5;98.5;151.0
7419;Totaal;Hoevelaken;2000;;;;;;;;;;;;;;;
7420;Totaal;Hoevelaken;2001;;;;;;;;;;;;;;;
7421;Totaal;Hoevelaken;2002;;;;;;;;;;;;;;;
7422;Totaal;Hoevelaken;2003;;;;;;;;;;;;;;;
7423;Totaal;Hoevelaken;2004;;;;;;;;;;;;;;;
7424;Totaal;Hoevelaken;2005;;;;;;;;;;;;;;;
7425;Totaal;Hoevelaken;2006;;;;;;;;;;;;;;;
7426;Totaal;Hoevelaken;2007;;;;;;;;;;;;;;;
7427;Totaal;Hoevelaken;2008;;;;;;;;;;;;;;;
7428;Totaal;Hoevelaken;2009;;;;;;;;;;;;;;;
7429;Totaal;Hoevelaken;2010;;;;;;;;;;;;;;;
7430;Totaal;Hoevelaken;2011;;;;;;;;;;;;;;;
7431;Totaal;Hoevelaken;2012;;;;;;;;;;;;;;;
7432;Totaal;Hoevelaken;2013;;;;;;;;;;;;;;;
7433;Totaal;Hoevelaken;2014;;;;;;;;;;;;;;;
7434;Totaal;Hoevelaken;2015;;;;;;;;;;;;;;;
7435;Totaal;Hoevelaken;2016;;;;;;;;;;;;;;;
7436;Totaal;Hoeven;1995;8238.0;4193.0;4045.0;3011.0;1671.0;1340.0;4677.5;2336.5;2341.0;360.0;89.0;271.0;189.5;96.5;93.0
7437;Totaal;Hoeven;1996;8248.0;4185.0;4063.0;3005.0;1654.0;1351.0;4653.0;2324.5;2328.5;371.5;94.5;277.0;218.5;112.0;106.5
7438;Totaal;Hoeven;1997;;;;;;;;;;;;;;;
7439;Totaal;Hoeven;1998;;;;;;;;;;;;;;;
7440;Totaal;Hoeven;1999;;;;;;;;;;;;;;;
7441;Totaal;Hoeven;2000;;;;;;;;;;;;;;;
7442;Totaal;Hoeven;2001;;;;;;;;;;;;;;;
7443;Totaal;Hoeven;2002;;;;;;;;;;;;;;;
7444;Totaal;Hoeven;2003;;;;;;;;;;;;;;;
7445;Totaal;Hoeven;2004;;;;;;;;;;;;;;;
7446;Totaal;Hoeven;2005;;;;;;;;;;;;;;;
7447;Totaal;Hoeven;2006;;;;;;;;;;;;;;;
7448;Totaal;Hoeven;2007;;;;;;;;;;;;;;;
7449;Totaal;Hoeven;2008;;;;;;;;;;;;;;;
7450;Totaal;Hoeven;2009;;;;;;;;;;;;;;;
7451;Totaal;Hoeven;2010;;;;;;;;;;;;;;;
7452;Totaal;Hoeven;2011;;;;;;;;;;;;;;;
7453;Totaal;Hoeven;2012;;;;;;;;;;;;;;;
7454;Totaal;Hoeven;2013;;;;;;;;;;;;;;;
7455;Totaal;Hoeven;2014;;;;;;;;;;;;;;;
7456;Totaal;Hoeven;2015;;;;;;;;;;;;;;;
7457;Totaal;Hoeven;2016;;;;;;;;;;;;;;;
7458;Totaal;Hof van Twente;1995;;;;;;;;;;;;;;;
7459;Totaal;Hof van Twente;1996;;;;;;;;;;;;;;;
7460;Totaal;Hof van Twente;1997;;;;;;;;;;;;;;;
7461;Totaal;Hof van Twente;1998;;;;;;;;;;;;;;;
7462;Totaal;Hof van Twente;1999;;;;;;;;;;;;;;;
7463;Totaal;Hof van Twente;2000;;;;;;;;;;;;;;;
7464;Totaal;Hof van Twente;2001;34948.0;17379.0;17569.0;13904.0;7699.0;6205.0;17575.0;8791.0;8784.0;2465.5;448.0;2017.5;1003.5;441.0;562.5
7465;Totaal;Hof van Twente;2002;35039.5;17419.5;17620.0;14010.5;7764.5;6246.0;17490.5;8748.0;8742.5;2485.5;449.0;2036.5;1053.0;458.0;595.0
7466;Totaal;Hof van Twente;2003;35019.0;17424.5;17594.5;14053.5;7810.0;6243.5;17376.5;8692.5;8684.0;2479.5;446.0;2033.5;1109.5;476.0;633.5
7467;Totaal;Hof van Twente;2004;34970.5;17407.5;17563.0;14131.5;7853.0;6278.5;17239.0;8628.0;8611.0;2447.5;438.5;2009.0;1152.5;488.0;664.5
7468;Totaal;Hof van Twente;2005;34991.0;17386.5;17604.5;14189.5;7849.5;6340.0;17162.0;8587.5;8574.5;2445.0;445.5;1999.5;1194.5;504.0;690.5
7469;Totaal;Hof van Twente;2006;35089.0;17391.0;17698.0;14228.5;7830.0;6398.5;17146.5;8577.0;8569.5;2468.5;458.0;2010.5;1245.5;526.0;719.5
7470;Totaal;Hof van Twente;2007;35159.0;17417.5;17741.5;14271.5;7844.5;6427.0;17119.0;8562.5;8556.5;2479.0;467.0;2012.0;1289.5;543.5;746.0
7471;Totaal;Hof van Twente;2008;35166.0;17444.5;17721.5;14280.0;7863.0;6417.0;17095.0;8547.5;8547.5;2468.5;477.5;1991.0;1322.5;556.5;766.0
7472;Totaal;Hof van Twente;2009;35309.5;17525.0;17784.5;14340.5;7891.5;6449.0;17104.0;8553.5;8550.5;2459.0;485.0;1974.0;1406.0;595.0;811.0
7473;Totaal;Hof van Twente;2010;35520.5;17625.5;17895.0;14459.0;7939.5;6519.5;17085.5;8547.5;8538.0;2476.0;491.0;1985.0;1500.0;647.5;852.5
7474;Totaal;Hof van Twente;2011;35586.0;17663.0;17923.0;14502.5;7954.0;6548.5;17045.0;8530.0;8515.0;2480.0;499.0;1981.0;1558.5;680.0;878.5
7475;Totaal;Hof van Twente;2012;35407.0;17572.0;17835.0;14389.0;7882.5;6506.5;16919.5;8465.5;8454.0;2464.0;509.5;1954.5;1634.5;714.5;920.0
7476;Totaal;Hof van Twente;2013;35106.0;17425.5;17680.5;14246.5;7810.5;6436.0;16682.0;8342.5;8339.5;2476.0;526.5;1949.5;1701.5;746.0;955.5
7477;Totaal;Hof van Twente;2014;34957.0;17383.0;17574.0;14267.5;7837.5;6430.0;16426.0;8217.5;8208.5;2496.0;551.0;1945.0;1767.5;777.0;990.5
7478;Totaal;Hof van Twente;2015;34899.0;17358.0;17541.0;14343.5;7866.5;6477.0;16222.5;8121.5;8101.0;2491.0;562.0;1929.0;1842.0;808.0;1034.0
7479;Totaal;Hof van Twente;2016;34946.0;17369.5;17576.5;14443.5;7905.0;6538.5;16104.5;8061.0;8043.5;2491.0;569.0;1922.0;1907.0;834.5;1072.5
7480;Totaal;Hollands Kroon;1995;;;;;;;;;;;;;;;
7481;Totaal;Hollands Kroon;1996;;;;;;;;;;;;;;;
7482;Totaal;Hollands Kroon;1997;;;;;;;;;;;;;;;
7483;Totaal;Hollands Kroon;1998;;;;;;;;;;;;;;;
7484;Totaal;Hollands Kroon;1999;;;;;;;;;;;;;;;
7485;Totaal;Hollands Kroon;2000;;;;;;;;;;;;;;;
7486;Totaal;Hollands Kroon;2001;;;;;;;;;;;;;;;
7487;Totaal;Hollands Kroon;2002;;;;;;;;;;;;;;;
7488;Totaal;Hollands Kroon;2003;;;;;;;;;;;;;;;
7489;Totaal;Hollands Kroon;2004;;;;;;;;;;;;;;;
7490;Totaal;Hollands Kroon;2005;;;;;;;;;;;;;;;
7491;Totaal;Hollands Kroon;2006;;;;;;;;;;;;;;;
7492;Totaal;Hollands Kroon;2007;;;;;;;;;;;;;;;
7493;Totaal;Hollands Kroon;2008;;;;;;;;;;;;;;;
7494;Totaal;Hollands Kroon;2009;;;;;;;;;;;;;;;
7495;Totaal;Hollands Kroon;2010;;;;;;;;;;;;;;;
7496;Totaal;Hollands Kroon;2011;;;;;;;;;;;;;;;
7497;Totaal;Hollands Kroon;2012;47673.0;24117.0;23556.0;20397.0;11190.5;9206.5;22132.0;11065.0;11067.0;2305.0;550.5;1754.5;2839.0;1311.0;1528.0
7498;Totaal;Hollands Kroon;2013;47572.5;24057.5;23515.0;20349.0;11148.0;9201.0;22016.5;11007.5;11009.0;2295.5;561.0;1734.5;2911.5;1341.0;1570.5
7499;Totaal;Hollands Kroon;2014;47524.0;24034.5;23489.5;20372.0;11155.5;9216.5;21831.0;10918.0;10913.0;2320.0;579.5;1740.5;3001.0;1381.5;1619.5
7500;Totaal;Hollands Kroon;2015;47546.0;24045.0;23501.0;20450.5;11189.0;9261.5;21666.5;10836.0;10830.5;2350.0;592.5;1757.5;3079.0;1427.5;1651.5
7501;Totaal;Hollands Kroon;2016;47573.0;24074.5;23498.5;20548.5;11244.0;9304.5;21541.0;10770.5;10770.5;2340.5;594.5;1746.0;3143.0;1465.5;1677.5
7502;Totaal;Holten;1995;8690.5;4312.5;4378.0;3277.5;1794.5;1483.0;4649.0;2320.0;2329.0;599.0;123.5;475.5;165.0;74.5;90.5
7503;Totaal;Holten;1996;8750.0;4327.0;4423.0;3299.5;1797.0;1502.5;4665.0;2328.0;2337.0;605.5;123.0;482.5;180.0;79.0;101.0
7504;Totaal;Holten;1997;8765.0;4333.0;4432.0;3298.5;1798.0;1500.5;4670.5;2330.0;2340.5;606.0;120.5;485.5;190.0;84.5;105.5
7505;Totaal;Holten;1998;8793.5;4349.0;4444.5;3307.5;1808.0;1499.5;4686.0;2336.5;2349.5;594.0;114.0;480.0;206.0;90.5;115.5
7506;Totaal;Holten;1999;8829.0;4364.0;4465.0;3318.5;1817.5;1501.0;4692.5;2340.5;2352.0;602.5;114.5;488.0;215.5;91.5;124.0
7507;Totaal;Holten;2000;8864.0;4373.5;4490.5;3348.5;1828.5;1520.0;4687.0;2339.5;2347.5;609.0;113.0;496.0;219.5;92.5;127.0
7508;Totaal;Holten;2001;;;;;;;;;;;;;;;
7509;Totaal;Holten;2002;;;;;;;;;;;;;;;
7510;Totaal;Holten;2003;;;;;;;;;;;;;;;
7511;Totaal;Holten;2004;;;;;;;;;;;;;;;
7512;Totaal;Holten;2005;;;;;;;;;;;;;;;
7513;Totaal;Holten;2006;;;;;;;;;;;;;;;
7514;Totaal;Holten;2007;;;;;;;;;;;;;;;
7515;Totaal;Holten;2008;;;;;;;;;;;;;;;
7516;Totaal;Holten;2009;;;;;;;;;;;;;;;
7517;Totaal;Holten;2010;;;;;;;;;;;;;;;
7518;Totaal;Holten;2011;;;;;;;;;;;;;;;
7519;Totaal;Holten;2012;;;;;;;;;;;;;;;
7520;Totaal;Holten;2013;;;;;;;;;;;;;;;
7521;Totaal;Holten;2014;;;;;;;;;;;;;;;
7522;Totaal;Holten;2015;;;;;;;;;;;;;;;
7523;Totaal;Holten;2016;;;;;;;;;;;;;;;
7524;Totaal;Hontenisse;1995;7756.0;3931.0;3825.0;3012.0;1676.5;1335.5;4038.0;2020.0;2018.0;463.5;96.5;367.0;242.5;138.0;104.5
7525;Totaal;Hontenisse;1996;7761.0;3932.5;3828.5;3010.5;1670.5;1340.0;4024.0;2015.5;2008.5;469.5;95.5;374.0;257.0;151.0;106.0
7526;Totaal;Hontenisse;1997;7854.5;3969.0;3885.5;3052.0;1681.5;1370.5;4057.5;2031.0;2026.5;481.5;102.0;379.5;263.5;154.5;109.0
7527;Totaal;Hontenisse;1998;7910.0;3994.0;3916.0;3069.0;1689.0;1380.0;4083.5;2045.5;2038.0;491.5;106.0;385.5;266.0;153.5;112.5
7528;Totaal;Hontenisse;1999;7915.5;3993.0;3922.5;3063.5;1683.5;1380.0;4076.5;2043.0;2033.5;498.0;102.5;395.5;277.5;164.0;113.5
7529;Totaal;Hontenisse;2000;7947.0;3998.0;3949.0;3070.5;1676.5;1394.0;4084.0;2045.5;2038.5;497.0;101.0;396.0;295.5;175.0;120.5
7530;Totaal;Hontenisse;2001;7992.5;4017.0;3975.5;3082.0;1681.5;1400.5;4102.5;2056.5;2046.0;498.0;102.0;396.0;310.0;177.0;133.0
7531;Totaal;Hontenisse;2002;7993.0;4026.0;3967.0;3077.5;1682.0;1395.5;4098.5;2055.5;2043.0;496.5;103.5;393.0;320.5;185.0;135.5
7532;Totaal;Hontenisse;2003;;;;;;;;;;;;;;;
7533;Totaal;Hontenisse;2004;;;;;;;;;;;;;;;
7534;Totaal;Hontenisse;2005;;;;;;;;;;;;;;;
7535;Totaal;Hontenisse;2006;;;;;;;;;;;;;;;
7536;Totaal;Hontenisse;2007;;;;;;;;;;;;;;;
7537;Totaal;Hontenisse;2008;;;;;;;;;;;;;;;
7538;Totaal;Hontenisse;2009;;;;;;;;;;;;;;;
7539;Totaal;Hontenisse;2010;;;;;;;;;;;;;;;
7540;Totaal;Hontenisse;2011;;;;;;;;;;;;;;;
7541;Totaal;Hontenisse;2012;;;;;;;;;;;;;;;
7542;Totaal;Hontenisse;2013;;;;;;;;;;;;;;;
7543;Totaal;Hontenisse;2014;;;;;;;;;;;;;;;
7544;Totaal;Hontenisse;2015;;;;;;;;;;;;;;;
7545;Totaal;Hontenisse;2016;;;;;;;;;;;;;;;
7546;Totaal;Hooge en Lage Mierde;1995;4215.5;2149.5;2066.0;1911.5;1059.0;852.5;2058.0;1028.5;1029.5;189.5;31.5;158.0;56.5;30.5;26.0
7547;Totaal;Hooge en Lage Mierde;1996;4225.5;2144.5;2081.0;1916.5;1058.0;858.5;2056.0;1028.0;1028.0;195.0;29.5;165.5;58.0;29.0;29.0
7548;Totaal;Hooge en Lage Mierde;1997;;;;;;;;;;;;;;;
7549;Totaal;Hooge en Lage Mierde;1998;;;;;;;;;;;;;;;
7550;Totaal;Hooge en Lage Mierde;1999;;;;;;;;;;;;;;;
7551;Totaal;Hooge en Lage Mierde;2000;;;;;;;;;;;;;;;
7552;Totaal;Hooge en Lage Mierde;2001;;;;;;;;;;;;;;;
7553;Totaal;Hooge en Lage Mierde;2002;;;;;;;;;;;;;;;
7554;Totaal;Hooge en Lage Mierde;2003;;;;;;;;;;;;;;;
7555;Totaal;Hooge en Lage Mierde;2004;;;;;;;;;;;;;;;
7556;Totaal;Hooge en Lage Mierde;2005;;;;;;;;;;;;;;;
7557;Totaal;Hooge en Lage Mierde;2006;;;;;;;;;;;;;;;
7558;Totaal;Hooge en Lage Mierde;2007;;;;;;;;;;;;;;;
7559;Totaal;Hooge en Lage Mierde;2008;;;;;;;;;;;;;;;
7560;Totaal;Hooge en Lage Mierde;2009;;;;;;;;;;;;;;;
7561;Totaal;Hooge en Lage Mierde;2010;;;;;;;;;;;;;;;
7562;Totaal;Hooge en Lage Mierde;2011;;;;;;;;;;;;;;;
7563;Totaal;Hooge en Lage Mierde;2012;;;;;;;;;;;;;;;
7564;Totaal;Hooge en Lage Mierde;2013;;;;;;;;;;;;;;;
7565;Totaal;Hooge en Lage Mierde;2014;;;;;;;;;;;;;;;
7566;Totaal;Hooge en Lage Mierde;2015;;;;;;;;;;;;;;;
7567;Totaal;Hooge en Lage Mierde;2016;;;;;;;;;;;;;;;
7568;Totaal;Hooge en Lage Zwaluwe;1995;6105.5;3064.0;3041.5;2356.5;1303.0;1053.5;3236.0;1622.0;1614.0;336.0;47.0;289.0;177.0;92.0;85.0
7569;Totaal;Hooge en Lage Zwaluwe;1996;6149.0;3083.5;3065.5;2378.0;1314.5;1063.5;3244.0;1627.0;1617.0;344.0;47.0;297.0;183.0;95.0;88.0
7570;Totaal;Hooge en Lage Zwaluwe;1997;;;;;;;;;;;;;;;
7571;Totaal;Hooge en Lage Zwaluwe;1998;;;;;;;;;;;;;;;
7572;Totaal;Hooge en Lage Zwaluwe;1999;;;;;;;;;;;;;;;
7573;Totaal;Hooge en Lage Zwaluwe;2000;;;;;;;;;;;;;;;
7574;Totaal;Hooge en Lage Zwaluwe;2001;;;;;;;;;;;;;;;
7575;Totaal;Hooge en Lage Zwaluwe;2002;;;;;;;;;;;;;;;
7576;Totaal;Hooge en Lage Zwaluwe;2003;;;;;;;;;;;;;;;
7577;Totaal;Hooge en Lage Zwaluwe;2004;;;;;;;;;;;;;;;
7578;Totaal;Hooge en Lage Zwaluwe;2005;;;;;;;;;;;;;;;
7579;Totaal;Hooge en Lage Zwaluwe;2006;;;;;;;;;;;;;;;
7580;Totaal;Hooge en Lage Zwaluwe;2007;;;;;;;;;;;;;;;
7581;Totaal;Hooge en Lage Zwaluwe;2008;;;;;;;;;;;;;;;
7582;Totaal;Hooge en Lage Zwaluwe;2009;;;;;;;;;;;;;;;
7583;Totaal;Hooge en Lage Zwaluwe;2010;;;;;;;;;;;;;;;
7584;Totaal;Hooge en Lage Zwaluwe;2011;;;;;;;;;;;;;;;
7585;Totaal;Hooge en Lage Zwaluwe;2012;;;;;;;;;;;;;;;
7586;Totaal;Hooge en Lage Zwaluwe;2013;;;;;;;;;;;;;;;
7587;Totaal;Hooge en Lage Zwaluwe;2014;;;;;;;;;;;;;;;
7588;Totaal;Hooge en Lage Zwaluwe;2015;;;;;;;;;;;;;;;
7589;Totaal;Hooge en Lage Zwaluwe;2016;;;;;;;;;;;;;;;
7590;Totaal;Hoogeloon, Hapert en Casteren;1995;8301.0;4230.5;4070.5;3394.0;1868.5;1525.5;4398.0;2196.0;2202.0;293.5;62.0;231.5;215.5;104.0;111.5
7591;Totaal;Hoogeloon, Hapert en Casteren;1996;8280.5;4217.0;4063.5;3387.0;1863.5;1523.5;4368.5;2182.0;2186.5;298.5;62.0;236.5;226.5;109.5;117.0
7592;Totaal;Hoogeloon, Hapert en Casteren;1997;;;;;;;;;;;;;;;
7593;Totaal;Hoogeloon, Hapert en Casteren;1998;;;;;;;;;;;;;;;
7594;Totaal;Hoogeloon, Hapert en Casteren;1999;;;;;;;;;;;;;;;
7595;Totaal;Hoogeloon, Hapert en Casteren;2000;;;;;;;;;;;;;;;
7596;Totaal;Hoogeloon, Hapert en Casteren;2001;;;;;;;;;;;;;;;
7597;Totaal;Hoogeloon, Hapert en Casteren;2002;;;;;;;;;;;;;;;
7598;Totaal;Hoogeloon, Hapert en Casteren;2003;;;;;;;;;;;;;;;
7599;Totaal;Hoogeloon, Hapert en Casteren;2004;;;;;;;;;;;;;;;
7600;Totaal;Hoogeloon, Hapert en Casteren;2005;;;;;;;;;;;;;;;
7601;Totaal;Hoogeloon, Hapert en Casteren;2006;;;;;;;;;;;;;;;
7602;Totaal;Hoogeloon, Hapert en Casteren;2007;;;;;;;;;;;;;;;
7603;Totaal;Hoogeloon, Hapert en Casteren;2008;;;;;;;;;;;;;;;
7604;Totaal;Hoogeloon, Hapert en Casteren;2009;;;;;;;;;;;;;;;
7605;Totaal;Hoogeloon, Hapert en Casteren;2010;;;;;;;;;;;;;;;
7606;Totaal;Hoogeloon, Hapert en Casteren;2011;;;;;;;;;;;;;;;
7607;Totaal;Hoogeloon, Hapert en Casteren;2012;;;;;;;;;;;;;;;
7608;Totaal;Hoogeloon, Hapert en Casteren;2013;;;;;;;;;;;;;;;
7609;Totaal;Hoogeloon, Hapert en Casteren;2014;;;;;;;;;;;;;;;
7610;Totaal;Hoogeloon, Hapert en Casteren;2015;;;;;;;;;;;;;;;
7611;Totaal;Hoogeloon, Hapert en Casteren;2016;;;;;;;;;;;;;;;
7612;Totaal;Hoogeveen;1995;46553.0;23006.5;23546.5;19423.0;10476.5;8946.5;22712.0;11367.0;11345.0;2771.0;459.5;2311.5;1647.0;703.5;943.5
7613;Totaal;Hoogeveen;1996;46584.5;23024.5;23560.0;19390.0;10465.0;8925.0;22676.0;11341.5;11334.5;2802.5;473.5;2329.0;1716.0;744.5;971.5
7614;Totaal;Hoogeveen;1997;46845.5;23159.0;23686.5;19531.0;10547.5;8983.5;22680.5;11340.5;11340.0;2839.5;484.5;2355.0;1794.5;786.5;1008.0
7615;Totaal;Hoogeveen;1998;52870.5;26258.0;26612.5;22097.5;12002.0;10095.5;25660.5;12837.0;12823.5;3112.5;547.5;2565.0;2000.0;871.5;1128.5
7616;Totaal;Hoogeveen;1999;52909.5;26237.5;26672.0;22125.5;11995.5;10130.0;25591.0;12808.0;12783.0;3152.5;554.5;2598.0;2040.5;879.5;1161.0
7617;Totaal;Hoogeveen;2000;52786.0;26111.0;26675.0;22071.0;11932.5;10138.5;25427.5;12718.5;12709.0;3219.5;566.5;2653.0;2068.0;893.5;1174.5
7618;Totaal;Hoogeveen;2001;52984.0;26205.5;26778.5;22227.5;12010.0;10217.5;25351.5;12680.0;12671.5;3251.5;584.0;2667.5;2153.5;931.5;1222.0
7619;Totaal;Hoogeveen;2002;53249.0;26355.5;26893.5;22428.5;12119.0;10309.5;25324.5;12670.5;12654.0;3270.5;595.5;2675.0;2225.5;970.5;1255.0
7620;Totaal;Hoogeveen;2003;53487.5;26489.0;26998.5;22596.0;12231.0;10365.0;25275.5;12648.0;12627.5;3303.0;606.5;2696.5;2313.0;1003.5;1309.5
7621;Totaal;Hoogeveen;2004;53774.5;26657.5;27117.0;22809.0;12374.0;10435.0;25189.0;12602.0;12587.0;3337.5;622.0;2715.5;2439.0;1059.5;1379.5
7622;Totaal;Hoogeveen;2005;54018.0;26809.0;27209.0;23033.0;12515.5;10517.5;25085.5;12547.5;12538.0;3352.0;637.5;2714.5;2547.5;1108.5;1439.0
7623;Totaal;Hoogeveen;2006;54266.5;26949.0;27317.5;23276.5;12650.5;10626.0;25056.5;12536.5;12520.0;3323.5;639.5;2684.0;2610.0;1122.5;1487.5
7624;Totaal;Hoogeveen;2007;54425.5;27010.0;27415.5;23471.0;12723.0;10748.0;24965.0;12493.0;12472.0;3314.5;642.5;2672.0;2675.0;1151.5;1523.5
7625;Totaal;Hoogeveen;2008;54560.0;27055.5;27504.5;23606.5;12765.0;10841.5;24854.0;12432.5;12421.5;3327.0;656.0;2671.0;2772.5;1202.0;1570.5
7626;Totaal;Hoogeveen;2009;54728.5;27131.5;27597.0;23629.0;12769.0;10860.0;24780.5;12389.5;12391.0;3323.5;666.0;2657.5;2995.5;1307.0;1688.5
7627;Totaal;Hoogeveen;2010;54824.5;27187.0;27637.5;23628.0;12778.5;10849.5;24635.0;12319.0;12316.0;3343.0;673.5;2669.5;3218.5;1416.0;1802.5
7628;Totaal;Hoogeveen;2011;54866.5;27243.5;27623.0;23735.0;12854.0;10881.0;24480.0;12243.5;12236.5;3346.5;684.0;2662.5;3305.0;1462.0;1843.0
7629;Totaal;Hoogeveen;2012;54881.5;27290.5;27591.0;23842.0;12914.5;10927.5;24326.0;12172.0;12154.0;3331.5;706.5;2625.0;3382.0;1497.5;1884.5
7630;Totaal;Hoogeveen;2013;54769.0;27237.5;27531.5;23844.5;12912.0;10932.5;24111.5;12064.5;12047.0;3338.5;727.5;2611.0;3474.5;1533.5;1941.0
7631;Totaal;Hoogeveen;2014;54762.0;27228.0;27534.0;23905.0;12953.0;10952.0;23928.5;11960.0;11968.5;3348.0;732.5;2615.5;3580.5;1582.5;1998.0
7632;Totaal;Hoogeveen;2015;55050.0;27422.0;27628.0;24171.0;13125.5;11045.5;23854.5;11926.5;11928.0;3349.5;740.0;2609.5;3675.0;1630.0;2045.0
7633;Totaal;Hoogeveen;2016;55275.5;27575.0;27700.5;24360.5;13243.5;11117.0;23751.0;11886.0;11865.0;3354.5;748.0;2606.5;3809.5;1697.5;2112.0
7634;Totaal;Hoogezand-Sappemeer;1995;33587.0;16562.0;17025.0;13993.0;7555.5;6437.5;15748.5;7872.5;7876.0;2212.0;395.0;1817.0;1633.5;739.0;894.5
7635;Totaal;Hoogezand-Sappemeer;1996;33412.5;16484.0;16928.5;13890.0;7518.5;6371.5;15615.0;7804.5;7810.5;2220.0;392.0;1828.0;1687.5;769.0;918.5
7636;Totaal;Hoogezand-Sappemeer;1997;33262.5;16410.5;16852.0;13798.0;7475.5;6322.5;15494.5;7745.5;7749.0;2238.5;403.5;1835.0;1731.5;786.0;945.5
7637;Totaal;Hoogezand-Sappemeer;1998;33170.5;16369.5;16801.0;13718.0;7433.5;6284.5;15411.5;7708.5;7703.0;2225.5;411.5;1814.0;1815.5;816.0;999.5
7638;Totaal;Hoogezand-Sappemeer;1999;33098.0;16326.0;16772.0;13628.0;7368.5;6259.5;15371.5;7696.5;7675.0;2209.5;407.5;1802.0;1889.0;853.5;1035.5
7639;Totaal;Hoogezand-Sappemeer;2000;33150.5;16328.5;16822.0;13640.0;7342.5;6297.5;15378.0;7701.0;7677.0;2221.5;407.5;1814.0;1911.0;877.5;1033.5
7640;Totaal;Hoogezand-Sappemeer;2001;33412.0;16434.0;16978.0;13838.0;7408.5;6429.5;15403.0;7713.0;7690.0;2227.5;417.0;1810.5;1943.5;895.5;1048.0
7641;Totaal;Hoogezand-Sappemeer;2002;33607.5;16530.5;17077.0;14056.0;7509.5;6546.5;15306.0;7665.5;7640.5;2229.0;422.5;1806.5;2016.5;933.0;1083.5
7642;Totaal;Hoogezand-Sappemeer;2003;33821.0;16640.5;17180.5;14291.5;7629.0;6662.5;15212.5;7618.0;7594.5;2229.5;423.5;1806.0;2087.5;970.0;1117.5
7643;Totaal;Hoogezand-Sappemeer;2004;34183.0;16812.5;17370.5;14594.0;7777.5;6816.5;15185.0;7600.5;7584.5;2243.5;437.0;1806.5;2160.5;997.5;1163.0
7644;Totaal;Hoogezand-Sappemeer;2005;34438.0;16936.5;17501.5;14832.0;7907.5;6924.5;15111.5;7558.0;7553.5;2271.5;459.0;1812.5;2223.0;1012.0;1211.0
7645;Totaal;Hoogezand-Sappemeer;2006;34452.5;16950.0;17502.5;14932.5;7958.5;6974.0;14980.5;7492.0;7488.5;2280.0;471.5;1808.5;2259.5;1028.0;1231.5
7646;Totaal;Hoogezand-Sappemeer;2007;34404.5;16940.5;17464.0;15005.0;8002.0;7003.0;14846.0;7420.0;7426.0;2247.5;469.5;1778.0;2306.0;1049.0;1257.0
7647;Totaal;Hoogezand-Sappemeer;2008;34487.0;16993.5;17493.5;15145.0;8077.5;7067.5;14765.5;7374.5;7391.0;2214.0;471.0;1743.0;2362.5;1070.5;1292.0
7648;Totaal;Hoogezand-Sappemeer;2009;34655.5;17096.5;17559.0;15161.5;8092.5;7069.0;14748.0;7367.5;7380.5;2202.0;471.0;1731.0;2544.0;1165.5;1378.5
7649;Totaal;Hoogezand-Sappemeer;2010;34784.0;17154.5;17629.5;15123.0;8070.5;7052.5;14719.0;7353.5;7365.5;2209.0;475.5;1733.5;2733.0;1255.0;1478.0
7650;Totaal;Hoogezand-Sappemeer;2011;34796.0;17154.5;17641.5;15136.0;8059.5;7076.5;14666.5;7330.0;7336.5;2216.0;492.5;1723.5;2777.5;1272.5;1505.0
7651;Totaal;Hoogezand-Sappemeer;2012;34650.5;17102.0;17548.5;15094.5;8036.5;7058.0;14516.5;7257.5;7259.0;2218.5;508.5;1710.0;2821.0;1299.5;1521.5
7652;Totaal;Hoogezand-Sappemeer;2013;34413.5;16997.0;17416.5;15022.5;8010.5;7012.0;14301.0;7144.5;7156.5;2213.5;518.0;1695.5;2876.5;1324.0;1552.5
7653;Totaal;Hoogezand-Sappemeer;2014;34319.0;16953.0;17366.0;15058.5;8040.5;7018.0;14112.5;7042.5;7070.0;2219.0;529.0;1690.0;2929.0;1341.0;1588.0
7654;Totaal;Hoogezand-Sappemeer;2015;34255.5;16934.0;17321.5;15124.5;8099.0;7025.5;13916.0;6937.0;6979.0;2232.5;534.5;1698.0;2982.5;1363.5;1619.0
7655;Totaal;Hoogezand-Sappemeer;2016;34204.5;16909.5;17295.0;15202.5;8144.5;7058.0;13749.5;6855.5;6894.0;2235.0;534.0;1701.0;3017.5;1375.5;1642.0
7656;Totaal;Hoorn;1995;61587.0;30269.0;31318.0;28083.5;14885.5;13198.0;26539.0;13257.0;13282.0;2937.5;481.0;2456.5;4027.0;1645.5;2381.5
7657;Totaal;Hoorn;1996;62056.5;30536.5;31520.0;28350.0;15053.5;13296.5;26593.0;13285.0;13308.0;2950.0;488.0;2462.0;4163.5;1710.0;2453.5
7658;Totaal;Hoorn;1997;62609.0;30852.0;31757.0;28579.5;15202.0;13377.5;26774.0;13377.0;13397.0;2964.5;500.5;2464.0;4291.0;1772.5;2518.5
7659;Totaal;Hoorn;1998;63155.0;31145.5;32009.5;28890.5;15380.0;13510.5;26890.5;13436.5;13454.0;2907.0;502.0;2405.0;4467.0;1827.0;2640.0
7660;Totaal;Hoorn;1999;64004.5;31561.5;32443.0;29421.5;15639.0;13782.5;27072.0;13532.0;13540.0;2904.5;509.0;2395.5;4606.5;1881.5;2725.0
7661;Totaal;Hoorn;2000;65184.0;32154.5;33029.5;30060.0;15956.5;14103.5;27420.5;13703.0;13717.5;3005.0;546.0;2459.0;4698.5;1949.0;2749.5
7662;Totaal;Hoorn;2001;66111.0;32619.5;33491.5;30550.0;16219.0;14331.0;27650.5;13814.5;13836.0;3088.0;578.5;2509.5;4822.5;2007.5;2815.0
7663;Totaal;Hoorn;2002;66986.5;33079.0;33907.5;31033.0;16500.0;14533.0;27890.0;13941.0;13949.0;3137.0;589.5;2547.5;4926.5;2048.5;2878.0
7664;Totaal;Hoorn;2003;67733.5;33456.5;34277.0;31522.0;16763.0;14759.0;28060.5;14025.5;14035.0;3154.0;598.0;2556.0;4997.0;2070.0;2927.0
7665;Totaal;Hoorn;2004;68044.0;33528.0;34516.0;31906.5;16909.0;14997.5;27890.5;13932.5;13958.0;3191.5;611.0;2580.5;5055.5;2075.5;2980.0
7666;Totaal;Hoorn;2005;67991.0;33453.0;34538.0;32087.5;16981.0;15106.5;27599.0;13779.5;13819.5;3181.5;611.5;2570.0;5123.0;2081.0;3042.0
7667;Totaal;Hoorn;2006;68010.0;33455.5;34554.5;32280.0;17073.0;15207.0;27403.0;13681.0;13722.0;3141.0;609.0;2532.0;5186.0;2092.5;3093.5
7668;Totaal;Hoorn;2007;68435.0;33657.0;34778.0;32641.0;17235.5;15405.5;27386.5;13677.5;13709.0;3131.0;611.5;2519.5;5276.5;2132.5;3144.0
7669;Totaal;Hoorn;2008;69027.0;33945.5;35081.5;33080.0;17440.5;15639.5;27420.5;13704.0;13716.5;3141.5;624.0;2517.5;5385.0;2177.0;3208.0
7670;Totaal;Hoorn;2009;69805.0;34343.5;35461.5;33431.0;17622.5;15808.5;27503.5;13755.5;13748.0;3176.0;647.0;2529.0;5694.5;2318.5;3376.0
7671;Totaal;Hoorn;2010;70474.5;34743.5;35731.0;33623.5;17769.5;15854.0;27655.5;13836.5;13819.0;3193.0;668.5;2524.5;6002.5;2469.0;3533.5
7672;Totaal;Hoorn;2011;70975.5;35017.5;35958.0;33912.0;17923.0;15989.0;27767.5;13887.0;13880.5;3201.0;686.5;2514.5;6095.0;2521.0;3574.0
7673;Totaal;Hoorn;2012;71307.0;35117.5;36189.5;34149.5;17986.0;16163.5;27787.0;13893.0;13894.0;3210.5;692.0;2518.5;6160.0;2546.5;3613.5
7674;Totaal;Hoorn;2013;71531.5;35208.5;36323.0;34352.0;18066.0;16286.0;27692.0;13847.0;13845.0;3209.0;698.5;2510.5;6278.5;2597.0;3681.5
7675;Totaal;Hoorn;2014;71791.5;35356.5;36435.0;34595.5;18196.0;16399.5;27532.0;13761.5;13770.5;3203.5;714.5;2489.0;6460.5;2684.5;3776.0
7676;Totaal;Hoorn;2015;72026.0;35475.0;36551.0;34849.0;18332.5;16516.5;27350.5;13665.0;13685.5;3220.5;731.5;2489.0;6606.0;2746.0;3860.0
7677;Totaal;Hoorn;2016;72332.5;35642.0;36690.5;35040.0;18440.0;16600.0;27340.0;13660.0;13680.0;3254.5;767.5;2487.0;6698.0;2774.5;3923.5
7678;Totaal;Horst;1995;18993.5;9672.0;9321.5;8111.5;4505.5;3606.0;9545.0;4765.5;4779.5;929.5;205.0;724.5;407.5;196.0;211.5
7679;Totaal;Horst;1996;19312.5;9825.0;9487.5;8305.0;4607.5;3697.5;9612.0;4796.5;4815.5;950.0;207.5;742.5;445.5;213.5;232.0
7680;Totaal;Horst;1997;19439.0;9874.5;9564.5;8326.0;4615.0;3711.0;9672.0;4825.5;4846.5;966.0;206.0;760.0;475.0;228.0;247.0
7681;Totaal;Horst;1998;19457.5;9875.5;9582.0;8320.5;4603.5;3717.0;9660.0;4824.0;4836.0;980.5;211.5;769.0;496.5;236.5;260.0
7682;Totaal;Horst;1999;19526.0;9889.0;9637.0;8376.0;4607.0;3769.0;9642.0;4819.0;4823.0;985.5;212.5;773.0;522.5;250.5;272.0
7683;Totaal;Horst;2000;19631.0;9924.5;9706.5;8430.0;4620.0;3810.0;9661.5;4829.5;4832.0;982.5;206.0;776.5;557.0;269.0;288.0
7684;Totaal;Horst;2001;;;;;;;;;;;;;;;
7685;Totaal;Horst;2002;;;;;;;;;;;;;;;
7686;Totaal;Horst;2003;;;;;;;;;;;;;;;
7687;Totaal;Horst;2004;;;;;;;;;;;;;;;
7688;Totaal;Horst;2005;;;;;;;;;;;;;;;
7689;Totaal;Horst;2006;;;;;;;;;;;;;;;
7690;Totaal;Horst;2007;;;;;;;;;;;;;;;
7691;Totaal;Horst;2008;;;;;;;;;;;;;;;
7692;Totaal;Horst;2009;;;;;;;;;;;;;;;
7693;Totaal;Horst;2010;;;;;;;;;;;;;;;
7694;Totaal;Horst;2011;;;;;;;;;;;;;;;
7695;Totaal;Horst;2012;;;;;;;;;;;;;;;
7696;Totaal;Horst;2013;;;;;;;;;;;;;;;
7697;Totaal;Horst;2014;;;;;;;;;;;;;;;
7698;Totaal;Horst;2015;;;;;;;;;;;;;;;
7699;Totaal;Horst;2016;;;;;;;;;;;;;;;
7700;Totaal;Horst aan de Maas;1995;;;;;;;;;;;;;;;
7701;Totaal;Horst aan de Maas;1996;;;;;;;;;;;;;;;
7702;Totaal;Horst aan de Maas;1997;;;;;;;;;;;;;;;
7703;Totaal;Horst aan de Maas;1998;;;;;;;;;;;;;;;
7704;Totaal;Horst aan de Maas;1999;;;;;;;;;;;;;;;
7705;Totaal;Horst aan de Maas;2000;;;;;;;;;;;;;;;
7706;Totaal;Horst aan de Maas;2001;28405.0;14363.0;14042.0;12120.0;6636.5;5483.5;13973.0;6981.5;6991.5;1407.0;298.0;1109.0;905.0;447.0;458.0
7707;Totaal;Horst aan de Maas;2002;28565.5;14427.0;14138.5;12253.5;6702.0;5551.5;13949.0;6965.0;6984.0;1420.0;293.0;1127.0;943.0;467.0;476.0
7708;Totaal;Horst aan de Maas;2003;28734.0;14506.0;14228.0;12385.5;6774.5;5611.0;13935.5;6957.5;6978.0;1443.0;299.0;1144.0;970.0;475.0;495.0
7709;Totaal;Horst aan de Maas;2004;28767.5;14516.0;14251.5;12425.0;6786.5;5638.5;13870.0;6924.5;6945.5;1459.0;310.5;1148.5;1013.5;494.5;519.0
7710;Totaal;Horst aan de Maas;2005;28736.0;14498.5;14237.5;12431.0;6784.0;5647.0;13769.5;6874.0;6895.5;1463.5;315.5;1148.0;1072.0;525.0;547.0
7711;Totaal;Horst aan de Maas;2006;28801.0;14528.0;14273.0;12491.5;6816.5;5675.0;13692.0;6841.0;6851.0;1482.0;319.0;1163.0;1135.5;551.5;584.0
7712;Totaal;Horst aan de Maas;2007;28913.5;14570.5;14343.0;12584.0;6862.0;5722.0;13641.0;6818.5;6822.5;1507.0;327.5;1179.5;1181.5;562.5;619.0
7713;Totaal;Horst aan de Maas;2008;29130.5;14665.0;14465.5;12726.0;6942.5;5783.5;13633.5;6811.0;6822.5;1535.0;334.0;1201.0;1236.0;577.5;658.5
7714;Totaal;Horst aan de Maas;2009;29356.0;14787.0;14569.0;12827.5;7019.0;5808.5;13648.5;6817.5;6831.0;1554.5;337.5;1217.0;1325.5;613.0;712.5
7715;Totaal;Horst aan de Maas;2010;41639.5;21056.5;20583.0;18236.0;10012.5;8223.5;19388.5;9693.5;9695.0;2163.5;483.5;1680.0;1851.5;867.0;984.5
7716;Totaal;Horst aan de Maas;2011;41865.5;21124.5;20741.0;18410.0;10073.0;8337.0;19353.0;9667.5;9685.5;2189.5;494.5;1695.0;1913.0;889.5;1023.5
7717;Totaal;Horst aan de Maas;2012;41863.5;21103.0;20760.5;18399.5;10062.5;8337.0;19244.5;9614.0;9630.5;2225.0;501.0;1724.0;1994.5;925.5;1069.0
7718;Totaal;Horst aan de Maas;2013;41768.5;21031.0;20737.5;18342.5;10018.0;8324.5;19095.5;9544.0;9551.5;2267.5;512.5;1755.0;2063.0;956.5;1106.5
7719;Totaal;Horst aan de Maas;2014;41694.0;20979.5;20714.5;18302.0;9989.5;8312.5;18965.0;9477.5;9487.5;2309.0;530.5;1778.5;2118.0;982.0;1136.0
7720;Totaal;Horst aan de Maas;2015;41668.0;20996.5;20671.5;18328.0;10032.0;8296.0;18845.5;9413.0;9432.5;2328.0;542.5;1785.5;2166.5;1009.0;1157.5
7721;Totaal;Horst aan de Maas;2016;41907.0;21109.5;20797.5;18579.5;10164.0;8415.5;18778.5;9366.0;9412.5;2326.5;539.5;1787.0;2222.5;1040.0;1182.5
7722;Totaal;Houten;1995;30918.0;15375.5;15542.5;14552.0;7529.5;7022.5;14571.0;7286.0;7285.0;848.5;150.5;698.0;946.5;409.5;537.0
7723;Totaal;Houten;1996;31286.5;15539.5;15747.0;14734.5;7617.0;7117.5;14645.5;7327.5;7318.0;898.5;160.0;738.5;1008.0;435.0;573.0
7724;Totaal;Houten;1997;31702.5;15704.5;15998.0;14929.0;7696.0;7233.0;14726.0;7363.0;7363.0;950.0;170.0;780.0;1097.5;475.5;622.0
7725;Totaal;Houten;1998;32442.0;16063.5;16378.5;15319.0;7902.5;7416.5;14938.5;7458.0;7480.5;985.0;183.0;802.0;1199.5;520.0;679.5
7726;Totaal;Houten;1999;33136.0;16405.0;16731.0;15677.0;8103.5;7573.5;15152.5;7561.5;7591.0;1033.5;195.0;838.5;1273.0;545.0;728.0
7727;Totaal;Houten;2000;34645.5;17139.0;17506.5;16428.5;8502.5;7926.0;15733.0;7853.0;7880.0;1129.0;213.5;915.5;1355.0;570.0;785.0
7728;Totaal;Houten;2001;37042.0;18300.5;18741.5;17705.0;9161.5;8543.5;16600.5;8288.0;8312.5;1221.0;226.0;995.0;1515.5;625.0;890.5
7729;Totaal;Houten;2002;39680.0;19585.5;20094.5;19158.5;9885.5;9273.0;17545.0;8762.5;8782.5;1268.5;232.0;1036.5;1708.0;705.5;1002.5
7730;Totaal;Houten;2003;41802.0;20619.5;21182.5;20236.0;10417.0;9819.0;18394.0;9185.5;9208.5;1317.5;245.5;1072.0;1854.5;771.5;1083.0
7731;Totaal;Houten;2004;42939.5;21163.5;21776.0;20799.5;10695.5;10104.0;18809.0;9389.0;9420.0;1369.5;266.5;1103.0;1961.5;812.5;1149.0
7732;Totaal;Houten;2005;44014.0;21698.5;22315.5;21303.5;10974.5;10329.0;19202.5;9581.5;9621.0;1417.0;284.0;1133.0;2091.0;858.5;1232.5
7733;Totaal;Houten;2006;45033.5;22228.5;22805.0;21763.0;11247.0;10516.0;19599.5;9781.0;9818.5;1455.0;295.5;1159.5;2216.0;905.0;1311.0
7734;Totaal;Houten;2007;46021.5;22724.0;23297.5;22284.0;11527.5;10756.5;19941.5;9953.5;9988.0;1474.0;303.0;1171.0;2322.0;940.0;1382.0
7735;Totaal;Houten;2008;46859.0;23130.5;23728.5;22717.5;11755.0;10962.5;20234.0;10098.5;10135.5;1497.5;311.5;1186.0;2410.0;965.5;1444.5
7736;Totaal;Houten;2009;47432.5;23420.0;24012.5;22894.5;11856.5;11038.0;20490.0;10228.0;10262.0;1517.0;320.5;1196.5;2531.0;1015.0;1516.0
7737;Totaal;Houten;2010;47778.5;23596.5;24182.0;22938.5;11885.5;11053.0;20647.0;10305.0;10342.0;1537.0;335.0;1202.0;2656.0;1071.0;1585.0
7738;Totaal;Houten;2011;48122.0;23797.0;24325.0;23098.5;11994.5;11104.0;20715.5;10342.0;10373.5;1577.5;358.0;1219.5;2730.5;1102.5;1628.0
7739;Totaal;Houten;2012;48369.0;23907.0;24462.0;23188.5;12040.5;11148.0;20770.0;10373.0;10397.0;1612.0;366.5;1245.5;2798.5;1127.0;1671.5
7740;Totaal;Houten;2013;48425.0;23907.5;24517.5;23152.0;12007.0;11145.0;20784.0;10379.0;10405.0;1635.5;373.5;1262.0;2853.5;1148.0;1705.5
7741;Totaal;Houten;2014;48529.0;23957.0;24572.0;23156.5;12006.0;11150.5;20806.5;10387.5;10419.0;1659.5;391.0;1268.5;2906.5;1172.5;1734.0
7742;Totaal;Houten;2015;48701.0;24022.5;24678.5;23164.0;11994.0;11170.0;20868.0;10418.5;10449.5;1689.5;406.5;1283.0;2979.5;1203.5;1776.0
7743;Totaal;Houten;2016;49032.5;24193.0;24839.5;23312.5;12077.0;11235.5;20972.5;10472.5;10500.0;1715.0;426.0;1289.0;3032.5;1217.5;1815.0
7744;Totaal;Huijbergen;1995;1953.0;998.0;955.0;754.0;430.0;324.0;1042.0;521.5;520.5;108.0;21.0;87.0;49.0;25.5;23.5
7745;Totaal;Huijbergen;1996;1946.0;996.0;950.0;742.5;427.0;315.5;1040.0;520.5;519.5;112.5;22.0;90.5;51.0;26.5;24.5
7746;Totaal;Huijbergen;1997;;;;;;;;;;;;;;;
7747;Totaal;Huijbergen;1998;;;;;;;;;;;;;;;
7748;Totaal;Huijbergen;1999;;;;;;;;;;;;;;;
7749;Totaal;Huijbergen;2000;;;;;;;;;;;;;;;
7750;Totaal;Huijbergen;2001;;;;;;;;;;;;;;;
7751;Totaal;Huijbergen;2002;;;;;;;;;;;;;;;
7752;Totaal;Huijbergen;2003;;;;;;;;;;;;;;;
7753;Totaal;Huijbergen;2004;;;;;;;;;;;;;;;
7754;Totaal;Huijbergen;2005;;;;;;;;;;;;;;;
7755;Totaal;Huijbergen;2006;;;;;;;;;;;;;;;
7756;Totaal;Huijbergen;2007;;;;;;;;;;;;;;;
7757;Totaal;Huijbergen;2008;;;;;;;;;;;;;;;
7758;Totaal;Huijbergen;2009;;;;;;;;;;;;;;;
7759;Totaal;Huijbergen;2010;;;;;;;;;;;;;;;
7760;Totaal;Huijbergen;2011;;;;;;;;;;;;;;;
7761;Totaal;Huijbergen;2012;;;;;;;;;;;;;;;
7762;Totaal;Huijbergen;2013;;;;;;;;;;;;;;;
7763;Totaal;Huijbergen;2014;;;;;;;;;;;;;;;
7764;Totaal;Huijbergen;2015;;;;;;;;;;;;;;;
7765;Totaal;Huijbergen;2016;;;;;;;;;;;;;;;
7766;Totaal;Huissen;1995;15462.5;7706.0;7756.5;6589.0;3537.0;3052.0;7536.0;3760.5;3775.5;693.5;111.5;582.0;644.0;297.0;347.0
7767;Totaal;Huissen;1996;15482.0;7726.0;7756.0;6610.5;3559.5;3051.0;7503.5;3745.5;3758.0;696.5;112.5;584.0;671.5;308.5;363.0
7768;Totaal;Huissen;1997;15555.5;7761.5;7794.0;6646.5;3581.0;3065.5;7522.0;3756.0;3766.0;692.5;114.0;578.5;694.5;310.5;384.0
7769;Totaal;Huissen;1998;15646.0;7790.5;7855.5;6685.0;3585.0;3100.0;7549.0;3771.5;3777.5;691.5;119.0;572.5;720.5;315.0;405.5
7770;Totaal;Huissen;1999;15734.5;7823.5;7911.0;6713.0;3585.0;3128.0;7582.5;3789.5;3793.0;692.5;124.0;568.5;746.5;325.0;421.5
7771;Totaal;Huissen;2000;15777.5;7827.0;7950.5;6737.0;3583.0;3154.0;7582.5;3788.5;3794.0;695.5;122.5;573.0;762.5;333.0;429.5
7772;Totaal;Huissen;2001;;;;;;;;;;;;;;;
7773;Totaal;Huissen;2002;;;;;;;;;;;;;;;
7774;Totaal;Huissen;2003;;;;;;;;;;;;;;;
7775;Totaal;Huissen;2004;;;;;;;;;;;;;;;
7776;Totaal;Huissen;2005;;;;;;;;;;;;;;;
7777;Totaal;Huissen;2006;;;;;;;;;;;;;;;
7778;Totaal;Huissen;2007;;;;;;;;;;;;;;;
7779;Totaal;Huissen;2008;;;;;;;;;;;;;;;
7780;Totaal;Huissen;2009;;;;;;;;;;;;;;;
7781;Totaal;Huissen;2010;;;;;;;;;;;;;;;
7782;Totaal;Huissen;2011;;;;;;;;;;;;;;;
7783;Totaal;Huissen;2012;;;;;;;;;;;;;;;
7784;Totaal;Huissen;2013;;;;;;;;;;;;;;;
7785;Totaal;Huissen;2014;;;;;;;;;;;;;;;
7786;Totaal;Huissen;2015;;;;;;;;;;;;;;;
7787;Totaal;Huissen;2016;;;;;;;;;;;;;;;
7788;Totaal;Huizen;1995;41481.0;20177.0;21304.0;18235.5;9409.0;8826.5;19203.5;9578.5;9625.0;1750.5;304.0;1446.5;2291.5;885.5;1406.0
7789;Totaal;Huizen;1996;41334.0;20088.5;21245.5;18194.5;9390.5;8804.0;18973.0;9463.0;9510.0;1793.5;315.0;1478.5;2373.0;920.0;1453.0
7790;Totaal;Huizen;1997;41504.5;20165.5;21339.0;18325.5;9460.5;8865.0;18896.5;9430.0;9466.5;1836.0;328.5;1507.5;2446.5;946.5;1500.0
7791;Totaal;Huizen;1998;41817.0;20334.5;21482.5;18461.0;9549.0;8912.0;19016.5;9494.5;9522.0;1815.5;327.5;1488.0;2524.0;963.5;1560.5
7792;Totaal;Huizen;1999;42041.5;20454.0;21587.5;18535.5;9607.0;8928.5;19117.0;9542.5;9574.5;1816.0;324.5;1491.5;2573.0;980.0;1593.0
7793;Totaal;Huizen;2000;42120.0;20479.5;21640.5;18522.0;9600.5;8921.5;19084.0;9523.5;9560.5;1871.0;330.5;1540.5;2643.0;1025.0;1618.0
7794;Totaal;Huizen;2001;42164.5;20496.0;21668.5;18501.5;9594.5;8907.0;18997.0;9482.0;9515.0;1904.5;338.0;1566.5;2761.5;1081.5;1680.0
7795;Totaal;Huizen;2002;42177.5;20515.0;21662.5;18477.0;9598.0;8879.0;18980.0;9478.0;9502.0;1886.0;334.0;1552.0;2834.5;1105.0;1729.5
7796;Totaal;Huizen;2003;42049.5;20455.5;21594.0;18365.5;9542.5;8823.0;18967.5;9474.5;9493.0;1842.0;324.5;1517.5;2874.5;1114.0;1760.5
7797;Totaal;Huizen;2004;42036.0;20417.0;21619.0;18307.5;9510.0;8797.5;18873.5;9426.5;9447.0;1893.0;333.5;1559.5;2962.0;1147.0;1815.0
7798;Totaal;Huizen;2005;42094.5;20432.5;21662.0;18291.5;9517.0;8774.5;18804.5;9394.5;9410.0;1950.5;346.0;1604.5;3048.0;1175.0;1873.0
7799;Totaal;Huizen;2006;42009.0;20402.0;21607.0;18211.5;9511.0;8700.5;18728.0;9354.5;9373.5;1976.5;353.5;1623.0;3093.0;1183.0;1910.0
7800;Totaal;Huizen;2007;41903.5;20344.5;21559.0;18142.0;9491.5;8650.5;18587.0;9286.0;9301.0;2013.5;359.5;1654.0;3161.0;1207.5;1953.5
7801;Totaal;Huizen;2008;41960.0;20357.5;21602.5;18119.0;9477.0;8642.0;18540.0;9260.5;9279.5;2041.5;369.0;1672.5;3259.5;1251.0;2008.5
7802;Totaal;Huizen;2009;41987.0;20365.5;21621.5;18015.5;9448.0;8567.5;18526.0;9247.0;9279.0;2073.0;384.0;1689.0;3372.5;1286.5;2086.0
7803;Totaal;Huizen;2010;41830.0;20286.5;21543.5;17859.5;9394.5;8465.0;18426.0;9195.0;9231.0;2089.0;384.5;1704.5;3455.5;1312.5;2143.0
7804;Totaal;Huizen;2011;41650.0;20230.0;21420.0;17730.5;9361.0;8369.5;18338.0;9145.5;9192.5;2086.5;385.0;1701.5;3495.0;1338.5;2156.5
7805;Totaal;Huizen;2012;41509.5;20194.0;21315.5;17655.5;9341.5;8314.0;18263.0;9108.0;9155.0;2086.5;394.0;1692.5;3504.5;1350.5;2154.0
7806;Totaal;Huizen;2013;41345.0;20105.5;21239.5;17596.5;9308.0;8288.5;18147.5;9051.0;9096.5;2109.0;395.5;1713.5;3492.0;1351.0;2141.0
7807;Totaal;Huizen;2014;41280.0;20047.5;21232.5;17568.5;9284.0;8284.5;18034.5;8993.5;9041.0;2137.0;398.0;1739.0;3540.0;1372.0;2168.0
7808;Totaal;Huizen;2015;41344.0;20048.0;21296.0;17626.0;9285.0;8341.0;17943.5;8951.0;8992.5;2149.0;407.5;1741.5;3625.5;1404.5;2221.0
7809;Totaal;Huizen;2016;41377.5;20067.0;21310.5;17682.0;9310.5;8371.5;17858.0;8911.5;8946.5;2160.0;422.5;1737.5;3677.5;1422.5;2255.0
7810;Totaal;Hulst;1995;18963.0;9402.0;9561.0;7286.0;3937.5;3348.5;9644.5;4825.0;4819.5;1271.5;279.0;992.5;761.0;360.5;400.5
7811;Totaal;Hulst;1996;19201.0;9536.5;9664.5;7402.5;4021.0;3381.5;9704.5;4855.5;4849.0;1282.0;278.5;1003.5;812.0;381.5;430.5
7812;Totaal;Hulst;1997;19429.0;9661.5;9767.5;7500.5;4085.5;3415.0;9765.0;4887.0;4878.0;1279.5;274.5;1005.0;884.0;414.5;469.5
7813;Totaal;Hulst;1998;19542.5;9734.0;9808.5;7528.0;4110.5;3417.5;9806.0;4914.5;4891.5;1257.5;264.5;993.0;951.0;444.5;506.5
7814;Totaal;Hulst;1999;19557.5;9765.5;9792.0;7522.0;4131.0;3391.0;9795.5;4909.5;4886.0;1250.5;259.5;991.0;989.5;465.5;524.0
7815;Totaal;Hulst;2000;19619.0;9808.5;9810.5;7562.5;4167.5;3395.0;9765.0;4892.5;4872.5;1271.5;265.5;1006.0;1020.0;483.0;537.0
7816;Totaal;Hulst;2001;19763.5;9883.5;9880.0;7656.0;4217.5;3438.5;9771.0;4897.5;4873.5;1275.5;269.5;1006.0;1061.0;499.0;562.0
7817;Totaal;Hulst;2002;19877.0;9928.0;9949.0;7731.0;4252.0;3479.0;9747.5;4886.0;4861.5;1273.0;259.0;1014.0;1125.5;531.0;594.5
7818;Totaal;Hulst;2003;27883.5;13946.5;13937.0;10805.5;5925.5;4880.0;13787.5;6911.5;6876.0;1767.0;352.0;1415.0;1523.5;757.5;766.0
7819;Totaal;Hulst;2004;27880.0;13921.5;13958.5;10811.0;5906.5;4904.5;13745.5;6889.5;6856.0;1760.5;350.5;1410.0;1563.0;775.0;788.0
7820;Totaal;Hulst;2005;27888.0;13918.0;13970.0;10854.0;5910.5;4943.5;13669.5;6856.0;6813.5;1762.5;362.5;1400.0;1602.0;789.0;813.0
7821;Totaal;Hulst;2006;27953.0;13938.5;14014.5;10896.0;5924.5;4971.5;13627.0;6840.0;6787.0;1763.0;366.5;1396.5;1667.0;807.5;859.5
7822;Totaal;Hulst;2007;27978.5;13946.0;14032.5;10892.5;5929.0;4963.5;13591.5;6822.5;6769.0;1764.0;362.0;1402.0;1730.5;832.5;898.0
7823;Totaal;Hulst;2008;27915.0;13910.0;14005.0;10860.5;5926.0;4934.5;13492.0;6766.0;6726.0;1779.5;361.0;1418.5;1783.0;857.0;926.0
7824;Totaal;Hulst;2009;27873.0;13878.0;13995.0;10824.5;5916.5;4908.0;13402.0;6714.0;6688.0;1786.0;357.0;1429.0;1860.5;890.5;970.0
7825;Totaal;Hulst;2010;27789.5;13842.0;13947.5;10770.5;5907.5;4863.0;13292.0;6657.5;6634.5;1797.5;362.5;1435.0;1929.5;914.5;1015.0
7826;Totaal;Hulst;2011;27675.5;13794.5;13881.0;10753.0;5909.0;4844.0;13147.0;6586.0;6561.0;1818.0;379.0;1439.0;1957.5;920.5;1037.0
7827;Totaal;Hulst;2012;27573.0;13754.5;13818.5;10748.5;5913.0;4835.5;13033.5;6530.5;6503.0;1814.0;385.0;1429.0;1977.0;926.0;1051.0
7828;Totaal;Hulst;2013;27451.0;13692.5;13758.5;10735.0;5895.0;4840.0;12889.0;6458.5;6430.5;1800.5;383.0;1417.5;2026.5;956.0;1070.5
7829;Totaal;Hulst;2014;27374.0;13645.5;13728.5;10750.0;5882.5;4867.5;12731.0;6379.5;6351.5;1792.0;384.5;1407.5;2101.0;999.0;1102.0
7830;Totaal;Hulst;2015;27366.0;13639.0;13727.0;10815.0;5919.5;4895.5;12637.5;6332.5;6305.0;1773.5;382.5;1391.0;2140.0;1004.5;1135.5
7831;Totaal;Hulst;2016;27383.5;13647.0;13736.5;10887.5;5954.5;4933.0;12596.0;6314.5;6281.5;1748.5;382.5;1366.0;2151.5;995.5;1156.0
7832;Totaal;Hummelo en Keppel;1995;4429.5;2231.5;2198.0;1725.5;983.5;742.0;2292.0;1143.5;1148.5;308.5;54.5;254.0;103.5;50.0;53.5
7833;Totaal;Hummelo en Keppel;1996;4423.5;2217.5;2206.0;1718.0;972.5;745.5;2284.5;1139.0;1145.5;313.5;53.5;260.0;107.5;52.5;55.0
7834;Totaal;Hummelo en Keppel;1997;4462.5;2232.5;2230.0;1729.0;974.0;755.0;2309.0;1152.0;1157.0;310.0;50.5;259.5;114.5;56.0;58.5
7835;Totaal;Hummelo en Keppel;1998;4507.5;2251.0;2256.5;1736.0;976.5;759.5;2347.0;1171.5;1175.5;306.0;47.5;258.5;118.5;55.5;63.0
7836;Totaal;Hummelo en Keppel;1999;4498.5;2241.0;2257.5;1721.0;965.5;755.5;2347.0;1172.5;1174.5;309.0;48.0;261.0;121.5;55.0;66.5
7837;Totaal;Hummelo en Keppel;2000;4510.0;2234.0;2276.0;1731.0;959.5;771.5;2343.5;1172.0;1171.5;306.0;46.5;259.5;129.5;56.0;73.5
7838;Totaal;Hummelo en Keppel;2001;4520.0;2230.0;2290.0;1742.0;956.0;786.0;2337.0;1169.0;1168.0;303.0;46.5;256.5;138.0;58.5;79.5
7839;Totaal;Hummelo en Keppel;2002;4507.0;2219.0;2288.0;1736.5;945.0;791.5;2325.5;1164.5;1161.0;305.5;50.0;255.5;139.5;59.5;80.0
7840;Totaal;Hummelo en Keppel;2003;4513.0;2216.5;2296.5;1747.0;946.5;800.5;2312.5;1159.0;1153.5;308.5;51.5;257.0;145.0;59.5;85.5
7841;Totaal;Hummelo en Keppel;2004;4541.5;2231.0;2310.5;1767.5;957.0;810.5;2311.0;1159.5;1151.5;308.5;51.5;257.0;154.5;63.0;91.5
7842;Totaal;Hummelo en Keppel;2005;;;;;;;;;;;;;;;
7843;Totaal;Hummelo en Keppel;2006;;;;;;;;;;;;;;;
7844;Totaal;Hummelo en Keppel;2007;;;;;;;;;;;;;;;
7845;Totaal;Hummelo en Keppel;2008;;;;;;;;;;;;;;;
7846;Totaal;Hummelo en Keppel;2009;;;;;;;;;;;;;;;
7847;Totaal;Hummelo en Keppel;2010;;;;;;;;;;;;;;;
7848;Totaal;Hummelo en Keppel;2011;;;;;;;;;;;;;;;
7849;Totaal;Hummelo en Keppel;2012;;;;;;;;;;;;;;;
7850;Totaal;Hummelo en Keppel;2013;;;;;;;;;;;;;;;
7851;Totaal;Hummelo en Keppel;2014;;;;;;;;;;;;;;;
7852;Totaal;Hummelo en Keppel;2015;;;;;;;;;;;;;;;
7853;Totaal;Hummelo en Keppel;2016;;;;;;;;;;;;;;;
7854;Totaal;Hunsel;1995;5963.0;3036.5;2926.5;2413.5;1323.5;1090.0;3171.5;1585.0;1586.5;239.5;49.5;190.0;138.5;78.5;60.0
7855;Totaal;Hunsel;1996;5987.0;3048.5;2938.5;2407.0;1322.0;1085.0;3191.0;1594.5;1596.5;242.5;49.5;193.0;146.5;82.5;64.0
7856;Totaal;Hunsel;1997;5980.0;3042.5;2937.5;2393.5;1312.5;1081.0;3192.0;1596.5;1595.5;239.5;46.5;193.0;155.0;87.0;68.0
7857;Totaal;Hunsel;1998;6024.5;3054.5;2970.0;2416.5;1316.5;1100.0;3198.5;1600.0;1598.5;240.0;46.0;194.0;169.5;92.0;77.5
7858;Totaal;Hunsel;1999;6069.5;3068.0;3001.5;2450.0;1329.5;1120.5;3198.0;1597.0;1601.0;247.0;48.0;199.0;174.5;93.5;81.0
7859;Totaal;Hunsel;2000;6086.0;3073.5;3012.5;2461.5;1334.0;1127.5;3193.0;1593.0;1600.0;252.0;49.5;202.5;179.5;97.0;82.5
7860;Totaal;Hunsel;2001;6139.5;3098.5;3041.0;2486.0;1344.5;1141.5;3210.5;1603.0;1607.5;257.5;52.0;205.5;185.5;99.0;86.5
7861;Totaal;Hunsel;2002;6192.0;3131.0;3061.0;2517.0;1367.5;1149.5;3219.5;1609.0;1610.5;268.0;53.5;214.5;187.5;101.0;86.5
7862;Totaal;Hunsel;2003;6206.0;3145.5;3060.5;2535.5;1384.5;1151.0;3195.5;1598.5;1597.0;279.0;56.5;222.5;196.0;106.0;90.0
7863;Totaal;Hunsel;2004;6218.0;3145.0;3073.0;2539.5;1381.5;1158.0;3189.0;1596.5;1592.5;286.0;58.0;228.0;203.5;109.0;94.5
7864;Totaal;Hunsel;2005;6217.0;3137.0;3080.0;2534.0;1375.0;1159.0;3185.0;1596.0;1589.0;288.5;56.0;232.5;209.5;110.0;99.5
7865;Totaal;Hunsel;2006;6198.0;3117.5;3080.5;2529.0;1365.5;1163.5;3158.0;1583.0;1575.0;292.0;55.5;236.5;219.0;113.5;105.5
7866;Totaal;Hunsel;2007;;;;;;;;;;;;;;;
7867;Totaal;Hunsel;2008;;;;;;;;;;;;;;;
7868;Totaal;Hunsel;2009;;;;;;;;;;;;;;;
7869;Totaal;Hunsel;2010;;;;;;;;;;;;;;;
7870;Totaal;Hunsel;2011;;;;;;;;;;;;;;;
7871;Totaal;Hunsel;2012;;;;;;;;;;;;;;;
7872;Totaal;Hunsel;2013;;;;;;;;;;;;;;;
7873;Totaal;Hunsel;2014;;;;;;;;;;;;;;;
7874;Totaal;Hunsel;2015;;;;;;;;;;;;;;;
7875;Totaal;Hunsel;2016;;;;;;;;;;;;;;;
7876;Totaal;IJsselham;1995;5420.5;2780.5;2640.0;2217.0;1255.0;962.0;2746.0;1372.0;1374.0;322.5;72.5;250.0;135.0;81.0;54.0
7877;Totaal;IJsselham;1996;5450.0;2789.0;2661.0;2210.5;1247.5;963.0;2772.5;1387.5;1385.0;324.0;68.0;256.0;143.0;86.0;57.0
7878;Totaal;IJsselham;1997;5494.0;2799.5;2694.5;2214.5;1243.5;971.0;2803.0;1405.0;1398.0;327.5;64.0;263.5;149.0;87.0;62.0
7879;Totaal;IJsselham;1998;5540.0;2816.0;2724.0;2226.5;1249.5;977.0;2832.0;1420.5;1411.5;327.0;61.0;266.0;154.5;85.0;69.5
7880;Totaal;IJsselham;1999;5572.0;2841.0;2731.0;2230.5;1266.0;964.5;2850.0;1429.0;1421.0;331.0;59.0;272.0;160.5;87.0;73.5
7881;Totaal;IJsselham;2000;5641.5;2879.5;2762.0;2256.0;1283.5;972.5;2876.0;1442.5;1433.5;333.5;58.5;275.0;176.0;95.0;81.0
7882;Totaal;IJsselham;2001;;;;;;;;;;;;;;;
7883;Totaal;IJsselham;2002;;;;;;;;;;;;;;;
7884;Totaal;IJsselham;2003;;;;;;;;;;;;;;;
7885;Totaal;IJsselham;2004;;;;;;;;;;;;;;;
7886;Totaal;IJsselham;2005;;;;;;;;;;;;;;;
7887;Totaal;IJsselham;2006;;;;;;;;;;;;;;;
7888;Totaal;IJsselham;2007;;;;;;;;;;;;;;;
7889;Totaal;IJsselham;2008;;;;;;;;;;;;;;;
7890;Totaal;IJsselham;2009;;;;;;;;;;;;;;;
7891;Totaal;IJsselham;2010;;;;;;;;;;;;;;;
7892;Totaal;IJsselham;2011;;;;;;;;;;;;;;;
7893;Totaal;IJsselham;2012;;;;;;;;;;;;;;;
7894;Totaal;IJsselham;2013;;;;;;;;;;;;;;;
7895;Totaal;IJsselham;2014;;;;;;;;;;;;;;;
7896;Totaal;IJsselham;2015;;;;;;;;;;;;;;;
7897;Totaal;IJsselham;2016;;;;;;;;;;;;;;;
7898;Totaal;IJsselmuiden;1995;13886.0;6958.0;6928.0;6372.5;3376.0;2996.5;6814.5;3411.5;3403.0;557.5;109.0;448.5;141.5;61.5;80.0
7899;Totaal;IJsselmuiden;1996;14110.0;7059.5;7050.5;6451.0;3408.0;3043.0;6933.0;3469.0;3464.0;570.5;112.5;458.0;155.5;70.0;85.5
7900;Totaal;IJsselmuiden;1997;14385.5;7195.0;7190.5;6555.0;3459.5;3095.5;7083.0;3541.0;3542.0;578.0;117.0;461.0;169.5;77.5;92.0
7901;Totaal;IJsselmuiden;1998;14621.0;7323.5;7297.5;6656.5;3521.0;3135.5;7197.5;3597.5;3600.0;581.0;122.0;459.0;186.0;83.0;103.0
7902;Totaal;IJsselmuiden;1999;14775.5;7405.0;7370.5;6709.0;3552.5;3156.5;7279.0;3640.0;3639.0;581.0;121.0;460.0;206.5;91.5;115.0
7903;Totaal;IJsselmuiden;2000;14885.5;7459.5;7426.0;6753.5;3575.0;3178.5;7336.0;3671.5;3664.5;581.0;118.0;463.0;215.0;95.0;120.0
7904;Totaal;IJsselmuiden;2001;;;;;;;;;;;;;;;
7905;Totaal;IJsselmuiden;2002;;;;;;;;;;;;;;;
7906;Totaal;IJsselmuiden;2003;;;;;;;;;;;;;;;
7907;Totaal;IJsselmuiden;2004;;;;;;;;;;;;;;;
7908;Totaal;IJsselmuiden;2005;;;;;;;;;;;;;;;
7909;Totaal;IJsselmuiden;2006;;;;;;;;;;;;;;;
7910;Totaal;IJsselmuiden;2007;;;;;;;;;;;;;;;
7911;Totaal;IJsselmuiden;2008;;;;;;;;;;;;;;;
7912;Totaal;IJsselmuiden;2009;;;;;;;;;;;;;;;
7913;Totaal;IJsselmuiden;2010;;;;;;;;;;;;;;;
7914;Totaal;IJsselmuiden;2011;;;;;;;;;;;;;;;
7915;Totaal;IJsselmuiden;2012;;;;;;;;;;;;;;;
7916;Totaal;IJsselmuiden;2013;;;;;;;;;;;;;;;
7917;Totaal;IJsselmuiden;2014;;;;;;;;;;;;;;;
7918;Totaal;IJsselmuiden;2015;;;;;;;;;;;;;;;
7919;Totaal;IJsselmuiden;2016;;;;;;;;;;;;;;;
7920;Totaal;IJsselstein;1995;23081.5;11388.5;11693.0;10374.0;5406.5;4967.5;10887.5;5436.5;5451.0;899.0;155.0;744.0;921.0;390.5;530.5
7921;Totaal;IJsselstein;1996;23408.0;11528.0;11880.0;10542.0;5479.5;5062.5;10951.5;5468.5;5483.0;926.5;163.5;763.0;988.0;416.5;571.5
7922;Totaal;IJsselstein;1997;24346.5;11964.0;12382.5;11081.0;5747.0;5334.0;11210.5;5601.5;5609.0;959.0;167.0;792.0;1096.0;448.5;647.5
7923;Totaal;IJsselstein;1998;26130.0;12843.0;13287.0;12098.0;6281.5;5816.5;11765.5;5881.0;5884.5;1009.0;175.5;833.5;1257.5;505.0;752.5
7924;Totaal;IJsselstein;1999;27920.5;13748.0;14172.5;13041.5;6795.5;6246.0;12398.5;6202.0;6196.5;1083.5;191.5;892.0;1397.0;559.0;838.0
7925;Totaal;IJsselstein;2000;29818.5;14681.5;15137.0;13998.0;7281.0;6717.0;13112.0;6563.0;6549.0;1160.0;213.5;946.5;1548.5;624.0;924.5
7926;Totaal;IJsselstein;2001;31662.0;15558.5;16103.5;14960.0;7734.5;7225.5;13784.5;6893.0;6891.5;1210.5;230.0;980.5;1707.0;701.0;1006.0
7927;Totaal;IJsselstein;2002;32835.0;16101.5;16733.5;15584.0;8028.5;7555.5;14207.0;7097.0;7110.0;1236.0;231.5;1004.5;1808.0;744.5;1063.5
7928;Totaal;IJsselstein;2003;33423.0;16384.0;17039.0;15880.0;8200.5;7679.5;14432.0;7211.0;7221.0;1247.5;222.5;1025.0;1863.5;750.0;1113.5
7929;Totaal;IJsselstein;2004;33592.5;16463.0;17129.5;15954.5;8261.0;7693.5;14484.5;7236.0;7248.5;1255.5;212.5;1043.0;1898.0;753.5;1144.5
7930;Totaal;IJsselstein;2005;33792.0;16533.5;17258.5;16048.0;8303.0;7745.0;14502.5;7243.0;7259.5;1283.0;210.0;1073.0;1958.5;777.5;1181.0
7931;Totaal;IJsselstein;2006;33985.0;16631.5;17353.5;16192.5;8385.5;7807.0;14481.0;7235.0;7246.0;1294.5;209.0;1085.5;2017.0;802.0;1215.0
7932;Totaal;IJsselstein;2007;34026.5;16665.0;17361.5;16263.0;8440.0;7823.0;14410.0;7199.0;7211.0;1301.5;214.5;1087.0;2052.0;811.5;1240.5
7933;Totaal;IJsselstein;2008;34111.0;16691.5;17419.5;16375.0;8478.0;7897.0;14323.0;7158.5;7164.5;1326.5;223.5;1103.0;2086.5;831.5;1255.0
7934;Totaal;IJsselstein;2009;34194.5;16704.5;17490.0;16411.0;8464.5;7946.5;14242.5;7114.0;7128.5;1341.5;226.0;1115.5;2199.5;900.0;1299.5
7935;Totaal;IJsselstein;2010;34287.0;16733.5;17553.5;16387.5;8455.5;7932.0;14229.0;7101.0;7128.0;1353.5;230.0;1123.5;2317.0;947.0;1370.0
7936;Totaal;IJsselstein;2011;34309.5;16742.0;17567.5;16390.0;8472.0;7918.0;14186.0;7081.0;7105.0;1377.5;241.5;1136.0;2356.0;947.5;1408.5
7937;Totaal;IJsselstein;2012;34262.5;16700.5;17562.0;16383.5;8463.0;7920.5;14050.0;7016.5;7033.5;1406.5;257.0;1149.5;2422.5;964.0;1458.5
7938;Totaal;IJsselstein;2013;34264.5;16701.5;17563.0;16402.0;8475.5;7926.5;13943.0;6964.0;6979.0;1432.0;276.0;1156.0;2487.5;986.0;1501.5
7939;Totaal;IJsselstein;2014;34168.0;16638.0;17530.0;16320.5;8417.5;7903.0;13852.0;6916.0;6936.0;1453.5;287.5;1166.0;2542.0;1017.0;1525.0
7940;Totaal;IJsselstein;2015;34081.0;16564.5;17516.5;16211.5;8337.5;7874.0;13767.5;6873.0;6894.5;1468.0;297.0;1171.0;2634.0;1057.0;1577.0
7941;Totaal;IJsselstein;2016;34154.5;16613.0;17541.5;16194.0;8348.0;7846.0;13775.0;6874.5;6900.5;1469.5;307.0;1162.5;2716.0;1083.5;1632.5
7942;Totaal;Jacobswoude;1995;10798.0;5563.0;5235.0;4675.0;2630.0;2045.0;5418.0;2714.5;2703.5;397.0;71.5;325.5;308.0;147.0;161.0
7943;Totaal;Jacobswoude;1996;10822.0;5559.5;5262.5;4696.5;2633.0;2063.5;5403.0;2704.0;2699.0;402.0;72.5;329.5;320.5;150.0;170.5
7944;Totaal;Jacobswoude;1997;10840.5;5556.0;5284.5;4685.0;2625.0;2060.0;5424.0;2709.0;2715.0;396.5;73.5;323.0;335.0;148.5;186.5
7945;Totaal;Jacobswoude;1998;10803.5;5536.5;5267.0;4629.0;2597.5;2031.5;5424.5;2709.5;2715.0;401.0;77.0;324.0;349.0;152.5;196.5
7946;Totaal;Jacobswoude;1999;10754.5;5521.0;5233.5;4592.0;2585.5;2006.5;5399.5;2697.0;2702.5;409.0;81.0;328.0;354.0;157.5;196.5
7947;Totaal;Jacobswoude;2000;10713.5;5502.5;5211.0;4558.5;2571.5;1987.0;5370.0;2681.0;2689.0;420.5;84.5;336.0;364.5;165.5;199.0
7948;Totaal;Jacobswoude;2001;10661.5;5477.0;5184.5;4540.0;2563.0;1977.0;5307.5;2653.0;2654.5;429.5;85.0;344.5;384.5;176.0;208.5
7949;Totaal;Jacobswoude;2002;10648.0;5459.5;5188.5;4541.0;2550.0;1991.0;5269.5;2637.0;2632.5;431.0;87.0;344.0;406.5;185.5;221.0
7950;Totaal;Jacobswoude;2003;10672.5;5450.5;5222.0;4534.5;2527.0;2007.5;5284.0;2644.5;2639.5;440.0;91.5;348.5;414.0;187.5;226.5
7951;Totaal;Jacobswoude;2004;10719.5;5463.5;5256.0;4568.5;2541.5;2027.0;5280.0;2641.5;2638.5;453.5;93.5;360.0;417.5;187.0;230.5
7952;Totaal;Jacobswoude;2005;10772.0;5485.5;5286.5;4620.5;2568.0;2052.5;5260.5;2630.0;2630.5;468.5;99.0;369.5;422.5;188.5;234.0
7953;Totaal;Jacobswoude;2006;10743.0;5467.0;5276.0;4606.0;2557.5;2048.5;5221.5;2611.5;2610.0;486.5;108.0;378.5;429.0;190.0;239.0
7954;Totaal;Jacobswoude;2007;10730.0;5463.5;5266.5;4589.5;2544.5;2045.0;5204.0;2605.5;2598.5;486.5;110.0;376.5;450.0;203.5;246.5
7955;Totaal;Jacobswoude;2008;10777.5;5499.5;5278.0;4596.5;2548.5;2048.0;5227.0;2618.0;2609.0;481.5;110.0;371.5;472.5;223.0;249.5
7956;Totaal;Jacobswoude;2009;;;;;;;;;;;;;;;
7957;Totaal;Jacobswoude;2010;;;;;;;;;;;;;;;
7958;Totaal;Jacobswoude;2011;;;;;;;;;;;;;;;
7959;Totaal;Jacobswoude;2012;;;;;;;;;;;;;;;
7960;Totaal;Jacobswoude;2013;;;;;;;;;;;;;;;
7961;Totaal;Jacobswoude;2014;;;;;;;;;;;;;;;
7962;Totaal;Jacobswoude;2015;;;;;;;;;;;;;;;
7963;Totaal;Jacobswoude;2016;;;;;;;;;;;;;;;
7964;Totaal;Kaag en Braassem;1995;;;;;;;;;;;;;;;
7965;Totaal;Kaag en Braassem;1996;;;;;;;;;;;;;;;
7966;Totaal;Kaag en Braassem;1997;;;;;;;;;;;;;;;
7967;Totaal;Kaag en Braassem;1998;;;;;;;;;;;;;;;
7968;Totaal;Kaag en Braassem;1999;;;;;;;;;;;;;;;
7969;Totaal;Kaag en Braassem;2000;;;;;;;;;;;;;;;
7970;Totaal;Kaag en Braassem;2001;;;;;;;;;;;;;;;
7971;Totaal;Kaag en Braassem;2002;;;;;;;;;;;;;;;
7972;Totaal;Kaag en Braassem;2003;;;;;;;;;;;;;;;
7973;Totaal;Kaag en Braassem;2004;;;;;;;;;;;;;;;
7974;Totaal;Kaag en Braassem;2005;;;;;;;;;;;;;;;
7975;Totaal;Kaag en Braassem;2006;;;;;;;;;;;;;;;
7976;Totaal;Kaag en Braassem;2007;;;;;;;;;;;;;;;
7977;Totaal;Kaag en Braassem;2008;;;;;;;;;;;;;;;
7978;Totaal;Kaag en Braassem;2009;25527.0;12944.0;12583.0;11290.5;6183.5;5107.0;11902.5;5959.0;5943.5;1159.5;241.0;918.5;1174.5;560.5;614.0
7979;Totaal;Kaag en Braassem;2010;25693.0;13016.5;12676.5;11347.5;6211.5;5136.0;11913.0;5961.0;5952.0;1184.0;248.5;935.5;1248.5;595.5;653.0
7980;Totaal;Kaag en Braassem;2011;25744.0;13051.0;12693.0;11330.5;6223.0;5107.5;11907.0;5957.5;5949.5;1212.5;257.5;955.0;1294.0;613.0;681.0
7981;Totaal;Kaag en Braassem;2012;25726.0;13046.0;12680.0;11294.5;6210.5;5084.0;11873.5;5939.0;5934.5;1233.0;268.0;965.0;1325.0;628.5;696.5
7982;Totaal;Kaag en Braassem;2013;25730.0;13039.5;12690.5;11291.0;6198.0;5093.0;11817.0;5907.5;5909.5;1251.5;281.0;970.5;1370.5;653.0;717.5
7983;Totaal;Kaag en Braassem;2014;25794.5;13077.0;12717.5;11346.5;6224.0;5122.5;11755.5;5878.5;5877.0;1264.5;295.5;969.0;1428.0;679.0;749.0
7984;Totaal;Kaag en Braassem;2015;25976.0;13177.5;12798.5;11469.0;6290.0;5179.0;11727.0;5867.0;5860.0;1284.0;309.5;974.5;1496.0;711.0;785.0
7985;Totaal;Kaag en Braassem;2016;26241.0;13306.5;12934.5;11617.0;6364.5;5252.5;11757.0;5886.0;5871.0;1304.5;316.5;988.0;1562.5;739.5;823.0
7986;Totaal;Kampen;1995;32490.0;15922.0;16568.0;14499.5;7583.0;6916.5;15095.5;7546.5;7549.0;1831.0;303.5;1527.5;1064.0;489.0;575.0
7987;Totaal;Kampen;1996;32408.0;15902.5;16505.5;14426.0;7560.5;6865.5;15026.0;7512.5;7513.5;1816.0;304.5;1511.5;1140.0;525.0;615.0
7988;Totaal;Kampen;1997;32279.5;15821.5;16458.0;14343.0;7505.0;6838.0;14935.0;7465.5;7469.5;1807.0;305.0;1502.0;1194.5;546.0;648.5
7989;Totaal;Kampen;1998;32174.5;15757.0;16417.5;14306.5;7482.5;6824.0;14819.0;7407.0;7412.0;1800.0;311.0;1489.0;1249.0;556.5;692.5
7990;Totaal;Kampen;1999;32446.5;15916.5;16530.0;14454.5;7586.0;6868.5;14859.5;7432.5;7427.0;1824.5;314.0;1510.5;1308.0;584.0;724.0
7991;Totaal;Kampen;2000;32881.0;16162.0;16719.0;14704.0;7738.0;6966.0;14979.5;7496.5;7483.0;1852.5;315.5;1537.0;1345.0;612.0;733.0
7992;Totaal;Kampen;2001;48167.5;23842.5;24325.0;21760.0;11486.0;10274.0;22366.0;11195.5;11170.5;2441.0;435.5;2005.5;1600.5;725.5;875.0
7993;Totaal;Kampen;2002;48656.5;24089.5;24567.0;22085.0;11663.0;10422.0;22475.5;11247.5;11228.0;2452.0;436.0;2016.0;1644.0;743.0;901.0
7994;Totaal;Kampen;2003;48934.0;24214.0;24720.0;22220.0;11719.0;10501.0;22537.5;11275.0;11262.5;2460.5;446.0;2014.5;1716.0;774.0;942.0
7995;Totaal;Kampen;2004;48964.5;24228.0;24736.5;22196.5;11703.5;10493.0;22537.5;11276.5;11261.0;2456.0;451.5;2004.5;1774.5;796.5;978.0
7996;Totaal;Kampen;2005;49137.5;24348.0;24789.5;22271.5;11764.0;10507.5;22609.5;11312.5;11297.0;2436.5;457.0;1979.5;1820.0;814.5;1005.5
7997;Totaal;Kampen;2006;49327.0;24471.0;24856.0;22386.5;11839.0;10547.5;22662.0;11333.5;11328.5;2407.5;462.5;1945.0;1871.0;836.0;1035.0
7998;Totaal;Kampen;2007;49372.0;24469.0;24903.0;22373.5;11815.0;10558.5;22700.0;11347.5;11352.5;2382.5;457.0;1925.5;1916.0;849.5;1066.5
7999;Totaal;Kampen;2008;49622.5;24574.0;25048.5;22398.0;11813.0;10585.0;22887.5;11441.5;11446.0;2372.0;452.5;1919.5;1965.0;867.0;1098.0
8000;Totaal;Kampen;2009;49955.5;24767.0;25188.5;22433.0;11867.0;10566.0;23097.5;11545.5;11552.0;2340.5;436.0;1904.5;2084.5;918.5;1166.0
8001;Totaal;Kampen;2010;50227.0;24934.5;25292.5;22485.0;11926.0;10559.0;23226.5;11612.0;11614.5;2325.0;432.5;1892.5;2190.5;964.0;1226.5
8002;Totaal;Kampen;2011;50554.0;25118.0;25436.0;22623.0;12006.5;10616.5;23350.5;11672.5;11678.0;2325.0;444.0;1881.0;2255.5;995.0;1260.5
8003;Totaal;Kampen;2012;50814.5;25250.0;25564.5;22734.0;12065.0;10669.0;23407.0;11699.0;11708.0;2327.0;449.5;1877.5;2346.5;1036.5;1310.0
8004;Totaal;Kampen;2013;51008.0;25330.5;25677.5;22827.5;12088.0;10739.5;23419.0;11708.0;11711.0;2335.0;459.5;1875.5;2426.5;1075.0;1351.5
8005;Totaal;Kampen;2014;51262.0;25466.5;25795.5;22924.5;12131.5;10793.0;23492.0;11745.5;11746.5;2327.5;469.5;1858.0;2518.0;1120.0;1398.0
8006;Totaal;Kampen;2015;51691.0;25706.0;25985.0;23156.0;12262.0;10894.0;23580.0;11791.5;11788.5;2328.5;481.0;1847.5;2626.5;1171.5;1455.0
8007;Totaal;Kampen;2016;52230.5;26011.0;26219.5;23471.0;12452.5;11018.5;23673.0;11840.5;11832.5;2336.0;484.5;1851.5;2750.5;1233.5;1517.0
8008;Totaal;Kapelle;1995;10838.0;5381.0;5457.0;4341.0;2331.5;2009.5;5609.0;2800.0;2809.0;596.5;124.5;472.0;291.5;125.0;166.5
8009;Totaal;Kapelle;1996;10922.5;5429.0;5493.5;4365.5;2348.0;2017.5;5648.5;2819.5;2829.0;601.0;125.5;475.5;307.5;136.0;171.5
8010;Totaal;Kapelle;1997;10958.0;5430.0;5528.0;4368.0;2340.0;2028.0;5654.5;2822.5;2832.0;610.0;124.0;486.0;325.5;143.5;182.0
8011;Totaal;Kapelle;1998;11025.0;5444.5;5580.5;4380.0;2335.5;2044.5;5685.5;2839.0;2846.5;611.5;121.5;490.0;348.0;148.5;199.5
8012;Totaal;Kapelle;1999;11138.0;5493.5;5644.5;4455.5;2367.0;2088.5;5704.0;2851.0;2853.0;613.0;121.5;491.5;365.5;154.0;211.5
8013;Totaal;Kapelle;2000;11308.0;5570.5;5737.5;4549.0;2405.5;2143.5;5766.5;2880.5;2886.0;610.5;123.0;487.5;382.0;161.5;220.5
8014;Totaal;Kapelle;2001;11508.5;5675.5;5833.0;4646.0;2458.5;2187.5;5852.0;2919.0;2933.0;599.0;123.5;475.5;411.5;174.5;237.0
8015;Totaal;Kapelle;2002;11571.5;5720.0;5851.5;4703.5;2502.5;2201.0;5832.5;2909.0;2923.5;603.5;124.0;479.5;432.0;184.5;247.5
8016;Totaal;Kapelle;2003;11597.5;5731.0;5866.5;4726.5;2511.5;2215.0;5816.5;2903.5;2913.0;609.5;126.5;483.0;445.0;189.5;255.5
8017;Totaal;Kapelle;2004;11618.0;5720.5;5897.5;4733.5;2496.5;2237.0;5826.5;2908.5;2918.0;603.0;127.5;475.5;455.0;188.0;267.0
8018;Totaal;Kapelle;2005;11682.0;5751.0;5931.0;4759.0;2513.5;2245.5;5851.5;2921.5;2930.0;609.5;127.5;482.0;462.0;188.5;273.5
8019;Totaal;Kapelle;2006;11878.0;5866.0;6012.0;4862.0;2577.0;2285.0;5921.5;2957.5;2964.0;610.0;128.5;481.5;484.5;203.0;281.5
8020;Totaal;Kapelle;2007;12024.0;5955.5;6068.5;4939.5;2623.5;2316.0;5986.0;2987.5;2998.5;600.5;127.0;473.5;498.0;217.5;280.5
8021;Totaal;Kapelle;2008;12167.5;6042.5;6125.0;5004.5;2671.0;2333.5;6038.0;3017.0;3021.0;608.0;126.5;481.5;517.0;228.0;289.0
8022;Totaal;Kapelle;2009;12345.0;6134.5;6210.5;5058.0;2707.0;2351.0;6107.5;3055.0;3052.5;613.0;127.0;486.0;566.5;245.5;321.0
8023;Totaal;Kapelle;2010;12383.5;6152.0;6231.5;5026.5;2690.0;2336.5;6151.5;3075.5;3076.0;602.0;125.5;476.5;603.5;261.0;342.5
8024;Totaal;Kapelle;2011;12381.5;6154.5;6227.0;5016.0;2687.0;2329.0;6148.0;3072.0;3076.0;601.5;126.5;475.0;616.0;269.0;347.0
8025;Totaal;Kapelle;2012;12446.5;6191.5;6255.0;5054.5;2713.5;2341.0;6153.5;3069.5;3084.0;608.5;129.0;479.5;630.0;279.5;350.5
8026;Totaal;Kapelle;2013;12497.5;6214.5;6283.0;5071.5;2724.0;2347.5;6165.5;3070.5;3095.0;614.0;130.0;484.0;646.5;290.0;356.5
8027;Totaal;Kapelle;2014;12522.5;6233.0;6289.5;5079.0;2734.5;2344.5;6144.5;3060.5;3084.0;616.0;128.5;487.5;683.0;309.5;373.5
8028;Totaal;Kapelle;2015;12592.0;6278.0;6314.0;5126.5;2766.5;2360.0;6121.5;3048.5;3073.0;613.5;131.0;482.5;730.5;332.0;398.5
8029;Totaal;Kapelle;2016;12630.5;6305.5;6325.0;5148.5;2786.5;2362.0;6110.0;3041.5;3068.5;612.0;135.5;476.5;760.0;342.0;418.0
8030;Totaal;Katwijk;1995;40662.5;20085.5;20577.0;17765.5;9409.5;8356.0;19724.5;9866.0;9858.5;2112.0;369.0;1743.0;1060.5;441.0;619.5
8031;Totaal;Katwijk;1996;40631.0;20083.5;20547.5;17759.5;9417.5;8342.0;19621.5;9815.0;9806.5;2137.0;381.5;1755.5;1113.0;469.5;643.5
8032;Totaal;Katwijk;1997;40590.0;20089.5;20500.5;17745.5;9443.0;8302.5;19514.5;9754.0;9760.5;2154.5;388.0;1766.5;1175.5;504.5;671.0
8033;Totaal;Katwijk;1998;40583.5;20115.0;20468.5;17738.5;9465.0;8273.5;19476.0;9736.0;9740.0;2141.5;378.5;1763.0;1227.5;535.5;692.0
8034;Totaal;Katwijk;1999;40669.0;20167.0;20502.0;17813.5;9512.0;8301.5;19458.5;9730.0;9728.5;2138.5;374.5;1764.0;1258.5;550.5;708.0
8035;Totaal;Katwijk;2000;40879.0;20271.5;20607.5;17891.0;9566.5;8324.5;19531.0;9761.0;9770.0;2157.0;377.0;1780.0;1300.0;567.0;733.0
8036;Totaal;Katwijk;2001;41129.5;20390.5;20739.0;17991.5;9621.0;8370.5;19607.5;9797.5;9810.0;2153.0;371.0;1782.0;1377.5;601.0;776.5
8037;Totaal;Katwijk;2002;41421.0;20513.0;20908.0;18196.5;9712.5;8484.0;19616.5;9806.5;9810.0;2159.0;364.0;1795.0;1449.0;630.0;819.0
8038;Totaal;Katwijk;2003;41678.5;20647.0;21031.5;18331.0;9791.0;8540.0;19664.0;9835.0;9829.0;2180.5;363.0;1817.5;1503.0;658.0;845.0
8039;Totaal;Katwijk;2004;41923.0;20789.5;21133.5;18389.5;9841.0;8548.5;19762.5;9880.0;9882.5;2201.5;373.5;1828.0;1569.5;695.0;874.5
8040;Totaal;Katwijk;2005;42111.0;20903.5;21207.5;18442.5;9879.0;8563.5;19823.0;9907.0;9916.0;2207.0;390.5;1816.5;1638.5;727.0;911.5
8041;Totaal;Katwijk;2006;61021.5;30362.0;30659.5;26870.5;14395.5;12475.0;28779.0;14378.5;14400.5;2979.5;552.0;2427.5;2392.5;1036.0;1356.5
8042;Totaal;Katwijk;2007;61145.5;30407.0;30738.5;26884.5;14395.0;12489.5;28765.5;14374.5;14391.0;2996.5;566.5;2430.0;2499.0;1071.0;1428.0
8043;Totaal;Katwijk;2008;61258.5;30471.5;30787.0;26914.5;14426.0;12488.5;28771.5;14376.5;14395.0;3003.5;575.0;2428.5;2569.0;1094.0;1475.0
8044;Totaal;Katwijk;2009;61582.5;30653.0;30929.5;27086.5;14532.0;12554.5;28824.0;14400.5;14423.5;3001.5;578.5;2423.0;2670.5;1142.0;1528.5
8045;Totaal;Katwijk;2010;61936.0;30836.0;31100.0;27200.5;14592.5;12608.0;29002.5;14488.0;14514.5;2973.0;571.5;2401.5;2760.0;1184.0;1576.0
8046;Totaal;Katwijk;2011;62260.0;30956.0;31304.0;27323.0;14612.0;12711.0;29156.5;14563.5;14593.0;2968.5;576.5;2392.0;2812.0;1204.0;1608.0
8047;Totaal;Katwijk;2012;62582.0;31071.5;31510.5;27491.5;14657.0;12834.5;29204.0;14590.0;14614.0;2993.0;591.0;2402.0;2893.5;1233.5;1660.0
8048;Totaal;Katwijk;2013;62735.0;31169.5;31565.5;27593.5;14728.5;12865.0;29130.5;14550.0;14580.5;3027.0;624.0;2403.0;2984.0;1267.0;1717.0
8049;Totaal;Katwijk;2014;63207.5;31417.5;31790.0;27947.0;14917.5;13029.5;29057.0;14512.0;14545.0;3072.0;661.5;2410.5;3131.5;1326.5;1805.0
8050;Totaal;Katwijk;2015;63936.0;31770.0;32166.0;28418.0;15148.0;13270.0;29132.0;14554.5;14577.5;3082.5;676.5;2406.0;3303.5;1391.0;1912.5
8051;Totaal;Katwijk;2016;64385.5;32021.0;32364.5;28665.5;15292.5;13373.0;29218.0;14603.5;14614.5;3082.0;693.0;2389.0;3420.0;1432.0;1988.0
8052;Totaal;Kerkrade;1995;52632.0;25844.5;26787.5;18688.5;10325.0;8363.5;26642.0;13308.5;13333.5;3995.5;719.0;3276.5;3306.0;1492.0;1814.0
8053;Totaal;Kerkrade;1996;52531.0;25820.0;26711.0;18693.0;10353.5;8339.5;26396.0;13203.0;13193.0;4026.0;728.5;3297.5;3416.0;1535.0;1881.0
8054;Totaal;Kerkrade;1997;52297.5;25700.0;26597.5;18681.5;10346.5;8335.0;26083.0;13036.5;13046.5;4038.0;749.5;3288.5;3495.0;1567.5;1927.5
8055;Totaal;Kerkrade;1998;51956.0;25507.0;26449.0;18606.5;10281.0;8325.5;25778.0;12879.5;12898.5;3954.5;748.0;3206.5;3617.0;1598.5;2018.5
8056;Totaal;Kerkrade;1999;51610.0;25347.0;26263.0;18461.5;10199.5;8262.0;25497.5;12752.5;12745.0;3946.5;751.0;3195.5;3704.5;1644.0;2060.5
8057;Totaal;Kerkrade;2000;51262.0;25212.5;26049.5;18314.5;10157.0;8157.5;25179.0;12602.0;12577.0;4038.0;766.5;3271.5;3730.5;1687.0;2043.5
8058;Totaal;Kerkrade;2001;50873.0;25064.5;25808.5;18272.5;10153.5;8119.0;24777.5;12407.0;12370.5;4032.0;777.0;3255.0;3791.0;1727.0;2064.0
8059;Totaal;Kerkrade;2002;50487.5;24918.0;25569.5;18284.5;10168.5;8116.0;24347.5;12191.5;12156.0;4004.5;785.0;3219.5;3851.0;1773.0;2078.0
8060;Totaal;Kerkrade;2003;50165.0;24828.0;25337.0;18299.5;10216.0;8083.5;23992.5;12021.5;11971.0;3961.0;777.5;3183.5;3912.0;1813.0;2099.0
8061;Totaal;Kerkrade;2004;49799.0;24689.0;25110.0;18266.5;10221.0;8045.5;23608.5;11832.5;11776.0;3919.0;775.0;3144.0;4005.0;1860.5;2144.5
8062;Totaal;Kerkrade;2005;49443.0;24496.0;24947.0;18243.0;10187.5;8055.5;23237.0;11638.5;11598.5;3883.5;772.5;3111.0;4079.5;1897.5;2182.0
8063;Totaal;Kerkrade;2006;49046.0;24283.0;24763.0;18173.5;10133.0;8040.5;22912.0;11468.0;11444.0;3826.5;761.5;3065.0;4134.0;1920.5;2213.5
8064;Totaal;Kerkrade;2007;48551.5;24068.0;24483.5;18036.0;10073.5;7962.5;22553.5;11288.0;11265.5;3762.0;754.0;3008.0;4200.0;1952.5;2247.5
8065;Totaal;Kerkrade;2008;48205.0;23936.0;24269.0;18007.0;10077.0;7930.0;22170.5;11099.0;11071.5;3745.0;769.0;2976.0;4282.5;1991.0;2291.5
8066;Totaal;Kerkrade;2009;47880.0;23806.0;24074.0;17864.0;10002.5;7861.5;21825.5;10928.5;10897.0;3733.5;790.5;2943.0;4457.0;2084.5;2372.5
8067;Totaal;Kerkrade;2010;47546.5;23670.5;23876.0;17683.5;9910.5;7773.0;21529.5;10780.5;10749.0;3715.0;796.0;2919.0;4618.5;2183.5;2435.0
8068;Totaal;Kerkrade;2011;47344.5;23577.5;23767.0;17700.5;9904.0;7796.5;21267.5;10649.5;10618.0;3708.0;804.0;2904.0;4668.5;2220.0;2448.5
8069;Totaal;Kerkrade;2012;47237.0;23535.0;23702.0;17778.5;9935.5;7843.0;21029.0;10530.5;10498.5;3702.0;819.5;2882.5;4727.5;2249.5;2478.0
8070;Totaal;Kerkrade;2013;46989.0;23427.5;23561.5;17804.0;9942.5;7861.5;20709.0;10370.0;10339.0;3666.5;828.5;2838.0;4809.5;2286.5;2523.0
8071;Totaal;Kerkrade;2014;46654.0;23262.0;23392.0;17805.5;9935.0;7870.5;20366.5;10202.0;10164.5;3622.0;820.5;2801.5;4860.0;2304.5;2555.5
8072;Totaal;Kerkrade;2015;46273.5;23079.5;23194.0;17750.5;9926.5;7824.0;20034.5;10034.5;10000.0;3607.0;817.5;2789.5;4881.5;2301.0;2580.5
8073;Totaal;Kerkrade;2016;45980.0;22964.0;23016.0;17769.5;9958.5;7811.0;19672.5;9851.5;9821.0;3596.0;825.0;2771.0;4942.0;2329.0;2613.0
8074;Totaal;Kerkwijk;1995;6587.0;3312.5;3274.5;2904.0;1574.5;1329.5;3232.0;1616.0;1616.0;349.5;64.0;285.5;101.5;58.0;43.5
8075;Totaal;Kerkwijk;1996;6668.0;3365.5;3302.5;2933.0;1599.0;1334.0;3286.5;1643.0;1643.5;345.0;64.5;280.5;103.5;59.0;44.5
8076;Totaal;Kerkwijk;1997;6757.0;3402.0;3355.0;2983.0;1618.5;1364.5;3320.0;1660.0;1660.0;348.0;62.5;285.5;106.0;61.0;45.0
8077;Totaal;Kerkwijk;1998;6785.0;3407.5;3377.5;3009.5;1629.0;1380.5;3320.0;1660.5;1659.5;352.0;59.5;292.5;103.5;58.5;45.0
8078;Totaal;Kerkwijk;1999;;;;;;;;;;;;;;;
8079;Totaal;Kerkwijk;2000;;;;;;;;;;;;;;;
8080;Totaal;Kerkwijk;2001;;;;;;;;;;;;;;;
8081;Totaal;Kerkwijk;2002;;;;;;;;;;;;;;;
8082;Totaal;Kerkwijk;2003;;;;;;;;;;;;;;;
8083;Totaal;Kerkwijk;2004;;;;;;;;;;;;;;;
8084;Totaal;Kerkwijk;2005;;;;;;;;;;;;;;;
8085;Totaal;Kerkwijk;2006;;;;;;;;;;;;;;;
8086;Totaal;Kerkwijk;2007;;;;;;;;;;;;;;;
8087;Totaal;Kerkwijk;2008;;;;;;;;;;;;;;;
8088;Totaal;Kerkwijk;2009;;;;;;;;;;;;;;;
8089;Totaal;Kerkwijk;2010;;;;;;;;;;;;;;;
8090;Totaal;Kerkwijk;2011;;;;;;;;;;;;;;;
8091;Totaal;Kerkwijk;2012;;;;;;;;;;;;;;;
8092;Totaal;Kerkwijk;2013;;;;;;;;;;;;;;;
8093;Totaal;Kerkwijk;2014;;;;;;;;;;;;;;;
8094;Totaal;Kerkwijk;2015;;;;;;;;;;;;;;;
8095;Totaal;Kerkwijk;2016;;;;;;;;;;;;;;;
8096;Totaal;Kessel;1995;4073.5;2104.0;1969.5;1676.0;950.0;726.0;2143.0;1073.5;1069.5;171.0;38.0;133.0;83.5;42.5;41.0
8097;Totaal;Kessel;1996;4120.5;2112.5;2008.0;1692.0;943.5;748.5;2173.0;1088.5;1084.5;173.0;39.0;134.0;82.5;41.5;41.0
8098;Totaal;Kessel;1997;4129.0;2120.5;2008.5;1686.5;945.5;741.0;2177.0;1089.0;1088.0;180.0;42.5;137.5;85.5;43.5;42.0
8099;Totaal;Kessel;1998;4157.0;2142.5;2014.5;1684.5;953.0;731.5;2197.0;1098.5;1098.5;187.0;45.5;141.5;88.5;45.5;43.0
8100;Totaal;Kessel;1999;4176.0;2150.5;2025.5;1691.0;955.0;736.0;2201.0;1100.0;1101.0;190.0;45.5;144.5;94.0;50.0;44.0
8101;Totaal;Kessel;2000;4181.0;2149.5;2031.5;1702.5;956.5;746.0;2184.0;1089.5;1094.5;192.0;46.5;145.5;102.5;57.0;45.5
8102;Totaal;Kessel;2001;4191.5;2157.5;2034.0;1701.0;959.5;741.5;2176.0;1085.5;1090.5;201.5;50.5;151.0;113.0;62.0;51.0
8103;Totaal;Kessel;2002;4188.0;2155.0;2033.0;1706.5;965.5;741.0;2148.5;1073.5;1075.0;209.5;50.5;159.0;123.5;65.5;58.0
8104;Totaal;Kessel;2003;4198.0;2153.0;2045.0;1723.0;970.5;752.5;2127.0;1063.5;1063.5;212.5;47.0;165.5;135.5;72.0;63.5
8105;Totaal;Kessel;2004;4221.5;2160.0;2061.5;1736.0;974.0;762.0;2119.5;1060.5;1059.0;221.0;47.5;173.5;145.0;78.0;67.0
8106;Totaal;Kessel;2005;4242.0;2169.5;2072.5;1747.5;981.0;766.5;2121.5;1060.5;1061.0;224.0;49.5;174.5;149.0;78.5;70.5
8107;Totaal;Kessel;2006;4261.0;2173.5;2087.5;1750.0;980.0;770.0;2132.0;1064.5;1067.5;220.5;48.0;172.5;158.5;81.0;77.5
8108;Totaal;Kessel;2007;4266.5;2166.5;2100.0;1752.0;974.5;777.5;2135.5;1065.5;1070.0;214.5;43.5;171.0;164.5;83.0;81.5
8109;Totaal;Kessel;2008;4259.0;2162.0;2097.0;1756.0;978.0;778.0;2130.0;1062.0;1068.0;209.5;41.0;168.5;163.5;81.0;82.5
8110;Totaal;Kessel;2009;4257.5;2159.5;2098.0;1764.5;977.0;787.5;2111.0;1054.0;1057.0;211.0;43.5;167.5;171.0;85.0;86.0
8111;Totaal;Kessel;2010;;;;;;;;;;;;;;;
8112;Totaal;Kessel;2011;;;;;;;;;;;;;;;
8113;Totaal;Kessel;2012;;;;;;;;;;;;;;;
8114;Totaal;Kessel;2013;;;;;;;;;;;;;;;
8115;Totaal;Kessel;2014;;;;;;;;;;;;;;;
8116;Totaal;Kessel;2015;;;;;;;;;;;;;;;
8117;Totaal;Kessel;2016;;;;;;;;;;;;;;;
8118;Totaal;Kesteren;1995;10481.0;5212.5;5268.5;4915.0;2604.0;2311.0;4842.5;2420.5;2422.0;519.5;98.0;421.5;204.0;90.0;114.0
8119;Totaal;Kesteren;1996;10586.5;5256.0;5330.5;4989.5;2640.0;2349.5;4860.0;2429.5;2430.5;527.5;93.0;434.5;209.5;93.5;116.0
8120;Totaal;Kesteren;1997;10654.0;5294.0;5360.0;5035.0;2667.5;2367.5;4876.0;2437.5;2438.5;527.0;91.5;435.5;216.0;97.5;118.5
8121;Totaal;Kesteren;1998;10685.5;5322.5;5363.0;5043.5;2686.5;2357.0;4901.0;2448.0;2453.0;518.0;90.0;428.0;223.0;98.0;125.0
8122;Totaal;Kesteren;1999;10736.5;5354.0;5382.5;5062.0;2704.0;2358.0;4925.0;2460.0;2465.0;523.0;91.0;432.0;226.5;99.0;127.5
8123;Totaal;Kesteren;2000;10835.5;5407.0;5428.5;5133.0;2745.5;2387.5;4944.0;2471.0;2473.0;530.0;91.0;439.0;228.5;99.5;129.0
8124;Totaal;Kesteren;2001;10930.0;5447.5;5482.5;5210.5;2784.5;2426.0;4943.0;2471.5;2471.5;532.0;87.0;445.0;244.5;104.5;140.0
8125;Totaal;Kesteren;2002;22224.0;11098.0;11126.0;9895.0;5312.5;4582.5;10558.5;5284.5;5274.0;1156.0;214.0;942.0;614.5;287.0;327.5
8126;Totaal;Kesteren;2003;22273.0;11106.5;11166.5;9954.0;5336.0;4618.0;10518.0;5259.5;5258.5;1152.0;209.5;942.5;649.0;301.5;347.5
8127;Totaal;Kesteren;2004;;;;;;;;;;;;;;;
8128;Totaal;Kesteren;2005;;;;;;;;;;;;;;;
8129;Totaal;Kesteren;2006;;;;;;;;;;;;;;;
8130;Totaal;Kesteren;2007;;;;;;;;;;;;;;;
8131;Totaal;Kesteren;2008;;;;;;;;;;;;;;;
8132;Totaal;Kesteren;2009;;;;;;;;;;;;;;;
8133;Totaal;Kesteren;2010;;;;;;;;;;;;;;;
8134;Totaal;Kesteren;2011;;;;;;;;;;;;;;;
8135;Totaal;Kesteren;2012;;;;;;;;;;;;;;;
8136;Totaal;Kesteren;2013;;;;;;;;;;;;;;;
8137;Totaal;Kesteren;2014;;;;;;;;;;;;;;;
8138;Totaal;Kesteren;2015;;;;;;;;;;;;;;;
8139;Totaal;Kesteren;2016;;;;;;;;;;;;;;;
8140;Totaal;Klundert;1995;6749.0;3405.5;3343.5;2762.5;1536.5;1226.0;3438.0;1721.0;1717.0;378.0;70.0;308.0;170.5;78.0;92.5
8141;Totaal;Klundert;1996;6784.5;3421.0;3363.5;2773.0;1540.0;1233.0;3449.0;1726.0;1723.0;386.5;76.0;310.5;176.0;79.0;97.0
8142;Totaal;Klundert;1997;;;;;;;;;;;;;;;
8143;Totaal;Klundert;1998;;;;;;;;;;;;;;;
8144;Totaal;Klundert;1999;;;;;;;;;;;;;;;
8145;Totaal;Klundert;2000;;;;;;;;;;;;;;;
8146;Totaal;Klundert;2001;;;;;;;;;;;;;;;
8147;Totaal;Klundert;2002;;;;;;;;;;;;;;;
8148;Totaal;Klundert;2003;;;;;;;;;;;;;;;
8149;Totaal;Klundert;2004;;;;;;;;;;;;;;;
8150;Totaal;Klundert;2005;;;;;;;;;;;;;;;
8151;Totaal;Klundert;2006;;;;;;;;;;;;;;;
8152;Totaal;Klundert;2007;;;;;;;;;;;;;;;
8153;Totaal;Klundert;2008;;;;;;;;;;;;;;;
8154;Totaal;Klundert;2009;;;;;;;;;;;;;;;
8155;Totaal;Klundert;2010;;;;;;;;;;;;;;;
8156;Totaal;Klundert;2011;;;;;;;;;;;;;;;
8157;Totaal;Klundert;2012;;;;;;;;;;;;;;;
8158;Totaal;Klundert;2013;;;;;;;;;;;;;;;
8159;Totaal;Klundert;2014;;;;;;;;;;;;;;;
8160;Totaal;Klundert;2015;;;;;;;;;;;;;;;
8161;Totaal;Klundert;2016;;;;;;;;;;;;;;;
8162;Totaal;Koggenland;1995;;;;;;;;;;;;;;;
8163;Totaal;Koggenland;1996;;;;;;;;;;;;;;;
8164;Totaal;Koggenland;1997;;;;;;;;;;;;;;;
8165;Totaal;Koggenland;1998;;;;;;;;;;;;;;;
8166;Totaal;Koggenland;1999;;;;;;;;;;;;;;;
8167;Totaal;Koggenland;2000;;;;;;;;;;;;;;;
8168;Totaal;Koggenland;2001;;;;;;;;;;;;;;;
8169;Totaal;Koggenland;2002;;;;;;;;;;;;;;;
8170;Totaal;Koggenland;2003;;;;;;;;;;;;;;;
8171;Totaal;Koggenland;2004;;;;;;;;;;;;;;;
8172;Totaal;Koggenland;2005;;;;;;;;;;;;;;;
8173;Totaal;Koggenland;2006;;;;;;;;;;;;;;;
8174;Totaal;Koggenland;2007;21354.5;10754.5;10600.0;9903.0;5346.0;4557.0;9686.5;4841.5;4845.0;961.0;205.0;756.0;804.0;362.0;442.0
8175;Totaal;Koggenland;2008;21643.5;10913.5;10730.0;10048.5;5430.5;4618.0;9758.5;4877.5;4881.0;980.5;218.5;762.0;856.0;387.0;469.0
8176;Totaal;Koggenland;2009;21880.5;11034.5;10846.0;10090.5;5456.5;4634.0;9852.0;4931.0;4921.0;993.0;224.5;768.5;945.0;422.5;522.5
8177;Totaal;Koggenland;2010;22025.5;11094.5;10931.0;10093.0;5450.0;4643.0;9882.5;4951.0;4931.5;1015.5;230.5;785.0;1034.5;463.0;571.5
8178;Totaal;Koggenland;2011;22213.5;11172.5;11041.0;10197.0;5497.0;4700.0;9885.0;4954.5;4930.5;1052.0;236.5;815.5;1079.5;484.5;595.0
8179;Totaal;Koggenland;2012;22360.5;11232.0;11128.5;10263.0;5532.5;4730.5;9915.0;4969.5;4945.5;1072.5;234.5;838.0;1110.0;495.5;614.5
8180;Totaal;Koggenland;2013;22430.5;11262.0;11168.5;10302.5;5549.0;4753.5;9931.0;4976.5;4954.5;1073.5;240.5;833.0;1123.5;496.0;627.5
8181;Totaal;Koggenland;2014;22455.5;11279.5;11176.0;10356.5;5576.0;4780.5;9864.0;4939.0;4925.0;1081.0;252.5;828.5;1154.0;512.0;642.0
8182;Totaal;Koggenland;2015;22448.5;11282.5;11166.0;10373.0;5598.0;4775.0;9788.5;4898.5;4890.0;1094.0;255.5;838.5;1193.0;530.5;662.5
8183;Totaal;Koggenland;2016;22496.5;11319.5;11177.0;10425.0;5638.0;4787.0;9736.0;4871.5;4864.5;1105.0;260.0;845.0;1230.5;550.0;680.5
8184;Totaal;Kollumerland en Nieuwkruisland;1995;12757.0;6473.0;6284.0;5573.5;3094.5;2479.0;6097.5;3051.0;3046.5;699.0;136.5;562.5;387.0;191.0;196.0
8185;Totaal;Kollumerland en Nieuwkruisland;1996;12867.0;6536.5;6330.5;5648.0;3138.5;2509.5;6120.0;3062.5;3057.5;691.5;134.0;557.5;407.5;201.5;206.0
8186;Totaal;Kollumerland en Nieuwkruisland;1997;12929.0;6573.5;6355.5;5699.0;3174.0;2525.0;6123.5;3062.0;3061.5;694.0;135.0;559.0;412.5;202.5;210.0
8187;Totaal;Kollumerland en Nieuwkruisland;1998;12966.5;6607.0;6359.5;5722.0;3193.0;2529.0;6136.0;3075.0;3061.0;684.0;132.5;551.5;424.5;206.5;218.0
8188;Totaal;Kollumerland en Nieuwkruisland;1999;13070.5;6687.5;6383.0;5755.5;3225.0;2530.5;6186.5;3104.5;3082.0;676.0;132.5;543.5;452.5;225.5;227.0
8189;Totaal;Kollumerland en Nieuwkruisland;2000;13163.0;6735.5;6427.5;5778.0;3239.5;2538.5;6240.5;3126.5;3114.0;679.0;132.5;546.5;465.5;237.0;228.5
8190;Totaal;Kollumerland en Nieuwkruisland;2001;13228.0;6757.5;6470.5;5819.5;3259.0;2560.5;6242.5;3124.5;3118.0;687.5;134.0;553.5;478.5;240.0;238.5
8191;Totaal;Kollumerland en Nieuwkruisland;2002;13310.0;6804.0;6506.0;5903.5;3313.0;2590.5;6226.0;3116.0;3110.0;693.5;133.0;560.5;487.0;242.0;245.0
8192;Totaal;Kollumerland en Nieuwkruisland;2003;13242.0;6767.0;6475.0;5904.0;3309.5;2594.5;6171.0;3090.0;3081.0;683.5;129.0;554.5;483.5;238.5;245.0
8193;Totaal;Kollumerland en Nieuwkruisland;2004;13120.0;6702.0;6418.0;5865.0;3282.5;2582.5;6101.5;3054.5;3047.0;678.5;128.5;550.0;475.0;236.5;238.5
8194;Totaal;Kollumerland en Nieuwkruisland;2005;13114.0;6704.0;6410.0;5910.5;3309.0;2601.5;6063.5;3033.5;3030.0;674.5;125.0;549.5;465.5;236.5;229.0
8195;Totaal;Kollumerland en Nieuwkruisland;2006;13123.5;6704.0;6419.5;5967.5;3329.0;2638.5;6030.0;3014.0;3016.0;657.0;120.0;537.0;469.0;241.0;228.0
8196;Totaal;Kollumerland en Nieuwkruisland;2007;13108.0;6686.5;6421.5;5994.0;3332.0;2662.0;5985.0;2991.0;2994.0;643.5;117.0;526.5;485.5;246.5;239.0
8197;Totaal;Kollumerland en Nieuwkruisland;2008;13066.5;6658.5;6408.0;5995.0;3331.0;2664.0;5911.0;2955.5;2955.5;650.0;120.0;530.0;510.5;252.0;258.5
8198;Totaal;Kollumerland en Nieuwkruisland;2009;13026.5;6654.0;6372.5;5934.0;3312.5;2621.5;5857.0;2930.5;2926.5;659.5;126.0;533.5;576.0;285.0;291.0
8199;Totaal;Kollumerland en Nieuwkruisland;2010;12967.5;6647.5;6320.0;5858.5;3287.5;2571.0;5804.5;2906.5;2898.0;670.5;136.5;534.0;634.0;317.0;317.0
8200;Totaal;Kollumerland en Nieuwkruisland;2011;12918.0;6632.0;6286.0;5835.0;3282.0;2553.0;5754.5;2882.5;2872.0;688.5;148.0;540.5;640.0;319.5;320.5
8201;Totaal;Kollumerland en Nieuwkruisland;2012;12867.5;6615.0;6252.5;5799.5;3270.0;2529.5;5725.0;2866.0;2859.0;688.5;152.0;536.5;654.5;327.0;327.5
8202;Totaal;Kollumerland en Nieuwkruisland;2013;12853.5;6609.5;6244.0;5800.5;3269.0;2531.5;5695.0;2848.5;2846.5;686.0;156.5;529.5;672.0;335.5;336.5
8203;Totaal;Kollumerland en Nieuwkruisland;2014;12856.5;6613.5;6243.0;5819.0;3282.0;2537.0;5652.5;2825.5;2827.0;696.5;162.5;534.0;688.5;343.5;345.0
8204;Totaal;Kollumerland en Nieuwkruisland;2015;12823.0;6594.5;6228.5;5819.5;3277.0;2542.5;5591.5;2798.0;2793.5;710.0;170.5;539.5;702.0;349.0;353.0
8205;Totaal;Kollumerland en Nieuwkruisland;2016;12841.5;6585.5;6256.0;5873.0;3282.0;2591.0;5547.5;2777.5;2770.0;711.5;174.0;537.5;709.5;352.0;357.5
8206;Totaal;Korendijk;1995;10160.0;5090.5;5069.5;4222.0;2267.5;1954.5;5176.5;2588.5;2588.0;490.5;97.0;393.5;271.0;137.5;133.5
8207;Totaal;Korendijk;1996;10263.5;5145.5;5118.0;4226.0;2274.0;1952.0;5255.0;2628.0;2627.0;501.5;102.0;399.5;281.0;141.5;139.5
8208;Totaal;Korendijk;1997;10345.0;5183.0;5162.0;4233.5;2276.5;1957.0;5295.0;2648.0;2647.0;507.0;103.5;403.5;309.5;155.0;154.5
8209;Totaal;Korendijk;1998;10420.5;5219.0;5201.5;4258.5;2292.0;1966.5;5318.0;2662.0;2656.0;510.0;103.0;407.0;334.0;162.0;172.0
8210;Totaal;Korendijk;1999;10533.5;5270.5;5263.0;4304.0;2312.0;1992.0;5377.5;2692.5;2685.0;508.0;100.5;407.5;344.0;165.5;178.5
8211;Totaal;Korendijk;2000;10680.5;5337.5;5343.0;4360.5;2336.0;2024.5;5455.0;2728.5;2726.5;511.0;99.0;412.0;354.0;174.0;180.0
8212;Totaal;Korendijk;2001;10782.0;5389.0;5393.0;4412.5;2360.5;2052.0;5486.0;2744.5;2741.5;516.0;106.0;410.0;367.5;178.0;189.5
8213;Totaal;Korendijk;2002;10835.0;5420.5;5414.5;4441.5;2377.0;2064.5;5484.5;2744.0;2740.5;519.0;111.0;408.0;390.0;188.5;201.5
8214;Totaal;Korendijk;2003;10938.5;5476.0;5462.5;4505.0;2411.0;2094.0;5496.5;2749.5;2747.0;524.0;113.0;411.0;413.0;202.5;210.5
8215;Totaal;Korendijk;2004;10995.0;5507.0;5488.0;4548.0;2434.0;2114.0;5499.5;2751.5;2748.0;518.5;113.5;405.0;429.0;208.0;221.0
8216;Totaal;Korendijk;2005;10928.5;5478.0;5450.5;4524.5;2432.0;2092.5;5446.0;2725.0;2721.0;512.0;108.0;404.0;446.0;213.0;233.0
8217;Totaal;Korendijk;2006;10868.0;5437.5;5430.5;4500.0;2411.5;2088.5;5390.0;2697.5;2692.5;507.5;102.0;405.5;470.5;226.5;244.0
8218;Totaal;Korendijk;2007;10892.0;5443.0;5449.0;4504.5;2402.0;2102.5;5392.0;2700.5;2691.5;501.0;98.0;403.0;494.5;242.5;252.0
8219;Totaal;Korendijk;2008;10929.5;5470.0;5459.5;4519.0;2420.5;2098.5;5399.5;2704.5;2695.0;503.0;95.5;407.5;508.0;249.5;258.5
8220;Totaal;Korendijk;2009;10908.0;5457.0;5451.0;4499.0;2415.0;2084.0;5371.0;2690.0;2681.0;505.5;96.5;409.0;532.5;255.5;277.0
8221;Totaal;Korendijk;2010;10869.5;5444.0;5425.5;4473.5;2406.5;2067.0;5339.0;2676.0;2663.0;503.5;99.0;404.5;553.5;262.5;291.0
8222;Totaal;Korendijk;2011;10824.5;5422.0;5402.5;4422.5;2381.0;2041.5;5338.5;2678.0;2660.5;510.0;100.5;409.5;553.5;262.5;291.0
8223;Totaal;Korendijk;2012;10787.5;5392.5;5395.0;4380.0;2347.5;2032.5;5316.0;2667.5;2648.5;525.0;103.5;421.5;566.5;274.0;292.5
8224;Totaal;Korendijk;2013;10738.0;5367.0;5371.0;4361.5;2338.0;2023.5;5247.0;2626.5;2620.5;541.5;114.0;427.5;588.0;288.5;299.5
8225;Totaal;Korendijk;2014;10740.0;5354.0;5386.0;4375.0;2340.0;2035.0;5200.5;2597.5;2603.0;552.5;121.5;431.0;612.0;295.0;317.0
8226;Totaal;Korendijk;2015;10801.5;5367.5;5434.0;4395.5;2334.5;2061.0;5204.0;2599.5;2604.5;556.0;124.0;432.0;646.0;309.5;336.5
8227;Totaal;Korendijk;2016;10892.0;5418.0;5474.0;4394.5;2334.5;2060.0;5270.0;2634.5;2635.5;557.5;127.0;430.5;670.0;322.0;348.0
8228;Totaal;Krimpen aan den IJssel;1995;27691.5;13668.0;14023.5;11015.0;5916.0;5099.0;14278.5;7131.5;7147.0;1487.0;273.0;1214.0;911.0;347.5;563.5
8229;Totaal;Krimpen aan den IJssel;1996;27819.5;13704.5;14115.0;11092.5;5943.0;5149.5;14248.5;7116.5;7132.0;1527.5;282.5;1245.0;951.0;362.5;588.5
8230;Totaal;Krimpen aan den IJssel;1997;28076.0;13823.5;14252.5;11212.5;6011.0;5201.5;14297.0;7142.5;7154.5;1553.0;280.0;1273.0;1013.5;390.0;623.5
8231;Totaal;Krimpen aan den IJssel;1998;28285.5;13944.5;14341.0;11257.0;6059.5;5197.5;14419.5;7203.5;7216.0;1533.5;274.0;1259.5;1075.5;407.5;668.0
8232;Totaal;Krimpen aan den IJssel;1999;28539.0;14078.5;14460.5;11323.5;6106.0;5217.5;14575.5;7282.0;7293.5;1533.5;278.5;1255.0;1106.5;412.0;694.5
8233;Totaal;Krimpen aan den IJssel;2000;28701.5;14154.5;14547.0;11382.0;6138.5;5243.5;14647.0;7317.0;7330.0;1551.0;282.5;1268.5;1121.5;416.5;705.0
8234;Totaal;Krimpen aan den IJssel;2001;28821.0;14187.5;14633.5;11470.5;6171.0;5299.5;14631.5;7308.0;7323.5;1567.5;283.5;1284.0;1151.5;425.0;726.5
8235;Totaal;Krimpen aan den IJssel;2002;29009.5;14251.0;14758.5;11591.0;6219.0;5372.0;14603.5;7298.5;7305.0;1614.5;292.0;1322.5;1200.5;441.5;759.0
8236;Totaal;Krimpen aan den IJssel;2003;29060.5;14271.0;14789.5;11650.0;6251.5;5398.5;14522.5;7262.5;7260.0;1645.5;302.5;1343.0;1242.5;454.5;788.0
8237;Totaal;Krimpen aan den IJssel;2004;29014.5;14251.0;14763.5;11686.0;6282.0;5404.0;14382.0;7190.5;7191.5;1670.0;311.5;1358.5;1276.5;467.0;809.5
8238;Totaal;Krimpen aan den IJssel;2005;28883.0;14173.5;14709.5;11658.5;6256.5;5402.0;14208.0;7103.5;7104.5;1698.0;325.0;1373.0;1318.5;488.5;830.0
8239;Totaal;Krimpen aan den IJssel;2006;28751.0;14081.5;14669.5;11609.0;6201.0;5408.0;14094.5;7049.0;7045.5;1705.0;333.0;1372.0;1342.5;498.5;844.0
8240;Totaal;Krimpen aan den IJssel;2007;28763.0;14067.5;14695.5;11617.5;6186.0;5431.5;14055.5;7029.0;7026.5;1717.0;339.0;1378.0;1373.0;513.5;859.5
8241;Totaal;Krimpen aan den IJssel;2008;28857.0;14103.0;14754.0;11671.5;6207.0;5464.5;14043.5;7019.0;7024.5;1726.0;341.0;1385.0;1416.0;536.0;880.0
8242;Totaal;Krimpen aan den IJssel;2009;28859.5;14082.5;14777.0;11674.5;6197.5;5477.0;13991.5;6991.0;7000.5;1725.5;338.5;1387.0;1468.0;555.5;912.5
8243;Totaal;Krimpen aan den IJssel;2010;28719.0;13982.5;14736.5;11571.5;6121.0;5450.5;13882.5;6932.0;6950.5;1731.5;347.5;1384.0;1533.5;582.0;951.5
8244;Totaal;Krimpen aan den IJssel;2011;28659.0;13937.5;14721.5;11512.0;6077.5;5434.5;13806.0;6892.0;6914.0;1753.5;362.5;1391.0;1587.5;605.5;982.0
8245;Totaal;Krimpen aan den IJssel;2012;28773.5;13997.5;14776.0;11600.0;6125.0;5475.0;13749.5;6867.5;6882.0;1785.0;378.0;1407.0;1639.0;627.0;1012.0
8246;Totaal;Krimpen aan den IJssel;2013;28840.0;14025.0;14815.0;11670.0;6164.0;5506.0;13682.0;6829.5;6852.5;1819.5;391.0;1428.5;1668.5;640.5;1028.0
8247;Totaal;Krimpen aan den IJssel;2014;28897.5;14009.0;14888.5;11726.0;6171.0;5555.0;13616.5;6794.5;6822.0;1850.5;390.5;1460.0;1704.5;653.0;1051.5
8248;Totaal;Krimpen aan den IJssel;2015;29012.0;14033.0;14979.0;11840.0;6210.5;5629.5;13558.0;6768.0;6790.0;1861.0;382.0;1479.0;1753.0;672.5;1080.5
8249;Totaal;Krimpen aan den IJssel;2016;29088.5;14082.0;15006.5;11966.5;6286.0;5680.5;13476.0;6728.5;6747.5;1849.0;379.0;1470.0;1797.0;688.5;1108.5
8250;Totaal;Krimpenerwaard;1995;;;;;;;;;;;;;;;
8251;Totaal;Krimpenerwaard;1996;;;;;;;;;;;;;;;
8252;Totaal;Krimpenerwaard;1997;;;;;;;;;;;;;;;
8253;Totaal;Krimpenerwaard;1998;;;;;;;;;;;;;;;
8254;Totaal;Krimpenerwaard;1999;;;;;;;;;;;;;;;
8255;Totaal;Krimpenerwaard;2000;;;;;;;;;;;;;;;
8256;Totaal;Krimpenerwaard;2001;;;;;;;;;;;;;;;
8257;Totaal;Krimpenerwaard;2002;;;;;;;;;;;;;;;
8258;Totaal;Krimpenerwaard;2003;;;;;;;;;;;;;;;
8259;Totaal;Krimpenerwaard;2004;;;;;;;;;;;;;;;
8260;Totaal;Krimpenerwaard;2005;;;;;;;;;;;;;;;
8261;Totaal;Krimpenerwaard;2006;;;;;;;;;;;;;;;
8262;Totaal;Krimpenerwaard;2007;;;;;;;;;;;;;;;
8263;Totaal;Krimpenerwaard;2008;;;;;;;;;;;;;;;
8264;Totaal;Krimpenerwaard;2009;;;;;;;;;;;;;;;
8265;Totaal;Krimpenerwaard;2010;;;;;;;;;;;;;;;
8266;Totaal;Krimpenerwaard;2011;;;;;;;;;;;;;;;
8267;Totaal;Krimpenerwaard;2012;;;;;;;;;;;;;;;
8268;Totaal;Krimpenerwaard;2013;;;;;;;;;;;;;;;
8269;Totaal;Krimpenerwaard;2014;;;;;;;;;;;;;;;
8270;Totaal;Krimpenerwaard;2015;54430.5;26975.5;27455.0;23118.5;12295.5;10823.0;25421.0;12700.5;12720.5;2885.0;607.5;2277.5;3006.0;1372.0;1634.0
8271;Totaal;Krimpenerwaard;2016;54928.5;27200.5;27728.0;23473.5;12463.5;11010.0;25464.0;12718.5;12745.5;2888.0;606.5;2281.5;3103.0;1412.0;1691.0
8272;Totaal;Laarbeek;1995;;;;;;;;;;;;;;;
8273;Totaal;Laarbeek;1996;;;;;;;;;;;;;;;
8274;Totaal;Laarbeek;1997;21648.0;10928.5;10719.5;9190.5;4979.5;4211.0;10884.5;5447.5;5437.0;1008.0;218.5;789.5;565.0;283.0;282.0
8275;Totaal;Laarbeek;1998;21571.5;10878.0;10693.5;9141.0;4949.0;4192.0;10847.5;5427.5;5420.0;1002.5;219.5;783.0;580.5;282.0;298.5
8276;Totaal;Laarbeek;1999;21522.0;10860.5;10661.5;9090.0;4930.5;4159.5;10833.5;5422.0;5411.5;996.0;220.5;775.5;602.5;287.5;315.0
8277;Totaal;Laarbeek;2000;21538.0;10884.0;10654.0;9081.0;4946.5;4134.5;10824.0;5417.5;5406.5;1000.5;218.5;782.0;632.5;301.5;331.0
8278;Totaal;Laarbeek;2001;21541.5;10890.5;10651.0;9083.5;4958.5;4125.0;10763.0;5384.5;5378.5;1007.5;216.5;791.0;687.5;331.0;356.5
8279;Totaal;Laarbeek;2002;21566.5;10919.0;10647.5;9098.0;4987.5;4110.5;10720.0;5360.0;5360.0;1013.5;215.0;798.5;735.0;356.5;378.5
8280;Totaal;Laarbeek;2003;21586.5;10943.0;10643.5;9079.5;4999.5;4080.0;10728.5;5360.5;5368.0;1029.0;218.5;810.5;749.5;364.5;385.0
8281;Totaal;Laarbeek;2004;21612.5;10971.0;10641.5;9071.5;5012.0;4059.5;10732.0;5361.5;5370.5;1042.5;222.0;820.5;766.5;375.5;391.0
8282;Totaal;Laarbeek;2005;21706.5;11025.5;10681.0;9154.5;5054.5;4100.0;10705.0;5351.5;5353.5;1035.5;217.5;818.0;811.5;402.0;409.5
8283;Totaal;Laarbeek;2006;21759.5;11019.5;10740.0;9212.0;5052.0;4160.0;10636.0;5316.5;5319.5;1049.0;222.5;826.5;862.5;428.5;434.0
8284;Totaal;Laarbeek;2007;21765.5;10990.5;10775.0;9215.0;5036.5;4178.5;10594.0;5290.5;5303.5;1068.5;230.5;838.0;888.0;433.0;455.0
8285;Totaal;Laarbeek;2008;21750.0;10983.5;10766.5;9201.0;5036.5;4164.5;10566.0;5275.5;5290.5;1079.0;235.5;843.5;904.0;436.0;468.0
8286;Totaal;Laarbeek;2009;21649.0;10941.0;10708.0;9119.5;5001.5;4118.0;10475.5;5236.0;5239.5;1091.5;243.5;848.0;962.5;460.0;502.5
8287;Totaal;Laarbeek;2010;21556.5;10901.0;10655.5;9035.0;4971.5;4063.5;10396.0;5196.0;5200.0;1101.0;247.5;853.5;1024.5;486.0;538.5
8288;Totaal;Laarbeek;2011;21570.0;10905.5;10664.5;9039.5;4985.0;4054.5;10338.0;5164.5;5173.5;1121.5;252.5;869.0;1071.0;503.5;567.5
8289;Totaal;Laarbeek;2012;21687.5;10970.0;10717.5;9124.5;5036.0;4088.5;10290.5;5142.5;5148.0;1145.5;263.0;882.5;1127.0;528.5;598.5
8290;Totaal;Laarbeek;2013;21784.5;11014.0;10770.5;9225.0;5077.5;4147.5;10225.0;5110.5;5114.5;1158.0;272.5;885.5;1176.5;553.5;623.0
8291;Totaal;Laarbeek;2014;21857.5;11045.5;10812.0;9304.5;5115.0;4189.5;10145.0;5070.0;5075.0;1175.0;283.0;892.0;1233.0;577.5;655.5
8292;Totaal;Laarbeek;2015;21939.0;11098.5;10840.5;9340.0;5152.5;4187.5;10122.5;5054.5;5068.0;1195.0;293.0;902.0;1281.5;598.5;683.0
8293;Totaal;Laarbeek;2016;21953.5;11117.0;10836.5;9326.5;5154.0;4172.5;10113.5;5049.5;5064.0;1203.5;302.5;901.0;1310.0;611.0;699.0
8294;Totaal;Landerd;1995;14127.5;7175.0;6952.5;6201.0;3412.0;2789.0;6926.0;3458.0;3468.0;670.5;143.5;527.0;330.0;161.5;168.5
8295;Totaal;Landerd;1996;14147.5;7210.5;6937.0;6225.0;3451.5;2773.5;6911.0;3449.0;3462.0;665.5;143.5;522.0;346.0;166.5;179.5
8296;Totaal;Landerd;1997;14166.5;7218.0;6948.5;6239.0;3464.5;2774.5;6883.0;3436.5;3446.5;679.5;145.0;534.5;365.0;172.0;193.0
8297;Totaal;Landerd;1998;14226.5;7239.0;6987.5;6266.0;3477.0;2789.0;6871.5;3432.5;3439.0;702.5;150.5;552.0;386.5;179.0;207.5
8298;Totaal;Landerd;1999;14282.0;7263.5;7018.5;6288.0;3489.0;2799.0;6875.5;3436.0;3439.5;723.0;159.5;563.5;395.5;179.0;216.5
8299;Totaal;Landerd;2000;14334.5;7307.5;7027.0;6313.5;3521.0;2792.5;6878.5;3440.0;3438.5;733.5;161.5;572.0;409.0;185.0;224.0
8300;Totaal;Landerd;2001;14441.0;7389.0;7052.0;6369.5;3574.5;2795.0;6904.0;3453.5;3450.5;731.5;161.0;570.5;436.0;200.0;236.0
8301;Totaal;Landerd;2002;14610.0;7481.0;7129.0;6473.5;3628.5;2845.0;6963.0;3482.0;3481.0;721.0;162.0;559.0;452.5;208.5;244.0
8302;Totaal;Landerd;2003;14755.5;7551.5;7204.0;6561.5;3663.0;2898.5;7035.0;3518.5;3516.5;701.0;158.0;543.0;458.0;212.0;246.0
8303;Totaal;Landerd;2004;14814.0;7571.5;7242.5;6592.5;3670.5;2922.0;7055.5;3533.0;3522.5;703.0;156.0;547.0;463.0;212.0;251.0
8304;Totaal;Landerd;2005;14782.5;7552.5;7230.0;6563.5;3652.0;2911.5;7014.5;3513.5;3501.0;728.0;165.0;563.0;476.5;222.0;254.5
8305;Totaal;Landerd;2006;14742.5;7533.0;7209.5;6528.0;3628.0;2900.0;6967.0;3488.5;3478.5;745.0;177.0;568.0;502.5;239.5;263.0
8306;Totaal;Landerd;2007;14768.5;7545.0;7223.5;6538.5;3628.5;2910.0;6956.0;3487.0;3469.0;748.5;178.5;570.0;525.5;251.0;274.5
8307;Totaal;Landerd;2008;14800.5;7555.0;7245.5;6566.5;3638.0;2928.5;6937.5;3477.5;3460.0;754.5;176.0;578.5;542.0;263.5;278.5
8308;Totaal;Landerd;2009;14846.5;7590.0;7256.5;6609.0;3669.5;2939.5;6904.0;3459.5;3444.5;761.0;177.0;584.0;572.5;284.0;288.5
8309;Totaal;Landerd;2010;14914.5;7649.5;7265.0;6652.5;3709.5;2943.0;6882.5;3447.5;3435.0;771.5;184.0;587.5;608.0;308.5;299.5
8310;Totaal;Landerd;2011;15003.5;7684.5;7319.0;6715.0;3736.0;2979.0;6854.0;3429.5;3424.5;796.0;195.0;601.0;638.5;324.0;314.5
8311;Totaal;Landerd;2012;15144.5;7731.5;7413.0;6838.5;3784.0;3054.5;6830.0;3418.0;3412.0;810.0;203.0;607.0;666.0;326.5;339.5
8312;Totaal;Landerd;2013;15244.5;7766.5;7478.0;6919.5;3806.5;3113.0;6821.5;3413.5;3408.0;811.5;213.5;598.0;692.0;333.0;359.0
8313;Totaal;Landerd;2014;15278.0;7781.0;7497.0;6943.0;3821.0;3122.0;6810.5;3402.5;3408.0;814.0;219.0;595.0;710.5;338.5;372.0
8314;Totaal;Landerd;2015;15296.5;7793.5;7503.0;6983.0;3855.5;3127.5;6762.0;3376.0;3386.0;823.5;220.5;603.0;728.0;341.5;386.5
8315;Totaal;Landerd;2016;15317.5;7809.5;7508.0;7017.5;3879.5;3138.0;6709.0;3349.5;3359.5;836.0;228.0;608.0;755.0;352.5;402.5
8316;Totaal;Landgraaf;1995;41378.5;20529.0;20849.5;15268.0;8347.5;6920.5;21582.5;10770.0;10812.5;2485.5;435.5;2050.0;2042.5;976.0;1066.5
8317;Totaal;Landgraaf;1996;41579.0;20591.0;20988.0;15360.0;8376.0;6984.0;21581.0;10775.0;10806.0;2536.0;447.5;2088.5;2102.0;992.5;1109.5
8318;Totaal;Landgraaf;1997;41605.5;20573.5;21032.0;15368.5;8367.0;7001.5;21504.5;10734.5;10770.0;2577.0;473.5;2103.5;2155.5;998.5;1157.0
8319;Totaal;Landgraaf;1998;41528.0;20539.0;20989.0;15336.0;8371.0;6965.0;21376.5;10668.5;10708.0;2573.0;486.0;2087.0;2242.5;1013.5;1229.0
8320;Totaal;Landgraaf;1999;41210.0;20391.5;20818.5;15223.0;8339.5;6883.5;21091.5;10528.5;10563.0;2600.5;489.5;2111.0;2295.0;1034.0;1261.0
8321;Totaal;Landgraaf;2000;40889.0;20231.0;20658.0;15124.0;8273.5;6850.5;20746.5;10358.5;10388.0;2660.5;514.5;2146.0;2358.0;1084.5;1273.5
8322;Totaal;Landgraaf;2001;40557.0;20059.0;20498.0;15029.5;8201.0;6828.5;20420.5;10198.5;10222.0;2642.5;518.5;2124.0;2464.5;1141.0;1323.5
8323;Totaal;Landgraaf;2002;40200.0;19850.5;20349.5;14915.5;8129.0;6786.5;20120.5;10042.0;10078.5;2624.0;508.0;2116.0;2540.0;1171.5;1368.5
8324;Totaal;Landgraaf;2003;39916.5;19688.0;20228.5;14831.5;8088.0;6743.5;19840.0;9902.5;9937.5;2637.5;509.0;2128.5;2607.5;1188.5;1419.0
8325;Totaal;Landgraaf;2004;39627.5;19525.0;20102.5;14812.5;8073.0;6739.5;19497.5;9734.5;9763.0;2654.5;517.0;2137.5;2663.0;1200.5;1462.5
8326;Totaal;Landgraaf;2005;39333.0;19377.5;19955.5;14791.0;8045.0;6746.0;19178.0;9584.0;9594.0;2650.5;524.0;2126.5;2713.5;1224.5;1489.0
8327;Totaal;Landgraaf;2006;39027.5;19232.0;19795.5;14692.0;7989.0;6703.0;18924.5;9465.5;9459.0;2631.0;526.5;2104.5;2780.0;1251.0;1529.0
8328;Totaal;Landgraaf;2007;38807.0;19120.0;19687.0;14631.0;7952.5;6678.5;18667.5;9335.0;9332.5;2633.0;543.5;2089.5;2875.5;1289.0;1586.5
8329;Totaal;Landgraaf;2008;38730.5;19072.0;19658.5;14663.0;7956.0;6707.0;18479.5;9237.0;9242.5;2636.0;555.5;2080.5;2952.0;1323.5;1628.5
8330;Totaal;Landgraaf;2009;38585.0;18979.5;19605.5;14601.0;7916.0;6685.0;18311.0;9151.0;9160.0;2631.0;557.5;2073.5;3042.0;1355.0;1687.0
8331;Totaal;Landgraaf;2010;38321.5;18840.0;19481.5;14461.0;7839.5;6621.5;18064.5;9030.0;9034.5;2647.5;571.0;2076.5;3148.5;1399.5;1749.0
8332;Totaal;Landgraaf;2011;38126.5;18746.0;19380.5;14423.5;7824.0;6599.5;17850.0;8928.0;8922.0;2659.5;577.5;2082.0;3193.5;1416.5;1777.0
8333;Totaal;Landgraaf;2012;37989.0;18707.5;19281.5;14421.5;7856.0;6565.5;17640.5;8827.0;8813.5;2661.5;588.5;2073.0;3265.5;1436.0;1829.5
8334;Totaal;Landgraaf;2013;37742.0;18591.5;19150.5;14349.5;7814.0;6535.5;17394.5;8697.5;8697.0;2653.0;605.0;2048.0;3345.0;1475.0;1870.0
8335;Totaal;Landgraaf;2014;37514.5;18473.5;19041.0;14319.0;7777.5;6541.5;17141.0;8560.5;8580.5;2633.5;613.0;2020.5;3421.0;1522.5;1898.5
8336;Totaal;Landgraaf;2015;37460.5;18447.0;19013.5;14417.0;7820.0;6597.0;16889.5;8428.0;8461.5;2632.5;627.0;2005.5;3521.5;1572.0;1949.5
8337;Totaal;Landgraaf;2016;37461.5;18442.5;19019.0;14507.5;7847.0;6660.5;16725.0;8346.5;8378.5;2641.5;639.0;2002.5;3587.5;1610.0;1977.5
8338;Totaal;Landsmeer;1995;10404.0;5130.0;5274.0;4110.5;2162.0;1948.5;5321.0;2656.0;2665.0;539.0;101.0;438.0;433.5;211.0;222.5
8339;Totaal;Landsmeer;1996;10433.0;5134.5;5298.5;4129.0;2160.5;1968.5;5309.5;2650.0;2659.5;547.5;105.5;442.0;447.0;218.5;228.5
8340;Totaal;Landsmeer;1997;10379.0;5085.0;5294.0;4105.0;2138.5;1966.5;5267.5;2626.0;2641.5;550.5;106.0;444.5;456.0;214.5;241.5
8341;Totaal;Landsmeer;1998;10341.0;5039.0;5302.0;4101.0;2118.5;1982.5;5217.5;2600.5;2617.0;538.5;100.0;438.5;484.0;220.0;264.0
8342;Totaal;Landsmeer;1999;10293.0;5014.0;5279.0;4095.0;2112.5;1982.5;5164.5;2575.5;2589.0;526.5;96.0;430.5;507.0;230.0;277.0
8343;Totaal;Landsmeer;2000;10254.0;4997.5;5256.5;4109.0;2124.5;1984.5;5086.0;2541.0;2545.0;531.5;95.5;436.0;527.5;236.5;291.0
8344;Totaal;Landsmeer;2001;10269.5;4999.0;5270.5;4155.0;2143.0;2012.0;5018.5;2511.0;2507.5;540.5;99.5;441.0;555.5;245.5;310.0
8345;Totaal;Landsmeer;2002;10324.0;5020.0;5304.0;4204.0;2163.5;2040.5;5019.5;2508.0;2511.5;547.0;104.5;442.5;553.5;244.0;309.5
8346;Totaal;Landsmeer;2003;10333.5;5014.0;5319.5;4238.5;2174.0;2064.5;5004.5;2496.0;2508.5;551.0;107.0;444.0;539.5;237.0;302.5
8347;Totaal;Landsmeer;2004;10293.5;4994.0;5299.5;4242.0;2179.0;2063.0;4958.5;2474.0;2484.5;557.5;109.0;448.5;535.5;232.0;303.5
8348;Totaal;Landsmeer;2005;10286.5;5001.0;5285.5;4256.0;2194.5;2061.5;4935.5;2463.0;2472.5;552.5;107.5;445.0;542.5;236.0;306.5
8349;Totaal;Landsmeer;2006;10282.5;4994.0;5288.5;4286.5;2205.5;2081.0;4889.5;2436.5;2453.0;544.0;103.5;440.5;562.5;248.5;314.0
8350;Totaal;Landsmeer;2007;10218.5;4948.5;5270.0;4273.0;2192.0;2081.0;4815.0;2395.5;2419.5;547.5;105.5;442.0;583.0;255.5;327.5
8351;Totaal;Landsmeer;2008;10156.0;4908.5;5247.5;4257.0;2183.5;2073.5;4752.5;2363.5;2389.0;554.0;106.0;448.0;592.5;255.5;337.0
8352;Totaal;Landsmeer;2009;10186.0;4904.5;5281.5;4275.0;2181.5;2093.5;4735.0;2357.0;2378.0;563.5;107.0;456.5;612.5;259.0;353.5
8353;Totaal;Landsmeer;2010;10243.0;4921.0;5322.0;4307.0;2189.0;2118.0;4719.5;2353.0;2366.5;568.5;108.0;460.5;648.0;271.0;377.0
8354;Totaal;Landsmeer;2011;10293.5;4942.5;5351.0;4374.0;2220.5;2153.5;4689.0;2339.5;2349.5;565.5;105.0;460.5;665.0;277.5;387.5
8355;Totaal;Landsmeer;2012;10394.0;4985.0;5409.0;4479.5;2268.5;2211.0;4666.5;2327.5;2339.0;570.5;109.5;461.0;677.5;279.5;398.0
8356;Totaal;Landsmeer;2013;10449.0;5008.5;5440.5;4529.0;2296.5;2232.5;4652.5;2319.0;2333.5;575.0;111.5;463.5;692.5;281.5;411.0
8357;Totaal;Landsmeer;2014;10633.5;5095.0;5538.5;4653.0;2356.0;2297.0;4681.5;2330.0;2351.5;580.5;114.0;466.5;718.5;295.0;423.5
8358;Totaal;Landsmeer;2015;10900.0;5232.5;5667.5;4853.5;2461.0;2392.5;4701.5;2337.5;2364.0;587.0;122.0;465.0;758.0;312.0;446.0
8359;Totaal;Landsmeer;2016;11126.0;5358.5;5767.5;5047.0;2563.0;2484.0;4745.5;2355.5;2390.0;557.0;121.0;436.0;776.5;319.0;457.5
8360;Totaal;Langbroek;1995;2120.0;1079.5;1040.5;949.5;531.5;418.0;1031.5;514.0;517.5;104.5;17.0;87.5;34.5;17.0;17.5
8361;Totaal;Langbroek;1996;;;;;;;;;;;;;;;
8362;Totaal;Langbroek;1997;;;;;;;;;;;;;;;
8363;Totaal;Langbroek;1998;;;;;;;;;;;;;;;
8364;Totaal;Langbroek;1999;;;;;;;;;;;;;;;
8365;Totaal;Langbroek;2000;;;;;;;;;;;;;;;
8366;Totaal;Langbroek;2001;;;;;;;;;;;;;;;
8367;Totaal;Langbroek;2002;;;;;;;;;;;;;;;
8368;Totaal;Langbroek;2003;;;;;;;;;;;;;;;
8369;Totaal;Langbroek;2004;;;;;;;;;;;;;;;
8370;Totaal;Langbroek;2005;;;;;;;;;;;;;;;
8371;Totaal;Langbroek;2006;;;;;;;;;;;;;;;
8372;Totaal;Langbroek;2007;;;;;;;;;;;;;;;
8373;Totaal;Langbroek;2008;;;;;;;;;;;;;;;
8374;Totaal;Langbroek;2009;;;;;;;;;;;;;;;
8375;Totaal;Langbroek;2010;;;;;;;;;;;;;;;
8376;Totaal;Langbroek;2011;;;;;;;;;;;;;;;
8377;Totaal;Langbroek;2012;;;;;;;;;;;;;;;
8378;Totaal;Langbroek;2013;;;;;;;;;;;;;;;
8379;Totaal;Langbroek;2014;;;;;;;;;;;;;;;
8380;Totaal;Langbroek;2015;;;;;;;;;;;;;;;
8381;Totaal;Langbroek;2016;;;;;;;;;;;;;;;
8382;Totaal;Langedijk;1995;22613.0;11369.5;11243.5;9911.5;5320.0;4591.5;11104.5;5553.0;5551.5;907.5;192.0;715.5;689.5;304.5;385.0
8383;Totaal;Langedijk;1996;22658.0;11383.0;11275.0;9890.5;5318.0;4572.5;11093.0;5548.0;5545.0;936.0;193.0;743.0;738.5;324.0;414.5
8384;Totaal;Langedijk;1997;22946.0;11510.5;11435.5;10051.5;5398.0;4653.5;11132.5;5565.0;5567.5;974.0;196.5;777.5;788.0;351.0;437.0
8385;Totaal;Langedijk;1998;23399.5;11742.0;11657.5;10332.5;5553.0;4779.5;11231.5;5614.5;5617.0;984.0;201.0;783.0;851.5;373.5;478.0
8386;Totaal;Langedijk;1999;23648.0;11890.0;11758.0;10420.5;5626.5;4794.0;11325.5;5666.0;5659.5;994.5;201.0;793.5;907.5;396.5;511.0
8387;Totaal;Langedijk;2000;23955.0;12060.5;11894.5;10558.0;5717.0;4841.0;11438.0;5721.0;5717.0;1006.5;194.0;812.5;952.5;428.5;524.0
8388;Totaal;Langedijk;2001;24464.5;12301.5;12163.0;10852.5;5862.0;4990.5;11591.0;5793.0;5798.0;1010.0;191.5;818.5;1011.0;455.0;556.0
8389;Totaal;Langedijk;2002;24866.5;12462.0;12404.5;11087.5;5960.5;5127.0;11710.5;5850.0;5860.5;1015.5;191.0;824.5;1053.0;460.5;592.5
8390;Totaal;Langedijk;2003;25143.5;12573.0;12570.5;11297.0;6054.5;5242.5;11751.0;5870.5;5880.5;1017.0;189.5;827.5;1078.5;458.5;620.0
8391;Totaal;Langedijk;2004;25607.5;12785.0;12822.5;11597.5;6193.0;5404.5;11869.0;5926.5;5942.5;1024.0;195.5;828.5;1117.0;470.0;647.0
8392;Totaal;Langedijk;2005;25934.0;12932.5;13001.5;11798.0;6275.5;5522.5;11926.5;5950.0;5976.5;1040.0;208.5;831.5;1169.5;498.5;671.0
8393;Totaal;Langedijk;2006;25932.5;12937.5;12995.0;11775.0;6269.0;5506.0;11884.5;5925.0;5959.5;1056.0;217.5;838.5;1217.0;526.0;691.0
8394;Totaal;Langedijk;2007;25990.5;12961.0;13029.5;11775.5;6268.0;5507.5;11895.5;5929.5;5966.0;1065.0;218.5;846.5;1254.5;545.0;709.5
8395;Totaal;Langedijk;2008;26466.5;13194.0;13272.5;12094.0;6426.5;5667.5;11996.0;5978.0;6018.0;1079.0;223.5;855.5;1297.5;566.0;731.5
8396;Totaal;Langedijk;2009;26920.5;13421.5;13499.0;12306.0;6553.0;5753.0;12109.0;6031.0;6078.0;1098.5;225.5;873.0;1407.0;612.0;795.0
8397;Totaal;Langedijk;2010;26976.0;13450.5;13525.5;12247.5;6536.5;5711.0;12119.5;6037.0;6082.5;1112.0;225.0;887.0;1497.0;652.0;845.0
8398;Totaal;Langedijk;2011;26994.0;13465.0;13529.0;12232.0;6542.5;5689.5;12111.0;6032.5;6078.5;1130.0;233.5;896.5;1521.0;656.5;864.5
8399;Totaal;Langedijk;2012;26945.0;13447.5;13497.5;12167.5;6518.5;5649.0;12074.0;6017.5;6056.5;1141.0;238.5;902.5;1562.5;673.0;889.5
8400;Totaal;Langedijk;2013;26917.0;13437.0;13480.0;12121.0;6495.0;5626.0;12044.0;6005.5;6038.5;1143.0;242.0;901.0;1609.0;694.5;914.5
8401;Totaal;Langedijk;2014;27111.0;13512.5;13598.5;12215.0;6526.5;5688.5;12060.0;6012.5;6047.5;1151.0;249.0;902.0;1685.0;724.5;960.5
8402;Totaal;Langedijk;2015;27367.0;13606.0;13761.0;12402.0;6596.5;5805.5;12013.5;5989.0;6024.5;1177.0;260.0;917.0;1774.5;760.5;1014.0
8403;Totaal;Langedijk;2016;27527.5;13669.5;13858.0;12538.0;6658.5;5879.5;11960.0;5956.0;6004.0;1204.0;279.0;925.0;1825.5;776.0;1049.5
8404;Totaal;Lansingerland;1995;;;;;;;;;;;;;;;
8405;Totaal;Lansingerland;1996;;;;;;;;;;;;;;;
8406;Totaal;Lansingerland;1997;;;;;;;;;;;;;;;
8407;Totaal;Lansingerland;1998;;;;;;;;;;;;;;;
8408;Totaal;Lansingerland;1999;;;;;;;;;;;;;;;
8409;Totaal;Lansingerland;2000;;;;;;;;;;;;;;;
8410;Totaal;Lansingerland;2001;;;;;;;;;;;;;;;
8411;Totaal;Lansingerland;2002;;;;;;;;;;;;;;;
8412;Totaal;Lansingerland;2003;;;;;;;;;;;;;;;
8413;Totaal;Lansingerland;2004;;;;;;;;;;;;;;;
8414;Totaal;Lansingerland;2005;;;;;;;;;;;;;;;
8415;Totaal;Lansingerland;2006;;;;;;;;;;;;;;;
8416;Totaal;Lansingerland;2007;48669.0;24339.5;24329.5;21996.5;11695.0;10301.5;22720.5;11365.0;11355.5;1772.5;366.5;1406.0;2179.5;913.0;1266.5
8417;Totaal;Lansingerland;2008;50215.0;25071.5;25143.5;22854.0;12115.5;10738.5;23236.5;11622.0;11614.5;1821.0;381.5;1439.5;2303.5;952.5;1351.0
8418;Totaal;Lansingerland;2009;51792.0;25843.0;25949.0;23653.0;12528.5;11124.5;23760.5;11884.5;11876.0;1879.5;398.5;1481.0;2499.0;1031.5;1467.5
8419;Totaal;Lansingerland;2010;53327.5;26579.5;26748.0;24405.5;12900.0;11505.5;24289.5;12144.5;12145.0;1924.0;414.0;1510.0;2708.5;1121.0;1587.5
8420;Totaal;Lansingerland;2011;54677.5;27225.5;27452.0;25152.0;13254.5;11897.5;24685.0;12339.0;12346.0;1951.0;426.0;1525.0;2889.5;1206.0;1683.5
8421;Totaal;Lansingerland;2012;55885.5;27826.5;28059.0;25893.5;13631.0;12262.5;24962.5;12482.0;12480.5;1984.5;437.5;1547.0;3045.0;1276.0;1769.0
8422;Totaal;Lansingerland;2013;56814.0;28250.0;28564.0;26448.5;13894.5;12554.0;25191.0;12597.5;12593.5;2026.0;448.5;1577.5;3148.5;1309.5;1839.0
8423;Totaal;Lansingerland;2014;57627.5;28637.0;28990.5;26917.0;14129.0;12788.0;25403.0;12700.0;12703.0;2053.0;457.0;1596.0;3254.5;1351.0;1903.5
8424;Totaal;Lansingerland;2015;58584.0;29119.0;29465.0;27480.5;14424.0;13056.5;25676.5;12836.0;12840.5;2067.0;466.5;1600.5;3360.0;1392.5;1967.5
8425;Totaal;Lansingerland;2016;59570.0;29597.5;29972.5;28065.5;14722.5;13343.0;25925.5;12961.0;12964.5;2102.0;482.0;1620.0;3477.0;1432.0;2045.0
8426;Totaal;Laren (NH.);1995;11647.5;5389.5;6258.0;4215.5;2140.5;2075.0;5695.0;2838.5;2856.5;1131.5;186.0;945.5;605.5;224.5;381.0
8427;Totaal;Laren (NH.);1996;11774.5;5479.5;6295.0;4403.5;2254.0;2149.5;5645.5;2813.0;2832.5;1094.0;182.5;911.5;631.5;230.0;401.5
8428;Totaal;Laren (NH.);1997;11777.0;5504.0;6273.0;4464.5;2292.5;2172.0;5599.5;2795.0;2804.5;1063.0;179.5;883.5;650.0;237.0;413.0
8429;Totaal;Laren (NH.);1998;11602.0;5441.0;6161.0;4333.5;2243.5;2090.0;5532.0;2767.5;2764.5;1046.5;184.0;862.5;690.0;246.0;444.0
8430;Totaal;Laren (NH.);1999;11560.0;5421.0;6139.0;4311.5;2234.0;2077.5;5483.5;2743.0;2740.5;1046.5;181.5;865.0;718.5;262.5;456.0
8431;Totaal;Laren (NH.);2000;11556.0;5424.5;6131.5;4307.0;2234.0;2073.0;5472.0;2738.5;2733.5;1060.5;182.0;878.5;716.5;270.0;446.5
8432;Totaal;Laren (NH.);2001;11697.0;5545.0;6152.0;4496.0;2374.5;2121.5;5409.5;2711.0;2698.5;1054.5;184.5;870.0;737.0;275.0;462.0
8433;Totaal;Laren (NH.);2002;11768.0;5599.5;6168.5;4626.0;2455.0;2171.0;5334.0;2674.5;2659.5;1055.5;188.0;867.5;752.5;282.0;470.5
8434;Totaal;Laren (NH.);2003;11632.0;5503.0;6129.0;4521.0;2375.5;2145.5;5290.5;2653.5;2637.0;1062.5;188.0;874.5;758.0;286.0;472.0
8435;Totaal;Laren (NH.);2004;11539.0;5431.5;6107.5;4431.0;2310.5;2120.5;5254.0;2633.0;2621.0;1077.0;187.5;889.5;777.0;300.5;476.5
8436;Totaal;Laren (NH.);2005;11246.5;5256.0;5990.5;4187.5;2165.5;2022.0;5164.5;2584.5;2580.0;1083.0;189.5;893.5;811.5;316.5;495.0
8437;Totaal;Laren (NH.);2006;10992.0;5118.5;5873.5;4040.0;2081.0;1959.0;5053.5;2529.0;2524.5;1070.0;189.0;881.0;828.5;319.5;509.0
8438;Totaal;Laren (NH.);2007;10968.5;5113.5;5855.0;4072.5;2100.5;1972.0;5006.0;2505.0;2501.0;1060.0;192.5;867.5;830.0;315.5;514.5
8439;Totaal;Laren (NH.);2008;11271.5;5314.0;5957.5;4363.5;2297.0;2066.5;5033.5;2514.5;2519.0;1030.5;186.0;844.5;844.0;316.5;527.5
8440;Totaal;Laren (NH.);2009;11454.0;5442.5;6011.5;4539.5;2416.5;2123.0;5038.0;2522.5;2515.5;997.0;174.5;822.5;879.5;329.0;550.5
8441;Totaal;Laren (NH.);2010;11370.5;5394.5;5976.0;4489.5;2384.5;2105.0;4979.5;2496.5;2483.0;988.5;173.0;815.5;913.0;340.5;572.5
8442;Totaal;Laren (NH.);2011;11389.0;5421.0;5968.0;4521.5;2421.5;2100.0;4951.5;2481.0;2470.5;989.5;177.0;812.5;926.5;341.5;585.0
8443;Totaal;Laren (NH.);2012;11124.5;5250.0;5874.5;4310.5;2280.0;2030.5;4876.0;2441.0;2435.0;985.0;173.5;811.5;953.0;355.5;597.5
8444;Totaal;Laren (NH.);2013;10875.5;5083.5;5792.0;4130.0;2146.5;1983.5;4789.0;2394.0;2395.0;977.0;172.0;805.0;979.5;371.0;608.5
8445;Totaal;Laren (NH.);2014;10859.5;5101.0;5758.5;4131.0;2155.5;1975.5;4757.0;2381.5;2375.5;962.5;183.0;779.5;1009.0;381.0;628.0
8446;Totaal;Laren (NH.);2015;10906.5;5134.5;5772.0;4179.5;2181.5;1998.0;4733.0;2372.0;2361.0;954.5;185.5;769.0;1039.5;395.5;644.0
8447;Totaal;Laren (NH.);2016;11022.0;5189.0;5833.0;4300.5;2243.0;2057.5;4711.5;2362.0;2349.5;957.0;186.0;771.0;1053.0;398.0;655.0
8448;Totaal;Leek;1995;18216.5;9130.0;9086.5;7886.0;4316.0;3570.0;8787.5;4389.5;4398.0;953.5;164.5;789.0;589.5;260.0;329.5
8449;Totaal;Leek;1996;18376.5;9203.0;9173.5;7953.0;4355.5;3597.5;8823.0;4408.5;4414.5;972.5;162.5;810.0;628.0;276.5;351.5
8450;Totaal;Leek;1997;18572.0;9295.5;9276.5;8030.0;4394.5;3635.5;8901.5;4447.0;4454.5;975.5;163.0;812.5;665.0;291.0;374.0
8451;Totaal;Leek;1998;18674.5;9347.5;9327.0;8016.5;4388.5;3628.0;8966.0;4479.5;4486.5;979.0;166.5;812.5;713.0;313.0;400.0
8452;Totaal;Leek;1999;18761.5;9401.0;9360.5;8014.0;4394.0;3620.0;8993.0;4497.0;4496.0;983.0;168.0;815.0;771.5;342.0;429.5
8453;Totaal;Leek;2000;18910.5;9478.5;9432.0;8083.0;4430.5;3652.5;9026.5;4515.0;4511.5;993.0;172.5;820.5;808.0;360.5;447.5
8454;Totaal;Leek;2001;19181.5;9618.5;9563.0;8292.5;4544.0;3748.5;9039.5;4519.5;4520.0;1007.5;176.5;831.0;842.0;378.5;463.5
8455;Totaal;Leek;2002;19334.0;9678.5;9655.5;8463.5;4616.5;3847.0;8987.0;4492.5;4494.5;1017.0;184.0;833.0;866.5;385.5;481.0
8456;Totaal;Leek;2003;19402.0;9686.5;9715.5;8557.5;4642.0;3915.5;8939.5;4471.5;4468.0;1014.0;185.0;829.0;891.0;388.0;503.0
8457;Totaal;Leek;2004;19497.5;9747.0;9750.5;8647.0;4697.0;3950.0;8922.0;4464.0;4458.0;1009.5;183.5;826.0;919.0;402.5;516.5
8458;Totaal;Leek;2005;19223.0;9578.5;9644.5;8424.5;4552.5;3872.0;8833.0;4419.0;4414.0;1022.5;193.0;829.5;943.0;414.0;529.0
8459;Totaal;Leek;2006;19063.0;9459.0;9604.0;8284.0;4454.5;3829.5;8783.5;4391.0;4392.5;1027.0;193.0;834.0;968.5;420.5;548.0
8460;Totaal;Leek;2007;19239.5;9546.5;9693.0;8399.0;4522.5;3876.5;8832.0;4415.0;4417.0;1025.5;185.5;840.0;983.0;423.5;559.5
8461;Totaal;Leek;2008;19369.5;9606.5;9763.0;8438.5;4537.0;3901.5;8890.5;4444.0;4446.5;1039.5;191.0;848.5;1001.0;434.5;566.5
8462;Totaal;Leek;2009;19407.0;9611.0;9796.0;8383.5;4500.5;3883.0;8911.5;4453.0;4458.5;1058.0;200.5;857.5;1054.0;457.0;597.0
8463;Totaal;Leek;2010;19348.5;9567.5;9781.0;8285.0;4447.0;3838.0;8875.0;4436.0;4439.0;1069.5;204.0;865.5;1119.0;480.5;638.5
8464;Totaal;Leek;2011;19400.0;9613.0;9787.0;8296.5;4458.0;3838.5;8871.5;4439.0;4432.5;1076.0;211.5;864.5;1156.0;504.5;651.5
8465;Totaal;Leek;2012;19539.0;9690.5;9848.5;8385.5;4503.5;3882.0;8865.0;4440.0;4425.0;1100.5;225.0;875.5;1188.0;522.0;666.0
8466;Totaal;Leek;2013;19604.0;9705.0;9899.0;8431.5;4523.0;3908.5;8825.5;4417.0;4408.5;1113.0;229.0;884.0;1234.0;536.0;698.0
8467;Totaal;Leek;2014;19537.5;9645.0;9892.5;8409.0;4497.0;3912.0;8745.0;4369.5;4375.5;1104.0;227.5;876.5;1279.5;551.0;728.5
8468;Totaal;Leek;2015;19507.0;9600.5;9906.5;8435.5;4491.0;3944.5;8635.0;4313.0;4322.0;1116.5;233.0;883.5;1320.0;563.5;756.5
8469;Totaal;Leek;2016;19589.5;9647.5;9942.0;8514.5;4541.0;3973.5;8587.5;4291.0;4296.5;1139.0;243.5;895.5;1348.5;572.0;776.5
8470;Totaal;Leende;1995;4159.5;2134.0;2025.5;1633.0;937.0;696.0;2219.0;1108.5;1110.5;209.0;39.0;170.0;98.5;49.5;49.0
8471;Totaal;Leende;1996;4184.0;2138.0;2046.0;1648.0;938.0;710.0;2219.0;1108.5;1110.5;216.0;41.0;175.0;101.0;50.5;50.5
8472;Totaal;Leende;1997;;;;;;;;;;;;;;;
8473;Totaal;Leende;1998;;;;;;;;;;;;;;;
8474;Totaal;Leende;1999;;;;;;;;;;;;;;;
8475;Totaal;Leende;2000;;;;;;;;;;;;;;;
8476;Totaal;Leende;2001;;;;;;;;;;;;;;;
8477;Totaal;Leende;2002;;;;;;;;;;;;;;;
8478;Totaal;Leende;2003;;;;;;;;;;;;;;;
8479;Totaal;Leende;2004;;;;;;;;;;;;;;;
8480;Totaal;Leende;2005;;;;;;;;;;;;;;;
8481;Totaal;Leende;2006;;;;;;;;;;;;;;;
8482;Totaal;Leende;2007;;;;;;;;;;;;;;;
8483;Totaal;Leende;2008;;;;;;;;;;;;;;;
8484;Totaal;Leende;2009;;;;;;;;;;;;;;;
8485;Totaal;Leende;2010;;;;;;;;;;;;;;;
8486;Totaal;Leende;2011;;;;;;;;;;;;;;;
8487;Totaal;Leende;2012;;;;;;;;;;;;;;;
8488;Totaal;Leende;2013;;;;;;;;;;;;;;;
8489;Totaal;Leende;2014;;;;;;;;;;;;;;;
8490;Totaal;Leende;2015;;;;;;;;;;;;;;;
8491;Totaal;Leende;2016;;;;;;;;;;;;;;;
8492;Totaal;Leerdam;1995;20631.0;10223.0;10408.0;8644.0;4693.0;3951.0;10082.5;5048.0;5034.5;1218.0;176.0;1042.0;686.5;306.0;380.5
8493;Totaal;Leerdam;1996;20706.0;10257.0;10449.0;8680.5;4711.0;3969.5;10091.5;5049.0;5042.5;1219.5;184.5;1035.0;714.5;312.5;402.0
8494;Totaal;Leerdam;1997;20741.5;10274.0;10467.5;8666.0;4704.0;3962.0;10094.5;5049.0;5045.5;1223.5;195.0;1028.5;757.5;326.0;431.5
8495;Totaal;Leerdam;1998;20765.5;10288.0;10477.5;8656.5;4705.0;3951.5;10071.5;5039.0;5032.5;1221.5;201.5;1020.0;816.0;342.5;473.5
8496;Totaal;Leerdam;1999;20733.5;10258.0;10475.5;8637.0;4679.5;3957.5;10030.5;5019.5;5011.0;1229.0;211.0;1018.0;837.0;348.0;489.0
8497;Totaal;Leerdam;2000;20791.0;10287.0;10504.0;8679.0;4691.5;3987.5;10036.5;5031.5;5005.0;1244.5;218.0;1026.5;831.0;346.0;485.0
8498;Totaal;Leerdam;2001;20952.0;10366.0;10586.0;8810.5;4761.5;4049.0;10035.0;5029.0;5006.0;1259.5;223.5;1036.0;847.0;352.0;495.0
8499;Totaal;Leerdam;2002;21050.0;10400.0;10650.0;8909.0;4804.0;4105.0;10002.0;5003.0;4999.0;1256.0;228.5;1027.5;883.0;364.5;518.5
8500;Totaal;Leerdam;2003;21062.0;10393.0;10669.0;8947.0;4809.5;4137.5;9961.0;4981.0;4980.0;1243.0;227.0;1016.0;911.0;375.5;535.5
8501;Totaal;Leerdam;2004;21003.0;10350.5;10652.5;8934.0;4798.5;4135.5;9902.5;4949.0;4953.5;1247.0;222.5;1024.5;919.5;380.5;539.0
8502;Totaal;Leerdam;2005;20882.5;10291.0;10591.5;8896.5;4776.5;4120.0;9784.5;4893.0;4891.5;1246.5;225.5;1021.0;955.0;396.0;559.0
8503;Totaal;Leerdam;2006;20748.5;10220.0;10528.5;8844.0;4738.5;4105.5;9651.5;4836.0;4815.5;1248.0;231.0;1017.0;1005.0;414.5;590.5
8504;Totaal;Leerdam;2007;20656.0;10159.0;10497.0;8791.0;4707.0;4084.0;9582.0;4802.0;4780.0;1259.5;235.5;1024.0;1023.5;414.5;609.0
8505;Totaal;Leerdam;2008;20678.0;10157.5;10520.5;8810.5;4713.5;4097.0;9539.0;4777.0;4762.0;1277.5;243.0;1034.5;1051.0;424.0;627.0
8506;Totaal;Leerdam;2009;20738.5;10173.0;10565.5;8854.0;4723.0;4131.0;9478.0;4749.0;4729.0;1292.0;248.5;1043.5;1114.5;452.5;662.0
8507;Totaal;Leerdam;2010;20718.5;10158.0;10560.5;8849.5;4712.0;4137.5;9411.5;4718.5;4693.0;1293.5;251.5;1042.0;1164.0;476.0;688.0
8508;Totaal;Leerdam;2011;20678.0;10151.0;10527.0;8857.5;4728.5;4129.0;9339.5;4679.0;4660.5;1297.0;258.0;1039.0;1184.0;485.5;698.5
8509;Totaal;Leerdam;2012;20691.0;10161.0;10530.0;8923.5;4769.0;4154.5;9278.5;4644.0;4634.5;1293.0;266.0;1027.0;1196.0;482.0;714.0
8510;Totaal;Leerdam;2013;20654.0;10134.5;10519.5;8950.5;4777.5;4173.0;9218.5;4609.0;4609.5;1277.5;269.0;1008.5;1207.5;479.0;728.5
8511;Totaal;Leerdam;2014;20579.0;10096.5;10482.5;8929.5;4775.5;4154.0;9150.0;4565.0;4585.0;1266.0;265.5;1000.5;1233.5;490.5;743.0
8512;Totaal;Leerdam;2015;20639.5;10137.0;10502.5;8973.0;4807.5;4165.5;9134.5;4556.0;4578.5;1247.5;259.5;988.0;1284.5;514.0;770.5
8513;Totaal;Leerdam;2016;20808.0;10227.5;10580.5;9074.0;4848.5;4225.5;9156.5;4570.0;4586.5;1239.5;267.0;972.5;1338.0;542.0;796.0
8514;Totaal;Leersum;1995;7026.0;3491.5;3534.5;2768.0;1530.5;1237.5;3569.0;1782.0;1787.0;414.5;63.0;351.5;274.5;116.0;158.5
8515;Totaal;Leersum;1996;7116.5;3546.5;3570.0;2798.0;1550.5;1247.5;3605.5;1800.0;1805.5;417.0;66.0;351.0;296.0;130.0;166.0
8516;Totaal;Leersum;1997;7222.5;3615.0;3607.5;2858.0;1594.0;1264.0;3638.0;1816.5;1821.5;419.0;69.5;349.5;307.5;135.0;172.5
8517;Totaal;Leersum;1998;7261.0;3626.0;3635.0;2887.5;1602.0;1285.5;3646.5;1825.0;1821.5;406.0;66.0;340.0;321.0;133.0;188.0
8518;Totaal;Leersum;1999;7297.5;3632.5;3665.0;2912.0;1611.0;1301.0;3648.0;1826.5;1821.5;413.0;64.5;348.5;324.5;130.5;194.0
8519;Totaal;Leersum;2000;7357.0;3651.5;3705.5;2937.0;1619.5;1317.5;3663.5;1832.0;1831.5;431.5;66.5;365.0;325.0;133.5;191.5
8520;Totaal;Leersum;2001;7405.0;3661.0;3744.0;2970.5;1628.0;1342.5;3658.0;1830.0;1828.0;434.0;63.5;370.5;342.5;139.5;203.0
8521;Totaal;Leersum;2002;7438.5;3675.5;3763.0;2988.5;1636.5;1352.0;3655.0;1829.5;1825.5;441.0;65.5;375.5;354.0;144.0;210.0
8522;Totaal;Leersum;2003;7481.5;3705.0;3776.5;3008.5;1648.0;1360.5;3663.0;1834.0;1829.0;448.5;71.5;377.0;361.5;151.5;210.0
8523;Totaal;Leersum;2004;7597.0;3778.5;3818.5;3108.5;1714.5;1394.0;3652.0;1830.5;1821.5;455.5;71.5;384.0;381.0;162.0;219.0
8524;Totaal;Leersum;2005;7599.5;3781.5;3818.0;3133.0;1733.5;1399.5;3610.5;1809.0;1801.5;453.5;68.0;385.5;402.5;171.0;231.5
8525;Totaal;Leersum;2006;;;;;;;;;;;;;;;
8526;Totaal;Leersum;2007;;;;;;;;;;;;;;;
8527;Totaal;Leersum;2008;;;;;;;;;;;;;;;
8528;Totaal;Leersum;2009;;;;;;;;;;;;;;;
8529;Totaal;Leersum;2010;;;;;;;;;;;;;;;
8530;Totaal;Leersum;2011;;;;;;;;;;;;;;;
8531;Totaal;Leersum;2012;;;;;;;;;;;;;;;
8532;Totaal;Leersum;2013;;;;;;;;;;;;;;;
8533;Totaal;Leersum;2014;;;;;;;;;;;;;;;
8534;Totaal;Leersum;2015;;;;;;;;;;;;;;;
8535;Totaal;Leersum;2016;;;;;;;;;;;;;;;
8536;Totaal;Leeuwarden;1995;88092.0;42919.0;45173.0;42219.0;22206.5;20012.5;34640.0;17337.0;17303.0;5758.0;1001.0;4757.0;5475.0;2374.5;3100.5
8537;Totaal;Leeuwarden;1996;88382.0;43093.0;45289.0;42863.0;22548.5;20314.5;34105.5;17069.0;17036.5;5736.0;1007.5;4728.5;5677.5;2468.0;3209.5
8538;Totaal;Leeuwarden;1997;88538.0;43151.0;45387.0;43485.5;22832.0;20653.5;33476.0;16755.5;16720.5;5708.0;1003.5;4704.5;5868.5;2560.0;3308.5
8539;Totaal;Leeuwarden;1998;88656.5;43202.5;45454.0;44013.5;23061.0;20952.5;32966.5;16511.5;16455.0;5609.0;1005.0;4604.0;6067.5;2625.0;3442.5
8540;Totaal;Leeuwarden;1999;88824.5;43293.5;45531.0;44518.5;23313.0;21205.5;32582.0;16314.0;16268.0;5560.5;1010.0;4550.5;6163.5;2656.5;3507.0
8541;Totaal;Leeuwarden;2000;89170.0;43464.5;45705.5;45161.5;23634.0;21527.5;32229.5;16123.0;16106.5;5585.5;1023.5;4562.0;6193.5;2684.0;3509.5
8542;Totaal;Leeuwarden;2001;89984.5;43843.0;46141.5;46101.5;24040.5;22061.0;32006.5;16007.0;15999.5;5525.5;1034.0;4491.5;6351.0;2761.5;3589.5
8543;Totaal;Leeuwarden;2002;90900.0;44292.5;46607.5;47003.5;24443.0;22560.5;31918.5;15960.0;15958.5;5458.0;1036.5;4421.5;6520.0;2853.0;3667.0
8544;Totaal;Leeuwarden;2003;91319.0;44515.5;46803.5;47597.5;24742.0;22855.5;31778.0;15890.5;15887.5;5388.0;1025.5;4362.5;6555.5;2857.5;3698.0
8545;Totaal;Leeuwarden;2004;91551.5;44693.5;46858.0;48119.0;25022.0;23097.0;31563.5;15786.5;15777.0;5302.5;1030.0;4272.5;6566.5;2855.0;3711.5
8546;Totaal;Leeuwarden;2005;91783.0;44850.5;46932.5;48567.0;25249.0;23318.0;31340.0;15665.5;15674.5;5231.0;1043.5;4187.5;6645.0;2892.5;3752.5
8547;Totaal;Leeuwarden;2006;92079.5;44970.5;47109.0;48939.0;25393.5;23545.5;31262.0;15618.5;15643.5;5131.0;1034.5;4096.5;6747.5;2924.0;3823.5
8548;Totaal;Leeuwarden;2007;92603.0;45266.5;47336.5;49449.0;25643.5;23805.5;31301.5;15643.5;15658.0;5024.5;1030.5;3994.0;6828.0;2949.0;3879.0
8549;Totaal;Leeuwarden;2008;93181.0;45554.5;47626.5;50055.0;25923.0;24132.0;31314.5;15652.5;15662.0;4945.5;1032.5;3913.0;6866.0;2946.5;3919.5
8550;Totaal;Leeuwarden;2009;93785.5;45792.5;47993.0;50376.5;26023.5;24353.0;31281.0;15634.5;15646.5;4890.5;1029.0;3861.5;7237.5;3105.5;4132.0
8551;Totaal;Leeuwarden;2010;94455.5;46160.5;48295.0;50743.0;26227.5;24515.5;31160.0;15573.5;15586.5;4889.0;1033.5;3855.5;7663.5;3326.0;4337.5
8552;Totaal;Leeuwarden;2011;95079.5;46566.0;48513.5;51354.5;26608.0;24746.5;31047.5;15517.0;15530.5;4883.5;1042.5;3841.0;7794.0;3398.5;4395.5
8553;Totaal;Leeuwarden;2012;95635.0;46922.0;48713.0;51884.5;26950.0;24934.5;30989.0;15486.5;15502.5;4834.0;1033.0;3801.0;7927.5;3452.5;4475.0
8554;Totaal;Leeuwarden;2013;96133.5;47260.0;48873.5;52484.5;27333.5;25151.0;30803.0;15392.5;15410.5;4776.5;1022.5;3754.0;8069.5;3511.5;4558.0
8555;Totaal;Leeuwarden;2014;107516.5;53108.5;54408.0;58122.5;30433.5;27689.0;35120.5;17547.0;17573.5;5246.5;1165.0;4081.5;9027.0;3963.0;5064.0
8556;Totaal;Leeuwarden;2015;107794.0;53335.5;54458.5;58625.5;30750.5;27875.0;34816.0;17392.5;17423.5;5164.0;1151.5;4012.5;9188.5;4041.0;5147.5
8557;Totaal;Leeuwarden;2016;108282.0;53619.0;54663.0;59209.5;31084.5;28125.0;34587.5;17271.5;17316.0;5131.5;1158.0;3973.5;9353.5;4105.0;5248.5
8558;Totaal;Leeuwarderadeel;1995;9858.0;5019.5;4838.5;4304.0;2387.5;1916.5;4908.0;2449.0;2459.0;420.0;81.0;339.0;226.0;102.0;124.0
8559;Totaal;Leeuwarderadeel;1996;10011.5;5093.0;4918.5;4399.0;2436.0;1963.0;4944.0;2467.0;2477.0;427.5;82.5;345.0;241.0;107.5;133.5
8560;Totaal;Leeuwarderadeel;1997;10131.0;5141.5;4989.5;4442.0;2449.0;1993.0;5007.5;2502.0;2505.5;427.5;79.5;348.0;254.0;111.0;143.0
8561;Totaal;Leeuwarderadeel;1998;10323.5;5220.0;5103.5;4509.5;2467.0;2042.5;5119.0;2555.5;2563.5;420.5;78.5;342.0;274.5;119.0;155.5
8562;Totaal;Leeuwarderadeel;1999;10486.0;5289.5;5196.5;4587.0;2494.0;2093.0;5176.5;2582.0;2594.5;421.0;79.0;342.0;301.5;134.5;167.0
8563;Totaal;Leeuwarderadeel;2000;10612.0;5353.5;5258.5;4654.0;2527.5;2126.5;5204.0;2597.0;2607.0;427.0;80.0;347.0;327.0;149.0;178.0
8564;Totaal;Leeuwarderadeel;2001;10653.0;5359.0;5294.0;4677.0;2527.5;2149.5;5198.5;2594.0;2604.5;429.0;79.5;349.5;348.5;158.0;190.5
8565;Totaal;Leeuwarderadeel;2002;10643.0;5342.0;5301.0;4675.5;2520.0;2155.5;5175.5;2583.5;2592.0;428.0;75.0;353.0;364.0;163.5;200.5
8566;Totaal;Leeuwarderadeel;2003;10618.0;5331.5;5286.5;4653.0;2513.5;2139.5;5164.0;2582.5;2581.5;428.0;69.5;358.5;373.0;166.0;207.0
8567;Totaal;Leeuwarderadeel;2004;10571.5;5309.0;5262.5;4617.5;2498.0;2119.5;5133.5;2571.0;2562.5;433.5;68.5;365.0;387.0;171.5;215.5
8568;Totaal;Leeuwarderadeel;2005;10518.0;5286.5;5231.5;4589.0;2485.5;2103.5;5092.5;2550.5;2542.0;438.0;72.0;366.0;398.5;178.5;220.0
8569;Totaal;Leeuwarderadeel;2006;10452.5;5263.0;5189.5;4565.5;2479.0;2086.5;5040.0;2523.5;2516.5;441.5;76.5;365.0;405.5;184.0;221.5
8570;Totaal;Leeuwarderadeel;2007;10397.5;5247.0;5150.5;4535.0;2476.0;2059.0;5001.0;2503.0;2498.0;445.0;79.0;366.0;416.5;189.0;227.5
8571;Totaal;Leeuwarderadeel;2008;10370.5;5234.0;5136.5;4524.0;2471.0;2053.0;4966.5;2484.5;2482.0;447.5;81.0;366.5;432.5;197.5;235.0
8572;Totaal;Leeuwarderadeel;2009;10396.5;5248.5;5148.0;4527.5;2472.5;2055.0;4930.5;2464.0;2466.5;459.0;86.5;372.5;479.5;225.5;254.0
8573;Totaal;Leeuwarderadeel;2010;10406.0;5250.0;5156.0;4503.0;2461.0;2042.0;4914.5;2455.0;2459.5;474.0;92.0;382.0;514.5;242.0;272.5
8574;Totaal;Leeuwarderadeel;2011;10354.5;5216.0;5138.5;4459.0;2437.5;2021.5;4905.5;2451.5;2454.0;476.0;93.0;383.0;514.0;234.0;280.0
8575;Totaal;Leeuwarderadeel;2012;10323.0;5197.0;5126.0;4432.5;2416.5;2016.0;4890.0;2446.5;2443.5;476.0;100.0;376.0;524.5;234.0;290.5
8576;Totaal;Leeuwarderadeel;2013;10296.0;5161.5;5134.5;4408.5;2375.0;2033.5;4866.0;2438.0;2428.0;482.0;108.0;374.0;539.5;240.5;299.0
8577;Totaal;Leeuwarderadeel;2014;10249.5;5117.0;5132.5;4355.5;2329.0;2026.5;4833.5;2420.0;2413.5;499.0;112.0;387.0;561.5;256.0;305.5
8578;Totaal;Leeuwarderadeel;2015;10198.0;5086.0;5112.0;4311.0;2307.5;2003.5;4782.0;2389.5;2392.5;521.5;120.5;401.0;583.5;268.5;315.0
8579;Totaal;Leeuwarderadeel;2016;10141.5;5058.0;5083.5;4290.5;2301.5;1989.0;4727.5;2358.5;2369.0;528.0;127.0;401.0;595.5;271.0;324.5
8580;Totaal;Leiden;1995;115833.0;56167.5;59665.5;60088.5;30620.0;29468.5;43242.5;21688.5;21554.0;6073.0;1124.0;4949.0;6429.0;2735.0;3694.0
8581;Totaal;Leiden;1996;116632.5;56640.5;59992.0;61355.5;31358.5;29997.0;42735.0;21406.0;21329.0;6012.0;1111.5;4900.5;6530.0;2764.5;3765.5
8582;Totaal;Leiden;1997;117006.5;56918.0;60088.5;61903.0;31730.0;30173.0;42402.0;21244.5;21157.5;5990.5;1106.5;4884.0;6711.0;2837.0;3874.0
8583;Totaal;Leiden;1998;117180.5;57061.5;60119.0;62411.5;32031.0;30380.5;42003.5;21036.5;20967.0;5860.0;1091.5;4768.5;6905.5;2902.5;4003.0
8584;Totaal;Leiden;1999;117290.0;57152.5;60137.5;62892.5;32296.5;30596.0;41637.0;20842.5;20794.5;5784.5;1086.5;4698.0;6976.0;2927.0;4049.0
8585;Totaal;Leiden;2000;117106.5;57098.0;60008.5;63076.5;32427.0;30649.5;41291.5;20664.5;20627.0;5793.5;1090.0;4703.5;6945.0;2916.5;4028.5
8586;Totaal;Leiden;2001;117096.0;57161.5;59934.5;63372.5;32624.0;30748.5;40925.5;20493.0;20432.5;5725.5;1083.5;4642.0;7072.5;2961.0;4111.5
8587;Totaal;Leiden;2002;117429.5;57401.5;60028.0;63958.5;32940.5;31018.0;40605.5;20351.0;20254.5;5663.0;1089.5;4573.5;7202.5;3020.5;4182.0
8588;Totaal;Leiden;2003;118195.5;57724.0;60471.5;64828.0;33291.5;31536.5;40470.0;20286.0;20184.0;5623.0;1103.0;4520.0;7274.5;3043.5;4231.0
8589;Totaal;Leiden;2004;118632.5;57841.5;60791.0;65438.5;33486.5;31952.0;40302.5;20191.5;20111.0;5537.5;1095.0;4442.5;7354.0;3068.5;4285.5
8590;Totaal;Leiden;2005;118316.0;57662.0;60654.0;65533.5;33482.0;32051.5;39912.0;19990.5;19921.5;5435.0;1082.0;4353.0;7435.5;3107.5;4328.0
8591;Totaal;Leiden;2006;117777.0;57407.5;60369.5;65466.5;33416.5;32050.0;39434.5;19766.5;19668.0;5343.5;1073.0;4270.5;7532.5;3151.5;4381.0
8592;Totaal;Leiden;2007;117181.5;57105.0;60076.5;65486.5;33387.0;32099.5;38824.0;19464.5;19359.5;5272.0;1078.0;4194.0;7599.0;3175.5;4423.5
8593;Totaal;Leiden;2008;116832.5;56927.5;59905.0;65613.0;33402.0;32211.0;38349.0;19241.0;19108.0;5193.0;1079.0;4114.0;7677.5;3205.5;4472.0
8594;Totaal;Leiden;2009;116955.0;56996.0;59959.0;65712.5;33403.5;32309.0;38239.5;19208.5;19031.0;5085.0;1055.0;4030.0;7918.0;3329.0;4589.0
8595;Totaal;Leiden;2010;117519.0;57300.5;60218.5;66220.0;33650.0;32570.0;38185.0;19168.0;19017.0;5001.0;1045.0;3956.0;8113.0;3437.5;4675.5
8596;Totaal;Leiden;2011;118331.5;57687.5;60644.0;67178.5;34103.0;33075.5;38113.5;19108.5;19005.0;4909.5;1037.0;3872.5;8130.0;3439.0;4691.0
8597;Totaal;Leiden;2012;119274.0;58038.0;61236.0;68242.0;34493.0;33749.0;38038.0;19076.0;18962.0;4804.5;1015.0;3789.5;8189.5;3454.0;4735.5
8598;Totaal;Leiden;2013;120481.5;58558.5;61923.0;69523.5;35008.5;34515.0;37947.5;19048.0;18899.5;4721.5;1004.0;3717.5;8289.0;3498.0;4791.0
8599;Totaal;Leiden;2014;121362.5;58986.5;62376.0;70594.5;35499.0;35095.5;37709.0;18924.5;18784.5;4667.5;1008.5;3659.0;8391.5;3554.5;4837.0
8600;Totaal;Leiden;2015;122061.5;59354.5;62707.0;71590.5;35973.0;35617.5;37376.0;18768.0;18608.0;4602.0;1011.0;3591.0;8493.0;3602.5;4890.5
8601;Totaal;Leiden;2016;123111.0;59846.0;63265.0;72775.5;36501.0;36274.5;37164.0;18663.0;18501.0;4551.5;1029.5;3522.0;8620.0;3652.5;4967.5
8602;Totaal;Leiderdorp;1995;23654.0;11472.0;12182.0;9874.5;5075.5;4799.0;11511.5;5757.0;5754.5;1133.0;185.0;948.0;1135.0;454.5;680.5
8603;Totaal;Leiderdorp;1996;23580.0;11421.5;12158.5;9861.0;5069.5;4791.5;11411.0;5703.5;5707.5;1150.0;191.5;958.5;1158.0;457.0;701.0
8604;Totaal;Leiderdorp;1997;23848.0;11546.0;12302.0;10018.0;5152.0;4866.0;11448.0;5725.5;5722.5;1200.0;207.0;993.0;1182.0;461.5;720.5
8605;Totaal;Leiderdorp;1998;24452.5;11836.5;12616.0;10318.5;5303.0;5015.5;11660.0;5833.5;5826.5;1222.0;215.5;1006.5;1252.0;484.5;767.5
8606;Totaal;Leiderdorp;1999;25049.0;12134.0;12915.0;10617.5;5451.0;5166.5;11886.5;5949.5;5937.0;1231.5;222.0;1009.5;1313.5;511.5;802.0
8607;Totaal;Leiderdorp;2000;25729.0;12484.5;13244.5;10984.0;5652.0;5332.0;12142.5;6074.0;6068.5;1258.5;232.0;1026.5;1344.0;526.5;817.5
8608;Totaal;Leiderdorp;2001;26444.0;12882.5;13561.5;11398.0;5913.0;5485.0;12344.5;6169.0;6175.5;1287.0;246.0;1041.0;1414.5;554.5;860.0
8609;Totaal;Leiderdorp;2002;26555.5;12961.0;13594.5;11473.0;5971.0;5502.0;12326.0;6157.0;6169.0;1282.0;249.5;1032.5;1474.5;583.5;891.0
8610;Totaal;Leiderdorp;2003;26292.0;12815.5;13476.5;11281.5;5862.5;5419.0;12239.5;6113.5;6126.0;1254.5;241.5;1013.0;1516.5;598.0;918.5
8611;Totaal;Leiderdorp;2004;26168.0;12745.5;13422.5;11205.0;5826.5;5378.5;12141.0;6065.0;6076.0;1260.0;244.0;1016.0;1562.0;610.0;952.0
8612;Totaal;Leiderdorp;2005;26072.0;12675.0;13397.0;11158.5;5803.5;5355.0;11995.5;5988.5;6007.0;1297.0;254.5;1042.5;1621.0;628.5;992.5
8613;Totaal;Leiderdorp;2006;26033.5;12625.5;13408.0;11170.5;5805.0;5365.5;11849.5;5914.5;5935.0;1330.5;263.5;1067.0;1683.0;642.5;1040.5
8614;Totaal;Leiderdorp;2007;26226.5;12719.0;13507.5;11322.0;5884.0;5438.0;11853.5;5920.5;5933.0;1337.5;267.5;1070.0;1713.5;647.0;1066.5
8615;Totaal;Leiderdorp;2008;26423.0;12800.5;13622.5;11466.0;5948.5;5517.5;11879.5;5929.0;5950.5;1337.5;267.5;1070.0;1740.0;655.5;1084.5
8616;Totaal;Leiderdorp;2009;26448.0;12791.0;13657.0;11465.5;5944.0;5521.5;11805.5;5885.0;5920.5;1358.5;275.0;1083.5;1818.5;687.0;1131.5
8617;Totaal;Leiderdorp;2010;26517.5;12827.0;13690.5;11488.0;5973.5;5514.5;11742.5;5849.0;5893.5;1394.5;288.0;1106.5;1892.5;716.5;1176.0
8618;Totaal;Leiderdorp;2011;26657.5;12876.5;13781.0;11575.5;6019.0;5556.5;11733.5;5840.0;5893.5;1424.0;291.0;1133.0;1924.5;726.5;1198.0
8619;Totaal;Leiderdorp;2012;26724.5;12898.0;13826.5;11597.0;6024.5;5572.5;11742.0;5846.0;5896.0;1438.5;294.0;1144.5;1947.0;733.5;1213.5
8620;Totaal;Leiderdorp;2013;26778.0;12925.5;13852.5;11640.5;6041.5;5599.0;11716.5;5833.5;5883.0;1457.0;306.5;1150.5;1964.0;744.0;1220.0
8621;Totaal;Leiderdorp;2014;26833.0;12937.5;13895.5;11685.5;6058.5;5627.0;11672.0;5806.0;5866.0;1486.5;317.5;1169.0;1989.0;755.5;1233.5
8622;Totaal;Leiderdorp;2015;26910.5;12976.5;13934.0;11772.5;6116.5;5656.0;11611.0;5769.5;5841.5;1507.0;320.0;1187.0;2020.0;770.5;1249.5
8623;Totaal;Leiderdorp;2016;27048.0;13077.5;13970.5;11941.0;6226.0;5715.0;11548.5;5743.5;5805.0;1520.0;321.5;1198.5;2038.5;786.5;1252.0
8624;Totaal;Leidschendam;1995;34459.5;16855.0;17604.5;14440.0;7650.0;6790.0;16414.5;8196.5;8218.0;1966.5;342.0;1624.5;1638.5;666.5;972.0
8625;Totaal;Leidschendam;1996;34539.5;16861.0;17678.5;14472.0;7650.5;6821.5;16355.5;8165.5;8190.0;1999.0;353.5;1645.5;1713.0;691.5;1021.5
8626;Totaal;Leidschendam;1997;34622.5;16870.0;17752.5;14453.0;7631.5;6821.5;16338.0;8153.5;8184.5;2041.0;375.0;1666.0;1790.5;710.0;1080.5
8627;Totaal;Leidschendam;1998;35498.5;17298.0;18200.5;14819.5;7829.5;6990.0;16711.5;8341.0;8370.5;2052.5;394.5;1658.0;1915.0;733.0;1182.0
8628;Totaal;Leidschendam;1999;36885.5;17957.0;18928.5;15468.5;8152.0;7316.5;17298.0;8631.5;8666.5;2087.5;396.5;1691.0;2031.5;777.0;1254.5
8629;Totaal;Leidschendam;2000;38519.5;18720.0;19799.5;16324.0;8554.0;7770.0;17875.5;8916.5;8959.0;2153.0;396.5;1756.5;2167.0;853.0;1314.0
8630;Totaal;Leidschendam;2001;41376.0;20095.0;21281.0;17872.0;9318.0;8554.0;18852.5;9396.0;9456.5;2216.0;406.5;1809.5;2435.5;974.5;1461.0
8631;Totaal;Leidschendam;2002;;;;;;;;;;;;;;;
8632;Totaal;Leidschendam;2003;;;;;;;;;;;;;;;
8633;Totaal;Leidschendam;2004;;;;;;;;;;;;;;;
8634;Totaal;Leidschendam;2005;;;;;;;;;;;;;;;
8635;Totaal;Leidschendam;2006;;;;;;;;;;;;;;;
8636;Totaal;Leidschendam;2007;;;;;;;;;;;;;;;
8637;Totaal;Leidschendam;2008;;;;;;;;;;;;;;;
8638;Totaal;Leidschendam;2009;;;;;;;;;;;;;;;
8639;Totaal;Leidschendam;2010;;;;;;;;;;;;;;;
8640;Totaal;Leidschendam;2011;;;;;;;;;;;;;;;
8641;Totaal;Leidschendam;2012;;;;;;;;;;;;;;;
8642;Totaal;Leidschendam;2013;;;;;;;;;;;;;;;
8643;Totaal;Leidschendam;2014;;;;;;;;;;;;;;;
8644;Totaal;Leidschendam;2015;;;;;;;;;;;;;;;
8645;Totaal;Leidschendam;2016;;;;;;;;;;;;;;;
8646;Totaal;Leidschendam-Voorburg;1995;;;;;;;;;;;;;;;
8647;Totaal;Leidschendam-Voorburg;1996;;;;;;;;;;;;;;;
8648;Totaal;Leidschendam-Voorburg;1997;;;;;;;;;;;;;;;
8649;Totaal;Leidschendam-Voorburg;1998;;;;;;;;;;;;;;;
8650;Totaal;Leidschendam-Voorburg;1999;;;;;;;;;;;;;;;
8651;Totaal;Leidschendam-Voorburg;2000;;;;;;;;;;;;;;;
8652;Totaal;Leidschendam-Voorburg;2001;;;;;;;;;;;;;;;
8653;Totaal;Leidschendam-Voorburg;2002;73916.0;35277.0;38639.0;31526.0;16352.0;15174.0;32147.0;16026.0;16121.0;5077.0;863.5;4213.5;5166.0;2035.5;3130.5
8654;Totaal;Leidschendam-Voorburg;2003;73789.5;35245.0;38544.5;31668.0;16435.0;15233.0;31810.0;15879.0;15931.0;5085.5;878.5;4207.0;5226.0;2052.5;3173.5
8655;Totaal;Leidschendam-Voorburg;2004;73812.5;35239.0;38573.5;31850.5;16496.0;15354.5;31571.0;15767.5;15803.5;5094.0;900.0;4194.0;5297.0;2075.5;3221.5
8656;Totaal;Leidschendam-Voorburg;2005;73452.0;35043.0;38409.0;31851.0;16482.0;15369.0;31130.5;15543.0;15587.5;5086.5;910.5;4176.0;5384.0;2107.5;3276.5
8657;Totaal;Leidschendam-Voorburg;2006;72967.5;34811.0;38156.5;31857.0;16478.0;15379.0;30628.5;15295.0;15333.5;5037.5;907.5;4130.0;5444.5;2130.5;3314.0
8658;Totaal;Leidschendam-Voorburg;2007;72843.0;34774.0;38069.0;32103.0;16597.0;15506.0;30270.0;15122.5;15147.5;4974.5;906.5;4068.0;5495.5;2148.0;3347.5
8659;Totaal;Leidschendam-Voorburg;2008;72779.5;34785.5;37994.0;32360.5;16737.0;15623.5;29958.0;14971.5;14986.5;4908.0;904.0;4004.0;5553.0;2173.0;3380.0
8660;Totaal;Leidschendam-Voorburg;2009;72428.5;34619.0;37809.5;32252.0;16669.5;15582.5;29636.5;14804.0;14832.5;4838.0;893.5;3944.5;5702.0;2252.0;3450.0
8661;Totaal;Leidschendam-Voorburg;2010;72114.0;34454.5;37659.5;32127.0;16566.5;15560.5;29383.0;14679.5;14703.5;4752.5;885.0;3867.5;5851.5;2323.5;3528.0
8662;Totaal;Leidschendam-Voorburg;2011;72236.5;34532.5;37704.0;32348.0;16663.0;15685.0;29266.0;14628.0;14638.0;4680.5;883.5;3797.0;5942.0;2358.0;3584.0
8663;Totaal;Leidschendam-Voorburg;2012;72496.5;34667.0;37829.5;32590.5;16785.0;15805.5;29165.5;14577.5;14588.0;4656.5;893.0;3763.5;6084.0;2411.5;3672.5
8664;Totaal;Leidschendam-Voorburg;2013;72972.0;34902.5;38069.5;33058.0;17016.0;16042.0;29106.0;14540.5;14565.5;4591.5;891.0;3700.5;6216.5;2455.0;3761.5
8665;Totaal;Leidschendam-Voorburg;2014;73667.5;35271.5;38396.0;33714.0;17353.5;16360.5;29061.0;14513.0;14548.0;4526.0;889.0;3637.0;6366.5;2516.0;3850.5
8666;Totaal;Leidschendam-Voorburg;2015;74101.0;35528.5;38572.5;34156.0;17601.5;16554.5;28953.5;14462.5;14491.0;4492.0;894.5;3597.5;6499.5;2570.0;3929.5
8667;Totaal;Leidschendam-Voorburg;2016;74413.5;35711.5;38702.0;34519.5;17795.5;16724.0;28809.0;14403.0;14406.0;4460.0;895.0;3565.0;6625.0;2618.0;4007.0
8668;Totaal;Lelystad;1995;60714.5;30118.5;30596.0;27537.0;14691.5;12845.5;25972.0;12973.5;12998.5;2492.5;483.5;2009.0;4713.0;1970.0;2743.0
8669;Totaal;Lelystad;1996;60632.0;30056.0;30576.0;27559.0;14681.5;12877.5;25686.0;12837.0;12849.0;2526.0;496.0;2030.0;4861.0;2041.5;2819.5
8670;Totaal;Lelystad;1997;60719.5;30113.0;30606.5;27608.0;14710.0;12898.0;25562.0;12785.5;12776.5;2564.0;517.5;2046.5;4985.5;2100.0;2885.5
8671;Totaal;Lelystad;1998;61213.5;30376.0;30837.5;27800.5;14819.5;12981.0;25726.0;12873.0;12853.0;2515.5;526.5;1989.0;5171.5;2157.0;3014.5
8672;Totaal;Lelystad;1999;62321.5;30968.5;31353.0;28316.0;15113.0;13203.0;26201.0;13112.5;13088.5;2525.0;534.5;1990.5;5279.5;2208.5;3071.0
8673;Totaal;Lelystad;2000;63883.0;31768.5;32114.5;29128.0;15534.5;13593.5;26821.0;13414.5;13406.5;2634.5;555.5;2079.0;5299.5;2264.0;3035.5
8674;Totaal;Lelystad;2001;65564.0;32576.0;32988.0;30081.0;15996.5;14084.5;27412.5;13708.5;13704.0;2671.0;566.0;2105.0;5399.5;2305.0;3094.5
8675;Totaal;Lelystad;2002;67507.5;33548.0;33959.5;31208.5;16570.5;14638.0;28073.5;14049.5;14024.0;2691.0;568.5;2122.5;5534.5;2359.5;3175.0
8676;Totaal;Lelystad;2003;69097.5;34348.0;34749.5;32046.5;16999.0;15047.5;28665.5;14351.0;14314.5;2707.0;573.0;2134.0;5678.5;2425.0;3253.5
8677;Totaal;Lelystad;2004;70250.0;34942.5;35307.5;32683.0;17333.5;15349.5;28982.0;14510.5;14471.5;2724.5;589.0;2135.5;5860.5;2509.5;3351.0
8678;Totaal;Lelystad;2005;71153.5;35383.0;35770.5;33231.5;17604.0;15627.5;29189.5;14616.0;14573.5;2727.0;597.5;2129.5;6005.5;2565.5;3440.0
8679;Totaal;Lelystad;2006;71849.5;35706.5;36143.0;33657.5;17814.5;15843.0;29388.5;14711.5;14677.0;2737.5;604.5;2133.0;6066.0;2576.0;3490.0
8680;Totaal;Lelystad;2007;72657.5;36148.5;36509.0;34229.0;18142.5;16086.5;29526.0;14780.0;14746.0;2747.5;617.0;2130.5;6155.0;2609.0;3546.0
8681;Totaal;Lelystad;2008;73455.5;36629.0;36826.5;34774.5;18478.0;16296.5;29707.5;14883.5;14824.0;2747.0;630.0;2117.0;6226.5;2637.5;3589.0
8682;Totaal;Lelystad;2009;74238.0;37076.0;37162.0;35087.5;18684.5;16403.0;29921.0;14997.0;14924.0;2769.5;644.5;2125.0;6460.0;2750.0;3710.0
8683;Totaal;Lelystad;2010;74869.5;37395.5;37474.0;35321.0;18804.0;16517.0;29995.0;15041.0;14954.0;2817.5;669.0;2148.5;6736.0;2881.5;3854.5
8684;Totaal;Lelystad;2011;75211.5;37534.0;37677.5;35563.0;18883.5;16679.5;29982.0;15041.5;14940.5;2860.5;692.5;2168.0;6806.0;2916.5;3889.5
8685;Totaal;Lelystad;2012;75545.0;37686.0;37859.0;35840.0;19009.0;16831.0;29945.0;15024.5;14920.5;2889.5;712.5;2177.0;6870.5;2940.0;3930.5
8686;Totaal;Lelystad;2013;75960.0;37914.0;38046.0;36163.0;19196.0;16967.0;29879.0;14994.0;14885.0;2908.5;729.5;2179.0;7009.5;2994.5;4015.0
8687;Totaal;Lelystad;2014;76280.0;38055.0;38225.0;36482.0;19343.0;17139.0;29697.0;14894.5;14802.5;2924.0;735.0;2189.0;7177.0;3082.5;4094.5
8688;Totaal;Lelystad;2015;76605.0;38237.5;38367.5;36858.0;19544.0;17314.0;29503.0;14793.0;14710.0;2947.5;746.0;2201.5;7296.5;3154.5;4142.0
8689;Totaal;Lelystad;2016;76864.5;38463.5;38401.0;37135.0;19756.5;17378.5;29409.5;14752.0;14657.5;2960.5;753.0;2207.5;7359.5;3202.0;4157.5
8690;Totaal;Lemsterland;1995;11888.0;6012.5;5875.5;5178.5;2858.0;2320.5;5641.5;2817.0;2824.5;616.0;122.0;494.0;452.0;215.5;236.5
8691;Totaal;Lemsterland;1996;11956.0;6051.5;5904.5;5185.5;2869.5;2316.0;5668.5;2830.5;2838.0;617.0;123.0;494.0;485.0;228.5;256.5
8692;Totaal;Lemsterland;1997;12139.0;6164.5;5974.5;5223.0;2906.0;2317.0;5789.5;2890.5;2899.0;608.0;121.0;487.0;518.5;247.0;271.5
8693;Totaal;Lemsterland;1998;12371.5;6297.0;6074.5;5262.5;2943.0;2319.5;5955.5;2975.5;2980.0;603.5;121.5;482.0;550.0;257.0;293.0
8694;Totaal;Lemsterland;1999;12537.0;6382.0;6155.0;5297.0;2968.5;2328.5;6048.5;3025.0;3023.5;611.5;125.0;486.5;580.0;263.5;316.5
8695;Totaal;Lemsterland;2000;12675.5;6440.5;6235.0;5382.0;3007.5;2374.5;6072.0;3038.0;3034.0;623.5;127.5;496.0;598.0;267.5;330.5
8696;Totaal;Lemsterland;2001;12849.0;6532.0;6317.0;5503.5;3079.0;2424.5;6103.0;3053.0;3050.0;628.0;126.5;501.5;614.5;273.5;341.0
8697;Totaal;Lemsterland;2002;13099.0;6670.0;6429.0;5680.0;3185.5;2494.5;6152.5;3080.5;3072.0;638.5;125.0;513.5;628.0;279.0;349.0
8698;Totaal;Lemsterland;2003;13291.5;6775.0;6516.5;5814.5;3253.0;2561.5;6201.0;3113.0;3088.0;647.5;130.0;517.5;628.5;279.0;349.5
8699;Totaal;Lemsterland;2004;13374.0;6825.0;6549.0;5833.0;3265.0;2568.0;6255.0;3143.0;3112.0;650.0;132.5;517.5;636.0;284.5;351.5
8700;Totaal;Lemsterland;2005;13405.5;6834.5;6571.0;5842.0;3265.0;2577.0;6248.0;3135.0;3113.0;654.0;132.0;522.0;661.5;302.5;359.0
8701;Totaal;Lemsterland;2006;13419.5;6835.0;6584.5;5860.5;3265.0;2595.5;6215.5;3117.0;3098.5;656.0;134.5;521.5;687.5;318.5;369.0
8702;Totaal;Lemsterland;2007;13432.0;6845.0;6587.0;5873.0;3276.0;2597.0;6201.0;3111.0;3090.0;648.5;134.0;514.5;709.5;324.0;385.5
8703;Totaal;Lemsterland;2008;13507.0;6885.0;6622.0;5920.0;3304.5;2615.5;6202.5;3112.5;3090.0;651.0;136.0;515.0;733.5;332.0;401.5
8704;Totaal;Lemsterland;2009;13603.5;6925.5;6678.0;5947.5;3316.0;2631.5;6203.5;3111.5;3092.0;669.0;139.5;529.5;783.5;358.5;425.0
8705;Totaal;Lemsterland;2010;13622.0;6924.0;6698.0;5924.0;3294.0;2630.0;6185.0;3099.0;3086.0;671.5;140.0;531.5;841.5;391.0;450.5
8706;Totaal;Lemsterland;2011;13592.5;6911.0;6681.5;5900.5;3279.5;2621.0;6154.5;3084.5;3070.0;667.0;140.5;526.5;870.5;406.5;464.0
8707;Totaal;Lemsterland;2012;13565.0;6896.5;6668.5;5886.0;3274.0;2612.0;6105.0;3061.0;3044.0;679.0;145.0;534.0;895.0;416.5;478.5
8708;Totaal;Lemsterland;2013;13545.0;6872.5;6672.5;5857.0;3249.0;2608.0;6063.5;3041.0;3022.5;698.0;155.0;543.0;926.5;427.5;499.0
8709;Totaal;Lemsterland;2014;;;;;;;;;;;;;;;
8710;Totaal;Lemsterland;2015;;;;;;;;;;;;;;;
8711;Totaal;Lemsterland;2016;;;;;;;;;;;;;;;
8712;Totaal;Leudal;1995;;;;;;;;;;;;;;;
8713;Totaal;Leudal;1996;;;;;;;;;;;;;;;
8714;Totaal;Leudal;1997;;;;;;;;;;;;;;;
8715;Totaal;Leudal;1998;;;;;;;;;;;;;;;
8716;Totaal;Leudal;1999;;;;;;;;;;;;;;;
8717;Totaal;Leudal;2000;;;;;;;;;;;;;;;
8718;Totaal;Leudal;2001;;;;;;;;;;;;;;;
8719;Totaal;Leudal;2002;;;;;;;;;;;;;;;
8720;Totaal;Leudal;2003;;;;;;;;;;;;;;;
8721;Totaal;Leudal;2004;;;;;;;;;;;;;;;
8722;Totaal;Leudal;2005;;;;;;;;;;;;;;;
8723;Totaal;Leudal;2006;;;;;;;;;;;;;;;
8724;Totaal;Leudal;2007;36781.0;18505.0;18276.0;15314.5;8362.5;6952.0;18029.0;9026.0;9003.0;1937.0;414.5;1522.5;1500.5;702.0;798.5
8725;Totaal;Leudal;2008;36747.5;18500.5;18247.0;15293.5;8371.0;6922.5;17963.5;8992.0;8971.5;1935.5;413.5;1522.0;1555.0;724.0;831.0
8726;Totaal;Leudal;2009;36746.0;18549.5;18196.5;15274.5;8407.5;6867.0;17864.0;8940.5;8923.5;1957.0;424.5;1532.5;1650.5;777.0;873.5
8727;Totaal;Leudal;2010;36670.5;18527.0;18143.5;15189.5;8380.0;6809.5;17725.0;8870.5;8854.5;1999.5;444.5;1555.0;1756.5;832.0;924.5
8728;Totaal;Leudal;2011;36531.0;18463.5;18067.5;15073.0;8321.5;6751.5;17585.5;8804.5;8781.0;2033.5;463.0;1570.5;1839.0;874.5;964.5
8729;Totaal;Leudal;2012;36444.0;18438.0;18006.0;15027.0;8308.5;6718.5;17436.5;8732.0;8704.5;2068.0;484.0;1584.0;1912.5;913.5;999.0
8730;Totaal;Leudal;2013;36322.5;18375.5;17947.0;14981.5;8292.5;6689.0;17261.5;8643.0;8618.5;2105.0;494.0;1611.0;1974.5;946.0;1028.5
8731;Totaal;Leudal;2014;36231.5;18333.5;17898.0;14973.0;8291.0;6682.0;17112.5;8571.5;8541.0;2137.0;501.0;1636.0;2009.0;970.0;1039.0
8732;Totaal;Leudal;2015;36192.0;18330.5;17861.5;15016.0;8330.5;6685.5;16955.5;8490.0;8465.5;2167.5;512.0;1655.5;2053.0;998.0;1055.0
8733;Totaal;Leudal;2016;36009.0;18262.0;17747.0;14960.5;8328.0;6632.5;16762.5;8399.0;8363.5;2192.0;524.5;1667.5;2094.0;1010.5;1083.5
8734;Totaal;Leusden;1995;28230.0;13913.5;14316.5;12142.0;6397.0;5745.0;13765.0;6883.0;6882.0;1197.5;197.0;1000.5;1125.5;436.5;689.0
8735;Totaal;Leusden;1996;28172.0;13886.5;14285.5;12053.0;6359.5;5693.5;13731.5;6877.0;6854.5;1219.5;204.0;1015.5;1168.0;446.0;722.0
8736;Totaal;Leusden;1997;28058.0;13817.0;14241.0;11944.5;6303.5;5641.0;13673.5;6846.5;6827.0;1239.5;211.0;1028.5;1200.5;456.0;744.5
8737;Totaal;Leusden;1998;28240.5;13909.5;14331.0;12028.0;6362.5;5665.5;13675.5;6846.5;6829.0;1258.0;215.5;1042.5;1279.0;485.0;794.0
8738;Totaal;Leusden;1999;28617.5;14093.0;14524.5;12196.0;6456.0;5740.0;13766.0;6891.0;6875.0;1288.0;217.5;1070.5;1367.5;528.5;839.0
8739;Totaal;Leusden;2000;28790.0;14180.0;14610.0;12243.0;6481.0;5762.0;13825.0;6919.0;6906.0;1303.5;220.5;1083.0;1418.5;559.5;859.0
8740;Totaal;Leusden;2001;28935.5;14249.0;14686.5;12310.0;6522.5;5787.5;13826.0;6915.5;6910.5;1328.0;228.0;1100.0;1471.5;583.0;888.5
8741;Totaal;Leusden;2002;29018.0;14286.5;14731.5;12375.5;6565.5;5810.0;13797.5;6895.0;6902.5;1345.5;231.0;1114.5;1499.5;595.0;904.5
8742;Totaal;Leusden;2003;29052.0;14309.5;14742.5;12421.0;6594.5;5826.5;13784.5;6886.0;6898.5;1352.5;236.5;1116.0;1494.0;592.5;901.5
8743;Totaal;Leusden;2004;29041.5;14323.0;14718.5;12439.5;6620.5;5819.0;13749.5;6876.0;6873.5;1350.0;235.0;1115.0;1502.5;591.5;911.0
8744;Totaal;Leusden;2005;28933.0;14264.0;14669.0;12404.5;6601.0;5803.5;13656.0;6833.5;6822.5;1347.0;231.5;1115.5;1525.5;598.0;927.5
8745;Totaal;Leusden;2006;28749.5;14156.5;14593.0;12315.5;6548.5;5767.0;13540.0;6766.5;6773.5;1348.0;239.0;1109.0;1546.0;602.5;943.5
8746;Totaal;Leusden;2007;28575.0;14068.0;14507.0;12235.5;6504.0;5731.5;13417.0;6703.5;6713.5;1335.5;246.5;1089.0;1587.0;614.0;973.0
8747;Totaal;Leusden;2008;28561.5;14041.5;14520.0;12245.0;6485.5;5759.5;13344.5;6667.5;6677.0;1326.5;248.0;1078.5;1645.5;640.5;1005.0
8748;Totaal;Leusden;2009;28697.5;14105.5;14592.0;12255.0;6485.0;5770.0;13354.5;6671.5;6683.0;1332.0;255.5;1076.5;1756.0;693.5;1062.5
8749;Totaal;Leusden;2010;28710.5;14086.5;14624.0;12144.5;6409.0;5735.5;13365.5;6672.0;6693.5;1349.0;265.5;1083.5;1851.5;740.0;1111.5
8750;Totaal;Leusden;2011;28757.0;14079.0;14678.0;12116.5;6375.0;5741.5;13393.5;6683.0;6710.5;1371.0;271.5;1099.5;1876.0;749.5;1126.5
8751;Totaal;Leusden;2012;28937.0;14171.0;14766.0;12200.0;6421.5;5778.5;13432.5;6703.5;6729.0;1399.0;282.5;1116.5;1905.5;763.5;1142.0
8752;Totaal;Leusden;2013;28983.0;14218.0;14765.0;12196.5;6442.5;5754.0;13415.5;6695.0;6720.5;1432.5;295.5;1137.0;1938.5;785.0;1153.5
8753;Totaal;Leusden;2014;29029.5;14257.0;14772.5;12227.5;6484.5;5743.0;13360.5;6667.0;6693.5;1459.5;301.5;1158.0;1982.0;804.0;1178.0
8754;Totaal;Leusden;2015;29185.5;14337.0;14848.5;12334.5;6541.0;5793.5;13355.5;6665.0;6690.5;1462.0;306.0;1156.0;2033.5;825.0;1208.5
8755;Totaal;Leusden;2016;29493.0;14502.5;14990.5;12528.0;6635.0;5893.0;13405.5;6692.5;6713.0;1465.5;319.5;1146.0;2094.0;855.5;1238.5
8756;Totaal;Lichtenvoorde;1995;18628.5;9524.5;9104.0;8409.0;4725.5;3683.5;8985.5;4490.5;4495.0;853.5;144.5;709.0;380.5;164.0;216.5
8757;Totaal;Lichtenvoorde;1996;18783.5;9616.5;9167.0;8539.5;4803.5;3736.0;8996.0;4498.0;4498.0;858.5;145.0;713.5;389.5;170.0;219.5
8758;Totaal;Lichtenvoorde;1997;18808.0;9629.5;9178.5;8520.5;4799.5;3721.0;9021.0;4511.5;4509.5;867.0;142.5;724.5;399.5;176.0;223.5
8759;Totaal;Lichtenvoorde;1998;18901.0;9701.0;9200.0;8525.5;4835.5;3690.0;9079.0;4539.5;4539.5;884.0;145.0;739.0;412.5;181.0;231.5
8760;Totaal;Lichtenvoorde;1999;19043.5;9786.5;9257.0;8574.0;4879.5;3694.5;9136.5;4567.0;4569.5;901.5;150.5;751.0;431.5;189.5;242.0
8761;Totaal;Lichtenvoorde;2000;19166.0;9854.5;9311.5;8631.5;4923.0;3708.5;9153.5;4575.5;4578.0;916.5;152.0;764.5;464.5;204.0;260.5
8762;Totaal;Lichtenvoorde;2001;19278.0;9935.5;9342.5;8705.5;4988.5;3717.0;9158.5;4576.5;4582.0;923.5;155.0;768.5;490.5;215.5;275.0
8763;Totaal;Lichtenvoorde;2002;19372.0;10014.0;9358.0;8789.0;5057.5;3731.5;9147.5;4570.0;4577.5;929.0;160.0;769.0;506.5;226.5;280.0
8764;Totaal;Lichtenvoorde;2003;19456.5;10079.0;9377.5;8890.0;5131.0;3759.0;9098.5;4546.0;4552.5;945.5;167.5;778.0;522.5;234.5;288.0
8765;Totaal;Lichtenvoorde;2004;19484.5;10099.0;9385.5;8951.5;5165.5;3786.0;9037.0;4517.0;4520.0;954.0;175.5;778.5;542.0;241.0;301.0
8766;Totaal;Lichtenvoorde;2005;;;;;;;;;;;;;;;
8767;Totaal;Lichtenvoorde;2006;;;;;;;;;;;;;;;
8768;Totaal;Lichtenvoorde;2007;;;;;;;;;;;;;;;
8769;Totaal;Lichtenvoorde;2008;;;;;;;;;;;;;;;
8770;Totaal;Lichtenvoorde;2009;;;;;;;;;;;;;;;
8771;Totaal;Lichtenvoorde;2010;;;;;;;;;;;;;;;
8772;Totaal;Lichtenvoorde;2011;;;;;;;;;;;;;;;
8773;Totaal;Lichtenvoorde;2012;;;;;;;;;;;;;;;
8774;Totaal;Lichtenvoorde;2013;;;;;;;;;;;;;;;
8775;Totaal;Lichtenvoorde;2014;;;;;;;;;;;;;;;
8776;Totaal;Lichtenvoorde;2015;;;;;;;;;;;;;;;
8777;Totaal;Lichtenvoorde;2016;;;;;;;;;;;;;;;
8778;Totaal;Liemeer;1995;6989.5;3574.5;3415.0;3536.0;1907.0;1629.0;3104.5;1554.0;1550.5;187.5;34.0;153.5;161.5;79.5;82.0
8779;Totaal;Liemeer;1996;6971.5;3577.0;3394.5;3542.0;1921.5;1620.5;3068.0;1537.5;1530.5;189.0;34.5;154.5;172.5;83.5;89.0
8780;Totaal;Liemeer;1997;6957.5;3581.0;3376.5;3530.5;1930.5;1600.0;3052.0;1529.5;1522.5;199.0;36.5;162.5;176.0;84.5;91.5
8781;Totaal;Liemeer;1998;6938.5;3581.5;3357.0;3510.0;1927.5;1582.5;3039.5;1524.0;1515.5;205.5;39.0;166.5;183.5;91.0;92.5
8782;Totaal;Liemeer;1999;6890.5;3560.5;3330.0;3491.0;1921.0;1570.0;2998.5;1502.5;1496.0;211.0;42.5;168.5;190.0;94.5;95.5
8783;Totaal;Liemeer;2000;6826.0;3522.0;3304.0;3454.5;1899.5;1555.0;2958.5;1482.5;1476.0;217.5;45.0;172.5;195.5;95.0;100.5
8784;Totaal;Liemeer;2001;6764.5;3488.5;3276.0;3408.0;1873.0;1535.0;2935.5;1472.0;1463.5;218.0;47.0;171.0;203.0;96.5;106.5
8785;Totaal;Liemeer;2002;6721.5;3479.0;3242.5;3380.5;1867.5;1513.0;2916.5;1463.5;1453.0;215.0;48.5;166.5;209.5;99.5;110.0
8786;Totaal;Liemeer;2003;6710.5;3475.5;3235.0;3373.0;1862.0;1511.0;2903.0;1458.0;1445.0;216.0;49.0;167.0;218.5;106.5;112.0
8787;Totaal;Liemeer;2004;6719.0;3474.5;3244.5;3364.0;1852.0;1512.0;2903.0;1456.5;1446.5;218.5;49.5;169.0;233.5;116.5;117.0
8788;Totaal;Liemeer;2005;6748.5;3497.0;3251.5;3361.5;1857.5;1504.0;2919.5;1466.0;1453.5;220.0;50.5;169.5;247.5;123.0;124.5
8789;Totaal;Liemeer;2006;6866.5;3562.0;3304.5;3407.5;1891.0;1516.5;2970.5;1491.5;1479.0;223.5;49.5;174.0;265.0;130.0;135.0
8790;Totaal;Liemeer;2007;;;;;;;;;;;;;;;
8791;Totaal;Liemeer;2008;;;;;;;;;;;;;;;
8792;Totaal;Liemeer;2009;;;;;;;;;;;;;;;
8793;Totaal;Liemeer;2010;;;;;;;;;;;;;;;
8794;Totaal;Liemeer;2011;;;;;;;;;;;;;;;
8795;Totaal;Liemeer;2012;;;;;;;;;;;;;;;
8796;Totaal;Liemeer;2013;;;;;;;;;;;;;;;
8797;Totaal;Liemeer;2014;;;;;;;;;;;;;;;
8798;Totaal;Liemeer;2015;;;;;;;;;;;;;;;
8799;Totaal;Liemeer;2016;;;;;;;;;;;;;;;
8800;Totaal;Liempde;1995;4618.0;2353.0;2265.0;1924.0;1067.5;856.5;2419.0;1211.0;1208.0;185.5;31.0;154.5;89.5;43.5;46.0
8801;Totaal;Liempde;1996;;;;;;;;;;;;;;;
8802;Totaal;Liempde;1997;;;;;;;;;;;;;;;
8803;Totaal;Liempde;1998;;;;;;;;;;;;;;;
8804;Totaal;Liempde;1999;;;;;;;;;;;;;;;
8805;Totaal;Liempde;2000;;;;;;;;;;;;;;;
8806;Totaal;Liempde;2001;;;;;;;;;;;;;;;
8807;Totaal;Liempde;2002;;;;;;;;;;;;;;;
8808;Totaal;Liempde;2003;;;;;;;;;;;;;;;
8809;Totaal;Liempde;2004;;;;;;;;;;;;;;;
8810;Totaal;Liempde;2005;;;;;;;;;;;;;;;
8811;Totaal;Liempde;2006;;;;;;;;;;;;;;;
8812;Totaal;Liempde;2007;;;;;;;;;;;;;;;
8813;Totaal;Liempde;2008;;;;;;;;;;;;;;;
8814;Totaal;Liempde;2009;;;;;;;;;;;;;;;
8815;Totaal;Liempde;2010;;;;;;;;;;;;;;;
8816;Totaal;Liempde;2011;;;;;;;;;;;;;;;
8817;Totaal;Liempde;2012;;;;;;;;;;;;;;;
8818;Totaal;Liempde;2013;;;;;;;;;;;;;;;
8819;Totaal;Liempde;2014;;;;;;;;;;;;;;;
8820;Totaal;Liempde;2015;;;;;;;;;;;;;;;
8821;Totaal;Liempde;2016;;;;;;;;;;;;;;;
8822;Totaal;Lienden;1995;7351.0;3720.5;3630.5;2991.0;1659.5;1331.5;3808.0;1902.0;1906.0;378.5;68.5;310.0;173.5;90.5;83.0
8823;Totaal;Lienden;1996;7521.5;3814.5;3707.0;3066.5;1703.5;1363.0;3888.0;1943.5;1944.5;377.0;70.0;307.0;190.0;97.5;92.5
8824;Totaal;Lienden;1997;7756.5;3943.0;3813.5;3157.5;1757.0;1400.5;4030.0;2015.0;2015.0;377.0;73.5;303.5;192.0;97.5;94.5
8825;Totaal;Lienden;1998;7928.0;4046.0;3882.0;3224.5;1802.5;1422.0;4118.5;2062.5;2056.0;380.0;75.5;304.5;205.0;105.5;99.5
8826;Totaal;Lienden;1999;;;;;;;;;;;;;;;
8827;Totaal;Lienden;2000;;;;;;;;;;;;;;;
8828;Totaal;Lienden;2001;;;;;;;;;;;;;;;
8829;Totaal;Lienden;2002;;;;;;;;;;;;;;;
8830;Totaal;Lienden;2003;;;;;;;;;;;;;;;
8831;Totaal;Lienden;2004;;;;;;;;;;;;;;;
8832;Totaal;Lienden;2005;;;;;;;;;;;;;;;
8833;Totaal;Lienden;2006;;;;;;;;;;;;;;;
8834;Totaal;Lienden;2007;;;;;;;;;;;;;;;
8835;Totaal;Lienden;2008;;;;;;;;;;;;;;;
8836;Totaal;Lienden;2009;;;;;;;;;;;;;;;
8837;Totaal;Lienden;2010;;;;;;;;;;;;;;;
8838;Totaal;Lienden;2011;;;;;;;;;;;;;;;
8839;Totaal;Lienden;2012;;;;;;;;;;;;;;;
8840;Totaal;Lienden;2013;;;;;;;;;;;;;;;
8841;Totaal;Lienden;2014;;;;;;;;;;;;;;;
8842;Totaal;Lienden;2015;;;;;;;;;;;;;;;
8843;Totaal;Lienden;2016;;;;;;;;;;;;;;;
8844;Totaal;De Lier;1995;10424.5;5300.0;5124.5;4588.0;2530.0;2058.0;5250.0;2621.5;2628.5;379.0;74.0;305.0;207.5;74.5;133.0
8845;Totaal;De Lier;1996;10691.5;5442.5;5249.0;4726.0;2615.0;2111.0;5357.5;2676.0;2681.5;385.0;70.5;314.5;223.0;81.0;142.0
8846;Totaal;De Lier;1997;11011.0;5607.0;5404.0;4898.5;2711.0;2187.5;5482.0;2737.5;2744.5;396.5;69.0;327.5;234.0;89.5;144.5
8847;Totaal;De Lier;1998;11135.0;5662.0;5473.0;4957.5;2736.0;2221.5;5520.5;2756.0;2764.5;404.5;70.0;334.5;252.5;100.0;152.5
8848;Totaal;De Lier;1999;11171.0;5672.0;5499.0;4977.5;2739.5;2238.0;5521.5;2758.0;2763.5;410.5;70.5;340.0;261.5;104.0;157.5
8849;Totaal;De Lier;2000;11189.5;5681.0;5508.5;4993.5;2746.5;2247.0;5515.5;2755.5;2760.0;417.5;73.0;344.5;263.0;106.0;157.0
8850;Totaal;De Lier;2001;11263.5;5701.0;5562.5;5026.5;2751.0;2275.5;5528.0;2761.0;2767.0;423.0;74.5;348.5;286.0;114.5;171.5
8851;Totaal;De Lier;2002;11356.5;5726.0;5630.5;5078.5;2759.0;2319.5;5535.0;2764.5;2770.5;431.5;79.5;352.0;311.5;123.0;188.5
8852;Totaal;De Lier;2003;11171.0;5617.0;5554.0;4930.0;2672.5;2257.5;5480.5;2737.0;2743.5;438.0;83.5;354.5;322.5;124.0;198.5
8853;Totaal;De Lier;2004;;;;;;;;;;;;;;;
8854;Totaal;De Lier;2005;;;;;;;;;;;;;;;
8855;Totaal;De Lier;2006;;;;;;;;;;;;;;;
8856;Totaal;De Lier;2007;;;;;;;;;;;;;;;
8857;Totaal;De Lier;2008;;;;;;;;;;;;;;;
8858;Totaal;De Lier;2009;;;;;;;;;;;;;;;
8859;Totaal;De Lier;2010;;;;;;;;;;;;;;;
8860;Totaal;De Lier;2011;;;;;;;;;;;;;;;
8861;Totaal;De Lier;2012;;;;;;;;;;;;;;;
8862;Totaal;De Lier;2013;;;;;;;;;;;;;;;
8863;Totaal;De Lier;2014;;;;;;;;;;;;;;;
8864;Totaal;De Lier;2015;;;;;;;;;;;;;;;
8865;Totaal;De Lier;2016;;;;;;;;;;;;;;;
8866;Totaal;Lieshout;1995;6195.5;3187.0;3008.5;2608.0;1461.5;1146.5;3189.0;1597.0;1592.0;281.0;65.5;215.5;117.5;63.0;54.5
8867;Totaal;Lieshout;1996;6225.5;3195.5;3030.0;2626.0;1470.0;1156.0;3187.0;1595.5;1591.5;289.5;64.0;225.5;123.0;66.0;57.0
8868;Totaal;Lieshout;1997;;;;;;;;;;;;;;;
8869;Totaal;Lieshout;1998;;;;;;;;;;;;;;;
8870;Totaal;Lieshout;1999;;;;;;;;;;;;;;;
8871;Totaal;Lieshout;2000;;;;;;;;;;;;;;;
8872;Totaal;Lieshout;2001;;;;;;;;;;;;;;;
8873;Totaal;Lieshout;2002;;;;;;;;;;;;;;;
8874;Totaal;Lieshout;2003;;;;;;;;;;;;;;;
8875;Totaal;Lieshout;2004;;;;;;;;;;;;;;;
8876;Totaal;Lieshout;2005;;;;;;;;;;;;;;;
8877;Totaal;Lieshout;2006;;;;;;;;;;;;;;;
8878;Totaal;Lieshout;2007;;;;;;;;;;;;;;;
8879;Totaal;Lieshout;2008;;;;;;;;;;;;;;;
8880;Totaal;Lieshout;2009;;;;;;;;;;;;;;;
8881;Totaal;Lieshout;2010;;;;;;;;;;;;;;;
8882;Totaal;Lieshout;2011;;;;;;;;;;;;;;;
8883;Totaal;Lieshout;2012;;;;;;;;;;;;;;;
8884;Totaal;Lieshout;2013;;;;;;;;;;;;;;;
8885;Totaal;Lieshout;2014;;;;;;;;;;;;;;;
8886;Totaal;Lieshout;2015;;;;;;;;;;;;;;;
8887;Totaal;Lieshout;2016;;;;;;;;;;;;;;;
8888;Totaal;Liesveld;1995;9388.5;4749.5;4639.0;4166.0;2284.5;1881.5;4628.0;2310.5;2317.5;417.0;70.0;347.0;177.5;84.5;93.0
8889;Totaal;Liesveld;1996;9428.0;4759.0;4669.0;4192.0;2290.0;1902.0;4630.0;2311.5;2318.5;418.5;69.0;349.5;187.5;88.5;99.0
8890;Totaal;Liesveld;1997;9523.5;4792.0;4731.5;4226.0;2295.0;1931.0;4677.5;2336.0;2341.5;411.5;65.0;346.5;208.5;96.0;112.5
8891;Totaal;Liesveld;1998;9579.5;4805.5;4774.0;4226.0;2282.5;1943.5;4722.5;2359.5;2363.0;405.0;63.5;341.5;226.0;100.0;126.0
8892;Totaal;Liesveld;1999;9573.0;4793.0;4780.0;4200.0;2264.0;1936.0;4732.5;2362.5;2370.0;406.0;64.5;341.5;234.5;102.0;132.5
8893;Totaal;Liesveld;2000;9569.0;4794.0;4775.0;4209.0;2269.5;1939.5;4709.0;2350.5;2358.5;408.5;66.0;342.5;242.5;108.0;134.5
8894;Totaal;Liesveld;2001;9637.0;4821.5;4815.5;4268.5;2292.0;1976.5;4708.5;2352.0;2356.5;407.0;64.5;342.5;253.0;113.0;140.0
8895;Totaal;Liesveld;2002;9689.0;4837.0;4852.0;4293.0;2297.0;1996.0;4727.0;2363.0;2364.0;410.0;62.5;347.5;259.0;114.5;144.5
8896;Totaal;Liesveld;2003;9702.5;4852.5;4850.0;4289.5;2301.0;1988.5;4737.0;2371.0;2366.0;410.0;64.5;345.5;266.0;116.0;150.0
8897;Totaal;Liesveld;2004;9721.0;4866.5;4854.5;4289.5;2305.0;1984.5;4751.0;2379.0;2372.0;408.5;63.5;345.0;272.0;119.0;153.0
8898;Totaal;Liesveld;2005;9728.0;4870.0;4858.0;4286.5;2303.5;1983.0;4760.5;2383.0;2377.5;410.0;64.5;345.5;271.0;119.0;152.0
8899;Totaal;Liesveld;2006;9768.5;4890.0;4878.5;4300.0;2312.5;1987.5;4775.5;2390.0;2385.5;415.0;68.0;347.0;278.0;119.5;158.5
8900;Totaal;Liesveld;2007;9785.0;4899.0;4886.0;4305.0;2319.0;1986.0;4759.5;2383.5;2376.0;427.5;72.0;355.5;293.0;124.5;168.5
8901;Totaal;Liesveld;2008;9749.5;4892.5;4857.0;4295.5;2325.0;1970.5;4704.5;2356.0;2348.5;442.0;77.5;364.5;307.5;134.0;173.5
8902;Totaal;Liesveld;2009;9734.0;4901.0;4833.0;4268.5;2328.5;1940.0;4690.0;2346.5;2343.5;447.0;81.5;365.5;328.5;144.5;184.0
8903;Totaal;Liesveld;2010;9743.0;4906.0;4837.0;4251.0;2326.0;1925.0;4690.0;2344.5;2345.5;457.5;85.0;372.5;344.5;150.5;194.0
8904;Totaal;Liesveld;2011;9766.5;4908.0;4858.5;4252.0;2318.5;1933.5;4692.0;2345.0;2347.0;468.5;86.5;382.0;354.0;158.0;196.0
8905;Totaal;Liesveld;2012;9778.5;4910.0;4868.5;4231.0;2301.5;1929.5;4713.0;2355.5;2357.5;468.0;87.5;380.5;366.5;165.5;201.0
8906;Totaal;Liesveld;2013;;;;;;;;;;;;;;;
8907;Totaal;Liesveld;2014;;;;;;;;;;;;;;;
8908;Totaal;Liesveld;2015;;;;;;;;;;;;;;;
8909;Totaal;Liesveld;2016;;;;;;;;;;;;;;;
8910;Totaal;Limmen;1995;6144.5;3084.0;3060.5;2729.5;1472.5;1257.0;2996.0;1495.0;1501.0;257.0;45.0;212.0;162.0;71.5;90.5
8911;Totaal;Limmen;1996;6266.0;3134.0;3132.0;2776.0;1493.0;1283.0;3055.0;1526.0;1529.0;265.0;43.5;221.5;170.0;71.5;98.5
8912;Totaal;Limmen;1997;6367.5;3178.0;3189.5;2814.5;1503.0;1311.5;3108.5;1554.0;1554.5;267.5;47.0;220.5;177.0;74.0;103.0
8913;Totaal;Limmen;1998;6450.0;3216.5;3233.5;2843.0;1509.5;1333.5;3151.0;1574.5;1576.5;266.5;51.0;215.5;189.5;81.5;108.0
8914;Totaal;Limmen;1999;6502.0;3247.0;3255.0;2851.0;1513.5;1337.5;3175.5;1587.5;1588.0;272.5;56.0;216.5;203.0;90.0;113.0
8915;Totaal;Limmen;2000;6537.0;3264.0;3273.0;2865.0;1516.0;1349.0;3180.0;1589.5;1590.5;283.0;61.5;221.5;209.0;97.0;112.0
8916;Totaal;Limmen;2001;6616.0;3294.5;3321.5;2918.5;1541.0;1377.5;3180.0;1586.5;1593.5;294.5;62.5;232.0;223.0;104.5;118.5
8917;Totaal;Limmen;2002;;;;;;;;;;;;;;;
8918;Totaal;Limmen;2003;;;;;;;;;;;;;;;
8919;Totaal;Limmen;2004;;;;;;;;;;;;;;;
8920;Totaal;Limmen;2005;;;;;;;;;;;;;;;
8921;Totaal;Limmen;2006;;;;;;;;;;;;;;;
8922;Totaal;Limmen;2007;;;;;;;;;;;;;;;
8923;Totaal;Limmen;2008;;;;;;;;;;;;;;;
8924;Totaal;Limmen;2009;;;;;;;;;;;;;;;
8925;Totaal;Limmen;2010;;;;;;;;;;;;;;;
8926;Totaal;Limmen;2011;;;;;;;;;;;;;;;
8927;Totaal;Limmen;2012;;;;;;;;;;;;;;;
8928;Totaal;Limmen;2013;;;;;;;;;;;;;;;
8929;Totaal;Limmen;2014;;;;;;;;;;;;;;;
8930;Totaal;Limmen;2015;;;;;;;;;;;;;;;
8931;Totaal;Limmen;2016;;;;;;;;;;;;;;;
8932;Totaal;Lingewaal;1995;10583.0;5313.5;5269.5;4369.5;2386.5;1983.0;5451.5;2725.5;2726.0;486.5;80.5;406.0;275.5;121.0;154.5
8933;Totaal;Lingewaal;1996;10641.0;5341.5;5299.5;4375.5;2387.5;1988.0;5476.5;2737.5;2739.0;498.5;87.5;411.0;290.5;129.0;161.5
8934;Totaal;Lingewaal;1997;10669.0;5352.0;5317.0;4378.5;2382.0;1996.5;5475.5;2737.5;2738.0;516.5;96.0;420.5;298.5;136.5;162.0
8935;Totaal;Lingewaal;1998;10657.5;5335.5;5322.0;4377.0;2371.0;2006.0;5444.0;2722.0;2722.0;519.5;99.5;420.0;317.0;143.0;174.0
8936;Totaal;Lingewaal;1999;10641.0;5329.5;5311.5;4366.0;2367.0;1999.0;5420.0;2711.5;2708.5;524.5;101.0;423.5;330.5;150.0;180.5
8937;Totaal;Lingewaal;2000;10663.0;5355.0;5308.0;4374.5;2380.0;1994.5;5408.5;2707.5;2701.0;536.5;105.5;431.0;343.5;162.0;181.5
8938;Totaal;Lingewaal;2001;10673.0;5362.5;5310.5;4377.5;2382.0;1995.5;5385.0;2694.0;2691.0;540.0;111.5;428.5;370.5;175.0;195.5
8939;Totaal;Lingewaal;2002;10666.5;5364.5;5302.0;4375.0;2382.0;1993.0;5358.5;2679.0;2679.5;541.0;121.0;420.0;392.0;182.5;209.5
8940;Totaal;Lingewaal;2003;10719.0;5397.0;5322.0;4424.5;2407.5;2017.0;5340.5;2672.5;2668.0;537.5;126.5;411.0;416.5;190.5;226.0
8941;Totaal;Lingewaal;2004;10779.0;5424.5;5354.5;4468.5;2425.5;2043.0;5350.5;2680.0;2670.5;529.0;123.0;406.0;431.0;196.0;235.0
8942;Totaal;Lingewaal;2005;10812.5;5433.0;5379.5;4489.5;2433.0;2056.5;5366.5;2686.0;2680.5;516.5;115.0;401.5;440.0;199.0;241.0
8943;Totaal;Lingewaal;2006;10846.5;5436.5;5410.0;4535.0;2448.5;2086.5;5353.0;2677.0;2676.0;502.5;106.5;396.0;456.0;204.5;251.5
8944;Totaal;Lingewaal;2007;10891.5;5458.5;5433.0;4577.0;2466.0;2111.0;5350.5;2675.5;2675.0;501.5;108.0;393.5;462.5;209.0;253.5
8945;Totaal;Lingewaal;2008;10918.5;5466.5;5452.0;4596.5;2464.5;2132.0;5355.5;2678.5;2677.0;498.5;109.0;389.5;468.0;214.5;253.5
8946;Totaal;Lingewaal;2009;10910.0;5457.5;5452.5;4581.0;2450.5;2130.5;5344.5;2671.5;2673.0;492.0;107.5;384.5;492.5;228.0;264.5
8947;Totaal;Lingewaal;2010;10888.5;5447.0;5441.5;4550.0;2439.5;2110.5;5317.0;2657.5;2659.5;498.5;108.5;390.0;523.0;241.5;281.5
8948;Totaal;Lingewaal;2011;10886.5;5438.0;5448.5;4529.0;2425.0;2104.0;5318.5;2659.0;2659.5;506.0;110.0;396.0;533.0;244.0;289.0
8949;Totaal;Lingewaal;2012;10951.0;5460.0;5491.0;4549.0;2428.5;2120.5;5342.5;2673.0;2669.5;510.5;111.0;399.5;549.0;247.5;301.5
8950;Totaal;Lingewaal;2013;11033.5;5491.0;5542.5;4604.5;2449.0;2155.5;5336.0;2674.0;2662.0;515.5;109.5;406.0;577.5;258.5;319.0
8951;Totaal;Lingewaal;2014;11069.5;5497.5;5572.0;4640.5;2454.5;2186.0;5313.0;2662.5;2650.5;523.5;110.5;413.0;592.5;270.0;322.5
8952;Totaal;Lingewaal;2015;11095.5;5511.0;5584.5;4663.0;2460.5;2202.5;5302.0;2658.0;2644.0;527.5;112.5;415.0;603.0;280.0;323.0
8953;Totaal;Lingewaal;2016;11135.0;5549.0;5586.0;4692.5;2487.0;2205.5;5283.0;2650.5;2632.5;532.0;117.5;414.5;627.5;294.0;333.5
8954;Totaal;Lingewaard;1995;;;;;;;;;;;;;;;
8955;Totaal;Lingewaard;1996;;;;;;;;;;;;;;;
8956;Totaal;Lingewaard;1997;;;;;;;;;;;;;;;
8957;Totaal;Lingewaard;1998;;;;;;;;;;;;;;;
8958;Totaal;Lingewaard;1999;;;;;;;;;;;;;;;
8959;Totaal;Lingewaard;2000;;;;;;;;;;;;;;;
8960;Totaal;Lingewaard;2001;;;;;;;;;;;;;;;
8961;Totaal;Lingewaard;2002;;;;;;;;;;;;;;;
8962;Totaal;Lingewaard;2003;42743.0;21281.0;21462.0;18202.5;9764.5;8438.0;20748.5;10375.0;10373.5;2086.0;393.0;1693.0;1706.0;748.5;957.5
8963;Totaal;Lingewaard;2004;43097.5;21464.5;21633.0;18397.5;9872.5;8525.0;20834.0;10414.5;10419.5;2103.5;401.0;1702.5;1762.5;776.5;986.0
8964;Totaal;Lingewaard;2005;43447.5;21621.5;21826.0;18549.0;9943.5;8605.5;20920.5;10454.5;10466.0;2133.5;411.5;1722.0;1844.5;812.0;1032.5
8965;Totaal;Lingewaard;2006;44031.5;21882.5;22149.0;18857.5;10075.5;8782.0;21089.5;10540.5;10549.0;2153.5;428.0;1725.5;1931.0;838.5;1092.5
8966;Totaal;Lingewaard;2007;44480.5;22103.0;22377.5;19121.0;10214.5;8906.5;21181.5;10583.0;10598.5;2168.5;438.0;1730.5;2009.5;867.5;1142.0
8967;Totaal;Lingewaard;2008;44850.5;22288.0;22562.5;19310.0;10316.5;8993.5;21212.5;10597.5;10615.0;2197.0;444.5;1752.5;2131.0;929.5;1201.5
8968;Totaal;Lingewaard;2009;45264.5;22482.5;22782.0;19440.5;10366.0;9074.5;21226.5;10611.5;10615.0;2232.5;453.0;1779.5;2365.0;1052.0;1313.0
8969;Totaal;Lingewaard;2010;45517.0;22575.0;22942.0;19551.0;10388.0;9163.0;21161.0;10580.5;10580.5;2281.0;477.0;1804.0;2524.0;1129.5;1394.5
8970;Totaal;Lingewaard;2011;45679.5;22643.5;23036.0;19663.0;10425.0;9238.0;21108.0;10554.0;10554.0;2308.0;500.5;1807.5;2600.5;1164.0;1436.5
8971;Totaal;Lingewaard;2012;45794.0;22720.0;23074.0;19732.5;10462.5;9270.0;21040.5;10522.5;10518.0;2325.5;514.5;1811.0;2695.5;1220.5;1475.0
8972;Totaal;Lingewaard;2013;45797.0;22732.5;23064.5;19794.5;10496.0;9298.5;20888.0;10446.5;10441.5;2339.0;525.5;1813.5;2775.5;1264.5;1511.0
8973;Totaal;Lingewaard;2014;45782.0;22731.0;23051.0;19838.0;10529.5;9308.5;20716.5;10356.5;10360.0;2354.5;537.5;1817.0;2873.0;1307.5;1565.5
8974;Totaal;Lingewaard;2015;45869.0;22753.5;23115.5;19906.0;10569.0;9337.0;20603.5;10292.0;10311.5;2404.5;560.5;1844.0;2955.0;1332.0;1623.0
8975;Totaal;Lingewaard;2016;46066.0;22836.0;23230.0;20012.0;10633.5;9378.5;20593.0;10280.5;10312.5;2433.0;570.5;1862.5;3028.0;1351.5;1676.5
8976;Totaal;Lisse;1995;21777.0;10800.0;10977.0;9305.0;4984.5;4320.5;10587.5;5296.5;5291.0;1064.0;182.0;882.0;820.5;337.0;483.5
8977;Totaal;Lisse;1996;21851.5;10857.0;10994.5;9327.5;5019.5;4308.0;10582.0;5294.5;5287.5;1076.0;182.0;894.0;866.0;361.0;505.0
8978;Totaal;Lisse;1997;21907.5;10876.0;11031.5;9323.5;5020.0;4303.5;10594.5;5299.5;5295.0;1088.5;180.5;908.0;901.0;376.0;525.0
8979;Totaal;Lisse;1998;21954.5;10866.0;11088.5;9297.0;4990.5;4306.5;10634.5;5318.5;5316.0;1087.5;173.0;914.5;935.5;384.0;551.5
8980;Totaal;Lisse;1999;21954.5;10837.0;11117.5;9269.0;4947.0;4322.0;10641.5;5323.0;5318.5;1095.5;172.0;923.5;948.5;395.0;553.5
8981;Totaal;Lisse;2000;21972.0;10835.0;11137.0;9263.5;4928.0;4335.5;10633.0;5319.5;5313.5;1124.5;179.0;945.5;951.0;408.5;542.5
8982;Totaal;Lisse;2001;22026.5;10876.0;11150.5;9286.5;4956.5;4330.0;10598.0;5303.5;5294.5;1146.0;183.5;962.5;996.0;432.5;563.5
8983;Totaal;Lisse;2002;22038.5;10871.5;11167.0;9311.0;4972.5;4338.5;10511.0;5258.0;5253.0;1161.5;188.0;973.5;1055.0;453.0;602.0
8984;Totaal;Lisse;2003;22043.5;10849.5;11194.0;9355.5;4980.5;4375.0;10424.0;5212.5;5211.5;1172.5;193.5;979.0;1091.5;463.0;628.5
8985;Totaal;Lisse;2004;21985.0;10800.0;11185.0;9361.5;4953.0;4408.5;10340.0;5174.5;5165.5;1185.5;206.5;979.0;1098.0;466.0;632.0
8986;Totaal;Lisse;2005;21893.0;10749.5;11143.5;9354.0;4943.0;4411.0;10217.5;5113.0;5104.5;1205.5;217.0;988.5;1116.0;476.5;639.5
8987;Totaal;Lisse;2006;21926.0;10778.5;11147.5;9422.5;4995.5;4427.0;10122.5;5065.0;5057.5;1217.5;221.0;996.5;1163.5;497.0;666.5
8988;Totaal;Lisse;2007;22053.0;10852.0;11201.0;9487.0;5041.0;4446.0;10119.0;5063.0;5056.0;1228.5;227.0;1001.5;1218.5;521.0;697.5
8989;Totaal;Lisse;2008;22216.0;10943.0;11273.0;9545.5;5088.0;4457.5;10163.5;5082.5;5081.0;1242.5;232.5;1010.0;1264.5;540.0;724.5
8990;Totaal;Lisse;2009;22318.0;10990.5;11327.5;9531.5;5080.0;4451.5;10191.5;5099.5;5092.0;1262.0;242.5;1019.5;1333.0;568.5;764.5
8991;Totaal;Lisse;2010;22510.0;11075.0;11435.0;9609.0;5111.0;4498.0;10226.5;5120.5;5106.0;1275.5;252.0;1023.5;1399.0;591.5;807.5
8992;Totaal;Lisse;2011;22598.0;11123.0;11475.0;9712.5;5163.5;4549.0;10183.0;5097.5;5085.5;1271.0;260.0;1011.0;1431.5;602.0;829.5
8993;Totaal;Lisse;2012;22452.0;11066.0;11386.0;9643.0;5141.0;4502.0;10092.5;5047.0;5045.5;1260.5;263.5;997.0;1456.0;614.5;841.5
8994;Totaal;Lisse;2013;22364.5;11026.0;11338.5;9578.5;5121.0;4457.5;10037.5;5015.0;5022.5;1260.0;267.5;992.5;1488.5;622.5;866.0
8995;Totaal;Lisse;2014;22437.5;11043.0;11394.5;9624.5;5135.5;4489.0;10002.5;4998.0;5004.5;1264.0;271.5;992.5;1546.5;638.0;908.5
8996;Totaal;Lisse;2015;22572.5;11093.0;11479.5;9710.5;5164.0;4546.5;9970.0;4985.0;4985.0;1285.0;281.0;1004.0;1607.0;663.0;944.0
8997;Totaal;Lisse;2016;22661.5;11142.5;11519.0;9761.0;5186.5;4574.5;9915.0;4959.5;4955.5;1318.5;300.5;1018.0;1667.0;696.0;971.0
8998;Totaal;Lith;1995;6497.5;3295.5;3202.0;2764.5;1514.0;1250.5;3332.5;1667.5;1665.0;280.0;53.0;227.0;120.5;61.0;59.5
8999;Totaal;Lith;1996;6543.0;3317.0;3226.0;2783.5;1523.0;1260.5;3344.0;1672.0;1672.0;286.5;54.0;232.5;129.0;68.0;61.0
9000;Totaal;Lith;1997;6551.0;3316.0;3235.0;2790.0;1524.0;1266.0;3337.5;1668.5;1669.0;291.0;53.0;238.0;132.5;70.5;62.0
9001;Totaal;Lith;1998;6578.5;3330.5;3248.0;2799.5;1530.0;1269.5;3354.0;1677.0;1677.0;293.5;54.5;239.0;131.5;69.0;62.5
9002;Totaal;Lith;1999;6647.5;3375.0;3272.5;2823.5;1552.0;1271.5;3390.5;1695.0;1695.5;295.0;53.0;242.0;138.5;75.0;63.5
9003;Totaal;Lith;2000;6706.5;3411.0;3295.5;2844.5;1569.0;1275.5;3411.0;1705.5;1705.5;299.5;53.5;246.0;151.5;83.0;68.5
9004;Totaal;Lith;2001;6739.5;3432.5;3307.0;2872.0;1585.5;1286.5;3401.0;1701.0;1700.0;305.0;57.0;248.0;161.5;89.0;72.5
9005;Totaal;Lith;2002;6753.5;3444.0;3309.5;2899.0;1604.0;1295.0;3373.0;1688.0;1685.0;308.0;57.0;251.0;173.5;95.0;78.5
9006;Totaal;Lith;2003;6737.0;3436.0;3301.0;2895.0;1604.5;1290.5;3362.5;1681.5;1681.0;299.0;52.0;247.0;180.5;98.0;82.5
9007;Totaal;Lith;2004;6723.5;3423.5;3300.0;2891.0;1598.0;1293.0;3352.0;1675.0;1677.0;292.0;48.5;243.5;188.5;102.0;86.5
9008;Totaal;Lith;2005;6712.5;3410.5;3302.0;2891.0;1592.0;1299.0;3323.0;1661.0;1662.0;290.0;47.0;243.0;208.5;110.5;98.0
9009;Totaal;Lith;2006;6709.0;3404.5;3304.5;2895.0;1592.5;1302.5;3298.5;1647.5;1651.0;291.0;46.0;245.0;224.5;118.5;106.0
9010;Totaal;Lith;2007;6716.0;3411.0;3305.0;2901.0;1596.5;1304.5;3286.5;1641.0;1645.5;293.5;50.5;243.0;235.0;123.0;112.0
9011;Totaal;Lith;2008;6691.5;3406.0;3285.5;2887.0;1589.0;1298.0;3270.5;1635.5;1635.0;291.5;58.0;233.5;242.5;123.5;119.0
9012;Totaal;Lith;2009;6659.0;3390.5;3268.5;2852.5;1571.5;1281.0;3257.5;1630.5;1627.0;294.5;62.0;232.5;254.5;126.5;128.0
9013;Totaal;Lith;2010;6668.0;3389.0;3279.0;2841.5;1562.5;1279.0;3256.0;1628.0;1628.0;298.0;63.5;234.5;272.5;135.0;137.5
9014;Totaal;Lith;2011;;;;;;;;;;;;;;;
9015;Totaal;Lith;2012;;;;;;;;;;;;;;;
9016;Totaal;Lith;2013;;;;;;;;;;;;;;;
9017;Totaal;Lith;2014;;;;;;;;;;;;;;;
9018;Totaal;Lith;2015;;;;;;;;;;;;;;;
9019;Totaal;Lith;2016;;;;;;;;;;;;;;;
9020;Totaal;Littenseradiel;1995;10397.0;5288.0;5109.0;4697.5;2587.0;2110.5;4911.0;2457.0;2454.0;520.0;107.0;413.0;268.5;137.0;131.5
9021;Totaal;Littenseradiel;1996;10500.5;5348.0;5152.5;4751.0;2624.5;2126.5;4961.0;2483.0;2478.0;518.5;107.0;411.5;270.0;133.5;136.5
9022;Totaal;Littenseradiel;1997;10564.0;5389.5;5174.5;4796.0;2655.0;2141.0;4964.5;2485.5;2479.0;521.5;111.5;410.0;282.0;137.5;144.5
9023;Totaal;Littenseradiel;1998;10504.5;5353.5;5151.0;4774.0;2631.0;2143.0;4921.0;2464.0;2457.0;515.0;113.0;402.0;294.5;145.5;149.0
9024;Totaal;Littenseradiel;1999;10487.5;5329.5;5158.0;4766.5;2606.0;2160.5;4894.0;2452.0;2442.0;519.5;118.5;401.0;307.5;153.0;154.5
9025;Totaal;Littenseradiel;2000;10626.5;5377.0;5249.5;4848.5;2621.5;2227.0;4930.5;2473.5;2457.0;517.5;120.5;397.0;330.0;161.5;168.5
9026;Totaal;Littenseradiel;2001;10774.5;5438.0;5336.5;4935.5;2663.0;2272.5;4959.0;2488.5;2470.5;521.5;116.5;405.0;358.5;170.0;188.5
9027;Totaal;Littenseradiel;2002;10830.5;5463.0;5367.5;4965.0;2682.0;2283.0;4947.5;2481.0;2466.5;530.5;115.0;415.5;387.5;185.0;202.5
9028;Totaal;Littenseradiel;2003;10849.5;5470.5;5379.0;4991.5;2692.0;2299.5;4938.5;2473.0;2465.5;520.0;110.5;409.5;399.5;195.0;204.5
9029;Totaal;Littenseradiel;2004;10849.5;5476.5;5373.0;5017.0;2708.0;2309.0;4919.0;2463.5;2455.5;512.0;106.5;405.5;401.5;198.5;203.0
9030;Totaal;Littenseradiel;2005;10832.5;5477.5;5355.0;5033.0;2722.0;2311.0;4872.0;2440.5;2431.5;511.5;109.5;402.0;416.0;205.5;210.5
9031;Totaal;Littenseradiel;2006;10837.5;5485.0;5352.5;5049.0;2735.0;2314.0;4848.5;2428.5;2420.0;508.5;108.5;400.0;431.5;213.0;218.5
9032;Totaal;Littenseradiel;2007;10867.5;5499.0;5368.5;5075.5;2749.5;2326.0;4840.5;2425.0;2415.5;503.5;103.5;400.0;448.0;221.0;227.0
9033;Totaal;Littenseradiel;2008;10908.5;5520.0;5388.5;5129.0;2780.5;2348.5;4809.0;2408.5;2400.5;509.0;107.0;402.0;461.5;224.0;237.5
9034;Totaal;Littenseradiel;2009;10928.0;5545.0;5383.0;5126.5;2789.5;2337.0;4793.5;2400.5;2393.0;510.5;112.0;398.5;497.5;243.0;254.5
9035;Totaal;Littenseradiel;2010;10961.0;5577.5;5383.5;5114.0;2792.0;2322.0;4797.5;2404.0;2393.5;501.5;112.5;389.0;548.0;269.0;279.0
9036;Totaal;Littenseradiel;2011;10961.5;5571.5;5390.0;5103.5;2781.5;2322.0;4797.5;2403.0;2394.5;494.0;110.0;384.0;566.5;277.0;289.5
9037;Totaal;Littenseradiel;2012;10936.5;5554.5;5382.0;5079.5;2765.5;2314.0;4793.5;2400.0;2393.5;488.0;107.5;380.5;575.5;281.5;294.0
9038;Totaal;Littenseradiel;2013;10937.0;5569.5;5367.5;5082.0;2775.5;2306.5;4779.5;2393.0;2386.5;488.0;112.0;376.0;587.5;289.0;298.5
9039;Totaal;Littenseradiel;2014;10902.5;5557.5;5345.0;5057.0;2766.5;2290.5;4756.5;2381.5;2375.0;495.0;116.0;379.0;594.0;293.5;300.5
9040;Totaal;Littenseradiel;2015;10856.0;5526.5;5329.5;5038.0;2752.0;2286.0;4726.5;2364.5;2362.0;495.0;117.0;378.0;596.5;293.0;303.5
9041;Totaal;Littenseradiel;2016;10789.5;5503.0;5286.5;5008.5;2745.0;2263.5;4680.5;2339.0;2341.5;495.0;120.5;374.5;605.5;298.5;307.0
9042;Totaal;Lochem;1995;18555.0;9098.0;9457.0;7093.0;3816.0;3277.0;9548.5;4773.0;4775.5;1356.0;275.5;1080.5;557.5;233.5;324.0
9043;Totaal;Lochem;1996;18719.5;9160.0;9559.5;7176.0;3854.5;3321.5;9589.0;4789.5;4799.5;1375.0;272.5;1102.5;579.5;243.5;336.0
9044;Totaal;Lochem;1997;18851.5;9221.5;9630.0;7266.0;3897.0;3369.0;9586.0;4786.0;4800.0;1383.0;274.5;1108.5;616.5;264.0;352.5
9045;Totaal;Lochem;1998;18965.0;9293.0;9672.0;7307.5;3931.5;3376.0;9637.0;4812.0;4825.0;1368.0;272.0;1096.0;652.5;277.5;375.0
9046;Totaal;Lochem;1999;19123.5;9363.0;9760.5;7355.0;3950.0;3405.0;9721.5;4856.5;4865.0;1382.5;273.5;1109.0;664.5;283.0;381.5
9047;Totaal;Lochem;2000;19184.0;9391.0;9793.0;7384.5;3958.0;3426.5;9703.5;4850.5;4853.0;1411.0;284.0;1127.0;685.0;298.5;386.5
9048;Totaal;Lochem;2001;19296.0;9465.5;9830.5;7484.5;4022.5;3462.0;9691.5;4848.0;4843.5;1400.5;283.0;1117.5;719.5;312.0;407.5
9049;Totaal;Lochem;2002;19391.5;9515.5;9876.0;7587.0;4072.0;3515.0;9687.5;4846.5;4841.0;1384.5;280.0;1104.5;732.5;317.0;415.5
9050;Totaal;Lochem;2003;19379.0;9502.5;9876.5;7629.5;4093.0;3536.5;9620.5;4811.5;4809.0;1385.0;279.5;1105.5;744.0;318.5;425.5
9051;Totaal;Lochem;2004;19370.5;9491.5;9879.0;7647.5;4109.0;3538.5;9578.0;4791.0;4787.0;1384.5;274.0;1110.5;760.5;317.5;443.0
9052;Totaal;Lochem;2005;32838.5;16099.5;16739.0;12658.0;6814.0;5844.0;16441.0;8220.0;8221.0;2367.0;483.5;1883.5;1372.5;582.0;790.5
9053;Totaal;Lochem;2006;32846.5;16082.5;16764.0;12751.5;6839.5;5912.0;16337.5;8167.5;8170.0;2335.0;470.5;1864.5;1422.5;605.0;817.5
9054;Totaal;Lochem;2007;32938.5;16103.5;16835.0;12894.0;6891.5;6002.5;16227.0;8114.5;8112.5;2343.0;474.5;1868.5;1474.5;623.0;851.5
9055;Totaal;Lochem;2008;33179.0;16239.0;16940.0;13111.5;7011.5;6100.0;16196.5;8100.0;8096.5;2356.0;482.0;1874.0;1515.0;645.5;869.5
9056;Totaal;Lochem;2009;33354.0;16360.0;16994.0;13220.5;7096.0;6124.5;16148.5;8071.0;8077.5;2357.5;481.5;1876.0;1627.5;711.5;916.0
9057;Totaal;Lochem;2010;33336.5;16387.5;16949.0;13166.5;7093.0;6073.5;16057.5;8023.0;8034.5;2368.5;491.5;1877.0;1744.0;780.0;964.0
9058;Totaal;Lochem;2011;33270.5;16346.0;16924.5;13131.5;7067.0;6064.5;15972.0;7979.5;7992.5;2374.0;493.5;1880.5;1793.0;806.0;987.0
9059;Totaal;Lochem;2012;33285.5;16331.0;16954.5;13183.0;7074.5;6108.5;15900.5;7942.5;7958.0;2361.5;491.0;1870.5;1840.5;823.0;1017.5
9060;Totaal;Lochem;2013;33278.0;16331.5;16946.5;13236.0;7101.0;6135.0;15808.5;7895.0;7913.5;2349.0;496.0;1853.0;1884.5;839.5;1045.0
9061;Totaal;Lochem;2014;33246.0;16325.5;16920.5;13242.0;7115.0;6127.0;15722.0;7854.5;7867.5;2328.0;490.0;1838.0;1954.0;866.0;1088.0
9062;Totaal;Lochem;2015;33288.5;16381.5;16907.0;13290.5;7164.0;6126.5;15665.5;7831.5;7834.0;2305.5;491.0;1814.5;2027.0;895.0;1132.0
9063;Totaal;Lochem;2016;33439.0;16501.0;16938.0;13373.5;7226.5;6147.0;15671.0;7836.0;7835.0;2306.0;509.5;1796.5;2088.5;929.0;1159.5
9064;Totaal;Loenen;1995;8385.5;4142.5;4243.0;3394.0;1800.0;1594.0;4134.0;2066.5;2067.5;442.5;77.5;365.0;415.0;198.5;216.5
9065;Totaal;Loenen;1996;8420.0;4162.0;4258.0;3391.0;1800.0;1591.0;4158.5;2078.5;2080.0;443.0;78.0;365.0;427.5;205.5;222.0
9066;Totaal;Loenen;1997;8494.0;4197.5;4296.5;3439.5;1824.5;1615.0;4178.5;2087.5;2091.0;444.5;76.5;368.0;431.5;209.0;222.5
9067;Totaal;Loenen;1998;8530.5;4219.0;4311.5;3447.5;1838.5;1609.0;4196.0;2097.5;2098.5;445.0;72.0;373.0;442.0;211.0;231.0
9068;Totaal;Loenen;1999;8469.0;4178.5;4290.5;3397.0;1806.0;1591.0;4185.0;2094.5;2090.5;443.5;68.5;375.0;443.5;209.5;234.0
9069;Totaal;Loenen;2000;8400.5;4140.5;4260.0;3374.5;1789.5;1585.0;4136.0;2068.0;2068.0;444.0;72.5;371.5;446.0;210.5;235.5
9070;Totaal;Loenen;2001;8397.0;4136.5;4260.5;3406.0;1804.0;1602.0;4087.5;2043.0;2044.5;440.0;74.0;366.0;463.5;215.5;248.0
9071;Totaal;Loenen;2002;8366.0;4119.5;4246.5;3414.0;1808.0;1606.0;4043.0;2022.0;2021.0;435.0;75.5;359.5;474.0;214.0;260.0
9072;Totaal;Loenen;2003;8333.5;4107.5;4226.0;3403.5;1808.0;1595.5;4011.0;2003.5;2007.5;430.5;78.0;352.5;488.5;218.0;270.5
9073;Totaal;Loenen;2004;8340.5;4110.5;4230.0;3429.0;1819.0;1610.0;3975.5;1986.5;1989.0;431.5;81.0;350.5;504.5;224.0;280.5
9074;Totaal;Loenen;2005;8317.0;4086.0;4231.0;3438.0;1812.5;1625.5;3927.0;1965.5;1961.5;438.5;83.5;355.0;513.5;224.5;289.0
9075;Totaal;Loenen;2006;8254.0;4047.5;4206.5;3406.0;1789.5;1616.5;3878.5;1944.0;1934.5;443.0;86.5;356.5;526.5;227.5;299.0
9076;Totaal;Loenen;2007;8246.0;4042.0;4204.0;3421.0;1794.5;1626.5;3840.5;1923.5;1917.0;446.0;91.0;355.0;538.5;233.0;305.5
9077;Totaal;Loenen;2008;8363.5;4093.0;4270.5;3518.5;1838.0;1680.5;3864.0;1932.5;1931.5;439.0;88.5;350.5;542.0;234.0;308.0
9078;Totaal;Loenen;2009;8475.5;4148.5;4327.0;3601.5;1878.0;1723.5;3898.0;1950.5;1947.5;431.0;83.0;348.0;545.0;237.0;308.0
9079;Totaal;Loenen;2010;8533.0;4166.0;4367.0;3645.5;1897.5;1748.0;3908.5;1952.5;1956.0;435.0;79.0;356.0;544.0;237.0;307.0
9080;Totaal;Loenen;2011;;;;;;;;;;;;;;;
9081;Totaal;Loenen;2012;;;;;;;;;;;;;;;
9082;Totaal;Loenen;2013;;;;;;;;;;;;;;;
9083;Totaal;Loenen;2014;;;;;;;;;;;;;;;
9084;Totaal;Loenen;2015;;;;;;;;;;;;;;;
9085;Totaal;Loenen;2016;;;;;;;;;;;;;;;
9086;Totaal;Loon op Zand;1995;22489.0;11243.5;11245.5;9225.0;4962.0;4263.0;11387.5;5700.0;5687.5;1172.0;243.0;929.0;704.5;338.5;366.0
9087;Totaal;Loon op Zand;1996;22499.0;11252.0;11247.0;9248.5;4987.5;4261.0;11340.5;5673.0;5667.5;1161.0;239.0;922.0;749.0;352.5;396.5
9088;Totaal;Loon op Zand;1997;22497.5;11243.0;11254.5;9241.0;4988.5;4252.5;11292.5;5639.5;5653.0;1174.0;246.0;928.0;790.0;369.0;421.0
9089;Totaal;Loon op Zand;1998;22526.0;11227.5;11298.5;9227.5;4971.5;4256.0;11275.5;5630.0;5645.5;1190.0;242.5;947.5;833.0;383.5;449.5
9090;Totaal;Loon op Zand;1999;22723.0;11318.5;11404.5;9297.5;5008.5;4289.0;11344.0;5667.5;5676.5;1205.5;242.5;963.0;876.0;400.0;476.0
9091;Totaal;Loon op Zand;2000;22864.0;11392.5;11471.5;9369.5;5051.5;4318.0;11358.0;5677.0;5681.0;1218.0;245.0;973.0;918.5;419.0;499.5
9092;Totaal;Loon op Zand;2001;22984.5;11435.0;11549.5;9442.0;5077.0;4365.0;11332.5;5667.0;5665.5;1245.5;252.5;993.0;964.5;438.5;526.0
9093;Totaal;Loon op Zand;2002;23005.0;11434.0;11571.0;9465.5;5083.0;4382.5;11261.0;5631.5;5629.5;1275.5;265.5;1010.0;1003.0;454.0;549.0
9094;Totaal;Loon op Zand;2003;22951.5;11390.5;11561.0;9493.0;5091.0;4402.0;11140.0;5570.5;5569.5;1290.5;271.0;1019.5;1028.0;458.0;570.0
9095;Totaal;Loon op Zand;2004;22947.0;11385.0;11562.0;9548.5;5128.5;4420.0;11037.5;5518.0;5519.5;1309.0;280.0;1029.0;1052.0;458.5;593.5
9096;Totaal;Loon op Zand;2005;22862.5;11364.0;11498.5;9525.0;5141.0;4384.0;10943.0;5465.5;5477.5;1320.0;293.0;1027.0;1074.5;464.5;610.0
9097;Totaal;Loon op Zand;2006;22838.5;11344.5;11494.0;9522.5;5128.5;4394.0;10886.5;5438.0;5448.5;1325.0;301.0;1024.0;1104.5;477.0;627.5
9098;Totaal;Loon op Zand;2007;22877.5;11339.5;11538.0;9571.0;5134.0;4437.0;10846.5;5419.0;5427.5;1326.5;300.5;1026.0;1133.5;486.0;647.5
9099;Totaal;Loon op Zand;2008;22909.5;11341.0;11568.5;9625.0;5152.0;4473.0;10799.5;5393.0;5406.5;1333.5;302.0;1031.5;1151.5;494.0;657.5
9100;Totaal;Loon op Zand;2009;22975.0;11361.5;11613.5;9641.0;5147.0;4494.0;10766.5;5382.0;5384.5;1353.0;310.5;1042.5;1214.5;522.0;692.5
9101;Totaal;Loon op Zand;2010;22994.5;11360.0;11634.5;9628.0;5135.5;4492.5;10708.0;5356.5;5351.5;1366.5;314.0;1052.5;1292.0;554.0;738.0
9102;Totaal;Loon op Zand;2011;23022.0;11382.5;11639.5;9651.0;5154.5;4496.5;10667.0;5335.0;5332.0;1371.0;317.0;1054.0;1333.0;576.0;757.0
9103;Totaal;Loon op Zand;2012;23077.0;11427.0;11650.0;9705.5;5195.5;4510.0;10622.5;5310.5;5312.0;1372.5;321.0;1051.5;1376.5;600.0;776.5
9104;Totaal;Loon op Zand;2013;23081.5;11425.5;11656.0;9767.5;5229.5;4538.0;10509.0;5249.0;5260.0;1380.5;325.0;1055.5;1424.5;622.0;802.5
9105;Totaal;Loon op Zand;2014;23020.0;11399.5;11620.5;9772.5;5230.5;4542.0;10402.5;5194.0;5208.5;1387.5;333.5;1054.0;1457.5;641.5;816.0
9106;Totaal;Loon op Zand;2015;22944.5;11361.5;11583.0;9749.5;5214.5;4535.0;10317.5;5154.0;5163.5;1389.5;339.0;1050.5;1488.0;654.0;834.0
9107;Totaal;Loon op Zand;2016;23011.0;11403.0;11608.0;9828.5;5259.0;4569.5;10254.0;5121.5;5132.5;1394.5;347.0;1047.5;1534.0;675.5;858.5
9108;Totaal;Loosdrecht;1995;8932.0;4365.5;4566.5;3381.0;1807.5;1573.5;4389.5;2195.5;2194.0;651.0;115.0;536.0;510.5;247.5;263.0
9109;Totaal;Loosdrecht;1996;8947.0;4348.0;4599.0;3385.0;1798.5;1586.5;4369.0;2185.5;2183.5;668.0;112.0;556.0;525.0;252.0;273.0
9110;Totaal;Loosdrecht;1997;8888.5;4310.5;4578.0;3365.5;1784.5;1581.0;4338.5;2169.5;2169.0;652.5;110.5;542.0;532.0;246.0;286.0
9111;Totaal;Loosdrecht;1998;8836.5;4293.5;4543.0;3360.0;1783.0;1577.0;4304.5;2154.0;2150.5;619.5;108.0;511.5;552.5;248.5;304.0
9112;Totaal;Loosdrecht;1999;8813.5;4285.0;4528.5;3338.5;1775.0;1563.5;4304.5;2155.5;2149.0;602.0;100.0;502.0;568.5;254.5;314.0
9113;Totaal;Loosdrecht;2000;8772.5;4252.5;4520.0;3309.0;1750.0;1559.0;4310.0;2158.5;2151.5;593.0;96.0;497.0;560.5;248.0;312.5
9114;Totaal;Loosdrecht;2001;8819.5;4259.0;4560.5;3334.0;1753.0;1581.0;4312.5;2162.0;2150.5;601.5;97.5;504.0;571.5;246.5;325.0
9115;Totaal;Loosdrecht;2002;;;;;;;;;;;;;;;
9116;Totaal;Loosdrecht;2003;;;;;;;;;;;;;;;
9117;Totaal;Loosdrecht;2004;;;;;;;;;;;;;;;
9118;Totaal;Loosdrecht;2005;;;;;;;;;;;;;;;
9119;Totaal;Loosdrecht;2006;;;;;;;;;;;;;;;
9120;Totaal;Loosdrecht;2007;;;;;;;;;;;;;;;
9121;Totaal;Loosdrecht;2008;;;;;;;;;;;;;;;
9122;Totaal;Loosdrecht;2009;;;;;;;;;;;;;;;
9123;Totaal;Loosdrecht;2010;;;;;;;;;;;;;;;
9124;Totaal;Loosdrecht;2011;;;;;;;;;;;;;;;
9125;Totaal;Loosdrecht;2012;;;;;;;;;;;;;;;
9126;Totaal;Loosdrecht;2013;;;;;;;;;;;;;;;
9127;Totaal;Loosdrecht;2014;;;;;;;;;;;;;;;
9128;Totaal;Loosdrecht;2015;;;;;;;;;;;;;;;
9129;Totaal;Loosdrecht;2016;;;;;;;;;;;;;;;
9130;Totaal;Lopik;1995;13053.5;6676.5;6377.0;5819.0;3208.0;2611.0;6496.5;3248.5;3248.0;472.0;96.0;376.0;266.0;124.0;142.0
9131;Totaal;Lopik;1996;13154.5;6733.5;6421.0;5829.5;3224.0;2605.5;6550.0;3277.0;3273.0;481.0;93.5;387.5;294.0;139.0;155.0
9132;Totaal;Lopik;1997;13239.0;6772.0;6467.0;5852.0;3231.5;2620.5;6583.0;3295.0;3288.0;487.5;92.0;395.5;316.5;153.5;163.0
9133;Totaal;Lopik;1998;13286.5;6789.5;6497.0;5876.0;3242.5;2633.5;6588.5;3297.5;3291.0;490.5;88.5;402.0;331.5;161.0;170.5
9134;Totaal;Lopik;1999;13353.0;6823.0;6530.0;5918.5;3274.0;2644.5;6573.5;3291.5;3282.0;505.5;90.0;415.5;355.5;167.5;188.0
9135;Totaal;Lopik;2000;13444.0;6861.0;6583.0;5969.5;3293.5;2676.0;6583.5;3297.0;3286.5;522.5;100.5;422.0;368.5;170.0;198.5
9136;Totaal;Lopik;2001;13542.5;6907.5;6635.0;6039.5;3323.0;2716.5;6599.5;3305.0;3294.5;526.5;107.0;419.5;377.0;172.5;204.5
9137;Totaal;Lopik;2002;13649.5;6961.0;6688.5;6132.5;3366.5;2766.0;6589.0;3303.0;3286.0;531.5;109.5;422.0;396.5;182.0;214.5
9138;Totaal;Lopik;2003;13799.0;7026.0;6773.0;6270.0;3424.5;2845.5;6563.0;3288.5;3274.5;544.5;117.5;427.0;421.5;195.5;226.0
9139;Totaal;Lopik;2004;13919.0;7080.5;6838.5;6391.0;3480.5;2910.5;6527.5;3267.0;3260.5;553.5;124.0;429.5;447.0;209.0;238.0
9140;Totaal;Lopik;2005;13938.0;7094.0;6844.0;6414.0;3500.0;2914.0;6504.5;3253.5;3251.0;555.0;122.5;432.5;464.5;218.0;246.5
9141;Totaal;Lopik;2006;13953.5;7099.5;6854.0;6425.5;3502.5;2923.0;6487.5;3245.5;3242.0;555.0;120.0;435.0;485.5;231.5;254.0
9142;Totaal;Lopik;2007;14023.0;7136.0;6887.0;6479.5;3526.5;2953.0;6464.0;3236.5;3227.5;561.0;123.0;438.0;518.5;250.0;268.5
9143;Totaal;Lopik;2008;14101.5;7174.5;6927.0;6510.0;3541.0;2969.0;6478.0;3243.5;3234.5;565.5;127.0;438.5;548.0;263.0;285.0
9144;Totaal;Lopik;2009;14165.0;7201.0;6964.0;6514.5;3544.5;2970.0;6478.5;3242.5;3236.0;574.0;128.0;446.0;598.0;286.0;312.0
9145;Totaal;Lopik;2010;14147.5;7185.5;6962.0;6497.0;3535.0;2962.0;6415.5;3212.0;3203.5;586.0;131.0;455.0;649.0;307.5;341.5
9146;Totaal;Lopik;2011;14085.5;7159.5;6926.0;6464.5;3522.5;2942.0;6361.0;3184.5;3176.5;592.5;139.0;453.5;667.5;313.5;354.0
9147;Totaal;Lopik;2012;14021.0;7136.5;6884.5;6430.0;3516.5;2913.5;6318.5;3161.5;3157.0;600.0;141.5;458.5;672.5;317.0;355.5
9148;Totaal;Lopik;2013;13995.5;7114.5;6881.0;6431.0;3511.5;2919.5;6290.5;3147.0;3143.5;595.0;137.5;457.5;679.0;318.5;360.5
9149;Totaal;Lopik;2014;14049.0;7140.5;6908.5;6481.5;3539.5;2942.0;6284.0;3142.0;3142.0;589.0;136.5;452.5;694.5;322.5;372.0
9150;Totaal;Lopik;2015;14127.5;7179.5;6948.0;6525.5;3565.5;2960.0;6300.0;3150.0;3150.0;595.0;136.5;458.5;707.0;327.5;379.5
9151;Totaal;Lopik;2016;14182.0;7191.5;6990.5;6543.0;3564.5;2978.5;6321.0;3162.5;3158.5;599.5;133.0;466.5;718.5;331.5;387.0
9152;Totaal;Loppersum;1995;11109.5;5649.5;5460.0;4912.0;2734.5;2177.5;5224.0;2616.5;2607.5;633.5;131.0;502.5;340.0;167.5;172.5
9153;Totaal;Loppersum;1996;11100.5;5622.0;5478.5;4906.5;2721.0;2185.5;5190.0;2596.5;2593.5;642.0;128.0;514.0;362.0;176.5;185.5
9154;Totaal;Loppersum;1997;11058.0;5570.5;5487.5;4859.5;2674.5;2185.0;5176.5;2589.0;2587.5;652.0;126.5;525.5;370.0;180.5;189.5
9155;Totaal;Loppersum;1998;11054.0;5559.0;5495.0;4849.0;2663.0;2186.0;5183.0;2593.0;2590.0;644.5;125.5;519.0;377.5;177.5;200.0
9156;Totaal;Loppersum;1999;11046.0;5554.0;5492.0;4848.0;2660.5;2187.5;5175.5;2589.0;2586.5;637.0;124.5;512.5;385.5;180.0;205.5
9157;Totaal;Loppersum;2000;11031.0;5548.0;5483.0;4846.0;2654.5;2191.5;5161.5;2581.5;2580.0;634.5;127.0;507.5;389.0;185.0;204.0
9158;Totaal;Loppersum;2001;11043.5;5564.5;5479.0;4858.5;2662.0;2196.5;5162.5;2580.5;2582.0;607.5;122.5;485.0;415.0;199.5;215.5
9159;Totaal;Loppersum;2002;11100.5;5598.5;5502.0;4908.0;2696.0;2212.0;5142.0;2570.0;2572.0;597.0;115.0;482.0;453.5;217.5;236.0
9160;Totaal;Loppersum;2003;11106.5;5600.5;5506.0;4920.5;2709.0;2211.5;5102.0;2552.0;2550.0;603.0;110.5;492.5;481.0;229.0;252.0
9161;Totaal;Loppersum;2004;11046.5;5569.0;5477.5;4898.0;2696.0;2202.0;5053.5;2527.0;2526.5;595.5;109.5;486.0;499.5;236.5;263.0
9162;Totaal;Loppersum;2005;10979.0;5530.5;5448.5;4886.0;2687.5;2198.5;4997.5;2498.5;2499.0;593.0;110.0;483.0;502.5;234.5;268.0
9163;Totaal;Loppersum;2006;10854.0;5475.0;5379.0;4821.0;2660.5;2160.5;4935.0;2466.0;2469.0;590.5;110.0;480.5;507.5;238.5;269.0
9164;Totaal;Loppersum;2007;10742.0;5427.0;5315.0;4766.5;2634.5;2132.0;4865.5;2430.0;2435.5;585.5;114.0;471.5;524.5;248.5;276.0
9165;Totaal;Loppersum;2008;10622.5;5372.5;5250.0;4710.0;2606.5;2103.5;4795.0;2394.0;2401.0;576.0;115.0;461.0;541.5;257.0;284.5
9166;Totaal;Loppersum;2009;10497.5;5325.0;5172.5;4612.0;2560.5;2051.5;4740.5;2367.5;2373.0;569.0;118.5;450.5;576.0;278.5;297.5
9167;Totaal;Loppersum;2010;10465.0;5327.5;5137.5;4572.0;2550.5;2021.5;4718.5;2359.0;2359.5;565.0;121.0;444.0;609.5;297.0;312.5
9168;Totaal;Loppersum;2011;10422.0;5313.0;5109.0;4554.5;2556.0;1998.5;4680.0;2337.0;2343.0;560.0;118.5;441.5;627.5;301.5;326.0
9169;Totaal;Loppersum;2012;10329.0;5246.0;5083.0;4495.5;2514.5;1981.0;4618.5;2303.5;2315.0;565.5;120.5;445.0;649.5;307.5;342.0
9170;Totaal;Loppersum;2013;10244.0;5182.5;5061.5;4441.0;2468.5;1972.5;4571.0;2277.0;2294.0;565.5;123.0;442.5;666.5;314.0;352.5
9171;Totaal;Loppersum;2014;10168.0;5133.5;5034.5;4401.5;2440.0;1961.5;4520.0;2248.0;2272.0;565.5;127.5;438.0;681.0;318.0;363.0
9172;Totaal;Loppersum;2015;10091.0;5095.0;4996.0;4367.0;2415.0;1952.0;4462.5;2220.5;2242.0;562.0;134.0;428.0;699.5;325.5;374.0
9173;Totaal;Loppersum;2016;9978.0;5050.5;4927.5;4318.0;2385.0;1933.0;4400.5;2193.5;2207.0;550.0;138.5;411.5;709.5;333.5;376.0
9174;Totaal;Losser;1995;22819.0;11412.5;11406.5;9543.0;5164.0;4379.0;11432.0;5720.0;5712.0;1293.5;278.0;1015.5;550.5;250.5;300.0
9175;Totaal;Losser;1996;22802.5;11384.0;11418.5;9521.5;5146.5;4375.0;11406.0;5708.0;5698.0;1308.0;277.5;1030.5;567.0;252.0;315.0
9176;Totaal;Losser;1997;22748.5;11350.0;11398.5;9475.5;5124.5;4351.0;11344.5;5676.0;5668.5;1332.0;282.5;1049.5;596.5;267.0;329.5
9177;Totaal;Losser;1998;22591.5;11275.0;11316.5;9328.5;5059.5;4269.0;11292.5;5648.0;5644.5;1333.5;281.5;1052.0;637.0;286.0;351.0
9178;Totaal;Losser;1999;22528.0;11248.0;11280.0;9217.5;5010.0;4207.5;11311.0;5657.0;5654.0;1339.5;280.0;1059.5;660.0;301.0;359.0
9179;Totaal;Losser;2000;22688.5;11320.0;11368.5;9269.5;5031.0;4238.5;11380.0;5691.5;5688.5;1357.0;280.0;1077.0;682.0;317.5;364.5
9180;Totaal;Losser;2001;22730.0;11347.0;11383.0;9317.5;5062.5;4255.0;11343.0;5673.5;5669.5;1351.0;278.5;1072.5;718.5;332.5;386.0
9181;Totaal;Losser;2002;22645.0;11315.5;11329.5;9289.5;5057.5;4232.0;11278.5;5640.5;5638.0;1342.0;280.5;1061.5;735.0;337.0;398.0
9182;Totaal;Losser;2003;22547.5;11255.0;11292.5;9237.0;5026.5;4210.5;11225.5;5610.5;5615.0;1340.5;281.5;1059.0;744.5;336.5;408.0
9183;Totaal;Losser;2004;22497.5;11227.5;11270.0;9210.0;5016.5;4193.5;11184.5;5585.5;5599.0;1344.5;284.0;1060.5;758.5;341.5;417.0
9184;Totaal;Losser;2005;22488.0;11237.5;11250.5;9191.5;5015.0;4176.5;11163.5;5580.5;5583.0;1347.0;287.0;1060.0;786.0;355.0;431.0
9185;Totaal;Losser;2006;22487.0;11250.5;11236.5;9180.5;5011.5;4169.0;11164.5;5588.5;5576.0;1329.5;285.5;1044.0;812.5;365.0;447.5
9186;Totaal;Losser;2007;22488.5;11256.0;11232.5;9181.5;5010.5;4171.0;11168.5;5589.5;5579.0;1305.5;282.0;1023.5;833.0;374.0;459.0
9187;Totaal;Losser;2008;22540.5;11279.0;11261.5;9245.5;5039.0;4206.5;11127.5;5564.0;5563.5;1293.5;282.5;1011.0;874.0;393.5;480.5
9188;Totaal;Losser;2009;22618.0;11328.5;11289.5;9279.0;5067.5;4211.5;11066.0;5531.5;5534.5;1292.0;290.0;1002.0;981.0;439.5;541.5
9189;Totaal;Losser;2010;22655.5;11366.0;11289.5;9271.5;5081.0;4190.5;10986.0;5493.5;5492.5;1311.5;306.5;1005.0;1086.5;485.0;601.5
9190;Totaal;Losser;2011;22668.5;11386.0;11282.5;9288.0;5097.0;4191.0;10919.5;5458.5;5461.0;1327.5;318.5;1009.0;1133.5;512.0;621.5
9191;Totaal;Losser;2012;22613.5;11362.0;11251.5;9262.0;5079.0;4183.0;10855.5;5426.5;5429.0;1336.5;328.5;1008.0;1159.5;528.0;631.5
9192;Totaal;Losser;2013;22583.0;11336.5;11246.5;9269.5;5073.5;4196.0;10778.0;5387.0;5391.0;1335.0;335.0;1000.0;1200.5;541.0;659.5
9193;Totaal;Losser;2014;22539.5;11319.5;11220.0;9281.0;5074.5;4206.5;10694.5;5343.5;5351.0;1306.5;334.0;972.5;1257.5;567.5;690.0
9194;Totaal;Losser;2015;22455.5;11277.5;11178.0;9280.5;5058.0;4222.5;10592.0;5295.0;5297.0;1296.5;341.5;955.0;1286.5;583.0;703.5
9195;Totaal;Losser;2016;22463.0;11286.0;11177.0;9330.5;5084.0;4246.5;10498.0;5252.0;5246.0;1315.0;348.0;967.0;1319.5;602.0;717.5
9196;Totaal;Luyksgestel;1995;2885.0;1480.0;1405.0;1133.5;636.0;497.5;1573.5;787.5;786.0;116.5;22.0;94.5;61.5;34.5;27.0
9197;Totaal;Luyksgestel;1996;2887.0;1477.5;1409.5;1137.5;635.5;502.0;1561.5;780.5;781.0;122.0;24.0;98.0;66.0;37.5;28.5
9198;Totaal;Luyksgestel;1997;;;;;;;;;;;;;;;
9199;Totaal;Luyksgestel;1998;;;;;;;;;;;;;;;
9200;Totaal;Luyksgestel;1999;;;;;;;;;;;;;;;
9201;Totaal;Luyksgestel;2000;;;;;;;;;;;;;;;
9202;Totaal;Luyksgestel;2001;;;;;;;;;;;;;;;
9203;Totaal;Luyksgestel;2002;;;;;;;;;;;;;;;
9204;Totaal;Luyksgestel;2003;;;;;;;;;;;;;;;
9205;Totaal;Luyksgestel;2004;;;;;;;;;;;;;;;
9206;Totaal;Luyksgestel;2005;;;;;;;;;;;;;;;
9207;Totaal;Luyksgestel;2006;;;;;;;;;;;;;;;
9208;Totaal;Luyksgestel;2007;;;;;;;;;;;;;;;
9209;Totaal;Luyksgestel;2008;;;;;;;;;;;;;;;
9210;Totaal;Luyksgestel;2009;;;;;;;;;;;;;;;
9211;Totaal;Luyksgestel;2010;;;;;;;;;;;;;;;
9212;Totaal;Luyksgestel;2011;;;;;;;;;;;;;;;
9213;Totaal;Luyksgestel;2012;;;;;;;;;;;;;;;
9214;Totaal;Luyksgestel;2013;;;;;;;;;;;;;;;
9215;Totaal;Luyksgestel;2014;;;;;;;;;;;;;;;
9216;Totaal;Luyksgestel;2015;;;;;;;;;;;;;;;
9217;Totaal;Luyksgestel;2016;;;;;;;;;;;;;;;
9218;Totaal;Maarheeze;1995;9122.0;4719.5;4402.5;3764.5;2152.5;1612.0;4754.0;2373.0;2381.0;367.5;90.0;277.5;236.0;104.0;132.0
9219;Totaal;Maarheeze;1996;9152.0;4742.0;4410.0;3777.0;2172.5;1604.5;4754.5;2372.0;2382.5;368.0;85.5;282.5;252.5;112.0;140.5
9220;Totaal;Maarheeze;1997;;;;;;;;;;;;;;;
9221;Totaal;Maarheeze;1998;;;;;;;;;;;;;;;
9222;Totaal;Maarheeze;1999;;;;;;;;;;;;;;;
9223;Totaal;Maarheeze;2000;;;;;;;;;;;;;;;
9224;Totaal;Maarheeze;2001;;;;;;;;;;;;;;;
9225;Totaal;Maarheeze;2002;;;;;;;;;;;;;;;
9226;Totaal;Maarheeze;2003;;;;;;;;;;;;;;;
9227;Totaal;Maarheeze;2004;;;;;;;;;;;;;;;
9228;Totaal;Maarheeze;2005;;;;;;;;;;;;;;;
9229;Totaal;Maarheeze;2006;;;;;;;;;;;;;;;
9230;Totaal;Maarheeze;2007;;;;;;;;;;;;;;;
9231;Totaal;Maarheeze;2008;;;;;;;;;;;;;;;
9232;Totaal;Maarheeze;2009;;;;;;;;;;;;;;;
9233;Totaal;Maarheeze;2010;;;;;;;;;;;;;;;
9234;Totaal;Maarheeze;2011;;;;;;;;;;;;;;;
9235;Totaal;Maarheeze;2012;;;;;;;;;;;;;;;
9236;Totaal;Maarheeze;2013;;;;;;;;;;;;;;;
9237;Totaal;Maarheeze;2014;;;;;;;;;;;;;;;
9238;Totaal;Maarheeze;2015;;;;;;;;;;;;;;;
9239;Totaal;Maarheeze;2016;;;;;;;;;;;;;;;
9240;Totaal;Maarn;1995;5886.5;2921.5;2965.0;2239.0;1213.5;1025.5;3116.0;1554.5;1561.5;309.5;60.0;249.5;222.0;93.5;128.5
9241;Totaal;Maarn;1996;5902.5;2938.0;2964.5;2230.5;1219.0;1011.5;3137.5;1567.0;1570.5;311.0;62.0;249.0;223.5;90.0;133.5
9242;Totaal;Maarn;1997;5889.0;2929.5;2959.5;2228.0;1217.5;1010.5;3114.5;1557.0;1557.5;318.5;65.5;253.0;228.0;89.5;138.5
9243;Totaal;Maarn;1998;5853.5;2911.0;2942.5;2213.5;1209.0;1004.5;3068.0;1534.5;1533.5;328.5;71.0;257.5;243.5;96.5;147.0
9244;Totaal;Maarn;1999;5839.5;2909.0;2930.5;2205.0;1213.5;991.5;3048.5;1523.0;1525.5;327.5;69.0;258.5;258.5;103.5;155.0
9245;Totaal;Maarn;2000;5840.5;2913.0;2927.5;2203.0;1218.5;984.5;3045.0;1520.5;1524.5;328.0;65.0;263.0;264.5;109.0;155.5
9246;Totaal;Maarn;2001;5816.5;2895.5;2921.0;2198.5;1213.0;985.5;3017.0;1506.0;1511.0;330.0;63.5;266.5;271.0;113.0;158.0
9247;Totaal;Maarn;2002;5811.0;2885.0;2926.0;2219.5;1218.0;1001.5;2978.5;1488.0;1490.5;328.0;62.0;266.0;285.0;117.0;168.0
9248;Totaal;Maarn;2003;5862.5;2902.5;2960.0;2250.5;1227.5;1023.0;2980.5;1489.5;1491.0;335.5;63.5;272.0;296.0;122.0;174.0
9249;Totaal;Maarn;2004;5924.0;2925.0;2999.0;2272.0;1231.0;1041.0;2994.5;1494.0;1500.5;343.5;66.0;277.5;314.0;134.0;180.0
9250;Totaal;Maarn;2005;5939.5;2927.5;3012.0;2280.5;1229.0;1051.5;2982.5;1486.5;1496.0;348.5;67.5;281.0;328.0;144.5;183.5
9251;Totaal;Maarn;2006;;;;;;;;;;;;;;;
9252;Totaal;Maarn;2007;;;;;;;;;;;;;;;
9253;Totaal;Maarn;2008;;;;;;;;;;;;;;;
9254;Totaal;Maarn;2009;;;;;;;;;;;;;;;
9255;Totaal;Maarn;2010;;;;;;;;;;;;;;;
9256;Totaal;Maarn;2011;;;;;;;;;;;;;;;
9257;Totaal;Maarn;2012;;;;;;;;;;;;;;;
9258;Totaal;Maarn;2013;;;;;;;;;;;;;;;
9259;Totaal;Maarn;2014;;;;;;;;;;;;;;;
9260;Totaal;Maarn;2015;;;;;;;;;;;;;;;
9261;Totaal;Maarn;2016;;;;;;;;;;;;;;;
9262;Totaal;Maarssen;1995;41113.5;20310.0;20803.5;18245.0;9499.5;8745.5;19425.5;9707.5;9718.0;1428.5;259.5;1169.0;2014.5;843.5;1171.0
9263;Totaal;Maarssen;1996;41206.5;20333.0;20873.5;18291.5;9533.5;8758.0;19323.0;9654.0;9669.0;1493.5;267.5;1226.0;2098.5;878.0;1220.5
9264;Totaal;Maarssen;1997;41146.5;20276.5;20870.0;18242.0;9511.5;8730.5;19184.5;9583.0;9601.5;1545.0;281.5;1263.5;2175.0;900.5;1274.5
9265;Totaal;Maarssen;1998;40933.0;20166.5;20766.5;18142.5;9468.5;8674.0;19023.5;9507.0;9516.5;1537.5;289.5;1248.0;2229.5;901.5;1328.0
9266;Totaal;Maarssen;1999;40750.5;20057.0;20693.5;18045.5;9421.5;8624.0;18860.0;9429.0;9431.0;1557.5;293.0;1264.5;2287.5;913.5;1374.0
9267;Totaal;Maarssen;2000;40544.5;19929.5;20615.0;17940.0;9369.5;8570.5;18646.0;9318.0;9328.0;1603.0;296.0;1307.0;2355.5;946.0;1409.5
9268;Totaal;Maarssen;2001;40219.5;19757.5;20462.0;17804.0;9304.0;8500.0;18366.0;9175.5;9190.5;1624.5;302.5;1322.0;2425.0;975.5;1449.5
9269;Totaal;Maarssen;2002;40074.5;19696.5;20378.0;17736.0;9290.5;8445.5;18220.5;9093.5;9127.0;1636.5;307.5;1329.0;2481.5;1005.0;1476.5
9270;Totaal;Maarssen;2003;39929.0;19613.0;20316.0;17600.0;9226.5;8373.5;18167.0;9061.0;9106.0;1644.0;302.0;1342.0;2518.0;1023.5;1494.5
9271;Totaal;Maarssen;2004;39809.0;19530.5;20278.5;17444.0;9136.5;8307.5;18167.0;9063.5;9103.5;1657.0;300.0;1357.0;2541.0;1030.5;1510.5
9272;Totaal;Maarssen;2005;39669.0;19465.5;20203.5;17360.0;9098.0;8262.0;18076.5;9019.0;9057.5;1673.0;313.0;1360.0;2559.5;1035.5;1524.0
9273;Totaal;Maarssen;2006;39478.0;19377.0;20101.0;17302.5;9075.0;8227.5;17870.0;8919.5;8950.5;1703.0;330.5;1372.5;2602.5;1052.0;1550.5
9274;Totaal;Maarssen;2007;39377.0;19308.5;20068.5;17283.5;9054.0;8229.5;17694.0;8831.0;8863.0;1730.0;334.5;1395.5;2669.5;1089.0;1580.5
9275;Totaal;Maarssen;2008;39498.5;19342.5;20156.0;17378.5;9083.5;8295.0;17631.5;8799.5;8832.0;1751.0;338.0;1413.0;2737.5;1121.5;1616.0
9276;Totaal;Maarssen;2009;39649.5;19384.5;20265.0;17449.5;9091.5;8358.0;17575.5;8774.5;8801.0;1769.5;346.0;1423.5;2855.0;1172.5;1682.5
9277;Totaal;Maarssen;2010;39707.5;19394.0;20313.5;17465.5;9080.0;8385.5;17491.5;8729.0;8762.5;1794.0;359.0;1435.0;2956.5;1226.0;1730.5
9278;Totaal;Maarssen;2011;;;;;;;;;;;;;;;
9279;Totaal;Maarssen;2012;;;;;;;;;;;;;;;
9280;Totaal;Maarssen;2013;;;;;;;;;;;;;;;
9281;Totaal;Maarssen;2014;;;;;;;;;;;;;;;
9282;Totaal;Maarssen;2015;;;;;;;;;;;;;;;
9283;Totaal;Maarssen;2016;;;;;;;;;;;;;;;
9284;Totaal;Maartensdijk;1995;9345.0;4636.5;4708.5;3918.0;2082.5;1835.5;4701.0;2349.5;2351.5;451.5;78.0;373.5;274.5;126.5;148.0
9285;Totaal;Maartensdijk;1996;9397.5;4654.0;4743.5;3932.0;2085.0;1847.0;4724.0;2362.0;2362.0;462.5;79.5;383.0;279.0;127.5;151.5
9286;Totaal;Maartensdijk;1997;9412.0;4645.0;4767.0;3927.0;2069.0;1858.0;4732.0;2363.5;2368.5;461.0;82.0;379.0;292.0;130.5;161.5
9287;Totaal;Maartensdijk;1998;9486.0;4660.0;4826.0;3956.5;2069.0;1887.5;4739.0;2368.5;2370.5;466.5;83.0;383.5;324.0;139.5;184.5
9288;Totaal;Maartensdijk;1999;9555.0;4683.5;4871.5;3999.5;2088.5;1911.0;4731.0;2365.5;2365.5;477.0;82.5;394.5;347.5;147.0;200.5
9289;Totaal;Maartensdijk;2000;9572.0;4708.0;4864.0;6795.0;3411.0;3384.0;2365.5;1182.0;1183.5;237.5;42.0;195.5;174.0;73.0;101.0
9290;Totaal;Maartensdijk;2001;;;;;;;;;;;;;;;
9291;Totaal;Maartensdijk;2002;;;;;;;;;;;;;;;
9292;Totaal;Maartensdijk;2003;;;;;;;;;;;;;;;
9293;Totaal;Maartensdijk;2004;;;;;;;;;;;;;;;
9294;Totaal;Maartensdijk;2005;;;;;;;;;;;;;;;
9295;Totaal;Maartensdijk;2006;;;;;;;;;;;;;;;
9296;Totaal;Maartensdijk;2007;;;;;;;;;;;;;;;
9297;Totaal;Maartensdijk;2008;;;;;;;;;;;;;;;
9298;Totaal;Maartensdijk;2009;;;;;;;;;;;;;;;
9299;Totaal;Maartensdijk;2010;;;;;;;;;;;;;;;
9300;Totaal;Maartensdijk;2011;;;;;;;;;;;;;;;
9301;Totaal;Maartensdijk;2012;;;;;;;;;;;;;;;
9302;Totaal;Maartensdijk;2013;;;;;;;;;;;;;;;
9303;Totaal;Maartensdijk;2014;;;;;;;;;;;;;;;
9304;Totaal;Maartensdijk;2015;;;;;;;;;;;;;;;
9305;Totaal;Maartensdijk;2016;;;;;;;;;;;;;;;
9306;Totaal;Maasbracht;1995;13751.0;6963.0;6788.0;5138.5;2913.0;2225.5;7292.5;3642.5;3650.0;834.0;177.5;656.5;486.0;230.0;256.0
9307;Totaal;Maasbracht;1996;13773.0;6960.0;6813.0;5149.0;2906.5;2242.5;7265.0;3628.5;3636.5;845.5;181.0;664.5;513.5;244.0;269.5
9308;Totaal;Maasbracht;1997;13711.0;6907.0;6804.0;5097.0;2859.5;2237.5;7226.0;3611.5;3614.5;854.0;179.5;674.5;534.0;256.5;277.5
9309;Totaal;Maasbracht;1998;13613.0;6857.5;6755.5;5069.5;2847.0;2222.5;7130.5;3566.5;3564.0;865.0;182.0;683.0;548.0;262.0;286.0
9310;Totaal;Maasbracht;1999;13631.5;6872.0;6759.5;5116.5;2881.5;2235.0;7069.0;3537.5;3531.5;884.5;187.5;697.0;561.5;265.5;296.0
9311;Totaal;Maasbracht;2000;13680.0;6888.5;6791.5;5146.0;2896.5;2249.5;7064.5;3533.5;3531.0;895.0;186.0;709.0;574.5;272.5;302.0
9312;Totaal;Maasbracht;2001;13698.5;6890.0;6808.5;5168.5;2910.0;2258.5;7031.5;3516.5;3515.0;891.0;179.0;712.0;607.5;284.5;323.0
9313;Totaal;Maasbracht;2002;13712.0;6880.0;6832.0;5231.5;2942.5;2289.0;6946.0;3474.5;3471.5;886.0;167.0;719.0;648.5;296.0;352.5
9314;Totaal;Maasbracht;2003;13724.5;6870.0;6854.5;5276.0;2954.5;2321.5;6873.0;3437.5;3435.5;893.5;167.0;726.5;682.0;311.0;371.0
9315;Totaal;Maasbracht;2004;13691.5;6853.5;6838.0;5270.0;2946.5;2323.5;6819.5;3411.0;3408.5;897.5;173.0;724.5;704.5;323.0;381.5
9316;Totaal;Maasbracht;2005;13642.5;6820.0;6822.5;5274.0;2935.0;2339.0;6745.0;3376.0;3369.0;901.0;181.0;720.0;722.5;328.0;394.5
9317;Totaal;Maasbracht;2006;13605.5;6799.5;6806.0;5267.5;2924.5;2343.0;6680.0;3343.0;3337.0;912.0;193.5;718.5;746.0;338.5;407.5
9318;Totaal;Maasbracht;2007;;;;;;;;;;;;;;;
9319;Totaal;Maasbracht;2008;;;;;;;;;;;;;;;
9320;Totaal;Maasbracht;2009;;;;;;;;;;;;;;;
9321;Totaal;Maasbracht;2010;;;;;;;;;;;;;;;
9322;Totaal;Maasbracht;2011;;;;;;;;;;;;;;;
9323;Totaal;Maasbracht;2012;;;;;;;;;;;;;;;
9324;Totaal;Maasbracht;2013;;;;;;;;;;;;;;;
9325;Totaal;Maasbracht;2014;;;;;;;;;;;;;;;
9326;Totaal;Maasbracht;2015;;;;;;;;;;;;;;;
9327;Totaal;Maasbracht;2016;;;;;;;;;;;;;;;
9328;Totaal;Maasbree;1995;12372.5;6283.0;6089.5;5284.5;2884.0;2400.5;6362.5;3184.5;3178.0;464.5;96.0;368.5;261.0;118.5;142.5
9329;Totaal;Maasbree;1996;12479.0;6338.0;6141.0;5309.0;2900.0;2409.0;6440.0;3223.5;3216.5;464.0;95.0;369.0;266.0;119.5;146.5
9330;Totaal;Maasbree;1997;12698.5;6444.5;6254.0;5411.0;2955.5;2455.5;6544.0;3274.5;3269.5;472.0;97.0;375.0;271.5;117.5;154.0
9331;Totaal;Maasbree;1998;12799.5;6486.0;6313.5;5445.5;2971.5;2474.0;6573.5;3286.5;3287.0;483.0;99.0;384.0;297.5;129.0;168.5
9332;Totaal;Maasbree;1999;12799.0;6465.5;6333.5;5431.5;2949.5;2482.0;6555.5;3277.0;3278.5;484.0;95.5;388.5;328.0;143.5;184.5
9333;Totaal;Maasbree;2000;12811.0;6469.5;6341.5;5427.5;2946.5;2481.0;6546.5;3272.5;3274.0;485.5;96.0;389.5;351.5;154.5;197.0
9334;Totaal;Maasbree;2001;12829.5;6496.5;6333.0;5450.0;2973.5;2476.5;6525.0;3263.0;3262.0;493.5;103.0;390.5;361.0;157.0;204.0
9335;Totaal;Maasbree;2002;12855.5;6522.0;6333.5;5466.5;2998.0;2468.5;6509.0;3254.5;3254.5;502.0;107.0;395.0;378.0;162.5;215.5
9336;Totaal;Maasbree;2003;12865.0;6535.0;6330.0;5434.0;2996.5;2437.5;6519.5;3258.5;3261.0;517.0;112.5;404.5;394.5;167.5;227.0
9337;Totaal;Maasbree;2004;12847.5;6525.5;6322.0;5394.5;2974.5;2420.0;6515.5;3257.0;3258.5;534.5;122.5;412.0;403.0;171.5;231.5
9338;Totaal;Maasbree;2005;12844.5;6522.0;6322.5;5385.0;2964.5;2420.5;6496.5;3247.0;3249.5;550.5;127.5;423.0;412.5;183.0;229.5
9339;Totaal;Maasbree;2006;12850.5;6535.5;6315.0;5392.5;2973.5;2419.0;6485.5;3243.0;3242.5;560.0;132.5;427.5;412.5;186.5;226.0
9340;Totaal;Maasbree;2007;12895.5;6565.5;6330.0;5430.5;2994.5;2436.0;6483.0;3242.5;3240.5;563.5;136.5;427.0;418.5;192.0;226.5
9341;Totaal;Maasbree;2008;13002.0;6620.0;6382.0;5524.5;3045.0;2479.5;6471.5;3239.0;3232.5;566.5;135.0;431.5;439.5;201.0;238.5
9342;Totaal;Maasbree;2009;13079.5;6670.5;6409.0;5589.0;3091.0;2498.0;6438.0;3225.0;3213.0;578.5;138.5;440.0;474.0;216.0;258.0
9343;Totaal;Maasbree;2010;;;;;;;;;;;;;;;
9344;Totaal;Maasbree;2011;;;;;;;;;;;;;;;
9345;Totaal;Maasbree;2012;;;;;;;;;;;;;;;
9346;Totaal;Maasbree;2013;;;;;;;;;;;;;;;
9347;Totaal;Maasbree;2014;;;;;;;;;;;;;;;
9348;Totaal;Maasbree;2015;;;;;;;;;;;;;;;
9349;Totaal;Maasbree;2016;;;;;;;;;;;;;;;
9350;Totaal;Maasdonk;1995;11117.5;5583.5;5534.0;4755.5;2521.0;2234.5;5664.0;2840.5;2823.5;447.5;93.0;354.5;250.5;129.0;121.5
9351;Totaal;Maasdonk;1996;11228.0;5645.5;5582.5;4807.5;2552.5;2255.0;5707.5;2860.5;2847.0;458.0;100.0;358.0;255.0;132.5;122.5
9352;Totaal;Maasdonk;1997;11326.0;5707.0;5619.0;4872.5;2597.5;2275.0;5718.5;2865.0;2853.5;469.0;104.5;364.5;266.0;140.0;126.0
9353;Totaal;Maasdonk;1998;11382.0;5729.0;5653.0;4909.0;2609.5;2299.5;5717.0;2866.5;2850.5;476.0;107.5;368.5;280.0;145.5;134.5
9354;Totaal;Maasdonk;1999;11401.5;5726.5;5675.0;4916.0;2601.5;2314.5;5712.0;2860.5;2851.5;482.0;113.0;369.0;291.5;151.5;140.0
9355;Totaal;Maasdonk;2000;11410.0;5720.0;5690.0;4925.0;2598.0;2327.0;5691.5;2848.0;2843.5;491.5;114.5;377.0;302.0;159.5;142.5
9356;Totaal;Maasdonk;2001;11412.0;5713.5;5698.5;4918.0;2587.5;2330.5;5689.5;2851.0;2838.5;497.0;114.0;383.0;307.5;161.0;146.5
9357;Totaal;Maasdonk;2002;11410.5;5708.0;5702.5;4889.5;2567.5;2322.0;5697.0;2855.0;2842.0;506.0;120.0;386.0;318.0;165.5;152.5
9358;Totaal;Maasdonk;2003;11390.5;5696.0;5694.5;4877.0;2563.5;2313.5;5682.0;2846.0;2836.0;507.0;118.0;389.0;324.5;168.5;156.0
9359;Totaal;Maasdonk;2004;11367.5;5687.0;5680.5;4885.0;2580.0;2305.0;5649.5;2828.0;2821.5;509.5;112.0;397.5;323.5;167.0;156.5
9360;Totaal;Maasdonk;2005;11321.5;5669.5;5652.0;4865.5;2584.5;2281.0;5607.0;2804.5;2802.5;519.5;110.5;409.0;329.5;170.0;159.5
9361;Totaal;Maasdonk;2006;11287.5;5654.5;5633.0;4840.0;2575.5;2264.5;5575.5;2787.5;2788.0;523.5;112.0;411.5;348.5;179.5;169.0
9362;Totaal;Maasdonk;2007;11276.0;5647.5;5628.5;4835.5;2570.5;2265.0;5531.0;2766.0;2765.0;533.5;115.5;418.0;376.0;195.5;180.5
9363;Totaal;Maasdonk;2008;11260.0;5642.5;5617.5;4837.0;2574.0;2263.0;5497.5;2752.0;2745.5;536.0;116.0;420.0;389.5;200.5;189.0
9364;Totaal;Maasdonk;2009;11264.0;5643.0;5621.0;4831.5;2574.0;2257.5;5478.0;2743.0;2735.0;534.5;112.5;422.0;420.0;213.5;206.5
9365;Totaal;Maasdonk;2010;11261.0;5640.0;5621.0;4817.0;2567.5;2249.5;5445.0;2729.0;2716.0;542.5;113.5;429.0;456.5;230.0;226.5
9366;Totaal;Maasdonk;2011;11256.5;5643.0;5613.5;4807.0;2568.0;2239.0;5415.5;2715.0;2700.5;560.5;121.5;439.0;473.5;238.5;235.0
9367;Totaal;Maasdonk;2012;11239.5;5633.5;5606.0;4787.5;2554.0;2233.5;5390.5;2701.0;2689.5;574.0;129.5;444.5;487.5;249.0;238.5
9368;Totaal;Maasdonk;2013;11231.0;5643.0;5588.0;4790.0;2562.0;2228.0;5351.5;2679.5;2672.0;585.0;144.5;440.5;504.5;257.0;247.5
9369;Totaal;Maasdonk;2014;11295.0;5697.5;5597.5;4838.5;2601.0;2237.5;5323.5;2664.0;2659.5;603.5;162.5;441.0;529.5;270.0;259.5
9370;Totaal;Maasdonk;2015;;;;;;;;;;;;;;;
9371;Totaal;Maasdonk;2016;;;;;;;;;;;;;;;
9372;Totaal;Maasdriel;1995;9179.5;4639.5;4540.0;3896.0;2137.5;1758.5;4611.0;2305.0;2306.0;427.5;76.0;351.5;245.0;121.0;124.0
9373;Totaal;Maasdriel;1996;9260.0;4678.5;4581.5;3925.0;2152.5;1772.5;4645.0;2321.5;2323.5;432.5;75.5;357.0;257.5;129.0;128.5
9374;Totaal;Maasdriel;1997;9360.0;4726.5;4633.5;3972.5;2180.0;1792.5;4667.5;2331.0;2336.5;450.0;76.5;373.5;270.0;139.0;131.0
9375;Totaal;Maasdriel;1998;9428.0;4761.5;4666.5;3999.5;2202.0;1797.5;4674.5;2337.5;2337.0;464.5;77.0;387.5;289.5;145.0;144.5
9376;Totaal;Maasdriel;1999;22989.5;11509.5;11480.0;9588.0;5228.0;4360.0;11364.5;5688.5;5676.0;1270.5;213.0;1057.5;766.5;380.0;386.5
9377;Totaal;Maasdriel;2000;23207.5;11609.5;11598.0;9722.5;5283.5;4439.0;11413.0;5709.5;5703.5;1273.0;215.0;1058.0;799.0;401.5;397.5
9378;Totaal;Maasdriel;2001;23473.0;11744.0;11729.0;9885.5;5371.5;4514.0;11453.5;5728.0;5725.5;1288.0;218.5;1069.5;846.0;426.0;420.0
9379;Totaal;Maasdriel;2002;23547.5;11804.0;11743.5;9925.0;5406.0;4519.0;11423.5;5718.0;5705.5;1310.5;228.5;1082.0;888.5;451.5;437.0
9380;Totaal;Maasdriel;2003;23520.0;11795.5;11724.5;9896.5;5385.5;4511.0;11383.5;5702.0;5681.5;1320.5;236.0;1084.5;919.5;472.0;447.5
9381;Totaal;Maasdriel;2004;23537.5;11812.5;11725.0;9935.0;5405.5;4529.5;11346.0;5684.5;5661.5;1312.0;242.5;1069.5;944.5;480.0;464.5
9382;Totaal;Maasdriel;2005;23559.5;11847.5;11712.0;9988.0;5450.5;4537.5;11315.0;5666.5;5648.5;1300.5;253.5;1047.0;956.0;477.0;479.0
9383;Totaal;Maasdriel;2006;23539.5;11849.5;11690.0;9991.0;5468.5;4522.5;11275.0;5645.0;5630.0;1292.0;254.0;1038.0;981.5;482.0;499.5
9384;Totaal;Maasdriel;2007;23572.5;11869.5;11703.0;10039.5;5503.5;4536.0;11210.0;5612.5;5597.5;1304.5;259.5;1045.0;1018.5;494.0;524.5
9385;Totaal;Maasdriel;2008;23714.5;11959.5;11755.0;10158.5;5586.0;4572.5;11190.0;5599.0;5591.0;1316.0;269.5;1046.5;1050.0;505.0;545.0
9386;Totaal;Maasdriel;2009;23777.0;11991.0;11786.0;10167.5;5586.5;4581.0;11167.5;5584.0;5583.5;1319.0;277.5;1041.5;1123.0;543.0;580.0
9387;Totaal;Maasdriel;2010;23863.0;12032.0;11831.0;10191.0;5587.0;4604.0;11133.5;5572.5;5561.0;1333.0;286.5;1046.5;1205.5;586.0;619.5
9388;Totaal;Maasdriel;2011;23996.0;12107.5;11888.5;10289.5;5638.0;4651.5;11117.0;5571.5;5545.5;1341.0;292.0;1049.0;1248.5;606.0;642.5
9389;Totaal;Maasdriel;2012;24057.0;12141.5;11915.5;10353.0;5668.0;4685.0;11056.5;5544.0;5512.5;1350.0;300.5;1049.5;1297.5;629.0;668.5
9390;Totaal;Maasdriel;2013;24124.0;12187.5;11936.5;10415.0;5715.5;4699.5;11001.5;5514.5;5487.0;1362.5;312.0;1050.5;1345.0;645.5;699.5
9391;Totaal;Maasdriel;2014;24170.5;12216.5;11954.0;10464.5;5751.5;4713.0;10950.0;5487.0;5463.0;1375.5;317.0;1058.5;1380.5;661.0;719.5
9392;Totaal;Maasdriel;2015;24134.5;12198.5;11936.0;10495.5;5764.5;4731.0;10818.5;5419.0;5399.5;1394.0;327.0;1067.0;1426.5;688.0;738.5
9393;Totaal;Maasdriel;2016;24167.0;12238.0;11929.0;10587.5;5825.5;4762.0;10713.0;5364.5;5348.5;1396.0;339.0;1057.0;1470.5;709.0;761.5
9394;Totaal;Maasgouw;1995;;;;;;;;;;;;;;;
9395;Totaal;Maasgouw;1996;;;;;;;;;;;;;;;
9396;Totaal;Maasgouw;1997;;;;;;;;;;;;;;;
9397;Totaal;Maasgouw;1998;;;;;;;;;;;;;;;
9398;Totaal;Maasgouw;1999;;;;;;;;;;;;;;;
9399;Totaal;Maasgouw;2000;;;;;;;;;;;;;;;
9400;Totaal;Maasgouw;2001;;;;;;;;;;;;;;;
9401;Totaal;Maasgouw;2002;;;;;;;;;;;;;;;
9402;Totaal;Maasgouw;2003;;;;;;;;;;;;;;;
9403;Totaal;Maasgouw;2004;;;;;;;;;;;;;;;
9404;Totaal;Maasgouw;2005;;;;;;;;;;;;;;;
9405;Totaal;Maasgouw;2006;;;;;;;;;;;;;;;
9406;Totaal;Maasgouw;2007;24521.0;12267.5;12253.5;9748.0;5376.0;4372.0;11875.5;5941.0;5934.5;1590.5;324.5;1266.0;1307.0;626.0;681.0
9407;Totaal;Maasgouw;2008;24509.0;12241.0;12268.0;9755.0;5363.0;4392.0;11820.5;5914.5;5906.0;1582.0;319.5;1262.5;1351.5;644.0;707.5
9408;Totaal;Maasgouw;2009;24374.0;12148.5;12225.5;9618.0;5272.0;4346.0;11766.0;5891.0;5875.0;1577.0;314.5;1262.5;1413.0;671.0;742.0
9409;Totaal;Maasgouw;2010;24273.5;12110.0;12163.5;9530.5;5237.5;4293.0;11669.0;5847.5;5821.5;1590.5;318.5;1272.0;1483.5;706.5;777.0
9410;Totaal;Maasgouw;2011;24183.5;12087.0;12096.5;9518.5;5248.5;4270.0;11537.0;5780.0;5757.0;1596.5;324.5;1272.0;1531.5;734.0;797.5
9411;Totaal;Maasgouw;2012;24056.0;12038.0;12018.0;9496.0;5247.0;4249.0;11398.5;5706.0;5692.5;1584.0;325.5;1258.5;1577.5;759.5;818.0
9412;Totaal;Maasgouw;2013;23962.0;12013.0;11949.0;9481.5;5247.5;4234.0;11284.0;5651.5;5632.5;1573.5;331.5;1242.0;1623.0;782.5;840.5
9413;Totaal;Maasgouw;2014;23836.5;11941.0;11895.5;9440.0;5217.5;4222.5;11143.0;5579.5;5563.5;1589.0;340.5;1248.5;1664.5;803.5;861.0
9414;Totaal;Maasgouw;2015;23761.5;11912.5;11849.0;9467.5;5239.0;4228.5;10993.5;5500.0;5493.5;1600.0;352.5;1247.5;1700.5;821.0;879.5
9415;Totaal;Maasgouw;2016;23765.5;11937.5;11828.0;9566.5;5306.5;4260.0;10865.5;5431.5;5434.0;1592.0;358.5;1233.5;1741.5;841.0;900.5
9416;Totaal;Maasland;1995;6640.5;3365.0;3275.5;2803.5;1527.5;1276.0;3471.5;1734.5;1737.0;227.5;40.5;187.0;138.0;62.5;75.5
9417;Totaal;Maasland;1996;6685.5;3380.5;3305.0;2824.0;1529.5;1294.5;3487.5;1744.5;1743.0;230.5;42.5;188.0;143.5;64.0;79.5
9418;Totaal;Maasland;1997;6716.5;3385.0;3331.5;2833.0;1522.5;1310.5;3507.0;1755.5;1751.5;225.5;38.0;187.5;151.0;69.0;82.0
9419;Totaal;Maasland;1998;6734.0;3390.5;3343.5;2855.0;1532.5;1322.5;3493.5;1747.5;1746.0;227.0;36.0;191.0;158.5;74.5;84.0
9420;Totaal;Maasland;1999;6778.5;3414.0;3364.5;2883.0;1547.5;1335.5;3496.0;1747.0;1749.0;233.5;38.5;195.0;166.0;81.0;85.0
9421;Totaal;Maasland;2000;6820.0;3442.5;3377.5;2907.0;1567.5;1339.5;3487.5;1743.0;1744.5;248.0;43.0;205.0;177.5;89.0;88.5
9422;Totaal;Maasland;2001;6833.0;3451.0;3382.0;2923.5;1580.0;1343.5;3458.5;1728.0;1730.5;260.0;47.0;213.0;191.0;96.0;95.0
9423;Totaal;Maasland;2002;6838.5;3445.0;3393.5;2930.0;1576.5;1353.5;3450.5;1723.0;1727.5;263.5;49.0;214.5;194.5;96.5;98.0
9424;Totaal;Maasland;2003;6725.5;3385.5;3340.0;2878.5;1550.5;1328.0;3386.0;1691.5;1694.5;271.0;51.5;219.5;190.0;92.0;98.0
9425;Totaal;Maasland;2004;;;;;;;;;;;;;;;
9426;Totaal;Maasland;2005;;;;;;;;;;;;;;;
9427;Totaal;Maasland;2006;;;;;;;;;;;;;;;
9428;Totaal;Maasland;2007;;;;;;;;;;;;;;;
9429;Totaal;Maasland;2008;;;;;;;;;;;;;;;
9430;Totaal;Maasland;2009;;;;;;;;;;;;;;;
9431;Totaal;Maasland;2010;;;;;;;;;;;;;;;
9432;Totaal;Maasland;2011;;;;;;;;;;;;;;;
9433;Totaal;Maasland;2012;;;;;;;;;;;;;;;
9434;Totaal;Maasland;2013;;;;;;;;;;;;;;;
9435;Totaal;Maasland;2014;;;;;;;;;;;;;;;
9436;Totaal;Maasland;2015;;;;;;;;;;;;;;;
9437;Totaal;Maasland;2016;;;;;;;;;;;;;;;
9438;Totaal;Maassluis;1995;33049.0;16411.5;16637.5;13773.5;7458.5;6315.0;16049.5;8034.5;8015.0;1643.5;270.0;1373.5;1582.5;648.5;934.0
9439;Totaal;Maassluis;1996;33068.5;16433.0;16635.5;13764.0;7457.0;6307.0;16000.5;8014.0;7986.5;1681.5;279.5;1402.0;1622.5;682.5;940.0
9440;Totaal;Maassluis;1997;33074.0;16437.5;16636.5;13744.5;7450.0;6294.5;15971.0;7995.5;7975.5;1698.5;280.5;1418.0;1660.0;711.5;948.5
9441;Totaal;Maassluis;1998;33053.0;16413.0;16640.0;13714.0;7446.5;6267.5;15943.5;7969.5;7974.0;1663.0;267.0;1396.0;1732.5;730.0;1002.5
9442;Totaal;Maassluis;1999;33085.0;16427.5;16657.5;13714.5;7461.0;6253.5;15920.0;7962.0;7958.0;1658.0;257.0;1401.0;1792.5;747.5;1045.0
9443;Totaal;Maassluis;2000;33045.5;16399.0;16646.5;13688.0;7444.0;6244.0;15829.0;7921.0;7908.0;1700.5;269.0;1431.5;1828.0;765.0;1063.0
9444;Totaal;Maassluis;2001;32928.5;16307.5;16621.0;13671.0;7420.5;6250.5;15654.0;7825.0;7829.0;1729.0;286.5;1442.5;1874.5;775.5;1099.0
9445;Totaal;Maassluis;2002;32895.5;16263.0;16632.5;13660.0;7407.0;6253.0;15591.0;7792.5;7798.5;1739.0;289.5;1449.5;1905.5;774.0;1131.5
9446;Totaal;Maassluis;2003;32824.5;16183.0;16641.5;13594.0;7347.0;6247.0;15569.5;7777.0;7792.5;1741.5;289.0;1452.5;1919.5;770.0;1149.5
9447;Totaal;Maassluis;2004;32649.0;16048.0;16601.0;13482.5;7247.0;6235.5;15475.5;7726.5;7749.0;1746.5;290.5;1456.0;1944.5;784.0;1160.5
9448;Totaal;Maassluis;2005;32203.5;15832.0;16371.5;13252.5;7128.0;6124.5;15228.5;7612.0;7616.5;1756.0;294.5;1461.5;1966.5;797.5;1169.0
9449;Totaal;Maassluis;2006;31761.5;15603.0;16158.5;13065.0;7018.5;6046.5;14936.5;7471.0;7465.5;1774.0;304.0;1470.0;1986.0;809.5;1176.5
9450;Totaal;Maassluis;2007;31480.5;15421.0;16059.5;12966.5;6939.5;6027.0;14683.0;7338.5;7344.5;1794.5;312.0;1482.5;2036.5;831.0;1205.5
9451;Totaal;Maassluis;2008;31391.5;15380.5;16011.0;12972.0;6944.5;6027.5;14522.0;7257.0;7265.0;1813.0;322.5;1490.5;2084.5;856.5;1228.0
9452;Totaal;Maassluis;2009;31490.0;15456.0;16034.0;13044.0;6980.0;6064.0;14441.5;7221.0;7220.5;1827.5;338.5;1489.0;2177.0;916.5;1260.5
9453;Totaal;Maassluis;2010;31750.5;15587.5;16163.0;13212.5;7058.0;6154.5;14382.5;7192.0;7190.5;1860.0;358.0;1502.0;2295.5;979.5;1316.0
9454;Totaal;Maassluis;2011;31879.5;15631.0;16248.5;13342.5;7106.0;6236.5;14331.5;7167.5;7164.0;1873.5;366.5;1507.0;2332.0;991.0;1341.0
9455;Totaal;Maassluis;2012;31917.0;15650.0;16267.0;13390.5;7127.0;6263.5;14325.0;7167.5;7157.5;1857.0;367.5;1489.5;2344.5;988.0;1356.5
9456;Totaal;Maassluis;2013;32032.5;15704.0;16328.5;13507.5;7179.5;6328.0;14295.0;7152.5;7142.5;1870.5;384.5;1486.0;2359.5;987.5;1372.0
9457;Totaal;Maassluis;2014;32140.5;15736.5;16404.0;13597.0;7199.5;6397.5;14260.0;7131.0;7129.0;1892.5;404.0;1488.5;2391.0;1002.0;1389.0
9458;Totaal;Maassluis;2015;32246.5;15795.5;16451.0;13676.0;7238.0;6438.0;14226.0;7115.0;7111.0;1882.0;407.5;1474.5;2462.5;1035.0;1427.5
9459;Totaal;Maassluis;2016;32371.0;15873.0;16498.0;13783.5;7300.5;6483.0;14202.5;7101.0;7101.5;1862.5;411.5;1451.0;2522.5;1060.0;1462.5
9460;Totaal;Maastricht;1995;118486.0;56835.5;61650.5;51000.5;26086.0;24914.5;52099.5;26073.5;26026.0;7950.5;1411.0;6539.5;7435.5;3265.0;4170.5
9461;Totaal;Maastricht;1996;118725.5;57014.5;61711.0;51503.0;26397.5;25105.5;51586.0;25818.5;25767.5;7930.5;1426.5;6504.0;7706.0;3372.0;4334.0
9462;Totaal;Maastricht;1997;119556.0;57413.5;62142.5;52515.5;26906.5;25609.0;51210.0;25617.0;25593.0;7931.0;1445.5;6485.5;7899.5;3444.5;4455.0
9463;Totaal;Maastricht;1998;120815.0;58027.0;62788.0;53816.0;27524.0;26292.0;51051.0;25542.5;25508.5;7822.0;1445.0;6377.0;8126.0;3515.5;4610.5
9464;Totaal;Maastricht;1999;121774.5;58517.5;63257.0;54705.5;27964.5;26741.0;50909.0;25475.0;25434.0;7817.0;1463.0;6354.0;8343.0;3615.0;4728.0
9465;Totaal;Maastricht;2000;122116.5;58691.5;63425.0;55125.0;28159.0;26966.0;50642.0;25347.0;25295.0;7902.0;1505.0;6397.0;8447.5;3680.5;4767.0
9466;Totaal;Maastricht;2001;122084.0;58681.0;63403.0;55446.0;28324.0;27122.0;50122.0;25087.5;25034.5;7866.5;1520.5;6346.0;8649.5;3749.0;4900.5
9467;Totaal;Maastricht;2002;121993.5;58690.0;63303.5;55712.0;28498.0;27214.0;49630.0;24831.5;24798.5;7791.0;1522.0;6269.0;8860.5;3838.5;5022.0
9468;Totaal;Maastricht;2003;122082.5;58833.0;63249.5;56233.0;28810.0;27423.0;49084.0;24556.5;24527.5;7692.0;1525.5;6166.5;9073.5;3941.0;5132.5
9469;Totaal;Maastricht;2004;121819.5;58756.5;63063.0;56638.5;29043.5;27595.0;48319.5;24169.0;24150.5;7602.5;1533.0;6069.5;9259.0;4011.0;5248.0
9470;Totaal;Maastricht;2005;120815.5;58237.5;62578.0;56420.5;28906.5;27514.0;47465.5;23734.5;23731.0;7558.5;1548.5;6010.0;9371.0;4048.0;5323.0
9471;Totaal;Maastricht;2006;119606.5;57565.5;62041.0;56086.0;28671.0;27415.0;46549.5;23275.0;23274.5;7530.0;1552.0;5978.0;9441.0;4067.5;5373.5
9472;Totaal;Maastricht;2007;118521.0;56938.0;61583.0;55768.0;28442.0;27326.0;45763.0;22884.0;22879.0;7493.5;1546.0;5947.5;9496.5;4066.0;5430.5
9473;Totaal;Maastricht;2008;118145.0;56699.0;61446.0;55891.0;28449.0;27442.0;45217.5;22615.5;22602.0;7461.5;1551.0;5910.5;9575.0;4083.5;5491.5
9474;Totaal;Maastricht;2009;118409.5;56862.0;61547.5;56509.0;28753.5;27755.5;44720.0;22363.0;22357.0;7393.0;1562.5;5830.5;9787.5;4183.0;5604.5
9475;Totaal;Maastricht;2010;119098.5;57247.5;61851.0;57563.0;29304.5;28258.5;44170.0;22082.5;22087.5;7344.5;1565.0;5779.5;10021.0;4295.5;5725.5
9476;Totaal;Maastricht;2011;120357.0;57884.5;62472.5;59239.0;30134.0;29105.0;43670.5;21835.0;21835.5;7307.0;1565.5;5741.5;10140.5;4350.0;5790.5
9477;Totaal;Maastricht;2012;121434.5;58397.5;63037.0;60784.5;30823.5;29961.0;43204.5;21610.0;21594.5;7206.0;1570.0;5636.0;10239.5;4394.0;5845.5
9478;Totaal;Maastricht;2013;122153.5;58709.0;63444.5;62016.5;31340.5;30676.0;42721.5;21380.5;21341.0;7084.0;1559.0;5525.0;10331.5;4429.0;5902.5
9479;Totaal;Maastricht;2014;122442.5;58826.5;63616.0;62831.0;31694.5;31136.5;42163.5;21103.5;21060.0;7002.0;1550.0;5452.0;10446.0;4478.5;5967.5
9480;Totaal;Maastricht;2015;122465.0;58854.0;63611.0;63397.5;31960.0;31437.5;41619.5;20834.5;20785.0;6933.5;1551.5;5382.0;10514.5;4508.0;6006.5
9481;Totaal;Maastricht;2016;122643.0;58932.0;63711.0;64064.0;32248.0;31816.0;41169.5;20609.5;20560.0;6883.5;1573.5;5310.0;10526.0;4501.0;6025.0
9482;Totaal;Made;1995;;;;;;;;;;;;;;;
9483;Totaal;Made;1996;;;;;;;;;;;;;;;
9484;Totaal;Made;1997;26475.5;13265.5;13210.0;10471.0;5692.0;4779.0;13900.0;6956.5;6943.5;1360.5;260.5;1100.0;744.0;356.5;387.5
9485;Totaal;Made;1998;26533.0;13304.5;13228.5;10486.0;5710.5;4775.5;13898.5;6952.5;6946.0;1356.5;260.5;1096.0;792.0;381.0;411.0
9486;Totaal;Made;1999;;;;;;;;;;;;;;;
9487;Totaal;Made;2000;;;;;;;;;;;;;;;
9488;Totaal;Made;2001;;;;;;;;;;;;;;;
9489;Totaal;Made;2002;;;;;;;;;;;;;;;
9490;Totaal;Made;2003;;;;;;;;;;;;;;;
9491;Totaal;Made;2004;;;;;;;;;;;;;;;
9492;Totaal;Made;2005;;;;;;;;;;;;;;;
9493;Totaal;Made;2006;;;;;;;;;;;;;;;
9494;Totaal;Made;2007;;;;;;;;;;;;;;;
9495;Totaal;Made;2008;;;;;;;;;;;;;;;
9496;Totaal;Made;2009;;;;;;;;;;;;;;;
9497;Totaal;Made;2010;;;;;;;;;;;;;;;
9498;Totaal;Made;2011;;;;;;;;;;;;;;;
9499;Totaal;Made;2012;;;;;;;;;;;;;;;
9500;Totaal;Made;2013;;;;;;;;;;;;;;;
9501;Totaal;Made;2014;;;;;;;;;;;;;;;
9502;Totaal;Made;2015;;;;;;;;;;;;;;;
9503;Totaal;Made;2016;;;;;;;;;;;;;;;
9504;Totaal;Made en Drimmelen;1995;12155.0;6037.0;6118.0;4584.0;2444.5;2139.5;6653.0;3326.5;3326.5;647.0;141.5;505.5;271.0;124.5;146.5
9505;Totaal;Made en Drimmelen;1996;12162.0;6035.0;6127.0;4578.5;2440.0;2138.5;6628.0;3314.0;3314.0;661.0;145.5;515.5;294.5;135.5;159.0
9506;Totaal;Made en Drimmelen;1997;;;;;;;;;;;;;;;
9507;Totaal;Made en Drimmelen;1998;;;;;;;;;;;;;;;
9508;Totaal;Made en Drimmelen;1999;;;;;;;;;;;;;;;
9509;Totaal;Made en Drimmelen;2000;;;;;;;;;;;;;;;
9510;Totaal;Made en Drimmelen;2001;;;;;;;;;;;;;;;
9511;Totaal;Made en Drimmelen;2002;;;;;;;;;;;;;;;
9512;Totaal;Made en Drimmelen;2003;;;;;;;;;;;;;;;
9513;Totaal;Made en Drimmelen;2004;;;;;;;;;;;;;;;
9514;Totaal;Made en Drimmelen;2005;;;;;;;;;;;;;;;
9515;Totaal;Made en Drimmelen;2006;;;;;;;;;;;;;;;
9516;Totaal;Made en Drimmelen;2007;;;;;;;;;;;;;;;
9517;Totaal;Made en Drimmelen;2008;;;;;;;;;;;;;;;
9518;Totaal;Made en Drimmelen;2009;;;;;;;;;;;;;;;
9519;Totaal;Made en Drimmelen;2010;;;;;;;;;;;;;;;
9520;Totaal;Made en Drimmelen;2011;;;;;;;;;;;;;;;
9521;Totaal;Made en Drimmelen;2012;;;;;;;;;;;;;;;
9522;Totaal;Made en Drimmelen;2013;;;;;;;;;;;;;;;
9523;Totaal;Made en Drimmelen;2014;;;;;;;;;;;;;;;
9524;Totaal;Made en Drimmelen;2015;;;;;;;;;;;;;;;
9525;Totaal;Made en Drimmelen;2016;;;;;;;;;;;;;;;
9526;Totaal;Margraten;1995;13851.0;7102.0;6749.0;5550.0;3129.5;2420.5;7359.5;3676.5;3683.0;598.0;127.0;471.0;343.5;169.0;174.5
9527;Totaal;Margraten;1996;13840.5;7088.5;6752.0;5505.0;3103.0;2402.0;7375.0;3680.0;3695.0;592.0;123.0;469.0;368.5;182.5;186.0
9528;Totaal;Margraten;1997;13810.0;7063.5;6746.5;5460.5;3073.0;2387.5;7374.5;3680.0;3694.5;588.0;119.0;469.0;387.0;191.5;195.5
9529;Totaal;Margraten;1998;13797.0;7047.0;6750.0;5449.0;3060.5;2388.5;7341.0;3665.5;3675.5;605.5;125.0;480.5;401.5;196.0;205.5
9530;Totaal;Margraten;1999;13782.5;7024.5;6758.0;5443.0;3039.0;2404.0;7306.0;3648.5;3657.5;623.0;133.5;489.5;410.5;203.5;207.0
9531;Totaal;Margraten;2000;13766.5;7020.0;6746.5;5425.5;3024.5;2401.0;7286.5;3644.0;3642.5;633.0;141.0;492.0;421.5;210.5;211.0
9532;Totaal;Margraten;2001;13713.0;6990.0;6723.0;5382.5;3002.5;2380.0;7233.0;3617.5;3615.5;650.0;149.0;501.0;447.5;221.0;226.5
9533;Totaal;Margraten;2002;13635.0;6946.5;6688.5;5339.5;2985.0;2354.5;7162.5;3581.0;3581.5;666.5;151.5;515.0;466.5;229.0;237.5
9534;Totaal;Margraten;2003;13571.5;6908.5;6663.0;5305.0;2967.5;2337.5;7099.5;3552.0;3547.5;676.5;151.5;525.0;490.5;237.5;253.0
9535;Totaal;Margraten;2004;13524.0;6860.5;6663.5;5278.0;2938.5;2339.5;7037.0;3519.5;3517.5;682.0;152.0;530.0;527.0;250.5;276.5
9536;Totaal;Margraten;2005;13510.5;6849.0;6661.5;5290.0;2941.5;2348.5;6995.0;3495.0;3500.0;679.0;151.5;527.5;546.5;261.0;285.5
9537;Totaal;Margraten;2006;13522.5;6864.5;6658.0;5318.5;2962.0;2356.5;6973.5;3482.5;3491.0;671.0;151.0;520.0;559.5;269.0;290.5
9538;Totaal;Margraten;2007;13526.0;6852.0;6674.0;5317.0;2960.0;2357.0;6956.0;3476.0;3480.0;675.5;145.5;530.0;577.5;270.5;307.0
9539;Totaal;Margraten;2008;13438.0;6808.5;6629.5;5256.5;2941.5;2315.0;6907.5;3454.0;3453.5;687.0;145.5;541.5;587.0;267.5;319.5
9540;Totaal;Margraten;2009;13374.5;6770.5;6604.0;5210.5;2908.0;2302.5;6860.0;3433.0;3427.0;693.5;150.5;543.0;610.5;279.0;331.5
9541;Totaal;Margraten;2010;13389.5;6755.5;6634.0;5201.5;2877.0;2324.5;6842.5;3427.0;3415.5;703.0;155.0;548.0;642.5;296.5;346.0
9542;Totaal;Margraten;2011;;;;;;;;;;;;;;;
9543;Totaal;Margraten;2012;;;;;;;;;;;;;;;
9544;Totaal;Margraten;2013;;;;;;;;;;;;;;;
9545;Totaal;Margraten;2014;;;;;;;;;;;;;;;
9546;Totaal;Margraten;2015;;;;;;;;;;;;;;;
9547;Totaal;Margraten;2016;;;;;;;;;;;;;;;
9548;Totaal;Mariekerke;1995;4125.0;2157.5;1967.5;1986.0;1117.5;868.5;1950.0;976.0;974.0;136.5;37.0;99.5;52.5;27.0;25.5
9549;Totaal;Mariekerke;1996;4196.5;2196.5;2000.0;2022.5;1138.5;884.0;1989.0;995.0;994.0;133.5;36.5;97.0;51.5;26.5;25.0
9550;Totaal;Mariekerke;1997;;;;;;;;;;;;;;;
9551;Totaal;Mariekerke;1998;;;;;;;;;;;;;;;
9552;Totaal;Mariekerke;1999;;;;;;;;;;;;;;;
9553;Totaal;Mariekerke;2000;;;;;;;;;;;;;;;
9554;Totaal;Mariekerke;2001;;;;;;;;;;;;;;;
9555;Totaal;Mariekerke;2002;;;;;;;;;;;;;;;
9556;Totaal;Mariekerke;2003;;;;;;;;;;;;;;;
9557;Totaal;Mariekerke;2004;;;;;;;;;;;;;;;
9558;Totaal;Mariekerke;2005;;;;;;;;;;;;;;;
9559;Totaal;Mariekerke;2006;;;;;;;;;;;;;;;
9560;Totaal;Mariekerke;2007;;;;;;;;;;;;;;;
9561;Totaal;Mariekerke;2008;;;;;;;;;;;;;;;
9562;Totaal;Mariekerke;2009;;;;;;;;;;;;;;;
9563;Totaal;Mariekerke;2010;;;;;;;;;;;;;;;
9564;Totaal;Mariekerke;2011;;;;;;;;;;;;;;;
9565;Totaal;Mariekerke;2012;;;;;;;;;;;;;;;
9566;Totaal;Mariekerke;2013;;;;;;;;;;;;;;;
9567;Totaal;Mariekerke;2014;;;;;;;;;;;;;;;
9568;Totaal;Mariekerke;2015;;;;;;;;;;;;;;;
9569;Totaal;Mariekerke;2016;;;;;;;;;;;;;;;
9570;Totaal;Markelo;1995;6986.5;3562.0;3424.5;2667.0;1566.0;1101.0;3705.0;1852.5;1852.5;517.0;95.5;421.5;97.5;48.0;49.5
9571;Totaal;Markelo;1996;7021.0;3559.0;3462.0;2683.5;1554.5;1129.0;3719.0;1859.5;1859.5;509.0;93.0;416.0;109.5;52.0;57.5
9572;Totaal;Markelo;1997;7095.0;3589.5;3505.5;2737.0;1572.0;1165.0;3737.5;1868.5;1869.0;504.0;94.5;409.5;116.5;54.5;62.0
9573;Totaal;Markelo;1998;7141.0;3621.5;3519.5;2762.0;1590.0;1172.0;3751.5;1876.5;1875.0;504.0;95.0;409.0;123.5;60.0;63.5
9574;Totaal;Markelo;1999;7190.5;3633.0;3557.5;2779.0;1583.5;1195.5;3778.0;1890.5;1887.5;504.0;96.0;408.0;129.5;63.0;66.5
9575;Totaal;Markelo;2000;7253.0;3644.5;3608.5;2821.0;1579.0;1242.0;3786.5;1895.5;1891.0;507.5;102.5;405.0;138.0;67.5;70.5
9576;Totaal;Markelo;2001;;;;;;;;;;;;;;;
9577;Totaal;Markelo;2002;;;;;;;;;;;;;;;
9578;Totaal;Markelo;2003;;;;;;;;;;;;;;;
9579;Totaal;Markelo;2004;;;;;;;;;;;;;;;
9580;Totaal;Markelo;2005;;;;;;;;;;;;;;;
9581;Totaal;Markelo;2006;;;;;;;;;;;;;;;
9582;Totaal;Markelo;2007;;;;;;;;;;;;;;;
9583;Totaal;Markelo;2008;;;;;;;;;;;;;;;
9584;Totaal;Markelo;2009;;;;;;;;;;;;;;;
9585;Totaal;Markelo;2010;;;;;;;;;;;;;;;
9586;Totaal;Markelo;2011;;;;;;;;;;;;;;;
9587;Totaal;Markelo;2012;;;;;;;;;;;;;;;
9588;Totaal;Markelo;2013;;;;;;;;;;;;;;;
9589;Totaal;Markelo;2014;;;;;;;;;;;;;;;
9590;Totaal;Markelo;2015;;;;;;;;;;;;;;;
9591;Totaal;Markelo;2016;;;;;;;;;;;;;;;
9592;Totaal;De Marne;1995;11055.0;5617.0;5438.0;4713.5;2634.5;2079.0;5268.5;2634.5;2634.0;691.5;149.5;542.0;381.5;198.5;183.0
9593;Totaal;De Marne;1996;10985.5;5563.5;5422.0;4679.5;2610.5;2069.0;5199.0;2600.5;2598.5;690.0;140.0;550.0;417.0;212.5;204.5
9594;Totaal;De Marne;1997;10941.5;5539.0;5402.5;4640.5;2581.0;2059.5;5171.5;2591.0;2580.5;683.0;138.5;544.5;446.5;228.5;218.0
9595;Totaal;De Marne;1998;10889.5;5514.5;5375.0;4602.5;2554.5;2048.0;5125.5;2569.0;2556.5;685.5;141.0;544.5;476.0;250.0;226.0
9596;Totaal;De Marne;1999;10857.5;5517.5;5340.0;4580.0;2554.0;2026.0;5097.0;2555.0;2542.0;689.0;141.0;548.0;491.5;267.5;224.0
9597;Totaal;De Marne;2000;10875.5;5536.5;5339.0;4589.0;2566.5;2022.5;5097.5;2553.5;2544.0;684.0;141.0;543.0;505.0;275.5;229.5
9598;Totaal;De Marne;2001;11033.5;5614.0;5419.5;4700.0;2628.0;2072.0;5102.5;2552.5;2550.0;695.0;145.5;549.5;536.0;288.0;248.0
9599;Totaal;De Marne;2002;11183.0;5699.5;5483.5;4818.5;2696.0;2122.5;5103.0;2556.0;2547.0;692.0;141.5;550.5;569.5;306.0;263.5
9600;Totaal;De Marne;2003;11195.0;5713.5;5481.5;4838.5;2708.0;2130.5;5084.5;2552.0;2532.5;672.5;130.5;542.0;599.5;323.0;276.5
9601;Totaal;De Marne;2004;11252.0;5745.0;5507.0;4889.0;2739.5;2149.5;5071.5;2545.5;2526.0;666.5;127.0;539.5;625.0;333.0;292.0
9602;Totaal;De Marne;2005;11204.0;5722.0;5482.0;4869.0;2736.0;2133.0;5034.5;2522.5;2512.0;661.0;126.5;534.5;639.5;337.0;302.5
9603;Totaal;De Marne;2006;10934.0;5556.5;5377.5;4678.5;2613.5;2065.0;4953.0;2474.5;2478.5;655.5;126.0;529.5;647.0;342.5;304.5
9604;Totaal;De Marne;2007;10725.0;5427.5;5297.5;4540.0;2523.0;2017.0;4862.5;2429.0;2433.5;660.0;127.0;533.0;662.5;348.5;314.0
9605;Totaal;De Marne;2008;10641.5;5390.5;5251.0;4500.5;2511.0;1989.5;4794.5;2396.5;2398.0;664.0;128.5;535.5;682.5;354.5;328.0
9606;Totaal;De Marne;2009;10557.0;5347.0;5210.0;4436.5;2478.0;1958.5;4737.0;2365.5;2371.5;672.0;136.0;536.0;711.5;367.5;344.0
9607;Totaal;De Marne;2010;10514.0;5334.5;5179.5;4419.5;2472.5;1947.0;4689.0;2341.0;2348.0;668.5;142.0;526.5;737.0;379.0;358.0
9608;Totaal;De Marne;2011;10464.5;5320.5;5144.0;4419.0;2477.5;1941.5;4638.0;2316.5;2321.5;663.5;145.0;518.5;744.0;381.5;362.5
9609;Totaal;De Marne;2012;10382.0;5282.0;5100.0;4402.0;2471.0;1931.0;4566.5;2282.0;2284.5;663.0;145.0;518.0;750.5;384.0;366.5
9610;Totaal;De Marne;2013;10272.5;5221.0;5051.5;4368.0;2445.5;1922.5;4490.0;2246.5;2243.5;653.5;138.5;515.0;761.0;390.5;370.5
9611;Totaal;De Marne;2014;10183.0;5165.5;5017.5;4327.0;2411.0;1916.0;4437.5;2222.5;2215.0;645.5;134.0;511.5;773.0;398.0;375.0
9612;Totaal;De Marne;2015;10129.0;5124.0;5005.0;4313.0;2389.0;1924.0;4401.0;2201.0;2200.0;632.0;135.0;497.0;783.0;399.0;384.0
9613;Totaal;De Marne;2016;10094.5;5100.0;4994.5;4303.5;2374.0;1929.5;4374.5;2183.0;2191.5;614.0;138.0;476.0;802.5;405.0;397.5
9614;Totaal;Marum;1995;9463.5;4841.0;4622.5;4097.5;2301.5;1796.0;4607.5;2309.0;2298.5;498.5;103.0;395.5;260.0;127.5;132.5
9615;Totaal;Marum;1996;9615.5;4926.5;4689.0;4131.5;2331.5;1800.0;4711.5;2361.5;2350.0;497.0;97.5;399.5;275.5;136.0;139.5
9616;Totaal;Marum;1997;9663.0;4936.0;4727.0;4139.5;2322.5;1817.0;4749.0;2381.0;2368.0;492.0;91.5;400.5;282.5;141.0;141.5
9617;Totaal;Marum;1998;9651.0;4928.5;4722.5;4143.0;2317.5;1825.5;4735.0;2373.0;2362.0;480.0;89.0;391.0;293.0;149.0;144.0
9618;Totaal;Marum;1999;9676.0;4949.0;4727.0;4176.0;2339.5;1836.5;4707.5;2357.0;2350.5;481.0;94.0;387.0;311.5;158.5;153.0
9619;Totaal;Marum;2000;9815.0;5009.5;4805.5;4274.5;2383.0;1891.5;4723.0;2366.5;2356.5;490.5;99.0;391.5;327.0;161.0;166.0
9620;Totaal;Marum;2001;10039.0;5126.5;4912.5;4429.5;2464.5;1965.0;4765.5;2391.0;2374.5;499.5;106.0;393.5;344.5;165.0;179.5
9621;Totaal;Marum;2002;10225.0;5235.5;4989.5;4568.5;2549.0;2019.5;4777.5;2399.0;2378.5;506.5;110.5;396.0;372.5;177.0;195.5
9622;Totaal;Marum;2003;10353.0;5320.0;5033.0;4675.0;2625.5;2049.5;4767.0;2394.0;2373.0;509.0;110.0;399.0;402.0;190.5;211.5
9623;Totaal;Marum;2004;10241.0;5255.5;4985.5;4616.0;2596.0;2020.0;4695.0;2353.0;2342.0;515.5;111.5;404.0;414.5;195.0;219.5
9624;Totaal;Marum;2005;10083.5;5161.0;4922.5;4510.0;2530.5;1979.5;4648.5;2326.0;2322.5;515.0;111.0;404.0;410.0;193.5;216.5
9625;Totaal;Marum;2006;10073.5;5175.0;4898.5;4531.5;2554.5;1977.0;4618.0;2311.5;2306.5;510.0;111.5;398.5;414.0;197.5;216.5
9626;Totaal;Marum;2007;10142.0;5228.0;4914.0;4600.5;2605.0;1995.5;4600.5;2304.5;2296.0;508.5;112.5;396.0;432.5;206.0;226.5
9627;Totaal;Marum;2008;10272.0;5299.0;4973.0;4680.5;2654.0;2026.5;4625.0;2318.0;2307.0;509.5;111.5;398.0;457.0;215.5;241.5
9628;Totaal;Marum;2009;10387.5;5357.0;5030.5;4712.0;2673.0;2039.0;4662.0;2335.0;2327.0;506.0;111.5;394.5;507.5;237.5;270.0
9629;Totaal;Marum;2010;10460.0;5392.0;5068.0;4731.0;2681.5;2049.5;4677.5;2342.0;2335.5;498.5;110.0;388.5;553.0;258.5;294.5
9630;Totaal;Marum;2011;10442.0;5367.5;5074.5;4745.0;2674.5;2070.5;4640.0;2325.0;2315.0;494.0;108.0;386.0;563.0;260.0;303.0
9631;Totaal;Marum;2012;10397.5;5324.0;5073.5;4724.5;2641.5;2083.0;4619.0;2318.0;2301.0;490.5;107.5;383.0;563.5;257.0;306.5
9632;Totaal;Marum;2013;10380.0;5309.5;5070.5;4710.0;2621.5;2088.5;4620.5;2320.0;2300.5;484.5;109.5;375.0;565.0;258.5;306.5
9633;Totaal;Marum;2014;10344.5;5313.0;5031.5;4688.0;2624.5;2063.5;4588.0;2301.5;2286.5;486.0;114.5;371.5;582.5;272.5;310.0
9634;Totaal;Marum;2015;10308.0;5310.0;4998.0;4668.0;2626.0;2042.0;4542.5;2279.0;2263.5;491.5;117.5;374.0;606.0;287.5;318.5
9635;Totaal;Marum;2016;10346.5;5334.0;5012.5;4696.5;2645.0;2051.5;4533.5;2277.0;2256.5;490.5;117.5;373.0;626.0;294.5;331.5
9636;Totaal;Maurik;1995;6493.5;3291.0;3202.5;2491.5;1402.0;1089.5;3433.5;1717.5;1716.0;396.5;78.5;318.0;172.0;93.0;79.0
9637;Totaal;Maurik;1996;6558.5;3318.0;3240.5;2498.5;1398.0;1100.5;3479.5;1741.0;1738.5;393.5;77.5;316.0;187.0;101.5;85.5
9638;Totaal;Maurik;1997;6618.0;3344.5;3273.5;2507.5;1399.5;1108.0;3504.0;1751.5;1752.5;389.5;76.5;313.0;217.0;117.0;100.0
9639;Totaal;Maurik;1998;6693.0;3383.0;3310.0;2555.5;1423.0;1132.5;3507.5;1751.5;1756.0;383.5;75.5;308.0;246.5;133.0;113.5
9640;Totaal;Maurik;1999;;;;;;;;;;;;;;;
9641;Totaal;Maurik;2000;;;;;;;;;;;;;;;
9642;Totaal;Maurik;2001;;;;;;;;;;;;;;;
9643;Totaal;Maurik;2002;;;;;;;;;;;;;;;
9644;Totaal;Maurik;2003;;;;;;;;;;;;;;;
9645;Totaal;Maurik;2004;;;;;;;;;;;;;;;
9646;Totaal;Maurik;2005;;;;;;;;;;;;;;;
9647;Totaal;Maurik;2006;;;;;;;;;;;;;;;
9648;Totaal;Maurik;2007;;;;;;;;;;;;;;;
9649;Totaal;Maurik;2008;;;;;;;;;;;;;;;
9650;Totaal;Maurik;2009;;;;;;;;;;;;;;;
9651;Totaal;Maurik;2010;;;;;;;;;;;;;;;
9652;Totaal;Maurik;2011;;;;;;;;;;;;;;;
9653;Totaal;Maurik;2012;;;;;;;;;;;;;;;
9654;Totaal;Maurik;2013;;;;;;;;;;;;;;;
9655;Totaal;Maurik;2014;;;;;;;;;;;;;;;
9656;Totaal;Maurik;2015;;;;;;;;;;;;;;;
9657;Totaal;Maurik;2016;;;;;;;;;;;;;;;
9658;Totaal;Medemblik;1995;7246.0;3637.0;3609.0;3181.5;1734.0;1447.5;3288.5;1646.0;1642.5;406.5;82.5;324.0;369.5;174.5;195.0
9659;Totaal;Medemblik;1996;7287.0;3655.5;3631.5;3167.0;1726.0;1441.0;3314.0;1658.5;1655.5;412.0;87.0;325.0;394.0;184.0;210.0
9660;Totaal;Medemblik;1997;7305.5;3667.5;3638.0;3124.0;1710.0;1414.0;3348.0;1677.0;1671.0;418.5;87.0;331.5;415.0;193.5;221.5
9661;Totaal;Medemblik;1998;7378.0;3711.5;3666.5;3154.5;1736.5;1418.0;3375.5;1690.5;1685.0;405.0;80.0;325.0;443.0;204.5;238.5
9662;Totaal;Medemblik;1999;7531.5;3779.0;3752.5;3223.0;1765.5;1457.5;3452.0;1726.0;1726.0;397.5;76.5;321.0;459.0;211.0;248.0
9663;Totaal;Medemblik;2000;7636.0;3823.5;3812.5;3254.5;1775.5;1479.0;3526.5;1763.5;1763.0;409.0;78.5;330.5;446.0;206.0;240.0
9664;Totaal;Medemblik;2001;7671.0;3837.0;3834.0;3278.0;1788.0;1490.0;3530.0;1765.0;1765.0;415.5;79.0;336.5;447.5;205.0;242.5
9665;Totaal;Medemblik;2002;7786.5;3882.0;3904.5;3376.5;1833.0;1543.5;3531.0;1761.5;1769.5;415.5;76.5;339.0;463.5;211.0;252.5
9666;Totaal;Medemblik;2003;7969.5;3978.5;3991.0;3525.0;1921.0;1604.0;3539.5;1766.5;1773.0;429.5;77.0;352.5;475.5;214.0;261.5
9667;Totaal;Medemblik;2004;8042.0;4035.0;4007.0;3611.0;1982.5;1628.5;3508.0;1757.5;1750.5;436.0;78.0;358.0;487.0;217.0;270.0
9668;Totaal;Medemblik;2005;8071.5;4043.5;4028.0;3654.5;1994.5;1660.0;3486.5;1748.0;1738.5;437.0;78.5;358.5;493.5;222.5;271.0
9669;Totaal;Medemblik;2006;7920.0;3948.0;3972.0;3549.5;1923.0;1626.5;3443.0;1719.5;1723.5;440.5;80.5;360.0;487.0;225.0;262.0
9670;Totaal;Medemblik;2007;26625.5;13465.5;13160.0;11973.0;6559.5;5413.5;12088.0;6043.5;6044.5;1242.0;258.5;983.5;1322.5;604.0;718.5
9671;Totaal;Medemblik;2008;26849.5;13588.0;13261.5;12054.0;6600.5;5453.5;12180.0;6089.0;6091.0;1255.5;269.5;986.0;1360.0;629.0;731.0
9672;Totaal;Medemblik;2009;27200.5;13771.0;13429.5;12122.0;6628.5;5493.5;12349.5;6175.5;6174.0;1259.0;273.5;985.5;1470.0;693.5;776.5
9673;Totaal;Medemblik;2010;27505.5;13934.0;13571.5;12169.5;6660.5;5509.0;12482.5;6243.0;6239.5;1271.5;279.0;992.5;1582.0;751.5;830.5
9674;Totaal;Medemblik;2011;43004.0;21867.5;21136.5;19119.5;10540.0;8579.5;19403.5;9703.0;9700.5;2022.5;457.0;1565.5;2458.5;1167.5;1291.0
9675;Totaal;Medemblik;2012;43182.5;21974.5;21208.0;19244.0;10622.5;8621.5;19356.5;9672.0;9684.5;2034.5;471.5;1563.0;2547.5;1208.5;1339.0
9676;Totaal;Medemblik;2013;43284.0;22030.0;21254.0;19345.5;10674.5;8671.0;19265.5;9629.0;9636.5;2043.0;481.5;1561.5;2630.0;1245.0;1385.0
9677;Totaal;Medemblik;2014;43462.0;22122.0;21340.0;19519.5;10775.0;8744.5;19164.5;9582.5;9582.0;2075.5;500.0;1575.5;2702.5;1264.5;1438.0
9678;Totaal;Medemblik;2015;43664.5;22233.0;21431.5;19724.5;10883.5;8841.0;19050.0;9530.5;9519.5;2117.0;528.5;1588.5;2773.0;1290.5;1482.5
9679;Totaal;Medemblik;2016;43891.5;22338.0;21553.5;19905.0;10950.5;8954.5;18999.5;9509.0;9490.5;2144.5;551.5;1593.0;2842.5;1327.0;1515.5
9680;Totaal;Meerlo-Wanssum;1995;7247.0;3741.0;3506.0;3045.5;1727.5;1318.0;3765.5;1883.0;1882.5;307.0;60.5;246.5;129.0;70.0;59.0
9681;Totaal;Meerlo-Wanssum;1996;7305.5;3773.0;3532.5;3047.5;1730.5;1317.0;3805.0;1902.5;1902.5;310.5;62.0;248.5;142.5;78.0;64.5
9682;Totaal;Meerlo-Wanssum;1997;7346.5;3786.0;3560.5;3055.5;1725.5;1330.0;3824.5;1912.5;1912.0;310.5;63.5;247.0;156.0;84.5;71.5
9683;Totaal;Meerlo-Wanssum;1998;7409.5;3805.5;3604.0;3071.0;1722.5;1348.5;3860.0;1931.5;1928.5;309.5;61.5;248.0;169.0;90.0;79.0
9684;Totaal;Meerlo-Wanssum;1999;7499.5;3847.0;3652.5;3107.0;1738.5;1368.5;3899.5;1952.5;1947.0;312.0;60.0;252.0;181.0;96.0;85.0
9685;Totaal;Meerlo-Wanssum;2000;7608.0;3907.0;3701.0;3163.5;1771.5;1392.0;3940.5;1974.5;1966.0;315.0;60.0;255.0;189.0;101.0;88.0
9686;Totaal;Meerlo-Wanssum;2001;7672.5;3950.5;3722.0;3174.0;1784.0;1390.0;3988.0;1999.0;1989.0;319.5;62.0;257.5;191.0;105.5;85.5
9687;Totaal;Meerlo-Wanssum;2002;7703.5;3966.0;3737.5;3191.5;1791.0;1400.5;3998.5;2003.0;1995.5;317.0;63.5;253.5;196.5;108.5;88.0
9688;Totaal;Meerlo-Wanssum;2003;7730.0;3981.0;3749.0;3205.5;1803.5;1402.0;4005.0;2006.0;1999.0;315.5;61.5;254.0;204.0;110.0;94.0
9689;Totaal;Meerlo-Wanssum;2004;7738.0;3981.0;3757.0;3215.0;1810.0;1405.0;3990.0;1997.0;1993.0;322.5;62.0;260.5;210.5;112.0;98.5
9690;Totaal;Meerlo-Wanssum;2005;7720.0;3960.5;3759.5;3230.5;1809.0;1421.5;3943.0;1973.5;1969.5;329.5;64.5;265.0;217.0;113.5;103.5
9691;Totaal;Meerlo-Wanssum;2006;7676.0;3929.0;3747.0;3221.5;1797.5;1424.0;3894.5;1949.5;1945.0;332.5;63.0;269.5;227.5;119.0;108.5
9692;Totaal;Meerlo-Wanssum;2007;7666.0;3914.0;3752.0;3220.0;1787.5;1432.5;3867.0;1935.5;1931.5;338.0;64.5;273.5;241.0;126.5;114.5
9693;Totaal;Meerlo-Wanssum;2008;7719.5;3938.5;3781.0;3264.5;1810.0;1454.5;3861.0;1933.0;1928.0;341.5;66.0;275.5;252.5;129.5;123.0
9694;Totaal;Meerlo-Wanssum;2009;7790.0;3969.5;3820.5;3312.0;1830.0;1482.0;3866.5;1936.5;1930.0;342.0;67.0;275.0;269.5;136.0;133.5
9695;Totaal;Meerlo-Wanssum;2010;;;;;;;;;;;;;;;
9696;Totaal;Meerlo-Wanssum;2011;;;;;;;;;;;;;;;
9697;Totaal;Meerlo-Wanssum;2012;;;;;;;;;;;;;;;
9698;Totaal;Meerlo-Wanssum;2013;;;;;;;;;;;;;;;
9699;Totaal;Meerlo-Wanssum;2014;;;;;;;;;;;;;;;
9700;Totaal;Meerlo-Wanssum;2015;;;;;;;;;;;;;;;
9701;Totaal;Meerlo-Wanssum;2016;;;;;;;;;;;;;;;
9702;Totaal;Meerssen;1995;20644.5;10248.5;10396.0;7757.0;4180.0;3577.0;11061.0;5528.0;5533.0;1131.0;218.0;913.0;695.5;322.5;373.0
9703;Totaal;Meerssen;1996;20566.5;10210.5;10356.0;7690.5;4145.0;3545.5;11029.5;5510.5;5519.0;1139.5;225.0;914.5;707.0;330.0;377.0
9704;Totaal;Meerssen;1997;20512.0;10171.5;10340.5;7648.0;4119.5;3528.5;10944.5;5469.0;5475.5;1163.5;230.5;933.0;756.0;352.5;403.5
9705;Totaal;Meerssen;1998;20395.0;10091.5;10303.5;7557.0;4062.0;3495.0;10856.5;5419.0;5437.5;1181.0;241.5;939.5;800.5;369.0;431.5
9706;Totaal;Meerssen;1999;20287.5;10021.5;10266.0;7477.0;4003.5;3473.5;10810.5;5396.5;5414.0;1179.0;244.5;934.5;821.0;377.0;444.0
9707;Totaal;Meerssen;2000;20256.5;9993.0;10263.5;7475.5;3990.0;3485.5;10762.5;5379.0;5383.5;1183.5;242.0;941.5;835.0;382.0;453.0
9708;Totaal;Meerssen;2001;20234.5;9974.5;10260.0;7490.5;3999.0;3491.5;10691.0;5344.0;5347.0;1185.0;241.5;943.5;868.0;390.0;478.0
9709;Totaal;Meerssen;2002;20131.0;9911.0;10220.0;7456.5;3979.5;3477.0;10584.5;5286.0;5298.5;1180.5;239.5;941.0;909.5;406.0;503.5
9710;Totaal;Meerssen;2003;20012.5;9854.0;10158.5;7425.0;3973.5;3451.5;10475.5;5230.5;5245.0;1171.0;230.0;941.0;941.0;420.0;521.0
9711;Totaal;Meerssen;2004;19921.5;9828.0;10093.5;7414.5;3986.5;3428.0;10350.0;5169.5;5180.5;1173.0;229.0;944.0;984.0;443.0;541.0
9712;Totaal;Meerssen;2005;19809.5;9771.0;10038.5;7379.0;3968.5;3410.5;10217.5;5102.0;5115.5;1191.5;238.5;953.0;1021.5;462.0;559.5
9713;Totaal;Meerssen;2006;19750.5;9733.0;10017.5;7395.0;3978.0;3417.0;10117.0;5047.5;5069.5;1202.5;245.0;957.5;1036.0;462.5;573.5
9714;Totaal;Meerssen;2007;19741.5;9728.5;10013.0;7428.5;3998.5;3430.0;10056.0;5017.5;5038.5;1213.5;249.5;964.0;1043.5;463.0;580.5
9715;Totaal;Meerssen;2008;19719.5;9711.0;10008.5;7431.5;3990.5;3441.0;10003.0;4993.0;5010.0;1219.0;251.5;967.5;1066.0;476.0;590.0
9716;Totaal;Meerssen;2009;19630.0;9653.5;9976.5;7382.0;3957.5;3424.5;9930.0;4954.5;4975.5;1215.0;250.0;965.0;1103.0;491.5;611.5
9717;Totaal;Meerssen;2010;19530.0;9594.0;9936.0;7325.5;3927.5;3398.0;9841.0;4910.5;4930.5;1215.5;246.5;969.0;1148.0;509.5;638.5
9718;Totaal;Meerssen;2011;19462.5;9564.0;9898.5;7309.5;3919.5;3390.0;9747.0;4868.0;4879.0;1230.5;254.0;976.5;1175.5;522.5;653.0
9719;Totaal;Meerssen;2012;19396.0;9551.5;9844.5;7291.0;3920.5;3370.5;9662.0;4828.0;4834.0;1235.5;265.5;970.0;1207.5;537.5;670.0
9720;Totaal;Meerssen;2013;19308.0;9515.5;9792.5;7269.5;3915.5;3354.0;9542.5;4768.5;4774.0;1248.5;277.0;971.5;1247.5;554.5;693.0
9721;Totaal;Meerssen;2014;19158.5;9454.0;9704.5;7230.5;3899.5;3331.0;9399.5;4698.5;4701.0;1254.0;286.5;967.5;1274.5;569.5;705.0
9722;Totaal;Meerssen;2015;19051.5;9417.0;9634.5;7209.5;3904.0;3305.5;9287.0;4639.0;4648.0;1237.5;283.0;954.5;1317.5;591.0;726.5
9723;Totaal;Meerssen;2016;19056.0;9402.5;9653.5;7253.5;3925.5;3328.0;9188.5;4588.0;4600.5;1245.0;282.0;963.0;1369.0;607.0;762.0
9724;Totaal;Meijel;1995;5634.5;2841.0;2793.5;2258.0;1230.0;1028.0;3015.0;1508.0;1507.0;265.0;57.5;207.5;96.5;45.5;51.0
9725;Totaal;Meijel;1996;5654.5;2854.5;2800.0;2279.0;1246.0;1033.0;3002.0;1502.0;1500.0;270.5;60.0;210.5;103.0;46.5;56.5
9726;Totaal;Meijel;1997;5654.5;2863.5;2791.0;2272.0;1253.5;1018.5;2998.5;1500.0;1498.5;277.0;62.5;214.5;107.0;47.5;59.5
9727;Totaal;Meijel;1998;5671.0;2871.5;2799.5;2284.5;1264.0;1020.5;2994.5;1498.0;1496.5;284.5;60.5;224.0;107.5;49.0;58.5
9728;Totaal;Meijel;1999;5713.5;2889.0;2824.5;2316.0;1279.5;1036.5;2998.5;1501.0;1497.5;292.0;57.0;235.0;107.0;51.5;55.5
9729;Totaal;Meijel;2000;5761.5;2917.0;2844.5;2347.0;1296.5;1050.5;3017.0;1511.5;1505.5;294.0;58.5;235.5;103.5;50.5;53.0
9730;Totaal;Meijel;2001;5806.0;2935.0;2871.0;2386.0;1309.5;1076.5;3017.5;1512.0;1505.5;296.0;62.5;233.5;106.5;51.0;55.5
9731;Totaal;Meijel;2002;5825.5;2941.0;2884.5;2391.0;1311.0;1080.0;3019.5;1512.5;1507.0;297.0;63.0;234.0;118.0;54.5;63.5
9732;Totaal;Meijel;2003;5829.0;2942.5;2886.5;2381.0;1310.5;1070.5;3018.5;1511.5;1507.0;301.0;62.5;238.5;128.5;58.0;70.5
9733;Totaal;Meijel;2004;5840.5;2944.5;2896.0;2381.5;1311.5;1070.0;3014.5;1509.5;1505.0;313.0;65.5;247.5;131.5;58.0;73.5
9734;Totaal;Meijel;2005;5854.0;2960.0;2894.0;2380.5;1322.0;1058.5;3026.5;1514.5;1512.0;313.0;65.5;247.5;134.0;58.0;76.0
9735;Totaal;Meijel;2006;5864.0;2960.5;2903.5;2384.5;1322.0;1062.5;3021.5;1510.0;1511.5;312.5;65.5;247.0;145.5;63.0;82.5
9736;Totaal;Meijel;2007;5913.5;2971.5;2942.0;2413.0;1324.0;1089.0;3015.5;1507.0;1508.5;323.0;68.0;255.0;162.0;72.5;89.5
9737;Totaal;Meijel;2008;5970.5;2999.0;2971.5;2451.5;1340.0;1111.5;3010.5;1506.0;1504.5;333.5;73.0;260.5;175.0;80.0;95.0
9738;Totaal;Meijel;2009;6016.0;3017.5;2998.5;2478.5;1348.5;1130.0;3004.0;1502.5;1501.5;339.0;76.0;263.0;194.5;90.5;104.0
9739;Totaal;Meijel;2010;;;;;;;;;;;;;;;
9740;Totaal;Meijel;2011;;;;;;;;;;;;;;;
9741;Totaal;Meijel;2012;;;;;;;;;;;;;;;
9742;Totaal;Meijel;2013;;;;;;;;;;;;;;;
9743;Totaal;Meijel;2014;;;;;;;;;;;;;;;
9744;Totaal;Meijel;2015;;;;;;;;;;;;;;;
9745;Totaal;Meijel;2016;;;;;;;;;;;;;;;
9746;Totaal;Menaldumadeel;1995;13450.5;6812.0;6638.5;5770.5;3183.0;2587.5;6671.5;3335.5;3336.0;678.0;127.5;550.5;330.5;166.0;164.5
9747;Totaal;Menaldumadeel;1996;13552.0;6869.5;6682.5;5814.5;3204.5;2610.0;6727.0;3362.5;3364.5;664.5;125.5;539.0;346.0;177.0;169.0
9748;Totaal;Menaldumadeel;1997;13686.0;6941.5;6744.5;5873.0;3234.0;2639.0;6773.0;3390.0;3383.0;668.0;126.5;541.5;372.0;191.0;181.0
9749;Totaal;Menaldumadeel;1998;13774.0;6981.5;6792.5;5888.0;3234.0;2654.0;6821.0;3411.0;3410.0;670.0;132.5;537.5;395.0;204.0;191.0
9750;Totaal;Menaldumadeel;1999;13822.0;6988.0;6834.0;5894.5;3221.5;2673.0;6852.5;3419.5;3433.0;673.5;136.5;537.0;401.5;210.5;191.0
9751;Totaal;Menaldumadeel;2000;13992.5;7068.0;6924.5;6006.0;3271.5;2734.5;6906.0;3444.5;3461.5;674.0;136.5;537.5;406.5;215.5;191.0
9752;Totaal;Menaldumadeel;2001;14180.0;7170.0;7010.0;6145.0;3351.5;2793.5;6936.5;3459.0;3477.5;671.0;138.0;533.0;427.5;221.5;206.0
9753;Totaal;Menaldumadeel;2002;14159.5;7164.0;6995.5;6184.0;3386.0;2798.0;6848.0;3415.5;3432.5;680.5;136.0;544.5;447.0;226.5;220.5
9754;Totaal;Menaldumadeel;2003;14053.0;7107.5;6945.5;6175.0;3385.5;2789.5;6739.5;3361.0;3378.5;680.0;129.0;551.0;458.5;232.0;226.5
9755;Totaal;Menaldumadeel;2004;13992.0;7071.5;6920.5;6171.0;3376.5;2794.5;6654.5;3318.0;3336.5;679.0;129.0;550.0;487.5;248.0;239.5
9756;Totaal;Menaldumadeel;2005;13925.5;7043.5;6882.0;6150.5;3365.5;2785.0;6586.5;3288.0;3298.5;685.0;132.0;553.0;503.5;258.0;245.5
9757;Totaal;Menaldumadeel;2006;13846.5;7010.0;6836.5;6116.0;3351.5;2764.5;6535.0;3264.5;3270.5;690.0;133.0;557.0;505.5;261.0;244.5
9758;Totaal;Menaldumadeel;2007;13759.5;6962.0;6797.5;6088.5;3335.0;2753.5;6442.0;3217.0;3225.0;694.0;135.5;558.5;535.0;274.5;260.5
9759;Totaal;Menaldumadeel;2008;13709.0;6936.0;6773.0;6065.5;3325.0;2740.5;6384.5;3188.5;3196.0;695.0;136.0;559.0;564.0;286.5;277.5
9760;Totaal;Menaldumadeel;2009;13728.0;6954.5;6773.5;6034.5;3315.5;2719.0;6384.5;3189.5;3195.0;689.5;134.0;555.5;619.5;315.5;304.0
9761;Totaal;Menaldumadeel;2010;13761.0;6975.5;6785.5;6017.5;3303.5;2714.0;6387.0;3191.5;3195.5;677.5;132.0;545.5;679.0;348.5;330.5
9762;Totaal;Menaldumadeel;2011;;;;;;;;;;;;;;;
9763;Totaal;Menaldumadeel;2012;;;;;;;;;;;;;;;
9764;Totaal;Menaldumadeel;2013;;;;;;;;;;;;;;;
9765;Totaal;Menaldumadeel;2014;;;;;;;;;;;;;;;
9766;Totaal;Menaldumadeel;2015;;;;;;;;;;;;;;;
9767;Totaal;Menaldumadeel;2016;;;;;;;;;;;;;;;
9768;Totaal;Menameradiel;1995;;;;;;;;;;;;;;;
9769;Totaal;Menameradiel;1996;;;;;;;;;;;;;;;
9770;Totaal;Menameradiel;1997;;;;;;;;;;;;;;;
9771;Totaal;Menameradiel;1998;;;;;;;;;;;;;;;
9772;Totaal;Menameradiel;1999;;;;;;;;;;;;;;;
9773;Totaal;Menameradiel;2000;;;;;;;;;;;;;;;
9774;Totaal;Menameradiel;2001;;;;;;;;;;;;;;;
9775;Totaal;Menameradiel;2002;;;;;;;;;;;;;;;
9776;Totaal;Menameradiel;2003;;;;;;;;;;;;;;;
9777;Totaal;Menameradiel;2004;;;;;;;;;;;;;;;
9778;Totaal;Menameradiel;2005;;;;;;;;;;;;;;;
9779;Totaal;Menameradiel;2006;;;;;;;;;;;;;;;
9780;Totaal;Menameradiel;2007;;;;;;;;;;;;;;;
9781;Totaal;Menameradiel;2008;;;;;;;;;;;;;;;
9782;Totaal;Menameradiel;2009;;;;;;;;;;;;;;;
9783;Totaal;Menameradiel;2010;;;;;;;;;;;;;;;
9784;Totaal;Menameradiel;2011;13773.5;6993.5;6780.0;6016.5;3309.0;2707.5;6380.5;3189.0;3191.5;673.0;133.5;539.5;703.5;362.0;341.5
9785;Totaal;Menameradiel;2012;13750.0;7010.5;6739.5;5988.5;3315.5;2673.0;6365.5;3184.5;3181.0;674.0;140.5;533.5;722.0;370.0;352.0
9786;Totaal;Menameradiel;2013;13700.0;6999.0;6701.0;5952.0;3300.5;2651.5;6333.0;3169.5;3163.5;680.0;153.0;527.0;735.0;376.0;359.0
9787;Totaal;Menameradiel;2014;13642.5;6972.5;6670.0;5934.0;3292.0;2642.0;6270.5;3134.5;3136.0;682.0;160.5;521.5;756.0;385.5;370.5
9788;Totaal;Menameradiel;2015;13577.5;6949.0;6628.5;5943.5;3309.0;2634.5;6171.0;3087.0;3084.0;678.5;157.5;521.0;784.5;395.5;389.0
9789;Totaal;Menameradiel;2016;13498.5;6918.5;6580.0;5934.0;3314.5;2619.5;6072.5;3044.5;3028.0;677.0;151.0;526.0;815.0;408.5;406.5
9790;Totaal;Menterwolde;1995;12165.5;6161.0;6004.5;4919.5;2765.5;2154.0;6057.0;3028.5;3028.5;747.5;143.5;604.0;441.5;223.5;218.0
9791;Totaal;Menterwolde;1996;12208.5;6184.0;6024.5;4934.5;2771.5;2163.0;6064.0;3036.0;3028.0;749.0;148.5;600.5;461.0;228.0;233.0
9792;Totaal;Menterwolde;1997;12316.5;6237.0;6079.5;4989.0;2790.0;2199.0;6090.5;3050.0;3040.5;753.0;159.0;594.0;484.0;238.0;246.0
9793;Totaal;Menterwolde;1998;12466.0;6314.5;6151.5;5075.0;2833.0;2242.0;6124.0;3064.5;3059.5;740.5;158.0;582.5;526.5;259.0;267.5
9794;Totaal;Menterwolde;1999;12558.5;6362.0;6196.5;5117.0;2861.5;2255.5;6157.5;3081.0;3076.5;726.5;147.5;579.0;557.5;272.0;285.5
9795;Totaal;Menterwolde;2000;12555.0;6346.0;6209.0;5095.5;2854.0;2241.5;6142.5;3072.0;3070.5;735.5;142.0;593.5;581.5;278.0;303.5
9796;Totaal;Menterwolde;2001;12599.0;6346.0;6253.0;5115.5;2850.0;2265.5;6129.5;3062.0;3067.5;729.5;140.0;589.5;624.5;294.0;330.5
9797;Totaal;Menterwolde;2002;12664.5;6370.0;6294.5;5178.5;2867.5;2311.0;6118.5;3057.0;3061.5;717.0;142.5;574.5;650.5;303.0;347.5
9798;Totaal;Menterwolde;2003;12657.5;6375.0;6282.5;5217.0;2890.0;2327.0;6070.5;3034.5;3036.0;711.0;144.0;567.0;659.0;306.5;352.5
9799;Totaal;Menterwolde;2004;12605.0;6366.5;6238.5;5204.5;2896.0;2308.5;6021.0;3009.5;3011.5;707.0;144.0;563.0;672.5;317.0;355.5
9800;Totaal;Menterwolde;2005;12603.5;6371.5;6232.0;5236.0;2915.5;2320.5;5983.0;2991.5;2991.5;704.5;142.5;562.0;680.0;322.0;358.0
9801;Totaal;Menterwolde;2006;12586.5;6358.0;6228.5;5254.0;2916.0;2338.0;5944.0;2970.5;2973.5;706.0;146.0;560.0;682.5;325.5;357.0
9802;Totaal;Menterwolde;2007;12526.5;6331.5;6195.0;5226.0;2898.0;2328.0;5905.0;2949.0;2956.0;704.5;152.5;552.0;691.0;332.0;359.0
9803;Totaal;Menterwolde;2008;12506.0;6327.5;6178.5;5243.0;2906.5;2336.5;5850.5;2923.5;2927.0;696.0;154.0;542.0;716.5;343.5;373.0
9804;Totaal;Menterwolde;2009;12508.5;6334.5;6174.0;5225.5;2904.5;2321.0;5813.0;2905.0;2908.0;695.0;152.5;542.5;775.0;372.5;402.5
9805;Totaal;Menterwolde;2010;12444.0;6319.5;6124.5;5170.5;2881.5;2289.0;5752.0;2875.0;2877.0;689.0;157.0;532.0;832.5;406.0;426.5
9806;Totaal;Menterwolde;2011;12371.5;6300.0;6071.5;5144.5;2873.0;2271.5;5684.0;2841.0;2843.0;682.0;163.0;519.0;861.0;423.0;438.0
9807;Totaal;Menterwolde;2012;12364.0;6288.5;6075.5;5139.5;2869.5;2270.0;5639.0;2820.5;2818.5;696.0;167.0;529.0;889.5;431.5;458.0
9808;Totaal;Menterwolde;2013;12314.0;6251.5;6062.5;5121.0;2844.0;2277.0;5580.0;2795.5;2784.5;701.0;171.0;530.0;912.0;441.0;471.0
9809;Totaal;Menterwolde;2014;12227.5;6199.0;6028.5;5084.5;2807.5;2277.0;5515.0;2762.0;2753.0;689.5;171.0;518.5;938.5;458.5;480.0
9810;Totaal;Menterwolde;2015;12215.0;6184.5;6030.5;5107.5;2810.0;2297.5;5440.0;2725.0;2715.0;689.5;172.0;517.5;978.0;477.5;500.5
9811;Totaal;Menterwolde;2016;12197.5;6187.0;6010.5;5131.5;2821.5;2310.0;5382.0;2698.0;2684.0;695.5;184.5;511.0;988.5;483.0;505.5
9812;Totaal;Meppel;1995;24990.5;12068.0;12922.5;10679.5;5553.0;5126.5;11472.0;5741.0;5731.0;1745.0;302.5;1442.5;1094.0;471.5;622.5
9813;Totaal;Meppel;1996;25229.0;12198.0;13031.0;10824.5;5644.5;5180.0;11501.5;5754.0;5747.5;1745.0;301.5;1443.5;1158.0;498.0;660.0
9814;Totaal;Meppel;1997;25491.5;12357.0;13134.5;10987.0;5750.0;5237.0;11523.0;5760.0;5763.0;1733.0;303.5;1429.5;1248.5;543.5;705.0
9815;Totaal;Meppel;1998;29281.0;14283.0;14998.0;12594.0;6649.0;5945.0;13436.0;6713.5;6722.5;1876.0;329.0;1547.0;1375.0;591.5;783.5
9816;Totaal;Meppel;1999;29539.5;14403.0;15136.5;12751.5;6729.5;6022.0;13517.5;6754.0;6763.5;1871.0;328.5;1542.5;1399.5;591.0;808.5
9817;Totaal;Meppel;2000;29844.5;14530.0;15314.5;12902.0;6787.5;6114.5;13591.0;6790.5;6800.5;1899.0;333.0;1566.0;1452.5;619.0;833.5
9818;Totaal;Meppel;2001;30129.0;14675.0;15454.0;13131.5;6907.5;6224.0;13570.5;6779.5;6791.0;1884.0;330.0;1554.0;1543.0;658.0;885.0
9819;Totaal;Meppel;2002;30404.5;14836.5;15568.0;13419.0;7068.0;6351.0;13516.5;6752.5;6764.0;1862.0;330.0;1532.0;1607.0;686.0;921.0
9820;Totaal;Meppel;2003;30619.5;14947.0;15672.5;13603.0;7156.0;6447.0;13522.5;6756.0;6766.5;1843.0;331.5;1511.5;1651.0;703.5;947.5
9821;Totaal;Meppel;2004;30524.0;14878.0;15646.0;13538.5;7099.0;6439.5;13498.0;6741.5;6756.5;1801.5;325.5;1476.0;1686.0;712.0;974.0
9822;Totaal;Meppel;2005;30468.0;14821.0;15647.0;13524.0;7058.0;6466.0;13439.5;6714.5;6725.0;1779.5;328.5;1451.0;1725.0;720.0;1005.0
9823;Totaal;Meppel;2006;30813.0;14967.5;15845.5;13765.0;7154.5;6610.5;13467.5;6729.0;6738.5;1800.0;343.5;1456.5;1780.5;740.5;1040.0
9824;Totaal;Meppel;2007;31311.5;15201.5;16110.0;14085.0;7310.5;6774.5;13574.5;6775.0;6799.5;1811.5;349.0;1462.5;1840.5;767.0;1073.5
9825;Totaal;Meppel;2008;31781.0;15440.5;16340.5;14375.0;7462.5;6912.5;13692.0;6831.5;6860.5;1799.5;352.0;1447.5;1914.5;794.5;1120.0
9826;Totaal;Meppel;2009;32202.0;15680.5;16521.5;14514.0;7552.5;6961.5;13793.0;6886.5;6906.5;1783.5;355.5;1428.0;2111.5;886.0;1225.5
9827;Totaal;Meppel;2010;32444.5;15813.0;16631.5;14524.5;7566.5;6958.0;13822.0;6903.0;6919.0;1780.0;356.5;1423.5;2318.0;987.0;1331.0
9828;Totaal;Meppel;2011;32542.0;15877.5;16664.5;14565.5;7602.5;6963.0;13806.5;6899.0;6907.5;1778.5;363.0;1415.5;2391.5;1013.0;1378.5
9829;Totaal;Meppel;2012;32649.5;15969.5;16680.0;14638.5;7677.0;6961.5;13772.0;6881.0;6891.0;1759.0;366.5;1392.5;2480.0;1045.0;1435.0
9830;Totaal;Meppel;2013;32796.5;16048.5;16748.0;14759.0;7741.0;7018.0;13725.0;6853.5;6871.5;1744.0;368.0;1376.0;2568.5;1086.0;1482.5
9831;Totaal;Meppel;2014;32833.0;16061.5;16771.5;14806.5;7743.0;7063.5;13670.0;6831.0;6839.0;1742.5;382.5;1360.0;2614.0;1105.0;1509.0
9832;Totaal;Meppel;2015;32796.5;16043.0;16753.5;14778.5;7721.5;7057.0;13609.5;6796.0;6813.5;1747.5;402.0;1345.5;2661.0;1123.5;1537.5
9833;Totaal;Meppel;2016;32909.5;16088.5;16821.0;14862.0;7755.0;7107.0;13587.0;6773.0;6814.0;1752.0;416.0;1336.0;2708.5;1144.5;1564.0
9834;Totaal;Middelburg (Z.);1995;39935.0;19320.5;20614.5;17124.5;8934.5;8190.0;18104.0;9053.0;9051.0;2433.0;405.5;2027.5;2273.5;927.5;1346.0
9835;Totaal;Middelburg (Z.);1996;39704.0;19225.0;20479.0;17042.0;8910.5;8131.5;17832.0;8913.5;8918.5;2448.5;411.5;2037.0;2381.5;989.5;1392.0
9836;Totaal;Middelburg (Z.);1997;44554.0;21724.5;22829.5;19238.5;10131.5;9107.0;20106.5;10054.0;10052.5;2671.0;473.0;2198.0;2538.0;1066.0;1472.0
9837;Totaal;Middelburg (Z.);1998;44460.5;21691.0;22769.5;19206.5;10133.0;9073.5;20006.0;10007.5;9998.5;2660.0;482.0;2178.0;2588.0;1068.5;1519.5
9838;Totaal;Middelburg (Z.);1999;44700.5;21775.5;22925.0;19299.5;10168.0;9131.5;20067.0;10040.0;10027.0;2670.0;475.5;2194.5;2664.0;1092.0;1572.0
9839;Totaal;Middelburg (Z.);2000;45173.5;21980.5;23193.0;19508.0;10258.0;9250.0;20250.5;10134.0;10116.5;2697.5;470.0;2227.5;2717.5;1118.5;1599.0
9840;Totaal;Middelburg (Z.);2001;45517.5;22155.0;23362.5;19659.5;10338.5;9321.0;20337.5;10178.0;10159.5;2707.5;475.0;2232.5;2813.0;1163.5;1649.5
9841;Totaal;Middelburg (Z.);2002;45911.0;22348.5;23562.5;19852.0;10436.0;9416.0;20450.5;10232.5;10218.0;2711.0;487.0;2224.0;2897.5;1193.0;1704.5
9842;Totaal;Middelburg (Z.);2003;46282.0;22559.0;23723.0;20065.5;10565.0;9500.5;20592.0;10304.5;10287.5;2685.0;498.5;2186.5;2939.5;1191.0;1748.5
9843;Totaal;Middelburg (Z.);2004;46449.0;22677.0;23772.0;20208.5;10656.0;9552.5;20610.5;10314.5;10296.0;2655.0;505.5;2149.5;2975.0;1201.0;1774.0
9844;Totaal;Middelburg (Z.);2005;46761.0;22813.5;23947.5;20483.5;10781.0;9702.5;20568.0;10292.5;10275.5;2651.5;503.5;2148.0;3058.0;1236.5;1821.5
9845;Totaal;Middelburg (Z.);2006;47120.5;22972.0;24148.5;20807.5;10945.0;9862.5;20485.0;10249.0;10236.0;2646.0;491.5;2154.5;3182.0;1286.5;1895.5
9846;Totaal;Middelburg (Z.);2007;47296.0;23047.5;24248.5;20991.5;11042.5;9949.0;20411.0;10209.0;10202.0;2635.0;488.0;2147.0;3258.5;1308.0;1950.5
9847;Totaal;Middelburg (Z.);2008;47442.0;23134.0;24308.0;21078.0;11093.5;9984.5;20434.5;10220.5;10214.0;2635.0;504.0;2131.0;3294.5;1316.0;1978.5
9848;Totaal;Middelburg (Z.);2009;47778.0;23324.5;24453.5;21165.5;11146.0;10019.5;20538.5;10276.5;10262.0;2636.5;520.0;2116.5;3437.5;1382.0;2055.5
9849;Totaal;Middelburg (Z.);2010;48013.5;23407.0;24606.5;21226.5;11157.0;10069.5;20568.0;10288.0;10280.0;2628.5;524.5;2104.0;3590.5;1437.5;2153.0
9850;Totaal;Middelburg (Z.);2011;47899.0;23313.0;24586.0;21192.0;11123.5;10068.5;20436.0;10208.0;10228.0;2621.0;531.0;2090.0;3650.0;1450.5;2199.5
9851;Totaal;Middelburg (Z.);2012;47645.5;23143.0;24502.5;21041.0;11015.5;10025.5;20284.0;10120.0;10164.0;2619.5;538.0;2081.5;3701.0;1469.5;2231.5
9852;Totaal;Middelburg (Z.);2013;47582.5;23095.5;24487.0;21005.0;10991.5;10013.5;20207.0;10080.5;10126.5;2612.0;538.5;2073.5;3758.5;1485.0;2273.5
9853;Totaal;Middelburg (Z.);2014;47627.5;23125.5;24502.0;21077.0;11041.0;10036.0;20110.5;10033.5;10077.0;2599.0;539.0;2060.0;3841.0;1512.0;2329.0
9854;Totaal;Middelburg (Z.);2015;47743.0;23174.5;24568.5;21235.0;11118.0;10117.0;19988.0;9972.5;10015.5;2589.0;537.0;2052.0;3931.0;1547.0;2384.0
9855;Totaal;Middelburg (Z.);2016;47946.0;23288.0;24658.0;21411.0;11220.5;10190.5;19916.5;9948.5;9968.0;2601.5;541.5;2060.0;4017.0;1577.5;2439.5
9856;Totaal;Middelharnis;1995;16511.0;7951.5;8559.5;6628.0;3418.5;3209.5;8306.5;4147.0;4159.5;1096.0;168.0;928.0;480.5;218.0;262.5
9857;Totaal;Middelharnis;1996;16490.5;7951.5;8539.0;6623.0;3426.0;3197.0;8283.5;4138.5;4145.0;1097.5;168.0;929.5;486.5;219.0;267.5
9858;Totaal;Middelharnis;1997;16449.5;7932.5;8517.0;6586.0;3407.5;3178.5;8253.0;4127.0;4126.0;1101.5;171.0;930.5;509.0;227.0;282.0
9859;Totaal;Middelharnis;1998;16433.0;7925.5;8507.5;6533.5;3382.0;3151.5;8237.0;4122.0;4115.0;1101.0;175.5;925.5;561.5;246.0;315.5
9860;Totaal;Middelharnis;1999;16604.0;8015.0;8589.0;6577.5;3409.5;3168.0;8327.5;4165.5;4162.0;1103.5;176.5;927.0;595.5;263.5;332.0
9861;Totaal;Middelharnis;2000;16899.0;8169.0;8730.0;6705.5;3483.0;3222.5;8462.0;4228.0;4234.0;1121.5;184.5;937.0;610.0;273.5;336.5
9862;Totaal;Middelharnis;2001;17131.5;8306.0;8825.5;6837.5;3563.0;3274.5;8534.0;4263.0;4271.0;1121.0;197.0;924.0;639.0;283.0;356.0
9863;Totaal;Middelharnis;2002;17285.0;8395.5;8889.5;6910.5;3603.0;3307.5;8602.0;4299.5;4302.5;1107.0;199.5;907.5;665.5;293.5;372.0
9864;Totaal;Middelharnis;2003;17398.0;8459.0;8939.0;6932.5;3622.0;3310.5;8656.5;4329.0;4327.5;1105.5;199.0;906.5;703.5;309.0;394.5
9865;Totaal;Middelharnis;2004;17467.5;8525.0;8942.5;6963.5;3668.0;3295.5;8646.5;4326.0;4320.5;1112.0;203.0;909.0;745.5;328.0;417.5
9866;Totaal;Middelharnis;2005;17583.0;8595.0;8988.0;7009.0;3705.5;3303.5;8703.5;4354.0;4349.5;1105.0;199.0;906.0;765.5;336.5;429.0
9867;Totaal;Middelharnis;2006;17736.5;8659.0;9077.5;7074.0;3730.5;3343.5;8773.0;4383.5;4389.5;1098.0;195.0;903.0;791.5;350.0;441.5
9868;Totaal;Middelharnis;2007;17740.5;8661.0;9079.5;7074.0;3732.5;3341.5;8757.5;4372.5;4385.0;1097.5;196.0;901.5;811.5;360.0;451.5
9869;Totaal;Middelharnis;2008;17837.0;8726.5;9110.5;7117.0;3770.0;3347.0;8799.0;4395.0;4404.0;1092.5;197.5;895.0;828.5;364.0;464.5
9870;Totaal;Middelharnis;2009;17967.5;8809.5;9158.0;7162.0;3809.0;3353.0;8826.0;4410.0;4416.0;1090.5;204.5;886.0;889.0;386.0;503.0
9871;Totaal;Middelharnis;2010;18000.0;8825.0;9175.0;7128.5;3789.5;3339.0;8841.0;4417.0;4424.0;1090.0;213.5;876.5;940.5;405.0;535.5
9872;Totaal;Middelharnis;2011;18049.5;8850.5;9199.0;7132.5;3784.5;3348.0;8885.5;4441.0;4444.5;1084.0;215.5;868.5;947.5;409.5;538.0
9873;Totaal;Middelharnis;2012;18059.5;8854.5;9205.0;7150.5;3794.5;3356.0;8857.5;4426.0;4431.5;1077.0;209.5;867.5;974.5;424.5;550.0
9874;Totaal;Middelharnis;2013;;;;;;;;;;;;;;;
9875;Totaal;Middelharnis;2014;;;;;;;;;;;;;;;
9876;Totaal;Middelharnis;2015;;;;;;;;;;;;;;;
9877;Totaal;Middelharnis;2016;;;;;;;;;;;;;;;
9878;Totaal;Midden-Delfland;1995;;;;;;;;;;;;;;;
9879;Totaal;Midden-Delfland;1996;;;;;;;;;;;;;;;
9880;Totaal;Midden-Delfland;1997;;;;;;;;;;;;;;;
9881;Totaal;Midden-Delfland;1998;;;;;;;;;;;;;;;
9882;Totaal;Midden-Delfland;1999;;;;;;;;;;;;;;;
9883;Totaal;Midden-Delfland;2000;;;;;;;;;;;;;;;
9884;Totaal;Midden-Delfland;2001;;;;;;;;;;;;;;;
9885;Totaal;Midden-Delfland;2002;;;;;;;;;;;;;;;
9886;Totaal;Midden-Delfland;2003;;;;;;;;;;;;;;;
9887;Totaal;Midden-Delfland;2004;17063.0;8712.0;8351.0;7639.5;4228.0;3411.5;8236.5;4121.5;4115.0;675.5;128.0;547.5;511.5;234.5;277.0
9888;Totaal;Midden-Delfland;2005;17244.5;8800.5;8444.0;7759.0;4290.0;3469.0;8270.0;4137.0;4133.0;677.5;131.5;546.0;538.0;242.0;296.0
9889;Totaal;Midden-Delfland;2006;17485.5;8927.5;8558.0;7921.5;4379.5;3542.0;8295.5;4150.0;4145.5;687.0;136.5;550.5;581.5;261.5;320.0
9890;Totaal;Midden-Delfland;2007;17493.5;8934.5;8559.0;7922.5;4391.5;3531.0;8259.5;4130.0;4129.5;693.5;138.5;555.0;618.0;274.5;343.5
9891;Totaal;Midden-Delfland;2008;17524.5;8937.5;8587.0;7913.5;4380.5;3533.0;8269.5;4133.0;4136.5;695.0;141.5;553.5;646.5;282.5;364.0
9892;Totaal;Midden-Delfland;2009;17744.0;9032.5;8711.5;7973.0;4398.0;3575.0;8357.0;4175.5;4181.5;716.5;151.5;565.0;697.5;307.5;390.0
9893;Totaal;Midden-Delfland;2010;18022.0;9142.5;8879.5;8057.0;4423.5;3633.5;8452.5;4223.0;4229.5;757.0;161.5;595.5;755.5;334.5;421.0
9894;Totaal;Midden-Delfland;2011;18189.5;9211.5;8978.0;8120.5;4450.5;3670.0;8484.5;4239.0;4245.5;788.0;169.0;619.0;796.5;353.0;443.5
9895;Totaal;Midden-Delfland;2012;18238.0;9228.5;9009.5;8136.5;4450.0;3686.5;8473.5;4236.5;4237.0;797.5;175.0;622.5;830.5;367.0;463.5
9896;Totaal;Midden-Delfland;2013;18353.5;9277.5;9076.0;8195.5;4470.5;3725.0;8498.5;4252.5;4246.0;805.5;179.5;626.0;854.0;375.0;479.0
9897;Totaal;Midden-Delfland;2014;18582.5;9397.0;9185.5;8301.0;4529.0;3772.0;8575.5;4290.5;4285.0;824.0;187.0;637.0;882.0;390.5;491.5
9898;Totaal;Midden-Delfland;2015;18791.0;9489.5;9301.5;8421.5;4577.5;3844.0;8638.0;4318.5;4319.5;832.0;189.5;642.5;899.5;404.0;495.5
9899;Totaal;Midden-Delfland;2016;18953.5;9545.5;9408.0;8529.0;4605.0;3924.0;8667.5;4330.5;4337.0;832.5;189.0;643.5;924.5;421.0;503.5
9900;Totaal;Midden-Drenthe;1995;;;;;;;;;;;;;;;
9901;Totaal;Midden-Drenthe;1996;;;;;;;;;;;;;;;
9902;Totaal;Midden-Drenthe;1997;;;;;;;;;;;;;;;
9903;Totaal;Midden-Drenthe;1998;;;;;;;;;;;;;;;
9904;Totaal;Midden-Drenthe;1999;;;;;;;;;;;;;;;
9905;Totaal;Midden-Drenthe;2000;32603.5;16391.0;16212.5;13278.5;7352.0;5926.5;16272.0;8142.0;8130.0;1917.5;366.0;1551.5;1135.5;531.0;604.5
9906;Totaal;Midden-Drenthe;2001;32752.0;16437.5;16314.5;13387.0;7403.5;5983.5;16245.0;8126.5;8118.5;1932.0;358.0;1574.0;1188.0;549.5;638.5
9907;Totaal;Midden-Drenthe;2002;32758.5;16398.0;16360.5;13390.0;7367.0;6023.0;16168.0;8088.0;8080.0;1946.0;364.0;1582.0;1254.5;579.0;675.5
9908;Totaal;Midden-Drenthe;2003;32816.0;16372.5;16443.5;13433.0;7338.0;6095.0;16110.5;8055.0;8055.5;1968.0;375.5;1592.5;1304.5;604.0;700.5
9909;Totaal;Midden-Drenthe;2004;32895.0;16369.5;16525.5;13479.0;7326.0;6153.0;16079.5;8036.0;8043.5;1977.5;382.5;1595.0;1359.0;625.0;734.0
9910;Totaal;Midden-Drenthe;2005;33133.0;16476.0;16657.0;13665.5;7406.0;6259.5;16107.5;8054.0;8053.5;1971.0;384.5;1586.5;1389.0;631.5;757.5
9911;Totaal;Midden-Drenthe;2006;33413.5;16618.5;16795.0;13870.0;7513.5;6356.5;16145.0;8070.5;8074.5;1964.0;384.0;1580.0;1434.5;650.5;784.0
9912;Totaal;Midden-Drenthe;2007;33566.0;16734.0;16832.0;13971.0;7593.5;6377.5;16139.0;8068.5;8070.5;1952.5;387.0;1565.5;1503.5;685.0;818.5
9913;Totaal;Midden-Drenthe;2008;33573.5;16767.5;16806.0;13964.0;7610.0;6354.0;16108.5;8061.5;8047.0;1952.0;391.0;1561.0;1549.0;705.0;844.0
9914;Totaal;Midden-Drenthe;2009;33560.0;16754.5;16805.5;13866.5;7563.0;6303.5;16028.0;8024.5;8003.5;1979.5;401.0;1578.5;1686.0;766.0;920.0
9915;Totaal;Midden-Drenthe;2010;33570.5;16750.5;16820.0;13780.5;7518.5;6262.0;15956.5;7987.0;7969.5;2002.5;414.0;1588.5;1831.0;831.0;1000.0
9916;Totaal;Midden-Drenthe;2011;33569.5;16745.0;16824.5;13770.0;7508.5;6261.5;15916.0;7962.5;7953.5;2011.0;425.5;1585.5;1872.5;848.5;1024.0
9917;Totaal;Midden-Drenthe;2012;33490.0;16703.5;16786.5;13740.5;7488.5;6252.0;15832.5;7913.0;7919.5;2007.0;432.5;1574.5;1910.0;869.5;1040.5
9918;Totaal;Midden-Drenthe;2013;33394.0;16659.0;16735.0;13734.5;7487.0;6247.5;15674.0;7830.5;7843.5;2008.5;443.0;1565.5;1977.0;898.5;1078.5
9919;Totaal;Midden-Drenthe;2014;33325.0;16630.0;16695.0;13737.5;7485.5;6252.0;15527.5;7758.0;7769.5;2022.5;465.0;1557.5;2037.5;921.5;1116.0
9920;Totaal;Midden-Drenthe;2015;33367.0;16649.0;16718.0;13829.5;7525.0;6304.5;15410.0;7695.0;7715.0;2035.0;480.5;1554.5;2092.5;948.5;1144.0
9921;Totaal;Midden-Drenthe;2016;33424.5;16685.0;16739.5;13923.5;7575.0;6348.5;15298.0;7639.0;7659.0;2046.5;483.0;1563.5;2156.5;988.0;1168.5
9922;Totaal;Middenschouwen;1995;2675.5;1392.5;1283.0;989.0;569.0;420.0;1485.5;744.0;741.5;112.5;31.5;81.0;88.5;48.0;40.5
9923;Totaal;Middenschouwen;1996;2701.0;1403.0;1298.0;995.0;568.5;426.5;1495.0;750.0;745.0;113.5;31.0;82.5;97.5;53.5;44.0
9924;Totaal;Middenschouwen;1997;;;;;;;;;;;;;;;
9925;Totaal;Middenschouwen;1998;;;;;;;;;;;;;;;
9926;Totaal;Middenschouwen;1999;;;;;;;;;;;;;;;
9927;Totaal;Middenschouwen;2000;;;;;;;;;;;;;;;
9928;Totaal;Middenschouwen;2001;;;;;;;;;;;;;;;
9929;Totaal;Middenschouwen;2002;;;;;;;;;;;;;;;
9930;Totaal;Middenschouwen;2003;;;;;;;;;;;;;;;
9931;Totaal;Middenschouwen;2004;;;;;;;;;;;;;;;
9932;Totaal;Middenschouwen;2005;;;;;;;;;;;;;;;
9933;Totaal;Middenschouwen;2006;;;;;;;;;;;;;;;
9934;Totaal;Middenschouwen;2007;;;;;;;;;;;;;;;
9935;Totaal;Middenschouwen;2008;;;;;;;;;;;;;;;
9936;Totaal;Middenschouwen;2009;;;;;;;;;;;;;;;
9937;Totaal;Middenschouwen;2010;;;;;;;;;;;;;;;
9938;Totaal;Middenschouwen;2011;;;;;;;;;;;;;;;
9939;Totaal;Middenschouwen;2012;;;;;;;;;;;;;;;
9940;Totaal;Middenschouwen;2013;;;;;;;;;;;;;;;
9941;Totaal;Middenschouwen;2014;;;;;;;;;;;;;;;
9942;Totaal;Middenschouwen;2015;;;;;;;;;;;;;;;
9943;Totaal;Middenschouwen;2016;;;;;;;;;;;;;;;
9944;Totaal;Middenveld;1995;;;;;;;;;;;;;;;
9945;Totaal;Middenveld;1996;;;;;;;;;;;;;;;
9946;Totaal;Middenveld;1997;;;;;;;;;;;;;;;
9947;Totaal;Middenveld;1998;32077.0;16120.5;15956.5;12987.0;7165.0;5822.0;16171.0;8095.5;8075.5;1853.5;365.5;1488.0;1065.5;494.5;571.0
9948;Totaal;Middenveld;1999;32262.0;16222.0;16040.0;13047.0;7213.5;5833.5;16228.5;8125.5;8103.0;1876.0;366.5;1509.5;1110.5;516.5;594.0
9949;Totaal;Middenveld;2000;;;;;;;;;;;;;;;
9950;Totaal;Middenveld;2001;;;;;;;;;;;;;;;
9951;Totaal;Middenveld;2002;;;;;;;;;;;;;;;
9952;Totaal;Middenveld;2003;;;;;;;;;;;;;;;
9953;Totaal;Middenveld;2004;;;;;;;;;;;;;;;
9954;Totaal;Middenveld;2005;;;;;;;;;;;;;;;
9955;Totaal;Middenveld;2006;;;;;;;;;;;;;;;
9956;Totaal;Middenveld;2007;;;;;;;;;;;;;;;
9957;Totaal;Middenveld;2008;;;;;;;;;;;;;;;
9958;Totaal;Middenveld;2009;;;;;;;;;;;;;;;
9959;Totaal;Middenveld;2010;;;;;;;;;;;;;;;
9960;Totaal;Middenveld;2011;;;;;;;;;;;;;;;
9961;Totaal;Middenveld;2012;;;;;;;;;;;;;;;
9962;Totaal;Middenveld;2013;;;;;;;;;;;;;;;
9963;Totaal;Middenveld;2014;;;;;;;;;;;;;;;
9964;Totaal;Middenveld;2015;;;;;;;;;;;;;;;
9965;Totaal;Middenveld;2016;;;;;;;;;;;;;;;
9966;Totaal;Mierlo;1995;10019.0;5020.5;4998.5;4185.0;2249.0;1936.0;5075.0;2540.5;2534.5;438.0;88.5;349.5;321.0;142.5;178.5
9967;Totaal;Mierlo;1996;10061.5;5045.5;5016.0;4180.0;2249.5;1930.5;5092.5;2547.5;2545.0;453.5;94.5;359.0;335.5;154.0;181.5
9968;Totaal;Mierlo;1997;10114.0;5065.0;5049.0;4190.0;2250.5;1939.5;5114.0;2554.0;2560.0;458.0;97.5;360.5;352.0;163.0;189.0
9969;Totaal;Mierlo;1998;10165.5;5073.5;5092.0;4209.0;2249.0;1960.0;5124.0;2558.5;2565.5;459.0;97.0;362.0;373.5;169.0;204.5
9970;Totaal;Mierlo;1999;10176.5;5077.0;5099.5;4200.0;2248.5;1951.5;5125.0;2560.5;2564.5;464.5;95.0;369.5;387.0;173.0;214.0
9971;Totaal;Mierlo;2000;10199.5;5092.5;5107.0;4181.0;2250.0;1931.0;5141.0;2568.0;2573.0;477.0;96.5;380.5;400.5;178.0;222.5
9972;Totaal;Mierlo;2001;10243.0;5116.5;5126.5;4191.0;2260.5;1930.5;5145.5;2569.0;2576.5;483.0;98.5;384.5;423.5;188.5;235.0
9973;Totaal;Mierlo;2002;10217.5;5096.5;5121.0;4178.5;2249.0;1929.5;5100.0;2547.5;2552.5;483.5;98.5;385.0;455.5;201.5;254.0
9974;Totaal;Mierlo;2003;10086.5;5031.5;5055.0;4090.5;2209.0;1881.5;5043.0;2519.5;2523.5;483.0;99.5;383.5;470.0;203.5;266.5
9975;Totaal;Mierlo;2004;;;;;;;;;;;;;;;
9976;Totaal;Mierlo;2005;;;;;;;;;;;;;;;
9977;Totaal;Mierlo;2006;;;;;;;;;;;;;;;
9978;Totaal;Mierlo;2007;;;;;;;;;;;;;;;
9979;Totaal;Mierlo;2008;;;;;;;;;;;;;;;
9980;Totaal;Mierlo;2009;;;;;;;;;;;;;;;
9981;Totaal;Mierlo;2010;;;;;;;;;;;;;;;
9982;Totaal;Mierlo;2011;;;;;;;;;;;;;;;
9983;Totaal;Mierlo;2012;;;;;;;;;;;;;;;
9984;Totaal;Mierlo;2013;;;;;;;;;;;;;;;
9985;Totaal;Mierlo;2014;;;;;;;;;;;;;;;
9986;Totaal;Mierlo;2015;;;;;;;;;;;;;;;
9987;Totaal;Mierlo;2016;;;;;;;;;;;;;;;
9988;Totaal;Mill en Sint Hubert;1995;10876.5;5527.5;5349.0;4540.0;2521.0;2019.0;5572.0;2788.5;2783.5;521.5;105.0;416.5;243.0;113.0;130.0
9989;Totaal;Mill en Sint Hubert;1996;10924.5;5550.5;5374.0;4567.5;2538.0;2029.5;5575.5;2789.5;2786.0;537.0;108.5;428.5;244.5;114.5;130.0
9990;Totaal;Mill en Sint Hubert;1997;10963.5;5566.0;5397.5;4571.5;2541.5;2030.0;5594.0;2795.0;2799.0;545.0;113.0;432.0;253.0;116.5;136.5
9991;Totaal;Mill en Sint Hubert;1998;10993.5;5582.0;5411.5;4554.0;2533.0;2021.0;5646.5;2818.5;2828.0;539.5;114.5;425.0;253.5;116.0;137.5
9992;Totaal;Mill en Sint Hubert;1999;11047.5;5610.5;5437.0;4563.0;2541.5;2021.5;5689.0;2840.5;2848.5;538.5;110.5;428.0;257.0;118.0;139.0
9993;Totaal;Mill en Sint Hubert;2000;11094.0;5633.0;5461.0;4590.0;2552.5;2037.5;5690.0;2843.5;2846.5;545.0;111.5;433.5;269.0;125.5;143.5
9994;Totaal;Mill en Sint Hubert;2001;11097.0;5628.0;5469.0;4607.5;2552.0;2055.5;5665.0;2833.0;2832.0;553.0;119.0;434.0;271.5;124.0;147.5
9995;Totaal;Mill en Sint Hubert;2002;11105.5;5628.5;5477.0;4630.0;2561.0;2069.0;5643.0;2823.5;2819.5;552.0;119.5;432.5;280.5;124.5;156.0
9996;Totaal;Mill en Sint Hubert;2003;11076.0;5614.5;5461.5;4614.0;2551.5;2062.5;5615.5;2809.5;2806.0;550.0;117.5;432.5;296.5;136.0;160.5
9997;Totaal;Mill en Sint Hubert;2004;11045.5;5598.0;5447.5;4583.0;2530.0;2053.0;5605.5;2804.5;2801.0;545.0;117.0;428.0;312.0;146.5;165.5
9998;Totaal;Mill en Sint Hubert;2005;11052.0;5601.5;5450.5;4585.0;2527.0;2058.0;5590.5;2798.0;2792.5;542.5;120.0;422.5;334.0;156.5;177.5
9999;Totaal;Mill en Sint Hubert;2006;11032.0;5596.5;5435.5;4583.5;2531.0;2052.5;5546.5;2775.5;2771.0;553.5;126.0;427.5;348.5;164.0;184.5
