ID;Geslacht;Geboorteland;PlaatsInHetGezin;Perioden;Immigratie_1;EmigratieInclusiefAdministratieveC_2;EmigratieExclusiefAdministratieveC_3;MigratiesaldoInclusiefAdministratie_4;MigratiesaldoExclusiefAdministratie_5;AdministratieveOpnemingen_6;AdministratieveAfvoeringen_7;SaldoAdministratieveCorrecties_8
0;Mannen en vrouwen;Totaal geboorteland;Totaal personen;1995;96099;82195;63321;13904;32778;12173;31047;-18874
1;Mannen en vrouwen;Totaal geboorteland;Totaal personen;1996;108749;91945;65325;16804;43424;14181;40801;-26620
2;Mannen en vrouwen;Totaal geboorteland;Totaal personen;1997;109860;81973;62218;27887;47642;14866;34621;-19755
3;Mannen en vrouwen;Totaal geboorteland;Totaal personen;1998;122407;79289;60441;43118;61966;16379;35227;-18848
4;Mannen en vrouwen;Totaal geboorteland;Totaal personen;1999;119151;78779;59023;40372;60128;17235;36991;-19756
5;Mannen en vrouwen;Totaal geboorteland;Totaal personen;2000;132850;78977;61201;53873;71649;18710;36486;-17776
6;Mannen en vrouwen;Totaal geboorteland;Totaal personen;2001;133404;82566;63318;50838;70086;19161;38409;-19248
7;Mannen en vrouwen;Totaal geboorteland;Totaal personen;2002;121250;96918;66728;24332;54522;21743;51933;-30190
8;Mannen en vrouwen;Totaal geboorteland;Totaal personen;2003;104514;104831;68885;-317;35629;24872;60818;-35946
9;Mannen en vrouwen;Totaal geboorteland;Totaal personen;2004;94019;110235;75049;-16216;18970;27960;63146;-35186
10;Mannen en vrouwen;Totaal geboorteland;Totaal personen;2005;92297;119725;83399;-27428;8898;30491;66817;-36326
11;Mannen en vrouwen;Totaal geboorteland;Totaal personen;2006;101150;132470;91028;-31320;10122;34251;75693;-41442
12;Mannen en vrouwen;Totaal geboorteland;Totaal personen;2007;116819;122576;91287;-5757;25532;38733;70022;-31289
13;Mannen en vrouwen;Totaal geboorteland;Totaal personen;2008;143516;117779;90067;25737;53449;42250;69962;-27712
14;Mannen en vrouwen;Totaal geboorteland;Totaal personen;2009;146378;111897;85357;34481;61021;41653;68193;-26540
15;Mannen en vrouwen;Totaal geboorteland;Totaal in gezinsverband;1995;26789;33912;28589;-7123;-1800;1115;6438;-5323
16;Mannen en vrouwen;Totaal geboorteland;Totaal in gezinsverband;1996;27319;35965;30008;-8646;-2689;1322;7279;-5957
17;Mannen en vrouwen;Totaal geboorteland;Totaal in gezinsverband;1997;27076;32435;27546;-5359;-470;1241;6130;-4889
18;Mannen en vrouwen;Totaal geboorteland;Totaal in gezinsverband;1998;28032;30757;26494;-2725;1538;1255;5518;-4263
19;Mannen en vrouwen;Totaal geboorteland;Totaal in gezinsverband;1999;27923;30249;26084;-2326;1839;1336;5501;-4165
20;Mannen en vrouwen;Totaal geboorteland;Totaal in gezinsverband;2000;31774;32057;28076;-283;3698;1464;5445;-3981
21;Mannen en vrouwen;Totaal geboorteland;Totaal in gezinsverband;2001;29299;34058;28934;-4759;365;1623;6747;-5124
22;Mannen en vrouwen;Totaal geboorteland;Totaal in gezinsverband;2002;24740;37519;30620;-12779;-5880;1843;8742;-6899
23;Mannen en vrouwen;Totaal geboorteland;Totaal in gezinsverband;2003;20091;39920;31461;-19829;-11370;2417;10876;-8459
24;Mannen en vrouwen;Totaal geboorteland;Totaal in gezinsverband;2004;18474;42355;34459;-23881;-15985;2977;10873;-7896
25;Mannen en vrouwen;Totaal geboorteland;Totaal in gezinsverband;2005;18759;47004;38384;-28245;-19625;3042;11662;-8620
26;Mannen en vrouwen;Totaal geboorteland;Totaal in gezinsverband;2006;21407;49872;40797;-28465;-19390;3603;12678;-9075
27;Mannen en vrouwen;Totaal geboorteland;Totaal in gezinsverband;2007;21813;46376;39696;-24563;-17883;4101;10781;-6680
28;Mannen en vrouwen;Totaal geboorteland;Totaal in gezinsverband;2008;24906;42453;36953;-17547;-12047;3883;9383;-5500
29;Mannen en vrouwen;Totaal geboorteland;Totaal in gezinsverband;2009;25509;36536;31800;-11027;-6291;3322;8058;-4736
30;Mannen en vrouwen;Totaal geboorteland;Personen in echtpaar;1995;14489;24850;21737;-10361;-7248;485;3598;-3113
31;Mannen en vrouwen;Totaal geboorteland;Personen in echtpaar;1996;13826;26941;23398;-13115;-9572;498;4041;-3543
32;Mannen en vrouwen;Totaal geboorteland;Personen in echtpaar;1997;13027;23750;21176;-10723;-8149;501;3075;-2574
33;Mannen en vrouwen;Totaal geboorteland;Personen in echtpaar;1998;12959;22621;20119;-9662;-7160;487;2989;-2502
34;Mannen en vrouwen;Totaal geboorteland;Personen in echtpaar;1999;13209;21987;19788;-8778;-6579;582;2781;-2199
35;Mannen en vrouwen;Totaal geboorteland;Personen in echtpaar;2000;14580;22795;20654;-8215;-6074;558;2699;-2141
36;Mannen en vrouwen;Totaal geboorteland;Personen in echtpaar;2001;13361;24026;21162;-10665;-7801;700;3564;-2864
37;Mannen en vrouwen;Totaal geboorteland;Personen in echtpaar;2002;10575;26019;22556;-15444;-11981;686;4149;-3463
38;Mannen en vrouwen;Totaal geboorteland;Personen in echtpaar;2003;8780;26053;22046;-17273;-13266;1010;5017;-4007
39;Mannen en vrouwen;Totaal geboorteland;Personen in echtpaar;2004;8125;26966;23253;-18841;-15128;1124;4837;-3713
40;Mannen en vrouwen;Totaal geboorteland;Personen in echtpaar;2005;8724;30481;26637;-21757;-17913;1221;5065;-3844
41;Mannen en vrouwen;Totaal geboorteland;Personen in echtpaar;2006;10875;32154;28056;-21279;-17181;1252;5350;-4098
42;Mannen en vrouwen;Totaal geboorteland;Personen in echtpaar;2007;10188;30280;27309;-20092;-17121;1409;4380;-2971
43;Mannen en vrouwen;Totaal geboorteland;Personen in echtpaar;2008;10654;28027;25657;-17373;-15003;1228;3598;-2370
44;Mannen en vrouwen;Totaal geboorteland;Personen in echtpaar;2009;11352;23655;21520;-12303;-10168;914;3049;-2135
45;Mannen en vrouwen;Totaal geboorteland;Personen in eenoudergezin met vader;1995;996;733;494;263;502;65;304;-239
46;Mannen en vrouwen;Totaal geboorteland;Personen in eenoudergezin met vader;1996;837;807;471;30;366;69;405;-336
47;Mannen en vrouwen;Totaal geboorteland;Personen in eenoudergezin met vader;1997;862;768;490;94;372;56;334;-278
48;Mannen en vrouwen;Totaal geboorteland;Personen in eenoudergezin met vader;1998;1023;663;470;360;553;67;260;-193
49;Mannen en vrouwen;Totaal geboorteland;Personen in eenoudergezin met vader;1999;975;721;499;254;476;85;307;-222
50;Mannen en vrouwen;Totaal geboorteland;Personen in eenoudergezin met vader;2000;1149;875;615;274;534;67;327;-260
51;Mannen en vrouwen;Totaal geboorteland;Personen in eenoudergezin met vader;2001;1155;874;600;281;555;113;387;-274
52;Mannen en vrouwen;Totaal geboorteland;Personen in eenoudergezin met vader;2002;1009;975;562;34;447;133;546;-413
53;Mannen en vrouwen;Totaal geboorteland;Personen in eenoudergezin met vader;2003;783;1129;657;-346;126;153;625;-472
54;Mannen en vrouwen;Totaal geboorteland;Personen in eenoudergezin met vader;2004;688;1136;649;-448;39;150;637;-487
55;Mannen en vrouwen;Totaal geboorteland;Personen in eenoudergezin met vader;2005;633;1359;793;-726;-160;157;723;-566
56;Mannen en vrouwen;Totaal geboorteland;Personen in eenoudergezin met vader;2006;745;1649;951;-904;-206;193;891;-698
57;Mannen en vrouwen;Totaal geboorteland;Personen in eenoudergezin met vader;2007;779;1462;979;-683;-200;216;699;-483
58;Mannen en vrouwen;Totaal geboorteland;Personen in eenoudergezin met vader;2008;946;1287;858;-341;88;200;629;-429
59;Mannen en vrouwen;Totaal geboorteland;Personen in eenoudergezin met vader;2009;1120;1226;814;-106;306;184;596;-412
60;Mannen en vrouwen;Totaal geboorteland;Personen in eenoudergezin met moeder;1995;9151;7579;5783;1572;3368;507;2303;-1796
61;Mannen en vrouwen;Totaal geboorteland;Personen in eenoudergezin met moeder;1996;10693;7411;5543;3282;5150;725;2593;-1868
62;Mannen en vrouwen;Totaal geboorteland;Personen in eenoudergezin met moeder;1997;11579;7060;5264;4519;6315;617;2413;-1796
63;Mannen en vrouwen;Totaal geboorteland;Personen in eenoudergezin met moeder;1998;12030;6628;5229;5402;6801;614;2013;-1399
64;Mannen en vrouwen;Totaal geboorteland;Personen in eenoudergezin met moeder;1999;11519;6487;5030;5032;6489;619;2076;-1457
65;Mannen en vrouwen;Totaal geboorteland;Personen in eenoudergezin met moeder;2000;12846;7177;5825;5669;7021;749;2101;-1352
66;Mannen en vrouwen;Totaal geboorteland;Personen in eenoudergezin met moeder;2001;11915;7916;6237;3999;5678;759;2438;-1679
67;Mannen en vrouwen;Totaal geboorteland;Personen in eenoudergezin met moeder;2002;11440;8752;6248;2688;5192;908;3412;-2504
68;Mannen en vrouwen;Totaal geboorteland;Personen in eenoudergezin met moeder;2003;9438;10877;7570;-1439;1868;1125;4432;-3307
69;Mannen en vrouwen;Totaal geboorteland;Personen in eenoudergezin met moeder;2004;8463;12136;9047;-3673;-584;1506;4595;-3089
70;Mannen en vrouwen;Totaal geboorteland;Personen in eenoudergezin met moeder;2005;7955;12646;9076;-4691;-1121;1495;5065;-3570
71;Mannen en vrouwen;Totaal geboorteland;Personen in eenoudergezin met moeder;2006;8010;13731;9935;-5721;-1925;1845;5641;-3796
72;Mannen en vrouwen;Totaal geboorteland;Personen in eenoudergezin met moeder;2007;8741;12101;9278;-3360;-537;2167;4990;-2823
73;Mannen en vrouwen;Totaal geboorteland;Personen in eenoudergezin met moeder;2008;10778;10959;8693;-181;2085;2188;4454;-2266
74;Mannen en vrouwen;Totaal geboorteland;Personen in eenoudergezin met moeder;2009;11226;9866;7975;1360;3251;1968;3859;-1891
75;Mannen en vrouwen;Totaal geboorteland;Personen in samenwonend paar met kin...;1995;2153;750;575;1403;1578;58;233;-175
76;Mannen en vrouwen;Totaal geboorteland;Personen in samenwonend paar met kin...;1996;1963;806;596;1157;1367;30;240;-210
77;Mannen en vrouwen;Totaal geboorteland;Personen in samenwonend paar met kin...;1997;1608;857;616;751;992;67;308;-241
78;Mannen en vrouwen;Totaal geboorteland;Personen in samenwonend paar met kin...;1998;2020;845;676;1175;1344;87;256;-169
79;Mannen en vrouwen;Totaal geboorteland;Personen in samenwonend paar met kin...;1999;2220;1054;767;1166;1453;50;337;-287
80;Mannen en vrouwen;Totaal geboorteland;Personen in samenwonend paar met kin...;2000;3199;1210;982;1989;2217;90;318;-228
81;Mannen en vrouwen;Totaal geboorteland;Personen in samenwonend paar met kin...;2001;2868;1242;935;1626;1933;51;358;-307
82;Mannen en vrouwen;Totaal geboorteland;Personen in samenwonend paar met kin...;2002;1716;1773;1254;-57;462;116;635;-519
83;Mannen en vrouwen;Totaal geboorteland;Personen in samenwonend paar met kin...;2003;1090;1861;1188;-771;-98;129;802;-673
84;Mannen en vrouwen;Totaal geboorteland;Personen in samenwonend paar met kin...;2004;1198;2117;1510;-919;-312;197;804;-607
85;Mannen en vrouwen;Totaal geboorteland;Personen in samenwonend paar met kin...;2005;1447;2518;1878;-1071;-431;169;809;-640
86;Mannen en vrouwen;Totaal geboorteland;Personen in samenwonend paar met kin...;2006;1777;2338;1855;-561;-78;313;796;-483
87;Mannen en vrouwen;Totaal geboorteland;Personen in samenwonend paar met kin...;2007;2105;2533;2130;-428;-25;309;712;-403
88;Mannen en vrouwen;Totaal geboorteland;Personen in samenwonend paar met kin...;2008;2528;2180;1745;348;783;267;702;-435
89;Mannen en vrouwen;Totaal geboorteland;Personen in samenwonend paar met kin...;2009;1811;1789;1491;22;320;256;554;-298
90;Mannen en vrouwen;Totaal geboorteland;Alleengaanden;1995;69310;48283;34732;21027;34578;11058;24609;-13551
91;Mannen en vrouwen;Totaal geboorteland;Alleengaanden;1996;81430;55980;35317;25450;46113;12859;33522;-20663
92;Mannen en vrouwen;Totaal geboorteland;Alleengaanden;1997;82784;49538;34672;33246;48112;13625;28491;-14866
93;Mannen en vrouwen;Totaal geboorteland;Alleengaanden;1998;94375;48532;33947;45843;60428;15124;29709;-14585
94;Mannen en vrouwen;Totaal geboorteland;Alleengaanden;1999;91228;48530;32939;42698;58289;15899;31490;-15591
95;Mannen en vrouwen;Totaal geboorteland;Alleengaanden;2000;101076;46920;33125;54156;67951;17246;31041;-13795
96;Mannen en vrouwen;Totaal geboorteland;Alleengaanden;2001;104105;48508;34384;55597;69721;17538;31662;-14124
97;Mannen en vrouwen;Totaal geboorteland;Alleengaanden;2002;96510;59399;36108;37111;60402;19900;43191;-23291
98;Mannen en vrouwen;Totaal geboorteland;Alleengaanden;2003;84423;64911;37424;19512;46999;22455;49942;-27487
99;Mannen en vrouwen;Totaal geboorteland;Alleengaanden;2004;75545;67880;40590;7665;34955;24983;52273;-27290
100;Mannen en vrouwen;Totaal geboorteland;Alleengaanden;2005;73538;72721;45015;817;28523;27449;55155;-27706
101;Mannen en vrouwen;Totaal geboorteland;Alleengaanden;2006;79743;82598;50231;-2855;29512;30648;63015;-32367
102;Mannen en vrouwen;Totaal geboorteland;Alleengaanden;2007;95006;76200;51591;18806;43415;34632;59241;-24609
103;Mannen en vrouwen;Totaal geboorteland;Alleengaanden;2008;118610;75326;53114;43284;65496;38367;60579;-22212
104;Mannen en vrouwen;Totaal geboorteland;Alleengaanden;2009;120869;75361;53557;45508;67312;38331;60135;-21804
105;Mannen en vrouwen;Totaal niet-westers;Totaal personen;1995;39676;20506;11998;19170;27678;3970;12478;-8508
106;Mannen en vrouwen;Totaal niet-westers;Totaal personen;1996;50259;24033;11980;26226;38279;4885;16938;-12053
107;Mannen en vrouwen;Totaal niet-westers;Totaal personen;1997;52124;20129;11813;31995;40311;5324;13640;-8316
108;Mannen en vrouwen;Totaal niet-westers;Totaal personen;1998;58951;18910;11215;40041;47736;5697;13392;-7695
109;Mannen en vrouwen;Totaal niet-westers;Totaal personen;1999;54037;18798;10731;35239;43306;5649;13716;-8067
110;Mannen en vrouwen;Totaal niet-westers;Totaal personen;2000;62465;17250;10423;45215;52042;6547;13374;-6827
111;Mannen en vrouwen;Totaal niet-westers;Totaal personen;2001;64894;19177;11897;45717;52997;6381;13661;-7280
112;Mannen en vrouwen;Totaal niet-westers;Totaal personen;2002;59450;24715;12444;34735;47006;7087;19358;-12271
113;Mannen en vrouwen;Totaal niet-westers;Totaal personen;2003;48834;29590;14686;19244;34148;8164;23068;-14904
114;Mannen en vrouwen;Totaal niet-westers;Totaal personen;2004;37313;31949;17473;5364;19840;8792;23268;-14476
115;Mannen en vrouwen;Totaal niet-westers;Totaal personen;2005;34112;35368;18528;-1256;15584;9050;25890;-16840
116;Mannen en vrouwen;Totaal niet-westers;Totaal personen;2006;34492;37636;20316;-3144;14176;10619;27939;-17320
117;Mannen en vrouwen;Totaal niet-westers;Totaal personen;2007;36822;31894;20494;4928;16328;12186;23586;-11400
118;Mannen en vrouwen;Totaal niet-westers;Totaal personen;2008;48597;29050;19498;19547;29099;13326;22878;-9552
119;Mannen en vrouwen;Totaal niet-westers;Totaal personen;2009;52711;28864;20041;23847;32670;12328;21151;-8823
120;Mannen en vrouwen;Totaal niet-westers;Totaal in gezinsverband;1995;7477;6721;4623;756;2854;298;2396;-2098
121;Mannen en vrouwen;Totaal niet-westers;Totaal in gezinsverband;1996;10002;6734;4427;3268;5575;375;2682;-2307
122;Mannen en vrouwen;Totaal niet-westers;Totaal in gezinsverband;1997;10521;5732;3961;4789;6560;283;2054;-1771
123;Mannen en vrouwen;Totaal niet-westers;Totaal in gezinsverband;1998;11238;5056;3604;6182;7634;308;1760;-1452
124;Mannen en vrouwen;Totaal niet-westers;Totaal in gezinsverband;1999;10605;4852;3495;5753;7110;257;1614;-1357
125;Mannen en vrouwen;Totaal niet-westers;Totaal in gezinsverband;2000;12821;4917;3692;7904;9129;334;1559;-1225
126;Mannen en vrouwen;Totaal niet-westers;Totaal in gezinsverband;2001;12194;5544;4021;6650;8173;354;1877;-1523
127;Mannen en vrouwen;Totaal niet-westers;Totaal in gezinsverband;2002;10078;6754;4322;3324;5756;344;2776;-2432
128;Mannen en vrouwen;Totaal niet-westers;Totaal in gezinsverband;2003;7141;8134;5303;-993;1838;483;3314;-2831
129;Mannen en vrouwen;Totaal niet-westers;Totaal in gezinsverband;2004;5564;9324;6674;-3760;-1110;568;3218;-2650
130;Mannen en vrouwen;Totaal niet-westers;Totaal in gezinsverband;2005;5587;10098;7020;-4511;-1433;560;3638;-3078
131;Mannen en vrouwen;Totaal niet-westers;Totaal in gezinsverband;2006;5766;10518;7494;-4752;-1728;728;3752;-3024
132;Mannen en vrouwen;Totaal niet-westers;Totaal in gezinsverband;2007;6032;9031;7017;-2999;-985;870;2884;-2014
133;Mannen en vrouwen;Totaal niet-westers;Totaal in gezinsverband;2008;7642;8186;6515;-544;1127;698;2369;-1671
134;Mannen en vrouwen;Totaal niet-westers;Totaal in gezinsverband;2009;8540;8113;6615;427;1925;579;2077;-1498
135;Mannen en vrouwen;Totaal niet-westers;Personen in echtpaar;1995;2645;4060;2934;-1415;-289;118;1244;-1126
136;Mannen en vrouwen;Totaal niet-westers;Personen in echtpaar;1996;3455;4324;2967;-869;488;137;1494;-1357
137;Mannen en vrouwen;Totaal niet-westers;Personen in echtpaar;1997;3017;3498;2568;-481;449;88;1018;-930
138;Mannen en vrouwen;Totaal niet-westers;Personen in echtpaar;1998;3244;3129;2295;115;949;120;954;-834
139;Mannen en vrouwen;Totaal niet-westers;Personen in echtpaar;1999;3078;2929;2217;149;861;96;808;-712
140;Mannen en vrouwen;Totaal niet-westers;Personen in echtpaar;2000;3940;2672;2033;1268;1907;127;766;-639
141;Mannen en vrouwen;Totaal niet-westers;Personen in echtpaar;2001;3766;2921;2146;845;1620;135;910;-775
142;Mannen en vrouwen;Totaal niet-westers;Personen in echtpaar;2002;2421;3492;2346;-1071;75;95;1241;-1146
143;Mannen en vrouwen;Totaal niet-westers;Personen in echtpaar;2003;1566;4069;2732;-2503;-1166;182;1519;-1337
144;Mannen en vrouwen;Totaal niet-westers;Personen in echtpaar;2004;1154;4665;3516;-3511;-2362;209;1358;-1149
145;Mannen en vrouwen;Totaal niet-westers;Personen in echtpaar;2005;1240;5412;4047;-4172;-2807;230;1595;-1365
146;Mannen en vrouwen;Totaal niet-westers;Personen in echtpaar;2006;1699;5827;4405;-4128;-2706;268;1690;-1422
147;Mannen en vrouwen;Totaal niet-westers;Personen in echtpaar;2007;1915;5266;4348;-3351;-2433;331;1249;-918
148;Mannen en vrouwen;Totaal niet-westers;Personen in echtpaar;2008;2138;4899;4095;-2761;-1957;235;1039;-804
149;Mannen en vrouwen;Totaal niet-westers;Personen in echtpaar;2009;2627;5028;4283;-2401;-1656;182;927;-745
150;Mannen en vrouwen;Totaal niet-westers;Personen in eenoudergezin met vader;1995;290;205;97;85;193;18;126;-108
151;Mannen en vrouwen;Totaal niet-westers;Personen in eenoudergezin met vader;1996;315;227;100;88;215;5;132;-127
152;Mannen en vrouwen;Totaal niet-westers;Personen in eenoudergezin met vader;1997;312;178;84;134;228;16;110;-94
153;Mannen en vrouwen;Totaal niet-westers;Personen in eenoudergezin met vader;1998;448;166;97;282;351;16;85;-69
154;Mannen en vrouwen;Totaal niet-westers;Personen in eenoudergezin met vader;1999;348;180;83;168;265;21;118;-97
155;Mannen en vrouwen;Totaal niet-westers;Personen in eenoudergezin met vader;2000;444;173;93;271;351;16;96;-80
156;Mannen en vrouwen;Totaal niet-westers;Personen in eenoudergezin met vader;2001;499;194;102;305;397;24;116;-92
157;Mannen en vrouwen;Totaal niet-westers;Personen in eenoudergezin met vader;2002;431;263;111;168;320;26;178;-152
158;Mannen en vrouwen;Totaal niet-westers;Personen in eenoudergezin met vader;2003;319;273;144;46;175;33;162;-129
159;Mannen en vrouwen;Totaal niet-westers;Personen in eenoudergezin met vader;2004;221;309;147;-88;74;25;187;-162
160;Mannen en vrouwen;Totaal niet-westers;Personen in eenoudergezin met vader;2005;229;385;190;-156;39;27;222;-195
161;Mannen en vrouwen;Totaal niet-westers;Personen in eenoudergezin met vader;2006;223;444;225;-221;-2;51;270;-219
162;Mannen en vrouwen;Totaal niet-westers;Personen in eenoudergezin met vader;2007;214;377;220;-163;-6;47;204;-157
163;Mannen en vrouwen;Totaal niet-westers;Personen in eenoudergezin met vader;2008;285;343;202;-58;83;27;168;-141
164;Mannen en vrouwen;Totaal niet-westers;Personen in eenoudergezin met vader;2009;377;333;186;44;191;33;180;-147
165;Mannen en vrouwen;Totaal niet-westers;Personen in eenoudergezin met moeder;1995;3880;2311;1501;1569;2379;156;966;-810
166;Mannen en vrouwen;Totaal niet-westers;Personen in eenoudergezin met moeder;1996;5387;2029;1256;3358;4131;221;994;-773
167;Mannen en vrouwen;Totaal niet-westers;Personen in eenoudergezin met moeder;1997;6413;1868;1180;4545;5233;164;852;-688
168;Mannen en vrouwen;Totaal niet-westers;Personen in eenoudergezin met moeder;1998;6578;1590;1095;4988;5483;162;657;-495
169;Mannen en vrouwen;Totaal niet-westers;Personen in eenoudergezin met moeder;1999;6289;1596;1113;4693;5176;137;620;-483
170;Mannen en vrouwen;Totaal niet-westers;Personen in eenoudergezin met moeder;2000;7150;1929;1476;5221;5674;174;627;-453
171;Mannen en vrouwen;Totaal niet-westers;Personen in eenoudergezin met moeder;2001;6655;2256;1671;4399;4984;190;775;-585
172;Mannen en vrouwen;Totaal niet-westers;Personen in eenoudergezin met moeder;2002;6531;2768;1755;3763;4776;206;1219;-1013
173;Mannen en vrouwen;Totaal niet-westers;Personen in eenoudergezin met moeder;2003;4916;3463;2277;1453;2639;256;1442;-1186
174;Mannen en vrouwen;Totaal niet-westers;Personen in eenoudergezin met moeder;2004;3833;3982;2773;-149;1060;299;1508;-1209
175;Mannen en vrouwen;Totaal niet-westers;Personen in eenoudergezin met moeder;2005;3647;3899;2576;-252;1071;286;1609;-1323
176;Mannen en vrouwen;Totaal niet-westers;Personen in eenoudergezin met moeder;2006;3322;3898;2653;-576;669;379;1624;-1245
177;Mannen en vrouwen;Totaal niet-westers;Personen in eenoudergezin met moeder;2007;3204;3086;2213;118;991;453;1326;-873
178;Mannen en vrouwen;Totaal niet-westers;Personen in eenoudergezin met moeder;2008;4334;2674;2033;1660;2301;415;1056;-641
179;Mannen en vrouwen;Totaal niet-westers;Personen in eenoudergezin met moeder;2009;5027;2510;1961;2517;3066;342;891;-549
180;Mannen en vrouwen;Totaal niet-westers;Personen in samenwonend paar met kin...;1995;662;145;91;517;571;6;60;-54
181;Mannen en vrouwen;Totaal niet-westers;Personen in samenwonend paar met kin...;1996;845;154;104;691;741;12;62;-50
182;Mannen en vrouwen;Totaal niet-westers;Personen in samenwonend paar met kin...;1997;779;188;129;591;650;15;74;-59
183;Mannen en vrouwen;Totaal niet-westers;Personen in samenwonend paar met kin...;1998;968;171;117;797;851;10;64;-54
184;Mannen en vrouwen;Totaal niet-westers;Personen in samenwonend paar met kin...;1999;890;147;82;743;808;3;68;-65
185;Mannen en vrouwen;Totaal niet-westers;Personen in samenwonend paar met kin...;2000;1287;143;90;1144;1197;17;70;-53
186;Mannen en vrouwen;Totaal niet-westers;Personen in samenwonend paar met kin...;2001;1274;173;102;1101;1172;5;76;-71
187;Mannen en vrouwen;Totaal niet-westers;Personen in samenwonend paar met kin...;2002;695;231;110;464;585;17;138;-121
188;Mannen en vrouwen;Totaal niet-westers;Personen in samenwonend paar met kin...;2003;340;329;150;11;190;12;191;-179
189;Mannen en vrouwen;Totaal niet-westers;Personen in samenwonend paar met kin...;2004;356;368;238;-12;118;35;165;-130
190;Mannen en vrouwen;Totaal niet-westers;Personen in samenwonend paar met kin...;2005;471;402;207;69;264;17;212;-195
191;Mannen en vrouwen;Totaal niet-westers;Personen in samenwonend paar met kin...;2006;522;349;211;173;311;30;168;-138
192;Mannen en vrouwen;Totaal niet-westers;Personen in samenwonend paar met kin...;2007;699;302;236;397;463;39;105;-66
193;Mannen en vrouwen;Totaal niet-westers;Personen in samenwonend paar met kin...;2008;885;270;185;615;700;21;106;-85
194;Mannen en vrouwen;Totaal niet-westers;Personen in samenwonend paar met kin...;2009;509;242;185;267;324;22;79;-57
195;Mannen en vrouwen;Totaal niet-westers;Alleengaanden;1995;32199;13785;7375;18414;24824;3672;10082;-6410
196;Mannen en vrouwen;Totaal niet-westers;Alleengaanden;1996;40257;17299;7553;22958;32704;4510;14256;-9746
197;Mannen en vrouwen;Totaal niet-westers;Alleengaanden;1997;41603;14397;7852;27206;33751;5041;11586;-6545
198;Mannen en vrouwen;Totaal niet-westers;Alleengaanden;1998;47713;13854;7611;33859;40102;5389;11632;-6243
199;Mannen en vrouwen;Totaal niet-westers;Alleengaanden;1999;43432;13946;7236;29486;36196;5392;12102;-6710
200;Mannen en vrouwen;Totaal niet-westers;Alleengaanden;2000;49644;12333;6731;37311;42913;6213;11815;-5602
201;Mannen en vrouwen;Totaal niet-westers;Alleengaanden;2001;52700;13633;7876;39067;44824;6027;11784;-5757
202;Mannen en vrouwen;Totaal niet-westers;Alleengaanden;2002;49372;17961;8122;31411;41250;6743;16582;-9839
203;Mannen en vrouwen;Totaal niet-westers;Alleengaanden;2003;41693;21456;9383;20237;32310;7681;19754;-12073
204;Mannen en vrouwen;Totaal niet-westers;Alleengaanden;2004;31749;22625;10799;9124;20950;8224;20050;-11826
205;Mannen en vrouwen;Totaal niet-westers;Alleengaanden;2005;28525;25270;11508;3255;17017;8490;22252;-13762
206;Mannen en vrouwen;Totaal niet-westers;Alleengaanden;2006;28726;27118;12822;1608;15904;9891;24187;-14296
207;Mannen en vrouwen;Totaal niet-westers;Alleengaanden;2007;30790;22863;13477;7927;17313;11316;20702;-9386
208;Mannen en vrouwen;Totaal niet-westers;Alleengaanden;2008;40955;20864;12983;20091;27972;12628;20509;-7881
209;Mannen en vrouwen;Totaal niet-westers;Alleengaanden;2009;44171;20751;13426;23420;30745;11749;19074;-7325
210;Mannen en vrouwen;Totaal westers;Totaal personen;1995;56251;61702;51320;-5451;4931;8186;18568;-10382
211;Mannen en vrouwen;Totaal westers;Totaal personen;1996;58490;67912;53345;-9422;5145;9296;23863;-14567
212;Mannen en vrouwen;Totaal westers;Totaal personen;1997;57736;61859;50405;-4123;7331;9527;20981;-11454
213;Mannen en vrouwen;Totaal westers;Totaal personen;1998;63456;60372;49226;3084;14230;10674;21820;-11146
214;Mannen en vrouwen;Totaal westers;Totaal personen;1999;65113;59979;48290;5134;16823;11586;23275;-11689
215;Mannen en vrouwen;Totaal westers;Totaal personen;2000;70385;61727;50778;8658;19607;12163;23112;-10949
216;Mannen en vrouwen;Totaal westers;Totaal personen;2001;68510;63389;51421;5121;17089;12780;24748;-11968
217;Mannen en vrouwen;Totaal westers;Totaal personen;2002;61800;72203;54284;-10403;7516;14656;32575;-17919
218;Mannen en vrouwen;Totaal westers;Totaal personen;2003;55680;75241;54199;-19561;1481;16708;37750;-21042
219;Mannen en vrouwen;Totaal westers;Totaal personen;2004;56706;78286;57576;-21580;-870;19168;39878;-20710
220;Mannen en vrouwen;Totaal westers;Totaal personen;2005;58185;84357;64871;-26172;-6686;21441;40927;-19486
221;Mannen en vrouwen;Totaal westers;Totaal personen;2006;66658;94834;70712;-28176;-4054;23632;47754;-24122
222;Mannen en vrouwen;Totaal westers;Totaal personen;2007;79997;90682;70793;-10685;9204;26547;46436;-19889
223;Mannen en vrouwen;Totaal westers;Totaal personen;2008;94919;88729;70569;6190;24350;28924;47084;-18160
224;Mannen en vrouwen;Totaal westers;Totaal personen;2009;93667;83033;65316;10634;28351;29325;47042;-17717
225;Mannen en vrouwen;Totaal westers;Totaal in gezinsverband;1995;19289;27190;23965;-7901;-4676;817;4042;-3225
226;Mannen en vrouwen;Totaal westers;Totaal in gezinsverband;1996;17317;29231;25581;-11914;-8264;947;4597;-3650
227;Mannen en vrouwen;Totaal westers;Totaal in gezinsverband;1997;16555;26703;23585;-10148;-7030;958;4076;-3118
228;Mannen en vrouwen;Totaal westers;Totaal in gezinsverband;1998;16794;25697;22890;-8903;-6096;947;3754;-2807
229;Mannen en vrouwen;Totaal westers;Totaal in gezinsverband;1999;17318;25396;22588;-8078;-5270;1079;3887;-2808
230;Mannen en vrouwen;Totaal westers;Totaal in gezinsverband;2000;18953;27140;24384;-8187;-5431;1130;3886;-2756
231;Mannen en vrouwen;Totaal westers;Totaal in gezinsverband;2001;17105;28514;24913;-11409;-7808;1269;4870;-3601
232;Mannen en vrouwen;Totaal westers;Totaal in gezinsverband;2002;14662;30765;26298;-16103;-11636;1499;5966;-4467
233;Mannen en vrouwen;Totaal westers;Totaal in gezinsverband;2003;12950;31786;26158;-18836;-13208;1934;7562;-5628
234;Mannen en vrouwen;Totaal westers;Totaal in gezinsverband;2004;12910;33031;27785;-20121;-14875;2409;7655;-5246
235;Mannen en vrouwen;Totaal westers;Totaal in gezinsverband;2005;13172;36906;31364;-23734;-18192;2482;8024;-5542
236;Mannen en vrouwen;Totaal westers;Totaal in gezinsverband;2006;15641;39354;33303;-23713;-17662;2875;8926;-6051
237;Mannen en vrouwen;Totaal westers;Totaal in gezinsverband;2007;15781;37345;32679;-21564;-16898;3231;7897;-4666
238;Mannen en vrouwen;Totaal westers;Totaal in gezinsverband;2008;17264;34267;30438;-17003;-13174;3185;7014;-3829
239;Mannen en vrouwen;Totaal westers;Totaal in gezinsverband;2009;16969;28423;25185;-11454;-8216;2743;5981;-3238
240;Mannen en vrouwen;Totaal westers;Personen in echtpaar;1995;11838;20790;18803;-8952;-6965;367;2354;-1987
241;Mannen en vrouwen;Totaal westers;Personen in echtpaar;1996;10371;22617;20431;-12246;-10060;361;2547;-2186
242;Mannen en vrouwen;Totaal westers;Personen in echtpaar;1997;10010;20252;18608;-10242;-8598;413;2057;-1644
243;Mannen en vrouwen;Totaal westers;Personen in echtpaar;1998;9715;19490;17824;-9775;-8109;367;2033;-1666
244;Mannen en vrouwen;Totaal westers;Personen in echtpaar;1999;10131;19057;17570;-8926;-7439;486;1973;-1487
245;Mannen en vrouwen;Totaal westers;Personen in echtpaar;2000;10640;20123;18621;-9483;-7981;431;1933;-1502
246;Mannen en vrouwen;Totaal westers;Personen in echtpaar;2001;9595;21105;19016;-11510;-9421;565;2654;-2089
247;Mannen en vrouwen;Totaal westers;Personen in echtpaar;2002;8154;22527;20210;-14373;-12056;591;2908;-2317
248;Mannen en vrouwen;Totaal westers;Personen in echtpaar;2003;7214;21984;19314;-14770;-12100;828;3498;-2670
249;Mannen en vrouwen;Totaal westers;Personen in echtpaar;2004;6971;22301;19737;-15330;-12766;915;3479;-2564
250;Mannen en vrouwen;Totaal westers;Personen in echtpaar;2005;7484;25069;22590;-17585;-15106;991;3470;-2479
251;Mannen en vrouwen;Totaal westers;Personen in echtpaar;2006;9176;26327;23651;-17151;-14475;984;3660;-2676
252;Mannen en vrouwen;Totaal westers;Personen in echtpaar;2007;8273;25014;22961;-16741;-14688;1078;3131;-2053
253;Mannen en vrouwen;Totaal westers;Personen in echtpaar;2008;8516;23128;21562;-14612;-13046;993;2559;-1566
254;Mannen en vrouwen;Totaal westers;Personen in echtpaar;2009;8725;18627;17237;-9902;-8512;732;2122;-1390
255;Mannen en vrouwen;Totaal westers;Personen in eenoudergezin met vader;1995;706;528;397;178;309;47;178;-131
256;Mannen en vrouwen;Totaal westers;Personen in eenoudergezin met vader;1996;522;580;371;-58;151;64;273;-209
257;Mannen en vrouwen;Totaal westers;Personen in eenoudergezin met vader;1997;550;590;406;-40;144;40;224;-184
258;Mannen en vrouwen;Totaal westers;Personen in eenoudergezin met vader;1998;575;497;373;78;202;51;175;-124
259;Mannen en vrouwen;Totaal westers;Personen in eenoudergezin met vader;1999;627;541;416;86;211;64;189;-125
260;Mannen en vrouwen;Totaal westers;Personen in eenoudergezin met vader;2000;705;702;522;3;183;51;231;-180
261;Mannen en vrouwen;Totaal westers;Personen in eenoudergezin met vader;2001;656;680;498;-24;158;89;271;-182
262;Mannen en vrouwen;Totaal westers;Personen in eenoudergezin met vader;2002;578;712;451;-134;127;107;368;-261
263;Mannen en vrouwen;Totaal westers;Personen in eenoudergezin met vader;2003;464;856;513;-392;-49;120;463;-343
264;Mannen en vrouwen;Totaal westers;Personen in eenoudergezin met vader;2004;467;827;502;-360;-35;125;450;-325
265;Mannen en vrouwen;Totaal westers;Personen in eenoudergezin met vader;2005;404;974;603;-570;-199;130;501;-371
266;Mannen en vrouwen;Totaal westers;Personen in eenoudergezin met vader;2006;522;1205;726;-683;-204;142;621;-479
267;Mannen en vrouwen;Totaal westers;Personen in eenoudergezin met vader;2007;565;1085;759;-520;-194;169;495;-326
268;Mannen en vrouwen;Totaal westers;Personen in eenoudergezin met vader;2008;661;944;656;-283;5;173;461;-288
269;Mannen en vrouwen;Totaal westers;Personen in eenoudergezin met vader;2009;743;893;628;-150;115;151;416;-265
270;Mannen en vrouwen;Totaal westers;Personen in eenoudergezin met moeder;1995;5270;5267;4281;3;989;351;1337;-986
271;Mannen en vrouwen;Totaal westers;Personen in eenoudergezin met moeder;1996;5306;5382;4287;-76;1019;504;1599;-1095
272;Mannen en vrouwen;Totaal westers;Personen in eenoudergezin met moeder;1997;5166;5192;4084;-26;1082;453;1561;-1108
273;Mannen en vrouwen;Totaal westers;Personen in eenoudergezin met moeder;1998;5452;5036;4134;416;1318;452;1354;-902
274;Mannen en vrouwen;Totaal westers;Personen in eenoudergezin met moeder;1999;5230;4891;3917;339;1313;482;1456;-974
275;Mannen en vrouwen;Totaal westers;Personen in eenoudergezin met moeder;2000;5696;5248;4349;448;1347;575;1474;-899
276;Mannen en vrouwen;Totaal westers;Personen in eenoudergezin met moeder;2001;5260;5660;4566;-400;694;569;1663;-1094
277;Mannen en vrouwen;Totaal westers;Personen in eenoudergezin met moeder;2002;4909;5984;4493;-1075;416;702;2193;-1491
278;Mannen en vrouwen;Totaal westers;Personen in eenoudergezin met moeder;2003;4522;7414;5293;-2892;-771;869;2990;-2121
279;Mannen en vrouwen;Totaal westers;Personen in eenoudergezin met moeder;2004;4630;8154;6274;-3524;-1644;1207;3087;-1880
280;Mannen en vrouwen;Totaal westers;Personen in eenoudergezin met moeder;2005;4308;8747;6500;-4439;-2192;1209;3456;-2247
281;Mannen en vrouwen;Totaal westers;Personen in eenoudergezin met moeder;2006;4688;9833;7282;-5145;-2594;1466;4017;-2551
282;Mannen en vrouwen;Totaal westers;Personen in eenoudergezin met moeder;2007;5537;9015;7065;-3478;-1528;1714;3664;-1950
283;Mannen en vrouwen;Totaal westers;Personen in eenoudergezin met moeder;2008;6444;8285;6660;-1841;-216;1773;3398;-1625
284;Mannen en vrouwen;Totaal westers;Personen in eenoudergezin met moeder;2009;6199;7356;6014;-1157;185;1626;2968;-1342
285;Mannen en vrouwen;Totaal westers;Personen in samenwonend paar met kin...;1995;1475;605;484;870;991;52;173;-121
286;Mannen en vrouwen;Totaal westers;Personen in samenwonend paar met kin...;1996;1118;652;492;466;626;18;178;-160
287;Mannen en vrouwen;Totaal westers;Personen in samenwonend paar met kin...;1997;829;669;487;160;342;52;234;-182
288;Mannen en vrouwen;Totaal westers;Personen in samenwonend paar met kin...;1998;1052;674;559;378;493;77;192;-115
289;Mannen en vrouwen;Totaal westers;Personen in samenwonend paar met kin...;1999;1330;907;685;423;645;47;269;-222
290;Mannen en vrouwen;Totaal westers;Personen in samenwonend paar met kin...;2000;1912;1067;892;845;1020;73;248;-175
291;Mannen en vrouwen;Totaal westers;Personen in samenwonend paar met kin...;2001;1594;1069;833;525;761;46;282;-236
292;Mannen en vrouwen;Totaal westers;Personen in samenwonend paar met kin...;2002;1021;1542;1144;-521;-123;99;497;-398
293;Mannen en vrouwen;Totaal westers;Personen in samenwonend paar met kin...;2003;750;1532;1038;-782;-288;117;611;-494
294;Mannen en vrouwen;Totaal westers;Personen in samenwonend paar met kin...;2004;842;1749;1272;-907;-430;162;639;-477
295;Mannen en vrouwen;Totaal westers;Personen in samenwonend paar met kin...;2005;976;2116;1671;-1140;-695;152;597;-445
296;Mannen en vrouwen;Totaal westers;Personen in samenwonend paar met kin...;2006;1255;1989;1644;-734;-389;283;628;-345
297;Mannen en vrouwen;Totaal westers;Personen in samenwonend paar met kin...;2007;1406;2231;1894;-825;-488;270;607;-337
298;Mannen en vrouwen;Totaal westers;Personen in samenwonend paar met kin...;2008;1643;1910;1560;-267;83;246;596;-350
299;Mannen en vrouwen;Totaal westers;Personen in samenwonend paar met kin...;2009;1302;1547;1306;-245;-4;234;475;-241
300;Mannen en vrouwen;Totaal westers;Alleengaanden;1995;36962;34512;27355;2450;9607;7369;14526;-7157
301;Mannen en vrouwen;Totaal westers;Alleengaanden;1996;41173;38681;27764;2492;13409;8349;19266;-10917
302;Mannen en vrouwen;Totaal westers;Alleengaanden;1997;41181;35156;26820;6025;14361;8569;16905;-8336
303;Mannen en vrouwen;Totaal westers;Alleengaanden;1998;46662;34675;26336;11987;20326;9727;18066;-8339
304;Mannen en vrouwen;Totaal westers;Alleengaanden;1999;47795;34583;25702;13212;22093;10507;19388;-8881
305;Mannen en vrouwen;Totaal westers;Alleengaanden;2000;51432;34587;26394;16845;25038;11033;19226;-8193
306;Mannen en vrouwen;Totaal westers;Alleengaanden;2001;51405;34875;26508;16530;24897;11511;19878;-8367
307;Mannen en vrouwen;Totaal westers;Alleengaanden;2002;47138;41438;27986;5700;19152;13157;26609;-13452
308;Mannen en vrouwen;Totaal westers;Alleengaanden;2003;42730;43455;28041;-725;14689;14774;30188;-15414
309;Mannen en vrouwen;Totaal westers;Alleengaanden;2004;43796;45255;29791;-1459;14005;16759;32223;-15464
310;Mannen en vrouwen;Totaal westers;Alleengaanden;2005;45013;47451;33507;-2438;11506;18959;32903;-13944
311;Mannen en vrouwen;Totaal westers;Alleengaanden;2006;51017;55480;37409;-4463;13608;20757;38828;-18071
312;Mannen en vrouwen;Totaal westers;Alleengaanden;2007;64216;53337;38114;10879;26102;23316;38539;-15223
313;Mannen en vrouwen;Totaal westers;Alleengaanden;2008;77655;54462;40131;23193;37524;25739;40070;-14331
314;Mannen en vrouwen;Totaal westers;Alleengaanden;2009;76698;54610;40131;22088;36567;26582;41061;-14479
315;Mannen en vrouwen;Totaal Afrika;Totaal personen;1995;12693;5891;2924;6802;9769;1333;4300;-2967
316;Mannen en vrouwen;Totaal Afrika;Totaal personen;1996;15228;7380;2947;7848;12281;1727;6160;-4433
317;Mannen en vrouwen;Totaal Afrika;Totaal personen;1997;14527;6089;3028;8438;11499;1820;4881;-3061
318;Mannen en vrouwen;Totaal Afrika;Totaal personen;1998;16044;5834;2814;10210;13230;1930;4950;-3020
319;Mannen en vrouwen;Totaal Afrika;Totaal personen;1999;14920;5997;3010;8923;11910;1862;4849;-2987
320;Mannen en vrouwen;Totaal Afrika;Totaal personen;2000;17823;5935;3087;11888;14736;2195;5043;-2848
321;Mannen en vrouwen;Totaal Afrika;Totaal personen;2001;20853;6922;3942;13931;16911;2188;5168;-2980
322;Mannen en vrouwen;Totaal Afrika;Totaal personen;2002;21410;8463;3500;12947;17910;2533;7496;-4963
323;Mannen en vrouwen;Totaal Afrika;Totaal personen;2003;14939;10801;4064;4138;10875;2785;9522;-6737
324;Mannen en vrouwen;Totaal Afrika;Totaal personen;2004;10759;11790;4907;-1031;5852;2944;9827;-6883
325;Mannen en vrouwen;Totaal Afrika;Totaal personen;2005;9299;12335;4893;-3036;4406;2985;10427;-7442
326;Mannen en vrouwen;Totaal Afrika;Totaal personen;2006;8702;12293;5517;-3591;3185;3456;10232;-6776
327;Mannen en vrouwen;Totaal Afrika;Totaal personen;2007;9088;9750;5389;-662;3699;3853;8214;-4361
328;Mannen en vrouwen;Totaal Afrika;Totaal personen;2008;12066;7993;4864;4073;7202;4561;7690;-3129
329;Mannen en vrouwen;Totaal Afrika;Totaal personen;2009;15796;7359;4542;8437;11254;4078;6895;-2817
330;Mannen en vrouwen;Totaal Afrika;Totaal in gezinsverband;1995;1561;1588;1066;-27;495;65;587;-522
331;Mannen en vrouwen;Totaal Afrika;Totaal in gezinsverband;1996;1947;1587;977;360;970;104;714;-610
332;Mannen en vrouwen;Totaal Afrika;Totaal in gezinsverband;1997;1960;1407;871;553;1089;51;587;-536
333;Mannen en vrouwen;Totaal Afrika;Totaal in gezinsverband;1998;2162;1179;806;983;1356;73;446;-373
334;Mannen en vrouwen;Totaal Afrika;Totaal in gezinsverband;1999;2059;1256;881;803;1178;48;423;-375
335;Mannen en vrouwen;Totaal Afrika;Totaal in gezinsverband;2000;2570;1571;1151;999;1419;66;486;-420
336;Mannen en vrouwen;Totaal Afrika;Totaal in gezinsverband;2001;2672;1951;1431;721;1241;96;616;-520
337;Mannen en vrouwen;Totaal Afrika;Totaal in gezinsverband;2002;2867;2140;1264;727;1603;104;980;-876
338;Mannen en vrouwen;Totaal Afrika;Totaal in gezinsverband;2003;1865;2663;1502;-798;363;113;1274;-1161
339;Mannen en vrouwen;Totaal Afrika;Totaal in gezinsverband;2004;1329;3108;1996;-1779;-667;141;1253;-1112
340;Mannen en vrouwen;Totaal Afrika;Totaal in gezinsverband;2005;1372;3059;1850;-1687;-478;143;1352;-1209
341;Mannen en vrouwen;Totaal Afrika;Totaal in gezinsverband;2006;1307;3142;2027;-1835;-720;197;1312;-1115
342;Mannen en vrouwen;Totaal Afrika;Totaal in gezinsverband;2007;1317;2434;1684;-1117;-367;188;938;-750
343;Mannen en vrouwen;Totaal Afrika;Totaal in gezinsverband;2008;1614;2046;1506;-432;108;192;732;-540
344;Mannen en vrouwen;Totaal Afrika;Totaal in gezinsverband;2009;2147;1811;1368;336;779;161;604;-443
345;Mannen en vrouwen;Totaal Afrika;Personen in echtpaar;1995;500;1001;729;-501;-229;35;307;-272
346;Mannen en vrouwen;Totaal Afrika;Personen in echtpaar;1996;580;1009;669;-429;-89;55;395;-340
347;Mannen en vrouwen;Totaal Afrika;Personen in echtpaar;1997;474;843;559;-369;-85;17;301;-284
348;Mannen en vrouwen;Totaal Afrika;Personen in echtpaar;1998;562;686;489;-124;73;23;220;-197
349;Mannen en vrouwen;Totaal Afrika;Personen in echtpaar;1999;466;635;476;-169;-10;24;183;-159
350;Mannen en vrouwen;Totaal Afrika;Personen in echtpaar;2000;655;639;464;16;191;32;207;-175
351;Mannen en vrouwen;Totaal Afrika;Personen in echtpaar;2001;605;685;516;-80;89;47;216;-169
352;Mannen en vrouwen;Totaal Afrika;Personen in echtpaar;2002;495;867;553;-372;-58;31;345;-314
353;Mannen en vrouwen;Totaal Afrika;Personen in echtpaar;2003;274;1114;690;-840;-416;48;472;-424
354;Mannen en vrouwen;Totaal Afrika;Personen in echtpaar;2004;216;1222;814;-1006;-598;44;452;-408
355;Mannen en vrouwen;Totaal Afrika;Personen in echtpaar;2005;246;1340;924;-1094;-678;67;483;-416
356;Mannen en vrouwen;Totaal Afrika;Personen in echtpaar;2006;342;1498;1079;-1156;-737;68;487;-419
357;Mannen en vrouwen;Totaal Afrika;Personen in echtpaar;2007;379;1222;910;-843;-531;45;357;-312
358;Mannen en vrouwen;Totaal Afrika;Personen in echtpaar;2008;329;1014;785;-685;-456;53;282;-229
359;Mannen en vrouwen;Totaal Afrika;Personen in echtpaar;2009;358;911;709;-553;-351;54;256;-202
360;Mannen en vrouwen;Totaal Afrika;Personen in eenoudergezin met vader;1995;52;66;25;-14;27;6;47;-41
361;Mannen en vrouwen;Totaal Afrika;Personen in eenoudergezin met vader;1996;57;62;24;-5;33;3;41;-38
362;Mannen en vrouwen;Totaal Afrika;Personen in eenoudergezin met vader;1997;69;48;18;21;51;2;32;-30
363;Mannen en vrouwen;Totaal Afrika;Personen in eenoudergezin met vader;1998;74;31;22;43;52;7;16;-9
364;Mannen en vrouwen;Totaal Afrika;Personen in eenoudergezin met vader;1999;53;49;18;4;35;4;35;-31
365;Mannen en vrouwen;Totaal Afrika;Personen in eenoudergezin met vader;2000;80;56;28;24;52;4;32;-28
366;Mannen en vrouwen;Totaal Afrika;Personen in eenoudergezin met vader;2001;103;84;47;19;56;2;39;-37
367;Mannen en vrouwen;Totaal Afrika;Personen in eenoudergezin met vader;2002;132;92;40;40;92;4;56;-52
368;Mannen en vrouwen;Totaal Afrika;Personen in eenoudergezin met vader;2003;87;105;43;-18;44;8;70;-62
369;Mannen en vrouwen;Totaal Afrika;Personen in eenoudergezin met vader;2004;35;93;43;-58;-8;1;51;-50
370;Mannen en vrouwen;Totaal Afrika;Personen in eenoudergezin met vader;2005;77;106;42;-29;35;8;72;-64
371;Mannen en vrouwen;Totaal Afrika;Personen in eenoudergezin met vader;2006;45;152;67;-107;-22;11;96;-85
372;Mannen en vrouwen;Totaal Afrika;Personen in eenoudergezin met vader;2007;67;119;69;-52;-2;13;63;-50
373;Mannen en vrouwen;Totaal Afrika;Personen in eenoudergezin met vader;2008;82;108;54;-26;28;6;60;-54
374;Mannen en vrouwen;Totaal Afrika;Personen in eenoudergezin met vader;2009;180;89;55;91;125;9;43;-34
375;Mannen en vrouwen;Totaal Afrika;Personen in eenoudergezin met moeder;1995;879;485;289;394;590;24;220;-196
376;Mannen en vrouwen;Totaal Afrika;Personen in eenoudergezin met moeder;1996;1166;468;263;698;903;43;248;-205
377;Mannen en vrouwen;Totaal Afrika;Personen in eenoudergezin met moeder;1997;1277;464;265;813;1012;26;225;-199
378;Mannen en vrouwen;Totaal Afrika;Personen in eenoudergezin met moeder;1998;1374;420;275;954;1099;43;188;-145
379;Mannen en vrouwen;Totaal Afrika;Personen in eenoudergezin met moeder;1999;1443;531;363;912;1080;20;188;-168
380;Mannen en vrouwen;Totaal Afrika;Personen in eenoudergezin met moeder;2000;1604;843;633;761;971;28;238;-210
381;Mannen en vrouwen;Totaal Afrika;Personen in eenoudergezin met moeder;2001;1675;1147;851;528;824;47;343;-296
382;Mannen en vrouwen;Totaal Afrika;Personen in eenoudergezin met moeder;2002;2057;1116;643;941;1414;65;538;-473
383;Mannen en vrouwen;Totaal Afrika;Personen in eenoudergezin met moeder;2003;1414;1331;744;83;670;57;644;-587
384;Mannen en vrouwen;Totaal Afrika;Personen in eenoudergezin met moeder;2004;1001;1694;1094;-693;-93;90;690;-600
385;Mannen en vrouwen;Totaal Afrika;Personen in eenoudergezin met moeder;2005;943;1481;834;-538;109;68;715;-647
386;Mannen en vrouwen;Totaal Afrika;Personen in eenoudergezin met moeder;2006;868;1383;826;-515;42;109;666;-557
387;Mannen en vrouwen;Totaal Afrika;Personen in eenoudergezin met moeder;2007;761;1015;657;-254;104;116;474;-358
388;Mannen en vrouwen;Totaal Afrika;Personen in eenoudergezin met moeder;2008;1092;857;617;235;475;125;365;-240
389;Mannen en vrouwen;Totaal Afrika;Personen in eenoudergezin met moeder;2009;1552;744;563;808;989;97;278;-181
390;Mannen en vrouwen;Totaal Afrika;Personen in samenwonend paar met kin...;1995;130;36;23;94;107;0;13;-13
391;Mannen en vrouwen;Totaal Afrika;Personen in samenwonend paar met kin...;1996;144;48;21;96;123;3;30;-27
392;Mannen en vrouwen;Totaal Afrika;Personen in samenwonend paar met kin...;1997;140;52;29;88;111;6;29;-23
393;Mannen en vrouwen;Totaal Afrika;Personen in samenwonend paar met kin...;1998;152;42;20;110;132;0;22;-22
394;Mannen en vrouwen;Totaal Afrika;Personen in samenwonend paar met kin...;1999;97;41;24;56;73;0;17;-17
395;Mannen en vrouwen;Totaal Afrika;Personen in samenwonend paar met kin...;2000;231;33;26;198;205;2;9;-7
396;Mannen en vrouwen;Totaal Afrika;Personen in samenwonend paar met kin...;2001;289;35;17;254;272;0;18;-18
397;Mannen en vrouwen;Totaal Afrika;Personen in samenwonend paar met kin...;2002;183;65;28;118;155;4;41;-37
398;Mannen en vrouwen;Totaal Afrika;Personen in samenwonend paar met kin...;2003;90;113;25;-23;65;0;88;-88
399;Mannen en vrouwen;Totaal Afrika;Personen in samenwonend paar met kin...;2004;77;99;45;-22;32;6;60;-54
400;Mannen en vrouwen;Totaal Afrika;Personen in samenwonend paar met kin...;2005;106;132;50;-26;56;0;82;-82
401;Mannen en vrouwen;Totaal Afrika;Personen in samenwonend paar met kin...;2006;52;109;55;-57;-3;9;63;-54
402;Mannen en vrouwen;Totaal Afrika;Personen in samenwonend paar met kin...;2007;110;78;48;32;62;14;44;-30
403;Mannen en vrouwen;Totaal Afrika;Personen in samenwonend paar met kin...;2008;111;67;50;44;61;8;25;-17
404;Mannen en vrouwen;Totaal Afrika;Personen in samenwonend paar met kin...;2009;57;67;41;-10;16;1;27;-26
405;Mannen en vrouwen;Totaal Afrika;Alleengaanden;1995;11132;4303;1858;6829;9274;1268;3713;-2445
406;Mannen en vrouwen;Totaal Afrika;Alleengaanden;1996;13281;5793;1970;7488;11311;1623;5446;-3823
407;Mannen en vrouwen;Totaal Afrika;Alleengaanden;1997;12567;4682;2157;7885;10410;1769;4294;-2525
408;Mannen en vrouwen;Totaal Afrika;Alleengaanden;1998;13882;4655;2008;9227;11874;1857;4504;-2647
409;Mannen en vrouwen;Totaal Afrika;Alleengaanden;1999;12861;4741;2129;8120;10732;1814;4426;-2612
410;Mannen en vrouwen;Totaal Afrika;Alleengaanden;2000;15253;4364;1936;10889;13317;2129;4557;-2428
411;Mannen en vrouwen;Totaal Afrika;Alleengaanden;2001;18181;4971;2511;13210;15670;2092;4552;-2460
412;Mannen en vrouwen;Totaal Afrika;Alleengaanden;2002;18543;6323;2236;12220;16307;2429;6516;-4087
413;Mannen en vrouwen;Totaal Afrika;Alleengaanden;2003;13074;8138;2562;4936;10512;2672;8248;-5576
414;Mannen en vrouwen;Totaal Afrika;Alleengaanden;2004;9430;8682;2911;748;6519;2803;8574;-5771
415;Mannen en vrouwen;Totaal Afrika;Alleengaanden;2005;7927;9276;3043;-1349;4884;2842;9075;-6233
416;Mannen en vrouwen;Totaal Afrika;Alleengaanden;2006;7395;9151;3490;-1756;3905;3259;8920;-5661
417;Mannen en vrouwen;Totaal Afrika;Alleengaanden;2007;7771;7316;3705;455;4066;3665;7276;-3611
418;Mannen en vrouwen;Totaal Afrika;Alleengaanden;2008;10452;5947;3358;4505;7094;4369;6958;-2589
419;Mannen en vrouwen;Totaal Afrika;Alleengaanden;2009;13649;5548;3174;8101;10475;3917;6291;-2374
420;Mannen en vrouwen;Totaal Amerika;Totaal personen;1995;11386;10138;7170;1248;4216;1647;4615;-2968
421;Mannen en vrouwen;Totaal Amerika;Totaal personen;1996;14682;10594;6847;4088;7835;2065;5812;-3747
422;Mannen en vrouwen;Totaal Amerika;Totaal personen;1997;15736;9701;6759;6035;8977;2258;5200;-2942
423;Mannen en vrouwen;Totaal Amerika;Totaal personen;1998;20504;8948;6439;11556;14065;2595;5104;-2509
424;Mannen en vrouwen;Totaal Amerika;Totaal personen;1999;19946;9055;6248;10891;13698;2715;5522;-2807
425;Mannen en vrouwen;Totaal Amerika;Totaal personen;2000;22428;8333;5973;14095;16455;2928;5288;-2360
426;Mannen en vrouwen;Totaal Amerika;Totaal personen;2001;20331;8673;6326;11658;14005;2851;5198;-2347
427;Mannen en vrouwen;Totaal Amerika;Totaal personen;2002;18023;10702;7366;7321;10657;3103;6439;-3336
428;Mannen en vrouwen;Totaal Amerika;Totaal personen;2003;15537;11773;7972;3764;7565;3498;7299;-3801
429;Mannen en vrouwen;Totaal Amerika;Totaal personen;2004;12964;11904;8533;1060;4431;3915;7286;-3371
430;Mannen en vrouwen;Totaal Amerika;Totaal personen;2005;12174;12738;8739;-564;3435;3968;7967;-3999
431;Mannen en vrouwen;Totaal Amerika;Totaal personen;2006;12866;13533;8742;-667;4124;4564;9355;-4791
432;Mannen en vrouwen;Totaal Amerika;Totaal personen;2007;13584;12113;8444;1471;5140;5003;8672;-3669
433;Mannen en vrouwen;Totaal Amerika;Totaal personen;2008;16064;11320;7898;4744;8166;5109;8531;-3422
434;Mannen en vrouwen;Totaal Amerika;Totaal personen;2009;15797;10776;8100;5021;7697;5327;8003;-2676
435;Mannen en vrouwen;Totaal Amerika;Totaal in gezinsverband;1995;2728;3977;3024;-1249;-296;131;1084;-953
436;Mannen en vrouwen;Totaal Amerika;Totaal in gezinsverband;1996;3126;3738;2789;-612;337;174;1123;-949
437;Mannen en vrouwen;Totaal Amerika;Totaal in gezinsverband;1997;3338;3498;2767;-160;571;146;877;-731
438;Mannen en vrouwen;Totaal Amerika;Totaal in gezinsverband;1998;4031;3072;2462;959;1569;131;741;-610
439;Mannen en vrouwen;Totaal Amerika;Totaal in gezinsverband;1999;4167;3096;2502;1071;1665;134;728;-594
440;Mannen en vrouwen;Totaal Amerika;Totaal in gezinsverband;2000;5120;2695;2283;2425;2837;170;582;-412
441;Mannen en vrouwen;Totaal Amerika;Totaal in gezinsverband;2001;4149;2794;2292;1355;1857;147;649;-502
442;Mannen en vrouwen;Totaal Amerika;Totaal in gezinsverband;2002;3561;3486;2816;75;745;150;820;-670
443;Mannen en vrouwen;Totaal Amerika;Totaal in gezinsverband;2003;2920;3886;3103;-966;-183;158;941;-783
444;Mannen en vrouwen;Totaal Amerika;Totaal in gezinsverband;2004;2557;4057;3309;-1500;-752;209;957;-748
445;Mannen en vrouwen;Totaal Amerika;Totaal in gezinsverband;2005;2441;4138;3335;-1697;-894;214;1017;-803
446;Mannen en vrouwen;Totaal Amerika;Totaal in gezinsverband;2006;2567;4314;3396;-1747;-829;276;1194;-918
447;Mannen en vrouwen;Totaal Amerika;Totaal in gezinsverband;2007;2637;3831;3075;-1194;-438;272;1028;-756
448;Mannen en vrouwen;Totaal Amerika;Totaal in gezinsverband;2008;3021;3474;2870;-453;151;253;857;-604
449;Mannen en vrouwen;Totaal Amerika;Totaal in gezinsverband;2009;2757;3291;2790;-534;-33;242;743;-501
450;Mannen en vrouwen;Totaal Amerika;Personen in echtpaar;1995;1103;2299;1920;-1196;-817;31;410;-379
451;Mannen en vrouwen;Totaal Amerika;Personen in echtpaar;1996;1054;2354;1867;-1300;-813;31;518;-487
452;Mannen en vrouwen;Totaal Amerika;Personen in echtpaar;1997;1063;2182;1885;-1119;-822;27;324;-297
453;Mannen en vrouwen;Totaal Amerika;Personen in echtpaar;1998;1129;2015;1700;-886;-571;22;337;-315
454;Mannen en vrouwen;Totaal Amerika;Personen in echtpaar;1999;1135;2069;1762;-934;-627;33;340;-307
455;Mannen en vrouwen;Totaal Amerika;Personen in echtpaar;2000;1241;1750;1529;-509;-288;38;259;-221
456;Mannen en vrouwen;Totaal Amerika;Personen in echtpaar;2001;1049;1759;1491;-710;-442;25;293;-268
457;Mannen en vrouwen;Totaal Amerika;Personen in echtpaar;2002;940;2112;1763;-1172;-823;15;364;-349
458;Mannen en vrouwen;Totaal Amerika;Personen in echtpaar;2003;749;2109;1733;-1360;-984;30;406;-376
459;Mannen en vrouwen;Totaal Amerika;Personen in echtpaar;2004;775;2117;1839;-1342;-1064;40;318;-278
460;Mannen en vrouwen;Totaal Amerika;Personen in echtpaar;2005;661;2262;1918;-1601;-1257;34;378;-344
461;Mannen en vrouwen;Totaal Amerika;Personen in echtpaar;2006;850;2425;2040;-1575;-1190;48;433;-385
462;Mannen en vrouwen;Totaal Amerika;Personen in echtpaar;2007;898;2233;1913;-1335;-1015;46;366;-320
463;Mannen en vrouwen;Totaal Amerika;Personen in echtpaar;2008;838;2074;1818;-1236;-980;45;301;-256
464;Mannen en vrouwen;Totaal Amerika;Personen in echtpaar;2009;846;2012;1828;-1166;-982;45;229;-184
465;Mannen en vrouwen;Totaal Amerika;Personen in eenoudergezin met vader;1995;93;88;58;5;35;9;39;-30
466;Mannen en vrouwen;Totaal Amerika;Personen in eenoudergezin met vader;1996;106;98;60;8;46;1;39;-38
467;Mannen en vrouwen;Totaal Amerika;Personen in eenoudergezin met vader;1997;84;102;57;-18;27;9;54;-45
468;Mannen en vrouwen;Totaal Amerika;Personen in eenoudergezin met vader;1998;126;86;46;40;80;8;48;-40
469;Mannen en vrouwen;Totaal Amerika;Personen in eenoudergezin met vader;1999;141;92;58;49;83;4;38;-34
470;Mannen en vrouwen;Totaal Amerika;Personen in eenoudergezin met vader;2000;149;69;35;80;114;4;38;-34
471;Mannen en vrouwen;Totaal Amerika;Personen in eenoudergezin met vader;2001;183;61;35;122;148;8;34;-26
472;Mannen en vrouwen;Totaal Amerika;Personen in eenoudergezin met vader;2002;153;80;45;73;108;13;48;-35
473;Mannen en vrouwen;Totaal Amerika;Personen in eenoudergezin met vader;2003;124;110;69;14;55;3;44;-41
474;Mannen en vrouwen;Totaal Amerika;Personen in eenoudergezin met vader;2004;114;87;52;27;62;17;52;-35
475;Mannen en vrouwen;Totaal Amerika;Personen in eenoudergezin met vader;2005;59;114;63;-55;-4;11;62;-51
476;Mannen en vrouwen;Totaal Amerika;Personen in eenoudergezin met vader;2006;92;158;88;-66;4;19;89;-70
477;Mannen en vrouwen;Totaal Amerika;Personen in eenoudergezin met vader;2007;68;119;71;-51;-3;13;61;-48
478;Mannen en vrouwen;Totaal Amerika;Personen in eenoudergezin met vader;2008;96;116;77;-20;19;11;50;-39
479;Mannen en vrouwen;Totaal Amerika;Personen in eenoudergezin met vader;2009;88;120;78;-32;10;15;57;-42
480;Mannen en vrouwen;Totaal Amerika;Personen in eenoudergezin met moeder;1995;1374;1506;979;-132;395;89;616;-527
481;Mannen en vrouwen;Totaal Amerika;Personen in eenoudergezin met moeder;1996;1693;1191;791;502;902;140;540;-400
482;Mannen en vrouwen;Totaal Amerika;Personen in eenoudergezin met moeder;1997;1978;1123;756;855;1222;109;476;-367
483;Mannen en vrouwen;Totaal Amerika;Personen in eenoudergezin met moeder;1998;2480;868;625;1612;1855;96;339;-243
484;Mannen en vrouwen;Totaal Amerika;Personen in eenoudergezin met moeder;1999;2646;851;622;1795;2024;95;324;-229
485;Mannen en vrouwen;Totaal Amerika;Personen in eenoudergezin met moeder;2000;3274;787;645;2487;2629;118;260;-142
486;Mannen en vrouwen;Totaal Amerika;Personen in eenoudergezin met moeder;2001;2605;863;684;1742;1921;113;292;-179
487;Mannen en vrouwen;Totaal Amerika;Personen in eenoudergezin met moeder;2002;2268;1163;894;1105;1374;116;385;-269
488;Mannen en vrouwen;Totaal Amerika;Personen in eenoudergezin met moeder;2003;1897;1523;1203;374;694;121;441;-320
489;Mannen en vrouwen;Totaal Amerika;Personen in eenoudergezin met moeder;2004;1521;1640;1250;-119;271;146;536;-390
490;Mannen en vrouwen;Totaal Amerika;Personen in eenoudergezin met moeder;2005;1421;1598;1221;-177;200;163;540;-377
491;Mannen en vrouwen;Totaal Amerika;Personen in eenoudergezin met moeder;2006;1310;1591;1164;-281;146;199;626;-427
492;Mannen en vrouwen;Totaal Amerika;Personen in eenoudergezin met moeder;2007;1422;1329;972;93;450;205;562;-357
493;Mannen en vrouwen;Totaal Amerika;Personen in eenoudergezin met moeder;2008;1789;1148;878;641;911;187;457;-270
494;Mannen en vrouwen;Totaal Amerika;Personen in eenoudergezin met moeder;2009;1657;1038;789;619;868;175;424;-249
495;Mannen en vrouwen;Totaal Amerika;Personen in samenwonend paar met kin...;1995;158;84;67;74;91;2;19;-17
496;Mannen en vrouwen;Totaal Amerika;Personen in samenwonend paar met kin...;1996;273;95;71;178;202;2;26;-24
497;Mannen en vrouwen;Totaal Amerika;Personen in samenwonend paar met kin...;1997;213;91;69;122;144;1;23;-22
498;Mannen en vrouwen;Totaal Amerika;Personen in samenwonend paar met kin...;1998;296;103;91;193;205;5;17;-12
499;Mannen en vrouwen;Totaal Amerika;Personen in samenwonend paar met kin...;1999;245;84;60;161;185;2;26;-24
500;Mannen en vrouwen;Totaal Amerika;Personen in samenwonend paar met kin...;2000;456;89;74;367;382;10;25;-15
501;Mannen en vrouwen;Totaal Amerika;Personen in samenwonend paar met kin...;2001;312;111;82;201;230;1;30;-29
502;Mannen en vrouwen;Totaal Amerika;Personen in samenwonend paar met kin...;2002;200;131;114;69;86;6;23;-17
503;Mannen en vrouwen;Totaal Amerika;Personen in samenwonend paar met kin...;2003;150;144;98;6;52;4;50;-46
504;Mannen en vrouwen;Totaal Amerika;Personen in samenwonend paar met kin...;2004;147;213;168;-66;-21;6;51;-45
505;Mannen en vrouwen;Totaal Amerika;Personen in samenwonend paar met kin...;2005;300;164;133;136;167;6;37;-31
506;Mannen en vrouwen;Totaal Amerika;Personen in samenwonend paar met kin...;2006;315;140;104;175;211;10;46;-36
507;Mannen en vrouwen;Totaal Amerika;Personen in samenwonend paar met kin...;2007;249;150;119;99;130;8;39;-31
508;Mannen en vrouwen;Totaal Amerika;Personen in samenwonend paar met kin...;2008;298;136;97;162;201;10;49;-39
509;Mannen en vrouwen;Totaal Amerika;Personen in samenwonend paar met kin...;2009;166;121;95;45;71;7;33;-26
510;Mannen en vrouwen;Totaal Amerika;Alleengaanden;1995;8658;6161;4146;2497;4512;1516;3531;-2015
511;Mannen en vrouwen;Totaal Amerika;Alleengaanden;1996;11556;6856;4058;4700;7498;1891;4689;-2798
512;Mannen en vrouwen;Totaal Amerika;Alleengaanden;1997;12398;6203;3992;6195;8406;2112;4323;-2211
513;Mannen en vrouwen;Totaal Amerika;Alleengaanden;1998;16473;5876;3977;10597;12496;2464;4363;-1899
514;Mannen en vrouwen;Totaal Amerika;Alleengaanden;1999;15779;5959;3746;9820;12033;2581;4794;-2213
515;Mannen en vrouwen;Totaal Amerika;Alleengaanden;2000;17308;5638;3690;11670;13618;2758;4706;-1948
516;Mannen en vrouwen;Totaal Amerika;Alleengaanden;2001;16182;5879;4034;10303;12148;2704;4549;-1845
517;Mannen en vrouwen;Totaal Amerika;Alleengaanden;2002;14462;7216;4550;7246;9912;2953;5619;-2666
518;Mannen en vrouwen;Totaal Amerika;Alleengaanden;2003;12617;7887;4869;4730;7748;3340;6358;-3018
519;Mannen en vrouwen;Totaal Amerika;Alleengaanden;2004;10407;7847;5224;2560;5183;3706;6329;-2623
520;Mannen en vrouwen;Totaal Amerika;Alleengaanden;2005;9733;8600;5404;1133;4329;3754;6950;-3196
521;Mannen en vrouwen;Totaal Amerika;Alleengaanden;2006;10299;9219;5346;1080;4953;4288;8161;-3873
522;Mannen en vrouwen;Totaal Amerika;Alleengaanden;2007;10947;8282;5369;2665;5578;4731;7644;-2913
523;Mannen en vrouwen;Totaal Amerika;Alleengaanden;2008;13043;7846;5028;5197;8015;4856;7674;-2818
524;Mannen en vrouwen;Totaal Amerika;Alleengaanden;2009;13040;7485;5310;5555;7730;5085;7260;-2175
525;Mannen en vrouwen;Totaal Azië;Totaal personen;1995;16330;6363;4216;9967;12114;500;2647;-2147
526;Mannen en vrouwen;Totaal Azië;Totaal personen;1996;20722;7605;4559;13117;16163;604;3650;-3046
527;Mannen en vrouwen;Totaal Azië;Totaal personen;1997;22016;6889;4745;15127;17271;763;2907;-2144
528;Mannen en vrouwen;Totaal Azië;Totaal personen;1998;24116;7065;4636;17051;19480;821;3250;-2429
529;Mannen en vrouwen;Totaal Azië;Totaal personen;1999;21557;7054;4480;14503;17077;711;3285;-2574
530;Mannen en vrouwen;Totaal Azië;Totaal personen;2000;24340;6834;4262;17506;20078;796;3368;-2572
531;Mannen en vrouwen;Totaal Azië;Totaal personen;2001;25046;7229;4497;17817;20549;901;3633;-2732
532;Mannen en vrouwen;Totaal Azië;Totaal personen;2002;21013;9684;5033;11329;15980;1061;5712;-4651
533;Mannen en vrouwen;Totaal Azië;Totaal personen;2003;18039;10530;5535;7509;12504;1387;6382;-4995
534;Mannen en vrouwen;Totaal Azië;Totaal personen;2004;14849;10837;6088;4012;8761;1377;6126;-4749
535;Mannen en vrouwen;Totaal Azië;Totaal personen;2005;15130;13093;7198;2037;7932;1498;7393;-5895
536;Mannen en vrouwen;Totaal Azië;Totaal personen;2006;16342;15021;8586;1321;7756;1848;8283;-6435
537;Mannen en vrouwen;Totaal Azië;Totaal personen;2007;18261;13679;9361;4582;8900;2341;6659;-4318
538;Mannen en vrouwen;Totaal Azië;Totaal personen;2008;23891;13175;9109;10716;14782;2616;6682;-4066
539;Mannen en vrouwen;Totaal Azië;Totaal personen;2009;23780;14810;10335;8970;13445;1999;6474;-4475
540;Mannen en vrouwen;Totaal Azië;Totaal in gezinsverband;1995;4226;2833;2226;1393;2000;51;658;-607
541;Mannen en vrouwen;Totaal Azië;Totaal in gezinsverband;1996;5934;3076;2306;2858;3628;63;833;-770
542;Mannen en vrouwen;Totaal Azië;Totaal in gezinsverband;1997;6033;2792;2225;3241;3808;63;630;-567
543;Mannen en vrouwen;Totaal Azië;Totaal in gezinsverband;1998;5950;2713;2045;3237;3905;90;758;-668
544;Mannen en vrouwen;Totaal Azië;Totaal in gezinsverband;1999;5363;2640;2029;2723;3334;61;672;-611
545;Mannen en vrouwen;Totaal Azië;Totaal in gezinsverband;2000;6266;2591;1989;3675;4277;52;654;-602
546;Mannen en vrouwen;Totaal Azië;Totaal in gezinsverband;2001;6023;2690;1977;3333;4046;78;791;-713
547;Mannen en vrouwen;Totaal Azië;Totaal in gezinsverband;2002;4443;3478;2335;965;2108;62;1205;-1143
548;Mannen en vrouwen;Totaal Azië;Totaal in gezinsverband;2003;3097;3548;2412;-451;685;189;1325;-1136
549;Mannen en vrouwen;Totaal Azië;Totaal in gezinsverband;2004;2514;3583;2623;-1069;-109;165;1125;-960
550;Mannen en vrouwen;Totaal Azië;Totaal in gezinsverband;2005;2671;4338;3111;-1667;-440;148;1375;-1227
551;Mannen en vrouwen;Totaal Azië;Totaal in gezinsverband;2006;3030;4652;3499;-1622;-469;181;1334;-1153
552;Mannen en vrouwen;Totaal Azië;Totaal in gezinsverband;2007;3324;4333;3649;-1009;-325;306;990;-684
553;Mannen en vrouwen;Totaal Azië;Totaal in gezinsverband;2008;4113;3938;3339;175;774;205;804;-599
554;Mannen en vrouwen;Totaal Azië;Totaal in gezinsverband;2009;4486;4672;4047;-186;439;141;766;-625
555;Mannen en vrouwen;Totaal Azië;Personen in echtpaar;1995;1896;2312;1845;-416;51;23;490;-467
556;Mannen en vrouwen;Totaal Azië;Personen in echtpaar;1996;2620;2582;1958;38;662;31;655;-624
557;Mannen en vrouwen;Totaal Azië;Personen in echtpaar;1997;2216;2288;1873;-72;343;41;456;-415
558;Mannen en vrouwen;Totaal Azië;Personen in echtpaar;1998;2204;2139;1647;65;557;70;562;-492
559;Mannen en vrouwen;Totaal Azië;Personen in echtpaar;1999;2070;2099;1673;-29;397;33;459;-426
560;Mannen en vrouwen;Totaal Azië;Personen in echtpaar;2000;2629;1988;1572;641;1057;27;443;-416
561;Mannen en vrouwen;Totaal Azië;Personen in echtpaar;2001;2641;2104;1573;537;1068;41;572;-531
562;Mannen en vrouwen;Totaal Azië;Personen in echtpaar;2002;1590;2609;1863;-1019;-273;29;775;-746
563;Mannen en vrouwen;Totaal Azië;Personen in echtpaar;2003;1025;2620;1857;-1595;-832;94;857;-763
564;Mannen en vrouwen;Totaal Azië;Personen in echtpaar;2004;725;2617;2004;-1892;-1279;92;705;-613
565;Mannen en vrouwen;Totaal Azië;Personen in echtpaar;2005;851;3116;2324;-2265;-1473;92;884;-792
566;Mannen en vrouwen;Totaal Azië;Personen in echtpaar;2006;1120;3289;2533;-2169;-1413;102;858;-756
567;Mannen en vrouwen;Totaal Azië;Personen in echtpaar;2007;1304;3227;2764;-1923;-1460;160;623;-463
568;Mannen en vrouwen;Totaal Azië;Personen in echtpaar;2008;1473;2977;2571;-1504;-1098;108;514;-406
569;Mannen en vrouwen;Totaal Azië;Personen in echtpaar;2009;1964;3629;3198;-1665;-1234;58;489;-431
570;Mannen en vrouwen;Totaal Azië;Personen in eenoudergezin met vader;1995;172;58;33;114;139;2;27;-25
571;Mannen en vrouwen;Totaal Azië;Personen in eenoudergezin met vader;1996;188;63;28;125;160;1;36;-35
572;Mannen en vrouwen;Totaal Azië;Personen in eenoudergezin met vader;1997;196;60;37;136;159;4;27;-23
573;Mannen en vrouwen;Totaal Azië;Personen in eenoudergezin met vader;1998;277;56;35;221;242;3;24;-21
574;Mannen en vrouwen;Totaal Azië;Personen in eenoudergezin met vader;1999;172;70;34;102;138;10;46;-36
575;Mannen en vrouwen;Totaal Azië;Personen in eenoudergezin met vader;2000;239;61;44;178;195;4;21;-17
576;Mannen en vrouwen;Totaal Azië;Personen in eenoudergezin met vader;2001;225;53;29;172;196;9;33;-24
577;Mannen en vrouwen;Totaal Azië;Personen in eenoudergezin met vader;2002;195;105;40;90;155;9;74;-65
578;Mannen en vrouwen;Totaal Azië;Personen in eenoudergezin met vader;2003;110;91;62;19;48;23;52;-29
579;Mannen en vrouwen;Totaal Azië;Personen in eenoudergezin met vader;2004;107;102;50;5;57;5;57;-52
580;Mannen en vrouwen;Totaal Azië;Personen in eenoudergezin met vader;2005;109;144;81;-35;28;3;66;-63
581;Mannen en vrouwen;Totaal Azië;Personen in eenoudergezin met vader;2006;120;132;78;-12;42;11;65;-54
582;Mannen en vrouwen;Totaal Azië;Personen in eenoudergezin met vader;2007;106;143;93;-37;13;15;65;-50
583;Mannen en vrouwen;Totaal Azië;Personen in eenoudergezin met vader;2008;148;101;73;47;75;10;38;-28
584;Mannen en vrouwen;Totaal Azië;Personen in eenoudergezin met vader;2009;138;136;73;2;65;6;69;-63
585;Mannen en vrouwen;Totaal Azië;Personen in eenoudergezin met moeder;1995;1659;403;312;1256;1347;23;114;-91
586;Mannen en vrouwen;Totaal Azië;Personen in eenoudergezin met moeder;1996;2477;389;284;2088;2193;24;129;-105
587;Mannen en vrouwen;Totaal Azië;Personen in eenoudergezin met moeder;1997;3032;366;257;2666;2775;12;121;-109
588;Mannen en vrouwen;Totaal Azië;Personen in eenoudergezin met moeder;1998;2737;420;294;2317;2443;14;140;-126
589;Mannen en vrouwen;Totaal Azië;Personen in eenoudergezin met moeder;1999;2383;388;270;1995;2113;15;133;-118
590;Mannen en vrouwen;Totaal Azië;Personen in eenoudergezin met moeder;2000;2506;468;335;2038;2171;14;147;-133
591;Mannen en vrouwen;Totaal Azië;Personen in eenoudergezin met moeder;2001;2363;441;312;1922;2051;24;153;-129
592;Mannen en vrouwen;Totaal Azië;Personen in eenoudergezin met moeder;2002;2192;630;370;1562;1822;17;277;-260
593;Mannen en vrouwen;Totaal Azië;Personen in eenoudergezin met moeder;2003;1741;725;421;1016;1320;60;364;-304
594;Mannen en vrouwen;Totaal Azië;Personen in eenoudergezin met moeder;2004;1426;745;486;681;940;45;304;-259
595;Mannen en vrouwen;Totaal Azië;Personen in eenoudergezin met moeder;2005;1463;919;621;544;842;43;341;-298
596;Mannen en vrouwen;Totaal Azië;Personen in eenoudergezin met moeder;2006;1430;1090;799;340;631;56;347;-291
597;Mannen en vrouwen;Totaal Azië;Personen in eenoudergezin met moeder;2007;1394;853;697;541;697;114;270;-156
598;Mannen en vrouwen;Totaal Azië;Personen in eenoudergezin met moeder;2008;1847;787;643;1060;1204;82;226;-144
599;Mannen en vrouwen;Totaal Azië;Personen in eenoudergezin met moeder;2009;2058;831;706;1227;1352;60;185;-125
600;Mannen en vrouwen;Totaal Azië;Personen in samenwonend paar met kin...;1995;499;60;36;439;463;3;27;-24
601;Mannen en vrouwen;Totaal Azië;Personen in samenwonend paar met kin...;1996;649;42;36;607;613;7;13;-6
602;Mannen en vrouwen;Totaal Azië;Personen in samenwonend paar met kin...;1997;589;78;58;511;531;6;26;-20
603;Mannen en vrouwen;Totaal Azië;Personen in samenwonend paar met kin...;1998;732;98;69;634;663;3;32;-29
604;Mannen en vrouwen;Totaal Azië;Personen in samenwonend paar met kin...;1999;738;83;52;655;686;3;34;-31
605;Mannen en vrouwen;Totaal Azië;Personen in samenwonend paar met kin...;2000;892;74;38;818;854;7;43;-36
606;Mannen en vrouwen;Totaal Azië;Personen in samenwonend paar met kin...;2001;794;92;63;702;731;4;33;-29
607;Mannen en vrouwen;Totaal Azië;Personen in samenwonend paar met kin...;2002;466;134;62;332;404;7;79;-72
608;Mannen en vrouwen;Totaal Azië;Personen in samenwonend paar met kin...;2003;221;112;72;109;149;12;52;-40
609;Mannen en vrouwen;Totaal Azië;Personen in samenwonend paar met kin...;2004;256;119;83;137;173;23;59;-36
610;Mannen en vrouwen;Totaal Azië;Personen in samenwonend paar met kin...;2005;248;159;85;89;163;10;84;-74
611;Mannen en vrouwen;Totaal Azië;Personen in samenwonend paar met kin...;2006;360;141;89;219;271;12;64;-52
612;Mannen en vrouwen;Totaal Azië;Personen in samenwonend paar met kin...;2007;520;110;95;410;425;17;32;-15
613;Mannen en vrouwen;Totaal Azië;Personen in samenwonend paar met kin...;2008;645;73;52;572;593;5;26;-21
614;Mannen en vrouwen;Totaal Azië;Personen in samenwonend paar met kin...;2009;326;76;70;250;256;17;23;-6
615;Mannen en vrouwen;Totaal Azië;Alleengaanden;1995;12104;3530;1990;8574;10114;449;1989;-1540
616;Mannen en vrouwen;Totaal Azië;Alleengaanden;1996;14788;4529;2253;10259;12535;541;2817;-2276
617;Mannen en vrouwen;Totaal Azië;Alleengaanden;1997;15983;4097;2520;11886;13463;700;2277;-1577
618;Mannen en vrouwen;Totaal Azië;Alleengaanden;1998;18166;4352;2591;13814;15575;731;2492;-1761
619;Mannen en vrouwen;Totaal Azië;Alleengaanden;1999;16194;4414;2451;11780;13743;650;2613;-1963
620;Mannen en vrouwen;Totaal Azië;Alleengaanden;2000;18074;4243;2273;13831;15801;744;2714;-1970
621;Mannen en vrouwen;Totaal Azië;Alleengaanden;2001;19023;4539;2520;14484;16503;823;2842;-2019
622;Mannen en vrouwen;Totaal Azië;Alleengaanden;2002;16570;6206;2698;10364;13872;999;4507;-3508
623;Mannen en vrouwen;Totaal Azië;Alleengaanden;2003;14942;6982;3123;7960;11819;1198;5057;-3859
624;Mannen en vrouwen;Totaal Azië;Alleengaanden;2004;12335;7254;3465;5081;8870;1212;5001;-3789
625;Mannen en vrouwen;Totaal Azië;Alleengaanden;2005;12459;8755;4087;3704;8372;1350;6018;-4668
626;Mannen en vrouwen;Totaal Azië;Alleengaanden;2006;13312;10369;5087;2943;8225;1667;6949;-5282
627;Mannen en vrouwen;Totaal Azië;Alleengaanden;2007;14937;9346;5712;5591;9225;2035;5669;-3634
628;Mannen en vrouwen;Totaal Azië;Alleengaanden;2008;19778;9237;5770;10541;14008;2411;5878;-3467
629;Mannen en vrouwen;Totaal Azië;Alleengaanden;2009;19294;10138;6288;9156;13006;1858;5708;-3850
630;Mannen en vrouwen;Totaal Europa;Totaal personen;1995;54820;59063;48415;-4243;6405;8649;19297;-10648
631;Mannen en vrouwen;Totaal Europa;Totaal personen;1996;57251;65420;50332;-8169;6919;9762;24850;-15088
632;Mannen en vrouwen;Totaal Europa;Totaal personen;1997;56719;58535;47103;-1816;9616;9985;21417;-11432
633;Mannen en vrouwen;Totaal Europa;Totaal personen;1998;60703;56718;46047;3985;14656;10997;21668;-10671
634;Mannen en vrouwen;Totaal Europa;Totaal personen;1999;61523;55853;44652;5670;16871;11923;23124;-11201
635;Mannen en vrouwen;Totaal Europa;Totaal personen;2000;66921;57041;47246;9880;19675;12759;22554;-9795
636;Mannen en vrouwen;Totaal Europa;Totaal personen;2001;65715;58881;47930;6834;17785;13186;24137;-10951
637;Mannen en vrouwen;Totaal Europa;Totaal personen;2002;59500;67008;50142;-7508;9358;15013;31879;-16866
638;Mannen en vrouwen;Totaal Europa;Totaal personen;2003;54892;70654;50585;-15762;4307;17168;37237;-20069
639;Mannen en vrouwen;Totaal Europa;Totaal personen;2004;54461;74651;54815;-20190;-354;19679;39515;-19836
640;Mannen en vrouwen;Totaal Europa;Totaal personen;2005;54652;80400;61794;-25748;-7142;21996;40602;-18606
641;Mannen en vrouwen;Totaal Europa;Totaal personen;2006;62106;90346;67419;-28240;-5313;24338;47265;-22927
642;Mannen en vrouwen;Totaal Europa;Totaal personen;2007;74644;85759;67300;-11115;7344;27486;45945;-18459
643;Mannen en vrouwen;Totaal Europa;Totaal personen;2008;90131;84004;67328;6127;22803;29922;46598;-16676
644;Mannen en vrouwen;Totaal Europa;Totaal personen;2009;89754;77723;61504;12031;28250;30198;46417;-16219
645;Mannen en vrouwen;Totaal Europa;Totaal in gezinsverband;1995;18021;25177;21975;-7156;-3954;865;4067;-3202
646;Mannen en vrouwen;Totaal Europa;Totaal in gezinsverband;1996;16123;27160;23606;-11037;-7483;980;4534;-3554
647;Mannen en vrouwen;Totaal Europa;Totaal in gezinsverband;1997;15566;24412;21408;-8846;-5842;978;3982;-3004
648;Mannen en vrouwen;Totaal Europa;Totaal in gezinsverband;1998;15727;23572;21006;-7845;-5279;959;3525;-2566
649;Mannen en vrouwen;Totaal Europa;Totaal in gezinsverband;1999;16171;22967;20417;-6796;-4246;1092;3642;-2550
650;Mannen en vrouwen;Totaal Europa;Totaal in gezinsverband;2000;17658;24882;22369;-7224;-4711;1174;3687;-2513
651;Mannen en vrouwen;Totaal Europa;Totaal in gezinsverband;2001;16256;26353;23017;-10097;-6761;1300;4636;-3336
652;Mannen en vrouwen;Totaal Europa;Totaal in gezinsverband;2002;13700;28087;23935;-14387;-10235;1522;5674;-4152
653;Mannen en vrouwen;Totaal Europa;Totaal in gezinsverband;2003;12045;29453;24122;-17408;-12077;1953;7284;-5331
654;Mannen en vrouwen;Totaal Europa;Totaal in gezinsverband;2004;11905;31229;26219;-19324;-14314;2462;7472;-5010
655;Mannen en vrouwen;Totaal Europa;Totaal in gezinsverband;2005;12077;35058;29730;-22981;-17653;2533;7861;-5328
656;Mannen en vrouwen;Totaal Europa;Totaal in gezinsverband;2006;14315;37412;31580;-23097;-17265;2946;8778;-5832
657;Mannen en vrouwen;Totaal Europa;Totaal in gezinsverband;2007;14305;35386;30954;-21081;-16649;3334;7766;-4432
658;Mannen en vrouwen;Totaal Europa;Totaal in gezinsverband;2008;15930;32614;28899;-16684;-12969;3231;6946;-3715
659;Mannen en vrouwen;Totaal Europa;Totaal in gezinsverband;2009;15962;26438;23298;-10476;-7336;2777;5917;-3140
660;Mannen en vrouwen;Totaal Europa;Personen in echtpaar;1995;10842;18973;17001;-8131;-6159;394;2366;-1972
661;Mannen en vrouwen;Totaal Europa;Personen in echtpaar;1996;9475;20677;18642;-11202;-9167;381;2416;-2035
662;Mannen en vrouwen;Totaal Europa;Personen in echtpaar;1997;9152;18188;16634;-9036;-7482;414;1968;-1554
663;Mannen en vrouwen;Totaal Europa;Personen in echtpaar;1998;8970;17610;16138;-8640;-7168;371;1843;-1472
664;Mannen en vrouwen;Totaal Europa;Personen in echtpaar;1999;9441;16950;15665;-7509;-6224;492;1777;-1285
665;Mannen en vrouwen;Totaal Europa;Personen in echtpaar;2000;9965;18155;16857;-8190;-6892;460;1758;-1298
666;Mannen en vrouwen;Totaal Europa;Personen in echtpaar;2001;8956;19273;17417;-10317;-8461;586;2442;-1856
667;Mannen en vrouwen;Totaal Europa;Personen in echtpaar;2002;7482;20156;18150;-12674;-10668;608;2614;-2006
668;Mannen en vrouwen;Totaal Europa;Personen in echtpaar;2003;6637;19920;17505;-13283;-10868;834;3249;-2415
669;Mannen en vrouwen;Totaal Europa;Personen in echtpaar;2004;6347;20707;18339;-14360;-11992;948;3316;-2368
670;Mannen en vrouwen;Totaal Europa;Personen in echtpaar;2005;6892;23443;21186;-16551;-14294;1026;3283;-2257
671;Mannen en vrouwen;Totaal Europa;Personen in echtpaar;2006;8472;24678;22180;-16206;-13708;1033;3531;-2498
672;Mannen en vrouwen;Totaal Europa;Personen in echtpaar;2007;7486;23292;21452;-15806;-13966;1157;2997;-1840
673;Mannen en vrouwen;Totaal Europa;Personen in echtpaar;2008;7904;21657;20208;-13753;-12304;1020;2469;-1449
674;Mannen en vrouwen;Totaal Europa;Personen in echtpaar;2009;8110;16848;15552;-8738;-7442;757;2053;-1296
675;Mannen en vrouwen;Totaal Europa;Personen in eenoudergezin met vader;1995;672;512;371;160;301;48;189;-141
676;Mannen en vrouwen;Totaal Europa;Personen in eenoudergezin met vader;1996;474;579;355;-105;119;64;288;-224
677;Mannen en vrouwen;Totaal Europa;Personen in eenoudergezin met vader;1997;504;542;368;-38;136;41;215;-174
678;Mannen en vrouwen;Totaal Europa;Personen in eenoudergezin met vader;1998;535;488;366;47;169;49;171;-122
679;Mannen en vrouwen;Totaal Europa;Personen in eenoudergezin met vader;1999;603;505;386;98;217;67;186;-119
680;Mannen en vrouwen;Totaal Europa;Personen in eenoudergezin met vader;2000;669;686;505;-17;164;55;236;-181
681;Mannen en vrouwen;Totaal Europa;Personen in eenoudergezin met vader;2001;633;669;486;-36;147;93;276;-183
682;Mannen en vrouwen;Totaal Europa;Personen in eenoudergezin met vader;2002;524;694;434;-170;90;106;366;-260
683;Mannen en vrouwen;Totaal Europa;Personen in eenoudergezin met vader;2003;458;822;482;-364;-24;119;459;-340
684;Mannen en vrouwen;Totaal Europa;Personen in eenoudergezin met vader;2004;423;851;501;-428;-78;127;477;-350
685;Mannen en vrouwen;Totaal Europa;Personen in eenoudergezin met vader;2005;385;988;601;-603;-216;135;522;-387
686;Mannen en vrouwen;Totaal Europa;Personen in eenoudergezin met vader;2006;485;1202;715;-717;-230;152;639;-487
687;Mannen en vrouwen;Totaal Europa;Personen in eenoudergezin met vader;2007;525;1069;738;-544;-213;175;506;-331
688;Mannen en vrouwen;Totaal Europa;Personen in eenoudergezin met vader;2008;610;956;650;-346;-40;173;479;-306
689;Mannen en vrouwen;Totaal Europa;Personen in eenoudergezin met vader;2009;705;879;608;-174;97;154;425;-271
690;Mannen en vrouwen;Totaal Europa;Personen in eenoudergezin met moeder;1995;5179;5128;4158;51;1021;370;1340;-970
691;Mannen en vrouwen;Totaal Europa;Personen in eenoudergezin met moeder;1996;5296;5294;4149;2;1147;517;1662;-1145
692;Mannen en vrouwen;Totaal Europa;Personen in eenoudergezin met moeder;1997;5254;5058;3954;196;1300;469;1573;-1104
693;Mannen en vrouwen;Totaal Europa;Personen in eenoudergezin met moeder;1998;5396;4880;4013;516;1383;461;1328;-867
694;Mannen en vrouwen;Totaal Europa;Personen in eenoudergezin met moeder;1999;5002;4674;3743;328;1259;488;1419;-931
695;Mannen en vrouwen;Totaal Europa;Personen in eenoudergezin met moeder;2000;5426;5040;4176;386;1250;588;1452;-864
696;Mannen en vrouwen;Totaal Europa;Personen in eenoudergezin met moeder;2001;5225;5421;4352;-196;873;575;1644;-1069
697;Mannen en vrouwen;Totaal Europa;Personen in eenoudergezin met moeder;2002;4860;5803;4310;-943;550;709;2202;-1493
698;Mannen en vrouwen;Totaal Europa;Personen in eenoudergezin met moeder;2003;4352;7239;5153;-2887;-801;887;2973;-2086
699;Mannen en vrouwen;Totaal Europa;Personen in eenoudergezin met moeder;2004;4452;8001;6176;-3549;-1724;1225;3050;-1825
700;Mannen en vrouwen;Totaal Europa;Personen in eenoudergezin met moeder;2005;4051;8588;6355;-4537;-2304;1220;3453;-2233
701;Mannen en vrouwen;Totaal Europa;Personen in eenoudergezin met moeder;2006;4359;9612;7102;-5253;-2743;1480;3990;-2510
702;Mannen en vrouwen;Totaal Europa;Personen in eenoudergezin met moeder;2007;5109;8858;6918;-3749;-1809;1732;3672;-1940
703;Mannen en vrouwen;Totaal Europa;Personen in eenoudergezin met moeder;2008;5994;8131;6528;-2137;-534;1794;3397;-1603
704;Mannen en vrouwen;Totaal Europa;Personen in eenoudergezin met moeder;2009;5914;7206;5873;-1292;41;1635;2968;-1333
705;Mannen en vrouwen;Totaal Europa;Personen in samenwonend paar met kin...;1995;1328;564;445;764;883;53;172;-119
706;Mannen en vrouwen;Totaal Europa;Personen in samenwonend paar met kin...;1996;878;610;460;268;418;18;168;-150
707;Mannen en vrouwen;Totaal Europa;Personen in samenwonend paar met kin...;1997;656;624;452;32;204;54;226;-172
708;Mannen en vrouwen;Totaal Europa;Personen in samenwonend paar met kin...;1998;826;594;489;232;337;78;183;-105
709;Mannen en vrouwen;Totaal Europa;Personen in samenwonend paar met kin...;1999;1125;838;623;287;502;45;260;-215
710;Mannen en vrouwen;Totaal Europa;Personen in samenwonend paar met kin...;2000;1598;1001;831;597;767;71;241;-170
711;Mannen en vrouwen;Totaal Europa;Personen in samenwonend paar met kin...;2001;1442;990;762;452;680;46;274;-228
712;Mannen en vrouwen;Totaal Europa;Personen in samenwonend paar met kin...;2002;834;1434;1041;-600;-207;99;492;-393
713;Mannen en vrouwen;Totaal Europa;Personen in samenwonend paar met kin...;2003;598;1472;982;-874;-384;113;603;-490
714;Mannen en vrouwen;Totaal Europa;Personen in samenwonend paar met kin...;2004;683;1670;1203;-987;-520;162;629;-467
715;Mannen en vrouwen;Totaal Europa;Personen in samenwonend paar met kin...;2005;749;2039;1588;-1290;-839;152;603;-451
716;Mannen en vrouwen;Totaal Europa;Personen in samenwonend paar met kin...;2006;999;1920;1583;-921;-584;281;618;-337
717;Mannen en vrouwen;Totaal Europa;Personen in samenwonend paar met kin...;2007;1185;2167;1846;-982;-661;270;591;-321
718;Mannen en vrouwen;Totaal Europa;Personen in samenwonend paar met kin...;2008;1422;1870;1513;-448;-91;244;601;-357
719;Mannen en vrouwen;Totaal Europa;Personen in samenwonend paar met kin...;2009;1233;1505;1265;-272;-32;231;471;-240
720;Mannen en vrouwen;Totaal Europa;Alleengaanden;1995;36799;33886;26440;2913;10359;7784;15230;-7446
721;Mannen en vrouwen;Totaal Europa;Alleengaanden;1996;41128;38260;26726;2868;14402;8782;20316;-11534
722;Mannen en vrouwen;Totaal Europa;Alleengaanden;1997;41153;34123;25695;7030;15458;9007;17435;-8428
723;Mannen en vrouwen;Totaal Europa;Alleengaanden;1998;44976;33146;25041;11830;19935;10038;18143;-8105
724;Mannen en vrouwen;Totaal Europa;Alleengaanden;1999;45352;32886;24235;12466;21117;10831;19482;-8651
725;Mannen en vrouwen;Totaal Europa;Alleengaanden;2000;49263;32159;24877;17104;24386;11585;18867;-7282
726;Mannen en vrouwen;Totaal Europa;Alleengaanden;2001;49459;32528;24913;16931;24546;11886;19501;-7615
727;Mannen en vrouwen;Totaal Europa;Alleengaanden;2002;45800;38921;26207;6879;19593;13491;26205;-12714
728;Mannen en vrouwen;Totaal Europa;Alleengaanden;2003;42847;41201;26463;1646;16384;15215;29953;-14738
729;Mannen en vrouwen;Totaal Europa;Alleengaanden;2004;42556;43422;28596;-866;13960;17217;32043;-14826
730;Mannen en vrouwen;Totaal Europa;Alleengaanden;2005;42575;45342;32064;-2767;10511;19463;32741;-13278
731;Mannen en vrouwen;Totaal Europa;Alleengaanden;2006;47791;52934;35839;-5143;11952;21392;38487;-17095
732;Mannen en vrouwen;Totaal Europa;Alleengaanden;2007;60339;50373;36346;9966;23993;24152;38179;-14027
733;Mannen en vrouwen;Totaal Europa;Alleengaanden;2008;74201;51390;38429;22811;35772;26691;39652;-12961
734;Mannen en vrouwen;Totaal Europa;Alleengaanden;2009;73792;51285;38206;22507;35586;27421;40500;-13079
735;Mannen en vrouwen;Totaal Oceanië;Totaal personen;1995;698;753;593;-55;105;27;187;-160
736;Mannen en vrouwen;Totaal Oceanië;Totaal personen;1996;866;946;640;-80;226;23;329;-306
737;Mannen en vrouwen;Totaal Oceanië;Totaal personen;1997;862;774;583;88;279;25;216;-191
738;Mannen en vrouwen;Totaal Oceanië;Totaal personen;1998;1040;717;505;323;535;28;240;-212
739;Mannen en vrouwen;Totaal Oceanië;Totaal personen;1999;1204;818;631;386;573;24;211;-187
740;Mannen en vrouwen;Totaal Oceanië;Totaal personen;2000;1338;834;633;504;705;32;233;-201
741;Mannen en vrouwen;Totaal Oceanië;Totaal personen;2001;1459;861;623;598;836;35;273;-238
742;Mannen en vrouwen;Totaal Oceanië;Totaal personen;2002;1304;1061;687;243;617;33;407;-374
743;Mannen en vrouwen;Totaal Oceanië;Totaal personen;2003;1107;1073;729;34;378;34;378;-344
744;Mannen en vrouwen;Totaal Oceanië;Totaal personen;2004;986;1053;706;-67;280;45;392;-347
745;Mannen en vrouwen;Totaal Oceanië;Totaal personen;2005;1042;1159;775;-117;267;44;428;-384
746;Mannen en vrouwen;Totaal Oceanië;Totaal personen;2006;1134;1277;764;-143;370;45;558;-513
747;Mannen en vrouwen;Totaal Oceanië;Totaal personen;2007;1242;1275;793;-33;449;50;532;-482
748;Mannen en vrouwen;Totaal Oceanië;Totaal personen;2008;1364;1287;868;77;496;42;461;-419
749;Mannen en vrouwen;Totaal Oceanië;Totaal personen;2009;1251;1229;876;22;375;51;404;-353
750;Mannen en vrouwen;Totaal Oceanië;Totaal in gezinsverband;1995;230;336;297;-106;-67;3;42;-39
751;Mannen en vrouwen;Totaal Oceanië;Totaal in gezinsverband;1996;189;404;330;-215;-141;1;75;-74
752;Mannen en vrouwen;Totaal Oceanië;Totaal in gezinsverband;1997;179;326;275;-147;-96;3;54;-51
753;Mannen en vrouwen;Totaal Oceanië;Totaal in gezinsverband;1998;162;217;175;-55;-13;2;44;-42
754;Mannen en vrouwen;Totaal Oceanië;Totaal in gezinsverband;1999;163;289;254;-126;-91;1;36;-35
755;Mannen en vrouwen;Totaal Oceanië;Totaal in gezinsverband;2000;160;318;284;-158;-124;2;36;-34
756;Mannen en vrouwen;Totaal Oceanië;Totaal in gezinsverband;2001;199;270;217;-71;-18;2;55;-53
757;Mannen en vrouwen;Totaal Oceanië;Totaal in gezinsverband;2002;169;328;270;-159;-101;5;63;-58
758;Mannen en vrouwen;Totaal Oceanië;Totaal in gezinsverband;2003;164;370;322;-206;-158;4;52;-48
759;Mannen en vrouwen;Totaal Oceanië;Totaal in gezinsverband;2004;169;378;312;-209;-143;0;66;-66
760;Mannen en vrouwen;Totaal Oceanië;Totaal in gezinsverband;2005;198;411;358;-213;-160;4;57;-53
761;Mannen en vrouwen;Totaal Oceanië;Totaal in gezinsverband;2006;188;352;295;-164;-107;3;60;-57
762;Mannen en vrouwen;Totaal Oceanië;Totaal in gezinsverband;2007;230;392;334;-162;-104;1;59;-58
763;Mannen en vrouwen;Totaal Oceanië;Totaal in gezinsverband;2008;228;381;339;-153;-111;2;44;-42
764;Mannen en vrouwen;Totaal Oceanië;Totaal in gezinsverband;2009;157;324;297;-167;-140;1;28;-27
765;Mannen en vrouwen;Totaal Oceanië;Personen in echtpaar;1995;142;265;242;-123;-100;2;25;-23
766;Mannen en vrouwen;Totaal Oceanië;Personen in echtpaar;1996;97;319;262;-222;-165;0;57;-57
767;Mannen en vrouwen;Totaal Oceanië;Personen in echtpaar;1997;122;249;225;-127;-103;2;26;-24
768;Mannen en vrouwen;Totaal Oceanië;Personen in echtpaar;1998;94;169;145;-75;-51;1;25;-24
769;Mannen en vrouwen;Totaal Oceanië;Personen in echtpaar;1999;97;233;211;-136;-114;0;22;-22
770;Mannen en vrouwen;Totaal Oceanië;Personen in echtpaar;2000;90;263;232;-173;-142;1;32;-31
771;Mannen en vrouwen;Totaal Oceanië;Personen in echtpaar;2001;110;205;165;-95;-55;1;41;-40
772;Mannen en vrouwen;Totaal Oceanië;Personen in echtpaar;2002;68;275;227;-207;-159;3;51;-48
773;Mannen en vrouwen;Totaal Oceanië;Personen in echtpaar;2003;95;290;261;-195;-166;4;33;-29
774;Mannen en vrouwen;Totaal Oceanië;Personen in echtpaar;2004;62;303;257;-241;-195;0;46;-46
775;Mannen en vrouwen;Totaal Oceanië;Personen in echtpaar;2005;74;320;285;-246;-211;2;37;-35
776;Mannen en vrouwen;Totaal Oceanië;Personen in echtpaar;2006;91;264;224;-173;-133;1;41;-40
777;Mannen en vrouwen;Totaal Oceanië;Personen in echtpaar;2007;121;306;270;-185;-149;1;37;-36
778;Mannen en vrouwen;Totaal Oceanië;Personen in echtpaar;2008;110;305;275;-195;-165;2;32;-30
779;Mannen en vrouwen;Totaal Oceanië;Personen in echtpaar;2009;74;255;233;-181;-159;0;22;-22
780;Mannen en vrouwen;Totaal Oceanië;Personen in eenoudergezin met vader;1995;7;9;7;-2;0;0;2;-2
781;Mannen en vrouwen;Totaal Oceanië;Personen in eenoudergezin met vader;1996;12;5;4;7;8;0;1;-1
782;Mannen en vrouwen;Totaal Oceanië;Personen in eenoudergezin met vader;1997;9;16;10;-7;-1;0;6;-6
783;Mannen en vrouwen;Totaal Oceanië;Personen in eenoudergezin met vader;1998;11;2;1;9;10;0;1;-1
784;Mannen en vrouwen;Totaal Oceanië;Personen in eenoudergezin met vader;1999;6;5;3;1;3;0;2;-2
785;Mannen en vrouwen;Totaal Oceanië;Personen in eenoudergezin met vader;2000;12;3;3;9;9;0;0;0
786;Mannen en vrouwen;Totaal Oceanië;Personen in eenoudergezin met vader;2001;11;7;3;4;8;1;5;-4
787;Mannen en vrouwen;Totaal Oceanië;Personen in eenoudergezin met vader;2002;5;4;3;1;2;1;2;-1
788;Mannen en vrouwen;Totaal Oceanië;Personen in eenoudergezin met vader;2003;4;1;1;3;3;0;0;0
789;Mannen en vrouwen;Totaal Oceanië;Personen in eenoudergezin met vader;2004;9;3;3;6;6;0;0;0
790;Mannen en vrouwen;Totaal Oceanië;Personen in eenoudergezin met vader;2005;3;7;6;-4;-3;0;1;-1
791;Mannen en vrouwen;Totaal Oceanië;Personen in eenoudergezin met vader;2006;3;5;3;-2;0;0;2;-2
792;Mannen en vrouwen;Totaal Oceanië;Personen in eenoudergezin met vader;2007;13;12;8;1;5;0;4;-4
793;Mannen en vrouwen;Totaal Oceanië;Personen in eenoudergezin met vader;2008;10;6;4;4;6;0;2;-2
794;Mannen en vrouwen;Totaal Oceanië;Personen in eenoudergezin met vader;2009;9;2;0;7;9;0;2;-2
795;Mannen en vrouwen;Totaal Oceanië;Personen in eenoudergezin met moeder;1995;59;56;44;3;15;1;13;-12
796;Mannen en vrouwen;Totaal Oceanië;Personen in eenoudergezin met moeder;1996;61;69;56;-8;5;1;14;-13
797;Mannen en vrouwen;Totaal Oceanië;Personen in eenoudergezin met moeder;1997;38;49;32;-11;6;1;18;-17
798;Mannen en vrouwen;Totaal Oceanië;Personen in eenoudergezin met moeder;1998;43;38;22;5;21;0;16;-16
799;Mannen en vrouwen;Totaal Oceanië;Personen in eenoudergezin met moeder;1999;45;43;32;2;13;1;12;-11
800;Mannen en vrouwen;Totaal Oceanië;Personen in eenoudergezin met moeder;2000;36;39;36;-3;0;1;4;-3
801;Mannen en vrouwen;Totaal Oceanië;Personen in eenoudergezin met moeder;2001;47;44;38;3;9;0;6;-6
802;Mannen en vrouwen;Totaal Oceanië;Personen in eenoudergezin met moeder;2002;63;40;31;23;32;1;10;-9
803;Mannen en vrouwen;Totaal Oceanië;Personen in eenoudergezin met moeder;2003;34;59;49;-25;-15;0;10;-10
804;Mannen en vrouwen;Totaal Oceanië;Personen in eenoudergezin met moeder;2004;63;56;41;7;22;0;15;-15
805;Mannen en vrouwen;Totaal Oceanië;Personen in eenoudergezin met moeder;2005;77;60;45;17;32;1;16;-15
806;Mannen en vrouwen;Totaal Oceanië;Personen in eenoudergezin met moeder;2006;43;55;44;-12;-1;1;12;-11
807;Mannen en vrouwen;Totaal Oceanië;Personen in eenoudergezin met moeder;2007;55;46;34;9;21;0;12;-12
808;Mannen en vrouwen;Totaal Oceanië;Personen in eenoudergezin met moeder;2008;56;36;27;20;29;0;9;-9
809;Mannen en vrouwen;Totaal Oceanië;Personen in eenoudergezin met moeder;2009;45;47;44;-2;1;1;4;-3
810;Mannen en vrouwen;Totaal Oceanië;Personen in samenwonend paar met kin...;1995;22;6;4;16;18;0;2;-2
811;Mannen en vrouwen;Totaal Oceanië;Personen in samenwonend paar met kin...;1996;19;11;8;8;11;0;3;-3
812;Mannen en vrouwen;Totaal Oceanië;Personen in samenwonend paar met kin...;1997;10;12;8;-2;2;0;4;-4
813;Mannen en vrouwen;Totaal Oceanië;Personen in samenwonend paar met kin...;1998;14;8;7;6;7;1;2;-1
814;Mannen en vrouwen;Totaal Oceanië;Personen in samenwonend paar met kin...;1999;15;8;8;7;7;0;0;0
815;Mannen en vrouwen;Totaal Oceanië;Personen in samenwonend paar met kin...;2000;22;13;13;9;9;0;0;0
816;Mannen en vrouwen;Totaal Oceanië;Personen in samenwonend paar met kin...;2001;31;14;11;17;20;0;3;-3
817;Mannen en vrouwen;Totaal Oceanië;Personen in samenwonend paar met kin...;2002;33;9;9;24;24;0;0;0
818;Mannen en vrouwen;Totaal Oceanië;Personen in samenwonend paar met kin...;2003;31;20;11;11;20;0;9;-9
819;Mannen en vrouwen;Totaal Oceanië;Personen in samenwonend paar met kin...;2004;35;16;11;19;24;0;5;-5
820;Mannen en vrouwen;Totaal Oceanië;Personen in samenwonend paar met kin...;2005;44;24;22;20;22;1;3;-2
821;Mannen en vrouwen;Totaal Oceanië;Personen in samenwonend paar met kin...;2006;51;28;24;23;27;1;5;-4
822;Mannen en vrouwen;Totaal Oceanië;Personen in samenwonend paar met kin...;2007;41;28;22;13;19;0;6;-6
823;Mannen en vrouwen;Totaal Oceanië;Personen in samenwonend paar met kin...;2008;52;34;33;18;19;0;1;-1
824;Mannen en vrouwen;Totaal Oceanië;Personen in samenwonend paar met kin...;2009;29;20;20;9;9;0;0;0
825;Mannen en vrouwen;Totaal Oceanië;Alleengaanden;1995;468;417;296;51;172;24;145;-121
826;Mannen en vrouwen;Totaal Oceanië;Alleengaanden;1996;677;542;310;135;367;22;254;-232
827;Mannen en vrouwen;Totaal Oceanië;Alleengaanden;1997;683;448;308;235;375;22;162;-140
828;Mannen en vrouwen;Totaal Oceanië;Alleengaanden;1998;878;500;330;378;548;26;196;-170
829;Mannen en vrouwen;Totaal Oceanië;Alleengaanden;1999;1041;529;377;512;664;23;175;-152
830;Mannen en vrouwen;Totaal Oceanië;Alleengaanden;2000;1178;516;349;662;829;30;197;-167
831;Mannen en vrouwen;Totaal Oceanië;Alleengaanden;2001;1260;591;406;669;854;33;218;-185
832;Mannen en vrouwen;Totaal Oceanië;Alleengaanden;2002;1135;733;417;402;718;28;344;-316
833;Mannen en vrouwen;Totaal Oceanië;Alleengaanden;2003;943;703;407;240;536;30;326;-296
834;Mannen en vrouwen;Totaal Oceanië;Alleengaanden;2004;817;675;394;142;423;45;326;-281
835;Mannen en vrouwen;Totaal Oceanië;Alleengaanden;2005;844;748;417;96;427;40;371;-331
836;Mannen en vrouwen;Totaal Oceanië;Alleengaanden;2006;946;925;469;21;477;42;498;-456
837;Mannen en vrouwen;Totaal Oceanië;Alleengaanden;2007;1012;883;459;129;553;49;473;-424
838;Mannen en vrouwen;Totaal Oceanië;Alleengaanden;2008;1136;906;529;230;607;40;417;-377
839;Mannen en vrouwen;Totaal Oceanië;Alleengaanden;2009;1094;905;579;189;515;50;376;-326
840;Mannen en vrouwen;Europese Unie (exclusief Nederland);Totaal personen;1995;16116;14792;10277;1324;5839;506;5021;-4515
841;Mannen en vrouwen;Europese Unie (exclusief Nederland);Totaal personen;1996;18868;17227;10829;1641;8039;800;7198;-6398
842;Mannen en vrouwen;Europese Unie (exclusief Nederland);Totaal personen;1997;19779;14626;10386;5153;9393;798;5038;-4240
843;Mannen en vrouwen;Europese Unie (exclusief Nederland);Totaal personen;1998;20429;15312;10519;5117;9910;688;5481;-4793
844;Mannen en vrouwen;Europese Unie (exclusief Nederland);Totaal personen;1999;20857;14720;10376;6137;10481;702;5046;-4344
845;Mannen en vrouwen;Europese Unie (exclusief Nederland);Totaal personen;2000;21801;14465;10797;7336;11004;780;4448;-3668
846;Mannen en vrouwen;Europese Unie (exclusief Nederland);Totaal personen;2001;21566;14151;10225;7415;11341;733;4659;-3926
847;Mannen en vrouwen;Europese Unie (exclusief Nederland);Totaal personen;2002;19808;16495;10729;3313;9079;967;6733;-5766
848;Mannen en vrouwen;Europese Unie (exclusief Nederland);Totaal personen;2003;18231;16324;10723;1907;7508;1074;6675;-5601
849;Mannen en vrouwen;Europese Unie (exclusief Nederland);Totaal personen;2004;17610;17621;11079;-11;6531;1144;7686;-6542
850;Mannen en vrouwen;Europese Unie (exclusief Nederland);Totaal personen;2005;26279;19346;12653;6933;13626;1265;7958;-6693
851;Mannen en vrouwen;Europese Unie (exclusief Nederland);Totaal personen;2006;30386;23301;13966;7085;16420;1596;10931;-9335
852;Mannen en vrouwen;Europese Unie (exclusief Nederland);Totaal personen;2007;42599;23515;15243;19084;27356;2038;10310;-8272
853;Mannen en vrouwen;Europese Unie (exclusief Nederland);Totaal personen;2008;54043;27101;17330;26942;36713;2379;12150;-9771
854;Mannen en vrouwen;Europese Unie (exclusief Nederland);Totaal personen;2009;52026;32090;19942;19936;32084;2879;15027;-12148
855;Mannen en vrouwen;Europese Unie (exclusief Nederland);Totaal in gezinsverband;1995;4700;5614;4764;-914;-64;44;894;-850
856;Mannen en vrouwen;Europese Unie (exclusief Nederland);Totaal in gezinsverband;1996;4438;5887;4981;-1449;-543;61;967;-906
857;Mannen en vrouwen;Europese Unie (exclusief Nederland);Totaal in gezinsverband;1997;4244;5257;4525;-1013;-281;73;805;-732
858;Mannen en vrouwen;Europese Unie (exclusief Nederland);Totaal in gezinsverband;1998;3811;5372;4585;-1561;-774;31;818;-787
859;Mannen en vrouwen;Europese Unie (exclusief Nederland);Totaal in gezinsverband;1999;3540;5115;4515;-1575;-975;48;648;-600
860;Mannen en vrouwen;Europese Unie (exclusief Nederland);Totaal in gezinsverband;2000;3424;5327;4671;-1903;-1247;48;704;-656
861;Mannen en vrouwen;Europese Unie (exclusief Nederland);Totaal in gezinsverband;2001;3232;4937;4117;-1705;-885;61;881;-820
862;Mannen en vrouwen;Europese Unie (exclusief Nederland);Totaal in gezinsverband;2002;2738;5109;4307;-2371;-1569;103;905;-802
863;Mannen en vrouwen;Europese Unie (exclusief Nederland);Totaal in gezinsverband;2003;2573;5210;4352;-2637;-1779;100;958;-858
864;Mannen en vrouwen;Europese Unie (exclusief Nederland);Totaal in gezinsverband;2004;2509;5226;4383;-2717;-1874;131;974;-843
865;Mannen en vrouwen;Europese Unie (exclusief Nederland);Totaal in gezinsverband;2005;3997;5650;4701;-1653;-704;109;1058;-949
866;Mannen en vrouwen;Europese Unie (exclusief Nederland);Totaal in gezinsverband;2006;4888;6300;5069;-1412;-181;162;1393;-1231
867;Mannen en vrouwen;Europese Unie (exclusief Nederland);Totaal in gezinsverband;2007;4954;6190;5129;-1236;-175;175;1236;-1061
868;Mannen en vrouwen;Europese Unie (exclusief Nederland);Totaal in gezinsverband;2008;5636;5863;4898;-227;738;175;1140;-965
869;Mannen en vrouwen;Europese Unie (exclusief Nederland);Totaal in gezinsverband;2009;5007;5664;4714;-657;293;187;1137;-950
870;Mannen en vrouwen;Europese Unie (exclusief Nederland);Personen in echtpaar;1995;2768;4190;3637;-1422;-869;25;578;-553
871;Mannen en vrouwen;Europese Unie (exclusief Nederland);Personen in echtpaar;1996;2386;4367;3801;-1981;-1415;26;592;-566
872;Mannen en vrouwen;Europese Unie (exclusief Nederland);Personen in echtpaar;1997;2207;3784;3331;-1577;-1124;35;488;-453
873;Mannen en vrouwen;Europese Unie (exclusief Nederland);Personen in echtpaar;1998;1815;3888;3394;-2073;-1579;18;512;-494
874;Mannen en vrouwen;Europese Unie (exclusief Nederland);Personen in echtpaar;1999;1703;3743;3333;-2040;-1630;20;430;-410
875;Mannen en vrouwen;Europese Unie (exclusief Nederland);Personen in echtpaar;2000;1572;3849;3400;-2277;-1828;26;475;-449
876;Mannen en vrouwen;Europese Unie (exclusief Nederland);Personen in echtpaar;2001;1401;3644;3082;-2243;-1681;32;594;-562
877;Mannen en vrouwen;Europese Unie (exclusief Nederland);Personen in echtpaar;2002;1296;3695;3218;-2399;-1922;64;541;-477
878;Mannen en vrouwen;Europese Unie (exclusief Nederland);Personen in echtpaar;2003;1199;3642;3173;-2443;-1974;61;530;-469
879;Mannen en vrouwen;Europese Unie (exclusief Nederland);Personen in echtpaar;2004;1220;3618;3148;-2398;-1928;64;534;-470
880;Mannen en vrouwen;Europese Unie (exclusief Nederland);Personen in echtpaar;2005;2182;3899;3371;-1717;-1189;54;582;-528
881;Mannen en vrouwen;Europese Unie (exclusief Nederland);Personen in echtpaar;2006;2909;4384;3678;-1475;-769;80;786;-706
882;Mannen en vrouwen;Europese Unie (exclusief Nederland);Personen in echtpaar;2007;2220;4359;3693;-2139;-1473;74;740;-666
883;Mannen en vrouwen;Europese Unie (exclusief Nederland);Personen in echtpaar;2008;2356;3939;3373;-1583;-1017;84;650;-566
884;Mannen en vrouwen;Europese Unie (exclusief Nederland);Personen in echtpaar;2009;2103;3651;3147;-1548;-1044;79;583;-504
885;Mannen en vrouwen;Europese Unie (exclusief Nederland);Personen in eenoudergezin met vader;1995;195;131;103;64;92;4;32;-28
886;Mannen en vrouwen;Europese Unie (exclusief Nederland);Personen in eenoudergezin met vader;1996;141;119;78;22;63;2;43;-41
887;Mannen en vrouwen;Europese Unie (exclusief Nederland);Personen in eenoudergezin met vader;1997;178;120;88;58;90;1;33;-32
888;Mannen en vrouwen;Europese Unie (exclusief Nederland);Personen in eenoudergezin met vader;1998;128;107;75;21;53;2;34;-32
889;Mannen en vrouwen;Europese Unie (exclusief Nederland);Personen in eenoudergezin met vader;1999;161;126;110;35;51;0;16;-16
890;Mannen en vrouwen;Europese Unie (exclusief Nederland);Personen in eenoudergezin met vader;2000;149;183;148;-34;1;1;36;-35
891;Mannen en vrouwen;Europese Unie (exclusief Nederland);Personen in eenoudergezin met vader;2001;152;130;108;22;44;5;27;-22
892;Mannen en vrouwen;Europese Unie (exclusief Nederland);Personen in eenoudergezin met vader;2002;122;129;100;-7;22;6;35;-29
893;Mannen en vrouwen;Europese Unie (exclusief Nederland);Personen in eenoudergezin met vader;2003;115;141;91;-26;24;7;57;-50
894;Mannen en vrouwen;Europese Unie (exclusief Nederland);Personen in eenoudergezin met vader;2004;101;146;99;-45;2;5;52;-47
895;Mannen en vrouwen;Europese Unie (exclusief Nederland);Personen in eenoudergezin met vader;2005;139;134;74;5;65;7;67;-60
896;Mannen en vrouwen;Europese Unie (exclusief Nederland);Personen in eenoudergezin met vader;2006;190;194;139;-4;51;16;71;-55
897;Mannen en vrouwen;Europese Unie (exclusief Nederland);Personen in eenoudergezin met vader;2007;200;139;91;61;109;8;56;-48
898;Mannen en vrouwen;Europese Unie (exclusief Nederland);Personen in eenoudergezin met vader;2008;252;126;90;126;162;9;45;-36
899;Mannen en vrouwen;Europese Unie (exclusief Nederland);Personen in eenoudergezin met vader;2009;276;149;105;127;171;9;53;-44
900;Mannen en vrouwen;Europese Unie (exclusief Nederland);Personen in eenoudergezin met moeder;1995;1486;1161;921;325;565;15;255;-240
901;Mannen en vrouwen;Europese Unie (exclusief Nederland);Personen in eenoudergezin met moeder;1996;1497;1261;990;236;507;33;304;-271
902;Mannen en vrouwen;Europese Unie (exclusief Nederland);Personen in eenoudergezin met moeder;1997;1506;1199;986;307;520;35;248;-213
903;Mannen en vrouwen;Europese Unie (exclusief Nederland);Personen in eenoudergezin met moeder;1998;1519;1184;975;335;544;11;220;-209
904;Mannen en vrouwen;Europese Unie (exclusief Nederland);Personen in eenoudergezin met moeder;1999;1289;1021;904;268;385;28;145;-117
905;Mannen en vrouwen;Europese Unie (exclusief Nederland);Personen in eenoudergezin met moeder;2000;1337;1086;948;251;389;20;158;-138
906;Mannen en vrouwen;Europese Unie (exclusief Nederland);Personen in eenoudergezin met moeder;2001;1242;928;763;314;479;23;188;-165
907;Mannen en vrouwen;Europese Unie (exclusief Nederland);Personen in eenoudergezin met moeder;2002;1116;1030;812;86;304;31;249;-218
908;Mannen en vrouwen;Europese Unie (exclusief Nederland);Personen in eenoudergezin met moeder;2003;1052;1116;873;-64;179;29;272;-243
909;Mannen en vrouwen;Europese Unie (exclusief Nederland);Personen in eenoudergezin met moeder;2004;961;1158;909;-197;52;51;300;-249
910;Mannen en vrouwen;Europese Unie (exclusief Nederland);Personen in eenoudergezin met moeder;2005;1373;1234;969;139;404;43;308;-265
911;Mannen en vrouwen;Europese Unie (exclusief Nederland);Personen in eenoudergezin met moeder;2006;1404;1385;1009;19;395;57;433;-376
912;Mannen en vrouwen;Europese Unie (exclusief Nederland);Personen in eenoudergezin met moeder;2007;1986;1311;1042;675;944;75;344;-269
913;Mannen en vrouwen;Europese Unie (exclusief Nederland);Personen in eenoudergezin met moeder;2008;2364;1455;1166;909;1198;65;354;-289
914;Mannen en vrouwen;Europese Unie (exclusief Nederland);Personen in eenoudergezin met moeder;2009;2107;1456;1161;651;946;86;381;-295
915;Mannen en vrouwen;Europese Unie (exclusief Nederland);Personen in samenwonend paar met kin...;1995;251;132;103;119;148;0;29;-29
916;Mannen en vrouwen;Europese Unie (exclusief Nederland);Personen in samenwonend paar met kin...;1996;414;140;112;274;302;0;28;-28
917;Mannen en vrouwen;Europese Unie (exclusief Nederland);Personen in samenwonend paar met kin...;1997;353;154;120;199;233;2;36;-34
918;Mannen en vrouwen;Europese Unie (exclusief Nederland);Personen in samenwonend paar met kin...;1998;349;193;141;156;208;0;52;-52
919;Mannen en vrouwen;Europese Unie (exclusief Nederland);Personen in samenwonend paar met kin...;1999;387;225;168;162;219;0;57;-57
920;Mannen en vrouwen;Europese Unie (exclusief Nederland);Personen in samenwonend paar met kin...;2000;366;209;175;157;191;1;35;-34
921;Mannen en vrouwen;Europese Unie (exclusief Nederland);Personen in samenwonend paar met kin...;2001;437;235;164;202;273;1;72;-71
922;Mannen en vrouwen;Europese Unie (exclusief Nederland);Personen in samenwonend paar met kin...;2002;204;255;177;-51;27;2;80;-78
923;Mannen en vrouwen;Europese Unie (exclusief Nederland);Personen in samenwonend paar met kin...;2003;207;311;215;-104;-8;3;99;-96
924;Mannen en vrouwen;Europese Unie (exclusief Nederland);Personen in samenwonend paar met kin...;2004;227;304;227;-77;0;11;88;-77
925;Mannen en vrouwen;Europese Unie (exclusief Nederland);Personen in samenwonend paar met kin...;2005;303;383;287;-80;16;5;101;-96
926;Mannen en vrouwen;Europese Unie (exclusief Nederland);Personen in samenwonend paar met kin...;2006;385;337;243;48;142;9;103;-94
927;Mannen en vrouwen;Europese Unie (exclusief Nederland);Personen in samenwonend paar met kin...;2007;548;381;303;167;245;18;96;-78
928;Mannen en vrouwen;Europese Unie (exclusief Nederland);Personen in samenwonend paar met kin...;2008;664;343;269;321;395;17;91;-74
929;Mannen en vrouwen;Europese Unie (exclusief Nederland);Personen in samenwonend paar met kin...;2009;521;408;301;113;220;13;120;-107
930;Mannen en vrouwen;Europese Unie (exclusief Nederland);Alleengaanden;1995;11416;9178;5513;2238;5903;462;4127;-3665
931;Mannen en vrouwen;Europese Unie (exclusief Nederland);Alleengaanden;1996;14430;11340;5848;3090;8582;739;6231;-5492
932;Mannen en vrouwen;Europese Unie (exclusief Nederland);Alleengaanden;1997;15535;9369;5861;6166;9674;725;4233;-3508
933;Mannen en vrouwen;Europese Unie (exclusief Nederland);Alleengaanden;1998;16618;9940;5934;6678;10684;657;4663;-4006
934;Mannen en vrouwen;Europese Unie (exclusief Nederland);Alleengaanden;1999;17317;9605;5861;7712;11456;654;4398;-3744
935;Mannen en vrouwen;Europese Unie (exclusief Nederland);Alleengaanden;2000;18377;9138;6126;9239;12251;732;3744;-3012
936;Mannen en vrouwen;Europese Unie (exclusief Nederland);Alleengaanden;2001;18334;9214;6108;9120;12226;672;3778;-3106
937;Mannen en vrouwen;Europese Unie (exclusief Nederland);Alleengaanden;2002;17070;11386;6422;5684;10648;864;5828;-4964
938;Mannen en vrouwen;Europese Unie (exclusief Nederland);Alleengaanden;2003;15658;11114;6371;4544;9287;974;5717;-4743
939;Mannen en vrouwen;Europese Unie (exclusief Nederland);Alleengaanden;2004;15101;12395;6696;2706;8405;1013;6712;-5699
940;Mannen en vrouwen;Europese Unie (exclusief Nederland);Alleengaanden;2005;22282;13696;7952;8586;14330;1156;6900;-5744
941;Mannen en vrouwen;Europese Unie (exclusief Nederland);Alleengaanden;2006;25498;17001;8897;8497;16601;1434;9538;-8104
942;Mannen en vrouwen;Europese Unie (exclusief Nederland);Alleengaanden;2007;37645;17325;10114;20320;27531;1863;9074;-7211
943;Mannen en vrouwen;Europese Unie (exclusief Nederland);Alleengaanden;2008;48407;21238;12432;27169;35975;2204;11010;-8806
944;Mannen en vrouwen;Europese Unie (exclusief Nederland);Alleengaanden;2009;47019;26426;15228;20593;31791;2692;13890;-11198
945;Mannen en vrouwen;Afghanistan;Totaal personen;1995;1480;35;15;1445;1465;15;35;-20
946;Mannen en vrouwen;Afghanistan;Totaal personen;1996;2848;108;32;2740;2816;12;88;-76
947;Mannen en vrouwen;Afghanistan;Totaal personen;1997;3664;56;15;3608;3649;16;57;-41
948;Mannen en vrouwen;Afghanistan;Totaal personen;1998;3936;109;35;3827;3901;22;96;-74
949;Mannen en vrouwen;Afghanistan;Totaal personen;1999;5506;204;52;5302;5454;25;177;-152
950;Mannen en vrouwen;Afghanistan;Totaal personen;2000;4610;214;65;4396;4545;32;181;-149
951;Mannen en vrouwen;Afghanistan;Totaal personen;2001;4473;267;101;4206;4372;49;215;-166
952;Mannen en vrouwen;Afghanistan;Totaal personen;2002;2824;389;153;2435;2671;55;291;-236
953;Mannen en vrouwen;Afghanistan;Totaal personen;2003;1838;654;237;1184;1601;52;469;-417
954;Mannen en vrouwen;Afghanistan;Totaal personen;2004;865;655;281;210;584;76;450;-374
955;Mannen en vrouwen;Afghanistan;Totaal personen;2005;773;1149;535;-376;238;92;706;-614
956;Mannen en vrouwen;Afghanistan;Totaal personen;2006;648;1256;778;-608;-130;154;632;-478
957;Mannen en vrouwen;Afghanistan;Totaal personen;2007;521;928;742;-407;-221;242;428;-186
958;Mannen en vrouwen;Afghanistan;Totaal personen;2008;620;820;679;-200;-59;191;332;-141
959;Mannen en vrouwen;Afghanistan;Totaal personen;2009;1094;705;569;389;525;160;296;-136
960;Mannen en vrouwen;Afghanistan;Totaal in gezinsverband;1995;550;21;6;529;544;0;15;-15
961;Mannen en vrouwen;Afghanistan;Totaal in gezinsverband;1996;1038;41;5;997;1033;2;38;-36
962;Mannen en vrouwen;Afghanistan;Totaal in gezinsverband;1997;1390;18;0;1372;1390;4;22;-18
963;Mannen en vrouwen;Afghanistan;Totaal in gezinsverband;1998;1391;38;9;1353;1382;9;38;-29
964;Mannen en vrouwen;Afghanistan;Totaal in gezinsverband;1999;1843;59;14;1784;1829;3;48;-45
965;Mannen en vrouwen;Afghanistan;Totaal in gezinsverband;2000;1959;68;17;1891;1942;0;51;-51
966;Mannen en vrouwen;Afghanistan;Totaal in gezinsverband;2001;1842;96;39;1746;1803;16;73;-57
967;Mannen en vrouwen;Afghanistan;Totaal in gezinsverband;2002;1144;168;71;976;1073;1;98;-97
968;Mannen en vrouwen;Afghanistan;Totaal in gezinsverband;2003;555;225;97;330;458;7;135;-128
969;Mannen en vrouwen;Afghanistan;Totaal in gezinsverband;2004;189;240;117;-51;72;5;128;-123
970;Mannen en vrouwen;Afghanistan;Totaal in gezinsverband;2005;268;436;256;-168;12;12;192;-180
971;Mannen en vrouwen;Afghanistan;Totaal in gezinsverband;2006;167;561;410;-394;-243;25;176;-151
972;Mannen en vrouwen;Afghanistan;Totaal in gezinsverband;2007;96;460;408;-364;-312;63;115;-52
973;Mannen en vrouwen;Afghanistan;Totaal in gezinsverband;2008;121;363;331;-242;-210;21;53;-32
974;Mannen en vrouwen;Afghanistan;Totaal in gezinsverband;2009;263;329;295;-66;-32;9;43;-34
975;Mannen en vrouwen;Afghanistan;Personen in echtpaar;1995;314;19;5;295;309;0;14;-14
976;Mannen en vrouwen;Afghanistan;Personen in echtpaar;1996;609;37;3;572;606;0;34;-34
977;Mannen en vrouwen;Afghanistan;Personen in echtpaar;1997;648;18;0;630;648;0;18;-18
978;Mannen en vrouwen;Afghanistan;Personen in echtpaar;1998;579;30;2;549;577;5;33;-28
979;Mannen en vrouwen;Afghanistan;Personen in echtpaar;1999;810;40;7;770;803;0;33;-33
980;Mannen en vrouwen;Afghanistan;Personen in echtpaar;2000;922;30;7;892;915;0;23;-23
981;Mannen en vrouwen;Afghanistan;Personen in echtpaar;2001;945;72;27;873;918;13;58;-45
982;Mannen en vrouwen;Afghanistan;Personen in echtpaar;2002;443;111;43;332;400;0;68;-68
983;Mannen en vrouwen;Afghanistan;Personen in echtpaar;2003;169;138;55;31;114;3;86;-83
984;Mannen en vrouwen;Afghanistan;Personen in echtpaar;2004;44;167;78;-123;-34;5;94;-89
985;Mannen en vrouwen;Afghanistan;Personen in echtpaar;2005;17;289;184;-272;-167;12;117;-105
986;Mannen en vrouwen;Afghanistan;Personen in echtpaar;2006;20;325;242;-305;-222;18;101;-83
987;Mannen en vrouwen;Afghanistan;Personen in echtpaar;2007;34;319;275;-285;-241;34;78;-44
988;Mannen en vrouwen;Afghanistan;Personen in echtpaar;2008;29;207;198;-178;-169;13;22;-9
989;Mannen en vrouwen;Afghanistan;Personen in echtpaar;2009;112;235;207;-123;-95;4;32;-28
990;Mannen en vrouwen;Afghanistan;Personen in eenoudergezin met vader;1995;13;0;0;13;13;0;0;0
991;Mannen en vrouwen;Afghanistan;Personen in eenoudergezin met vader;1996;38;2;1;36;37;0;1;-1
992;Mannen en vrouwen;Afghanistan;Personen in eenoudergezin met vader;1997;36;0;0;36;36;0;0;0
993;Mannen en vrouwen;Afghanistan;Personen in eenoudergezin met vader;1998;74;4;4;70;70;0;0;0
994;Mannen en vrouwen;Afghanistan;Personen in eenoudergezin met vader;1999;72;1;3;71;69;2;0;2
995;Mannen en vrouwen;Afghanistan;Personen in eenoudergezin met vader;2000;77;2;0;75;77;0;2;-2
996;Mannen en vrouwen;Afghanistan;Personen in eenoudergezin met vader;2001;78;1;1;77;77;0;0;0
997;Mannen en vrouwen;Afghanistan;Personen in eenoudergezin met vader;2002;45;4;3;41;42;1;2;-1
998;Mannen en vrouwen;Afghanistan;Personen in eenoudergezin met vader;2003;12;6;3;6;9;0;3;-3
999;Mannen en vrouwen;Afghanistan;Personen in eenoudergezin met vader;2004;3;6;3;-3;0;0;3;-3
1000;Mannen en vrouwen;Afghanistan;Personen in eenoudergezin met vader;2005;7;7;5;0;2;0;2;-2
1001;Mannen en vrouwen;Afghanistan;Personen in eenoudergezin met vader;2006;1;34;18;-33;-17;0;16;-16
1002;Mannen en vrouwen;Afghanistan;Personen in eenoudergezin met vader;2007;4;12;18;-8;-14;7;1;6
1003;Mannen en vrouwen;Afghanistan;Personen in eenoudergezin met vader;2008;4;13;15;-9;-11;3;1;2
1004;Mannen en vrouwen;Afghanistan;Personen in eenoudergezin met vader;2009;7;4;4;3;3;0;0;0
1005;Mannen en vrouwen;Afghanistan;Personen in eenoudergezin met moeder;1995;97;2;1;95;96;0;1;-1
1006;Mannen en vrouwen;Afghanistan;Personen in eenoudergezin met moeder;1996;282;-1;1;283;281;2;0;2
1007;Mannen en vrouwen;Afghanistan;Personen in eenoudergezin met moeder;1997;492;2;0;490;492;0;2;-2
1008;Mannen en vrouwen;Afghanistan;Personen in eenoudergezin met moeder;1998;468;3;3;465;465;4;4;0
1009;Mannen en vrouwen;Afghanistan;Personen in eenoudergezin met moeder;1999;595;19;4;576;591;0;15;-15
1010;Mannen en vrouwen;Afghanistan;Personen in eenoudergezin met moeder;2000;629;25;5;604;624;0;20;-20
1011;Mannen en vrouwen;Afghanistan;Personen in eenoudergezin met moeder;2001;508;18;11;490;497;3;10;-7
1012;Mannen en vrouwen;Afghanistan;Personen in eenoudergezin met moeder;2002;490;46;25;444;465;0;21;-21
1013;Mannen en vrouwen;Afghanistan;Personen in eenoudergezin met moeder;2003;331;67;32;264;299;4;39;-35
1014;Mannen en vrouwen;Afghanistan;Personen in eenoudergezin met moeder;2004;136;56;29;80;107;0;27;-27
1015;Mannen en vrouwen;Afghanistan;Personen in eenoudergezin met moeder;2005;232;101;59;131;173;0;42;-42
1016;Mannen en vrouwen;Afghanistan;Personen in eenoudergezin met moeder;2006;142;172;133;-30;9;7;46;-39
1017;Mannen en vrouwen;Afghanistan;Personen in eenoudergezin met moeder;2007;48;92;87;-44;-39;18;23;-5
1018;Mannen en vrouwen;Afghanistan;Personen in eenoudergezin met moeder;2008;72;136;114;-64;-42;4;26;-22
1019;Mannen en vrouwen;Afghanistan;Personen in eenoudergezin met moeder;2009;108;83;74;25;34;2;11;-9
1020;Mannen en vrouwen;Afghanistan;Personen in samenwonend paar met kin...;1995;126;0;0;126;126;0;0;0
1021;Mannen en vrouwen;Afghanistan;Personen in samenwonend paar met kin...;1996;109;3;0;106;109;0;3;-3
1022;Mannen en vrouwen;Afghanistan;Personen in samenwonend paar met kin...;1997;214;-2;0;216;214;4;2;2
1023;Mannen en vrouwen;Afghanistan;Personen in samenwonend paar met kin...;1998;270;1;0;269;270;0;1;-1
1024;Mannen en vrouwen;Afghanistan;Personen in samenwonend paar met kin...;1999;366;-1;0;367;366;1;0;1
1025;Mannen en vrouwen;Afghanistan;Personen in samenwonend paar met kin...;2000;331;11;5;320;326;0;6;-6
1026;Mannen en vrouwen;Afghanistan;Personen in samenwonend paar met kin...;2001;311;5;0;306;311;0;5;-5
1027;Mannen en vrouwen;Afghanistan;Personen in samenwonend paar met kin...;2002;166;7;0;159;166;0;7;-7
1028;Mannen en vrouwen;Afghanistan;Personen in samenwonend paar met kin...;2003;43;14;7;29;36;0;7;-7
1029;Mannen en vrouwen;Afghanistan;Personen in samenwonend paar met kin...;2004;6;11;7;-5;-1;0;4;-4
1030;Mannen en vrouwen;Afghanistan;Personen in samenwonend paar met kin...;2005;12;39;8;-27;4;0;31;-31
1031;Mannen en vrouwen;Afghanistan;Personen in samenwonend paar met kin...;2006;4;30;17;-26;-13;0;13;-13
1032;Mannen en vrouwen;Afghanistan;Personen in samenwonend paar met kin...;2007;10;37;28;-27;-18;4;13;-9
1033;Mannen en vrouwen;Afghanistan;Personen in samenwonend paar met kin...;2008;16;7;4;9;12;1;4;-3
1034;Mannen en vrouwen;Afghanistan;Personen in samenwonend paar met kin...;2009;36;7;10;29;26;3;0;3
1035;Mannen en vrouwen;Afghanistan;Alleengaanden;1995;930;14;9;916;921;15;20;-5
1036;Mannen en vrouwen;Afghanistan;Alleengaanden;1996;1810;67;27;1743;1783;10;50;-40
1037;Mannen en vrouwen;Afghanistan;Alleengaanden;1997;2274;38;15;2236;2259;12;35;-23
1038;Mannen en vrouwen;Afghanistan;Alleengaanden;1998;2545;71;26;2474;2519;13;58;-45
1039;Mannen en vrouwen;Afghanistan;Alleengaanden;1999;3663;145;38;3518;3625;22;129;-107
1040;Mannen en vrouwen;Afghanistan;Alleengaanden;2000;2651;146;48;2505;2603;32;130;-98
1041;Mannen en vrouwen;Afghanistan;Alleengaanden;2001;2631;171;62;2460;2569;33;142;-109
1042;Mannen en vrouwen;Afghanistan;Alleengaanden;2002;1680;221;82;1459;1598;54;193;-139
1043;Mannen en vrouwen;Afghanistan;Alleengaanden;2003;1283;429;140;854;1143;45;334;-289
1044;Mannen en vrouwen;Afghanistan;Alleengaanden;2004;676;415;164;261;512;71;322;-251
1045;Mannen en vrouwen;Afghanistan;Alleengaanden;2005;505;713;279;-208;226;80;514;-434
1046;Mannen en vrouwen;Afghanistan;Alleengaanden;2006;481;695;368;-214;113;129;456;-327
1047;Mannen en vrouwen;Afghanistan;Alleengaanden;2007;425;468;334;-43;91;179;313;-134
1048;Mannen en vrouwen;Afghanistan;Alleengaanden;2008;499;457;348;42;151;170;279;-109
1049;Mannen en vrouwen;Afghanistan;Alleengaanden;2009;831;376;274;455;557;151;253;-102
1050;Mannen en vrouwen;Albanië;Totaal personen;1995;34;13;6;21;28;0;7;-7
1051;Mannen en vrouwen;Albanië;Totaal personen;1996;48;16;3;32;45;2;15;-13
1052;Mannen en vrouwen;Albanië;Totaal personen;1997;55;17;8;38;47;0;9;-9
1053;Mannen en vrouwen;Albanië;Totaal personen;1998;107;18;6;89;101;0;12;-12
1054;Mannen en vrouwen;Albanië;Totaal personen;1999;73;14;7;59;66;2;9;-7
1055;Mannen en vrouwen;Albanië;Totaal personen;2000;95;24;9;71;86;1;16;-15
1056;Mannen en vrouwen;Albanië;Totaal personen;2001;114;21;11;93;103;3;13;-10
1057;Mannen en vrouwen;Albanië;Totaal personen;2002;98;34;14;64;84;3;23;-20
1058;Mannen en vrouwen;Albanië;Totaal personen;2003;78;31;9;47;69;5;27;-22
1059;Mannen en vrouwen;Albanië;Totaal personen;2004;72;60;11;12;61;6;55;-49
1060;Mannen en vrouwen;Albanië;Totaal personen;2005;48;41;19;7;29;4;26;-22
1061;Mannen en vrouwen;Albanië;Totaal personen;2006;61;45;13;16;48;7;39;-32
1062;Mannen en vrouwen;Albanië;Totaal personen;2007;61;44;23;17;38;8;29;-21
1063;Mannen en vrouwen;Albanië;Totaal personen;2008;110;27;15;83;95;13;25;-12
1064;Mannen en vrouwen;Albanië;Totaal personen;2009;160;61;33;99;127;9;37;-28
1065;Mannen en vrouwen;Albanië;Totaal in gezinsverband;1995;6;3;3;3;3;0;0;0
1066;Mannen en vrouwen;Albanië;Totaal in gezinsverband;1996;1;5;0;-4;1;0;5;-5
1067;Mannen en vrouwen;Albanië;Totaal in gezinsverband;1997;2;5;2;-3;0;0;3;-3
1068;Mannen en vrouwen;Albanië;Totaal in gezinsverband;1998;13;1;1;12;12;0;0;0
1069;Mannen en vrouwen;Albanië;Totaal in gezinsverband;1999;11;2;2;9;9;0;0;0
1070;Mannen en vrouwen;Albanië;Totaal in gezinsverband;2000;16;5;5;11;11;0;0;0
1071;Mannen en vrouwen;Albanië;Totaal in gezinsverband;2001;8;5;3;3;5;0;2;-2
1072;Mannen en vrouwen;Albanië;Totaal in gezinsverband;2002;1;8;7;-7;-6;0;1;-1
1073;Mannen en vrouwen;Albanië;Totaal in gezinsverband;2003;3;9;3;-6;0;0;6;-6
1074;Mannen en vrouwen;Albanië;Totaal in gezinsverband;2004;2;14;3;-12;-1;1;12;-11
1075;Mannen en vrouwen;Albanië;Totaal in gezinsverband;2005;0;8;7;-8;-7;0;1;-1
1076;Mannen en vrouwen;Albanië;Totaal in gezinsverband;2006;2;11;4;-9;-2;0;7;-7
1077;Mannen en vrouwen;Albanië;Totaal in gezinsverband;2007;3;9;4;-6;-1;1;6;-5
1078;Mannen en vrouwen;Albanië;Totaal in gezinsverband;2008;7;1;2;6;5;3;2;1
1079;Mannen en vrouwen;Albanië;Totaal in gezinsverband;2009;4;12;9;-8;-5;1;4;-3
1080;Mannen en vrouwen;Albanië;Personen in echtpaar;1995;0;3;3;-3;-3;0;0;0
1081;Mannen en vrouwen;Albanië;Personen in echtpaar;1996;1;0;0;1;1;0;0;0
1082;Mannen en vrouwen;Albanië;Personen in echtpaar;1997;0;0;0;0;0;0;0;0
1083;Mannen en vrouwen;Albanië;Personen in echtpaar;1998;11;0;0;11;11;0;0;0
1084;Mannen en vrouwen;Albanië;Personen in echtpaar;1999;7;2;2;5;5;0;0;0
1085;Mannen en vrouwen;Albanië;Personen in echtpaar;2000;9;3;3;6;6;0;0;0
1086;Mannen en vrouwen;Albanië;Personen in echtpaar;2001;6;5;3;1;3;0;2;-2
1087;Mannen en vrouwen;Albanië;Personen in echtpaar;2002;0;7;7;-7;-7;0;0;0
1088;Mannen en vrouwen;Albanië;Personen in echtpaar;2003;2;7;3;-5;-1;0;4;-4
1089;Mannen en vrouwen;Albanië;Personen in echtpaar;2004;0;10;1;-10;-1;1;10;-9
1090;Mannen en vrouwen;Albanië;Personen in echtpaar;2005;0;5;5;-5;-5;0;0;0
1091;Mannen en vrouwen;Albanië;Personen in echtpaar;2006;0;7;4;-7;-4;0;3;-3
1092;Mannen en vrouwen;Albanië;Personen in echtpaar;2007;3;6;4;-3;-1;0;2;-2
1093;Mannen en vrouwen;Albanië;Personen in echtpaar;2008;0;3;2;-3;-2;1;2;-1
1094;Mannen en vrouwen;Albanië;Personen in echtpaar;2009;2;11;9;-9;-7;1;3;-2
1095;Mannen en vrouwen;Albanië;Personen in eenoudergezin met vader;1995;0;0;0;0;0;0;0;0
1096;Mannen en vrouwen;Albanië;Personen in eenoudergezin met vader;1996;0;0;0;0;0;0;0;0
1097;Mannen en vrouwen;Albanië;Personen in eenoudergezin met vader;1997;0;0;0;0;0;0;0;0
1098;Mannen en vrouwen;Albanië;Personen in eenoudergezin met vader;1998;0;0;0;0;0;0;0;0
1099;Mannen en vrouwen;Albanië;Personen in eenoudergezin met vader;1999;1;0;0;1;1;0;0;0
1100;Mannen en vrouwen;Albanië;Personen in eenoudergezin met vader;2000;0;0;0;0;0;0;0;0
1101;Mannen en vrouwen;Albanië;Personen in eenoudergezin met vader;2001;0;0;0;0;0;0;0;0
1102;Mannen en vrouwen;Albanië;Personen in eenoudergezin met vader;2002;0;0;0;0;0;0;0;0
1103;Mannen en vrouwen;Albanië;Personen in eenoudergezin met vader;2003;0;0;0;0;0;0;0;0
1104;Mannen en vrouwen;Albanië;Personen in eenoudergezin met vader;2004;0;0;0;0;0;0;0;0
1105;Mannen en vrouwen;Albanië;Personen in eenoudergezin met vader;2005;0;0;0;0;0;0;0;0
1106;Mannen en vrouwen;Albanië;Personen in eenoudergezin met vader;2006;0;0;0;0;0;0;0;0
1107;Mannen en vrouwen;Albanië;Personen in eenoudergezin met vader;2007;0;0;0;0;0;0;0;0
1108;Mannen en vrouwen;Albanië;Personen in eenoudergezin met vader;2008;3;0;0;3;3;0;0;0
1109;Mannen en vrouwen;Albanië;Personen in eenoudergezin met vader;2009;0;0;0;0;0;0;0;0
1110;Mannen en vrouwen;Albanië;Personen in eenoudergezin met moeder;1995;2;0;0;2;2;0;0;0
1111;Mannen en vrouwen;Albanië;Personen in eenoudergezin met moeder;1996;0;0;0;0;0;0;0;0
1112;Mannen en vrouwen;Albanië;Personen in eenoudergezin met moeder;1997;0;5;2;-5;-2;0;3;-3
1113;Mannen en vrouwen;Albanië;Personen in eenoudergezin met moeder;1998;2;1;1;1;1;0;0;0
1114;Mannen en vrouwen;Albanië;Personen in eenoudergezin met moeder;1999;3;0;0;3;3;0;0;0
1115;Mannen en vrouwen;Albanië;Personen in eenoudergezin met moeder;2000;5;2;2;3;3;0;0;0
1116;Mannen en vrouwen;Albanië;Personen in eenoudergezin met moeder;2001;2;0;0;2;2;0;0;0
1117;Mannen en vrouwen;Albanië;Personen in eenoudergezin met moeder;2002;1;1;0;0;1;0;1;-1
1118;Mannen en vrouwen;Albanië;Personen in eenoudergezin met moeder;2003;1;2;0;-1;1;0;2;-2
1119;Mannen en vrouwen;Albanië;Personen in eenoudergezin met moeder;2004;2;2;0;0;2;0;2;-2
1120;Mannen en vrouwen;Albanië;Personen in eenoudergezin met moeder;2005;0;3;2;-3;-2;0;1;-1
1121;Mannen en vrouwen;Albanië;Personen in eenoudergezin met moeder;2006;2;4;0;-2;2;0;4;-4
1122;Mannen en vrouwen;Albanië;Personen in eenoudergezin met moeder;2007;0;3;0;-3;0;1;4;-3
1123;Mannen en vrouwen;Albanië;Personen in eenoudergezin met moeder;2008;4;-2;0;6;4;2;0;2
1124;Mannen en vrouwen;Albanië;Personen in eenoudergezin met moeder;2009;2;1;0;1;2;0;1;-1
1125;Mannen en vrouwen;Albanië;Personen in samenwonend paar met kin...;1995;4;0;0;4;4;0;0;0
1126;Mannen en vrouwen;Albanië;Personen in samenwonend paar met kin...;1996;0;5;0;-5;0;0;5;-5
1127;Mannen en vrouwen;Albanië;Personen in samenwonend paar met kin...;1997;2;0;0;2;2;0;0;0
1128;Mannen en vrouwen;Albanië;Personen in samenwonend paar met kin...;1998;0;0;0;0;0;0;0;0
1129;Mannen en vrouwen;Albanië;Personen in samenwonend paar met kin...;1999;0;0;0;0;0;0;0;0
1130;Mannen en vrouwen;Albanië;Personen in samenwonend paar met kin...;2000;2;0;0;2;2;0;0;0
1131;Mannen en vrouwen;Albanië;Personen in samenwonend paar met kin...;2001;0;0;0;0;0;0;0;0
1132;Mannen en vrouwen;Albanië;Personen in samenwonend paar met kin...;2002;0;0;0;0;0;0;0;0
1133;Mannen en vrouwen;Albanië;Personen in samenwonend paar met kin...;2003;0;0;0;0;0;0;0;0
1134;Mannen en vrouwen;Albanië;Personen in samenwonend paar met kin...;2004;0;2;2;-2;-2;0;0;0
1135;Mannen en vrouwen;Albanië;Personen in samenwonend paar met kin...;2005;0;0;0;0;0;0;0;0
1136;Mannen en vrouwen;Albanië;Personen in samenwonend paar met kin...;2006;0;0;0;0;0;0;0;0
1137;Mannen en vrouwen;Albanië;Personen in samenwonend paar met kin...;2007;0;0;0;0;0;0;0;0
1138;Mannen en vrouwen;Albanië;Personen in samenwonend paar met kin...;2008;0;0;0;0;0;0;0;0
1139;Mannen en vrouwen;Albanië;Personen in samenwonend paar met kin...;2009;0;0;0;0;0;0;0;0
1140;Mannen en vrouwen;Albanië;Alleengaanden;1995;28;10;3;18;25;0;7;-7
1141;Mannen en vrouwen;Albanië;Alleengaanden;1996;47;11;3;36;44;2;10;-8
1142;Mannen en vrouwen;Albanië;Alleengaanden;1997;53;12;6;41;47;0;6;-6
1143;Mannen en vrouwen;Albanië;Alleengaanden;1998;94;17;5;77;89;0;12;-12
1144;Mannen en vrouwen;Albanië;Alleengaanden;1999;62;12;5;50;57;2;9;-7
1145;Mannen en vrouwen;Albanië;Alleengaanden;2000;79;19;4;60;75;1;16;-15
1146;Mannen en vrouwen;Albanië;Alleengaanden;2001;106;16;8;90;98;3;11;-8
1147;Mannen en vrouwen;Albanië;Alleengaanden;2002;97;26;7;71;90;3;22;-19
1148;Mannen en vrouwen;Albanië;Alleengaanden;2003;75;22;6;53;69;5;21;-16
1149;Mannen en vrouwen;Albanië;Alleengaanden;2004;70;46;8;24;62;5;43;-38
1150;Mannen en vrouwen;Albanië;Alleengaanden;2005;48;33;12;15;36;4;25;-21
1151;Mannen en vrouwen;Albanië;Alleengaanden;2006;59;34;9;25;50;7;32;-25
1152;Mannen en vrouwen;Albanië;Alleengaanden;2007;58;35;19;23;39;7;23;-16
1153;Mannen en vrouwen;Albanië;Alleengaanden;2008;103;26;13;77;90;10;23;-13
1154;Mannen en vrouwen;Albanië;Alleengaanden;2009;156;49;24;107;132;8;33;-25
1155;Mannen en vrouwen;Algerije;Totaal personen;1995;448;98;49;350;399;27;76;-49
1156;Mannen en vrouwen;Algerije;Totaal personen;1996;382;128;43;254;339;36;121;-85
1157;Mannen en vrouwen;Algerije;Totaal personen;1997;333;149;48;184;285;31;132;-101
1158;Mannen en vrouwen;Algerije;Totaal personen;1998;351;119;34;232;317;41;126;-85
1159;Mannen en vrouwen;Algerije;Totaal personen;1999;309;131;39;178;270;24;116;-92
1160;Mannen en vrouwen;Algerije;Totaal personen;2000;327;131;41;196;286;42;132;-90
1161;Mannen en vrouwen;Algerije;Totaal personen;2001;260;133;52;127;208;37;118;-81
1162;Mannen en vrouwen;Algerije;Totaal personen;2002;241;201;62;40;179;37;176;-139
1163;Mannen en vrouwen;Algerije;Totaal personen;2003;158;206;48;-48;110;55;213;-158
1164;Mannen en vrouwen;Algerije;Totaal personen;2004;149;181;54;-32;95;38;165;-127
1165;Mannen en vrouwen;Algerije;Totaal personen;2005;103;218;74;-115;29;32;176;-144
1166;Mannen en vrouwen;Algerije;Totaal personen;2006;114;190;83;-76;31;56;163;-107
1167;Mannen en vrouwen;Algerije;Totaal personen;2007;109;128;75;-19;34;71;124;-53
1168;Mannen en vrouwen;Algerije;Totaal personen;2008;153;76;71;77;82;107;112;-5
1169;Mannen en vrouwen;Algerije;Totaal personen;2009;116;103;69;13;47;48;82;-34
1170;Mannen en vrouwen;Algerije;Totaal in gezinsverband;1995;45;25;19;20;26;0;6;-6
1171;Mannen en vrouwen;Algerije;Totaal in gezinsverband;1996;18;20;16;-2;2;4;8;-4
1172;Mannen en vrouwen;Algerije;Totaal in gezinsverband;1997;39;18;14;21;25;0;4;-4
1173;Mannen en vrouwen;Algerije;Totaal in gezinsverband;1998;27;17;13;10;14;2;6;-4
1174;Mannen en vrouwen;Algerije;Totaal in gezinsverband;1999;30;20;14;10;16;2;8;-6
1175;Mannen en vrouwen;Algerije;Totaal in gezinsverband;2000;36;23;16;13;20;1;8;-7
1176;Mannen en vrouwen;Algerije;Totaal in gezinsverband;2001;37;28;24;9;13;1;5;-4
1177;Mannen en vrouwen;Algerije;Totaal in gezinsverband;2002;24;49;34;-25;-10;3;18;-15
1178;Mannen en vrouwen;Algerije;Totaal in gezinsverband;2003;9;26;19;-17;-10;4;11;-7
1179;Mannen en vrouwen;Algerije;Totaal in gezinsverband;2004;7;46;24;-39;-17;1;23;-22
1180;Mannen en vrouwen;Algerije;Totaal in gezinsverband;2005;8;53;34;-45;-26;2;21;-19
1181;Mannen en vrouwen;Algerije;Totaal in gezinsverband;2006;10;42;31;-32;-21;5;16;-11
1182;Mannen en vrouwen;Algerije;Totaal in gezinsverband;2007;16;30;24;-14;-8;5;11;-6
1183;Mannen en vrouwen;Algerije;Totaal in gezinsverband;2008;17;26;20;-9;-3;2;8;-6
1184;Mannen en vrouwen;Algerije;Totaal in gezinsverband;2009;6;38;28;-32;-22;0;10;-10
1185;Mannen en vrouwen;Algerije;Personen in echtpaar;1995;18;18;14;0;4;0;4;-4
1186;Mannen en vrouwen;Algerije;Personen in echtpaar;1996;10;18;15;-8;-5;3;6;-3
1187;Mannen en vrouwen;Algerije;Personen in echtpaar;1997;19;13;11;6;8;0;2;-2
1188;Mannen en vrouwen;Algerije;Personen in echtpaar;1998;10;13;9;-3;1;0;4;-4
1189;Mannen en vrouwen;Algerije;Personen in echtpaar;1999;20;16;11;4;9;1;6;-5
1190;Mannen en vrouwen;Algerije;Personen in echtpaar;2000;19;16;10;3;9;0;6;-6
1191;Mannen en vrouwen;Algerije;Personen in echtpaar;2001;14;24;20;-10;-6;1;5;-4
1192;Mannen en vrouwen;Algerije;Personen in echtpaar;2002;12;36;25;-24;-13;1;12;-11
1193;Mannen en vrouwen;Algerije;Personen in echtpaar;2003;6;20;18;-14;-12;4;6;-2
1194;Mannen en vrouwen;Algerije;Personen in echtpaar;2004;1;38;21;-37;-20;0;17;-17
1195;Mannen en vrouwen;Algerije;Personen in echtpaar;2005;5;39;25;-34;-20;1;15;-14
1196;Mannen en vrouwen;Algerije;Personen in echtpaar;2006;5;25;20;-20;-15;5;10;-5
1197;Mannen en vrouwen;Algerije;Personen in echtpaar;2007;2;25;18;-23;-16;3;10;-7
1198;Mannen en vrouwen;Algerije;Personen in echtpaar;2008;1;20;16;-19;-15;0;4;-4
1199;Mannen en vrouwen;Algerije;Personen in echtpaar;2009;4;25;19;-21;-15;0;6;-6
1200;Mannen en vrouwen;Algerije;Personen in eenoudergezin met vader;1995;0;2;0;-2;0;0;2;-2
1201;Mannen en vrouwen;Algerije;Personen in eenoudergezin met vader;1996;0;1;0;-1;0;0;1;-1
1202;Mannen en vrouwen;Algerije;Personen in eenoudergezin met vader;1997;4;1;0;3;4;0;1;-1
1203;Mannen en vrouwen;Algerije;Personen in eenoudergezin met vader;1998;0;0;0;0;0;0;0;0
1204;Mannen en vrouwen;Algerije;Personen in eenoudergezin met vader;1999;0;1;0;-1;0;1;2;-1
1205;Mannen en vrouwen;Algerije;Personen in eenoudergezin met vader;2000;1;2;2;-1;-1;0;0;0
1206;Mannen en vrouwen;Algerije;Personen in eenoudergezin met vader;2001;0;3;3;-3;-3;0;0;0
1207;Mannen en vrouwen;Algerije;Personen in eenoudergezin met vader;2002;1;0;0;1;1;0;0;0
1208;Mannen en vrouwen;Algerije;Personen in eenoudergezin met vader;2003;0;1;0;-1;0;0;1;-1
1209;Mannen en vrouwen;Algerije;Personen in eenoudergezin met vader;2004;0;0;0;0;0;0;0;0
1210;Mannen en vrouwen;Algerije;Personen in eenoudergezin met vader;2005;0;1;1;-1;-1;1;1;0
1211;Mannen en vrouwen;Algerije;Personen in eenoudergezin met vader;2006;0;1;0;-1;0;0;1;-1
1212;Mannen en vrouwen;Algerije;Personen in eenoudergezin met vader;2007;0;2;2;-2;-2;0;0;0
1213;Mannen en vrouwen;Algerije;Personen in eenoudergezin met vader;2008;0;3;2;-3;-2;0;1;-1
1214;Mannen en vrouwen;Algerije;Personen in eenoudergezin met vader;2009;0;4;2;-4;-2;0;2;-2
1215;Mannen en vrouwen;Algerije;Personen in eenoudergezin met moeder;1995;20;5;5;15;15;0;0;0
1216;Mannen en vrouwen;Algerije;Personen in eenoudergezin met moeder;1996;6;1;1;5;5;1;1;0
1217;Mannen en vrouwen;Algerije;Personen in eenoudergezin met moeder;1997;15;4;3;11;12;0;1;-1
1218;Mannen en vrouwen;Algerije;Personen in eenoudergezin met moeder;1998;11;3;3;8;8;2;2;0
1219;Mannen en vrouwen;Algerije;Personen in eenoudergezin met moeder;1999;4;3;3;1;1;0;0;0
1220;Mannen en vrouwen;Algerije;Personen in eenoudergezin met moeder;2000;16;4;3;12;13;1;2;-1
1221;Mannen en vrouwen;Algerije;Personen in eenoudergezin met moeder;2001;15;1;1;14;14;0;0;0
1222;Mannen en vrouwen;Algerije;Personen in eenoudergezin met moeder;2002;9;9;7;0;2;2;4;-2
1223;Mannen en vrouwen;Algerije;Personen in eenoudergezin met moeder;2003;3;3;1;0;2;0;2;-2
1224;Mannen en vrouwen;Algerije;Personen in eenoudergezin met moeder;2004;6;5;1;1;5;1;5;-4
1225;Mannen en vrouwen;Algerije;Personen in eenoudergezin met moeder;2005;3;13;8;-10;-5;0;5;-5
1226;Mannen en vrouwen;Algerije;Personen in eenoudergezin met moeder;2006;3;16;11;-13;-8;0;5;-5
1227;Mannen en vrouwen;Algerije;Personen in eenoudergezin met moeder;2007;13;5;4;8;9;0;1;-1
1228;Mannen en vrouwen;Algerije;Personen in eenoudergezin met moeder;2008;14;3;2;11;12;2;3;-1
1229;Mannen en vrouwen;Algerije;Personen in eenoudergezin met moeder;2009;1;9;7;-8;-6;0;2;-2
1230;Mannen en vrouwen;Algerije;Personen in samenwonend paar met kin...;1995;7;0;0;7;7;0;0;0
1231;Mannen en vrouwen;Algerije;Personen in samenwonend paar met kin...;1996;2;0;0;2;2;0;0;0
1232;Mannen en vrouwen;Algerije;Personen in samenwonend paar met kin...;1997;1;0;0;1;1;0;0;0
1233;Mannen en vrouwen;Algerije;Personen in samenwonend paar met kin...;1998;6;1;1;5;5;0;0;0
1234;Mannen en vrouwen;Algerije;Personen in samenwonend paar met kin...;1999;6;0;0;6;6;0;0;0
1235;Mannen en vrouwen;Algerije;Personen in samenwonend paar met kin...;2000;0;1;1;-1;-1;0;0;0
1236;Mannen en vrouwen;Algerije;Personen in samenwonend paar met kin...;2001;8;0;0;8;8;0;0;0
1237;Mannen en vrouwen;Algerije;Personen in samenwonend paar met kin...;2002;2;4;2;-2;0;0;2;-2
1238;Mannen en vrouwen;Algerije;Personen in samenwonend paar met kin...;2003;0;2;0;-2;0;0;2;-2
1239;Mannen en vrouwen;Algerije;Personen in samenwonend paar met kin...;2004;0;3;2;-3;-2;0;1;-1
1240;Mannen en vrouwen;Algerije;Personen in samenwonend paar met kin...;2005;0;0;0;0;0;0;0;0
1241;Mannen en vrouwen;Algerije;Personen in samenwonend paar met kin...;2006;2;0;0;2;2;0;0;0
1242;Mannen en vrouwen;Algerije;Personen in samenwonend paar met kin...;2007;1;-2;0;3;1;2;0;2
1243;Mannen en vrouwen;Algerije;Personen in samenwonend paar met kin...;2008;2;0;0;2;2;0;0;0
1244;Mannen en vrouwen;Algerije;Personen in samenwonend paar met kin...;2009;1;0;0;1;1;0;0;0
1245;Mannen en vrouwen;Algerije;Alleengaanden;1995;403;73;30;330;373;27;70;-43
1246;Mannen en vrouwen;Algerije;Alleengaanden;1996;364;108;27;256;337;32;113;-81
1247;Mannen en vrouwen;Algerije;Alleengaanden;1997;294;131;34;163;260;31;128;-97
1248;Mannen en vrouwen;Algerije;Alleengaanden;1998;324;102;21;222;303;39;120;-81
1249;Mannen en vrouwen;Algerije;Alleengaanden;1999;279;111;25;168;254;22;108;-86
1250;Mannen en vrouwen;Algerije;Alleengaanden;2000;291;108;25;183;266;41;124;-83
1251;Mannen en vrouwen;Algerije;Alleengaanden;2001;223;105;28;118;195;36;113;-77
1252;Mannen en vrouwen;Algerije;Alleengaanden;2002;217;152;28;65;189;34;158;-124
1253;Mannen en vrouwen;Algerije;Alleengaanden;2003;149;180;29;-31;120;51;202;-151
1254;Mannen en vrouwen;Algerije;Alleengaanden;2004;142;135;30;7;112;37;142;-105
1255;Mannen en vrouwen;Algerije;Alleengaanden;2005;95;165;40;-70;55;30;155;-125
1256;Mannen en vrouwen;Algerije;Alleengaanden;2006;104;148;52;-44;52;51;147;-96
1257;Mannen en vrouwen;Algerije;Alleengaanden;2007;93;98;51;-5;42;66;113;-47
1258;Mannen en vrouwen;Algerije;Alleengaanden;2008;136;50;51;86;85;105;104;1
1259;Mannen en vrouwen;Algerije;Alleengaanden;2009;110;65;41;45;69;48;72;-24
1260;Mannen en vrouwen;Amerikaans Samoa;Totaal personen;1995;0;0;0;0;0;0;0;0
1261;Mannen en vrouwen;Amerikaans Samoa;Totaal personen;1996;0;0;0;0;0;0;0;0
1262;Mannen en vrouwen;Amerikaans Samoa;Totaal personen;1997;0;0;0;0;0;0;0;0
1263;Mannen en vrouwen;Amerikaans Samoa;Totaal personen;1998;0;0;0;0;0;0;0;0
1264;Mannen en vrouwen;Amerikaans Samoa;Totaal personen;1999;0;0;0;0;0;0;0;0
1265;Mannen en vrouwen;Amerikaans Samoa;Totaal personen;2000;1;0;0;1;1;0;0;0
1266;Mannen en vrouwen;Amerikaans Samoa;Totaal personen;2001;0;0;0;0;0;0;0;0
1267;Mannen en vrouwen;Amerikaans Samoa;Totaal personen;2002;1;0;0;1;1;0;0;0
1268;Mannen en vrouwen;Amerikaans Samoa;Totaal personen;2003;0;0;0;0;0;0;0;0
1269;Mannen en vrouwen;Amerikaans Samoa;Totaal personen;2004;1;0;0;1;1;0;0;0
1270;Mannen en vrouwen;Amerikaans Samoa;Totaal personen;2005;0;1;0;-1;0;0;1;-1
1271;Mannen en vrouwen;Amerikaans Samoa;Totaal personen;2006;0;0;0;0;0;0;0;0
1272;Mannen en vrouwen;Amerikaans Samoa;Totaal personen;2007;0;0;0;0;0;0;0;0
1273;Mannen en vrouwen;Amerikaans Samoa;Totaal personen;2008;0;0;0;0;0;0;0;0
1274;Mannen en vrouwen;Amerikaans Samoa;Totaal personen;2009;0;0;0;0;0;0;0;0
1275;Mannen en vrouwen;Amerikaans Samoa;Totaal in gezinsverband;1995;0;0;0;0;0;0;0;0
1276;Mannen en vrouwen;Amerikaans Samoa;Totaal in gezinsverband;1996;0;0;0;0;0;0;0;0
1277;Mannen en vrouwen;Amerikaans Samoa;Totaal in gezinsverband;1997;0;0;0;0;0;0;0;0
1278;Mannen en vrouwen;Amerikaans Samoa;Totaal in gezinsverband;1998;0;0;0;0;0;0;0;0
1279;Mannen en vrouwen;Amerikaans Samoa;Totaal in gezinsverband;1999;0;0;0;0;0;0;0;0
1280;Mannen en vrouwen;Amerikaans Samoa;Totaal in gezinsverband;2000;0;0;0;0;0;0;0;0
1281;Mannen en vrouwen;Amerikaans Samoa;Totaal in gezinsverband;2001;0;0;0;0;0;0;0;0
1282;Mannen en vrouwen;Amerikaans Samoa;Totaal in gezinsverband;2002;1;0;0;1;1;0;0;0
1283;Mannen en vrouwen;Amerikaans Samoa;Totaal in gezinsverband;2003;0;0;0;0;0;0;0;0
1284;Mannen en vrouwen;Amerikaans Samoa;Totaal in gezinsverband;2004;0;0;0;0;0;0;0;0
1285;Mannen en vrouwen;Amerikaans Samoa;Totaal in gezinsverband;2005;0;0;0;0;0;0;0;0
1286;Mannen en vrouwen;Amerikaans Samoa;Totaal in gezinsverband;2006;0;0;0;0;0;0;0;0
1287;Mannen en vrouwen;Amerikaans Samoa;Totaal in gezinsverband;2007;0;0;0;0;0;0;0;0
1288;Mannen en vrouwen;Amerikaans Samoa;Totaal in gezinsverband;2008;0;0;0;0;0;0;0;0
1289;Mannen en vrouwen;Amerikaans Samoa;Totaal in gezinsverband;2009;0;0;0;0;0;0;0;0
1290;Mannen en vrouwen;Amerikaans Samoa;Personen in echtpaar;1995;0;0;0;0;0;0;0;0
1291;Mannen en vrouwen;Amerikaans Samoa;Personen in echtpaar;1996;0;0;0;0;0;0;0;0
1292;Mannen en vrouwen;Amerikaans Samoa;Personen in echtpaar;1997;0;0;0;0;0;0;0;0
1293;Mannen en vrouwen;Amerikaans Samoa;Personen in echtpaar;1998;0;0;0;0;0;0;0;0
1294;Mannen en vrouwen;Amerikaans Samoa;Personen in echtpaar;1999;0;0;0;0;0;0;0;0
1295;Mannen en vrouwen;Amerikaans Samoa;Personen in echtpaar;2000;0;0;0;0;0;0;0;0
1296;Mannen en vrouwen;Amerikaans Samoa;Personen in echtpaar;2001;0;0;0;0;0;0;0;0
1297;Mannen en vrouwen;Amerikaans Samoa;Personen in echtpaar;2002;1;0;0;1;1;0;0;0
1298;Mannen en vrouwen;Amerikaans Samoa;Personen in echtpaar;2003;0;0;0;0;0;0;0;0
1299;Mannen en vrouwen;Amerikaans Samoa;Personen in echtpaar;2004;0;0;0;0;0;0;0;0
1300;Mannen en vrouwen;Amerikaans Samoa;Personen in echtpaar;2005;0;0;0;0;0;0;0;0
1301;Mannen en vrouwen;Amerikaans Samoa;Personen in echtpaar;2006;0;0;0;0;0;0;0;0
1302;Mannen en vrouwen;Amerikaans Samoa;Personen in echtpaar;2007;0;0;0;0;0;0;0;0
1303;Mannen en vrouwen;Amerikaans Samoa;Personen in echtpaar;2008;0;0;0;0;0;0;0;0
1304;Mannen en vrouwen;Amerikaans Samoa;Personen in echtpaar;2009;0;0;0;0;0;0;0;0
1305;Mannen en vrouwen;Amerikaans Samoa;Personen in eenoudergezin met vader;1995;0;0;0;0;0;0;0;0
1306;Mannen en vrouwen;Amerikaans Samoa;Personen in eenoudergezin met vader;1996;0;0;0;0;0;0;0;0
1307;Mannen en vrouwen;Amerikaans Samoa;Personen in eenoudergezin met vader;1997;0;0;0;0;0;0;0;0
1308;Mannen en vrouwen;Amerikaans Samoa;Personen in eenoudergezin met vader;1998;0;0;0;0;0;0;0;0
1309;Mannen en vrouwen;Amerikaans Samoa;Personen in eenoudergezin met vader;1999;0;0;0;0;0;0;0;0
1310;Mannen en vrouwen;Amerikaans Samoa;Personen in eenoudergezin met vader;2000;0;0;0;0;0;0;0;0
1311;Mannen en vrouwen;Amerikaans Samoa;Personen in eenoudergezin met vader;2001;0;0;0;0;0;0;0;0
1312;Mannen en vrouwen;Amerikaans Samoa;Personen in eenoudergezin met vader;2002;0;0;0;0;0;0;0;0
1313;Mannen en vrouwen;Amerikaans Samoa;Personen in eenoudergezin met vader;2003;0;0;0;0;0;0;0;0
1314;Mannen en vrouwen;Amerikaans Samoa;Personen in eenoudergezin met vader;2004;0;0;0;0;0;0;0;0
1315;Mannen en vrouwen;Amerikaans Samoa;Personen in eenoudergezin met vader;2005;0;0;0;0;0;0;0;0
1316;Mannen en vrouwen;Amerikaans Samoa;Personen in eenoudergezin met vader;2006;0;0;0;0;0;0;0;0
1317;Mannen en vrouwen;Amerikaans Samoa;Personen in eenoudergezin met vader;2007;0;0;0;0;0;0;0;0
1318;Mannen en vrouwen;Amerikaans Samoa;Personen in eenoudergezin met vader;2008;0;0;0;0;0;0;0;0
1319;Mannen en vrouwen;Amerikaans Samoa;Personen in eenoudergezin met vader;2009;0;0;0;0;0;0;0;0
1320;Mannen en vrouwen;Amerikaans Samoa;Personen in eenoudergezin met moeder;1995;0;0;0;0;0;0;0;0
1321;Mannen en vrouwen;Amerikaans Samoa;Personen in eenoudergezin met moeder;1996;0;0;0;0;0;0;0;0
1322;Mannen en vrouwen;Amerikaans Samoa;Personen in eenoudergezin met moeder;1997;0;0;0;0;0;0;0;0
1323;Mannen en vrouwen;Amerikaans Samoa;Personen in eenoudergezin met moeder;1998;0;0;0;0;0;0;0;0
1324;Mannen en vrouwen;Amerikaans Samoa;Personen in eenoudergezin met moeder;1999;0;0;0;0;0;0;0;0
1325;Mannen en vrouwen;Amerikaans Samoa;Personen in eenoudergezin met moeder;2000;0;0;0;0;0;0;0;0
1326;Mannen en vrouwen;Amerikaans Samoa;Personen in eenoudergezin met moeder;2001;0;0;0;0;0;0;0;0
1327;Mannen en vrouwen;Amerikaans Samoa;Personen in eenoudergezin met moeder;2002;0;0;0;0;0;0;0;0
1328;Mannen en vrouwen;Amerikaans Samoa;Personen in eenoudergezin met moeder;2003;0;0;0;0;0;0;0;0
1329;Mannen en vrouwen;Amerikaans Samoa;Personen in eenoudergezin met moeder;2004;0;0;0;0;0;0;0;0
1330;Mannen en vrouwen;Amerikaans Samoa;Personen in eenoudergezin met moeder;2005;0;0;0;0;0;0;0;0
1331;Mannen en vrouwen;Amerikaans Samoa;Personen in eenoudergezin met moeder;2006;0;0;0;0;0;0;0;0
1332;Mannen en vrouwen;Amerikaans Samoa;Personen in eenoudergezin met moeder;2007;0;0;0;0;0;0;0;0
1333;Mannen en vrouwen;Amerikaans Samoa;Personen in eenoudergezin met moeder;2008;0;0;0;0;0;0;0;0
1334;Mannen en vrouwen;Amerikaans Samoa;Personen in eenoudergezin met moeder;2009;0;0;0;0;0;0;0;0
1335;Mannen en vrouwen;Amerikaans Samoa;Personen in samenwonend paar met kin...;1995;0;0;0;0;0;0;0;0
1336;Mannen en vrouwen;Amerikaans Samoa;Personen in samenwonend paar met kin...;1996;0;0;0;0;0;0;0;0
1337;Mannen en vrouwen;Amerikaans Samoa;Personen in samenwonend paar met kin...;1997;0;0;0;0;0;0;0;0
1338;Mannen en vrouwen;Amerikaans Samoa;Personen in samenwonend paar met kin...;1998;0;0;0;0;0;0;0;0
1339;Mannen en vrouwen;Amerikaans Samoa;Personen in samenwonend paar met kin...;1999;0;0;0;0;0;0;0;0
1340;Mannen en vrouwen;Amerikaans Samoa;Personen in samenwonend paar met kin...;2000;0;0;0;0;0;0;0;0
1341;Mannen en vrouwen;Amerikaans Samoa;Personen in samenwonend paar met kin...;2001;0;0;0;0;0;0;0;0
1342;Mannen en vrouwen;Amerikaans Samoa;Personen in samenwonend paar met kin...;2002;0;0;0;0;0;0;0;0
1343;Mannen en vrouwen;Amerikaans Samoa;Personen in samenwonend paar met kin...;2003;0;0;0;0;0;0;0;0
1344;Mannen en vrouwen;Amerikaans Samoa;Personen in samenwonend paar met kin...;2004;0;0;0;0;0;0;0;0
1345;Mannen en vrouwen;Amerikaans Samoa;Personen in samenwonend paar met kin...;2005;0;0;0;0;0;0;0;0
1346;Mannen en vrouwen;Amerikaans Samoa;Personen in samenwonend paar met kin...;2006;0;0;0;0;0;0;0;0
1347;Mannen en vrouwen;Amerikaans Samoa;Personen in samenwonend paar met kin...;2007;0;0;0;0;0;0;0;0
1348;Mannen en vrouwen;Amerikaans Samoa;Personen in samenwonend paar met kin...;2008;0;0;0;0;0;0;0;0
1349;Mannen en vrouwen;Amerikaans Samoa;Personen in samenwonend paar met kin...;2009;0;0;0;0;0;0;0;0
1350;Mannen en vrouwen;Amerikaans Samoa;Alleengaanden;1995;0;0;0;0;0;0;0;0
1351;Mannen en vrouwen;Amerikaans Samoa;Alleengaanden;1996;0;0;0;0;0;0;0;0
1352;Mannen en vrouwen;Amerikaans Samoa;Alleengaanden;1997;0;0;0;0;0;0;0;0
1353;Mannen en vrouwen;Amerikaans Samoa;Alleengaanden;1998;0;0;0;0;0;0;0;0
1354;Mannen en vrouwen;Amerikaans Samoa;Alleengaanden;1999;0;0;0;0;0;0;0;0
1355;Mannen en vrouwen;Amerikaans Samoa;Alleengaanden;2000;1;0;0;1;1;0;0;0
1356;Mannen en vrouwen;Amerikaans Samoa;Alleengaanden;2001;0;0;0;0;0;0;0;0
1357;Mannen en vrouwen;Amerikaans Samoa;Alleengaanden;2002;0;0;0;0;0;0;0;0
1358;Mannen en vrouwen;Amerikaans Samoa;Alleengaanden;2003;0;0;0;0;0;0;0;0
1359;Mannen en vrouwen;Amerikaans Samoa;Alleengaanden;2004;1;0;0;1;1;0;0;0
1360;Mannen en vrouwen;Amerikaans Samoa;Alleengaanden;2005;0;1;0;-1;0;0;1;-1
1361;Mannen en vrouwen;Amerikaans Samoa;Alleengaanden;2006;0;0;0;0;0;0;0;0
1362;Mannen en vrouwen;Amerikaans Samoa;Alleengaanden;2007;0;0;0;0;0;0;0;0
1363;Mannen en vrouwen;Amerikaans Samoa;Alleengaanden;2008;0;0;0;0;0;0;0;0
1364;Mannen en vrouwen;Amerikaans Samoa;Alleengaanden;2009;0;0;0;0;0;0;0;0
1365;Mannen en vrouwen;Amerikaanse Maagdeneilanden;Totaal personen;1995;1;0;0;1;1;0;0;0
1366;Mannen en vrouwen;Amerikaanse Maagdeneilanden;Totaal personen;1996;0;0;0;0;0;0;0;0
1367;Mannen en vrouwen;Amerikaanse Maagdeneilanden;Totaal personen;1997;1;1;1;0;0;0;0;0
1368;Mannen en vrouwen;Amerikaanse Maagdeneilanden;Totaal personen;1998;3;0;0;3;3;1;1;0
1369;Mannen en vrouwen;Amerikaanse Maagdeneilanden;Totaal personen;1999;2;4;3;-2;-1;0;1;-1
1370;Mannen en vrouwen;Amerikaanse Maagdeneilanden;Totaal personen;2000;1;1;1;0;0;0;0;0
1371;Mannen en vrouwen;Amerikaanse Maagdeneilanden;Totaal personen;2001;1;1;1;0;0;0;0;0
1372;Mannen en vrouwen;Amerikaanse Maagdeneilanden;Totaal personen;2002;1;1;1;0;0;0;0;0
1373;Mannen en vrouwen;Amerikaanse Maagdeneilanden;Totaal personen;2003;0;3;1;-3;-1;1;3;-2
1374;Mannen en vrouwen;Amerikaanse Maagdeneilanden;Totaal personen;2004;0;0;0;0;0;0;0;0
1375;Mannen en vrouwen;Amerikaanse Maagdeneilanden;Totaal personen;2005;0;1;1;-1;-1;0;0;0
1376;Mannen en vrouwen;Amerikaanse Maagdeneilanden;Totaal personen;2006;0;0;0;0;0;0;0;0
1377;Mannen en vrouwen;Amerikaanse Maagdeneilanden;Totaal personen;2007;2;1;1;1;1;0;0;0
1378;Mannen en vrouwen;Amerikaanse Maagdeneilanden;Totaal personen;2008;1;1;0;0;1;0;1;-1
1379;Mannen en vrouwen;Amerikaanse Maagdeneilanden;Totaal personen;2009;1;0;0;1;1;0;0;0
1380;Mannen en vrouwen;Amerikaanse Maagdeneilanden;Totaal in gezinsverband;1995;0;0;0;0;0;0;0;0
1381;Mannen en vrouwen;Amerikaanse Maagdeneilanden;Totaal in gezinsverband;1996;0;0;0;0;0;0;0;0
1382;Mannen en vrouwen;Amerikaanse Maagdeneilanden;Totaal in gezinsverband;1997;0;0;0;0;0;0;0;0
1383;Mannen en vrouwen;Amerikaanse Maagdeneilanden;Totaal in gezinsverband;1998;0;0;0;0;0;0;0;0
1384;Mannen en vrouwen;Amerikaanse Maagdeneilanden;Totaal in gezinsverband;1999;0;0;0;0;0;0;0;0
1385;Mannen en vrouwen;Amerikaanse Maagdeneilanden;Totaal in gezinsverband;2000;0;0;0;0;0;0;0;0
1386;Mannen en vrouwen;Amerikaanse Maagdeneilanden;Totaal in gezinsverband;2001;0;0;0;0;0;0;0;0
1387;Mannen en vrouwen;Amerikaanse Maagdeneilanden;Totaal in gezinsverband;2002;0;0;0;0;0;0;0;0
1388;Mannen en vrouwen;Amerikaanse Maagdeneilanden;Totaal in gezinsverband;2003;0;1;0;-1;0;0;1;-1
1389;Mannen en vrouwen;Amerikaanse Maagdeneilanden;Totaal in gezinsverband;2004;0;0;0;0;0;0;0;0
1390;Mannen en vrouwen;Amerikaanse Maagdeneilanden;Totaal in gezinsverband;2005;0;1;1;-1;-1;0;0;0
1391;Mannen en vrouwen;Amerikaanse Maagdeneilanden;Totaal in gezinsverband;2006;0;0;0;0;0;0;0;0
1392;Mannen en vrouwen;Amerikaanse Maagdeneilanden;Totaal in gezinsverband;2007;0;1;1;-1;-1;0;0;0
1393;Mannen en vrouwen;Amerikaanse Maagdeneilanden;Totaal in gezinsverband;2008;0;0;0;0;0;0;0;0
1394;Mannen en vrouwen;Amerikaanse Maagdeneilanden;Totaal in gezinsverband;2009;1;0;0;1;1;0;0;0
1395;Mannen en vrouwen;Amerikaanse Maagdeneilanden;Personen in echtpaar;1995;0;0;0;0;0;0;0;0
1396;Mannen en vrouwen;Amerikaanse Maagdeneilanden;Personen in echtpaar;1996;0;0;0;0;0;0;0;0
1397;Mannen en vrouwen;Amerikaanse Maagdeneilanden;Personen in echtpaar;1997;0;0;0;0;0;0;0;0
1398;Mannen en vrouwen;Amerikaanse Maagdeneilanden;Personen in echtpaar;1998;0;0;0;0;0;0;0;0
1399;Mannen en vrouwen;Amerikaanse Maagdeneilanden;Personen in echtpaar;1999;0;0;0;0;0;0;0;0
1400;Mannen en vrouwen;Amerikaanse Maagdeneilanden;Personen in echtpaar;2000;0;0;0;0;0;0;0;0
1401;Mannen en vrouwen;Amerikaanse Maagdeneilanden;Personen in echtpaar;2001;0;0;0;0;0;0;0;0
1402;Mannen en vrouwen;Amerikaanse Maagdeneilanden;Personen in echtpaar;2002;0;0;0;0;0;0;0;0
1403;Mannen en vrouwen;Amerikaanse Maagdeneilanden;Personen in echtpaar;2003;0;0;0;0;0;0;0;0
1404;Mannen en vrouwen;Amerikaanse Maagdeneilanden;Personen in echtpaar;2004;0;0;0;0;0;0;0;0
1405;Mannen en vrouwen;Amerikaanse Maagdeneilanden;Personen in echtpaar;2005;0;0;0;0;0;0;0;0
1406;Mannen en vrouwen;Amerikaanse Maagdeneilanden;Personen in echtpaar;2006;0;0;0;0;0;0;0;0
1407;Mannen en vrouwen;Amerikaanse Maagdeneilanden;Personen in echtpaar;2007;0;1;1;-1;-1;0;0;0
1408;Mannen en vrouwen;Amerikaanse Maagdeneilanden;Personen in echtpaar;2008;0;0;0;0;0;0;0;0
1409;Mannen en vrouwen;Amerikaanse Maagdeneilanden;Personen in echtpaar;2009;0;0;0;0;0;0;0;0
1410;Mannen en vrouwen;Amerikaanse Maagdeneilanden;Personen in eenoudergezin met vader;1995;0;0;0;0;0;0;0;0
1411;Mannen en vrouwen;Amerikaanse Maagdeneilanden;Personen in eenoudergezin met vader;1996;0;0;0;0;0;0;0;0
1412;Mannen en vrouwen;Amerikaanse Maagdeneilanden;Personen in eenoudergezin met vader;1997;0;0;0;0;0;0;0;0
1413;Mannen en vrouwen;Amerikaanse Maagdeneilanden;Personen in eenoudergezin met vader;1998;0;0;0;0;0;0;0;0
1414;Mannen en vrouwen;Amerikaanse Maagdeneilanden;Personen in eenoudergezin met vader;1999;0;0;0;0;0;0;0;0
1415;Mannen en vrouwen;Amerikaanse Maagdeneilanden;Personen in eenoudergezin met vader;2000;0;0;0;0;0;0;0;0
1416;Mannen en vrouwen;Amerikaanse Maagdeneilanden;Personen in eenoudergezin met vader;2001;0;0;0;0;0;0;0;0
1417;Mannen en vrouwen;Amerikaanse Maagdeneilanden;Personen in eenoudergezin met vader;2002;0;0;0;0;0;0;0;0
1418;Mannen en vrouwen;Amerikaanse Maagdeneilanden;Personen in eenoudergezin met vader;2003;0;0;0;0;0;0;0;0
1419;Mannen en vrouwen;Amerikaanse Maagdeneilanden;Personen in eenoudergezin met vader;2004;0;0;0;0;0;0;0;0
1420;Mannen en vrouwen;Amerikaanse Maagdeneilanden;Personen in eenoudergezin met vader;2005;0;0;0;0;0;0;0;0
1421;Mannen en vrouwen;Amerikaanse Maagdeneilanden;Personen in eenoudergezin met vader;2006;0;0;0;0;0;0;0;0
1422;Mannen en vrouwen;Amerikaanse Maagdeneilanden;Personen in eenoudergezin met vader;2007;0;0;0;0;0;0;0;0
1423;Mannen en vrouwen;Amerikaanse Maagdeneilanden;Personen in eenoudergezin met vader;2008;0;0;0;0;0;0;0;0
1424;Mannen en vrouwen;Amerikaanse Maagdeneilanden;Personen in eenoudergezin met vader;2009;0;0;0;0;0;0;0;0
1425;Mannen en vrouwen;Amerikaanse Maagdeneilanden;Personen in eenoudergezin met moeder;1995;0;0;0;0;0;0;0;0
1426;Mannen en vrouwen;Amerikaanse Maagdeneilanden;Personen in eenoudergezin met moeder;1996;0;0;0;0;0;0;0;0
1427;Mannen en vrouwen;Amerikaanse Maagdeneilanden;Personen in eenoudergezin met moeder;1997;0;0;0;0;0;0;0;0
1428;Mannen en vrouwen;Amerikaanse Maagdeneilanden;Personen in eenoudergezin met moeder;1998;0;0;0;0;0;0;0;0
1429;Mannen en vrouwen;Amerikaanse Maagdeneilanden;Personen in eenoudergezin met moeder;1999;0;0;0;0;0;0;0;0
1430;Mannen en vrouwen;Amerikaanse Maagdeneilanden;Personen in eenoudergezin met moeder;2000;0;0;0;0;0;0;0;0
1431;Mannen en vrouwen;Amerikaanse Maagdeneilanden;Personen in eenoudergezin met moeder;2001;0;0;0;0;0;0;0;0
1432;Mannen en vrouwen;Amerikaanse Maagdeneilanden;Personen in eenoudergezin met moeder;2002;0;0;0;0;0;0;0;0
1433;Mannen en vrouwen;Amerikaanse Maagdeneilanden;Personen in eenoudergezin met moeder;2003;0;1;0;-1;0;0;1;-1
1434;Mannen en vrouwen;Amerikaanse Maagdeneilanden;Personen in eenoudergezin met moeder;2004;0;0;0;0;0;0;0;0
1435;Mannen en vrouwen;Amerikaanse Maagdeneilanden;Personen in eenoudergezin met moeder;2005;0;1;1;-1;-1;0;0;0
1436;Mannen en vrouwen;Amerikaanse Maagdeneilanden;Personen in eenoudergezin met moeder;2006;0;0;0;0;0;0;0;0
1437;Mannen en vrouwen;Amerikaanse Maagdeneilanden;Personen in eenoudergezin met moeder;2007;0;0;0;0;0;0;0;0
1438;Mannen en vrouwen;Amerikaanse Maagdeneilanden;Personen in eenoudergezin met moeder;2008;0;0;0;0;0;0;0;0
1439;Mannen en vrouwen;Amerikaanse Maagdeneilanden;Personen in eenoudergezin met moeder;2009;1;0;0;1;1;0;0;0
1440;Mannen en vrouwen;Amerikaanse Maagdeneilanden;Personen in samenwonend paar met kin...;1995;0;0;0;0;0;0;0;0
1441;Mannen en vrouwen;Amerikaanse Maagdeneilanden;Personen in samenwonend paar met kin...;1996;0;0;0;0;0;0;0;0
1442;Mannen en vrouwen;Amerikaanse Maagdeneilanden;Personen in samenwonend paar met kin...;1997;0;0;0;0;0;0;0;0
1443;Mannen en vrouwen;Amerikaanse Maagdeneilanden;Personen in samenwonend paar met kin...;1998;0;0;0;0;0;0;0;0
1444;Mannen en vrouwen;Amerikaanse Maagdeneilanden;Personen in samenwonend paar met kin...;1999;0;0;0;0;0;0;0;0
1445;Mannen en vrouwen;Amerikaanse Maagdeneilanden;Personen in samenwonend paar met kin...;2000;0;0;0;0;0;0;0;0
1446;Mannen en vrouwen;Amerikaanse Maagdeneilanden;Personen in samenwonend paar met kin...;2001;0;0;0;0;0;0;0;0
1447;Mannen en vrouwen;Amerikaanse Maagdeneilanden;Personen in samenwonend paar met kin...;2002;0;0;0;0;0;0;0;0
1448;Mannen en vrouwen;Amerikaanse Maagdeneilanden;Personen in samenwonend paar met kin...;2003;0;0;0;0;0;0;0;0
1449;Mannen en vrouwen;Amerikaanse Maagdeneilanden;Personen in samenwonend paar met kin...;2004;0;0;0;0;0;0;0;0
1450;Mannen en vrouwen;Amerikaanse Maagdeneilanden;Personen in samenwonend paar met kin...;2005;0;0;0;0;0;0;0;0
1451;Mannen en vrouwen;Amerikaanse Maagdeneilanden;Personen in samenwonend paar met kin...;2006;0;0;0;0;0;0;0;0
1452;Mannen en vrouwen;Amerikaanse Maagdeneilanden;Personen in samenwonend paar met kin...;2007;0;0;0;0;0;0;0;0
1453;Mannen en vrouwen;Amerikaanse Maagdeneilanden;Personen in samenwonend paar met kin...;2008;0;0;0;0;0;0;0;0
1454;Mannen en vrouwen;Amerikaanse Maagdeneilanden;Personen in samenwonend paar met kin...;2009;0;0;0;0;0;0;0;0
1455;Mannen en vrouwen;Amerikaanse Maagdeneilanden;Alleengaanden;1995;1;0;0;1;1;0;0;0
1456;Mannen en vrouwen;Amerikaanse Maagdeneilanden;Alleengaanden;1996;0;0;0;0;0;0;0;0
1457;Mannen en vrouwen;Amerikaanse Maagdeneilanden;Alleengaanden;1997;1;1;1;0;0;0;0;0
1458;Mannen en vrouwen;Amerikaanse Maagdeneilanden;Alleengaanden;1998;3;0;0;3;3;1;1;0
1459;Mannen en vrouwen;Amerikaanse Maagdeneilanden;Alleengaanden;1999;2;4;3;-2;-1;0;1;-1
1460;Mannen en vrouwen;Amerikaanse Maagdeneilanden;Alleengaanden;2000;1;1;1;0;0;0;0;0
1461;Mannen en vrouwen;Amerikaanse Maagdeneilanden;Alleengaanden;2001;1;1;1;0;0;0;0;0
1462;Mannen en vrouwen;Amerikaanse Maagdeneilanden;Alleengaanden;2002;1;1;1;0;0;0;0;0
1463;Mannen en vrouwen;Amerikaanse Maagdeneilanden;Alleengaanden;2003;0;2;1;-2;-1;1;2;-1
1464;Mannen en vrouwen;Amerikaanse Maagdeneilanden;Alleengaanden;2004;0;0;0;0;0;0;0;0
1465;Mannen en vrouwen;Amerikaanse Maagdeneilanden;Alleengaanden;2005;0;0;0;0;0;0;0;0
1466;Mannen en vrouwen;Amerikaanse Maagdeneilanden;Alleengaanden;2006;0;0;0;0;0;0;0;0
1467;Mannen en vrouwen;Amerikaanse Maagdeneilanden;Alleengaanden;2007;2;0;0;2;2;0;0;0
1468;Mannen en vrouwen;Amerikaanse Maagdeneilanden;Alleengaanden;2008;1;1;0;0;1;0;1;-1
1469;Mannen en vrouwen;Amerikaanse Maagdeneilanden;Alleengaanden;2009;0;0;0;0;0;0;0;0
1470;Mannen en vrouwen;Andorra;Totaal personen;1995;0;0;0;0;0;0;0;0
1471;Mannen en vrouwen;Andorra;Totaal personen;1996;1;0;0;1;1;0;0;0
1472;Mannen en vrouwen;Andorra;Totaal personen;1997;0;1;1;-1;-1;0;0;0
1473;Mannen en vrouwen;Andorra;Totaal personen;1998;0;1;1;-1;-1;0;0;0
1474;Mannen en vrouwen;Andorra;Totaal personen;1999;0;0;0;0;0;0;0;0
1475;Mannen en vrouwen;Andorra;Totaal personen;2000;1;0;0;1;1;0;0;0
1476;Mannen en vrouwen;Andorra;Totaal personen;2001;1;0;0;1;1;0;0;0
1477;Mannen en vrouwen;Andorra;Totaal personen;2002;0;0;0;0;0;0;0;0
1478;Mannen en vrouwen;Andorra;Totaal personen;2003;2;1;1;1;1;0;0;0
1479;Mannen en vrouwen;Andorra;Totaal personen;2004;1;1;0;0;1;0;1;-1
1480;Mannen en vrouwen;Andorra;Totaal personen;2005;2;1;1;1;1;0;0;0
1481;Mannen en vrouwen;Andorra;Totaal personen;2006;3;2;1;1;2;0;1;-1
1482;Mannen en vrouwen;Andorra;Totaal personen;2007;0;1;0;-1;0;0;1;-1
1483;Mannen en vrouwen;Andorra;Totaal personen;2008;1;2;2;-1;-1;0;0;0
1484;Mannen en vrouwen;Andorra;Totaal personen;2009;2;2;0;0;2;0;2;-2
1485;Mannen en vrouwen;Andorra;Totaal in gezinsverband;1995;0;0;0;0;0;0;0;0
1486;Mannen en vrouwen;Andorra;Totaal in gezinsverband;1996;1;0;0;1;1;0;0;0
1487;Mannen en vrouwen;Andorra;Totaal in gezinsverband;1997;0;0;0;0;0;0;0;0
1488;Mannen en vrouwen;Andorra;Totaal in gezinsverband;1998;0;1;1;-1;-1;0;0;0
1489;Mannen en vrouwen;Andorra;Totaal in gezinsverband;1999;0;0;0;0;0;0;0;0
1490;Mannen en vrouwen;Andorra;Totaal in gezinsverband;2000;0;0;0;0;0;0;0;0
1491;Mannen en vrouwen;Andorra;Totaal in gezinsverband;2001;0;0;0;0;0;0;0;0
1492;Mannen en vrouwen;Andorra;Totaal in gezinsverband;2002;0;0;0;0;0;0;0;0
1493;Mannen en vrouwen;Andorra;Totaal in gezinsverband;2003;0;0;0;0;0;0;0;0
1494;Mannen en vrouwen;Andorra;Totaal in gezinsverband;2004;0;0;0;0;0;0;0;0
1495;Mannen en vrouwen;Andorra;Totaal in gezinsverband;2005;1;0;0;1;1;0;0;0
1496;Mannen en vrouwen;Andorra;Totaal in gezinsverband;2006;0;1;1;-1;-1;0;0;0
1497;Mannen en vrouwen;Andorra;Totaal in gezinsverband;2007;0;0;0;0;0;0;0;0
1498;Mannen en vrouwen;Andorra;Totaal in gezinsverband;2008;1;1;1;0;0;0;0;0
1499;Mannen en vrouwen;Andorra;Totaal in gezinsverband;2009;0;0;0;0;0;0;0;0
1500;Mannen en vrouwen;Andorra;Personen in echtpaar;1995;0;0;0;0;0;0;0;0
1501;Mannen en vrouwen;Andorra;Personen in echtpaar;1996;0;0;0;0;0;0;0;0
1502;Mannen en vrouwen;Andorra;Personen in echtpaar;1997;0;0;0;0;0;0;0;0
1503;Mannen en vrouwen;Andorra;Personen in echtpaar;1998;0;0;0;0;0;0;0;0
1504;Mannen en vrouwen;Andorra;Personen in echtpaar;1999;0;0;0;0;0;0;0;0
1505;Mannen en vrouwen;Andorra;Personen in echtpaar;2000;0;0;0;0;0;0;0;0
1506;Mannen en vrouwen;Andorra;Personen in echtpaar;2001;0;0;0;0;0;0;0;0
1507;Mannen en vrouwen;Andorra;Personen in echtpaar;2002;0;0;0;0;0;0;0;0
1508;Mannen en vrouwen;Andorra;Personen in echtpaar;2003;0;0;0;0;0;0;0;0
1509;Mannen en vrouwen;Andorra;Personen in echtpaar;2004;0;0;0;0;0;0;0;0
1510;Mannen en vrouwen;Andorra;Personen in echtpaar;2005;0;0;0;0;0;0;0;0
1511;Mannen en vrouwen;Andorra;Personen in echtpaar;2006;0;1;1;-1;-1;0;0;0
1512;Mannen en vrouwen;Andorra;Personen in echtpaar;2007;0;0;0;0;0;0;0;0
1513;Mannen en vrouwen;Andorra;Personen in echtpaar;2008;0;0;0;0;0;0;0;0
1514;Mannen en vrouwen;Andorra;Personen in echtpaar;2009;0;0;0;0;0;0;0;0
1515;Mannen en vrouwen;Andorra;Personen in eenoudergezin met vader;1995;0;0;0;0;0;0;0;0
1516;Mannen en vrouwen;Andorra;Personen in eenoudergezin met vader;1996;0;0;0;0;0;0;0;0
1517;Mannen en vrouwen;Andorra;Personen in eenoudergezin met vader;1997;0;0;0;0;0;0;0;0
1518;Mannen en vrouwen;Andorra;Personen in eenoudergezin met vader;1998;0;0;0;0;0;0;0;0
1519;Mannen en vrouwen;Andorra;Personen in eenoudergezin met vader;1999;0;0;0;0;0;0;0;0
1520;Mannen en vrouwen;Andorra;Personen in eenoudergezin met vader;2000;0;0;0;0;0;0;0;0
1521;Mannen en vrouwen;Andorra;Personen in eenoudergezin met vader;2001;0;0;0;0;0;0;0;0
1522;Mannen en vrouwen;Andorra;Personen in eenoudergezin met vader;2002;0;0;0;0;0;0;0;0
1523;Mannen en vrouwen;Andorra;Personen in eenoudergezin met vader;2003;0;0;0;0;0;0;0;0
1524;Mannen en vrouwen;Andorra;Personen in eenoudergezin met vader;2004;0;0;0;0;0;0;0;0
1525;Mannen en vrouwen;Andorra;Personen in eenoudergezin met vader;2005;0;0;0;0;0;0;0;0
1526;Mannen en vrouwen;Andorra;Personen in eenoudergezin met vader;2006;0;0;0;0;0;0;0;0
1527;Mannen en vrouwen;Andorra;Personen in eenoudergezin met vader;2007;0;0;0;0;0;0;0;0
1528;Mannen en vrouwen;Andorra;Personen in eenoudergezin met vader;2008;0;0;0;0;0;0;0;0
1529;Mannen en vrouwen;Andorra;Personen in eenoudergezin met vader;2009;0;0;0;0;0;0;0;0
1530;Mannen en vrouwen;Andorra;Personen in eenoudergezin met moeder;1995;0;0;0;0;0;0;0;0
1531;Mannen en vrouwen;Andorra;Personen in eenoudergezin met moeder;1996;1;0;0;1;1;0;0;0
1532;Mannen en vrouwen;Andorra;Personen in eenoudergezin met moeder;1997;0;0;0;0;0;0;0;0
1533;Mannen en vrouwen;Andorra;Personen in eenoudergezin met moeder;1998;0;1;1;-1;-1;0;0;0
1534;Mannen en vrouwen;Andorra;Personen in eenoudergezin met moeder;1999;0;0;0;0;0;0;0;0
1535;Mannen en vrouwen;Andorra;Personen in eenoudergezin met moeder;2000;0;0;0;0;0;0;0;0
1536;Mannen en vrouwen;Andorra;Personen in eenoudergezin met moeder;2001;0;0;0;0;0;0;0;0
1537;Mannen en vrouwen;Andorra;Personen in eenoudergezin met moeder;2002;0;0;0;0;0;0;0;0
1538;Mannen en vrouwen;Andorra;Personen in eenoudergezin met moeder;2003;0;0;0;0;0;0;0;0
1539;Mannen en vrouwen;Andorra;Personen in eenoudergezin met moeder;2004;0;0;0;0;0;0;0;0
1540;Mannen en vrouwen;Andorra;Personen in eenoudergezin met moeder;2005;1;0;0;1;1;0;0;0
1541;Mannen en vrouwen;Andorra;Personen in eenoudergezin met moeder;2006;0;0;0;0;0;0;0;0
1542;Mannen en vrouwen;Andorra;Personen in eenoudergezin met moeder;2007;0;0;0;0;0;0;0;0
1543;Mannen en vrouwen;Andorra;Personen in eenoudergezin met moeder;2008;1;1;1;0;0;0;0;0
1544;Mannen en vrouwen;Andorra;Personen in eenoudergezin met moeder;2009;0;0;0;0;0;0;0;0
1545;Mannen en vrouwen;Andorra;Personen in samenwonend paar met kin...;1995;0;0;0;0;0;0;0;0
1546;Mannen en vrouwen;Andorra;Personen in samenwonend paar met kin...;1996;0;0;0;0;0;0;0;0
1547;Mannen en vrouwen;Andorra;Personen in samenwonend paar met kin...;1997;0;0;0;0;0;0;0;0
1548;Mannen en vrouwen;Andorra;Personen in samenwonend paar met kin...;1998;0;0;0;0;0;0;0;0
1549;Mannen en vrouwen;Andorra;Personen in samenwonend paar met kin...;1999;0;0;0;0;0;0;0;0
1550;Mannen en vrouwen;Andorra;Personen in samenwonend paar met kin...;2000;0;0;0;0;0;0;0;0
1551;Mannen en vrouwen;Andorra;Personen in samenwonend paar met kin...;2001;0;0;0;0;0;0;0;0
1552;Mannen en vrouwen;Andorra;Personen in samenwonend paar met kin...;2002;0;0;0;0;0;0;0;0
1553;Mannen en vrouwen;Andorra;Personen in samenwonend paar met kin...;2003;0;0;0;0;0;0;0;0
1554;Mannen en vrouwen;Andorra;Personen in samenwonend paar met kin...;2004;0;0;0;0;0;0;0;0
1555;Mannen en vrouwen;Andorra;Personen in samenwonend paar met kin...;2005;0;0;0;0;0;0;0;0
1556;Mannen en vrouwen;Andorra;Personen in samenwonend paar met kin...;2006;0;0;0;0;0;0;0;0
1557;Mannen en vrouwen;Andorra;Personen in samenwonend paar met kin...;2007;0;0;0;0;0;0;0;0
1558;Mannen en vrouwen;Andorra;Personen in samenwonend paar met kin...;2008;0;0;0;0;0;0;0;0
1559;Mannen en vrouwen;Andorra;Personen in samenwonend paar met kin...;2009;0;0;0;0;0;0;0;0
1560;Mannen en vrouwen;Andorra;Alleengaanden;1995;0;0;0;0;0;0;0;0
1561;Mannen en vrouwen;Andorra;Alleengaanden;1996;0;0;0;0;0;0;0;0
1562;Mannen en vrouwen;Andorra;Alleengaanden;1997;0;1;1;-1;-1;0;0;0
1563;Mannen en vrouwen;Andorra;Alleengaanden;1998;0;0;0;0;0;0;0;0
1564;Mannen en vrouwen;Andorra;Alleengaanden;1999;0;0;0;0;0;0;0;0
1565;Mannen en vrouwen;Andorra;Alleengaanden;2000;1;0;0;1;1;0;0;0
1566;Mannen en vrouwen;Andorra;Alleengaanden;2001;1;0;0;1;1;0;0;0
1567;Mannen en vrouwen;Andorra;Alleengaanden;2002;0;0;0;0;0;0;0;0
1568;Mannen en vrouwen;Andorra;Alleengaanden;2003;2;1;1;1;1;0;0;0
1569;Mannen en vrouwen;Andorra;Alleengaanden;2004;1;1;0;0;1;0;1;-1
1570;Mannen en vrouwen;Andorra;Alleengaanden;2005;1;1;1;0;0;0;0;0
1571;Mannen en vrouwen;Andorra;Alleengaanden;2006;3;1;0;2;3;0;1;-1
1572;Mannen en vrouwen;Andorra;Alleengaanden;2007;0;1;0;-1;0;0;1;-1
1573;Mannen en vrouwen;Andorra;Alleengaanden;2008;0;1;1;-1;-1;0;0;0
1574;Mannen en vrouwen;Andorra;Alleengaanden;2009;2;2;0;0;2;0;2;-2
1575;Mannen en vrouwen;Angola;Totaal personen;1995;687;69;17;618;670;10;62;-52
1576;Mannen en vrouwen;Angola;Totaal personen;1996;508;148;30;360;478;15;133;-118
1577;Mannen en vrouwen;Angola;Totaal personen;1997;350;151;27;199;323;11;135;-124
1578;Mannen en vrouwen;Angola;Totaal personen;1998;337;113;18;224;319;23;118;-95
1579;Mannen en vrouwen;Angola;Totaal personen;1999;688;88;12;600;676;28;104;-76
1580;Mannen en vrouwen;Angola;Totaal personen;2000;1248;91;21;1157;1227;46;116;-70
1581;Mannen en vrouwen;Angola;Totaal personen;2001;1907;96;25;1811;1882;68;139;-71
1582;Mannen en vrouwen;Angola;Totaal personen;2002;3514;229;30;3285;3484;91;290;-199
1583;Mannen en vrouwen;Angola;Totaal personen;2003;1171;861;71;310;1100;113;903;-790
1584;Mannen en vrouwen;Angola;Totaal personen;2004;357;1163;152;-806;205;140;1151;-1011
1585;Mannen en vrouwen;Angola;Totaal personen;2005;163;1344;138;-1181;25;170;1376;-1206
1586;Mannen en vrouwen;Angola;Totaal personen;2006;123;1196;198;-1073;-75;188;1186;-998
1587;Mannen en vrouwen;Angola;Totaal personen;2007;148;671;140;-523;8;230;761;-531
1588;Mannen en vrouwen;Angola;Totaal personen;2008;181;433;162;-252;19;325;596;-271
1589;Mannen en vrouwen;Angola;Totaal personen;2009;149;390;164;-241;-15;215;441;-226
1590;Mannen en vrouwen;Angola;Totaal in gezinsverband;1995;111;13;6;98;105;5;12;-7
1591;Mannen en vrouwen;Angola;Totaal in gezinsverband;1996;110;43;7;67;103;0;36;-36
1592;Mannen en vrouwen;Angola;Totaal in gezinsverband;1997;64;40;5;24;59;3;38;-35
1593;Mannen en vrouwen;Angola;Totaal in gezinsverband;1998;29;18;6;11;23;5;17;-12
1594;Mannen en vrouwen;Angola;Totaal in gezinsverband;1999;61;11;0;50;61;3;14;-11
1595;Mannen en vrouwen;Angola;Totaal in gezinsverband;2000;212;18;3;194;209;2;17;-15
1596;Mannen en vrouwen;Angola;Totaal in gezinsverband;2001;366;15;10;351;356;11;16;-5
1597;Mannen en vrouwen;Angola;Totaal in gezinsverband;2002;643;58;11;585;632;5;52;-47
1598;Mannen en vrouwen;Angola;Totaal in gezinsverband;2003;271;269;23;2;248;6;252;-246
1599;Mannen en vrouwen;Angola;Totaal in gezinsverband;2004;75;320;63;-245;12;6;263;-257
1600;Mannen en vrouwen;Angola;Totaal in gezinsverband;2005;20;371;62;-351;-42;19;328;-309
1601;Mannen en vrouwen;Angola;Totaal in gezinsverband;2006;21;337;93;-316;-72;10;254;-244
1602;Mannen en vrouwen;Angola;Totaal in gezinsverband;2007;12;135;46;-123;-34;28;117;-89
1603;Mannen en vrouwen;Angola;Totaal in gezinsverband;2008;11;125;60;-114;-49;20;85;-65
1604;Mannen en vrouwen;Angola;Totaal in gezinsverband;2009;20;87;52;-67;-32;17;52;-35
1605;Mannen en vrouwen;Angola;Personen in echtpaar;1995;48;5;3;43;45;3;5;-2
1606;Mannen en vrouwen;Angola;Personen in echtpaar;1996;45;26;7;19;38;0;19;-19
1607;Mannen en vrouwen;Angola;Personen in echtpaar;1997;26;19;2;7;24;0;17;-17
1608;Mannen en vrouwen;Angola;Personen in echtpaar;1998;15;3;0;12;15;3;6;-3
1609;Mannen en vrouwen;Angola;Personen in echtpaar;1999;37;7;0;30;37;0;7;-7
1610;Mannen en vrouwen;Angola;Personen in echtpaar;2000;44;6;3;38;41;0;3;-3
1611;Mannen en vrouwen;Angola;Personen in echtpaar;2001;77;5;5;72;72;7;7;0
1612;Mannen en vrouwen;Angola;Personen in echtpaar;2002;124;17;1;107;123;0;16;-16
1613;Mannen en vrouwen;Angola;Personen in echtpaar;2003;43;51;9;-8;34;0;42;-42
1614;Mannen en vrouwen;Angola;Personen in echtpaar;2004;3;100;36;-97;-33;1;65;-64
1615;Mannen en vrouwen;Angola;Personen in echtpaar;2005;2;103;24;-101;-22;3;82;-79
1616;Mannen en vrouwen;Angola;Personen in echtpaar;2006;2;88;34;-86;-32;4;58;-54
1617;Mannen en vrouwen;Angola;Personen in echtpaar;2007;3;47;19;-44;-16;1;29;-28
1618;Mannen en vrouwen;Angola;Personen in echtpaar;2008;3;45;21;-42;-18;5;29;-24
1619;Mannen en vrouwen;Angola;Personen in echtpaar;2009;7;23;15;-16;-8;0;8;-8
1620;Mannen en vrouwen;Angola;Personen in eenoudergezin met vader;1995;5;2;0;3;5;0;2;-2
1621;Mannen en vrouwen;Angola;Personen in eenoudergezin met vader;1996;10;1;0;9;10;0;1;-1
1622;Mannen en vrouwen;Angola;Personen in eenoudergezin met vader;1997;2;0;0;2;2;0;0;0
1623;Mannen en vrouwen;Angola;Personen in eenoudergezin met vader;1998;0;0;1;0;-1;2;1;1
1624;Mannen en vrouwen;Angola;Personen in eenoudergezin met vader;1999;0;1;0;-1;0;0;1;-1
1625;Mannen en vrouwen;Angola;Personen in eenoudergezin met vader;2000;8;5;0;3;8;0;5;-5
1626;Mannen en vrouwen;Angola;Personen in eenoudergezin met vader;2001;18;0;0;18;18;0;0;0
1627;Mannen en vrouwen;Angola;Personen in eenoudergezin met vader;2002;47;5;0;42;47;0;5;-5
1628;Mannen en vrouwen;Angola;Personen in eenoudergezin met vader;2003;20;24;1;-4;19;0;23;-23
1629;Mannen en vrouwen;Angola;Personen in eenoudergezin met vader;2004;4;6;1;-2;3;0;5;-5
1630;Mannen en vrouwen;Angola;Personen in eenoudergezin met vader;2005;4;23;6;-19;-2;3;20;-17
1631;Mannen en vrouwen;Angola;Personen in eenoudergezin met vader;2006;0;26;10;-26;-10;0;16;-16
1632;Mannen en vrouwen;Angola;Personen in eenoudergezin met vader;2007;1;0;0;1;1;3;3;0
1633;Mannen en vrouwen;Angola;Personen in eenoudergezin met vader;2008;0;6;1;-6;-1;0;5;-5
1634;Mannen en vrouwen;Angola;Personen in eenoudergezin met vader;2009;1;13;7;-12;-6;0;6;-6
1635;Mannen en vrouwen;Angola;Personen in eenoudergezin met moeder;1995;28;4;3;24;25;2;3;-1
1636;Mannen en vrouwen;Angola;Personen in eenoudergezin met moeder;1996;36;6;0;30;36;0;6;-6
1637;Mannen en vrouwen;Angola;Personen in eenoudergezin met moeder;1997;21;9;3;12;18;1;7;-6
1638;Mannen en vrouwen;Angola;Personen in eenoudergezin met moeder;1998;9;8;5;1;4;0;3;-3
1639;Mannen en vrouwen;Angola;Personen in eenoudergezin met moeder;1999;22;1;0;21;22;3;4;-1
1640;Mannen en vrouwen;Angola;Personen in eenoudergezin met moeder;2000;133;7;0;126;133;2;9;-7
1641;Mannen en vrouwen;Angola;Personen in eenoudergezin met moeder;2001;219;9;4;210;215;4;9;-5
1642;Mannen en vrouwen;Angola;Personen in eenoudergezin met moeder;2002;369;34;9;335;360;4;29;-25
1643;Mannen en vrouwen;Angola;Personen in eenoudergezin met moeder;2003;186;159;9;27;177;6;156;-150
1644;Mannen en vrouwen;Angola;Personen in eenoudergezin met moeder;2004;61;178;21;-117;40;4;161;-157
1645;Mannen en vrouwen;Angola;Personen in eenoudergezin met moeder;2005;11;210;29;-199;-18;13;194;-181
1646;Mannen en vrouwen;Angola;Personen in eenoudergezin met moeder;2006;18;192;45;-174;-27;6;153;-147
1647;Mannen en vrouwen;Angola;Personen in eenoudergezin met moeder;2007;8;80;23;-72;-15;15;72;-57
1648;Mannen en vrouwen;Angola;Personen in eenoudergezin met moeder;2008;6;61;26;-55;-20;10;45;-35
1649;Mannen en vrouwen;Angola;Personen in eenoudergezin met moeder;2009;11;41;23;-30;-12;17;35;-18
1650;Mannen en vrouwen;Angola;Personen in samenwonend paar met kin...;1995;30;2;0;28;30;0;2;-2
1651;Mannen en vrouwen;Angola;Personen in samenwonend paar met kin...;1996;19;10;0;9;19;0;10;-10
1652;Mannen en vrouwen;Angola;Personen in samenwonend paar met kin...;1997;15;12;0;3;15;2;14;-12
1653;Mannen en vrouwen;Angola;Personen in samenwonend paar met kin...;1998;5;7;0;-2;5;0;7;-7
1654;Mannen en vrouwen;Angola;Personen in samenwonend paar met kin...;1999;2;2;0;0;2;0;2;-2
1655;Mannen en vrouwen;Angola;Personen in samenwonend paar met kin...;2000;27;0;0;27;27;0;0;0
1656;Mannen en vrouwen;Angola;Personen in samenwonend paar met kin...;2001;52;1;1;51;51;0;0;0
1657;Mannen en vrouwen;Angola;Personen in samenwonend paar met kin...;2002;103;2;1;101;102;1;2;-1
1658;Mannen en vrouwen;Angola;Personen in samenwonend paar met kin...;2003;22;35;4;-13;18;0;31;-31
1659;Mannen en vrouwen;Angola;Personen in samenwonend paar met kin...;2004;7;36;5;-29;2;1;32;-31
1660;Mannen en vrouwen;Angola;Personen in samenwonend paar met kin...;2005;3;35;3;-32;0;0;32;-32
1661;Mannen en vrouwen;Angola;Personen in samenwonend paar met kin...;2006;1;31;4;-30;-3;0;27;-27
1662;Mannen en vrouwen;Angola;Personen in samenwonend paar met kin...;2007;0;8;4;-8;-4;9;13;-4
1663;Mannen en vrouwen;Angola;Personen in samenwonend paar met kin...;2008;2;13;12;-11;-10;5;6;-1
1664;Mannen en vrouwen;Angola;Personen in samenwonend paar met kin...;2009;1;10;7;-9;-6;0;3;-3
1665;Mannen en vrouwen;Angola;Alleengaanden;1995;576;56;11;520;565;5;50;-45
1666;Mannen en vrouwen;Angola;Alleengaanden;1996;398;105;23;293;375;15;97;-82
1667;Mannen en vrouwen;Angola;Alleengaanden;1997;286;111;22;175;264;8;97;-89
1668;Mannen en vrouwen;Angola;Alleengaanden;1998;308;95;12;213;296;18;101;-83
1669;Mannen en vrouwen;Angola;Alleengaanden;1999;627;77;12;550;615;25;90;-65
1670;Mannen en vrouwen;Angola;Alleengaanden;2000;1036;73;18;963;1018;44;99;-55
1671;Mannen en vrouwen;Angola;Alleengaanden;2001;1541;81;15;1460;1526;57;123;-66
1672;Mannen en vrouwen;Angola;Alleengaanden;2002;2871;171;19;2700;2852;86;238;-152
1673;Mannen en vrouwen;Angola;Alleengaanden;2003;900;592;48;308;852;107;651;-544
1674;Mannen en vrouwen;Angola;Alleengaanden;2004;282;843;89;-561;193;134;888;-754
1675;Mannen en vrouwen;Angola;Alleengaanden;2005;143;973;76;-830;67;151;1048;-897
1676;Mannen en vrouwen;Angola;Alleengaanden;2006;102;859;105;-757;-3;178;932;-754
1677;Mannen en vrouwen;Angola;Alleengaanden;2007;136;536;94;-400;42;202;644;-442
1678;Mannen en vrouwen;Angola;Alleengaanden;2008;170;308;102;-138;68;305;511;-206
1679;Mannen en vrouwen;Angola;Alleengaanden;2009;129;303;112;-174;17;198;389;-191
1680;Mannen en vrouwen;Anguilla;Totaal personen;1995;1;3;3;-2;-2;0;0;0
1681;Mannen en vrouwen;Anguilla;Totaal personen;1996;1;0;0;1;1;0;0;0
1682;Mannen en vrouwen;Anguilla;Totaal personen;1997;4;0;0;4;4;0;0;0
1683;Mannen en vrouwen;Anguilla;Totaal personen;1998;3;2;2;1;1;0;0;0
1684;Mannen en vrouwen;Anguilla;Totaal personen;1999;4;2;2;2;2;1;1;0
1685;Mannen en vrouwen;Anguilla;Totaal personen;2000;4;2;1;2;3;0;1;-1
1686;Mannen en vrouwen;Anguilla;Totaal personen;2001;1;0;0;1;1;0;0;0
1687;Mannen en vrouwen;Anguilla;Totaal personen;2002;3;1;1;2;2;0;0;0
1688;Mannen en vrouwen;Anguilla;Totaal personen;2003;6;0;0;6;6;0;0;0
1689;Mannen en vrouwen;Anguilla;Totaal personen;2004;1;4;2;-3;-1;0;2;-2
1690;Mannen en vrouwen;Anguilla;Totaal personen;2005;1;5;4;-4;-3;1;2;-1
1691;Mannen en vrouwen;Anguilla;Totaal personen;2006;1;1;0;0;1;1;2;-1
1692;Mannen en vrouwen;Anguilla;Totaal personen;2007;2;-1;1;3;1;2;0;2
1693;Mannen en vrouwen;Anguilla;Totaal personen;2008;2;2;1;0;1;0;1;-1
1694;Mannen en vrouwen;Anguilla;Totaal personen;2009;0;1;1;-1;-1;0;0;0
1695;Mannen en vrouwen;Anguilla;Totaal in gezinsverband;1995;0;1;1;-1;-1;0;0;0
1696;Mannen en vrouwen;Anguilla;Totaal in gezinsverband;1996;0;0;0;0;0;0;0;0
1697;Mannen en vrouwen;Anguilla;Totaal in gezinsverband;1997;0;0;0;0;0;0;0;0
1698;Mannen en vrouwen;Anguilla;Totaal in gezinsverband;1998;2;0;0;2;2;0;0;0
1699;Mannen en vrouwen;Anguilla;Totaal in gezinsverband;1999;0;0;0;0;0;0;0;0
1700;Mannen en vrouwen;Anguilla;Totaal in gezinsverband;2000;0;0;0;0;0;0;0;0
1701;Mannen en vrouwen;Anguilla;Totaal in gezinsverband;2001;1;0;0;1;1;0;0;0
1702;Mannen en vrouwen;Anguilla;Totaal in gezinsverband;2002;1;0;0;1;1;0;0;0
1703;Mannen en vrouwen;Anguilla;Totaal in gezinsverband;2003;0;0;0;0;0;0;0;0
1704;Mannen en vrouwen;Anguilla;Totaal in gezinsverband;2004;0;1;0;-1;0;0;1;-1
1705;Mannen en vrouwen;Anguilla;Totaal in gezinsverband;2005;0;1;1;-1;-1;0;0;0
1706;Mannen en vrouwen;Anguilla;Totaal in gezinsverband;2006;0;1;0;-1;0;0;1;-1
1707;Mannen en vrouwen;Anguilla;Totaal in gezinsverband;2007;0;1;1;-1;-1;0;0;0
1708;Mannen en vrouwen;Anguilla;Totaal in gezinsverband;2008;0;1;1;-1;-1;0;0;0
1709;Mannen en vrouwen;Anguilla;Totaal in gezinsverband;2009;0;0;0;0;0;0;0;0
1710;Mannen en vrouwen;Anguilla;Personen in echtpaar;1995;0;0;0;0;0;0;0;0
1711;Mannen en vrouwen;Anguilla;Personen in echtpaar;1996;0;0;0;0;0;0;0;0
1712;Mannen en vrouwen;Anguilla;Personen in echtpaar;1997;0;0;0;0;0;0;0;0
1713;Mannen en vrouwen;Anguilla;Personen in echtpaar;1998;0;0;0;0;0;0;0;0
1714;Mannen en vrouwen;Anguilla;Personen in echtpaar;1999;0;0;0;0;0;0;0;0
1715;Mannen en vrouwen;Anguilla;Personen in echtpaar;2000;0;0;0;0;0;0;0;0
1716;Mannen en vrouwen;Anguilla;Personen in echtpaar;2001;0;0;0;0;0;0;0;0
1717;Mannen en vrouwen;Anguilla;Personen in echtpaar;2002;0;0;0;0;0;0;0;0
1718;Mannen en vrouwen;Anguilla;Personen in echtpaar;2003;0;0;0;0;0;0;0;0
1719;Mannen en vrouwen;Anguilla;Personen in echtpaar;2004;0;0;0;0;0;0;0;0
1720;Mannen en vrouwen;Anguilla;Personen in echtpaar;2005;0;1;1;-1;-1;0;0;0
1721;Mannen en vrouwen;Anguilla;Personen in echtpaar;2006;0;0;0;0;0;0;0;0
1722;Mannen en vrouwen;Anguilla;Personen in echtpaar;2007;0;0;0;0;0;0;0;0
1723;Mannen en vrouwen;Anguilla;Personen in echtpaar;2008;0;0;0;0;0;0;0;0
1724;Mannen en vrouwen;Anguilla;Personen in echtpaar;2009;0;0;0;0;0;0;0;0
1725;Mannen en vrouwen;Anguilla;Personen in eenoudergezin met vader;1995;0;0;0;0;0;0;0;0
1726;Mannen en vrouwen;Anguilla;Personen in eenoudergezin met vader;1996;0;0;0;0;0;0;0;0
1727;Mannen en vrouwen;Anguilla;Personen in eenoudergezin met vader;1997;0;0;0;0;0;0;0;0
1728;Mannen en vrouwen;Anguilla;Personen in eenoudergezin met vader;1998;0;0;0;0;0;0;0;0
1729;Mannen en vrouwen;Anguilla;Personen in eenoudergezin met vader;1999;0;0;0;0;0;0;0;0
1730;Mannen en vrouwen;Anguilla;Personen in eenoudergezin met vader;2000;0;0;0;0;0;0;0;0
1731;Mannen en vrouwen;Anguilla;Personen in eenoudergezin met vader;2001;0;0;0;0;0;0;0;0
1732;Mannen en vrouwen;Anguilla;Personen in eenoudergezin met vader;2002;0;0;0;0;0;0;0;0
1733;Mannen en vrouwen;Anguilla;Personen in eenoudergezin met vader;2003;0;0;0;0;0;0;0;0
1734;Mannen en vrouwen;Anguilla;Personen in eenoudergezin met vader;2004;0;0;0;0;0;0;0;0
1735;Mannen en vrouwen;Anguilla;Personen in eenoudergezin met vader;2005;0;0;0;0;0;0;0;0
1736;Mannen en vrouwen;Anguilla;Personen in eenoudergezin met vader;2006;0;0;0;0;0;0;0;0
1737;Mannen en vrouwen;Anguilla;Personen in eenoudergezin met vader;2007;0;0;0;0;0;0;0;0
1738;Mannen en vrouwen;Anguilla;Personen in eenoudergezin met vader;2008;0;0;0;0;0;0;0;0
1739;Mannen en vrouwen;Anguilla;Personen in eenoudergezin met vader;2009;0;0;0;0;0;0;0;0
1740;Mannen en vrouwen;Anguilla;Personen in eenoudergezin met moeder;1995;0;1;1;-1;-1;0;0;0
1741;Mannen en vrouwen;Anguilla;Personen in eenoudergezin met moeder;1996;0;0;0;0;0;0;0;0
1742;Mannen en vrouwen;Anguilla;Personen in eenoudergezin met moeder;1997;0;0;0;0;0;0;0;0
1743;Mannen en vrouwen;Anguilla;Personen in eenoudergezin met moeder;1998;1;0;0;1;1;0;0;0
1744;Mannen en vrouwen;Anguilla;Personen in eenoudergezin met moeder;1999;0;0;0;0;0;0;0;0
1745;Mannen en vrouwen;Anguilla;Personen in eenoudergezin met moeder;2000;0;0;0;0;0;0;0;0
1746;Mannen en vrouwen;Anguilla;Personen in eenoudergezin met moeder;2001;0;0;0;0;0;0;0;0
1747;Mannen en vrouwen;Anguilla;Personen in eenoudergezin met moeder;2002;1;0;0;1;1;0;0;0
1748;Mannen en vrouwen;Anguilla;Personen in eenoudergezin met moeder;2003;0;0;0;0;0;0;0;0
1749;Mannen en vrouwen;Anguilla;Personen in eenoudergezin met moeder;2004;0;1;0;-1;0;0;1;-1
1750;Mannen en vrouwen;Anguilla;Personen in eenoudergezin met moeder;2005;0;0;0;0;0;0;0;0
1751;Mannen en vrouwen;Anguilla;Personen in eenoudergezin met moeder;2006;0;1;0;-1;0;0;1;-1
1752;Mannen en vrouwen;Anguilla;Personen in eenoudergezin met moeder;2007;0;1;1;-1;-1;0;0;0
1753;Mannen en vrouwen;Anguilla;Personen in eenoudergezin met moeder;2008;0;1;1;-1;-1;0;0;0
1754;Mannen en vrouwen;Anguilla;Personen in eenoudergezin met moeder;2009;0;0;0;0;0;0;0;0
1755;Mannen en vrouwen;Anguilla;Personen in samenwonend paar met kin...;1995;0;0;0;0;0;0;0;0
1756;Mannen en vrouwen;Anguilla;Personen in samenwonend paar met kin...;1996;0;0;0;0;0;0;0;0
1757;Mannen en vrouwen;Anguilla;Personen in samenwonend paar met kin...;1997;0;0;0;0;0;0;0;0
1758;Mannen en vrouwen;Anguilla;Personen in samenwonend paar met kin...;1998;1;0;0;1;1;0;0;0
1759;Mannen en vrouwen;Anguilla;Personen in samenwonend paar met kin...;1999;0;0;0;0;0;0;0;0
1760;Mannen en vrouwen;Anguilla;Personen in samenwonend paar met kin...;2000;0;0;0;0;0;0;0;0
1761;Mannen en vrouwen;Anguilla;Personen in samenwonend paar met kin...;2001;1;0;0;1;1;0;0;0
1762;Mannen en vrouwen;Anguilla;Personen in samenwonend paar met kin...;2002;0;0;0;0;0;0;0;0
1763;Mannen en vrouwen;Anguilla;Personen in samenwonend paar met kin...;2003;0;0;0;0;0;0;0;0
1764;Mannen en vrouwen;Anguilla;Personen in samenwonend paar met kin...;2004;0;0;0;0;0;0;0;0
1765;Mannen en vrouwen;Anguilla;Personen in samenwonend paar met kin...;2005;0;0;0;0;0;0;0;0
1766;Mannen en vrouwen;Anguilla;Personen in samenwonend paar met kin...;2006;0;0;0;0;0;0;0;0
1767;Mannen en vrouwen;Anguilla;Personen in samenwonend paar met kin...;2007;0;0;0;0;0;0;0;0
1768;Mannen en vrouwen;Anguilla;Personen in samenwonend paar met kin...;2008;0;0;0;0;0;0;0;0
1769;Mannen en vrouwen;Anguilla;Personen in samenwonend paar met kin...;2009;0;0;0;0;0;0;0;0
1770;Mannen en vrouwen;Anguilla;Alleengaanden;1995;1;2;2;-1;-1;0;0;0
1771;Mannen en vrouwen;Anguilla;Alleengaanden;1996;1;0;0;1;1;0;0;0
1772;Mannen en vrouwen;Anguilla;Alleengaanden;1997;4;0;0;4;4;0;0;0
1773;Mannen en vrouwen;Anguilla;Alleengaanden;1998;1;2;2;-1;-1;0;0;0
1774;Mannen en vrouwen;Anguilla;Alleengaanden;1999;4;2;2;2;2;1;1;0
1775;Mannen en vrouwen;Anguilla;Alleengaanden;2000;4;2;1;2;3;0;1;-1
1776;Mannen en vrouwen;Anguilla;Alleengaanden;2001;0;0;0;0;0;0;0;0
1777;Mannen en vrouwen;Anguilla;Alleengaanden;2002;2;1;1;1;1;0;0;0
1778;Mannen en vrouwen;Anguilla;Alleengaanden;2003;6;0;0;6;6;0;0;0
1779;Mannen en vrouwen;Anguilla;Alleengaanden;2004;1;3;2;-2;-1;0;1;-1
1780;Mannen en vrouwen;Anguilla;Alleengaanden;2005;1;4;3;-3;-2;1;2;-1
1781;Mannen en vrouwen;Anguilla;Alleengaanden;2006;1;0;0;1;1;1;1;0
1782;Mannen en vrouwen;Anguilla;Alleengaanden;2007;2;-2;0;4;2;2;0;2
1783;Mannen en vrouwen;Anguilla;Alleengaanden;2008;2;1;0;1;2;0;1;-1
1784;Mannen en vrouwen;Anguilla;Alleengaanden;2009;0;1;1;-1;-1;0;0;0
1785;Mannen en vrouwen;Antarctica;Totaal personen;1995;0;0;0;0;0;0;0;0
1786;Mannen en vrouwen;Antarctica;Totaal personen;1996;0;0;0;0;0;0;0;0
1787;Mannen en vrouwen;Antarctica;Totaal personen;1997;0;0;0;0;0;0;0;0
1788;Mannen en vrouwen;Antarctica;Totaal personen;1998;0;0;0;0;0;0;0;0
1789;Mannen en vrouwen;Antarctica;Totaal personen;1999;0;0;0;0;0;0;0;0
1790;Mannen en vrouwen;Antarctica;Totaal personen;2000;0;0;0;0;0;0;0;0
1791;Mannen en vrouwen;Antarctica;Totaal personen;2001;0;0;0;0;0;0;0;0
1792;Mannen en vrouwen;Antarctica;Totaal personen;2002;0;0;0;0;0;0;0;0
1793;Mannen en vrouwen;Antarctica;Totaal personen;2003;0;0;0;0;0;0;0;0
1794;Mannen en vrouwen;Antarctica;Totaal personen;2004;0;0;0;0;0;0;0;0
1795;Mannen en vrouwen;Antarctica;Totaal personen;2005;0;0;0;0;0;0;0;0
1796;Mannen en vrouwen;Antarctica;Totaal personen;2006;0;0;0;0;0;0;0;0
1797;Mannen en vrouwen;Antarctica;Totaal personen;2007;0;0;0;0;0;0;0;0
1798;Mannen en vrouwen;Antarctica;Totaal personen;2008;0;0;0;0;0;0;0;0
1799;Mannen en vrouwen;Antarctica;Totaal personen;2009;0;0;0;0;0;0;0;0
1800;Mannen en vrouwen;Antarctica;Totaal in gezinsverband;1995;0;0;0;0;0;0;0;0
1801;Mannen en vrouwen;Antarctica;Totaal in gezinsverband;1996;0;0;0;0;0;0;0;0
1802;Mannen en vrouwen;Antarctica;Totaal in gezinsverband;1997;0;0;0;0;0;0;0;0
1803;Mannen en vrouwen;Antarctica;Totaal in gezinsverband;1998;0;0;0;0;0;0;0;0
1804;Mannen en vrouwen;Antarctica;Totaal in gezinsverband;1999;0;0;0;0;0;0;0;0
1805;Mannen en vrouwen;Antarctica;Totaal in gezinsverband;2000;0;0;0;0;0;0;0;0
1806;Mannen en vrouwen;Antarctica;Totaal in gezinsverband;2001;0;0;0;0;0;0;0;0
1807;Mannen en vrouwen;Antarctica;Totaal in gezinsverband;2002;0;0;0;0;0;0;0;0
1808;Mannen en vrouwen;Antarctica;Totaal in gezinsverband;2003;0;0;0;0;0;0;0;0
1809;Mannen en vrouwen;Antarctica;Totaal in gezinsverband;2004;0;0;0;0;0;0;0;0
1810;Mannen en vrouwen;Antarctica;Totaal in gezinsverband;2005;0;0;0;0;0;0;0;0
1811;Mannen en vrouwen;Antarctica;Totaal in gezinsverband;2006;0;0;0;0;0;0;0;0
1812;Mannen en vrouwen;Antarctica;Totaal in gezinsverband;2007;0;0;0;0;0;0;0;0
1813;Mannen en vrouwen;Antarctica;Totaal in gezinsverband;2008;0;0;0;0;0;0;0;0
1814;Mannen en vrouwen;Antarctica;Totaal in gezinsverband;2009;0;0;0;0;0;0;0;0
1815;Mannen en vrouwen;Antarctica;Personen in echtpaar;1995;0;0;0;0;0;0;0;0
1816;Mannen en vrouwen;Antarctica;Personen in echtpaar;1996;0;0;0;0;0;0;0;0
1817;Mannen en vrouwen;Antarctica;Personen in echtpaar;1997;0;0;0;0;0;0;0;0
1818;Mannen en vrouwen;Antarctica;Personen in echtpaar;1998;0;0;0;0;0;0;0;0
1819;Mannen en vrouwen;Antarctica;Personen in echtpaar;1999;0;0;0;0;0;0;0;0
1820;Mannen en vrouwen;Antarctica;Personen in echtpaar;2000;0;0;0;0;0;0;0;0
1821;Mannen en vrouwen;Antarctica;Personen in echtpaar;2001;0;0;0;0;0;0;0;0
1822;Mannen en vrouwen;Antarctica;Personen in echtpaar;2002;0;0;0;0;0;0;0;0
1823;Mannen en vrouwen;Antarctica;Personen in echtpaar;2003;0;0;0;0;0;0;0;0
1824;Mannen en vrouwen;Antarctica;Personen in echtpaar;2004;0;0;0;0;0;0;0;0
1825;Mannen en vrouwen;Antarctica;Personen in echtpaar;2005;0;0;0;0;0;0;0;0
1826;Mannen en vrouwen;Antarctica;Personen in echtpaar;2006;0;0;0;0;0;0;0;0
1827;Mannen en vrouwen;Antarctica;Personen in echtpaar;2007;0;0;0;0;0;0;0;0
1828;Mannen en vrouwen;Antarctica;Personen in echtpaar;2008;0;0;0;0;0;0;0;0
1829;Mannen en vrouwen;Antarctica;Personen in echtpaar;2009;0;0;0;0;0;0;0;0
1830;Mannen en vrouwen;Antarctica;Personen in eenoudergezin met vader;1995;0;0;0;0;0;0;0;0
1831;Mannen en vrouwen;Antarctica;Personen in eenoudergezin met vader;1996;0;0;0;0;0;0;0;0
1832;Mannen en vrouwen;Antarctica;Personen in eenoudergezin met vader;1997;0;0;0;0;0;0;0;0
1833;Mannen en vrouwen;Antarctica;Personen in eenoudergezin met vader;1998;0;0;0;0;0;0;0;0
1834;Mannen en vrouwen;Antarctica;Personen in eenoudergezin met vader;1999;0;0;0;0;0;0;0;0
1835;Mannen en vrouwen;Antarctica;Personen in eenoudergezin met vader;2000;0;0;0;0;0;0;0;0
1836;Mannen en vrouwen;Antarctica;Personen in eenoudergezin met vader;2001;0;0;0;0;0;0;0;0
1837;Mannen en vrouwen;Antarctica;Personen in eenoudergezin met vader;2002;0;0;0;0;0;0;0;0
1838;Mannen en vrouwen;Antarctica;Personen in eenoudergezin met vader;2003;0;0;0;0;0;0;0;0
1839;Mannen en vrouwen;Antarctica;Personen in eenoudergezin met vader;2004;0;0;0;0;0;0;0;0
1840;Mannen en vrouwen;Antarctica;Personen in eenoudergezin met vader;2005;0;0;0;0;0;0;0;0
1841;Mannen en vrouwen;Antarctica;Personen in eenoudergezin met vader;2006;0;0;0;0;0;0;0;0
1842;Mannen en vrouwen;Antarctica;Personen in eenoudergezin met vader;2007;0;0;0;0;0;0;0;0
1843;Mannen en vrouwen;Antarctica;Personen in eenoudergezin met vader;2008;0;0;0;0;0;0;0;0
1844;Mannen en vrouwen;Antarctica;Personen in eenoudergezin met vader;2009;0;0;0;0;0;0;0;0
1845;Mannen en vrouwen;Antarctica;Personen in eenoudergezin met moeder;1995;0;0;0;0;0;0;0;0
1846;Mannen en vrouwen;Antarctica;Personen in eenoudergezin met moeder;1996;0;0;0;0;0;0;0;0
1847;Mannen en vrouwen;Antarctica;Personen in eenoudergezin met moeder;1997;0;0;0;0;0;0;0;0
1848;Mannen en vrouwen;Antarctica;Personen in eenoudergezin met moeder;1998;0;0;0;0;0;0;0;0
1849;Mannen en vrouwen;Antarctica;Personen in eenoudergezin met moeder;1999;0;0;0;0;0;0;0;0
1850;Mannen en vrouwen;Antarctica;Personen in eenoudergezin met moeder;2000;0;0;0;0;0;0;0;0
1851;Mannen en vrouwen;Antarctica;Personen in eenoudergezin met moeder;2001;0;0;0;0;0;0;0;0
1852;Mannen en vrouwen;Antarctica;Personen in eenoudergezin met moeder;2002;0;0;0;0;0;0;0;0
1853;Mannen en vrouwen;Antarctica;Personen in eenoudergezin met moeder;2003;0;0;0;0;0;0;0;0
1854;Mannen en vrouwen;Antarctica;Personen in eenoudergezin met moeder;2004;0;0;0;0;0;0;0;0
1855;Mannen en vrouwen;Antarctica;Personen in eenoudergezin met moeder;2005;0;0;0;0;0;0;0;0
1856;Mannen en vrouwen;Antarctica;Personen in eenoudergezin met moeder;2006;0;0;0;0;0;0;0;0
1857;Mannen en vrouwen;Antarctica;Personen in eenoudergezin met moeder;2007;0;0;0;0;0;0;0;0
1858;Mannen en vrouwen;Antarctica;Personen in eenoudergezin met moeder;2008;0;0;0;0;0;0;0;0
1859;Mannen en vrouwen;Antarctica;Personen in eenoudergezin met moeder;2009;0;0;0;0;0;0;0;0
1860;Mannen en vrouwen;Antarctica;Personen in samenwonend paar met kin...;1995;0;0;0;0;0;0;0;0
1861;Mannen en vrouwen;Antarctica;Personen in samenwonend paar met kin...;1996;0;0;0;0;0;0;0;0
1862;Mannen en vrouwen;Antarctica;Personen in samenwonend paar met kin...;1997;0;0;0;0;0;0;0;0
1863;Mannen en vrouwen;Antarctica;Personen in samenwonend paar met kin...;1998;0;0;0;0;0;0;0;0
1864;Mannen en vrouwen;Antarctica;Personen in samenwonend paar met kin...;1999;0;0;0;0;0;0;0;0
1865;Mannen en vrouwen;Antarctica;Personen in samenwonend paar met kin...;2000;0;0;0;0;0;0;0;0
1866;Mannen en vrouwen;Antarctica;Personen in samenwonend paar met kin...;2001;0;0;0;0;0;0;0;0
1867;Mannen en vrouwen;Antarctica;Personen in samenwonend paar met kin...;2002;0;0;0;0;0;0;0;0
1868;Mannen en vrouwen;Antarctica;Personen in samenwonend paar met kin...;2003;0;0;0;0;0;0;0;0
1869;Mannen en vrouwen;Antarctica;Personen in samenwonend paar met kin...;2004;0;0;0;0;0;0;0;0
1870;Mannen en vrouwen;Antarctica;Personen in samenwonend paar met kin...;2005;0;0;0;0;0;0;0;0
1871;Mannen en vrouwen;Antarctica;Personen in samenwonend paar met kin...;2006;0;0;0;0;0;0;0;0
1872;Mannen en vrouwen;Antarctica;Personen in samenwonend paar met kin...;2007;0;0;0;0;0;0;0;0
1873;Mannen en vrouwen;Antarctica;Personen in samenwonend paar met kin...;2008;0;0;0;0;0;0;0;0
1874;Mannen en vrouwen;Antarctica;Personen in samenwonend paar met kin...;2009;0;0;0;0;0;0;0;0
1875;Mannen en vrouwen;Antarctica;Alleengaanden;1995;0;0;0;0;0;0;0;0
1876;Mannen en vrouwen;Antarctica;Alleengaanden;1996;0;0;0;0;0;0;0;0
1877;Mannen en vrouwen;Antarctica;Alleengaanden;1997;0;0;0;0;0;0;0;0
1878;Mannen en vrouwen;Antarctica;Alleengaanden;1998;0;0;0;0;0;0;0;0
1879;Mannen en vrouwen;Antarctica;Alleengaanden;1999;0;0;0;0;0;0;0;0
1880;Mannen en vrouwen;Antarctica;Alleengaanden;2000;0;0;0;0;0;0;0;0
1881;Mannen en vrouwen;Antarctica;Alleengaanden;2001;0;0;0;0;0;0;0;0
1882;Mannen en vrouwen;Antarctica;Alleengaanden;2002;0;0;0;0;0;0;0;0
1883;Mannen en vrouwen;Antarctica;Alleengaanden;2003;0;0;0;0;0;0;0;0
1884;Mannen en vrouwen;Antarctica;Alleengaanden;2004;0;0;0;0;0;0;0;0
1885;Mannen en vrouwen;Antarctica;Alleengaanden;2005;0;0;0;0;0;0;0;0
1886;Mannen en vrouwen;Antarctica;Alleengaanden;2006;0;0;0;0;0;0;0;0
1887;Mannen en vrouwen;Antarctica;Alleengaanden;2007;0;0;0;0;0;0;0;0
1888;Mannen en vrouwen;Antarctica;Alleengaanden;2008;0;0;0;0;0;0;0;0
1889;Mannen en vrouwen;Antarctica;Alleengaanden;2009;0;0;0;0;0;0;0;0
1890;Mannen en vrouwen;Antigua en Barbuda;Totaal personen;1995;1;-1;0;2;1;1;0;1
1891;Mannen en vrouwen;Antigua en Barbuda;Totaal personen;1996;4;3;1;1;3;0;2;-2
1892;Mannen en vrouwen;Antigua en Barbuda;Totaal personen;1997;0;1;1;-1;-1;0;0;0
1893;Mannen en vrouwen;Antigua en Barbuda;Totaal personen;1998;3;0;0;3;3;0;0;0
1894;Mannen en vrouwen;Antigua en Barbuda;Totaal personen;1999;2;1;1;1;1;0;0;0
1895;Mannen en vrouwen;Antigua en Barbuda;Totaal personen;2000;0;0;0;0;0;0;0;0
1896;Mannen en vrouwen;Antigua en Barbuda;Totaal personen;2001;2;3;3;-1;-1;0;0;0
1897;Mannen en vrouwen;Antigua en Barbuda;Totaal personen;2002;6;1;1;5;5;0;0;0
1898;Mannen en vrouwen;Antigua en Barbuda;Totaal personen;2003;2;0;0;2;2;0;0;0
1899;Mannen en vrouwen;Antigua en Barbuda;Totaal personen;2004;1;2;2;-1;-1;0;0;0
1900;Mannen en vrouwen;Antigua en Barbuda;Totaal personen;2005;2;0;0;2;2;0;0;0
1901;Mannen en vrouwen;Antigua en Barbuda;Totaal personen;2006;2;3;2;-1;0;0;1;-1
1902;Mannen en vrouwen;Antigua en Barbuda;Totaal personen;2007;2;2;2;0;0;0;0;0
1903;Mannen en vrouwen;Antigua en Barbuda;Totaal personen;2008;3;3;3;0;0;0;0;0
1904;Mannen en vrouwen;Antigua en Barbuda;Totaal personen;2009;1;2;1;-1;0;0;1;-1
1905;Mannen en vrouwen;Antigua en Barbuda;Totaal in gezinsverband;1995;0;0;0;0;0;0;0;0
1906;Mannen en vrouwen;Antigua en Barbuda;Totaal in gezinsverband;1996;2;2;0;0;2;0;2;-2
1907;Mannen en vrouwen;Antigua en Barbuda;Totaal in gezinsverband;1997;0;1;1;-1;-1;0;0;0
1908;Mannen en vrouwen;Antigua en Barbuda;Totaal in gezinsverband;1998;0;0;0;0;0;0;0;0
1909;Mannen en vrouwen;Antigua en Barbuda;Totaal in gezinsverband;1999;0;0;0;0;0;0;0;0
1910;Mannen en vrouwen;Antigua en Barbuda;Totaal in gezinsverband;2000;0;0;0;0;0;0;0;0
1911;Mannen en vrouwen;Antigua en Barbuda;Totaal in gezinsverband;2001;0;0;0;0;0;0;0;0
1912;Mannen en vrouwen;Antigua en Barbuda;Totaal in gezinsverband;2002;0;0;0;0;0;0;0;0
1913;Mannen en vrouwen;Antigua en Barbuda;Totaal in gezinsverband;2003;0;0;0;0;0;0;0;0
1914;Mannen en vrouwen;Antigua en Barbuda;Totaal in gezinsverband;2004;0;2;2;-2;-2;0;0;0
1915;Mannen en vrouwen;Antigua en Barbuda;Totaal in gezinsverband;2005;0;0;0;0;0;0;0;0
1916;Mannen en vrouwen;Antigua en Barbuda;Totaal in gezinsverband;2006;0;1;1;-1;-1;0;0;0
1917;Mannen en vrouwen;Antigua en Barbuda;Totaal in gezinsverband;2007;0;1;1;-1;-1;0;0;0
1918;Mannen en vrouwen;Antigua en Barbuda;Totaal in gezinsverband;2008;0;0;0;0;0;0;0;0
1919;Mannen en vrouwen;Antigua en Barbuda;Totaal in gezinsverband;2009;1;0;0;1;1;0;0;0
1920;Mannen en vrouwen;Antigua en Barbuda;Personen in echtpaar;1995;0;0;0;0;0;0;0;0
1921;Mannen en vrouwen;Antigua en Barbuda;Personen in echtpaar;1996;1;0;0;1;1;0;0;0
1922;Mannen en vrouwen;Antigua en Barbuda;Personen in echtpaar;1997;0;1;1;-1;-1;0;0;0
1923;Mannen en vrouwen;Antigua en Barbuda;Personen in echtpaar;1998;0;0;0;0;0;0;0;0
1924;Mannen en vrouwen;Antigua en Barbuda;Personen in echtpaar;1999;0;0;0;0;0;0;0;0
1925;Mannen en vrouwen;Antigua en Barbuda;Personen in echtpaar;2000;0;0;0;0;0;0;0;0
1926;Mannen en vrouwen;Antigua en Barbuda;Personen in echtpaar;2001;0;0;0;0;0;0;0;0
1927;Mannen en vrouwen;Antigua en Barbuda;Personen in echtpaar;2002;0;0;0;0;0;0;0;0
1928;Mannen en vrouwen;Antigua en Barbuda;Personen in echtpaar;2003;0;0;0;0;0;0;0;0
1929;Mannen en vrouwen;Antigua en Barbuda;Personen in echtpaar;2004;0;1;1;-1;-1;0;0;0
1930;Mannen en vrouwen;Antigua en Barbuda;Personen in echtpaar;2005;0;0;0;0;0;0;0;0
1931;Mannen en vrouwen;Antigua en Barbuda;Personen in echtpaar;2006;0;1;1;-1;-1;0;0;0
1932;Mannen en vrouwen;Antigua en Barbuda;Personen in echtpaar;2007;0;1;1;-1;-1;0;0;0
1933;Mannen en vrouwen;Antigua en Barbuda;Personen in echtpaar;2008;0;0;0;0;0;0;0;0
1934;Mannen en vrouwen;Antigua en Barbuda;Personen in echtpaar;2009;0;0;0;0;0;0;0;0
1935;Mannen en vrouwen;Antigua en Barbuda;Personen in eenoudergezin met vader;1995;0;0;0;0;0;0;0;0
1936;Mannen en vrouwen;Antigua en Barbuda;Personen in eenoudergezin met vader;1996;0;0;0;0;0;0;0;0
1937;Mannen en vrouwen;Antigua en Barbuda;Personen in eenoudergezin met vader;1997;0;0;0;0;0;0;0;0
1938;Mannen en vrouwen;Antigua en Barbuda;Personen in eenoudergezin met vader;1998;0;0;0;0;0;0;0;0
1939;Mannen en vrouwen;Antigua en Barbuda;Personen in eenoudergezin met vader;1999;0;0;0;0;0;0;0;0
1940;Mannen en vrouwen;Antigua en Barbuda;Personen in eenoudergezin met vader;2000;0;0;0;0;0;0;0;0
1941;Mannen en vrouwen;Antigua en Barbuda;Personen in eenoudergezin met vader;2001;0;0;0;0;0;0;0;0
1942;Mannen en vrouwen;Antigua en Barbuda;Personen in eenoudergezin met vader;2002;0;0;0;0;0;0;0;0
1943;Mannen en vrouwen;Antigua en Barbuda;Personen in eenoudergezin met vader;2003;0;0;0;0;0;0;0;0
1944;Mannen en vrouwen;Antigua en Barbuda;Personen in eenoudergezin met vader;2004;0;0;0;0;0;0;0;0
1945;Mannen en vrouwen;Antigua en Barbuda;Personen in eenoudergezin met vader;2005;0;0;0;0;0;0;0;0
1946;Mannen en vrouwen;Antigua en Barbuda;Personen in eenoudergezin met vader;2006;0;0;0;0;0;0;0;0
1947;Mannen en vrouwen;Antigua en Barbuda;Personen in eenoudergezin met vader;2007;0;0;0;0;0;0;0;0
1948;Mannen en vrouwen;Antigua en Barbuda;Personen in eenoudergezin met vader;2008;0;0;0;0;0;0;0;0
1949;Mannen en vrouwen;Antigua en Barbuda;Personen in eenoudergezin met vader;2009;0;0;0;0;0;0;0;0
1950;Mannen en vrouwen;Antigua en Barbuda;Personen in eenoudergezin met moeder;1995;0;0;0;0;0;0;0;0
1951;Mannen en vrouwen;Antigua en Barbuda;Personen in eenoudergezin met moeder;1996;1;2;0;-1;1;0;2;-2
1952;Mannen en vrouwen;Antigua en Barbuda;Personen in eenoudergezin met moeder;1997;0;0;0;0;0;0;0;0
1953;Mannen en vrouwen;Antigua en Barbuda;Personen in eenoudergezin met moeder;1998;0;0;0;0;0;0;0;0
1954;Mannen en vrouwen;Antigua en Barbuda;Personen in eenoudergezin met moeder;1999;0;0;0;0;0;0;0;0
1955;Mannen en vrouwen;Antigua en Barbuda;Personen in eenoudergezin met moeder;2000;0;0;0;0;0;0;0;0
1956;Mannen en vrouwen;Antigua en Barbuda;Personen in eenoudergezin met moeder;2001;0;0;0;0;0;0;0;0
1957;Mannen en vrouwen;Antigua en Barbuda;Personen in eenoudergezin met moeder;2002;0;0;0;0;0;0;0;0
1958;Mannen en vrouwen;Antigua en Barbuda;Personen in eenoudergezin met moeder;2003;0;0;0;0;0;0;0;0
1959;Mannen en vrouwen;Antigua en Barbuda;Personen in eenoudergezin met moeder;2004;0;1;1;-1;-1;0;0;0
1960;Mannen en vrouwen;Antigua en Barbuda;Personen in eenoudergezin met moeder;2005;0;0;0;0;0;0;0;0
1961;Mannen en vrouwen;Antigua en Barbuda;Personen in eenoudergezin met moeder;2006;0;0;0;0;0;0;0;0
1962;Mannen en vrouwen;Antigua en Barbuda;Personen in eenoudergezin met moeder;2007;0;0;0;0;0;0;0;0
1963;Mannen en vrouwen;Antigua en Barbuda;Personen in eenoudergezin met moeder;2008;0;0;0;0;0;0;0;0
1964;Mannen en vrouwen;Antigua en Barbuda;Personen in eenoudergezin met moeder;2009;1;0;0;1;1;0;0;0
1965;Mannen en vrouwen;Antigua en Barbuda;Personen in samenwonend paar met kin...;1995;0;0;0;0;0;0;0;0
1966;Mannen en vrouwen;Antigua en Barbuda;Personen in samenwonend paar met kin...;1996;0;0;0;0;0;0;0;0
1967;Mannen en vrouwen;Antigua en Barbuda;Personen in samenwonend paar met kin...;1997;0;0;0;0;0;0;0;0
1968;Mannen en vrouwen;Antigua en Barbuda;Personen in samenwonend paar met kin...;1998;0;0;0;0;0;0;0;0
1969;Mannen en vrouwen;Antigua en Barbuda;Personen in samenwonend paar met kin...;1999;0;0;0;0;0;0;0;0
1970;Mannen en vrouwen;Antigua en Barbuda;Personen in samenwonend paar met kin...;2000;0;0;0;0;0;0;0;0
1971;Mannen en vrouwen;Antigua en Barbuda;Personen in samenwonend paar met kin...;2001;0;0;0;0;0;0;0;0
1972;Mannen en vrouwen;Antigua en Barbuda;Personen in samenwonend paar met kin...;2002;0;0;0;0;0;0;0;0
1973;Mannen en vrouwen;Antigua en Barbuda;Personen in samenwonend paar met kin...;2003;0;0;0;0;0;0;0;0
1974;Mannen en vrouwen;Antigua en Barbuda;Personen in samenwonend paar met kin...;2004;0;0;0;0;0;0;0;0
1975;Mannen en vrouwen;Antigua en Barbuda;Personen in samenwonend paar met kin...;2005;0;0;0;0;0;0;0;0
1976;Mannen en vrouwen;Antigua en Barbuda;Personen in samenwonend paar met kin...;2006;0;0;0;0;0;0;0;0
1977;Mannen en vrouwen;Antigua en Barbuda;Personen in samenwonend paar met kin...;2007;0;0;0;0;0;0;0;0
1978;Mannen en vrouwen;Antigua en Barbuda;Personen in samenwonend paar met kin...;2008;0;0;0;0;0;0;0;0
1979;Mannen en vrouwen;Antigua en Barbuda;Personen in samenwonend paar met kin...;2009;0;0;0;0;0;0;0;0
1980;Mannen en vrouwen;Antigua en Barbuda;Alleengaanden;1995;1;-1;0;2;1;1;0;1
1981;Mannen en vrouwen;Antigua en Barbuda;Alleengaanden;1996;2;1;1;1;1;0;0;0
1982;Mannen en vrouwen;Antigua en Barbuda;Alleengaanden;1997;0;0;0;0;0;0;0;0
1983;Mannen en vrouwen;Antigua en Barbuda;Alleengaanden;1998;3;0;0;3;3;0;0;0
1984;Mannen en vrouwen;Antigua en Barbuda;Alleengaanden;1999;2;1;1;1;1;0;0;0
1985;Mannen en vrouwen;Antigua en Barbuda;Alleengaanden;2000;0;0;0;0;0;0;0;0
1986;Mannen en vrouwen;Antigua en Barbuda;Alleengaanden;2001;2;3;3;-1;-1;0;0;0
1987;Mannen en vrouwen;Antigua en Barbuda;Alleengaanden;2002;6;1;1;5;5;0;0;0
1988;Mannen en vrouwen;Antigua en Barbuda;Alleengaanden;2003;2;0;0;2;2;0;0;0
1989;Mannen en vrouwen;Antigua en Barbuda;Alleengaanden;2004;1;0;0;1;1;0;0;0
1990;Mannen en vrouwen;Antigua en Barbuda;Alleengaanden;2005;2;0;0;2;2;0;0;0
1991;Mannen en vrouwen;Antigua en Barbuda;Alleengaanden;2006;2;2;1;0;1;0;1;-1
1992;Mannen en vrouwen;Antigua en Barbuda;Alleengaanden;2007;2;1;1;1;1;0;0;0
1993;Mannen en vrouwen;Antigua en Barbuda;Alleengaanden;2008;3;3;3;0;0;0;0;0
1994;Mannen en vrouwen;Antigua en Barbuda;Alleengaanden;2009;0;2;1;-2;-1;0;1;-1
1995;Mannen en vrouwen;Argentinië;Totaal personen;1995;117;116;78;1;39;5;43;-38
1996;Mannen en vrouwen;Argentinië;Totaal personen;1996;144;118;67;26;77;4;55;-51
1997;Mannen en vrouwen;Argentinië;Totaal personen;1997;155;108;76;47;79;7;39;-32
1998;Mannen en vrouwen;Argentinië;Totaal personen;1998;158;111;71;47;87;7;47;-40
1999;Mannen en vrouwen;Argentinië;Totaal personen;1999;145;116;86;29;59;5;35;-30
2000;Mannen en vrouwen;Argentinië;Totaal personen;2000;198;77;56;121;142;6;27;-21
2001;Mannen en vrouwen;Argentinië;Totaal personen;2001;280;98;69;182;211;9;38;-29
2002;Mannen en vrouwen;Argentinië;Totaal personen;2002;319;102;71;217;248;7;38;-31
2003;Mannen en vrouwen;Argentinië;Totaal personen;2003;273;143;81;130;192;7;69;-62
2004;Mannen en vrouwen;Argentinië;Totaal personen;2004;226;172;118;54;108;6;60;-54
2005;Mannen en vrouwen;Argentinië;Totaal personen;2005;168;184;123;-16;45;15;76;-61
2006;Mannen en vrouwen;Argentinië;Totaal personen;2006;214;250;165;-36;49;14;99;-85
2007;Mannen en vrouwen;Argentinië;Totaal personen;2007;206;222;163;-16;43;15;74;-59
2008;Mannen en vrouwen;Argentinië;Totaal personen;2008;302;200;127;102;175;9;82;-73
2009;Mannen en vrouwen;Argentinië;Totaal personen;2009;274;163;109;111;165;15;69;-54
2010;Mannen en vrouwen;Argentinië;Totaal in gezinsverband;1995;37;48;37;-11;0;0;11;-11
2011;Mannen en vrouwen;Argentinië;Totaal in gezinsverband;1996;16;48;35;-32;-19;0;13;-13
2012;Mannen en vrouwen;Argentinië;Totaal in gezinsverband;1997;30;52;42;-22;-12;0;10;-10
2013;Mannen en vrouwen;Argentinië;Totaal in gezinsverband;1998;21;39;32;-18;-11;0;7;-7
2014;Mannen en vrouwen;Argentinië;Totaal in gezinsverband;1999;18;48;43;-30;-25;1;6;-5
2015;Mannen en vrouwen;Argentinië;Totaal in gezinsverband;2000;31;25;20;6;11;0;5;-5
2016;Mannen en vrouwen;Argentinië;Totaal in gezinsverband;2001;73;28;24;45;49;1;5;-4
2017;Mannen en vrouwen;Argentinië;Totaal in gezinsverband;2002;62;30;24;32;38;0;6;-6
2018;Mannen en vrouwen;Argentinië;Totaal in gezinsverband;2003;43;48;32;-5;11;0;16;-16
2019;Mannen en vrouwen;Argentinië;Totaal in gezinsverband;2004;35;63;56;-28;-21;0;7;-7
2020;Mannen en vrouwen;Argentinië;Totaal in gezinsverband;2005;16;72;54;-56;-38;1;19;-18
2021;Mannen en vrouwen;Argentinië;Totaal in gezinsverband;2006;37;97;81;-60;-44;0;16;-16
2022;Mannen en vrouwen;Argentinië;Totaal in gezinsverband;2007;30;77;71;-47;-41;0;6;-6
2023;Mannen en vrouwen;Argentinië;Totaal in gezinsverband;2008;45;44;43;1;2;0;1;-1
2024;Mannen en vrouwen;Argentinië;Totaal in gezinsverband;2009;20;31;27;-11;-7;4;8;-4
2025;Mannen en vrouwen;Argentinië;Personen in echtpaar;1995;15;43;34;-28;-19;0;9;-9
2026;Mannen en vrouwen;Argentinië;Personen in echtpaar;1996;13;39;29;-26;-16;0;10;-10
2027;Mannen en vrouwen;Argentinië;Personen in echtpaar;1997;20;34;26;-14;-6;0;8;-8
2028;Mannen en vrouwen;Argentinië;Personen in echtpaar;1998;14;34;29;-20;-15;0;5;-5
2029;Mannen en vrouwen;Argentinië;Personen in echtpaar;1999;9;37;33;-28;-24;1;5;-4
2030;Mannen en vrouwen;Argentinië;Personen in echtpaar;2000;13;19;15;-6;-2;0;4;-4
2031;Mannen en vrouwen;Argentinië;Personen in echtpaar;2001;39;24;21;15;18;1;4;-3
2032;Mannen en vrouwen;Argentinië;Personen in echtpaar;2002;18;26;20;-8;-2;0;6;-6
2033;Mannen en vrouwen;Argentinië;Personen in echtpaar;2003;25;34;22;-9;3;0;12;-12
2034;Mannen en vrouwen;Argentinië;Personen in echtpaar;2004;15;50;46;-35;-31;0;4;-4
2035;Mannen en vrouwen;Argentinië;Personen in echtpaar;2005;4;52;44;-48;-40;1;9;-8
2036;Mannen en vrouwen;Argentinië;Personen in echtpaar;2006;11;69;56;-58;-45;0;13;-13
2037;Mannen en vrouwen;Argentinië;Personen in echtpaar;2007;19;65;62;-46;-43;0;3;-3
2038;Mannen en vrouwen;Argentinië;Personen in echtpaar;2008;25;36;35;-11;-10;0;1;-1
2039;Mannen en vrouwen;Argentinië;Personen in echtpaar;2009;10;30;26;-20;-16;1;5;-4
2040;Mannen en vrouwen;Argentinië;Personen in eenoudergezin met vader;1995;2;0;0;2;2;0;0;0
2041;Mannen en vrouwen;Argentinië;Personen in eenoudergezin met vader;1996;2;0;0;2;2;0;0;0
2042;Mannen en vrouwen;Argentinië;Personen in eenoudergezin met vader;1997;0;4;4;-4;-4;0;0;0
2043;Mannen en vrouwen;Argentinië;Personen in eenoudergezin met vader;1998;0;2;2;-2;-2;0;0;0
2044;Mannen en vrouwen;Argentinië;Personen in eenoudergezin met vader;1999;0;0;0;0;0;0;0;0
2045;Mannen en vrouwen;Argentinië;Personen in eenoudergezin met vader;2000;1;0;0;1;1;0;0;0
2046;Mannen en vrouwen;Argentinië;Personen in eenoudergezin met vader;2001;8;0;0;8;8;0;0;0
2047;Mannen en vrouwen;Argentinië;Personen in eenoudergezin met vader;2002;4;0;0;4;4;0;0;0
2048;Mannen en vrouwen;Argentinië;Personen in eenoudergezin met vader;2003;0;2;2;-2;-2;0;0;0
2049;Mannen en vrouwen;Argentinië;Personen in eenoudergezin met vader;2004;1;3;3;-2;-2;0;0;0
2050;Mannen en vrouwen;Argentinië;Personen in eenoudergezin met vader;2005;3;0;0;3;3;0;0;0
2051;Mannen en vrouwen;Argentinië;Personen in eenoudergezin met vader;2006;0;4;4;-4;-4;0;0;0
2052;Mannen en vrouwen;Argentinië;Personen in eenoudergezin met vader;2007;0;1;1;-1;-1;0;0;0
2053;Mannen en vrouwen;Argentinië;Personen in eenoudergezin met vader;2008;1;0;0;1;1;0;0;0
2054;Mannen en vrouwen;Argentinië;Personen in eenoudergezin met vader;2009;3;0;0;3;3;0;0;0
2055;Mannen en vrouwen;Argentinië;Personen in eenoudergezin met moeder;1995;13;5;3;8;10;0;2;-2
2056;Mannen en vrouwen;Argentinië;Personen in eenoudergezin met moeder;1996;1;9;6;-8;-5;0;3;-3
2057;Mannen en vrouwen;Argentinië;Personen in eenoudergezin met moeder;1997;4;14;12;-10;-8;0;2;-2
2058;Mannen en vrouwen;Argentinië;Personen in eenoudergezin met moeder;1998;6;3;1;3;5;0;2;-2
2059;Mannen en vrouwen;Argentinië;Personen in eenoudergezin met moeder;1999;8;6;5;2;3;0;1;-1
2060;Mannen en vrouwen;Argentinië;Personen in eenoudergezin met moeder;2000;8;3;2;5;6;0;1;-1
2061;Mannen en vrouwen;Argentinië;Personen in eenoudergezin met moeder;2001;17;4;3;13;14;0;1;-1
2062;Mannen en vrouwen;Argentinië;Personen in eenoudergezin met moeder;2002;35;4;4;31;31;0;0;0
2063;Mannen en vrouwen;Argentinië;Personen in eenoudergezin met moeder;2003;11;11;7;0;4;0;4;-4
2064;Mannen en vrouwen;Argentinië;Personen in eenoudergezin met moeder;2004;9;7;6;2;3;0;1;-1
2065;Mannen en vrouwen;Argentinië;Personen in eenoudergezin met moeder;2005;2;15;9;-13;-7;0;6;-6
2066;Mannen en vrouwen;Argentinië;Personen in eenoudergezin met moeder;2006;13;19;16;-6;-3;0;3;-3
2067;Mannen en vrouwen;Argentinië;Personen in eenoudergezin met moeder;2007;1;11;8;-10;-7;0;3;-3
2068;Mannen en vrouwen;Argentinië;Personen in eenoudergezin met moeder;2008;14;6;6;8;8;0;0;0
2069;Mannen en vrouwen;Argentinië;Personen in eenoudergezin met moeder;2009;7;1;1;6;6;3;3;0
2070;Mannen en vrouwen;Argentinië;Personen in samenwonend paar met kin...;1995;7;0;0;7;7;0;0;0
2071;Mannen en vrouwen;Argentinië;Personen in samenwonend paar met kin...;1996;0;0;0;0;0;0;0;0
2072;Mannen en vrouwen;Argentinië;Personen in samenwonend paar met kin...;1997;6;0;0;6;6;0;0;0
2073;Mannen en vrouwen;Argentinië;Personen in samenwonend paar met kin...;1998;1;0;0;1;1;0;0;0
2074;Mannen en vrouwen;Argentinië;Personen in samenwonend paar met kin...;1999;1;5;5;-4;-4;0;0;0
2075;Mannen en vrouwen;Argentinië;Personen in samenwonend paar met kin...;2000;9;3;3;6;6;0;0;0
2076;Mannen en vrouwen;Argentinië;Personen in samenwonend paar met kin...;2001;9;0;0;9;9;0;0;0
2077;Mannen en vrouwen;Argentinië;Personen in samenwonend paar met kin...;2002;5;0;0;5;5;0;0;0
2078;Mannen en vrouwen;Argentinië;Personen in samenwonend paar met kin...;2003;7;1;1;6;6;0;0;0
2079;Mannen en vrouwen;Argentinië;Personen in samenwonend paar met kin...;2004;10;3;1;7;9;0;2;-2
2080;Mannen en vrouwen;Argentinië;Personen in samenwonend paar met kin...;2005;7;5;1;2;6;0;4;-4
2081;Mannen en vrouwen;Argentinië;Personen in samenwonend paar met kin...;2006;13;5;5;8;8;0;0;0
2082;Mannen en vrouwen;Argentinië;Personen in samenwonend paar met kin...;2007;10;0;0;10;10;0;0;0
2083;Mannen en vrouwen;Argentinië;Personen in samenwonend paar met kin...;2008;5;2;2;3;3;0;0;0
2084;Mannen en vrouwen;Argentinië;Personen in samenwonend paar met kin...;2009;0;0;0;0;0;0;0;0
2085;Mannen en vrouwen;Argentinië;Alleengaanden;1995;80;68;41;12;39;5;32;-27
2086;Mannen en vrouwen;Argentinië;Alleengaanden;1996;128;70;32;58;96;4;42;-38
2087;Mannen en vrouwen;Argentinië;Alleengaanden;1997;125;56;34;69;91;7;29;-22
2088;Mannen en vrouwen;Argentinië;Alleengaanden;1998;137;72;39;65;98;7;40;-33
2089;Mannen en vrouwen;Argentinië;Alleengaanden;1999;127;68;43;59;84;4;29;-25
2090;Mannen en vrouwen;Argentinië;Alleengaanden;2000;167;52;36;115;131;6;22;-16
2091;Mannen en vrouwen;Argentinië;Alleengaanden;2001;207;70;45;137;162;8;33;-25
2092;Mannen en vrouwen;Argentinië;Alleengaanden;2002;257;72;47;185;210;7;32;-25
2093;Mannen en vrouwen;Argentinië;Alleengaanden;2003;230;95;49;135;181;7;53;-46
2094;Mannen en vrouwen;Argentinië;Alleengaanden;2004;191;109;62;82;129;6;53;-47
2095;Mannen en vrouwen;Argentinië;Alleengaanden;2005;152;112;69;40;83;14;57;-43
2096;Mannen en vrouwen;Argentinië;Alleengaanden;2006;177;153;84;24;93;14;83;-69
2097;Mannen en vrouwen;Argentinië;Alleengaanden;2007;176;145;92;31;84;15;68;-53
2098;Mannen en vrouwen;Argentinië;Alleengaanden;2008;257;156;84;101;173;9;81;-72
2099;Mannen en vrouwen;Argentinië;Alleengaanden;2009;254;132;82;122;172;11;61;-50
2100;Mannen en vrouwen;Australië;Totaal personen;1995;504;460;369;44;135;25;116;-91
2101;Mannen en vrouwen;Australië;Totaal personen;1996;599;628;415;-29;184;12;225;-213
2102;Mannen en vrouwen;Australië;Totaal personen;1997;552;524;392;28;160;16;148;-132
2103;Mannen en vrouwen;Australië;Totaal personen;1998;739;453;310;286;429;18;161;-143
2104;Mannen en vrouwen;Australië;Totaal personen;1999;834;592;440;242;394;17;169;-152
2105;Mannen en vrouwen;Australië;Totaal personen;2000;881;551;424;330;457;25;152;-127
2106;Mannen en vrouwen;Australië;Totaal personen;2001;1033;612;427;421;606;22;207;-185
2107;Mannen en vrouwen;Australië;Totaal personen;2002;969;743;485;226;484;20;278;-258
2108;Mannen en vrouwen;Australië;Totaal personen;2003;831;770;528;61;303;21;263;-242
2109;Mannen en vrouwen;Australië;Totaal personen;2004;731;782;543;-51;188;30;269;-239
2110;Mannen en vrouwen;Australië;Totaal personen;2005;779;882;584;-103;195;28;326;-298
2111;Mannen en vrouwen;Australië;Totaal personen;2006;850;900;558;-50;292;34;376;-342
2112;Mannen en vrouwen;Australië;Totaal personen;2007;907;910;554;-3;353;30;386;-356
2113;Mannen en vrouwen;Australië;Totaal personen;2008;1001;959;642;42;359;33;350;-317
2114;Mannen en vrouwen;Australië;Totaal personen;2009;921;916;651;5;270;32;297;-265
2115;Mannen en vrouwen;Australië;Totaal in gezinsverband;1995;172;215;193;-43;-21;3;25;-22
2116;Mannen en vrouwen;Australië;Totaal in gezinsverband;1996;145;258;210;-113;-65;1;49;-48
2117;Mannen en vrouwen;Australië;Totaal in gezinsverband;1997;99;224;186;-125;-87;2;40;-38
2118;Mannen en vrouwen;Australië;Totaal in gezinsverband;1998;116;135;105;-19;11;1;31;-30
2119;Mannen en vrouwen;Australië;Totaal in gezinsverband;1999;103;211;181;-108;-78;1;31;-30
2120;Mannen en vrouwen;Australië;Totaal in gezinsverband;2000;98;207;189;-109;-91;2;20;-18
2121;Mannen en vrouwen;Australië;Totaal in gezinsverband;2001;142;201;154;-59;-12;1;48;-47
2122;Mannen en vrouwen;Australië;Totaal in gezinsverband;2002;131;233;189;-102;-58;3;47;-44
2123;Mannen en vrouwen;Australië;Totaal in gezinsverband;2003;133;270;239;-137;-106;3;34;-31
2124;Mannen en vrouwen;Australië;Totaal in gezinsverband;2004;120;295;252;-175;-132;0;43;-43
2125;Mannen en vrouwen;Australië;Totaal in gezinsverband;2005;147;318;273;-171;-126;2;47;-45
2126;Mannen en vrouwen;Australië;Totaal in gezinsverband;2006;150;234;201;-84;-51;2;35;-33
2127;Mannen en vrouwen;Australië;Totaal in gezinsverband;2007;169;271;227;-102;-58;0;44;-44
2128;Mannen en vrouwen;Australië;Totaal in gezinsverband;2008;161;289;255;-128;-94;0;34;-34
2129;Mannen en vrouwen;Australië;Totaal in gezinsverband;2009;126;244;223;-118;-97;1;22;-21
2130;Mannen en vrouwen;Australië;Personen in echtpaar;1995;108;166;155;-58;-47;2;13;-11
2131;Mannen en vrouwen;Australië;Personen in echtpaar;1996;71;200;161;-129;-90;0;39;-39
2132;Mannen en vrouwen;Australië;Personen in echtpaar;1997;62;170;155;-108;-93;1;16;-15
2133;Mannen en vrouwen;Australië;Personen in echtpaar;1998;63;107;93;-44;-30;0;14;-14
2134;Mannen en vrouwen;Australië;Personen in echtpaar;1999;61;177;156;-116;-95;0;21;-21
2135;Mannen en vrouwen;Australië;Personen in echtpaar;2000;55;172;156;-117;-101;1;17;-16
2136;Mannen en vrouwen;Australië;Personen in echtpaar;2001;80;160;122;-80;-42;0;38;-38
2137;Mannen en vrouwen;Australië;Personen in echtpaar;2002;48;194;157;-146;-109;1;38;-37
2138;Mannen en vrouwen;Australië;Personen in echtpaar;2003;70;210;188;-140;-118;3;25;-22
2139;Mannen en vrouwen;Australië;Personen in echtpaar;2004;44;235;205;-191;-161;0;30;-30
2140;Mannen en vrouwen;Australië;Personen in echtpaar;2005;61;247;214;-186;-153;0;33;-33
2141;Mannen en vrouwen;Australië;Personen in echtpaar;2006;70;179;155;-109;-85;0;24;-24
2142;Mannen en vrouwen;Australië;Personen in echtpaar;2007;87;206;179;-119;-92;0;27;-27
2143;Mannen en vrouwen;Australië;Personen in echtpaar;2008;76;233;208;-157;-132;0;25;-25
2144;Mannen en vrouwen;Australië;Personen in echtpaar;2009;59;191;174;-132;-115;0;17;-17
2145;Mannen en vrouwen;Australië;Personen in eenoudergezin met vader;1995;5;6;4;-1;1;0;2;-2
2146;Mannen en vrouwen;Australië;Personen in eenoudergezin met vader;1996;10;5;4;5;6;0;1;-1
2147;Mannen en vrouwen;Australië;Personen in eenoudergezin met vader;1997;4;9;6;-5;-2;0;3;-3
2148;Mannen en vrouwen;Australië;Personen in eenoudergezin met vader;1998;9;1;0;8;9;0;1;-1
2149;Mannen en vrouwen;Australië;Personen in eenoudergezin met vader;1999;3;1;0;2;3;0;1;-1
2150;Mannen en vrouwen;Australië;Personen in eenoudergezin met vader;2000;9;2;2;7;7;0;0;0
2151;Mannen en vrouwen;Australië;Personen in eenoudergezin met vader;2001;6;2;0;4;6;1;3;-2
2152;Mannen en vrouwen;Australië;Personen in eenoudergezin met vader;2002;5;4;3;1;2;1;2;-1
2153;Mannen en vrouwen;Australië;Personen in eenoudergezin met vader;2003;3;1;1;2;2;0;0;0
2154;Mannen en vrouwen;Australië;Personen in eenoudergezin met vader;2004;7;3;3;4;4;0;0;0
2155;Mannen en vrouwen;Australië;Personen in eenoudergezin met vader;2005;3;7;6;-4;-3;0;1;-1
2156;Mannen en vrouwen;Australië;Personen in eenoudergezin met vader;2006;1;2;2;-1;-1;0;0;0
2157;Mannen en vrouwen;Australië;Personen in eenoudergezin met vader;2007;13;12;8;1;5;0;4;-4
2158;Mannen en vrouwen;Australië;Personen in eenoudergezin met vader;2008;5;4;2;1;3;0;2;-2
2159;Mannen en vrouwen;Australië;Personen in eenoudergezin met vader;2009;9;2;0;7;9;0;2;-2
2160;Mannen en vrouwen;Australië;Personen in eenoudergezin met moeder;1995;39;41;34;-2;5;1;8;-7
2161;Mannen en vrouwen;Australië;Personen in eenoudergezin met moeder;1996;49;44;38;5;11;1;7;-6
2162;Mannen en vrouwen;Australië;Personen in eenoudergezin met moeder;1997;27;34;18;-7;9;1;17;-16
2163;Mannen en vrouwen;Australië;Personen in eenoudergezin met moeder;1998;30;23;9;7;21;0;14;-14
2164;Mannen en vrouwen;Australië;Personen in eenoudergezin met moeder;1999;25;27;19;-2;6;1;9;-8
2165;Mannen en vrouwen;Australië;Personen in eenoudergezin met moeder;2000;19;26;24;-7;-5;1;3;-2
2166;Mannen en vrouwen;Australië;Personen in eenoudergezin met moeder;2001;30;28;24;2;6;0;4;-4
2167;Mannen en vrouwen;Australië;Personen in eenoudergezin met moeder;2002;46;29;23;17;23;1;7;-6
2168;Mannen en vrouwen;Australië;Personen in eenoudergezin met moeder;2003;30;46;42;-16;-12;0;4;-4
2169;Mannen en vrouwen;Australië;Personen in eenoudergezin met moeder;2004;37;45;35;-8;2;0;10;-10
2170;Mannen en vrouwen;Australië;Personen in eenoudergezin met moeder;2005;48;48;38;0;10;1;11;-10
2171;Mannen en vrouwen;Australië;Personen in eenoudergezin met moeder;2006;32;38;32;-6;0;1;7;-6
2172;Mannen en vrouwen;Australië;Personen in eenoudergezin met moeder;2007;43;35;28;8;15;0;7;-7
2173;Mannen en vrouwen;Australië;Personen in eenoudergezin met moeder;2008;34;31;24;3;10;0;7;-7
2174;Mannen en vrouwen;Australië;Personen in eenoudergezin met moeder;2009;33;32;30;1;3;1;3;-2
2175;Mannen en vrouwen;Australië;Personen in samenwonend paar met kin...;1995;20;2;0;18;20;0;2;-2
2176;Mannen en vrouwen;Australië;Personen in samenwonend paar met kin...;1996;15;9;7;6;8;0;2;-2
2177;Mannen en vrouwen;Australië;Personen in samenwonend paar met kin...;1997;6;11;7;-5;-1;0;4;-4
2178;Mannen en vrouwen;Australië;Personen in samenwonend paar met kin...;1998;14;4;3;10;11;1;2;-1
2179;Mannen en vrouwen;Australië;Personen in samenwonend paar met kin...;1999;14;6;6;8;8;0;0;0
2180;Mannen en vrouwen;Australië;Personen in samenwonend paar met kin...;2000;15;7;7;8;8;0;0;0
2181;Mannen en vrouwen;Australië;Personen in samenwonend paar met kin...;2001;26;11;8;15;18;0;3;-3
2182;Mannen en vrouwen;Australië;Personen in samenwonend paar met kin...;2002;32;6;6;26;26;0;0;0
2183;Mannen en vrouwen;Australië;Personen in samenwonend paar met kin...;2003;30;13;8;17;22;0;5;-5
2184;Mannen en vrouwen;Australië;Personen in samenwonend paar met kin...;2004;32;12;9;20;23;0;3;-3
2185;Mannen en vrouwen;Australië;Personen in samenwonend paar met kin...;2005;35;16;15;19;20;1;2;-1
2186;Mannen en vrouwen;Australië;Personen in samenwonend paar met kin...;2006;47;15;12;32;35;1;4;-3
2187;Mannen en vrouwen;Australië;Personen in samenwonend paar met kin...;2007;26;18;12;8;14;0;6;-6
2188;Mannen en vrouwen;Australië;Personen in samenwonend paar met kin...;2008;46;21;21;25;25;0;0;0
2189;Mannen en vrouwen;Australië;Personen in samenwonend paar met kin...;2009;25;19;19;6;6;0;0;0
2190;Mannen en vrouwen;Australië;Alleengaanden;1995;332;245;176;87;156;22;91;-69
2191;Mannen en vrouwen;Australië;Alleengaanden;1996;454;370;205;84;249;11;176;-165
2192;Mannen en vrouwen;Australië;Alleengaanden;1997;453;300;206;153;247;14;108;-94
2193;Mannen en vrouwen;Australië;Alleengaanden;1998;623;318;205;305;418;17;130;-113
2194;Mannen en vrouwen;Australië;Alleengaanden;1999;731;381;259;350;472;16;138;-122
2195;Mannen en vrouwen;Australië;Alleengaanden;2000;783;344;235;439;548;23;132;-109
2196;Mannen en vrouwen;Australië;Alleengaanden;2001;891;411;273;480;618;21;159;-138
2197;Mannen en vrouwen;Australië;Alleengaanden;2002;838;510;296;328;542;17;231;-214
2198;Mannen en vrouwen;Australië;Alleengaanden;2003;698;500;289;198;409;18;229;-211
2199;Mannen en vrouwen;Australië;Alleengaanden;2004;611;487;291;124;320;30;226;-196
2200;Mannen en vrouwen;Australië;Alleengaanden;2005;632;564;311;68;321;26;279;-253
2201;Mannen en vrouwen;Australië;Alleengaanden;2006;700;666;357;34;343;32;341;-309
2202;Mannen en vrouwen;Australië;Alleengaanden;2007;738;639;327;99;411;30;342;-312
2203;Mannen en vrouwen;Australië;Alleengaanden;2008;840;670;387;170;453;33;316;-283
2204;Mannen en vrouwen;Australië;Alleengaanden;2009;795;672;428;123;367;31;275;-244
2205;Mannen en vrouwen;Bahama's;Totaal personen;1995;2;3;0;-1;2;0;3;-3
2206;Mannen en vrouwen;Bahama's;Totaal personen;1996;2;5;1;-3;1;0;4;-4
2207;Mannen en vrouwen;Bahama's;Totaal personen;1997;8;1;1;7;7;0;0;0
2208;Mannen en vrouwen;Bahama's;Totaal personen;1998;3;1;0;2;3;0;1;-1
2209;Mannen en vrouwen;Bahama's;Totaal personen;1999;2;8;6;-6;-4;0;2;-2
2210;Mannen en vrouwen;Bahama's;Totaal personen;2000;2;4;4;-2;-2;0;0;0
2211;Mannen en vrouwen;Bahama's;Totaal personen;2001;7;2;2;5;5;0;0;0
2212;Mannen en vrouwen;Bahama's;Totaal personen;2002;2;8;4;-6;-2;0;4;-4
2213;Mannen en vrouwen;Bahama's;Totaal personen;2003;5;2;0;3;5;0;2;-2
2214;Mannen en vrouwen;Bahama's;Totaal personen;2004;4;0;0;4;4;0;0;0
2215;Mannen en vrouwen;Bahama's;Totaal personen;2005;1;5;3;-4;-2;0;2;-2
2216;Mannen en vrouwen;Bahama's;Totaal personen;2006;4;1;0;3;4;0;1;-1
2217;Mannen en vrouwen;Bahama's;Totaal personen;2007;2;3;1;-1;1;1;3;-2
2218;Mannen en vrouwen;Bahama's;Totaal personen;2008;4;4;1;0;3;1;4;-3
2219;Mannen en vrouwen;Bahama's;Totaal personen;2009;2;2;1;0;1;1;2;-1
2220;Mannen en vrouwen;Bahama's;Totaal in gezinsverband;1995;0;0;0;0;0;0;0;0
2221;Mannen en vrouwen;Bahama's;Totaal in gezinsverband;1996;0;2;1;-2;-1;0;1;-1
2222;Mannen en vrouwen;Bahama's;Totaal in gezinsverband;1997;7;0;0;7;7;0;0;0
2223;Mannen en vrouwen;Bahama's;Totaal in gezinsverband;1998;0;0;0;0;0;0;0;0
2224;Mannen en vrouwen;Bahama's;Totaal in gezinsverband;1999;0;7;6;-7;-6;0;1;-1
2225;Mannen en vrouwen;Bahama's;Totaal in gezinsverband;2000;0;3;3;-3;-3;0;0;0
2226;Mannen en vrouwen;Bahama's;Totaal in gezinsverband;2001;0;1;1;-1;-1;0;0;0
2227;Mannen en vrouwen;Bahama's;Totaal in gezinsverband;2002;0;1;1;-1;-1;0;0;0
2228;Mannen en vrouwen;Bahama's;Totaal in gezinsverband;2003;2;0;0;2;2;0;0;0
2229;Mannen en vrouwen;Bahama's;Totaal in gezinsverband;2004;1;0;0;1;1;0;0;0
2230;Mannen en vrouwen;Bahama's;Totaal in gezinsverband;2005;0;2;2;-2;-2;0;0;0
2231;Mannen en vrouwen;Bahama's;Totaal in gezinsverband;2006;1;0;0;1;1;0;0;0
2232;Mannen en vrouwen;Bahama's;Totaal in gezinsverband;2007;0;0;0;0;0;0;0;0
2233;Mannen en vrouwen;Bahama's;Totaal in gezinsverband;2008;0;1;0;-1;0;0;1;-1
2234;Mannen en vrouwen;Bahama's;Totaal in gezinsverband;2009;0;0;0;0;0;0;0;0
2235;Mannen en vrouwen;Bahama's;Personen in echtpaar;1995;0;0;0;0;0;0;0;0
2236;Mannen en vrouwen;Bahama's;Personen in echtpaar;1996;0;1;1;-1;-1;0;0;0
2237;Mannen en vrouwen;Bahama's;Personen in echtpaar;1997;1;0;0;1;1;0;0;0
2238;Mannen en vrouwen;Bahama's;Personen in echtpaar;1998;0;0;0;0;0;0;0;0
2239;Mannen en vrouwen;Bahama's;Personen in echtpaar;1999;0;7;6;-7;-6;0;1;-1
2240;Mannen en vrouwen;Bahama's;Personen in echtpaar;2000;0;0;0;0;0;0;0;0
2241;Mannen en vrouwen;Bahama's;Personen in echtpaar;2001;0;0;0;0;0;0;0;0
2242;Mannen en vrouwen;Bahama's;Personen in echtpaar;2002;0;0;0;0;0;0;0;0
2243;Mannen en vrouwen;Bahama's;Personen in echtpaar;2003;1;0;0;1;1;0;0;0
2244;Mannen en vrouwen;Bahama's;Personen in echtpaar;2004;0;0;0;0;0;0;0;0
2245;Mannen en vrouwen;Bahama's;Personen in echtpaar;2005;0;1;1;-1;-1;0;0;0
2246;Mannen en vrouwen;Bahama's;Personen in echtpaar;2006;0;0;0;0;0;0;0;0
2247;Mannen en vrouwen;Bahama's;Personen in echtpaar;2007;0;0;0;0;0;0;0;0
2248;Mannen en vrouwen;Bahama's;Personen in echtpaar;2008;0;0;0;0;0;0;0;0
2249;Mannen en vrouwen;Bahama's;Personen in echtpaar;2009;0;0;0;0;0;0;0;0
2250;Mannen en vrouwen;Bahama's;Personen in eenoudergezin met vader;1995;0;0;0;0;0;0;0;0
2251;Mannen en vrouwen;Bahama's;Personen in eenoudergezin met vader;1996;0;0;0;0;0;0;0;0
2252;Mannen en vrouwen;Bahama's;Personen in eenoudergezin met vader;1997;0;0;0;0;0;0;0;0
2253;Mannen en vrouwen;Bahama's;Personen in eenoudergezin met vader;1998;0;0;0;0;0;0;0;0
2254;Mannen en vrouwen;Bahama's;Personen in eenoudergezin met vader;1999;0;0;0;0;0;0;0;0
2255;Mannen en vrouwen;Bahama's;Personen in eenoudergezin met vader;2000;0;0;0;0;0;0;0;0
2256;Mannen en vrouwen;Bahama's;Personen in eenoudergezin met vader;2001;0;0;0;0;0;0;0;0
2257;Mannen en vrouwen;Bahama's;Personen in eenoudergezin met vader;2002;0;0;0;0;0;0;0;0
2258;Mannen en vrouwen;Bahama's;Personen in eenoudergezin met vader;2003;0;0;0;0;0;0;0;0
2259;Mannen en vrouwen;Bahama's;Personen in eenoudergezin met vader;2004;0;0;0;0;0;0;0;0
2260;Mannen en vrouwen;Bahama's;Personen in eenoudergezin met vader;2005;0;0;0;0;0;0;0;0
2261;Mannen en vrouwen;Bahama's;Personen in eenoudergezin met vader;2006;0;0;0;0;0;0;0;0
2262;Mannen en vrouwen;Bahama's;Personen in eenoudergezin met vader;2007;0;0;0;0;0;0;0;0
2263;Mannen en vrouwen;Bahama's;Personen in eenoudergezin met vader;2008;0;0;0;0;0;0;0;0
2264;Mannen en vrouwen;Bahama's;Personen in eenoudergezin met vader;2009;0;0;0;0;0;0;0;0
2265;Mannen en vrouwen;Bahama's;Personen in eenoudergezin met moeder;1995;0;0;0;0;0;0;0;0
2266;Mannen en vrouwen;Bahama's;Personen in eenoudergezin met moeder;1996;0;1;0;-1;0;0;1;-1
2267;Mannen en vrouwen;Bahama's;Personen in eenoudergezin met moeder;1997;6;0;0;6;6;0;0;0
2268;Mannen en vrouwen;Bahama's;Personen in eenoudergezin met moeder;1998;0;0;0;0;0;0;0;0
2269;Mannen en vrouwen;Bahama's;Personen in eenoudergezin met moeder;1999;0;0;0;0;0;0;0;0
2270;Mannen en vrouwen;Bahama's;Personen in eenoudergezin met moeder;2000;0;3;3;-3;-3;0;0;0
2271;Mannen en vrouwen;Bahama's;Personen in eenoudergezin met moeder;2001;0;1;1;-1;-1;0;0;0
2272;Mannen en vrouwen;Bahama's;Personen in eenoudergezin met moeder;2002;0;1;1;-1;-1;0;0;0
2273;Mannen en vrouwen;Bahama's;Personen in eenoudergezin met moeder;2003;1;0;0;1;1;0;0;0
2274;Mannen en vrouwen;Bahama's;Personen in eenoudergezin met moeder;2004;1;0;0;1;1;0;0;0
2275;Mannen en vrouwen;Bahama's;Personen in eenoudergezin met moeder;2005;0;1;1;-1;-1;0;0;0
2276;Mannen en vrouwen;Bahama's;Personen in eenoudergezin met moeder;2006;0;0;0;0;0;0;0;0
2277;Mannen en vrouwen;Bahama's;Personen in eenoudergezin met moeder;2007;0;0;0;0;0;0;0;0
2278;Mannen en vrouwen;Bahama's;Personen in eenoudergezin met moeder;2008;0;1;0;-1;0;0;1;-1
2279;Mannen en vrouwen;Bahama's;Personen in eenoudergezin met moeder;2009;0;0;0;0;0;0;0;0
2280;Mannen en vrouwen;Bahama's;Personen in samenwonend paar met kin...;1995;0;0;0;0;0;0;0;0
2281;Mannen en vrouwen;Bahama's;Personen in samenwonend paar met kin...;1996;0;0;0;0;0;0;0;0
2282;Mannen en vrouwen;Bahama's;Personen in samenwonend paar met kin...;1997;0;0;0;0;0;0;0;0
2283;Mannen en vrouwen;Bahama's;Personen in samenwonend paar met kin...;1998;0;0;0;0;0;0;0;0
2284;Mannen en vrouwen;Bahama's;Personen in samenwonend paar met kin...;1999;0;0;0;0;0;0;0;0
2285;Mannen en vrouwen;Bahama's;Personen in samenwonend paar met kin...;2000;0;0;0;0;0;0;0;0
2286;Mannen en vrouwen;Bahama's;Personen in samenwonend paar met kin...;2001;0;0;0;0;0;0;0;0
2287;Mannen en vrouwen;Bahama's;Personen in samenwonend paar met kin...;2002;0;0;0;0;0;0;0;0
2288;Mannen en vrouwen;Bahama's;Personen in samenwonend paar met kin...;2003;0;0;0;0;0;0;0;0
2289;Mannen en vrouwen;Bahama's;Personen in samenwonend paar met kin...;2004;0;0;0;0;0;0;0;0
2290;Mannen en vrouwen;Bahama's;Personen in samenwonend paar met kin...;2005;0;0;0;0;0;0;0;0
2291;Mannen en vrouwen;Bahama's;Personen in samenwonend paar met kin...;2006;1;0;0;1;1;0;0;0
2292;Mannen en vrouwen;Bahama's;Personen in samenwonend paar met kin...;2007;0;0;0;0;0;0;0;0
2293;Mannen en vrouwen;Bahama's;Personen in samenwonend paar met kin...;2008;0;0;0;0;0;0;0;0
2294;Mannen en vrouwen;Bahama's;Personen in samenwonend paar met kin...;2009;0;0;0;0;0;0;0;0
2295;Mannen en vrouwen;Bahama's;Alleengaanden;1995;2;3;0;-1;2;0;3;-3
2296;Mannen en vrouwen;Bahama's;Alleengaanden;1996;2;3;0;-1;2;0;3;-3
2297;Mannen en vrouwen;Bahama's;Alleengaanden;1997;1;1;1;0;0;0;0;0
2298;Mannen en vrouwen;Bahama's;Alleengaanden;1998;3;1;0;2;3;0;1;-1
2299;Mannen en vrouwen;Bahama's;Alleengaanden;1999;2;1;0;1;2;0;1;-1
2300;Mannen en vrouwen;Bahama's;Alleengaanden;2000;2;1;1;1;1;0;0;0
2301;Mannen en vrouwen;Bahama's;Alleengaanden;2001;7;1;1;6;6;0;0;0
2302;Mannen en vrouwen;Bahama's;Alleengaanden;2002;2;7;3;-5;-1;0;4;-4
2303;Mannen en vrouwen;Bahama's;Alleengaanden;2003;3;2;0;1;3;0;2;-2
2304;Mannen en vrouwen;Bahama's;Alleengaanden;2004;3;0;0;3;3;0;0;0
2305;Mannen en vrouwen;Bahama's;Alleengaanden;2005;1;3;1;-2;0;0;2;-2
2306;Mannen en vrouwen;Bahama's;Alleengaanden;2006;3;1;0;2;3;0;1;-1
2307;Mannen en vrouwen;Bahama's;Alleengaanden;2007;2;3;1;-1;1;1;3;-2
2308;Mannen en vrouwen;Bahama's;Alleengaanden;2008;4;3;1;1;3;1;3;-2
2309;Mannen en vrouwen;Bahama's;Alleengaanden;2009;2;2;1;0;1;1;2;-1
2310;Mannen en vrouwen;Bahrein;Totaal personen;1995;7;6;6;1;1;0;0;0
2311;Mannen en vrouwen;Bahrein;Totaal personen;1996;4;4;2;0;2;0;2;-2
2312;Mannen en vrouwen;Bahrein;Totaal personen;1997;3;4;4;-1;-1;0;0;0
2313;Mannen en vrouwen;Bahrein;Totaal personen;1998;12;5;4;7;8;0;1;-1
2314;Mannen en vrouwen;Bahrein;Totaal personen;1999;10;3;2;7;8;0;1;-1
2315;Mannen en vrouwen;Bahrein;Totaal personen;2000;8;3;3;5;5;0;0;0
2316;Mannen en vrouwen;Bahrein;Totaal personen;2001;7;6;4;1;3;0;2;-2
2317;Mannen en vrouwen;Bahrein;Totaal personen;2002;10;6;4;4;6;0;2;-2
2318;Mannen en vrouwen;Bahrein;Totaal personen;2003;4;6;4;-2;0;1;3;-2
2319;Mannen en vrouwen;Bahrein;Totaal personen;2004;10;6;6;4;4;1;1;0
2320;Mannen en vrouwen;Bahrein;Totaal personen;2005;5;8;7;-3;-2;0;1;-1
2321;Mannen en vrouwen;Bahrein;Totaal personen;2006;4;8;7;-4;-3;1;2;-1
2322;Mannen en vrouwen;Bahrein;Totaal personen;2007;8;5;4;3;4;1;2;-1
2323;Mannen en vrouwen;Bahrein;Totaal personen;2008;10;9;6;1;4;0;3;-3
2324;Mannen en vrouwen;Bahrein;Totaal personen;2009;6;11;7;-5;-1;0;4;-4
2325;Mannen en vrouwen;Bahrein;Totaal in gezinsverband;1995;2;4;4;-2;-2;0;0;0
2326;Mannen en vrouwen;Bahrein;Totaal in gezinsverband;1996;2;2;2;0;0;0;0;0
2327;Mannen en vrouwen;Bahrein;Totaal in gezinsverband;1997;0;2;2;-2;-2;0;0;0
2328;Mannen en vrouwen;Bahrein;Totaal in gezinsverband;1998;9;3;3;6;6;0;0;0
2329;Mannen en vrouwen;Bahrein;Totaal in gezinsverband;1999;1;2;2;-1;-1;0;0;0
2330;Mannen en vrouwen;Bahrein;Totaal in gezinsverband;2000;2;2;2;0;0;0;0;0
2331;Mannen en vrouwen;Bahrein;Totaal in gezinsverband;2001;3;0;0;3;3;0;0;0
2332;Mannen en vrouwen;Bahrein;Totaal in gezinsverband;2002;1;3;2;-2;-1;0;1;-1
2333;Mannen en vrouwen;Bahrein;Totaal in gezinsverband;2003;1;4;4;-3;-3;0;0;0
2334;Mannen en vrouwen;Bahrein;Totaal in gezinsverband;2004;4;4;4;0;0;0;0;0
2335;Mannen en vrouwen;Bahrein;Totaal in gezinsverband;2005;3;5;5;-2;-2;0;0;0
2336;Mannen en vrouwen;Bahrein;Totaal in gezinsverband;2006;0;2;2;-2;-2;0;0;0
2337;Mannen en vrouwen;Bahrein;Totaal in gezinsverband;2007;1;0;0;1;1;0;0;0
2338;Mannen en vrouwen;Bahrein;Totaal in gezinsverband;2008;2;2;1;0;1;0;1;-1
2339;Mannen en vrouwen;Bahrein;Totaal in gezinsverband;2009;0;8;5;-8;-5;0;3;-3
2340;Mannen en vrouwen;Bahrein;Personen in echtpaar;1995;2;4;4;-2;-2;0;0;0
2341;Mannen en vrouwen;Bahrein;Personen in echtpaar;1996;2;0;0;2;2;0;0;0
2342;Mannen en vrouwen;Bahrein;Personen in echtpaar;1997;0;2;2;-2;-2;0;0;0
2343;Mannen en vrouwen;Bahrein;Personen in echtpaar;1998;6;3;3;3;3;0;0;0
2344;Mannen en vrouwen;Bahrein;Personen in echtpaar;1999;0;2;2;-2;-2;0;0;0
2345;Mannen en vrouwen;Bahrein;Personen in echtpaar;2000;0;2;2;-2;-2;0;0;0
2346;Mannen en vrouwen;Bahrein;Personen in echtpaar;2001;0;0;0;0;0;0;0;0
2347;Mannen en vrouwen;Bahrein;Personen in echtpaar;2002;0;2;1;-2;-1;0;1;-1
2348;Mannen en vrouwen;Bahrein;Personen in echtpaar;2003;1;4;4;-3;-3;0;0;0
2349;Mannen en vrouwen;Bahrein;Personen in echtpaar;2004;3;4;4;-1;-1;0;0;0
2350;Mannen en vrouwen;Bahrein;Personen in echtpaar;2005;0;1;1;-1;-1;0;0;0
2351;Mannen en vrouwen;Bahrein;Personen in echtpaar;2006;0;2;2;-2;-2;0;0;0
2352;Mannen en vrouwen;Bahrein;Personen in echtpaar;2007;1;0;0;1;1;0;0;0
2353;Mannen en vrouwen;Bahrein;Personen in echtpaar;2008;0;1;1;-1;-1;0;0;0
2354;Mannen en vrouwen;Bahrein;Personen in echtpaar;2009;0;1;1;-1;-1;0;0;0
2355;Mannen en vrouwen;Bahrein;Personen in eenoudergezin met vader;1995;0;0;0;0;0;0;0;0
2356;Mannen en vrouwen;Bahrein;Personen in eenoudergezin met vader;1996;0;0;0;0;0;0;0;0
2357;Mannen en vrouwen;Bahrein;Personen in eenoudergezin met vader;1997;0;0;0;0;0;0;0;0
2358;Mannen en vrouwen;Bahrein;Personen in eenoudergezin met vader;1998;0;0;0;0;0;0;0;0
2359;Mannen en vrouwen;Bahrein;Personen in eenoudergezin met vader;1999;0;0;0;0;0;0;0;0
2360;Mannen en vrouwen;Bahrein;Personen in eenoudergezin met vader;2000;0;0;0;0;0;0;0;0
2361;Mannen en vrouwen;Bahrein;Personen in eenoudergezin met vader;2001;0;0;0;0;0;0;0;0
2362;Mannen en vrouwen;Bahrein;Personen in eenoudergezin met vader;2002;0;0;0;0;0;0;0;0
2363;Mannen en vrouwen;Bahrein;Personen in eenoudergezin met vader;2003;0;0;0;0;0;0;0;0
2364;Mannen en vrouwen;Bahrein;Personen in eenoudergezin met vader;2004;0;0;0;0;0;0;0;0
2365;Mannen en vrouwen;Bahrein;Personen in eenoudergezin met vader;2005;0;1;1;-1;-1;0;0;0
2366;Mannen en vrouwen;Bahrein;Personen in eenoudergezin met vader;2006;0;0;0;0;0;0;0;0
2367;Mannen en vrouwen;Bahrein;Personen in eenoudergezin met vader;2007;0;0;0;0;0;0;0;0
2368;Mannen en vrouwen;Bahrein;Personen in eenoudergezin met vader;2008;0;0;0;0;0;0;0;0
2369;Mannen en vrouwen;Bahrein;Personen in eenoudergezin met vader;2009;0;0;0;0;0;0;0;0
2370;Mannen en vrouwen;Bahrein;Personen in eenoudergezin met moeder;1995;0;0;0;0;0;0;0;0
2371;Mannen en vrouwen;Bahrein;Personen in eenoudergezin met moeder;1996;0;2;2;-2;-2;0;0;0
2372;Mannen en vrouwen;Bahrein;Personen in eenoudergezin met moeder;1997;0;0;0;0;0;0;0;0
2373;Mannen en vrouwen;Bahrein;Personen in eenoudergezin met moeder;1998;3;0;0;3;3;0;0;0
2374;Mannen en vrouwen;Bahrein;Personen in eenoudergezin met moeder;1999;1;0;0;1;1;0;0;0
2375;Mannen en vrouwen;Bahrein;Personen in eenoudergezin met moeder;2000;1;0;0;1;1;0;0;0
2376;Mannen en vrouwen;Bahrein;Personen in eenoudergezin met moeder;2001;3;0;0;3;3;0;0;0
2377;Mannen en vrouwen;Bahrein;Personen in eenoudergezin met moeder;2002;1;1;1;0;0;0;0;0
2378;Mannen en vrouwen;Bahrein;Personen in eenoudergezin met moeder;2003;0;0;0;0;0;0;0;0
2379;Mannen en vrouwen;Bahrein;Personen in eenoudergezin met moeder;2004;0;0;0;0;0;0;0;0
2380;Mannen en vrouwen;Bahrein;Personen in eenoudergezin met moeder;2005;3;3;3;0;0;0;0;0
2381;Mannen en vrouwen;Bahrein;Personen in eenoudergezin met moeder;2006;0;0;0;0;0;0;0;0
2382;Mannen en vrouwen;Bahrein;Personen in eenoudergezin met moeder;2007;0;0;0;0;0;0;0;0
2383;Mannen en vrouwen;Bahrein;Personen in eenoudergezin met moeder;2008;2;1;0;1;2;0;1;-1
2384;Mannen en vrouwen;Bahrein;Personen in eenoudergezin met moeder;2009;0;7;4;-7;-4;0;3;-3
2385;Mannen en vrouwen;Bahrein;Personen in samenwonend paar met kin...;1995;0;0;0;0;0;0;0;0
2386;Mannen en vrouwen;Bahrein;Personen in samenwonend paar met kin...;1996;0;0;0;0;0;0;0;0
2387;Mannen en vrouwen;Bahrein;Personen in samenwonend paar met kin...;1997;0;0;0;0;0;0;0;0
2388;Mannen en vrouwen;Bahrein;Personen in samenwonend paar met kin...;1998;0;0;0;0;0;0;0;0
2389;Mannen en vrouwen;Bahrein;Personen in samenwonend paar met kin...;1999;0;0;0;0;0;0;0;0
2390;Mannen en vrouwen;Bahrein;Personen in samenwonend paar met kin...;2000;1;0;0;1;1;0;0;0
2391;Mannen en vrouwen;Bahrein;Personen in samenwonend paar met kin...;2001;0;0;0;0;0;0;0;0
2392;Mannen en vrouwen;Bahrein;Personen in samenwonend paar met kin...;2002;0;0;0;0;0;0;0;0
2393;Mannen en vrouwen;Bahrein;Personen in samenwonend paar met kin...;2003;0;0;0;0;0;0;0;0
2394;Mannen en vrouwen;Bahrein;Personen in samenwonend paar met kin...;2004;1;0;0;1;1;0;0;0
2395;Mannen en vrouwen;Bahrein;Personen in samenwonend paar met kin...;2005;0;0;0;0;0;0;0;0
2396;Mannen en vrouwen;Bahrein;Personen in samenwonend paar met kin...;2006;0;0;0;0;0;0;0;0
2397;Mannen en vrouwen;Bahrein;Personen in samenwonend paar met kin...;2007;0;0;0;0;0;0;0;0
2398;Mannen en vrouwen;Bahrein;Personen in samenwonend paar met kin...;2008;0;0;0;0;0;0;0;0
2399;Mannen en vrouwen;Bahrein;Personen in samenwonend paar met kin...;2009;0;0;0;0;0;0;0;0
2400;Mannen en vrouwen;Bahrein;Alleengaanden;1995;5;2;2;3;3;0;0;0
2401;Mannen en vrouwen;Bahrein;Alleengaanden;1996;2;2;0;0;2;0;2;-2
2402;Mannen en vrouwen;Bahrein;Alleengaanden;1997;3;2;2;1;1;0;0;0
2403;Mannen en vrouwen;Bahrein;Alleengaanden;1998;3;2;1;1;2;0;1;-1
2404;Mannen en vrouwen;Bahrein;Alleengaanden;1999;9;1;0;8;9;0;1;-1
2405;Mannen en vrouwen;Bahrein;Alleengaanden;2000;6;1;1;5;5;0;0;0
2406;Mannen en vrouwen;Bahrein;Alleengaanden;2001;4;6;4;-2;0;0;2;-2
2407;Mannen en vrouwen;Bahrein;Alleengaanden;2002;9;3;2;6;7;0;1;-1
2408;Mannen en vrouwen;Bahrein;Alleengaanden;2003;3;2;0;1;3;1;3;-2
2409;Mannen en vrouwen;Bahrein;Alleengaanden;2004;6;2;2;4;4;1;1;0
2410;Mannen en vrouwen;Bahrein;Alleengaanden;2005;2;3;2;-1;0;0;1;-1
2411;Mannen en vrouwen;Bahrein;Alleengaanden;2006;4;6;5;-2;-1;1;2;-1
2412;Mannen en vrouwen;Bahrein;Alleengaanden;2007;7;5;4;2;3;1;2;-1
2413;Mannen en vrouwen;Bahrein;Alleengaanden;2008;8;7;5;1;3;0;2;-2
2414;Mannen en vrouwen;Bahrein;Alleengaanden;2009;6;3;2;3;4;0;1;-1
2415;Mannen en vrouwen;Bangladesh;Totaal personen;1995;49;21;13;28;36;1;9;-8
2416;Mannen en vrouwen;Bangladesh;Totaal personen;1996;61;17;7;44;54;1;11;-10
2417;Mannen en vrouwen;Bangladesh;Totaal personen;1997;70;34;30;36;40;0;4;-4
2418;Mannen en vrouwen;Bangladesh;Totaal personen;1998;56;23;12;33;44;3;14;-11
2419;Mannen en vrouwen;Bangladesh;Totaal personen;1999;63;14;9;49;54;6;11;-5
2420;Mannen en vrouwen;Bangladesh;Totaal personen;2000;70;33;18;37;52;5;20;-15
2421;Mannen en vrouwen;Bangladesh;Totaal personen;2001;74;19;11;55;63;2;10;-8
2422;Mannen en vrouwen;Bangladesh;Totaal personen;2002;94;25;12;69;82;6;19;-13
2423;Mannen en vrouwen;Bangladesh;Totaal personen;2003;58;27;19;31;39;4;12;-8
2424;Mannen en vrouwen;Bangladesh;Totaal personen;2004;47;41;19;6;28;3;25;-22
2425;Mannen en vrouwen;Bangladesh;Totaal personen;2005;61;41;27;20;34;5;19;-14
2426;Mannen en vrouwen;Bangladesh;Totaal personen;2006;77;63;32;14;45;4;35;-31
2427;Mannen en vrouwen;Bangladesh;Totaal personen;2007;53;58;40;-5;13;5;23;-18
2428;Mannen en vrouwen;Bangladesh;Totaal personen;2008;93;60;34;33;59;5;31;-26
2429;Mannen en vrouwen;Bangladesh;Totaal personen;2009;118;55;37;63;81;11;29;-18
2430;Mannen en vrouwen;Bangladesh;Totaal in gezinsverband;1995;8;7;7;1;1;0;0;0
2431;Mannen en vrouwen;Bangladesh;Totaal in gezinsverband;1996;17;9;4;8;13;0;5;-5
2432;Mannen en vrouwen;Bangladesh;Totaal in gezinsverband;1997;13;14;14;-1;-1;0;0;0
2433;Mannen en vrouwen;Bangladesh;Totaal in gezinsverband;1998;13;4;3;9;10;0;1;-1
2434;Mannen en vrouwen;Bangladesh;Totaal in gezinsverband;1999;20;8;4;12;16;0;4;-4
2435;Mannen en vrouwen;Bangladesh;Totaal in gezinsverband;2000;11;9;3;2;8;0;6;-6
2436;Mannen en vrouwen;Bangladesh;Totaal in gezinsverband;2001;8;9;8;-1;0;0;1;-1
2437;Mannen en vrouwen;Bangladesh;Totaal in gezinsverband;2002;23;6;2;17;21;0;4;-4
2438;Mannen en vrouwen;Bangladesh;Totaal in gezinsverband;2003;1;12;9;-11;-8;0;3;-3
2439;Mannen en vrouwen;Bangladesh;Totaal in gezinsverband;2004;5;22;12;-17;-7;0;10;-10
2440;Mannen en vrouwen;Bangladesh;Totaal in gezinsverband;2005;6;16;12;-10;-6;3;7;-4
2441;Mannen en vrouwen;Bangladesh;Totaal in gezinsverband;2006;15;25;12;-10;3;0;13;-13
2442;Mannen en vrouwen;Bangladesh;Totaal in gezinsverband;2007;7;23;14;-16;-7;0;9;-9
2443;Mannen en vrouwen;Bangladesh;Totaal in gezinsverband;2008;11;15;12;-4;-1;0;3;-3
2444;Mannen en vrouwen;Bangladesh;Totaal in gezinsverband;2009;12;24;18;-12;-6;0;6;-6
2445;Mannen en vrouwen;Bangladesh;Personen in echtpaar;1995;2;7;7;-5;-5;0;0;0
2446;Mannen en vrouwen;Bangladesh;Personen in echtpaar;1996;4;6;3;-2;1;0;3;-3
2447;Mannen en vrouwen;Bangladesh;Personen in echtpaar;1997;1;10;10;-9;-9;0;0;0
2448;Mannen en vrouwen;Bangladesh;Personen in echtpaar;1998;2;1;1;1;1;0;0;0
2449;Mannen en vrouwen;Bangladesh;Personen in echtpaar;1999;0;7;3;-7;-3;0;4;-4
2450;Mannen en vrouwen;Bangladesh;Personen in echtpaar;2000;2;8;3;-6;-1;0;5;-5
2451;Mannen en vrouwen;Bangladesh;Personen in echtpaar;2001;2;5;4;-3;-2;0;1;-1
2452;Mannen en vrouwen;Bangladesh;Personen in echtpaar;2002;7;4;2;3;5;0;2;-2
2453;Mannen en vrouwen;Bangladesh;Personen in echtpaar;2003;0;8;6;-8;-6;0;2;-2
2454;Mannen en vrouwen;Bangladesh;Personen in echtpaar;2004;0;15;8;-15;-8;0;7;-7
2455;Mannen en vrouwen;Bangladesh;Personen in echtpaar;2005;1;12;9;-11;-8;2;5;-3
2456;Mannen en vrouwen;Bangladesh;Personen in echtpaar;2006;0;14;7;-14;-7;0;7;-7
2457;Mannen en vrouwen;Bangladesh;Personen in echtpaar;2007;0;17;11;-17;-11;0;6;-6
2458;Mannen en vrouwen;Bangladesh;Personen in echtpaar;2008;2;12;11;-10;-9;0;1;-1
2459;Mannen en vrouwen;Bangladesh;Personen in echtpaar;2009;5;13;10;-8;-5;0;3;-3
2460;Mannen en vrouwen;Bangladesh;Personen in eenoudergezin met vader;1995;0;0;0;0;0;0;0;0
2461;Mannen en vrouwen;Bangladesh;Personen in eenoudergezin met vader;1996;0;0;0;0;0;0;0;0
2462;Mannen en vrouwen;Bangladesh;Personen in eenoudergezin met vader;1997;3;3;3;0;0;0;0;0
2463;Mannen en vrouwen;Bangladesh;Personen in eenoudergezin met vader;1998;0;0;0;0;0;0;0;0
2464;Mannen en vrouwen;Bangladesh;Personen in eenoudergezin met vader;1999;0;0;0;0;0;0;0;0
2465;Mannen en vrouwen;Bangladesh;Personen in eenoudergezin met vader;2000;0;0;0;0;0;0;0;0
2466;Mannen en vrouwen;Bangladesh;Personen in eenoudergezin met vader;2001;1;0;0;1;1;0;0;0
2467;Mannen en vrouwen;Bangladesh;Personen in eenoudergezin met vader;2002;0;0;0;0;0;0;0;0
2468;Mannen en vrouwen;Bangladesh;Personen in eenoudergezin met vader;2003;1;0;0;1;1;0;0;0
2469;Mannen en vrouwen;Bangladesh;Personen in eenoudergezin met vader;2004;0;0;0;0;0;0;0;0
2470;Mannen en vrouwen;Bangladesh;Personen in eenoudergezin met vader;2005;0;2;2;-2;-2;0;0;0
2471;Mannen en vrouwen;Bangladesh;Personen in eenoudergezin met vader;2006;0;2;1;-2;-1;0;1;-1
2472;Mannen en vrouwen;Bangladesh;Personen in eenoudergezin met vader;2007;2;1;0;1;2;0;1;-1
2473;Mannen en vrouwen;Bangladesh;Personen in eenoudergezin met vader;2008;2;1;1;1;1;0;0;0
2474;Mannen en vrouwen;Bangladesh;Personen in eenoudergezin met vader;2009;0;2;0;-2;0;0;2;-2
2475;Mannen en vrouwen;Bangladesh;Personen in eenoudergezin met moeder;1995;6;0;0;6;6;0;0;0
2476;Mannen en vrouwen;Bangladesh;Personen in eenoudergezin met moeder;1996;13;3;1;10;12;0;2;-2
2477;Mannen en vrouwen;Bangladesh;Personen in eenoudergezin met moeder;1997;9;1;1;8;8;0;0;0
2478;Mannen en vrouwen;Bangladesh;Personen in eenoudergezin met moeder;1998;11;2;1;9;10;0;1;-1
2479;Mannen en vrouwen;Bangladesh;Personen in eenoudergezin met moeder;1999;20;1;1;19;19;0;0;0
2480;Mannen en vrouwen;Bangladesh;Personen in eenoudergezin met moeder;2000;9;1;0;8;9;0;1;-1
2481;Mannen en vrouwen;Bangladesh;Personen in eenoudergezin met moeder;2001;5;4;4;1;1;0;0;0
2482;Mannen en vrouwen;Bangladesh;Personen in eenoudergezin met moeder;2002;12;2;0;10;12;0;2;-2
2483;Mannen en vrouwen;Bangladesh;Personen in eenoudergezin met moeder;2003;0;4;3;-4;-3;0;1;-1
2484;Mannen en vrouwen;Bangladesh;Personen in eenoudergezin met moeder;2004;5;5;3;0;2;0;2;-2
2485;Mannen en vrouwen;Bangladesh;Personen in eenoudergezin met moeder;2005;3;1;0;2;3;1;2;-1
2486;Mannen en vrouwen;Bangladesh;Personen in eenoudergezin met moeder;2006;15;4;4;11;11;0;0;0
2487;Mannen en vrouwen;Bangladesh;Personen in eenoudergezin met moeder;2007;5;4;2;1;3;0;2;-2
2488;Mannen en vrouwen;Bangladesh;Personen in eenoudergezin met moeder;2008;5;2;0;3;5;0;2;-2
2489;Mannen en vrouwen;Bangladesh;Personen in eenoudergezin met moeder;2009;7;7;6;0;1;0;1;-1
2490;Mannen en vrouwen;Bangladesh;Personen in samenwonend paar met kin...;1995;0;0;0;0;0;0;0;0
2491;Mannen en vrouwen;Bangladesh;Personen in samenwonend paar met kin...;1996;0;0;0;0;0;0;0;0
2492;Mannen en vrouwen;Bangladesh;Personen in samenwonend paar met kin...;1997;0;0;0;0;0;0;0;0
2493;Mannen en vrouwen;Bangladesh;Personen in samenwonend paar met kin...;1998;0;1;1;-1;-1;0;0;0
2494;Mannen en vrouwen;Bangladesh;Personen in samenwonend paar met kin...;1999;0;0;0;0;0;0;0;0
2495;Mannen en vrouwen;Bangladesh;Personen in samenwonend paar met kin...;2000;0;0;0;0;0;0;0;0
2496;Mannen en vrouwen;Bangladesh;Personen in samenwonend paar met kin...;2001;0;0;0;0;0;0;0;0
2497;Mannen en vrouwen;Bangladesh;Personen in samenwonend paar met kin...;2002;4;0;0;4;4;0;0;0
2498;Mannen en vrouwen;Bangladesh;Personen in samenwonend paar met kin...;2003;0;0;0;0;0;0;0;0
2499;Mannen en vrouwen;Bangladesh;Personen in samenwonend paar met kin...;2004;0;2;1;-2;-1;0;1;-1
2500;Mannen en vrouwen;Bangladesh;Personen in samenwonend paar met kin...;2005;2;1;1;1;1;0;0;0
2501;Mannen en vrouwen;Bangladesh;Personen in samenwonend paar met kin...;2006;0;5;0;-5;0;0;5;-5
2502;Mannen en vrouwen;Bangladesh;Personen in samenwonend paar met kin...;2007;0;1;1;-1;-1;0;0;0
2503;Mannen en vrouwen;Bangladesh;Personen in samenwonend paar met kin...;2008;2;0;0;2;2;0;0;0
2504;Mannen en vrouwen;Bangladesh;Personen in samenwonend paar met kin...;2009;0;2;2;-2;-2;0;0;0
2505;Mannen en vrouwen;Bangladesh;Alleengaanden;1995;41;14;6;27;35;1;9;-8
2506;Mannen en vrouwen;Bangladesh;Alleengaanden;1996;44;8;3;36;41;1;6;-5
2507;Mannen en vrouwen;Bangladesh;Alleengaanden;1997;57;20;16;37;41;0;4;-4
2508;Mannen en vrouwen;Bangladesh;Alleengaanden;1998;43;19;9;24;34;3;13;-10
2509;Mannen en vrouwen;Bangladesh;Alleengaanden;1999;43;6;5;37;38;6;7;-1
2510;Mannen en vrouwen;Bangladesh;Alleengaanden;2000;59;24;15;35;44;5;14;-9
2511;Mannen en vrouwen;Bangladesh;Alleengaanden;2001;66;10;3;56;63;2;9;-7
2512;Mannen en vrouwen;Bangladesh;Alleengaanden;2002;71;19;10;52;61;6;15;-9
2513;Mannen en vrouwen;Bangladesh;Alleengaanden;2003;57;15;10;42;47;4;9;-5
2514;Mannen en vrouwen;Bangladesh;Alleengaanden;2004;42;19;7;23;35;3;15;-12
2515;Mannen en vrouwen;Bangladesh;Alleengaanden;2005;55;25;15;30;40;2;12;-10
2516;Mannen en vrouwen;Bangladesh;Alleengaanden;2006;62;38;20;24;42;4;22;-18
2517;Mannen en vrouwen;Bangladesh;Alleengaanden;2007;46;35;26;11;20;5;14;-9
2518;Mannen en vrouwen;Bangladesh;Alleengaanden;2008;82;45;22;37;60;5;28;-23
2519;Mannen en vrouwen;Bangladesh;Alleengaanden;2009;106;31;19;75;87;11;23;-12
2520;Mannen en vrouwen;Barbados;Totaal personen;1995;4;-1;0;5;4;2;1;1
2521;Mannen en vrouwen;Barbados;Totaal personen;1996;8;7;4;1;4;0;3;-3
2522;Mannen en vrouwen;Barbados;Totaal personen;1997;12;7;5;5;7;0;2;-2
2523;Mannen en vrouwen;Barbados;Totaal personen;1998;5;5;3;0;2;0;2;-2
2524;Mannen en vrouwen;Barbados;Totaal personen;1999;7;2;2;5;5;0;0;0
2525;Mannen en vrouwen;Barbados;Totaal personen;2000;8;4;2;4;6;0;2;-2
2526;Mannen en vrouwen;Barbados;Totaal personen;2001;3;5;2;-2;1;0;3;-3
2527;Mannen en vrouwen;Barbados;Totaal personen;2002;2;6;5;-4;-3;0;1;-1
2528;Mannen en vrouwen;Barbados;Totaal personen;2003;5;5;5;0;0;1;1;0
2529;Mannen en vrouwen;Barbados;Totaal personen;2004;4;2;2;2;2;0;0;0
2530;Mannen en vrouwen;Barbados;Totaal personen;2005;4;4;1;0;3;0;3;-3
2531;Mannen en vrouwen;Barbados;Totaal personen;2006;1;5;4;-4;-3;0;1;-1
2532;Mannen en vrouwen;Barbados;Totaal personen;2007;4;5;4;-1;0;0;1;-1
2533;Mannen en vrouwen;Barbados;Totaal personen;2008;1;3;0;-2;1;0;3;-3
2534;Mannen en vrouwen;Barbados;Totaal personen;2009;3;2;1;1;2;0;1;-1
2535;Mannen en vrouwen;Barbados;Totaal in gezinsverband;1995;0;0;0;0;0;0;0;0
2536;Mannen en vrouwen;Barbados;Totaal in gezinsverband;1996;2;0;0;2;2;0;0;0
2537;Mannen en vrouwen;Barbados;Totaal in gezinsverband;1997;0;4;2;-4;-2;0;2;-2
2538;Mannen en vrouwen;Barbados;Totaal in gezinsverband;1998;0;1;1;-1;-1;0;0;0
2539;Mannen en vrouwen;Barbados;Totaal in gezinsverband;1999;0;2;2;-2;-2;0;0;0
2540;Mannen en vrouwen;Barbados;Totaal in gezinsverband;2000;1;0;0;1;1;0;0;0
2541;Mannen en vrouwen;Barbados;Totaal in gezinsverband;2001;0;2;1;-2;-1;0;1;-1
2542;Mannen en vrouwen;Barbados;Totaal in gezinsverband;2002;0;1;1;-1;-1;0;0;0
2543;Mannen en vrouwen;Barbados;Totaal in gezinsverband;2003;1;3;3;-2;-2;0;0;0
2544;Mannen en vrouwen;Barbados;Totaal in gezinsverband;2004;0;1;1;-1;-1;0;0;0
2545;Mannen en vrouwen;Barbados;Totaal in gezinsverband;2005;0;0;0;0;0;0;0;0
2546;Mannen en vrouwen;Barbados;Totaal in gezinsverband;2006;0;0;0;0;0;0;0;0
2547;Mannen en vrouwen;Barbados;Totaal in gezinsverband;2007;0;1;1;-1;-1;0;0;0
2548;Mannen en vrouwen;Barbados;Totaal in gezinsverband;2008;0;0;0;0;0;0;0;0
2549;Mannen en vrouwen;Barbados;Totaal in gezinsverband;2009;0;0;0;0;0;0;0;0
2550;Mannen en vrouwen;Barbados;Personen in echtpaar;1995;0;0;0;0;0;0;0;0
2551;Mannen en vrouwen;Barbados;Personen in echtpaar;1996;0;0;0;0;0;0;0;0
2552;Mannen en vrouwen;Barbados;Personen in echtpaar;1997;0;1;1;-1;-1;0;0;0
2553;Mannen en vrouwen;Barbados;Personen in echtpaar;1998;0;1;1;-1;-1;0;0;0
2554;Mannen en vrouwen;Barbados;Personen in echtpaar;1999;0;2;2;-2;-2;0;0;0
2555;Mannen en vrouwen;Barbados;Personen in echtpaar;2000;0;0;0;0;0;0;0;0
2556;Mannen en vrouwen;Barbados;Personen in echtpaar;2001;0;1;1;-1;-1;0;0;0
2557;Mannen en vrouwen;Barbados;Personen in echtpaar;2002;0;1;1;-1;-1;0;0;0
2558;Mannen en vrouwen;Barbados;Personen in echtpaar;2003;1;0;0;1;1;0;0;0
2559;Mannen en vrouwen;Barbados;Personen in echtpaar;2004;0;0;0;0;0;0;0;0
2560;Mannen en vrouwen;Barbados;Personen in echtpaar;2005;0;0;0;0;0;0;0;0
2561;Mannen en vrouwen;Barbados;Personen in echtpaar;2006;0;0;0;0;0;0;0;0
2562;Mannen en vrouwen;Barbados;Personen in echtpaar;2007;0;0;0;0;0;0;0;0
2563;Mannen en vrouwen;Barbados;Personen in echtpaar;2008;0;0;0;0;0;0;0;0
2564;Mannen en vrouwen;Barbados;Personen in echtpaar;2009;0;0;0;0;0;0;0;0
2565;Mannen en vrouwen;Barbados;Personen in eenoudergezin met vader;1995;0;0;0;0;0;0;0;0
2566;Mannen en vrouwen;Barbados;Personen in eenoudergezin met vader;1996;0;0;0;0;0;0;0;0
2567;Mannen en vrouwen;Barbados;Personen in eenoudergezin met vader;1997;0;0;0;0;0;0;0;0
2568;Mannen en vrouwen;Barbados;Personen in eenoudergezin met vader;1998;0;0;0;0;0;0;0;0
2569;Mannen en vrouwen;Barbados;Personen in eenoudergezin met vader;1999;0;0;0;0;0;0;0;0
2570;Mannen en vrouwen;Barbados;Personen in eenoudergezin met vader;2000;0;0;0;0;0;0;0;0
2571;Mannen en vrouwen;Barbados;Personen in eenoudergezin met vader;2001;0;0;0;0;0;0;0;0
2572;Mannen en vrouwen;Barbados;Personen in eenoudergezin met vader;2002;0;0;0;0;0;0;0;0
2573;Mannen en vrouwen;Barbados;Personen in eenoudergezin met vader;2003;0;0;0;0;0;0;0;0
2574;Mannen en vrouwen;Barbados;Personen in eenoudergezin met vader;2004;0;0;0;0;0;0;0;0
2575;Mannen en vrouwen;Barbados;Personen in eenoudergezin met vader;2005;0;0;0;0;0;0;0;0
2576;Mannen en vrouwen;Barbados;Personen in eenoudergezin met vader;2006;0;0;0;0;0;0;0;0
2577;Mannen en vrouwen;Barbados;Personen in eenoudergezin met vader;2007;0;0;0;0;0;0;0;0
2578;Mannen en vrouwen;Barbados;Personen in eenoudergezin met vader;2008;0;0;0;0;0;0;0;0
2579;Mannen en vrouwen;Barbados;Personen in eenoudergezin met vader;2009;0;0;0;0;0;0;0;0
2580;Mannen en vrouwen;Barbados;Personen in eenoudergezin met moeder;1995;0;0;0;0;0;0;0;0
2581;Mannen en vrouwen;Barbados;Personen in eenoudergezin met moeder;1996;2;0;0;2;2;0;0;0
2582;Mannen en vrouwen;Barbados;Personen in eenoudergezin met moeder;1997;0;3;1;-3;-1;0;2;-2
2583;Mannen en vrouwen;Barbados;Personen in eenoudergezin met moeder;1998;0;0;0;0;0;0;0;0
2584;Mannen en vrouwen;Barbados;Personen in eenoudergezin met moeder;1999;0;0;0;0;0;0;0;0
2585;Mannen en vrouwen;Barbados;Personen in eenoudergezin met moeder;2000;1;0;0;1;1;0;0;0
2586;Mannen en vrouwen;Barbados;Personen in eenoudergezin met moeder;2001;0;1;0;-1;0;0;1;-1
2587;Mannen en vrouwen;Barbados;Personen in eenoudergezin met moeder;2002;0;0;0;0;0;0;0;0
2588;Mannen en vrouwen;Barbados;Personen in eenoudergezin met moeder;2003;0;3;3;-3;-3;0;0;0
2589;Mannen en vrouwen;Barbados;Personen in eenoudergezin met moeder;2004;0;1;1;-1;-1;0;0;0
2590;Mannen en vrouwen;Barbados;Personen in eenoudergezin met moeder;2005;0;0;0;0;0;0;0;0
2591;Mannen en vrouwen;Barbados;Personen in eenoudergezin met moeder;2006;0;0;0;0;0;0;0;0
2592;Mannen en vrouwen;Barbados;Personen in eenoudergezin met moeder;2007;0;0;0;0;0;0;0;0
2593;Mannen en vrouwen;Barbados;Personen in eenoudergezin met moeder;2008;0;0;0;0;0;0;0;0
2594;Mannen en vrouwen;Barbados;Personen in eenoudergezin met moeder;2009;0;0;0;0;0;0;0;0
2595;Mannen en vrouwen;Barbados;Personen in samenwonend paar met kin...;1995;0;0;0;0;0;0;0;0
2596;Mannen en vrouwen;Barbados;Personen in samenwonend paar met kin...;1996;0;0;0;0;0;0;0;0
2597;Mannen en vrouwen;Barbados;Personen in samenwonend paar met kin...;1997;0;0;0;0;0;0;0;0
2598;Mannen en vrouwen;Barbados;Personen in samenwonend paar met kin...;1998;0;0;0;0;0;0;0;0
2599;Mannen en vrouwen;Barbados;Personen in samenwonend paar met kin...;1999;0;0;0;0;0;0;0;0
2600;Mannen en vrouwen;Barbados;Personen in samenwonend paar met kin...;2000;0;0;0;0;0;0;0;0
2601;Mannen en vrouwen;Barbados;Personen in samenwonend paar met kin...;2001;0;0;0;0;0;0;0;0
2602;Mannen en vrouwen;Barbados;Personen in samenwonend paar met kin...;2002;0;0;0;0;0;0;0;0
2603;Mannen en vrouwen;Barbados;Personen in samenwonend paar met kin...;2003;0;0;0;0;0;0;0;0
2604;Mannen en vrouwen;Barbados;Personen in samenwonend paar met kin...;2004;0;0;0;0;0;0;0;0
2605;Mannen en vrouwen;Barbados;Personen in samenwonend paar met kin...;2005;0;0;0;0;0;0;0;0
2606;Mannen en vrouwen;Barbados;Personen in samenwonend paar met kin...;2006;0;0;0;0;0;0;0;0
2607;Mannen en vrouwen;Barbados;Personen in samenwonend paar met kin...;2007;0;1;1;-1;-1;0;0;0
2608;Mannen en vrouwen;Barbados;Personen in samenwonend paar met kin...;2008;0;0;0;0;0;0;0;0
2609;Mannen en vrouwen;Barbados;Personen in samenwonend paar met kin...;2009;0;0;0;0;0;0;0;0
2610;Mannen en vrouwen;Barbados;Alleengaanden;1995;4;-1;0;5;4;2;1;1
2611;Mannen en vrouwen;Barbados;Alleengaanden;1996;6;7;4;-1;2;0;3;-3
2612;Mannen en vrouwen;Barbados;Alleengaanden;1997;12;3;3;9;9;0;0;0
2613;Mannen en vrouwen;Barbados;Alleengaanden;1998;5;4;2;1;3;0;2;-2
2614;Mannen en vrouwen;Barbados;Alleengaanden;1999;7;0;0;7;7;0;0;0
2615;Mannen en vrouwen;Barbados;Alleengaanden;2000;7;4;2;3;5;0;2;-2
2616;Mannen en vrouwen;Barbados;Alleengaanden;2001;3;3;1;0;2;0;2;-2
2617;Mannen en vrouwen;Barbados;Alleengaanden;2002;2;5;4;-3;-2;0;1;-1
2618;Mannen en vrouwen;Barbados;Alleengaanden;2003;4;2;2;2;2;1;1;0
2619;Mannen en vrouwen;Barbados;Alleengaanden;2004;4;1;1;3;3;0;0;0
2620;Mannen en vrouwen;Barbados;Alleengaanden;2005;4;4;1;0;3;0;3;-3
2621;Mannen en vrouwen;Barbados;Alleengaanden;2006;1;5;4;-4;-3;0;1;-1
2622;Mannen en vrouwen;Barbados;Alleengaanden;2007;4;4;3;0;1;0;1;-1
2623;Mannen en vrouwen;Barbados;Alleengaanden;2008;1;3;0;-2;1;0;3;-3
2624;Mannen en vrouwen;Barbados;Alleengaanden;2009;3;2;1;1;2;0;1;-1
2625;Mannen en vrouwen;België;Totaal personen;1995;1682;1260;1038;422;644;48;270;-222
2626;Mannen en vrouwen;België;Totaal personen;1996;1915;1391;1103;524;812;83;371;-288
2627;Mannen en vrouwen;België;Totaal personen;1997;2244;1293;1085;951;1159;82;290;-208
2628;Mannen en vrouwen;België;Totaal personen;1998;2337;1371;1125;966;1212;93;339;-246
2629;Mannen en vrouwen;België;Totaal personen;1999;2360;1331;1100;1029;1260;78;309;-231
2630;Mannen en vrouwen;België;Totaal personen;2000;2244;1375;1161;869;1083;87;301;-214
2631;Mannen en vrouwen;België;Totaal personen;2001;2106;1412;1173;694;933;88;327;-239
2632;Mannen en vrouwen;België;Totaal personen;2002;2039;1519;1204;520;835;104;419;-315
2633;Mannen en vrouwen;België;Totaal personen;2003;1952;1512;1234;440;718;116;394;-278
2634;Mannen en vrouwen;België;Totaal personen;2004;1710;1604;1255;106;455;111;460;-349
2635;Mannen en vrouwen;België;Totaal personen;2005;1709;1626;1313;83;396;103;416;-313
2636;Mannen en vrouwen;België;Totaal personen;2006;1911;1581;1287;330;624;142;436;-294
2637;Mannen en vrouwen;België;Totaal personen;2007;2125;1544;1267;581;858;147;424;-277
2638;Mannen en vrouwen;België;Totaal personen;2008;2392;1614;1322;778;1070;147;439;-292
2639;Mannen en vrouwen;België;Totaal personen;2009;2220;1567;1249;653;971;167;485;-318
2640;Mannen en vrouwen;België;Totaal in gezinsverband;1995;539;513;479;26;60;5;39;-34
2641;Mannen en vrouwen;België;Totaal in gezinsverband;1996;565;538;492;27;73;8;54;-46
2642;Mannen en vrouwen;België;Totaal in gezinsverband;1997;688;532;492;156;196;10;50;-40
2643;Mannen en vrouwen;België;Totaal in gezinsverband;1998;595;585;513;10;82;3;75;-72
2644;Mannen en vrouwen;België;Totaal in gezinsverband;1999;588;500;475;88;113;9;34;-25
2645;Mannen en vrouwen;België;Totaal in gezinsverband;2000;517;556;517;-39;0;3;42;-39
2646;Mannen en vrouwen;België;Totaal in gezinsverband;2001;448;592;519;-144;-71;3;76;-73
2647;Mannen en vrouwen;België;Totaal in gezinsverband;2002;456;615;530;-159;-74;8;93;-85
2648;Mannen en vrouwen;België;Totaal in gezinsverband;2003;461;601;525;-140;-64;13;89;-76
2649;Mannen en vrouwen;België;Totaal in gezinsverband;2004;358;630;580;-272;-222;11;61;-50
2650;Mannen en vrouwen;België;Totaal in gezinsverband;2005;393;674;566;-281;-173;11;119;-108
2651;Mannen en vrouwen;België;Totaal in gezinsverband;2006;466;610;551;-144;-85;15;74;-59
2652;Mannen en vrouwen;België;Totaal in gezinsverband;2007;516;599;536;-83;-20;14;77;-63
2653;Mannen en vrouwen;België;Totaal in gezinsverband;2008;514;562;506;-48;8;23;79;-56
2654;Mannen en vrouwen;België;Totaal in gezinsverband;2009;486;504;458;-18;28;13;59;-46
2655;Mannen en vrouwen;België;Personen in echtpaar;1995;274;340;328;-66;-54;4;16;-12
2656;Mannen en vrouwen;België;Personen in echtpaar;1996;277;372;351;-95;-74;3;24;-21
2657;Mannen en vrouwen;België;Personen in echtpaar;1997;323;383;363;-60;-40;3;23;-20
2658;Mannen en vrouwen;België;Personen in echtpaar;1998;276;376;343;-100;-67;1;34;-33
2659;Mannen en vrouwen;België;Personen in echtpaar;1999;263;307;296;-44;-33;2;13;-11
2660;Mannen en vrouwen;België;Personen in echtpaar;2000;180;339;321;-159;-141;2;20;-18
2661;Mannen en vrouwen;België;Personen in echtpaar;2001;159;415;363;-256;-204;0;52;-52
2662;Mannen en vrouwen;België;Personen in echtpaar;2002;179;405;359;-226;-180;6;52;-46
2663;Mannen en vrouwen;België;Personen in echtpaar;2003;205;369;345;-164;-140;7;31;-24
2664;Mannen en vrouwen;België;Personen in echtpaar;2004;126;401;374;-275;-248;5;32;-27
2665;Mannen en vrouwen;België;Personen in echtpaar;2005;144;432;380;-288;-236;6;58;-52
2666;Mannen en vrouwen;België;Personen in echtpaar;2006;188;372;346;-184;-158;8;34;-26
2667;Mannen en vrouwen;België;Personen in echtpaar;2007;177;354;331;-177;-154;7;30;-23
2668;Mannen en vrouwen;België;Personen in echtpaar;2008;166;300;280;-134;-114;9;29;-20
2669;Mannen en vrouwen;België;Personen in echtpaar;2009;165;287;267;-122;-102;7;27;-20
2670;Mannen en vrouwen;België;Personen in eenoudergezin met vader;1995;20;10;9;10;11;0;1;-1
2671;Mannen en vrouwen;België;Personen in eenoudergezin met vader;1996;27;5;4;22;23;0;1;-1
2672;Mannen en vrouwen;België;Personen in eenoudergezin met vader;1997;27;19;17;8;10;0;2;-2
2673;Mannen en vrouwen;België;Personen in eenoudergezin met vader;1998;18;15;10;3;8;0;5;-5
2674;Mannen en vrouwen;België;Personen in eenoudergezin met vader;1999;31;11;11;20;20;0;0;0
2675;Mannen en vrouwen;België;Personen in eenoudergezin met vader;2000;31;26;21;5;10;0;5;-5
2676;Mannen en vrouwen;België;Personen in eenoudergezin met vader;2001;28;16;15;12;13;2;3;-1
2677;Mannen en vrouwen;België;Personen in eenoudergezin met vader;2002;24;18;15;6;9;0;3;-3
2678;Mannen en vrouwen;België;Personen in eenoudergezin met vader;2003;18;8;9;10;9;3;2;1
2679;Mannen en vrouwen;België;Personen in eenoudergezin met vader;2004;17;20;15;-3;2;0;5;-5
2680;Mannen en vrouwen;België;Personen in eenoudergezin met vader;2005;13;8;7;5;6;2;3;-1
2681;Mannen en vrouwen;België;Personen in eenoudergezin met vader;2006;32;35;22;-3;10;0;13;-13
2682;Mannen en vrouwen;België;Personen in eenoudergezin met vader;2007;13;24;17;-11;-4;0;7;-7
2683;Mannen en vrouwen;België;Personen in eenoudergezin met vader;2008;35;18;15;17;20;1;4;-3
2684;Mannen en vrouwen;België;Personen in eenoudergezin met vader;2009;29;16;16;13;13;1;1;0
2685;Mannen en vrouwen;België;Personen in eenoudergezin met moeder;1995;193;135;118;58;75;1;18;-17
2686;Mannen en vrouwen;België;Personen in eenoudergezin met moeder;1996;188;147;130;41;58;5;22;-17
2687;Mannen en vrouwen;België;Personen in eenoudergezin met moeder;1997;249;121;104;128;145;7;24;-17
2688;Mannen en vrouwen;België;Personen in eenoudergezin met moeder;1998;252;158;135;94;117;2;25;-23
2689;Mannen en vrouwen;België;Personen in eenoudergezin met moeder;1999;209;159;145;50;64;7;21;-14
2690;Mannen en vrouwen;België;Personen in eenoudergezin met moeder;2000;234;163;150;71;84;1;14;-13
2691;Mannen en vrouwen;België;Personen in eenoudergezin met moeder;2001;216;140;121;76;95;0;19;-19
2692;Mannen en vrouwen;België;Personen in eenoudergezin met moeder;2002;228;162;134;66;94;1;29;-28
2693;Mannen en vrouwen;België;Personen in eenoudergezin met moeder;2003;200;169;138;31;62;3;34;-31
2694;Mannen en vrouwen;België;Personen in eenoudergezin met moeder;2004;172;181;166;-9;6;1;16;-15
2695;Mannen en vrouwen;België;Personen in eenoudergezin met moeder;2005;194;206;152;-12;42;3;57;-54
2696;Mannen en vrouwen;België;Personen in eenoudergezin met moeder;2006;171;159;142;12;29;7;24;-17
2697;Mannen en vrouwen;België;Personen in eenoudergezin met moeder;2007;254;184;156;70;98;7;35;-28
2698;Mannen en vrouwen;België;Personen in eenoudergezin met moeder;2008;237;212;183;25;54;12;41;-29
2699;Mannen en vrouwen;België;Personen in eenoudergezin met moeder;2009;226;168;152;58;74;5;21;-16
2700;Mannen en vrouwen;België;Personen in samenwonend paar met kin...;1995;52;28;24;24;28;0;4;-4
2701;Mannen en vrouwen;België;Personen in samenwonend paar met kin...;1996;73;14;7;59;66;0;7;-7
2702;Mannen en vrouwen;België;Personen in samenwonend paar met kin...;1997;89;9;8;80;81;0;1;-1
2703;Mannen en vrouwen;België;Personen in samenwonend paar met kin...;1998;49;36;25;13;24;0;11;-11
2704;Mannen en vrouwen;België;Personen in samenwonend paar met kin...;1999;85;23;23;62;62;0;0;0
2705;Mannen en vrouwen;België;Personen in samenwonend paar met kin...;2000;72;28;25;44;47;0;3;-3
2706;Mannen en vrouwen;België;Personen in samenwonend paar met kin...;2001;45;21;20;24;25;1;2;-1
2707;Mannen en vrouwen;België;Personen in samenwonend paar met kin...;2002;25;30;22;-5;3;1;9;-8
2708;Mannen en vrouwen;België;Personen in samenwonend paar met kin...;2003;38;55;33;-17;5;0;22;-22
2709;Mannen en vrouwen;België;Personen in samenwonend paar met kin...;2004;43;28;25;15;18;5;8;-3
2710;Mannen en vrouwen;België;Personen in samenwonend paar met kin...;2005;42;28;27;14;15;0;1;-1
2711;Mannen en vrouwen;België;Personen in samenwonend paar met kin...;2006;75;44;41;31;34;0;3;-3
2712;Mannen en vrouwen;België;Personen in samenwonend paar met kin...;2007;72;37;32;35;40;0;5;-5
2713;Mannen en vrouwen;België;Personen in samenwonend paar met kin...;2008;76;32;28;44;48;1;5;-4
2714;Mannen en vrouwen;België;Personen in samenwonend paar met kin...;2009;66;33;23;33;43;0;10;-10
2715;Mannen en vrouwen;België;Alleengaanden;1995;1143;747;559;396;584;43;231;-188
2716;Mannen en vrouwen;België;Alleengaanden;1996;1350;853;611;497;739;75;317;-242
2717;Mannen en vrouwen;België;Alleengaanden;1997;1556;761;593;795;963;72;240;-168
2718;Mannen en vrouwen;België;Alleengaanden;1998;1742;786;612;956;1130;90;264;-174
2719;Mannen en vrouwen;België;Alleengaanden;1999;1772;831;625;941;1147;69;275;-206
2720;Mannen en vrouwen;België;Alleengaanden;2000;1727;819;644;908;1083;84;259;-175
2721;Mannen en vrouwen;België;Alleengaanden;2001;1658;820;654;838;1004;85;251;-166
2722;Mannen en vrouwen;België;Alleengaanden;2002;1583;904;674;679;909;96;326;-230
2723;Mannen en vrouwen;België;Alleengaanden;2003;1491;911;709;580;782;103;305;-202
2724;Mannen en vrouwen;België;Alleengaanden;2004;1352;974;675;378;677;100;399;-299
2725;Mannen en vrouwen;België;Alleengaanden;2005;1316;952;747;364;569;92;297;-205
2726;Mannen en vrouwen;België;Alleengaanden;2006;1445;971;736;474;709;127;362;-235
2727;Mannen en vrouwen;België;Alleengaanden;2007;1609;945;731;664;878;133;347;-214
2728;Mannen en vrouwen;België;Alleengaanden;2008;1878;1052;816;826;1062;124;360;-236
2729;Mannen en vrouwen;België;Alleengaanden;2009;1734;1063;791;671;943;154;426;-272
2730;Mannen en vrouwen;Belize;Totaal personen;1995;1;2;2;-1;-1;1;1;0
2731;Mannen en vrouwen;Belize;Totaal personen;1996;0;1;1;-1;-1;0;0;0
2732;Mannen en vrouwen;Belize;Totaal personen;1997;3;0;0;3;3;0;0;0
2733;Mannen en vrouwen;Belize;Totaal personen;1998;4;4;1;0;3;0;3;-3
2734;Mannen en vrouwen;Belize;Totaal personen;1999;0;2;1;-2;-1;0;1;-1
2735;Mannen en vrouwen;Belize;Totaal personen;2000;4;0;0;4;4;2;2;0
2736;Mannen en vrouwen;Belize;Totaal personen;2001;3;1;1;2;2;1;1;0
2737;Mannen en vrouwen;Belize;Totaal personen;2002;1;1;1;0;0;0;0;0
2738;Mannen en vrouwen;Belize;Totaal personen;2003;1;-1;0;2;1;1;0;1
2739;Mannen en vrouwen;Belize;Totaal personen;2004;1;2;1;-1;0;0;1;-1
2740;Mannen en vrouwen;Belize;Totaal personen;2005;0;1;0;-1;0;0;1;-1
2741;Mannen en vrouwen;Belize;Totaal personen;2006;1;1;1;0;0;0;0;0
2742;Mannen en vrouwen;Belize;Totaal personen;2007;3;2;1;1;2;1;2;-1
2743;Mannen en vrouwen;Belize;Totaal personen;2008;3;1;2;2;1;1;0;1
2744;Mannen en vrouwen;Belize;Totaal personen;2009;2;0;0;2;2;0;0;0
2745;Mannen en vrouwen;Belize;Totaal in gezinsverband;1995;0;1;1;-1;-1;0;0;0
2746;Mannen en vrouwen;Belize;Totaal in gezinsverband;1996;0;0;0;0;0;0;0;0
2747;Mannen en vrouwen;Belize;Totaal in gezinsverband;1997;0;0;0;0;0;0;0;0
2748;Mannen en vrouwen;Belize;Totaal in gezinsverband;1998;0;0;0;0;0;0;0;0
2749;Mannen en vrouwen;Belize;Totaal in gezinsverband;1999;0;0;0;0;0;0;0;0
2750;Mannen en vrouwen;Belize;Totaal in gezinsverband;2000;0;0;0;0;0;0;0;0
2751;Mannen en vrouwen;Belize;Totaal in gezinsverband;2001;0;1;1;-1;-1;0;0;0
2752;Mannen en vrouwen;Belize;Totaal in gezinsverband;2002;0;0;0;0;0;0;0;0
2753;Mannen en vrouwen;Belize;Totaal in gezinsverband;2003;1;0;0;1;1;0;0;0
2754;Mannen en vrouwen;Belize;Totaal in gezinsverband;2004;0;1;1;-1;-1;0;0;0
2755;Mannen en vrouwen;Belize;Totaal in gezinsverband;2005;0;0;0;0;0;0;0;0
2756;Mannen en vrouwen;Belize;Totaal in gezinsverband;2006;1;0;0;1;1;0;0;0
2757;Mannen en vrouwen;Belize;Totaal in gezinsverband;2007;0;0;0;0;0;0;0;0
2758;Mannen en vrouwen;Belize;Totaal in gezinsverband;2008;0;1;1;-1;-1;0;0;0
2759;Mannen en vrouwen;Belize;Totaal in gezinsverband;2009;0;0;0;0;0;0;0;0
2760;Mannen en vrouwen;Belize;Personen in echtpaar;1995;0;1;1;-1;-1;0;0;0
2761;Mannen en vrouwen;Belize;Personen in echtpaar;1996;0;0;0;0;0;0;0;0
2762;Mannen en vrouwen;Belize;Personen in echtpaar;1997;0;0;0;0;0;0;0;0
2763;Mannen en vrouwen;Belize;Personen in echtpaar;1998;0;0;0;0;0;0;0;0
2764;Mannen en vrouwen;Belize;Personen in echtpaar;1999;0;0;0;0;0;0;0;0
2765;Mannen en vrouwen;Belize;Personen in echtpaar;2000;0;0;0;0;0;0;0;0
2766;Mannen en vrouwen;Belize;Personen in echtpaar;2001;0;1;1;-1;-1;0;0;0
2767;Mannen en vrouwen;Belize;Personen in echtpaar;2002;0;0;0;0;0;0;0;0
2768;Mannen en vrouwen;Belize;Personen in echtpaar;2003;1;0;0;1;1;0;0;0
2769;Mannen en vrouwen;Belize;Personen in echtpaar;2004;0;1;1;-1;-1;0;0;0
2770;Mannen en vrouwen;Belize;Personen in echtpaar;2005;0;0;0;0;0;0;0;0
2771;Mannen en vrouwen;Belize;Personen in echtpaar;2006;1;0;0;1;1;0;0;0
2772;Mannen en vrouwen;Belize;Personen in echtpaar;2007;0;0;0;0;0;0;0;0
2773;Mannen en vrouwen;Belize;Personen in echtpaar;2008;0;1;1;-1;-1;0;0;0
2774;Mannen en vrouwen;Belize;Personen in echtpaar;2009;0;0;0;0;0;0;0;0
2775;Mannen en vrouwen;Belize;Personen in eenoudergezin met vader;1995;0;0;0;0;0;0;0;0
2776;Mannen en vrouwen;Belize;Personen in eenoudergezin met vader;1996;0;0;0;0;0;0;0;0
2777;Mannen en vrouwen;Belize;Personen in eenoudergezin met vader;1997;0;0;0;0;0;0;0;0
2778;Mannen en vrouwen;Belize;Personen in eenoudergezin met vader;1998;0;0;0;0;0;0;0;0
2779;Mannen en vrouwen;Belize;Personen in eenoudergezin met vader;1999;0;0;0;0;0;0;0;0
2780;Mannen en vrouwen;Belize;Personen in eenoudergezin met vader;2000;0;0;0;0;0;0;0;0
2781;Mannen en vrouwen;Belize;Personen in eenoudergezin met vader;2001;0;0;0;0;0;0;0;0
2782;Mannen en vrouwen;Belize;Personen in eenoudergezin met vader;2002;0;0;0;0;0;0;0;0
2783;Mannen en vrouwen;Belize;Personen in eenoudergezin met vader;2003;0;0;0;0;0;0;0;0
2784;Mannen en vrouwen;Belize;Personen in eenoudergezin met vader;2004;0;0;0;0;0;0;0;0
2785;Mannen en vrouwen;Belize;Personen in eenoudergezin met vader;2005;0;0;0;0;0;0;0;0
2786;Mannen en vrouwen;Belize;Personen in eenoudergezin met vader;2006;0;0;0;0;0;0;0;0
2787;Mannen en vrouwen;Belize;Personen in eenoudergezin met vader;2007;0;0;0;0;0;0;0;0
2788;Mannen en vrouwen;Belize;Personen in eenoudergezin met vader;2008;0;0;0;0;0;0;0;0
2789;Mannen en vrouwen;Belize;Personen in eenoudergezin met vader;2009;0;0;0;0;0;0;0;0
2790;Mannen en vrouwen;Belize;Personen in eenoudergezin met moeder;1995;0;0;0;0;0;0;0;0
2791;Mannen en vrouwen;Belize;Personen in eenoudergezin met moeder;1996;0;0;0;0;0;0;0;0
2792;Mannen en vrouwen;Belize;Personen in eenoudergezin met moeder;1997;0;0;0;0;0;0;0;0
2793;Mannen en vrouwen;Belize;Personen in eenoudergezin met moeder;1998;0;0;0;0;0;0;0;0
2794;Mannen en vrouwen;Belize;Personen in eenoudergezin met moeder;1999;0;0;0;0;0;0;0;0
2795;Mannen en vrouwen;Belize;Personen in eenoudergezin met moeder;2000;0;0;0;0;0;0;0;0
2796;Mannen en vrouwen;Belize;Personen in eenoudergezin met moeder;2001;0;0;0;0;0;0;0;0
2797;Mannen en vrouwen;Belize;Personen in eenoudergezin met moeder;2002;0;0;0;0;0;0;0;0
2798;Mannen en vrouwen;Belize;Personen in eenoudergezin met moeder;2003;0;0;0;0;0;0;0;0
2799;Mannen en vrouwen;Belize;Personen in eenoudergezin met moeder;2004;0;0;0;0;0;0;0;0
2800;Mannen en vrouwen;Belize;Personen in eenoudergezin met moeder;2005;0;0;0;0;0;0;0;0
2801;Mannen en vrouwen;Belize;Personen in eenoudergezin met moeder;2006;0;0;0;0;0;0;0;0
2802;Mannen en vrouwen;Belize;Personen in eenoudergezin met moeder;2007;0;0;0;0;0;0;0;0
2803;Mannen en vrouwen;Belize;Personen in eenoudergezin met moeder;2008;0;0;0;0;0;0;0;0
2804;Mannen en vrouwen;Belize;Personen in eenoudergezin met moeder;2009;0;0;0;0;0;0;0;0
2805;Mannen en vrouwen;Belize;Personen in samenwonend paar met kin...;1995;0;0;0;0;0;0;0;0
2806;Mannen en vrouwen;Belize;Personen in samenwonend paar met kin...;1996;0;0;0;0;0;0;0;0
2807;Mannen en vrouwen;Belize;Personen in samenwonend paar met kin...;1997;0;0;0;0;0;0;0;0
2808;Mannen en vrouwen;Belize;Personen in samenwonend paar met kin...;1998;0;0;0;0;0;0;0;0
2809;Mannen en vrouwen;Belize;Personen in samenwonend paar met kin...;1999;0;0;0;0;0;0;0;0
2810;Mannen en vrouwen;Belize;Personen in samenwonend paar met kin...;2000;0;0;0;0;0;0;0;0
2811;Mannen en vrouwen;Belize;Personen in samenwonend paar met kin...;2001;0;0;0;0;0;0;0;0
2812;Mannen en vrouwen;Belize;Personen in samenwonend paar met kin...;2002;0;0;0;0;0;0;0;0
2813;Mannen en vrouwen;Belize;Personen in samenwonend paar met kin...;2003;0;0;0;0;0;0;0;0
2814;Mannen en vrouwen;Belize;Personen in samenwonend paar met kin...;2004;0;0;0;0;0;0;0;0
2815;Mannen en vrouwen;Belize;Personen in samenwonend paar met kin...;2005;0;0;0;0;0;0;0;0
2816;Mannen en vrouwen;Belize;Personen in samenwonend paar met kin...;2006;0;0;0;0;0;0;0;0
2817;Mannen en vrouwen;Belize;Personen in samenwonend paar met kin...;2007;0;0;0;0;0;0;0;0
2818;Mannen en vrouwen;Belize;Personen in samenwonend paar met kin...;2008;0;0;0;0;0;0;0;0
2819;Mannen en vrouwen;Belize;Personen in samenwonend paar met kin...;2009;0;0;0;0;0;0;0;0
2820;Mannen en vrouwen;Belize;Alleengaanden;1995;1;1;1;0;0;1;1;0
2821;Mannen en vrouwen;Belize;Alleengaanden;1996;0;1;1;-1;-1;0;0;0
2822;Mannen en vrouwen;Belize;Alleengaanden;1997;3;0;0;3;3;0;0;0
2823;Mannen en vrouwen;Belize;Alleengaanden;1998;4;4;1;0;3;0;3;-3
2824;Mannen en vrouwen;Belize;Alleengaanden;1999;0;2;1;-2;-1;0;1;-1
2825;Mannen en vrouwen;Belize;Alleengaanden;2000;4;0;0;4;4;2;2;0
2826;Mannen en vrouwen;Belize;Alleengaanden;2001;3;0;0;3;3;1;1;0
2827;Mannen en vrouwen;Belize;Alleengaanden;2002;1;1;1;0;0;0;0;0
2828;Mannen en vrouwen;Belize;Alleengaanden;2003;0;-1;0;1;0;1;0;1
2829;Mannen en vrouwen;Belize;Alleengaanden;2004;1;1;0;0;1;0;1;-1
2830;Mannen en vrouwen;Belize;Alleengaanden;2005;0;1;0;-1;0;0;1;-1
2831;Mannen en vrouwen;Belize;Alleengaanden;2006;0;1;1;-1;-1;0;0;0
2832;Mannen en vrouwen;Belize;Alleengaanden;2007;3;2;1;1;2;1;2;-1
2833;Mannen en vrouwen;Belize;Alleengaanden;2008;3;0;1;3;2;1;0;1
2834;Mannen en vrouwen;Belize;Alleengaanden;2009;2;0;0;2;2;0;0;0
2835;Mannen en vrouwen;Benin;Totaal personen;1995;13;8;8;5;5;4;4;0
2836;Mannen en vrouwen;Benin;Totaal personen;1996;13;13;9;0;4;0;4;-4
2837;Mannen en vrouwen;Benin;Totaal personen;1997;12;7;6;5;6;1;2;-1
2838;Mannen en vrouwen;Benin;Totaal personen;1998;21;4;3;17;18;2;3;-1
2839;Mannen en vrouwen;Benin;Totaal personen;1999;15;3;0;12;15;0;3;-3
2840;Mannen en vrouwen;Benin;Totaal personen;2000;18;8;4;10;14;0;4;-4
2841;Mannen en vrouwen;Benin;Totaal personen;2001;46;6;4;40;42;0;2;-2
2842;Mannen en vrouwen;Benin;Totaal personen;2002;85;12;5;73;80;4;11;-7
2843;Mannen en vrouwen;Benin;Totaal personen;2003;50;15;7;35;43;1;9;-8
2844;Mannen en vrouwen;Benin;Totaal personen;2004;37;25;2;12;35;1;24;-23
2845;Mannen en vrouwen;Benin;Totaal personen;2005;24;35;4;-11;20;3;34;-31
2846;Mannen en vrouwen;Benin;Totaal personen;2006;13;41;13;-28;0;6;34;-28
2847;Mannen en vrouwen;Benin;Totaal personen;2007;22;17;3;5;19;4;18;-14
2848;Mannen en vrouwen;Benin;Totaal personen;2008;18;10;4;8;14;6;12;-6
2849;Mannen en vrouwen;Benin;Totaal personen;2009;26;17;8;9;18;3;12;-9
2850;Mannen en vrouwen;Benin;Totaal in gezinsverband;1995;0;4;3;-4;-3;0;1;-1
2851;Mannen en vrouwen;Benin;Totaal in gezinsverband;1996;2;2;2;0;0;0;0;0
2852;Mannen en vrouwen;Benin;Totaal in gezinsverband;1997;1;2;2;-1;-1;0;0;0
2853;Mannen en vrouwen;Benin;Totaal in gezinsverband;1998;6;3;3;3;3;0;0;0
2854;Mannen en vrouwen;Benin;Totaal in gezinsverband;1999;3;1;0;2;3;0;1;-1
2855;Mannen en vrouwen;Benin;Totaal in gezinsverband;2000;0;3;2;-3;-2;0;1;-1
2856;Mannen en vrouwen;Benin;Totaal in gezinsverband;2001;6;0;0;6;6;0;0;0
2857;Mannen en vrouwen;Benin;Totaal in gezinsverband;2002;1;1;0;0;1;0;1;-1
2858;Mannen en vrouwen;Benin;Totaal in gezinsverband;2003;2;1;1;1;1;0;0;0
2859;Mannen en vrouwen;Benin;Totaal in gezinsverband;2004;3;0;0;3;3;0;0;0
2860;Mannen en vrouwen;Benin;Totaal in gezinsverband;2005;0;4;1;-4;-1;0;3;-3
2861;Mannen en vrouwen;Benin;Totaal in gezinsverband;2006;0;6;5;-6;-5;0;1;-1
2862;Mannen en vrouwen;Benin;Totaal in gezinsverband;2007;2;0;0;2;2;0;0;0
2863;Mannen en vrouwen;Benin;Totaal in gezinsverband;2008;0;1;1;-1;-1;0;0;0
2864;Mannen en vrouwen;Benin;Totaal in gezinsverband;2009;3;3;3;0;0;0;0;0
2865;Mannen en vrouwen;Benin;Personen in echtpaar;1995;0;4;3;-4;-3;0;1;-1
2866;Mannen en vrouwen;Benin;Personen in echtpaar;1996;2;0;0;2;2;0;0;0
2867;Mannen en vrouwen;Benin;Personen in echtpaar;1997;0;2;2;-2;-2;0;0;0
2868;Mannen en vrouwen;Benin;Personen in echtpaar;1998;2;2;2;0;0;0;0;0
2869;Mannen en vrouwen;Benin;Personen in echtpaar;1999;2;1;0;1;2;0;1;-1
2870;Mannen en vrouwen;Benin;Personen in echtpaar;2000;0;3;2;-3;-2;0;1;-1
2871;Mannen en vrouwen;Benin;Personen in echtpaar;2001;3;0;0;3;3;0;0;0
2872;Mannen en vrouwen;Benin;Personen in echtpaar;2002;0;1;0;-1;0;0;1;-1
2873;Mannen en vrouwen;Benin;Personen in echtpaar;2003;0;0;0;0;0;0;0;0
2874;Mannen en vrouwen;Benin;Personen in echtpaar;2004;0;0;0;0;0;0;0;0
2875;Mannen en vrouwen;Benin;Personen in echtpaar;2005;0;1;1;-1;-1;0;0;0
2876;Mannen en vrouwen;Benin;Personen in echtpaar;2006;0;4;3;-4;-3;0;1;-1
2877;Mannen en vrouwen;Benin;Personen in echtpaar;2007;2;0;0;2;2;0;0;0
2878;Mannen en vrouwen;Benin;Personen in echtpaar;2008;0;1;1;-1;-1;0;0;0
2879;Mannen en vrouwen;Benin;Personen in echtpaar;2009;0;2;2;-2;-2;0;0;0
2880;Mannen en vrouwen;Benin;Personen in eenoudergezin met vader;1995;0;0;0;0;0;0;0;0
2881;Mannen en vrouwen;Benin;Personen in eenoudergezin met vader;1996;0;0;0;0;0;0;0;0
2882;Mannen en vrouwen;Benin;Personen in eenoudergezin met vader;1997;0;0;0;0;0;0;0;0
2883;Mannen en vrouwen;Benin;Personen in eenoudergezin met vader;1998;0;0;0;0;0;0;0;0
2884;Mannen en vrouwen;Benin;Personen in eenoudergezin met vader;1999;1;0;0;1;1;0;0;0
2885;Mannen en vrouwen;Benin;Personen in eenoudergezin met vader;2000;0;0;0;0;0;0;0;0
2886;Mannen en vrouwen;Benin;Personen in eenoudergezin met vader;2001;0;0;0;0;0;0;0;0
2887;Mannen en vrouwen;Benin;Personen in eenoudergezin met vader;2002;1;0;0;1;1;0;0;0
2888;Mannen en vrouwen;Benin;Personen in eenoudergezin met vader;2003;0;0;0;0;0;0;0;0
2889;Mannen en vrouwen;Benin;Personen in eenoudergezin met vader;2004;0;0;0;0;0;0;0;0
2890;Mannen en vrouwen;Benin;Personen in eenoudergezin met vader;2005;0;0;0;0;0;0;0;0
2891;Mannen en vrouwen;Benin;Personen in eenoudergezin met vader;2006;0;0;0;0;0;0;0;0
2892;Mannen en vrouwen;Benin;Personen in eenoudergezin met vader;2007;0;0;0;0;0;0;0;0
2893;Mannen en vrouwen;Benin;Personen in eenoudergezin met vader;2008;0;0;0;0;0;0;0;0
2894;Mannen en vrouwen;Benin;Personen in eenoudergezin met vader;2009;0;0;0;0;0;0;0;0
2895;Mannen en vrouwen;Benin;Personen in eenoudergezin met moeder;1995;0;0;0;0;0;0;0;0
2896;Mannen en vrouwen;Benin;Personen in eenoudergezin met moeder;1996;0;2;2;-2;-2;0;0;0
2897;Mannen en vrouwen;Benin;Personen in eenoudergezin met moeder;1997;0;0;0;0;0;0;0;0
2898;Mannen en vrouwen;Benin;Personen in eenoudergezin met moeder;1998;4;0;0;4;4;0;0;0
2899;Mannen en vrouwen;Benin;Personen in eenoudergezin met moeder;1999;0;0;0;0;0;0;0;0
2900;Mannen en vrouwen;Benin;Personen in eenoudergezin met moeder;2000;0;0;0;0;0;0;0;0
2901;Mannen en vrouwen;Benin;Personen in eenoudergezin met moeder;2001;1;0;0;1;1;0;0;0
2902;Mannen en vrouwen;Benin;Personen in eenoudergezin met moeder;2002;0;0;0;0;0;0;0;0
2903;Mannen en vrouwen;Benin;Personen in eenoudergezin met moeder;2003;2;1;1;1;1;0;0;0
2904;Mannen en vrouwen;Benin;Personen in eenoudergezin met moeder;2004;3;0;0;3;3;0;0;0
2905;Mannen en vrouwen;Benin;Personen in eenoudergezin met moeder;2005;0;3;0;-3;0;0;3;-3
2906;Mannen en vrouwen;Benin;Personen in eenoudergezin met moeder;2006;0;1;1;-1;-1;0;0;0
2907;Mannen en vrouwen;Benin;Personen in eenoudergezin met moeder;2007;0;0;0;0;0;0;0;0
2908;Mannen en vrouwen;Benin;Personen in eenoudergezin met moeder;2008;0;0;0;0;0;0;0;0
2909;Mannen en vrouwen;Benin;Personen in eenoudergezin met moeder;2009;2;1;1;1;1;0;0;0
2910;Mannen en vrouwen;Benin;Personen in samenwonend paar met kin...;1995;0;0;0;0;0;0;0;0
2911;Mannen en vrouwen;Benin;Personen in samenwonend paar met kin...;1996;0;0;0;0;0;0;0;0
2912;Mannen en vrouwen;Benin;Personen in samenwonend paar met kin...;1997;1;0;0;1;1;0;0;0
2913;Mannen en vrouwen;Benin;Personen in samenwonend paar met kin...;1998;0;1;1;-1;-1;0;0;0
2914;Mannen en vrouwen;Benin;Personen in samenwonend paar met kin...;1999;0;0;0;0;0;0;0;0
2915;Mannen en vrouwen;Benin;Personen in samenwonend paar met kin...;2000;0;0;0;0;0;0;0;0
2916;Mannen en vrouwen;Benin;Personen in samenwonend paar met kin...;2001;2;0;0;2;2;0;0;0
2917;Mannen en vrouwen;Benin;Personen in samenwonend paar met kin...;2002;0;0;0;0;0;0;0;0
2918;Mannen en vrouwen;Benin;Personen in samenwonend paar met kin...;2003;0;0;0;0;0;0;0;0
2919;Mannen en vrouwen;Benin;Personen in samenwonend paar met kin...;2004;0;0;0;0;0;0;0;0
2920;Mannen en vrouwen;Benin;Personen in samenwonend paar met kin...;2005;0;0;0;0;0;0;0;0
2921;Mannen en vrouwen;Benin;Personen in samenwonend paar met kin...;2006;0;1;1;-1;-1;0;0;0
2922;Mannen en vrouwen;Benin;Personen in samenwonend paar met kin...;2007;0;0;0;0;0;0;0;0
2923;Mannen en vrouwen;Benin;Personen in samenwonend paar met kin...;2008;0;0;0;0;0;0;0;0
2924;Mannen en vrouwen;Benin;Personen in samenwonend paar met kin...;2009;1;0;0;1;1;0;0;0
2925;Mannen en vrouwen;Benin;Alleengaanden;1995;13;4;5;9;8;4;3;1
2926;Mannen en vrouwen;Benin;Alleengaanden;1996;11;11;7;0;4;0;4;-4
2927;Mannen en vrouwen;Benin;Alleengaanden;1997;11;5;4;6;7;1;2;-1
2928;Mannen en vrouwen;Benin;Alleengaanden;1998;15;1;0;14;15;2;3;-1
2929;Mannen en vrouwen;Benin;Alleengaanden;1999;12;2;0;10;12;0;2;-2
2930;Mannen en vrouwen;Benin;Alleengaanden;2000;18;5;2;13;16;0;3;-3
2931;Mannen en vrouwen;Benin;Alleengaanden;2001;40;6;4;34;36;0;2;-2
2932;Mannen en vrouwen;Benin;Alleengaanden;2002;84;11;5;73;79;4;10;-6
2933;Mannen en vrouwen;Benin;Alleengaanden;2003;48;14;6;34;42;1;9;-8
2934;Mannen en vrouwen;Benin;Alleengaanden;2004;34;25;2;9;32;1;24;-23
2935;Mannen en vrouwen;Benin;Alleengaanden;2005;24;31;3;-7;21;3;31;-28
2936;Mannen en vrouwen;Benin;Alleengaanden;2006;13;35;8;-22;5;6;33;-27
2937;Mannen en vrouwen;Benin;Alleengaanden;2007;20;17;3;3;17;4;18;-14
2938;Mannen en vrouwen;Benin;Alleengaanden;2008;18;9;3;9;15;6;12;-6
2939;Mannen en vrouwen;Benin;Alleengaanden;2009;23;14;5;9;18;3;12;-9
2940;Mannen en vrouwen;Bermuda;Totaal personen;1995;0;0;0;0;0;0;0;0
2941;Mannen en vrouwen;Bermuda;Totaal personen;1996;2;3;1;-1;1;0;2;-2
2942;Mannen en vrouwen;Bermuda;Totaal personen;1997;4;2;2;2;2;0;0;0
2943;Mannen en vrouwen;Bermuda;Totaal personen;1998;2;5;4;-3;-2;0;1;-1
2944;Mannen en vrouwen;Bermuda;Totaal personen;1999;1;1;0;0;1;0;1;-1
2945;Mannen en vrouwen;Bermuda;Totaal personen;2000;2;2;2;0;0;0;0;0
2946;Mannen en vrouwen;Bermuda;Totaal personen;2001;2;1;1;1;1;0;0;0
2947;Mannen en vrouwen;Bermuda;Totaal personen;2002;4;2;1;2;3;0;1;-1
2948;Mannen en vrouwen;Bermuda;Totaal personen;2003;2;2;2;0;0;0;0;0
2949;Mannen en vrouwen;Bermuda;Totaal personen;2004;2;5;5;-3;-3;0;0;0
2950;Mannen en vrouwen;Bermuda;Totaal personen;2005;2;1;0;1;2;0;1;-1
2951;Mannen en vrouwen;Bermuda;Totaal personen;2006;2;1;0;1;2;0;1;-1
2952;Mannen en vrouwen;Bermuda;Totaal personen;2007;1;2;2;-1;-1;0;0;0
2953;Mannen en vrouwen;Bermuda;Totaal personen;2008;6;0;0;6;6;0;0;0
2954;Mannen en vrouwen;Bermuda;Totaal personen;2009;4;1;0;3;4;0;1;-1
2955;Mannen en vrouwen;Bermuda;Totaal in gezinsverband;1995;0;0;0;0;0;0;0;0
2956;Mannen en vrouwen;Bermuda;Totaal in gezinsverband;1996;0;2;0;-2;0;0;2;-2
2957;Mannen en vrouwen;Bermuda;Totaal in gezinsverband;1997;2;1;1;1;1;0;0;0
2958;Mannen en vrouwen;Bermuda;Totaal in gezinsverband;1998;1;4;4;-3;-3;0;0;0
2959;Mannen en vrouwen;Bermuda;Totaal in gezinsverband;1999;0;0;0;0;0;0;0;0
2960;Mannen en vrouwen;Bermuda;Totaal in gezinsverband;2000;0;1;1;-1;-1;0;0;0
2961;Mannen en vrouwen;Bermuda;Totaal in gezinsverband;2001;0;0;0;0;0;0;0;0
2962;Mannen en vrouwen;Bermuda;Totaal in gezinsverband;2002;3;2;1;1;2;0;1;-1
2963;Mannen en vrouwen;Bermuda;Totaal in gezinsverband;2003;0;0;0;0;0;0;0;0
2964;Mannen en vrouwen;Bermuda;Totaal in gezinsverband;2004;0;2;2;-2;-2;0;0;0
2965;Mannen en vrouwen;Bermuda;Totaal in gezinsverband;2005;1;0;0;1;1;0;0;0
2966;Mannen en vrouwen;Bermuda;Totaal in gezinsverband;2006;0;0;0;0;0;0;0;0
2967;Mannen en vrouwen;Bermuda;Totaal in gezinsverband;2007;0;0;0;0;0;0;0;0
2968;Mannen en vrouwen;Bermuda;Totaal in gezinsverband;2008;1;0;0;1;1;0;0;0
2969;Mannen en vrouwen;Bermuda;Totaal in gezinsverband;2009;0;0;0;0;0;0;0;0
2970;Mannen en vrouwen;Bermuda;Personen in echtpaar;1995;0;0;0;0;0;0;0;0
2971;Mannen en vrouwen;Bermuda;Personen in echtpaar;1996;0;2;0;-2;0;0;2;-2
2972;Mannen en vrouwen;Bermuda;Personen in echtpaar;1997;1;1;1;0;0;0;0;0
2973;Mannen en vrouwen;Bermuda;Personen in echtpaar;1998;1;4;4;-3;-3;0;0;0
2974;Mannen en vrouwen;Bermuda;Personen in echtpaar;1999;0;0;0;0;0;0;0;0
2975;Mannen en vrouwen;Bermuda;Personen in echtpaar;2000;0;1;1;-1;-1;0;0;0
2976;Mannen en vrouwen;Bermuda;Personen in echtpaar;2001;0;0;0;0;0;0;0;0
2977;Mannen en vrouwen;Bermuda;Personen in echtpaar;2002;0;1;1;-1;-1;0;0;0
2978;Mannen en vrouwen;Bermuda;Personen in echtpaar;2003;0;0;0;0;0;0;0;0
2979;Mannen en vrouwen;Bermuda;Personen in echtpaar;2004;0;2;2;-2;-2;0;0;0
2980;Mannen en vrouwen;Bermuda;Personen in echtpaar;2005;0;0;0;0;0;0;0;0
2981;Mannen en vrouwen;Bermuda;Personen in echtpaar;2006;0;0;0;0;0;0;0;0
2982;Mannen en vrouwen;Bermuda;Personen in echtpaar;2007;0;0;0;0;0;0;0;0
2983;Mannen en vrouwen;Bermuda;Personen in echtpaar;2008;1;0;0;1;1;0;0;0
2984;Mannen en vrouwen;Bermuda;Personen in echtpaar;2009;0;0;0;0;0;0;0;0
2985;Mannen en vrouwen;Bermuda;Personen in eenoudergezin met vader;1995;0;0;0;0;0;0;0;0
2986;Mannen en vrouwen;Bermuda;Personen in eenoudergezin met vader;1996;0;0;0;0;0;0;0;0
2987;Mannen en vrouwen;Bermuda;Personen in eenoudergezin met vader;1997;1;0;0;1;1;0;0;0
2988;Mannen en vrouwen;Bermuda;Personen in eenoudergezin met vader;1998;0;0;0;0;0;0;0;0
2989;Mannen en vrouwen;Bermuda;Personen in eenoudergezin met vader;1999;0;0;0;0;0;0;0;0
2990;Mannen en vrouwen;Bermuda;Personen in eenoudergezin met vader;2000;0;0;0;0;0;0;0;0
2991;Mannen en vrouwen;Bermuda;Personen in eenoudergezin met vader;2001;0;0;0;0;0;0;0;0
2992;Mannen en vrouwen;Bermuda;Personen in eenoudergezin met vader;2002;0;0;0;0;0;0;0;0
2993;Mannen en vrouwen;Bermuda;Personen in eenoudergezin met vader;2003;0;0;0;0;0;0;0;0
2994;Mannen en vrouwen;Bermuda;Personen in eenoudergezin met vader;2004;0;0;0;0;0;0;0;0
2995;Mannen en vrouwen;Bermuda;Personen in eenoudergezin met vader;2005;0;0;0;0;0;0;0;0
2996;Mannen en vrouwen;Bermuda;Personen in eenoudergezin met vader;2006;0;0;0;0;0;0;0;0
2997;Mannen en vrouwen;Bermuda;Personen in eenoudergezin met vader;2007;0;0;0;0;0;0;0;0
2998;Mannen en vrouwen;Bermuda;Personen in eenoudergezin met vader;2008;0;0;0;0;0;0;0;0
2999;Mannen en vrouwen;Bermuda;Personen in eenoudergezin met vader;2009;0;0;0;0;0;0;0;0
3000;Mannen en vrouwen;Bermuda;Personen in eenoudergezin met moeder;1995;0;0;0;0;0;0;0;0
3001;Mannen en vrouwen;Bermuda;Personen in eenoudergezin met moeder;1996;0;0;0;0;0;0;0;0
3002;Mannen en vrouwen;Bermuda;Personen in eenoudergezin met moeder;1997;0;0;0;0;0;0;0;0
3003;Mannen en vrouwen;Bermuda;Personen in eenoudergezin met moeder;1998;0;0;0;0;0;0;0;0
3004;Mannen en vrouwen;Bermuda;Personen in eenoudergezin met moeder;1999;0;0;0;0;0;0;0;0
3005;Mannen en vrouwen;Bermuda;Personen in eenoudergezin met moeder;2000;0;0;0;0;0;0;0;0
3006;Mannen en vrouwen;Bermuda;Personen in eenoudergezin met moeder;2001;0;0;0;0;0;0;0;0
3007;Mannen en vrouwen;Bermuda;Personen in eenoudergezin met moeder;2002;3;1;0;2;3;0;1;-1
3008;Mannen en vrouwen;Bermuda;Personen in eenoudergezin met moeder;2003;0;0;0;0;0;0;0;0
3009;Mannen en vrouwen;Bermuda;Personen in eenoudergezin met moeder;2004;0;0;0;0;0;0;0;0
3010;Mannen en vrouwen;Bermuda;Personen in eenoudergezin met moeder;2005;0;0;0;0;0;0;0;0
3011;Mannen en vrouwen;Bermuda;Personen in eenoudergezin met moeder;2006;0;0;0;0;0;0;0;0
3012;Mannen en vrouwen;Bermuda;Personen in eenoudergezin met moeder;2007;0;0;0;0;0;0;0;0
3013;Mannen en vrouwen;Bermuda;Personen in eenoudergezin met moeder;2008;0;0;0;0;0;0;0;0
3014;Mannen en vrouwen;Bermuda;Personen in eenoudergezin met moeder;2009;0;0;0;0;0;0;0;0
3015;Mannen en vrouwen;Bermuda;Personen in samenwonend paar met kin...;1995;0;0;0;0;0;0;0;0
3016;Mannen en vrouwen;Bermuda;Personen in samenwonend paar met kin...;1996;0;0;0;0;0;0;0;0
3017;Mannen en vrouwen;Bermuda;Personen in samenwonend paar met kin...;1997;0;0;0;0;0;0;0;0
3018;Mannen en vrouwen;Bermuda;Personen in samenwonend paar met kin...;1998;0;0;0;0;0;0;0;0
3019;Mannen en vrouwen;Bermuda;Personen in samenwonend paar met kin...;1999;0;0;0;0;0;0;0;0
3020;Mannen en vrouwen;Bermuda;Personen in samenwonend paar met kin...;2000;0;0;0;0;0;0;0;0
3021;Mannen en vrouwen;Bermuda;Personen in samenwonend paar met kin...;2001;0;0;0;0;0;0;0;0
3022;Mannen en vrouwen;Bermuda;Personen in samenwonend paar met kin...;2002;0;0;0;0;0;0;0;0
3023;Mannen en vrouwen;Bermuda;Personen in samenwonend paar met kin...;2003;0;0;0;0;0;0;0;0
3024;Mannen en vrouwen;Bermuda;Personen in samenwonend paar met kin...;2004;0;0;0;0;0;0;0;0
3025;Mannen en vrouwen;Bermuda;Personen in samenwonend paar met kin...;2005;1;0;0;1;1;0;0;0
3026;Mannen en vrouwen;Bermuda;Personen in samenwonend paar met kin...;2006;0;0;0;0;0;0;0;0
3027;Mannen en vrouwen;Bermuda;Personen in samenwonend paar met kin...;2007;0;0;0;0;0;0;0;0
3028;Mannen en vrouwen;Bermuda;Personen in samenwonend paar met kin...;2008;0;0;0;0;0;0;0;0
3029;Mannen en vrouwen;Bermuda;Personen in samenwonend paar met kin...;2009;0;0;0;0;0;0;0;0
3030;Mannen en vrouwen;Bermuda;Alleengaanden;1995;0;0;0;0;0;0;0;0
3031;Mannen en vrouwen;Bermuda;Alleengaanden;1996;2;1;1;1;1;0;0;0
3032;Mannen en vrouwen;Bermuda;Alleengaanden;1997;2;1;1;1;1;0;0;0
3033;Mannen en vrouwen;Bermuda;Alleengaanden;1998;1;1;0;0;1;0;1;-1
3034;Mannen en vrouwen;Bermuda;Alleengaanden;1999;1;1;0;0;1;0;1;-1
3035;Mannen en vrouwen;Bermuda;Alleengaanden;2000;2;1;1;1;1;0;0;0
3036;Mannen en vrouwen;Bermuda;Alleengaanden;2001;2;1;1;1;1;0;0;0
3037;Mannen en vrouwen;Bermuda;Alleengaanden;2002;1;0;0;1;1;0;0;0
3038;Mannen en vrouwen;Bermuda;Alleengaanden;2003;2;2;2;0;0;0;0;0
3039;Mannen en vrouwen;Bermuda;Alleengaanden;2004;2;3;3;-1;-1;0;0;0
3040;Mannen en vrouwen;Bermuda;Alleengaanden;2005;1;1;0;0;1;0;1;-1
3041;Mannen en vrouwen;Bermuda;Alleengaanden;2006;2;1;0;1;2;0;1;-1
3042;Mannen en vrouwen;Bermuda;Alleengaanden;2007;1;2;2;-1;-1;0;0;0
3043;Mannen en vrouwen;Bermuda;Alleengaanden;2008;5;0;0;5;5;0;0;0
3044;Mannen en vrouwen;Bermuda;Alleengaanden;2009;4;1;0;3;4;0;1;-1
3045;Mannen en vrouwen;Bhutan;Totaal personen;1995;21;3;2;18;19;0;1;-1
3046;Mannen en vrouwen;Bhutan;Totaal personen;1996;11;5;3;6;8;0;2;-2
3047;Mannen en vrouwen;Bhutan;Totaal personen;1997;9;14;13;-5;-4;0;1;-1
3048;Mannen en vrouwen;Bhutan;Totaal personen;1998;4;11;3;-7;1;1;9;-8
3049;Mannen en vrouwen;Bhutan;Totaal personen;1999;4;2;2;2;2;0;0;0
3050;Mannen en vrouwen;Bhutan;Totaal personen;2000;10;6;1;4;9;0;5;-5
3051;Mannen en vrouwen;Bhutan;Totaal personen;2001;16;9;7;7;9;0;2;-2
3052;Mannen en vrouwen;Bhutan;Totaal personen;2002;14;4;5;10;9;1;0;1
3053;Mannen en vrouwen;Bhutan;Totaal personen;2003;16;10;8;6;8;0;2;-2
3054;Mannen en vrouwen;Bhutan;Totaal personen;2004;14;13;13;1;1;0;0;0
3055;Mannen en vrouwen;Bhutan;Totaal personen;2005;32;14;12;18;20;0;2;-2
3056;Mannen en vrouwen;Bhutan;Totaal personen;2006;26;14;12;12;14;1;3;-2
3057;Mannen en vrouwen;Bhutan;Totaal personen;2007;36;22;16;14;20;0;6;-6
3058;Mannen en vrouwen;Bhutan;Totaal personen;2008;56;33;24;23;32;0;9;-9
3059;Mannen en vrouwen;Bhutan;Totaal personen;2009;110;30;22;80;88;0;8;-8
3060;Mannen en vrouwen;Bhutan;Totaal in gezinsverband;1995;2;0;0;2;2;0;0;0
3061;Mannen en vrouwen;Bhutan;Totaal in gezinsverband;1996;1;0;0;1;1;0;0;0
3062;Mannen en vrouwen;Bhutan;Totaal in gezinsverband;1997;0;1;1;-1;-1;0;0;0
3063;Mannen en vrouwen;Bhutan;Totaal in gezinsverband;1998;0;0;0;0;0;0;0;0
3064;Mannen en vrouwen;Bhutan;Totaal in gezinsverband;1999;0;0;0;0;0;0;0;0
3065;Mannen en vrouwen;Bhutan;Totaal in gezinsverband;2000;0;0;0;0;0;0;0;0
3066;Mannen en vrouwen;Bhutan;Totaal in gezinsverband;2001;3;0;0;3;3;0;0;0
3067;Mannen en vrouwen;Bhutan;Totaal in gezinsverband;2002;1;0;0;1;1;0;0;0
3068;Mannen en vrouwen;Bhutan;Totaal in gezinsverband;2003;0;0;0;0;0;0;0;0
3069;Mannen en vrouwen;Bhutan;Totaal in gezinsverband;2004;0;1;1;-1;-1;0;0;0
3070;Mannen en vrouwen;Bhutan;Totaal in gezinsverband;2005;3;0;0;3;3;0;0;0
3071;Mannen en vrouwen;Bhutan;Totaal in gezinsverband;2006;2;0;0;2;2;0;0;0
3072;Mannen en vrouwen;Bhutan;Totaal in gezinsverband;2007;5;3;3;2;2;0;0;0
3073;Mannen en vrouwen;Bhutan;Totaal in gezinsverband;2008;11;2;2;9;9;0;0;0
3074;Mannen en vrouwen;Bhutan;Totaal in gezinsverband;2009;62;0;0;62;62;0;0;0
3075;Mannen en vrouwen;Bhutan;Personen in echtpaar;1995;2;0;0;2;2;0;0;0
3076;Mannen en vrouwen;Bhutan;Personen in echtpaar;1996;0;0;0;0;0;0;0;0
3077;Mannen en vrouwen;Bhutan;Personen in echtpaar;1997;0;1;1;-1;-1;0;0;0
3078;Mannen en vrouwen;Bhutan;Personen in echtpaar;1998;0;0;0;0;0;0;0;0
3079;Mannen en vrouwen;Bhutan;Personen in echtpaar;1999;0;0;0;0;0;0;0;0
3080;Mannen en vrouwen;Bhutan;Personen in echtpaar;2000;0;0;0;0;0;0;0;0
3081;Mannen en vrouwen;Bhutan;Personen in echtpaar;2001;0;0;0;0;0;0;0;0
3082;Mannen en vrouwen;Bhutan;Personen in echtpaar;2002;1;0;0;1;1;0;0;0
3083;Mannen en vrouwen;Bhutan;Personen in echtpaar;2003;0;0;0;0;0;0;0;0
3084;Mannen en vrouwen;Bhutan;Personen in echtpaar;2004;0;1;1;-1;-1;0;0;0
3085;Mannen en vrouwen;Bhutan;Personen in echtpaar;2005;0;0;0;0;0;0;0;0
3086;Mannen en vrouwen;Bhutan;Personen in echtpaar;2006;0;0;0;0;0;0;0;0
3087;Mannen en vrouwen;Bhutan;Personen in echtpaar;2007;1;3;3;-2;-2;0;0;0
3088;Mannen en vrouwen;Bhutan;Personen in echtpaar;2008;11;2;2;9;9;0;0;0
3089;Mannen en vrouwen;Bhutan;Personen in echtpaar;2009;51;0;0;51;51;0;0;0
3090;Mannen en vrouwen;Bhutan;Personen in eenoudergezin met vader;1995;0;0;0;0;0;0;0;0
3091;Mannen en vrouwen;Bhutan;Personen in eenoudergezin met vader;1996;0;0;0;0;0;0;0;0
3092;Mannen en vrouwen;Bhutan;Personen in eenoudergezin met vader;1997;0;0;0;0;0;0;0;0
3093;Mannen en vrouwen;Bhutan;Personen in eenoudergezin met vader;1998;0;0;0;0;0;0;0;0
3094;Mannen en vrouwen;Bhutan;Personen in eenoudergezin met vader;1999;0;0;0;0;0;0;0;0
3095;Mannen en vrouwen;Bhutan;Personen in eenoudergezin met vader;2000;0;0;0;0;0;0;0;0
3096;Mannen en vrouwen;Bhutan;Personen in eenoudergezin met vader;2001;0;0;0;0;0;0;0;0
3097;Mannen en vrouwen;Bhutan;Personen in eenoudergezin met vader;2002;0;0;0;0;0;0;0;0
3098;Mannen en vrouwen;Bhutan;Personen in eenoudergezin met vader;2003;0;0;0;0;0;0;0;0
3099;Mannen en vrouwen;Bhutan;Personen in eenoudergezin met vader;2004;0;0;0;0;0;0;0;0
3100;Mannen en vrouwen;Bhutan;Personen in eenoudergezin met vader;2005;0;0;0;0;0;0;0;0
3101;Mannen en vrouwen;Bhutan;Personen in eenoudergezin met vader;2006;0;0;0;0;0;0;0;0
3102;Mannen en vrouwen;Bhutan;Personen in eenoudergezin met vader;2007;0;0;0;0;0;0;0;0
3103;Mannen en vrouwen;Bhutan;Personen in eenoudergezin met vader;2008;0;0;0;0;0;0;0;0
3104;Mannen en vrouwen;Bhutan;Personen in eenoudergezin met vader;2009;0;0;0;0;0;0;0;0
3105;Mannen en vrouwen;Bhutan;Personen in eenoudergezin met moeder;1995;0;0;0;0;0;0;0;0
3106;Mannen en vrouwen;Bhutan;Personen in eenoudergezin met moeder;1996;1;0;0;1;1;0;0;0
3107;Mannen en vrouwen;Bhutan;Personen in eenoudergezin met moeder;1997;0;0;0;0;0;0;0;0
3108;Mannen en vrouwen;Bhutan;Personen in eenoudergezin met moeder;1998;0;0;0;0;0;0;0;0
3109;Mannen en vrouwen;Bhutan;Personen in eenoudergezin met moeder;1999;0;0;0;0;0;0;0;0
3110;Mannen en vrouwen;Bhutan;Personen in eenoudergezin met moeder;2000;0;0;0;0;0;0;0;0
3111;Mannen en vrouwen;Bhutan;Personen in eenoudergezin met moeder;2001;3;0;0;3;3;0;0;0
3112;Mannen en vrouwen;Bhutan;Personen in eenoudergezin met moeder;2002;0;0;0;0;0;0;0;0
3113;Mannen en vrouwen;Bhutan;Personen in eenoudergezin met moeder;2003;0;0;0;0;0;0;0;0
3114;Mannen en vrouwen;Bhutan;Personen in eenoudergezin met moeder;2004;0;0;0;0;0;0;0;0
3115;Mannen en vrouwen;Bhutan;Personen in eenoudergezin met moeder;2005;3;0;0;3;3;0;0;0
3116;Mannen en vrouwen;Bhutan;Personen in eenoudergezin met moeder;2006;2;0;0;2;2;0;0;0
3117;Mannen en vrouwen;Bhutan;Personen in eenoudergezin met moeder;2007;4;0;0;4;4;0;0;0
3118;Mannen en vrouwen;Bhutan;Personen in eenoudergezin met moeder;2008;0;0;0;0;0;0;0;0
3119;Mannen en vrouwen;Bhutan;Personen in eenoudergezin met moeder;2009;1;0;0;1;1;0;0;0
3120;Mannen en vrouwen;Bhutan;Personen in samenwonend paar met kin...;1995;0;0;0;0;0;0;0;0
3121;Mannen en vrouwen;Bhutan;Personen in samenwonend paar met kin...;1996;0;0;0;0;0;0;0;0
3122;Mannen en vrouwen;Bhutan;Personen in samenwonend paar met kin...;1997;0;0;0;0;0;0;0;0
3123;Mannen en vrouwen;Bhutan;Personen in samenwonend paar met kin...;1998;0;0;0;0;0;0;0;0
3124;Mannen en vrouwen;Bhutan;Personen in samenwonend paar met kin...;1999;0;0;0;0;0;0;0;0
3125;Mannen en vrouwen;Bhutan;Personen in samenwonend paar met kin...;2000;0;0;0;0;0;0;0;0
3126;Mannen en vrouwen;Bhutan;Personen in samenwonend paar met kin...;2001;0;0;0;0;0;0;0;0
3127;Mannen en vrouwen;Bhutan;Personen in samenwonend paar met kin...;2002;0;0;0;0;0;0;0;0
3128;Mannen en vrouwen;Bhutan;Personen in samenwonend paar met kin...;2003;0;0;0;0;0;0;0;0
3129;Mannen en vrouwen;Bhutan;Personen in samenwonend paar met kin...;2004;0;0;0;0;0;0;0;0
3130;Mannen en vrouwen;Bhutan;Personen in samenwonend paar met kin...;2005;0;0;0;0;0;0;0;0
3131;Mannen en vrouwen;Bhutan;Personen in samenwonend paar met kin...;2006;0;0;0;0;0;0;0;0
3132;Mannen en vrouwen;Bhutan;Personen in samenwonend paar met kin...;2007;0;0;0;0;0;0;0;0
3133;Mannen en vrouwen;Bhutan;Personen in samenwonend paar met kin...;2008;0;0;0;0;0;0;0;0
3134;Mannen en vrouwen;Bhutan;Personen in samenwonend paar met kin...;2009;10;0;0;10;10;0;0;0
3135;Mannen en vrouwen;Bhutan;Alleengaanden;1995;19;3;2;16;17;0;1;-1
3136;Mannen en vrouwen;Bhutan;Alleengaanden;1996;10;5;3;5;7;0;2;-2
3137;Mannen en vrouwen;Bhutan;Alleengaanden;1997;9;13;12;-4;-3;0;1;-1
3138;Mannen en vrouwen;Bhutan;Alleengaanden;1998;4;11;3;-7;1;1;9;-8
3139;Mannen en vrouwen;Bhutan;Alleengaanden;1999;4;2;2;2;2;0;0;0
3140;Mannen en vrouwen;Bhutan;Alleengaanden;2000;10;6;1;4;9;0;5;-5
3141;Mannen en vrouwen;Bhutan;Alleengaanden;2001;13;9;7;4;6;0;2;-2
3142;Mannen en vrouwen;Bhutan;Alleengaanden;2002;13;4;5;9;8;1;0;1
3143;Mannen en vrouwen;Bhutan;Alleengaanden;2003;16;10;8;6;8;0;2;-2
3144;Mannen en vrouwen;Bhutan;Alleengaanden;2004;14;12;12;2;2;0;0;0
3145;Mannen en vrouwen;Bhutan;Alleengaanden;2005;29;14;12;15;17;0;2;-2
3146;Mannen en vrouwen;Bhutan;Alleengaanden;2006;24;14;12;10;12;1;3;-2
3147;Mannen en vrouwen;Bhutan;Alleengaanden;2007;31;19;13;12;18;0;6;-6
3148;Mannen en vrouwen;Bhutan;Alleengaanden;2008;45;31;22;14;23;0;9;-9
3149;Mannen en vrouwen;Bhutan;Alleengaanden;2009;48;30;22;18;26;0;8;-8
3150;Mannen en vrouwen;Bolivia;Totaal personen;1995;36;26;22;10;14;1;5;-4
3151;Mannen en vrouwen;Bolivia;Totaal personen;1996;32;21;19;11;13;4;6;-2
3152;Mannen en vrouwen;Bolivia;Totaal personen;1997;46;17;16;29;30;2;3;-1
3153;Mannen en vrouwen;Bolivia;Totaal personen;1998;55;28;24;27;31;4;8;-4
3154;Mannen en vrouwen;Bolivia;Totaal personen;1999;52;22;17;30;35;1;6;-5
3155;Mannen en vrouwen;Bolivia;Totaal personen;2000;49;26;19;23;30;2;9;-7
3156;Mannen en vrouwen;Bolivia;Totaal personen;2001;54;22;24;32;30;4;2;2
3157;Mannen en vrouwen;Bolivia;Totaal personen;2002;71;36;27;35;44;1;10;-9
3158;Mannen en vrouwen;Bolivia;Totaal personen;2003;72;33;21;39;51;2;14;-12
3159;Mannen en vrouwen;Bolivia;Totaal personen;2004;64;36;26;28;38;1;11;-10
3160;Mannen en vrouwen;Bolivia;Totaal personen;2005;45;30;21;15;24;3;12;-9
3161;Mannen en vrouwen;Bolivia;Totaal personen;2006;80;44;33;36;47;1;12;-11
3162;Mannen en vrouwen;Bolivia;Totaal personen;2007;71;44;34;27;37;3;13;-10
3163;Mannen en vrouwen;Bolivia;Totaal personen;2008;99;39;22;60;77;5;22;-17
3164;Mannen en vrouwen;Bolivia;Totaal personen;2009;83;52;34;31;49;4;22;-18
3165;Mannen en vrouwen;Bolivia;Totaal in gezinsverband;1995;7;11;9;-4;-2;0;2;-2
3166;Mannen en vrouwen;Bolivia;Totaal in gezinsverband;1996;5;6;8;-1;-3;2;0;2
3167;Mannen en vrouwen;Bolivia;Totaal in gezinsverband;1997;14;6;6;8;8;0;0;0
3168;Mannen en vrouwen;Bolivia;Totaal in gezinsverband;1998;13;16;14;-3;-1;0;2;-2
3169;Mannen en vrouwen;Bolivia;Totaal in gezinsverband;1999;9;10;10;-1;-1;0;0;0
3170;Mannen en vrouwen;Bolivia;Totaal in gezinsverband;2000;9;14;8;-5;1;0;6;-6
3171;Mannen en vrouwen;Bolivia;Totaal in gezinsverband;2001;20;1;4;19;16;3;0;3
3172;Mannen en vrouwen;Bolivia;Totaal in gezinsverband;2002;14;20;16;-6;-2;0;4;-4
3173;Mannen en vrouwen;Bolivia;Totaal in gezinsverband;2003;5;10;10;-5;-5;0;0;0
3174;Mannen en vrouwen;Bolivia;Totaal in gezinsverband;2004;14;3;3;11;11;0;0;0
3175;Mannen en vrouwen;Bolivia;Totaal in gezinsverband;2005;4;14;12;-10;-8;0;2;-2
3176;Mannen en vrouwen;Bolivia;Totaal in gezinsverband;2006;10;17;16;-7;-6;0;1;-1
3177;Mannen en vrouwen;Bolivia;Totaal in gezinsverband;2007;13;9;6;4;7;0;3;-3
3178;Mannen en vrouwen;Bolivia;Totaal in gezinsverband;2008;14;12;9;2;5;0;3;-3
3179;Mannen en vrouwen;Bolivia;Totaal in gezinsverband;2009;16;23;15;-7;1;0;8;-8
3180;Mannen en vrouwen;Bolivia;Personen in echtpaar;1995;2;6;6;-4;-4;0;0;0
3181;Mannen en vrouwen;Bolivia;Personen in echtpaar;1996;1;4;4;-3;-3;0;0;0
3182;Mannen en vrouwen;Bolivia;Personen in echtpaar;1997;8;2;2;6;6;0;0;0
3183;Mannen en vrouwen;Bolivia;Personen in echtpaar;1998;7;11;10;-4;-3;0;1;-1
3184;Mannen en vrouwen;Bolivia;Personen in echtpaar;1999;2;10;10;-8;-8;0;0;0
3185;Mannen en vrouwen;Bolivia;Personen in echtpaar;2000;4;13;7;-9;-3;0;6;-6
3186;Mannen en vrouwen;Bolivia;Personen in echtpaar;2001;4;-1;2;5;2;3;0;3
3187;Mannen en vrouwen;Bolivia;Personen in echtpaar;2002;6;18;14;-12;-8;0;4;-4
3188;Mannen en vrouwen;Bolivia;Personen in echtpaar;2003;1;9;9;-8;-8;0;0;0
3189;Mannen en vrouwen;Bolivia;Personen in echtpaar;2004;3;2;2;1;1;0;0;0
3190;Mannen en vrouwen;Bolivia;Personen in echtpaar;2005;0;12;12;-12;-12;0;0;0
3191;Mannen en vrouwen;Bolivia;Personen in echtpaar;2006;5;11;10;-6;-5;0;1;-1
3192;Mannen en vrouwen;Bolivia;Personen in echtpaar;2007;1;2;2;-1;-1;0;0;0
3193;Mannen en vrouwen;Bolivia;Personen in echtpaar;2008;5;8;6;-3;-1;0;2;-2
3194;Mannen en vrouwen;Bolivia;Personen in echtpaar;2009;9;18;10;-9;-1;0;8;-8
3195;Mannen en vrouwen;Bolivia;Personen in eenoudergezin met vader;1995;0;0;0;0;0;0;0;0
3196;Mannen en vrouwen;Bolivia;Personen in eenoudergezin met vader;1996;3;1;1;2;2;0;0;0
3197;Mannen en vrouwen;Bolivia;Personen in eenoudergezin met vader;1997;0;0;0;0;0;0;0;0
3198;Mannen en vrouwen;Bolivia;Personen in eenoudergezin met vader;1998;3;0;0;3;3;0;0;0
3199;Mannen en vrouwen;Bolivia;Personen in eenoudergezin met vader;1999;0;0;0;0;0;0;0;0
3200;Mannen en vrouwen;Bolivia;Personen in eenoudergezin met vader;2000;0;0;0;0;0;0;0;0
3201;Mannen en vrouwen;Bolivia;Personen in eenoudergezin met vader;2001;2;0;0;2;2;0;0;0
3202;Mannen en vrouwen;Bolivia;Personen in eenoudergezin met vader;2002;2;0;0;2;2;0;0;0
3203;Mannen en vrouwen;Bolivia;Personen in eenoudergezin met vader;2003;0;0;0;0;0;0;0;0
3204;Mannen en vrouwen;Bolivia;Personen in eenoudergezin met vader;2004;3;1;1;2;2;0;0;0
3205;Mannen en vrouwen;Bolivia;Personen in eenoudergezin met vader;2005;2;1;0;1;2;0;1;-1
3206;Mannen en vrouwen;Bolivia;Personen in eenoudergezin met vader;2006;0;2;2;-2;-2;0;0;0
3207;Mannen en vrouwen;Bolivia;Personen in eenoudergezin met vader;2007;1;0;0;1;1;0;0;0
3208;Mannen en vrouwen;Bolivia;Personen in eenoudergezin met vader;2008;0;3;2;-3;-2;0;1;-1
3209;Mannen en vrouwen;Bolivia;Personen in eenoudergezin met vader;2009;1;1;1;0;0;0;0;0
3210;Mannen en vrouwen;Bolivia;Personen in eenoudergezin met moeder;1995;5;5;3;0;2;0;2;-2
3211;Mannen en vrouwen;Bolivia;Personen in eenoudergezin met moeder;1996;0;1;3;-1;-3;2;0;2
3212;Mannen en vrouwen;Bolivia;Personen in eenoudergezin met moeder;1997;6;1;1;5;5;0;0;0
3213;Mannen en vrouwen;Bolivia;Personen in eenoudergezin met moeder;1998;3;5;4;-2;-1;0;1;-1
3214;Mannen en vrouwen;Bolivia;Personen in eenoudergezin met moeder;1999;7;0;0;7;7;0;0;0
3215;Mannen en vrouwen;Bolivia;Personen in eenoudergezin met moeder;2000;4;1;1;3;3;0;0;0
3216;Mannen en vrouwen;Bolivia;Personen in eenoudergezin met moeder;2001;13;2;2;11;11;0;0;0
3217;Mannen en vrouwen;Bolivia;Personen in eenoudergezin met moeder;2002;6;2;2;4;4;0;0;0
3218;Mannen en vrouwen;Bolivia;Personen in eenoudergezin met moeder;2003;4;1;1;3;3;0;0;0
3219;Mannen en vrouwen;Bolivia;Personen in eenoudergezin met moeder;2004;8;0;0;8;8;0;0;0
3220;Mannen en vrouwen;Bolivia;Personen in eenoudergezin met moeder;2005;2;1;0;1;2;0;1;-1
3221;Mannen en vrouwen;Bolivia;Personen in eenoudergezin met moeder;2006;5;4;4;1;1;0;0;0
3222;Mannen en vrouwen;Bolivia;Personen in eenoudergezin met moeder;2007;8;7;4;1;4;0;3;-3
3223;Mannen en vrouwen;Bolivia;Personen in eenoudergezin met moeder;2008;6;1;1;5;5;0;0;0
3224;Mannen en vrouwen;Bolivia;Personen in eenoudergezin met moeder;2009;6;3;3;3;3;0;0;0
3225;Mannen en vrouwen;Bolivia;Personen in samenwonend paar met kin...;1995;0;0;0;0;0;0;0;0
3226;Mannen en vrouwen;Bolivia;Personen in samenwonend paar met kin...;1996;1;0;0;1;1;0;0;0
3227;Mannen en vrouwen;Bolivia;Personen in samenwonend paar met kin...;1997;0;3;3;-3;-3;0;0;0
3228;Mannen en vrouwen;Bolivia;Personen in samenwonend paar met kin...;1998;0;0;0;0;0;0;0;0
3229;Mannen en vrouwen;Bolivia;Personen in samenwonend paar met kin...;1999;0;0;0;0;0;0;0;0
3230;Mannen en vrouwen;Bolivia;Personen in samenwonend paar met kin...;2000;1;0;0;1;1;0;0;0
3231;Mannen en vrouwen;Bolivia;Personen in samenwonend paar met kin...;2001;1;0;0;1;1;0;0;0
3232;Mannen en vrouwen;Bolivia;Personen in samenwonend paar met kin...;2002;0;0;0;0;0;0;0;0
3233;Mannen en vrouwen;Bolivia;Personen in samenwonend paar met kin...;2003;0;0;0;0;0;0;0;0
3234;Mannen en vrouwen;Bolivia;Personen in samenwonend paar met kin...;2004;0;0;0;0;0;0;0;0
3235;Mannen en vrouwen;Bolivia;Personen in samenwonend paar met kin...;2005;0;0;0;0;0;0;0;0
3236;Mannen en vrouwen;Bolivia;Personen in samenwonend paar met kin...;2006;0;0;0;0;0;0;0;0
3237;Mannen en vrouwen;Bolivia;Personen in samenwonend paar met kin...;2007;3;0;0;3;3;0;0;0
3238;Mannen en vrouwen;Bolivia;Personen in samenwonend paar met kin...;2008;3;0;0;3;3;0;0;0
3239;Mannen en vrouwen;Bolivia;Personen in samenwonend paar met kin...;2009;0;1;1;-1;-1;0;0;0
3240;Mannen en vrouwen;Bolivia;Alleengaanden;1995;29;15;13;14;16;1;3;-2
3241;Mannen en vrouwen;Bolivia;Alleengaanden;1996;27;15;11;12;16;2;6;-4
3242;Mannen en vrouwen;Bolivia;Alleengaanden;1997;32;11;10;21;22;2;3;-1
3243;Mannen en vrouwen;Bolivia;Alleengaanden;1998;42;12;10;30;32;4;6;-2
3244;Mannen en vrouwen;Bolivia;Alleengaanden;1999;43;12;7;31;36;1;6;-5
3245;Mannen en vrouwen;Bolivia;Alleengaanden;2000;40;12;11;28;29;2;3;-1
3246;Mannen en vrouwen;Bolivia;Alleengaanden;2001;34;21;20;13;14;1;2;-1
3247;Mannen en vrouwen;Bolivia;Alleengaanden;2002;57;16;11;41;46;1;6;-5
3248;Mannen en vrouwen;Bolivia;Alleengaanden;2003;67;23;11;44;56;2;14;-12
3249;Mannen en vrouwen;Bolivia;Alleengaanden;2004;50;33;23;17;27;1;11;-10
3250;Mannen en vrouwen;Bolivia;Alleengaanden;2005;41;16;9;25;32;3;10;-7
3251;Mannen en vrouwen;Bolivia;Alleengaanden;2006;70;27;17;43;53;1;11;-10
3252;Mannen en vrouwen;Bolivia;Alleengaanden;2007;58;35;28;23;30;3;10;-7
3253;Mannen en vrouwen;Bolivia;Alleengaanden;2008;85;27;13;58;72;5;19;-14
3254;Mannen en vrouwen;Bolivia;Alleengaanden;2009;67;29;19;38;48;4;14;-10
3255;Mannen en vrouwen;Botswana;Totaal personen;1995;17;12;12;5;5;0;0;0
3256;Mannen en vrouwen;Botswana;Totaal personen;1996;25;7;7;18;18;1;1;0
3257;Mannen en vrouwen;Botswana;Totaal personen;1997;16;10;9;6;7;1;2;-1
3258;Mannen en vrouwen;Botswana;Totaal personen;1998;27;16;12;11;15;0;4;-4
3259;Mannen en vrouwen;Botswana;Totaal personen;1999;21;17;15;4;6;1;3;-2
3260;Mannen en vrouwen;Botswana;Totaal personen;2000;14;9;9;5;5;0;0;0
3261;Mannen en vrouwen;Botswana;Totaal personen;2001;14;14;15;0;-1;2;1;1
3262;Mannen en vrouwen;Botswana;Totaal personen;2002;22;7;5;15;17;1;3;-2
3263;Mannen en vrouwen;Botswana;Totaal personen;2003;9;11;10;-2;-1;1;2;-1
3264;Mannen en vrouwen;Botswana;Totaal personen;2004;13;8;6;5;7;0;2;-2
3265;Mannen en vrouwen;Botswana;Totaal personen;2005;12;20;15;-8;-3;1;6;-5
3266;Mannen en vrouwen;Botswana;Totaal personen;2006;15;4;3;11;12;0;1;-1
3267;Mannen en vrouwen;Botswana;Totaal personen;2007;16;13;8;3;8;2;7;-5
3268;Mannen en vrouwen;Botswana;Totaal personen;2008;15;17;12;-2;3;0;5;-5
3269;Mannen en vrouwen;Botswana;Totaal personen;2009;19;15;10;4;9;1;6;-5
3270;Mannen en vrouwen;Botswana;Totaal in gezinsverband;1995;10;9;9;1;1;0;0;0
3271;Mannen en vrouwen;Botswana;Totaal in gezinsverband;1996;21;7;7;14;14;0;0;0
3272;Mannen en vrouwen;Botswana;Totaal in gezinsverband;1997;7;5;4;2;3;0;1;-1
3273;Mannen en vrouwen;Botswana;Totaal in gezinsverband;1998;13;10;8;3;5;0;2;-2
3274;Mannen en vrouwen;Botswana;Totaal in gezinsverband;1999;6;4;4;2;2;0;0;0
3275;Mannen en vrouwen;Botswana;Totaal in gezinsverband;2000;1;6;6;-5;-5;0;0;0
3276;Mannen en vrouwen;Botswana;Totaal in gezinsverband;2001;3;2;2;1;1;0;0;0
3277;Mannen en vrouwen;Botswana;Totaal in gezinsverband;2002;5;2;2;3;3;0;0;0
3278;Mannen en vrouwen;Botswana;Totaal in gezinsverband;2003;3;1;1;2;2;0;0;0
3279;Mannen en vrouwen;Botswana;Totaal in gezinsverband;2004;0;1;0;-1;0;0;1;-1
3280;Mannen en vrouwen;Botswana;Totaal in gezinsverband;2005;3;2;2;1;1;0;0;0
3281;Mannen en vrouwen;Botswana;Totaal in gezinsverband;2006;4;0;0;4;4;0;0;0
3282;Mannen en vrouwen;Botswana;Totaal in gezinsverband;2007;1;3;3;-2;-2;1;1;0
3283;Mannen en vrouwen;Botswana;Totaal in gezinsverband;2008;3;0;0;3;3;0;0;0
3284;Mannen en vrouwen;Botswana;Totaal in gezinsverband;2009;3;1;1;2;2;0;0;0
3285;Mannen en vrouwen;Botswana;Personen in echtpaar;1995;7;6;6;1;1;0;0;0
3286;Mannen en vrouwen;Botswana;Personen in echtpaar;1996;11;4;4;7;7;0;0;0
3287;Mannen en vrouwen;Botswana;Personen in echtpaar;1997;0;2;2;-2;-2;0;0;0
3288;Mannen en vrouwen;Botswana;Personen in echtpaar;1998;9;10;8;-1;1;0;2;-2
3289;Mannen en vrouwen;Botswana;Personen in echtpaar;1999;3;4;4;-1;-1;0;0;0
3290;Mannen en vrouwen;Botswana;Personen in echtpaar;2000;1;3;3;-2;-2;0;0;0
3291;Mannen en vrouwen;Botswana;Personen in echtpaar;2001;0;1;1;-1;-1;0;0;0
3292;Mannen en vrouwen;Botswana;Personen in echtpaar;2002;1;2;2;-1;-1;0;0;0
3293;Mannen en vrouwen;Botswana;Personen in echtpaar;2003;3;1;1;2;2;0;0;0
3294;Mannen en vrouwen;Botswana;Personen in echtpaar;2004;0;1;0;-1;0;0;1;-1
3295;Mannen en vrouwen;Botswana;Personen in echtpaar;2005;2;2;2;0;0;0;0;0
3296;Mannen en vrouwen;Botswana;Personen in echtpaar;2006;0;0;0;0;0;0;0;0
3297;Mannen en vrouwen;Botswana;Personen in echtpaar;2007;0;3;2;-3;-2;0;1;-1
3298;Mannen en vrouwen;Botswana;Personen in echtpaar;2008;3;0;0;3;3;0;0;0
3299;Mannen en vrouwen;Botswana;Personen in echtpaar;2009;0;0;0;0;0;0;0;0
3300;Mannen en vrouwen;Botswana;Personen in eenoudergezin met vader;1995;2;0;0;2;2;0;0;0
3301;Mannen en vrouwen;Botswana;Personen in eenoudergezin met vader;1996;0;0;0;0;0;0;0;0
3302;Mannen en vrouwen;Botswana;Personen in eenoudergezin met vader;1997;2;0;0;2;2;0;0;0
3303;Mannen en vrouwen;Botswana;Personen in eenoudergezin met vader;1998;2;0;0;2;2;0;0;0
3304;Mannen en vrouwen;Botswana;Personen in eenoudergezin met vader;1999;1;0;0;1;1;0;0;0
3305;Mannen en vrouwen;Botswana;Personen in eenoudergezin met vader;2000;0;0;0;0;0;0;0;0
3306;Mannen en vrouwen;Botswana;Personen in eenoudergezin met vader;2001;1;0;0;1;1;0;0;0
3307;Mannen en vrouwen;Botswana;Personen in eenoudergezin met vader;2002;0;0;0;0;0;0;0;0
3308;Mannen en vrouwen;Botswana;Personen in eenoudergezin met vader;2003;0;0;0;0;0;0;0;0
3309;Mannen en vrouwen;Botswana;Personen in eenoudergezin met vader;2004;0;0;0;0;0;0;0;0
3310;Mannen en vrouwen;Botswana;Personen in eenoudergezin met vader;2005;0;0;0;0;0;0;0;0
3311;Mannen en vrouwen;Botswana;Personen in eenoudergezin met vader;2006;0;0;0;0;0;0;0;0
3312;Mannen en vrouwen;Botswana;Personen in eenoudergezin met vader;2007;0;-1;0;1;0;1;0;1
3313;Mannen en vrouwen;Botswana;Personen in eenoudergezin met vader;2008;0;0;0;0;0;0;0;0
3314;Mannen en vrouwen;Botswana;Personen in eenoudergezin met vader;2009;0;0;0;0;0;0;0;0
3315;Mannen en vrouwen;Botswana;Personen in eenoudergezin met moeder;1995;1;3;3;-2;-2;0;0;0
3316;Mannen en vrouwen;Botswana;Personen in eenoudergezin met moeder;1996;9;3;3;6;6;0;0;0
3317;Mannen en vrouwen;Botswana;Personen in eenoudergezin met moeder;1997;1;3;2;-2;-1;0;1;-1
3318;Mannen en vrouwen;Botswana;Personen in eenoudergezin met moeder;1998;1;0;0;1;1;0;0;0
3319;Mannen en vrouwen;Botswana;Personen in eenoudergezin met moeder;1999;2;0;0;2;2;0;0;0
3320;Mannen en vrouwen;Botswana;Personen in eenoudergezin met moeder;2000;0;3;3;-3;-3;0;0;0
3321;Mannen en vrouwen;Botswana;Personen in eenoudergezin met moeder;2001;2;1;1;1;1;0;0;0
3322;Mannen en vrouwen;Botswana;Personen in eenoudergezin met moeder;2002;4;0;0;4;4;0;0;0
3323;Mannen en vrouwen;Botswana;Personen in eenoudergezin met moeder;2003;0;0;0;0;0;0;0;0
3324;Mannen en vrouwen;Botswana;Personen in eenoudergezin met moeder;2004;0;0;0;0;0;0;0;0
3325;Mannen en vrouwen;Botswana;Personen in eenoudergezin met moeder;2005;1;0;0;1;1;0;0;0
3326;Mannen en vrouwen;Botswana;Personen in eenoudergezin met moeder;2006;4;0;0;4;4;0;0;0
3327;Mannen en vrouwen;Botswana;Personen in eenoudergezin met moeder;2007;1;1;1;0;0;0;0;0
3328;Mannen en vrouwen;Botswana;Personen in eenoudergezin met moeder;2008;0;0;0;0;0;0;0;0
3329;Mannen en vrouwen;Botswana;Personen in eenoudergezin met moeder;2009;3;1;1;2;2;0;0;0
3330;Mannen en vrouwen;Botswana;Personen in samenwonend paar met kin...;1995;0;0;0;0;0;0;0;0
3331;Mannen en vrouwen;Botswana;Personen in samenwonend paar met kin...;1996;1;0;0;1;1;0;0;0
3332;Mannen en vrouwen;Botswana;Personen in samenwonend paar met kin...;1997;4;0;0;4;4;0;0;0
3333;Mannen en vrouwen;Botswana;Personen in samenwonend paar met kin...;1998;1;0;0;1;1;0;0;0
3334;Mannen en vrouwen;Botswana;Personen in samenwonend paar met kin...;1999;0;0;0;0;0;0;0;0
3335;Mannen en vrouwen;Botswana;Personen in samenwonend paar met kin...;2000;0;0;0;0;0;0;0;0
3336;Mannen en vrouwen;Botswana;Personen in samenwonend paar met kin...;2001;0;0;0;0;0;0;0;0
3337;Mannen en vrouwen;Botswana;Personen in samenwonend paar met kin...;2002;0;0;0;0;0;0;0;0
3338;Mannen en vrouwen;Botswana;Personen in samenwonend paar met kin...;2003;0;0;0;0;0;0;0;0
3339;Mannen en vrouwen;Botswana;Personen in samenwonend paar met kin...;2004;0;0;0;0;0;0;0;0
3340;Mannen en vrouwen;Botswana;Personen in samenwonend paar met kin...;2005;0;0;0;0;0;0;0;0
3341;Mannen en vrouwen;Botswana;Personen in samenwonend paar met kin...;2006;0;0;0;0;0;0;0;0
3342;Mannen en vrouwen;Botswana;Personen in samenwonend paar met kin...;2007;0;0;0;0;0;0;0;0
3343;Mannen en vrouwen;Botswana;Personen in samenwonend paar met kin...;2008;0;0;0;0;0;0;0;0
3344;Mannen en vrouwen;Botswana;Personen in samenwonend paar met kin...;2009;0;0;0;0;0;0;0;0
3345;Mannen en vrouwen;Botswana;Alleengaanden;1995;7;3;3;4;4;0;0;0
3346;Mannen en vrouwen;Botswana;Alleengaanden;1996;4;0;0;4;4;1;1;0
3347;Mannen en vrouwen;Botswana;Alleengaanden;1997;9;5;5;4;4;1;1;0
3348;Mannen en vrouwen;Botswana;Alleengaanden;1998;14;6;4;8;10;0;2;-2
3349;Mannen en vrouwen;Botswana;Alleengaanden;1999;15;13;11;2;4;1;3;-2
3350;Mannen en vrouwen;Botswana;Alleengaanden;2000;13;3;3;10;10;0;0;0
3351;Mannen en vrouwen;Botswana;Alleengaanden;2001;11;12;13;-1;-2;2;1;1
3352;Mannen en vrouwen;Botswana;Alleengaanden;2002;17;5;3;12;14;1;3;-2
3353;Mannen en vrouwen;Botswana;Alleengaanden;2003;6;10;9;-4;-3;1;2;-1
3354;Mannen en vrouwen;Botswana;Alleengaanden;2004;13;7;6;6;7;0;1;-1
3355;Mannen en vrouwen;Botswana;Alleengaanden;2005;9;18;13;-9;-4;1;6;-5
3356;Mannen en vrouwen;Botswana;Alleengaanden;2006;11;4;3;7;8;0;1;-1
3357;Mannen en vrouwen;Botswana;Alleengaanden;2007;15;10;5;5;10;1;6;-5
3358;Mannen en vrouwen;Botswana;Alleengaanden;2008;12;17;12;-5;0;0;5;-5
3359;Mannen en vrouwen;Botswana;Alleengaanden;2009;16;14;9;2;7;1;6;-5
3360;Mannen en vrouwen;Brazilië;Totaal personen;1995;564;294;220;270;344;14;88;-74
3361;Mannen en vrouwen;Brazilië;Totaal personen;1996;736;362;230;374;506;11;143;-132
3362;Mannen en vrouwen;Brazilië;Totaal personen;1997;778;360;252;418;526;15;123;-108
3363;Mannen en vrouwen;Brazilië;Totaal personen;1998;853;352;256;501;597;25;121;-96
3364;Mannen en vrouwen;Brazilië;Totaal personen;1999;758;331;215;427;543;19;135;-116
3365;Mannen en vrouwen;Brazilië;Totaal personen;2000;817;346;255;471;562;33;124;-91
3366;Mannen en vrouwen;Brazilië;Totaal personen;2001;830;316;237;514;593;40;119;-79
3367;Mannen en vrouwen;Brazilië;Totaal personen;2002;894;445;310;449;584;29;164;-135
3368;Mannen en vrouwen;Brazilië;Totaal personen;2003;919;398;283;521;636;40;155;-115
3369;Mannen en vrouwen;Brazilië;Totaal personen;2004;882;495;332;387;550;52;215;-163
3370;Mannen en vrouwen;Brazilië;Totaal personen;2005;1058;505;337;553;721;41;209;-168
3371;Mannen en vrouwen;Brazilië;Totaal personen;2006;1157;612;426;545;731;55;241;-186
3372;Mannen en vrouwen;Brazilië;Totaal personen;2007;1250;714;515;536;735;66;265;-199
3373;Mannen en vrouwen;Brazilië;Totaal personen;2008;1569;750;533;819;1036;75;292;-217
3374;Mannen en vrouwen;Brazilië;Totaal personen;2009;1475;848;605;627;870;77;320;-243
3375;Mannen en vrouwen;Brazilië;Totaal in gezinsverband;1995;137;150;116;-13;21;1;35;-34
3376;Mannen en vrouwen;Brazilië;Totaal in gezinsverband;1996;122;143;114;-21;8;0;29;-29
3377;Mannen en vrouwen;Brazilië;Totaal in gezinsverband;1997;118;124;105;-6;13;0;19;-19
3378;Mannen en vrouwen;Brazilië;Totaal in gezinsverband;1998;123;123;104;0;19;2;21;-19
3379;Mannen en vrouwen;Brazilië;Totaal in gezinsverband;1999;141;129;81;12;60;4;52;-48
3380;Mannen en vrouwen;Brazilië;Totaal in gezinsverband;2000;132;112;98;20;34;8;22;-14
3381;Mannen en vrouwen;Brazilië;Totaal in gezinsverband;2001;153;122;97;31;56;7;32;-25
3382;Mannen en vrouwen;Brazilië;Totaal in gezinsverband;2002;141;186;143;-45;-2;5;48;-43
3383;Mannen en vrouwen;Brazilië;Totaal in gezinsverband;2003;190;140;108;50;82;5;37;-32
3384;Mannen en vrouwen;Brazilië;Totaal in gezinsverband;2004;172;205;157;-33;15;5;53;-48
3385;Mannen en vrouwen;Brazilië;Totaal in gezinsverband;2005;184;208;161;-24;23;0;47;-47
3386;Mannen en vrouwen;Brazilië;Totaal in gezinsverband;2006;230;220;173;10;57;10;57;-47
3387;Mannen en vrouwen;Brazilië;Totaal in gezinsverband;2007;184;221;179;-37;5;5;47;-42
3388;Mannen en vrouwen;Brazilië;Totaal in gezinsverband;2008;288;220;189;68;99;7;38;-31
3389;Mannen en vrouwen;Brazilië;Totaal in gezinsverband;2009;239;235;200;4;39;7;42;-35
3390;Mannen en vrouwen;Brazilië;Personen in echtpaar;1995;52;101;91;-49;-39;1;11;-10
3391;Mannen en vrouwen;Brazilië;Personen in echtpaar;1996;38;98;86;-60;-48;0;12;-12
3392;Mannen en vrouwen;Brazilië;Personen in echtpaar;1997;38;88;78;-50;-40;0;10;-10
3393;Mannen en vrouwen;Brazilië;Personen in echtpaar;1998;40;97;81;-57;-41;0;16;-16
3394;Mannen en vrouwen;Brazilië;Personen in echtpaar;1999;40;92;60;-52;-20;4;36;-32
3395;Mannen en vrouwen;Brazilië;Personen in echtpaar;2000;36;68;63;-32;-27;3;8;-5
3396;Mannen en vrouwen;Brazilië;Personen in echtpaar;2001;49;85;74;-36;-25;6;17;-11
3397;Mannen en vrouwen;Brazilië;Personen in echtpaar;2002;31;124;103;-93;-72;2;23;-21
3398;Mannen en vrouwen;Brazilië;Personen in echtpaar;2003;38;93;77;-55;-39;1;17;-16
3399;Mannen en vrouwen;Brazilië;Personen in echtpaar;2004;52;137;116;-85;-64;5;26;-21
3400;Mannen en vrouwen;Brazilië;Personen in echtpaar;2005;33;133;111;-100;-78;0;22;-22
3401;Mannen en vrouwen;Brazilië;Personen in echtpaar;2006;50;152;125;-102;-75;1;28;-27
3402;Mannen en vrouwen;Brazilië;Personen in echtpaar;2007;68;150;128;-82;-60;1;23;-22
3403;Mannen en vrouwen;Brazilië;Personen in echtpaar;2008;98;161;147;-63;-49;2;16;-14
3404;Mannen en vrouwen;Brazilië;Personen in echtpaar;2009;64;165;146;-101;-82;5;24;-19
3405;Mannen en vrouwen;Brazilië;Personen in eenoudergezin met vader;1995;8;3;3;5;5;0;0;0
3406;Mannen en vrouwen;Brazilië;Personen in eenoudergezin met vader;1996;3;0;0;3;3;0;0;0
3407;Mannen en vrouwen;Brazilië;Personen in eenoudergezin met vader;1997;2;1;1;1;1;0;0;0
3408;Mannen en vrouwen;Brazilië;Personen in eenoudergezin met vader;1998;3;-2;0;5;3;2;0;2
3409;Mannen en vrouwen;Brazilië;Personen in eenoudergezin met vader;1999;11;4;0;7;11;0;4;-4
3410;Mannen en vrouwen;Brazilië;Personen in eenoudergezin met vader;2000;4;5;2;-1;2;0;3;-3
3411;Mannen en vrouwen;Brazilië;Personen in eenoudergezin met vader;2001;8;0;0;8;8;0;0;0
3412;Mannen en vrouwen;Brazilië;Personen in eenoudergezin met vader;2002;6;2;2;4;4;0;0;0
3413;Mannen en vrouwen;Brazilië;Personen in eenoudergezin met vader;2003;1;1;0;0;1;0;1;-1
3414;Mannen en vrouwen;Brazilië;Personen in eenoudergezin met vader;2004;16;1;0;15;16;0;1;-1
3415;Mannen en vrouwen;Brazilië;Personen in eenoudergezin met vader;2005;0;4;2;-4;-2;0;2;-2
3416;Mannen en vrouwen;Brazilië;Personen in eenoudergezin met vader;2006;9;13;9;-4;0;0;4;-4
3417;Mannen en vrouwen;Brazilië;Personen in eenoudergezin met vader;2007;7;12;12;-5;-5;0;0;0
3418;Mannen en vrouwen;Brazilië;Personen in eenoudergezin met vader;2008;7;7;7;0;0;0;0;0
3419;Mannen en vrouwen;Brazilië;Personen in eenoudergezin met vader;2009;3;10;10;-7;-7;0;0;0
3420;Mannen en vrouwen;Brazilië;Personen in eenoudergezin met moeder;1995;64;40;22;24;42;0;18;-18
3421;Mannen en vrouwen;Brazilië;Personen in eenoudergezin met moeder;1996;72;34;17;38;55;0;17;-17
3422;Mannen en vrouwen;Brazilië;Personen in eenoudergezin met moeder;1997;78;34;25;44;53;0;9;-9
3423;Mannen en vrouwen;Brazilië;Personen in eenoudergezin met moeder;1998;70;19;14;51;56;0;5;-5
3424;Mannen en vrouwen;Brazilië;Personen in eenoudergezin met moeder;1999;87;31;21;56;66;0;10;-10
3425;Mannen en vrouwen;Brazilië;Personen in eenoudergezin met moeder;2000;92;34;28;58;64;2;8;-6
3426;Mannen en vrouwen;Brazilië;Personen in eenoudergezin met moeder;2001;89;29;21;60;68;1;9;-8
3427;Mannen en vrouwen;Brazilië;Personen in eenoudergezin met moeder;2002;101;58;36;43;65;2;24;-22
3428;Mannen en vrouwen;Brazilië;Personen in eenoudergezin met moeder;2003;143;39;28;104;115;4;15;-11
3429;Mannen en vrouwen;Brazilië;Personen in eenoudergezin met moeder;2004;98;51;33;47;65;0;18;-18
3430;Mannen en vrouwen;Brazilië;Personen in eenoudergezin met moeder;2005;130;64;44;66;86;0;20;-20
3431;Mannen en vrouwen;Brazilië;Personen in eenoudergezin met moeder;2006;146;51;37;95;109;4;18;-14
3432;Mannen en vrouwen;Brazilië;Personen in eenoudergezin met moeder;2007;89;54;34;35;55;4;24;-20
3433;Mannen en vrouwen;Brazilië;Personen in eenoudergezin met moeder;2008;160;45;31;115;129;5;19;-14
3434;Mannen en vrouwen;Brazilië;Personen in eenoudergezin met moeder;2009;157;45;35;112;122;2;12;-10
3435;Mannen en vrouwen;Brazilië;Personen in samenwonend paar met kin...;1995;13;6;0;7;13;0;6;-6
3436;Mannen en vrouwen;Brazilië;Personen in samenwonend paar met kin...;1996;9;11;11;-2;-2;0;0;0
3437;Mannen en vrouwen;Brazilië;Personen in samenwonend paar met kin...;1997;0;1;1;-1;-1;0;0;0
3438;Mannen en vrouwen;Brazilië;Personen in samenwonend paar met kin...;1998;10;9;9;1;1;0;0;0
3439;Mannen en vrouwen;Brazilië;Personen in samenwonend paar met kin...;1999;3;2;0;1;3;0;2;-2
3440;Mannen en vrouwen;Brazilië;Personen in samenwonend paar met kin...;2000;0;5;5;-5;-5;3;3;0
3441;Mannen en vrouwen;Brazilië;Personen in samenwonend paar met kin...;2001;7;8;2;-1;5;0;6;-6
3442;Mannen en vrouwen;Brazilië;Personen in samenwonend paar met kin...;2002;3;2;2;1;1;1;1;0
3443;Mannen en vrouwen;Brazilië;Personen in samenwonend paar met kin...;2003;8;7;3;1;5;0;4;-4
3444;Mannen en vrouwen;Brazilië;Personen in samenwonend paar met kin...;2004;6;16;8;-10;-2;0;8;-8
3445;Mannen en vrouwen;Brazilië;Personen in samenwonend paar met kin...;2005;21;7;4;14;17;0;3;-3
3446;Mannen en vrouwen;Brazilië;Personen in samenwonend paar met kin...;2006;25;4;2;21;23;5;7;-2
3447;Mannen en vrouwen;Brazilië;Personen in samenwonend paar met kin...;2007;20;5;5;15;15;0;0;0
3448;Mannen en vrouwen;Brazilië;Personen in samenwonend paar met kin...;2008;23;7;4;16;19;0;3;-3
3449;Mannen en vrouwen;Brazilië;Personen in samenwonend paar met kin...;2009;15;15;9;0;6;0;6;-6
3450;Mannen en vrouwen;Brazilië;Alleengaanden;1995;427;144;104;283;323;13;53;-40
3451;Mannen en vrouwen;Brazilië;Alleengaanden;1996;614;219;116;395;498;11;114;-103
3452;Mannen en vrouwen;Brazilië;Alleengaanden;1997;660;236;147;424;513;15;104;-89
3453;Mannen en vrouwen;Brazilië;Alleengaanden;1998;730;229;152;501;578;23;100;-77
3454;Mannen en vrouwen;Brazilië;Alleengaanden;1999;617;202;134;415;483;15;83;-68
3455;Mannen en vrouwen;Brazilië;Alleengaanden;2000;685;234;157;451;528;25;102;-77
3456;Mannen en vrouwen;Brazilië;Alleengaanden;2001;677;194;140;483;537;33;87;-54
3457;Mannen en vrouwen;Brazilië;Alleengaanden;2002;753;259;167;494;586;24;116;-92
3458;Mannen en vrouwen;Brazilië;Alleengaanden;2003;729;258;175;471;554;35;118;-83
3459;Mannen en vrouwen;Brazilië;Alleengaanden;2004;710;290;175;420;535;47;162;-115
3460;Mannen en vrouwen;Brazilië;Alleengaanden;2005;874;297;176;577;698;41;162;-121
3461;Mannen en vrouwen;Brazilië;Alleengaanden;2006;927;392;253;535;674;45;184;-139
3462;Mannen en vrouwen;Brazilië;Alleengaanden;2007;1066;493;336;573;730;61;218;-157
3463;Mannen en vrouwen;Brazilië;Alleengaanden;2008;1281;530;344;751;937;68;254;-186
3464;Mannen en vrouwen;Brazilië;Alleengaanden;2009;1236;613;405;623;831;70;278;-208
3465;Mannen en vrouwen;Brits Territorium in de Indische Oceaan;Totaal personen;1995;1;-1;0;2;1;1;0;1
3466;Mannen en vrouwen;Brits Territorium in de Indische Oceaan;Totaal personen;1996;0;0;0;0;0;0;0;0
3467;Mannen en vrouwen;Brits Territorium in de Indische Oceaan;Totaal personen;1997;0;1;1;-1;-1;0;0;0
3468;Mannen en vrouwen;Brits Territorium in de Indische Oceaan;Totaal personen;1998;0;0;0;0;0;0;0;0
3469;Mannen en vrouwen;Brits Territorium in de Indische Oceaan;Totaal personen;1999;0;0;0;0;0;0;0;0
3470;Mannen en vrouwen;Brits Territorium in de Indische Oceaan;Totaal personen;2000;0;0;0;0;0;0;0;0
3471;Mannen en vrouwen;Brits Territorium in de Indische Oceaan;Totaal personen;2001;0;0;0;0;0;0;0;0
3472;Mannen en vrouwen;Brits Territorium in de Indische Oceaan;Totaal personen;2002;0;0;0;0;0;0;0;0
3473;Mannen en vrouwen;Brits Territorium in de Indische Oceaan;Totaal personen;2003;0;0;0;0;0;0;0;0
3474;Mannen en vrouwen;Brits Territorium in de Indische Oceaan;Totaal personen;2004;0;0;0;0;0;0;0;0
3475;Mannen en vrouwen;Brits Territorium in de Indische Oceaan;Totaal personen;2005;0;0;0;0;0;0;0;0
3476;Mannen en vrouwen;Brits Territorium in de Indische Oceaan;Totaal personen;2006;0;0;0;0;0;0;0;0
3477;Mannen en vrouwen;Brits Territorium in de Indische Oceaan;Totaal personen;2007;0;0;0;0;0;0;0;0
3478;Mannen en vrouwen;Brits Territorium in de Indische Oceaan;Totaal personen;2008;0;0;0;0;0;0;0;0
3479;Mannen en vrouwen;Brits Territorium in de Indische Oceaan;Totaal personen;2009;0;0;0;0;0;0;0;0
3480;Mannen en vrouwen;Brits Territorium in de Indische Oceaan;Totaal in gezinsverband;1995;0;0;0;0;0;0;0;0
3481;Mannen en vrouwen;Brits Territorium in de Indische Oceaan;Totaal in gezinsverband;1996;0;0;0;0;0;0;0;0
3482;Mannen en vrouwen;Brits Territorium in de Indische Oceaan;Totaal in gezinsverband;1997;0;0;0;0;0;0;0;0
3483;Mannen en vrouwen;Brits Territorium in de Indische Oceaan;Totaal in gezinsverband;1998;0;0;0;0;0;0;0;0
3484;Mannen en vrouwen;Brits Territorium in de Indische Oceaan;Totaal in gezinsverband;1999;0;0;0;0;0;0;0;0
3485;Mannen en vrouwen;Brits Territorium in de Indische Oceaan;Totaal in gezinsverband;2000;0;0;0;0;0;0;0;0
3486;Mannen en vrouwen;Brits Territorium in de Indische Oceaan;Totaal in gezinsverband;2001;0;0;0;0;0;0;0;0
3487;Mannen en vrouwen;Brits Territorium in de Indische Oceaan;Totaal in gezinsverband;2002;0;0;0;0;0;0;0;0
3488;Mannen en vrouwen;Brits Territorium in de Indische Oceaan;Totaal in gezinsverband;2003;0;0;0;0;0;0;0;0
3489;Mannen en vrouwen;Brits Territorium in de Indische Oceaan;Totaal in gezinsverband;2004;0;0;0;0;0;0;0;0
3490;Mannen en vrouwen;Brits Territorium in de Indische Oceaan;Totaal in gezinsverband;2005;0;0;0;0;0;0;0;0
3491;Mannen en vrouwen;Brits Territorium in de Indische Oceaan;Totaal in gezinsverband;2006;0;0;0;0;0;0;0;0
3492;Mannen en vrouwen;Brits Territorium in de Indische Oceaan;Totaal in gezinsverband;2007;0;0;0;0;0;0;0;0
3493;Mannen en vrouwen;Brits Territorium in de Indische Oceaan;Totaal in gezinsverband;2008;0;0;0;0;0;0;0;0
3494;Mannen en vrouwen;Brits Territorium in de Indische Oceaan;Totaal in gezinsverband;2009;0;0;0;0;0;0;0;0
3495;Mannen en vrouwen;Brits Territorium in de Indische Oceaan;Personen in echtpaar;1995;0;0;0;0;0;0;0;0
3496;Mannen en vrouwen;Brits Territorium in de Indische Oceaan;Personen in echtpaar;1996;0;0;0;0;0;0;0;0
3497;Mannen en vrouwen;Brits Territorium in de Indische Oceaan;Personen in echtpaar;1997;0;0;0;0;0;0;0;0
3498;Mannen en vrouwen;Brits Territorium in de Indische Oceaan;Personen in echtpaar;1998;0;0;0;0;0;0;0;0
3499;Mannen en vrouwen;Brits Territorium in de Indische Oceaan;Personen in echtpaar;1999;0;0;0;0;0;0;0;0
3500;Mannen en vrouwen;Brits Territorium in de Indische Oceaan;Personen in echtpaar;2000;0;0;0;0;0;0;0;0
3501;Mannen en vrouwen;Brits Territorium in de Indische Oceaan;Personen in echtpaar;2001;0;0;0;0;0;0;0;0
3502;Mannen en vrouwen;Brits Territorium in de Indische Oceaan;Personen in echtpaar;2002;0;0;0;0;0;0;0;0
3503;Mannen en vrouwen;Brits Territorium in de Indische Oceaan;Personen in echtpaar;2003;0;0;0;0;0;0;0;0
3504;Mannen en vrouwen;Brits Territorium in de Indische Oceaan;Personen in echtpaar;2004;0;0;0;0;0;0;0;0
3505;Mannen en vrouwen;Brits Territorium in de Indische Oceaan;Personen in echtpaar;2005;0;0;0;0;0;0;0;0
3506;Mannen en vrouwen;Brits Territorium in de Indische Oceaan;Personen in echtpaar;2006;0;0;0;0;0;0;0;0
3507;Mannen en vrouwen;Brits Territorium in de Indische Oceaan;Personen in echtpaar;2007;0;0;0;0;0;0;0;0
3508;Mannen en vrouwen;Brits Territorium in de Indische Oceaan;Personen in echtpaar;2008;0;0;0;0;0;0;0;0
3509;Mannen en vrouwen;Brits Territorium in de Indische Oceaan;Personen in echtpaar;2009;0;0;0;0;0;0;0;0
3510;Mannen en vrouwen;Brits Territorium in de Indische Oceaan;Personen in eenoudergezin met vader;1995;0;0;0;0;0;0;0;0
3511;Mannen en vrouwen;Brits Territorium in de Indische Oceaan;Personen in eenoudergezin met vader;1996;0;0;0;0;0;0;0;0
3512;Mannen en vrouwen;Brits Territorium in de Indische Oceaan;Personen in eenoudergezin met vader;1997;0;0;0;0;0;0;0;0
3513;Mannen en vrouwen;Brits Territorium in de Indische Oceaan;Personen in eenoudergezin met vader;1998;0;0;0;0;0;0;0;0
3514;Mannen en vrouwen;Brits Territorium in de Indische Oceaan;Personen in eenoudergezin met vader;1999;0;0;0;0;0;0;0;0
3515;Mannen en vrouwen;Brits Territorium in de Indische Oceaan;Personen in eenoudergezin met vader;2000;0;0;0;0;0;0;0;0
3516;Mannen en vrouwen;Brits Territorium in de Indische Oceaan;Personen in eenoudergezin met vader;2001;0;0;0;0;0;0;0;0
3517;Mannen en vrouwen;Brits Territorium in de Indische Oceaan;Personen in eenoudergezin met vader;2002;0;0;0;0;0;0;0;0
3518;Mannen en vrouwen;Brits Territorium in de Indische Oceaan;Personen in eenoudergezin met vader;2003;0;0;0;0;0;0;0;0
3519;Mannen en vrouwen;Brits Territorium in de Indische Oceaan;Personen in eenoudergezin met vader;2004;0;0;0;0;0;0;0;0
3520;Mannen en vrouwen;Brits Territorium in de Indische Oceaan;Personen in eenoudergezin met vader;2005;0;0;0;0;0;0;0;0
3521;Mannen en vrouwen;Brits Territorium in de Indische Oceaan;Personen in eenoudergezin met vader;2006;0;0;0;0;0;0;0;0
3522;Mannen en vrouwen;Brits Territorium in de Indische Oceaan;Personen in eenoudergezin met vader;2007;0;0;0;0;0;0;0;0
3523;Mannen en vrouwen;Brits Territorium in de Indische Oceaan;Personen in eenoudergezin met vader;2008;0;0;0;0;0;0;0;0
3524;Mannen en vrouwen;Brits Territorium in de Indische Oceaan;Personen in eenoudergezin met vader;2009;0;0;0;0;0;0;0;0
3525;Mannen en vrouwen;Brits Territorium in de Indische Oceaan;Personen in eenoudergezin met moeder;1995;0;0;0;0;0;0;0;0
3526;Mannen en vrouwen;Brits Territorium in de Indische Oceaan;Personen in eenoudergezin met moeder;1996;0;0;0;0;0;0;0;0
3527;Mannen en vrouwen;Brits Territorium in de Indische Oceaan;Personen in eenoudergezin met moeder;1997;0;0;0;0;0;0;0;0
3528;Mannen en vrouwen;Brits Territorium in de Indische Oceaan;Personen in eenoudergezin met moeder;1998;0;0;0;0;0;0;0;0
3529;Mannen en vrouwen;Brits Territorium in de Indische Oceaan;Personen in eenoudergezin met moeder;1999;0;0;0;0;0;0;0;0
3530;Mannen en vrouwen;Brits Territorium in de Indische Oceaan;Personen in eenoudergezin met moeder;2000;0;0;0;0;0;0;0;0
3531;Mannen en vrouwen;Brits Territorium in de Indische Oceaan;Personen in eenoudergezin met moeder;2001;0;0;0;0;0;0;0;0
3532;Mannen en vrouwen;Brits Territorium in de Indische Oceaan;Personen in eenoudergezin met moeder;2002;0;0;0;0;0;0;0;0
3533;Mannen en vrouwen;Brits Territorium in de Indische Oceaan;Personen in eenoudergezin met moeder;2003;0;0;0;0;0;0;0;0
3534;Mannen en vrouwen;Brits Territorium in de Indische Oceaan;Personen in eenoudergezin met moeder;2004;0;0;0;0;0;0;0;0
3535;Mannen en vrouwen;Brits Territorium in de Indische Oceaan;Personen in eenoudergezin met moeder;2005;0;0;0;0;0;0;0;0
3536;Mannen en vrouwen;Brits Territorium in de Indische Oceaan;Personen in eenoudergezin met moeder;2006;0;0;0;0;0;0;0;0
3537;Mannen en vrouwen;Brits Territorium in de Indische Oceaan;Personen in eenoudergezin met moeder;2007;0;0;0;0;0;0;0;0
3538;Mannen en vrouwen;Brits Territorium in de Indische Oceaan;Personen in eenoudergezin met moeder;2008;0;0;0;0;0;0;0;0
3539;Mannen en vrouwen;Brits Territorium in de Indische Oceaan;Personen in eenoudergezin met moeder;2009;0;0;0;0;0;0;0;0
3540;Mannen en vrouwen;Brits Territorium in de Indische Oceaan;Personen in samenwonend paar met kin...;1995;0;0;0;0;0;0;0;0
3541;Mannen en vrouwen;Brits Territorium in de Indische Oceaan;Personen in samenwonend paar met kin...;1996;0;0;0;0;0;0;0;0
3542;Mannen en vrouwen;Brits Territorium in de Indische Oceaan;Personen in samenwonend paar met kin...;1997;0;0;0;0;0;0;0;0
3543;Mannen en vrouwen;Brits Territorium in de Indische Oceaan;Personen in samenwonend paar met kin...;1998;0;0;0;0;0;0;0;0
3544;Mannen en vrouwen;Brits Territorium in de Indische Oceaan;Personen in samenwonend paar met kin...;1999;0;0;0;0;0;0;0;0
3545;Mannen en vrouwen;Brits Territorium in de Indische Oceaan;Personen in samenwonend paar met kin...;2000;0;0;0;0;0;0;0;0
3546;Mannen en vrouwen;Brits Territorium in de Indische Oceaan;Personen in samenwonend paar met kin...;2001;0;0;0;0;0;0;0;0
3547;Mannen en vrouwen;Brits Territorium in de Indische Oceaan;Personen in samenwonend paar met kin...;2002;0;0;0;0;0;0;0;0
3548;Mannen en vrouwen;Brits Territorium in de Indische Oceaan;Personen in samenwonend paar met kin...;2003;0;0;0;0;0;0;0;0
3549;Mannen en vrouwen;Brits Territorium in de Indische Oceaan;Personen in samenwonend paar met kin...;2004;0;0;0;0;0;0;0;0
3550;Mannen en vrouwen;Brits Territorium in de Indische Oceaan;Personen in samenwonend paar met kin...;2005;0;0;0;0;0;0;0;0
3551;Mannen en vrouwen;Brits Territorium in de Indische Oceaan;Personen in samenwonend paar met kin...;2006;0;0;0;0;0;0;0;0
3552;Mannen en vrouwen;Brits Territorium in de Indische Oceaan;Personen in samenwonend paar met kin...;2007;0;0;0;0;0;0;0;0
3553;Mannen en vrouwen;Brits Territorium in de Indische Oceaan;Personen in samenwonend paar met kin...;2008;0;0;0;0;0;0;0;0
3554;Mannen en vrouwen;Brits Territorium in de Indische Oceaan;Personen in samenwonend paar met kin...;2009;0;0;0;0;0;0;0;0
3555;Mannen en vrouwen;Brits Territorium in de Indische Oceaan;Alleengaanden;1995;1;-1;0;2;1;1;0;1
3556;Mannen en vrouwen;Brits Territorium in de Indische Oceaan;Alleengaanden;1996;0;0;0;0;0;0;0;0
3557;Mannen en vrouwen;Brits Territorium in de Indische Oceaan;Alleengaanden;1997;0;1;1;-1;-1;0;0;0
3558;Mannen en vrouwen;Brits Territorium in de Indische Oceaan;Alleengaanden;1998;0;0;0;0;0;0;0;0
3559;Mannen en vrouwen;Brits Territorium in de Indische Oceaan;Alleengaanden;1999;0;0;0;0;0;0;0;0
3560;Mannen en vrouwen;Brits Territorium in de Indische Oceaan;Alleengaanden;2000;0;0;0;0;0;0;0;0
3561;Mannen en vrouwen;Brits Territorium in de Indische Oceaan;Alleengaanden;2001;0;0;0;0;0;0;0;0
3562;Mannen en vrouwen;Brits Territorium in de Indische Oceaan;Alleengaanden;2002;0;0;0;0;0;0;0;0
3563;Mannen en vrouwen;Brits Territorium in de Indische Oceaan;Alleengaanden;2003;0;0;0;0;0;0;0;0
3564;Mannen en vrouwen;Brits Territorium in de Indische Oceaan;Alleengaanden;2004;0;0;0;0;0;0;0;0
3565;Mannen en vrouwen;Brits Territorium in de Indische Oceaan;Alleengaanden;2005;0;0;0;0;0;0;0;0
3566;Mannen en vrouwen;Brits Territorium in de Indische Oceaan;Alleengaanden;2006;0;0;0;0;0;0;0;0
3567;Mannen en vrouwen;Brits Territorium in de Indische Oceaan;Alleengaanden;2007;0;0;0;0;0;0;0;0
3568;Mannen en vrouwen;Brits Territorium in de Indische Oceaan;Alleengaanden;2008;0;0;0;0;0;0;0;0
3569;Mannen en vrouwen;Brits Territorium in de Indische Oceaan;Alleengaanden;2009;0;0;0;0;0;0;0;0
3570;Mannen en vrouwen;Britse Maagdeneilanden;Totaal personen;1995;1;1;1;0;0;0;0;0
3571;Mannen en vrouwen;Britse Maagdeneilanden;Totaal personen;1996;0;1;0;-1;0;0;1;-1
3572;Mannen en vrouwen;Britse Maagdeneilanden;Totaal personen;1997;0;0;0;0;0;0;0;0
3573;Mannen en vrouwen;Britse Maagdeneilanden;Totaal personen;1998;0;0;0;0;0;0;0;0
3574;Mannen en vrouwen;Britse Maagdeneilanden;Totaal personen;1999;0;0;0;0;0;0;0;0
3575;Mannen en vrouwen;Britse Maagdeneilanden;Totaal personen;2000;0;0;0;0;0;0;0;0
3576;Mannen en vrouwen;Britse Maagdeneilanden;Totaal personen;2001;0;0;0;0;0;0;0;0
3577;Mannen en vrouwen;Britse Maagdeneilanden;Totaal personen;2002;1;0;0;1;1;0;0;0
3578;Mannen en vrouwen;Britse Maagdeneilanden;Totaal personen;2003;2;1;0;1;2;0;1;-1
3579;Mannen en vrouwen;Britse Maagdeneilanden;Totaal personen;2004;2;1;1;1;1;0;0;0
3580;Mannen en vrouwen;Britse Maagdeneilanden;Totaal personen;2005;0;0;0;0;0;0;0;0
3581;Mannen en vrouwen;Britse Maagdeneilanden;Totaal personen;2006;0;0;0;0;0;0;0;0
3582;Mannen en vrouwen;Britse Maagdeneilanden;Totaal personen;2007;1;1;1;0;0;0;0;0
3583;Mannen en vrouwen;Britse Maagdeneilanden;Totaal personen;2008;2;1;1;1;1;0;0;0
3584;Mannen en vrouwen;Britse Maagdeneilanden;Totaal personen;2009;2;1;1;1;1;0;0;0
3585;Mannen en vrouwen;Britse Maagdeneilanden;Totaal in gezinsverband;1995;1;1;1;0;0;0;0;0
3586;Mannen en vrouwen;Britse Maagdeneilanden;Totaal in gezinsverband;1996;0;0;0;0;0;0;0;0
3587;Mannen en vrouwen;Britse Maagdeneilanden;Totaal in gezinsverband;1997;0;0;0;0;0;0;0;0
3588;Mannen en vrouwen;Britse Maagdeneilanden;Totaal in gezinsverband;1998;0;0;0;0;0;0;0;0
3589;Mannen en vrouwen;Britse Maagdeneilanden;Totaal in gezinsverband;1999;0;0;0;0;0;0;0;0
3590;Mannen en vrouwen;Britse Maagdeneilanden;Totaal in gezinsverband;2000;0;0;0;0;0;0;0;0
3591;Mannen en vrouwen;Britse Maagdeneilanden;Totaal in gezinsverband;2001;0;0;0;0;0;0;0;0
3592;Mannen en vrouwen;Britse Maagdeneilanden;Totaal in gezinsverband;2002;0;0;0;0;0;0;0;0
3593;Mannen en vrouwen;Britse Maagdeneilanden;Totaal in gezinsverband;2003;1;0;0;1;1;0;0;0
3594;Mannen en vrouwen;Britse Maagdeneilanden;Totaal in gezinsverband;2004;1;0;0;1;1;0;0;0
3595;Mannen en vrouwen;Britse Maagdeneilanden;Totaal in gezinsverband;2005;0;0;0;0;0;0;0;0
3596;Mannen en vrouwen;Britse Maagdeneilanden;Totaal in gezinsverband;2006;0;0;0;0;0;0;0;0
3597;Mannen en vrouwen;Britse Maagdeneilanden;Totaal in gezinsverband;2007;0;1;1;-1;-1;0;0;0
3598;Mannen en vrouwen;Britse Maagdeneilanden;Totaal in gezinsverband;2008;0;0;0;0;0;0;0;0
3599;Mannen en vrouwen;Britse Maagdeneilanden;Totaal in gezinsverband;2009;0;0;0;0;0;0;0;0
3600;Mannen en vrouwen;Britse Maagdeneilanden;Personen in echtpaar;1995;0;0;0;0;0;0;0;0
3601;Mannen en vrouwen;Britse Maagdeneilanden;Personen in echtpaar;1996;0;0;0;0;0;0;0;0
3602;Mannen en vrouwen;Britse Maagdeneilanden;Personen in echtpaar;1997;0;0;0;0;0;0;0;0
3603;Mannen en vrouwen;Britse Maagdeneilanden;Personen in echtpaar;1998;0;0;0;0;0;0;0;0
3604;Mannen en vrouwen;Britse Maagdeneilanden;Personen in echtpaar;1999;0;0;0;0;0;0;0;0
3605;Mannen en vrouwen;Britse Maagdeneilanden;Personen in echtpaar;2000;0;0;0;0;0;0;0;0
3606;Mannen en vrouwen;Britse Maagdeneilanden;Personen in echtpaar;2001;0;0;0;0;0;0;0;0
3607;Mannen en vrouwen;Britse Maagdeneilanden;Personen in echtpaar;2002;0;0;0;0;0;0;0;0
3608;Mannen en vrouwen;Britse Maagdeneilanden;Personen in echtpaar;2003;1;0;0;1;1;0;0;0
3609;Mannen en vrouwen;Britse Maagdeneilanden;Personen in echtpaar;2004;1;0;0;1;1;0;0;0
3610;Mannen en vrouwen;Britse Maagdeneilanden;Personen in echtpaar;2005;0;0;0;0;0;0;0;0
3611;Mannen en vrouwen;Britse Maagdeneilanden;Personen in echtpaar;2006;0;0;0;0;0;0;0;0
3612;Mannen en vrouwen;Britse Maagdeneilanden;Personen in echtpaar;2007;0;1;1;-1;-1;0;0;0
3613;Mannen en vrouwen;Britse Maagdeneilanden;Personen in echtpaar;2008;0;0;0;0;0;0;0;0
3614;Mannen en vrouwen;Britse Maagdeneilanden;Personen in echtpaar;2009;0;0;0;0;0;0;0;0
3615;Mannen en vrouwen;Britse Maagdeneilanden;Personen in eenoudergezin met vader;1995;0;0;0;0;0;0;0;0
3616;Mannen en vrouwen;Britse Maagdeneilanden;Personen in eenoudergezin met vader;1996;0;0;0;0;0;0;0;0
3617;Mannen en vrouwen;Britse Maagdeneilanden;Personen in eenoudergezin met vader;1997;0;0;0;0;0;0;0;0
3618;Mannen en vrouwen;Britse Maagdeneilanden;Personen in eenoudergezin met vader;1998;0;0;0;0;0;0;0;0
3619;Mannen en vrouwen;Britse Maagdeneilanden;Personen in eenoudergezin met vader;1999;0;0;0;0;0;0;0;0
3620;Mannen en vrouwen;Britse Maagdeneilanden;Personen in eenoudergezin met vader;2000;0;0;0;0;0;0;0;0
3621;Mannen en vrouwen;Britse Maagdeneilanden;Personen in eenoudergezin met vader;2001;0;0;0;0;0;0;0;0
3622;Mannen en vrouwen;Britse Maagdeneilanden;Personen in eenoudergezin met vader;2002;0;0;0;0;0;0;0;0
3623;Mannen en vrouwen;Britse Maagdeneilanden;Personen in eenoudergezin met vader;2003;0;0;0;0;0;0;0;0
3624;Mannen en vrouwen;Britse Maagdeneilanden;Personen in eenoudergezin met vader;2004;0;0;0;0;0;0;0;0
3625;Mannen en vrouwen;Britse Maagdeneilanden;Personen in eenoudergezin met vader;2005;0;0;0;0;0;0;0;0
3626;Mannen en vrouwen;Britse Maagdeneilanden;Personen in eenoudergezin met vader;2006;0;0;0;0;0;0;0;0
3627;Mannen en vrouwen;Britse Maagdeneilanden;Personen in eenoudergezin met vader;2007;0;0;0;0;0;0;0;0
3628;Mannen en vrouwen;Britse Maagdeneilanden;Personen in eenoudergezin met vader;2008;0;0;0;0;0;0;0;0
3629;Mannen en vrouwen;Britse Maagdeneilanden;Personen in eenoudergezin met vader;2009;0;0;0;0;0;0;0;0
3630;Mannen en vrouwen;Britse Maagdeneilanden;Personen in eenoudergezin met moeder;1995;0;0;0;0;0;0;0;0
3631;Mannen en vrouwen;Britse Maagdeneilanden;Personen in eenoudergezin met moeder;1996;0;0;0;0;0;0;0;0
3632;Mannen en vrouwen;Britse Maagdeneilanden;Personen in eenoudergezin met moeder;1997;0;0;0;0;0;0;0;0
3633;Mannen en vrouwen;Britse Maagdeneilanden;Personen in eenoudergezin met moeder;1998;0;0;0;0;0;0;0;0
3634;Mannen en vrouwen;Britse Maagdeneilanden;Personen in eenoudergezin met moeder;1999;0;0;0;0;0;0;0;0
3635;Mannen en vrouwen;Britse Maagdeneilanden;Personen in eenoudergezin met moeder;2000;0;0;0;0;0;0;0;0
3636;Mannen en vrouwen;Britse Maagdeneilanden;Personen in eenoudergezin met moeder;2001;0;0;0;0;0;0;0;0
3637;Mannen en vrouwen;Britse Maagdeneilanden;Personen in eenoudergezin met moeder;2002;0;0;0;0;0;0;0;0
3638;Mannen en vrouwen;Britse Maagdeneilanden;Personen in eenoudergezin met moeder;2003;0;0;0;0;0;0;0;0
3639;Mannen en vrouwen;Britse Maagdeneilanden;Personen in eenoudergezin met moeder;2004;0;0;0;0;0;0;0;0
3640;Mannen en vrouwen;Britse Maagdeneilanden;Personen in eenoudergezin met moeder;2005;0;0;0;0;0;0;0;0
3641;Mannen en vrouwen;Britse Maagdeneilanden;Personen in eenoudergezin met moeder;2006;0;0;0;0;0;0;0;0
3642;Mannen en vrouwen;Britse Maagdeneilanden;Personen in eenoudergezin met moeder;2007;0;0;0;0;0;0;0;0
3643;Mannen en vrouwen;Britse Maagdeneilanden;Personen in eenoudergezin met moeder;2008;0;0;0;0;0;0;0;0
3644;Mannen en vrouwen;Britse Maagdeneilanden;Personen in eenoudergezin met moeder;2009;0;0;0;0;0;0;0;0
3645;Mannen en vrouwen;Britse Maagdeneilanden;Personen in samenwonend paar met kin...;1995;1;1;1;0;0;0;0;0
3646;Mannen en vrouwen;Britse Maagdeneilanden;Personen in samenwonend paar met kin...;1996;0;0;0;0;0;0;0;0
3647;Mannen en vrouwen;Britse Maagdeneilanden;Personen in samenwonend paar met kin...;1997;0;0;0;0;0;0;0;0
3648;Mannen en vrouwen;Britse Maagdeneilanden;Personen in samenwonend paar met kin...;1998;0;0;0;0;0;0;0;0
3649;Mannen en vrouwen;Britse Maagdeneilanden;Personen in samenwonend paar met kin...;1999;0;0;0;0;0;0;0;0
3650;Mannen en vrouwen;Britse Maagdeneilanden;Personen in samenwonend paar met kin...;2000;0;0;0;0;0;0;0;0
3651;Mannen en vrouwen;Britse Maagdeneilanden;Personen in samenwonend paar met kin...;2001;0;0;0;0;0;0;0;0
3652;Mannen en vrouwen;Britse Maagdeneilanden;Personen in samenwonend paar met kin...;2002;0;0;0;0;0;0;0;0
3653;Mannen en vrouwen;Britse Maagdeneilanden;Personen in samenwonend paar met kin...;2003;0;0;0;0;0;0;0;0
3654;Mannen en vrouwen;Britse Maagdeneilanden;Personen in samenwonend paar met kin...;2004;0;0;0;0;0;0;0;0
3655;Mannen en vrouwen;Britse Maagdeneilanden;Personen in samenwonend paar met kin...;2005;0;0;0;0;0;0;0;0
3656;Mannen en vrouwen;Britse Maagdeneilanden;Personen in samenwonend paar met kin...;2006;0;0;0;0;0;0;0;0
3657;Mannen en vrouwen;Britse Maagdeneilanden;Personen in samenwonend paar met kin...;2007;0;0;0;0;0;0;0;0
3658;Mannen en vrouwen;Britse Maagdeneilanden;Personen in samenwonend paar met kin...;2008;0;0;0;0;0;0;0;0
3659;Mannen en vrouwen;Britse Maagdeneilanden;Personen in samenwonend paar met kin...;2009;0;0;0;0;0;0;0;0
3660;Mannen en vrouwen;Britse Maagdeneilanden;Alleengaanden;1995;0;0;0;0;0;0;0;0
3661;Mannen en vrouwen;Britse Maagdeneilanden;Alleengaanden;1996;0;1;0;-1;0;0;1;-1
3662;Mannen en vrouwen;Britse Maagdeneilanden;Alleengaanden;1997;0;0;0;0;0;0;0;0
3663;Mannen en vrouwen;Britse Maagdeneilanden;Alleengaanden;1998;0;0;0;0;0;0;0;0
3664;Mannen en vrouwen;Britse Maagdeneilanden;Alleengaanden;1999;0;0;0;0;0;0;0;0
3665;Mannen en vrouwen;Britse Maagdeneilanden;Alleengaanden;2000;0;0;0;0;0;0;0;0
3666;Mannen en vrouwen;Britse Maagdeneilanden;Alleengaanden;2001;0;0;0;0;0;0;0;0
3667;Mannen en vrouwen;Britse Maagdeneilanden;Alleengaanden;2002;1;0;0;1;1;0;0;0
3668;Mannen en vrouwen;Britse Maagdeneilanden;Alleengaanden;2003;1;1;0;0;1;0;1;-1
3669;Mannen en vrouwen;Britse Maagdeneilanden;Alleengaanden;2004;1;1;1;0;0;0;0;0
3670;Mannen en vrouwen;Britse Maagdeneilanden;Alleengaanden;2005;0;0;0;0;0;0;0;0
3671;Mannen en vrouwen;Britse Maagdeneilanden;Alleengaanden;2006;0;0;0;0;0;0;0;0
3672;Mannen en vrouwen;Britse Maagdeneilanden;Alleengaanden;2007;1;0;0;1;1;0;0;0
3673;Mannen en vrouwen;Britse Maagdeneilanden;Alleengaanden;2008;2;1;1;1;1;0;0;0
3674;Mannen en vrouwen;Britse Maagdeneilanden;Alleengaanden;2009;2;1;1;1;1;0;0;0
3675;Mannen en vrouwen;Brunei;Totaal personen;1995;33;31;30;2;3;0;1;-1
3676;Mannen en vrouwen;Brunei;Totaal personen;1996;37;39;38;-2;-1;2;3;-1
3677;Mannen en vrouwen;Brunei;Totaal personen;1997;46;29;25;17;21;0;4;-4
3678;Mannen en vrouwen;Brunei;Totaal personen;1998;32;29;28;3;4;0;1;-1
3679;Mannen en vrouwen;Brunei;Totaal personen;1999;50;26;22;24;28;1;5;-4
3680;Mannen en vrouwen;Brunei;Totaal personen;2000;25;29;25;-4;0;0;4;-4
3681;Mannen en vrouwen;Brunei;Totaal personen;2001;38;16;15;22;23;1;2;-1
3682;Mannen en vrouwen;Brunei;Totaal personen;2002;41;17;15;24;26;1;3;-2
3683;Mannen en vrouwen;Brunei;Totaal personen;2003;24;29;27;-5;-3;0;2;-2
3684;Mannen en vrouwen;Brunei;Totaal personen;2004;17;27;22;-10;-5;0;5;-5
3685;Mannen en vrouwen;Brunei;Totaal personen;2005;30;25;22;5;8;3;6;-3
3686;Mannen en vrouwen;Brunei;Totaal personen;2006;25;33;32;-8;-7;4;5;-1
3687;Mannen en vrouwen;Brunei;Totaal personen;2007;20;20;20;0;0;2;2;0
3688;Mannen en vrouwen;Brunei;Totaal personen;2008;28;33;28;-5;0;1;6;-5
3689;Mannen en vrouwen;Brunei;Totaal personen;2009;16;36;37;-20;-21;1;0;1
3690;Mannen en vrouwen;Brunei;Totaal in gezinsverband;1995;17;21;21;-4;-4;0;0;0
3691;Mannen en vrouwen;Brunei;Totaal in gezinsverband;1996;16;30;28;-14;-12;0;2;-2
3692;Mannen en vrouwen;Brunei;Totaal in gezinsverband;1997;17;15;12;2;5;0;3;-3
3693;Mannen en vrouwen;Brunei;Totaal in gezinsverband;1998;3;19;18;-16;-15;0;1;-1
3694;Mannen en vrouwen;Brunei;Totaal in gezinsverband;1999;16;13;10;3;6;0;3;-3
3695;Mannen en vrouwen;Brunei;Totaal in gezinsverband;2000;13;19;17;-6;-4;0;2;-2
3696;Mannen en vrouwen;Brunei;Totaal in gezinsverband;2001;12;6;6;6;6;0;0;0
3697;Mannen en vrouwen;Brunei;Totaal in gezinsverband;2002;9;14;12;-5;-3;0;2;-2
3698;Mannen en vrouwen;Brunei;Totaal in gezinsverband;2003;7;18;18;-11;-11;0;0;0
3699;Mannen en vrouwen;Brunei;Totaal in gezinsverband;2004;8;15;14;-7;-6;0;1;-1
3700;Mannen en vrouwen;Brunei;Totaal in gezinsverband;2005;16;13;13;3;3;0;0;0
3701;Mannen en vrouwen;Brunei;Totaal in gezinsverband;2006;11;17;15;-6;-4;0;2;-2
3702;Mannen en vrouwen;Brunei;Totaal in gezinsverband;2007;6;2;2;4;4;0;0;0
3703;Mannen en vrouwen;Brunei;Totaal in gezinsverband;2008;12;19;19;-7;-7;0;0;0
3704;Mannen en vrouwen;Brunei;Totaal in gezinsverband;2009;5;19;19;-14;-14;0;0;0
3705;Mannen en vrouwen;Brunei;Personen in echtpaar;1995;13;19;19;-6;-6;0;0;0
3706;Mannen en vrouwen;Brunei;Personen in echtpaar;1996;10;25;23;-15;-13;0;2;-2
3707;Mannen en vrouwen;Brunei;Personen in echtpaar;1997;10;8;8;2;2;0;0;0
3708;Mannen en vrouwen;Brunei;Personen in echtpaar;1998;3;15;14;-12;-11;0;1;-1
3709;Mannen en vrouwen;Brunei;Personen in echtpaar;1999;9;9;6;0;3;0;3;-3
3710;Mannen en vrouwen;Brunei;Personen in echtpaar;2000;7;16;14;-9;-7;0;2;-2
3711;Mannen en vrouwen;Brunei;Personen in echtpaar;2001;9;3;3;6;6;0;0;0
3712;Mannen en vrouwen;Brunei;Personen in echtpaar;2002;2;13;11;-11;-9;0;2;-2
3713;Mannen en vrouwen;Brunei;Personen in echtpaar;2003;4;14;14;-10;-10;0;0;0
3714;Mannen en vrouwen;Brunei;Personen in echtpaar;2004;5;11;10;-6;-5;0;1;-1
3715;Mannen en vrouwen;Brunei;Personen in echtpaar;2005;5;12;12;-7;-7;0;0;0
3716;Mannen en vrouwen;Brunei;Personen in echtpaar;2006;10;10;10;0;0;0;0;0
3717;Mannen en vrouwen;Brunei;Personen in echtpaar;2007;5;2;2;3;3;0;0;0
3718;Mannen en vrouwen;Brunei;Personen in echtpaar;2008;7;16;16;-9;-9;0;0;0
3719;Mannen en vrouwen;Brunei;Personen in echtpaar;2009;5;16;16;-11;-11;0;0;0
3720;Mannen en vrouwen;Brunei;Personen in eenoudergezin met vader;1995;1;0;0;1;1;0;0;0
3721;Mannen en vrouwen;Brunei;Personen in eenoudergezin met vader;1996;2;0;0;2;2;0;0;0
3722;Mannen en vrouwen;Brunei;Personen in eenoudergezin met vader;1997;0;0;0;0;0;0;0;0
3723;Mannen en vrouwen;Brunei;Personen in eenoudergezin met vader;1998;0;0;0;0;0;0;0;0
3724;Mannen en vrouwen;Brunei;Personen in eenoudergezin met vader;1999;1;3;3;-2;-2;0;0;0
3725;Mannen en vrouwen;Brunei;Personen in eenoudergezin met vader;2000;0;0;0;0;0;0;0;0
3726;Mannen en vrouwen;Brunei;Personen in eenoudergezin met vader;2001;0;1;1;-1;-1;0;0;0
3727;Mannen en vrouwen;Brunei;Personen in eenoudergezin met vader;2002;0;1;1;-1;-1;0;0;0
3728;Mannen en vrouwen;Brunei;Personen in eenoudergezin met vader;2003;0;0;0;0;0;0;0;0
3729;Mannen en vrouwen;Brunei;Personen in eenoudergezin met vader;2004;1;0;0;1;1;0;0;0
3730;Mannen en vrouwen;Brunei;Personen in eenoudergezin met vader;2005;1;0;0;1;1;0;0;0
3731;Mannen en vrouwen;Brunei;Personen in eenoudergezin met vader;2006;1;1;0;0;1;0;1;-1
3732;Mannen en vrouwen;Brunei;Personen in eenoudergezin met vader;2007;0;0;0;0;0;0;0;0
3733;Mannen en vrouwen;Brunei;Personen in eenoudergezin met vader;2008;0;0;0;0;0;0;0;0
3734;Mannen en vrouwen;Brunei;Personen in eenoudergezin met vader;2009;0;0;0;0;0;0;0;0
3735;Mannen en vrouwen;Brunei;Personen in eenoudergezin met moeder;1995;3;2;2;1;1;0;0;0
3736;Mannen en vrouwen;Brunei;Personen in eenoudergezin met moeder;1996;4;5;5;-1;-1;0;0;0
3737;Mannen en vrouwen;Brunei;Personen in eenoudergezin met moeder;1997;7;7;4;0;3;0;3;-3
3738;Mannen en vrouwen;Brunei;Personen in eenoudergezin met moeder;1998;0;4;4;-4;-4;0;0;0
3739;Mannen en vrouwen;Brunei;Personen in eenoudergezin met moeder;1999;6;1;1;5;5;0;0;0
3740;Mannen en vrouwen;Brunei;Personen in eenoudergezin met moeder;2000;4;3;3;1;1;0;0;0
3741;Mannen en vrouwen;Brunei;Personen in eenoudergezin met moeder;2001;3;2;2;1;1;0;0;0
3742;Mannen en vrouwen;Brunei;Personen in eenoudergezin met moeder;2002;2;0;0;2;2;0;0;0
3743;Mannen en vrouwen;Brunei;Personen in eenoudergezin met moeder;2003;3;3;3;0;0;0;0;0
3744;Mannen en vrouwen;Brunei;Personen in eenoudergezin met moeder;2004;2;0;0;2;2;0;0;0
3745;Mannen en vrouwen;Brunei;Personen in eenoudergezin met moeder;2005;4;1;1;3;3;0;0;0
3746;Mannen en vrouwen;Brunei;Personen in eenoudergezin met moeder;2006;0;5;4;-5;-4;0;1;-1
3747;Mannen en vrouwen;Brunei;Personen in eenoudergezin met moeder;2007;0;0;0;0;0;0;0;0
3748;Mannen en vrouwen;Brunei;Personen in eenoudergezin met moeder;2008;3;2;2;1;1;0;0;0
3749;Mannen en vrouwen;Brunei;Personen in eenoudergezin met moeder;2009;0;3;3;-3;-3;0;0;0
3750;Mannen en vrouwen;Brunei;Personen in samenwonend paar met kin...;1995;0;0;0;0;0;0;0;0
3751;Mannen en vrouwen;Brunei;Personen in samenwonend paar met kin...;1996;0;0;0;0;0;0;0;0
3752;Mannen en vrouwen;Brunei;Personen in samenwonend paar met kin...;1997;0;0;0;0;0;0;0;0
3753;Mannen en vrouwen;Brunei;Personen in samenwonend paar met kin...;1998;0;0;0;0;0;0;0;0
3754;Mannen en vrouwen;Brunei;Personen in samenwonend paar met kin...;1999;0;0;0;0;0;0;0;0
3755;Mannen en vrouwen;Brunei;Personen in samenwonend paar met kin...;2000;2;0;0;2;2;0;0;0
3756;Mannen en vrouwen;Brunei;Personen in samenwonend paar met kin...;2001;0;0;0;0;0;0;0;0
3757;Mannen en vrouwen;Brunei;Personen in samenwonend paar met kin...;2002;5;0;0;5;5;0;0;0
3758;Mannen en vrouwen;Brunei;Personen in samenwonend paar met kin...;2003;0;1;1;-1;-1;0;0;0
3759;Mannen en vrouwen;Brunei;Personen in samenwonend paar met kin...;2004;0;4;4;-4;-4;0;0;0
3760;Mannen en vrouwen;Brunei;Personen in samenwonend paar met kin...;2005;6;0;0;6;6;0;0;0
3761;Mannen en vrouwen;Brunei;Personen in samenwonend paar met kin...;2006;0;1;1;-1;-1;0;0;0
3762;Mannen en vrouwen;Brunei;Personen in samenwonend paar met kin...;2007;1;0;0;1;1;0;0;0
3763;Mannen en vrouwen;Brunei;Personen in samenwonend paar met kin...;2008;2;1;1;1;1;0;0;0
3764;Mannen en vrouwen;Brunei;Personen in samenwonend paar met kin...;2009;0;0;0;0;0;0;0;0
3765;Mannen en vrouwen;Brunei;Alleengaanden;1995;16;10;9;6;7;0;1;-1
3766;Mannen en vrouwen;Brunei;Alleengaanden;1996;21;9;10;12;11;2;1;1
3767;Mannen en vrouwen;Brunei;Alleengaanden;1997;29;14;13;15;16;0;1;-1
3768;Mannen en vrouwen;Brunei;Alleengaanden;1998;29;10;10;19;19;0;0;0
3769;Mannen en vrouwen;Brunei;Alleengaanden;1999;34;13;12;21;22;1;2;-1
3770;Mannen en vrouwen;Brunei;Alleengaanden;2000;12;10;8;2;4;0;2;-2
3771;Mannen en vrouwen;Brunei;Alleengaanden;2001;26;10;9;16;17;1;2;-1
3772;Mannen en vrouwen;Brunei;Alleengaanden;2002;32;3;3;29;29;1;1;0
3773;Mannen en vrouwen;Brunei;Alleengaanden;2003;17;11;9;6;8;0;2;-2
3774;Mannen en vrouwen;Brunei;Alleengaanden;2004;9;12;8;-3;1;0;4;-4
3775;Mannen en vrouwen;Brunei;Alleengaanden;2005;14;12;9;2;5;3;6;-3
3776;Mannen en vrouwen;Brunei;Alleengaanden;2006;14;16;17;-2;-3;4;3;1
3777;Mannen en vrouwen;Brunei;Alleengaanden;2007;14;18;18;-4;-4;2;2;0
3778;Mannen en vrouwen;Brunei;Alleengaanden;2008;16;14;9;2;7;1;6;-5
3779;Mannen en vrouwen;Brunei;Alleengaanden;2009;11;17;18;-6;-7;1;0;1
3780;Mannen en vrouwen;Bulgarije;Totaal personen;1995;106;58;29;48;77;4;33;-29
3781;Mannen en vrouwen;Bulgarije;Totaal personen;1996;163;79;29;84;134;6;56;-50
3782;Mannen en vrouwen;Bulgarije;Totaal personen;1997;228;60;34;168;194;7;33;-26
3783;Mannen en vrouwen;Bulgarije;Totaal personen;1998;240;84;51;156;189;4;37;-33
3784;Mannen en vrouwen;Bulgarije;Totaal personen;1999;264;97;54;167;210;2;45;-43
3785;Mannen en vrouwen;Bulgarije;Totaal personen;2000;297;85;43;212;254;3;45;-42
3786;Mannen en vrouwen;Bulgarije;Totaal personen;2001;347;86;53;261;294;15;48;-33
3787;Mannen en vrouwen;Bulgarije;Totaal personen;2002;463;106;59;357;404;8;55;-47
3788;Mannen en vrouwen;Bulgarije;Totaal personen;2003;503;158;97;345;406;6;67;-61
3789;Mannen en vrouwen;Bulgarije;Totaal personen;2004;442;168;82;274;360;18;104;-86
3790;Mannen en vrouwen;Bulgarije;Totaal personen;2005;431;197;102;234;329;14;109;-95
3791;Mannen en vrouwen;Bulgarije;Totaal personen;2006;473;257;116;216;357;33;174;-141
3792;Mannen en vrouwen;Bulgarije;Totaal personen;2007;4840;784;296;4056;4544;85;573;-488
3793;Mannen en vrouwen;Bulgarije;Totaal personen;2008;5174;1534;569;3640;4605;274;1239;-965
3794;Mannen en vrouwen;Bulgarije;Totaal personen;2009;4294;2300;842;1994;3452;469;1927;-1458
3795;Mannen en vrouwen;Bulgarije;Totaal in gezinsverband;1995;15;25;6;-10;9;0;19;-19
3796;Mannen en vrouwen;Bulgarije;Totaal in gezinsverband;1996;20;30;18;-10;2;4;16;-12
3797;Mannen en vrouwen;Bulgarije;Totaal in gezinsverband;1997;26;11;8;15;18;0;3;-3
3798;Mannen en vrouwen;Bulgarije;Totaal in gezinsverband;1998;36;13;12;23;24;0;1;-1
3799;Mannen en vrouwen;Bulgarije;Totaal in gezinsverband;1999;22;28;19;-6;3;0;9;-9
3800;Mannen en vrouwen;Bulgarije;Totaal in gezinsverband;2000;24;13;9;11;15;0;4;-4
3801;Mannen en vrouwen;Bulgarije;Totaal in gezinsverband;2001;32;24;11;8;21;0;13;-13
3802;Mannen en vrouwen;Bulgarije;Totaal in gezinsverband;2002;47;17;9;30;38;0;8;-8
3803;Mannen en vrouwen;Bulgarije;Totaal in gezinsverband;2003;33;25;18;8;15;0;7;-7
3804;Mannen en vrouwen;Bulgarije;Totaal in gezinsverband;2004;39;31;19;8;20;2;14;-12
3805;Mannen en vrouwen;Bulgarije;Totaal in gezinsverband;2005;29;37;30;-8;-1;2;9;-7
3806;Mannen en vrouwen;Bulgarije;Totaal in gezinsverband;2006;21;31;20;-10;1;3;14;-11
3807;Mannen en vrouwen;Bulgarije;Totaal in gezinsverband;2007;153;71;37;82;116;2;36;-34
3808;Mannen en vrouwen;Bulgarije;Totaal in gezinsverband;2008;150;97;66;53;84;11;42;-31
3809;Mannen en vrouwen;Bulgarije;Totaal in gezinsverband;2009;106;147;90;-41;16;13;70;-57
3810;Mannen en vrouwen;Bulgarije;Personen in echtpaar;1995;7;17;5;-10;2;0;12;-12
3811;Mannen en vrouwen;Bulgarije;Personen in echtpaar;1996;2;25;14;-23;-12;4;15;-11
3812;Mannen en vrouwen;Bulgarije;Personen in echtpaar;1997;12;6;6;6;6;0;0;0
3813;Mannen en vrouwen;Bulgarije;Personen in echtpaar;1998;13;9;8;4;5;0;1;-1
3814;Mannen en vrouwen;Bulgarije;Personen in echtpaar;1999;7;24;16;-17;-9;0;8;-8
3815;Mannen en vrouwen;Bulgarije;Personen in echtpaar;2000;13;9;6;4;7;0;3;-3
3816;Mannen en vrouwen;Bulgarije;Personen in echtpaar;2001;3;14;3;-11;0;0;11;-11
3817;Mannen en vrouwen;Bulgarije;Personen in echtpaar;2002;16;12;4;4;12;0;8;-8
3818;Mannen en vrouwen;Bulgarije;Personen in echtpaar;2003;5;21;14;-16;-9;0;7;-7
3819;Mannen en vrouwen;Bulgarije;Personen in echtpaar;2004;5;23;12;-18;-7;0;11;-11
3820;Mannen en vrouwen;Bulgarije;Personen in echtpaar;2005;6;21;20;-15;-14;0;1;-1
3821;Mannen en vrouwen;Bulgarije;Personen in echtpaar;2006;4;23;15;-19;-11;0;8;-8
3822;Mannen en vrouwen;Bulgarije;Personen in echtpaar;2007;46;44;26;2;20;1;19;-18
3823;Mannen en vrouwen;Bulgarije;Personen in echtpaar;2008;55;55;39;0;16;6;22;-16
3824;Mannen en vrouwen;Bulgarije;Personen in echtpaar;2009;26;55;34;-29;-8;9;30;-21
3825;Mannen en vrouwen;Bulgarije;Personen in eenoudergezin met vader;1995;0;0;0;0;0;0;0;0
3826;Mannen en vrouwen;Bulgarije;Personen in eenoudergezin met vader;1996;4;2;2;2;2;0;0;0
3827;Mannen en vrouwen;Bulgarije;Personen in eenoudergezin met vader;1997;0;0;0;0;0;0;0;0
3828;Mannen en vrouwen;Bulgarije;Personen in eenoudergezin met vader;1998;3;0;0;3;3;0;0;0
3829;Mannen en vrouwen;Bulgarije;Personen in eenoudergezin met vader;1999;5;1;0;4;5;0;1;-1
3830;Mannen en vrouwen;Bulgarije;Personen in eenoudergezin met vader;2000;0;1;1;-1;-1;0;0;0
3831;Mannen en vrouwen;Bulgarije;Personen in eenoudergezin met vader;2001;0;3;3;-3;-3;0;0;0
3832;Mannen en vrouwen;Bulgarije;Personen in eenoudergezin met vader;2002;1;0;0;1;1;0;0;0
3833;Mannen en vrouwen;Bulgarije;Personen in eenoudergezin met vader;2003;2;0;0;2;2;0;0;0
3834;Mannen en vrouwen;Bulgarije;Personen in eenoudergezin met vader;2004;1;0;0;1;1;1;1;0
3835;Mannen en vrouwen;Bulgarije;Personen in eenoudergezin met vader;2005;0;1;1;-1;-1;0;0;0
3836;Mannen en vrouwen;Bulgarije;Personen in eenoudergezin met vader;2006;2;1;1;1;1;0;0;0
3837;Mannen en vrouwen;Bulgarije;Personen in eenoudergezin met vader;2007;5;2;1;3;4;1;2;-1
3838;Mannen en vrouwen;Bulgarije;Personen in eenoudergezin met vader;2008;7;2;0;5;7;0;2;-2
3839;Mannen en vrouwen;Bulgarije;Personen in eenoudergezin met vader;2009;8;8;8;0;0;0;0;0
3840;Mannen en vrouwen;Bulgarije;Personen in eenoudergezin met moeder;1995;8;4;1;4;7;0;3;-3
3841;Mannen en vrouwen;Bulgarije;Personen in eenoudergezin met moeder;1996;6;1;0;5;6;0;1;-1
3842;Mannen en vrouwen;Bulgarije;Personen in eenoudergezin met moeder;1997;13;3;2;10;11;0;1;-1
3843;Mannen en vrouwen;Bulgarije;Personen in eenoudergezin met moeder;1998;17;1;1;16;16;0;0;0
3844;Mannen en vrouwen;Bulgarije;Personen in eenoudergezin met moeder;1999;9;3;3;6;6;0;0;0
3845;Mannen en vrouwen;Bulgarije;Personen in eenoudergezin met moeder;2000;11;2;1;9;10;0;1;-1
3846;Mannen en vrouwen;Bulgarije;Personen in eenoudergezin met moeder;2001;27;3;1;24;26;0;2;-2
3847;Mannen en vrouwen;Bulgarije;Personen in eenoudergezin met moeder;2002;30;3;3;27;27;0;0;0
3848;Mannen en vrouwen;Bulgarije;Personen in eenoudergezin met moeder;2003;25;3;3;22;22;0;0;0
3849;Mannen en vrouwen;Bulgarije;Personen in eenoudergezin met moeder;2004;33;9;7;24;26;0;2;-2
3850;Mannen en vrouwen;Bulgarije;Personen in eenoudergezin met moeder;2005;19;15;9;4;10;1;7;-6
3851;Mannen en vrouwen;Bulgarije;Personen in eenoudergezin met moeder;2006;12;6;2;6;10;2;6;-4
3852;Mannen en vrouwen;Bulgarije;Personen in eenoudergezin met moeder;2007;97;19;6;78;91;0;13;-13
3853;Mannen en vrouwen;Bulgarije;Personen in eenoudergezin met moeder;2008;82;36;26;46;56;5;15;-10
3854;Mannen en vrouwen;Bulgarije;Personen in eenoudergezin met moeder;2009;68;73;40;-5;28;4;37;-33
3855;Mannen en vrouwen;Bulgarije;Personen in samenwonend paar met kin...;1995;0;4;0;-4;0;0;4;-4
3856;Mannen en vrouwen;Bulgarije;Personen in samenwonend paar met kin...;1996;8;2;2;6;6;0;0;0
3857;Mannen en vrouwen;Bulgarije;Personen in samenwonend paar met kin...;1997;1;2;0;-1;1;0;2;-2
3858;Mannen en vrouwen;Bulgarije;Personen in samenwonend paar met kin...;1998;3;3;3;0;0;0;0;0
3859;Mannen en vrouwen;Bulgarije;Personen in samenwonend paar met kin...;1999;1;0;0;1;1;0;0;0
3860;Mannen en vrouwen;Bulgarije;Personen in samenwonend paar met kin...;2000;0;1;1;-1;-1;0;0;0
3861;Mannen en vrouwen;Bulgarije;Personen in samenwonend paar met kin...;2001;2;4;4;-2;-2;0;0;0
3862;Mannen en vrouwen;Bulgarije;Personen in samenwonend paar met kin...;2002;0;2;2;-2;-2;0;0;0
3863;Mannen en vrouwen;Bulgarije;Personen in samenwonend paar met kin...;2003;1;1;1;0;0;0;0;0
3864;Mannen en vrouwen;Bulgarije;Personen in samenwonend paar met kin...;2004;0;-1;0;1;0;1;0;1
3865;Mannen en vrouwen;Bulgarije;Personen in samenwonend paar met kin...;2005;4;0;0;4;4;1;1;0
3866;Mannen en vrouwen;Bulgarije;Personen in samenwonend paar met kin...;2006;3;1;2;2;1;1;0;1
3867;Mannen en vrouwen;Bulgarije;Personen in samenwonend paar met kin...;2007;5;6;4;-1;1;0;2;-2
3868;Mannen en vrouwen;Bulgarije;Personen in samenwonend paar met kin...;2008;6;4;1;2;5;0;3;-3
3869;Mannen en vrouwen;Bulgarije;Personen in samenwonend paar met kin...;2009;4;11;8;-7;-4;0;3;-3
3870;Mannen en vrouwen;Bulgarije;Alleengaanden;1995;91;33;23;58;68;4;14;-10
3871;Mannen en vrouwen;Bulgarije;Alleengaanden;1996;143;49;11;94;132;2;40;-38
3872;Mannen en vrouwen;Bulgarije;Alleengaanden;1997;202;49;26;153;176;7;30;-23
3873;Mannen en vrouwen;Bulgarije;Alleengaanden;1998;204;71;39;133;165;4;36;-32
3874;Mannen en vrouwen;Bulgarije;Alleengaanden;1999;242;69;35;173;207;2;36;-34
3875;Mannen en vrouwen;Bulgarije;Alleengaanden;2000;273;72;34;201;239;3;41;-38
3876;Mannen en vrouwen;Bulgarije;Alleengaanden;2001;315;62;42;253;273;15;35;-20
3877;Mannen en vrouwen;Bulgarije;Alleengaanden;2002;416;89;50;327;366;8;47;-39
3878;Mannen en vrouwen;Bulgarije;Alleengaanden;2003;470;133;79;337;391;6;60;-54
3879;Mannen en vrouwen;Bulgarije;Alleengaanden;2004;403;137;63;266;340;16;90;-74
3880;Mannen en vrouwen;Bulgarije;Alleengaanden;2005;402;160;72;242;330;12;100;-88
3881;Mannen en vrouwen;Bulgarije;Alleengaanden;2006;452;226;96;226;356;30;160;-130
3882;Mannen en vrouwen;Bulgarije;Alleengaanden;2007;4687;713;259;3974;4428;83;537;-454
3883;Mannen en vrouwen;Bulgarije;Alleengaanden;2008;5024;1437;503;3587;4521;263;1197;-934
3884;Mannen en vrouwen;Bulgarije;Alleengaanden;2009;4188;2153;752;2035;3436;456;1857;-1401
3885;Mannen en vrouwen;Burkina Faso;Totaal personen;1995;21;12;9;9;12;1;4;-3
3886;Mannen en vrouwen;Burkina Faso;Totaal personen;1996;21;20;11;1;10;0;9;-9
3887;Mannen en vrouwen;Burkina Faso;Totaal personen;1997;36;13;9;23;27;4;8;-4
3888;Mannen en vrouwen;Burkina Faso;Totaal personen;1998;21;13;9;8;12;2;6;-4
3889;Mannen en vrouwen;Burkina Faso;Totaal personen;1999;35;6;5;29;30;2;3;-1
3890;Mannen en vrouwen;Burkina Faso;Totaal personen;2000;30;6;4;24;26;1;3;-2
3891;Mannen en vrouwen;Burkina Faso;Totaal personen;2001;31;11;8;20;23;1;4;-3
3892;Mannen en vrouwen;Burkina Faso;Totaal personen;2002;28;9;3;19;25;2;8;-6
3893;Mannen en vrouwen;Burkina Faso;Totaal personen;2003;31;15;3;16;28;0;12;-12
3894;Mannen en vrouwen;Burkina Faso;Totaal personen;2004;37;9;5;28;32;3;7;-4
3895;Mannen en vrouwen;Burkina Faso;Totaal personen;2005;27;15;6;12;21;0;9;-9
3896;Mannen en vrouwen;Burkina Faso;Totaal personen;2006;23;20;12;3;11;1;9;-8
3897;Mannen en vrouwen;Burkina Faso;Totaal personen;2007;21;13;8;8;13;2;7;-5
3898;Mannen en vrouwen;Burkina Faso;Totaal personen;2008;21;18;11;3;10;3;10;-7
3899;Mannen en vrouwen;Burkina Faso;Totaal personen;2009;42;17;9;25;33;4;12;-8
3900;Mannen en vrouwen;Burkina Faso;Totaal in gezinsverband;1995;4;3;3;1;1;0;0;0
3901;Mannen en vrouwen;Burkina Faso;Totaal in gezinsverband;1996;2;5;5;-3;-3;0;0;0
3902;Mannen en vrouwen;Burkina Faso;Totaal in gezinsverband;1997;4;2;2;2;2;0;0;0
3903;Mannen en vrouwen;Burkina Faso;Totaal in gezinsverband;1998;3;4;4;-1;-1;0;0;0
3904;Mannen en vrouwen;Burkina Faso;Totaal in gezinsverband;1999;11;3;3;8;8;0;0;0
3905;Mannen en vrouwen;Burkina Faso;Totaal in gezinsverband;2000;4;1;0;3;4;0;1;-1
3906;Mannen en vrouwen;Burkina Faso;Totaal in gezinsverband;2001;1;3;3;-2;-2;0;0;0
3907;Mannen en vrouwen;Burkina Faso;Totaal in gezinsverband;2002;6;1;1;5;5;0;0;0
3908;Mannen en vrouwen;Burkina Faso;Totaal in gezinsverband;2003;3;0;0;3;3;0;0;0
3909;Mannen en vrouwen;Burkina Faso;Totaal in gezinsverband;2004;8;1;1;7;7;0;0;0
3910;Mannen en vrouwen;Burkina Faso;Totaal in gezinsverband;2005;3;2;2;1;1;0;0;0
3911;Mannen en vrouwen;Burkina Faso;Totaal in gezinsverband;2006;3;8;7;-5;-4;0;1;-1
3912;Mannen en vrouwen;Burkina Faso;Totaal in gezinsverband;2007;2;2;2;0;0;0;0;0
3913;Mannen en vrouwen;Burkina Faso;Totaal in gezinsverband;2008;1;6;5;-5;-4;0;1;-1
3914;Mannen en vrouwen;Burkina Faso;Totaal in gezinsverband;2009;4;5;4;-1;0;1;2;-1
3915;Mannen en vrouwen;Burkina Faso;Personen in echtpaar;1995;1;2;2;-1;-1;0;0;0
3916;Mannen en vrouwen;Burkina Faso;Personen in echtpaar;1996;2;5;5;-3;-3;0;0;0
3917;Mannen en vrouwen;Burkina Faso;Personen in echtpaar;1997;2;2;2;0;0;0;0;0
3918;Mannen en vrouwen;Burkina Faso;Personen in echtpaar;1998;3;4;4;-1;-1;0;0;0
3919;Mannen en vrouwen;Burkina Faso;Personen in echtpaar;1999;7;3;3;4;4;0;0;0
3920;Mannen en vrouwen;Burkina Faso;Personen in echtpaar;2000;1;1;0;0;1;0;1;-1
3921;Mannen en vrouwen;Burkina Faso;Personen in echtpaar;2001;1;1;1;0;0;0;0;0
3922;Mannen en vrouwen;Burkina Faso;Personen in echtpaar;2002;3;1;1;2;2;0;0;0
3923;Mannen en vrouwen;Burkina Faso;Personen in echtpaar;2003;0;0;0;0;0;0;0;0
3924;Mannen en vrouwen;Burkina Faso;Personen in echtpaar;2004;0;0;0;0;0;0;0;0
3925;Mannen en vrouwen;Burkina Faso;Personen in echtpaar;2005;0;2;2;-2;-2;0;0;0
3926;Mannen en vrouwen;Burkina Faso;Personen in echtpaar;2006;0;1;1;-1;-1;0;0;0
3927;Mannen en vrouwen;Burkina Faso;Personen in echtpaar;2007;0;2;2;-2;-2;0;0;0
3928;Mannen en vrouwen;Burkina Faso;Personen in echtpaar;2008;0;6;5;-6;-5;0;1;-1
3929;Mannen en vrouwen;Burkina Faso;Personen in echtpaar;2009;0;2;1;-2;-1;0;1;-1
3930;Mannen en vrouwen;Burkina Faso;Personen in eenoudergezin met vader;1995;0;0;0;0;0;0;0;0
3931;Mannen en vrouwen;Burkina Faso;Personen in eenoudergezin met vader;1996;0;0;0;0;0;0;0;0
3932;Mannen en vrouwen;Burkina Faso;Personen in eenoudergezin met vader;1997;1;0;0;1;1;0;0;0
3933;Mannen en vrouwen;Burkina Faso;Personen in eenoudergezin met vader;1998;0;0;0;0;0;0;0;0
3934;Mannen en vrouwen;Burkina Faso;Personen in eenoudergezin met vader;1999;3;0;0;3;3;0;0;0
3935;Mannen en vrouwen;Burkina Faso;Personen in eenoudergezin met vader;2000;2;0;0;2;2;0;0;0
3936;Mannen en vrouwen;Burkina Faso;Personen in eenoudergezin met vader;2001;0;0;0;0;0;0;0;0
3937;Mannen en vrouwen;Burkina Faso;Personen in eenoudergezin met vader;2002;0;0;0;0;0;0;0;0
3938;Mannen en vrouwen;Burkina Faso;Personen in eenoudergezin met vader;2003;0;0;0;0;0;0;0;0
3939;Mannen en vrouwen;Burkina Faso;Personen in eenoudergezin met vader;2004;0;0;0;0;0;0;0;0
3940;Mannen en vrouwen;Burkina Faso;Personen in eenoudergezin met vader;2005;0;0;0;0;0;0;0;0
3941;Mannen en vrouwen;Burkina Faso;Personen in eenoudergezin met vader;2006;1;4;4;-3;-3;0;0;0
3942;Mannen en vrouwen;Burkina Faso;Personen in eenoudergezin met vader;2007;1;0;0;1;1;0;0;0
3943;Mannen en vrouwen;Burkina Faso;Personen in eenoudergezin met vader;2008;0;0;0;0;0;0;0;0
3944;Mannen en vrouwen;Burkina Faso;Personen in eenoudergezin met vader;2009;0;1;1;-1;-1;0;0;0
3945;Mannen en vrouwen;Burkina Faso;Personen in eenoudergezin met moeder;1995;3;1;1;2;2;0;0;0
3946;Mannen en vrouwen;Burkina Faso;Personen in eenoudergezin met moeder;1996;0;0;0;0;0;0;0;0
3947;Mannen en vrouwen;Burkina Faso;Personen in eenoudergezin met moeder;1997;1;0;0;1;1;0;0;0
3948;Mannen en vrouwen;Burkina Faso;Personen in eenoudergezin met moeder;1998;0;0;0;0;0;0;0;0
3949;Mannen en vrouwen;Burkina Faso;Personen in eenoudergezin met moeder;1999;1;0;0;1;1;0;0;0
3950;Mannen en vrouwen;Burkina Faso;Personen in eenoudergezin met moeder;2000;1;0;0;1;1;0;0;0
3951;Mannen en vrouwen;Burkina Faso;Personen in eenoudergezin met moeder;2001;0;2;2;-2;-2;0;0;0
3952;Mannen en vrouwen;Burkina Faso;Personen in eenoudergezin met moeder;2002;3;0;0;3;3;0;0;0
3953;Mannen en vrouwen;Burkina Faso;Personen in eenoudergezin met moeder;2003;1;0;0;1;1;0;0;0
3954;Mannen en vrouwen;Burkina Faso;Personen in eenoudergezin met moeder;2004;8;1;1;7;7;0;0;0
3955;Mannen en vrouwen;Burkina Faso;Personen in eenoudergezin met moeder;2005;3;0;0;3;3;0;0;0
3956;Mannen en vrouwen;Burkina Faso;Personen in eenoudergezin met moeder;2006;2;3;2;-1;0;0;1;-1
3957;Mannen en vrouwen;Burkina Faso;Personen in eenoudergezin met moeder;2007;1;0;0;1;1;0;0;0
3958;Mannen en vrouwen;Burkina Faso;Personen in eenoudergezin met moeder;2008;1;0;0;1;1;0;0;0
3959;Mannen en vrouwen;Burkina Faso;Personen in eenoudergezin met moeder;2009;4;1;2;3;2;1;0;1
3960;Mannen en vrouwen;Burkina Faso;Personen in samenwonend paar met kin...;1995;0;0;0;0;0;0;0;0
3961;Mannen en vrouwen;Burkina Faso;Personen in samenwonend paar met kin...;1996;0;0;0;0;0;0;0;0
3962;Mannen en vrouwen;Burkina Faso;Personen in samenwonend paar met kin...;1997;0;0;0;0;0;0;0;0
3963;Mannen en vrouwen;Burkina Faso;Personen in samenwonend paar met kin...;1998;0;0;0;0;0;0;0;0
3964;Mannen en vrouwen;Burkina Faso;Personen in samenwonend paar met kin...;1999;0;0;0;0;0;0;0;0
3965;Mannen en vrouwen;Burkina Faso;Personen in samenwonend paar met kin...;2000;0;0;0;0;0;0;0;0
3966;Mannen en vrouwen;Burkina Faso;Personen in samenwonend paar met kin...;2001;0;0;0;0;0;0;0;0
3967;Mannen en vrouwen;Burkina Faso;Personen in samenwonend paar met kin...;2002;0;0;0;0;0;0;0;0
3968;Mannen en vrouwen;Burkina Faso;Personen in samenwonend paar met kin...;2003;2;0;0;2;2;0;0;0
3969;Mannen en vrouwen;Burkina Faso;Personen in samenwonend paar met kin...;2004;0;0;0;0;0;0;0;0
3970;Mannen en vrouwen;Burkina Faso;Personen in samenwonend paar met kin...;2005;0;0;0;0;0;0;0;0
3971;Mannen en vrouwen;Burkina Faso;Personen in samenwonend paar met kin...;2006;0;0;0;0;0;0;0;0
3972;Mannen en vrouwen;Burkina Faso;Personen in samenwonend paar met kin...;2007;0;0;0;0;0;0;0;0
3973;Mannen en vrouwen;Burkina Faso;Personen in samenwonend paar met kin...;2008;0;0;0;0;0;0;0;0
3974;Mannen en vrouwen;Burkina Faso;Personen in samenwonend paar met kin...;2009;0;1;0;-1;0;0;1;-1
3975;Mannen en vrouwen;Burkina Faso;Alleengaanden;1995;17;9;6;8;11;1;4;-3
3976;Mannen en vrouwen;Burkina Faso;Alleengaanden;1996;19;15;6;4;13;0;9;-9
3977;Mannen en vrouwen;Burkina Faso;Alleengaanden;1997;32;11;7;21;25;4;8;-4
3978;Mannen en vrouwen;Burkina Faso;Alleengaanden;1998;18;9;5;9;13;2;6;-4
3979;Mannen en vrouwen;Burkina Faso;Alleengaanden;1999;24;3;2;21;22;2;3;-1
3980;Mannen en vrouwen;Burkina Faso;Alleengaanden;2000;26;5;4;21;22;1;2;-1
3981;Mannen en vrouwen;Burkina Faso;Alleengaanden;2001;30;8;5;22;25;1;4;-3
3982;Mannen en vrouwen;Burkina Faso;Alleengaanden;2002;22;8;2;14;20;2;8;-6
3983;Mannen en vrouwen;Burkina Faso;Alleengaanden;2003;28;15;3;13;25;0;12;-12
3984;Mannen en vrouwen;Burkina Faso;Alleengaanden;2004;29;8;4;21;25;3;7;-4
3985;Mannen en vrouwen;Burkina Faso;Alleengaanden;2005;24;13;4;11;20;0;9;-9
3986;Mannen en vrouwen;Burkina Faso;Alleengaanden;2006;20;12;5;8;15;1;8;-7
3987;Mannen en vrouwen;Burkina Faso;Alleengaanden;2007;19;11;6;8;13;2;7;-5
3988;Mannen en vrouwen;Burkina Faso;Alleengaanden;2008;20;12;6;8;14;3;9;-6
3989;Mannen en vrouwen;Burkina Faso;Alleengaanden;2009;38;12;5;26;33;3;10;-7
3990;Mannen en vrouwen;Burundi;Totaal personen;1995;31;11;4;20;27;0;7;-7
3991;Mannen en vrouwen;Burundi;Totaal personen;1996;42;15;10;27;32;0;5;-5
3992;Mannen en vrouwen;Burundi;Totaal personen;1997;76;4;3;72;73;1;2;-1
3993;Mannen en vrouwen;Burundi;Totaal personen;1998;100;4;3;96;97;2;3;-1
3994;Mannen en vrouwen;Burundi;Totaal personen;1999;106;8;4;98;102;1;5;-4
3995;Mannen en vrouwen;Burundi;Totaal personen;2000;215;13;13;202;202;3;3;0
3996;Mannen en vrouwen;Burundi;Totaal personen;2001;357;8;0;349;357;2;10;-8
3997;Mannen en vrouwen;Burundi;Totaal personen;2002;436;21;8;415;428;5;18;-13
3998;Mannen en vrouwen;Burundi;Totaal personen;2003;363;76;15;287;348;9;70;-61
3999;Mannen en vrouwen;Burundi;Totaal personen;2004;334;71;18;263;316;13;66;-53
4000;Mannen en vrouwen;Burundi;Totaal personen;2005;421;115;20;306;401;19;114;-95
4001;Mannen en vrouwen;Burundi;Totaal personen;2006;331;105;31;226;300;23;97;-74
4002;Mannen en vrouwen;Burundi;Totaal personen;2007;272;110;42;162;230;25;93;-68
4003;Mannen en vrouwen;Burundi;Totaal personen;2008;150;114;56;36;94;57;115;-58
4004;Mannen en vrouwen;Burundi;Totaal personen;2009;122;115;36;7;86;35;114;-79
4005;Mannen en vrouwen;Burundi;Totaal in gezinsverband;1995;7;7;2;0;5;0;5;-5
4006;Mannen en vrouwen;Burundi;Totaal in gezinsverband;1996;7;3;3;4;4;0;0;0
4007;Mannen en vrouwen;Burundi;Totaal in gezinsverband;1997;13;2;2;11;11;0;0;0
4008;Mannen en vrouwen;Burundi;Totaal in gezinsverband;1998;16;1;1;15;15;0;0;0
4009;Mannen en vrouwen;Burundi;Totaal in gezinsverband;1999;19;2;2;17;17;0;0;0
4010;Mannen en vrouwen;Burundi;Totaal in gezinsverband;2000;30;9;9;21;21;0;0;0
4011;Mannen en vrouwen;Burundi;Totaal in gezinsverband;2001;45;0;0;45;45;0;0;0
4012;Mannen en vrouwen;Burundi;Totaal in gezinsverband;2002;56;1;0;55;56;0;1;-1
4013;Mannen en vrouwen;Burundi;Totaal in gezinsverband;2003;63;18;5;45;58;1;14;-13
4014;Mannen en vrouwen;Burundi;Totaal in gezinsverband;2004;59;18;7;41;52;0;11;-11
4015;Mannen en vrouwen;Burundi;Totaal in gezinsverband;2005;79;20;9;59;70;0;11;-11
4016;Mannen en vrouwen;Burundi;Totaal in gezinsverband;2006;103;24;14;79;89;2;12;-10
4017;Mannen en vrouwen;Burundi;Totaal in gezinsverband;2007;95;26;16;69;79;1;11;-10
4018;Mannen en vrouwen;Burundi;Totaal in gezinsverband;2008;25;18;16;7;9;1;3;-2
4019;Mannen en vrouwen;Burundi;Totaal in gezinsverband;2009;22;20;10;2;12;4;14;-10
4020;Mannen en vrouwen;Burundi;Personen in echtpaar;1995;5;7;2;-2;3;0;5;-5
4021;Mannen en vrouwen;Burundi;Personen in echtpaar;1996;3;3;3;0;0;0;0;0
4022;Mannen en vrouwen;Burundi;Personen in echtpaar;1997;4;0;0;4;4;0;0;0
4023;Mannen en vrouwen;Burundi;Personen in echtpaar;1998;3;1;1;2;2;0;0;0
4024;Mannen en vrouwen;Burundi;Personen in echtpaar;1999;1;1;1;0;0;0;0;0
4025;Mannen en vrouwen;Burundi;Personen in echtpaar;2000;9;9;9;0;0;0;0;0
4026;Mannen en vrouwen;Burundi;Personen in echtpaar;2001;4;0;0;4;4;0;0;0
4027;Mannen en vrouwen;Burundi;Personen in echtpaar;2002;5;0;0;5;5;0;0;0
4028;Mannen en vrouwen;Burundi;Personen in echtpaar;2003;9;2;0;7;9;0;2;-2
4029;Mannen en vrouwen;Burundi;Personen in echtpaar;2004;4;3;1;1;3;0;2;-2
4030;Mannen en vrouwen;Burundi;Personen in echtpaar;2005;0;6;6;-6;-6;0;0;0
4031;Mannen en vrouwen;Burundi;Personen in echtpaar;2006;31;8;5;23;26;0;3;-3
4032;Mannen en vrouwen;Burundi;Personen in echtpaar;2007;24;9;7;15;17;0;2;-2
4033;Mannen en vrouwen;Burundi;Personen in echtpaar;2008;4;8;8;-4;-4;0;0;0
4034;Mannen en vrouwen;Burundi;Personen in echtpaar;2009;6;4;5;2;1;1;0;1
4035;Mannen en vrouwen;Burundi;Personen in eenoudergezin met vader;1995;0;0;0;0;0;0;0;0
4036;Mannen en vrouwen;Burundi;Personen in eenoudergezin met vader;1996;0;0;0;0;0;0;0;0
4037;Mannen en vrouwen;Burundi;Personen in eenoudergezin met vader;1997;2;0;0;2;2;0;0;0
4038;Mannen en vrouwen;Burundi;Personen in eenoudergezin met vader;1998;0;0;0;0;0;0;0;0
4039;Mannen en vrouwen;Burundi;Personen in eenoudergezin met vader;1999;4;0;0;4;4;0;0;0
4040;Mannen en vrouwen;Burundi;Personen in eenoudergezin met vader;2000;3;0;0;3;3;0;0;0
4041;Mannen en vrouwen;Burundi;Personen in eenoudergezin met vader;2001;5;0;0;5;5;0;0;0
4042;Mannen en vrouwen;Burundi;Personen in eenoudergezin met vader;2002;3;0;0;3;3;0;0;0
4043;Mannen en vrouwen;Burundi;Personen in eenoudergezin met vader;2003;4;1;1;3;3;0;0;0
4044;Mannen en vrouwen;Burundi;Personen in eenoudergezin met vader;2004;3;0;0;3;3;0;0;0
4045;Mannen en vrouwen;Burundi;Personen in eenoudergezin met vader;2005;16;0;0;16;16;0;0;0
4046;Mannen en vrouwen;Burundi;Personen in eenoudergezin met vader;2006;8;6;1;2;7;0;5;-5
4047;Mannen en vrouwen;Burundi;Personen in eenoudergezin met vader;2007;3;5;5;-2;-2;0;0;0
4048;Mannen en vrouwen;Burundi;Personen in eenoudergezin met vader;2008;0;0;0;0;0;0;0;0
4049;Mannen en vrouwen;Burundi;Personen in eenoudergezin met vader;2009;4;2;0;2;4;1;3;-2
4050;Mannen en vrouwen;Burundi;Personen in eenoudergezin met moeder;1995;2;0;0;2;2;0;0;0
4051;Mannen en vrouwen;Burundi;Personen in eenoudergezin met moeder;1996;4;0;0;4;4;0;0;0
4052;Mannen en vrouwen;Burundi;Personen in eenoudergezin met moeder;1997;5;2;2;3;3;0;0;0
4053;Mannen en vrouwen;Burundi;Personen in eenoudergezin met moeder;1998;13;0;0;13;13;0;0;0
4054;Mannen en vrouwen;Burundi;Personen in eenoudergezin met moeder;1999;14;1;1;13;13;0;0;0
4055;Mannen en vrouwen;Burundi;Personen in eenoudergezin met moeder;2000;18;0;0;18;18;0;0;0
4056;Mannen en vrouwen;Burundi;Personen in eenoudergezin met moeder;2001;26;0;0;26;26;0;0;0
4057;Mannen en vrouwen;Burundi;Personen in eenoudergezin met moeder;2002;42;1;0;41;42;0;1;-1
4058;Mannen en vrouwen;Burundi;Personen in eenoudergezin met moeder;2003;49;15;4;34;45;1;12;-11
4059;Mannen en vrouwen;Burundi;Personen in eenoudergezin met moeder;2004;52;15;6;37;46;0;9;-9
4060;Mannen en vrouwen;Burundi;Personen in eenoudergezin met moeder;2005;63;14;3;49;60;0;11;-11
4061;Mannen en vrouwen;Burundi;Personen in eenoudergezin met moeder;2006;63;8;7;55;56;2;3;-1
4062;Mannen en vrouwen;Burundi;Personen in eenoudergezin met moeder;2007;68;12;4;56;64;1;9;-8
4063;Mannen en vrouwen;Burundi;Personen in eenoudergezin met moeder;2008;21;10;8;11;13;1;3;-2
4064;Mannen en vrouwen;Burundi;Personen in eenoudergezin met moeder;2009;12;14;5;-2;7;2;11;-9
4065;Mannen en vrouwen;Burundi;Personen in samenwonend paar met kin...;1995;0;0;0;0;0;0;0;0
4066;Mannen en vrouwen;Burundi;Personen in samenwonend paar met kin...;1996;0;0;0;0;0;0;0;0
4067;Mannen en vrouwen;Burundi;Personen in samenwonend paar met kin...;1997;2;0;0;2;2;0;0;0
4068;Mannen en vrouwen;Burundi;Personen in samenwonend paar met kin...;1998;0;0;0;0;0;0;0;0
4069;Mannen en vrouwen;Burundi;Personen in samenwonend paar met kin...;1999;0;0;0;0;0;0;0;0
4070;Mannen en vrouwen;Burundi;Personen in samenwonend paar met kin...;2000;0;0;0;0;0;0;0;0
4071;Mannen en vrouwen;Burundi;Personen in samenwonend paar met kin...;2001;10;0;0;10;10;0;0;0
4072;Mannen en vrouwen;Burundi;Personen in samenwonend paar met kin...;2002;6;0;0;6;6;0;0;0
4073;Mannen en vrouwen;Burundi;Personen in samenwonend paar met kin...;2003;1;0;0;1;1;0;0;0
4074;Mannen en vrouwen;Burundi;Personen in samenwonend paar met kin...;2004;0;0;0;0;0;0;0;0
4075;Mannen en vrouwen;Burundi;Personen in samenwonend paar met kin...;2005;0;0;0;0;0;0;0;0
4076;Mannen en vrouwen;Burundi;Personen in samenwonend paar met kin...;2006;1;2;1;-1;0;0;1;-1
4077;Mannen en vrouwen;Burundi;Personen in samenwonend paar met kin...;2007;0;0;0;0;0;0;0;0
4078;Mannen en vrouwen;Burundi;Personen in samenwonend paar met kin...;2008;0;0;0;0;0;0;0;0
4079;Mannen en vrouwen;Burundi;Personen in samenwonend paar met kin...;2009;0;0;0;0;0;0;0;0
4080;Mannen en vrouwen;Burundi;Alleengaanden;1995;24;4;2;20;22;0;2;-2
4081;Mannen en vrouwen;Burundi;Alleengaanden;1996;35;12;7;23;28;0;5;-5
4082;Mannen en vrouwen;Burundi;Alleengaanden;1997;63;2;1;61;62;1;2;-1
4083;Mannen en vrouwen;Burundi;Alleengaanden;1998;84;3;2;81;82;2;3;-1
4084;Mannen en vrouwen;Burundi;Alleengaanden;1999;87;6;2;81;85;1;5;-4
4085;Mannen en vrouwen;Burundi;Alleengaanden;2000;185;4;4;181;181;3;3;0
4086;Mannen en vrouwen;Burundi;Alleengaanden;2001;312;8;0;304;312;2;10;-8
4087;Mannen en vrouwen;Burundi;Alleengaanden;2002;380;20;8;360;372;5;17;-12
4088;Mannen en vrouwen;Burundi;Alleengaanden;2003;300;58;10;242;290;8;56;-48
4089;Mannen en vrouwen;Burundi;Alleengaanden;2004;275;53;11;222;264;13;55;-42
4090;Mannen en vrouwen;Burundi;Alleengaanden;2005;342;95;11;247;331;19;103;-84
4091;Mannen en vrouwen;Burundi;Alleengaanden;2006;228;81;17;147;211;21;85;-64
4092;Mannen en vrouwen;Burundi;Alleengaanden;2007;177;84;26;93;151;24;82;-58
4093;Mannen en vrouwen;Burundi;Alleengaanden;2008;125;96;40;29;85;56;112;-56
4094;Mannen en vrouwen;Burundi;Alleengaanden;2009;100;95;26;5;74;31;100;-69
4095;Mannen en vrouwen;Cambodja;Totaal personen;1995;11;4;4;7;7;0;0;0
4096;Mannen en vrouwen;Cambodja;Totaal personen;1996;9;11;9;-2;0;1;3;-2
4097;Mannen en vrouwen;Cambodja;Totaal personen;1997;17;0;3;17;14;4;1;3
4098;Mannen en vrouwen;Cambodja;Totaal personen;1998;16;12;11;4;5;0;1;-1
4099;Mannen en vrouwen;Cambodja;Totaal personen;1999;9;7;5;2;4;1;3;-2
4100;Mannen en vrouwen;Cambodja;Totaal personen;2000;27;8;6;19;21;0;2;-2
4101;Mannen en vrouwen;Cambodja;Totaal personen;2001;47;12;11;35;36;0;1;-1
4102;Mannen en vrouwen;Cambodja;Totaal personen;2002;46;16;8;30;38;1;9;-8
4103;Mannen en vrouwen;Cambodja;Totaal personen;2003;29;8;5;21;24;1;4;-3
4104;Mannen en vrouwen;Cambodja;Totaal personen;2004;23;11;8;12;15;1;4;-3
4105;Mannen en vrouwen;Cambodja;Totaal personen;2005;11;10;4;1;7;1;7;-6
4106;Mannen en vrouwen;Cambodja;Totaal personen;2006;16;8;5;8;11;2;5;-3
4107;Mannen en vrouwen;Cambodja;Totaal personen;2007;29;7;5;22;24;0;2;-2
4108;Mannen en vrouwen;Cambodja;Totaal personen;2008;21;16;13;5;8;0;3;-3
4109;Mannen en vrouwen;Cambodja;Totaal personen;2009;24;13;8;11;16;0;5;-5
4110;Mannen en vrouwen;Cambodja;Totaal in gezinsverband;1995;0;0;0;0;0;0;0;0
4111;Mannen en vrouwen;Cambodja;Totaal in gezinsverband;1996;0;1;0;-1;0;0;1;-1
4112;Mannen en vrouwen;Cambodja;Totaal in gezinsverband;1997;0;0;0;0;0;0;0;0
4113;Mannen en vrouwen;Cambodja;Totaal in gezinsverband;1998;1;2;2;-1;-1;0;0;0
4114;Mannen en vrouwen;Cambodja;Totaal in gezinsverband;1999;0;0;0;0;0;0;0;0
4115;Mannen en vrouwen;Cambodja;Totaal in gezinsverband;2000;8;1;1;7;7;0;0;0
4116;Mannen en vrouwen;Cambodja;Totaal in gezinsverband;2001;24;2;2;22;22;0;0;0
4117;Mannen en vrouwen;Cambodja;Totaal in gezinsverband;2002;11;7;1;4;10;0;6;-6
4118;Mannen en vrouwen;Cambodja;Totaal in gezinsverband;2003;3;1;1;2;2;1;1;0
4119;Mannen en vrouwen;Cambodja;Totaal in gezinsverband;2004;3;6;5;-3;-2;0;1;-1
4120;Mannen en vrouwen;Cambodja;Totaal in gezinsverband;2005;3;3;0;0;3;0;3;-3
4121;Mannen en vrouwen;Cambodja;Totaal in gezinsverband;2006;4;2;2;2;2;0;0;0
4122;Mannen en vrouwen;Cambodja;Totaal in gezinsverband;2007;15;2;2;13;13;0;0;0
4123;Mannen en vrouwen;Cambodja;Totaal in gezinsverband;2008;5;9;9;-4;-4;0;0;0
4124;Mannen en vrouwen;Cambodja;Totaal in gezinsverband;2009;5;1;1;4;4;0;0;0
4125;Mannen en vrouwen;Cambodja;Personen in echtpaar;1995;0;0;0;0;0;0;0;0
4126;Mannen en vrouwen;Cambodja;Personen in echtpaar;1996;0;1;0;-1;0;0;1;-1
4127;Mannen en vrouwen;Cambodja;Personen in echtpaar;1997;0;0;0;0;0;0;0;0
4128;Mannen en vrouwen;Cambodja;Personen in echtpaar;1998;1;2;2;-1;-1;0;0;0
4129;Mannen en vrouwen;Cambodja;Personen in echtpaar;1999;0;0;0;0;0;0;0;0
4130;Mannen en vrouwen;Cambodja;Personen in echtpaar;2000;0;1;1;-1;-1;0;0;0
4131;Mannen en vrouwen;Cambodja;Personen in echtpaar;2001;7;2;2;5;5;0;0;0
4132;Mannen en vrouwen;Cambodja;Personen in echtpaar;2002;1;7;1;-6;0;0;6;-6
4133;Mannen en vrouwen;Cambodja;Personen in echtpaar;2003;0;0;1;0;-1;1;0;1
4134;Mannen en vrouwen;Cambodja;Personen in echtpaar;2004;0;3;3;-3;-3;0;0;0
4135;Mannen en vrouwen;Cambodja;Personen in echtpaar;2005;0;2;0;-2;0;0;2;-2
4136;Mannen en vrouwen;Cambodja;Personen in echtpaar;2006;1;1;1;0;0;0;0;0
4137;Mannen en vrouwen;Cambodja;Personen in echtpaar;2007;13;2;2;11;11;0;0;0
4138;Mannen en vrouwen;Cambodja;Personen in echtpaar;2008;0;4;4;-4;-4;0;0;0
4139;Mannen en vrouwen;Cambodja;Personen in echtpaar;2009;5;1;1;4;4;0;0;0
4140;Mannen en vrouwen;Cambodja;Personen in eenoudergezin met vader;1995;0;0;0;0;0;0;0;0
4141;Mannen en vrouwen;Cambodja;Personen in eenoudergezin met vader;1996;0;0;0;0;0;0;0;0
4142;Mannen en vrouwen;Cambodja;Personen in eenoudergezin met vader;1997;0;0;0;0;0;0;0;0
4143;Mannen en vrouwen;Cambodja;Personen in eenoudergezin met vader;1998;0;0;0;0;0;0;0;0
4144;Mannen en vrouwen;Cambodja;Personen in eenoudergezin met vader;1999;0;0;0;0;0;0;0;0
4145;Mannen en vrouwen;Cambodja;Personen in eenoudergezin met vader;2000;3;0;0;3;3;0;0;0
4146;Mannen en vrouwen;Cambodja;Personen in eenoudergezin met vader;2001;9;0;0;9;9;0;0;0
4147;Mannen en vrouwen;Cambodja;Personen in eenoudergezin met vader;2002;0;0;0;0;0;0;0;0
4148;Mannen en vrouwen;Cambodja;Personen in eenoudergezin met vader;2003;0;0;0;0;0;0;0;0
4149;Mannen en vrouwen;Cambodja;Personen in eenoudergezin met vader;2004;1;2;2;-1;-1;0;0;0
4150;Mannen en vrouwen;Cambodja;Personen in eenoudergezin met vader;2005;0;0;0;0;0;0;0;0
4151;Mannen en vrouwen;Cambodja;Personen in eenoudergezin met vader;2006;0;0;0;0;0;0;0;0
4152;Mannen en vrouwen;Cambodja;Personen in eenoudergezin met vader;2007;1;0;0;1;1;0;0;0
4153;Mannen en vrouwen;Cambodja;Personen in eenoudergezin met vader;2008;0;0;0;0;0;0;0;0
4154;Mannen en vrouwen;Cambodja;Personen in eenoudergezin met vader;2009;0;0;0;0;0;0;0;0
4155;Mannen en vrouwen;Cambodja;Personen in eenoudergezin met moeder;1995;0;0;0;0;0;0;0;0
4156;Mannen en vrouwen;Cambodja;Personen in eenoudergezin met moeder;1996;0;0;0;0;0;0;0;0
4157;Mannen en vrouwen;Cambodja;Personen in eenoudergezin met moeder;1997;0;0;0;0;0;0;0;0
4158;Mannen en vrouwen;Cambodja;Personen in eenoudergezin met moeder;1998;0;0;0;0;0;0;0;0
4159;Mannen en vrouwen;Cambodja;Personen in eenoudergezin met moeder;1999;0;0;0;0;0;0;0;0
4160;Mannen en vrouwen;Cambodja;Personen in eenoudergezin met moeder;2000;5;0;0;5;5;0;0;0
4161;Mannen en vrouwen;Cambodja;Personen in eenoudergezin met moeder;2001;8;0;0;8;8;0;0;0
4162;Mannen en vrouwen;Cambodja;Personen in eenoudergezin met moeder;2002;8;0;0;8;8;0;0;0
4163;Mannen en vrouwen;Cambodja;Personen in eenoudergezin met moeder;2003;3;0;0;3;3;0;0;0
4164;Mannen en vrouwen;Cambodja;Personen in eenoudergezin met moeder;2004;2;0;0;2;2;0;0;0
4165;Mannen en vrouwen;Cambodja;Personen in eenoudergezin met moeder;2005;3;1;0;2;3;0;1;-1
4166;Mannen en vrouwen;Cambodja;Personen in eenoudergezin met moeder;2006;3;1;1;2;2;0;0;0
4167;Mannen en vrouwen;Cambodja;Personen in eenoudergezin met moeder;2007;1;0;0;1;1;0;0;0
4168;Mannen en vrouwen;Cambodja;Personen in eenoudergezin met moeder;2008;5;5;5;0;0;0;0;0
4169;Mannen en vrouwen;Cambodja;Personen in eenoudergezin met moeder;2009;0;0;0;0;0;0;0;0
4170;Mannen en vrouwen;Cambodja;Personen in samenwonend paar met kin...;1995;0;0;0;0;0;0;0;0
4171;Mannen en vrouwen;Cambodja;Personen in samenwonend paar met kin...;1996;0;0;0;0;0;0;0;0
4172;Mannen en vrouwen;Cambodja;Personen in samenwonend paar met kin...;1997;0;0;0;0;0;0;0;0
4173;Mannen en vrouwen;Cambodja;Personen in samenwonend paar met kin...;1998;0;0;0;0;0;0;0;0
4174;Mannen en vrouwen;Cambodja;Personen in samenwonend paar met kin...;1999;0;0;0;0;0;0;0;0
4175;Mannen en vrouwen;Cambodja;Personen in samenwonend paar met kin...;2000;0;0;0;0;0;0;0;0
4176;Mannen en vrouwen;Cambodja;Personen in samenwonend paar met kin...;2001;0;0;0;0;0;0;0;0
4177;Mannen en vrouwen;Cambodja;Personen in samenwonend paar met kin...;2002;2;0;0;2;2;0;0;0
4178;Mannen en vrouwen;Cambodja;Personen in samenwonend paar met kin...;2003;0;1;0;-1;0;0;1;-1
4179;Mannen en vrouwen;Cambodja;Personen in samenwonend paar met kin...;2004;0;1;0;-1;0;0;1;-1
4180;Mannen en vrouwen;Cambodja;Personen in samenwonend paar met kin...;2005;0;0;0;0;0;0;0;0
4181;Mannen en vrouwen;Cambodja;Personen in samenwonend paar met kin...;2006;0;0;0;0;0;0;0;0
4182;Mannen en vrouwen;Cambodja;Personen in samenwonend paar met kin...;2007;0;0;0;0;0;0;0;0
4183;Mannen en vrouwen;Cambodja;Personen in samenwonend paar met kin...;2008;0;0;0;0;0;0;0;0
4184;Mannen en vrouwen;Cambodja;Personen in samenwonend paar met kin...;2009;0;0;0;0;0;0;0;0
4185;Mannen en vrouwen;Cambodja;Alleengaanden;1995;11;4;4;7;7;0;0;0
4186;Mannen en vrouwen;Cambodja;Alleengaanden;1996;9;10;9;-1;0;1;2;-1
4187;Mannen en vrouwen;Cambodja;Alleengaanden;1997;17;0;3;17;14;4;1;3
4188;Mannen en vrouwen;Cambodja;Alleengaanden;1998;15;10;9;5;6;0;1;-1
4189;Mannen en vrouwen;Cambodja;Alleengaanden;1999;9;7;5;2;4;1;3;-2
4190;Mannen en vrouwen;Cambodja;Alleengaanden;2000;19;7;5;12;14;0;2;-2
4191;Mannen en vrouwen;Cambodja;Alleengaanden;2001;23;10;9;13;14;0;1;-1
4192;Mannen en vrouwen;Cambodja;Alleengaanden;2002;35;9;7;26;28;1;3;-2
4193;Mannen en vrouwen;Cambodja;Alleengaanden;2003;26;7;4;19;22;0;3;-3
4194;Mannen en vrouwen;Cambodja;Alleengaanden;2004;20;5;3;15;17;1;3;-2
4195;Mannen en vrouwen;Cambodja;Alleengaanden;2005;8;7;4;1;4;1;4;-3
4196;Mannen en vrouwen;Cambodja;Alleengaanden;2006;12;6;3;6;9;2;5;-3
4197;Mannen en vrouwen;Cambodja;Alleengaanden;2007;14;5;3;9;11;0;2;-2
4198;Mannen en vrouwen;Cambodja;Alleengaanden;2008;16;7;4;9;12;0;3;-3
4199;Mannen en vrouwen;Cambodja;Alleengaanden;2009;19;12;7;7;12;0;5;-5
4200;Mannen en vrouwen;Canada;Totaal personen;1995;494;436;344;58;150;11;103;-92
4201;Mannen en vrouwen;Canada;Totaal personen;1996;701;484;338;217;363;13;159;-146
4202;Mannen en vrouwen;Canada;Totaal personen;1997;643;433;341;210;302;14;106;-92
4203;Mannen en vrouwen;Canada;Totaal personen;1998;672;535;398;137;274;10;147;-137
4204;Mannen en vrouwen;Canada;Totaal personen;1999;671;497;391;174;280;25;131;-106
4205;Mannen en vrouwen;Canada;Totaal personen;2000;750;511;387;239;363;16;140;-124
4206;Mannen en vrouwen;Canada;Totaal personen;2001;782;484;352;298;430;9;141;-132
4207;Mannen en vrouwen;Canada;Totaal personen;2002;696;581;417;115;279;19;183;-164
4208;Mannen en vrouwen;Canada;Totaal personen;2003;587;571;391;16;196;19;199;-180
4209;Mannen en vrouwen;Canada;Totaal personen;2004;565;548;380;17;185;22;190;-168
4210;Mannen en vrouwen;Canada;Totaal personen;2005;682;609;414;73;268;29;224;-195
4211;Mannen en vrouwen;Canada;Totaal personen;2006;681;759;463;-78;218;32;328;-296
4212;Mannen en vrouwen;Canada;Totaal personen;2007;748;679;443;69;305;33;269;-236
4213;Mannen en vrouwen;Canada;Totaal personen;2008;911;672;402;239;509;25;295;-270
4214;Mannen en vrouwen;Canada;Totaal personen;2009;821;792;494;29;327;34;332;-298
4215;Mannen en vrouwen;Canada;Totaal in gezinsverband;1995;125;216;189;-91;-64;3;30;-27
4216;Mannen en vrouwen;Canada;Totaal in gezinsverband;1996;155;212;181;-57;-26;1;32;-31
4217;Mannen en vrouwen;Canada;Totaal in gezinsverband;1997;131;188;160;-57;-29;1;29;-28
4218;Mannen en vrouwen;Canada;Totaal in gezinsverband;1998;148;229;196;-81;-48;3;36;-33
4219;Mannen en vrouwen;Canada;Totaal in gezinsverband;1999;84;200;171;-116;-87;0;29;-29
4220;Mannen en vrouwen;Canada;Totaal in gezinsverband;2000;137;198;178;-61;-41;0;20;-20
4221;Mannen en vrouwen;Canada;Totaal in gezinsverband;2001;112;166;137;-54;-25;0;29;-29
4222;Mannen en vrouwen;Canada;Totaal in gezinsverband;2002;106;206;182;-100;-76;1;25;-24
4223;Mannen en vrouwen;Canada;Totaal in gezinsverband;2003;77;166;142;-89;-65;0;24;-24
4224;Mannen en vrouwen;Canada;Totaal in gezinsverband;2004;81;164;148;-83;-67;0;16;-16
4225;Mannen en vrouwen;Canada;Totaal in gezinsverband;2005;63;198;164;-135;-101;3;37;-34
4226;Mannen en vrouwen;Canada;Totaal in gezinsverband;2006;65;212;184;-147;-119;3;31;-28
4227;Mannen en vrouwen;Canada;Totaal in gezinsverband;2007;97;177;157;-80;-60;2;22;-20
4228;Mannen en vrouwen;Canada;Totaal in gezinsverband;2008;85;151;125;-66;-40;2;28;-26
4229;Mannen en vrouwen;Canada;Totaal in gezinsverband;2009;82;166;155;-84;-73;0;11;-11
4230;Mannen en vrouwen;Canada;Personen in echtpaar;1995;58;175;155;-117;-97;2;22;-20
4231;Mannen en vrouwen;Canada;Personen in echtpaar;1996;93;170;149;-77;-56;1;22;-21
4232;Mannen en vrouwen;Canada;Personen in echtpaar;1997;74;156;136;-82;-62;1;21;-20
4233;Mannen en vrouwen;Canada;Personen in echtpaar;1998;82;178;149;-96;-67;0;29;-29
4234;Mannen en vrouwen;Canada;Personen in echtpaar;1999;50;155;134;-105;-84;0;21;-21
4235;Mannen en vrouwen;Canada;Personen in echtpaar;2000;57;164;150;-107;-93;0;14;-14
4236;Mannen en vrouwen;Canada;Personen in echtpaar;2001;57;138;115;-81;-58;0;23;-23
4237;Mannen en vrouwen;Canada;Personen in echtpaar;2002;46;149;129;-103;-83;0;20;-20
4238;Mannen en vrouwen;Canada;Personen in echtpaar;2003;37;128;117;-91;-80;0;11;-11
4239;Mannen en vrouwen;Canada;Personen in echtpaar;2004;50;136;124;-86;-74;0;12;-12
4240;Mannen en vrouwen;Canada;Personen in echtpaar;2005;20;152;123;-132;-103;1;30;-29
4241;Mannen en vrouwen;Canada;Personen in echtpaar;2006;28;164;149;-136;-121;2;17;-15
4242;Mannen en vrouwen;Canada;Personen in echtpaar;2007;50;136;121;-86;-71;1;16;-15
4243;Mannen en vrouwen;Canada;Personen in echtpaar;2008;34;131;106;-97;-72;0;25;-25
4244;Mannen en vrouwen;Canada;Personen in echtpaar;2009;42;120;114;-78;-72;0;6;-6
4245;Mannen en vrouwen;Canada;Personen in eenoudergezin met vader;1995;0;9;8;-9;-8;0;1;-1
4246;Mannen en vrouwen;Canada;Personen in eenoudergezin met vader;1996;2;12;9;-10;-7;0;3;-3
4247;Mannen en vrouwen;Canada;Personen in eenoudergezin met vader;1997;4;6;3;-2;1;0;3;-3
4248;Mannen en vrouwen;Canada;Personen in eenoudergezin met vader;1998;6;7;5;-1;1;2;4;-2
4249;Mannen en vrouwen;Canada;Personen in eenoudergezin met vader;1999;3;3;3;0;0;0;0;0
4250;Mannen en vrouwen;Canada;Personen in eenoudergezin met vader;2000;6;2;2;4;4;0;0;0
4251;Mannen en vrouwen;Canada;Personen in eenoudergezin met vader;2001;7;2;2;5;5;0;0;0
4252;Mannen en vrouwen;Canada;Personen in eenoudergezin met vader;2002;9;3;3;6;6;0;0;0
4253;Mannen en vrouwen;Canada;Personen in eenoudergezin met vader;2003;5;3;1;2;4;0;2;-2
4254;Mannen en vrouwen;Canada;Personen in eenoudergezin met vader;2004;1;2;2;-1;-1;0;0;0
4255;Mannen en vrouwen;Canada;Personen in eenoudergezin met vader;2005;4;0;0;4;4;0;0;0
4256;Mannen en vrouwen;Canada;Personen in eenoudergezin met vader;2006;8;0;0;8;8;0;0;0
4257;Mannen en vrouwen;Canada;Personen in eenoudergezin met vader;2007;2;2;2;0;0;1;1;0
4258;Mannen en vrouwen;Canada;Personen in eenoudergezin met vader;2008;3;0;0;3;3;0;0;0
4259;Mannen en vrouwen;Canada;Personen in eenoudergezin met vader;2009;4;11;11;-7;-7;0;0;0
4260;Mannen en vrouwen;Canada;Personen in eenoudergezin met moeder;1995;45;32;25;13;20;0;7;-7
4261;Mannen en vrouwen;Canada;Personen in eenoudergezin met moeder;1996;44;27;20;17;24;0;7;-7
4262;Mannen en vrouwen;Canada;Personen in eenoudergezin met moeder;1997;43;20;15;23;28;0;5;-5
4263;Mannen en vrouwen;Canada;Personen in eenoudergezin met moeder;1998;39;34;32;5;7;1;3;-2
4264;Mannen en vrouwen;Canada;Personen in eenoudergezin met moeder;1999;20;33;25;-13;-5;0;8;-8
4265;Mannen en vrouwen;Canada;Personen in eenoudergezin met moeder;2000;52;18;16;34;36;0;2;-2
4266;Mannen en vrouwen;Canada;Personen in eenoudergezin met moeder;2001;30;21;15;9;15;0;6;-6
4267;Mannen en vrouwen;Canada;Personen in eenoudergezin met moeder;2002;36;38;36;-2;0;1;3;-2
4268;Mannen en vrouwen;Canada;Personen in eenoudergezin met moeder;2003;27;24;18;3;9;0;6;-6
4269;Mannen en vrouwen;Canada;Personen in eenoudergezin met moeder;2004;22;13;11;9;11;0;2;-2
4270;Mannen en vrouwen;Canada;Personen in eenoudergezin met moeder;2005;15;28;24;-13;-9;2;6;-4
4271;Mannen en vrouwen;Canada;Personen in eenoudergezin met moeder;2006;18;37;26;-19;-8;1;12;-11
4272;Mannen en vrouwen;Canada;Personen in eenoudergezin met moeder;2007;29;33;29;-4;0;0;4;-4
4273;Mannen en vrouwen;Canada;Personen in eenoudergezin met moeder;2008;31;16;15;15;16;2;3;-1
4274;Mannen en vrouwen;Canada;Personen in eenoudergezin met moeder;2009;30;24;19;6;11;0;5;-5
4275;Mannen en vrouwen;Canada;Personen in samenwonend paar met kin...;1995;22;0;1;22;21;1;0;1
4276;Mannen en vrouwen;Canada;Personen in samenwonend paar met kin...;1996;16;3;3;13;13;0;0;0
4277;Mannen en vrouwen;Canada;Personen in samenwonend paar met kin...;1997;10;6;6;4;4;0;0;0
4278;Mannen en vrouwen;Canada;Personen in samenwonend paar met kin...;1998;21;10;10;11;11;0;0;0
4279;Mannen en vrouwen;Canada;Personen in samenwonend paar met kin...;1999;11;9;9;2;2;0;0;0
4280;Mannen en vrouwen;Canada;Personen in samenwonend paar met kin...;2000;22;14;10;8;12;0;4;-4
4281;Mannen en vrouwen;Canada;Personen in samenwonend paar met kin...;2001;18;5;5;13;13;0;0;0
4282;Mannen en vrouwen;Canada;Personen in samenwonend paar met kin...;2002;15;16;14;-1;1;0;2;-2
4283;Mannen en vrouwen;Canada;Personen in samenwonend paar met kin...;2003;8;11;6;-3;2;0;5;-5
4284;Mannen en vrouwen;Canada;Personen in samenwonend paar met kin...;2004;8;13;11;-5;-3;0;2;-2
4285;Mannen en vrouwen;Canada;Personen in samenwonend paar met kin...;2005;24;18;17;6;7;0;1;-1
4286;Mannen en vrouwen;Canada;Personen in samenwonend paar met kin...;2006;11;11;9;0;2;0;2;-2
4287;Mannen en vrouwen;Canada;Personen in samenwonend paar met kin...;2007;16;6;5;10;11;0;1;-1
4288;Mannen en vrouwen;Canada;Personen in samenwonend paar met kin...;2008;17;4;4;13;13;0;0;0
4289;Mannen en vrouwen;Canada;Personen in samenwonend paar met kin...;2009;6;11;11;-5;-5;0;0;0
4290;Mannen en vrouwen;Canada;Alleengaanden;1995;369;220;155;149;214;8;73;-65
4291;Mannen en vrouwen;Canada;Alleengaanden;1996;546;272;157;274;389;12;127;-115
4292;Mannen en vrouwen;Canada;Alleengaanden;1997;512;245;181;267;331;13;77;-64
4293;Mannen en vrouwen;Canada;Alleengaanden;1998;524;306;202;218;322;7;111;-104
4294;Mannen en vrouwen;Canada;Alleengaanden;1999;587;297;220;290;367;25;102;-77
4295;Mannen en vrouwen;Canada;Alleengaanden;2000;613;313;209;300;404;16;120;-104
4296;Mannen en vrouwen;Canada;Alleengaanden;2001;670;318;215;352;455;9;112;-103
4297;Mannen en vrouwen;Canada;Alleengaanden;2002;590;375;235;215;355;18;158;-140
4298;Mannen en vrouwen;Canada;Alleengaanden;2003;510;405;249;105;261;19;175;-156
4299;Mannen en vrouwen;Canada;Alleengaanden;2004;484;384;232;100;252;22;174;-152
4300;Mannen en vrouwen;Canada;Alleengaanden;2005;619;411;250;208;369;26;187;-161
4301;Mannen en vrouwen;Canada;Alleengaanden;2006;616;547;279;69;337;29;297;-268
4302;Mannen en vrouwen;Canada;Alleengaanden;2007;651;502;286;149;365;31;247;-216
4303;Mannen en vrouwen;Canada;Alleengaanden;2008;826;521;277;305;549;23;267;-244
4304;Mannen en vrouwen;Canada;Alleengaanden;2009;739;626;339;113;400;34;321;-287
4305;Mannen en vrouwen;Caymaneilanden;Totaal personen;1995;0;0;0;0;0;0;0;0
4306;Mannen en vrouwen;Caymaneilanden;Totaal personen;1996;0;0;0;0;0;0;0;0
4307;Mannen en vrouwen;Caymaneilanden;Totaal personen;1997;2;0;0;2;2;0;0;0
4308;Mannen en vrouwen;Caymaneilanden;Totaal personen;1998;1;0;0;1;1;0;0;0
4309;Mannen en vrouwen;Caymaneilanden;Totaal personen;1999;0;2;0;-2;0;0;2;-2
4310;Mannen en vrouwen;Caymaneilanden;Totaal personen;2000;2;0;0;2;2;0;0;0
4311;Mannen en vrouwen;Caymaneilanden;Totaal personen;2001;1;1;1;0;0;0;0;0
4312;Mannen en vrouwen;Caymaneilanden;Totaal personen;2002;2;1;1;1;1;0;0;0
4313;Mannen en vrouwen;Caymaneilanden;Totaal personen;2003;0;0;0;0;0;0;0;0
4314;Mannen en vrouwen;Caymaneilanden;Totaal personen;2004;5;1;1;4;4;0;0;0
4315;Mannen en vrouwen;Caymaneilanden;Totaal personen;2005;0;2;1;-2;-1;0;1;-1
4316;Mannen en vrouwen;Caymaneilanden;Totaal personen;2006;3;2;3;1;0;3;2;1
4317;Mannen en vrouwen;Caymaneilanden;Totaal personen;2007;2;0;0;2;2;0;0;0
4318;Mannen en vrouwen;Caymaneilanden;Totaal personen;2008;0;2;1;-2;-1;0;1;-1
4319;Mannen en vrouwen;Caymaneilanden;Totaal personen;2009;2;1;1;1;1;1;1;0
4320;Mannen en vrouwen;Caymaneilanden;Totaal in gezinsverband;1995;0;0;0;0;0;0;0;0
4321;Mannen en vrouwen;Caymaneilanden;Totaal in gezinsverband;1996;0;0;0;0;0;0;0;0
4322;Mannen en vrouwen;Caymaneilanden;Totaal in gezinsverband;1997;0;0;0;0;0;0;0;0
4323;Mannen en vrouwen;Caymaneilanden;Totaal in gezinsverband;1998;0;0;0;0;0;0;0;0
4324;Mannen en vrouwen;Caymaneilanden;Totaal in gezinsverband;1999;0;2;0;-2;0;0;2;-2
4325;Mannen en vrouwen;Caymaneilanden;Totaal in gezinsverband;2000;0;0;0;0;0;0;0;0
4326;Mannen en vrouwen;Caymaneilanden;Totaal in gezinsverband;2001;0;0;0;0;0;0;0;0
4327;Mannen en vrouwen;Caymaneilanden;Totaal in gezinsverband;2002;1;0;0;1;1;0;0;0
4328;Mannen en vrouwen;Caymaneilanden;Totaal in gezinsverband;2003;0;0;0;0;0;0;0;0
4329;Mannen en vrouwen;Caymaneilanden;Totaal in gezinsverband;2004;1;0;0;1;1;0;0;0
4330;Mannen en vrouwen;Caymaneilanden;Totaal in gezinsverband;2005;0;1;1;-1;-1;0;0;0
4331;Mannen en vrouwen;Caymaneilanden;Totaal in gezinsverband;2006;3;3;3;0;0;1;1;0
4332;Mannen en vrouwen;Caymaneilanden;Totaal in gezinsverband;2007;1;0;0;1;1;0;0;0
4333;Mannen en vrouwen;Caymaneilanden;Totaal in gezinsverband;2008;0;0;0;0;0;0;0;0
4334;Mannen en vrouwen;Caymaneilanden;Totaal in gezinsverband;2009;1;1;1;0;0;0;0;0
4335;Mannen en vrouwen;Caymaneilanden;Personen in echtpaar;1995;0;0;0;0;0;0;0;0
4336;Mannen en vrouwen;Caymaneilanden;Personen in echtpaar;1996;0;0;0;0;0;0;0;0
4337;Mannen en vrouwen;Caymaneilanden;Personen in echtpaar;1997;0;0;0;0;0;0;0;0
4338;Mannen en vrouwen;Caymaneilanden;Personen in echtpaar;1998;0;0;0;0;0;0;0;0
4339;Mannen en vrouwen;Caymaneilanden;Personen in echtpaar;1999;0;0;0;0;0;0;0;0
4340;Mannen en vrouwen;Caymaneilanden;Personen in echtpaar;2000;0;0;0;0;0;0;0;0
4341;Mannen en vrouwen;Caymaneilanden;Personen in echtpaar;2001;0;0;0;0;0;0;0;0
4342;Mannen en vrouwen;Caymaneilanden;Personen in echtpaar;2002;0;0;0;0;0;0;0;0
4343;Mannen en vrouwen;Caymaneilanden;Personen in echtpaar;2003;0;0;0;0;0;0;0;0
4344;Mannen en vrouwen;Caymaneilanden;Personen in echtpaar;2004;1;0;0;1;1;0;0;0
4345;Mannen en vrouwen;Caymaneilanden;Personen in echtpaar;2005;0;1;1;-1;-1;0;0;0
4346;Mannen en vrouwen;Caymaneilanden;Personen in echtpaar;2006;0;3;3;-3;-3;1;1;0
4347;Mannen en vrouwen;Caymaneilanden;Personen in echtpaar;2007;0;0;0;0;0;0;0;0
4348;Mannen en vrouwen;Caymaneilanden;Personen in echtpaar;2008;0;0;0;0;0;0;0;0
4349;Mannen en vrouwen;Caymaneilanden;Personen in echtpaar;2009;1;1;1;0;0;0;0;0
4350;Mannen en vrouwen;Caymaneilanden;Personen in eenoudergezin met vader;1995;0;0;0;0;0;0;0;0
4351;Mannen en vrouwen;Caymaneilanden;Personen in eenoudergezin met vader;1996;0;0;0;0;0;0;0;0
4352;Mannen en vrouwen;Caymaneilanden;Personen in eenoudergezin met vader;1997;0;0;0;0;0;0;0;0
4353;Mannen en vrouwen;Caymaneilanden;Personen in eenoudergezin met vader;1998;0;0;0;0;0;0;0;0
4354;Mannen en vrouwen;Caymaneilanden;Personen in eenoudergezin met vader;1999;0;0;0;0;0;0;0;0
4355;Mannen en vrouwen;Caymaneilanden;Personen in eenoudergezin met vader;2000;0;0;0;0;0;0;0;0
4356;Mannen en vrouwen;Caymaneilanden;Personen in eenoudergezin met vader;2001;0;0;0;0;0;0;0;0
4357;Mannen en vrouwen;Caymaneilanden;Personen in eenoudergezin met vader;2002;0;0;0;0;0;0;0;0
4358;Mannen en vrouwen;Caymaneilanden;Personen in eenoudergezin met vader;2003;0;0;0;0;0;0;0;0
4359;Mannen en vrouwen;Caymaneilanden;Personen in eenoudergezin met vader;2004;0;0;0;0;0;0;0;0
4360;Mannen en vrouwen;Caymaneilanden;Personen in eenoudergezin met vader;2005;0;0;0;0;0;0;0;0
4361;Mannen en vrouwen;Caymaneilanden;Personen in eenoudergezin met vader;2006;0;0;0;0;0;0;0;0
4362;Mannen en vrouwen;Caymaneilanden;Personen in eenoudergezin met vader;2007;0;0;0;0;0;0;0;0
4363;Mannen en vrouwen;Caymaneilanden;Personen in eenoudergezin met vader;2008;0;0;0;0;0;0;0;0
4364;Mannen en vrouwen;Caymaneilanden;Personen in eenoudergezin met vader;2009;0;0;0;0;0;0;0;0
4365;Mannen en vrouwen;Caymaneilanden;Personen in eenoudergezin met moeder;1995;0;0;0;0;0;0;0;0
4366;Mannen en vrouwen;Caymaneilanden;Personen in eenoudergezin met moeder;1996;0;0;0;0;0;0;0;0
4367;Mannen en vrouwen;Caymaneilanden;Personen in eenoudergezin met moeder;1997;0;0;0;0;0;0;0;0
4368;Mannen en vrouwen;Caymaneilanden;Personen in eenoudergezin met moeder;1998;0;0;0;0;0;0;0;0
4369;Mannen en vrouwen;Caymaneilanden;Personen in eenoudergezin met moeder;1999;0;2;0;-2;0;0;2;-2
4370;Mannen en vrouwen;Caymaneilanden;Personen in eenoudergezin met moeder;2000;0;0;0;0;0;0;0;0
4371;Mannen en vrouwen;Caymaneilanden;Personen in eenoudergezin met moeder;2001;0;0;0;0;0;0;0;0
4372;Mannen en vrouwen;Caymaneilanden;Personen in eenoudergezin met moeder;2002;1;0;0;1;1;0;0;0
4373;Mannen en vrouwen;Caymaneilanden;Personen in eenoudergezin met moeder;2003;0;0;0;0;0;0;0;0
4374;Mannen en vrouwen;Caymaneilanden;Personen in eenoudergezin met moeder;2004;0;0;0;0;0;0;0;0
4375;Mannen en vrouwen;Caymaneilanden;Personen in eenoudergezin met moeder;2005;0;0;0;0;0;0;0;0
4376;Mannen en vrouwen;Caymaneilanden;Personen in eenoudergezin met moeder;2006;3;0;0;3;3;0;0;0
4377;Mannen en vrouwen;Caymaneilanden;Personen in eenoudergezin met moeder;2007;1;0;0;1;1;0;0;0
4378;Mannen en vrouwen;Caymaneilanden;Personen in eenoudergezin met moeder;2008;0;0;0;0;0;0;0;0
4379;Mannen en vrouwen;Caymaneilanden;Personen in eenoudergezin met moeder;2009;0;0;0;0;0;0;0;0
4380;Mannen en vrouwen;Caymaneilanden;Personen in samenwonend paar met kin...;1995;0;0;0;0;0;0;0;0
4381;Mannen en vrouwen;Caymaneilanden;Personen in samenwonend paar met kin...;1996;0;0;0;0;0;0;0;0
4382;Mannen en vrouwen;Caymaneilanden;Personen in samenwonend paar met kin...;1997;0;0;0;0;0;0;0;0
4383;Mannen en vrouwen;Caymaneilanden;Personen in samenwonend paar met kin...;1998;0;0;0;0;0;0;0;0
4384;Mannen en vrouwen;Caymaneilanden;Personen in samenwonend paar met kin...;1999;0;0;0;0;0;0;0;0
4385;Mannen en vrouwen;Caymaneilanden;Personen in samenwonend paar met kin...;2000;0;0;0;0;0;0;0;0
4386;Mannen en vrouwen;Caymaneilanden;Personen in samenwonend paar met kin...;2001;0;0;0;0;0;0;0;0
4387;Mannen en vrouwen;Caymaneilanden;Personen in samenwonend paar met kin...;2002;0;0;0;0;0;0;0;0
4388;Mannen en vrouwen;Caymaneilanden;Personen in samenwonend paar met kin...;2003;0;0;0;0;0;0;0;0
4389;Mannen en vrouwen;Caymaneilanden;Personen in samenwonend paar met kin...;2004;0;0;0;0;0;0;0;0
4390;Mannen en vrouwen;Caymaneilanden;Personen in samenwonend paar met kin...;2005;0;0;0;0;0;0;0;0
4391;Mannen en vrouwen;Caymaneilanden;Personen in samenwonend paar met kin...;2006;0;0;0;0;0;0;0;0
4392;Mannen en vrouwen;Caymaneilanden;Personen in samenwonend paar met kin...;2007;0;0;0;0;0;0;0;0
4393;Mannen en vrouwen;Caymaneilanden;Personen in samenwonend paar met kin...;2008;0;0;0;0;0;0;0;0
4394;Mannen en vrouwen;Caymaneilanden;Personen in samenwonend paar met kin...;2009;0;0;0;0;0;0;0;0
4395;Mannen en vrouwen;Caymaneilanden;Alleengaanden;1995;0;0;0;0;0;0;0;0
4396;Mannen en vrouwen;Caymaneilanden;Alleengaanden;1996;0;0;0;0;0;0;0;0
4397;Mannen en vrouwen;Caymaneilanden;Alleengaanden;1997;2;0;0;2;2;0;0;0
4398;Mannen en vrouwen;Caymaneilanden;Alleengaanden;1998;1;0;0;1;1;0;0;0
4399;Mannen en vrouwen;Caymaneilanden;Alleengaanden;1999;0;0;0;0;0;0;0;0
4400;Mannen en vrouwen;Caymaneilanden;Alleengaanden;2000;2;0;0;2;2;0;0;0
4401;Mannen en vrouwen;Caymaneilanden;Alleengaanden;2001;1;1;1;0;0;0;0;0
4402;Mannen en vrouwen;Caymaneilanden;Alleengaanden;2002;1;1;1;0;0;0;0;0
4403;Mannen en vrouwen;Caymaneilanden;Alleengaanden;2003;0;0;0;0;0;0;0;0
4404;Mannen en vrouwen;Caymaneilanden;Alleengaanden;2004;4;1;1;3;3;0;0;0
4405;Mannen en vrouwen;Caymaneilanden;Alleengaanden;2005;0;1;0;-1;0;0;1;-1
4406;Mannen en vrouwen;Caymaneilanden;Alleengaanden;2006;0;-1;0;1;0;2;1;1
4407;Mannen en vrouwen;Caymaneilanden;Alleengaanden;2007;1;0;0;1;1;0;0;0
4408;Mannen en vrouwen;Caymaneilanden;Alleengaanden;2008;0;2;1;-2;-1;0;1;-1
4409;Mannen en vrouwen;Caymaneilanden;Alleengaanden;2009;1;0;0;1;1;1;1;0
4410;Mannen en vrouwen;Centraal-Afrikaanse Republiek;Totaal personen;1995;2;0;0;2;2;0;0;0
4411;Mannen en vrouwen;Centraal-Afrikaanse Republiek;Totaal personen;1996;6;3;1;3;5;0;2;-2
4412;Mannen en vrouwen;Centraal-Afrikaanse Republiek;Totaal personen;1997;4;0;0;4;4;0;0;0
4413;Mannen en vrouwen;Centraal-Afrikaanse Republiek;Totaal personen;1998;4;0;0;4;4;0;0;0
4414;Mannen en vrouwen;Centraal-Afrikaanse Republiek;Totaal personen;1999;7;2;0;5;7;0;2;-2
4415;Mannen en vrouwen;Centraal-Afrikaanse Republiek;Totaal personen;2000;4;3;0;1;4;0;3;-3
4416;Mannen en vrouwen;Centraal-Afrikaanse Republiek;Totaal personen;2001;11;6;0;5;11;0;6;-6
4417;Mannen en vrouwen;Centraal-Afrikaanse Republiek;Totaal personen;2002;2;2;0;0;2;0;2;-2
4418;Mannen en vrouwen;Centraal-Afrikaanse Republiek;Totaal personen;2003;4;0;0;4;4;0;0;0
4419;Mannen en vrouwen;Centraal-Afrikaanse Republiek;Totaal personen;2004;3;2;0;1;3;0;2;-2
4420;Mannen en vrouwen;Centraal-Afrikaanse Republiek;Totaal personen;2005;5;1;0;4;5;1;2;-1
4421;Mannen en vrouwen;Centraal-Afrikaanse Republiek;Totaal personen;2006;7;4;5;3;2;1;0;1
4422;Mannen en vrouwen;Centraal-Afrikaanse Republiek;Totaal personen;2007;2;4;2;-2;0;1;3;-2
4423;Mannen en vrouwen;Centraal-Afrikaanse Republiek;Totaal personen;2008;1;1;0;0;1;1;2;-1
4424;Mannen en vrouwen;Centraal-Afrikaanse Republiek;Totaal personen;2009;7;1;1;6;6;1;1;0
4425;Mannen en vrouwen;Centraal-Afrikaanse Republiek;Totaal in gezinsverband;1995;0;0;0;0;0;0;0;0
4426;Mannen en vrouwen;Centraal-Afrikaanse Republiek;Totaal in gezinsverband;1996;0;1;1;-1;-1;0;0;0
4427;Mannen en vrouwen;Centraal-Afrikaanse Republiek;Totaal in gezinsverband;1997;2;0;0;2;2;0;0;0
4428;Mannen en vrouwen;Centraal-Afrikaanse Republiek;Totaal in gezinsverband;1998;0;0;0;0;0;0;0;0
4429;Mannen en vrouwen;Centraal-Afrikaanse Republiek;Totaal in gezinsverband;1999;0;0;0;0;0;0;0;0
4430;Mannen en vrouwen;Centraal-Afrikaanse Republiek;Totaal in gezinsverband;2000;0;0;0;0;0;0;0;0
4431;Mannen en vrouwen;Centraal-Afrikaanse Republiek;Totaal in gezinsverband;2001;0;0;0;0;0;0;0;0
4432;Mannen en vrouwen;Centraal-Afrikaanse Republiek;Totaal in gezinsverband;2002;2;0;0;2;2;0;0;0
4433;Mannen en vrouwen;Centraal-Afrikaanse Republiek;Totaal in gezinsverband;2003;0;0;0;0;0;0;0;0
4434;Mannen en vrouwen;Centraal-Afrikaanse Republiek;Totaal in gezinsverband;2004;0;0;0;0;0;0;0;0
4435;Mannen en vrouwen;Centraal-Afrikaanse Republiek;Totaal in gezinsverband;2005;0;0;0;0;0;0;0;0
4436;Mannen en vrouwen;Centraal-Afrikaanse Republiek;Totaal in gezinsverband;2006;0;1;1;-1;-1;0;0;0
4437;Mannen en vrouwen;Centraal-Afrikaanse Republiek;Totaal in gezinsverband;2007;0;0;0;0;0;0;0;0
4438;Mannen en vrouwen;Centraal-Afrikaanse Republiek;Totaal in gezinsverband;2008;0;0;0;0;0;0;0;0
4439;Mannen en vrouwen;Centraal-Afrikaanse Republiek;Totaal in gezinsverband;2009;3;1;1;2;2;0;0;0
4440;Mannen en vrouwen;Centraal-Afrikaanse Republiek;Personen in echtpaar;1995;0;0;0;0;0;0;0;0
4441;Mannen en vrouwen;Centraal-Afrikaanse Republiek;Personen in echtpaar;1996;0;1;1;-1;-1;0;0;0
4442;Mannen en vrouwen;Centraal-Afrikaanse Republiek;Personen in echtpaar;1997;2;0;0;2;2;0;0;0
4443;Mannen en vrouwen;Centraal-Afrikaanse Republiek;Personen in echtpaar;1998;0;0;0;0;0;0;0;0
4444;Mannen en vrouwen;Centraal-Afrikaanse Republiek;Personen in echtpaar;1999;0;0;0;0;0;0;0;0
4445;Mannen en vrouwen;Centraal-Afrikaanse Republiek;Personen in echtpaar;2000;0;0;0;0;0;0;0;0
4446;Mannen en vrouwen;Centraal-Afrikaanse Republiek;Personen in echtpaar;2001;0;0;0;0;0;0;0;0
4447;Mannen en vrouwen;Centraal-Afrikaanse Republiek;Personen in echtpaar;2002;0;0;0;0;0;0;0;0
4448;Mannen en vrouwen;Centraal-Afrikaanse Republiek;Personen in echtpaar;2003;0;0;0;0;0;0;0;0
4449;Mannen en vrouwen;Centraal-Afrikaanse Republiek;Personen in echtpaar;2004;0;0;0;0;0;0;0;0
4450;Mannen en vrouwen;Centraal-Afrikaanse Republiek;Personen in echtpaar;2005;0;0;0;0;0;0;0;0
4451;Mannen en vrouwen;Centraal-Afrikaanse Republiek;Personen in echtpaar;2006;0;1;1;-1;-1;0;0;0
4452;Mannen en vrouwen;Centraal-Afrikaanse Republiek;Personen in echtpaar;2007;0;0;0;0;0;0;0;0
4453;Mannen en vrouwen;Centraal-Afrikaanse Republiek;Personen in echtpaar;2008;0;0;0;0;0;0;0;0
4454;Mannen en vrouwen;Centraal-Afrikaanse Republiek;Personen in echtpaar;2009;0;1;1;-1;-1;0;0;0
4455;Mannen en vrouwen;Centraal-Afrikaanse Republiek;Personen in eenoudergezin met vader;1995;0;0;0;0;0;0;0;0
4456;Mannen en vrouwen;Centraal-Afrikaanse Republiek;Personen in eenoudergezin met vader;1996;0;0;0;0;0;0;0;0
4457;Mannen en vrouwen;Centraal-Afrikaanse Republiek;Personen in eenoudergezin met vader;1997;0;0;0;0;0;0;0;0
4458;Mannen en vrouwen;Centraal-Afrikaanse Republiek;Personen in eenoudergezin met vader;1998;0;0;0;0;0;0;0;0
4459;Mannen en vrouwen;Centraal-Afrikaanse Republiek;Personen in eenoudergezin met vader;1999;0;0;0;0;0;0;0;0
4460;Mannen en vrouwen;Centraal-Afrikaanse Republiek;Personen in eenoudergezin met vader;2000;0;0;0;0;0;0;0;0
4461;Mannen en vrouwen;Centraal-Afrikaanse Republiek;Personen in eenoudergezin met vader;2001;0;0;0;0;0;0;0;0
4462;Mannen en vrouwen;Centraal-Afrikaanse Republiek;Personen in eenoudergezin met vader;2002;0;0;0;0;0;0;0;0
4463;Mannen en vrouwen;Centraal-Afrikaanse Republiek;Personen in eenoudergezin met vader;2003;0;0;0;0;0;0;0;0
4464;Mannen en vrouwen;Centraal-Afrikaanse Republiek;Personen in eenoudergezin met vader;2004;0;0;0;0;0;0;0;0
4465;Mannen en vrouwen;Centraal-Afrikaanse Republiek;Personen in eenoudergezin met vader;2005;0;0;0;0;0;0;0;0
4466;Mannen en vrouwen;Centraal-Afrikaanse Republiek;Personen in eenoudergezin met vader;2006;0;0;0;0;0;0;0;0
4467;Mannen en vrouwen;Centraal-Afrikaanse Republiek;Personen in eenoudergezin met vader;2007;0;0;0;0;0;0;0;0
4468;Mannen en vrouwen;Centraal-Afrikaanse Republiek;Personen in eenoudergezin met vader;2008;0;0;0;0;0;0;0;0
4469;Mannen en vrouwen;Centraal-Afrikaanse Republiek;Personen in eenoudergezin met vader;2009;0;0;0;0;0;0;0;0
4470;Mannen en vrouwen;Centraal-Afrikaanse Republiek;Personen in eenoudergezin met moeder;1995;0;0;0;0;0;0;0;0
4471;Mannen en vrouwen;Centraal-Afrikaanse Republiek;Personen in eenoudergezin met moeder;1996;0;0;0;0;0;0;0;0
4472;Mannen en vrouwen;Centraal-Afrikaanse Republiek;Personen in eenoudergezin met moeder;1997;0;0;0;0;0;0;0;0
4473;Mannen en vrouwen;Centraal-Afrikaanse Republiek;Personen in eenoudergezin met moeder;1998;0;0;0;0;0;0;0;0
4474;Mannen en vrouwen;Centraal-Afrikaanse Republiek;Personen in eenoudergezin met moeder;1999;0;0;0;0;0;0;0;0
4475;Mannen en vrouwen;Centraal-Afrikaanse Republiek;Personen in eenoudergezin met moeder;2000;0;0;0;0;0;0;0;0
4476;Mannen en vrouwen;Centraal-Afrikaanse Republiek;Personen in eenoudergezin met moeder;2001;0;0;0;0;0;0;0;0
4477;Mannen en vrouwen;Centraal-Afrikaanse Republiek;Personen in eenoudergezin met moeder;2002;2;0;0;2;2;0;0;0
4478;Mannen en vrouwen;Centraal-Afrikaanse Republiek;Personen in eenoudergezin met moeder;2003;0;0;0;0;0;0;0;0
4479;Mannen en vrouwen;Centraal-Afrikaanse Republiek;Personen in eenoudergezin met moeder;2004;0;0;0;0;0;0;0;0
4480;Mannen en vrouwen;Centraal-Afrikaanse Republiek;Personen in eenoudergezin met moeder;2005;0;0;0;0;0;0;0;0
4481;Mannen en vrouwen;Centraal-Afrikaanse Republiek;Personen in eenoudergezin met moeder;2006;0;0;0;0;0;0;0;0
4482;Mannen en vrouwen;Centraal-Afrikaanse Republiek;Personen in eenoudergezin met moeder;2007;0;0;0;0;0;0;0;0
4483;Mannen en vrouwen;Centraal-Afrikaanse Republiek;Personen in eenoudergezin met moeder;2008;0;0;0;0;0;0;0;0
4484;Mannen en vrouwen;Centraal-Afrikaanse Republiek;Personen in eenoudergezin met moeder;2009;3;0;0;3;3;0;0;0
4485;Mannen en vrouwen;Centraal-Afrikaanse Republiek;Personen in samenwonend paar met kin...;1995;0;0;0;0;0;0;0;0
4486;Mannen en vrouwen;Centraal-Afrikaanse Republiek;Personen in samenwonend paar met kin...;1996;0;0;0;0;0;0;0;0
4487;Mannen en vrouwen;Centraal-Afrikaanse Republiek;Personen in samenwonend paar met kin...;1997;0;0;0;0;0;0;0;0
4488;Mannen en vrouwen;Centraal-Afrikaanse Republiek;Personen in samenwonend paar met kin...;1998;0;0;0;0;0;0;0;0
4489;Mannen en vrouwen;Centraal-Afrikaanse Republiek;Personen in samenwonend paar met kin...;1999;0;0;0;0;0;0;0;0
4490;Mannen en vrouwen;Centraal-Afrikaanse Republiek;Personen in samenwonend paar met kin...;2000;0;0;0;0;0;0;0;0
4491;Mannen en vrouwen;Centraal-Afrikaanse Republiek;Personen in samenwonend paar met kin...;2001;0;0;0;0;0;0;0;0
4492;Mannen en vrouwen;Centraal-Afrikaanse Republiek;Personen in samenwonend paar met kin...;2002;0;0;0;0;0;0;0;0
4493;Mannen en vrouwen;Centraal-Afrikaanse Republiek;Personen in samenwonend paar met kin...;2003;0;0;0;0;0;0;0;0
4494;Mannen en vrouwen;Centraal-Afrikaanse Republiek;Personen in samenwonend paar met kin...;2004;0;0;0;0;0;0;0;0
4495;Mannen en vrouwen;Centraal-Afrikaanse Republiek;Personen in samenwonend paar met kin...;2005;0;0;0;0;0;0;0;0
4496;Mannen en vrouwen;Centraal-Afrikaanse Republiek;Personen in samenwonend paar met kin...;2006;0;0;0;0;0;0;0;0
4497;Mannen en vrouwen;Centraal-Afrikaanse Republiek;Personen in samenwonend paar met kin...;2007;0;0;0;0;0;0;0;0
4498;Mannen en vrouwen;Centraal-Afrikaanse Republiek;Personen in samenwonend paar met kin...;2008;0;0;0;0;0;0;0;0
4499;Mannen en vrouwen;Centraal-Afrikaanse Republiek;Personen in samenwonend paar met kin...;2009;0;0;0;0;0;0;0;0
4500;Mannen en vrouwen;Centraal-Afrikaanse Republiek;Alleengaanden;1995;2;0;0;2;2;0;0;0
4501;Mannen en vrouwen;Centraal-Afrikaanse Republiek;Alleengaanden;1996;6;2;0;4;6;0;2;-2
4502;Mannen en vrouwen;Centraal-Afrikaanse Republiek;Alleengaanden;1997;2;0;0;2;2;0;0;0
4503;Mannen en vrouwen;Centraal-Afrikaanse Republiek;Alleengaanden;1998;4;0;0;4;4;0;0;0
4504;Mannen en vrouwen;Centraal-Afrikaanse Republiek;Alleengaanden;1999;7;2;0;5;7;0;2;-2
4505;Mannen en vrouwen;Centraal-Afrikaanse Republiek;Alleengaanden;2000;4;3;0;1;4;0;3;-3
4506;Mannen en vrouwen;Centraal-Afrikaanse Republiek;Alleengaanden;2001;11;6;0;5;11;0;6;-6
4507;Mannen en vrouwen;Centraal-Afrikaanse Republiek;Alleengaanden;2002;0;2;0;-2;0;0;2;-2
4508;Mannen en vrouwen;Centraal-Afrikaanse Republiek;Alleengaanden;2003;4;0;0;4;4;0;0;0
4509;Mannen en vrouwen;Centraal-Afrikaanse Republiek;Alleengaanden;2004;3;2;0;1;3;0;2;-2
4510;Mannen en vrouwen;Centraal-Afrikaanse Republiek;Alleengaanden;2005;5;1;0;4;5;1;2;-1
4511;Mannen en vrouwen;Centraal-Afrikaanse Republiek;Alleengaanden;2006;7;3;4;4;3;1;0;1
4512;Mannen en vrouwen;Centraal-Afrikaanse Republiek;Alleengaanden;2007;2;4;2;-2;0;1;3;-2
4513;Mannen en vrouwen;Centraal-Afrikaanse Republiek;Alleengaanden;2008;1;1;0;0;1;1;2;-1
4514;Mannen en vrouwen;Centraal-Afrikaanse Republiek;Alleengaanden;2009;4;0;0;4;4;1;1;0
4515;Mannen en vrouwen;Chili;Totaal personen;1995;84;105;75;-21;9;9;39;-30
4516;Mannen en vrouwen;Chili;Totaal personen;1996;79;110;66;-31;13;18;62;-44
4517;Mannen en vrouwen;Chili;Totaal personen;1997;109;93;60;16;49;14;47;-33
4518;Mannen en vrouwen;Chili;Totaal personen;1998;138;77;52;61;86;12;37;-25
4519;Mannen en vrouwen;Chili;Totaal personen;1999;152;77;50;75;102;11;38;-27
4520;Mannen en vrouwen;Chili;Totaal personen;2000;148;111;86;37;62;14;39;-25
4521;Mannen en vrouwen;Chili;Totaal personen;2001;130;69;48;61;82;8;29;-21
4522;Mannen en vrouwen;Chili;Totaal personen;2002;156;125;79;31;77;12;58;-46
4523;Mannen en vrouwen;Chili;Totaal personen;2003;144;93;67;51;77;17;43;-26
4524;Mannen en vrouwen;Chili;Totaal personen;2004;185;123;73;62;112;12;62;-50
4525;Mannen en vrouwen;Chili;Totaal personen;2005;329;188;161;141;168;23;50;-27
4526;Mannen en vrouwen;Chili;Totaal personen;2006;284;301;252;-17;32;25;74;-49
4527;Mannen en vrouwen;Chili;Totaal personen;2007;154;268;216;-114;-62;26;78;-52
4528;Mannen en vrouwen;Chili;Totaal personen;2008;140;143;100;-3;40;20;63;-43
4529;Mannen en vrouwen;Chili;Totaal personen;2009;184;162;112;22;72;19;69;-50
4530;Mannen en vrouwen;Chili;Totaal in gezinsverband;1995;28;42;34;-14;-6;0;8;-8
4531;Mannen en vrouwen;Chili;Totaal in gezinsverband;1996;11;57;37;-46;-26;0;20;-20
4532;Mannen en vrouwen;Chili;Totaal in gezinsverband;1997;14;32;20;-18;-6;0;12;-12
4533;Mannen en vrouwen;Chili;Totaal in gezinsverband;1998;30;24;21;6;9;0;3;-3
4534;Mannen en vrouwen;Chili;Totaal in gezinsverband;1999;46;24;20;22;26;1;5;-4
4535;Mannen en vrouwen;Chili;Totaal in gezinsverband;2000;27;60;47;-33;-20;0;13;-13
4536;Mannen en vrouwen;Chili;Totaal in gezinsverband;2001;27;28;21;-1;6;0;7;-7
4537;Mannen en vrouwen;Chili;Totaal in gezinsverband;2002;32;64;44;-32;-12;0;20;-20
4538;Mannen en vrouwen;Chili;Totaal in gezinsverband;2003;24;38;34;-14;-10;1;5;-4
4539;Mannen en vrouwen;Chili;Totaal in gezinsverband;2004;50;50;38;0;12;0;12;-12
4540;Mannen en vrouwen;Chili;Totaal in gezinsverband;2005;94;42;40;52;54;2;4;-2
4541;Mannen en vrouwen;Chili;Totaal in gezinsverband;2006;102;145;132;-43;-30;0;13;-13
4542;Mannen en vrouwen;Chili;Totaal in gezinsverband;2007;36;105;94;-69;-58;5;16;-11
4543;Mannen en vrouwen;Chili;Totaal in gezinsverband;2008;15;66;49;-51;-34;0;17;-17
4544;Mannen en vrouwen;Chili;Totaal in gezinsverband;2009;28;49;43;-21;-15;1;7;-6
4545;Mannen en vrouwen;Chili;Personen in echtpaar;1995;18;31;29;-13;-11;0;2;-2
4546;Mannen en vrouwen;Chili;Personen in echtpaar;1996;8;37;25;-29;-17;0;12;-12
4547;Mannen en vrouwen;Chili;Personen in echtpaar;1997;4;22;14;-18;-10;0;8;-8
4548;Mannen en vrouwen;Chili;Personen in echtpaar;1998;19;18;17;1;2;0;1;-1
4549;Mannen en vrouwen;Chili;Personen in echtpaar;1999;30;19;15;11;15;0;4;-4
4550;Mannen en vrouwen;Chili;Personen in echtpaar;2000;10;44;33;-34;-23;0;11;-11
4551;Mannen en vrouwen;Chili;Personen in echtpaar;2001;6;21;16;-15;-10;0;5;-5
4552;Mannen en vrouwen;Chili;Personen in echtpaar;2002;15;46;39;-31;-24;0;7;-7
4553;Mannen en vrouwen;Chili;Personen in echtpaar;2003;6;26;23;-20;-17;0;3;-3
4554;Mannen en vrouwen;Chili;Personen in echtpaar;2004;9;36;30;-27;-21;0;6;-6
4555;Mannen en vrouwen;Chili;Personen in echtpaar;2005;26;25;24;1;2;1;2;-1
4556;Mannen en vrouwen;Chili;Personen in echtpaar;2006;74;85;79;-11;-5;0;6;-6
4557;Mannen en vrouwen;Chili;Personen in echtpaar;2007;19;69;64;-50;-45;0;5;-5
4558;Mannen en vrouwen;Chili;Personen in echtpaar;2008;3;56;40;-53;-37;0;16;-16
4559;Mannen en vrouwen;Chili;Personen in echtpaar;2009;10;29;28;-19;-18;1;2;-1
4560;Mannen en vrouwen;Chili;Personen in eenoudergezin met vader;1995;0;0;0;0;0;0;0;0
4561;Mannen en vrouwen;Chili;Personen in eenoudergezin met vader;1996;0;5;3;-5;-3;0;2;-2
4562;Mannen en vrouwen;Chili;Personen in eenoudergezin met vader;1997;0;1;0;-1;0;0;1;-1
4563;Mannen en vrouwen;Chili;Personen in eenoudergezin met vader;1998;0;1;0;-1;0;0;1;-1
4564;Mannen en vrouwen;Chili;Personen in eenoudergezin met vader;1999;2;1;1;1;1;0;0;0
4565;Mannen en vrouwen;Chili;Personen in eenoudergezin met vader;2000;0;0;0;0;0;0;0;0
4566;Mannen en vrouwen;Chili;Personen in eenoudergezin met vader;2001;2;2;2;0;0;0;0;0
4567;Mannen en vrouwen;Chili;Personen in eenoudergezin met vader;2002;0;0;0;0;0;0;0;0
4568;Mannen en vrouwen;Chili;Personen in eenoudergezin met vader;2003;0;1;1;-1;-1;0;0;0
4569;Mannen en vrouwen;Chili;Personen in eenoudergezin met vader;2004;1;0;0;1;1;0;0;0
4570;Mannen en vrouwen;Chili;Personen in eenoudergezin met vader;2005;4;1;0;3;4;0;1;-1
4571;Mannen en vrouwen;Chili;Personen in eenoudergezin met vader;2006;0;8;7;-8;-7;0;1;-1
4572;Mannen en vrouwen;Chili;Personen in eenoudergezin met vader;2007;0;0;0;0;0;0;0;0
4573;Mannen en vrouwen;Chili;Personen in eenoudergezin met vader;2008;0;0;0;0;0;0;0;0
4574;Mannen en vrouwen;Chili;Personen in eenoudergezin met vader;2009;3;0;0;3;3;0;0;0
4575;Mannen en vrouwen;Chili;Personen in eenoudergezin met moeder;1995;9;9;5;0;4;0;4;-4
4576;Mannen en vrouwen;Chili;Personen in eenoudergezin met moeder;1996;3;13;7;-10;-4;0;6;-6
4577;Mannen en vrouwen;Chili;Personen in eenoudergezin met moeder;1997;10;9;6;1;4;0;3;-3
4578;Mannen en vrouwen;Chili;Personen in eenoudergezin met moeder;1998;10;5;4;5;6;0;1;-1
4579;Mannen en vrouwen;Chili;Personen in eenoudergezin met moeder;1999;14;4;4;10;10;1;1;0
4580;Mannen en vrouwen;Chili;Personen in eenoudergezin met moeder;2000;17;16;14;1;3;0;2;-2
4581;Mannen en vrouwen;Chili;Personen in eenoudergezin met moeder;2001;19;3;3;16;16;0;0;0
4582;Mannen en vrouwen;Chili;Personen in eenoudergezin met moeder;2002;16;16;5;0;11;0;11;-11
4583;Mannen en vrouwen;Chili;Personen in eenoudergezin met moeder;2003;17;10;9;7;8;1;2;-1
4584;Mannen en vrouwen;Chili;Personen in eenoudergezin met moeder;2004;33;12;6;21;27;0;6;-6
4585;Mannen en vrouwen;Chili;Personen in eenoudergezin met moeder;2005;56;13;13;43;43;1;1;0
4586;Mannen en vrouwen;Chili;Personen in eenoudergezin met moeder;2006;20;50;45;-30;-25;0;5;-5
4587;Mannen en vrouwen;Chili;Personen in eenoudergezin met moeder;2007;17;36;29;-19;-12;4;11;-7
4588;Mannen en vrouwen;Chili;Personen in eenoudergezin met moeder;2008;12;10;9;2;3;0;1;-1
4589;Mannen en vrouwen;Chili;Personen in eenoudergezin met moeder;2009;9;20;15;-11;-6;0;5;-5
4590;Mannen en vrouwen;Chili;Personen in samenwonend paar met kin...;1995;1;2;0;-1;1;0;2;-2
4591;Mannen en vrouwen;Chili;Personen in samenwonend paar met kin...;1996;0;2;2;-2;-2;0;0;0
4592;Mannen en vrouwen;Chili;Personen in samenwonend paar met kin...;1997;0;0;0;0;0;0;0;0
4593;Mannen en vrouwen;Chili;Personen in samenwonend paar met kin...;1998;1;0;0;1;1;0;0;0
4594;Mannen en vrouwen;Chili;Personen in samenwonend paar met kin...;1999;0;0;0;0;0;0;0;0
4595;Mannen en vrouwen;Chili;Personen in samenwonend paar met kin...;2000;0;0;0;0;0;0;0;0
4596;Mannen en vrouwen;Chili;Personen in samenwonend paar met kin...;2001;0;2;0;-2;0;0;2;-2
4597;Mannen en vrouwen;Chili;Personen in samenwonend paar met kin...;2002;1;2;0;-1;1;0;2;-2
4598;Mannen en vrouwen;Chili;Personen in samenwonend paar met kin...;2003;1;1;1;0;0;0;0;0
4599;Mannen en vrouwen;Chili;Personen in samenwonend paar met kin...;2004;7;2;2;5;5;0;0;0
4600;Mannen en vrouwen;Chili;Personen in samenwonend paar met kin...;2005;8;3;3;5;5;0;0;0
4601;Mannen en vrouwen;Chili;Personen in samenwonend paar met kin...;2006;8;2;1;6;7;0;1;-1
4602;Mannen en vrouwen;Chili;Personen in samenwonend paar met kin...;2007;0;0;1;0;-1;1;0;1
4603;Mannen en vrouwen;Chili;Personen in samenwonend paar met kin...;2008;0;0;0;0;0;0;0;0
4604;Mannen en vrouwen;Chili;Personen in samenwonend paar met kin...;2009;6;0;0;6;6;0;0;0
4605;Mannen en vrouwen;Chili;Alleengaanden;1995;56;63;41;-7;15;9;31;-22
4606;Mannen en vrouwen;Chili;Alleengaanden;1996;68;53;29;15;39;18;42;-24
4607;Mannen en vrouwen;Chili;Alleengaanden;1997;95;61;40;34;55;14;35;-21
4608;Mannen en vrouwen;Chili;Alleengaanden;1998;108;53;31;55;77;12;34;-22
4609;Mannen en vrouwen;Chili;Alleengaanden;1999;106;53;30;53;76;10;33;-23
4610;Mannen en vrouwen;Chili;Alleengaanden;2000;121;51;39;70;82;14;26;-12
4611;Mannen en vrouwen;Chili;Alleengaanden;2001;103;41;27;62;76;8;22;-14
4612;Mannen en vrouwen;Chili;Alleengaanden;2002;124;61;35;63;89;12;38;-26
4613;Mannen en vrouwen;Chili;Alleengaanden;2003;120;55;33;65;87;16;38;-22
4614;Mannen en vrouwen;Chili;Alleengaanden;2004;135;73;35;62;100;12;50;-38
4615;Mannen en vrouwen;Chili;Alleengaanden;2005;235;146;121;89;114;21;46;-25
4616;Mannen en vrouwen;Chili;Alleengaanden;2006;182;156;120;26;62;25;61;-36
4617;Mannen en vrouwen;Chili;Alleengaanden;2007;118;163;122;-45;-4;21;62;-41
4618;Mannen en vrouwen;Chili;Alleengaanden;2008;125;77;51;48;74;20;46;-26
4619;Mannen en vrouwen;Chili;Alleengaanden;2009;156;113;69;43;87;18;62;-44
4620;Mannen en vrouwen;China;Totaal personen;1995;1464;501;287;963;1177;38;252;-214
4621;Mannen en vrouwen;China;Totaal personen;1996;1516;684;352;832;1164;36;368;-332
4622;Mannen en vrouwen;China;Totaal personen;1997;1788;592;342;1196;1446;58;308;-250
4623;Mannen en vrouwen;China;Totaal personen;1998;1942;532;309;1410;1633;76;299;-223
4624;Mannen en vrouwen;China;Totaal personen;1999;1850;544;304;1306;1546;48;288;-240
4625;Mannen en vrouwen;China;Totaal personen;2000;2632;502;280;2130;2352;63;285;-222
4626;Mannen en vrouwen;China;Totaal personen;2001;3647;536;286;3111;3361;66;316;-250
4627;Mannen en vrouwen;China;Totaal personen;2002;3948;982;465;2966;3483;90;607;-517
4628;Mannen en vrouwen;China;Totaal personen;2003;4025;1238;540;2787;3485;117;815;-698
4629;Mannen en vrouwen;China;Totaal personen;2004;3522;1506;684;2016;2838;133;955;-822
4630;Mannen en vrouwen;China;Totaal personen;2005;3180;1845;711;1335;2469;184;1318;-1134
4631;Mannen en vrouwen;China;Totaal personen;2006;3053;2394;953;659;2100;197;1638;-1441
4632;Mannen en vrouwen;China;Totaal personen;2007;3667;2099;1050;1568;2617;339;1388;-1049
4633;Mannen en vrouwen;China;Totaal personen;2008;4772;1829;1035;2943;3737;583;1377;-794
4634;Mannen en vrouwen;China;Totaal personen;2009;4841;2266;1228;2575;3613;269;1307;-1038
4635;Mannen en vrouwen;China;Totaal in gezinsverband;1995;171;178;127;-7;44;3;54;-51
4636;Mannen en vrouwen;China;Totaal in gezinsverband;1996;200;202;139;-2;61;2;65;-63
4637;Mannen en vrouwen;China;Totaal in gezinsverband;1997;167;188;136;-21;31;3;55;-52
4638;Mannen en vrouwen;China;Totaal in gezinsverband;1998;145;142;113;3;32;9;38;-29
4639;Mannen en vrouwen;China;Totaal in gezinsverband;1999;120;138;100;-18;20;8;46;-38
4640;Mannen en vrouwen;China;Totaal in gezinsverband;2000;155;138;91;17;64;8;55;-47
4641;Mannen en vrouwen;China;Totaal in gezinsverband;2001;176;130;101;46;75;4;33;-29
4642;Mannen en vrouwen;China;Totaal in gezinsverband;2002;229;195;118;34;111;7;84;-77
4643;Mannen en vrouwen;China;Totaal in gezinsverband;2003;207;197;134;10;73;14;77;-63
4644;Mannen en vrouwen;China;Totaal in gezinsverband;2004;250;236;154;14;96;13;95;-82
4645;Mannen en vrouwen;China;Totaal in gezinsverband;2005;263;216;139;47;124;10;87;-77
4646;Mannen en vrouwen;China;Totaal in gezinsverband;2006;277;264;170;13;107;15;109;-94
4647;Mannen en vrouwen;China;Totaal in gezinsverband;2007;327;262;183;65;144;33;112;-79
4648;Mannen en vrouwen;China;Totaal in gezinsverband;2008;324;277;213;47;111;41;105;-64
4649;Mannen en vrouwen;China;Totaal in gezinsverband;2009;365;284;236;81;129;31;79;-48
4650;Mannen en vrouwen;China;Personen in echtpaar;1995;35;136;100;-101;-65;0;36;-36
4651;Mannen en vrouwen;China;Personen in echtpaar;1996;44;172;119;-128;-75;0;53;-53
4652;Mannen en vrouwen;China;Personen in echtpaar;1997;25;155;119;-130;-94;2;38;-36
4653;Mannen en vrouwen;China;Personen in echtpaar;1998;19;122;98;-103;-79;8;32;-24
4654;Mannen en vrouwen;China;Personen in echtpaar;1999;20;107;83;-87;-63;7;31;-24
4655;Mannen en vrouwen;China;Personen in echtpaar;2000;30;114;79;-84;-49;7;42;-35
4656;Mannen en vrouwen;China;Personen in echtpaar;2001;31;109;92;-78;-61;3;20;-17
4657;Mannen en vrouwen;China;Personen in echtpaar;2002;34;141;95;-107;-61;5;51;-46
4658;Mannen en vrouwen;China;Personen in echtpaar;2003;28;146;113;-118;-85;5;38;-33
4659;Mannen en vrouwen;China;Personen in echtpaar;2004;57;173;134;-116;-77;10;49;-39
4660;Mannen en vrouwen;China;Personen in echtpaar;2005;80;131;101;-51;-21;0;30;-30
4661;Mannen en vrouwen;China;Personen in echtpaar;2006;92;187;132;-95;-40;3;58;-55
4662;Mannen en vrouwen;China;Personen in echtpaar;2007;137;179;138;-42;-1;11;52;-41
4663;Mannen en vrouwen;China;Personen in echtpaar;2008;114;222;170;-108;-56;14;66;-52
4664;Mannen en vrouwen;China;Personen in echtpaar;2009;176;219;180;-43;-4;18;57;-39
4665;Mannen en vrouwen;China;Personen in eenoudergezin met vader;1995;8;7;6;1;2;0;1;-1
4666;Mannen en vrouwen;China;Personen in eenoudergezin met vader;1996;5;9;4;-4;1;0;5;-5
4667;Mannen en vrouwen;China;Personen in eenoudergezin met vader;1997;8;3;2;5;6;0;1;-1
4668;Mannen en vrouwen;China;Personen in eenoudergezin met vader;1998;19;5;4;14;15;1;2;-1
4669;Mannen en vrouwen;China;Personen in eenoudergezin met vader;1999;8;7;5;1;3;0;2;-2
4670;Mannen en vrouwen;China;Personen in eenoudergezin met vader;2000;18;3;2;15;16;0;1;-1
4671;Mannen en vrouwen;China;Personen in eenoudergezin met vader;2001;11;5;4;6;7;0;1;-1
4672;Mannen en vrouwen;China;Personen in eenoudergezin met vader;2002;24;12;5;12;19;0;7;-7
4673;Mannen en vrouwen;China;Personen in eenoudergezin met vader;2003;27;0;5;27;22;6;1;5
4674;Mannen en vrouwen;China;Personen in eenoudergezin met vader;2004;40;3;3;37;37;0;0;0
4675;Mannen en vrouwen;China;Personen in eenoudergezin met vader;2005;38;12;6;26;32;0;6;-6
4676;Mannen en vrouwen;China;Personen in eenoudergezin met vader;2006;22;4;3;18;19;0;1;-1
4677;Mannen en vrouwen;China;Personen in eenoudergezin met vader;2007;25;11;6;14;19;0;5;-5
4678;Mannen en vrouwen;China;Personen in eenoudergezin met vader;2008;35;11;6;24;29;0;5;-5
4679;Mannen en vrouwen;China;Personen in eenoudergezin met vader;2009;18;9;4;9;14;0;5;-5
4680;Mannen en vrouwen;China;Personen in eenoudergezin met moeder;1995;117;21;15;96;102;3;9;-6
4681;Mannen en vrouwen;China;Personen in eenoudergezin met moeder;1996;149;18;13;131;136;2;7;-5
4682;Mannen en vrouwen;China;Personen in eenoudergezin met moeder;1997;133;22;12;111;121;1;11;-10
4683;Mannen en vrouwen;China;Personen in eenoudergezin met moeder;1998;103;12;8;91;95;0;4;-4
4684;Mannen en vrouwen;China;Personen in eenoudergezin met moeder;1999;83;18;10;65;73;1;9;-8
4685;Mannen en vrouwen;China;Personen in eenoudergezin met moeder;2000;107;20;9;87;98;1;12;-11
4686;Mannen en vrouwen;China;Personen in eenoudergezin met moeder;2001;121;16;5;105;116;1;12;-11
4687;Mannen en vrouwen;China;Personen in eenoudergezin met moeder;2002;162;42;18;120;144;2;26;-24
4688;Mannen en vrouwen;China;Personen in eenoudergezin met moeder;2003;140;49;14;91;126;3;38;-35
4689;Mannen en vrouwen;China;Personen in eenoudergezin met moeder;2004;134;54;15;80;119;3;42;-39
4690;Mannen en vrouwen;China;Personen in eenoudergezin met moeder;2005;133;59;24;74;109;10;45;-35
4691;Mannen en vrouwen;China;Personen in eenoudergezin met moeder;2006;143;67;31;76;112;12;48;-36
4692;Mannen en vrouwen;China;Personen in eenoudergezin met moeder;2007;132;68;35;64;97;22;55;-33
4693;Mannen en vrouwen;China;Personen in eenoudergezin met moeder;2008;142;39;34;103;108;27;32;-5
4694;Mannen en vrouwen;China;Personen in eenoudergezin met moeder;2009;150;50;44;100;106;10;16;-6
4695;Mannen en vrouwen;China;Personen in samenwonend paar met kin...;1995;11;14;6;-3;5;0;8;-8
4696;Mannen en vrouwen;China;Personen in samenwonend paar met kin...;1996;2;3;3;-1;-1;0;0;0
4697;Mannen en vrouwen;China;Personen in samenwonend paar met kin...;1997;1;8;3;-7;-2;0;5;-5
4698;Mannen en vrouwen;China;Personen in samenwonend paar met kin...;1998;4;3;3;1;1;0;0;0
4699;Mannen en vrouwen;China;Personen in samenwonend paar met kin...;1999;9;6;2;3;7;0;4;-4
4700;Mannen en vrouwen;China;Personen in samenwonend paar met kin...;2000;0;1;1;-1;-1;0;0;0
4701;Mannen en vrouwen;China;Personen in samenwonend paar met kin...;2001;13;0;0;13;13;0;0;0
4702;Mannen en vrouwen;China;Personen in samenwonend paar met kin...;2002;9;0;0;9;9;0;0;0
4703;Mannen en vrouwen;China;Personen in samenwonend paar met kin...;2003;12;2;2;10;10;0;0;0
4704;Mannen en vrouwen;China;Personen in samenwonend paar met kin...;2004;19;6;2;13;17;0;4;-4
4705;Mannen en vrouwen;China;Personen in samenwonend paar met kin...;2005;12;14;8;-2;4;0;6;-6
4706;Mannen en vrouwen;China;Personen in samenwonend paar met kin...;2006;20;6;4;14;16;0;2;-2
4707;Mannen en vrouwen;China;Personen in samenwonend paar met kin...;2007;33;4;4;29;29;0;0;0
4708;Mannen en vrouwen;China;Personen in samenwonend paar met kin...;2008;33;5;3;28;30;0;2;-2
4709;Mannen en vrouwen;China;Personen in samenwonend paar met kin...;2009;21;6;8;15;13;3;1;2
4710;Mannen en vrouwen;China;Alleengaanden;1995;1293;323;160;970;1133;35;198;-163
4711;Mannen en vrouwen;China;Alleengaanden;1996;1316;482;213;834;1103;34;303;-269
4712;Mannen en vrouwen;China;Alleengaanden;1997;1621;404;206;1217;1415;55;253;-198
4713;Mannen en vrouwen;China;Alleengaanden;1998;1797;390;196;1407;1601;67;261;-194
4714;Mannen en vrouwen;China;Alleengaanden;1999;1730;406;204;1324;1526;40;242;-202
4715;Mannen en vrouwen;China;Alleengaanden;2000;2477;364;189;2113;2288;55;230;-175
4716;Mannen en vrouwen;China;Alleengaanden;2001;3471;406;185;3065;3286;62;283;-221
4717;Mannen en vrouwen;China;Alleengaanden;2002;3719;787;347;2932;3372;83;523;-440
4718;Mannen en vrouwen;China;Alleengaanden;2003;3818;1041;406;2777;3412;103;738;-635
4719;Mannen en vrouwen;China;Alleengaanden;2004;3272;1270;530;2002;2742;120;860;-740
4720;Mannen en vrouwen;China;Alleengaanden;2005;2917;1629;572;1288;2345;174;1231;-1057
4721;Mannen en vrouwen;China;Alleengaanden;2006;2776;2130;783;646;1993;182;1529;-1347
4722;Mannen en vrouwen;China;Alleengaanden;2007;3340;1837;867;1503;2473;306;1276;-970
4723;Mannen en vrouwen;China;Alleengaanden;2008;4448;1552;822;2896;3626;542;1272;-730
4724;Mannen en vrouwen;China;Alleengaanden;2009;4476;1982;992;2494;3484;238;1228;-990
4725;Mannen en vrouwen;Colombia;Totaal personen;1995;434;235;162;199;272;27;100;-73
4726;Mannen en vrouwen;Colombia;Totaal personen;1996;653;218;135;435;518;36;119;-83
4727;Mannen en vrouwen;Colombia;Totaal personen;1997;691;224;153;467;538;45;116;-71
4728;Mannen en vrouwen;Colombia;Totaal personen;1998;758;254;160;504;598;53;147;-94
4729;Mannen en vrouwen;Colombia;Totaal personen;1999;618;256;169;362;449;46;133;-87
4730;Mannen en vrouwen;Colombia;Totaal personen;2000;783;180;137;603;646;71;114;-43
4731;Mannen en vrouwen;Colombia;Totaal personen;2001;778;198;137;580;641;50;111;-61
4732;Mannen en vrouwen;Colombia;Totaal personen;2002;795;253;161;542;634;60;152;-92
4733;Mannen en vrouwen;Colombia;Totaal personen;2003;778;301;182;477;596;62;181;-119
4734;Mannen en vrouwen;Colombia;Totaal personen;2004;690;321;207;369;483;66;180;-114
4735;Mannen en vrouwen;Colombia;Totaal personen;2005;662;414;254;248;408;73;233;-160
4736;Mannen en vrouwen;Colombia;Totaal personen;2006;591;463;282;128;309;89;270;-181
4737;Mannen en vrouwen;Colombia;Totaal personen;2007;498;385;245;113;253;108;248;-140
4738;Mannen en vrouwen;Colombia;Totaal personen;2008;673;400;257;273;416;131;274;-143
4739;Mannen en vrouwen;Colombia;Totaal personen;2009;773;377;279;396;494;132;230;-98
4740;Mannen en vrouwen;Colombia;Totaal in gezinsverband;1995;69;94;72;-25;-3;3;25;-22
4741;Mannen en vrouwen;Colombia;Totaal in gezinsverband;1996;96;86;56;10;40;2;32;-30
4742;Mannen en vrouwen;Colombia;Totaal in gezinsverband;1997;72;82;54;-10;18;5;33;-28
4743;Mannen en vrouwen;Colombia;Totaal in gezinsverband;1998;74;74;54;0;20;6;26;-20
4744;Mannen en vrouwen;Colombia;Totaal in gezinsverband;1999;81;62;52;19;29;5;15;-10
4745;Mannen en vrouwen;Colombia;Totaal in gezinsverband;2000;117;42;36;75;81;8;14;-6
4746;Mannen en vrouwen;Colombia;Totaal in gezinsverband;2001;142;59;48;83;94;3;14;-11
4747;Mannen en vrouwen;Colombia;Totaal in gezinsverband;2002;105;75;61;30;44;3;17;-14
4748;Mannen en vrouwen;Colombia;Totaal in gezinsverband;2003;91;97;72;-6;19;3;28;-25
4749;Mannen en vrouwen;Colombia;Totaal in gezinsverband;2004;145;96;71;49;74;5;30;-25
4750;Mannen en vrouwen;Colombia;Totaal in gezinsverband;2005;159;123;94;36;65;5;34;-29
4751;Mannen en vrouwen;Colombia;Totaal in gezinsverband;2006;101;147;106;-46;-5;6;47;-41
4752;Mannen en vrouwen;Colombia;Totaal in gezinsverband;2007;81;110;72;-29;9;11;49;-38
4753;Mannen en vrouwen;Colombia;Totaal in gezinsverband;2008;77;95;73;-18;4;13;35;-22
4754;Mannen en vrouwen;Colombia;Totaal in gezinsverband;2009;98;91;70;7;28;8;29;-21
4755;Mannen en vrouwen;Colombia;Personen in echtpaar;1995;26;61;45;-35;-19;1;17;-16
4756;Mannen en vrouwen;Colombia;Personen in echtpaar;1996;26;45;38;-19;-12;0;7;-7
4757;Mannen en vrouwen;Colombia;Personen in echtpaar;1997;15;50;42;-35;-27;0;8;-8
4758;Mannen en vrouwen;Colombia;Personen in echtpaar;1998;16;34;29;-18;-13;2;7;-5
4759;Mannen en vrouwen;Colombia;Personen in echtpaar;1999;34;38;35;-4;-1;3;6;-3
4760;Mannen en vrouwen;Colombia;Personen in echtpaar;2000;29;24;26;5;3;3;1;2
4761;Mannen en vrouwen;Colombia;Personen in echtpaar;2001;27;35;32;-8;-5;0;3;-3
4762;Mannen en vrouwen;Colombia;Personen in echtpaar;2002;9;38;32;-29;-23;0;6;-6
4763;Mannen en vrouwen;Colombia;Personen in echtpaar;2003;14;55;42;-41;-28;0;13;-13
4764;Mannen en vrouwen;Colombia;Personen in echtpaar;2004;26;50;47;-24;-21;2;5;-3
4765;Mannen en vrouwen;Colombia;Personen in echtpaar;2005;37;73;63;-36;-26;2;12;-10
4766;Mannen en vrouwen;Colombia;Personen in echtpaar;2006;16;72;63;-56;-47;2;11;-9
4767;Mannen en vrouwen;Colombia;Personen in echtpaar;2007;24;50;42;-26;-18;5;13;-8
4768;Mannen en vrouwen;Colombia;Personen in echtpaar;2008;14;53;46;-39;-32;1;8;-7
4769;Mannen en vrouwen;Colombia;Personen in echtpaar;2009;20;46;37;-26;-17;0;9;-9
4770;Mannen en vrouwen;Colombia;Personen in eenoudergezin met vader;1995;2;4;4;-2;-2;0;0;0
4771;Mannen en vrouwen;Colombia;Personen in eenoudergezin met vader;1996;4;2;1;2;3;0;1;-1
4772;Mannen en vrouwen;Colombia;Personen in eenoudergezin met vader;1997;1;0;0;1;1;0;0;0
4773;Mannen en vrouwen;Colombia;Personen in eenoudergezin met vader;1998;5;6;4;-1;1;0;2;-2
4774;Mannen en vrouwen;Colombia;Personen in eenoudergezin met vader;1999;3;4;4;-1;-1;0;0;0
4775;Mannen en vrouwen;Colombia;Personen in eenoudergezin met vader;2000;1;1;1;0;0;0;0;0
4776;Mannen en vrouwen;Colombia;Personen in eenoudergezin met vader;2001;6;4;1;2;5;0;3;-3
4777;Mannen en vrouwen;Colombia;Personen in eenoudergezin met vader;2002;0;0;0;0;0;0;0;0
4778;Mannen en vrouwen;Colombia;Personen in eenoudergezin met vader;2003;1;2;2;-1;-1;0;0;0
4779;Mannen en vrouwen;Colombia;Personen in eenoudergezin met vader;2004;1;3;2;-2;-1;0;1;-1
4780;Mannen en vrouwen;Colombia;Personen in eenoudergezin met vader;2005;0;1;1;-1;-1;0;0;0
4781;Mannen en vrouwen;Colombia;Personen in eenoudergezin met vader;2006;1;6;2;-5;-1;0;4;-4
4782;Mannen en vrouwen;Colombia;Personen in eenoudergezin met vader;2007;0;9;5;-9;-5;0;4;-4
4783;Mannen en vrouwen;Colombia;Personen in eenoudergezin met vader;2008;0;2;1;-2;-1;0;1;-1
4784;Mannen en vrouwen;Colombia;Personen in eenoudergezin met vader;2009;4;5;1;-1;3;0;4;-4
4785;Mannen en vrouwen;Colombia;Personen in eenoudergezin met moeder;1995;39;27;23;12;16;2;6;-4
4786;Mannen en vrouwen;Colombia;Personen in eenoudergezin met moeder;1996;63;35;17;28;46;2;20;-18
4787;Mannen en vrouwen;Colombia;Personen in eenoudergezin met moeder;1997;49;28;11;21;38;5;22;-17
4788;Mannen en vrouwen;Colombia;Personen in eenoudergezin met moeder;1998;45;27;17;18;28;4;14;-10
4789;Mannen en vrouwen;Colombia;Personen in eenoudergezin met moeder;1999;37;14;10;23;27;2;6;-4
4790;Mannen en vrouwen;Colombia;Personen in eenoudergezin met moeder;2000;76;18;9;58;67;4;13;-9
4791;Mannen en vrouwen;Colombia;Personen in eenoudergezin met moeder;2001;95;15;11;80;84;3;7;-4
4792;Mannen en vrouwen;Colombia;Personen in eenoudergezin met moeder;2002;96;35;27;61;69;3;11;-8
4793;Mannen en vrouwen;Colombia;Personen in eenoudergezin met moeder;2003;73;29;22;44;51;3;10;-7
4794;Mannen en vrouwen;Colombia;Personen in eenoudergezin met moeder;2004;106;41;20;65;86;3;24;-21
4795;Mannen en vrouwen;Colombia;Personen in eenoudergezin met moeder;2005;85;41;27;44;58;3;17;-14
4796;Mannen en vrouwen;Colombia;Personen in eenoudergezin met moeder;2006;65;64;38;1;27;4;30;-26
4797;Mannen en vrouwen;Colombia;Personen in eenoudergezin met moeder;2007;52;43;23;9;29;5;25;-20
4798;Mannen en vrouwen;Colombia;Personen in eenoudergezin met moeder;2008;53;26;24;27;29;12;14;-2
4799;Mannen en vrouwen;Colombia;Personen in eenoudergezin met moeder;2009;73;43;32;30;41;5;16;-11
4800;Mannen en vrouwen;Colombia;Personen in samenwonend paar met kin...;1995;2;2;0;0;2;0;2;-2
4801;Mannen en vrouwen;Colombia;Personen in samenwonend paar met kin...;1996;3;4;0;-1;3;0;4;-4
4802;Mannen en vrouwen;Colombia;Personen in samenwonend paar met kin...;1997;7;4;1;3;6;0;3;-3
4803;Mannen en vrouwen;Colombia;Personen in samenwonend paar met kin...;1998;8;7;4;1;4;0;3;-3
4804;Mannen en vrouwen;Colombia;Personen in samenwonend paar met kin...;1999;7;6;3;1;4;0;3;-3
4805;Mannen en vrouwen;Colombia;Personen in samenwonend paar met kin...;2000;11;-1;0;12;11;1;0;1
4806;Mannen en vrouwen;Colombia;Personen in samenwonend paar met kin...;2001;14;5;4;9;10;0;1;-1
4807;Mannen en vrouwen;Colombia;Personen in samenwonend paar met kin...;2002;0;2;2;-2;-2;0;0;0
4808;Mannen en vrouwen;Colombia;Personen in samenwonend paar met kin...;2003;3;11;6;-8;-3;0;5;-5
4809;Mannen en vrouwen;Colombia;Personen in samenwonend paar met kin...;2004;12;2;2;10;10;0;0;0
4810;Mannen en vrouwen;Colombia;Personen in samenwonend paar met kin...;2005;37;8;3;29;34;0;5;-5
4811;Mannen en vrouwen;Colombia;Personen in samenwonend paar met kin...;2006;19;5;3;14;16;0;2;-2
4812;Mannen en vrouwen;Colombia;Personen in samenwonend paar met kin...;2007;5;8;2;-3;3;1;7;-6
4813;Mannen en vrouwen;Colombia;Personen in samenwonend paar met kin...;2008;10;14;2;-4;8;0;12;-12
4814;Mannen en vrouwen;Colombia;Personen in samenwonend paar met kin...;2009;1;-3;0;4;1;3;0;3
4815;Mannen en vrouwen;Colombia;Alleengaanden;1995;365;141;90;224;275;24;75;-51
4816;Mannen en vrouwen;Colombia;Alleengaanden;1996;557;132;79;425;478;34;87;-53
4817;Mannen en vrouwen;Colombia;Alleengaanden;1997;619;142;99;477;520;40;83;-43
4818;Mannen en vrouwen;Colombia;Alleengaanden;1998;684;180;106;504;578;47;121;-74
4819;Mannen en vrouwen;Colombia;Alleengaanden;1999;537;194;117;343;420;41;118;-77
4820;Mannen en vrouwen;Colombia;Alleengaanden;2000;666;138;101;528;565;63;100;-37
4821;Mannen en vrouwen;Colombia;Alleengaanden;2001;636;139;89;497;547;47;97;-50
4822;Mannen en vrouwen;Colombia;Alleengaanden;2002;690;178;100;512;590;57;135;-78
4823;Mannen en vrouwen;Colombia;Alleengaanden;2003;687;204;110;483;577;59;153;-94
4824;Mannen en vrouwen;Colombia;Alleengaanden;2004;545;225;136;320;409;61;150;-89
4825;Mannen en vrouwen;Colombia;Alleengaanden;2005;503;291;160;212;343;68;199;-131
4826;Mannen en vrouwen;Colombia;Alleengaanden;2006;490;316;176;174;314;83;223;-140
4827;Mannen en vrouwen;Colombia;Alleengaanden;2007;417;275;173;142;244;97;199;-102
4828;Mannen en vrouwen;Colombia;Alleengaanden;2008;596;305;184;291;412;118;239;-121
4829;Mannen en vrouwen;Colombia;Alleengaanden;2009;675;286;209;389;466;124;201;-77
4830;Mannen en vrouwen;Comoren;Totaal personen;1995;3;1;0;2;3;0;1;-1
4831;Mannen en vrouwen;Comoren;Totaal personen;1996;0;3;0;-3;0;0;3;-3
4832;Mannen en vrouwen;Comoren;Totaal personen;1997;1;2;0;-1;1;0;2;-2
4833;Mannen en vrouwen;Comoren;Totaal personen;1998;3;3;2;0;1;0;1;-1
4834;Mannen en vrouwen;Comoren;Totaal personen;1999;2;0;0;2;2;0;0;0
4835;Mannen en vrouwen;Comoren;Totaal personen;2000;0;2;1;-2;-1;0;1;-1
4836;Mannen en vrouwen;Comoren;Totaal personen;2001;3;0;0;3;3;0;0;0
4837;Mannen en vrouwen;Comoren;Totaal personen;2002;1;0;0;1;1;0;0;0
4838;Mannen en vrouwen;Comoren;Totaal personen;2003;4;5;0;-1;4;0;5;-5
4839;Mannen en vrouwen;Comoren;Totaal personen;2004;1;4;0;-3;1;0;4;-4
4840;Mannen en vrouwen;Comoren;Totaal personen;2005;1;1;0;0;1;0;1;-1
4841;Mannen en vrouwen;Comoren;Totaal personen;2006;0;5;2;-5;-2;0;3;-3
4842;Mannen en vrouwen;Comoren;Totaal personen;2007;2;0;0;2;2;1;1;0
4843;Mannen en vrouwen;Comoren;Totaal personen;2008;0;0;0;0;0;0;0;0
4844;Mannen en vrouwen;Comoren;Totaal personen;2009;2;1;0;1;2;0;1;-1
4845;Mannen en vrouwen;Comoren;Totaal in gezinsverband;1995;0;0;0;0;0;0;0;0
4846;Mannen en vrouwen;Comoren;Totaal in gezinsverband;1996;0;0;0;0;0;0;0;0
4847;Mannen en vrouwen;Comoren;Totaal in gezinsverband;1997;0;0;0;0;0;0;0;0
4848;Mannen en vrouwen;Comoren;Totaal in gezinsverband;1998;0;2;2;-2;-2;0;0;0
4849;Mannen en vrouwen;Comoren;Totaal in gezinsverband;1999;0;0;0;0;0;0;0;0
4850;Mannen en vrouwen;Comoren;Totaal in gezinsverband;2000;0;0;0;0;0;0;0;0
4851;Mannen en vrouwen;Comoren;Totaal in gezinsverband;2001;2;0;0;2;2;0;0;0
4852;Mannen en vrouwen;Comoren;Totaal in gezinsverband;2002;0;0;0;0;0;0;0;0
4853;Mannen en vrouwen;Comoren;Totaal in gezinsverband;2003;0;2;0;-2;0;0;2;-2
4854;Mannen en vrouwen;Comoren;Totaal in gezinsverband;2004;0;0;0;0;0;0;0;0
4855;Mannen en vrouwen;Comoren;Totaal in gezinsverband;2005;0;0;0;0;0;0;0;0
4856;Mannen en vrouwen;Comoren;Totaal in gezinsverband;2006;0;2;2;-2;-2;0;0;0
4857;Mannen en vrouwen;Comoren;Totaal in gezinsverband;2007;0;0;0;0;0;0;0;0
4858;Mannen en vrouwen;Comoren;Totaal in gezinsverband;2008;0;0;0;0;0;0;0;0
4859;Mannen en vrouwen;Comoren;Totaal in gezinsverband;2009;0;0;0;0;0;0;0;0
4860;Mannen en vrouwen;Comoren;Personen in echtpaar;1995;0;0;0;0;0;0;0;0
4861;Mannen en vrouwen;Comoren;Personen in echtpaar;1996;0;0;0;0;0;0;0;0
4862;Mannen en vrouwen;Comoren;Personen in echtpaar;1997;0;0;0;0;0;0;0;0
4863;Mannen en vrouwen;Comoren;Personen in echtpaar;1998;0;2;2;-2;-2;0;0;0
4864;Mannen en vrouwen;Comoren;Personen in echtpaar;1999;0;0;0;0;0;0;0;0
4865;Mannen en vrouwen;Comoren;Personen in echtpaar;2000;0;0;0;0;0;0;0;0
4866;Mannen en vrouwen;Comoren;Personen in echtpaar;2001;0;0;0;0;0;0;0;0
4867;Mannen en vrouwen;Comoren;Personen in echtpaar;2002;0;0;0;0;0;0;0;0
4868;Mannen en vrouwen;Comoren;Personen in echtpaar;2003;0;2;0;-2;0;0;2;-2
4869;Mannen en vrouwen;Comoren;Personen in echtpaar;2004;0;0;0;0;0;0;0;0
4870;Mannen en vrouwen;Comoren;Personen in echtpaar;2005;0;0;0;0;0;0;0;0
4871;Mannen en vrouwen;Comoren;Personen in echtpaar;2006;0;2;2;-2;-2;0;0;0
4872;Mannen en vrouwen;Comoren;Personen in echtpaar;2007;0;0;0;0;0;0;0;0
4873;Mannen en vrouwen;Comoren;Personen in echtpaar;2008;0;0;0;0;0;0;0;0
4874;Mannen en vrouwen;Comoren;Personen in echtpaar;2009;0;0;0;0;0;0;0;0
4875;Mannen en vrouwen;Comoren;Personen in eenoudergezin met vader;1995;0;0;0;0;0;0;0;0
4876;Mannen en vrouwen;Comoren;Personen in eenoudergezin met vader;1996;0;0;0;0;0;0;0;0
4877;Mannen en vrouwen;Comoren;Personen in eenoudergezin met vader;1997;0;0;0;0;0;0;0;0
4878;Mannen en vrouwen;Comoren;Personen in eenoudergezin met vader;1998;0;0;0;0;0;0;0;0
4879;Mannen en vrouwen;Comoren;Personen in eenoudergezin met vader;1999;0;0;0;0;0;0;0;0
4880;Mannen en vrouwen;Comoren;Personen in eenoudergezin met vader;2000;0;0;0;0;0;0;0;0
4881;Mannen en vrouwen;Comoren;Personen in eenoudergezin met vader;2001;0;0;0;0;0;0;0;0
4882;Mannen en vrouwen;Comoren;Personen in eenoudergezin met vader;2002;0;0;0;0;0;0;0;0
4883;Mannen en vrouwen;Comoren;Personen in eenoudergezin met vader;2003;0;0;0;0;0;0;0;0
4884;Mannen en vrouwen;Comoren;Personen in eenoudergezin met vader;2004;0;0;0;0;0;0;0;0
4885;Mannen en vrouwen;Comoren;Personen in eenoudergezin met vader;2005;0;0;0;0;0;0;0;0
4886;Mannen en vrouwen;Comoren;Personen in eenoudergezin met vader;2006;0;0;0;0;0;0;0;0
4887;Mannen en vrouwen;Comoren;Personen in eenoudergezin met vader;2007;0;0;0;0;0;0;0;0
4888;Mannen en vrouwen;Comoren;Personen in eenoudergezin met vader;2008;0;0;0;0;0;0;0;0
4889;Mannen en vrouwen;Comoren;Personen in eenoudergezin met vader;2009;0;0;0;0;0;0;0;0
4890;Mannen en vrouwen;Comoren;Personen in eenoudergezin met moeder;1995;0;0;0;0;0;0;0;0
4891;Mannen en vrouwen;Comoren;Personen in eenoudergezin met moeder;1996;0;0;0;0;0;0;0;0
4892;Mannen en vrouwen;Comoren;Personen in eenoudergezin met moeder;1997;0;0;0;0;0;0;0;0
4893;Mannen en vrouwen;Comoren;Personen in eenoudergezin met moeder;1998;0;0;0;0;0;0;0;0
4894;Mannen en vrouwen;Comoren;Personen in eenoudergezin met moeder;1999;0;0;0;0;0;0;0;0
4895;Mannen en vrouwen;Comoren;Personen in eenoudergezin met moeder;2000;0;0;0;0;0;0;0;0
4896;Mannen en vrouwen;Comoren;Personen in eenoudergezin met moeder;2001;0;0;0;0;0;0;0;0
4897;Mannen en vrouwen;Comoren;Personen in eenoudergezin met moeder;2002;0;0;0;0;0;0;0;0
4898;Mannen en vrouwen;Comoren;Personen in eenoudergezin met moeder;2003;0;0;0;0;0;0;0;0
4899;Mannen en vrouwen;Comoren;Personen in eenoudergezin met moeder;2004;0;0;0;0;0;0;0;0
4900;Mannen en vrouwen;Comoren;Personen in eenoudergezin met moeder;2005;0;0;0;0;0;0;0;0
4901;Mannen en vrouwen;Comoren;Personen in eenoudergezin met moeder;2006;0;0;0;0;0;0;0;0
4902;Mannen en vrouwen;Comoren;Personen in eenoudergezin met moeder;2007;0;0;0;0;0;0;0;0
4903;Mannen en vrouwen;Comoren;Personen in eenoudergezin met moeder;2008;0;0;0;0;0;0;0;0
4904;Mannen en vrouwen;Comoren;Personen in eenoudergezin met moeder;2009;0;0;0;0;0;0;0;0
4905;Mannen en vrouwen;Comoren;Personen in samenwonend paar met kin...;1995;0;0;0;0;0;0;0;0
4906;Mannen en vrouwen;Comoren;Personen in samenwonend paar met kin...;1996;0;0;0;0;0;0;0;0
4907;Mannen en vrouwen;Comoren;Personen in samenwonend paar met kin...;1997;0;0;0;0;0;0;0;0
4908;Mannen en vrouwen;Comoren;Personen in samenwonend paar met kin...;1998;0;0;0;0;0;0;0;0
4909;Mannen en vrouwen;Comoren;Personen in samenwonend paar met kin...;1999;0;0;0;0;0;0;0;0
4910;Mannen en vrouwen;Comoren;Personen in samenwonend paar met kin...;2000;0;0;0;0;0;0;0;0
4911;Mannen en vrouwen;Comoren;Personen in samenwonend paar met kin...;2001;2;0;0;2;2;0;0;0
4912;Mannen en vrouwen;Comoren;Personen in samenwonend paar met kin...;2002;0;0;0;0;0;0;0;0
4913;Mannen en vrouwen;Comoren;Personen in samenwonend paar met kin...;2003;0;0;0;0;0;0;0;0
4914;Mannen en vrouwen;Comoren;Personen in samenwonend paar met kin...;2004;0;0;0;0;0;0;0;0
4915;Mannen en vrouwen;Comoren;Personen in samenwonend paar met kin...;2005;0;0;0;0;0;0;0;0
4916;Mannen en vrouwen;Comoren;Personen in samenwonend paar met kin...;2006;0;0;0;0;0;0;0;0
4917;Mannen en vrouwen;Comoren;Personen in samenwonend paar met kin...;2007;0;0;0;0;0;0;0;0
4918;Mannen en vrouwen;Comoren;Personen in samenwonend paar met kin...;2008;0;0;0;0;0;0;0;0
4919;Mannen en vrouwen;Comoren;Personen in samenwonend paar met kin...;2009;0;0;0;0;0;0;0;0
4920;Mannen en vrouwen;Comoren;Alleengaanden;1995;3;1;0;2;3;0;1;-1
4921;Mannen en vrouwen;Comoren;Alleengaanden;1996;0;3;0;-3;0;0;3;-3
4922;Mannen en vrouwen;Comoren;Alleengaanden;1997;1;2;0;-1;1;0;2;-2
4923;Mannen en vrouwen;Comoren;Alleengaanden;1998;3;1;0;2;3;0;1;-1
4924;Mannen en vrouwen;Comoren;Alleengaanden;1999;2;0;0;2;2;0;0;0
4925;Mannen en vrouwen;Comoren;Alleengaanden;2000;0;2;1;-2;-1;0;1;-1
4926;Mannen en vrouwen;Comoren;Alleengaanden;2001;1;0;0;1;1;0;0;0
4927;Mannen en vrouwen;Comoren;Alleengaanden;2002;1;0;0;1;1;0;0;0
4928;Mannen en vrouwen;Comoren;Alleengaanden;2003;4;3;0;1;4;0;3;-3
4929;Mannen en vrouwen;Comoren;Alleengaanden;2004;1;4;0;-3;1;0;4;-4
4930;Mannen en vrouwen;Comoren;Alleengaanden;2005;1;1;0;0;1;0;1;-1
4931;Mannen en vrouwen;Comoren;Alleengaanden;2006;0;3;0;-3;0;0;3;-3
4932;Mannen en vrouwen;Comoren;Alleengaanden;2007;2;0;0;2;2;1;1;0
4933;Mannen en vrouwen;Comoren;Alleengaanden;2008;0;0;0;0;0;0;0;0
4934;Mannen en vrouwen;Comoren;Alleengaanden;2009;2;1;0;1;2;0;1;-1
4935;Mannen en vrouwen;Congo;Totaal personen;1995;74;25;7;49;67;1;19;-18
4936;Mannen en vrouwen;Congo;Totaal personen;1996;41;54;10;-13;31;2;46;-44
4937;Mannen en vrouwen;Congo;Totaal personen;1997;45;35;3;10;42;7;39;-32
4938;Mannen en vrouwen;Congo;Totaal personen;1998;60;23;3;37;57;11;31;-20
4939;Mannen en vrouwen;Congo;Totaal personen;1999;94;16;4;78;90;2;14;-12
4940;Mannen en vrouwen;Congo;Totaal personen;2000;216;16;3;200;213;9;22;-13
4941;Mannen en vrouwen;Congo;Totaal personen;2001;288;35;7;253;281;8;36;-28
4942;Mannen en vrouwen;Congo;Totaal personen;2002;202;92;10;110;192;13;95;-82
4943;Mannen en vrouwen;Congo;Totaal personen;2003;107;110;16;-3;91;15;109;-94
4944;Mannen en vrouwen;Congo;Totaal personen;2004;54;108;18;-54;36;22;112;-90
4945;Mannen en vrouwen;Congo;Totaal personen;2005;78;107;12;-29;66;11;106;-95
4946;Mannen en vrouwen;Congo;Totaal personen;2006;71;94;30;-23;41;17;81;-64
4947;Mannen en vrouwen;Congo;Totaal personen;2007;50;57;18;-7;32;19;58;-39
4948;Mannen en vrouwen;Congo;Totaal personen;2008;60;42;20;18;40;33;55;-22
4949;Mannen en vrouwen;Congo;Totaal personen;2009;67;28;30;39;37;23;21;2
4950;Mannen en vrouwen;Congo;Totaal in gezinsverband;1995;8;5;1;3;7;0;4;-4
4951;Mannen en vrouwen;Congo;Totaal in gezinsverband;1996;2;12;3;-10;-1;0;9;-9
4952;Mannen en vrouwen;Congo;Totaal in gezinsverband;1997;7;4;2;3;5;2;4;-2
4953;Mannen en vrouwen;Congo;Totaal in gezinsverband;1998;6;8;2;-2;4;0;6;-6
4954;Mannen en vrouwen;Congo;Totaal in gezinsverband;1999;2;3;1;-1;1;0;2;-2
4955;Mannen en vrouwen;Congo;Totaal in gezinsverband;2000;17;3;1;14;16;0;2;-2
4956;Mannen en vrouwen;Congo;Totaal in gezinsverband;2001;36;6;2;30;34;0;4;-4
4957;Mannen en vrouwen;Congo;Totaal in gezinsverband;2002;29;9;2;20;27;1;8;-7
4958;Mannen en vrouwen;Congo;Totaal in gezinsverband;2003;18;28;8;-10;10;0;20;-20
4959;Mannen en vrouwen;Congo;Totaal in gezinsverband;2004;10;23;8;-13;2;2;17;-15
4960;Mannen en vrouwen;Congo;Totaal in gezinsverband;2005;37;25;4;12;33;1;22;-21
4961;Mannen en vrouwen;Congo;Totaal in gezinsverband;2006;14;30;18;-16;-4;5;17;-12
4962;Mannen en vrouwen;Congo;Totaal in gezinsverband;2007;8;14;5;-6;3;3;12;-9
4963;Mannen en vrouwen;Congo;Totaal in gezinsverband;2008;5;23;14;-18;-9;2;11;-9
4964;Mannen en vrouwen;Congo;Totaal in gezinsverband;2009;2;15;12;-13;-10;3;6;-3
4965;Mannen en vrouwen;Congo;Personen in echtpaar;1995;5;4;1;1;4;0;3;-3
4966;Mannen en vrouwen;Congo;Personen in echtpaar;1996;2;8;1;-6;1;0;7;-7
4967;Mannen en vrouwen;Congo;Personen in echtpaar;1997;5;4;2;1;3;0;2;-2
4968;Mannen en vrouwen;Congo;Personen in echtpaar;1998;2;7;1;-5;1;0;6;-6
4969;Mannen en vrouwen;Congo;Personen in echtpaar;1999;0;1;1;-1;-1;0;0;0
4970;Mannen en vrouwen;Congo;Personen in echtpaar;2000;7;1;1;6;6;0;0;0
4971;Mannen en vrouwen;Congo;Personen in echtpaar;2001;8;1;1;7;7;0;0;0
4972;Mannen en vrouwen;Congo;Personen in echtpaar;2002;7;6;1;1;6;0;5;-5
4973;Mannen en vrouwen;Congo;Personen in echtpaar;2003;1;13;7;-12;-6;0;6;-6
4974;Mannen en vrouwen;Congo;Personen in echtpaar;2004;2;7;6;-5;-4;0;1;-1
4975;Mannen en vrouwen;Congo;Personen in echtpaar;2005;17;10;1;7;16;0;9;-9
4976;Mannen en vrouwen;Congo;Personen in echtpaar;2006;2;8;9;-6;-7;5;4;1
4977;Mannen en vrouwen;Congo;Personen in echtpaar;2007;0;8;2;-8;-2;0;6;-6
4978;Mannen en vrouwen;Congo;Personen in echtpaar;2008;0;15;10;-15;-10;0;5;-5
4979;Mannen en vrouwen;Congo;Personen in echtpaar;2009;0;6;7;-6;-7;3;2;1
4980;Mannen en vrouwen;Congo;Personen in eenoudergezin met vader;1995;1;0;0;1;1;0;0;0
4981;Mannen en vrouwen;Congo;Personen in eenoudergezin met vader;1996;0;0;0;0;0;0;0;0
4982;Mannen en vrouwen;Congo;Personen in eenoudergezin met vader;1997;0;-1;0;1;0;1;0;1
4983;Mannen en vrouwen;Congo;Personen in eenoudergezin met vader;1998;1;0;0;1;1;0;0;0
4984;Mannen en vrouwen;Congo;Personen in eenoudergezin met vader;1999;0;0;0;0;0;0;0;0
4985;Mannen en vrouwen;Congo;Personen in eenoudergezin met vader;2000;2;1;0;1;2;0;1;-1
4986;Mannen en vrouwen;Congo;Personen in eenoudergezin met vader;2001;3;0;0;3;3;0;0;0
4987;Mannen en vrouwen;Congo;Personen in eenoudergezin met vader;2002;0;1;0;-1;0;0;1;-1
4988;Mannen en vrouwen;Congo;Personen in eenoudergezin met vader;2003;4;0;0;4;4;0;0;0
4989;Mannen en vrouwen;Congo;Personen in eenoudergezin met vader;2004;0;1;0;-1;0;0;1;-1
4990;Mannen en vrouwen;Congo;Personen in eenoudergezin met vader;2005;0;0;0;0;0;0;0;0
4991;Mannen en vrouwen;Congo;Personen in eenoudergezin met vader;2006;0;3;1;-3;-1;0;2;-2
4992;Mannen en vrouwen;Congo;Personen in eenoudergezin met vader;2007;3;2;2;1;1;0;0;0
4993;Mannen en vrouwen;Congo;Personen in eenoudergezin met vader;2008;0;2;1;-2;-1;0;1;-1
4994;Mannen en vrouwen;Congo;Personen in eenoudergezin met vader;2009;0;0;0;0;0;0;0;0
4995;Mannen en vrouwen;Congo;Personen in eenoudergezin met moeder;1995;0;1;0;-1;0;0;1;-1
4996;Mannen en vrouwen;Congo;Personen in eenoudergezin met moeder;1996;0;4;2;-4;-2;0;2;-2
4997;Mannen en vrouwen;Congo;Personen in eenoudergezin met moeder;1997;0;0;0;0;0;1;1;0
4998;Mannen en vrouwen;Congo;Personen in eenoudergezin met moeder;1998;3;1;1;2;2;0;0;0
4999;Mannen en vrouwen;Congo;Personen in eenoudergezin met moeder;1999;2;2;0;0;2;0;2;-2
5000;Mannen en vrouwen;Congo;Personen in eenoudergezin met moeder;2000;7;1;0;6;7;0;1;-1
5001;Mannen en vrouwen;Congo;Personen in eenoudergezin met moeder;2001;14;5;1;9;13;0;4;-4
5002;Mannen en vrouwen;Congo;Personen in eenoudergezin met moeder;2002;22;1;0;21;22;1;2;-1
5003;Mannen en vrouwen;Congo;Personen in eenoudergezin met moeder;2003;9;11;1;-2;8;0;10;-10
5004;Mannen en vrouwen;Congo;Personen in eenoudergezin met moeder;2004;8;15;2;-7;6;2;15;-13
5005;Mannen en vrouwen;Congo;Personen in eenoudergezin met moeder;2005;20;12;1;8;19;1;12;-11
5006;Mannen en vrouwen;Congo;Personen in eenoudergezin met moeder;2006;10;16;6;-6;4;0;10;-10
5007;Mannen en vrouwen;Congo;Personen in eenoudergezin met moeder;2007;2;2;0;0;2;3;5;-2
5008;Mannen en vrouwen;Congo;Personen in eenoudergezin met moeder;2008;5;6;3;-1;2;2;5;-3
5009;Mannen en vrouwen;Congo;Personen in eenoudergezin met moeder;2009;2;7;3;-5;-1;0;4;-4
5010;Mannen en vrouwen;Congo;Personen in samenwonend paar met kin...;1995;2;0;0;2;2;0;0;0
5011;Mannen en vrouwen;Congo;Personen in samenwonend paar met kin...;1996;0;0;0;0;0;0;0;0
5012;Mannen en vrouwen;Congo;Personen in samenwonend paar met kin...;1997;2;1;0;1;2;0;1;-1
5013;Mannen en vrouwen;Congo;Personen in samenwonend paar met kin...;1998;0;0;0;0;0;0;0;0
5014;Mannen en vrouwen;Congo;Personen in samenwonend paar met kin...;1999;0;0;0;0;0;0;0;0
5015;Mannen en vrouwen;Congo;Personen in samenwonend paar met kin...;2000;1;0;0;1;1;0;0;0
5016;Mannen en vrouwen;Congo;Personen in samenwonend paar met kin...;2001;11;0;0;11;11;0;0;0
5017;Mannen en vrouwen;Congo;Personen in samenwonend paar met kin...;2002;0;1;1;-1;-1;0;0;0
5018;Mannen en vrouwen;Congo;Personen in samenwonend paar met kin...;2003;4;4;0;0;4;0;4;-4
5019;Mannen en vrouwen;Congo;Personen in samenwonend paar met kin...;2004;0;0;0;0;0;0;0;0
5020;Mannen en vrouwen;Congo;Personen in samenwonend paar met kin...;2005;0;3;2;-3;-2;0;1;-1
5021;Mannen en vrouwen;Congo;Personen in samenwonend paar met kin...;2006;2;3;2;-1;0;0;1;-1
5022;Mannen en vrouwen;Congo;Personen in samenwonend paar met kin...;2007;3;2;1;1;2;0;1;-1
5023;Mannen en vrouwen;Congo;Personen in samenwonend paar met kin...;2008;0;0;0;0;0;0;0;0
5024;Mannen en vrouwen;Congo;Personen in samenwonend paar met kin...;2009;0;2;2;-2;-2;0;0;0
5025;Mannen en vrouwen;Congo;Alleengaanden;1995;66;20;6;46;60;1;15;-14
5026;Mannen en vrouwen;Congo;Alleengaanden;1996;39;42;7;-3;32;2;37;-35
5027;Mannen en vrouwen;Congo;Alleengaanden;1997;38;31;1;7;37;5;35;-30
5028;Mannen en vrouwen;Congo;Alleengaanden;1998;54;15;1;39;53;11;25;-14
5029;Mannen en vrouwen;Congo;Alleengaanden;1999;92;13;3;79;89;2;12;-10
5030;Mannen en vrouwen;Congo;Alleengaanden;2000;199;13;2;186;197;9;20;-11
5031;Mannen en vrouwen;Congo;Alleengaanden;2001;252;29;5;223;247;8;32;-24
5032;Mannen en vrouwen;Congo;Alleengaanden;2002;173;83;8;90;165;12;87;-75
5033;Mannen en vrouwen;Congo;Alleengaanden;2003;89;82;8;7;81;15;89;-74
5034;Mannen en vrouwen;Congo;Alleengaanden;2004;44;85;10;-41;34;20;95;-75
5035;Mannen en vrouwen;Congo;Alleengaanden;2005;41;82;8;-41;33;10;84;-74
5036;Mannen en vrouwen;Congo;Alleengaanden;2006;57;64;12;-7;45;12;64;-52
5037;Mannen en vrouwen;Congo;Alleengaanden;2007;42;43;13;-1;29;16;46;-30
5038;Mannen en vrouwen;Congo;Alleengaanden;2008;55;19;6;36;49;31;44;-13
5039;Mannen en vrouwen;Congo;Alleengaanden;2009;65;13;18;52;47;20;15;5
5040;Mannen en vrouwen;Congo (Democratische Republiek);Totaal personen;1995;1039;209;58;830;981;22;173;-151
5041;Mannen en vrouwen;Congo (Democratische Republiek);Totaal personen;1996;531;429;63;102;468;26;392;-366
5042;Mannen en vrouwen;Congo (Democratische Republiek);Totaal personen;1997;415;215;52;200;363;25;188;-163
5043;Mannen en vrouwen;Congo (Democratische Republiek);Totaal personen;1998;381;153;49;228;332;39;143;-104
5044;Mannen en vrouwen;Congo (Democratische Republiek);Totaal personen;1999;416;107;35;309;381;37;109;-72
5045;Mannen en vrouwen;Congo (Democratische Republiek);Totaal personen;2000;587;108;27;479;560;36;117;-81
5046;Mannen en vrouwen;Congo (Democratische Republiek);Totaal personen;2001;702;139;33;563;669;58;164;-106
5047;Mannen en vrouwen;Congo (Democratische Republiek);Totaal personen;2002;646;296;54;350;592;60;302;-242
5048;Mannen en vrouwen;Congo (Democratische Republiek);Totaal personen;2003;400;418;68;-18;332;94;444;-350
5049;Mannen en vrouwen;Congo (Democratische Republiek);Totaal personen;2004;228;502;101;-274;127;93;494;-401
5050;Mannen en vrouwen;Congo (Democratische Republiek);Totaal personen;2005;261;542;147;-281;114;91;486;-395
5051;Mannen en vrouwen;Congo (Democratische Republiek);Totaal personen;2006;200;558;200;-358;0;97;455;-358
5052;Mannen en vrouwen;Congo (Democratische Republiek);Totaal personen;2007;163;299;146;-136;17;131;284;-153
5053;Mannen en vrouwen;Congo (Democratische Republiek);Totaal personen;2008;169;188;150;-19;19;214;252;-38
5054;Mannen en vrouwen;Congo (Democratische Republiek);Totaal personen;2009;207;196;147;11;60;153;202;-49
5055;Mannen en vrouwen;Congo (Democratische Republiek);Totaal in gezinsverband;1995;158;74;21;84;137;0;53;-53
5056;Mannen en vrouwen;Congo (Democratische Republiek);Totaal in gezinsverband;1996;57;100;17;-43;40;8;91;-83
5057;Mannen en vrouwen;Congo (Democratische Republiek);Totaal in gezinsverband;1997;73;45;18;28;55;3;30;-27
5058;Mannen en vrouwen;Congo (Democratische Republiek);Totaal in gezinsverband;1998;73;42;20;31;53;4;26;-22
5059;Mannen en vrouwen;Congo (Democratische Republiek);Totaal in gezinsverband;1999;74;30;12;44;62;2;20;-18
5060;Mannen en vrouwen;Congo (Democratische Republiek);Totaal in gezinsverband;2000;121;15;8;106;113;3;10;-7
5061;Mannen en vrouwen;Congo (Democratische Republiek);Totaal in gezinsverband;2001;85;47;10;38;75;1;38;-37
5062;Mannen en vrouwen;Congo (Democratische Republiek);Totaal in gezinsverband;2002;95;72;27;23;68;6;51;-45
5063;Mannen en vrouwen;Congo (Democratische Republiek);Totaal in gezinsverband;2003;47;123;34;-76;13;6;95;-89
5064;Mannen en vrouwen;Congo (Democratische Republiek);Totaal in gezinsverband;2004;39;143;56;-104;-17;8;95;-87
5065;Mannen en vrouwen;Congo (Democratische Republiek);Totaal in gezinsverband;2005;98;180;81;-82;17;8;107;-99
5066;Mannen en vrouwen;Congo (Democratische Republiek);Totaal in gezinsverband;2006;60;235;123;-175;-63;8;120;-112
5067;Mannen en vrouwen;Congo (Democratische Republiek);Totaal in gezinsverband;2007;47;113;69;-66;-22;7;51;-44
5068;Mannen en vrouwen;Congo (Democratische Republiek);Totaal in gezinsverband;2008;37;96;68;-59;-31;23;51;-28
5069;Mannen en vrouwen;Congo (Democratische Republiek);Totaal in gezinsverband;2009;49;98;75;-49;-26;4;27;-23
5070;Mannen en vrouwen;Congo (Democratische Republiek);Personen in echtpaar;1995;81;29;10;52;71;0;19;-19
5071;Mannen en vrouwen;Congo (Democratische Republiek);Personen in echtpaar;1996;31;51;5;-20;26;2;48;-46
5072;Mannen en vrouwen;Congo (Democratische Republiek);Personen in echtpaar;1997;24;20;13;4;11;2;9;-7
5073;Mannen en vrouwen;Congo (Democratische Republiek);Personen in echtpaar;1998;25;28;10;-3;15;2;20;-18
5074;Mannen en vrouwen;Congo (Democratische Republiek);Personen in echtpaar;1999;20;15;5;5;15;0;10;-10
5075;Mannen en vrouwen;Congo (Democratische Republiek);Personen in echtpaar;2000;40;5;6;35;34;3;2;1
5076;Mannen en vrouwen;Congo (Democratische Republiek);Personen in echtpaar;2001;10;21;7;-11;3;0;14;-14
5077;Mannen en vrouwen;Congo (Democratische Republiek);Personen in echtpaar;2002;24;35;9;-11;15;1;27;-26
5078;Mannen en vrouwen;Congo (Democratische Republiek);Personen in echtpaar;2003;5;50;22;-45;-17;3;31;-28
5079;Mannen en vrouwen;Congo (Democratische Republiek);Personen in echtpaar;2004;14;59;30;-45;-16;2;31;-29
5080;Mannen en vrouwen;Congo (Democratische Republiek);Personen in echtpaar;2005;34;80;39;-46;-5;1;42;-41
5081;Mannen en vrouwen;Congo (Democratische Republiek);Personen in echtpaar;2006;29;119;79;-90;-50;0;40;-40
5082;Mannen en vrouwen;Congo (Democratische Republiek);Personen in echtpaar;2007;17;42;31;-25;-14;2;13;-11
5083;Mannen en vrouwen;Congo (Democratische Republiek);Personen in echtpaar;2008;11;51;41;-40;-30;7;17;-10
5084;Mannen en vrouwen;Congo (Democratische Republiek);Personen in echtpaar;2009;7;40;32;-33;-25;0;8;-8
5085;Mannen en vrouwen;Congo (Democratische Republiek);Personen in eenoudergezin met vader;1995;15;9;0;6;15;0;9;-9
5086;Mannen en vrouwen;Congo (Democratische Republiek);Personen in eenoudergezin met vader;1996;9;9;5;0;4;0;4;-4
5087;Mannen en vrouwen;Congo (Democratische Republiek);Personen in eenoudergezin met vader;1997;6;6;0;0;6;0;6;-6
5088;Mannen en vrouwen;Congo (Democratische Republiek);Personen in eenoudergezin met vader;1998;1;0;0;1;1;0;0;0
5089;Mannen en vrouwen;Congo (Democratische Republiek);Personen in eenoudergezin met vader;1999;0;-2;0;2;0;2;0;2
5090;Mannen en vrouwen;Congo (Democratische Republiek);Personen in eenoudergezin met vader;2000;4;5;0;-1;4;0;5;-5
5091;Mannen en vrouwen;Congo (Democratische Republiek);Personen in eenoudergezin met vader;2001;7;3;0;4;7;0;3;-3
5092;Mannen en vrouwen;Congo (Democratische Republiek);Personen in eenoudergezin met vader;2002;3;7;7;-4;-4;0;0;0
5093;Mannen en vrouwen;Congo (Democratische Republiek);Personen in eenoudergezin met vader;2003;11;3;1;8;10;0;2;-2
5094;Mannen en vrouwen;Congo (Democratische Republiek);Personen in eenoudergezin met vader;2004;2;9;3;-7;-1;0;6;-6
5095;Mannen en vrouwen;Congo (Democratische Republiek);Personen in eenoudergezin met vader;2005;7;7;2;0;5;2;7;-5
5096;Mannen en vrouwen;Congo (Democratische Republiek);Personen in eenoudergezin met vader;2006;4;24;13;-20;-9;0;11;-11
5097;Mannen en vrouwen;Congo (Democratische Republiek);Personen in eenoudergezin met vader;2007;5;12;5;-7;0;0;7;-7
5098;Mannen en vrouwen;Congo (Democratische Republiek);Personen in eenoudergezin met vader;2008;0;7;4;-7;-4;2;5;-3
5099;Mannen en vrouwen;Congo (Democratische Republiek);Personen in eenoudergezin met vader;2009;1;0;0;1;1;0;0;0
5100;Mannen en vrouwen;Congo (Democratische Republiek);Personen in eenoudergezin met moeder;1995;34;25;10;9;24;0;15;-15
5101;Mannen en vrouwen;Congo (Democratische Republiek);Personen in eenoudergezin met moeder;1996;17;37;7;-20;10;3;33;-30
5102;Mannen en vrouwen;Congo (Democratische Republiek);Personen in eenoudergezin met moeder;1997;32;17;5;15;27;1;13;-12
5103;Mannen en vrouwen;Congo (Democratische Republiek);Personen in eenoudergezin met moeder;1998;44;11;9;33;35;2;4;-2
5104;Mannen en vrouwen;Congo (Democratische Republiek);Personen in eenoudergezin met moeder;1999;47;11;5;36;42;0;6;-6
5105;Mannen en vrouwen;Congo (Democratische Republiek);Personen in eenoudergezin met moeder;2000;73;4;1;69;72;0;3;-3
5106;Mannen en vrouwen;Congo (Democratische Republiek);Personen in eenoudergezin met moeder;2001;46;19;3;27;43;1;17;-16
5107;Mannen en vrouwen;Congo (Democratische Republiek);Personen in eenoudergezin met moeder;2002;64;27;9;37;55;4;22;-18
5108;Mannen en vrouwen;Congo (Democratische Republiek);Personen in eenoudergezin met moeder;2003;30;65;10;-35;20;3;58;-55
5109;Mannen en vrouwen;Congo (Democratische Republiek);Personen in eenoudergezin met moeder;2004;23;67;19;-44;4;6;54;-48
5110;Mannen en vrouwen;Congo (Democratische Republiek);Personen in eenoudergezin met moeder;2005;44;72;30;-28;14;5;47;-42
5111;Mannen en vrouwen;Congo (Democratische Republiek);Personen in eenoudergezin met moeder;2006;27;73;23;-46;4;8;58;-50
5112;Mannen en vrouwen;Congo (Democratische Republiek);Personen in eenoudergezin met moeder;2007;23;51;26;-28;-3;5;30;-25
5113;Mannen en vrouwen;Congo (Democratische Republiek);Personen in eenoudergezin met moeder;2008;26;31;21;-5;5;14;24;-10
5114;Mannen en vrouwen;Congo (Democratische Republiek);Personen in eenoudergezin met moeder;2009;41;46;35;-5;6;4;15;-11
5115;Mannen en vrouwen;Congo (Democratische Republiek);Personen in samenwonend paar met kin...;1995;28;11;1;17;27;0;10;-10
5116;Mannen en vrouwen;Congo (Democratische Republiek);Personen in samenwonend paar met kin...;1996;0;3;0;-3;0;3;6;-3
5117;Mannen en vrouwen;Congo (Democratische Republiek);Personen in samenwonend paar met kin...;1997;11;2;0;9;11;0;2;-2
5118;Mannen en vrouwen;Congo (Democratische Republiek);Personen in samenwonend paar met kin...;1998;3;3;1;0;2;0;2;-2
5119;Mannen en vrouwen;Congo (Democratische Republiek);Personen in samenwonend paar met kin...;1999;7;6;2;1;5;0;4;-4
5120;Mannen en vrouwen;Congo (Democratische Republiek);Personen in samenwonend paar met kin...;2000;4;1;1;3;3;0;0;0
5121;Mannen en vrouwen;Congo (Democratische Republiek);Personen in samenwonend paar met kin...;2001;22;4;0;18;22;0;4;-4
5122;Mannen en vrouwen;Congo (Democratische Republiek);Personen in samenwonend paar met kin...;2002;4;3;2;1;2;1;2;-1
5123;Mannen en vrouwen;Congo (Democratische Republiek);Personen in samenwonend paar met kin...;2003;1;5;1;-4;0;0;4;-4
5124;Mannen en vrouwen;Congo (Democratische Republiek);Personen in samenwonend paar met kin...;2004;0;8;4;-8;-4;0;4;-4
5125;Mannen en vrouwen;Congo (Democratische Republiek);Personen in samenwonend paar met kin...;2005;13;21;10;-8;3;0;11;-11
5126;Mannen en vrouwen;Congo (Democratische Republiek);Personen in samenwonend paar met kin...;2006;0;19;8;-19;-8;0;11;-11
5127;Mannen en vrouwen;Congo (Democratische Republiek);Personen in samenwonend paar met kin...;2007;2;8;7;-6;-5;0;1;-1
5128;Mannen en vrouwen;Congo (Democratische Republiek);Personen in samenwonend paar met kin...;2008;0;7;2;-7;-2;0;5;-5
5129;Mannen en vrouwen;Congo (Democratische Republiek);Personen in samenwonend paar met kin...;2009;0;12;8;-12;-8;0;4;-4
5130;Mannen en vrouwen;Congo (Democratische Republiek);Alleengaanden;1995;881;135;37;746;844;22;120;-98
5131;Mannen en vrouwen;Congo (Democratische Republiek);Alleengaanden;1996;474;329;46;145;428;18;301;-283
5132;Mannen en vrouwen;Congo (Democratische Republiek);Alleengaanden;1997;342;170;34;172;308;22;158;-136
5133;Mannen en vrouwen;Congo (Democratische Republiek);Alleengaanden;1998;308;111;29;197;279;35;117;-82
5134;Mannen en vrouwen;Congo (Democratische Republiek);Alleengaanden;1999;342;77;23;265;319;35;89;-54
5135;Mannen en vrouwen;Congo (Democratische Republiek);Alleengaanden;2000;466;93;19;373;447;33;107;-74
5136;Mannen en vrouwen;Congo (Democratische Republiek);Alleengaanden;2001;617;92;23;525;594;57;126;-69
5137;Mannen en vrouwen;Congo (Democratische Republiek);Alleengaanden;2002;551;224;27;327;524;54;251;-197
5138;Mannen en vrouwen;Congo (Democratische Republiek);Alleengaanden;2003;353;295;34;58;319;88;349;-261
5139;Mannen en vrouwen;Congo (Democratische Republiek);Alleengaanden;2004;189;359;45;-170;144;85;399;-314
5140;Mannen en vrouwen;Congo (Democratische Republiek);Alleengaanden;2005;163;362;66;-199;97;83;379;-296
5141;Mannen en vrouwen;Congo (Democratische Republiek);Alleengaanden;2006;140;323;77;-183;63;89;335;-246
5142;Mannen en vrouwen;Congo (Democratische Republiek);Alleengaanden;2007;116;186;77;-70;39;124;233;-109
5143;Mannen en vrouwen;Congo (Democratische Republiek);Alleengaanden;2008;132;92;82;40;50;191;201;-10
5144;Mannen en vrouwen;Congo (Democratische Republiek);Alleengaanden;2009;158;98;72;60;86;149;175;-26
5145;Mannen en vrouwen;Cookeilanden;Totaal personen;1995;0;0;0;0;0;0;0;0
5146;Mannen en vrouwen;Cookeilanden;Totaal personen;1996;0;0;0;0;0;0;0;0
5147;Mannen en vrouwen;Cookeilanden;Totaal personen;1997;2;0;0;2;2;0;0;0
5148;Mannen en vrouwen;Cookeilanden;Totaal personen;1998;0;0;0;0;0;0;0;0
5149;Mannen en vrouwen;Cookeilanden;Totaal personen;1999;2;0;0;2;2;0;0;0
5150;Mannen en vrouwen;Cookeilanden;Totaal personen;2000;0;0;0;0;0;1;1;0
5151;Mannen en vrouwen;Cookeilanden;Totaal personen;2001;0;3;3;-3;-3;0;0;0
5152;Mannen en vrouwen;Cookeilanden;Totaal personen;2002;0;0;0;0;0;0;0;0
5153;Mannen en vrouwen;Cookeilanden;Totaal personen;2003;0;0;0;0;0;0;0;0
5154;Mannen en vrouwen;Cookeilanden;Totaal personen;2004;0;0;0;0;0;0;0;0
5155;Mannen en vrouwen;Cookeilanden;Totaal personen;2005;0;0;0;0;0;0;0;0
5156;Mannen en vrouwen;Cookeilanden;Totaal personen;2006;0;0;0;0;0;0;0;0
5157;Mannen en vrouwen;Cookeilanden;Totaal personen;2007;0;0;0;0;0;0;0;0
5158;Mannen en vrouwen;Cookeilanden;Totaal personen;2008;0;0;0;0;0;0;0;0
5159;Mannen en vrouwen;Cookeilanden;Totaal personen;2009;0;0;0;0;0;0;0;0
5160;Mannen en vrouwen;Cookeilanden;Totaal in gezinsverband;1995;0;0;0;0;0;0;0;0
5161;Mannen en vrouwen;Cookeilanden;Totaal in gezinsverband;1996;0;0;0;0;0;0;0;0
5162;Mannen en vrouwen;Cookeilanden;Totaal in gezinsverband;1997;2;0;0;2;2;0;0;0
5163;Mannen en vrouwen;Cookeilanden;Totaal in gezinsverband;1998;0;0;0;0;0;0;0;0
5164;Mannen en vrouwen;Cookeilanden;Totaal in gezinsverband;1999;2;0;0;2;2;0;0;0
5165;Mannen en vrouwen;Cookeilanden;Totaal in gezinsverband;2000;0;0;0;0;0;0;0;0
5166;Mannen en vrouwen;Cookeilanden;Totaal in gezinsverband;2001;0;3;3;-3;-3;0;0;0
5167;Mannen en vrouwen;Cookeilanden;Totaal in gezinsverband;2002;0;0;0;0;0;0;0;0
5168;Mannen en vrouwen;Cookeilanden;Totaal in gezinsverband;2003;0;0;0;0;0;0;0;0
5169;Mannen en vrouwen;Cookeilanden;Totaal in gezinsverband;2004;0;0;0;0;0;0;0;0
5170;Mannen en vrouwen;Cookeilanden;Totaal in gezinsverband;2005;0;0;0;0;0;0;0;0
5171;Mannen en vrouwen;Cookeilanden;Totaal in gezinsverband;2006;0;0;0;0;0;0;0;0
5172;Mannen en vrouwen;Cookeilanden;Totaal in gezinsverband;2007;0;0;0;0;0;0;0;0
5173;Mannen en vrouwen;Cookeilanden;Totaal in gezinsverband;2008;0;0;0;0;0;0;0;0
5174;Mannen en vrouwen;Cookeilanden;Totaal in gezinsverband;2009;0;0;0;0;0;0;0;0
5175;Mannen en vrouwen;Cookeilanden;Personen in echtpaar;1995;0;0;0;0;0;0;0;0
5176;Mannen en vrouwen;Cookeilanden;Personen in echtpaar;1996;0;0;0;0;0;0;0;0
5177;Mannen en vrouwen;Cookeilanden;Personen in echtpaar;1997;2;0;0;2;2;0;0;0
5178;Mannen en vrouwen;Cookeilanden;Personen in echtpaar;1998;0;0;0;0;0;0;0;0
5179;Mannen en vrouwen;Cookeilanden;Personen in echtpaar;1999;0;0;0;0;0;0;0;0
5180;Mannen en vrouwen;Cookeilanden;Personen in echtpaar;2000;0;0;0;0;0;0;0;0
5181;Mannen en vrouwen;Cookeilanden;Personen in echtpaar;2001;0;2;2;-2;-2;0;0;0
5182;Mannen en vrouwen;Cookeilanden;Personen in echtpaar;2002;0;0;0;0;0;0;0;0
5183;Mannen en vrouwen;Cookeilanden;Personen in echtpaar;2003;0;0;0;0;0;0;0;0
5184;Mannen en vrouwen;Cookeilanden;Personen in echtpaar;2004;0;0;0;0;0;0;0;0
5185;Mannen en vrouwen;Cookeilanden;Personen in echtpaar;2005;0;0;0;0;0;0;0;0
5186;Mannen en vrouwen;Cookeilanden;Personen in echtpaar;2006;0;0;0;0;0;0;0;0
5187;Mannen en vrouwen;Cookeilanden;Personen in echtpaar;2007;0;0;0;0;0;0;0;0
5188;Mannen en vrouwen;Cookeilanden;Personen in echtpaar;2008;0;0;0;0;0;0;0;0
5189;Mannen en vrouwen;Cookeilanden;Personen in echtpaar;2009;0;0;0;0;0;0;0;0
5190;Mannen en vrouwen;Cookeilanden;Personen in eenoudergezin met vader;1995;0;0;0;0;0;0;0;0
5191;Mannen en vrouwen;Cookeilanden;Personen in eenoudergezin met vader;1996;0;0;0;0;0;0;0;0
5192;Mannen en vrouwen;Cookeilanden;Personen in eenoudergezin met vader;1997;0;0;0;0;0;0;0;0
5193;Mannen en vrouwen;Cookeilanden;Personen in eenoudergezin met vader;1998;0;0;0;0;0;0;0;0
5194;Mannen en vrouwen;Cookeilanden;Personen in eenoudergezin met vader;1999;0;0;0;0;0;0;0;0
5195;Mannen en vrouwen;Cookeilanden;Personen in eenoudergezin met vader;2000;0;0;0;0;0;0;0;0
5196;Mannen en vrouwen;Cookeilanden;Personen in eenoudergezin met vader;2001;0;0;0;0;0;0;0;0
5197;Mannen en vrouwen;Cookeilanden;Personen in eenoudergezin met vader;2002;0;0;0;0;0;0;0;0
5198;Mannen en vrouwen;Cookeilanden;Personen in eenoudergezin met vader;2003;0;0;0;0;0;0;0;0
5199;Mannen en vrouwen;Cookeilanden;Personen in eenoudergezin met vader;2004;0;0;0;0;0;0;0;0
5200;Mannen en vrouwen;Cookeilanden;Personen in eenoudergezin met vader;2005;0;0;0;0;0;0;0;0
5201;Mannen en vrouwen;Cookeilanden;Personen in eenoudergezin met vader;2006;0;0;0;0;0;0;0;0
5202;Mannen en vrouwen;Cookeilanden;Personen in eenoudergezin met vader;2007;0;0;0;0;0;0;0;0
5203;Mannen en vrouwen;Cookeilanden;Personen in eenoudergezin met vader;2008;0;0;0;0;0;0;0;0
5204;Mannen en vrouwen;Cookeilanden;Personen in eenoudergezin met vader;2009;0;0;0;0;0;0;0;0
5205;Mannen en vrouwen;Cookeilanden;Personen in eenoudergezin met moeder;1995;0;0;0;0;0;0;0;0
5206;Mannen en vrouwen;Cookeilanden;Personen in eenoudergezin met moeder;1996;0;0;0;0;0;0;0;0
5207;Mannen en vrouwen;Cookeilanden;Personen in eenoudergezin met moeder;1997;0;0;0;0;0;0;0;0
5208;Mannen en vrouwen;Cookeilanden;Personen in eenoudergezin met moeder;1998;0;0;0;0;0;0;0;0
5209;Mannen en vrouwen;Cookeilanden;Personen in eenoudergezin met moeder;1999;2;0;0;2;2;0;0;0
5210;Mannen en vrouwen;Cookeilanden;Personen in eenoudergezin met moeder;2000;0;0;0;0;0;0;0;0
5211;Mannen en vrouwen;Cookeilanden;Personen in eenoudergezin met moeder;2001;0;1;1;-1;-1;0;0;0
5212;Mannen en vrouwen;Cookeilanden;Personen in eenoudergezin met moeder;2002;0;0;0;0;0;0;0;0
5213;Mannen en vrouwen;Cookeilanden;Personen in eenoudergezin met moeder;2003;0;0;0;0;0;0;0;0
5214;Mannen en vrouwen;Cookeilanden;Personen in eenoudergezin met moeder;2004;0;0;0;0;0;0;0;0
5215;Mannen en vrouwen;Cookeilanden;Personen in eenoudergezin met moeder;2005;0;0;0;0;0;0;0;0
5216;Mannen en vrouwen;Cookeilanden;Personen in eenoudergezin met moeder;2006;0;0;0;0;0;0;0;0
5217;Mannen en vrouwen;Cookeilanden;Personen in eenoudergezin met moeder;2007;0;0;0;0;0;0;0;0
5218;Mannen en vrouwen;Cookeilanden;Personen in eenoudergezin met moeder;2008;0;0;0;0;0;0;0;0
5219;Mannen en vrouwen;Cookeilanden;Personen in eenoudergezin met moeder;2009;0;0;0;0;0;0;0;0
5220;Mannen en vrouwen;Cookeilanden;Personen in samenwonend paar met kin...;1995;0;0;0;0;0;0;0;0
5221;Mannen en vrouwen;Cookeilanden;Personen in samenwonend paar met kin...;1996;0;0;0;0;0;0;0;0
5222;Mannen en vrouwen;Cookeilanden;Personen in samenwonend paar met kin...;1997;0;0;0;0;0;0;0;0
5223;Mannen en vrouwen;Cookeilanden;Personen in samenwonend paar met kin...;1998;0;0;0;0;0;0;0;0
5224;Mannen en vrouwen;Cookeilanden;Personen in samenwonend paar met kin...;1999;0;0;0;0;0;0;0;0
5225;Mannen en vrouwen;Cookeilanden;Personen in samenwonend paar met kin...;2000;0;0;0;0;0;0;0;0
5226;Mannen en vrouwen;Cookeilanden;Personen in samenwonend paar met kin...;2001;0;0;0;0;0;0;0;0
5227;Mannen en vrouwen;Cookeilanden;Personen in samenwonend paar met kin...;2002;0;0;0;0;0;0;0;0
5228;Mannen en vrouwen;Cookeilanden;Personen in samenwonend paar met kin...;2003;0;0;0;0;0;0;0;0
5229;Mannen en vrouwen;Cookeilanden;Personen in samenwonend paar met kin...;2004;0;0;0;0;0;0;0;0
5230;Mannen en vrouwen;Cookeilanden;Personen in samenwonend paar met kin...;2005;0;0;0;0;0;0;0;0
5231;Mannen en vrouwen;Cookeilanden;Personen in samenwonend paar met kin...;2006;0;0;0;0;0;0;0;0
5232;Mannen en vrouwen;Cookeilanden;Personen in samenwonend paar met kin...;2007;0;0;0;0;0;0;0;0
5233;Mannen en vrouwen;Cookeilanden;Personen in samenwonend paar met kin...;2008;0;0;0;0;0;0;0;0
5234;Mannen en vrouwen;Cookeilanden;Personen in samenwonend paar met kin...;2009;0;0;0;0;0;0;0;0
5235;Mannen en vrouwen;Cookeilanden;Alleengaanden;1995;0;0;0;0;0;0;0;0
5236;Mannen en vrouwen;Cookeilanden;Alleengaanden;1996;0;0;0;0;0;0;0;0
5237;Mannen en vrouwen;Cookeilanden;Alleengaanden;1997;0;0;0;0;0;0;0;0
5238;Mannen en vrouwen;Cookeilanden;Alleengaanden;1998;0;0;0;0;0;0;0;0
5239;Mannen en vrouwen;Cookeilanden;Alleengaanden;1999;0;0;0;0;0;0;0;0
5240;Mannen en vrouwen;Cookeilanden;Alleengaanden;2000;0;0;0;0;0;1;1;0
5241;Mannen en vrouwen;Cookeilanden;Alleengaanden;2001;0;0;0;0;0;0;0;0
5242;Mannen en vrouwen;Cookeilanden;Alleengaanden;2002;0;0;0;0;0;0;0;0
5243;Mannen en vrouwen;Cookeilanden;Alleengaanden;2003;0;0;0;0;0;0;0;0
5244;Mannen en vrouwen;Cookeilanden;Alleengaanden;2004;0;0;0;0;0;0;0;0
5245;Mannen en vrouwen;Cookeilanden;Alleengaanden;2005;0;0;0;0;0;0;0;0
5246;Mannen en vrouwen;Cookeilanden;Alleengaanden;2006;0;0;0;0;0;0;0;0
5247;Mannen en vrouwen;Cookeilanden;Alleengaanden;2007;0;0;0;0;0;0;0;0
5248;Mannen en vrouwen;Cookeilanden;Alleengaanden;2008;0;0;0;0;0;0;0;0
5249;Mannen en vrouwen;Cookeilanden;Alleengaanden;2009;0;0;0;0;0;0;0;0
5250;Mannen en vrouwen;Costa Rica;Totaal personen;1995;25;13;12;12;13;0;1;-1
5251;Mannen en vrouwen;Costa Rica;Totaal personen;1996;48;16;13;32;35;2;5;-3
5252;Mannen en vrouwen;Costa Rica;Totaal personen;1997;44;20;18;24;26;2;4;-2
5253;Mannen en vrouwen;Costa Rica;Totaal personen;1998;75;23;16;52;59;1;8;-7
5254;Mannen en vrouwen;Costa Rica;Totaal personen;1999;48;17;8;31;40;1;10;-9
5255;Mannen en vrouwen;Costa Rica;Totaal personen;2000;55;26;18;29;37;1;9;-8
5256;Mannen en vrouwen;Costa Rica;Totaal personen;2001;60;40;24;20;36;1;17;-16
5257;Mannen en vrouwen;Costa Rica;Totaal personen;2002;64;28;22;36;42;4;10;-6
5258;Mannen en vrouwen;Costa Rica;Totaal personen;2003;59;33;23;26;36;1;11;-10
5259;Mannen en vrouwen;Costa Rica;Totaal personen;2004;45;15;12;30;33;5;8;-3
5260;Mannen en vrouwen;Costa Rica;Totaal personen;2005;48;34;29;14;19;5;10;-5
5261;Mannen en vrouwen;Costa Rica;Totaal personen;2006;48;39;27;9;21;4;16;-12
5262;Mannen en vrouwen;Costa Rica;Totaal personen;2007;55;60;42;-5;13;4;22;-18
5263;Mannen en vrouwen;Costa Rica;Totaal personen;2008;46;30;21;16;25;7;16;-9
5264;Mannen en vrouwen;Costa Rica;Totaal personen;2009;61;47;38;14;23;9;18;-9
5265;Mannen en vrouwen;Costa Rica;Totaal in gezinsverband;1995;7;7;6;0;1;0;1;-1
5266;Mannen en vrouwen;Costa Rica;Totaal in gezinsverband;1996;13;6;6;7;7;0;0;0
5267;Mannen en vrouwen;Costa Rica;Totaal in gezinsverband;1997;7;10;9;-3;-2;0;1;-1
5268;Mannen en vrouwen;Costa Rica;Totaal in gezinsverband;1998;15;10;9;5;6;0;1;-1
5269;Mannen en vrouwen;Costa Rica;Totaal in gezinsverband;1999;11;5;5;6;6;0;0;0
5270;Mannen en vrouwen;Costa Rica;Totaal in gezinsverband;2000;15;8;6;7;9;0;2;-2
5271;Mannen en vrouwen;Costa Rica;Totaal in gezinsverband;2001;19;8;8;11;11;0;0;0
5272;Mannen en vrouwen;Costa Rica;Totaal in gezinsverband;2002;4;7;6;-3;-2;0;1;-1
5273;Mannen en vrouwen;Costa Rica;Totaal in gezinsverband;2003;9;12;12;-3;-3;0;0;0
5274;Mannen en vrouwen;Costa Rica;Totaal in gezinsverband;2004;5;9;5;-4;0;0;4;-4
5275;Mannen en vrouwen;Costa Rica;Totaal in gezinsverband;2005;7;12;12;-5;-5;0;0;0
5276;Mannen en vrouwen;Costa Rica;Totaal in gezinsverband;2006;1;11;11;-10;-10;0;0;0
5277;Mannen en vrouwen;Costa Rica;Totaal in gezinsverband;2007;10;16;10;-6;0;0;6;-6
5278;Mannen en vrouwen;Costa Rica;Totaal in gezinsverband;2008;6;3;1;3;5;0;2;-2
5279;Mannen en vrouwen;Costa Rica;Totaal in gezinsverband;2009;6;17;16;-11;-10;0;1;-1
5280;Mannen en vrouwen;Costa Rica;Personen in echtpaar;1995;4;6;6;-2;-2;0;0;0
5281;Mannen en vrouwen;Costa Rica;Personen in echtpaar;1996;2;5;5;-3;-3;0;0;0
5282;Mannen en vrouwen;Costa Rica;Personen in echtpaar;1997;2;7;6;-5;-4;0;1;-1
5283;Mannen en vrouwen;Costa Rica;Personen in echtpaar;1998;1;10;9;-9;-8;0;1;-1
5284;Mannen en vrouwen;Costa Rica;Personen in echtpaar;1999;3;5;5;-2;-2;0;0;0
5285;Mannen en vrouwen;Costa Rica;Personen in echtpaar;2000;6;3;1;3;5;0;2;-2
5286;Mannen en vrouwen;Costa Rica;Personen in echtpaar;2001;4;8;8;-4;-4;0;0;0
5287;Mannen en vrouwen;Costa Rica;Personen in echtpaar;2002;3;7;6;-4;-3;0;1;-1
5288;Mannen en vrouwen;Costa Rica;Personen in echtpaar;2003;0;6;6;-6;-6;0;0;0
5289;Mannen en vrouwen;Costa Rica;Personen in echtpaar;2004;0;4;2;-4;-2;0;2;-2
5290;Mannen en vrouwen;Costa Rica;Personen in echtpaar;2005;0;9;9;-9;-9;0;0;0
5291;Mannen en vrouwen;Costa Rica;Personen in echtpaar;2006;0;6;6;-6;-6;0;0;0
5292;Mannen en vrouwen;Costa Rica;Personen in echtpaar;2007;0;8;7;-8;-7;0;1;-1
5293;Mannen en vrouwen;Costa Rica;Personen in echtpaar;2008;0;2;0;-2;0;0;2;-2
5294;Mannen en vrouwen;Costa Rica;Personen in echtpaar;2009;0;12;12;-12;-12;0;0;0
5295;Mannen en vrouwen;Costa Rica;Personen in eenoudergezin met vader;1995;0;0;0;0;0;0;0;0
5296;Mannen en vrouwen;Costa Rica;Personen in eenoudergezin met vader;1996;0;0;0;0;0;0;0;0
5297;Mannen en vrouwen;Costa Rica;Personen in eenoudergezin met vader;1997;0;1;1;-1;-1;0;0;0
5298;Mannen en vrouwen;Costa Rica;Personen in eenoudergezin met vader;1998;1;0;0;1;1;0;0;0
5299;Mannen en vrouwen;Costa Rica;Personen in eenoudergezin met vader;1999;0;0;0;0;0;0;0;0
5300;Mannen en vrouwen;Costa Rica;Personen in eenoudergezin met vader;2000;0;1;1;-1;-1;0;0;0
5301;Mannen en vrouwen;Costa Rica;Personen in eenoudergezin met vader;2001;0;0;0;0;0;0;0;0
5302;Mannen en vrouwen;Costa Rica;Personen in eenoudergezin met vader;2002;1;0;0;1;1;0;0;0
5303;Mannen en vrouwen;Costa Rica;Personen in eenoudergezin met vader;2003;0;1;1;-1;-1;0;0;0
5304;Mannen en vrouwen;Costa Rica;Personen in eenoudergezin met vader;2004;3;0;0;3;3;0;0;0
5305;Mannen en vrouwen;Costa Rica;Personen in eenoudergezin met vader;2005;1;3;3;-2;-2;0;0;0
5306;Mannen en vrouwen;Costa Rica;Personen in eenoudergezin met vader;2006;0;1;1;-1;-1;0;0;0
5307;Mannen en vrouwen;Costa Rica;Personen in eenoudergezin met vader;2007;0;1;1;-1;-1;0;0;0
5308;Mannen en vrouwen;Costa Rica;Personen in eenoudergezin met vader;2008;0;0;0;0;0;0;0;0
5309;Mannen en vrouwen;Costa Rica;Personen in eenoudergezin met vader;2009;0;0;0;0;0;0;0;0
5310;Mannen en vrouwen;Costa Rica;Personen in eenoudergezin met moeder;1995;3;1;0;2;3;0;1;-1
5311;Mannen en vrouwen;Costa Rica;Personen in eenoudergezin met moeder;1996;11;1;1;10;10;0;0;0
5312;Mannen en vrouwen;Costa Rica;Personen in eenoudergezin met moeder;1997;4;2;2;2;2;0;0;0
5313;Mannen en vrouwen;Costa Rica;Personen in eenoudergezin met moeder;1998;10;0;0;10;10;0;0;0
5314;Mannen en vrouwen;Costa Rica;Personen in eenoudergezin met moeder;1999;6;0;0;6;6;0;0;0
5315;Mannen en vrouwen;Costa Rica;Personen in eenoudergezin met moeder;2000;7;4;4;3;3;0;0;0
5316;Mannen en vrouwen;Costa Rica;Personen in eenoudergezin met moeder;2001;15;0;0;15;15;0;0;0
5317;Mannen en vrouwen;Costa Rica;Personen in eenoudergezin met moeder;2002;0;0;0;0;0;0;0;0
5318;Mannen en vrouwen;Costa Rica;Personen in eenoudergezin met moeder;2003;7;5;5;2;2;0;0;0
5319;Mannen en vrouwen;Costa Rica;Personen in eenoudergezin met moeder;2004;2;3;1;-1;1;0;2;-2
5320;Mannen en vrouwen;Costa Rica;Personen in eenoudergezin met moeder;2005;6;0;0;6;6;0;0;0
5321;Mannen en vrouwen;Costa Rica;Personen in eenoudergezin met moeder;2006;1;2;2;-1;-1;0;0;0
5322;Mannen en vrouwen;Costa Rica;Personen in eenoudergezin met moeder;2007;10;7;2;3;8;0;5;-5
5323;Mannen en vrouwen;Costa Rica;Personen in eenoudergezin met moeder;2008;2;0;0;2;2;0;0;0
5324;Mannen en vrouwen;Costa Rica;Personen in eenoudergezin met moeder;2009;6;5;4;1;2;0;1;-1
5325;Mannen en vrouwen;Costa Rica;Personen in samenwonend paar met kin...;1995;0;0;0;0;0;0;0;0
5326;Mannen en vrouwen;Costa Rica;Personen in samenwonend paar met kin...;1996;0;0;0;0;0;0;0;0
5327;Mannen en vrouwen;Costa Rica;Personen in samenwonend paar met kin...;1997;1;0;0;1;1;0;0;0
5328;Mannen en vrouwen;Costa Rica;Personen in samenwonend paar met kin...;1998;3;0;0;3;3;0;0;0
5329;Mannen en vrouwen;Costa Rica;Personen in samenwonend paar met kin...;1999;2;0;0;2;2;0;0;0
5330;Mannen en vrouwen;Costa Rica;Personen in samenwonend paar met kin...;2000;2;0;0;2;2;0;0;0
5331;Mannen en vrouwen;Costa Rica;Personen in samenwonend paar met kin...;2001;0;0;0;0;0;0;0;0
5332;Mannen en vrouwen;Costa Rica;Personen in samenwonend paar met kin...;2002;0;0;0;0;0;0;0;0
5333;Mannen en vrouwen;Costa Rica;Personen in samenwonend paar met kin...;2003;2;0;0;2;2;0;0;0
5334;Mannen en vrouwen;Costa Rica;Personen in samenwonend paar met kin...;2004;0;2;2;-2;-2;0;0;0
5335;Mannen en vrouwen;Costa Rica;Personen in samenwonend paar met kin...;2005;0;0;0;0;0;0;0;0
5336;Mannen en vrouwen;Costa Rica;Personen in samenwonend paar met kin...;2006;0;2;2;-2;-2;0;0;0
5337;Mannen en vrouwen;Costa Rica;Personen in samenwonend paar met kin...;2007;0;0;0;0;0;0;0;0
5338;Mannen en vrouwen;Costa Rica;Personen in samenwonend paar met kin...;2008;4;1;1;3;3;0;0;0
5339;Mannen en vrouwen;Costa Rica;Personen in samenwonend paar met kin...;2009;0;0;0;0;0;0;0;0
5340;Mannen en vrouwen;Costa Rica;Alleengaanden;1995;18;6;6;12;12;0;0;0
5341;Mannen en vrouwen;Costa Rica;Alleengaanden;1996;35;10;7;25;28;2;5;-3
5342;Mannen en vrouwen;Costa Rica;Alleengaanden;1997;37;10;9;27;28;2;3;-1
5343;Mannen en vrouwen;Costa Rica;Alleengaanden;1998;60;13;7;47;53;1;7;-6
5344;Mannen en vrouwen;Costa Rica;Alleengaanden;1999;37;12;3;25;34;1;10;-9
5345;Mannen en vrouwen;Costa Rica;Alleengaanden;2000;40;18;12;22;28;1;7;-6
5346;Mannen en vrouwen;Costa Rica;Alleengaanden;2001;41;32;16;9;25;1;17;-16
5347;Mannen en vrouwen;Costa Rica;Alleengaanden;2002;60;21;16;39;44;4;9;-5
5348;Mannen en vrouwen;Costa Rica;Alleengaanden;2003;50;21;11;29;39;1;11;-10
5349;Mannen en vrouwen;Costa Rica;Alleengaanden;2004;40;6;7;34;33;5;4;1
5350;Mannen en vrouwen;Costa Rica;Alleengaanden;2005;41;22;17;19;24;5;10;-5
5351;Mannen en vrouwen;Costa Rica;Alleengaanden;2006;47;28;16;19;31;4;16;-12
5352;Mannen en vrouwen;Costa Rica;Alleengaanden;2007;45;44;32;1;13;4;16;-12
5353;Mannen en vrouwen;Costa Rica;Alleengaanden;2008;40;27;20;13;20;7;14;-7
5354;Mannen en vrouwen;Costa Rica;Alleengaanden;2009;55;30;22;25;33;9;17;-8
5355;Mannen en vrouwen;Cuba;Totaal personen;1995;65;22;19;43;46;1;4;-3
5356;Mannen en vrouwen;Cuba;Totaal personen;1996;91;43;25;48;66;1;19;-18
5357;Mannen en vrouwen;Cuba;Totaal personen;1997;155;28;30;127;125;9;7;2
5358;Mannen en vrouwen;Cuba;Totaal personen;1998;160;54;49;106;111;15;20;-5
5359;Mannen en vrouwen;Cuba;Totaal personen;1999;133;61;43;72;90;4;22;-18
5360;Mannen en vrouwen;Cuba;Totaal personen;2000;140;43;30;97;110;0;13;-13
5361;Mannen en vrouwen;Cuba;Totaal personen;2001;124;64;46;60;78;3;21;-18
5362;Mannen en vrouwen;Cuba;Totaal personen;2002;150;54;42;96;108;3;15;-12
5363;Mannen en vrouwen;Cuba;Totaal personen;2003;141;63;43;78;98;4;24;-20
5364;Mannen en vrouwen;Cuba;Totaal personen;2004;117;70;47;47;70;5;28;-23
5365;Mannen en vrouwen;Cuba;Totaal personen;2005;117;66;42;51;75;6;30;-24
5366;Mannen en vrouwen;Cuba;Totaal personen;2006;104;71;38;33;66;10;43;-33
5367;Mannen en vrouwen;Cuba;Totaal personen;2007;77;54;29;23;48;5;30;-25
5368;Mannen en vrouwen;Cuba;Totaal personen;2008;75;60;38;15;37;10;32;-22
5369;Mannen en vrouwen;Cuba;Totaal personen;2009;106;50;31;56;75;16;35;-19
5370;Mannen en vrouwen;Cuba;Totaal in gezinsverband;1995;9;12;10;-3;-1;0;2;-2
5371;Mannen en vrouwen;Cuba;Totaal in gezinsverband;1996;8;16;8;-8;0;0;8;-8
5372;Mannen en vrouwen;Cuba;Totaal in gezinsverband;1997;20;10;10;10;10;0;0;0
5373;Mannen en vrouwen;Cuba;Totaal in gezinsverband;1998;26;19;18;7;8;0;1;-1
5374;Mannen en vrouwen;Cuba;Totaal in gezinsverband;1999;11;8;6;3;5;1;3;-2
5375;Mannen en vrouwen;Cuba;Totaal in gezinsverband;2000;12;10;8;2;4;0;2;-2
5376;Mannen en vrouwen;Cuba;Totaal in gezinsverband;2001;9;6;5;3;4;0;1;-1
5377;Mannen en vrouwen;Cuba;Totaal in gezinsverband;2002;11;7;7;4;4;1;1;0
5378;Mannen en vrouwen;Cuba;Totaal in gezinsverband;2003;14;15;11;-1;3;0;4;-4
5379;Mannen en vrouwen;Cuba;Totaal in gezinsverband;2004;30;23;18;7;12;1;6;-5
5380;Mannen en vrouwen;Cuba;Totaal in gezinsverband;2005;19;27;22;-8;-3;0;5;-5
5381;Mannen en vrouwen;Cuba;Totaal in gezinsverband;2006;15;26;17;-11;-2;2;11;-9
5382;Mannen en vrouwen;Cuba;Totaal in gezinsverband;2007;4;16;9;-12;-5;1;8;-7
5383;Mannen en vrouwen;Cuba;Totaal in gezinsverband;2008;5;23;18;-18;-13;2;7;-5
5384;Mannen en vrouwen;Cuba;Totaal in gezinsverband;2009;22;14;11;8;11;1;4;-3
5385;Mannen en vrouwen;Cuba;Personen in echtpaar;1995;2;9;8;-7;-6;0;1;-1
5386;Mannen en vrouwen;Cuba;Personen in echtpaar;1996;2;16;8;-14;-6;0;8;-8
5387;Mannen en vrouwen;Cuba;Personen in echtpaar;1997;0;10;10;-10;-10;0;0;0
5388;Mannen en vrouwen;Cuba;Personen in echtpaar;1998;2;11;10;-9;-8;0;1;-1
5389;Mannen en vrouwen;Cuba;Personen in echtpaar;1999;0;3;3;-3;-3;1;1;0
5390;Mannen en vrouwen;Cuba;Personen in echtpaar;2000;1;6;5;-5;-4;0;1;-1
5391;Mannen en vrouwen;Cuba;Personen in echtpaar;2001;2;6;5;-4;-3;0;1;-1
5392;Mannen en vrouwen;Cuba;Personen in echtpaar;2002;1;8;7;-7;-6;0;1;-1
5393;Mannen en vrouwen;Cuba;Personen in echtpaar;2003;0;9;5;-9;-5;0;4;-4
5394;Mannen en vrouwen;Cuba;Personen in echtpaar;2004;6;12;9;-6;-3;0;3;-3
5395;Mannen en vrouwen;Cuba;Personen in echtpaar;2005;1;24;20;-23;-19;0;4;-4
5396;Mannen en vrouwen;Cuba;Personen in echtpaar;2006;1;17;9;-16;-8;0;8;-8
5397;Mannen en vrouwen;Cuba;Personen in echtpaar;2007;2;7;6;-5;-4;0;1;-1
5398;Mannen en vrouwen;Cuba;Personen in echtpaar;2008;0;15;12;-15;-12;0;3;-3
5399;Mannen en vrouwen;Cuba;Personen in echtpaar;2009;6;6;4;0;2;0;2;-2
5400;Mannen en vrouwen;Cuba;Personen in eenoudergezin met vader;1995;0;0;0;0;0;0;0;0
5401;Mannen en vrouwen;Cuba;Personen in eenoudergezin met vader;1996;0;0;0;0;0;0;0;0
5402;Mannen en vrouwen;Cuba;Personen in eenoudergezin met vader;1997;0;0;0;0;0;0;0;0
5403;Mannen en vrouwen;Cuba;Personen in eenoudergezin met vader;1998;0;0;0;0;0;0;0;0
5404;Mannen en vrouwen;Cuba;Personen in eenoudergezin met vader;1999;0;0;0;0;0;0;0;0
5405;Mannen en vrouwen;Cuba;Personen in eenoudergezin met vader;2000;0;0;0;0;0;0;0;0
5406;Mannen en vrouwen;Cuba;Personen in eenoudergezin met vader;2001;1;0;0;1;1;0;0;0
5407;Mannen en vrouwen;Cuba;Personen in eenoudergezin met vader;2002;0;0;0;0;0;0;0;0
5408;Mannen en vrouwen;Cuba;Personen in eenoudergezin met vader;2003;1;0;0;1;1;0;0;0
5409;Mannen en vrouwen;Cuba;Personen in eenoudergezin met vader;2004;0;0;0;0;0;0;0;0
5410;Mannen en vrouwen;Cuba;Personen in eenoudergezin met vader;2005;0;0;0;0;0;0;0;0
5411;Mannen en vrouwen;Cuba;Personen in eenoudergezin met vader;2006;0;0;0;0;0;0;0;0
5412;Mannen en vrouwen;Cuba;Personen in eenoudergezin met vader;2007;0;1;1;-1;-1;0;0;0
5413;Mannen en vrouwen;Cuba;Personen in eenoudergezin met vader;2008;0;2;1;-2;-1;0;1;-1
5414;Mannen en vrouwen;Cuba;Personen in eenoudergezin met vader;2009;0;0;0;0;0;0;0;0
5415;Mannen en vrouwen;Cuba;Personen in eenoudergezin met moeder;1995;7;3;2;4;5;0;1;-1
5416;Mannen en vrouwen;Cuba;Personen in eenoudergezin met moeder;1996;6;0;0;6;6;0;0;0
5417;Mannen en vrouwen;Cuba;Personen in eenoudergezin met moeder;1997;16;0;0;16;16;0;0;0
5418;Mannen en vrouwen;Cuba;Personen in eenoudergezin met moeder;1998;23;8;8;15;15;0;0;0
5419;Mannen en vrouwen;Cuba;Personen in eenoudergezin met moeder;1999;11;5;3;6;8;0;2;-2
5420;Mannen en vrouwen;Cuba;Personen in eenoudergezin met moeder;2000;11;4;3;7;8;0;1;-1
5421;Mannen en vrouwen;Cuba;Personen in eenoudergezin met moeder;2001;6;0;0;6;6;0;0;0
5422;Mannen en vrouwen;Cuba;Personen in eenoudergezin met moeder;2002;10;-1;0;11;10;1;0;1
5423;Mannen en vrouwen;Cuba;Personen in eenoudergezin met moeder;2003;12;6;6;6;6;0;0;0
5424;Mannen en vrouwen;Cuba;Personen in eenoudergezin met moeder;2004;24;10;8;14;16;1;3;-2
5425;Mannen en vrouwen;Cuba;Personen in eenoudergezin met moeder;2005;18;2;1;16;17;0;1;-1
5426;Mannen en vrouwen;Cuba;Personen in eenoudergezin met moeder;2006;8;9;8;-1;0;2;3;-1
5427;Mannen en vrouwen;Cuba;Personen in eenoudergezin met moeder;2007;2;8;2;-6;0;1;7;-6
5428;Mannen en vrouwen;Cuba;Personen in eenoudergezin met moeder;2008;5;6;5;-1;0;2;3;-1
5429;Mannen en vrouwen;Cuba;Personen in eenoudergezin met moeder;2009;16;4;3;12;13;1;2;-1
5430;Mannen en vrouwen;Cuba;Personen in samenwonend paar met kin...;1995;0;0;0;0;0;0;0;0
5431;Mannen en vrouwen;Cuba;Personen in samenwonend paar met kin...;1996;0;0;0;0;0;0;0;0
5432;Mannen en vrouwen;Cuba;Personen in samenwonend paar met kin...;1997;4;0;0;4;4;0;0;0
5433;Mannen en vrouwen;Cuba;Personen in samenwonend paar met kin...;1998;1;0;0;1;1;0;0;0
5434;Mannen en vrouwen;Cuba;Personen in samenwonend paar met kin...;1999;0;0;0;0;0;0;0;0
5435;Mannen en vrouwen;Cuba;Personen in samenwonend paar met kin...;2000;0;0;0;0;0;0;0;0
5436;Mannen en vrouwen;Cuba;Personen in samenwonend paar met kin...;2001;0;0;0;0;0;0;0;0
5437;Mannen en vrouwen;Cuba;Personen in samenwonend paar met kin...;2002;0;0;0;0;0;0;0;0
5438;Mannen en vrouwen;Cuba;Personen in samenwonend paar met kin...;2003;1;0;0;1;1;0;0;0
5439;Mannen en vrouwen;Cuba;Personen in samenwonend paar met kin...;2004;0;1;1;-1;-1;0;0;0
5440;Mannen en vrouwen;Cuba;Personen in samenwonend paar met kin...;2005;0;1;1;-1;-1;0;0;0
5441;Mannen en vrouwen;Cuba;Personen in samenwonend paar met kin...;2006;6;0;0;6;6;0;0;0
5442;Mannen en vrouwen;Cuba;Personen in samenwonend paar met kin...;2007;0;0;0;0;0;0;0;0
5443;Mannen en vrouwen;Cuba;Personen in samenwonend paar met kin...;2008;0;0;0;0;0;0;0;0
5444;Mannen en vrouwen;Cuba;Personen in samenwonend paar met kin...;2009;0;4;4;-4;-4;0;0;0
5445;Mannen en vrouwen;Cuba;Alleengaanden;1995;56;10;9;46;47;1;2;-1
5446;Mannen en vrouwen;Cuba;Alleengaanden;1996;83;27;17;56;66;1;11;-10
5447;Mannen en vrouwen;Cuba;Alleengaanden;1997;135;18;20;117;115;9;7;2
5448;Mannen en vrouwen;Cuba;Alleengaanden;1998;134;35;31;99;103;15;19;-4
5449;Mannen en vrouwen;Cuba;Alleengaanden;1999;122;53;37;69;85;3;19;-16
5450;Mannen en vrouwen;Cuba;Alleengaanden;2000;128;33;22;95;106;0;11;-11
5451;Mannen en vrouwen;Cuba;Alleengaanden;2001;115;58;41;57;74;3;20;-17
5452;Mannen en vrouwen;Cuba;Alleengaanden;2002;139;47;35;92;104;2;14;-12
5453;Mannen en vrouwen;Cuba;Alleengaanden;2003;127;48;32;79;95;4;20;-16
5454;Mannen en vrouwen;Cuba;Alleengaanden;2004;87;47;29;40;58;4;22;-18
5455;Mannen en vrouwen;Cuba;Alleengaanden;2005;98;39;20;59;78;6;25;-19
5456;Mannen en vrouwen;Cuba;Alleengaanden;2006;89;45;21;44;68;8;32;-24
5457;Mannen en vrouwen;Cuba;Alleengaanden;2007;73;38;20;35;53;4;22;-18
5458;Mannen en vrouwen;Cuba;Alleengaanden;2008;70;37;20;33;50;8;25;-17
5459;Mannen en vrouwen;Cuba;Alleengaanden;2009;84;36;20;48;64;15;31;-16
5460;Mannen en vrouwen;Cyprus;Totaal personen;1995;25;19;12;6;13;0;7;-7
5461;Mannen en vrouwen;Cyprus;Totaal personen;1996;27;19;11;8;16;1;9;-8
5462;Mannen en vrouwen;Cyprus;Totaal personen;1997;28;18;11;10;17;0;7;-7
5463;Mannen en vrouwen;Cyprus;Totaal personen;1998;18;8;5;10;13;0;3;-3
5464;Mannen en vrouwen;Cyprus;Totaal personen;1999;23;21;14;2;9;0;7;-7
5465;Mannen en vrouwen;Cyprus;Totaal personen;2000;30;11;9;19;21;1;3;-2
5466;Mannen en vrouwen;Cyprus;Totaal personen;2001;23;12;6;11;17;1;7;-6
5467;Mannen en vrouwen;Cyprus;Totaal personen;2002;21;18;11;3;10;1;8;-7
5468;Mannen en vrouwen;Cyprus;Totaal personen;2003;20;20;12;0;8;1;9;-8
5469;Mannen en vrouwen;Cyprus;Totaal personen;2004;37;27;18;10;19;1;10;-9
5470;Mannen en vrouwen;Cyprus;Totaal personen;2005;36;29;11;7;25;2;20;-18
5471;Mannen en vrouwen;Cyprus;Totaal personen;2006;32;27;15;5;17;2;14;-12
5472;Mannen en vrouwen;Cyprus;Totaal personen;2007;47;29;18;18;29;2;13;-11
5473;Mannen en vrouwen;Cyprus;Totaal personen;2008;70;40;19;30;51;2;23;-21
5474;Mannen en vrouwen;Cyprus;Totaal personen;2009;67;45;25;22;42;1;21;-20
5475;Mannen en vrouwen;Cyprus;Totaal in gezinsverband;1995;3;12;7;-9;-4;0;5;-5
5476;Mannen en vrouwen;Cyprus;Totaal in gezinsverband;1996;7;8;6;-1;1;0;2;-2
5477;Mannen en vrouwen;Cyprus;Totaal in gezinsverband;1997;5;10;7;-5;-2;0;3;-3
5478;Mannen en vrouwen;Cyprus;Totaal in gezinsverband;1998;2;2;2;0;0;0;0;0
5479;Mannen en vrouwen;Cyprus;Totaal in gezinsverband;1999;6;6;6;0;0;0;0;0
5480;Mannen en vrouwen;Cyprus;Totaal in gezinsverband;2000;7;5;4;2;3;0;1;-1
5481;Mannen en vrouwen;Cyprus;Totaal in gezinsverband;2001;3;5;3;-2;0;0;2;-2
5482;Mannen en vrouwen;Cyprus;Totaal in gezinsverband;2002;0;10;8;-10;-8;0;2;-2
5483;Mannen en vrouwen;Cyprus;Totaal in gezinsverband;2003;2;11;7;-9;-5;0;4;-4
5484;Mannen en vrouwen;Cyprus;Totaal in gezinsverband;2004;5;7;5;-2;0;0;2;-2
5485;Mannen en vrouwen;Cyprus;Totaal in gezinsverband;2005;2;6;3;-4;-1;0;3;-3
5486;Mannen en vrouwen;Cyprus;Totaal in gezinsverband;2006;5;6;5;-1;0;1;2;-1
5487;Mannen en vrouwen;Cyprus;Totaal in gezinsverband;2007;2;12;12;-10;-10;0;0;0
5488;Mannen en vrouwen;Cyprus;Totaal in gezinsverband;2008;5;6;4;-1;1;0;2;-2
5489;Mannen en vrouwen;Cyprus;Totaal in gezinsverband;2009;5;8;5;-3;0;0;3;-3
5490;Mannen en vrouwen;Cyprus;Personen in echtpaar;1995;2;10;5;-8;-3;0;5;-5
5491;Mannen en vrouwen;Cyprus;Personen in echtpaar;1996;4;6;6;-2;-2;0;0;0
5492;Mannen en vrouwen;Cyprus;Personen in echtpaar;1997;3;8;6;-5;-3;0;2;-2
5493;Mannen en vrouwen;Cyprus;Personen in echtpaar;1998;0;1;1;-1;-1;0;0;0
5494;Mannen en vrouwen;Cyprus;Personen in echtpaar;1999;4;6;6;-2;-2;0;0;0
5495;Mannen en vrouwen;Cyprus;Personen in echtpaar;2000;3;3;2;0;1;0;1;-1
5496;Mannen en vrouwen;Cyprus;Personen in echtpaar;2001;1;2;2;-1;-1;0;0;0
5497;Mannen en vrouwen;Cyprus;Personen in echtpaar;2002;0;8;7;-8;-7;0;1;-1
5498;Mannen en vrouwen;Cyprus;Personen in echtpaar;2003;1;8;6;-7;-5;0;2;-2
5499;Mannen en vrouwen;Cyprus;Personen in echtpaar;2004;5;4;4;1;1;0;0;0
5500;Mannen en vrouwen;Cyprus;Personen in echtpaar;2005;1;5;3;-4;-2;0;2;-2
5501;Mannen en vrouwen;Cyprus;Personen in echtpaar;2006;3;5;4;-2;-1;1;2;-1
5502;Mannen en vrouwen;Cyprus;Personen in echtpaar;2007;0;12;12;-12;-12;0;0;0
5503;Mannen en vrouwen;Cyprus;Personen in echtpaar;2008;2;3;1;-1;1;0;2;-2
5504;Mannen en vrouwen;Cyprus;Personen in echtpaar;2009;2;3;1;-1;1;0;2;-2
5505;Mannen en vrouwen;Cyprus;Personen in eenoudergezin met vader;1995;0;0;0;0;0;0;0;0
5506;Mannen en vrouwen;Cyprus;Personen in eenoudergezin met vader;1996;0;2;0;-2;0;0;2;-2
5507;Mannen en vrouwen;Cyprus;Personen in eenoudergezin met vader;1997;0;0;0;0;0;0;0;0
5508;Mannen en vrouwen;Cyprus;Personen in eenoudergezin met vader;1998;0;0;0;0;0;0;0;0
5509;Mannen en vrouwen;Cyprus;Personen in eenoudergezin met vader;1999;0;0;0;0;0;0;0;0
5510;Mannen en vrouwen;Cyprus;Personen in eenoudergezin met vader;2000;1;0;0;1;1;0;0;0
5511;Mannen en vrouwen;Cyprus;Personen in eenoudergezin met vader;2001;0;0;0;0;0;0;0;0
5512;Mannen en vrouwen;Cyprus;Personen in eenoudergezin met vader;2002;0;0;0;0;0;0;0;0
5513;Mannen en vrouwen;Cyprus;Personen in eenoudergezin met vader;2003;0;1;1;-1;-1;0;0;0
5514;Mannen en vrouwen;Cyprus;Personen in eenoudergezin met vader;2004;0;1;0;-1;0;0;1;-1
5515;Mannen en vrouwen;Cyprus;Personen in eenoudergezin met vader;2005;1;0;0;1;1;0;0;0
5516;Mannen en vrouwen;Cyprus;Personen in eenoudergezin met vader;2006;0;0;0;0;0;0;0;0
5517;Mannen en vrouwen;Cyprus;Personen in eenoudergezin met vader;2007;0;0;0;0;0;0;0;0
5518;Mannen en vrouwen;Cyprus;Personen in eenoudergezin met vader;2008;2;1;1;1;1;0;0;0
5519;Mannen en vrouwen;Cyprus;Personen in eenoudergezin met vader;2009;0;1;1;-1;-1;0;0;0
5520;Mannen en vrouwen;Cyprus;Personen in eenoudergezin met moeder;1995;0;2;2;-2;-2;0;0;0
5521;Mannen en vrouwen;Cyprus;Personen in eenoudergezin met moeder;1996;3;0;0;3;3;0;0;0
5522;Mannen en vrouwen;Cyprus;Personen in eenoudergezin met moeder;1997;2;2;1;0;1;0;1;-1
5523;Mannen en vrouwen;Cyprus;Personen in eenoudergezin met moeder;1998;2;1;1;1;1;0;0;0
5524;Mannen en vrouwen;Cyprus;Personen in eenoudergezin met moeder;1999;2;0;0;2;2;0;0;0
5525;Mannen en vrouwen;Cyprus;Personen in eenoudergezin met moeder;2000;3;2;2;1;1;0;0;0
5526;Mannen en vrouwen;Cyprus;Personen in eenoudergezin met moeder;2001;1;3;1;-2;0;0;2;-2
5527;Mannen en vrouwen;Cyprus;Personen in eenoudergezin met moeder;2002;0;2;1;-2;-1;0;1;-1
5528;Mannen en vrouwen;Cyprus;Personen in eenoudergezin met moeder;2003;1;2;0;-1;1;0;2;-2
5529;Mannen en vrouwen;Cyprus;Personen in eenoudergezin met moeder;2004;0;2;1;-2;-1;0;1;-1
5530;Mannen en vrouwen;Cyprus;Personen in eenoudergezin met moeder;2005;0;1;0;-1;0;0;1;-1
5531;Mannen en vrouwen;Cyprus;Personen in eenoudergezin met moeder;2006;0;1;1;-1;-1;0;0;0
5532;Mannen en vrouwen;Cyprus;Personen in eenoudergezin met moeder;2007;2;0;0;2;2;0;0;0
5533;Mannen en vrouwen;Cyprus;Personen in eenoudergezin met moeder;2008;1;2;2;-1;-1;0;0;0
5534;Mannen en vrouwen;Cyprus;Personen in eenoudergezin met moeder;2009;2;3;2;-1;0;0;1;-1
5535;Mannen en vrouwen;Cyprus;Personen in samenwonend paar met kin...;1995;1;0;0;1;1;0;0;0
5536;Mannen en vrouwen;Cyprus;Personen in samenwonend paar met kin...;1996;0;0;0;0;0;0;0;0
5537;Mannen en vrouwen;Cyprus;Personen in samenwonend paar met kin...;1997;0;0;0;0;0;0;0;0
5538;Mannen en vrouwen;Cyprus;Personen in samenwonend paar met kin...;1998;0;0;0;0;0;0;0;0
5539;Mannen en vrouwen;Cyprus;Personen in samenwonend paar met kin...;1999;0;0;0;0;0;0;0;0
5540;Mannen en vrouwen;Cyprus;Personen in samenwonend paar met kin...;2000;0;0;0;0;0;0;0;0
5541;Mannen en vrouwen;Cyprus;Personen in samenwonend paar met kin...;2001;1;0;0;1;1;0;0;0
5542;Mannen en vrouwen;Cyprus;Personen in samenwonend paar met kin...;2002;0;0;0;0;0;0;0;0
5543;Mannen en vrouwen;Cyprus;Personen in samenwonend paar met kin...;2003;0;0;0;0;0;0;0;0
5544;Mannen en vrouwen;Cyprus;Personen in samenwonend paar met kin...;2004;0;0;0;0;0;0;0;0
5545;Mannen en vrouwen;Cyprus;Personen in samenwonend paar met kin...;2005;0;0;0;0;0;0;0;0
5546;Mannen en vrouwen;Cyprus;Personen in samenwonend paar met kin...;2006;2;0;0;2;2;0;0;0
5547;Mannen en vrouwen;Cyprus;Personen in samenwonend paar met kin...;2007;0;0;0;0;0;0;0;0
5548;Mannen en vrouwen;Cyprus;Personen in samenwonend paar met kin...;2008;0;0;0;0;0;0;0;0
5549;Mannen en vrouwen;Cyprus;Personen in samenwonend paar met kin...;2009;1;1;1;0;0;0;0;0
5550;Mannen en vrouwen;Cyprus;Alleengaanden;1995;22;7;5;15;17;0;2;-2
5551;Mannen en vrouwen;Cyprus;Alleengaanden;1996;20;11;5;9;15;1;7;-6
5552;Mannen en vrouwen;Cyprus;Alleengaanden;1997;23;8;4;15;19;0;4;-4
5553;Mannen en vrouwen;Cyprus;Alleengaanden;1998;16;6;3;10;13;0;3;-3
5554;Mannen en vrouwen;Cyprus;Alleengaanden;1999;17;15;8;2;9;0;7;-7
5555;Mannen en vrouwen;Cyprus;Alleengaanden;2000;23;6;5;17;18;1;2;-1
5556;Mannen en vrouwen;Cyprus;Alleengaanden;2001;20;7;3;13;17;1;5;-4
5557;Mannen en vrouwen;Cyprus;Alleengaanden;2002;21;8;3;13;18;1;6;-5
5558;Mannen en vrouwen;Cyprus;Alleengaanden;2003;18;9;5;9;13;1;5;-4
5559;Mannen en vrouwen;Cyprus;Alleengaanden;2004;32;20;13;12;19;1;8;-7
5560;Mannen en vrouwen;Cyprus;Alleengaanden;2005;34;23;8;11;26;2;17;-15
5561;Mannen en vrouwen;Cyprus;Alleengaanden;2006;27;21;10;6;17;1;12;-11
5562;Mannen en vrouwen;Cyprus;Alleengaanden;2007;45;17;6;28;39;2;13;-11
5563;Mannen en vrouwen;Cyprus;Alleengaanden;2008;65;34;15;31;50;2;21;-19
5564;Mannen en vrouwen;Cyprus;Alleengaanden;2009;62;37;20;25;42;1;18;-17
5565;Mannen en vrouwen;Denemarken;Totaal personen;1995;264;261;214;3;50;2;49;-47
5566;Mannen en vrouwen;Denemarken;Totaal personen;1996;393;250;169;143;224;6;87;-81
5567;Mannen en vrouwen;Denemarken;Totaal personen;1997;348;275;207;73;141;2;70;-68
5568;Mannen en vrouwen;Denemarken;Totaal personen;1998;409;276;215;133;194;7;68;-61
5569;Mannen en vrouwen;Denemarken;Totaal personen;1999;405;255;188;150;217;1;68;-67
5570;Mannen en vrouwen;Denemarken;Totaal personen;2000;489;326;263;163;226;8;71;-63
5571;Mannen en vrouwen;Denemarken;Totaal personen;2001;377;304;242;73;135;8;70;-62
5572;Mannen en vrouwen;Denemarken;Totaal personen;2002;291;320;231;-29;60;12;101;-89
5573;Mannen en vrouwen;Denemarken;Totaal personen;2003;349;277;194;72;155;12;95;-83
5574;Mannen en vrouwen;Denemarken;Totaal personen;2004;332;332;223;0;109;9;118;-109
5575;Mannen en vrouwen;Denemarken;Totaal personen;2005;276;318;231;-42;45;10;97;-87
5576;Mannen en vrouwen;Denemarken;Totaal personen;2006;327;276;174;51;153;14;116;-102
5577;Mannen en vrouwen;Denemarken;Totaal personen;2007;325;334;252;-9;73;6;88;-82
5578;Mannen en vrouwen;Denemarken;Totaal personen;2008;402;359;248;43;154;7;118;-111
5579;Mannen en vrouwen;Denemarken;Totaal personen;2009;321;348;246;-27;75;15;117;-102
5580;Mannen en vrouwen;Denemarken;Totaal in gezinsverband;1995;42;95;88;-53;-46;0;7;-7
5581;Mannen en vrouwen;Denemarken;Totaal in gezinsverband;1996;88;67;59;21;29;2;10;-8
5582;Mannen en vrouwen;Denemarken;Totaal in gezinsverband;1997;76;87;74;-11;2;0;13;-13
5583;Mannen en vrouwen;Denemarken;Totaal in gezinsverband;1998;45;95;82;-50;-37;0;13;-13
5584;Mannen en vrouwen;Denemarken;Totaal in gezinsverband;1999;65;84;82;-19;-17;0;2;-2
5585;Mannen en vrouwen;Denemarken;Totaal in gezinsverband;2000;58;111;97;-53;-39;1;15;-14
5586;Mannen en vrouwen;Denemarken;Totaal in gezinsverband;2001;41;112;97;-71;-56;0;15;-15
5587;Mannen en vrouwen;Denemarken;Totaal in gezinsverband;2002;22;84;79;-62;-57;5;10;-5
5588;Mannen en vrouwen;Denemarken;Totaal in gezinsverband;2003;36;66;54;-30;-18;0;12;-12
5589;Mannen en vrouwen;Denemarken;Totaal in gezinsverband;2004;45;95;80;-50;-35;0;15;-15
5590;Mannen en vrouwen;Denemarken;Totaal in gezinsverband;2005;42;91;83;-49;-41;1;9;-8
5591;Mannen en vrouwen;Denemarken;Totaal in gezinsverband;2006;53;74;67;-21;-14;1;8;-7
5592;Mannen en vrouwen;Denemarken;Totaal in gezinsverband;2007;54;123;106;-69;-52;1;18;-17
5593;Mannen en vrouwen;Denemarken;Totaal in gezinsverband;2008;66;101;92;-35;-26;3;12;-9
5594;Mannen en vrouwen;Denemarken;Totaal in gezinsverband;2009;42;102;91;-60;-49;0;11;-11
5595;Mannen en vrouwen;Denemarken;Personen in echtpaar;1995;19;61;56;-42;-37;0;5;-5
5596;Mannen en vrouwen;Denemarken;Personen in echtpaar;1996;40;45;36;-5;4;0;9;-9
5597;Mannen en vrouwen;Denemarken;Personen in echtpaar;1997;32;64;55;-32;-23;0;9;-9
5598;Mannen en vrouwen;Denemarken;Personen in echtpaar;1998;18;70;59;-52;-41;0;11;-11
5599;Mannen en vrouwen;Denemarken;Personen in echtpaar;1999;35;49;48;-14;-13;0;1;-1
5600;Mannen en vrouwen;Denemarken;Personen in echtpaar;2000;27;91;78;-64;-51;0;13;-13
5601;Mannen en vrouwen;Denemarken;Personen in echtpaar;2001;16;84;77;-68;-61;0;7;-7
5602;Mannen en vrouwen;Denemarken;Personen in echtpaar;2002;9;63;60;-54;-51;5;8;-3
5603;Mannen en vrouwen;Denemarken;Personen in echtpaar;2003;25;48;40;-23;-15;0;8;-8
5604;Mannen en vrouwen;Denemarken;Personen in echtpaar;2004;25;53;44;-28;-19;0;9;-9
5605;Mannen en vrouwen;Denemarken;Personen in echtpaar;2005;19;50;50;-31;-31;1;1;0
5606;Mannen en vrouwen;Denemarken;Personen in echtpaar;2006;29;52;50;-23;-21;0;2;-2
5607;Mannen en vrouwen;Denemarken;Personen in echtpaar;2007;36;84;70;-48;-34;0;14;-14
5608;Mannen en vrouwen;Denemarken;Personen in echtpaar;2008;32;68;62;-36;-30;3;9;-6
5609;Mannen en vrouwen;Denemarken;Personen in echtpaar;2009;19;67;61;-48;-42;0;6;-6
5610;Mannen en vrouwen;Denemarken;Personen in eenoudergezin met vader;1995;2;6;6;-4;-4;0;0;0
5611;Mannen en vrouwen;Denemarken;Personen in eenoudergezin met vader;1996;1;1;1;0;0;0;0;0
5612;Mannen en vrouwen;Denemarken;Personen in eenoudergezin met vader;1997;2;0;0;2;2;0;0;0
5613;Mannen en vrouwen;Denemarken;Personen in eenoudergezin met vader;1998;2;1;0;1;2;0;1;-1
5614;Mannen en vrouwen;Denemarken;Personen in eenoudergezin met vader;1999;0;0;0;0;0;0;0;0
5615;Mannen en vrouwen;Denemarken;Personen in eenoudergezin met vader;2000;3;0;0;3;3;0;0;0
5616;Mannen en vrouwen;Denemarken;Personen in eenoudergezin met vader;2001;1;0;0;1;1;0;0;0
5617;Mannen en vrouwen;Denemarken;Personen in eenoudergezin met vader;2002;0;2;1;-2;-1;0;1;-1
5618;Mannen en vrouwen;Denemarken;Personen in eenoudergezin met vader;2003;1;0;0;1;1;0;0;0
5619;Mannen en vrouwen;Denemarken;Personen in eenoudergezin met vader;2004;4;8;5;-4;-1;0;3;-3
5620;Mannen en vrouwen;Denemarken;Personen in eenoudergezin met vader;2005;5;1;1;4;4;0;0;0
5621;Mannen en vrouwen;Denemarken;Personen in eenoudergezin met vader;2006;4;0;0;4;4;0;0;0
5622;Mannen en vrouwen;Denemarken;Personen in eenoudergezin met vader;2007;5;1;1;4;4;0;0;0
5623;Mannen en vrouwen;Denemarken;Personen in eenoudergezin met vader;2008;1;1;1;0;0;0;0;0
5624;Mannen en vrouwen;Denemarken;Personen in eenoudergezin met vader;2009;4;1;1;3;3;0;0;0
5625;Mannen en vrouwen;Denemarken;Personen in eenoudergezin met moeder;1995;20;24;22;-4;-2;0;2;-2
5626;Mannen en vrouwen;Denemarken;Personen in eenoudergezin met moeder;1996;35;13;14;22;21;2;1;1
5627;Mannen en vrouwen;Denemarken;Personen in eenoudergezin met moeder;1997;17;18;14;-1;3;0;4;-4
5628;Mannen en vrouwen;Denemarken;Personen in eenoudergezin met moeder;1998;21;18;17;3;4;0;1;-1
5629;Mannen en vrouwen;Denemarken;Personen in eenoudergezin met moeder;1999;16;23;22;-7;-6;0;1;-1
5630;Mannen en vrouwen;Denemarken;Personen in eenoudergezin met moeder;2000;26;17;17;9;9;1;1;0
5631;Mannen en vrouwen;Denemarken;Personen in eenoudergezin met moeder;2001;18;16;12;2;6;0;4;-4
5632;Mannen en vrouwen;Denemarken;Personen in eenoudergezin met moeder;2002;12;17;16;-5;-4;0;1;-1
5633;Mannen en vrouwen;Denemarken;Personen in eenoudergezin met moeder;2003;9;12;9;-3;0;0;3;-3
5634;Mannen en vrouwen;Denemarken;Personen in eenoudergezin met moeder;2004;15;27;26;-12;-11;0;1;-1
5635;Mannen en vrouwen;Denemarken;Personen in eenoudergezin met moeder;2005;11;28;20;-17;-9;0;8;-8
5636;Mannen en vrouwen;Denemarken;Personen in eenoudergezin met moeder;2006;17;14;11;3;6;0;3;-3
5637;Mannen en vrouwen;Denemarken;Personen in eenoudergezin met moeder;2007;11;21;20;-10;-9;1;2;-1
5638;Mannen en vrouwen;Denemarken;Personen in eenoudergezin met moeder;2008;22;17;15;5;7;0;2;-2
5639;Mannen en vrouwen;Denemarken;Personen in eenoudergezin met moeder;2009;12;32;27;-20;-15;0;5;-5
5640;Mannen en vrouwen;Denemarken;Personen in samenwonend paar met kin...;1995;1;4;4;-3;-3;0;0;0
5641;Mannen en vrouwen;Denemarken;Personen in samenwonend paar met kin...;1996;12;8;8;4;4;0;0;0
5642;Mannen en vrouwen;Denemarken;Personen in samenwonend paar met kin...;1997;25;5;5;20;20;0;0;0
5643;Mannen en vrouwen;Denemarken;Personen in samenwonend paar met kin...;1998;4;6;6;-2;-2;0;0;0
5644;Mannen en vrouwen;Denemarken;Personen in samenwonend paar met kin...;1999;14;12;12;2;2;0;0;0
5645;Mannen en vrouwen;Denemarken;Personen in samenwonend paar met kin...;2000;2;3;2;-1;0;0;1;-1
5646;Mannen en vrouwen;Denemarken;Personen in samenwonend paar met kin...;2001;6;12;8;-6;-2;0;4;-4
5647;Mannen en vrouwen;Denemarken;Personen in samenwonend paar met kin...;2002;1;2;2;-1;-1;0;0;0
5648;Mannen en vrouwen;Denemarken;Personen in samenwonend paar met kin...;2003;1;6;5;-5;-4;0;1;-1
5649;Mannen en vrouwen;Denemarken;Personen in samenwonend paar met kin...;2004;1;7;5;-6;-4;0;2;-2
5650;Mannen en vrouwen;Denemarken;Personen in samenwonend paar met kin...;2005;7;12;12;-5;-5;0;0;0
5651;Mannen en vrouwen;Denemarken;Personen in samenwonend paar met kin...;2006;3;8;6;-5;-3;1;3;-2
5652;Mannen en vrouwen;Denemarken;Personen in samenwonend paar met kin...;2007;2;17;15;-15;-13;0;2;-2
5653;Mannen en vrouwen;Denemarken;Personen in samenwonend paar met kin...;2008;11;15;14;-4;-3;0;1;-1
5654;Mannen en vrouwen;Denemarken;Personen in samenwonend paar met kin...;2009;7;2;2;5;5;0;0;0
5655;Mannen en vrouwen;Denemarken;Alleengaanden;1995;222;166;126;56;96;2;42;-40
5656;Mannen en vrouwen;Denemarken;Alleengaanden;1996;305;183;110;122;195;4;77;-73
5657;Mannen en vrouwen;Denemarken;Alleengaanden;1997;272;188;133;84;139;2;57;-55
5658;Mannen en vrouwen;Denemarken;Alleengaanden;1998;364;181;133;183;231;7;55;-48
5659;Mannen en vrouwen;Denemarken;Alleengaanden;1999;340;171;106;169;234;1;66;-65
5660;Mannen en vrouwen;Denemarken;Alleengaanden;2000;431;215;166;216;265;7;56;-49
5661;Mannen en vrouwen;Denemarken;Alleengaanden;2001;336;192;145;144;191;8;55;-47
5662;Mannen en vrouwen;Denemarken;Alleengaanden;2002;269;236;152;33;117;7;91;-84
5663;Mannen en vrouwen;Denemarken;Alleengaanden;2003;313;211;140;102;173;12;83;-71
5664;Mannen en vrouwen;Denemarken;Alleengaanden;2004;287;237;143;50;144;9;103;-94
5665;Mannen en vrouwen;Denemarken;Alleengaanden;2005;234;227;148;7;86;9;88;-79
5666;Mannen en vrouwen;Denemarken;Alleengaanden;2006;274;202;107;72;167;13;108;-95
5667;Mannen en vrouwen;Denemarken;Alleengaanden;2007;271;211;146;60;125;5;70;-65
5668;Mannen en vrouwen;Denemarken;Alleengaanden;2008;336;258;156;78;180;4;106;-102
5669;Mannen en vrouwen;Denemarken;Alleengaanden;2009;279;246;155;33;124;15;106;-91
5670;Mannen en vrouwen;Djibouti;Totaal personen;1995;8;0;0;8;8;0;0;0
5671;Mannen en vrouwen;Djibouti;Totaal personen;1996;9;3;0;6;9;0;3;-3
5672;Mannen en vrouwen;Djibouti;Totaal personen;1997;15;5;2;10;13;0;3;-3
5673;Mannen en vrouwen;Djibouti;Totaal personen;1998;16;8;3;8;13;0;5;-5
5674;Mannen en vrouwen;Djibouti;Totaal personen;1999;5;8;3;-3;2;0;5;-5
5675;Mannen en vrouwen;Djibouti;Totaal personen;2000;19;7;1;12;18;1;7;-6
5676;Mannen en vrouwen;Djibouti;Totaal personen;2001;15;13;7;2;8;2;8;-6
5677;Mannen en vrouwen;Djibouti;Totaal personen;2002;12;15;3;-3;9;3;15;-12
5678;Mannen en vrouwen;Djibouti;Totaal personen;2003;15;13;5;2;10;3;11;-8
5679;Mannen en vrouwen;Djibouti;Totaal personen;2004;7;9;8;-2;-1;4;5;-1
5680;Mannen en vrouwen;Djibouti;Totaal personen;2005;3;11;9;-8;-6;1;3;-2
5681;Mannen en vrouwen;Djibouti;Totaal personen;2006;3;4;4;-1;-1;2;2;0
5682;Mannen en vrouwen;Djibouti;Totaal personen;2007;4;7;2;-3;2;0;5;-5
5683;Mannen en vrouwen;Djibouti;Totaal personen;2008;6;3;4;3;2;3;2;1
5684;Mannen en vrouwen;Djibouti;Totaal personen;2009;7;6;4;1;3;1;3;-2
5685;Mannen en vrouwen;Djibouti;Totaal in gezinsverband;1995;1;0;0;1;1;0;0;0
5686;Mannen en vrouwen;Djibouti;Totaal in gezinsverband;1996;1;1;0;0;1;0;1;-1
5687;Mannen en vrouwen;Djibouti;Totaal in gezinsverband;1997;0;2;0;-2;0;0;2;-2
5688;Mannen en vrouwen;Djibouti;Totaal in gezinsverband;1998;0;2;0;-2;0;0;2;-2
5689;Mannen en vrouwen;Djibouti;Totaal in gezinsverband;1999;0;1;0;-1;0;0;1;-1
5690;Mannen en vrouwen;Djibouti;Totaal in gezinsverband;2000;3;1;1;2;2;0;0;0
5691;Mannen en vrouwen;Djibouti;Totaal in gezinsverband;2001;3;3;2;0;1;0;1;-1
5692;Mannen en vrouwen;Djibouti;Totaal in gezinsverband;2002;6;4;2;2;4;0;2;-2
5693;Mannen en vrouwen;Djibouti;Totaal in gezinsverband;2003;5;6;3;-1;2;0;3;-3
5694;Mannen en vrouwen;Djibouti;Totaal in gezinsverband;2004;0;7;7;-7;-7;2;2;0
5695;Mannen en vrouwen;Djibouti;Totaal in gezinsverband;2005;1;6;5;-5;-4;0;1;-1
5696;Mannen en vrouwen;Djibouti;Totaal in gezinsverband;2006;0;3;3;-3;-3;0;0;0
5697;Mannen en vrouwen;Djibouti;Totaal in gezinsverband;2007;2;2;1;0;1;0;1;-1
5698;Mannen en vrouwen;Djibouti;Totaal in gezinsverband;2008;3;2;2;1;1;0;0;0
5699;Mannen en vrouwen;Djibouti;Totaal in gezinsverband;2009;0;2;2;-2;-2;0;0;0
5700;Mannen en vrouwen;Djibouti;Personen in echtpaar;1995;0;0;0;0;0;0;0;0
5701;Mannen en vrouwen;Djibouti;Personen in echtpaar;1996;0;0;0;0;0;0;0;0
5702;Mannen en vrouwen;Djibouti;Personen in echtpaar;1997;0;1;0;-1;0;0;1;-1
5703;Mannen en vrouwen;Djibouti;Personen in echtpaar;1998;0;0;0;0;0;0;0;0
5704;Mannen en vrouwen;Djibouti;Personen in echtpaar;1999;0;1;0;-1;0;0;1;-1
5705;Mannen en vrouwen;Djibouti;Personen in echtpaar;2000;0;0;0;0;0;0;0;0
5706;Mannen en vrouwen;Djibouti;Personen in echtpaar;2001;0;0;0;0;0;0;0;0
5707;Mannen en vrouwen;Djibouti;Personen in echtpaar;2002;0;0;0;0;0;0;0;0
5708;Mannen en vrouwen;Djibouti;Personen in echtpaar;2003;0;1;0;-1;0;0;1;-1
5709;Mannen en vrouwen;Djibouti;Personen in echtpaar;2004;0;1;1;-1;-1;0;0;0
5710;Mannen en vrouwen;Djibouti;Personen in echtpaar;2005;0;1;1;-1;-1;0;0;0
5711;Mannen en vrouwen;Djibouti;Personen in echtpaar;2006;0;0;0;0;0;0;0;0
5712;Mannen en vrouwen;Djibouti;Personen in echtpaar;2007;0;0;0;0;0;0;0;0
5713;Mannen en vrouwen;Djibouti;Personen in echtpaar;2008;0;0;0;0;0;0;0;0
5714;Mannen en vrouwen;Djibouti;Personen in echtpaar;2009;0;1;1;-1;-1;0;0;0
5715;Mannen en vrouwen;Djibouti;Personen in eenoudergezin met vader;1995;0;0;0;0;0;0;0;0
5716;Mannen en vrouwen;Djibouti;Personen in eenoudergezin met vader;1996;0;0;0;0;0;0;0;0
5717;Mannen en vrouwen;Djibouti;Personen in eenoudergezin met vader;1997;0;0;0;0;0;0;0;0
5718;Mannen en vrouwen;Djibouti;Personen in eenoudergezin met vader;1998;0;0;0;0;0;0;0;0
5719;Mannen en vrouwen;Djibouti;Personen in eenoudergezin met vader;1999;0;0;0;0;0;0;0;0
5720;Mannen en vrouwen;Djibouti;Personen in eenoudergezin met vader;2000;0;0;0;0;0;0;0;0
5721;Mannen en vrouwen;Djibouti;Personen in eenoudergezin met vader;2001;0;0;0;0;0;0;0;0
5722;Mannen en vrouwen;Djibouti;Personen in eenoudergezin met vader;2002;2;0;0;2;2;0;0;0
5723;Mannen en vrouwen;Djibouti;Personen in eenoudergezin met vader;2003;0;0;0;0;0;0;0;0
5724;Mannen en vrouwen;Djibouti;Personen in eenoudergezin met vader;2004;0;0;0;0;0;0;0;0
5725;Mannen en vrouwen;Djibouti;Personen in eenoudergezin met vader;2005;0;1;0;-1;0;0;1;-1
5726;Mannen en vrouwen;Djibouti;Personen in eenoudergezin met vader;2006;0;0;0;0;0;0;0;0
5727;Mannen en vrouwen;Djibouti;Personen in eenoudergezin met vader;2007;0;0;0;0;0;0;0;0
5728;Mannen en vrouwen;Djibouti;Personen in eenoudergezin met vader;2008;0;0;0;0;0;0;0;0
5729;Mannen en vrouwen;Djibouti;Personen in eenoudergezin met vader;2009;0;0;0;0;0;0;0;0
5730;Mannen en vrouwen;Djibouti;Personen in eenoudergezin met moeder;1995;1;0;0;1;1;0;0;0
5731;Mannen en vrouwen;Djibouti;Personen in eenoudergezin met moeder;1996;0;1;0;-1;0;0;1;-1
5732;Mannen en vrouwen;Djibouti;Personen in eenoudergezin met moeder;1997;0;1;0;-1;0;0;1;-1
5733;Mannen en vrouwen;Djibouti;Personen in eenoudergezin met moeder;1998;0;2;0;-2;0;0;2;-2
5734;Mannen en vrouwen;Djibouti;Personen in eenoudergezin met moeder;1999;0;0;0;0;0;0;0;0
5735;Mannen en vrouwen;Djibouti;Personen in eenoudergezin met moeder;2000;3;1;1;2;2;0;0;0
5736;Mannen en vrouwen;Djibouti;Personen in eenoudergezin met moeder;2001;2;3;2;-1;0;0;1;-1
5737;Mannen en vrouwen;Djibouti;Personen in eenoudergezin met moeder;2002;4;4;2;0;2;0;2;-2
5738;Mannen en vrouwen;Djibouti;Personen in eenoudergezin met moeder;2003;5;5;3;0;2;0;2;-2
5739;Mannen en vrouwen;Djibouti;Personen in eenoudergezin met moeder;2004;0;6;6;-6;-6;2;2;0
5740;Mannen en vrouwen;Djibouti;Personen in eenoudergezin met moeder;2005;1;4;4;-3;-3;0;0;0
5741;Mannen en vrouwen;Djibouti;Personen in eenoudergezin met moeder;2006;0;3;3;-3;-3;0;0;0
5742;Mannen en vrouwen;Djibouti;Personen in eenoudergezin met moeder;2007;1;2;1;-1;0;0;1;-1
5743;Mannen en vrouwen;Djibouti;Personen in eenoudergezin met moeder;2008;3;2;2;1;1;0;0;0
5744;Mannen en vrouwen;Djibouti;Personen in eenoudergezin met moeder;2009;0;1;1;-1;-1;0;0;0
5745;Mannen en vrouwen;Djibouti;Personen in samenwonend paar met kin...;1995;0;0;0;0;0;0;0;0
5746;Mannen en vrouwen;Djibouti;Personen in samenwonend paar met kin...;1996;1;0;0;1;1;0;0;0
5747;Mannen en vrouwen;Djibouti;Personen in samenwonend paar met kin...;1997;0;0;0;0;0;0;0;0
5748;Mannen en vrouwen;Djibouti;Personen in samenwonend paar met kin...;1998;0;0;0;0;0;0;0;0
5749;Mannen en vrouwen;Djibouti;Personen in samenwonend paar met kin...;1999;0;0;0;0;0;0;0;0
5750;Mannen en vrouwen;Djibouti;Personen in samenwonend paar met kin...;2000;0;0;0;0;0;0;0;0
5751;Mannen en vrouwen;Djibouti;Personen in samenwonend paar met kin...;2001;1;0;0;1;1;0;0;0
5752;Mannen en vrouwen;Djibouti;Personen in samenwonend paar met kin...;2002;0;0;0;0;0;0;0;0
5753;Mannen en vrouwen;Djibouti;Personen in samenwonend paar met kin...;2003;0;0;0;0;0;0;0;0
5754;Mannen en vrouwen;Djibouti;Personen in samenwonend paar met kin...;2004;0;0;0;0;0;0;0;0
5755;Mannen en vrouwen;Djibouti;Personen in samenwonend paar met kin...;2005;0;0;0;0;0;0;0;0
5756;Mannen en vrouwen;Djibouti;Personen in samenwonend paar met kin...;2006;0;0;0;0;0;0;0;0
5757;Mannen en vrouwen;Djibouti;Personen in samenwonend paar met kin...;2007;1;0;0;1;1;0;0;0
5758;Mannen en vrouwen;Djibouti;Personen in samenwonend paar met kin...;2008;0;0;0;0;0;0;0;0
5759;Mannen en vrouwen;Djibouti;Personen in samenwonend paar met kin...;2009;0;0;0;0;0;0;0;0
5760;Mannen en vrouwen;Djibouti;Alleengaanden;1995;7;0;0;7;7;0;0;0
5761;Mannen en vrouwen;Djibouti;Alleengaanden;1996;8;2;0;6;8;0;2;-2
5762;Mannen en vrouwen;Djibouti;Alleengaanden;1997;15;3;2;12;13;0;1;-1
5763;Mannen en vrouwen;Djibouti;Alleengaanden;1998;16;6;3;10;13;0;3;-3
5764;Mannen en vrouwen;Djibouti;Alleengaanden;1999;5;7;3;-2;2;0;4;-4
5765;Mannen en vrouwen;Djibouti;Alleengaanden;2000;16;6;0;10;16;1;7;-6
5766;Mannen en vrouwen;Djibouti;Alleengaanden;2001;12;10;5;2;7;2;7;-5
5767;Mannen en vrouwen;Djibouti;Alleengaanden;2002;6;11;1;-5;5;3;13;-10
5768;Mannen en vrouwen;Djibouti;Alleengaanden;2003;10;7;2;3;8;3;8;-5
5769;Mannen en vrouwen;Djibouti;Alleengaanden;2004;7;2;1;5;6;2;3;-1
5770;Mannen en vrouwen;Djibouti;Alleengaanden;2005;2;5;4;-3;-2;1;2;-1
5771;Mannen en vrouwen;Djibouti;Alleengaanden;2006;3;1;1;2;2;2;2;0
5772;Mannen en vrouwen;Djibouti;Alleengaanden;2007;2;5;1;-3;1;0;4;-4
5773;Mannen en vrouwen;Djibouti;Alleengaanden;2008;3;1;2;2;1;3;2;1
5774;Mannen en vrouwen;Djibouti;Alleengaanden;2009;7;4;2;3;5;1;3;-2
5775;Mannen en vrouwen;Dominica;Totaal personen;1995;4;3;2;1;2;1;2;-1
5776;Mannen en vrouwen;Dominica;Totaal personen;1996;8;4;0;4;8;0;4;-4
5777;Mannen en vrouwen;Dominica;Totaal personen;1997;5;2;1;3;4;0;1;-1
5778;Mannen en vrouwen;Dominica;Totaal personen;1998;9;0;1;9;8;1;0;1
5779;Mannen en vrouwen;Dominica;Totaal personen;1999;12;3;2;9;10;0;1;-1
5780;Mannen en vrouwen;Dominica;Totaal personen;2000;11;3;1;8;10;0;2;-2
5781;Mannen en vrouwen;Dominica;Totaal personen;2001;13;4;2;9;11;0;2;-2
5782;Mannen en vrouwen;Dominica;Totaal personen;2002;12;4;4;8;8;1;1;0
5783;Mannen en vrouwen;Dominica;Totaal personen;2003;12;2;1;10;11;0;1;-1
5784;Mannen en vrouwen;Dominica;Totaal personen;2004;8;7;6;1;2;0;1;-1
5785;Mannen en vrouwen;Dominica;Totaal personen;2005;2;7;4;-5;-2;1;4;-3
5786;Mannen en vrouwen;Dominica;Totaal personen;2006;4;5;4;-1;0;0;1;-1
5787;Mannen en vrouwen;Dominica;Totaal personen;2007;4;5;2;-1;2;0;3;-3
5788;Mannen en vrouwen;Dominica;Totaal personen;2008;7;2;3;5;4;2;1;1
5789;Mannen en vrouwen;Dominica;Totaal personen;2009;4;8;4;-4;0;0;4;-4
5790;Mannen en vrouwen;Dominica;Totaal in gezinsverband;1995;1;2;1;-1;0;0;1;-1
5791;Mannen en vrouwen;Dominica;Totaal in gezinsverband;1996;1;0;0;1;1;0;0;0
5792;Mannen en vrouwen;Dominica;Totaal in gezinsverband;1997;0;1;1;-1;-1;0;0;0
5793;Mannen en vrouwen;Dominica;Totaal in gezinsverband;1998;0;0;0;0;0;0;0;0
5794;Mannen en vrouwen;Dominica;Totaal in gezinsverband;1999;1;0;0;1;1;0;0;0
5795;Mannen en vrouwen;Dominica;Totaal in gezinsverband;2000;2;1;1;1;1;0;0;0
5796;Mannen en vrouwen;Dominica;Totaal in gezinsverband;2001;5;1;1;4;4;0;0;0
5797;Mannen en vrouwen;Dominica;Totaal in gezinsverband;2002;2;3;3;-1;-1;0;0;0
5798;Mannen en vrouwen;Dominica;Totaal in gezinsverband;2003;2;0;0;2;2;0;0;0
5799;Mannen en vrouwen;Dominica;Totaal in gezinsverband;2004;2;2;2;0;0;0;0;0
5800;Mannen en vrouwen;Dominica;Totaal in gezinsverband;2005;0;2;2;-2;-2;0;0;0
5801;Mannen en vrouwen;Dominica;Totaal in gezinsverband;2006;2;0;0;2;2;0;0;0
5802;Mannen en vrouwen;Dominica;Totaal in gezinsverband;2007;0;2;0;-2;0;0;2;-2
5803;Mannen en vrouwen;Dominica;Totaal in gezinsverband;2008;0;1;1;-1;-1;0;0;0
5804;Mannen en vrouwen;Dominica;Totaal in gezinsverband;2009;0;0;0;0;0;0;0;0
5805;Mannen en vrouwen;Dominica;Personen in echtpaar;1995;1;1;1;0;0;0;0;0
5806;Mannen en vrouwen;Dominica;Personen in echtpaar;1996;1;0;0;1;1;0;0;0
5807;Mannen en vrouwen;Dominica;Personen in echtpaar;1997;0;1;1;-1;-1;0;0;0
5808;Mannen en vrouwen;Dominica;Personen in echtpaar;1998;0;0;0;0;0;0;0;0
5809;Mannen en vrouwen;Dominica;Personen in echtpaar;1999;0;0;0;0;0;0;0;0
5810;Mannen en vrouwen;Dominica;Personen in echtpaar;2000;2;0;0;2;2;0;0;0
5811;Mannen en vrouwen;Dominica;Personen in echtpaar;2001;1;1;1;0;0;0;0;0
5812;Mannen en vrouwen;Dominica;Personen in echtpaar;2002;0;3;3;-3;-3;0;0;0
5813;Mannen en vrouwen;Dominica;Personen in echtpaar;2003;1;0;0;1;1;0;0;0
5814;Mannen en vrouwen;Dominica;Personen in echtpaar;2004;0;2;2;-2;-2;0;0;0
5815;Mannen en vrouwen;Dominica;Personen in echtpaar;2005;0;1;1;-1;-1;0;0;0
5816;Mannen en vrouwen;Dominica;Personen in echtpaar;2006;0;0;0;0;0;0;0;0
5817;Mannen en vrouwen;Dominica;Personen in echtpaar;2007;0;0;0;0;0;0;0;0
5818;Mannen en vrouwen;Dominica;Personen in echtpaar;2008;0;1;1;-1;-1;0;0;0
5819;Mannen en vrouwen;Dominica;Personen in echtpaar;2009;0;0;0;0;0;0;0;0
5820;Mannen en vrouwen;Dominica;Personen in eenoudergezin met vader;1995;0;0;0;0;0;0;0;0
5821;Mannen en vrouwen;Dominica;Personen in eenoudergezin met vader;1996;0;0;0;0;0;0;0;0
5822;Mannen en vrouwen;Dominica;Personen in eenoudergezin met vader;1997;0;0;0;0;0;0;0;0
5823;Mannen en vrouwen;Dominica;Personen in eenoudergezin met vader;1998;0;0;0;0;0;0;0;0
5824;Mannen en vrouwen;Dominica;Personen in eenoudergezin met vader;1999;0;0;0;0;0;0;0;0
5825;Mannen en vrouwen;Dominica;Personen in eenoudergezin met vader;2000;0;0;0;0;0;0;0;0
5826;Mannen en vrouwen;Dominica;Personen in eenoudergezin met vader;2001;2;0;0;2;2;0;0;0
5827;Mannen en vrouwen;Dominica;Personen in eenoudergezin met vader;2002;0;0;0;0;0;0;0;0
5828;Mannen en vrouwen;Dominica;Personen in eenoudergezin met vader;2003;1;0;0;1;1;0;0;0
5829;Mannen en vrouwen;Dominica;Personen in eenoudergezin met vader;2004;0;0;0;0;0;0;0;0
5830;Mannen en vrouwen;Dominica;Personen in eenoudergezin met vader;2005;0;0;0;0;0;0;0;0
5831;Mannen en vrouwen;Dominica;Personen in eenoudergezin met vader;2006;1;0;0;1;1;0;0;0
5832;Mannen en vrouwen;Dominica;Personen in eenoudergezin met vader;2007;0;0;0;0;0;0;0;0
5833;Mannen en vrouwen;Dominica;Personen in eenoudergezin met vader;2008;0;0;0;0;0;0;0;0
5834;Mannen en vrouwen;Dominica;Personen in eenoudergezin met vader;2009;0;0;0;0;0;0;0;0
5835;Mannen en vrouwen;Dominica;Personen in eenoudergezin met moeder;1995;0;1;0;-1;0;0;1;-1
5836;Mannen en vrouwen;Dominica;Personen in eenoudergezin met moeder;1996;0;0;0;0;0;0;0;0
5837;Mannen en vrouwen;Dominica;Personen in eenoudergezin met moeder;1997;0;0;0;0;0;0;0;0
5838;Mannen en vrouwen;Dominica;Personen in eenoudergezin met moeder;1998;0;0;0;0;0;0;0;0
5839;Mannen en vrouwen;Dominica;Personen in eenoudergezin met moeder;1999;1;0;0;1;1;0;0;0
5840;Mannen en vrouwen;Dominica;Personen in eenoudergezin met moeder;2000;0;1;1;-1;-1;0;0;0
5841;Mannen en vrouwen;Dominica;Personen in eenoudergezin met moeder;2001;2;0;0;2;2;0;0;0
5842;Mannen en vrouwen;Dominica;Personen in eenoudergezin met moeder;2002;2;0;0;2;2;0;0;0
5843;Mannen en vrouwen;Dominica;Personen in eenoudergezin met moeder;2003;0;0;0;0;0;0;0;0
5844;Mannen en vrouwen;Dominica;Personen in eenoudergezin met moeder;2004;2;0;0;2;2;0;0;0
5845;Mannen en vrouwen;Dominica;Personen in eenoudergezin met moeder;2005;0;1;1;-1;-1;0;0;0
5846;Mannen en vrouwen;Dominica;Personen in eenoudergezin met moeder;2006;1;0;0;1;1;0;0;0
5847;Mannen en vrouwen;Dominica;Personen in eenoudergezin met moeder;2007;0;2;0;-2;0;0;2;-2
5848;Mannen en vrouwen;Dominica;Personen in eenoudergezin met moeder;2008;0;0;0;0;0;0;0;0
5849;Mannen en vrouwen;Dominica;Personen in eenoudergezin met moeder;2009;0;0;0;0;0;0;0;0
5850;Mannen en vrouwen;Dominica;Personen in samenwonend paar met kin...;1995;0;0;0;0;0;0;0;0
5851;Mannen en vrouwen;Dominica;Personen in samenwonend paar met kin...;1996;0;0;0;0;0;0;0;0
5852;Mannen en vrouwen;Dominica;Personen in samenwonend paar met kin...;1997;0;0;0;0;0;0;0;0
5853;Mannen en vrouwen;Dominica;Personen in samenwonend paar met kin...;1998;0;0;0;0;0;0;0;0
5854;Mannen en vrouwen;Dominica;Personen in samenwonend paar met kin...;1999;0;0;0;0;0;0;0;0
5855;Mannen en vrouwen;Dominica;Personen in samenwonend paar met kin...;2000;0;0;0;0;0;0;0;0
5856;Mannen en vrouwen;Dominica;Personen in samenwonend paar met kin...;2001;0;0;0;0;0;0;0;0
5857;Mannen en vrouwen;Dominica;Personen in samenwonend paar met kin...;2002;0;0;0;0;0;0;0;0
5858;Mannen en vrouwen;Dominica;Personen in samenwonend paar met kin...;2003;0;0;0;0;0;0;0;0
5859;Mannen en vrouwen;Dominica;Personen in samenwonend paar met kin...;2004;0;0;0;0;0;0;0;0
5860;Mannen en vrouwen;Dominica;Personen in samenwonend paar met kin...;2005;0;0;0;0;0;0;0;0
5861;Mannen en vrouwen;Dominica;Personen in samenwonend paar met kin...;2006;0;0;0;0;0;0;0;0
5862;Mannen en vrouwen;Dominica;Personen in samenwonend paar met kin...;2007;0;0;0;0;0;0;0;0
5863;Mannen en vrouwen;Dominica;Personen in samenwonend paar met kin...;2008;0;0;0;0;0;0;0;0
5864;Mannen en vrouwen;Dominica;Personen in samenwonend paar met kin...;2009;0;0;0;0;0;0;0;0
5865;Mannen en vrouwen;Dominica;Alleengaanden;1995;3;1;1;2;2;1;1;0
5866;Mannen en vrouwen;Dominica;Alleengaanden;1996;7;4;0;3;7;0;4;-4
5867;Mannen en vrouwen;Dominica;Alleengaanden;1997;5;1;0;4;5;0;1;-1
5868;Mannen en vrouwen;Dominica;Alleengaanden;1998;9;0;1;9;8;1;0;1
5869;Mannen en vrouwen;Dominica;Alleengaanden;1999;11;3;2;8;9;0;1;-1
5870;Mannen en vrouwen;Dominica;Alleengaanden;2000;9;2;0;7;9;0;2;-2
5871;Mannen en vrouwen;Dominica;Alleengaanden;2001;8;3;1;5;7;0;2;-2
5872;Mannen en vrouwen;Dominica;Alleengaanden;2002;10;1;1;9;9;1;1;0
5873;Mannen en vrouwen;Dominica;Alleengaanden;2003;10;2;1;8;9;0;1;-1
5874;Mannen en vrouwen;Dominica;Alleengaanden;2004;6;5;4;1;2;0;1;-1
5875;Mannen en vrouwen;Dominica;Alleengaanden;2005;2;5;2;-3;0;1;4;-3
5876;Mannen en vrouwen;Dominica;Alleengaanden;2006;2;5;4;-3;-2;0;1;-1
5877;Mannen en vrouwen;Dominica;Alleengaanden;2007;4;3;2;1;2;0;1;-1
5878;Mannen en vrouwen;Dominica;Alleengaanden;2008;7;1;2;6;5;2;1;1
5879;Mannen en vrouwen;Dominica;Alleengaanden;2009;4;8;4;-4;0;0;4;-4
5880;Mannen en vrouwen;Dominicaanse Republiek;Totaal personen;1995;388;325;140;63;248;38;223;-185
5881;Mannen en vrouwen;Dominicaanse Republiek;Totaal personen;1996;544;279;131;265;413;77;225;-148
5882;Mannen en vrouwen;Dominicaanse Republiek;Totaal personen;1997;547;279;134;268;413;67;212;-145
5883;Mannen en vrouwen;Dominicaanse Republiek;Totaal personen;1998;690;237;129;453;561;62;170;-108
5884;Mannen en vrouwen;Dominicaanse Republiek;Totaal personen;1999;625;266;129;359;496;85;222;-137
5885;Mannen en vrouwen;Dominicaanse Republiek;Totaal personen;2000;699;243;129;456;570;115;229;-114
5886;Mannen en vrouwen;Dominicaanse Republiek;Totaal personen;2001;644;237;152;407;492;94;179;-85
5887;Mannen en vrouwen;Dominicaanse Republiek;Totaal personen;2002;594;318;143;276;451;112;287;-175
5888;Mannen en vrouwen;Dominicaanse Republiek;Totaal personen;2003;424;314;131;110;293;128;311;-183
5889;Mannen en vrouwen;Dominicaanse Republiek;Totaal personen;2004;415;332;202;83;213;169;299;-130
5890;Mannen en vrouwen;Dominicaanse Republiek;Totaal personen;2005;435;373;172;62;263;174;375;-201
5891;Mannen en vrouwen;Dominicaanse Republiek;Totaal personen;2006;448;438;199;10;249;162;401;-239
5892;Mannen en vrouwen;Dominicaanse Republiek;Totaal personen;2007;424;279;147;145;277;205;337;-132
5893;Mannen en vrouwen;Dominicaanse Republiek;Totaal personen;2008;489;334;176;155;313;233;391;-158
5894;Mannen en vrouwen;Dominicaanse Republiek;Totaal personen;2009;579;277;158;302;421;243;362;-119
5895;Mannen en vrouwen;Dominicaanse Republiek;Totaal in gezinsverband;1995;43;100;32;-57;11;7;75;-68
5896;Mannen en vrouwen;Dominicaanse Republiek;Totaal in gezinsverband;1996;49;98;37;-49;12;7;68;-61
5897;Mannen en vrouwen;Dominicaanse Republiek;Totaal in gezinsverband;1997;50;59;28;-9;22;4;35;-31
5898;Mannen en vrouwen;Dominicaanse Republiek;Totaal in gezinsverband;1998;61;60;38;1;23;4;26;-22
5899;Mannen en vrouwen;Dominicaanse Republiek;Totaal in gezinsverband;1999;82;61;29;21;53;4;36;-32
5900;Mannen en vrouwen;Dominicaanse Republiek;Totaal in gezinsverband;2000;101;58;41;43;60;16;33;-17
5901;Mannen en vrouwen;Dominicaanse Republiek;Totaal in gezinsverband;2001;81;51;38;30;43;2;15;-13
5902;Mannen en vrouwen;Dominicaanse Republiek;Totaal in gezinsverband;2002;69;74;40;-5;29;8;42;-34
5903;Mannen en vrouwen;Dominicaanse Republiek;Totaal in gezinsverband;2003;55;57;29;-2;26;10;38;-28
5904;Mannen en vrouwen;Dominicaanse Republiek;Totaal in gezinsverband;2004;43;103;65;-60;-22;5;43;-38
5905;Mannen en vrouwen;Dominicaanse Republiek;Totaal in gezinsverband;2005;55;75;39;-20;16;8;44;-36
5906;Mannen en vrouwen;Dominicaanse Republiek;Totaal in gezinsverband;2006;51;118;56;-67;-5;9;71;-62
5907;Mannen en vrouwen;Dominicaanse Republiek;Totaal in gezinsverband;2007;48;59;40;-11;8;13;32;-19
5908;Mannen en vrouwen;Dominicaanse Republiek;Totaal in gezinsverband;2008;70;78;36;-8;34;11;53;-42
5909;Mannen en vrouwen;Dominicaanse Republiek;Totaal in gezinsverband;2009;50;48;25;2;25;18;41;-23
5910;Mannen en vrouwen;Dominicaanse Republiek;Personen in echtpaar;1995;4;38;15;-34;-11;2;25;-23
5911;Mannen en vrouwen;Dominicaanse Republiek;Personen in echtpaar;1996;12;45;23;-33;-11;4;26;-22
5912;Mannen en vrouwen;Dominicaanse Republiek;Personen in echtpaar;1997;7;19;9;-12;-2;2;12;-10
5913;Mannen en vrouwen;Dominicaanse Republiek;Personen in echtpaar;1998;9;18;13;-9;-4;1;6;-5
5914;Mannen en vrouwen;Dominicaanse Republiek;Personen in echtpaar;1999;10;23;17;-13;-7;0;6;-6
5915;Mannen en vrouwen;Dominicaanse Republiek;Personen in echtpaar;2000;8;17;17;-9;-9;1;1;0
5916;Mannen en vrouwen;Dominicaanse Republiek;Personen in echtpaar;2001;6;7;5;-1;1;2;4;-2
5917;Mannen en vrouwen;Dominicaanse Republiek;Personen in echtpaar;2002;11;20;12;-9;-1;0;8;-8
5918;Mannen en vrouwen;Dominicaanse Republiek;Personen in echtpaar;2003;6;12;8;-6;-2;0;4;-4
5919;Mannen en vrouwen;Dominicaanse Republiek;Personen in echtpaar;2004;3;20;14;-17;-11;0;6;-6
5920;Mannen en vrouwen;Dominicaanse Republiek;Personen in echtpaar;2005;6;29;18;-23;-12;1;12;-11
5921;Mannen en vrouwen;Dominicaanse Republiek;Personen in echtpaar;2006;5;40;21;-35;-16;1;20;-19
5922;Mannen en vrouwen;Dominicaanse Republiek;Personen in echtpaar;2007;5;17;13;-12;-8;1;5;-4
5923;Mannen en vrouwen;Dominicaanse Republiek;Personen in echtpaar;2008;11;21;15;-10;-4;1;7;-6
5924;Mannen en vrouwen;Dominicaanse Republiek;Personen in echtpaar;2009;3;8;7;-5;-4;0;1;-1
5925;Mannen en vrouwen;Dominicaanse Republiek;Personen in eenoudergezin met vader;1995;2;1;0;1;2;1;2;-1
5926;Mannen en vrouwen;Dominicaanse Republiek;Personen in eenoudergezin met vader;1996;0;0;0;0;0;0;0;0
5927;Mannen en vrouwen;Dominicaanse Republiek;Personen in eenoudergezin met vader;1997;0;0;0;0;0;1;1;0
5928;Mannen en vrouwen;Dominicaanse Republiek;Personen in eenoudergezin met vader;1998;4;2;0;2;4;0;2;-2
5929;Mannen en vrouwen;Dominicaanse Republiek;Personen in eenoudergezin met vader;1999;4;2;2;2;2;1;1;0
5930;Mannen en vrouwen;Dominicaanse Republiek;Personen in eenoudergezin met vader;2000;1;3;2;-2;-1;0;1;-1
5931;Mannen en vrouwen;Dominicaanse Republiek;Personen in eenoudergezin met vader;2001;4;6;2;-2;2;0;4;-4
5932;Mannen en vrouwen;Dominicaanse Republiek;Personen in eenoudergezin met vader;2002;3;-1;1;4;2;3;1;2
5933;Mannen en vrouwen;Dominicaanse Republiek;Personen in eenoudergezin met vader;2003;1;2;1;-1;0;0;1;-1
5934;Mannen en vrouwen;Dominicaanse Republiek;Personen in eenoudergezin met vader;2004;0;4;0;-4;0;0;4;-4
5935;Mannen en vrouwen;Dominicaanse Republiek;Personen in eenoudergezin met vader;2005;0;1;0;-1;0;1;2;-1
5936;Mannen en vrouwen;Dominicaanse Republiek;Personen in eenoudergezin met vader;2006;2;0;1;2;1;1;0;1
5937;Mannen en vrouwen;Dominicaanse Republiek;Personen in eenoudergezin met vader;2007;2;0;0;2;2;2;2;0
5938;Mannen en vrouwen;Dominicaanse Republiek;Personen in eenoudergezin met vader;2008;0;3;1;-3;-1;0;2;-2
5939;Mannen en vrouwen;Dominicaanse Republiek;Personen in eenoudergezin met vader;2009;1;6;0;-5;1;0;6;-6
5940;Mannen en vrouwen;Dominicaanse Republiek;Personen in eenoudergezin met moeder;1995;37;59;17;-22;20;4;46;-42
5941;Mannen en vrouwen;Dominicaanse Republiek;Personen in eenoudergezin met moeder;1996;32;53;14;-21;18;3;42;-39
5942;Mannen en vrouwen;Dominicaanse Republiek;Personen in eenoudergezin met moeder;1997;43;39;18;4;25;1;22;-21
5943;Mannen en vrouwen;Dominicaanse Republiek;Personen in eenoudergezin met moeder;1998;46;39;24;7;22;3;18;-15
5944;Mannen en vrouwen;Dominicaanse Republiek;Personen in eenoudergezin met moeder;1999;68;32;8;36;60;3;27;-24
5945;Mannen en vrouwen;Dominicaanse Republiek;Personen in eenoudergezin met moeder;2000;89;37;22;52;67;14;29;-15
5946;Mannen en vrouwen;Dominicaanse Republiek;Personen in eenoudergezin met moeder;2001;67;37;30;30;37;0;7;-7
5947;Mannen en vrouwen;Dominicaanse Republiek;Personen in eenoudergezin met moeder;2002;55;55;27;0;28;5;33;-28
5948;Mannen en vrouwen;Dominicaanse Republiek;Personen in eenoudergezin met moeder;2003;48;41;17;7;31;9;33;-24
5949;Mannen en vrouwen;Dominicaanse Republiek;Personen in eenoudergezin met moeder;2004;40;78;50;-38;-10;5;33;-28
5950;Mannen en vrouwen;Dominicaanse Republiek;Personen in eenoudergezin met moeder;2005;49;44;21;5;28;6;29;-23
5951;Mannen en vrouwen;Dominicaanse Republiek;Personen in eenoudergezin met moeder;2006;43;77;33;-34;10;7;51;-44
5952;Mannen en vrouwen;Dominicaanse Republiek;Personen in eenoudergezin met moeder;2007;38;37;23;1;15;10;24;-14
5953;Mannen en vrouwen;Dominicaanse Republiek;Personen in eenoudergezin met moeder;2008;55;50;19;5;36;9;40;-31
5954;Mannen en vrouwen;Dominicaanse Republiek;Personen in eenoudergezin met moeder;2009;45;31;15;14;30;16;32;-16
5955;Mannen en vrouwen;Dominicaanse Republiek;Personen in samenwonend paar met kin...;1995;0;2;0;-2;0;0;2;-2
5956;Mannen en vrouwen;Dominicaanse Republiek;Personen in samenwonend paar met kin...;1996;5;0;0;5;5;0;0;0
5957;Mannen en vrouwen;Dominicaanse Republiek;Personen in samenwonend paar met kin...;1997;0;1;1;-1;-1;0;0;0
5958;Mannen en vrouwen;Dominicaanse Republiek;Personen in samenwonend paar met kin...;1998;2;1;1;1;1;0;0;0
5959;Mannen en vrouwen;Dominicaanse Republiek;Personen in samenwonend paar met kin...;1999;0;4;2;-4;-2;0;2;-2
5960;Mannen en vrouwen;Dominicaanse Republiek;Personen in samenwonend paar met kin...;2000;3;1;0;2;3;1;2;-1
5961;Mannen en vrouwen;Dominicaanse Republiek;Personen in samenwonend paar met kin...;2001;4;1;1;3;3;0;0;0
5962;Mannen en vrouwen;Dominicaanse Republiek;Personen in samenwonend paar met kin...;2002;0;0;0;0;0;0;0;0
5963;Mannen en vrouwen;Dominicaanse Republiek;Personen in samenwonend paar met kin...;2003;0;2;3;-2;-3;1;0;1
5964;Mannen en vrouwen;Dominicaanse Republiek;Personen in samenwonend paar met kin...;2004;0;1;1;-1;-1;0;0;0
5965;Mannen en vrouwen;Dominicaanse Republiek;Personen in samenwonend paar met kin...;2005;0;1;0;-1;0;0;1;-1
5966;Mannen en vrouwen;Dominicaanse Republiek;Personen in samenwonend paar met kin...;2006;1;1;1;0;0;0;0;0
5967;Mannen en vrouwen;Dominicaanse Republiek;Personen in samenwonend paar met kin...;2007;3;5;4;-2;-1;0;1;-1
5968;Mannen en vrouwen;Dominicaanse Republiek;Personen in samenwonend paar met kin...;2008;4;4;1;0;3;1;4;-3
5969;Mannen en vrouwen;Dominicaanse Republiek;Personen in samenwonend paar met kin...;2009;1;3;3;-2;-2;2;2;0
5970;Mannen en vrouwen;Dominicaanse Republiek;Alleengaanden;1995;345;225;108;120;237;31;148;-117
5971;Mannen en vrouwen;Dominicaanse Republiek;Alleengaanden;1996;495;181;94;314;401;70;157;-87
5972;Mannen en vrouwen;Dominicaanse Republiek;Alleengaanden;1997;497;220;106;277;391;63;177;-114
5973;Mannen en vrouwen;Dominicaanse Republiek;Alleengaanden;1998;629;177;91;452;538;58;144;-86
5974;Mannen en vrouwen;Dominicaanse Republiek;Alleengaanden;1999;543;205;100;338;443;81;186;-105
5975;Mannen en vrouwen;Dominicaanse Republiek;Alleengaanden;2000;598;185;88;413;510;99;196;-97
5976;Mannen en vrouwen;Dominicaanse Republiek;Alleengaanden;2001;563;186;114;377;449;92;164;-72
5977;Mannen en vrouwen;Dominicaanse Republiek;Alleengaanden;2002;525;244;103;281;422;104;245;-141
5978;Mannen en vrouwen;Dominicaanse Republiek;Alleengaanden;2003;369;257;102;112;267;118;273;-155
5979;Mannen en vrouwen;Dominicaanse Republiek;Alleengaanden;2004;372;229;137;143;235;164;256;-92
5980;Mannen en vrouwen;Dominicaanse Republiek;Alleengaanden;2005;380;298;133;82;247;166;331;-165
5981;Mannen en vrouwen;Dominicaanse Republiek;Alleengaanden;2006;397;320;143;77;254;153;330;-177
5982;Mannen en vrouwen;Dominicaanse Republiek;Alleengaanden;2007;376;220;107;156;269;192;305;-113
5983;Mannen en vrouwen;Dominicaanse Republiek;Alleengaanden;2008;419;256;140;163;279;222;338;-116
5984;Mannen en vrouwen;Dominicaanse Republiek;Alleengaanden;2009;529;229;133;300;396;225;321;-96
5985;Mannen en vrouwen;Duitsland;Totaal personen;1995;5746;4163;3265;1583;2481;157;1055;-898
5986;Mannen en vrouwen;Duitsland;Totaal personen;1996;5626;5066;3691;560;1935;243;1618;-1375
5987;Mannen en vrouwen;Duitsland;Totaal personen;1997;5548;4336;3334;1212;2214;277;1279;-1002
5988;Mannen en vrouwen;Duitsland;Totaal personen;1998;5466;4322;3360;1144;2106;189;1151;-962
5989;Mannen en vrouwen;Duitsland;Totaal personen;1999;5193;4119;3329;1074;1864;216;1006;-790
5990;Mannen en vrouwen;Duitsland;Totaal personen;2000;5150;3980;3369;1170;1781;184;795;-611
5991;Mannen en vrouwen;Duitsland;Totaal personen;2001;5103;3864;3196;1239;1907;221;889;-668
5992;Mannen en vrouwen;Duitsland;Totaal personen;2002;4933;4387;3317;546;1616;245;1315;-1070
5993;Mannen en vrouwen;Duitsland;Totaal personen;2003;4719;4142;3016;577;1703;292;1418;-1126
5994;Mannen en vrouwen;Duitsland;Totaal personen;2004;5103;4513;3205;590;1898;317;1625;-1308
5995;Mannen en vrouwen;Duitsland;Totaal personen;2005;5268;4352;3256;916;2012;297;1393;-1096
5996;Mannen en vrouwen;Duitsland;Totaal personen;2006;6046;4847;3493;1199;2553;330;1684;-1354
5997;Mannen en vrouwen;Duitsland;Totaal personen;2007;6783;4640;3508;2143;3275;365;1497;-1132
5998;Mannen en vrouwen;Duitsland;Totaal personen;2008;8512;4882;3706;3630;4806;405;1581;-1176
5999;Mannen en vrouwen;Duitsland;Totaal personen;2009;8299;5611;4102;2688;4197;430;1939;-1509
6000;Mannen en vrouwen;Duitsland;Totaal in gezinsverband;1995;2249;1483;1353;766;896;15;145;-130
6001;Mannen en vrouwen;Duitsland;Totaal in gezinsverband;1996;1784;1759;1574;25;210;16;201;-185
6002;Mannen en vrouwen;Duitsland;Totaal in gezinsverband;1997;1461;1563;1421;-102;40;28;170;-142
6003;Mannen en vrouwen;Duitsland;Totaal in gezinsverband;1998;1299;1654;1498;-355;-199;8;164;-156
6004;Mannen en vrouwen;Duitsland;Totaal in gezinsverband;1999;1223;1534;1431;-311;-208;15;118;-103
6005;Mannen en vrouwen;Duitsland;Totaal in gezinsverband;2000;1017;1625;1522;-608;-505;19;122;-103
6006;Mannen en vrouwen;Duitsland;Totaal in gezinsverband;2001;988;1438;1303;-450;-315;18;153;-135
6007;Mannen en vrouwen;Duitsland;Totaal in gezinsverband;2002;784;1495;1347;-711;-563;27;175;-148
6008;Mannen en vrouwen;Duitsland;Totaal in gezinsverband;2003;764;1310;1161;-546;-397;33;182;-149
6009;Mannen en vrouwen;Duitsland;Totaal in gezinsverband;2004;714;1342;1151;-628;-437;36;227;-191
6010;Mannen en vrouwen;Duitsland;Totaal in gezinsverband;2005;719;1275;1145;-556;-426;30;160;-130
6011;Mannen en vrouwen;Duitsland;Totaal in gezinsverband;2006;785;1253;1102;-468;-317;33;184;-151
6012;Mannen en vrouwen;Duitsland;Totaal in gezinsverband;2007;770;1177;1066;-407;-296;28;139;-111
6013;Mannen en vrouwen;Duitsland;Totaal in gezinsverband;2008;892;1099;1000;-207;-108;23;122;-99
6014;Mannen en vrouwen;Duitsland;Totaal in gezinsverband;2009;709;1001;913;-292;-204;28;116;-88
6015;Mannen en vrouwen;Duitsland;Personen in echtpaar;1995;1476;1003;931;473;545;6;78;-72
6016;Mannen en vrouwen;Duitsland;Personen in echtpaar;1996;1014;1196;1102;-182;-88;7;101;-94
6017;Mannen en vrouwen;Duitsland;Personen in echtpaar;1997;754;1059;979;-305;-225;13;93;-80
6018;Mannen en vrouwen;Duitsland;Personen in echtpaar;1998;584;1115;1040;-531;-456;5;80;-75
6019;Mannen en vrouwen;Duitsland;Personen in echtpaar;1999;588;1074;1016;-486;-428;5;63;-58
6020;Mannen en vrouwen;Duitsland;Personen in echtpaar;2000;507;1111;1049;-604;-542;12;74;-62
6021;Mannen en vrouwen;Duitsland;Personen in echtpaar;2001;404;1060;972;-656;-568;10;98;-88
6022;Mannen en vrouwen;Duitsland;Personen in echtpaar;2002;339;1011;944;-672;-605;17;84;-67
6023;Mannen en vrouwen;Duitsland;Personen in echtpaar;2003;311;880;808;-569;-497;20;92;-72
6024;Mannen en vrouwen;Duitsland;Personen in echtpaar;2004;312;867;765;-555;-453;18;120;-102
6025;Mannen en vrouwen;Duitsland;Personen in echtpaar;2005;322;869;799;-547;-477;16;86;-70
6026;Mannen en vrouwen;Duitsland;Personen in echtpaar;2006;339;841;764;-502;-425;19;96;-77
6027;Mannen en vrouwen;Duitsland;Personen in echtpaar;2007;300;779;714;-479;-414;13;78;-65
6028;Mannen en vrouwen;Duitsland;Personen in echtpaar;2008;343;717;671;-374;-328;15;61;-46
6029;Mannen en vrouwen;Duitsland;Personen in echtpaar;2009;269;656;620;-387;-351;11;47;-36
6030;Mannen en vrouwen;Duitsland;Personen in eenoudergezin met vader;1995;97;40;39;57;58;1;2;-1
6031;Mannen en vrouwen;Duitsland;Personen in eenoudergezin met vader;1996;55;45;38;10;17;0;7;-7
6032;Mannen en vrouwen;Duitsland;Personen in eenoudergezin met vader;1997;81;40;31;41;50;0;9;-9
6033;Mannen en vrouwen;Duitsland;Personen in eenoudergezin met vader;1998;45;49;38;-4;7;0;11;-11
6034;Mannen en vrouwen;Duitsland;Personen in eenoudergezin met vader;1999;55;51;48;4;7;0;3;-3
6035;Mannen en vrouwen;Duitsland;Personen in eenoudergezin met vader;2000;44;53;43;-9;1;1;11;-10
6036;Mannen en vrouwen;Duitsland;Personen in eenoudergezin met vader;2001;55;46;41;9;14;0;5;-5
6037;Mannen en vrouwen;Duitsland;Personen in eenoudergezin met vader;2002;14;50;35;-36;-21;0;15;-15
6038;Mannen en vrouwen;Duitsland;Personen in eenoudergezin met vader;2003;46;48;37;-2;9;3;14;-11
6039;Mannen en vrouwen;Duitsland;Personen in eenoudergezin met vader;2004;35;44;30;-9;5;0;14;-14
6040;Mannen en vrouwen;Duitsland;Personen in eenoudergezin met vader;2005;40;26;20;14;20;2;8;-6
6041;Mannen en vrouwen;Duitsland;Personen in eenoudergezin met vader;2006;45;47;38;-2;7;4;13;-9
6042;Mannen en vrouwen;Duitsland;Personen in eenoudergezin met vader;2007;42;45;38;-3;4;0;7;-7
6043;Mannen en vrouwen;Duitsland;Personen in eenoudergezin met vader;2008;30;20;19;10;11;1;2;-1
6044;Mannen en vrouwen;Duitsland;Personen in eenoudergezin met vader;2009;35;25;14;10;21;1;12;-11
6045;Mannen en vrouwen;Duitsland;Personen in eenoudergezin met moeder;1995;615;415;364;200;251;8;59;-51
6046;Mannen en vrouwen;Duitsland;Personen in eenoudergezin met moeder;1996;625;490;408;135;217;9;91;-82
6047;Mannen en vrouwen;Duitsland;Personen in eenoudergezin met moeder;1997;575;437;396;138;179;13;54;-41
6048;Mannen en vrouwen;Duitsland;Personen in eenoudergezin met moeder;1998;584;462;400;122;184;3;65;-62
6049;Mannen en vrouwen;Duitsland;Personen in eenoudergezin met moeder;1999;494;369;337;125;157;10;42;-32
6050;Mannen en vrouwen;Duitsland;Personen in eenoudergezin met moeder;2000;392;426;399;-34;-7;6;33;-27
6051;Mannen en vrouwen;Duitsland;Personen in eenoudergezin met moeder;2001;431;299;267;132;164;8;40;-32
6052;Mannen en vrouwen;Duitsland;Personen in eenoudergezin met moeder;2002;389;361;306;28;83;9;64;-55
6053;Mannen en vrouwen;Duitsland;Personen in eenoudergezin met moeder;2003;374;334;283;40;91;10;61;-51
6054;Mannen en vrouwen;Duitsland;Personen in eenoudergezin met moeder;2004;322;388;318;-66;4;15;85;-70
6055;Mannen en vrouwen;Duitsland;Personen in eenoudergezin met moeder;2005;316;320;274;-4;42;12;58;-46
6056;Mannen en vrouwen;Duitsland;Personen in eenoudergezin met moeder;2006;332;316;269;16;63;9;56;-47
6057;Mannen en vrouwen;Duitsland;Personen in eenoudergezin met moeder;2007;345;308;273;37;72;10;45;-35
6058;Mannen en vrouwen;Duitsland;Personen in eenoudergezin met moeder;2008;424;318;277;106;147;6;47;-41
6059;Mannen en vrouwen;Duitsland;Personen in eenoudergezin met moeder;2009;340;279;248;61;92;16;47;-31
6060;Mannen en vrouwen;Duitsland;Personen in samenwonend paar met kin...;1995;61;25;19;36;42;0;6;-6
6061;Mannen en vrouwen;Duitsland;Personen in samenwonend paar met kin...;1996;90;28;26;62;64;0;2;-2
6062;Mannen en vrouwen;Duitsland;Personen in samenwonend paar met kin...;1997;51;27;15;24;36;2;14;-12
6063;Mannen en vrouwen;Duitsland;Personen in samenwonend paar met kin...;1998;86;28;20;58;66;0;8;-8
6064;Mannen en vrouwen;Duitsland;Personen in samenwonend paar met kin...;1999;86;40;30;46;56;0;10;-10
6065;Mannen en vrouwen;Duitsland;Personen in samenwonend paar met kin...;2000;74;35;31;39;43;0;4;-4
6066;Mannen en vrouwen;Duitsland;Personen in samenwonend paar met kin...;2001;98;33;23;65;75;0;10;-10
6067;Mannen en vrouwen;Duitsland;Personen in samenwonend paar met kin...;2002;42;73;62;-31;-20;1;12;-11
6068;Mannen en vrouwen;Duitsland;Personen in samenwonend paar met kin...;2003;33;48;33;-15;0;0;15;-15
6069;Mannen en vrouwen;Duitsland;Personen in samenwonend paar met kin...;2004;45;43;38;2;7;3;8;-5
6070;Mannen en vrouwen;Duitsland;Personen in samenwonend paar met kin...;2005;41;60;52;-19;-11;0;8;-8
6071;Mannen en vrouwen;Duitsland;Personen in samenwonend paar met kin...;2006;69;49;31;20;38;1;19;-18
6072;Mannen en vrouwen;Duitsland;Personen in samenwonend paar met kin...;2007;83;45;41;38;42;5;9;-4
6073;Mannen en vrouwen;Duitsland;Personen in samenwonend paar met kin...;2008;95;44;33;51;62;1;12;-11
6074;Mannen en vrouwen;Duitsland;Personen in samenwonend paar met kin...;2009;65;41;31;24;34;0;10;-10
6075;Mannen en vrouwen;Duitsland;Alleengaanden;1995;3497;2680;1912;817;1585;142;910;-768
6076;Mannen en vrouwen;Duitsland;Alleengaanden;1996;3842;3307;2117;535;1725;227;1417;-1190
6077;Mannen en vrouwen;Duitsland;Alleengaanden;1997;4087;2773;1913;1314;2174;249;1109;-860
6078;Mannen en vrouwen;Duitsland;Alleengaanden;1998;4167;2668;1862;1499;2305;181;987;-806
6079;Mannen en vrouwen;Duitsland;Alleengaanden;1999;3970;2585;1898;1385;2072;201;888;-687
6080;Mannen en vrouwen;Duitsland;Alleengaanden;2000;4133;2355;1847;1778;2286;165;673;-508
6081;Mannen en vrouwen;Duitsland;Alleengaanden;2001;4115;2426;1893;1689;2222;203;736;-533
6082;Mannen en vrouwen;Duitsland;Alleengaanden;2002;4149;2892;1970;1257;2179;218;1140;-922
6083;Mannen en vrouwen;Duitsland;Alleengaanden;2003;3955;2832;1855;1123;2100;259;1236;-977
6084;Mannen en vrouwen;Duitsland;Alleengaanden;2004;4389;3171;2054;1218;2335;281;1398;-1117
6085;Mannen en vrouwen;Duitsland;Alleengaanden;2005;4549;3077;2111;1472;2438;267;1233;-966
6086;Mannen en vrouwen;Duitsland;Alleengaanden;2006;5261;3594;2391;1667;2870;297;1500;-1203
6087;Mannen en vrouwen;Duitsland;Alleengaanden;2007;6013;3463;2442;2550;3571;337;1358;-1021
6088;Mannen en vrouwen;Duitsland;Alleengaanden;2008;7620;3783;2706;3837;4914;382;1459;-1077
6089;Mannen en vrouwen;Duitsland;Alleengaanden;2009;7590;4610;3189;2980;4401;402;1823;-1421
6090;Mannen en vrouwen;Ecuador;Totaal personen;1995;97;25;8;72;89;0;17;-17
6091;Mannen en vrouwen;Ecuador;Totaal personen;1996;131;32;19;99;112;2;15;-13
6092;Mannen en vrouwen;Ecuador;Totaal personen;1997;149;37;26;112;123;3;14;-11
6093;Mannen en vrouwen;Ecuador;Totaal personen;1998;192;49;36;143;156;7;20;-13
6094;Mannen en vrouwen;Ecuador;Totaal personen;1999;100;45;27;55;73;3;21;-18
6095;Mannen en vrouwen;Ecuador;Totaal personen;2000;162;38;26;124;136;8;20;-12
6096;Mannen en vrouwen;Ecuador;Totaal personen;2001;150;52;38;98;112;4;18;-14
6097;Mannen en vrouwen;Ecuador;Totaal personen;2002;169;49;35;120;134;5;19;-14
6098;Mannen en vrouwen;Ecuador;Totaal personen;2003;168;46;28;122;140;11;29;-18
6099;Mannen en vrouwen;Ecuador;Totaal personen;2004;157;74;44;83;113;9;39;-30
6100;Mannen en vrouwen;Ecuador;Totaal personen;2005;162;69;52;93;110;17;34;-17
6101;Mannen en vrouwen;Ecuador;Totaal personen;2006;148;90;55;58;93;19;54;-35
6102;Mannen en vrouwen;Ecuador;Totaal personen;2007;162;114;76;48;86;11;49;-38
6103;Mannen en vrouwen;Ecuador;Totaal personen;2008;195;115;79;80;116;12;48;-36
6104;Mannen en vrouwen;Ecuador;Totaal personen;2009;166;95;71;71;95;22;46;-24
6105;Mannen en vrouwen;Ecuador;Totaal in gezinsverband;1995;18;10;4;8;14;0;6;-6
6106;Mannen en vrouwen;Ecuador;Totaal in gezinsverband;1996;12;9;4;3;8;0;5;-5
6107;Mannen en vrouwen;Ecuador;Totaal in gezinsverband;1997;30;9;6;21;24;0;3;-3
6108;Mannen en vrouwen;Ecuador;Totaal in gezinsverband;1998;19;9;9;10;10;0;0;0
6109;Mannen en vrouwen;Ecuador;Totaal in gezinsverband;1999;19;9;6;10;13;0;3;-3
6110;Mannen en vrouwen;Ecuador;Totaal in gezinsverband;2000;33;12;11;21;22;2;3;-1
6111;Mannen en vrouwen;Ecuador;Totaal in gezinsverband;2001;13;18;14;-5;-1;0;4;-4
6112;Mannen en vrouwen;Ecuador;Totaal in gezinsverband;2002;24;15;11;9;13;0;4;-4
6113;Mannen en vrouwen;Ecuador;Totaal in gezinsverband;2003;22;11;8;11;14;5;8;-3
6114;Mannen en vrouwen;Ecuador;Totaal in gezinsverband;2004;23;12;11;11;12;2;3;-1
6115;Mannen en vrouwen;Ecuador;Totaal in gezinsverband;2005;29;20;18;9;11;3;5;-2
6116;Mannen en vrouwen;Ecuador;Totaal in gezinsverband;2006;22;21;16;1;6;1;6;-5
6117;Mannen en vrouwen;Ecuador;Totaal in gezinsverband;2007;22;28;19;-6;3;0;9;-9
6118;Mannen en vrouwen;Ecuador;Totaal in gezinsverband;2008;34;34;28;0;6;1;7;-6
6119;Mannen en vrouwen;Ecuador;Totaal in gezinsverband;2009;16;17;15;-1;1;4;6;-2
6120;Mannen en vrouwen;Ecuador;Personen in echtpaar;1995;7;5;4;2;3;0;1;-1
6121;Mannen en vrouwen;Ecuador;Personen in echtpaar;1996;1;3;1;-2;0;0;2;-2
6122;Mannen en vrouwen;Ecuador;Personen in echtpaar;1997;7;6;6;1;1;0;0;0
6123;Mannen en vrouwen;Ecuador;Personen in echtpaar;1998;3;4;4;-1;-1;0;0;0
6124;Mannen en vrouwen;Ecuador;Personen in echtpaar;1999;6;7;6;-1;0;0;1;-1
6125;Mannen en vrouwen;Ecuador;Personen in echtpaar;2000;6;2;4;4;2;2;0;2
6126;Mannen en vrouwen;Ecuador;Personen in echtpaar;2001;1;13;11;-12;-10;0;2;-2
6127;Mannen en vrouwen;Ecuador;Personen in echtpaar;2002;2;9;9;-7;-7;0;0;0
6128;Mannen en vrouwen;Ecuador;Personen in echtpaar;2003;2;7;7;-5;-5;0;0;0
6129;Mannen en vrouwen;Ecuador;Personen in echtpaar;2004;4;7;6;-3;-2;0;1;-1
6130;Mannen en vrouwen;Ecuador;Personen in echtpaar;2005;2;18;17;-16;-15;0;1;-1
6131;Mannen en vrouwen;Ecuador;Personen in echtpaar;2006;2;8;9;-6;-7;1;0;1
6132;Mannen en vrouwen;Ecuador;Personen in echtpaar;2007;2;18;15;-16;-13;0;3;-3
6133;Mannen en vrouwen;Ecuador;Personen in echtpaar;2008;5;19;17;-14;-12;0;2;-2
6134;Mannen en vrouwen;Ecuador;Personen in echtpaar;2009;6;12;10;-6;-4;3;5;-2
6135;Mannen en vrouwen;Ecuador;Personen in eenoudergezin met vader;1995;0;0;0;0;0;0;0;0
6136;Mannen en vrouwen;Ecuador;Personen in eenoudergezin met vader;1996;0;1;0;-1;0;0;1;-1
6137;Mannen en vrouwen;Ecuador;Personen in eenoudergezin met vader;1997;0;1;0;-1;0;0;1;-1
6138;Mannen en vrouwen;Ecuador;Personen in eenoudergezin met vader;1998;3;1;1;2;2;0;0;0
6139;Mannen en vrouwen;Ecuador;Personen in eenoudergezin met vader;1999;1;0;0;1;1;0;0;0
6140;Mannen en vrouwen;Ecuador;Personen in eenoudergezin met vader;2000;0;0;0;0;0;0;0;0
6141;Mannen en vrouwen;Ecuador;Personen in eenoudergezin met vader;2001;1;0;0;1;1;0;0;0
6142;Mannen en vrouwen;Ecuador;Personen in eenoudergezin met vader;2002;0;1;1;-1;-1;0;0;0
6143;Mannen en vrouwen;Ecuador;Personen in eenoudergezin met vader;2003;0;1;0;-1;0;0;1;-1
6144;Mannen en vrouwen;Ecuador;Personen in eenoudergezin met vader;2004;0;2;2;-2;-2;0;0;0
6145;Mannen en vrouwen;Ecuador;Personen in eenoudergezin met vader;2005;0;0;0;0;0;0;0;0
6146;Mannen en vrouwen;Ecuador;Personen in eenoudergezin met vader;2006;0;1;1;-1;-1;0;0;0
6147;Mannen en vrouwen;Ecuador;Personen in eenoudergezin met vader;2007;2;0;0;2;2;0;0;0
6148;Mannen en vrouwen;Ecuador;Personen in eenoudergezin met vader;2008;0;0;0;0;0;0;0;0
6149;Mannen en vrouwen;Ecuador;Personen in eenoudergezin met vader;2009;0;0;0;0;0;0;0;0
6150;Mannen en vrouwen;Ecuador;Personen in eenoudergezin met moeder;1995;11;4;0;7;11;0;4;-4
6151;Mannen en vrouwen;Ecuador;Personen in eenoudergezin met moeder;1996;11;5;3;6;8;0;2;-2
6152;Mannen en vrouwen;Ecuador;Personen in eenoudergezin met moeder;1997;23;2;0;21;23;0;2;-2
6153;Mannen en vrouwen;Ecuador;Personen in eenoudergezin met moeder;1998;13;4;4;9;9;0;0;0
6154;Mannen en vrouwen;Ecuador;Personen in eenoudergezin met moeder;1999;9;2;0;7;9;0;2;-2
6155;Mannen en vrouwen;Ecuador;Personen in eenoudergezin met moeder;2000;26;8;5;18;21;0;3;-3
6156;Mannen en vrouwen;Ecuador;Personen in eenoudergezin met moeder;2001;11;5;3;6;8;0;2;-2
6157;Mannen en vrouwen;Ecuador;Personen in eenoudergezin met moeder;2002;21;5;1;16;20;0;4;-4
6158;Mannen en vrouwen;Ecuador;Personen in eenoudergezin met moeder;2003;18;3;1;15;17;5;7;-2
6159;Mannen en vrouwen;Ecuador;Personen in eenoudergezin met moeder;2004;17;3;3;14;14;2;2;0
6160;Mannen en vrouwen;Ecuador;Personen in eenoudergezin met moeder;2005;21;1;0;20;21;1;2;-1
6161;Mannen en vrouwen;Ecuador;Personen in eenoudergezin met moeder;2006;20;10;4;10;16;0;6;-6
6162;Mannen en vrouwen;Ecuador;Personen in eenoudergezin met moeder;2007;18;8;2;10;16;0;6;-6
6163;Mannen en vrouwen;Ecuador;Personen in eenoudergezin met moeder;2008;23;14;10;9;13;1;5;-4
6164;Mannen en vrouwen;Ecuador;Personen in eenoudergezin met moeder;2009;8;5;5;3;3;1;1;0
6165;Mannen en vrouwen;Ecuador;Personen in samenwonend paar met kin...;1995;0;1;0;-1;0;0;1;-1
6166;Mannen en vrouwen;Ecuador;Personen in samenwonend paar met kin...;1996;0;0;0;0;0;0;0;0
6167;Mannen en vrouwen;Ecuador;Personen in samenwonend paar met kin...;1997;0;0;0;0;0;0;0;0
6168;Mannen en vrouwen;Ecuador;Personen in samenwonend paar met kin...;1998;0;0;0;0;0;0;0;0
6169;Mannen en vrouwen;Ecuador;Personen in samenwonend paar met kin...;1999;3;0;0;3;3;0;0;0
6170;Mannen en vrouwen;Ecuador;Personen in samenwonend paar met kin...;2000;1;2;2;-1;-1;0;0;0
6171;Mannen en vrouwen;Ecuador;Personen in samenwonend paar met kin...;2001;0;0;0;0;0;0;0;0
6172;Mannen en vrouwen;Ecuador;Personen in samenwonend paar met kin...;2002;1;0;0;1;1;0;0;0
6173;Mannen en vrouwen;Ecuador;Personen in samenwonend paar met kin...;2003;2;0;0;2;2;0;0;0
6174;Mannen en vrouwen;Ecuador;Personen in samenwonend paar met kin...;2004;2;0;0;2;2;0;0;0
6175;Mannen en vrouwen;Ecuador;Personen in samenwonend paar met kin...;2005;6;1;1;5;5;2;2;0
6176;Mannen en vrouwen;Ecuador;Personen in samenwonend paar met kin...;2006;0;2;2;-2;-2;0;0;0
6177;Mannen en vrouwen;Ecuador;Personen in samenwonend paar met kin...;2007;0;2;2;-2;-2;0;0;0
6178;Mannen en vrouwen;Ecuador;Personen in samenwonend paar met kin...;2008;6;1;1;5;5;0;0;0
6179;Mannen en vrouwen;Ecuador;Personen in samenwonend paar met kin...;2009;2;0;0;2;2;0;0;0
6180;Mannen en vrouwen;Ecuador;Alleengaanden;1995;79;15;4;64;75;0;11;-11
6181;Mannen en vrouwen;Ecuador;Alleengaanden;1996;119;23;15;96;104;2;10;-8
6182;Mannen en vrouwen;Ecuador;Alleengaanden;1997;119;28;20;91;99;3;11;-8
6183;Mannen en vrouwen;Ecuador;Alleengaanden;1998;173;40;27;133;146;7;20;-13
6184;Mannen en vrouwen;Ecuador;Alleengaanden;1999;81;36;21;45;60;3;18;-15
6185;Mannen en vrouwen;Ecuador;Alleengaanden;2000;129;26;15;103;114;6;17;-11
6186;Mannen en vrouwen;Ecuador;Alleengaanden;2001;137;34;24;103;113;4;14;-10
6187;Mannen en vrouwen;Ecuador;Alleengaanden;2002;145;34;24;111;121;5;15;-10
6188;Mannen en vrouwen;Ecuador;Alleengaanden;2003;146;35;20;111;126;6;21;-15
6189;Mannen en vrouwen;Ecuador;Alleengaanden;2004;134;62;33;72;101;7;36;-29
6190;Mannen en vrouwen;Ecuador;Alleengaanden;2005;133;49;34;84;99;14;29;-15
6191;Mannen en vrouwen;Ecuador;Alleengaanden;2006;126;69;39;57;87;18;48;-30
6192;Mannen en vrouwen;Ecuador;Alleengaanden;2007;140;86;57;54;83;11;40;-29
6193;Mannen en vrouwen;Ecuador;Alleengaanden;2008;161;81;51;80;110;11;41;-30
6194;Mannen en vrouwen;Ecuador;Alleengaanden;2009;150;78;56;72;94;18;40;-22
6195;Mannen en vrouwen;Egypte;Totaal personen;1995;567;352;122;215;445;147;377;-230
6196;Mannen en vrouwen;Egypte;Totaal personen;1996;750;617;120;133;630;198;695;-497
6197;Mannen en vrouwen;Egypte;Totaal personen;1997;826;502;173;324;653;155;484;-329
6198;Mannen en vrouwen;Egypte;Totaal personen;1998;861;373;144;488;717;148;377;-229
6199;Mannen en vrouwen;Egypte;Totaal personen;1999;671;335;125;336;546;117;327;-210
6200;Mannen en vrouwen;Egypte;Totaal personen;2000;571;270;140;301;431;103;233;-130
6201;Mannen en vrouwen;Egypte;Totaal personen;2001;626;203;115;423;511;101;189;-88
6202;Mannen en vrouwen;Egypte;Totaal personen;2002;667;223;103;444;564;97;217;-120
6203;Mannen en vrouwen;Egypte;Totaal personen;2003;720;290;147;430;573;94;237;-143
6204;Mannen en vrouwen;Egypte;Totaal personen;2004;618;353;172;265;446;88;269;-181
6205;Mannen en vrouwen;Egypte;Totaal personen;2005;498;372;167;126;331;90;295;-205
6206;Mannen en vrouwen;Egypte;Totaal personen;2006;460;468;232;-8;228;114;350;-236
6207;Mannen en vrouwen;Egypte;Totaal personen;2007;443;432;249;11;194;93;276;-183
6208;Mannen en vrouwen;Egypte;Totaal personen;2008;536;411;247;125;289;116;280;-164
6209;Mannen en vrouwen;Egypte;Totaal personen;2009;789;418;259;371;530;135;294;-159
6210;Mannen en vrouwen;Egypte;Totaal in gezinsverband;1995;41;81;41;-40;0;6;46;-40
6211;Mannen en vrouwen;Egypte;Totaal in gezinsverband;1996;59;93;39;-34;20;18;72;-54
6212;Mannen en vrouwen;Egypte;Totaal in gezinsverband;1997;79;129;42;-50;37;4;91;-87
6213;Mannen en vrouwen;Egypte;Totaal in gezinsverband;1998;104;61;42;43;62;4;23;-19
6214;Mannen en vrouwen;Egypte;Totaal in gezinsverband;1999;103;58;24;45;79;0;34;-34
6215;Mannen en vrouwen;Egypte;Totaal in gezinsverband;2000;73;54;40;19;33;10;24;-14
6216;Mannen en vrouwen;Egypte;Totaal in gezinsverband;2001;97;44;31;53;66;11;24;-13
6217;Mannen en vrouwen;Egypte;Totaal in gezinsverband;2002;84;72;43;12;41;4;33;-29
6218;Mannen en vrouwen;Egypte;Totaal in gezinsverband;2003;63;92;56;-29;7;8;44;-36
6219;Mannen en vrouwen;Egypte;Totaal in gezinsverband;2004;51;102;69;-51;-18;3;36;-33
6220;Mannen en vrouwen;Egypte;Totaal in gezinsverband;2005;99;134;70;-35;29;6;70;-64
6221;Mannen en vrouwen;Egypte;Totaal in gezinsverband;2006;87;152;104;-65;-17;13;61;-48
6222;Mannen en vrouwen;Egypte;Totaal in gezinsverband;2007;95;156;100;-61;-5;7;63;-56
6223;Mannen en vrouwen;Egypte;Totaal in gezinsverband;2008;99;147;97;-48;2;16;66;-50
6224;Mannen en vrouwen;Egypte;Totaal in gezinsverband;2009;117;160;106;-43;11;7;61;-54
6225;Mannen en vrouwen;Egypte;Personen in echtpaar;1995;17;55;29;-38;-12;6;32;-26
6226;Mannen en vrouwen;Egypte;Personen in echtpaar;1996;17;76;33;-59;-16;14;57;-43
6227;Mannen en vrouwen;Egypte;Personen in echtpaar;1997;22;110;30;-88;-8;3;83;-80
6228;Mannen en vrouwen;Egypte;Personen in echtpaar;1998;12;38;29;-26;-17;3;12;-9
6229;Mannen en vrouwen;Egypte;Personen in echtpaar;1999;2;41;12;-39;-10;0;29;-29
6230;Mannen en vrouwen;Egypte;Personen in echtpaar;2000;17;40;30;-23;-13;7;17;-10
6231;Mannen en vrouwen;Egypte;Personen in echtpaar;2001;11;27;16;-16;-5;9;20;-11
6232;Mannen en vrouwen;Egypte;Personen in echtpaar;2002;4;44;23;-40;-19;2;23;-21
6233;Mannen en vrouwen;Egypte;Personen in echtpaar;2003;15;52;32;-37;-17;5;25;-20
6234;Mannen en vrouwen;Egypte;Personen in echtpaar;2004;6;47;35;-41;-29;1;13;-12
6235;Mannen en vrouwen;Egypte;Personen in echtpaar;2005;9;67;25;-58;-16;4;46;-42
6236;Mannen en vrouwen;Egypte;Personen in echtpaar;2006;12;83;53;-71;-41;6;36;-30
6237;Mannen en vrouwen;Egypte;Personen in echtpaar;2007;9;86;56;-77;-47;4;34;-30
6238;Mannen en vrouwen;Egypte;Personen in echtpaar;2008;19;67;44;-48;-25;11;34;-23
6239;Mannen en vrouwen;Egypte;Personen in echtpaar;2009;25;93;53;-68;-28;3;43;-40
6240;Mannen en vrouwen;Egypte;Personen in eenoudergezin met vader;1995;2;4;2;-2;0;0;2;-2
6241;Mannen en vrouwen;Egypte;Personen in eenoudergezin met vader;1996;0;3;0;-3;0;1;4;-3
6242;Mannen en vrouwen;Egypte;Personen in eenoudergezin met vader;1997;3;2;1;1;2;0;1;-1
6243;Mannen en vrouwen;Egypte;Personen in eenoudergezin met vader;1998;8;3;4;5;4;1;0;1
6244;Mannen en vrouwen;Egypte;Personen in eenoudergezin met vader;1999;0;1;0;-1;0;0;1;-1
6245;Mannen en vrouwen;Egypte;Personen in eenoudergezin met vader;2000;0;1;1;-1;-1;2;2;0
6246;Mannen en vrouwen;Egypte;Personen in eenoudergezin met vader;2001;0;0;1;0;-1;1;0;1
6247;Mannen en vrouwen;Egypte;Personen in eenoudergezin met vader;2002;0;1;1;-1;-1;1;1;0
6248;Mannen en vrouwen;Egypte;Personen in eenoudergezin met vader;2003;1;5;0;-4;1;1;6;-5
6249;Mannen en vrouwen;Egypte;Personen in eenoudergezin met vader;2004;1;5;2;-4;-1;0;3;-3
6250;Mannen en vrouwen;Egypte;Personen in eenoudergezin met vader;2005;8;6;4;2;4;0;2;-2
6251;Mannen en vrouwen;Egypte;Personen in eenoudergezin met vader;2006;1;6;4;-5;-3;1;3;-2
6252;Mannen en vrouwen;Egypte;Personen in eenoudergezin met vader;2007;4;-1;1;5;3;3;1;2
6253;Mannen en vrouwen;Egypte;Personen in eenoudergezin met vader;2008;4;3;0;1;4;2;5;-3
6254;Mannen en vrouwen;Egypte;Personen in eenoudergezin met vader;2009;10;7;3;3;7;2;6;-4
6255;Mannen en vrouwen;Egypte;Personen in eenoudergezin met moeder;1995;19;19;8;0;11;0;11;-11
6256;Mannen en vrouwen;Egypte;Personen in eenoudergezin met moeder;1996;41;14;6;27;35;3;11;-8
6257;Mannen en vrouwen;Egypte;Personen in eenoudergezin met moeder;1997;51;15;9;36;42;1;7;-6
6258;Mannen en vrouwen;Egypte;Personen in eenoudergezin met moeder;1998;83;18;7;65;76;0;11;-11
6259;Mannen en vrouwen;Egypte;Personen in eenoudergezin met moeder;1999;97;14;10;83;87;0;4;-4
6260;Mannen en vrouwen;Egypte;Personen in eenoudergezin met moeder;2000;56;13;9;43;47;1;5;-4
6261;Mannen en vrouwen;Egypte;Personen in eenoudergezin met moeder;2001;83;17;14;66;69;1;4;-3
6262;Mannen en vrouwen;Egypte;Personen in eenoudergezin met moeder;2002;80;24;18;56;62;1;7;-6
6263;Mannen en vrouwen;Egypte;Personen in eenoudergezin met moeder;2003;47;33;24;14;23;2;11;-9
6264;Mannen en vrouwen;Egypte;Personen in eenoudergezin met moeder;2004;42;49;31;-7;11;2;20;-18
6265;Mannen en vrouwen;Egypte;Personen in eenoudergezin met moeder;2005;73;61;41;12;32;2;22;-20
6266;Mannen en vrouwen;Egypte;Personen in eenoudergezin met moeder;2006;64;60;44;4;20;6;22;-16
6267;Mannen en vrouwen;Egypte;Personen in eenoudergezin met moeder;2007;61;67;42;-6;19;0;25;-25
6268;Mannen en vrouwen;Egypte;Personen in eenoudergezin met moeder;2008;58;73;52;-15;6;3;24;-21
6269;Mannen en vrouwen;Egypte;Personen in eenoudergezin met moeder;2009;70;56;46;14;24;2;12;-10
6270;Mannen en vrouwen;Egypte;Personen in samenwonend paar met kin...;1995;3;3;2;0;1;0;1;-1
6271;Mannen en vrouwen;Egypte;Personen in samenwonend paar met kin...;1996;1;0;0;1;1;0;0;0
6272;Mannen en vrouwen;Egypte;Personen in samenwonend paar met kin...;1997;3;2;2;1;1;0;0;0
6273;Mannen en vrouwen;Egypte;Personen in samenwonend paar met kin...;1998;1;2;2;-1;-1;0;0;0
6274;Mannen en vrouwen;Egypte;Personen in samenwonend paar met kin...;1999;4;2;2;2;2;0;0;0
6275;Mannen en vrouwen;Egypte;Personen in samenwonend paar met kin...;2000;0;0;0;0;0;0;0;0
6276;Mannen en vrouwen;Egypte;Personen in samenwonend paar met kin...;2001;3;0;0;3;3;0;0;0
6277;Mannen en vrouwen;Egypte;Personen in samenwonend paar met kin...;2002;0;3;1;-3;-1;0;2;-2
6278;Mannen en vrouwen;Egypte;Personen in samenwonend paar met kin...;2003;0;2;0;-2;0;0;2;-2
6279;Mannen en vrouwen;Egypte;Personen in samenwonend paar met kin...;2004;2;1;1;1;1;0;0;0
6280;Mannen en vrouwen;Egypte;Personen in samenwonend paar met kin...;2005;9;0;0;9;9;0;0;0
6281;Mannen en vrouwen;Egypte;Personen in samenwonend paar met kin...;2006;10;3;3;7;7;0;0;0
6282;Mannen en vrouwen;Egypte;Personen in samenwonend paar met kin...;2007;21;4;1;17;20;0;3;-3
6283;Mannen en vrouwen;Egypte;Personen in samenwonend paar met kin...;2008;18;4;1;14;17;0;3;-3
6284;Mannen en vrouwen;Egypte;Personen in samenwonend paar met kin...;2009;12;4;4;8;8;0;0;0
6285;Mannen en vrouwen;Egypte;Alleengaanden;1995;526;271;81;255;445;141;331;-190
6286;Mannen en vrouwen;Egypte;Alleengaanden;1996;691;524;81;167;610;180;623;-443
6287;Mannen en vrouwen;Egypte;Alleengaanden;1997;747;373;131;374;616;151;393;-242
6288;Mannen en vrouwen;Egypte;Alleengaanden;1998;757;312;102;445;655;144;354;-210
6289;Mannen en vrouwen;Egypte;Alleengaanden;1999;568;277;101;291;467;117;293;-176
6290;Mannen en vrouwen;Egypte;Alleengaanden;2000;498;216;100;282;398;93;209;-116
6291;Mannen en vrouwen;Egypte;Alleengaanden;2001;529;159;84;370;445;90;165;-75
6292;Mannen en vrouwen;Egypte;Alleengaanden;2002;583;151;60;432;523;93;184;-91
6293;Mannen en vrouwen;Egypte;Alleengaanden;2003;657;198;91;459;566;86;193;-107
6294;Mannen en vrouwen;Egypte;Alleengaanden;2004;567;251;103;316;464;85;233;-148
6295;Mannen en vrouwen;Egypte;Alleengaanden;2005;399;238;97;161;302;84;225;-141
6296;Mannen en vrouwen;Egypte;Alleengaanden;2006;373;316;128;57;245;101;289;-188
6297;Mannen en vrouwen;Egypte;Alleengaanden;2007;348;276;149;72;199;86;213;-127
6298;Mannen en vrouwen;Egypte;Alleengaanden;2008;437;264;150;173;287;100;214;-114
6299;Mannen en vrouwen;Egypte;Alleengaanden;2009;672;258;153;414;519;128;233;-105
6300;Mannen en vrouwen;El Salvador;Totaal personen;1995;8;10;8;-2;0;1;3;-2
6301;Mannen en vrouwen;El Salvador;Totaal personen;1996;9;9;7;0;2;1;3;-2
6302;Mannen en vrouwen;El Salvador;Totaal personen;1997;12;4;5;8;7;5;4;1
6303;Mannen en vrouwen;El Salvador;Totaal personen;1998;26;4;2;22;24;3;5;-2
6304;Mannen en vrouwen;El Salvador;Totaal personen;1999;11;16;12;-5;-1;1;5;-4
6305;Mannen en vrouwen;El Salvador;Totaal personen;2000;15;8;7;7;8;1;2;-1
6306;Mannen en vrouwen;El Salvador;Totaal personen;2001;20;5;4;15;16;1;2;-1
6307;Mannen en vrouwen;El Salvador;Totaal personen;2002;18;10;7;8;11;0;3;-3
6308;Mannen en vrouwen;El Salvador;Totaal personen;2003;26;16;12;10;14;2;6;-4
6309;Mannen en vrouwen;El Salvador;Totaal personen;2004;10;4;1;6;9;1;4;-3
6310;Mannen en vrouwen;El Salvador;Totaal personen;2005;13;10;7;3;6;3;6;-3
6311;Mannen en vrouwen;El Salvador;Totaal personen;2006;20;13;9;7;11;2;6;-4
6312;Mannen en vrouwen;El Salvador;Totaal personen;2007;15;12;10;3;5;3;5;-2
6313;Mannen en vrouwen;El Salvador;Totaal personen;2008;26;9;6;17;20;2;5;-3
6314;Mannen en vrouwen;El Salvador;Totaal personen;2009;18;12;10;6;8;2;4;-2
6315;Mannen en vrouwen;El Salvador;Totaal in gezinsverband;1995;2;5;4;-3;-2;0;1;-1
6316;Mannen en vrouwen;El Salvador;Totaal in gezinsverband;1996;2;5;5;-3;-3;1;1;0
6317;Mannen en vrouwen;El Salvador;Totaal in gezinsverband;1997;2;1;1;1;1;0;0;0
6318;Mannen en vrouwen;El Salvador;Totaal in gezinsverband;1998;4;0;0;4;4;0;0;0
6319;Mannen en vrouwen;El Salvador;Totaal in gezinsverband;1999;3;12;11;-9;-8;0;1;-1
6320;Mannen en vrouwen;El Salvador;Totaal in gezinsverband;2000;2;5;5;-3;-3;0;0;0
6321;Mannen en vrouwen;El Salvador;Totaal in gezinsverband;2001;7;2;2;5;5;0;0;0
6322;Mannen en vrouwen;El Salvador;Totaal in gezinsverband;2002;5;2;2;3;3;0;0;0
6323;Mannen en vrouwen;El Salvador;Totaal in gezinsverband;2003;9;5;5;4;4;0;0;0
6324;Mannen en vrouwen;El Salvador;Totaal in gezinsverband;2004;0;0;0;0;0;0;0;0
6325;Mannen en vrouwen;El Salvador;Totaal in gezinsverband;2005;4;5;3;-1;1;0;2;-2
6326;Mannen en vrouwen;El Salvador;Totaal in gezinsverband;2006;5;3;2;2;3;0;1;-1
6327;Mannen en vrouwen;El Salvador;Totaal in gezinsverband;2007;1;3;3;-2;-2;0;0;0
6328;Mannen en vrouwen;El Salvador;Totaal in gezinsverband;2008;7;5;3;2;4;0;2;-2
6329;Mannen en vrouwen;El Salvador;Totaal in gezinsverband;2009;5;1;1;4;4;0;0;0
6330;Mannen en vrouwen;El Salvador;Personen in echtpaar;1995;0;4;3;-4;-3;0;1;-1
6331;Mannen en vrouwen;El Salvador;Personen in echtpaar;1996;1;4;4;-3;-3;1;1;0
6332;Mannen en vrouwen;El Salvador;Personen in echtpaar;1997;0;1;1;-1;-1;0;0;0
6333;Mannen en vrouwen;El Salvador;Personen in echtpaar;1998;0;0;0;0;0;0;0;0
6334;Mannen en vrouwen;El Salvador;Personen in echtpaar;1999;2;11;11;-9;-9;0;0;0
6335;Mannen en vrouwen;El Salvador;Personen in echtpaar;2000;0;0;0;0;0;0;0;0
6336;Mannen en vrouwen;El Salvador;Personen in echtpaar;2001;1;1;1;0;0;0;0;0
6337;Mannen en vrouwen;El Salvador;Personen in echtpaar;2002;0;1;1;-1;-1;0;0;0
6338;Mannen en vrouwen;El Salvador;Personen in echtpaar;2003;5;5;5;0;0;0;0;0
6339;Mannen en vrouwen;El Salvador;Personen in echtpaar;2004;0;0;0;0;0;0;0;0
6340;Mannen en vrouwen;El Salvador;Personen in echtpaar;2005;0;4;3;-4;-3;0;1;-1
6341;Mannen en vrouwen;El Salvador;Personen in echtpaar;2006;1;1;0;0;1;0;1;-1
6342;Mannen en vrouwen;El Salvador;Personen in echtpaar;2007;0;3;3;-3;-3;0;0;0
6343;Mannen en vrouwen;El Salvador;Personen in echtpaar;2008;4;4;3;0;1;0;1;-1
6344;Mannen en vrouwen;El Salvador;Personen in echtpaar;2009;3;1;1;2;2;0;0;0
6345;Mannen en vrouwen;El Salvador;Personen in eenoudergezin met vader;1995;0;0;0;0;0;0;0;0
6346;Mannen en vrouwen;El Salvador;Personen in eenoudergezin met vader;1996;0;0;0;0;0;0;0;0
6347;Mannen en vrouwen;El Salvador;Personen in eenoudergezin met vader;1997;0;0;0;0;0;0;0;0
6348;Mannen en vrouwen;El Salvador;Personen in eenoudergezin met vader;1998;0;0;0;0;0;0;0;0
6349;Mannen en vrouwen;El Salvador;Personen in eenoudergezin met vader;1999;1;0;0;1;1;0;0;0
6350;Mannen en vrouwen;El Salvador;Personen in eenoudergezin met vader;2000;1;0;0;1;1;0;0;0
6351;Mannen en vrouwen;El Salvador;Personen in eenoudergezin met vader;2001;1;1;1;0;0;0;0;0
6352;Mannen en vrouwen;El Salvador;Personen in eenoudergezin met vader;2002;1;0;0;1;1;0;0;0
6353;Mannen en vrouwen;El Salvador;Personen in eenoudergezin met vader;2003;1;0;0;1;1;0;0;0
6354;Mannen en vrouwen;El Salvador;Personen in eenoudergezin met vader;2004;0;0;0;0;0;0;0;0
6355;Mannen en vrouwen;El Salvador;Personen in eenoudergezin met vader;2005;0;0;0;0;0;0;0;0
6356;Mannen en vrouwen;El Salvador;Personen in eenoudergezin met vader;2006;0;0;0;0;0;0;0;0
6357;Mannen en vrouwen;El Salvador;Personen in eenoudergezin met vader;2007;0;0;0;0;0;0;0;0
6358;Mannen en vrouwen;El Salvador;Personen in eenoudergezin met vader;2008;0;0;0;0;0;0;0;0
6359;Mannen en vrouwen;El Salvador;Personen in eenoudergezin met vader;2009;0;0;0;0;0;0;0;0
6360;Mannen en vrouwen;El Salvador;Personen in eenoudergezin met moeder;1995;2;1;1;1;1;0;0;0
6361;Mannen en vrouwen;El Salvador;Personen in eenoudergezin met moeder;1996;1;1;1;0;0;0;0;0
6362;Mannen en vrouwen;El Salvador;Personen in eenoudergezin met moeder;1997;2;0;0;2;2;0;0;0
6363;Mannen en vrouwen;El Salvador;Personen in eenoudergezin met moeder;1998;0;0;0;0;0;0;0;0
6364;Mannen en vrouwen;El Salvador;Personen in eenoudergezin met moeder;1999;0;1;0;-1;0;0;1;-1
6365;Mannen en vrouwen;El Salvador;Personen in eenoudergezin met moeder;2000;1;3;3;-2;-2;0;0;0
6366;Mannen en vrouwen;El Salvador;Personen in eenoudergezin met moeder;2001;5;0;0;5;5;0;0;0
6367;Mannen en vrouwen;El Salvador;Personen in eenoudergezin met moeder;2002;4;0;0;4;4;0;0;0
6368;Mannen en vrouwen;El Salvador;Personen in eenoudergezin met moeder;2003;3;0;0;3;3;0;0;0
6369;Mannen en vrouwen;El Salvador;Personen in eenoudergezin met moeder;2004;0;0;0;0;0;0;0;0
6370;Mannen en vrouwen;El Salvador;Personen in eenoudergezin met moeder;2005;4;1;0;3;4;0;1;-1
6371;Mannen en vrouwen;El Salvador;Personen in eenoudergezin met moeder;2006;3;2;2;1;1;0;0;0
6372;Mannen en vrouwen;El Salvador;Personen in eenoudergezin met moeder;2007;1;0;0;1;1;0;0;0
6373;Mannen en vrouwen;El Salvador;Personen in eenoudergezin met moeder;2008;0;1;0;-1;0;0;1;-1
6374;Mannen en vrouwen;El Salvador;Personen in eenoudergezin met moeder;2009;2;0;0;2;2;0;0;0
6375;Mannen en vrouwen;El Salvador;Personen in samenwonend paar met kin...;1995;0;0;0;0;0;0;0;0
6376;Mannen en vrouwen;El Salvador;Personen in samenwonend paar met kin...;1996;0;0;0;0;0;0;0;0
6377;Mannen en vrouwen;El Salvador;Personen in samenwonend paar met kin...;1997;0;0;0;0;0;0;0;0
6378;Mannen en vrouwen;El Salvador;Personen in samenwonend paar met kin...;1998;4;0;0;4;4;0;0;0
6379;Mannen en vrouwen;El Salvador;Personen in samenwonend paar met kin...;1999;0;0;0;0;0;0;0;0
6380;Mannen en vrouwen;El Salvador;Personen in samenwonend paar met kin...;2000;0;2;2;-2;-2;0;0;0
6381;Mannen en vrouwen;El Salvador;Personen in samenwonend paar met kin...;2001;0;0;0;0;0;0;0;0
6382;Mannen en vrouwen;El Salvador;Personen in samenwonend paar met kin...;2002;0;1;1;-1;-1;0;0;0
6383;Mannen en vrouwen;El Salvador;Personen in samenwonend paar met kin...;2003;0;0;0;0;0;0;0;0
6384;Mannen en vrouwen;El Salvador;Personen in samenwonend paar met kin...;2004;0;0;0;0;0;0;0;0
6385;Mannen en vrouwen;El Salvador;Personen in samenwonend paar met kin...;2005;0;0;0;0;0;0;0;0
6386;Mannen en vrouwen;El Salvador;Personen in samenwonend paar met kin...;2006;1;0;0;1;1;0;0;0
6387;Mannen en vrouwen;El Salvador;Personen in samenwonend paar met kin...;2007;0;0;0;0;0;0;0;0
6388;Mannen en vrouwen;El Salvador;Personen in samenwonend paar met kin...;2008;3;0;0;3;3;0;0;0
6389;Mannen en vrouwen;El Salvador;Personen in samenwonend paar met kin...;2009;0;0;0;0;0;0;0;0
6390;Mannen en vrouwen;El Salvador;Alleengaanden;1995;6;5;4;1;2;1;2;-1
6391;Mannen en vrouwen;El Salvador;Alleengaanden;1996;7;4;2;3;5;0;2;-2
6392;Mannen en vrouwen;El Salvador;Alleengaanden;1997;10;3;4;7;6;5;4;1
6393;Mannen en vrouwen;El Salvador;Alleengaanden;1998;22;4;2;18;20;3;5;-2
6394;Mannen en vrouwen;El Salvador;Alleengaanden;1999;8;4;1;4;7;1;4;-3
6395;Mannen en vrouwen;El Salvador;Alleengaanden;2000;13;3;2;10;11;1;2;-1
6396;Mannen en vrouwen;El Salvador;Alleengaanden;2001;13;3;2;10;11;1;2;-1
6397;Mannen en vrouwen;El Salvador;Alleengaanden;2002;13;8;5;5;8;0;3;-3
6398;Mannen en vrouwen;El Salvador;Alleengaanden;2003;17;11;7;6;10;2;6;-4
6399;Mannen en vrouwen;El Salvador;Alleengaanden;2004;10;4;1;6;9;1;4;-3
6400;Mannen en vrouwen;El Salvador;Alleengaanden;2005;9;5;4;4;5;3;4;-1
6401;Mannen en vrouwen;El Salvador;Alleengaanden;2006;15;10;7;5;8;2;5;-3
6402;Mannen en vrouwen;El Salvador;Alleengaanden;2007;14;9;7;5;7;3;5;-2
6403;Mannen en vrouwen;El Salvador;Alleengaanden;2008;19;4;3;15;16;2;3;-1
6404;Mannen en vrouwen;El Salvador;Alleengaanden;2009;13;11;9;2;4;2;4;-2
6405;Mannen en vrouwen;Equatoriaal-Guinea;Totaal personen;1995;1;1;0;0;1;0;1;-1
6406;Mannen en vrouwen;Equatoriaal-Guinea;Totaal personen;1996;1;1;1;0;0;0;0;0
6407;Mannen en vrouwen;Equatoriaal-Guinea;Totaal personen;1997;1;1;1;0;0;0;0;0
6408;Mannen en vrouwen;Equatoriaal-Guinea;Totaal personen;1998;1;0;0;1;1;1;1;0
6409;Mannen en vrouwen;Equatoriaal-Guinea;Totaal personen;1999;0;0;0;0;0;0;0;0
6410;Mannen en vrouwen;Equatoriaal-Guinea;Totaal personen;2000;7;1;0;6;7;1;2;-1
6411;Mannen en vrouwen;Equatoriaal-Guinea;Totaal personen;2001;5;2;1;3;4;0;1;-1
6412;Mannen en vrouwen;Equatoriaal-Guinea;Totaal personen;2002;5;3;2;2;3;0;1;-1
6413;Mannen en vrouwen;Equatoriaal-Guinea;Totaal personen;2003;2;0;0;2;2;0;0;0
6414;Mannen en vrouwen;Equatoriaal-Guinea;Totaal personen;2004;5;6;3;-1;2;0;3;-3
6415;Mannen en vrouwen;Equatoriaal-Guinea;Totaal personen;2005;0;1;1;-1;-1;2;2;0
6416;Mannen en vrouwen;Equatoriaal-Guinea;Totaal personen;2006;1;3;2;-2;-1;1;2;-1
6417;Mannen en vrouwen;Equatoriaal-Guinea;Totaal personen;2007;6;6;2;0;4;0;4;-4
6418;Mannen en vrouwen;Equatoriaal-Guinea;Totaal personen;2008;6;1;1;5;5;1;1;0
6419;Mannen en vrouwen;Equatoriaal-Guinea;Totaal personen;2009;10;3;1;7;9;0;2;-2
6420;Mannen en vrouwen;Equatoriaal-Guinea;Totaal in gezinsverband;1995;0;0;0;0;0;0;0;0
6421;Mannen en vrouwen;Equatoriaal-Guinea;Totaal in gezinsverband;1996;0;0;0;0;0;0;0;0
6422;Mannen en vrouwen;Equatoriaal-Guinea;Totaal in gezinsverband;1997;0;1;1;-1;-1;0;0;0
6423;Mannen en vrouwen;Equatoriaal-Guinea;Totaal in gezinsverband;1998;0;0;0;0;0;0;0;0
6424;Mannen en vrouwen;Equatoriaal-Guinea;Totaal in gezinsverband;1999;0;0;0;0;0;0;0;0
6425;Mannen en vrouwen;Equatoriaal-Guinea;Totaal in gezinsverband;2000;0;0;0;0;0;0;0;0
6426;Mannen en vrouwen;Equatoriaal-Guinea;Totaal in gezinsverband;2001;3;0;0;3;3;0;0;0
6427;Mannen en vrouwen;Equatoriaal-Guinea;Totaal in gezinsverband;2002;1;2;1;-1;0;0;1;-1
6428;Mannen en vrouwen;Equatoriaal-Guinea;Totaal in gezinsverband;2003;0;0;0;0;0;0;0;0
6429;Mannen en vrouwen;Equatoriaal-Guinea;Totaal in gezinsverband;2004;1;1;1;0;0;0;0;0
6430;Mannen en vrouwen;Equatoriaal-Guinea;Totaal in gezinsverband;2005;0;1;1;-1;-1;0;0;0
6431;Mannen en vrouwen;Equatoriaal-Guinea;Totaal in gezinsverband;2006;1;0;0;1;1;0;0;0
6432;Mannen en vrouwen;Equatoriaal-Guinea;Totaal in gezinsverband;2007;1;1;1;0;0;0;0;0
6433;Mannen en vrouwen;Equatoriaal-Guinea;Totaal in gezinsverband;2008;0;0;0;0;0;0;0;0
6434;Mannen en vrouwen;Equatoriaal-Guinea;Totaal in gezinsverband;2009;0;1;1;-1;-1;0;0;0
6435;Mannen en vrouwen;Equatoriaal-Guinea;Personen in echtpaar;1995;0;0;0;0;0;0;0;0
6436;Mannen en vrouwen;Equatoriaal-Guinea;Personen in echtpaar;1996;0;0;0;0;0;0;0;0
6437;Mannen en vrouwen;Equatoriaal-Guinea;Personen in echtpaar;1997;0;1;1;-1;-1;0;0;0
6438;Mannen en vrouwen;Equatoriaal-Guinea;Personen in echtpaar;1998;0;0;0;0;0;0;0;0
6439;Mannen en vrouwen;Equatoriaal-Guinea;Personen in echtpaar;1999;0;0;0;0;0;0;0;0
6440;Mannen en vrouwen;Equatoriaal-Guinea;Personen in echtpaar;2000;0;0;0;0;0;0;0;0
6441;Mannen en vrouwen;Equatoriaal-Guinea;Personen in echtpaar;2001;0;0;0;0;0;0;0;0
6442;Mannen en vrouwen;Equatoriaal-Guinea;Personen in echtpaar;2002;0;1;1;-1;-1;0;0;0
6443;Mannen en vrouwen;Equatoriaal-Guinea;Personen in echtpaar;2003;0;0;0;0;0;0;0;0
6444;Mannen en vrouwen;Equatoriaal-Guinea;Personen in echtpaar;2004;1;1;1;0;0;0;0;0
6445;Mannen en vrouwen;Equatoriaal-Guinea;Personen in echtpaar;2005;0;1;1;-1;-1;0;0;0
6446;Mannen en vrouwen;Equatoriaal-Guinea;Personen in echtpaar;2006;0;0;0;0;0;0;0;0
6447;Mannen en vrouwen;Equatoriaal-Guinea;Personen in echtpaar;2007;1;1;1;0;0;0;0;0
6448;Mannen en vrouwen;Equatoriaal-Guinea;Personen in echtpaar;2008;0;0;0;0;0;0;0;0
6449;Mannen en vrouwen;Equatoriaal-Guinea;Personen in echtpaar;2009;0;0;0;0;0;0;0;0
6450;Mannen en vrouwen;Equatoriaal-Guinea;Personen in eenoudergezin met vader;1995;0;0;0;0;0;0;0;0
6451;Mannen en vrouwen;Equatoriaal-Guinea;Personen in eenoudergezin met vader;1996;0;0;0;0;0;0;0;0
6452;Mannen en vrouwen;Equatoriaal-Guinea;Personen in eenoudergezin met vader;1997;0;0;0;0;0;0;0;0
6453;Mannen en vrouwen;Equatoriaal-Guinea;Personen in eenoudergezin met vader;1998;0;0;0;0;0;0;0;0
6454;Mannen en vrouwen;Equatoriaal-Guinea;Personen in eenoudergezin met vader;1999;0;0;0;0;0;0;0;0
6455;Mannen en vrouwen;Equatoriaal-Guinea;Personen in eenoudergezin met vader;2000;0;0;0;0;0;0;0;0
6456;Mannen en vrouwen;Equatoriaal-Guinea;Personen in eenoudergezin met vader;2001;0;0;0;0;0;0;0;0
6457;Mannen en vrouwen;Equatoriaal-Guinea;Personen in eenoudergezin met vader;2002;0;0;0;0;0;0;0;0
6458;Mannen en vrouwen;Equatoriaal-Guinea;Personen in eenoudergezin met vader;2003;0;0;0;0;0;0;0;0
6459;Mannen en vrouwen;Equatoriaal-Guinea;Personen in eenoudergezin met vader;2004;0;0;0;0;0;0;0;0
6460;Mannen en vrouwen;Equatoriaal-Guinea;Personen in eenoudergezin met vader;2005;0;0;0;0;0;0;0;0
6461;Mannen en vrouwen;Equatoriaal-Guinea;Personen in eenoudergezin met vader;2006;0;0;0;0;0;0;0;0
6462;Mannen en vrouwen;Equatoriaal-Guinea;Personen in eenoudergezin met vader;2007;0;0;0;0;0;0;0;0
6463;Mannen en vrouwen;Equatoriaal-Guinea;Personen in eenoudergezin met vader;2008;0;0;0;0;0;0;0;0
6464;Mannen en vrouwen;Equatoriaal-Guinea;Personen in eenoudergezin met vader;2009;0;0;0;0;0;0;0;0
6465;Mannen en vrouwen;Equatoriaal-Guinea;Personen in eenoudergezin met moeder;1995;0;0;0;0;0;0;0;0
6466;Mannen en vrouwen;Equatoriaal-Guinea;Personen in eenoudergezin met moeder;1996;0;0;0;0;0;0;0;0
6467;Mannen en vrouwen;Equatoriaal-Guinea;Personen in eenoudergezin met moeder;1997;0;0;0;0;0;0;0;0
6468;Mannen en vrouwen;Equatoriaal-Guinea;Personen in eenoudergezin met moeder;1998;0;0;0;0;0;0;0;0
6469;Mannen en vrouwen;Equatoriaal-Guinea;Personen in eenoudergezin met moeder;1999;0;0;0;0;0;0;0;0
6470;Mannen en vrouwen;Equatoriaal-Guinea;Personen in eenoudergezin met moeder;2000;0;0;0;0;0;0;0;0
6471;Mannen en vrouwen;Equatoriaal-Guinea;Personen in eenoudergezin met moeder;2001;3;0;0;3;3;0;0;0
6472;Mannen en vrouwen;Equatoriaal-Guinea;Personen in eenoudergezin met moeder;2002;1;1;0;0;1;0;1;-1
6473;Mannen en vrouwen;Equatoriaal-Guinea;Personen in eenoudergezin met moeder;2003;0;0;0;0;0;0;0;0
6474;Mannen en vrouwen;Equatoriaal-Guinea;Personen in eenoudergezin met moeder;2004;0;0;0;0;0;0;0;0
6475;Mannen en vrouwen;Equatoriaal-Guinea;Personen in eenoudergezin met moeder;2005;0;0;0;0;0;0;0;0
6476;Mannen en vrouwen;Equatoriaal-Guinea;Personen in eenoudergezin met moeder;2006;1;0;0;1;1;0;0;0
6477;Mannen en vrouwen;Equatoriaal-Guinea;Personen in eenoudergezin met moeder;2007;0;0;0;0;0;0;0;0
6478;Mannen en vrouwen;Equatoriaal-Guinea;Personen in eenoudergezin met moeder;2008;0;0;0;0;0;0;0;0
6479;Mannen en vrouwen;Equatoriaal-Guinea;Personen in eenoudergezin met moeder;2009;0;0;0;0;0;0;0;0
6480;Mannen en vrouwen;Equatoriaal-Guinea;Personen in samenwonend paar met kin...;1995;0;0;0;0;0;0;0;0
6481;Mannen en vrouwen;Equatoriaal-Guinea;Personen in samenwonend paar met kin...;1996;0;0;0;0;0;0;0;0
6482;Mannen en vrouwen;Equatoriaal-Guinea;Personen in samenwonend paar met kin...;1997;0;0;0;0;0;0;0;0
6483;Mannen en vrouwen;Equatoriaal-Guinea;Personen in samenwonend paar met kin...;1998;0;0;0;0;0;0;0;0
6484;Mannen en vrouwen;Equatoriaal-Guinea;Personen in samenwonend paar met kin...;1999;0;0;0;0;0;0;0;0
6485;Mannen en vrouwen;Equatoriaal-Guinea;Personen in samenwonend paar met kin...;2000;0;0;0;0;0;0;0;0
6486;Mannen en vrouwen;Equatoriaal-Guinea;Personen in samenwonend paar met kin...;2001;0;0;0;0;0;0;0;0
6487;Mannen en vrouwen;Equatoriaal-Guinea;Personen in samenwonend paar met kin...;2002;0;0;0;0;0;0;0;0
6488;Mannen en vrouwen;Equatoriaal-Guinea;Personen in samenwonend paar met kin...;2003;0;0;0;0;0;0;0;0
6489;Mannen en vrouwen;Equatoriaal-Guinea;Personen in samenwonend paar met kin...;2004;0;0;0;0;0;0;0;0
6490;Mannen en vrouwen;Equatoriaal-Guinea;Personen in samenwonend paar met kin...;2005;0;0;0;0;0;0;0;0
6491;Mannen en vrouwen;Equatoriaal-Guinea;Personen in samenwonend paar met kin...;2006;0;0;0;0;0;0;0;0
6492;Mannen en vrouwen;Equatoriaal-Guinea;Personen in samenwonend paar met kin...;2007;0;0;0;0;0;0;0;0
6493;Mannen en vrouwen;Equatoriaal-Guinea;Personen in samenwonend paar met kin...;2008;0;0;0;0;0;0;0;0
6494;Mannen en vrouwen;Equatoriaal-Guinea;Personen in samenwonend paar met kin...;2009;0;1;1;-1;-1;0;0;0
6495;Mannen en vrouwen;Equatoriaal-Guinea;Alleengaanden;1995;1;1;0;0;1;0;1;-1
6496;Mannen en vrouwen;Equatoriaal-Guinea;Alleengaanden;1996;1;1;1;0;0;0;0;0
6497;Mannen en vrouwen;Equatoriaal-Guinea;Alleengaanden;1997;1;0;0;1;1;0;0;0
6498;Mannen en vrouwen;Equatoriaal-Guinea;Alleengaanden;1998;1;0;0;1;1;1;1;0
6499;Mannen en vrouwen;Equatoriaal-Guinea;Alleengaanden;1999;0;0;0;0;0;0;0;0
6500;Mannen en vrouwen;Equatoriaal-Guinea;Alleengaanden;2000;7;1;0;6;7;1;2;-1
6501;Mannen en vrouwen;Equatoriaal-Guinea;Alleengaanden;2001;2;2;1;0;1;0;1;-1
6502;Mannen en vrouwen;Equatoriaal-Guinea;Alleengaanden;2002;4;1;1;3;3;0;0;0
6503;Mannen en vrouwen;Equatoriaal-Guinea;Alleengaanden;2003;2;0;0;2;2;0;0;0
6504;Mannen en vrouwen;Equatoriaal-Guinea;Alleengaanden;2004;4;5;2;-1;2;0;3;-3
6505;Mannen en vrouwen;Equatoriaal-Guinea;Alleengaanden;2005;0;0;0;0;0;2;2;0
6506;Mannen en vrouwen;Equatoriaal-Guinea;Alleengaanden;2006;0;3;2;-3;-2;1;2;-1
6507;Mannen en vrouwen;Equatoriaal-Guinea;Alleengaanden;2007;5;5;1;0;4;0;4;-4
6508;Mannen en vrouwen;Equatoriaal-Guinea;Alleengaanden;2008;6;1;1;5;5;1;1;0
6509;Mannen en vrouwen;Equatoriaal-Guinea;Alleengaanden;2009;10;2;0;8;10;0;2;-2
6510;Mannen en vrouwen;Eritrea;Totaal personen;1995;11;3;3;8;8;2;2;0
6511;Mannen en vrouwen;Eritrea;Totaal personen;1996;29;6;5;23;24;0;1;-1
6512;Mannen en vrouwen;Eritrea;Totaal personen;1997;57;4;2;53;55;0;2;-2
6513;Mannen en vrouwen;Eritrea;Totaal personen;1998;49;7;5;42;44;0;2;-2
6514;Mannen en vrouwen;Eritrea;Totaal personen;1999;42;5;1;37;41;0;4;-4
6515;Mannen en vrouwen;Eritrea;Totaal personen;2000;88;12;5;76;83;4;11;-7
6516;Mannen en vrouwen;Eritrea;Totaal personen;2001;93;10;5;83;88;3;8;-5
6517;Mannen en vrouwen;Eritrea;Totaal personen;2002;97;27;9;70;88;10;28;-18
6518;Mannen en vrouwen;Eritrea;Totaal personen;2003;76;34;3;42;73;7;38;-31
6519;Mannen en vrouwen;Eritrea;Totaal personen;2004;89;37;1;52;88;11;47;-36
6520;Mannen en vrouwen;Eritrea;Totaal personen;2005;70;38;8;32;62;11;41;-30
6521;Mannen en vrouwen;Eritrea;Totaal personen;2006;73;29;8;44;65;12;33;-21
6522;Mannen en vrouwen;Eritrea;Totaal personen;2007;118;21;12;97;106;10;19;-9
6523;Mannen en vrouwen;Eritrea;Totaal personen;2008;122;31;11;91;111;5;25;-20
6524;Mannen en vrouwen;Eritrea;Totaal personen;2009;217;28;17;189;200;9;20;-11
6525;Mannen en vrouwen;Eritrea;Totaal in gezinsverband;1995;0;-2;0;2;0;2;0;2
6526;Mannen en vrouwen;Eritrea;Totaal in gezinsverband;1996;0;0;0;0;0;0;0;0
6527;Mannen en vrouwen;Eritrea;Totaal in gezinsverband;1997;1;0;0;1;1;0;0;0
6528;Mannen en vrouwen;Eritrea;Totaal in gezinsverband;1998;5;0;0;5;5;0;0;0
6529;Mannen en vrouwen;Eritrea;Totaal in gezinsverband;1999;0;0;0;0;0;0;0;0
6530;Mannen en vrouwen;Eritrea;Totaal in gezinsverband;2000;22;0;0;22;22;0;0;0
6531;Mannen en vrouwen;Eritrea;Totaal in gezinsverband;2001;18;0;0;18;18;1;1;0
6532;Mannen en vrouwen;Eritrea;Totaal in gezinsverband;2002;24;5;0;19;24;1;6;-5
6533;Mannen en vrouwen;Eritrea;Totaal in gezinsverband;2003;6;4;2;2;4;3;5;-2
6534;Mannen en vrouwen;Eritrea;Totaal in gezinsverband;2004;16;8;1;8;15;4;11;-7
6535;Mannen en vrouwen;Eritrea;Totaal in gezinsverband;2005;16;6;1;10;15;2;7;-5
6536;Mannen en vrouwen;Eritrea;Totaal in gezinsverband;2006;8;8;4;0;4;2;6;-4
6537;Mannen en vrouwen;Eritrea;Totaal in gezinsverband;2007;20;2;1;18;19;3;4;-1
6538;Mannen en vrouwen;Eritrea;Totaal in gezinsverband;2008;11;2;3;9;8;1;0;1
6539;Mannen en vrouwen;Eritrea;Totaal in gezinsverband;2009;28;3;3;25;25;1;1;0
6540;Mannen en vrouwen;Eritrea;Personen in echtpaar;1995;0;0;0;0;0;0;0;0
6541;Mannen en vrouwen;Eritrea;Personen in echtpaar;1996;0;0;0;0;0;0;0;0
6542;Mannen en vrouwen;Eritrea;Personen in echtpaar;1997;0;0;0;0;0;0;0;0
6543;Mannen en vrouwen;Eritrea;Personen in echtpaar;1998;0;0;0;0;0;0;0;0
6544;Mannen en vrouwen;Eritrea;Personen in echtpaar;1999;0;0;0;0;0;0;0;0
6545;Mannen en vrouwen;Eritrea;Personen in echtpaar;2000;9;0;0;9;9;0;0;0
6546;Mannen en vrouwen;Eritrea;Personen in echtpaar;2001;8;0;0;8;8;1;1;0
6547;Mannen en vrouwen;Eritrea;Personen in echtpaar;2002;4;2;0;2;4;0;2;-2
6548;Mannen en vrouwen;Eritrea;Personen in echtpaar;2003;3;2;2;1;1;0;0;0
6549;Mannen en vrouwen;Eritrea;Personen in echtpaar;2004;4;5;0;-1;4;0;5;-5
6550;Mannen en vrouwen;Eritrea;Personen in echtpaar;2005;3;-1;1;4;2;2;0;2
6551;Mannen en vrouwen;Eritrea;Personen in echtpaar;2006;1;1;0;0;1;0;1;-1
6552;Mannen en vrouwen;Eritrea;Personen in echtpaar;2007;3;2;0;1;3;0;2;-2
6553;Mannen en vrouwen;Eritrea;Personen in echtpaar;2008;1;1;1;0;0;0;0;0
6554;Mannen en vrouwen;Eritrea;Personen in echtpaar;2009;3;2;2;1;1;0;0;0
6555;Mannen en vrouwen;Eritrea;Personen in eenoudergezin met vader;1995;0;0;0;0;0;0;0;0
6556;Mannen en vrouwen;Eritrea;Personen in eenoudergezin met vader;1996;0;0;0;0;0;0;0;0
6557;Mannen en vrouwen;Eritrea;Personen in eenoudergezin met vader;1997;0;0;0;0;0;0;0;0
6558;Mannen en vrouwen;Eritrea;Personen in eenoudergezin met vader;1998;0;0;0;0;0;0;0;0
6559;Mannen en vrouwen;Eritrea;Personen in eenoudergezin met vader;1999;0;0;0;0;0;0;0;0
6560;Mannen en vrouwen;Eritrea;Personen in eenoudergezin met vader;2000;0;0;0;0;0;0;0;0
6561;Mannen en vrouwen;Eritrea;Personen in eenoudergezin met vader;2001;0;0;0;0;0;0;0;0
6562;Mannen en vrouwen;Eritrea;Personen in eenoudergezin met vader;2002;0;0;0;0;0;0;0;0
6563;Mannen en vrouwen;Eritrea;Personen in eenoudergezin met vader;2003;0;0;0;0;0;0;0;0
6564;Mannen en vrouwen;Eritrea;Personen in eenoudergezin met vader;2004;0;0;0;0;0;0;0;0
6565;Mannen en vrouwen;Eritrea;Personen in eenoudergezin met vader;2005;0;3;0;-3;0;0;3;-3
6566;Mannen en vrouwen;Eritrea;Personen in eenoudergezin met vader;2006;0;0;0;0;0;0;0;0
6567;Mannen en vrouwen;Eritrea;Personen in eenoudergezin met vader;2007;0;0;0;0;0;0;0;0
6568;Mannen en vrouwen;Eritrea;Personen in eenoudergezin met vader;2008;0;0;0;0;0;0;0;0
6569;Mannen en vrouwen;Eritrea;Personen in eenoudergezin met vader;2009;0;0;0;0;0;0;0;0
6570;Mannen en vrouwen;Eritrea;Personen in eenoudergezin met moeder;1995;0;-2;0;2;0;2;0;2
6571;Mannen en vrouwen;Eritrea;Personen in eenoudergezin met moeder;1996;0;0;0;0;0;0;0;0
6572;Mannen en vrouwen;Eritrea;Personen in eenoudergezin met moeder;1997;1;0;0;1;1;0;0;0
6573;Mannen en vrouwen;Eritrea;Personen in eenoudergezin met moeder;1998;5;0;0;5;5;0;0;0
6574;Mannen en vrouwen;Eritrea;Personen in eenoudergezin met moeder;1999;0;0;0;0;0;0;0;0
6575;Mannen en vrouwen;Eritrea;Personen in eenoudergezin met moeder;2000;7;0;0;7;7;0;0;0
6576;Mannen en vrouwen;Eritrea;Personen in eenoudergezin met moeder;2001;10;0;0;10;10;0;0;0
6577;Mannen en vrouwen;Eritrea;Personen in eenoudergezin met moeder;2002;20;3;0;17;20;1;4;-3
6578;Mannen en vrouwen;Eritrea;Personen in eenoudergezin met moeder;2003;3;2;0;1;3;3;5;-2
6579;Mannen en vrouwen;Eritrea;Personen in eenoudergezin met moeder;2004;12;3;1;9;11;4;6;-2
6580;Mannen en vrouwen;Eritrea;Personen in eenoudergezin met moeder;2005;10;4;0;6;10;0;4;-4
6581;Mannen en vrouwen;Eritrea;Personen in eenoudergezin met moeder;2006;7;7;4;0;3;2;5;-3
6582;Mannen en vrouwen;Eritrea;Personen in eenoudergezin met moeder;2007;17;0;1;17;16;3;2;1
6583;Mannen en vrouwen;Eritrea;Personen in eenoudergezin met moeder;2008;10;1;2;9;8;1;0;1
6584;Mannen en vrouwen;Eritrea;Personen in eenoudergezin met moeder;2009;25;1;1;24;24;1;1;0
6585;Mannen en vrouwen;Eritrea;Personen in samenwonend paar met kin...;1995;0;0;0;0;0;0;0;0
6586;Mannen en vrouwen;Eritrea;Personen in samenwonend paar met kin...;1996;0;0;0;0;0;0;0;0
6587;Mannen en vrouwen;Eritrea;Personen in samenwonend paar met kin...;1997;0;0;0;0;0;0;0;0
6588;Mannen en vrouwen;Eritrea;Personen in samenwonend paar met kin...;1998;0;0;0;0;0;0;0;0
6589;Mannen en vrouwen;Eritrea;Personen in samenwonend paar met kin...;1999;0;0;0;0;0;0;0;0
6590;Mannen en vrouwen;Eritrea;Personen in samenwonend paar met kin...;2000;6;0;0;6;6;0;0;0
6591;Mannen en vrouwen;Eritrea;Personen in samenwonend paar met kin...;2001;0;0;0;0;0;0;0;0
6592;Mannen en vrouwen;Eritrea;Personen in samenwonend paar met kin...;2002;0;0;0;0;0;0;0;0
6593;Mannen en vrouwen;Eritrea;Personen in samenwonend paar met kin...;2003;0;0;0;0;0;0;0;0
6594;Mannen en vrouwen;Eritrea;Personen in samenwonend paar met kin...;2004;0;0;0;0;0;0;0;0
6595;Mannen en vrouwen;Eritrea;Personen in samenwonend paar met kin...;2005;3;0;0;3;3;0;0;0
6596;Mannen en vrouwen;Eritrea;Personen in samenwonend paar met kin...;2006;0;0;0;0;0;0;0;0
6597;Mannen en vrouwen;Eritrea;Personen in samenwonend paar met kin...;2007;0;0;0;0;0;0;0;0
6598;Mannen en vrouwen;Eritrea;Personen in samenwonend paar met kin...;2008;0;0;0;0;0;0;0;0
6599;Mannen en vrouwen;Eritrea;Personen in samenwonend paar met kin...;2009;0;0;0;0;0;0;0;0
6600;Mannen en vrouwen;Eritrea;Alleengaanden;1995;11;5;3;6;8;0;2;-2
6601;Mannen en vrouwen;Eritrea;Alleengaanden;1996;29;6;5;23;24;0;1;-1
6602;Mannen en vrouwen;Eritrea;Alleengaanden;1997;56;4;2;52;54;0;2;-2
6603;Mannen en vrouwen;Eritrea;Alleengaanden;1998;44;7;5;37;39;0;2;-2
6604;Mannen en vrouwen;Eritrea;Alleengaanden;1999;42;5;1;37;41;0;4;-4
6605;Mannen en vrouwen;Eritrea;Alleengaanden;2000;66;12;5;54;61;4;11;-7
6606;Mannen en vrouwen;Eritrea;Alleengaanden;2001;75;10;5;65;70;2;7;-5
6607;Mannen en vrouwen;Eritrea;Alleengaanden;2002;73;22;9;51;64;9;22;-13
6608;Mannen en vrouwen;Eritrea;Alleengaanden;2003;70;30;1;40;69;4;33;-29
6609;Mannen en vrouwen;Eritrea;Alleengaanden;2004;73;29;0;44;73;7;36;-29
6610;Mannen en vrouwen;Eritrea;Alleengaanden;2005;54;32;7;22;47;9;34;-25
6611;Mannen en vrouwen;Eritrea;Alleengaanden;2006;65;21;4;44;61;10;27;-17
6612;Mannen en vrouwen;Eritrea;Alleengaanden;2007;98;19;11;79;87;7;15;-8
6613;Mannen en vrouwen;Eritrea;Alleengaanden;2008;111;29;8;82;103;4;25;-21
6614;Mannen en vrouwen;Eritrea;Alleengaanden;2009;189;25;14;164;175;8;19;-11
6615;Mannen en vrouwen;Ethiopië;Totaal personen;1995;486;184;79;302;407;23;128;-105
6616;Mannen en vrouwen;Ethiopië;Totaal personen;1996;405;225;89;180;316;46;182;-136
6617;Mannen en vrouwen;Ethiopië;Totaal personen;1997;339;293;152;46;187;49;190;-141
6618;Mannen en vrouwen;Ethiopië;Totaal personen;1998;341;243;103;98;238;85;225;-140
6619;Mannen en vrouwen;Ethiopië;Totaal personen;1999;367;216;93;151;274;77;200;-123
6620;Mannen en vrouwen;Ethiopië;Totaal personen;2000;483;241;111;242;372;69;199;-130
6621;Mannen en vrouwen;Ethiopië;Totaal personen;2001;572;284;149;288;423;78;213;-135
6622;Mannen en vrouwen;Ethiopië;Totaal personen;2002;511;335;133;176;378;111;313;-202
6623;Mannen en vrouwen;Ethiopië;Totaal personen;2003;375;388;138;-13;237;98;348;-250
6624;Mannen en vrouwen;Ethiopië;Totaal personen;2004;359;388;160;-29;199;117;345;-228
6625;Mannen en vrouwen;Ethiopië;Totaal personen;2005;346;384;177;-38;169;112;319;-207
6626;Mannen en vrouwen;Ethiopië;Totaal personen;2006;389;374;172;15;217;117;319;-202
6627;Mannen en vrouwen;Ethiopië;Totaal personen;2007;432;355;199;77;233;115;271;-156
6628;Mannen en vrouwen;Ethiopië;Totaal personen;2008;508;318;167;190;341;150;301;-151
6629;Mannen en vrouwen;Ethiopië;Totaal personen;2009;520;260;138;260;382;101;223;-122
6630;Mannen en vrouwen;Ethiopië;Totaal in gezinsverband;1995;49;31;20;18;29;0;11;-11
6631;Mannen en vrouwen;Ethiopië;Totaal in gezinsverband;1996;36;33;20;3;16;2;15;-13
6632;Mannen en vrouwen;Ethiopië;Totaal in gezinsverband;1997;22;45;34;-23;-12;0;11;-11
6633;Mannen en vrouwen;Ethiopië;Totaal in gezinsverband;1998;19;41;20;-22;-1;1;22;-21
6634;Mannen en vrouwen;Ethiopië;Totaal in gezinsverband;1999;14;24;13;-10;1;2;13;-11
6635;Mannen en vrouwen;Ethiopië;Totaal in gezinsverband;2000;68;59;46;9;22;0;13;-13
6636;Mannen en vrouwen;Ethiopië;Totaal in gezinsverband;2001;38;47;22;-9;16;3;28;-25
6637;Mannen en vrouwen;Ethiopië;Totaal in gezinsverband;2002;31;59;28;-28;3;1;32;-31
6638;Mannen en vrouwen;Ethiopië;Totaal in gezinsverband;2003;20;66;40;-46;-20;1;27;-26
6639;Mannen en vrouwen;Ethiopië;Totaal in gezinsverband;2004;29;74;36;-45;-7;9;47;-38
6640;Mannen en vrouwen;Ethiopië;Totaal in gezinsverband;2005;20;56;35;-36;-15;10;31;-21
6641;Mannen en vrouwen;Ethiopië;Totaal in gezinsverband;2006;49;62;44;-13;5;11;29;-18
6642;Mannen en vrouwen;Ethiopië;Totaal in gezinsverband;2007;39;33;27;6;12;3;9;-6
6643;Mannen en vrouwen;Ethiopië;Totaal in gezinsverband;2008;85;42;31;43;54;1;12;-11
6644;Mannen en vrouwen;Ethiopië;Totaal in gezinsverband;2009;54;23;14;31;40;2;11;-9
6645;Mannen en vrouwen;Ethiopië;Personen in echtpaar;1995;15;12;10;3;5;0;2;-2
6646;Mannen en vrouwen;Ethiopië;Personen in echtpaar;1996;11;16;9;-5;2;1;8;-7
6647;Mannen en vrouwen;Ethiopië;Personen in echtpaar;1997;7;17;15;-10;-8;0;2;-2
6648;Mannen en vrouwen;Ethiopië;Personen in echtpaar;1998;4;12;8;-8;-4;0;4;-4
6649;Mannen en vrouwen;Ethiopië;Personen in echtpaar;1999;5;12;11;-7;-6;2;3;-1
6650;Mannen en vrouwen;Ethiopië;Personen in echtpaar;2000;20;17;15;3;5;0;2;-2
6651;Mannen en vrouwen;Ethiopië;Personen in echtpaar;2001;9;13;5;-4;4;3;11;-8
6652;Mannen en vrouwen;Ethiopië;Personen in echtpaar;2002;9;20;11;-11;-2;0;9;-9
6653;Mannen en vrouwen;Ethiopië;Personen in echtpaar;2003;3;22;12;-19;-9;0;10;-10
6654;Mannen en vrouwen;Ethiopië;Personen in echtpaar;2004;4;29;11;-25;-7;1;19;-18
6655;Mannen en vrouwen;Ethiopië;Personen in echtpaar;2005;8;21;19;-13;-11;6;8;-2
6656;Mannen en vrouwen;Ethiopië;Personen in echtpaar;2006;21;34;21;-13;0;2;15;-13
6657;Mannen en vrouwen;Ethiopië;Personen in echtpaar;2007;16;8;8;8;8;0;0;0
6658;Mannen en vrouwen;Ethiopië;Personen in echtpaar;2008;31;17;13;14;18;0;4;-4
6659;Mannen en vrouwen;Ethiopië;Personen in echtpaar;2009;18;7;5;11;13;0;2;-2
6660;Mannen en vrouwen;Ethiopië;Personen in eenoudergezin met vader;1995;0;2;1;-2;-1;0;1;-1
6661;Mannen en vrouwen;Ethiopië;Personen in eenoudergezin met vader;1996;2;0;0;2;2;0;0;0
6662;Mannen en vrouwen;Ethiopië;Personen in eenoudergezin met vader;1997;0;1;1;-1;-1;0;0;0
6663;Mannen en vrouwen;Ethiopië;Personen in eenoudergezin met vader;1998;1;4;3;-3;-2;0;1;-1
6664;Mannen en vrouwen;Ethiopië;Personen in eenoudergezin met vader;1999;0;0;0;0;0;0;0;0
6665;Mannen en vrouwen;Ethiopië;Personen in eenoudergezin met vader;2000;0;0;0;0;0;0;0;0
6666;Mannen en vrouwen;Ethiopië;Personen in eenoudergezin met vader;2001;0;4;0;-4;0;0;4;-4
6667;Mannen en vrouwen;Ethiopië;Personen in eenoudergezin met vader;2002;1;0;0;1;1;0;0;0
6668;Mannen en vrouwen;Ethiopië;Personen in eenoudergezin met vader;2003;3;2;1;1;2;0;1;-1
6669;Mannen en vrouwen;Ethiopië;Personen in eenoudergezin met vader;2004;2;2;1;0;1;0;1;-1
6670;Mannen en vrouwen;Ethiopië;Personen in eenoudergezin met vader;2005;0;1;0;-1;0;0;1;-1
6671;Mannen en vrouwen;Ethiopië;Personen in eenoudergezin met vader;2006;1;1;1;0;0;0;0;0
6672;Mannen en vrouwen;Ethiopië;Personen in eenoudergezin met vader;2007;5;3;2;2;3;0;1;-1
6673;Mannen en vrouwen;Ethiopië;Personen in eenoudergezin met vader;2008;13;1;1;12;12;0;0;0
6674;Mannen en vrouwen;Ethiopië;Personen in eenoudergezin met vader;2009;1;1;1;0;0;0;0;0
6675;Mannen en vrouwen;Ethiopië;Personen in eenoudergezin met moeder;1995;31;17;9;14;22;0;8;-8
6676;Mannen en vrouwen;Ethiopië;Personen in eenoudergezin met moeder;1996;19;14;9;5;10;1;6;-5
6677;Mannen en vrouwen;Ethiopië;Personen in eenoudergezin met moeder;1997;15;26;17;-11;-2;0;9;-9
6678;Mannen en vrouwen;Ethiopië;Personen in eenoudergezin met moeder;1998;13;25;9;-12;4;1;17;-16
6679;Mannen en vrouwen;Ethiopië;Personen in eenoudergezin met moeder;1999;9;11;1;-2;8;0;10;-10
6680;Mannen en vrouwen;Ethiopië;Personen in eenoudergezin met moeder;2000;44;40;30;4;14;0;10;-10
6681;Mannen en vrouwen;Ethiopië;Personen in eenoudergezin met moeder;2001;27;30;17;-3;10;0;13;-13
6682;Mannen en vrouwen;Ethiopië;Personen in eenoudergezin met moeder;2002;19;39;17;-20;2;1;23;-22
6683;Mannen en vrouwen;Ethiopië;Personen in eenoudergezin met moeder;2003;13;41;26;-28;-13;1;16;-15
6684;Mannen en vrouwen;Ethiopië;Personen in eenoudergezin met moeder;2004;20;43;24;-23;-4;8;27;-19
6685;Mannen en vrouwen;Ethiopië;Personen in eenoudergezin met moeder;2005;11;34;16;-23;-5;4;22;-18
6686;Mannen en vrouwen;Ethiopië;Personen in eenoudergezin met moeder;2006;27;27;22;0;5;9;14;-5
6687;Mannen en vrouwen;Ethiopië;Personen in eenoudergezin met moeder;2007;18;22;17;-4;1;3;8;-5
6688;Mannen en vrouwen;Ethiopië;Personen in eenoudergezin met moeder;2008;38;24;17;14;21;1;8;-7
6689;Mannen en vrouwen;Ethiopië;Personen in eenoudergezin met moeder;2009;35;12;8;23;27;2;6;-4
6690;Mannen en vrouwen;Ethiopië;Personen in samenwonend paar met kin...;1995;3;0;0;3;3;0;0;0
6691;Mannen en vrouwen;Ethiopië;Personen in samenwonend paar met kin...;1996;4;3;2;1;2;0;1;-1
6692;Mannen en vrouwen;Ethiopië;Personen in samenwonend paar met kin...;1997;0;1;1;-1;-1;0;0;0
6693;Mannen en vrouwen;Ethiopië;Personen in samenwonend paar met kin...;1998;1;0;0;1;1;0;0;0
6694;Mannen en vrouwen;Ethiopië;Personen in samenwonend paar met kin...;1999;0;1;1;-1;-1;0;0;0
6695;Mannen en vrouwen;Ethiopië;Personen in samenwonend paar met kin...;2000;4;2;1;2;3;0;1;-1
6696;Mannen en vrouwen;Ethiopië;Personen in samenwonend paar met kin...;2001;2;0;0;2;2;0;0;0
6697;Mannen en vrouwen;Ethiopië;Personen in samenwonend paar met kin...;2002;2;0;0;2;2;0;0;0
6698;Mannen en vrouwen;Ethiopië;Personen in samenwonend paar met kin...;2003;1;1;1;0;0;0;0;0
6699;Mannen en vrouwen;Ethiopië;Personen in samenwonend paar met kin...;2004;3;0;0;3;3;0;0;0
6700;Mannen en vrouwen;Ethiopië;Personen in samenwonend paar met kin...;2005;1;0;0;1;1;0;0;0
6701;Mannen en vrouwen;Ethiopië;Personen in samenwonend paar met kin...;2006;0;0;0;0;0;0;0;0
6702;Mannen en vrouwen;Ethiopië;Personen in samenwonend paar met kin...;2007;0;0;0;0;0;0;0;0
6703;Mannen en vrouwen;Ethiopië;Personen in samenwonend paar met kin...;2008;3;0;0;3;3;0;0;0
6704;Mannen en vrouwen;Ethiopië;Personen in samenwonend paar met kin...;2009;0;3;0;-3;0;0;3;-3
6705;Mannen en vrouwen;Ethiopië;Alleengaanden;1995;437;153;59;284;378;23;117;-94
6706;Mannen en vrouwen;Ethiopië;Alleengaanden;1996;369;192;69;177;300;44;167;-123
6707;Mannen en vrouwen;Ethiopië;Alleengaanden;1997;317;248;118;69;199;49;179;-130
6708;Mannen en vrouwen;Ethiopië;Alleengaanden;1998;322;202;83;120;239;84;203;-119
6709;Mannen en vrouwen;Ethiopië;Alleengaanden;1999;353;192;80;161;273;75;187;-112
6710;Mannen en vrouwen;Ethiopië;Alleengaanden;2000;415;182;65;233;350;69;186;-117
6711;Mannen en vrouwen;Ethiopië;Alleengaanden;2001;534;237;127;297;407;75;185;-110
6712;Mannen en vrouwen;Ethiopië;Alleengaanden;2002;480;276;105;204;375;110;281;-171
6713;Mannen en vrouwen;Ethiopië;Alleengaanden;2003;355;322;98;33;257;97;321;-224
6714;Mannen en vrouwen;Ethiopië;Alleengaanden;2004;330;314;124;16;206;108;298;-190
6715;Mannen en vrouwen;Ethiopië;Alleengaanden;2005;326;328;142;-2;184;102;288;-186
6716;Mannen en vrouwen;Ethiopië;Alleengaanden;2006;340;312;128;28;212;106;290;-184
6717;Mannen en vrouwen;Ethiopië;Alleengaanden;2007;393;322;172;71;221;112;262;-150
6718;Mannen en vrouwen;Ethiopië;Alleengaanden;2008;423;276;136;147;287;149;289;-140
6719;Mannen en vrouwen;Ethiopië;Alleengaanden;2009;466;237;124;229;342;99;212;-113
6720;Mannen en vrouwen;Faeröer;Totaal personen;1995;1;0;0;1;1;0;0;0
6721;Mannen en vrouwen;Faeröer;Totaal personen;1996;0;0;0;0;0;0;0;0
6722;Mannen en vrouwen;Faeröer;Totaal personen;1997;1;1;1;0;0;0;0;0
6723;Mannen en vrouwen;Faeröer;Totaal personen;1998;0;0;0;0;0;0;0;0
6724;Mannen en vrouwen;Faeröer;Totaal personen;1999;1;0;0;1;1;0;0;0
6725;Mannen en vrouwen;Faeröer;Totaal personen;2000;0;0;0;0;0;0;0;0
6726;Mannen en vrouwen;Faeröer;Totaal personen;2001;0;0;0;0;0;0;0;0
6727;Mannen en vrouwen;Faeröer;Totaal personen;2002;0;0;0;0;0;0;0;0
6728;Mannen en vrouwen;Faeröer;Totaal personen;2003;1;0;0;1;1;0;0;0
6729;Mannen en vrouwen;Faeröer;Totaal personen;2004;1;1;1;0;0;0;0;0
6730;Mannen en vrouwen;Faeröer;Totaal personen;2005;0;1;1;-1;-1;0;0;0
6731;Mannen en vrouwen;Faeröer;Totaal personen;2006;0;0;0;0;0;0;0;0
6732;Mannen en vrouwen;Faeröer;Totaal personen;2007;0;0;0;0;0;0;0;0
6733;Mannen en vrouwen;Faeröer;Totaal personen;2008;0;0;0;0;0;0;0;0
6734;Mannen en vrouwen;Faeröer;Totaal personen;2009;0;0;0;0;0;0;0;0
6735;Mannen en vrouwen;Faeröer;Totaal in gezinsverband;1995;0;0;0;0;0;0;0;0
6736;Mannen en vrouwen;Faeröer;Totaal in gezinsverband;1996;0;0;0;0;0;0;0;0
6737;Mannen en vrouwen;Faeröer;Totaal in gezinsverband;1997;0;0;0;0;0;0;0;0
6738;Mannen en vrouwen;Faeröer;Totaal in gezinsverband;1998;0;0;0;0;0;0;0;0
6739;Mannen en vrouwen;Faeröer;Totaal in gezinsverband;1999;0;0;0;0;0;0;0;0
6740;Mannen en vrouwen;Faeröer;Totaal in gezinsverband;2000;0;0;0;0;0;0;0;0
6741;Mannen en vrouwen;Faeröer;Totaal in gezinsverband;2001;0;0;0;0;0;0;0;0
6742;Mannen en vrouwen;Faeröer;Totaal in gezinsverband;2002;0;0;0;0;0;0;0;0
6743;Mannen en vrouwen;Faeröer;Totaal in gezinsverband;2003;0;0;0;0;0;0;0;0
6744;Mannen en vrouwen;Faeröer;Totaal in gezinsverband;2004;0;1;1;-1;-1;0;0;0
6745;Mannen en vrouwen;Faeröer;Totaal in gezinsverband;2005;0;1;1;-1;-1;0;0;0
6746;Mannen en vrouwen;Faeröer;Totaal in gezinsverband;2006;0;0;0;0;0;0;0;0
6747;Mannen en vrouwen;Faeröer;Totaal in gezinsverband;2007;0;0;0;0;0;0;0;0
6748;Mannen en vrouwen;Faeröer;Totaal in gezinsverband;2008;0;0;0;0;0;0;0;0
6749;Mannen en vrouwen;Faeröer;Totaal in gezinsverband;2009;0;0;0;0;0;0;0;0
6750;Mannen en vrouwen;Faeröer;Personen in echtpaar;1995;0;0;0;0;0;0;0;0
6751;Mannen en vrouwen;Faeröer;Personen in echtpaar;1996;0;0;0;0;0;0;0;0
6752;Mannen en vrouwen;Faeröer;Personen in echtpaar;1997;0;0;0;0;0;0;0;0
6753;Mannen en vrouwen;Faeröer;Personen in echtpaar;1998;0;0;0;0;0;0;0;0
6754;Mannen en vrouwen;Faeröer;Personen in echtpaar;1999;0;0;0;0;0;0;0;0
6755;Mannen en vrouwen;Faeröer;Personen in echtpaar;2000;0;0;0;0;0;0;0;0
6756;Mannen en vrouwen;Faeröer;Personen in echtpaar;2001;0;0;0;0;0;0;0;0
6757;Mannen en vrouwen;Faeröer;Personen in echtpaar;2002;0;0;0;0;0;0;0;0
6758;Mannen en vrouwen;Faeröer;Personen in echtpaar;2003;0;0;0;0;0;0;0;0
6759;Mannen en vrouwen;Faeröer;Personen in echtpaar;2004;0;1;1;-1;-1;0;0;0
6760;Mannen en vrouwen;Faeröer;Personen in echtpaar;2005;0;1;1;-1;-1;0;0;0
6761;Mannen en vrouwen;Faeröer;Personen in echtpaar;2006;0;0;0;0;0;0;0;0
6762;Mannen en vrouwen;Faeröer;Personen in echtpaar;2007;0;0;0;0;0;0;0;0
6763;Mannen en vrouwen;Faeröer;Personen in echtpaar;2008;0;0;0;0;0;0;0;0
6764;Mannen en vrouwen;Faeröer;Personen in echtpaar;2009;0;0;0;0;0;0;0;0
6765;Mannen en vrouwen;Faeröer;Personen in eenoudergezin met vader;1995;0;0;0;0;0;0;0;0
6766;Mannen en vrouwen;Faeröer;Personen in eenoudergezin met vader;1996;0;0;0;0;0;0;0;0
6767;Mannen en vrouwen;Faeröer;Personen in eenoudergezin met vader;1997;0;0;0;0;0;0;0;0
6768;Mannen en vrouwen;Faeröer;Personen in eenoudergezin met vader;1998;0;0;0;0;0;0;0;0
6769;Mannen en vrouwen;Faeröer;Personen in eenoudergezin met vader;1999;0;0;0;0;0;0;0;0
6770;Mannen en vrouwen;Faeröer;Personen in eenoudergezin met vader;2000;0;0;0;0;0;0;0;0
6771;Mannen en vrouwen;Faeröer;Personen in eenoudergezin met vader;2001;0;0;0;0;0;0;0;0
6772;Mannen en vrouwen;Faeröer;Personen in eenoudergezin met vader;2002;0;0;0;0;0;0;0;0
6773;Mannen en vrouwen;Faeröer;Personen in eenoudergezin met vader;2003;0;0;0;0;0;0;0;0
6774;Mannen en vrouwen;Faeröer;Personen in eenoudergezin met vader;2004;0;0;0;0;0;0;0;0
6775;Mannen en vrouwen;Faeröer;Personen in eenoudergezin met vader;2005;0;0;0;0;0;0;0;0
6776;Mannen en vrouwen;Faeröer;Personen in eenoudergezin met vader;2006;0;0;0;0;0;0;0;0
6777;Mannen en vrouwen;Faeröer;Personen in eenoudergezin met vader;2007;0;0;0;0;0;0;0;0
6778;Mannen en vrouwen;Faeröer;Personen in eenoudergezin met vader;2008;0;0;0;0;0;0;0;0
6779;Mannen en vrouwen;Faeröer;Personen in eenoudergezin met vader;2009;0;0;0;0;0;0;0;0
6780;Mannen en vrouwen;Faeröer;Personen in eenoudergezin met moeder;1995;0;0;0;0;0;0;0;0
6781;Mannen en vrouwen;Faeröer;Personen in eenoudergezin met moeder;1996;0;0;0;0;0;0;0;0
6782;Mannen en vrouwen;Faeröer;Personen in eenoudergezin met moeder;1997;0;0;0;0;0;0;0;0
6783;Mannen en vrouwen;Faeröer;Personen in eenoudergezin met moeder;1998;0;0;0;0;0;0;0;0
6784;Mannen en vrouwen;Faeröer;Personen in eenoudergezin met moeder;1999;0;0;0;0;0;0;0;0
6785;Mannen en vrouwen;Faeröer;Personen in eenoudergezin met moeder;2000;0;0;0;0;0;0;0;0
6786;Mannen en vrouwen;Faeröer;Personen in eenoudergezin met moeder;2001;0;0;0;0;0;0;0;0
6787;Mannen en vrouwen;Faeröer;Personen in eenoudergezin met moeder;2002;0;0;0;0;0;0;0;0
6788;Mannen en vrouwen;Faeröer;Personen in eenoudergezin met moeder;2003;0;0;0;0;0;0;0;0
6789;Mannen en vrouwen;Faeröer;Personen in eenoudergezin met moeder;2004;0;0;0;0;0;0;0;0
6790;Mannen en vrouwen;Faeröer;Personen in eenoudergezin met moeder;2005;0;0;0;0;0;0;0;0
6791;Mannen en vrouwen;Faeröer;Personen in eenoudergezin met moeder;2006;0;0;0;0;0;0;0;0
6792;Mannen en vrouwen;Faeröer;Personen in eenoudergezin met moeder;2007;0;0;0;0;0;0;0;0
6793;Mannen en vrouwen;Faeröer;Personen in eenoudergezin met moeder;2008;0;0;0;0;0;0;0;0
6794;Mannen en vrouwen;Faeröer;Personen in eenoudergezin met moeder;2009;0;0;0;0;0;0;0;0
6795;Mannen en vrouwen;Faeröer;Personen in samenwonend paar met kin...;1995;0;0;0;0;0;0;0;0
6796;Mannen en vrouwen;Faeröer;Personen in samenwonend paar met kin...;1996;0;0;0;0;0;0;0;0
6797;Mannen en vrouwen;Faeröer;Personen in samenwonend paar met kin...;1997;0;0;0;0;0;0;0;0
6798;Mannen en vrouwen;Faeröer;Personen in samenwonend paar met kin...;1998;0;0;0;0;0;0;0;0
6799;Mannen en vrouwen;Faeröer;Personen in samenwonend paar met kin...;1999;0;0;0;0;0;0;0;0
6800;Mannen en vrouwen;Faeröer;Personen in samenwonend paar met kin...;2000;0;0;0;0;0;0;0;0
6801;Mannen en vrouwen;Faeröer;Personen in samenwonend paar met kin...;2001;0;0;0;0;0;0;0;0
6802;Mannen en vrouwen;Faeröer;Personen in samenwonend paar met kin...;2002;0;0;0;0;0;0;0;0
6803;Mannen en vrouwen;Faeröer;Personen in samenwonend paar met kin...;2003;0;0;0;0;0;0;0;0
6804;Mannen en vrouwen;Faeröer;Personen in samenwonend paar met kin...;2004;0;0;0;0;0;0;0;0
6805;Mannen en vrouwen;Faeröer;Personen in samenwonend paar met kin...;2005;0;0;0;0;0;0;0;0
6806;Mannen en vrouwen;Faeröer;Personen in samenwonend paar met kin...;2006;0;0;0;0;0;0;0;0
6807;Mannen en vrouwen;Faeröer;Personen in samenwonend paar met kin...;2007;0;0;0;0;0;0;0;0
6808;Mannen en vrouwen;Faeröer;Personen in samenwonend paar met kin...;2008;0;0;0;0;0;0;0;0
6809;Mannen en vrouwen;Faeröer;Personen in samenwonend paar met kin...;2009;0;0;0;0;0;0;0;0
6810;Mannen en vrouwen;Faeröer;Alleengaanden;1995;1;0;0;1;1;0;0;0
6811;Mannen en vrouwen;Faeröer;Alleengaanden;1996;0;0;0;0;0;0;0;0
6812;Mannen en vrouwen;Faeröer;Alleengaanden;1997;1;1;1;0;0;0;0;0
6813;Mannen en vrouwen;Faeröer;Alleengaanden;1998;0;0;0;0;0;0;0;0
6814;Mannen en vrouwen;Faeröer;Alleengaanden;1999;1;0;0;1;1;0;0;0
6815;Mannen en vrouwen;Faeröer;Alleengaanden;2000;0;0;0;0;0;0;0;0
6816;Mannen en vrouwen;Faeröer;Alleengaanden;2001;0;0;0;0;0;0;0;0
6817;Mannen en vrouwen;Faeröer;Alleengaanden;2002;0;0;0;0;0;0;0;0
6818;Mannen en vrouwen;Faeröer;Alleengaanden;2003;1;0;0;1;1;0;0;0
6819;Mannen en vrouwen;Faeröer;Alleengaanden;2004;1;0;0;1;1;0;0;0
6820;Mannen en vrouwen;Faeröer;Alleengaanden;2005;0;0;0;0;0;0;0;0
6821;Mannen en vrouwen;Faeröer;Alleengaanden;2006;0;0;0;0;0;0;0;0
6822;Mannen en vrouwen;Faeröer;Alleengaanden;2007;0;0;0;0;0;0;0;0
6823;Mannen en vrouwen;Faeröer;Alleengaanden;2008;0;0;0;0;0;0;0;0
6824;Mannen en vrouwen;Faeröer;Alleengaanden;2009;0;0;0;0;0;0;0;0
6825;Mannen en vrouwen;Falklandeilanden;Totaal personen;1995;0;1;1;-1;-1;0;0;0
6826;Mannen en vrouwen;Falklandeilanden;Totaal personen;1996;0;0;0;0;0;0;0;0
6827;Mannen en vrouwen;Falklandeilanden;Totaal personen;1997;0;0;0;0;0;0;0;0
6828;Mannen en vrouwen;Falklandeilanden;Totaal personen;1998;0;0;0;0;0;0;0;0
6829;Mannen en vrouwen;Falklandeilanden;Totaal personen;1999;0;0;0;0;0;0;0;0
6830;Mannen en vrouwen;Falklandeilanden;Totaal personen;2000;0;0;0;0;0;0;0;0
6831;Mannen en vrouwen;Falklandeilanden;Totaal personen;2001;0;0;0;0;0;0;0;0
6832;Mannen en vrouwen;Falklandeilanden;Totaal personen;2002;0;0;0;0;0;0;0;0
6833;Mannen en vrouwen;Falklandeilanden;Totaal personen;2003;0;0;0;0;0;0;0;0
6834;Mannen en vrouwen;Falklandeilanden;Totaal personen;2004;1;0;0;1;1;0;0;0
6835;Mannen en vrouwen;Falklandeilanden;Totaal personen;2005;0;1;1;-1;-1;0;0;0
6836;Mannen en vrouwen;Falklandeilanden;Totaal personen;2006;0;0;0;0;0;0;0;0
6837;Mannen en vrouwen;Falklandeilanden;Totaal personen;2007;0;0;0;0;0;0;0;0
6838;Mannen en vrouwen;Falklandeilanden;Totaal personen;2008;0;0;0;0;0;0;0;0
6839;Mannen en vrouwen;Falklandeilanden;Totaal personen;2009;1;0;0;1;1;0;0;0
6840;Mannen en vrouwen;Falklandeilanden;Totaal in gezinsverband;1995;0;0;0;0;0;0;0;0
6841;Mannen en vrouwen;Falklandeilanden;Totaal in gezinsverband;1996;0;0;0;0;0;0;0;0
6842;Mannen en vrouwen;Falklandeilanden;Totaal in gezinsverband;1997;0;0;0;0;0;0;0;0
6843;Mannen en vrouwen;Falklandeilanden;Totaal in gezinsverband;1998;0;0;0;0;0;0;0;0
6844;Mannen en vrouwen;Falklandeilanden;Totaal in gezinsverband;1999;0;0;0;0;0;0;0;0
6845;Mannen en vrouwen;Falklandeilanden;Totaal in gezinsverband;2000;0;0;0;0;0;0;0;0
6846;Mannen en vrouwen;Falklandeilanden;Totaal in gezinsverband;2001;0;0;0;0;0;0;0;0
6847;Mannen en vrouwen;Falklandeilanden;Totaal in gezinsverband;2002;0;0;0;0;0;0;0;0
6848;Mannen en vrouwen;Falklandeilanden;Totaal in gezinsverband;2003;0;0;0;0;0;0;0;0
6849;Mannen en vrouwen;Falklandeilanden;Totaal in gezinsverband;2004;0;0;0;0;0;0;0;0
6850;Mannen en vrouwen;Falklandeilanden;Totaal in gezinsverband;2005;0;0;0;0;0;0;0;0
6851;Mannen en vrouwen;Falklandeilanden;Totaal in gezinsverband;2006;0;0;0;0;0;0;0;0
6852;Mannen en vrouwen;Falklandeilanden;Totaal in gezinsverband;2007;0;0;0;0;0;0;0;0
6853;Mannen en vrouwen;Falklandeilanden;Totaal in gezinsverband;2008;0;0;0;0;0;0;0;0
6854;Mannen en vrouwen;Falklandeilanden;Totaal in gezinsverband;2009;0;0;0;0;0;0;0;0
6855;Mannen en vrouwen;Falklandeilanden;Personen in echtpaar;1995;0;0;0;0;0;0;0;0
6856;Mannen en vrouwen;Falklandeilanden;Personen in echtpaar;1996;0;0;0;0;0;0;0;0
6857;Mannen en vrouwen;Falklandeilanden;Personen in echtpaar;1997;0;0;0;0;0;0;0;0
6858;Mannen en vrouwen;Falklandeilanden;Personen in echtpaar;1998;0;0;0;0;0;0;0;0
6859;Mannen en vrouwen;Falklandeilanden;Personen in echtpaar;1999;0;0;0;0;0;0;0;0
6860;Mannen en vrouwen;Falklandeilanden;Personen in echtpaar;2000;0;0;0;0;0;0;0;0
6861;Mannen en vrouwen;Falklandeilanden;Personen in echtpaar;2001;0;0;0;0;0;0;0;0
6862;Mannen en vrouwen;Falklandeilanden;Personen in echtpaar;2002;0;0;0;0;0;0;0;0
6863;Mannen en vrouwen;Falklandeilanden;Personen in echtpaar;2003;0;0;0;0;0;0;0;0
6864;Mannen en vrouwen;Falklandeilanden;Personen in echtpaar;2004;0;0;0;0;0;0;0;0
6865;Mannen en vrouwen;Falklandeilanden;Personen in echtpaar;2005;0;0;0;0;0;0;0;0
6866;Mannen en vrouwen;Falklandeilanden;Personen in echtpaar;2006;0;0;0;0;0;0;0;0
6867;Mannen en vrouwen;Falklandeilanden;Personen in echtpaar;2007;0;0;0;0;0;0;0;0
6868;Mannen en vrouwen;Falklandeilanden;Personen in echtpaar;2008;0;0;0;0;0;0;0;0
6869;Mannen en vrouwen;Falklandeilanden;Personen in echtpaar;2009;0;0;0;0;0;0;0;0
6870;Mannen en vrouwen;Falklandeilanden;Personen in eenoudergezin met vader;1995;0;0;0;0;0;0;0;0
6871;Mannen en vrouwen;Falklandeilanden;Personen in eenoudergezin met vader;1996;0;0;0;0;0;0;0;0
6872;Mannen en vrouwen;Falklandeilanden;Personen in eenoudergezin met vader;1997;0;0;0;0;0;0;0;0
6873;Mannen en vrouwen;Falklandeilanden;Personen in eenoudergezin met vader;1998;0;0;0;0;0;0;0;0
6874;Mannen en vrouwen;Falklandeilanden;Personen in eenoudergezin met vader;1999;0;0;0;0;0;0;0;0
6875;Mannen en vrouwen;Falklandeilanden;Personen in eenoudergezin met vader;2000;0;0;0;0;0;0;0;0
6876;Mannen en vrouwen;Falklandeilanden;Personen in eenoudergezin met vader;2001;0;0;0;0;0;0;0;0
6877;Mannen en vrouwen;Falklandeilanden;Personen in eenoudergezin met vader;2002;0;0;0;0;0;0;0;0
6878;Mannen en vrouwen;Falklandeilanden;Personen in eenoudergezin met vader;2003;0;0;0;0;0;0;0;0
6879;Mannen en vrouwen;Falklandeilanden;Personen in eenoudergezin met vader;2004;0;0;0;0;0;0;0;0
6880;Mannen en vrouwen;Falklandeilanden;Personen in eenoudergezin met vader;2005;0;0;0;0;0;0;0;0
6881;Mannen en vrouwen;Falklandeilanden;Personen in eenoudergezin met vader;2006;0;0;0;0;0;0;0;0
6882;Mannen en vrouwen;Falklandeilanden;Personen in eenoudergezin met vader;2007;0;0;0;0;0;0;0;0
6883;Mannen en vrouwen;Falklandeilanden;Personen in eenoudergezin met vader;2008;0;0;0;0;0;0;0;0
6884;Mannen en vrouwen;Falklandeilanden;Personen in eenoudergezin met vader;2009;0;0;0;0;0;0;0;0
6885;Mannen en vrouwen;Falklandeilanden;Personen in eenoudergezin met moeder;1995;0;0;0;0;0;0;0;0
6886;Mannen en vrouwen;Falklandeilanden;Personen in eenoudergezin met moeder;1996;0;0;0;0;0;0;0;0
6887;Mannen en vrouwen;Falklandeilanden;Personen in eenoudergezin met moeder;1997;0;0;0;0;0;0;0;0
6888;Mannen en vrouwen;Falklandeilanden;Personen in eenoudergezin met moeder;1998;0;0;0;0;0;0;0;0
6889;Mannen en vrouwen;Falklandeilanden;Personen in eenoudergezin met moeder;1999;0;0;0;0;0;0;0;0
6890;Mannen en vrouwen;Falklandeilanden;Personen in eenoudergezin met moeder;2000;0;0;0;0;0;0;0;0
6891;Mannen en vrouwen;Falklandeilanden;Personen in eenoudergezin met moeder;2001;0;0;0;0;0;0;0;0
6892;Mannen en vrouwen;Falklandeilanden;Personen in eenoudergezin met moeder;2002;0;0;0;0;0;0;0;0
6893;Mannen en vrouwen;Falklandeilanden;Personen in eenoudergezin met moeder;2003;0;0;0;0;0;0;0;0
6894;Mannen en vrouwen;Falklandeilanden;Personen in eenoudergezin met moeder;2004;0;0;0;0;0;0;0;0
6895;Mannen en vrouwen;Falklandeilanden;Personen in eenoudergezin met moeder;2005;0;0;0;0;0;0;0;0
6896;Mannen en vrouwen;Falklandeilanden;Personen in eenoudergezin met moeder;2006;0;0;0;0;0;0;0;0
6897;Mannen en vrouwen;Falklandeilanden;Personen in eenoudergezin met moeder;2007;0;0;0;0;0;0;0;0
6898;Mannen en vrouwen;Falklandeilanden;Personen in eenoudergezin met moeder;2008;0;0;0;0;0;0;0;0
6899;Mannen en vrouwen;Falklandeilanden;Personen in eenoudergezin met moeder;2009;0;0;0;0;0;0;0;0
6900;Mannen en vrouwen;Falklandeilanden;Personen in samenwonend paar met kin...;1995;0;0;0;0;0;0;0;0
6901;Mannen en vrouwen;Falklandeilanden;Personen in samenwonend paar met kin...;1996;0;0;0;0;0;0;0;0
6902;Mannen en vrouwen;Falklandeilanden;Personen in samenwonend paar met kin...;1997;0;0;0;0;0;0;0;0
6903;Mannen en vrouwen;Falklandeilanden;Personen in samenwonend paar met kin...;1998;0;0;0;0;0;0;0;0
6904;Mannen en vrouwen;Falklandeilanden;Personen in samenwonend paar met kin...;1999;0;0;0;0;0;0;0;0
6905;Mannen en vrouwen;Falklandeilanden;Personen in samenwonend paar met kin...;2000;0;0;0;0;0;0;0;0
6906;Mannen en vrouwen;Falklandeilanden;Personen in samenwonend paar met kin...;2001;0;0;0;0;0;0;0;0
6907;Mannen en vrouwen;Falklandeilanden;Personen in samenwonend paar met kin...;2002;0;0;0;0;0;0;0;0
6908;Mannen en vrouwen;Falklandeilanden;Personen in samenwonend paar met kin...;2003;0;0;0;0;0;0;0;0
6909;Mannen en vrouwen;Falklandeilanden;Personen in samenwonend paar met kin...;2004;0;0;0;0;0;0;0;0
6910;Mannen en vrouwen;Falklandeilanden;Personen in samenwonend paar met kin...;2005;0;0;0;0;0;0;0;0
6911;Mannen en vrouwen;Falklandeilanden;Personen in samenwonend paar met kin...;2006;0;0;0;0;0;0;0;0
6912;Mannen en vrouwen;Falklandeilanden;Personen in samenwonend paar met kin...;2007;0;0;0;0;0;0;0;0
6913;Mannen en vrouwen;Falklandeilanden;Personen in samenwonend paar met kin...;2008;0;0;0;0;0;0;0;0
6914;Mannen en vrouwen;Falklandeilanden;Personen in samenwonend paar met kin...;2009;0;0;0;0;0;0;0;0
6915;Mannen en vrouwen;Falklandeilanden;Alleengaanden;1995;0;1;1;-1;-1;0;0;0
6916;Mannen en vrouwen;Falklandeilanden;Alleengaanden;1996;0;0;0;0;0;0;0;0
6917;Mannen en vrouwen;Falklandeilanden;Alleengaanden;1997;0;0;0;0;0;0;0;0
6918;Mannen en vrouwen;Falklandeilanden;Alleengaanden;1998;0;0;0;0;0;0;0;0
6919;Mannen en vrouwen;Falklandeilanden;Alleengaanden;1999;0;0;0;0;0;0;0;0
6920;Mannen en vrouwen;Falklandeilanden;Alleengaanden;2000;0;0;0;0;0;0;0;0
6921;Mannen en vrouwen;Falklandeilanden;Alleengaanden;2001;0;0;0;0;0;0;0;0
6922;Mannen en vrouwen;Falklandeilanden;Alleengaanden;2002;0;0;0;0;0;0;0;0
6923;Mannen en vrouwen;Falklandeilanden;Alleengaanden;2003;0;0;0;0;0;0;0;0
6924;Mannen en vrouwen;Falklandeilanden;Alleengaanden;2004;1;0;0;1;1;0;0;0
6925;Mannen en vrouwen;Falklandeilanden;Alleengaanden;2005;0;1;1;-1;-1;0;0;0
6926;Mannen en vrouwen;Falklandeilanden;Alleengaanden;2006;0;0;0;0;0;0;0;0
6927;Mannen en vrouwen;Falklandeilanden;Alleengaanden;2007;0;0;0;0;0;0;0;0
6928;Mannen en vrouwen;Falklandeilanden;Alleengaanden;2008;0;0;0;0;0;0;0;0
6929;Mannen en vrouwen;Falklandeilanden;Alleengaanden;2009;1;0;0;1;1;0;0;0
6930;Mannen en vrouwen;Fiji;Totaal personen;1995;6;3;2;3;4;0;1;-1
6931;Mannen en vrouwen;Fiji;Totaal personen;1996;5;6;6;-1;-1;0;0;0
6932;Mannen en vrouwen;Fiji;Totaal personen;1997;6;9;8;-3;-2;0;1;-1
6933;Mannen en vrouwen;Fiji;Totaal personen;1998;7;5;4;2;3;0;1;-1
6934;Mannen en vrouwen;Fiji;Totaal personen;1999;12;9;6;3;6;0;3;-3
6935;Mannen en vrouwen;Fiji;Totaal personen;2000;11;3;3;8;8;1;1;0
6936;Mannen en vrouwen;Fiji;Totaal personen;2001;4;0;0;4;4;0;0;0
6937;Mannen en vrouwen;Fiji;Totaal personen;2002;9;9;7;0;2;0;2;-2
6938;Mannen en vrouwen;Fiji;Totaal personen;2003;3;4;3;-1;0;0;1;-1
6939;Mannen en vrouwen;Fiji;Totaal personen;2004;1;-4;0;5;1;5;1;4
6940;Mannen en vrouwen;Fiji;Totaal personen;2005;1;12;7;-11;-6;0;5;-5
6941;Mannen en vrouwen;Fiji;Totaal personen;2006;7;6;2;1;5;0;4;-4
6942;Mannen en vrouwen;Fiji;Totaal personen;2007;4;5;3;-1;1;0;2;-2
6943;Mannen en vrouwen;Fiji;Totaal personen;2008;5;7;4;-2;1;0;3;-3
6944;Mannen en vrouwen;Fiji;Totaal personen;2009;5;4;5;1;0;4;3;1
6945;Mannen en vrouwen;Fiji;Totaal in gezinsverband;1995;1;1;1;0;0;0;0;0
6946;Mannen en vrouwen;Fiji;Totaal in gezinsverband;1996;1;5;5;-4;-4;0;0;0
6947;Mannen en vrouwen;Fiji;Totaal in gezinsverband;1997;2;5;4;-3;-2;0;1;-1
6948;Mannen en vrouwen;Fiji;Totaal in gezinsverband;1998;0;1;1;-1;-1;0;0;0
6949;Mannen en vrouwen;Fiji;Totaal in gezinsverband;1999;6;5;5;1;1;0;0;0
6950;Mannen en vrouwen;Fiji;Totaal in gezinsverband;2000;7;3;3;4;4;0;0;0
6951;Mannen en vrouwen;Fiji;Totaal in gezinsverband;2001;0;0;0;0;0;0;0;0
6952;Mannen en vrouwen;Fiji;Totaal in gezinsverband;2002;0;5;4;-5;-4;0;1;-1
6953;Mannen en vrouwen;Fiji;Totaal in gezinsverband;2003;0;1;1;-1;-1;0;0;0
6954;Mannen en vrouwen;Fiji;Totaal in gezinsverband;2004;0;0;0;0;0;0;0;0
6955;Mannen en vrouwen;Fiji;Totaal in gezinsverband;2005;0;7;7;-7;-7;0;0;0
6956;Mannen en vrouwen;Fiji;Totaal in gezinsverband;2006;1;2;1;-1;0;0;1;-1
6957;Mannen en vrouwen;Fiji;Totaal in gezinsverband;2007;0;4;2;-4;-2;0;2;-2
6958;Mannen en vrouwen;Fiji;Totaal in gezinsverband;2008;0;2;2;-2;-2;0;0;0
6959;Mannen en vrouwen;Fiji;Totaal in gezinsverband;2009;0;2;2;-2;-2;0;0;0
6960;Mannen en vrouwen;Fiji;Personen in echtpaar;1995;0;1;1;-1;-1;0;0;0
6961;Mannen en vrouwen;Fiji;Personen in echtpaar;1996;1;5;5;-4;-4;0;0;0
6962;Mannen en vrouwen;Fiji;Personen in echtpaar;1997;1;5;4;-4;-3;0;1;-1
6963;Mannen en vrouwen;Fiji;Personen in echtpaar;1998;0;1;1;-1;-1;0;0;0
6964;Mannen en vrouwen;Fiji;Personen in echtpaar;1999;3;3;3;0;0;0;0;0
6965;Mannen en vrouwen;Fiji;Personen in echtpaar;2000;5;3;3;2;2;0;0;0
6966;Mannen en vrouwen;Fiji;Personen in echtpaar;2001;0;0;0;0;0;0;0;0
6967;Mannen en vrouwen;Fiji;Personen in echtpaar;2002;0;5;4;-5;-4;0;1;-1
6968;Mannen en vrouwen;Fiji;Personen in echtpaar;2003;0;1;1;-1;-1;0;0;0
6969;Mannen en vrouwen;Fiji;Personen in echtpaar;2004;0;0;0;0;0;0;0;0
6970;Mannen en vrouwen;Fiji;Personen in echtpaar;2005;0;5;5;-5;-5;0;0;0
6971;Mannen en vrouwen;Fiji;Personen in echtpaar;2006;1;2;1;-1;0;0;1;-1
6972;Mannen en vrouwen;Fiji;Personen in echtpaar;2007;0;4;2;-4;-2;0;2;-2
6973;Mannen en vrouwen;Fiji;Personen in echtpaar;2008;0;2;2;-2;-2;0;0;0
6974;Mannen en vrouwen;Fiji;Personen in echtpaar;2009;0;2;2;-2;-2;0;0;0
6975;Mannen en vrouwen;Fiji;Personen in eenoudergezin met vader;1995;0;0;0;0;0;0;0;0
6976;Mannen en vrouwen;Fiji;Personen in eenoudergezin met vader;1996;0;0;0;0;0;0;0;0
6977;Mannen en vrouwen;Fiji;Personen in eenoudergezin met vader;1997;0;0;0;0;0;0;0;0
6978;Mannen en vrouwen;Fiji;Personen in eenoudergezin met vader;1998;0;0;0;0;0;0;0;0
6979;Mannen en vrouwen;Fiji;Personen in eenoudergezin met vader;1999;0;0;0;0;0;0;0;0
6980;Mannen en vrouwen;Fiji;Personen in eenoudergezin met vader;2000;0;0;0;0;0;0;0;0
6981;Mannen en vrouwen;Fiji;Personen in eenoudergezin met vader;2001;0;0;0;0;0;0;0;0
6982;Mannen en vrouwen;Fiji;Personen in eenoudergezin met vader;2002;0;0;0;0;0;0;0;0
6983;Mannen en vrouwen;Fiji;Personen in eenoudergezin met vader;2003;0;0;0;0;0;0;0;0
6984;Mannen en vrouwen;Fiji;Personen in eenoudergezin met vader;2004;0;0;0;0;0;0;0;0
6985;Mannen en vrouwen;Fiji;Personen in eenoudergezin met vader;2005;0;0;0;0;0;0;0;0
6986;Mannen en vrouwen;Fiji;Personen in eenoudergezin met vader;2006;0;0;0;0;0;0;0;0
6987;Mannen en vrouwen;Fiji;Personen in eenoudergezin met vader;2007;0;0;0;0;0;0;0;0
6988;Mannen en vrouwen;Fiji;Personen in eenoudergezin met vader;2008;0;0;0;0;0;0;0;0
6989;Mannen en vrouwen;Fiji;Personen in eenoudergezin met vader;2009;0;0;0;0;0;0;0;0
6990;Mannen en vrouwen;Fiji;Personen in eenoudergezin met moeder;1995;1;0;0;1;1;0;0;0
6991;Mannen en vrouwen;Fiji;Personen in eenoudergezin met moeder;1996;0;0;0;0;0;0;0;0
6992;Mannen en vrouwen;Fiji;Personen in eenoudergezin met moeder;1997;1;0;0;1;1;0;0;0
6993;Mannen en vrouwen;Fiji;Personen in eenoudergezin met moeder;1998;0;0;0;0;0;0;0;0
6994;Mannen en vrouwen;Fiji;Personen in eenoudergezin met moeder;1999;3;2;2;1;1;0;0;0
6995;Mannen en vrouwen;Fiji;Personen in eenoudergezin met moeder;2000;2;0;0;2;2;0;0;0
6996;Mannen en vrouwen;Fiji;Personen in eenoudergezin met moeder;2001;0;0;0;0;0;0;0;0
6997;Mannen en vrouwen;Fiji;Personen in eenoudergezin met moeder;2002;0;0;0;0;0;0;0;0
6998;Mannen en vrouwen;Fiji;Personen in eenoudergezin met moeder;2003;0;0;0;0;0;0;0;0
6999;Mannen en vrouwen;Fiji;Personen in eenoudergezin met moeder;2004;0;0;0;0;0;0;0;0
7000;Mannen en vrouwen;Fiji;Personen in eenoudergezin met moeder;2005;0;1;1;-1;-1;0;0;0
7001;Mannen en vrouwen;Fiji;Personen in eenoudergezin met moeder;2006;0;0;0;0;0;0;0;0
7002;Mannen en vrouwen;Fiji;Personen in eenoudergezin met moeder;2007;0;0;0;0;0;0;0;0
7003;Mannen en vrouwen;Fiji;Personen in eenoudergezin met moeder;2008;0;0;0;0;0;0;0;0
7004;Mannen en vrouwen;Fiji;Personen in eenoudergezin met moeder;2009;0;0;0;0;0;0;0;0
7005;Mannen en vrouwen;Fiji;Personen in samenwonend paar met kin...;1995;0;0;0;0;0;0;0;0
7006;Mannen en vrouwen;Fiji;Personen in samenwonend paar met kin...;1996;0;0;0;0;0;0;0;0
7007;Mannen en vrouwen;Fiji;Personen in samenwonend paar met kin...;1997;0;0;0;0;0;0;0;0
7008;Mannen en vrouwen;Fiji;Personen in samenwonend paar met kin...;1998;0;0;0;0;0;0;0;0
7009;Mannen en vrouwen;Fiji;Personen in samenwonend paar met kin...;1999;0;0;0;0;0;0;0;0
7010;Mannen en vrouwen;Fiji;Personen in samenwonend paar met kin...;2000;0;0;0;0;0;0;0;0
7011;Mannen en vrouwen;Fiji;Personen in samenwonend paar met kin...;2001;0;0;0;0;0;0;0;0
7012;Mannen en vrouwen;Fiji;Personen in samenwonend paar met kin...;2002;0;0;0;0;0;0;0;0
7013;Mannen en vrouwen;Fiji;Personen in samenwonend paar met kin...;2003;0;0;0;0;0;0;0;0
7014;Mannen en vrouwen;Fiji;Personen in samenwonend paar met kin...;2004;0;0;0;0;0;0;0;0
7015;Mannen en vrouwen;Fiji;Personen in samenwonend paar met kin...;2005;0;1;1;-1;-1;0;0;0
7016;Mannen en vrouwen;Fiji;Personen in samenwonend paar met kin...;2006;0;0;0;0;0;0;0;0
7017;Mannen en vrouwen;Fiji;Personen in samenwonend paar met kin...;2007;0;0;0;0;0;0;0;0
7018;Mannen en vrouwen;Fiji;Personen in samenwonend paar met kin...;2008;0;0;0;0;0;0;0;0
7019;Mannen en vrouwen;Fiji;Personen in samenwonend paar met kin...;2009;0;0;0;0;0;0;0;0
7020;Mannen en vrouwen;Fiji;Alleengaanden;1995;5;2;1;3;4;0;1;-1
7021;Mannen en vrouwen;Fiji;Alleengaanden;1996;4;1;1;3;3;0;0;0
7022;Mannen en vrouwen;Fiji;Alleengaanden;1997;4;4;4;0;0;0;0;0
7023;Mannen en vrouwen;Fiji;Alleengaanden;1998;7;4;3;3;4;0;1;-1
7024;Mannen en vrouwen;Fiji;Alleengaanden;1999;6;4;1;2;5;0;3;-3
7025;Mannen en vrouwen;Fiji;Alleengaanden;2000;4;0;0;4;4;1;1;0
7026;Mannen en vrouwen;Fiji;Alleengaanden;2001;4;0;0;4;4;0;0;0
7027;Mannen en vrouwen;Fiji;Alleengaanden;2002;9;4;3;5;6;0;1;-1
7028;Mannen en vrouwen;Fiji;Alleengaanden;2003;3;3;2;0;1;0;1;-1
7029;Mannen en vrouwen;Fiji;Alleengaanden;2004;1;-4;0;5;1;5;1;4
7030;Mannen en vrouwen;Fiji;Alleengaanden;2005;1;5;0;-4;1;0;5;-5
7031;Mannen en vrouwen;Fiji;Alleengaanden;2006;6;4;1;2;5;0;3;-3
7032;Mannen en vrouwen;Fiji;Alleengaanden;2007;4;1;1;3;3;0;0;0
7033;Mannen en vrouwen;Fiji;Alleengaanden;2008;5;5;2;0;3;0;3;-3
7034;Mannen en vrouwen;Fiji;Alleengaanden;2009;5;2;3;3;2;4;3;1
7035;Mannen en vrouwen;Filippijnen;Totaal personen;1995;592;228;153;364;439;12;87;-75
7036;Mannen en vrouwen;Filippijnen;Totaal personen;1996;692;322;204;370;488;20;138;-118
7037;Mannen en vrouwen;Filippijnen;Totaal personen;1997;666;325;247;341;419;19;97;-78
7038;Mannen en vrouwen;Filippijnen;Totaal personen;1998;622;306;203;316;419;23;126;-103
7039;Mannen en vrouwen;Filippijnen;Totaal personen;1999;544;299;199;245;345;16;116;-100
7040;Mannen en vrouwen;Filippijnen;Totaal personen;2000;637;245;168;392;469;17;94;-77
7041;Mannen en vrouwen;Filippijnen;Totaal personen;2001;666;258;192;408;474;24;90;-66
7042;Mannen en vrouwen;Filippijnen;Totaal personen;2002;696;242;168;454;528;28;102;-74
7043;Mannen en vrouwen;Filippijnen;Totaal personen;2003;644;256;189;388;455;49;116;-67
7044;Mannen en vrouwen;Filippijnen;Totaal personen;2004;552;254;174;298;378;37;117;-80
7045;Mannen en vrouwen;Filippijnen;Totaal personen;2005;586;313;205;273;381;33;141;-108
7046;Mannen en vrouwen;Filippijnen;Totaal personen;2006;643;346;205;297;438;39;180;-141
7047;Mannen en vrouwen;Filippijnen;Totaal personen;2007;706;427;288;279;418;36;175;-139
7048;Mannen en vrouwen;Filippijnen;Totaal personen;2008;1107;483;351;624;756;41;173;-132
7049;Mannen en vrouwen;Filippijnen;Totaal personen;2009;1083;625;440;458;643;41;226;-185
7050;Mannen en vrouwen;Filippijnen;Totaal in gezinsverband;1995;76;80;56;-4;20;0;24;-24
7051;Mannen en vrouwen;Filippijnen;Totaal in gezinsverband;1996;56;70;51;-14;5;1;20;-19
7052;Mannen en vrouwen;Filippijnen;Totaal in gezinsverband;1997;56;69;54;-13;2;0;15;-15
7053;Mannen en vrouwen;Filippijnen;Totaal in gezinsverband;1998;86;46;40;40;46;2;8;-6
7054;Mannen en vrouwen;Filippijnen;Totaal in gezinsverband;1999;78;57;40;21;38;4;21;-17
7055;Mannen en vrouwen;Filippijnen;Totaal in gezinsverband;2000;94;57;53;37;41;1;5;-4
7056;Mannen en vrouwen;Filippijnen;Totaal in gezinsverband;2001;78;40;36;38;42;3;7;-4
7057;Mannen en vrouwen;Filippijnen;Totaal in gezinsverband;2002;76;63;51;13;25;3;15;-12
7058;Mannen en vrouwen;Filippijnen;Totaal in gezinsverband;2003;63;71;60;-8;3;6;17;-11
7059;Mannen en vrouwen;Filippijnen;Totaal in gezinsverband;2004;69;61;57;8;12;7;11;-4
7060;Mannen en vrouwen;Filippijnen;Totaal in gezinsverband;2005;87;83;76;4;11;8;15;-7
7061;Mannen en vrouwen;Filippijnen;Totaal in gezinsverband;2006;74;101;74;-27;0;6;33;-27
7062;Mannen en vrouwen;Filippijnen;Totaal in gezinsverband;2007;63;87;69;-24;-6;3;21;-18
7063;Mannen en vrouwen;Filippijnen;Totaal in gezinsverband;2008;117;85;66;32;51;4;23;-19
7064;Mannen en vrouwen;Filippijnen;Totaal in gezinsverband;2009;108;97;79;11;29;6;24;-18
7065;Mannen en vrouwen;Filippijnen;Personen in echtpaar;1995;21;55;41;-34;-20;0;14;-14
7066;Mannen en vrouwen;Filippijnen;Personen in echtpaar;1996;18;52;36;-34;-18;0;16;-16
7067;Mannen en vrouwen;Filippijnen;Personen in echtpaar;1997;25;49;44;-24;-19;0;5;-5
7068;Mannen en vrouwen;Filippijnen;Personen in echtpaar;1998;15;34;29;-19;-14;2;7;-5
7069;Mannen en vrouwen;Filippijnen;Personen in echtpaar;1999;20;44;35;-24;-15;0;9;-9
7070;Mannen en vrouwen;Filippijnen;Personen in echtpaar;2000;26;45;42;-19;-16;0;3;-3
7071;Mannen en vrouwen;Filippijnen;Personen in echtpaar;2001;21;30;26;-9;-5;1;5;-4
7072;Mannen en vrouwen;Filippijnen;Personen in echtpaar;2002;15;40;35;-25;-20;1;6;-5
7073;Mannen en vrouwen;Filippijnen;Personen in echtpaar;2003;7;50;44;-43;-37;4;10;-6
7074;Mannen en vrouwen;Filippijnen;Personen in echtpaar;2004;8;53;51;-45;-43;2;4;-2
7075;Mannen en vrouwen;Filippijnen;Personen in echtpaar;2005;16;57;54;-41;-38;5;8;-3
7076;Mannen en vrouwen;Filippijnen;Personen in echtpaar;2006;21;66;51;-45;-30;2;17;-15
7077;Mannen en vrouwen;Filippijnen;Personen in echtpaar;2007;18;65;55;-47;-37;1;11;-10
7078;Mannen en vrouwen;Filippijnen;Personen in echtpaar;2008;16;58;47;-42;-31;1;12;-11
7079;Mannen en vrouwen;Filippijnen;Personen in echtpaar;2009;17;75;66;-58;-49;2;11;-9
7080;Mannen en vrouwen;Filippijnen;Personen in eenoudergezin met vader;1995;4;3;2;1;2;0;1;-1
7081;Mannen en vrouwen;Filippijnen;Personen in eenoudergezin met vader;1996;0;0;0;0;0;0;0;0
7082;Mannen en vrouwen;Filippijnen;Personen in eenoudergezin met vader;1997;0;1;0;-1;0;0;1;-1
7083;Mannen en vrouwen;Filippijnen;Personen in eenoudergezin met vader;1998;1;0;0;1;1;0;0;0
7084;Mannen en vrouwen;Filippijnen;Personen in eenoudergezin met vader;1999;1;2;2;-1;-1;0;0;0
7085;Mannen en vrouwen;Filippijnen;Personen in eenoudergezin met vader;2000;1;2;2;-1;-1;0;0;0
7086;Mannen en vrouwen;Filippijnen;Personen in eenoudergezin met vader;2001;1;0;0;1;1;0;0;0
7087;Mannen en vrouwen;Filippijnen;Personen in eenoudergezin met vader;2002;2;0;0;2;2;0;0;0
7088;Mannen en vrouwen;Filippijnen;Personen in eenoudergezin met vader;2003;4;0;1;4;3;1;0;1
7089;Mannen en vrouwen;Filippijnen;Personen in eenoudergezin met vader;2004;0;1;1;-1;-1;0;0;0
7090;Mannen en vrouwen;Filippijnen;Personen in eenoudergezin met vader;2005;3;1;1;2;2;0;0;0
7091;Mannen en vrouwen;Filippijnen;Personen in eenoudergezin met vader;2006;4;1;1;3;3;0;0;0
7092;Mannen en vrouwen;Filippijnen;Personen in eenoudergezin met vader;2007;2;3;1;-1;1;0;2;-2
7093;Mannen en vrouwen;Filippijnen;Personen in eenoudergezin met vader;2008;5;8;5;-3;0;0;3;-3
7094;Mannen en vrouwen;Filippijnen;Personen in eenoudergezin met vader;2009;0;7;6;-7;-6;1;2;-1
7095;Mannen en vrouwen;Filippijnen;Personen in eenoudergezin met moeder;1995;48;20;13;28;35;0;7;-7
7096;Mannen en vrouwen;Filippijnen;Personen in eenoudergezin met moeder;1996;36;17;14;19;22;1;4;-3
7097;Mannen en vrouwen;Filippijnen;Personen in eenoudergezin met moeder;1997;30;16;7;14;23;0;9;-9
7098;Mannen en vrouwen;Filippijnen;Personen in eenoudergezin met moeder;1998;60;12;11;48;49;0;1;-1
7099;Mannen en vrouwen;Filippijnen;Personen in eenoudergezin met moeder;1999;55;9;3;46;52;4;10;-6
7100;Mannen en vrouwen;Filippijnen;Personen in eenoudergezin met moeder;2000;65;6;5;59;60;1;2;-1
7101;Mannen en vrouwen;Filippijnen;Personen in eenoudergezin met moeder;2001;53;11;10;42;43;1;2;-1
7102;Mannen en vrouwen;Filippijnen;Personen in eenoudergezin met moeder;2002;59;22;16;37;43;1;7;-6
7103;Mannen en vrouwen;Filippijnen;Personen in eenoudergezin met moeder;2003;50;21;15;29;35;1;7;-6
7104;Mannen en vrouwen;Filippijnen;Personen in eenoudergezin met moeder;2004;57;11;5;46;52;1;7;-6
7105;Mannen en vrouwen;Filippijnen;Personen in eenoudergezin met moeder;2005;67;19;15;48;52;3;7;-4
7106;Mannen en vrouwen;Filippijnen;Personen in eenoudergezin met moeder;2006;47;29;22;18;25;4;11;-7
7107;Mannen en vrouwen;Filippijnen;Personen in eenoudergezin met moeder;2007;41;16;12;25;29;2;6;-4
7108;Mannen en vrouwen;Filippijnen;Personen in eenoudergezin met moeder;2008;69;17;13;52;56;3;7;-4
7109;Mannen en vrouwen;Filippijnen;Personen in eenoudergezin met moeder;2009;87;14;6;73;81;3;11;-8
7110;Mannen en vrouwen;Filippijnen;Personen in samenwonend paar met kin...;1995;3;2;0;1;3;0;2;-2
7111;Mannen en vrouwen;Filippijnen;Personen in samenwonend paar met kin...;1996;2;1;1;1;1;0;0;0
7112;Mannen en vrouwen;Filippijnen;Personen in samenwonend paar met kin...;1997;1;3;3;-2;-2;0;0;0
7113;Mannen en vrouwen;Filippijnen;Personen in samenwonend paar met kin...;1998;10;0;0;10;10;0;0;0
7114;Mannen en vrouwen;Filippijnen;Personen in samenwonend paar met kin...;1999;2;2;0;0;2;0;2;-2
7115;Mannen en vrouwen;Filippijnen;Personen in samenwonend paar met kin...;2000;2;4;4;-2;-2;0;0;0
7116;Mannen en vrouwen;Filippijnen;Personen in samenwonend paar met kin...;2001;3;-1;0;4;3;1;0;1
7117;Mannen en vrouwen;Filippijnen;Personen in samenwonend paar met kin...;2002;0;1;0;-1;0;1;2;-1
7118;Mannen en vrouwen;Filippijnen;Personen in samenwonend paar met kin...;2003;2;0;0;2;2;0;0;0
7119;Mannen en vrouwen;Filippijnen;Personen in samenwonend paar met kin...;2004;4;-4;0;8;4;4;0;4
7120;Mannen en vrouwen;Filippijnen;Personen in samenwonend paar met kin...;2005;1;6;6;-5;-5;0;0;0
7121;Mannen en vrouwen;Filippijnen;Personen in samenwonend paar met kin...;2006;2;5;0;-3;2;0;5;-5
7122;Mannen en vrouwen;Filippijnen;Personen in samenwonend paar met kin...;2007;2;3;1;-1;1;0;2;-2
7123;Mannen en vrouwen;Filippijnen;Personen in samenwonend paar met kin...;2008;27;2;1;25;26;0;1;-1
7124;Mannen en vrouwen;Filippijnen;Personen in samenwonend paar met kin...;2009;4;1;1;3;3;0;0;0
7125;Mannen en vrouwen;Filippijnen;Alleengaanden;1995;516;148;97;368;419;12;63;-51
7126;Mannen en vrouwen;Filippijnen;Alleengaanden;1996;636;252;153;384;483;19;118;-99
7127;Mannen en vrouwen;Filippijnen;Alleengaanden;1997;610;256;193;354;417;19;82;-63
7128;Mannen en vrouwen;Filippijnen;Alleengaanden;1998;536;260;163;276;373;21;118;-97
7129;Mannen en vrouwen;Filippijnen;Alleengaanden;1999;466;242;159;224;307;12;95;-83
7130;Mannen en vrouwen;Filippijnen;Alleengaanden;2000;543;188;115;355;428;16;89;-73
7131;Mannen en vrouwen;Filippijnen;Alleengaanden;2001;588;218;156;370;432;21;83;-62
7132;Mannen en vrouwen;Filippijnen;Alleengaanden;2002;620;179;117;441;503;25;87;-62
7133;Mannen en vrouwen;Filippijnen;Alleengaanden;2003;581;185;129;396;452;43;99;-56
7134;Mannen en vrouwen;Filippijnen;Alleengaanden;2004;483;193;117;290;366;30;106;-76
7135;Mannen en vrouwen;Filippijnen;Alleengaanden;2005;499;230;129;269;370;25;126;-101
7136;Mannen en vrouwen;Filippijnen;Alleengaanden;2006;569;245;131;324;438;33;147;-114
7137;Mannen en vrouwen;Filippijnen;Alleengaanden;2007;643;340;219;303;424;33;154;-121
7138;Mannen en vrouwen;Filippijnen;Alleengaanden;2008;990;398;285;592;705;37;150;-113
7139;Mannen en vrouwen;Filippijnen;Alleengaanden;2009;975;528;361;447;614;35;202;-167
7140;Mannen en vrouwen;Finland;Totaal personen;1995;296;215;180;81;116;2;37;-35
7141;Mannen en vrouwen;Finland;Totaal personen;1996;333;247;186;86;147;4;65;-61
7142;Mannen en vrouwen;Finland;Totaal personen;1997;402;274;225;128;177;2;51;-49
7143;Mannen en vrouwen;Finland;Totaal personen;1998;500;303;205;197;295;4;102;-98
7144;Mannen en vrouwen;Finland;Totaal personen;1999;505;368;277;137;228;5;96;-91
7145;Mannen en vrouwen;Finland;Totaal personen;2000;478;351;269;127;209;6;88;-82
7146;Mannen en vrouwen;Finland;Totaal personen;2001;414;356;309;58;105;7;54;-47
7147;Mannen en vrouwen;Finland;Totaal personen;2002;396;331;239;65;157;6;98;-92
7148;Mannen en vrouwen;Finland;Totaal personen;2003;319;340;251;-21;68;4;93;-89
7149;Mannen en vrouwen;Finland;Totaal personen;2004;341;352;243;-11;98;12;121;-109
7150;Mannen en vrouwen;Finland;Totaal personen;2005;337;337;225;0;112;9;121;-112
7151;Mannen en vrouwen;Finland;Totaal personen;2006;301;391;257;-90;44;8;142;-134
7152;Mannen en vrouwen;Finland;Totaal personen;2007;384;334;230;50;154;6;110;-104
7153;Mannen en vrouwen;Finland;Totaal personen;2008;445;320;222;125;223;9;107;-98
7154;Mannen en vrouwen;Finland;Totaal personen;2009;453;406;282;47;171;16;140;-124
7155;Mannen en vrouwen;Finland;Totaal in gezinsverband;1995;75;79;73;-4;2;0;6;-6
7156;Mannen en vrouwen;Finland;Totaal in gezinsverband;1996;51;108;101;-57;-50;0;7;-7
7157;Mannen en vrouwen;Finland;Totaal in gezinsverband;1997;66;103;93;-37;-27;0;10;-10
7158;Mannen en vrouwen;Finland;Totaal in gezinsverband;1998;78;74;63;4;15;0;11;-11
7159;Mannen en vrouwen;Finland;Totaal in gezinsverband;1999;71;132;125;-61;-54;0;7;-7
7160;Mannen en vrouwen;Finland;Totaal in gezinsverband;2000;79;137;115;-58;-36;0;22;-22
7161;Mannen en vrouwen;Finland;Totaal in gezinsverband;2001;67;118;106;-51;-39;0;12;-12
7162;Mannen en vrouwen;Finland;Totaal in gezinsverband;2002;70;92;80;-22;-10;0;12;-12
7163;Mannen en vrouwen;Finland;Totaal in gezinsverband;2003;41;107;97;-66;-56;0;10;-10
7164;Mannen en vrouwen;Finland;Totaal in gezinsverband;2004;29;115;96;-86;-67;1;20;-19
7165;Mannen en vrouwen;Finland;Totaal in gezinsverband;2005;26;89;70;-63;-44;1;20;-19
7166;Mannen en vrouwen;Finland;Totaal in gezinsverband;2006;22;86;81;-64;-59;0;5;-5
7167;Mannen en vrouwen;Finland;Totaal in gezinsverband;2007;55;77;70;-22;-15;1;8;-7
7168;Mannen en vrouwen;Finland;Totaal in gezinsverband;2008;43;64;59;-21;-16;0;5;-5
7169;Mannen en vrouwen;Finland;Totaal in gezinsverband;2009;33;81;80;-48;-47;1;2;-1
7170;Mannen en vrouwen;Finland;Personen in echtpaar;1995;45;47;44;-2;1;0;3;-3
7171;Mannen en vrouwen;Finland;Personen in echtpaar;1996;28;82;75;-54;-47;0;7;-7
7172;Mannen en vrouwen;Finland;Personen in echtpaar;1997;35;78;69;-43;-34;0;9;-9
7173;Mannen en vrouwen;Finland;Personen in echtpaar;1998;40;58;49;-18;-9;0;9;-9
7174;Mannen en vrouwen;Finland;Personen in echtpaar;1999;33;106;100;-73;-67;0;6;-6
7175;Mannen en vrouwen;Finland;Personen in echtpaar;2000;41;103;86;-62;-45;0;17;-17
7176;Mannen en vrouwen;Finland;Personen in echtpaar;2001;31;87;79;-56;-48;0;8;-8
7177;Mannen en vrouwen;Finland;Personen in echtpaar;2002;27;80;69;-53;-42;0;11;-11
7178;Mannen en vrouwen;Finland;Personen in echtpaar;2003;17;75;66;-58;-49;0;9;-9
7179;Mannen en vrouwen;Finland;Personen in echtpaar;2004;20;83;68;-63;-48;0;15;-15
7180;Mannen en vrouwen;Finland;Personen in echtpaar;2005;12;61;46;-49;-34;0;15;-15
7181;Mannen en vrouwen;Finland;Personen in echtpaar;2006;11;60;58;-49;-47;0;2;-2
7182;Mannen en vrouwen;Finland;Personen in echtpaar;2007;17;48;43;-31;-26;1;6;-5
7183;Mannen en vrouwen;Finland;Personen in echtpaar;2008;23;45;40;-22;-17;0;5;-5
7184;Mannen en vrouwen;Finland;Personen in echtpaar;2009;24;54;53;-30;-29;1;2;-1
7185;Mannen en vrouwen;Finland;Personen in eenoudergezin met vader;1995;2;2;2;0;0;0;0;0
7186;Mannen en vrouwen;Finland;Personen in eenoudergezin met vader;1996;0;0;0;0;0;0;0;0
7187;Mannen en vrouwen;Finland;Personen in eenoudergezin met vader;1997;0;0;0;0;0;0;0;0
7188;Mannen en vrouwen;Finland;Personen in eenoudergezin met vader;1998;2;0;0;2;2;0;0;0
7189;Mannen en vrouwen;Finland;Personen in eenoudergezin met vader;1999;1;4;4;-3;-3;0;0;0
7190;Mannen en vrouwen;Finland;Personen in eenoudergezin met vader;2000;1;10;10;-9;-9;0;0;0
7191;Mannen en vrouwen;Finland;Personen in eenoudergezin met vader;2001;2;4;4;-2;-2;0;0;0
7192;Mannen en vrouwen;Finland;Personen in eenoudergezin met vader;2002;8;0;0;8;8;0;0;0
7193;Mannen en vrouwen;Finland;Personen in eenoudergezin met vader;2003;0;0;0;0;0;0;0;0
7194;Mannen en vrouwen;Finland;Personen in eenoudergezin met vader;2004;0;1;1;-1;-1;0;0;0
7195;Mannen en vrouwen;Finland;Personen in eenoudergezin met vader;2005;1;3;2;-2;-1;0;1;-1
7196;Mannen en vrouwen;Finland;Personen in eenoudergezin met vader;2006;1;2;2;-1;-1;0;0;0
7197;Mannen en vrouwen;Finland;Personen in eenoudergezin met vader;2007;3;3;3;0;0;0;0;0
7198;Mannen en vrouwen;Finland;Personen in eenoudergezin met vader;2008;1;1;1;0;0;0;0;0
7199;Mannen en vrouwen;Finland;Personen in eenoudergezin met vader;2009;0;0;0;0;0;0;0;0
7200;Mannen en vrouwen;Finland;Personen in eenoudergezin met moeder;1995;23;28;25;-5;-2;0;3;-3
7201;Mannen en vrouwen;Finland;Personen in eenoudergezin met moeder;1996;16;24;24;-8;-8;0;0;0
7202;Mannen en vrouwen;Finland;Personen in eenoudergezin met moeder;1997;19;22;21;-3;-2;0;1;-1
7203;Mannen en vrouwen;Finland;Personen in eenoudergezin met moeder;1998;20;16;14;4;6;0;2;-2
7204;Mannen en vrouwen;Finland;Personen in eenoudergezin met moeder;1999;19;17;16;2;3;0;1;-1
7205;Mannen en vrouwen;Finland;Personen in eenoudergezin met moeder;2000;22;15;10;7;12;0;5;-5
7206;Mannen en vrouwen;Finland;Personen in eenoudergezin met moeder;2001;15;20;20;-5;-5;0;0;0
7207;Mannen en vrouwen;Finland;Personen in eenoudergezin met moeder;2002;33;9;8;24;25;0;1;-1
7208;Mannen en vrouwen;Finland;Personen in eenoudergezin met moeder;2003;21;22;21;-1;0;0;1;-1
7209;Mannen en vrouwen;Finland;Personen in eenoudergezin met moeder;2004;7;24;22;-17;-15;1;3;-2
7210;Mannen en vrouwen;Finland;Personen in eenoudergezin met moeder;2005;8;20;17;-12;-9;1;4;-3
7211;Mannen en vrouwen;Finland;Personen in eenoudergezin met moeder;2006;8;22;19;-14;-11;0;3;-3
7212;Mannen en vrouwen;Finland;Personen in eenoudergezin met moeder;2007;35;18;16;17;19;0;2;-2
7213;Mannen en vrouwen;Finland;Personen in eenoudergezin met moeder;2008;13;14;14;-1;-1;0;0;0
7214;Mannen en vrouwen;Finland;Personen in eenoudergezin met moeder;2009;6;22;22;-16;-16;0;0;0
7215;Mannen en vrouwen;Finland;Personen in samenwonend paar met kin...;1995;5;2;2;3;3;0;0;0
7216;Mannen en vrouwen;Finland;Personen in samenwonend paar met kin...;1996;7;2;2;5;5;0;0;0
7217;Mannen en vrouwen;Finland;Personen in samenwonend paar met kin...;1997;12;3;3;9;9;0;0;0
7218;Mannen en vrouwen;Finland;Personen in samenwonend paar met kin...;1998;16;0;0;16;16;0;0;0
7219;Mannen en vrouwen;Finland;Personen in samenwonend paar met kin...;1999;18;5;5;13;13;0;0;0
7220;Mannen en vrouwen;Finland;Personen in samenwonend paar met kin...;2000;15;9;9;6;6;0;0;0
7221;Mannen en vrouwen;Finland;Personen in samenwonend paar met kin...;2001;19;7;3;12;16;0;4;-4
7222;Mannen en vrouwen;Finland;Personen in samenwonend paar met kin...;2002;2;3;3;-1;-1;0;0;0
7223;Mannen en vrouwen;Finland;Personen in samenwonend paar met kin...;2003;3;10;10;-7;-7;0;0;0
7224;Mannen en vrouwen;Finland;Personen in samenwonend paar met kin...;2004;2;7;5;-5;-3;0;2;-2
7225;Mannen en vrouwen;Finland;Personen in samenwonend paar met kin...;2005;5;5;5;0;0;0;0;0
7226;Mannen en vrouwen;Finland;Personen in samenwonend paar met kin...;2006;2;2;2;0;0;0;0;0
7227;Mannen en vrouwen;Finland;Personen in samenwonend paar met kin...;2007;0;8;8;-8;-8;0;0;0
7228;Mannen en vrouwen;Finland;Personen in samenwonend paar met kin...;2008;6;4;4;2;2;0;0;0
7229;Mannen en vrouwen;Finland;Personen in samenwonend paar met kin...;2009;3;5;5;-2;-2;0;0;0
7230;Mannen en vrouwen;Finland;Alleengaanden;1995;221;136;107;85;114;2;31;-29
7231;Mannen en vrouwen;Finland;Alleengaanden;1996;282;139;85;143;197;4;58;-54
7232;Mannen en vrouwen;Finland;Alleengaanden;1997;336;171;132;165;204;2;41;-39
7233;Mannen en vrouwen;Finland;Alleengaanden;1998;422;229;142;193;280;4;91;-87
7234;Mannen en vrouwen;Finland;Alleengaanden;1999;434;236;152;198;282;5;89;-84
7235;Mannen en vrouwen;Finland;Alleengaanden;2000;399;214;154;185;245;6;66;-60
7236;Mannen en vrouwen;Finland;Alleengaanden;2001;347;238;203;109;144;7;42;-35
7237;Mannen en vrouwen;Finland;Alleengaanden;2002;326;239;159;87;167;6;86;-80
7238;Mannen en vrouwen;Finland;Alleengaanden;2003;278;233;154;45;124;4;83;-79
7239;Mannen en vrouwen;Finland;Alleengaanden;2004;312;237;147;75;165;11;101;-90
7240;Mannen en vrouwen;Finland;Alleengaanden;2005;311;248;155;63;156;8;101;-93
7241;Mannen en vrouwen;Finland;Alleengaanden;2006;279;305;176;-26;103;8;137;-129
7242;Mannen en vrouwen;Finland;Alleengaanden;2007;329;257;160;72;169;5;102;-97
7243;Mannen en vrouwen;Finland;Alleengaanden;2008;402;256;163;146;239;9;102;-93
7244;Mannen en vrouwen;Finland;Alleengaanden;2009;420;325;202;95;218;15;138;-123
7245;Mannen en vrouwen;Frankrijk;Totaal personen;1995;1126;1042;745;84;381;31;328;-297
7246;Mannen en vrouwen;Frankrijk;Totaal personen;1996;1567;1198;746;369;821;57;509;-452
7247;Mannen en vrouwen;Frankrijk;Totaal personen;1997;1807;1095;754;712;1053;51;392;-341
7248;Mannen en vrouwen;Frankrijk;Totaal personen;1998;1986;1216;807;770;1179;55;464;-409
7249;Mannen en vrouwen;Frankrijk;Totaal personen;1999;1952;1230;788;722;1164;44;486;-442
7250;Mannen en vrouwen;Frankrijk;Totaal personen;2000;2030;1268;935;762;1095;57;390;-333
7251;Mannen en vrouwen;Frankrijk;Totaal personen;2001;1982;1296;874;686;1108;45;467;-422
7252;Mannen en vrouwen;Frankrijk;Totaal personen;2002;1770;1552;968;218;802;76;660;-584
7253;Mannen en vrouwen;Frankrijk;Totaal personen;2003;1677;1551;1008;126;669;83;626;-543
7254;Mannen en vrouwen;Frankrijk;Totaal personen;2004;1621;1656;950;-35;671;98;804;-706
7255;Mannen en vrouwen;Frankrijk;Totaal personen;2005;1698;1452;916;246;782;78;614;-536
7256;Mannen en vrouwen;Frankrijk;Totaal personen;2006;1886;1816;923;70;963;102;995;-893
7257;Mannen en vrouwen;Frankrijk;Totaal personen;2007;2136;1630;1044;506;1092;120;706;-586
7258;Mannen en vrouwen;Frankrijk;Totaal personen;2008;2855;1657;1075;1198;1780;120;702;-582
7259;Mannen en vrouwen;Frankrijk;Totaal personen;2009;2696;2027;1246;669;1450;141;922;-781
7260;Mannen en vrouwen;Frankrijk;Totaal in gezinsverband;1995;338;488;418;-150;-80;7;77;-70
7261;Mannen en vrouwen;Frankrijk;Totaal in gezinsverband;1996;328;497;397;-169;-69;5;105;-100
7262;Mannen en vrouwen;Frankrijk;Totaal in gezinsverband;1997;458;427;350;31;108;5;82;-77
7263;Mannen en vrouwen;Frankrijk;Totaal in gezinsverband;1998;365;475;392;-110;-27;5;88;-83
7264;Mannen en vrouwen;Frankrijk;Totaal in gezinsverband;1999;330;437;354;-107;-24;3;86;-83
7265;Mannen en vrouwen;Frankrijk;Totaal in gezinsverband;2000;304;531;460;-227;-156;2;73;-71
7266;Mannen en vrouwen;Frankrijk;Totaal in gezinsverband;2001;346;550;407;-204;-61;8;151;-143
7267;Mannen en vrouwen;Frankrijk;Totaal in gezinsverband;2002;269;622;482;-353;-213;15;155;-140
7268;Mannen en vrouwen;Frankrijk;Totaal in gezinsverband;2003;244;626;522;-382;-278;11;115;-104
7269;Mannen en vrouwen;Frankrijk;Totaal in gezinsverband;2004;222;534;420;-312;-198;20;134;-114
7270;Mannen en vrouwen;Frankrijk;Totaal in gezinsverband;2005;256;487;415;-231;-159;7;79;-72
7271;Mannen en vrouwen;Frankrijk;Totaal in gezinsverband;2006;348;477;376;-129;-28;6;107;-101
7272;Mannen en vrouwen;Frankrijk;Totaal in gezinsverband;2007;406;502;432;-96;-26;6;76;-70
7273;Mannen en vrouwen;Frankrijk;Totaal in gezinsverband;2008;395;483;443;-88;-48;10;50;-40
7274;Mannen en vrouwen;Frankrijk;Totaal in gezinsverband;2009;288;456;400;-168;-112;10;66;-56
7275;Mannen en vrouwen;Frankrijk;Personen in echtpaar;1995;184;382;339;-198;-155;5;48;-43
7276;Mannen en vrouwen;Frankrijk;Personen in echtpaar;1996;149;384;323;-235;-174;3;64;-61
7277;Mannen en vrouwen;Frankrijk;Personen in echtpaar;1997;252;302;263;-50;-11;4;43;-39
7278;Mannen en vrouwen;Frankrijk;Personen in echtpaar;1998;178;374;306;-196;-128;3;71;-68
7279;Mannen en vrouwen;Frankrijk;Personen in echtpaar;1999;150;317;256;-167;-106;0;61;-61
7280;Mannen en vrouwen;Frankrijk;Personen in echtpaar;2000;129;402;347;-273;-218;0;55;-55
7281;Mannen en vrouwen;Frankrijk;Personen in echtpaar;2001;133;382;275;-249;-142;3;110;-107
7282;Mannen en vrouwen;Frankrijk;Personen in echtpaar;2002;133;462;384;-329;-251;12;90;-78
7283;Mannen en vrouwen;Frankrijk;Personen in echtpaar;2003;100;436;373;-336;-273;9;72;-63
7284;Mannen en vrouwen;Frankrijk;Personen in echtpaar;2004;95;400;328;-305;-233;11;83;-72
7285;Mannen en vrouwen;Frankrijk;Personen in echtpaar;2005;120;343;314;-223;-194;4;33;-29
7286;Mannen en vrouwen;Frankrijk;Personen in echtpaar;2006;177;320;268;-143;-91;1;53;-52
7287;Mannen en vrouwen;Frankrijk;Personen in echtpaar;2007;208;376;329;-168;-121;4;51;-47
7288;Mannen en vrouwen;Frankrijk;Personen in echtpaar;2008;191;336;312;-145;-121;1;25;-24
7289;Mannen en vrouwen;Frankrijk;Personen in echtpaar;2009;107;322;290;-215;-183;6;38;-32
7290;Mannen en vrouwen;Frankrijk;Personen in eenoudergezin met vader;1995;11;8;9;3;2;1;0;1
7291;Mannen en vrouwen;Frankrijk;Personen in eenoudergezin met vader;1996;12;8;5;4;7;1;4;-3
7292;Mannen en vrouwen;Frankrijk;Personen in eenoudergezin met vader;1997;15;10;5;5;10;0;5;-5
7293;Mannen en vrouwen;Frankrijk;Personen in eenoudergezin met vader;1998;16;15;10;1;6;0;5;-5
7294;Mannen en vrouwen;Frankrijk;Personen in eenoudergezin met vader;1999;19;8;5;11;14;0;3;-3
7295;Mannen en vrouwen;Frankrijk;Personen in eenoudergezin met vader;2000;14;18;12;-4;2;0;6;-6
7296;Mannen en vrouwen;Frankrijk;Personen in eenoudergezin met vader;2001;15;15;10;0;5;2;7;-5
7297;Mannen en vrouwen;Frankrijk;Personen in eenoudergezin met vader;2002;17;11;5;6;12;0;6;-6
7298;Mannen en vrouwen;Frankrijk;Personen in eenoudergezin met vader;2003;10;13;9;-3;1;1;5;-4
7299;Mannen en vrouwen;Frankrijk;Personen in eenoudergezin met vader;2004;14;13;9;1;5;0;4;-4
7300;Mannen en vrouwen;Frankrijk;Personen in eenoudergezin met vader;2005;12;10;4;2;8;1;7;-6
7301;Mannen en vrouwen;Frankrijk;Personen in eenoudergezin met vader;2006;17;13;4;4;13;0;9;-9
7302;Mannen en vrouwen;Frankrijk;Personen in eenoudergezin met vader;2007;25;14;10;11;15;1;5;-4
7303;Mannen en vrouwen;Frankrijk;Personen in eenoudergezin met vader;2008;30;8;9;22;21;2;1;1
7304;Mannen en vrouwen;Frankrijk;Personen in eenoudergezin met vader;2009;23;9;7;14;16;0;2;-2
7305;Mannen en vrouwen;Frankrijk;Personen in eenoudergezin met moeder;1995;115;81;58;34;57;1;24;-23
7306;Mannen en vrouwen;Frankrijk;Personen in eenoudergezin met moeder;1996;138;88;58;50;80;1;31;-30
7307;Mannen en vrouwen;Frankrijk;Personen in eenoudergezin met moeder;1997;161;99;72;62;89;1;28;-27
7308;Mannen en vrouwen;Frankrijk;Personen in eenoudergezin met moeder;1998;133;69;59;64;74;2;12;-10
7309;Mannen en vrouwen;Frankrijk;Personen in eenoudergezin met moeder;1999;141;82;75;59;66;3;10;-7
7310;Mannen en vrouwen;Frankrijk;Personen in eenoudergezin met moeder;2000;127;89;80;38;47;2;11;-9
7311;Mannen en vrouwen;Frankrijk;Personen in eenoudergezin met moeder;2001;141;109;89;32;52;3;23;-20
7312;Mannen en vrouwen;Frankrijk;Personen in eenoudergezin met moeder;2002;95;115;69;-20;26;3;49;-46
7313;Mannen en vrouwen;Frankrijk;Personen in eenoudergezin met moeder;2003;106;133;104;-27;2;1;30;-29
7314;Mannen en vrouwen;Frankrijk;Personen in eenoudergezin met moeder;2004;91;81;57;10;34;9;33;-24
7315;Mannen en vrouwen;Frankrijk;Personen in eenoudergezin met moeder;2005;108;90;63;18;45;2;29;-27
7316;Mannen en vrouwen;Frankrijk;Personen in eenoudergezin met moeder;2006;113;121;84;-8;29;5;42;-37
7317;Mannen en vrouwen;Frankrijk;Personen in eenoudergezin met moeder;2007;107;76;60;31;47;1;17;-16
7318;Mannen en vrouwen;Frankrijk;Personen in eenoudergezin met moeder;2008;121;101;84;20;37;6;23;-17
7319;Mannen en vrouwen;Frankrijk;Personen in eenoudergezin met moeder;2009;118;87;67;31;51;4;24;-20
7320;Mannen en vrouwen;Frankrijk;Personen in samenwonend paar met kin...;1995;28;17;12;11;16;0;5;-5
7321;Mannen en vrouwen;Frankrijk;Personen in samenwonend paar met kin...;1996;29;17;11;12;18;0;6;-6
7322;Mannen en vrouwen;Frankrijk;Personen in samenwonend paar met kin...;1997;30;16;10;14;20;0;6;-6
7323;Mannen en vrouwen;Frankrijk;Personen in samenwonend paar met kin...;1998;38;17;17;21;21;0;0;0
7324;Mannen en vrouwen;Frankrijk;Personen in samenwonend paar met kin...;1999;20;30;18;-10;2;0;12;-12
7325;Mannen en vrouwen;Frankrijk;Personen in samenwonend paar met kin...;2000;34;22;21;12;13;0;1;-1
7326;Mannen en vrouwen;Frankrijk;Personen in samenwonend paar met kin...;2001;57;44;33;13;24;0;11;-11
7327;Mannen en vrouwen;Frankrijk;Personen in samenwonend paar met kin...;2002;24;34;24;-10;0;0;10;-10
7328;Mannen en vrouwen;Frankrijk;Personen in samenwonend paar met kin...;2003;28;44;36;-16;-8;0;8;-8
7329;Mannen en vrouwen;Frankrijk;Personen in samenwonend paar met kin...;2004;22;40;26;-18;-4;0;14;-14
7330;Mannen en vrouwen;Frankrijk;Personen in samenwonend paar met kin...;2005;16;44;34;-28;-18;0;10;-10
7331;Mannen en vrouwen;Frankrijk;Personen in samenwonend paar met kin...;2006;41;23;20;18;21;0;3;-3
7332;Mannen en vrouwen;Frankrijk;Personen in samenwonend paar met kin...;2007;66;36;33;30;33;0;3;-3
7333;Mannen en vrouwen;Frankrijk;Personen in samenwonend paar met kin...;2008;53;38;38;15;15;1;1;0
7334;Mannen en vrouwen;Frankrijk;Personen in samenwonend paar met kin...;2009;40;38;36;2;4;0;2;-2
7335;Mannen en vrouwen;Frankrijk;Alleengaanden;1995;788;554;327;234;461;24;251;-227
7336;Mannen en vrouwen;Frankrijk;Alleengaanden;1996;1239;701;349;538;890;52;404;-352
7337;Mannen en vrouwen;Frankrijk;Alleengaanden;1997;1349;668;404;681;945;46;310;-264
7338;Mannen en vrouwen;Frankrijk;Alleengaanden;1998;1621;741;415;880;1206;50;376;-326
7339;Mannen en vrouwen;Frankrijk;Alleengaanden;1999;1622;793;434;829;1188;41;400;-359
7340;Mannen en vrouwen;Frankrijk;Alleengaanden;2000;1726;737;475;989;1251;55;317;-262
7341;Mannen en vrouwen;Frankrijk;Alleengaanden;2001;1636;746;467;890;1169;37;316;-279
7342;Mannen en vrouwen;Frankrijk;Alleengaanden;2002;1501;930;486;571;1015;61;505;-444
7343;Mannen en vrouwen;Frankrijk;Alleengaanden;2003;1433;925;486;508;947;72;511;-439
7344;Mannen en vrouwen;Frankrijk;Alleengaanden;2004;1399;1122;530;277;869;78;670;-592
7345;Mannen en vrouwen;Frankrijk;Alleengaanden;2005;1442;965;501;477;941;71;535;-464
7346;Mannen en vrouwen;Frankrijk;Alleengaanden;2006;1538;1339;547;199;991;96;888;-792
7347;Mannen en vrouwen;Frankrijk;Alleengaanden;2007;1730;1128;612;602;1118;114;630;-516
7348;Mannen en vrouwen;Frankrijk;Alleengaanden;2008;2460;1174;632;1286;1828;110;652;-542
7349;Mannen en vrouwen;Frankrijk;Alleengaanden;2009;2408;1571;846;837;1562;131;856;-725
7350;Mannen en vrouwen;Frans Guyana;Totaal personen;1995;30;19;5;11;25;1;15;-14
7351;Mannen en vrouwen;Frans Guyana;Totaal personen;1996;33;19;5;14;28;4;18;-14
7352;Mannen en vrouwen;Frans Guyana;Totaal personen;1997;39;28;8;11;31;4;24;-20
7353;Mannen en vrouwen;Frans Guyana;Totaal personen;1998;29;24;5;5;24;9;28;-19
7354;Mannen en vrouwen;Frans Guyana;Totaal personen;1999;29;23;10;6;19;7;20;-13
7355;Mannen en vrouwen;Frans Guyana;Totaal personen;2000;41;10;4;31;37;4;10;-6
7356;Mannen en vrouwen;Frans Guyana;Totaal personen;2001;61;10;5;51;56;7;12;-5
7357;Mannen en vrouwen;Frans Guyana;Totaal personen;2002;67;31;13;36;54;10;28;-18
7358;Mannen en vrouwen;Frans Guyana;Totaal personen;2003;61;37;11;24;50;14;40;-26
7359;Mannen en vrouwen;Frans Guyana;Totaal personen;2004;69;40;12;29;57;11;39;-28
7360;Mannen en vrouwen;Frans Guyana;Totaal personen;2005;60;52;12;8;48;10;50;-40
7361;Mannen en vrouwen;Frans Guyana;Totaal personen;2006;29;77;22;-48;7;8;63;-55
7362;Mannen en vrouwen;Frans Guyana;Totaal personen;2007;35;45;11;-10;24;15;49;-34
7363;Mannen en vrouwen;Frans Guyana;Totaal personen;2008;39;40;17;-1;22;12;35;-23
7364;Mannen en vrouwen;Frans Guyana;Totaal personen;2009;69;26;15;43;54;16;27;-11
7365;Mannen en vrouwen;Frans Guyana;Totaal in gezinsverband;1995;4;6;2;-2;2;0;4;-4
7366;Mannen en vrouwen;Frans Guyana;Totaal in gezinsverband;1996;4;7;2;-3;2;0;5;-5
7367;Mannen en vrouwen;Frans Guyana;Totaal in gezinsverband;1997;9;10;0;-1;9;0;10;-10
7368;Mannen en vrouwen;Frans Guyana;Totaal in gezinsverband;1998;6;5;0;1;6;3;8;-5
7369;Mannen en vrouwen;Frans Guyana;Totaal in gezinsverband;1999;6;3;2;3;4;0;1;-1
7370;Mannen en vrouwen;Frans Guyana;Totaal in gezinsverband;2000;3;3;1;0;2;0;2;-2
7371;Mannen en vrouwen;Frans Guyana;Totaal in gezinsverband;2001;2;1;2;1;0;2;1;1
7372;Mannen en vrouwen;Frans Guyana;Totaal in gezinsverband;2002;6;12;6;-6;0;0;6;-6
7373;Mannen en vrouwen;Frans Guyana;Totaal in gezinsverband;2003;7;11;4;-4;3;3;10;-7
7374;Mannen en vrouwen;Frans Guyana;Totaal in gezinsverband;2004;12;17;7;-5;5;2;12;-10
7375;Mannen en vrouwen;Frans Guyana;Totaal in gezinsverband;2005;6;5;5;1;1;0;0;0
7376;Mannen en vrouwen;Frans Guyana;Totaal in gezinsverband;2006;3;16;13;-13;-10;0;3;-3
7377;Mannen en vrouwen;Frans Guyana;Totaal in gezinsverband;2007;5;21;7;-16;-2;1;15;-14
7378;Mannen en vrouwen;Frans Guyana;Totaal in gezinsverband;2008;1;7;4;-6;-3;0;3;-3
7379;Mannen en vrouwen;Frans Guyana;Totaal in gezinsverband;2009;4;4;4;0;0;0;0;0
7380;Mannen en vrouwen;Frans Guyana;Personen in echtpaar;1995;1;3;2;-2;-1;0;1;-1
7381;Mannen en vrouwen;Frans Guyana;Personen in echtpaar;1996;1;1;0;0;1;0;1;-1
7382;Mannen en vrouwen;Frans Guyana;Personen in echtpaar;1997;0;4;0;-4;0;0;4;-4
7383;Mannen en vrouwen;Frans Guyana;Personen in echtpaar;1998;0;3;0;-3;0;0;3;-3
7384;Mannen en vrouwen;Frans Guyana;Personen in echtpaar;1999;1;0;0;1;1;0;0;0
7385;Mannen en vrouwen;Frans Guyana;Personen in echtpaar;2000;0;2;1;-2;-1;0;1;-1
7386;Mannen en vrouwen;Frans Guyana;Personen in echtpaar;2001;1;1;0;0;1;0;1;-1
7387;Mannen en vrouwen;Frans Guyana;Personen in echtpaar;2002;2;4;3;-2;-1;0;1;-1
7388;Mannen en vrouwen;Frans Guyana;Personen in echtpaar;2003;0;1;1;-1;-1;0;0;0
7389;Mannen en vrouwen;Frans Guyana;Personen in echtpaar;2004;0;2;2;-2;-2;0;0;0
7390;Mannen en vrouwen;Frans Guyana;Personen in echtpaar;2005;2;0;0;2;2;0;0;0
7391;Mannen en vrouwen;Frans Guyana;Personen in echtpaar;2006;0;4;3;-4;-3;0;1;-1
7392;Mannen en vrouwen;Frans Guyana;Personen in echtpaar;2007;0;0;0;0;0;0;0;0
7393;Mannen en vrouwen;Frans Guyana;Personen in echtpaar;2008;0;1;0;-1;0;0;1;-1
7394;Mannen en vrouwen;Frans Guyana;Personen in echtpaar;2009;0;2;2;-2;-2;0;0;0
7395;Mannen en vrouwen;Frans Guyana;Personen in eenoudergezin met vader;1995;1;0;0;1;1;0;0;0
7396;Mannen en vrouwen;Frans Guyana;Personen in eenoudergezin met vader;1996;0;0;0;0;0;0;0;0
7397;Mannen en vrouwen;Frans Guyana;Personen in eenoudergezin met vader;1997;0;0;0;0;0;0;0;0
7398;Mannen en vrouwen;Frans Guyana;Personen in eenoudergezin met vader;1998;0;0;0;0;0;0;0;0
7399;Mannen en vrouwen;Frans Guyana;Personen in eenoudergezin met vader;1999;0;1;0;-1;0;0;1;-1
7400;Mannen en vrouwen;Frans Guyana;Personen in eenoudergezin met vader;2000;0;0;0;0;0;0;0;0
7401;Mannen en vrouwen;Frans Guyana;Personen in eenoudergezin met vader;2001;0;0;0;0;0;0;0;0
7402;Mannen en vrouwen;Frans Guyana;Personen in eenoudergezin met vader;2002;0;0;0;0;0;0;0;0
7403;Mannen en vrouwen;Frans Guyana;Personen in eenoudergezin met vader;2003;0;0;0;0;0;0;0;0
7404;Mannen en vrouwen;Frans Guyana;Personen in eenoudergezin met vader;2004;0;2;0;-2;0;0;2;-2
7405;Mannen en vrouwen;Frans Guyana;Personen in eenoudergezin met vader;2005;0;0;0;0;0;0;0;0
7406;Mannen en vrouwen;Frans Guyana;Personen in eenoudergezin met vader;2006;0;1;0;-1;0;0;1;-1
7407;Mannen en vrouwen;Frans Guyana;Personen in eenoudergezin met vader;2007;0;0;0;0;0;0;0;0
7408;Mannen en vrouwen;Frans Guyana;Personen in eenoudergezin met vader;2008;0;1;0;-1;0;0;1;-1
7409;Mannen en vrouwen;Frans Guyana;Personen in eenoudergezin met vader;2009;2;0;0;2;2;0;0;0
7410;Mannen en vrouwen;Frans Guyana;Personen in eenoudergezin met moeder;1995;2;3;0;-1;2;0;3;-3
7411;Mannen en vrouwen;Frans Guyana;Personen in eenoudergezin met moeder;1996;3;6;2;-3;1;0;4;-4
7412;Mannen en vrouwen;Frans Guyana;Personen in eenoudergezin met moeder;1997;9;6;0;3;9;0;6;-6
7413;Mannen en vrouwen;Frans Guyana;Personen in eenoudergezin met moeder;1998;4;2;0;2;4;3;5;-2
7414;Mannen en vrouwen;Frans Guyana;Personen in eenoudergezin met moeder;1999;5;2;2;3;3;0;0;0
7415;Mannen en vrouwen;Frans Guyana;Personen in eenoudergezin met moeder;2000;3;1;0;2;3;0;1;-1
7416;Mannen en vrouwen;Frans Guyana;Personen in eenoudergezin met moeder;2001;1;0;2;1;-1;2;0;2
7417;Mannen en vrouwen;Frans Guyana;Personen in eenoudergezin met moeder;2002;4;8;3;-4;1;0;5;-5
7418;Mannen en vrouwen;Frans Guyana;Personen in eenoudergezin met moeder;2003;7;10;3;-3;4;3;10;-7
7419;Mannen en vrouwen;Frans Guyana;Personen in eenoudergezin met moeder;2004;12;13;5;-1;7;2;10;-8
7420;Mannen en vrouwen;Frans Guyana;Personen in eenoudergezin met moeder;2005;3;5;5;-2;-2;0;0;0
7421;Mannen en vrouwen;Frans Guyana;Personen in eenoudergezin met moeder;2006;3;11;10;-8;-7;0;1;-1
7422;Mannen en vrouwen;Frans Guyana;Personen in eenoudergezin met moeder;2007;5;21;7;-16;-2;1;15;-14
7423;Mannen en vrouwen;Frans Guyana;Personen in eenoudergezin met moeder;2008;1;5;4;-4;-3;0;1;-1
7424;Mannen en vrouwen;Frans Guyana;Personen in eenoudergezin met moeder;2009;2;2;2;0;0;0;0;0
7425;Mannen en vrouwen;Frans Guyana;Personen in samenwonend paar met kin...;1995;0;0;0;0;0;0;0;0
7426;Mannen en vrouwen;Frans Guyana;Personen in samenwonend paar met kin...;1996;0;0;0;0;0;0;0;0
7427;Mannen en vrouwen;Frans Guyana;Personen in samenwonend paar met kin...;1997;0;0;0;0;0;0;0;0
7428;Mannen en vrouwen;Frans Guyana;Personen in samenwonend paar met kin...;1998;2;0;0;2;2;0;0;0
7429;Mannen en vrouwen;Frans Guyana;Personen in samenwonend paar met kin...;1999;0;0;0;0;0;0;0;0
7430;Mannen en vrouwen;Frans Guyana;Personen in samenwonend paar met kin...;2000;0;0;0;0;0;0;0;0
7431;Mannen en vrouwen;Frans Guyana;Personen in samenwonend paar met kin...;2001;0;0;0;0;0;0;0;0
7432;Mannen en vrouwen;Frans Guyana;Personen in samenwonend paar met kin...;2002;0;0;0;0;0;0;0;0
7433;Mannen en vrouwen;Frans Guyana;Personen in samenwonend paar met kin...;2003;0;0;0;0;0;0;0;0
7434;Mannen en vrouwen;Frans Guyana;Personen in samenwonend paar met kin...;2004;0;0;0;0;0;0;0;0
7435;Mannen en vrouwen;Frans Guyana;Personen in samenwonend paar met kin...;2005;1;0;0;1;1;0;0;0
7436;Mannen en vrouwen;Frans Guyana;Personen in samenwonend paar met kin...;2006;0;0;0;0;0;0;0;0
7437;Mannen en vrouwen;Frans Guyana;Personen in samenwonend paar met kin...;2007;0;0;0;0;0;0;0;0
7438;Mannen en vrouwen;Frans Guyana;Personen in samenwonend paar met kin...;2008;0;0;0;0;0;0;0;0
7439;Mannen en vrouwen;Frans Guyana;Personen in samenwonend paar met kin...;2009;0;0;0;0;0;0;0;0
7440;Mannen en vrouwen;Frans Guyana;Alleengaanden;1995;26;13;3;13;23;1;11;-10
7441;Mannen en vrouwen;Frans Guyana;Alleengaanden;1996;29;12;3;17;26;4;13;-9
7442;Mannen en vrouwen;Frans Guyana;Alleengaanden;1997;30;18;8;12;22;4;14;-10
7443;Mannen en vrouwen;Frans Guyana;Alleengaanden;1998;23;19;5;4;18;6;20;-14
7444;Mannen en vrouwen;Frans Guyana;Alleengaanden;1999;23;20;8;3;15;7;19;-12
7445;Mannen en vrouwen;Frans Guyana;Alleengaanden;2000;38;7;3;31;35;4;8;-4
7446;Mannen en vrouwen;Frans Guyana;Alleengaanden;2001;59;9;3;50;56;5;11;-6
7447;Mannen en vrouwen;Frans Guyana;Alleengaanden;2002;61;19;7;42;54;10;22;-12
7448;Mannen en vrouwen;Frans Guyana;Alleengaanden;2003;54;26;7;28;47;11;30;-19
7449;Mannen en vrouwen;Frans Guyana;Alleengaanden;2004;57;23;5;34;52;9;27;-18
7450;Mannen en vrouwen;Frans Guyana;Alleengaanden;2005;54;47;7;7;47;10;50;-40
7451;Mannen en vrouwen;Frans Guyana;Alleengaanden;2006;26;61;9;-35;17;8;60;-52
7452;Mannen en vrouwen;Frans Guyana;Alleengaanden;2007;30;24;4;6;26;14;34;-20
7453;Mannen en vrouwen;Frans Guyana;Alleengaanden;2008;38;33;13;5;25;12;32;-20
7454;Mannen en vrouwen;Frans Guyana;Alleengaanden;2009;65;22;11;43;54;16;27;-11
7455;Mannen en vrouwen;Frans-Polynesië;Totaal personen;1995;0;1;1;-1;-1;0;0;0
7456;Mannen en vrouwen;Frans-Polynesië;Totaal personen;1996;1;0;0;1;1;0;0;0
7457;Mannen en vrouwen;Frans-Polynesië;Totaal personen;1997;2;0;0;2;2;0;0;0
7458;Mannen en vrouwen;Frans-Polynesië;Totaal personen;1998;1;0;0;1;1;0;0;0
7459;Mannen en vrouwen;Frans-Polynesië;Totaal personen;1999;1;0;0;1;1;0;0;0
7460;Mannen en vrouwen;Frans-Polynesië;Totaal personen;2000;3;5;0;-2;3;0;5;-5
7461;Mannen en vrouwen;Frans-Polynesië;Totaal personen;2001;1;1;0;0;1;0;1;-1
7462;Mannen en vrouwen;Frans-Polynesië;Totaal personen;2002;0;1;1;-1;-1;0;0;0
7463;Mannen en vrouwen;Frans-Polynesië;Totaal personen;2003;0;0;0;0;0;0;0;0
7464;Mannen en vrouwen;Frans-Polynesië;Totaal personen;2004;1;0;0;1;1;0;0;0
7465;Mannen en vrouwen;Frans-Polynesië;Totaal personen;2005;2;2;1;0;1;0;1;-1
7466;Mannen en vrouwen;Frans-Polynesië;Totaal personen;2006;1;1;0;0;1;0;1;-1
7467;Mannen en vrouwen;Frans-Polynesië;Totaal personen;2007;2;2;1;0;1;0;1;-1
7468;Mannen en vrouwen;Frans-Polynesië;Totaal personen;2008;1;1;1;0;0;0;0;0
7469;Mannen en vrouwen;Frans-Polynesië;Totaal personen;2009;2;0;0;2;2;1;1;0
7470;Mannen en vrouwen;Frans-Polynesië;Totaal in gezinsverband;1995;0;0;0;0;0;0;0;0
7471;Mannen en vrouwen;Frans-Polynesië;Totaal in gezinsverband;1996;1;0;0;1;1;0;0;0
7472;Mannen en vrouwen;Frans-Polynesië;Totaal in gezinsverband;1997;0;0;0;0;0;0;0;0
7473;Mannen en vrouwen;Frans-Polynesië;Totaal in gezinsverband;1998;0;0;0;0;0;0;0;0
7474;Mannen en vrouwen;Frans-Polynesië;Totaal in gezinsverband;1999;0;0;0;0;0;0;0;0
7475;Mannen en vrouwen;Frans-Polynesië;Totaal in gezinsverband;2000;0;4;0;-4;0;0;4;-4
7476;Mannen en vrouwen;Frans-Polynesië;Totaal in gezinsverband;2001;1;0;0;1;1;0;0;0
7477;Mannen en vrouwen;Frans-Polynesië;Totaal in gezinsverband;2002;0;1;1;-1;-1;0;0;0
7478;Mannen en vrouwen;Frans-Polynesië;Totaal in gezinsverband;2003;0;0;0;0;0;0;0;0
7479;Mannen en vrouwen;Frans-Polynesië;Totaal in gezinsverband;2004;0;0;0;0;0;0;0;0
7480;Mannen en vrouwen;Frans-Polynesië;Totaal in gezinsverband;2005;0;0;0;0;0;0;0;0
7481;Mannen en vrouwen;Frans-Polynesië;Totaal in gezinsverband;2006;0;0;0;0;0;0;0;0
7482;Mannen en vrouwen;Frans-Polynesië;Totaal in gezinsverband;2007;0;1;1;-1;-1;0;0;0
7483;Mannen en vrouwen;Frans-Polynesië;Totaal in gezinsverband;2008;1;0;0;1;1;0;0;0
7484;Mannen en vrouwen;Frans-Polynesië;Totaal in gezinsverband;2009;0;0;0;0;0;0;0;0
7485;Mannen en vrouwen;Frans-Polynesië;Personen in echtpaar;1995;0;0;0;0;0;0;0;0
7486;Mannen en vrouwen;Frans-Polynesië;Personen in echtpaar;1996;1;0;0;1;1;0;0;0
7487;Mannen en vrouwen;Frans-Polynesië;Personen in echtpaar;1997;0;0;0;0;0;0;0;0
7488;Mannen en vrouwen;Frans-Polynesië;Personen in echtpaar;1998;0;0;0;0;0;0;0;0
7489;Mannen en vrouwen;Frans-Polynesië;Personen in echtpaar;1999;0;0;0;0;0;0;0;0
7490;Mannen en vrouwen;Frans-Polynesië;Personen in echtpaar;2000;0;4;0;-4;0;0;4;-4
7491;Mannen en vrouwen;Frans-Polynesië;Personen in echtpaar;2001;0;0;0;0;0;0;0;0
7492;Mannen en vrouwen;Frans-Polynesië;Personen in echtpaar;2002;0;0;0;0;0;0;0;0
7493;Mannen en vrouwen;Frans-Polynesië;Personen in echtpaar;2003;0;0;0;0;0;0;0;0
7494;Mannen en vrouwen;Frans-Polynesië;Personen in echtpaar;2004;0;0;0;0;0;0;0;0
7495;Mannen en vrouwen;Frans-Polynesië;Personen in echtpaar;2005;0;0;0;0;0;0;0;0
7496;Mannen en vrouwen;Frans-Polynesië;Personen in echtpaar;2006;0;0;0;0;0;0;0;0
7497;Mannen en vrouwen;Frans-Polynesië;Personen in echtpaar;2007;0;0;0;0;0;0;0;0
7498;Mannen en vrouwen;Frans-Polynesië;Personen in echtpaar;2008;1;0;0;1;1;0;0;0
7499;Mannen en vrouwen;Frans-Polynesië;Personen in echtpaar;2009;0;0;0;0;0;0;0;0
7500;Mannen en vrouwen;Frans-Polynesië;Personen in eenoudergezin met vader;1995;0;0;0;0;0;0;0;0
7501;Mannen en vrouwen;Frans-Polynesië;Personen in eenoudergezin met vader;1996;0;0;0;0;0;0;0;0
7502;Mannen en vrouwen;Frans-Polynesië;Personen in eenoudergezin met vader;1997;0;0;0;0;0;0;0;0
7503;Mannen en vrouwen;Frans-Polynesië;Personen in eenoudergezin met vader;1998;0;0;0;0;0;0;0;0
7504;Mannen en vrouwen;Frans-Polynesië;Personen in eenoudergezin met vader;1999;0;0;0;0;0;0;0;0
7505;Mannen en vrouwen;Frans-Polynesië;Personen in eenoudergezin met vader;2000;0;0;0;0;0;0;0;0
7506;Mannen en vrouwen;Frans-Polynesië;Personen in eenoudergezin met vader;2001;0;0;0;0;0;0;0;0
7507;Mannen en vrouwen;Frans-Polynesië;Personen in eenoudergezin met vader;2002;0;0;0;0;0;0;0;0
7508;Mannen en vrouwen;Frans-Polynesië;Personen in eenoudergezin met vader;2003;0;0;0;0;0;0;0;0
7509;Mannen en vrouwen;Frans-Polynesië;Personen in eenoudergezin met vader;2004;0;0;0;0;0;0;0;0
7510;Mannen en vrouwen;Frans-Polynesië;Personen in eenoudergezin met vader;2005;0;0;0;0;0;0;0;0
7511;Mannen en vrouwen;Frans-Polynesië;Personen in eenoudergezin met vader;2006;0;0;0;0;0;0;0;0
7512;Mannen en vrouwen;Frans-Polynesië;Personen in eenoudergezin met vader;2007;0;0;0;0;0;0;0;0
7513;Mannen en vrouwen;Frans-Polynesië;Personen in eenoudergezin met vader;2008;0;0;0;0;0;0;0;0
7514;Mannen en vrouwen;Frans-Polynesië;Personen in eenoudergezin met vader;2009;0;0;0;0;0;0;0;0
7515;Mannen en vrouwen;Frans-Polynesië;Personen in eenoudergezin met moeder;1995;0;0;0;0;0;0;0;0
7516;Mannen en vrouwen;Frans-Polynesië;Personen in eenoudergezin met moeder;1996;0;0;0;0;0;0;0;0
7517;Mannen en vrouwen;Frans-Polynesië;Personen in eenoudergezin met moeder;1997;0;0;0;0;0;0;0;0
7518;Mannen en vrouwen;Frans-Polynesië;Personen in eenoudergezin met moeder;1998;0;0;0;0;0;0;0;0
7519;Mannen en vrouwen;Frans-Polynesië;Personen in eenoudergezin met moeder;1999;0;0;0;0;0;0;0;0
7520;Mannen en vrouwen;Frans-Polynesië;Personen in eenoudergezin met moeder;2000;0;0;0;0;0;0;0;0
7521;Mannen en vrouwen;Frans-Polynesië;Personen in eenoudergezin met moeder;2001;0;0;0;0;0;0;0;0
7522;Mannen en vrouwen;Frans-Polynesië;Personen in eenoudergezin met moeder;2002;0;1;1;-1;-1;0;0;0
7523;Mannen en vrouwen;Frans-Polynesië;Personen in eenoudergezin met moeder;2003;0;0;0;0;0;0;0;0
7524;Mannen en vrouwen;Frans-Polynesië;Personen in eenoudergezin met moeder;2004;0;0;0;0;0;0;0;0
7525;Mannen en vrouwen;Frans-Polynesië;Personen in eenoudergezin met moeder;2005;0;0;0;0;0;0;0;0
7526;Mannen en vrouwen;Frans-Polynesië;Personen in eenoudergezin met moeder;2006;0;0;0;0;0;0;0;0
7527;Mannen en vrouwen;Frans-Polynesië;Personen in eenoudergezin met moeder;2007;0;0;0;0;0;0;0;0
7528;Mannen en vrouwen;Frans-Polynesië;Personen in eenoudergezin met moeder;2008;0;0;0;0;0;0;0;0
7529;Mannen en vrouwen;Frans-Polynesië;Personen in eenoudergezin met moeder;2009;0;0;0;0;0;0;0;0
7530;Mannen en vrouwen;Frans-Polynesië;Personen in samenwonend paar met kin...;1995;0;0;0;0;0;0;0;0
7531;Mannen en vrouwen;Frans-Polynesië;Personen in samenwonend paar met kin...;1996;0;0;0;0;0;0;0;0
7532;Mannen en vrouwen;Frans-Polynesië;Personen in samenwonend paar met kin...;1997;0;0;0;0;0;0;0;0
7533;Mannen en vrouwen;Frans-Polynesië;Personen in samenwonend paar met kin...;1998;0;0;0;0;0;0;0;0
7534;Mannen en vrouwen;Frans-Polynesië;Personen in samenwonend paar met kin...;1999;0;0;0;0;0;0;0;0
7535;Mannen en vrouwen;Frans-Polynesië;Personen in samenwonend paar met kin...;2000;0;0;0;0;0;0;0;0
7536;Mannen en vrouwen;Frans-Polynesië;Personen in samenwonend paar met kin...;2001;1;0;0;1;1;0;0;0
7537;Mannen en vrouwen;Frans-Polynesië;Personen in samenwonend paar met kin...;2002;0;0;0;0;0;0;0;0
7538;Mannen en vrouwen;Frans-Polynesië;Personen in samenwonend paar met kin...;2003;0;0;0;0;0;0;0;0
7539;Mannen en vrouwen;Frans-Polynesië;Personen in samenwonend paar met kin...;2004;0;0;0;0;0;0;0;0
7540;Mannen en vrouwen;Frans-Polynesië;Personen in samenwonend paar met kin...;2005;0;0;0;0;0;0;0;0
7541;Mannen en vrouwen;Frans-Polynesië;Personen in samenwonend paar met kin...;2006;0;0;0;0;0;0;0;0
7542;Mannen en vrouwen;Frans-Polynesië;Personen in samenwonend paar met kin...;2007;0;1;1;-1;-1;0;0;0
7543;Mannen en vrouwen;Frans-Polynesië;Personen in samenwonend paar met kin...;2008;0;0;0;0;0;0;0;0
7544;Mannen en vrouwen;Frans-Polynesië;Personen in samenwonend paar met kin...;2009;0;0;0;0;0;0;0;0
7545;Mannen en vrouwen;Frans-Polynesië;Alleengaanden;1995;0;1;1;-1;-1;0;0;0
7546;Mannen en vrouwen;Frans-Polynesië;Alleengaanden;1996;0;0;0;0;0;0;0;0
7547;Mannen en vrouwen;Frans-Polynesië;Alleengaanden;1997;2;0;0;2;2;0;0;0
7548;Mannen en vrouwen;Frans-Polynesië;Alleengaanden;1998;1;0;0;1;1;0;0;0
7549;Mannen en vrouwen;Frans-Polynesië;Alleengaanden;1999;1;0;0;1;1;0;0;0
7550;Mannen en vrouwen;Frans-Polynesië;Alleengaanden;2000;3;1;0;2;3;0;1;-1
7551;Mannen en vrouwen;Frans-Polynesië;Alleengaanden;2001;0;1;0;-1;0;0;1;-1
7552;Mannen en vrouwen;Frans-Polynesië;Alleengaanden;2002;0;0;0;0;0;0;0;0
7553;Mannen en vrouwen;Frans-Polynesië;Alleengaanden;2003;0;0;0;0;0;0;0;0
7554;Mannen en vrouwen;Frans-Polynesië;Alleengaanden;2004;1;0;0;1;1;0;0;0
7555;Mannen en vrouwen;Frans-Polynesië;Alleengaanden;2005;2;2;1;0;1;0;1;-1
7556;Mannen en vrouwen;Frans-Polynesië;Alleengaanden;2006;1;1;0;0;1;0;1;-1
7557;Mannen en vrouwen;Frans-Polynesië;Alleengaanden;2007;2;1;0;1;2;0;1;-1
7558;Mannen en vrouwen;Frans-Polynesië;Alleengaanden;2008;0;1;1;-1;-1;0;0;0
7559;Mannen en vrouwen;Frans-Polynesië;Alleengaanden;2009;2;0;0;2;2;1;1;0
7560;Mannen en vrouwen;Gabon;Totaal personen;1995;9;3;2;6;7;0;1;-1
7561;Mannen en vrouwen;Gabon;Totaal personen;1996;9;2;1;7;8;0;1;-1
7562;Mannen en vrouwen;Gabon;Totaal personen;1997;11;7;6;4;5;0;1;-1
7563;Mannen en vrouwen;Gabon;Totaal personen;1998;12;6;0;6;12;0;6;-6
7564;Mannen en vrouwen;Gabon;Totaal personen;1999;8;8;7;0;1;0;1;-1
7565;Mannen en vrouwen;Gabon;Totaal personen;2000;3;8;8;-5;-5;0;0;0
7566;Mannen en vrouwen;Gabon;Totaal personen;2001;7;4;2;3;5;0;2;-2
7567;Mannen en vrouwen;Gabon;Totaal personen;2002;37;10;8;27;29;0;2;-2
7568;Mannen en vrouwen;Gabon;Totaal personen;2003;9;8;2;1;7;0;6;-6
7569;Mannen en vrouwen;Gabon;Totaal personen;2004;11;7;0;4;11;0;7;-7
7570;Mannen en vrouwen;Gabon;Totaal personen;2005;10;6;2;4;8;0;4;-4
7571;Mannen en vrouwen;Gabon;Totaal personen;2006;1;10;9;-9;-8;1;2;-1
7572;Mannen en vrouwen;Gabon;Totaal personen;2007;5;9;5;-4;0;0;4;-4
7573;Mannen en vrouwen;Gabon;Totaal personen;2008;7;13;8;-6;-1;3;8;-5
7574;Mannen en vrouwen;Gabon;Totaal personen;2009;9;5;5;4;4;2;2;0
7575;Mannen en vrouwen;Gabon;Totaal in gezinsverband;1995;0;1;1;-1;-1;0;0;0
7576;Mannen en vrouwen;Gabon;Totaal in gezinsverband;1996;5;1;1;4;4;0;0;0
7577;Mannen en vrouwen;Gabon;Totaal in gezinsverband;1997;1;3;3;-2;-2;0;0;0
7578;Mannen en vrouwen;Gabon;Totaal in gezinsverband;1998;6;0;0;6;6;0;0;0
7579;Mannen en vrouwen;Gabon;Totaal in gezinsverband;1999;4;6;6;-2;-2;0;0;0
7580;Mannen en vrouwen;Gabon;Totaal in gezinsverband;2000;0;8;8;-8;-8;0;0;0
7581;Mannen en vrouwen;Gabon;Totaal in gezinsverband;2001;3;1;1;2;2;0;0;0
7582;Mannen en vrouwen;Gabon;Totaal in gezinsverband;2002;14;6;6;8;8;0;0;0
7583;Mannen en vrouwen;Gabon;Totaal in gezinsverband;2003;0;3;0;-3;0;0;3;-3
7584;Mannen en vrouwen;Gabon;Totaal in gezinsverband;2004;5;6;0;-1;5;0;6;-6
7585;Mannen en vrouwen;Gabon;Totaal in gezinsverband;2005;1;4;1;-3;0;0;3;-3
7586;Mannen en vrouwen;Gabon;Totaal in gezinsverband;2006;0;7;7;-7;-7;0;0;0
7587;Mannen en vrouwen;Gabon;Totaal in gezinsverband;2007;0;5;3;-5;-3;0;2;-2
7588;Mannen en vrouwen;Gabon;Totaal in gezinsverband;2008;3;8;4;-5;-1;0;4;-4
7589;Mannen en vrouwen;Gabon;Totaal in gezinsverband;2009;3;4;4;-1;-1;0;0;0
7590;Mannen en vrouwen;Gabon;Personen in echtpaar;1995;0;1;1;-1;-1;0;0;0
7591;Mannen en vrouwen;Gabon;Personen in echtpaar;1996;0;1;1;-1;-1;0;0;0
7592;Mannen en vrouwen;Gabon;Personen in echtpaar;1997;1;3;3;-2;-2;0;0;0
7593;Mannen en vrouwen;Gabon;Personen in echtpaar;1998;2;0;0;2;2;0;0;0
7594;Mannen en vrouwen;Gabon;Personen in echtpaar;1999;4;6;6;-2;-2;0;0;0
7595;Mannen en vrouwen;Gabon;Personen in echtpaar;2000;0;5;5;-5;-5;0;0;0
7596;Mannen en vrouwen;Gabon;Personen in echtpaar;2001;2;1;1;1;1;0;0;0
7597;Mannen en vrouwen;Gabon;Personen in echtpaar;2002;7;6;6;1;1;0;0;0
7598;Mannen en vrouwen;Gabon;Personen in echtpaar;2003;0;3;0;-3;0;0;3;-3
7599;Mannen en vrouwen;Gabon;Personen in echtpaar;2004;4;6;0;-2;4;0;6;-6
7600;Mannen en vrouwen;Gabon;Personen in echtpaar;2005;1;1;0;0;1;0;1;-1
7601;Mannen en vrouwen;Gabon;Personen in echtpaar;2006;0;7;7;-7;-7;0;0;0
7602;Mannen en vrouwen;Gabon;Personen in echtpaar;2007;0;3;3;-3;-3;0;0;0
7603;Mannen en vrouwen;Gabon;Personen in echtpaar;2008;2;8;4;-6;-2;0;4;-4
7604;Mannen en vrouwen;Gabon;Personen in echtpaar;2009;1;4;4;-3;-3;0;0;0
7605;Mannen en vrouwen;Gabon;Personen in eenoudergezin met vader;1995;0;0;0;0;0;0;0;0
7606;Mannen en vrouwen;Gabon;Personen in eenoudergezin met vader;1996;0;0;0;0;0;0;0;0
7607;Mannen en vrouwen;Gabon;Personen in eenoudergezin met vader;1997;0;0;0;0;0;0;0;0
7608;Mannen en vrouwen;Gabon;Personen in eenoudergezin met vader;1998;0;0;0;0;0;0;0;0
7609;Mannen en vrouwen;Gabon;Personen in eenoudergezin met vader;1999;0;0;0;0;0;0;0;0
7610;Mannen en vrouwen;Gabon;Personen in eenoudergezin met vader;2000;0;0;0;0;0;0;0;0
7611;Mannen en vrouwen;Gabon;Personen in eenoudergezin met vader;2001;0;0;0;0;0;0;0;0
7612;Mannen en vrouwen;Gabon;Personen in eenoudergezin met vader;2002;0;0;0;0;0;0;0;0
7613;Mannen en vrouwen;Gabon;Personen in eenoudergezin met vader;2003;0;0;0;0;0;0;0;0
7614;Mannen en vrouwen;Gabon;Personen in eenoudergezin met vader;2004;0;0;0;0;0;0;0;0
7615;Mannen en vrouwen;Gabon;Personen in eenoudergezin met vader;2005;0;0;0;0;0;0;0;0
7616;Mannen en vrouwen;Gabon;Personen in eenoudergezin met vader;2006;0;0;0;0;0;0;0;0
7617;Mannen en vrouwen;Gabon;Personen in eenoudergezin met vader;2007;0;0;0;0;0;0;0;0
7618;Mannen en vrouwen;Gabon;Personen in eenoudergezin met vader;2008;1;0;0;1;1;0;0;0
7619;Mannen en vrouwen;Gabon;Personen in eenoudergezin met vader;2009;0;0;0;0;0;0;0;0
7620;Mannen en vrouwen;Gabon;Personen in eenoudergezin met moeder;1995;0;0;0;0;0;0;0;0
7621;Mannen en vrouwen;Gabon;Personen in eenoudergezin met moeder;1996;5;0;0;5;5;0;0;0
7622;Mannen en vrouwen;Gabon;Personen in eenoudergezin met moeder;1997;0;0;0;0;0;0;0;0
7623;Mannen en vrouwen;Gabon;Personen in eenoudergezin met moeder;1998;0;0;0;0;0;0;0;0
7624;Mannen en vrouwen;Gabon;Personen in eenoudergezin met moeder;1999;0;0;0;0;0;0;0;0
7625;Mannen en vrouwen;Gabon;Personen in eenoudergezin met moeder;2000;0;3;3;-3;-3;0;0;0
7626;Mannen en vrouwen;Gabon;Personen in eenoudergezin met moeder;2001;1;0;0;1;1;0;0;0
7627;Mannen en vrouwen;Gabon;Personen in eenoudergezin met moeder;2002;7;0;0;7;7;0;0;0
7628;Mannen en vrouwen;Gabon;Personen in eenoudergezin met moeder;2003;0;0;0;0;0;0;0;0
7629;Mannen en vrouwen;Gabon;Personen in eenoudergezin met moeder;2004;1;0;0;1;1;0;0;0
7630;Mannen en vrouwen;Gabon;Personen in eenoudergezin met moeder;2005;0;3;1;-3;-1;0;2;-2
7631;Mannen en vrouwen;Gabon;Personen in eenoudergezin met moeder;2006;0;0;0;0;0;0;0;0
7632;Mannen en vrouwen;Gabon;Personen in eenoudergezin met moeder;2007;0;2;0;-2;0;0;2;-2
7633;Mannen en vrouwen;Gabon;Personen in eenoudergezin met moeder;2008;0;0;0;0;0;0;0;0
7634;Mannen en vrouwen;Gabon;Personen in eenoudergezin met moeder;2009;1;0;0;1;1;0;0;0
7635;Mannen en vrouwen;Gabon;Personen in samenwonend paar met kin...;1995;0;0;0;0;0;0;0;0
7636;Mannen en vrouwen;Gabon;Personen in samenwonend paar met kin...;1996;0;0;0;0;0;0;0;0
7637;Mannen en vrouwen;Gabon;Personen in samenwonend paar met kin...;1997;0;0;0;0;0;0;0;0
7638;Mannen en vrouwen;Gabon;Personen in samenwonend paar met kin...;1998;4;0;0;4;4;0;0;0
7639;Mannen en vrouwen;Gabon;Personen in samenwonend paar met kin...;1999;0;0;0;0;0;0;0;0
7640;Mannen en vrouwen;Gabon;Personen in samenwonend paar met kin...;2000;0;0;0;0;0;0;0;0
7641;Mannen en vrouwen;Gabon;Personen in samenwonend paar met kin...;2001;0;0;0;0;0;0;0;0
7642;Mannen en vrouwen;Gabon;Personen in samenwonend paar met kin...;2002;0;0;0;0;0;0;0;0
7643;Mannen en vrouwen;Gabon;Personen in samenwonend paar met kin...;2003;0;0;0;0;0;0;0;0
7644;Mannen en vrouwen;Gabon;Personen in samenwonend paar met kin...;2004;0;0;0;0;0;0;0;0
7645;Mannen en vrouwen;Gabon;Personen in samenwonend paar met kin...;2005;0;0;0;0;0;0;0;0
7646;Mannen en vrouwen;Gabon;Personen in samenwonend paar met kin...;2006;0;0;0;0;0;0;0;0
7647;Mannen en vrouwen;Gabon;Personen in samenwonend paar met kin...;2007;0;0;0;0;0;0;0;0
7648;Mannen en vrouwen;Gabon;Personen in samenwonend paar met kin...;2008;0;0;0;0;0;0;0;0
7649;Mannen en vrouwen;Gabon;Personen in samenwonend paar met kin...;2009;1;0;0;1;1;0;0;0
7650;Mannen en vrouwen;Gabon;Alleengaanden;1995;9;2;1;7;8;0;1;-1
7651;Mannen en vrouwen;Gabon;Alleengaanden;1996;4;1;0;3;4;0;1;-1
7652;Mannen en vrouwen;Gabon;Alleengaanden;1997;10;4;3;6;7;0;1;-1
7653;Mannen en vrouwen;Gabon;Alleengaanden;1998;6;6;0;0;6;0;6;-6
7654;Mannen en vrouwen;Gabon;Alleengaanden;1999;4;2;1;2;3;0;1;-1
7655;Mannen en vrouwen;Gabon;Alleengaanden;2000;3;0;0;3;3;0;0;0
7656;Mannen en vrouwen;Gabon;Alleengaanden;2001;4;3;1;1;3;0;2;-2
7657;Mannen en vrouwen;Gabon;Alleengaanden;2002;23;4;2;19;21;0;2;-2
7658;Mannen en vrouwen;Gabon;Alleengaanden;2003;9;5;2;4;7;0;3;-3
7659;Mannen en vrouwen;Gabon;Alleengaanden;2004;6;1;0;5;6;0;1;-1
7660;Mannen en vrouwen;Gabon;Alleengaanden;2005;9;2;1;7;8;0;1;-1
7661;Mannen en vrouwen;Gabon;Alleengaanden;2006;1;3;2;-2;-1;1;2;-1
7662;Mannen en vrouwen;Gabon;Alleengaanden;2007;5;4;2;1;3;0;2;-2
7663;Mannen en vrouwen;Gabon;Alleengaanden;2008;4;5;4;-1;0;3;4;-1
7664;Mannen en vrouwen;Gabon;Alleengaanden;2009;6;1;1;5;5;2;2;0
7665;Mannen en vrouwen;Gambia;Totaal personen;1995;10;10;2;0;8;3;11;-8
7666;Mannen en vrouwen;Gambia;Totaal personen;1996;32;11;4;21;28;2;9;-7
7667;Mannen en vrouwen;Gambia;Totaal personen;1997;33;12;6;21;27;4;10;-6
7668;Mannen en vrouwen;Gambia;Totaal personen;1998;44;17;10;27;34;3;10;-7
7669;Mannen en vrouwen;Gambia;Totaal personen;1999;39;10;5;29;34;2;7;-5
7670;Mannen en vrouwen;Gambia;Totaal personen;2000;50;8;1;42;49;4;11;-7
7671;Mannen en vrouwen;Gambia;Totaal personen;2001;49;13;6;36;43;2;9;-7
7672;Mannen en vrouwen;Gambia;Totaal personen;2002;55;17;14;38;41;9;12;-3
7673;Mannen en vrouwen;Gambia;Totaal personen;2003;49;12;4;37;45;5;13;-8
7674;Mannen en vrouwen;Gambia;Totaal personen;2004;44;21;3;23;41;2;20;-18
7675;Mannen en vrouwen;Gambia;Totaal personen;2005;51;10;3;41;48;5;12;-7
7676;Mannen en vrouwen;Gambia;Totaal personen;2006;33;28;10;5;23;3;21;-18
7677;Mannen en vrouwen;Gambia;Totaal personen;2007;27;18;14;9;13;8;12;-4
7678;Mannen en vrouwen;Gambia;Totaal personen;2008;61;29;9;32;52;5;25;-20
7679;Mannen en vrouwen;Gambia;Totaal personen;2009;54;20;7;34;47;7;20;-13
7680;Mannen en vrouwen;Gambia;Totaal in gezinsverband;1995;0;1;0;-1;0;0;1;-1
7681;Mannen en vrouwen;Gambia;Totaal in gezinsverband;1996;0;0;0;0;0;0;0;0
7682;Mannen en vrouwen;Gambia;Totaal in gezinsverband;1997;3;2;0;1;3;0;2;-2
7683;Mannen en vrouwen;Gambia;Totaal in gezinsverband;1998;4;4;4;0;0;0;0;0
7684;Mannen en vrouwen;Gambia;Totaal in gezinsverband;1999;8;1;0;7;8;0;1;-1
7685;Mannen en vrouwen;Gambia;Totaal in gezinsverband;2000;3;0;0;3;3;0;0;0
7686;Mannen en vrouwen;Gambia;Totaal in gezinsverband;2001;5;1;1;4;4;0;0;0
7687;Mannen en vrouwen;Gambia;Totaal in gezinsverband;2002;2;6;6;-4;-4;0;0;0
7688;Mannen en vrouwen;Gambia;Totaal in gezinsverband;2003;2;1;0;1;2;0;1;-1
7689;Mannen en vrouwen;Gambia;Totaal in gezinsverband;2004;4;2;1;2;3;0;1;-1
7690;Mannen en vrouwen;Gambia;Totaal in gezinsverband;2005;3;3;3;0;0;0;0;0
7691;Mannen en vrouwen;Gambia;Totaal in gezinsverband;2006;0;2;2;-2;-2;0;0;0
7692;Mannen en vrouwen;Gambia;Totaal in gezinsverband;2007;0;3;2;-3;-2;0;1;-1
7693;Mannen en vrouwen;Gambia;Totaal in gezinsverband;2008;5;7;5;-2;0;0;2;-2
7694;Mannen en vrouwen;Gambia;Totaal in gezinsverband;2009;9;1;1;8;8;2;2;0
7695;Mannen en vrouwen;Gambia;Personen in echtpaar;1995;0;1;0;-1;0;0;1;-1
7696;Mannen en vrouwen;Gambia;Personen in echtpaar;1996;0;0;0;0;0;0;0;0
7697;Mannen en vrouwen;Gambia;Personen in echtpaar;1997;0;0;0;0;0;0;0;0
7698;Mannen en vrouwen;Gambia;Personen in echtpaar;1998;0;1;1;-1;-1;0;0;0
7699;Mannen en vrouwen;Gambia;Personen in echtpaar;1999;0;0;0;0;0;0;0;0
7700;Mannen en vrouwen;Gambia;Personen in echtpaar;2000;0;0;0;0;0;0;0;0
7701;Mannen en vrouwen;Gambia;Personen in echtpaar;2001;0;0;0;0;0;0;0;0
7702;Mannen en vrouwen;Gambia;Personen in echtpaar;2002;0;2;2;-2;-2;0;0;0
7703;Mannen en vrouwen;Gambia;Personen in echtpaar;2003;0;0;0;0;0;0;0;0
7704;Mannen en vrouwen;Gambia;Personen in echtpaar;2004;1;1;1;0;0;0;0;0
7705;Mannen en vrouwen;Gambia;Personen in echtpaar;2005;0;2;2;-2;-2;0;0;0
7706;Mannen en vrouwen;Gambia;Personen in echtpaar;2006;0;1;1;-1;-1;0;0;0
7707;Mannen en vrouwen;Gambia;Personen in echtpaar;2007;0;2;2;-2;-2;0;0;0
7708;Mannen en vrouwen;Gambia;Personen in echtpaar;2008;1;7;5;-6;-4;0;2;-2
7709;Mannen en vrouwen;Gambia;Personen in echtpaar;2009;0;0;0;0;0;0;0;0
7710;Mannen en vrouwen;Gambia;Personen in eenoudergezin met vader;1995;0;0;0;0;0;0;0;0
7711;Mannen en vrouwen;Gambia;Personen in eenoudergezin met vader;1996;0;0;0;0;0;0;0;0
7712;Mannen en vrouwen;Gambia;Personen in eenoudergezin met vader;1997;0;2;0;-2;0;0;2;-2
7713;Mannen en vrouwen;Gambia;Personen in eenoudergezin met vader;1998;2;0;0;2;2;0;0;0
7714;Mannen en vrouwen;Gambia;Personen in eenoudergezin met vader;1999;1;0;0;1;1;0;0;0
7715;Mannen en vrouwen;Gambia;Personen in eenoudergezin met vader;2000;0;0;0;0;0;0;0;0
7716;Mannen en vrouwen;Gambia;Personen in eenoudergezin met vader;2001;0;0;0;0;0;0;0;0
7717;Mannen en vrouwen;Gambia;Personen in eenoudergezin met vader;2002;2;0;0;2;2;0;0;0
7718;Mannen en vrouwen;Gambia;Personen in eenoudergezin met vader;2003;0;0;0;0;0;0;0;0
7719;Mannen en vrouwen;Gambia;Personen in eenoudergezin met vader;2004;0;0;0;0;0;0;0;0
7720;Mannen en vrouwen;Gambia;Personen in eenoudergezin met vader;2005;0;1;1;-1;-1;0;0;0
7721;Mannen en vrouwen;Gambia;Personen in eenoudergezin met vader;2006;0;0;0;0;0;0;0;0
7722;Mannen en vrouwen;Gambia;Personen in eenoudergezin met vader;2007;0;0;0;0;0;0;0;0
7723;Mannen en vrouwen;Gambia;Personen in eenoudergezin met vader;2008;0;0;0;0;0;0;0;0
7724;Mannen en vrouwen;Gambia;Personen in eenoudergezin met vader;2009;0;0;0;0;0;1;1;0
7725;Mannen en vrouwen;Gambia;Personen in eenoudergezin met moeder;1995;0;0;0;0;0;0;0;0
7726;Mannen en vrouwen;Gambia;Personen in eenoudergezin met moeder;1996;0;0;0;0;0;0;0;0
7727;Mannen en vrouwen;Gambia;Personen in eenoudergezin met moeder;1997;3;0;0;3;3;0;0;0
7728;Mannen en vrouwen;Gambia;Personen in eenoudergezin met moeder;1998;2;0;0;2;2;0;0;0
7729;Mannen en vrouwen;Gambia;Personen in eenoudergezin met moeder;1999;7;1;0;6;7;0;1;-1
7730;Mannen en vrouwen;Gambia;Personen in eenoudergezin met moeder;2000;3;0;0;3;3;0;0;0
7731;Mannen en vrouwen;Gambia;Personen in eenoudergezin met moeder;2001;5;1;1;4;4;0;0;0
7732;Mannen en vrouwen;Gambia;Personen in eenoudergezin met moeder;2002;0;4;4;-4;-4;0;0;0
7733;Mannen en vrouwen;Gambia;Personen in eenoudergezin met moeder;2003;2;1;0;1;2;0;1;-1
7734;Mannen en vrouwen;Gambia;Personen in eenoudergezin met moeder;2004;3;1;0;2;3;0;1;-1
7735;Mannen en vrouwen;Gambia;Personen in eenoudergezin met moeder;2005;3;0;0;3;3;0;0;0
7736;Mannen en vrouwen;Gambia;Personen in eenoudergezin met moeder;2006;0;1;1;-1;-1;0;0;0
7737;Mannen en vrouwen;Gambia;Personen in eenoudergezin met moeder;2007;0;1;0;-1;0;0;1;-1
7738;Mannen en vrouwen;Gambia;Personen in eenoudergezin met moeder;2008;0;0;0;0;0;0;0;0
7739;Mannen en vrouwen;Gambia;Personen in eenoudergezin met moeder;2009;9;0;1;9;8;1;0;1
7740;Mannen en vrouwen;Gambia;Personen in samenwonend paar met kin...;1995;0;0;0;0;0;0;0;0
7741;Mannen en vrouwen;Gambia;Personen in samenwonend paar met kin...;1996;0;0;0;0;0;0;0;0
7742;Mannen en vrouwen;Gambia;Personen in samenwonend paar met kin...;1997;0;0;0;0;0;0;0;0
7743;Mannen en vrouwen;Gambia;Personen in samenwonend paar met kin...;1998;0;3;3;-3;-3;0;0;0
7744;Mannen en vrouwen;Gambia;Personen in samenwonend paar met kin...;1999;0;0;0;0;0;0;0;0
7745;Mannen en vrouwen;Gambia;Personen in samenwonend paar met kin...;2000;0;0;0;0;0;0;0;0
7746;Mannen en vrouwen;Gambia;Personen in samenwonend paar met kin...;2001;0;0;0;0;0;0;0;0
7747;Mannen en vrouwen;Gambia;Personen in samenwonend paar met kin...;2002;0;0;0;0;0;0;0;0
7748;Mannen en vrouwen;Gambia;Personen in samenwonend paar met kin...;2003;0;0;0;0;0;0;0;0
7749;Mannen en vrouwen;Gambia;Personen in samenwonend paar met kin...;2004;0;0;0;0;0;0;0;0
7750;Mannen en vrouwen;Gambia;Personen in samenwonend paar met kin...;2005;0;0;0;0;0;0;0;0
7751;Mannen en vrouwen;Gambia;Personen in samenwonend paar met kin...;2006;0;0;0;0;0;0;0;0
7752;Mannen en vrouwen;Gambia;Personen in samenwonend paar met kin...;2007;0;0;0;0;0;0;0;0
7753;Mannen en vrouwen;Gambia;Personen in samenwonend paar met kin...;2008;4;0;0;4;4;0;0;0
7754;Mannen en vrouwen;Gambia;Personen in samenwonend paar met kin...;2009;0;1;0;-1;0;0;1;-1
7755;Mannen en vrouwen;Gambia;Alleengaanden;1995;10;9;2;1;8;3;10;-7
7756;Mannen en vrouwen;Gambia;Alleengaanden;1996;32;11;4;21;28;2;9;-7
7757;Mannen en vrouwen;Gambia;Alleengaanden;1997;30;10;6;20;24;4;8;-4
7758;Mannen en vrouwen;Gambia;Alleengaanden;1998;40;13;6;27;34;3;10;-7
7759;Mannen en vrouwen;Gambia;Alleengaanden;1999;31;9;5;22;26;2;6;-4
7760;Mannen en vrouwen;Gambia;Alleengaanden;2000;47;8;1;39;46;4;11;-7
7761;Mannen en vrouwen;Gambia;Alleengaanden;2001;44;12;5;32;39;2;9;-7
7762;Mannen en vrouwen;Gambia;Alleengaanden;2002;53;11;8;42;45;9;12;-3
7763;Mannen en vrouwen;Gambia;Alleengaanden;2003;47;11;4;36;43;5;12;-7
7764;Mannen en vrouwen;Gambia;Alleengaanden;2004;40;19;2;21;38;2;19;-17
7765;Mannen en vrouwen;Gambia;Alleengaanden;2005;48;7;0;41;48;5;12;-7
7766;Mannen en vrouwen;Gambia;Alleengaanden;2006;33;26;8;7;25;3;21;-18
7767;Mannen en vrouwen;Gambia;Alleengaanden;2007;27;15;12;12;15;8;11;-3
7768;Mannen en vrouwen;Gambia;Alleengaanden;2008;56;22;4;34;52;5;23;-18
7769;Mannen en vrouwen;Gambia;Alleengaanden;2009;45;19;6;26;39;5;18;-13
7770;Mannen en vrouwen;Ghana;Totaal personen;1995;388;458;92;-70;296;129;495;-366
7771;Mannen en vrouwen;Ghana;Totaal personen;1996;685;525;97;160;588;169;597;-428
7772;Mannen en vrouwen;Ghana;Totaal personen;1997;715;301;105;414;610;168;364;-196
7773;Mannen en vrouwen;Ghana;Totaal personen;1998;711;269;101;442;610;124;292;-168
7774;Mannen en vrouwen;Ghana;Totaal personen;1999;501;250;99;251;402;108;259;-151
7775;Mannen en vrouwen;Ghana;Totaal personen;2000;536;209;89;327;447;91;211;-120
7776;Mannen en vrouwen;Ghana;Totaal personen;2001;529;245;118;284;411;97;224;-127
7777;Mannen en vrouwen;Ghana;Totaal personen;2002;533;208;77;325;456;92;223;-131
7778;Mannen en vrouwen;Ghana;Totaal personen;2003;628;320;114;308;514;92;298;-206
7779;Mannen en vrouwen;Ghana;Totaal personen;2004;449;385;161;64;288;108;332;-224
7780;Mannen en vrouwen;Ghana;Totaal personen;2005;882;592;214;290;668;83;461;-378
7781;Mannen en vrouwen;Ghana;Totaal personen;2006;690;813;312;-123;378;137;638;-501
7782;Mannen en vrouwen;Ghana;Totaal personen;2007;508;692;346;-184;162;140;486;-346
7783;Mannen en vrouwen;Ghana;Totaal personen;2008;802;529;260;273;542;204;473;-269
7784;Mannen en vrouwen;Ghana;Totaal personen;2009;1287;412;237;875;1050;227;402;-175
7785;Mannen en vrouwen;Ghana;Totaal in gezinsverband;1995;13;59;16;-46;-3;9;52;-43
7786;Mannen en vrouwen;Ghana;Totaal in gezinsverband;1996;14;60;12;-46;2;12;60;-48
7787;Mannen en vrouwen;Ghana;Totaal in gezinsverband;1997;13;46;20;-33;-7;9;35;-26
7788;Mannen en vrouwen;Ghana;Totaal in gezinsverband;1998;31;31;19;0;12;3;15;-12
7789;Mannen en vrouwen;Ghana;Totaal in gezinsverband;1999;27;38;23;-11;4;8;23;-15
7790;Mannen en vrouwen;Ghana;Totaal in gezinsverband;2000;32;34;9;-2;23;3;28;-25
7791;Mannen en vrouwen;Ghana;Totaal in gezinsverband;2001;27;21;16;6;11;6;11;-5
7792;Mannen en vrouwen;Ghana;Totaal in gezinsverband;2002;20;29;11;-9;9;2;20;-18
7793;Mannen en vrouwen;Ghana;Totaal in gezinsverband;2003;30;29;20;1;10;2;11;-9
7794;Mannen en vrouwen;Ghana;Totaal in gezinsverband;2004;44;61;45;-17;-1;2;18;-16
7795;Mannen en vrouwen;Ghana;Totaal in gezinsverband;2005;65;107;60;-42;5;1;48;-47
7796;Mannen en vrouwen;Ghana;Totaal in gezinsverband;2006;77;159;83;-82;-6;8;84;-76
7797;Mannen en vrouwen;Ghana;Totaal in gezinsverband;2007;43;142;85;-99;-42;8;65;-57
7798;Mannen en vrouwen;Ghana;Totaal in gezinsverband;2008;66;98;61;-32;5;16;53;-37
7799;Mannen en vrouwen;Ghana;Totaal in gezinsverband;2009;79;80;48;-1;31;13;45;-32
7800;Mannen en vrouwen;Ghana;Personen in echtpaar;1995;6;31;10;-25;-4;6;27;-21
7801;Mannen en vrouwen;Ghana;Personen in echtpaar;1996;5;36;7;-31;-2;3;32;-29
7802;Mannen en vrouwen;Ghana;Personen in echtpaar;1997;3;12;5;-9;-2;2;9;-7
7803;Mannen en vrouwen;Ghana;Personen in echtpaar;1998;3;11;9;-8;-6;0;2;-2
7804;Mannen en vrouwen;Ghana;Personen in echtpaar;1999;1;12;14;-11;-13;3;1;2
7805;Mannen en vrouwen;Ghana;Personen in echtpaar;2000;9;8;4;1;5;0;4;-4
7806;Mannen en vrouwen;Ghana;Personen in echtpaar;2001;1;6;5;-5;-4;2;3;-1
7807;Mannen en vrouwen;Ghana;Personen in echtpaar;2002;3;9;6;-6;-3;2;5;-3
7808;Mannen en vrouwen;Ghana;Personen in echtpaar;2003;0;9;8;-9;-8;0;1;-1
7809;Mannen en vrouwen;Ghana;Personen in echtpaar;2004;2;13;12;-11;-10;0;1;-1
7810;Mannen en vrouwen;Ghana;Personen in echtpaar;2005;4;27;14;-23;-10;0;13;-13
7811;Mannen en vrouwen;Ghana;Personen in echtpaar;2006;3;34;18;-31;-15;0;16;-16
7812;Mannen en vrouwen;Ghana;Personen in echtpaar;2007;6;22;13;-16;-7;0;9;-9
7813;Mannen en vrouwen;Ghana;Personen in echtpaar;2008;3;24;17;-21;-14;1;8;-7
7814;Mannen en vrouwen;Ghana;Personen in echtpaar;2009;8;22;15;-14;-7;2;9;-7
7815;Mannen en vrouwen;Ghana;Personen in eenoudergezin met vader;1995;0;0;0;0;0;0;0;0
7816;Mannen en vrouwen;Ghana;Personen in eenoudergezin met vader;1996;1;6;0;-5;1;0;6;-6
7817;Mannen en vrouwen;Ghana;Personen in eenoudergezin met vader;1997;0;3;0;-3;0;0;3;-3
7818;Mannen en vrouwen;Ghana;Personen in eenoudergezin met vader;1998;0;0;0;0;0;0;0;0
7819;Mannen en vrouwen;Ghana;Personen in eenoudergezin met vader;1999;0;3;1;-3;-1;0;2;-2
7820;Mannen en vrouwen;Ghana;Personen in eenoudergezin met vader;2000;0;1;0;-1;0;1;2;-1
7821;Mannen en vrouwen;Ghana;Personen in eenoudergezin met vader;2001;1;3;1;-2;0;0;2;-2
7822;Mannen en vrouwen;Ghana;Personen in eenoudergezin met vader;2002;1;0;0;1;1;0;0;0
7823;Mannen en vrouwen;Ghana;Personen in eenoudergezin met vader;2003;0;1;1;-1;-1;0;0;0
7824;Mannen en vrouwen;Ghana;Personen in eenoudergezin met vader;2004;0;3;3;-3;-3;0;0;0
7825;Mannen en vrouwen;Ghana;Personen in eenoudergezin met vader;2005;3;4;1;-1;2;0;3;-3
7826;Mannen en vrouwen;Ghana;Personen in eenoudergezin met vader;2006;3;12;0;-9;3;2;14;-12
7827;Mannen en vrouwen;Ghana;Personen in eenoudergezin met vader;2007;4;13;2;-9;2;0;11;-11
7828;Mannen en vrouwen;Ghana;Personen in eenoudergezin met vader;2008;0;10;3;-10;-3;1;8;-7
7829;Mannen en vrouwen;Ghana;Personen in eenoudergezin met vader;2009;5;5;4;0;1;1;2;-1
7830;Mannen en vrouwen;Ghana;Personen in eenoudergezin met moeder;1995;2;28;6;-26;-4;3;25;-22
7831;Mannen en vrouwen;Ghana;Personen in eenoudergezin met moeder;1996;6;18;5;-12;1;9;22;-13
7832;Mannen en vrouwen;Ghana;Personen in eenoudergezin met moeder;1997;10;28;14;-18;-4;7;21;-14
7833;Mannen en vrouwen;Ghana;Personen in eenoudergezin met moeder;1998;28;18;10;10;18;3;11;-8
7834;Mannen en vrouwen;Ghana;Personen in eenoudergezin met moeder;1999;26;23;8;3;18;5;20;-15
7835;Mannen en vrouwen;Ghana;Personen in eenoudergezin met moeder;2000;22;25;5;-3;17;0;20;-20
7836;Mannen en vrouwen;Ghana;Personen in eenoudergezin met moeder;2001;25;11;10;14;15;4;5;-1
7837;Mannen en vrouwen;Ghana;Personen in eenoudergezin met moeder;2002;16;17;5;-1;11;0;12;-12
7838;Mannen en vrouwen;Ghana;Personen in eenoudergezin met moeder;2003;30;19;11;11;19;2;10;-8
7839;Mannen en vrouwen;Ghana;Personen in eenoudergezin met moeder;2004;41;45;30;-4;11;2;17;-15
7840;Mannen en vrouwen;Ghana;Personen in eenoudergezin met moeder;2005;58;66;43;-8;15;1;24;-23
7841;Mannen en vrouwen;Ghana;Personen in eenoudergezin met moeder;2006;70;111;65;-41;5;6;52;-46
7842;Mannen en vrouwen;Ghana;Personen in eenoudergezin met moeder;2007;32;102;68;-70;-36;8;42;-34
7843;Mannen en vrouwen;Ghana;Personen in eenoudergezin met moeder;2008;61;58;37;3;24;14;35;-21
7844;Mannen en vrouwen;Ghana;Personen in eenoudergezin met moeder;2009;66;48;27;18;39;10;31;-21
7845;Mannen en vrouwen;Ghana;Personen in samenwonend paar met kin...;1995;5;0;0;5;5;0;0;0
7846;Mannen en vrouwen;Ghana;Personen in samenwonend paar met kin...;1996;2;0;0;2;2;0;0;0
7847;Mannen en vrouwen;Ghana;Personen in samenwonend paar met kin...;1997;0;3;1;-3;-1;0;2;-2
7848;Mannen en vrouwen;Ghana;Personen in samenwonend paar met kin...;1998;0;2;0;-2;0;0;2;-2
7849;Mannen en vrouwen;Ghana;Personen in samenwonend paar met kin...;1999;0;0;0;0;0;0;0;0
7850;Mannen en vrouwen;Ghana;Personen in samenwonend paar met kin...;2000;1;0;0;1;1;2;2;0
7851;Mannen en vrouwen;Ghana;Personen in samenwonend paar met kin...;2001;0;1;0;-1;0;0;1;-1
7852;Mannen en vrouwen;Ghana;Personen in samenwonend paar met kin...;2002;0;3;0;-3;0;0;3;-3
7853;Mannen en vrouwen;Ghana;Personen in samenwonend paar met kin...;2003;0;0;0;0;0;0;0;0
7854;Mannen en vrouwen;Ghana;Personen in samenwonend paar met kin...;2004;1;0;0;1;1;0;0;0
7855;Mannen en vrouwen;Ghana;Personen in samenwonend paar met kin...;2005;0;10;2;-10;-2;0;8;-8
7856;Mannen en vrouwen;Ghana;Personen in samenwonend paar met kin...;2006;1;2;0;-1;1;0;2;-2
7857;Mannen en vrouwen;Ghana;Personen in samenwonend paar met kin...;2007;1;5;2;-4;-1;0;3;-3
7858;Mannen en vrouwen;Ghana;Personen in samenwonend paar met kin...;2008;2;6;4;-4;-2;0;2;-2
7859;Mannen en vrouwen;Ghana;Personen in samenwonend paar met kin...;2009;0;5;2;-5;-2;0;3;-3
7860;Mannen en vrouwen;Ghana;Alleengaanden;1995;375;399;76;-24;299;120;443;-323
7861;Mannen en vrouwen;Ghana;Alleengaanden;1996;671;465;85;206;586;157;537;-380
7862;Mannen en vrouwen;Ghana;Alleengaanden;1997;702;255;85;447;617;159;329;-170
7863;Mannen en vrouwen;Ghana;Alleengaanden;1998;680;238;82;442;598;121;277;-156
7864;Mannen en vrouwen;Ghana;Alleengaanden;1999;474;212;76;262;398;100;236;-136
7865;Mannen en vrouwen;Ghana;Alleengaanden;2000;504;175;80;329;424;88;183;-95
7866;Mannen en vrouwen;Ghana;Alleengaanden;2001;502;224;102;278;400;91;213;-122
7867;Mannen en vrouwen;Ghana;Alleengaanden;2002;513;179;66;334;447;90;203;-113
7868;Mannen en vrouwen;Ghana;Alleengaanden;2003;598;291;94;307;504;90;287;-197
7869;Mannen en vrouwen;Ghana;Alleengaanden;2004;405;324;116;81;289;106;314;-208
7870;Mannen en vrouwen;Ghana;Alleengaanden;2005;817;485;154;332;663;82;413;-331
7871;Mannen en vrouwen;Ghana;Alleengaanden;2006;613;654;229;-41;384;129;554;-425
7872;Mannen en vrouwen;Ghana;Alleengaanden;2007;465;550;261;-85;204;132;421;-289
7873;Mannen en vrouwen;Ghana;Alleengaanden;2008;736;431;199;305;537;188;420;-232
7874;Mannen en vrouwen;Ghana;Alleengaanden;2009;1208;332;189;876;1019;214;357;-143
7875;Mannen en vrouwen;Gibraltar;Totaal personen;1995;3;0;0;3;3;0;0;0
7876;Mannen en vrouwen;Gibraltar;Totaal personen;1996;0;4;1;-4;-1;0;3;-3
7877;Mannen en vrouwen;Gibraltar;Totaal personen;1997;1;0;0;1;1;0;0;0
7878;Mannen en vrouwen;Gibraltar;Totaal personen;1998;3;0;0;3;3;0;0;0
7879;Mannen en vrouwen;Gibraltar;Totaal personen;1999;1;0;0;1;1;0;0;0
7880;Mannen en vrouwen;Gibraltar;Totaal personen;2000;3;0;0;3;3;0;0;0
7881;Mannen en vrouwen;Gibraltar;Totaal personen;2001;3;3;3;0;0;0;0;0
7882;Mannen en vrouwen;Gibraltar;Totaal personen;2002;6;3;0;3;6;0;3;-3
7883;Mannen en vrouwen;Gibraltar;Totaal personen;2003;4;4;0;0;4;0;4;-4
7884;Mannen en vrouwen;Gibraltar;Totaal personen;2004;1;0;0;1;1;0;0;0
7885;Mannen en vrouwen;Gibraltar;Totaal personen;2005;1;3;3;-2;-2;0;0;0
7886;Mannen en vrouwen;Gibraltar;Totaal personen;2006;3;1;0;2;3;0;1;-1
7887;Mannen en vrouwen;Gibraltar;Totaal personen;2007;4;5;2;-1;2;0;3;-3
7888;Mannen en vrouwen;Gibraltar;Totaal personen;2008;0;2;2;-2;-2;0;0;0
7889;Mannen en vrouwen;Gibraltar;Totaal personen;2009;1;2;0;-1;1;0;2;-2
7890;Mannen en vrouwen;Gibraltar;Totaal in gezinsverband;1995;1;0;0;1;1;0;0;0
7891;Mannen en vrouwen;Gibraltar;Totaal in gezinsverband;1996;0;1;0;-1;0;0;1;-1
7892;Mannen en vrouwen;Gibraltar;Totaal in gezinsverband;1997;0;0;0;0;0;0;0;0
7893;Mannen en vrouwen;Gibraltar;Totaal in gezinsverband;1998;1;0;0;1;1;0;0;0
7894;Mannen en vrouwen;Gibraltar;Totaal in gezinsverband;1999;0;0;0;0;0;0;0;0
7895;Mannen en vrouwen;Gibraltar;Totaal in gezinsverband;2000;0;0;0;0;0;0;0;0
7896;Mannen en vrouwen;Gibraltar;Totaal in gezinsverband;2001;0;1;1;-1;-1;0;0;0
7897;Mannen en vrouwen;Gibraltar;Totaal in gezinsverband;2002;0;0;0;0;0;0;0;0
7898;Mannen en vrouwen;Gibraltar;Totaal in gezinsverband;2003;1;0;0;1;1;0;0;0
7899;Mannen en vrouwen;Gibraltar;Totaal in gezinsverband;2004;1;0;0;1;1;0;0;0
7900;Mannen en vrouwen;Gibraltar;Totaal in gezinsverband;2005;0;1;1;-1;-1;0;0;0
7901;Mannen en vrouwen;Gibraltar;Totaal in gezinsverband;2006;0;0;0;0;0;0;0;0
7902;Mannen en vrouwen;Gibraltar;Totaal in gezinsverband;2007;0;1;0;-1;0;0;1;-1
7903;Mannen en vrouwen;Gibraltar;Totaal in gezinsverband;2008;0;0;0;0;0;0;0;0
7904;Mannen en vrouwen;Gibraltar;Totaal in gezinsverband;2009;1;1;0;0;1;0;1;-1
7905;Mannen en vrouwen;Gibraltar;Personen in echtpaar;1995;1;0;0;1;1;0;0;0
7906;Mannen en vrouwen;Gibraltar;Personen in echtpaar;1996;0;0;0;0;0;0;0;0
7907;Mannen en vrouwen;Gibraltar;Personen in echtpaar;1997;0;0;0;0;0;0;0;0
7908;Mannen en vrouwen;Gibraltar;Personen in echtpaar;1998;0;0;0;0;0;0;0;0
7909;Mannen en vrouwen;Gibraltar;Personen in echtpaar;1999;0;0;0;0;0;0;0;0
7910;Mannen en vrouwen;Gibraltar;Personen in echtpaar;2000;0;0;0;0;0;0;0;0
7911;Mannen en vrouwen;Gibraltar;Personen in echtpaar;2001;0;1;1;-1;-1;0;0;0
7912;Mannen en vrouwen;Gibraltar;Personen in echtpaar;2002;0;0;0;0;0;0;0;0
7913;Mannen en vrouwen;Gibraltar;Personen in echtpaar;2003;0;0;0;0;0;0;0;0
7914;Mannen en vrouwen;Gibraltar;Personen in echtpaar;2004;1;0;0;1;1;0;0;0
7915;Mannen en vrouwen;Gibraltar;Personen in echtpaar;2005;0;1;1;-1;-1;0;0;0
7916;Mannen en vrouwen;Gibraltar;Personen in echtpaar;2006;0;0;0;0;0;0;0;0
7917;Mannen en vrouwen;Gibraltar;Personen in echtpaar;2007;0;0;0;0;0;0;0;0
7918;Mannen en vrouwen;Gibraltar;Personen in echtpaar;2008;0;0;0;0;0;0;0;0
7919;Mannen en vrouwen;Gibraltar;Personen in echtpaar;2009;0;1;0;-1;0;0;1;-1
7920;Mannen en vrouwen;Gibraltar;Personen in eenoudergezin met vader;1995;0;0;0;0;0;0;0;0
7921;Mannen en vrouwen;Gibraltar;Personen in eenoudergezin met vader;1996;0;1;0;-1;0;0;1;-1
7922;Mannen en vrouwen;Gibraltar;Personen in eenoudergezin met vader;1997;0;0;0;0;0;0;0;0
7923;Mannen en vrouwen;Gibraltar;Personen in eenoudergezin met vader;1998;0;0;0;0;0;0;0;0
7924;Mannen en vrouwen;Gibraltar;Personen in eenoudergezin met vader;1999;0;0;0;0;0;0;0;0
7925;Mannen en vrouwen;Gibraltar;Personen in eenoudergezin met vader;2000;0;0;0;0;0;0;0;0
7926;Mannen en vrouwen;Gibraltar;Personen in eenoudergezin met vader;2001;0;0;0;0;0;0;0;0
7927;Mannen en vrouwen;Gibraltar;Personen in eenoudergezin met vader;2002;0;0;0;0;0;0;0;0
7928;Mannen en vrouwen;Gibraltar;Personen in eenoudergezin met vader;2003;0;0;0;0;0;0;0;0
7929;Mannen en vrouwen;Gibraltar;Personen in eenoudergezin met vader;2004;0;0;0;0;0;0;0;0
7930;Mannen en vrouwen;Gibraltar;Personen in eenoudergezin met vader;2005;0;0;0;0;0;0;0;0
7931;Mannen en vrouwen;Gibraltar;Personen in eenoudergezin met vader;2006;0;0;0;0;0;0;0;0
7932;Mannen en vrouwen;Gibraltar;Personen in eenoudergezin met vader;2007;0;0;0;0;0;0;0;0
7933;Mannen en vrouwen;Gibraltar;Personen in eenoudergezin met vader;2008;0;0;0;0;0;0;0;0
7934;Mannen en vrouwen;Gibraltar;Personen in eenoudergezin met vader;2009;0;0;0;0;0;0;0;0
7935;Mannen en vrouwen;Gibraltar;Personen in eenoudergezin met moeder;1995;0;0;0;0;0;0;0;0
7936;Mannen en vrouwen;Gibraltar;Personen in eenoudergezin met moeder;1996;0;0;0;0;0;0;0;0
7937;Mannen en vrouwen;Gibraltar;Personen in eenoudergezin met moeder;1997;0;0;0;0;0;0;0;0
7938;Mannen en vrouwen;Gibraltar;Personen in eenoudergezin met moeder;1998;1;0;0;1;1;0;0;0
7939;Mannen en vrouwen;Gibraltar;Personen in eenoudergezin met moeder;1999;0;0;0;0;0;0;0;0
7940;Mannen en vrouwen;Gibraltar;Personen in eenoudergezin met moeder;2000;0;0;0;0;0;0;0;0
7941;Mannen en vrouwen;Gibraltar;Personen in eenoudergezin met moeder;2001;0;0;0;0;0;0;0;0
7942;Mannen en vrouwen;Gibraltar;Personen in eenoudergezin met moeder;2002;0;0;0;0;0;0;0;0
7943;Mannen en vrouwen;Gibraltar;Personen in eenoudergezin met moeder;2003;1;0;0;1;1;0;0;0
7944;Mannen en vrouwen;Gibraltar;Personen in eenoudergezin met moeder;2004;0;0;0;0;0;0;0;0
7945;Mannen en vrouwen;Gibraltar;Personen in eenoudergezin met moeder;2005;0;0;0;0;0;0;0;0
7946;Mannen en vrouwen;Gibraltar;Personen in eenoudergezin met moeder;2006;0;0;0;0;0;0;0;0
7947;Mannen en vrouwen;Gibraltar;Personen in eenoudergezin met moeder;2007;0;0;0;0;0;0;0;0
7948;Mannen en vrouwen;Gibraltar;Personen in eenoudergezin met moeder;2008;0;0;0;0;0;0;0;0
7949;Mannen en vrouwen;Gibraltar;Personen in eenoudergezin met moeder;2009;1;0;0;1;1;0;0;0
7950;Mannen en vrouwen;Gibraltar;Personen in samenwonend paar met kin...;1995;0;0;0;0;0;0;0;0
7951;Mannen en vrouwen;Gibraltar;Personen in samenwonend paar met kin...;1996;0;0;0;0;0;0;0;0
7952;Mannen en vrouwen;Gibraltar;Personen in samenwonend paar met kin...;1997;0;0;0;0;0;0;0;0
7953;Mannen en vrouwen;Gibraltar;Personen in samenwonend paar met kin...;1998;0;0;0;0;0;0;0;0
7954;Mannen en vrouwen;Gibraltar;Personen in samenwonend paar met kin...;1999;0;0;0;0;0;0;0;0
7955;Mannen en vrouwen;Gibraltar;Personen in samenwonend paar met kin...;2000;0;0;0;0;0;0;0;0
7956;Mannen en vrouwen;Gibraltar;Personen in samenwonend paar met kin...;2001;0;0;0;0;0;0;0;0
7957;Mannen en vrouwen;Gibraltar;Personen in samenwonend paar met kin...;2002;0;0;0;0;0;0;0;0
7958;Mannen en vrouwen;Gibraltar;Personen in samenwonend paar met kin...;2003;0;0;0;0;0;0;0;0
7959;Mannen en vrouwen;Gibraltar;Personen in samenwonend paar met kin...;2004;0;0;0;0;0;0;0;0
7960;Mannen en vrouwen;Gibraltar;Personen in samenwonend paar met kin...;2005;0;0;0;0;0;0;0;0
7961;Mannen en vrouwen;Gibraltar;Personen in samenwonend paar met kin...;2006;0;0;0;0;0;0;0;0
7962;Mannen en vrouwen;Gibraltar;Personen in samenwonend paar met kin...;2007;0;1;0;-1;0;0;1;-1
7963;Mannen en vrouwen;Gibraltar;Personen in samenwonend paar met kin...;2008;0;0;0;0;0;0;0;0
7964;Mannen en vrouwen;Gibraltar;Personen in samenwonend paar met kin...;2009;0;0;0;0;0;0;0;0
7965;Mannen en vrouwen;Gibraltar;Alleengaanden;1995;2;0;0;2;2;0;0;0
7966;Mannen en vrouwen;Gibraltar;Alleengaanden;1996;0;3;1;-3;-1;0;2;-2
7967;Mannen en vrouwen;Gibraltar;Alleengaanden;1997;1;0;0;1;1;0;0;0
7968;Mannen en vrouwen;Gibraltar;Alleengaanden;1998;2;0;0;2;2;0;0;0
7969;Mannen en vrouwen;Gibraltar;Alleengaanden;1999;1;0;0;1;1;0;0;0
7970;Mannen en vrouwen;Gibraltar;Alleengaanden;2000;3;0;0;3;3;0;0;0
7971;Mannen en vrouwen;Gibraltar;Alleengaanden;2001;3;2;2;1;1;0;0;0
7972;Mannen en vrouwen;Gibraltar;Alleengaanden;2002;6;3;0;3;6;0;3;-3
7973;Mannen en vrouwen;Gibraltar;Alleengaanden;2003;3;4;0;-1;3;0;4;-4
7974;Mannen en vrouwen;Gibraltar;Alleengaanden;2004;0;0;0;0;0;0;0;0
7975;Mannen en vrouwen;Gibraltar;Alleengaanden;2005;1;2;2;-1;-1;0;0;0
7976;Mannen en vrouwen;Gibraltar;Alleengaanden;2006;3;1;0;2;3;0;1;-1
7977;Mannen en vrouwen;Gibraltar;Alleengaanden;2007;4;4;2;0;2;0;2;-2
7978;Mannen en vrouwen;Gibraltar;Alleengaanden;2008;0;2;2;-2;-2;0;0;0
7979;Mannen en vrouwen;Gibraltar;Alleengaanden;2009;0;1;0;-1;0;0;1;-1
7980;Mannen en vrouwen;Grenada;Totaal personen;1995;2;3;1;-1;1;0;2;-2
7981;Mannen en vrouwen;Grenada;Totaal personen;1996;5;4;3;1;2;0;1;-1
7982;Mannen en vrouwen;Grenada;Totaal personen;1997;1;1;0;0;1;0;1;-1
7983;Mannen en vrouwen;Grenada;Totaal personen;1998;6;1;1;5;5;1;1;0
7984;Mannen en vrouwen;Grenada;Totaal personen;1999;2;3;2;-1;0;0;1;-1
7985;Mannen en vrouwen;Grenada;Totaal personen;2000;3;1;1;2;2;0;0;0
7986;Mannen en vrouwen;Grenada;Totaal personen;2001;5;1;0;4;5;1;2;-1
7987;Mannen en vrouwen;Grenada;Totaal personen;2002;3;3;3;0;0;1;1;0
7988;Mannen en vrouwen;Grenada;Totaal personen;2003;2;2;1;0;1;0;1;-1
7989;Mannen en vrouwen;Grenada;Totaal personen;2004;4;0;1;4;3;2;1;1
7990;Mannen en vrouwen;Grenada;Totaal personen;2005;2;1;1;1;1;0;0;0
7991;Mannen en vrouwen;Grenada;Totaal personen;2006;1;2;1;-1;0;0;1;-1
7992;Mannen en vrouwen;Grenada;Totaal personen;2007;3;4;4;-1;-1;0;0;0
7993;Mannen en vrouwen;Grenada;Totaal personen;2008;4;2;2;2;2;1;1;0
7994;Mannen en vrouwen;Grenada;Totaal personen;2009;2;-1;0;3;2;1;0;1
7995;Mannen en vrouwen;Grenada;Totaal in gezinsverband;1995;0;0;0;0;0;0;0;0
7996;Mannen en vrouwen;Grenada;Totaal in gezinsverband;1996;0;0;0;0;0;0;0;0
7997;Mannen en vrouwen;Grenada;Totaal in gezinsverband;1997;0;0;0;0;0;0;0;0
7998;Mannen en vrouwen;Grenada;Totaal in gezinsverband;1998;0;0;0;0;0;0;0;0
7999;Mannen en vrouwen;Grenada;Totaal in gezinsverband;1999;1;0;0;1;1;0;0;0
8000;Mannen en vrouwen;Grenada;Totaal in gezinsverband;2000;1;0;0;1;1;0;0;0
8001;Mannen en vrouwen;Grenada;Totaal in gezinsverband;2001;0;0;0;0;0;0;0;0
8002;Mannen en vrouwen;Grenada;Totaal in gezinsverband;2002;0;2;2;-2;-2;0;0;0
8003;Mannen en vrouwen;Grenada;Totaal in gezinsverband;2003;1;0;0;1;1;0;0;0
8004;Mannen en vrouwen;Grenada;Totaal in gezinsverband;2004;0;0;0;0;0;0;0;0
8005;Mannen en vrouwen;Grenada;Totaal in gezinsverband;2005;1;0;0;1;1;0;0;0
8006;Mannen en vrouwen;Grenada;Totaal in gezinsverband;2006;0;0;0;0;0;0;0;0
8007;Mannen en vrouwen;Grenada;Totaal in gezinsverband;2007;0;0;0;0;0;0;0;0
8008;Mannen en vrouwen;Grenada;Totaal in gezinsverband;2008;0;0;0;0;0;0;0;0
8009;Mannen en vrouwen;Grenada;Totaal in gezinsverband;2009;0;0;0;0;0;0;0;0
8010;Mannen en vrouwen;Grenada;Personen in echtpaar;1995;0;0;0;0;0;0;0;0
8011;Mannen en vrouwen;Grenada;Personen in echtpaar;1996;0;0;0;0;0;0;0;0
8012;Mannen en vrouwen;Grenada;Personen in echtpaar;1997;0;0;0;0;0;0;0;0
8013;Mannen en vrouwen;Grenada;Personen in echtpaar;1998;0;0;0;0;0;0;0;0
8014;Mannen en vrouwen;Grenada;Personen in echtpaar;1999;0;0;0;0;0;0;0;0
8015;Mannen en vrouwen;Grenada;Personen in echtpaar;2000;0;0;0;0;0;0;0;0
8016;Mannen en vrouwen;Grenada;Personen in echtpaar;2001;0;0;0;0;0;0;0;0
8017;Mannen en vrouwen;Grenada;Personen in echtpaar;2002;0;2;2;-2;-2;0;0;0
8018;Mannen en vrouwen;Grenada;Personen in echtpaar;2003;1;0;0;1;1;0;0;0
8019;Mannen en vrouwen;Grenada;Personen in echtpaar;2004;0;0;0;0;0;0;0;0
8020;Mannen en vrouwen;Grenada;Personen in echtpaar;2005;0;0;0;0;0;0;0;0
8021;Mannen en vrouwen;Grenada;Personen in echtpaar;2006;0;0;0;0;0;0;0;0
8022;Mannen en vrouwen;Grenada;Personen in echtpaar;2007;0;0;0;0;0;0;0;0
8023;Mannen en vrouwen;Grenada;Personen in echtpaar;2008;0;0;0;0;0;0;0;0
8024;Mannen en vrouwen;Grenada;Personen in echtpaar;2009;0;0;0;0;0;0;0;0
8025;Mannen en vrouwen;Grenada;Personen in eenoudergezin met vader;1995;0;0;0;0;0;0;0;0
8026;Mannen en vrouwen;Grenada;Personen in eenoudergezin met vader;1996;0;0;0;0;0;0;0;0
8027;Mannen en vrouwen;Grenada;Personen in eenoudergezin met vader;1997;0;0;0;0;0;0;0;0
8028;Mannen en vrouwen;Grenada;Personen in eenoudergezin met vader;1998;0;0;0;0;0;0;0;0
8029;Mannen en vrouwen;Grenada;Personen in eenoudergezin met vader;1999;1;0;0;1;1;0;0;0
8030;Mannen en vrouwen;Grenada;Personen in eenoudergezin met vader;2000;0;0;0;0;0;0;0;0
8031;Mannen en vrouwen;Grenada;Personen in eenoudergezin met vader;2001;0;0;0;0;0;0;0;0
8032;Mannen en vrouwen;Grenada;Personen in eenoudergezin met vader;2002;0;0;0;0;0;0;0;0
8033;Mannen en vrouwen;Grenada;Personen in eenoudergezin met vader;2003;0;0;0;0;0;0;0;0
8034;Mannen en vrouwen;Grenada;Personen in eenoudergezin met vader;2004;0;0;0;0;0;0;0;0
8035;Mannen en vrouwen;Grenada;Personen in eenoudergezin met vader;2005;0;0;0;0;0;0;0;0
8036;Mannen en vrouwen;Grenada;Personen in eenoudergezin met vader;2006;0;0;0;0;0;0;0;0
8037;Mannen en vrouwen;Grenada;Personen in eenoudergezin met vader;2007;0;0;0;0;0;0;0;0
8038;Mannen en vrouwen;Grenada;Personen in eenoudergezin met vader;2008;0;0;0;0;0;0;0;0
8039;Mannen en vrouwen;Grenada;Personen in eenoudergezin met vader;2009;0;0;0;0;0;0;0;0
8040;Mannen en vrouwen;Grenada;Personen in eenoudergezin met moeder;1995;0;0;0;0;0;0;0;0
8041;Mannen en vrouwen;Grenada;Personen in eenoudergezin met moeder;1996;0;0;0;0;0;0;0;0
8042;Mannen en vrouwen;Grenada;Personen in eenoudergezin met moeder;1997;0;0;0;0;0;0;0;0
8043;Mannen en vrouwen;Grenada;Personen in eenoudergezin met moeder;1998;0;0;0;0;0;0;0;0
8044;Mannen en vrouwen;Grenada;Personen in eenoudergezin met moeder;1999;0;0;0;0;0;0;0;0
8045;Mannen en vrouwen;Grenada;Personen in eenoudergezin met moeder;2000;1;0;0;1;1;0;0;0
8046;Mannen en vrouwen;Grenada;Personen in eenoudergezin met moeder;2001;0;0;0;0;0;0;0;0
8047;Mannen en vrouwen;Grenada;Personen in eenoudergezin met moeder;2002;0;0;0;0;0;0;0;0
8048;Mannen en vrouwen;Grenada;Personen in eenoudergezin met moeder;2003;0;0;0;0;0;0;0;0
8049;Mannen en vrouwen;Grenada;Personen in eenoudergezin met moeder;2004;0;0;0;0;0;0;0;0
8050;Mannen en vrouwen;Grenada;Personen in eenoudergezin met moeder;2005;1;0;0;1;1;0;0;0
8051;Mannen en vrouwen;Grenada;Personen in eenoudergezin met moeder;2006;0;0;0;0;0;0;0;0
8052;Mannen en vrouwen;Grenada;Personen in eenoudergezin met moeder;2007;0;0;0;0;0;0;0;0
8053;Mannen en vrouwen;Grenada;Personen in eenoudergezin met moeder;2008;0;0;0;0;0;0;0;0
8054;Mannen en vrouwen;Grenada;Personen in eenoudergezin met moeder;2009;0;0;0;0;0;0;0;0
8055;Mannen en vrouwen;Grenada;Personen in samenwonend paar met kin...;1995;0;0;0;0;0;0;0;0
8056;Mannen en vrouwen;Grenada;Personen in samenwonend paar met kin...;1996;0;0;0;0;0;0;0;0
8057;Mannen en vrouwen;Grenada;Personen in samenwonend paar met kin...;1997;0;0;0;0;0;0;0;0
8058;Mannen en vrouwen;Grenada;Personen in samenwonend paar met kin...;1998;0;0;0;0;0;0;0;0
8059;Mannen en vrouwen;Grenada;Personen in samenwonend paar met kin...;1999;0;0;0;0;0;0;0;0
8060;Mannen en vrouwen;Grenada;Personen in samenwonend paar met kin...;2000;0;0;0;0;0;0;0;0
8061;Mannen en vrouwen;Grenada;Personen in samenwonend paar met kin...;2001;0;0;0;0;0;0;0;0
8062;Mannen en vrouwen;Grenada;Personen in samenwonend paar met kin...;2002;0;0;0;0;0;0;0;0
8063;Mannen en vrouwen;Grenada;Personen in samenwonend paar met kin...;2003;0;0;0;0;0;0;0;0
8064;Mannen en vrouwen;Grenada;Personen in samenwonend paar met kin...;2004;0;0;0;0;0;0;0;0
8065;Mannen en vrouwen;Grenada;Personen in samenwonend paar met kin...;2005;0;0;0;0;0;0;0;0
8066;Mannen en vrouwen;Grenada;Personen in samenwonend paar met kin...;2006;0;0;0;0;0;0;0;0
8067;Mannen en vrouwen;Grenada;Personen in samenwonend paar met kin...;2007;0;0;0;0;0;0;0;0
8068;Mannen en vrouwen;Grenada;Personen in samenwonend paar met kin...;2008;0;0;0;0;0;0;0;0
8069;Mannen en vrouwen;Grenada;Personen in samenwonend paar met kin...;2009;0;0;0;0;0;0;0;0
8070;Mannen en vrouwen;Grenada;Alleengaanden;1995;2;3;1;-1;1;0;2;-2
8071;Mannen en vrouwen;Grenada;Alleengaanden;1996;5;4;3;1;2;0;1;-1
8072;Mannen en vrouwen;Grenada;Alleengaanden;1997;1;1;0;0;1;0;1;-1
8073;Mannen en vrouwen;Grenada;Alleengaanden;1998;6;1;1;5;5;1;1;0
8074;Mannen en vrouwen;Grenada;Alleengaanden;1999;1;3;2;-2;-1;0;1;-1
8075;Mannen en vrouwen;Grenada;Alleengaanden;2000;2;1;1;1;1;0;0;0
8076;Mannen en vrouwen;Grenada;Alleengaanden;2001;5;1;0;4;5;1;2;-1
8077;Mannen en vrouwen;Grenada;Alleengaanden;2002;3;1;1;2;2;1;1;0
8078;Mannen en vrouwen;Grenada;Alleengaanden;2003;1;2;1;-1;0;0;1;-1
8079;Mannen en vrouwen;Grenada;Alleengaanden;2004;4;0;1;4;3;2;1;1
8080;Mannen en vrouwen;Grenada;Alleengaanden;2005;1;1;1;0;0;0;0;0
8081;Mannen en vrouwen;Grenada;Alleengaanden;2006;1;2;1;-1;0;0;1;-1
8082;Mannen en vrouwen;Grenada;Alleengaanden;2007;3;4;4;-1;-1;0;0;0
8083;Mannen en vrouwen;Grenada;Alleengaanden;2008;4;2;2;2;2;1;1;0
8084;Mannen en vrouwen;Grenada;Alleengaanden;2009;2;-1;0;3;2;1;0;1
8085;Mannen en vrouwen;Griekenland;Totaal personen;1995;416;498;316;-82;100;19;201;-182
8086;Mannen en vrouwen;Griekenland;Totaal personen;1996;517;525;328;-8;189;22;219;-197
8087;Mannen en vrouwen;Griekenland;Totaal personen;1997;647;393;255;254;392;36;174;-138
8088;Mannen en vrouwen;Griekenland;Totaal personen;1998;652;503;354;149;298;22;171;-149
8089;Mannen en vrouwen;Griekenland;Totaal personen;1999;647;383;215;264;432;24;192;-168
8090;Mannen en vrouwen;Griekenland;Totaal personen;2000;674;409;227;265;447;36;218;-182
8091;Mannen en vrouwen;Griekenland;Totaal personen;2001;759;438;242;321;517;18;214;-196
8092;Mannen en vrouwen;Griekenland;Totaal personen;2002;775;531;270;244;505;35;296;-261
8093;Mannen en vrouwen;Griekenland;Totaal personen;2003;635;554;280;81;355;49;323;-274
8094;Mannen en vrouwen;Griekenland;Totaal personen;2004;670;621;284;49;386;59;396;-337
8095;Mannen en vrouwen;Griekenland;Totaal personen;2005;726;615;328;111;398;45;332;-287
8096;Mannen en vrouwen;Griekenland;Totaal personen;2006;842;740;315;102;527;56;481;-425
8097;Mannen en vrouwen;Griekenland;Totaal personen;2007;846;636;367;210;479;66;335;-269
8098;Mannen en vrouwen;Griekenland;Totaal personen;2008;1222;736;400;486;822;73;409;-336
8099;Mannen en vrouwen;Griekenland;Totaal personen;2009;1175;876;519;299;656;86;443;-357
8100;Mannen en vrouwen;Griekenland;Totaal in gezinsverband;1995;62;167;125;-105;-63;2;44;-42
8101;Mannen en vrouwen;Griekenland;Totaal in gezinsverband;1996;50;162;130;-112;-80;0;32;-32
8102;Mannen en vrouwen;Griekenland;Totaal in gezinsverband;1997;45;94;77;-49;-32;3;20;-17
8103;Mannen en vrouwen;Griekenland;Totaal in gezinsverband;1998;62;104;69;-42;-7;1;36;-35
8104;Mannen en vrouwen;Griekenland;Totaal in gezinsverband;1999;44;81;53;-37;-9;0;28;-28
8105;Mannen en vrouwen;Griekenland;Totaal in gezinsverband;2000;59;102;73;-43;-14;1;30;-29
8106;Mannen en vrouwen;Griekenland;Totaal in gezinsverband;2001;60;100;72;-40;-12;1;29;-28
8107;Mannen en vrouwen;Griekenland;Totaal in gezinsverband;2002;51;109;79;-58;-28;1;31;-30
8108;Mannen en vrouwen;Griekenland;Totaal in gezinsverband;2003;42;106;85;-64;-43;4;25;-21
8109;Mannen en vrouwen;Griekenland;Totaal in gezinsverband;2004;30;116;81;-86;-51;3;38;-35
8110;Mannen en vrouwen;Griekenland;Totaal in gezinsverband;2005;40;120;94;-80;-54;6;32;-26
8111;Mannen en vrouwen;Griekenland;Totaal in gezinsverband;2006;32;125;89;-93;-57;5;41;-36
8112;Mannen en vrouwen;Griekenland;Totaal in gezinsverband;2007;27;99;82;-72;-55;5;22;-17
8113;Mannen en vrouwen;Griekenland;Totaal in gezinsverband;2008;51;85;75;-34;-24;7;17;-10
8114;Mannen en vrouwen;Griekenland;Totaal in gezinsverband;2009;53;94;81;-41;-28;3;16;-13
8115;Mannen en vrouwen;Griekenland;Personen in echtpaar;1995;36;136;104;-100;-68;0;32;-32
8116;Mannen en vrouwen;Griekenland;Personen in echtpaar;1996;27;129;108;-102;-81;0;21;-21
8117;Mannen en vrouwen;Griekenland;Personen in echtpaar;1997;24;76;61;-52;-37;2;17;-15
8118;Mannen en vrouwen;Griekenland;Personen in echtpaar;1998;27;74;43;-47;-16;0;31;-31
8119;Mannen en vrouwen;Griekenland;Personen in echtpaar;1999;25;65;37;-40;-12;0;28;-28
8120;Mannen en vrouwen;Griekenland;Personen in echtpaar;2000;24;69;51;-45;-27;1;19;-18
8121;Mannen en vrouwen;Griekenland;Personen in echtpaar;2001;20;76;57;-56;-37;0;19;-19
8122;Mannen en vrouwen;Griekenland;Personen in echtpaar;2002;16;74;56;-58;-40;1;19;-18
8123;Mannen en vrouwen;Griekenland;Personen in echtpaar;2003;23;73;63;-50;-40;4;14;-10
8124;Mannen en vrouwen;Griekenland;Personen in echtpaar;2004;8;85;61;-77;-53;3;27;-24
8125;Mannen en vrouwen;Griekenland;Personen in echtpaar;2005;16;75;61;-59;-45;3;17;-14
8126;Mannen en vrouwen;Griekenland;Personen in echtpaar;2006;14;96;70;-82;-56;4;30;-26
8127;Mannen en vrouwen;Griekenland;Personen in echtpaar;2007;5;66;59;-61;-54;2;9;-7
8128;Mannen en vrouwen;Griekenland;Personen in echtpaar;2008;22;66;56;-44;-34;0;10;-10
8129;Mannen en vrouwen;Griekenland;Personen in echtpaar;2009;16;60;54;-44;-38;2;8;-6
8130;Mannen en vrouwen;Griekenland;Personen in eenoudergezin met vader;1995;1;4;3;-3;-2;0;1;-1
8131;Mannen en vrouwen;Griekenland;Personen in eenoudergezin met vader;1996;2;10;4;-8;-2;0;6;-6
8132;Mannen en vrouwen;Griekenland;Personen in eenoudergezin met vader;1997;3;2;2;1;1;0;0;0
8133;Mannen en vrouwen;Griekenland;Personen in eenoudergezin met vader;1998;0;3;3;-3;-3;0;0;0
8134;Mannen en vrouwen;Griekenland;Personen in eenoudergezin met vader;1999;1;1;1;0;0;0;0;0
8135;Mannen en vrouwen;Griekenland;Personen in eenoudergezin met vader;2000;5;10;6;-5;-1;0;4;-4
8136;Mannen en vrouwen;Griekenland;Personen in eenoudergezin met vader;2001;7;2;1;5;6;0;1;-1
8137;Mannen en vrouwen;Griekenland;Personen in eenoudergezin met vader;2002;8;6;5;2;3;0;1;-1
8138;Mannen en vrouwen;Griekenland;Personen in eenoudergezin met vader;2003;2;8;3;-6;-1;0;5;-5
8139;Mannen en vrouwen;Griekenland;Personen in eenoudergezin met vader;2004;0;8;4;-8;-4;0;4;-4
8140;Mannen en vrouwen;Griekenland;Personen in eenoudergezin met vader;2005;0;8;4;-8;-4;1;5;-4
8141;Mannen en vrouwen;Griekenland;Personen in eenoudergezin met vader;2006;2;2;2;0;0;0;0;0
8142;Mannen en vrouwen;Griekenland;Personen in eenoudergezin met vader;2007;0;2;2;-2;-2;0;0;0
8143;Mannen en vrouwen;Griekenland;Personen in eenoudergezin met vader;2008;13;4;3;9;10;1;2;-1
8144;Mannen en vrouwen;Griekenland;Personen in eenoudergezin met vader;2009;11;5;2;6;9;0;3;-3
8145;Mannen en vrouwen;Griekenland;Personen in eenoudergezin met moeder;1995;22;25;16;-3;6;2;11;-9
8146;Mannen en vrouwen;Griekenland;Personen in eenoudergezin met moeder;1996;17;23;18;-6;-1;0;5;-5
8147;Mannen en vrouwen;Griekenland;Personen in eenoudergezin met moeder;1997;14;16;14;-2;0;1;3;-2
8148;Mannen en vrouwen;Griekenland;Personen in eenoudergezin met moeder;1998;35;17;16;18;19;1;2;-1
8149;Mannen en vrouwen;Griekenland;Personen in eenoudergezin met moeder;1999;16;15;15;1;1;0;0;0
8150;Mannen en vrouwen;Griekenland;Personen in eenoudergezin met moeder;2000;30;20;13;10;17;0;7;-7
8151;Mannen en vrouwen;Griekenland;Personen in eenoudergezin met moeder;2001;27;22;14;5;13;1;9;-8
8152;Mannen en vrouwen;Griekenland;Personen in eenoudergezin met moeder;2002;22;12;10;10;12;0;2;-2
8153;Mannen en vrouwen;Griekenland;Personen in eenoudergezin met moeder;2003;17;23;18;-6;-1;0;5;-5
8154;Mannen en vrouwen;Griekenland;Personen in eenoudergezin met moeder;2004;21;22;16;-1;5;0;6;-6
8155;Mannen en vrouwen;Griekenland;Personen in eenoudergezin met moeder;2005;19;34;26;-15;-7;2;10;-8
8156;Mannen en vrouwen;Griekenland;Personen in eenoudergezin met moeder;2006;8;25;16;-17;-8;1;10;-9
8157;Mannen en vrouwen;Griekenland;Personen in eenoudergezin met moeder;2007;18;21;14;-3;4;0;7;-7
8158;Mannen en vrouwen;Griekenland;Personen in eenoudergezin met moeder;2008;14;17;15;-3;-1;2;4;-2
8159;Mannen en vrouwen;Griekenland;Personen in eenoudergezin met moeder;2009;16;25;21;-9;-5;1;5;-4
8160;Mannen en vrouwen;Griekenland;Personen in samenwonend paar met kin...;1995;3;2;2;1;1;0;0;0
8161;Mannen en vrouwen;Griekenland;Personen in samenwonend paar met kin...;1996;4;0;0;4;4;0;0;0
8162;Mannen en vrouwen;Griekenland;Personen in samenwonend paar met kin...;1997;4;0;0;4;4;0;0;0
8163;Mannen en vrouwen;Griekenland;Personen in samenwonend paar met kin...;1998;0;10;7;-10;-7;0;3;-3
8164;Mannen en vrouwen;Griekenland;Personen in samenwonend paar met kin...;1999;2;0;0;2;2;0;0;0
8165;Mannen en vrouwen;Griekenland;Personen in samenwonend paar met kin...;2000;0;3;3;-3;-3;0;0;0
8166;Mannen en vrouwen;Griekenland;Personen in samenwonend paar met kin...;2001;6;0;0;6;6;0;0;0
8167;Mannen en vrouwen;Griekenland;Personen in samenwonend paar met kin...;2002;5;17;8;-12;-3;0;9;-9
8168;Mannen en vrouwen;Griekenland;Personen in samenwonend paar met kin...;2003;0;2;1;-2;-1;0;1;-1
8169;Mannen en vrouwen;Griekenland;Personen in samenwonend paar met kin...;2004;1;1;0;0;1;0;1;-1
8170;Mannen en vrouwen;Griekenland;Personen in samenwonend paar met kin...;2005;5;3;3;2;2;0;0;0
8171;Mannen en vrouwen;Griekenland;Personen in samenwonend paar met kin...;2006;8;2;1;6;7;0;1;-1
8172;Mannen en vrouwen;Griekenland;Personen in samenwonend paar met kin...;2007;4;10;7;-6;-3;3;6;-3
8173;Mannen en vrouwen;Griekenland;Personen in samenwonend paar met kin...;2008;2;-2;1;4;1;4;1;3
8174;Mannen en vrouwen;Griekenland;Personen in samenwonend paar met kin...;2009;10;4;4;6;6;0;0;0
8175;Mannen en vrouwen;Griekenland;Alleengaanden;1995;354;331;191;23;163;17;157;-140
8176;Mannen en vrouwen;Griekenland;Alleengaanden;1996;467;363;198;104;269;22;187;-165
8177;Mannen en vrouwen;Griekenland;Alleengaanden;1997;602;299;178;303;424;33;154;-121
8178;Mannen en vrouwen;Griekenland;Alleengaanden;1998;590;399;285;191;305;21;135;-114
8179;Mannen en vrouwen;Griekenland;Alleengaanden;1999;603;302;162;301;441;24;164;-140
8180;Mannen en vrouwen;Griekenland;Alleengaanden;2000;615;307;154;308;461;35;188;-153
8181;Mannen en vrouwen;Griekenland;Alleengaanden;2001;699;338;170;361;529;17;185;-168
8182;Mannen en vrouwen;Griekenland;Alleengaanden;2002;724;422;191;302;533;34;265;-231
8183;Mannen en vrouwen;Griekenland;Alleengaanden;2003;593;448;195;145;398;45;298;-253
8184;Mannen en vrouwen;Griekenland;Alleengaanden;2004;640;505;203;135;437;56;358;-302
8185;Mannen en vrouwen;Griekenland;Alleengaanden;2005;686;495;234;191;452;39;300;-261
8186;Mannen en vrouwen;Griekenland;Alleengaanden;2006;810;615;226;195;584;51;440;-389
8187;Mannen en vrouwen;Griekenland;Alleengaanden;2007;819;537;285;282;534;61;313;-252
8188;Mannen en vrouwen;Griekenland;Alleengaanden;2008;1171;651;325;520;846;66;392;-326
8189;Mannen en vrouwen;Griekenland;Alleengaanden;2009;1122;782;438;340;684;83;427;-344
8190;Mannen en vrouwen;Groenland;Totaal personen;1995;1;3;2;-2;-1;0;1;-1
8191;Mannen en vrouwen;Groenland;Totaal personen;1996;2;2;1;0;1;0;1;-1
8192;Mannen en vrouwen;Groenland;Totaal personen;1997;1;2;2;-1;-1;0;0;0
8193;Mannen en vrouwen;Groenland;Totaal personen;1998;1;0;0;1;1;0;0;0
8194;Mannen en vrouwen;Groenland;Totaal personen;1999;0;3;3;-3;-3;0;0;0
8195;Mannen en vrouwen;Groenland;Totaal personen;2000;1;2;1;-1;0;0;1;-1
8196;Mannen en vrouwen;Groenland;Totaal personen;2001;1;2;1;-1;0;1;2;-1
8197;Mannen en vrouwen;Groenland;Totaal personen;2002;1;0;0;1;1;0;0;0
8198;Mannen en vrouwen;Groenland;Totaal personen;2003;0;0;0;0;0;0;0;0
8199;Mannen en vrouwen;Groenland;Totaal personen;2004;0;1;1;-1;-1;0;0;0
8200;Mannen en vrouwen;Groenland;Totaal personen;2005;0;1;1;-1;-1;0;0;0
8201;Mannen en vrouwen;Groenland;Totaal personen;2006;0;0;0;0;0;0;0;0
8202;Mannen en vrouwen;Groenland;Totaal personen;2007;0;1;0;-1;0;0;1;-1
8203;Mannen en vrouwen;Groenland;Totaal personen;2008;0;0;0;0;0;0;0;0
8204;Mannen en vrouwen;Groenland;Totaal personen;2009;4;1;0;3;4;0;1;-1
8205;Mannen en vrouwen;Groenland;Totaal in gezinsverband;1995;0;1;1;-1;-1;0;0;0
8206;Mannen en vrouwen;Groenland;Totaal in gezinsverband;1996;0;0;0;0;0;0;0;0
8207;Mannen en vrouwen;Groenland;Totaal in gezinsverband;1997;0;0;0;0;0;0;0;0
8208;Mannen en vrouwen;Groenland;Totaal in gezinsverband;1998;0;0;0;0;0;0;0;0
8209;Mannen en vrouwen;Groenland;Totaal in gezinsverband;1999;0;1;1;-1;-1;0;0;0
8210;Mannen en vrouwen;Groenland;Totaal in gezinsverband;2000;0;0;0;0;0;0;0;0
8211;Mannen en vrouwen;Groenland;Totaal in gezinsverband;2001;0;1;1;-1;-1;0;0;0
8212;Mannen en vrouwen;Groenland;Totaal in gezinsverband;2002;0;0;0;0;0;0;0;0
8213;Mannen en vrouwen;Groenland;Totaal in gezinsverband;2003;0;0;0;0;0;0;0;0
8214;Mannen en vrouwen;Groenland;Totaal in gezinsverband;2004;0;0;0;0;0;0;0;0
8215;Mannen en vrouwen;Groenland;Totaal in gezinsverband;2005;0;1;1;-1;-1;0;0;0
8216;Mannen en vrouwen;Groenland;Totaal in gezinsverband;2006;0;0;0;0;0;0;0;0
8217;Mannen en vrouwen;Groenland;Totaal in gezinsverband;2007;0;0;0;0;0;0;0;0
8218;Mannen en vrouwen;Groenland;Totaal in gezinsverband;2008;0;0;0;0;0;0;0;0
8219;Mannen en vrouwen;Groenland;Totaal in gezinsverband;2009;0;0;0;0;0;0;0;0
8220;Mannen en vrouwen;Groenland;Personen in echtpaar;1995;0;0;0;0;0;0;0;0
8221;Mannen en vrouwen;Groenland;Personen in echtpaar;1996;0;0;0;0;0;0;0;0
8222;Mannen en vrouwen;Groenland;Personen in echtpaar;1997;0;0;0;0;0;0;0;0
8223;Mannen en vrouwen;Groenland;Personen in echtpaar;1998;0;0;0;0;0;0;0;0
8224;Mannen en vrouwen;Groenland;Personen in echtpaar;1999;0;0;0;0;0;0;0;0
8225;Mannen en vrouwen;Groenland;Personen in echtpaar;2000;0;0;0;0;0;0;0;0
8226;Mannen en vrouwen;Groenland;Personen in echtpaar;2001;0;0;0;0;0;0;0;0
8227;Mannen en vrouwen;Groenland;Personen in echtpaar;2002;0;0;0;0;0;0;0;0
8228;Mannen en vrouwen;Groenland;Personen in echtpaar;2003;0;0;0;0;0;0;0;0
8229;Mannen en vrouwen;Groenland;Personen in echtpaar;2004;0;0;0;0;0;0;0;0
8230;Mannen en vrouwen;Groenland;Personen in echtpaar;2005;0;0;0;0;0;0;0;0
8231;Mannen en vrouwen;Groenland;Personen in echtpaar;2006;0;0;0;0;0;0;0;0
8232;Mannen en vrouwen;Groenland;Personen in echtpaar;2007;0;0;0;0;0;0;0;0
8233;Mannen en vrouwen;Groenland;Personen in echtpaar;2008;0;0;0;0;0;0;0;0
8234;Mannen en vrouwen;Groenland;Personen in echtpaar;2009;0;0;0;0;0;0;0;0
8235;Mannen en vrouwen;Groenland;Personen in eenoudergezin met vader;1995;0;0;0;0;0;0;0;0
8236;Mannen en vrouwen;Groenland;Personen in eenoudergezin met vader;1996;0;0;0;0;0;0;0;0
8237;Mannen en vrouwen;Groenland;Personen in eenoudergezin met vader;1997;0;0;0;0;0;0;0;0
8238;Mannen en vrouwen;Groenland;Personen in eenoudergezin met vader;1998;0;0;0;0;0;0;0;0
8239;Mannen en vrouwen;Groenland;Personen in eenoudergezin met vader;1999;0;0;0;0;0;0;0;0
8240;Mannen en vrouwen;Groenland;Personen in eenoudergezin met vader;2000;0;0;0;0;0;0;0;0
8241;Mannen en vrouwen;Groenland;Personen in eenoudergezin met vader;2001;0;0;0;0;0;0;0;0
8242;Mannen en vrouwen;Groenland;Personen in eenoudergezin met vader;2002;0;0;0;0;0;0;0;0
8243;Mannen en vrouwen;Groenland;Personen in eenoudergezin met vader;2003;0;0;0;0;0;0;0;0
8244;Mannen en vrouwen;Groenland;Personen in eenoudergezin met vader;2004;0;0;0;0;0;0;0;0
8245;Mannen en vrouwen;Groenland;Personen in eenoudergezin met vader;2005;0;0;0;0;0;0;0;0
8246;Mannen en vrouwen;Groenland;Personen in eenoudergezin met vader;2006;0;0;0;0;0;0;0;0
8247;Mannen en vrouwen;Groenland;Personen in eenoudergezin met vader;2007;0;0;0;0;0;0;0;0
8248;Mannen en vrouwen;Groenland;Personen in eenoudergezin met vader;2008;0;0;0;0;0;0;0;0
8249;Mannen en vrouwen;Groenland;Personen in eenoudergezin met vader;2009;0;0;0;0;0;0;0;0
8250;Mannen en vrouwen;Groenland;Personen in eenoudergezin met moeder;1995;0;1;1;-1;-1;0;0;0
8251;Mannen en vrouwen;Groenland;Personen in eenoudergezin met moeder;1996;0;0;0;0;0;0;0;0
8252;Mannen en vrouwen;Groenland;Personen in eenoudergezin met moeder;1997;0;0;0;0;0;0;0;0
8253;Mannen en vrouwen;Groenland;Personen in eenoudergezin met moeder;1998;0;0;0;0;0;0;0;0
8254;Mannen en vrouwen;Groenland;Personen in eenoudergezin met moeder;1999;0;1;1;-1;-1;0;0;0
8255;Mannen en vrouwen;Groenland;Personen in eenoudergezin met moeder;2000;0;0;0;0;0;0;0;0
8256;Mannen en vrouwen;Groenland;Personen in eenoudergezin met moeder;2001;0;1;1;-1;-1;0;0;0
8257;Mannen en vrouwen;Groenland;Personen in eenoudergezin met moeder;2002;0;0;0;0;0;0;0;0
8258;Mannen en vrouwen;Groenland;Personen in eenoudergezin met moeder;2003;0;0;0;0;0;0;0;0
8259;Mannen en vrouwen;Groenland;Personen in eenoudergezin met moeder;2004;0;0;0;0;0;0;0;0
8260;Mannen en vrouwen;Groenland;Personen in eenoudergezin met moeder;2005;0;0;0;0;0;0;0;0
8261;Mannen en vrouwen;Groenland;Personen in eenoudergezin met moeder;2006;0;0;0;0;0;0;0;0
8262;Mannen en vrouwen;Groenland;Personen in eenoudergezin met moeder;2007;0;0;0;0;0;0;0;0
8263;Mannen en vrouwen;Groenland;Personen in eenoudergezin met moeder;2008;0;0;0;0;0;0;0;0
8264;Mannen en vrouwen;Groenland;Personen in eenoudergezin met moeder;2009;0;0;0;0;0;0;0;0
8265;Mannen en vrouwen;Groenland;Personen in samenwonend paar met kin...;1995;0;0;0;0;0;0;0;0
8266;Mannen en vrouwen;Groenland;Personen in samenwonend paar met kin...;1996;0;0;0;0;0;0;0;0
8267;Mannen en vrouwen;Groenland;Personen in samenwonend paar met kin...;1997;0;0;0;0;0;0;0;0
8268;Mannen en vrouwen;Groenland;Personen in samenwonend paar met kin...;1998;0;0;0;0;0;0;0;0
8269;Mannen en vrouwen;Groenland;Personen in samenwonend paar met kin...;1999;0;0;0;0;0;0;0;0
8270;Mannen en vrouwen;Groenland;Personen in samenwonend paar met kin...;2000;0;0;0;0;0;0;0;0
8271;Mannen en vrouwen;Groenland;Personen in samenwonend paar met kin...;2001;0;0;0;0;0;0;0;0
8272;Mannen en vrouwen;Groenland;Personen in samenwonend paar met kin...;2002;0;0;0;0;0;0;0;0
8273;Mannen en vrouwen;Groenland;Personen in samenwonend paar met kin...;2003;0;0;0;0;0;0;0;0
8274;Mannen en vrouwen;Groenland;Personen in samenwonend paar met kin...;2004;0;0;0;0;0;0;0;0
8275;Mannen en vrouwen;Groenland;Personen in samenwonend paar met kin...;2005;0;1;1;-1;-1;0;0;0
8276;Mannen en vrouwen;Groenland;Personen in samenwonend paar met kin...;2006;0;0;0;0;0;0;0;0
8277;Mannen en vrouwen;Groenland;Personen in samenwonend paar met kin...;2007;0;0;0;0;0;0;0;0
8278;Mannen en vrouwen;Groenland;Personen in samenwonend paar met kin...;2008;0;0;0;0;0;0;0;0
8279;Mannen en vrouwen;Groenland;Personen in samenwonend paar met kin...;2009;0;0;0;0;0;0;0;0
8280;Mannen en vrouwen;Groenland;Alleengaanden;1995;1;2;1;-1;0;0;1;-1
8281;Mannen en vrouwen;Groenland;Alleengaanden;1996;2;2;1;0;1;0;1;-1
8282;Mannen en vrouwen;Groenland;Alleengaanden;1997;1;2;2;-1;-1;0;0;0
8283;Mannen en vrouwen;Groenland;Alleengaanden;1998;1;0;0;1;1;0;0;0
8284;Mannen en vrouwen;Groenland;Alleengaanden;1999;0;2;2;-2;-2;0;0;0
8285;Mannen en vrouwen;Groenland;Alleengaanden;2000;1;2;1;-1;0;0;1;-1
8286;Mannen en vrouwen;Groenland;Alleengaanden;2001;1;1;0;0;1;1;2;-1
8287;Mannen en vrouwen;Groenland;Alleengaanden;2002;1;0;0;1;1;0;0;0
8288;Mannen en vrouwen;Groenland;Alleengaanden;2003;0;0;0;0;0;0;0;0
8289;Mannen en vrouwen;Groenland;Alleengaanden;2004;0;1;1;-1;-1;0;0;0
8290;Mannen en vrouwen;Groenland;Alleengaanden;2005;0;0;0;0;0;0;0;0
8291;Mannen en vrouwen;Groenland;Alleengaanden;2006;0;0;0;0;0;0;0;0
8292;Mannen en vrouwen;Groenland;Alleengaanden;2007;0;1;0;-1;0;0;1;-1
8293;Mannen en vrouwen;Groenland;Alleengaanden;2008;0;0;0;0;0;0;0;0
8294;Mannen en vrouwen;Groenland;Alleengaanden;2009;4;1;0;3;4;0;1;-1
8295;Mannen en vrouwen;Guadeloupe;Totaal personen;1995;6;14;9;-8;-3;1;6;-5
8296;Mannen en vrouwen;Guadeloupe;Totaal personen;1996;9;17;9;-8;0;2;10;-8
8297;Mannen en vrouwen;Guadeloupe;Totaal personen;1997;12;6;3;6;9;1;4;-3
8298;Mannen en vrouwen;Guadeloupe;Totaal personen;1998;10;6;5;4;5;3;4;-1
8299;Mannen en vrouwen;Guadeloupe;Totaal personen;1999;15;10;7;5;8;5;8;-3
8300;Mannen en vrouwen;Guadeloupe;Totaal personen;2000;29;7;4;22;25;1;4;-3
8301;Mannen en vrouwen;Guadeloupe;Totaal personen;2001;11;9;6;2;5;5;8;-3
8302;Mannen en vrouwen;Guadeloupe;Totaal personen;2002;31;9;4;22;27;3;8;-5
8303;Mannen en vrouwen;Guadeloupe;Totaal personen;2003;25;20;15;5;10;3;8;-5
8304;Mannen en vrouwen;Guadeloupe;Totaal personen;2004;19;15;6;4;13;2;11;-9
8305;Mannen en vrouwen;Guadeloupe;Totaal personen;2005;9;16;10;-7;-1;4;10;-6
8306;Mannen en vrouwen;Guadeloupe;Totaal personen;2006;12;22;15;-10;-3;3;10;-7
8307;Mannen en vrouwen;Guadeloupe;Totaal personen;2007;13;20;11;-7;2;1;10;-9
8308;Mannen en vrouwen;Guadeloupe;Totaal personen;2008;12;9;4;3;8;4;9;-5
8309;Mannen en vrouwen;Guadeloupe;Totaal personen;2009;15;18;14;-3;1;3;7;-4
8310;Mannen en vrouwen;Guadeloupe;Totaal in gezinsverband;1995;0;1;2;-1;-2;1;0;1
8311;Mannen en vrouwen;Guadeloupe;Totaal in gezinsverband;1996;1;3;3;-2;-2;0;0;0
8312;Mannen en vrouwen;Guadeloupe;Totaal in gezinsverband;1997;3;1;1;2;2;0;0;0
8313;Mannen en vrouwen;Guadeloupe;Totaal in gezinsverband;1998;0;3;2;-3;-2;0;1;-1
8314;Mannen en vrouwen;Guadeloupe;Totaal in gezinsverband;1999;2;3;4;-1;-2;2;1;1
8315;Mannen en vrouwen;Guadeloupe;Totaal in gezinsverband;2000;3;2;2;1;1;0;0;0
8316;Mannen en vrouwen;Guadeloupe;Totaal in gezinsverband;2001;2;1;1;1;1;0;0;0
8317;Mannen en vrouwen;Guadeloupe;Totaal in gezinsverband;2002;3;1;0;2;3;0;1;-1
8318;Mannen en vrouwen;Guadeloupe;Totaal in gezinsverband;2003;6;8;5;-2;1;0;3;-3
8319;Mannen en vrouwen;Guadeloupe;Totaal in gezinsverband;2004;1;2;2;-1;-1;0;0;0
8320;Mannen en vrouwen;Guadeloupe;Totaal in gezinsverband;2005;1;5;3;-4;-2;0;2;-2
8321;Mannen en vrouwen;Guadeloupe;Totaal in gezinsverband;2006;1;10;9;-9;-8;1;2;-1
8322;Mannen en vrouwen;Guadeloupe;Totaal in gezinsverband;2007;1;5;3;-4;-2;0;2;-2
8323;Mannen en vrouwen;Guadeloupe;Totaal in gezinsverband;2008;0;3;0;-3;0;0;3;-3
8324;Mannen en vrouwen;Guadeloupe;Totaal in gezinsverband;2009;2;9;8;-7;-6;0;1;-1
8325;Mannen en vrouwen;Guadeloupe;Personen in echtpaar;1995;0;0;0;0;0;0;0;0
8326;Mannen en vrouwen;Guadeloupe;Personen in echtpaar;1996;0;0;0;0;0;0;0;0
8327;Mannen en vrouwen;Guadeloupe;Personen in echtpaar;1997;1;0;0;1;1;0;0;0
8328;Mannen en vrouwen;Guadeloupe;Personen in echtpaar;1998;0;0;0;0;0;0;0;0
8329;Mannen en vrouwen;Guadeloupe;Personen in echtpaar;1999;0;-1;0;1;0;1;0;1
8330;Mannen en vrouwen;Guadeloupe;Personen in echtpaar;2000;0;1;1;-1;-1;0;0;0
8331;Mannen en vrouwen;Guadeloupe;Personen in echtpaar;2001;0;0;0;0;0;0;0;0
8332;Mannen en vrouwen;Guadeloupe;Personen in echtpaar;2002;0;1;0;-1;0;0;1;-1
8333;Mannen en vrouwen;Guadeloupe;Personen in echtpaar;2003;0;2;2;-2;-2;0;0;0
8334;Mannen en vrouwen;Guadeloupe;Personen in echtpaar;2004;0;0;0;0;0;0;0;0
8335;Mannen en vrouwen;Guadeloupe;Personen in echtpaar;2005;0;1;1;-1;-1;0;0;0
8336;Mannen en vrouwen;Guadeloupe;Personen in echtpaar;2006;0;3;3;-3;-3;0;0;0
8337;Mannen en vrouwen;Guadeloupe;Personen in echtpaar;2007;0;0;0;0;0;0;0;0
8338;Mannen en vrouwen;Guadeloupe;Personen in echtpaar;2008;0;0;0;0;0;0;0;0
8339;Mannen en vrouwen;Guadeloupe;Personen in echtpaar;2009;0;2;1;-2;-1;0;1;-1
8340;Mannen en vrouwen;Guadeloupe;Personen in eenoudergezin met vader;1995;0;0;0;0;0;0;0;0
8341;Mannen en vrouwen;Guadeloupe;Personen in eenoudergezin met vader;1996;0;0;0;0;0;0;0;0
8342;Mannen en vrouwen;Guadeloupe;Personen in eenoudergezin met vader;1997;0;0;0;0;0;0;0;0
8343;Mannen en vrouwen;Guadeloupe;Personen in eenoudergezin met vader;1998;0;0;0;0;0;0;0;0
8344;Mannen en vrouwen;Guadeloupe;Personen in eenoudergezin met vader;1999;0;0;0;0;0;0;0;0
8345;Mannen en vrouwen;Guadeloupe;Personen in eenoudergezin met vader;2000;0;0;0;0;0;0;0;0
8346;Mannen en vrouwen;Guadeloupe;Personen in eenoudergezin met vader;2001;0;0;0;0;0;0;0;0
8347;Mannen en vrouwen;Guadeloupe;Personen in eenoudergezin met vader;2002;0;0;0;0;0;0;0;0
8348;Mannen en vrouwen;Guadeloupe;Personen in eenoudergezin met vader;2003;0;0;0;0;0;0;0;0
8349;Mannen en vrouwen;Guadeloupe;Personen in eenoudergezin met vader;2004;0;0;0;0;0;0;0;0
8350;Mannen en vrouwen;Guadeloupe;Personen in eenoudergezin met vader;2005;0;0;0;0;0;0;0;0
8351;Mannen en vrouwen;Guadeloupe;Personen in eenoudergezin met vader;2006;0;0;0;0;0;0;0;0
8352;Mannen en vrouwen;Guadeloupe;Personen in eenoudergezin met vader;2007;0;0;0;0;0;0;0;0
8353;Mannen en vrouwen;Guadeloupe;Personen in eenoudergezin met vader;2008;0;0;0;0;0;0;0;0
8354;Mannen en vrouwen;Guadeloupe;Personen in eenoudergezin met vader;2009;0;0;0;0;0;0;0;0
8355;Mannen en vrouwen;Guadeloupe;Personen in eenoudergezin met moeder;1995;0;1;2;-1;-2;1;0;1
8356;Mannen en vrouwen;Guadeloupe;Personen in eenoudergezin met moeder;1996;1;3;3;-2;-2;0;0;0
8357;Mannen en vrouwen;Guadeloupe;Personen in eenoudergezin met moeder;1997;2;1;1;1;1;0;0;0
8358;Mannen en vrouwen;Guadeloupe;Personen in eenoudergezin met moeder;1998;0;3;2;-3;-2;0;1;-1
8359;Mannen en vrouwen;Guadeloupe;Personen in eenoudergezin met moeder;1999;2;4;4;-2;-2;1;1;0
8360;Mannen en vrouwen;Guadeloupe;Personen in eenoudergezin met moeder;2000;3;1;1;2;2;0;0;0
8361;Mannen en vrouwen;Guadeloupe;Personen in eenoudergezin met moeder;2001;1;1;1;0;0;0;0;0
8362;Mannen en vrouwen;Guadeloupe;Personen in eenoudergezin met moeder;2002;3;0;0;3;3;0;0;0
8363;Mannen en vrouwen;Guadeloupe;Personen in eenoudergezin met moeder;2003;5;6;3;-1;2;0;3;-3
8364;Mannen en vrouwen;Guadeloupe;Personen in eenoudergezin met moeder;2004;1;1;1;0;0;0;0;0
8365;Mannen en vrouwen;Guadeloupe;Personen in eenoudergezin met moeder;2005;1;3;1;-2;0;0;2;-2
8366;Mannen en vrouwen;Guadeloupe;Personen in eenoudergezin met moeder;2006;1;5;4;-4;-3;1;2;-1
8367;Mannen en vrouwen;Guadeloupe;Personen in eenoudergezin met moeder;2007;1;5;3;-4;-2;0;2;-2
8368;Mannen en vrouwen;Guadeloupe;Personen in eenoudergezin met moeder;2008;0;3;0;-3;0;0;3;-3
8369;Mannen en vrouwen;Guadeloupe;Personen in eenoudergezin met moeder;2009;2;7;7;-5;-5;0;0;0
8370;Mannen en vrouwen;Guadeloupe;Personen in samenwonend paar met kin...;1995;0;0;0;0;0;0;0;0
8371;Mannen en vrouwen;Guadeloupe;Personen in samenwonend paar met kin...;1996;0;0;0;0;0;0;0;0
8372;Mannen en vrouwen;Guadeloupe;Personen in samenwonend paar met kin...;1997;0;0;0;0;0;0;0;0
8373;Mannen en vrouwen;Guadeloupe;Personen in samenwonend paar met kin...;1998;0;0;0;0;0;0;0;0
8374;Mannen en vrouwen;Guadeloupe;Personen in samenwonend paar met kin...;1999;0;0;0;0;0;0;0;0
8375;Mannen en vrouwen;Guadeloupe;Personen in samenwonend paar met kin...;2000;0;0;0;0;0;0;0;0
8376;Mannen en vrouwen;Guadeloupe;Personen in samenwonend paar met kin...;2001;1;0;0;1;1;0;0;0
8377;Mannen en vrouwen;Guadeloupe;Personen in samenwonend paar met kin...;2002;0;0;0;0;0;0;0;0
8378;Mannen en vrouwen;Guadeloupe;Personen in samenwonend paar met kin...;2003;1;0;0;1;1;0;0;0
8379;Mannen en vrouwen;Guadeloupe;Personen in samenwonend paar met kin...;2004;0;1;1;-1;-1;0;0;0
8380;Mannen en vrouwen;Guadeloupe;Personen in samenwonend paar met kin...;2005;0;1;1;-1;-1;0;0;0
8381;Mannen en vrouwen;Guadeloupe;Personen in samenwonend paar met kin...;2006;0;2;2;-2;-2;0;0;0
8382;Mannen en vrouwen;Guadeloupe;Personen in samenwonend paar met kin...;2007;0;0;0;0;0;0;0;0
8383;Mannen en vrouwen;Guadeloupe;Personen in samenwonend paar met kin...;2008;0;0;0;0;0;0;0;0
8384;Mannen en vrouwen;Guadeloupe;Personen in samenwonend paar met kin...;2009;0;0;0;0;0;0;0;0
8385;Mannen en vrouwen;Guadeloupe;Alleengaanden;1995;6;13;7;-7;-1;0;6;-6
8386;Mannen en vrouwen;Guadeloupe;Alleengaanden;1996;8;14;6;-6;2;2;10;-8
8387;Mannen en vrouwen;Guadeloupe;Alleengaanden;1997;9;5;2;4;7;1;4;-3
8388;Mannen en vrouwen;Guadeloupe;Alleengaanden;1998;10;3;3;7;7;3;3;0
8389;Mannen en vrouwen;Guadeloupe;Alleengaanden;1999;13;7;3;6;10;3;7;-4
8390;Mannen en vrouwen;Guadeloupe;Alleengaanden;2000;26;5;2;21;24;1;4;-3
8391;Mannen en vrouwen;Guadeloupe;Alleengaanden;2001;9;8;5;1;4;5;8;-3
8392;Mannen en vrouwen;Guadeloupe;Alleengaanden;2002;28;8;4;20;24;3;7;-4
8393;Mannen en vrouwen;Guadeloupe;Alleengaanden;2003;19;12;10;7;9;3;5;-2
8394;Mannen en vrouwen;Guadeloupe;Alleengaanden;2004;18;13;4;5;14;2;11;-9
8395;Mannen en vrouwen;Guadeloupe;Alleengaanden;2005;8;11;7;-3;1;4;8;-4
8396;Mannen en vrouwen;Guadeloupe;Alleengaanden;2006;11;12;6;-1;5;2;8;-6
8397;Mannen en vrouwen;Guadeloupe;Alleengaanden;2007;12;15;8;-3;4;1;8;-7
8398;Mannen en vrouwen;Guadeloupe;Alleengaanden;2008;12;6;4;6;8;4;6;-2
8399;Mannen en vrouwen;Guadeloupe;Alleengaanden;2009;13;9;6;4;7;3;6;-3
8400;Mannen en vrouwen;Guam;Totaal personen;1995;0;0;0;0;0;0;0;0
8401;Mannen en vrouwen;Guam;Totaal personen;1996;0;1;1;-1;-1;0;0;0
8402;Mannen en vrouwen;Guam;Totaal personen;1997;0;0;0;0;0;0;0;0
8403;Mannen en vrouwen;Guam;Totaal personen;1998;0;0;0;0;0;0;0;0
8404;Mannen en vrouwen;Guam;Totaal personen;1999;0;0;0;0;0;0;0;0
8405;Mannen en vrouwen;Guam;Totaal personen;2000;1;1;1;0;0;0;0;0
8406;Mannen en vrouwen;Guam;Totaal personen;2001;1;0;0;1;1;0;0;0
8407;Mannen en vrouwen;Guam;Totaal personen;2002;0;0;0;0;0;0;0;0
8408;Mannen en vrouwen;Guam;Totaal personen;2003;0;0;0;0;0;0;0;0
8409;Mannen en vrouwen;Guam;Totaal personen;2004;0;1;0;-1;0;0;1;-1
8410;Mannen en vrouwen;Guam;Totaal personen;2005;0;1;0;-1;0;0;1;-1
8411;Mannen en vrouwen;Guam;Totaal personen;2006;0;0;0;0;0;0;0;0
8412;Mannen en vrouwen;Guam;Totaal personen;2007;0;0;0;0;0;0;0;0
8413;Mannen en vrouwen;Guam;Totaal personen;2008;1;0;0;1;1;0;0;0
8414;Mannen en vrouwen;Guam;Totaal personen;2009;0;0;0;0;0;0;0;0
8415;Mannen en vrouwen;Guam;Totaal in gezinsverband;1995;0;0;0;0;0;0;0;0
8416;Mannen en vrouwen;Guam;Totaal in gezinsverband;1996;0;1;1;-1;-1;0;0;0
8417;Mannen en vrouwen;Guam;Totaal in gezinsverband;1997;0;0;0;0;0;0;0;0
8418;Mannen en vrouwen;Guam;Totaal in gezinsverband;1998;0;0;0;0;0;0;0;0
8419;Mannen en vrouwen;Guam;Totaal in gezinsverband;1999;0;0;0;0;0;0;0;0
8420;Mannen en vrouwen;Guam;Totaal in gezinsverband;2000;1;1;1;0;0;0;0;0
8421;Mannen en vrouwen;Guam;Totaal in gezinsverband;2001;0;0;0;0;0;0;0;0
8422;Mannen en vrouwen;Guam;Totaal in gezinsverband;2002;0;0;0;0;0;0;0;0
8423;Mannen en vrouwen;Guam;Totaal in gezinsverband;2003;0;0;0;0;0;0;0;0
8424;Mannen en vrouwen;Guam;Totaal in gezinsverband;2004;0;1;0;-1;0;0;1;-1
8425;Mannen en vrouwen;Guam;Totaal in gezinsverband;2005;0;0;0;0;0;0;0;0
8426;Mannen en vrouwen;Guam;Totaal in gezinsverband;2006;0;0;0;0;0;0;0;0
8427;Mannen en vrouwen;Guam;Totaal in gezinsverband;2007;0;0;0;0;0;0;0;0
8428;Mannen en vrouwen;Guam;Totaal in gezinsverband;2008;1;0;0;1;1;0;0;0
8429;Mannen en vrouwen;Guam;Totaal in gezinsverband;2009;0;0;0;0;0;0;0;0
8430;Mannen en vrouwen;Guam;Personen in echtpaar;1995;0;0;0;0;0;0;0;0
8431;Mannen en vrouwen;Guam;Personen in echtpaar;1996;0;1;1;-1;-1;0;0;0
8432;Mannen en vrouwen;Guam;Personen in echtpaar;1997;0;0;0;0;0;0;0;0
8433;Mannen en vrouwen;Guam;Personen in echtpaar;1998;0;0;0;0;0;0;0;0
8434;Mannen en vrouwen;Guam;Personen in echtpaar;1999;0;0;0;0;0;0;0;0
8435;Mannen en vrouwen;Guam;Personen in echtpaar;2000;0;0;0;0;0;0;0;0
8436;Mannen en vrouwen;Guam;Personen in echtpaar;2001;0;0;0;0;0;0;0;0
8437;Mannen en vrouwen;Guam;Personen in echtpaar;2002;0;0;0;0;0;0;0;0
8438;Mannen en vrouwen;Guam;Personen in echtpaar;2003;0;0;0;0;0;0;0;0
8439;Mannen en vrouwen;Guam;Personen in echtpaar;2004;0;0;0;0;0;0;0;0
8440;Mannen en vrouwen;Guam;Personen in echtpaar;2005;0;0;0;0;0;0;0;0
8441;Mannen en vrouwen;Guam;Personen in echtpaar;2006;0;0;0;0;0;0;0;0
8442;Mannen en vrouwen;Guam;Personen in echtpaar;2007;0;0;0;0;0;0;0;0
8443;Mannen en vrouwen;Guam;Personen in echtpaar;2008;0;0;0;0;0;0;0;0
8444;Mannen en vrouwen;Guam;Personen in echtpaar;2009;0;0;0;0;0;0;0;0
8445;Mannen en vrouwen;Guam;Personen in eenoudergezin met vader;1995;0;0;0;0;0;0;0;0
8446;Mannen en vrouwen;Guam;Personen in eenoudergezin met vader;1996;0;0;0;0;0;0;0;0
8447;Mannen en vrouwen;Guam;Personen in eenoudergezin met vader;1997;0;0;0;0;0;0;0;0
8448;Mannen en vrouwen;Guam;Personen in eenoudergezin met vader;1998;0;0;0;0;0;0;0;0
8449;Mannen en vrouwen;Guam;Personen in eenoudergezin met vader;1999;0;0;0;0;0;0;0;0
8450;Mannen en vrouwen;Guam;Personen in eenoudergezin met vader;2000;0;0;0;0;0;0;0;0
8451;Mannen en vrouwen;Guam;Personen in eenoudergezin met vader;2001;0;0;0;0;0;0;0;0
8452;Mannen en vrouwen;Guam;Personen in eenoudergezin met vader;2002;0;0;0;0;0;0;0;0
8453;Mannen en vrouwen;Guam;Personen in eenoudergezin met vader;2003;0;0;0;0;0;0;0;0
8454;Mannen en vrouwen;Guam;Personen in eenoudergezin met vader;2004;0;0;0;0;0;0;0;0
8455;Mannen en vrouwen;Guam;Personen in eenoudergezin met vader;2005;0;0;0;0;0;0;0;0
8456;Mannen en vrouwen;Guam;Personen in eenoudergezin met vader;2006;0;0;0;0;0;0;0;0
8457;Mannen en vrouwen;Guam;Personen in eenoudergezin met vader;2007;0;0;0;0;0;0;0;0
8458;Mannen en vrouwen;Guam;Personen in eenoudergezin met vader;2008;0;0;0;0;0;0;0;0
8459;Mannen en vrouwen;Guam;Personen in eenoudergezin met vader;2009;0;0;0;0;0;0;0;0
8460;Mannen en vrouwen;Guam;Personen in eenoudergezin met moeder;1995;0;0;0;0;0;0;0;0
8461;Mannen en vrouwen;Guam;Personen in eenoudergezin met moeder;1996;0;0;0;0;0;0;0;0
8462;Mannen en vrouwen;Guam;Personen in eenoudergezin met moeder;1997;0;0;0;0;0;0;0;0
8463;Mannen en vrouwen;Guam;Personen in eenoudergezin met moeder;1998;0;0;0;0;0;0;0;0
8464;Mannen en vrouwen;Guam;Personen in eenoudergezin met moeder;1999;0;0;0;0;0;0;0;0
8465;Mannen en vrouwen;Guam;Personen in eenoudergezin met moeder;2000;1;1;1;0;0;0;0;0
8466;Mannen en vrouwen;Guam;Personen in eenoudergezin met moeder;2001;0;0;0;0;0;0;0;0
8467;Mannen en vrouwen;Guam;Personen in eenoudergezin met moeder;2002;0;0;0;0;0;0;0;0
8468;Mannen en vrouwen;Guam;Personen in eenoudergezin met moeder;2003;0;0;0;0;0;0;0;0
8469;Mannen en vrouwen;Guam;Personen in eenoudergezin met moeder;2004;0;1;0;-1;0;0;1;-1
8470;Mannen en vrouwen;Guam;Personen in eenoudergezin met moeder;2005;0;0;0;0;0;0;0;0
8471;Mannen en vrouwen;Guam;Personen in eenoudergezin met moeder;2006;0;0;0;0;0;0;0;0
8472;Mannen en vrouwen;Guam;Personen in eenoudergezin met moeder;2007;0;0;0;0;0;0;0;0
8473;Mannen en vrouwen;Guam;Personen in eenoudergezin met moeder;2008;1;0;0;1;1;0;0;0
8474;Mannen en vrouwen;Guam;Personen in eenoudergezin met moeder;2009;0;0;0;0;0;0;0;0
8475;Mannen en vrouwen;Guam;Personen in samenwonend paar met kin...;1995;0;0;0;0;0;0;0;0
8476;Mannen en vrouwen;Guam;Personen in samenwonend paar met kin...;1996;0;0;0;0;0;0;0;0
8477;Mannen en vrouwen;Guam;Personen in samenwonend paar met kin...;1997;0;0;0;0;0;0;0;0
8478;Mannen en vrouwen;Guam;Personen in samenwonend paar met kin...;1998;0;0;0;0;0;0;0;0
8479;Mannen en vrouwen;Guam;Personen in samenwonend paar met kin...;1999;0;0;0;0;0;0;0;0
8480;Mannen en vrouwen;Guam;Personen in samenwonend paar met kin...;2000;0;0;0;0;0;0;0;0
8481;Mannen en vrouwen;Guam;Personen in samenwonend paar met kin...;2001;0;0;0;0;0;0;0;0
8482;Mannen en vrouwen;Guam;Personen in samenwonend paar met kin...;2002;0;0;0;0;0;0;0;0
8483;Mannen en vrouwen;Guam;Personen in samenwonend paar met kin...;2003;0;0;0;0;0;0;0;0
8484;Mannen en vrouwen;Guam;Personen in samenwonend paar met kin...;2004;0;0;0;0;0;0;0;0
8485;Mannen en vrouwen;Guam;Personen in samenwonend paar met kin...;2005;0;0;0;0;0;0;0;0
8486;Mannen en vrouwen;Guam;Personen in samenwonend paar met kin...;2006;0;0;0;0;0;0;0;0
8487;Mannen en vrouwen;Guam;Personen in samenwonend paar met kin...;2007;0;0;0;0;0;0;0;0
8488;Mannen en vrouwen;Guam;Personen in samenwonend paar met kin...;2008;0;0;0;0;0;0;0;0
8489;Mannen en vrouwen;Guam;Personen in samenwonend paar met kin...;2009;0;0;0;0;0;0;0;0
8490;Mannen en vrouwen;Guam;Alleengaanden;1995;0;0;0;0;0;0;0;0
8491;Mannen en vrouwen;Guam;Alleengaanden;1996;0;0;0;0;0;0;0;0
8492;Mannen en vrouwen;Guam;Alleengaanden;1997;0;0;0;0;0;0;0;0
8493;Mannen en vrouwen;Guam;Alleengaanden;1998;0;0;0;0;0;0;0;0
8494;Mannen en vrouwen;Guam;Alleengaanden;1999;0;0;0;0;0;0;0;0
8495;Mannen en vrouwen;Guam;Alleengaanden;2000;0;0;0;0;0;0;0;0
8496;Mannen en vrouwen;Guam;Alleengaanden;2001;1;0;0;1;1;0;0;0
8497;Mannen en vrouwen;Guam;Alleengaanden;2002;0;0;0;0;0;0;0;0
8498;Mannen en vrouwen;Guam;Alleengaanden;2003;0;0;0;0;0;0;0;0
8499;Mannen en vrouwen;Guam;Alleengaanden;2004;0;0;0;0;0;0;0;0
8500;Mannen en vrouwen;Guam;Alleengaanden;2005;0;1;0;-1;0;0;1;-1
8501;Mannen en vrouwen;Guam;Alleengaanden;2006;0;0;0;0;0;0;0;0
8502;Mannen en vrouwen;Guam;Alleengaanden;2007;0;0;0;0;0;0;0;0
8503;Mannen en vrouwen;Guam;Alleengaanden;2008;0;0;0;0;0;0;0;0
8504;Mannen en vrouwen;Guam;Alleengaanden;2009;0;0;0;0;0;0;0;0
8505;Mannen en vrouwen;Guatemala;Totaal personen;1995;19;3;4;16;15;1;0;1
8506;Mannen en vrouwen;Guatemala;Totaal personen;1996;16;8;8;8;8;0;0;0
8507;Mannen en vrouwen;Guatemala;Totaal personen;1997;19;2;3;17;16;1;0;1
8508;Mannen en vrouwen;Guatemala;Totaal personen;1998;35;4;2;31;33;0;2;-2
8509;Mannen en vrouwen;Guatemala;Totaal personen;1999;60;24;20;36;40;0;4;-4
8510;Mannen en vrouwen;Guatemala;Totaal personen;2000;80;16;15;64;65;1;2;-1
8511;Mannen en vrouwen;Guatemala;Totaal personen;2001;94;15;11;79;83;1;5;-4
8512;Mannen en vrouwen;Guatemala;Totaal personen;2002;37;12;10;25;27;2;4;-2
8513;Mannen en vrouwen;Guatemala;Totaal personen;2003;45;21;16;24;29;1;6;-5
8514;Mannen en vrouwen;Guatemala;Totaal personen;2004;37;16;13;21;24;0;3;-3
8515;Mannen en vrouwen;Guatemala;Totaal personen;2005;37;15;10;22;27;0;5;-5
8516;Mannen en vrouwen;Guatemala;Totaal personen;2006;32;26;18;6;14;1;9;-8
8517;Mannen en vrouwen;Guatemala;Totaal personen;2007;39;22;12;17;27;2;12;-10
8518;Mannen en vrouwen;Guatemala;Totaal personen;2008;42;26;18;16;24;1;9;-8
8519;Mannen en vrouwen;Guatemala;Totaal personen;2009;47;33;25;14;22;1;9;-8
8520;Mannen en vrouwen;Guatemala;Totaal in gezinsverband;1995;5;2;2;3;3;0;0;0
8521;Mannen en vrouwen;Guatemala;Totaal in gezinsverband;1996;2;5;5;-3;-3;0;0;0
8522;Mannen en vrouwen;Guatemala;Totaal in gezinsverband;1997;3;0;0;3;3;0;0;0
8523;Mannen en vrouwen;Guatemala;Totaal in gezinsverband;1998;10;0;0;10;10;0;0;0
8524;Mannen en vrouwen;Guatemala;Totaal in gezinsverband;1999;1;11;11;-10;-10;0;0;0
8525;Mannen en vrouwen;Guatemala;Totaal in gezinsverband;2000;1;9;9;-8;-8;0;0;0
8526;Mannen en vrouwen;Guatemala;Totaal in gezinsverband;2001;8;7;4;1;4;1;4;-3
8527;Mannen en vrouwen;Guatemala;Totaal in gezinsverband;2002;7;8;8;-1;-1;0;0;0
8528;Mannen en vrouwen;Guatemala;Totaal in gezinsverband;2003;11;8;7;3;4;0;1;-1
8529;Mannen en vrouwen;Guatemala;Totaal in gezinsverband;2004;4;6;6;-2;-2;0;0;0
8530;Mannen en vrouwen;Guatemala;Totaal in gezinsverband;2005;6;7;4;-1;2;0;3;-3
8531;Mannen en vrouwen;Guatemala;Totaal in gezinsverband;2006;4;7;7;-3;-3;0;0;0
8532;Mannen en vrouwen;Guatemala;Totaal in gezinsverband;2007;10;3;3;7;7;0;0;0
8533;Mannen en vrouwen;Guatemala;Totaal in gezinsverband;2008;7;11;8;-4;-1;0;3;-3
8534;Mannen en vrouwen;Guatemala;Totaal in gezinsverband;2009;8;14;11;-6;-3;0;3;-3
8535;Mannen en vrouwen;Guatemala;Personen in echtpaar;1995;1;1;1;0;0;0;0;0
8536;Mannen en vrouwen;Guatemala;Personen in echtpaar;1996;1;5;5;-4;-4;0;0;0
8537;Mannen en vrouwen;Guatemala;Personen in echtpaar;1997;3;0;0;3;3;0;0;0
8538;Mannen en vrouwen;Guatemala;Personen in echtpaar;1998;7;0;0;7;7;0;0;0
8539;Mannen en vrouwen;Guatemala;Personen in echtpaar;1999;0;11;11;-11;-11;0;0;0
8540;Mannen en vrouwen;Guatemala;Personen in echtpaar;2000;0;8;8;-8;-8;0;0;0
8541;Mannen en vrouwen;Guatemala;Personen in echtpaar;2001;3;6;3;-3;0;1;4;-3
8542;Mannen en vrouwen;Guatemala;Personen in echtpaar;2002;2;4;4;-2;-2;0;0;0
8543;Mannen en vrouwen;Guatemala;Personen in echtpaar;2003;4;8;7;-4;-3;0;1;-1
8544;Mannen en vrouwen;Guatemala;Personen in echtpaar;2004;2;5;5;-3;-3;0;0;0
8545;Mannen en vrouwen;Guatemala;Personen in echtpaar;2005;1;4;4;-3;-3;0;0;0
8546;Mannen en vrouwen;Guatemala;Personen in echtpaar;2006;3;7;7;-4;-4;0;0;0
8547;Mannen en vrouwen;Guatemala;Personen in echtpaar;2007;7;3;3;4;4;0;0;0
8548;Mannen en vrouwen;Guatemala;Personen in echtpaar;2008;0;8;5;-8;-5;0;3;-3
8549;Mannen en vrouwen;Guatemala;Personen in echtpaar;2009;2;8;5;-6;-3;0;3;-3
8550;Mannen en vrouwen;Guatemala;Personen in eenoudergezin met vader;1995;0;0;0;0;0;0;0;0
8551;Mannen en vrouwen;Guatemala;Personen in eenoudergezin met vader;1996;0;0;0;0;0;0;0;0
8552;Mannen en vrouwen;Guatemala;Personen in eenoudergezin met vader;1997;0;0;0;0;0;0;0;0
8553;Mannen en vrouwen;Guatemala;Personen in eenoudergezin met vader;1998;0;0;0;0;0;0;0;0
8554;Mannen en vrouwen;Guatemala;Personen in eenoudergezin met vader;1999;0;0;0;0;0;0;0;0
8555;Mannen en vrouwen;Guatemala;Personen in eenoudergezin met vader;2000;0;0;0;0;0;0;0;0
8556;Mannen en vrouwen;Guatemala;Personen in eenoudergezin met vader;2001;0;0;0;0;0;0;0;0
8557;Mannen en vrouwen;Guatemala;Personen in eenoudergezin met vader;2002;0;0;0;0;0;0;0;0
8558;Mannen en vrouwen;Guatemala;Personen in eenoudergezin met vader;2003;0;0;0;0;0;0;0;0
8559;Mannen en vrouwen;Guatemala;Personen in eenoudergezin met vader;2004;0;1;1;-1;-1;0;0;0
8560;Mannen en vrouwen;Guatemala;Personen in eenoudergezin met vader;2005;0;0;0;0;0;0;0;0
8561;Mannen en vrouwen;Guatemala;Personen in eenoudergezin met vader;2006;0;0;0;0;0;0;0;0
8562;Mannen en vrouwen;Guatemala;Personen in eenoudergezin met vader;2007;0;0;0;0;0;0;0;0
8563;Mannen en vrouwen;Guatemala;Personen in eenoudergezin met vader;2008;0;0;0;0;0;0;0;0
8564;Mannen en vrouwen;Guatemala;Personen in eenoudergezin met vader;2009;0;2;2;-2;-2;0;0;0
8565;Mannen en vrouwen;Guatemala;Personen in eenoudergezin met moeder;1995;4;0;0;4;4;0;0;0
8566;Mannen en vrouwen;Guatemala;Personen in eenoudergezin met moeder;1996;0;0;0;0;0;0;0;0
8567;Mannen en vrouwen;Guatemala;Personen in eenoudergezin met moeder;1997;0;0;0;0;0;0;0;0
8568;Mannen en vrouwen;Guatemala;Personen in eenoudergezin met moeder;1998;3;0;0;3;3;0;0;0
8569;Mannen en vrouwen;Guatemala;Personen in eenoudergezin met moeder;1999;1;0;0;1;1;0;0;0
8570;Mannen en vrouwen;Guatemala;Personen in eenoudergezin met moeder;2000;0;1;1;-1;-1;0;0;0
8571;Mannen en vrouwen;Guatemala;Personen in eenoudergezin met moeder;2001;2;1;1;1;1;0;0;0
8572;Mannen en vrouwen;Guatemala;Personen in eenoudergezin met moeder;2002;5;2;2;3;3;0;0;0
8573;Mannen en vrouwen;Guatemala;Personen in eenoudergezin met moeder;2003;7;0;0;7;7;0;0;0
8574;Mannen en vrouwen;Guatemala;Personen in eenoudergezin met moeder;2004;2;0;0;2;2;0;0;0
8575;Mannen en vrouwen;Guatemala;Personen in eenoudergezin met moeder;2005;4;3;0;1;4;0;3;-3
8576;Mannen en vrouwen;Guatemala;Personen in eenoudergezin met moeder;2006;0;0;0;0;0;0;0;0
8577;Mannen en vrouwen;Guatemala;Personen in eenoudergezin met moeder;2007;3;0;0;3;3;0;0;0
8578;Mannen en vrouwen;Guatemala;Personen in eenoudergezin met moeder;2008;7;3;3;4;4;0;0;0
8579;Mannen en vrouwen;Guatemala;Personen in eenoudergezin met moeder;2009;5;4;4;1;1;0;0;0
8580;Mannen en vrouwen;Guatemala;Personen in samenwonend paar met kin...;1995;0;1;1;-1;-1;0;0;0
8581;Mannen en vrouwen;Guatemala;Personen in samenwonend paar met kin...;1996;1;0;0;1;1;0;0;0
8582;Mannen en vrouwen;Guatemala;Personen in samenwonend paar met kin...;1997;0;0;0;0;0;0;0;0
8583;Mannen en vrouwen;Guatemala;Personen in samenwonend paar met kin...;1998;0;0;0;0;0;0;0;0
8584;Mannen en vrouwen;Guatemala;Personen in samenwonend paar met kin...;1999;0;0;0;0;0;0;0;0
8585;Mannen en vrouwen;Guatemala;Personen in samenwonend paar met kin...;2000;1;0;0;1;1;0;0;0
8586;Mannen en vrouwen;Guatemala;Personen in samenwonend paar met kin...;2001;3;0;0;3;3;0;0;0
8587;Mannen en vrouwen;Guatemala;Personen in samenwonend paar met kin...;2002;0;2;2;-2;-2;0;0;0
8588;Mannen en vrouwen;Guatemala;Personen in samenwonend paar met kin...;2003;0;0;0;0;0;0;0;0
8589;Mannen en vrouwen;Guatemala;Personen in samenwonend paar met kin...;2004;0;0;0;0;0;0;0;0
8590;Mannen en vrouwen;Guatemala;Personen in samenwonend paar met kin...;2005;1;0;0;1;1;0;0;0
8591;Mannen en vrouwen;Guatemala;Personen in samenwonend paar met kin...;2006;1;0;0;1;1;0;0;0
8592;Mannen en vrouwen;Guatemala;Personen in samenwonend paar met kin...;2007;0;0;0;0;0;0;0;0
8593;Mannen en vrouwen;Guatemala;Personen in samenwonend paar met kin...;2008;0;0;0;0;0;0;0;0
8594;Mannen en vrouwen;Guatemala;Personen in samenwonend paar met kin...;2009;1;0;0;1;1;0;0;0
8595;Mannen en vrouwen;Guatemala;Alleengaanden;1995;14;1;2;13;12;1;0;1
8596;Mannen en vrouwen;Guatemala;Alleengaanden;1996;14;3;3;11;11;0;0;0
8597;Mannen en vrouwen;Guatemala;Alleengaanden;1997;16;2;3;14;13;1;0;1
8598;Mannen en vrouwen;Guatemala;Alleengaanden;1998;25;4;2;21;23;0;2;-2
8599;Mannen en vrouwen;Guatemala;Alleengaanden;1999;59;13;9;46;50;0;4;-4
8600;Mannen en vrouwen;Guatemala;Alleengaanden;2000;79;7;6;72;73;1;2;-1
8601;Mannen en vrouwen;Guatemala;Alleengaanden;2001;86;8;7;78;79;0;1;-1
8602;Mannen en vrouwen;Guatemala;Alleengaanden;2002;30;4;2;26;28;2;4;-2
8603;Mannen en vrouwen;Guatemala;Alleengaanden;2003;34;13;9;21;25;1;5;-4
8604;Mannen en vrouwen;Guatemala;Alleengaanden;2004;33;10;7;23;26;0;3;-3
8605;Mannen en vrouwen;Guatemala;Alleengaanden;2005;31;8;6;23;25;0;2;-2
8606;Mannen en vrouwen;Guatemala;Alleengaanden;2006;28;19;11;9;17;1;9;-8
8607;Mannen en vrouwen;Guatemala;Alleengaanden;2007;29;19;9;10;20;2;12;-10
8608;Mannen en vrouwen;Guatemala;Alleengaanden;2008;35;15;10;20;25;1;6;-5
8609;Mannen en vrouwen;Guatemala;Alleengaanden;2009;39;19;14;20;25;1;6;-5
8610;Mannen en vrouwen;Guinee;Totaal personen;1995;56;21;6;35;50;4;19;-15
8611;Mannen en vrouwen;Guinee;Totaal personen;1996;67;14;3;53;64;5;16;-11
8612;Mannen en vrouwen;Guinee;Totaal personen;1997;93;16;7;77;86;2;11;-9
8613;Mannen en vrouwen;Guinee;Totaal personen;1998;182;10;4;172;178;6;12;-6
8614;Mannen en vrouwen;Guinee;Totaal personen;1999;244;13;1;231;243;4;16;-12
8615;Mannen en vrouwen;Guinee;Totaal personen;2000;511;21;3;490;508;13;31;-18
8616;Mannen en vrouwen;Guinee;Totaal personen;2001;850;30;3;820;847;19;46;-27
8617;Mannen en vrouwen;Guinee;Totaal personen;2002;937;112;6;825;931;34;140;-106
8618;Mannen en vrouwen;Guinee;Totaal personen;2003;306;260;11;46;295;54;303;-249
8619;Mannen en vrouwen;Guinee;Totaal personen;2004;145;327;18;-182;127;45;354;-309
8620;Mannen en vrouwen;Guinee;Totaal personen;2005;88;400;25;-312;63;53;428;-375
8621;Mannen en vrouwen;Guinee;Totaal personen;2006;70;381;58;-311;12;51;374;-323
8622;Mannen en vrouwen;Guinee;Totaal personen;2007;90;107;72;-17;18;159;194;-35
8623;Mannen en vrouwen;Guinee;Totaal personen;2008;190;54;92;136;98;181;143;38
8624;Mannen en vrouwen;Guinee;Totaal personen;2009;240;126;82;114;158;79;123;-44
8625;Mannen en vrouwen;Guinee;Totaal in gezinsverband;1995;0;6;3;-6;-3;1;4;-3
8626;Mannen en vrouwen;Guinee;Totaal in gezinsverband;1996;0;1;0;-1;0;1;2;-1
8627;Mannen en vrouwen;Guinee;Totaal in gezinsverband;1997;0;4;3;-4;-3;0;1;-1
8628;Mannen en vrouwen;Guinee;Totaal in gezinsverband;1998;7;0;1;7;6;1;0;1
8629;Mannen en vrouwen;Guinee;Totaal in gezinsverband;1999;4;0;0;4;4;0;0;0
8630;Mannen en vrouwen;Guinee;Totaal in gezinsverband;2000;6;1;0;5;6;0;1;-1
8631;Mannen en vrouwen;Guinee;Totaal in gezinsverband;2001;11;0;0;11;11;1;1;0
8632;Mannen en vrouwen;Guinee;Totaal in gezinsverband;2002;24;2;0;22;24;1;3;-2
8633;Mannen en vrouwen;Guinee;Totaal in gezinsverband;2003;14;6;0;8;14;3;9;-6
8634;Mannen en vrouwen;Guinee;Totaal in gezinsverband;2004;9;10;3;-1;6;1;8;-7
8635;Mannen en vrouwen;Guinee;Totaal in gezinsverband;2005;12;36;4;-24;8;1;33;-32
8636;Mannen en vrouwen;Guinee;Totaal in gezinsverband;2006;6;49;20;-43;-14;1;30;-29
8637;Mannen en vrouwen;Guinee;Totaal in gezinsverband;2007;13;18;11;-5;2;8;15;-7
8638;Mannen en vrouwen;Guinee;Totaal in gezinsverband;2008;3;32;21;-29;-18;4;15;-11
8639;Mannen en vrouwen;Guinee;Totaal in gezinsverband;2009;15;27;23;-12;-8;1;5;-4
8640;Mannen en vrouwen;Guinee;Personen in echtpaar;1995;0;2;0;-2;0;0;2;-2
8641;Mannen en vrouwen;Guinee;Personen in echtpaar;1996;0;1;0;-1;0;0;1;-1
8642;Mannen en vrouwen;Guinee;Personen in echtpaar;1997;0;1;1;-1;-1;0;0;0
8643;Mannen en vrouwen;Guinee;Personen in echtpaar;1998;2;1;1;1;1;0;0;0
8644;Mannen en vrouwen;Guinee;Personen in echtpaar;1999;0;0;0;0;0;0;0;0
8645;Mannen en vrouwen;Guinee;Personen in echtpaar;2000;0;0;0;0;0;0;0;0
8646;Mannen en vrouwen;Guinee;Personen in echtpaar;2001;0;0;0;0;0;0;0;0
8647;Mannen en vrouwen;Guinee;Personen in echtpaar;2002;7;1;0;6;7;0;1;-1
8648;Mannen en vrouwen;Guinee;Personen in echtpaar;2003;2;1;0;1;2;0;1;-1
8649;Mannen en vrouwen;Guinee;Personen in echtpaar;2004;0;2;2;-2;-2;0;0;0
8650;Mannen en vrouwen;Guinee;Personen in echtpaar;2005;1;4;3;-3;-2;0;1;-1
8651;Mannen en vrouwen;Guinee;Personen in echtpaar;2006;1;4;4;-3;-3;0;0;0
8652;Mannen en vrouwen;Guinee;Personen in echtpaar;2007;0;7;2;-7;-2;0;5;-5
8653;Mannen en vrouwen;Guinee;Personen in echtpaar;2008;0;12;9;-12;-9;0;3;-3
8654;Mannen en vrouwen;Guinee;Personen in echtpaar;2009;1;5;5;-4;-4;0;0;0
8655;Mannen en vrouwen;Guinee;Personen in eenoudergezin met vader;1995;0;1;0;-1;0;0;1;-1
8656;Mannen en vrouwen;Guinee;Personen in eenoudergezin met vader;1996;0;0;0;0;0;0;0;0
8657;Mannen en vrouwen;Guinee;Personen in eenoudergezin met vader;1997;0;0;0;0;0;0;0;0
8658;Mannen en vrouwen;Guinee;Personen in eenoudergezin met vader;1998;0;0;0;0;0;0;0;0
8659;Mannen en vrouwen;Guinee;Personen in eenoudergezin met vader;1999;1;0;0;1;1;0;0;0
8660;Mannen en vrouwen;Guinee;Personen in eenoudergezin met vader;2000;2;0;0;2;2;0;0;0
8661;Mannen en vrouwen;Guinee;Personen in eenoudergezin met vader;2001;0;0;0;0;0;1;1;0
8662;Mannen en vrouwen;Guinee;Personen in eenoudergezin met vader;2002;0;0;0;0;0;0;0;0
8663;Mannen en vrouwen;Guinee;Personen in eenoudergezin met vader;2003;0;0;0;0;0;0;0;0
8664;Mannen en vrouwen;Guinee;Personen in eenoudergezin met vader;2004;0;0;0;0;0;0;0;0
8665;Mannen en vrouwen;Guinee;Personen in eenoudergezin met vader;2005;0;2;0;-2;0;0;2;-2
8666;Mannen en vrouwen;Guinee;Personen in eenoudergezin met vader;2006;0;2;0;-2;0;0;2;-2
8667;Mannen en vrouwen;Guinee;Personen in eenoudergezin met vader;2007;0;2;0;-2;0;0;2;-2
8668;Mannen en vrouwen;Guinee;Personen in eenoudergezin met vader;2008;0;0;0;0;0;0;0;0
8669;Mannen en vrouwen;Guinee;Personen in eenoudergezin met vader;2009;0;2;2;-2;-2;0;0;0
8670;Mannen en vrouwen;Guinee;Personen in eenoudergezin met moeder;1995;0;3;3;-3;-3;1;1;0
8671;Mannen en vrouwen;Guinee;Personen in eenoudergezin met moeder;1996;0;0;0;0;0;1;1;0
8672;Mannen en vrouwen;Guinee;Personen in eenoudergezin met moeder;1997;0;3;2;-3;-2;0;1;-1
8673;Mannen en vrouwen;Guinee;Personen in eenoudergezin met moeder;1998;5;-1;0;6;5;1;0;1
8674;Mannen en vrouwen;Guinee;Personen in eenoudergezin met moeder;1999;3;0;0;3;3;0;0;0
8675;Mannen en vrouwen;Guinee;Personen in eenoudergezin met moeder;2000;4;1;0;3;4;0;1;-1
8676;Mannen en vrouwen;Guinee;Personen in eenoudergezin met moeder;2001;11;0;0;11;11;0;0;0
8677;Mannen en vrouwen;Guinee;Personen in eenoudergezin met moeder;2002;17;1;0;16;17;1;2;-1
8678;Mannen en vrouwen;Guinee;Personen in eenoudergezin met moeder;2003;12;3;0;9;12;3;6;-3
8679;Mannen en vrouwen;Guinee;Personen in eenoudergezin met moeder;2004;9;8;1;1;8;1;8;-7
8680;Mannen en vrouwen;Guinee;Personen in eenoudergezin met moeder;2005;11;27;1;-16;10;1;27;-26
8681;Mannen en vrouwen;Guinee;Personen in eenoudergezin met moeder;2006;5;39;15;-34;-10;1;25;-24
8682;Mannen en vrouwen;Guinee;Personen in eenoudergezin met moeder;2007;13;8;8;5;5;8;8;0
8683;Mannen en vrouwen;Guinee;Personen in eenoudergezin met moeder;2008;2;18;11;-16;-9;4;11;-7
8684;Mannen en vrouwen;Guinee;Personen in eenoudergezin met moeder;2009;14;19;16;-5;-2;1;4;-3
8685;Mannen en vrouwen;Guinee;Personen in samenwonend paar met kin...;1995;0;0;0;0;0;0;0;0
8686;Mannen en vrouwen;Guinee;Personen in samenwonend paar met kin...;1996;0;0;0;0;0;0;0;0
8687;Mannen en vrouwen;Guinee;Personen in samenwonend paar met kin...;1997;0;0;0;0;0;0;0;0
8688;Mannen en vrouwen;Guinee;Personen in samenwonend paar met kin...;1998;0;0;0;0;0;0;0;0
8689;Mannen en vrouwen;Guinee;Personen in samenwonend paar met kin...;1999;0;0;0;0;0;0;0;0
8690;Mannen en vrouwen;Guinee;Personen in samenwonend paar met kin...;2000;0;0;0;0;0;0;0;0
8691;Mannen en vrouwen;Guinee;Personen in samenwonend paar met kin...;2001;0;0;0;0;0;0;0;0
8692;Mannen en vrouwen;Guinee;Personen in samenwonend paar met kin...;2002;0;0;0;0;0;0;0;0
8693;Mannen en vrouwen;Guinee;Personen in samenwonend paar met kin...;2003;0;2;0;-2;0;0;2;-2
8694;Mannen en vrouwen;Guinee;Personen in samenwonend paar met kin...;2004;0;0;0;0;0;0;0;0
8695;Mannen en vrouwen;Guinee;Personen in samenwonend paar met kin...;2005;0;3;0;-3;0;0;3;-3
8696;Mannen en vrouwen;Guinee;Personen in samenwonend paar met kin...;2006;0;4;1;-4;-1;0;3;-3
8697;Mannen en vrouwen;Guinee;Personen in samenwonend paar met kin...;2007;0;1;1;-1;-1;0;0;0
8698;Mannen en vrouwen;Guinee;Personen in samenwonend paar met kin...;2008;1;2;1;-1;0;0;1;-1
8699;Mannen en vrouwen;Guinee;Personen in samenwonend paar met kin...;2009;0;1;0;-1;0;0;1;-1
8700;Mannen en vrouwen;Guinee;Alleengaanden;1995;56;15;3;41;53;3;15;-12
8701;Mannen en vrouwen;Guinee;Alleengaanden;1996;67;13;3;54;64;4;14;-10
8702;Mannen en vrouwen;Guinee;Alleengaanden;1997;93;12;4;81;89;2;10;-8
8703;Mannen en vrouwen;Guinee;Alleengaanden;1998;175;10;3;165;172;5;12;-7
8704;Mannen en vrouwen;Guinee;Alleengaanden;1999;240;13;1;227;239;4;16;-12
8705;Mannen en vrouwen;Guinee;Alleengaanden;2000;505;20;3;485;502;13;30;-17
8706;Mannen en vrouwen;Guinee;Alleengaanden;2001;839;30;3;809;836;18;45;-27
8707;Mannen en vrouwen;Guinee;Alleengaanden;2002;913;110;6;803;907;33;137;-104
8708;Mannen en vrouwen;Guinee;Alleengaanden;2003;292;254;11;38;281;51;294;-243
8709;Mannen en vrouwen;Guinee;Alleengaanden;2004;136;317;15;-181;121;44;346;-302
8710;Mannen en vrouwen;Guinee;Alleengaanden;2005;76;364;21;-288;55;52;395;-343
8711;Mannen en vrouwen;Guinee;Alleengaanden;2006;64;332;38;-268;26;50;344;-294
8712;Mannen en vrouwen;Guinee;Alleengaanden;2007;77;89;61;-12;16;151;179;-28
8713;Mannen en vrouwen;Guinee;Alleengaanden;2008;187;22;71;165;116;177;128;49
8714;Mannen en vrouwen;Guinee;Alleengaanden;2009;225;99;59;126;166;78;118;-40
8715;Mannen en vrouwen;Guinee-Bissau;Totaal personen;1995;15;10;6;5;9;0;4;-4
8716;Mannen en vrouwen;Guinee-Bissau;Totaal personen;1996;8;10;5;-2;3;1;6;-5
8717;Mannen en vrouwen;Guinee-Bissau;Totaal personen;1997;10;7;4;3;6;0;3;-3
8718;Mannen en vrouwen;Guinee-Bissau;Totaal personen;1998;25;8;4;17;21;0;4;-4
8719;Mannen en vrouwen;Guinee-Bissau;Totaal personen;1999;33;7;1;26;32;1;7;-6
8720;Mannen en vrouwen;Guinee-Bissau;Totaal personen;2000;24;14;6;10;18;1;9;-8
8721;Mannen en vrouwen;Guinee-Bissau;Totaal personen;2001;34;5;2;29;32;2;5;-3
8722;Mannen en vrouwen;Guinee-Bissau;Totaal personen;2002;31;9;0;22;31;1;10;-9
8723;Mannen en vrouwen;Guinee-Bissau;Totaal personen;2003;25;17;8;8;17;3;12;-9
8724;Mannen en vrouwen;Guinee-Bissau;Totaal personen;2004;14;15;0;-1;14;3;18;-15
8725;Mannen en vrouwen;Guinee-Bissau;Totaal personen;2005;16;19;2;-3;14;2;19;-17
8726;Mannen en vrouwen;Guinee-Bissau;Totaal personen;2006;12;10;1;2;11;7;16;-9
8727;Mannen en vrouwen;Guinee-Bissau;Totaal personen;2007;9;14;6;-5;3;7;15;-8
8728;Mannen en vrouwen;Guinee-Bissau;Totaal personen;2008;34;9;4;25;30;9;14;-5
8729;Mannen en vrouwen;Guinee-Bissau;Totaal personen;2009;22;24;9;-2;13;10;25;-15
8730;Mannen en vrouwen;Guinee-Bissau;Totaal in gezinsverband;1995;3;0;0;3;3;0;0;0
8731;Mannen en vrouwen;Guinee-Bissau;Totaal in gezinsverband;1996;0;0;0;0;0;0;0;0
8732;Mannen en vrouwen;Guinee-Bissau;Totaal in gezinsverband;1997;0;2;2;-2;-2;0;0;0
8733;Mannen en vrouwen;Guinee-Bissau;Totaal in gezinsverband;1998;5;2;0;3;5;0;2;-2
8734;Mannen en vrouwen;Guinee-Bissau;Totaal in gezinsverband;1999;4;1;0;3;4;0;1;-1
8735;Mannen en vrouwen;Guinee-Bissau;Totaal in gezinsverband;2000;3;5;5;-2;-2;0;0;0
8736;Mannen en vrouwen;Guinee-Bissau;Totaal in gezinsverband;2001;2;1;1;1;1;0;0;0
8737;Mannen en vrouwen;Guinee-Bissau;Totaal in gezinsverband;2002;0;0;0;0;0;0;0;0
8738;Mannen en vrouwen;Guinee-Bissau;Totaal in gezinsverband;2003;0;0;0;0;0;0;0;0
8739;Mannen en vrouwen;Guinee-Bissau;Totaal in gezinsverband;2004;0;0;0;0;0;0;0;0
8740;Mannen en vrouwen;Guinee-Bissau;Totaal in gezinsverband;2005;1;0;0;1;1;0;0;0
8741;Mannen en vrouwen;Guinee-Bissau;Totaal in gezinsverband;2006;0;1;1;-1;-1;1;1;0
8742;Mannen en vrouwen;Guinee-Bissau;Totaal in gezinsverband;2007;1;3;0;-2;1;0;3;-3
8743;Mannen en vrouwen;Guinee-Bissau;Totaal in gezinsverband;2008;0;1;1;-1;-1;0;0;0
8744;Mannen en vrouwen;Guinee-Bissau;Totaal in gezinsverband;2009;1;2;1;-1;0;0;1;-1
8745;Mannen en vrouwen;Guinee-Bissau;Personen in echtpaar;1995;3;0;0;3;3;0;0;0
8746;Mannen en vrouwen;Guinee-Bissau;Personen in echtpaar;1996;0;0;0;0;0;0;0;0
8747;Mannen en vrouwen;Guinee-Bissau;Personen in echtpaar;1997;0;2;2;-2;-2;0;0;0
8748;Mannen en vrouwen;Guinee-Bissau;Personen in echtpaar;1998;3;1;0;2;3;0;1;-1
8749;Mannen en vrouwen;Guinee-Bissau;Personen in echtpaar;1999;0;0;0;0;0;0;0;0
8750;Mannen en vrouwen;Guinee-Bissau;Personen in echtpaar;2000;3;3;3;0;0;0;0;0
8751;Mannen en vrouwen;Guinee-Bissau;Personen in echtpaar;2001;0;0;0;0;0;0;0;0
8752;Mannen en vrouwen;Guinee-Bissau;Personen in echtpaar;2002;0;0;0;0;0;0;0;0
8753;Mannen en vrouwen;Guinee-Bissau;Personen in echtpaar;2003;0;0;0;0;0;0;0;0
8754;Mannen en vrouwen;Guinee-Bissau;Personen in echtpaar;2004;0;0;0;0;0;0;0;0
8755;Mannen en vrouwen;Guinee-Bissau;Personen in echtpaar;2005;1;0;0;1;1;0;0;0
8756;Mannen en vrouwen;Guinee-Bissau;Personen in echtpaar;2006;0;1;1;-1;-1;1;1;0
8757;Mannen en vrouwen;Guinee-Bissau;Personen in echtpaar;2007;0;0;0;0;0;0;0;0
8758;Mannen en vrouwen;Guinee-Bissau;Personen in echtpaar;2008;0;1;1;-1;-1;0;0;0
8759;Mannen en vrouwen;Guinee-Bissau;Personen in echtpaar;2009;0;1;1;-1;-1;0;0;0
8760;Mannen en vrouwen;Guinee-Bissau;Personen in eenoudergezin met vader;1995;0;0;0;0;0;0;0;0
8761;Mannen en vrouwen;Guinee-Bissau;Personen in eenoudergezin met vader;1996;0;0;0;0;0;0;0;0
8762;Mannen en vrouwen;Guinee-Bissau;Personen in eenoudergezin met vader;1997;0;0;0;0;0;0;0;0
8763;Mannen en vrouwen;Guinee-Bissau;Personen in eenoudergezin met vader;1998;1;0;0;1;1;0;0;0
8764;Mannen en vrouwen;Guinee-Bissau;Personen in eenoudergezin met vader;1999;0;0;0;0;0;0;0;0
8765;Mannen en vrouwen;Guinee-Bissau;Personen in eenoudergezin met vader;2000;0;0;0;0;0;0;0;0
8766;Mannen en vrouwen;Guinee-Bissau;Personen in eenoudergezin met vader;2001;0;0;0;0;0;0;0;0
8767;Mannen en vrouwen;Guinee-Bissau;Personen in eenoudergezin met vader;2002;0;0;0;0;0;0;0;0
8768;Mannen en vrouwen;Guinee-Bissau;Personen in eenoudergezin met vader;2003;0;0;0;0;0;0;0;0
8769;Mannen en vrouwen;Guinee-Bissau;Personen in eenoudergezin met vader;2004;0;0;0;0;0;0;0;0
8770;Mannen en vrouwen;Guinee-Bissau;Personen in eenoudergezin met vader;2005;0;0;0;0;0;0;0;0
8771;Mannen en vrouwen;Guinee-Bissau;Personen in eenoudergezin met vader;2006;0;0;0;0;0;0;0;0
8772;Mannen en vrouwen;Guinee-Bissau;Personen in eenoudergezin met vader;2007;0;1;0;-1;0;0;1;-1
8773;Mannen en vrouwen;Guinee-Bissau;Personen in eenoudergezin met vader;2008;0;0;0;0;0;0;0;0
8774;Mannen en vrouwen;Guinee-Bissau;Personen in eenoudergezin met vader;2009;1;0;0;1;1;0;0;0
8775;Mannen en vrouwen;Guinee-Bissau;Personen in eenoudergezin met moeder;1995;0;0;0;0;0;0;0;0
8776;Mannen en vrouwen;Guinee-Bissau;Personen in eenoudergezin met moeder;1996;0;0;0;0;0;0;0;0
8777;Mannen en vrouwen;Guinee-Bissau;Personen in eenoudergezin met moeder;1997;0;0;0;0;0;0;0;0
8778;Mannen en vrouwen;Guinee-Bissau;Personen in eenoudergezin met moeder;1998;1;1;0;0;1;0;1;-1
8779;Mannen en vrouwen;Guinee-Bissau;Personen in eenoudergezin met moeder;1999;4;1;0;3;4;0;1;-1
8780;Mannen en vrouwen;Guinee-Bissau;Personen in eenoudergezin met moeder;2000;0;0;0;0;0;0;0;0
8781;Mannen en vrouwen;Guinee-Bissau;Personen in eenoudergezin met moeder;2001;2;1;1;1;1;0;0;0
8782;Mannen en vrouwen;Guinee-Bissau;Personen in eenoudergezin met moeder;2002;0;0;0;0;0;0;0;0
8783;Mannen en vrouwen;Guinee-Bissau;Personen in eenoudergezin met moeder;2003;0;0;0;0;0;0;0;0
8784;Mannen en vrouwen;Guinee-Bissau;Personen in eenoudergezin met moeder;2004;0;0;0;0;0;0;0;0
8785;Mannen en vrouwen;Guinee-Bissau;Personen in eenoudergezin met moeder;2005;0;0;0;0;0;0;0;0
8786;Mannen en vrouwen;Guinee-Bissau;Personen in eenoudergezin met moeder;2006;0;0;0;0;0;0;0;0
8787;Mannen en vrouwen;Guinee-Bissau;Personen in eenoudergezin met moeder;2007;1;2;0;-1;1;0;2;-2
8788;Mannen en vrouwen;Guinee-Bissau;Personen in eenoudergezin met moeder;2008;0;0;0;0;0;0;0;0
8789;Mannen en vrouwen;Guinee-Bissau;Personen in eenoudergezin met moeder;2009;0;0;0;0;0;0;0;0
8790;Mannen en vrouwen;Guinee-Bissau;Personen in samenwonend paar met kin...;1995;0;0;0;0;0;0;0;0
8791;Mannen en vrouwen;Guinee-Bissau;Personen in samenwonend paar met kin...;1996;0;0;0;0;0;0;0;0
8792;Mannen en vrouwen;Guinee-Bissau;Personen in samenwonend paar met kin...;1997;0;0;0;0;0;0;0;0
8793;Mannen en vrouwen;Guinee-Bissau;Personen in samenwonend paar met kin...;1998;0;0;0;0;0;0;0;0
8794;Mannen en vrouwen;Guinee-Bissau;Personen in samenwonend paar met kin...;1999;0;0;0;0;0;0;0;0
8795;Mannen en vrouwen;Guinee-Bissau;Personen in samenwonend paar met kin...;2000;0;2;2;-2;-2;0;0;0
8796;Mannen en vrouwen;Guinee-Bissau;Personen in samenwonend paar met kin...;2001;0;0;0;0;0;0;0;0
8797;Mannen en vrouwen;Guinee-Bissau;Personen in samenwonend paar met kin...;2002;0;0;0;0;0;0;0;0
8798;Mannen en vrouwen;Guinee-Bissau;Personen in samenwonend paar met kin...;2003;0;0;0;0;0;0;0;0
8799;Mannen en vrouwen;Guinee-Bissau;Personen in samenwonend paar met kin...;2004;0;0;0;0;0;0;0;0
8800;Mannen en vrouwen;Guinee-Bissau;Personen in samenwonend paar met kin...;2005;0;0;0;0;0;0;0;0
8801;Mannen en vrouwen;Guinee-Bissau;Personen in samenwonend paar met kin...;2006;0;0;0;0;0;0;0;0
8802;Mannen en vrouwen;Guinee-Bissau;Personen in samenwonend paar met kin...;2007;0;0;0;0;0;0;0;0
8803;Mannen en vrouwen;Guinee-Bissau;Personen in samenwonend paar met kin...;2008;0;0;0;0;0;0;0;0
8804;Mannen en vrouwen;Guinee-Bissau;Personen in samenwonend paar met kin...;2009;0;1;0;-1;0;0;1;-1
8805;Mannen en vrouwen;Guinee-Bissau;Alleengaanden;1995;12;10;6;2;6;0;4;-4
8806;Mannen en vrouwen;Guinee-Bissau;Alleengaanden;1996;8;10;5;-2;3;1;6;-5
8807;Mannen en vrouwen;Guinee-Bissau;Alleengaanden;1997;10;5;2;5;8;0;3;-3
8808;Mannen en vrouwen;Guinee-Bissau;Alleengaanden;1998;20;6;4;14;16;0;2;-2
8809;Mannen en vrouwen;Guinee-Bissau;Alleengaanden;1999;29;6;1;23;28;1;6;-5
8810;Mannen en vrouwen;Guinee-Bissau;Alleengaanden;2000;21;9;1;12;20;1;9;-8
8811;Mannen en vrouwen;Guinee-Bissau;Alleengaanden;2001;32;4;1;28;31;2;5;-3
8812;Mannen en vrouwen;Guinee-Bissau;Alleengaanden;2002;31;9;0;22;31;1;10;-9
8813;Mannen en vrouwen;Guinee-Bissau;Alleengaanden;2003;25;17;8;8;17;3;12;-9
8814;Mannen en vrouwen;Guinee-Bissau;Alleengaanden;2004;14;15;0;-1;14;3;18;-15
8815;Mannen en vrouwen;Guinee-Bissau;Alleengaanden;2005;15;19;2;-4;13;2;19;-17
8816;Mannen en vrouwen;Guinee-Bissau;Alleengaanden;2006;12;9;0;3;12;6;15;-9
8817;Mannen en vrouwen;Guinee-Bissau;Alleengaanden;2007;8;11;6;-3;2;7;12;-5
8818;Mannen en vrouwen;Guinee-Bissau;Alleengaanden;2008;34;8;3;26;31;9;14;-5
8819;Mannen en vrouwen;Guinee-Bissau;Alleengaanden;2009;21;22;8;-1;13;10;24;-14
8820;Mannen en vrouwen;Guyana;Totaal personen;1995;56;53;27;3;29;15;41;-26
8821;Mannen en vrouwen;Guyana;Totaal personen;1996;82;49;23;33;59;14;40;-26
8822;Mannen en vrouwen;Guyana;Totaal personen;1997;75;53;24;22;51;14;43;-29
8823;Mannen en vrouwen;Guyana;Totaal personen;1998;105;42;24;63;81;16;34;-18
8824;Mannen en vrouwen;Guyana;Totaal personen;1999;94;36;23;58;71;10;23;-13
8825;Mannen en vrouwen;Guyana;Totaal personen;2000;63;36;24;27;39;17;29;-12
8826;Mannen en vrouwen;Guyana;Totaal personen;2001;59;39;20;20;39;9;28;-19
8827;Mannen en vrouwen;Guyana;Totaal personen;2002;73;36;23;37;50;16;29;-13
8828;Mannen en vrouwen;Guyana;Totaal personen;2003;75;42;25;33;50;13;30;-17
8829;Mannen en vrouwen;Guyana;Totaal personen;2004;50;37;20;13;30;15;32;-17
8830;Mannen en vrouwen;Guyana;Totaal personen;2005;32;50;20;-18;12;17;47;-30
8831;Mannen en vrouwen;Guyana;Totaal personen;2006;52;46;26;6;26;28;48;-20
8832;Mannen en vrouwen;Guyana;Totaal personen;2007;28;48;22;-20;6;13;39;-26
8833;Mannen en vrouwen;Guyana;Totaal personen;2008;39;37;26;2;13;27;38;-11
8834;Mannen en vrouwen;Guyana;Totaal personen;2009;20;19;20;1;0;18;17;1
8835;Mannen en vrouwen;Guyana;Totaal in gezinsverband;1995;8;18;7;-10;1;0;11;-11
8836;Mannen en vrouwen;Guyana;Totaal in gezinsverband;1996;12;9;9;3;3;2;2;0
8837;Mannen en vrouwen;Guyana;Totaal in gezinsverband;1997;11;17;7;-6;4;0;10;-10
8838;Mannen en vrouwen;Guyana;Totaal in gezinsverband;1998;8;13;10;-5;-2;2;5;-3
8839;Mannen en vrouwen;Guyana;Totaal in gezinsverband;1999;9;6;3;3;6;0;3;-3
8840;Mannen en vrouwen;Guyana;Totaal in gezinsverband;2000;12;16;14;-4;-2;0;2;-2
8841;Mannen en vrouwen;Guyana;Totaal in gezinsverband;2001;6;4;4;2;2;0;0;0
8842;Mannen en vrouwen;Guyana;Totaal in gezinsverband;2002;3;10;10;-7;-7;1;1;0
8843;Mannen en vrouwen;Guyana;Totaal in gezinsverband;2003;14;10;9;4;5;0;1;-1
8844;Mannen en vrouwen;Guyana;Totaal in gezinsverband;2004;5;8;5;-3;0;0;3;-3
8845;Mannen en vrouwen;Guyana;Totaal in gezinsverband;2005;7;16;7;-9;0;3;12;-9
8846;Mannen en vrouwen;Guyana;Totaal in gezinsverband;2006;8;16;12;-8;-4;3;7;-4
8847;Mannen en vrouwen;Guyana;Totaal in gezinsverband;2007;6;15;7;-9;-1;1;9;-8
8848;Mannen en vrouwen;Guyana;Totaal in gezinsverband;2008;9;6;8;3;1;2;0;2
8849;Mannen en vrouwen;Guyana;Totaal in gezinsverband;2009;3;5;5;-2;-2;0;0;0
8850;Mannen en vrouwen;Guyana;Personen in echtpaar;1995;2;8;5;-6;-3;0;3;-3
8851;Mannen en vrouwen;Guyana;Personen in echtpaar;1996;5;6;5;-1;0;1;2;-1
8852;Mannen en vrouwen;Guyana;Personen in echtpaar;1997;3;12;7;-9;-4;0;5;-5
8853;Mannen en vrouwen;Guyana;Personen in echtpaar;1998;0;8;8;-8;-8;0;0;0
8854;Mannen en vrouwen;Guyana;Personen in echtpaar;1999;1;2;2;-1;-1;0;0;0
8855;Mannen en vrouwen;Guyana;Personen in echtpaar;2000;3;7;6;-4;-3;0;1;-1
8856;Mannen en vrouwen;Guyana;Personen in echtpaar;2001;1;2;2;-1;-1;0;0;0
8857;Mannen en vrouwen;Guyana;Personen in echtpaar;2002;0;10;10;-10;-10;0;0;0
8858;Mannen en vrouwen;Guyana;Personen in echtpaar;2003;4;7;6;-3;-2;0;1;-1
8859;Mannen en vrouwen;Guyana;Personen in echtpaar;2004;3;0;0;3;3;0;0;0
8860;Mannen en vrouwen;Guyana;Personen in echtpaar;2005;2;6;3;-4;-1;3;6;-3
8861;Mannen en vrouwen;Guyana;Personen in echtpaar;2006;0;11;9;-11;-9;0;2;-2
8862;Mannen en vrouwen;Guyana;Personen in echtpaar;2007;1;3;2;-2;-1;0;1;-1
8863;Mannen en vrouwen;Guyana;Personen in echtpaar;2008;1;6;6;-5;-5;0;0;0
8864;Mannen en vrouwen;Guyana;Personen in echtpaar;2009;1;2;2;-1;-1;0;0;0
8865;Mannen en vrouwen;Guyana;Personen in eenoudergezin met vader;1995;0;2;0;-2;0;0;2;-2
8866;Mannen en vrouwen;Guyana;Personen in eenoudergezin met vader;1996;0;0;0;0;0;0;0;0
8867;Mannen en vrouwen;Guyana;Personen in eenoudergezin met vader;1997;0;1;0;-1;0;0;1;-1
8868;Mannen en vrouwen;Guyana;Personen in eenoudergezin met vader;1998;0;1;0;-1;0;0;1;-1
8869;Mannen en vrouwen;Guyana;Personen in eenoudergezin met vader;1999;0;0;0;0;0;0;0;0
8870;Mannen en vrouwen;Guyana;Personen in eenoudergezin met vader;2000;0;0;0;0;0;0;0;0
8871;Mannen en vrouwen;Guyana;Personen in eenoudergezin met vader;2001;1;0;0;1;1;0;0;0
8872;Mannen en vrouwen;Guyana;Personen in eenoudergezin met vader;2002;0;1;0;-1;0;0;1;-1
8873;Mannen en vrouwen;Guyana;Personen in eenoudergezin met vader;2003;1;0;0;1;1;0;0;0
8874;Mannen en vrouwen;Guyana;Personen in eenoudergezin met vader;2004;0;2;0;-2;0;0;2;-2
8875;Mannen en vrouwen;Guyana;Personen in eenoudergezin met vader;2005;0;1;0;-1;0;0;1;-1
8876;Mannen en vrouwen;Guyana;Personen in eenoudergezin met vader;2006;0;1;1;-1;-1;1;1;0
8877;Mannen en vrouwen;Guyana;Personen in eenoudergezin met vader;2007;2;0;0;2;2;0;0;0
8878;Mannen en vrouwen;Guyana;Personen in eenoudergezin met vader;2008;0;0;0;0;0;0;0;0
8879;Mannen en vrouwen;Guyana;Personen in eenoudergezin met vader;2009;0;0;0;0;0;0;0;0
8880;Mannen en vrouwen;Guyana;Personen in eenoudergezin met moeder;1995;6;8;2;-2;4;0;6;-6
8881;Mannen en vrouwen;Guyana;Personen in eenoudergezin met moeder;1996;7;3;4;4;3;1;0;1
8882;Mannen en vrouwen;Guyana;Personen in eenoudergezin met moeder;1997;8;4;0;4;8;0;4;-4
8883;Mannen en vrouwen;Guyana;Personen in eenoudergezin met moeder;1998;7;4;2;3;5;2;4;-2
8884;Mannen en vrouwen;Guyana;Personen in eenoudergezin met moeder;1999;8;4;1;4;7;0;3;-3
8885;Mannen en vrouwen;Guyana;Personen in eenoudergezin met moeder;2000;8;9;8;-1;0;0;1;-1
8886;Mannen en vrouwen;Guyana;Personen in eenoudergezin met moeder;2001;4;0;0;4;4;0;0;0
8887;Mannen en vrouwen;Guyana;Personen in eenoudergezin met moeder;2002;3;-1;0;4;3;1;0;1
8888;Mannen en vrouwen;Guyana;Personen in eenoudergezin met moeder;2003;9;3;3;6;6;0;0;0
8889;Mannen en vrouwen;Guyana;Personen in eenoudergezin met moeder;2004;2;4;3;-2;-1;0;1;-1
8890;Mannen en vrouwen;Guyana;Personen in eenoudergezin met moeder;2005;5;8;3;-3;2;0;5;-5
8891;Mannen en vrouwen;Guyana;Personen in eenoudergezin met moeder;2006;8;3;2;5;6;2;3;-1
8892;Mannen en vrouwen;Guyana;Personen in eenoudergezin met moeder;2007;3;11;4;-8;-1;1;8;-7
8893;Mannen en vrouwen;Guyana;Personen in eenoudergezin met moeder;2008;8;0;2;8;6;2;0;2
8894;Mannen en vrouwen;Guyana;Personen in eenoudergezin met moeder;2009;2;2;2;0;0;0;0;0
8895;Mannen en vrouwen;Guyana;Personen in samenwonend paar met kin...;1995;0;0;0;0;0;0;0;0
8896;Mannen en vrouwen;Guyana;Personen in samenwonend paar met kin...;1996;0;0;0;0;0;0;0;0
8897;Mannen en vrouwen;Guyana;Personen in samenwonend paar met kin...;1997;0;0;0;0;0;0;0;0
8898;Mannen en vrouwen;Guyana;Personen in samenwonend paar met kin...;1998;1;0;0;1;1;0;0;0
8899;Mannen en vrouwen;Guyana;Personen in samenwonend paar met kin...;1999;0;0;0;0;0;0;0;0
8900;Mannen en vrouwen;Guyana;Personen in samenwonend paar met kin...;2000;1;0;0;1;1;0;0;0
8901;Mannen en vrouwen;Guyana;Personen in samenwonend paar met kin...;2001;0;2;2;-2;-2;0;0;0
8902;Mannen en vrouwen;Guyana;Personen in samenwonend paar met kin...;2002;0;0;0;0;0;0;0;0
8903;Mannen en vrouwen;Guyana;Personen in samenwonend paar met kin...;2003;0;0;0;0;0;0;0;0
8904;Mannen en vrouwen;Guyana;Personen in samenwonend paar met kin...;2004;0;2;2;-2;-2;0;0;0
8905;Mannen en vrouwen;Guyana;Personen in samenwonend paar met kin...;2005;0;1;1;-1;-1;0;0;0
8906;Mannen en vrouwen;Guyana;Personen in samenwonend paar met kin...;2006;0;1;0;-1;0;0;1;-1
8907;Mannen en vrouwen;Guyana;Personen in samenwonend paar met kin...;2007;0;1;1;-1;-1;0;0;0
8908;Mannen en vrouwen;Guyana;Personen in samenwonend paar met kin...;2008;0;0;0;0;0;0;0;0
8909;Mannen en vrouwen;Guyana;Personen in samenwonend paar met kin...;2009;0;1;1;-1;-1;0;0;0
8910;Mannen en vrouwen;Guyana;Alleengaanden;1995;48;35;20;13;28;15;30;-15
8911;Mannen en vrouwen;Guyana;Alleengaanden;1996;70;40;14;30;56;12;38;-26
8912;Mannen en vrouwen;Guyana;Alleengaanden;1997;64;36;17;28;47;14;33;-19
8913;Mannen en vrouwen;Guyana;Alleengaanden;1998;97;29;14;68;83;14;29;-15
8914;Mannen en vrouwen;Guyana;Alleengaanden;1999;85;30;20;55;65;10;20;-10
8915;Mannen en vrouwen;Guyana;Alleengaanden;2000;51;20;10;31;41;17;27;-10
8916;Mannen en vrouwen;Guyana;Alleengaanden;2001;53;35;16;18;37;9;28;-19
8917;Mannen en vrouwen;Guyana;Alleengaanden;2002;70;26;13;44;57;15;28;-13
8918;Mannen en vrouwen;Guyana;Alleengaanden;2003;61;32;16;29;45;13;29;-16
8919;Mannen en vrouwen;Guyana;Alleengaanden;2004;45;29;15;16;30;15;29;-14
8920;Mannen en vrouwen;Guyana;Alleengaanden;2005;25;34;13;-9;12;14;35;-21
8921;Mannen en vrouwen;Guyana;Alleengaanden;2006;44;30;14;14;30;25;41;-16
8922;Mannen en vrouwen;Guyana;Alleengaanden;2007;22;33;15;-11;7;12;30;-18
8923;Mannen en vrouwen;Guyana;Alleengaanden;2008;30;31;18;-1;12;25;38;-13
8924;Mannen en vrouwen;Guyana;Alleengaanden;2009;17;14;15;3;2;18;17;1
8925;Mannen en vrouwen;Haïti;Totaal personen;1995;32;9;6;23;26;1;4;-3
8926;Mannen en vrouwen;Haïti;Totaal personen;1996;37;13;11;24;26;1;3;-2
8927;Mannen en vrouwen;Haïti;Totaal personen;1997;19;7;4;12;15;1;4;-3
8928;Mannen en vrouwen;Haïti;Totaal personen;1998;49;8;4;41;45;1;5;-4
8929;Mannen en vrouwen;Haïti;Totaal personen;1999;82;9;7;73;75;2;4;-2
8930;Mannen en vrouwen;Haïti;Totaal personen;2000;88;19;8;69;80;1;12;-11
8931;Mannen en vrouwen;Haïti;Totaal personen;2001;101;7;7;94;94;5;5;0
8932;Mannen en vrouwen;Haïti;Totaal personen;2002;104;12;8;92;96;3;7;-4
8933;Mannen en vrouwen;Haïti;Totaal personen;2003;109;15;5;94;104;3;13;-10
8934;Mannen en vrouwen;Haïti;Totaal personen;2004;80;12;10;68;70;7;9;-2
8935;Mannen en vrouwen;Haïti;Totaal personen;2005;68;18;7;50;61;5;16;-11
8936;Mannen en vrouwen;Haïti;Totaal personen;2006;56;15;14;41;42;7;8;-1
8937;Mannen en vrouwen;Haïti;Totaal personen;2007;45;23;7;22;38;7;23;-16
8938;Mannen en vrouwen;Haïti;Totaal personen;2008;115;27;19;88;96;8;16;-8
8939;Mannen en vrouwen;Haïti;Totaal personen;2009;85;16;13;69;72;6;9;-3
8940;Mannen en vrouwen;Haïti;Totaal in gezinsverband;1995;3;7;3;-4;0;0;4;-4
8941;Mannen en vrouwen;Haïti;Totaal in gezinsverband;1996;1;6;5;-5;-4;0;1;-1
8942;Mannen en vrouwen;Haïti;Totaal in gezinsverband;1997;3;2;2;1;1;0;0;0
8943;Mannen en vrouwen;Haïti;Totaal in gezinsverband;1998;1;3;2;-2;-1;0;1;-1
8944;Mannen en vrouwen;Haïti;Totaal in gezinsverband;1999;4;2;2;2;2;0;0;0
8945;Mannen en vrouwen;Haïti;Totaal in gezinsverband;2000;5;5;2;0;3;0;3;-3
8946;Mannen en vrouwen;Haïti;Totaal in gezinsverband;2001;6;-1;1;7;5;2;0;2
8947;Mannen en vrouwen;Haïti;Totaal in gezinsverband;2002;6;2;2;4;4;0;0;0
8948;Mannen en vrouwen;Haïti;Totaal in gezinsverband;2003;11;3;0;8;11;0;3;-3
8949;Mannen en vrouwen;Haïti;Totaal in gezinsverband;2004;6;2;1;4;5;0;1;-1
8950;Mannen en vrouwen;Haïti;Totaal in gezinsverband;2005;4;4;2;0;2;0;2;-2
8951;Mannen en vrouwen;Haïti;Totaal in gezinsverband;2006;2;2;3;0;-1;1;0;1
8952;Mannen en vrouwen;Haïti;Totaal in gezinsverband;2007;0;10;2;-10;-2;0;8;-8
8953;Mannen en vrouwen;Haïti;Totaal in gezinsverband;2008;2;10;8;-8;-6;0;2;-2
8954;Mannen en vrouwen;Haïti;Totaal in gezinsverband;2009;2;1;1;1;1;0;0;0
8955;Mannen en vrouwen;Haïti;Personen in echtpaar;1995;3;2;2;1;1;0;0;0
8956;Mannen en vrouwen;Haïti;Personen in echtpaar;1996;0;6;5;-6;-5;0;1;-1
8957;Mannen en vrouwen;Haïti;Personen in echtpaar;1997;2;0;0;2;2;0;0;0
8958;Mannen en vrouwen;Haïti;Personen in echtpaar;1998;0;3;2;-3;-2;0;1;-1
8959;Mannen en vrouwen;Haïti;Personen in echtpaar;1999;4;1;1;3;3;0;0;0
8960;Mannen en vrouwen;Haïti;Personen in echtpaar;2000;2;2;0;0;2;0;2;-2
8961;Mannen en vrouwen;Haïti;Personen in echtpaar;2001;2;0;0;2;2;0;0;0
8962;Mannen en vrouwen;Haïti;Personen in echtpaar;2002;2;2;2;0;0;0;0;0
8963;Mannen en vrouwen;Haïti;Personen in echtpaar;2003;2;0;0;2;2;0;0;0
8964;Mannen en vrouwen;Haïti;Personen in echtpaar;2004;0;1;1;-1;-1;0;0;0
8965;Mannen en vrouwen;Haïti;Personen in echtpaar;2005;0;0;0;0;0;0;0;0
8966;Mannen en vrouwen;Haïti;Personen in echtpaar;2006;0;0;0;0;0;0;0;0
8967;Mannen en vrouwen;Haïti;Personen in echtpaar;2007;0;7;0;-7;0;0;7;-7
8968;Mannen en vrouwen;Haïti;Personen in echtpaar;2008;0;6;6;-6;-6;0;0;0
8969;Mannen en vrouwen;Haïti;Personen in echtpaar;2009;0;0;0;0;0;0;0;0
8970;Mannen en vrouwen;Haïti;Personen in eenoudergezin met vader;1995;0;0;0;0;0;0;0;0
8971;Mannen en vrouwen;Haïti;Personen in eenoudergezin met vader;1996;0;0;0;0;0;0;0;0
8972;Mannen en vrouwen;Haïti;Personen in eenoudergezin met vader;1997;0;0;0;0;0;0;0;0
8973;Mannen en vrouwen;Haïti;Personen in eenoudergezin met vader;1998;0;0;0;0;0;0;0;0
8974;Mannen en vrouwen;Haïti;Personen in eenoudergezin met vader;1999;0;0;0;0;0;0;0;0
8975;Mannen en vrouwen;Haïti;Personen in eenoudergezin met vader;2000;0;3;2;-3;-2;0;1;-1
8976;Mannen en vrouwen;Haïti;Personen in eenoudergezin met vader;2001;1;1;1;0;0;0;0;0
8977;Mannen en vrouwen;Haïti;Personen in eenoudergezin met vader;2002;0;0;0;0;0;0;0;0
8978;Mannen en vrouwen;Haïti;Personen in eenoudergezin met vader;2003;4;0;0;4;4;0;0;0
8979;Mannen en vrouwen;Haïti;Personen in eenoudergezin met vader;2004;0;0;0;0;0;0;0;0
8980;Mannen en vrouwen;Haïti;Personen in eenoudergezin met vader;2005;0;0;0;0;0;0;0;0
8981;Mannen en vrouwen;Haïti;Personen in eenoudergezin met vader;2006;0;0;0;0;0;0;0;0
8982;Mannen en vrouwen;Haïti;Personen in eenoudergezin met vader;2007;0;1;0;-1;0;0;1;-1
8983;Mannen en vrouwen;Haïti;Personen in eenoudergezin met vader;2008;0;0;0;0;0;0;0;0
8984;Mannen en vrouwen;Haïti;Personen in eenoudergezin met vader;2009;0;0;0;0;0;0;0;0
8985;Mannen en vrouwen;Haïti;Personen in eenoudergezin met moeder;1995;0;5;1;-5;-1;0;4;-4
8986;Mannen en vrouwen;Haïti;Personen in eenoudergezin met moeder;1996;1;0;0;1;1;0;0;0
8987;Mannen en vrouwen;Haïti;Personen in eenoudergezin met moeder;1997;1;2;2;-1;-1;0;0;0
8988;Mannen en vrouwen;Haïti;Personen in eenoudergezin met moeder;1998;1;0;0;1;1;0;0;0
8989;Mannen en vrouwen;Haïti;Personen in eenoudergezin met moeder;1999;0;1;1;-1;-1;0;0;0
8990;Mannen en vrouwen;Haïti;Personen in eenoudergezin met moeder;2000;3;0;0;3;3;0;0;0
8991;Mannen en vrouwen;Haïti;Personen in eenoudergezin met moeder;2001;3;-2;0;5;3;2;0;2
8992;Mannen en vrouwen;Haïti;Personen in eenoudergezin met moeder;2002;4;0;0;4;4;0;0;0
8993;Mannen en vrouwen;Haïti;Personen in eenoudergezin met moeder;2003;5;3;0;2;5;0;3;-3
8994;Mannen en vrouwen;Haïti;Personen in eenoudergezin met moeder;2004;6;1;0;5;6;0;1;-1
8995;Mannen en vrouwen;Haïti;Personen in eenoudergezin met moeder;2005;4;4;2;0;2;0;2;-2
8996;Mannen en vrouwen;Haïti;Personen in eenoudergezin met moeder;2006;2;2;3;0;-1;1;0;1
8997;Mannen en vrouwen;Haïti;Personen in eenoudergezin met moeder;2007;0;1;1;-1;-1;0;0;0
8998;Mannen en vrouwen;Haïti;Personen in eenoudergezin met moeder;2008;1;3;2;-2;-1;0;1;-1
8999;Mannen en vrouwen;Haïti;Personen in eenoudergezin met moeder;2009;2;1;1;1;1;0;0;0
9000;Mannen en vrouwen;Haïti;Personen in samenwonend paar met kin...;1995;0;0;0;0;0;0;0;0
9001;Mannen en vrouwen;Haïti;Personen in samenwonend paar met kin...;1996;0;0;0;0;0;0;0;0
9002;Mannen en vrouwen;Haïti;Personen in samenwonend paar met kin...;1997;0;0;0;0;0;0;0;0
9003;Mannen en vrouwen;Haïti;Personen in samenwonend paar met kin...;1998;0;0;0;0;0;0;0;0
9004;Mannen en vrouwen;Haïti;Personen in samenwonend paar met kin...;1999;0;0;0;0;0;0;0;0
9005;Mannen en vrouwen;Haïti;Personen in samenwonend paar met kin...;2000;0;0;0;0;0;0;0;0
9006;Mannen en vrouwen;Haïti;Personen in samenwonend paar met kin...;2001;0;0;0;0;0;0;0;0
9007;Mannen en vrouwen;Haïti;Personen in samenwonend paar met kin...;2002;0;0;0;0;0;0;0;0
9008;Mannen en vrouwen;Haïti;Personen in samenwonend paar met kin...;2003;0;0;0;0;0;0;0;0
9009;Mannen en vrouwen;Haïti;Personen in samenwonend paar met kin...;2004;0;0;0;0;0;0;0;0
9010;Mannen en vrouwen;Haïti;Personen in samenwonend paar met kin...;2005;0;0;0;0;0;0;0;0
9011;Mannen en vrouwen;Haïti;Personen in samenwonend paar met kin...;2006;0;0;0;0;0;0;0;0
9012;Mannen en vrouwen;Haïti;Personen in samenwonend paar met kin...;2007;0;1;1;-1;-1;0;0;0
9013;Mannen en vrouwen;Haïti;Personen in samenwonend paar met kin...;2008;1;1;0;0;1;0;1;-1
9014;Mannen en vrouwen;Haïti;Personen in samenwonend paar met kin...;2009;0;0;0;0;0;0;0;0
9015;Mannen en vrouwen;Haïti;Alleengaanden;1995;29;2;3;27;26;1;0;1
9016;Mannen en vrouwen;Haïti;Alleengaanden;1996;36;7;6;29;30;1;2;-1
9017;Mannen en vrouwen;Haïti;Alleengaanden;1997;16;5;2;11;14;1;4;-3
9018;Mannen en vrouwen;Haïti;Alleengaanden;1998;48;5;2;43;46;1;4;-3
9019;Mannen en vrouwen;Haïti;Alleengaanden;1999;78;7;5;71;73;2;4;-2
9020;Mannen en vrouwen;Haïti;Alleengaanden;2000;83;14;6;69;77;1;9;-8
9021;Mannen en vrouwen;Haïti;Alleengaanden;2001;95;8;6;87;89;3;5;-2
9022;Mannen en vrouwen;Haïti;Alleengaanden;2002;98;10;6;88;92;3;7;-4
9023;Mannen en vrouwen;Haïti;Alleengaanden;2003;98;12;5;86;93;3;10;-7
9024;Mannen en vrouwen;Haïti;Alleengaanden;2004;74;10;9;64;65;7;8;-1
9025;Mannen en vrouwen;Haïti;Alleengaanden;2005;64;14;5;50;59;5;14;-9
9026;Mannen en vrouwen;Haïti;Alleengaanden;2006;54;13;11;41;43;6;8;-2
9027;Mannen en vrouwen;Haïti;Alleengaanden;2007;45;13;5;32;40;7;15;-8
9028;Mannen en vrouwen;Haïti;Alleengaanden;2008;113;17;11;96;102;8;14;-6
9029;Mannen en vrouwen;Haïti;Alleengaanden;2009;83;15;12;68;71;6;9;-3
9030;Mannen en vrouwen;Honduras;Totaal personen;1995;21;8;8;13;13;0;0;0
9031;Mannen en vrouwen;Honduras;Totaal personen;1996;24;9;6;15;18;1;4;-3
9032;Mannen en vrouwen;Honduras;Totaal personen;1997;18;8;6;10;12;1;3;-2
9033;Mannen en vrouwen;Honduras;Totaal personen;1998;23;11;12;12;11;2;1;1
9034;Mannen en vrouwen;Honduras;Totaal personen;1999;17;13;12;4;5;1;2;-1
9035;Mannen en vrouwen;Honduras;Totaal personen;2000;22;3;3;19;19;2;2;0
9036;Mannen en vrouwen;Honduras;Totaal personen;2001;25;16;15;9;10;0;1;-1
9037;Mannen en vrouwen;Honduras;Totaal personen;2002;28;5;1;23;27;1;5;-4
9038;Mannen en vrouwen;Honduras;Totaal personen;2003;31;17;14;14;17;2;5;-3
9039;Mannen en vrouwen;Honduras;Totaal personen;2004;26;18;13;8;13;0;5;-5
9040;Mannen en vrouwen;Honduras;Totaal personen;2005;27;11;10;16;17;2;3;-1
9041;Mannen en vrouwen;Honduras;Totaal personen;2006;20;10;6;10;14;2;6;-4
9042;Mannen en vrouwen;Honduras;Totaal personen;2007;21;18;13;3;8;1;6;-5
9043;Mannen en vrouwen;Honduras;Totaal personen;2008;28;20;11;8;17;4;13;-9
9044;Mannen en vrouwen;Honduras;Totaal personen;2009;30;6;5;24;25;3;4;-1
9045;Mannen en vrouwen;Honduras;Totaal in gezinsverband;1995;8;5;5;3;3;0;0;0
9046;Mannen en vrouwen;Honduras;Totaal in gezinsverband;1996;7;1;1;6;6;0;0;0
9047;Mannen en vrouwen;Honduras;Totaal in gezinsverband;1997;2;0;0;2;2;0;0;0
9048;Mannen en vrouwen;Honduras;Totaal in gezinsverband;1998;10;8;8;2;2;0;0;0
9049;Mannen en vrouwen;Honduras;Totaal in gezinsverband;1999;4;7;7;-3;-3;0;0;0
9050;Mannen en vrouwen;Honduras;Totaal in gezinsverband;2000;7;0;0;7;7;0;0;0
9051;Mannen en vrouwen;Honduras;Totaal in gezinsverband;2001;6;7;7;-1;-1;0;0;0
9052;Mannen en vrouwen;Honduras;Totaal in gezinsverband;2002;10;2;0;8;10;0;2;-2
9053;Mannen en vrouwen;Honduras;Totaal in gezinsverband;2003;6;10;9;-4;-3;1;2;-1
9054;Mannen en vrouwen;Honduras;Totaal in gezinsverband;2004;6;7;6;-1;0;0;1;-1
9055;Mannen en vrouwen;Honduras;Totaal in gezinsverband;2005;9;4;4;5;5;0;0;0
9056;Mannen en vrouwen;Honduras;Totaal in gezinsverband;2006;5;2;2;3;3;0;0;0
9057;Mannen en vrouwen;Honduras;Totaal in gezinsverband;2007;5;7;6;-2;-1;0;1;-1
9058;Mannen en vrouwen;Honduras;Totaal in gezinsverband;2008;8;9;8;-1;0;0;1;-1
9059;Mannen en vrouwen;Honduras;Totaal in gezinsverband;2009;8;0;0;8;8;0;0;0
9060;Mannen en vrouwen;Honduras;Personen in echtpaar;1995;3;5;5;-2;-2;0;0;0
9061;Mannen en vrouwen;Honduras;Personen in echtpaar;1996;2;1;1;1;1;0;0;0
9062;Mannen en vrouwen;Honduras;Personen in echtpaar;1997;1;0;0;1;1;0;0;0
9063;Mannen en vrouwen;Honduras;Personen in echtpaar;1998;1;4;4;-3;-3;0;0;0
9064;Mannen en vrouwen;Honduras;Personen in echtpaar;1999;2;6;6;-4;-4;0;0;0
9065;Mannen en vrouwen;Honduras;Personen in echtpaar;2000;1;0;0;1;1;0;0;0
9066;Mannen en vrouwen;Honduras;Personen in echtpaar;2001;0;1;1;-1;-1;0;0;0
9067;Mannen en vrouwen;Honduras;Personen in echtpaar;2002;3;2;0;1;3;0;2;-2
9068;Mannen en vrouwen;Honduras;Personen in echtpaar;2003;1;6;6;-5;-5;1;1;0
9069;Mannen en vrouwen;Honduras;Personen in echtpaar;2004;0;4;4;-4;-4;0;0;0
9070;Mannen en vrouwen;Honduras;Personen in echtpaar;2005;0;2;2;-2;-2;0;0;0
9071;Mannen en vrouwen;Honduras;Personen in echtpaar;2006;1;0;0;1;1;0;0;0
9072;Mannen en vrouwen;Honduras;Personen in echtpaar;2007;2;4;4;-2;-2;0;0;0
9073;Mannen en vrouwen;Honduras;Personen in echtpaar;2008;3;5;4;-2;-1;0;1;-1
9074;Mannen en vrouwen;Honduras;Personen in echtpaar;2009;3;0;0;3;3;0;0;0
9075;Mannen en vrouwen;Honduras;Personen in eenoudergezin met vader;1995;3;0;0;3;3;0;0;0
9076;Mannen en vrouwen;Honduras;Personen in eenoudergezin met vader;1996;0;0;0;0;0;0;0;0
9077;Mannen en vrouwen;Honduras;Personen in eenoudergezin met vader;1997;0;0;0;0;0;0;0;0
9078;Mannen en vrouwen;Honduras;Personen in eenoudergezin met vader;1998;1;0;0;1;1;0;0;0
9079;Mannen en vrouwen;Honduras;Personen in eenoudergezin met vader;1999;0;0;0;0;0;0;0;0
9080;Mannen en vrouwen;Honduras;Personen in eenoudergezin met vader;2000;0;0;0;0;0;0;0;0
9081;Mannen en vrouwen;Honduras;Personen in eenoudergezin met vader;2001;0;2;2;-2;-2;0;0;0
9082;Mannen en vrouwen;Honduras;Personen in eenoudergezin met vader;2002;0;0;0;0;0;0;0;0
9083;Mannen en vrouwen;Honduras;Personen in eenoudergezin met vader;2003;0;0;0;0;0;0;0;0
9084;Mannen en vrouwen;Honduras;Personen in eenoudergezin met vader;2004;0;0;0;0;0;0;0;0
9085;Mannen en vrouwen;Honduras;Personen in eenoudergezin met vader;2005;0;0;0;0;0;0;0;0
9086;Mannen en vrouwen;Honduras;Personen in eenoudergezin met vader;2006;0;0;0;0;0;0;0;0
9087;Mannen en vrouwen;Honduras;Personen in eenoudergezin met vader;2007;0;0;0;0;0;0;0;0
9088;Mannen en vrouwen;Honduras;Personen in eenoudergezin met vader;2008;2;0;0;2;2;0;0;0
9089;Mannen en vrouwen;Honduras;Personen in eenoudergezin met vader;2009;0;0;0;0;0;0;0;0
9090;Mannen en vrouwen;Honduras;Personen in eenoudergezin met moeder;1995;2;0;0;2;2;0;0;0
9091;Mannen en vrouwen;Honduras;Personen in eenoudergezin met moeder;1996;5;0;0;5;5;0;0;0
9092;Mannen en vrouwen;Honduras;Personen in eenoudergezin met moeder;1997;1;0;0;1;1;0;0;0
9093;Mannen en vrouwen;Honduras;Personen in eenoudergezin met moeder;1998;8;4;4;4;4;0;0;0
9094;Mannen en vrouwen;Honduras;Personen in eenoudergezin met moeder;1999;2;1;1;1;1;0;0;0
9095;Mannen en vrouwen;Honduras;Personen in eenoudergezin met moeder;2000;6;0;0;6;6;0;0;0
9096;Mannen en vrouwen;Honduras;Personen in eenoudergezin met moeder;2001;6;4;4;2;2;0;0;0
9097;Mannen en vrouwen;Honduras;Personen in eenoudergezin met moeder;2002;7;0;0;7;7;0;0;0
9098;Mannen en vrouwen;Honduras;Personen in eenoudergezin met moeder;2003;5;4;3;1;2;0;1;-1
9099;Mannen en vrouwen;Honduras;Personen in eenoudergezin met moeder;2004;6;3;2;3;4;0;1;-1
9100;Mannen en vrouwen;Honduras;Personen in eenoudergezin met moeder;2005;9;2;2;7;7;0;0;0
9101;Mannen en vrouwen;Honduras;Personen in eenoudergezin met moeder;2006;4;2;2;2;2;0;0;0
9102;Mannen en vrouwen;Honduras;Personen in eenoudergezin met moeder;2007;3;2;1;1;2;0;1;-1
9103;Mannen en vrouwen;Honduras;Personen in eenoudergezin met moeder;2008;1;2;2;-1;-1;0;0;0
9104;Mannen en vrouwen;Honduras;Personen in eenoudergezin met moeder;2009;5;0;0;5;5;0;0;0
9105;Mannen en vrouwen;Honduras;Personen in samenwonend paar met kin...;1995;0;0;0;0;0;0;0;0
9106;Mannen en vrouwen;Honduras;Personen in samenwonend paar met kin...;1996;0;0;0;0;0;0;0;0
9107;Mannen en vrouwen;Honduras;Personen in samenwonend paar met kin...;1997;0;0;0;0;0;0;0;0
9108;Mannen en vrouwen;Honduras;Personen in samenwonend paar met kin...;1998;0;0;0;0;0;0;0;0
9109;Mannen en vrouwen;Honduras;Personen in samenwonend paar met kin...;1999;0;0;0;0;0;0;0;0
9110;Mannen en vrouwen;Honduras;Personen in samenwonend paar met kin...;2000;0;0;0;0;0;0;0;0
9111;Mannen en vrouwen;Honduras;Personen in samenwonend paar met kin...;2001;0;0;0;0;0;0;0;0
9112;Mannen en vrouwen;Honduras;Personen in samenwonend paar met kin...;2002;0;0;0;0;0;0;0;0
9113;Mannen en vrouwen;Honduras;Personen in samenwonend paar met kin...;2003;0;0;0;0;0;0;0;0
9114;Mannen en vrouwen;Honduras;Personen in samenwonend paar met kin...;2004;0;0;0;0;0;0;0;0
9115;Mannen en vrouwen;Honduras;Personen in samenwonend paar met kin...;2005;0;0;0;0;0;0;0;0
9116;Mannen en vrouwen;Honduras;Personen in samenwonend paar met kin...;2006;0;0;0;0;0;0;0;0
9117;Mannen en vrouwen;Honduras;Personen in samenwonend paar met kin...;2007;0;1;1;-1;-1;0;0;0
9118;Mannen en vrouwen;Honduras;Personen in samenwonend paar met kin...;2008;2;2;2;0;0;0;0;0
9119;Mannen en vrouwen;Honduras;Personen in samenwonend paar met kin...;2009;0;0;0;0;0;0;0;0
9120;Mannen en vrouwen;Honduras;Alleengaanden;1995;13;3;3;10;10;0;0;0
9121;Mannen en vrouwen;Honduras;Alleengaanden;1996;17;8;5;9;12;1;4;-3
9122;Mannen en vrouwen;Honduras;Alleengaanden;1997;16;8;6;8;10;1;3;-2
9123;Mannen en vrouwen;Honduras;Alleengaanden;1998;13;3;4;10;9;2;1;1
9124;Mannen en vrouwen;Honduras;Alleengaanden;1999;13;6;5;7;8;1;2;-1
9125;Mannen en vrouwen;Honduras;Alleengaanden;2000;15;3;3;12;12;2;2;0
9126;Mannen en vrouwen;Honduras;Alleengaanden;2001;19;9;8;10;11;0;1;-1
9127;Mannen en vrouwen;Honduras;Alleengaanden;2002;18;3;1;15;17;1;3;-2
9128;Mannen en vrouwen;Honduras;Alleengaanden;2003;25;7;5;18;20;1;3;-2
9129;Mannen en vrouwen;Honduras;Alleengaanden;2004;20;11;7;9;13;0;4;-4
9130;Mannen en vrouwen;Honduras;Alleengaanden;2005;18;7;6;11;12;2;3;-1
9131;Mannen en vrouwen;Honduras;Alleengaanden;2006;15;8;4;7;11;2;6;-4
9132;Mannen en vrouwen;Honduras;Alleengaanden;2007;16;11;7;5;9;1;5;-4
9133;Mannen en vrouwen;Honduras;Alleengaanden;2008;20;11;3;9;17;4;12;-8
9134;Mannen en vrouwen;Honduras;Alleengaanden;2009;22;6;5;16;17;3;4;-1
9135;Mannen en vrouwen;Hongarije;Totaal personen;1995;236;145;104;91;132;8;49;-41
9136;Mannen en vrouwen;Hongarije;Totaal personen;1996;383;191;113;192;270;10;88;-78
9137;Mannen en vrouwen;Hongarije;Totaal personen;1997;422;214;151;208;271;6;69;-63
9138;Mannen en vrouwen;Hongarije;Totaal personen;1998;492;246;166;246;326;6;86;-80
9139;Mannen en vrouwen;Hongarije;Totaal personen;1999;407;352;248;55;159;5;109;-104
9140;Mannen en vrouwen;Hongarije;Totaal personen;2000;488;251;185;237;303;9;75;-66
9141;Mannen en vrouwen;Hongarije;Totaal personen;2001;580;311;231;269;349;7;87;-80
9142;Mannen en vrouwen;Hongarije;Totaal personen;2002;472;280;199;192;273;15;96;-81
9143;Mannen en vrouwen;Hongarije;Totaal personen;2003;413;316;174;97;239;11;153;-142
9144;Mannen en vrouwen;Hongarije;Totaal personen;2004;592;468;286;124;306;24;206;-182
9145;Mannen en vrouwen;Hongarije;Totaal personen;2005;594;359;209;235;385;23;173;-150
9146;Mannen en vrouwen;Hongarije;Totaal personen;2006;586;483;232;103;354;44;295;-251
9147;Mannen en vrouwen;Hongarije;Totaal personen;2007;991;462;294;529;697;36;204;-168
9148;Mannen en vrouwen;Hongarije;Totaal personen;2008;1669;623;401;1046;1268;41;263;-222
9149;Mannen en vrouwen;Hongarije;Totaal personen;2009;2169;945;493;1224;1676;73;525;-452
9150;Mannen en vrouwen;Hongarije;Totaal in gezinsverband;1995;31;53;43;-22;-12;0;10;-10
9151;Mannen en vrouwen;Hongarije;Totaal in gezinsverband;1996;30;58;47;-28;-17;2;13;-11
9152;Mannen en vrouwen;Hongarije;Totaal in gezinsverband;1997;56;44;38;12;18;0;6;-6
9153;Mannen en vrouwen;Hongarije;Totaal in gezinsverband;1998;44;54;41;-10;3;0;13;-13
9154;Mannen en vrouwen;Hongarije;Totaal in gezinsverband;1999;30;65;60;-35;-30;1;6;-5
9155;Mannen en vrouwen;Hongarije;Totaal in gezinsverband;2000;55;45;37;10;18;0;8;-8
9156;Mannen en vrouwen;Hongarije;Totaal in gezinsverband;2001;36;63;60;-27;-24;2;5;-3
9157;Mannen en vrouwen;Hongarije;Totaal in gezinsverband;2002;47;54;45;-7;2;1;10;-9
9158;Mannen en vrouwen;Hongarije;Totaal in gezinsverband;2003;47;62;50;-15;-3;0;12;-12
9159;Mannen en vrouwen;Hongarije;Totaal in gezinsverband;2004;47;67;60;-20;-13;0;7;-7
9160;Mannen en vrouwen;Hongarije;Totaal in gezinsverband;2005;37;89;79;-52;-42;0;10;-10
9161;Mannen en vrouwen;Hongarije;Totaal in gezinsverband;2006;24;68;57;-44;-33;2;13;-11
9162;Mannen en vrouwen;Hongarije;Totaal in gezinsverband;2007;57;87;66;-30;-9;1;22;-21
9163;Mannen en vrouwen;Hongarije;Totaal in gezinsverband;2008;79;87;76;-8;3;1;12;-11
9164;Mannen en vrouwen;Hongarije;Totaal in gezinsverband;2009;111;85;63;26;48;7;29;-22
9165;Mannen en vrouwen;Hongarije;Personen in echtpaar;1995;16;46;39;-30;-23;0;7;-7
9166;Mannen en vrouwen;Hongarije;Personen in echtpaar;1996;13;49;39;-36;-26;2;12;-10
9167;Mannen en vrouwen;Hongarije;Personen in echtpaar;1997;21;31;28;-10;-7;0;3;-3
9168;Mannen en vrouwen;Hongarije;Personen in echtpaar;1998;20;36;24;-16;-4;0;12;-12
9169;Mannen en vrouwen;Hongarije;Personen in echtpaar;1999;10;53;51;-43;-41;0;2;-2
9170;Mannen en vrouwen;Hongarije;Personen in echtpaar;2000;21;32;25;-11;-4;0;7;-7
9171;Mannen en vrouwen;Hongarije;Personen in echtpaar;2001;6;45;44;-39;-38;2;3;-1
9172;Mannen en vrouwen;Hongarije;Personen in echtpaar;2002;17;37;33;-20;-16;1;5;-4
9173;Mannen en vrouwen;Hongarije;Personen in echtpaar;2003;13;43;43;-30;-30;0;0;0
9174;Mannen en vrouwen;Hongarije;Personen in echtpaar;2004;22;47;45;-25;-23;0;2;-2
9175;Mannen en vrouwen;Hongarije;Personen in echtpaar;2005;19;62;55;-43;-36;0;7;-7
9176;Mannen en vrouwen;Hongarije;Personen in echtpaar;2006;14;46;39;-32;-25;0;7;-7
9177;Mannen en vrouwen;Hongarije;Personen in echtpaar;2007;25;59;48;-34;-23;0;11;-11
9178;Mannen en vrouwen;Hongarije;Personen in echtpaar;2008;33;52;48;-19;-15;0;4;-4
9179;Mannen en vrouwen;Hongarije;Personen in echtpaar;2009;30;51;41;-21;-11;2;12;-10
9180;Mannen en vrouwen;Hongarije;Personen in eenoudergezin met vader;1995;2;0;0;2;2;0;0;0
9181;Mannen en vrouwen;Hongarije;Personen in eenoudergezin met vader;1996;3;1;1;2;2;0;0;0
9182;Mannen en vrouwen;Hongarije;Personen in eenoudergezin met vader;1997;1;0;0;1;1;0;0;0
9183;Mannen en vrouwen;Hongarije;Personen in eenoudergezin met vader;1998;4;0;0;4;4;0;0;0
9184;Mannen en vrouwen;Hongarije;Personen in eenoudergezin met vader;1999;0;0;0;0;0;0;0;0
9185;Mannen en vrouwen;Hongarije;Personen in eenoudergezin met vader;2000;1;2;2;-1;-1;0;0;0
9186;Mannen en vrouwen;Hongarije;Personen in eenoudergezin met vader;2001;1;0;0;1;1;0;0;0
9187;Mannen en vrouwen;Hongarije;Personen in eenoudergezin met vader;2002;1;3;3;-2;-2;0;0;0
9188;Mannen en vrouwen;Hongarije;Personen in eenoudergezin met vader;2003;8;5;0;3;8;0;5;-5
9189;Mannen en vrouwen;Hongarije;Personen in eenoudergezin met vader;2004;0;1;1;-1;-1;0;0;0
9190;Mannen en vrouwen;Hongarije;Personen in eenoudergezin met vader;2005;0;0;0;0;0;0;0;0
9191;Mannen en vrouwen;Hongarije;Personen in eenoudergezin met vader;2006;0;0;2;0;-2;2;0;2
9192;Mannen en vrouwen;Hongarije;Personen in eenoudergezin met vader;2007;4;3;0;1;4;0;3;-3
9193;Mannen en vrouwen;Hongarije;Personen in eenoudergezin met vader;2008;4;2;2;2;2;0;0;0
9194;Mannen en vrouwen;Hongarije;Personen in eenoudergezin met vader;2009;2;4;4;-2;-2;0;0;0
9195;Mannen en vrouwen;Hongarije;Personen in eenoudergezin met moeder;1995;12;7;4;5;8;0;3;-3
9196;Mannen en vrouwen;Hongarije;Personen in eenoudergezin met moeder;1996;13;4;3;9;10;0;1;-1
9197;Mannen en vrouwen;Hongarije;Personen in eenoudergezin met moeder;1997;33;13;10;20;23;0;3;-3
9198;Mannen en vrouwen;Hongarije;Personen in eenoudergezin met moeder;1998;20;14;13;6;7;0;1;-1
9199;Mannen en vrouwen;Hongarije;Personen in eenoudergezin met moeder;1999;20;12;9;8;11;0;3;-3
9200;Mannen en vrouwen;Hongarije;Personen in eenoudergezin met moeder;2000;33;7;6;26;27;0;1;-1
9201;Mannen en vrouwen;Hongarije;Personen in eenoudergezin met moeder;2001;24;18;16;6;8;0;2;-2
9202;Mannen en vrouwen;Hongarije;Personen in eenoudergezin met moeder;2002;28;14;9;14;19;0;5;-5
9203;Mannen en vrouwen;Hongarije;Personen in eenoudergezin met moeder;2003;23;8;6;15;17;0;2;-2
9204;Mannen en vrouwen;Hongarije;Personen in eenoudergezin met moeder;2004;21;17;12;4;9;0;5;-5
9205;Mannen en vrouwen;Hongarije;Personen in eenoudergezin met moeder;2005;18;17;17;1;1;0;0;0
9206;Mannen en vrouwen;Hongarije;Personen in eenoudergezin met moeder;2006;8;16;11;-8;-3;0;5;-5
9207;Mannen en vrouwen;Hongarije;Personen in eenoudergezin met moeder;2007;25;21;15;4;10;0;6;-6
9208;Mannen en vrouwen;Hongarije;Personen in eenoudergezin met moeder;2008;29;23;21;6;8;1;3;-2
9209;Mannen en vrouwen;Hongarije;Personen in eenoudergezin met moeder;2009;63;19;11;44;52;2;10;-8
9210;Mannen en vrouwen;Hongarije;Personen in samenwonend paar met kin...;1995;1;0;0;1;1;0;0;0
9211;Mannen en vrouwen;Hongarije;Personen in samenwonend paar met kin...;1996;1;4;4;-3;-3;0;0;0
9212;Mannen en vrouwen;Hongarije;Personen in samenwonend paar met kin...;1997;1;0;0;1;1;0;0;0
9213;Mannen en vrouwen;Hongarije;Personen in samenwonend paar met kin...;1998;0;4;4;-4;-4;0;0;0
9214;Mannen en vrouwen;Hongarije;Personen in samenwonend paar met kin...;1999;0;0;0;0;0;1;1;0
9215;Mannen en vrouwen;Hongarije;Personen in samenwonend paar met kin...;2000;0;4;4;-4;-4;0;0;0
9216;Mannen en vrouwen;Hongarije;Personen in samenwonend paar met kin...;2001;5;0;0;5;5;0;0;0
9217;Mannen en vrouwen;Hongarije;Personen in samenwonend paar met kin...;2002;1;0;0;1;1;0;0;0
9218;Mannen en vrouwen;Hongarije;Personen in samenwonend paar met kin...;2003;3;6;1;-3;2;0;5;-5
9219;Mannen en vrouwen;Hongarije;Personen in samenwonend paar met kin...;2004;4;2;2;2;2;0;0;0
9220;Mannen en vrouwen;Hongarije;Personen in samenwonend paar met kin...;2005;0;10;7;-10;-7;0;3;-3
9221;Mannen en vrouwen;Hongarije;Personen in samenwonend paar met kin...;2006;2;6;5;-4;-3;0;1;-1
9222;Mannen en vrouwen;Hongarije;Personen in samenwonend paar met kin...;2007;3;4;3;-1;0;1;2;-1
9223;Mannen en vrouwen;Hongarije;Personen in samenwonend paar met kin...;2008;13;10;5;3;8;0;5;-5
9224;Mannen en vrouwen;Hongarije;Personen in samenwonend paar met kin...;2009;16;11;7;5;9;3;7;-4
9225;Mannen en vrouwen;Hongarije;Alleengaanden;1995;205;92;61;113;144;8;39;-31
9226;Mannen en vrouwen;Hongarije;Alleengaanden;1996;353;133;66;220;287;8;75;-67
9227;Mannen en vrouwen;Hongarije;Alleengaanden;1997;366;170;113;196;253;6;63;-57
9228;Mannen en vrouwen;Hongarije;Alleengaanden;1998;448;192;125;256;323;6;73;-67
9229;Mannen en vrouwen;Hongarije;Alleengaanden;1999;377;287;188;90;189;4;103;-99
9230;Mannen en vrouwen;Hongarije;Alleengaanden;2000;433;206;148;227;285;9;67;-58
9231;Mannen en vrouwen;Hongarije;Alleengaanden;2001;544;248;171;296;373;5;82;-77
9232;Mannen en vrouwen;Hongarije;Alleengaanden;2002;425;226;154;199;271;14;86;-72
9233;Mannen en vrouwen;Hongarije;Alleengaanden;2003;366;254;124;112;242;11;141;-130
9234;Mannen en vrouwen;Hongarije;Alleengaanden;2004;545;401;226;144;319;24;199;-175
9235;Mannen en vrouwen;Hongarije;Alleengaanden;2005;557;270;130;287;427;23;163;-140
9236;Mannen en vrouwen;Hongarije;Alleengaanden;2006;562;415;175;147;387;42;282;-240
9237;Mannen en vrouwen;Hongarije;Alleengaanden;2007;934;375;228;559;706;35;182;-147
9238;Mannen en vrouwen;Hongarije;Alleengaanden;2008;1590;536;325;1054;1265;40;251;-211
9239;Mannen en vrouwen;Hongarije;Alleengaanden;2009;2058;860;430;1198;1628;66;496;-430
9240;Mannen en vrouwen;Hongkong;Totaal personen;1995;224;267;197;-43;27;8;78;-70
9241;Mannen en vrouwen;Hongkong;Totaal personen;1996;185;206;136;-21;49;12;82;-70
9242;Mannen en vrouwen;Hongkong;Totaal personen;1997;191;224;156;-33;35;18;86;-68
9243;Mannen en vrouwen;Hongkong;Totaal personen;1998;154;195;144;-41;10;12;63;-51
9244;Mannen en vrouwen;Hongkong;Totaal personen;1999;170;168;120;2;50;8;56;-48
9245;Mannen en vrouwen;Hongkong;Totaal personen;2000;148;135;99;13;49;13;49;-36
9246;Mannen en vrouwen;Hongkong;Totaal personen;2001;153;119;84;34;69;9;44;-35
9247;Mannen en vrouwen;Hongkong;Totaal personen;2002;158;132;96;26;62;18;54;-36
9248;Mannen en vrouwen;Hongkong;Totaal personen;2003;140;159;108;-19;32;11;62;-51
9249;Mannen en vrouwen;Hongkong;Totaal personen;2004;140;119;81;21;59;11;49;-38
9250;Mannen en vrouwen;Hongkong;Totaal personen;2005;145;162;87;-17;58;16;91;-75
9251;Mannen en vrouwen;Hongkong;Totaal personen;2006;182;235;146;-53;36;16;105;-89
9252;Mannen en vrouwen;Hongkong;Totaal personen;2007;172;190;139;-18;33;14;65;-51
9253;Mannen en vrouwen;Hongkong;Totaal personen;2008;182;189;114;-7;68;22;97;-75
9254;Mannen en vrouwen;Hongkong;Totaal personen;2009;169;215;142;-46;27;14;87;-73
9255;Mannen en vrouwen;Hongkong;Totaal in gezinsverband;1995;56;122;95;-66;-39;0;27;-27
9256;Mannen en vrouwen;Hongkong;Totaal in gezinsverband;1996;57;64;49;-7;8;0;15;-15
9257;Mannen en vrouwen;Hongkong;Totaal in gezinsverband;1997;34;106;85;-72;-51;1;22;-21
9258;Mannen en vrouwen;Hongkong;Totaal in gezinsverband;1998;23;75;62;-52;-39;4;17;-13
9259;Mannen en vrouwen;Hongkong;Totaal in gezinsverband;1999;28;59;49;-31;-21;0;10;-10
9260;Mannen en vrouwen;Hongkong;Totaal in gezinsverband;2000;17;57;46;-40;-29;0;11;-11
9261;Mannen en vrouwen;Hongkong;Totaal in gezinsverband;2001;29;41;38;-12;-9;0;3;-3
9262;Mannen en vrouwen;Hongkong;Totaal in gezinsverband;2002;19;45;37;-26;-18;0;8;-8
9263;Mannen en vrouwen;Hongkong;Totaal in gezinsverband;2003;12;47;44;-35;-32;1;4;-3
9264;Mannen en vrouwen;Hongkong;Totaal in gezinsverband;2004;9;40;34;-31;-25;1;7;-6
9265;Mannen en vrouwen;Hongkong;Totaal in gezinsverband;2005;18;28;18;-10;0;0;10;-10
9266;Mannen en vrouwen;Hongkong;Totaal in gezinsverband;2006;20;39;27;-19;-7;1;13;-12
9267;Mannen en vrouwen;Hongkong;Totaal in gezinsverband;2007;19;40;35;-21;-16;1;6;-5
9268;Mannen en vrouwen;Hongkong;Totaal in gezinsverband;2008;14;47;41;-33;-27;1;7;-6
9269;Mannen en vrouwen;Hongkong;Totaal in gezinsverband;2009;11;47;38;-36;-27;1;10;-9
9270;Mannen en vrouwen;Hongkong;Personen in echtpaar;1995;38;91;72;-53;-34;0;19;-19
9271;Mannen en vrouwen;Hongkong;Personen in echtpaar;1996;27;49;41;-22;-14;0;8;-8
9272;Mannen en vrouwen;Hongkong;Personen in echtpaar;1997;20;90;71;-70;-51;1;20;-19
9273;Mannen en vrouwen;Hongkong;Personen in echtpaar;1998;12;57;48;-45;-36;3;12;-9
9274;Mannen en vrouwen;Hongkong;Personen in echtpaar;1999;19;43;36;-24;-17;0;7;-7
9275;Mannen en vrouwen;Hongkong;Personen in echtpaar;2000;12;49;41;-37;-29;0;8;-8
9276;Mannen en vrouwen;Hongkong;Personen in echtpaar;2001;12;34;32;-22;-20;0;2;-2
9277;Mannen en vrouwen;Hongkong;Personen in echtpaar;2002;8;41;33;-33;-25;0;8;-8
9278;Mannen en vrouwen;Hongkong;Personen in echtpaar;2003;8;38;38;-30;-30;1;1;0
9279;Mannen en vrouwen;Hongkong;Personen in echtpaar;2004;4;32;29;-28;-25;0;3;-3
9280;Mannen en vrouwen;Hongkong;Personen in echtpaar;2005;14;23;15;-9;-1;0;8;-8
9281;Mannen en vrouwen;Hongkong;Personen in echtpaar;2006;13;28;19;-15;-6;1;10;-9
9282;Mannen en vrouwen;Hongkong;Personen in echtpaar;2007;9;35;31;-26;-22;1;5;-4
9283;Mannen en vrouwen;Hongkong;Personen in echtpaar;2008;8;37;35;-29;-27;0;2;-2
9284;Mannen en vrouwen;Hongkong;Personen in echtpaar;2009;7;36;32;-29;-25;0;4;-4
9285;Mannen en vrouwen;Hongkong;Personen in eenoudergezin met vader;1995;1;3;1;-2;0;0;2;-2
9286;Mannen en vrouwen;Hongkong;Personen in eenoudergezin met vader;1996;0;4;2;-4;-2;0;2;-2
9287;Mannen en vrouwen;Hongkong;Personen in eenoudergezin met vader;1997;1;4;2;-3;-1;0;2;-2
9288;Mannen en vrouwen;Hongkong;Personen in eenoudergezin met vader;1998;4;3;1;1;3;0;2;-2
9289;Mannen en vrouwen;Hongkong;Personen in eenoudergezin met vader;1999;1;5;5;-4;-4;0;0;0
9290;Mannen en vrouwen;Hongkong;Personen in eenoudergezin met vader;2000;1;0;0;1;1;0;0;0
9291;Mannen en vrouwen;Hongkong;Personen in eenoudergezin met vader;2001;2;0;0;2;2;0;0;0
9292;Mannen en vrouwen;Hongkong;Personen in eenoudergezin met vader;2002;4;2;2;2;2;0;0;0
9293;Mannen en vrouwen;Hongkong;Personen in eenoudergezin met vader;2003;2;0;0;2;2;0;0;0
9294;Mannen en vrouwen;Hongkong;Personen in eenoudergezin met vader;2004;1;1;1;0;0;0;0;0
9295;Mannen en vrouwen;Hongkong;Personen in eenoudergezin met vader;2005;1;0;0;1;1;0;0;0
9296;Mannen en vrouwen;Hongkong;Personen in eenoudergezin met vader;2006;2;2;1;0;1;0;1;-1
9297;Mannen en vrouwen;Hongkong;Personen in eenoudergezin met vader;2007;2;0;0;2;2;0;0;0
9298;Mannen en vrouwen;Hongkong;Personen in eenoudergezin met vader;2008;0;0;0;0;0;0;0;0
9299;Mannen en vrouwen;Hongkong;Personen in eenoudergezin met vader;2009;1;3;0;-2;1;0;3;-3
9300;Mannen en vrouwen;Hongkong;Personen in eenoudergezin met moeder;1995;16;28;22;-12;-6;0;6;-6
9301;Mannen en vrouwen;Hongkong;Personen in eenoudergezin met moeder;1996;25;11;6;14;19;0;5;-5
9302;Mannen en vrouwen;Hongkong;Personen in eenoudergezin met moeder;1997;12;12;12;0;0;0;0;0
9303;Mannen en vrouwen;Hongkong;Personen in eenoudergezin met moeder;1998;7;15;13;-8;-6;1;3;-2
9304;Mannen en vrouwen;Hongkong;Personen in eenoudergezin met moeder;1999;7;8;5;-1;2;0;3;-3
9305;Mannen en vrouwen;Hongkong;Personen in eenoudergezin met moeder;2000;4;7;4;-3;0;0;3;-3
9306;Mannen en vrouwen;Hongkong;Personen in eenoudergezin met moeder;2001;12;6;5;6;7;0;1;-1
9307;Mannen en vrouwen;Hongkong;Personen in eenoudergezin met moeder;2002;4;1;1;3;3;0;0;0
9308;Mannen en vrouwen;Hongkong;Personen in eenoudergezin met moeder;2003;1;7;6;-6;-5;0;1;-1
9309;Mannen en vrouwen;Hongkong;Personen in eenoudergezin met moeder;2004;4;7;4;-3;0;1;4;-3
9310;Mannen en vrouwen;Hongkong;Personen in eenoudergezin met moeder;2005;3;4;2;-1;1;0;2;-2
9311;Mannen en vrouwen;Hongkong;Personen in eenoudergezin met moeder;2006;2;6;5;-4;-3;0;1;-1
9312;Mannen en vrouwen;Hongkong;Personen in eenoudergezin met moeder;2007;5;4;3;1;2;0;1;-1
9313;Mannen en vrouwen;Hongkong;Personen in eenoudergezin met moeder;2008;3;10;6;-7;-3;1;5;-4
9314;Mannen en vrouwen;Hongkong;Personen in eenoudergezin met moeder;2009;3;8;6;-5;-3;1;3;-2
9315;Mannen en vrouwen;Hongkong;Personen in samenwonend paar met kin...;1995;1;0;0;1;1;0;0;0
9316;Mannen en vrouwen;Hongkong;Personen in samenwonend paar met kin...;1996;5;0;0;5;5;0;0;0
9317;Mannen en vrouwen;Hongkong;Personen in samenwonend paar met kin...;1997;1;0;0;1;1;0;0;0
9318;Mannen en vrouwen;Hongkong;Personen in samenwonend paar met kin...;1998;0;0;0;0;0;0;0;0
9319;Mannen en vrouwen;Hongkong;Personen in samenwonend paar met kin...;1999;1;3;3;-2;-2;0;0;0
9320;Mannen en vrouwen;Hongkong;Personen in samenwonend paar met kin...;2000;0;1;1;-1;-1;0;0;0
9321;Mannen en vrouwen;Hongkong;Personen in samenwonend paar met kin...;2001;3;1;1;2;2;0;0;0
9322;Mannen en vrouwen;Hongkong;Personen in samenwonend paar met kin...;2002;3;1;1;2;2;0;0;0
9323;Mannen en vrouwen;Hongkong;Personen in samenwonend paar met kin...;2003;1;2;0;-1;1;0;2;-2
9324;Mannen en vrouwen;Hongkong;Personen in samenwonend paar met kin...;2004;0;0;0;0;0;0;0;0
9325;Mannen en vrouwen;Hongkong;Personen in samenwonend paar met kin...;2005;0;1;1;-1;-1;0;0;0
9326;Mannen en vrouwen;Hongkong;Personen in samenwonend paar met kin...;2006;3;3;2;0;1;0;1;-1
9327;Mannen en vrouwen;Hongkong;Personen in samenwonend paar met kin...;2007;3;1;1;2;2;0;0;0
9328;Mannen en vrouwen;Hongkong;Personen in samenwonend paar met kin...;2008;3;0;0;3;3;0;0;0
9329;Mannen en vrouwen;Hongkong;Personen in samenwonend paar met kin...;2009;0;0;0;0;0;0;0;0
9330;Mannen en vrouwen;Hongkong;Alleengaanden;1995;168;145;102;23;66;8;51;-43
9331;Mannen en vrouwen;Hongkong;Alleengaanden;1996;128;142;87;-14;41;12;67;-55
9332;Mannen en vrouwen;Hongkong;Alleengaanden;1997;157;118;71;39;86;17;64;-47
9333;Mannen en vrouwen;Hongkong;Alleengaanden;1998;131;120;82;11;49;8;46;-38
9334;Mannen en vrouwen;Hongkong;Alleengaanden;1999;142;109;71;33;71;8;46;-38
9335;Mannen en vrouwen;Hongkong;Alleengaanden;2000;131;78;53;53;78;13;38;-25
9336;Mannen en vrouwen;Hongkong;Alleengaanden;2001;124;78;46;46;78;9;41;-32
9337;Mannen en vrouwen;Hongkong;Alleengaanden;2002;139;87;59;52;80;18;46;-28
9338;Mannen en vrouwen;Hongkong;Alleengaanden;2003;128;112;64;16;64;10;58;-48
9339;Mannen en vrouwen;Hongkong;Alleengaanden;2004;131;79;47;52;84;10;42;-32
9340;Mannen en vrouwen;Hongkong;Alleengaanden;2005;127;134;69;-7;58;16;81;-65
9341;Mannen en vrouwen;Hongkong;Alleengaanden;2006;162;196;119;-34;43;15;92;-77
9342;Mannen en vrouwen;Hongkong;Alleengaanden;2007;153;150;104;3;49;13;59;-46
9343;Mannen en vrouwen;Hongkong;Alleengaanden;2008;168;142;73;26;95;21;90;-69
9344;Mannen en vrouwen;Hongkong;Alleengaanden;2009;158;168;104;-10;54;13;77;-64
9345;Mannen en vrouwen;Ierland;Totaal personen;1995;413;514;236;-101;177;12;290;-278
9346;Mannen en vrouwen;Ierland;Totaal personen;1996;630;695;293;-65;337;28;430;-402
9347;Mannen en vrouwen;Ierland;Totaal personen;1997;541;500;276;41;265;18;242;-224
9348;Mannen en vrouwen;Ierland;Totaal personen;1998;489;635;277;-146;212;23;381;-358
9349;Mannen en vrouwen;Ierland;Totaal personen;1999;490;404;216;86;274;23;211;-188
9350;Mannen en vrouwen;Ierland;Totaal personen;2000;502;357;193;145;309;24;188;-164
9351;Mannen en vrouwen;Ierland;Totaal personen;2001;499;364;182;135;317;14;196;-182
9352;Mannen en vrouwen;Ierland;Totaal personen;2002;442;419;175;23;267;17;261;-244
9353;Mannen en vrouwen;Ierland;Totaal personen;2003;393;354;169;39;224;20;205;-185
9354;Mannen en vrouwen;Ierland;Totaal personen;2004;346;430;201;-84;145;19;248;-229
9355;Mannen en vrouwen;Ierland;Totaal personen;2005;303;351;189;-48;114;22;184;-162
9356;Mannen en vrouwen;Ierland;Totaal personen;2006;273;407;190;-134;83;27;244;-217
9357;Mannen en vrouwen;Ierland;Totaal personen;2007;342;334;189;8;153;21;166;-145
9358;Mannen en vrouwen;Ierland;Totaal personen;2008;392;322;198;70;194;24;148;-124
9359;Mannen en vrouwen;Ierland;Totaal personen;2009;549;361;218;188;331;24;167;-143
9360;Mannen en vrouwen;Ierland;Totaal in gezinsverband;1995;60;148;102;-88;-42;0;46;-46
9361;Mannen en vrouwen;Ierland;Totaal in gezinsverband;1996;79;156;118;-77;-39;1;39;-38
9362;Mannen en vrouwen;Ierland;Totaal in gezinsverband;1997;57;140;109;-83;-52;1;32;-31
9363;Mannen en vrouwen;Ierland;Totaal in gezinsverband;1998;37;126;103;-89;-66;0;23;-23
9364;Mannen en vrouwen;Ierland;Totaal in gezinsverband;1999;51;96;79;-45;-28;0;17;-17
9365;Mannen en vrouwen;Ierland;Totaal in gezinsverband;2000;61;106;77;-45;-16;1;30;-29
9366;Mannen en vrouwen;Ierland;Totaal in gezinsverband;2001;52;96;70;-44;-18;0;26;-26
9367;Mannen en vrouwen;Ierland;Totaal in gezinsverband;2002;57;79;56;-22;1;1;24;-23
9368;Mannen en vrouwen;Ierland;Totaal in gezinsverband;2003;42;80;61;-38;-19;0;19;-19
9369;Mannen en vrouwen;Ierland;Totaal in gezinsverband;2004;17;103;80;-86;-63;2;25;-23
9370;Mannen en vrouwen;Ierland;Totaal in gezinsverband;2005;32;100;90;-68;-58;2;12;-10
9371;Mannen en vrouwen;Ierland;Totaal in gezinsverband;2006;28;105;73;-77;-45;3;35;-32
9372;Mannen en vrouwen;Ierland;Totaal in gezinsverband;2007;43;85;71;-42;-28;1;15;-14
9373;Mannen en vrouwen;Ierland;Totaal in gezinsverband;2008;31;87;64;-56;-33;0;23;-23
9374;Mannen en vrouwen;Ierland;Totaal in gezinsverband;2009;43;48;47;-5;-4;2;3;-1
9375;Mannen en vrouwen;Ierland;Personen in echtpaar;1995;38;113;78;-75;-40;0;35;-35
9376;Mannen en vrouwen;Ierland;Personen in echtpaar;1996;48;120;95;-72;-47;1;26;-25
9377;Mannen en vrouwen;Ierland;Personen in echtpaar;1997;29;106;87;-77;-58;0;19;-19
9378;Mannen en vrouwen;Ierland;Personen in echtpaar;1998;20;108;89;-88;-69;0;19;-19
9379;Mannen en vrouwen;Ierland;Personen in echtpaar;1999;26;82;73;-56;-47;0;9;-9
9380;Mannen en vrouwen;Ierland;Personen in echtpaar;2000;23;73;55;-50;-32;1;19;-18
9381;Mannen en vrouwen;Ierland;Personen in echtpaar;2001;17;72;55;-55;-38;0;17;-17
9382;Mannen en vrouwen;Ierland;Personen in echtpaar;2002;31;69;48;-38;-17;1;22;-21
9383;Mannen en vrouwen;Ierland;Personen in echtpaar;2003;18;52;41;-34;-23;0;11;-11
9384;Mannen en vrouwen;Ierland;Personen in echtpaar;2004;9;84;67;-75;-58;0;17;-17
9385;Mannen en vrouwen;Ierland;Personen in echtpaar;2005;13;71;65;-58;-52;0;6;-6
9386;Mannen en vrouwen;Ierland;Personen in echtpaar;2006;16;69;53;-53;-37;2;18;-16
9387;Mannen en vrouwen;Ierland;Personen in echtpaar;2007;25;51;40;-26;-15;0;11;-11
9388;Mannen en vrouwen;Ierland;Personen in echtpaar;2008;12;59;45;-47;-33;0;14;-14
9389;Mannen en vrouwen;Ierland;Personen in echtpaar;2009;24;36;36;-12;-12;2;2;0
9390;Mannen en vrouwen;Ierland;Personen in eenoudergezin met vader;1995;3;2;0;1;3;0;2;-2
9391;Mannen en vrouwen;Ierland;Personen in eenoudergezin met vader;1996;2;3;1;-1;1;0;2;-2
9392;Mannen en vrouwen;Ierland;Personen in eenoudergezin met vader;1997;3;5;4;-2;-1;0;1;-1
9393;Mannen en vrouwen;Ierland;Personen in eenoudergezin met vader;1998;1;1;1;0;0;0;0;0
9394;Mannen en vrouwen;Ierland;Personen in eenoudergezin met vader;1999;3;4;2;-1;1;0;2;-2
9395;Mannen en vrouwen;Ierland;Personen in eenoudergezin met vader;2000;7;5;5;2;2;0;0;0
9396;Mannen en vrouwen;Ierland;Personen in eenoudergezin met vader;2001;0;2;1;-2;-1;0;1;-1
9397;Mannen en vrouwen;Ierland;Personen in eenoudergezin met vader;2002;2;2;2;0;0;0;0;0
9398;Mannen en vrouwen;Ierland;Personen in eenoudergezin met vader;2003;1;5;4;-4;-3;0;1;-1
9399;Mannen en vrouwen;Ierland;Personen in eenoudergezin met vader;2004;2;1;0;1;2;0;1;-1
9400;Mannen en vrouwen;Ierland;Personen in eenoudergezin met vader;2005;6;5;4;1;2;0;1;-1
9401;Mannen en vrouwen;Ierland;Personen in eenoudergezin met vader;2006;2;2;1;0;1;0;1;-1
9402;Mannen en vrouwen;Ierland;Personen in eenoudergezin met vader;2007;3;2;2;1;1;0;0;0
9403;Mannen en vrouwen;Ierland;Personen in eenoudergezin met vader;2008;0;1;1;-1;-1;0;0;0
9404;Mannen en vrouwen;Ierland;Personen in eenoudergezin met vader;2009;4;0;0;4;4;0;0;0
9405;Mannen en vrouwen;Ierland;Personen in eenoudergezin met moeder;1995;16;32;24;-16;-8;0;8;-8
9406;Mannen en vrouwen;Ierland;Personen in eenoudergezin met moeder;1996;22;27;17;-5;5;0;10;-10
9407;Mannen en vrouwen;Ierland;Personen in eenoudergezin met moeder;1997;14;19;13;-5;1;1;7;-6
9408;Mannen en vrouwen;Ierland;Personen in eenoudergezin met moeder;1998;10;13;9;-3;1;0;4;-4
9409;Mannen en vrouwen;Ierland;Personen in eenoudergezin met moeder;1999;19;9;3;10;16;0;6;-6
9410;Mannen en vrouwen;Ierland;Personen in eenoudergezin met moeder;2000;28;25;15;3;13;0;10;-10
9411;Mannen en vrouwen;Ierland;Personen in eenoudergezin met moeder;2001;22;13;10;9;12;0;3;-3
9412;Mannen en vrouwen;Ierland;Personen in eenoudergezin met moeder;2002;16;8;6;8;10;0;2;-2
9413;Mannen en vrouwen;Ierland;Personen in eenoudergezin met moeder;2003;21;19;12;2;9;0;7;-7
9414;Mannen en vrouwen;Ierland;Personen in eenoudergezin met moeder;2004;2;11;6;-9;-4;2;7;-5
9415;Mannen en vrouwen;Ierland;Personen in eenoudergezin met moeder;2005;4;10;9;-6;-5;2;3;-1
9416;Mannen en vrouwen;Ierland;Personen in eenoudergezin met moeder;2006;3;24;13;-21;-10;1;12;-11
9417;Mannen en vrouwen;Ierland;Personen in eenoudergezin met moeder;2007;8;24;24;-16;-16;1;1;0
9418;Mannen en vrouwen;Ierland;Personen in eenoudergezin met moeder;2008;14;25;17;-11;-3;0;8;-8
9419;Mannen en vrouwen;Ierland;Personen in eenoudergezin met moeder;2009;12;6;6;6;6;0;0;0
9420;Mannen en vrouwen;Ierland;Personen in samenwonend paar met kin...;1995;3;1;0;2;3;0;1;-1
9421;Mannen en vrouwen;Ierland;Personen in samenwonend paar met kin...;1996;7;6;5;1;2;0;1;-1
9422;Mannen en vrouwen;Ierland;Personen in samenwonend paar met kin...;1997;11;10;5;1;6;0;5;-5
9423;Mannen en vrouwen;Ierland;Personen in samenwonend paar met kin...;1998;6;4;4;2;2;0;0;0
9424;Mannen en vrouwen;Ierland;Personen in samenwonend paar met kin...;1999;3;1;1;2;2;0;0;0
9425;Mannen en vrouwen;Ierland;Personen in samenwonend paar met kin...;2000;3;3;2;0;1;0;1;-1
9426;Mannen en vrouwen;Ierland;Personen in samenwonend paar met kin...;2001;13;9;4;4;9;0;5;-5
9427;Mannen en vrouwen;Ierland;Personen in samenwonend paar met kin...;2002;8;0;0;8;8;0;0;0
9428;Mannen en vrouwen;Ierland;Personen in samenwonend paar met kin...;2003;2;4;4;-2;-2;0;0;0
9429;Mannen en vrouwen;Ierland;Personen in samenwonend paar met kin...;2004;4;7;7;-3;-3;0;0;0
9430;Mannen en vrouwen;Ierland;Personen in samenwonend paar met kin...;2005;9;14;12;-5;-3;0;2;-2
9431;Mannen en vrouwen;Ierland;Personen in samenwonend paar met kin...;2006;7;10;6;-3;1;0;4;-4
9432;Mannen en vrouwen;Ierland;Personen in samenwonend paar met kin...;2007;7;8;5;-1;2;0;3;-3
9433;Mannen en vrouwen;Ierland;Personen in samenwonend paar met kin...;2008;5;2;1;3;4;0;1;-1
9434;Mannen en vrouwen;Ierland;Personen in samenwonend paar met kin...;2009;3;6;5;-3;-2;0;1;-1
9435;Mannen en vrouwen;Ierland;Alleengaanden;1995;353;366;134;-13;219;12;244;-232
9436;Mannen en vrouwen;Ierland;Alleengaanden;1996;551;539;175;12;376;27;391;-364
9437;Mannen en vrouwen;Ierland;Alleengaanden;1997;484;360;167;124;317;17;210;-193
9438;Mannen en vrouwen;Ierland;Alleengaanden;1998;452;509;174;-57;278;23;358;-335
9439;Mannen en vrouwen;Ierland;Alleengaanden;1999;439;308;137;131;302;23;194;-171
9440;Mannen en vrouwen;Ierland;Alleengaanden;2000;441;251;116;190;325;23;158;-135
9441;Mannen en vrouwen;Ierland;Alleengaanden;2001;447;268;112;179;335;14;170;-156
9442;Mannen en vrouwen;Ierland;Alleengaanden;2002;385;340;119;45;266;16;237;-221
9443;Mannen en vrouwen;Ierland;Alleengaanden;2003;351;274;108;77;243;20;186;-166
9444;Mannen en vrouwen;Ierland;Alleengaanden;2004;329;327;121;2;208;17;223;-206
9445;Mannen en vrouwen;Ierland;Alleengaanden;2005;271;251;99;20;172;20;172;-152
9446;Mannen en vrouwen;Ierland;Alleengaanden;2006;245;302;117;-57;128;24;209;-185
9447;Mannen en vrouwen;Ierland;Alleengaanden;2007;299;249;118;50;181;20;151;-131
9448;Mannen en vrouwen;Ierland;Alleengaanden;2008;361;235;134;126;227;24;125;-101
9449;Mannen en vrouwen;Ierland;Alleengaanden;2009;506;313;171;193;335;22;164;-142
9450;Mannen en vrouwen;IJsland;Totaal personen;1995;54;47;23;7;31;0;24;-24
9451;Mannen en vrouwen;IJsland;Totaal personen;1996;50;37;18;13;32;2;21;-19
9452;Mannen en vrouwen;IJsland;Totaal personen;1997;81;31;20;50;61;0;11;-11
9453;Mannen en vrouwen;IJsland;Totaal personen;1998;62;44;29;18;33;1;16;-15
9454;Mannen en vrouwen;IJsland;Totaal personen;1999;73;45;31;28;42;4;18;-14
9455;Mannen en vrouwen;IJsland;Totaal personen;2000;53;49;33;4;20;3;19;-16
9456;Mannen en vrouwen;IJsland;Totaal personen;2001;82;58;36;24;46;0;22;-22
9457;Mannen en vrouwen;IJsland;Totaal personen;2002;87;45;27;42;60;0;18;-18
9458;Mannen en vrouwen;IJsland;Totaal personen;2003;56;57;30;-1;26;3;30;-27
9459;Mannen en vrouwen;IJsland;Totaal personen;2004;62;63;34;-1;28;0;29;-29
9460;Mannen en vrouwen;IJsland;Totaal personen;2005;42;87;52;-45;-10;0;35;-35
9461;Mannen en vrouwen;IJsland;Totaal personen;2006;48;63;42;-15;6;3;24;-21
9462;Mannen en vrouwen;IJsland;Totaal personen;2007;93;67;48;26;45;1;20;-19
9463;Mannen en vrouwen;IJsland;Totaal personen;2008;114;92;64;22;50;3;31;-28
9464;Mannen en vrouwen;IJsland;Totaal personen;2009;80;71;52;9;28;7;26;-19
9465;Mannen en vrouwen;IJsland;Totaal in gezinsverband;1995;12;25;14;-13;-2;0;11;-11
9466;Mannen en vrouwen;IJsland;Totaal in gezinsverband;1996;10;20;14;-10;-4;0;6;-6
9467;Mannen en vrouwen;IJsland;Totaal in gezinsverband;1997;14;10;7;4;7;0;3;-3
9468;Mannen en vrouwen;IJsland;Totaal in gezinsverband;1998;22;21;18;1;4;0;3;-3
9469;Mannen en vrouwen;IJsland;Totaal in gezinsverband;1999;17;22;18;-5;-1;0;4;-4
9470;Mannen en vrouwen;IJsland;Totaal in gezinsverband;2000;11;27;20;-16;-9;0;7;-7
9471;Mannen en vrouwen;IJsland;Totaal in gezinsverband;2001;24;30;27;-6;-3;0;3;-3
9472;Mannen en vrouwen;IJsland;Totaal in gezinsverband;2002;30;12;9;18;21;0;3;-3
9473;Mannen en vrouwen;IJsland;Totaal in gezinsverband;2003;18;27;17;-9;1;3;13;-10
9474;Mannen en vrouwen;IJsland;Totaal in gezinsverband;2004;20;28;22;-8;-2;0;6;-6
9475;Mannen en vrouwen;IJsland;Totaal in gezinsverband;2005;6;48;34;-42;-28;0;14;-14
9476;Mannen en vrouwen;IJsland;Totaal in gezinsverband;2006;13;31;24;-18;-11;0;7;-7
9477;Mannen en vrouwen;IJsland;Totaal in gezinsverband;2007;16;26;26;-10;-10;0;0;0
9478;Mannen en vrouwen;IJsland;Totaal in gezinsverband;2008;26;32;30;-6;-4;0;2;-2
9479;Mannen en vrouwen;IJsland;Totaal in gezinsverband;2009;12;33;30;-21;-18;0;3;-3
9480;Mannen en vrouwen;IJsland;Personen in echtpaar;1995;4;12;8;-8;-4;0;4;-4
9481;Mannen en vrouwen;IJsland;Personen in echtpaar;1996;1;14;10;-13;-9;0;4;-4
9482;Mannen en vrouwen;IJsland;Personen in echtpaar;1997;3;4;3;-1;0;0;1;-1
9483;Mannen en vrouwen;IJsland;Personen in echtpaar;1998;2;8;7;-6;-5;0;1;-1
9484;Mannen en vrouwen;IJsland;Personen in echtpaar;1999;0;14;10;-14;-10;0;4;-4
9485;Mannen en vrouwen;IJsland;Personen in echtpaar;2000;4;17;14;-13;-10;0;3;-3
9486;Mannen en vrouwen;IJsland;Personen in echtpaar;2001;13;17;17;-4;-4;0;0;0
9487;Mannen en vrouwen;IJsland;Personen in echtpaar;2002;9;3;3;6;6;0;0;0
9488;Mannen en vrouwen;IJsland;Personen in echtpaar;2003;6;15;12;-9;-6;0;3;-3
9489;Mannen en vrouwen;IJsland;Personen in echtpaar;2004;1;17;16;-16;-15;0;1;-1
9490;Mannen en vrouwen;IJsland;Personen in echtpaar;2005;1;29;21;-28;-20;0;8;-8
9491;Mannen en vrouwen;IJsland;Personen in echtpaar;2006;9;12;9;-3;0;0;3;-3
9492;Mannen en vrouwen;IJsland;Personen in echtpaar;2007;4;15;15;-11;-11;0;0;0
9493;Mannen en vrouwen;IJsland;Personen in echtpaar;2008;11;21;21;-10;-10;0;0;0
9494;Mannen en vrouwen;IJsland;Personen in echtpaar;2009;8;8;8;0;0;0;0;0
9495;Mannen en vrouwen;IJsland;Personen in eenoudergezin met vader;1995;0;0;0;0;0;0;0;0
9496;Mannen en vrouwen;IJsland;Personen in eenoudergezin met vader;1996;0;0;0;0;0;0;0;0
9497;Mannen en vrouwen;IJsland;Personen in eenoudergezin met vader;1997;0;0;0;0;0;0;0;0
9498;Mannen en vrouwen;IJsland;Personen in eenoudergezin met vader;1998;1;3;3;-2;-2;0;0;0
9499;Mannen en vrouwen;IJsland;Personen in eenoudergezin met vader;1999;0;0;0;0;0;0;0;0
9500;Mannen en vrouwen;IJsland;Personen in eenoudergezin met vader;2000;0;2;0;-2;0;0;2;-2
9501;Mannen en vrouwen;IJsland;Personen in eenoudergezin met vader;2001;0;0;0;0;0;0;0;0
9502;Mannen en vrouwen;IJsland;Personen in eenoudergezin met vader;2002;0;0;0;0;0;0;0;0
9503;Mannen en vrouwen;IJsland;Personen in eenoudergezin met vader;2003;3;1;0;2;3;0;1;-1
9504;Mannen en vrouwen;IJsland;Personen in eenoudergezin met vader;2004;1;0;0;1;1;0;0;0
9505;Mannen en vrouwen;IJsland;Personen in eenoudergezin met vader;2005;0;4;4;-4;-4;0;0;0
9506;Mannen en vrouwen;IJsland;Personen in eenoudergezin met vader;2006;0;0;0;0;0;0;0;0
9507;Mannen en vrouwen;IJsland;Personen in eenoudergezin met vader;2007;0;1;1;-1;-1;0;0;0
9508;Mannen en vrouwen;IJsland;Personen in eenoudergezin met vader;2008;0;0;0;0;0;0;0;0
9509;Mannen en vrouwen;IJsland;Personen in eenoudergezin met vader;2009;0;0;0;0;0;0;0;0
9510;Mannen en vrouwen;IJsland;Personen in eenoudergezin met moeder;1995;6;12;5;-6;1;0;7;-7
9511;Mannen en vrouwen;IJsland;Personen in eenoudergezin met moeder;1996;6;6;4;0;2;0;2;-2
9512;Mannen en vrouwen;IJsland;Personen in eenoudergezin met moeder;1997;8;4;2;4;6;0;2;-2
9513;Mannen en vrouwen;IJsland;Personen in eenoudergezin met moeder;1998;13;8;6;5;7;0;2;-2
9514;Mannen en vrouwen;IJsland;Personen in eenoudergezin met moeder;1999;13;7;7;6;6;0;0;0
9515;Mannen en vrouwen;IJsland;Personen in eenoudergezin met moeder;2000;7;5;3;2;4;0;2;-2
9516;Mannen en vrouwen;IJsland;Personen in eenoudergezin met moeder;2001;8;6;3;2;5;0;3;-3
9517;Mannen en vrouwen;IJsland;Personen in eenoudergezin met moeder;2002;8;7;6;1;2;0;1;-1
9518;Mannen en vrouwen;IJsland;Personen in eenoudergezin met moeder;2003;9;8;2;1;7;3;9;-6
9519;Mannen en vrouwen;IJsland;Personen in eenoudergezin met moeder;2004;14;3;3;11;11;0;0;0
9520;Mannen en vrouwen;IJsland;Personen in eenoudergezin met moeder;2005;5;5;3;0;2;0;2;-2
9521;Mannen en vrouwen;IJsland;Personen in eenoudergezin met moeder;2006;4;13;9;-9;-5;0;4;-4
9522;Mannen en vrouwen;IJsland;Personen in eenoudergezin met moeder;2007;12;6;6;6;6;0;0;0
9523;Mannen en vrouwen;IJsland;Personen in eenoudergezin met moeder;2008;10;7;5;3;5;0;2;-2
9524;Mannen en vrouwen;IJsland;Personen in eenoudergezin met moeder;2009;4;18;15;-14;-11;0;3;-3
9525;Mannen en vrouwen;IJsland;Personen in samenwonend paar met kin...;1995;2;1;1;1;1;0;0;0
9526;Mannen en vrouwen;IJsland;Personen in samenwonend paar met kin...;1996;3;0;0;3;3;0;0;0
9527;Mannen en vrouwen;IJsland;Personen in samenwonend paar met kin...;1997;3;2;2;1;1;0;0;0
9528;Mannen en vrouwen;IJsland;Personen in samenwonend paar met kin...;1998;6;2;2;4;4;0;0;0
9529;Mannen en vrouwen;IJsland;Personen in samenwonend paar met kin...;1999;4;1;1;3;3;0;0;0
9530;Mannen en vrouwen;IJsland;Personen in samenwonend paar met kin...;2000;0;3;3;-3;-3;0;0;0
9531;Mannen en vrouwen;IJsland;Personen in samenwonend paar met kin...;2001;3;7;7;-4;-4;0;0;0
9532;Mannen en vrouwen;IJsland;Personen in samenwonend paar met kin...;2002;13;2;0;11;13;0;2;-2
9533;Mannen en vrouwen;IJsland;Personen in samenwonend paar met kin...;2003;0;3;3;-3;-3;0;0;0
9534;Mannen en vrouwen;IJsland;Personen in samenwonend paar met kin...;2004;4;8;3;-4;1;0;5;-5
9535;Mannen en vrouwen;IJsland;Personen in samenwonend paar met kin...;2005;0;10;6;-10;-6;0;4;-4
9536;Mannen en vrouwen;IJsland;Personen in samenwonend paar met kin...;2006;0;6;6;-6;-6;0;0;0
9537;Mannen en vrouwen;IJsland;Personen in samenwonend paar met kin...;2007;0;4;4;-4;-4;0;0;0
9538;Mannen en vrouwen;IJsland;Personen in samenwonend paar met kin...;2008;5;4;4;1;1;0;0;0
9539;Mannen en vrouwen;IJsland;Personen in samenwonend paar met kin...;2009;0;7;7;-7;-7;0;0;0
9540;Mannen en vrouwen;IJsland;Alleengaanden;1995;42;22;9;20;33;0;13;-13
9541;Mannen en vrouwen;IJsland;Alleengaanden;1996;40;17;4;23;36;2;15;-13
9542;Mannen en vrouwen;IJsland;Alleengaanden;1997;67;21;13;46;54;0;8;-8
9543;Mannen en vrouwen;IJsland;Alleengaanden;1998;40;23;11;17;29;1;13;-12
9544;Mannen en vrouwen;IJsland;Alleengaanden;1999;56;23;13;33;43;4;14;-10
9545;Mannen en vrouwen;IJsland;Alleengaanden;2000;42;22;13;20;29;3;12;-9
9546;Mannen en vrouwen;IJsland;Alleengaanden;2001;58;28;9;30;49;0;19;-19
9547;Mannen en vrouwen;IJsland;Alleengaanden;2002;57;33;18;24;39;0;15;-15
9548;Mannen en vrouwen;IJsland;Alleengaanden;2003;38;30;13;8;25;0;17;-17
9549;Mannen en vrouwen;IJsland;Alleengaanden;2004;42;35;12;7;30;0;23;-23
9550;Mannen en vrouwen;IJsland;Alleengaanden;2005;36;39;18;-3;18;0;21;-21
9551;Mannen en vrouwen;IJsland;Alleengaanden;2006;35;32;18;3;17;3;17;-14
9552;Mannen en vrouwen;IJsland;Alleengaanden;2007;77;41;22;36;55;1;20;-19
9553;Mannen en vrouwen;IJsland;Alleengaanden;2008;88;60;34;28;54;3;29;-26
9554;Mannen en vrouwen;IJsland;Alleengaanden;2009;68;38;22;30;46;7;23;-16
9555;Mannen en vrouwen;India;Totaal personen;1995;591;415;210;176;381;30;235;-205
9556;Mannen en vrouwen;India;Totaal personen;1996;700;538;234;162;466;29;333;-304
9557;Mannen en vrouwen;India;Totaal personen;1997;807;400;251;407;556;63;212;-149
9558;Mannen en vrouwen;India;Totaal personen;1998;1007;449;260;558;747;46;235;-189
9559;Mannen en vrouwen;India;Totaal personen;1999;850;486;296;364;554;37;227;-190
9560;Mannen en vrouwen;India;Totaal personen;2000;782;417;259;365;523;33;191;-158
9561;Mannen en vrouwen;India;Totaal personen;2001;825;458;282;367;543;35;211;-176
9562;Mannen en vrouwen;India;Totaal personen;2002;728;527;295;201;433;41;273;-232
9563;Mannen en vrouwen;India;Totaal personen;2003;735;492;291;243;444;34;235;-201
9564;Mannen en vrouwen;India;Totaal personen;2004;667;475;327;192;340;50;198;-148
9565;Mannen en vrouwen;India;Totaal personen;2005;1320;658;432;662;888;44;270;-226
9566;Mannen en vrouwen;India;Totaal personen;2006;2121;1018;702;1103;1419;52;368;-316
9567;Mannen en vrouwen;India;Totaal personen;2007;2635;1561;1180;1074;1455;69;450;-381
9568;Mannen en vrouwen;India;Totaal personen;2008;3583;1941;1477;1642;2106;85;549;-464
9569;Mannen en vrouwen;India;Totaal personen;2009;3226;2365;1924;861;1302;106;547;-441
9570;Mannen en vrouwen;India;Totaal in gezinsverband;1995;76;138;93;-62;-17;2;47;-45
9571;Mannen en vrouwen;India;Totaal in gezinsverband;1996;76;152;104;-76;-28;0;48;-48
9572;Mannen en vrouwen;India;Totaal in gezinsverband;1997;96;124;88;-28;8;2;38;-36
9573;Mannen en vrouwen;India;Totaal in gezinsverband;1998;148;113;76;35;72;0;37;-37
9574;Mannen en vrouwen;India;Totaal in gezinsverband;1999;118;125;98;-7;20;0;27;-27
9575;Mannen en vrouwen;India;Totaal in gezinsverband;2000;109;123;87;-14;22;4;40;-36
9576;Mannen en vrouwen;India;Totaal in gezinsverband;2001;140;152;106;-12;34;3;49;-46
9577;Mannen en vrouwen;India;Totaal in gezinsverband;2002;76;198;119;-122;-43;3;82;-79
9578;Mannen en vrouwen;India;Totaal in gezinsverband;2003;137;162;114;-25;23;0;48;-48
9579;Mannen en vrouwen;India;Totaal in gezinsverband;2004;95;168;136;-73;-41;3;35;-32
9580;Mannen en vrouwen;India;Totaal in gezinsverband;2005;179;222;168;-43;11;0;54;-54
9581;Mannen en vrouwen;India;Totaal in gezinsverband;2006;405;304;250;101;155;4;58;-54
9582;Mannen en vrouwen;India;Totaal in gezinsverband;2007;474;498;426;-24;48;6;78;-72
9583;Mannen en vrouwen;India;Totaal in gezinsverband;2008;722;556;476;166;246;10;90;-80
9584;Mannen en vrouwen;India;Totaal in gezinsverband;2009;818;885;788;-67;30;2;99;-97
9585;Mannen en vrouwen;India;Personen in echtpaar;1995;27;114;73;-87;-46;0;41;-41
9586;Mannen en vrouwen;India;Personen in echtpaar;1996;28;129;91;-101;-63;0;38;-38
9587;Mannen en vrouwen;India;Personen in echtpaar;1997;30;113;82;-83;-52;2;33;-31
9588;Mannen en vrouwen;India;Personen in echtpaar;1998;46;86;59;-40;-13;0;27;-27
9589;Mannen en vrouwen;India;Personen in echtpaar;1999;39;105;86;-66;-47;0;19;-19
9590;Mannen en vrouwen;India;Personen in echtpaar;2000;41;78;62;-37;-21;4;20;-16
9591;Mannen en vrouwen;India;Personen in echtpaar;2001;68;119;86;-51;-18;2;35;-33
9592;Mannen en vrouwen;India;Personen in echtpaar;2002;26;177;111;-151;-85;1;67;-66
9593;Mannen en vrouwen;India;Personen in echtpaar;2003;67;125;87;-58;-20;0;38;-38
9594;Mannen en vrouwen;India;Personen in echtpaar;2004;42;130;105;-88;-63;1;26;-25
9595;Mannen en vrouwen;India;Personen in echtpaar;2005;87;188;144;-101;-57;0;44;-44
9596;Mannen en vrouwen;India;Personen in echtpaar;2006;193;257;212;-64;-19;2;47;-45
9597;Mannen en vrouwen;India;Personen in echtpaar;2007;178;421;363;-243;-185;2;60;-58
9598;Mannen en vrouwen;India;Personen in echtpaar;2008;249;489;423;-240;-174;6;72;-66
9599;Mannen en vrouwen;India;Personen in echtpaar;2009;443;801;720;-358;-277;2;83;-81
9600;Mannen en vrouwen;India;Personen in eenoudergezin met vader;1995;4;1;1;3;3;0;0;0
9601;Mannen en vrouwen;India;Personen in eenoudergezin met vader;1996;3;5;0;-2;3;0;5;-5
9602;Mannen en vrouwen;India;Personen in eenoudergezin met vader;1997;0;1;0;-1;0;0;1;-1
9603;Mannen en vrouwen;India;Personen in eenoudergezin met vader;1998;5;6;2;-1;3;0;4;-4
9604;Mannen en vrouwen;India;Personen in eenoudergezin met vader;1999;2;3;2;-1;0;0;1;-1
9605;Mannen en vrouwen;India;Personen in eenoudergezin met vader;2000;2;10;10;-8;-8;0;0;0
9606;Mannen en vrouwen;India;Personen in eenoudergezin met vader;2001;4;7;2;-3;2;0;5;-5
9607;Mannen en vrouwen;India;Personen in eenoudergezin met vader;2002;3;2;0;1;3;0;2;-2
9608;Mannen en vrouwen;India;Personen in eenoudergezin met vader;2003;5;3;3;2;2;0;0;0
9609;Mannen en vrouwen;India;Personen in eenoudergezin met vader;2004;1;6;5;-5;-4;1;2;-1
9610;Mannen en vrouwen;India;Personen in eenoudergezin met vader;2005;3;5;4;-2;-1;0;1;-1
9611;Mannen en vrouwen;India;Personen in eenoudergezin met vader;2006;4;4;3;0;1;0;1;-1
9612;Mannen en vrouwen;India;Personen in eenoudergezin met vader;2007;6;11;6;-5;0;0;5;-5
9613;Mannen en vrouwen;India;Personen in eenoudergezin met vader;2008;3;4;2;-1;1;3;5;-2
9614;Mannen en vrouwen;India;Personen in eenoudergezin met vader;2009;7;9;3;-2;4;0;6;-6
9615;Mannen en vrouwen;India;Personen in eenoudergezin met moeder;1995;42;16;12;26;30;2;6;-4
9616;Mannen en vrouwen;India;Personen in eenoudergezin met moeder;1996;43;15;10;28;33;0;5;-5
9617;Mannen en vrouwen;India;Personen in eenoudergezin met moeder;1997;59;10;6;49;53;0;4;-4
9618;Mannen en vrouwen;India;Personen in eenoudergezin met moeder;1998;73;12;8;61;65;0;4;-4
9619;Mannen en vrouwen;India;Personen in eenoudergezin met moeder;1999;58;8;5;50;53;0;3;-3
9620;Mannen en vrouwen;India;Personen in eenoudergezin met moeder;2000;55;19;9;36;46;0;10;-10
9621;Mannen en vrouwen;India;Personen in eenoudergezin met moeder;2001;42;18;14;24;28;1;5;-4
9622;Mannen en vrouwen;India;Personen in eenoudergezin met moeder;2002;37;14;8;23;29;2;8;-6
9623;Mannen en vrouwen;India;Personen in eenoudergezin met moeder;2003;56;21;16;35;40;0;5;-5
9624;Mannen en vrouwen;India;Personen in eenoudergezin met moeder;2004;44;22;18;22;26;1;5;-4
9625;Mannen en vrouwen;India;Personen in eenoudergezin met moeder;2005;55;21;14;34;41;0;7;-7
9626;Mannen en vrouwen;India;Personen in eenoudergezin met moeder;2006;104;34;27;70;77;2;9;-7
9627;Mannen en vrouwen;India;Personen in eenoudergezin met moeder;2007;105;63;54;42;51;1;10;-9
9628;Mannen en vrouwen;India;Personen in eenoudergezin met moeder;2008;221;59;47;162;174;1;13;-12
9629;Mannen en vrouwen;India;Personen in eenoudergezin met moeder;2009;310;68;58;242;252;0;10;-10
9630;Mannen en vrouwen;India;Personen in samenwonend paar met kin...;1995;3;7;7;-4;-4;0;0;0
9631;Mannen en vrouwen;India;Personen in samenwonend paar met kin...;1996;2;3;3;-1;-1;0;0;0
9632;Mannen en vrouwen;India;Personen in samenwonend paar met kin...;1997;7;0;0;7;7;0;0;0
9633;Mannen en vrouwen;India;Personen in samenwonend paar met kin...;1998;24;9;7;15;17;0;2;-2
9634;Mannen en vrouwen;India;Personen in samenwonend paar met kin...;1999;19;9;5;10;14;0;4;-4
9635;Mannen en vrouwen;India;Personen in samenwonend paar met kin...;2000;11;16;6;-5;5;0;10;-10
9636;Mannen en vrouwen;India;Personen in samenwonend paar met kin...;2001;26;8;4;18;22;0;4;-4
9637;Mannen en vrouwen;India;Personen in samenwonend paar met kin...;2002;10;5;0;5;10;0;5;-5
9638;Mannen en vrouwen;India;Personen in samenwonend paar met kin...;2003;9;13;8;-4;1;0;5;-5
9639;Mannen en vrouwen;India;Personen in samenwonend paar met kin...;2004;8;10;8;-2;0;0;2;-2
9640;Mannen en vrouwen;India;Personen in samenwonend paar met kin...;2005;34;8;6;26;28;0;2;-2
9641;Mannen en vrouwen;India;Personen in samenwonend paar met kin...;2006;104;9;8;95;96;0;1;-1
9642;Mannen en vrouwen;India;Personen in samenwonend paar met kin...;2007;185;3;3;182;182;3;3;0
9643;Mannen en vrouwen;India;Personen in samenwonend paar met kin...;2008;249;4;4;245;245;0;0;0
9644;Mannen en vrouwen;India;Personen in samenwonend paar met kin...;2009;58;7;7;51;51;0;0;0
9645;Mannen en vrouwen;India;Alleengaanden;1995;515;277;117;238;398;28;188;-160
9646;Mannen en vrouwen;India;Alleengaanden;1996;624;386;130;238;494;29;285;-256
9647;Mannen en vrouwen;India;Alleengaanden;1997;711;276;163;435;548;61;174;-113
9648;Mannen en vrouwen;India;Alleengaanden;1998;859;336;184;523;675;46;198;-152
9649;Mannen en vrouwen;India;Alleengaanden;1999;732;361;198;371;534;37;200;-163
9650;Mannen en vrouwen;India;Alleengaanden;2000;673;294;172;379;501;29;151;-122
9651;Mannen en vrouwen;India;Alleengaanden;2001;685;306;176;379;509;32;162;-130
9652;Mannen en vrouwen;India;Alleengaanden;2002;652;329;176;323;476;38;191;-153
9653;Mannen en vrouwen;India;Alleengaanden;2003;598;330;177;268;421;34;187;-153
9654;Mannen en vrouwen;India;Alleengaanden;2004;572;307;191;265;381;47;163;-116
9655;Mannen en vrouwen;India;Alleengaanden;2005;1141;436;264;705;877;44;216;-172
9656;Mannen en vrouwen;India;Alleengaanden;2006;1716;714;452;1002;1264;48;310;-262
9657;Mannen en vrouwen;India;Alleengaanden;2007;2161;1063;754;1098;1407;63;372;-309
9658;Mannen en vrouwen;India;Alleengaanden;2008;2861;1385;1001;1476;1860;75;459;-384
9659;Mannen en vrouwen;India;Alleengaanden;2009;2408;1480;1136;928;1272;104;448;-344
9660;Mannen en vrouwen;Indonesië;Totaal personen;1995;1228;1158;914;70;314;140;384;-244
9661;Mannen en vrouwen;Indonesië;Totaal personen;1996;1362;1225;912;137;450;167;480;-313
9662;Mannen en vrouwen;Indonesië;Totaal personen;1997;1357;1011;774;346;583;187;424;-237
9663;Mannen en vrouwen;Indonesië;Totaal personen;1998;1858;929;686;929;1172;213;456;-243
9664;Mannen en vrouwen;Indonesië;Totaal personen;1999;1749;870;664;879;1085;172;378;-206
9665;Mannen en vrouwen;Indonesië;Totaal personen;2000;1931;852;629;1079;1302;167;390;-223
9666;Mannen en vrouwen;Indonesië;Totaal personen;2001;2021;793;626;1228;1395;183;350;-167
9667;Mannen en vrouwen;Indonesië;Totaal personen;2002;1969;1133;783;836;1186;197;547;-350
9668;Mannen en vrouwen;Indonesië;Totaal personen;2003;1755;1217;777;538;978;207;647;-440
9669;Mannen en vrouwen;Indonesië;Totaal personen;2004;1527;1191;791;336;736;231;631;-400
9670;Mannen en vrouwen;Indonesië;Totaal personen;2005;1370;1322;867;48;503;260;715;-455
9671;Mannen en vrouwen;Indonesië;Totaal personen;2006;1432;1449;999;-17;433;292;742;-450
9672;Mannen en vrouwen;Indonesië;Totaal personen;2007;1548;1375;1049;173;499;295;621;-326
9673;Mannen en vrouwen;Indonesië;Totaal personen;2008;1589;1348;974;241;615;261;635;-374
9674;Mannen en vrouwen;Indonesië;Totaal personen;2009;1433;1290;939;143;494;275;626;-351
9675;Mannen en vrouwen;Indonesië;Totaal in gezinsverband;1995;284;498;438;-214;-154;11;71;-60
9676;Mannen en vrouwen;Indonesië;Totaal in gezinsverband;1996;268;463;416;-195;-148;19;66;-47
9677;Mannen en vrouwen;Indonesië;Totaal in gezinsverband;1997;278;364;319;-86;-41;16;61;-45
9678;Mannen en vrouwen;Indonesië;Totaal in gezinsverband;1998;322;345;290;-23;32;11;66;-55
9679;Mannen en vrouwen;Indonesië;Totaal in gezinsverband;1999;306;296;265;10;41;11;42;-31
9680;Mannen en vrouwen;Indonesië;Totaal in gezinsverband;2000;301;268;229;33;72;9;48;-39
9681;Mannen en vrouwen;Indonesië;Totaal in gezinsverband;2001;254;264;239;-10;15;11;36;-25
9682;Mannen en vrouwen;Indonesië;Totaal in gezinsverband;2002;231;339;284;-108;-53;6;61;-55
9683;Mannen en vrouwen;Indonesië;Totaal in gezinsverband;2003;221;303;243;-82;-22;20;80;-60
9684;Mannen en vrouwen;Indonesië;Totaal in gezinsverband;2004;192;286;238;-94;-46;19;67;-48
9685;Mannen en vrouwen;Indonesië;Totaal in gezinsverband;2005;174;330;264;-156;-90;17;83;-66
9686;Mannen en vrouwen;Indonesië;Totaal in gezinsverband;2006;181;314;265;-133;-84;20;69;-49
9687;Mannen en vrouwen;Indonesië;Totaal in gezinsverband;2007;173;341;304;-168;-131;16;53;-37
9688;Mannen en vrouwen;Indonesië;Totaal in gezinsverband;2008;181;299;274;-118;-93;24;49;-25
9689;Mannen en vrouwen;Indonesië;Totaal in gezinsverband;2009;178;219;201;-41;-23;24;42;-18
9690;Mannen en vrouwen;Indonesië;Personen in echtpaar;1995;198;420;383;-222;-185;7;44;-37
9691;Mannen en vrouwen;Indonesië;Personen in echtpaar;1996;208;393;358;-185;-150;13;48;-35
9692;Mannen en vrouwen;Indonesië;Personen in echtpaar;1997;180;296;264;-116;-84;14;46;-32
9693;Mannen en vrouwen;Indonesië;Personen in echtpaar;1998;166;286;253;-120;-87;9;42;-33
9694;Mannen en vrouwen;Indonesië;Personen in echtpaar;1999;159;229;217;-70;-58;8;20;-12
9695;Mannen en vrouwen;Indonesië;Personen in echtpaar;2000;154;212;189;-58;-35;2;25;-23
9696;Mannen en vrouwen;Indonesië;Personen in echtpaar;2001;110;234;216;-124;-106;6;24;-18
9697;Mannen en vrouwen;Indonesië;Personen in echtpaar;2002;116;298;258;-182;-142;1;41;-40
9698;Mannen en vrouwen;Indonesië;Personen in echtpaar;2003;97;250;206;-153;-109;12;56;-44
9699;Mannen en vrouwen;Indonesië;Personen in echtpaar;2004;101;238;200;-137;-99;12;50;-38
9700;Mannen en vrouwen;Indonesië;Personen in echtpaar;2005;76;262;221;-186;-145;13;54;-41
9701;Mannen en vrouwen;Indonesië;Personen in echtpaar;2006;109;258;227;-149;-118;13;44;-31
9702;Mannen en vrouwen;Indonesië;Personen in echtpaar;2007;108;275;250;-167;-142;10;35;-25
9703;Mannen en vrouwen;Indonesië;Personen in echtpaar;2008;93;256;238;-163;-145;16;34;-18
9704;Mannen en vrouwen;Indonesië;Personen in echtpaar;2009;112;191;174;-79;-62;7;24;-17
9705;Mannen en vrouwen;Indonesië;Personen in eenoudergezin met vader;1995;16;8;4;8;12;0;4;-4
9706;Mannen en vrouwen;Indonesië;Personen in eenoudergezin met vader;1996;5;7;5;-2;0;1;3;-2
9707;Mannen en vrouwen;Indonesië;Personen in eenoudergezin met vader;1997;13;8;8;5;5;1;1;0
9708;Mannen en vrouwen;Indonesië;Personen in eenoudergezin met vader;1998;12;2;0;10;12;0;2;-2
9709;Mannen en vrouwen;Indonesië;Personen in eenoudergezin met vader;1999;7;7;2;0;5;1;6;-5
9710;Mannen en vrouwen;Indonesië;Personen in eenoudergezin met vader;2000;22;3;2;19;20;2;3;-1
9711;Mannen en vrouwen;Indonesië;Personen in eenoudergezin met vader;2001;9;1;1;8;8;1;1;0
9712;Mannen en vrouwen;Indonesië;Personen in eenoudergezin met vader;2002;12;9;6;3;6;0;3;-3
9713;Mannen en vrouwen;Indonesië;Personen in eenoudergezin met vader;2003;6;11;9;-5;-3;2;4;-2
9714;Mannen en vrouwen;Indonesië;Personen in eenoudergezin met vader;2004;4;1;1;3;3;0;0;0
9715;Mannen en vrouwen;Indonesië;Personen in eenoudergezin met vader;2005;1;13;5;-12;-4;0;8;-8
9716;Mannen en vrouwen;Indonesië;Personen in eenoudergezin met vader;2006;9;12;5;-3;4;0;7;-7
9717;Mannen en vrouwen;Indonesië;Personen in eenoudergezin met vader;2007;5;13;11;-8;-6;1;3;-2
9718;Mannen en vrouwen;Indonesië;Personen in eenoudergezin met vader;2008;5;4;4;1;1;2;2;0
9719;Mannen en vrouwen;Indonesië;Personen in eenoudergezin met vader;2009;10;7;7;3;3;1;1;0
9720;Mannen en vrouwen;Indonesië;Personen in eenoudergezin met moeder;1995;64;67;48;-3;16;4;23;-19
9721;Mannen en vrouwen;Indonesië;Personen in eenoudergezin met moeder;1996;50;57;48;-7;2;5;14;-9
9722;Mannen en vrouwen;Indonesië;Personen in eenoudergezin met moeder;1997;77;54;41;23;36;1;14;-13
9723;Mannen en vrouwen;Indonesië;Personen in eenoudergezin met moeder;1998;128;48;30;80;98;2;20;-18
9724;Mannen en vrouwen;Indonesië;Personen in eenoudergezin met moeder;1999;131;53;38;78;93;0;15;-15
9725;Mannen en vrouwen;Indonesië;Personen in eenoudergezin met moeder;2000;115;50;35;65;80;4;19;-15
9726;Mannen en vrouwen;Indonesië;Personen in eenoudergezin met moeder;2001;121;23;16;98;105;4;11;-7
9727;Mannen en vrouwen;Indonesië;Personen in eenoudergezin met moeder;2002;99;24;16;75;83;3;11;-8
9728;Mannen en vrouwen;Indonesië;Personen in eenoudergezin met moeder;2003;113;40;24;73;89;2;18;-16
9729;Mannen en vrouwen;Indonesië;Personen in eenoudergezin met moeder;2004;83;38;31;45;52;4;11;-7
9730;Mannen en vrouwen;Indonesië;Personen in eenoudergezin met moeder;2005;90;48;32;42;58;1;17;-16
9731;Mannen en vrouwen;Indonesië;Personen in eenoudergezin met moeder;2006;60;43;30;17;30;4;17;-13
9732;Mannen en vrouwen;Indonesië;Personen in eenoudergezin met moeder;2007;50;46;37;4;13;5;14;-9
9733;Mannen en vrouwen;Indonesië;Personen in eenoudergezin met moeder;2008;75;34;28;41;47;4;10;-6
9734;Mannen en vrouwen;Indonesië;Personen in eenoudergezin met moeder;2009;49;21;19;28;30;11;13;-2
9735;Mannen en vrouwen;Indonesië;Personen in samenwonend paar met kin...;1995;6;3;3;3;3;0;0;0
9736;Mannen en vrouwen;Indonesië;Personen in samenwonend paar met kin...;1996;5;6;5;-1;0;0;1;-1
9737;Mannen en vrouwen;Indonesië;Personen in samenwonend paar met kin...;1997;8;6;6;2;2;0;0;0
9738;Mannen en vrouwen;Indonesië;Personen in samenwonend paar met kin...;1998;16;9;7;7;9;0;2;-2
9739;Mannen en vrouwen;Indonesië;Personen in samenwonend paar met kin...;1999;9;7;8;2;1;2;1;1
9740;Mannen en vrouwen;Indonesië;Personen in samenwonend paar met kin...;2000;10;3;3;7;7;1;1;0
9741;Mannen en vrouwen;Indonesië;Personen in samenwonend paar met kin...;2001;14;6;6;8;8;0;0;0
9742;Mannen en vrouwen;Indonesië;Personen in samenwonend paar met kin...;2002;4;8;4;-4;0;2;6;-4
9743;Mannen en vrouwen;Indonesië;Personen in samenwonend paar met kin...;2003;5;2;4;3;1;4;2;2
9744;Mannen en vrouwen;Indonesië;Personen in samenwonend paar met kin...;2004;4;9;6;-5;-2;3;6;-3
9745;Mannen en vrouwen;Indonesië;Personen in samenwonend paar met kin...;2005;7;7;6;0;1;3;4;-1
9746;Mannen en vrouwen;Indonesië;Personen in samenwonend paar met kin...;2006;3;1;3;2;0;3;1;2
9747;Mannen en vrouwen;Indonesië;Personen in samenwonend paar met kin...;2007;10;7;6;3;4;0;1;-1
9748;Mannen en vrouwen;Indonesië;Personen in samenwonend paar met kin...;2008;8;5;4;3;4;2;3;-1
9749;Mannen en vrouwen;Indonesië;Personen in samenwonend paar met kin...;2009;7;0;1;7;6;5;4;1
9750;Mannen en vrouwen;Indonesië;Alleengaanden;1995;944;660;476;284;468;129;313;-184
9751;Mannen en vrouwen;Indonesië;Alleengaanden;1996;1094;762;496;332;598;148;414;-266
9752;Mannen en vrouwen;Indonesië;Alleengaanden;1997;1079;647;455;432;624;171;363;-192
9753;Mannen en vrouwen;Indonesië;Alleengaanden;1998;1536;584;396;952;1140;202;390;-188
9754;Mannen en vrouwen;Indonesië;Alleengaanden;1999;1443;574;399;869;1044;161;336;-175
9755;Mannen en vrouwen;Indonesië;Alleengaanden;2000;1630;584;400;1046;1230;158;342;-184
9756;Mannen en vrouwen;Indonesië;Alleengaanden;2001;1767;529;387;1238;1380;172;314;-142
9757;Mannen en vrouwen;Indonesië;Alleengaanden;2002;1738;794;499;944;1239;191;486;-295
9758;Mannen en vrouwen;Indonesië;Alleengaanden;2003;1534;914;534;620;1000;187;567;-380
9759;Mannen en vrouwen;Indonesië;Alleengaanden;2004;1335;905;553;430;782;212;564;-352
9760;Mannen en vrouwen;Indonesië;Alleengaanden;2005;1196;992;603;204;593;243;632;-389
9761;Mannen en vrouwen;Indonesië;Alleengaanden;2006;1251;1135;734;116;517;272;673;-401
9762;Mannen en vrouwen;Indonesië;Alleengaanden;2007;1375;1034;745;341;630;279;568;-289
9763;Mannen en vrouwen;Indonesië;Alleengaanden;2008;1408;1049;700;359;708;237;586;-349
9764;Mannen en vrouwen;Indonesië;Alleengaanden;2009;1255;1071;738;184;517;251;584;-333
9765;Mannen en vrouwen;Irak;Totaal personen;1995;2990;148;42;2842;2948;34;140;-106
9766;Mannen en vrouwen;Irak;Totaal personen;1996;4673;245;77;4428;4596;24;192;-168
9767;Mannen en vrouwen;Irak;Totaal personen;1997;6130;257;89;5873;6041;29;197;-168
9768;Mannen en vrouwen;Irak;Totaal personen;1998;7372;373;99;6999;7273;41;315;-274
9769;Mannen en vrouwen;Irak;Totaal personen;1999;3346;720;218;2626;3128;74;576;-502
9770;Mannen en vrouwen;Irak;Totaal personen;2000;4445;633;155;3812;4290;113;591;-478
9771;Mannen en vrouwen;Irak;Totaal personen;2001;3119;910;177;2209;2942;150;883;-733
9772;Mannen en vrouwen;Irak;Totaal personen;2002;1535;1714;222;-179;1313;172;1664;-1492
9773;Mannen en vrouwen;Irak;Totaal personen;2003;1311;1173;339;138;972;355;1189;-834
9774;Mannen en vrouwen;Irak;Totaal personen;2004;1165;1187;543;-22;622;243;887;-644
9775;Mannen en vrouwen;Irak;Totaal personen;2005;1052;1656;845;-604;207;237;1048;-811
9776;Mannen en vrouwen;Irak;Totaal personen;2006;1215;1722;893;-507;322;299;1128;-829
9777;Mannen en vrouwen;Irak;Totaal personen;2007;2204;1258;882;946;1322;382;758;-376
9778;Mannen en vrouwen;Irak;Totaal personen;2008;4116;981;747;3135;3369;423;657;-234
9779;Mannen en vrouwen;Irak;Totaal personen;2009;3765;1483;892;2282;2873;328;919;-591
9780;Mannen en vrouwen;Irak;Totaal in gezinsverband;1995;1063;73;8;990;1055;3;68;-65
9781;Mannen en vrouwen;Irak;Totaal in gezinsverband;1996;1895;80;15;1815;1880;4;69;-65
9782;Mannen en vrouwen;Irak;Totaal in gezinsverband;1997;2088;108;40;1980;2048;2;70;-68
9783;Mannen en vrouwen;Irak;Totaal in gezinsverband;1998;2077;142;46;1935;2031;8;104;-96
9784;Mannen en vrouwen;Irak;Totaal in gezinsverband;1999;974;206;84;768;890;13;135;-122
9785;Mannen en vrouwen;Irak;Totaal in gezinsverband;2000;1269;144;59;1125;1210;3;88;-85
9786;Mannen en vrouwen;Irak;Totaal in gezinsverband;2001;833;263;64;570;769;7;206;-199
9787;Mannen en vrouwen;Irak;Totaal in gezinsverband;2002;490;433;91;57;399;14;356;-342
9788;Mannen en vrouwen;Irak;Totaal in gezinsverband;2003;343;339;160;4;183;62;241;-179
9789;Mannen en vrouwen;Irak;Totaal in gezinsverband;2004;335;348;243;-13;92;30;135;-105
9790;Mannen en vrouwen;Irak;Totaal in gezinsverband;2005;299;602;407;-303;-108;18;213;-195
9791;Mannen en vrouwen;Irak;Totaal in gezinsverband;2006;330;588;388;-258;-58;15;215;-200
9792;Mannen en vrouwen;Irak;Totaal in gezinsverband;2007;676;481;417;195;259;51;115;-64
9793;Mannen en vrouwen;Irak;Totaal in gezinsverband;2008;901;315;265;586;636;33;83;-50
9794;Mannen en vrouwen;Irak;Totaal in gezinsverband;2009;899;480;342;419;557;27;165;-138
9795;Mannen en vrouwen;Irak;Personen in echtpaar;1995;489;65;7;424;482;3;61;-58
9796;Mannen en vrouwen;Irak;Personen in echtpaar;1996;685;63;8;622;677;2;57;-55
9797;Mannen en vrouwen;Irak;Personen in echtpaar;1997;541;65;24;476;517;2;43;-41
9798;Mannen en vrouwen;Irak;Personen in echtpaar;1998;704;82;24;622;680;7;65;-58
9799;Mannen en vrouwen;Irak;Personen in echtpaar;1999;336;137;59;199;277;6;84;-78
9800;Mannen en vrouwen;Irak;Personen in echtpaar;2000;453;84;27;369;426;3;60;-57
9801;Mannen en vrouwen;Irak;Personen in echtpaar;2001;289;179;41;110;248;2;140;-138
9802;Mannen en vrouwen;Irak;Personen in echtpaar;2002;119;238;46;-119;73;9;201;-192
9803;Mannen en vrouwen;Irak;Personen in echtpaar;2003;83;221;95;-138;-12;20;146;-126
9804;Mannen en vrouwen;Irak;Personen in echtpaar;2004;68;176;129;-108;-61;14;61;-47
9805;Mannen en vrouwen;Irak;Personen in echtpaar;2005;80;346;247;-266;-167;8;107;-99
9806;Mannen en vrouwen;Irak;Personen in echtpaar;2006;116;324;202;-208;-86;5;127;-122
9807;Mannen en vrouwen;Irak;Personen in echtpaar;2007;277;254;224;23;53;30;60;-30
9808;Mannen en vrouwen;Irak;Personen in echtpaar;2008;322;144;133;178;189;25;36;-11
9809;Mannen en vrouwen;Irak;Personen in echtpaar;2009;299;242;172;57;127;6;76;-70
9810;Mannen en vrouwen;Irak;Personen in eenoudergezin met vader;1995;51;0;0;51;51;0;0;0
9811;Mannen en vrouwen;Irak;Personen in eenoudergezin met vader;1996;79;0;0;79;79;0;0;0
9812;Mannen en vrouwen;Irak;Personen in eenoudergezin met vader;1997;82;9;0;73;82;0;9;-9
9813;Mannen en vrouwen;Irak;Personen in eenoudergezin met vader;1998;84;5;0;79;84;0;5;-5
9814;Mannen en vrouwen;Irak;Personen in eenoudergezin met vader;1999;29;10;0;19;29;6;16;-10
9815;Mannen en vrouwen;Irak;Personen in eenoudergezin met vader;2000;55;7;0;48;55;0;7;-7
9816;Mannen en vrouwen;Irak;Personen in eenoudergezin met vader;2001;23;12;2;11;21;2;12;-10
9817;Mannen en vrouwen;Irak;Personen in eenoudergezin met vader;2002;36;22;5;14;31;1;18;-17
9818;Mannen en vrouwen;Irak;Personen in eenoudergezin met vader;2003;10;15;1;-5;9;8;22;-14
9819;Mannen en vrouwen;Irak;Personen in eenoudergezin met vader;2004;6;30;15;-24;-9;2;17;-15
9820;Mannen en vrouwen;Irak;Personen in eenoudergezin met vader;2005;24;44;27;-20;-3;2;19;-17
9821;Mannen en vrouwen;Irak;Personen in eenoudergezin met vader;2006;20;26;16;-6;4;0;10;-10
9822;Mannen en vrouwen;Irak;Personen in eenoudergezin met vader;2007;21;18;15;3;6;2;5;-3
9823;Mannen en vrouwen;Irak;Personen in eenoudergezin met vader;2008;48;10;8;38;40;2;4;-2
9824;Mannen en vrouwen;Irak;Personen in eenoudergezin met vader;2009;41;42;19;-1;22;2;25;-23
9825;Mannen en vrouwen;Irak;Personen in eenoudergezin met moeder;1995;398;1;1;397;397;0;0;0
9826;Mannen en vrouwen;Irak;Personen in eenoudergezin met moeder;1996;896;15;7;881;889;2;10;-8
9827;Mannen en vrouwen;Irak;Personen in eenoudergezin met moeder;1997;1295;19;5;1276;1290;0;14;-14
9828;Mannen en vrouwen;Irak;Personen in eenoudergezin met moeder;1998;1044;42;18;1002;1026;0;24;-24
9829;Mannen en vrouwen;Irak;Personen in eenoudergezin met moeder;1999;533;52;24;481;509;1;29;-28
9830;Mannen en vrouwen;Irak;Personen in eenoudergezin met moeder;2000;575;47;32;528;543;0;15;-15
9831;Mannen en vrouwen;Irak;Personen in eenoudergezin met moeder;2001;413;57;21;356;392;3;39;-36
9832;Mannen en vrouwen;Irak;Personen in eenoudergezin met moeder;2002;311;127;34;184;277;0;93;-93
9833;Mannen en vrouwen;Irak;Personen in eenoudergezin met moeder;2003;243;99;62;144;181;28;65;-37
9834;Mannen en vrouwen;Irak;Personen in eenoudergezin met moeder;2004;247;128;90;119;157;10;48;-38
9835;Mannen en vrouwen;Irak;Personen in eenoudergezin met moeder;2005;186;203;133;-17;53;8;78;-70
9836;Mannen en vrouwen;Irak;Personen in eenoudergezin met moeder;2006;170;225;168;-55;2;9;66;-57
9837;Mannen en vrouwen;Irak;Personen in eenoudergezin met moeder;2007;306;195;169;111;137;19;45;-26
9838;Mannen en vrouwen;Irak;Personen in eenoudergezin met moeder;2008;441;144;116;297;325;6;34;-28
9839;Mannen en vrouwen;Irak;Personen in eenoudergezin met moeder;2009;492;177;137;315;355;14;54;-40
9840;Mannen en vrouwen;Irak;Personen in samenwonend paar met kin...;1995;125;7;0;118;125;0;7;-7
9841;Mannen en vrouwen;Irak;Personen in samenwonend paar met kin...;1996;235;2;0;233;235;0;2;-2
9842;Mannen en vrouwen;Irak;Personen in samenwonend paar met kin...;1997;170;15;11;155;159;0;4;-4
9843;Mannen en vrouwen;Irak;Personen in samenwonend paar met kin...;1998;245;13;4;232;241;1;10;-9
9844;Mannen en vrouwen;Irak;Personen in samenwonend paar met kin...;1999;76;7;1;69;75;0;6;-6
9845;Mannen en vrouwen;Irak;Personen in samenwonend paar met kin...;2000;186;6;0;180;186;0;6;-6
9846;Mannen en vrouwen;Irak;Personen in samenwonend paar met kin...;2001;108;15;0;93;108;0;15;-15
9847;Mannen en vrouwen;Irak;Personen in samenwonend paar met kin...;2002;24;46;6;-22;18;4;44;-40
9848;Mannen en vrouwen;Irak;Personen in samenwonend paar met kin...;2003;7;4;2;3;5;6;8;-2
9849;Mannen en vrouwen;Irak;Personen in samenwonend paar met kin...;2004;14;14;9;0;5;4;9;-5
9850;Mannen en vrouwen;Irak;Personen in samenwonend paar met kin...;2005;9;9;0;0;9;0;9;-9
9851;Mannen en vrouwen;Irak;Personen in samenwonend paar met kin...;2006;24;13;2;11;22;1;12;-11
9852;Mannen en vrouwen;Irak;Personen in samenwonend paar met kin...;2007;72;14;9;58;63;0;5;-5
9853;Mannen en vrouwen;Irak;Personen in samenwonend paar met kin...;2008;90;17;8;73;82;0;9;-9
9854;Mannen en vrouwen;Irak;Personen in samenwonend paar met kin...;2009;67;19;14;48;53;5;10;-5
9855;Mannen en vrouwen;Irak;Alleengaanden;1995;1927;75;34;1852;1893;31;72;-41
9856;Mannen en vrouwen;Irak;Alleengaanden;1996;2778;165;62;2613;2716;20;123;-103
9857;Mannen en vrouwen;Irak;Alleengaanden;1997;4042;149;49;3893;3993;27;127;-100
9858;Mannen en vrouwen;Irak;Alleengaanden;1998;5295;231;53;5064;5242;33;211;-178
9859;Mannen en vrouwen;Irak;Alleengaanden;1999;2372;514;134;1858;2238;61;441;-380
9860;Mannen en vrouwen;Irak;Alleengaanden;2000;3176;489;96;2687;3080;110;503;-393
9861;Mannen en vrouwen;Irak;Alleengaanden;2001;2286;647;113;1639;2173;143;677;-534
9862;Mannen en vrouwen;Irak;Alleengaanden;2002;1045;1281;131;-236;914;158;1308;-1150
9863;Mannen en vrouwen;Irak;Alleengaanden;2003;968;834;179;134;789;293;948;-655
9864;Mannen en vrouwen;Irak;Alleengaanden;2004;830;839;300;-9;530;213;752;-539
9865;Mannen en vrouwen;Irak;Alleengaanden;2005;753;1054;438;-301;315;219;835;-616
9866;Mannen en vrouwen;Irak;Alleengaanden;2006;885;1134;505;-249;380;284;913;-629
9867;Mannen en vrouwen;Irak;Alleengaanden;2007;1528;777;465;751;1063;331;643;-312
9868;Mannen en vrouwen;Irak;Alleengaanden;2008;3215;666;482;2549;2733;390;574;-184
9869;Mannen en vrouwen;Irak;Alleengaanden;2009;2866;1003;550;1863;2316;301;754;-453
9870;Mannen en vrouwen;Iran;Totaal personen;1995;2643;333;147;2310;2496;52;238;-186
9871;Mannen en vrouwen;Iran;Totaal personen;1996;2818;443;178;2375;2640;70;335;-265
9872;Mannen en vrouwen;Iran;Totaal personen;1997;1689;465;200;1224;1489;66;331;-265
9873;Mannen en vrouwen;Iran;Totaal personen;1998;1146;349;171;797;975;67;245;-178
9874;Mannen en vrouwen;Iran;Totaal personen;1999;1144;339;191;805;953;80;228;-148
9875;Mannen en vrouwen;Iran;Totaal personen;2000;1733;318;152;1415;1581;104;270;-166
9876;Mannen en vrouwen;Iran;Totaal personen;2001;2171;389;189;1782;1982;86;286;-200
9877;Mannen en vrouwen;Iran;Totaal personen;2002;1440;584;184;856;1256;117;517;-400
9878;Mannen en vrouwen;Iran;Totaal personen;2003;916;877;242;39;674;158;793;-635
9879;Mannen en vrouwen;Iran;Totaal personen;2004;673;778;248;-105;425;183;713;-530
9880;Mannen en vrouwen;Iran;Totaal personen;2005;575;797;278;-222;297;233;752;-519
9881;Mannen en vrouwen;Iran;Totaal personen;2006;678;715;352;-37;326;223;586;-363
9882;Mannen en vrouwen;Iran;Totaal personen;2007;837;397;329;440;508;340;408;-68
9883;Mannen en vrouwen;Iran;Totaal personen;2008;1015;489;305;526;710;290;474;-184
9884;Mannen en vrouwen;Iran;Totaal personen;2009;1267;575;354;692;913;191;412;-221
9885;Mannen en vrouwen;Iran;Totaal in gezinsverband;1995;608;146;65;462;543;7;88;-81
9886;Mannen en vrouwen;Iran;Totaal in gezinsverband;1996;825;168;80;657;745;6;94;-88
9887;Mannen en vrouwen;Iran;Totaal in gezinsverband;1997;533;123;61;410;472;6;68;-62
9888;Mannen en vrouwen;Iran;Totaal in gezinsverband;1998;350;104;63;246;287;10;51;-41
9889;Mannen en vrouwen;Iran;Totaal in gezinsverband;1999;288;117;76;171;212;5;46;-41
9890;Mannen en vrouwen;Iran;Totaal in gezinsverband;2000;500;97;60;403;440;5;42;-37
9891;Mannen en vrouwen;Iran;Totaal in gezinsverband;2001;700;141;64;559;636;2;79;-77
9892;Mannen en vrouwen;Iran;Totaal in gezinsverband;2002;435;183;73;252;362;6;116;-110
9893;Mannen en vrouwen;Iran;Totaal in gezinsverband;2003;212;252;74;-40;138;23;201;-178
9894;Mannen en vrouwen;Iran;Totaal in gezinsverband;2004;155;203;71;-48;84;27;159;-132
9895;Mannen en vrouwen;Iran;Totaal in gezinsverband;2005;128;223;80;-95;48;42;185;-143
9896;Mannen en vrouwen;Iran;Totaal in gezinsverband;2006;112;209;119;-97;-7;32;122;-90
9897;Mannen en vrouwen;Iran;Totaal in gezinsverband;2007;138;136;103;2;35;58;91;-33
9898;Mannen en vrouwen;Iran;Totaal in gezinsverband;2008;183;164;95;19;88;23;92;-69
9899;Mannen en vrouwen;Iran;Totaal in gezinsverband;2009;261;166;127;95;134;7;46;-39
9900;Mannen en vrouwen;Iran;Personen in echtpaar;1995;279;105;34;174;245;0;71;-71
9901;Mannen en vrouwen;Iran;Personen in echtpaar;1996;393;123;53;270;340;0;70;-70
9902;Mannen en vrouwen;Iran;Personen in echtpaar;1997;277;74;39;203;238;4;39;-35
9903;Mannen en vrouwen;Iran;Personen in echtpaar;1998;160;65;42;95;118;8;31;-23
9904;Mannen en vrouwen;Iran;Personen in echtpaar;1999;114;100;62;14;52;1;39;-38
9905;Mannen en vrouwen;Iran;Personen in echtpaar;2000;239;72;46;167;193;2;28;-26
9906;Mannen en vrouwen;Iran;Personen in echtpaar;2001;364;95;42;269;322;0;53;-53
9907;Mannen en vrouwen;Iran;Personen in echtpaar;2002;182;120;47;62;135;3;76;-73
9908;Mannen en vrouwen;Iran;Personen in echtpaar;2003;86;163;45;-77;41;13;131;-118
9909;Mannen en vrouwen;Iran;Personen in echtpaar;2004;32;99;44;-67;-12;18;73;-55
9910;Mannen en vrouwen;Iran;Personen in echtpaar;2005;28;143;55;-115;-27;30;118;-88
9911;Mannen en vrouwen;Iran;Personen in echtpaar;2006;42;148;91;-106;-49;21;78;-57
9912;Mannen en vrouwen;Iran;Personen in echtpaar;2007;71;81;59;-10;12;24;46;-22
9913;Mannen en vrouwen;Iran;Personen in echtpaar;2008;102;126;71;-24;31;11;66;-55
9914;Mannen en vrouwen;Iran;Personen in echtpaar;2009;133;120;95;13;38;2;27;-25
9915;Mannen en vrouwen;Iran;Personen in eenoudergezin met vader;1995;40;5;0;35;40;0;5;-5
9916;Mannen en vrouwen;Iran;Personen in eenoudergezin met vader;1996;19;2;0;17;19;0;2;-2
9917;Mannen en vrouwen;Iran;Personen in eenoudergezin met vader;1997;19;6;2;13;17;0;4;-4
9918;Mannen en vrouwen;Iran;Personen in eenoudergezin met vader;1998;27;2;2;25;25;0;0;0
9919;Mannen en vrouwen;Iran;Personen in eenoudergezin met vader;1999;9;0;0;9;9;0;0;0
9920;Mannen en vrouwen;Iran;Personen in eenoudergezin met vader;2000;23;1;0;22;23;0;1;-1
9921;Mannen en vrouwen;Iran;Personen in eenoudergezin met vader;2001;25;6;3;19;22;0;3;-3
9922;Mannen en vrouwen;Iran;Personen in eenoudergezin met vader;2002;19;8;3;11;16;0;5;-5
9923;Mannen en vrouwen;Iran;Personen in eenoudergezin met vader;2003;6;4;4;2;2;1;1;0
9924;Mannen en vrouwen;Iran;Personen in eenoudergezin met vader;2004;10;23;3;-13;7;0;20;-20
9925;Mannen en vrouwen;Iran;Personen in eenoudergezin met vader;2005;6;11;1;-5;5;0;10;-10
9926;Mannen en vrouwen;Iran;Personen in eenoudergezin met vader;2006;21;13;6;8;15;0;7;-7
9927;Mannen en vrouwen;Iran;Personen in eenoudergezin met vader;2007;3;13;5;-10;-2;3;11;-8
9928;Mannen en vrouwen;Iran;Personen in eenoudergezin met vader;2008;4;8;1;-4;3;0;7;-7
9929;Mannen en vrouwen;Iran;Personen in eenoudergezin met vader;2009;12;10;1;2;11;1;10;-9
9930;Mannen en vrouwen;Iran;Personen in eenoudergezin met moeder;1995;207;34;27;173;180;5;12;-7
9931;Mannen en vrouwen;Iran;Personen in eenoudergezin met moeder;1996;274;32;20;242;254;6;18;-12
9932;Mannen en vrouwen;Iran;Personen in eenoudergezin met moeder;1997;191;26;11;165;180;2;17;-15
9933;Mannen en vrouwen;Iran;Personen in eenoudergezin met moeder;1998;132;35;17;97;115;2;20;-18
9934;Mannen en vrouwen;Iran;Personen in eenoudergezin met moeder;1999;126;17;14;109;112;4;7;-3
9935;Mannen en vrouwen;Iran;Personen in eenoudergezin met moeder;2000;181;27;14;154;167;0;13;-13
9936;Mannen en vrouwen;Iran;Personen in eenoudergezin met moeder;2001;229;36;15;193;214;2;23;-21
9937;Mannen en vrouwen;Iran;Personen in eenoudergezin met moeder;2002;198;49;23;149;175;3;29;-26
9938;Mannen en vrouwen;Iran;Personen in eenoudergezin met moeder;2003;103;72;19;31;84;9;62;-53
9939;Mannen en vrouwen;Iran;Personen in eenoudergezin met moeder;2004;102;76;24;26;78;9;61;-52
9940;Mannen en vrouwen;Iran;Personen in eenoudergezin met moeder;2005;91;58;21;33;70;6;43;-37
9941;Mannen en vrouwen;Iran;Personen in eenoudergezin met moeder;2006;32;43;19;-11;13;5;29;-24
9942;Mannen en vrouwen;Iran;Personen in eenoudergezin met moeder;2007;48;42;34;6;14;23;31;-8
9943;Mannen en vrouwen;Iran;Personen in eenoudergezin met moeder;2008;51;28;23;23;28;10;15;-5
9944;Mannen en vrouwen;Iran;Personen in eenoudergezin met moeder;2009;84;33;28;51;56;4;9;-5
9945;Mannen en vrouwen;Iran;Personen in samenwonend paar met kin...;1995;82;2;4;80;78;2;0;2
9946;Mannen en vrouwen;Iran;Personen in samenwonend paar met kin...;1996;139;11;7;128;132;0;4;-4
9947;Mannen en vrouwen;Iran;Personen in samenwonend paar met kin...;1997;46;17;9;29;37;0;8;-8
9948;Mannen en vrouwen;Iran;Personen in samenwonend paar met kin...;1998;31;2;2;29;29;0;0;0
9949;Mannen en vrouwen;Iran;Personen in samenwonend paar met kin...;1999;39;0;0;39;39;0;0;0
9950;Mannen en vrouwen;Iran;Personen in samenwonend paar met kin...;2000;57;-3;0;60;57;3;0;3
9951;Mannen en vrouwen;Iran;Personen in samenwonend paar met kin...;2001;82;4;4;78;78;0;0;0
9952;Mannen en vrouwen;Iran;Personen in samenwonend paar met kin...;2002;36;6;0;30;36;0;6;-6
9953;Mannen en vrouwen;Iran;Personen in samenwonend paar met kin...;2003;17;13;6;4;11;0;7;-7
9954;Mannen en vrouwen;Iran;Personen in samenwonend paar met kin...;2004;11;5;0;6;11;0;5;-5
9955;Mannen en vrouwen;Iran;Personen in samenwonend paar met kin...;2005;3;11;3;-8;0;6;14;-8
9956;Mannen en vrouwen;Iran;Personen in samenwonend paar met kin...;2006;17;5;3;12;14;6;8;-2
9957;Mannen en vrouwen;Iran;Personen in samenwonend paar met kin...;2007;16;0;5;16;11;8;3;5
9958;Mannen en vrouwen;Iran;Personen in samenwonend paar met kin...;2008;26;2;0;24;26;2;4;-2
9959;Mannen en vrouwen;Iran;Personen in samenwonend paar met kin...;2009;32;3;3;29;29;0;0;0
9960;Mannen en vrouwen;Iran;Alleengaanden;1995;2035;187;82;1848;1953;45;150;-105
9961;Mannen en vrouwen;Iran;Alleengaanden;1996;1993;275;98;1718;1895;64;241;-177
9962;Mannen en vrouwen;Iran;Alleengaanden;1997;1156;342;139;814;1017;60;263;-203
9963;Mannen en vrouwen;Iran;Alleengaanden;1998;796;245;108;551;688;57;194;-137
9964;Mannen en vrouwen;Iran;Alleengaanden;1999;856;222;115;634;741;75;182;-107
9965;Mannen en vrouwen;Iran;Alleengaanden;2000;1233;221;92;1012;1141;99;228;-129
9966;Mannen en vrouwen;Iran;Alleengaanden;2001;1471;248;125;1223;1346;84;207;-123
9967;Mannen en vrouwen;Iran;Alleengaanden;2002;1005;401;111;604;894;111;401;-290
9968;Mannen en vrouwen;Iran;Alleengaanden;2003;704;625;168;79;536;135;592;-457
9969;Mannen en vrouwen;Iran;Alleengaanden;2004;518;575;177;-57;341;156;554;-398
9970;Mannen en vrouwen;Iran;Alleengaanden;2005;447;574;198;-127;249;191;567;-376
9971;Mannen en vrouwen;Iran;Alleengaanden;2006;566;506;233;60;333;191;464;-273
9972;Mannen en vrouwen;Iran;Alleengaanden;2007;699;261;226;438;473;282;317;-35
9973;Mannen en vrouwen;Iran;Alleengaanden;2008;832;325;210;507;622;267;382;-115
9974;Mannen en vrouwen;Iran;Alleengaanden;2009;1006;409;227;597;779;184;366;-182
9975;Mannen en vrouwen;Israël;Totaal personen;1995;239;268;168;-29;71;16;116;-100
9976;Mannen en vrouwen;Israël;Totaal personen;1996;356;380;172;-24;184;12;220;-208
9977;Mannen en vrouwen;Israël;Totaal personen;1997;355;245;141;110;214;37;141;-104
9978;Mannen en vrouwen;Israël;Totaal personen;1998;400;262;149;138;251;36;149;-113
9979;Mannen en vrouwen;Israël;Totaal personen;1999;380;241;147;139;233;21;115;-94
9980;Mannen en vrouwen;Israël;Totaal personen;2000;428;276;139;152;289;15;152;-137
9981;Mannen en vrouwen;Israël;Totaal personen;2001;477;239;122;238;355;26;143;-117
9982;Mannen en vrouwen;Israël;Totaal personen;2002;623;206;97;417;526;27;136;-109
9983;Mannen en vrouwen;Israël;Totaal personen;2003;567;319;174;248;393;35;180;-145
9984;Mannen en vrouwen;Israël;Totaal personen;2004;412;286;168;126;244;38;156;-118
9985;Mannen en vrouwen;Israël;Totaal personen;2005;370;395;236;-25;134;31;190;-159
9986;Mannen en vrouwen;Israël;Totaal personen;2006;345;403;218;-58;127;41;226;-185
9987;Mannen en vrouwen;Israël;Totaal personen;2007;350;401;221;-51;129;34;214;-180
9988;Mannen en vrouwen;Israël;Totaal personen;2008;418;368;218;50;200;33;183;-150
9989;Mannen en vrouwen;Israël;Totaal personen;2009;348;320;237;28;111;40;123;-83
9990;Mannen en vrouwen;Israël;Totaal in gezinsverband;1995;60;122;91;-62;-31;4;35;-31
9991;Mannen en vrouwen;Israël;Totaal in gezinsverband;1996;58;168;112;-110;-54;0;56;-56
9992;Mannen en vrouwen;Israël;Totaal in gezinsverband;1997;82;95;55;-13;27;2;42;-40
9993;Mannen en vrouwen;Israël;Totaal in gezinsverband;1998;43;108;68;-65;-25;12;52;-40
9994;Mannen en vrouwen;Israël;Totaal in gezinsverband;1999;72;94;77;-22;-5;0;17;-17
9995;Mannen en vrouwen;Israël;Totaal in gezinsverband;2000;70;106;68;-36;2;0;38;-38
9996;Mannen en vrouwen;Israël;Totaal in gezinsverband;2001;84;94;54;-10;30;5;45;-40
9997;Mannen en vrouwen;Israël;Totaal in gezinsverband;2002;139;62;45;77;94;4;21;-17
9998;Mannen en vrouwen;Israël;Totaal in gezinsverband;2003;114;108;77;6;37;5;36;-31
9999;Mannen en vrouwen;Israël;Totaal in gezinsverband;2004;80;106;79;-26;1;11;38;-27
