ID;Leeftijd;Perioden;TotaalLevendgeborenen_1;k_1eKind_2;k_2eKind_3;k_3eKind_4;k_4eOfVolgendeKinderen_5;TotaalOverledenen_6;OverledenMannen_7;OverledenVrouwen_8;TotaalImmigratie_9;ImmigratieMannen_10;ImmigratieVrouwen_11;TotaalEmigratie_12;EmigratieMannen_13;EmigratieVrouwen_14;TotaalMigratieSaldo_15;MigratieSaldoMannen_16;MigratieSaldoVrouwen_17
0;Totaal over alle leeftijden;2002;202249.0;92584.0;74366.0;25194.0;10098.0;140638;68226;72412;122014;63895;58119;87073;48857;38216;34941;15038;19903
1;Totaal over alle leeftijden;2003;200890.0;89679.0;74486.0;25230.0;11496.0;142184;68706;73478;110345;57713;52632;86988;48756;38232;23357;8957;14400
2;Totaal over alle leeftijden;2004;197454.0;87880.0;73269.0;24911.0;11424.0;144184;69530;74654;105843;55052;50791;86463;48408;38055;19380;6644;12736
3;Totaal over alle leeftijden;2005;193941.0;86300.0;71904.0;24448.0;11307.0;146171;70398;75773;104292;53892;50400;85829;47989;37840;18463;5903;12560
4;Totaal over alle leeftijden;2006;190582.0;84983.0;70519.0;23923.0;11166.0;148147;71315;76832;105272;54078;51194;85286;47600;37686;19986;6478;13508
5;Totaal over alle leeftijden;2007;187523.0;83973.0;69265.0;23329.0;10992.0;150106;72271;77835;108387;55533;52854;84994;47337;37657;23393;8196;15197
6;Totaal over alle leeftijden;2008;185092.0;83218.0;68247.0;22830.0;10820.0;152054;73273;78781;112589;57642;54947;85040;47250;37790;27549;10392;17157
7;Totaal over alle leeftijden;2009;183131.0;82652.0;67503.0;22320.0;10641.0;153978;74320;79658;116777;59742;57035;85406;47340;38066;31371;12402;18969
8;Totaal over alle leeftijden;2010;181882.0;82396.0;67047.0;21939.0;10485.0;155894;75416;80478;120368;61553;58815;86027;47563;38464;34341;13990;20351
9;Totaal over alle leeftijden;2011;181222.0;82427.0;66821.0;21649.0;10352.0;157772;76538;81234;122862;62817;60045;86795;47867;38928;36067;14950;21117
10;Totaal over alle leeftijden;2012;181077.0;82611.0;66804.0;21430.0;10252.0;159645;77707;81938;124117;63435;60682;87613;48198;39415;36504;15237;21267
11;Totaal over alle leeftijden;2013;181434.0;82955.0;66947.0;21336.0;10183.0;161494;78907;82587;124654;63694;60960;88393;48517;39876;36261;15177;21084
12;Totaal over alle leeftijden;2014;182058.0;83418.0;67211.0;21271.0;10155.0;163343;80137;83206;124956;63831;61125;89082;48790;40292;35874;15041;20833
13;Totaal over alle leeftijden;2015;182966.0;83917.0;67581.0;21297.0;10151.0;165224;81400;83824;125247;63964;61283;89691;49025;40666;35556;14939;20617
14;Totaal over alle leeftijden;2016;184065.0;84469.0;68041.0;21360.0;10176.0;167134;82705;84429;125483;64072;61411;90237;49233;41004;35246;14839;20407
15;Totaal over alle leeftijden;2017;185323.0;85043.0;68597.0;21467.0;10219.0;169095;84046;85049;125701;64173;61528;90718;49413;41305;34983;14760;20223
16;Totaal over alle leeftijden;2018;186706.0;85631.0;69208.0;21598.0;10277.0;171153;85434;85719;125850;64234;61616;91156;49578;41578;34694;14656;20038
17;Totaal over alle leeftijden;2019;188151.0;86186.0;69837.0;21735.0;10354.0;173271;86851;86420;125960;64281;61679;91544;49715;41829;34416;14566;19850
18;Totaal over alle leeftijden;2020;189422.0;86688.0;70444.0;21866.0;10448.0;175479;88303;87176;125988;64292;61696;91911;49844;42067;34077;14448;19629
19;Totaal over alle leeftijden;2021;190668.0;87134.0;70997.0;21999.0;10540.0;177784;89800;87984;125985;64289;61696;92241;49964;42277;33744;14325;19419
20;Totaal over alle leeftijden;2022;191776.0;87511.0;71490.0;22135.0;10633.0;180169;91317;88852;125985;64289;61696;92548;50070;42478;33437;14219;19218
21;Totaal over alle leeftijden;2023;192738.0;87823.0;71919.0;22270.0;10733.0;182659;92877;89782;125992;64296;61696;92833;50168;42665;33159;14128;19031
22;Totaal over alle leeftijden;2024;193611.0;88100.0;72268.0;22397.0;10826.0;185224;94436;90788;125986;64290;61696;93089;50247;42842;32897;14043;18854
23;Totaal over alle leeftijden;2025;194334.0;88353.0;72542.0;22515.0;10911.0;187885;96018;91867;125986;64290;61696;93315;50321;42994;32671;13969;18702
24;Totaal over alle leeftijden;2026;194919.0;88549.0;72753.0;22609.0;10991.0;190614;97601;93013;125990;64294;61696;93517;50377;43140;32473;13917;18556
25;Totaal over alle leeftijden;2027;195401.0;88674.0;72943.0;22689.0;11059.0;193434;99201;94233;125988;64292;61696;93684;50417;43267;32304;13875;18429
26;Totaal over alle leeftijden;2028;195712.0;88732.0;73114.0;22746.0;11112.0;196338;100792;95546;125990;64294;61696;93816;50438;43378;32174;13856;18318
27;Totaal over alle leeftijden;2029;195962.0;88691.0;73271.0;22789.0;11164.0;199322;102381;96941;125993;64297;61696;93927;50454;43473;32066;13843;18223
28;Totaal over alle leeftijden;2030;195985.0;88553.0;73404.0;22808.0;11206.0;202352;103951;98401;125991;64295;61696;94011;50455;43556;31980;13840;18140
29;Totaal over alle leeftijden;2031;195888.0;88309.0;73495.0;22815.0;11242.0;205391;105482;99909;125992;64296;61696;94070;50448;43622;31922;13848;18074
30;Totaal over alle leeftijden;2032;195591.0;87986.0;73505.0;22804.0;11269.0;208389;106951;101438;125991;64295;61696;94116;50432;43684;31875;13863;18012
31;Totaal over alle leeftijden;2033;195075.0;87600.0;73398.0;22778.0;11296.0;211308;108334;102974;125986;64290;61696;94148;50403;43745;31838;13887;17951
32;Totaal over alle leeftijden;2034;194405.0;87171.0;73173.0;22730.0;11315.0;214082;109622;104460;125982;64286;61696;94181;50385;43796;31801;13901;17900
33;Totaal over alle leeftijden;2035;193611.0;86728.0;72848.0;22669.0;11324.0;216660;110774;105886;125990;64294;61696;94195;50359;43836;31795;13935;17860
34;Totaal over alle leeftijden;2036;192669.0;86297.0;72441.0;22592.0;11318.0;219017;111802;107215;125989;64293;61696;94223;50337;43886;31766;13956;17810
35;Totaal over alle leeftijden;2037;191733.0;85899.0;71999.0;22501.0;11301.0;221098;112680;108418;125987;64291;61696;94251;50319;43932;31736;13972;17764
36;Totaal over alle leeftijden;2038;190765.0;85554.0;71534.0;22397.0;11269.0;222897;113434;109463;125980;64284;61696;94287;50306;43981;31693;13978;17715
37;Totaal over alle leeftijden;2039;189884.0;85277.0;71091.0;22282.0;11222.0;224451;114054;110397;125989;64293;61696;94330;50302;44028;31659;13991;17668
38;Totaal over alle leeftijden;2040;189094.0;85068.0;70685.0;22162.0;11168.0;225797;114575;111222;125986;64290;61696;94382;50301;44081;31604;13989;17615
39;Totaal over alle leeftijden;2041;188426.0;84947.0;70345.0;22040.0;11106.0;226955;115006;111949;125988;64292;61696;94442;50311;44131;31546;13981;17565
40;Totaal over alle leeftijden;2042;187966.0;84905.0;70079.0;21929.0;11042.0;227991;115357;112634;125986;64290;61696;94508;50323;44185;31478;13967;17511
41;Totaal over alle leeftijden;2043;187684.0;84943.0;69902.0;21832.0;10983.0;228886;115654;113232;125983;64287;61696;94586;50352;44234;31397;13935;17462
42;Totaal over alle leeftijden;2044;187568.0;85047.0;69817.0;21762.0;10932.0;229665;115876;113789;125980;64284;61696;94674;50385;44289;31306;13899;17407
43;Totaal over alle leeftijden;2045;187678.0;85216.0;69819.0;21712.0;10888.0;230328;116053;114275;125981;64285;61696;94767;50426;44341;31214;13859;17355
44;Totaal over alle leeftijden;2046;187884.0;85440.0;69896.0;21683.0;10858.0;230820;116150;114670;125985;64289;61696;94869;50469;44400;31116;13820;17296
45;Totaal over alle leeftijden;2047;188273.0;85690.0;70042.0;21677.0;10843.0;231143;116178;114965;125984;64288;61696;94980;50524;44456;31004;13764;17240
46;Totaal over alle leeftijden;2048;188751.0;85949.0;70240.0;21691.0;10840.0;231350;116136;115214;125979;64283;61696;95091;50582;44509;30888;13701;17187
47;Totaal over alle leeftijden;2049;189330.0;86257.0;70474.0;21725.0;10850.0;231402;116022;115380;125986;64290;61696;95208;50647;44561;30778;13643;17135
48;0;2002;;;;;;930;518;412;1165;614;551;802;411;391;363;203;160
49;0;2003;;;;;;918;509;409;1076;565;511;795;407;388;281;158;123
50;0;2004;;;;;;898;496;402;1046;546;500;781;400;381;265;146;119
51;0;2005;;;;;;879;484;395;1042;541;501;768;393;375;274;148;126
52;0;2006;;;;;;860;472;388;1055;546;509;756;387;369;299;159;140
53;0;2007;;;;;;843;461;382;1083;561;522;746;382;364;337;179;158
54;0;2008;;;;;;829;452;377;1122;581;541;737;377;360;385;204;181
55;0;2009;;;;;;818;445;373;1160;601;559;731;374;357;429;227;202
56;0;2010;;;;;;809;439;370;1190;617;573;727;372;355;463;245;218
57;0;2011;;;;;;804;435;369;1215;630;585;726;371;355;489;259;230
58;0;2012;;;;;;801;433;368;1229;637;592;726;371;355;503;266;237
59;0;2013;;;;;;800;432;368;1236;641;595;729;373;356;507;268;239
60;0;2014;;;;;;800;431;369;1242;644;598;731;374;357;511;270;241
61;0;2015;;;;;;801;431;370;1246;646;600;737;377;360;509;269;240
62;0;2016;;;;;;804;432;372;1251;648;603;741;379;362;510;269;241
63;0;2017;;;;;;806;433;373;1254;650;604;748;383;365;506;267;239
64;0;2018;;;;;;810;435;375;1256;651;605;753;385;368;503;266;237
65;0;2019;;;;;;814;436;378;1258;651;607;761;389;372;497;262;235
66;0;2020;;;;;;817;438;379;1258;651;607;766;392;374;492;259;233
67;0;2021;;;;;;820;439;381;1258;651;607;772;395;377;486;256;230
68;0;2022;;;;;;822;440;382;1258;651;607;778;398;380;480;253;227
69;0;2023;;;;;;825;441;384;1258;651;607;782;400;382;476;251;225
70;0;2024;;;;;;826;442;384;1258;651;607;788;403;385;470;248;222
71;0;2025;;;;;;827;442;385;1259;652;607;791;405;386;468;247;221
72;0;2026;;;;;;827;442;385;1259;652;607;795;407;388;464;245;219
73;0;2027;;;;;;828;442;386;1259;652;607;799;409;390;460;243;217
74;0;2028;;;;;;826;441;385;1259;652;607;800;409;391;459;243;216
75;0;2029;;;;;;826;441;385;1259;652;607;803;411;392;456;241;215
76;0;2030;;;;;;824;440;384;1259;652;607;803;411;392;456;241;215
77;0;2031;;;;;;823;439;384;1259;652;607;805;412;393;454;240;214
78;0;2032;;;;;;819;437;382;1259;652;607;805;412;393;454;240;214
79;0;2033;;;;;;816;435;381;1259;652;607;803;411;392;456;241;215
80;0;2034;;;;;;812;433;379;1260;653;607;803;411;392;457;242;215
81;0;2035;;;;;;806;430;376;1260;653;607;799;409;390;461;244;217
82;0;2036;;;;;;801;427;374;1260;653;607;798;408;390;462;245;217
83;0;2037;;;;;;796;424;372;1260;653;607;794;406;388;466;247;219
84;0;2038;;;;;;790;421;369;1260;653;607;792;405;387;468;248;220
85;0;2039;;;;;;785;418;367;1260;653;607;788;403;385;472;250;222
86;0;2040;;;;;;781;416;365;1260;653;607;786;402;384;474;251;223
87;0;2041;;;;;;777;414;363;1260;653;607;784;401;383;476;252;224
88;0;2042;;;;;;774;412;362;1260;653;607;784;401;383;476;252;224
89;0;2043;;;;;;772;411;361;1260;653;607;782;400;382;478;253;225
90;0;2044;;;;;;770;410;360;1260;653;607;782;400;382;478;253;225
91;0;2045;;;;;;770;410;360;1260;653;607;782;400;382;478;253;225
92;0;2046;;;;;;769;409;360;1261;654;607;786;402;384;475;252;223
93;0;2047;;;;;;770;410;360;1261;654;607;786;402;384;475;252;223
94;0;2048;;;;;;770;410;360;1261;654;607;788;403;385;473;251;222
95;0;2049;;;;;;772;411;361;1261;654;607;792;405;387;469;249;220
96;1;2002;;;;;;167;92;75;1503;770;733;1021;518;503;482;252;230
97;1;2003;;;;;;164;90;74;1369;699;670;987;504;483;382;195;187
98;1;2004;;;;;;163;89;74;1324;675;649;975;498;477;349;177;172
99;1;2005;;;;;;160;87;73;1311;666;645;958;489;469;353;177;176
100;1;2006;;;;;;155;84;71;1329;672;657;942;480;462;387;192;195
101;1;2007;;;;;;152;82;70;1372;694;678;929;473;456;443;221;222
102;1;2008;;;;;;150;81;69;1426;722;704;921;469;452;505;253;252
103;1;2009;;;;;;147;79;68;1482;751;731;912;464;448;570;287;283
104;1;2010;;;;;;145;78;67;1527;776;751;907;461;446;620;315;305
105;1;2011;;;;;;144;77;67;1558;792;766;906;460;446;652;332;320
106;1;2012;;;;;;143;76;67;1574;801;773;904;459;445;670;342;328
107;1;2013;;;;;;142;76;66;1582;806;776;906;460;446;676;346;330
108;1;2014;;;;;;142;76;66;1586;808;778;907;461;446;679;347;332
109;1;2015;;;;;;142;75;67;1590;809;781;912;463;449;678;346;332
110;1;2016;;;;;;142;75;67;1593;811;782;915;465;450;678;346;332
111;1;2017;;;;;;143;76;67;1597;813;784;922;468;454;675;345;330
112;1;2018;;;;;;143;76;67;1599;814;785;929;472;457;670;342;328
113;1;2019;;;;;;144;76;68;1600;815;785;935;475;460;665;340;325
114;1;2020;;;;;;144;76;68;1601;816;785;943;479;464;658;337;321
115;1;2021;;;;;;145;77;68;1602;817;785;951;483;468;651;334;317
116;1;2022;;;;;;146;77;69;1602;817;785;957;486;471;645;331;314
117;1;2023;;;;;;146;77;69;1602;817;785;963;489;474;639;328;311
118;1;2024;;;;;;146;77;69;1602;817;785;969;492;477;633;325;308
119;1;2025;;;;;;146;77;69;1602;817;785;975;495;480;627;322;305
120;1;2026;;;;;;146;77;69;1603;818;785;978;497;481;625;321;304
121;1;2027;;;;;;146;77;69;1604;819;785;982;499;483;622;320;302
122;1;2028;;;;;;146;77;69;1604;819;785;986;501;485;618;318;300
123;1;2029;;;;;;146;77;69;1604;819;785;990;503;487;614;316;298
124;1;2030;;;;;;146;77;69;1605;820;785;990;503;487;615;317;298
125;1;2031;;;;;;146;77;69;1605;820;785;992;504;488;613;316;297
126;1;2032;;;;;;146;77;69;1605;820;785;994;505;489;611;315;296
127;1;2033;;;;;;146;77;69;1605;820;785;992;504;488;613;316;297
128;1;2034;;;;;;144;76;68;1606;821;785;992;504;488;614;317;297
129;1;2035;;;;;;144;76;68;1606;821;785;990;503;487;616;318;298
130;1;2036;;;;;;142;75;67;1607;822;785;986;501;485;621;321;300
131;1;2037;;;;;;142;75;67;1607;822;785;983;499;484;624;323;301
132;1;2038;;;;;;141;74;67;1608;823;785;979;497;482;629;326;303
133;1;2039;;;;;;140;74;66;1608;823;785;976;496;480;632;327;305
134;1;2040;;;;;;139;73;66;1608;823;785;971;493;478;637;330;307
135;1;2041;;;;;;138;73;65;1608;823;785;969;492;477;639;331;308
136;1;2042;;;;;;138;73;65;1608;823;785;967;491;476;641;332;309
137;1;2043;;;;;;137;72;65;1610;825;785;966;490;476;644;335;309
138;1;2044;;;;;;136;72;64;1610;825;785;965;490;475;645;335;310
139;1;2045;;;;;;136;72;64;1610;825;785;964;489;475;646;336;310
140;1;2046;;;;;;136;72;64;1611;826;785;967;491;476;644;335;309
141;1;2047;;;;;;136;72;64;1611;826;785;967;491;476;644;335;309
142;1;2048;;;;;;136;72;64;1611;826;785;969;492;477;642;334;308
143;1;2049;;;;;;136;72;64;1611;826;785;971;493;478;640;333;307
144;2;2002;;;;;;59;40;19;1713;859;854;1163;584;579;550;275;275
145;2;2003;;;;;;58;39;19;1557;781;776;1101;557;544;456;224;232
146;2;2004;;;;;;57;38;19;1496;748;748;1054;537;517;442;211;231
147;2;2005;;;;;;55;37;18;1485;741;744;1038;528;510;447;213;234
148;2;2006;;;;;;54;36;18;1506;750;756;1021;519;502;485;231;254
149;2;2007;;;;;;53;35;18;1558;776;782;1009;512;497;549;264;285
150;2;2008;;;;;;53;35;18;1625;810;815;1002;508;494;623;302;321
151;2;2009;;;;;;51;34;17;1687;844;843;999;505;494;688;339;349
152;2;2010;;;;;;50;33;17;1742;873;869;998;504;494;744;369;375
153;2;2011;;;;;;50;33;17;1779;893;886;997;503;494;782;390;392
154;2;2012;;;;;;49;32;17;1795;901;894;997;503;494;798;398;400
155;2;2013;;;;;;49;32;17;1802;906;896;998;503;495;804;403;401
156;2;2014;;;;;;49;32;17;1805;907;898;997;503;494;808;404;404
157;2;2015;;;;;;49;32;17;1810;910;900;1000;504;496;810;406;404
158;2;2016;;;;;;49;32;17;1812;911;901;1002;505;497;810;406;404
159;2;2017;;;;;;49;32;17;1818;915;903;1007;508;499;811;407;404
160;2;2018;;;;;;49;32;17;1818;915;903;1012;511;501;806;404;402
161;2;2019;;;;;;49;32;17;1820;916;904;1017;513;504;803;403;400
162;2;2020;;;;;;49;32;17;1821;917;904;1025;517;508;796;400;396
163;2;2021;;;;;;49;32;17;1821;917;904;1031;520;511;790;397;393
164;2;2022;;;;;;49;32;17;1823;919;904;1037;523;514;786;396;390
165;2;2023;;;;;;49;32;17;1823;919;904;1043;526;517;780;393;387
166;2;2024;;;;;;49;32;17;1824;920;904;1048;529;519;776;391;385
167;2;2025;;;;;;49;32;17;1824;920;904;1053;531;522;771;389;382
168;2;2026;;;;;;49;32;17;1825;921;904;1059;534;525;766;387;379
169;2;2027;;;;;;49;32;17;1825;921;904;1063;536;527;762;385;377
170;2;2028;;;;;;49;32;17;1826;922;904;1066;538;528;760;384;376
171;2;2029;;;;;;49;32;17;1827;923;904;1069;539;530;758;384;374
172;2;2030;;;;;;49;32;17;1828;924;904;1071;540;531;757;384;373
173;2;2031;;;;;;49;32;17;1828;924;904;1072;541;531;756;383;373
174;2;2032;;;;;;49;32;17;1829;925;904;1073;541;532;756;384;372
175;2;2033;;;;;;49;32;17;1829;925;904;1074;541;533;755;384;371
176;2;2034;;;;;;49;32;17;1829;925;904;1073;541;532;756;384;372
177;2;2035;;;;;;49;32;17;1831;927;904;1071;540;531;760;387;373
178;2;2036;;;;;;49;32;17;1831;927;904;1070;539;531;761;388;373
179;2;2037;;;;;;49;32;17;1832;928;904;1066;537;529;766;391;375
180;2;2038;;;;;;48;31;17;1832;928;904;1062;535;527;770;393;377
181;2;2039;;;;;;47;31;16;1833;929;904;1059;534;525;774;395;379
182;2;2040;;;;;;47;31;16;1833;929;904;1055;531;524;778;398;380
183;2;2041;;;;;;47;31;16;1835;931;904;1051;529;522;784;402;382
184;2;2042;;;;;;47;31;16;1835;931;904;1049;528;521;786;403;383
185;2;2043;;;;;;46;30;16;1835;931;904;1045;526;519;790;405;385
186;2;2044;;;;;;46;30;16;1836;932;904;1044;526;518;792;406;386
187;2;2045;;;;;;46;30;16;1836;932;904;1043;525;518;793;407;386
188;2;2046;;;;;;46;30;16;1837;933;904;1043;525;518;794;408;386
189;2;2047;;;;;;46;30;16;1838;934;904;1043;525;518;795;409;386
190;2;2048;;;;;;46;30;16;1839;935;904;1045;526;519;794;409;385
191;2;2049;;;;;;46;30;16;1839;935;904;1048;528;520;791;407;384
192;3;2002;;;;;;46;26;20;1769;888;881;1193;607;586;576;281;295
193;3;2003;;;;;;46;26;20;1606;805;801;1225;623;602;381;182;199
194;3;2004;;;;;;45;25;20;1549;775;774;1156;592;564;393;183;210
195;3;2005;;;;;;45;25;20;1536;767;769;1106;568;538;430;199;231
196;3;2006;;;;;;44;24;20;1557;776;781;1091;559;532;466;217;249
197;3;2007;;;;;;43;24;19;1610;802;808;1078;552;526;532;250;282
198;3;2008;;;;;;42;23;19;1676;838;838;1072;548;524;604;290;314
199;3;2009;;;;;;42;23;19;1745;875;870;1072;547;525;673;328;345
200;3;2010;;;;;;40;22;18;1799;903;896;1074;548;526;725;355;370
201;3;2011;;;;;;40;22;18;1839;925;914;1077;549;528;762;376;386
202;3;2012;;;;;;39;21;18;1855;935;920;1081;551;530;774;384;390
203;3;2013;;;;;;39;21;18;1864;940;924;1081;551;530;783;389;394
204;3;2014;;;;;;39;21;18;1870;943;927;1083;552;531;787;391;396
205;3;2015;;;;;;39;21;18;1873;944;929;1081;551;530;792;393;399
206;3;2016;;;;;;38;21;17;1877;947;930;1083;552;531;794;395;399
207;3;2017;;;;;;39;21;18;1880;948;932;1086;554;532;794;394;400
208;3;2018;;;;;;39;21;18;1883;950;933;1089;555;534;794;395;399
209;3;2019;;;;;;39;21;18;1886;952;934;1095;558;537;791;394;397
210;3;2020;;;;;;39;21;18;1888;954;934;1099;560;539;789;394;395
211;3;2021;;;;;;39;21;18;1888;954;934;1105;563;542;783;391;392
212;3;2022;;;;;;39;21;18;1889;955;934;1111;566;545;778;389;389
213;3;2023;;;;;;39;21;18;1890;956;934;1115;568;547;775;388;387
214;3;2024;;;;;;39;21;18;1890;956;934;1121;571;550;769;385;384
215;3;2025;;;;;;39;21;18;1891;957;934;1127;574;553;764;383;381
216;3;2026;;;;;;39;21;18;1891;957;934;1130;575;555;761;382;379
217;3;2027;;;;;;39;21;18;1892;958;934;1134;577;557;758;381;377
218;3;2028;;;;;;39;21;18;1893;959;934;1138;579;559;755;380;375
219;3;2029;;;;;;39;21;18;1893;959;934;1140;580;560;753;379;374
220;3;2030;;;;;;39;21;18;1894;960;934;1142;581;561;752;379;373
221;3;2031;;;;;;39;21;18;1894;960;934;1145;582;563;749;378;371
222;3;2032;;;;;;39;21;18;1895;961;934;1145;582;563;750;379;371
223;3;2033;;;;;;39;21;18;1896;962;934;1147;583;564;749;379;370
224;3;2034;;;;;;39;21;18;1896;962;934;1147;583;564;749;379;370
225;3;2035;;;;;;39;21;18;1897;963;934;1145;582;563;752;381;371
226;3;2036;;;;;;39;21;18;1898;964;934;1144;581;563;754;383;371
227;3;2037;;;;;;39;21;18;1898;964;934;1141;580;561;757;384;373
228;3;2038;;;;;;37;20;17;1899;965;934;1138;578;560;761;387;374
229;3;2039;;;;;;37;20;17;1899;965;934;1134;576;558;765;389;376
230;3;2040;;;;;;37;20;17;1900;966;934;1131;574;557;769;392;377
231;3;2041;;;;;;37;20;17;1901;967;934;1126;572;554;775;395;380
232;3;2042;;;;;;37;20;17;1902;968;934;1124;571;553;778;397;381
233;3;2043;;;;;;37;20;17;1902;968;934;1120;569;551;782;399;383
234;3;2044;;;;;;37;20;17;1902;968;934;1117;567;550;785;401;384
235;3;2045;;;;;;37;20;17;1903;969;934;1117;567;550;786;402;384
236;3;2046;;;;;;37;20;17;1904;970;934;1115;566;549;789;404;385
237;3;2047;;;;;;37;20;17;1905;971;934;1115;566;549;790;405;385
238;3;2048;;;;;;36;19;17;1905;971;934;1115;566;549;790;405;385
239;3;2049;;;;;;36;19;17;1906;972;934;1115;566;549;791;406;385
240;4;2002;;;;;;31;15;16;1787;897;890;1207;621;586;580;276;304
241;4;2003;;;;;;31;15;16;1627;815;812;1213;622;591;414;193;221
242;4;2004;;;;;;31;15;16;1569;786;783;1235;632;603;334;154;180
243;4;2005;;;;;;31;15;16;1552;775;777;1166;600;566;386;175;211
244;4;2006;;;;;;31;15;16;1574;786;788;1121;578;543;453;208;245
245;4;2007;;;;;;30;14;16;1626;814;812;1110;571;539;516;243;273
246;4;2008;;;;;;29;14;15;1689;847;842;1103;567;536;586;280;306
247;4;2009;;;;;;29;14;15;1758;884;874;1104;566;538;654;318;336
248;4;2010;;;;;;28;13;15;1813;914;899;1108;568;540;705;346;359
249;4;2011;;;;;;28;13;15;1852;935;917;1114;571;543;738;364;374
250;4;2012;;;;;;27;13;14;1873;948;925;1120;574;546;753;374;379
251;4;2013;;;;;;27;13;14;1883;953;930;1122;575;547;761;378;383
252;4;2014;;;;;;26;12;14;1888;955;933;1124;576;548;764;379;385
253;4;2015;;;;;;26;12;14;1894;959;935;1122;575;547;772;384;388
254;4;2016;;;;;;26;12;14;1896;960;936;1124;576;548;772;384;388
255;4;2017;;;;;;26;12;14;1901;962;939;1123;575;548;778;387;391
256;4;2018;;;;;;26;12;14;1903;963;940;1126;577;549;777;386;391
257;4;2019;;;;;;26;12;14;1906;965;941;1128;578;550;778;387;391
258;4;2020;;;;;;26;12;14;1906;965;941;1132;580;552;774;385;389
259;4;2021;;;;;;26;12;14;1906;965;941;1137;582;555;769;383;386
260;4;2022;;;;;;26;12;14;1907;966;941;1141;584;557;766;382;384
261;4;2023;;;;;;26;12;14;1908;967;941;1147;587;560;761;380;381
262;4;2024;;;;;;26;12;14;1908;967;941;1152;590;562;756;377;379
263;4;2025;;;;;;26;12;14;1909;968;941;1156;591;565;753;377;376
264;4;2026;;;;;;26;12;14;1910;969;941;1161;594;567;749;375;374
265;4;2027;;;;;;26;12;14;1910;969;941;1164;596;568;746;373;373
266;4;2028;;;;;;26;12;14;1911;970;941;1168;597;571;743;373;370
267;4;2029;;;;;;26;12;14;1911;970;941;1171;599;572;740;371;369
268;4;2030;;;;;;26;12;14;1912;971;941;1173;600;573;739;371;368
269;4;2031;;;;;;26;12;14;1913;972;941;1175;600;575;738;372;366
270;4;2032;;;;;;26;12;14;1913;972;941;1177;601;576;736;371;365
271;4;2033;;;;;;26;12;14;1913;972;941;1177;601;576;736;371;365
272;4;2034;;;;;;26;12;14;1914;973;941;1179;602;577;735;371;364
273;4;2035;;;;;;26;12;14;1915;974;941;1178;602;576;737;372;365
274;4;2036;;;;;;26;12;14;1915;974;941;1177;601;576;738;373;365
275;4;2037;;;;;;26;12;14;1915;974;941;1175;600;575;740;374;366
276;4;2038;;;;;;26;12;14;1917;976;941;1172;598;574;745;378;367
277;4;2039;;;;;;26;12;14;1917;976;941;1169;597;572;748;379;369
278;4;2040;;;;;;26;12;14;1917;976;941;1166;595;571;751;381;370
279;4;2041;;;;;;26;12;14;1918;977;941;1162;593;569;756;384;372
280;4;2042;;;;;;26;12;14;1919;978;941;1159;591;568;760;387;373
281;4;2043;;;;;;25;12;13;1919;978;941;1155;589;566;764;389;375
282;4;2044;;;;;;25;12;13;1920;979;941;1152;588;564;768;391;377
283;4;2045;;;;;;25;12;13;1920;979;941;1149;586;563;771;393;378
284;4;2046;;;;;;24;11;13;1921;980;941;1148;585;563;773;395;378
285;4;2047;;;;;;24;11;13;1921;980;941;1146;584;562;775;396;379
286;4;2048;;;;;;24;11;13;1922;981;941;1146;584;562;776;397;379
287;4;2049;;;;;;24;11;13;1923;982;941;1146;584;562;777;398;379
288;5;2002;;;;;;32;18;14;1762;886;876;1162;589;573;600;297;303
289;5;2003;;;;;;33;18;15;1607;808;799;1186;611;575;421;197;224
290;5;2004;;;;;;33;18;15;1548;778;770;1184;608;576;364;170;194
291;5;2005;;;;;;33;18;15;1531;768;763;1203;618;585;328;150;178
292;5;2006;;;;;;33;18;15;1554;779;775;1142;589;553;412;190;222
293;5;2007;;;;;;32;17;15;1602;805;797;1106;571;535;496;234;262
294;5;2008;;;;;;32;17;15;1667;839;828;1102;568;534;565;271;294
295;5;2009;;;;;;31;17;14;1730;874;856;1100;566;534;630;308;322
296;5;2010;;;;;;30;16;14;1785;904;881;1105;568;537;680;336;344
297;5;2011;;;;;;30;16;14;1823;925;898;1112;571;541;711;354;357
298;5;2012;;;;;;30;16;14;1844;936;908;1118;575;543;726;361;365
299;5;2013;;;;;;28;15;13;1852;940;912;1122;577;545;730;363;367
300;5;2014;;;;;;28;15;13;1858;943;915;1123;577;546;735;366;369
301;5;2015;;;;;;28;15;13;1862;945;917;1123;577;546;739;368;371
302;5;2016;;;;;;28;15;13;1867;948;919;1122;576;546;745;372;373
303;5;2017;;;;;;28;15;13;1870;949;921;1122;577;545;748;372;376
304;5;2018;;;;;;28;15;13;1872;950;922;1122;576;546;750;374;376
305;5;2019;;;;;;28;15;13;1874;952;922;1123;577;546;751;375;376
306;5;2020;;;;;;28;15;13;1875;952;923;1127;579;548;748;373;375
307;5;2021;;;;;;28;15;13;1876;953;923;1129;580;549;747;373;374
308;5;2022;;;;;;28;15;13;1877;954;923;1134;582;552;743;372;371
309;5;2023;;;;;;28;15;13;1877;954;923;1138;584;554;739;370;369
310;5;2024;;;;;;28;15;13;1877;954;923;1142;586;556;735;368;367
311;5;2025;;;;;;28;15;13;1877;954;923;1147;588;559;730;366;364
312;5;2026;;;;;;28;15;13;1878;955;923;1151;590;561;727;365;362
313;5;2027;;;;;;28;15;13;1879;956;923;1155;592;563;724;364;360
314;5;2028;;;;;;28;15;13;1879;956;923;1158;593;565;721;363;358
315;5;2029;;;;;;28;15;13;1880;957;923;1161;595;566;719;362;357
316;5;2030;;;;;;28;15;13;1880;957;923;1164;596;568;716;361;355
317;5;2031;;;;;;28;15;13;1880;957;923;1165;597;568;715;360;355
318;5;2032;;;;;;28;15;13;1881;958;923;1168;598;570;713;360;353
319;5;2033;;;;;;28;15;13;1882;959;923;1169;598;571;713;361;352
320;5;2034;;;;;;28;15;13;1882;959;923;1170;599;571;712;360;352
321;5;2035;;;;;;28;15;13;1883;960;923;1171;599;572;712;361;351
322;5;2036;;;;;;28;15;13;1883;960;923;1170;599;571;713;361;352
323;5;2037;;;;;;28;15;13;1883;960;923;1169;598;571;714;362;352
324;5;2038;;;;;;28;15;13;1883;960;923;1167;597;570;716;363;353
325;5;2039;;;;;;28;15;13;1885;962;923;1165;595;570;720;367;353
326;5;2040;;;;;;27;14;13;1885;962;923;1162;594;568;723;368;355
327;5;2041;;;;;;27;14;13;1885;962;923;1158;592;566;727;370;357
328;5;2042;;;;;;27;14;13;1886;963;923;1155;590;565;731;373;358
329;5;2043;;;;;;27;14;13;1886;963;923;1152;589;563;734;374;360
330;5;2044;;;;;;26;14;12;1887;964;923;1148;587;561;739;377;362
331;5;2045;;;;;;26;14;12;1888;965;923;1145;585;560;743;380;363
332;5;2046;;;;;;26;14;12;1888;965;923;1143;584;559;745;381;364
333;5;2047;;;;;;26;14;12;1888;965;923;1142;584;558;746;381;365
334;5;2048;;;;;;26;14;12;1889;966;923;1141;583;558;748;383;365
335;5;2049;;;;;;26;14;12;1889;966;923;1141;583;558;748;383;365
336;6;2002;;;;;;27;13;14;1706;861;845;1115;570;545;591;291;300
337;6;2003;;;;;;27;13;14;1551;780;771;1117;569;548;434;211;223
338;6;2004;;;;;;28;14;14;1493;751;742;1133;585;548;360;166;194
339;6;2005;;;;;;28;14;14;1478;743;735;1129;581;548;349;162;187
340;6;2006;;;;;;29;14;15;1495;752;743;1147;590;557;348;162;186
341;6;2007;;;;;;27;13;14;1541;775;766;1098;567;531;443;208;235
342;6;2008;;;;;;27;13;14;1601;808;793;1072;554;518;529;254;275
343;6;2009;;;;;;27;13;14;1663;842;821;1074;554;520;589;288;301
344;6;2010;;;;;;27;13;14;1716;871;845;1076;555;521;640;316;324
345;6;2011;;;;;;26;12;14;1752;890;862;1082;557;525;670;333;337
346;6;2012;;;;;;25;12;13;1772;902;870;1089;560;529;683;342;341
347;6;2013;;;;;;25;12;13;1779;905;874;1094;563;531;685;342;343
348;6;2014;;;;;;25;12;13;1783;906;877;1096;564;532;687;342;345
349;6;2015;;;;;;24;11;13;1788;910;878;1097;565;532;691;345;346
350;6;2016;;;;;;24;11;13;1791;911;880;1096;564;532;695;347;348
351;6;2017;;;;;;24;11;13;1795;913;882;1095;564;531;700;349;351
352;6;2018;;;;;;24;11;13;1797;914;883;1094;563;531;703;351;352
353;6;2019;;;;;;24;11;13;1800;916;884;1094;563;531;706;353;353
354;6;2020;;;;;;24;11;13;1801;917;884;1095;563;532;706;354;352
355;6;2021;;;;;;24;11;13;1801;917;884;1098;565;533;703;352;351
356;6;2022;;;;;;24;11;13;1801;917;884;1100;566;534;701;351;350
357;6;2023;;;;;;24;11;13;1802;918;884;1105;568;537;697;350;347
358;6;2024;;;;;;24;11;13;1802;918;884;1107;569;538;695;349;346
359;6;2025;;;;;;24;11;13;1802;918;884;1113;572;541;689;346;343
360;6;2026;;;;;;24;11;13;1803;919;884;1115;573;542;688;346;342
361;6;2027;;;;;;24;11;13;1803;919;884;1120;575;545;683;344;339
362;6;2028;;;;;;24;11;13;1803;919;884;1124;577;547;679;342;337
363;6;2029;;;;;;24;11;13;1804;920;884;1126;578;548;678;342;336
364;6;2030;;;;;;24;11;13;1804;920;884;1130;580;550;674;340;334
365;6;2031;;;;;;24;11;13;1804;920;884;1131;580;551;673;340;333
366;6;2032;;;;;;24;11;13;1805;921;884;1133;581;552;672;340;332
367;6;2033;;;;;;24;11;13;1805;921;884;1135;582;553;670;339;331
368;6;2034;;;;;;24;11;13;1805;921;884;1136;582;554;669;339;330
369;6;2035;;;;;;24;11;13;1806;922;884;1136;582;554;670;340;330
370;6;2036;;;;;;24;11;13;1806;922;884;1137;583;554;669;339;330
371;6;2037;;;;;;24;11;13;1807;923;884;1136;582;554;671;341;330
372;6;2038;;;;;;24;11;13;1807;923;884;1136;582;554;671;341;330
373;6;2039;;;;;;24;11;13;1808;924;884;1134;581;553;674;343;331
374;6;2040;;;;;;23;11;12;1809;925;884;1131;579;552;678;346;332
375;6;2041;;;;;;23;11;12;1809;925;884;1129;578;551;680;347;333
376;6;2042;;;;;;23;11;12;1809;925;884;1125;576;549;684;349;335
377;6;2043;;;;;;23;11;12;1810;926;884;1122;574;548;688;352;336
378;6;2044;;;;;;23;11;12;1810;926;884;1120;573;547;690;353;337
379;6;2045;;;;;;22;10;12;1810;926;884;1116;571;545;694;355;339
380;6;2046;;;;;;22;10;12;1811;927;884;1114;570;544;697;357;340
381;6;2047;;;;;;22;10;12;1811;927;884;1111;568;543;700;359;341
382;6;2048;;;;;;22;10;12;1811;927;884;1110;568;542;701;359;342
383;6;2049;;;;;;22;10;12;1812;928;884;1108;567;541;704;361;343
384;7;2002;;;;;;26;12;14;1633;822;811;1024;523;501;609;299;310
385;7;2003;;;;;;26;12;14;1484;747;737;1049;538;511;435;209;226
386;7;2004;;;;;;26;12;14;1428;719;709;1045;534;511;383;185;198
387;7;2005;;;;;;27;12;15;1410;709;701;1057;546;511;353;163;190
388;7;2006;;;;;;27;12;15;1429;719;710;1054;543;511;375;176;199
389;7;2007;;;;;;27;12;15;1472;741;731;1073;552;521;399;189;210
390;7;2008;;;;;;27;12;15;1527;771;756;1038;536;502;489;235;254
391;7;2009;;;;;;27;12;15;1585;803;782;1020;527;493;565;276;289
392;7;2010;;;;;;26;12;14;1634;830;804;1025;529;496;609;301;308
393;7;2011;;;;;;25;11;14;1668;848;820;1029;531;498;639;317;322
394;7;2012;;;;;;25;11;14;1689;860;829;1036;534;502;653;326;327
395;7;2013;;;;;;25;11;14;1694;862;832;1041;536;505;653;326;327
396;7;2014;;;;;;23;10;13;1699;865;834;1044;538;506;655;327;328
397;7;2015;;;;;;23;10;13;1704;867;837;1046;539;507;658;328;330
398;7;2016;;;;;;23;10;13;1706;868;838;1045;538;507;661;330;331
399;7;2017;;;;;;23;10;13;1710;871;839;1044;538;506;666;333;333
400;7;2018;;;;;;23;10;13;1712;871;841;1042;537;505;670;334;336
401;7;2019;;;;;;23;10;13;1715;873;842;1042;537;505;673;336;337
402;7;2020;;;;;;23;10;13;1715;873;842;1041;536;505;674;337;337
403;7;2021;;;;;;23;10;13;1715;873;842;1043;537;506;672;336;336
404;7;2022;;;;;;23;10;13;1716;874;842;1045;538;507;671;336;335
405;7;2023;;;;;;23;10;13;1716;874;842;1047;539;508;669;335;334
406;7;2024;;;;;;23;10;13;1717;875;842;1050;540;510;667;335;332
407;7;2025;;;;;;23;10;13;1717;875;842;1053;542;511;664;333;331
408;7;2026;;;;;;23;10;13;1717;875;842;1058;544;514;659;331;328
409;7;2027;;;;;;23;10;13;1718;876;842;1061;546;515;657;330;327
410;7;2028;;;;;;23;10;13;1718;876;842;1065;547;518;653;329;324
411;7;2029;;;;;;23;10;13;1719;877;842;1068;549;519;651;328;323
412;7;2030;;;;;;23;10;13;1719;877;842;1071;550;521;648;327;321
413;7;2031;;;;;;23;10;13;1719;877;842;1073;551;522;646;326;320
414;7;2032;;;;;;23;10;13;1720;878;842;1075;552;523;645;326;319
415;7;2033;;;;;;23;10;13;1720;878;842;1077;553;524;643;325;318
416;7;2034;;;;;;23;10;13;1721;879;842;1078;553;525;643;326;317
417;7;2035;;;;;;23;10;13;1721;879;842;1078;553;525;643;326;317
418;7;2036;;;;;;23;10;13;1721;879;842;1080;554;526;641;325;316
419;7;2037;;;;;;23;10;13;1722;880;842;1079;553;526;643;327;316
420;7;2038;;;;;;23;10;13;1722;880;842;1080;554;526;642;326;316
421;7;2039;;;;;;23;10;13;1723;881;842;1079;553;526;644;328;316
422;7;2040;;;;;;23;10;13;1723;881;842;1076;551;525;647;330;317
423;7;2041;;;;;;23;10;13;1723;881;842;1076;551;525;647;330;317
424;7;2042;;;;;;22;10;12;1724;882;842;1072;549;523;652;333;319
425;7;2043;;;;;;22;10;12;1724;882;842;1070;548;522;654;334;320
426;7;2044;;;;;;21;9;12;1724;882;842;1067;547;520;657;335;322
427;7;2045;;;;;;21;9;12;1725;883;842;1065;545;520;660;338;322
428;7;2046;;;;;;21;9;12;1725;883;842;1061;543;518;664;340;324
429;7;2047;;;;;;21;9;12;1726;884;842;1059;542;517;667;342;325
430;7;2048;;;;;;21;9;12;1726;884;842;1057;541;516;669;343;326
431;7;2049;;;;;;21;9;12;1726;884;842;1055;540;515;671;344;327
432;8;2002;;;;;;28;13;15;1553;778;775;958;494;464;595;284;311
433;8;2003;;;;;;27;12;15;1406;705;701;949;485;464;457;220;237
434;8;2004;;;;;;27;12;15;1354;679;675;962;494;468;392;185;207
435;8;2005;;;;;;27;12;15;1339;671;668;958;490;468;381;181;200
436;8;2006;;;;;;28;13;15;1355;680;675;970;501;469;385;179;206
437;8;2007;;;;;;28;13;15;1393;700;693;971;500;471;422;200;222
438;8;2008;;;;;;29;13;16;1446;729;717;992;510;482;454;219;235
439;8;2009;;;;;;27;12;15;1498;757;741;967;499;468;531;258;273
440;8;2010;;;;;;27;12;15;1543;782;761;955;493;462;588;289;299
441;8;2011;;;;;;27;12;15;1579;801;778;962;496;466;617;305;312
442;8;2012;;;;;;27;12;15;1596;811;785;966;498;468;630;313;317
443;8;2013;;;;;;27;12;15;1602;813;789;973;501;472;629;312;317
444;8;2014;;;;;;25;11;14;1606;815;791;976;503;473;630;312;318
445;8;2015;;;;;;25;11;14;1613;819;794;976;503;473;637;316;321
446;8;2016;;;;;;25;11;14;1615;820;795;978;504;474;637;316;321
447;8;2017;;;;;;25;11;14;1619;823;796;976;503;473;643;320;323
448;8;2018;;;;;;25;11;14;1621;823;798;975;502;473;646;321;325
449;8;2019;;;;;;23;10;13;1622;824;798;973;501;472;649;323;326
450;8;2020;;;;;;23;10;13;1624;825;799;971;500;471;653;325;328
451;8;2021;;;;;;23;10;13;1624;825;799;973;501;472;651;324;327
452;8;2022;;;;;;23;10;13;1625;826;799;973;501;472;652;325;327
453;8;2023;;;;;;23;10;13;1625;826;799;976;502;474;649;324;325
454;8;2024;;;;;;23;10;13;1625;826;799;978;503;475;647;323;324
455;8;2025;;;;;;23;10;13;1626;827;799;980;504;476;646;323;323
456;8;2026;;;;;;23;10;13;1626;827;799;984;506;478;642;321;321
457;8;2027;;;;;;23;10;13;1627;828;799;988;508;480;639;320;319
458;8;2028;;;;;;23;10;13;1627;828;799;990;509;481;637;319;318
459;8;2029;;;;;;24;10;14;1628;829;799;993;510;483;635;319;316
460;8;2030;;;;;;24;10;14;1628;829;799;997;512;485;631;317;314
461;8;2031;;;;;;24;11;13;1629;830;799;998;512;486;631;318;313
462;8;2032;;;;;;24;10;14;1629;830;799;1001;514;487;628;316;312
463;8;2033;;;;;;23;10;13;1629;830;799;1002;514;488;627;316;311
464;8;2034;;;;;;25;11;14;1630;831;799;1004;515;489;626;316;310
465;8;2035;;;;;;23;10;13;1630;831;799;1006;516;490;624;315;309
466;8;2036;;;;;;23;10;13;1631;832;799;1005;515;490;626;317;309
467;8;2037;;;;;;23;10;13;1631;832;799;1007;516;491;624;316;308
468;8;2038;;;;;;23;10;13;1631;832;799;1007;516;491;624;316;308
469;8;2039;;;;;;23;10;13;1632;833;799;1006;515;491;626;318;308
470;8;2040;;;;;;23;10;13;1632;833;799;1007;516;491;625;317;308
471;8;2041;;;;;;23;10;13;1633;834;799;1004;514;490;629;320;309
472;8;2042;;;;;;23;10;13;1633;834;799;1002;513;489;631;321;310
473;8;2043;;;;;;23;10;13;1632;833;799;1001;513;488;631;320;311
474;8;2044;;;;;;23;10;13;1633;834;799;998;511;487;635;323;312
475;8;2045;;;;;;23;10;13;1633;834;799;996;510;486;637;324;313
476;8;2046;;;;;;23;10;13;1634;835;799;993;508;485;641;327;314
477;8;2047;;;;;;23;10;13;1634;835;799;990;507;483;644;328;316
478;8;2048;;;;;;22;10;12;1634;835;799;988;506;482;646;329;317
479;8;2049;;;;;;22;10;12;1635;836;799;986;505;481;649;331;318
480;9;2002;;;;;;31;15;16;1473;734;739;891;458;433;582;276;306
481;9;2003;;;;;;31;15;16;1333;664;669;875;450;425;458;214;244
482;9;2004;;;;;;31;15;16;1282;640;642;861;440;421;421;200;221
483;9;2005;;;;;;30;14;16;1264;631;633;871;447;424;393;184;209
484;9;2006;;;;;;30;14;16;1277;639;638;870;445;425;407;194;213
485;9;2007;;;;;;31;15;16;1313;659;654;882;455;427;431;204;227
486;9;2008;;;;;;32;15;17;1360;684;676;886;456;430;474;228;246
487;9;2009;;;;;;32;15;17;1411;712;699;909;467;442;502;245;257
488;9;2010;;;;;;32;15;17;1452;733;719;889;458;431;563;275;288
489;9;2011;;;;;;30;14;16;1484;752;732;882;455;427;602;297;305
490;9;2012;;;;;;30;14;16;1501;761;740;890;459;431;611;302;309
491;9;2013;;;;;;30;14;16;1507;765;742;893;460;433;614;305;309
492;9;2014;;;;;;29;13;16;1511;766;745;899;463;436;612;303;309
493;9;2015;;;;;;28;13;15;1515;768;747;900;463;437;615;305;310
494;9;2016;;;;;;28;13;15;1518;770;748;900;463;437;618;307;311
495;9;2017;;;;;;28;13;15;1520;771;749;900;463;437;620;308;312
496;9;2018;;;;;;28;13;15;1524;773;751;898;462;436;626;311;315
497;9;2019;;;;;;26;12;14;1526;774;752;897;462;435;629;312;317
498;9;2020;;;;;;26;12;14;1527;774;753;896;461;435;631;313;318
499;9;2021;;;;;;26;12;14;1528;775;753;894;460;434;634;315;319
500;9;2022;;;;;;26;12;14;1528;775;753;894;460;434;634;315;319
501;9;2023;;;;;;26;12;14;1529;776;753;895;460;435;634;316;318
502;9;2024;;;;;;26;12;14;1529;776;753;897;461;436;632;315;317
503;9;2025;;;;;;26;12;14;1530;777;753;899;462;437;631;315;316
504;9;2026;;;;;;26;12;14;1530;777;753;901;463;438;629;314;315
505;9;2027;;;;;;26;12;14;1530;777;753;904;465;439;626;312;314
506;9;2028;;;;;;26;12;14;1531;778;753;908;466;442;623;312;311
507;9;2029;;;;;;26;12;14;1531;778;753;911;468;443;620;310;310
508;9;2030;;;;;;26;12;14;1532;779;753;914;469;445;618;310;308
509;9;2031;;;;;;26;12;14;1532;779;753;916;470;446;616;309;307
510;9;2032;;;;;;26;12;14;1533;780;753;918;471;447;615;309;306
511;9;2033;;;;;;26;12;14;1533;780;753;920;472;448;613;308;305
512;9;2034;;;;;;26;12;14;1533;780;753;921;472;449;612;308;304
513;9;2035;;;;;;26;12;14;1534;781;753;922;473;449;612;308;304
514;9;2036;;;;;;26;12;14;1534;781;753;924;473;451;610;308;302
515;9;2037;;;;;;26;12;14;1535;782;753;925;474;451;610;308;302
516;9;2038;;;;;;26;12;14;1535;782;753;925;474;451;610;308;302
517;9;2039;;;;;;26;12;14;1535;782;753;926;474;452;609;308;301
518;9;2040;;;;;;26;12;14;1536;783;753;925;473;452;611;310;301
519;9;2041;;;;;;26;12;14;1536;783;753;925;474;451;611;309;302
520;9;2042;;;;;;26;12;14;1537;784;753;923;473;450;614;311;303
521;9;2043;;;;;;26;12;14;1537;784;753;922;472;450;615;312;303
522;9;2044;;;;;;26;12;14;1538;785;753;919;470;449;619;315;304
523;9;2045;;;;;;26;12;14;1538;785;753;918;470;448;620;315;305
524;9;2046;;;;;;26;12;14;1539;786;753;916;469;447;623;317;306
525;9;2047;;;;;;25;12;13;1539;786;753;913;467;446;626;319;307
526;9;2048;;;;;;25;12;13;1539;786;753;911;466;445;628;320;308
527;9;2049;;;;;;24;11;13;1540;787;753;909;465;444;631;322;309
528;10;2002;;;;;;36;19;17;1406;697;709;806;412;394;600;285;315
529;10;2003;;;;;;35;18;17;1269;629;640;806;414;392;463;215;248
530;10;2004;;;;;;35;18;17;1217;604;613;790;406;384;427;198;229
531;10;2005;;;;;;34;17;17;1200;596;604;777;397;380;423;199;224
532;10;2006;;;;;;34;17;17;1210;601;609;785;403;382;425;198;227
533;10;2007;;;;;;34;17;17;1241;618;623;786;402;384;455;216;239
534;10;2008;;;;;;36;18;18;1288;644;644;801;413;388;487;231;256
535;10;2009;;;;;;36;18;18;1331;667;664;808;416;392;523;251;272
536;10;2010;;;;;;36;18;18;1371;688;683;829;426;403;542;262;280
537;10;2011;;;;;;35;17;18;1397;703;694;814;419;395;583;284;299
538;10;2012;;;;;;35;17;18;1415;712;703;809;417;392;606;295;311
539;10;2013;;;;;;35;17;18;1420;715;705;817;421;396;603;294;309
540;10;2014;;;;;;34;17;17;1424;717;707;819;422;397;605;295;310
541;10;2015;;;;;;33;16;17;1428;718;710;821;423;398;607;295;312
542;10;2016;;;;;;33;16;17;1431;720;711;822;423;399;609;297;312
543;10;2017;;;;;;32;16;16;1434;722;712;822;423;399;612;299;313
544;10;2018;;;;;;31;15;16;1436;723;713;821;423;398;615;300;315
545;10;2019;;;;;;31;15;16;1438;724;714;819;422;397;619;302;317
546;10;2020;;;;;;31;15;16;1438;724;714;818;421;397;620;303;317
547;10;2021;;;;;;31;15;16;1439;725;714;816;420;396;623;305;318
548;10;2022;;;;;;30;15;15;1439;725;714;815;419;396;624;306;318
549;10;2023;;;;;;30;15;15;1439;725;714;817;420;397;622;305;317
550;10;2024;;;;;;30;15;15;1440;726;714;817;420;397;623;306;317
551;10;2025;;;;;;30;15;15;1440;726;714;817;420;397;623;306;317
552;10;2026;;;;;;30;15;15;1441;727;714;820;421;399;621;306;315
553;10;2027;;;;;;30;15;15;1442;728;714;822;422;400;620;306;314
554;10;2028;;;;;;30;15;15;1442;728;714;825;424;401;617;304;313
555;10;2029;;;;;;30;15;15;1443;729;714;828;425;403;615;304;311
556;10;2030;;;;;;31;15;16;1443;729;714;830;426;404;613;303;310
557;10;2031;;;;;;31;15;16;1444;730;714;833;427;406;611;303;308
558;10;2032;;;;;;31;15;16;1444;730;714;835;428;407;609;302;307
559;10;2033;;;;;;31;15;16;1444;730;714;836;429;407;608;301;307
560;10;2034;;;;;;31;15;16;1445;731;714;839;430;409;606;301;305
561;10;2035;;;;;;31;15;16;1445;731;714;839;430;409;606;301;305
562;10;2036;;;;;;30;15;15;1446;732;714;841;431;410;605;301;304
563;10;2037;;;;;;31;15;16;1446;732;714;842;432;410;604;300;304
564;10;2038;;;;;;30;15;15;1446;732;714;843;432;411;603;300;303
565;10;2039;;;;;;30;15;15;1447;733;714;844;432;412;603;301;302
566;10;2040;;;;;;30;15;15;1447;733;714;842;431;411;605;302;303
567;10;2041;;;;;;30;15;15;1448;734;714;843;432;411;605;302;303
568;10;2042;;;;;;30;15;15;1448;734;714;843;431;412;605;303;302
569;10;2043;;;;;;29;14;15;1449;735;714;842;431;411;607;304;303
570;10;2044;;;;;;29;14;15;1449;735;714;840;430;410;609;305;304
571;10;2045;;;;;;29;14;15;1449;735;714;839;429;410;610;306;304
572;10;2046;;;;;;29;14;15;1450;736;714;837;428;409;613;308;305
573;10;2047;;;;;;29;14;15;1450;736;714;835;427;408;615;309;306
574;10;2048;;;;;;28;14;14;1451;737;714;832;426;406;619;311;308
575;10;2049;;;;;;28;14;14;1451;737;714;831;425;406;620;312;308
576;11;2002;;;;;;41;22;19;1351;667;684;754;388;366;597;279;318
577;11;2003;;;;;;41;22;19;1218;601;617;735;375;360;483;226;257
578;11;2004;;;;;;40;21;19;1165;576;589;731;375;356;434;201;233
579;11;2005;;;;;;40;21;19;1145;566;579;717;368;349;428;198;230
580;11;2006;;;;;;38;20;18;1154;572;582;705;360;345;449;212;237
581;11;2007;;;;;;38;20;18;1183;587;596;713;366;347;470;221;249
582;11;2008;;;;;;39;20;19;1224;609;615;717;367;350;507;242;265
583;11;2009;;;;;;40;21;19;1264;629;635;732;377;355;532;252;280
584;11;2010;;;;;;40;21;19;1303;652;651;739;380;359;564;272;292
585;11;2011;;;;;;41;21;20;1330;666;664;760;390;370;570;276;294
586;11;2012;;;;;;40;21;19;1342;671;671;747;384;363;595;287;308
587;11;2013;;;;;;39;20;19;1349;675;674;744;383;361;605;292;313
588;11;2014;;;;;;39;20;19;1353;676;677;748;385;363;605;291;314
589;11;2015;;;;;;39;20;19;1356;678;678;750;386;364;606;292;314
590;11;2016;;;;;;37;19;18;1359;680;679;752;387;365;607;293;314
591;11;2017;;;;;;37;19;18;1360;680;680;752;387;365;608;293;315
592;11;2018;;;;;;36;18;18;1363;682;681;751;386;365;612;296;316
593;11;2019;;;;;;35;18;17;1364;682;682;750;385;365;614;297;317
594;11;2020;;;;;;35;18;17;1364;682;682;749;385;364;615;297;318
595;11;2021;;;;;;35;18;17;1365;683;682;747;384;363;618;299;319
596;11;2022;;;;;;34;17;17;1365;683;682;745;383;362;620;300;320
597;11;2023;;;;;;34;17;17;1365;683;682;745;383;362;620;300;320
598;11;2024;;;;;;34;17;17;1366;684;682;745;383;362;621;301;320
599;11;2025;;;;;;34;17;17;1366;684;682;745;383;362;621;301;320
600;11;2026;;;;;;34;17;17;1367;685;682;748;384;364;619;301;318
601;11;2027;;;;;;34;17;17;1367;685;682;748;384;364;619;301;318
602;11;2028;;;;;;34;17;17;1368;686;682;750;385;365;618;301;317
603;11;2029;;;;;;34;17;17;1369;687;682;753;386;367;616;301;315
604;11;2030;;;;;;34;17;17;1369;687;682;755;387;368;614;300;314
605;11;2031;;;;;;34;17;17;1370;688;682;757;388;369;613;300;313
606;11;2032;;;;;;34;17;17;1370;688;682;759;389;370;611;299;312
607;11;2033;;;;;;34;17;17;1370;688;682;761;390;371;609;298;311
608;11;2034;;;;;;34;17;17;1371;689;682;763;391;372;608;298;310
609;11;2035;;;;;;34;17;17;1371;689;682;764;391;373;607;298;309
610;11;2036;;;;;;34;17;17;1372;690;682;766;392;374;606;298;308
611;11;2037;;;;;;34;17;17;1372;690;682;767;393;374;605;297;308
612;11;2038;;;;;;34;17;17;1372;690;682;768;393;375;604;297;307
613;11;2039;;;;;;34;17;17;1373;691;682;768;393;375;605;298;307
614;11;2040;;;;;;34;17;17;1373;691;682;769;394;375;604;297;307
615;11;2041;;;;;;34;17;17;1374;692;682;770;394;376;604;298;306
616;11;2042;;;;;;34;17;17;1374;692;682;769;393;376;605;299;306
617;11;2043;;;;;;33;17;16;1374;692;682;769;393;376;605;299;306
618;11;2044;;;;;;33;17;16;1375;693;682;767;392;375;608;301;307
619;11;2045;;;;;;33;17;16;1375;693;682;765;391;374;610;302;308
620;11;2046;;;;;;33;17;16;1375;693;682;766;392;374;609;301;308
621;11;2047;;;;;;33;17;16;1376;694;682;764;390;374;612;304;308
622;11;2048;;;;;;33;17;16;1376;694;682;763;390;373;613;304;309
623;11;2049;;;;;;32;16;16;1377;695;682;761;389;372;616;306;310
624;12;2002;;;;;;47;26;21;1317;654;663;705;365;340;612;289;323
625;12;2003;;;;;;46;25;21;1181;584;597;693;356;337;488;228;260
626;12;2004;;;;;;46;25;21;1129;557;572;674;344;330;455;213;242
627;12;2005;;;;;;44;24;20;1107;547;560;668;342;326;439;205;234
628;12;2006;;;;;;45;24;21;1110;548;562;655;335;320;455;213;242
629;12;2007;;;;;;43;23;20;1138;562;576;647;329;318;491;233;258
630;12;2008;;;;;;43;23;20;1177;584;593;655;335;320;522;249;273
631;12;2009;;;;;;43;23;20;1215;603;612;662;338;324;553;265;288
632;12;2010;;;;;;44;23;21;1248;621;627;677;347;330;571;274;297
633;12;2011;;;;;;45;24;21;1276;636;640;685;351;334;591;285;306
634;12;2012;;;;;;46;24;22;1288;642;646;703;360;343;585;282;303
635;12;2013;;;;;;44;23;21;1294;644;650;691;354;337;603;290;313
636;12;2014;;;;;;44;23;21;1298;647;651;689;353;336;609;294;315
637;12;2015;;;;;;44;23;21;1301;648;653;693;355;338;608;293;315
638;12;2016;;;;;;42;22;20;1302;648;654;694;356;338;608;292;316
639;12;2017;;;;;;42;22;20;1307;651;656;694;356;338;613;295;318
640;12;2018;;;;;;40;21;19;1309;652;657;694;355;339;615;297;318
641;12;2019;;;;;;40;21;19;1309;652;657;694;356;338;615;296;319
642;12;2020;;;;;;39;20;19;1310;653;657;692;355;337;618;298;320
643;12;2021;;;;;;38;20;18;1310;653;657;690;354;336;620;299;321
644;12;2022;;;;;;38;20;18;1310;653;657;688;352;336;622;301;321
645;12;2023;;;;;;38;20;18;1311;654;657;688;352;336;623;302;321
646;12;2024;;;;;;38;20;18;1311;654;657;687;352;335;624;302;322
647;12;2025;;;;;;38;20;18;1311;654;657;686;351;335;625;303;322
648;12;2026;;;;;;37;19;18;1312;655;657;688;352;336;624;303;321
649;12;2027;;;;;;37;19;18;1312;655;657;688;352;336;624;303;321
650;12;2028;;;;;;37;19;18;1312;655;657;690;353;337;622;302;320
651;12;2029;;;;;;38;20;18;1313;656;657;691;353;338;622;303;319
652;12;2030;;;;;;38;20;18;1313;656;657;694;355;339;619;301;318
653;12;2031;;;;;;38;20;18;1313;656;657;695;355;340;618;301;317
654;12;2032;;;;;;38;20;18;1314;657;657;697;356;341;617;301;316
655;12;2033;;;;;;38;20;18;1314;657;657;700;357;343;614;300;314
656;12;2034;;;;;;38;20;18;1314;657;657;701;358;343;613;299;314
657;12;2035;;;;;;38;20;18;1315;658;657;702;358;344;613;300;313
658;12;2036;;;;;;38;20;18;1315;658;657;703;359;344;612;299;313
659;12;2037;;;;;;38;20;18;1315;658;657;705;359;346;610;299;311
660;12;2038;;;;;;38;20;18;1316;659;657;706;360;346;610;299;311
661;12;2039;;;;;;38;20;18;1316;659;657;707;361;346;609;298;311
662;12;2040;;;;;;38;20;18;1316;659;657;708;361;347;608;298;310
663;12;2041;;;;;;38;20;18;1317;660;657;708;361;347;609;299;310
664;12;2042;;;;;;38;20;18;1317;660;657;707;360;347;610;300;310
665;12;2043;;;;;;37;19;18;1317;660;657;709;361;348;608;299;309
666;12;2044;;;;;;37;19;18;1318;661;657;708;361;347;610;300;310
667;12;2045;;;;;;37;19;18;1318;661;657;707;360;347;611;301;310
668;12;2046;;;;;;36;19;17;1318;661;657;706;360;346;612;301;311
669;12;2047;;;;;;36;19;17;1319;662;657;705;359;346;614;303;311
670;12;2048;;;;;;36;19;17;1319;662;657;703;358;345;616;304;312
671;12;2049;;;;;;36;19;17;1319;662;657;701;357;344;618;305;313
672;13;2002;;;;;;48;26;22;1312;657;655;654;336;318;658;321;337
673;13;2003;;;;;;49;27;22;1174;586;588;660;340;320;514;246;268
674;13;2004;;;;;;49;27;22;1119;557;562;646;330;316;473;227;246
675;13;2005;;;;;;48;26;22;1094;545;549;629;320;309;465;225;240
676;13;2006;;;;;;48;26;22;1093;542;551;622;317;305;471;225;246
677;13;2007;;;;;;48;26;22;1120;557;563;612;312;300;508;245;263
678;13;2008;;;;;;47;25;22;1156;575;581;606;307;299;550;268;282
679;13;2009;;;;;;46;25;21;1192;594;598;616;313;303;576;281;295
680;13;2010;;;;;;46;24;22;1224;610;614;623;316;307;601;294;307
681;13;2011;;;;;;47;25;22;1248;624;624;638;325;313;610;299;311
682;13;2012;;;;;;48;25;23;1259;628;631;646;329;317;613;299;314
683;13;2013;;;;;;48;25;23;1264;630;634;662;337;325;602;293;309
684;13;2014;;;;;;48;25;23;1267;631;636;650;331;319;617;300;317
685;13;2015;;;;;;47;25;22;1269;633;636;648;330;318;621;303;318
686;13;2016;;;;;;46;24;22;1273;635;638;651;331;320;622;304;318
687;13;2017;;;;;;46;24;22;1274;635;639;652;332;320;622;303;319
688;13;2018;;;;;;44;23;21;1276;636;640;652;332;320;624;304;320
689;13;2019;;;;;;44;23;21;1278;637;641;652;332;320;626;305;321
690;13;2020;;;;;;42;22;20;1278;637;641;651;331;320;627;306;321
691;13;2021;;;;;;42;22;20;1278;637;641;649;330;319;629;307;322
692;13;2022;;;;;;41;21;20;1278;637;641;648;330;318;630;307;323
693;13;2023;;;;;;41;21;20;1279;638;641;646;329;317;633;309;324
694;13;2024;;;;;;40;21;19;1279;638;641;645;328;317;634;310;324
695;13;2025;;;;;;40;21;19;1279;638;641;644;327;317;635;311;324
696;13;2026;;;;;;40;21;19;1279;638;641;645;328;317;634;310;324
697;13;2027;;;;;;40;21;19;1280;639;641;645;328;317;635;311;324
698;13;2028;;;;;;40;21;19;1280;639;641;646;328;318;634;311;323
699;13;2029;;;;;;40;21;19;1280;639;641;646;328;318;634;311;323
700;13;2030;;;;;;40;21;19;1280;639;641;649;330;319;631;309;322
701;13;2031;;;;;;40;21;19;1281;640;641;650;330;320;631;310;321
702;13;2032;;;;;;40;21;19;1281;640;641;652;331;321;629;309;320
703;13;2033;;;;;;40;21;19;1280;639;641;653;331;322;627;308;319
704;13;2034;;;;;;40;21;19;1280;639;641;656;333;323;624;306;318
705;13;2035;;;;;;40;21;19;1281;640;641;657;333;324;624;307;317
706;13;2036;;;;;;40;21;19;1281;640;641;658;334;324;623;306;317
707;13;2037;;;;;;40;21;19;1281;640;641;660;334;326;621;306;315
708;13;2038;;;;;;40;21;19;1281;640;641;660;334;326;621;306;315
709;13;2039;;;;;;40;21;19;1282;641;641;661;335;326;621;306;315
710;13;2040;;;;;;40;21;19;1282;641;641;663;336;327;619;305;314
711;13;2041;;;;;;40;21;19;1282;641;641;663;336;327;619;305;314
712;13;2042;;;;;;40;21;19;1282;641;641;663;336;327;619;305;314
713;13;2043;;;;;;40;21;19;1283;642;641;664;336;328;619;306;313
714;13;2044;;;;;;40;21;19;1283;642;641;663;335;328;620;307;313
715;13;2045;;;;;;40;21;19;1283;642;641;662;335;327;621;307;314
716;13;2046;;;;;;40;21;19;1283;642;641;663;336;327;620;306;314
717;13;2047;;;;;;39;20;19;1284;643;641;662;335;327;622;308;314
718;13;2048;;;;;;39;20;19;1284;643;641;661;335;326;623;308;315
719;13;2049;;;;;;38;20;18;1284;643;641;659;334;325;625;309;316
720;14;2002;;;;;;49;26;23;1409;750;659;625;323;302;784;427;357
721;14;2003;;;;;;49;26;23;1250;660;590;630;322;308;620;338;282
722;14;2004;;;;;;51;27;24;1178;617;561;632;323;309;546;294;252
723;14;2005;;;;;;51;27;24;1139;592;547;617;313;304;522;279;243
724;14;2006;;;;;;50;26;24;1130;582;548;603;305;298;527;277;250
725;14;2007;;;;;;50;26;24;1153;591;562;596;302;294;557;289;268
726;14;2008;;;;;;50;26;24;1186;608;578;590;298;292;596;310;286
727;14;2009;;;;;;48;25;23;1222;626;596;587;295;292;635;331;304
728;14;2010;;;;;;48;25;23;1250;640;610;596;301;295;654;339;315
729;14;2011;;;;;;47;24;23;1276;654;622;604;304;300;672;350;322
730;14;2012;;;;;;49;25;24;1285;658;627;618;312;306;667;346;321
731;14;2013;;;;;;49;25;24;1288;657;631;624;315;309;664;342;322
732;14;2014;;;;;;51;26;25;1288;657;631;640;323;317;648;334;314
733;14;2015;;;;;;49;25;24;1293;659;634;629;317;312;664;342;322
734;14;2016;;;;;;49;25;24;1293;659;634;626;316;310;667;343;324
735;14;2017;;;;;;47;24;23;1295;659;636;628;317;311;667;342;325
736;14;2018;;;;;;47;24;23;1296;659;637;628;317;311;668;342;326
737;14;2019;;;;;;45;23;22;1297;660;637;628;317;311;669;343;326
738;14;2020;;;;;;45;23;22;1295;658;637;629;317;312;666;341;325
739;14;2021;;;;;;44;22;22;1295;658;637;627;316;311;668;342;326
740;14;2022;;;;;;43;22;21;1294;657;637;626;316;310;668;341;327
741;14;2023;;;;;;43;22;21;1294;657;637;624;315;309;670;342;328
742;14;2024;;;;;;42;21;21;1293;656;637;622;314;308;671;342;329
743;14;2025;;;;;;42;21;21;1292;655;637;623;314;309;669;341;328
744;14;2026;;;;;;41;21;20;1291;654;637;621;313;308;670;341;329
745;14;2027;;;;;;41;21;20;1291;654;637;620;312;308;671;342;329
746;14;2028;;;;;;41;21;20;1290;653;637;620;312;308;670;341;329
747;14;2029;;;;;;41;21;20;1290;653;637;622;313;309;668;340;328
748;14;2030;;;;;;41;21;20;1289;652;637;624;314;310;665;338;327
749;14;2031;;;;;;41;21;20;1288;651;637;624;314;310;664;337;327
750;14;2032;;;;;;41;21;20;1287;650;637;625;314;311;662;336;326
751;14;2033;;;;;;41;21;20;1287;650;637;629;316;313;658;334;324
752;14;2034;;;;;;41;21;20;1286;649;637;629;316;313;657;333;324
753;14;2035;;;;;;41;21;20;1286;649;637;631;317;314;655;332;323
754;14;2036;;;;;;41;21;20;1284;647;637;631;317;314;653;330;323
755;14;2037;;;;;;41;21;20;1284;647;637;633;318;315;651;329;322
756;14;2038;;;;;;41;21;20;1283;646;637;634;318;316;649;328;321
757;14;2039;;;;;;41;21;20;1283;646;637;636;319;317;647;327;320
758;14;2040;;;;;;41;21;20;1282;645;637;636;319;317;646;326;320
759;14;2041;;;;;;41;21;20;1282;645;637;636;319;317;646;326;320
760;14;2042;;;;;;41;21;20;1281;644;637;638;320;318;643;324;319
761;14;2043;;;;;;41;21;20;1280;643;637;638;320;318;642;323;319
762;14;2044;;;;;;41;21;20;1279;642;637;638;320;318;641;322;319
763;14;2045;;;;;;41;21;20;1279;642;637;637;319;318;642;323;319
764;14;2046;;;;;;41;21;20;1278;641;637;637;319;318;641;322;319
765;14;2047;;;;;;41;21;20;1278;641;637;638;320;318;640;321;319
766;14;2048;;;;;;41;21;20;1276;639;637;637;319;318;639;320;319
767;14;2049;;;;;;39;20;19;1276;639;637;636;319;317;640;320;320
768;15;2002;48.0;47.0;0.0;0.0;0.0;49;25;24;1649;968;681;625;325;300;1024;643;381
769;15;2003;48.0;44.0;0.0;0.0;0.0;48;24;24;1453;845;608;628;324;304;825;521;304
770;15;2004;39.0;42.0;0.0;0.0;0.0;48;24;24;1348;771;577;628;320;308;720;451;269
771;15;2005;40.0;41.0;0.0;0.0;0.0;50;25;25;1283;719;564;629;320;309;654;399;255
772;15;2006;40.0;38.0;0.0;0.0;0.0;50;25;25;1260;695;565;613;309;304;647;386;261
773;15;2007;30.0;34.0;0.0;0.0;0.0;49;24;25;1274;696;578;600;301;299;674;395;279
774;15;2008;30.0;31.0;0.0;0.0;0.0;49;24;25;1307;711;596;595;299;296;712;412;300
775;15;2009;30.0;29.0;0.0;0.0;0.0;49;24;25;1338;725;613;590;295;295;748;430;318
776;15;2010;19.0;22.0;0.0;0.0;0.0;47;23;24;1369;740;629;589;294;295;780;446;334
777;15;2011;19.0;21.0;0.0;0.0;0.0;47;23;24;1389;749;640;600;300;300;789;449;340
778;15;2012;20.0;22.0;0.0;0.0;0.0;47;23;24;1399;752;647;608;303;305;791;449;342
779;15;2013;20.0;21.0;0.0;0.0;0.0;48;23;25;1400;751;649;622;311;311;778;440;338
780;15;2014;20.0;20.0;0.0;0.0;0.0;48;23;25;1400;749;651;627;313;314;773;436;337
781;15;2015;21.0;20.0;0.0;0.0;0.0;49;23;26;1400;748;652;640;319;321;760;429;331
782;15;2016;21.0;19.0;0.0;0.0;0.0;48;23;25;1400;746;654;629;314;315;771;432;339
783;15;2017;20.0;17.0;0.0;0.0;0.0;48;23;25;1400;744;656;627;313;314;773;431;342
784;15;2018;20.0;16.0;0.0;0.0;0.0;46;22;24;1399;743;656;629;314;315;770;429;341
785;15;2019;20.0;15.0;0.0;0.0;0.0;46;22;24;1396;739;657;629;314;315;767;425;342
786;15;2020;10.0;14.0;0.0;0.0;0.0;45;21;24;1394;736;658;628;313;315;766;423;343
787;15;2021;10.0;13.0;0.0;0.0;0.0;44;21;23;1391;733;658;627;313;314;764;420;344
788;15;2022;10.0;12.0;0.0;0.0;0.0;43;20;23;1388;730;658;627;313;314;761;417;344
789;15;2023;9.0;11.0;0.0;0.0;0.0;42;20;22;1386;728;658;625;312;313;761;416;345
790;15;2024;9.0;10.0;0.0;0.0;0.0;42;20;22;1383;725;658;623;311;312;760;414;346
791;15;2025;9.0;9.0;0.0;0.0;0.0;42;20;22;1380;722;658;621;310;311;759;412;347
792;15;2026;9.0;8.0;0.0;0.0;0.0;40;19;21;1377;719;658;620;309;311;757;410;347
793;15;2027;9.0;7.0;0.0;0.0;0.0;40;19;21;1375;717;658;620;309;311;755;408;347
794;15;2028;9.0;7.0;0.0;0.0;0.0;40;19;21;1372;714;658;620;309;311;752;405;347
795;15;2029;9.0;6.0;0.0;0.0;0.0;40;19;21;1369;711;658;619;308;311;750;403;347
796;15;2030;9.0;5.0;0.0;0.0;0.0;40;19;21;1366;708;658;621;309;312;745;399;346
797;15;2031;0.0;4.0;0.0;0.0;0.0;40;19;21;1364;706;658;622;309;313;742;397;345
798;15;2032;0.0;3.0;0.0;0.0;0.0;40;19;21;1361;703;658;623;310;313;738;393;345
799;15;2033;0.0;2.0;0.0;0.0;0.0;40;19;21;1358;700;658;624;310;314;734;390;344
800;15;2034;0.0;1.0;0.0;0.0;0.0;40;19;21;1355;697;658;626;311;315;729;386;343
801;15;2035;0.0;0.0;0.0;0.0;0.0;40;19;21;1353;695;658;627;311;316;726;384;342
802;15;2036;0.0;0.0;0.0;0.0;0.0;41;20;21;1350;692;658;629;312;317;721;380;341
803;15;2037;0.0;0.0;0.0;0.0;0.0;41;20;21;1347;689;658;631;313;318;716;376;340
804;15;2038;0.0;0.0;0.0;0.0;0.0;40;19;21;1344;686;658;631;313;318;713;373;340
805;15;2039;0.0;0.0;0.0;0.0;0.0;40;19;21;1342;684;658;632;313;319;710;371;339
806;15;2040;0.0;0.0;0.0;0.0;0.0;41;20;21;1339;681;658;633;314;319;706;367;339
807;15;2041;0.0;0.0;0.0;0.0;0.0;40;19;21;1336;678;658;633;314;319;703;364;339
808;15;2042;0.0;0.0;0.0;0.0;0.0;40;19;21;1333;675;658;635;314;321;698;361;337
809;15;2043;0.0;0.0;0.0;0.0;0.0;40;19;21;1330;672;658;635;314;321;695;358;337
810;15;2044;0.0;0.0;0.0;0.0;0.0;40;19;21;1328;670;658;636;315;321;692;355;337
811;15;2045;0.0;0.0;0.0;0.0;0.0;40;19;21;1325;667;658;636;315;321;689;352;337
812;15;2046;0.0;0.0;0.0;0.0;0.0;40;19;21;1322;664;658;636;315;321;686;349;337
813;15;2047;0.0;0.0;0.0;0.0;0.0;40;19;21;1320;662;658;636;315;321;684;347;337
814;15;2048;0.0;0.0;0.0;0.0;0.0;40;19;21;1317;659;658;634;314;320;683;345;338
815;15;2049;0.0;0.0;0.0;0.0;0.0;40;19;21;1314;656;658;634;314;320;680;342;338
816;16;2002;153.0;146.0;1.0;1.0;0.0;52;27;25;1962;1228;734;664;346;318;1298;882;416
817;16;2003;143.0;139.0;1.0;1.0;0.0;52;27;25;1722;1068;654;662;345;317;1060;723;337
818;16;2004;134.0;132.0;1.0;1.0;0.0;51;26;25;1583;961;622;659;340;319;924;621;303
819;16;2005;126.0;127.0;1.0;1.0;0.0;51;26;25;1490;883;607;656;334;322;834;549;285
820;16;2006;121.0;124.0;1.0;1.0;0.0;53;27;26;1446;838;608;655;332;323;791;506;285
821;16;2007;121.0;117.0;0.0;0.0;0.0;53;27;26;1453;833;620;640;321;319;813;512;301
822;16;2008;110.0;108.0;0.0;0.0;0.0;52;26;26;1486;847;639;629;314;315;857;533;324
823;16;2009;99.0;100.0;0.0;0.0;0.0;52;26;26;1519;861;658;626;312;314;893;549;344
824;16;2010;90.0;85.0;0.0;0.0;0.0;52;26;26;1546;872;674;624;309;315;922;563;359
825;16;2011;78.0;82.0;0.0;0.0;0.0;50;25;25;1567;880;687;622;307;315;945;573;372
826;16;2012;78.0;80.0;0.0;0.0;0.0;50;25;25;1575;880;695;633;313;320;942;567;375
827;16;2013;79.0;79.0;0.0;0.0;0.0;50;25;25;1575;877;698;642;317;325;933;560;373
828;16;2014;82.0;79.0;0.0;0.0;0.0;51;25;26;1573;874;699;655;324;331;918;550;368
829;16;2015;82.0;79.0;0.0;0.0;0.0;51;25;26;1570;869;701;660;326;334;910;543;367
830;16;2016;84.0;79.0;0.0;0.0;0.0;52;26;26;1567;865;702;674;332;342;893;533;360
831;16;2017;72.0;77.0;0.0;0.0;0.0;51;25;26;1566;862;704;662;326;336;904;536;368
832;16;2018;72.0;74.0;0.0;0.0;0.0;51;25;26;1561;857;704;658;324;334;903;533;370
833;16;2019;71.0;72.0;0.0;0.0;0.0;49;24;25;1556;851;705;660;325;335;896;526;370
834;16;2020;70.0;69.0;0.0;0.0;0.0;49;24;25;1552;847;705;659;325;334;893;522;371
835;16;2021;69.0;67.0;0.0;0.0;0.0;47;23;24;1547;842;705;659;324;335;888;518;370
836;16;2022;68.0;64.0;0.0;0.0;0.0;47;23;24;1541;836;705;657;323;334;884;513;371
837;16;2023;58.0;61.0;0.0;0.0;0.0;45;22;23;1537;832;705;655;322;333;882;510;372
838;16;2024;57.0;60.0;0.0;0.0;0.0;45;22;23;1531;826;705;654;322;332;877;504;373
839;16;2025;56.0;57.0;0.0;0.0;0.0;45;22;23;1525;820;705;653;321;332;872;499;373
840;16;2026;56.0;56.0;0.0;0.0;0.0;44;22;22;1520;815;705;651;320;331;869;495;374
841;16;2027;56.0;54.0;0.0;0.0;0.0;43;21;22;1515;810;705;649;319;330;866;491;375
842;16;2028;56.0;53.0;0.0;0.0;0.0;43;21;22;1510;805;705;648;318;330;862;487;375
843;16;2029;56.0;51.0;0.0;0.0;0.0;43;21;22;1505;800;705;648;318;330;857;482;375
844;16;2030;47.0;50.0;0.0;0.0;0.0;43;21;22;1500;795;705;649;318;331;851;477;374
845;16;2031;47.0;49.0;0.0;0.0;0.0;43;21;22;1494;789;705;649;318;331;845;471;374
846;16;2032;47.0;47.0;0.0;0.0;0.0;43;21;22;1489;784;705;650;318;332;839;466;373
847;16;2033;48.0;46.0;0.0;0.0;0.0;43;21;22;1484;779;705;650;318;332;834;461;373
848;16;2034;48.0;45.0;0.0;0.0;0.0;43;21;22;1478;773;705;653;319;334;825;454;371
849;16;2035;48.0;43.0;0.0;0.0;0.0;43;21;22;1473;768;705;655;320;335;818;448;370
850;16;2036;39.0;42.0;0.0;0.0;0.0;43;21;22;1468;763;705;655;320;335;813;443;370
851;16;2037;39.0;42.0;0.0;0.0;0.0;43;21;22;1463;758;705;657;321;336;806;437;369
852;16;2038;39.0;42.0;0.0;0.0;0.0;43;21;22;1457;752;705;658;321;337;799;431;368
853;16;2039;39.0;42.0;0.0;0.0;0.0;43;21;22;1452;747;705;658;321;337;794;426;368
854;16;2040;40.0;43.0;0.0;0.0;0.0;43;21;22;1447;742;705;661;322;339;786;420;366
855;16;2041;40.0;43.0;0.0;0.0;0.0;43;21;22;1441;736;705;661;322;339;780;414;366
856;16;2042;40.0;43.0;0.0;0.0;0.0;43;21;22;1437;732;705;663;323;340;774;409;365
857;16;2043;40.0;43.0;0.0;0.0;0.0;43;21;22;1431;726;705;663;323;340;768;403;365
858;16;2044;40.0;43.0;0.0;0.0;0.0;43;21;22;1426;721;705;663;323;340;763;398;365
859;16;2045;40.0;43.0;0.0;0.0;0.0;43;21;22;1420;715;705;663;323;340;757;392;365
860;16;2046;40.0;43.0;0.0;0.0;0.0;43;21;22;1415;710;705;663;323;340;752;387;365
861;16;2047;40.0;43.0;0.0;0.0;0.0;43;21;22;1410;705;705;663;323;340;747;382;365
862;16;2048;40.0;43.0;0.0;0.0;0.0;42;21;21;1404;699;705;662;322;340;742;377;365
863;16;2049;40.0;43.0;0.0;0.0;0.0;42;21;21;1400;695;705;662;322;340;738;373;365
864;17;2002;409.0;395.0;15.0;0.0;0.0;61;37;24;2232;1412;820;747;386;361;1485;1026;459
865;17;2003;402.0;386.0;15.0;0.0;0.0;62;37;25;1957;1224;733;739;384;355;1218;840;378
866;17;2004;374.0;365.0;13.0;0.0;0.0;62;37;25;1799;1100;699;729;378;351;1070;722;348
867;17;2005;355.0;344.0;12.0;0.0;0.0;62;37;25;1691;1007;684;720;369;351;971;638;333
868;17;2006;341.0;327.0;11.0;0.0;0.0;63;37;26;1640;956;684;717;361;356;923;595;328
869;17;2007;323.0;316.0;10.0;0.0;1.0;64;38;26;1645;946;699;719;360;359;926;586;340
870;17;2008;304.0;295.0;8.0;0.0;1.0;64;37;27;1679;960;719;706;349;357;973;611;362
871;17;2009;280.0;268.0;7.0;0.0;1.0;63;37;26;1716;976;740;698;343;355;1018;633;385
872;17;2010;229.0;222.0;4.0;0.0;1.0;62;36;26;1747;987;760;695;341;354;1052;646;406
873;17;2011;230.0;221.0;4.0;0.0;1.0;62;36;26;1768;993;775;694;339;355;1074;654;420
874;17;2012;215.0;214.0;4.0;0.0;1.0;60;35;25;1775;994;781;693;337;356;1082;657;425
875;17;2013;214.0;212.0;4.0;0.0;1.0;59;34;25;1775;990;785;704;343;361;1071;647;424
876;17;2014;218.0;215.0;4.0;0.0;1.0;60;34;26;1774;986;788;712;346;366;1062;640;422
877;17;2015;225.0;220.0;3.0;0.0;1.0;61;35;26;1769;980;789;725;352;373;1044;628;416
878;17;2016;227.0;221.0;3.0;0.0;1.0;61;35;26;1766;975;791;731;355;376;1035;620;415
879;17;2017;233.0;225.0;3.0;0.0;1.0;63;36;27;1760;968;792;745;361;384;1015;607;408
880;17;2018;228.0;220.0;3.0;0.0;1.0;61;35;26;1756;963;793;732;354;378;1024;609;415
881;17;2019;226.0;217.0;3.0;0.0;1.0;60;34;26;1750;956;794;727;352;375;1023;604;419
882;17;2020;215.0;215.0;3.0;0.0;1.0;60;34;26;1744;950;794;729;352;377;1015;598;417
883;17;2021;212.0;211.0;3.0;0.0;1.0;58;33;25;1737;943;794;728;352;376;1009;591;418
884;17;2022;208.0;206.0;2.0;0.0;1.0;58;33;25;1730;936;794;727;351;376;1003;585;418
885;17;2023;205.0;202.0;2.0;0.0;1.0;56;32;24;1724;930;794;725;350;375;999;580;419
886;17;2024;202.0;199.0;2.0;0.0;1.0;55;31;24;1717;923;794;724;349;375;993;574;419
887;17;2025;200.0;195.0;2.0;0.0;1.0;54;31;23;1711;917;794;720;347;373;991;570;421
888;17;2026;198.0;193.0;2.0;0.0;1.0;53;30;23;1705;911;794;719;347;372;986;564;422
889;17;2027;197.0;191.0;2.0;0.0;1.0;53;30;23;1697;903;794;716;345;371;981;558;423
890;17;2028;187.0;190.0;1.0;0.0;0.0;52;30;22;1691;897;794;715;344;371;976;553;423
891;17;2029;187.0;189.0;1.0;0.0;0.0;52;30;22;1684;890;794;714;343;371;970;547;423
892;17;2030;188.0;189.0;1.0;0.0;0.0;51;29;22;1678;884;794;714;343;371;964;541;423
893;17;2031;188.0;188.0;1.0;0.0;0.0;51;29;22;1671;877;794;714;343;371;957;534;423
894;17;2032;189.0;188.0;1.0;0.0;0.0;51;29;22;1664;870;794;715;343;372;949;527;422
895;17;2033;190.0;188.0;1.0;0.0;0.0;51;29;22;1658;864;794;716;343;373;942;521;421
896;17;2034;191.0;188.0;0.0;0.0;0.0;52;30;22;1651;857;794;717;343;374;934;514;420
897;17;2035;193.0;190.0;0.0;0.0;0.0;52;30;22;1645;851;794;718;344;374;927;507;420
898;17;2036;194.0;190.0;0.0;0.0;0.0;52;30;22;1639;845;794;720;344;376;919;501;418
899;17;2037;195.0;190.0;0.0;0.0;0.0;52;30;22;1631;837;794;722;345;377;909;492;417
900;17;2038;196.0;191.0;0.0;0.0;0.0;52;30;22;1625;831;794;723;345;378;902;486;416
901;17;2039;197.0;192.0;0.0;0.0;0.0;52;30;22;1618;824;794;724;345;379;894;479;415
902;17;2040;198.0;193.0;0.0;0.0;0.0;52;30;22;1612;818;794;724;345;379;888;473;415
903;17;2041;199.0;194.0;0.0;0.0;0.0;52;30;22;1606;812;794;727;346;381;879;466;413
904;17;2042;200.0;195.0;0.0;0.0;0.0;52;30;22;1598;804;794;727;346;381;871;458;413
905;17;2043;200.0;195.0;0.0;0.0;0.0;52;30;22;1592;798;794;729;347;382;863;451;412
906;17;2044;201.0;196.0;0.0;0.0;0.0;52;30;22;1585;791;794;729;347;382;856;444;412
907;17;2045;201.0;196.0;0.0;0.0;0.0;52;30;22;1579;785;794;729;347;382;850;438;412
908;17;2046;201.0;196.0;0.0;0.0;0.0;52;30;22;1573;779;794;730;347;383;843;432;411
909;17;2047;201.0;196.0;0.0;0.0;0.0;51;29;22;1565;771;794;730;347;383;835;424;411
910;17;2048;201.0;196.0;0.0;0.0;0.0;51;29;22;1559;765;794;729;346;383;830;419;411
911;17;2049;201.0;196.0;0.0;0.0;0.0;51;29;22;1552;758;794;729;346;383;823;412;411
912;18;2002;731.0;677.0;53.0;3.0;0.0;74;50;24;2435;1245;1190;881;462;419;1554;783;771
913;18;2003;719.0;669.0;52.0;2.0;0.0;75;50;25;2131;1092;1039;865;449;416;1266;643;623
914;18;2004;722.0;664.0;51.0;2.0;0.0;75;50;25;2004;1004;1000;851;442;409;1153;562;591
915;18;2005;694.0;639.0;49.0;2.0;0.0;75;50;25;1929;944;985;839;434;405;1090;510;580
916;18;2006;666.0;615.0;47.0;2.0;0.0;75;50;25;1902;913;989;829;423;406;1073;490;583
917;18;2007;646.0;599.0;46.0;2.0;0.0;75;49;26;1926;917;1009;827;415;412;1099;502;597
918;18;2008;639.0;594.0;45.0;2.0;0.0;78;51;27;1975;937;1038;835;416;419;1140;521;619
919;18;2009;611.0;570.0;43.0;1.0;0.0;77;50;27;2024;958;1066;824;406;418;1200;552;648
920;18;2010;553.0;510.0;38.0;1.0;0.0;75;49;26;2069;978;1091;819;401;418;1250;577;673
921;18;2011;541.0;505.0;38.0;1.0;0.0;74;48;26;2100;991;1109;816;399;417;1284;592;692
922;18;2012;543.0;503.0;38.0;1.0;0.0;74;48;26;2113;994;1119;817;397;420;1296;597;699
923;18;2013;532.0;490.0;37.0;1.0;0.0;73;47;26;2116;993;1123;815;395;420;1301;598;703
924;18;2014;529.0;486.0;37.0;2.0;0.0;72;47;25;2116;990;1126;826;401;425;1290;589;701
925;18;2015;529.0;493.0;38.0;2.0;0.0;72;46;26;2117;989;1128;836;404;432;1281;585;696
926;18;2016;545.0;506.0;39.0;2.0;0.0;74;48;26;2116;986;1130;851;412;439;1265;574;691
927;18;2017;549.0;509.0;38.0;2.0;0.0;75;48;27;2115;983;1132;855;413;442;1260;570;690
928;18;2018;564.0;521.0;39.0;2.0;0.0;75;48;27;2114;981;1133;870;419;451;1244;562;682
929;18;2019;553.0;510.0;39.0;2.0;0.0;73;47;26;2110;976;1134;857;412;445;1253;564;689
930;18;2020;548.0;504.0;38.0;2.0;0.0;73;47;26;2108;973;1135;852;410;442;1256;563;693
931;18;2021;545.0;502.0;38.0;2.0;1.0;72;46;26;2104;969;1135;853;410;443;1251;559;692
932;18;2022;537.0;493.0;37.0;2.0;1.0;70;45;25;2100;965;1135;851;408;443;1249;557;692
933;18;2023;529.0;486.0;37.0;2.0;1.0;69;44;25;2097;962;1135;849;407;442;1248;555;693
934;18;2024;521.0;478.0;36.0;2.0;1.0;67;43;24;2093;958;1135;846;406;440;1247;552;695
935;18;2025;514.0;471.0;35.0;2.0;1.0;66;42;24;2089;954;1135;843;404;439;1246;550;696
936;18;2026;508.0;466.0;35.0;2.0;1.0;65;42;23;2086;951;1135;840;402;438;1246;549;697
937;18;2027;494.0;461.0;34.0;2.0;1.0;64;41;23;2082;947;1135;837;400;437;1245;547;698
938;18;2028;491.0;458.0;34.0;2.0;1.0;64;41;23;2078;943;1135;835;399;436;1243;544;699
939;18;2029;490.0;457.0;34.0;2.0;1.0;63;40;23;2074;939;1135;834;398;436;1240;541;699
940;18;2030;490.0;457.0;34.0;2.0;1.0;62;40;22;2070;935;1135;832;397;435;1238;538;700
941;18;2031;491.0;457.0;34.0;2.0;1.0;62;40;22;2067;932;1135;831;396;435;1236;536;700
942;18;2032;492.0;458.0;34.0;2.0;1.0;62;40;22;2063;928;1135;832;396;436;1231;532;699
943;18;2033;494.0;460.0;33.0;2.0;1.0;62;40;22;2059;924;1135;833;396;437;1226;528;698
944;18;2034;497.0;463.0;33.0;2.0;1.0;62;40;22;2055;920;1135;834;396;438;1221;524;697
945;18;2035;500.0;465.0;34.0;2.0;1.0;62;40;22;2051;916;1135;834;396;438;1217;520;697
946;18;2036;503.0;469.0;34.0;2.0;1.0;62;40;22;2048;913;1135;836;396;440;1212;517;695
947;18;2037;507.0;472.0;34.0;2.0;1.0;62;40;22;2044;909;1135;840;398;442;1204;511;693
948;18;2038;510.0;474.0;34.0;3.0;1.0;62;40;22;2040;905;1135;841;398;443;1199;507;692
949;18;2039;513.0;476.0;35.0;3.0;1.0;62;40;22;2036;901;1135;843;399;444;1193;502;691
950;18;2040;516.0;479.0;35.0;3.0;1.0;62;40;22;2033;898;1135;845;399;446;1188;499;689
951;18;2041;518.0;481.0;35.0;3.0;1.0;62;40;22;2029;894;1135;845;399;446;1184;495;689
952;18;2042;520.0;483.0;35.0;3.0;1.0;62;40;22;2025;890;1135;847;400;447;1178;490;688
953;18;2043;522.0;484.0;35.0;3.0;1.0;62;40;22;2021;886;1135;848;400;448;1173;486;687
954;18;2044;523.0;486.0;35.0;3.0;1.0;62;40;22;2018;883;1135;849;401;448;1169;482;687
955;18;2045;524.0;487.0;35.0;3.0;1.0;62;40;22;2014;879;1135;850;401;449;1164;478;686
956;18;2046;525.0;488.0;35.0;3.0;1.0;62;40;22;2010;875;1135;851;401;450;1159;474;685
957;18;2047;525.0;488.0;35.0;3.0;1.0;62;40;22;2006;871;1135;851;401;450;1155;470;685
958;18;2048;526.0;488.0;35.0;3.0;1.0;62;40;22;2002;867;1135;850;400;450;1152;467;685
959;18;2049;525.0;488.0;35.0;3.0;1.0;62;40;22;1999;864;1135;850;400;450;1149;464;685
960;19;2002;1277.0;1139.0;126.0;12.0;0.0;83;59;24;2661;1054;1607;1018;539;479;1643;515;1128
961;19;2003;1262.0;1129.0;126.0;12.0;0.0;84;60;24;2331;939;1392;1041;547;494;1290;392;898
962;19;2004;1252.0;1113.0;125.0;11.0;0.0;85;60;25;2241;892;1349;1021;532;489;1220;360;860
963;19;2005;1241.0;1106.0;125.0;11.0;0.0;87;61;26;2201;868;1333;1007;524;483;1194;344;850
964;19;2006;1203.0;1066.0;122.0;10.0;0.0;87;61;26;2213;867;1346;997;517;480;1216;350;866
965;19;2007;1157.0;1027.0;118.0;10.0;0.0;86;60;26;2261;884;1377;990;507;483;1271;377;894
966;19;2008;1125.0;1002.0;117.0;9.0;0.0;85;59;26;2336;916;1420;995;501;494;1341;415;926
967;19;2009;1124.0;995.0;117.0;9.0;0.0;89;62;27;2411;949;1462;1013;508;505;1398;441;957
968;19;2010;1027.0;913.0;110.0;7.0;0.0;88;61;27;2473;973;1500;1006;499;507;1467;474;993
969;19;2011;1014.0;896.0;108.0;7.0;0.0;87;60;27;2518;993;1525;1002;495;507;1516;498;1018
970;19;2012;1000.0;889.0;108.0;7.0;0.0;85;59;26;2540;1003;1537;999;492;507;1541;511;1030
971;19;2013;1005.0;891.0;110.0;8.0;0.0;84;58;26;2550;1007;1543;1002;491;511;1548;516;1032
972;19;2014;983.0;870.0;107.0;8.0;0.0;83;57;26;2555;1009;1546;998;488;510;1557;521;1036
973;19;2015;978.0;865.0;107.0;8.0;0.0;81;56;25;2558;1010;1548;1009;494;515;1549;516;1033
974;19;2016;997.0;882.0;110.0;8.0;0.0;82;56;26;2561;1011;1550;1019;496;523;1542;515;1027
975;19;2017;1026.0;908.0;113.0;9.0;0.0;85;58;27;2563;1012;1551;1037;506;531;1526;506;1020
976;19;2018;1044.0;916.0;114.0;9.0;0.0;85;58;27;2568;1015;1553;1042;508;534;1526;507;1019
977;19;2019;1072.0;941.0;118.0;10.0;0.0;86;59;27;2569;1015;1554;1061;516;545;1508;499;1009
978;19;2020;1051.0;925.0;116.0;9.0;0.0;83;57;26;2569;1015;1554;1045;508;537;1524;507;1017
979;19;2021;1042.0;919.0;115.0;9.0;0.0;82;56;26;2568;1014;1554;1039;505;534;1529;509;1020
980;19;2022;1036.0;916.0;115.0;9.0;0.0;82;56;26;2569;1015;1554;1039;504;535;1530;511;1019
981;19;2023;1031.0;906.0;113.0;9.0;0.0;80;55;25;2569;1015;1554;1036;502;534;1533;513;1020
982;19;2024;1016.0;894.0;112.0;9.0;0.0;78;53;25;2569;1015;1554;1032;500;532;1537;515;1022
983;19;2025;1001.0;884.0;111.0;9.0;0.0;76;52;24;2569;1015;1554;1028;497;531;1541;518;1023
984;19;2026;997.0;875.0;110.0;10.0;0.0;75;51;24;2568;1014;1554;1023;494;529;1545;520;1025
985;19;2027;987.0;868.0;108.0;10.0;0.0;73;50;23;2568;1014;1554;1020;493;527;1548;521;1027
986;19;2028;978.0;863.0;107.0;10.0;0.0;73;50;23;2569;1015;1554;1016;490;526;1553;525;1028
987;19;2029;982.0;861.0;108.0;10.0;0.0;72;49;23;2569;1015;1554;1014;489;525;1555;526;1029
988;19;2030;979.0;862.0;107.0;10.0;0.0;72;49;23;2569;1015;1554;1012;487;525;1557;528;1029
989;19;2031;978.0;864.0;107.0;9.0;0.0;71;49;22;2569;1015;1554;1009;485;524;1560;530;1030
990;19;2032;990.0;869.0;109.0;10.0;0.0;70;48;22;2569;1015;1554;1009;485;524;1560;530;1030
991;19;2033;993.0;876.0;109.0;10.0;0.0;70;48;22;2569;1015;1554;1011;485;526;1558;530;1028
992;19;2034;997.0;882.0;109.0;10.0;0.0;70;48;22;2569;1015;1554;1011;485;526;1558;530;1028
993;19;2035;1012.0;890.0;110.0;10.0;0.0;70;48;22;2569;1015;1554;1012;485;527;1557;530;1027
994;19;2036;1019.0;899.0;112.0;10.0;0.0;70;48;22;2569;1015;1554;1015;486;529;1554;529;1025
995;19;2037;1035.0;908.0;112.0;10.0;0.0;70;48;22;2569;1015;1554;1018;487;531;1551;528;1023
996;19;2038;1042.0;918.0;113.0;10.0;0.0;71;49;22;2569;1015;1554;1020;488;532;1549;527;1022
997;19;2039;1048.0;928.0;115.0;10.0;0.0;71;49;22;2569;1015;1554;1022;489;533;1547;526;1021
998;19;2040;1054.0;933.0;115.0;10.0;0.0;71;49;22;2569;1015;1554;1026;490;536;1543;525;1018
999;19;2041;1060.0;938.0;116.0;10.0;0.0;71;49;22;2569;1015;1554;1028;491;537;1541;524;1017
1000;19;2042;1064.0;942.0;116.0;10.0;0.0;71;49;22;2570;1016;1554;1029;491;538;1541;525;1016
1001;19;2043;1069.0;946.0;117.0;10.0;0.0;71;49;22;2570;1016;1554;1031;492;539;1539;524;1015
1002;19;2044;1072.0;949.0;117.0;10.0;0.0;71;49;22;2569;1015;1554;1034;493;541;1535;522;1013
1003;19;2045;1075.0;951.0;118.0;10.0;0.0;71;49;22;2569;1015;1554;1034;493;541;1535;522;1013
1004;19;2046;1077.0;953.0;118.0;10.0;0.0;71;49;22;2569;1015;1554;1035;493;542;1534;522;1012
1005;19;2047;1079.0;955.0;118.0;10.0;0.0;70;48;22;2570;1016;1554;1036;494;542;1534;522;1012
1006;19;2048;1080.0;956.0;118.0;10.0;0.0;70;48;22;2570;1016;1554;1037;494;543;1533;522;1011
1007;19;2049;1080.0;956.0;118.0;10.0;0.0;70;48;22;2569;1015;1554;1036;493;543;1533;522;1011
1008;20;2002;1890.0;1604.0;265.0;17.0;2.0;87;63;24;2966;1159;1807;1236;651;585;1730;508;1222
1009;20;2003;1846.0;1575.0;256.0;17.0;2.0;85;61;24;2618;1033;1585;1219;644;575;1399;389;1010
1010;20;2004;1870.0;1596.0;255.0;17.0;2.0;86;62;24;2518;986;1532;1235;649;586;1283;337;946
1011;20;2005;1890.0;1615.0;253.0;18.0;3.0;87;62;25;2487;967;1520;1218;635;583;1269;332;937
1012;20;2006;1927.0;1648.0;254.0;19.0;3.0;89;63;26;2512;971;1541;1210;630;580;1302;341;961
1013;20;2007;1900.0;1634.0;247.0;19.0;3.0;89;63;26;2588;999;1589;1205;625;580;1383;374;1009
1014;20;2008;1884.0;1621.0;240.0;19.0;3.0;88;62;26;2687;1039;1648;1204;618;586;1483;421;1062
1015;20;2009;1894.0;1631.0;237.0;20.0;4.0;88;62;26;2787;1079;1708;1217;616;601;1570;463;1107
1016;20;2010;1910.0;1656.0;230.0;21.0;4.0;91;64;27;2871;1113;1758;1247;629;618;1624;484;1140
1017;20;2011;1919.0;1664.0;232.0;21.0;4.0;90;63;27;2932;1138;1794;1245;621;624;1687;517;1170
1018;20;2012;1896.0;1644.0;231.0;20.0;4.0;89;62;27;2958;1149;1809;1242;617;625;1716;532;1184
1019;20;2013;1899.0;1638.0;231.0;21.0;4.0;87;61;26;2969;1155;1814;1239;615;624;1730;540;1190
1020;20;2014;1908.0;1645.0;234.0;22.0;4.0;87;61;26;2976;1159;1817;1242;614;628;1734;545;1189
1021;20;2015;1868.0;1610.0;230.0;21.0;4.0;85;59;26;2983;1162;1821;1234;608;626;1749;554;1195
1022;20;2016;1857.0;1600.0;230.0;21.0;4.0;84;59;25;2988;1165;1823;1245;615;630;1743;550;1193
1023;20;2017;1893.0;1631.0;236.0;21.0;4.0;85;59;26;2992;1167;1825;1256;617;639;1736;550;1186
1024;20;2018;1947.0;1677.0;244.0;23.0;4.0;86;60;26;2996;1169;1827;1279;630;649;1717;539;1178
1025;20;2019;1962.0;1690.0;247.0;23.0;4.0;87;61;26;2999;1171;1828;1285;633;652;1714;538;1176
1026;20;2020;2013.0;1733.0;255.0;24.0;4.0;88;61;27;3002;1174;1828;1306;642;664;1696;532;1164
1027;20;2021;1976.0;1699.0;252.0;23.0;4.0;86;60;26;3003;1175;1828;1289;634;655;1714;541;1173
1028;20;2022;1958.0;1684.0;251.0;23.0;4.0;85;59;26;3004;1176;1828;1281;629;652;1723;547;1176
1029;20;2023;1958.0;1674.0;251.0;24.0;4.0;84;58;26;3005;1177;1828;1281;629;652;1724;548;1176
1030;20;2024;1930.0;1649.0;249.0;24.0;3.0;82;57;25;3006;1178;1828;1276;625;651;1730;553;1177
1031;20;2025;1901.0;1625.0;246.0;23.0;3.0;81;56;25;3007;1179;1828;1271;622;649;1736;557;1179
1032;20;2026;1874.0;1600.0;244.0;23.0;3.0;79;55;24;3008;1180;1828;1265;618;647;1743;562;1181
1033;20;2027;1849.0;1578.0;242.0;23.0;3.0;78;54;24;3009;1181;1828;1259;614;645;1750;567;1183
1034;20;2028;1829.0;1561.0;241.0;22.0;3.0;76;53;23;3010;1182;1828;1253;611;642;1757;571;1186
1035;20;2029;1813.0;1546.0;240.0;22.0;3.0;75;52;23;3012;1184;1828;1249;608;641;1763;576;1187
1036;20;2030;1803.0;1537.0;240.0;23.0;3.0;75;52;23;3013;1185;1828;1244;605;639;1769;580;1189
1037;20;2031;1798.0;1531.0;241.0;23.0;3.0;73;51;22;3014;1186;1828;1243;604;639;1771;582;1189
1038;20;2032;1797.0;1530.0;242.0;23.0;3.0;73;51;22;3015;1187;1828;1240;602;638;1775;585;1190
1039;20;2033;1800.0;1533.0;244.0;23.0;3.0;73;51;22;3016;1188;1828;1241;602;639;1775;586;1189
1040;20;2034;1806.0;1536.0;246.0;23.0;3.0;73;51;22;3017;1189;1828;1242;602;640;1775;587;1188
1041;20;2035;1814.0;1542.0;248.0;23.0;3.0;73;51;22;3018;1190;1828;1243;602;641;1775;588;1187
1042;20;2036;1823.0;1549.0;252.0;23.0;3.0;73;51;22;3020;1192;1828;1247;604;643;1773;588;1185
1043;20;2037;1834.0;1558.0;254.0;24.0;3.0;73;51;22;3021;1193;1828;1249;605;644;1772;588;1184
1044;20;2038;1856.0;1568.0;257.0;24.0;3.0;73;51;22;3022;1194;1828;1252;606;646;1770;588;1182
1045;20;2039;1868.0;1577.0;260.0;25.0;3.0;73;51;22;3022;1194;1828;1257;608;649;1765;586;1179
1046;20;2040;1879.0;1585.0;263.0;25.0;3.0;73;51;22;3023;1195;1828;1259;609;650;1764;586;1178
1047;20;2041;1890.0;1594.0;264.0;25.0;3.0;73;51;22;3024;1196;1828;1262;610;652;1762;586;1176
1048;20;2042;1900.0;1602.0;266.0;25.0;3.0;73;51;22;3025;1197;1828;1266;612;654;1759;585;1174
1049;20;2043;1908.0;1610.0;267.0;25.0;3.0;73;51;22;3026;1198;1828;1269;613;656;1757;585;1172
1050;20;2044;1915.0;1616.0;268.0;25.0;3.0;73;51;22;3027;1199;1828;1271;614;657;1756;585;1171
1051;20;2045;1921.0;1621.0;269.0;26.0;3.0;73;51;22;3029;1201;1828;1273;615;658;1756;586;1170
1052;20;2046;1927.0;1625.0;270.0;26.0;3.0;73;51;22;3030;1202;1828;1275;616;659;1755;586;1169
1053;20;2047;1931.0;1629.0;270.0;26.0;3.0;73;51;22;3031;1203;1828;1277;617;660;1754;586;1168
1054;20;2048;1933.0;1631.0;270.0;26.0;3.0;73;51;22;3032;1204;1828;1278;617;661;1754;587;1167
1055;20;2049;1935.0;1633.0;271.0;26.0;3.0;73;51;22;3033;1205;1828;1278;617;661;1755;588;1167
1056;21;2002;2634.0;2136.0;444.0;45.0;6.0;87;62;25;3357;1364;1993;1456;752;704;1901;612;1289
1057;21;2003;2545.0;2067.0;426.0;44.0;5.0;84;60;24;2974;1208;1766;1472;772;700;1502;436;1066
1058;21;2004;2510.0;2042.0;418.0;43.0;5.0;83;59;24;2860;1156;1704;1444;761;683;1416;395;1021
1059;21;2005;2556.0;2083.0;422.0;43.0;5.0;84;60;24;2829;1135;1694;1461;767;694;1368;368;1000
1060;21;2006;2600.0;2122.0;427.0;44.0;5.0;85;60;25;2869;1144;1725;1448;755;693;1421;389;1032
1061;21;2007;2669.0;2181.0;435.0;44.0;5.0;87;61;26;2967;1180;1787;1451;754;697;1516;426;1090
1062;21;2008;2663.0;2180.0;431.0;44.0;5.0;87;61;26;3091;1228;1863;1457;755;702;1634;473;1161
1063;21;2009;2660.0;2181.0;428.0;44.0;4.0;86;60;26;3215;1277;1938;1465;751;714;1750;526;1224
1064;21;2010;2682.0;2206.0;425.0;43.0;4.0;86;60;26;3322;1319;2003;1487;752;735;1835;567;1268
1065;21;2011;2778.0;2286.0;442.0;45.0;4.0;89;62;27;3394;1348;2046;1532;773;759;1862;575;1287
1066;21;2012;2791.0;2299.0;445.0;46.0;4.0;88;61;27;3427;1361;2066;1532;766;766;1895;595;1300
1067;21;2013;2769.0;2273.0;441.0;47.0;4.0;87;60;27;3440;1367;2073;1528;762;766;1912;605;1307
1068;21;2014;2759.0;2267.0;440.0;47.0;4.0;85;59;26;3447;1371;2076;1523;758;765;1924;613;1311
1069;21;2015;2771.0;2278.0;443.0;48.0;4.0;85;59;26;3455;1376;2079;1525;757;768;1930;619;1311
1070;21;2016;2724.0;2232.0;435.0;48.0;4.0;83;57;26;3463;1380;2083;1515;750;765;1948;630;1318
1071;21;2017;2709.0;2219.0;435.0;48.0;4.0;82;57;25;3467;1382;2085;1526;757;769;1941;625;1316
1072;21;2018;2760.0;2262.0;444.0;49.0;4.0;82;56;26;3471;1384;2087;1538;760;778;1933;624;1309
1073;21;2019;2838.0;2328.0;457.0;51.0;4.0;84;58;26;3472;1385;2087;1565;775;790;1907;610;1297
1074;21;2020;2870.0;2346.0;462.0;52.0;4.0;84;58;26;3475;1387;2088;1573;779;794;1902;608;1294
1075;21;2021;2944.0;2407.0;476.0;54.0;4.0;86;59;27;3476;1388;2088;1598;791;807;1878;597;1281
1076;21;2022;2889.0;2363.0;468.0;53.0;4.0;84;58;26;3477;1389;2088;1578;780;798;1899;609;1290
1077;21;2023;2864.0;2342.0;465.0;53.0;4.0;83;57;26;3480;1392;2088;1569;776;793;1911;616;1295
1078;21;2024;2849.0;2331.0;464.0;53.0;4.0;81;56;25;3481;1393;2088;1568;774;794;1913;619;1294
1079;21;2025;2819.0;2298.0;459.0;53.0;4.0;80;55;25;3482;1394;2088;1560;769;791;1922;625;1297
1080;21;2026;2778.0;2265.0;454.0;52.0;4.0;78;54;24;3483;1395;2088;1552;764;788;1931;631;1300
1081;21;2027;2738.0;2233.0;449.0;52.0;4.0;77;53;24;3484;1396;2088;1544;759;785;1940;637;1303
1082;21;2028;2702.0;2204.0;444.0;52.0;4.0;75;52;23;3485;1397;2088;1536;754;782;1949;643;1306
1083;21;2029;2674.0;2181.0;441.0;51.0;4.0;74;51;23;3486;1398;2088;1529;750;779;1957;648;1309
1084;21;2030;2660.0;2163.0;439.0;52.0;4.0;73;50;23;3487;1399;2088;1523;746;777;1964;653;1311
1085;21;2031;2646.0;2151.0;437.0;52.0;4.0;72;50;22;3489;1401;2088;1518;743;775;1971;658;1313
1086;21;2032;2638.0;2145.0;437.0;52.0;4.0;71;49;22;3490;1402;2088;1516;741;775;1974;661;1313
1087;21;2033;2637.0;2145.0;439.0;52.0;4.0;71;49;22;3491;1403;2088;1514;740;774;1977;663;1314
1088;21;2034;2642.0;2149.0;441.0;53.0;4.0;71;49;22;3492;1404;2088;1514;739;775;1978;665;1313
1089;21;2035;2660.0;2155.0;444.0;53.0;4.0;71;49;22;3494;1406;2088;1516;740;776;1978;666;1312
1090;21;2036;2672.0;2165.0;447.0;53.0;4.0;71;49;22;3495;1407;2088;1519;741;778;1976;666;1310
1091;21;2037;2685.0;2177.0;450.0;54.0;4.0;71;49;22;3496;1408;2088;1522;743;779;1974;665;1309
1092;21;2038;2701.0;2190.0;455.0;55.0;4.0;71;49;22;3497;1409;2088;1526;744;782;1971;665;1306
1093;21;2039;2718.0;2204.0;459.0;55.0;4.0;71;49;22;3498;1410;2088;1530;746;784;1968;664;1304
1094;21;2040;2746.0;2218.0;464.0;55.0;4.0;71;49;22;3500;1412;2088;1534;748;786;1966;664;1302
1095;21;2041;2762.0;2231.0;467.0;57.0;4.0;71;49;22;3501;1413;2088;1540;751;789;1961;662;1299
1096;21;2042;2778.0;2244.0;470.0;57.0;4.0;71;49;22;3502;1414;2088;1544;753;791;1958;661;1297
1097;21;2043;2791.0;2255.0;472.0;57.0;4.0;71;49;22;3503;1415;2088;1547;754;793;1956;661;1295
1098;21;2044;2804.0;2264.0;474.0;58.0;4.0;71;49;22;3505;1417;2088;1551;756;795;1954;661;1293
1099;21;2045;2814.0;2273.0;476.0;58.0;4.0;71;49;22;3506;1418;2088;1555;758;797;1951;660;1291
1100;21;2046;2823.0;2280.0;478.0;58.0;4.0;71;49;22;3507;1419;2088;1557;759;798;1950;660;1290
1101;21;2047;2830.0;2286.0;479.0;58.0;4.0;71;49;22;3509;1421;2088;1559;760;799;1950;661;1289
1102;21;2048;2836.0;2291.0;480.0;58.0;4.0;71;49;22;3510;1422;2088;1560;760;800;1950;662;1288
1103;21;2049;2840.0;2294.0;481.0;58.0;4.0;71;49;22;3511;1423;2088;1562;761;801;1949;662;1287
1104;22;2002;3498.0;2630.0;755.0;104.0;7.0;87;62;25;3735;1593;2142;1709;880;829;2026;713;1313
1105;22;2003;3451.0;2599.0;741.0;102.0;7.0;85;60;25;3317;1405;1912;1719;886;833;1598;519;1079
1106;22;2004;3324.0;2506.0;710.0;98.0;7.0;82;58;24;3190;1346;1844;1717;898;819;1473;448;1025
1107;22;2005;3272.0;2471.0;696.0;96.0;8.0;81;57;24;3159;1323;1836;1685;885;800;1474;438;1036
1108;22;2006;3324.0;2514.0;703.0;97.0;8.0;82;58;24;3213;1337;1876;1708;894;814;1505;443;1062
1109;22;2007;3376.0;2556.0;711.0;98.0;9.0;83;58;25;3327;1379;1948;1708;888;820;1619;491;1128
1110;22;2008;3459.0;2623.0;724.0;100.0;9.0;84;58;26;3474;1437;2037;1725;893;832;1749;544;1205
1111;22;2009;3447.0;2618.0;718.0;99.0;9.0;85;59;26;3619;1493;2126;1743;899;844;1876;594;1282
1112;22;2010;3417.0;2603.0;705.0;96.0;10.0;84;58;26;3741;1542;2199;1761;899;862;1980;643;1337
1113;22;2011;3472.0;2649.0;715.0;100.0;10.0;84;58;26;3824;1574;2250;1792;904;888;2032;670;1362
1114;22;2012;3605.0;2746.0;739.0;105.0;11.0;87;60;27;3864;1590;2274;1846;931;915;2018;659;1359
1115;22;2013;3622.0;2762.0;742.0;106.0;11.0;86;59;27;3876;1596;2280;1847;924;923;2029;672;1357
1116;22;2014;3581.0;2733.0;733.0;106.0;11.0;84;58;26;3884;1600;2284;1842;920;922;2042;680;1362
1117;22;2015;3579.0;2727.0;731.0;107.0;10.0;83;57;26;3891;1603;2288;1833;913;920;2058;690;1368
1118;22;2016;3594.0;2741.0;733.0;108.0;11.0;83;57;26;3897;1606;2291;1837;914;923;2060;692;1368
1119;22;2017;3521.0;2688.0;718.0;107.0;10.0;80;55;25;3904;1610;2294;1821;903;918;2083;707;1376
1120;22;2018;3512.0;2675.0;714.0;108.0;10.0;80;55;25;3909;1612;2297;1832;911;921;2077;701;1376
1121;22;2019;3577.0;2727.0;726.0;110.0;10.0;80;55;25;3913;1614;2299;1845;914;931;2068;700;1368
1122;22;2020;3677.0;2807.0;746.0;114.0;12.0;82;56;26;3914;1615;2299;1877;933;944;2037;682;1355
1123;22;2021;3704.0;2829.0;752.0;116.0;12.0;82;56;26;3915;1616;2299;1886;937;949;2029;679;1350
1124;22;2022;3809.0;2903.0;771.0;118.0;12.0;84;57;27;3917;1618;2299;1915;951;964;2002;667;1335
1125;22;2023;3740.0;2851.0;757.0;117.0;12.0;82;56;26;3918;1619;2299;1892;940;952;2026;679;1347
1126;22;2024;3707.0;2829.0;749.0;117.0;12.0;81;55;26;3919;1620;2299;1881;933;948;2038;687;1351
1127;22;2025;3687.0;2816.0;745.0;117.0;12.0;79;54;25;3920;1621;2299;1878;931;947;2042;690;1352
1128;22;2026;3647.0;2779.0;735.0;116.0;12.0;78;53;25;3920;1621;2299;1869;925;944;2051;696;1355
1129;22;2027;3594.0;2741.0;724.0;115.0;11.0;76;52;24;3923;1624;2299;1859;919;940;2064;705;1359
1130;22;2028;3544.0;2704.0;714.0;114.0;11.0;75;51;24;3923;1624;2299;1847;911;936;2076;713;1363
1131;22;2029;3498.0;2671.0;705.0;113.0;11.0;73;50;23;3924;1625;2299;1837;905;932;2087;720;1367
1132;22;2030;3462.0;2645.0;697.0;111.0;11.0;72;49;23;3925;1626;2299;1830;900;930;2095;726;1369
1133;22;2031;3442.0;2623.0;691.0;111.0;11.0;71;48;23;3926;1627;2299;1822;896;926;2104;731;1373
1134;22;2032;3424.0;2611.0;688.0;111.0;11.0;70;48;22;3928;1629;2299;1816;892;924;2112;737;1375
1135;22;2033;3414.0;2605.0;686.0;112.0;11.0;70;48;22;3929;1630;2299;1813;890;923;2116;740;1376
1136;22;2034;3413.0;2606.0;686.0;111.0;11.0;69;47;22;3930;1631;2299;1812;889;923;2118;742;1376
1137;22;2035;3419.0;2612.0;687.0;112.0;11.0;69;47;22;3931;1632;2299;1812;888;924;2119;744;1375
1138;22;2036;3439.0;2622.0;689.0;113.0;11.0;69;47;22;3932;1633;2299;1814;889;925;2118;744;1374
1139;22;2037;3454.0;2635.0;692.0;113.0;11.0;69;47;22;3934;1635;2299;1818;891;927;2116;744;1372
1140;22;2038;3472.0;2649.0;695.0;114.0;11.0;69;47;22;3935;1636;2299;1821;892;929;2114;744;1370
1141;22;2039;3492.0;2666.0;699.0;115.0;11.0;69;47;22;3936;1637;2299;1826;895;931;2110;742;1368
1142;22;2040;3513.0;2684.0;704.0;116.0;11.0;69;47;22;3937;1638;2299;1832;897;935;2105;741;1364
1143;22;2041;3536.0;2704.0;708.0;117.0;11.0;69;47;22;3938;1639;2299;1838;901;937;2100;738;1362
1144;22;2042;3567.0;2720.0;712.0;118.0;11.0;69;47;22;3940;1641;2299;1844;903;941;2096;738;1358
1145;22;2043;3586.0;2735.0;716.0;119.0;11.0;69;47;22;3940;1641;2299;1849;906;943;2091;735;1356
1146;22;2044;3604.0;2748.0;720.0;119.0;11.0;69;47;22;3942;1643;2299;1853;908;945;2089;735;1354
1147;22;2045;3619.0;2760.0;723.0;120.0;11.0;69;47;22;3942;1643;2299;1858;910;948;2084;733;1351
1148;22;2046;3633.0;2770.0;725.0;120.0;11.0;69;47;22;3944;1645;2299;1861;912;949;2083;733;1350
1149;22;2047;3644.0;2779.0;728.0;120.0;12.0;69;47;22;3945;1646;2299;1865;914;951;2080;732;1348
1150;22;2048;3653.0;2786.0;730.0;121.0;12.0;69;47;22;3946;1647;2299;1867;915;952;2079;732;1347
1151;22;2049;3661.0;2792.0;731.0;121.0;12.0;69;47;22;3947;1648;2299;1869;916;953;2078;732;1346
1152;23;2002;4158.0;2951.0;1030.0;162.0;18.0;83;59;24;4018;1805;2213;1929;989;940;2089;816;1273
1153;23;2003;4281.0;3036.0;1059.0;166.0;18.0;85;60;25;3579;1591;1988;1975;1017;958;1604;574;1030
1154;23;2004;4221.0;2999.0;1045.0;164.0;17.0;83;58;25;3437;1523;1914;1967;1015;952;1470;508;962
1155;23;2005;4080.0;2896.0;1008.0;157.0;17.0;80;56;24;3404;1499;1905;1957;1023;934;1447;476;971
1156;23;2006;4022.0;2859.0;995.0;155.0;16.0;79;55;24;3458;1513;1945;1928;1011;917;1530;502;1028
1157;23;2007;4100.0;2913.0;1012.0;157.0;16.0;80;56;24;3584;1560;2024;1963;1025;938;1621;535;1086
1158;23;2008;4170.0;2968.0;1030.0;160.0;16.0;81;56;25;3746;1626;2120;1976;1024;952;1770;602;1168
1159;23;2009;4289.0;3050.0;1058.0;164.0;16.0;83;57;26;3905;1690;2215;2010;1037;973;1895;653;1242
1160;23;2010;4272.0;3040.0;1052.0;162.0;15.0;83;57;26;4039;1746;2293;2040;1049;991;1999;697;1302
1161;23;2011;4287.0;3056.0;1053.0;166.0;16.0;82;56;26;4127;1781;2346;2065;1052;1013;2062;729;1333
1162;23;2012;4365.0;3109.0;1066.0;171.0;17.0;82;56;26;4171;1800;2371;2100;1059;1041;2071;741;1330
1163;23;2013;4517.0;3222.0;1101.0;180.0;17.0;85;58;27;4186;1807;2379;2159;1089;1070;2027;718;1309
1164;23;2014;4548.0;3242.0;1104.0;183.0;18.0;84;57;27;4193;1811;2382;2159;1083;1076;2034;728;1306
1165;23;2015;4497.0;3209.0;1089.0;183.0;18.0;82;56;26;4202;1814;2388;2152;1077;1075;2050;737;1313
1166;23;2016;4493.0;3203.0;1083.0;184.0;18.0;81;55;26;4208;1817;2391;2141;1070;1071;2067;747;1320
1167;23;2017;4512.0;3219.0;1085.0;187.0;19.0;81;55;26;4214;1820;2394;2146;1071;1075;2068;749;1319
1168;23;2018;4422.0;3159.0;1062.0;186.0;19.0;79;54;25;4219;1823;2396;2127;1059;1068;2092;764;1328
1169;23;2019;4408.0;3145.0;1054.0;187.0;19.0;78;53;25;4222;1824;2398;2136;1066;1070;2086;758;1328
1170;23;2020;4488.0;3205.0;1071.0;191.0;20.0;78;53;25;4225;1826;2399;2150;1069;1081;2075;757;1318
1171;23;2021;4611.0;3296.0;1098.0;199.0;21.0;81;55;26;4225;1826;2399;2186;1090;1096;2039;736;1303
1172;23;2022;4644.0;3323.0;1104.0;201.0;21.0;81;55;26;4227;1828;2399;2196;1096;1100;2031;732;1299
1173;23;2023;4771.0;3408.0;1129.0;208.0;21.0;81;55;26;4228;1829;2399;2227;1111;1116;2001;718;1283
1174;23;2024;4686.0;3351.0;1108.0;206.0;22.0;80;54;26;4228;1829;2399;2202;1098;1104;2026;731;1295
1175;23;2025;4646.0;3325.0;1096.0;206.0;22.0;78;53;25;4230;1831;2399;2189;1090;1099;2041;741;1300
1176;23;2026;4622.0;3310.0;1088.0;206.0;22.0;78;53;25;4231;1832;2399;2185;1088;1097;2046;744;1302
1177;23;2027;4569.0;3268.0;1071.0;204.0;21.0;77;52;25;4231;1832;2399;2173;1080;1093;2058;752;1306
1178;23;2028;4504.0;3224.0;1055.0;203.0;21.0;75;51;24;4232;1833;2399;2160;1072;1088;2072;761;1311
1179;23;2029;4442.0;3182.0;1038.0;201.0;22.0;74;50;24;4234;1835;2399;2148;1065;1083;2086;770;1316
1180;23;2030;4386.0;3144.0;1023.0;199.0;22.0;72;49;23;4234;1835;2399;2135;1057;1078;2099;778;1321
1181;23;2031;4341.0;3114.0;1012.0;198.0;21.0;71;48;23;4235;1836;2399;2126;1051;1075;2109;785;1324
1182;23;2032;4315.0;3091.0;1001.0;198.0;21.0;69;47;22;4237;1838;2399;2115;1045;1070;2122;793;1329
1183;23;2033;4292.0;3077.0;994.0;198.0;21.0;69;47;22;4237;1838;2399;2110;1041;1069;2127;797;1330
1184;23;2034;4280.0;3070.0;990.0;198.0;22.0;68;46;22;4238;1839;2399;2107;1039;1068;2131;800;1331
1185;23;2035;4279.0;3072.0;988.0;199.0;22.0;68;46;22;4239;1840;2399;2104;1037;1067;2135;803;1332
1186;23;2036;4286.0;3080.0;987.0;200.0;22.0;68;46;22;4240;1841;2399;2106;1038;1068;2134;803;1331
1187;23;2037;4309.0;3091.0;989.0;202.0;22.0;68;46;22;4241;1842;2399;2108;1038;1070;2133;804;1329
1188;23;2038;4327.0;3106.0;991.0;203.0;22.0;68;46;22;4241;1842;2399;2112;1040;1072;2129;802;1327
1189;23;2039;4349.0;3123.0;994.0;205.0;22.0;68;46;22;4243;1844;2399;2118;1043;1075;2125;801;1324
1190;23;2040;4373.0;3144.0;999.0;207.0;23.0;68;46;22;4244;1845;2399;2122;1045;1077;2122;800;1322
1191;23;2041;4400.0;3165.0;1003.0;209.0;24.0;68;46;22;4244;1845;2399;2130;1049;1081;2114;796;1318
1192;23;2042;4428.0;3188.0;1009.0;211.0;24.0;68;46;22;4246;1847;2399;2136;1052;1084;2110;795;1315
1193;23;2043;4453.0;3207.0;1012.0;213.0;24.0;68;46;22;4247;1848;2399;2143;1056;1087;2104;792;1312
1194;23;2044;4477.0;3225.0;1018.0;214.0;24.0;68;46;22;4247;1848;2399;2148;1058;1090;2099;790;1309
1195;23;2045;4499.0;3240.0;1022.0;215.0;24.0;68;46;22;4249;1850;2399;2155;1062;1093;2094;788;1306
1196;23;2046;4517.0;3254.0;1027.0;216.0;24.0;67;46;21;4250;1851;2399;2159;1064;1095;2091;787;1304
1197;23;2047;4534.0;3266.0;1030.0;217.0;24.0;67;46;21;4250;1851;2399;2163;1066;1097;2087;785;1302
1198;23;2048;4548.0;3276.0;1034.0;217.0;24.0;67;46;21;4251;1852;2399;2167;1068;1099;2084;784;1300
1199;23;2049;4559.0;3284.0;1036.0;218.0;24.0;67;46;21;4253;1854;2399;2171;1070;1101;2082;784;1298
1200;24;2002;5349.0;3597.0;1468.0;233.0;49.0;83;59;24;4178;1977;2201;2189;1143;1046;1989;834;1155
1201;24;2003;5328.0;3593.0;1451.0;239.0;49.0;82;58;24;3731;1749;1982;2173;1115;1058;1558;634;924
1202;24;2004;5488.0;3705.0;1480.0;253.0;50.0;84;59;25;3583;1674;1909;2205;1137;1068;1378;537;841
1203;24;2005;5435.0;3673.0;1451.0;257.0;50.0;82;57;25;3546;1646;1900;2190;1131;1059;1356;515;841
1204;24;2006;5259.0;3565.0;1393.0;255.0;48.0;79;55;24;3600;1659;1941;2179;1137;1042;1421;522;899
1205;24;2007;5213.0;3537.0;1367.0;259.0;47.0;78;54;24;3729;1711;2018;2161;1129;1032;1568;582;986
1206;24;2008;5320.0;3621.0;1383.0;271.0;48.0;79;55;24;3895;1783;2112;2211;1150;1061;1684;633;1051
1207;24;2009;5439.0;3706.0;1400.0;284.0;49.0;80;55;25;4059;1853;2206;2238;1156;1082;1821;697;1124
1208;24;2010;5598.0;3830.0;1413.0;306.0;50.0;81;56;25;4199;1913;2286;2287;1176;1111;1912;737;1175
1209;24;2011;5618.0;3844.0;1415.0;311.0;51.0;82;56;26;4292;1953;2339;2324;1191;1133;1968;762;1206
1210;24;2012;5648.0;3859.0;1417.0;315.0;53.0;81;55;26;4333;1971;2362;2350;1195;1155;1983;776;1207
1211;24;2013;5736.0;3919.0;1436.0;323.0;53.0;81;55;26;4350;1979;2371;2387;1205;1182;1963;774;1189
1212;24;2014;5932.0;4052.0;1483.0;337.0;56.0;84;57;27;4359;1982;2377;2447;1236;1211;1912;746;1166
1213;24;2015;5959.0;4070.0;1486.0;341.0;57.0;83;56;27;4366;1985;2381;2446;1229;1217;1920;756;1164
1214;24;2016;5893.0;4024.0;1468.0;340.0;57.0;81;55;26;4374;1990;2384;2437;1223;1214;1937;767;1170
1215;24;2017;5875.0;4010.0;1461.0;341.0;57.0;80;54;26;4379;1991;2388;2426;1215;1211;1953;776;1177
1216;24;2018;5888.0;4024.0;1465.0;344.0;58.0;80;54;26;4383;1993;2390;2430;1216;1214;1953;777;1176
1217;24;2019;5772.0;3943.0;1434.0;340.0;57.0;78;53;25;4387;1995;2392;2406;1201;1205;1981;794;1187
1218;24;2020;5740.0;3921.0;1424.0;339.0;58.0;78;53;25;4388;1996;2392;2415;1208;1207;1973;788;1185
1219;24;2021;5844.0;3989.0;1448.0;347.0;59.0;77;52;25;4388;1996;2392;2429;1211;1218;1959;785;1174
1220;24;2022;6001.0;4094.0;1485.0;358.0;61.0;80;54;26;4390;1998;2392;2467;1234;1233;1923;764;1159
1221;24;2023;6032.0;4120.0;1494.0;361.0;62.0;80;54;26;4390;1998;2392;2478;1240;1238;1912;758;1154
1222;24;2024;6180.0;4219.0;1528.0;371.0;63.0;80;54;26;4391;1999;2392;2512;1256;1256;1879;743;1136
1223;24;2025;6072.0;4142.0;1500.0;366.0;62.0;79;53;26;4391;1999;2392;2484;1242;1242;1907;757;1150
1224;24;2026;6020.0;4104.0;1485.0;364.0;63.0;77;52;25;4392;2000;2392;2470;1234;1236;1922;766;1156
1225;24;2027;5979.0;4081.0;1477.0;363.0;63.0;77;52;25;4393;2001;2392;2465;1231;1234;1928;770;1158
1226;24;2028;5898.0;4022.0;1454.0;358.0;62.0;75;51;24;4393;2001;2392;2450;1222;1228;1943;779;1164
1227;24;2029;5816.0;3963.0;1433.0;354.0;61.0;74;50;24;4395;2003;2392;2435;1213;1222;1960;790;1170
1228;24;2030;5726.0;3907.0;1412.0;349.0;61.0;72;49;23;4395;2003;2392;2421;1204;1217;1974;799;1175
1229;24;2031;5654.0;3855.0;1393.0;346.0;60.0;71;48;23;4395;2003;2392;2407;1196;1211;1988;807;1181
1230;24;2032;5598.0;3813.0;1378.0;343.0;60.0;70;47;23;4397;2005;2392;2395;1189;1206;2002;816;1186
1231;24;2033;5541.0;3780.0;1364.0;340.0;59.0;68;46;22;4397;2005;2392;2385;1183;1202;2012;822;1190
1232;24;2034;5513.0;3757.0;1356.0;338.0;59.0;68;46;22;4397;2005;2392;2379;1179;1200;2018;826;1192
1233;24;2035;5498.0;3744.0;1352.0;338.0;60.0;68;46;22;4399;2007;2392;2375;1176;1199;2024;831;1193
1234;24;2036;5486.0;3740.0;1349.0;338.0;60.0;67;45;22;4399;2007;2392;2372;1174;1198;2027;833;1194
1235;24;2037;5495.0;3743.0;1350.0;339.0;60.0;67;45;22;4399;2007;2392;2373;1174;1199;2026;833;1193
1236;24;2038;5501.0;3752.0;1352.0;340.0;60.0;66;45;21;4400;2008;2392;2377;1176;1201;2023;832;1191
1237;24;2039;5524.0;3764.0;1357.0;341.0;60.0;66;45;21;4401;2009;2392;2381;1178;1203;2020;831;1189
1238;24;2040;5551.0;3780.0;1363.0;343.0;61.0;66;45;21;4402;2010;2392;2387;1180;1207;2015;830;1185
1239;24;2041;5571.0;3798.0;1369.0;345.0;61.0;66;45;21;4402;2010;2392;2393;1184;1209;2009;826;1183
1240;24;2042;5605.0;3818.0;1375.0;347.0;61.0;66;45;21;4403;2011;2392;2401;1187;1214;2002;824;1178
1241;24;2043;5630.0;3838.0;1383.0;348.0;62.0;66;45;21;4404;2012;2392;2408;1191;1217;1996;821;1175
1242;24;2044;5661.0;3856.0;1389.0;350.0;63.0;66;45;21;4404;2012;2392;2414;1194;1220;1990;818;1172
1243;24;2045;5691.0;3877.0;1397.0;352.0;63.0;66;45;21;4405;2013;2392;2422;1198;1224;1983;815;1168
1244;24;2046;5718.0;3895.0;1403.0;353.0;64.0;66;45;21;4406;2014;2392;2428;1201;1227;1978;813;1165
1245;24;2047;5741.0;3911.0;1409.0;355.0;64.0;66;45;21;4406;2014;2392;2433;1204;1229;1973;810;1163
1246;24;2048;5762.0;3925.0;1414.0;356.0;64.0;66;45;21;4407;2015;2392;2438;1207;1231;1969;808;1161
1247;24;2049;5779.0;3937.0;1419.0;357.0;64.0;66;45;21;4408;2016;2392;2444;1210;1234;1964;806;1158
1248;25;2002;6484.0;4273.0;1762.0;360.0;86.0;82;58;24;4249;2107;2142;2360;1219;1141;1889;888;1001
1249;25;2003;6577.0;4334.0;1784.0;370.0;88.0;82;58;24;3806;1872;1934;2400;1246;1154;1406;626;780
1250;25;2004;6563.0;4325.0;1777.0;374.0;88.0;81;57;24;3653;1790;1863;2367;1211;1156;1286;579;707
1251;25;2005;6765.0;4459.0;1828.0;390.0;92.0;83;58;25;3610;1758;1852;2396;1231;1165;1214;527;687
1252;25;2006;6722.0;4424.0;1810.0;392.0;92.0;81;56;25;3661;1771;1890;2384;1225;1159;1277;546;731
1253;25;2007;6532.0;4300.0;1756.0;386.0;90.0;78;54;24;3791;1827;1964;2381;1235;1146;1410;592;818
1254;25;2008;6491.0;4273.0;1742.0;388.0;90.0;77;53;24;3958;1901;2057;2376;1233;1143;1582;668;914
1255;25;2009;6648.0;4377.0;1781.0;402.0;93.0;78;54;24;4121;1975;2146;2440;1261;1179;1681;714;967
1256;25;2010;6830.0;4491.0;1820.0;422.0;96.0;79;54;25;4260;2037;2223;2479;1272;1207;1781;765;1016
1257;25;2011;7053.0;4639.0;1877.0;440.0;99.0;81;55;26;4355;2081;2274;2536;1296;1240;1819;785;1034
1258;25;2012;7089.0;4665.0;1883.0;444.0;99.0;82;56;26;4398;2100;2298;2577;1314;1263;1821;786;1035
1259;25;2013;7124.0;4688.0;1888.0;449.0;99.0;81;55;26;4414;2106;2308;2598;1316;1282;1816;790;1026
1260;25;2014;7243.0;4766.0;1916.0;459.0;100.0;81;55;26;4423;2110;2313;2634;1325;1309;1789;785;1004
1261;25;2015;7497.0;4932.0;1979.0;478.0;103.0;83;56;27;4431;2113;2318;2696;1358;1338;1735;755;980
1262;25;2016;7531.0;4960.0;1987.0;483.0;103.0;83;56;27;4440;2117;2323;2694;1351;1343;1746;766;980
1263;25;2017;7460.0;4911.0;1964.0;481.0;102.0;81;55;26;4444;2118;2326;2682;1343;1339;1762;775;987
1264;25;2018;7437.0;4901.0;1956.0;482.0;101.0;80;54;26;4449;2121;2328;2670;1334;1336;1779;787;992
1265;25;2019;7478.0;4925.0;1963.0;487.0;101.0;80;54;26;4451;2122;2329;2674;1335;1339;1777;787;990
1266;25;2020;7334.0;4833.0;1923.0;481.0;99.0;77;52;25;4454;2123;2331;2647;1319;1328;1807;804;1003
1267;25;2021;7304.0;4811.0;1910.0;480.0;99.0;77;52;25;4454;2123;2331;2654;1326;1328;1800;797;1003
1268;25;2022;7433.0;4899.0;1942.0;492.0;99.0;77;52;25;4454;2123;2331;2668;1328;1340;1786;795;991
1269;25;2023;7631.0;5031.0;1991.0;507.0;102.0;79;53;26;4455;2124;2331;2709;1352;1357;1746;772;974
1270;25;2024;7695.0;5070.0;2004.0;514.0;103.0;79;53;26;4455;2124;2331;2721;1358;1363;1734;766;968
1271;25;2025;7880.0;5194.0;2050.0;529.0;104.0;80;54;26;4456;2125;2331;2755;1374;1381;1701;751;950
1272;25;2026;7744.0;5107.0;2012.0;522.0;102.0;78;53;25;4456;2125;2331;2725;1359;1366;1731;766;965
1273;25;2027;7680.0;5066.0;1993.0;521.0;101.0;77;52;25;4456;2125;2331;2711;1351;1360;1745;774;971
1274;25;2028;7641.0;5042.0;1981.0;520.0;101.0;76;51;25;4457;2126;2331;2705;1347;1358;1752;779;973
1275;25;2029;7539.0;4977.0;1951.0;516.0;98.0;74;50;24;4457;2126;2331;2689;1338;1351;1768;788;980
1276;25;2030;7436.0;4910.0;1922.0;511.0;97.0;73;49;24;4458;2127;2331;2671;1328;1343;1787;799;988
1277;25;2031;7347.0;4845.0;1895.0;506.0;96.0;71;48;23;4458;2127;2331;2655;1318;1337;1803;809;994
1278;25;2032;7256.0;4786.0;1869.0;502.0;93.0;71;48;23;4458;2127;2331;2639;1309;1330;1819;818;1001
1279;25;2033;7184.0;4741.0;1849.0;499.0;93.0;70;47;23;4459;2128;2331;2627;1302;1325;1832;826;1006
1280;25;2034;7126.0;4703.0;1832.0;497.0;92.0;68;46;22;4459;2128;2331;2616;1295;1321;1843;833;1010
1281;25;2035;7090.0;4680.0;1820.0;497.0;91.0;68;46;22;4460;2129;2331;2607;1290;1317;1853;839;1014
1282;25;2036;7071.0;4668.0;1813.0;497.0;90.0;67;45;22;4460;2129;2331;2604;1288;1316;1856;841;1015
1283;25;2037;7068.0;4668.0;1810.0;499.0;90.0;67;45;22;4461;2130;2331;2602;1286;1316;1859;844;1015
1284;25;2038;7081.0;4676.0;1811.0;502.0;90.0;67;45;22;4461;2130;2331;2605;1287;1318;1856;843;1013
1285;25;2039;7101.0;4690.0;1814.0;506.0;89.0;66;45;21;4462;2131;2331;2606;1287;1319;1856;844;1012
1286;25;2040;7130.0;4709.0;1819.0;510.0;90.0;66;45;21;4462;2131;2331;2612;1290;1322;1850;841;1009
1287;25;2041;7164.0;4733.0;1826.0;513.0;90.0;66;45;21;4462;2131;2331;2618;1293;1325;1844;838;1006
1288;25;2042;7203.0;4759.0;1834.0;518.0;91.0;66;45;21;4463;2132;2331;2625;1296;1329;1838;836;1002
1289;25;2043;7246.0;4788.0;1841.0;523.0;90.0;66;45;21;4463;2132;2331;2633;1301;1332;1830;831;999
1290;25;2044;7291.0;4818.0;1851.0;529.0;91.0;66;45;21;4464;2133;2331;2641;1304;1337;1823;829;994
1291;25;2045;7330.0;4844.0;1859.0;533.0;91.0;66;45;21;4464;2133;2331;2649;1309;1340;1815;824;991
1292;25;2046;7369.0;4869.0;1868.0;535.0;92.0;66;45;21;4464;2133;2331;2657;1312;1345;1807;821;986
1293;25;2047;7403.0;4892.0;1877.0;538.0;92.0;66;45;21;4465;2134;2331;2664;1316;1348;1801;818;983
1294;25;2048;7432.0;4911.0;1884.0;540.0;93.0;66;45;21;4465;2134;2331;2669;1319;1350;1796;815;981
1295;25;2049;7459.0;4929.0;1891.0;542.0;93.0;66;45;21;4466;2135;2331;2675;1322;1353;1791;813;978
1296;26;2002;8213.0;5180.0;2365.0;554.0;116.0;85;60;25;4246;2181;2065;2528;1319;1209;1718;862;856
1297;26;2003;8158.0;5137.0;2355.0;552.0;118.0;83;58;25;3810;1943;1867;2513;1300;1213;1297;643;654
1298;26;2004;8249.0;5179.0;2385.0;559.0;121.0;83;58;25;3652;1855;1797;2533;1316;1217;1119;539;580
1299;26;2005;8206.0;5144.0;2378.0;558.0;123.0;81;56;25;3608;1821;1787;2497;1281;1216;1111;540;571
1300;26;2006;8435.0;5278.0;2450.0;575.0;129.0;84;58;26;3658;1833;1825;2532;1302;1230;1126;531;595
1301;26;2007;8351.0;5217.0;2432.0;572.0;130.0;82;56;26;3782;1886;1896;2529;1300;1229;1253;586;667
1302;26;2008;8103.0;5053.0;2366.0;556.0;129.0;79;54;25;3946;1963;1983;2537;1315;1222;1409;648;761
1303;26;2009;8038.0;5005.0;2353.0;554.0;130.0;78;53;25;4106;2035;2071;2545;1318;1227;1561;717;844
1304;26;2010;8213.0;5090.0;2414.0;569.0;138.0;79;54;25;4243;2099;2144;2618;1351;1267;1625;748;877
1305;26;2011;8422.0;5224.0;2468.0;586.0;141.0;80;54;26;4334;2142;2192;2664;1366;1298;1670;776;894
1306;26;2012;8703.0;5401.0;2544.0;609.0;144.0;81;55;26;4377;2162;2215;2723;1391;1332;1654;771;883
1307;26;2013;8745.0;5436.0;2551.0;616.0;145.0;81;55;26;4394;2169;2225;2759;1407;1352;1635;762;873
1308;26;2014;8795.0;5470.0;2559.0;622.0;145.0;81;55;26;4404;2174;2230;2780;1410;1370;1624;764;860
1309;26;2015;8947.0;5566.0;2596.0;636.0;146.0;82;55;27;4413;2177;2236;2811;1417;1394;1602;760;842
1310;26;2016;9254.0;5766.0;2679.0;662.0;151.0;83;56;27;4420;2180;2240;2873;1450;1423;1547;730;817
1311;26;2017;9317.0;5806.0;2689.0;668.0;152.0;83;56;27;4427;2183;2244;2870;1442;1428;1557;741;816
1312;26;2018;9228.0;5758.0;2658.0;666.0;149.0;82;55;27;4430;2184;2246;2858;1435;1423;1572;749;823
1313;26;2019;9223.0;5754.0;2647.0;668.0;148.0;81;54;27;4433;2186;2247;2843;1424;1419;1590;762;828
1314;26;2020;9270.0;5790.0;2655.0;674.0;149.0;81;54;27;4434;2186;2248;2846;1425;1421;1588;761;827
1315;26;2021;9104.0;5693.0;2601.0;665.0;145.0;78;52;26;4434;2186;2248;2818;1408;1410;1616;778;838
1316;26;2022;9066.0;5674.0;2585.0;665.0;144.0;78;52;26;4434;2186;2248;2825;1415;1410;1609;771;838
1317;26;2023;9235.0;5784.0;2627.0;681.0;146.0;78;52;26;4434;2186;2248;2839;1417;1422;1595;769;826
1318;26;2024;9488.0;5947.0;2692.0;702.0;150.0;79;53;26;4435;2187;2248;2879;1440;1439;1556;747;809
1319;26;2025;9563.0;6000.0;2707.0;710.0;151.0;79;53;26;4436;2188;2248;2891;1446;1445;1545;742;803
1320;26;2026;9802.0;6153.0;2768.0;731.0;153.0;81;54;27;4435;2187;2248;2926;1462;1464;1509;725;784
1321;26;2027;9646.0;6059.0;2718.0;722.0;150.0;79;53;26;4435;2187;2248;2895;1447;1448;1540;740;800
1322;26;2028;9579.0;6020.0;2692.0;719.0;149.0;78;52;26;4436;2188;2248;2880;1439;1441;1556;749;807
1323;26;2029;9542.0;6000.0;2675.0;719.0;148.0;77;52;25;4435;2187;2248;2873;1434;1439;1562;753;809
1324;26;2030;9428.0;5931.0;2637.0;713.0;145.0;75;50;25;4436;2188;2248;2856;1424;1432;1580;764;816
1325;26;2031;9311.0;5859.0;2598.0;706.0;143.0;73;49;24;4436;2188;2248;2838;1414;1424;1598;774;824
1326;26;2032;9188.0;5790.0;2560.0;700.0;142.0;73;49;24;4437;2189;2248;2820;1404;1416;1617;785;832
1327;26;2033;9086.0;5728.0;2526.0;695.0;139.0;72;48;24;4437;2189;2248;2803;1394;1409;1634;795;839
1328;26;2034;9008.0;5681.0;2498.0;690.0;137.0;70;47;23;4437;2189;2248;2791;1387;1404;1646;802;844
1329;26;2035;8947.0;5643.0;2475.0;688.0;136.0;69;46;23;4437;2189;2248;2780;1380;1400;1657;809;848
1330;26;2036;8902.0;5622.0;2460.0;687.0;135.0;69;46;23;4438;2190;2248;2772;1375;1397;1666;815;851
1331;26;2037;8889.0;5614.0;2449.0;688.0;134.0;67;45;22;4438;2190;2248;2767;1372;1395;1671;818;853
1332;26;2038;8886.0;5620.0;2445.0;690.0;134.0;67;45;22;4438;2190;2248;2765;1370;1395;1673;820;853
1333;26;2039;8911.0;5635.0;2446.0;694.0;133.0;67;45;22;4438;2190;2248;2768;1371;1397;1670;819;851
1334;26;2040;8936.0;5657.0;2450.0;699.0;134.0;67;45;22;4438;2190;2248;2772;1373;1399;1666;817;849
1335;26;2041;8982.0;5686.0;2456.0;704.0;134.0;67;45;22;4439;2191;2248;2775;1374;1401;1664;817;847
1336;26;2042;9025.0;5720.0;2464.0;710.0;134.0;67;45;22;4439;2191;2248;2783;1378;1405;1656;813;843
1337;26;2043;9084.0;5757.0;2474.0;716.0;135.0;67;45;22;4439;2191;2248;2790;1382;1408;1649;809;840
1338;26;2044;9138.0;5796.0;2485.0;722.0;135.0;67;45;22;4439;2191;2248;2798;1385;1413;1641;806;835
1339;26;2045;9204.0;5836.0;2497.0;730.0;135.0;67;45;22;4440;2192;2248;2807;1390;1417;1633;802;831
1340;26;2046;9253.0;5874.0;2507.0;736.0;136.0;67;45;22;4439;2191;2248;2814;1394;1420;1625;797;828
1341;26;2047;9300.0;5904.0;2520.0;740.0;137.0;67;45;22;4440;2192;2248;2823;1398;1425;1617;794;823
1342;26;2048;9343.0;5931.0;2532.0;743.0;137.0;67;45;22;4440;2192;2248;2829;1401;1428;1611;791;820
1343;26;2049;9380.0;5954.0;2542.0;746.0;138.0;67;45;22;4441;2193;2248;2836;1405;1431;1605;788;817
1344;27;2002;9997.0;6048.0;3059.0;698.0;193.0;89;62;27;4181;2199;1982;2631;1382;1249;1550;817;733
1345;27;2003;9861.0;5946.0;3018.0;705.0;189.0;87;60;27;3762;1967;1795;2609;1375;1234;1153;592;561
1346;27;2004;9784.0;5885.0;2998.0;717.0;187.0;85;58;27;3606;1877;1729;2577;1348;1229;1029;529;500
1347;27;2005;9888.0;5928.0;3030.0;741.0;188.0;85;58;27;3557;1839;1718;2591;1359;1232;966;480;486
1348;27;2006;9850.0;5885.0;3018.0;755.0;187.0;84;57;27;3602;1850;1752;2559;1327;1232;1043;523;520
1349;27;2007;10128.0;6037.0;3107.0;794.0;191.0;86;58;28;3721;1903;1818;2604;1352;1252;1117;551;566
1350;27;2008;10048.0;5969.0;3082.0;805.0;189.0;84;56;28;3879;1977;1902;2613;1356;1257;1266;621;645
1351;27;2009;9761.0;5785.0;2998.0;799.0;183.0;82;55;27;4034;2050;1984;2634;1376;1258;1400;674;726
1352;27;2010;9703.0;5711.0;2980.0;827.0;180.0;80;53;27;4171;2115;2056;2651;1384;1267;1520;731;789
1353;27;2011;9927.0;5845.0;3053.0;849.0;184.0;81;54;27;4259;2157;2102;2727;1419;1308;1532;738;794
1354;27;2012;10163.0;5981.0;3126.0;870.0;188.0;83;55;28;4301;2176;2125;2774;1435;1339;1527;741;786
1355;27;2013;10483.0;6167.0;3226.0;899.0;192.0;83;55;28;4319;2184;2135;2830;1459;1371;1489;725;764
1356;27;2014;10530.0;6192.0;3241.0;904.0;193.0;84;56;28;4329;2189;2140;2860;1473;1387;1469;716;753
1357;27;2015;10574.0;6215.0;3255.0;909.0;193.0;83;55;28;4337;2192;2145;2877;1474;1403;1460;718;742
1358;27;2016;10739.0;6310.0;3304.0;924.0;195.0;84;55;29;4344;2195;2149;2906;1481;1425;1438;714;724
1359;27;2017;11089.0;6519.0;3415.0;956.0;201.0;86;57;29;4352;2199;2153;2964;1512;1452;1388;687;701
1360;27;2018;11149.0;6553.0;3433.0;961.0;202.0;85;56;29;4355;2199;2156;2960;1504;1456;1395;695;700
1361;27;2019;11042.0;6487.0;3399.0;952.0;198.0;84;55;29;4359;2201;2158;2946;1496;1450;1413;705;708
1362;27;2020;11010.0;6473.0;3391.0;950.0;198.0;83;54;29;4360;2202;2158;2933;1486;1447;1427;716;711
1363;27;2021;11065.0;6504.0;3405.0;954.0;199.0;82;54;28;4360;2202;2158;2936;1487;1449;1424;715;709
1364;27;2022;10857.0;6386.0;3344.0;937.0;194.0;81;53;28;4360;2202;2158;2907;1469;1438;1453;733;720
1365;27;2023;10809.0;6357.0;3327.0;933.0;193.0;80;53;27;4361;2203;2158;2912;1475;1437;1449;728;721
1366;27;2024;11006.0;6471.0;3385.0;949.0;195.0;80;52;28;4360;2202;2158;2925;1476;1449;1435;726;709
1367;27;2025;11290.0;6644.0;3474.0;975.0;200.0;82;54;28;4361;2203;2158;2963;1498;1465;1398;705;693
1368;27;2026;11377.0;6694.0;3498.0;982.0;200.0;82;54;28;4361;2203;2158;2975;1504;1471;1386;699;687
1369;27;2027;11644.0;6857.0;3581.0;1005.0;205.0;83;54;29;4362;2204;2158;3008;1519;1489;1354;685;669
1370;27;2028;11460.0;6749.0;3522.0;988.0;200.0;81;53;28;4361;2203;2158;2978;1504;1474;1383;699;684
1371;27;2029;11379.0;6700.0;3495.0;980.0;199.0;81;53;28;4362;2204;2158;2963;1496;1467;1399;708;691
1372;27;2030;11323.0;6673.0;3479.0;975.0;198.0;79;52;27;4361;2203;2158;2956;1492;1464;1405;711;694
1373;27;2031;11187.0;6593.0;3434.0;962.0;194.0;78;51;27;4362;2204;2158;2938;1481;1457;1424;723;701
1374;27;2032;11037.0;6512.0;3389.0;949.0;191.0;76;50;26;4362;2204;2158;2920;1471;1449;1442;733;709
1375;27;2033;10904.0;6433.0;3346.0;937.0;188.0;75;49;26;4363;2205;2158;2903;1461;1442;1460;744;716
1376;27;2034;10783.0;6363.0;3305.0;925.0;186.0;73;48;25;4362;2204;2158;2886;1451;1435;1476;753;723
1377;27;2035;10680.0;6310.0;3275.0;916.0;183.0;72;47;25;4363;2205;2158;2874;1444;1430;1489;761;728
1378;27;2036;10606.0;6267.0;3249.0;909.0;181.0;71;47;24;4363;2205;2158;2862;1437;1425;1501;768;733
1379;27;2037;10564.0;6244.0;3234.0;903.0;180.0;70;46;24;4363;2205;2158;2855;1432;1423;1508;773;735
1380;27;2038;10537.0;6236.0;3226.0;901.0;179.0;70;46;24;4363;2205;2158;2850;1429;1421;1513;776;737
1381;27;2039;10543.0;6242.0;3225.0;900.0;179.0;69;45;24;4364;2206;2158;2849;1428;1421;1515;778;737
1382;27;2040;10571.0;6260.0;3231.0;901.0;178.0;69;45;24;4363;2205;2158;2850;1428;1422;1513;777;736
1383;27;2041;10611.0;6286.0;3241.0;903.0;179.0;69;45;24;4364;2206;2158;2854;1430;1424;1510;776;734
1384;27;2042;10663.0;6320.0;3253.0;906.0;178.0;68;45;23;4364;2206;2158;2859;1432;1427;1505;774;731
1385;27;2043;10713.0;6360.0;3270.0;909.0;179.0;68;45;23;4364;2206;2158;2865;1435;1430;1499;771;728
1386;27;2044;10781.0;6403.0;3287.0;914.0;180.0;69;45;24;4364;2206;2158;2873;1439;1434;1491;767;724
1387;27;2045;10854.0;6450.0;3307.0;918.0;180.0;68;45;23;4365;2207;2158;2881;1443;1438;1484;764;720
1388;27;2046;10930.0;6499.0;3327.0;924.0;181.0;68;45;23;4364;2206;2158;2890;1448;1442;1474;758;716
1389;27;2047;10998.0;6545.0;3345.0;927.0;181.0;68;45;23;4365;2207;2158;2897;1451;1446;1468;756;712
1390;27;2048;11054.0;6578.0;3362.0;932.0;182.0;69;45;24;4365;2207;2158;2906;1456;1450;1459;751;708
1391;27;2049;11103.0;6608.0;3377.0;936.0;183.0;68;45;23;4364;2206;2158;2913;1460;1453;1451;746;705
1392;28;2002;12368.0;7205.0;3930.0;964.0;269.0;98;66;32;4063;2170;1893;2716;1439;1277;1347;731;616
1393;28;2003;11838.0;6877.0;3771.0;928.0;259.0;92;62;30;3668;1949;1719;2654;1416;1238;1014;533;481
1394;28;2004;11665.0;6758.0;3725.0;920.0;257.0;91;61;30;3515;1859;1656;2615;1399;1216;900;460;440
1395;28;2005;11572.0;6691.0;3708.0;919.0;257.0;89;59;30;3462;1818;1644;2581;1371;1210;881;447;434
1396;28;2006;11696.0;6744.0;3757.0;934.0;262.0;88;58;30;3504;1828;1676;2595;1381;1214;909;447;462
1397;28;2007;11656.0;6703.0;3753.0;936.0;262.0;87;57;30;3621;1880;1741;2574;1355;1219;1047;525;522
1398;28;2008;12002.0;6882.0;3874.0;970.0;272.0;89;58;31;3773;1953;1820;2629;1385;1244;1144;568;576
1399;28;2009;11906.0;6813.0;3856.0;968.0;272.0;88;57;31;3924;2027;1897;2649;1394;1255;1275;633;642
1400;28;2010;11588.0;6594.0;3772.0;953.0;268.0;85;55;30;4052;2089;1963;2680;1418;1262;1372;671;701
1401;28;2011;11535.0;6558.0;3759.0;952.0;266.0;83;54;29;4140;2131;2009;2702;1429;1273;1438;702;736
1402;28;2012;11808.0;6707.0;3853.0;978.0;273.0;85;55;30;4181;2151;2030;2777;1464;1313;1404;687;717
1403;28;2013;12083.0;6857.0;3947.0;1003.0;279.0;86;55;31;4199;2159;2040;2817;1478;1339;1382;681;701
1404;28;2014;12457.0;7062.0;4072.0;1037.0;289.0;87;56;31;4208;2163;2045;2866;1499;1367;1342;664;678
1405;28;2015;12509.0;7084.0;4092.0;1044.0;291.0;87;56;31;4217;2168;2049;2893;1512;1381;1324;656;668
1406;28;2016;12559.0;7105.0;4111.0;1050.0;292.0;87;56;31;4224;2170;2054;2907;1512;1395;1317;658;659
1407;28;2017;12749.0;7206.0;4175.0;1069.0;297.0;87;56;31;4230;2173;2057;2933;1518;1415;1297;655;642
1408;28;2018;13160.0;7436.0;4315.0;1105.0;307.0;90;58;32;4236;2176;2060;2986;1547;1439;1250;629;621
1409;28;2019;13228.0;7467.0;4338.0;1112.0;309.0;89;57;32;4240;2178;2062;2981;1539;1442;1259;639;620
1410;28;2020;13090.0;7386.0;4297.0;1104.0;307.0;88;56;32;4241;2178;2063;2968;1531;1437;1273;647;626
1411;28;2021;13064.0;7363.0;4289.0;1103.0;306.0;86;55;31;4242;2179;2063;2954;1520;1434;1288;659;629
1412;28;2022;13115.0;7389.0;4311.0;1110.0;308.0;86;55;31;4241;2178;2063;2957;1521;1436;1284;657;627
1413;28;2023;12882.0;7250.0;4235.0;1090.0;303.0;83;53;30;4242;2179;2063;2928;1504;1424;1314;675;639
1414;28;2024;12813.0;7208.0;4216.0;1086.0;302.0;83;53;30;4242;2179;2063;2933;1509;1424;1309;670;639
1415;28;2025;13031.0;7327.0;4290.0;1106.0;308.0;83;53;30;4243;2180;2063;2943;1509;1434;1300;671;629
1416;28;2026;13364.0;7511.0;4403.0;1136.0;316.0;85;54;31;4243;2180;2063;2979;1530;1449;1264;650;614
1417;28;2027;13463.0;7557.0;4436.0;1145.0;320.0;85;54;31;4243;2180;2063;2991;1536;1455;1252;644;608
1418;28;2028;13775.0;7728.0;4542.0;1173.0;327.0;86;55;31;4243;2180;2063;3022;1550;1472;1221;630;591
1419;28;2029;13547.0;7594.0;4470.0;1154.0;323.0;85;54;31;4244;2181;2063;2993;1536;1457;1251;645;606
1420;28;2030;13440.0;7529.0;4438.0;1146.0;321.0;83;53;30;4244;2181;2063;2978;1527;1451;1266;654;612
1421;28;2031;13363.0;7486.0;4419.0;1142.0;320.0;83;53;30;4245;2182;2063;2972;1523;1449;1273;659;614
1422;28;2032;13191.0;7383.0;4365.0;1128.0;317.0;81;52;29;4245;2182;2063;2954;1513;1441;1291;669;622
1423;28;2033;13016.0;7277.0;4310.0;1115.0;314.0;80;51;29;4245;2182;2063;2936;1502;1434;1309;680;629
1424;28;2034;12848.0;7176.0;4257.0;1101.0;310.0;78;50;28;4245;2182;2063;2920;1493;1427;1325;689;636
1425;28;2035;12685.0;7082.0;4209.0;1088.0;307.0;77;49;28;4246;2183;2063;2904;1483;1421;1342;700;642
1426;28;2036;12564.0;7005.0;4172.0;1079.0;304.0;75;48;27;4246;2183;2063;2890;1475;1415;1356;708;648
1427;28;2037;12456.0;6939.0;4142.0;1071.0;303.0;74;47;27;4246;2183;2063;2880;1469;1411;1366;714;652
1428;28;2038;12385.0;6893.0;4124.0;1066.0;302.0;73;47;26;4246;2183;2063;2874;1465;1409;1372;718;654
1429;28;2039;12343.0;6862.0;4116.0;1064.0;302.0;72;46;26;4247;2184;2063;2869;1462;1407;1378;722;656
1430;28;2040;12328.0;6845.0;4117.0;1064.0;302.0;72;46;26;4247;2184;2063;2868;1460;1408;1379;724;655
1431;28;2041;12337.0;6841.0;4126.0;1066.0;304.0;72;46;26;4248;2185;2063;2870;1461;1409;1378;724;654
1432;28;2042;12350.0;6841.0;4139.0;1069.0;305.0;72;46;26;4248;2185;2063;2874;1463;1411;1374;722;652
1433;28;2043;12387.0;6847.0;4157.0;1073.0;307.0;72;46;26;4248;2185;2063;2878;1465;1413;1370;720;650
1434;28;2044;12424.0;6856.0;4180.0;1079.0;310.0;72;46;26;4248;2185;2063;2885;1468;1417;1363;717;646
1435;28;2045;12468.0;6867.0;4204.0;1085.0;311.0;72;46;26;4249;2186;2063;2892;1472;1420;1357;714;643
1436;28;2046;12518.0;6878.0;4230.0;1091.0;314.0;72;46;26;4249;2186;2063;2900;1476;1424;1349;710;639
1437;28;2047;12559.0;6888.0;4257.0;1097.0;316.0;72;46;26;4250;2187;2063;2909;1481;1428;1341;706;635
1438;28;2048;12592.0;6888.0;4281.0;1103.0;319.0;72;46;26;4249;2186;2063;2916;1485;1431;1333;701;632
1439;28;2049;12655.0;6922.0;4303.0;1109.0;320.0;72;46;26;4250;2187;2063;2923;1489;1434;1327;698;629
1440;29;2002;14494.0;7839.0;4956.0;1285.0;414.0;108;71;37;3909;2107;1802;2741;1485;1256;1168;622;546
1441;29;2003;13883.0;7481.0;4775.0;1236.0;392.0;102;67;35;3536;1896;1640;2693;1453;1240;843;443;400
1442;29;2004;13230.0;7102.0;4578.0;1182.0;369.0;97;63;34;3384;1806;1578;2618;1421;1197;766;385;381
1443;29;2005;12986.0;6945.0;4520.0;1165.0;358.0;95;62;33;3336;1769;1567;2574;1400;1174;762;369;393
1444;29;2006;12846.0;6844.0;4498.0;1157.0;350.0;93;60;33;3374;1777;1597;2545;1374;1171;829;403;426
1445;29;2007;12938.0;6866.0;4558.0;1171.0;348.0;94;60;34;3484;1828;1656;2567;1387;1180;917;441;476
1446;29;2008;12853.0;6794.0;4554.0;1168.0;341.0;92;58;34;3630;1899;1731;2559;1369;1190;1071;530;541
1447;29;2009;13197.0;6942.0;4701.0;1203.0;346.0;93;59;34;3776;1970;1806;2621;1404;1217;1155;566;589
1448;29;2010;13008.0;6788.0;4690.0;1196.0;332.0;92;58;34;3897;2030;1867;2650;1417;1233;1247;613;634
1449;29;2011;12659.0;6585.0;4579.0;1167.0;323.0;89;56;33;3979;2071;1908;2686;1443;1243;1293;628;665
1450;29;2012;12583.0;6527.0;4565.0;1164.0;323.0;88;55;33;4023;2092;1931;2709;1454;1255;1314;638;676
1451;29;2013;12856.0;6652.0;4678.0;1194.0;330.0;89;56;33;4042;2101;1941;2777;1487;1290;1265;614;651
1452;29;2014;13130.0;6779.0;4791.0;1222.0;337.0;90;56;34;4052;2105;1947;2811;1498;1313;1241;607;634
1453;29;2015;13509.0;6961.0;4942.0;1260.0;347.0;92;57;35;4061;2109;1952;2853;1517;1336;1208;592;616
1454;29;2016;13552.0;6966.0;4966.0;1266.0;349.0;93;58;35;4067;2112;1955;2876;1528;1348;1191;584;607
1455;29;2017;13582.0;6972.0;4989.0;1271.0;350.0;92;57;35;4075;2116;1959;2887;1527;1360;1188;589;599
1456;29;2018;13763.0;7055.0;5066.0;1290.0;355.0;92;57;35;4080;2118;1962;2909;1532;1377;1171;586;585
1457;29;2019;14201.0;7266.0;5235.0;1333.0;367.0;95;59;36;4084;2120;1964;2958;1559;1399;1126;561;565
1458;29;2020;14262.0;7285.0;5265.0;1338.0;369.0;94;58;36;4085;2120;1965;2953;1550;1403;1132;570;562
1459;29;2021;14103.0;7199.0;5217.0;1326.0;365.0;92;57;35;4086;2121;1965;2940;1543;1397;1146;578;568
1460;29;2022;14064.0;7169.0;5208.0;1322.0;364.0;91;56;35;4086;2121;1965;2925;1532;1393;1161;589;572
1461;29;2023;14118.0;7187.0;5234.0;1327.0;367.0;91;56;35;4087;2122;1965;2928;1533;1395;1159;589;570
1462;29;2024;13859.0;7048.0;5143.0;1303.0;360.0;89;55;34;4087;2122;1965;2901;1516;1385;1186;606;580
1463;29;2025;13775.0;7003.0;5121.0;1296.0;358.0;87;54;33;4088;2123;1965;2904;1520;1384;1184;603;581
1464;29;2026;14006.0;7114.0;5212.0;1316.0;365.0;88;54;34;4088;2123;1965;2914;1520;1394;1174;603;571
1465;29;2027;14360.0;7287.0;5349.0;1350.0;375.0;89;55;34;4089;2124;1965;2947;1540;1407;1142;584;558
1466;29;2028;14454.0;7328.0;5388.0;1357.0;377.0;90;56;34;4089;2124;1965;2958;1545;1413;1131;579;552
1467;29;2029;14785.0;7491.0;5517.0;1388.0;387.0;91;56;35;4090;2125;1965;2988;1559;1429;1102;566;536
1468;29;2030;14543.0;7363.0;5431.0;1365.0;381.0;89;55;34;4090;2125;1965;2959;1545;1414;1131;580;551
1469;29;2031;14429.0;7301.0;5393.0;1353.0;378.0;88;54;34;4091;2126;1965;2945;1537;1408;1146;589;557
1470;29;2032;14359.0;7262.0;5371.0;1345.0;376.0;87;54;33;4091;2126;1965;2938;1532;1406;1153;594;559
1471;29;2033;14176.0;7166.0;5307.0;1327.0;372.0;85;53;32;4092;2127;1965;2921;1522;1399;1171;605;566
1472;29;2034;13990.0;7068.0;5241.0;1308.0;367.0;84;52;32;4092;2127;1965;2905;1512;1393;1187;615;572
1473;29;2035;13812.0;6976.0;5179.0;1289.0;362.0;82;51;31;4093;2128;1965;2888;1502;1386;1205;626;579
1474;29;2036;13649.0;6890.0;5121.0;1273.0;359.0;81;50;31;4093;2128;1965;2875;1494;1381;1218;634;584
1475;29;2037;13521.0;6824.0;5077.0;1260.0;356.0;79;49;30;4094;2129;1965;2863;1487;1376;1231;642;589
1476;29;2038;13417.0;6769.0;5041.0;1248.0;353.0;78;48;30;4094;2129;1965;2853;1481;1372;1241;648;593
1477;29;2039;13352.0;6734.0;5021.0;1241.0;353.0;77;48;29;4094;2129;1965;2846;1476;1370;1248;653;595
1478;29;2040;13319.0;6716.0;5012.0;1236.0;352.0;76;47;29;4095;2130;1965;2843;1474;1369;1252;656;596
1479;29;2041;13314.0;6712.0;5013.0;1235.0;353.0;76;47;29;4096;2131;1965;2842;1473;1369;1254;658;596
1480;29;2042;13335.0;6721.0;5025.0;1234.0;353.0;76;47;29;4096;2131;1965;2843;1473;1370;1253;658;595
1481;29;2043;13371.0;6739.0;5042.0;1236.0;354.0;76;47;29;4096;2131;1965;2847;1475;1372;1249;656;593
1482;29;2044;13423.0;6763.0;5065.0;1239.0;357.0;76;47;29;4097;2132;1965;2851;1477;1374;1246;655;591
1483;29;2045;13484.0;6793.0;5092.0;1243.0;358.0;76;47;29;4098;2133;1965;2858;1481;1377;1240;652;588
1484;29;2046;13554.0;6827.0;5122.0;1247.0;360.0;76;47;29;4098;2133;1965;2866;1485;1381;1232;648;584
1485;29;2047;13631.0;6865.0;5154.0;1252.0;363.0;76;47;29;4098;2133;1965;2872;1488;1384;1226;645;581
1486;29;2048;13710.0;6904.0;5187.0;1258.0;365.0;76;47;29;4099;2134;1965;2881;1493;1388;1218;641;577
1487;29;2049;13781.0;6938.0;5217.0;1263.0;367.0;76;47;29;4099;2134;1965;2888;1497;1391;1211;637;574
1488;30;2002;17022.0;8533.0;6338.0;1647.0;501.0;125;80;45;3732;2024;1708;2845;1571;1274;887;453;434
1489;30;2003;15530.0;7607.0;5956.0;1496.0;469.0;113;72;41;3383;1828;1555;2691;1482;1209;692;346;346
1490;30;2004;14921.0;7247.0;5738.0;1474.0;457.0;108;68;40;3241;1743;1498;2629;1442;1187;612;301;311
1491;30;2005;14206.0;6887.0;5514.0;1363.0;444.0;102;64;38;3195;1708;1487;2553;1407;1146;642;301;341
1492;30;2006;13973.0;6749.0;5454.0;1327.0;444.0;100;63;37;3230;1715;1515;2514;1388;1126;716;327;389
1493;30;2007;13852.0;6673.0;5436.0;1300.0;448.0;98;61;37;3334;1764;1570;2494;1367;1127;840;397;443
1494;30;2008;14002.0;6724.0;5513.0;1308.0;459.0;99;61;38;3472;1832;1640;2524;1383;1141;948;449;499
1495;30;2009;13972.0;6691.0;5515.0;1296.0;465.0;98;60;38;3609;1901;1708;2527;1373;1154;1082;528;554
1496;30;2010;14435.0;6924.0;5696.0;1327.0;492.0;100;61;39;3725;1958;1767;2595;1410;1185;1130;548;582
1497;30;2011;14294.0;6829.0;5664.0;1310.0;489.0;98;60;38;3807;2000;1807;2628;1427;1201;1179;573;606
1498;30;2012;13877.0;6607.0;5522.0;1271.0;476.0;95;58;37;3849;2020;1829;2663;1451;1212;1186;569;617
1499;30;2013;13766.0;6532.0;5495.0;1259.0;475.0;94;57;37;3866;2028;1838;2684;1461;1223;1182;567;615
1500;30;2014;14018.0;6636.0;5619.0;1282.0;485.0;95;58;37;3875;2032;1843;2744;1491;1253;1131;541;590
1501;30;2015;14293.0;6745.0;5742.0;1306.0;496.0;96;58;38;3883;2036;1847;2773;1499;1274;1110;537;573
1502;30;2016;14670.0;6909.0;5912.0;1340.0;510.0;98;59;39;3893;2040;1853;2810;1516;1294;1083;524;559
1503;30;2017;14684.0;6900.0;5933.0;1341.0;512.0;98;59;39;3899;2043;1856;2829;1526;1303;1070;517;553
1504;30;2018;14694.0;6892.0;5950.0;1341.0;513.0;97;58;39;3905;2046;1859;2838;1524;1314;1067;522;545
1505;30;2019;14877.0;6961.0;6034.0;1357.0;521.0;97;58;39;3908;2048;1860;2856;1528;1328;1052;520;532
1506;30;2020;15311.0;7157.0;6225.0;1397.0;537.0;100;60;40;3908;2048;1860;2901;1553;1348;1007;495;512
1507;30;2021;15354.0;7165.0;6251.0;1401.0;539.0;100;60;40;3908;2048;1860;2895;1544;1351;1013;504;509
1508;30;2022;15174.0;7071.0;6188.0;1385.0;534.0;98;59;39;3909;2049;1860;2883;1538;1345;1026;511;515
1509;30;2023;15122.0;7034.0;6171.0;1380.0;532.0;97;58;39;3909;2049;1860;2870;1527;1343;1039;522;517
1510;30;2024;15157.0;7044.0;6195.0;1385.0;534.0;97;58;39;3911;2051;1860;2871;1527;1344;1040;524;516
1511;30;2025;14870.0;6902.0;6083.0;1358.0;525.0;94;56;38;3911;2051;1860;2845;1511;1334;1066;540;526
1512;30;2026;14781.0;6851.0;6051.0;1351.0;522.0;93;56;37;3912;2052;1860;2848;1515;1333;1064;537;527
1513;30;2027;15005.0;6953.0;6152.0;1373.0;531.0;93;56;37;3912;2052;1860;2856;1514;1342;1056;538;518
1514;30;2028;15369.0;7116.0;6306.0;1408.0;544.0;95;57;38;3913;2053;1860;2888;1533;1355;1025;520;505
1515;30;2029;15468.0;7151.0;6347.0;1417.0;547.0;95;57;38;3913;2053;1860;2898;1538;1360;1015;515;500
1516;30;2030;15807.0;7304.0;6491.0;1449.0;560.0;97;58;39;3914;2054;1860;2925;1551;1374;989;503;486
1517;30;2031;15540.0;7177.0;6386.0;1427.0;551.0;95;57;38;3914;2054;1860;2898;1537;1361;1016;517;499
1518;30;2032;15420.0;7113.0;6337.0;1417.0;546.0;93;56;37;3915;2055;1860;2886;1530;1356;1029;525;504
1519;30;2033;15334.0;7072.0;6307.0;1411.0;543.0;92;55;37;3915;2055;1860;2878;1525;1353;1037;530;507
1520;30;2034;15130.0;6976.0;6227.0;1395.0;536.0;90;54;36;3916;2056;1860;2862;1515;1347;1054;541;513
1521;30;2035;14933.0;6880.0;6146.0;1379.0;529.0;88;53;35;3916;2056;1860;2847;1506;1341;1069;550;519
1522;30;2036;14744.0;6787.0;6069.0;1363.0;522.0;87;52;35;3918;2058;1860;2832;1497;1335;1086;561;525
1523;30;2037;14572.0;6704.0;5998.0;1349.0;516.0;85;51;34;3918;2058;1860;2819;1489;1330;1099;569;530
1524;30;2038;14426.0;6637.0;5942.0;1338.0;511.0;84;50;34;3919;2059;1860;2808;1482;1326;1111;577;534
1525;30;2039;14316.0;6584.0;5897.0;1330.0;506.0;83;50;33;3919;2059;1860;2799;1476;1323;1120;583;537
1526;30;2040;14248.0;6549.0;5869.0;1326.0;504.0;82;49;33;3920;2060;1860;2793;1473;1320;1127;587;540
1527;30;2041;14212.0;6529.0;5854.0;1325.0;503.0;81;49;32;3920;2060;1860;2790;1470;1320;1130;590;540
1528;30;2042;14207.0;6524.0;5852.0;1327.0;502.0;81;49;32;3920;2060;1860;2790;1470;1320;1130;590;540
1529;30;2043;14230.0;6532.0;5861.0;1331.0;503.0;80;48;32;3921;2061;1860;2791;1470;1321;1130;591;539
1530;30;2044;14268.0;6546.0;5877.0;1338.0;504.0;80;48;32;3922;2062;1860;2795;1472;1323;1127;590;537
1531;30;2045;14322.0;6569.0;5899.0;1346.0;505.0;80;48;32;3922;2062;1860;2799;1474;1325;1123;588;535
1532;30;2046;14387.0;6598.0;5926.0;1354.0;508.0;80;48;32;3922;2062;1860;2804;1477;1327;1118;585;533
1533;30;2047;14461.0;6630.0;5957.0;1364.0;510.0;80;48;32;3923;2063;1860;2813;1482;1331;1110;581;529
1534;30;2048;14542.0;6664.0;5990.0;1375.0;512.0;80;48;32;3923;2063;1860;2820;1486;1334;1103;577;526
1535;30;2049;14626.0;6702.0;6025.0;1386.0;515.0;80;48;32;3925;2065;1860;2827;1490;1337;1098;575;523
1536;31;2002;17873.0;8187.0;7228.0;1913.0;541.0;140;88;52;3540;1928;1612;2834;1595;1239;706;333;373
1537;31;2003;17172.0;7575.0;7083.0;1906.0;604.0;132;82;50;3214;1747;1467;2764;1549;1215;450;198;252
1538;31;2004;15811.0;6999.0;6554.0;1700.0;558.0;120;74;46;3082;1668;1414;2604;1455;1149;478;213;265
1539;31;2005;15318.0;6773.0;6332.0;1673.0;539.0;114;70;44;3036;1632;1404;2543;1415;1128;493;217;276
1540;31;2006;14574.0;6416.0;6090.0;1547.0;520.0;108;66;42;3069;1640;1429;2474;1381;1093;595;259;336
1541;31;2007;14324.0;6281.0;6029.0;1504.0;512.0;107;65;42;3164;1684;1480;2443;1366;1077;721;318;403
1542;31;2008;14229.0;6235.0;6013.0;1473.0;509.0;104;63;41;3295;1749;1546;2435;1352;1083;860;397;463
1543;31;2009;14359.0;6265.0;6102.0;1480.0;515.0;105;63;42;3423;1815;1608;2471;1372;1099;952;443;509
1544;31;2010;14386.0;6297.0;6110.0;1465.0;515.0;104;62;42;3536;1871;1665;2483;1367;1116;1053;504;549
1545;31;2011;14830.0;6497.0;6300.0;1500.0;531.0;106;63;43;3611;1910;1701;2550;1404;1146;1061;506;555
1546;31;2012;14689.0;6415.0;6266.0;1479.0;529.0;103;61;42;3646;1927;1719;2583;1420;1163;1063;507;556
1547;31;2013;14274.0;6215.0;6110.0;1433.0;515.0;101;60;41;3666;1936;1730;2616;1443;1173;1050;493;557
1548;31;2014;14162.0;6151.0;6081.0;1419.0;512.0;100;59;41;3675;1940;1735;2631;1450;1181;1044;490;554
1549;31;2015;14438.0;6255.0;6215.0;1443.0;525.0;101;60;41;3684;1945;1739;2687;1478;1209;997;467;530
1550;31;2016;14718.0;6364.0;6351.0;1468.0;536.0;102;60;42;3692;1948;1744;2711;1485;1226;981;463;518
1551;31;2017;15114.0;6524.0;6537.0;1504.0;551.0;104;61;43;3699;1952;1747;2743;1500;1243;956;452;504
1552;31;2018;15138.0;6521.0;6558.0;1503.0;553.0;104;61;43;3703;1954;1749;2759;1508;1251;944;446;498
1553;31;2019;15160.0;6519.0;6577.0;1502.0;556.0;103;60;43;3706;1955;1751;2765;1506;1259;941;449;492
1554;31;2020;15346.0;6590.0;6669.0;1518.0;563.0;103;60;43;3707;1956;1751;2782;1509;1273;925;447;478
1555;31;2021;15801.0;6778.0;6878.0;1561.0;581.0;106;62;44;3707;1956;1751;2823;1533;1290;884;423;461
1556;31;2022;15845.0;6790.0;6907.0;1564.0;583.0;106;62;44;3708;1957;1751;2818;1525;1293;890;432;458
1557;31;2023;15662.0;6706.0;6837.0;1544.0;577.0;104;61;43;3708;1957;1751;2806;1517;1289;902;440;462
1558;31;2024;15609.0;6675.0;6819.0;1536.0;576.0;103;60;43;3709;1958;1751;2792;1507;1285;917;451;466
1559;31;2025;15656.0;6688.0;6845.0;1540.0;578.0;103;60;43;3710;1959;1751;2794;1507;1287;916;452;464
1560;31;2026;15352.0;6555.0;6722.0;1510.0;568.0;100;58;42;3711;1960;1751;2769;1491;1278;942;469;473
1561;31;2027;15261.0;6510.0;6687.0;1500.0;565.0;99;58;41;3711;1960;1751;2772;1495;1277;939;465;474
1562;31;2028;15502.0;6606.0;6798.0;1522.0;574.0;99;58;41;3712;1961;1751;2780;1495;1285;932;466;466
1563;31;2029;15875.0;6760.0;6967.0;1559.0;588.0;101;59;42;3712;1961;1751;2808;1512;1296;904;449;455
1564;31;2030;15964.0;6792.0;7011.0;1566.0;592.0;101;59;42;3713;1962;1751;2818;1517;1301;895;445;450
1565;31;2031;16311.0;6934.0;7169.0;1600.0;605.0;103;60;43;3713;1962;1751;2844;1529;1315;869;433;436
1566;31;2032;16039.0;6814.0;7054.0;1575.0;596.0;101;59;42;3713;1962;1751;2817;1515;1302;896;447;449
1567;31;2033;15904.0;6753.0;7000.0;1562.0;591.0;99;58;41;3714;1963;1751;2805;1508;1297;909;455;454
1568;31;2034;15817.0;6713.0;6967.0;1554.0;588.0;98;57;41;3714;1963;1751;2800;1505;1295;914;458;456
1569;31;2035;15620.0;6620.0;6880.0;1534.0;581.0;96;56;40;3715;1964;1751;2785;1496;1289;930;468;462
1570;31;2036;15407.0;6526.0;6791.0;1514.0;573.0;94;55;39;3715;1964;1751;2771;1487;1284;944;477;467
1571;31;2037;15203.0;6436.0;6706.0;1495.0;566.0;92;54;38;3716;1965;1751;2756;1478;1278;960;487;473
1572;31;2038;15016.0;6354.0;6628.0;1479.0;560.0;91;53;38;3716;1965;1751;2744;1470;1274;972;495;477
1573;31;2039;14878.0;6288.0;6567.0;1465.0;555.0;89;52;37;3717;1966;1751;2735;1465;1270;982;501;481
1574;31;2040;14755.0;6233.0;6518.0;1455.0;550.0;89;52;37;3718;1967;1751;2726;1459;1267;992;508;484
1575;31;2041;14674.0;6196.0;6487.0;1448.0;548.0;87;51;36;3719;1968;1751;2721;1456;1265;998;512;486
1576;31;2042;14638.0;6173.0;6471.0;1446.0;545.0;87;51;36;3719;1968;1751;2718;1453;1265;1001;515;486
1577;31;2043;14622.0;6163.0;6468.0;1446.0;545.0;86;50;36;3720;1969;1751;2718;1453;1265;1002;516;486
1578;31;2044;14645.0;6166.0;6479.0;1450.0;546.0;85;50;35;3720;1969;1751;2720;1454;1266;1000;515;485
1579;31;2045;14673.0;6174.0;6496.0;1455.0;547.0;85;50;35;3720;1969;1751;2724;1456;1268;996;513;483
1580;31;2046;14718.0;6191.0;6520.0;1461.0;550.0;85;50;35;3721;1970;1751;2729;1459;1270;992;511;481
1581;31;2047;14784.0;6212.0;6550.0;1470.0;552.0;85;50;35;3721;1970;1751;2734;1462;1272;987;508;479
1582;31;2048;14848.0;6236.0;6583.0;1478.0;555.0;85;50;35;3722;1971;1751;2740;1465;1275;982;506;476
1583;31;2049;14930.0;6263.0;6619.0;1489.0;557.0;85;50;35;3722;1971;1751;2747;1469;1278;975;502;473
1584;32;2002;18363.0;7314.0;7973.0;2371.0;711.0;156;97;59;3333;1824;1509;2867;1656;1211;466;168;298
1585;32;2003;17693.0;6789.0;7795.0;2305.0;799.0;148;91;57;3034;1658;1376;2725;1554;1171;309;104;205
1586;32;2004;16943.0;6433.0;7493.0;2250.0;765.0;139;84;55;2907;1582;1325;2649;1503;1146;258;79;179
1587;32;2005;15607.0;5957.0;6939.0;2004.0;708.0;126;76;50;2867;1551;1316;2497;1414;1083;370;137;233
1588;32;2006;15117.0;5775.0;6693.0;1969.0;683.0;121;73;48;2894;1555;1339;2439;1375;1064;455;180;275
1589;32;2007;14392.0;5483.0;6433.0;1817.0;660.0;115;69;46;2984;1599;1385;2381;1346;1035;603;253;350
1590;32;2008;14154.0;5377.0;6366.0;1765.0;650.0;113;67;46;3105;1659;1446;2361;1335;1026;744;324;420
1591;32;2009;14069.0;5350.0;6346.0;1725.0;647.0;111;65;46;3225;1720;1505;2363;1328;1035;862;392;470
1592;32;2010;14242.0;5419.0;6441.0;1727.0;655.0;111;65;46;3331;1775;1556;2404;1350;1054;927;425;502
1593;32;2011;14182.0;5385.0;6435.0;1709.0;655.0;110;64;46;3400;1810;1590;2419;1349;1070;981;461;520
1594;32;2012;14618.0;5564.0;6630.0;1747.0;676.0;112;65;47;3439;1830;1609;2483;1384;1099;956;446;510
1595;32;2013;14489.0;5500.0;6592.0;1720.0;672.0;110;64;46;3456;1837;1619;2513;1399;1114;943;438;505
1596;32;2014;14080.0;5336.0;6426.0;1663.0;656.0;107;62;45;3465;1842;1623;2543;1419;1124;922;423;499
1597;32;2015;13979.0;5288.0;6394.0;1642.0;653.0;106;61;45;3473;1845;1628;2555;1425;1130;918;420;498
1598;32;2016;14246.0;5382.0;6531.0;1666.0;668.0;107;62;45;3480;1849;1631;2605;1451;1154;875;398;477
1599;32;2017;14529.0;5481.0;6672.0;1690.0;683.0;108;62;46;3487;1853;1634;2625;1456;1169;862;397;465
1600;32;2018;14927.0;5626.0;6864.0;1728.0;703.0;110;63;47;3493;1856;1637;2653;1469;1184;840;387;453
1601;32;2019;14949.0;5631.0;6885.0;1723.0;705.0;111;64;47;3496;1858;1638;2666;1476;1190;830;382;448
1602;32;2020;14969.0;5637.0;6905.0;1718.0;708.0;110;63;47;3497;1858;1639;2672;1474;1198;825;384;441
1603;32;2021;15150.0;5705.0;6998.0;1732.0;717.0;110;63;47;3498;1859;1639;2687;1477;1210;811;382;429
1604;32;2022;15606.0;5874.0;7214.0;1776.0;741.0;113;65;48;3498;1859;1639;2723;1497;1226;775;362;413
1605;32;2023;15660.0;5892.0;7245.0;1776.0;744.0;112;64;48;3499;1860;1639;2719;1490;1229;780;370;410
1606;32;2024;15480.0;5828.0;7172.0;1749.0;736.0;110;63;47;3499;1860;1639;2708;1484;1224;791;376;415
1607;32;2025;15439.0;5808.0;7154.0;1737.0;734.0;109;62;47;3499;1860;1639;2696;1474;1222;803;386;417
1608;32;2026;15486.0;5828.0;7181.0;1736.0;738.0;109;62;47;3500;1861;1639;2697;1475;1222;803;386;417
1609;32;2027;15198.0;5720.0;7052.0;1698.0;725.0;106;61;45;3500;1861;1639;2673;1459;1214;827;402;425
1610;32;2028;15108.0;5689.0;7016.0;1683.0;721.0;105;60;45;3502;1863;1639;2676;1462;1214;826;401;425
1611;32;2029;15355.0;5781.0;7131.0;1705.0;733.0;105;60;45;3502;1863;1639;2682;1461;1221;820;402;418
1612;32;2030;15722.0;5922.0;7306.0;1740.0;751.0;107;61;46;3503;1864;1639;2709;1478;1231;794;386;408
1613;32;2031;15809.0;5959.0;7352.0;1745.0;757.0;108;62;46;3503;1864;1639;2719;1483;1236;784;381;403
1614;32;2032;16161.0;6091.0;7516.0;1779.0;774.0;109;62;47;3504;1865;1639;2742;1494;1248;762;371;391
1615;32;2033;15906.0;5996.0;7397.0;1745.0;762.0;106;61;45;3504;1865;1639;2718;1482;1236;786;383;403
1616;32;2034;15773.0;5951.0;7341.0;1727.0;756.0;105;60;45;3504;1865;1639;2707;1475;1232;797;390;407
1617;32;2035;15699.0;5923.0;7306.0;1715.0;752.0;104;60;44;3505;1866;1639;2703;1472;1231;802;394;408
1618;32;2036;15504.0;5851.0;7216.0;1689.0;743.0;101;58;43;3505;1866;1639;2688;1463;1225;817;403;414
1619;32;2037;15294.0;5777.0;7123.0;1663.0;733.0;100;57;43;3506;1867;1639;2675;1454;1221;831;413;418
1620;32;2038;15105.0;5707.0;7035.0;1638.0;724.0;98;56;42;3506;1867;1639;2663;1447;1216;843;420;423
1621;32;2039;14931.0;5642.0;6954.0;1616.0;716.0;96;55;41;3507;1868;1639;2651;1440;1211;856;428;428
1622;32;2040;14794.0;5593.0;6890.0;1596.0;709.0;94;54;40;3507;1868;1639;2642;1434;1208;865;434;431
1623;32;2041;14673.0;5552.0;6839.0;1581.0;704.0;94;54;40;3508;1869;1639;2635;1430;1205;873;439;434
1624;32;2042;14604.0;5528.0;6807.0;1571.0;701.0;92;53;39;3509;1870;1639;2630;1426;1204;879;444;435
1625;32;2043;14568.0;5517.0;6790.0;1564.0;699.0;92;53;39;3509;1870;1639;2628;1425;1203;881;445;436
1626;32;2044;14563.0;5516.0;6787.0;1560.0;699.0;91;52;39;3510;1871;1639;2627;1424;1203;883;447;436
1627;32;2045;14586.0;5527.0;6798.0;1559.0;700.0;91;52;39;3510;1871;1639;2630;1426;1204;880;445;435
1628;32;2046;14624.0;5543.0;6816.0;1560.0;702.0;91;52;39;3511;1872;1639;2635;1428;1207;876;444;432
1629;32;2047;14678.0;5566.0;6841.0;1562.0;704.0;90;52;38;3511;1872;1639;2638;1430;1208;873;442;431
1630;32;2048;14744.0;5593.0;6872.0;1567.0;707.0;90;52;38;3511;1872;1639;2644;1433;1211;867;439;428
1631;32;2049;14818.0;5623.0;6906.0;1572.0;711.0;90;52;38;3512;1873;1639;2650;1437;1213;862;436;426
1632;33;2002;17280.0;6108.0;7794.0;2545.0;834.0;171;105;66;3122;1716;1406;2743;1616;1127;379;100;279
1633;33;2003;17231.0;5901.0;7847.0;2528.0;960.0;164;100;64;2844;1563;1281;2735;1597;1138;109;-34;143
1634;33;2004;16529.0;5611.0;7582.0;2415.0;925.0;156;94;62;2724;1490;1234;2591;1495;1096;133;-5;138
1635;33;2005;15899.0;5326.0;7329.0;2357.0;885.0;147;88;59;2687;1460;1227;2519;1446;1073;168;14;154
1636;33;2006;14666.0;4942.0;6807.0;2100.0;819.0;135;80;55;2713;1466;1247;2380;1362;1018;333;104;229
1637;33;2007;14231.0;4799.0;6582.0;2063.0;790.0;129;76;53;2794;1505;1289;2332;1329;1003;462;176;286
1638;33;2008;13576.0;4566.0;6339.0;1904.0;765.0;122;72;50;2906;1562;1344;2285;1305;980;621;257;364
1639;33;2009;13378.0;4487.0;6283.0;1849.0;754.0;120;70;50;3021;1621;1400;2274;1300;974;747;321;426
1640;33;2010;13332.0;4500.0;6274.0;1805.0;751.0;117;68;49;3114;1669;1445;2283;1297;986;831;372;459
1641;33;2011;13438.0;4505.0;6359.0;1810.0;762.0;118;68;50;3182;1703;1479;2326;1320;1006;856;383;473
1642;33;2012;13391.0;4483.0;6357.0;1792.0;762.0;117;67;50;3218;1722;1496;2341;1320;1021;877;402;475
1643;33;2013;13799.0;4635.0;6551.0;1829.0;786.0;119;68;51;3233;1730;1503;2400;1352;1048;833;378;455
1644;33;2014;13684.0;4587.0;6514.0;1801.0;782.0;117;67;50;3242;1734;1508;2425;1364;1061;817;370;447
1645;33;2015;13307.0;4456.0;6351.0;1741.0;763.0;114;65;49;3250;1738;1512;2451;1382;1069;799;356;443
1646;33;2016;13220.0;4421.0;6321.0;1719.0;760.0;112;64;48;3258;1742;1516;2462;1387;1075;796;355;441
1647;33;2017;13477.0;4504.0;6456.0;1743.0;777.0;114;65;49;3264;1745;1519;2506;1410;1096;758;335;423
1648;33;2018;13752.0;4592.0;6594.0;1767.0;795.0;115;65;50;3270;1748;1522;2524;1415;1109;746;333;413
1649;33;2019;14123.0;4717.0;6782.0;1806.0;819.0;117;66;51;3273;1749;1524;2548;1427;1121;725;322;403
1650;33;2020;14154.0;4726.0;6803.0;1800.0;822.0;118;67;51;3273;1749;1524;2560;1433;1127;713;316;397
1651;33;2021;14181.0;4736.0;6821.0;1794.0;825.0;116;66;50;3274;1750;1524;2564;1430;1134;710;320;390
1652;33;2022;14360.0;4798.0;6914.0;1808.0;837.0;117;66;51;3274;1750;1524;2578;1433;1145;696;317;379
1653;33;2023;14788.0;4945.0;7126.0;1853.0;863.0;120;68;52;3275;1751;1524;2613;1454;1159;662;297;365
1654;33;2024;14839.0;4966.0;7155.0;1851.0;867.0;119;67;52;3275;1751;1524;2608;1446;1162;667;305;362
1655;33;2025;14690.0;4918.0;7084.0;1823.0;859.0;117;66;51;3275;1751;1524;2597;1440;1157;678;311;367
1656;33;2026;14640.0;4908.0;7065.0;1810.0;857.0;115;65;50;3277;1753;1524;2586;1431;1155;691;322;369
1657;33;2027;14695.0;4929.0;7093.0;1809.0;862.0;115;65;50;3277;1753;1524;2589;1432;1157;688;321;367
1658;33;2028;14423.0;4845.0;6967.0;1769.0;846.0;112;63;49;3278;1754;1524;2566;1417;1149;712;337;375
1659;33;2029;14349.0;4825.0;6931.0;1752.0;843.0;111;63;48;3278;1754;1524;2570;1421;1149;708;333;375
1660;33;2030;14582.0;4907.0;7044.0;1774.0;857.0;112;63;49;3278;1754;1524;2574;1419;1155;704;335;369
1661;33;2031;14939.0;5033.0;7216.0;1811.0;879.0;113;64;49;3279;1755;1524;2600;1435;1165;679;320;359
1662;33;2032;15032.0;5069.0;7261.0;1815.0;884.0;114;65;49;3279;1755;1524;2610;1440;1170;669;315;354
1663;33;2033;15364.0;5188.0;7421.0;1849.0;905.0;115;65;50;3280;1756;1524;2631;1450;1181;649;306;343
1664;33;2034;15123.0;5113.0;7305.0;1813.0;891.0;113;64;49;3280;1756;1524;2609;1439;1170;671;317;354
1665;33;2035;15009.0;5081.0;7250.0;1794.0;884.0;111;63;48;3280;1756;1524;2599;1433;1166;681;323;358
1666;33;2036;14939.0;5064.0;7216.0;1780.0;881.0;110;62;48;3281;1757;1524;2594;1430;1164;687;327;360
1667;33;2037;14755.0;5009.0;7127.0;1753.0;870.0;108;61;47;3281;1757;1524;2581;1421;1160;700;336;364
1668;33;2038;14578.0;4952.0;7037.0;1725.0;859.0;106;60;46;3282;1758;1524;2569;1414;1155;713;344;369
1669;33;2039;14399.0;4899.0;6950.0;1699.0;850.0;104;59;45;3282;1758;1524;2559;1407;1152;723;351;372
1670;33;2040;14234.0;4849.0;6870.0;1676.0;840.0;102;58;44;3282;1758;1524;2548;1400;1148;734;358;376
1671;33;2041;14105.0;4813.0;6808.0;1656.0;832.0;100;57;43;3283;1759;1524;2540;1396;1144;743;363;380
1672;33;2042;14011.0;4784.0;6757.0;1639.0;827.0;99;56;43;3283;1759;1524;2534;1391;1143;749;368;381
1673;33;2043;13946.0;4769.0;6726.0;1628.0;823.0;98;56;42;3285;1761;1524;2529;1388;1141;756;373;383
1674;33;2044;13912.0;4765.0;6710.0;1619.0;821.0;97;55;42;3285;1761;1524;2527;1387;1140;758;374;384
1675;33;2045;13917.0;4770.0;6707.0;1614.0;821.0;97;55;42;3286;1762;1524;2528;1387;1141;758;375;383
1676;33;2046;13939.0;4786.0;6718.0;1614.0;822.0;97;55;42;3286;1762;1524;2530;1388;1142;756;374;382
1677;33;2047;13986.0;4806.0;6735.0;1614.0;826.0;96;55;41;3286;1762;1524;2535;1391;1144;751;371;380
1678;33;2048;14038.0;4832.0;6760.0;1616.0;829.0;96;55;41;3287;1763;1524;2538;1393;1145;749;370;379
1679;33;2049;14100.0;4861.0;6790.0;1620.0;832.0;95;54;41;3287;1763;1524;2543;1396;1147;744;367;377
1680;34;2002;14885.0;4704.0;6679.0;2584.0;914.0;175;108;67;2904;1601;1303;2585;1543;1042;319;58;261
1681;34;2003;15809.0;4828.0;7209.0;2657.0;1119.0;180;110;70;2649;1462;1187;2608;1549;1059;41;-87;128
1682;34;2004;15610.0;4776.0;7145.0;2591.0;1101.0;174;105;69;2540;1395;1145;2589;1524;1065;-49;-129;80
1683;34;2005;15004.0;4547.0;6922.0;2476.0;1061.0;165;99;66;2505;1367;1138;2453;1428;1025;52;-61;113
1684;34;2006;14442.0;4321.0;6694.0;2416.0;1015.0;155;92;63;2528;1372;1156;2388;1383;1005;140;-11;151
1685;34;2007;13333.0;4016.0;6221.0;2153.0;940.0;142;84;58;2604;1409;1195;2265;1308;957;339;101;238
1686;34;2008;12947.0;3906.0;6018.0;2115.0;910.0;136;80;56;2708;1464;1244;2228;1281;947;480;183;297
1687;34;2009;12354.0;3722.0;5799.0;1953.0;881.0;129;75;54;2809;1516;1293;2191;1262;929;618;254;364
1688;34;2010;12198.0;3687.0;5753.0;1894.0;868.0;127;74;53;2900;1563;1337;2187;1260;927;713;303;410
1689;34;2011;12102.0;3654.0;5735.0;1852.0;866.0;125;72;53;2962;1594;1368;2200;1260;940;762;334;428
1690;34;2012;12212.0;3662.0;5812.0;1857.0;879.0;125;72;53;2995;1611;1384;2241;1282;959;754;329;425
1691;34;2013;12176.0;3647.0;5809.0;1837.0;879.0;124;71;53;3010;1619;1391;2256;1282;974;754;337;417
1692;34;2014;12534.0;3772.0;5983.0;1875.0;907.0;126;72;54;3018;1622;1396;2308;1311;997;710;311;399
1693;34;2015;12436.0;3735.0;5949.0;1845.0;903.0;123;70;53;3025;1626;1399;2330;1322;1008;695;304;391
1694;34;2016;12092.0;3631.0;5800.0;1783.0;881.0;120;68;52;3032;1629;1403;2353;1337;1016;679;292;387
1695;34;2017;12021.0;3605.0;5772.0;1760.0;879.0;118;67;51;3038;1632;1406;2362;1342;1020;676;290;386
1696;34;2018;12250.0;3675.0;5893.0;1783.0;898.0;121;69;52;3043;1635;1408;2403;1363;1040;640;272;368
1697;34;2019;12496.0;3748.0;6018.0;1807.0;918.0;122;69;53;3046;1636;1410;2417;1367;1050;629;269;360
1698;34;2020;12829.0;3852.0;6189.0;1846.0;945.0;124;70;54;3046;1636;1410;2440;1378;1062;606;258;348
1699;34;2021;12855.0;3863.0;6206.0;1839.0;950.0;124;70;54;3047;1637;1410;2450;1383;1067;597;254;343
1700;34;2022;12878.0;3873.0;6224.0;1832.0;954.0;122;69;53;3047;1637;1410;2455;1381;1074;592;256;336
1701;34;2023;13049.0;3927.0;6306.0;1845.0;967.0;123;69;54;3048;1638;1410;2466;1383;1083;582;255;327
1702;34;2024;13434.0;4048.0;6498.0;1891.0;998.0;126;71;55;3049;1639;1410;2499;1402;1097;550;237;313
1703;34;2025;13490.0;4069.0;6525.0;1888.0;1003.0;126;71;55;3049;1639;1410;2494;1395;1099;555;244;311
1704;34;2026;13344.0;4033.0;6460.0;1859.0;994.0;124;70;54;3050;1640;1410;2486;1390;1096;564;250;314
1705;34;2027;13310.0;4028.0;6443.0;1846.0;992.0;122;69;53;3050;1640;1410;2474;1381;1093;576;259;317
1706;34;2028;13359.0;4049.0;6467.0;1843.0;997.0;122;69;53;3050;1640;1410;2477;1382;1095;573;258;315
1707;34;2029;13124.0;3983.0;6354.0;1802.0;980.0;119;67;52;3051;1641;1410;2455;1368;1087;596;273;323
1708;34;2030;13057.0;3969.0;6321.0;1785.0;976.0;118;67;51;3051;1641;1410;2459;1372;1087;592;269;323
1709;34;2031;13267.0;4040.0;6423.0;1806.0;993.0;117;66;51;3052;1642;1410;2464;1371;1093;588;271;317
1710;34;2032;13578.0;4145.0;6579.0;1842.0;1017.0;120;68;52;3052;1642;1410;2489;1386;1103;563;256;307
1711;34;2033;13674.0;4179.0;6620.0;1846.0;1025.0;120;68;52;3052;1642;1410;2497;1390;1107;555;252;303
1712;34;2034;13974.0;4279.0;6765.0;1879.0;1048.0;122;69;53;3053;1643;1410;2517;1400;1117;536;243;293
1713;34;2035;13757.0;4221.0;6660.0;1843.0;1033.0;119;67;52;3053;1643;1410;2497;1390;1107;556;253;303
1714;34;2036;13654.0;4198.0;6610.0;1822.0;1025.0;117;66;51;3054;1644;1410;2487;1384;1103;567;260;307
1715;34;2037;13602.0;4188.0;6579.0;1807.0;1022.0;116;66;50;3054;1644;1410;2485;1382;1103;569;262;307
1716;34;2038;13435.0;4145.0;6499.0;1779.0;1010.0;115;65;50;3054;1644;1410;2473;1375;1098;581;269;312
1717;34;2039;13265.0;4101.0;6416.0;1751.0;998.0;112;63;49;3056;1646;1410;2462;1367;1095;594;279;315
1718;34;2040;13114.0;4060.0;6338.0;1724.0;987.0;110;62;48;3056;1646;1410;2452;1361;1091;604;285;319
1719;34;2041;12965.0;4024.0;6266.0;1699.0;975.0;108;61;47;3056;1646;1410;2442;1355;1087;614;291;323
1720;34;2042;12848.0;3996.0;6209.0;1678.0;968.0;106;60;46;3057;1647;1410;2436;1351;1085;621;296;325
1721;34;2043;12764.0;3975.0;6164.0;1660.0;961.0;104;59;45;3057;1647;1410;2430;1347;1083;627;300;327
1722;34;2044;12705.0;3967.0;6135.0;1648.0;957.0;104;59;45;3057;1647;1410;2426;1344;1082;631;303;328
1723;34;2045;12685.0;3966.0;6120.0;1639.0;955.0;102;58;44;3058;1648;1410;2425;1344;1081;633;304;329
1724;34;2046;12680.0;3974.0;6118.0;1634.0;956.0;102;58;44;3058;1648;1410;2425;1344;1081;633;304;329
1725;34;2047;12711.0;3990.0;6127.0;1632.0;958.0;102;58;44;3059;1649;1410;2428;1345;1083;631;304;327
1726;34;2048;12743.0;4010.0;6143.0;1632.0;961.0;102;58;44;3059;1649;1410;2431;1347;1084;628;302;326
1727;34;2049;12801.0;4034.0;6166.0;1634.0;965.0;102;58;44;3059;1649;1410;2436;1350;1086;623;299;324
1728;35;2002;12268.0;3437.0;5363.0;2544.0;922.0;185;115;70;2686;1488;1198;2436;1463;973;250;25;225
1729;35;2003;12737.0;3469.0;5598.0;2582.0;1087.0;183;113;70;2453;1360;1093;2454;1471;983;-1;-111;110
1730;35;2004;13357.0;3659.0;5901.0;2656.0;1148.0;190;116;74;2353;1298;1055;2467;1472;995;-114;-174;60
1731;35;2005;13143.0;3622.0;5829.0;2565.0;1130.0;183;111;72;2320;1274;1046;2445;1446;999;-125;-172;47
1732;35;2006;12658.0;3516.0;5628.0;2427.0;1091.0;173;104;69;2342;1279;1063;2322;1359;963;20;-80;100
1733;35;2007;12186.0;3420.0;5427.0;2299.0;1042.0;163;97;66;2410;1311;1099;2267;1319;948;143;-8;151
1734;35;2008;11282.0;3181.0;5037.0;2098.0;969.0;149;88;61;2508;1362;1146;2161;1254;907;347;108;239
1735;35;2009;10885.0;3078.0;4867.0;1996.0;940.0;143;84;59;2602;1410;1192;2133;1233;900;469;177;292
1736;35;2010;10515.0;3016.0;4689.0;1892.0;916.0;136;80;56;2683;1453;1230;2106;1218;888;577;235;342
1737;35;2011;10396.0;3000.0;4640.0;1850.0;901.0;134;78;56;2741;1484;1257;2106;1219;887;635;265;370
1738;35;2012;10339.0;2994.0;4623.0;1822.0;900.0;131;76;55;2772;1499;1273;2120;1220;900;652;279;373
1739;35;2013;10467.0;3048.0;4683.0;1826.0;914.0;132;76;56;2787;1507;1280;2158;1240;918;629;267;362
1740;35;2014;10453.0;3051.0;4677.0;1806.0;914.0;130;75;55;2796;1512;1284;2170;1239;931;626;273;353
1741;35;2015;10736.0;3134.0;4815.0;1841.0;943.0;132;76;56;2804;1516;1288;2217;1265;952;587;251;336
1742;35;2016;10660.0;3123.0;4786.0;1813.0;939.0;131;75;56;2810;1518;1292;2237;1274;963;573;244;329
1743;35;2017;10381.0;3050.0;4666.0;1752.0;916.0;127;73;54;2816;1522;1294;2256;1288;968;560;234;326
1744;35;2018;10328.0;3040.0;4643.0;1729.0;914.0;125;72;53;2821;1524;1297;2264;1292;972;557;232;325
1745;35;2019;10530.0;3107.0;4739.0;1750.0;934.0;127;73;54;2824;1525;1299;2301;1311;990;523;214;309
1746;35;2020;10739.0;3175.0;4838.0;1773.0;954.0;128;73;55;2825;1526;1299;2315;1315;1000;510;211;299
1747;35;2021;11031.0;3268.0;4974.0;1810.0;983.0;130;74;56;2825;1526;1299;2336;1325;1011;489;201;288
1748;35;2022;11062.0;3280.0;4988.0;1802.0;987.0;131;75;56;2825;1526;1299;2345;1330;1015;480;196;284
1749;35;2023;11079.0;3291.0;5001.0;1794.0;991.0;129;74;55;2826;1527;1299;2349;1328;1021;477;199;278
1750;35;2024;11214.0;3335.0;5067.0;1807.0;1005.0;130;74;56;2826;1527;1299;2360;1330;1030;466;197;269
1751;35;2025;11541.0;3438.0;5220.0;1850.0;1035.0;133;76;57;2827;1528;1299;2390;1348;1042;437;180;257
1752;35;2026;11577.0;3454.0;5241.0;1846.0;1041.0;132;75;57;2827;1528;1299;2387;1342;1045;440;186;254
1753;35;2027;11463.0;3420.0;5190.0;1818.0;1032.0;130;74;56;2827;1528;1299;2379;1338;1041;448;190;258
1754;35;2028;11422.0;3412.0;5176.0;1803.0;1029.0;128;73;55;2828;1529;1299;2370;1330;1040;458;199;259
1755;35;2029;11453.0;3425.0;5196.0;1800.0;1034.0;128;73;55;2828;1529;1299;2371;1330;1041;457;199;258
1756;35;2030;11253.0;3366.0;5105.0;1760.0;1017.0;125;71;54;2828;1529;1299;2353;1318;1035;475;211;264
1757;35;2031;11184.0;3349.0;5078.0;1742.0;1012.0;124;71;53;2829;1530;1299;2355;1321;1034;474;209;265
1758;35;2032;11352.0;3402.0;5160.0;1762.0;1028.0;124;70;54;2829;1530;1299;2361;1320;1041;468;210;258
1759;35;2033;11615.0;3484.0;5285.0;1797.0;1054.0;126;72;54;2829;1530;1299;2384;1335;1049;445;195;250
1760;35;2034;11686.0;3506.0;5317.0;1801.0;1060.0;126;72;54;2831;1532;1299;2393;1339;1054;438;193;245
1761;35;2035;11929.0;3581.0;5433.0;1833.0;1083.0;128;73;55;2831;1532;1299;2411;1348;1063;420;184;236
1762;35;2036;11745.0;3526.0;5349.0;1797.0;1068.0;126;72;54;2831;1532;1299;2392;1339;1053;439;193;246
1763;35;2037;11646.0;3500.0;5309.0;1777.0;1060.0;124;71;53;2832;1533;1299;2385;1334;1051;447;199;248
1764;35;2038;11581.0;3482.0;5285.0;1763.0;1055.0;123;70;53;2832;1533;1299;2381;1332;1049;451;201;250
1765;35;2039;11440.0;3440.0;5220.0;1736.0;1042.0;121;69;52;2832;1533;1299;2371;1325;1046;461;208;253
1766;35;2040;11285.0;3396.0;5155.0;1708.0;1029.0;118;67;51;2833;1534;1299;2362;1319;1043;471;215;256
1767;35;2041;11147.0;3354.0;5092.0;1682.0;1018.0;116;66;50;2833;1534;1299;2351;1312;1039;482;222;260
1768;35;2042;11010.0;3315.0;5035.0;1659.0;1006.0;114;65;49;2833;1534;1299;2343;1307;1036;490;227;263
1769;35;2043;10911.0;3285.0;4989.0;1638.0;997.0;112;64;48;2834;1535;1299;2337;1303;1034;497;232;265
1770;35;2044;10820.0;3260.0;4953.0;1622.0;990.0;110;63;47;2834;1535;1299;2332;1300;1032;502;235;267
1771;35;2045;10770.0;3245.0;4930.0;1611.0;985.0;109;62;47;2834;1535;1299;2329;1298;1031;505;237;268
1772;35;2046;10745.0;3236.0;4918.0;1603.0;983.0;108;62;46;2835;1536;1299;2328;1297;1031;507;239;268
1773;35;2047;10730.0;3234.0;4916.0;1599.0;983.0;108;62;46;2835;1536;1299;2328;1297;1031;507;239;268
1774;35;2048;10746.0;3239.0;4924.0;1597.0;984.0;107;61;46;2835;1536;1299;2331;1299;1032;504;237;267
1775;35;2049;10763.0;3246.0;4936.0;1598.0;987.0;107;61;46;2836;1537;1299;2335;1302;1033;501;235;266
1776;36;2002;9363.0;2575.0;3912.0;1960.0;914.0;198;125;73;2468;1372;1096;2293;1409;884;175;-37;212
1777;36;2003;9627.0;2589.0;3988.0;1970.0;1076.0;194;121;73;2256;1256;1000;2305;1387;918;-49;-131;82
1778;36;2004;9791.0;2674.0;4053.0;1977.0;1083.0;194;120;74;2165;1201;964;2315;1391;924;-150;-190;40
1779;36;2005;10257.0;2821.0;4250.0;2047.0;1142.0;200;123;77;2130;1174;956;2324;1391;933;-194;-217;23
1780;36;2006;10085.0;2794.0;4175.0;1991.0;1125.0;194;118;76;2154;1181;973;2304;1367;937;-150;-186;36
1781;36;2007;9719.0;2714.0;4020.0;1896.0;1087.0;183;111;72;2219;1214;1005;2197;1291;906;22;-77;99
1782;36;2008;9360.0;2641.0;3871.0;1810.0;1040.0;173;103;70;2307;1260;1047;2154;1258;896;153;2;151
1783;36;2009;8678.0;2459.0;3586.0;1664.0;966.0;158;94;64;2394;1306;1088;2063;1201;862;331;105;226
1784;36;2010;8392.0;2397.0;3469.0;1591.0;938.0;152;90;62;2470;1346;1124;2043;1185;858;427;161;266
1785;36;2011;8095.0;2320.0;3338.0;1523.0;915.0;144;85;59;2521;1373;1148;2020;1172;848;501;201;300
1786;36;2012;8025.0;2309.0;3312.0;1499.0;902.0;142;84;58;2548;1386;1162;2023;1173;850;525;213;312
1787;36;2013;7999.0;2305.0;3307.0;1487.0;901.0;139;81;58;2565;1394;1171;2037;1175;862;528;219;309
1788;36;2014;8118.0;2347.0;3354.0;1500.0;915.0;139;81;58;2571;1397;1174;2070;1192;878;501;205;296
1789;36;2015;8117.0;2349.0;3356.0;1493.0;914.0;138;80;58;2578;1400;1178;2081;1192;889;497;208;289
1790;36;2016;8351.0;2413.0;3459.0;1531.0;944.0;141;82;59;2584;1403;1181;2124;1216;908;460;187;273
1791;36;2017;8310.0;2404.0;3445.0;1517.0;940.0;138;80;58;2590;1406;1184;2140;1223;917;450;183;267
1792;36;2018;8101.0;2348.0;3361.0;1476.0;918.0;134;78;56;2593;1408;1185;2158;1235;923;435;173;262
1793;36;2019;8070.0;2341.0;3347.0;1464.0;915.0;133;77;56;2597;1410;1187;2165;1238;927;432;172;260
1794;36;2020;8234.0;2392.0;3417.0;1491.0;936.0;134;78;56;2598;1411;1187;2199;1257;942;399;154;245
1795;36;2021;8415.0;2445.0;3491.0;1519.0;956.0;135;78;57;2598;1411;1187;2212;1260;952;386;151;235
1796;36;2022;8651.0;2517.0;3591.0;1558.0;984.0;137;79;58;2598;1411;1187;2230;1269;961;368;142;226
1797;36;2023;8675.0;2526.0;3604.0;1560.0;989.0;138;80;58;2599;1412;1187;2240;1274;966;359;138;221
1798;36;2024;8708.0;2534.0;3614.0;1562.0;993.0;137;79;58;2599;1412;1187;2244;1273;971;355;139;216
1799;36;2025;8821.0;2569.0;3663.0;1580.0;1007.0;137;79;58;2599;1412;1187;2253;1274;979;346;138;208
1800;36;2026;9086.0;2647.0;3774.0;1625.0;1038.0;141;81;60;2600;1413;1187;2283;1292;991;317;121;196
1801;36;2027;9124.0;2660.0;3792.0;1629.0;1043.0;139;80;59;2600;1413;1187;2280;1287;993;320;126;194
1802;36;2028;9034.0;2634.0;3756.0;1611.0;1034.0;137;79;58;2600;1413;1187;2273;1282;991;327;131;196
1803;36;2029;9011.0;2628.0;3747.0;1606.0;1032.0;136;78;58;2600;1413;1187;2264;1275;989;336;138;198
1804;36;2030;9044.0;2639.0;3762.0;1611.0;1037.0;135;78;57;2601;1414;1187;2267;1276;991;334;138;196
1805;36;2031;8898.0;2593.0;3699.0;1580.0;1020.0;132;76;56;2601;1414;1187;2249;1264;985;352;150;202
1806;36;2032;8852.0;2581.0;3681.0;1571.0;1014.0;131;76;55;2601;1414;1187;2253;1268;985;348;146;202
1807;36;2033;8994.0;2622.0;3741.0;1595.0;1032.0;131;75;56;2602;1415;1187;2258;1267;991;344;148;196
1808;36;2034;9210.0;2685.0;3831.0;1632.0;1057.0;134;77;57;2602;1415;1187;2279;1281;998;323;134;189
1809;36;2035;9266.0;2702.0;3856.0;1641.0;1064.0;134;77;57;2602;1415;1187;2288;1285;1003;314;130;184
1810;36;2036;9467.0;2760.0;3940.0;1675.0;1087.0;136;78;58;2603;1416;1187;2306;1294;1012;297;122;175
1811;36;2037;9322.0;2718.0;3881.0;1650.0;1072.0;133;77;56;2603;1416;1187;2289;1286;1003;314;130;184
1812;36;2038;9253.0;2698.0;3854.0;1636.0;1064.0;131;76;55;2603;1416;1187;2282;1281;1001;321;135;186
1813;36;2039;9211.0;2686.0;3837.0;1628.0;1060.0;130;75;55;2604;1417;1187;2279;1279;1000;325;138;187
1814;36;2040;9099.0;2653.0;3791.0;1608.0;1047.0;127;73;54;2604;1417;1187;2269;1273;996;335;144;191
1815;36;2041;8985.0;2620.0;3744.0;1587.0;1034.0;125;72;53;2605;1418;1187;2262;1268;994;343;150;193
1816;36;2042;8876.0;2588.0;3700.0;1568.0;1022.0;123;71;52;2605;1418;1187;2253;1262;991;352;156;196
1817;36;2043;8776.0;2559.0;3658.0;1549.0;1011.0;121;70;51;2606;1419;1187;2245;1257;988;361;162;199
1818;36;2044;8698.0;2536.0;3627.0;1535.0;1002.0;118;68;50;2606;1419;1187;2240;1254;986;366;165;201
1819;36;2045;8634.0;2518.0;3601.0;1523.0;995.0;117;68;49;2606;1419;1187;2235;1251;984;371;168;203
1820;36;2046;8595.0;2505.0;3586.0;1516.0;990.0;116;67;49;2607;1420;1187;2233;1249;984;374;171;203
1821;36;2047;8574.0;2499.0;3577.0;1512.0;988.0;114;66;48;2607;1420;1187;2231;1248;983;376;172;204
1822;36;2048;8571.0;2498.0;3577.0;1510.0;989.0;114;66;48;2607;1420;1187;2234;1250;984;373;170;203
1823;36;2049;8584.0;2502.0;3583.0;1513.0;990.0;114;66;48;2608;1421;1187;2236;1251;985;372;170;202
1824;37;2002;7562.0;1964.0;3115.0;1645.0;842.0;219;139;80;2254;1258;996;2233;1371;862;21;-113;134
1825;37;2003;7653.0;1899.0;3121.0;1649.0;979.0;212;133;79;2064;1153;911;2161;1330;831;-97;-177;80
1826;37;2004;7703.0;1954.0;3123.0;1643.0;982.0;209;130;79;1981;1102;879;2163;1306;857;-182;-204;22
1827;37;2005;7845.0;2020.0;3176.0;1661.0;989.0;208;128;80;1953;1080;873;2170;1308;862;-217;-228;11
1828;37;2006;8229.0;2133.0;3323.0;1733.0;1044.0;215;132;83;1973;1086;887;2181;1310;871;-208;-224;16
1829;37;2007;8102.0;2113.0;3261.0;1697.0;1028.0;207;126;81;2033;1116;917;2166;1290;876;-133;-174;41
1830;37;2008;7809.0;2055.0;3136.0;1628.0;995.0;197;119;78;2111;1157;954;2076;1224;852;35;-67;102
1831;37;2009;7531.0;2002.0;3015.0;1563.0;951.0;186;111;75;2190;1199;991;2041;1197;844;149;2;147
1832;37;2010;7003.0;1879.0;2792.0;1444.0;885.0;170;101;69;2260;1236;1024;1962;1147;815;298;89;209
1833;37;2011;6760.0;1809.0;2694.0;1392.0;860.0;162;96;66;2308;1261;1047;1948;1134;814;360;127;233
1834;37;2012;6519.0;1753.0;2590.0;1338.0;839.0;154;91;63;2336;1275;1061;1929;1123;806;407;152;255
1835;37;2013;6467.0;1745.0;2566.0;1324.0;828.0;152;90;62;2347;1281;1066;1931;1124;807;416;157;259
1836;37;2014;6448.0;1743.0;2558.0;1318.0;826.0;150;88;62;2355;1285;1070;1944;1125;819;411;160;251
1837;37;2015;6537.0;1775.0;2591.0;1334.0;839.0;150;88;62;2362;1288;1074;1972;1140;832;390;148;242
1838;37;2016;6537.0;1778.0;2589.0;1332.0;840.0;148;86;62;2368;1291;1077;1983;1140;843;385;151;234
1839;37;2017;6724.0;1827.0;2663.0;1370.0;866.0;151;88;63;2373;1294;1079;2020;1160;860;353;134;219
1840;37;2018;6693.0;1821.0;2650.0;1363.0;863.0;148;86;62;2376;1295;1081;2036;1168;868;340;127;213
1841;37;2019;6535.0;1780.0;2581.0;1329.0;843.0;144;84;60;2380;1298;1082;2050;1177;873;330;121;209
1842;37;2020;6502.0;1775.0;2567.0;1322.0;840.0;142;82;60;2382;1299;1083;2057;1181;876;325;118;207
1843;37;2021;6643.0;1814.0;2617.0;1348.0;859.0;144;84;60;2382;1299;1083;2089;1198;891;293;101;192
1844;37;2022;6780.0;1855.0;2668.0;1376.0;878.0;145;84;61;2382;1299;1083;2101;1201;900;281;98;183
1845;37;2023;6969.0;1909.0;2742.0;1415.0;904.0;147;85;62;2382;1299;1083;2118;1210;908;264;89;175
1846;37;2024;6988.0;1918.0;2747.0;1418.0;908.0;148;86;62;2383;1300;1083;2126;1214;912;257;86;171
1847;37;2025;7005.0;1925.0;2751.0;1422.0;911.0;147;85;62;2383;1300;1083;2131;1213;918;252;87;165
1848;37;2026;7096.0;1952.0;2784.0;1440.0;924.0;147;85;62;2383;1300;1083;2141;1216;925;242;84;158
1849;37;2027;7320.0;2013.0;2865.0;1483.0;953.0;150;87;63;2383;1300;1083;2167;1231;936;216;69;147
1850;37;2028;7338.0;2022.0;2873.0;1489.0;958.0;150;87;63;2384;1301;1083;2165;1227;938;219;74;145
1851;37;2029;7277.0;2004.0;2843.0;1475.0;950.0;147;85;62;2384;1301;1083;2159;1223;936;225;78;147
1852;37;2030;7259.0;2001.0;2832.0;1472.0;949.0;146;84;62;2384;1301;1083;2151;1216;935;233;85;148
1853;37;2031;7286.0;2010.0;2840.0;1478.0;953.0;145;84;61;2384;1301;1083;2154;1218;936;230;83;147
1854;37;2032;7148.0;1976.0;2788.0;1452.0;937.0;142;82;60;2385;1302;1083;2138;1207;931;247;95;152
1855;37;2033;7112.0;1967.0;2770.0;1445.0;933.0;141;82;59;2385;1302;1083;2142;1211;931;243;91;152
1856;37;2034;7225.0;2000.0;2812.0;1468.0;949.0;141;81;60;2385;1302;1083;2146;1210;936;239;92;147
1857;37;2035;7398.0;2049.0;2876.0;1503.0;972.0;144;83;61;2386;1303;1083;2167;1223;944;219;80;139
1858;37;2036;7442.0;2062.0;2890.0;1512.0;979.0;144;83;61;2386;1303;1083;2176;1228;948;210;75;135
1859;37;2037;7603.0;2108.0;2950.0;1545.0;1001.0;145;84;61;2386;1303;1083;2192;1236;956;194;67;127
1860;37;2038;7488.0;2076.0;2901.0;1521.0;986.0;143;83;60;2386;1303;1083;2178;1229;949;208;74;134
1861;37;2039;7433.0;2062.0;2876.0;1510.0;980.0;140;81;59;2387;1304;1083;2171;1225;946;216;79;137
1862;37;2040;7387.0;2054.0;2860.0;1503.0;975.0;140;81;59;2387;1304;1083;2168;1223;945;219;81;138
1863;37;2041;7298.0;2030.0;2822.0;1485.0;963.0;137;79;58;2387;1304;1083;2161;1218;943;226;86;140
1864;37;2042;7207.0;2005.0;2783.0;1466.0;953.0;134;78;56;2388;1305;1083;2152;1212;940;236;93;143
1865;37;2043;7119.0;1982.0;2747.0;1448.0;941.0;131;76;55;2389;1306;1083;2145;1208;937;244;98;146
1866;37;2044;7040.0;1961.0;2713.0;1432.0;932.0;129;75;54;2389;1306;1083;2138;1203;935;251;103;148
1867;37;2045;6977.0;1943.0;2686.0;1420.0;923.0;128;74;54;2389;1306;1083;2133;1200;933;256;106;150
1868;37;2046;6916.0;1930.0;2663.0;1409.0;917.0;126;73;53;2390;1307;1083;2128;1197;931;262;110;152
1869;37;2047;6884.0;1922.0;2647.0;1403.0;912.0;124;72;52;2390;1307;1083;2128;1197;931;262;110;152
1870;37;2048;6867.0;1918.0;2638.0;1399.0;911.0;123;71;52;2390;1307;1083;2127;1196;931;263;111;152
1871;37;2049;6865.0;1918.0;2634.0;1399.0;911.0;123;71;52;2390;1307;1083;2128;1197;931;262;110;152
1872;38;2002;5671.0;1435.0;2214.0;1248.0;769.0;244;154;90;2052;1148;904;2121;1303;818;-69;-155;86
1873;38;2003;5922.0;1461.0;2295.0;1279.0;889.0;237;149;88;1881;1053;828;2094;1289;805;-213;-236;23
1874;38;2004;5873.0;1445.0;2261.0;1287.0;883.0;230;143;87;1806;1008;798;2021;1247;774;-215;-239;24
1875;38;2005;5942.0;1488.0;2267.0;1307.0;886.0;225;139;86;1784;991;793;2019;1222;797;-235;-231;-4
1876;38;2006;6080.0;1538.0;2304.0;1343.0;890.0;225;138;87;1799;993;806;2027;1225;802;-228;-232;4
1877;38;2007;6389.0;1625.0;2412.0;1419.0;940.0;232;141;91;1856;1022;834;2043;1230;813;-187;-208;21
1878;38;2008;6304.0;1610.0;2367.0;1405.0;927.0;224;135;89;1928;1060;868;2035;1216;819;-107;-156;49
1879;38;2009;6100.0;1567.0;2277.0;1361.0;895.0;213;128;85;2000;1099;901;1957;1159;798;43;-60;103
1880;38;2010;5905.0;1537.0;2192.0;1316.0;856.0;201;119;82;2061;1131;930;1929;1136;793;132;-5;137
1881;38;2011;5479.0;1426.0;2027.0;1228.0;798.0;184;109;75;2108;1156;952;1862;1093;769;246;63;183
1882;38;2012;5292.0;1373.0;1956.0;1190.0;776.0;176;104;72;2131;1168;963;1850;1081;769;281;87;194
1883;38;2013;5119.0;1332.0;1882.0;1150.0;759.0;168;99;69;2144;1176;968;1832;1070;762;312;106;206
1884;38;2014;5084.0;1325.0;1865.0;1143.0;747.0;165;97;68;2151;1179;972;1833;1071;762;318;108;210
1885;38;2015;5071.0;1324.0;1859.0;1143.0;747.0;163;95;68;2155;1181;974;1844;1071;773;311;110;201
1886;38;2016;5152.0;1348.0;1883.0;1160.0;758.0;163;95;68;2161;1184;977;1871;1085;786;290;99;191
1887;38;2017;5154.0;1350.0;1882.0;1162.0;759.0;160;93;67;2167;1187;980;1878;1084;794;289;103;186
1888;38;2018;5301.0;1388.0;1937.0;1197.0;782.0;164;95;69;2170;1188;982;1913;1103;810;257;85;172
1889;38;2019;5278.0;1383.0;1927.0;1193.0;780.0;161;93;68;2172;1189;983;1927;1109;818;245;80;165
1890;38;2020;5156.0;1352.0;1878.0;1165.0;761.0;156;90;66;2173;1189;984;1940;1118;822;233;71;162
1891;38;2021;5140.0;1349.0;1867.0;1161.0;759.0;154;89;65;2174;1190;984;1944;1120;824;230;70;160
1892;38;2022;5243.0;1378.0;1903.0;1185.0;775.0;157;91;66;2174;1190;984;1975;1137;838;199;53;146
1893;38;2023;5350.0;1409.0;1942.0;1210.0;792.0;158;91;67;2174;1190;984;1986;1140;846;188;50;138
1894;38;2024;5510.0;1451.0;1994.0;1246.0;817.0;160;92;68;2174;1190;984;2002;1148;854;172;42;130
1895;38;2025;5525.0;1457.0;1998.0;1251.0;820.0;161;93;68;2174;1190;984;2011;1153;858;163;37;126
1896;38;2026;5538.0;1463.0;2002.0;1254.0;823.0;159;92;67;2175;1191;984;2013;1151;862;162;40;122
1897;38;2027;5620.0;1484.0;2027.0;1271.0;835.0;160;92;68;2175;1191;984;2024;1154;870;151;37;114
1898;38;2028;5788.0;1529.0;2085.0;1310.0;861.0;164;95;69;2175;1191;984;2049;1170;879;126;21;105
1899;38;2029;5811.0;1537.0;2092.0;1315.0;865.0;163;94;69;2176;1192;984;2046;1165;881;130;27;103
1900;38;2030;5754.0;1523.0;2070.0;1304.0;858.0;160;92;68;2176;1192;984;2043;1163;880;133;29;104
1901;38;2031;5740.0;1521.0;2063.0;1300.0;857.0;158;91;67;2176;1192;984;2035;1156;879;141;36;105
1902;38;2032;5761.0;1528.0;2069.0;1305.0;860.0;158;91;67;2176;1192;984;2038;1158;880;138;34;104
1903;38;2033;5662.0;1502.0;2031.0;1284.0;846.0;154;89;65;2176;1192;984;2024;1148;876;152;44;108
1904;38;2034;5633.0;1496.0;2019.0;1277.0;843.0;152;88;64;2177;1193;984;2027;1151;876;150;42;108
1905;38;2035;5722.0;1521.0;2050.0;1297.0;857.0;153;88;65;2177;1193;984;2032;1151;881;145;42;103
1906;38;2036;5858.0;1558.0;2096.0;1328.0;878.0;156;90;66;2177;1193;984;2052;1164;888;125;29;96
1907;38;2037;5894.0;1568.0;2108.0;1337.0;883.0;156;90;66;2177;1193;984;2059;1167;892;118;26;92
1908;38;2038;6020.0;1603.0;2151.0;1366.0;904.0;158;91;67;2178;1194;984;2076;1176;900;102;18;84
1909;38;2039;5929.0;1579.0;2116.0;1346.0;890.0;156;90;66;2179;1195;984;2062;1169;893;117;26;91
1910;38;2040;5886.0;1569.0;2098.0;1336.0;885.0;153;88;65;2179;1195;984;2057;1166;891;122;29;93
1911;38;2041;5859.0;1563.0;2087.0;1330.0;881.0;151;87;64;2179;1195;984;2054;1164;890;125;31;94
1912;38;2042;5788.0;1545.0;2060.0;1314.0;871.0;149;86;63;2179;1195;984;2046;1159;887;133;36;97
1913;38;2043;5716.0;1526.0;2032.0;1297.0;860.0;145;84;61;2180;1196;984;2040;1155;885;140;41;99
1914;38;2044;5647.0;1509.0;2006.0;1282.0;850.0;143;83;60;2180;1196;984;2034;1151;883;146;45;101
1915;38;2045;5585.0;1492.0;1982.0;1267.0;842.0;140;81;59;2180;1196;984;2028;1147;881;152;49;103
1916;38;2046;5535.0;1480.0;1962.0;1256.0;834.0;138;80;58;2181;1197;984;2023;1144;879;158;53;105
1917;38;2047;5495.0;1470.0;1945.0;1247.0;828.0;137;79;58;2181;1197;984;2020;1142;878;161;55;106
1918;38;2048;5470.0;1463.0;1935.0;1241.0;825.0;135;78;57;2181;1197;984;2018;1141;877;163;56;107
1919;38;2049;5457.0;1461.0;1929.0;1238.0;823.0;135;78;57;2181;1197;984;2018;1141;877;163;56;107
1920;39;2002;4033.0;1010.0;1427.0;974.0;619.0;266;167;99;1864;1044;820;1935;1194;741;-71;-150;79
1921;39;2003;4421.0;1064.0;1571.0;1048.0;741.0;266;166;100;1708;958;750;1982;1219;763;-274;-261;-13
1922;39;2004;4500.0;1108.0;1603.0;1063.0;732.0;258;160;98;1642;918;724;1951;1202;749;-309;-284;-25
1923;39;2005;4475.0;1095.0;1584.0;1074.0;725.0;251;154;97;1623;902;721;1883;1163;720;-260;-261;1
1924;39;2006;4539.0;1128.0;1587.0;1093.0;729.0;246;150;96;1638;907;731;1881;1142;739;-243;-235;-8
1925;39;2007;4637.0;1166.0;1614.0;1124.0;733.0;246;149;97;1690;933;757;1893;1147;746;-203;-214;11
1926;39;2008;4886.0;1231.0;1690.0;1189.0;775.0;254;153;101;1755;968;787;1914;1156;758;-159;-188;29
1927;39;2009;4821.0;1220.0;1661.0;1178.0;762.0;245;146;99;1823;1005;818;1910;1144;766;-87;-139;52
1928;39;2010;4667.0;1195.0;1600.0;1140.0;737.0;233;138;95;1881;1037;844;1845;1096;749;36;-59;95
1929;39;2011;4506.0;1157.0;1539.0;1103.0;707.0;220;129;91;1922;1058;864;1823;1077;746;99;-19;118
1930;39;2012;4185.0;1072.0;1426.0;1028.0;659.0;202;118;84;1944;1070;874;1760;1036;724;184;34;150
1931;39;2013;4046.0;1032.0;1377.0;998.0;641.0;194;113;81;1954;1075;879;1751;1027;724;203;48;155
1932;39;2014;3911.0;1001.0;1325.0;964.0;626.0;184;107;77;1960;1077;883;1733;1015;718;227;62;165
1933;39;2015;3889.0;996.0;1316.0;957.0;618.0;182;106;76;1965;1079;886;1733;1015;718;232;64;168
1934;39;2016;3881.0;995.0;1311.0;956.0;617.0;178;103;75;1971;1083;888;1743;1016;727;228;67;161
1935;39;2017;3938.0;1012.0;1329.0;969.0;626.0;178;103;75;1975;1085;890;1766;1027;739;209;58;151
1936;39;2018;3942.0;1013.0;1329.0;970.0;626.0;176;101;75;1978;1086;892;1774;1027;747;204;59;145
1937;39;2019;4053.0;1041.0;1369.0;999.0;646.0;179;103;76;1980;1087;893;1805;1044;761;175;43;132
1938;39;2020;4038.0;1036.0;1362.0;994.0;644.0;176;101;75;1981;1088;893;1817;1050;767;164;38;126
1939;39;2021;3937.0;1012.0;1329.0;970.0;629.0;171;98;73;1981;1088;893;1829;1057;772;152;31;121
1940;39;2022;3927.0;1009.0;1322.0;966.0;627.0;169;97;72;1981;1088;893;1834;1060;774;147;28;119
1941;39;2023;4005.0;1031.0;1349.0;987.0;640.0;172;99;73;1981;1088;893;1861;1075;786;120;13;107
1942;39;2024;4097.0;1054.0;1377.0;1008.0;654.0;173;99;74;1982;1089;893;1872;1078;794;110;11;99
1943;39;2025;4210.0;1085.0;1415.0;1037.0;675.0;175;100;75;1983;1090;893;1888;1087;801;95;3;92
1944;39;2026;4222.0;1089.0;1420.0;1040.0;678.0;176;101;75;1983;1090;893;1895;1091;804;88;-1;89
1945;39;2027;4243.0;1093.0;1423.0;1042.0;680.0;175;100;75;1983;1090;893;1899;1090;809;84;0;84
1946;39;2028;4297.0;1108.0;1442.0;1056.0;689.0;175;100;75;1983;1090;893;1908;1092;816;75;-2;77
1947;39;2029;4424.0;1140.0;1484.0;1088.0;711.0;180;103;77;1983;1090;893;1932;1107;825;51;-17;68
1948;39;2030;4442.0;1146.0;1490.0;1092.0;715.0;178;102;76;1984;1091;893;1930;1102;828;54;-11;65
1949;39;2031;4399.0;1135.0;1476.0;1083.0;709.0;176;101;75;1984;1091;893;1927;1101;826;57;-10;67
1950;39;2032;4399.0;1133.0;1472.0;1080.0;708.0;173;99;74;1984;1091;893;1918;1094;824;66;-3;69
1951;39;2033;4404.0;1138.0;1476.0;1084.0;711.0;173;99;74;1984;1091;893;1923;1097;826;61;-6;67
1952;39;2034;4340.0;1119.0;1451.0;1065.0;700.0;169;97;72;1984;1091;893;1909;1087;822;75;4;71
1953;39;2035;4317.0;1113.0;1444.0;1060.0;697.0;167;96;71;1985;1092;893;1913;1091;822;72;1;71
1954;39;2036;4386.0;1131.0;1466.0;1077.0;708.0;168;96;72;1985;1092;893;1919;1091;828;66;1;65
1955;39;2037;4490.0;1158.0;1501.0;1102.0;726.0;171;98;73;1985;1092;893;1937;1103;834;48;-11;59
1956;39;2038;4517.0;1166.0;1510.0;1109.0;731.0;171;98;73;1985;1092;893;1945;1107;838;40;-15;55
1957;39;2039;4614.0;1191.0;1541.0;1133.0;747.0;173;99;74;1985;1092;893;1961;1116;845;24;-24;48
1958;39;2040;4544.0;1173.0;1518.0;1115.0;736.0;170;97;73;1986;1093;893;1948;1109;839;38;-16;54
1959;39;2041;4511.0;1164.0;1507.0;1107.0;732.0;168;96;72;1986;1093;893;1943;1106;837;43;-13;56
1960;39;2042;4490.0;1159.0;1500.0;1102.0;729.0;166;95;71;1986;1093;893;1941;1105;836;45;-12;57
1961;39;2043;4436.0;1145.0;1481.0;1089.0;721.0;162;93;69;1986;1093;893;1935;1101;834;51;-8;59
1962;39;2044;4381.0;1131.0;1463.0;1075.0;712.0;160;92;68;1986;1093;893;1927;1096;831;59;-3;62
1963;39;2045;4329.0;1117.0;1445.0;1063.0;704.0;157;90;67;1987;1094;893;1922;1093;829;65;1;64
1964;39;2046;4280.0;1106.0;1428.0;1051.0;697.0;154;88;66;1987;1094;893;1918;1090;828;69;4;65
1965;39;2047;4243.0;1096.0;1415.0;1041.0;691.0;152;87;65;1987;1094;893;1913;1087;826;74;7;67
1966;39;2048;4212.0;1088.0;1405.0;1034.0;686.0;150;86;64;1988;1095;893;1910;1085;825;78;10;68
1967;39;2049;4193.0;1083.0;1399.0;1029.0;684.0;148;85;63;1988;1095;893;1909;1084;825;79;11;68
1968;40;2002;2598.0;645.0;886.0;560.0;510.0;290;180;110;1695;951;744;1777;1096;681;-82;-145;63
1969;40;2003;2814.0;665.0;924.0;612.0;613.0;292;180;112;1551;873;678;1807;1116;691;-256;-243;-13
1970;40;2004;2918.0;700.0;950.0;635.0;626.0;292;179;113;1493;836;657;1846;1135;711;-353;-299;-54
1971;40;2005;2897.0;701.0;942.0;639.0;618.0;284;173;111;1476;823;653;1816;1119;697;-340;-296;-44
1972;40;2006;2875.0;696.0;934.0;632.0;614.0;276;167;109;1491;827;664;1756;1084;672;-265;-257;-8
1973;40;2007;2922.0;715.0;940.0;652.0;618.0;272;163;109;1535;851;684;1753;1064;689;-218;-213;-5
1974;40;2008;2991.0;738.0;961.0;670.0;620.0;271;161;110;1598;885;713;1770;1073;697;-172;-188;16
1975;40;2009;3158.0;779.0;1011.0;712.0;657.0;280;166;114;1661;919;742;1796;1086;710;-135;-167;32
1976;40;2010;3130.0;779.0;997.0;703.0;648.0;271;159;112;1711;946;765;1795;1077;718;-84;-131;47
1977;40;2011;3018.0;753.0;962.0;679.0;629.0;257;150;107;1752;968;784;1739;1035;704;13;-67;80
1978;40;2012;2899.0;731.0;929.0;635.0;602.0;243;141;102;1771;978;793;1721;1018;703;50;-40;90
1979;40;2013;2720.0;678.0;863.0;619.0;562.0;223;129;94;1781;983;798;1664;981;683;117;2;115
1980;40;2014;2623.0;655.0;836.0;580.0;547.0;213;123;90;1787;986;801;1654;971;683;133;15;118
1981;40;2015;2564.0;635.0;808.0;588.0;537.0;204;117;87;1794;990;804;1636;960;676;158;30;128
1982;40;2016;2557.0;633.0;805.0;594.0;529.0;200;115;85;1798;992;806;1637;960;677;161;32;129
1983;40;2017;2565.0;632.0;805.0;603.0;527.0;196;112;84;1801;994;807;1647;961;686;154;33;121
1984;40;2018;2616.0;644.0;819.0;617.0;536.0;197;112;85;1804;995;809;1667;971;696;137;24;113
1985;40;2019;2622.0;645.0;822.0;622.0;536.0;195;111;84;1807;997;810;1672;970;702;135;27;108
1986;40;2020;2706.0;663.0;848.0;646.0;553.0;199;113;86;1807;997;810;1702;986;716;105;11;94
1987;40;2021;2710.0;662.0;848.0;650.0;552.0;195;110;85;1809;999;810;1713;991;722;96;8;88
1988;40;2022;2652.0;648.0;829.0;638.0;538.0;189;107;82;1809;999;810;1722;997;725;87;2;85
1989;40;2023;2649.0;646.0;828.0;640.0;537.0;187;106;81;1809;999;810;1728;1000;728;81;-1;82
1990;40;2024;2712.0;661.0;847.0;658.0;549.0;189;107;82;1809;999;810;1753;1014;739;56;-15;71
1991;40;2025;2778.0;676.0;866.0;676.0;560.0;191;108;83;1809;999;810;1762;1017;745;47;-18;65
1992;40;2026;2865.0;697.0;893.0;700.0;576.0;194;110;84;1810;1000;810;1777;1024;753;33;-24;57
1993;40;2027;2884.0;701.0;898.0;706.0;579.0;194;110;84;1810;1000;810;1785;1029;756;25;-29;54
1994;40;2028;2901.0;703.0;903.0;711.0;581.0;193;109;84;1810;1000;810;1788;1028;760;22;-28;50
1995;40;2029;2949.0;713.0;917.0;725.0;590.0;193;109;84;1810;1000;810;1797;1031;766;13;-31;44
1996;40;2030;3037.0;737.0;947.0;749.0;607.0;198;112;86;1810;1000;810;1819;1044;775;-9;-44;35
1997;40;2031;3060.0;741.0;954.0;757.0;611.0;197;111;86;1810;1000;810;1818;1041;777;-8;-41;33
1998;40;2032;3042.0;735.0;947.0;753.0;605.0;194;110;84;1810;1000;810;1814;1039;775;-4;-39;35
1999;40;2033;3046.0;734.0;947.0;755.0;605.0;191;108;83;1811;1001;810;1809;1034;775;2;-33;35
2000;40;2034;3057.0;738.0;952.0;760.0;607.0;191;108;83;1811;1001;810;1813;1036;777;-2;-35;33
2001;40;2035;3016.0;726.0;938.0;750.0;598.0;187;106;81;1811;1001;810;1801;1028;773;10;-27;37
2002;40;2036;3000.0;724.0;936.0;748.0;595.0;185;105;80;1811;1001;810;1804;1031;773;7;-30;37
2003;40;2037;3059.0;736.0;954.0;762.0;605.0;186;105;81;1811;1001;810;1810;1032;778;1;-31;32
2004;40;2038;3143.0;755.0;979.0;784.0;619.0;189;107;82;1812;1002;810;1827;1043;784;-15;-41;26
2005;40;2039;3162.0;761.0;987.0;791.0;623.0;189;107;82;1812;1002;810;1835;1047;788;-23;-45;22
2006;40;2040;3241.0;778.0;1011.0;810.0;636.0;191;108;83;1812;1002;810;1849;1055;794;-37;-53;16
2007;40;2041;3193.0;768.0;998.0;799.0;628.0;188;107;81;1812;1002;810;1838;1049;789;-26;-47;21
2008;40;2042;3181.0;763.0;993.0;796.0;623.0;185;105;80;1812;1002;810;1834;1047;787;-22;-45;23
2009;40;2043;3167.0;760.0;991.0;795.0;621.0;183;104;79;1812;1002;810;1833;1046;787;-21;-44;23
2010;40;2044;3129.0;752.0;981.0;786.0;613.0;180;102;78;1812;1002;810;1826;1042;784;-14;-40;26
2011;40;2045;3101.0;744.0;971.0;779.0;606.0;176;100;76;1813;1003;810;1820;1038;782;-7;-35;28
2012;40;2046;3064.0;736.0;962.0;770.0;598.0;173;98;75;1813;1003;810;1815;1035;780;-2;-32;30
2013;40;2047;3041.0;729.0;953.0;764.0;593.0;171;97;74;1813;1003;810;1809;1031;778;4;-28;32
2014;40;2048;3014.0;723.0;947.0;758.0;587.0;168;95;73;1813;1003;810;1808;1030;778;5;-27;32
2015;40;2049;3003.0;718.0;942.0;754.0;583.0;166;94;72;1813;1003;810;1806;1029;777;7;-26;33
2016;41;2002;1658.0;378.0;614.0;357.0;309.0;322;197;125;1541;867;674;1617;993;624;-76;-126;50
2017;41;2003;1744.0;378.0;630.0;374.0;367.0;321;195;126;1410;794;616;1661;1024;637;-251;-230;-21
2018;41;2004;1817.0;398.0;645.0;401.0;377.0;322;195;127;1358;762;596;1683;1038;645;-325;-276;-49
2019;41;2005;1881.0;420.0;663.0;416.0;384.0;323;194;129;1343;751;592;1716;1055;661;-373;-304;-69
2020;41;2006;1868.0;420.0;655.0;419.0;380.0;315;188;127;1361;758;603;1690;1040;650;-329;-282;-47
2021;41;2007;1851.0;417.0;648.0;414.0;378.0;305;181;124;1404;779;625;1638;1010;628;-234;-231;-3
2022;41;2008;1878.0;427.0;650.0;427.0;379.0;301;177;124;1462;812;650;1639;994;645;-177;-182;5
2023;41;2009;1924.0;442.0;662.0;440.0;381.0;300;175;125;1517;842;675;1659;1005;654;-142;-163;21
2024;41;2010;2032.0;469.0;695.0;465.0;404.0;310;180;130;1566;869;697;1688;1020;668;-122;-151;29
2025;41;2011;2003.0;463.0;682.0;462.0;399.0;300;173;127;1600;888;712;1689;1013;676;-89;-125;36
2026;41;2012;1936.0;448.0;658.0;445.0;387.0;285;164;121;1620;898;722;1641;976;665;-21;-78;57
2027;41;2013;1860.0;434.0;633.0;417.0;371.0;269;153;116;1628;902;726;1623;961;662;5;-59;64
2028;41;2014;1746.0;403.0;587.0;406.0;347.0;247;140;107;1632;904;728;1571;926;645;61;-22;83
2029;41;2015;1673.0;389.0;568.0;380.0;338.0;237;134;103;1638;908;730;1562;917;645;76;-9;85
2030;41;2016;1641.0;377.0;546.0;385.0;331.0;225;127;98;1642;910;732;1544;906;638;98;4;94
2031;41;2017;1633.0;375.0;543.0;389.0;327.0;222;126;96;1644;911;733;1543;905;638;101;6;95
2032;41;2018;1635.0;374.0;542.0;396.0;326.0;217;122;95;1647;912;735;1552;906;646;95;6;89
2033;41;2019;1665.0;382.0;550.0;404.0;332.0;219;123;96;1649;913;736;1571;915;656;78;-2;80
2034;41;2020;1672.0;382.0;550.0;408.0;332.0;216;121;95;1649;913;736;1576;914;662;73;-1;74
2035;41;2021;1730.0;393.0;567.0;423.0;343.0;220;123;97;1649;913;736;1603;929;674;46;-16;62
2036;41;2022;1729.0;391.0;565.0;426.0;342.0;217;121;96;1650;914;736;1612;933;679;38;-19;57
2037;41;2023;1686.0;382.0;551.0;418.0;334.0;210;117;93;1650;914;736;1621;939;682;29;-25;54
2038;41;2024;1687.0;381.0;549.0;419.0;332.0;207;116;91;1650;914;736;1625;941;684;25;-27;52
2039;41;2025;1720.0;390.0;560.0;431.0;340.0;210;118;92;1650;914;736;1648;954;694;2;-40;42
2040;41;2026;1766.0;399.0;572.0;443.0;348.0;212;118;94;1650;914;736;1659;957;702;-9;-43;34
2041;41;2027;1815.0;411.0;588.0;458.0;359.0;215;120;95;1650;914;736;1673;965;708;-23;-51;28
2042;41;2028;1819.0;412.0;590.0;462.0;359.0;216;121;95;1650;914;736;1680;969;711;-30;-55;25
2043;41;2029;1834.0;414.0;592.0;466.0;361.0;214;119;95;1651;915;736;1683;968;715;-32;-53;21
2044;41;2030;1858.0;420.0;600.0;475.0;367.0;214;119;95;1651;915;736;1692;971;721;-41;-56;15
2045;41;2031;1924.0;433.0;617.0;491.0;378.0;220;123;97;1651;915;736;1713;984;729;-62;-69;7
2046;41;2032;1932.0;436.0;621.0;496.0;381.0;219;122;97;1651;915;736;1712;981;731;-61;-66;5
2047;41;2033;1913.0;432.0;615.0;493.0;377.0;215;120;95;1651;915;736;1710;980;730;-59;-65;6
2048;41;2034;1920.0;432.0;613.0;494.0;376.0;213;119;94;1651;915;736;1705;975;730;-54;-60;6
2049;41;2035;1927.0;433.0;616.0;497.0;378.0;213;119;94;1651;915;736;1708;977;731;-57;-62;5
2050;41;2036;1894.0;427.0;605.0;491.0;372.0;208;116;92;1651;915;736;1697;970;727;-46;-55;9
2051;41;2037;1895.0;425.0;603.0;490.0;371.0;206;115;91;1652;916;736;1703;974;729;-51;-58;7
2052;41;2038;1925.0;433.0;613.0;499.0;377.0;206;115;91;1652;916;736;1707;974;733;-55;-58;3
2053;41;2039;1970.0;443.0;627.0;513.0;386.0;210;117;93;1653;917;736;1722;984;738;-69;-67;-2
2054;41;2040;1982.0;445.0;631.0;518.0;389.0;211;118;93;1653;917;736;1731;989;742;-78;-72;-6
2055;41;2041;2024.0;456.0;644.0;530.0;398.0;213;119;94;1653;917;736;1745;996;749;-92;-79;-13
2056;41;2042;1994.0;449.0;635.0;523.0;392.0;209;117;92;1653;917;736;1734;991;743;-81;-74;-7
2057;41;2043;1991.0;446.0;631.0;521.0;390.0;206;115;91;1654;918;736;1731;989;742;-77;-71;-6
2058;41;2044;1982.0;445.0;628.0;520.0;388.0;204;114;90;1654;918;736;1729;988;741;-75;-70;-5
2059;41;2045;1958.0;440.0;621.0;515.0;384.0;200;112;88;1654;918;736;1724;985;739;-70;-67;-3
2060;41;2046;1934.0;434.0;613.0;510.0;379.0;197;110;87;1654;918;736;1718;981;737;-64;-63;-1
2061;41;2047;1911.0;430.0;606.0;504.0;376.0;193;108;85;1654;918;736;1714;978;736;-60;-60;0
2062;41;2048;1901.0;426.0;599.0;500.0;371.0;190;106;84;1654;918;736;1709;975;734;-55;-57;2
2063;41;2049;1884.0;422.0;594.0;496.0;368.0;187;105;82;1654;918;736;1706;973;733;-52;-55;3
2064;42;2002;915.0;198.0;304.0;189.0;227.0;354;214;140;1394;787;607;1564;961;603;-170;-174;4
2065;42;2003;1027.0;214.0;321.0;212.0;279.0;357;214;143;1276;721;555;1511;927;584;-235;-206;-29
2066;42;2004;1045.0;219.0;325.0;218.0;282.0;355;211;144;1234;695;539;1546;952;594;-312;-257;-55
2067;42;2005;1083.0;230.0;332.0;234.0;290.0;358;212;146;1223;687;536;1565;964;601;-342;-277;-65
2068;42;2006;1124.0;242.0;341.0;244.0;296.0;359;211;148;1239;692;547;1595;979;616;-356;-287;-69
2069;42;2007;1114.0;241.0;338.0;244.0;292.0;349;204;145;1277;712;565;1574;967;607;-297;-255;-42
2070;42;2008;1109.0;239.0;335.0;241.0;290.0;339;197;142;1328;741;587;1532;942;590;-204;-201;-3
2071;42;2009;1129.0;245.0;337.0;250.0;292.0;335;193;142;1384;771;613;1537;931;606;-153;-160;7
2072;42;2010;1153.0;255.0;343.0;256.0;293.0;334;191;143;1430;797;633;1558;943;615;-128;-146;18
2073;42;2011;1216.0;267.0;359.0;273.0;310.0;344;196;148;1461;814;647;1587;958;629;-126;-144;18
2074;42;2012;1190.0;263.0;353.0;271.0;307.0;334;189;145;1479;823;656;1590;953;637;-111;-130;19
2075;42;2013;1156.0;254.0;340.0;261.0;298.0;317;179;138;1488;828;660;1548;921;627;-60;-93;33
2076;42;2014;1098.0;245.0;328.0;245.0;285.0;299;167;132;1491;830;661;1530;905;625;-39;-75;36
2077;42;2015;1041.0;227.0;305.0;238.0;266.0;275;153;122;1496;833;663;1482;873;609;14;-40;54
2078;42;2016;1003.0;219.0;296.0;223.0;260.0;264;147;117;1498;834;664;1473;865;608;25;-31;56
2079;42;2017;976.0;212.0;284.0;226.0;255.0;251;139;112;1502;836;666;1455;854;601;47;-18;65
2080;42;2018;975.0;210.0;283.0;229.0;252.0;248;138;110;1504;837;667;1454;853;601;50;-16;66
2081;42;2019;981.0;211.0;283.0;233.0;250.0;242;134;108;1506;837;669;1462;853;609;44;-16;60
2082;42;2020;992.0;214.0;287.0;239.0;254.0;243;134;109;1507;838;669;1478;861;617;29;-23;52
2083;42;2021;1001.0;214.0;288.0;240.0;255.0;240;132;108;1507;838;669;1484;861;623;23;-23;46
2084;42;2022;1029.0;220.0;296.0;250.0;263.0;245;135;110;1508;839;669;1509;874;635;-1;-35;34
2085;42;2023;1022.0;218.0;295.0;251.0;262.0;241;132;109;1508;839;669;1517;878;639;-9;-39;30
2086;42;2024;1007.0;213.0;289.0;247.0;256.0;234;129;105;1508;839;669;1524;883;641;-16;-44;28
2087;42;2025;1002.0;212.0;287.0;247.0;256.0;231;127;104;1508;839;669;1528;885;643;-20;-46;26
2088;42;2026;1021.0;217.0;294.0;254.0;260.0;234;129;105;1508;839;669;1551;897;654;-43;-58;15
2089;42;2027;1052.0;221.0;300.0;262.0;267.0;236;130;106;1508;839;669;1561;901;660;-53;-62;9
2090;42;2028;1081.0;227.0;309.0;271.0;274.0;241;132;109;1508;839;669;1573;907;666;-65;-68;3
2091;42;2029;1084.0;228.0;310.0;274.0;276.0;240;132;108;1508;839;669;1579;911;668;-71;-72;1
2092;42;2030;1098.0;228.0;312.0;275.0;277.0;239;131;108;1508;839;669;1584;911;673;-76;-72;-4
2093;42;2031;1111.0;231.0;316.0;281.0;281.0;239;131;108;1509;840;669;1591;913;678;-82;-73;-9
2094;42;2032;1144.0;238.0;325.0;291.0;289.0;245;135;110;1509;840;669;1612;926;686;-103;-86;-17
2095;42;2033;1149.0;239.0;327.0;294.0;291.0;244;134;110;1509;840;669;1611;923;688;-102;-83;-19
2096;42;2034;1138.0;237.0;324.0;292.0;289.0;240;132;108;1509;840;669;1609;922;687;-100;-82;-18
2097;42;2035;1146.0;236.0;323.0;293.0;288.0;237;130;107;1509;840;669;1605;918;687;-96;-78;-18
2098;42;2036;1150.0;237.0;326.0;295.0;289.0;237;130;107;1509;840;669;1608;920;688;-99;-80;-19
2099;42;2037;1131.0;233.0;320.0;291.0;284.0;231;127;104;1509;840;669;1599;914;685;-90;-74;-16
2100;42;2038;1125.0;232.0;319.0;291.0;284.0;230;127;103;1509;840;669;1603;917;686;-94;-77;-17
2101;42;2039;1142.0;235.0;325.0;296.0;288.0;230;126;104;1510;841;669;1609;919;690;-99;-78;-21
2102;42;2040;1170.0;241.0;332.0;305.0;295.0;235;129;106;1510;841;669;1624;928;696;-114;-87;-27
2103;42;2041;1176.0;242.0;334.0;307.0;297.0;235;129;106;1510;841;669;1631;932;699;-121;-91;-30
2104;42;2042;1213.0;247.0;341.0;315.0;305.0;238;131;107;1510;841;669;1644;939;705;-134;-98;-36
2105;42;2043;1195.0;244.0;337.0;312.0;300.0;233;128;105;1510;841;669;1636;935;701;-126;-94;-32
2106;42;2044;1187.0;242.0;335.0;309.0;298.0;230;127;103;1510;841;669;1632;933;699;-122;-92;-30
2107;42;2045;1181.0;241.0;334.0;309.0;296.0;227;125;102;1510;841;669;1631;932;699;-121;-91;-30
2108;42;2046;1167.0;238.0;331.0;307.0;293.0;223;123;100;1511;842;669;1626;929;697;-115;-87;-28
2109;42;2047;1153.0;234.0;327.0;304.0;289.0;219;121;98;1511;842;669;1621;926;695;-110;-84;-26
2110;42;2048;1139.0;231.0;323.0;300.0;286.0;216;119;97;1512;843;669;1617;923;694;-105;-80;-25
2111;42;2049;1126.0;229.0;319.0;298.0;284.0;212;117;95;1512;843;669;1614;922;692;-102;-79;-23
2112;43;2002;562.0;137.0;169.0;118.0;143.0;395;235;160;1266;718;548;1382;842;540;-116;-124;8
2113;43;2003;613.0;131.0;185.0;128.0;166.0;391;231;160;1163;661;502;1458;895;563;-295;-234;-61
2114;43;2004;641.0;144.0;191.0;139.0;174.0;396;232;164;1121;634;487;1409;863;546;-288;-229;-59
2115;43;2005;657.0;146.0;193.0;142.0;176.0;395;230;165;1114;627;487;1439;884;555;-325;-257;-68
2116;43;2006;678.0;153.0;197.0;151.0;180.0;398;231;167;1131;635;496;1458;896;562;-327;-261;-66
2117;43;2007;700.0;160.0;201.0;157.0;184.0;400;230;170;1167;654;513;1488;912;576;-321;-258;-63
2118;43;2008;699.0;159.0;197.0;157.0;182.0;389;223;166;1217;682;535;1472;903;569;-255;-221;-34
2119;43;2009;688.0;157.0;194.0;154.0;181.0;378;215;163;1264;709;555;1437;882;555;-173;-173;0
2120;43;2010;697.0;161.0;194.0;158.0;182.0;372;210;162;1307;733;574;1442;872;570;-135;-139;4
2121;43;2011;704.0;164.0;197.0;163.0;183.0;371;208;163;1337;749;588;1466;886;580;-129;-137;8
2122;43;2012;747.0;171.0;206.0;171.0;195.0;384;214;170;1352;758;594;1496;902;594;-144;-144;0
2123;43;2013;732.0;166.0;200.0;169.0;192.0;371;206;165;1360;762;598;1499;898;601;-139;-136;-3
2124;43;2014;703.0;159.0;192.0;162.0;187.0;353;195;158;1364;764;600;1459;867;592;-95;-103;8
2125;43;2015;663.0;153.0;184.0;152.0;178.0;334;183;151;1368;766;602;1444;854;590;-76;-88;12
2126;43;2016;626.0;142.0;170.0;146.0;167.0;307;168;139;1370;767;603;1399;824;575;-29;-57;28
2127;43;2017;604.0;136.0;164.0;137.0;163.0;294;161;133;1375;770;605;1388;815;573;-13;-45;32
2128;43;2018;581.0;131.0;157.0;138.0;160.0;280;153;127;1377;771;606;1371;804;567;6;-33;39
2129;43;2019;585.0;128.0;155.0;140.0;158.0;276;151;125;1378;772;606;1370;803;567;8;-31;39
2130;43;2020;582.0;128.0;154.0;141.0;157.0;271;147;124;1378;772;606;1378;804;574;0;-32;32
2131;43;2021;589.0;129.0;155.0;144.0;160.0;271;147;124;1378;772;606;1393;811;582;-15;-39;24
2132;43;2022;588.0;128.0;155.0;144.0;160.0;268;145;123;1378;772;606;1397;810;587;-19;-38;19
2133;43;2023;604.0;130.0;159.0;149.0;165.0;274;148;126;1378;772;606;1419;822;597;-41;-50;9
2134;43;2024;600.0;129.0;157.0;150.0;165.0;269;145;124;1378;772;606;1427;825;602;-49;-53;4
2135;43;2025;585.0;125.0;153.0;147.0;161.0;261;141;120;1378;772;606;1434;830;604;-56;-58;2
2136;43;2026;582.0;124.0;151.0;146.0;160.0;257;139;118;1378;772;606;1438;832;606;-60;-60;0
2137;43;2027;593.0;126.0;154.0;150.0;164.0;262;142;120;1378;772;606;1460;844;616;-82;-72;-10
2138;43;2028;605.0;127.0;156.0;153.0;168.0;263;142;121;1379;773;606;1468;847;621;-89;-74;-15
2139;43;2029;622.0;131.0;159.0;158.0;173.0;268;144;124;1379;773;606;1480;853;627;-101;-80;-21
2140;43;2030;623.0;130.0;160.0;159.0;174.0;268;145;123;1379;773;606;1488;858;630;-109;-85;-24
2141;43;2031;625.0;129.0;159.0;160.0;174.0;266;144;122;1379;773;606;1491;857;634;-112;-84;-28
2142;43;2032;633.0;131.0;161.0;162.0;178.0;267;144;123;1379;773;606;1499;860;639;-120;-87;-33
2143;43;2033;651.0;134.0;165.0;167.0;183.0;274;148;126;1379;773;606;1518;872;646;-139;-99;-40
2144;43;2034;654.0;133.0;164.0;167.0;184.0;272;147;125;1380;774;606;1517;869;648;-137;-95;-42
2145;43;2035;648.0;131.0;162.0;167.0;183.0;268;145;123;1380;774;606;1517;869;648;-137;-95;-42
2146;43;2036;646.0;130.0;161.0;167.0;182.0;265;143;122;1380;774;606;1513;865;648;-133;-91;-42
2147;43;2037;637.0;130.0;160.0;167.0;183.0;265;143;122;1381;775;606;1517;868;649;-136;-93;-43
2148;43;2038;626.0;126.0;158.0;164.0;180.0;259;140;119;1381;775;606;1507;861;646;-126;-86;-40
2149;43;2039;623.0;126.0;156.0;164.0;179.0;256;139;117;1381;775;606;1511;864;647;-130;-89;-41
2150;43;2040;633.0;127.0;157.0;166.0;183.0;257;139;118;1381;775;606;1518;866;652;-137;-91;-46
2151;43;2041;648.0;128.0;161.0;170.0;187.0;262;142;120;1381;775;606;1532;875;657;-151;-100;-51
2152;43;2042;651.0;129.0;161.0;171.0;188.0;262;142;120;1381;775;606;1539;879;660;-158;-104;-54
2153;43;2043;665.0;131.0;163.0;175.0;192.0;266;144;122;1381;775;606;1552;886;666;-171;-111;-60
2154;43;2044;655.0;128.0;160.0;172.0;190.0;261;141;120;1381;775;606;1543;882;661;-162;-107;-55
2155;43;2045;651.0;127.0;158.0;171.0;189.0;257;139;118;1381;775;606;1540;881;659;-159;-106;-53
2156;43;2046;636.0;125.0;156.0;170.0;189.0;255;138;117;1381;775;606;1539;880;659;-158;-105;-53
2157;43;2047;629.0;122.0;154.0;168.0;186.0;249;135;114;1381;775;606;1534;877;657;-153;-102;-51
2158;43;2048;621.0;121.0;151.0;166.0;184.0;245;133;112;1382;776;606;1531;875;656;-149;-99;-50
2159;43;2049;613.0;118.0;149.0;164.0;182.0;241;131;110;1382;776;606;1526;872;654;-144;-96;-48
2160;44;2002;280.0;55.0;83.0;60.0;77.0;432;253;179;1158;662;496;1277;778;499;-119;-116;-3
2161;44;2003;312.0;58.0;94.0;67.0;95.0;438;254;184;1062;607;455;1294;788;506;-232;-181;-51
2162;44;2004;325.0;56.0;100.0;71.0;95.0;436;252;184;1026;585;441;1359;833;526;-333;-248;-85
2163;44;2005;346.0;62.0;103.0;77.0;99.0;442;253;189;1019;578;441;1315;804;511;-296;-226;-70
2164;44;2006;347.0;64.0;103.0;79.0;101.0;440;250;190;1033;584;449;1344;824;520;-311;-240;-71
2165;44;2007;351.0;66.0;104.0;83.0;103.0;443;251;192;1070;604;466;1362;835;527;-292;-231;-61
2166;44;2008;369.0;69.0;105.0;86.0;106.0;445;250;195;1114;629;485;1394;852;542;-280;-223;-57
2167;44;2009;362.0;69.0;103.0;85.0;105.0;434;243;191;1159;655;504;1382;845;537;-223;-190;-33
2168;44;2010;356.0;69.0;100.0;84.0;104.0;421;234;187;1198;677;521;1353;829;524;-155;-152;-3
2169;44;2011;354.0;70.0;99.0;85.0;104.0;415;229;186;1225;693;532;1358;820;538;-133;-127;-6
2170;44;2012;358.0;70.0;100.0;87.0;105.0;415;228;187;1240;701;539;1383;835;548;-143;-134;-9
2171;44;2013;386.0;73.0;103.0;92.0;112.0;428;234;194;1247;706;541;1413;851;562;-166;-145;-21
2172;44;2014;365.0;72.0;99.0;90.0;110.0;414;225;189;1250;707;543;1415;846;569;-165;-139;-26
2173;44;2015;363.0;69.0;95.0;86.0;107.0;395;214;181;1254;710;544;1378;818;560;-124;-108;-16
2174;44;2016;337.0;66.0;90.0;79.0;102.0;372;200;172;1257;711;546;1363;805;558;-106;-94;-12
2175;44;2017;313.0;61.0;83.0;77.0;96.0;343;184;159;1260;712;548;1320;777;543;-60;-65;5
2176;44;2018;302.0;58.0;79.0;72.0;94.0;328;176;152;1262;713;549;1311;769;542;-49;-56;7
2177;44;2019;290.0;56.0;75.0;73.0;91.0;312;167;145;1263;714;549;1296;759;537;-33;-45;12
2178;44;2020;287.0;55.0;73.0;72.0;90.0;308;165;143;1263;714;549;1294;757;537;-31;-43;12
2179;44;2021;286.0;55.0;71.0;72.0;91.0;302;161;141;1263;714;549;1300;758;542;-37;-44;7
2180;44;2022;299.0;56.0;72.0;74.0;92.0;303;161;142;1263;714;549;1313;764;549;-50;-50;0
2181;44;2023;288.0;56.0;71.0;74.0;92.0;299;159;140;1263;714;549;1318;763;555;-55;-49;-6
2182;44;2024;296.0;56.0;72.0;76.0;95.0;306;163;143;1263;714;549;1340;775;565;-77;-61;-16
2183;44;2025;294.0;56.0;70.0;76.0;95.0;300;159;141;1264;715;549;1345;777;568;-81;-62;-19
2184;44;2026;287.0;54.0;68.0;74.0;92.0;292;155;137;1264;715;549;1352;782;570;-88;-67;-21
2185;44;2027;286.0;54.0;66.0;73.0;92.0;288;153;135;1264;715;549;1355;783;572;-91;-68;-23
2186;44;2028;291.0;55.0;67.0;75.0;95.0;291;155;136;1264;715;549;1375;794;581;-111;-79;-32
2187;44;2029;297.0;55.0;67.0;76.0;96.0;294;156;138;1264;715;549;1384;798;586;-120;-83;-37
2188;44;2030;305.0;57.0;68.0;78.0;99.0;300;159;141;1264;715;549;1396;804;592;-132;-89;-43
2189;44;2031;306.0;57.0;67.0;79.0;99.0;300;160;140;1264;715;549;1403;808;595;-139;-93;-46
2190;44;2032;306.0;57.0;66.0;79.0;100.0;298;158;140;1264;715;549;1407;808;599;-143;-93;-50
2191;44;2033;299.0;57.0;65.0;80.0;102.0;298;158;140;1264;715;549;1413;810;603;-149;-95;-54
2192;44;2034;308.0;58.0;66.0;82.0;105.0;306;163;143;1264;715;549;1432;822;610;-168;-107;-61
2193;44;2035;309.0;58.0;65.0;82.0;105.0;305;162;143;1264;715;549;1433;820;613;-169;-105;-64
2194;44;2036;306.0;58.0;64.0;82.0;104.0;301;160;141;1265;716;549;1431;819;612;-166;-103;-63
2195;44;2037;306.0;57.0;62.0;80.0;104.0;297;158;139;1265;716;549;1428;816;612;-163;-100;-63
2196;44;2038;307.0;57.0;61.0;81.0;104.0;296;157;139;1265;716;549;1432;818;614;-167;-102;-65
2197;44;2039;301.0;56.0;59.0;79.0;104.0;289;154;135;1265;716;549;1424;813;611;-159;-97;-62
2198;44;2040;300.0;54.0;59.0;79.0;103.0;287;153;134;1265;716;549;1428;816;612;-163;-100;-63
2199;44;2041;305.0;55.0;59.0;80.0;105.0;287;152;135;1265;716;549;1433;817;616;-168;-101;-67
2200;44;2042;300.0;57.0;59.0;81.0;107.0;293;156;137;1265;716;549;1447;826;621;-182;-110;-72
2201;44;2043;302.0;57.0;58.0;81.0;108.0;293;156;137;1265;716;549;1454;830;624;-189;-114;-75
2202;44;2044;308.0;57.0;58.0;83.0;110.0;297;158;139;1265;716;549;1467;837;630;-202;-121;-81
2203;44;2045;304.0;56.0;56.0;82.0;109.0;291;155;136;1265;716;549;1458;833;625;-193;-117;-76
2204;44;2046;302.0;56.0;55.0;80.0;108.0;288;153;135;1266;717;549;1456;832;624;-190;-115;-75
2205;44;2047;300.0;55.0;53.0;80.0;107.0;285;152;133;1266;717;549;1456;832;624;-190;-115;-75
2206;44;2048;297.0;54.0;51.0;79.0;107.0;280;149;131;1266;717;549;1451;829;622;-185;-112;-73
2207;44;2049;282.0;53.0;50.0;78.0;106.0;274;146;128;1267;718;549;1448;827;621;-181;-109;-72
2208;45;2002;144.0;27.0;27.0;29.0;57.0;479;276;203;1066;616;450;1176;710;466;-110;-94;-16
2209;45;2003;158.0;29.0;29.0;30.0;68.0;480;274;206;980;567;413;1198;728;470;-218;-161;-57
2210;45;2004;162.0;31.0;32.0;34.0;71.0;487;276;211;949;547;402;1213;738;475;-264;-191;-73
2211;45;2005;174.0;30.0;35.0;36.0;71.0;485;274;211;942;542;400;1270;777;493;-328;-235;-93
2212;45;2006;179.0;33.0;36.0;38.0;74.0;492;275;217;959;549;410;1232;752;480;-273;-203;-70
2213;45;2007;180.0;34.0;34.0;39.0;75.0;490;272;218;990;566;424;1260;771;489;-270;-205;-65
2214;45;2008;195.0;36.0;35.0;42.0;77.0;494;274;220;1033;591;442;1281;783;498;-248;-192;-56
2215;45;2009;197.0;36.0;35.0;42.0;79.0;496;273;223;1074;614;460;1311;799;512;-237;-185;-52
2216;45;2010;193.0;37.0;34.0;43.0;77.0;483;265;218;1109;635;474;1303;795;508;-194;-160;-34
2217;45;2011;190.0;36.0;33.0;42.0;77.0;470;256;214;1134;650;484;1280;782;498;-146;-132;-14
2218;45;2012;189.0;37.0;33.0;42.0;78.0;462;250;212;1147;657;490;1286;775;511;-139;-118;-21
2219;45;2013;191.0;37.0;32.0;43.0;79.0;462;249;213;1153;660;493;1309;789;520;-156;-129;-27
2220;45;2014;200.0;39.0;33.0;45.0;84.0;477;256;221;1156;662;494;1336;803;533;-180;-141;-39
2221;45;2015;195.0;38.0;31.0;44.0;82.0;462;246;216;1160;664;496;1340;800;540;-180;-136;-44
2222;45;2016;188.0;36.0;30.0;43.0;80.0;440;234;206;1162;665;497;1307;775;532;-145;-110;-35
2223;45;2017;180.0;35.0;28.0;40.0;77.0;415;219;196;1163;666;497;1290;761;529;-127;-95;-32
2224;45;2018;167.0;32.0;26.0;38.0;71.0;382;201;181;1164;666;498;1252;736;516;-88;-70;-18
2225;45;2019;161.0;31.0;24.0;35.0;70.0;366;193;173;1166;667;499;1242;728;514;-76;-61;-15
2226;45;2020;155.0;30.0;23.0;35.0;69.0;349;183;166;1167;667;500;1226;717;509;-59;-50;-9
2227;45;2021;154.0;30.0;21.0;35.0;68.0;344;181;163;1168;668;500;1225;716;509;-57;-48;-9
2228;45;2022;153.0;30.0;21.0;36.0;68.0;338;177;161;1169;669;500;1231;716;515;-62;-47;-15
2229;45;2023;155.0;30.0;22.0;36.0;69.0;338;177;161;1169;669;500;1243;722;521;-74;-53;-21
2230;45;2024;154.0;29.0;21.0;36.0;69.0;335;175;160;1169;669;500;1248;722;526;-79;-53;-26
2231;45;2025;158.0;30.0;21.0;37.0;71.0;341;178;163;1169;669;500;1268;732;536;-99;-63;-36
2232;45;2026;157.0;29.0;20.0;37.0;71.0;336;175;161;1169;669;500;1274;735;539;-105;-66;-39
2233;45;2027;153.0;29.0;19.0;36.0;70.0;326;170;156;1169;669;500;1278;738;540;-109;-69;-40
2234;45;2028;153.0;29.0;18.0;36.0;69.0;322;168;154;1169;669;500;1283;740;543;-114;-71;-43
2235;45;2029;156.0;29.0;19.0;36.0;71.0;326;171;155;1169;669;500;1302;751;551;-133;-82;-51
2236;45;2030;159.0;30.0;18.0;37.0;72.0;329;172;157;1169;669;500;1310;754;556;-141;-85;-56
2237;45;2031;163.0;29.0;18.0;38.0;75.0;334;174;160;1169;669;500;1322;760;562;-153;-91;-62
2238;45;2032;164.0;29.0;17.0;38.0;75.0;335;175;160;1169;669;500;1329;764;565;-160;-95;-65
2239;45;2033;164.0;29.0;17.0;38.0;75.0;332;173;159;1170;670;500;1332;763;569;-162;-93;-69
2240;45;2034;166.0;30.0;17.0;39.0;76.0;334;174;160;1170;670;500;1339;766;573;-169;-96;-73
2241;45;2035;171.0;31.0;17.0;39.0;79.0;342;179;163;1170;670;500;1357;777;580;-187;-107;-80
2242;45;2036;160.0;31.0;16.0;39.0;79.0;341;178;163;1170;670;500;1357;775;582;-187;-105;-82
2243;45;2037;158.0;29.0;16.0;38.0;78.0;335;175;160;1170;670;500;1357;775;582;-187;-105;-82
2244;45;2038;158.0;29.0;15.0;38.0;79.0;332;173;159;1170;670;500;1354;772;582;-184;-102;-82
2245;45;2039;159.0;29.0;15.0;39.0;79.0;331;173;158;1170;670;500;1357;774;583;-187;-104;-83
2246;45;2040;156.0;29.0;13.0;38.0;78.0;323;169;154;1170;670;500;1350;769;581;-180;-99;-81
2247;45;2041;155.0;29.0;13.0;38.0;78.0;321;168;153;1170;670;500;1354;773;581;-184;-103;-81
2248;45;2042;158.0;29.0;12.0;37.0;79.0;322;168;154;1170;670;500;1359;774;585;-189;-104;-85
2249;45;2043;161.0;30.0;13.0;38.0;81.0;328;172;156;1170;670;500;1373;782;591;-203;-112;-91
2250;45;2044;162.0;29.0;12.0;38.0;81.0;328;172;156;1170;670;500;1380;786;594;-210;-116;-94
2251;45;2045;166.0;30.0;12.0;39.0;83.0;333;174;159;1170;670;500;1392;793;599;-222;-123;-99
2252;45;2046;163.0;29.0;10.0;38.0;82.0;326;171;155;1170;670;500;1384;789;595;-214;-119;-95
2253;45;2047;162.0;29.0;10.0;38.0;81.0;322;169;153;1171;671;500;1382;788;594;-211;-117;-94
2254;45;2048;161.0;29.0;9.0;38.0;81.0;319;167;152;1171;671;500;1382;788;594;-211;-117;-94
2255;45;2049;159.0;28.0;9.0;36.0;81.0;313;164;149;1171;671;500;1378;786;592;-207;-115;-92
2256;46;2002;47.0;0.0;8.0;10.0;25.0;530;304;226;996;583;413;1095;663;432;-99;-80;-19
2257;46;2003;48.0;1.0;8.0;12.0;31.0;530;301;229;913;535;378;1111;671;440;-198;-136;-62
2258;46;2004;48.0;1.0;10.0;12.0;32.0;533;300;233;884;515;369;1128;685;443;-244;-170;-74
2259;46;2005;62.0;1.0;11.0;14.0;32.0;542;303;239;877;509;368;1141;693;448;-264;-184;-80
2260;46;2006;62.0;1.0;11.0;15.0;32.0;540;300;240;893;516;377;1196;730;466;-303;-214;-89
2261;46;2007;64.0;2.0;11.0;17.0;34.0;547;302;245;923;533;390;1162;708;454;-239;-175;-64
2262;46;2008;64.0;3.0;11.0;17.0;35.0;545;299;246;961;556;405;1192;727;465;-231;-171;-60
2263;46;2009;65.0;3.0;12.0;18.0;35.0;550;301;249;1001;578;423;1213;740;473;-212;-162;-50
2264;46;2010;66.0;3.0;12.0;18.0;35.0;552;300;252;1033;598;435;1244;757;487;-211;-159;-52
2265;46;2011;64.0;4.0;12.0;18.0;36.0;537;291;246;1057;612;445;1240;755;485;-183;-143;-40
2266;46;2012;63.0;4.0;10.0;18.0;35.0;522;281;241;1070;620;450;1219;743;476;-149;-123;-26
2267;46;2013;63.0;4.0;10.0;19.0;35.0;515;276;239;1075;624;451;1224;736;488;-149;-112;-37
2268;46;2014;76.0;5.0;10.0;19.0;36.0;514;274;240;1078;625;453;1246;749;497;-168;-124;-44
2269;46;2015;80.0;5.0;11.0;20.0;38.0;531;282;249;1081;627;454;1274;764;510;-193;-137;-56
2270;46;2016;78.0;5.0;10.0;19.0;38.0;514;271;243;1083;628;455;1275;760;515;-192;-132;-60
2271;46;2017;75.0;5.0;10.0;19.0;36.0;489;257;232;1086;630;456;1244;736;508;-158;-106;-52
2272;46;2018;72.0;5.0;10.0;18.0;35.0;463;242;221;1086;630;456;1229;724;505;-143;-94;-49
2273;46;2019;67.0;6.0;8.0;17.0;33.0;426;222;204;1089;631;458;1191;699;492;-102;-68;-34
2274;46;2020;64.0;5.0;8.0;16.0;32.0;408;213;195;1090;632;458;1183;692;491;-93;-60;-33
2275;46;2021;62.0;5.0;7.0;17.0;32.0;388;202;186;1090;632;458;1168;682;486;-78;-50;-28
2276;46;2022;61.0;5.0;7.0;16.0;31.0;383;200;183;1090;632;458;1166;680;486;-76;-48;-28
2277;46;2023;61.0;6.0;7.0;16.0;32.0;376;195;181;1090;632;458;1171;680;491;-81;-48;-33
2278;46;2024;62.0;6.0;7.0;16.0;32.0;376;195;181;1090;632;458;1184;686;498;-94;-54;-40
2279;46;2025;62.0;6.0;7.0;17.0;32.0;373;193;180;1090;632;458;1187;685;502;-97;-53;-44
2280;46;2026;63.0;6.0;6.0;18.0;33.0;380;197;183;1090;632;458;1205;695;510;-115;-63;-52
2281;46;2027;63.0;6.0;6.0;18.0;32.0;374;193;181;1090;632;458;1211;697;514;-121;-65;-56
2282;46;2028;61.0;7.0;6.0;17.0;32.0;363;188;175;1090;632;458;1216;701;515;-126;-69;-57
2283;46;2029;61.0;7.0;6.0;17.0;31.0;359;186;173;1091;633;458;1219;702;517;-128;-69;-59
2284;46;2030;62.0;7.0;6.0;18.0;32.0;364;189;175;1091;633;458;1238;713;525;-147;-80;-67
2285;46;2031;63.0;7.0;6.0;18.0;34.0;367;190;177;1091;633;458;1246;715;531;-155;-82;-73
2286;46;2032;65.0;9.0;5.0;18.0;35.0;373;193;180;1091;633;458;1258;722;536;-167;-89;-78
2287;46;2033;65.0;9.0;5.0;18.0;35.0;374;194;180;1091;633;458;1264;725;539;-173;-92;-81
2288;46;2034;65.0;9.0;5.0;19.0;35.0;371;192;179;1091;633;458;1268;725;543;-177;-92;-85
2289;46;2035;66.0;9.0;6.0;20.0;35.0;371;192;179;1091;633;458;1275;728;547;-184;-95;-89
2290;46;2036;68.0;9.0;6.0;20.0;36.0;381;198;183;1091;633;458;1292;738;554;-201;-105;-96
2291;46;2037;68.0;10.0;6.0;21.0;36.0;380;197;183;1091;633;458;1291;736;555;-200;-103;-97
2292;46;2038;68.0;10.0;5.0;20.0;36.0;374;194;180;1091;633;458;1292;736;556;-201;-103;-98
2293;46;2039;68.0;10.0;5.0;20.0;36.0;370;192;178;1091;633;458;1290;734;556;-199;-101;-98
2294;46;2040;68.0;10.0;5.0;20.0;36.0;370;192;178;1091;633;458;1293;736;557;-202;-103;-99
2295;46;2041;67.0;10.0;4.0;20.0;36.0;360;187;173;1092;634;458;1286;731;555;-194;-97;-97
2296;46;2042;66.0;10.0;4.0;20.0;35.0;357;186;171;1092;634;458;1289;734;555;-197;-100;-97
2297;46;2043;67.0;11.0;4.0;20.0;36.0;359;186;173;1092;634;458;1295;736;559;-203;-102;-101
2298;46;2044;69.0;11.0;3.0;21.0;37.0;366;190;176;1092;634;458;1309;745;564;-217;-111;-106
2299;46;2045;69.0;12.0;3.0;21.0;37.0;367;191;176;1092;634;458;1316;748;568;-224;-114;-110
2300;46;2046;71.0;12.0;4.0;21.0;38.0;370;192;178;1092;634;458;1327;754;573;-235;-120;-115
2301;46;2047;70.0;12.0;3.0;21.0;37.0;364;189;175;1092;634;458;1320;751;569;-228;-117;-111
2302;46;2048;81.0;13.0;3.0;21.0;38.0;359;187;172;1092;634;458;1318;750;568;-226;-116;-110
2303;46;2049;80.0;13.0;3.0;21.0;38.0;356;185;171;1092;634;458;1318;750;568;-226;-116;-110
2304;47;2002;12.0;3.0;2.0;0.0;11.0;579;332;247;936;553;383;1016;612;404;-80;-59;-21
2305;47;2003;23.0;4.0;2.0;0.0;13.0;585;334;251;861;508;353;1040;630;410;-179;-122;-57
2306;47;2004;24.0;5.0;2.0;1.0;13.0;586;331;255;834;489;345;1051;634;417;-217;-145;-72
2307;47;2005;24.0;6.0;2.0;1.0;13.0;590;331;259;829;485;344;1068;647;421;-239;-162;-77
2308;47;2006;25.0;6.0;2.0;1.0;15.0;600;334;266;843;492;351;1082;655;427;-239;-163;-76
2309;47;2007;25.0;6.0;2.0;1.0;14.0;597;331;266;870;508;362;1135;691;444;-265;-183;-82
2310;47;2008;25.0;6.0;3.0;1.0;15.0;606;333;273;904;529;375;1107;673;434;-203;-144;-59
2311;47;2009;26.0;6.0;3.0;3.0;15.0;603;330;273;941;550;391;1136;692;444;-195;-142;-53
2312;47;2010;26.0;6.0;3.0;3.0;16.0;608;332;276;973;570;403;1157;705;452;-184;-135;-49
2313;47;2011;26.0;7.0;3.0;3.0;16.0;610;331;279;993;582;411;1188;722;466;-195;-140;-55
2314;47;2012;26.0;6.0;3.0;3.0;15.0;595;322;273;1004;588;416;1184;720;464;-180;-132;-48
2315;47;2013;25.0;6.0;3.0;3.0;15.0;578;311;267;1009;592;417;1167;711;456;-158;-119;-39
2316;47;2014;25.0;8.0;3.0;3.0;16.0;569;305;264;1011;593;418;1172;704;468;-161;-111;-50
2317;47;2015;25.0;8.0;3.0;4.0;17.0;569;303;266;1015;596;419;1193;716;477;-178;-120;-58
2318;47;2016;26.0;8.0;3.0;4.0;17.0;587;312;275;1019;598;421;1218;729;489;-199;-131;-68
2319;47;2017;26.0;8.0;3.0;4.0;17.0;569;301;268;1021;599;422;1220;726;494;-199;-127;-72
2320;47;2018;25.0;7.0;2.0;4.0;16.0;541;285;256;1021;599;422;1190;704;486;-169;-105;-64
2321;47;2019;24.0;7.0;2.0;4.0;16.0;512;268;244;1022;600;422;1175;691;484;-153;-91;-62
2322;47;2020;22.0;7.0;2.0;3.0;14.0;471;246;225;1022;600;422;1140;668;472;-118;-68;-50
2323;47;2021;21.0;6.0;2.0;3.0;14.0;451;236;215;1022;600;422;1131;661;470;-109;-61;-48
2324;47;2022;31.0;6.0;2.0;4.0;14.0;431;225;206;1023;601;422;1116;651;465;-93;-50;-43
2325;47;2023;31.0;6.0;2.0;4.0;14.0;424;222;202;1023;601;422;1115;650;465;-92;-49;-43
2326;47;2024;30.0;6.0;2.0;4.0;14.0;416;217;199;1023;601;422;1120;650;470;-97;-49;-48
2327;47;2025;31.0;6.0;2.0;4.0;14.0;417;217;200;1023;601;422;1130;654;476;-107;-53;-54
2328;47;2026;31.0;6.0;2.0;4.0;14.0;412;214;198;1023;601;422;1134;654;480;-111;-53;-58
2329;47;2027;32.0;6.0;2.0;5.0;15.0;421;219;202;1023;601;422;1151;663;488;-128;-62;-66
2330;47;2028;31.0;6.0;2.0;5.0;15.0;414;215;199;1023;601;422;1156;665;491;-133;-64;-69
2331;47;2029;31.0;6.0;2.0;5.0;14.0;402;209;193;1023;601;422;1162;669;493;-139;-68;-71
2332;47;2030;30.0;6.0;2.0;5.0;14.0;396;206;190;1023;601;422;1165;670;495;-142;-69;-73
2333;47;2031;31.0;6.0;2.0;5.0;14.0;403;210;193;1023;601;422;1183;681;502;-160;-80;-80
2334;47;2032;32.0;6.0;1.0;5.0;15.0;406;211;195;1023;601;422;1190;683;507;-167;-82;-85
2335;47;2033;32.0;6.0;1.0;6.0;15.0;413;214;199;1023;601;422;1203;689;514;-180;-88;-92
2336;47;2034;33.0;7.0;1.0;7.0;15.0;414;216;198;1023;601;422;1208;692;516;-185;-91;-94
2337;47;2035;33.0;7.0;1.0;7.0;15.0;411;214;197;1023;601;422;1212;693;519;-189;-92;-97
2338;47;2036;33.0;7.0;1.0;7.0;15.0;412;214;198;1023;601;422;1218;695;523;-195;-94;-101
2339;47;2037;34.0;7.0;1.0;7.0;16.0;423;221;202;1024;602;422;1234;704;530;-210;-102;-108
2340;47;2038;34.0;7.0;1.0;7.0;16.0;421;219;202;1024;602;422;1237;704;533;-213;-102;-111
2341;47;2039;34.0;7.0;1.0;7.0;16.0;415;216;199;1024;602;422;1235;703;532;-211;-101;-110
2342;47;2040;34.0;7.0;1.0;7.0;16.0;410;213;197;1024;602;422;1233;701;532;-209;-99;-110
2343;47;2041;34.0;7.0;1.0;8.0;16.0;409;213;196;1024;602;422;1237;703;534;-213;-101;-112
2344;47;2042;33.0;7.0;1.0;8.0;16.0;400;208;192;1024;602;422;1231;700;531;-207;-98;-109
2345;47;2043;33.0;7.0;1.0;8.0;15.0;397;208;189;1024;602;422;1235;703;532;-211;-101;-110
2346;47;2044;34.0;7.0;1.0;8.0;16.0;398;207;191;1024;602;422;1240;704;536;-216;-102;-114
2347;47;2045;34.0;7.0;1.0;8.0;16.0;406;212;194;1024;602;422;1252;712;540;-228;-110;-118
2348;47;2046;35.0;7.0;1.0;8.0;16.0;406;212;194;1024;602;422;1259;715;544;-235;-113;-122
2349;47;2047;35.0;7.0;1.0;8.0;16.0;411;214;197;1024;602;422;1270;721;549;-246;-119;-127
2350;47;2048;35.0;7.0;1.0;8.0;16.0;404;211;193;1024;602;422;1263;718;545;-239;-116;-123
2351;47;2049;35.0;8.0;1.0;9.0;17.0;398;208;190;1025;603;422;1261;717;544;-236;-114;-122
2352;48;2002;0.0;2.0;0.0;0.0;2.0;637;369;268;888;527;361;960;579;381;-72;-52;-20
2353;48;2003;0.0;2.0;0.0;0.0;2.0;635;363;272;819;486;333;970;584;386;-151;-98;-53
2354;48;2004;0.0;2.0;0.0;0.0;2.0;642;366;276;790;467;323;990;599;391;-200;-132;-68
2355;48;2005;0.0;2.0;0.0;0.0;2.0;643;363;280;788;465;323;1001;603;398;-213;-138;-75
2356;48;2006;0.0;2.0;0.0;0.0;2.0;648;363;285;801;470;331;1017;615;402;-216;-145;-71
2357;48;2007;0.0;2.0;0.0;0.0;2.0;658;366;292;827;486;341;1031;624;407;-204;-138;-66
2358;48;2008;0.0;2.0;0.0;0.0;2.0;655;363;292;860;506;354;1080;657;423;-220;-151;-69
2359;48;2009;0.0;3.0;0.0;0.0;3.0;665;366;299;891;524;367;1058;642;416;-167;-118;-49
2360;48;2010;0.0;3.0;0.0;0.0;3.0;663;363;300;920;543;377;1087;662;425;-167;-119;-48
2361;48;2011;0.0;3.0;0.0;0.0;3.0;667;365;302;941;555;386;1110;676;434;-169;-121;-48
2362;48;2012;0.0;3.0;0.0;0.0;3.0;670;365;305;954;563;391;1139;692;447;-185;-129;-56
2363;48;2013;0.0;3.0;0.0;0.0;3.0;652;354;298;958;565;393;1137;691;446;-179;-126;-53
2364;48;2014;0.0;3.0;0.0;0.0;3.0;635;343;292;960;566;394;1121;681;440;-161;-115;-46
2365;48;2015;0.0;3.0;0.0;0.0;3.0;625;336;289;965;568;397;1124;675;449;-159;-107;-52
2366;48;2016;0.0;3.0;0.0;0.0;3.0;624;334;290;967;569;398;1145;687;458;-178;-118;-60
2367;48;2017;0.0;3.0;0.0;0.0;3.0;644;344;300;968;570;398;1168;699;469;-200;-129;-71
2368;48;2018;0.0;3.0;0.0;0.0;3.0;624;332;292;970;571;399;1169;695;474;-199;-124;-75
2369;48;2019;0.0;2.0;0.0;0.0;2.0;594;315;279;971;572;399;1143;675;468;-172;-103;-69
2370;48;2020;0.0;2.0;0.0;0.0;2.0;562;296;266;971;572;399;1128;663;465;-157;-91;-66
2371;48;2021;0.0;2.0;0.0;0.0;2.0;517;272;245;971;572;399;1093;640;453;-122;-68;-54
2372;48;2022;0.0;2.0;0.0;0.0;2.0;495;261;234;971;572;399;1085;634;451;-114;-62;-52
2373;48;2023;0.0;2.0;0.0;0.0;2.0;473;249;224;971;572;399;1070;624;446;-99;-52;-47
2374;48;2024;0.0;2.0;0.0;0.0;2.0;466;246;220;972;573;399;1068;622;446;-96;-49;-47
2375;48;2025;0.0;2.0;0.0;0.0;2.0;457;240;217;972;573;399;1074;623;451;-102;-50;-52
2376;48;2026;10.0;2.0;0.0;0.0;3.0;458;240;218;972;573;399;1083;627;456;-111;-54;-57
2377;48;2027;10.0;2.0;0.0;0.0;3.0;453;237;216;972;573;399;1086;626;460;-114;-53;-61
2378;48;2028;10.0;2.0;0.0;0.0;3.0;462;242;220;972;573;399;1103;635;468;-131;-62;-69
2379;48;2029;10.0;2.0;0.0;0.0;3.0;454;237;217;972;573;399;1109;637;472;-137;-64;-73
2380;48;2030;0.0;1.0;0.0;0.0;3.0;441;231;210;972;573;399;1112;640;472;-140;-67;-73
2381;48;2031;0.0;1.0;0.0;0.0;3.0;435;228;207;973;574;399;1117;643;474;-144;-69;-75
2382;48;2032;0.0;1.0;0.0;0.0;3.0;442;232;210;973;574;399;1133;652;481;-160;-78;-82
2383;48;2033;0.0;1.0;0.0;0.0;3.0;447;234;213;973;574;399;1141;654;487;-168;-80;-88
2384;48;2034;0.0;1.0;0.0;0.0;3.0;454;237;217;973;574;399;1152;660;492;-179;-86;-93
2385;48;2035;0.0;1.0;0.0;0.0;3.0;455;239;216;973;574;399;1157;663;494;-184;-89;-95
2386;48;2036;0.0;1.0;0.0;0.0;3.0;452;237;215;973;574;399;1160;663;497;-187;-89;-98
2387;48;2037;0.0;1.0;0.0;0.0;3.0;453;237;216;973;574;399;1168;666;502;-195;-92;-103
2388;48;2038;0.0;1.0;0.0;0.0;3.0;465;244;221;973;574;399;1185;676;509;-212;-102;-110
2389;48;2039;0.0;1.0;0.0;0.0;3.0;463;243;220;973;574;399;1186;675;511;-213;-101;-112
2390;48;2040;0.0;1.0;0.0;0.0;3.0;456;240;216;973;574;399;1184;674;510;-211;-100;-111
2391;48;2041;0.0;1.0;0.0;0.0;3.0;450;236;214;973;574;399;1182;672;510;-209;-98;-111
2392;48;2042;0.0;1.0;0.0;0.0;3.0;450;236;214;973;574;399;1187;675;512;-214;-101;-113
2393;48;2043;0.0;1.0;0.0;0.0;3.0;440;231;209;973;574;399;1181;671;510;-208;-97;-111
2394;48;2044;0.0;1.0;0.0;0.0;3.0;436;230;206;973;574;399;1184;674;510;-211;-100;-111
2395;48;2045;0.0;1.0;0.0;0.0;3.0;437;229;208;973;574;399;1189;675;514;-216;-101;-115
2396;48;2046;0.0;1.0;0.0;0.0;3.0;447;235;212;974;575;399;1202;683;519;-228;-108;-120
2397;48;2047;0.0;1.0;0.0;0.0;3.0;447;235;212;974;575;399;1208;686;522;-234;-111;-123
2398;48;2048;0.0;1.0;0.0;0.0;4.0;453;238;215;974;575;399;1219;692;527;-245;-117;-128
2399;48;2049;0.0;1.0;0.0;0.0;3.0;444;234;210;974;575;399;1212;689;523;-238;-114;-124
2400;49;2002;11.0;2.0;0.0;2.0;10.0;691;403;288;838;495;343;894;540;354;-56;-45;-11
2401;49;2003;11.0;2.0;0.0;2.0;11.0;689;398;291;776;458;318;914;551;363;-138;-93;-45
2402;49;2004;12.0;2.0;0.0;2.0;12.0;689;393;296;752;442;310;922;554;368;-170;-112;-58
2403;49;2005;12.0;2.0;0.0;2.0;12.0;697;397;300;750;440;310;942;569;373;-192;-129;-63
2404;49;2006;12.0;2.0;0.0;2.0;12.0;699;394;305;760;444;316;951;572;379;-191;-128;-63
2405;49;2007;12.0;2.0;0.0;2.0;11.0;704;394;310;784;459;325;968;585;383;-184;-126;-58
2406;49;2008;12.0;2.0;0.0;4.0;12.0;715;398;317;815;478;337;984;595;389;-169;-117;-52
2407;49;2009;12.0;2.0;0.0;4.0;11.0;711;394;317;845;497;348;1032;627;405;-187;-130;-57
2408;49;2010;13.0;3.0;0.0;4.0;11.0;722;398;324;872;514;358;1013;615;398;-141;-101;-40
2409;49;2011;13.0;3.0;0.0;4.0;11.0;719;394;325;894;528;366;1043;635;408;-149;-107;-42
2410;49;2012;13.0;3.0;0.0;4.0;12.0;726;398;328;903;533;370;1065;648;417;-162;-115;-47
2411;49;2013;13.0;3.0;0.0;4.0;12.0;728;397;331;908;537;371;1094;664;430;-186;-127;-59
2412;49;2014;13.0;3.0;0.0;4.0;11.0;708;386;322;910;538;372;1091;662;429;-181;-124;-57
2413;49;2015;13.0;3.0;0.0;4.0;11.0;690;374;316;913;539;374;1077;654;423;-164;-115;-49
2414;49;2016;13.0;3.0;0.0;4.0;11.0;679;367;312;916;541;375;1078;647;431;-162;-106;-56
2415;49;2017;13.0;3.0;0.0;4.0;10.0;678;364;314;918;542;376;1098;658;440;-180;-116;-64
2416;49;2018;13.0;3.0;0.0;4.0;11.0;701;376;325;919;543;376;1122;671;451;-203;-128;-75
2417;49;2019;13.0;3.0;0.0;4.0;10.0;677;362;315;920;543;377;1123;667;456;-203;-124;-79
2418;49;2020;12.0;2.0;0.0;4.0;10.0;645;344;301;921;544;377;1096;647;449;-175;-103;-72
2419;49;2021;12.0;2.0;0.0;2.0;10.0;610;323;287;921;544;377;1081;635;446;-160;-91;-69
2420;49;2022;11.0;2.0;0.0;2.0;9.0;562;297;265;921;544;377;1049;614;435;-128;-70;-58
2421;49;2023;11.0;2.0;0.0;2.0;9.0;538;285;253;921;544;377;1041;608;433;-120;-64;-56
2422;49;2024;10.0;2.0;0.0;2.0;8.0;514;272;242;921;544;377;1026;598;428;-105;-54;-51
2423;49;2025;10.0;2.0;0.0;2.0;7.0;507;269;238;922;545;377;1025;597;428;-103;-52;-51
2424;49;2026;10.0;2.0;0.0;2.0;7.0;497;262;235;922;545;377;1029;597;432;-107;-52;-55
2425;49;2027;10.0;2.0;0.0;2.0;7.0;498;263;235;923;546;377;1038;601;437;-115;-55;-60
2426;49;2028;10.0;2.0;0.0;2.0;7.0;493;260;233;923;546;377;1041;601;440;-118;-55;-63
2427;49;2029;10.0;2.0;0.0;2.0;7.0;503;265;238;923;546;377;1058;609;449;-135;-63;-72
2428;49;2030;10.0;2.0;0.0;2.0;7.0;494;260;234;923;546;377;1063;611;452;-140;-65;-75
2429;49;2031;10.0;2.0;0.0;2.0;6.0;480;253;227;923;546;377;1066;614;452;-143;-68;-75
2430;49;2032;10.0;2.0;0.0;2.0;6.0;474;250;224;923;546;377;1069;616;453;-146;-70;-76
2431;49;2033;10.0;1.0;0.0;2.0;6.0;481;254;227;923;546;377;1086;625;461;-163;-79;-84
2432;49;2034;10.0;1.0;0.0;2.0;6.0;486;256;230;923;546;377;1093;627;466;-170;-81;-89
2433;49;2035;11.0;1.0;0.0;2.0;6.0;494;260;234;923;546;377;1104;633;471;-181;-87;-94
2434;49;2036;11.0;1.0;0.0;2.0;6.0;495;262;233;923;546;377;1110;636;474;-187;-90;-97
2435;49;2037;11.0;1.0;0.0;2.0;5.0;491;259;232;923;546;377;1113;636;477;-190;-90;-100
2436;49;2038;11.0;1.0;0.0;2.0;5.0;493;260;233;923;546;377;1121;640;481;-198;-94;-104
2437;49;2039;11.0;1.0;0.0;2.0;6.0;506;268;238;923;546;377;1136;648;488;-213;-102;-111
2438;49;2040;11.0;1.0;0.0;2.0;6.0;504;266;238;924;547;377;1137;647;490;-213;-100;-113
2439;49;2041;11.0;1.0;0.0;1.0;6.0;497;263;234;924;547;377;1136;647;489;-212;-100;-112
2440;49;2042;11.0;1.0;0.0;1.0;4.0;491;259;232;924;547;377;1134;645;489;-210;-98;-112
2441;49;2043;11.0;1.0;0.0;1.0;4.0;490;259;231;924;547;377;1139;648;491;-215;-101;-114
2442;49;2044;11.0;1.0;0.0;1.0;4.0;479;253;226;924;547;377;1134;645;489;-210;-98;-112
2443;49;2045;11.0;1.0;0.0;1.0;4.0;475;252;223;924;547;377;1137;648;489;-213;-101;-112
2444;49;2046;11.0;1.0;0.0;1.0;4.0;476;251;225;924;547;377;1142;649;493;-218;-102;-116
2445;49;2047;11.0;1.0;0.0;1.0;5.0;486;257;229;924;547;377;1153;656;497;-229;-109;-120
2446;49;2048;11.0;1.0;0.0;1.0;3.0;487;258;229;924;547;377;1161;660;501;-237;-113;-124
2447;49;2049;12.0;1.0;0.0;1.0;4.0;493;261;232;924;547;377;1170;665;505;-246;-118;-128
2448;50;2002;;;;;;755;441;314;800;472;328;851;512;339;-51;-40;-11
2449;50;2003;;;;;;740;428;312;741;437;304;852;514;338;-111;-77;-34
2450;50;2004;;;;;;741;425;316;718;421;297;868;523;345;-150;-102;-48
2451;50;2005;;;;;;741;420;321;716;418;298;874;525;349;-158;-107;-51
2452;50;2006;;;;;;749;424;325;726;424;302;894;540;354;-168;-116;-52
2453;50;2007;;;;;;752;422;330;752;439;313;903;543;360;-151;-104;-47
2454;50;2008;;;;;;757;422;335;778;456;322;922;556;366;-144;-100;-44
2455;50;2009;;;;;;769;426;343;809;475;334;940;568;372;-131;-93;-38
2456;50;2010;;;;;;764;422;342;834;490;344;986;599;387;-152;-109;-43
2457;50;2011;;;;;;776;426;350;850;500;350;971;589;382;-121;-89;-32
2458;50;2012;;;;;;773;423;350;859;505;354;999;608;391;-140;-103;-37
2459;50;2013;;;;;;779;426;353;864;508;356;1019;620;399;-155;-112;-43
2460;50;2014;;;;;;782;426;356;867;509;358;1047;636;411;-180;-127;-53
2461;50;2015;;;;;;761;414;347;870;511;359;1045;635;410;-175;-124;-51
2462;50;2016;;;;;;741;401;340;872;512;360;1031;626;405;-159;-114;-45
2463;50;2017;;;;;;730;394;336;873;513;360;1032;619;413;-159;-106;-53
2464;50;2018;;;;;;728;391;337;874;513;361;1052;631;421;-178;-118;-60
2465;50;2019;;;;;;753;404;349;875;514;361;1075;643;432;-200;-129;-71
2466;50;2020;;;;;;728;389;339;876;515;361;1075;639;436;-199;-124;-75
2467;50;2021;;;;;;694;370;324;876;515;361;1050;620;430;-174;-105;-69
2468;50;2022;;;;;;657;348;309;876;515;361;1036;609;427;-160;-94;-66
2469;50;2023;;;;;;604;320;284;876;515;361;1005;589;416;-129;-74;-55
2470;50;2024;;;;;;579;307;272;876;515;361;996;582;414;-120;-67;-53
2471;50;2025;;;;;;553;293;260;876;515;361;981;573;408;-105;-58;-47
2472;50;2026;;;;;;544;289;255;876;515;361;981;572;409;-105;-57;-48
2473;50;2027;;;;;;535;283;252;876;515;361;984;571;413;-108;-56;-52
2474;50;2028;;;;;;536;283;253;876;515;361;994;576;418;-118;-61;-57
2475;50;2029;;;;;;531;280;251;876;515;361;997;576;421;-121;-61;-60
2476;50;2030;;;;;;542;286;256;876;515;361;1012;583;429;-136;-68;-68
2477;50;2031;;;;;;532;280;252;876;515;361;1016;585;431;-140;-70;-70
2478;50;2032;;;;;;517;273;244;876;515;361;1020;588;432;-144;-73;-71
2479;50;2033;;;;;;511;270;241;876;515;361;1022;589;433;-146;-74;-72
2480;50;2034;;;;;;518;274;244;876;515;361;1038;598;440;-162;-83;-79
2481;50;2035;;;;;;523;276;247;876;515;361;1048;602;446;-172;-87;-85
2482;50;2036;;;;;;532;280;252;877;516;361;1058;607;451;-181;-91;-90
2483;50;2037;;;;;;534;283;251;877;516;361;1063;610;453;-186;-94;-92
2484;50;2038;;;;;;529;280;249;877;516;361;1066;610;456;-189;-94;-95
2485;50;2039;;;;;;531;280;251;877;516;361;1073;613;460;-196;-97;-99
2486;50;2040;;;;;;545;289;256;877;516;361;1088;622;466;-211;-106;-105
2487;50;2041;;;;;;543;287;256;877;516;361;1090;621;469;-213;-105;-108
2488;50;2042;;;;;;534;283;251;877;516;361;1089;621;468;-212;-105;-107
2489;50;2043;;;;;;529;280;249;877;516;361;1087;619;468;-210;-103;-107
2490;50;2044;;;;;;528;280;248;877;516;361;1092;622;470;-215;-106;-109
2491;50;2045;;;;;;516;273;243;877;516;361;1087;619;468;-210;-103;-107
2492;50;2046;;;;;;512;272;240;877;516;361;1090;622;468;-213;-106;-107
2493;50;2047;;;;;;513;271;242;877;516;361;1095;623;472;-218;-107;-111
2494;50;2048;;;;;;524;278;246;877;516;361;1107;631;476;-230;-115;-115
2495;50;2049;;;;;;525;279;246;878;517;361;1113;634;479;-235;-117;-118
2496;51;2002;;;;;;789;462;327;759;443;316;783;474;309;-24;-31;7
2497;51;2003;;;;;;802;465;337;704;412;292;810;487;323;-106;-75;-31
2498;51;2004;;;;;;790;454;336;683;397;286;809;487;322;-126;-90;-36
2499;51;2005;;;;;;791;451;340;681;394;287;823;495;328;-142;-101;-41
2500;51;2006;;;;;;791;446;345;691;400;291;829;497;332;-138;-97;-41
2501;51;2007;;;;;;800;450;350;714;414;300;849;512;337;-135;-98;-37
2502;51;2008;;;;;;803;448;355;739;430;309;859;516;343;-120;-86;-34
2503;51;2009;;;;;;808;448;360;766;447;319;877;529;348;-111;-82;-29
2504;51;2010;;;;;;821;453;368;789;461;328;897;542;355;-108;-81;-27
2505;51;2011;;;;;;816;449;367;806;472;334;940;571;369;-134;-99;-35
2506;51;2012;;;;;;828;453;375;815;476;339;930;564;366;-115;-88;-27
2507;51;2013;;;;;;825;450;375;818;478;340;954;580;374;-136;-102;-34
2508;51;2014;;;;;;832;454;378;821;480;341;974;592;382;-153;-112;-41
2509;51;2015;;;;;;835;454;381;823;481;342;1000;607;393;-177;-126;-51
2510;51;2016;;;;;;812;441;371;826;483;343;998;606;392;-172;-123;-49
2511;51;2017;;;;;;791;428;363;828;484;344;986;598;388;-158;-114;-44
2512;51;2018;;;;;;779;420;359;829;484;345;986;591;395;-157;-107;-50
2513;51;2019;;;;;;778;418;360;833;486;347;1005;603;402;-172;-117;-55
2514;51;2020;;;;;;803;431;372;833;486;347;1027;614;413;-194;-128;-66
2515;51;2021;;;;;;777;415;362;833;486;347;1026;610;416;-193;-124;-69
2516;51;2022;;;;;;740;395;345;833;486;347;1005;594;411;-172;-108;-64
2517;51;2023;;;;;;701;372;329;833;486;347;990;582;408;-157;-96;-61
2518;51;2024;;;;;;645;342;303;833;486;347;960;563;397;-127;-77;-50
2519;51;2025;;;;;;618;328;290;833;486;347;951;556;395;-118;-70;-48
2520;51;2026;;;;;;590;313;277;833;486;347;938;548;390;-105;-62;-43
2521;51;2027;;;;;;582;310;272;833;486;347;936;546;390;-103;-60;-43
2522;51;2028;;;;;;571;302;269;833;486;347;940;546;394;-107;-60;-47
2523;51;2029;;;;;;573;303;270;833;486;347;948;550;398;-115;-64;-51
2524;51;2030;;;;;;567;300;267;834;487;347;951;550;401;-117;-63;-54
2525;51;2031;;;;;;579;306;273;834;487;347;965;557;408;-131;-70;-61
2526;51;2032;;;;;;569;300;269;834;487;347;970;559;411;-136;-72;-64
2527;51;2033;;;;;;552;292;260;834;487;347;973;562;411;-139;-75;-64
2528;51;2034;;;;;;546;289;257;834;487;347;976;563;413;-142;-76;-66
2529;51;2035;;;;;;554;294;260;834;487;347;990;571;419;-156;-84;-72
2530;51;2036;;;;;;559;296;263;834;487;347;999;575;424;-165;-88;-77
2531;51;2037;;;;;;569;300;269;834;487;347;1010;580;430;-176;-93;-83
2532;51;2038;;;;;;570;303;267;834;487;347;1015;583;432;-181;-96;-85
2533;51;2039;;;;;;565;299;266;834;487;347;1018;583;435;-184;-96;-88
2534;51;2040;;;;;;568;300;268;834;487;347;1026;587;439;-192;-100;-92
2535;51;2041;;;;;;584;310;274;834;487;347;1040;595;445;-206;-108;-98
2536;51;2042;;;;;;580;307;273;834;487;347;1042;595;447;-208;-108;-100
2537;51;2043;;;;;;573;304;269;834;487;347;1041;595;446;-207;-108;-99
2538;51;2044;;;;;;566;300;266;834;487;347;1040;593;447;-206;-106;-100
2539;51;2045;;;;;;566;300;266;834;487;347;1044;595;449;-210;-108;-102
2540;51;2046;;;;;;552;293;259;835;488;347;1039;592;447;-204;-104;-100
2541;51;2047;;;;;;548;292;256;835;488;347;1043;596;447;-208;-108;-100
2542;51;2048;;;;;;550;291;259;835;488;347;1049;598;451;-214;-110;-104
2543;51;2049;;;;;;561;298;263;835;488;347;1060;605;455;-225;-117;-108
2544;52;2002;;;;;;858;505;353;714;418;296;769;467;302;-55;-49;-6
2545;52;2003;;;;;;839;490;349;663;388;275;743;449;294;-80;-61;-19
2546;52;2004;;;;;;856;495;361;643;374;269;768;460;308;-125;-86;-39
2547;52;2005;;;;;;842;483;359;641;372;269;766;460;306;-125;-88;-37
2548;52;2006;;;;;;843;480;363;649;375;274;780;468;312;-131;-93;-38
2549;52;2007;;;;;;844;475;369;668;388;280;787;471;316;-119;-83;-36
2550;52;2008;;;;;;853;479;374;694;404;290;807;486;321;-113;-82;-31
2551;52;2009;;;;;;856;477;379;720;420;300;819;491;328;-99;-71;-28
2552;52;2010;;;;;;862;478;384;742;433;309;837;504;333;-95;-71;-24
2553;52;2011;;;;;;875;483;392;755;442;313;856;516;340;-101;-74;-27
2554;52;2012;;;;;;871;480;391;763;447;316;895;543;352;-132;-96;-36
2555;52;2013;;;;;;883;484;399;767;450;317;888;538;350;-121;-88;-33
2556;52;2014;;;;;;880;481;399;770;452;318;912;554;358;-142;-102;-40
2557;52;2015;;;;;;887;485;402;772;453;319;930;565;365;-158;-112;-46
2558;52;2016;;;;;;889;485;404;774;454;320;955;578;377;-181;-124;-57
2559;52;2017;;;;;;866;472;394;775;454;321;953;578;375;-178;-124;-54
2560;52;2018;;;;;;844;458;386;777;455;322;941;570;371;-164;-115;-49
2561;52;2019;;;;;;831;450;381;778;456;322;941;564;377;-163;-108;-55
2562;52;2020;;;;;;829;447;382;778;456;322;958;574;384;-180;-118;-62
2563;52;2021;;;;;;857;462;395;778;456;322;981;586;395;-203;-130;-73
2564;52;2022;;;;;;829;445;384;778;456;322;981;582;399;-203;-126;-77
2565;52;2023;;;;;;790;424;366;778;456;322;959;566;393;-181;-110;-71
2566;52;2024;;;;;;747;398;349;778;456;322;945;555;390;-167;-99;-68
2567;52;2025;;;;;;689;367;322;778;456;322;916;537;379;-138;-81;-57
2568;52;2026;;;;;;660;352;308;779;457;322;908;531;377;-129;-74;-55
2569;52;2027;;;;;;630;336;294;779;457;322;894;522;372;-115;-65;-50
2570;52;2028;;;;;;621;332;289;779;457;322;893;521;372;-114;-64;-50
2571;52;2029;;;;;;610;325;285;779;457;322;896;521;375;-117;-64;-53
2572;52;2030;;;;;;611;325;286;779;457;322;904;524;380;-125;-67;-58
2573;52;2031;;;;;;606;322;284;779;457;322;908;525;383;-129;-68;-61
2574;52;2032;;;;;;618;329;289;779;457;322;921;531;390;-142;-74;-68
2575;52;2033;;;;;;607;322;285;779;457;322;925;533;392;-146;-76;-70
2576;52;2034;;;;;;590;314;276;779;457;322;927;535;392;-148;-78;-70
2577;52;2035;;;;;;583;310;273;779;457;322;930;537;393;-151;-80;-71
2578;52;2036;;;;;;592;316;276;779;457;322;945;545;400;-166;-88;-78
2579;52;2037;;;;;;597;318;279;779;457;322;953;548;405;-174;-91;-83
2580;52;2038;;;;;;608;323;285;779;457;322;963;553;410;-184;-96;-88
2581;52;2039;;;;;;609;325;284;779;457;322;970;557;413;-191;-100;-91
2582;52;2040;;;;;;605;322;283;780;458;322;972;557;415;-192;-99;-93
2583;52;2041;;;;;;607;323;284;780;458;322;979;560;419;-199;-102;-97
2584;52;2042;;;;;;623;333;290;780;458;322;993;568;425;-213;-110;-103
2585;52;2043;;;;;;621;331;290;780;458;322;995;568;427;-215;-110;-105
2586;52;2044;;;;;;612;327;285;780;458;322;995;568;427;-215;-110;-105
2587;52;2045;;;;;;605;323;282;780;458;322;994;567;427;-214;-109;-105
2588;52;2046;;;;;;605;323;282;780;458;322;997;569;428;-217;-111;-106
2589;52;2047;;;;;;590;315;275;780;458;322;993;566;427;-213;-108;-105
2590;52;2048;;;;;;586;314;272;780;458;322;996;569;427;-216;-111;-105
2591;52;2049;;;;;;588;313;275;780;458;322;1001;571;430;-221;-113;-108
2592;53;2002;;;;;;942;560;382;668;391;277;730;443;287;-62;-52;-10
2593;53;2003;;;;;;913;537;376;622;364;258;731;442;289;-109;-78;-31
2594;53;2004;;;;;;895;523;372;604;351;253;705;424;281;-101;-73;-28
2595;53;2005;;;;;;914;529;385;602;348;254;728;435;293;-126;-87;-39
2596;53;2006;;;;;;899;516;383;610;353;257;727;435;292;-117;-82;-35
2597;53;2007;;;;;;900;513;387;629;365;264;740;442;298;-111;-77;-34
2598;53;2008;;;;;;900;508;392;652;380;272;748;446;302;-96;-66;-30
2599;53;2009;;;;;;910;513;397;676;394;282;768;461;307;-92;-67;-25
2600;53;2010;;;;;;913;511;402;696;407;289;779;466;313;-83;-59;-24
2601;53;2011;;;;;;920;513;407;708;415;293;797;479;318;-89;-64;-25
2602;53;2012;;;;;;934;518;416;714;419;295;817;491;326;-103;-72;-31
2603;53;2013;;;;;;929;515;414;720;422;298;854;517;337;-134;-95;-39
2604;53;2014;;;;;;943;520;423;722;423;299;849;513;336;-127;-90;-37
2605;53;2015;;;;;;939;517;422;724;424;300;869;526;343;-145;-102;-43
2606;53;2016;;;;;;946;521;425;725;425;300;887;537;350;-162;-112;-50
2607;53;2017;;;;;;949;521;428;729;427;302;910;550;360;-181;-123;-58
2608;53;2018;;;;;;924;507;417;730;427;303;909;549;360;-179;-122;-57
2609;53;2019;;;;;;900;492;408;733;429;304;897;542;355;-164;-113;-51
2610;53;2020;;;;;;887;484;403;733;429;304;897;536;361;-164;-107;-57
2611;53;2021;;;;;;885;481;404;733;429;304;914;546;368;-181;-117;-64
2612;53;2022;;;;;;914;497;417;733;429;304;936;558;378;-203;-129;-74
2613;53;2023;;;;;;885;479;406;733;429;304;936;554;382;-203;-125;-78
2614;53;2024;;;;;;843;456;387;733;429;304;915;539;376;-182;-110;-72
2615;53;2025;;;;;;798;429;369;733;429;304;902;529;373;-169;-100;-69
2616;53;2026;;;;;;735;395;340;733;429;304;873;511;362;-140;-82;-58
2617;53;2027;;;;;;705;380;325;733;429;304;865;505;360;-132;-76;-56
2618;53;2028;;;;;;673;362;311;733;429;304;853;497;356;-120;-68;-52
2619;53;2029;;;;;;663;358;305;733;429;304;850;495;355;-117;-66;-51
2620;53;2030;;;;;;651;350;301;733;429;304;853;495;358;-120;-66;-54
2621;53;2031;;;;;;654;351;303;733;429;304;860;498;362;-127;-69;-58
2622;53;2032;;;;;;647;347;300;733;429;304;864;499;365;-131;-70;-61
2623;53;2033;;;;;;660;354;306;733;429;304;877;505;372;-144;-76;-68
2624;53;2034;;;;;;649;348;301;733;429;304;880;506;374;-147;-77;-70
2625;53;2035;;;;;;631;339;292;733;429;304;882;508;374;-149;-79;-70
2626;53;2036;;;;;;623;335;288;733;429;304;885;510;375;-152;-81;-71
2627;53;2037;;;;;;632;340;292;734;430;304;899;518;381;-165;-88;-77
2628;53;2038;;;;;;638;343;295;734;430;304;907;521;386;-173;-91;-82
2629;53;2039;;;;;;650;349;301;734;430;304;918;526;392;-184;-96;-88
2630;53;2040;;;;;;651;351;300;734;430;304;924;530;394;-190;-100;-90
2631;53;2041;;;;;;647;348;299;734;430;304;927;530;397;-193;-100;-93
2632;53;2042;;;;;;648;348;300;734;430;304;933;533;400;-199;-103;-96
2633;53;2043;;;;;;666;359;307;734;430;304;947;541;406;-213;-111;-102
2634;53;2044;;;;;;663;357;306;734;430;304;949;541;408;-215;-111;-104
2635;53;2045;;;;;;654;353;301;734;430;304;948;541;407;-214;-111;-103
2636;53;2046;;;;;;647;348;299;734;430;304;947;540;407;-213;-110;-103
2637;53;2047;;;;;;646;348;298;734;430;304;951;542;409;-217;-112;-105
2638;53;2048;;;;;;631;340;291;734;430;304;947;540;407;-213;-110;-103
2639;53;2049;;;;;;628;340;288;734;430;304;951;543;408;-217;-113;-104
2640;54;2002;;;;;;1053;633;420;622;366;256;712;431;281;-90;-65;-25
2641;54;2003;;;;;;1003;597;406;580;340;240;692;418;274;-112;-78;-34
2642;54;2004;;;;;;976;576;400;566;330;236;692;417;275;-126;-87;-39
2643;54;2005;;;;;;957;561;396;562;327;235;668;400;268;-106;-73;-33
2644;54;2006;;;;;;978;568;410;571;331;240;689;409;280;-118;-78;-40
2645;54;2007;;;;;;963;555;408;586;341;245;689;410;279;-103;-69;-34
2646;54;2008;;;;;;962;551;411;605;353;252;703;418;285;-98;-65;-33
2647;54;2009;;;;;;963;546;417;627;368;259;712;423;289;-85;-55;-30
2648;54;2010;;;;;;974;552;422;647;380;267;733;438;295;-86;-58;-28
2649;54;2011;;;;;;977;550;427;659;388;271;743;443;300;-84;-55;-29
2650;54;2012;;;;;;984;552;432;666;393;273;761;456;305;-95;-63;-32
2651;54;2013;;;;;;998;558;440;668;394;274;779;467;312;-111;-73;-38
2652;54;2014;;;;;;992;554;438;670;395;275;814;491;323;-144;-96;-48
2653;54;2015;;;;;;1007;560;447;674;397;277;808;487;321;-134;-90;-44
2654;54;2016;;;;;;1004;557;447;676;398;278;828;500;328;-152;-102;-50
2655;54;2017;;;;;;1011;562;449;678;399;279;846;510;336;-168;-111;-57
2656;54;2018;;;;;;1014;562;452;678;399;279;866;521;345;-188;-122;-66
2657;54;2019;;;;;;988;548;440;679;400;279;865;521;344;-186;-121;-65
2658;54;2020;;;;;;962;531;431;679;400;279;854;514;340;-175;-114;-61
2659;54;2021;;;;;;948;523;425;679;400;279;854;509;345;-175;-109;-66
2660;54;2022;;;;;;946;520;426;679;400;279;869;518;351;-190;-118;-72
2661;54;2023;;;;;;978;537;441;679;400;279;893;530;363;-214;-130;-84
2662;54;2024;;;;;;946;518;428;679;400;279;891;526;365;-212;-126;-86
2663;54;2025;;;;;;901;493;408;679;400;279;871;512;359;-192;-112;-80
2664;54;2026;;;;;;854;464;390;679;400;279;858;502;356;-179;-102;-77
2665;54;2027;;;;;;787;428;359;679;400;279;832;485;347;-153;-85;-68
2666;54;2028;;;;;;755;411;344;679;400;279;823;479;344;-144;-79;-65
2667;54;2029;;;;;;720;392;328;679;400;279;809;470;339;-130;-70;-60
2668;54;2030;;;;;;710;388;322;680;401;279;809;470;339;-129;-69;-60
2669;54;2031;;;;;;697;379;318;680;401;279;812;470;342;-132;-69;-63
2670;54;2032;;;;;;700;380;320;680;401;279;819;473;346;-139;-72;-67
2671;54;2033;;;;;;693;376;317;680;401;279;822;473;349;-142;-72;-70
2672;54;2034;;;;;;707;384;323;680;401;279;835;480;355;-155;-79;-76
2673;54;2035;;;;;;695;377;318;680;401;279;837;480;357;-157;-79;-78
2674;54;2036;;;;;;675;367;308;680;401;279;838;482;356;-158;-81;-77
2675;54;2037;;;;;;667;363;304;680;401;279;841;483;358;-161;-82;-79
2676;54;2038;;;;;;677;369;308;680;401;279;855;491;364;-175;-90;-85
2677;54;2039;;;;;;684;372;312;680;401;279;863;494;369;-183;-93;-90
2678;54;2040;;;;;;696;378;318;680;401;279;873;499;374;-193;-98;-95
2679;54;2041;;;;;;698;381;317;680;401;279;878;502;376;-198;-101;-97
2680;54;2042;;;;;;693;377;316;680;401;279;881;503;378;-201;-102;-99
2681;54;2043;;;;;;695;378;317;680;401;279;888;506;382;-208;-105;-103
2682;54;2044;;;;;;714;390;324;680;401;279;902;514;388;-222;-113;-109
2683;54;2045;;;;;;711;387;324;680;401;279;903;514;389;-223;-113;-110
2684;54;2046;;;;;;701;383;318;680;401;279;903;514;389;-223;-113;-110
2685;54;2047;;;;;;694;378;316;680;401;279;903;513;390;-223;-112;-111
2686;54;2048;;;;;;693;378;315;681;402;279;906;515;391;-225;-113;-112
2687;54;2049;;;;;;677;369;308;681;402;279;902;513;389;-221;-111;-110
2688;55;2002;;;;;;1204;730;474;577;341;236;691;416;275;-114;-75;-39
2689;55;2003;;;;;;1126;679;447;538;320;218;674;406;268;-136;-86;-50
2690;55;2004;;;;;;1076;643;433;523;309;214;654;393;261;-131;-84;-47
2691;55;2005;;;;;;1047;620;427;520;306;214;655;392;263;-135;-86;-49
2692;55;2006;;;;;;1027;605;422;528;310;218;631;376;255;-103;-66;-37
2693;55;2007;;;;;;1048;612;436;544;321;223;653;386;267;-109;-65;-44
2694;55;2008;;;;;;1032;598;434;562;333;229;654;387;267;-92;-54;-38
2695;55;2009;;;;;;1032;595;437;581;344;237;667;395;272;-86;-51;-35
2696;55;2010;;;;;;1033;590;443;597;355;242;676;400;276;-79;-45;-34
2697;55;2011;;;;;;1044;596;448;609;363;246;695;414;281;-86;-51;-35
2698;55;2012;;;;;;1048;595;453;615;366;249;708;420;288;-93;-54;-39
2699;55;2013;;;;;;1054;597;457;619;368;251;725;432;293;-106;-64;-42
2700;55;2014;;;;;;1070;604;466;620;369;251;741;443;298;-121;-74;-47
2701;55;2015;;;;;;1064;600;464;622;370;252;772;463;309;-150;-93;-57
2702;55;2016;;;;;;1079;606;473;624;371;253;769;461;308;-145;-90;-55
2703;55;2017;;;;;;1075;603;472;626;372;254;787;473;314;-161;-101;-60
2704;55;2018;;;;;;1084;609;475;626;372;254;803;483;320;-177;-111;-66
2705;55;2019;;;;;;1087;609;478;627;373;254;823;493;330;-196;-120;-76
2706;55;2020;;;;;;1059;594;465;629;374;255;821;492;329;-192;-118;-74
2707;55;2021;;;;;;1031;576;455;629;374;255;812;487;325;-183;-113;-70
2708;55;2022;;;;;;1016;567;449;629;374;255;812;482;330;-183;-108;-75
2709;55;2023;;;;;;1014;564;450;629;374;255;826;490;336;-197;-116;-81
2710;55;2024;;;;;;1049;583;466;629;374;255;848;501;347;-219;-127;-92
2711;55;2025;;;;;;1014;562;452;629;374;255;847;498;349;-218;-124;-94
2712;55;2026;;;;;;966;535;431;630;375;255;829;485;344;-199;-110;-89
2713;55;2027;;;;;;916;504;412;630;375;255;816;475;341;-186;-100;-86
2714;55;2028;;;;;;844;465;379;630;375;255;789;459;330;-159;-84;-75
2715;55;2029;;;;;;810;447;363;630;375;255;783;454;329;-153;-79;-74
2716;55;2030;;;;;;773;426;347;630;375;255;769;445;324;-139;-70;-69
2717;55;2031;;;;;;763;422;341;630;375;255;767;444;323;-137;-69;-68
2718;55;2032;;;;;;748;412;336;630;375;255;770;444;326;-140;-69;-71
2719;55;2033;;;;;;751;413;338;630;375;255;778;448;330;-148;-73;-75
2720;55;2034;;;;;;743;409;334;630;375;255;781;448;333;-151;-73;-78
2721;55;2035;;;;;;759;418;341;630;375;255;792;453;339;-162;-78;-84
2722;55;2036;;;;;;746;410;336;630;375;255;795;454;341;-165;-79;-86
2723;55;2037;;;;;;726;400;326;630;375;255;796;456;340;-166;-81;-85
2724;55;2038;;;;;;717;395;322;630;375;255;798;457;341;-168;-82;-86
2725;55;2039;;;;;;728;402;326;630;375;255;812;465;347;-182;-90;-92
2726;55;2040;;;;;;735;405;330;630;375;255;820;468;352;-190;-93;-97
2727;55;2041;;;;;;747;411;336;630;375;255;829;472;357;-199;-97;-102
2728;55;2042;;;;;;749;414;335;631;376;255;835;476;359;-204;-100;-104
2729;55;2043;;;;;;743;410;333;631;376;255;838;477;361;-207;-101;-106
2730;55;2044;;;;;;746;411;335;631;376;255;845;480;365;-214;-104;-110
2731;55;2045;;;;;;768;425;343;631;376;255;857;487;370;-226;-111;-115
2732;55;2046;;;;;;764;422;342;631;376;255;859;487;372;-228;-111;-117
2733;55;2047;;;;;;754;417;337;631;376;255;858;487;371;-227;-111;-116
2734;55;2048;;;;;;746;412;334;631;376;255;857;486;371;-226;-110;-116
2735;55;2049;;;;;;745;412;333;631;376;255;861;488;373;-230;-112;-118
2736;56;2002;;;;;;1356;835;521;536;320;216;648;391;257;-112;-71;-41
2737;56;2003;;;;;;1290;785;505;498;298;200;651;390;261;-153;-92;-61
2738;56;2004;;;;;;1210;733;477;488;289;199;635;380;255;-147;-91;-56
2739;56;2005;;;;;;1157;695;462;481;284;197;616;367;249;-135;-83;-52
2740;56;2006;;;;;;1125;670;455;489;288;201;617;367;250;-128;-79;-49
2741;56;2007;;;;;;1105;654;451;503;297;206;596;353;243;-93;-56;-37
2742;56;2008;;;;;;1127;662;465;520;308;212;618;363;255;-98;-55;-43
2743;56;2009;;;;;;1110;648;462;539;320;219;620;365;255;-81;-45;-36
2744;56;2010;;;;;;1110;645;465;554;330;224;634;373;261;-80;-43;-37
2745;56;2011;;;;;;1110;639;471;562;336;226;644;379;265;-82;-43;-39
2746;56;2012;;;;;;1123;647;476;567;339;228;662;392;270;-95;-53;-42
2747;56;2013;;;;;;1127;646;481;570;341;229;672;397;275;-102;-56;-46
2748;56;2014;;;;;;1133;648;485;572;342;230;687;408;279;-115;-66;-49
2749;56;2015;;;;;;1150;655;495;574;343;231;703;418;285;-129;-75;-54
2750;56;2016;;;;;;1144;652;492;574;343;231;733;438;295;-159;-95;-64
2751;56;2017;;;;;;1161;659;502;576;344;232;731;436;295;-155;-92;-63
2752;56;2018;;;;;;1156;656;500;578;346;232;747;446;301;-169;-100;-69
2753;56;2019;;;;;;1165;662;503;579;346;233;762;455;307;-183;-109;-74
2754;56;2020;;;;;;1168;662;506;579;346;233;780;465;315;-201;-119;-82
2755;56;2021;;;;;;1138;646;492;579;346;233;779;465;314;-200;-119;-81
2756;56;2022;;;;;;1109;627;482;579;346;233;771;459;312;-192;-113;-79
2757;56;2023;;;;;;1092;617;475;579;346;233;770;454;316;-191;-108;-83
2758;56;2024;;;;;;1091;614;477;579;346;233;784;462;322;-205;-116;-89
2759;56;2025;;;;;;1128;635;493;579;346;233;805;474;331;-226;-128;-98
2760;56;2026;;;;;;1091;612;479;579;346;233;803;470;333;-224;-124;-100
2761;56;2027;;;;;;1040;583;457;579;346;233;787;458;329;-208;-112;-96
2762;56;2028;;;;;;985;549;436;579;346;233;774;448;326;-195;-102;-93
2763;56;2029;;;;;;908;507;401;579;346;233;750;434;316;-171;-88;-83
2764;56;2030;;;;;;871;487;384;579;346;233;741;428;313;-162;-82;-80
2765;56;2031;;;;;;832;465;367;579;346;233;729;420;309;-150;-74;-76
2766;56;2032;;;;;;820;460;360;579;346;233;727;419;308;-148;-73;-75
2767;56;2033;;;;;;806;450;356;579;346;233;732;420;312;-153;-74;-79
2768;56;2034;;;;;;808;451;357;579;346;233;737;422;315;-158;-76;-82
2769;56;2035;;;;;;800;446;354;579;346;233;739;422;317;-160;-76;-84
2770;56;2036;;;;;;817;456;361;579;346;233;751;428;323;-172;-82;-90
2771;56;2037;;;;;;803;447;356;579;346;233;753;429;324;-174;-83;-91
2772;56;2038;;;;;;781;436;345;579;346;233;754;430;324;-175;-84;-91
2773;56;2039;;;;;;772;431;341;580;347;233;757;431;326;-177;-84;-93
2774;56;2040;;;;;;784;439;345;580;347;233;769;438;331;-189;-91;-98
2775;56;2041;;;;;;791;442;349;580;347;233;777;441;336;-197;-94;-103
2776;56;2042;;;;;;805;449;356;580;347;233;786;446;340;-206;-99;-107
2777;56;2043;;;;;;808;453;355;580;347;233;792;450;342;-212;-103;-109
2778;56;2044;;;;;;802;449;353;580;347;233;794;450;344;-214;-103;-111
2779;56;2045;;;;;;804;449;355;580;347;233;801;453;348;-221;-106;-115
2780;56;2046;;;;;;827;464;363;580;347;233;813;460;353;-233;-113;-120
2781;56;2047;;;;;;823;461;362;580;347;233;814;460;354;-234;-113;-121
2782;56;2048;;;;;;813;456;357;580;347;233;815;461;354;-235;-114;-121
2783;56;2049;;;;;;804;450;354;580;347;233;814;460;354;-234;-113;-121
2784;57;2002;;;;;;1066;662;404;492;296;196;504;306;198;-12;-10;-2
2785;57;2003;;;;;;1457;900;557;459;276;183;610;366;244;-151;-90;-61
2786;57;2004;;;;;;1391;850;541;447;268;179;612;364;248;-165;-96;-69
2787;57;2005;;;;;;1304;793;511;444;265;179;596;354;242;-152;-89;-63
2788;57;2006;;;;;;1248;753;495;449;267;182;580;343;237;-131;-76;-55
2789;57;2007;;;;;;1214;727;487;458;274;184;583;344;239;-125;-70;-55
2790;57;2008;;;;;;1191;709;482;474;284;190;565;332;233;-91;-48;-43
2791;57;2009;;;;;;1216;719;497;489;294;195;586;342;244;-97;-48;-49
2792;57;2010;;;;;;1196;703;493;503;303;200;588;344;244;-85;-41;-44
2793;57;2011;;;;;;1197;701;496;512;309;203;601;352;249;-89;-43;-46
2794;57;2012;;;;;;1197;695;502;519;313;206;610;357;253;-91;-44;-47
2795;57;2013;;;;;;1210;704;506;521;314;207;627;370;257;-106;-56;-50
2796;57;2014;;;;;;1215;703;512;524;316;208;636;374;262;-112;-58;-54
2797;57;2015;;;;;;1221;705;516;526;318;208;651;384;267;-125;-66;-59
2798;57;2016;;;;;;1240;714;526;529;319;210;667;394;273;-138;-75;-63
2799;57;2017;;;;;;1233;710;523;529;319;210;694;412;282;-165;-93;-72
2800;57;2018;;;;;;1252;719;533;530;319;211;692;411;281;-162;-92;-70
2801;57;2019;;;;;;1246;715;531;531;320;211;707;420;287;-176;-100;-76
2802;57;2020;;;;;;1256;722;534;531;320;211;720;428;292;-189;-108;-81
2803;57;2021;;;;;;1260;723;537;531;320;211;738;438;300;-207;-118;-89
2804;57;2022;;;;;;1228;705;523;531;320;211;737;437;300;-206;-117;-89
2805;57;2023;;;;;;1196;685;511;531;320;211;729;432;297;-198;-112;-86
2806;57;2024;;;;;;1178;674;504;531;320;211;728;427;301;-197;-107;-90
2807;57;2025;;;;;;1177;671;506;531;320;211;743;436;307;-212;-116;-96
2808;57;2026;;;;;;1216;693;523;531;320;211;762;446;316;-231;-126;-105
2809;57;2027;;;;;;1177;669;508;531;320;211;761;442;319;-230;-122;-108
2810;57;2028;;;;;;1123;638;485;531;320;211;745;431;314;-214;-111;-103
2811;57;2029;;;;;;1063;601;462;531;320;211;733;422;311;-202;-102;-100
2812;57;2030;;;;;;980;554;426;532;321;211;709;408;301;-177;-87;-90
2813;57;2031;;;;;;941;533;408;533;322;211;702;403;299;-169;-81;-88
2814;57;2032;;;;;;898;508;390;533;322;211;689;395;294;-156;-73;-83
2815;57;2033;;;;;;887;504;383;533;322;211;688;394;294;-155;-72;-83
2816;57;2034;;;;;;870;492;378;533;322;211;692;395;297;-159;-73;-86
2817;57;2035;;;;;;873;494;379;533;322;211;698;398;300;-165;-76;-89
2818;57;2036;;;;;;865;489;376;533;322;211;699;397;302;-166;-75;-91
2819;57;2037;;;;;;883;499;384;533;322;211;710;403;307;-177;-81;-96
2820;57;2038;;;;;;868;490;378;533;322;211;712;403;309;-179;-81;-98
2821;57;2039;;;;;;844;478;366;533;322;211;714;405;309;-181;-83;-98
2822;57;2040;;;;;;834;472;362;533;322;211;716;406;310;-183;-84;-99
2823;57;2041;;;;;;847;481;366;533;322;211;727;412;315;-194;-90;-104
2824;57;2042;;;;;;855;484;371;533;322;211;736;416;320;-203;-94;-109
2825;57;2043;;;;;;870;492;378;533;322;211;744;420;324;-211;-98;-113
2826;57;2044;;;;;;873;496;377;533;322;211;749;423;326;-216;-101;-115
2827;57;2045;;;;;;867;492;375;533;322;211;751;423;328;-218;-101;-117
2828;57;2046;;;;;;871;493;378;533;322;211;758;427;331;-225;-105;-120
2829;57;2047;;;;;;895;509;386;533;322;211;770;434;336;-237;-112;-125
2830;57;2048;;;;;;890;505;385;533;322;211;772;434;338;-239;-112;-127
2831;57;2049;;;;;;879;500;379;533;322;211;771;434;337;-238;-112;-126
2832;58;2002;;;;;;1221;766;455;450;273;177;474;287;187;-24;-14;-10
2833;58;2003;;;;;;1148;715;433;416;253;163;472;285;187;-56;-32;-24
2834;58;2004;;;;;;1575;976;599;407;246;161;572;341;231;-165;-95;-70
2835;58;2005;;;;;;1504;922;582;403;243;160;574;339;235;-171;-96;-75
2836;58;2006;;;;;;1410;861;549;407;244;163;561;330;231;-154;-86;-68
2837;58;2007;;;;;;1349;818;531;419;252;167;547;321;226;-128;-69;-59
2838;58;2008;;;;;;1312;790;522;435;263;172;549;322;227;-114;-59;-55
2839;58;2009;;;;;;1288;772;516;449;272;177;532;311;221;-83;-39;-44
2840;58;2010;;;;;;1314;782;532;462;280;182;553;321;232;-91;-41;-50
2841;58;2011;;;;;;1293;766;527;467;284;183;556;324;232;-89;-40;-49
2842;58;2012;;;;;;1294;763;531;472;287;185;569;331;238;-97;-44;-53
2843;58;2013;;;;;;1294;758;536;474;288;186;577;336;241;-103;-48;-55
2844;58;2014;;;;;;1308;767;541;475;289;186;593;348;245;-118;-59;-59
2845;58;2015;;;;;;1313;767;546;477;290;187;602;352;250;-125;-62;-63
2846;58;2016;;;;;;1321;770;551;477;290;187;615;361;254;-138;-71;-67
2847;58;2017;;;;;;1341;780;561;479;291;188;629;370;259;-150;-79;-71
2848;58;2018;;;;;;1333;775;558;480;292;188;654;386;268;-174;-94;-80
2849;58;2019;;;;;;1353;785;568;480;292;188;653;385;268;-173;-93;-80
2850;58;2020;;;;;;1347;781;566;480;292;188;668;394;274;-188;-102;-86
2851;58;2021;;;;;;1359;790;569;480;292;188;681;402;279;-201;-110;-91
2852;58;2022;;;;;;1363;791;572;480;292;188;696;410;286;-216;-118;-98
2853;58;2023;;;;;;1328;771;557;480;292;188;695;410;285;-215;-118;-97
2854;58;2024;;;;;;1294;749;545;480;292;188;688;405;283;-208;-113;-95
2855;58;2025;;;;;;1275;738;537;480;292;188;688;401;287;-208;-109;-99
2856;58;2026;;;;;;1273;734;539;480;292;188;700;408;292;-220;-116;-104
2857;58;2027;;;;;;1316;759;557;481;293;188;720;419;301;-239;-126;-113
2858;58;2028;;;;;;1274;733;541;481;293;188;718;415;303;-237;-122;-115
2859;58;2029;;;;;;1215;699;516;481;293;188;704;405;299;-223;-112;-111
2860;58;2030;;;;;;1150;658;492;481;293;188;692;396;296;-211;-103;-108
2861;58;2031;;;;;;1061;607;454;481;293;188;670;383;287;-189;-90;-99
2862;58;2032;;;;;;1018;584;434;481;293;188;662;378;284;-181;-85;-96
2863;58;2033;;;;;;973;558;415;481;293;188;651;371;280;-170;-78;-92
2864;58;2034;;;;;;960;552;408;481;293;188;649;370;279;-168;-77;-91
2865;58;2035;;;;;;943;540;403;481;293;188;652;370;282;-171;-77;-94
2866;58;2036;;;;;;946;542;404;481;293;188;658;373;285;-177;-80;-97
2867;58;2037;;;;;;937;536;401;481;293;188;660;373;287;-179;-80;-99
2868;58;2038;;;;;;957;548;409;481;293;188;670;378;292;-189;-85;-104
2869;58;2039;;;;;;941;538;403;481;293;188;672;378;294;-191;-85;-106
2870;58;2040;;;;;;915;525;390;481;293;188;673;379;294;-192;-86;-106
2871;58;2041;;;;;;905;519;386;481;293;188;675;380;295;-194;-87;-107
2872;58;2042;;;;;;918;528;390;481;293;188;687;387;300;-206;-94;-112
2873;58;2043;;;;;;927;532;395;481;293;188;694;390;304;-213;-97;-116
2874;58;2044;;;;;;945;541;404;481;293;188;703;394;309;-222;-101;-121
2875;58;2045;;;;;;947;545;402;482;294;188;708;397;311;-226;-103;-123
2876;58;2046;;;;;;940;540;400;482;294;188;711;398;313;-229;-104;-125
2877;58;2047;;;;;;945;542;403;482;294;188;717;401;316;-235;-107;-128
2878;58;2048;;;;;;971;559;412;482;294;188;727;407;320;-245;-113;-132
2879;58;2049;;;;;;967;556;411;482;294;188;729;407;322;-247;-113;-134
2880;59;2002;;;;;;1272;807;465;412;251;161;424;260;164;-12;-9;-3
2881;59;2003;;;;;;1318;828;490;384;235;149;443;266;177;-59;-31;-28
2882;59;2004;;;;;;1244;776;468;372;227;145;441;264;177;-69;-37;-32
2883;59;2005;;;;;;1706;1060;646;368;223;145;535;316;219;-167;-93;-74
2884;59;2006;;;;;;1629;1002;627;373;225;148;538;315;223;-165;-90;-75
2885;59;2007;;;;;;1528;937;591;382;232;150;527;308;219;-145;-76;-69
2886;59;2008;;;;;;1462;890;572;396;241;155;514;299;215;-118;-58;-60
2887;59;2009;;;;;;1422;860;562;406;248;158;518;301;217;-112;-53;-59
2888;59;2010;;;;;;1396;841;555;418;255;163;502;292;210;-84;-37;-47
2889;59;2011;;;;;;1424;853;571;425;260;165;522;302;220;-97;-42;-55
2890;59;2012;;;;;;1402;836;566;429;263;166;525;304;221;-96;-41;-55
2891;59;2013;;;;;;1402;833;569;430;264;166;535;310;225;-105;-46;-59
2892;59;2014;;;;;;1402;827;575;432;265;167;544;315;229;-112;-50;-62
2893;59;2015;;;;;;1418;838;580;434;266;168;560;326;234;-126;-60;-66
2894;59;2016;;;;;;1423;838;585;436;267;169;567;329;238;-131;-62;-69
2895;59;2017;;;;;;1432;842;590;436;267;169;580;338;242;-144;-71;-73
2896;59;2018;;;;;;1453;853;600;439;269;170;593;346;247;-154;-77;-77
2897;59;2019;;;;;;1444;848;596;439;269;170;614;360;254;-175;-91;-84
2898;59;2020;;;;;;1467;859;608;439;269;170;615;361;254;-176;-92;-84
2899;59;2021;;;;;;1462;856;606;439;269;170;629;368;261;-190;-99;-91
2900;59;2022;;;;;;1474;865;609;439;269;170;641;376;265;-202;-107;-95
2901;59;2023;;;;;;1477;866;611;439;269;170;655;383;272;-216;-114;-102
2902;59;2024;;;;;;1440;845;595;439;269;170;653;382;271;-214;-113;-101
2903;59;2025;;;;;;1403;821;582;439;269;170;647;379;268;-208;-110;-98
2904;59;2026;;;;;;1383;809;574;439;269;170;647;375;272;-208;-106;-102
2905;59;2027;;;;;;1382;806;576;439;269;170;660;382;278;-221;-113;-108
2906;59;2028;;;;;;1428;833;595;439;269;170;678;391;287;-239;-122;-117
2907;59;2029;;;;;;1382;804;578;439;269;170;677;389;288;-238;-120;-118
2908;59;2030;;;;;;1319;767;552;439;269;170;662;379;283;-223;-110;-113
2909;59;2031;;;;;;1249;723;526;439;269;170;652;371;281;-213;-102;-111
2910;59;2032;;;;;;1152;667;485;439;269;170;630;358;272;-191;-89;-102
2911;59;2033;;;;;;1107;642;465;439;269;170;623;353;270;-184;-84;-100
2912;59;2034;;;;;;1057;613;444;439;269;170;613;347;266;-174;-78;-96
2913;59;2035;;;;;;1043;607;436;439;269;170;611;346;265;-172;-77;-95
2914;59;2036;;;;;;1025;594;431;439;269;170;614;346;268;-175;-77;-98
2915;59;2037;;;;;;1029;596;433;439;269;170;619;349;270;-180;-80;-100
2916;59;2038;;;;;;1019;590;429;439;269;170;620;348;272;-181;-79;-102
2917;59;2039;;;;;;1040;603;437;439;269;170;631;354;277;-192;-85;-107
2918;59;2040;;;;;;1022;591;431;439;269;170;633;354;279;-194;-85;-109
2919;59;2041;;;;;;995;577;418;440;270;170;634;355;279;-194;-85;-109
2920;59;2042;;;;;;983;570;413;440;270;170;636;356;280;-196;-86;-110
2921;59;2043;;;;;;999;581;418;440;270;170;647;362;285;-207;-92;-115
2922;59;2044;;;;;;1008;585;423;440;270;170;654;365;289;-214;-95;-119
2923;59;2045;;;;;;1027;595;432;440;270;170;662;369;293;-222;-99;-123
2924;59;2046;;;;;;1030;600;430;440;270;170;666;372;294;-226;-102;-124
2925;59;2047;;;;;;1023;595;428;440;270;170;668;372;296;-228;-102;-126
2926;59;2048;;;;;;1027;596;431;440;270;170;674;375;299;-234;-105;-129
2927;59;2049;;;;;;1057;616;441;440;270;170;685;381;304;-245;-111;-134
2928;60;2002;;;;;;1294;827;467;371;229;142;379;227;152;-8;2;-10
2929;60;2003;;;;;;1376;873;503;345;212;133;394;240;154;-49;-28;-21
2930;60;2004;;;;;;1430;900;530;337;206;131;412;246;166;-75;-40;-35
2931;60;2005;;;;;;1350;844;506;333;203;130;411;245;166;-78;-42;-36
2932;60;2006;;;;;;1851;1153;698;335;204;131;499;293;206;-164;-89;-75
2933;60;2007;;;;;;1768;1090;678;345;209;136;502;291;211;-157;-82;-75
2934;60;2008;;;;;;1659;1020;639;357;218;139;492;285;207;-135;-67;-68
2935;60;2009;;;;;;1587;970;617;366;223;143;482;278;204;-116;-55;-61
2936;60;2010;;;;;;1544;938;606;376;230;146;486;281;205;-110;-51;-59
2937;60;2011;;;;;;1515;917;598;383;234;149;472;273;199;-89;-39;-50
2938;60;2012;;;;;;1546;931;615;385;236;149;491;282;209;-106;-46;-60
2939;60;2013;;;;;;1522;913;609;389;239;150;495;285;210;-106;-46;-60
2940;60;2014;;;;;;1523;911;612;391;241;150;504;290;214;-113;-49;-64
2941;60;2015;;;;;;1522;904;618;392;241;151;511;294;217;-119;-53;-66
2942;60;2016;;;;;;1540;917;623;393;242;151;525;304;221;-132;-62;-70
2943;60;2017;;;;;;1545;917;628;394;243;151;533;308;225;-139;-65;-74
2944;60;2018;;;;;;1554;921;633;394;243;151;544;315;229;-150;-72;-78
2945;60;2019;;;;;;1578;934;644;395;243;152;556;323;233;-161;-80;-81
2946;60;2020;;;;;;1569;929;640;395;243;152;576;335;241;-181;-92;-89
2947;60;2021;;;;;;1594;942;652;395;243;152;577;336;241;-182;-93;-89
2948;60;2022;;;;;;1588;938;650;395;243;152;589;343;246;-194;-100;-94
2949;60;2023;;;;;;1602;949;653;395;243;152;602;351;251;-207;-108;-99
2950;60;2024;;;;;;1606;950;656;395;243;152;615;358;257;-220;-115;-105
2951;60;2025;;;;;;1566;927;639;395;243;152;613;357;256;-218;-114;-104
2952;60;2026;;;;;;1526;901;625;395;243;152;608;353;255;-213;-110;-103
2953;60;2027;;;;;;1504;888;616;395;243;152;608;350;258;-213;-107;-106
2954;60;2028;;;;;;1502;884;618;395;243;152;619;356;263;-224;-113;-111
2955;60;2029;;;;;;1554;915;639;395;243;152;636;365;271;-241;-122;-119
2956;60;2030;;;;;;1505;884;621;395;243;152;635;362;273;-240;-119;-121
2957;60;2031;;;;;;1435;843;592;395;243;152;621;353;268;-226;-110;-116
2958;60;2032;;;;;;1359;794;565;395;243;152;613;346;267;-218;-103;-115
2959;60;2033;;;;;;1254;733;521;396;244;152;592;334;258;-196;-90;-106
2960;60;2034;;;;;;1204;705;499;396;244;152;586;330;256;-190;-86;-104
2961;60;2035;;;;;;1151;674;477;396;244;152;574;323;251;-178;-79;-99
2962;60;2036;;;;;;1136;668;468;396;244;152;574;323;251;-178;-79;-99
2963;60;2037;;;;;;1116;653;463;396;244;152;576;323;253;-180;-79;-101
2964;60;2038;;;;;;1120;656;464;396;244;152;581;325;256;-185;-81;-104
2965;60;2039;;;;;;1109;649;460;396;244;152;583;325;258;-187;-81;-106
2966;60;2040;;;;;;1134;664;470;396;244;152;592;330;262;-196;-86;-110
2967;60;2041;;;;;;1114;651;463;396;244;152;594;330;264;-198;-86;-112
2968;60;2042;;;;;;1085;636;449;396;244;152;595;331;264;-199;-87;-112
2969;60;2043;;;;;;1071;628;443;396;244;152;597;332;265;-201;-88;-113
2970;60;2044;;;;;;1089;640;449;396;244;152;606;337;269;-210;-93;-117
2971;60;2045;;;;;;1100;645;455;396;244;152;614;341;273;-218;-97;-121
2972;60;2046;;;;;;1120;656;464;396;244;152;622;345;277;-226;-101;-125
2973;60;2047;;;;;;1123;661;462;396;244;152;627;348;279;-231;-104;-127
2974;60;2048;;;;;;1115;655;460;396;244;152;629;348;281;-233;-104;-129
2975;60;2049;;;;;;1120;657;463;396;244;152;634;351;283;-238;-107;-131
2976;61;2002;;;;;;1357;872;485;338;208;130;332;198;134;6;10;-4
2977;61;2003;;;;;;1400;894;506;314;194;120;353;210;143;-39;-16;-23
2978;61;2004;;;;;;1495;948;547;305;188;117;366;221;145;-61;-33;-28
2979;61;2005;;;;;;1554;978;576;301;185;116;383;227;156;-82;-42;-40
2980;61;2006;;;;;;1468;918;550;305;186;119;382;226;156;-77;-40;-37
2981;61;2007;;;;;;2012;1254;758;312;191;121;466;272;194;-154;-81;-73
2982;61;2008;;;;;;1922;1187;735;323;199;124;469;270;199;-146;-71;-75
2983;61;2009;;;;;;1803;1111;692;333;206;127;461;265;196;-128;-59;-69
2984;61;2010;;;;;;1725;1057;668;340;210;130;452;259;193;-112;-49;-63
2985;61;2011;;;;;;1678;1023;655;347;215;132;455;261;194;-108;-46;-62
2986;61;2012;;;;;;1648;1002;646;350;217;133;443;254;189;-93;-37;-56
2987;61;2013;;;;;;1681;1017;664;352;218;134;460;262;198;-108;-44;-64
2988;61;2014;;;;;;1656;998;658;353;219;134;464;266;198;-111;-47;-64
2989;61;2015;;;;;;1656;995;661;354;219;135;472;270;202;-118;-51;-67
2990;61;2016;;;;;;1655;989;666;356;220;136;479;274;205;-123;-54;-69
2991;61;2017;;;;;;1674;1003;671;357;220;137;492;283;209;-135;-63;-72
2992;61;2018;;;;;;1681;1004;677;358;221;137;498;286;212;-140;-65;-75
2993;61;2019;;;;;;1691;1009;682;359;221;138;509;293;216;-150;-72;-78
2994;61;2020;;;;;;1717;1023;694;359;221;138;522;301;221;-163;-80;-83
2995;61;2021;;;;;;1707;1018;689;359;221;138;539;312;227;-180;-91;-89
2996;61;2022;;;;;;1734;1032;702;359;221;138;540;312;228;-181;-91;-90
2997;61;2023;;;;;;1728;1028;700;359;221;138;550;318;232;-191;-97;-94
2998;61;2024;;;;;;1743;1040;703;359;221;138;561;325;236;-202;-104;-98
2999;61;2025;;;;;;1748;1042;706;359;221;138;576;333;243;-217;-112;-105
3000;61;2026;;;;;;1705;1017;688;359;221;138;574;332;242;-215;-111;-104
3001;61;2027;;;;;;1662;989;673;359;221;138;568;328;240;-209;-107;-102
3002;61;2028;;;;;;1639;975;664;360;222;138;568;325;243;-208;-103;-105
3003;61;2029;;;;;;1637;971;666;360;222;138;578;330;248;-218;-108;-110
3004;61;2030;;;;;;1693;1005;688;360;222;138;596;340;256;-236;-118;-118
3005;61;2031;;;;;;1639;971;668;360;222;138;594;337;257;-234;-115;-119
3006;61;2032;;;;;;1564;926;638;360;222;138;583;329;254;-223;-107;-116
3007;61;2033;;;;;;1482;873;609;360;222;138;574;322;252;-214;-100;-114
3008;61;2034;;;;;;1367;806;561;360;222;138;554;310;244;-194;-88;-106
3009;61;2035;;;;;;1313;776;537;360;222;138;547;306;241;-187;-84;-103
3010;61;2036;;;;;;1255;741;514;360;222;138;538;301;237;-178;-79;-99
3011;61;2037;;;;;;1240;735;505;360;222;138;536;300;236;-176;-78;-98
3012;61;2038;;;;;;1218;719;499;360;222;138;539;300;239;-179;-78;-101
3013;61;2039;;;;;;1222;721;501;360;222;138;543;302;241;-183;-80;-103
3014;61;2040;;;;;;1210;714;496;360;222;138;545;302;243;-185;-80;-105
3015;61;2041;;;;;;1237;731;506;360;222;138;554;306;248;-194;-84;-110
3016;61;2042;;;;;;1217;717;500;360;222;138;556;307;249;-196;-85;-111
3017;61;2043;;;;;;1184;700;484;360;222;138;557;308;249;-197;-86;-111
3018;61;2044;;;;;;1170;692;478;360;222;138;559;309;250;-199;-87;-112
3019;61;2045;;;;;;1189;705;484;360;222;138;568;314;254;-208;-92;-116
3020;61;2046;;;;;;1200;710;490;360;222;138;575;317;258;-215;-95;-120
3021;61;2047;;;;;;1223;722;501;360;222;138;583;321;262;-223;-99;-124
3022;61;2048;;;;;;1228;729;499;360;222;138;586;323;263;-226;-101;-125
3023;61;2049;;;;;;1219;722;497;361;223;138;589;324;265;-228;-101;-127
3024;62;2002;;;;;;1532;985;547;309;189;120;324;193;131;-15;-4;-11
3025;62;2003;;;;;;1469;942;527;291;178;113;310;183;127;-19;-5;-14
3026;62;2004;;;;;;1523;971;552;281;171;110;328;193;135;-47;-22;-25
3027;62;2005;;;;;;1626;1030;596;279;169;110;339;203;136;-60;-34;-26
3028;62;2006;;;;;;1689;1062;627;280;170;110;355;209;146;-75;-39;-36
3029;62;2007;;;;;;1596;998;598;286;173;113;354;208;146;-68;-35;-33
3030;62;2008;;;;;;2188;1364;824;294;179;115;433;251;182;-139;-72;-67
3031;62;2009;;;;;;2089;1291;798;302;184;118;437;250;187;-135;-66;-69
3032;62;2010;;;;;;1961;1210;751;310;190;120;431;247;184;-121;-57;-64
3033;62;2011;;;;;;1876;1152;724;316;194;122;423;241;182;-107;-47;-60
3034;62;2012;;;;;;1826;1116;710;317;194;123;427;243;184;-110;-49;-61
3035;62;2013;;;;;;1793;1093;700;319;196;123;415;237;178;-96;-41;-55
3036;62;2014;;;;;;1829;1110;719;320;196;124;431;244;187;-111;-48;-63
3037;62;2015;;;;;;1802;1090;712;322;198;124;433;246;187;-111;-48;-63
3038;62;2016;;;;;;1802;1088;714;322;198;124;441;250;191;-119;-52;-67
3039;62;2017;;;;;;1801;1081;720;324;199;125;447;254;193;-123;-55;-68
3040;62;2018;;;;;;1823;1098;725;325;200;125;460;263;197;-135;-63;-72
3041;62;2019;;;;;;1829;1098;731;325;200;125;465;265;200;-140;-65;-75
3042;62;2020;;;;;;1841;1104;737;325;200;125;476;272;204;-151;-72;-79
3043;62;2021;;;;;;1870;1120;750;325;200;125;486;278;208;-161;-78;-83
3044;62;2022;;;;;;1860;1115;745;325;200;125;502;288;214;-177;-88;-89
3045;62;2023;;;;;;1890;1131;759;325;200;125;505;290;215;-180;-90;-90
3046;62;2024;;;;;;1883;1127;756;325;200;125;514;295;219;-189;-95;-94
3047;62;2025;;;;;;1900;1141;759;325;200;125;525;302;223;-200;-102;-98
3048;62;2026;;;;;;1906;1143;763;325;200;125;537;308;229;-212;-108;-104
3049;62;2027;;;;;;1859;1116;743;325;200;125;535;307;228;-210;-107;-103
3050;62;2028;;;;;;1813;1086;727;325;200;125;531;304;227;-206;-104;-102
3051;62;2029;;;;;;1787;1070;717;325;200;125;531;302;229;-206;-102;-104
3052;62;2030;;;;;;1785;1066;719;325;200;125;541;307;234;-216;-107;-109
3053;62;2031;;;;;;1847;1104;743;325;200;125;557;315;242;-232;-115;-117
3054;62;2032;;;;;;1788;1066;722;325;200;125;555;312;243;-230;-112;-118
3055;62;2033;;;;;;1707;1018;689;325;200;125;544;305;239;-219;-105;-114
3056;62;2034;;;;;;1618;960;658;325;200;125;536;299;237;-211;-99;-112
3057;62;2035;;;;;;1492;886;606;325;200;125;518;288;230;-193;-88;-105
3058;62;2036;;;;;;1434;853;581;325;200;125;512;285;227;-187;-85;-102
3059;62;2037;;;;;;1370;815;555;325;200;125;503;279;224;-178;-79;-99
3060;62;2038;;;;;;1354;808;546;325;200;125;501;278;223;-176;-78;-98
3061;62;2039;;;;;;1330;791;539;325;200;125;503;278;225;-178;-78;-100
3062;62;2040;;;;;;1335;794;541;325;200;125;507;280;227;-182;-80;-102
3063;62;2041;;;;;;1323;786;537;325;200;125;510;281;229;-185;-81;-104
3064;62;2042;;;;;;1352;804;548;325;200;125;518;285;233;-193;-85;-108
3065;62;2043;;;;;;1329;789;540;325;200;125;520;285;235;-195;-85;-110
3066;62;2044;;;;;;1294;771;523;325;200;125;521;286;235;-196;-86;-110
3067;62;2045;;;;;;1279;762;517;326;201;125;523;287;236;-197;-86;-111
3068;62;2046;;;;;;1300;776;524;326;201;125;531;291;240;-205;-90;-115
3069;62;2047;;;;;;1313;782;531;326;201;125;537;294;243;-211;-93;-118
3070;62;2048;;;;;;1338;796;542;326;201;125;544;297;247;-218;-96;-122
3071;62;2049;;;;;;1343;803;540;326;201;125;548;300;248;-222;-99;-123
3072;63;2002;;;;;;1620;1041;579;281;170;111;282;164;118;-1;6;-7
3073;63;2003;;;;;;1658;1062;596;262;159;103;301;178;123;-39;-19;-20
3074;63;2004;;;;;;1597;1021;576;254;154;100;287;168;119;-33;-14;-19
3075;63;2005;;;;;;1655;1053;602;249;150;99;304;178;126;-55;-28;-27
3076;63;2006;;;;;;1767;1117;650;253;151;102;313;186;127;-60;-35;-25
3077;63;2007;;;;;;1837;1153;684;258;155;103;328;192;136;-70;-37;-33
3078;63;2008;;;;;;1736;1084;652;265;159;106;328;192;136;-63;-33;-30
3079;63;2009;;;;;;2379;1482;897;272;164;108;402;232;170;-130;-68;-62
3080;63;2010;;;;;;2273;1404;869;281;170;111;407;231;176;-126;-61;-65
3081;63;2011;;;;;;2133;1317;816;285;173;112;402;228;174;-117;-55;-62
3082;63;2012;;;;;;2041;1254;787;289;176;113;393;222;171;-104;-46;-58
3083;63;2013;;;;;;1987;1216;771;289;176;113;398;225;173;-109;-49;-60
3084;63;2014;;;;;;1951;1191;760;290;177;113;387;219;168;-97;-42;-55
3085;63;2015;;;;;;1991;1211;780;291;177;114;402;226;176;-111;-49;-62
3086;63;2016;;;;;;1960;1189;771;291;177;114;404;228;176;-113;-51;-62
3087;63;2017;;;;;;1962;1188;774;292;178;114;411;232;179;-119;-54;-65
3088;63;2018;;;;;;1962;1182;780;293;178;115;417;235;182;-124;-57;-67
3089;63;2019;;;;;;1985;1199;786;293;178;115;427;242;185;-134;-64;-70
3090;63;2020;;;;;;1993;1201;792;293;178;115;433;245;188;-140;-67;-73
3091;63;2021;;;;;;2006;1208;798;293;178;115;443;251;192;-150;-73;-77
3092;63;2022;;;;;;2038;1226;812;293;178;115;454;258;196;-161;-80;-81
3093;63;2023;;;;;;2027;1221;806;293;178;115;467;266;201;-174;-88;-86
3094;63;2024;;;;;;2059;1238;821;293;178;115;469;267;202;-176;-89;-87
3095;63;2025;;;;;;2054;1235;819;293;178;115;478;272;206;-185;-94;-91
3096;63;2026;;;;;;2072;1250;822;293;178;115;488;279;209;-195;-101;-94
3097;63;2027;;;;;;2079;1253;826;293;178;115;500;285;215;-207;-107;-100
3098;63;2028;;;;;;2027;1223;804;293;178;115;499;284;215;-206;-106;-100
3099;63;2029;;;;;;1977;1190;787;293;178;115;494;281;213;-201;-103;-98
3100;63;2030;;;;;;1950;1174;776;293;178;115;494;278;216;-201;-100;-101
3101;63;2031;;;;;;1949;1170;779;293;178;115;503;283;220;-210;-105;-105
3102;63;2032;;;;;;2016;1211;805;293;178;115;519;292;227;-226;-114;-112
3103;63;2033;;;;;;1952;1170;782;293;178;115;517;289;228;-224;-111;-113
3104;63;2034;;;;;;1864;1117;747;294;179;115;508;283;225;-214;-104;-110
3105;63;2035;;;;;;1767;1054;713;294;179;115;499;276;223;-205;-97;-108
3106;63;2036;;;;;;1630;973;657;294;179;115;482;266;216;-188;-87;-101
3107;63;2037;;;;;;1567;937;630;294;179;115;477;263;214;-183;-84;-99
3108;63;2038;;;;;;1498;896;602;294;179;115;468;257;211;-174;-78;-96
3109;63;2039;;;;;;1480;888;592;294;179;115;468;258;210;-174;-79;-95
3110;63;2040;;;;;;1454;869;585;294;179;115;470;258;212;-176;-79;-97
3111;63;2041;;;;;;1460;873;587;294;179;115;474;260;214;-180;-81;-99
3112;63;2042;;;;;;1446;864;582;294;179;115;475;260;215;-181;-81;-100
3113;63;2043;;;;;;1479;885;594;294;179;115;482;263;219;-188;-84;-104
3114;63;2044;;;;;;1454;868;586;294;179;115;483;263;220;-189;-84;-105
3115;63;2045;;;;;;1416;848;568;294;179;115;484;264;220;-190;-85;-105
3116;63;2046;;;;;;1399;838;561;294;179;115;486;265;221;-192;-86;-106
3117;63;2047;;;;;;1422;854;568;294;179;115;494;269;225;-200;-90;-110
3118;63;2048;;;;;;1437;861;576;294;179;115;500;272;228;-206;-93;-113
3119;63;2049;;;;;;1464;876;588;294;179;115;508;275;233;-214;-96;-118
3120;64;2002;;;;;;1747;1126;621;255;153;102;253;147;106;2;6;-4
3121;64;2003;;;;;;1754;1121;633;236;142;94;261;150;111;-25;-8;-17
3122;64;2004;;;;;;1801;1149;652;232;138;94;278;163;115;-46;-25;-21
3123;64;2005;;;;;;1734;1104;630;227;135;92;265;154;111;-38;-19;-19
3124;64;2006;;;;;;1797;1139;658;226;134;92;281;163;118;-55;-29;-26
3125;64;2007;;;;;;1920;1210;710;233;138;95;289;170;119;-56;-32;-24
3126;64;2008;;;;;;1997;1250;747;240;142;98;303;176;127;-63;-34;-29
3127;64;2009;;;;;;1887;1176;711;245;147;98;303;176;127;-58;-29;-29
3128;64;2010;;;;;;2586;1609;977;252;152;100;372;213;159;-120;-61;-59
3129;64;2011;;;;;;2471;1525;946;254;154;100;378;213;165;-124;-59;-65
3130;64;2012;;;;;;2319;1431;888;258;155;103;373;210;163;-115;-55;-60
3131;64;2013;;;;;;2220;1364;856;259;155;104;366;205;161;-107;-50;-57
3132;64;2014;;;;;;2161;1323;838;260;156;104;369;207;162;-109;-51;-58
3133;64;2015;;;;;;2123;1297;826;261;156;105;360;202;158;-99;-46;-53
3134;64;2016;;;;;;2166;1319;847;261;156;105;374;209;165;-113;-53;-60
3135;64;2017;;;;;;2133;1296;837;262;157;105;375;210;165;-113;-53;-60
3136;64;2018;;;;;;2136;1296;840;263;157;106;382;214;168;-119;-57;-62
3137;64;2019;;;;;;2136;1289;847;263;157;106;387;216;171;-124;-59;-65
3138;64;2020;;;;;;2161;1309;852;263;157;106;397;223;174;-134;-66;-68
3139;64;2021;;;;;;2170;1311;859;263;157;106;401;225;176;-138;-68;-70
3140;64;2022;;;;;;2185;1319;866;263;157;106;409;230;179;-146;-73;-73
3141;64;2023;;;;;;2221;1340;881;263;157;106;421;237;184;-158;-80;-78
3142;64;2024;;;;;;2208;1334;874;263;157;106;434;245;189;-171;-88;-83
3143;64;2025;;;;;;2245;1354;891;263;157;106;436;246;190;-173;-89;-84
3144;64;2026;;;;;;2238;1350;888;263;157;106;444;250;194;-181;-93;-88
3145;64;2027;;;;;;2259;1367;892;263;157;106;453;256;197;-190;-99;-91
3146;64;2028;;;;;;2267;1371;896;264;158;106;463;261;202;-199;-103;-96
3147;64;2029;;;;;;2212;1339;873;264;158;106;462;261;201;-198;-103;-95
3148;64;2030;;;;;;2157;1303;854;264;158;106;458;259;199;-194;-101;-93
3149;64;2031;;;;;;2129;1286;843;264;158;106;459;256;203;-195;-98;-97
3150;64;2032;;;;;;2127;1282;845;264;158;106;468;261;207;-204;-103;-101
3151;64;2033;;;;;;2201;1327;874;264;158;106;482;268;214;-218;-110;-108
3152;64;2034;;;;;;2132;1283;849;264;158;106;480;265;215;-216;-107;-109
3153;64;2035;;;;;;2036;1225;811;264;158;106;471;260;211;-207;-102;-105
3154;64;2036;;;;;;1930;1156;774;264;158;106;464;255;209;-200;-97;-103
3155;64;2037;;;;;;1781;1067;714;264;158;106;449;246;203;-185;-88;-97
3156;64;2038;;;;;;1712;1028;684;264;158;106;443;242;201;-179;-84;-95
3157;64;2039;;;;;;1637;983;654;264;158;106;435;237;198;-171;-79;-92
3158;64;2040;;;;;;1618;975;643;264;158;106;434;237;197;-170;-79;-91
3159;64;2041;;;;;;1589;954;635;264;158;106;436;237;199;-172;-79;-93
3160;64;2042;;;;;;1596;958;638;264;158;106;440;239;201;-176;-81;-95
3161;64;2043;;;;;;1582;949;633;264;158;106;441;239;202;-177;-81;-96
3162;64;2044;;;;;;1618;972;646;264;158;106;448;242;206;-184;-84;-100
3163;64;2045;;;;;;1591;954;637;264;158;106;450;243;207;-186;-85;-101
3164;64;2046;;;;;;1549;932;617;264;158;106;450;243;207;-186;-85;-101
3165;64;2047;;;;;;1531;921;610;264;158;106;452;244;208;-188;-86;-102
3166;64;2048;;;;;;1557;939;618;264;158;106;460;248;212;-196;-90;-106
3167;64;2049;;;;;;1573;947;626;264;158;106;466;251;215;-202;-93;-109
3168;65;2002;;;;;;1804;1158;646;233;140;93;281;188;93;-48;-48;0
3169;65;2003;;;;;;1888;1209;679;216;129;87;306;207;99;-90;-78;-12
3170;65;2004;;;;;;1901;1208;693;210;124;86;315;212;103;-105;-88;-17
3171;65;2005;;;;;;1953;1239;714;207;122;85;339;232;107;-132;-110;-22
3172;65;2006;;;;;;1882;1192;690;209;123;86;324;220;104;-115;-97;-18
3173;65;2007;;;;;;1951;1231;720;211;124;87;343;233;110;-132;-109;-23
3174;65;2008;;;;;;2085;1308;777;215;127;88;358;248;110;-143;-121;-22
3175;65;2009;;;;;;2168;1352;816;222;131;91;379;261;118;-157;-130;-27
3176;65;2010;;;;;;2048;1272;776;225;133;92;383;265;118;-158;-132;-26
3177;65;2011;;;;;;2809;1743;1066;230;136;94;443;295;148;-213;-159;-54
3178;65;2012;;;;;;2683;1653;1030;231;137;94;444;290;154;-213;-153;-60
3179;65;2013;;;;;;2519;1552;967;231;137;94;438;286;152;-207;-149;-58
3180;65;2014;;;;;;2412;1481;931;233;138;95;427;276;151;-194;-138;-56
3181;65;2015;;;;;;2349;1437;912;234;139;95;428;276;152;-194;-137;-57
3182;65;2016;;;;;;2308;1410;898;235;140;95;418;271;147;-183;-131;-52
3183;65;2017;;;;;;2355;1434;921;236;140;96;430;276;154;-194;-136;-58
3184;65;2018;;;;;;2320;1410;910;236;140;96;434;279;155;-198;-139;-59
3185;65;2019;;;;;;2323;1410;913;236;140;96;438;281;157;-202;-141;-61
3186;65;2020;;;;;;2323;1403;920;236;140;96;444;284;160;-208;-144;-64
3187;65;2021;;;;;;2352;1426;926;236;140;96;452;290;162;-216;-150;-66
3188;65;2022;;;;;;2361;1428;933;236;140;96;460;295;165;-224;-155;-69
3189;65;2023;;;;;;2378;1438;940;237;141;96;468;300;168;-231;-159;-72
3190;65;2024;;;;;;2417;1460;957;237;141;96;479;308;171;-242;-167;-75
3191;65;2025;;;;;;2405;1455;950;237;141;96;494;318;176;-257;-177;-80
3192;65;2026;;;;;;2445;1477;968;237;141;96;497;319;178;-260;-178;-82
3193;65;2027;;;;;;2439;1474;965;237;141;96;503;322;181;-266;-181;-85
3194;65;2028;;;;;;2462;1493;969;237;141;96;515;331;184;-278;-190;-88
3195;65;2029;;;;;;2471;1497;974;237;141;96;526;337;189;-289;-196;-93
3196;65;2030;;;;;;2412;1463;949;237;141;96;525;337;188;-288;-196;-92
3197;65;2031;;;;;;2352;1424;928;237;141;96;521;334;187;-284;-193;-91
3198;65;2032;;;;;;2321;1405;916;237;141;96;523;334;189;-286;-193;-93
3199;65;2033;;;;;;2320;1401;919;237;141;96;530;336;194;-293;-195;-98
3200;65;2034;;;;;;2401;1451;950;237;141;96;544;343;201;-307;-202;-105
3201;65;2035;;;;;;2327;1403;924;237;141;96;542;341;201;-305;-200;-105
3202;65;2036;;;;;;2222;1340;882;237;141;96;534;336;198;-297;-195;-102
3203;65;2037;;;;;;2106;1264;842;237;141;96;527;330;197;-290;-189;-101
3204;65;2038;;;;;;1945;1169;776;237;141;96;512;322;190;-275;-181;-94
3205;65;2039;;;;;;1870;1126;744;237;141;96;508;320;188;-271;-179;-92
3206;65;2040;;;;;;1788;1076;712;237;141;96;501;316;185;-264;-175;-89
3207;65;2041;;;;;;1768;1068;700;237;141;96;500;316;184;-263;-175;-88
3208;65;2042;;;;;;1736;1045;691;237;141;96;503;317;186;-266;-176;-90
3209;65;2043;;;;;;1745;1050;695;237;141;96;507;319;188;-270;-178;-92
3210;65;2044;;;;;;1729;1040;689;237;141;96;509;319;190;-272;-178;-94
3211;65;2045;;;;;;1768;1065;703;237;141;96;516;323;193;-279;-182;-97
3212;65;2046;;;;;;1740;1046;694;237;141;96;518;324;194;-281;-183;-98
3213;65;2047;;;;;;1693;1021;672;237;141;96;519;325;194;-282;-184;-98
3214;65;2048;;;;;;1675;1010;665;238;142;96;521;326;195;-283;-184;-99
3215;65;2049;;;;;;1703;1030;673;238;142;96;530;331;199;-292;-189;-103
3216;66;2002;;;;;;1966;1261;705;212;125;87;233;147;86;-21;-22;1
3217;66;2003;;;;;;1946;1239;707;198;116;82;238;151;87;-40;-35;-5
3218;66;2004;;;;;;2043;1299;744;191;111;80;257;165;92;-66;-54;-12
3219;66;2005;;;;;;2058;1299;759;187;108;79;265;169;96;-78;-61;-17
3220;66;2006;;;;;;2115;1333;782;189;109;80;284;184;100;-95;-75;-20
3221;66;2007;;;;;;2039;1284;755;192;111;81;271;175;96;-79;-64;-15
3222;66;2008;;;;;;2114;1326;788;197;114;83;287;185;102;-90;-71;-19
3223;66;2009;;;;;;2259;1410;849;202;119;83;298;196;102;-96;-77;-19
3224;66;2010;;;;;;2350;1459;891;207;121;86;315;206;109;-108;-85;-23
3225;66;2011;;;;;;2221;1374;847;210;124;86;318;209;109;-108;-85;-23
3226;66;2012;;;;;;3046;1884;1162;211;124;87;374;237;137;-163;-113;-50
3227;66;2013;;;;;;2910;1788;1122;212;125;87;378;235;143;-166;-110;-56
3228;66;2014;;;;;;2732;1679;1053;213;126;87;373;232;141;-160;-106;-54
3229;66;2015;;;;;;2616;1603;1013;214;126;88;365;225;140;-151;-99;-52
3230;66;2016;;;;;;2549;1557;992;215;127;88;366;225;141;-151;-98;-53
3231;66;2017;;;;;;2504;1528;976;215;127;88;357;220;137;-142;-93;-49
3232;66;2018;;;;;;2557;1556;1001;215;127;88;368;225;143;-153;-98;-55
3233;66;2019;;;;;;2519;1530;989;216;127;89;372;228;144;-156;-101;-55
3234;66;2020;;;;;;2522;1530;992;216;127;89;377;230;147;-161;-103;-58
3235;66;2021;;;;;;2524;1524;1000;216;127;89;381;232;149;-165;-105;-60
3236;66;2022;;;;;;2555;1549;1006;216;127;89;390;238;152;-174;-111;-63
3237;66;2023;;;;;;2567;1553;1014;216;127;89;395;241;154;-179;-114;-65
3238;66;2024;;;;;;2586;1564;1022;216;127;89;402;246;156;-186;-119;-67
3239;66;2025;;;;;;2629;1589;1040;216;127;89;412;252;160;-196;-125;-71
3240;66;2026;;;;;;2617;1584;1033;216;127;89;424;260;164;-208;-133;-75
3241;66;2027;;;;;;2660;1608;1052;216;127;89;428;262;166;-212;-135;-77
3242;66;2028;;;;;;2654;1605;1049;216;127;89;434;264;170;-218;-137;-81
3243;66;2029;;;;;;2680;1626;1054;216;127;89;444;272;172;-228;-145;-83
3244;66;2030;;;;;;2690;1631;1059;216;127;89;454;277;177;-238;-150;-88
3245;66;2031;;;;;;2626;1594;1032;216;127;89;453;277;176;-237;-150;-87
3246;66;2032;;;;;;2563;1553;1010;216;127;89;449;274;175;-233;-147;-86
3247;66;2033;;;;;;2529;1532;997;216;127;89;450;273;177;-234;-146;-88
3248;66;2034;;;;;;2528;1528;1000;216;127;89;458;277;181;-242;-150;-92
3249;66;2035;;;;;;2618;1583;1035;217;128;89;470;283;187;-253;-155;-98
3250;66;2036;;;;;;2536;1531;1005;217;128;89;469;281;188;-252;-153;-99
3251;66;2037;;;;;;2423;1463;960;217;128;89;463;277;186;-246;-149;-97
3252;66;2038;;;;;;2298;1381;917;217;128;89;455;271;184;-238;-143;-95
3253;66;2039;;;;;;2122;1276;846;217;128;89;442;264;178;-225;-136;-89
3254;66;2040;;;;;;2041;1230;811;217;128;89;438;262;176;-221;-134;-87
3255;66;2041;;;;;;1951;1176;775;217;128;89;431;258;173;-214;-130;-84
3256;66;2042;;;;;;1929;1167;762;217;128;89;430;258;172;-213;-130;-83
3257;66;2043;;;;;;1896;1143;753;217;128;89;432;258;174;-215;-130;-85
3258;66;2044;;;;;;1905;1148;757;217;128;89;437;261;176;-220;-133;-87
3259;66;2045;;;;;;1888;1137;751;217;128;89;438;261;177;-221;-133;-88
3260;66;2046;;;;;;1932;1165;767;217;128;89;444;264;180;-227;-136;-91
3261;66;2047;;;;;;1901;1144;757;217;128;89;445;264;181;-228;-136;-92
3262;66;2048;;;;;;1850;1117;733;217;128;89;446;265;181;-229;-137;-92
3263;66;2049;;;;;;1831;1106;725;217;128;89;448;266;182;-231;-138;-93
3264;67;2002;;;;;;2105;1342;763;190;111;79;187;110;77;3;1;2
3265;67;2003;;;;;;2116;1345;771;180;105;75;199;120;79;-19;-15;-4
3266;67;2004;;;;;;2103;1328;775;174;100;74;202;122;80;-28;-22;-6
3267;67;2005;;;;;;2208;1393;815;174;99;75;217;133;84;-43;-34;-9
3268;67;2006;;;;;;2225;1394;831;171;97;74;224;136;88;-53;-39;-14
3269;67;2007;;;;;;2287;1431;856;173;99;74;241;149;92;-68;-50;-18
3270;67;2008;;;;;;2205;1379;826;177;102;75;230;141;89;-53;-39;-14
3271;67;2009;;;;;;2286;1426;860;181;104;77;243;149;94;-62;-45;-17
3272;67;2010;;;;;;2444;1518;926;183;106;77;251;157;94;-68;-51;-17
3273;67;2011;;;;;;2542;1571;971;186;108;78;264;164;100;-78;-56;-22
3274;67;2012;;;;;;2404;1481;923;188;109;79;267;166;101;-79;-57;-22
3275;67;2013;;;;;;3296;2031;1265;188;109;79;320;193;127;-132;-84;-48
3276;67;2014;;;;;;3151;1929;1222;190;110;80;324;192;132;-134;-82;-52
3277;67;2015;;;;;;2959;1813;1146;190;110;80;321;190;131;-131;-80;-51
3278;67;2016;;;;;;2834;1732;1102;191;111;80;314;184;130;-123;-73;-50
3279;67;2017;;;;;;2761;1683;1078;192;111;81;316;185;131;-124;-74;-50
3280;67;2018;;;;;;2714;1653;1061;192;111;81;309;182;127;-117;-71;-46
3281;67;2019;;;;;;2772;1684;1088;192;111;81;318;186;132;-126;-75;-51
3282;67;2020;;;;;;2732;1657;1075;192;111;81;322;188;134;-130;-77;-53
3283;67;2021;;;;;;2736;1658;1078;192;111;81;326;190;136;-134;-79;-55
3284;67;2022;;;;;;2739;1652;1087;192;111;81;331;192;139;-139;-81;-58
3285;67;2023;;;;;;2774;1680;1094;192;111;81;338;197;141;-146;-86;-60
3286;67;2024;;;;;;2788;1685;1103;192;111;81;342;199;143;-150;-88;-62
3287;67;2025;;;;;;2808;1697;1111;192;111;81;349;203;146;-157;-92;-65
3288;67;2026;;;;;;2856;1725;1131;193;112;81;359;210;149;-166;-98;-68
3289;67;2027;;;;;;2843;1720;1123;193;112;81;368;216;152;-175;-104;-71
3290;67;2028;;;;;;2891;1747;1144;193;112;81;371;217;154;-178;-105;-73
3291;67;2029;;;;;;2885;1744;1141;193;112;81;378;220;158;-185;-108;-77
3292;67;2030;;;;;;2914;1767;1147;193;112;81;386;225;161;-193;-113;-80
3293;67;2031;;;;;;2925;1773;1152;193;112;81;395;230;165;-202;-118;-84
3294;67;2032;;;;;;2857;1734;1123;193;112;81;394;230;164;-201;-118;-83
3295;67;2033;;;;;;2788;1689;1099;193;112;81;390;227;163;-197;-115;-82
3296;67;2034;;;;;;2753;1668;1085;193;112;81;392;227;165;-199;-115;-84
3297;67;2035;;;;;;2753;1664;1089;193;112;81;398;230;168;-205;-118;-87
3298;67;2036;;;;;;2851;1724;1127;193;112;81;410;236;174;-217;-124;-93
3299;67;2037;;;;;;2763;1668;1095;193;112;81;409;234;175;-216;-122;-94
3300;67;2038;;;;;;2639;1593;1046;193;112;81;403;230;173;-210;-118;-92
3301;67;2039;;;;;;2503;1504;999;193;112;81;397;225;172;-204;-113;-91
3302;67;2040;;;;;;2313;1391;922;193;112;81;385;219;166;-192;-107;-85
3303;67;2041;;;;;;2223;1340;883;193;112;81;381;216;165;-188;-104;-84
3304;67;2042;;;;;;2127;1282;845;193;112;81;375;213;162;-182;-101;-81
3305;67;2043;;;;;;2104;1273;831;193;112;81;373;212;161;-180;-100;-80
3306;67;2044;;;;;;2068;1246;822;193;112;81;376;213;163;-183;-101;-82
3307;67;2045;;;;;;2079;1253;826;193;112;81;379;215;164;-186;-103;-83
3308;67;2046;;;;;;2060;1241;819;193;112;81;380;215;165;-187;-103;-84
3309;67;2047;;;;;;2108;1271;837;193;112;81;386;218;168;-193;-106;-87
3310;67;2048;;;;;;2075;1249;826;193;112;81;387;218;169;-194;-106;-88
3311;67;2049;;;;;;2021;1220;801;193;112;81;388;219;169;-195;-107;-88
3312;68;2002;;;;;;2268;1435;833;171;99;72;154;85;69;17;14;3
3313;68;2003;;;;;;2259;1426;833;162;95;67;163;91;72;-1;4;-5
3314;68;2004;;;;;;2280;1436;844;154;89;65;171;98;73;-17;-9;-8
3315;68;2005;;;;;;2267;1419;848;151;87;64;174;100;74;-23;-13;-10
3316;68;2006;;;;;;2382;1490;892;150;86;64;186;108;78;-36;-22;-14
3317;68;2007;;;;;;2401;1492;909;154;87;67;192;111;81;-38;-24;-14
3318;68;2008;;;;;;2468;1533;935;157;89;68;205;121;84;-48;-32;-16
3319;68;2009;;;;;;2380;1479;901;163;94;69;197;115;82;-34;-21;-13
3320;68;2010;;;;;;2469;1530;939;165;95;70;207;121;86;-42;-26;-16
3321;68;2011;;;;;;2639;1629;1010;167;97;70;213;127;86;-46;-30;-16
3322;68;2012;;;;;;2746;1688;1058;167;97;70;225;133;92;-58;-36;-22
3323;68;2013;;;;;;2597;1592;1005;170;98;72;227;134;93;-57;-36;-21
3324;68;2014;;;;;;3561;2185;1376;170;98;72;276;160;116;-106;-62;-44
3325;68;2015;;;;;;3406;2077;1329;170;98;72;280;159;121;-110;-61;-49
3326;68;2016;;;;;;3198;1953;1245;172;99;73;278;158;120;-106;-59;-47
3327;68;2017;;;;;;3065;1867;1198;172;99;73;274;154;120;-102;-55;-47
3328;68;2018;;;;;;2987;1815;1172;172;99;73;275;155;120;-103;-56;-47
3329;68;2019;;;;;;2937;1784;1153;172;99;73;268;151;117;-96;-52;-44
3330;68;2020;;;;;;3000;1818;1182;172;99;73;278;155;123;-106;-56;-50
3331;68;2021;;;;;;2958;1790;1168;172;99;73;281;157;124;-109;-58;-51
3332;68;2022;;;;;;2964;1792;1172;172;99;73;285;159;126;-113;-60;-53
3333;68;2023;;;;;;2967;1786;1181;172;99;73;288;160;128;-116;-61;-55
3334;68;2024;;;;;;3005;1817;1188;172;99;73;297;166;131;-125;-67;-58
3335;68;2025;;;;;;3021;1823;1198;172;99;73;300;167;133;-128;-68;-60
3336;68;2026;;;;;;3045;1837;1208;172;99;73;306;171;135;-134;-72;-62
3337;68;2027;;;;;;3097;1868;1229;172;99;73;314;176;138;-142;-77;-65
3338;68;2028;;;;;;3084;1863;1221;172;99;73;322;181;141;-150;-82;-68
3339;68;2029;;;;;;3137;1893;1244;172;99;73;325;182;143;-153;-83;-70
3340;68;2030;;;;;;3132;1891;1241;172;99;73;332;185;147;-160;-86;-74
3341;68;2031;;;;;;3163;1916;1247;172;99;73;338;189;149;-166;-90;-76
3342;68;2032;;;;;;3177;1923;1254;172;99;73;347;194;153;-175;-95;-80
3343;68;2033;;;;;;3103;1881;1222;172;99;73;346;194;152;-174;-95;-79
3344;68;2034;;;;;;3029;1833;1196;172;99;73;344;192;152;-172;-93;-79
3345;68;2035;;;;;;2992;1811;1181;172;99;73;344;191;153;-172;-92;-80
3346;68;2036;;;;;;2992;1807;1185;172;99;73;351;194;157;-179;-95;-84
3347;68;2037;;;;;;3099;1872;1227;172;99;73;361;199;162;-189;-100;-89
3348;68;2038;;;;;;3005;1812;1193;172;99;73;360;197;163;-188;-98;-90
3349;68;2039;;;;;;2872;1732;1140;172;99;73;355;194;161;-183;-95;-88
3350;68;2040;;;;;;2723;1635;1088;172;99;73;350;190;160;-178;-91;-87
3351;68;2041;;;;;;2516;1512;1004;172;99;73;339;184;155;-167;-85;-82
3352;68;2042;;;;;;2421;1458;963;172;99;73;334;181;153;-162;-82;-80
3353;68;2043;;;;;;2316;1395;921;172;99;73;329;178;151;-157;-79;-78
3354;68;2044;;;;;;2291;1385;906;172;99;73;328;178;150;-156;-79;-77
3355;68;2045;;;;;;2253;1357;896;172;99;73;331;179;152;-159;-80;-79
3356;68;2046;;;;;;2265;1364;901;172;99;73;333;180;153;-161;-81;-80
3357;68;2047;;;;;;2246;1352;894;172;99;73;334;180;154;-162;-81;-81
3358;68;2048;;;;;;2298;1385;913;172;99;73;338;182;156;-166;-83;-83
3359;68;2049;;;;;;2262;1360;902;173;100;73;340;183;157;-167;-83;-84
3360;69;2002;;;;;;2417;1516;901;155;90;65;133;70;63;22;20;2
3361;69;2003;;;;;;2429;1520;909;143;82;61;135;72;63;8;10;-2
3362;69;2004;;;;;;2428;1517;911;138;78;60;142;77;65;-4;1;-5
3363;69;2005;;;;;;2452;1529;923;137;76;61;148;82;66;-11;-6;-5
3364;69;2006;;;;;;2439;1512;927;135;75;60;151;84;67;-16;-9;-7
3365;69;2007;;;;;;2561;1588;973;135;75;60;161;90;71;-26;-15;-11
3366;69;2008;;;;;;2584;1592;992;140;79;61;167;93;74;-27;-14;-13
3367;69;2009;;;;;;2656;1637;1019;142;79;63;177;100;77;-35;-21;-14
3368;69;2010;;;;;;2563;1581;982;145;82;63;170;96;74;-25;-14;-11
3369;69;2011;;;;;;2659;1637;1022;146;83;63;179;101;78;-33;-18;-15
3370;69;2012;;;;;;2843;1745;1098;147;83;64;184;105;79;-37;-22;-15
3371;69;2013;;;;;;2959;1809;1150;147;83;64;194;110;84;-47;-27;-20
3372;69;2014;;;;;;2799;1707;1092;148;84;64;196;111;85;-48;-27;-21
3373;69;2015;;;;;;3839;2344;1495;149;84;65;240;134;106;-91;-50;-41
3374;69;2016;;;;;;3673;2230;1443;149;84;65;245;134;111;-96;-50;-46
3375;69;2017;;;;;;3450;2098;1352;149;84;65;243;133;110;-94;-49;-45
3376;69;2018;;;;;;3307;2007;1300;149;84;65;241;131;110;-92;-47;-45
3377;69;2019;;;;;;3224;1952;1272;149;84;65;242;131;111;-93;-47;-46
3378;69;2020;;;;;;3171;1920;1251;150;85;65;236;128;108;-86;-43;-43
3379;69;2021;;;;;;3241;1958;1283;150;85;65;245;132;113;-95;-47;-48
3380;69;2022;;;;;;3195;1928;1267;150;85;65;248;134;114;-98;-49;-49
3381;69;2023;;;;;;3204;1932;1272;150;85;65;251;135;116;-101;-50;-51
3382;69;2024;;;;;;3208;1926;1282;150;85;65;255;137;118;-105;-52;-53
3383;69;2025;;;;;;3250;1960;1290;150;85;65;261;141;120;-111;-56;-55
3384;69;2026;;;;;;3268;1967;1301;150;85;65;264;142;122;-114;-57;-57
3385;69;2027;;;;;;3295;1984;1311;150;85;65;271;146;125;-121;-61;-60
3386;69;2028;;;;;;3352;2017;1335;150;85;65;279;151;128;-129;-66;-63
3387;69;2029;;;;;;3339;2013;1326;150;85;65;285;154;131;-135;-69;-66
3388;69;2030;;;;;;3398;2046;1352;150;85;65;289;156;133;-139;-71;-68
3389;69;2031;;;;;;3392;2044;1348;151;86;65;295;159;136;-144;-73;-71
3390;69;2032;;;;;;3428;2072;1356;151;86;65;300;162;138;-149;-76;-73
3391;69;2033;;;;;;3444;2081;1363;151;86;65;307;165;142;-156;-79;-77
3392;69;2034;;;;;;3365;2036;1329;151;86;65;307;166;141;-156;-80;-76
3393;69;2035;;;;;;3285;1984;1301;151;86;65;305;164;141;-154;-78;-76
3394;69;2036;;;;;;3246;1961;1285;151;86;65;305;163;142;-154;-77;-77
3395;69;2037;;;;;;3247;1957;1290;151;86;65;311;166;145;-160;-80;-80
3396;69;2038;;;;;;3364;2029;1335;151;86;65;323;172;151;-172;-86;-86
3397;69;2039;;;;;;3262;1964;1298;151;86;65;321;170;151;-170;-84;-86
3398;69;2040;;;;;;3118;1877;1241;151;86;65;316;167;149;-165;-81;-84
3399;69;2041;;;;;;2958;1773;1185;151;86;65;312;163;149;-161;-77;-84
3400;69;2042;;;;;;2734;1640;1094;151;86;65;302;158;144;-151;-72;-79
3401;69;2043;;;;;;2631;1582;1049;151;86;65;299;156;143;-148;-70;-78
3402;69;2044;;;;;;2518;1514;1004;151;86;65;292;152;140;-141;-66;-75
3403;69;2045;;;;;;2491;1503;988;151;86;65;291;152;139;-140;-66;-74
3404;69;2046;;;;;;2450;1473;977;151;86;65;293;152;141;-142;-66;-76
3405;69;2047;;;;;;2464;1481;983;151;86;65;296;154;142;-145;-68;-77
3406;69;2048;;;;;;2443;1468;975;151;86;65;297;154;143;-146;-68;-78
3407;69;2049;;;;;;2500;1504;996;151;86;65;301;156;145;-150;-70;-80
3408;70;2002;;;;;;2678;1665;1013;139;79;60;117;59;58;22;20;2
3409;70;2003;;;;;;2580;1599;981;131;74;57;117;60;57;14;14;0
3410;70;2004;;;;;;2603;1610;993;126;70;56;119;62;57;7;8;-1
3411;70;2005;;;;;;2603;1609;994;123;67;56;125;66;59;-2;1;-3
3412;70;2006;;;;;;2630;1623;1007;122;67;55;130;70;60;-8;-3;-5
3413;70;2007;;;;;;2616;1606;1010;122;66;56;133;72;61;-11;-6;-5
3414;70;2008;;;;;;2748;1688;1060;124;67;57;141;77;64;-17;-10;-7
3415;70;2009;;;;;;2773;1694;1079;126;69;57;145;79;66;-19;-10;-9
3416;70;2010;;;;;;2851;1743;1108;128;70;58;155;86;69;-27;-16;-11
3417;70;2011;;;;;;2752;1685;1067;130;70;60;149;82;67;-19;-12;-7
3418;70;2012;;;;;;2856;1746;1110;132;72;60;158;87;71;-26;-15;-11
3419;70;2013;;;;;;3054;1862;1192;132;72;60;162;90;72;-30;-18;-12
3420;70;2014;;;;;;3180;1932;1248;133;72;61;171;94;77;-38;-22;-16
3421;70;2015;;;;;;3008;1824;1184;133;72;61;173;95;78;-40;-23;-17
3422;70;2016;;;;;;4128;2507;1621;134;73;61;213;116;97;-79;-43;-36
3423;70;2017;;;;;;3949;2386;1563;134;73;61;217;116;101;-83;-43;-40
3424;70;2018;;;;;;3713;2248;1465;134;73;61;217;116;101;-83;-43;-40
3425;70;2019;;;;;;3559;2151;1408;136;74;62;214;114;100;-78;-40;-38
3426;70;2020;;;;;;3471;2093;1378;136;74;62;215;114;101;-79;-40;-39
3427;70;2021;;;;;;3416;2060;1356;136;74;62;211;112;99;-75;-38;-37
3428;70;2022;;;;;;3491;2101;1390;136;74;62;219;115;104;-83;-41;-42
3429;70;2023;;;;;;3445;2071;1374;136;74;62;222;117;105;-86;-43;-43
3430;70;2024;;;;;;3453;2075;1378;136;74;62;225;118;107;-89;-44;-45
3431;70;2025;;;;;;3459;2070;1389;136;74;62;228;120;108;-92;-46;-46
3432;70;2026;;;;;;3507;2108;1399;136;74;62;234;123;111;-98;-49;-49
3433;70;2027;;;;;;3528;2117;1411;136;74;62;237;124;113;-101;-50;-51
3434;70;2028;;;;;;3558;2135;1423;136;74;62;244;128;116;-108;-54;-54
3435;70;2029;;;;;;3620;2172;1448;136;74;62;250;132;118;-114;-58;-56
3436;70;2030;;;;;;3607;2168;1439;136;74;62;256;135;121;-120;-61;-59
3437;70;2031;;;;;;3673;2205;1468;136;74;62;260;137;123;-124;-63;-61
3438;70;2032;;;;;;3667;2203;1464;136;74;62;265;139;126;-129;-65;-64
3439;70;2033;;;;;;3706;2234;1472;136;74;62;271;143;128;-135;-69;-66
3440;70;2034;;;;;;3725;2244;1481;136;74;62;276;145;131;-140;-71;-69
3441;70;2035;;;;;;3640;2196;1444;136;74;62;275;145;130;-139;-71;-68
3442;70;2036;;;;;;3556;2142;1414;136;74;62;274;144;130;-138;-70;-68
3443;70;2037;;;;;;3514;2117;1397;136;74;62;275;143;132;-139;-69;-70
3444;70;2038;;;;;;3515;2113;1402;136;74;62;281;146;135;-145;-72;-73
3445;70;2039;;;;;;3643;2191;1452;136;74;62;291;151;140;-155;-77;-78
3446;70;2040;;;;;;3535;2122;1413;136;74;62;290;149;141;-154;-75;-79
3447;70;2041;;;;;;3379;2029;1350;136;74;62;286;147;139;-150;-73;-77
3448;70;2042;;;;;;3207;1917;1290;136;74;62;282;144;138;-146;-70;-76
3449;70;2043;;;;;;2965;1774;1191;136;74;62;273;139;134;-137;-65;-72
3450;70;2044;;;;;;2853;1711;1142;136;74;62;269;137;132;-133;-63;-70
3451;70;2045;;;;;;2732;1638;1094;136;74;62;264;134;130;-128;-60;-68
3452;70;2046;;;;;;2704;1627;1077;136;74;62;263;134;129;-127;-60;-67
3453;70;2047;;;;;;2659;1594;1065;136;74;62;265;134;131;-129;-60;-69
3454;70;2048;;;;;;2674;1603;1071;136;74;62;267;135;132;-131;-61;-70
3455;70;2049;;;;;;2653;1590;1063;136;74;62;267;135;132;-131;-61;-70
3456;71;2002;;;;;;2845;1746;1099;121;67;54;100;49;51;21;18;3
3457;71;2003;;;;;;2868;1755;1113;115;63;52;103;51;52;12;12;0
3458;71;2004;;;;;;2774;1694;1080;112;61;51;103;52;51;9;9;0
3459;71;2005;;;;;;2800;1708;1092;109;58;51;105;54;51;4;4;0
3460;71;2006;;;;;;2801;1708;1093;109;57;52;110;57;53;-1;0;-1
3461;71;2007;;;;;;2830;1724;1106;110;59;51;115;61;54;-5;-2;-3
3462;71;2008;;;;;;2817;1708;1109;111;60;51;117;62;55;-6;-2;-4
3463;71;2009;;;;;;2960;1797;1163;111;60;51;125;67;58;-14;-7;-7
3464;71;2010;;;;;;2988;1804;1184;112;60;52;129;69;60;-17;-9;-8
3465;71;2011;;;;;;3072;1858;1214;112;60;52;138;75;63;-26;-15;-11
3466;71;2012;;;;;;2966;1798;1168;113;61;52;133;72;61;-20;-11;-9
3467;71;2013;;;;;;3078;1864;1214;115;62;53;140;76;64;-25;-14;-11
3468;71;2014;;;;;;3294;1990;1304;115;62;53;144;79;65;-29;-17;-12
3469;71;2015;;;;;;3431;2066;1365;115;62;53;152;83;69;-37;-21;-16
3470;71;2016;;;;;;3247;1953;1294;116;63;53;153;83;70;-37;-20;-17
3471;71;2017;;;;;;4456;2685;1771;116;63;53;190;102;88;-74;-39;-35
3472;71;2018;;;;;;4265;2557;1708;117;63;54;194;102;92;-77;-39;-38
3473;71;2019;;;;;;4011;2410;1601;117;63;54;193;101;92;-76;-38;-38
3474;71;2020;;;;;;3847;2308;1539;117;63;54;190;99;91;-73;-36;-37
3475;71;2021;;;;;;3753;2247;1506;117;63;54;192;100;92;-75;-37;-38
3476;71;2022;;;;;;3695;2213;1482;117;63;54;188;98;90;-71;-35;-36
3477;71;2023;;;;;;3778;2259;1519;117;63;54;196;101;95;-79;-38;-41
3478;71;2024;;;;;;3727;2226;1501;117;63;54;199;103;96;-82;-40;-42
3479;71;2025;;;;;;3739;2232;1507;117;63;54;202;104;98;-85;-41;-44
3480;71;2026;;;;;;3747;2228;1519;117;63;54;205;106;99;-88;-43;-45
3481;71;2027;;;;;;3800;2270;1530;117;63;54;212;110;102;-95;-47;-48
3482;71;2028;;;;;;3823;2280;1543;117;63;54;214;111;103;-97;-48;-49
3483;71;2029;;;;;;3858;2301;1557;117;63;54;219;113;106;-102;-50;-52
3484;71;2030;;;;;;3926;2341;1585;117;63;54;225;117;108;-108;-54;-54
3485;71;2031;;;;;;3913;2338;1575;117;63;54;230;119;111;-113;-56;-57
3486;71;2032;;;;;;3985;2378;1607;117;63;54;234;121;113;-117;-58;-59
3487;71;2033;;;;;;3980;2377;1603;117;63;54;239;123;116;-122;-60;-62
3488;71;2034;;;;;;4025;2412;1613;117;63;54;244;126;118;-127;-63;-64
3489;71;2035;;;;;;4046;2424;1622;117;63;54;250;129;121;-133;-66;-67
3490;71;2036;;;;;;3955;2373;1582;117;63;54;249;129;120;-132;-66;-66
3491;71;2037;;;;;;3865;2315;1550;117;63;54;247;127;120;-130;-64;-66
3492;71;2038;;;;;;3820;2288;1532;117;63;54;249;128;121;-132;-65;-67
3493;71;2039;;;;;;3823;2285;1538;117;63;54;254;130;124;-137;-67;-70
3494;71;2040;;;;;;3963;2370;1593;117;63;54;262;134;128;-145;-71;-74
3495;71;2041;;;;;;3846;2296;1550;117;63;54;262;133;129;-145;-70;-75
3496;71;2042;;;;;;3678;2196;1482;117;63;54;257;130;127;-140;-67;-73
3497;71;2043;;;;;;3492;2076;1416;117;63;54;255;128;127;-138;-65;-73
3498;71;2044;;;;;;3229;1921;1308;117;63;54;245;123;122;-128;-60;-68
3499;71;2045;;;;;;3108;1853;1255;118;64;54;242;121;121;-124;-57;-67
3500;71;2046;;;;;;2977;1775;1202;118;64;54;238;119;119;-120;-55;-65
3501;71;2047;;;;;;2946;1763;1183;118;64;54;236;118;118;-118;-54;-64
3502;71;2048;;;;;;2900;1729;1171;118;64;54;239;119;120;-121;-55;-66
3503;71;2049;;;;;;2917;1739;1178;118;64;54;240;120;120;-122;-56;-66
3504;72;2002;;;;;;3151;1904;1247;105;58;47;90;43;47;15;15;0
3505;72;2003;;;;;;3065;1844;1221;100;56;44;88;42;46;12;14;-2
3506;72;2004;;;;;;3102;1863;1239;97;53;44;91;44;47;6;9;-3
3507;72;2005;;;;;;3002;1800;1202;95;51;44;91;45;46;4;6;-2
3508;72;2006;;;;;;3031;1816;1215;95;51;44;93;47;46;2;4;-2
3509;72;2007;;;;;;3034;1818;1216;95;49;46;97;49;48;-2;0;-2
3510;72;2008;;;;;;3066;1837;1229;96;50;46;100;52;48;-4;-2;-2
3511;72;2009;;;;;;3052;1821;1231;98;51;47;103;54;49;-5;-3;-2
3512;72;2010;;;;;;3209;1918;1291;99;52;47;110;58;52;-11;-6;-5
3513;72;2011;;;;;;3240;1928;1312;99;52;47;113;59;54;-14;-7;-7
3514;72;2012;;;;;;3332;1987;1345;100;53;47;120;64;56;-20;-11;-9
3515;72;2013;;;;;;3219;1925;1294;101;53;48;116;62;54;-15;-9;-6
3516;72;2014;;;;;;3341;1997;1344;101;53;48;122;65;57;-21;-12;-9
3517;72;2015;;;;;;3577;2134;1443;101;53;48;126;68;58;-25;-15;-10
3518;72;2016;;;;;;3727;2217;1510;101;53;48;133;71;62;-32;-18;-14
3519;72;2017;;;;;;3527;2096;1431;103;54;49;135;72;63;-32;-18;-14
3520;72;2018;;;;;;4843;2885;1958;103;54;49;168;89;79;-65;-35;-30
3521;72;2019;;;;;;4637;2749;1888;104;55;49;171;89;82;-67;-34;-33
3522;72;2020;;;;;;4362;2592;1770;104;55;49;170;88;82;-66;-33;-33
3523;72;2021;;;;;;4185;2484;1701;104;55;49;169;87;82;-65;-32;-33
3524;72;2022;;;;;;4085;2420;1665;104;55;49;170;87;83;-66;-32;-34
3525;72;2023;;;;;;4022;2384;1638;104;55;49;168;86;82;-64;-31;-33
3526;72;2024;;;;;;4115;2435;1680;104;55;49;175;89;86;-71;-34;-37
3527;72;2025;;;;;;4062;2401;1661;104;55;49;177;90;87;-73;-35;-38
3528;72;2026;;;;;;4076;2409;1667;104;55;49;180;91;89;-76;-36;-40
3529;72;2027;;;;;;4087;2406;1681;104;55;49;182;92;90;-78;-37;-41
3530;72;2028;;;;;;4145;2452;1693;104;55;49;187;95;92;-83;-40;-43
3531;72;2029;;;;;;4173;2464;1709;104;55;49;190;96;94;-86;-41;-45
3532;72;2030;;;;;;4210;2487;1723;104;55;49;196;100;96;-92;-45;-47
3533;72;2031;;;;;;4287;2532;1755;104;55;49;200;102;98;-96;-47;-49
3534;72;2032;;;;;;4274;2529;1745;104;55;49;205;105;100;-101;-50;-51
3535;72;2033;;;;;;4354;2574;1780;104;55;49;209;107;102;-105;-52;-53
3536;72;2034;;;;;;4351;2574;1777;104;55;49;214;108;106;-110;-53;-57
3537;72;2035;;;;;;4401;2613;1788;104;55;49;219;111;108;-115;-56;-59
3538;72;2036;;;;;;4425;2626;1799;104;55;49;223;113;110;-119;-58;-61
3539;72;2037;;;;;;4327;2572;1755;104;55;49;222;113;109;-118;-58;-60
3540;72;2038;;;;;;4229;2509;1720;104;55;49;221;112;109;-117;-57;-60
3541;72;2039;;;;;;4182;2482;1700;104;55;49;221;111;110;-117;-56;-61
3542;72;2040;;;;;;4187;2479;1708;104;55;49;226;113;113;-122;-58;-64
3543;72;2041;;;;;;4341;2572;1769;104;55;49;235;118;117;-131;-63;-68
3544;72;2042;;;;;;4214;2492;1722;104;55;49;233;116;117;-129;-61;-68
3545;72;2043;;;;;;4030;2384;1646;104;55;49;230;114;116;-126;-59;-67
3546;72;2044;;;;;;3828;2254;1574;104;55;49;227;112;115;-123;-57;-66
3547;72;2045;;;;;;3541;2087;1454;104;55;49;218;107;111;-114;-52;-62
3548;72;2046;;;;;;3409;2014;1395;104;55;49;217;107;110;-113;-52;-61
3549;72;2047;;;;;;3265;1929;1336;104;55;49;212;104;108;-108;-49;-59
3550;72;2048;;;;;;3233;1917;1316;104;55;49;210;104;106;-106;-49;-57
3551;72;2049;;;;;;3182;1880;1302;104;55;49;212;104;108;-108;-49;-59
3552;73;2002;;;;;;3285;1938;1347;94;50;44;74;34;40;20;16;4
3553;73;2003;;;;;;3397;2007;1390;89;48;41;78;37;41;11;11;0
3554;73;2004;;;;;;3319;1955;1364;86;46;40;76;36;40;10;10;0
3555;73;2005;;;;;;3361;1977;1384;85;45;40;79;38;41;6;7;-1
3556;73;2006;;;;;;3254;1912;1342;84;44;40;79;39;40;5;5;0
3557;73;2007;;;;;;3286;1931;1355;84;44;40;81;40;41;3;4;-1
3558;73;2008;;;;;;3290;1935;1355;85;44;41;84;42;42;1;2;-1
3559;73;2009;;;;;;3325;1956;1369;85;44;41;87;44;43;-2;0;-2
3560;73;2010;;;;;;3313;1942;1371;85;44;41;90;46;44;-5;-2;-3
3561;73;2011;;;;;;3482;2047;1435;87;46;41;95;49;46;-8;-3;-5
3562;73;2012;;;;;;3518;2060;1458;89;47;42;98;51;47;-9;-4;-5
3563;73;2013;;;;;;3620;2125;1495;89;47;42;104;55;49;-15;-8;-7
3564;73;2014;;;;;;3497;2060;1437;90;48;42;101;53;48;-11;-5;-6
3565;73;2015;;;;;;3631;2139;1492;90;48;42;107;56;51;-17;-8;-9
3566;73;2016;;;;;;3889;2287;1602;92;49;43;110;58;52;-18;-9;-9
3567;73;2017;;;;;;4053;2378;1675;93;49;44;117;61;56;-24;-12;-12
3568;73;2018;;;;;;3838;2250;1588;93;49;44;119;62;57;-26;-13;-13
3569;73;2019;;;;;;5270;3098;2172;93;49;44;147;76;71;-54;-27;-27
3570;73;2020;;;;;;5049;2954;2095;93;49;44;149;76;73;-56;-27;-29
3571;73;2021;;;;;;4751;2788;1963;93;49;44;148;75;73;-55;-26;-29
3572;73;2022;;;;;;4560;2672;1888;93;49;44;147;74;73;-54;-25;-29
3573;73;2023;;;;;;4453;2606;1847;93;49;44;148;75;73;-55;-26;-29
3574;73;2024;;;;;;4388;2569;1819;93;49;44;147;74;73;-54;-25;-29
3575;73;2025;;;;;;4489;2624;1865;93;49;44;153;77;76;-60;-28;-32
3576;73;2026;;;;;;4434;2590;1844;93;49;44;155;78;77;-62;-29;-33
3577;73;2027;;;;;;4451;2600;1851;93;49;44;158;79;79;-65;-30;-35
3578;73;2028;;;;;;4464;2597;1867;93;49;44;161;80;81;-68;-31;-37
3579;73;2029;;;;;;4529;2648;1881;93;49;44;166;83;83;-73;-34;-39
3580;73;2030;;;;;;4561;2662;1899;93;49;44;168;84;84;-75;-35;-40
3581;73;2031;;;;;;4604;2688;1916;93;49;44;172;86;86;-79;-37;-42
3582;73;2032;;;;;;4690;2738;1952;93;49;44;178;89;89;-85;-40;-45
3583;73;2033;;;;;;4677;2736;1941;93;49;44;182;91;91;-89;-42;-47
3584;73;2034;;;;;;4765;2785;1980;93;49;44;185;92;93;-92;-43;-49
3585;73;2035;;;;;;4763;2786;1977;93;49;44;189;94;95;-96;-45;-51
3586;73;2036;;;;;;4820;2830;1990;93;49;44;193;96;97;-100;-47;-53
3587;73;2037;;;;;;4848;2845;2003;93;49;44;197;98;99;-104;-49;-55
3588;73;2038;;;;;;4741;2787;1954;93;49;44;196;98;98;-103;-49;-54
3589;73;2039;;;;;;4636;2720;1916;93;49;44;195;97;98;-102;-48;-54
3590;73;2040;;;;;;4585;2691;1894;93;49;44;195;96;99;-102;-47;-55
3591;73;2041;;;;;;4592;2689;1903;93;49;44;199;98;101;-106;-49;-57
3592;73;2042;;;;;;4763;2791;1972;93;49;44;207;102;105;-114;-53;-61
3593;73;2043;;;;;;4624;2705;1919;93;49;44;205;100;105;-112;-51;-61
3594;73;2044;;;;;;4425;2589;1836;93;49;44;203;99;104;-110;-50;-60
3595;73;2045;;;;;;4204;2449;1755;93;49;44;200;97;103;-107;-48;-59
3596;73;2046;;;;;;3890;2268;1622;93;49;44;192;93;99;-99;-44;-55
3597;73;2047;;;;;;3746;2189;1557;93;49;44;190;92;98;-97;-43;-54
3598;73;2048;;;;;;3590;2098;1492;93;49;44;186;90;96;-93;-41;-52
3599;73;2049;;;;;;3554;2085;1469;94;50;44;183;89;94;-89;-39;-50
3600;74;2002;;;;;;3573;2060;1513;83;44;39;64;28;36;19;16;3
3601;74;2003;;;;;;3533;2035;1498;78;41;37;65;29;36;13;12;1
3602;74;2004;;;;;;3667;2118;1549;76;39;37;68;31;37;8;8;0
3603;74;2005;;;;;;3585;2065;1520;73;37;36;66;30;36;7;7;0
3604;74;2006;;;;;;3631;2091;1540;72;36;36;68;32;36;4;4;0
3605;74;2007;;;;;;3517;2024;1493;74;37;37;69;33;36;5;4;1
3606;74;2008;;;;;;3554;2047;1507;75;38;37;70;34;36;5;4;1
3607;74;2009;;;;;;3559;2053;1506;75;38;37;73;36;37;2;2;0
3608;74;2010;;;;;;3598;2078;1520;75;38;37;76;38;38;-1;0;-1
3609;74;2011;;;;;;3586;2065;1521;76;38;38;78;39;39;-2;-1;-1
3610;74;2012;;;;;;3771;2179;1592;76;38;38;82;41;41;-6;-3;-3
3611;74;2013;;;;;;3810;2194;1616;76;38;38;85;43;42;-9;-5;-4
3612;74;2014;;;;;;3922;2266;1656;77;39;38;90;46;44;-13;-7;-6
3613;74;2015;;;;;;3789;2198;1591;77;39;38;87;44;43;-10;-5;-5
3614;74;2016;;;;;;3937;2285;1652;78;39;39;92;47;45;-14;-8;-6
3615;74;2017;;;;;;4217;2444;1773;78;39;39;96;50;46;-18;-11;-7
3616;74;2018;;;;;;4398;2544;1854;78;39;39;101;52;49;-23;-13;-10
3617;74;2019;;;;;;4167;2409;1758;78;39;39;103;53;50;-25;-14;-11
3618;74;2020;;;;;;5723;3318;2405;78;39;39;128;65;63;-50;-26;-24
3619;74;2021;;;;;;5486;3167;2319;78;39;39;129;65;64;-51;-26;-25
3620;74;2022;;;;;;5163;2990;2173;78;39;39;128;64;64;-50;-25;-25
3621;74;2023;;;;;;4959;2869;2090;78;39;39;126;63;63;-48;-24;-24
3622;74;2024;;;;;;4844;2798;2046;78;39;39;129;64;65;-51;-25;-26
3623;74;2025;;;;;;4774;2760;2014;78;39;39;128;63;65;-50;-24;-26
3624;74;2026;;;;;;4887;2821;2066;78;39;39;134;66;68;-56;-27;-29
3625;74;2027;;;;;;4829;2786;2043;78;39;39;136;67;69;-58;-28;-30
3626;74;2028;;;;;;4850;2798;2052;79;40;39;139;68;71;-60;-28;-32
3627;74;2029;;;;;;4866;2796;2070;79;40;39;141;69;72;-62;-29;-33
3628;74;2030;;;;;;4938;2852;2086;79;40;39;145;71;74;-66;-31;-35
3629;74;2031;;;;;;4974;2868;2106;79;40;39;148;72;76;-69;-32;-37
3630;74;2032;;;;;;5024;2898;2126;79;40;39;151;74;77;-72;-34;-38
3631;74;2033;;;;;;5119;2953;2166;79;40;39;157;77;80;-78;-37;-41
3632;74;2034;;;;;;5106;2952;2154;79;40;39;159;78;81;-80;-38;-42
3633;74;2035;;;;;;5206;3007;2199;79;40;39;163;80;83;-84;-40;-44
3634;74;2036;;;;;;5205;3009;2196;79;40;39;166;81;85;-87;-41;-46
3635;74;2037;;;;;;5268;3057;2211;79;40;39;169;83;86;-90;-43;-47
3636;74;2038;;;;;;5300;3074;2226;79;40;39;172;84;88;-93;-44;-49
3637;74;2039;;;;;;5185;3013;2172;79;40;39;171;84;87;-92;-44;-48
3638;74;2040;;;;;;5072;2942;2130;79;40;39;170;83;87;-91;-43;-48
3639;74;2041;;;;;;5018;2912;2106;79;40;39;172;83;89;-93;-43;-50
3640;74;2042;;;;;;5027;2910;2117;79;40;39;174;84;90;-95;-44;-51
3641;74;2043;;;;;;5216;3022;2194;79;40;39;182;88;94;-103;-48;-55
3642;74;2044;;;;;;5066;2930;2136;79;40;39;180;86;94;-101;-46;-55
3643;74;2045;;;;;;4849;2805;2044;79;40;39;177;85;92;-98;-45;-53
3644;74;2046;;;;;;4609;2654;1955;79;40;39;174;83;91;-95;-43;-52
3645;74;2047;;;;;;4265;2458;1807;79;40;39;167;79;88;-88;-39;-49
3646;74;2048;;;;;;4109;2374;1735;79;40;39;164;78;86;-85;-38;-47
3647;74;2049;;;;;;3939;2276;1663;79;40;39;160;76;84;-81;-36;-45
3648;75;2002;;;;;;3727;2106;1621;72;38;34;53;22;31;19;16;3
3649;75;2003;;;;;;3822;2150;1672;69;37;32;55;23;32;14;14;0
3650;75;2004;;;;;;3793;2135;1658;67;35;32;55;24;31;12;11;1
3651;75;2005;;;;;;3939;2225;1714;66;34;32;58;26;32;8;8;0
3652;75;2006;;;;;;3853;2172;1681;64;32;32;58;26;32;6;6;0
3653;75;2007;;;;;;3904;2201;1703;64;32;32;59;27;32;5;5;0
3654;75;2008;;;;;;3782;2133;1649;64;32;32;58;27;31;6;5;1
3655;75;2009;;;;;;3824;2160;1664;64;32;32;60;28;32;4;4;0
3656;75;2010;;;;;;3830;2169;1661;67;34;33;63;30;33;4;4;0
3657;75;2011;;;;;;3873;2197;1676;67;34;33;65;32;33;2;2;0
3658;75;2012;;;;;;3862;2186;1676;67;34;33;67;33;34;0;1;-1
3659;75;2013;;;;;;4061;2308;1753;67;34;33;71;35;36;-4;-1;-3
3660;75;2014;;;;;;4107;2327;1780;67;34;33;73;36;37;-6;-2;-4
3661;75;2015;;;;;;4228;2405;1823;68;34;34;77;39;38;-9;-5;-4
3662;75;2016;;;;;;4086;2335;1751;68;34;34;76;38;38;-8;-4;-4
3663;75;2017;;;;;;4247;2429;1818;70;36;34;78;39;39;-8;-3;-5
3664;75;2018;;;;;;4552;2601;1951;70;36;34;83;42;41;-13;-6;-7
3665;75;2019;;;;;;4749;2709;2040;70;36;34;88;44;44;-18;-8;-10
3666;75;2020;;;;;;4501;2567;1934;70;36;34;88;44;44;-18;-8;-10
3667;75;2021;;;;;;6185;3539;2646;70;36;34;110;55;55;-40;-19;-21
3668;75;2022;;;;;;5931;3379;2552;70;36;34;110;54;56;-40;-18;-22
3669;75;2023;;;;;;5585;3193;2392;70;36;34;110;54;56;-40;-18;-22
3670;75;2024;;;;;;5366;3065;2301;70;36;34;109;53;56;-39;-17;-22
3671;75;2025;;;;;;5243;2991;2252;70;36;34;111;54;57;-41;-18;-23
3672;75;2026;;;;;;5170;2952;2218;70;36;34;111;54;57;-41;-18;-23
3673;75;2027;;;;;;5296;3020;2276;70;36;34;116;56;60;-46;-20;-26
3674;75;2028;;;;;;5234;2983;2251;70;36;34;118;57;61;-48;-21;-27
3675;75;2029;;;;;;5259;2997;2262;70;36;34;121;58;63;-51;-22;-29
3676;75;2030;;;;;;5280;2998;2282;70;36;34;123;59;64;-53;-23;-30
3677;75;2031;;;;;;5360;3059;2301;70;36;34;127;61;66;-57;-25;-32
3678;75;2032;;;;;;5401;3078;2323;70;36;34;129;62;67;-59;-26;-33
3679;75;2033;;;;;;5457;3111;2346;70;36;34;132;63;69;-62;-27;-35
3680;75;2034;;;;;;5563;3172;2391;70;36;34;137;66;71;-67;-30;-37
3681;75;2035;;;;;;5551;3172;2379;70;36;34;138;66;72;-68;-30;-38
3682;75;2036;;;;;;5661;3232;2429;70;36;34;142;68;74;-72;-32;-40
3683;75;2037;;;;;;5662;3236;2426;70;36;34;144;69;75;-74;-33;-41
3684;75;2038;;;;;;5732;3289;2443;70;36;34;148;71;77;-78;-35;-43
3685;75;2039;;;;;;5770;3309;2461;70;36;34;150;72;78;-80;-36;-44
3686;75;2040;;;;;;5648;3245;2403;70;36;34;149;72;77;-79;-36;-43
3687;75;2041;;;;;;5525;3169;2356;70;36;34;147;70;77;-77;-34;-43
3688;75;2042;;;;;;5469;3138;2331;70;36;34;147;70;77;-77;-34;-43
3689;75;2043;;;;;;5480;3137;2343;70;36;34;151;72;79;-81;-36;-45
3690;75;2044;;;;;;5688;3259;2429;70;36;34;156;74;82;-86;-38;-48
3691;75;2045;;;;;;5527;3161;2366;70;36;34;155;73;82;-85;-37;-48
3692;75;2046;;;;;;5292;3027;2265;70;36;34;153;72;81;-83;-36;-47
3693;75;2047;;;;;;5031;2865;2166;70;36;34;150;70;80;-80;-34;-46
3694;75;2048;;;;;;4657;2655;2002;70;36;34;144;67;77;-74;-31;-43
3695;75;2049;;;;;;4488;2565;1923;70;36;34;140;65;75;-70;-29;-41
3696;76;2002;;;;;;4032;2224;1808;64;33;31;47;19;28;17;14;3
3697;76;2003;;;;;;3957;2181;1776;61;31;30;46;19;27;15;12;3
3698;76;2004;;;;;;4074;2239;1835;60;30;30;48;20;28;12;10;2
3699;76;2005;;;;;;4045;2226;1819;59;29;30;48;21;27;11;8;3
3700;76;2006;;;;;;4201;2322;1879;59;29;30;50;22;28;9;7;2
3701;76;2007;;;;;;4112;2270;1842;58;28;30;49;21;28;9;7;2
3702;76;2008;;;;;;4168;2303;1865;59;28;31;50;22;28;9;6;3
3703;76;2009;;;;;;4040;2235;1805;59;28;31;50;23;27;9;5;4
3704;76;2010;;;;;;4085;2265;1820;59;28;31;52;24;28;7;4;3
3705;76;2011;;;;;;4093;2277;1816;59;28;31;54;25;29;5;3;2
3706;76;2012;;;;;;4141;2310;1831;60;29;31;55;26;29;5;3;2
3707;76;2013;;;;;;4130;2300;1830;60;29;31;57;27;30;3;2;1
3708;76;2014;;;;;;4346;2432;1914;61;29;32;60;29;31;1;0;1
3709;76;2015;;;;;;4395;2453;1942;61;29;32;62;30;32;-1;-1;0
3710;76;2016;;;;;;4527;2538;1989;61;29;32;66;32;34;-5;-3;-2
3711;76;2017;;;;;;4377;2467;1910;61;29;32;64;31;33;-3;-2;-1
3712;76;2018;;;;;;4551;2568;1983;62;30;32;68;33;35;-6;-3;-3
3713;76;2019;;;;;;4880;2752;2128;62;30;32;72;35;37;-10;-5;-5
3714;76;2020;;;;;;5094;2868;2226;62;30;32;76;37;39;-14;-7;-7
3715;76;2021;;;;;;4832;2721;2111;62;30;32;77;37;40;-15;-7;-8
3716;76;2022;;;;;;6640;3752;2888;62;30;32;96;47;49;-34;-17;-17
3717;76;2023;;;;;;6372;3586;2786;62;30;32;96;46;50;-34;-16;-18
3718;76;2024;;;;;;6002;3390;2612;62;30;32;95;46;49;-33;-16;-17
3719;76;2025;;;;;;5769;3256;2513;62;30;32;94;45;49;-32;-15;-17
3720;76;2026;;;;;;5641;3180;2461;62;30;32;94;45;49;-32;-15;-17
3721;76;2027;;;;;;5565;3141;2424;62;30;32;96;46;50;-34;-16;-18
3722;76;2028;;;;;;5703;3215;2488;62;30;32;100;47;53;-38;-17;-21
3723;76;2029;;;;;;5639;3177;2462;62;30;32;102;48;54;-40;-18;-22
3724;76;2030;;;;;;5668;3194;2474;62;30;32;104;49;55;-42;-19;-23
3725;76;2031;;;;;;5693;3196;2497;62;30;32;106;50;56;-44;-20;-24
3726;76;2032;;;;;;5781;3263;2518;62;30;32;109;51;58;-47;-21;-26
3727;76;2033;;;;;;5829;3285;2544;62;30;32;112;53;59;-50;-23;-27
3728;76;2034;;;;;;5891;3322;2569;62;30;32;115;54;61;-53;-24;-29
3729;76;2035;;;;;;6008;3388;2620;62;30;32;119;56;63;-57;-26;-31
3730;76;2036;;;;;;5997;3390;2607;62;30;32;120;56;64;-58;-26;-32
3731;76;2037;;;;;;6119;3456;2663;62;30;32;124;58;66;-62;-28;-34
3732;76;2038;;;;;;6123;3462;2661;62;30;32;125;58;67;-63;-28;-35
3733;76;2039;;;;;;6199;3519;2680;62;30;32;128;60;68;-66;-30;-36
3734;76;2040;;;;;;6243;3542;2701;62;30;32;130;61;69;-68;-31;-37
3735;76;2041;;;;;;6112;3475;2637;62;30;32;129;61;68;-67;-31;-36
3736;76;2042;;;;;;5984;3396;2588;62;30;32;128;60;68;-66;-30;-36
3737;76;2043;;;;;;5923;3363;2560;62;30;32;128;60;68;-66;-30;-36
3738;76;2044;;;;;;5939;3364;2575;62;30;32;131;61;70;-69;-31;-38
3739;76;2045;;;;;;6166;3496;2670;62;30;32;135;63;72;-73;-33;-40
3740;76;2046;;;;;;5994;3392;2602;62;30;32;134;62;72;-72;-32;-40
3741;76;2047;;;;;;5741;3250;2491;62;30;32;132;61;71;-70;-31;-39
3742;76;2048;;;;;;5459;3076;2383;62;30;32;129;59;70;-67;-29;-38
3743;76;2049;;;;;;5056;2852;2204;62;30;32;122;56;66;-60;-26;-34
3744;77;2002;;;;;;4238;2263;1975;57;30;27;42;16;26;15;14;1
3745;77;2003;;;;;;4243;2283;1960;55;28;27;41;16;25;14;12;2
3746;77;2004;;;;;;4181;2252;1929;53;27;26;39;16;23;14;11;3
3747;77;2005;;;;;;4306;2314;1992;52;26;26;41;17;24;11;9;2
3748;77;2006;;;;;;4278;2304;1974;52;25;27;42;18;24;10;7;3
3749;77;2007;;;;;;4446;2407;2039;52;25;27;44;19;25;8;6;2
3750;77;2008;;;;;;4352;2355;1997;52;25;27;42;18;24;10;7;3
3751;77;2009;;;;;;4413;2393;2020;52;25;27;44;19;25;8;6;2
3752;77;2010;;;;;;4279;2325;1954;52;25;27;44;20;24;8;5;3
3753;77;2011;;;;;;4329;2360;1969;52;25;27;45;20;25;7;5;2
3754;77;2012;;;;;;4339;2375;1964;54;26;28;46;21;25;8;5;3
3755;77;2013;;;;;;4391;2412;1979;54;26;28;48;22;26;6;4;2
3756;77;2014;;;;;;4381;2404;1977;54;26;28;48;22;26;6;4;2
3757;77;2015;;;;;;4612;2544;2068;54;26;28;51;24;27;3;2;1
3758;77;2016;;;;;;4668;2570;2098;54;26;28;53;25;28;1;1;0
3759;77;2017;;;;;;4808;2660;2148;54;26;28;56;26;30;-2;0;-2
3760;77;2018;;;;;;4652;2588;2064;55;26;29;55;26;29;0;0;0
3761;77;2019;;;;;;4839;2697;2142;55;26;29;58;27;31;-3;-1;-2
3762;77;2020;;;;;;5192;2893;2299;55;26;29;62;29;33;-7;-3;-4
3763;77;2021;;;;;;5423;3018;2405;55;26;29;66;31;35;-11;-5;-6
3764;77;2022;;;;;;5145;2864;2281;55;26;29;66;31;35;-11;-5;-6
3765;77;2023;;;;;;7076;3954;3122;55;26;29;83;39;44;-28;-13;-15
3766;77;2024;;;;;;6793;3780;3013;55;26;29;82;38;44;-27;-12;-15
3767;77;2025;;;;;;6402;3577;2825;55;26;29;82;39;43;-27;-13;-14
3768;77;2026;;;;;;6157;3438;2719;55;26;29;81;38;43;-26;-12;-14
3769;77;2027;;;;;;6024;3360;2664;55;26;29;81;38;43;-26;-12;-14
3770;77;2028;;;;;;5945;3320;2625;55;26;29;83;39;44;-28;-13;-15
3771;77;2029;;;;;;6095;3400;2695;55;26;29;87;41;46;-32;-15;-17
3772;77;2030;;;;;;6030;3362;2668;55;26;29;89;42;47;-34;-16;-18
3773;77;2031;;;;;;6064;3382;2682;55;26;29;91;42;49;-36;-16;-20
3774;77;2032;;;;;;6094;3386;2708;55;26;29;93;43;50;-38;-17;-21
3775;77;2033;;;;;;6190;3458;2732;55;26;29;95;44;51;-40;-18;-22
3776;77;2034;;;;;;6245;3484;2761;55;26;29;98;45;53;-43;-19;-24
3777;77;2035;;;;;;6314;3525;2789;55;26;29;100;46;54;-45;-20;-25
3778;77;2036;;;;;;6442;3597;2845;55;26;29;103;47;56;-48;-21;-27
3779;77;2037;;;;;;6433;3600;2833;55;26;29;104;48;56;-49;-22;-27
3780;77;2038;;;;;;6567;3672;2895;55;26;29;108;49;59;-53;-23;-30
3781;77;2039;;;;;;6574;3680;2894;55;26;29;109;49;60;-54;-23;-31
3782;77;2040;;;;;;6659;3743;2916;55;26;29;112;51;61;-57;-25;-32
3783;77;2041;;;;;;6708;3769;2939;55;26;29;114;52;62;-59;-26;-33
3784;77;2042;;;;;;6570;3699;2871;55;26;29;111;51;60;-56;-25;-31
3785;77;2043;;;;;;6434;3616;2818;55;26;29;110;50;60;-55;-24;-31
3786;77;2044;;;;;;6372;3583;2789;55;26;29;110;50;60;-55;-24;-31
3787;77;2045;;;;;;6392;3586;2806;55;26;29;112;51;61;-57;-25;-32
3788;77;2046;;;;;;6638;3727;2911;55;26;29;116;53;63;-61;-27;-34
3789;77;2047;;;;;;6455;3618;2837;55;26;29;115;52;63;-60;-26;-34
3790;77;2048;;;;;;6185;3468;2717;55;26;29;113;51;62;-58;-25;-33
3791;77;2049;;;;;;5885;3284;2601;55;26;29;109;49;60;-54;-23;-31
3792;78;2002;;;;;;4509;2336;2173;51;26;25;36;13;23;15;13;2
3793;78;2003;;;;;;4419;2302;2117;49;25;24;37;14;23;12;11;1
3794;78;2004;;;;;;4440;2335;2105;47;24;23;36;14;22;11;10;1
3795;78;2005;;;;;;4378;2307;2071;46;23;23;35;14;21;11;9;2
3796;78;2006;;;;;;4513;2374;2139;46;23;23;36;14;22;10;9;1
3797;78;2007;;;;;;4485;2367;2118;45;22;23;37;15;22;8;7;1
3798;78;2008;;;;;;4662;2476;2186;45;22;23;38;16;22;7;6;1
3799;78;2009;;;;;;4566;2426;2140;45;22;23;38;16;22;7;6;1
3800;78;2010;;;;;;4632;2469;2163;46;22;24;38;16;22;8;6;2
3801;78;2011;;;;;;4493;2402;2091;47;23;24;39;17;22;8;6;2
3802;78;2012;;;;;;4546;2440;2106;47;23;24;39;17;22;8;6;2
3803;78;2013;;;;;;4559;2459;2100;48;24;24;41;18;23;7;6;1
3804;78;2014;;;;;;4616;2500;2116;48;24;24;41;18;23;7;6;1
3805;78;2015;;;;;;4609;2495;2114;48;24;24;42;19;23;6;5;1
3806;78;2016;;;;;;4853;2643;2210;49;24;25;45;20;25;4;4;0
3807;78;2017;;;;;;4914;2672;2242;49;24;25;46;21;25;3;3;0
3808;78;2018;;;;;;5065;2769;2296;49;24;25;48;22;26;1;2;-1
3809;78;2019;;;;;;4903;2697;2206;49;24;25;48;22;26;1;2;-1
3810;78;2020;;;;;;5102;2812;2290;49;24;25;50;23;27;-1;1;-2
3811;78;2021;;;;;;5478;3019;2459;49;24;25;54;25;29;-5;-1;-4
3812;78;2022;;;;;;5724;3151;2573;49;24;25;58;27;31;-9;-3;-6
3813;78;2023;;;;;;5435;2994;2441;49;24;25;58;27;31;-9;-3;-6
3814;78;2024;;;;;;7476;4135;3341;49;24;25;73;34;39;-24;-10;-14
3815;78;2025;;;;;;7183;3957;3226;49;24;25;72;33;39;-23;-9;-14
3816;78;2026;;;;;;6772;3746;3026;49;24;25;71;33;38;-22;-9;-13
3817;78;2027;;;;;;6518;3604;2914;49;24;25;70;32;38;-21;-8;-13
3818;78;2028;;;;;;6380;3524;2856;49;24;25;72;33;39;-23;-9;-14
3819;78;2029;;;;;;6301;3485;2816;49;24;25;73;33;40;-24;-9;-15
3820;78;2030;;;;;;6462;3570;2892;49;24;25;76;35;41;-27;-11;-16
3821;78;2031;;;;;;6397;3533;2864;49;24;25;79;36;43;-30;-12;-18
3822;78;2032;;;;;;6436;3556;2880;49;24;25;80;36;44;-31;-12;-19
3823;78;2033;;;;;;6472;3562;2910;49;24;25;82;37;45;-33;-13;-20
3824;78;2034;;;;;;6578;3641;2937;49;24;25;84;38;46;-35;-14;-21
3825;78;2035;;;;;;6638;3669;2969;49;24;25;86;38;48;-37;-14;-23
3826;78;2036;;;;;;6715;3714;3001;49;24;25;88;39;49;-39;-15;-24
3827;78;2037;;;;;;6854;3792;3062;49;24;25;91;41;50;-42;-17;-25
3828;78;2038;;;;;;6848;3798;3050;49;24;25;92;41;51;-43;-17;-26
3829;78;2039;;;;;;6994;3875;3119;49;24;25;94;42;52;-45;-18;-27
3830;78;2040;;;;;;7004;3885;3119;49;24;25;95;42;53;-46;-18;-28
3831;78;2041;;;;;;7097;3954;3143;49;24;25;98;44;54;-49;-20;-29
3832;78;2042;;;;;;7153;3983;3170;49;24;25;98;44;54;-49;-20;-29
3833;78;2043;;;;;;7009;3911;3098;49;24;25;97;44;53;-48;-20;-28
3834;78;2044;;;;;;6867;3825;3042;49;24;25;96;43;53;-47;-19;-28
3835;78;2045;;;;;;6804;3792;3012;49;24;25;96;43;53;-47;-19;-28
3836;78;2046;;;;;;6829;3797;3032;49;24;25;97;43;54;-48;-19;-29
3837;78;2047;;;;;;7094;3948;3146;49;24;25;100;45;55;-51;-21;-30
3838;78;2048;;;;;;6901;3834;3067;49;24;25;99;44;55;-50;-20;-30
3839;78;2049;;;;;;6615;3676;2939;49;24;25;97;43;54;-48;-19;-29
3840;79;2002;;;;;;4793;2448;2345;44;23;21;33;12;21;11;11;0
3841;79;2003;;;;;;4656;2352;2304;43;22;21;33;12;21;10;10;0
3842;79;2004;;;;;;4580;2332;2248;42;21;21;32;12;20;10;9;1
3843;79;2005;;;;;;4604;2369;2235;41;20;21;32;12;20;9;8;1
3844;79;2006;;;;;;4542;2344;2198;40;19;21;31;12;19;9;7;2
3845;79;2007;;;;;;4684;2416;2268;41;19;22;33;13;20;8;6;2
3846;79;2008;;;;;;4657;2412;2245;42;20;22;32;13;19;10;7;3
3847;79;2009;;;;;;4842;2527;2315;42;20;22;34;14;20;8;6;2
3848;79;2010;;;;;;4745;2480;2265;42;20;22;34;14;20;8;6;2
3849;79;2011;;;;;;4816;2527;2289;42;20;22;34;14;20;8;6;2
3850;79;2012;;;;;;4674;2462;2212;42;20;22;35;15;20;7;5;2
3851;79;2013;;;;;;4731;2504;2227;43;20;23;35;15;20;8;5;3
3852;79;2014;;;;;;4747;2527;2220;43;20;23;37;16;21;6;4;2
3853;79;2015;;;;;;4809;2572;2237;43;20;23;37;16;21;6;4;2
3854;79;2016;;;;;;4803;2569;2234;43;20;23;37;16;21;6;4;2
3855;79;2017;;;;;;5060;2724;2336;43;20;23;40;18;22;3;2;1
3856;79;2018;;;;;;5127;2757;2370;43;20;23;41;18;23;2;2;0
3857;79;2019;;;;;;5288;2860;2428;43;20;23;43;19;24;0;1;-1
3858;79;2020;;;;;;5121;2788;2333;43;20;23;42;19;23;1;1;0
3859;79;2021;;;;;;5333;2910;2423;43;20;23;44;20;24;-1;0;-1
3860;79;2022;;;;;;5730;3127;2603;43;20;23;48;22;26;-5;-2;-3
3861;79;2023;;;;;;5991;3267;2724;43;20;23;51;23;28;-8;-3;-5
3862;79;2024;;;;;;5691;3105;2586;43;20;23;51;23;28;-8;-3;-5
3863;79;2025;;;;;;7834;4293;3541;43;20;23;65;30;35;-22;-10;-12
3864;79;2026;;;;;;7531;4111;3420;43;20;23;64;29;35;-21;-9;-12
3865;79;2027;;;;;;7105;3895;3210;43;20;23;64;29;35;-21;-9;-12
3866;79;2028;;;;;;6841;3749;3092;43;20;23;62;28;34;-19;-8;-11
3867;79;2029;;;;;;6701;3669;3032;43;20;23;64;29;35;-21;-9;-12
3868;79;2030;;;;;;6621;3630;2991;43;20;23;65;29;36;-22;-9;-13
3869;79;2031;;;;;;6795;3722;3073;43;20;23;68;31;37;-25;-11;-14
3870;79;2032;;;;;;6730;3685;3045;43;20;23;70;32;38;-27;-12;-15
3871;79;2033;;;;;;6775;3711;3064;43;20;23;72;32;40;-29;-12;-17
3872;79;2034;;;;;;6817;3720;3097;43;20;23;72;32;40;-29;-12;-17
3873;79;2035;;;;;;6931;3804;3127;43;20;23;75;33;42;-32;-13;-19
3874;79;2036;;;;;;6999;3836;3163;43;20;23;77;34;43;-34;-14;-20
3875;79;2037;;;;;;7084;3885;3199;43;20;23;79;35;44;-36;-15;-21
3876;79;2038;;;;;;7235;3969;3266;43;20;23;82;36;46;-39;-16;-23
3877;79;2039;;;;;;7231;3977;3254;43;20;23;82;36;46;-39;-16;-23
3878;79;2040;;;;;;7390;4061;3329;43;20;23;84;37;47;-41;-17;-24
3879;79;2041;;;;;;7403;4073;3330;43;20;23;85;37;48;-42;-17;-25
3880;79;2042;;;;;;7506;4147;3359;43;20;23;87;38;49;-44;-18;-26
3881;79;2043;;;;;;7568;4180;3388;43;20;23;88;39;49;-45;-19;-26
3882;79;2044;;;;;;7419;4106;3313;43;20;23;86;38;48;-43;-18;-25
3883;79;2045;;;;;;7273;4018;3255;43;20;23;85;37;48;-42;-17;-25
3884;79;2046;;;;;;7210;3985;3225;43;20;23;84;37;47;-41;-17;-24
3885;79;2047;;;;;;7238;3991;3247;43;20;23;86;38;48;-43;-18;-25
3886;79;2048;;;;;;7524;4153;3371;43;20;23;89;39;50;-46;-19;-27
3887;79;2049;;;;;;7322;4034;3288;43;20;23;87;38;49;-44;-18;-26
3888;80;2002;;;;;;4792;2392;2400;41;21;20;28;10;18;13;11;2
3889;80;2003;;;;;;4896;2440;2456;38;19;19;30;11;19;8;8;0
3890;80;2004;;;;;;4777;2359;2418;38;19;19;29;10;19;9;9;0
3891;80;2005;;;;;;4702;2342;2360;37;18;19;29;10;19;8;8;0
3892;80;2006;;;;;;4729;2384;2345;37;18;19;29;11;18;8;7;1
3893;80;2007;;;;;;4667;2362;2305;37;18;19;28;11;17;9;7;2
3894;80;2008;;;;;;4815;2438;2377;37;18;19;29;11;18;8;7;1
3895;80;2009;;;;;;4789;2438;2351;37;18;19;30;12;18;7;6;1
3896;80;2010;;;;;;4982;2559;2423;38;18;20;32;13;19;6;5;1
3897;80;2011;;;;;;4883;2514;2369;38;18;20;31;12;19;7;6;1
3898;80;2012;;;;;;4959;2565;2394;38;18;20;32;13;19;6;5;1
3899;80;2013;;;;;;4815;2503;2312;38;18;20;31;13;18;7;5;2
3900;80;2014;;;;;;4877;2549;2328;38;18;20;33;14;19;5;4;1
3901;80;2015;;;;;;4895;2575;2320;39;19;20;33;14;19;6;5;1
3902;80;2016;;;;;;4962;2624;2338;39;19;20;34;14;20;5;5;0
3903;80;2017;;;;;;4960;2624;2336;39;19;20;35;15;20;4;4;0
3904;80;2018;;;;;;5229;2786;2443;39;19;20;37;16;21;2;3;-1
3905;80;2019;;;;;;5302;2823;2479;39;19;20;38;17;21;1;2;-1
3906;80;2020;;;;;;5471;2931;2540;39;19;20;39;17;22;0;2;-2
3907;80;2021;;;;;;5302;2860;2442;39;19;20;39;17;22;0;2;-2
3908;80;2022;;;;;;5526;2988;2538;39;19;20;41;18;23;-2;1;-3
3909;80;2023;;;;;;5939;3213;2726;39;19;20;45;20;25;-6;-1;-5
3910;80;2024;;;;;;6214;3359;2855;39;19;20;47;21;26;-8;-2;-6
3911;80;2025;;;;;;5907;3196;2711;39;19;20;47;21;26;-8;-2;-6
3912;80;2026;;;;;;8136;4421;3715;39;19;20;60;27;33;-21;-8;-13
3913;80;2027;;;;;;7828;4238;3590;39;19;20;59;26;33;-20;-7;-13
3914;80;2028;;;;;;7389;4018;3371;39;19;20;58;26;32;-19;-7;-12
3915;80;2029;;;;;;7121;3871;3250;39;19;20;56;25;31;-17;-6;-11
3916;80;2030;;;;;;6978;3790;3188;39;19;20;56;25;31;-17;-6;-11
3917;80;2031;;;;;;6900;3753;3147;39;19;20;59;26;33;-20;-7;-13
3918;80;2032;;;;;;7085;3850;3235;39;19;20;62;28;34;-23;-9;-14
3919;80;2033;;;;;;7022;3815;3207;39;19;20;63;28;35;-24;-9;-15
3920;80;2034;;;;;;7073;3844;3229;39;19;20;66;29;37;-27;-10;-17
3921;80;2035;;;;;;7121;3855;3266;39;19;20;67;29;38;-28;-10;-18
3922;80;2036;;;;;;7244;3945;3299;39;19;20;69;30;39;-30;-11;-19
3923;80;2037;;;;;;7319;3980;3339;39;19;20;71;31;40;-32;-12;-20
3924;80;2038;;;;;;7412;4034;3378;39;19;20;73;32;41;-34;-13;-21
3925;80;2039;;;;;;7574;4123;3451;39;19;20;75;33;42;-36;-14;-22
3926;80;2040;;;;;;7575;4134;3441;39;19;20;74;32;42;-35;-13;-22
3927;80;2041;;;;;;7745;4223;3522;39;19;20;78;34;44;-39;-15;-24
3928;80;2042;;;;;;7763;4238;3525;39;19;20;79;34;45;-40;-15;-25
3929;80;2043;;;;;;7874;4317;3557;39;19;20;80;35;45;-41;-16;-25
3930;80;2044;;;;;;7944;4354;3590;39;19;20;81;35;46;-42;-16;-26
3931;80;2045;;;;;;7792;4279;3513;39;19;20;78;34;44;-39;-15;-24
3932;80;2046;;;;;;7643;4190;3453;39;19;20;78;34;44;-39;-15;-24
3933;80;2047;;;;;;7579;4157;3422;39;19;20;78;34;44;-39;-15;-24
3934;80;2048;;;;;;7614;4166;3448;39;19;20;78;34;44;-39;-15;-24
3935;80;2049;;;;;;7917;4336;3581;39;19;20;82;36;46;-43;-17;-26
3936;81;2002;;;;;;4928;2371;2557;34;17;17;26;9;17;8;8;0
3937;81;2003;;;;;;4898;2375;2523;35;17;18;26;9;17;9;8;1
3938;81;2004;;;;;;5026;2438;2588;33;15;18;28;10;18;5;5;0
3939;81;2005;;;;;;4908;2361;2547;32;15;17;27;9;18;5;6;-1
3940;81;2006;;;;;;4833;2349;2484;32;15;17;27;10;17;5;5;0
3941;81;2007;;;;;;4862;2395;2467;33;16;17;27;10;17;6;6;0
3942;81;2008;;;;;;4800;2377;2423;33;16;17;26;10;16;7;6;1
3943;81;2009;;;;;;4956;2458;2498;33;16;17;27;10;17;6;6;0
3944;81;2010;;;;;;4931;2462;2469;33;16;17;28;11;17;5;5;0
3945;81;2011;;;;;;5132;2588;2544;33;16;17;28;11;17;5;5;0
3946;81;2012;;;;;;5034;2547;2487;33;16;17;28;11;17;5;5;0
3947;81;2013;;;;;;5115;2603;2512;33;16;17;28;11;17;5;5;0
3948;81;2014;;;;;;4970;2543;2427;34;16;18;29;12;17;5;4;1
3949;81;2015;;;;;;5037;2594;2443;34;16;18;29;12;17;5;4;1
3950;81;2016;;;;;;5059;2624;2435;34;16;18;31;13;18;3;3;0
3951;81;2017;;;;;;5131;2677;2454;34;16;18;31;13;18;3;3;0
3952;81;2018;;;;;;5134;2681;2453;34;16;18;31;13;18;3;3;0
3953;81;2019;;;;;;5415;2849;2566;34;16;18;33;14;19;1;2;-1
3954;81;2020;;;;;;5494;2889;2605;34;16;18;34;15;19;0;1;-1
3955;81;2021;;;;;;5675;3004;2671;34;16;18;35;15;20;-1;1;-2
3956;81;2022;;;;;;5502;2933;2569;34;16;18;35;15;20;-1;1;-2
3957;81;2023;;;;;;5739;3068;2671;34;16;18;37;16;21;-3;0;-3
3958;81;2024;;;;;;6173;3302;2871;34;16;18;40;18;22;-6;-2;-4
3959;81;2025;;;;;;6465;3456;3009;34;16;18;42;18;24;-8;-2;-6
3960;81;2026;;;;;;6150;3291;2859;34;16;18;43;19;24;-9;-3;-6
3961;81;2027;;;;;;8476;4557;3919;34;16;18;54;24;30;-20;-8;-12
3962;81;2028;;;;;;8161;4371;3790;34;16;18;53;23;30;-19;-7;-12
3963;81;2029;;;;;;7709;4148;3561;34;16;18;52;23;29;-18;-7;-11
3964;81;2030;;;;;;7434;3999;3435;34;16;18;50;22;28;-16;-6;-10
3965;81;2031;;;;;;7291;3919;3372;34;16;18;52;23;29;-18;-7;-11
3966;81;2032;;;;;;7213;3883;3330;34;16;18;54;24;30;-20;-8;-12
3967;81;2033;;;;;;7413;3987;3426;34;16;18;57;25;32;-23;-9;-14
3968;81;2034;;;;;;7352;3953;3399;34;16;18;58;26;32;-24;-10;-14
3969;81;2035;;;;;;7410;3986;3424;34;16;18;59;26;33;-25;-10;-15
3970;81;2036;;;;;;7466;4001;3465;34;16;18;60;26;34;-26;-10;-16
3971;81;2037;;;;;;7600;4097;3503;34;16;18;62;27;35;-28;-11;-17
3972;81;2038;;;;;;7684;4137;3547;34;16;18;64;28;36;-30;-12;-18
3973;81;2039;;;;;;7787;4195;3592;34;16;18;65;28;37;-31;-12;-19
3974;81;2040;;;;;;7962;4290;3672;34;16;18;68;29;39;-34;-13;-21
3975;81;2041;;;;;;7967;4304;3663;34;16;18;68;29;39;-34;-13;-21
3976;81;2042;;;;;;8150;4399;3751;34;16;18;70;30;40;-36;-14;-22
3977;81;2043;;;;;;8174;4418;3756;34;16;18;71;30;41;-37;-14;-23
3978;81;2044;;;;;;8296;4503;3793;34;16;18;72;31;41;-38;-15;-23
3979;81;2045;;;;;;8375;4544;3831;34;16;18;72;31;41;-38;-15;-23
3980;81;2046;;;;;;8220;4469;3751;34;16;18;71;31;40;-37;-15;-22
3981;81;2047;;;;;;8066;4378;3688;34;16;18;70;30;40;-36;-14;-22
3982;81;2048;;;;;;8004;4346;3658;34;16;18;70;30;40;-36;-14;-22
3983;81;2049;;;;;;8045;4358;3687;34;16;18;70;30;40;-36;-14;-22
3984;82;2002;;;;;;5137;2396;2741;26;12;14;22;7;15;4;5;-1
3985;82;2003;;;;;;5074;2353;2721;25;12;13;22;7;15;3;5;-2
3986;82;2004;;;;;;5062;2372;2690;25;12;13;23;8;15;2;4;-2
3987;82;2005;;;;;;5198;2440;2758;25;12;13;23;8;15;2;4;-2
3988;82;2006;;;;;;5082;2369;2713;24;11;13;23;8;15;1;3;-2
3989;82;2007;;;;;;5005;2361;2644;24;11;13;23;8;15;1;3;-2
3990;82;2008;;;;;;5037;2412;2625;25;11;14;22;8;14;3;3;0
3991;82;2009;;;;;;4977;2399;2578;26;12;14;22;8;14;4;4;0
3992;82;2010;;;;;;5141;2486;2655;26;12;14;22;8;14;4;4;0
3993;82;2011;;;;;;5118;2494;2624;28;13;15;23;9;14;5;4;1
3994;82;2012;;;;;;5329;2626;2703;28;13;15;23;9;14;5;4;1
3995;82;2013;;;;;;5232;2590;2642;28;13;15;24;9;15;4;4;0
3996;82;2014;;;;;;5319;2650;2669;28;13;15;25;10;15;3;3;0
3997;82;2015;;;;;;5172;2593;2579;28;13;15;25;10;15;3;3;0
3998;82;2016;;;;;;5246;2649;2597;28;13;15;25;10;15;3;3;0
3999;82;2017;;;;;;5272;2683;2589;29;13;16;26;11;15;3;2;1
4000;82;2018;;;;;;5352;2742;2610;29;13;16;26;11;15;3;2;1
4001;82;2019;;;;;;5358;2749;2609;29;13;16;27;11;16;2;2;0
4002;82;2020;;;;;;5657;2926;2731;29;13;16;28;12;16;1;1;0
4003;82;2021;;;;;;5746;2971;2775;29;13;16;29;12;17;0;1;-1
4004;82;2022;;;;;;5938;3092;2846;29;13;16;30;13;17;-1;0;-1
4005;82;2023;;;;;;5764;3024;2740;29;13;16;30;13;17;-1;0;-1
4006;82;2024;;;;;;6016;3166;2850;29;13;16;32;14;18;-3;-1;-2
4007;82;2025;;;;;;6477;3411;3066;29;13;16;34;15;19;-5;-2;-3
4008;82;2026;;;;;;6789;3574;3215;29;13;16;37;16;21;-8;-3;-5
4009;82;2027;;;;;;6464;3407;3057;29;13;16;37;16;21;-8;-3;-5
4010;82;2028;;;;;;8915;4721;4194;29;13;16;47;21;26;-18;-8;-10
4011;82;2029;;;;;;8592;4533;4059;29;13;16;46;20;26;-17;-7;-10
4012;82;2030;;;;;;8123;4306;3817;29;13;16;45;20;25;-16;-7;-9
4013;82;2031;;;;;;7839;4155;3684;29;13;16;44;19;25;-15;-6;-9
4014;82;2032;;;;;;7694;4075;3619;29;13;16;44;19;25;-15;-6;-9
4015;82;2033;;;;;;7618;4041;3577;29;13;16;46;20;26;-17;-7;-10
4016;82;2034;;;;;;7836;4153;3683;29;13;16;48;21;27;-19;-8;-11
4017;82;2035;;;;;;7777;4121;3656;29;13;16;49;21;28;-20;-8;-12
4018;82;2036;;;;;;7845;4160;3685;29;13;16;51;22;29;-22;-9;-13
4019;82;2037;;;;;;7911;4178;3733;29;13;16;51;22;29;-22;-9;-13
4020;82;2038;;;;;;8058;4282;3776;29;13;16;53;23;30;-24;-10;-14
4021;82;2039;;;;;;8153;4326;3827;29;13;16;55;23;32;-26;-10;-16
4022;82;2040;;;;;;8267;4390;3877;29;13;16;57;24;33;-28;-11;-17
4023;82;2041;;;;;;8459;4493;3966;29;13;16;59;25;34;-30;-12;-18
4024;82;2042;;;;;;8470;4511;3959;29;13;16;57;24;33;-28;-11;-17
4025;82;2043;;;;;;8672;4615;4057;29;13;16;61;26;35;-32;-13;-19
4026;82;2044;;;;;;8704;4638;4066;29;13;16;61;26;35;-32;-13;-19
4027;82;2045;;;;;;8838;4730;4108;29;13;16;62;26;36;-33;-13;-20
4028;82;2046;;;;;;8928;4776;4152;29;13;16;63;27;36;-34;-14;-20
4029;82;2047;;;;;;8767;4700;4067;29;13;16;61;26;35;-32;-13;-19
4030;82;2048;;;;;;8611;4608;4003;29;13;16;61;26;35;-32;-13;-19
4031;82;2049;;;;;;8550;4578;3972;29;13;16;61;26;35;-32;-13;-19
4032;83;2002;;;;;;4449;1977;2472;23;11;12;15;5;10;8;6;2
4033;83;2003;;;;;;5291;2366;2925;23;11;12;18;6;12;5;5;0
4034;83;2004;;;;;;5249;2339;2910;22;10;12;18;6;12;4;4;0
4035;83;2005;;;;;;5239;2364;2875;21;9;12;18;6;12;3;3;0
4036;83;2006;;;;;;5385;2438;2947;21;9;12;18;6;12;3;3;0
4037;83;2007;;;;;;5269;2372;2897;21;9;12;18;6;12;3;3;0
4038;83;2008;;;;;;5192;2369;2823;21;9;12;18;6;12;3;3;0
4039;83;2009;;;;;;5226;2425;2801;22;9;13;18;6;12;4;3;1
4040;83;2010;;;;;;5166;2417;2749;22;9;13;17;6;11;5;3;2
4041;83;2011;;;;;;5340;2509;2831;22;9;13;19;7;12;3;2;1
4042;83;2012;;;;;;5321;2523;2798;23;10;13;19;7;12;4;3;1
4043;83;2013;;;;;;5543;2661;2882;23;10;13;19;7;12;4;3;1
4044;83;2014;;;;;;5446;2629;2817;23;10;13;19;7;12;4;3;1
4045;83;2015;;;;;;5541;2695;2846;23;10;13;20;8;12;3;2;1
4046;83;2016;;;;;;5392;2641;2751;23;10;13;20;8;12;3;2;1
4047;83;2017;;;;;;5473;2702;2771;23;10;13;20;8;12;3;2;1
4048;83;2018;;;;;;5506;2742;2764;24;10;14;20;8;12;4;2;2
4049;83;2019;;;;;;5594;2806;2788;24;10;14;20;8;12;4;2;2
4050;83;2020;;;;;;5606;2817;2789;24;10;14;21;9;12;3;1;2
4051;83;2021;;;;;;5923;3002;2921;24;10;14;22;9;13;2;1;1
4052;83;2022;;;;;;6022;3052;2970;24;10;14;23;10;13;1;0;1
4053;83;2023;;;;;;6229;3181;3048;24;10;14;24;10;14;0;0;0
4054;83;2024;;;;;;6051;3114;2937;24;10;14;24;10;14;0;0;0
4055;83;2025;;;;;;6321;3264;3057;24;10;14;26;11;15;-2;-1;-1
4056;83;2026;;;;;;6812;3521;3291;24;10;14;28;12;16;-4;-2;-2
4057;83;2027;;;;;;7148;3694;3454;24;10;14;30;13;17;-6;-3;-3
4058;83;2028;;;;;;6811;3525;3286;24;10;14;30;13;17;-6;-3;-3
4059;83;2029;;;;;;9401;4889;4512;24;10;14;39;17;22;-15;-7;-8
4060;83;2030;;;;;;9070;4700;4370;24;10;14;37;16;21;-13;-6;-7
4061;83;2031;;;;;;8581;4468;4113;24;10;14;37;16;21;-13;-6;-7
4062;83;2032;;;;;;8289;4316;3973;24;10;14;35;15;20;-11;-5;-6
4063;83;2033;;;;;;8143;4237;3906;24;10;14;36;16;20;-12;-6;-6
4064;83;2034;;;;;;8071;4207;3864;24;10;14;37;16;21;-13;-6;-7
4065;83;2035;;;;;;8307;4326;3981;24;10;14;39;17;22;-15;-7;-8
4066;83;2036;;;;;;8252;4297;3955;24;10;14;40;17;23;-16;-7;-9
4067;83;2037;;;;;;8331;4341;3990;24;10;14;41;17;24;-17;-7;-10
4068;83;2038;;;;;;8408;4364;4044;24;10;14;42;18;24;-18;-8;-10
4069;83;2039;;;;;;8571;4476;4095;24;10;14;43;18;25;-19;-8;-11
4070;83;2040;;;;;;8679;4526;4153;24;10;14;45;19;26;-21;-9;-12
4071;83;2041;;;;;;8807;4597;4210;24;10;14;45;19;26;-21;-9;-12
4072;83;2042;;;;;;9018;4708;4310;24;10;14;47;20;27;-23;-10;-13
4073;83;2043;;;;;;9037;4732;4305;24;10;14;46;19;27;-22;-9;-13
4074;83;2044;;;;;;9258;4843;4415;24;10;14;48;20;28;-24;-10;-14
4075;83;2045;;;;;;9300;4872;4428;24;10;14;48;20;28;-24;-10;-14
4076;83;2046;;;;;;9449;4972;4477;24;10;14;50;21;29;-26;-11;-15
4077;83;2047;;;;;;9552;5024;4528;24;10;14;50;21;29;-26;-11;-15
4078;83;2048;;;;;;9387;4948;4439;24;10;14;49;21;28;-25;-11;-14
4079;83;2049;;;;;;9226;4855;4371;24;10;14;48;20;28;-24;-10;-14
4080;84;2002;;;;;;4359;1823;2536;18;8;10;10;3;7;8;5;3
4081;84;2003;;;;;;4563;1936;2627;18;8;10;11;3;8;7;5;2
4082;84;2004;;;;;;5447;2333;3114;18;8;10;13;4;9;5;4;1
4083;84;2005;;;;;;5409;2312;3097;18;8;10;13;4;9;5;4;1
4084;84;2006;;;;;;5402;2343;3059;18;8;10;13;4;9;5;4;1
4085;84;2007;;;;;;5555;2421;3134;18;8;10;14;5;9;4;3;1
4086;84;2008;;;;;;5441;2361;3080;19;9;10;14;5;9;5;4;1
4087;84;2009;;;;;;5363;2363;3000;19;9;10;14;5;9;5;4;1
4088;84;2010;;;;;;5401;2425;2976;19;9;10;14;5;9;5;4;1
4089;84;2011;;;;;;5342;2422;2920;20;9;11;14;5;9;6;4;2
4090;84;2012;;;;;;5527;2520;3007;20;9;11;14;5;9;6;4;2
4091;84;2013;;;;;;5510;2538;2972;20;9;11;14;5;9;6;4;2
4092;84;2014;;;;;;5743;2682;3061;20;9;11;14;5;9;6;4;2
4093;84;2015;;;;;;5648;2654;2994;20;9;11;14;5;9;6;4;2
4094;84;2016;;;;;;5751;2726;3025;20;9;11;15;6;9;5;3;2
4095;84;2017;;;;;;5601;2676;2925;20;9;11;15;6;9;5;3;2
4096;84;2018;;;;;;5690;2742;2948;20;9;11;15;6;9;5;3;2
4097;84;2019;;;;;;5728;2786;2942;20;9;11;15;6;9;5;3;2
4098;84;2020;;;;;;5825;2855;2970;20;9;11;15;6;9;5;3;2
4099;84;2021;;;;;;5844;2871;2973;20;9;11;16;6;10;4;3;1
4100;84;2022;;;;;;6179;3063;3116;20;9;11;17;7;10;3;2;1
4101;84;2023;;;;;;6289;3119;3170;20;9;11;17;7;10;3;2;1
4102;84;2024;;;;;;6511;3254;3257;20;9;11;19;8;11;1;1;0
4103;84;2025;;;;;;6330;3190;3140;20;9;11;19;8;11;1;1;0
4104;84;2026;;;;;;6619;3348;3271;20;9;11;19;8;11;1;1;0
4105;84;2027;;;;;;7140;3616;3524;20;9;11;21;9;12;-1;0;-1
4106;84;2028;;;;;;7499;3797;3702;20;9;11;23;10;13;-3;-1;-2
4107;84;2029;;;;;;7152;3627;3525;20;9;11;23;10;13;-3;-1;-2
4108;84;2030;;;;;;9880;5036;4844;20;9;11;30;13;17;-10;-4;-6
4109;84;2031;;;;;;9541;4846;4695;20;9;11;28;12;16;-8;-3;-5
4110;84;2032;;;;;;9035;4612;4423;20;9;11;28;12;16;-8;-3;-5
4111;84;2033;;;;;;8735;4459;4276;20;9;11;28;12;16;-8;-3;-5
4112;84;2034;;;;;;8590;4383;4207;20;9;11;28;12;16;-8;-3;-5
4113;84;2035;;;;;;8520;4355;4165;20;9;11;28;12;16;-8;-3;-5
4114;84;2036;;;;;;8778;4483;4295;20;9;11;30;13;17;-10;-4;-6
4115;84;2037;;;;;;8728;4457;4271;20;9;11;31;13;18;-11;-4;-7
4116;84;2038;;;;;;8817;4506;4311;20;9;11;31;13;18;-11;-4;-7
4117;84;2039;;;;;;8907;4534;4373;20;9;11;31;13;18;-11;-4;-7
4118;84;2040;;;;;;9086;4654;4432;20;9;11;33;14;19;-13;-5;-8
4119;84;2041;;;;;;9208;4711;4497;20;9;11;34;14;20;-14;-5;-9
4120;84;2042;;;;;;9352;4789;4563;20;9;11;34;14;20;-14;-5;-9
4121;84;2043;;;;;;9583;4909;4674;20;9;11;36;15;21;-16;-6;-10
4122;84;2044;;;;;;9611;4937;4674;20;9;11;36;15;21;-16;-6;-10
4123;84;2045;;;;;;9854;5058;4796;20;9;11;37;15;22;-17;-6;-11
4124;84;2046;;;;;;9905;5091;4814;20;9;11;37;15;22;-17;-6;-11
4125;84;2047;;;;;;10070;5200;4870;20;9;11;38;16;22;-18;-7;-11
4126;84;2048;;;;;;10187;5258;4929;20;9;11;38;16;22;-18;-7;-11
4127;84;2049;;;;;;10018;5183;4835;20;9;11;38;16;22;-18;-7;-11
4128;85;2002;;;;;;4567;1828;2739;17;8;9;7;2;5;10;6;4
4129;85;2003;;;;;;4432;1764;2668;17;8;9;7;2;5;10;6;4
4130;85;2004;;;;;;4657;1887;2770;17;8;9;7;2;5;10;6;4
4131;85;2005;;;;;;5563;2280;3283;17;8;9;10;3;7;7;5;2
4132;85;2006;;;;;;5528;2265;3263;16;7;9;10;3;7;6;4;2
4133;85;2007;;;;;;5522;2300;3222;16;7;9;10;3;7;6;4;2
4134;85;2008;;;;;;5683;2383;3300;16;7;9;10;3;7;6;4;2
4135;85;2009;;;;;;5571;2329;3242;17;7;10;10;3;7;7;4;3
4136;85;2010;;;;;;5493;2337;3156;17;7;10;10;3;7;7;4;3
4137;85;2011;;;;;;5533;2403;3130;17;7;10;9;3;6;8;4;4
4138;85;2012;;;;;;5477;2405;3072;17;7;10;9;3;6;8;4;4
4139;85;2013;;;;;;5671;2507;3164;17;7;10;9;3;6;8;4;4
4140;85;2014;;;;;;5657;2530;3127;17;7;10;10;4;6;7;3;4
4141;85;2015;;;;;;5901;2678;3223;17;7;10;10;4;6;7;3;4
4142;85;2016;;;;;;5807;2655;3152;17;7;10;10;4;6;7;3;4
4143;85;2017;;;;;;5918;2731;3187;17;7;10;10;4;6;7;3;4
4144;85;2018;;;;;;5768;2685;3083;17;7;10;10;4;6;7;3;4
4145;85;2019;;;;;;5865;2756;3109;17;7;10;11;4;7;6;3;3
4146;85;2020;;;;;;5910;2804;3106;17;7;10;11;4;7;6;3;3
4147;85;2021;;;;;;6015;2878;3137;17;7;10;11;4;7;6;3;3
4148;85;2022;;;;;;6040;2897;3143;17;7;10;12;5;7;5;2;3
4149;85;2023;;;;;;6393;3096;3297;17;7;10;12;5;7;5;2;3
4150;85;2024;;;;;;6513;3156;3357;17;7;10;12;5;7;5;2;3
4151;85;2025;;;;;;6748;3297;3451;17;7;10;13;5;8;4;2;2
4152;85;2026;;;;;;6566;3236;3330;17;7;10;13;5;8;4;2;2
4153;85;2027;;;;;;6873;3401;3472;17;7;10;14;6;8;3;1;2
4154;85;2028;;;;;;7420;3676;3744;17;7;10;15;6;9;2;1;1
4155;85;2029;;;;;;7800;3864;3936;17;7;10;15;6;9;2;1;1
4156;85;2030;;;;;;7448;3696;3752;17;7;10;15;6;9;2;1;1
4157;85;2031;;;;;;10295;5137;5158;17;7;10;20;8;12;-3;-1;-2
4158;85;2032;;;;;;9952;4948;5004;17;7;10;19;8;11;-2;-1;-1
4159;85;2033;;;;;;9432;4714;4718;17;7;10;19;8;11;-2;-1;-1
4160;85;2034;;;;;;9127;4562;4565;17;7;10;19;8;11;-2;-1;-1
4161;85;2035;;;;;;8984;4488;4496;17;7;10;19;8;11;-2;-1;-1
4162;85;2036;;;;;;8918;4464;4454;17;7;10;19;8;11;-2;-1;-1
4163;85;2037;;;;;;9196;4599;4597;17;7;10;21;9;12;-4;-2;-2
4164;85;2038;;;;;;9151;4577;4574;17;7;10;21;9;12;-4;-2;-2
4165;85;2039;;;;;;9253;4631;4622;17;7;10;22;9;13;-5;-2;-3
4166;85;2040;;;;;;9356;4664;4692;17;7;10;22;9;13;-5;-2;-3
4167;85;2041;;;;;;9549;4792;4757;17;7;10;22;9;13;-5;-2;-3
4168;85;2042;;;;;;9686;4854;4832;17;7;10;23;9;14;-6;-2;-4
4169;85;2043;;;;;;9844;4938;4906;17;7;10;24;10;14;-7;-3;-4
4170;85;2044;;;;;;10096;5066;5030;17;7;10;25;10;15;-8;-3;-5
4171;85;2045;;;;;;10131;5099;5032;17;7;10;25;10;15;-8;-3;-5
4172;85;2046;;;;;;10395;5227;5168;17;7;10;25;10;15;-8;-3;-5
4173;85;2047;;;;;;10455;5265;5190;17;7;10;25;10;15;-8;-3;-5
4174;85;2048;;;;;;10638;5382;5256;17;7;10;27;11;16;-10;-4;-6
4175;85;2049;;;;;;10770;5448;5322;17;7;10;27;11;16;-10;-4;-6
4176;86;2002;;;;;;4536;1702;2834;15;7;8;4;1;3;11;6;5
4177;86;2003;;;;;;4586;1744;2842;15;7;8;4;1;3;11;6;5
4178;86;2004;;;;;;4470;1695;2775;13;5;8;4;1;3;9;4;5
4179;86;2005;;;;;;4697;1818;2879;12;5;7;4;1;3;8;4;4
4180;86;2006;;;;;;5613;2202;3411;12;5;7;6;2;4;6;3;3
4181;86;2007;;;;;;5583;2193;3390;13;5;8;6;2;4;7;3;4
4182;86;2008;;;;;;5578;2232;3346;13;5;8;6;2;4;7;3;4
4183;86;2009;;;;;;5742;2317;3425;13;5;8;6;2;4;7;3;4
4184;86;2010;;;;;;5634;2270;3364;13;5;8;6;2;4;7;3;4
4185;86;2011;;;;;;5558;2283;3275;13;5;8;6;2;4;7;3;4
4186;86;2012;;;;;;5601;2352;3249;13;5;8;6;2;4;7;3;4
4187;86;2013;;;;;;5546;2358;3188;13;5;8;6;2;4;7;3;4
4188;86;2014;;;;;;5747;2463;3284;13;5;8;6;2;4;7;3;4
4189;86;2015;;;;;;5738;2490;3248;13;5;8;6;2;4;7;3;4
4190;86;2016;;;;;;5988;2640;3348;13;5;8;6;2;4;7;3;4
4191;86;2017;;;;;;5899;2622;3277;13;5;8;6;2;4;7;3;4
4192;86;2018;;;;;;6016;2701;3315;13;5;8;6;2;4;7;3;4
4193;86;2019;;;;;;5869;2660;3209;13;5;8;7;3;4;6;2;4
4194;86;2020;;;;;;5972;2734;3238;13;5;8;7;3;4;6;2;4
4195;86;2021;;;;;;6023;2786;3237;13;5;8;7;3;4;6;2;4
4196;86;2022;;;;;;6134;2862;3272;13;5;8;7;3;4;6;2;4
4197;86;2023;;;;;;6167;2886;3281;13;5;8;7;3;4;6;2;4
4198;86;2024;;;;;;6531;3087;3444;13;5;8;8;3;5;5;2;3
4199;86;2025;;;;;;6661;3151;3510;13;5;8;8;3;5;5;2;3
4200;86;2026;;;;;;6906;3295;3611;13;5;8;8;3;5;5;2;3
4201;86;2027;;;;;;6725;3238;3487;13;5;8;8;3;5;5;2;3
4202;86;2028;;;;;;7046;3406;3640;13;5;8;9;4;5;4;1;3
4203;86;2029;;;;;;7615;3687;3928;13;5;8;10;4;6;3;1;2
4204;86;2030;;;;;;8011;3879;4132;13;5;8;10;4;6;3;1;2
4205;86;2031;;;;;;7656;3714;3942;13;5;8;10;4;6;3;1;2
4206;86;2032;;;;;;10591;5166;5425;13;5;8;13;5;8;0;0;0
4207;86;2033;;;;;;10249;4981;5268;13;5;8;13;5;8;0;0;0
4208;86;2034;;;;;;9721;4751;4970;13;5;8;12;5;7;1;0;1
4209;86;2035;;;;;;9415;4602;4813;13;5;8;12;5;7;1;0;1
4210;86;2036;;;;;;9275;4531;4744;13;5;8;12;5;7;1;0;1
4211;86;2037;;;;;;9213;4510;4703;13;5;8;12;5;7;1;0;1
4212;86;2038;;;;;;9508;4651;4857;13;5;8;14;6;8;-1;-1;0
4213;86;2039;;;;;;9470;4632;4838;13;5;8;14;6;8;-1;-1;0
4214;86;2040;;;;;;9583;4691;4892;13;5;8;14;6;8;-1;-1;0
4215;86;2041;;;;;;9697;4728;4969;13;5;8;14;6;8;-1;-1;0
4216;86;2042;;;;;;9904;4861;5043;13;5;8;15;6;9;-2;-1;-1
4217;86;2043;;;;;;10053;4928;5125;13;5;8;15;6;9;-2;-1;-1
4218;86;2044;;;;;;10225;5017;5208;13;5;8;15;6;9;-2;-1;-1
4219;86;2045;;;;;;10493;5151;5342;13;5;8;16;6;10;-3;-1;-2
4220;86;2046;;;;;;10537;5188;5349;13;5;8;16;6;10;-3;-1;-2
4221;86;2047;;;;;;10820;5323;5497;13;5;8;17;7;10;-4;-2;-2
4222;86;2048;;;;;;10890;5366;5524;13;5;8;17;7;10;-4;-2;-2
4223;86;2049;;;;;;11086;5489;5597;13;5;8;17;7;10;-4;-2;-2
4224;87;2002;;;;;;4447;1587;2860;12;5;7;3;1;2;9;4;5
4225;87;2003;;;;;;4488;1597;2891;12;5;7;3;1;2;9;4;5
4226;87;2004;;;;;;4555;1649;2906;12;5;7;3;1;2;9;4;5
4227;87;2005;;;;;;4442;1607;2835;12;5;7;3;1;2;9;4;5
4228;87;2006;;;;;;4668;1727;2941;12;5;7;3;1;2;9;4;5
4229;87;2007;;;;;;5579;2096;3483;12;5;7;3;1;2;9;4;5
4230;87;2008;;;;;;5554;2093;3461;12;5;7;3;1;2;9;4;5
4231;87;2009;;;;;;5550;2135;3415;12;5;7;3;1;2;9;4;5
4232;87;2010;;;;;;5716;2221;3495;12;5;7;3;1;2;9;4;5
4233;87;2011;;;;;;5613;2180;3433;12;5;7;3;1;2;9;4;5
4234;87;2012;;;;;;5539;2197;3342;12;5;7;3;1;2;9;4;5
4235;87;2013;;;;;;5583;2267;3316;12;5;7;3;1;2;9;4;5
4236;87;2014;;;;;;5533;2278;3255;12;5;7;3;1;2;9;4;5
4237;87;2015;;;;;;5736;2382;3354;12;5;7;3;1;2;9;4;5
4238;87;2016;;;;;;5731;2413;3318;12;5;7;3;1;2;9;4;5
4239;87;2017;;;;;;5984;2562;3422;12;5;7;3;1;2;9;4;5
4240;87;2018;;;;;;5900;2548;3352;12;5;7;3;1;2;9;4;5
4241;87;2019;;;;;;6021;2629;3392;13;5;8;3;1;2;10;4;6
4242;87;2020;;;;;;5879;2592;3287;13;5;8;3;1;2;10;4;6
4243;87;2021;;;;;;5987;2668;3319;13;5;8;3;1;2;10;4;6
4244;87;2022;;;;;;6042;2722;3320;13;5;8;3;1;2;10;4;6
4245;87;2023;;;;;;6159;2800;3359;13;5;8;3;1;2;10;4;6
4246;87;2024;;;;;;6196;2826;3370;13;5;8;3;1;2;10;4;6
4247;87;2025;;;;;;6568;3027;3541;13;5;8;5;2;3;8;3;5
4248;87;2026;;;;;;6704;3093;3611;13;5;8;5;2;3;8;3;5
4249;87;2027;;;;;;6957;3238;3719;13;5;8;5;2;3;8;3;5
4250;87;2028;;;;;;6779;3185;3594;13;5;8;5;2;3;8;3;5
4251;87;2029;;;;;;7108;3354;3754;13;5;8;5;2;3;8;3;5
4252;87;2030;;;;;;7688;3633;4055;13;5;8;5;2;3;8;3;5
4253;87;2031;;;;;;8095;3826;4269;13;5;8;5;2;3;8;3;5
4254;87;2032;;;;;;7742;3666;4076;13;5;8;5;2;3;8;3;5
4255;87;2033;;;;;;10718;5105;5613;13;5;8;7;3;4;6;2;4
4256;87;2034;;;;;;10381;4927;5454;13;5;8;7;3;4;6;2;4
4257;87;2035;;;;;;9852;4702;5150;13;5;8;7;3;4;6;2;4
4258;87;2036;;;;;;9551;4559;4992;13;5;8;7;3;4;6;2;4
4259;87;2037;;;;;;9415;4492;4923;13;5;8;7;3;4;6;2;4
4260;87;2038;;;;;;9359;4475;4884;13;5;8;7;3;4;6;2;4
4261;87;2039;;;;;;9668;4619;5049;13;5;8;7;3;4;6;2;4
4262;87;2040;;;;;;9635;4603;5032;13;5;8;8;3;5;5;2;3
4263;87;2041;;;;;;9756;4665;5091;13;5;8;8;3;5;5;2;3
4264;87;2042;;;;;;9881;4705;5176;13;5;8;8;3;5;5;2;3
4265;87;2043;;;;;;10096;4841;5255;13;5;8;8;3;5;5;2;3
4266;87;2044;;;;;;10256;4911;5345;13;5;8;8;3;5;5;2;3
4267;87;2045;;;;;;10439;5004;5435;13;5;8;8;3;5;5;2;3
4268;87;2046;;;;;;10719;5140;5579;13;5;8;9;4;5;4;1;3
4269;87;2047;;;;;;10769;5180;5589;13;5;8;8;3;5;5;2;3
4270;87;2048;;;;;;11066;5318;5748;13;5;8;10;4;6;3;1;2
4271;87;2049;;;;;;11145;5365;5780;13;5;8;10;4;6;3;1;2
4272;88;2002;;;;;;4528;1527;3001;10;4;6;1;0;1;9;4;5
4273;88;2003;;;;;;4323;1462;2861;10;4;6;1;0;1;9;4;5
4274;88;2004;;;;;;4380;1482;2898;10;4;6;1;0;1;9;4;5
4275;88;2005;;;;;;4445;1534;2911;10;4;6;1;0;1;9;4;5
4276;88;2006;;;;;;4338;1498;2840;10;4;6;1;0;1;9;4;5
4277;88;2007;;;;;;4560;1614;2946;11;4;7;1;0;1;10;4;6
4278;88;2008;;;;;;5450;1963;3487;11;4;7;1;0;1;10;4;6
4279;88;2009;;;;;;5428;1964;3464;11;4;7;1;0;1;10;4;6
4280;88;2010;;;;;;5424;2007;3417;11;4;7;1;0;1;10;4;6
4281;88;2011;;;;;;5589;2092;3497;11;4;7;1;0;1;10;4;6
4282;88;2012;;;;;;5494;2058;3436;11;4;7;1;0;1;10;4;6
4283;88;2013;;;;;;5423;2077;3346;11;4;7;1;0;1;10;4;6
4284;88;2014;;;;;;5467;2147;3320;12;5;7;1;0;1;11;5;6
4285;88;2015;;;;;;5421;2160;3261;12;5;7;1;0;1;11;5;6
4286;88;2016;;;;;;5624;2263;3361;12;5;7;1;0;1;11;5;6
4287;88;2017;;;;;;5622;2295;3327;12;5;7;1;0;1;11;5;6
4288;88;2018;;;;;;5873;2440;3433;12;5;7;1;0;1;11;5;6
4289;88;2019;;;;;;5794;2430;3364;12;5;7;1;0;1;11;5;6
4290;88;2020;;;;;;5918;2510;3408;12;5;7;2;1;1;10;4;6
4291;88;2021;;;;;;5782;2478;3304;12;5;7;2;1;1;10;4;6
4292;88;2022;;;;;;5892;2553;3339;12;5;7;2;1;1;10;4;6
4293;88;2023;;;;;;5950;2608;3342;12;5;7;2;1;1;10;4;6
4294;88;2024;;;;;;6070;2686;3384;12;5;7;2;1;1;10;4;6
4295;88;2025;;;;;;6112;2714;3398;12;5;7;2;1;1;10;4;6
4296;88;2026;;;;;;6481;2909;3572;12;5;7;2;1;1;10;4;6
4297;88;2027;;;;;;6622;2976;3646;12;5;7;2;1;1;10;4;6
4298;88;2028;;;;;;6875;3118;3757;12;5;7;2;1;1;10;4;6
4299;88;2029;;;;;;6703;3069;3634;12;5;7;2;1;1;10;4;6
4300;88;2030;;;;;;7034;3235;3799;12;5;7;2;1;1;10;4;6
4301;88;2031;;;;;;7613;3507;4106;12;5;7;2;1;1;10;4;6
4302;88;2032;;;;;;8022;3696;4326;12;5;7;2;1;1;10;4;6
4303;88;2033;;;;;;7678;3545;4133;12;5;7;2;1;1;10;4;6
4304;88;2034;;;;;;10635;4940;5695;12;5;7;3;1;2;9;4;5
4305;88;2035;;;;;;10309;4770;5539;12;5;7;3;1;2;9;4;5
4306;88;2036;;;;;;9791;4557;5234;12;5;7;3;1;2;9;4;5
4307;88;2037;;;;;;9497;4421;5076;12;5;7;3;1;2;9;4;5
4308;88;2038;;;;;;9368;4359;5009;12;5;7;3;1;2;9;4;5
4309;88;2039;;;;;;9319;4345;4974;12;5;7;3;1;2;9;4;5
4310;88;2040;;;;;;9633;4488;5145;12;5;7;3;1;2;9;4;5
4311;88;2041;;;;;;9605;4475;5130;12;5;7;3;1;2;9;4;5
4312;88;2042;;;;;;9732;4538;5194;12;5;7;3;1;2;9;4;5
4313;88;2043;;;;;;9863;4580;5283;12;5;7;3;1;2;9;4;5
4314;88;2044;;;;;;10083;4715;5368;12;5;7;3;1;2;9;4;5
4315;88;2045;;;;;;10250;4787;5463;12;5;7;3;1;2;9;4;5
4316;88;2046;;;;;;10437;4879;5558;12;5;7;3;1;2;9;4;5
4317;88;2047;;;;;;10723;5015;5708;12;5;7;3;1;2;9;4;5
4318;88;2048;;;;;;10780;5057;5723;12;5;7;3;1;2;9;4;5
4319;88;2049;;;;;;11083;5195;5888;12;5;7;3;1;2;9;4;5
4320;89;2002;;;;;;4219;1333;2886;10;4;6;0;0;0;10;4;6
4321;89;2003;;;;;;4316;1379;2937;10;4;6;0;0;0;10;4;6
4322;89;2004;;;;;;4136;1330;2806;10;4;6;0;0;0;10;4;6
4323;89;2005;;;;;;4193;1351;2842;10;4;6;0;0;0;10;4;6
4324;89;2006;;;;;;4255;1401;2854;10;4;6;0;0;0;10;4;6
4325;89;2007;;;;;;4155;1371;2784;10;4;6;0;0;0;10;4;6
4326;89;2008;;;;;;4367;1480;2887;10;4;6;0;0;0;10;4;6
4327;89;2009;;;;;;5220;1804;3416;10;4;6;0;0;0;10;4;6
4328;89;2010;;;;;;5201;1808;3393;10;4;6;0;0;0;10;4;6
4329;89;2011;;;;;;5198;1851;3347;10;4;6;0;0;0;10;4;6
4330;89;2012;;;;;;5358;1932;3426;10;4;6;0;0;0;10;4;6
4331;89;2013;;;;;;5269;1903;3366;11;4;7;0;0;0;11;4;7
4332;89;2014;;;;;;5203;1924;3279;11;4;7;0;0;0;11;4;7
4333;89;2015;;;;;;5246;1991;3255;11;4;7;0;0;0;11;4;7
4334;89;2016;;;;;;5204;2006;3198;11;4;7;0;0;0;11;4;7
4335;89;2017;;;;;;5402;2104;3298;11;4;7;0;0;0;11;4;7
4336;89;2018;;;;;;5403;2137;3266;11;4;7;0;0;0;11;4;7
4337;89;2019;;;;;;5647;2275;3372;11;4;7;0;0;0;11;4;7
4338;89;2020;;;;;;5574;2267;3307;11;4;7;0;0;0;11;4;7
4339;89;2021;;;;;;5697;2345;3352;11;4;7;0;0;0;11;4;7
4340;89;2022;;;;;;5568;2317;3251;11;4;7;0;0;0;11;4;7
4341;89;2023;;;;;;5678;2390;3288;11;4;7;0;0;0;11;4;7
4342;89;2024;;;;;;5737;2443;3294;11;4;7;0;0;0;11;4;7
4343;89;2025;;;;;;5856;2519;3337;11;4;7;0;0;0;11;4;7
4344;89;2026;;;;;;5900;2547;3353;11;4;7;0;0;0;11;4;7
4345;89;2027;;;;;;6260;2733;3527;11;4;7;0;0;0;11;4;7
4346;89;2028;;;;;;6400;2797;3603;11;4;7;0;0;0;11;4;7
4347;89;2029;;;;;;6649;2933;3716;11;4;7;0;0;0;11;4;7
4348;89;2030;;;;;;6486;2890;3596;11;4;7;0;0;0;11;4;7
4349;89;2031;;;;;;6808;3047;3761;11;4;7;0;0;0;11;4;7
4350;89;2032;;;;;;7374;3306;4068;11;4;7;0;0;0;11;4;7
4351;89;2033;;;;;;7776;3487;4289;11;4;7;0;0;0;11;4;7
4352;89;2034;;;;;;7446;3346;4100;11;4;7;0;0;0;11;4;7
4353;89;2035;;;;;;10319;4665;5654;11;4;7;0;0;0;11;4;7
4354;89;2036;;;;;;10010;4509;5501;11;4;7;0;0;0;11;4;7
4355;89;2037;;;;;;9511;4309;5202;11;4;7;0;0;0;11;4;7
4356;89;2038;;;;;;9231;4183;5048;11;4;7;0;0;0;11;4;7
4357;89;2039;;;;;;9112;4127;4985;11;4;7;0;0;0;11;4;7
4358;89;2040;;;;;;9069;4116;4953;11;4;7;0;0;0;11;4;7
4359;89;2041;;;;;;9378;4253;5125;11;4;7;0;0;0;11;4;7
4360;89;2042;;;;;;9356;4243;5113;11;4;7;0;0;0;11;4;7
4361;89;2043;;;;;;9485;4306;5179;11;4;7;0;0;0;11;4;7
4362;89;2044;;;;;;9619;4347;5272;11;4;7;1;0;1;10;4;6
4363;89;2045;;;;;;9837;4478;5359;11;4;7;1;0;1;10;4;6
4364;89;2046;;;;;;10004;4547;5457;11;4;7;1;0;1;10;4;6
4365;89;2047;;;;;;10191;4637;5554;11;4;7;1;0;1;10;4;6
4366;89;2048;;;;;;10477;4769;5708;11;4;7;1;0;1;10;4;6
4367;89;2049;;;;;;10535;4811;5724;11;4;7;1;0;1;10;4;6
4368;90;2002;;;;;;3821;1122;2699;0;0;0;0;0;0;0;0;0
4369;90;2003;;;;;;3936;1177;2759;0;0;0;0;0;0;0;0;0
4370;90;2004;;;;;;4041;1227;2814;0;0;0;0;0;0;0;0;0
4371;90;2005;;;;;;3874;1186;2688;0;0;0;0;0;0;0;0;0
4372;90;2006;;;;;;3928;1207;2721;0;0;0;0;0;0;0;0;0
4373;90;2007;;;;;;3986;1253;2733;0;0;0;0;0;0;0;0;0
4374;90;2008;;;;;;3894;1229;2665;0;0;0;0;0;0;0;0;0
4375;90;2009;;;;;;4092;1329;2763;0;0;0;0;0;0;0;0;0
4376;90;2010;;;;;;4891;1622;3269;0;0;0;0;0;0;0;0;0
4377;90;2011;;;;;;4875;1628;3247;0;0;0;0;0;0;0;0;0
4378;90;2012;;;;;;4872;1669;3203;0;0;0;0;0;0;0;0;0
4379;90;2013;;;;;;5025;1745;3280;0;0;0;0;0;0;0;0;0
4380;90;2014;;;;;;4944;1721;3223;0;0;0;0;0;0;0;0;0
4381;90;2015;;;;;;4882;1741;3141;0;0;0;0;0;0;0;0;0
4382;90;2016;;;;;;4924;1805;3119;0;0;0;0;0;0;0;0;0
4383;90;2017;;;;;;4885;1820;3065;0;0;0;0;0;0;0;0;0
4384;90;2018;;;;;;5074;1911;3163;0;0;0;0;0;0;0;0;0
4385;90;2019;;;;;;5076;1943;3133;0;0;0;0;0;0;0;0;0
4386;90;2020;;;;;;5307;2070;3237;0;0;0;0;0;0;0;0;0
4387;90;2021;;;;;;5241;2065;3176;0;0;0;0;0;0;0;0;0
4388;90;2022;;;;;;5358;2137;3221;0;0;0;0;0;0;0;0;0
4389;90;2023;;;;;;5240;2114;3126;0;0;0;0;0;0;0;0;0
4390;90;2024;;;;;;5345;2182;3163;0;0;0;0;0;0;0;0;0
4391;90;2025;;;;;;5403;2232;3171;0;0;0;0;0;0;0;0;0
4392;90;2026;;;;;;5516;2302;3214;0;0;0;0;0;0;0;0;0
4393;90;2027;;;;;;5562;2330;3232;0;0;0;0;0;0;0;0;0
4394;90;2028;;;;;;5903;2501;3402;0;0;0;0;0;0;0;0;0
4395;90;2029;;;;;;6039;2562;3477;0;0;0;0;0;0;0;0;0
4396;90;2030;;;;;;6275;2688;3587;0;0;0;0;0;0;0;0;0
4397;90;2031;;;;;;6124;2650;3474;0;0;0;0;0;0;0;0;0
4398;90;2032;;;;;;6431;2796;3635;0;0;0;0;0;0;0;0;0
4399;90;2033;;;;;;6969;3035;3934;0;0;0;0;0;0;0;0;0
4400;90;2034;;;;;;7353;3203;4150;0;0;0;0;0;0;0;0;0
4401;90;2035;;;;;;7045;3075;3970;0;0;0;0;0;0;0;0;0
4402;90;2036;;;;;;9765;4289;5476;0;0;0;0;0;0;0;0;0
4403;90;2037;;;;;;9478;4147;5331;0;0;0;0;0;0;0;0;0
4404;90;2038;;;;;;9008;3965;5043;0;0;0;0;0;0;0;0;0
4405;90;2039;;;;;;8748;3851;4897;0;0;0;0;0;0;0;0;0
4406;90;2040;;;;;;8639;3801;4838;0;0;0;0;0;0;0;0;0
4407;90;2041;;;;;;8600;3792;4808;0;0;0;0;0;0;0;0;0
4408;90;2042;;;;;;8899;3920;4979;0;0;0;0;0;0;0;0;0
4409;90;2043;;;;;;8882;3913;4969;0;0;0;0;0;0;0;0;0
4410;90;2044;;;;;;9008;3972;5036;0;0;0;0;0;0;0;0;0
4411;90;2045;;;;;;9140;4012;5128;0;0;0;0;0;0;0;0;0
4412;90;2046;;;;;;9348;4133;5215;0;0;0;0;0;0;0;0;0
4413;90;2047;;;;;;9511;4199;5312;0;0;0;0;0;0;0;0;0
4414;90;2048;;;;;;9692;4283;5409;0;0;0;0;0;0;0;0;0
4415;90;2049;;;;;;9967;4406;5561;0;0;0;0;0;0;0;0;0
4416;91;2002;;;;;;3259;918;2341;0;0;0;0;0;0;0;0;0
4417;91;2003;;;;;;3457;968;2489;0;0;0;0;0;0;0;0;0
4418;91;2004;;;;;;3574;1023;2551;0;0;0;0;0;0;0;0;0
4419;91;2005;;;;;;3669;1068;2601;0;0;0;0;0;0;0;0;0
4420;91;2006;;;;;;3518;1034;2484;0;0;0;0;0;0;0;0;0
4421;91;2007;;;;;;3568;1054;2514;0;0;0;0;0;0;0;0;0
4422;91;2008;;;;;;3621;1096;2525;0;0;0;0;0;0;0;0;0
4423;91;2009;;;;;;3538;1077;2461;0;0;0;0;0;0;0;0;0
4424;91;2010;;;;;;3718;1166;2552;0;0;0;0;0;0;0;0;0
4425;91;2011;;;;;;4444;1425;3019;0;0;0;0;0;0;0;0;0
4426;91;2012;;;;;;4431;1432;2999;0;0;0;0;0;0;0;0;0
4427;91;2013;;;;;;4429;1470;2959;0;0;0;0;0;0;0;0;0
4428;91;2014;;;;;;4568;1538;3030;0;0;0;0;0;0;0;0;0
4429;91;2015;;;;;;4497;1518;2979;0;0;0;0;0;0;0;0;0
4430;91;2016;;;;;;4441;1538;2903;0;0;0;0;0;0;0;0;0
4431;91;2017;;;;;;4479;1595;2884;0;0;0;0;0;0;0;0;0
4432;91;2018;;;;;;4447;1611;2836;0;0;0;0;0;0;0;0;0
4433;91;2019;;;;;;4619;1692;2927;0;0;0;0;0;0;0;0;0
4434;91;2020;;;;;;4622;1721;2901;0;0;0;0;0;0;0;0;0
4435;91;2021;;;;;;4834;1835;2999;0;0;0;0;0;0;0;0;0
4436;91;2022;;;;;;4775;1832;2943;0;0;0;0;0;0;0;0;0
4437;91;2023;;;;;;4884;1897;2987;0;0;0;0;0;0;0;0;0
4438;91;2024;;;;;;4778;1878;2900;0;0;0;0;0;0;0;0;0
4439;91;2025;;;;;;4875;1939;2936;0;0;0;0;0;0;0;0;0
4440;91;2026;;;;;;4929;1985;2944;0;0;0;0;0;0;0;0;0
4441;91;2027;;;;;;5035;2049;2986;0;0;0;0;0;0;0;0;0
4442;91;2028;;;;;;5078;2074;3004;0;0;0;0;0;0;0;0;0
4443;91;2029;;;;;;5392;2228;3164;0;0;0;0;0;0;0;0;0
4444;91;2030;;;;;;5517;2282;3235;0;0;0;0;0;0;0;0;0
4445;91;2031;;;;;;5735;2396;3339;0;0;0;0;0;0;0;0;0
4446;91;2032;;;;;;5598;2363;3235;0;0;0;0;0;0;0;0;0
4447;91;2033;;;;;;5881;2494;3387;0;0;0;0;0;0;0;0;0
4448;91;2034;;;;;;6375;2708;3667;0;0;0;0;0;0;0;0;0
4449;91;2035;;;;;;6728;2859;3869;0;0;0;0;0;0;0;0;0
4450;91;2036;;;;;;6449;2746;3703;0;0;0;0;0;0;0;0;0
4451;91;2037;;;;;;8941;3831;5110;0;0;0;0;0;0;0;0;0
4452;91;2038;;;;;;8682;3705;4977;0;0;0;0;0;0;0;0;0
4453;91;2039;;;;;;8254;3544;4710;0;0;0;0;0;0;0;0;0
4454;91;2040;;;;;;8018;3443;4575;0;0;0;0;0;0;0;0;0
4455;91;2041;;;;;;7920;3399;4521;0;0;0;0;0;0;0;0;0
4456;91;2042;;;;;;7888;3392;4496;0;0;0;0;0;0;0;0;0
4457;91;2043;;;;;;8164;3508;4656;0;0;0;0;0;0;0;0;0
4458;91;2044;;;;;;8151;3502;4649;0;0;0;0;0;0;0;0;0
4459;91;2045;;;;;;8269;3556;4713;0;0;0;0;0;0;0;0;0
4460;91;2046;;;;;;8393;3592;4801;0;0;0;0;0;0;0;0;0
4461;91;2047;;;;;;8585;3702;4883;0;0;0;0;0;0;0;0;0
4462;91;2048;;;;;;8737;3761;4976;0;0;0;0;0;0;0;0;0
4463;91;2049;;;;;;8906;3838;5068;0;0;0;0;0;0;0;0;0
4464;92;2002;;;;;;2865;751;2114;0;0;0;0;0;0;0;0;0
4465;92;2003;;;;;;2856;774;2082;0;0;0;0;0;0;0;0;0
4466;92;2004;;;;;;3039;821;2218;0;0;0;0;0;0;0;0;0
4467;92;2005;;;;;;3142;869;2273;0;0;0;0;0;0;0;0;0
4468;92;2006;;;;;;3227;909;2318;0;0;0;0;0;0;0;0;0
4469;92;2007;;;;;;3094;881;2213;0;0;0;0;0;0;0;0;0
4470;92;2008;;;;;;3139;899;2240;0;0;0;0;0;0;0;0;0
4471;92;2009;;;;;;3184;936;2248;0;0;0;0;0;0;0;0;0
4472;92;2010;;;;;;3113;921;2192;0;0;0;0;0;0;0;0;0
4473;92;2011;;;;;;3270;998;2272;0;0;0;0;0;0;0;0;0
4474;92;2012;;;;;;3909;1221;2688;0;0;0;0;0;0;0;0;0
4475;92;2013;;;;;;3898;1228;2670;0;0;0;0;0;0;0;0;0
4476;92;2014;;;;;;3896;1261;2635;0;0;0;0;0;0;0;0;0
4477;92;2015;;;;;;4020;1321;2699;0;0;0;0;0;0;0;0;0
4478;92;2016;;;;;;3959;1305;2654;0;0;0;0;0;0;0;0;0
4479;92;2017;;;;;;3910;1323;2587;0;0;0;0;0;0;0;0;0
4480;92;2018;;;;;;3944;1373;2571;0;0;0;0;0;0;0;0;0
4481;92;2019;;;;;;3915;1387;2528;0;0;0;0;0;0;0;0;0
4482;92;2020;;;;;;4069;1458;2611;0;0;0;0;0;0;0;0;0
4483;92;2021;;;;;;4073;1484;2589;0;0;0;0;0;0;0;0;0
4484;92;2022;;;;;;4260;1583;2677;0;0;0;0;0;0;0;0;0
4485;92;2023;;;;;;4209;1581;2628;0;0;0;0;0;0;0;0;0
4486;92;2024;;;;;;4306;1638;2668;0;0;0;0;0;0;0;0;0
4487;92;2025;;;;;;4214;1622;2592;0;0;0;0;0;0;0;0;0
4488;92;2026;;;;;;4300;1675;2625;0;0;0;0;0;0;0;0;0
4489;92;2027;;;;;;4349;1716;2633;0;0;0;0;0;0;0;0;0
4490;92;2028;;;;;;4443;1771;2672;0;0;0;0;0;0;0;0;0
4491;92;2029;;;;;;4482;1794;2688;0;0;0;0;0;0;0;0;0
4492;92;2030;;;;;;4759;1927;2832;0;0;0;0;0;0;0;0;0
4493;92;2031;;;;;;4872;1975;2897;0;0;0;0;0;0;0;0;0
4494;92;2032;;;;;;5065;2074;2991;0;0;0;0;0;0;0;0;0
4495;92;2033;;;;;;4944;2045;2899;0;0;0;0;0;0;0;0;0
4496;92;2034;;;;;;5196;2160;3036;0;0;0;0;0;0;0;0;0
4497;92;2035;;;;;;5633;2345;3288;0;0;0;0;0;0;0;0;0
4498;92;2036;;;;;;5948;2477;3471;0;0;0;0;0;0;0;0;0
4499;92;2037;;;;;;5702;2379;3323;0;0;0;0;0;0;0;0;0
4500;92;2038;;;;;;7906;3320;4586;0;0;0;0;0;0;0;0;0
4501;92;2039;;;;;;7680;3211;4469;0;0;0;0;0;0;0;0;0
4502;92;2040;;;;;;7302;3072;4230;0;0;0;0;0;0;0;0;0
4503;92;2041;;;;;;7094;2985;4109;0;0;0;0;0;0;0;0;0
4504;92;2042;;;;;;7010;2947;4063;0;0;0;0;0;0;0;0;0
4505;92;2043;;;;;;6982;2942;4040;0;0;0;0;0;0;0;0;0
4506;92;2044;;;;;;7227;3042;4185;0;0;0;0;0;0;0;0;0
4507;92;2045;;;;;;7218;3038;4180;0;0;0;0;0;0;0;0;0
4508;92;2046;;;;;;7323;3084;4239;0;0;0;0;0;0;0;0;0
4509;92;2047;;;;;;7434;3116;4318;0;0;0;0;0;0;0;0;0
4510;92;2048;;;;;;7606;3212;4394;0;0;0;0;0;0;0;0;0
4511;92;2049;;;;;;7742;3264;4478;0;0;0;0;0;0;0;0;0
4512;93;2002;;;;;;2420;590;1830;0;0;0;0;0;0;0;0;0
4513;93;2003;;;;;;2449;616;1833;0;0;0;0;0;0;0;0;0
4514;93;2004;;;;;;2449;639;1810;0;0;0;0;0;0;0;0;0
4515;93;2005;;;;;;2609;680;1929;0;0;0;0;0;0;0;0;0
4516;93;2006;;;;;;2696;720;1976;0;0;0;0;0;0;0;0;0
4517;93;2007;;;;;;2768;754;2014;0;0;0;0;0;0;0;0;0
4518;93;2008;;;;;;2655;732;1923;0;0;0;0;0;0;0;0;0
4519;93;2009;;;;;;2694;748;1946;0;0;0;0;0;0;0;0;0
4520;93;2010;;;;;;2733;780;1953;0;0;0;0;0;0;0;0;0
4521;93;2011;;;;;;2671;767;1904;0;0;0;0;0;0;0;0;0
4522;93;2012;;;;;;2805;832;1973;0;0;0;0;0;0;0;0;0
4523;93;2013;;;;;;3354;1019;2335;0;0;0;0;0;0;0;0;0
4524;93;2014;;;;;;3346;1026;2320;0;0;0;0;0;0;0;0;0
4525;93;2015;;;;;;3344;1054;2290;0;0;0;0;0;0;0;0;0
4526;93;2016;;;;;;3451;1105;2346;0;0;0;0;0;0;0;0;0
4527;93;2017;;;;;;3399;1092;2307;0;0;0;0;0;0;0;0;0
4528;93;2018;;;;;;3358;1108;2250;0;0;0;0;0;0;0;0;0
4529;93;2019;;;;;;3387;1151;2236;0;0;0;0;0;0;0;0;0
4530;93;2020;;;;;;3363;1163;2200;0;0;0;0;0;0;0;0;0
4531;93;2021;;;;;;3495;1223;2272;0;0;0;0;0;0;0;0;0
4532;93;2022;;;;;;3499;1245;2254;0;0;0;0;0;0;0;0;0
4533;93;2023;;;;;;3660;1329;2331;0;0;0;0;0;0;0;0;0
4534;93;2024;;;;;;3617;1328;2289;0;0;0;0;0;0;0;0;0
4535;93;2025;;;;;;3701;1376;2325;0;0;0;0;0;0;0;0;0
4536;93;2026;;;;;;3621;1362;2259;0;0;0;0;0;0;0;0;0
4537;93;2027;;;;;;3696;1408;2288;0;0;0;0;0;0;0;0;0
4538;93;2028;;;;;;3738;1442;2296;0;0;0;0;0;0;0;0;0
4539;93;2029;;;;;;3819;1489;2330;0;0;0;0;0;0;0;0;0
4540;93;2030;;;;;;3854;1508;2346;0;0;0;0;0;0;0;0;0
4541;93;2031;;;;;;4093;1621;2472;0;0;0;0;0;0;0;0;0
4542;93;2032;;;;;;4190;1661;2529;0;0;0;0;0;0;0;0;0
4543;93;2033;;;;;;4357;1745;2612;0;0;0;0;0;0;0;0;0
4544;93;2034;;;;;;4253;1721;2532;0;0;0;0;0;0;0;0;0
4545;93;2035;;;;;;4471;1818;2653;0;0;0;0;0;0;0;0;0
4546;93;2036;;;;;;4848;1975;2873;0;0;0;0;0;0;0;0;0
4547;93;2037;;;;;;5119;2085;3034;0;0;0;0;0;0;0;0;0
4548;93;2038;;;;;;4907;2003;2904;0;0;0;0;0;0;0;0;0
4549;93;2039;;;;;;6806;2796;4010;0;0;0;0;0;0;0;0;0
4550;93;2040;;;;;;6613;2705;3908;0;0;0;0;0;0;0;0;0
4551;93;2041;;;;;;6287;2587;3700;0;0;0;0;0;0;0;0;0
4552;93;2042;;;;;;6109;2514;3595;0;0;0;0;0;0;0;0;0
4553;93;2043;;;;;;6037;2483;3554;0;0;0;0;0;0;0;0;0
4554;93;2044;;;;;;6014;2478;3536;0;0;0;0;0;0;0;0;0
4555;93;2045;;;;;;6226;2563;3663;0;0;0;0;0;0;0;0;0
4556;93;2046;;;;;;6218;2559;3659;0;0;0;0;0;0;0;0;0
4557;93;2047;;;;;;6308;2598;3710;0;0;0;0;0;0;0;0;0
4558;93;2048;;;;;;6406;2625;3781;0;0;0;0;0;0;0;0;0
4559;93;2049;;;;;;6553;2706;3847;0;0;0;0;0;0;0;0;0
4560;94;2002;;;;;;1949;478;1471;0;0;0;0;0;0;0;0;0
4561;94;2003;;;;;;2032;471;1561;0;0;0;0;0;0;0;0;0
4562;94;2004;;;;;;2064;496;1568;0;0;0;0;0;0;0;0;0
4563;94;2005;;;;;;2062;515;1547;0;0;0;0;0;0;0;0;0
4564;94;2006;;;;;;2196;548;1648;0;0;0;0;0;0;0;0;0
4565;94;2007;;;;;;2271;582;1689;0;0;0;0;0;0;0;0;0
4566;94;2008;;;;;;2331;610;1721;0;0;0;0;0;0;0;0;0
4567;94;2009;;;;;;2236;593;1643;0;0;0;0;0;0;0;0;0
4568;94;2010;;;;;;2268;606;1662;0;0;0;0;0;0;0;0;0
4569;94;2011;;;;;;2301;633;1668;0;0;0;0;0;0;0;0;0
4570;94;2012;;;;;;2249;623;1626;0;0;0;0;0;0;0;0;0
4571;94;2013;;;;;;2362;677;1685;0;0;0;0;0;0;0;0;0
4572;94;2014;;;;;;2824;829;1995;0;0;0;0;0;0;0;0;0
4573;94;2015;;;;;;2817;835;1982;0;0;0;0;0;0;0;0;0
4574;94;2016;;;;;;2816;859;1957;0;0;0;0;0;0;0;0;0
4575;94;2017;;;;;;2906;901;2005;0;0;0;0;0;0;0;0;0
4576;94;2018;;;;;;2863;891;1972;0;0;0;0;0;0;0;0;0
4577;94;2019;;;;;;2827;904;1923;0;0;0;0;0;0;0;0;0
4578;94;2020;;;;;;2852;940;1912;0;0;0;0;0;0;0;0;0
4579;94;2021;;;;;;2832;950;1882;0;0;0;0;0;0;0;0;0
4580;94;2022;;;;;;2945;1000;1945;0;0;0;0;0;0;0;0;0
4581;94;2023;;;;;;2947;1018;1929;0;0;0;0;0;0;0;0;0
4582;94;2024;;;;;;3083;1087;1996;0;0;0;0;0;0;0;0;0
4583;94;2025;;;;;;3047;1086;1961;0;0;0;0;0;0;0;0;0
4584;94;2026;;;;;;3118;1126;1992;0;0;0;0;0;0;0;0;0
4585;94;2027;;;;;;3052;1116;1936;0;0;0;0;0;0;0;0;0
4586;94;2028;;;;;;3115;1153;1962;0;0;0;0;0;0;0;0;0
4587;94;2029;;;;;;3150;1181;1969;0;0;0;0;0;0;0;0;0
4588;94;2030;;;;;;3219;1220;1999;0;0;0;0;0;0;0;0;0
4589;94;2031;;;;;;3249;1236;2013;0;0;0;0;0;0;0;0;0
4590;94;2032;;;;;;3450;1329;2121;0;0;0;0;0;0;0;0;0
4591;94;2033;;;;;;3533;1362;2171;0;0;0;0;0;0;0;0;0
4592;94;2034;;;;;;3674;1431;2243;0;0;0;0;0;0;0;0;0
4593;94;2035;;;;;;3587;1412;2175;0;0;0;0;0;0;0;0;0
4594;94;2036;;;;;;3770;1491;2279;0;0;0;0;0;0;0;0;0
4595;94;2037;;;;;;4089;1620;2469;0;0;0;0;0;0;0;0;0
4596;94;2038;;;;;;4318;1711;2607;0;0;0;0;0;0;0;0;0
4597;94;2039;;;;;;4141;1644;2497;0;0;0;0;0;0;0;0;0
4598;94;2040;;;;;;5742;2294;3448;0;0;0;0;0;0;0;0;0
4599;94;2041;;;;;;5580;2220;3360;0;0;0;0;0;0;0;0;0
4600;94;2042;;;;;;5305;2123;3182;0;0;0;0;0;0;0;0;0
4601;94;2043;;;;;;5155;2063;3092;0;0;0;0;0;0;0;0;0
4602;94;2044;;;;;;5096;2038;3058;0;0;0;0;0;0;0;0;0
4603;94;2045;;;;;;5076;2034;3042;0;0;0;0;0;0;0;0;0
4604;94;2046;;;;;;5256;2104;3152;0;0;0;0;0;0;0;0;0
4605;94;2047;;;;;;5250;2101;3149;0;0;0;0;0;0;0;0;0
4606;94;2048;;;;;;5327;2133;3194;0;0;0;0;0;0;0;0;0
4607;94;2049;;;;;;5410;2155;3255;0;0;0;0;0;0;0;0;0
4608;95;2002;;;;;;1524;337;1187;0;0;0;0;0;0;0;0;0
4609;95;2003;;;;;;1610;371;1239;0;0;0;0;0;0;0;0;0
4610;95;2004;;;;;;1686;368;1318;0;0;0;0;0;0;0;0;0
4611;95;2005;;;;;;1711;388;1323;0;0;0;0;0;0;0;0;0
4612;95;2006;;;;;;1710;404;1306;0;0;0;0;0;0;0;0;0
4613;95;2007;;;;;;1822;431;1391;0;0;0;0;0;0;0;0;0
4614;95;2008;;;;;;1881;457;1424;0;0;0;0;0;0;0;0;0
4615;95;2009;;;;;;1931;480;1451;0;0;0;0;0;0;0;0;0
4616;95;2010;;;;;;1852;467;1385;0;0;0;0;0;0;0;0;0
4617;95;2011;;;;;;1879;478;1401;0;0;0;0;0;0;0;0;0
4618;95;2012;;;;;;1906;500;1406;0;0;0;0;0;0;0;0;0
4619;95;2013;;;;;;1864;493;1371;0;0;0;0;0;0;0;0;0
4620;95;2014;;;;;;1957;536;1421;0;0;0;0;0;0;0;0;0
4621;95;2015;;;;;;2340;657;1683;0;0;0;0;0;0;0;0;0
4622;95;2016;;;;;;2334;662;1672;0;0;0;0;0;0;0;0;0
4623;95;2017;;;;;;2333;682;1651;0;0;0;0;0;0;0;0;0
4624;95;2018;;;;;;2407;715;1692;0;0;0;0;0;0;0;0;0
4625;95;2019;;;;;;2373;708;1665;0;0;0;0;0;0;0;0;0
4626;95;2020;;;;;;2343;719;1624;0;0;0;0;0;0;0;0;0
4627;95;2021;;;;;;2363;747;1616;0;0;0;0;0;0;0;0;0
4628;95;2022;;;;;;2346;756;1590;0;0;0;0;0;0;0;0;0
4629;95;2023;;;;;;2440;796;1644;0;0;0;0;0;0;0;0;0
4630;95;2024;;;;;;2443;811;1632;0;0;0;0;0;0;0;0;0
4631;95;2025;;;;;;2555;866;1689;0;0;0;0;0;0;0;0;0
4632;95;2026;;;;;;2525;866;1659;0;0;0;0;0;0;0;0;0
4633;95;2027;;;;;;2584;898;1686;0;0;0;0;0;0;0;0;0
4634;95;2028;;;;;;2528;889;1639;0;0;0;0;0;0;0;0;0
4635;95;2029;;;;;;2582;920;1662;0;0;0;0;0;0;0;0;0
4636;95;2030;;;;;;2610;942;1668;0;0;0;0;0;0;0;0;0
4637;95;2031;;;;;;2668;974;1694;0;0;0;0;0;0;0;0;0
4638;95;2032;;;;;;2693;987;1706;0;0;0;0;0;0;0;0;0
4639;95;2033;;;;;;2859;1060;1799;0;0;0;0;0;0;0;0;0
4640;95;2034;;;;;;2930;1088;1842;0;0;0;0;0;0;0;0;0
4641;95;2035;;;;;;3045;1142;1903;0;0;0;0;0;0;0;0;0
4642;95;2036;;;;;;2974;1128;1846;0;0;0;0;0;0;0;0;0
4643;95;2037;;;;;;3126;1191;1935;0;0;0;0;0;0;0;0;0
4644;95;2038;;;;;;3390;1294;2096;0;0;0;0;0;0;0;0;0
4645;95;2039;;;;;;3581;1367;2214;0;0;0;0;0;0;0;0;0
4646;95;2040;;;;;;3434;1313;2121;0;0;0;0;0;0;0;0;0
4647;95;2041;;;;;;4762;1833;2929;0;0;0;0;0;0;0;0;0
4648;95;2042;;;;;;4628;1773;2855;0;0;0;0;0;0;0;0;0
4649;95;2043;;;;;;4401;1697;2704;0;0;0;0;0;0;0;0;0
4650;95;2044;;;;;;4278;1649;2629;0;0;0;0;0;0;0;0;0
4651;95;2045;;;;;;4229;1629;2600;0;0;0;0;0;0;0;0;0
4652;95;2046;;;;;;4213;1626;2587;0;0;0;0;0;0;0;0;0
4653;95;2047;;;;;;4362;1681;2681;0;0;0;0;0;0;0;0;0
4654;95;2048;;;;;;4357;1679;2678;0;0;0;0;0;0;0;0;0
4655;95;2049;;;;;;4422;1705;2717;0;0;0;0;0;0;0;0;0
4656;96;2002;;;;;;1204;268;936;0;0;0;0;0;0;0;0;0
4657;96;2003;;;;;;1240;253;987;0;0;0;0;0;0;0;0;0
4658;96;2004;;;;;;1314;281;1033;0;0;0;0;0;0;0;0;0
4659;96;2005;;;;;;1379;280;1099;0;0;0;0;0;0;0;0;0
4660;96;2006;;;;;;1398;295;1103;0;0;0;0;0;0;0;0;0
4661;96;2007;;;;;;1396;308;1088;0;0;0;0;0;0;0;0;0
4662;96;2008;;;;;;1488;329;1159;0;0;0;0;0;0;0;0;0
4663;96;2009;;;;;;1537;350;1187;0;0;0;0;0;0;0;0;0
4664;96;2010;;;;;;1577;368;1209;0;0;0;0;0;0;0;0;0
4665;96;2011;;;;;;1512;358;1154;0;0;0;0;0;0;0;0;0
4666;96;2012;;;;;;1534;367;1167;0;0;0;0;0;0;0;0;0
4667;96;2013;;;;;;1556;384;1172;0;0;0;0;0;0;0;0;0
4668;96;2014;;;;;;1521;379;1142;0;0;0;0;0;0;0;0;0
4669;96;2015;;;;;;1597;412;1185;0;0;0;0;0;0;0;0;0
4670;96;2016;;;;;;1909;506;1403;0;0;0;0;0;0;0;0;0
4671;96;2017;;;;;;1904;510;1394;0;0;0;0;0;0;0;0;0
4672;96;2018;;;;;;1903;526;1377;0;0;0;0;0;0;0;0;0
4673;96;2019;;;;;;1964;552;1412;0;0;0;0;0;0;0;0;0
4674;96;2020;;;;;;1937;547;1390;0;0;0;0;0;0;0;0;0
4675;96;2021;;;;;;1913;556;1357;0;0;0;0;0;0;0;0;0
4676;96;2022;;;;;;1928;578;1350;0;0;0;0;0;0;0;0;0
4677;96;2023;;;;;;1914;585;1329;0;0;0;0;0;0;0;0;0
4678;96;2024;;;;;;1990;616;1374;0;0;0;0;0;0;0;0;0
4679;96;2025;;;;;;1993;628;1365;0;0;0;0;0;0;0;0;0
4680;96;2026;;;;;;2084;671;1413;0;0;0;0;0;0;0;0;0
4681;96;2027;;;;;;2060;671;1389;0;0;0;0;0;0;0;0;0
4682;96;2028;;;;;;2108;696;1412;0;0;0;0;0;0;0;0;0
4683;96;2029;;;;;;2063;690;1373;0;0;0;0;0;0;0;0;0
4684;96;2030;;;;;;2105;713;1392;0;0;0;0;0;0;0;0;0
4685;96;2031;;;;;;2130;731;1399;0;0;0;0;0;0;0;0;0
4686;96;2032;;;;;;2177;756;1421;0;0;0;0;0;0;0;0;0
4687;96;2033;;;;;;2197;766;1431;0;0;0;0;0;0;0;0;0
4688;96;2034;;;;;;2334;824;1510;0;0;0;0;0;0;0;0;0
4689;96;2035;;;;;;2391;845;1546;0;0;0;0;0;0;0;0;0
4690;96;2036;;;;;;2486;888;1598;0;0;0;0;0;0;0;0;0
4691;96;2037;;;;;;2426;876;1550;0;0;0;0;0;0;0;0;0
4692;96;2038;;;;;;2550;925;1625;0;0;0;0;0;0;0;0;0
4693;96;2039;;;;;;2768;1006;1762;0;0;0;0;0;0;0;0;0
4694;96;2040;;;;;;2923;1062;1861;0;0;0;0;0;0;0;0;0
4695;96;2041;;;;;;2804;1021;1783;0;0;0;0;0;0;0;0;0
4696;96;2042;;;;;;3888;1425;2463;0;0;0;0;0;0;0;0;0
4697;96;2043;;;;;;3780;1379;2401;0;0;0;0;0;0;0;0;0
4698;96;2044;;;;;;3594;1319;2275;0;0;0;0;0;0;0;0;0
4699;96;2045;;;;;;3494;1282;2212;0;0;0;0;0;0;0;0;0
4700;96;2046;;;;;;3454;1266;2188;0;0;0;0;0;0;0;0;0
4701;96;2047;;;;;;3441;1264;2177;0;0;0;0;0;0;0;0;0
4702;96;2048;;;;;;3564;1307;2257;0;0;0;0;0;0;0;0;0
4703;96;2049;;;;;;3561;1306;2255;0;0;0;0;0;0;0;0;0
4704;97;2002;;;;;;881;176;705;0;0;0;0;0;0;0;0;0
4705;97;2003;;;;;;962;196;766;0;0;0;0;0;0;0;0;0
4706;97;2004;;;;;;997;186;811;0;0;0;0;0;0;0;0;0
4707;97;2005;;;;;;1055;207;848;0;0;0;0;0;0;0;0;0
4708;97;2006;;;;;;1108;206;902;0;0;0;0;0;0;0;0;0
4709;97;2007;;;;;;1123;218;905;0;0;0;0;0;0;0;0;0
4710;97;2008;;;;;;1121;228;893;0;0;0;0;0;0;0;0;0
4711;97;2009;;;;;;1195;244;951;0;0;0;0;0;0;0;0;0
4712;97;2010;;;;;;1234;260;974;0;0;0;0;0;0;0;0;0
4713;97;2011;;;;;;1265;273;992;0;0;0;0;0;0;0;0;0
4714;97;2012;;;;;;1214;267;947;0;0;0;0;0;0;0;0;0
4715;97;2013;;;;;;1232;274;958;0;0;0;0;0;0;0;0;0
4716;97;2014;;;;;;1249;287;962;0;0;0;0;0;0;0;0;0
4717;97;2015;;;;;;1221;283;938;0;0;0;0;0;0;0;0;0
4718;97;2016;;;;;;1281;308;973;0;0;0;0;0;0;0;0;0
4719;97;2017;;;;;;1531;379;1152;0;0;0;0;0;0;0;0;0
4720;97;2018;;;;;;1528;382;1146;0;0;0;0;0;0;0;0;0
4721;97;2019;;;;;;1526;394;1132;0;0;0;0;0;0;0;0;0
4722;97;2020;;;;;;1576;414;1162;0;0;0;0;0;0;0;0;0
4723;97;2021;;;;;;1555;411;1144;0;0;0;0;0;0;0;0;0
4724;97;2022;;;;;;1534;417;1117;0;0;0;0;0;0;0;0;0
4725;97;2023;;;;;;1546;434;1112;0;0;0;0;0;0;0;0;0
4726;97;2024;;;;;;1536;440;1096;0;0;0;0;0;0;0;0;0
4727;97;2025;;;;;;1596;463;1133;0;0;0;0;0;0;0;0;0
4728;97;2026;;;;;;1598;472;1126;0;0;0;0;0;0;0;0;0
4729;97;2027;;;;;;1671;505;1166;0;0;0;0;0;0;0;0;0
4730;97;2028;;;;;;1652;505;1147;0;0;0;0;0;0;0;0;0
4731;97;2029;;;;;;1691;524;1167;0;0;0;0;0;0;0;0;0
4732;97;2030;;;;;;1655;520;1135;0;0;0;0;0;0;0;0;0
4733;97;2031;;;;;;1690;538;1152;0;0;0;0;0;0;0;0;0
4734;97;2032;;;;;;1708;551;1157;0;0;0;0;0;0;0;0;0
4735;97;2033;;;;;;1746;570;1176;0;0;0;0;0;0;0;0;0
4736;97;2034;;;;;;1763;578;1185;0;0;0;0;0;0;0;0;0
4737;97;2035;;;;;;1872;621;1251;0;0;0;0;0;0;0;0;0
4738;97;2036;;;;;;1919;638;1281;0;0;0;0;0;0;0;0;0
4739;97;2037;;;;;;1995;670;1325;0;0;0;0;0;0;0;0;0
4740;97;2038;;;;;;1946;661;1285;0;0;0;0;0;0;0;0;0
4741;97;2039;;;;;;2047;699;1348;0;0;0;0;0;0;0;0;0
4742;97;2040;;;;;;2221;759;1462;0;0;0;0;0;0;0;0;0
4743;97;2041;;;;;;2347;802;1545;0;0;0;0;0;0;0;0;0
4744;97;2042;;;;;;2252;771;1481;0;0;0;0;0;0;0;0;0
4745;97;2043;;;;;;3123;1077;2046;0;0;0;0;0;0;0;0;0
4746;97;2044;;;;;;3037;1042;1995;0;0;0;0;0;0;0;0;0
4747;97;2045;;;;;;2887;997;1890;0;0;0;0;0;0;0;0;0
4748;97;2046;;;;;;2808;969;1839;0;0;0;0;0;0;0;0;0
4749;97;2047;;;;;;2776;957;1819;0;0;0;0;0;0;0;0;0
4750;97;2048;;;;;;2766;955;1811;0;0;0;0;0;0;0;0;0
4751;97;2049;;;;;;2865;988;1877;0;0;0;0;0;0;0;0;0
4752;98;2002;;;;;;680;138;542;0;0;0;0;0;0;0;0;0
4753;98;2003;;;;;;689;124;565;0;0;0;0;0;0;0;0;0
4754;98;2004;;;;;;755;139;616;0;0;0;0;0;0;0;0;0
4755;98;2005;;;;;;784;133;651;0;0;0;0;0;0;0;0;0
4756;98;2006;;;;;;829;148;681;0;0;0;0;0;0;0;0;0
4757;98;2007;;;;;;872;148;724;0;0;0;0;0;0;0;0;0
4758;98;2008;;;;;;883;156;727;0;0;0;0;0;0;0;0;0
4759;98;2009;;;;;;881;164;717;0;0;0;0;0;0;0;0;0
4760;98;2010;;;;;;938;175;763;0;0;0;0;0;0;0;0;0
4761;98;2011;;;;;;968;187;781;0;0;0;0;0;0;0;0;0
4762;98;2012;;;;;;993;197;796;0;0;0;0;0;0;0;0;0
4763;98;2013;;;;;;953;193;760;0;0;0;0;0;0;0;0;0
4764;98;2014;;;;;;967;198;769;0;0;0;0;0;0;0;0;0
4765;98;2015;;;;;;981;208;773;0;0;0;0;0;0;0;0;0
4766;98;2016;;;;;;959;205;754;0;0;0;0;0;0;0;0;0
4767;98;2017;;;;;;1006;224;782;0;0;0;0;0;0;0;0;0
4768;98;2018;;;;;;1202;275;927;0;0;0;0;0;0;0;0;0
4769;98;2019;;;;;;1200;278;922;0;0;0;0;0;0;0;0;0
4770;98;2020;;;;;;1199;287;912;0;0;0;0;0;0;0;0;0
4771;98;2021;;;;;;1238;302;936;0;0;0;0;0;0;0;0;0
4772;98;2022;;;;;;1221;299;922;0;0;0;0;0;0;0;0;0
4773;98;2023;;;;;;1205;304;901;0;0;0;0;0;0;0;0;0
4774;98;2024;;;;;;1215;317;898;0;0;0;0;0;0;0;0;0
4775;98;2025;;;;;;1206;321;885;0;0;0;0;0;0;0;0;0
4776;98;2026;;;;;;1254;338;916;0;0;0;0;0;0;0;0;0
4777;98;2027;;;;;;1256;345;911;0;0;0;0;0;0;0;0;0
4778;98;2028;;;;;;1313;369;944;0;0;0;0;0;0;0;0;0
4779;98;2029;;;;;;1298;369;929;0;0;0;0;0;0;0;0;0
4780;98;2030;;;;;;1329;384;945;0;0;0;0;0;0;0;0;0
4781;98;2031;;;;;;1300;380;920;0;0;0;0;0;0;0;0;0
4782;98;2032;;;;;;1328;394;934;0;0;0;0;0;0;0;0;0
4783;98;2033;;;;;;1343;404;939;0;0;0;0;0;0;0;0;0
4784;98;2034;;;;;;1372;417;955;0;0;0;0;0;0;0;0;0
4785;98;2035;;;;;;1386;423;963;0;0;0;0;0;0;0;0;0
4786;98;2036;;;;;;1472;455;1017;0;0;0;0;0;0;0;0;0
4787;98;2037;;;;;;1509;467;1042;0;0;0;0;0;0;0;0;0
4788;98;2038;;;;;;1569;491;1078;0;0;0;0;0;0;0;0;0
4789;98;2039;;;;;;1531;485;1046;0;0;0;0;0;0;0;0;0
4790;98;2040;;;;;;1610;512;1098;0;0;0;0;0;0;0;0;0
4791;98;2041;;;;;;1748;557;1191;0;0;0;0;0;0;0;0;0
4792;98;2042;;;;;;1847;588;1259;0;0;0;0;0;0;0;0;0
4793;98;2043;;;;;;1773;566;1207;0;0;0;0;0;0;0;0;0
4794;98;2044;;;;;;2458;790;1668;0;0;0;0;0;0;0;0;0
4795;98;2045;;;;;;2392;764;1628;0;0;0;0;0;0;0;0;0
4796;98;2046;;;;;;2274;731;1543;0;0;0;0;0;0;0;0;0
4797;98;2047;;;;;;2212;711;1501;0;0;0;0;0;0;0;0;0
4798;98;2048;;;;;;2188;702;1486;0;0;0;0;0;0;0;0;0
4799;98;2049;;;;;;2180;701;1479;0;0;0;0;0;0;0;0;0
4800;99;2002;;;;;;1222;214;1008;0;0;0;0;0;0;0;0;0
4801;99;2003;;;;;;1300;227;1073;0;0;0;0;0;0;0;0;0
4802;99;2004;;;;;;1364;228;1136;0;0;0;0;0;0;0;0;0
4803;99;2005;;;;;;1455;239;1216;0;0;0;0;0;0;0;0;0
4804;99;2006;;;;;;1539;243;1296;0;0;0;0;0;0;0;0;0
4805;99;2007;;;;;;1626;256;1370;0;0;0;0;0;0;0;0;0
4806;99;2008;;;;;;1715;264;1451;0;0;0;0;0;0;0;0;0
4807;99;2009;;;;;;1783;277;1506;0;0;0;0;0;0;0;0;0
4808;99;2010;;;;;;1823;290;1533;0;0;0;0;0;0;0;0;0
4809;99;2011;;;;;;1894;307;1587;0;0;0;0;0;0;0;0;0
4810;99;2012;;;;;;1964;327;1637;0;0;0;0;0;0;0;0;0
4811;99;2013;;;;;;2028;347;1681;0;0;0;0;0;0;0;0;0
4812;99;2014;;;;;;2040;357;1683;0;0;0;0;0;0;0;0;0
4813;99;2015;;;;;;2059;367;1692;0;0;0;0;0;0;0;0;0
4814;99;2016;;;;;;2082;381;1701;0;0;0;0;0;0;0;0;0
4815;99;2017;;;;;;2083;389;1694;0;0;0;0;0;0;0;0;0
4816;99;2018;;;;;;2119;407;1712;0;0;0;0;0;0;0;0;0
4817;99;2019;;;;;;2293;455;1838;0;0;0;0;0;0;0;0;0
4818;99;2020;;;;;;2408;489;1919;0;0;0;0;0;0;0;0;0
4819;99;2021;;;;;;2482;517;1965;0;0;0;0;0;0;0;0;0
4820;99;2022;;;;;;2561;546;2015;0;0;0;0;0;0;0;0;0
4821;99;2023;;;;;;2601;563;2038;0;0;0;0;0;0;0;0;0
4822;99;2024;;;;;;2617;578;2039;0;0;0;0;0;0;0;0;0
4823;99;2025;;;;;;2636;597;2039;0;0;0;0;0;0;0;0;0
4824;99;2026;;;;;;2642;612;2030;0;0;0;0;0;0;0;0;0
4825;99;2027;;;;;;2685;635;2050;0;0;0;0;0;0;0;0;0
4826;99;2028;;;;;;2716;655;2061;0;0;0;0;0;0;0;0;0
4827;99;2029;;;;;;2779;684;2095;0;0;0;0;0;0;0;0;0
4828;99;2030;;;;;;2812;704;2108;0;0;0;0;0;0;0;0;0
4829;99;2031;;;;;;2857;727;2130;0;0;0;0;0;0;0;0;0
4830;99;2032;;;;;;2867;740;2127;0;0;0;0;0;0;0;0;0
4831;99;2033;;;;;;2895;758;2137;0;0;0;0;0;0;0;0;0
4832;99;2034;;;;;;2926;777;2149;0;0;0;0;0;0;0;0;0
4833;99;2035;;;;;;2970;799;2171;0;0;0;0;0;0;0;0;0
4834;99;2036;;;;;;3011;818;2193;0;0;0;0;0;0;0;0;0
4835;99;2037;;;;;;3104;853;2251;0;0;0;0;0;0;0;0;0
4836;99;2038;;;;;;3194;884;2310;0;0;0;0;0;0;0;0;0
4837;99;2039;;;;;;3301;922;2379;0;0;0;0;0;0;0;0;0
4838;99;2040;;;;;;3344;942;2402;0;0;0;0;0;0;0;0;0
4839;99;2041;;;;;;3432;974;2458;0;0;0;0;0;0;0;0;0
4840;99;2042;;;;;;3597;1027;2570;0;0;0;0;0;0;0;0;0
4841;99;2043;;;;;;3783;1084;2699;0;0;0;0;0;0;0;0;0
4842;99;2044;;;;;;3850;1104;2746;0;0;0;0;0;0;0;0;0
4843;99;2045;;;;;;4420;1277;3143;0;0;0;0;0;0;0;0;0
4844;99;2046;;;;;;4747;1371;3376;0;0;0;0;0;0;0;0;0
4845;99;2047;;;;;;4873;1409;3464;0;0;0;0;0;0;0;0;0
4846;99;2048;;;;;;4909;1418;3491;0;0;0;0;0;0;0;0;0
4847;99;2049;;;;;;4917;1419;3498;0;0;0;0;0;0;0;0;0
4848;0-4 jaar;2002;;;;;;1233;691;542;7937;4028;3909;5386;2741;2645;2551;1287;1264
4849;0-4 jaar;2003;;;;;;1217;679;538;7235;3665;3570;5321;2713;2608;1914;952;962
4850;0-4 jaar;2004;;;;;;1194;663;531;6984;3530;3454;5201;2659;2542;1783;871;912
4851;0-4 jaar;2005;;;;;;1170;648;522;6926;3490;3436;5036;2578;2458;1890;912;978
4852;0-4 jaar;2006;;;;;;1144;631;513;7021;3530;3491;4931;2523;2408;2090;1007;1083
4853;0-4 jaar;2007;;;;;;1121;616;505;7249;3647;3602;4872;2490;2382;2377;1157;1220
4854;0-4 jaar;2008;;;;;;1103;605;498;7538;3798;3740;4835;2469;2366;2703;1329;1374
4855;0-4 jaar;2009;;;;;;1087;595;492;7832;3955;3877;4818;2456;2362;3014;1499;1515
4856;0-4 jaar;2010;;;;;;1072;585;487;8071;4083;3988;4814;2453;2361;3257;1630;1627
4857;0-4 jaar;2011;;;;;;1066;580;486;8243;4175;4068;4820;2454;2366;3423;1721;1702
4858;0-4 jaar;2012;;;;;;1059;575;484;8326;4222;4104;4828;2458;2370;3498;1764;1734
4859;0-4 jaar;2013;;;;;;1057;574;483;8367;4246;4121;4836;2462;2374;3531;1784;1747
4860;0-4 jaar;2014;;;;;;1056;572;484;8391;4257;4134;4842;2466;2376;3549;1791;1758
4861;0-4 jaar;2015;;;;;;1057;571;486;8413;4268;4145;4852;2470;2382;3561;1798;1763
4862;0-4 jaar;2016;;;;;;1059;572;487;8429;4277;4152;4865;2477;2388;3564;1800;1764
4863;0-4 jaar;2017;;;;;;1063;574;489;8450;4288;4162;4886;2488;2398;3564;1800;1764
4864;0-4 jaar;2018;;;;;;1067;576;491;8459;4293;4166;4909;2500;2409;3550;1793;1757
4865;0-4 jaar;2019;;;;;;1072;577;495;8470;4299;4171;4936;2513;2423;3534;1786;1748
4866;0-4 jaar;2020;;;;;;1075;579;496;8474;4303;4171;4965;2528;2437;3509;1775;1734
4867;0-4 jaar;2021;;;;;;1079;581;498;8475;4304;4171;4996;2543;2453;3479;1761;1718
4868;0-4 jaar;2022;;;;;;1082;582;500;8479;4308;4171;5024;2557;2467;3455;1751;1704
4869;0-4 jaar;2023;;;;;;1085;583;502;8481;4310;4171;5050;2570;2480;3431;1740;1691
4870;0-4 jaar;2024;;;;;;1086;584;502;8482;4311;4171;5078;2585;2493;3404;1726;1678
4871;0-4 jaar;2025;;;;;;1087;584;503;8485;4314;4171;5102;2596;2506;3383;1718;1665
4872;0-4 jaar;2026;;;;;;1087;584;503;8488;4317;4171;5123;2607;2516;3365;1710;1655
4873;0-4 jaar;2027;;;;;;1088;584;504;8490;4319;4171;5142;2617;2525;3348;1702;1646
4874;0-4 jaar;2028;;;;;;1086;583;503;8493;4322;4171;5158;2624;2534;3335;1698;1637
4875;0-4 jaar;2029;;;;;;1086;583;503;8494;4323;4171;5173;2632;2541;3321;1691;1630
4876;0-4 jaar;2030;;;;;;1084;582;502;8498;4327;4171;5179;2635;2544;3319;1692;1627
4877;0-4 jaar;2031;;;;;;1083;581;502;8499;4328;4171;5189;2639;2550;3310;1689;1621
4878;0-4 jaar;2032;;;;;;1079;579;500;8501;4330;4171;5194;2641;2553;3307;1689;1618
4879;0-4 jaar;2033;;;;;;1076;577;499;8502;4331;4171;5193;2640;2553;3309;1691;1618
4880;0-4 jaar;2034;;;;;;1070;574;496;8505;4334;4171;5194;2641;2553;3311;1693;1618
4881;0-4 jaar;2035;;;;;;1064;571;493;8509;4338;4171;5183;2636;2547;3326;1702;1624
4882;0-4 jaar;2036;;;;;;1057;567;490;8511;4340;4171;5175;2630;2545;3336;1710;1626
4883;0-4 jaar;2037;;;;;;1052;564;488;8512;4341;4171;5159;2622;2537;3353;1719;1634
4884;0-4 jaar;2038;;;;;;1042;558;484;8516;4345;4171;5143;2613;2530;3373;1732;1641
4885;0-4 jaar;2039;;;;;;1035;555;480;8517;4346;4171;5126;2606;2520;3391;1740;1651
4886;0-4 jaar;2040;;;;;;1030;552;478;8518;4347;4171;5109;2595;2514;3409;1752;1657
4887;0-4 jaar;2041;;;;;;1025;550;475;8522;4351;4171;5092;2587;2505;3430;1764;1666
4888;0-4 jaar;2042;;;;;;1022;548;474;8524;4353;4171;5083;2582;2501;3441;1771;1670
4889;0-4 jaar;2043;;;;;;1017;545;472;8526;4355;4171;5068;2574;2494;3458;1781;1677
4890;0-4 jaar;2044;;;;;;1014;544;470;8528;4357;4171;5060;2571;2489;3468;1786;1682
4891;0-4 jaar;2045;;;;;;1014;544;470;8529;4358;4171;5055;2567;2488;3474;1791;1683
4892;0-4 jaar;2046;;;;;;1012;542;470;8534;4363;4171;5059;2569;2490;3475;1794;1681
4893;0-4 jaar;2047;;;;;;1013;543;470;8536;4365;4171;5057;2568;2489;3479;1797;1682
4894;0-4 jaar;2048;;;;;;1012;542;470;8538;4367;4171;5063;2571;2492;3475;1796;1679
4895;0-4 jaar;2049;;;;;;1014;543;471;8540;4369;4171;5072;2576;2496;3468;1793;1675
4896;5-9 jaar;2002;;;;;;144;71;73;8127;4081;4046;5150;2634;2516;2977;1447;1530
4897;5-9 jaar;2003;;;;;;144;70;74;7381;3704;3677;5176;2653;2523;2205;1051;1154
4898;5-9 jaar;2004;;;;;;145;71;74;7105;3567;3538;5185;2661;2524;1920;906;1014
4899;5-9 jaar;2005;;;;;;145;70;75;7022;3522;3500;5218;2682;2536;1804;840;964
4900;5-9 jaar;2006;;;;;;147;71;76;7110;3569;3541;5183;2668;2515;1927;901;1026
4901;5-9 jaar;2007;;;;;;145;70;75;7321;3680;3641;5130;2645;2485;2191;1035;1156
4902;5-9 jaar;2008;;;;;;147;70;77;7601;3831;3770;5090;2624;2466;2511;1207;1304
4903;5-9 jaar;2009;;;;;;144;69;75;7887;3988;3899;5070;2613;2457;2817;1375;1442
4904;5-9 jaar;2010;;;;;;142;68;74;8130;4120;4010;5050;2603;2447;3080;1517;1563
4905;5-9 jaar;2011;;;;;;138;65;73;8306;4216;4090;5067;2610;2457;3239;1606;1633
4906;5-9 jaar;2012;;;;;;137;65;72;8402;4270;4132;5099;2626;2473;3303;1644;1659
4907;5-9 jaar;2013;;;;;;135;64;71;8434;4285;4149;5123;2637;2486;3311;1648;1663
4908;5-9 jaar;2014;;;;;;130;61;69;8457;4295;4162;5138;2645;2493;3319;1650;1669
4909;5-9 jaar;2015;;;;;;128;60;68;8482;4309;4173;5142;2647;2495;3340;1662;1678
4910;5-9 jaar;2016;;;;;;128;60;68;8497;4317;4180;5141;2645;2496;3356;1672;1684
4911;5-9 jaar;2017;;;;;;128;60;68;8514;4327;4187;5137;2645;2492;3377;1682;1695
4912;5-9 jaar;2018;;;;;;128;60;68;8526;4331;4195;5131;2640;2491;3395;1691;1704
4913;5-9 jaar;2019;;;;;;124;58;66;8537;4339;4198;5129;2640;2489;3408;1699;1709
4914;5-9 jaar;2020;;;;;;124;58;66;8542;4341;4201;5130;2639;2491;3412;1702;1710
4915;5-9 jaar;2021;;;;;;124;58;66;8544;4343;4201;5137;2643;2494;3407;1700;1707
4916;5-9 jaar;2022;;;;;;124;58;66;8547;4346;4201;5146;2647;2499;3401;1699;1702
4917;5-9 jaar;2023;;;;;;124;58;66;8549;4348;4201;5161;2653;2508;3388;1695;1693
4918;5-9 jaar;2024;;;;;;124;58;66;8550;4349;4201;5174;2659;2515;3376;1690;1686
4919;5-9 jaar;2025;;;;;;124;58;66;8552;4351;4201;5192;2668;2524;3360;1683;1677
4920;5-9 jaar;2026;;;;;;124;58;66;8554;4353;4201;5209;2676;2533;3345;1677;1668
4921;5-9 jaar;2027;;;;;;124;58;66;8557;4356;4201;5228;2686;2542;3329;1670;1659
4922;5-9 jaar;2028;;;;;;124;58;66;8558;4357;4201;5245;2692;2553;3313;1665;1648
4923;5-9 jaar;2029;;;;;;125;58;67;8562;4361;4201;5259;2700;2559;3303;1661;1642
4924;5-9 jaar;2030;;;;;;125;58;67;8563;4362;4201;5276;2707;2569;3287;1655;1632
4925;5-9 jaar;2031;;;;;;125;59;66;8564;4363;4201;5283;2710;2573;3281;1653;1628
4926;5-9 jaar;2032;;;;;;125;58;67;8568;4367;4201;5295;2716;2579;3273;1651;1622
4927;5-9 jaar;2033;;;;;;124;58;66;8569;4368;4201;5303;2719;2584;3266;1649;1617
4928;5-9 jaar;2034;;;;;;126;59;67;8571;4370;4201;5309;2721;2588;3262;1649;1613
4929;5-9 jaar;2035;;;;;;124;58;66;8574;4373;4201;5313;2723;2590;3261;1650;1611
4930;5-9 jaar;2036;;;;;;124;58;66;8575;4374;4201;5316;2724;2592;3259;1650;1609
4931;5-9 jaar;2037;;;;;;124;58;66;8578;4377;4201;5316;2723;2593;3262;1654;1608
4932;5-9 jaar;2038;;;;;;124;58;66;8578;4377;4201;5315;2723;2592;3263;1654;1609
4933;5-9 jaar;2039;;;;;;124;58;66;8583;4382;4201;5310;2718;2592;3273;1664;1609
4934;5-9 jaar;2040;;;;;;122;57;65;8585;4384;4201;5301;2713;2588;3284;1671;1613
4935;5-9 jaar;2041;;;;;;122;57;65;8586;4385;4201;5292;2709;2583;3294;1676;1618
4936;5-9 jaar;2042;;;;;;121;57;64;8589;4388;4201;5277;2701;2576;3312;1687;1625
4937;5-9 jaar;2043;;;;;;121;57;64;8589;4388;4201;5267;2696;2571;3322;1692;1630
4938;5-9 jaar;2044;;;;;;119;56;63;8592;4391;4201;5252;2688;2564;3340;1703;1637
4939;5-9 jaar;2045;;;;;;118;55;63;8594;4393;4201;5240;2681;2559;3354;1712;1642
4940;5-9 jaar;2046;;;;;;118;55;63;8597;4396;4201;5227;2674;2553;3370;1722;1648
4941;5-9 jaar;2047;;;;;;117;55;62;8598;4397;4201;5215;2668;2547;3383;1729;1654
4942;5-9 jaar;2048;;;;;;116;55;61;8599;4398;4201;5207;2664;2543;3392;1734;1658
4943;5-9 jaar;2049;;;;;;115;54;61;8602;4401;4201;5199;2660;2539;3403;1741;1662
4944;10-14 jaar;2002;;;;;;221;119;102;6795;3425;3370;3544;1824;1720;3251;1601;1650
4945;10-14 jaar;2003;;;;;;220;118;102;6092;3060;3032;3524;1807;1717;2568;1253;1315
4946;10-14 jaar;2004;;;;;;221;118;103;5808;2911;2897;3473;1778;1695;2335;1133;1202
4947;10-14 jaar;2005;;;;;;217;115;102;5685;2846;2839;3408;1740;1668;2277;1106;1171
4948;10-14 jaar;2006;;;;;;215;113;102;5697;2845;2852;3370;1720;1650;2327;1125;1202
4949;10-14 jaar;2007;;;;;;213;112;101;5835;2915;2920;3354;1711;1643;2481;1204;1277
4950;10-14 jaar;2008;;;;;;215;112;103;6031;3020;3011;3369;1720;1649;2662;1300;1362
4951;10-14 jaar;2009;;;;;;213;112;101;6224;3119;3105;3405;1739;1666;2819;1380;1439
4952;10-14 jaar;2010;;;;;;214;111;103;6396;3211;3185;3464;1770;1694;2932;1441;1491
4953;10-14 jaar;2011;;;;;;215;111;104;6527;3283;3244;3501;1789;1712;3026;1494;1532
4954;10-14 jaar;2012;;;;;;218;112;106;6589;3311;3278;3523;1802;1721;3066;1509;1557
4955;10-14 jaar;2013;;;;;;215;110;105;6615;3321;3294;3538;1810;1728;3077;1511;1566
4956;10-14 jaar;2014;;;;;;216;111;105;6630;3328;3302;3546;1814;1732;3084;1514;1570
4957;10-14 jaar;2015;;;;;;212;109;103;6647;3336;3311;3541;1811;1730;3106;1525;1581
4958;10-14 jaar;2016;;;;;;207;106;101;6658;3342;3316;3545;1813;1732;3113;1529;1584
4959;10-14 jaar;2017;;;;;;204;105;99;6670;3347;3323;3548;1815;1733;3122;1532;1590
4960;10-14 jaar;2018;;;;;;198;101;97;6680;3352;3328;3546;1813;1733;3134;1539;1595
4961;10-14 jaar;2019;;;;;;195;100;95;6686;3355;3331;3543;1812;1731;3143;1543;1600
4962;10-14 jaar;2020;;;;;;192;98;94;6685;3354;3331;3539;1809;1730;3146;1545;1601
4963;10-14 jaar;2021;;;;;;190;97;93;6687;3356;3331;3529;1804;1725;3158;1552;1606
4964;10-14 jaar;2022;;;;;;186;95;91;6686;3355;3331;3522;1800;1722;3164;1555;1609
4965;10-14 jaar;2023;;;;;;186;95;91;6688;3357;3331;3520;1799;1721;3168;1558;1610
4966;10-14 jaar;2024;;;;;;184;94;90;6689;3358;3331;3516;1797;1719;3173;1561;1612
4967;10-14 jaar;2025;;;;;;184;94;90;6688;3357;3331;3515;1795;1720;3173;1562;1611
4968;10-14 jaar;2026;;;;;;182;93;89;6690;3359;3331;3522;1798;1724;3168;1561;1607
4969;10-14 jaar;2027;;;;;;182;93;89;6692;3361;3331;3523;1798;1725;3169;1563;1606
4970;10-14 jaar;2028;;;;;;182;93;89;6692;3361;3331;3531;1802;1729;3161;1559;1602
4971;10-14 jaar;2029;;;;;;183;94;89;6695;3364;3331;3540;1805;1735;3155;1559;1596
4972;10-14 jaar;2030;;;;;;184;94;90;6694;3363;3331;3552;1812;1740;3142;1551;1591
4973;10-14 jaar;2031;;;;;;184;94;90;6696;3365;3331;3559;1814;1745;3137;1551;1586
4974;10-14 jaar;2032;;;;;;184;94;90;6696;3365;3331;3568;1818;1750;3128;1547;1581
4975;10-14 jaar;2033;;;;;;184;94;90;6695;3364;3331;3579;1823;1756;3116;1541;1575
4976;10-14 jaar;2034;;;;;;184;94;90;6696;3365;3331;3588;1828;1760;3108;1537;1571
4977;10-14 jaar;2035;;;;;;184;94;90;6698;3367;3331;3593;1829;1764;3105;1538;1567
4978;10-14 jaar;2036;;;;;;183;94;89;6698;3367;3331;3599;1833;1766;3099;1534;1565
4979;10-14 jaar;2037;;;;;;184;94;90;6698;3367;3331;3607;1836;1771;3091;1531;1560
4980;10-14 jaar;2038;;;;;;183;94;89;6698;3367;3331;3611;1837;1774;3087;1530;1557
4981;10-14 jaar;2039;;;;;;183;94;89;6701;3370;3331;3616;1840;1776;3085;1530;1555
4982;10-14 jaar;2040;;;;;;183;94;89;6700;3369;3331;3618;1841;1777;3082;1528;1554
4983;10-14 jaar;2041;;;;;;183;94;89;6703;3372;3331;3620;1842;1778;3083;1530;1553
4984;10-14 jaar;2042;;;;;;183;94;89;6702;3371;3331;3620;1840;1780;3082;1531;1551
4985;10-14 jaar;2043;;;;;;180;92;88;6703;3372;3331;3622;1841;1781;3081;1531;1550
4986;10-14 jaar;2044;;;;;;180;92;88;6704;3373;3331;3616;1838;1778;3088;1535;1553
4987;10-14 jaar;2045;;;;;;180;92;88;6704;3373;3331;3610;1834;1776;3094;1539;1555
4988;10-14 jaar;2046;;;;;;179;92;87;6704;3373;3331;3609;1835;1774;3095;1538;1557
4989;10-14 jaar;2047;;;;;;178;91;87;6707;3376;3331;3604;1831;1773;3103;1545;1558
4990;10-14 jaar;2048;;;;;;177;91;86;6706;3375;3331;3596;1828;1768;3110;1547;1563
4991;10-14 jaar;2049;;;;;;173;89;84;6707;3376;3331;3588;1824;1764;3119;1552;1567
4992;15-19 jaar;2002;2618.0;2404.0;195.0;16.0;0.0;319;198;121;10939;5907;5032;3935;2058;1877;7004;3849;3155
4993;15-19 jaar;2003;2574.0;2367.0;194.0;15.0;0.0;321;198;123;9594;5168;4426;3935;2049;1886;5659;3119;2540
4994;15-19 jaar;2004;2521.0;2316.0;190.0;14.0;0.0;321;197;124;8975;4728;4247;3888;2012;1876;5087;2716;2371
4995;15-19 jaar;2005;2456.0;2257.0;187.0;14.0;0.0;325;199;126;8594;4421;4173;3851;1981;1870;4743;2440;2303
4996;15-19 jaar;2006;2371.0;2170.0;181.0;13.0;0.0;328;200;128;8461;4269;4192;3811;1942;1869;4650;2327;2323
4997;15-19 jaar;2007;2277.0;2093.0;174.0;12.0;1.0;327;198;129;8559;4276;4283;3776;1904;1872;4783;2372;2411
4998;15-19 jaar;2008;2208.0;2030.0;170.0;11.0;1.0;328;197;131;8783;4371;4412;3760;1879;1881;5023;2492;2531
4999;15-19 jaar;2009;2144.0;1962.0;167.0;10.0;1.0;330;199;131;9008;4469;4539;3751;1864;1887;5257;2605;2652
5000;15-19 jaar;2010;1918.0;1752.0;152.0;8.0;1.0;324;195;129;9204;4550;4654;3733;1844;1889;5471;2706;2765
5001;15-19 jaar;2011;1882.0;1725.0;150.0;8.0;1.0;320;192;128;9342;4606;4736;3734;1840;1894;5608;2766;2842
5002;15-19 jaar;2012;1856.0;1708.0;150.0;8.0;1.0;316;190;126;9402;4623;4779;3750;1842;1908;5652;2781;2871
5003;15-19 jaar;2013;1850.0;1693.0;151.0;9.0;1.0;314;187;127;9416;4618;4798;3785;1857;1928;5631;2761;2870
5004;15-19 jaar;2014;1832.0;1670.0;148.0;10.0;1.0;314;186;128;9418;4608;4810;3818;1872;1946;5600;2736;2864
5005;15-19 jaar;2015;1835.0;1677.0;148.0;10.0;1.0;314;185;129;9414;4596;4818;3870;1895;1975;5544;2701;2843
5006;15-19 jaar;2016;1874.0;1707.0;152.0;10.0;1.0;317;188;129;9410;4583;4827;3904;1909;1995;5506;2674;2832
5007;15-19 jaar;2017;1900.0;1736.0;154.0;11.0;1.0;322;190;132;9404;4569;4835;3926;1919;2007;5478;2650;2828
5008;15-19 jaar;2018;1928.0;1747.0;156.0;11.0;1.0;318;188;130;9398;4559;4839;3931;1919;2012;5467;2640;2827
5009;15-19 jaar;2019;1942.0;1755.0;160.0;12.0;1.0;314;186;128;9381;4537;4844;3934;1919;2015;5447;2618;2829
5010;15-19 jaar;2020;1894.0;1727.0;157.0;11.0;1.0;310;183;127;9367;4521;4846;3913;1908;2005;5454;2613;2841
5011;15-19 jaar;2021;1878.0;1712.0;156.0;11.0;2.0;303;179;124;9347;4501;4846;3906;1904;2002;5441;2597;2844
5012;15-19 jaar;2022;1859.0;1691.0;154.0;11.0;2.0;300;177;123;9328;4482;4846;3901;1899;2002;5427;2583;2844
5013;15-19 jaar;2023;1832.0;1666.0;152.0;11.0;2.0;292;173;119;9313;4467;4846;3890;1893;1997;5423;2574;2849
5014;15-19 jaar;2024;1805.0;1641.0;150.0;11.0;2.0;287;169;118;9293;4447;4846;3879;1888;1991;5414;2559;2855
5015;15-19 jaar;2025;1780.0;1616.0;148.0;11.0;2.0;283;167;116;9274;4428;4846;3865;1879;1986;5409;2549;2860
5016;15-19 jaar;2026;1768.0;1598.0;147.0;12.0;2.0;277;164;113;9256;4410;4846;3853;1872;1981;5403;2538;2865
5017;15-19 jaar;2027;1743.0;1581.0;144.0;12.0;2.0;273;161;112;9237;4391;4846;3842;1866;1976;5395;2525;2870
5018;15-19 jaar;2028;1721.0;1571.0;142.0;12.0;1.0;272;161;111;9220;4374;4846;3834;1860;1974;5386;2514;2872
5019;15-19 jaar;2029;1724.0;1564.0;143.0;12.0;1.0;270;159;111;9201;4355;4846;3829;1856;1973;5372;2499;2873
5020;15-19 jaar;2030;1713.0;1563.0;142.0;12.0;1.0;268;158;110;9183;4337;4846;3828;1854;1974;5355;2483;2872
5021;15-19 jaar;2031;1704.0;1562.0;142.0;11.0;1.0;267;158;109;9165;4319;4846;3825;1851;1974;5340;2468;2872
5022;15-19 jaar;2032;1718.0;1565.0;144.0;12.0;1.0;266;157;109;9146;4300;4846;3829;1852;1977;5317;2448;2869
5023;15-19 jaar;2033;1725.0;1572.0;143.0;12.0;1.0;266;157;109;9128;4282;4846;3834;1852;1982;5294;2430;2864
5024;15-19 jaar;2034;1733.0;1579.0;142.0;12.0;1.0;267;158;109;9108;4262;4846;3841;1854;1987;5267;2408;2859
5025;15-19 jaar;2035;1753.0;1588.0;144.0;12.0;1.0;267;158;109;9091;4245;4846;3846;1856;1990;5245;2389;2856
5026;15-19 jaar;2036;1755.0;1600.0;146.0;12.0;1.0;268;159;109;9074;4228;4846;3855;1858;1997;5219;2370;2849
5027;15-19 jaar;2037;1776.0;1612.0;146.0;12.0;1.0;268;159;109;9054;4208;4846;3868;1864;2004;5186;2344;2842
5028;15-19 jaar;2038;1787.0;1625.0;147.0;13.0;1.0;268;159;109;9035;4189;4846;3873;1865;2008;5162;2324;2838
5029;15-19 jaar;2039;1797.0;1638.0;150.0;13.0;1.0;268;159;109;9017;4171;4846;3879;1867;2012;5138;2304;2834
5030;15-19 jaar;2040;1808.0;1648.0;150.0;13.0;1.0;269;160;109;9000;4154;4846;3889;1870;2019;5111;2284;2827
5031;15-19 jaar;2041;1817.0;1656.0;151.0;13.0;1.0;268;159;109;8981;4135;4846;3894;1872;2022;5087;2263;2824
5032;15-19 jaar;2042;1824.0;1663.0;151.0;13.0;1.0;268;159;109;8963;4117;4846;3901;1874;2027;5062;2243;2819
5033;15-19 jaar;2043;1831.0;1668.0;152.0;13.0;1.0;268;159;109;8944;4098;4846;3906;1876;2030;5038;2222;2816
5034;15-19 jaar;2044;1836.0;1674.0;152.0;13.0;1.0;268;159;109;8926;4080;4846;3911;1879;2032;5015;2201;2814
5035;15-19 jaar;2045;1840.0;1677.0;153.0;13.0;1.0;268;159;109;8907;4061;4846;3912;1879;2033;4995;2182;2813
5036;15-19 jaar;2046;1843.0;1680.0;153.0;13.0;1.0;268;159;109;8889;4043;4846;3915;1879;2036;4974;2164;2810
5037;15-19 jaar;2047;1845.0;1682.0;153.0;13.0;1.0;266;157;109;8871;4025;4846;3916;1880;2036;4955;2145;2810
5038;15-19 jaar;2048;1847.0;1683.0;153.0;13.0;1.0;265;157;108;8852;4006;4846;3912;1876;2036;4940;2130;2810
5039;15-19 jaar;2049;1846.0;1683.0;153.0;13.0;1.0;265;157;108;8834;3988;4846;3911;1875;2036;4923;2113;2810
5040;20-24 jaar;2002;17529.0;12918.0;3962.0;561.0;82.0;427;305;122;18254;7898;10356;8519;4415;4104;9735;3483;6252
5041;20-24 jaar;2003;17451.0;12870.0;3933.0;568.0;81.0;421;299;122;16219;6986;9233;8558;4434;4124;7661;2552;5109
5042;20-24 jaar;2004;17413.0;12848.0;3908.0;575.0;81.0;418;296;122;15588;6685;8903;8568;4460;4108;7020;2225;4795
5043;20-24 jaar;2005;17233.0;12738.0;3830.0;571.0;83.0;414;292;122;15425;6570;8855;8511;4441;4070;6914;2129;4785
5044;20-24 jaar;2006;17132.0;12708.0;3772.0;570.0;80.0;414;291;123;15652;6624;9028;8473;4427;4046;7179;2197;4982
5045;20-24 jaar;2007;17258.0;12821.0;3772.0;577.0;80.0;417;292;125;16195;6829;9366;8488;4421;4067;7707;2408;5299
5046;20-24 jaar;2008;17496.0;13013.0;3808.0;594.0;81.0;419;292;127;16893;7113;9780;8573;4440;4133;8320;2673;5647
5047;20-24 jaar;2009;17729.0;13186.0;3841.0;611.0;82.0;422;293;129;17585;7392;10193;8673;4459;4214;8912;2933;5979
5048;20-24 jaar;2010;17879.0;13335.0;3825.0;628.0;83.0;425;295;130;18172;7633;10539;8822;4505;4317;9350;3128;6222
5049;20-24 jaar;2011;18074.0;13499.0;3857.0;643.0;85.0;427;295;132;18569;7794;10775;8958;4541;4417;9611;3253;6358
5050;20-24 jaar;2012;18305.0;13657.0;3898.0;657.0;89.0;427;294;133;18753;7871;10882;9070;4568;4502;9683;3303;6380
5051;20-24 jaar;2013;18543.0;13814.0;3951.0;677.0;89.0;426;293;133;18821;7904;10917;9160;4595;4565;9661;3309;6352
5052;20-24 jaar;2014;18728.0;13939.0;3994.0;695.0;93.0;424;292;132;18859;7923;10936;9213;4611;4602;9646;3312;6334
5053;20-24 jaar;2015;18674.0;13894.0;3979.0;700.0;93.0;418;287;131;18897;7940;10957;9190;4584;4606;9707;3356;6351
5054;20-24 jaar;2016;18561.0;13800.0;3949.0;701.0;94.0;412;283;129;18930;7958;10972;9175;4572;4603;9755;3386;6369
5055;20-24 jaar;2017;18510.0;13767.0;3935.0;704.0;94.0;408;280;128;18956;7970;10986;9175;4563;4612;9781;3407;6374
5056;20-24 jaar;2018;18529.0;13797.0;3929.0;710.0;95.0;407;279;128;18978;7981;10997;9206;4576;4630;9772;3405;6367
5057;20-24 jaar;2019;18557.0;13833.0;3918.0;711.0;94.0;407;280;127;18993;7989;11004;9237;4589;4648;9756;3400;6356
5058;20-24 jaar;2020;18788.0;14012.0;3958.0;720.0;98.0;410;281;129;19004;7998;11006;9321;4631;4690;9683;3367;6316
5059;20-24 jaar;2021;19079.0;14220.0;4026.0;739.0;100.0;412;282;130;19007;8001;11006;9388;4663;4725;9619;3338;6281
5060;20-24 jaar;2022;19301.0;14367.0;4079.0;753.0;102.0;414;283;131;19015;8009;11006;9437;4690;4747;9578;3319;6259
5061;20-24 jaar;2023;19365.0;14395.0;4096.0;763.0;103.0;410;280;130;19021;8015;11006;9447;4696;4751;9574;3319;6255
5062;20-24 jaar;2024;19352.0;14379.0;4098.0;771.0;104.0;404;276;128;19025;8019;11006;9439;4686;4753;9586;3333;6253
5063;20-24 jaar;2025;19125.0;14206.0;4046.0;765.0;103.0;397;271;126;19030;8024;11006;9382;4654;4728;9648;3370;6278
5064;20-24 jaar;2026;18941.0;14058.0;4006.0;761.0;104.0;390;267;123;19034;8028;11006;9341;4629;4712;9693;3399;6294
5065;20-24 jaar;2027;18729.0;13901.0;3963.0;757.0;102.0;385;263;122;19040;8034;11006;9300;4603;4697;9740;3431;6309
5066;20-24 jaar;2028;18477.0;13715.0;3908.0;749.0;101.0;376;258;118;19043;8037;11006;9246;4570;4676;9797;3467;6330
5067;20-24 jaar;2029;18243.0;13543.0;3857.0;741.0;101.0;370;253;117;19051;8045;11006;9198;4541;4657;9853;3504;6349
5068;20-24 jaar;2030;18037.0;13396.0;3811.0;734.0;101.0;364;249;115;19054;8048;11006;9153;4512;4641;9901;3536;6365
5069;20-24 jaar;2031;17881.0;13274.0;3774.0;730.0;99.0;358;245;113;19059;8053;11006;9116;4490;4626;9943;3563;6380
5070;20-24 jaar;2032;17772.0;13190.0;3746.0;727.0;99.0;353;242;111;19067;8061;11006;9082;4469;4613;9985;3592;6393
5071;20-24 jaar;2033;17684.0;13140.0;3727.0;725.0;98.0;351;241;110;19070;8064;11006;9063;4456;4607;10007;3608;6399
5072;20-24 jaar;2034;17654.0;13118.0;3719.0;723.0;99.0;349;239;110;19074;8068;11006;9054;4448;4606;10020;3620;6400
5073;20-24 jaar;2035;17670.0;13125.0;3719.0;725.0;100.0;349;239;110;19081;8075;11006;9050;4443;4607;10031;3632;6399
5074;20-24 jaar;2036;17706.0;13156.0;3724.0;727.0;100.0;348;238;110;19086;8080;11006;9058;4446;4612;10028;3634;6394
5075;20-24 jaar;2037;17777.0;13204.0;3735.0;732.0;100.0;348;238;110;19091;8085;11006;9070;4451;4619;10021;3634;6387
5076;20-24 jaar;2038;17857.0;13265.0;3750.0;736.0;100.0;347;238;109;19095;8089;11006;9088;4458;4630;10007;3631;6376
5077;20-24 jaar;2039;17951.0;13334.0;3769.0;741.0;100.0;347;238;109;19100;8094;11006;9112;4470;4642;9988;3624;6364
5078;20-24 jaar;2040;18062.0;13411.0;3793.0;746.0;102.0;347;238;109;19106;8100;11006;9134;4479;4655;9972;3621;6351
5079;20-24 jaar;2041;18159.0;13492.0;3811.0;753.0;103.0;347;238;109;19109;8103;11006;9163;4495;4668;9946;3608;6338
5080;20-24 jaar;2042;18278.0;13572.0;3832.0;758.0;103.0;347;238;109;19116;8110;11006;9191;4507;4684;9925;3603;6322
5081;20-24 jaar;2043;18368.0;13645.0;3850.0;762.0;104.0;347;238;109;19120;8114;11006;9216;4520;4696;9904;3594;6310
5082;20-24 jaar;2044;18461.0;13709.0;3869.0;766.0;105.0;347;238;109;19125;8119;11006;9237;4530;4707;9888;3589;6299
5083;20-24 jaar;2045;18544.0;13771.0;3887.0;771.0;105.0;347;238;109;19131;8125;11006;9263;4543;4720;9868;3582;6286
5084;20-24 jaar;2046;18618.0;13824.0;3903.0;773.0;106.0;346;238;108;19137;8131;11006;9280;4552;4728;9857;3579;6278
5085;20-24 jaar;2047;18680.0;13871.0;3916.0;776.0;107.0;346;238;108;19141;8135;11006;9297;4561;4736;9844;3574;6270
5086;20-24 jaar;2048;18732.0;13909.0;3928.0;778.0;107.0;346;238;108;19146;8140;11006;9310;4567;4743;9836;3573;6263
5087;20-24 jaar;2049;18774.0;13940.0;3938.0;780.0;107.0;346;238;108;19152;8146;11006;9324;4574;4750;9828;3572;6256
5088;25-29 jaar;2002;51556.0;30545.0;16072.0;3861.0;1078.0;462;317;145;20648;10764;9884;12976;6844;6132;7672;3920;3752
5089;25-29 jaar;2003;50317.0;29775.0;15703.0;3791.0;1046.0;446;305;141;18582;9627;8955;12869;6790;6079;5713;2837;2876
5090;25-29 jaar;2004;49491.0;29249.0;15463.0;3752.0;1022.0;437;297;140;17810;9187;8623;12710;6695;6015;5100;2492;2608
5091;25-29 jaar;2005;49417.0;29167.0;15464.0;3773.0;1018.0;433;293;140;17573;9005;8568;12639;6642;5997;4934;2363;2571
5092;25-29 jaar;2006;49549.0;29175.0;15533.0;3813.0;1020.0;430;289;141;17799;9059;8740;12615;6609;6006;5184;2450;2734
5093;25-29 jaar;2007;49605.0;29123.0;15606.0;3859.0;1021.0;427;285;142;18399;9324;9075;12655;6629;6026;5744;2695;3049
5094;25-29 jaar;2008;49497.0;28971.0;15618.0;3887.0;1021.0;421;279;142;19186;9693;9493;12714;6658;6056;6472;3035;3437
5095;25-29 jaar;2009;49550.0;28922.0;15689.0;3926.0;1024.0;419;278;141;19961;10057;9904;12889;6753;6136;7072;3304;3768
5096;25-29 jaar;2010;49342.0;28674.0;15676.0;3967.0;1014.0;415;274;141;20623;10370;10253;13078;6842;6236;7545;3528;4017
5097;25-29 jaar;2011;49596.0;28851.0;15736.0;3994.0;1013.0;414;273;141;21067;10582;10485;13315;6953;6362;7752;3629;4123
5098;25-29 jaar;2012;50346.0;29281.0;15971.0;4065.0;1027.0;419;276;143;21280;10681;10599;13560;7058;6502;7720;3623;4097
5099;25-29 jaar;2013;51291.0;29800.0;16290.0;4161.0;1045.0;420;276;144;21368;10719;10649;13781;7147;6634;7587;3572;4015
5100;25-29 jaar;2014;52155.0;30269.0;16579.0;4244.0;1064.0;423;278;145;21416;10741;10675;13951;7205;6746;7465;3536;3929
5101;25-29 jaar;2015;53036.0;30758.0;16864.0;4327.0;1080.0;427;279;148;21459;10759;10700;14130;7278;6852;7329;3481;3848
5102;25-29 jaar;2016;53635.0;31107.0;17047.0;4385.0;1090.0;430;281;149;21495;10774;10721;14256;7322;6934;7239;3452;3787
5103;25-29 jaar;2017;54197.0;31414.0;17232.0;4445.0;1102.0;429;281;148;21528;10789;10739;14336;7342;6994;7192;3447;3745
5104;25-29 jaar;2018;54737.0;31703.0;17428.0;4504.0;1114.0;429;280;149;21550;10798;10752;14383;7352;7031;7167;3446;3721
5105;25-29 jaar;2019;55172.0;31899.0;17582.0;4552.0;1123.0;429;279;150;21567;10807;10760;14402;7353;7049;7165;3454;3711
5106;25-29 jaar;2020;54966.0;31767.0;17531.0;4547.0;1122.0;423;274;149;21574;10809;10765;14347;7311;7036;7227;3498;3729
5107;25-29 jaar;2021;54640.0;31570.0;17422.0;4528.0;1114.0;415;270;145;21576;10811;10765;14302;7284;7018;7274;3527;3747
5108;25-29 jaar;2022;54535.0;31517.0;17390.0;4526.0;1109.0;413;268;145;21575;10810;10765;14282;7265;7017;7293;3545;3748
5109;25-29 jaar;2023;54675.0;31609.0;17414.0;4538.0;1111.0;411;267;144;21579;10814;10765;14316;7281;7035;7263;3533;3730
5110;25-29 jaar;2024;54861.0;31744.0;17440.0;4554.0;1110.0;410;266;144;21579;10814;10765;14359;7299;7060;7220;3515;3705
5111;25-29 jaar;2025;55539.0;32168.0;17642.0;4616.0;1121.0;411;268;143;21584;10819;10765;14456;7347;7109;7128;3472;3656
5112;25-29 jaar;2026;56293.0;32579.0;17893.0;4687.0;1136.0;414;269;145;21583;10818;10765;14519;7375;7144;7064;3443;3621
5113;25-29 jaar;2027;56793.0;32826.0;18077.0;4743.0;1151.0;413;268;145;21585;10820;10765;14552;7393;7159;7033;3427;3606
5114;25-29 jaar;2028;56909.0;32867.0;18125.0;4757.0;1154.0;411;267;144;21586;10821;10765;14543;7385;7158;7043;3436;3607
5115;25-29 jaar;2029;56792.0;32762.0;18108.0;4757.0;1155.0;408;265;143;21588;10823;10765;14506;7363;7143;7082;3460;3622
5116;25-29 jaar;2030;56170.0;32406.0;17907.0;4710.0;1142.0;399;259;140;21589;10824;10765;14420;7316;7104;7169;3508;3661
5117;25-29 jaar;2031;55637.0;32084.0;17739.0;4669.0;1131.0;393;255;138;21592;10827;10765;14348;7273;7075;7244;3554;3690
5118;25-29 jaar;2032;55031.0;31733.0;17554.0;4624.0;1119.0;388;253;135;21593;10828;10765;14271;7229;7042;7322;3599;3723
5119;25-29 jaar;2033;54366.0;31345.0;17338.0;4573.0;1106.0;382;248;134;21596;10831;10765;14190;7181;7009;7406;3650;3756
5120;25-29 jaar;2034;53755.0;30991.0;17133.0;4521.0;1092.0;373;243;130;21595;10830;10765;14118;7138;6980;7477;3692;3785
5121;25-29 jaar;2035;53214.0;30691.0;16958.0;4478.0;1079.0;368;239;129;21599;10834;10765;14053;7099;6954;7546;3735;3811
5122;25-29 jaar;2036;52792.0;30452.0;16815.0;4445.0;1069.0;363;236;127;21600;10835;10765;14003;7069;6934;7597;3766;3831
5123;25-29 jaar;2037;52498.0;30289.0;16712.0;4421.0;1063.0;357;232;125;21602;10837;10765;13967;7046;6921;7635;3791;3844
5124;25-29 jaar;2038;52306.0;30194.0;16647.0;4407.0;1058.0;355;231;124;21602;10837;10765;13947;7032;6915;7655;3805;3850
5125;25-29 jaar;2039;52250.0;30163.0;16622.0;4405.0;1056.0;351;229;122;21605;10840;10765;13938;7024;6914;7667;3816;3851
5126;25-29 jaar;2040;52284.0;30187.0;16629.0;4410.0;1056.0;350;228;122;21605;10840;10765;13945;7025;6920;7660;3815;3845
5127;25-29 jaar;2041;52408.0;30258.0;16662.0;4421.0;1060.0;350;228;122;21609;10844;10765;13959;7031;6928;7650;3813;3837
5128;25-29 jaar;2042;52576.0;30361.0;16715.0;4437.0;1061.0;349;228;121;21610;10845;10765;13984;7042;6942;7626;3803;3823
5129;25-29 jaar;2043;52801.0;30491.0;16784.0;4457.0;1065.0;349;228;121;21610;10845;10765;14013;7058;6955;7597;3787;3810
5130;25-29 jaar;2044;53057.0;30636.0;16868.0;4483.0;1073.0;350;228;122;21612;10847;10765;14048;7073;6975;7564;3774;3790
5131;25-29 jaar;2045;53340.0;30790.0;16959.0;4509.0;1075.0;349;228;121;21616;10851;10765;14087;7095;6992;7529;3756;3773
5132;25-29 jaar;2046;53624.0;30947.0;17054.0;4533.0;1083.0;349;228;121;21614;10849;10765;14127;7115;7012;7487;3734;3753
5133;25-29 jaar;2047;53891.0;31094.0;17153.0;4554.0;1089.0;349;228;121;21618;10853;10765;14165;7134;7031;7453;3719;3734
5134;25-29 jaar;2048;54131.0;31212.0;17246.0;4576.0;1096.0;350;228;122;21618;10853;10765;14201;7154;7047;7417;3699;3718
5135;25-29 jaar;2049;54378.0;31351.0;17330.0;4596.0;1101.0;349;228;121;21620;10855;10765;14235;7173;7062;7385;3682;3703
5136;30-34 jaar;2002;85423.0;34846.0;36012.0;11060.0;3501.0;767;478;289;16631;9093;7538;13874;7981;5893;2757;1112;1645
5137;30-34 jaar;2003;83435.0;32700.0;35890.0;10892.0;3951.0;737;455;282;15124;8258;6866;13523;7731;5792;1601;527;1074
5138;30-34 jaar;2004;79814.0;31066.0;34512.0;10430.0;3806.0;697;425;272;14494;7878;6616;13062;7419;5643;1432;459;973
5139;30-34 jaar;2005;76034.0;29490.0;33036.0;9873.0;3637.0;654;397;257;14290;7718;6572;12565;7110;5455;1725;608;1117
5140;30-34 jaar;2006;72772.0;28203.0;31738.0;9359.0;3481.0;619;374;245;14434;7748;6686;12195;6889;5306;2239;859;1380
5141;30-34 jaar;2007;70132.0;27252.0;30701.0;8837.0;3350.0;591;355;236;14880;7961;6919;11915;6716;5199;2965;1245;1720
5142;30-34 jaar;2008;68908.0;26808.0;30249.0;8565.0;3293.0;574;343;231;15486;8266;7220;11833;6656;5177;3653;1610;2043
5143;30-34 jaar;2009;68132.0;26515.0;30045.0;8303.0;3262.0;563;333;230;16087;8573;7514;11826;6635;5191;4261;1938;2323
5144;30-34 jaar;2010;68593.0;26827.0;30274.0;8218.0;3281.0;559;330;229;16606;8836;7770;11952;6684;5268;4654;2152;2502
5145;30-34 jaar;2011;68846.0;26870.0;30493.0;8181.0;3303.0;557;327;230;16962;9017;7945;12123;6760;5363;4839;2257;2582
5146;30-34 jaar;2012;68787.0;26731.0;30587.0;8146.0;3322.0;552;323;229;17147;9110;8037;12311;6857;5454;4836;2253;2583
5147;30-34 jaar;2013;68504.0;26529.0;30557.0;8078.0;3327.0;548;320;228;17231;9150;8081;12469;6937;5532;4762;2213;2549
5148;30-34 jaar;2014;68478.0;26482.0;30623.0;8040.0;3342.0;545;318;227;17275;9170;8105;12651;7035;5616;4624;2135;2489
5149;30-34 jaar;2015;68453.0;26479.0;30651.0;7977.0;3340.0;540;314;226;17315;9190;8125;12796;7106;5690;4519;2084;2435
5150;30-34 jaar;2016;68946.0;26707.0;30915.0;7976.0;3355.0;539;313;226;17355;9208;8147;12941;7176;5765;4414;2032;2382
5151;30-34 jaar;2017;69825.0;27014.0;31370.0;8038.0;3402.0;542;314;228;17387;9225;8162;13065;7234;5831;4322;1991;2331
5152;30-34 jaar;2018;70761.0;27306.0;31859.0;8122.0;3462.0;547;316;231;17414;9239;8175;13177;7279;5898;4237;1960;2277
5153;30-34 jaar;2019;71605.0;27576.0;32296.0;8195.0;3519.0;550;317;233;17429;9246;8183;13252;7304;5948;4177;1942;2235
5154;30-34 jaar;2020;72609.0;27962.0;32791.0;8279.0;3575.0;555;320;235;17431;9247;8184;13355;7347;6008;4076;1900;2176
5155;30-34 jaar;2021;73341.0;28247.0;33154.0;8327.0;3612.0;556;321;235;17434;9250;8184;13419;7367;6052;4015;1883;2132
5156;30-34 jaar;2022;73863.0;28406.0;33447.0;8365.0;3649.0;556;321;235;17436;9252;8184;13457;7374;6083;3979;1878;2101
5157;30-34 jaar;2023;74281.0;28504.0;33685.0;8398.0;3683.0;556;320;236;17439;9255;8184;13474;7371;6103;3965;1884;2081
5158;30-34 jaar;2024;74519.0;28561.0;33839.0;8412.0;3711.0;555;319;236;17443;9259;8184;13478;7366;6112;3965;1893;2072
5159;30-34 jaar;2025;74145.0;28385.0;33691.0;8346.0;3699.0;549;315;234;17444;9260;8184;13426;7327;6099;4018;1933;2085
5160;30-34 jaar;2026;73603.0;28175.0;33479.0;8266.0;3679.0;541;311;230;17450;9266;8184;13386;7302;6084;4064;1964;2100
5161;30-34 jaar;2027;73469.0;28140.0;33427.0;8226.0;3675.0;535;309;226;17450;9266;8184;13364;7281;6083;4086;1985;2101
5162;30-34 jaar;2028;73761.0;28305.0;33554.0;8225.0;3682.0;533;307;226;17455;9271;8184;13387;7289;6098;4068;1982;2086
5163;30-34 jaar;2029;74171.0;28500.0;33730.0;8235.0;3691.0;531;306;225;17456;9272;8184;13413;7300;6113;4043;1972;2071
5164;30-34 jaar;2030;75132.0;28894.0;34173.0;8314.0;3736.0;535;308;227;17459;9275;8184;13485;7337;6148;3974;1938;2036
5165;30-34 jaar;2031;75866.0;29143.0;34546.0;8389.0;3785.0;536;309;227;17461;9277;8184;13525;7355;6170;3936;1922;2014
5166;30-34 jaar;2032;76230.0;29232.0;34747.0;8428.0;3817.0;537;310;227;17463;9279;8184;13544;7365;6179;3919;1914;2005
5167;30-34 jaar;2033;76182.0;29188.0;34745.0;8413.0;3826.0;532;307;225;17465;9281;8184;13529;7355;6174;3936;1926;2010
5168;30-34 jaar;2034;75817.0;29032.0;34605.0;8368.0;3819.0;528;304;224;17467;9283;8184;13495;7334;6161;3972;1949;2023
5169;30-34 jaar;2035;75018.0;28725.0;34242.0;8265.0;3779.0;518;299;219;17469;9285;8184;13431;7297;6134;4038;1988;2050
5170;30-34 jaar;2036;74248.0;28426.0;33902.0;8168.0;3744.0;509;293;216;17473;9289;8184;13372;7261;6111;4101;2028;2073
5171;30-34 jaar;2037;73426.0;28114.0;33533.0;8067.0;3707.0;501;289;212;17475;9291;8184;13316;7224;6092;4159;2067;2092
5172;30-34 jaar;2038;72560.0;27795.0;33141.0;7959.0;3664.0;494;284;210;17477;9293;8184;13257;7188;6069;4220;2105;2115
5173;30-34 jaar;2039;71789.0;27514.0;32784.0;7861.0;3625.0;484;279;205;17481;9297;8184;13206;7155;6051;4275;2142;2133
5174;30-34 jaar;2040;71145.0;27284.0;32485.0;7777.0;3590.0;477;275;202;17483;9299;8184;13161;7127;6034;4322;2172;2150
5175;30-34 jaar;2041;70629.0;27114.0;32254.0;7709.0;3562.0;470;272;198;17486;9302;8184;13128;7107;6021;4358;2195;2163
5176;30-34 jaar;2042;70308.0;27005.0;32096.0;7661.0;3543.0;465;269;196;17488;9304;8184;13108;7091;6017;4380;2213;2167
5177;30-34 jaar;2043;70130.0;26956.0;32009.0;7629.0;3531.0;460;266;194;17492;9308;8184;13096;7083;6013;4396;2225;2171
5178;30-34 jaar;2044;70093.0;26960.0;31988.0;7615.0;3527.0;457;264;193;17494;9310;8184;13095;7081;6014;4399;2229;2170
5179;30-34 jaar;2045;70183.0;27006.0;32020.0;7613.0;3528.0;455;263;192;17496;9312;8184;13106;7087;6019;4390;2225;2165
5180;30-34 jaar;2046;70348.0;27092.0;32098.0;7623.0;3538.0;455;263;192;17498;9314;8184;13123;7096;6027;4375;2218;2157
5181;30-34 jaar;2047;70620.0;27204.0;32210.0;7642.0;3550.0;453;263;190;17500;9316;8184;13148;7110;6038;4352;2206;2146
5182;30-34 jaar;2048;70915.0;27335.0;32348.0;7668.0;3564.0;453;263;190;17502;9318;8184;13173;7124;6049;4329;2194;2135
5183;30-34 jaar;2049;71275.0;27483.0;32506.0;7701.0;3580.0;452;262;190;17505;9321;8184;13203;7142;6061;4302;2179;2123
5184;35-39 jaar;2002;38897.0;10421.0;16031.0;8371.0;4066.0;1112;700;412;11324;6310;5014;11018;6740;4278;306;-430;736
5185;35-39 jaar;2003;40360.0;10482.0;16573.0;8528.0;4772.0;1092;682;410;10362;5780;4582;10996;6696;4300;-634;-916;282
5186;35-39 jaar;2004;41224.0;10840.0;16941.0;8626.0;4828.0;1081;669;412;9947;5527;4420;10917;6618;4299;-970;-1091;121
5187;35-39 jaar;2005;41662.0;11046.0;17106.0;8654.0;4872.0;1067;655;412;9810;5421;4389;10841;6530;4311;-1031;-1109;78
5188;35-39 jaar;2006;41591.0;11109.0;17017.0;8587.0;4879.0;1053;642;411;9906;5446;4460;10715;6403;4312;-809;-957;148
5189;35-39 jaar;2007;41033.0;11038.0;16734.0;8435.0;4830.0;1031;624;407;10208;5596;4612;10566;6277;4289;-358;-681;323
5190;35-39 jaar;2008;39641.0;10718.0;16101.0;8130.0;4706.0;997;598;399;10609;5807;4802;10340;6108;4232;269;-301;570
5191;35-39 jaar;2009;38015.0;10326.0;15406.0;7762.0;4514.0;945;563;382;11009;6019;4990;10104;5934;4170;905;85;820
5192;35-39 jaar;2010;36482.0;10024.0;14742.0;7383.0;4332.0;892;528;364;11355;6203;5152;9885;5782;4103;1470;421;1049
5193;35-39 jaar;2011;35236.0;9712.0;14238.0;7096.0;4181.0;844;497;347;11600;6332;5268;9759;5695;4064;1841;637;1204
5194;35-39 jaar;2012;34360.0;9501.0;13907.0;6877.0;4076.0;805;473;332;11731;6398;5333;9682;5633;4049;2049;765;1284
5195;35-39 jaar;2013;34098.0;9462.0;13815.0;6785.0;4043.0;785;459;326;11797;6433;5364;9709;5636;4073;2088;797;1291
5196;35-39 jaar;2014;34014.0;9467.0;13779.0;6731.0;4028.0;768;448;320;11833;6450;5383;9750;5642;4108;2083;808;1275
5197;35-39 jaar;2015;34350.0;9578.0;13937.0;6768.0;4061.0;765;445;320;11864;6464;5400;9847;5683;4164;2017;781;1236
5198;35-39 jaar;2016;34581.0;9657.0;14028.0;6792.0;4098.0;761;441;320;11894;6479;5415;9958;5731;4227;1936;748;1188
5199;35-39 jaar;2017;34507.0;9643.0;13985.0;6770.0;4107.0;754;437;317;11921;6494;5427;10060;5782;4278;1861;712;1149
5200;35-39 jaar;2018;34365.0;9610.0;13920.0;6735.0;4103.0;747;432;315;11938;6501;5437;10145;5825;4320;1793;676;1117
5201;35-39 jaar;2019;34466.0;9652.0;13963.0;6735.0;4118.0;744;430;314;11953;6509;5444;10248;5879;4369;1705;630;1075
5202;35-39 jaar;2020;34669.0;9730.0;14062.0;6745.0;4135.0;736;424;312;11959;6513;5446;10328;5921;4407;1631;592;1039
5203;35-39 jaar;2021;35166.0;9888.0;14278.0;6808.0;4186.0;734;423;311;11960;6514;5446;10410;5960;4450;1550;554;996
5204;35-39 jaar;2022;35663.0;10039.0;14472.0;6887.0;4251.0;739;426;313;11960;6514;5446;10485;5997;4488;1475;517;958
5205;35-39 jaar;2023;36078.0;10166.0;14638.0;6966.0;4316.0;744;429;315;11962;6516;5446;10554;6027;4527;1408;489;919
5206;35-39 jaar;2024;36517.0;10292.0;14799.0;7041.0;4377.0;748;430;318;11964;6518;5446;10604;6043;4561;1360;475;885
5207;35-39 jaar;2025;37102.0;10474.0;15047.0;7140.0;4448.0;753;433;320;11966;6520;5446;10673;6075;4598;1293;445;848
5208;35-39 jaar;2026;37519.0;10605.0;15221.0;7205.0;4504.0;755;434;321;11968;6522;5446;10719;6092;4627;1249;430;819
5209;35-39 jaar;2027;37770.0;10670.0;15297.0;7243.0;4543.0;754;433;321;11968;6522;5446;10749;6100;4649;1219;422;797
5210;35-39 jaar;2028;37879.0;10705.0;15332.0;7269.0;4571.0;754;434;320;11970;6524;5446;10765;6101;4664;1205;423;782
5211;35-39 jaar;2029;37976.0;10734.0;15362.0;7284.0;4592.0;754;433;321;11971;6525;5446;10772;6100;4672;1199;425;774
5212;35-39 jaar;2030;37752.0;10675.0;15259.0;7239.0;4576.0;744;427;317;11973;6527;5446;10744;6075;4669;1229;452;777
5213;35-39 jaar;2031;37507.0;10608.0;15156.0;7183.0;4551.0;735;423;312;11974;6528;5446;10720;6060;4660;1254;468;786
5214;35-39 jaar;2032;37512.0;10620.0;15170.0;7170.0;4547.0;728;418;310;11975;6529;5446;10708;6047;4661;1267;482;785
5215;35-39 jaar;2033;37787.0;10713.0;15303.0;7205.0;4576.0;725;417;308;11976;6530;5446;10731;6058;4673;1245;472;773
5216;35-39 jaar;2034;38094.0;10806.0;15430.0;7243.0;4609.0;722;415;307;11979;6533;5446;10754;6068;4686;1225;465;760
5217;35-39 jaar;2035;38632.0;10966.0;15659.0;7334.0;4673.0;726;417;309;11981;6535;5446;10811;6098;4713;1170;437;733
5218;35-39 jaar;2036;38898.0;11037.0;15741.0;7389.0;4720.0;730;419;311;11982;6536;5446;10845;6116;4729;1137;420;717
5219;35-39 jaar;2037;38955.0;11052.0;15749.0;7411.0;4742.0;729;420;309;11983;6537;5446;10862;6126;4736;1121;411;710
5220;35-39 jaar;2038;38859.0;11025.0;15701.0;7395.0;4740.0;726;418;308;11984;6538;5446;10862;6125;4737;1122;413;709
5221;35-39 jaar;2039;38627.0;10958.0;15590.0;7353.0;4719.0;720;414;306;11987;6541;5446;10844;6114;4730;1143;427;716
5222;35-39 jaar;2040;38201.0;10845.0;15422.0;7270.0;4672.0;708;406;302;11989;6543;5446;10804;6090;4714;1185;453;732
5223;35-39 jaar;2041;37800.0;10731.0;15252.0;7191.0;4628.0;697;400;297;11990;6544;5446;10771;6068;4703;1219;476;743
5224;35-39 jaar;2042;37371.0;10612.0;15078.0;7109.0;4581.0;686;395;291;11991;6545;5446;10735;6045;4690;1256;500;756
5225;35-39 jaar;2043;36958.0;10497.0;14907.0;7021.0;4530.0;671;387;284;11995;6549;5446;10702;6024;4678;1293;525;768
5226;35-39 jaar;2044;36586.0;10397.0;14762.0;6946.0;4486.0;660;381;279;11995;6549;5446;10671;6004;4667;1324;545;779
5227;35-39 jaar;2045;36295.0;10315.0;14644.0;6884.0;4449.0;651;375;276;11996;6550;5446;10647;5989;4658;1349;561;788
5228;35-39 jaar;2046;36071.0;10257.0;14557.0;6835.0;4421.0;642;370;272;12000;6554;5446;10630;5977;4653;1370;577;793
5229;35-39 jaar;2047;35926.0;10221.0;14500.0;6802.0;4402.0;635;366;269;12000;6554;5446;10620;5971;4649;1380;583;797
5230;35-39 jaar;2048;35866.0;10206.0;14479.0;6781.0;4395.0;629;362;267;12001;6555;5446;10620;5971;4649;1381;584;797
5231;35-39 jaar;2049;35862.0;10210.0;14481.0;6777.0;4395.0;627;361;266;12003;6557;5446;10626;5975;4651;1377;582;795
5232;40-44 jaar;2002;6013.0;1413.0;2056.0;1284.0;1266.0;1793;1079;714;7054;3985;3069;7617;4670;2947;-563;-685;122
5233;40-44 jaar;2003;6510.0;1446.0;2154.0;1393.0;1520.0;1799;1074;725;6462;3656;2806;7731;4750;2981;-1269;-1094;-175
5234;40-44 jaar;2004;6746.0;1517.0;2211.0;1464.0;1554.0;1801;1069;732;6232;3512;2720;7843;4821;3022;-1611;-1309;-302
5235;40-44 jaar;2005;6864.0;1559.0;2233.0;1508.0;1567.0;1802;1062;740;6175;3466;2709;7851;4826;3025;-1676;-1360;-316
5236;40-44 jaar;2006;6892.0;1575.0;2230.0;1525.0;1571.0;1788;1047;741;6255;3496;2759;7843;4823;3020;-1588;-1327;-261
5237;40-44 jaar;2007;6938.0;1599.0;2231.0;1550.0;1575.0;1769;1029;740;6453;3600;2853;7815;4788;3027;-1362;-1188;-174
5238;40-44 jaar;2008;7046.0;1632.0;2248.0;1581.0;1577.0;1745;1008;737;6719;3749;2970;7807;4764;3043;-1088;-1015;-73
5239;40-44 jaar;2009;7261.0;1692.0;2307.0;1641.0;1616.0;1727;992;735;6985;3896;3089;7811;4749;3062;-826;-853;27
5240;40-44 jaar;2010;7368.0;1733.0;2329.0;1666.0;1631.0;1708;974;734;7212;4022;3190;7836;4741;3095;-624;-719;95
5241;40-44 jaar;2011;7295.0;1717.0;2299.0;1662.0;1625.0;1687;956;731;7375;4112;3263;7839;4712;3127;-464;-600;136
5242;40-44 jaar;2012;7130.0;1683.0;2246.0;1609.0;1596.0;1661;936;725;7462;4158;3304;7831;4684;3147;-369;-526;157
5243;40-44 jaar;2013;6854.0;1605.0;2139.0;1558.0;1535.0;1608;901;707;7504;4181;3323;7747;4612;3135;-243;-431;188
5244;40-44 jaar;2014;6535.0;1534.0;2042.0;1483.0;1476.0;1526;850;676;7524;4191;3333;7629;4515;3114;-105;-324;219
5245;40-44 jaar;2015;6304.0;1473.0;1960.0;1444.0;1426.0;1445;801;644;7550;4207;3343;7502;4422;3080;48;-215;263
5246;40-44 jaar;2016;6164.0;1437.0;1907.0;1427.0;1389.0;1368;757;611;7565;4214;3351;7416;4360;3056;149;-146;295
5247;40-44 jaar;2017;6091.0;1416.0;1879.0;1432.0;1368.0;1306;722;584;7582;4223;3359;7353;4312;3041;229;-89;318
5248;40-44 jaar;2018;6109.0;1417.0;1880.0;1452.0;1368.0;1270;701;569;7594;4228;3366;7355;4303;3052;239;-75;314
5249;40-44 jaar;2019;6143.0;1422.0;1885.0;1472.0;1367.0;1244;686;558;7603;4233;3370;7371;4300;3071;232;-67;299
5250;40-44 jaar;2020;6239.0;1442.0;1912.0;1506.0;1386.0;1237;680;557;7604;4234;3370;7428;4322;3106;176;-88;264
5251;40-44 jaar;2021;6316.0;1453.0;1929.0;1529.0;1401.0;1228;673;555;7606;4236;3370;7493;4350;3143;113;-114;227
5252;40-44 jaar;2022;6297.0;1443.0;1917.0;1532.0;1395.0;1222;669;553;7608;4238;3370;7553;4378;3175;55;-140;195
5253;40-44 jaar;2023;6249.0;1432.0;1904.0;1532.0;1390.0;1211;662;549;7608;4238;3370;7603;4402;3201;5;-164;169
5254;40-44 jaar;2024;6302.0;1440.0;1914.0;1550.0;1397.0;1205;660;545;7608;4238;3370;7669;4438;3231;-61;-200;139
5255;40-44 jaar;2025;6379.0;1459.0;1936.0;1577.0;1412.0;1193;653;540;7609;4239;3370;7717;4463;3254;-108;-224;116
5256;40-44 jaar;2026;6521.0;1491.0;1978.0;1617.0;1436.0;1189;651;538;7610;4240;3370;7777;4492;3285;-167;-252;85
5257;40-44 jaar;2027;6630.0;1513.0;2006.0;1649.0;1461.0;1195;655;540;7610;4240;3370;7834;4522;3312;-224;-282;58
5258;40-44 jaar;2028;6697.0;1524.0;2025.0;1672.0;1477.0;1204;659;545;7611;4241;3370;7884;4545;3339;-273;-304;31
5259;40-44 jaar;2029;6786.0;1541.0;2045.0;1699.0;1496.0;1209;660;549;7612;4242;3370;7923;4561;3362;-311;-319;8
5260;40-44 jaar;2030;6921.0;1572.0;2087.0;1736.0;1524.0;1219;666;553;7612;4242;3370;7979;4588;3391;-367;-346;-21
5261;40-44 jaar;2031;7026.0;1591.0;2113.0;1768.0;1543.0;1222;669;553;7613;4243;3370;8016;4603;3413;-403;-360;-43
5262;40-44 jaar;2032;7057.0;1597.0;2120.0;1781.0;1553.0;1223;669;554;7613;4243;3370;8044;4614;3430;-431;-371;-60
5263;40-44 jaar;2033;7058.0;1596.0;2119.0;1789.0;1558.0;1222;668;554;7614;4244;3370;8061;4619;3442;-447;-375;-72
5264;40-44 jaar;2034;7077.0;1598.0;2119.0;1795.0;1561.0;1222;669;553;7615;4245;3370;8076;4624;3452;-461;-379;-82
5265;40-44 jaar;2035;7046.0;1584.0;2104.0;1789.0;1552.0;1210;662;548;7615;4245;3370;8064;4612;3452;-449;-367;-82
5266;40-44 jaar;2036;6996.0;1576.0;2092.0;1783.0;1542.0;1196;654;542;7616;4246;3370;8053;4605;3448;-437;-359;-78
5267;40-44 jaar;2037;7028.0;1581.0;2099.0;1790.0;1547.0;1185;648;537;7618;4248;3370;8057;4604;3453;-439;-356;-83
5268;40-44 jaar;2038;7126.0;1603.0;2130.0;1819.0;1564.0;1180;646;534;7619;4249;3370;8076;4613;3463;-457;-364;-93
5269;40-44 jaar;2039;7198.0;1621.0;2154.0;1843.0;1580.0;1174;643;531;7621;4251;3370;8101;4627;3474;-480;-376;-104
5270;40-44 jaar;2040;7326.0;1645.0;2190.0;1878.0;1606.0;1181;647;534;7621;4251;3370;8150;4654;3496;-529;-403;-126
5271;40-44 jaar;2041;7346.0;1649.0;2196.0;1886.0;1615.0;1185;649;536;7621;4251;3370;8179;4669;3510;-558;-418;-140
5272;40-44 jaar;2042;7339.0;1645.0;2189.0;1886.0;1615.0;1187;651;536;7621;4251;3370;8198;4682;3516;-577;-431;-146
5273;40-44 jaar;2043;7320.0;1638.0;2180.0;1884.0;1611.0;1181;647;534;7622;4252;3370;8206;4686;3520;-584;-434;-150
5274;40-44 jaar;2044;7261.0;1624.0;2162.0;1870.0;1599.0;1172;642;530;7622;4252;3370;8197;4682;3515;-575;-430;-145
5275;40-44 jaar;2045;7195.0;1608.0;2140.0;1856.0;1584.0;1151;631;520;7623;4253;3370;8173;4669;3504;-550;-416;-134
5276;40-44 jaar;2046;7103.0;1589.0;2117.0;1837.0;1567.0;1136;622;514;7625;4255;3370;8154;4657;3497;-529;-402;-127
5277;40-44 jaar;2047;7034.0;1570.0;2093.0;1820.0;1551.0;1117;613;504;7625;4255;3370;8134;4644;3490;-509;-389;-120
5278;40-44 jaar;2048;6972.0;1555.0;2071.0;1803.0;1535.0;1099;602;497;7627;4257;3370;8116;4632;3484;-489;-375;-114
5279;40-44 jaar;2049;6908.0;1540.0;2054.0;1790.0;1523.0;1080;593;487;7628;4258;3370;8100;4623;3477;-472;-365;-107
5280;45-49 jaar;2002;214.0;34.0;37.0;41.0;105.0;2916;1684;1232;4724;2774;1950;5141;3104;2037;-417;-330;-87
5281;45-49 jaar;2003;240.0;38.0;39.0;44.0;125.0;2919;1670;1249;4349;2554;1795;5233;3164;2069;-884;-610;-274
5282;45-49 jaar;2004;246.0;41.0;44.0;49.0;130.0;2937;1666;1271;4209;2460;1749;5304;3210;2094;-1095;-750;-345
5283;45-49 jaar;2005;272.0;41.0;48.0;53.0;130.0;2957;1668;1289;4186;2441;1745;5422;3289;2133;-1236;-848;-388
5284;45-49 jaar;2006;278.0;44.0;49.0;56.0;135.0;2979;1666;1313;4256;2471;1785;5478;3324;2154;-1222;-853;-369
5285;45-49 jaar;2007;281.0;46.0;47.0;59.0;136.0;2996;1665;1331;4394;2552;1842;5556;3379;2177;-1162;-827;-335
5286;45-49 jaar;2008;296.0;49.0;49.0;64.0;141.0;3015;1667;1348;4573;2660;1913;5644;3435;2209;-1071;-775;-296
5287;45-49 jaar;2009;300.0;50.0;50.0;67.0;143.0;3025;1664;1361;4752;2763;1989;5750;3500;2250;-998;-737;-261
5288;45-49 jaar;2010;298.0;52.0;49.0;68.0;142.0;3028;1658;1370;4907;2860;2047;5804;3534;2270;-897;-674;-223
5289;45-49 jaar;2011;293.0;53.0;48.0;67.0;143.0;3003;1637;1366;5019;2927;2092;5861;3570;2291;-842;-643;-199
5290;45-49 jaar;2012;291.0;53.0;46.0;67.0;143.0;2975;1616;1359;5078;2961;2117;5893;3578;2315;-815;-617;-198
5291;45-49 jaar;2013;292.0;53.0;45.0;69.0;144.0;2935;1587;1348;5103;2978;2125;5931;3591;2340;-828;-613;-215
5292;45-49 jaar;2014;314.0;58.0;46.0;71.0;150.0;2903;1564;1339;5115;2984;2131;5966;3599;2367;-851;-615;-236
5293;45-49 jaar;2015;313.0;57.0;45.0;72.0;151.0;2877;1541;1336;5134;2994;2140;6008;3609;2399;-874;-615;-259
5294;45-49 jaar;2016;305.0;55.0;43.0;70.0;149.0;2844;1518;1326;5147;3001;2146;6023;3598;2425;-876;-597;-279
5295;45-49 jaar;2017;294.0;54.0;41.0;67.0;143.0;2795;1485;1310;5156;3007;2149;6020;3580;2440;-864;-573;-291
5296;45-49 jaar;2018;277.0;50.0;38.0;64.0;136.0;2711;1436;1275;5160;3009;2151;5962;3530;2432;-802;-521;-281
5297;45-49 jaar;2019;265.0;49.0;34.0;60.0;131.0;2575;1360;1215;5168;3013;2155;5874;3460;2414;-706;-447;-259
5298;45-49 jaar;2020;253.0;46.0;33.0;58.0;127.0;2435;1282;1153;5171;3015;2156;5773;3387;2386;-602;-372;-230
5299;45-49 jaar;2021;249.0;45.0;30.0;57.0;126.0;2310;1214;1096;5172;3016;2156;5698;3334;2364;-526;-318;-208
5300;45-49 jaar;2022;256.0;45.0;30.0;58.0;124.0;2209;1160;1049;5174;3018;2156;5647;3295;2352;-473;-277;-196
5301;45-49 jaar;2023;258.0;46.0;31.0;58.0;126.0;2149;1128;1021;5174;3018;2156;5640;3284;2356;-466;-266;-200
5302;45-49 jaar;2024;256.0;45.0;30.0;58.0;125.0;2107;1105;1002;5175;3019;2156;5646;3278;2368;-471;-259;-212
5303;45-49 jaar;2025;261.0;46.0;30.0;60.0;126.0;2095;1097;998;5176;3020;2156;5684;3291;2393;-508;-271;-237
5304;45-49 jaar;2026;271.0;45.0;28.0;61.0;128.0;2083;1088;995;5176;3020;2156;5725;3308;2417;-549;-288;-261
5305;45-49 jaar;2027;268.0;45.0;27.0;61.0;127.0;2072;1082;990;5177;3021;2156;5764;3325;2439;-587;-304;-283
5306;45-49 jaar;2028;265.0;46.0;26.0;60.0;126.0;2054;1073;981;5177;3021;2156;5799;3342;2457;-622;-321;-301
5307;45-49 jaar;2029;268.0;46.0;27.0;60.0;126.0;2044;1068;976;5178;3022;2156;5850;3368;2482;-672;-346;-326
5308;45-49 jaar;2030;261.0;46.0;26.0;62.0;128.0;2024;1058;966;5178;3022;2156;5888;3388;2500;-710;-366;-344
5309;45-49 jaar;2031;267.0;45.0;26.0;63.0;132.0;2019;1055;964;5179;3023;2156;5934;3413;2521;-755;-390;-365
5310;45-49 jaar;2032;271.0;47.0;23.0;63.0;134.0;2030;1061;969;5179;3023;2156;5979;3437;2542;-800;-414;-386
5311;45-49 jaar;2033;271.0;46.0;23.0;64.0;134.0;2047;1069;978;5180;3024;2156;6026;3456;2570;-846;-432;-414
5312;45-49 jaar;2034;274.0;48.0;23.0;67.0;135.0;2059;1075;984;5180;3024;2156;6060;3470;2590;-880;-446;-434
5313;45-49 jaar;2035;281.0;49.0;24.0;68.0;138.0;2073;1084;989;5180;3024;2156;6105;3494;2611;-925;-470;-455
5314;45-49 jaar;2036;272.0;49.0;23.0;68.0;139.0;2081;1089;992;5180;3024;2156;6137;3507;2630;-957;-483;-474
5315;45-49 jaar;2037;271.0;48.0;23.0;68.0;138.0;2082;1089;993;5181;3025;2156;6163;3517;2646;-982;-492;-490
5316;45-49 jaar;2038;271.0;48.0;21.0;67.0;139.0;2085;1090;995;5181;3025;2156;6189;3528;2661;-1008;-503;-505
5317;45-49 jaar;2039;272.0;48.0;21.0;68.0;140.0;2085;1092;993;5181;3025;2156;6204;3534;2670;-1023;-509;-514
5318;45-49 jaar;2040;269.0;48.0;19.0;67.0;139.0;2063;1080;983;5182;3026;2156;6197;3527;2670;-1015;-501;-514
5319;45-49 jaar;2041;267.0;48.0;18.0;67.0;139.0;2037;1067;970;5183;3027;2156;6195;3526;2669;-1012;-499;-513
5320;45-49 jaar;2042;268.0;48.0;17.0;66.0;137.0;2020;1057;963;5183;3027;2156;6200;3528;2672;-1017;-501;-516
5321;45-49 jaar;2043;272.0;50.0;18.0;67.0;139.0;2014;1056;958;5183;3027;2156;6223;3540;2683;-1040;-513;-527
5322;45-49 jaar;2044;276.0;49.0;16.0;68.0;141.0;2007;1052;955;5183;3027;2156;6247;3554;2693;-1064;-527;-537
5323;45-49 jaar;2045;280.0;51.0;16.0;69.0;143.0;2018;1058;960;5183;3027;2156;6286;3576;2710;-1103;-549;-554
5324;45-49 jaar;2046;280.0;50.0;15.0;68.0;143.0;2025;1061;964;5184;3028;2156;6314;3590;2724;-1130;-562;-568
5325;45-49 jaar;2047;278.0;50.0;14.0;68.0;142.0;2030;1064;966;5185;3029;2156;6333;3602;2731;-1148;-573;-575
5326;45-49 jaar;2048;288.0;51.0;13.0;68.0;142.0;2022;1061;961;5185;3029;2156;6343;3608;2735;-1158;-579;-579
5327;45-49 jaar;2049;286.0;51.0;13.0;67.0;143.0;2004;1052;952;5186;3030;2156;6339;3607;2732;-1153;-577;-576
5328;50-54 jaar;2002;;;;;;4397;2601;1796;3563;2090;1473;3845;2327;1518;-282;-237;-45
5329;50-54 jaar;2003;;;;;;4297;2517;1780;3310;1941;1369;3828;2310;1518;-518;-369;-149
5330;50-54 jaar;2004;;;;;;4258;2473;1785;3214;1873;1341;3842;2311;1531;-628;-438;-190
5331;50-54 jaar;2005;;;;;;4245;2444;1801;3202;1859;1343;3859;2315;1544;-657;-456;-201
5332;50-54 jaar;2006;;;;;;4260;2434;1826;3247;1883;1364;3919;2349;1570;-672;-466;-206
5333;50-54 jaar;2007;;;;;;4259;2415;1844;3349;1947;1402;3968;2378;1590;-619;-431;-188
5334;50-54 jaar;2008;;;;;;4275;2408;1867;3468;2023;1445;4039;2422;1617;-571;-399;-172
5335;50-54 jaar;2009;;;;;;4306;2410;1896;3598;2104;1494;4116;2472;1644;-518;-368;-150
5336;50-54 jaar;2010;;;;;;4334;2416;1918;3708;2171;1537;4232;2549;1683;-524;-378;-146
5337;50-54 jaar;2011;;;;;;4364;2421;1943;3778;2217;1561;4307;2598;1709;-529;-381;-148
5338;50-54 jaar;2012;;;;;;4390;2426;1964;3817;2240;1577;4402;2662;1740;-585;-422;-163
5339;50-54 jaar;2013;;;;;;4414;2433;1981;3837;2252;1585;4494;2722;1772;-657;-470;-187
5340;50-54 jaar;2014;;;;;;4429;2435;1994;3850;2259;1591;4596;2786;1810;-746;-527;-219
5341;50-54 jaar;2015;;;;;;4429;2430;1999;3863;2266;1597;4652;2820;1832;-789;-554;-235
5342;50-54 jaar;2016;;;;;;4392;2405;1987;3873;2272;1601;4699;2847;1852;-826;-575;-251
5343;50-54 jaar;2017;;;;;;4347;2377;1970;3883;2277;1606;4727;2855;1872;-844;-578;-266
5344;50-54 jaar;2018;;;;;;4289;2338;1951;3888;2278;1610;4754;2862;1892;-866;-584;-282
5345;50-54 jaar;2019;;;;;;4250;2312;1938;3898;2285;1613;4783;2873;1910;-885;-588;-297
5346;50-54 jaar;2020;;;;;;4209;2282;1927;3899;2286;1613;4811;2877;1934;-912;-591;-321
5347;50-54 jaar;2021;;;;;;4161;2251;1910;3899;2286;1613;4825;2871;1954;-926;-585;-341
5348;50-54 jaar;2022;;;;;;4086;2205;1881;3899;2286;1613;4827;2861;1966;-928;-575;-353
5349;50-54 jaar;2023;;;;;;3958;2132;1826;3899;2286;1613;4783;2821;1962;-884;-535;-349
5350;50-54 jaar;2024;;;;;;3760;2021;1739;3899;2286;1613;4707;2765;1942;-808;-479;-329
5351;50-54 jaar;2025;;;;;;3559;1910;1649;3899;2286;1613;4621;2707;1914;-722;-421;-301
5352;50-54 jaar;2026;;;;;;3383;1813;1570;3900;2287;1613;4558;2664;1894;-658;-377;-281
5353;50-54 jaar;2027;;;;;;3239;1737;1502;3900;2287;1613;4511;2629;1882;-611;-342;-269
5354;50-54 jaar;2028;;;;;;3156;1690;1466;3900;2287;1613;4503;2619;1884;-603;-332;-271
5355;50-54 jaar;2029;;;;;;3097;1658;1439;3900;2287;1613;4500;2612;1888;-600;-325;-275
5356;50-54 jaar;2030;;;;;;3081;1649;1432;3902;2289;1613;4529;2622;1907;-627;-333;-294
5357;50-54 jaar;2031;;;;;;3068;1638;1430;3902;2289;1613;4561;2635;1926;-659;-346;-313
5358;50-54 jaar;2032;;;;;;3051;1629;1422;3902;2289;1613;4594;2650;1944;-692;-361;-331
5359;50-54 jaar;2033;;;;;;3023;1614;1409;3902;2289;1613;4619;2662;1957;-717;-373;-344
5360;50-54 jaar;2034;;;;;;3010;1609;1401;3902;2289;1613;4656;2682;1974;-754;-393;-361
5361;50-54 jaar;2035;;;;;;2986;1596;1390;3902;2289;1613;4687;2698;1989;-785;-409;-376
5362;50-54 jaar;2036;;;;;;2981;1594;1387;3903;2290;1613;4725;2719;2006;-822;-429;-393
5363;50-54 jaar;2037;;;;;;2999;1604;1395;3904;2291;1613;4766;2739;2027;-862;-448;-414
5364;50-54 jaar;2038;;;;;;3022;1618;1404;3904;2291;1613;4806;2758;2048;-902;-467;-435
5365;50-54 jaar;2039;;;;;;3039;1625;1414;3904;2291;1613;4842;2773;2069;-938;-482;-456
5366;50-54 jaar;2040;;;;;;3065;1640;1425;3905;2292;1613;4883;2795;2088;-978;-503;-475
5367;50-54 jaar;2041;;;;;;3079;1649;1430;3905;2292;1613;4914;2808;2106;-1009;-516;-493
5368;50-54 jaar;2042;;;;;;3078;1648;1430;3905;2292;1613;4938;2820;2118;-1033;-528;-505
5369;50-54 jaar;2043;;;;;;3084;1652;1432;3905;2292;1613;4958;2829;2129;-1053;-537;-516
5370;50-54 jaar;2044;;;;;;3083;1654;1429;3905;2292;1613;4978;2838;2140;-1073;-546;-527
5371;50-54 jaar;2045;;;;;;3052;1636;1416;3905;2292;1613;4976;2836;2140;-1071;-544;-527
5372;50-54 jaar;2046;;;;;;3017;1619;1398;3906;2293;1613;4976;2837;2139;-1070;-544;-526
5373;50-54 jaar;2047;;;;;;2991;1604;1387;3906;2293;1613;4985;2840;2145;-1079;-547;-532
5374;50-54 jaar;2048;;;;;;2984;1601;1383;3907;2294;1613;5005;2853;2152;-1098;-559;-539
5375;50-54 jaar;2049;;;;;;2979;1599;1380;3908;2295;1613;5027;2866;2161;-1119;-571;-548
5376;55-59 jaar;2002;;;;;;6119;3800;2319;2467;1481;986;2741;1660;1081;-274;-179;-95
5377;55-59 jaar;2003;;;;;;6339;3907;2432;2295;1382;913;2850;1713;1137;-555;-331;-224
5378;55-59 jaar;2004;;;;;;6496;3978;2518;2237;1339;898;2914;1742;1172;-677;-403;-274
5379;55-59 jaar;2005;;;;;;6718;4090;2628;2216;1321;895;2976;1768;1208;-760;-447;-313
5380;55-59 jaar;2006;;;;;;6439;3891;2548;2246;1334;912;2927;1731;1196;-681;-397;-284
5381;55-59 jaar;2007;;;;;;6244;3748;2496;2306;1376;930;2906;1712;1194;-600;-336;-264
5382;55-59 jaar;2008;;;;;;6124;3649;2475;2387;1429;958;2900;1703;1197;-513;-274;-239
5383;55-59 jaar;2009;;;;;;6068;3594;2474;2464;1478;986;2923;1714;1209;-459;-236;-223
5384;55-59 jaar;2010;;;;;;6049;3561;2488;2534;1523;1011;2953;1730;1223;-419;-207;-212
5385;55-59 jaar;2011;;;;;;6068;3555;2513;2575;1552;1023;3018;1771;1247;-443;-219;-224
5386;55-59 jaar;2012;;;;;;6064;3536;2528;2602;1568;1034;3074;1804;1270;-472;-236;-236
5387;55-59 jaar;2013;;;;;;6087;3538;2549;2614;1575;1039;3136;1845;1291;-522;-270;-252
5388;55-59 jaar;2014;;;;;;6128;3549;2579;2623;1581;1042;3201;1888;1313;-578;-307;-271
5389;55-59 jaar;2015;;;;;;6166;3565;2601;2633;1587;1046;3288;1943;1345;-655;-356;-299
5390;55-59 jaar;2016;;;;;;6207;3580;2627;2640;1590;1050;3351;1983;1368;-711;-393;-318
5391;55-59 jaar;2017;;;;;;6242;3594;2648;2646;1593;1053;3421;2029;1392;-775;-436;-339
5392;55-59 jaar;2018;;;;;;6278;3612;2666;2653;1598;1055;3489;2072;1417;-836;-474;-362
5393;55-59 jaar;2019;;;;;;6295;3619;2676;2656;1600;1056;3559;2113;1446;-903;-513;-390
5394;55-59 jaar;2020;;;;;;6297;3618;2679;2658;1601;1057;3604;2140;1464;-946;-539;-407
5395;55-59 jaar;2021;;;;;;6250;3591;2659;2658;1601;1057;3639;2160;1479;-981;-559;-422
5396;55-59 jaar;2022;;;;;;6190;3555;2635;2658;1601;1057;3657;2164;1493;-999;-563;-436
5397;55-59 jaar;2023;;;;;;6107;3503;2604;2658;1601;1057;3675;2169;1506;-1017;-568;-449
5398;55-59 jaar;2024;;;;;;6052;3465;2587;2658;1601;1057;3701;2177;1524;-1043;-576;-467
5399;55-59 jaar;2025;;;;;;5997;3427;2570;2658;1601;1057;3730;2188;1542;-1072;-587;-485
5400;55-59 jaar;2026;;;;;;5929;3383;2546;2659;1602;1057;3741;2184;1557;-1082;-582;-500
5401;55-59 jaar;2027;;;;;;5831;3321;2510;2660;1603;1057;3744;2176;1568;-1084;-573;-511
5402;55-59 jaar;2028;;;;;;5654;3218;2436;2660;1603;1057;3704;2144;1560;-1044;-541;-503
5403;55-59 jaar;2029;;;;;;5378;3058;2320;2660;1603;1057;3647;2104;1543;-987;-501;-486
5404;55-59 jaar;2030;;;;;;5093;2892;2201;2661;1604;1057;3573;2056;1517;-912;-452;-460
5405;55-59 jaar;2031;;;;;;4846;2750;2096;2662;1605;1057;3520;2021;1499;-858;-416;-442
5406;55-59 jaar;2032;;;;;;4636;2631;2005;2662;1605;1057;3478;1994;1484;-816;-389;-427
5407;55-59 jaar;2033;;;;;;4524;2567;1957;2662;1605;1057;3472;1986;1486;-810;-381;-429
5408;55-59 jaar;2034;;;;;;4438;2517;1921;2662;1605;1057;3472;1982;1490;-810;-377;-433
5409;55-59 jaar;2035;;;;;;4418;2505;1913;2662;1605;1057;3492;1989;1503;-830;-384;-446
5410;55-59 jaar;2036;;;;;;4399;2491;1908;2662;1605;1057;3517;1998;1519;-855;-393;-462
5411;55-59 jaar;2037;;;;;;4378;2478;1900;2662;1605;1057;3538;2010;1528;-876;-405;-471
5412;55-59 jaar;2038;;;;;;4342;2459;1883;2662;1605;1057;3554;2016;1538;-892;-411;-481
5413;55-59 jaar;2039;;;;;;4325;2452;1873;2663;1606;1057;3586;2033;1553;-923;-427;-496
5414;55-59 jaar;2040;;;;;;4290;2432;1858;2663;1606;1057;3611;2045;1566;-948;-439;-509
5415;55-59 jaar;2041;;;;;;4285;2430;1855;2664;1607;1057;3642;2060;1582;-978;-453;-525
5416;55-59 jaar;2042;;;;;;4310;2445;1865;2665;1608;1057;3680;2081;1599;-1015;-473;-542
5417;55-59 jaar;2043;;;;;;4347;2468;1879;2665;1608;1057;3715;2099;1616;-1050;-491;-559
5418;55-59 jaar;2044;;;;;;4374;2482;1892;2665;1608;1057;3745;2112;1633;-1080;-504;-576
5419;55-59 jaar;2045;;;;;;4413;2506;1907;2666;1609;1057;3779;2129;1650;-1113;-520;-593
5420;55-59 jaar;2046;;;;;;4432;2519;1913;2666;1609;1057;3807;2144;1663;-1141;-535;-606
5421;55-59 jaar;2047;;;;;;4440;2524;1916;2666;1609;1057;3827;2154;1673;-1161;-545;-616
5422;55-59 jaar;2048;;;;;;4447;2528;1919;2666;1609;1057;3845;2163;1682;-1179;-554;-625
5423;55-59 jaar;2049;;;;;;4452;2534;1918;2666;1609;1057;3860;2170;1690;-1194;-561;-633
5424;60-64 jaar;2002;;;;;;7550;4851;2699;1554;949;605;1570;929;641;-16;20;-36
5425;60-64 jaar;2003;;;;;;7657;4892;2765;1448;885;563;1619;961;658;-171;-76;-95
5426;60-64 jaar;2004;;;;;;7846;4989;2857;1409;857;552;1671;991;680;-262;-134;-128
5427;60-64 jaar;2005;;;;;;7919;5009;2910;1389;842;547;1702;1007;695;-313;-165;-148
5428;60-64 jaar;2006;;;;;;8572;5389;3183;1399;845;554;1830;1077;753;-431;-232;-199
5429;60-64 jaar;2007;;;;;;9133;5705;3428;1434;866;568;1939;1133;806;-505;-267;-238
5430;60-64 jaar;2008;;;;;;9502;5905;3597;1479;897;582;2025;1174;851;-546;-277;-269
5431;60-64 jaar;2009;;;;;;9745;6030;3715;1518;924;594;2085;1201;884;-567;-277;-290
5432;60-64 jaar;2010;;;;;;10089;6218;3871;1559;952;607;2148;1231;917;-589;-279;-310
5433;60-64 jaar;2011;;;;;;9673;5934;3739;1585;970;615;2130;1216;914;-545;-246;-299
5434;60-64 jaar;2012;;;;;;9380;5734;3646;1599;978;621;2127;1211;916;-528;-233;-295
5435;60-64 jaar;2013;;;;;;9203;5603;3600;1608;984;624;2134;1214;920;-526;-230;-296
5436;60-64 jaar;2014;;;;;;9120;5533;3587;1614;989;625;2155;1226;929;-541;-237;-304
5437;60-64 jaar;2015;;;;;;9094;5497;3597;1620;991;629;2178;1238;940;-558;-247;-311
5438;60-64 jaar;2016;;;;;;9123;5502;3621;1623;993;630;2223;1265;958;-600;-272;-328
5439;60-64 jaar;2017;;;;;;9115;5485;3630;1629;997;632;2258;1287;971;-629;-290;-339
5440;60-64 jaar;2018;;;;;;9156;5501;3655;1633;999;634;2301;1313;988;-668;-314;-354
5441;60-64 jaar;2019;;;;;;9219;5529;3690;1635;999;636;2344;1339;1005;-709;-340;-369
5442;60-64 jaar;2020;;;;;;9281;5566;3715;1635;999;636;2404;1376;1028;-769;-377;-392
5443;60-64 jaar;2021;;;;;;9347;5599;3748;1635;999;636;2446;1402;1044;-811;-403;-408
5444;60-64 jaar;2022;;;;;;9405;5630;3775;1635;999;636;2494;1431;1063;-859;-432;-427
5445;60-64 jaar;2023;;;;;;9468;5669;3799;1635;999;636;2545;1462;1083;-910;-463;-447
5446;60-64 jaar;2024;;;;;;9499;5689;3810;1635;999;636;2593;1490;1103;-958;-491;-467
5447;60-64 jaar;2025;;;;;;9513;5699;3814;1635;999;636;2628;1510;1118;-993;-511;-482
5448;60-64 jaar;2026;;;;;;9447;5661;3786;1635;999;636;2651;1522;1129;-1016;-523;-493
5449;60-64 jaar;2027;;;;;;9363;5613;3750;1635;999;636;2664;1526;1138;-1029;-527;-502
5450;60-64 jaar;2028;;;;;;9248;5539;3709;1637;1001;636;2680;1530;1150;-1043;-529;-514
5451;60-64 jaar;2029;;;;;;9167;5485;3682;1637;1001;636;2701;1539;1162;-1064;-538;-526
5452;60-64 jaar;2030;;;;;;9090;5432;3658;1637;1001;636;2724;1546;1178;-1087;-545;-542
5453;60-64 jaar;2031;;;;;;8999;5374;3625;1637;1001;636;2734;1544;1190;-1097;-543;-554
5454;60-64 jaar;2032;;;;;;8854;5279;3575;1637;1001;636;2738;1540;1198;-1101;-539;-562
5455;60-64 jaar;2033;;;;;;8596;5121;3475;1638;1002;636;2709;1518;1191;-1071;-516;-555
5456;60-64 jaar;2034;;;;;;8185;4871;3314;1639;1003;636;2664;1487;1177;-1025;-484;-541
5457;60-64 jaar;2035;;;;;;7759;4615;3144;1639;1003;636;2609;1453;1156;-970;-450;-520
5458;60-64 jaar;2036;;;;;;7385;4391;2994;1639;1003;636;2570;1430;1140;-931;-427;-504
5459;60-64 jaar;2037;;;;;;7074;4207;2867;1639;1003;636;2541;1411;1130;-902;-408;-494
5460;60-64 jaar;2038;;;;;;6902;4107;2795;1639;1003;636;2532;1402;1130;-893;-399;-494
5461;60-64 jaar;2039;;;;;;6778;4032;2746;1639;1003;636;2532;1400;1132;-893;-397;-496
5462;60-64 jaar;2040;;;;;;6751;4016;2735;1639;1003;636;2548;1407;1141;-909;-404;-505
5463;60-64 jaar;2041;;;;;;6723;3995;2728;1639;1003;636;2568;1414;1154;-929;-411;-518
5464;60-64 jaar;2042;;;;;;6696;3979;2717;1639;1003;636;2584;1422;1162;-945;-419;-526
5465;60-64 jaar;2043;;;;;;6645;3951;2694;1639;1003;636;2597;1427;1170;-958;-424;-534
5466;60-64 jaar;2044;;;;;;6625;3943;2682;1639;1003;636;2617;1437;1180;-978;-434;-544
5467;60-64 jaar;2045;;;;;;6575;3914;2661;1640;1004;636;2639;1449;1190;-999;-445;-554
5468;60-64 jaar;2046;;;;;;6568;3912;2656;1640;1004;636;2664;1461;1203;-1024;-457;-567
5469;60-64 jaar;2047;;;;;;6612;3940;2672;1640;1004;636;2693;1476;1217;-1053;-472;-581
5470;60-64 jaar;2048;;;;;;6675;3980;2695;1640;1004;636;2719;1488;1231;-1079;-484;-595
5471;60-64 jaar;2049;;;;;;6719;4005;2714;1641;1005;636;2745;1501;1244;-1104;-496;-608
5472;65-69 jaar;2002;;;;;;10560;6712;3848;961;565;396;988;600;388;-27;-35;8
5473;65-69 jaar;2003;;;;;;10638;6739;3899;899;527;372;1041;641;400;-142;-114;-28
5474;65-69 jaar;2004;;;;;;10755;6788;3967;867;502;365;1087;674;413;-220;-172;-48
5475;65-69 jaar;2005;;;;;;10938;6879;4059;856;492;364;1143;716;427;-287;-224;-63
5476;65-69 jaar;2006;;;;;;11043;6921;4122;854;490;364;1169;732;437;-315;-242;-73
5477;65-69 jaar;2007;;;;;;11239;7026;4213;865;496;369;1208;758;450;-343;-262;-81
5478;65-69 jaar;2008;;;;;;11456;7138;4318;886;511;375;1247;788;459;-361;-277;-84
5479;65-69 jaar;2009;;;;;;11749;7304;4445;910;527;383;1294;821;473;-384;-294;-90
5480;65-69 jaar;2010;;;;;;11874;7360;4514;925;537;388;1326;845;481;-401;-308;-93
5481;65-69 jaar;2011;;;;;;12870;7954;4916;939;548;391;1417;896;521;-478;-348;-130
5482;65-69 jaar;2012;;;;;;13722;8451;5271;944;550;394;1494;931;563;-550;-381;-169
5483;65-69 jaar;2013;;;;;;14281;8772;5509;948;552;396;1557;958;599;-609;-406;-203
5484;65-69 jaar;2014;;;;;;14655;8981;5674;954;556;398;1596;971;625;-642;-415;-227
5485;65-69 jaar;2015;;;;;;15169;9274;5895;957;557;400;1634;984;650;-677;-427;-250
5486;65-69 jaar;2016;;;;;;14562;8882;5680;962;561;401;1621;972;649;-659;-411;-248
5487;65-69 jaar;2017;;;;;;14135;8610;5525;964;561;403;1620;968;652;-656;-407;-249
5488;65-69 jaar;2018;;;;;;13885;8441;5444;964;561;403;1627;972;655;-663;-411;-252
5489;65-69 jaar;2019;;;;;;13775;8360;5415;965;561;404;1638;977;661;-673;-416;-257
5490;65-69 jaar;2020;;;;;;13748;8328;5420;966;562;404;1657;985;672;-691;-423;-268
5491;65-69 jaar;2021;;;;;;13811;8356;5455;966;562;404;1685;1001;684;-719;-439;-280
5492;65-69 jaar;2022;;;;;;13814;8349;5465;966;562;404;1714;1018;696;-748;-456;-292
5493;65-69 jaar;2023;;;;;;13890;8389;5501;967;563;404;1740;1033;707;-773;-470;-303
5494;65-69 jaar;2024;;;;;;14004;8452;5552;967;563;404;1775;1056;719;-808;-493;-315
5495;65-69 jaar;2025;;;;;;14113;8524;5589;967;563;404;1816;1081;735;-849;-518;-331
5496;65-69 jaar;2026;;;;;;14231;8590;5641;968;564;404;1850;1102;748;-882;-538;-344
5497;65-69 jaar;2027;;;;;;14334;8654;5680;968;564;404;1884;1122;762;-916;-558;-358
5498;65-69 jaar;2028;;;;;;14443;8725;5718;968;564;404;1921;1144;777;-953;-580;-373
5499;65-69 jaar;2029;;;;;;14512;8773;5739;968;564;404;1958;1165;793;-990;-601;-389
5500;65-69 jaar;2030;;;;;;14546;8798;5748;968;564;404;1986;1180;806;-1018;-616;-402
5501;65-69 jaar;2031;;;;;;14458;8751;5707;969;565;404;2002;1189;813;-1033;-624;-409
5502;65-69 jaar;2032;;;;;;14346;8687;5659;969;565;404;2013;1194;819;-1044;-629;-415
5503;65-69 jaar;2033;;;;;;14184;8584;5600;969;565;404;2023;1195;828;-1054;-630;-424
5504;65-69 jaar;2034;;;;;;14076;8516;5560;969;565;404;2045;1205;840;-1076;-640;-436
5505;65-69 jaar;2035;;;;;;13975;8445;5530;970;566;404;2059;1209;850;-1089;-643;-446
5506;65-69 jaar;2036;;;;;;13847;8363;5484;970;566;404;2069;1210;859;-1099;-644;-455
5507;65-69 jaar;2037;;;;;;13638;8224;5414;970;566;404;2071;1206;865;-1101;-640;-461
5508;65-69 jaar;2038;;;;;;13251;7984;5267;970;566;404;2053;1192;861;-1083;-626;-457
5509;65-69 jaar;2039;;;;;;12629;7602;5027;970;566;404;2023;1173;850;-1053;-607;-446
5510;65-69 jaar;2040;;;;;;11983;7209;4774;970;566;404;1990;1154;836;-1020;-588;-432
5511;65-69 jaar;2041;;;;;;11416;6869;4547;970;566;404;1963;1137;826;-993;-571;-422
5512;65-69 jaar;2042;;;;;;10947;6592;4355;970;566;404;1944;1127;817;-974;-561;-413
5513;65-69 jaar;2043;;;;;;10692;6443;4249;970;566;404;1940;1123;817;-970;-557;-413
5514;65-69 jaar;2044;;;;;;10511;6333;4178;970;566;404;1942;1123;819;-972;-557;-415
5515;65-69 jaar;2045;;;;;;10479;6315;4164;970;566;404;1955;1130;825;-985;-564;-421
5516;65-69 jaar;2046;;;;;;10447;6289;4158;970;566;404;1968;1135;833;-998;-569;-429
5517;65-69 jaar;2047;;;;;;10412;6269;4143;970;566;404;1980;1141;839;-1010;-575;-435
5518;65-69 jaar;2048;;;;;;10341;6229;4112;971;567;404;1989;1145;844;-1018;-578;-440
5519;65-69 jaar;2049;;;;;;10317;6220;4097;972;568;404;2007;1155;852;-1035;-587;-448
5520;70-74 jaar;2002;;;;;;15532;9313;6219;542;298;244;445;213;232;97;85;12
5521;70-74 jaar;2003;;;;;;15443;9240;6203;513;282;231;451;219;232;62;63;-1
5522;70-74 jaar;2004;;;;;;15465;9240;6225;497;269;228;457;225;232;40;44;-4
5523;70-74 jaar;2005;;;;;;15351;9159;6192;485;258;227;466;233;233;19;25;-6
5524;70-74 jaar;2006;;;;;;15347;9150;6197;482;255;227;480;245;235;2;10;-8
5525;70-74 jaar;2007;;;;;;15283;9103;6180;485;255;230;495;255;240;-10;0;-10
5526;70-74 jaar;2008;;;;;;15475;9215;6260;491;259;232;512;267;245;-21;-8;-13
5527;70-74 jaar;2009;;;;;;15669;9321;6348;495;262;233;533;280;253;-38;-18;-20
5528;70-74 jaar;2010;;;;;;15959;9485;6474;499;264;235;560;297;263;-61;-33;-28
5529;70-74 jaar;2011;;;;;;16132;9583;6549;504;266;238;573;304;269;-69;-38;-31
5530;70-74 jaar;2012;;;;;;16443;9770;6673;510;271;239;591;315;276;-81;-44;-37
5531;70-74 jaar;2013;;;;;;16781;9970;6811;513;272;241;607;326;281;-94;-54;-40
5532;70-74 jaar;2014;;;;;;17234;10245;6989;516;274;242;628;337;291;-112;-63;-49
5533;70-74 jaar;2015;;;;;;17436;10361;7075;516;274;242;645;346;299;-129;-72;-57
5534;70-74 jaar;2016;;;;;;18928;11249;7679;521;277;244;701;375;326;-180;-98;-82
5535;70-74 jaar;2017;;;;;;20202;11989;8213;524;278;246;755;401;354;-231;-123;-108
5536;70-74 jaar;2018;;;;;;21057;12484;8573;525;278;247;799;421;378;-274;-143;-131
5537;70-74 jaar;2019;;;;;;21644;12817;8827;528;280;248;828;433;395;-300;-153;-147
5538;70-74 jaar;2020;;;;;;22452;13265;9187;528;280;248;852;442;410;-324;-162;-162
5539;70-74 jaar;2021;;;;;;21591;12746;8845;528;280;248;849;439;410;-321;-159;-162
5540;70-74 jaar;2022;;;;;;20994;12396;8598;528;280;248;852;438;414;-324;-158;-166
5541;70-74 jaar;2023;;;;;;20657;12189;8468;528;280;248;860;442;418;-332;-162;-170
5542;70-74 jaar;2024;;;;;;20527;12103;8424;528;280;248;875;448;427;-347;-168;-179
5543;70-74 jaar;2025;;;;;;20523;12087;8436;528;280;248;888;454;434;-360;-174;-186
5544;70-74 jaar;2026;;;;;;20651;12156;8495;528;280;248;908;464;444;-380;-184;-196
5545;70-74 jaar;2027;;;;;;20695;12179;8516;528;280;248;925;472;453;-397;-192;-205
5546;70-74 jaar;2028;;;;;;20840;12262;8578;529;281;248;945;482;463;-416;-201;-215
5547;70-74 jaar;2029;;;;;;21046;12381;8665;529;281;248;966;493;473;-437;-212;-225
5548;70-74 jaar;2030;;;;;;21242;12510;8732;529;281;248;990;507;483;-461;-226;-235
5549;70-74 jaar;2031;;;;;;21451;12631;8820;529;281;248;1010;516;494;-481;-235;-246
5550;70-74 jaar;2032;;;;;;21640;12746;8894;529;281;248;1033;528;505;-504;-247;-257
5551;70-74 jaar;2033;;;;;;21836;12874;8962;529;281;248;1058;541;517;-529;-260;-269
5552;70-74 jaar;2034;;;;;;21972;12967;9005;529;281;248;1078;549;529;-549;-268;-281
5553;70-74 jaar;2035;;;;;;22056;13026;9030;529;281;248;1096;559;537;-567;-278;-289
5554;70-74 jaar;2036;;;;;;21961;12980;8981;529;281;248;1105;563;542;-576;-282;-294
5555;70-74 jaar;2037;;;;;;21822;12906;8916;529;281;248;1110;564;546;-581;-283;-298
5556;70-74 jaar;2038;;;;;;21605;12771;8834;529;281;248;1119;568;551;-590;-287;-303
5557;70-74 jaar;2039;;;;;;21469;12691;8778;529;281;248;1132;573;559;-603;-292;-311
5558;70-74 jaar;2040;;;;;;21342;12604;8738;529;281;248;1143;575;568;-614;-294;-320
5559;70-74 jaar;2041;;;;;;21176;12498;8678;529;281;248;1154;579;575;-625;-298;-327
5560;70-74 jaar;2042;;;;;;20889;12306;8583;529;281;248;1153;576;577;-624;-295;-329
5561;70-74 jaar;2043;;;;;;20327;11961;8366;529;281;248;1145;569;576;-616;-288;-328
5562;70-74 jaar;2044;;;;;;19401;11405;7996;529;281;248;1124;557;567;-595;-276;-319
5563;70-74 jaar;2045;;;;;;18434;10832;7602;530;282;248;1101;544;557;-571;-262;-309
5564;70-74 jaar;2046;;;;;;17589;10338;7251;530;282;248;1084;536;548;-554;-254;-300
5565;70-74 jaar;2047;;;;;;16881;9933;6948;530;282;248;1070;527;543;-540;-245;-295
5566;70-74 jaar;2048;;;;;;16506;9721;6785;530;282;248;1066;526;540;-536;-244;-292
5567;70-74 jaar;2049;;;;;;16245;9570;6675;531;283;248;1062;524;538;-531;-241;-290
5568;75-79 jaar;2002;;;;;;21299;11377;9922;288;150;138;211;82;129;77;68;9
5569;75-79 jaar;2003;;;;;;21097;11268;9829;277;143;134;212;84;128;65;59;6
5570;75-79 jaar;2004;;;;;;21068;11293;9775;269;137;132;210;86;124;59;51;8
5571;75-79 jaar;2005;;;;;;21272;11441;9831;264;132;132;214;90;124;50;42;8
5572;75-79 jaar;2006;;;;;;21387;11516;9871;261;128;133;217;92;125;44;36;8
5573;75-79 jaar;2007;;;;;;21631;11661;9970;260;126;134;222;95;127;38;31;7
5574;75-79 jaar;2008;;;;;;21621;11679;9942;262;127;135;220;96;124;42;31;11
5575;75-79 jaar;2009;;;;;;21685;11741;9944;262;127;135;226;100;126;36;27;9
5576;75-79 jaar;2010;;;;;;21571;11708;9863;266;129;137;231;104;127;35;25;10
5577;75-79 jaar;2011;;;;;;21604;11763;9841;267;130;137;237;108;129;30;22;8
5578;75-79 jaar;2012;;;;;;21562;11773;9789;270;132;138;242;112;130;28;20;8
5579;75-79 jaar;2013;;;;;;21872;11983;9889;272;133;139;252;117;135;20;16;4
5580;75-79 jaar;2014;;;;;;22197;12190;10007;273;133;140;259;121;138;14;12;2
5581;75-79 jaar;2015;;;;;;22653;12469;10184;274;133;141;269;128;141;5;5;0
5582;75-79 jaar;2016;;;;;;22937;12655;10282;275;133;142;277;131;146;-2;2;-4
5583;75-79 jaar;2017;;;;;;23406;12952;10454;277;135;142;284;135;149;-7;0;-7
5584;75-79 jaar;2018;;;;;;23947;13283;10664;279;136;143;295;141;154;-16;-5;-11
5585;75-79 jaar;2019;;;;;;24659;13715;10944;279;136;143;309;147;162;-30;-11;-19
5586;75-79 jaar;2020;;;;;;25010;13928;11082;279;136;143;318;152;166;-39;-16;-23
5587;75-79 jaar;2021;;;;;;27251;15207;12044;279;136;143;351;168;183;-72;-32;-40
5588;75-79 jaar;2022;;;;;;29170;16273;12897;279;136;143;378;181;197;-99;-45;-54
5589;75-79 jaar;2023;;;;;;30459;16994;13465;279;136;143;398;189;209;-119;-53;-66
5590;75-79 jaar;2024;;;;;;31328;17475;13853;279;136;143;410;194;216;-131;-58;-73
5591;75-79 jaar;2025;;;;;;32431;18074;14357;279;136;143;424;201;223;-145;-65;-80
5592;75-79 jaar;2026;;;;;;31271;17427;13844;279;136;143;421;199;222;-142;-63;-79
5593;75-79 jaar;2027;;;;;;30508;17020;13488;279;136;143;427;201;226;-148;-65;-83
5594;75-79 jaar;2028;;;;;;30103;16791;13312;279;136;143;435;204;231;-156;-68;-88
5595;75-79 jaar;2029;;;;;;29995;16728;13267;279;136;143;447;209;238;-168;-73;-95
5596;75-79 jaar;2030;;;;;;30061;16754;13307;279;136;143;457;214;243;-178;-78;-100
5597;75-79 jaar;2031;;;;;;30309;16892;13417;279;136;143;471;220;251;-192;-84;-108
5598;75-79 jaar;2032;;;;;;30442;16968;13474;279;136;143;481;224;257;-202;-88;-114
5599;75-79 jaar;2033;;;;;;30723;17127;13596;279;136;143;493;229;264;-214;-93;-121
5600;75-79 jaar;2034;;;;;;31094;17339;13755;279;136;143;506;235;271;-227;-99;-128
5601;75-79 jaar;2035;;;;;;31442;17558;13884;279;136;143;518;239;279;-239;-103;-136
5602;75-79 jaar;2036;;;;;;31814;17769;14045;279;136;143;530;244;286;-251;-108;-143
5603;75-79 jaar;2037;;;;;;32152;17969;14183;279;136;143;542;251;291;-263;-115;-148
5604;75-79 jaar;2038;;;;;;32505;18190;14315;279;136;143;555;255;300;-276;-119;-157
5605;75-79 jaar;2039;;;;;;32768;18360;14408;279;136;143;563;259;304;-284;-123;-161
5606;75-79 jaar;2040;;;;;;32944;18476;14468;279;136;143;570;263;307;-291;-127;-164
5607;75-79 jaar;2041;;;;;;32845;18440;14405;279;136;143;573;264;309;-294;-128;-166
5608;75-79 jaar;2042;;;;;;32682;18363;14319;279;136;143;571;263;308;-292;-127;-165
5609;75-79 jaar;2043;;;;;;32414;18207;14207;279;136;143;574;265;309;-295;-129;-166
5610;75-79 jaar;2044;;;;;;32285;18137;14148;279;136;143;579;266;313;-300;-130;-170
5611;75-79 jaar;2045;;;;;;32162;18053;14109;279;136;143;583;267;316;-304;-131;-173
5612;75-79 jaar;2046;;;;;;31963;17928;14035;279;136;143;584;267;317;-305;-131;-174
5613;75-79 jaar;2047;;;;;;31559;17672;13887;279;136;143;583;266;317;-304;-130;-174
5614;75-79 jaar;2048;;;;;;30726;17186;13540;279;136;143;574;260;314;-295;-124;-171
5615;75-79 jaar;2049;;;;;;29366;16411;12955;279;136;143;555;251;304;-276;-115;-161
5616;80-84 jaar;2002;;;;;;23665;10959;12706;142;69;73;101;34;67;41;35;6
5617;80-84 jaar;2003;;;;;;24722;11470;13252;139;67;72;107;36;71;32;31;1
5618;80-84 jaar;2004;;;;;;25561;11841;13720;136;64;72;111;38;73;25;26;-1
5619;80-84 jaar;2005;;;;;;25456;11819;13637;133;62;71;110;37;73;23;25;-2
5620;80-84 jaar;2006;;;;;;25431;11883;13548;132;61;71;110;39;71;22;22;0
5621;80-84 jaar;2007;;;;;;25358;11911;13447;133;62;71;110;40;70;23;22;1
5622;80-84 jaar;2008;;;;;;25285;11957;13328;135;63;72;109;40;69;26;23;3
5623;80-84 jaar;2009;;;;;;25311;12083;13228;137;64;73;111;41;70;26;23;3
5624;80-84 jaar;2010;;;;;;25621;12349;13272;138;64;74;113;43;70;25;21;4
5625;80-84 jaar;2011;;;;;;25815;12527;13288;141;65;76;115;44;71;26;21;5
5626;80-84 jaar;2012;;;;;;26170;12781;13389;142;66;76;116;45;71;26;21;5
5627;80-84 jaar;2013;;;;;;26215;12895;13320;142;66;76;116;45;71;26;21;5
5628;80-84 jaar;2014;;;;;;26355;13053;13302;143;66;77;120;48;72;23;18;5
5629;80-84 jaar;2015;;;;;;26293;13111;13182;144;67;77;121;49;72;23;18;5
5630;80-84 jaar;2016;;;;;;26410;13264;13146;144;67;77;125;51;74;19;16;3
5631;80-84 jaar;2017;;;;;;26437;13362;13075;145;67;78;127;53;74;18;14;4
5632;80-84 jaar;2018;;;;;;26911;13693;13218;146;67;79;129;54;75;17;13;4
5633;80-84 jaar;2019;;;;;;27397;14013;13384;146;67;79;133;56;77;13;11;2
5634;80-84 jaar;2020;;;;;;28053;14418;13635;146;67;79;137;59;78;9;8;1
5635;80-84 jaar;2021;;;;;;28490;14708;13782;146;67;79;141;59;82;5;8;-3
5636;80-84 jaar;2022;;;;;;29167;15128;14039;146;67;79;146;63;83;0;4;-4
5637;80-84 jaar;2023;;;;;;29960;15605;14355;146;67;79;153;66;87;-7;1;-8
5638;80-84 jaar;2024;;;;;;30965;16195;14770;146;67;79;162;71;91;-16;-4;-12
5639;80-84 jaar;2025;;;;;;31500;16517;14983;146;67;79;168;73;95;-22;-6;-16
5640;80-84 jaar;2026;;;;;;34506;18155;16351;146;67;79;187;82;105;-41;-15;-26
5641;80-84 jaar;2027;;;;;;37056;19512;17544;146;67;79;201;88;113;-55;-21;-34
5642;80-84 jaar;2028;;;;;;38775;20432;18343;146;67;79;211;93;118;-65;-26;-39
5643;80-84 jaar;2029;;;;;;39975;21068;18907;146;67;79;216;95;121;-70;-28;-42
5644;80-84 jaar;2030;;;;;;41485;21831;19654;146;67;79;218;96;122;-72;-29;-43
5645;80-84 jaar;2031;;;;;;40152;21141;19011;146;67;79;220;96;124;-74;-29;-45
5646;80-84 jaar;2032;;;;;;39316;20736;18580;146;67;79;223;98;125;-77;-31;-46
5647;80-84 jaar;2033;;;;;;38931;20539;18392;146;67;79;230;101;129;-84;-34;-50
5648;80-84 jaar;2034;;;;;;38922;20540;18382;146;67;79;237;104;133;-91;-37;-54
5649;80-84 jaar;2035;;;;;;39135;20643;18492;146;67;79;242;105;137;-96;-38;-58
5650;80-84 jaar;2036;;;;;;39585;20886;18699;146;67;79;250;108;142;-104;-41;-63
5651;80-84 jaar;2037;;;;;;39889;21053;18836;146;67;79;256;110;146;-110;-43;-67
5652;80-84 jaar;2038;;;;;;40379;21323;19056;146;67;79;263;114;149;-117;-47;-70
5653;80-84 jaar;2039;;;;;;40992;21654;19338;146;67;79;269;115;154;-123;-48;-75
5654;80-84 jaar;2040;;;;;;41569;21994;19575;146;67;79;277;118;159;-131;-51;-80
5655;80-84 jaar;2041;;;;;;42186;22328;19858;146;67;79;284;121;163;-138;-54;-84
5656;80-84 jaar;2042;;;;;;42753;22645;20108;146;67;79;287;122;165;-141;-55;-86
5657;80-84 jaar;2043;;;;;;43340;22991;20349;146;67;79;294;125;169;-148;-58;-90
5658;80-84 jaar;2044;;;;;;43813;23275;20538;146;67;79;298;127;171;-152;-60;-92
5659;80-84 jaar;2045;;;;;;44159;23483;20676;146;67;79;297;126;171;-151;-59;-92
5660;80-84 jaar;2046;;;;;;44145;23498;20647;146;67;79;299;128;171;-153;-61;-92
5661;80-84 jaar;2047;;;;;;44034;23459;20575;146;67;79;297;127;170;-151;-60;-91
5662;80-84 jaar;2048;;;;;;43803;23326;20477;146;67;79;296;127;169;-150;-60;-90
5663;80-84 jaar;2049;;;;;;43756;23310;20446;146;67;79;299;128;171;-153;-61;-92
5664;85-89 jaar;2002;;;;;;22297;7977;14320;64;28;36;15;4;11;49;24;25
5665;85-89 jaar;2003;;;;;;22145;7946;14199;64;28;36;15;4;11;49;24;25
5666;85-89 jaar;2004;;;;;;22198;8043;14155;62;26;36;15;4;11;47;22;25
5667;85-89 jaar;2005;;;;;;23340;8590;14750;61;26;35;18;5;13;43;21;22
5668;85-89 jaar;2006;;;;;;24402;9093;15309;60;25;35;20;6;14;40;19;21
5669;85-89 jaar;2007;;;;;;25399;9574;15825;62;25;37;20;6;14;42;19;23
5670;85-89 jaar;2008;;;;;;26632;10151;16481;62;25;37;20;6;14;42;19;23
5671;85-89 jaar;2009;;;;;;27511;10549;16962;63;25;38;20;6;14;43;19;24
5672;85-89 jaar;2010;;;;;;27468;10643;16825;63;25;38;20;6;14;43;19;24
5673;85-89 jaar;2011;;;;;;27491;10809;16682;63;25;38;19;6;13;44;19;25
5674;85-89 jaar;2012;;;;;;27469;10944;16525;63;25;38;19;6;13;44;19;25
5675;85-89 jaar;2013;;;;;;27492;11112;16380;64;25;39;19;6;13;45;19;26
5676;85-89 jaar;2014;;;;;;27607;11342;16265;65;26;39;20;7;13;45;19;26
5677;85-89 jaar;2015;;;;;;28042;11701;16341;65;26;39;20;7;13;45;19;26
5678;85-89 jaar;2016;;;;;;28354;11977;16377;65;26;39;20;7;13;45;19;26
5679;85-89 jaar;2017;;;;;;28825;12314;16511;65;26;39;20;7;13;45;19;26
5680;85-89 jaar;2018;;;;;;28960;12511;16449;65;26;39;20;7;13;45;19;26
5681;85-89 jaar;2019;;;;;;29196;12750;16446;66;26;40;22;8;14;44;18;26
5682;85-89 jaar;2020;;;;;;29253;12907;16346;66;26;40;23;9;14;43;17;26
5683;85-89 jaar;2021;;;;;;29504;13155;16349;66;26;40;23;9;14;43;17;26
5684;85-89 jaar;2022;;;;;;29676;13351;16325;66;26;40;24;10;14;42;16;26
5685;85-89 jaar;2023;;;;;;30347;13780;16567;66;26;40;24;10;14;42;16;26
5686;85-89 jaar;2024;;;;;;31047;14198;16849;66;26;40;25;10;15;41;16;25
5687;85-89 jaar;2025;;;;;;31945;14708;17237;66;26;40;28;11;17;38;15;23
5688;85-89 jaar;2026;;;;;;32557;15080;17477;66;26;40;28;11;17;38;15;23
5689;85-89 jaar;2027;;;;;;33437;15586;17851;66;26;40;29;12;17;37;14;23
5690;85-89 jaar;2028;;;;;;34520;16182;18338;66;26;40;31;13;18;35;13;22
5691;85-89 jaar;2029;;;;;;35875;16907;18968;66;26;40;32;13;19;34;13;21
5692;85-89 jaar;2030;;;;;;36667;17333;19334;66;26;40;32;13;19;34;13;21
5693;85-89 jaar;2031;;;;;;40467;19231;21236;66;26;40;37;15;22;29;11;18
5694;85-89 jaar;2032;;;;;;43681;20782;22899;66;26;40;39;16;23;27;10;17
5695;85-89 jaar;2033;;;;;;45853;21832;24021;66;26;40;41;17;24;25;9;16
5696;85-89 jaar;2034;;;;;;47310;22526;24784;66;26;40;41;17;24;25;9;16
5697;85-89 jaar;2035;;;;;;48879;23227;25652;66;26;40;41;17;24;25;9;16
5698;85-89 jaar;2036;;;;;;47545;22620;24925;66;26;40;41;17;24;25;9;16
5699;85-89 jaar;2037;;;;;;46832;22331;24501;66;26;40;43;18;25;23;8;15
5700;85-89 jaar;2038;;;;;;46617;22245;24372;66;26;40;45;19;26;21;7;14
5701;85-89 jaar;2039;;;;;;46822;22354;24468;66;26;40;46;19;27;20;7;13
5702;85-89 jaar;2040;;;;;;47276;22562;24714;66;26;40;47;19;28;19;7;12
5703;85-89 jaar;2041;;;;;;47985;22913;25072;66;26;40;47;19;28;19;7;12
5704;85-89 jaar;2042;;;;;;48559;23201;25358;66;26;40;49;19;30;17;7;10
5705;85-89 jaar;2043;;;;;;49341;23593;25748;66;26;40;50;20;30;16;6;10
5706;85-89 jaar;2044;;;;;;50279;24056;26223;66;26;40;52;20;32;14;6;8
5707;85-89 jaar;2045;;;;;;51150;24519;26631;66;26;40;53;20;33;13;6;7
5708;85-89 jaar;2046;;;;;;52092;24981;27111;66;26;40;54;21;33;12;5;7
5709;85-89 jaar;2047;;;;;;52958;25420;27538;66;26;40;54;21;33;12;5;7
5710;85-89 jaar;2048;;;;;;53851;25892;27959;66;26;40;58;23;35;8;3;5
5711;85-89 jaar;2049;;;;;;54619;26308;28311;66;26;40;58;23;35;8;3;5
5712;90-94 jaar;2002;;;;;;14314;3859;10455;0;0;0;0;0;0;0;0;0
5713;90-94 jaar;2003;;;;;;14730;4006;10724;0;0;0;0;0;0;0;0;0
5714;90-94 jaar;2004;;;;;;15167;4206;10961;0;0;0;0;0;0;0;0;0
5715;90-94 jaar;2005;;;;;;15356;4318;11038;0;0;0;0;0;0;0;0;0
5716;90-94 jaar;2006;;;;;;15565;4418;11147;0;0;0;0;0;0;0;0;0
5717;90-94 jaar;2007;;;;;;15687;4524;11163;0;0;0;0;0;0;0;0;0
5718;90-94 jaar;2008;;;;;;15640;4566;11074;0;0;0;0;0;0;0;0;0
5719;90-94 jaar;2009;;;;;;15744;4683;11061;0;0;0;0;0;0;0;0;0
5720;90-94 jaar;2010;;;;;;16723;5095;11628;0;0;0;0;0;0;0;0;0
5721;90-94 jaar;2011;;;;;;17561;5451;12110;0;0;0;0;0;0;0;0;0
5722;90-94 jaar;2012;;;;;;18266;5777;12489;0;0;0;0;0;0;0;0;0
5723;90-94 jaar;2013;;;;;;19068;6139;12929;0;0;0;0;0;0;0;0;0
5724;90-94 jaar;2014;;;;;;19578;6375;13203;0;0;0;0;0;0;0;0;0
5725;90-94 jaar;2015;;;;;;19560;6469;13091;0;0;0;0;0;0;0;0;0
5726;90-94 jaar;2016;;;;;;19591;6612;12979;0;0;0;0;0;0;0;0;0
5727;90-94 jaar;2017;;;;;;19579;6731;12848;0;0;0;0;0;0;0;0;0
5728;90-94 jaar;2018;;;;;;19686;6894;12792;0;0;0;0;0;0;0;0;0
5729;90-94 jaar;2019;;;;;;19824;7077;12747;0;0;0;0;0;0;0;0;0
5730;90-94 jaar;2020;;;;;;20213;7352;12861;0;0;0;0;0;0;0;0;0
5731;90-94 jaar;2021;;;;;;20475;7557;12918;0;0;0;0;0;0;0;0;0
5732;90-94 jaar;2022;;;;;;20837;7797;13040;0;0;0;0;0;0;0;0;0
5733;90-94 jaar;2023;;;;;;20940;7939;13001;0;0;0;0;0;0;0;0;0
5734;90-94 jaar;2024;;;;;;21129;8113;13016;0;0;0;0;0;0;0;0;0
5735;90-94 jaar;2025;;;;;;21240;8255;12985;0;0;0;0;0;0;0;0;0
5736;90-94 jaar;2026;;;;;;21484;8450;13034;0;0;0;0;0;0;0;0;0
5737;90-94 jaar;2027;;;;;;21694;8619;13075;0;0;0;0;0;0;0;0;0
5738;90-94 jaar;2028;;;;;;22277;8941;13336;0;0;0;0;0;0;0;0;0
5739;90-94 jaar;2029;;;;;;22882;9254;13628;0;0;0;0;0;0;0;0;0
5740;90-94 jaar;2030;;;;;;23624;9625;13999;0;0;0;0;0;0;0;0;0
5741;90-94 jaar;2031;;;;;;24073;9878;14195;0;0;0;0;0;0;0;0;0
5742;90-94 jaar;2032;;;;;;24734;10223;14511;0;0;0;0;0;0;0;0;0
5743;90-94 jaar;2033;;;;;;25684;10681;15003;0;0;0;0;0;0;0;0;0
5744;90-94 jaar;2034;;;;;;26851;11223;15628;0;0;0;0;0;0;0;0;0
5745;90-94 jaar;2035;;;;;;27464;11509;15955;0;0;0;0;0;0;0;0;0
5746;90-94 jaar;2036;;;;;;30780;12978;17802;0;0;0;0;0;0;0;0;0
5747;90-94 jaar;2037;;;;;;33329;14062;19267;0;0;0;0;0;0;0;0;0
5748;90-94 jaar;2038;;;;;;34821;14704;20117;0;0;0;0;0;0;0;0;0
5749;90-94 jaar;2039;;;;;;35629;15046;20583;0;0;0;0;0;0;0;0;0
5750;90-94 jaar;2040;;;;;;36314;15315;20999;0;0;0;0;0;0;0;0;0
5751;90-94 jaar;2041;;;;;;35481;14983;20498;0;0;0;0;0;0;0;0;0
5752;90-94 jaar;2042;;;;;;35211;14896;20315;0;0;0;0;0;0;0;0;0
5753;90-94 jaar;2043;;;;;;35220;14909;20311;0;0;0;0;0;0;0;0;0
5754;90-94 jaar;2044;;;;;;35496;15032;20464;0;0;0;0;0;0;0;0;0
5755;90-94 jaar;2045;;;;;;35929;15203;20726;0;0;0;0;0;0;0;0;0
5756;90-94 jaar;2046;;;;;;36538;15472;21066;0;0;0;0;0;0;0;0;0
5757;90-94 jaar;2047;;;;;;37088;15716;21372;0;0;0;0;0;0;0;0;0
5758;90-94 jaar;2048;;;;;;37768;16014;21754;0;0;0;0;0;0;0;0;0
5759;90-94 jaar;2049;;;;;;38578;16369;22209;0;0;0;0;0;0;0;0;0
5760;95 jaar of ouder;2002;;;;;;5511;1133;4378;0;0;0;0;0;0;0;0;0
5761;95 jaar of ouder;2003;;;;;;5801;1171;4630;0;0;0;0;0;0;0;0;0
5762;95 jaar of ouder;2004;;;;;;6116;1202;4914;0;0;0;0;0;0;0;0;0
5763;95 jaar of ouder;2005;;;;;;6384;1247;5137;0;0;0;0;0;0;0;0;0
5764;95 jaar of ouder;2006;;;;;;6584;1296;5288;0;0;0;0;0;0;0;0;0
5765;95 jaar of ouder;2007;;;;;;6839;1361;5478;0;0;0;0;0;0;0;0;0
5766;95 jaar of ouder;2008;;;;;;7088;1434;5654;0;0;0;0;0;0;0;0;0
5767;95 jaar of ouder;2009;;;;;;7327;1515;5812;0;0;0;0;0;0;0;0;0
5768;95 jaar of ouder;2010;;;;;;7424;1560;5864;0;0;0;0;0;0;0;0;0
5769;95 jaar of ouder;2011;;;;;;7518;1603;5915;0;0;0;0;0;0;0;0;0
5770;95 jaar of ouder;2012;;;;;;7611;1658;5953;0;0;0;0;0;0;0;0;0
5771;95 jaar of ouder;2013;;;;;;7633;1691;5942;0;0;0;0;0;0;0;0;0
5772;95 jaar of ouder;2014;;;;;;7734;1757;5977;0;0;0;0;0;0;0;0;0
5773;95 jaar of ouder;2015;;;;;;8198;1927;6271;0;0;0;0;0;0;0;0;0
5774;95 jaar of ouder;2016;;;;;;8565;2062;6503;0;0;0;0;0;0;0;0;0
5775;95 jaar of ouder;2017;;;;;;8857;2184;6673;0;0;0;0;0;0;0;0;0
5776;95 jaar of ouder;2018;;;;;;9159;2305;6854;0;0;0;0;0;0;0;0;0
5777;95 jaar of ouder;2019;;;;;;9356;2387;6969;0;0;0;0;0;0;0;0;0
5778;95 jaar of ouder;2020;;;;;;9463;2456;7007;0;0;0;0;0;0;0;0;0
5779;95 jaar of ouder;2021;;;;;;9551;2533;7018;0;0;0;0;0;0;0;0;0
5780;95 jaar of ouder;2022;;;;;;9590;2596;6994;0;0;0;0;0;0;0;0;0
5781;95 jaar of ouder;2023;;;;;;9706;2682;7024;0;0;0;0;0;0;0;0;0
5782;95 jaar of ouder;2024;;;;;;9801;2762;7039;0;0;0;0;0;0;0;0;0
5783;95 jaar of ouder;2025;;;;;;9986;2875;7111;0;0;0;0;0;0;0;0;0
5784;95 jaar of ouder;2026;;;;;;10103;2959;7144;0;0;0;0;0;0;0;0;0
5785;95 jaar of ouder;2027;;;;;;10256;3054;7202;0;0;0;0;0;0;0;0;0
5786;95 jaar of ouder;2028;;;;;;10317;3114;7203;0;0;0;0;0;0;0;0;0
5787;95 jaar of ouder;2029;;;;;;10413;3187;7226;0;0;0;0;0;0;0;0;0
5788;95 jaar of ouder;2030;;;;;;10511;3263;7248;0;0;0;0;0;0;0;0;0
5789;95 jaar of ouder;2031;;;;;;10645;3350;7295;0;0;0;0;0;0;0;0;0
5790;95 jaar of ouder;2032;;;;;;10773;3428;7345;0;0;0;0;0;0;0;0;0
5791;95 jaar of ouder;2033;;;;;;11040;3558;7482;0;0;0;0;0;0;0;0;0
5792;95 jaar of ouder;2034;;;;;;11325;3684;7641;0;0;0;0;0;0;0;0;0
5793;95 jaar of ouder;2035;;;;;;11664;3830;7834;0;0;0;0;0;0;0;0;0
5794;95 jaar of ouder;2036;;;;;;11862;3927;7935;0;0;0;0;0;0;0;0;0
5795;95 jaar of ouder;2037;;;;;;12160;4057;8103;0;0;0;0;0;0;0;0;0
5796;95 jaar of ouder;2038;;;;;;12649;4255;8394;0;0;0;0;0;0;0;0;0
5797;95 jaar of ouder;2039;;;;;;13228;4479;8749;0;0;0;0;0;0;0;0;0
5798;95 jaar of ouder;2040;;;;;;13532;4588;8944;0;0;0;0;0;0;0;0;0
5799;95 jaar of ouder;2041;;;;;;15093;5187;9906;0;0;0;0;0;0;0;0;0
5800;95 jaar of ouder;2042;;;;;;16212;5584;10628;0;0;0;0;0;0;0;0;0
5801;95 jaar of ouder;2043;;;;;;16860;5803;11057;0;0;0;0;0;0;0;0;0
5802;95 jaar of ouder;2044;;;;;;17217;5904;11313;0;0;0;0;0;0;0;0;0
5803;95 jaar of ouder;2045;;;;;;17422;5949;11473;0;0;0;0;0;0;0;0;0
5804;95 jaar of ouder;2046;;;;;;17496;5963;11533;0;0;0;0;0;0;0;0;0
5805;95 jaar of ouder;2047;;;;;;17664;6022;11642;0;0;0;0;0;0;0;0;0
5806;95 jaar of ouder;2048;;;;;;17784;6061;11723;0;0;0;0;0;0;0;0;0
5807;95 jaar of ouder;2049;;;;;;17945;6119;11826;0;0;0;0;0;0;0;0;0
5808;0-9 jaar;2002;;;;;;1377;762;615;16064;8109;7955;10536;5375;5161;5528;2734;2794
5809;0-9 jaar;2003;;;;;;1361;749;612;14616;7369;7247;10497;5366;5131;4119;2003;2116
5810;0-9 jaar;2004;;;;;;1339;734;605;14089;7097;6992;10386;5320;5066;3703;1777;1926
5811;0-9 jaar;2005;;;;;;1315;718;597;13948;7012;6936;10254;5260;4994;3694;1752;1942
5812;0-9 jaar;2006;;;;;;1291;702;589;14131;7099;7032;10114;5191;4923;4017;1908;2109
5813;0-9 jaar;2007;;;;;;1266;686;580;14570;7327;7243;10002;5135;4867;4568;2192;2376
5814;0-9 jaar;2008;;;;;;1250;675;575;15139;7629;7510;9925;5093;4832;5214;2536;2678
5815;0-9 jaar;2009;;;;;;1231;664;567;15719;7943;7776;9888;5069;4819;5831;2874;2957
5816;0-9 jaar;2010;;;;;;1214;653;561;16201;8203;7998;9864;5056;4808;6337;3147;3190
5817;0-9 jaar;2011;;;;;;1204;645;559;16549;8391;8158;9887;5064;4823;6662;3327;3335
5818;0-9 jaar;2012;;;;;;1196;640;556;16728;8492;8236;9927;5084;4843;6801;3408;3393
5819;0-9 jaar;2013;;;;;;1192;638;554;16801;8531;8270;9959;5099;4860;6842;3432;3410
5820;0-9 jaar;2014;;;;;;1186;633;553;16848;8552;8296;9980;5111;4869;6868;3441;3427
5821;0-9 jaar;2015;;;;;;1185;631;554;16895;8577;8318;9994;5117;4877;6901;3460;3441
5822;0-9 jaar;2016;;;;;;1187;632;555;16926;8594;8332;10006;5122;4884;6920;3472;3448
5823;0-9 jaar;2017;;;;;;1191;634;557;16964;8615;8349;10023;5133;4890;6941;3482;3459
5824;0-9 jaar;2018;;;;;;1195;636;559;16985;8624;8361;10040;5140;4900;6945;3484;3461
5825;0-9 jaar;2019;;;;;;1196;635;561;17007;8638;8369;10065;5153;4912;6942;3485;3457
5826;0-9 jaar;2020;;;;;;1199;637;562;17016;8644;8372;10095;5167;4928;6921;3477;3444
5827;0-9 jaar;2021;;;;;;1203;639;564;17019;8647;8372;10133;5186;4947;6886;3461;3425
5828;0-9 jaar;2022;;;;;;1206;640;566;17026;8654;8372;10170;5204;4966;6856;3450;3406
5829;0-9 jaar;2023;;;;;;1209;641;568;17030;8658;8372;10211;5223;4988;6819;3435;3384
5830;0-9 jaar;2024;;;;;;1210;642;568;17032;8660;8372;10252;5244;5008;6780;3416;3364
5831;0-9 jaar;2025;;;;;;1211;642;569;17037;8665;8372;10294;5264;5030;6743;3401;3342
5832;0-9 jaar;2026;;;;;;1211;642;569;17042;8670;8372;10332;5283;5049;6710;3387;3323
5833;0-9 jaar;2027;;;;;;1212;642;570;17047;8675;8372;10370;5303;5067;6677;3372;3305
5834;0-9 jaar;2028;;;;;;1210;641;569;17051;8679;8372;10403;5316;5087;6648;3363;3285
5835;0-9 jaar;2029;;;;;;1211;641;570;17056;8684;8372;10432;5332;5100;6624;3352;3272
5836;0-9 jaar;2030;;;;;;1209;640;569;17061;8689;8372;10455;5342;5113;6606;3347;3259
5837;0-9 jaar;2031;;;;;;1208;640;568;17063;8691;8372;10472;5349;5123;6591;3342;3249
5838;0-9 jaar;2032;;;;;;1204;637;567;17069;8697;8372;10489;5357;5132;6580;3340;3240
5839;0-9 jaar;2033;;;;;;1200;635;565;17071;8699;8372;10496;5359;5137;6575;3340;3235
5840;0-9 jaar;2034;;;;;;1196;633;563;17076;8704;8372;10503;5362;5141;6573;3342;3231
5841;0-9 jaar;2035;;;;;;1188;629;559;17083;8711;8372;10496;5359;5137;6587;3352;3235
5842;0-9 jaar;2036;;;;;;1181;625;556;17086;8714;8372;10491;5354;5137;6595;3360;3235
5843;0-9 jaar;2037;;;;;;1176;622;554;17090;8718;8372;10475;5345;5130;6615;3373;3242
5844;0-9 jaar;2038;;;;;;1166;616;550;17094;8722;8372;10458;5336;5122;6636;3386;3250
5845;0-9 jaar;2039;;;;;;1159;613;546;17100;8728;8372;10436;5324;5112;6664;3404;3260
5846;0-9 jaar;2040;;;;;;1152;609;543;17103;8731;8372;10410;5308;5102;6693;3423;3270
5847;0-9 jaar;2041;;;;;;1147;607;540;17108;8736;8372;10384;5296;5088;6724;3440;3284
5848;0-9 jaar;2042;;;;;;1143;605;538;17113;8741;8372;10360;5283;5077;6753;3458;3295
5849;0-9 jaar;2043;;;;;;1138;602;536;17115;8743;8372;10335;5270;5065;6780;3473;3307
5850;0-9 jaar;2044;;;;;;1133;600;533;17120;8748;8372;10312;5259;5053;6808;3489;3319
5851;0-9 jaar;2045;;;;;;1132;599;533;17123;8751;8372;10295;5248;5047;6828;3503;3325
5852;0-9 jaar;2046;;;;;;1130;597;533;17131;8759;8372;10286;5243;5043;6845;3516;3329
5853;0-9 jaar;2047;;;;;;1130;598;532;17134;8762;8372;10272;5236;5036;6862;3526;3336
5854;0-9 jaar;2048;;;;;;1128;597;531;17137;8765;8372;10270;5235;5035;6867;3530;3337
5855;0-9 jaar;2049;;;;;;1129;597;532;17142;8770;8372;10271;5236;5035;6871;3534;3337
5856;10-19 jaar;2002;2618.0;2404.0;195.0;16.0;0.0;540;317;223;17734;9332;8402;7479;3882;3597;10255;5450;4805
5857;10-19 jaar;2003;2574.0;2367.0;194.0;15.0;0.0;541;316;225;15686;8228;7458;7459;3856;3603;8227;4372;3855
5858;10-19 jaar;2004;2521.0;2316.0;190.0;14.0;0.0;542;315;227;14783;7639;7144;7361;3790;3571;7422;3849;3573
5859;10-19 jaar;2005;2456.0;2257.0;187.0;14.0;0.0;542;314;228;14279;7267;7012;7259;3721;3538;7020;3546;3474
5860;10-19 jaar;2006;2371.0;2170.0;181.0;13.0;0.0;543;313;230;14158;7114;7044;7181;3662;3519;6977;3452;3525
5861;10-19 jaar;2007;2277.0;2093.0;174.0;12.0;1.0;540;310;230;14394;7191;7203;7130;3615;3515;7264;3576;3688
5862;10-19 jaar;2008;2208.0;2030.0;170.0;11.0;1.0;543;309;234;14814;7391;7423;7129;3599;3530;7685;3792;3893
5863;10-19 jaar;2009;2144.0;1962.0;167.0;10.0;1.0;543;311;232;15232;7588;7644;7156;3603;3553;8076;3985;4091
5864;10-19 jaar;2010;1918.0;1752.0;152.0;8.0;1.0;538;306;232;15600;7761;7839;7197;3614;3583;8403;4147;4256
5865;10-19 jaar;2011;1882.0;1725.0;150.0;8.0;1.0;535;303;232;15869;7889;7980;7235;3629;3606;8634;4260;4374
5866;10-19 jaar;2012;1856.0;1708.0;150.0;8.0;1.0;534;302;232;15991;7934;8057;7273;3644;3629;8718;4290;4428
5867;10-19 jaar;2013;1850.0;1693.0;151.0;9.0;1.0;529;297;232;16031;7939;8092;7323;3667;3656;8708;4272;4436
5868;10-19 jaar;2014;1832.0;1670.0;148.0;10.0;1.0;530;297;233;16048;7936;8112;7364;3686;3678;8684;4250;4434
5869;10-19 jaar;2015;1835.0;1677.0;148.0;10.0;1.0;526;294;232;16061;7932;8129;7411;3706;3705;8650;4226;4424
5870;10-19 jaar;2016;1874.0;1707.0;152.0;10.0;1.0;524;294;230;16068;7925;8143;7449;3722;3727;8619;4203;4416
5871;10-19 jaar;2017;1900.0;1736.0;154.0;11.0;1.0;526;295;231;16074;7916;8158;7474;3734;3740;8600;4182;4418
5872;10-19 jaar;2018;1928.0;1747.0;156.0;11.0;1.0;516;289;227;16078;7911;8167;7477;3732;3745;8601;4179;4422
5873;10-19 jaar;2019;1942.0;1755.0;160.0;12.0;1.0;509;286;223;16067;7892;8175;7477;3731;3746;8590;4161;4429
5874;10-19 jaar;2020;1894.0;1727.0;157.0;11.0;1.0;502;281;221;16052;7875;8177;7452;3717;3735;8600;4158;4442
5875;10-19 jaar;2021;1878.0;1712.0;156.0;11.0;2.0;493;276;217;16034;7857;8177;7435;3708;3727;8599;4149;4450
5876;10-19 jaar;2022;1859.0;1691.0;154.0;11.0;2.0;486;272;214;16014;7837;8177;7423;3699;3724;8591;4138;4453
5877;10-19 jaar;2023;1832.0;1666.0;152.0;11.0;2.0;478;268;210;16001;7824;8177;7410;3692;3718;8591;4132;4459
5878;10-19 jaar;2024;1805.0;1641.0;150.0;11.0;2.0;471;263;208;15982;7805;8177;7395;3685;3710;8587;4120;4467
5879;10-19 jaar;2025;1780.0;1616.0;148.0;11.0;2.0;467;261;206;15962;7785;8177;7380;3674;3706;8582;4111;4471
5880;10-19 jaar;2026;1768.0;1598.0;147.0;12.0;2.0;459;257;202;15946;7769;8177;7375;3670;3705;8571;4099;4472
5881;10-19 jaar;2027;1743.0;1581.0;144.0;12.0;2.0;455;254;201;15929;7752;8177;7365;3664;3701;8564;4088;4476
5882;10-19 jaar;2028;1721.0;1571.0;142.0;12.0;1.0;454;254;200;15912;7735;8177;7365;3662;3703;8547;4073;4474
5883;10-19 jaar;2029;1724.0;1564.0;143.0;12.0;1.0;453;253;200;15896;7719;8177;7369;3661;3708;8527;4058;4469
5884;10-19 jaar;2030;1713.0;1563.0;142.0;12.0;1.0;452;252;200;15877;7700;8177;7380;3666;3714;8497;4034;4463
5885;10-19 jaar;2031;1704.0;1562.0;142.0;11.0;1.0;451;252;199;15861;7684;8177;7384;3665;3719;8477;4019;4458
5886;10-19 jaar;2032;1718.0;1565.0;144.0;12.0;1.0;450;251;199;15842;7665;8177;7397;3670;3727;8445;3995;4450
5887;10-19 jaar;2033;1725.0;1572.0;143.0;12.0;1.0;450;251;199;15823;7646;8177;7413;3675;3738;8410;3971;4439
5888;10-19 jaar;2034;1733.0;1579.0;142.0;12.0;1.0;451;252;199;15804;7627;8177;7429;3682;3747;8375;3945;4430
5889;10-19 jaar;2035;1753.0;1588.0;144.0;12.0;1.0;451;252;199;15789;7612;8177;7439;3685;3754;8350;3927;4423
5890;10-19 jaar;2036;1755.0;1600.0;146.0;12.0;1.0;451;253;198;15772;7595;8177;7454;3691;3763;8318;3904;4414
5891;10-19 jaar;2037;1776.0;1612.0;146.0;12.0;1.0;452;253;199;15752;7575;8177;7475;3700;3775;8277;3875;4402
5892;10-19 jaar;2038;1787.0;1625.0;147.0;13.0;1.0;451;253;198;15733;7556;8177;7484;3702;3782;8249;3854;4395
5893;10-19 jaar;2039;1797.0;1638.0;150.0;13.0;1.0;451;253;198;15718;7541;8177;7495;3707;3788;8223;3834;4389
5894;10-19 jaar;2040;1808.0;1648.0;150.0;13.0;1.0;452;254;198;15700;7523;8177;7507;3711;3796;8193;3812;4381
5895;10-19 jaar;2041;1817.0;1656.0;151.0;13.0;1.0;451;253;198;15684;7507;8177;7514;3714;3800;8170;3793;4377
5896;10-19 jaar;2042;1824.0;1663.0;151.0;13.0;1.0;451;253;198;15665;7488;8177;7521;3714;3807;8144;3774;4370
5897;10-19 jaar;2043;1831.0;1668.0;152.0;13.0;1.0;448;251;197;15647;7470;8177;7528;3717;3811;8119;3753;4366
5898;10-19 jaar;2044;1836.0;1674.0;152.0;13.0;1.0;448;251;197;15630;7453;8177;7527;3717;3810;8103;3736;4367
5899;10-19 jaar;2045;1840.0;1677.0;153.0;13.0;1.0;448;251;197;15611;7434;8177;7522;3713;3809;8089;3721;4368
5900;10-19 jaar;2046;1843.0;1680.0;153.0;13.0;1.0;447;251;196;15593;7416;8177;7524;3714;3810;8069;3702;4367
5901;10-19 jaar;2047;1845.0;1682.0;153.0;13.0;1.0;444;248;196;15578;7401;8177;7520;3711;3809;8058;3690;4368
5902;10-19 jaar;2048;1847.0;1683.0;153.0;13.0;1.0;442;248;194;15558;7381;8177;7508;3704;3804;8050;3677;4373
5903;10-19 jaar;2049;1846.0;1683.0;153.0;13.0;1.0;438;246;192;15541;7364;8177;7499;3699;3800;8042;3665;4377
5904;20-29 jaar;2002;69085.0;43463.0;20034.0;4422.0;1160.0;889;622;267;38902;18662;20240;21495;11259;10236;17407;7403;10004
5905;20-29 jaar;2003;67768.0;42645.0;19636.0;4359.0;1127.0;867;604;263;34801;16613;18188;21427;11224;10203;13374;5389;7985
5906;20-29 jaar;2004;66904.0;42097.0;19371.0;4327.0;1103.0;855;593;262;33398;15872;17526;21278;11155;10123;12120;4717;7403
5907;20-29 jaar;2005;66650.0;41905.0;19294.0;4344.0;1101.0;847;585;262;32998;15575;17423;21150;11083;10067;11848;4492;7356
5908;20-29 jaar;2006;66681.0;41883.0;19305.0;4383.0;1100.0;844;580;264;33451;15683;17768;21088;11036;10052;12363;4647;7716
5909;20-29 jaar;2007;66863.0;41944.0;19378.0;4436.0;1101.0;844;577;267;34594;16153;18441;21143;11050;10093;13451;5103;8348
5910;20-29 jaar;2008;66993.0;41984.0;19426.0;4481.0;1102.0;840;571;269;36079;16806;19273;21287;11098;10189;14792;5708;9084
5911;20-29 jaar;2009;67279.0;42108.0;19530.0;4537.0;1106.0;841;571;270;37546;17449;20097;21562;11212;10350;15984;6237;9747
5912;20-29 jaar;2010;67221.0;42009.0;19501.0;4595.0;1097.0;840;569;271;38795;18003;20792;21900;11347;10553;16895;6656;10239
5913;20-29 jaar;2011;67670.0;42350.0;19593.0;4637.0;1098.0;841;568;273;39636;18376;21260;22273;11494;10779;17363;6882;10481
5914;20-29 jaar;2012;68651.0;42938.0;19869.0;4722.0;1116.0;846;570;276;40033;18552;21481;22630;11626;11004;17403;6926;10477
5915;20-29 jaar;2013;69834.0;43614.0;20241.0;4838.0;1134.0;846;569;277;40189;18623;21566;22941;11742;11199;17248;6881;10367
5916;20-29 jaar;2014;70883.0;44208.0;20573.0;4939.0;1157.0;847;570;277;40275;18664;21611;23164;11816;11348;17111;6848;10263
5917;20-29 jaar;2015;71710.0;44652.0;20843.0;5027.0;1173.0;845;566;279;40356;18699;21657;23320;11862;11458;17036;6837;10199
5918;20-29 jaar;2016;72196.0;44907.0;20996.0;5086.0;1184.0;842;564;278;40425;18732;21693;23431;11894;11537;16994;6838;10156
5919;20-29 jaar;2017;72707.0;45181.0;21167.0;5149.0;1196.0;837;561;276;40484;18759;21725;23511;11905;11606;16973;6854;10119
5920;20-29 jaar;2018;73266.0;45500.0;21357.0;5214.0;1209.0;836;559;277;40528;18779;21749;23589;11928;11661;16939;6851;10088
5921;20-29 jaar;2019;73729.0;45732.0;21500.0;5263.0;1217.0;836;559;277;40560;18796;21764;23639;11942;11697;16921;6854;10067
5922;20-29 jaar;2020;73754.0;45779.0;21489.0;5267.0;1220.0;833;555;278;40578;18807;21771;23668;11942;11726;16910;6865;10045
5923;20-29 jaar;2021;73719.0;45790.0;21448.0;5267.0;1214.0;827;552;275;40583;18812;21771;23690;11947;11743;16893;6865;10028
5924;20-29 jaar;2022;73836.0;45884.0;21469.0;5279.0;1211.0;827;551;276;40590;18819;21771;23719;11955;11764;16871;6864;10007
5925;20-29 jaar;2023;74040.0;46004.0;21510.0;5301.0;1214.0;821;547;274;40600;18829;21771;23763;11977;11786;16837;6852;9985
5926;20-29 jaar;2024;74213.0;46123.0;21538.0;5325.0;1214.0;814;542;272;40604;18833;21771;23798;11985;11813;16806;6848;9958
5927;20-29 jaar;2025;74664.0;46374.0;21688.0;5381.0;1224.0;808;539;269;40614;18843;21771;23838;12001;11837;16776;6842;9934
5928;20-29 jaar;2026;75234.0;46637.0;21899.0;5448.0;1240.0;804;536;268;40617;18846;21771;23860;12004;11856;16757;6842;9915
5929;20-29 jaar;2027;75522.0;46727.0;22040.0;5500.0;1253.0;798;531;267;40625;18854;21771;23852;11996;11856;16773;6858;9915
5930;20-29 jaar;2028;75386.0;46582.0;22033.0;5506.0;1255.0;787;525;262;40629;18858;21771;23789;11955;11834;16840;6903;9937
5931;20-29 jaar;2029;75035.0;46305.0;21965.0;5498.0;1256.0;778;518;260;40639;18868;21771;23704;11904;11800;16935;6964;9971
5932;20-29 jaar;2030;74207.0;45802.0;21718.0;5444.0;1243.0;763;508;255;40643;18872;21771;23573;11828;11745;17070;7044;10026
5933;20-29 jaar;2031;73518.0;45358.0;21513.0;5399.0;1230.0;751;500;251;40651;18880;21771;23464;11763;11701;17187;7117;10070
5934;20-29 jaar;2032;72803.0;44923.0;21300.0;5351.0;1218.0;741;495;246;40660;18889;21771;23353;11698;11655;17307;7191;10116
5935;20-29 jaar;2033;72050.0;44485.0;21065.0;5298.0;1204.0;733;489;244;40666;18895;21771;23253;11637;11616;17413;7258;10155
5936;20-29 jaar;2034;71409.0;44109.0;20852.0;5244.0;1191.0;722;482;240;40669;18898;21771;23172;11586;11586;17497;7312;10185
5937;20-29 jaar;2035;70884.0;43816.0;20677.0;5203.0;1179.0;717;478;239;40680;18909;21771;23103;11542;11561;17577;7367;10210
5938;20-29 jaar;2036;70498.0;43608.0;20539.0;5172.0;1169.0;711;474;237;40686;18915;21771;23061;11515;11546;17625;7400;10225
5939;20-29 jaar;2037;70275.0;43493.0;20447.0;5153.0;1163.0;705;470;235;40693;18922;21771;23037;11497;11540;17656;7425;10231
5940;20-29 jaar;2038;70163.0;43459.0;20397.0;5143.0;1158.0;702;469;233;40697;18926;21771;23035;11490;11545;17662;7436;10226
5941;20-29 jaar;2039;70201.0;43497.0;20391.0;5146.0;1156.0;698;467;231;40705;18934;21771;23050;11494;11556;17655;7440;10215
5942;20-29 jaar;2040;70346.0;43598.0;20422.0;5156.0;1158.0;697;466;231;40711;18940;21771;23079;11504;11575;17632;7436;10196
5943;20-29 jaar;2041;70567.0;43750.0;20473.0;5174.0;1163.0;697;466;231;40718;18947;21771;23122;11526;11596;17596;7421;10175
5944;20-29 jaar;2042;70854.0;43933.0;20547.0;5195.0;1164.0;696;466;230;40726;18955;21771;23175;11549;11626;17551;7406;10145
5945;20-29 jaar;2043;71169.0;44136.0;20634.0;5219.0;1169.0;696;466;230;40730;18959;21771;23229;11578;11651;17501;7381;10120
5946;20-29 jaar;2044;71518.0;44345.0;20737.0;5249.0;1178.0;697;466;231;40737;18966;21771;23285;11603;11682;17452;7363;10089
5947;20-29 jaar;2045;71884.0;44561.0;20846.0;5280.0;1180.0;696;466;230;40747;18976;21771;23350;11638;11712;17397;7338;10059
5948;20-29 jaar;2046;72242.0;44771.0;20957.0;5306.0;1189.0;695;466;229;40751;18980;21771;23407;11667;11740;17344;7313;10031
5949;20-29 jaar;2047;72571.0;44965.0;21069.0;5330.0;1196.0;695;466;229;40759;18988;21771;23462;11695;11767;17297;7293;10004
5950;20-29 jaar;2048;72863.0;45121.0;21174.0;5354.0;1203.0;696;466;230;40764;18993;21771;23511;11721;11790;17253;7272;9981
5951;20-29 jaar;2049;73152.0;45291.0;21268.0;5376.0;1208.0;695;466;229;40772;19001;21771;23559;11747;11812;17213;7254;9959
5952;30-39 jaar;2002;124320.0;45267.0;52043.0;19431.0;7567.0;1879;1178;701;27955;15403;12552;24892;14721;10171;3063;682;2381
5953;30-39 jaar;2003;123795.0;43182.0;52463.0;19420.0;8723.0;1829;1137;692;25486;14038;11448;24519;14427;10092;967;-389;1356
5954;30-39 jaar;2004;121038.0;41906.0;51453.0;19056.0;8634.0;1778;1094;684;24441;13405;11036;23979;14037;9942;462;-632;1094
5955;30-39 jaar;2005;117696.0;40536.0;50142.0;18527.0;8509.0;1721;1052;669;24100;13139;10961;23406;13640;9766;694;-501;1195
5956;30-39 jaar;2006;114363.0;39312.0;48755.0;17946.0;8360.0;1672;1016;656;24340;13194;11146;22910;13292;9618;1430;-98;1528
5957;30-39 jaar;2007;111165.0;38290.0;47435.0;17272.0;8180.0;1622;979;643;25088;13557;11531;22481;12993;9488;2607;564;2043
5958;30-39 jaar;2008;108549.0;37526.0;46350.0;16695.0;7999.0;1571;941;630;26095;14073;12022;22173;12764;9409;3922;1309;2613
5959;30-39 jaar;2009;106147.0;36841.0;45451.0;16065.0;7776.0;1508;896;612;27096;14592;12504;21930;12569;9361;5166;2023;3143
5960;30-39 jaar;2010;105075.0;36851.0;45016.0;15601.0;7613.0;1451;858;593;27961;15039;12922;21837;12466;9371;6124;2573;3551
5961;30-39 jaar;2011;104082.0;36582.0;44731.0;15277.0;7484.0;1401;824;577;28562;15349;13213;21882;12455;9427;6680;2894;3786
5962;30-39 jaar;2012;103147.0;36232.0;44494.0;15023.0;7398.0;1357;796;561;28878;15508;13370;21993;12490;9503;6885;3018;3867
5963;30-39 jaar;2013;102602.0;35991.0;44372.0;14863.0;7370.0;1333;779;554;29028;15583;13445;22178;12573;9605;6850;3010;3840
5964;30-39 jaar;2014;102492.0;35949.0;44402.0;14771.0;7370.0;1313;766;547;29108;15620;13488;22401;12677;9724;6707;2943;3764
5965;30-39 jaar;2015;102803.0;36057.0;44588.0;14745.0;7401.0;1305;759;546;29179;15654;13525;22643;12789;9854;6536;2865;3671
5966;30-39 jaar;2016;103527.0;36364.0;44943.0;14768.0;7453.0;1300;754;546;29249;15687;13562;22899;12907;9992;6350;2780;3570
5967;30-39 jaar;2017;104332.0;36657.0;45355.0;14808.0;7509.0;1296;751;545;29308;15719;13589;23125;13016;10109;6183;2703;3480
5968;30-39 jaar;2018;105126.0;36916.0;45779.0;14857.0;7565.0;1294;748;546;29352;15740;13612;23322;13104;10218;6030;2636;3394
5969;30-39 jaar;2019;106071.0;37228.0;46259.0;14930.0;7637.0;1294;747;547;29382;15755;13627;23500;13183;10317;5882;2572;3310
5970;30-39 jaar;2020;107278.0;37692.0;46853.0;15024.0;7710.0;1291;744;547;29390;15760;13630;23683;13268;10415;5707;2492;3215
5971;30-39 jaar;2021;108507.0;38135.0;47432.0;15135.0;7798.0;1290;744;546;29394;15764;13630;23829;13327;10502;5565;2437;3128
5972;30-39 jaar;2022;109526.0;38445.0;47919.0;15252.0;7900.0;1295;747;548;29396;15766;13630;23942;13371;10571;5454;2395;3059
5973;30-39 jaar;2023;110359.0;38670.0;48323.0;15364.0;7999.0;1300;749;551;29401;15771;13630;24028;13398;10630;5373;2373;3000
5974;30-39 jaar;2024;111036.0;38853.0;48638.0;15453.0;8088.0;1303;749;554;29407;15777;13630;24082;13409;10673;5325;2368;2957
5975;30-39 jaar;2025;111247.0;38859.0;48738.0;15486.0;8147.0;1302;748;554;29410;15780;13630;24099;13402;10697;5311;2378;2933
5976;30-39 jaar;2026;111122.0;38780.0;48700.0;15471.0;8183.0;1296;745;551;29418;15788;13630;24105;13394;10711;5313;2394;2919
5977;30-39 jaar;2027;111239.0;38810.0;48724.0;15469.0;8218.0;1289;742;547;29418;15788;13630;24113;13381;10732;5305;2407;2898
5978;30-39 jaar;2028;111640.0;39010.0;48886.0;15494.0;8253.0;1287;741;546;29425;15795;13630;24152;13390;10762;5273;2405;2868
5979;30-39 jaar;2029;112147.0;39234.0;49092.0;15519.0;8283.0;1285;739;546;29427;15797;13630;24185;13400;10785;5242;2397;2845
5980;30-39 jaar;2030;112884.0;39569.0;49432.0;15553.0;8312.0;1279;735;544;29432;15802;13630;24229;13412;10817;5203;2390;2813
5981;30-39 jaar;2031;113373.0;39751.0;49702.0;15572.0;8336.0;1271;732;539;29435;15805;13630;24245;13415;10830;5190;2390;2800
5982;30-39 jaar;2032;113742.0;39852.0;49917.0;15598.0;8364.0;1265;728;537;29438;15808;13630;24252;13412;10840;5186;2396;2790
5983;30-39 jaar;2033;113969.0;39901.0;50048.0;15618.0;8402.0;1257;724;533;29441;15811;13630;24260;13413;10847;5181;2398;2783
5984;30-39 jaar;2034;113911.0;39838.0;50035.0;15611.0;8428.0;1250;719;531;29446;15816;13630;24249;13402;10847;5197;2414;2783
5985;30-39 jaar;2035;113650.0;39691.0;49901.0;15599.0;8452.0;1244;716;528;29450;15820;13630;24242;13395;10847;5208;2425;2783
5986;30-39 jaar;2036;113146.0;39463.0;49643.0;15557.0;8464.0;1239;712;527;29455;15825;13630;24217;13377;10840;5238;2448;2790
5987;30-39 jaar;2037;112381.0;39166.0;49282.0;15478.0;8449.0;1230;709;521;29458;15828;13630;24178;13350;10828;5280;2478;2802
5988;30-39 jaar;2038;111419.0;38820.0;48842.0;15354.0;8404.0;1220;702;518;29461;15831;13630;24119;13313;10806;5342;2518;2824
5989;30-39 jaar;2039;110416.0;38472.0;48374.0;15214.0;8344.0;1204;693;511;29468;15838;13630;24050;13269;10781;5418;2569;2849
5990;30-39 jaar;2040;109346.0;38129.0;47907.0;15047.0;8262.0;1185;681;504;29472;15842;13630;23965;13217;10748;5507;2625;2882
5991;30-39 jaar;2041;108429.0;37845.0;47506.0;14900.0;8190.0;1167;672;495;29476;15846;13630;23899;13175;10724;5577;2671;2906
5992;30-39 jaar;2042;107679.0;37617.0;47174.0;14770.0;8124.0;1151;664;487;29479;15849;13630;23843;13136;10707;5636;2713;2923
5993;30-39 jaar;2043;107088.0;37453.0;46916.0;14650.0;8061.0;1131;653;478;29487;15857;13630;23798;13107;10691;5689;2750;2939
5994;30-39 jaar;2044;106679.0;37357.0;46750.0;14561.0;8013.0;1117;645;472;29489;15859;13630;23766;13085;10681;5723;2774;2949
5995;30-39 jaar;2045;106478.0;37321.0;46664.0;14497.0;7977.0;1106;638;468;29492;15862;13630;23753;13076;10677;5739;2786;2953
5996;30-39 jaar;2046;106419.0;37349.0;46655.0;14458.0;7959.0;1097;633;464;29498;15868;13630;23753;13073;10680;5745;2795;2950
5997;30-39 jaar;2047;106546.0;37425.0;46710.0;14444.0;7952.0;1088;629;459;29500;15870;13630;23768;13081;10687;5732;2789;2943
5998;30-39 jaar;2048;106781.0;37541.0;46827.0;14449.0;7959.0;1082;625;457;29503;15873;13630;23793;13095;10698;5710;2778;2932
5999;30-39 jaar;2049;107137.0;37693.0;46987.0;14478.0;7975.0;1079;623;456;29508;15878;13630;23829;13117;10712;5679;2761;2918
6000;40-49 jaar;2002;6227.0;1447.0;2093.0;1325.0;1371.0;4709;2763;1946;11778;6759;5019;12758;7774;4984;-980;-1015;35
6001;40-49 jaar;2003;6750.0;1484.0;2193.0;1437.0;1645.0;4718;2744;1974;10811;6210;4601;12964;7914;5050;-2153;-1704;-449
6002;40-49 jaar;2004;6992.0;1558.0;2255.0;1513.0;1684.0;4738;2735;2003;10441;5972;4469;13147;8031;5116;-2706;-2059;-647
6003;40-49 jaar;2005;7136.0;1600.0;2281.0;1561.0;1697.0;4759;2730;2029;10361;5907;4454;13273;8115;5158;-2912;-2208;-704
6004;40-49 jaar;2006;7170.0;1619.0;2279.0;1581.0;1706.0;4767;2713;2054;10511;5967;4544;13321;8147;5174;-2810;-2180;-630
6005;40-49 jaar;2007;7219.0;1645.0;2278.0;1609.0;1711.0;4765;2694;2071;10847;6152;4695;13371;8167;5204;-2524;-2015;-509
6006;40-49 jaar;2008;7342.0;1681.0;2297.0;1645.0;1718.0;4760;2675;2085;11292;6409;4883;13451;8199;5252;-2159;-1790;-369
6007;40-49 jaar;2009;7561.0;1742.0;2357.0;1708.0;1759.0;4752;2656;2096;11737;6659;5078;13561;8249;5312;-1824;-1590;-234
6008;40-49 jaar;2010;7666.0;1785.0;2378.0;1734.0;1773.0;4736;2632;2104;12119;6882;5237;13640;8275;5365;-1521;-1393;-128
6009;40-49 jaar;2011;7588.0;1770.0;2347.0;1729.0;1768.0;4690;2593;2097;12394;7039;5355;13700;8282;5418;-1306;-1243;-63
6010;40-49 jaar;2012;7421.0;1736.0;2292.0;1676.0;1739.0;4636;2552;2084;12540;7119;5421;13724;8262;5462;-1184;-1143;-41
6011;40-49 jaar;2013;7146.0;1658.0;2184.0;1627.0;1679.0;4543;2488;2055;12607;7159;5448;13678;8203;5475;-1071;-1044;-27
6012;40-49 jaar;2014;6849.0;1592.0;2088.0;1554.0;1626.0;4429;2414;2015;12639;7175;5464;13595;8114;5481;-956;-939;-17
6013;40-49 jaar;2015;6617.0;1530.0;2005.0;1516.0;1577.0;4322;2342;1980;12684;7201;5483;13510;8031;5479;-826;-830;4
6014;40-49 jaar;2016;6469.0;1492.0;1950.0;1497.0;1538.0;4212;2275;1937;12712;7215;5497;13439;7958;5481;-727;-743;16
6015;40-49 jaar;2017;6385.0;1470.0;1920.0;1499.0;1511.0;4101;2207;1894;12738;7230;5508;13373;7892;5481;-635;-662;27
6016;40-49 jaar;2018;6386.0;1467.0;1918.0;1516.0;1504.0;3981;2137;1844;12754;7237;5517;13317;7833;5484;-563;-596;33
6017;40-49 jaar;2019;6408.0;1471.0;1919.0;1532.0;1498.0;3819;2046;1773;12771;7246;5525;13245;7760;5485;-474;-514;40
6018;40-49 jaar;2020;6492.0;1488.0;1945.0;1564.0;1513.0;3672;1962;1710;12775;7249;5526;13201;7709;5492;-426;-460;34
6019;40-49 jaar;2021;6565.0;1498.0;1959.0;1586.0;1527.0;3538;1887;1651;12778;7252;5526;13191;7684;5507;-413;-432;19
6020;40-49 jaar;2022;6553.0;1488.0;1947.0;1590.0;1519.0;3431;1829;1602;12782;7256;5526;13200;7673;5527;-418;-417;-1
6021;40-49 jaar;2023;6507.0;1478.0;1935.0;1590.0;1516.0;3360;1790;1570;12782;7256;5526;13243;7686;5557;-461;-430;-31
6022;40-49 jaar;2024;6558.0;1485.0;1944.0;1608.0;1522.0;3312;1765;1547;12783;7257;5526;13315;7716;5599;-532;-459;-73
6023;40-49 jaar;2025;6640.0;1505.0;1966.0;1637.0;1538.0;3288;1750;1538;12785;7259;5526;13401;7754;5647;-616;-495;-121
6024;40-49 jaar;2026;6792.0;1536.0;2006.0;1678.0;1564.0;3272;1739;1533;12786;7260;5526;13502;7800;5702;-716;-540;-176
6025;40-49 jaar;2027;6898.0;1558.0;2033.0;1710.0;1588.0;3267;1737;1530;12787;7261;5526;13598;7847;5751;-811;-586;-225
6026;40-49 jaar;2028;6962.0;1570.0;2051.0;1732.0;1603.0;3258;1732;1526;12788;7262;5526;13683;7887;5796;-895;-625;-270
6027;40-49 jaar;2029;7054.0;1587.0;2072.0;1759.0;1622.0;3253;1728;1525;12790;7264;5526;13773;7929;5844;-983;-665;-318
6028;40-49 jaar;2030;7182.0;1618.0;2113.0;1798.0;1652.0;3243;1724;1519;12790;7264;5526;13867;7976;5891;-1077;-712;-365
6029;40-49 jaar;2031;7293.0;1636.0;2139.0;1831.0;1675.0;3241;1724;1517;12792;7266;5526;13950;8016;5934;-1158;-750;-408
6030;40-49 jaar;2032;7328.0;1644.0;2143.0;1844.0;1687.0;3253;1730;1523;12792;7266;5526;14023;8051;5972;-1231;-785;-446
6031;40-49 jaar;2033;7329.0;1642.0;2142.0;1853.0;1692.0;3269;1737;1532;12794;7268;5526;14087;8075;6012;-1293;-807;-486
6032;40-49 jaar;2034;7351.0;1646.0;2142.0;1862.0;1696.0;3281;1744;1537;12795;7269;5526;14136;8094;6042;-1341;-825;-516
6033;40-49 jaar;2035;7327.0;1633.0;2128.0;1857.0;1690.0;3283;1746;1537;12795;7269;5526;14169;8106;6063;-1374;-837;-537
6034;40-49 jaar;2036;7268.0;1625.0;2115.0;1851.0;1681.0;3277;1743;1534;12796;7270;5526;14190;8112;6078;-1394;-842;-552
6035;40-49 jaar;2037;7299.0;1629.0;2122.0;1858.0;1685.0;3267;1737;1530;12799;7273;5526;14220;8121;6099;-1421;-848;-573
6036;40-49 jaar;2038;7397.0;1651.0;2151.0;1886.0;1703.0;3265;1736;1529;12800;7274;5526;14265;8141;6124;-1465;-867;-598
6037;40-49 jaar;2039;7470.0;1669.0;2175.0;1911.0;1720.0;3259;1735;1524;12802;7276;5526;14305;8161;6144;-1503;-885;-618
6038;40-49 jaar;2040;7595.0;1693.0;2209.0;1945.0;1745.0;3244;1727;1517;12803;7277;5526;14347;8181;6166;-1544;-904;-640
6039;40-49 jaar;2041;7613.0;1697.0;2214.0;1953.0;1754.0;3222;1716;1506;12804;7278;5526;14374;8195;6179;-1570;-917;-653
6040;40-49 jaar;2042;7607.0;1693.0;2206.0;1952.0;1752.0;3207;1708;1499;12804;7278;5526;14398;8210;6188;-1594;-932;-662
6041;40-49 jaar;2043;7592.0;1688.0;2198.0;1951.0;1750.0;3195;1703;1492;12805;7279;5526;14429;8226;6203;-1624;-947;-677
6042;40-49 jaar;2044;7537.0;1673.0;2178.0;1938.0;1740.0;3179;1694;1485;12805;7279;5526;14444;8236;6208;-1639;-957;-682
6043;40-49 jaar;2045;7475.0;1659.0;2156.0;1925.0;1727.0;3169;1689;1480;12806;7280;5526;14459;8245;6214;-1653;-965;-688
6044;40-49 jaar;2046;7383.0;1639.0;2132.0;1905.0;1710.0;3161;1683;1478;12809;7283;5526;14468;8247;6221;-1659;-964;-695
6045;40-49 jaar;2047;7312.0;1620.0;2107.0;1888.0;1693.0;3147;1677;1470;12810;7284;5526;14467;8246;6221;-1657;-962;-695
6046;40-49 jaar;2048;7260.0;1606.0;2084.0;1871.0;1677.0;3121;1663;1458;12812;7286;5526;14459;8240;6219;-1647;-954;-693
6047;40-49 jaar;2049;7194.0;1591.0;2067.0;1857.0;1666.0;3084;1645;1439;12814;7288;5526;14439;8230;6209;-1625;-942;-683
6048;50-59 jaar;2002;;;;;;10516;6401;4115;6030;3571;2459;6586;3987;2599;-556;-416;-140
6049;50-59 jaar;2003;;;;;;10636;6424;4212;5605;3323;2282;6678;4023;2655;-1073;-700;-373
6050;50-59 jaar;2004;;;;;;10754;6451;4303;5451;3212;2239;6756;4053;2703;-1305;-841;-464
6051;50-59 jaar;2005;;;;;;10963;6534;4429;5418;3180;2238;6835;4083;2752;-1417;-903;-514
6052;50-59 jaar;2006;;;;;;10699;6325;4374;5493;3217;2276;6846;4080;2766;-1353;-863;-490
6053;50-59 jaar;2007;;;;;;10503;6163;4340;5655;3323;2332;6874;4090;2784;-1219;-767;-452
6054;50-59 jaar;2008;;;;;;10399;6057;4342;5855;3452;2403;6939;4125;2814;-1084;-673;-411
6055;50-59 jaar;2009;;;;;;10374;6004;4370;6062;3582;2480;7039;4186;2853;-977;-604;-373
6056;50-59 jaar;2010;;;;;;10383;5977;4406;6242;3694;2548;7185;4279;2906;-943;-585;-358
6057;50-59 jaar;2011;;;;;;10432;5976;4456;6353;3769;2584;7325;4369;2956;-972;-600;-372
6058;50-59 jaar;2012;;;;;;10454;5962;4492;6419;3808;2611;7476;4466;3010;-1057;-658;-399
6059;50-59 jaar;2013;;;;;;10501;5971;4530;6451;3827;2624;7630;4567;3063;-1179;-740;-439
6060;50-59 jaar;2014;;;;;;10557;5984;4573;6473;3840;2633;7797;4674;3123;-1324;-834;-490
6061;50-59 jaar;2015;;;;;;10595;5995;4600;6496;3853;2643;7940;4763;3177;-1444;-910;-534
6062;50-59 jaar;2016;;;;;;10599;5985;4614;6513;3862;2651;8050;4830;3220;-1537;-968;-569
6063;50-59 jaar;2017;;;;;;10589;5971;4618;6529;3870;2659;8148;4884;3264;-1619;-1014;-605
6064;50-59 jaar;2018;;;;;;10567;5950;4617;6541;3876;2665;8243;4934;3309;-1702;-1058;-644
6065;50-59 jaar;2019;;;;;;10545;5931;4614;6554;3885;2669;8342;4986;3356;-1788;-1101;-687
6066;50-59 jaar;2020;;;;;;10506;5900;4606;6557;3887;2670;8415;5017;3398;-1858;-1130;-728
6067;50-59 jaar;2021;;;;;;10411;5842;4569;6557;3887;2670;8464;5031;3433;-1907;-1144;-763
6068;50-59 jaar;2022;;;;;;10276;5760;4516;6557;3887;2670;8484;5025;3459;-1927;-1138;-789
6069;50-59 jaar;2023;;;;;;10065;5635;4430;6557;3887;2670;8458;4990;3468;-1901;-1103;-798
6070;50-59 jaar;2024;;;;;;9812;5486;4326;6557;3887;2670;8408;4942;3466;-1851;-1055;-796
6071;50-59 jaar;2025;;;;;;9556;5337;4219;6557;3887;2670;8351;4895;3456;-1794;-1008;-786
6072;50-59 jaar;2026;;;;;;9312;5196;4116;6559;3889;2670;8299;4848;3451;-1740;-959;-781
6073;50-59 jaar;2027;;;;;;9070;5058;4012;6560;3890;2670;8255;4805;3450;-1695;-915;-780
6074;50-59 jaar;2028;;;;;;8810;4908;3902;6560;3890;2670;8207;4763;3444;-1647;-873;-774
6075;50-59 jaar;2029;;;;;;8475;4716;3759;6560;3890;2670;8147;4716;3431;-1587;-826;-761
6076;50-59 jaar;2030;;;;;;8174;4541;3633;6563;3893;2670;8102;4678;3424;-1539;-785;-754
6077;50-59 jaar;2031;;;;;;7914;4388;3526;6564;3894;2670;8081;4656;3425;-1517;-762;-755
6078;50-59 jaar;2032;;;;;;7687;4260;3427;6564;3894;2670;8072;4644;3428;-1508;-750;-758
6079;50-59 jaar;2033;;;;;;7547;4181;3366;6564;3894;2670;8091;4648;3443;-1527;-754;-773
6080;50-59 jaar;2034;;;;;;7448;4126;3322;6564;3894;2670;8128;4664;3464;-1564;-770;-794
6081;50-59 jaar;2035;;;;;;7404;4101;3303;6564;3894;2670;8179;4687;3492;-1615;-793;-822
6082;50-59 jaar;2036;;;;;;7380;4085;3295;6565;3895;2670;8242;4717;3525;-1677;-822;-855
6083;50-59 jaar;2037;;;;;;7377;4082;3295;6566;3896;2670;8304;4749;3555;-1738;-853;-885
6084;50-59 jaar;2038;;;;;;7364;4077;3287;6566;3896;2670;8360;4774;3586;-1794;-878;-916
6085;50-59 jaar;2039;;;;;;7364;4077;3287;6567;3897;2670;8428;4806;3622;-1861;-909;-952
6086;50-59 jaar;2040;;;;;;7355;4072;3283;6568;3898;2670;8494;4840;3654;-1926;-942;-984
6087;50-59 jaar;2041;;;;;;7364;4079;3285;6569;3899;2670;8556;4868;3688;-1987;-969;-1018
6088;50-59 jaar;2042;;;;;;7388;4093;3295;6570;3900;2670;8618;4901;3717;-2048;-1001;-1047
6089;50-59 jaar;2043;;;;;;7431;4120;3311;6570;3900;2670;8673;4928;3745;-2103;-1028;-1075
6090;50-59 jaar;2044;;;;;;7457;4136;3321;6570;3900;2670;8723;4950;3773;-2153;-1050;-1103
6091;50-59 jaar;2045;;;;;;7465;4142;3323;6571;3901;2670;8755;4965;3790;-2184;-1064;-1120
6092;50-59 jaar;2046;;;;;;7449;4138;3311;6572;3902;2670;8783;4981;3802;-2211;-1079;-1132
6093;50-59 jaar;2047;;;;;;7431;4128;3303;6572;3902;2670;8812;4994;3818;-2240;-1092;-1148
6094;50-59 jaar;2048;;;;;;7431;4129;3302;6573;3903;2670;8850;5016;3834;-2277;-1113;-1164
6095;50-59 jaar;2049;;;;;;7431;4133;3298;6574;3904;2670;8887;5036;3851;-2313;-1132;-1181
6096;60-69 jaar;2002;;;;;;18110;11563;6547;2515;1514;1001;2558;1529;1029;-43;-15;-28
6097;60-69 jaar;2003;;;;;;18295;11631;6664;2347;1412;935;2660;1602;1058;-313;-190;-123
6098;60-69 jaar;2004;;;;;;18601;11777;6824;2276;1359;917;2758;1665;1093;-482;-306;-176
6099;60-69 jaar;2005;;;;;;18857;11888;6969;2245;1334;911;2845;1723;1122;-600;-389;-211
6100;60-69 jaar;2006;;;;;;19615;12310;7305;2253;1335;918;2999;1809;1190;-746;-474;-272
6101;60-69 jaar;2007;;;;;;20372;12731;7641;2299;1362;937;3147;1891;1256;-848;-529;-319
6102;60-69 jaar;2008;;;;;;20958;13043;7915;2365;1408;957;3272;1962;1310;-907;-554;-353
6103;60-69 jaar;2009;;;;;;21494;13334;8160;2428;1451;977;3379;2022;1357;-951;-571;-380
6104;60-69 jaar;2010;;;;;;21963;13578;8385;2484;1489;995;3474;2076;1398;-990;-587;-403
6105;60-69 jaar;2011;;;;;;22543;13888;8655;2524;1518;1006;3547;2112;1435;-1023;-594;-429
6106;60-69 jaar;2012;;;;;;23102;14185;8917;2543;1528;1015;3621;2142;1479;-1078;-614;-464
6107;60-69 jaar;2013;;;;;;23484;14375;9109;2556;1536;1020;3691;2172;1519;-1135;-636;-499
6108;60-69 jaar;2014;;;;;;23775;14514;9261;2568;1545;1023;3751;2197;1554;-1183;-652;-531
6109;60-69 jaar;2015;;;;;;24263;14771;9492;2577;1548;1029;3812;2222;1590;-1235;-674;-561
6110;60-69 jaar;2016;;;;;;23685;14384;9301;2585;1554;1031;3844;2237;1607;-1259;-683;-576
6111;60-69 jaar;2017;;;;;;23250;14095;9155;2593;1558;1035;3878;2255;1623;-1285;-697;-588
6112;60-69 jaar;2018;;;;;;23041;13942;9099;2597;1560;1037;3928;2285;1643;-1331;-725;-606
6113;60-69 jaar;2019;;;;;;22994;13889;9105;2600;1560;1040;3982;2316;1666;-1382;-756;-626
6114;60-69 jaar;2020;;;;;;23029;13894;9135;2601;1561;1040;4061;2361;1700;-1460;-800;-660
6115;60-69 jaar;2021;;;;;;23158;13955;9203;2601;1561;1040;4131;2403;1728;-1530;-842;-688
6116;60-69 jaar;2022;;;;;;23219;13979;9240;2601;1561;1040;4208;2449;1759;-1607;-888;-719
6117;60-69 jaar;2023;;;;;;23358;14058;9300;2602;1562;1040;4285;2495;1790;-1683;-933;-750
6118;60-69 jaar;2024;;;;;;23503;14141;9362;2602;1562;1040;4368;2546;1822;-1766;-984;-782
6119;60-69 jaar;2025;;;;;;23626;14223;9403;2602;1562;1040;4444;2591;1853;-1842;-1029;-813
6120;60-69 jaar;2026;;;;;;23678;14251;9427;2603;1563;1040;4501;2624;1877;-1898;-1061;-837
6121;60-69 jaar;2027;;;;;;23697;14267;9430;2603;1563;1040;4548;2648;1900;-1945;-1085;-860
6122;60-69 jaar;2028;;;;;;23691;14264;9427;2605;1565;1040;4601;2674;1927;-1996;-1109;-887
6123;60-69 jaar;2029;;;;;;23679;14258;9421;2605;1565;1040;4659;2704;1955;-2054;-1139;-915
6124;60-69 jaar;2030;;;;;;23636;14230;9406;2605;1565;1040;4710;2726;1984;-2105;-1161;-944
6125;60-69 jaar;2031;;;;;;23457;14125;9332;2606;1566;1040;4736;2733;2003;-2130;-1167;-963
6126;60-69 jaar;2032;;;;;;23200;13966;9234;2606;1566;1040;4751;2734;2017;-2145;-1168;-977
6127;60-69 jaar;2033;;;;;;22780;13705;9075;2607;1567;1040;4732;2713;2019;-2125;-1146;-979
6128;60-69 jaar;2034;;;;;;22261;13387;8874;2608;1568;1040;4709;2692;2017;-2101;-1124;-977
6129;60-69 jaar;2035;;;;;;21734;13060;8674;2609;1569;1040;4668;2662;2006;-2059;-1093;-966
6130;60-69 jaar;2036;;;;;;21232;12754;8478;2609;1569;1040;4639;2640;1999;-2030;-1071;-959
6131;60-69 jaar;2037;;;;;;20712;12431;8281;2609;1569;1040;4612;2617;1995;-2003;-1048;-955
6132;60-69 jaar;2038;;;;;;20153;12091;8062;2609;1569;1040;4585;2594;1991;-1976;-1025;-951
6133;60-69 jaar;2039;;;;;;19407;11634;7773;2609;1569;1040;4555;2573;1982;-1946;-1004;-942
6134;60-69 jaar;2040;;;;;;18734;11225;7509;2609;1569;1040;4538;2561;1977;-1929;-992;-937
6135;60-69 jaar;2041;;;;;;18139;10864;7275;2609;1569;1040;4531;2551;1980;-1922;-982;-940
6136;60-69 jaar;2042;;;;;;17643;10571;7072;2609;1569;1040;4528;2549;1979;-1919;-980;-939
6137;60-69 jaar;2043;;;;;;17337;10394;6943;2609;1569;1040;4537;2550;1987;-1928;-981;-947
6138;60-69 jaar;2044;;;;;;17136;10276;6860;2609;1569;1040;4559;2560;1999;-1950;-991;-959
6139;60-69 jaar;2045;;;;;;17054;10229;6825;2610;1570;1040;4594;2579;2015;-1984;-1009;-975
6140;60-69 jaar;2046;;;;;;17015;10201;6814;2610;1570;1040;4632;2596;2036;-2022;-1026;-996
6141;60-69 jaar;2047;;;;;;17024;10209;6815;2610;1570;1040;4673;2617;2056;-2063;-1047;-1016
6142;60-69 jaar;2048;;;;;;17016;10209;6807;2611;1571;1040;4708;2633;2075;-2097;-1062;-1035
6143;60-69 jaar;2049;;;;;;17036;10225;6811;2613;1573;1040;4752;2656;2096;-2139;-1083;-1056
6144;70-79 jaar;2002;;;;;;36831;20690;16141;830;448;382;656;295;361;174;153;21
6145;70-79 jaar;2003;;;;;;36540;20508;16032;790;425;365;663;303;360;127;122;5
6146;70-79 jaar;2004;;;;;;36533;20533;16000;766;406;360;667;311;356;99;95;4
6147;70-79 jaar;2005;;;;;;36623;20600;16023;749;390;359;680;323;357;69;67;2
6148;70-79 jaar;2006;;;;;;36734;20666;16068;743;383;360;697;337;360;46;46;0
6149;70-79 jaar;2007;;;;;;36914;20764;16150;745;381;364;717;350;367;28;31;-3
6150;70-79 jaar;2008;;;;;;37096;20894;16202;753;386;367;732;363;369;21;23;-2
6151;70-79 jaar;2009;;;;;;37354;21062;16292;757;389;368;759;380;379;-2;9;-11
6152;70-79 jaar;2010;;;;;;37530;21193;16337;765;393;372;791;401;390;-26;-8;-18
6153;70-79 jaar;2011;;;;;;37736;21346;16390;771;396;375;810;412;398;-39;-16;-23
6154;70-79 jaar;2012;;;;;;38005;21543;16462;780;403;377;833;427;406;-53;-24;-29
6155;70-79 jaar;2013;;;;;;38653;21953;16700;785;405;380;859;443;416;-74;-38;-36
6156;70-79 jaar;2014;;;;;;39431;22435;16996;789;407;382;887;458;429;-98;-51;-47
6157;70-79 jaar;2015;;;;;;40089;22830;17259;790;407;383;914;474;440;-124;-67;-57
6158;70-79 jaar;2016;;;;;;41865;23904;17961;796;410;386;978;506;472;-182;-96;-86
6159;70-79 jaar;2017;;;;;;43608;24941;18667;801;413;388;1039;536;503;-238;-123;-115
6160;70-79 jaar;2018;;;;;;45004;25767;19237;804;414;390;1094;562;532;-290;-148;-142
6161;70-79 jaar;2019;;;;;;46303;26532;19771;807;416;391;1137;580;557;-330;-164;-166
6162;70-79 jaar;2020;;;;;;47462;27193;20269;807;416;391;1170;594;576;-363;-178;-185
6163;70-79 jaar;2021;;;;;;48842;27953;20889;807;416;391;1200;607;593;-393;-191;-202
6164;70-79 jaar;2022;;;;;;50164;28669;21495;807;416;391;1230;619;611;-423;-203;-220
6165;70-79 jaar;2023;;;;;;51116;29183;21933;807;416;391;1258;631;627;-451;-215;-236
6166;70-79 jaar;2024;;;;;;51855;29578;22277;807;416;391;1285;642;643;-478;-226;-252
6167;70-79 jaar;2025;;;;;;52954;30161;22793;807;416;391;1312;655;657;-505;-239;-266
6168;70-79 jaar;2026;;;;;;51922;29583;22339;807;416;391;1329;663;666;-522;-247;-275
6169;70-79 jaar;2027;;;;;;51203;29199;22004;807;416;391;1352;673;679;-545;-257;-288
6170;70-79 jaar;2028;;;;;;50943;29053;21890;808;417;391;1380;686;694;-572;-269;-303
6171;70-79 jaar;2029;;;;;;51041;29109;21932;808;417;391;1413;702;711;-605;-285;-320
6172;70-79 jaar;2030;;;;;;51303;29264;22039;808;417;391;1447;721;726;-639;-304;-335
6173;70-79 jaar;2031;;;;;;51760;29523;22237;808;417;391;1481;736;745;-673;-319;-354
6174;70-79 jaar;2032;;;;;;52082;29714;22368;808;417;391;1514;752;762;-706;-335;-371
6175;70-79 jaar;2033;;;;;;52559;30001;22558;808;417;391;1551;770;781;-743;-353;-390
6176;70-79 jaar;2034;;;;;;53066;30306;22760;808;417;391;1584;784;800;-776;-367;-409
6177;70-79 jaar;2035;;;;;;53498;30584;22914;808;417;391;1614;798;816;-806;-381;-425
6178;70-79 jaar;2036;;;;;;53775;30749;23026;808;417;391;1635;807;828;-827;-390;-437
6179;70-79 jaar;2037;;;;;;53974;30875;23099;808;417;391;1652;815;837;-844;-398;-446
6180;70-79 jaar;2038;;;;;;54110;30961;23149;808;417;391;1674;823;851;-866;-406;-460
6181;70-79 jaar;2039;;;;;;54237;31051;23186;808;417;391;1695;832;863;-887;-415;-472
6182;70-79 jaar;2040;;;;;;54286;31080;23206;808;417;391;1713;838;875;-905;-421;-484
6183;70-79 jaar;2041;;;;;;54021;30938;23083;808;417;391;1727;843;884;-919;-426;-493
6184;70-79 jaar;2042;;;;;;53571;30669;22902;808;417;391;1724;839;885;-916;-422;-494
6185;70-79 jaar;2043;;;;;;52741;30168;22573;808;417;391;1719;834;885;-911;-417;-494
6186;70-79 jaar;2044;;;;;;51686;29542;22144;808;417;391;1703;823;880;-895;-406;-489
6187;70-79 jaar;2045;;;;;;50596;28885;21711;809;418;391;1684;811;873;-875;-393;-482
6188;70-79 jaar;2046;;;;;;49552;28266;21286;809;418;391;1668;803;865;-859;-385;-474
6189;70-79 jaar;2047;;;;;;48440;27605;20835;809;418;391;1653;793;860;-844;-375;-469
6190;70-79 jaar;2048;;;;;;47232;26907;20325;809;418;391;1640;786;854;-831;-368;-463
6191;70-79 jaar;2049;;;;;;45611;25981;19630;810;419;391;1617;775;842;-807;-356;-451
6192;80-89 jaar;2002;;;;;;45962;18936;27026;206;97;109;116;38;78;90;59;31
6193;80-89 jaar;2003;;;;;;46867;19416;27451;203;95;108;122;40;82;81;55;26
6194;80-89 jaar;2004;;;;;;47759;19884;27875;198;90;108;126;42;84;72;48;24
6195;80-89 jaar;2005;;;;;;48796;20409;28387;194;88;106;128;42;86;66;46;20
6196;80-89 jaar;2006;;;;;;49833;20976;28857;192;86;106;130;45;85;62;41;21
6197;80-89 jaar;2007;;;;;;50757;21485;29272;195;87;108;130;46;84;65;41;24
6198;80-89 jaar;2008;;;;;;51917;22108;29809;197;88;109;129;46;83;68;42;26
6199;80-89 jaar;2009;;;;;;52822;22632;30190;200;89;111;131;47;84;69;42;27
6200;80-89 jaar;2010;;;;;;53089;22992;30097;201;89;112;133;49;84;68;40;28
6201;80-89 jaar;2011;;;;;;53306;23336;29970;204;90;114;134;50;84;70;40;30
6202;80-89 jaar;2012;;;;;;53639;23725;29914;205;91;114;135;51;84;70;40;30
6203;80-89 jaar;2013;;;;;;53707;24007;29700;206;91;115;135;51;84;71;40;31
6204;80-89 jaar;2014;;;;;;53962;24395;29567;208;92;116;140;55;85;68;37;31
6205;80-89 jaar;2015;;;;;;54335;24812;29523;209;93;116;141;56;85;68;37;31
6206;80-89 jaar;2016;;;;;;54764;25241;29523;209;93;116;145;58;87;64;35;29
6207;80-89 jaar;2017;;;;;;55262;25676;29586;210;93;117;147;60;87;63;33;30
6208;80-89 jaar;2018;;;;;;55871;26204;29667;211;93;118;149;61;88;62;32;30
6209;80-89 jaar;2019;;;;;;56593;26763;29830;212;93;119;155;64;91;57;29;28
6210;80-89 jaar;2020;;;;;;57306;27325;29981;212;93;119;160;68;92;52;25;27
6211;80-89 jaar;2021;;;;;;57994;27863;30131;212;93;119;164;68;96;48;25;23
6212;80-89 jaar;2022;;;;;;58843;28479;30364;212;93;119;170;73;97;42;20;22
6213;80-89 jaar;2023;;;;;;60307;29385;30922;212;93;119;177;76;101;35;17;18
6214;80-89 jaar;2024;;;;;;62012;30393;31619;212;93;119;187;81;106;25;12;13
6215;80-89 jaar;2025;;;;;;63445;31225;32220;212;93;119;196;84;112;16;9;7
6216;80-89 jaar;2026;;;;;;67063;33235;33828;212;93;119;215;93;122;-3;0;-3
6217;80-89 jaar;2027;;;;;;70493;35098;35395;212;93;119;230;100;130;-18;-7;-11
6218;80-89 jaar;2028;;;;;;73295;36614;36681;212;93;119;242;106;136;-30;-13;-17
6219;80-89 jaar;2029;;;;;;75850;37975;37875;212;93;119;248;108;140;-36;-15;-21
6220;80-89 jaar;2030;;;;;;78152;39164;38988;212;93;119;250;109;141;-38;-16;-22
6221;80-89 jaar;2031;;;;;;80619;40372;40247;212;93;119;257;111;146;-45;-18;-27
6222;80-89 jaar;2032;;;;;;82997;41518;41479;212;93;119;262;114;148;-50;-21;-29
6223;80-89 jaar;2033;;;;;;84784;42371;42413;212;93;119;271;118;153;-59;-25;-34
6224;80-89 jaar;2034;;;;;;86232;43066;43166;212;93;119;278;121;157;-66;-28;-38
6225;80-89 jaar;2035;;;;;;88014;43870;44144;212;93;119;283;122;161;-71;-29;-42
6226;80-89 jaar;2036;;;;;;87130;43506;43624;212;93;119;291;125;166;-79;-32;-47
6227;80-89 jaar;2037;;;;;;86721;43384;43337;212;93;119;299;128;171;-87;-35;-52
6228;80-89 jaar;2038;;;;;;86996;43568;43428;212;93;119;308;133;175;-96;-40;-56
6229;80-89 jaar;2039;;;;;;87814;44008;43806;212;93;119;315;134;181;-103;-41;-62
6230;80-89 jaar;2040;;;;;;88845;44556;44289;212;93;119;324;137;187;-112;-44;-68
6231;80-89 jaar;2041;;;;;;90171;45241;44930;212;93;119;331;140;191;-119;-47;-72
6232;80-89 jaar;2042;;;;;;91312;45846;45466;212;93;119;336;141;195;-124;-48;-76
6233;80-89 jaar;2043;;;;;;92681;46584;46097;212;93;119;344;145;199;-132;-52;-80
6234;80-89 jaar;2044;;;;;;94092;47331;46761;212;93;119;350;147;203;-138;-54;-84
6235;80-89 jaar;2045;;;;;;95309;48002;47307;212;93;119;350;146;204;-138;-53;-85
6236;80-89 jaar;2046;;;;;;96237;48479;47758;212;93;119;353;149;204;-141;-56;-85
6237;80-89 jaar;2047;;;;;;96992;48879;48113;212;93;119;351;148;203;-139;-55;-84
6238;80-89 jaar;2048;;;;;;97654;49218;48436;212;93;119;354;150;204;-142;-57;-85
6239;80-89 jaar;2049;;;;;;98375;49618;48757;212;93;119;357;151;206;-145;-58;-87
6240;90-99 jaar of ouder;2002;;;;;;19825;4992;14833;0;0;0;0;0;0;0;0;0
6241;90-99 jaar of ouder;2003;;;;;;20531;5177;15354;0;0;0;0;0;0;0;0;0
6242;90-99 jaar of ouder;2004;;;;;;21283;5408;15875;0;0;0;0;0;0;0;0;0
6243;90-99 jaar of ouder;2005;;;;;;21740;5565;16175;0;0;0;0;0;0;0;0;0
6244;90-99 jaar of ouder;2006;;;;;;22149;5714;16435;0;0;0;0;0;0;0;0;0
6245;90-99 jaar of ouder;2007;;;;;;22526;5885;16641;0;0;0;0;0;0;0;0;0
6246;90-99 jaar of ouder;2008;;;;;;22728;6000;16728;0;0;0;0;0;0;0;0;0
6247;90-99 jaar of ouder;2009;;;;;;23071;6198;16873;0;0;0;0;0;0;0;0;0
6248;90-99 jaar of ouder;2010;;;;;;24147;6655;17492;0;0;0;0;0;0;0;0;0
6249;90-99 jaar of ouder;2011;;;;;;25079;7054;18025;0;0;0;0;0;0;0;0;0
6250;90-99 jaar of ouder;2012;;;;;;25877;7435;18442;0;0;0;0;0;0;0;0;0
6251;90-99 jaar of ouder;2013;;;;;;26701;7830;18871;0;0;0;0;0;0;0;0;0
6252;90-99 jaar of ouder;2014;;;;;;27312;8132;19180;0;0;0;0;0;0;0;0;0
6253;90-99 jaar of ouder;2015;;;;;;27758;8396;19362;0;0;0;0;0;0;0;0;0
6254;90-99 jaar of ouder;2016;;;;;;28156;8674;19482;0;0;0;0;0;0;0;0;0
6255;90-99 jaar of ouder;2017;;;;;;28436;8915;19521;0;0;0;0;0;0;0;0;0
6256;90-99 jaar of ouder;2018;;;;;;28845;9199;19646;0;0;0;0;0;0;0;0;0
6257;90-99 jaar of ouder;2019;;;;;;29180;9464;19716;0;0;0;0;0;0;0;0;0
6258;90-99 jaar of ouder;2020;;;;;;29676;9808;19868;0;0;0;0;0;0;0;0;0
6259;90-99 jaar of ouder;2021;;;;;;30026;10090;19936;0;0;0;0;0;0;0;0;0
6260;90-99 jaar of ouder;2022;;;;;;30427;10393;20034;0;0;0;0;0;0;0;0;0
6261;90-99 jaar of ouder;2023;;;;;;30646;10621;20025;0;0;0;0;0;0;0;0;0
6262;90-99 jaar of ouder;2024;;;;;;30930;10875;20055;0;0;0;0;0;0;0;0;0
6263;90-99 jaar of ouder;2025;;;;;;31226;11130;20096;0;0;0;0;0;0;0;0;0
6264;90-99 jaar of ouder;2026;;;;;;31587;11409;20178;0;0;0;0;0;0;0;0;0
6265;90-99 jaar of ouder;2027;;;;;;31950;11673;20277;0;0;0;0;0;0;0;0;0
6266;90-99 jaar of ouder;2028;;;;;;32594;12055;20539;0;0;0;0;0;0;0;0;0
6267;90-99 jaar of ouder;2029;;;;;;33295;12441;20854;0;0;0;0;0;0;0;0;0
6268;90-99 jaar of ouder;2030;;;;;;34135;12888;21247;0;0;0;0;0;0;0;0;0
6269;90-99 jaar of ouder;2031;;;;;;34718;13228;21490;0;0;0;0;0;0;0;0;0
6270;90-99 jaar of ouder;2032;;;;;;35507;13651;21856;0;0;0;0;0;0;0;0;0
6271;90-99 jaar of ouder;2033;;;;;;36724;14239;22485;0;0;0;0;0;0;0;0;0
6272;90-99 jaar of ouder;2034;;;;;;38176;14907;23269;0;0;0;0;0;0;0;0;0
6273;90-99 jaar of ouder;2035;;;;;;39128;15339;23789;0;0;0;0;0;0;0;0;0
6274;90-99 jaar of ouder;2036;;;;;;42642;16905;25737;0;0;0;0;0;0;0;0;0
6275;90-99 jaar of ouder;2037;;;;;;45489;18119;27370;0;0;0;0;0;0;0;0;0
6276;90-99 jaar of ouder;2038;;;;;;47470;18959;28511;0;0;0;0;0;0;0;0;0
6277;90-99 jaar of ouder;2039;;;;;;48857;19525;29332;0;0;0;0;0;0;0;0;0
6278;90-99 jaar of ouder;2040;;;;;;49846;19903;29943;0;0;0;0;0;0;0;0;0
6279;90-99 jaar of ouder;2041;;;;;;50574;20170;30404;0;0;0;0;0;0;0;0;0
6280;90-99 jaar of ouder;2042;;;;;;51423;20480;30943;0;0;0;0;0;0;0;0;0
6281;90-99 jaar of ouder;2043;;;;;;52080;20712;31368;0;0;0;0;0;0;0;0;0
6282;90-99 jaar of ouder;2044;;;;;;52713;20936;31777;0;0;0;0;0;0;0;0;0
6283;90-99 jaar of ouder;2045;;;;;;53351;21152;32199;0;0;0;0;0;0;0;0;0
6284;90-99 jaar of ouder;2046;;;;;;54034;21435;32599;0;0;0;0;0;0;0;0;0
6285;90-99 jaar of ouder;2047;;;;;;54752;21738;33014;0;0;0;0;0;0;0;0;0
6286;90-99 jaar of ouder;2048;;;;;;55552;22075;33477;0;0;0;0;0;0;0;0;0
6287;90-99 jaar of ouder;2049;;;;;;56523;22488;34035;0;0;0;0;0;0;0;0;0
