ID;NederlandEnHerkomstgroeperingen;Perioden;TotaalImmigratie_1;ImmigratieMannen_2;ImmigratieVrouwen_3;TotaalEmigratie_4;EmigratieMannen_5;EmigratieVrouwen_6;TotaalMigratiesaldo_7;MigratieSaldoMannen_8;MigratieSaldoVrouwen_9
0;Totaal herkomstgroeperingen;2004;92089;46623;45466;111151;64626;46525;-19062;-18003;-1059
1;Totaal herkomstgroeperingen;2005;92687;46976;45711;109461;63457;46004;-16774;-16481;-293
2;Totaal herkomstgroeperingen;2006;94748;48091;46657;107962;62393;45569;-13214;-14302;1088
3;Totaal herkomstgroeperingen;2007;97843;49744;48099;106816;61561;45255;-8973;-11817;2844
4;Totaal herkomstgroeperingen;2008;101489;51689;49800;105983;60909;45074;-4494;-9220;4726
5;Totaal herkomstgroeperingen;2009;105266;53693;51573;105500;60483;45017;-234;-6790;6556
6;Totaal herkomstgroeperingen;2010;108655;55501;53154;105303;60231;45072;3352;-4730;8082
7;Totaal herkomstgroeperingen;2011;111512;57043;54469;105307;60105;45203;6205;-3062;9266
8;Totaal herkomstgroeperingen;2012;113732;58222;55510;105437;60061;45376;8295;-1839;10134
9;Totaal herkomstgroeperingen;2013;115061;58925;56136;105585;60031;45554;9476;-1106;10582
10;Totaal herkomstgroeperingen;2014;115646;59210;56436;105705;59998;45708;9941;-788;10728
11;Totaal herkomstgroeperingen;2015;115906;59323;56583;105743;59916;45827;10163;-593;10756
12;Totaal herkomstgroeperingen;2016;116045;59371;56674;105694;59789;45905;10351;-418;10769
13;Totaal herkomstgroeperingen;2017;116162;59410;56752;105567;59621;45946;10595;-211;10806
14;Totaal herkomstgroeperingen;2018;116230;59427;56803;105359;59407;45952;10871;20;10851
15;Totaal herkomstgroeperingen;2019;116284;59443;56841;105087;59166;45921;11197;277;10920
16;Totaal herkomstgroeperingen;2020;116312;59456;56856;104765;58912;45853;11547;544;11003
17;Totaal herkomstgroeperingen;2021;116265;59437;56828;104374;58608;45766;11891;829;11062
18;Totaal herkomstgroeperingen;2022;116217;59413;56804;103940;58299;45642;12277;1114;11162
19;Totaal herkomstgroeperingen;2023;116185;59393;56792;103445;57954;45491;12740;1439;11301
20;Totaal herkomstgroeperingen;2024;116134;59365;56769;102912;57606;45306;13222;1759;11463
21;Totaal herkomstgroeperingen;2025;116102;59350;56752;102311;57219;45092;13791;2131;11660
22;Totaal herkomstgroeperingen;2026;116050;59325;56725;101640;56797;44843;14410;2528;11882
23;Totaal herkomstgroeperingen;2027;116011;59305;56706;100928;56355;44573;15083;2950;12133
24;Totaal herkomstgroeperingen;2028;115968;59283;56685;100151;55885;44266;15817;3398;12419
25;Totaal herkomstgroeperingen;2029;115919;59258;56661;99332;55399;43934;16587;3859;12727
26;Totaal herkomstgroeperingen;2030;115878;59238;56640;98474;54891;43583;17404;4347;13057
27;Totaal herkomstgroeperingen;2031;115832;59218;56614;97566;54359;43207;18266;4859;13407
28;Totaal herkomstgroeperingen;2032;115789;59193;56596;96654;53831;42823;19135;5362;13773
29;Totaal herkomstgroeperingen;2033;115735;59165;56570;95696;53274;42422;20039;5891;14148
30;Totaal herkomstgroeperingen;2034;115704;59149;56555;94752;52738;42015;20952;6411;14540
31;Totaal herkomstgroeperingen;2035;115665;59134;56531;93796;52195;41602;21869;6939;14929
32;Totaal herkomstgroeperingen;2036;115612;59109;56503;92843;51642;41200;22769;7467;15303
33;Totaal herkomstgroeperingen;2037;115569;59085;56484;91917;51124;40793;23652;7961;15691
34;Totaal herkomstgroeperingen;2038;115519;59059;56460;90997;50597;40400;24522;8462;16060
35;Totaal herkomstgroeperingen;2039;115483;59039;56444;90136;50113;40023;25347;8926;16421
36;Totaal herkomstgroeperingen;2040;115442;59019;56423;89295;49638;39657;26147;9381;16766
37;Totaal herkomstgroeperingen;2041;115397;58995;56402;88514;49197;39318;26883;9798;17084
38;Totaal herkomstgroeperingen;2042;115354;58970;56384;87786;48787;38999;27568;10183;17385
39;Totaal herkomstgroeperingen;2043;115309;58948;56361;87115;48413;38703;28194;10535;17658
40;Totaal herkomstgroeperingen;2044;115258;58923;56335;86536;48089;38446;28722;10834;17889
41;Totaal herkomstgroeperingen;2045;115213;58905;56308;86024;47801;38223;29189;11104;18085
42;Totaal herkomstgroeperingen;2046;115179;58894;56285;85600;47563;38038;29579;11331;18247
43;Totaal herkomstgroeperingen;2047;115138;58868;56270;85290;47391;37899;29848;11477;18371
44;Totaal herkomstgroeperingen;2048;115093;58847;56246;85068;47269;37799;30025;11578;18447
45;Totaal herkomstgroeperingen;2049;115048;58819;56229;84960;47204;37756;30088;11615;18473
46;Nederland (incl. 2e generatie);2004;23554;13002;10552;48461;28743;19718;-24907;-15741;-9166
47;Nederland (incl. 2e generatie);2005;23524;12982;10542;48016;28459;19557;-24492;-15477;-9015
48;Nederland (incl. 2e generatie);2006;23434;12932;10502;47571;28170;19401;-24137;-15238;-8899
49;Nederland (incl. 2e generatie);2007;23314;12861;10453;47138;27889;19249;-23824;-15028;-8796
50;Nederland (incl. 2e generatie);2008;23154;12767;10387;46709;27609;19100;-23555;-14842;-8713
51;Nederland (incl. 2e generatie);2009;22961;12651;10310;46294;27340;18955;-23333;-14689;-8645
52;Nederland (incl. 2e generatie);2010;22747;12527;10220;45904;27083;18820;-23157;-14556;-8600
53;Nederland (incl. 2e generatie);2011;22513;12389;10124;45537;26842;18695;-23024;-14453;-8571
54;Nederland (incl. 2e generatie);2012;22275;12251;10024;45187;26610;18577;-22912;-14359;-8553
55;Nederland (incl. 2e generatie);2013;22038;12110;9928;44856;26392;18464;-22818;-14282;-8536
56;Nederland (incl. 2e generatie);2014;21806;11973;9833;44535;26181;18355;-22729;-14208;-8522
57;Nederland (incl. 2e generatie);2015;21592;11852;9740;44237;25982;18255;-22645;-14130;-8515
58;Nederland (incl. 2e generatie);2016;21396;11734;9662;43960;25797;18162;-22564;-14063;-8500
59;Nederland (incl. 2e generatie);2017;21243;11643;9600;43696;25618;18078;-22453;-13975;-8478
60;Nederland (incl. 2e generatie);2018;21104;11558;9546;43446;25445;18002;-22342;-13887;-8456
61;Nederland (incl. 2e generatie);2019;21028;11514;9514;43211;25285;17926;-22183;-13771;-8412
62;Nederland (incl. 2e generatie);2020;21003;11500;9503;42977;25129;17848;-21974;-13629;-8345
63;Nederland (incl. 2e generatie);2021;21003;11500;9503;42765;24982;17783;-21762;-13482;-8280
64;Nederland (incl. 2e generatie);2022;21003;11500;9503;42540;24830;17710;-21537;-13330;-8207
65;Nederland (incl. 2e generatie);2023;21003;11500;9503;42323;24686;17637;-21320;-13186;-8134
66;Nederland (incl. 2e generatie);2024;21003;11500;9503;42099;24542;17556;-21096;-13042;-8053
67;Nederland (incl. 2e generatie);2025;21003;11500;9503;41854;24384;17470;-20851;-12884;-7967
68;Nederland (incl. 2e generatie);2026;21003;11500;9503;41592;24220;17372;-20589;-12720;-7869
69;Nederland (incl. 2e generatie);2027;21003;11500;9503;41314;24040;17273;-20311;-12540;-7770
70;Nederland (incl. 2e generatie);2028;21003;11500;9503;41014;23855;17159;-20011;-12355;-7656
71;Nederland (incl. 2e generatie);2029;21003;11500;9503;40698;23660;17037;-19695;-12160;-7534
72;Nederland (incl. 2e generatie);2030;21003;11500;9503;40374;23460;16915;-19371;-11960;-7412
73;Nederland (incl. 2e generatie);2031;21003;11500;9503;40034;23250;16784;-19031;-11750;-7281
74;Nederland (incl. 2e generatie);2032;21003;11500;9503;39697;23041;16656;-18694;-11541;-7153
75;Nederland (incl. 2e generatie);2033;21003;11500;9503;39350;22825;16525;-18347;-11325;-7022
76;Nederland (incl. 2e generatie);2034;21003;11500;9503;39014;22619;16395;-18011;-11119;-6892
77;Nederland (incl. 2e generatie);2035;21003;11500;9503;38674;22409;16266;-17671;-10909;-6763
78;Nederland (incl. 2e generatie);2036;21003;11500;9503;38358;22206;16152;-17355;-10706;-6649
79;Nederland (incl. 2e generatie);2037;21003;11500;9503;38045;22012;16033;-17042;-10512;-6530
80;Nederland (incl. 2e generatie);2038;21003;11500;9503;37740;21814;15925;-16737;-10314;-6422
81;Nederland (incl. 2e generatie);2039;21003;11500;9503;37470;21643;15827;-16467;-10143;-6324
82;Nederland (incl. 2e generatie);2040;21003;11500;9503;37196;21466;15730;-16193;-9966;-6227
83;Nederland (incl. 2e generatie);2041;21003;11500;9503;36953;21306;15647;-15950;-9806;-6144
84;Nederland (incl. 2e generatie);2042;21003;11500;9503;36718;21152;15567;-15715;-9652;-6064
85;Nederland (incl. 2e generatie);2043;21003;11500;9503;36495;21008;15487;-15492;-9508;-5984
86;Nederland (incl. 2e generatie);2044;21003;11500;9503;36304;20882;15422;-15301;-9382;-5919
87;Nederland (incl. 2e generatie);2045;21003;11500;9503;36115;20755;15360;-15112;-9255;-5857
88;Nederland (incl. 2e generatie);2046;21003;11500;9503;35946;20643;15303;-14943;-9143;-5800
89;Nederland (incl. 2e generatie);2047;21003;11500;9503;35798;20544;15254;-14795;-9044;-5751
90;Nederland (incl. 2e generatie);2048;21003;11500;9503;35653;20449;15204;-14650;-8949;-5701
91;Nederland (incl. 2e generatie);2049;21003;11500;9503;35516;20354;15162;-14513;-8854;-5659
92;Totaal niet-westers;2004;32785;16199;16586;32690;19731;12959;95;-3532;3627
93;Totaal niet-westers;2005;32777;16226;16551;31688;19005;12682;1089;-2779;3869
94;Totaal niet-westers;2006;33227;16480;16747;30749;18316;12433;2478;-1836;4314
95;Totaal niet-westers;2007;33936;16858;17078;29955;17740;12215;3981;-882;4863
96;Totaal niet-westers;2008;34757;17280;17477;29236;17209;12027;5521;71;5450
97;Totaal niet-westers;2009;35500;17665;17835;28626;16763;11863;6874;902;5972
98;Totaal niet-westers;2010;35959;17906;18053;28081;16364;11716;7878;1542;6337
99;Totaal niet-westers;2011;36252;18076;18176;27570;15993;11577;8682;2083;6599
100;Totaal niet-westers;2012;36567;18246;18321;27095;15653;11442;9472;2593;6879
101;Totaal niet-westers;2013;36885;18419;18466;26631;15319;11312;10254;3100;7154
102;Totaal niet-westers;2014;37195;18585;18610;26211;15026;11185;10984;3559;7425
103;Totaal niet-westers;2015;37473;18729;18744;25804;14741;11063;11669;3988;7681
104;Totaal niet-westers;2016;37752;18874;18878;25414;14470;10944;12338;4404;7934
105;Totaal niet-westers;2017;37974;18985;18989;25045;14218;10827;12929;4767;8162
106;Totaal niet-westers;2018;38147;19072;19075;24681;13970;10711;13466;5102;8364
107;Totaal niet-westers;2019;38258;19126;19132;24326;13731;10595;13932;5395;8537
108;Totaal niet-westers;2020;38302;19149;19153;23994;13516;10478;14308;5633;8675
109;Totaal niet-westers;2021;38255;19130;19125;23638;13279;10359;14617;5851;8766
110;Totaal niet-westers;2022;38207;19106;19101;23314;13075;10239;14893;6031;8862
111;Totaal niet-westers;2023;38175;19086;19089;22972;12855;10117;15203;6231;8972
112;Totaal niet-westers;2024;38124;19058;19066;22651;12657;9993;15473;6401;9073
113;Totaal niet-westers;2025;38092;19043;19049;22328;12459;9869;15764;6584;9180
114;Totaal niet-westers;2026;38040;19018;19022;21997;12253;9744;16043;6765;9278
115;Totaal niet-westers;2027;38001;18998;19003;21680;12062;9618;16321;6936;9385
116;Totaal niet-westers;2028;37958;18976;18982;21360;11867;9492;16598;7109;9490
117;Totaal niet-westers;2029;37909;18951;18958;21050;11684;9366;16859;7267;9592
118;Totaal niet-westers;2030;37868;18931;18937;20741;11502;9240;17127;7429;9697
119;Totaal niet-westers;2031;37822;18911;18911;20432;11318;9114;17390;7593;9797
120;Totaal niet-westers;2032;37779;18886;18893;20141;11151;8989;17638;7735;9904
121;Totaal niet-westers;2033;37725;18858;18867;19839;10973;8866;17886;7885;10001
122;Totaal niet-westers;2034;37694;18842;18852;19559;10815;8745;18135;8027;10107
123;Totaal niet-westers;2035;37655;18827;18828;19287;10661;8626;18368;8167;10202
124;Totaal niet-westers;2036;37602;18802;18800;19005;10493;8512;18597;8309;10288
125;Totaal niet-westers;2037;37559;18778;18781;18756;10355;8401;18803;8423;10380
126;Totaal niet-westers;2038;37509;18752;18757;18505;10209;8296;19004;8543;10461
127;Totaal niet-westers;2039;37473;18732;18741;18276;10078;8198;19197;8654;10543
128;Totaal niet-westers;2040;37432;18712;18720;18062;9956;8106;19370;8756;10614
129;Totaal niet-westers;2041;37387;18688;18699;17863;9841;8022;19524;8847;10677
130;Totaal niet-westers;2042;37344;18663;18681;17687;9740;7947;19657;8923;10734
131;Totaal niet-westers;2043;37299;18641;18658;17532;9649;7882;19767;8992;10776
132;Totaal niet-westers;2044;37248;18616;18632;17404;9575;7829;19844;9041;10803
133;Totaal niet-westers;2045;37203;18598;18605;17302;9514;7787;19901;9084;10818
134;Totaal niet-westers;2046;37169;18587;18582;17223;9464;7759;19946;9123;10823
135;Totaal niet-westers;2047;37128;18561;18567;17184;9438;7745;19944;9123;10822
136;Totaal niet-westers;2048;37083;18540;18543;17174;9428;7746;19909;9112;10797
137;Totaal niet-westers;2049;37038;18512;18526;17203;9439;7764;19835;9073;10762
138;Afrika;2004;5899;3502;2397;10352;6611;3741;-4453;-3109;-1344
139;Afrika;2005;5764;3425;2339;9865;6282;3583;-4101;-2857;-1244
140;Afrika;2006;5749;3411;2338;9366;5935;3431;-3617;-2524;-1093
141;Afrika;2007;5797;3421;2376;8937;5648;3290;-3140;-2227;-914
142;Afrika;2008;5888;3455;2433;8519;5357;3162;-2631;-1902;-729
143;Afrika;2009;5961;3486;2475;8160;5111;3049;-2199;-1625;-574
144;Afrika;2010;5996;3497;2499;7834;4887;2947;-1838;-1390;-448
145;Afrika;2011;5992;3496;2496;7529;4674;2855;-1537;-1178;-359
146;Afrika;2012;5995;3497;2498;7255;4484;2771;-1260;-987;-273
147;Afrika;2013;6000;3500;2500;6987;4293;2694;-987;-793;-194
148;Afrika;2014;6001;3501;2500;6760;4136;2624;-759;-635;-124
149;Afrika;2015;6001;3500;2501;6544;3984;2560;-543;-484;-59
150;Afrika;2016;6001;3499;2502;6342;3841;2501;-341;-342;1
151;Afrika;2017;6001;3500;2501;6161;3714;2446;-160;-214;55
152;Afrika;2018;6003;3504;2499;5984;3590;2395;19;-86;104
153;Afrika;2019;5999;3502;2497;5817;3473;2345;182;29;152
154;Afrika;2020;6001;3502;2499;5675;3379;2296;326;123;203
155;Afrika;2021;6002;3506;2496;5511;3263;2248;491;243;248
156;Afrika;2022;5999;3503;2496;5382;3181;2200;617;322;296
157;Afrika;2023;6002;3503;2499;5238;3084;2153;764;419;346
158;Afrika;2024;5998;3500;2498;5116;3009;2107;882;491;391
159;Afrika;2025;6005;3501;2504;4994;2934;2060;1011;567;444
160;Afrika;2026;6003;3503;2500;4865;2851;2014;1138;652;486
161;Afrika;2027;6006;3503;2503;4751;2782;1969;1255;721;534
162;Afrika;2028;6006;3501;2505;4634;2709;1924;1372;792;581
163;Afrika;2029;6002;3499;2503;4527;2646;1880;1475;853;623
164;Afrika;2030;6002;3501;2501;4419;2582;1837;1583;919;664
165;Afrika;2031;5999;3501;2498;4309;2516;1793;1690;985;705
166;Afrika;2032;5999;3500;2499;4214;2464;1751;1785;1036;748
167;Afrika;2033;5995;3498;2497;4106;2398;1709;1889;1100;788
168;Afrika;2034;6002;3501;2501;4016;2348;1667;1986;1153;834
169;Afrika;2035;6002;3505;2497;3928;2301;1627;2074;1204;870
170;Afrika;2036;5994;3501;2493;3824;2236;1588;2170;1265;905
171;Afrika;2037;5999;3501;2498;3747;2196;1551;2252;1305;947
172;Afrika;2038;5998;3499;2499;3660;2144;1516;2338;1355;983
173;Afrika;2039;6005;3501;2504;3586;2102;1484;2419;1399;1020
174;Afrika;2040;5998;3497;2501;3516;2063;1453;2482;1434;1048
175;Afrika;2041;5999;3497;2502;3450;2024;1426;2549;1473;1076
176;Afrika;2042;6003;3498;2505;3394;1992;1401;2609;1506;1104
177;Afrika;2043;5998;3495;2503;3344;1963;1380;2654;1532;1123
178;Afrika;2044;5994;3495;2499;3304;1942;1363;2690;1553;1136
179;Afrika;2045;5992;3496;2496;3273;1924;1349;2719;1572;1147
180;Afrika;2046;5995;3501;2494;3245;1906;1339;2750;1595;1155
181;Afrika;2047;5998;3501;2497;3237;1903;1334;2761;1598;1163
182;Afrika;2048;5999;3500;2499;3237;1903;1334;2762;1597;1165
183;Afrika;2049;5996;3495;2501;3252;1913;1339;2744;1582;1162
184;Azië;2004;11000;5154;5846;8373;5008;3365;2627;146;2481
185;Azië;2005;10936;5168;5768;8362;4952;3410;2574;216;2358
186;Azië;2006;10932;5206;5726;8353;4902;3451;2579;304;2275
187;Azië;2007;10981;5271;5710;8344;4860;3484;2637;411;2226
188;Azië;2008;11090;5363;5727;8331;4824;3508;2759;539;2219
189;Azië;2009;11230;5466;5764;8317;4794;3523;2913;672;2241
190;Azië;2010;11394;5571;5823;8300;4769;3531;3094;802;2292
191;Azië;2011;11588;5699;5889;8283;4749;3534;3305;950;2355
192;Azië;2012;11802;5829;5973;8267;4732;3535;3535;1097;2438
193;Azië;2013;12007;5947;6060;8251;4717;3533;3756;1230;2527
194;Azië;2014;12223;6072;6151;8234;4704;3530;3989;1368;2621
195;Azië;2015;12432;6190;6242;8216;4691;3525;4216;1499;2717
196;Azië;2016;12617;6293;6324;8195;4677;3518;4422;1616;2806
197;Azië;2017;12766;6375;6391;8171;4662;3509;4595;1713;2882
198;Azië;2018;12892;6443;6449;8143;4644;3499;4749;1799;2950
199;Azië;2019;12974;6486;6488;8110;4623;3487;4864;1863;3001
200;Azië;2020;13001;6501;6500;8071;4599;3472;4930;1902;3028
201;Azië;2021;13001;6501;6500;8025;4570;3455;4976;1931;3045
202;Azië;2022;13001;6501;6500;7973;4537;3436;5028;1964;3064
203;Azië;2023;13001;6501;6500;7915;4500;3414;5086;2001;3086
204;Azië;2024;13001;6501;6500;7852;4461;3391;5149;2040;3109
205;Azië;2025;13001;6501;6500;7785;4418;3366;5216;2083;3134
206;Azië;2026;13001;6501;6500;7714;4374;3340;5287;2127;3160
207;Azië;2027;13001;6501;6500;7640;4328;3312;5361;2173;3188
208;Azië;2028;13001;6501;6500;7563;4280;3283;5438;2221;3217
209;Azië;2029;13001;6501;6500;7484;4232;3252;5517;2269;3248
210;Azië;2030;13001;6501;6500;7403;4183;3220;5598;2318;3280
211;Azië;2031;13001;6501;6500;7322;4134;3188;5679;2367;3312
212;Azië;2032;13001;6501;6500;7241;4085;3156;5760;2416;3344
213;Azië;2033;13001;6501;6500;7160;4036;3124;5841;2465;3376
214;Azië;2034;13001;6501;6500;7080;3989;3091;5921;2512;3409
215;Azië;2035;13001;6501;6500;7001;3942;3059;6000;2559;3441
216;Azië;2036;13001;6501;6500;6925;3897;3027;6076;2604;3473
217;Azië;2037;13001;6501;6500;6851;3854;2997;6150;2647;3503
218;Azië;2038;13001;6501;6500;6781;3814;2967;6220;2687;3533
219;Azië;2039;13001;6501;6500;6715;3776;2939;6286;2725;3561
220;Azië;2040;13001;6501;6500;6654;3741;2913;6347;2760;3587
221;Azië;2041;13001;6501;6500;6599;3709;2889;6402;2792;3611
222;Azië;2042;13001;6501;6500;6550;3682;2868;6451;2819;3632
223;Azië;2043;13001;6501;6500;6509;3659;2851;6492;2842;3649
224;Azië;2044;13001;6501;6500;6477;3640;2837;6524;2861;3663
225;Azië;2045;13001;6501;6500;6455;3628;2827;6546;2873;3673
226;Azië;2046;13001;6501;6500;6443;3621;2823;6558;2880;3677
227;Azië;2047;13001;6501;6500;6443;3620;2823;6558;2881;3677
228;Azië;2048;13001;6501;6500;6455;3626;2829;6546;2875;3671
229;Azië;2049;13001;6501;6500;6480;3640;2840;6521;2861;3660
230;Latijns-Amerika;2004;4044;1596;2448;2798;1235;1563;1246;361;885
231;Latijns-Amerika;2005;4044;1595;2449;2799;1224;1575;1245;371;874
232;Latijns-Amerika;2006;4043;1592;2451;2801;1217;1585;1242;375;866
233;Latijns-Amerika;2007;4040;1589;2451;2804;1211;1593;1236;378;858
234;Latijns-Amerika;2008;4034;1581;2453;2807;1207;1599;1227;374;854
235;Latijns-Amerika;2009;4033;1576;2457;2807;1204;1604;1226;372;853
236;Latijns-Amerika;2010;4033;1570;2463;2806;1199;1607;1227;371;856
237;Latijns-Amerika;2011;4026;1559;2467;2802;1194;1608;1224;365;859
238;Latijns-Amerika;2012;4021;1547;2474;2795;1188;1608;1226;359;867
239;Latijns-Amerika;2013;4020;1543;2477;2785;1179;1605;1235;364;872
240;Latijns-Amerika;2014;4018;1536;2482;2771;1170;1601;1247;366;881
241;Latijns-Amerika;2015;4006;1519;2487;2754;1158;1596;1252;361;891
242;Latijns-Amerika;2016;4008;1514;2494;2734;1145;1589;1274;369;905
243;Latijns-Amerika;2017;4004;1508;2496;2712;1132;1581;1292;376;915
244;Latijns-Amerika;2018;4001;1504;2497;2690;1118;1571;1311;386;926
245;Latijns-Amerika;2019;3995;1496;2499;2666;1105;1561;1329;391;938
246;Latijns-Amerika;2020;3995;1496;2499;2642;1091;1551;1353;405;948
247;Latijns-Amerika;2021;3995;1496;2499;2618;1078;1539;1377;418;960
248;Latijns-Amerika;2022;3995;1496;2499;2593;1066;1528;1402;430;971
249;Latijns-Amerika;2023;3995;1496;2499;2569;1054;1515;1426;442;984
250;Latijns-Amerika;2024;3995;1496;2499;2546;1043;1503;1449;453;996
251;Latijns-Amerika;2025;3995;1496;2499;2522;1032;1491;1473;464;1008
252;Latijns-Amerika;2026;3995;1496;2499;2499;1021;1478;1496;475;1021
253;Latijns-Amerika;2027;3995;1496;2499;2476;1011;1465;1519;485;1034
254;Latijns-Amerika;2028;3995;1496;2499;2453;1001;1452;1542;495;1047
255;Latijns-Amerika;2029;3995;1496;2499;2431;992;1439;1564;504;1060
256;Latijns-Amerika;2030;3995;1496;2499;2409;983;1426;1586;513;1073
257;Latijns-Amerika;2031;3995;1496;2499;2388;974;1414;1607;522;1085
258;Latijns-Amerika;2032;3995;1496;2499;2367;966;1401;1628;530;1098
259;Latijns-Amerika;2033;3995;1496;2499;2347;958;1389;1648;538;1110
260;Latijns-Amerika;2034;3995;1496;2499;2327;950;1377;1668;546;1122
261;Latijns-Amerika;2035;3995;1496;2499;2309;943;1366;1686;553;1133
262;Latijns-Amerika;2036;3995;1496;2499;2291;936;1355;1704;560;1144
263;Latijns-Amerika;2037;3995;1496;2499;2275;930;1345;1720;566;1154
264;Latijns-Amerika;2038;3995;1496;2499;2260;924;1336;1735;572;1163
265;Latijns-Amerika;2039;3995;1496;2499;2247;919;1328;1748;577;1171
266;Latijns-Amerika;2040;3995;1496;2499;2235;915;1320;1760;581;1179
267;Latijns-Amerika;2041;3995;1496;2499;2225;911;1314;1770;585;1185
268;Latijns-Amerika;2042;3995;1496;2499;2217;908;1309;1778;588;1190
269;Latijns-Amerika;2043;3995;1496;2499;2211;906;1305;1784;590;1194
270;Latijns-Amerika;2044;3995;1496;2499;2207;905;1302;1788;591;1197
271;Latijns-Amerika;2045;3995;1496;2499;2205;905;1301;1790;592;1198
272;Latijns-Amerika;2046;3995;1496;2499;2206;905;1301;1789;591;1198
273;Latijns-Amerika;2047;3995;1496;2499;2210;907;1303;1785;589;1196
274;Latijns-Amerika;2048;3995;1496;2499;2217;910;1306;1778;586;1193
275;Latijns-Amerika;2049;3995;1496;2499;2226;914;1312;1769;582;1187
276;Marokko;2004;2796;1350;1446;1603;1126;478;1193;224;968
277;Marokko;2005;2801;1353;1448;1558;1087;472;1243;266;976
278;Marokko;2006;2805;1355;1450;1514;1048;465;1291;307;985
279;Marokko;2007;2816;1363;1453;1470;1011;459;1346;352;994
280;Marokko;2008;2823;1369;1454;1427;975;452;1396;394;1002
281;Marokko;2009;2840;1381;1459;1385;939;445;1455;442;1014
282;Marokko;2010;2859;1398;1461;1344;906;438;1515;492;1023
283;Marokko;2011;2877;1409;1468;1304;873;431;1573;536;1037
284;Marokko;2012;2899;1426;1473;1266;843;423;1633;583;1050
285;Marokko;2013;2921;1442;1479;1229;813;415;1692;629;1064
286;Marokko;2014;2933;1451;1482;1193;786;407;1740;665;1075
287;Marokko;2015;2949;1464;1485;1159;760;399;1790;704;1086
288;Marokko;2016;2970;1477;1493;1127;735;391;1843;742;1102
289;Marokko;2017;2984;1488;1496;1096;713;384;1888;775;1112
290;Marokko;2018;2987;1491;1496;1068;692;376;1919;799;1120
291;Marokko;2019;2995;1496;1499;1041;672;368;1954;824;1131
292;Marokko;2020;3000;1498;1502;1015;654;361;1985;844;1141
293;Marokko;2021;3000;1498;1502;991;637;353;2009;861;1149
294;Marokko;2022;3000;1498;1502;967;621;346;2033;877;1156
295;Marokko;2023;3000;1498;1502;944;605;339;2056;893;1163
296;Marokko;2024;3000;1498;1502;921;590;332;2079;908;1170
297;Marokko;2025;3000;1498;1502;899;574;325;2101;924;1177
298;Marokko;2026;3000;1498;1502;877;559;318;2123;939;1184
299;Marokko;2027;3000;1498;1502;855;544;311;2145;954;1191
300;Marokko;2028;3000;1498;1502;833;529;304;2167;969;1198
301;Marokko;2029;3000;1498;1502;812;514;298;2188;984;1204
302;Marokko;2030;3000;1498;1502;790;499;291;2210;999;1211
303;Marokko;2031;3000;1498;1502;770;485;285;2230;1013;1217
304;Marokko;2032;3000;1498;1502;750;471;279;2250;1027;1223
305;Marokko;2033;3000;1498;1502;730;457;272;2270;1041;1230
306;Marokko;2034;3000;1498;1502;710;444;267;2290;1054;1235
307;Marokko;2035;3000;1498;1502;691;431;261;2309;1067;1241
308;Marokko;2036;3000;1498;1502;673;418;255;2327;1080;1247
309;Marokko;2037;3000;1498;1502;655;406;250;2345;1092;1252
310;Marokko;2038;3000;1498;1502;638;394;245;2362;1104;1257
311;Marokko;2039;3000;1498;1502;622;382;240;2378;1116;1262
312;Marokko;2040;3000;1498;1502;607;372;235;2393;1126;1267
313;Marokko;2041;3000;1498;1502;592;361;231;2408;1137;1271
314;Marokko;2042;3000;1498;1502;579;352;227;2421;1146;1275
315;Marokko;2043;3000;1498;1502;566;343;223;2434;1155;1279
316;Marokko;2044;3000;1498;1502;555;335;220;2445;1163;1282
317;Marokko;2045;3000;1498;1502;545;328;217;2455;1170;1285
318;Marokko;2046;3000;1498;1502;536;322;214;2464;1176;1288
319;Marokko;2047;3000;1498;1502;528;317;212;2472;1181;1290
320;Marokko;2048;3000;1498;1502;521;312;210;2479;1186;1292
321;Marokko;2049;3000;1498;1502;516;307;208;2484;1191;1294
322;Nederlandse Antillen en Aruba;2004;2650;1349;1301;5000;2706;2294;-2350;-1357;-993
323;Nederlandse Antillen en Aruba;2005;2825;1434;1391;4703;2526;2178;-1878;-1092;-787
324;Nederlandse Antillen en Aruba;2006;3260;1649;1611;4466;2380;2086;-1206;-731;-475
325;Nederlandse Antillen en Aruba;2007;3822;1925;1897;4292;2272;2021;-470;-347;-124
326;Nederlandse Antillen en Aruba;2008;4391;2200;2191;4176;2196;1979;215;4;212
327;Nederlandse Antillen en Aruba;2009;4821;2412;2409;4103;2147;1956;718;265;453
328;Nederlandse Antillen en Aruba;2010;5001;2499;2502;4055;2112;1943;946;387;559
329;Nederlandse Antillen en Aruba;2011;5001;2499;2502;4014;2083;1931;987;416;571
330;Nederlandse Antillen en Aruba;2012;5001;2499;2502;3973;2055;1918;1028;444;584
331;Nederlandse Antillen en Aruba;2013;5001;2499;2502;3931;2028;1904;1070;471;598
332;Nederlandse Antillen en Aruba;2014;5001;2499;2502;3889;2002;1888;1112;497;614
333;Nederlandse Antillen en Aruba;2015;5001;2499;2502;3847;1976;1871;1154;523;631
334;Nederlandse Antillen en Aruba;2016;5001;2499;2502;3803;1951;1852;1198;548;650
335;Nederlandse Antillen en Aruba;2017;5001;2499;2502;3760;1926;1834;1241;573;668
336;Nederlandse Antillen en Aruba;2018;5001;2499;2502;3716;1902;1814;1285;597;688
337;Nederlandse Antillen en Aruba;2019;5001;2499;2502;3672;1878;1794;1329;621;708
338;Nederlandse Antillen en Aruba;2020;5001;2499;2502;3627;1854;1773;1374;645;729
339;Nederlandse Antillen en Aruba;2021;5001;2499;2502;3581;1830;1751;1420;669;751
340;Nederlandse Antillen en Aruba;2022;5001;2499;2502;3535;1806;1730;1466;693;772
341;Nederlandse Antillen en Aruba;2023;5001;2499;2502;3490;1782;1708;1511;717;794
342;Nederlandse Antillen en Aruba;2024;5001;2499;2502;3444;1758;1686;1557;741;816
343;Nederlandse Antillen en Aruba;2025;5001;2499;2502;3398;1734;1663;1603;765;839
344;Nederlandse Antillen en Aruba;2026;5001;2499;2502;3352;1711;1641;1649;788;861
345;Nederlandse Antillen en Aruba;2027;5001;2499;2502;3307;1688;1619;1694;811;883
346;Nederlandse Antillen en Aruba;2028;5001;2499;2502;3262;1665;1597;1739;834;905
347;Nederlandse Antillen en Aruba;2029;5001;2499;2502;3218;1643;1575;1783;856;927
348;Nederlandse Antillen en Aruba;2030;5001;2499;2502;3174;1621;1553;1827;878;949
349;Nederlandse Antillen en Aruba;2031;5001;2499;2502;3132;1600;1532;1869;899;970
350;Nederlandse Antillen en Aruba;2032;5001;2499;2502;3091;1579;1512;1910;920;990
351;Nederlandse Antillen en Aruba;2033;5001;2499;2502;3052;1560;1492;1949;939;1010
352;Nederlandse Antillen en Aruba;2034;5001;2499;2502;3014;1541;1473;1987;958;1029
353;Nederlandse Antillen en Aruba;2035;5001;2499;2502;2978;1523;1455;2023;976;1047
354;Nederlandse Antillen en Aruba;2036;5001;2499;2502;2944;1506;1438;2057;993;1064
355;Nederlandse Antillen en Aruba;2037;5001;2499;2502;2913;1491;1422;2088;1008;1080
356;Nederlandse Antillen en Aruba;2038;5001;2499;2502;2884;1477;1407;2117;1022;1095
357;Nederlandse Antillen en Aruba;2039;5001;2499;2502;2858;1464;1394;2143;1035;1108
358;Nederlandse Antillen en Aruba;2040;5001;2499;2502;2835;1453;1382;2166;1046;1120
359;Nederlandse Antillen en Aruba;2041;5001;2499;2502;2816;1443;1373;2185;1056;1129
360;Nederlandse Antillen en Aruba;2042;5001;2499;2502;2799;1435;1364;2202;1064;1138
361;Nederlandse Antillen en Aruba;2043;5001;2499;2502;2787;1429;1358;2214;1070;1144
362;Nederlandse Antillen en Aruba;2044;5001;2499;2502;2779;1425;1354;2222;1074;1148
363;Nederlandse Antillen en Aruba;2045;5001;2499;2502;2775;1423;1352;2226;1076;1150
364;Nederlandse Antillen en Aruba;2046;5001;2499;2502;2775;1423;1352;2226;1076;1150
365;Nederlandse Antillen en Aruba;2047;5001;2499;2502;2780;1426;1354;2221;1073;1148
366;Nederlandse Antillen en Aruba;2048;5001;2499;2502;2790;1430;1359;2211;1069;1143
367;Nederlandse Antillen en Aruba;2049;5001;2499;2502;2804;1438;1367;2197;1061;1135
368;Suriname;2004;2197;999;1198;1754;1082;672;443;-83;526
369;Suriname;2005;2207;1002;1205;1695;1045;651;512;-43;554
370;Suriname;2006;2236;1021;1215;1640;1010;631;596;11;584
371;Suriname;2007;2270;1046;1224;1590;978;612;680;68;612
372;Suriname;2008;2319;1078;1241;1543;949;594;776;129;647
373;Suriname;2009;2390;1116;1274;1500;922;578;890;194;696
374;Suriname;2010;2445;1153;1292;1461;897;564;984;256;728
375;Suriname;2011;2530;1205;1325;1424;874;550;1106;331;775
376;Suriname;2012;2597;1249;1348;1391;853;539;1206;396;809
377;Suriname;2013;2673;1296;1377;1361;833;528;1312;463;849
378;Suriname;2014;2749;1345;1404;1334;816;519;1415;529;885
379;Suriname;2015;2808;1381;1427;1310;800;510;1498;581;917
380;Suriname;2016;2873;1424;1449;1288;785;503;1585;639;946
381;Suriname;2017;2926;1454;1472;1268;772;496;1658;682;976
382;Suriname;2018;2962;1477;1485;1251;760;491;1711;717;994
383;Suriname;2019;2994;1497;1497;1234;749;485;1760;748;1012
384;Suriname;2020;3003;1503;1500;1220;739;481;1783;764;1019
385;Suriname;2021;3003;1503;1500;1207;730;477;1796;773;1023
386;Suriname;2022;3003;1503;1500;1194;721;473;1809;782;1027
387;Suriname;2023;3003;1503;1500;1183;714;469;1820;789;1031
388;Suriname;2024;3003;1503;1500;1172;706;465;1831;797;1035
389;Suriname;2025;3003;1503;1500;1161;699;462;1842;804;1038
390;Suriname;2026;3003;1503;1500;1151;692;458;1852;811;1042
391;Suriname;2027;3003;1503;1500;1141;686;455;1862;817;1045
392;Suriname;2028;3003;1503;1500;1131;680;451;1872;823;1049
393;Suriname;2029;3003;1503;1500;1121;674;447;1882;829;1053
394;Suriname;2030;3003;1503;1500;1111;668;443;1892;835;1057
395;Suriname;2031;3003;1503;1500;1100;662;439;1903;841;1061
396;Suriname;2032;3003;1503;1500;1090;655;434;1913;848;1066
397;Suriname;2033;3003;1503;1500;1079;649;430;1924;854;1070
398;Suriname;2034;3003;1503;1500;1067;643;424;1936;860;1076
399;Suriname;2035;3003;1503;1500;1055;636;419;1948;867;1081
400;Suriname;2036;3003;1503;1500;1043;630;413;1960;873;1087
401;Suriname;2037;3003;1503;1500;1029;623;407;1974;880;1093
402;Suriname;2038;3003;1503;1500;1016;616;400;1987;887;1100
403;Suriname;2039;3003;1503;1500;1002;609;393;2001;894;1107
404;Suriname;2040;3003;1503;1500;987;601;386;2016;902;1114
405;Suriname;2041;3003;1503;1500;973;594;379;2030;909;1121
406;Suriname;2042;3003;1503;1500;958;587;371;2045;916;1129
407;Suriname;2043;3003;1503;1500;943;579;364;2060;924;1136
408;Suriname;2044;3003;1503;1500;929;572;357;2074;931;1143
409;Suriname;2045;3003;1503;1500;914;565;349;2089;938;1151
410;Suriname;2046;3003;1503;1500;899;557;342;2104;946;1158
411;Suriname;2047;3003;1503;1500;885;550;336;2118;953;1164
412;Suriname;2048;3003;1503;1500;872;543;329;2131;960;1171
413;Suriname;2049;3003;1503;1500;859;536;323;2145;967;1177
414;Turkije;2004;4199;2249;1950;2808;1963;845;1391;286;1105
415;Turkije;2005;4200;2249;1951;2705;1891;814;1495;358;1137
416;Turkije;2006;4202;2246;1956;2608;1823;785;1594;423;1171
417;Turkije;2007;4210;2243;1967;2518;1761;757;1692;482;1210
418;Turkije;2008;4212;2234;1978;2434;1702;732;1778;532;1246
419;Turkije;2009;4225;2228;1997;2354;1646;708;1871;582;1289
420;Turkije;2010;4231;2218;2013;2281;1594;687;1950;624;1326
421;Turkije;2011;4238;2209;2029;2212;1545;667;2026;664;1362
422;Turkije;2012;4252;2199;2053;2148;1499;649;2104;700;1404
423;Turkije;2013;4263;2192;2071;2087;1455;632;2176;737;1439
424;Turkije;2014;4270;2181;2089;2030;1413;617;2240;768;1472
425;Turkije;2015;4276;2176;2100;1976;1373;603;2300;803;1498
426;Turkije;2016;4282;2168;2114;1924;1335;589;2358;833;1525
427;Turkije;2017;4292;2161;2131;1875;1299;577;2417;862;1554
428;Turkije;2018;4301;2154;2147;1829;1264;565;2472;890;1582
429;Turkije;2019;4300;2150;2150;1786;1231;555;2514;919;1595
430;Turkije;2020;4301;2150;2151;1745;1200;545;2556;950;1606
431;Turkije;2021;4253;2127;2126;1706;1170;535;2547;957;1591
432;Turkije;2022;4208;2106;2102;1669;1142;526;2539;964;1576
433;Turkije;2023;4173;2086;2087;1634;1116;518;2539;970;1569
434;Turkije;2024;4126;2061;2065;1600;1091;510;2526;970;1555
435;Turkije;2025;4087;2045;2042;1569;1067;502;2518;978;1540
436;Turkije;2026;4037;2018;2019;1539;1044;495;2498;974;1524
437;Turkije;2027;3995;1998;1997;1511;1023;488;2484;975;1509
438;Turkije;2028;3952;1978;1974;1484;1003;481;2468;975;1493
439;Turkije;2029;3907;1955;1952;1458;984;474;2449;971;1478
440;Turkije;2030;3866;1933;1933;1434;966;468;2432;967;1465
441;Turkije;2031;3823;1913;1910;1410;948;462;2413;965;1448
442;Turkije;2032;3780;1889;1891;1388;932;456;2392;957;1435
443;Turkije;2033;3730;1863;1867;1366;915;451;2364;948;1416
444;Turkije;2034;3692;1844;1848;1345;900;445;2347;944;1403
445;Turkije;2035;3653;1825;1828;1325;885;440;2328;940;1388
446;Turkije;2036;3608;1804;1804;1305;870;435;2303;934;1369
447;Turkije;2037;3560;1780;1780;1285;855;430;2275;925;1350
448;Turkije;2038;3511;1756;1755;1266;841;425;2245;915;1330
449;Turkije;2039;3468;1734;1734;1247;826;420;2221;908;1314
450;Turkije;2040;3434;1718;1716;1228;812;416;2206;906;1300
451;Turkije;2041;3388;1694;1694;1209;798;411;2179;896;1283
452;Turkije;2042;3341;1668;1673;1190;784;406;2151;884;1267
453;Turkije;2043;3301;1649;1652;1171;770;402;2130;879;1250
454;Turkije;2044;3254;1624;1630;1153;756;397;2101;868;1233
455;Turkije;2045;3211;1605;1606;1135;742;393;2076;863;1213
456;Turkije;2046;3174;1589;1585;1117;729;388;2057;860;1197
457;Turkije;2047;3130;1563;1567;1100;716;384;2030;847;1183
458;Turkije;2048;3084;1543;1541;1083;703;379;2001;840;1162
459;Turkije;2049;3042;1520;1522;1066;691;375;1976;829;1147
460;Totaal westers;2004;35750;17422;18328;30000;16152;13848;5750;1270;4480
461;Totaal westers;2005;36386;17768;18618;29757;15993;13765;6629;1775;4853
462;Totaal westers;2006;38087;18679;19408;29642;15907;13735;8445;2772;5673
463;Totaal westers;2007;40593;20025;20568;29724;15933;13791;10869;4092;6777
464;Totaal westers;2008;43578;21642;21936;30038;16091;13947;13540;5551;7989
465;Totaal westers;2009;46805;23377;23428;30579;16380;14199;16226;6997;9229
466;Totaal westers;2010;49949;25068;24881;31319;16783;14536;18630;8285;10345
467;Totaal westers;2011;52747;26578;26169;32201;17269;14931;20546;9309;11238
468;Totaal westers;2012;54890;27725;27165;33155;17797;15357;21735;9928;11808
469;Totaal westers;2013;56138;28396;27742;34098;18319;15779;22040;10077;11963
470;Totaal westers;2014;56645;28652;27993;34959;18791;16168;21686;9861;11825
471;Totaal westers;2015;56841;28742;28099;35702;19193;16509;21139;9549;11590
472;Totaal westers;2016;56897;28763;28134;36321;19522;16799;20576;9241;11335
473;Totaal westers;2017;56945;28782;28163;36826;19785;17041;20119;8997;11122
474;Totaal westers;2018;56979;28797;28182;37231;19992;17239;19748;8805;10943
475;Totaal westers;2019;56998;28803;28195;37550;20150;17400;19448;8653;10795
476;Totaal westers;2020;57007;28807;28200;37793;20267;17527;19214;8540;10673
477;Totaal westers;2021;57007;28807;28200;37971;20347;17624;19036;8460;10576
478;Totaal westers;2022;57007;28807;28200;38087;20394;17693;18920;8413;10507
479;Totaal westers;2023;57007;28807;28200;38150;20413;17737;18857;8394;10463
480;Totaal westers;2024;57007;28807;28200;38163;20407;17756;18844;8400;10444
481;Totaal westers;2025;57007;28807;28200;38129;20377;17753;18878;8430;10447
482;Totaal westers;2026;57007;28807;28200;38051;20325;17726;18956;8482;10474
483;Totaal westers;2027;57007;28807;28200;37934;20253;17681;19073;8554;10519
484;Totaal westers;2028;57007;28807;28200;37777;20162;17615;19230;8645;10585
485;Totaal westers;2029;57007;28807;28200;37584;20054;17530;19423;8753;10670
486;Totaal westers;2030;57007;28807;28200;37358;19930;17428;19649;8877;10772
487;Totaal westers;2031;57007;28807;28200;37100;19791;17310;19907;9016;10890
488;Totaal westers;2032;57007;28807;28200;36816;19639;17178;20191;9168;11022
489;Totaal westers;2033;57007;28807;28200;36507;19476;17031;20500;9331;11169
490;Totaal westers;2034;57007;28807;28200;36179;19304;16875;20828;9503;11325
491;Totaal westers;2035;57007;28807;28200;35835;19126;16709;21172;9681;11491
492;Totaal westers;2036;57007;28807;28200;35479;18943;16537;21528;9864;11663
493;Totaal westers;2037;57007;28807;28200;35117;18758;16359;21890;10049;11841
494;Totaal westers;2038;57007;28807;28200;34752;18573;16179;22255;10234;12021
495;Totaal westers;2039;57007;28807;28200;34391;18392;15999;22616;10415;12201
496;Totaal westers;2040;57007;28807;28200;34037;18217;15821;22970;10590;12379
497;Totaal westers;2041;57007;28807;28200;33699;18050;15649;23308;10757;12551
498;Totaal westers;2042;57007;28807;28200;33380;17895;15485;23627;10912;12715
499;Totaal westers;2043;57007;28807;28200;33089;17755;15334;23918;11052;12866
500;Totaal westers;2044;57007;28807;28200;32828;17633;15195;24179;11174;13005
501;Totaal westers;2045;57007;28807;28200;32608;17532;15076;24399;11275;13124
502;Totaal westers;2046;57007;28807;28200;32431;17456;14975;24576;11351;13225
503;Totaal westers;2047;57007;28807;28200;32308;17408;14900;24699;11399;13300
504;Totaal westers;2048;57007;28807;28200;32241;17392;14849;24766;11415;13351
505;Totaal westers;2049;57007;28807;28200;32241;17411;14830;24766;11396;13370
506;24 EU-landen;2004;22599;11501;11098;18702;10309;8394;3897;1192;2704
507;24 EU-landen;2005;23018;11720;11298;18673;10256;8416;4345;1464;2882
508;24 EU-landen;2006;24163;12319;11844;18694;10236;8457;5469;2083;3387
509;24 EU-landen;2007;25817;13184;12633;18816;10277;8538;7001;2907;4095
510;24 EU-landen;2008;27767;14206;13561;19063;10393;8670;8704;3813;4891
511;24 EU-landen;2009;29829;15289;14540;19431;10582;8849;10398;4707;5691
512;24 EU-landen;2010;31784;16315;15469;19895;10830;9065;11889;5485;6404
513;24 EU-landen;2011;33435;17180;16255;20412;11113;9299;13023;6067;6956
514;24 EU-landen;2012;34569;17776;16793;20929;11400;9529;13640;6376;7264
515;24 EU-landen;2013;35007;18006;17001;21385;11657;9728;13622;6349;7273
516;24 EU-landen;2014;35007;18006;17001;21734;11855;9880;13273;6151;7121
517;24 EU-landen;2015;35007;18006;17001;21972;11990;9982;13035;6016;7019
518;24 EU-landen;2016;35007;18006;17001;22113;12072;10041;12894;5934;6960
519;24 EU-landen;2017;35007;18006;17001;22173;12108;10064;12834;5898;6937
520;24 EU-landen;2018;35007;18006;17001;22161;12106;10055;12846;5900;6946
521;24 EU-landen;2019;35007;18006;17001;22091;12072;10018;12916;5934;6983
522;24 EU-landen;2020;35007;18006;17001;21970;12011;9958;13037;5995;7043
523;24 EU-landen;2021;35007;18006;17001;21807;11928;9879;13200;6078;7122
524;24 EU-landen;2022;35007;18006;17001;21606;11825;9781;13401;6181;7220
525;24 EU-landen;2023;35007;18006;17001;21374;11706;9668;13633;6300;7333
526;24 EU-landen;2024;35007;18006;17001;21113;11573;9540;13894;6433;7461
527;24 EU-landen;2025;35007;18006;17001;20826;11427;9399;14181;6579;7602
528;24 EU-landen;2026;35007;18006;17001;20514;11269;9246;14493;6737;7756
529;24 EU-landen;2027;35007;18006;17001;20183;11101;9082;14824;6905;7919
530;24 EU-landen;2028;35007;18006;17001;19831;10923;8908;15176;7083;8093
531;24 EU-landen;2029;35007;18006;17001;19462;10738;8724;15545;7268;8277
532;24 EU-landen;2030;35007;18006;17001;19078;10545;8533;15929;7461;8468
533;24 EU-landen;2031;35007;18006;17001;18681;10346;8335;16326;7660;8666
534;24 EU-landen;2032;35007;18006;17001;18275;10143;8132;16732;7863;8869
535;24 EU-landen;2033;35007;18006;17001;17861;9936;7924;17146;8070;9077
536;24 EU-landen;2034;35007;18006;17001;17444;9729;7716;17563;8277;9285
537;24 EU-landen;2035;35007;18006;17001;17026;9520;7506;17981;8486;9495
538;24 EU-landen;2036;35007;18006;17001;16611;9314;7296;18396;8692;9705
539;24 EU-landen;2037;35007;18006;17001;16202;9112;7090;18805;8894;9911
540;24 EU-landen;2038;35007;18006;17001;15804;8915;6888;19203;9091;10113
541;24 EU-landen;2039;35007;18006;17001;15420;8727;6693;19587;9279;10308
542;24 EU-landen;2040;35007;18006;17001;15056;8549;6507;19951;9457;10494
543;24 EU-landen;2041;35007;18006;17001;14717;8383;6333;20290;9623;10668
544;24 EU-landen;2042;35007;18006;17001;14407;8233;6173;20600;9773;10828
545;24 EU-landen;2043;35007;18006;17001;14132;8102;6030;20875;9904;10971
546;24 EU-landen;2044;35007;18006;17001;13897;7991;5905;21110;10015;11096
547;24 EU-landen;2045;35007;18006;17001;13710;7905;5805;21297;10101;11196
548;24 EU-landen;2046;35007;18006;17001;13572;7846;5726;21435;10160;11275
549;24 EU-landen;2047;35007;18006;17001;13495;7818;5678;21512;10188;11323
550;24 EU-landen;2048;35007;18006;17001;13481;7823;5659;21526;10183;11342
551;24 EU-landen;2049;35007;18006;17001;13540;7865;5675;21467;10141;11326
552;Overig Europa;2004;8049;3399;4650;6402;3360;3042;1647;39;1608
553;Overig Europa;2005;8111;3448;4663;6328;3317;3012;1783;131;1651
554;Overig Europa;2006;8250;3562;4688;6276;3289;2987;1974;274;1701
555;Overig Europa;2007;8465;3743;4722;6247;3277;2969;2218;466;1753
556;Overig Europa;2008;8733;3965;4768;6242;3285;2958;2491;680;1810
557;Overig Europa;2009;9029;4202;4827;6260;3309;2951;2769;893;1876
558;Overig Europa;2010;9311;4434;4877;6296;3347;2948;3015;1087;1929
559;Overig Europa;2011;9577;4654;4923;6345;3397;2948;3232;1257;1975
560;Overig Europa;2012;9796;4832;4964;6403;3454;2949;3393;1378;2015
561;Overig Europa;2013;9949;4956;4993;6466;3515;2951;3483;1442;2042
562;Overig Europa;2014;9996;4998;4998;6527;3572;2955;3469;1426;2043
563;Overig Europa;2015;9996;4998;4998;6584;3623;2960;3413;1375;2038
564;Overig Europa;2016;9996;4998;4998;6635;3667;2968;3361;1331;2030
565;Overig Europa;2017;9996;4998;4998;6685;3707;2978;3311;1291;2020
566;Overig Europa;2018;9996;4998;4998;6732;3741;2991;3264;1257;2007
567;Overig Europa;2019;9996;4998;4998;6779;3773;3006;3217;1225;1992
568;Overig Europa;2020;9996;4998;4998;6826;3802;3024;3170;1196;1974
569;Overig Europa;2021;9996;4998;4998;6873;3829;3045;3123;1169;1954
570;Overig Europa;2022;9996;4998;4998;6921;3854;3067;3075;1144;1931
571;Overig Europa;2023;9996;4998;4998;6969;3878;3091;3027;1120;1907
572;Overig Europa;2024;9996;4998;4998;7017;3900;3117;2979;1098;1881
573;Overig Europa;2025;9996;4998;4998;7066;3922;3145;2930;1076;1853
574;Overig Europa;2026;9996;4998;4998;7115;3942;3172;2881;1056;1826
575;Overig Europa;2027;9996;4998;4998;7163;3962;3201;2833;1036;1797
576;Overig Europa;2028;9996;4998;4998;7211;3981;3231;2785;1017;1767
577;Overig Europa;2029;9996;4998;4998;7259;3998;3261;2737;1000;1737
578;Overig Europa;2030;9996;4998;4998;7305;4015;3290;2691;983;1708
579;Overig Europa;2031;9996;4998;4998;7351;4030;3320;2645;968;1678
580;Overig Europa;2032;9996;4998;4998;7395;4045;3350;2601;953;1648
581;Overig Europa;2033;9996;4998;4998;7437;4058;3380;2559;940;1618
582;Overig Europa;2034;9996;4998;4998;7478;4070;3408;2518;928;1590
583;Overig Europa;2035;9996;4998;4998;7517;4081;3436;2479;917;1562
584;Overig Europa;2036;9996;4998;4998;7554;4092;3462;2442;906;1536
585;Overig Europa;2037;9996;4998;4998;7589;4101;3487;2407;897;1511
586;Overig Europa;2038;9996;4998;4998;7621;4110;3511;2375;888;1487
587;Overig Europa;2039;9996;4998;4998;7651;4119;3532;2345;879;1466
588;Overig Europa;2040;9996;4998;4998;7679;4127;3552;2317;871;1446
589;Overig Europa;2041;9996;4998;4998;7703;4134;3570;2293;864;1428
590;Overig Europa;2042;9996;4998;4998;7725;4140;3585;2271;858;1413
591;Overig Europa;2043;9996;4998;4998;7745;4146;3599;2251;852;1399
592;Overig Europa;2044;9996;4998;4998;7762;4152;3610;2234;846;1388
593;Overig Europa;2045;9996;4998;4998;7776;4157;3619;2220;841;1379
594;Overig Europa;2046;9996;4998;4998;7788;4162;3625;2208;836;1373
595;Overig Europa;2047;9996;4998;4998;7797;4167;3630;2199;831;1368
596;Overig Europa;2048;9996;4998;4998;7803;4172;3631;2193;827;1367
597;Overig Europa;2049;9996;4998;4998;7807;4176;3631;2190;822;1367
598;Indonesië;2004;1304;523;781;1313;672;641;-9;-149;140
599;Indonesië;2005;1309;525;784;1237;634;603;72;-109;181
600;Indonesië;2006;1334;538;796;1170;600;571;164;-62;225
601;Indonesië;2007;1376;552;824;1114;570;544;262;-18;280
602;Indonesië;2008;1418;574;844;1067;544;523;351;30;321
603;Indonesië;2009;1469;592;877;1028;522;507;441;70;370
604;Indonesië;2010;1528;613;915;998;503;495;530;110;420
605;Indonesië;2011;1592;640;952;976;489;487;616;151;465
606;Indonesië;2012;1658;663;995;960;478;482;698;186;513
607;Indonesië;2013;1719;692;1027;949;469;480;770;223;547
608;Indonesië;2014;1784;717;1067;942;463;479;842;254;588
609;Indonesië;2015;1835;736;1099;939;459;479;896;277;620
610;Indonesië;2016;1891;757;1134;937;456;481;954;301;654
611;Indonesië;2017;1939;776;1163;936;454;482;1003;322;681
612;Indonesië;2018;1973;791;1182;936;453;483;1037;338;699
613;Indonesië;2019;1992;797;1195;936;452;483;1056;345;712
614;Indonesië;2020;2001;801;1200;934;451;483;1067;350;717
615;Indonesië;2021;2001;801;1200;931;449;482;1070;352;718
616;Indonesië;2022;2001;801;1200;927;447;480;1074;354;720
617;Indonesië;2023;2001;801;1200;922;445;477;1079;356;723
618;Indonesië;2024;2001;801;1200;916;442;473;1085;359;727
619;Indonesië;2025;2001;801;1200;909;440;469;1092;361;731
620;Indonesië;2026;2001;801;1200;904;438;466;1097;363;734
621;Indonesië;2027;2001;801;1200;899;436;463;1102;365;737
622;Indonesië;2028;2001;801;1200;894;434;460;1107;367;740
623;Indonesië;2029;2001;801;1200;891;432;458;1110;369;742
624;Indonesië;2030;2001;801;1200;888;431;457;1113;370;743
625;Indonesië;2031;2001;801;1200;887;431;456;1114;370;744
626;Indonesië;2032;2001;801;1200;885;430;455;1116;371;745
627;Indonesië;2033;2001;801;1200;885;430;455;1116;371;745
628;Indonesië;2034;2001;801;1200;885;429;455;1116;372;745
629;Indonesië;2035;2001;801;1200;885;429;456;1116;372;744
630;Indonesië;2036;2001;801;1200;886;429;456;1115;372;744
631;Indonesië;2037;2001;801;1200;886;430;457;1115;371;743
632;Indonesië;2038;2001;801;1200;887;430;458;1114;371;742
633;Indonesië;2039;2001;801;1200;889;430;458;1112;371;742
634;Indonesië;2040;2001;801;1200;890;430;459;1111;371;741
635;Indonesië;2041;2001;801;1200;891;431;460;1110;370;740
636;Indonesië;2042;2001;801;1200;892;431;461;1109;370;739
637;Indonesië;2043;2001;801;1200;893;431;462;1108;370;738
638;Indonesië;2044;2001;801;1200;894;432;463;1107;369;737
639;Indonesië;2045;2001;801;1200;895;432;464;1106;369;737
640;Indonesië;2046;2001;801;1200;896;432;464;1105;369;736
641;Indonesië;2047;2001;801;1200;897;433;465;1104;368;735
642;Indonesië;2048;2001;801;1200;898;433;465;1103;368;735
643;Indonesië;2049;2001;801;1200;899;433;466;1102;368;734
644;Overig buiten Europa;2004;3798;1999;1799;3583;1812;1771;215;187;28
645;Overig buiten Europa;2005;3948;2075;1873;3520;1786;1734;428;289;139
646;Overig buiten Europa;2006;4340;2260;2080;3502;1782;1720;838;478;360
647;Overig buiten Europa;2007;4935;2546;2389;3547;1808;1739;1388;738;650
648;Overig buiten Europa;2008;5660;2897;2763;3665;1869;1796;1995;1028;967
649;Overig buiten Europa;2009;6478;3294;3184;3860;1968;1892;2618;1326;1292
650;Overig buiten Europa;2010;7326;3706;3620;4130;2103;2027;3196;1603;1593
651;Overig buiten Europa;2011;8143;4104;4039;4468;2271;2198;3675;1833;1841
652;Overig buiten Europa;2012;8867;4454;4413;4863;2465;2398;4004;1989;2016
653;Overig buiten Europa;2013;9463;4742;4721;5298;2679;2619;4165;2063;2102
654;Overig buiten Europa;2014;9858;4931;4927;5755;2901;2854;4103;2030;2073
655;Overig buiten Europa;2015;10003;5002;5001;6208;3121;3087;3795;1882;1914
656;Overig buiten Europa;2016;10003;5002;5001;6635;3326;3309;3368;1676;1692
657;Overig buiten Europa;2017;10003;5002;5001;7033;3516;3517;2970;1486;1484
658;Overig buiten Europa;2018;10003;5002;5001;7402;3691;3711;2601;1311;1290
659;Overig buiten Europa;2019;10003;5002;5001;7745;3853;3892;2258;1149;1109
660;Overig buiten Europa;2020;10003;5002;5001;8063;4002;4061;1940;1000;940
661;Overig buiten Europa;2021;10003;5002;5001;8359;4140;4219;1644;862;782
662;Overig buiten Europa;2022;10003;5002;5001;8633;4268;4365;1370;734;636
663;Overig buiten Europa;2023;10003;5002;5001;8885;4384;4501;1118;618;500
664;Overig buiten Europa;2024;10003;5002;5001;9117;4491;4626;886;511;375
665;Overig buiten Europa;2025;10003;5002;5001;9328;4588;4740;675;414;261
666;Overig buiten Europa;2026;10003;5002;5001;9519;4676;4843;484;326;158
667;Overig buiten Europa;2027;10003;5002;5001;9689;4755;4935;314;247;66
668;Overig buiten Europa;2028;10003;5002;5001;9841;4824;5016;162;178;-15
669;Overig buiten Europa;2029;10003;5002;5001;9973;4886;5087;30;116;-86
670;Overig buiten Europa;2030;10003;5002;5001;10086;4939;5148;-83;64;-147
671;Overig buiten Europa;2031;10003;5002;5001;10182;4984;5198;-179;18;-197
672;Overig buiten Europa;2032;10003;5002;5001;10261;5021;5240;-258;-19;-239
673;Overig buiten Europa;2033;10003;5002;5001;10324;5052;5272;-321;-50;-271
674;Overig buiten Europa;2034;10003;5002;5001;10372;5076;5296;-369;-74;-295
675;Overig buiten Europa;2035;10003;5002;5001;10407;5095;5312;-404;-93;-311
676;Overig buiten Europa;2036;10003;5002;5001;10429;5107;5322;-426;-105;-321
677;Overig buiten Europa;2037;10003;5002;5001;10439;5115;5325;-436;-113;-324
678;Overig buiten Europa;2038;10003;5002;5001;10440;5117;5322;-437;-115;-321
679;Overig buiten Europa;2039;10003;5002;5001;10431;5116;5314;-428;-114;-313
680;Overig buiten Europa;2040;10003;5002;5001;10413;5111;5302;-410;-109;-301
681;Overig buiten Europa;2041;10003;5002;5001;10388;5102;5286;-385;-100;-285
682;Overig buiten Europa;2042;10003;5002;5001;10356;5090;5266;-353;-88;-265
683;Overig buiten Europa;2043;10003;5002;5001;10318;5075;5243;-315;-73;-242
684;Overig buiten Europa;2044;10003;5002;5001;10275;5058;5217;-272;-56;-216
685;Overig buiten Europa;2045;10003;5002;5001;10227;5038;5190;-224;-36;-189
686;Overig buiten Europa;2046;10003;5002;5001;10175;5016;5159;-172;-14;-158
687;Overig buiten Europa;2047;10003;5002;5001;10119;4991;5127;-116;11;-126
688;Overig buiten Europa;2048;10003;5002;5001;10059;4965;5094;-56;37;-93
689;Overig buiten Europa;2049;10003;5002;5001;9995;4937;5059;8;65;-58
