ID;RegioS;Perioden;TotaalPersoneel_1;TotaalOperationeelPersoneel_2;TotaalBeroeps_3;Mannen_4;Vrouwen_5;HogerEnMiddelbaarRangniveau_6;HogerRangniveau_7;MiddelbaarRangniveau_8;LagerRangniveau_9;TotaalVrijwillig_10;Mannen_11;Vrouwen_12;HogerEnMiddelbaarRangniveau_13;HogerRangniveau_14;MiddelbaarRangniveau_15;LagerRangniveau_16;TotaalOverigPersoneel_17;HboWoOpleiding_18;MboOpleiding_19;LboOpleiding_20
0;Nederland;2000;;26902;4770;4625;145;1767;859.0;908.0;3003;22132;21533;599;4362;812.0;3550.0;17770;;;;
1;Nederland;2001;;26992;4915;4770;145;1940;923.0;1017.0;2975;22077;21402;675;4432;714.0;3718.0;17645;;;;
2;Nederland;2002;;27082;4994;4836;158;1982;943.0;1039.0;3012;22088;21285;803;4449;625.0;3824.0;17639;;;;
3;Nederland;2003;;27213;5175;4995;180;2139;1006.0;1133.0;3036;22038;21057;981;4412;559.0;3853.0;17626;;;;
4;Nederland;2004;;27413;5352;5131;221;2248;1071.0;1177.0;3104;22061;21036;1025;4507;463.0;4044.0;17554;;;;
5;Nederland;2005;30624.0;27299;5260;5009;251;2221;1029.0;1192.0;3039;22039;20932;1107;5010;594.0;4416.0;17029;3325.0;1149.0;1722.0;454.0
6;Nederland;2006;30674.0;27373;5413;5125;288;2312;1063.0;1249.0;3101;21960;20820;1140;5305;555.0;4750.0;16655;3301.0;1125.0;1726.0;450.0
7;Nederland;2007;30480.0;27084;5440;5127;313;2389;1089.0;1300.0;3051;21644;20456;1188;4721;428.0;4293.0;16923;3396.0;1203.0;1765.0;428.0
8;Nederland;2008;30428.0;27027;5548;5240;308;2322;1007.0;1315.0;3226;21479;20218;1261;4806;396.0;4410.0;16673;3401.0;1218.0;1722.0;461.0
9;Nederland;2009;30736.0;27154;5525;5223;302;2252;943.0;1309.0;3273;21629;20321;1308;4902;358.0;4544.0;16727;3582.0;1385.0;1823.0;374.0
10;Nederland;2010;31066.0;27137;5510;5214;296;2211;881.0;1330.0;3299;21627;20304;1323;4696;362.0;4334.0;16931;3929.0;1539.0;2004.0;386.0
11;Nederland;2011;30608.0;26602;5416;5130;286;2099;862.0;1237.0;3317;21186;19955;1231;4742;343.0;4399.0;16444;4006.0;1489.0;2019.0;498.0
12;Nederland;2012;30261.0;26223;5252;4973;279;2057;837.0;1220.0;3195;20971;19796;1175;5528;313.0;5215.0;15443;4038.0;1527.0;2044.0;467.0
13;Nederland;2013;29789.0;26031;5220;4917;303;2074;874.0;1200.0;3146;20811;19659;1152;4893;356.0;4537.0;15918;3758.0;1455.0;1812.0;491.0
14;Nederland;2014;28855.0;25061;5023;4786;237;2032;893.0;1139.0;2991;20038;18983;1055;4900;267.0;4633.0;15138;3794.0;1527.0;1713.0;554.0
15;Nederland;2015;27964.0;24135;4892;4662;230;1933;840.0;1093.0;2959;19243;18176;1067;4808;154.0;4654.0;14435;3829.0;1667.0;1717.0;445.0
16;Nederland;2016;27733.0;23951;5152;4891;261;2166;838.0;1328.0;2986;18799;17757;1042;4672;137.0;4535.0;14127;3782.0;1600.0;1653.0;529.0
17;Nederland;2017;27850.0;24042;5123;4873;250;2130;909.0;1221.0;2993;18919;17883;1036;4635;120.0;4515.0;14284;3808.0;1737.0;1565.0;506.0
18;Nederland;2018;28158.0;24310;5398;5068;330;2322;947.0;1375.0;3076;18912;17828;1084;4727;133.0;4594.0;14185;3848.0;1694.0;1670.0;484.0
19;Nederland;2019;28140.0;24232;5375;5050;325;2244;925.0;1319.0;3131;18857;17758;1099;4726;113.0;4613.0;14131;3908.0;1772.0;1627.0;509.0
20;Noord-Nederland (LD);2000;;2916;289;282;7;147;86.0;61.0;142;2627;2541;86;474;78.0;396.0;2153;;;;
21;Noord-Nederland (LD);2001;;2941;307;298;9;159;97.0;62.0;148;2634;2531;103;473;71.0;402.0;2161;;;;
22;Noord-Nederland (LD);2002;;3008;341;328;13;183;107.0;76.0;158;2667;2544;123;509;52.0;457.0;2158;;;;
23;Noord-Nederland (LD);2003;;3032;358;343;15;191;109.0;82.0;167;2674;2530;144;506;50.0;456.0;2168;;;;
24;Noord-Nederland (LD);2004;;3063;375;358;17;214;115.0;99.0;161;2688;2536;152;529;37.0;492.0;2159;;;;
25;Noord-Nederland (LD);2005;3236.0;3032;376;352;24;216;125.0;91.0;160;2656;2486;170;566;29.0;537.0;2090;204.0;73.0;109.0;22.0
26;Noord-Nederland (LD);2006;3227.0;3017;377;350;27;216;121.0;95.0;161;2640;2468;172;594;45.0;549.0;2046;210.0;81.0;106.0;23.0
27;Noord-Nederland (LD);2007;3243.0;3004;361;340;21;219;117.0;102.0;142;2643;2471;172;596;23.0;573.0;2047;239.0;81.0;125.0;33.0
28;Noord-Nederland (LD);2008;3342.0;3103;387;364;23;230;126.0;104.0;157;2716;2526;190;608;12.0;596.0;2108;239.0;86.0;126.0;27.0
29;Noord-Nederland (LD);2009;3388.0;3097;405;375;30;243;123.0;120.0;162;2692;2486;206;663;15.0;648.0;2029;291.0;92.0;169.0;30.0
30;Noord-Nederland (LD);2010;3382.0;3106;403;378;25;247;117.0;130.0;156;2703;2516;187;591;24.0;567.0;2112;276.0;96.0;161.0;19.0
31;Noord-Nederland (LD);2011;3213.0;3019;408;384;24;227;113.0;114.0;181;2611;2411;200;598;15.0;583.0;2013;194.0;68.0;108.0;18.0
32;Noord-Nederland (LD);2012;3232.0;3000;378;348;30;200;;;178;2622;2417;205;609;;;2013;232.0;90.0;120.0;22.0
33;Noord-Nederland (LD);2013;3255.0;3012;391;362;29;197;;;194;2621;2435;186;607;;;2014;243.0;84.0;135.0;24.0
34;Noord-Nederland (LD);2014;3140.0;2819;296;276;20;127;;;169;2523;2344;179;674;;;1849;321.0;118.0;187.0;16.0
35;Noord-Nederland (LD);2015;3205.0;2884;345;325;20;152;;;193;2539;2371;168;670;;;1869;321.0;125.0;181.0;15.0
36;Noord-Nederland (LD);2016;3144.0;2869;409;379;30;297;;;112;2460;2291;169;613;;;1847;275.0;145.0;98.0;32.0
37;Noord-Nederland (LD);2017;3183.0;2903;406;374;32;293;;;113;2497;2322;175;594;;;1903;280.0;158.0;92.0;30.0
38;Noord-Nederland (LD);2018;3239.0;2953;402;368;34;253;;;149;2551;2376;175;621;;;1930;286.0;141.0;118.0;27.0
39;Noord-Nederland (LD);2019;3205.0;2911;382;350;32;232;;;150;2529;2355;174;628;;;1901;294.0;150.0;101.0;43.0
40;Oost-Nederland (LD);2000;;5762;785;750;35;341;186.0;155.0;444;4977;4866;111;956;187.0;769.0;4021;;;;
41;Oost-Nederland (LD);2001;;5817;788;759;29;369;187.0;182.0;419;5029;4904;125;977;156.0;821.0;4052;;;;
42;Oost-Nederland (LD);2002;;5852;814;778;36;404;202.0;202.0;410;5038;4874;164;953;145.0;808.0;4085;;;;
43;Oost-Nederland (LD);2003;;5998;883;849;34;487;226.0;261.0;396;5115;4891;224;968;125.0;843.0;4147;;;;
44;Oost-Nederland (LD);2004;;6058;902;862;40;463;258.0;205.0;439;5156;4927;229;1005;106.0;899.0;4151;;;;
45;Oost-Nederland (LD);2005;6590.0;5903;886;841;45;488;230.0;258.0;398;5017;4776;241;1121;157.0;964.0;3896;687.0;244.0;371.0;72.0
46;Oost-Nederland (LD);2006;6562.0;5989;929;866;63;491;257.0;234.0;438;5060;4797;263;1185;158.0;1027.0;3875;573.0;210.0;287.0;76.0
47;Oost-Nederland (LD);2007;6562.0;5949;962;893;69;521;266.0;255.0;441;4987;4710;277;1006;107.0;899.0;3981;613.0;226.0;311.0;76.0
48;Oost-Nederland (LD);2008;6605.0;5932;980;907;73;504;259.0;245.0;476;4952;4658;294;1065;106.0;959.0;3887;673.0;257.0;334.0;82.0
49;Oost-Nederland (LD);2009;6656.0;5968;961;895;66;500;237.0;263.0;461;5007;4692;315;1093;100.0;993.0;3914;688.0;271.0;355.0;62.0
50;Oost-Nederland (LD);2010;6705.0;5974;931;872;59;460;239.0;221.0;471;5043;4733;310;1069;90.0;979.0;3974;731.0;251.0;405.0;75.0
51;Oost-Nederland (LD);2011;6609.0;5842;899;842;57;439;240.0;199.0;460;4943;4644;299;1066;86.0;980.0;3877;767.0;238.0;425.0;104.0
52;Oost-Nederland (LD);2012;6537.0;5760;867;810;57;456;;;411;4893;4599;294;1112;;;3781;777.0;273.0;406.0;98.0
53;Oost-Nederland (LD);2013;6570.0;5761;827;772;55;445;;;382;4934;4653;281;1141;;;3793;809.0;282.0;472.0;55.0
54;Oost-Nederland (LD);2014;6419.0;5567;813;764;49;498;;;315;4754;4491;263;1065;;;3689;852.0;347.0;429.0;76.0
55;Oost-Nederland (LD);2015;5917.0;5129;784;739;45;471;;;313;4345;4078;267;970;;;3375;788.0;308.0;416.0;64.0
56;Oost-Nederland (LD);2016;5994.0;5174;822;772;50;470;;;352;4352;4100;252;961;;;3391;820.0;316.0;394.0;110.0
57;Oost-Nederland (LD);2017;5990.0;5172;770;726;44;402;;;368;4402;4159;243;1019;;;3383;818.0;342.0;327.0;149.0
58;Oost-Nederland (LD);2018;6133.0;5324;839;784;55;452;;;387;4485;4236;249;1030;;;3455;809.0;331.0;330.0;148.0
59;Oost-Nederland (LD);2019;6095.0;5296;838;784;54;452;;;386;4458;4206;252;1057;;;3401;799.0;333.0;339.0;127.0
60;West-Nederland (LD);2000;;12582;2881;2805;76;945;402.0;543.0;1936;9701;9422;279;1969;382.0;1587.0;7732;;;;
61;West-Nederland (LD);2001;;12590;2972;2898;74;1060;447.0;613.0;1912;9618;9315;303;1986;330.0;1656.0;7632;;;;
62;West-Nederland (LD);2002;;12606;2967;2887;80;1014;436.0;578.0;1953;9639;9286;353;1995;289.0;1706.0;7644;;;;
63;West-Nederland (LD);2003;;12541;3032;2934;98;1068;464.0;604.0;1964;9509;9084;425;1951;253.0;1698.0;7558;;;;
64;West-Nederland (LD);2004;;12661;3181;3055;126;1183;489.0;694.0;1998;9480;9040;440;1962;199.0;1763.0;7518;;;;
65;West-Nederland (LD);2005;14437.0;12703;3114;2976;138;1126;468.0;658.0;1988;9589;9104;485;2242;278.0;1964.0;7347;1734.0;585.0;870.0;279.0
66;West-Nederland (LD);2006;14398.0;12645;3184;3032;152;1187;481.0;706.0;1997;9461;8983;478;2259;199.0;2060.0;7202;1753.0;569.0;916.0;268.0
67;West-Nederland (LD);2007;14387.0;12538;3199;3023;176;1232;490.0;742.0;1967;9339;8840;499;2045;174.0;1871.0;7294;1849.0;659.0;935.0;255.0
68;West-Nederland (LD);2008;14310.0;12530;3254;3099;155;1193;421.0;772.0;2061;9276;8736;540;2125;182.0;1943.0;7151;1780.0;619.0;865.0;296.0
69;West-Nederland (LD);2009;14271.0;12457;3244;3090;154;1144;391.0;753.0;2100;9213;8656;557;2141;148.0;1993.0;7072;1814.0;728.0;860.0;226.0
70;West-Nederland (LD);2010;14516.0;12508;3294;3128;166;1191;376.0;815.0;2103;9214;8664;550;2011;162.0;1849.0;7203;2008.0;849.0;957.0;202.0
71;West-Nederland (LD);2011;14367.0;12256;3214;3068;146;1080;332.0;748.0;2134;9042;8544;498;1945;147.0;1798.0;7097;2111.0;851.0;987.0;273.0
72;West-Nederland (LD);2012;14309.0;12219;3175;3029;146;1038;;;2137;9044;8581;463;2205;;;6839;2090.0;865.0;977.0;248.0
73;West-Nederland (LD);2013;13786.0;11941;3043;2875;168;1005;;;2038;8898;8428;470;2148;;;6750;1845.0;808.0;750.0;287.0
74;West-Nederland (LD);2014;13249.0;11558;2965;2843;122;995;;;1970;8593;8184;409;2227;;;6366;1691.0;785.0;578.0;328.0
75;West-Nederland (LD);2015;13038.0;11237;2846;2734;112;908;;;1938;8391;7952;439;2211;;;6180;1801.0;840.0;670.0;291.0
76;West-Nederland (LD);2016;12808.0;11039;3067;2931;136;1055;;;2012;7972;7544;428;2142;;;5830;1769.0;730.0;737.0;302.0
77;West-Nederland (LD);2017;12672.0;10954;2970;2851;119;1006;;;1964;7984;7562;422;2052;;;5932;1718.0;832.0;639.0;247.0
78;West-Nederland (LD);2018;12787.0;11013;3168;2984;184;1188;;;1980;7845;7391;454;2107;;;5738;1774.0;813.0;696.0;265.0
79;West-Nederland (LD);2019;12862.0;11046;3159;2979;180;1117;;;2042;7887;7415;472;2084;;;5803;1816.0;861.0;704.0;251.0
80;Zuid-Nederland (LD);2000;;5642;815;788;27;334;185.0;149.0;481;4827;4704;123;963;165.0;798.0;3864;;;;
81;Zuid-Nederland (LD);2001;;5644;848;815;33;352;192.0;160.0;496;4796;4652;144;996;157.0;839.0;3800;;;;
82;Zuid-Nederland (LD);2002;;5616;872;843;29;381;198.0;183.0;491;4744;4581;163;992;139.0;853.0;3752;;;;
83;Zuid-Nederland (LD);2003;;5642;902;869;33;393;207.0;186.0;509;4740;4552;188;987;131.0;856.0;3753;;;;
84;Zuid-Nederland (LD);2004;;5631;894;856;38;388;209.0;179.0;506;4737;4533;204;1011;121.0;890.0;3726;;;;
85;Zuid-Nederland (LD);2005;6361.0;5661;884;840;44;391;206.0;185.0;493;4777;4566;211;1081;130.0;951.0;3696;700.0;247.0;372.0;81.0
86;Zuid-Nederland (LD);2006;6487.0;5722;923;877;46;418;204.0;214.0;505;4799;4572;227;1267;153.0;1114.0;3532;765.0;265.0;417.0;83.0
87;Zuid-Nederland (LD);2007;6288.0;5593;918;871;47;417;216.0;201.0;501;4675;4435;240;1074;124.0;950.0;3601;695.0;237.0;394.0;64.0
88;Zuid-Nederland (LD);2008;6171.0;5462;927;870;57;395;201.0;194.0;532;4535;4298;237;1008;96.0;912.0;3527;709.0;256.0;397.0;56.0
89;Zuid-Nederland (LD);2009;6421.0;5632;915;863;52;365;192.0;173.0;550;4717;4487;230;1005;95.0;910.0;3712;789.0;294.0;439.0;56.0
90;Zuid-Nederland (LD);2010;6463.0;5549;882;836;46;313;149.0;164.0;569;4667;4391;276;1025;86.0;939.0;3642;914.0;343.0;481.0;90.0
91;Zuid-Nederland (LD);2011;6419.0;5485;895;836;59;353;177.0;176.0;542;4590;4356;234;1133;95.0;1038.0;3457;934.0;332.0;499.0;103.0
92;Zuid-Nederland (LD);2012;6183.0;5244;832;786;46;363;;;469;4412;4199;213;1602;;;2810;939.0;299.0;541.0;99.0
93;Zuid-Nederland (LD);2013;6178.0;5317;959;908;51;427;;;532;4358;4143;215;997;;;3361;861.0;281.0;455.0;125.0
94;Zuid-Nederland (LD);2014;6047.0;5117;949;903;46;412;;;537;4168;3964;204;934;;;3234;930.0;277.0;519.0;134.0
95;Zuid-Nederland (LD);2015;5804.0;4885;917;864;53;402;;;515;3968;3775;193;957;;;3011;919.0;394.0;450.0;75.0
96;Zuid-Nederland (LD);2016;5787.0;4869;854;809;45;344;;;510;4015;3822;193;956;;;3059;918.0;409.0;424.0;85.0
97;Zuid-Nederland (LD);2017;6005.0;5013;977;922;55;429;;;548;4036;3840;196;970;;;3066;992.0;405.0;507.0;80.0
98;Zuid-Nederland (LD);2018;5999.0;5020;989;932;57;429;;;560;4031;3825;206;969;;;3062;979.0;409.0;526.0;44.0
99;Zuid-Nederland (LD);2019;5978.0;4979;996;937;59;443;;;553;3983;3782;201;957;;;3026;999.0;428.0;483.0;88.0
100;Groningen (PV);2000;;857;104;101;3;42;19.0;23.0;62;753;730;23;142;29.0;113.0;611;;;;
101;Groningen (PV);2001;;857;106;103;3;44;22.0;22.0;62;751;726;25;128;25.0;103.0;623;;;;
102;Groningen (PV);2002;;852;123;115;8;55;27.0;28.0;68;729;704;25;150;18.0;132.0;579;;;;
103;Groningen (PV);2003;;865;123;116;7;55;25.0;30.0;68;742;702;40;141;14.0;127.0;601;;;;
104;Groningen (PV);2004;;883;133;126;7;62;27.0;35.0;71;750;702;48;155;12.0;143.0;595;;;;
105;Groningen (PV);2005;923.0;866;132;125;7;65;31.0;34.0;67;734;688;46;172;9.0;163.0;562;57.0;22.0;29.0;6.0
106;Groningen (PV);2006;939.0;882;141;135;6;67;31.0;36.0;74;741;692;49;180;27.0;153.0;561;57.0;25.0;29.0;3.0
107;Groningen (PV);2007;932.0;853;129;125;4;57;26.0;31.0;72;724;684;40;170;8.0;162.0;554;79.0;33.0;40.0;6.0
108;Groningen (PV);2008;981.0;906;149;139;10;64;27.0;37.0;85;757;707;50;180;3.0;177.0;577;75.0;37.0;33.0;5.0
109;Groningen (PV);2009;980.0;896;165;154;11;78;26.0;52.0;87;731;680;51;170;8.0;162.0;561;84.0;33.0;42.0;9.0
110;Groningen (PV);2010;1005.0;908;164;155;9;81;30.0;51.0;83;744;698;46;157;10.0;147.0;587;97.0;45.0;48.0;4.0
111;Groningen (PV);2011;948.0;863;156;148;8;74;27.0;47.0;82;707;659;48;160;9.0;151.0;547;85.0;43.0;38.0;4.0
112;Groningen (PV);2012;946.0;832;127;118;9;51;;;76;705;659;46;178;;;527;114.0;63.0;46.0;5.0
113;Groningen (PV);2013;943.0;827;122;113;9;47;;;75;705;659;46;172;;;533;116.0;62.0;48.0;6.0
114;Groningen (PV);2014;1008.0;851;93;86;7;25;;;68;758;710;48;221;;;537;157.0;84.0;68.0;5.0
115;Groningen (PV);2015;1059.0;879;122;112;10;46;;;76;757;709;48;230;;;527;180.0;96.0;78.0;6.0
116;Groningen (PV);2016;998.0;823;137;127;10;67;;;70;686;635;51;173;;;513;175.0;100.0;50.0;25.0
117;Groningen (PV);2017;1009.0;834;145;133;12;74;;;71;689;635;54;166;;;523;175.0;100.0;50.0;25.0
118;Groningen (PV);2018;996.0;833;137;128;9;65;;;72;696;641;55;175;;;521;163.0;90.0;50.0;23.0
119;Groningen (PV);2019;969.0;813;122;112;10;44;;;78;691;634;57;174;;;517;156.0;86.0;46.0;24.0
120;Friesland (PV);2000;;1208;88;86;2;55;35.0;20.0;33;1120;1072;48;187;27.0;160.0;933;;;;
121;Friesland (PV);2001;;1231;97;94;3;59;39.0;20.0;38;1134;1074;60;202;25.0;177.0;932;;;;
122;Friesland (PV);2002;;1255;112;110;2;73;46.0;27.0;39;1143;1076;67;200;18.0;182.0;943;;;;
123;Friesland (PV);2003;;1241;119;116;3;80;48.0;32.0;39;1122;1056;66;199;17.0;182.0;923;;;;
124;Friesland (PV);2004;;1265;127;122;5;85;50.0;35.0;42;1138;1066;72;208;15.0;193.0;930;;;;
125;Friesland (PV);2005;1341.0;1267;132;124;8;82;54.0;28.0;50;1135;1048;87;207;11.0;196.0;928;74.0;25.0;41.0;8.0
126;Friesland (PV);2006;1340.0;1255;125;116;9;76;50.0;26.0;49;1130;1045;85;226;11.0;215.0;904;85.0;35.0;42.0;8.0
127;Friesland (PV);2007;1355.0;1278;125;116;9;89;52.0;37.0;36;1153;1064;89;233;10.0;223.0;920;77.0;21.0;48.0;8.0
128;Friesland (PV);2008;1395.0;1306;117;112;5;85;58.0;27.0;32;1189;1100;89;235;7.0;228.0;954;89.0;22.0;61.0;6.0
129;Friesland (PV);2009;1430.0;1305;119;114;5;84;55.0;29.0;35;1186;1081;105;245;6.0;239.0;941;125.0;34.0;87.0;4.0
130;Friesland (PV);2010;1400.0;1326;124;119;5;89;54.0;35.0;35;1202;1107;95;237;5.0;232.0;965;74.0;22.0;43.0;9.0
131;Friesland (PV);2011;1308.0;1275;128;121;7;81;51.0;30.0;47;1147;1045;102;231;4.0;227.0;916;33.0;8.0;20.0;5.0
132;Friesland (PV);2012;1312.0;1275;128;121;7;83;;;45;1147;1045;102;250;;;897;37.0;6.0;20.0;11.0
133;Friesland (PV);2013;1331.0;1280;138;129;9;77;;;61;1142;1052;90;245;;;897;51.0;9.0;36.0;6.0
134;Friesland (PV);2014;1248.0;1197;138;129;9;77;;;61;1059;980;79;234;;;825;51.0;9.0;36.0;6.0
135;Friesland (PV);2015;1255.0;1227;158;152;6;81;;;77;1069;1001;68;239;;;830;28.0;4.0;20.0;4.0
136;Friesland (PV);2016;1271.0;1242;160;154;6;118;;;42;1082;1011;71;240;;;842;29.0;5.0;20.0;4.0
137;Friesland (PV);2017;1282.0;1248;151;145;6;109;;;42;1097;1025;72;232;;;865;34.0;18.0;14.0;2.0
138;Friesland (PV);2018;1306.0;1264;160;149;11;118;;;42;1104;1037;67;238;;;866;42.0;17.0;22.0;3.0
139;Friesland (PV);2019;1300.0;1252;150;143;7;116;;;34;1102;1030;72;240;;;862;48.0;21.0;13.0;14.0
140;Drenthe (PV);2000;;851;97;95;2;50;32.0;18.0;47;754;739;15;145;22.0;123.0;609;;;;
141;Drenthe (PV);2001;;853;104;101;3;56;36.0;20.0;48;749;731;18;143;21.0;122.0;606;;;;
142;Drenthe (PV);2002;;901;106;103;3;55;34.0;21.0;51;795;764;31;159;16.0;143.0;636;;;;
143;Drenthe (PV);2003;;926;116;111;5;56;36.0;20.0;60;810;772;38;166;19.0;147.0;644;;;;
144;Drenthe (PV);2004;;915;115;110;5;67;38.0;29.0;48;800;768;32;166;10.0;156.0;634;;;;
145;Drenthe (PV);2005;972.0;899;112;103;9;69;40.0;29.0;43;787;750;37;187;9.0;178.0;600;73.0;26.0;39.0;8.0
146;Drenthe (PV);2006;948.0;880;111;99;12;73;40.0;33.0;38;769;731;38;188;7.0;181.0;581;68.0;21.0;35.0;12.0
147;Drenthe (PV);2007;956.0;873;107;99;8;73;39.0;34.0;34;766;723;43;193;5.0;188.0;573;83.0;27.0;37.0;19.0
148;Drenthe (PV);2008;966.0;891;121;113;8;81;41.0;40.0;40;770;719;51;193;2.0;191.0;577;75.0;27.0;32.0;16.0
149;Drenthe (PV);2009;978.0;896;121;107;14;81;42.0;39.0;40;775;725;50;248;1.0;247.0;527;82.0;25.0;40.0;17.0
150;Drenthe (PV);2010;977.0;872;115;104;11;77;33.0;44.0;38;757;711;46;197;9.0;188.0;560;105.0;29.0;70.0;6.0
151;Drenthe (PV);2011;957.0;881;124;115;9;72;35.0;37.0;52;757;707;50;207;2.0;205.0;550;76.0;17.0;50.0;9.0
152;Drenthe (PV);2012;974.0;893;123;109;14;66;;;57;770;713;57;181;;;589;81.0;21.0;54.0;6.0
153;Drenthe (PV);2013;981.0;905;131;120;11;73;;;58;774;724;50;190;;;584;76.0;13.0;51.0;12.0
154;Drenthe (PV);2014;884.0;771;65;61;4;25;;;40;706;654;52;219;;;487;113.0;25.0;83.0;5.0
155;Drenthe (PV);2015;891.0;778;65;61;4;25;;;40;713;661;52;201;;;512;113.0;25.0;83.0;5.0
156;Drenthe (PV);2016;875.0;804;112;98;14;112;;;0;692;645;47;200;;;492;71.0;40.0;28.0;3.0
157;Drenthe (PV);2017;892.0;821;110;96;14;110;;;0;711;662;49;196;;;515;71.0;40.0;28.0;3.0
158;Drenthe (PV);2018;937.0;856;105;91;14;70;;;35;751;698;53;208;;;543;81.0;34.0;46.0;1.0
159;Drenthe (PV);2019;936.0;846;110;95;15;72;;;38;736;691;45;214;;;522;90.0;43.0;42.0;5.0
160;Overijssel (PV);2000;;1794;214;204;10;96;56.0;40.0;118;1580;1556;24;304;65.0;239.0;1276;;;;
161;Overijssel (PV);2001;;1790;234;224;10;108;60.0;48.0;126;1556;1526;30;270;45.0;225.0;1286;;;;
162;Overijssel (PV);2002;;1864;245;234;11;120;69.0;51.0;125;1619;1573;46;280;47.0;233.0;1339;;;;
163;Overijssel (PV);2003;;1869;258;247;11;132;67.0;65.0;126;1611;1534;77;278;41.0;237.0;1333;;;;
164;Overijssel (PV);2004;;1868;261;245;16;130;74.0;56.0;131;1607;1526;81;280;33.0;247.0;1327;;;;
165;Overijssel (PV);2005;2123.0;1907;328;311;17;183;74.0;109.0;145;1579;1493;86;301;31.0;270.0;1278;216.0;81.0;117.0;18.0
166;Overijssel (PV);2006;2187.0;1999;352;322;30;183;95.0;88.0;169;1647;1548;99;404;66.0;338.0;1243;188.0;64.0;100.0;24.0
167;Overijssel (PV);2007;2156.0;1957;341;315;26;179;89.0;90.0;162;1616;1506;110;290;29.0;261.0;1326;199.0;74.0;108.0;17.0
168;Overijssel (PV);2008;2145.0;1933;366;340;26;177;94.0;83.0;189;1567;1447;120;295;23.0;272.0;1272;212.0;90.0;105.0;17.0
169;Overijssel (PV);2009;2151.0;1938;352;327;25;178;79.0;99.0;174;1586;1450;136;324;29.0;295.0;1262;213.0;93.0;104.0;16.0
170;Overijssel (PV);2010;2124.0;1913;364;341;23;184;91.0;93.0;180;1549;1424;125;305;27.0;278.0;1244;211.0;82.0;108.0;21.0
171;Overijssel (PV);2011;2076.0;1869;337;316;21;164;78.0;86.0;173;1532;1414;118;300;22.0;278.0;1232;207.0;75.0;106.0;26.0
172;Overijssel (PV);2012;2019.0;1782;283;265;18;123;;;160;1499;1388;111;321;;;1178;237.0;102.0;110.0;25.0
173;Overijssel (PV);2013;2065.0;1824;310;288;22;154;;;156;1514;1409;105;284;;;1230;241.0;83.0;123.0;35.0
174;Overijssel (PV);2014;2237.0;1818;310;286;24;152;;;158;1508;1411;97;289;;;1219;419.0;138.0;232.0;49.0
175;Overijssel (PV);2015;2014.0;1664;304;285;19;148;;;156;1360;1267;93;278;;;1082;350.0;129.0;178.0;43.0
176;Overijssel (PV);2016;2011.0;1663;299;280;19;146;;;153;1364;1270;94;258;;;1106;348.0;127.0;178.0;43.0
177;Overijssel (PV);2017;2048.0;1712;296;277;19;161;;;135;1416;1319;97;315;;;1101;336.0;139.0;164.0;33.0
178;Overijssel (PV);2018;2117.0;1774;310;286;24;168;;;142;1464;1366;98;316;;;1148;343.0;142.0;158.0;43.0
179;Overijssel (PV);2019;2055.0;1714;303;279;24;171;;;132;1411;1313;98;327;;;1084;341.0;145.0;159.0;37.0
180;Flevoland (PV);2000;;460;77;72;5;40;20.0;20.0;37;383;353;30;76;13.0;63.0;307;;;;
181;Flevoland (PV);2001;;432;70;68;2;43;22.0;21.0;27;362;335;27;80;10.0;70.0;282;;;;
182;Flevoland (PV);2002;;459;83;78;5;49;22.0;27.0;34;376;343;33;80;9.0;71.0;296;;;;
183;Flevoland (PV);2003;;468;98;91;7;64;27.0;37.0;34;370;337;33;84;14.0;70.0;286;;;;
184;Flevoland (PV);2004;;474;100;93;7;61;32.0;29.0;39;374;343;31;74;8.0;66.0;300;;;;
185;Flevoland (PV);2005;542.0;483;80;76;4;61;22.0;39.0;19;403;363;40;85;11.0;74.0;318;59.0;26.0;27.0;6.0
186;Flevoland (PV);2006;522.0;480;92;84;8;67;29.0;38.0;25;388;350;38;72;8.0;64.0;316;42.0;18.0;19.0;5.0
187;Flevoland (PV);2007;524.0;485;119;106;13;66;31.0;35.0;53;366;336;30;63;12.0;51.0;303;39.0;13.0;17.0;9.0
188;Flevoland (PV);2008;505.0;473;112;99;13;64;27.0;37.0;48;361;327;34;84;10.0;74.0;277;32.0;9.0;17.0;6.0
189;Flevoland (PV);2009;502.0;472;113;100;13;64;26.0;38.0;49;359;328;31;78;7.0;71.0;281;30.0;9.0;16.0;5.0
190;Flevoland (PV);2010;582.0;520;95;89;6;35;20.0;15.0;60;425;380;45;106;13.0;93.0;319;62.0;20.0;35.0;7.0
191;Flevoland (PV);2011;551.0;480;108;101;7;39;23.0;16.0;69;372;332;40;87;13.0;74.0;285;71.0;23.0;42.0;6.0
192;Flevoland (PV);2012;579.0;493;95;90;5;62;;;33;398;363;35;78;;;320;86.0;32.0;48.0;6.0
193;Flevoland (PV);2013;584.0;502;98;92;6;66;;;32;404;370;34;82;;;322;82.0;35.0;41.0;6.0
194;Flevoland (PV);2014;589.0;511;99;95;4;98;;;1;412;377;35;75;;;337;78.0;45.0;31.0;2.0
195;Flevoland (PV);2015;477.0;398;103;99;4;100;;;3;295;276;19;49;;;246;79.0;45.0;32.0;2.0
196;Flevoland (PV);2016;484.0;401;106;101;5;105;;;1;295;276;19;49;;;246;83.0;40.0;32.0;11.0
197;Flevoland (PV);2017;481.0;396;101;96;5;57;;;44;295;279;16;45;;;250;85.0;43.0;28.0;14.0
198;Flevoland (PV);2018;486.0;407;97;92;5;56;;;41;310;294;16;54;;;256;79.0;36.0;22.0;21.0
199;Flevoland (PV);2019;489.0;422;104;100;4;59;;;45;318;303;15;51;;;267;67.0;28.0;26.0;13.0
200;Gelderland (PV);2000;;3508;494;474;20;205;110.0;95.0;289;3014;2957;57;576;109.0;467.0;2438;;;;
201;Gelderland (PV);2001;;3595;484;467;17;218;105.0;113.0;266;3111;3043;68;627;101.0;526.0;2484;;;;
202;Gelderland (PV);2002;;3529;486;466;20;235;111.0;124.0;251;3043;2958;85;593;89.0;504.0;2450;;;;
203;Gelderland (PV);2003;;3661;527;511;16;291;132.0;159.0;236;3134;3020;114;606;70.0;536.0;2528;;;;
204;Gelderland (PV);2004;;3716;541;524;17;272;152.0;120.0;269;3175;3058;117;651;65.0;586.0;2524;;;;
205;Gelderland (PV);2005;3925.0;3513;478;454;24;244;134.0;110.0;234;3035;2920;115;735;115.0;620.0;2300;412.0;137.0;227.0;48.0
206;Gelderland (PV);2006;3853.0;3510;485;460;25;241;133.0;108.0;244;3025;2899;126;709;84.0;625.0;2316;343.0;128.0;168.0;47.0
207;Gelderland (PV);2007;3882.0;3507;502;472;30;276;146.0;130.0;226;3005;2868;137;653;66.0;587.0;2352;375.0;139.0;186.0;50.0
208;Gelderland (PV);2008;3955.0;3526;502;468;34;263;138.0;125.0;239;3024;2884;140;686;73.0;613.0;2338;429.0;158.0;212.0;59.0
209;Gelderland (PV);2009;4003.0;3558;496;468;28;258;132.0;126.0;238;3062;2914;148;691;64.0;627.0;2371;445.0;169.0;235.0;41.0
210;Gelderland (PV);2010;3999.0;3541;472;442;30;241;128.0;113.0;231;3069;2929;140;658;50.0;608.0;2411;458.0;149.0;262.0;47.0
211;Gelderland (PV);2011;3982.0;3493;454;425;29;236;139.0;97.0;218;3039;2898;141;679;51.0;628.0;2360;489.0;140.0;277.0;72.0
212;Gelderland (PV);2012;3939.0;3485;489;455;34;271;;;218;2996;2848;148;713;;;2283;454.0;139.0;248.0;67.0
213;Gelderland (PV);2013;3921.0;3435;419;392;27;225;;;194;3016;2874;142;775;;;2241;486.0;164.0;308.0;14.0
214;Gelderland (PV);2014;3593.0;3238;404;383;21;248;;;156;2834;2703;131;701;;;2133;355.0;164.0;166.0;25.0
215;Gelderland (PV);2015;3426.0;3067;377;355;22;223;;;154;2690;2535;155;643;;;2047;359.0;134.0;206.0;19.0
216;Gelderland (PV);2016;3499.0;3110;417;391;26;219;;;198;2693;2554;139;654;;;2039;389.0;149.0;184.0;56.0
217;Gelderland (PV);2017;3461.0;3064;373;353;20;184;;;189;2691;2561;130;659;;;2032;397.0;160.0;135.0;102.0
218;Gelderland (PV);2018;3530.0;3143;432;406;26;228;;;204;2711;2576;135;660;;;2051;387.0;153.0;150.0;84.0
219;Gelderland (PV);2019;3551.0;3160;431;405;26;222;;;209;2729;2590;139;679;;;2050;391.0;160.0;154.0;77.0
220;Utrecht (PV);2000;;2072;280;270;10;121;65.0;56.0;159;1792;1741;51;386;76.0;310.0;1406;;;;
221;Utrecht (PV);2001;;2031;298;284;14;130;79.0;51.0;168;1733;1678;55;383;66.0;317.0;1350;;;;
222;Utrecht (PV);2002;;2076;316;302;14;142;83.0;59.0;174;1760;1687;73;400;74.0;326.0;1360;;;;
223;Utrecht (PV);2003;;2087;363;344;19;152;71.0;81.0;211;1724;1636;88;396;62.0;334.0;1328;;;;
224;Utrecht (PV);2004;;2097;389;371;18;179;78.0;101.0;210;1708;1617;91;387;51.0;336.0;1321;;;;
225;Utrecht (PV);2005;2358.0;2159;414;395;19;181;85.0;96.0;233;1745;1656;89;402;51.0;351.0;1343;199.0;79.0;77.0;43.0
226;Utrecht (PV);2006;2390.0;2133;388;363;25;178;81.0;97.0;210;1745;1653;92;458;61.0;397.0;1287;257.0;85.0;143.0;29.0
227;Utrecht (PV);2007;2380.0;2087;369;349;20;165;70.0;95.0;204;1718;1626;92;388;53.0;335.0;1330;293.0;90.0;163.0;40.0
228;Utrecht (PV);2008;2317.0;2042;393;367;26;157;57.0;100.0;236;1649;1547;102;428;63.0;365.0;1221;275.0;90.0;145.0;40.0
229;Utrecht (PV);2009;2378.0;2130;430;399;31;169;65.0;104.0;261;1700;1604;96;408;52.0;356.0;1292;248.0;85.0;137.0;26.0
230;Utrecht (PV);2010;2395.0;2132;445;416;29;182;57.0;125.0;263;1687;1582;105;389;49.0;340.0;1298;263.0;108.0;143.0;12.0
231;Utrecht (PV);2011;2458.0;2023;318;297;21;122;41.0;81.0;196;1705;1609;96;454;78.0;376.0;1251;435.0;179.0;237.0;19.0
232;Utrecht (PV);2012;2520.0;2067;283;264;19;81;;;202;1784;1694;90;481;;;1303;453.0;186.0;247.0;20.0
233;Utrecht (PV);2013;2374.0;2090;276;238;38;81;;;195;1814;1715;99;523;;;1291;284.0;176.0;93.0;15.0
234;Utrecht (PV);2014;2154.0;1858;245;228;17;73;;;172;1613;1532;81;477;;;1136;296.0;182.0;99.0;15.0
235;Utrecht (PV);2015;2054.0;1761;219;204;15;58;;;161;1542;1439;103;404;;;1138;293.0;181.0;97.0;15.0
236;Utrecht (PV);2016;1972.0;1679;237;222;15;81;;;156;1442;1363;79;361;;;1081;293.0;175.0;72.0;46.0
237;Utrecht (PV);2017;2031.0;1735;234;219;15;79;;;155;1501;1410;91;338;;;1163;296.0;173.0;75.0;48.0
238;Utrecht (PV);2018;2005.0;1702;227;215;12;76;;;151;1475;1384;91;346;;;1129;303.0;173.0;112.0;18.0
239;Utrecht (PV);2019;2215.0;1884;223;213;10;33;;;190;1661;1564;97;420;;;1241;331.0;182.0;123.0;26.0
240;Noord-Holland (PV);2000;;4315;1101;1083;18;335;121.0;178.0;736;3214;3119;95;622;118.0;504.0;2206;;;;
241;Noord-Holland (PV);2001;;4397;1158;1144;14;364;130.0;201.0;794;3239;3127;112;688;100.0;512.0;2551;;;;
242;Noord-Holland (PV);2002;;4353;1140;1121;19;367;123.0;208.0;773;3213;3098;115;683;82.0;535.0;2530;;;;
243;Noord-Holland (PV);2003;;4309;1142;1115;27;386;145.0;200.0;756;3167;3021;146;651;71.0;512.0;2516;;;;
244;Noord-Holland (PV);2004;;4373;1202;1169;33;424;144.0;234.0;778;3171;3022;149;679;61.0;538.0;2492;;;;
245;Noord-Holland (PV);2005;4838.0;4303;1119;1085;34;390;127.0;214.0;729;3184;3025;159;850;107.0;666.0;2334;535.0;211.0;264.0;60.0
246;Noord-Holland (PV);2006;4798.0;4284;1138;1100;38;421;125.0;237.0;717;3146;2989;157;836;65.0;693.0;2310;514.0;150.0;290.0;74.0
247;Noord-Holland (PV);2007;4857.0;4280;1171;1133;38;493;142.0;294.0;678;3109;2945;164;713;58.0;576.0;2396;577.0;224.0;287.0;66.0
248;Noord-Holland (PV);2008;4917.0;4285;1199;1153;46;483;133.0;292.0;716;3086;2902;184;791;54.0;631.0;2295;632.0;249.0;280.0;103.0
249;Noord-Holland (PV);2009;4896.0;4225;1223;1183;40;470;116.0;303.0;753;3002;2809;193;751;47.0;625.0;2251;671.0;294.0;303.0;74.0
250;Noord-Holland (PV);2010;4968.0;4236;1192;1151;41;455;109.0;325.0;737;3044;2850;194;691;63.0;564.0;2353;732.0;303.0;322.0;107.0
251;Noord-Holland (PV);2011;4942.0;4211;1204;1157;47;445;102.0;298.0;759;3007;2833;174;692;44.0;567.0;2315;731.0;276.0;297.0;158.0
252;Noord-Holland (PV);2012;4850.0;4094;1173;1139;34;400;;;773;2921;2759;162;707;;;2214;756.0;322.0;317.0;117.0
253;Noord-Holland (PV);2013;4734.0;3991;1113;1079;34;374;;;739;2878;2722;156;682;;;2196;743.0;301.0;283.0;159.0
254;Noord-Holland (PV);2014;4786.0;4045;1128;1094;34;392;;;736;2917;2787;130;760;;;2157;741.0;348.0;249.0;144.0
255;Noord-Holland (PV);2015;4490.0;3774;1006;973;33;322;;;684;2768;2618;150;731;;;2037;716.0;305.0;275.0;136.0
256;Noord-Holland (PV);2016;4244.0;3594;1044;1003;41;357;;;687;2550;2416;134;735;;;1815;650.0;250.0;255.0;145.0
257;Noord-Holland (PV);2017;4097.0;3529;1031;995;36;337;;;694;2498;2351;147;659;;;1839;568.0;225.0;208.0;135.0
258;Noord-Holland (PV);2018;4234.0;3639;1150;1093;57;416;;;734;2489;2339;150;663;;;1826;595.0;217.0;220.0;158.0
259;Noord-Holland (PV);2019;4260.0;3657;1161;1111;50;403;;;758;2496;2321;175;636;;;1860;603.0;232.0;214.0;157.0
260;Zuid-Holland (PV);2000;;4955;1427;1383;44;441;174.0;267.0;986;3528;3407;121;646;130.0;516.0;2882;;;;
261;Zuid-Holland (PV);2001;;4925;1458;1413;45;518;192.0;326.0;940;3467;3344;123;665;116.0;549.0;2802;;;;
262;Zuid-Holland (PV);2002;;4905;1444;1398;46;452;182.0;270.0;992;3461;3309;152;661;98.0;563.0;2800;;;;
263;Zuid-Holland (PV);2003;;4896;1456;1405;51;473;196.0;277.0;983;3440;3274;166;658;94.0;564.0;2782;;;;
264;Zuid-Holland (PV);2004;;4933;1505;1432;73;513;213.0;300.0;992;3428;3259;169;647;65.0;582.0;2781;;;;
265;Zuid-Holland (PV);2005;5846.0;4915;1482;1400;82;478;203.0;275.0;1004;3433;3234;199;695;69.0;626.0;2738;931.0;267.0;497.0;167.0
266;Zuid-Holland (PV);2006;5836.0;4918;1556;1472;84;506;210.0;296.0;1050;3362;3173;189;700;53.0;647.0;2662;918.0;312.0;446.0;160.0
267;Zuid-Holland (PV);2007;5769.0;4848;1555;1445;110;495;201.0;294.0;1060;3293;3101;192;625;45.0;580.0;2668;921.0;319.0;459.0;143.0
268;Zuid-Holland (PV);2008;5703.0;4880;1546;1466;80;467;163.0;304.0;1079;3334;3123;211;597;46.0;551.0;2737;823.0;262.0;416.0;145.0
269;Zuid-Holland (PV);2009;5574.0;4797;1509;1432;77;446;156.0;290.0;1063;3288;3064;224;664;35.0;629.0;2624;777.0;299.0;356.0;122.0
270;Zuid-Holland (PV);2010;5662.0;4776;1556;1466;90;486;165.0;321.0;1070;3220;3022;198;607;40.0;567.0;2613;886.0;383.0;429.0;74.0
271;Zuid-Holland (PV);2011;5472.0;4642;1575;1504;71;438;130.0;308.0;1137;3067;2892;175;477;17.0;460.0;2590;830.0;344.0;400.0;86.0
272;Zuid-Holland (PV);2012;5464.0;4701;1616;1531;85;492;;;1124;3085;2918;167;693;;;2392;763.0;300.0;358.0;105.0
273;Zuid-Holland (PV);2013;5272.0;4537;1525;1438;87;435;;;1090;3012;2846;166;646;;;2366;735.0;296.0;337.0;102.0
274;Zuid-Holland (PV);2014;4921.0;4354;1466;1402;64;432;;;1034;2888;2739;149;661;;;2227;567.0;217.0;200.0;150.0
275;Zuid-Holland (PV);2015;5118.0;4410;1498;1439;59;435;;;1063;2912;2774;138;747;;;2165;708.0;316.0;270.0;122.0
276;Zuid-Holland (PV);2016;5233.0;4490;1635;1574;61;511;;;1124;2855;2695;160;722;;;2133;743.0;268.0;382.0;93.0
277;Zuid-Holland (PV);2017;5208.0;4430;1554;1497;57;484;;;1070;2876;2741;135;739;;;2137;778.0;404.0;328.0;46.0
278;Zuid-Holland (PV);2018;5173.0;4373;1626;1527;99;580;;;1046;2747;2588;159;765;;;1982;800.0;393.0;336.0;71.0
279;Zuid-Holland (PV);2019;5037.0;4233;1614;1516;98;559;;;1055;2619;2472;147;720;;;1899;804.0;416.0;338.0;50.0
280;Zeeland (PV);2000;;1240;73;69;4;48;25.0;23.0;25;1167;1155;12;239;41.0;198.0;928;;;;
281;Zeeland (PV);2001;;1237;58;57;1;48;28.0;20.0;10;1179;1166;13;250;35.0;215.0;929;;;;
282;Zeeland (PV);2002;;1272;67;66;1;53;29.0;24.0;14;1205;1192;13;251;25.0;226.0;954;;;;
283;Zeeland (PV);2003;;1249;71;70;1;57;34.0;23.0;14;1178;1153;25;246;14.0;232.0;932;;;;
284;Zeeland (PV);2004;;1258;85;83;2;67;34.0;33.0;18;1173;1142;31;249;11.0;238.0;924;;;;
285;Zeeland (PV);2005;1395.0;1326;99;96;3;77;38.0;39.0;22;1227;1189;38;295;39.0;256.0;932;69.0;28.0;32.0;9.0
286;Zeeland (PV);2006;1374.0;1310;102;97;5;82;39.0;43.0;20;1208;1168;40;265;8.0;257.0;943;64.0;22.0;37.0;5.0
287;Zeeland (PV);2007;1381.0;1323;104;96;8;79;47.0;32.0;25;1219;1168;51;319;7.0;312.0;900;58.0;26.0;26.0;6.0
288;Zeeland (PV);2008;1373.0;1323;116;113;3;86;45.0;41.0;30;1207;1164;43;309;10.0;299.0;898;50.0;18.0;24.0;8.0
289;Zeeland (PV);2009;1423.0;1305;82;76;6;59;31.0;28.0;23;1223;1179;44;318;8.0;310.0;905;118.0;50.0;64.0;4.0
290;Zeeland (PV);2010;1491.0;1364;101;95;6;68;32.0;36.0;33;1263;1210;53;324;5.0;319.0;939;127.0;55.0;63.0;9.0
291;Zeeland (PV);2011;1495.0;1380;117;110;7;75;37.0;38.0;42;1263;1210;53;322;8.0;314.0;941;115.0;52.0;53.0;10.0
292;Zeeland (PV);2012;1475.0;1357;103;95;8;65;;;38;1254;1210;44;324;;;930;118.0;57.0;55.0;6.0
293;Zeeland (PV);2013;1406.0;1323;129;120;9;115;;;14;1194;1145;49;297;;;897;83.0;35.0;37.0;11.0
294;Zeeland (PV);2014;1388.0;1301;126;119;7;98;;;28;1175;1126;49;329;;;846;87.0;38.0;30.0;19.0
295;Zeeland (PV);2015;1376.0;1292;123;118;5;93;;;30;1169;1121;48;329;;;840;84.0;38.0;28.0;18.0
296;Zeeland (PV);2016;1359.0;1276;151;132;19;106;;;45;1125;1070;55;324;;;801;83.0;37.0;28.0;18.0
297;Zeeland (PV);2017;1336.0;1260;151;140;11;106;;;45;1109;1060;49;316;;;793;76.0;30.0;28.0;18.0
298;Zeeland (PV);2018;1375.0;1299;165;149;16;116;;;49;1134;1080;54;333;;;801;76.0;30.0;28.0;18.0
299;Zeeland (PV);2019;1350.0;1272;161;139;22;122;;;39;1111;1058;53;308;;;803;78.0;31.0;29.0;18.0
300;Noord-Brabant (PV);2000;;4012;525;511;14;213;127.0;86.0;312;3487;3404;83;695;126.0;569.0;2792;;;;
301;Noord-Brabant (PV);2001;;3994;542;527;15;227;138.0;89.0;315;3452;3351;101;715;114.0;601.0;2737;;;;
302;Noord-Brabant (PV);2002;;3939;553;539;14;246;139.0;107.0;307;3386;3278;108;733;106.0;627.0;2653;;;;
303;Noord-Brabant (PV);2003;;3982;586;568;18;262;148.0;114.0;324;3396;3264;132;719;100.0;619.0;2677;;;;
304;Noord-Brabant (PV);2004;;3976;579;558;21;257;150.0;107.0;322;3397;3256;141;716;91.0;625.0;2681;;;;
305;Noord-Brabant (PV);2005;4364.0;3899;566;541;25;259;140.0;119.0;307;3333;3186;147;721;101.0;620.0;2612;465.0;173.0;248.0;44.0
306;Noord-Brabant (PV);2006;4520.0;3964;573;549;24;261;139.0;122.0;312;3391;3227;164;851;116.0;735.0;2540;556.0;191.0;314.0;51.0
307;Noord-Brabant (PV);2007;4441.0;3921;588;562;26;276;148.0;128.0;312;3333;3165;168;805;105.0;700.0;2528;520.0;167.0;307.0;46.0
308;Noord-Brabant (PV);2008;4487.0;3935;605;573;32;253;136.0;117.0;352;3330;3164;166;756;77.0;679.0;2574;552.0;197.0;314.0;41.0
309;Noord-Brabant (PV);2009;4524.0;3896;572;542;30;203;117.0;86.0;369;3324;3159;165;721;79.0;642.0;2603;628.0;238.0;350.0;40.0
310;Noord-Brabant (PV);2010;4539.0;3882;551;522;29;182;95.0;87.0;369;3331;3116;215;734;73.0;661.0;2597;657.0;247.0;370.0;40.0
311;Noord-Brabant (PV);2011;4513.0;3829;577;548;29;223;118.0;105.0;354;3252;3076;176;834;87.0;747.0;2418;684.0;245.0;388.0;51.0
312;Noord-Brabant (PV);2012;4349.0;3668;544;519;25;231;;;313;3124;2966;158;1302;;;1822;681.0;212.0;439.0;30.0
313;Noord-Brabant (PV);2013;4348.0;3718;675;638;37;309;;;366;3043;2878;165;697;;;2346;630.0;197.0;360.0;73.0
314;Noord-Brabant (PV);2014;4207.0;3528;665;633;32;294;;;371;2863;2710;153;723;;;2140;679.0;192.0;427.0;60.0
315;Noord-Brabant (PV);2015;4113.0;3383;631;598;33;292;;;339;2752;2615;137;751;;;2001;730.0;338.0;353.0;39.0
316;Noord-Brabant (PV);2016;4091.0;3362;563;538;25;223;;;340;2799;2662;137;750;;;2049;729.0;353.0;327.0;49.0
317;Noord-Brabant (PV);2017;4269.0;3479;684;647;37;304;;;380;2795;2651;144;756;;;2039;790.0;336.0;415.0;39.0
318;Noord-Brabant (PV);2018;4269.0;3484;692;655;37;306;;;386;2792;2641;151;748;;;2044;785.0;347.0;426.0;12.0
319;Noord-Brabant (PV);2019;4258.0;3459;698;659;39;319;;;379;2761;2612;149;741;;;2020;799.0;360.0;383.0;56.0
320;Limburg (PV);2000;;1630;290;277;13;121;58.0;63.0;169;1340;1300;40;268;39.0;229.0;1072;;;;
321;Limburg (PV);2001;;1650;306;288;18;125;54.0;71.0;181;1344;1301;43;281;43.0;238.0;1063;;;;
322;Limburg (PV);2002;;1677;319;304;15;135;59.0;76.0;184;1358;1303;55;259;33.0;226.0;1099;;;;
323;Limburg (PV);2003;;1660;316;301;15;131;59.0;72.0;185;1344;1288;56;268;31.0;237.0;1076;;;;
324;Limburg (PV);2004;;1655;315;298;17;131;59.0;72.0;184;1340;1277;63;295;30.0;265.0;1045;;;;
325;Limburg (PV);2005;1997.0;1762;318;299;19;132;66.0;66.0;186;1444;1380;64;360;29.0;331.0;1084;235.0;74.0;124.0;37.0
326;Limburg (PV);2006;1967.0;1758;350;328;22;157;65.0;92.0;193;1408;1345;63;416;37.0;379.0;992;209.0;74.0;103.0;32.0
327;Limburg (PV);2007;1847.0;1672;330;309;21;141;68.0;73.0;189;1342;1270;72;269;19.0;250.0;1073;175.0;70.0;87.0;18.0
328;Limburg (PV);2008;1684.0;1527;322;297;25;142;65.0;77.0;180;1205;1134;71;252;19.0;233.0;953;157.0;59.0;83.0;15.0
329;Limburg (PV);2009;1897.0;1736;343;321;22;162;75.0;87.0;181;1393;1328;65;284;16.0;268.0;1109;161.0;56.0;89.0;16.0
330;Limburg (PV);2010;1924.0;1667;331;314;17;131;54.0;77.0;200;1336;1275;61;291;13.0;278.0;1045;257.0;96.0;111.0;50.0
331;Limburg (PV);2011;1906.0;1656;318;288;30;130;59.0;71.0;188;1338;1280;58;299;8.0;291.0;1039;250.0;87.0;111.0;52.0
332;Limburg (PV);2012;1834.0;1576;288;267;21;132;;;156;1288;1233;55;300;;;988;258.0;87.0;102.0;69.0
333;Limburg (PV);2013;1830.0;1599;284;270;14;118;;;166;1315;1265;50;300;;;1015;231.0;84.0;95.0;52.0
334;Limburg (PV);2014;1840.0;1589;284;270;14;118;;;166;1305;1254;51;211;;;1094;251.0;85.0;92.0;74.0
335;Limburg (PV);2015;1691.0;1502;286;266;20;110;;;176;1216;1160;56;206;;;1010;189.0;56.0;97.0;36.0
336;Limburg (PV);2016;1696.0;1507;291;271;20;121;;;170;1216;1160;56;206;;;1010;189.0;56.0;97.0;36.0
337;Limburg (PV);2017;1736.0;1534;293;275;18;125;;;168;1241;1189;52;214;;;1027;202.0;69.0;92.0;41.0
338;Limburg (PV);2018;1730.0;1536;297;277;20;123;;;174;1239;1184;55;221;;;1018;194.0;62.0;100.0;32.0
339;Limburg (PV);2019;1720.0;1520;298;278;20;124;;;174;1222;1170;52;216;;;1006;200.0;68.0;100.0;32.0
340;Groningen (VR);2000;;857;104;101;3;42;19.0;23.0;62;753;730;23;142;29.0;113.0;611;;;;
341;Groningen (VR);2001;;857;106;103;3;44;22.0;22.0;62;751;726;25;128;25.0;103.0;623;;;;
342;Groningen (VR);2002;;852;123;115;8;55;27.0;28.0;68;729;704;25;150;18.0;132.0;579;;;;
343;Groningen (VR);2003;;865;123;116;7;55;25.0;30.0;68;742;702;40;141;14.0;127.0;601;;;;
344;Groningen (VR);2004;;883;133;126;7;62;27.0;35.0;71;750;702;48;155;12.0;143.0;595;;;;
345;Groningen (VR);2005;923.0;866;132;125;7;65;31.0;34.0;67;734;688;46;172;9.0;163.0;562;57.0;22.0;29.0;6.0
346;Groningen (VR);2006;939.0;882;141;135;6;67;31.0;36.0;74;741;692;49;180;27.0;153.0;561;57.0;25.0;29.0;3.0
347;Groningen (VR);2007;932.0;853;129;125;4;57;26.0;31.0;72;724;684;40;170;8.0;162.0;554;79.0;33.0;40.0;6.0
348;Groningen (VR);2008;981.0;906;149;139;10;64;27.0;37.0;85;757;707;50;180;3.0;177.0;577;75.0;37.0;33.0;5.0
349;Groningen (VR);2009;980.0;896;165;154;11;78;26.0;52.0;87;731;680;51;170;8.0;162.0;561;84.0;33.0;42.0;9.0
350;Groningen (VR);2010;1005.0;908;164;155;9;81;30.0;51.0;83;744;698;46;157;10.0;147.0;587;97.0;45.0;48.0;4.0
351;Groningen (VR);2011;948.0;863;156;148;8;74;27.0;47.0;82;707;659;48;160;9.0;151.0;547;85.0;43.0;38.0;4.0
352;Groningen (VR);2012;946.0;832;127;118;9;51;;;76;705;659;46;178;;;527;114.0;63.0;46.0;5.0
353;Groningen (VR);2013;943.0;827;122;113;9;47;;;75;705;659;46;172;;;533;116.0;62.0;48.0;6.0
354;Groningen (VR);2014;1008.0;851;93;86;7;25;;;68;758;710;48;221;;;537;157.0;84.0;68.0;5.0
355;Groningen (VR);2015;1059.0;879;122;112;10;46;;;76;757;709;48;230;;;527;180.0;96.0;78.0;6.0
356;Groningen (VR);2016;998.0;823;137;127;10;67;;;70;686;635;51;173;;;513;175.0;100.0;50.0;25.0
357;Groningen (VR);2017;1009.0;834;145;133;12;74;;;71;689;635;54;166;;;523;175.0;100.0;50.0;25.0
358;Groningen (VR);2018;996.0;833;137;128;9;65;;;72;696;641;55;175;;;521;163.0;90.0;50.0;23.0
359;Groningen (VR);2019;969.0;813;122;112;10;44;;;78;691;634;57;174;;;517;156.0;86.0;46.0;24.0
360;Fryslan (VR);2000;;1208;88;86;2;55;35.0;20.0;33;1120;1072;48;187;27.0;160.0;933;;;;
361;Fryslan (VR);2001;;1231;97;94;3;59;39.0;20.0;38;1134;1074;60;202;25.0;177.0;932;;;;
362;Fryslan (VR);2002;;1255;112;110;2;73;46.0;27.0;39;1143;1076;67;200;18.0;182.0;943;;;;
363;Fryslan (VR);2003;;1241;119;116;3;80;48.0;32.0;39;1122;1056;66;199;17.0;182.0;923;;;;
364;Fryslan (VR);2004;;1265;127;122;5;85;50.0;35.0;42;1138;1066;72;208;15.0;193.0;930;;;;
365;Fryslan (VR);2005;1341.0;1267;132;124;8;82;54.0;28.0;50;1135;1048;87;207;11.0;196.0;928;74.0;25.0;41.0;8.0
366;Fryslan (VR);2006;1340.0;1255;125;116;9;76;50.0;26.0;49;1130;1045;85;226;11.0;215.0;904;85.0;35.0;42.0;8.0
367;Fryslan (VR);2007;1355.0;1278;125;116;9;89;52.0;37.0;36;1153;1064;89;233;10.0;223.0;920;77.0;21.0;48.0;8.0
368;Fryslan (VR);2008;1395.0;1306;117;112;5;85;58.0;27.0;32;1189;1100;89;235;7.0;228.0;954;89.0;22.0;61.0;6.0
369;Fryslan (VR);2009;1430.0;1305;119;114;5;84;55.0;29.0;35;1186;1081;105;245;6.0;239.0;941;125.0;34.0;87.0;4.0
370;Fryslan (VR);2010;1400.0;1326;124;119;5;89;54.0;35.0;35;1202;1107;95;237;5.0;232.0;965;74.0;22.0;43.0;9.0
371;Fryslan (VR);2011;1308.0;1275;128;121;7;81;51.0;30.0;47;1147;1045;102;231;4.0;227.0;916;33.0;8.0;20.0;5.0
372;Fryslan (VR);2012;1312.0;1275;128;121;7;83;;;45;1147;1045;102;250;;;897;37.0;6.0;20.0;11.0
373;Fryslan (VR);2013;1331.0;1280;138;129;9;77;;;61;1142;1052;90;245;;;897;51.0;9.0;36.0;6.0
374;Fryslan (VR);2014;1248.0;1197;138;129;9;77;;;61;1059;980;79;234;;;825;51.0;9.0;36.0;6.0
375;Fryslan (VR);2015;1255.0;1227;158;152;6;81;;;77;1069;1001;68;239;;;830;28.0;4.0;20.0;4.0
376;Fryslan (VR);2016;1271.0;1242;160;154;6;118;;;42;1082;1011;71;240;;;842;29.0;5.0;20.0;4.0
377;Fryslan (VR);2017;1282.0;1248;151;145;6;109;;;42;1097;1025;72;232;;;865;34.0;18.0;14.0;2.0
378;Fryslan (VR);2018;1306.0;1264;160;149;11;118;;;42;1104;1037;67;238;;;866;42.0;17.0;22.0;3.0
379;Fryslan (VR);2019;1300.0;1252;150;143;7;116;;;34;1102;1030;72;240;;;862;48.0;21.0;13.0;14.0
380;Drenthe (VR);2000;;851;97;95;2;50;32.0;18.0;47;754;739;15;145;22.0;123.0;609;;;;
381;Drenthe (VR);2001;;853;104;101;3;56;36.0;20.0;48;749;731;18;143;21.0;122.0;606;;;;
382;Drenthe (VR);2002;;901;106;103;3;55;34.0;21.0;51;795;764;31;159;16.0;143.0;636;;;;
383;Drenthe (VR);2003;;926;116;111;5;56;36.0;20.0;60;810;772;38;166;19.0;147.0;644;;;;
384;Drenthe (VR);2004;;915;115;110;5;67;38.0;29.0;48;800;768;32;166;10.0;156.0;634;;;;
385;Drenthe (VR);2005;972.0;899;112;103;9;69;40.0;29.0;43;787;750;37;187;9.0;178.0;600;73.0;26.0;39.0;8.0
386;Drenthe (VR);2006;948.0;880;111;99;12;73;40.0;33.0;38;769;731;38;188;7.0;181.0;581;68.0;21.0;35.0;12.0
387;Drenthe (VR);2007;956.0;873;107;99;8;73;39.0;34.0;34;766;723;43;193;5.0;188.0;573;83.0;27.0;37.0;19.0
388;Drenthe (VR);2008;966.0;891;121;113;8;81;41.0;40.0;40;770;719;51;193;2.0;191.0;577;75.0;27.0;32.0;16.0
389;Drenthe (VR);2009;978.0;896;121;107;14;81;42.0;39.0;40;775;725;50;248;1.0;247.0;527;82.0;25.0;40.0;17.0
390;Drenthe (VR);2010;977.0;872;115;104;11;77;33.0;44.0;38;757;711;46;197;9.0;188.0;560;105.0;29.0;70.0;6.0
391;Drenthe (VR);2011;957.0;881;124;115;9;72;35.0;37.0;52;757;707;50;207;2.0;205.0;550;76.0;17.0;50.0;9.0
392;Drenthe (VR);2012;974.0;893;123;109;14;66;;;57;770;713;57;181;;;589;81.0;21.0;54.0;6.0
393;Drenthe (VR);2013;981.0;905;131;120;11;73;;;58;774;724;50;190;;;584;76.0;13.0;51.0;12.0
394;Drenthe (VR);2014;884.0;771;65;61;4;25;;;40;706;654;52;219;;;487;113.0;25.0;83.0;5.0
395;Drenthe (VR);2015;891.0;778;65;61;4;25;;;40;713;661;52;201;;;512;113.0;25.0;83.0;5.0
396;Drenthe (VR);2016;875.0;804;112;98;14;112;;;0;692;645;47;200;;;492;71.0;40.0;28.0;3.0
397;Drenthe (VR);2017;892.0;821;110;96;14;110;;;0;711;662;49;196;;;515;71.0;40.0;28.0;3.0
398;Drenthe (VR);2018;937.0;856;105;91;14;70;;;35;751;698;53;208;;;543;81.0;34.0;46.0;1.0
399;Drenthe (VR);2019;936.0;846;110;95;15;72;;;38;736;691;45;214;;;522;90.0;43.0;42.0;5.0
400;IJsselland (VR);2000;;823;58;54;4;27;18.0;9.0;31;765;756;9;154;39.0;115.0;611;;;;
401;IJsselland (VR);2001;;811;67;64;3;33;18.0;15.0;34;744;732;12;133;27.0;106.0;611;;;;
402;IJsselland (VR);2002;;864;60;57;3;33;23.0;10.0;27;804;783;21;135;23.0;112.0;669;;;;
403;IJsselland (VR);2003;;881;74;71;3;46;29.0;17.0;28;807;769;38;138;19.0;119.0;669;;;;
404;IJsselland (VR);2004;;869;75;72;3;49;34.0;15.0;26;794;754;40;139;16.0;123.0;655;;;;
405;IJsselland (VR);2005;1025.0;929;137;132;5;77;32.0;45.0;60;792;751;41;159;12.0;147.0;633;96.0;42.0;45.0;9.0
406;IJsselland (VR);2006;1075.0;983;135;129;6;62;34.0;28.0;73;848;800;48;222;39.0;183.0;626;92.0;33.0;51.0;8.0
407;IJsselland (VR);2007;1046.0;950;142;133;9;70;39.0;31.0;72;808;755;53;142;9.0;133.0;666;96.0;31.0;59.0;6.0
408;IJsselland (VR);2008;1090.0;1000;161;153;8;74;44.0;30.0;87;839;780;59;155;12.0;143.0;684;90.0;34.0;51.0;5.0
409;IJsselland (VR);2009;1071.0;960;142;132;10;70;35.0;35.0;72;818;748;70;165;14.0;151.0;653;111.0;48.0;54.0;9.0
410;IJsselland (VR);2010;1048.0;950;144;135;9;70;37.0;33.0;74;806;741;65;145;10.0;135.0;661;98.0;38.0;51.0;9.0
411;IJsselland (VR);2011;1022.0;927;136;129;7;60;29.0;31.0;76;791;731;60;150;8.0;142.0;641;95.0;33.0;52.0;10.0
412;IJsselland (VR);2012;1000.0;911;139;132;7;65;;;74;772;715;57;164;;;608;89.0;32.0;48.0;9.0
413;IJsselland (VR);2013;989.0;915;144;137;7;70;;;74;771;721;50;162;;;609;74.0;29.0;35.0;10.0
414;IJsselland (VR);2014;1148.0;933;149;139;10;71;;;78;784;743;41;166;;;618;215.0;72.0;125.0;18.0
415;IJsselland (VR);2015;1008.0;837;138;134;4;64;;;74;699;650;49;141;;;558;171.0;70.0;85.0;16.0
416;IJsselland (VR);2016;997.0;826;127;123;4;59;;;68;699;650;49;141;;;558;171.0;70.0;85.0;16.0
417;IJsselland (VR);2017;1024.0;857;122;117;5;71;;;51;735;683;52;178;;;557;167.0;74.0;79.0;14.0
418;IJsselland (VR);2018;1077.0;910;141;133;8;75;;;66;769;722;47;181;;;588;167.0;74.0;79.0;14.0
419;IJsselland (VR);2019;1055.0;891;138;129;9;77;;;61;753;700;53;191;;;562;164.0;73.0;78.0;13.0
420;Twente (VR);2000;;971;156;150;6;69;38.0;31.0;87;815;800;15;150;26.0;124.0;665;;;;
421;Twente (VR);2001;;979;167;160;7;75;42.0;33.0;92;812;794;18;137;18.0;119.0;675;;;;
422;Twente (VR);2002;;1000;185;177;8;87;46.0;41.0;98;815;790;25;145;24.0;121.0;670;;;;
423;Twente (VR);2003;;988;184;176;8;86;38.0;48.0;98;804;765;39;140;22.0;118.0;664;;;;
424;Twente (VR);2004;;999;186;173;13;81;40.0;41.0;105;813;772;41;141;17.0;124.0;672;;;;
425;Twente (VR);2005;1098.0;978;191;179;12;106;42.0;64.0;85;787;742;45;142;19.0;123.0;645;120.0;39.0;72.0;9.0
426;Twente (VR);2006;1112.0;1016;217;193;24;121;61.0;60.0;96;799;748;51;182;27.0;155.0;617;96.0;31.0;49.0;16.0
427;Twente (VR);2007;1110.0;1007;199;182;17;109;50.0;59.0;90;808;751;57;148;20.0;128.0;660;103.0;43.0;49.0;11.0
428;Twente (VR);2008;1055.0;933;205;187;18;103;50.0;53.0;102;728;667;61;140;11.0;129.0;588;122.0;56.0;54.0;12.0
429;Twente (VR);2009;1080.0;978;210;195;15;108;44.0;64.0;102;768;702;66;159;15.0;144.0;609;102.0;45.0;50.0;7.0
430;Twente (VR);2010;1076.0;963;220;206;14;114;54.0;60.0;106;743;683;60;160;17.0;143.0;583;113.0;44.0;57.0;12.0
431;Twente (VR);2011;1054.0;942;201;187;14;104;49.0;55.0;97;741;683;58;150;14.0;136.0;591;112.0;42.0;54.0;16.0
432;Twente (VR);2012;1019.0;871;144;133;11;58;;;86;727;673;54;157;;;570;148.0;70.0;62.0;16.0
433;Twente (VR);2013;1076.0;909;166;151;15;84;;;82;743;688;55;122;;;621;167.0;54.0;88.0;25.0
434;Twente (VR);2014;1089.0;885;161;147;14;81;;;80;724;668;56;123;;;601;204.0;66.0;107.0;31.0
435;Twente (VR);2015;1006.0;827;166;151;15;84;;;82;661;617;44;137;;;524;179.0;59.0;93.0;27.0
436;Twente (VR);2016;1014.0;837;172;157;15;87;;;85;665;620;45;117;;;548;177.0;57.0;93.0;27.0
437;Twente (VR);2017;1024.0;855;174;160;14;90;;;84;681;636;45;137;;;544;169.0;65.0;85.0;19.0
438;Twente (VR);2018;1040.0;864;169;153;16;93;;;76;695;644;51;135;;;560;176.0;68.0;79.0;29.0
439;Twente (VR);2019;1000.0;823;165;150;15;94;;;71;658;613;45;136;;;522;177.0;72.0;81.0;24.0
440;Noord- en Oost-Gelderland (VR);2000;;1526;192;186;6;95;47.0;48.0;97;1334;1304;30;245;49.0;196.0;1089;;;;
441;Noord- en Oost-Gelderland (VR);2001;;1590;191;186;5;104;43.0;61.0;87;1399;1372;27;267;50.0;217.0;1132;;;;
442;Noord- en Oost-Gelderland (VR);2002;;1519;189;181;8;108;49.0;59.0;81;1330;1296;34;257;42.0;215.0;1073;;;;
443;Noord- en Oost-Gelderland (VR);2003;;1586;191;186;5;114;58.0;56.0;77;1395;1347;48;264;30.0;234.0;1131;;;;
444;Noord- en Oost-Gelderland (VR);2004;;1605;192;186;6;117;63.0;54.0;75;1413;1372;41;281;29.0;252.0;1132;;;;
445;Noord- en Oost-Gelderland (VR);2005;1608.0;1465;121;114;7;77;48.0;29.0;44;1344;1303;41;358;73.0;285.0;986;143.0;52.0;81.0;10.0
446;Noord- en Oost-Gelderland (VR);2006;1644.0;1515;131;125;6;83;52.0;31.0;48;1384;1334;50;334;18.0;316.0;1050;129.0;38.0;81.0;10.0
447;Noord- en Oost-Gelderland (VR);2007;1722.0;1545;152;142;10;104;63.0;41.0;48;1393;1338;55;290;29.0;261.0;1103;177.0;61.0;101.0;15.0
448;Noord- en Oost-Gelderland (VR);2008;1736.0;1554;171;157;14;119;75.0;44.0;52;1383;1332;51;296;22.0;274.0;1087;182.0;58.0;99.0;25.0
449;Noord- en Oost-Gelderland (VR);2009;1718.0;1529;156;146;10;107;60.0;47.0;49;1373;1323;50;296;19.0;277.0;1077;189.0;74.0;103.0;12.0
450;Noord- en Oost-Gelderland (VR);2010;1756.0;1557;149;139;10;101;62.0;39.0;48;1408;1355;53;287;15.0;272.0;1121;199.0;70.0;115.0;14.0
451;Noord- en Oost-Gelderland (VR);2011;1758.0;1531;135;128;7;96;67.0;29.0;39;1396;1345;51;291;14.0;277.0;1105;227.0;66.0;125.0;36.0
452;Noord- en Oost-Gelderland (VR);2012;1714.0;1514;153;142;11;110;;;43;1361;1303;58;311;;;1050;200.0;72.0;97.0;31.0
453;Noord- en Oost-Gelderland (VR);2013;1736.0;1444;77;72;5;56;;;21;1367;1307;60;332;;;1035;292.0;81.0;206.0;5.0
454;Noord- en Oost-Gelderland (VR);2014;1543.0;1348;85;78;7;64;;;21;1263;1207;56;303;;;960;195.0;97.0;89.0;9.0
455;Noord- en Oost-Gelderland (VR);2015;1565.0;1370;107;98;9;75;;;32;1263;1207;56;303;;;960;195.0;97.0;89.0;9.0
456;Noord- en Oost-Gelderland (VR);2016;1589.0;1397;107;98;9;75;;;32;1290;1229;61;320;;;970;192.0;68.0;95.0;29.0
457;Noord- en Oost-Gelderland (VR);2017;1537.0;1345;99;92;7;63;;;36;1246;1192;54;309;;;937;192.0;66.0;52.0;74.0
458;Noord- en Oost-Gelderland (VR);2018;1631.0;1400;92;86;6;62;;;30;1308;1238;70;312;;;996;231.0;84.0;69.0;78.0
459;Noord- en Oost-Gelderland (VR);2019;1637.0;1403;92;86;6;62;;;30;1311;1236;75;330;;;981;234.0;84.0;80.0;70.0
460;Gelderland-Midden (VR);2000;;1089;172;168;4;60;30.0;30.0;112;917;909;8;169;29.0;140.0;748;;;;
461;Gelderland-Midden (VR);2001;;1113;170;166;4;65;30.0;35.0;105;943;925;18;184;21.0;163.0;759;;;;
462;Gelderland-Midden (VR);2002;;1096;166;162;4;72;34.0;38.0;94;930;905;25;167;22.0;145.0;763;;;;
463;Gelderland-Midden (VR);2003;;1138;198;191;7;83;44.0;39.0;115;940;909;31;175;24.0;151.0;765;;;;
464;Gelderland-Midden (VR);2004;;1135;202;196;6;84;45.0;39.0;118;933;900;33;183;20.0;163.0;750;;;;
465;Gelderland-Midden (VR);2005;1263.0;1103;200;191;9;84;41.0;43.0;116;903;872;31;196;23.0;173.0;707;160.0;43.0;103.0;14.0
466;Gelderland-Midden (VR);2006;1185.0;1068;200;190;10;79;41.0;38.0;121;868;835;33;218;53.0;165.0;650;117.0;53.0;49.0;15.0
467;Gelderland-Midden (VR);2007;1136.0;1031;185;177;8;80;39.0;41.0;105;846;809;37;202;24.0;178.0;644;105.0;40.0;52.0;13.0
468;Gelderland-Midden (VR);2008;1175.0;1049;200;189;11;85;37.0;48.0;115;849;809;40;190;26.0;164.0;659;126.0;48.0;69.0;9.0
469;Gelderland-Midden (VR);2009;1268.0;1106;195;185;10;80;36.0;44.0;115;911;861;50;227;29.0;198.0;684;162.0;62.0;89.0;11.0
470;Gelderland-Midden (VR);2010;1205.0;1054;172;161;11;73;30.0;43.0;99;882;837;45;206;24.0;182.0;676;151.0;54.0;86.0;11.0
471;Gelderland-Midden (VR);2011;1172.0;1020;167;157;10;67;34.0;33.0;100;853;810;43;203;24.0;179.0;650;152.0;55.0;86.0;11.0
472;Gelderland-Midden (VR);2012;1151.0;1013;169;159;10;72;;;97;844;801;43;212;;;632;138.0;48.0;80.0;10.0
473;Gelderland-Midden (VR);2013;1158.0;1024;186;171;15;90;;;96;838;797;41;209;;;629;134.0;49.0;76.0;9.0
474;Gelderland-Midden (VR);2014;1072.0;978;150;142;8;78;;;72;828;790;38;197;;;631;94.0;48.0;39.0;7.0
475;Gelderland-Midden (VR);2015;931.0;847;102;95;7;35;;;67;745;678;67;186;;;559;84.0;10.0;71.0;3.0
476;Gelderland-Midden (VR);2016;1023.0;895;137;129;8;50;;;87;758;704;54;188;;;570;128.0;54.0;71.0;3.0
477;Gelderland-Midden (VR);2017;1050.0;915;145;136;9;57;;;88;770;721;49;178;;;592;135.0;68.0;64.0;3.0
478;Gelderland-Midden (VR);2018;1012.0;919;146;135;11;64;;;82;773;729;44;198;;;575;93.0;46.0;44.0;3.0
479;Gelderland-Midden (VR);2019;1013.0;919;145;134;11;58;;;87;774;731;43;196;;;578;94.0;53.0;37.0;4.0
480;Gelderland-Zuid (VR);2000;;893;130;120;10;50;33.0;17.0;80;763;744;19;162;31.0;131.0;601;;;;
481;Gelderland-Zuid (VR);2001;;892;123;115;8;49;32.0;17.0;74;769;746;23;176;30.0;146.0;593;;;;
482;Gelderland-Zuid (VR);2002;;914;131;123;8;55;28.0;27.0;76;783;757;26;169;25.0;144.0;614;;;;
483;Gelderland-Zuid (VR);2003;;937;138;134;4;94;30.0;64.0;44;799;764;35;167;16.0;151.0;632;;;;
484;Gelderland-Zuid (VR);2004;;976;147;142;5;71;44.0;27.0;76;829;786;43;187;16.0;171.0;642;;;;
485;Gelderland-Zuid (VR);2005;1054.0;945;157;149;8;83;45.0;38.0;74;788;745;43;181;19.0;162.0;607;109.0;42.0;43.0;24.0
486;Gelderland-Zuid (VR);2006;1024.0;927;154;145;9;79;40.0;39.0;75;773;730;43;157;13.0;144.0;616;97.0;37.0;38.0;22.0
487;Gelderland-Zuid (VR);2007;1024.0;931;165;153;12;92;44.0;48.0;73;766;721;45;161;13.0;148.0;605;93.0;38.0;33.0;22.0
488;Gelderland-Zuid (VR);2008;1044.0;923;131;122;9;59;26.0;33.0;72;792;743;49;200;25.0;175.0;592;121.0;52.0;44.0;25.0
489;Gelderland-Zuid (VR);2009;1017.0;923;145;137;8;71;36.0;35.0;74;778;730;48;168;16.0;152.0;610;94.0;33.0;43.0;18.0
490;Gelderland-Zuid (VR);2010;1038.0;930;151;142;9;67;36.0;31.0;84;779;737;42;165;11.0;154.0;614;108.0;25.0;61.0;22.0
491;Gelderland-Zuid (VR);2011;1052.0;942;152;140;12;73;38.0;35.0;79;790;743;47;185;13.0;172.0;605;110.0;19.0;66.0;25.0
492;Gelderland-Zuid (VR);2012;1074.0;958;167;154;13;89;;;78;791;744;47;190;;;601;116.0;19.0;71.0;26.0
493;Gelderland-Zuid (VR);2013;1027.0;967;156;149;7;79;;;77;811;770;41;234;;;577;60.0;34.0;26.0;0.0
494;Gelderland-Zuid (VR);2014;978.0;912;169;163;6;106;;;63;743;706;37;201;;;542;66.0;19.0;38.0;9.0
495;Gelderland-Zuid (VR);2015;930.0;850;168;162;6;113;;;55;682;650;32;154;;;528;80.0;27.0;46.0;7.0
496;Gelderland-Zuid (VR);2016;887.0;818;173;164;9;94;;;79;645;621;24;146;;;499;69.0;27.0;18.0;24.0
497;Gelderland-Zuid (VR);2017;874.0;804;129;125;4;64;;;65;675;648;27;172;;;503;70.0;26.0;19.0;25.0
498;Gelderland-Zuid (VR);2018;887.0;824;194;185;9;102;;;92;630;609;21;150;;;480;63.0;23.0;37.0;3.0
499;Gelderland-Zuid (VR);2019;901.0;838;194;185;9;102;;;92;644;623;21;153;;;491;63.0;23.0;37.0;3.0
500;Utrecht (VR);2000;;2072;280;270;10;121;65.0;56.0;159;1792;1741;51;386;76.0;310.0;1406;;;;
501;Utrecht (VR);2001;;2031;298;284;14;130;79.0;51.0;168;1733;1678;55;383;66.0;317.0;1350;;;;
502;Utrecht (VR);2002;;2076;316;302;14;142;83.0;59.0;174;1760;1687;73;400;74.0;326.0;1360;;;;
503;Utrecht (VR);2003;;2087;363;344;19;152;71.0;81.0;211;1724;1636;88;396;62.0;334.0;1328;;;;
504;Utrecht (VR);2004;;2097;389;371;18;179;78.0;101.0;210;1708;1617;91;387;51.0;336.0;1321;;;;
505;Utrecht (VR);2005;2358.0;2159;414;395;19;181;85.0;96.0;233;1745;1656;89;402;51.0;351.0;1343;199.0;79.0;77.0;43.0
506;Utrecht (VR);2006;2390.0;2133;388;363;25;178;81.0;97.0;210;1745;1653;92;458;61.0;397.0;1287;257.0;85.0;143.0;29.0
507;Utrecht (VR);2007;2380.0;2087;369;349;20;165;70.0;95.0;204;1718;1626;92;388;53.0;335.0;1330;293.0;90.0;163.0;40.0
508;Utrecht (VR);2008;2317.0;2042;393;367;26;157;57.0;100.0;236;1649;1547;102;428;63.0;365.0;1221;275.0;90.0;145.0;40.0
509;Utrecht (VR);2009;2378.0;2130;430;399;31;169;65.0;104.0;261;1700;1604;96;408;52.0;356.0;1292;248.0;85.0;137.0;26.0
510;Utrecht (VR);2010;2395.0;2132;445;416;29;182;57.0;125.0;263;1687;1582;105;389;49.0;340.0;1298;263.0;108.0;143.0;12.0
511;Utrecht (VR);2011;2458.0;2023;318;297;21;122;41.0;81.0;196;1705;1609;96;454;78.0;376.0;1251;435.0;179.0;237.0;19.0
512;Utrecht (VR);2012;2520.0;2067;283;264;19;81;;;202;1784;1694;90;481;;;1303;453.0;186.0;247.0;20.0
513;Utrecht (VR);2013;2374.0;2090;276;238;38;81;;;195;1814;1715;99;523;;;1291;284.0;176.0;93.0;15.0
514;Utrecht (VR);2014;2154.0;1858;245;228;17;73;;;172;1613;1532;81;477;;;1136;296.0;182.0;99.0;15.0
515;Utrecht (VR);2015;2054.0;1761;219;204;15;58;;;161;1542;1439;103;404;;;1138;293.0;181.0;97.0;15.0
516;Utrecht (VR);2016;1972.0;1679;237;222;15;81;;;156;1442;1363;79;361;;;1081;293.0;175.0;72.0;46.0
517;Utrecht (VR);2017;2031.0;1735;234;219;15;79;;;155;1501;1410;91;338;;;1163;296.0;173.0;75.0;48.0
518;Utrecht (VR);2018;2005.0;1702;227;215;12;76;;;151;1475;1384;91;346;;;1129;303.0;173.0;112.0;18.0
519;Utrecht (VR);2019;2215.0;1884;223;213;10;33;;;190;1661;1564;97;420;;;1241;331.0;182.0;123.0;26.0
520;Noord-Holland-Noord (VR);2000;;1431;84;84;0;55;32.0;23.0;29;1347;1317;30;309;59.0;250.0;1038;;;;
521;Noord-Holland-Noord (VR);2001;;1485;123;121;2;82;41.0;41.0;41;1362;1324;38;301;50.0;251.0;1061;;;;
522;Noord-Holland-Noord (VR);2002;;1502;137;136;1;85;38.0;47.0;52;1365;1324;41;305;44.0;261.0;1060;;;;
523;Noord-Holland-Noord (VR);2003;;1510;150;148;2;100;54.0;46.0;50;1360;1308;52;287;31.0;256.0;1073;;;;
524;Noord-Holland-Noord (VR);2004;;1516;149;147;2;95;52.0;43.0;54;1367;1318;49;322;32.0;290.0;1045;;;;
525;Noord-Holland-Noord (VR);2005;1618.0;1531;139;137;2;90;51.0;39.0;49;1392;1325;67;458;82.0;376.0;934;87.0;30.0;47.0;10.0
526;Noord-Holland-Noord (VR);2006;1623.0;1542;158;155;3;112;54.0;58.0;46;1384;1316;68;411;26.0;385.0;973;81.0;29.0;44.0;8.0
527;Noord-Holland-Noord (VR);2007;1595.0;1496;149;144;5;109;50.0;59.0;40;1347;1279;68;325;21.0;304.0;1022;99.0;37.0;54.0;8.0
528;Noord-Holland-Noord (VR);2008;1561.0;1478;162;151;11;107;43.0;64.0;55;1316;1241;75;315;20.0;295.0;1001;83.0;39.0;35.0;9.0
529;Noord-Holland-Noord (VR);2009;1557.0;1434;152;148;4;111;39.0;72.0;41;1282;1201;81;328;16.0;312.0;954;123.0;57.0;59.0;7.0
530;Noord-Holland-Noord (VR);2010;1535.0;1433;154;147;7;114;48.0;66.0;40;1279;1202;77;338;35.0;303.0;941;102.0;48.0;47.0;7.0
531;Noord-Holland-Noord (VR);2011;1497.0;1410;139;131;8;89;37.0;52.0;50;1271;1195;76;338;21.0;317.0;933;87.0;45.0;31.0;11.0
532;Noord-Holland-Noord (VR);2012;1519.0;1408;124;118;6;81;;;43;1284;1210;74;331;;;953;111.0;52.0;49.0;10.0
533;Noord-Holland-Noord (VR);2013;1523.0;1424;138;132;6;85;;;53;1286;1211;75;324;;;962;99.0;48.0;41.0;10.0
534;Noord-Holland-Noord (VR);2014;1562.0;1456;150;145;5;97;;;53;1306;1255;51;397;;;909;106.0;77.0;21.0;8.0
535;Noord-Holland-Noord (VR);2015;1407.0;1328;120;112;8;56;;;64;1208;1144;64;350;;;858;79.0;42.0;35.0;2.0
536;Noord-Holland-Noord (VR);2016;1300.0;1260;148;140;8;70;;;78;1112;1046;66;328;;;784;40.0;23.0;16.0;1.0
537;Noord-Holland-Noord (VR);2017;1280.0;1250;134;125;9;72;;;62;1116;1053;63;324;;;792;30.0;18.0;11.0;1.0
538;Noord-Holland-Noord (VR);2018;1320.0;1286;155;141;14;92;;;63;1131;1066;65;330;;;801;34.0;5.0;18.0;11.0
539;Noord-Holland-Noord (VR);2019;1377.0;1338;152;142;10;85;;;67;1186;1094;92;320;;;866;39.0;10.0;11.0;18.0
540;Zaanstreek-Waterland (VR);2000;;821;55;52;3;35;21.0;14.0;20;766;749;17;180;33.0;147.0;586;;;;
541;Zaanstreek-Waterland (VR);2001;;852;61;59;2;40;23.0;17.0;21;791;770;21;176;31.0;145.0;615;;;;
542;Zaanstreek-Waterland (VR);2002;;835;62;59;3;36;18.0;18.0;26;773;754;19;188;25.0;163.0;585;;;;
543;Zaanstreek-Waterland (VR);2003;;821;70;66;4;40;21.0;19.0;30;751;733;18;173;27.0;146.0;578;;;;
544;Zaanstreek-Waterland (VR);2004;;822;78;72;6;42;22.0;20.0;36;744;719;25;160;18.0;142.0;584;;;;
545;Zaanstreek-Waterland (VR);2005;869.0;799;68;64;4;37;19.0;18.0;31;731;710;21;159;14.0;145.0;572;70.0;32.0;24.0;14.0
546;Zaanstreek-Waterland (VR);2006;855.0;795;77;71;6;45;22.0;23.0;32;718;699;19;216;24.0;192.0;502;60.0;32.0;18.0;10.0
547;Zaanstreek-Waterland (VR);2007;903.0;799;90;84;6;69;33.0;36.0;21;709;687;22;166;23.0;143.0;543;104.0;28.0;56.0;20.0
548;Zaanstreek-Waterland (VR);2008;873.0;765;90;84;6;69;33.0;36.0;21;675;640;35;173;18.0;155.0;502;108.0;28.0;59.0;21.0
549;Zaanstreek-Waterland (VR);2009;895.0;787;108;101;7;79;36.0;43.0;29;679;634;45;167;14.0;153.0;512;108.0;28.0;59.0;21.0
550;Zaanstreek-Waterland (VR);2010;891.0;778;120;105;15;69;24.0;45.0;51;658;621;37;165;15.0;150.0;493;113.0;31.0;61.0;21.0
551;Zaanstreek-Waterland (VR);2011;893.0;786;128;112;16;70;25.0;45.0;58;658;621;37;164;14.0;150.0;494;107.0;21.0;64.0;22.0
552;Zaanstreek-Waterland (VR);2012;886.0;781;134;122;12;80;;;54;647;617;30;160;;;487;105.0;33.0;49.0;23.0
553;Zaanstreek-Waterland (VR);2013;855.0;752;121;113;8;70;;;51;631;601;30;140;;;491;103.0;35.0;45.0;23.0
554;Zaanstreek-Waterland (VR);2014;868.0;783;129;121;8;73;;;56;654;624;30;144;;;510;85.0;36.0;22.0;27.0
555;Zaanstreek-Waterland (VR);2015;847.0;757;129;121;8;73;;;56;628;598;30;143;;;485;90.0;36.0;27.0;27.0
556;Zaanstreek-Waterland (VR);2016;821.0;712;115;102;13;86;;;29;597;576;21;165;;;432;109.0;36.0;46.0;27.0
557;Zaanstreek-Waterland (VR);2017;690.0;583;72;69;3;41;;;31;511;483;28;157;;;354;107.0;35.0;45.0;27.0
558;Zaanstreek-Waterland (VR);2018;700.0;560;68;56;12;39;;;29;492;467;25;156;;;336;140.0;47.0;58.0;35.0
559;Zaanstreek-Waterland (VR);2019;698.0;559;70;66;4;36;;;34;489;460;29;148;;;341;139.0;47.0;61.0;31.0
560;Kennemerland (VR);2000;;543;156;149;7;57;24.0;33.0;99;387;364;23;61;16.0;45.0;326;;;;
561;Kennemerland (VR);2001;;544;152;148;4;52;27.0;25.0;100;392;362;30;62;12.0;50.0;330;;;;
562;Kennemerland (VR);2002;;541;164;156;8;66;26.0;40.0;98;377;352;25;55;7.0;48.0;322;;;;
563;Kennemerland (VR);2003;;531;173;162;11;72;27.0;45.0;101;358;323;35;53;7.0;46.0;305;;;;
564;Kennemerland (VR);2004;;523;170;159;11;72;27.0;45.0;98;353;322;31;52;7.0;45.0;301;;;;
565;Kennemerland (VR);2005;783.0;685;229;217;12;73;22.0;51.0;156;456;429;27;89;9.0;80.0;367;98.0;28.0;68.0;2.0
566;Kennemerland (VR);2006;779.0;684;235;223;12;83;25.0;58.0;152;449;420;29;96;14.0;82.0;353;95.0;16.0;62.0;17.0
567;Kennemerland (VR);2007;572.0;510;163;158;5;64;14.0;50.0;99;347;319;28;60;7.0;53.0;287;62.0;13.0;47.0;2.0
568;Kennemerland (VR);2008;846.0;742;239;231;8;115;27.0;88.0;124;503;471;32;170;13.0;157.0;333;104.0;29.0;68.0;7.0
569;Kennemerland (VR);2009;807.0;716;234;227;7;107;23.0;84.0;127;482;455;27;147;14.0;133.0;335;91.0;25.0;62.0;4.0
570;Kennemerland (VR);2010;833.0;713;236;233;3;131;13.0;118.0;105;477;451;26;87;8.0;79.0;390;120.0;26.0;71.0;23.0
571;Kennemerland (VR);2011;848.0;711;229;226;3;122;13.0;109.0;107;482;457;25;80;6.0;74.0;402;137.0;24.0;86.0;27.0
572;Kennemerland (VR);2012;810.0;665;233;230;3;85;;;148;432;409;23;95;;;337;145.0;46.0;76.0;23.0
573;Kennemerland (VR);2013;727.0;590;181;179;2;54;;;127;409;388;21;89;;;320;137.0;33.0;83.0;21.0
574;Kennemerland (VR);2014;734.0;585;173;171;2;58;;;115;412;391;21;94;;;318;149.0;54.0;91.0;4.0
575;Kennemerland (VR);2015;739.0;587;176;173;3;68;;;108;411;386;25;115;;;296;152.0;54.0;94.0;4.0
576;Kennemerland (VR);2016;632.0;524;210;205;5;71;;;139;314;299;15;116;;;198;108.0;24.0;66.0;18.0
577;Kennemerland (VR);2017;609.0;559;230;223;7;85;;;145;329;304;25;55;;;274;50.0;19.0;31.0;0.0
578;Kennemerland (VR);2018;690.0;642;320;307;13;147;;;173;322;297;25;54;;;268;48.0;18.0;30.0;0.0
579;Kennemerland (VR);2019;690.0;642;320;307;13;147;;;173;322;297;25;54;;;268;48.0;18.0;30.0;0.0
580;Amsterdam-Amstelland (VR);2000;;1068;740;732;8;152;44.0;108.0;588;328;320;8;72;10.0;62.0;256;;;;
581;Amsterdam-Amstelland (VR);2001;;1075;756;750;6;157;39.0;118.0;599;319;311;8;73;7.0;66.0;246;;;;
582;Amsterdam-Amstelland (VR);2002;;1032;709;702;7;144;41.0;103.0;565;323;310;13;69;6.0;63.0;254;;;;
583;Amsterdam-Amstelland (VR);2003;;1013;672;662;10;133;43.0;90.0;539;341;321;20;70;6.0;64.0;271;;;;
584;Amsterdam-Amstelland (VR);2004;;1052;717;705;12;169;43.0;126.0;548;335;313;22;65;4.0;61.0;270;;;;
585;Amsterdam-Amstelland (VR);2005;1033.0;823;600;586;14;141;35.0;106.0;459;223;206;17;67;2.0;65.0;156;210.0;101.0;80.0;29.0
586;Amsterdam-Amstelland (VR);2006;999.0;783;570;560;10;122;24.0;98.0;448;213;197;16;35;1.0;34.0;178;216.0;59.0;128.0;29.0
587;Amsterdam-Amstelland (VR);2007;1252.0;1008;679;664;15;194;45.0;149.0;485;329;309;20;83;7.0;76.0;246;244.0;126.0;96.0;22.0
588;Amsterdam-Amstelland (VR);2008;1111.0;838;608;593;15;134;30.0;104.0;474;230;212;18;27;3.0;24.0;203;273.0;136.0;85.0;52.0
589;Amsterdam-Amstelland (VR);2009;1153.0;868;635;620;15;122;18.0;104.0;513;233;215;18;30;3.0;27.0;203;285.0;165.0;94.0;26.0
590;Amsterdam-Amstelland (VR);2010;1134.0;857;629;614;15;120;24.0;96.0;509;228;212;16;37;5.0;32.0;191;277.0;156.0;96.0;25.0
591;Amsterdam-Amstelland (VR);2011;1146.0;848;626;608;18;119;27.0;92.0;507;222;208;14;29;3.0;26.0;193;298.0;157.0;78.0;63.0
592;Amsterdam-Amstelland (VR);2012;1122.0;826;601;590;11;110;;;491;225;210;15;42;;;183;296.0;163.0;105.0;28.0
593;Amsterdam-Amstelland (VR);2013;1130.0;823;593;577;16;113;;;480;230;217;13;51;;;179;307.0;157.0;77.0;73.0
594;Amsterdam-Amstelland (VR);2014;1130.0;823;593;577;16;113;;;480;230;217;13;51;;;179;307.0;157.0;77.0;73.0
595;Amsterdam-Amstelland (VR);2015;1044.0;750;521;511;10;100;;;421;229;214;15;48;;;181;294.0;145.0;79.0;70.0
596;Amsterdam-Amstelland (VR);2016;1039.0;746;511;500;11;105;;;406;235;219;16;51;;;184;293.0;140.0;90.0;63.0
597;Amsterdam-Amstelland (VR);2017;1062.0;782;529;517;12;111;;;418;253;235;18;55;;;198;280.0;129.0;80.0;71.0
598;Amsterdam-Amstelland (VR);2018;1037.0;782;541;527;14;110;;;431;241;227;14;51;;;190;255.0;119.0;69.0;67.0
599;Amsterdam-Amstelland (VR);2019;1029.0;765;557;537;20;110;;;447;208;194;14;45;;;163;264.0;123.0;76.0;65.0
600;Gooi en Vechtstreek (VR);2000;;452;66;66;0;36;17.0;19.0;30;386;369;17;76;17.0;59.0;310;;;;
601;Gooi en Vechtstreek (VR);2001;;441;66;66;0;33;18.0;15.0;33;375;360;15;76;13.0;63.0;299;;;;
602;Gooi en Vechtstreek (VR);2002;;443;68;68;0;36;19.0;17.0;32;375;358;17;66;10.0;56.0;309;;;;
603;Gooi en Vechtstreek (VR);2003;;434;77;77;0;41;18.0;23.0;36;357;336;21;68;12.0;56.0;289;;;;
604;Gooi en Vechtstreek (VR);2004;;460;88;86;2;46;20.0;26.0;42;372;350;22;80;11.0;69.0;292;;;;
605;Gooi en Vechtstreek (VR);2005;535.0;465;83;81;2;49;15.0;34.0;34;382;355;27;77;12.0;65.0;305;70.0;20.0;45.0;5.0
606;Gooi en Vechtstreek (VR);2006;542.0;480;98;91;7;59;26.0;33.0;39;382;357;25;78;12.0;66.0;304;62.0;14.0;38.0;10.0
607;Gooi en Vechtstreek (VR);2007;535.0;467;90;83;7;57;30.0;27.0;33;377;351;26;79;11.0;68.0;298;68.0;20.0;34.0;14.0
608;Gooi en Vechtstreek (VR);2008;526.0;462;100;94;6;58;23.0;35.0;42;362;338;24;106;9.0;97.0;256;64.0;17.0;33.0;14.0
609;Gooi en Vechtstreek (VR);2009;484.0;420;94;87;7;51;23.0;28.0;43;326;304;22;79;6.0;73.0;247;64.0;19.0;29.0;16.0
610;Gooi en Vechtstreek (VR);2010;575.0;455;53;52;1;21;13.0;8.0;32;402;364;38;64;5.0;59.0;338;120.0;42.0;47.0;31.0
611;Gooi en Vechtstreek (VR);2011;558.0;456;82;80;2;45;22.0;23.0;37;374;352;22;81;0.0;81.0;293;102.0;29.0;38.0;35.0
612;Gooi en Vechtstreek (VR);2012;513.0;414;81;79;2;44;;;37;333;313;20;79;;;254;99.0;28.0;38.0;33.0
613;Gooi en Vechtstreek (VR);2013;499.0;402;80;78;2;52;;;28;322;305;17;78;;;244;97.0;28.0;37.0;32.0
614;Gooi en Vechtstreek (VR);2014;492.0;398;83;80;3;51;;;32;315;300;15;74;;;241;94.0;24.0;38.0;32.0
615;Gooi en Vechtstreek (VR);2015;453.0;352;60;56;4;25;;;35;292;276;16;75;;;217;101.0;28.0;40.0;33.0
616;Gooi en Vechtstreek (VR);2016;452.0;352;60;56;4;25;;;35;292;276;16;75;;;217;100.0;27.0;37.0;36.0
617;Gooi en Vechtstreek (VR);2017;456.0;355;66;61;5;28;;;38;289;276;13;68;;;221;101.0;24.0;41.0;36.0
618;Gooi en Vechtstreek (VR);2018;487.0;369;66;62;4;28;;;38;303;282;21;72;;;231;118.0;28.0;45.0;45.0
619;Gooi en Vechtstreek (VR);2019;466.0;353;62;59;3;25;;;37;291;276;15;69;;;222;113.0;34.0;36.0;43.0
620;Haaglanden (VR);2000;;1031;504;486;18;126;51.0;75.0;378;527;499;28;102;15.0;87.0;425;;;;
621;Haaglanden (VR);2001;;1022;509;493;16;178;53.0;125.0;331;513;488;25;102;15.0;87.0;411;;;;
622;Haaglanden (VR);2002;;1009;481;464;17;120;49.0;71.0;361;528;502;26;97;12.0;85.0;431;;;;
623;Haaglanden (VR);2003;;975;471;453;18;132;52.0;80.0;339;504;472;32;89;10.0;79.0;415;;;;
624;Haaglanden (VR);2004;;979;491;465;26;141;57.0;84.0;350;488;460;28;97;8.0;89.0;391;;;;
625;Haaglanden (VR);2005;1336.0;1017;492;459;33;141;53.0;88.0;351;525;491;34;85;10.0;75.0;440;319.0;101.0;171.0;47.0
626;Haaglanden (VR);2006;1337.0;1033;553;517;36;148;53.0;95.0;405;480;455;25;101;8.0;93.0;379;304.0;93.0;151.0;60.0
627;Haaglanden (VR);2007;1313.0;1027;561;526;35;145;55.0;90.0;416;466;438;28;99;10.0;89.0;367;286.0;88.0;155.0;43.0
628;Haaglanden (VR);2008;1316.0;1056;578;539;39;159;53.0;106.0;419;478;443;35;145;15.0;130.0;333;260.0;92.0;127.0;41.0
629;Haaglanden (VR);2009;1213.0;983;544;515;29;142;54.0;88.0;402;439;409;30;104;7.0;97.0;335;230.0;74.0;118.0;38.0
630;Haaglanden (VR);2010;1322.0;962;573;534;39;172;68.0;104.0;401;389;368;21;92;6.0;86.0;297;360.0;154.0;163.0;43.0
631;Haaglanden (VR);2011;1246.0;942;604;568;36;155;34.0;121.0;449;338;319;19;55;2.0;53.0;283;304.0;150.0;138.0;16.0
632;Haaglanden (VR);2012;1159.0;900;583;552;31;158;;;425;317;300;17;73;;;244;259.0;123.0;98.0;38.0
633;Haaglanden (VR);2013;1116.0;858;552;525;27;148;;;404;306;290;16;73;;;233;258.0;117.0;99.0;42.0
634;Haaglanden (VR);2014;1072.0;829;525;499;26;137;;;388;304;289;15;75;;;229;243.0;121.0;86.0;36.0
635;Haaglanden (VR);2015;1030.0;783;505;482;23;125;;;380;278;265;13;67;;;211;247.0;127.0;91.0;29.0
636;Haaglanden (VR);2016;1058.0;782;512;490;22;130;;;382;270;260;10;61;;;209;276.0;139.0;108.0;29.0
637;Haaglanden (VR);2017;1064.0;794;510;485;25;129;;;381;284;274;10;70;;;214;270.0;150.0;92.0;28.0
638;Haaglanden (VR);2018;941.0;770;564;538;26;128;;;436;206;201;5;48;;;158;171.0;86.0;85.0;0.0
639;Haaglanden (VR);2019;941.0;770;564;538;26;128;;;436;206;201;5;48;;;158;171.0;86.0;85.0;0.0
640;Hollands-Midden (VR);2000;;1258;154;148;6;60;35.0;25.0;94;1104;1058;46;235;55.0;180.0;869;;;;
641;Hollands-Midden (VR);2001;;1274;171;165;6;71;41.0;30.0;100;1103;1054;49;234;52.0;182.0;869;;;;
642;Hollands-Midden (VR);2002;;1291;174;166;8;68;42.0;26.0;106;1117;1051;66;243;49.0;194.0;874;;;;
643;Hollands-Midden (VR);2003;;1296;185;175;10;76;47.0;29.0;109;1111;1037;74;241;44.0;197.0;870;;;;
644;Hollands-Midden (VR);2004;;1283;197;189;8;87;54.0;33.0;110;1086;1008;78;228;32.0;196.0;858;;;;
645;Hollands-Midden (VR);2005;1377.0;1244;197;189;8;78;48.0;30.0;119;1047;958;89;265;33.0;232.0;782;133.0;46.0;64.0;23.0
646;Hollands-Midden (VR);2006;1369.0;1228;208;200;8;85;51.0;34.0;123;1020;925;95;289;24.0;265.0;731;141.0;45.0;80.0;16.0
647;Hollands-Midden (VR);2007;1361.0;1221;216;206;10;92;51.0;41.0;124;1005;914;91;232;19.0;213.0;773;140.0;49.0;83.0;8.0
648;Hollands-Midden (VR);2008;1440.0;1304;204;198;6;87;39.0;48.0;117;1100;999;101;280;25.0;255.0;820;136.0;51.0;78.0;7.0
649;Hollands-Midden (VR);2009;1409.0;1261;250;236;14;102;38.0;64.0;148;1011;900;111;365;20.0;345.0;646;148.0;60.0;84.0;4.0
650;Hollands-Midden (VR);2010;1444.0;1270;261;245;16;119;42.0;77.0;142;1009;913;96;333;21.0;312.0;676;174.0;74.0;95.0;5.0
651;Hollands-Midden (VR);2011;1260.0;1124;189;184;5;68;37.0;31.0;121;935;851;84;243;5.0;238.0;692;136.0;52.0;71.0;13.0
652;Hollands-Midden (VR);2012;1338.0;1172;184;176;8;64;;;120;988;904;84;249;;;739;166.0;68.0;87.0;11.0
653;Hollands-Midden (VR);2013;1343.0;1175;184;171;13;64;;;120;991;905;86;256;;;735;168.0;70.0;84.0;14.0
654;Hollands-Midden (VR);2014;1234.0;1139;170;165;5;55;;;115;969;895;74;303;;;666;95.0;38.0;54.0;3.0
655;Hollands-Midden (VR);2015;1245.0;1153;170;165;5;55;;;115;983;916;67;288;;;695;92.0;38.0;54.0;0.0
656;Hollands-Midden (VR);2016;1336.0;1244;231;222;9;94;;;137;1013;930;83;290;;;723;92.0;38.0;54.0;0.0
657;Hollands-Midden (VR);2017;1247.0;1108;161;152;9;64;;;97;947;891;56;269;;;678;139.0;57.0;82.0;0.0
658;Hollands-Midden (VR);2018;1367.0;1148;150;147;3;49;;;101;998;910;88;337;;;661;219.0;98.0;111.0;10.0
659;Hollands-Midden (VR);2019;1360.0;1141;143;140;3;29;;;114;998;910;88;337;;;661;219.0;98.0;111.0;10.0
660;Rotterdam-Rijnmond (VR);2000;;1739;672;655;17;204;62.0;142.0;468;1067;1036;31;157;28.0;129.0;910;;;;
661;Rotterdam-Rijnmond (VR);2001;;1702;679;660;19;216;67.0;149.0;463;1023;994;29;170;24.0;146.0;853;;;;
662;Rotterdam-Rijnmond (VR);2002;;1660;665;649;16;198;57.0;141.0;467;995;964;31;168;19.0;149.0;827;;;;
663;Rotterdam-Rijnmond (VR);2003;;1667;672;655;17;199;59.0;140.0;473;995;965;30;182;27.0;155.0;813;;;;
664;Rotterdam-Rijnmond (VR);2004;;1680;673;642;31;209;63.0;146.0;464;1007;974;33;176;16.0;160.0;831;;;;
665;Rotterdam-Rijnmond (VR);2005;2034.0;1667;651;618;33;180;63.0;117.0;471;1016;982;34;189;18.0;171.0;827;367.0;86.0;199.0;82.0
666;Rotterdam-Rijnmond (VR);2006;2059.0;1696;641;610;31;186;62.0;124.0;455;1055;1022;33;187;15.0;172.0;868;363.0;143.0;148.0;72.0
667;Rotterdam-Rijnmond (VR);2007;2038.0;1646;623;568;55;172;51.0;121.0;451;1023;993;30;157;10.0;147.0;866;392.0;153.0;160.0;79.0
668;Rotterdam-Rijnmond (VR);2008;1894.0;1541;594;568;26;123;10.0;113.0;471;947;911;36;29;1.0;28.0;918;353.0;100.0;165.0;88.0
669;Rotterdam-Rijnmond (VR);2009;1854.0;1559;549;525;24;110;9.0;101.0;439;1010;969;41;31;2.0;29.0;979;295.0;117.0;110.0;68.0
670;Rotterdam-Rijnmond (VR);2010;1838.0;1577;570;544;26;113;9.0;104.0;457;1007;969;38;24;2.0;22.0;983;261.0;115.0;128.0;18.0
671;Rotterdam-Rijnmond (VR);2011;1907.0;1603;623;600;23;130;13.0;117.0;493;980;951;29;23;1.0;22.0;957;304.0;102.0;155.0;47.0
672;Rotterdam-Rijnmond (VR);2012;1927.0;1668;689;650;39;186;;;503;979;954;25;199;;;780;259.0;72.0;139.0;48.0
673;Rotterdam-Rijnmond (VR);2013;1892.0;1643;687;647;40;174;;;513;956;928;28;180;;;776;249.0;89.0;123.0;37.0
674;Rotterdam-Rijnmond (VR);2014;1662.0;1497;669;643;26;191;;;478;828;809;19;110;;;718;165.0;30.0;26.0;109.0
675;Rotterdam-Rijnmond (VR);2015;1869.0;1565;711;690;21;205;;;506;854;837;17;216;;;638;304.0;117.0;96.0;91.0
676;Rotterdam-Rijnmond (VR);2016;1929.0;1614;786;764;22;226;;;560;828;802;26;189;;;639;315.0;74.0;181.0;60.0
677;Rotterdam-Rijnmond (VR);2017;1983.0;1675;780;764;16;230;;;550;895;870;25;218;;;677;308.0;179.0;114.0;15.0
678;Rotterdam-Rijnmond (VR);2018;1942.0;1593;805;743;62;339;;;466;788;765;23;199;;;589;349.0;190.0;101.0;58.0
679;Rotterdam-Rijnmond (VR);2019;1917.0;1566;801;739;62;339;;;462;765;743;22;183;;;582;351.0;212.0;102.0;37.0
680;Zuid-Holland-Zuid (VR);2000;;927;97;94;3;51;26.0;25.0;46;830;814;16;152;32.0;120.0;678;;;;
681;Zuid-Holland-Zuid (VR);2001;;927;99;95;4;53;31.0;22.0;46;828;808;20;159;25.0;134.0;669;;;;
682;Zuid-Holland-Zuid (VR);2002;;945;124;119;5;66;34.0;32.0;58;821;792;29;153;18.0;135.0;668;;;;
683;Zuid-Holland-Zuid (VR);2003;;958;128;122;6;66;38.0;28.0;62;830;800;30;146;13.0;133.0;684;;;;
684;Zuid-Holland-Zuid (VR);2004;;991;144;136;8;76;39.0;37.0;68;847;817;30;146;9.0;137.0;701;;;;
685;Zuid-Holland-Zuid (VR);2005;1099.0;987;142;134;8;79;39.0;40.0;63;845;803;42;156;8.0;148.0;689;112.0;34.0;63.0;15.0
686;Zuid-Holland-Zuid (VR);2006;1071.0;961;154;145;9;87;44.0;43.0;67;807;771;36;123;6.0;117.0;684;110.0;31.0;67.0;12.0
687;Zuid-Holland-Zuid (VR);2007;1057.0;954;155;145;10;86;44.0;42.0;69;799;756;43;137;6.0;131.0;662;103.0;29.0;61.0;13.0
688;Zuid-Holland-Zuid (VR);2008;1053.0;979;170;161;9;98;61.0;37.0;72;809;770;39;143;5.0;138.0;666;74.0;19.0;46.0;9.0
689;Zuid-Holland-Zuid (VR);2009;1098.0;994;166;156;10;92;55.0;37.0;74;828;786;42;164;6.0;158.0;664;104.0;48.0;44.0;12.0
690;Zuid-Holland-Zuid (VR);2010;1058.0;967;152;143;9;82;46.0;36.0;70;815;772;43;158;11.0;147.0;657;91.0;40.0;43.0;8.0
691;Zuid-Holland-Zuid (VR);2011;1059.0;973;159;152;7;85;46.0;39.0;74;814;771;43;156;9.0;147.0;658;86.0;40.0;36.0;10.0
692;Zuid-Holland-Zuid (VR);2012;1040.0;961;160;153;7;84;;;76;801;760;41;172;;;629;79.0;37.0;34.0;8.0
693;Zuid-Holland-Zuid (VR);2013;921.0;861;102;95;7;49;;;53;759;723;36;137;;;622;60.0;20.0;31.0;9.0
694;Zuid-Holland-Zuid (VR);2014;953.0;889;102;95;7;49;;;53;787;746;41;173;;;614;64.0;28.0;34.0;2.0
695;Zuid-Holland-Zuid (VR);2015;974.0;909;112;102;10;50;;;62;797;756;41;176;;;621;65.0;34.0;29.0;2.0
696;Zuid-Holland-Zuid (VR);2016;910.0;850;106;98;8;61;;;45;744;703;41;182;;;562;60.0;17.0;39.0;4.0
697;Zuid-Holland-Zuid (VR);2017;914.0;853;103;96;7;61;;;42;750;706;44;182;;;568;61.0;18.0;40.0;3.0
698;Zuid-Holland-Zuid (VR);2018;923.0;862;107;99;8;64;;;43;755;712;43;181;;;574;61.0;19.0;39.0;3.0
699;Zuid-Holland-Zuid (VR);2019;819.0;756;106;99;7;63;;;43;650;618;32;152;;;498;63.0;20.0;40.0;3.0
700;Zeeland (VR);2000;;1240;73;69;4;48;25.0;23.0;25;1167;1155;12;239;41.0;198.0;928;;;;
701;Zeeland (VR);2001;;1237;58;57;1;48;28.0;20.0;10;1179;1166;13;250;35.0;215.0;929;;;;
702;Zeeland (VR);2002;;1272;67;66;1;53;29.0;24.0;14;1205;1192;13;251;25.0;226.0;954;;;;
703;Zeeland (VR);2003;;1249;71;70;1;57;34.0;23.0;14;1178;1153;25;246;14.0;232.0;932;;;;
704;Zeeland (VR);2004;;1258;85;83;2;67;34.0;33.0;18;1173;1142;31;249;11.0;238.0;924;;;;
705;Zeeland (VR);2005;1395.0;1326;99;96;3;77;38.0;39.0;22;1227;1189;38;295;39.0;256.0;932;69.0;28.0;32.0;9.0
706;Zeeland (VR);2006;1374.0;1310;102;97;5;82;39.0;43.0;20;1208;1168;40;265;8.0;257.0;943;64.0;22.0;37.0;5.0
707;Zeeland (VR);2007;1381.0;1323;104;96;8;79;47.0;32.0;25;1219;1168;51;319;7.0;312.0;900;58.0;26.0;26.0;6.0
708;Zeeland (VR);2008;1373.0;1323;116;113;3;86;45.0;41.0;30;1207;1164;43;309;10.0;299.0;898;50.0;18.0;24.0;8.0
709;Zeeland (VR);2009;1423.0;1305;82;76;6;59;31.0;28.0;23;1223;1179;44;318;8.0;310.0;905;118.0;50.0;64.0;4.0
710;Zeeland (VR);2010;1491.0;1364;101;95;6;68;32.0;36.0;33;1263;1210;53;324;5.0;319.0;939;127.0;55.0;63.0;9.0
711;Zeeland (VR);2011;1495.0;1380;117;110;7;75;37.0;38.0;42;1263;1210;53;322;8.0;314.0;941;115.0;52.0;53.0;10.0
712;Zeeland (VR);2012;1475.0;1357;103;95;8;65;;;38;1254;1210;44;324;;;930;118.0;57.0;55.0;6.0
713;Zeeland (VR);2013;1406.0;1323;129;120;9;115;;;14;1194;1145;49;297;;;897;83.0;35.0;37.0;11.0
714;Zeeland (VR);2014;1388.0;1301;126;119;7;98;;;28;1175;1126;49;329;;;846;87.0;38.0;30.0;19.0
715;Zeeland (VR);2015;1376.0;1292;123;118;5;93;;;30;1169;1121;48;329;;;840;84.0;38.0;28.0;18.0
716;Zeeland (VR);2016;1359.0;1276;151;132;19;106;;;45;1125;1070;55;324;;;801;83.0;37.0;28.0;18.0
717;Zeeland (VR);2017;1336.0;1260;151;140;11;106;;;45;1109;1060;49;316;;;793;76.0;30.0;28.0;18.0
718;Zeeland (VR);2018;1375.0;1299;165;149;16;116;;;49;1134;1080;54;333;;;801;76.0;30.0;28.0;18.0
719;Zeeland (VR);2019;1350.0;1272;161;139;22;122;;;39;1111;1058;53;308;;;803;78.0;31.0;29.0;18.0
720;Midden- en West-Brabant (VR);2000;;1907;269;262;7;113;67.0;46.0;156;1638;1602;36;331;48.0;283.0;1307;;;;
721;Midden- en West-Brabant (VR);2001;;1883;275;267;8;118;71.0;47.0;157;1608;1565;43;332;44.0;288.0;1276;;;;
722;Midden- en West-Brabant (VR);2002;;1828;266;259;7;115;71.0;44.0;151;1562;1514;48;340;46.0;294.0;1222;;;;
723;Midden- en West-Brabant (VR);2003;;1813;282;270;12;122;70.0;52.0;160;1531;1474;57;335;42.0;293.0;1196;;;;
724;Midden- en West-Brabant (VR);2004;;1818;278;264;14;119;68.0;51.0;159;1540;1476;64;336;39.0;297.0;1204;;;;
725;Midden- en West-Brabant (VR);2005;1992.0;1783;272;259;13;119;66.0;53.0;153;1511;1441;70;342;36.0;306.0;1169;209.0;86.0;104.0;19.0
726;Midden- en West-Brabant (VR);2006;2005.0;1773;268;255;13;109;63.0;46.0;159;1505;1433;72;391;44.0;347.0;1114;232.0;95.0;119.0;18.0
727;Midden- en West-Brabant (VR);2007;1978.0;1755;274;261;13;113;67.0;46.0;161;1481;1408;73;383;39.0;344.0;1098;223.0;78.0;126.0;19.0
728;Midden- en West-Brabant (VR);2008;1981.0;1745;281;270;11;125;65.0;60.0;156;1464;1396;68;329;24.0;305.0;1135;236.0;93.0;126.0;17.0
729;Midden- en West-Brabant (VR);2009;1982.0;1750;293;284;9;111;61.0;50.0;182;1457;1392;65;300;24.0;276.0;1157;232.0;106.0;112.0;14.0
730;Midden- en West-Brabant (VR);2010;1984.0;1748;295;286;9;101;53.0;48.0;194;1453;1388;65;302;22.0;280.0;1151;236.0;105.0;118.0;13.0
731;Midden- en West-Brabant (VR);2011;1940.0;1711;300;286;14;120;60.0;60.0;180;1411;1330;81;343;30.0;313.0;1068;229.0;85.0;133.0;11.0
732;Midden- en West-Brabant (VR);2012;1873.0;1649;287;277;10;120;;;167;1362;1297;65;375;;;987;224.0;74.0;138.0;12.0
733;Midden- en West-Brabant (VR);2013;1907.0;1637;309;299;10;120;;;189;1328;1258;70;336;;;992;270.0;105.0;132.0;33.0
734;Midden- en West-Brabant (VR);2014;1901.0;1622;298;289;9;110;;;188;1324;1254;70;364;;;960;279.0;106.0;137.0;36.0
735;Midden- en West-Brabant (VR);2015;1852.0;1547;317;306;11;135;;;182;1230;1170;60;354;;;876;305.0;149.0;120.0;36.0
736;Midden- en West-Brabant (VR);2016;1897.0;1520;243;239;4;65;;;178;1277;1217;60;353;;;924;377.0;180.0;151.0;46.0
737;Midden- en West-Brabant (VR);2017;1811.0;1479;243;239;4;65;;;178;1236;1164;72;337;;;899;332.0;158.0;138.0;36.0
738;Midden- en West-Brabant (VR);2018;1851.0;1515;252;243;9;71;;;181;1263;1193;70;348;;;915;336.0;171.0;157.0;8.0
739;Midden- en West-Brabant (VR);2019;1836.0;1506;262;251;11;91;;;171;1244;1170;74;349;;;895;330.0;172.0;106.0;52.0
740;Brabant-Noord (VR);2000;;1067;84;82;2;43;28.0;15.0;41;983;956;27;183;38.0;145.0;800;;;;
741;Brabant-Noord (VR);2001;;1072;86;85;1;43;29.0;14.0;43;986;955;31;188;35.0;153.0;798;;;;
742;Brabant-Noord (VR);2002;;1063;101;99;2;58;33.0;25.0;43;962;929;33;195;27.0;168.0;767;;;;
743;Brabant-Noord (VR);2003;;1080;111;110;1;62;31.0;31.0;49;969;927;42;183;24.0;159.0;786;;;;
744;Brabant-Noord (VR);2004;;1083;112;111;1;61;34.0;27.0;51;971;931;40;188;24.0;164.0;783;;;;
745;Brabant-Noord (VR);2005;1163.0;1082;113;110;3;66;41.0;25.0;47;969;930;39;189;30.0;159.0;780;81.0;21.0;47.0;13.0
746;Brabant-Noord (VR);2006;1187.0;1085;115;112;3;68;40.0;28.0;47;970;925;45;237;26.0;211.0;733;102.0;28.0;53.0;21.0
747;Brabant-Noord (VR);2007;1167.0;1073;120;114;6;74;41.0;33.0;46;953;910;43;208;27.0;181.0;745;94.0;29.0;48.0;17.0
748;Brabant-Noord (VR);2008;1211.0;1081;114;103;11;59;35.0;24.0;55;967;925;42;216;25.0;191.0;751;130.0;53.0;66.0;11.0
749;Brabant-Noord (VR);2009;1213.0;1069;107;96;11;48;29.0;19.0;59;962;919;43;218;26.0;192.0;744;144.0;57.0;71.0;16.0
750;Brabant-Noord (VR);2010;1216.0;1065;98;86;12;41;20.0;21.0;57;967;877;90;220;25.0;195.0;747;151.0;69.0;66.0;16.0
751;Brabant-Noord (VR);2011;1231.0;1061;121;113;8;61;46.0;15.0;60;940;902;38;273;33.0;240.0;667;170.0;85.0;65.0;20.0
752;Brabant-Noord (VR);2012;1145.0;982;99;91;8;64;;;35;883;844;39;710;;;173;163.0;58.0;97.0;8.0
753;Brabant-Noord (VR);2013;1117.0;1068;205;186;19;137;;;68;863;822;41;167;;;696;49.0;1.0;27.0;21.0
754;Brabant-Noord (VR);2014;1117.0;1068;205;186;19;137;;;68;863;822;41;167;;;696;49.0;1.0;27.0;21.0
755;Brabant-Noord (VR);2015;992.0;942;203;184;19;135;;;68;739;709;30;176;;;563;50.0;28.0;21.0;1.0
756;Brabant-Noord (VR);2016;995.0;948;209;191;18;136;;;73;739;709;30;176;;;563;47.0;26.0;20.0;1.0
757;Brabant-Noord (VR);2017;1087.0;1027;196;175;21;133;;;63;831;803;28;201;;;630;60.0;35.0;24.0;1.0
758;Brabant-Noord (VR);2018;1064.0;1014;193;177;16;128;;;65;821;783;38;197;;;624;50.0;31.0;18.0;1.0
759;Brabant-Noord (VR);2019;1068.0;998;189;173;16;121;;;68;809;777;32;189;;;620;70.0;43.0;26.0;1.0
760;Brabant-Zuidoost (VR);2000;;1038;172;167;5;57;32.0;25.0;115;866;846;20;181;40.0;141.0;685;;;;
761;Brabant-Zuidoost (VR);2001;;1039;181;175;6;66;38.0;28.0;115;858;831;27;195;35.0;160.0;663;;;;
762;Brabant-Zuidoost (VR);2002;;1048;186;181;5;73;35.0;38.0;113;862;835;27;198;33.0;165.0;664;;;;
763;Brabant-Zuidoost (VR);2003;;1089;193;188;5;78;47.0;31.0;115;896;863;33;201;34.0;167.0;695;;;;
764;Brabant-Zuidoost (VR);2004;;1075;189;183;6;77;48.0;29.0;112;886;849;37;192;28.0;164.0;694;;;;
765;Brabant-Zuidoost (VR);2005;1209.0;1034;181;172;9;74;33.0;41.0;107;853;815;38;190;35.0;155.0;663;175.0;66.0;97.0;12.0
766;Brabant-Zuidoost (VR);2006;1328.0;1106;190;182;8;84;36.0;48.0;106;916;869;47;223;46.0;177.0;693;222.0;68.0;142.0;12.0
767;Brabant-Zuidoost (VR);2007;1296.0;1093;194;187;7;89;40.0;49.0;105;899;847;52;214;39.0;175.0;685;203.0;60.0;133.0;10.0
768;Brabant-Zuidoost (VR);2008;1295.0;1109;210;200;10;69;36.0;33.0;141;899;843;56;211;28.0;183.0;688;186.0;51.0;122.0;13.0
769;Brabant-Zuidoost (VR);2009;1329.0;1077;172;162;10;44;27.0;17.0;128;905;848;57;203;29.0;174.0;702;252.0;75.0;167.0;10.0
770;Brabant-Zuidoost (VR);2010;1339.0;1069;158;150;8;40;22.0;18.0;118;911;851;60;212;26.0;186.0;699;270.0;73.0;186.0;11.0
771;Brabant-Zuidoost (VR);2011;1342.0;1057;156;149;7;42;12.0;30.0;114;901;844;57;218;24.0;194.0;683;285.0;75.0;190.0;20.0
772;Brabant-Zuidoost (VR);2012;1331.0;1037;158;151;7;47;;;111;879;825;54;217;;;662;294.0;80.0;204.0;10.0
773;Brabant-Zuidoost (VR);2013;1324.0;1013;161;153;8;52;;;109;852;798;54;194;;;658;311.0;91.0;201.0;19.0
774;Brabant-Zuidoost (VR);2014;1189.0;838;162;158;4;47;;;115;676;634;42;192;;;484;351.0;85.0;263.0;3.0
775;Brabant-Zuidoost (VR);2015;1269.0;894;111;108;3;22;;;89;783;736;47;221;;;562;375.0;161.0;212.0;2.0
776;Brabant-Zuidoost (VR);2016;1199.0;894;111;108;3;22;;;89;783;736;47;221;;;562;305.0;147.0;156.0;2.0
777;Brabant-Zuidoost (VR);2017;1371.0;973;245;233;12;106;;;139;728;684;44;218;;;510;398.0;143.0;253.0;2.0
778;Brabant-Zuidoost (VR);2018;1354.0;955;247;235;12;107;;;140;708;665;43;203;;;505;399.0;145.0;251.0;3.0
779;Brabant-Zuidoost (VR);2019;1354.0;955;247;235;12;107;;;140;708;665;43;203;;;505;399.0;145.0;251.0;3.0
780;Limburg-Noord (VR);2000;;871;99;96;3;54;28.0;26.0;45;772;755;17;153;23.0;130.0;619;;;;
781;Limburg-Noord (VR);2001;;890;108;104;4;62;34.0;28.0;46;782;763;19;167;28.0;139.0;615;;;;
782;Limburg-Noord (VR);2002;;903;118;115;3;68;34.0;34.0;50;785;756;29;155;18.0;137.0;630;;;;
783;Limburg-Noord (VR);2003;;875;119;116;3;63;32.0;31.0;56;756;732;24;158;16.0;142.0;598;;;;
784;Limburg-Noord (VR);2004;;875;117;113;4;66;34.0;32.0;51;758;726;32;165;16.0;149.0;593;;;;
785;Limburg-Noord (VR);2005;1059.0;948;113;109;4;62;34.0;28.0;51;835;804;31;190;14.0;176.0;645;111.0;33.0;56.0;22.0
786;Limburg-Noord (VR);2006;1062.0;953;132;125;7;76;34.0;42.0;56;821;789;32;186;14.0;172.0;635;109.0;38.0;47.0;24.0
787;Limburg-Noord (VR);2007;968.0;908;121;114;7;67;34.0;33.0;54;787;746;41;157;11.0;146.0;630;60.0;18.0;34.0;8.0
788;Limburg-Noord (VR);2008;803.0;758;102;93;9;63;31.0;32.0;39;656;624;32;143;9.0;134.0;513;45.0;13.0;30.0;2.0
789;Limburg-Noord (VR);2009;1077.0;1012;147;138;9;93;45.0;48.0;54;865;830;35;180;9.0;171.0;685;65.0;18.0;44.0;3.0
790;Limburg-Noord (VR);2010;1037.0;952;136;125;11;81;37.0;44.0;55;816;777;39;183;10.0;173.0;633;85.0;24.0;46.0;15.0
791;Limburg-Noord (VR);2011;1037.0;956;135;123;12;82;41.0;41.0;53;821;781;40;195;5.0;190.0;626;81.0;17.0;45.0;19.0
792;Limburg-Noord (VR);2012;1009.0;931;134;120;14;84;;;50;797;760;37;197;;;600;78.0;17.0;42.0;19.0
793;Limburg-Noord (VR);2013;1007.0;918;123;117;6;68;;;55;795;762;33;194;;;601;89.0;29.0;48.0;12.0
794;Limburg-Noord (VR);2014;1007.0;918;123;117;6;68;;;55;795;762;33;194;;;601;89.0;29.0;48.0;12.0
795;Limburg-Noord (VR);2015;929.0;829;66;63;3;21;;;45;763;724;39;199;;;564;100.0;24.0;66.0;10.0
796;Limburg-Noord (VR);2016;929.0;829;66;63;3;21;;;45;763;724;39;199;;;564;100.0;24.0;66.0;10.0
797;Limburg-Noord (VR);2017;974.0;866;64;61;3;20;;;44;802;766;36;209;;;593;108.0;26.0;71.0;11.0
798;Limburg-Noord (VR);2018;977.0;869;64;61;3;22;;;42;805;765;40;216;;;589;108.0;26.0;71.0;11.0
799;Limburg-Noord (VR);2019;977.0;869;64;61;3;22;;;42;805;765;40;216;;;589;108.0;26.0;71.0;11.0
800;Limburg-Zuid (VR);2000;;759;191;181;10;67;30.0;37.0;124;568;545;23;115;16.0;99.0;453;;;;
801;Limburg-Zuid (VR);2001;;760;198;184;14;63;20.0;43.0;135;562;538;24;114;15.0;99.0;448;;;;
802;Limburg-Zuid (VR);2002;;774;201;189;12;67;25.0;42.0;134;573;547;26;104;15.0;89.0;469;;;;
803;Limburg-Zuid (VR);2003;;785;197;185;12;68;27.0;41.0;129;588;556;32;110;15.0;95.0;478;;;;
804;Limburg-Zuid (VR);2004;;780;198;185;13;65;25.0;40.0;133;582;551;31;130;14.0;116.0;452;;;;
805;Limburg-Zuid (VR);2005;938.0;814;205;190;15;70;32.0;38.0;135;609;576;33;170;15.0;155.0;439;124.0;41.0;68.0;15.0
806;Limburg-Zuid (VR);2006;905.0;805;218;203;15;81;31.0;50.0;137;587;556;31;230;23.0;207.0;357;100.0;36.0;56.0;8.0
807;Limburg-Zuid (VR);2007;879.0;764;209;195;14;74;34.0;40.0;135;555;524;31;112;8.0;104.0;443;115.0;52.0;53.0;10.0
808;Limburg-Zuid (VR);2008;881.0;769;220;204;16;79;34.0;45.0;141;549;510;39;109;10.0;99.0;440;112.0;46.0;53.0;13.0
809;Limburg-Zuid (VR);2009;820.0;724;196;183;13;69;30.0;39.0;127;528;498;30;104;7.0;97.0;424;96.0;38.0;45.0;13.0
810;Limburg-Zuid (VR);2010;887.0;715;195;189;6;50;17.0;33.0;145;520;498;22;108;3.0;105.0;412;172.0;72.0;65.0;35.0
811;Limburg-Zuid (VR);2011;869.0;700;183;165;18;48;18.0;30.0;135;517;499;18;104;3.0;101.0;413;169.0;70.0;66.0;33.0
812;Limburg-Zuid (VR);2012;825.0;645;154;147;7;48;;;106;491;473;18;103;;;388;180.0;70.0;60.0;50.0
813;Limburg-Zuid (VR);2013;823.0;681;161;153;8;50;;;111;520;503;17;106;;;414;142.0;55.0;47.0;40.0
814;Limburg-Zuid (VR);2014;833.0;671;161;153;8;50;;;111;510;492;18;17;;;493;162.0;56.0;44.0;62.0
815;Limburg-Zuid (VR);2015;762.0;673;220;203;17;89;;;131;453;436;17;7;;;446;89.0;32.0;31.0;26.0
816;Limburg-Zuid (VR);2016;767.0;678;225;208;17;100;;;125;453;436;17;7;;;446;89.0;32.0;31.0;26.0
817;Limburg-Zuid (VR);2017;762.0;668;229;214;15;105;;;124;439;423;16;5;;;434;94.0;43.0;21.0;30.0
818;Limburg-Zuid (VR);2018;753.0;667;233;216;17;101;;;132;434;419;15;5;;;429;86.0;36.0;29.0;21.0
819;Limburg-Zuid (VR);2019;743.0;651;234;217;17;102;;;132;417;405;12;0;;;417;92.0;42.0;29.0;21.0
820;Flevoland (VR);2000;;460;77;72;5;40;20.0;20.0;37;383;353;30;76;13.0;63.0;307;;;;
821;Flevoland (VR);2001;;432;70;68;2;43;22.0;21.0;27;362;335;27;80;10.0;70.0;282;;;;
822;Flevoland (VR);2002;;459;83;78;5;49;22.0;27.0;34;376;343;33;80;9.0;71.0;296;;;;
823;Flevoland (VR);2003;;468;98;91;7;64;27.0;37.0;34;370;337;33;84;14.0;70.0;286;;;;
824;Flevoland (VR);2004;;474;100;93;7;61;32.0;29.0;39;374;343;31;74;8.0;66.0;300;;;;
825;Flevoland (VR);2005;542.0;483;80;76;4;61;22.0;39.0;19;403;363;40;85;11.0;74.0;318;59.0;26.0;27.0;6.0
826;Flevoland (VR);2006;522.0;480;92;84;8;67;29.0;38.0;25;388;350;38;72;8.0;64.0;316;42.0;18.0;19.0;5.0
827;Flevoland (VR);2007;524.0;485;119;106;13;66;31.0;35.0;53;366;336;30;63;12.0;51.0;303;39.0;13.0;17.0;9.0
828;Flevoland (VR);2008;505.0;473;112;99;13;64;27.0;37.0;48;361;327;34;84;10.0;74.0;277;32.0;9.0;17.0;6.0
829;Flevoland (VR);2009;502.0;472;113;100;13;64;26.0;38.0;49;359;328;31;78;7.0;71.0;281;30.0;9.0;16.0;5.0
830;Flevoland (VR);2010;582.0;520;95;89;6;35;20.0;15.0;60;425;380;45;106;13.0;93.0;319;62.0;20.0;35.0;7.0
831;Flevoland (VR);2011;551.0;480;108;101;7;39;23.0;16.0;69;372;332;40;87;13.0;74.0;285;71.0;23.0;42.0;6.0
832;Flevoland (VR);2012;579.0;493;95;90;5;62;;;33;398;363;35;78;;;320;86.0;32.0;48.0;6.0
833;Flevoland (VR);2013;584.0;502;98;92;6;66;;;32;404;370;34;82;;;322;82.0;35.0;41.0;6.0
834;Flevoland (VR);2014;589.0;511;99;95;4;98;;;1;412;377;35;75;;;337;78.0;45.0;31.0;2.0
835;Flevoland (VR);2015;477.0;398;103;99;4;100;;;3;295;276;19;49;;;246;79.0;45.0;32.0;2.0
836;Flevoland (VR);2016;484.0;401;106;101;5;105;;;1;295;276;19;49;;;246;83.0;40.0;32.0;11.0
837;Flevoland (VR);2017;481.0;396;101;96;5;57;;;44;295;279;16;45;;;250;85.0;43.0;28.0;14.0
838;Flevoland (VR);2018;486.0;407;97;92;5;56;;;41;310;294;16;54;;;256;79.0;36.0;22.0;21.0
839;Flevoland (VR);2019;489.0;422;104;100;4;59;;;45;318;303;15;51;;;267;67.0;28.0;26.0;13.0
