ID;Leeftijd;Perioden;TotaalLevendgeborenen_1;k_1eKind_2;k_2eKind_3;k_3eKind_4;k_4eOfVolgendeKinderen_5;TotaalOverledenen_6;OverledenMannen_7;OverledenVrouwen_8;TotaalImmigratie_9;ImmigratieMannen_10;ImmigratieVrouwen_11;TotaalEmigratie_12;EmigratieMannen_13;EmigratieVrouwen_14;TotaalMigratieSaldo_15;MigratieSaldoMannen_16;MigratieSaldoVrouwen_17
0;Totaal over alle leeftijden;2008;185118.0;82480.0;69034.0;24403.0;9201.0;133296;64203;69094;140111;70185;69926;120524;66502;54022;19587;3683;15904
1;Totaal over alle leeftijden;2009;180994.0;81124.0;66964.0;23618.0;9287.0;135275;65177;70099;129131;65256;63875;124201;68785;55416;4930;-3529;8459
2;Totaal over alle leeftijden;2010;178203.0;80657.0;65930.0;22185.0;9431.0;137240;66162;71079;128292;65017;63275;124710;69194;55515;3582;-4177;7760
3;Totaal over alle leeftijden;2011;177518.0;80592.0;65681.0;21720.0;9526.0;139204;67163;72040;129092;65720;63372;123534;68567;54966;5558;-2847;8406
4;Totaal over alle leeftijden;2012;177345.0;80771.0;65544.0;21440.0;9589.0;141167;68186;72981;129362;66193;63169;121475;67407;54068;7887;-1214;9101
5;Totaal over alle leeftijden;2013;177688.0;81048.0;65763.0;21197.0;9681.0;143134;69233;73901;129017;66285;62732;119063;66068;52994;9954;217;9738
6;Totaal over alle leeftijden;2014;177610.0;81182.0;65716.0;21053.0;9659.0;145089;70292;74797;128398;66147;62251;116707;64781;51926;11691;1366;10325
7;Totaal over alle leeftijden;2015;178246.0;81613.0;65969.0;20962.0;9702.0;147047;71372;75675;128004;65994;62010;114972;63909;51063;13032;2085;10947
8;Totaal over alle leeftijden;2016;179131.0;82158.0;66310.0;20915.0;9748.0;149028;72491;76538;127967;65986;61981;114189;63593;50596;13778;2393;11385
9;Totaal over alle leeftijden;2017;180159.0;82733.0;66706.0;20911.0;9809.0;151042;73651;77391;127846;65951;61895;113947;63540;50407;13899;2411;11488
10;Totaal over alle leeftijden;2018;181289.0;83294.0;67158.0;20953.0;9884.0;153086;74842;78244;127688;65880;61808;113800;63529;50271;13888;2351;11537
11;Totaal over alle leeftijden;2019;182429.0;83811.0;67607.0;21047.0;9964.0;155169;76061;79108;127557;65825;61732;113704;63532;50172;13853;2293;11560
12;Totaal over alle leeftijden;2020;183632.0;84311.0;68096.0;21166.0;10059.0;157303;77315;79988;127523;65815;61708;113668;63555;50113;13855;2260;11595
13;Totaal over alle leeftijden;2021;184759.0;84736.0;68572.0;21296.0;10155.0;159526;78626;80900;127379;65741;61638;113672;63597;50075;13707;2144;11563
14;Totaal over alle leeftijden;2022;185760.0;85075.0;69014.0;21422.0;10250.0;161828;79976;81853;127412;65756;61656;113662;63620;50042;13750;2136;11614
15;Totaal over alle leeftijden;2023;186608.0;85328.0;69401.0;21538.0;10341.0;164249;81397;82852;127409;65758;61651;113647;63635;50012;13762;2123;11639
16;Totaal over alle leeftijden;2024;187315.0;85522.0;69721.0;21646.0;10427.0;166762;82858;83904;127436;65774;61662;113613;63634;49980;13823;2140;11682
17;Totaal over alle leeftijden;2025;187917.0;85682.0;69986.0;21741.0;10508.0;169359;84348;85010;127422;65761;61661;113564;63622;49943;13858;2139;11718
18;Totaal over alle leeftijden;2026;188404.0;85806.0;70198.0;21818.0;10582.0;172032;85856;86175;127429;65763;61666;113508;63596;49912;13921;2167;11754
19;Totaal over alle leeftijden;2027;188790.0;85895.0;70371.0;21875.0;10649.0;174775;87375;87400;127422;65758;61664;113427;63558;49868;13995;2200;11796
20;Totaal over alle leeftijden;2028;189082.0;85939.0;70515.0;21917.0;10709.0;177565;88885;88680;127427;65758;61669;113338;63512;49826;14089;2246;11843
21;Totaal over alle leeftijden;2029;189244.0;85897.0;70632.0;21952.0;10764.0;180439;90434;90005;127419;65752;61667;113220;63450;49770;14199;2302;11897
22;Totaal over alle leeftijden;2030;189238.0;85738.0;70714.0;21978.0;10808.0;183374;92008;91366;127410;65744;61666;113078;63365;49713;14332;2379;11953
23;Totaal over alle leeftijden;2031;189039.0;85463.0;70738.0;21994.0;10844.0;186346;93587;92759;127417;65746;61671;112943;63283;49659;14474;2463;12012
24;Totaal over alle leeftijden;2032;188639.0;85092.0;70678.0;21999.0;10870.0;189317;95150;94167;127453;65755;61698;112798;63192;49606;14655;2563;12092
25;Totaal over alle leeftijden;2033;188045.0;84647.0;70525.0;21986.0;10886.0;192266;96685;95581;127450;65754;61696;112659;63102;49557;14791;2652;12139
26;Totaal over alle leeftijden;2034;187276.0;84163.0;70273.0;21949.0;10892.0;195141;98140;97001;127428;65731;61697;112518;63011;49507;14910;2720;12190
27;Totaal over alle leeftijden;2035;186379.0;83675.0;69936.0;21879.0;10889.0;197923;99514;98409;127449;65752;61697;112406;62928;49477;15043;2824;12220
28;Totaal over alle leeftijden;2036;185409.0;83216.0;69542.0;21779.0;10872.0;200584;100800;99784;127444;65749;61695;112284;62844;49439;15160;2905;12256
29;Totaal over alle leeftijden;2037;184442.0;82820.0;69122.0;21653.0;10846.0;203087;101984;101103;127455;65756;61699;112181;62766;49415;15274;2990;12284
30;Totaal over alle leeftijden;2038;183530.0;82495.0;68710.0;21512.0;10812.0;205392;103052;102340;127454;65752;61702;112080;62687;49394;15374;3065;12308
31;Totaal over alle leeftijden;2039;182715.0;82239.0;68337.0;21367.0;10772.0;207469;103997;103472;127468;65762;61706;112008;62622;49386;15460;3140;12320
32;Totaal over alle leeftijden;2040;182016.0;82047.0;68015.0;21229.0;10725.0;209295;104808;104487;127465;65767;61698;111962;62576;49386;15503;3191;12312
33;Totaal over alle leeftijden;2041;181460.0;81926.0;67753.0;21107.0;10675.0;210877;105492;105384;127469;65746;61723;111935;62535;49400;15534;3211;12323
34;Totaal over alle leeftijden;2042;181061.0;81879.0;67550.0;21008.0;10623.0;212209;106052;106157;127491;65756;61735;111932;62514;49418;15559;3242;12317
35;Totaal over alle leeftijden;2043;180823.0;81905.0;67411.0;20934.0;10573.0;213295;106494;106801;127493;65759;61734;111963;62510;49452;15530;3249;12282
36;Totaal over alle leeftijden;2044;180738.0;81996.0;67336.0;20881.0;10525.0;214165;106837;107328;127523;65771;61752;112016;62523;49493;15507;3248;12259
37;Totaal over alle leeftijden;2045;180801.0;82142.0;67325.0;20850.0;10484.0;214860;107099;107761;127525;65764;61761;112099;62550;49549;15426;3214;12212
38;Totaal over alle leeftijden;2046;180998.0;82335.0;67374.0;20838.0;10451.0;215335;107269;108066;127477;65741;61736;112206;62600;49606;15271;3141;12130
39;Totaal over alle leeftijden;2047;181317.0;82563.0;67477.0;20848.0;10429.0;215657;107362;108296;127456;65737;61719;112323;62655;49668;15133;3082;12051
40;Totaal over alle leeftijden;2048;181733.0;82815.0;67624.0;20877.0;10417.0;215855;107379;108476;127443;65731;61712;112462;62721;49741;14981;3010;11972
41;Totaal over alle leeftijden;2049;182222.0;83080.0;67806.0;20921.0;10416.0;215931;107314;108617;127427;65719;61708;112634;62818;49817;14793;2901;11892
42;0;2008;;;;;;671;392;278;1143;574;569;625;337;288;518;237;281
43;0;2009;;;;;;649;379;270;1086;550;536;605;327;278;481;223;258
44;0;2010;;;;;;634;370;264;1128;573;555;585;316;269;543;257;286
45;0;2011;;;;;;625;364;261;1180;602;578;569;309;261;611;293;317
46;0;2012;;;;;;619;360;259;1168;600;568;554;301;253;614;299;315
47;0;2013;;;;;;614;357;257;1179;608;571;540;294;246;639;314;325
48;0;2014;;;;;;608;353;255;1183;611;572;527;288;239;656;323;333
49;0;2015;;;;;;604;350;254;1185;614;571;518;283;234;667;331;337
50;0;2016;;;;;;602;348;253;1188;616;572;516;282;234;672;334;338
51;0;2017;;;;;;599;346;253;1189;617;572;516;282;234;673;336;338
52;0;2018;;;;;;597;345;253;1188;616;572;516;281;235;672;335;337
53;0;2019;;;;;;595;343;252;1188;616;572;517;281;235;671;335;337
54;0;2020;;;;;;593;341;252;1189;618;571;517;281;236;672;337;335
55;0;2021;;;;;;591;339;252;1186;615;571;517;281;236;669;334;335
56;0;2022;;;;;;588;337;251;1186;616;570;518;281;237;668;335;333
57;0;2023;;;;;;585;334;251;1191;620;571;519;281;238;672;339;333
58;0;2024;;;;;;582;332;250;1189;618;571;518;280;238;671;338;333
59;0;2025;;;;;;578;329;249;1190;619;571;516;279;238;674;340;333
60;0;2026;;;;;;574;326;248;1191;621;570;515;278;237;676;343;333
61;0;2027;;;;;;569;323;247;1193;623;570;513;276;237;680;347;333
62;0;2028;;;;;;565;319;245;1197;625;572;511;275;236;686;350;336
63;0;2029;;;;;;560;316;244;1201;628;573;508;273;235;693;355;338
64;0;2030;;;;;;555;312;242;1204;630;574;505;271;234;699;359;340
65;0;2031;;;;;;549;308;241;1208;633;575;503;269;234;705;364;341
66;0;2032;;;;;;543;304;238;1216;637;579;499;266;233;717;371;346
67;0;2033;;;;;;536;300;236;1217;638;579;495;264;231;722;374;348
68;0;2034;;;;;;529;295;234;1223;641;582;490;261;229;733;380;353
69;0;2035;;;;;;521;290;231;1228;644;584;486;258;227;742;386;357
70;0;2036;;;;;;513;285;228;1235;649;586;480;255;225;755;394;361
71;0;2037;;;;;;506;280;225;1239;651;588;475;252;223;764;399;365
72;0;2038;;;;;;498;276;223;1243;653;590;470;249;221;773;404;369
73;0;2039;;;;;;492;271;220;1248;658;590;465;246;219;783;412;371
74;0;2040;;;;;;485;267;218;1251;659;592;462;243;219;789;416;373
75;0;2041;;;;;;479;263;216;1256;661;595;457;240;217;799;421;378
76;0;2042;;;;;;473;259;214;1256;662;594;454;238;216;802;424;378
77;0;2043;;;;;;468;256;212;1261;665;596;450;236;215;811;429;382
78;0;2044;;;;;;463;253;211;1268;669;599;448;234;214;820;435;385
79;0;2045;;;;;;459;250;209;1269;670;599;445;232;213;824;438;386
80;0;2046;;;;;;455;247;208;1271;671;600;443;231;212;828;440;388
81;0;2047;;;;;;451;244;207;1276;675;601;441;229;212;835;446;389
82;0;2048;;;;;;448;242;206;1281;678;603;441;229;212;840;449;391
83;0;2049;;;;;;445;240;205;1283;678;605;439;227;212;844;451;393
84;1;2008;;;;;;98;55;43;1723;841;882;1567;805;763;156;36;119
85;1;2009;;;;;;99;56;43;1605;793;812;1566;806;760;39;-13;52
86;1;2010;;;;;;95;54;41;1611;799;812;1506;777;728;105;22;84
87;1;2011;;;;;;92;52;40;1644;817;827;1456;754;702;188;63;125
88;1;2012;;;;;;90;51;39;1642;819;823;1419;738;681;223;81;142
89;1;2013;;;;;;88;50;38;1644;823;821;1387;725;662;257;98;159
90;1;2014;;;;;;87;49;37;1642;824;818;1362;714;648;280;110;170
91;1;2015;;;;;;85;48;37;1642;824;818;1341;705;636;301;119;182
92;1;2016;;;;;;84;47;36;1645;827;818;1338;704;634;307;123;185
93;1;2017;;;;;;82;47;36;1643;827;816;1345;708;637;298;119;179
94;1;2018;;;;;;81;46;35;1640;824;816;1351;710;640;289;114;176
95;1;2019;;;;;;80;46;35;1639;824;815;1358;715;644;281;110;171
96;1;2020;;;;;;79;45;34;1637;823;814;1367;718;648;270;105;166
97;1;2021;;;;;;78;45;34;1640;825;815;1375;723;652;265;102;163
98;1;2022;;;;;;77;44;33;1640;825;815;1381;725;655;259;100;160
99;1;2023;;;;;;76;43;33;1639;825;814;1388;729;659;251;96;155
100;1;2024;;;;;;75;43;33;1639;826;813;1394;732;662;245;94;151
101;1;2025;;;;;;74;42;32;1638;826;812;1398;734;664;240;92;148
102;1;2026;;;;;;73;41;32;1641;828;813;1402;735;667;239;93;146
103;1;2027;;;;;;72;41;31;1640;828;812;1405;736;668;235;92;144
104;1;2028;;;;;;71;40;31;1642;829;813;1407;738;669;235;91;144
105;1;2029;;;;;;70;40;30;1642;830;812;1409;739;671;233;91;141
106;1;2030;;;;;;68;39;30;1647;832;815;1409;738;671;238;94;144
107;1;2031;;;;;;67;38;29;1647;833;814;1409;738;671;238;95;143
108;1;2032;;;;;;66;37;28;1652;836;816;1408;737;671;244;99;145
109;1;2033;;;;;;65;37;28;1652;838;814;1405;735;670;247;103;144
110;1;2034;;;;;;63;36;27;1657;840;817;1400;732;668;257;108;149
111;1;2035;;;;;;62;35;27;1656;841;815;1395;729;666;261;112;149
112;1;2036;;;;;;61;34;26;1658;842;816;1389;726;663;269;116;153
113;1;2037;;;;;;59;34;26;1662;843;819;1382;722;660;280;121;159
114;1;2038;;;;;;58;33;25;1664;845;819;1375;718;657;289;127;162
115;1;2039;;;;;;57;32;25;1665;846;819;1368;714;654;297;132;165
116;1;2040;;;;;;55;31;24;1666;846;820;1362;711;651;304;135;169
117;1;2041;;;;;;54;31;24;1669;849;820;1358;708;650;311;141;170
118;1;2042;;;;;;53;30;23;1671;850;821;1354;706;648;317;144;173
119;1;2043;;;;;;52;30;23;1674;852;822;1350;704;647;324;148;175
120;1;2044;;;;;;51;29;22;1677;855;822;1350;703;647;327;152;175
121;1;2045;;;;;;50;28;22;1677;854;823;1349;703;646;328;151;177
122;1;2046;;;;;;49;28;21;1676;854;822;1350;703;647;326;151;175
123;1;2047;;;;;;49;28;21;1675;854;821;1351;703;648;324;151;173
124;1;2048;;;;;;48;27;21;1681;857;824;1353;704;649;328;153;175
125;1;2049;;;;;;47;27;20;1681;856;825;1356;705;651;325;151;174
126;2;2008;;;;;;62;35;27;1916;926;990;1574;852;722;342;74;268
127;2;2009;;;;;;60;34;26;1776;870;906;1540;830;710;236;40;196
128;2;2010;;;;;;60;34;26;1770;872;898;1519;821;698;251;51;200
129;2;2011;;;;;;57;33;25;1796;888;908;1455;789;666;341;99;242
130;2;2012;;;;;;55;32;24;1794;889;905;1407;765;642;387;124;263
131;2;2013;;;;;;54;31;23;1795;894;901;1375;749;625;420;145;276
132;2;2014;;;;;;53;30;23;1795;898;897;1348;737;612;447;161;285
133;2;2015;;;;;;52;30;22;1794;897;897;1333;729;604;461;168;293
134;2;2016;;;;;;51;29;22;1796;898;898;1327;726;601;469;172;297
135;2;2017;;;;;;50;29;22;1797;899;898;1335;729;605;462;170;293
136;2;2018;;;;;;50;28;21;1797;900;897;1342;733;609;455;167;288
137;2;2019;;;;;;49;28;21;1795;898;897;1350;736;614;445;162;283
138;2;2020;;;;;;48;28;21;1794;898;896;1359;740;619;435;158;277
139;2;2021;;;;;;48;27;20;1796;899;897;1367;744;624;429;155;273
140;2;2022;;;;;;47;27;20;1795;898;897;1376;747;629;419;151;268
141;2;2023;;;;;;46;27;20;1793;899;894;1386;752;634;407;147;260
142;2;2024;;;;;;46;26;20;1794;899;895;1393;755;638;401;144;257
143;2;2025;;;;;;45;26;19;1795;900;895;1400;757;642;395;143;253
144;2;2026;;;;;;44;25;19;1798;903;895;1406;759;647;392;144;248
145;2;2027;;;;;;44;25;19;1796;902;894;1411;761;650;385;141;244
146;2;2028;;;;;;43;25;18;1797;902;895;1415;762;653;382;140;242
147;2;2029;;;;;;42;24;18;1797;903;894;1419;763;656;378;140;238
148;2;2030;;;;;;42;24;18;1798;906;892;1423;765;659;375;141;233
149;2;2031;;;;;;41;23;18;1801;906;895;1425;765;661;376;141;234
150;2;2032;;;;;;40;23;17;1803;909;894;1427;764;663;376;145;231
151;2;2033;;;;;;39;23;17;1803;910;893;1427;763;664;376;147;229
152;2;2034;;;;;;39;22;17;1805;911;894;1426;761;664;379;150;230
153;2;2035;;;;;;38;22;16;1808;913;895;1424;759;665;384;154;230
154;2;2036;;;;;;37;21;16;1808;912;896;1421;757;664;387;155;232
155;2;2037;;;;;;36;21;15;1811;915;896;1417;754;663;394;161;233
156;2;2038;;;;;;35;20;15;1815;918;897;1412;750;662;403;168;235
157;2;2039;;;;;;35;20;15;1816;920;896;1407;746;661;409;174;235
158;2;2040;;;;;;34;19;15;1815;918;897;1403;743;661;412;175;236
159;2;2041;;;;;;33;19;14;1817;919;898;1399;740;660;418;179;238
160;2;2042;;;;;;32;18;14;1818;921;897;1397;738;659;421;183;238
161;2;2043;;;;;;32;18;14;1818;921;897;1396;736;660;422;185;237
162;2;2044;;;;;;31;18;13;1820;922;898;1395;734;660;425;188;238
163;2;2045;;;;;;31;17;13;1821;924;897;1395;733;661;426;191;236
164;2;2046;;;;;;30;17;13;1822;923;899;1397;733;664;425;190;235
165;2;2047;;;;;;29;17;13;1823;925;898;1399;733;666;424;192;232
166;2;2048;;;;;;29;17;12;1826;926;900;1403;734;668;423;192;232
167;2;2049;;;;;;28;16;12;1825;927;898;1407;736;672;418;191;226
168;3;2008;;;;;;42;24;18;1788;883;905;1581;852;729;207;31;176
169;3;2009;;;;;;40;23;17;1667;834;833;1612;870;742;55;-36;91
170;3;2010;;;;;;39;22;17;1678;843;835;1554;836;719;124;7;116
171;3;2011;;;;;;39;22;17;1713;864;849;1524;823;701;189;41;148
172;3;2012;;;;;;37;21;16;1708;865;843;1460;790;669;248;75;174
173;3;2013;;;;;;36;21;16;1715;873;842;1413;767;646;302;106;196
174;3;2014;;;;;;35;20;15;1714;875;839;1383;753;630;331;122;209
175;3;2015;;;;;;34;20;15;1708;872;836;1365;745;621;343;127;215
176;3;2016;;;;;;34;19;15;1709;872;837;1363;744;620;346;128;217
177;3;2017;;;;;;33;19;14;1707;871;836;1365;745;621;342;126;215
178;3;2018;;;;;;33;19;14;1706;870;836;1371;747;624;335;123;212
179;3;2019;;;;;;32;18;14;1706;872;834;1380;751;629;326;121;205
180;3;2020;;;;;;32;18;14;1706;873;833;1389;755;633;317;118;200
181;3;2021;;;;;;31;18;13;1704;872;832;1397;759;638;307;113;194
182;3;2022;;;;;;31;18;13;1707;875;832;1407;763;644;300;112;188
183;3;2023;;;;;;30;17;13;1703;872;831;1416;767;648;287;105;183
184;3;2024;;;;;;30;17;13;1704;874;830;1424;771;653;280;103;177
185;3;2025;;;;;;30;17;13;1706;875;831;1432;774;657;274;101;174
186;3;2026;;;;;;29;17;12;1708;876;832;1439;777;662;269;99;170
187;3;2027;;;;;;29;16;12;1710;877;833;1445;779;666;265;98;167
188;3;2028;;;;;;28;16;12;1707;877;830;1450;781;669;257;96;161
189;3;2029;;;;;;28;16;12;1710;879;831;1456;783;673;254;96;158
190;3;2030;;;;;;27;16;12;1714;882;832;1459;784;675;255;98;157
191;3;2031;;;;;;27;15;12;1717;884;833;1463;785;678;254;99;155
192;3;2032;;;;;;26;15;11;1721;887;834;1467;786;681;254;101;153
193;3;2033;;;;;;26;15;11;1723;889;834;1468;786;682;255;103;152
194;3;2034;;;;;;25;15;11;1727;890;837;1469;785;684;258;105;153
195;3;2035;;;;;;25;14;11;1728;891;837;1470;784;685;258;107;152
196;3;2036;;;;;;24;14;10;1730;893;837;1467;782;685;263;111;152
197;3;2037;;;;;;24;14;10;1732;894;838;1465;780;685;267;114;153
198;3;2038;;;;;;23;13;10;1734;895;839;1461;777;684;273;118;155
199;3;2039;;;;;;23;13;10;1737;897;840;1457;774;683;280;123;157
200;3;2040;;;;;;22;13;10;1740;900;840;1453;771;682;287;129;158
201;3;2041;;;;;;22;12;9;1741;902;839;1449;768;681;292;134;158
202;3;2042;;;;;;21;12;9;1744;903;841;1447;765;681;297;138;160
203;3;2043;;;;;;21;12;9;1746;904;842;1444;763;681;302;141;161
204;3;2044;;;;;;20;12;9;1751;906;845;1444;762;682;307;144;163
205;3;2045;;;;;;20;11;9;1751;906;845;1444;761;683;307;145;162
206;3;2046;;;;;;20;11;8;1755;910;845;1444;761;684;311;149;161
207;3;2047;;;;;;19;11;8;1755;911;844;1447;761;686;308;150;158
208;3;2048;;;;;;19;11;8;1752;909;843;1450;761;689;302;148;154
209;3;2049;;;;;;19;11;8;1752;910;842;1454;763;691;298;147;151
210;4;2008;;;;;;31;17;13;1577;808;769;1577;824;752;0;-16;17
211;4;2009;;;;;;29;16;13;1492;767;725;1601;842;759;-109;-75;-34
212;4;2010;;;;;;28;16;12;1515;779;736;1601;845;756;-86;-66;-20
213;4;2011;;;;;;27;15;12;1559;802;757;1534;808;727;25;-6;30
214;4;2012;;;;;;27;15;12;1549;801;748;1500;793;707;49;8;41
215;4;2013;;;;;;26;15;11;1555;808;747;1438;763;675;117;45;72
216;4;2014;;;;;;25;14;11;1547;807;740;1393;742;652;154;65;88
217;4;2015;;;;;;24;14;11;1546;805;741;1371;732;639;175;73;102
218;4;2016;;;;;;24;14;10;1539;802;737;1365;729;635;174;73;102
219;4;2017;;;;;;24;13;10;1534;801;733;1368;732;636;166;69;97
220;4;2018;;;;;;23;13;10;1531;800;731;1370;733;637;161;67;94
221;4;2019;;;;;;23;13;10;1527;798;729;1375;736;639;152;62;90
222;4;2020;;;;;;22;13;10;1525;797;728;1383;740;643;142;57;85
223;4;2021;;;;;;22;13;9;1524;796;728;1390;744;646;134;52;82
224;4;2022;;;;;;22;12;9;1526;799;727;1398;748;650;128;51;77
225;4;2023;;;;;;21;12;9;1525;799;726;1405;752;653;120;47;73
226;4;2024;;;;;;21;12;9;1529;801;728;1412;755;658;117;46;70
227;4;2025;;;;;;21;12;9;1529;802;727;1419;759;661;110;43;66
228;4;2026;;;;;;21;12;9;1531;803;728;1427;762;665;104;41;63
229;4;2027;;;;;;20;12;9;1533;804;729;1432;765;667;101;39;62
230;4;2028;;;;;;20;11;8;1532;804;728;1437;767;670;95;37;58
231;4;2029;;;;;;20;11;8;1536;808;728;1441;769;672;95;39;56
232;4;2030;;;;;;19;11;8;1538;808;730;1446;771;675;92;37;55
233;4;2031;;;;;;19;11;8;1543;813;730;1449;772;676;94;41;54
234;4;2032;;;;;;19;11;8;1544;813;731;1452;774;678;92;39;53
235;4;2033;;;;;;18;10;8;1550;817;733;1454;774;679;96;43;54
236;4;2034;;;;;;18;10;8;1550;817;733;1455;775;680;95;42;53
237;4;2035;;;;;;18;10;8;1552;820;732;1456;774;681;96;46;51
238;4;2036;;;;;;17;10;7;1558;822;736;1454;773;681;104;49;55
239;4;2037;;;;;;17;10;7;1561;824;737;1452;771;681;109;53;56
240;4;2038;;;;;;16;9;7;1562;825;737;1448;769;679;114;56;58
241;4;2039;;;;;;16;9;7;1565;827;738;1445;767;678;120;60;60
242;4;2040;;;;;;16;9;7;1568;829;739;1440;764;676;128;65;63
243;4;2041;;;;;;15;9;7;1568;830;738;1436;761;674;132;69;64
244;4;2042;;;;;;15;9;6;1574;832;742;1431;759;672;143;73;70
245;4;2043;;;;;;15;8;6;1576;835;741;1429;757;672;147;78;69
246;4;2044;;;;;;14;8;6;1580;836;744;1426;755;670;154;81;74
247;4;2045;;;;;;14;8;6;1584;838;746;1425;754;671;159;84;75
248;4;2046;;;;;;14;8;6;1586;839;747;1424;754;670;162;85;77
249;4;2047;;;;;;14;8;6;1584;839;745;1425;754;671;159;85;74
250;4;2048;;;;;;13;8;6;1586;840;746;1427;755;672;159;85;74
251;4;2049;;;;;;13;7;6;1587;841;746;1429;755;674;158;86;72
252;5;2008;;;;;;25;14;11;1498;766;732;1600;814;787;-102;-48;-55
253;5;2009;;;;;;24;13;10;1420;730;690;1587;810;777;-167;-80;-87
254;5;2010;;;;;;22;13;10;1447;745;702;1581;812;770;-134;-67;-68
255;5;2011;;;;;;22;12;9;1490;767;723;1566;806;760;-76;-39;-37
256;5;2012;;;;;;21;12;9;1481;765;716;1498;769;729;-17;-4;-13
257;5;2013;;;;;;21;12;9;1487;774;713;1464;757;707;23;17;6
258;5;2014;;;;;;20;11;9;1484;773;711;1406;730;676;78;43;35
259;5;2015;;;;;;19;11;8;1478;771;707;1370;714;655;108;57;52
260;5;2016;;;;;;19;11;8;1479;771;708;1358;710;648;121;61;60
261;5;2017;;;;;;18;11;8;1473;769;704;1357;711;646;116;58;58
262;5;2018;;;;;;18;10;8;1468;768;700;1359;713;646;109;55;54
263;5;2019;;;;;;18;10;8;1465;766;699;1360;714;646;105;52;53
264;5;2020;;;;;;17;10;7;1467;768;699;1364;717;647;103;51;52
265;5;2021;;;;;;17;10;7;1467;769;698;1371;721;649;96;48;49
266;5;2022;;;;;;17;10;7;1468;769;699;1376;725;652;92;44;47
267;5;2023;;;;;;17;10;7;1462;767;695;1382;728;654;80;39;41
268;5;2024;;;;;;16;9;7;1466;769;697;1389;732;657;77;37;40
269;5;2025;;;;;;16;9;7;1469;771;698;1395;736;659;74;35;39
270;5;2026;;;;;;16;9;7;1469;772;697;1402;740;662;67;32;35
271;5;2027;;;;;;16;9;7;1472;772;700;1407;743;664;65;29;36
272;5;2028;;;;;;15;9;7;1473;775;698;1412;745;667;61;30;31
273;5;2029;;;;;;15;9;7;1473;776;697;1415;748;668;58;28;29
274;5;2030;;;;;;15;9;6;1478;779;699;1419;750;669;59;29;30
275;5;2031;;;;;;15;8;6;1480;780;700;1421;751;670;59;29;30
276;5;2032;;;;;;15;8;6;1483;782;701;1423;753;670;60;29;31
277;5;2033;;;;;;14;8;6;1486;782;704;1425;753;671;61;29;33
278;5;2034;;;;;;14;8;6;1492;787;705;1426;754;672;66;33;33
279;5;2035;;;;;;14;8;6;1493;787;706;1426;754;672;67;33;34
280;5;2036;;;;;;13;8;6;1499;792;707;1425;754;671;74;38;36
281;5;2037;;;;;;13;8;6;1499;791;708;1424;754;670;75;37;38
282;5;2038;;;;;;13;7;5;1502;795;707;1421;752;668;81;43;39
283;5;2039;;;;;;13;7;5;1505;797;708;1417;751;667;88;47;41
284;5;2040;;;;;;12;7;5;1508;798;710;1413;748;664;95;50;46
285;5;2041;;;;;;12;7;5;1511;800;711;1407;746;661;104;54;50
286;5;2042;;;;;;12;7;5;1516;803;713;1403;744;659;113;59;54
287;5;2043;;;;;;11;7;5;1514;801;713;1398;742;657;116;59;56
288;5;2044;;;;;;11;6;5;1520;806;714;1395;740;655;125;66;59
289;5;2045;;;;;;11;6;5;1520;806;714;1392;739;653;128;67;61
290;5;2046;;;;;;11;6;5;1522;806;716;1391;738;653;131;68;63
291;5;2047;;;;;;11;6;4;1525;807;718;1389;738;652;136;69;66
292;5;2048;;;;;;10;6;4;1527;808;719;1389;738;652;138;70;67
293;5;2049;;;;;;10;6;4;1528;811;717;1390;738;652;138;73;65
294;6;2008;;;;;;20;11;9;1453;727;726;1498;767;730;-45;-40;-4
295;6;2009;;;;;;20;11;9;1383;696;687;1535;785;750;-152;-89;-63
296;6;2010;;;;;;19;10;8;1415;714;701;1498;768;730;-83;-54;-29
297;6;2011;;;;;;18;10;8;1461;738;723;1478;760;718;-17;-22;5
298;6;2012;;;;;;17;10;8;1455;738;717;1458;752;706;-3;-14;11
299;6;2013;;;;;;17;9;7;1464;747;717;1395;718;677;69;29;40
300;6;2014;;;;;;17;9;7;1458;746;712;1367;708;659;91;38;53
301;6;2015;;;;;;16;9;7;1453;744;709;1321;687;633;132;57;76
302;6;2016;;;;;;15;9;7;1448;743;705;1298;678;620;150;65;85
303;6;2017;;;;;;15;8;7;1443;741;702;1293;676;617;150;65;85
304;6;2018;;;;;;15;8;6;1437;738;699;1292;677;615;145;61;84
305;6;2019;;;;;;15;8;6;1432;738;694;1294;678;616;138;60;78
306;6;2020;;;;;;14;8;6;1431;738;693;1294;679;615;137;59;78
307;6;2021;;;;;;14;8;6;1430;738;692;1297;681;616;133;57;76
308;6;2022;;;;;;14;8;6;1432;739;693;1303;684;618;129;55;75
309;6;2023;;;;;;14;8;6;1432;738;694;1307;687;620;125;51;74
310;6;2024;;;;;;13;7;6;1431;740;691;1313;690;623;118;50;68
311;6;2025;;;;;;13;7;6;1437;743;694;1319;694;625;118;49;69
312;6;2026;;;;;;13;7;6;1434;741;693;1324;696;628;110;45;65
313;6;2027;;;;;;13;7;6;1435;744;691;1329;700;630;106;44;61
314;6;2028;;;;;;13;7;6;1437;745;692;1333;702;632;104;43;61
315;6;2029;;;;;;12;7;5;1437;745;692;1338;704;634;99;41;58
316;6;2030;;;;;;12;7;5;1441;748;693;1340;706;635;101;42;58
317;6;2031;;;;;;12;7;5;1446;752;694;1344;708;636;102;44;58
318;6;2032;;;;;;12;7;5;1448;752;696;1345;708;637;103;44;59
319;6;2033;;;;;;12;7;5;1454;756;698;1348;710;638;106;46;60
320;6;2034;;;;;;11;6;5;1454;756;698;1348;710;638;106;46;60
321;6;2035;;;;;;11;6;5;1459;759;700;1350;711;639;109;48;61
322;6;2036;;;;;;11;6;5;1463;761;702;1349;711;638;114;50;64
323;6;2037;;;;;;11;6;5;1464;762;702;1349;711;638;115;51;64
324;6;2038;;;;;;11;6;5;1467;764;703;1347;709;637;120;55;66
325;6;2039;;;;;;10;6;5;1472;768;704;1344;708;635;128;60;69
326;6;2040;;;;;;10;6;4;1471;768;703;1341;707;634;130;61;69
327;6;2041;;;;;;10;5;4;1478;771;707;1336;704;632;142;67;75
328;6;2042;;;;;;10;5;4;1479;773;706;1333;703;630;146;70;76
329;6;2043;;;;;;9;5;4;1482;773;709;1327;700;627;155;73;82
330;6;2044;;;;;;9;5;4;1485;775;710;1323;698;625;162;77;85
331;6;2045;;;;;;9;5;4;1487;777;710;1320;696;624;167;81;86
332;6;2046;;;;;;9;5;4;1489;778;711;1317;695;622;172;83;89
333;6;2047;;;;;;9;5;4;1491;780;711;1315;693;622;176;87;89
334;6;2048;;;;;;8;5;4;1491;778;713;1314;693;621;177;85;92
335;6;2049;;;;;;8;5;4;1498;782;716;1314;693;621;184;89;95
336;7;2008;;;;;;18;10;8;1351;670;681;1336;683;654;15;-13;27
337;7;2009;;;;;;18;9;8;1292;643;649;1352;698;654;-60;-55;-5
338;7;2010;;;;;;17;9;8;1320;659;661;1362;703;659;-42;-44;2
339;7;2011;;;;;;16;9;8;1363;684;679;1320;682;638;43;2;41
340;7;2012;;;;;;15;8;7;1359;685;674;1299;674;625;61;11;49
341;7;2013;;;;;;15;8;7;1365;693;672;1280;665;615;85;28;57
342;7;2014;;;;;;14;8;7;1360;692;668;1227;636;591;133;56;77
343;7;2015;;;;;;14;8;7;1358;692;666;1211;631;580;147;61;86
344;7;2016;;;;;;14;7;6;1355;692;663;1182;618;564;173;74;99
345;7;2017;;;;;;13;7;6;1350;691;659;1168;613;556;182;78;103
346;7;2018;;;;;;13;7;6;1342;687;655;1165;611;554;177;76;101
347;7;2019;;;;;;13;7;6;1342;687;655;1165;612;553;177;75;102
348;7;2020;;;;;;13;7;6;1341;687;654;1167;614;554;174;73;100
349;7;2021;;;;;;12;7;6;1337;685;652;1169;615;554;168;71;98
350;7;2022;;;;;;12;7;5;1339;686;653;1172;617;555;167;69;98
351;7;2023;;;;;;12;6;5;1340;688;652;1177;619;557;163;69;95
352;7;2024;;;;;;12;6;5;1341;688;653;1182;622;560;159;66;93
353;7;2025;;;;;;12;6;5;1342;689;653;1186;624;562;156;65;91
354;7;2026;;;;;;11;6;5;1342;690;652;1193;628;565;149;62;87
355;7;2027;;;;;;11;6;5;1343;690;653;1198;631;568;145;59;85
356;7;2028;;;;;;11;6;5;1345;692;653;1202;633;569;143;59;84
357;7;2029;;;;;;11;6;5;1349;693;656;1208;636;572;141;57;84
358;7;2030;;;;;;11;6;5;1352;696;656;1211;637;574;141;59;82
359;7;2031;;;;;;11;6;5;1354;697;657;1215;639;575;139;58;82
360;7;2032;;;;;;10;6;5;1359;699;660;1218;641;577;141;58;83
361;7;2033;;;;;;10;6;5;1362;701;661;1220;642;578;142;59;83
362;7;2034;;;;;;10;5;5;1363;702;661;1222;644;579;141;58;82
363;7;2035;;;;;;10;5;4;1366;704;662;1224;644;580;142;60;82
364;7;2036;;;;;;10;5;4;1368;706;662;1226;645;581;142;61;81
365;7;2037;;;;;;9;5;4;1371;709;662;1227;645;581;144;64;81
366;7;2038;;;;;;9;5;4;1374;711;663;1226;645;581;148;66;82
367;7;2039;;;;;;9;5;4;1380;714;666;1226;645;581;154;69;85
368;7;2040;;;;;;9;5;4;1381;715;666;1223;643;580;158;72;86
369;7;2041;;;;;;9;5;4;1383;715;668;1221;642;579;162;73;89
370;7;2042;;;;;;8;5;4;1386;717;669;1218;641;578;168;76;91
371;7;2043;;;;;;8;5;4;1386;716;670;1215;638;576;171;78;94
372;7;2044;;;;;;8;4;4;1386;717;669;1211;637;575;175;80;94
373;7;2045;;;;;;8;4;4;1392;721;671;1207;635;573;185;86;98
374;7;2046;;;;;;8;4;4;1394;723;671;1206;634;572;188;89;99
375;7;2047;;;;;;8;4;3;1397;725;672;1204;633;571;193;92;101
376;7;2048;;;;;;7;4;3;1401;727;674;1203;632;571;198;95;103
377;7;2049;;;;;;7;4;3;1403;728;675;1203;632;571;200;96;104
378;8;2008;;;;;;17;9;8;1277;626;651;1263;627;636;14;-1;15
379;8;2009;;;;;;17;9;8;1220;606;614;1248;619;629;-28;-13;-15
380;8;2010;;;;;;16;9;8;1254;624;630;1240;622;619;14;2;11
381;8;2011;;;;;;16;8;7;1295;649;646;1235;620;616;60;29;30
382;8;2012;;;;;;15;8;7;1287;647;640;1192;599;593;95;48;47
383;8;2013;;;;;;14;7;7;1294;656;638;1168;590;578;126;66;60
384;8;2014;;;;;;14;7;6;1292;658;634;1150;582;568;142;76;66
385;8;2015;;;;;;13;7;6;1289;656;633;1110;561;548;179;95;85
386;8;2016;;;;;;13;7;6;1289;656;633;1106;563;543;183;93;90
387;8;2017;;;;;;13;7;6;1283;655;628;1083;553;531;200;102;97
388;8;2018;;;;;;12;6;6;1281;655;626;1071;548;523;210;107;103
389;8;2019;;;;;;12;6;6;1276;653;623;1068;547;521;208;106;102
390;8;2020;;;;;;12;6;5;1275;653;622;1067;547;519;208;106;103
391;8;2021;;;;;;11;6;5;1274;653;621;1069;550;519;205;103;102
392;8;2022;;;;;;11;6;5;1276;655;621;1068;550;519;208;105;102
393;8;2023;;;;;;11;6;5;1276;653;623;1071;551;520;205;102;103
394;8;2024;;;;;;11;6;5;1275;654;621;1075;554;521;200;100;100
395;8;2025;;;;;;11;6;5;1275;654;621;1078;556;522;197;98;99
396;8;2026;;;;;;11;6;5;1278;656;622;1082;559;524;196;97;98
397;8;2027;;;;;;10;5;5;1277;655;622;1086;561;525;191;94;97
398;8;2028;;;;;;10;5;5;1280;657;623;1092;564;528;188;93;95
399;8;2029;;;;;;10;5;5;1281;659;622;1095;566;529;186;93;93
400;8;2030;;;;;;10;5;5;1284;661;623;1098;567;531;186;94;92
401;8;2031;;;;;;10;5;5;1286;661;625;1102;570;532;184;91;93
402;8;2032;;;;;;10;5;4;1287;662;625;1103;571;533;184;91;92
403;8;2033;;;;;;9;5;4;1291;665;626;1106;573;534;185;92;92
404;8;2034;;;;;;9;5;4;1292;666;626;1107;573;534;185;93;92
405;8;2035;;;;;;9;5;4;1298;670;628;1108;574;534;190;96;94
406;8;2036;;;;;;9;5;4;1300;671;629;1110;575;534;190;96;95
407;8;2037;;;;;;9;5;4;1303;674;629;1110;575;535;193;99;94
408;8;2038;;;;;;9;5;4;1304;673;631;1110;576;534;194;97;97
409;8;2039;;;;;;8;4;4;1307;674;633;1109;576;533;198;98;100
410;8;2040;;;;;;8;4;4;1310;678;632;1108;576;533;202;102;99
411;8;2041;;;;;;8;4;4;1311;678;633;1106;574;531;205;104;102
412;8;2042;;;;;;8;4;4;1314;680;634;1102;573;529;212;107;105
413;8;2043;;;;;;8;4;4;1315;680;635;1100;572;528;215;108;107
414;8;2044;;;;;;8;4;3;1316;680;636;1096;570;526;220;110;110
415;8;2045;;;;;;7;4;3;1321;683;638;1092;569;524;229;114;114
416;8;2046;;;;;;7;4;3;1322;683;639;1089;567;522;233;116;117
417;8;2047;;;;;;7;4;3;1323;683;640;1088;567;521;235;116;119
418;8;2048;;;;;;7;4;3;1322;684;638;1085;565;520;237;119;118
419;8;2049;;;;;;7;4;3;1323;685;638;1083;565;519;240;120;119
420;9;2008;;;;;;16;8;8;1247;615;632;1185;570;615;62;45;17
421;9;2009;;;;;;16;8;8;1190;592;598;1213;585;628;-23;7;-30
422;9;2010;;;;;;16;8;8;1215;607;608;1178;568;610;37;39;-2
423;9;2011;;;;;;15;8;7;1257;631;626;1161;565;596;96;66;30
424;9;2012;;;;;;15;8;7;1252;632;620;1149;560;589;104;72;31
425;9;2013;;;;;;14;7;7;1264;642;622;1106;541;565;158;101;57
426;9;2014;;;;;;13;7;6;1260;643;617;1084;533;551;176;110;66
427;9;2015;;;;;;13;7;6;1256;641;615;1070;527;543;186;114;72
428;9;2016;;;;;;12;6;6;1252;639;613;1042;513;529;210;126;84
429;9;2017;;;;;;12;6;6;1248;638;610;1043;516;527;205;122;83
430;9;2018;;;;;;12;6;6;1243;637;606;1023;508;515;220;129;91
431;9;2019;;;;;;12;6;6;1238;635;603;1011;503;507;227;132;96
432;9;2020;;;;;;11;6;5;1238;635;603;1006;502;504;232;133;99
433;9;2021;;;;;;11;6;5;1237;635;602;1005;503;503;232;132;99
434;9;2022;;;;;;11;6;5;1238;635;603;1006;504;502;232;131;101
435;9;2023;;;;;;11;6;5;1238;635;603;1004;504;501;234;131;102
436;9;2024;;;;;;10;5;5;1240;636;604;1007;505;501;234;131;103
437;9;2025;;;;;;10;5;5;1237;634;603;1009;507;502;228;127;101
438;9;2026;;;;;;10;5;5;1238;636;602;1011;509;502;227;127;100
439;9;2027;;;;;;10;5;5;1241;638;603;1014;511;504;227;127;99
440;9;2028;;;;;;10;5;5;1239;636;603;1017;513;504;222;123;99
441;9;2029;;;;;;10;5;5;1240;637;603;1019;514;505;221;123;98
442;9;2030;;;;;;10;5;5;1245;640;605;1023;516;506;222;124;99
443;9;2031;;;;;;9;5;5;1246;641;605;1025;518;507;221;123;98
444;9;2032;;;;;;9;5;4;1250;643;607;1026;519;507;224;124;100
445;9;2033;;;;;;9;5;4;1252;644;608;1028;520;508;224;124;100
446;9;2034;;;;;;9;5;4;1256;647;609;1029;521;508;227;126;101
447;9;2035;;;;;;9;5;4;1258;648;610;1029;522;507;229;126;103
448;9;2036;;;;;;9;4;4;1256;648;608;1030;523;507;226;125;101
449;9;2037;;;;;;8;4;4;1258;649;609;1030;523;507;228;126;102
450;9;2038;;;;;;8;4;4;1260;652;608;1029;523;506;231;129;102
451;9;2039;;;;;;8;4;4;1262;651;611;1029;523;506;233;128;105
452;9;2040;;;;;;8;4;4;1264;653;611;1027;523;504;237;130;107
453;9;2041;;;;;;8;4;4;1266;654;612;1025;523;502;241;131;110
454;9;2042;;;;;;8;4;4;1268;654;614;1023;522;501;245;132;113
455;9;2043;;;;;;8;4;4;1267;655;612;1019;520;499;248;135;113
456;9;2044;;;;;;7;4;4;1271;656;615;1015;519;496;256;137;119
457;9;2045;;;;;;7;4;3;1273;658;615;1012;517;495;261;141;121
458;9;2046;;;;;;7;4;3;1277;661;616;1008;516;492;269;145;124
459;9;2047;;;;;;7;4;3;1277;660;617;1004;514;489;273;146;128
460;9;2048;;;;;;7;4;3;1278;661;617;1001;513;488;277;148;129
461;9;2049;;;;;;7;3;3;1277;661;616;998;512;486;279;149;130
462;10;2008;;;;;;16;8;8;1193;601;592;1091;557;534;102;44;58
463;10;2009;;;;;;16;8;8;1134;580;554;1104;559;545;30;21;9
464;10;2010;;;;;;16;8;8;1157;591;566;1111;564;547;46;27;19
465;10;2011;;;;;;16;8;8;1191;611;580;1072;542;529;119;69;51
466;10;2012;;;;;;15;8;7;1192;616;576;1053;536;517;139;80;59
467;10;2013;;;;;;15;7;7;1204;624;580;1042;530;511;162;94;69
468;10;2014;;;;;;14;7;7;1203;627;576;1005;512;493;198;115;83
469;10;2015;;;;;;13;7;7;1196;623;573;989;504;485;207;119;88
470;10;2016;;;;;;13;6;6;1194;622;572;984;502;482;210;120;90
471;10;2017;;;;;;12;6;6;1189;619;570;963;489;474;226;130;96
472;10;2018;;;;;;12;6;6;1187;620;567;965;493;472;222;127;95
473;10;2019;;;;;;12;6;6;1181;617;564;947;485;462;234;132;102
474;10;2020;;;;;;11;6;6;1179;615;564;936;480;456;243;135;108
475;10;2021;;;;;;11;6;5;1181;615;566;932;478;454;249;137;112
476;10;2022;;;;;;11;6;5;1182;617;565;931;478;453;251;139;112
477;10;2023;;;;;;11;5;5;1183;618;565;931;479;453;252;139;112
478;10;2024;;;;;;10;5;5;1180;618;562;930;478;452;250;140;110
479;10;2025;;;;;;10;5;5;1180;617;563;932;479;453;248;138;110
480;10;2026;;;;;;10;5;5;1181;617;564;934;480;454;247;137;110
481;10;2027;;;;;;10;5;5;1185;619;566;936;481;455;249;138;111
482;10;2028;;;;;;10;5;5;1183;619;564;939;483;456;244;136;108
483;10;2029;;;;;;10;5;5;1184;620;564;941;484;457;243;136;107
484;10;2030;;;;;;9;5;5;1185;620;565;943;484;459;242;136;106
485;10;2031;;;;;;9;5;5;1188;622;566;946;486;460;242;136;106
486;10;2032;;;;;;9;5;5;1193;625;568;947;487;460;246;138;108
487;10;2033;;;;;;9;5;4;1190;624;566;948;487;461;242;137;105
488;10;2034;;;;;;9;5;4;1194;626;568;950;488;462;244;138;106
489;10;2035;;;;;;9;4;4;1196;627;569;951;489;463;245;138;106
490;10;2036;;;;;;9;4;4;1198;629;569;951;488;463;247;141;106
491;10;2037;;;;;;9;4;4;1201;631;570;952;489;463;249;142;107
492;10;2038;;;;;;8;4;4;1202;631;571;952;489;463;250;142;108
493;10;2039;;;;;;8;4;4;1204;632;572;951;488;463;253;144;109
494;10;2040;;;;;;8;4;4;1203;631;572;951;488;463;252;143;109
495;10;2041;;;;;;8;4;4;1205;633;572;949;487;463;256;146;109
496;10;2042;;;;;;8;4;4;1209;633;576;948;486;462;261;147;114
497;10;2043;;;;;;8;4;4;1211;634;577;946;485;461;265;149;116
498;10;2044;;;;;;7;4;4;1209;635;574;942;483;460;267;152;114
499;10;2045;;;;;;7;4;4;1211;636;575;939;481;458;272;155;117
500;10;2046;;;;;;7;4;3;1212;637;575;936;479;457;276;158;118
501;10;2047;;;;;;7;4;3;1214;638;576;932;477;455;282;161;121
502;10;2048;;;;;;7;3;3;1217;640;577;929;475;454;288;165;123
503;10;2049;;;;;;7;3;3;1217;639;578;927;474;453;290;165;125
504;11;2008;;;;;;17;8;8;1155;585;570;937;474;462;218;111;108
505;11;2009;;;;;;17;8;8;1097;563;534;950;485;465;147;78;69
506;11;2010;;;;;;17;8;8;1120;575;545;946;479;467;174;96;78
507;11;2011;;;;;;17;8;8;1153;596;557;946;481;465;207;115;92
508;11;2012;;;;;;16;8;8;1151;596;555;911;462;449;240;134;106
509;11;2013;;;;;;15;8;8;1160;603;557;898;458;439;262;145;118
510;11;2014;;;;;;15;8;7;1161;603;558;891;454;437;270;149;121
511;11;2015;;;;;;14;7;7;1156;602;554;867;442;424;289;160;130
512;11;2016;;;;;;14;7;7;1154;602;552;862;441;421;292;161;131
513;11;2017;;;;;;13;7;6;1150;599;551;864;441;423;286;158;128
514;11;2018;;;;;;13;6;6;1147;598;549;847;431;416;300;167;133
515;11;2019;;;;;;13;6;6;1144;597;547;849;435;415;295;162;132
516;11;2020;;;;;;12;6;6;1142;596;546;835;429;406;307;167;140
517;11;2021;;;;;;12;6;6;1143;596;547;827;425;402;316;171;145
518;11;2022;;;;;;11;6;6;1142;596;546;825;425;400;317;171;146
519;11;2023;;;;;;11;6;5;1141;596;545;825;425;400;316;171;145
520;11;2024;;;;;;11;6;5;1139;596;543;827;427;400;312;169;143
521;11;2025;;;;;;11;5;5;1140;596;544;827;427;400;313;169;144
522;11;2026;;;;;;11;5;5;1142;597;545;829;428;401;313;169;144
523;11;2027;;;;;;10;5;5;1141;596;545;832;430;402;309;166;143
524;11;2028;;;;;;10;5;5;1141;597;544;836;432;404;305;165;140
525;11;2029;;;;;;10;5;5;1143;598;545;838;434;405;305;164;140
526;11;2030;;;;;;10;5;5;1144;598;546;842;435;406;302;163;140
527;11;2031;;;;;;10;5;5;1145;599;546;844;437;408;301;162;138
528;11;2032;;;;;;10;5;5;1152;602;550;848;438;409;304;164;141
529;11;2033;;;;;;9;5;5;1151;602;549;851;441;410;300;161;139
530;11;2034;;;;;;9;5;5;1153;603;550;853;442;411;300;161;139
531;11;2035;;;;;;9;5;4;1152;603;549;855;443;412;297;160;137
532;11;2036;;;;;;9;5;4;1155;605;550;857;444;413;298;161;137
533;11;2037;;;;;;9;5;4;1158;606;552;860;445;414;299;161;138
534;11;2038;;;;;;9;5;4;1160;608;552;860;446;414;300;162;138
535;11;2039;;;;;;9;4;4;1161;610;551;862;447;416;299;163;136
536;11;2040;;;;;;8;4;4;1161;610;551;862;447;416;299;163;135
537;11;2041;;;;;;8;4;4;1165;612;553;864;448;416;301;164;137
538;11;2042;;;;;;8;4;4;1168;613;555;864;448;416;304;165;139
539;11;2043;;;;;;8;4;4;1168;613;555;864;448;416;304;165;139
540;11;2044;;;;;;8;4;4;1168;612;556;862;447;415;306;165;141
541;11;2045;;;;;;8;4;4;1171;613;558;861;447;414;310;166;144
542;11;2046;;;;;;7;4;4;1171;614;557;860;446;414;311;168;143
543;11;2047;;;;;;7;4;4;1171;613;558;858;445;413;313;168;145
544;11;2048;;;;;;7;4;3;1173;616;557;856;444;412;317;172;145
545;11;2049;;;;;;7;4;3;1172;615;557;855;444;411;317;171;146
546;12;2008;;;;;;18;10;9;1131;570;561;918;458;459;213;112;102
547;12;2009;;;;;;18;9;9;1071;548;523;926;459;467;145;89;56
548;12;2010;;;;;;18;9;9;1095;563;532;921;460;460;174;103;72
549;12;2011;;;;;;18;9;9;1127;580;547;909;451;458;218;129;89
550;12;2012;;;;;;18;9;9;1128;583;545;903;450;453;225;133;92
551;12;2013;;;;;;17;9;8;1135;589;546;869;432;437;266;157;109
552;12;2014;;;;;;17;9;8;1131;589;542;854;428;426;277;161;116
553;12;2015;;;;;;16;9;8;1129;587;542;851;426;425;278;161;117
554;12;2016;;;;;;15;8;7;1128;586;542;832;416;416;296;170;126
555;12;2017;;;;;;15;8;7;1122;584;538;830;416;414;292;168;124
556;12;2018;;;;;;14;7;7;1119;583;536;831;416;415;288;167;121
557;12;2019;;;;;;14;7;7;1118;583;535;815;407;408;303;176;127
558;12;2020;;;;;;14;7;7;1116;585;531;818;410;407;298;175;124
559;12;2021;;;;;;13;7;6;1113;583;530;803;404;398;310;179;132
560;12;2022;;;;;;13;7;6;1115;584;531;795;401;394;320;183;137
561;12;2023;;;;;;12;6;6;1114;582;532;793;400;392;321;182;140
562;12;2024;;;;;;12;6;6;1114;583;531;791;400;392;323;184;139
563;12;2025;;;;;;12;6;6;1115;583;532;791;400;391;324;183;141
564;12;2026;;;;;;12;6;6;1115;582;533;791;400;390;324;182;143
565;12;2027;;;;;;11;6;5;1116;584;532;793;401;391;323;183;141
566;12;2028;;;;;;11;6;5;1115;584;531;795;403;392;320;181;139
567;12;2029;;;;;;11;6;5;1116;584;532;796;404;392;320;180;140
568;12;2030;;;;;;11;6;5;1116;585;531;799;406;393;317;179;138
569;12;2031;;;;;;11;6;5;1117;586;531;801;407;394;316;179;137
570;12;2032;;;;;;11;6;5;1120;587;533;802;408;394;318;179;139
571;12;2033;;;;;;10;5;5;1121;588;533;804;409;395;317;179;138
572;12;2034;;;;;;10;5;5;1124;589;535;807;410;396;317;179;139
573;12;2035;;;;;;10;5;5;1124;589;535;808;411;397;316;178;138
574;12;2036;;;;;;10;5;5;1127;591;536;809;412;396;318;179;140
575;12;2037;;;;;;10;5;5;1130;592;538;810;413;397;320;179;141
576;12;2038;;;;;;10;5;5;1130;592;538;811;414;397;319;178;141
577;12;2039;;;;;;10;5;5;1129;593;536;811;413;398;318;180;138
578;12;2040;;;;;;9;5;4;1131;594;537;811;414;397;320;180;140
579;12;2041;;;;;;9;5;4;1133;595;538;811;414;397;322;181;141
580;12;2042;;;;;;9;5;4;1134;597;537;811;414;397;323;183;140
581;12;2043;;;;;;9;5;4;1136;598;538;810;414;396;326;184;142
582;12;2044;;;;;;9;5;4;1135;596;539;810;414;396;325;182;143
583;12;2045;;;;;;9;5;4;1137;598;539;808;414;395;329;184;144
584;12;2046;;;;;;8;4;4;1136;598;538;807;413;394;329;185;144
585;12;2047;;;;;;8;4;4;1138;599;539;803;411;392;335;188;147
586;12;2048;;;;;;8;4;4;1140;600;540;801;410;391;339;190;149
587;12;2049;;;;;;8;4;4;1139;599;540;799;409;390;340;190;150
588;13;2008;;;;;;21;11;10;1069;535;534;806;401;405;263;134;129
589;13;2009;;;;;;20;11;9;1010;516;494;833;417;416;177;100;78
590;13;2010;;;;;;20;11;9;1033;528;505;826;410;417;207;118;88
591;13;2011;;;;;;20;11;9;1068;550;518;812;405;406;256;145;112
592;13;2012;;;;;;20;11;9;1068;551;517;798;396;402;270;155;115
593;13;2013;;;;;;20;11;9;1074;558;516;792;394;398;282;164;118
594;13;2014;;;;;;19;10;9;1080;562;518;764;379;385;316;183;133
595;13;2015;;;;;;18;10;8;1078;560;518;757;378;379;321;182;139
596;13;2016;;;;;;18;10;8;1076;560;516;760;379;381;316;181;135
597;13;2017;;;;;;17;9;8;1073;559;514;750;373;376;323;186;138
598;13;2018;;;;;;16;9;7;1070;556;514;749;373;376;321;183;138
599;13;2019;;;;;;16;8;7;1068;557;511;751;374;378;317;183;133
600;13;2020;;;;;;15;8;7;1068;558;510;737;366;371;331;192;139
601;13;2021;;;;;;15;8;7;1068;557;511;739;369;370;329;188;141
602;13;2022;;;;;;15;8;7;1068;557;511;727;363;363;341;194;148
603;13;2023;;;;;;14;8;6;1068;556;512;720;360;359;348;196;153
604;13;2024;;;;;;14;7;6;1067;556;511;719;360;359;348;196;152
605;13;2025;;;;;;13;7;6;1066;556;510;718;360;359;348;196;151
606;13;2026;;;;;;13;7;6;1065;554;511;719;361;359;346;193;152
607;13;2027;;;;;;13;7;6;1066;556;510;719;360;358;347;196;152
608;13;2028;;;;;;13;7;6;1067;557;510;720;361;359;347;196;151
609;13;2029;;;;;;12;7;6;1067;558;509;722;362;360;345;196;149
610;13;2030;;;;;;12;7;6;1068;558;510;724;364;361;344;195;149
611;13;2031;;;;;;12;7;6;1068;558;510;727;365;362;341;193;148
612;13;2032;;;;;;12;6;5;1070;559;511;729;366;363;341;193;148
613;13;2033;;;;;;12;6;5;1074;560;514;731;367;364;343;193;150
614;13;2034;;;;;;12;6;5;1077;563;514;733;368;365;344;195;149
615;13;2035;;;;;;11;6;5;1079;565;514;736;370;366;343;195;148
616;13;2036;;;;;;11;6;5;1081;566;515;738;371;366;343;195;149
617;13;2037;;;;;;11;6;5;1082;567;515;739;372;367;343;195;148
618;13;2038;;;;;;11;6;5;1083;567;516;741;373;369;342;194;147
619;13;2039;;;;;;11;6;5;1084;567;517;742;373;369;342;194;148
620;13;2040;;;;;;10;6;5;1087;569;518;743;374;369;344;195;149
621;13;2041;;;;;;10;6;5;1088;570;518;743;374;369;345;196;149
622;13;2042;;;;;;10;6;5;1087;571;516;744;374;369;343;197;147
623;13;2043;;;;;;10;5;5;1089;571;518;744;375;369;345;196;149
624;13;2044;;;;;;10;5;4;1089;571;518;744;375;369;345;196;149
625;13;2045;;;;;;10;5;4;1089;571;518;744;374;370;345;197;148
626;13;2046;;;;;;9;5;4;1092;573;519;743;374;369;349;199;150
627;13;2047;;;;;;9;5;4;1092;573;519;742;373;369;350;200;150
628;13;2048;;;;;;9;5;4;1092;573;519;740;373;368;352;200;151
629;13;2049;;;;;;9;5;4;1090;572;518;739;372;367;351;200;151
630;14;2008;;;;;;25;14;11;1071;533;538;709;338;370;362;195;168
631;14;2009;;;;;;24;13;11;1017;514;503;705;340;365;312;174;138
632;14;2010;;;;;;23;13;10;1042;529;513;719;349;370;323;180;143
633;14;2011;;;;;;23;13;10;1075;549;526;706;340;367;369;209;159
634;14;2012;;;;;;23;13;10;1076;550;526;689;333;356;387;217;170
635;14;2013;;;;;;23;13;10;1086;559;527;678;326;352;408;233;175
636;14;2014;;;;;;23;13;10;1085;560;525;673;325;348;412;235;177
637;14;2015;;;;;;22;12;10;1079;558;521;653;314;339;426;244;182
638;14;2016;;;;;;21;12;9;1083;559;524;655;318;337;428;241;187
639;14;2017;;;;;;21;12;9;1081;558;523;661;320;341;420;238;182
640;14;2018;;;;;;20;11;8;1079;559;520;653;317;336;426;242;184
641;14;2019;;;;;;19;11;8;1075;558;517;656;319;337;419;239;180
642;14;2020;;;;;;18;10;8;1074;557;517;660;321;339;414;236;178
643;14;2021;;;;;;17;10;7;1070;555;515;649;315;334;421;240;181
644;14;2022;;;;;;17;10;8;1071;554;517;650;317;333;421;237;185
645;14;2023;;;;;;17;9;7;1071;555;516;641;314;327;430;241;189
646;14;2024;;;;;;16;9;7;1072;555;517;637;312;324;435;243;193
647;14;2025;;;;;;16;9;7;1072;556;516;635;312;323;437;244;193
648;14;2026;;;;;;15;9;7;1071;556;515;635;313;323;436;243;192
649;14;2027;;;;;;15;9;6;1071;556;515;638;314;324;433;242;191
650;14;2028;;;;;;15;8;6;1071;555;516;638;315;324;433;240;192
651;14;2029;;;;;;15;8;6;1071;555;516;641;316;324;430;239;192
652;14;2030;;;;;;14;8;6;1071;555;516;644;318;326;427;237;190
653;14;2031;;;;;;14;8;6;1076;558;518;646;320;326;430;238;192
654;14;2032;;;;;;14;8;6;1078;559;519;649;322;327;429;237;192
655;14;2033;;;;;;14;8;6;1078;560;518;651;323;329;427;238;189
656;14;2034;;;;;;13;8;6;1079;560;519;654;324;330;425;236;189
657;14;2035;;;;;;13;8;6;1081;561;520;657;326;330;424;235;190
658;14;2036;;;;;;13;7;6;1079;560;519;659;328;331;420;232;188
659;14;2037;;;;;;13;7;5;1081;562;519;662;330;333;419;232;186
660;14;2038;;;;;;13;7;5;1083;563;520;664;331;333;419;232;187
661;14;2039;;;;;;12;7;5;1086;565;521;666;333;334;420;232;187
662;14;2040;;;;;;12;7;5;1086;565;521;669;334;335;417;231;186
663;14;2041;;;;;;12;7;5;1086;564;522;670;335;335;416;229;187
664;14;2042;;;;;;12;7;5;1089;566;523;671;336;335;418;230;188
665;14;2043;;;;;;12;7;5;1087;565;522;672;337;335;415;228;187
666;14;2044;;;;;;11;7;5;1088;566;522;674;338;336;414;228;186
667;14;2045;;;;;;11;6;5;1088;566;522;675;339;336;413;227;186
668;14;2046;;;;;;11;6;5;1089;568;521;676;340;336;413;228;185
669;14;2047;;;;;;11;6;5;1090;569;521;677;340;337;413;229;184
670;14;2048;;;;;;10;6;4;1090;569;521;677;341;336;413;228;185
671;14;2049;;;;;;10;6;4;1090;568;522;676;341;336;414;227;186
672;15;2008;28.0;28.0;0.0;0.0;0.0;29;17;12;1062;512;550;710;357;353;352;155;197
673;15;2009;29.0;29.0;0.0;0.0;0.0;29;17;12;1001;489;512;720;366;354;281;123;158
674;15;2010;29.0;29.0;0.0;0.0;0.0;27;16;11;1024;503;521;701;357;344;323;146;177
675;15;2011;29.0;28.0;0.0;0.0;0.0;27;16;11;1059;522;537;703;360;343;356;162;194
676;15;2012;30.0;29.0;0.0;0.0;0.0;26;16;11;1058;524;534;687;348;339;371;176;195
677;15;2013;30.0;30.0;0.0;0.0;0.0;27;16;11;1067;531;536;670;343;327;397;188;209
678;15;2014;31.0;31.0;0.0;0.0;0.0;26;16;11;1071;536;535;657;334;323;414;202;212
679;15;2015;32.0;32.0;0.0;0.0;0.0;26;16;11;1071;538;533;655;334;321;416;204;212
680;15;2016;32.0;31.0;0.0;0.0;0.0;25;15;10;1071;537;534;640;326;315;431;211;220
681;15;2017;31.0;31.0;0.0;0.0;0.0;24;15;10;1069;536;533;642;328;314;427;208;219
682;15;2018;31.0;31.0;0.0;0.0;0.0;24;14;10;1067;538;529;647;330;317;420;208;212
683;15;2019;30.0;30.0;0.0;0.0;0.0;23;14;9;1062;535;527;639;325;313;423;210;214
684;15;2020;29.0;29.0;0.0;0.0;0.0;21;13;9;1061;534;527;639;325;313;422;209;214
685;15;2021;29.0;29.0;0.0;0.0;0.0;21;12;8;1059;533;526;641;326;315;418;207;211
686;15;2022;29.0;28.0;0.0;0.0;0.0;20;12;8;1062;534;528;629;319;310;433;215;218
687;15;2023;29.0;29.0;0.0;0.0;0.0;20;12;8;1060;534;526;630;321;309;430;213;217
688;15;2024;29.0;28.0;0.0;0.0;0.0;19;12;8;1061;534;527;620;317;304;441;217;223
689;15;2025;28.0;28.0;0.0;0.0;0.0;18;11;7;1061;534;527;615;314;301;446;220;226
690;15;2026;28.0;28.0;0.0;0.0;0.0;18;11;7;1060;534;526;613;313;300;447;221;226
691;15;2027;28.0;28.0;0.0;0.0;0.0;18;11;7;1057;532;525;613;313;299;444;219;226
692;15;2028;28.0;28.0;0.0;0.0;0.0;17;10;7;1058;533;525;613;314;299;445;219;226
693;15;2029;28.0;28.0;0.0;0.0;0.0;17;10;7;1060;535;525;614;314;300;446;221;225
694;15;2030;28.0;28.0;0.0;0.0;0.0;17;10;7;1062;536;526;615;314;301;447;222;225
695;15;2031;28.0;28.0;0.0;0.0;0.0;16;10;7;1064;538;526;616;315;301;448;223;225
696;15;2032;29.0;28.0;0.0;0.0;0.0;16;10;6;1067;539;528;618;316;302;449;223;226
697;15;2033;29.0;29.0;0.0;0.0;0.0;16;10;6;1068;540;528;619;317;302;449;223;226
698;15;2034;29.0;29.0;0.0;0.0;0.0;16;9;6;1069;540;529;620;317;303;449;223;226
699;15;2035;29.0;29.0;0.0;0.0;0.0;15;9;6;1070;541;529;622;318;304;448;223;225
700;15;2036;29.0;29.0;0.0;0.0;0.0;15;9;6;1071;543;528;623;319;305;448;224;223
701;15;2037;29.0;29.0;0.0;0.0;0.0;15;9;6;1072;542;530;625;319;305;447;223;225
702;15;2038;30.0;29.0;0.0;0.0;0.0;15;9;6;1071;541;530;626;320;306;445;221;224
703;15;2039;30.0;29.0;0.0;0.0;0.0;15;9;6;1074;544;530;627;321;306;447;223;224
704;15;2040;30.0;30.0;0.0;0.0;0.0;14;9;6;1076;546;530;628;321;307;448;225;223
705;15;2041;30.0;30.0;0.0;0.0;0.0;14;8;6;1076;545;531;629;322;307;447;223;224
706;15;2042;30.0;30.0;0.0;0.0;0.0;14;8;5;1078;546;532;629;322;307;449;224;225
707;15;2043;30.0;30.0;0.0;0.0;0.0;14;8;5;1078;548;530;631;322;308;447;226;222
708;15;2044;30.0;30.0;0.0;0.0;0.0;13;8;5;1077;547;530;631;323;308;446;224;222
709;15;2045;30.0;30.0;0.0;0.0;0.0;13;8;5;1081;549;532;631;323;308;450;226;224
710;15;2046;30.0;30.0;0.0;0.0;0.0;13;8;5;1079;547;532;631;323;308;448;224;224
711;15;2047;30.0;30.0;0.0;0.0;0.0;13;8;5;1079;547;532;631;323;308;448;224;224
712;15;2048;30.0;30.0;0.0;0.0;0.0;12;7;5;1079;547;532;630;322;308;449;225;224
713;15;2049;30.0;29.0;0.0;0.0;0.0;12;7;5;1082;549;533;629;322;307;453;227;226
714;16;2008;92.0;88.0;4.0;0.0;0.0;35;22;13;1065;510;555;650;324;326;415;186;229
715;16;2009;93.0;89.0;4.0;0.0;0.0;34;21;13;1008;490;518;655;326;329;353;164;189
716;16;2010;93.0;89.0;4.0;0.0;0.0;33;21;12;1032;504;528;651;326;325;381;178;203
717;16;2011;90.0;85.0;4.0;0.0;0.0;31;20;12;1070;525;545;629;316;314;441;209;231
718;16;2012;91.0;86.0;5.0;0.0;0.0;31;19;11;1069;527;542;629;317;313;440;210;229
719;16;2013;92.0;88.0;5.0;0.0;0.0;30;19;11;1079;535;544;615;306;308;464;229;236
720;16;2014;95.0;90.0;5.0;0.0;0.0;30;19;11;1081;537;544;599;301;298;482;236;246
721;16;2015;96.0;91.0;5.0;0.0;0.0;30;19;11;1082;539;543;591;295;296;491;244;247
722;16;2016;99.0;94.0;5.0;0.0;0.0;30;19;11;1079;537;542;594;297;297;485;240;245
723;16;2017;97.0;92.0;5.0;0.0;0.0;29;18;11;1078;538;540;583;291;292;495;247;248
724;16;2018;96.0;91.0;5.0;0.0;0.0;28;18;10;1074;537;537;587;294;293;487;243;244
725;16;2019;96.0;91.0;5.0;0.0;0.0;27;17;10;1073;536;537;592;296;296;481;240;241
726;16;2020;93.0;88.0;5.0;0.0;0.0;26;16;9;1074;537;537;586;293;293;488;244;244
727;16;2021;90.0;85.0;5.0;0.0;0.0;25;16;9;1072;536;536;588;293;294;484;243;242
728;16;2022;89.0;84.0;5.0;0.0;0.0;24;15;9;1071;536;535;590;294;296;481;242;239
729;16;2023;88.0;83.0;4.0;0.0;0.0;23;14;8;1071;536;535;581;289;292;490;247;243
730;16;2024;90.0;85.0;5.0;0.0;0.0;23;14;8;1069;535;534;582;290;292;487;245;242
731;16;2025;88.0;83.0;4.0;0.0;0.0;22;14;8;1070;535;535;574;287;287;496;248;248
732;16;2026;87.0;82.0;4.0;0.0;0.0;21;13;8;1068;535;533;570;285;286;498;250;247
733;16;2027;87.0;82.0;4.0;0.0;0.0;21;13;8;1067;534;533;570;285;285;497;249;248
734;16;2028;86.0;82.0;4.0;0.0;0.0;20;13;7;1068;535;533;570;285;285;498;250;248
735;16;2029;87.0;82.0;4.0;0.0;0.0;20;13;7;1073;537;536;572;286;286;502;251;250
736;16;2030;87.0;82.0;4.0;0.0;0.0;19;12;7;1073;537;536;572;286;287;501;251;249
737;16;2031;87.0;82.0;4.0;0.0;0.0;19;12;7;1075;539;536;574;286;288;501;253;248
738;16;2032;87.0;83.0;4.0;0.0;0.0;19;12;7;1074;538;536;576;288;288;498;250;248
739;16;2033;88.0;83.0;4.0;0.0;0.0;19;12;7;1079;542;537;578;289;290;501;254;247
740;16;2034;88.0;84.0;5.0;0.0;0.0;18;12;7;1079;541;538;581;290;290;499;251;248
741;16;2035;89.0;84.0;5.0;0.0;0.0;18;11;6;1079;541;538;583;291;292;496;250;246
742;16;2036;89.0;85.0;5.0;0.0;0.0;18;11;6;1081;543;538;585;291;294;496;252;244
743;16;2037;90.0;85.0;5.0;0.0;0.0;17;11;6;1081;544;537;588;293;294;493;251;243
744;16;2038;90.0;86.0;5.0;0.0;0.0;17;11;6;1082;544;538;590;294;296;492;250;242
745;16;2039;91.0;86.0;5.0;0.0;0.0;17;11;6;1084;546;538;592;295;296;492;251;242
746;16;2040;91.0;86.0;5.0;0.0;0.0;17;11;6;1081;544;537;593;296;298;488;248;239
747;16;2041;91.0;87.0;5.0;0.0;0.0;16;10;6;1084;546;538;596;297;299;488;249;239
748;16;2042;91.0;87.0;5.0;0.0;0.0;16;10;6;1088;548;540;597;298;299;491;250;241
749;16;2043;92.0;87.0;5.0;0.0;0.0;16;10;6;1090;549;541;598;298;301;492;251;240
750;16;2044;92.0;87.0;5.0;0.0;0.0;15;10;6;1089;549;540;600;299;301;489;250;239
751;16;2045;92.0;87.0;5.0;0.0;0.0;15;10;5;1089;548;541;601;299;302;488;249;239
752;16;2046;92.0;87.0;5.0;0.0;0.0;15;10;5;1088;547;541;603;300;303;485;247;238
753;16;2047;92.0;87.0;5.0;0.0;0.0;15;9;5;1089;548;541;603;300;303;486;248;238
754;16;2048;92.0;87.0;5.0;0.0;0.0;14;9;5;1089;549;540;605;301;304;484;248;236
755;16;2049;91.0;87.0;5.0;0.0;0.0;14;9;5;1090;549;541;604;301;303;486;248;238
756;17;2008;261.0;249.0;12.0;0.0;0.0;41;27;14;1090;517;573;687;341;346;403;176;227
757;17;2009;258.0;248.0;10.0;0.0;0.0;40;26;14;1030;495;535;691;347;343;339;148;192
758;17;2010;255.0;245.0;9.0;0.0;0.0;38;25;13;1053;506;547;680;340;340;373;166;207
759;17;2011;255.0;246.0;9.0;0.0;0.0;38;25;13;1092;530;562;669;336;333;423;194;229
760;17;2012;249.0;240.0;10.0;0.0;0.0;36;24;12;1092;532;560;640;322;318;452;210;242
761;17;2013;250.0;240.0;10.0;0.0;0.0;35;23;12;1105;541;564;635;320;315;470;221;249
762;17;2014;255.0;246.0;10.0;0.0;0.0;34;23;12;1104;542;562;620;310;310;484;232;252
763;17;2015;263.0;253.0;10.0;0.0;0.0;35;23;12;1104;544;560;608;307;302;496;237;258
764;17;2016;264.0;254.0;10.0;0.0;0.0;34;23;12;1104;545;559;604;303;302;500;242;257
765;17;2017;272.0;262.0;10.0;0.0;0.0;34;23;12;1102;544;558;608;305;303;494;239;255
766;17;2018;267.0;257.0;10.0;0.0;0.0;33;22;11;1097;542;555;597;299;298;500;243;257
767;17;2019;264.0;255.0;10.0;0.0;0.0;32;21;11;1095;541;554;597;299;298;498;242;256
768;17;2020;263.0;253.0;10.0;0.0;0.0;31;21;10;1096;541;555;601;301;300;495;240;255
769;17;2021;255.0;246.0;10.0;0.0;0.0;29;20;10;1094;542;552;593;297;297;501;245;255
770;17;2022;248.0;238.0;9.0;0.0;0.0;28;18;9;1094;542;552;592;295;296;502;247;256
771;17;2023;244.0;235.0;9.0;0.0;0.0;27;18;9;1096;543;553;593;295;298;503;248;255
772;17;2024;242.0;233.0;9.0;0.0;0.0;26;17;9;1093;541;552;583;290;293;510;251;259
773;17;2025;246.0;237.0;9.0;0.0;0.0;26;17;9;1093;541;552;583;290;293;510;251;259
774;17;2026;242.0;233.0;9.0;0.0;0.0;25;17;8;1094;542;552;574;286;288;520;256;264
775;17;2027;239.0;230.0;9.0;0.0;0.0;24;16;8;1089;539;550;569;284;286;520;255;265
776;17;2028;238.0;229.0;9.0;0.0;0.0;24;16;8;1091;539;552;567;282;285;524;257;267
777;17;2029;238.0;229.0;9.0;0.0;0.0;23;15;8;1093;539;554;567;282;285;526;257;269
778;17;2030;238.0;230.0;9.0;0.0;0.0;23;15;8;1098;544;554;567;282;285;531;262;269
779;17;2031;238.0;229.0;9.0;0.0;0.0;22;15;7;1098;544;554;566;281;285;532;263;269
780;17;2032;239.0;230.0;9.0;0.0;0.0;22;14;7;1101;546;555;567;282;285;534;264;270
781;17;2033;240.0;231.0;9.0;0.0;0.0;21;14;7;1100;545;555;568;282;286;532;263;269
782;17;2034;242.0;232.0;9.0;0.0;0.0;21;14;7;1100;545;555;568;282;286;532;263;269
783;17;2035;243.0;234.0;9.0;0.0;0.0;21;14;7;1100;545;555;571;283;288;529;262;267
784;17;2036;244.0;235.0;9.0;0.0;0.0;21;14;7;1103;547;556;572;283;289;531;264;267
785;17;2037;246.0;237.0;9.0;0.0;0.0;20;13;7;1102;547;555;573;283;290;529;264;265
786;17;2038;247.0;238.0;9.0;0.0;0.0;20;13;7;1105;550;555;574;284;290;531;266;265
787;17;2039;248.0;239.0;9.0;0.0;0.0;20;13;7;1104;549;555;575;285;291;529;264;264
788;17;2040;249.0;240.0;9.0;0.0;0.0;19;13;6;1104;550;554;575;284;291;529;266;263
789;17;2041;250.0;241.0;9.0;0.0;0.0;19;13;6;1108;552;556;576;285;292;532;267;264
790;17;2042;251.0;242.0;9.0;0.0;0.0;19;12;6;1109;552;557;578;285;292;531;267;265
791;17;2043;252.0;242.0;9.0;0.0;0.0;18;12;6;1108;551;557;577;284;293;531;267;264
792;17;2044;252.0;243.0;9.0;0.0;0.0;18;12;6;1110;551;559;578;285;293;532;266;266
793;17;2045;253.0;243.0;10.0;0.0;0.0;18;12;6;1110;551;559;578;284;293;533;267;266
794;17;2046;253.0;243.0;10.0;0.0;0.0;17;12;6;1110;552;558;578;284;294;532;268;264
795;17;2047;253.0;243.0;10.0;0.0;0.0;17;11;6;1111;553;558;578;284;294;533;269;264
796;17;2048;253.0;243.0;10.0;0.0;0.0;17;11;6;1110;551;559;577;284;294;533;267;265
797;17;2049;252.0;243.0;9.0;0.0;0.0;16;11;5;1110;552;558;577;283;294;533;269;264
798;18;2008;575.0;527.0;47.0;1.0;0.0;48;32;16;2260;948;1312;1159;526;632;1101;422;680
799;18;2009;564.0;527.0;36.0;0.0;0.0;47;32;15;2128;906;1222;1150;521;629;978;385;593
800;18;2010;548.0;514.0;34.0;0.0;0.0;45;31;15;2150;917;1233;1130;517;613;1020;400;620
801;18;2011;547.0;513.0;34.0;0.0;0.0;44;30;14;2199;944;1255;1095;500;596;1104;444;660
802;18;2012;554.0;518.0;36.0;0.0;0.0;43;29;14;2213;955;1258;1068;490;578;1145;465;680
803;18;2013;543.0;507.0;36.0;0.0;0.0;41;28;13;2225;965;1260;1021;470;551;1204;495;709
804;18;2014;538.0;505.0;34.0;0.0;0.0;40;27;13;2225;970;1255;1011;468;543;1214;502;712
805;18;2015;548.0;515.0;33.0;0.0;0.0;40;27;13;2221;970;1251;993;458;535;1228;512;716
806;18;2016;564.0;530.0;34.0;0.0;0.0;40;27;13;2220;971;1249;985;458;526;1235;513;723
807;18;2017;568.0;533.0;35.0;0.0;0.0;40;27;13;2214;969;1245;981;455;526;1233;514;719
808;18;2018;583.0;548.0;36.0;0.0;0.0;40;27;13;2214;970;1244;988;459;529;1226;511;715
809;18;2019;572.0;537.0;35.0;0.0;0.0;38;26;12;2211;970;1241;970;452;519;1241;518;722
810;18;2020;567.0;532.0;35.0;0.0;0.0;37;25;12;2208;969;1239;968;453;515;1240;516;724
811;18;2021;564.0;530.0;35.0;0.0;0.0;36;25;12;2203;966;1237;971;454;516;1232;512;721
812;18;2022;548.0;515.0;34.0;0.0;0.0;34;23;11;2207;968;1239;954;447;507;1253;521;732
813;18;2023;531.0;499.0;33.0;0.0;0.0;33;22;10;2207;968;1239;948;446;503;1259;522;736
814;18;2024;524.0;492.0;32.0;0.0;0.0;32;22;10;2206;968;1238;946;445;501;1260;523;737
815;18;2025;519.0;487.0;32.0;0.0;0.0;30;21;10;2204;966;1238;930;437;493;1274;529;745
816;18;2026;529.0;496.0;32.0;0.0;0.0;31;21;10;2205;966;1239;931;440;491;1274;526;748
817;18;2027;519.0;487.0;32.0;0.0;0.0;29;20;9;2204;967;1237;915;434;481;1289;533;756
818;18;2028;512.0;481.0;31.0;0.0;0.0;28;19;9;2206;967;1239;905;430;475;1301;537;764
819;18;2029;511.0;480.0;31.0;0.0;0.0;28;19;9;2207;968;1239;901;429;472;1306;539;767
820;18;2030;511.0;479.0;31.0;0.0;0.0;27;19;9;2210;969;1241;898;428;470;1312;541;771
821;18;2031;512.0;481.0;31.0;0.0;0.0;27;18;9;2210;970;1240;897;429;468;1313;541;772
822;18;2032;512.0;481.0;31.0;0.0;0.0;26;18;8;2211;969;1242;895;429;466;1316;540;776
823;18;2033;513.0;482.0;31.0;0.0;0.0;26;18;8;2212;969;1243;895;430;465;1317;539;778
824;18;2034;516.0;484.0;32.0;0.0;0.0;26;17;8;2213;970;1243;895;430;464;1318;540;779
825;18;2035;518.0;487.0;32.0;0.0;0.0;25;17;8;2215;972;1243;895;431;464;1320;541;779
826;18;2036;521.0;489.0;32.0;0.0;0.0;25;17;8;2218;972;1246;895;432;463;1323;540;783
827;18;2037;524.0;492.0;32.0;0.0;0.0;25;17;8;2219;974;1245;896;433;462;1323;541;783
828;18;2038;528.0;495.0;32.0;0.0;0.0;24;16;8;2219;973;1246;897;435;462;1322;538;784
829;18;2039;530.0;498.0;33.0;0.0;0.0;24;16;8;2220;974;1246;898;437;461;1322;537;785
830;18;2040;533.0;500.0;33.0;0.0;0.0;24;16;8;2218;972;1246;898;438;461;1320;534;785
831;18;2041;535.0;503.0;33.0;0.0;0.0;23;16;7;2220;973;1247;898;439;460;1322;534;787
832;18;2042;537.0;504.0;33.0;0.0;0.0;23;16;7;2223;975;1248;898;439;458;1325;536;790
833;18;2043;539.0;506.0;33.0;0.0;0.0;23;15;7;2219;973;1246;898;440;458;1321;533;788
834;18;2044;540.0;507.0;33.0;0.0;0.0;22;15;7;2224;974;1250;898;441;457;1326;533;793
835;18;2045;541.0;508.0;33.0;0.0;0.0;22;15;7;2223;974;1249;897;442;455;1326;532;794
836;18;2046;542.0;509.0;33.0;0.0;0.0;22;15;7;2225;974;1251;897;443;454;1328;531;797
837;18;2047;543.0;509.0;33.0;0.0;0.0;21;14;7;2226;976;1250;895;443;452;1331;533;798
838;18;2048;543.0;509.0;33.0;0.0;0.0;21;14;7;2227;977;1250;894;443;451;1333;534;799
839;18;2049;542.0;509.0;33.0;0.0;0.0;20;14;6;2228;978;1250;892;443;449;1336;535;801
840;19;2008;1078.0;942.0;130.0;7.0;0.0;52;35;16;3328;1322;2006;1627;769;858;1701;554;1148
841;19;2009;1099.0;983.0;112.0;4.0;0.0;53;36;16;3088;1241;1847;1690;805;886;1398;436;961
842;19;2010;1078.0;970.0;105.0;3.0;0.0;52;35;16;3086;1242;1844;1646;781;865;1440;461;979
843;19;2011;1056.0;950.0;104.0;2.0;0.0;50;34;16;3129;1272;1857;1599;765;835;1530;507;1023
844;19;2012;1059.0;952.0;106.0;2.0;0.0;49;33;15;3133;1283;1850;1544;737;807;1589;546;1043
845;19;2013;1076.0;964.0;111.0;1.0;0.0;48;33;15;3134;1295;1839;1505;722;783;1629;573;1056
846;19;2014;1044.0;941.0;103.0;0.0;0.0;46;31;14;3128;1300;1828;1441;695;746;1687;605;1082
847;19;2015;1035.0;935.0;100.0;0.0;0.0;45;31;14;3121;1302;1819;1428;692;736;1693;610;1083
848;19;2016;1053.0;952.0;102.0;0.0;0.0;44;30;14;3127;1308;1819;1415;684;731;1712;624;1088
849;19;2017;1083.0;979.0;105.0;0.0;0.0;45;31;14;3124;1309;1815;1416;691;725;1708;618;1090
850;19;2018;1090.0;984.0;106.0;0.0;0.0;44;31;14;3123;1311;1812;1412;688;724;1711;623;1088
851;19;2019;1117.0;1009.0;108.0;0.0;0.0;44;31;14;3124;1313;1811;1423;695;728;1701;618;1083
852;19;2020;1098.0;992.0;106.0;0.0;0.0;43;30;13;3122;1311;1811;1397;682;715;1725;629;1096
853;19;2021;1088.0;983.0;105.0;0.0;0.0;42;29;13;3117;1311;1806;1392;681;711;1725;630;1095
854;19;2022;1083.0;978.0;105.0;0.0;0.0;41;28;13;3118;1309;1809;1391;681;710;1727;628;1099
855;19;2023;1052.0;950.0;102.0;0.0;0.0;39;27;12;3116;1309;1807;1365;668;697;1751;641;1110
856;19;2024;1020.0;921.0;99.0;0.0;0.0;37;26;11;3120;1310;1810;1350;662;689;1770;648;1121
857;19;2025;1007.0;909.0;98.0;0.0;0.0;36;25;11;3118;1309;1809;1343;658;685;1775;651;1124
858;19;2026;996.0;900.0;97.0;0.0;0.0;35;24;11;3115;1307;1808;1319;645;675;1796;662;1133
859;19;2027;1016.0;917.0;98.0;0.0;0.0;35;24;11;3114;1307;1807;1324;651;674;1790;656;1133
860;19;2028;997.0;900.0;97.0;0.0;0.0;34;23;10;3116;1308;1808;1302;641;661;1814;667;1147
861;19;2029;985.0;889.0;95.0;0.0;0.0;32;22;10;3116;1307;1809;1287;634;653;1829;673;1156
862;19;2030;982.0;887.0;95.0;0.0;0.0;32;22;10;3117;1309;1808;1280;631;648;1837;678;1160
863;19;2031;982.0;887.0;95.0;0.0;0.0;31;22;10;3118;1310;1808;1275;630;645;1843;680;1163
864;19;2032;984.0;889.0;95.0;0.0;0.0;31;21;9;3120;1310;1810;1272;630;643;1848;680;1167
865;19;2033;984.0;888.0;95.0;0.0;0.0;30;21;9;3121;1310;1811;1269;629;640;1852;681;1171
866;19;2034;987.0;891.0;96.0;0.0;0.0;30;21;9;3121;1310;1811;1267;628;639;1854;682;1172
867;19;2035;991.0;895.0;96.0;0.0;0.0;29;20;9;3122;1312;1810;1267;629;638;1855;683;1172
868;19;2036;996.0;900.0;97.0;0.0;0.0;29;20;9;3122;1313;1809;1266;629;637;1856;684;1172
869;19;2037;1002.0;905.0;97.0;0.0;0.0;29;20;9;3124;1314;1810;1266;630;636;1858;684;1174
870;19;2038;1008.0;910.0;98.0;0.0;0.0;28;20;9;3123;1312;1811;1266;631;635;1857;681;1176
871;19;2039;1014.0;915.0;98.0;0.0;0.0;28;19;9;3125;1313;1812;1266;632;634;1859;681;1178
872;19;2040;1019.0;920.0;99.0;0.0;0.0;28;19;9;3126;1315;1811;1266;633;633;1860;682;1178
873;19;2041;1024.0;925.0;99.0;0.0;0.0;27;19;8;3126;1314;1812;1267;634;633;1859;680;1179
874;19;2042;1029.0;929.0;100.0;0.0;0.0;27;19;8;3129;1315;1814;1266;635;631;1863;681;1183
875;19;2043;1032.0;932.0;100.0;0.0;0.0;27;18;8;3128;1314;1814;1265;635;630;1863;679;1184
876;19;2044;1035.0;935.0;100.0;0.0;0.0;26;18;8;3127;1315;1812;1263;635;628;1864;680;1184
877;19;2045;1038.0;937.0;101.0;0.0;0.0;26;18;8;3128;1315;1813;1262;635;627;1867;680;1186
878;19;2046;1040.0;939.0;101.0;0.0;0.0;26;18;8;3128;1316;1812;1260;635;625;1868;681;1187
879;19;2047;1041.0;941.0;101.0;0.0;0.0;25;17;8;3125;1312;1813;1259;635;624;1866;677;1189
880;19;2048;1042.0;941.0;101.0;0.0;0.0;25;17;8;3125;1313;1812;1256;635;622;1869;678;1190
881;19;2049;1042.0;941.0;101.0;0.0;0.0;24;17;8;3124;1312;1812;1252;633;619;1872;679;1193
882;20;2008;1985.0;1691.0;271.0;23.0;0.0;57;39;17;4138;1586;2552;1975;919;1056;2163;667;1496
883;20;2009;1803.0;1535.0;251.0;17.0;0.0;56;39;17;3774;1462;2312;2044;951;1093;1730;511;1219
884;20;2010;1843.0;1576.0;251.0;16.0;0.0;58;40;18;3750;1461;2289;2076;977;1099;1674;484;1190
885;20;2011;1848.0;1586.0;247.0;15.0;0.0;56;39;17;3772;1483;2289;2009;943;1066;1763;540;1223
886;20;2012;1854.0;1588.0;251.0;15.0;0.0;55;38;17;3759;1491;2268;1945;921;1024;1814;570;1244
887;20;2013;1880.0;1613.0;253.0;14.0;0.0;53;37;16;3752;1503;2249;1877;889;989;1875;614;1260
888;20;2014;1845.0;1587.0;247.0;11.0;0.0;53;37;16;3737;1507;2230;1832;871;960;1905;636;1270
889;20;2015;1800.0;1554.0;238.0;9.0;0.0;51;35;15;3736;1510;2226;1766;845;921;1970;665;1305
890;20;2016;1792.0;1547.0;236.0;8.0;0.0;50;35;15;3749;1517;2232;1764;849;915;1985;668;1317
891;20;2017;1829.0;1579.0;241.0;8.0;0.0;49;34;15;3755;1522;2233;1758;845;913;1997;677;1320
892;20;2018;1877.0;1621.0;248.0;8.0;0.0;50;35;15;3761;1525;2236;1760;853;907;2001;672;1329
893;20;2019;1879.0;1622.0;249.0;8.0;0.0;49;34;15;3765;1527;2238;1756;850;906;2009;677;1332
894;20;2020;1930.0;1667.0;255.0;8.0;0.0;50;34;15;3766;1528;2238;1769;859;910;1997;669;1328
895;20;2021;1899.0;1640.0;251.0;8.0;0.0;48;33;15;3766;1528;2238;1743;847;896;2023;681;1342
896;20;2022;1882.0;1626.0;249.0;7.0;0.0;47;33;14;3764;1527;2237;1739;849;890;2025;678;1347
897;20;2023;1872.0;1617.0;248.0;7.0;0.0;46;32;14;3767;1528;2239;1737;849;888;2030;679;1351
898;20;2024;1819.0;1571.0;241.0;7.0;0.0;44;30;13;3767;1528;2239;1709;836;874;2058;692;1365
899;20;2025;1764.0;1524.0;233.0;7.0;0.0;42;29;13;3769;1529;2240;1694;829;864;2075;700;1376
900;20;2026;1742.0;1505.0;231.0;6.0;0.0;40;28;12;3768;1527;2241;1687;827;860;2081;700;1381
901;20;2027;1724.0;1490.0;228.0;6.0;0.0;39;27;12;3769;1526;2243;1662;814;849;2107;712;1394
902;20;2028;1757.0;1519.0;233.0;6.0;0.0;39;27;12;3769;1527;2242;1668;820;848;2101;707;1394
903;20;2029;1725.0;1491.0;228.0;6.0;0.0;38;26;12;3772;1528;2244;1644;811;833;2128;717;1411
904;20;2030;1704.0;1473.0;226.0;6.0;0.0;37;26;11;3771;1528;2243;1628;804;824;2143;724;1419
905;20;2031;1700.0;1469.0;225.0;6.0;0.0;36;25;11;3775;1530;2245;1622;802;820;2153;728;1425
906;20;2032;1699.0;1469.0;225.0;6.0;0.0;36;25;11;3776;1529;2247;1619;802;817;2157;727;1430
907;20;2033;1703.0;1472.0;225.0;6.0;0.0;35;25;11;3779;1532;2247;1617;802;814;2162;730;1433
908;20;2034;1703.0;1472.0;225.0;6.0;0.0;35;24;11;3778;1531;2247;1614;802;812;2164;729;1435
909;20;2035;1708.0;1476.0;226.0;6.0;0.0;34;24;10;3783;1534;2249;1614;803;811;2169;731;1438
910;20;2036;1716.0;1483.0;227.0;6.0;0.0;34;24;10;3785;1534;2251;1615;805;810;2170;729;1441
911;20;2037;1724.0;1491.0;228.0;6.0;0.0;33;23;10;3787;1535;2252;1617;807;809;2170;728;1443
912;20;2038;1734.0;1499.0;230.0;6.0;0.0;33;23;10;3788;1535;2253;1619;809;809;2169;726;1444
913;20;2039;1744.0;1507.0;231.0;6.0;0.0;33;23;10;3790;1536;2254;1621;812;808;2169;724;1446
914;20;2040;1754.0;1516.0;232.0;6.0;0.0;32;23;10;3791;1537;2254;1624;815;809;2167;722;1445
915;20;2041;1764.0;1524.0;233.0;6.0;0.0;32;22;10;3793;1537;2256;1627;818;809;2166;719;1447
916;20;2042;1772.0;1532.0;235.0;6.0;0.0;32;22;10;3796;1539;2257;1628;820;808;2168;719;1449
917;20;2043;1780.0;1538.0;236.0;6.0;0.0;31;22;10;3798;1540;2258;1629;822;808;2169;718;1450
918;20;2044;1786.0;1544.0;236.0;6.0;0.0;31;22;9;3799;1540;2259;1632;825;807;2167;715;1452
919;20;2045;1791.0;1548.0;237.0;6.0;0.0;31;21;9;3800;1540;2260;1632;826;806;2168;714;1454
920;20;2046;1795.0;1552.0;238.0;6.0;0.0;30;21;9;3798;1538;2260;1633;828;805;2165;710;1455
921;20;2047;1799.0;1555.0;238.0;6.0;0.0;30;21;9;3800;1539;2261;1634;829;804;2166;710;1457
922;20;2048;1802.0;1557.0;239.0;6.0;0.0;29;21;9;3800;1539;2261;1633;830;802;2167;709;1459
923;20;2049;1803.0;1559.0;239.0;6.0;0.0;29;20;9;3800;1540;2260;1633;832;801;2167;708;1459
924;21;2008;2887.0;2339.0;480.0;58.0;10.0;61;43;18;4830;1861;2969;2605;1197;1408;2225;664;1561
925;21;2009;2546.0;2041.0;448.0;50.0;8.0;60;42;18;4378;1706;2672;2689;1232;1457;1689;474;1215
926;21;2010;2565.0;2059.0;447.0;50.0;9.0;60;42;18;4326;1694;2632;2707;1244;1463;1619;450;1169
927;21;2011;2639.0;2125.0;454.0;50.0;10.0;61;43;18;4340;1716;2624;2712;1259;1453;1628;457;1171
928;21;2012;2687.0;2168.0;461.0;48.0;10.0;60;42;18;4335;1729;2606;2617;1212;1405;1718;517;1201
929;21;2013;2709.0;2190.0;460.0;47.0;11.0;59;41;18;4323;1740;2583;2532;1182;1350;1791;558;1233
930;21;2014;2631.0;2128.0;448.0;43.0;11.0;57;40;17;4299;1737;2562;2445;1144;1301;1854;593;1261
931;21;2015;2636.0;2139.0;445.0;41.0;11.0;57;40;17;4300;1742;2558;2395;1127;1267;1905;615;1291
932;21;2016;2576.0;2093.0;433.0;40.0;11.0;54;38;16;4314;1748;2566;2332;1103;1228;1982;645;1338
933;21;2017;2566.0;2085.0;431.0;39.0;11.0;54;38;16;4326;1753;2573;2337;1113;1224;1989;640;1349
934;21;2018;2612.0;2122.0;439.0;39.0;11.0;53;37;16;4335;1757;2578;2329;1108;1221;2006;649;1357
935;21;2019;2668.0;2167.0;449.0;40.0;12.0;54;38;16;4341;1759;2582;2329;1116;1212;2012;643;1370
936;21;2020;2683.0;2180.0;451.0;40.0;12.0;54;38;16;4344;1760;2584;2322;1114;1209;2022;646;1375
937;21;2021;2755.0;2239.0;463.0;41.0;12.0;54;38;16;4343;1759;2584;2336;1123;1213;2007;636;1371
938;21;2022;2711.0;2203.0;456.0;40.0;12.0;52;37;16;4345;1760;2585;2304;1109;1195;2041;651;1390
939;21;2023;2686.0;2183.0;452.0;39.0;12.0;51;36;15;4348;1762;2586;2297;1110;1187;2051;652;1399
940;21;2024;2671.0;2171.0;450.0;39.0;12.0;50;35;15;4352;1764;2588;2296;1111;1185;2056;653;1403
941;21;2025;2598.0;2112.0;437.0;38.0;12.0;48;33;14;4356;1766;2590;2261;1095;1167;2095;671;1423
942;21;2026;2522.0;2050.0;424.0;37.0;11.0;46;32;14;4355;1765;2590;2243;1088;1155;2112;677;1435
943;21;2027;2491.0;2025.0;419.0;36.0;11.0;45;31;13;4354;1764;2590;2235;1085;1150;2119;679;1440
944;21;2028;2466.0;2005.0;415.0;36.0;11.0;43;30;13;4360;1767;2593;2205;1069;1136;2155;698;1457
945;21;2029;2513.0;2043.0;423.0;36.0;11.0;44;30;13;4364;1768;2596;2208;1076;1132;2156;692;1464
946;21;2030;2468.0;2006.0;415.0;35.0;11.0;42;29;13;4365;1768;2597;2179;1064;1115;2186;704;1482
947;21;2031;2439.0;1983.0;411.0;35.0;11.0;41;29;12;4370;1771;2599;2160;1055;1104;2210;716;1495
948;21;2032;2433.0;1978.0;410.0;35.0;11.0;40;28;12;4371;1772;2599;2151;1053;1098;2220;719;1501
949;21;2033;2432.0;1978.0;409.0;35.0;11.0;40;28;12;4378;1775;2603;2146;1052;1094;2232;723;1509
950;21;2034;2438.0;1982.0;410.0;35.0;11.0;39;27;12;4379;1774;2605;2143;1053;1090;2236;721;1515
951;21;2035;2438.0;1982.0;410.0;35.0;11.0;39;27;12;4383;1776;2607;2137;1051;1087;2246;725;1520
952;21;2036;2445.0;1988.0;412.0;35.0;11.0;38;27;11;4385;1777;2608;2137;1052;1085;2248;725;1523
953;21;2037;2456.0;1997.0;413.0;35.0;11.0;38;26;11;4391;1779;2612;2137;1054;1083;2254;725;1529
954;21;2038;2468.0;2007.0;415.0;35.0;11.0;38;26;11;4392;1779;2613;2137;1055;1082;2255;724;1531
955;21;2039;2482.0;2018.0;418.0;35.0;11.0;37;26;11;4392;1780;2612;2138;1058;1081;2254;722;1531
956;21;2040;2495.0;2029.0;420.0;35.0;11.0;37;26;11;4395;1783;2612;2140;1060;1080;2255;723;1532
957;21;2041;2510.0;2041.0;423.0;35.0;11.0;36;25;11;4398;1783;2615;2142;1063;1079;2256;720;1536
958;21;2042;2523.0;2052.0;425.0;36.0;11.0;36;25;11;4401;1784;2617;2145;1066;1079;2256;718;1538
959;21;2043;2536.0;2062.0;427.0;36.0;11.0;36;25;11;4407;1787;2620;2146;1068;1077;2261;719;1543
960;21;2044;2547.0;2071.0;429.0;36.0;11.0;36;25;11;4408;1788;2620;2147;1071;1076;2261;717;1544
961;21;2045;2555.0;2077.0;430.0;36.0;11.0;35;25;11;4412;1790;2622;2148;1073;1075;2264;717;1547
962;21;2046;2562.0;2083.0;431.0;36.0;11.0;35;24;10;4413;1790;2623;2149;1075;1074;2264;715;1549
963;21;2047;2569.0;2089.0;432.0;36.0;11.0;34;24;10;4414;1789;2625;2149;1076;1073;2265;713;1552
964;21;2048;2574.0;2093.0;433.0;36.0;11.0;34;24;10;4414;1789;2625;2149;1078;1071;2265;711;1554
965;21;2049;2578.0;2096.0;434.0;36.0;11.0;33;23;10;4418;1791;2627;2149;1080;1070;2269;711;1557
966;22;2008;3868.0;2930.0;806.0;115.0;17.0;63;44;19;5427;2189;3238;3197;1458;1739;2230;731;1499
967;22;2009;3448.0;2554.0;776.0;102.0;15.0;62;44;19;4906;1996;2910;3332;1496;1837;1574;500;1073
968;22;2010;3456.0;2577.0;764.0;98.0;16.0;61;43;18;4831;1977;2854;3345;1500;1844;1486;477;1010
969;22;2011;3519.0;2630.0;776.0;95.0;18.0;61;43;18;4838;1996;2842;3318;1493;1825;1520;503;1017
970;22;2012;3666.0;2744.0;804.0;99.0;20.0;63;44;19;4830;2010;2820;3297;1498;1799;1533;512;1021
971;22;2013;3735.0;2808.0;810.0;97.0;20.0;62;43;19;4814;2019;2795;3179;1442;1737;1635;577;1058
972;22;2014;3608.0;2710.0;790.0;89.0;20.0;61;43;18;4792;2019;2773;3072;1404;1669;1720;615;1104
973;22;2015;3592.0;2708.0;780.0;83.0;20.0;59;41;18;4788;2020;2768;2976;1364;1612;1812;656;1156
974;22;2016;3608.0;2722.0;783.0;83.0;20.0;59;41;18;4805;2027;2778;2936;1354;1582;1869;673;1196
975;22;2017;3529.0;2664.0;764.0;81.0;20.0;57;40;17;4821;2036;2785;2872;1330;1542;1949;706;1243
976;22;2018;3506.0;2647.0;760.0;80.0;20.0;56;39;17;4830;2040;2790;2876;1340;1536;1954;700;1254
977;22;2019;3555.0;2682.0;772.0;81.0;20.0;55;39;17;4838;2042;2796;2862;1333;1530;1976;709;1266
978;22;2020;3647.0;2752.0;791.0;83.0;21.0;56;39;17;4843;2045;2798;2860;1342;1518;1983;703;1280
979;22;2021;3667.0;2768.0;795.0;83.0;21.0;56;39;17;4838;2044;2794;2850;1339;1512;1988;705;1282
980;22;2022;3762.0;2840.0;816.0;85.0;22.0;56;39;17;4840;2045;2795;2861;1346;1515;1979;699;1280
981;22;2023;3701.0;2794.0;803.0;83.0;21.0;55;38;16;4841;2045;2796;2824;1330;1494;2017;715;1302
982;22;2024;3668.0;2768.0;796.0;82.0;21.0;54;38;16;4845;2047;2798;2813;1330;1482;2032;717;1316
983;22;2025;3651.0;2756.0;792.0;82.0;21.0;53;37;16;4846;2048;2798;2808;1329;1478;2038;719;1320
984;22;2026;3553.0;2682.0;771.0;79.0;20.0;50;35;15;4846;2048;2798;2766;1309;1457;2080;739;1341
985;22;2027;3449.0;2604.0;749.0;77.0;20.0;48;34;15;4849;2048;2801;2742;1299;1443;2107;749;1358
986;22;2028;3408.0;2573.0;740.0;76.0;20.0;47;33;14;4848;2048;2800;2729;1295;1435;2119;753;1365
987;22;2029;3375.0;2548.0;733.0;75.0;19.0;46;32;14;4852;2051;2801;2694;1276;1418;2158;775;1383
988;22;2030;3439.0;2596.0;746.0;76.0;20.0;46;32;14;4855;2052;2803;2695;1282;1413;2160;770;1390
989;22;2031;3379.0;2551.0;733.0;75.0;19.0;45;31;14;4854;2054;2800;2661;1268;1393;2193;786;1407
990;22;2032;3341.0;2522.0;725.0;74.0;19.0;44;31;13;4860;2055;2805;2638;1257;1380;2222;798;1425
991;22;2033;3333.0;2517.0;724.0;74.0;19.0;43;30;13;4861;2056;2805;2625;1254;1372;2236;802;1433
992;22;2034;3332.0;2516.0;723.0;74.0;19.0;43;30;13;4863;2057;2806;2617;1251;1366;2246;806;1440
993;22;2035;3340.0;2522.0;725.0;74.0;19.0;42;29;13;4864;2058;2806;2610;1250;1361;2254;808;1445
994;22;2036;3340.0;2522.0;725.0;74.0;19.0;42;29;13;4864;2058;2806;2604;1247;1356;2260;811;1450
995;22;2037;3350.0;2530.0;727.0;74.0;19.0;41;29;12;4863;2058;2805;2601;1248;1353;2262;810;1452
996;22;2038;3364.0;2541.0;730.0;74.0;19.0;41;29;12;4865;2059;2806;2599;1249;1351;2266;810;1455
997;22;2039;3381.0;2553.0;734.0;75.0;19.0;41;28;12;4870;2061;2809;2598;1249;1348;2273;812;1461
998;22;2040;3399.0;2567.0;738.0;75.0;20.0;40;28;12;4873;2064;2809;2596;1251;1346;2277;813;1463
999;22;2041;3418.0;2581.0;742.0;75.0;20.0;40;28;12;4874;2064;2810;2597;1252;1345;2277;812;1465
1000;22;2042;3438.0;2596.0;746.0;76.0;20.0;40;28;12;4875;2065;2810;2597;1254;1343;2278;811;1467
1001;22;2043;3456.0;2610.0;750.0;76.0;20.0;39;27;12;4875;2065;2810;2599;1257;1342;2276;808;1468
1002;22;2044;3473.0;2623.0;754.0;76.0;20.0;39;27;12;4879;2069;2810;2599;1259;1341;2280;810;1469
1003;22;2045;3487.0;2633.0;757.0;77.0;20.0;39;27;12;4879;2068;2811;2600;1260;1340;2279;808;1471
1004;22;2046;3499.0;2642.0;760.0;77.0;20.0;38;27;12;4878;2068;2810;2599;1262;1338;2279;806;1472
1005;22;2047;3509.0;2650.0;762.0;77.0;20.0;38;26;12;4878;2069;2809;2600;1263;1337;2278;806;1472
1006;22;2048;3517.0;2656.0;764.0;77.0;20.0;38;26;11;4877;2068;2809;2598;1263;1335;2279;805;1474
1007;22;2049;3524.0;2661.0;765.0;78.0;20.0;37;26;11;4876;2068;2808;2598;1265;1333;2278;803;1475
1008;23;2008;4170.0;2803.0;1146.0;192.0;29.0;62;43;18;5872;2523;3349;3686;1730;1956;2186;793;1393
1009;23;2009;4331.0;2981.0;1127.0;195.0;28.0;63;44;19;5289;2291;2998;3873;1821;2052;1416;470;946
1010;23;2010;4337.0;2989.0;1130.0;188.0;30.0;62;44;18;5194;2257;2937;3895;1813;2082;1299;444;855
1011;23;2011;4357.0;3002.0;1137.0;187.0;31.0;61;43;18;5203;2277;2926;3859;1795;2064;1344;482;862
1012;23;2012;4404.0;3032.0;1150.0;191.0;32.0;61;43;18;5190;2287;2903;3796;1769;2027;1394;518;876
1013;23;2013;4530.0;3116.0;1189.0;189.0;35.0;63;44;19;5171;2299;2872;3754;1764;1990;1417;535;882
1014;23;2014;4553.0;3150.0;1183.0;186.0;35.0;62;43;18;5144;2297;2847;3620;1699;1921;1524;598;926
1015;23;2015;4487.0;3109.0;1164.0;179.0;34.0;60;42;18;5147;2302;2845;3510;1658;1852;1637;644;993
1016;23;2016;4464.0;3093.0;1159.0;178.0;34.0;59;42;18;5170;2311;2859;3426;1621;1805;1744;690;1054
1017;23;2017;4473.0;3099.0;1161.0;178.0;35.0;59;41;17;5188;2321;2867;3395;1613;1782;1793;708;1085
1018;23;2018;4369.0;3028.0;1135.0;173.0;34.0;57;40;17;5198;2325;2873;3323;1582;1741;1875;743;1132
1019;23;2019;4343.0;3010.0;1127.0;172.0;34.0;56;39;17;5206;2331;2875;3321;1588;1733;1885;743;1142
1020;23;2020;4414.0;3059.0;1146.0;175.0;35.0;55;39;17;5204;2330;2874;3303;1575;1728;1901;755;1146
1021;23;2021;4525.0;3136.0;1175.0;179.0;36.0;56;39;17;5202;2329;2873;3302;1585;1717;1900;744;1156
1022;23;2022;4546.0;3151.0;1180.0;179.0;36.0;56;39;17;5201;2329;2872;3287;1579;1708;1914;750;1164
1023;23;2023;4662.0;3231.0;1211.0;184.0;37.0;56;39;17;5203;2332;2871;3297;1585;1712;1906;747;1159
1024;23;2024;4590.0;3182.0;1192.0;181.0;36.0;55;38;16;5199;2329;2870;3251;1563;1688;1948;766;1182
1025;23;2025;4551.0;3154.0;1182.0;179.0;36.0;54;38;16;5199;2330;2869;3234;1558;1676;1965;772;1193
1026;23;2026;4529.0;3139.0;1176.0;178.0;36.0;53;37;16;5196;2330;2866;3222;1552;1670;1974;778;1196
1027;23;2027;4410.0;3057.0;1145.0;173.0;35.0;50;35;15;5198;2332;2866;3171;1525;1646;2027;807;1220
1028;23;2028;4284.0;2970.0;1113.0;168.0;34.0;48;34;14;5197;2330;2867;3136;1507;1629;2061;823;1238
1029;23;2029;4234.0;2935.0;1100.0;166.0;33.0;47;33;14;5195;2330;2865;3117;1498;1619;2078;832;1246
1030;23;2030;4195.0;2908.0;1090.0;164.0;33.0;46;32;14;5194;2330;2864;3075;1474;1601;2119;856;1263
1031;23;2031;4273.0;2962.0;1110.0;167.0;34.0;46;33;14;5194;2330;2864;3078;1480;1598;2116;850;1266
1032;23;2032;4200.0;2912.0;1091.0;164.0;33.0;45;31;14;5194;2331;2863;3037;1460;1577;2157;871;1286
1033;23;2033;4154.0;2880.0;1079.0;162.0;33.0;44;31;13;5194;2332;2862;3008;1446;1562;2186;886;1300
1034;23;2034;4145.0;2874.0;1077.0;162.0;33.0;43;30;13;5194;2332;2862;2992;1439;1554;2202;893;1309
1035;23;2035;4144.0;2873.0;1077.0;162.0;33.0;43;30;13;5195;2333;2862;2980;1433;1547;2215;900;1315
1036;23;2036;4154.0;2880.0;1079.0;162.0;33.0;42;30;13;5191;2332;2859;2970;1429;1541;2221;903;1318
1037;23;2037;4154.0;2880.0;1079.0;162.0;33.0;42;29;13;5190;2331;2859;2960;1423;1537;2230;908;1322
1038;23;2038;4167.0;2889.0;1082.0;163.0;33.0;41;29;12;5191;2333;2858;2954;1421;1533;2237;912;1325
1039;23;2039;4184.0;2901.0;1087.0;163.0;33.0;41;29;12;5189;2332;2857;2950;1419;1531;2239;913;1326
1040;23;2040;4205.0;2916.0;1092.0;164.0;33.0;41;28;12;5192;2335;2857;2945;1417;1528;2247;918;1329
1041;23;2041;4227.0;2931.0;1098.0;165.0;33.0;40;28;12;5184;2331;2853;2942;1416;1527;2242;915;1326
1042;23;2042;4250.0;2947.0;1104.0;166.0;34.0;40;28;12;5183;2332;2851;2940;1415;1525;2243;917;1326
1043;23;2043;4274.0;2964.0;1110.0;167.0;34.0;40;28;12;5183;2332;2851;2940;1415;1525;2243;917;1326
1044;23;2044;4297.0;2979.0;1116.0;167.0;34.0;40;28;12;5188;2335;2853;2938;1414;1524;2250;921;1329
1045;23;2045;4318.0;2994.0;1122.0;168.0;34.0;39;27;12;5187;2334;2853;2937;1414;1523;2250;920;1330
1046;23;2046;4335.0;3006.0;1126.0;169.0;34.0;39;27;12;5183;2332;2851;2935;1413;1522;2248;919;1329
1047;23;2047;4349.0;3016.0;1130.0;170.0;34.0;39;27;12;5182;2333;2849;2933;1413;1520;2249;920;1329
1048;23;2048;4362.0;3024.0;1133.0;170.0;34.0;38;27;12;5176;2330;2846;2930;1411;1519;2246;919;1327
1049;23;2049;4372.0;3031.0;1136.0;170.0;35.0;38;26;11;5176;2331;2845;2928;1410;1518;2248;921;1327
1050;24;2008;5168.0;3314.0;1549.0;257.0;48.0;62;44;18;6080;2748;3332;4002;1900;2103;2078;848;1229
1051;24;2009;5307.0;3450.0;1528.0;282.0;47.0;62;43;19;5461;2489;2972;4162;1971;2191;1299;518;781
1052;24;2010;5480.0;3604.0;1555.0;272.0;50.0;63;44;19;5357;2449;2908;4212;1999;2212;1145;450;696
1053;24;2011;5507.0;3622.0;1559.0;272.0;54.0;62;44;19;5355;2466;2889;4161;1960;2201;1194;506;688
1054;24;2012;5518.0;3628.0;1564.0;271.0;54.0;61;43;18;5351;2483;2868;4089;1926;2163;1262;557;705
1055;24;2013;5559.0;3651.0;1588.0;264.0;56.0;61;43;18;5326;2489;2837;4004;1890;2114;1322;599;723
1056;24;2014;5751.0;3793.0;1629.0;271.0;58.0;63;44;19;5301;2486;2815;3954;1880;2074;1347;606;741
1057;24;2015;5773.0;3820.0;1629.0;266.0;58.0;62;43;19;5304;2491;2813;3836;1823;2013;1468;668;800
1058;24;2016;5700.0;3771.0;1609.0;262.0;58.0;61;43;18;5332;2505;2827;3757;1798;1959;1575;707;868
1059;24;2017;5673.0;3753.0;1603.0;260.0;58.0;59;42;18;5353;2515;2838;3689;1768;1921;1664;747;917
1060;24;2018;5687.0;3761.0;1608.0;260.0;58.0;59;41;18;5365;2520;2845;3664;1761;1903;1701;759;942
1061;24;2019;5563.0;3680.0;1572.0;254.0;57.0;57;40;17;5372;2527;2845;3592;1730;1862;1780;797;983
1062;24;2020;5527.0;3656.0;1562.0;252.0;57.0;56;39;17;5373;2528;2845;3590;1737;1853;1783;791;992
1063;24;2021;5618.0;3716.0;1588.0;256.0;58.0;56;39;17;5369;2526;2843;3573;1725;1848;1796;801;995
1064;24;2022;5757.0;3808.0;1627.0;262.0;59.0;56;40;17;5366;2524;2842;3571;1733;1838;1795;791;1004
1065;24;2023;5785.0;3827.0;1635.0;263.0;60.0;56;39;17;5365;2524;2841;3555;1727;1828;1810;797;1013
1066;24;2024;5931.0;3924.0;1677.0;270.0;61.0;57;39;17;5364;2524;2840;3566;1733;1832;1798;791;1008
1067;24;2025;5841.0;3865.0;1651.0;265.0;60.0;55;39;17;5361;2523;2838;3519;1713;1806;1842;810;1032
1068;24;2026;5792.0;3832.0;1638.0;263.0;60.0;54;38;16;5358;2523;2835;3500;1707;1793;1858;816;1042
1069;24;2027;5766.0;3815.0;1630.0;262.0;60.0;53;37;16;5356;2522;2834;3486;1701;1785;1870;821;1049
1070;24;2028;5617.0;3716.0;1588.0;255.0;58.0;51;35;15;5356;2522;2834;3433;1673;1760;1923;849;1074
1071;24;2029;5460.0;3612.0;1544.0;247.0;56.0;49;34;15;5353;2521;2832;3396;1656;1740;1957;865;1092
1072;24;2030;5397.0;3571.0;1526.0;244.0;56.0;48;33;14;5350;2519;2831;3376;1647;1729;1974;872;1102
1073;24;2031;5349.0;3539.0;1512.0;242.0;55.0;46;32;14;5348;2519;2829;3333;1623;1710;2015;896;1119
1074;24;2032;5447.0;3604.0;1540.0;246.0;56.0;47;33;14;5350;2521;2829;3338;1631;1708;2012;890;1121
1075;24;2033;5357.0;3544.0;1515.0;242.0;55.0;45;32;14;5346;2519;2827;3298;1611;1686;2048;908;1141
1076;24;2034;5299.0;3506.0;1498.0;240.0;55.0;44;31;13;5343;2519;2824;3269;1598;1671;2074;921;1153
1077;24;2035;5289.0;3499.0;1495.0;239.0;55.0;44;30;13;5339;2518;2821;3254;1591;1662;2085;927;1159
1078;24;2036;5288.0;3499.0;1495.0;239.0;55.0;43;30;13;5338;2518;2820;3240;1585;1655;2098;933;1165
1079;24;2037;5300.0;3507.0;1499.0;239.0;55.0;43;30;13;5336;2517;2819;3232;1582;1650;2104;935;1169
1080;24;2038;5301.0;3508.0;1499.0;239.0;55.0;42;29;13;5332;2515;2817;3222;1578;1644;2110;937;1173
1081;24;2039;5316.0;3518.0;1503.0;240.0;55.0;42;29;13;5333;2516;2817;3217;1576;1640;2116;940;1177
1082;24;2040;5339.0;3533.0;1510.0;241.0;55.0;41;29;12;5331;2516;2815;3212;1575;1637;2119;941;1178
1083;24;2041;5365.0;3550.0;1517.0;242.0;56.0;41;29;12;5328;2515;2813;3210;1575;1636;2118;940;1177
1084;24;2042;5393.0;3569.0;1525.0;244.0;56.0;41;28;12;5324;2512;2812;3208;1575;1633;2116;937;1179
1085;24;2043;5422.0;3588.0;1533.0;245.0;56.0;40;28;12;5324;2514;2810;3208;1576;1632;2116;938;1178
1086;24;2044;5453.0;3608.0;1542.0;246.0;56.0;40;28;12;5323;2513;2810;3208;1577;1631;2115;936;1179
1087;24;2045;5481.0;3627.0;1550.0;247.0;57.0;40;28;12;5321;2513;2808;3208;1577;1631;2113;936;1177
1088;24;2046;5507.0;3644.0;1557.0;249.0;57.0;39;28;12;5316;2511;2805;3209;1579;1630;2107;932;1175
1089;24;2047;5529.0;3659.0;1564.0;250.0;57.0;39;27;12;5313;2510;2803;3209;1580;1629;2104;930;1174
1090;24;2048;5547.0;3671.0;1569.0;250.0;57.0;39;27;12;5309;2509;2800;3209;1581;1628;2100;928;1172
1091;24;2049;5562.0;3681.0;1573.0;251.0;58.0;38;27;12;5307;2508;2799;3208;1581;1626;2099;927;1173
1092;25;2008;6407.0;3974.0;1974.0;390.0;68.0;61;42;18;6059;2836;3223;4099;2077;2021;1960;759;1202
1093;25;2009;6609.0;4189.0;1947.0;399.0;74.0;62;43;19;5438;2570;2868;4402;2251;2151;1036;319;717
1094;25;2010;6660.0;4225.0;1969.0;390.0;77.0;61;43;19;5330;2531;2799;4399;2240;2159;931;291;640
1095;25;2011;6905.0;4403.0;2033.0;390.0;78.0;62;43;19;5326;2546;2780;4364;2224;2141;962;322;639
1096;25;2012;6901.0;4411.0;2023.0;384.0;82.0;62;43;19;5316;2559;2757;4267;2162;2105;1049;397;652
1097;25;2013;6884.0;4388.0;2035.0;377.0;84.0;61;42;19;5294;2564;2730;4175;2115;2059;1119;449;671
1098;25;2014;6984.0;4476.0;2049.0;374.0;85.0;61;42;19;5275;2565;2710;4088;2075;2013;1187;490;697
1099;25;2015;7204.0;4629.0;2113.0;375.0;87.0;62;43;19;5277;2568;2709;4063;2078;1985;1214;490;724
1100;25;2016;7238.0;4655.0;2122.0;374.0;87.0;62;43;19;5300;2582;2718;3985;2038;1947;1315;544;771
1101;25;2017;7145.0;4596.0;2095.0;368.0;87.0;60;42;18;5323;2593;2730;3930;2020;1910;1393;573;820
1102;25;2018;7116.0;4575.0;2088.0;367.0;87.0;59;41;18;5337;2599;2738;3872;1991;1881;1465;608;857
1103;25;2019;7142.0;4591.0;2095.0;369.0;87.0;59;41;18;5344;2604;2740;3852;1984;1867;1492;620;873
1104;25;2020;6987.0;4492.0;2050.0;360.0;86.0;56;39;17;5345;2604;2741;3783;1952;1832;1562;652;909
1105;25;2021;6942.0;4464.0;2037.0;357.0;85.0;56;39;17;5339;2601;2738;3780;1957;1823;1559;644;915
1106;25;2022;7055.0;4536.0;2070.0;363.0;87.0;55;38;17;5339;2601;2738;3763;1943;1820;1576;658;918
1107;25;2023;7230.0;4648.0;2121.0;371.0;89.0;56;39;17;5338;2600;2738;3765;1953;1812;1573;647;926
1108;25;2024;7266.0;4672.0;2132.0;373.0;90.0;56;39;17;5336;2599;2737;3750;1947;1803;1586;652;934
1109;25;2025;7447.0;4788.0;2185.0;382.0;92.0;56;39;17;5333;2599;2734;3762;1953;1809;1571;646;925
1110;25;2026;7337.0;4717.0;2153.0;376.0;91.0;55;38;17;5330;2598;2732;3714;1930;1784;1616;668;948
1111;25;2027;7277.0;4679.0;2135.0;373.0;90.0;54;37;16;5328;2597;2731;3694;1922;1772;1634;675;959
1112;25;2028;7244.0;4658.0;2126.0;371.0;89.0;53;37;16;5325;2596;2729;3678;1914;1764;1647;682;965
1113;25;2029;7061.0;4540.0;2072.0;361.0;87.0;51;35;16;5322;2595;2727;3621;1882;1739;1701;713;988
1114;25;2030;6866.0;4415.0;2015.0;351.0;85.0;49;34;15;5322;2595;2727;3579;1860;1719;1743;735;1008
1115;25;2031;6789.0;4365.0;1992.0;347.0;84.0;48;33;15;5319;2594;2725;3558;1849;1709;1761;745;1016
1116;25;2032;6730.0;4328.0;1975.0;344.0;83.0;46;32;14;5315;2592;2723;3515;1823;1691;1800;769;1032
1117;25;2033;6852.0;4406.0;2011.0;350.0;85.0;47;32;14;5314;2592;2722;3524;1833;1691;1790;759;1031
1118;25;2034;6741.0;4335.0;1978.0;345.0;83.0;45;31;14;5309;2589;2720;3482;1811;1671;1827;778;1049
1119;25;2035;6670.0;4289.0;1958.0;341.0;82.0;44;31;14;5306;2590;2716;3453;1796;1658;1853;794;1058
1120;25;2036;6658.0;4281.0;1954.0;340.0;82.0;44;30;13;5304;2588;2716;3438;1789;1649;1866;799;1067
1121;25;2037;6657.0;4281.0;1954.0;340.0;82.0;43;30;13;5304;2588;2716;3425;1782;1643;1879;806;1073
1122;25;2038;6672.0;4291.0;1958.0;341.0;82.0;43;29;13;5300;2586;2714;3418;1779;1640;1882;807;1074
1123;25;2039;6674.0;4292.0;1959.0;341.0;82.0;42;29;13;5301;2588;2713;3407;1773;1634;1894;815;1079
1124;25;2040;6693.0;4305.0;1964.0;342.0;83.0;42;29;13;5298;2587;2711;3402;1771;1631;1896;816;1080
1125;25;2041;6722.0;4323.0;1973.0;343.0;83.0;41;29;13;5294;2584;2710;3399;1770;1629;1895;814;1081
1126;25;2042;6754.0;4344.0;1982.0;345.0;83.0;41;28;13;5292;2584;2708;3398;1769;1629;1894;815;1079
1127;25;2043;6789.0;4366.0;1993.0;347.0;84.0;41;28;13;5288;2583;2705;3396;1769;1627;1892;814;1078
1128;25;2044;6824.0;4389.0;2003.0;348.0;84.0;40;28;13;5285;2582;2703;3396;1770;1626;1889;812;1077
1129;25;2045;6863.0;4414.0;2014.0;350.0;85.0;40;28;12;5283;2580;2703;3397;1770;1627;1886;810;1076
1130;25;2046;6898.0;4436.0;2025.0;352.0;85.0;40;27;12;5278;2578;2700;3399;1772;1627;1879;806;1073
1131;25;2047;6931.0;4457.0;2034.0;354.0;86.0;39;27;12;5274;2578;2696;3399;1773;1627;1875;805;1069
1132;25;2048;6958.0;4475.0;2042.0;355.0;86.0;39;27;12;5273;2578;2695;3401;1774;1627;1872;804;1068
1133;25;2049;6980.0;4489.0;2049.0;356.0;86.0;39;27;12;5269;2574;2695;3401;1775;1626;1868;799;1069
1134;26;2008;7979.0;4752.0;2504.0;617.0;107.0;63;43;20;5773;2758;3015;3971;2067;1903;1802;691;1112
1135;26;2009;7996.0;4864.0;2425.0;593.0;113.0;62;42;20;5175;2494;2681;4167;2190;1977;1008;304;704
1136;26;2010;8110.0;4947.0;2465.0;578.0;119.0;63;43;20;5070;2453;2617;4295;2269;2026;775;184;591
1137;26;2011;8269.0;5046.0;2511.0;584.0;127.0;63;43;20;5065;2467;2598;4217;2215;2002;848;252;596
1138;26;2012;8517.0;5218.0;2573.0;595.0;131.0;63;43;20;5058;2482;2576;4145;2177;1968;913;305;608
1139;26;2013;8485.0;5189.0;2577.0;587.0;132.0;63;43;20;5035;2485;2550;4039;2114;1925;996;371;625
1140;26;2014;8502.0;5223.0;2568.0;578.0;133.0;62;42;20;5015;2483;2532;3956;2073;1883;1059;410;649
1141;26;2015;8614.0;5304.0;2598.0;578.0;134.0;62;42;20;5020;2488;2532;3901;2050;1851;1119;438;681
1142;26;2016;8904.0;5483.0;2685.0;597.0;139.0;64;44;20;5042;2501;2541;3919;2074;1845;1123;427;696
1143;26;2017;8941.0;5508.0;2695.0;598.0;140.0;63;43;20;5063;2512;2551;3874;2050;1824;1189;462;727
1144;26;2018;8832.0;5439.0;2664.0;590.0;139.0;62;42;20;5079;2521;2558;3834;2038;1796;1245;483;762
1145;26;2019;8804.0;5421.0;2656.0;588.0;139.0;60;41;19;5085;2523;2562;3790;2014;1776;1295;509;786
1146;26;2020;8834.0;5440.0;2665.0;590.0;140.0;60;41;19;5085;2523;2562;3780;2012;1768;1305;511;794
1147;26;2021;8647.0;5325.0;2609.0;577.0;137.0;58;39;18;5080;2521;2559;3722;1983;1739;1358;538;820
1148;26;2022;8592.0;5291.0;2592.0;573.0;136.0;57;39;18;5077;2519;2558;3720;1989;1730;1357;530;828
1149;26;2023;8731.0;5377.0;2634.0;582.0;138.0;57;38;18;5078;2520;2558;3709;1978;1731;1369;542;827
1150;26;2024;8946.0;5509.0;2699.0;596.0;142.0;58;39;18;5076;2520;2556;3718;1991;1726;1358;529;830
1151;26;2025;8991.0;5537.0;2713.0;599.0;143.0;57;39;18;5075;2518;2557;3707;1987;1719;1368;531;838
1152;26;2026;9212.0;5673.0;2780.0;613.0;146.0;58;39;18;5072;2517;2555;3722;1996;1726;1350;521;829
1153;26;2027;9079.0;5591.0;2740.0;604.0;144.0;56;38;18;5068;2515;2553;3681;1976;1705;1387;539;848
1154;26;2028;9006.0;5547.0;2718.0;599.0;143.0;55;38;18;5066;2515;2551;3664;1969;1695;1402;546;856
1155;26;2029;8967.0;5522.0;2706.0;596.0;142.0;54;37;17;5063;2513;2550;3652;1965;1687;1411;548;863
1156;26;2030;8743.0;5385.0;2638.0;581.0;139.0;52;35;17;5060;2511;2549;3600;1935;1665;1460;576;884
1157;26;2031;8506.0;5239.0;2567.0;565.0;135.0;50;34;16;5060;2511;2549;3561;1915;1646;1499;596;903
1158;26;2032;8412.0;5181.0;2539.0;559.0;134.0;49;33;16;5059;2512;2547;3543;1905;1637;1516;607;910
1159;26;2033;8341.0;5137.0;2517.0;554.0;133.0;47;32;15;5057;2511;2546;3505;1883;1622;1552;628;924
1160;26;2034;8491.0;5230.0;2562.0;564.0;135.0;48;33;15;5054;2508;2546;3520;1895;1625;1534;613;921
1161;26;2035;8356.0;5147.0;2522.0;555.0;133.0;46;32;15;5053;2509;2544;3484;1876;1608;1569;633;936
1162;26;2036;8270.0;5094.0;2496.0;549.0;131.0;45;31;15;5050;2508;2542;3459;1863;1596;1591;645;946
1163;26;2037;8255.0;5085.0;2491.0;548.0;131.0;45;30;14;5047;2507;2540;3448;1858;1590;1599;649;950
1164;26;2038;8255.0;5085.0;2491.0;548.0;131.0;44;30;14;5045;2506;2539;3439;1854;1586;1606;652;953
1165;26;2039;8274.0;5096.0;2497.0;549.0;131.0;44;30;14;5040;2502;2538;3436;1853;1583;1604;649;955
1166;26;2040;8276.0;5098.0;2498.0;549.0;132.0;43;29;14;5038;2501;2537;3430;1850;1580;1608;651;957
1167;26;2041;8300.0;5113.0;2505.0;551.0;132.0;43;29;14;5035;2500;2535;3428;1850;1578;1607;650;957
1168;26;2042;8335.0;5134.0;2515.0;553.0;132.0;42;29;14;5034;2499;2535;3430;1851;1578;1604;648;957
1169;26;2043;8375.0;5159.0;2528.0;556.0;133.0;42;29;14;5033;2499;2534;3432;1854;1578;1601;645;956
1170;26;2044;8417.0;5185.0;2540.0;558.0;134.0;42;28;13;5030;2497;2533;3435;1856;1579;1595;641;954
1171;26;2045;8460.0;5211.0;2553.0;561.0;134.0;41;28;13;5029;2498;2531;3439;1860;1580;1590;638;951
1172;26;2046;8508.0;5240.0;2568.0;564.0;135.0;41;28;13;5025;2495;2530;3445;1863;1582;1580;632;948
1173;26;2047;8550.0;5267.0;2581.0;567.0;136.0;41;28;13;5022;2493;2529;3450;1868;1583;1572;625;946
1174;26;2048;8590.0;5291.0;2593.0;570.0;137.0;41;27;13;5021;2494;2527;3455;1871;1584;1566;623;943
1175;26;2049;8624.0;5312.0;2603.0;572.0;137.0;40;27;13;5014;2491;2523;3460;1875;1585;1554;616;938
1176;27;2008;9954.0;5669.0;3272.0;845.0;168.0;69;46;23;5388;2614;2774;3949;2101;1848;1439;513;926
1177;27;2009;9696.0;5636.0;3119.0;779.0;163.0;66;44;22;4835;2363;2472;4190;2270;1920;645;93;552
1178;27;2010;9579.0;5584.0;3089.0;742.0;165.0;65;43;22;4738;2322;2416;4230;2299;1931;508;23;485
1179;27;2011;9786.0;5698.0;3163.0;752.0;173.0;66;44;22;4733;2334;2399;4270;2324;1946;463;10;453
1180;27;2012;9942.0;5791.0;3217.0;754.0;180.0;66;44;22;4726;2344;2382;4159;2250;1908;567;94;474
1181;27;2013;10215.0;5963.0;3294.0;769.0;188.0;66;44;22;4702;2346;2356;4076;2205;1872;626;142;484
1182;27;2014;10208.0;5984.0;3283.0;754.0;187.0;66;44;22;4679;2342;2337;3976;2147;1829;703;195;508
1183;27;2015;10215.0;5997.0;3287.0;745.0;186.0;65;43;22;4683;2348;2335;3915;2118;1796;768;230;539
1184;27;2016;10363.0;6085.0;3334.0;755.0;189.0;65;43;22;4702;2358;2344;3897;2116;1780;805;242;564
1185;27;2017;10705.0;6288.0;3443.0;778.0;196.0;67;45;22;4716;2367;2349;3938;2152;1786;778;215;563
1186;27;2018;10754.0;6317.0;3458.0;781.0;198.0;66;44;22;4727;2375;2352;3904;2132;1772;823;243;580
1187;27;2019;10632.0;6244.0;3420.0;772.0;196.0;65;43;21;4733;2378;2355;3869;2120;1749;864;258;606
1188;27;2020;10597.0;6223.0;3410.0;770.0;196.0;63;42;21;4735;2380;2355;3832;2098;1733;903;282;622
1189;27;2021;10634.0;6245.0;3421.0;772.0;196.0;63;42;21;4731;2377;2354;3824;2097;1727;907;280;627
1190;27;2022;10413.0;6115.0;3350.0;755.0;193.0;61;40;20;4727;2375;2352;3766;2065;1700;961;310;652
1191;27;2023;10348.0;6077.0;3329.0;750.0;192.0;60;40;20;4729;2375;2354;3762;2070;1693;967;305;661
1192;27;2024;10515.0;6175.0;3383.0;762.0;195.0;59;39;20;4727;2374;2353;3750;2057;1694;977;317;659
1193;27;2025;10772.0;6326.0;3466.0;780.0;200.0;60;40;20;4723;2372;2351;3764;2071;1693;959;301;658
1194;27;2026;10826.0;6358.0;3484.0;784.0;201.0;60;40;20;4722;2371;2351;3754;2067;1688;968;304;663
1195;27;2027;11090.0;6513.0;3569.0;803.0;206.0;60;40;20;4722;2371;2351;3770;2074;1696;952;297;655
1196;27;2028;10933.0;6421.0;3518.0;791.0;203.0;59;39;20;4721;2370;2351;3729;2053;1677;992;317;674
1197;27;2029;10846.0;6370.0;3490.0;785.0;201.0;58;39;19;4716;2366;2350;3711;2044;1666;1006;322;684
1198;27;2030;10800.0;6343.0;3475.0;781.0;200.0;57;38;19;4713;2366;2347;3696;2036;1660;1017;330;687
1199;27;2031;10535.0;6187.0;3390.0;762.0;195.0;55;36;18;4709;2362;2347;3641;2004;1638;1068;359;709
1200;27;2032;10254.0;6022.0;3300.0;742.0;190.0;52;35;17;4709;2362;2347;3599;1980;1619;1110;382;728
1201;27;2033;10142.0;5956.0;3264.0;733.0;188.0;51;34;17;4707;2361;2346;3580;1970;1610;1127;391;736
1202;27;2034;10058.0;5908.0;3237.0;727.0;187.0;50;33;17;4704;2360;2344;3542;1946;1597;1162;414;747
1203;27;2035;10237.0;6012.0;3294.0;740.0;190.0;50;33;17;4704;2361;2343;3559;1958;1601;1145;403;742
1204;27;2036;10078.0;5919.0;3243.0;728.0;187.0;49;32;16;4703;2362;2341;3523;1938;1585;1180;424;756
1205;27;2037;9976.0;5859.0;3210.0;721.0;185.0;48;32;16;4699;2359;2340;3497;1923;1574;1202;436;766
1206;27;2038;9958.0;5849.0;3205.0;720.0;185.0;47;31;16;4697;2357;2340;3486;1917;1568;1211;440;772
1207;27;2039;9958.0;5849.0;3205.0;720.0;185.0;46;31;16;4696;2356;2340;3478;1913;1565;1218;443;775
1208;27;2040;9981.0;5862.0;3212.0;721.0;185.0;46;31;15;4694;2355;2339;3474;1910;1564;1220;445;775
1209;27;2041;9984.0;5864.0;3213.0;721.0;185.0;45;30;15;4692;2353;2339;3468;1907;1561;1224;446;778
1210;27;2042;10013.0;5881.0;3222.0;723.0;186.0;45;30;15;4689;2351;2338;3467;1906;1561;1222;445;777
1211;27;2043;10054.0;5905.0;3236.0;726.0;187.0;45;30;15;4685;2349;2336;3467;1907;1561;1218;442;775
1212;27;2044;10102.0;5933.0;3251.0;730.0;187.0;44;29;15;4685;2349;2336;3470;1909;1562;1215;440;774
1213;27;2045;10152.0;5963.0;3267.0;733.0;188.0;44;29;15;4683;2348;2335;3473;1910;1564;1210;438;771
1214;27;2046;10204.0;5993.0;3284.0;737.0;189.0;44;29;15;4682;2348;2334;3478;1913;1565;1204;435;769
1215;27;2047;10260.0;6026.0;3302.0;741.0;190.0;43;29;15;4678;2345;2333;3483;1916;1567;1195;429;766
1216;27;2048;10311.0;6056.0;3318.0;745.0;191.0;43;29;14;4674;2343;2331;3487;1919;1568;1187;424;763
1217;27;2049;10358.0;6084.0;3334.0;748.0;192.0;43;28;14;4673;2343;2330;3493;1922;1571;1180;421;759
1218;28;2008;11853.0;6429.0;4086.0;1095.0;242.0;74;48;26;5020;2498;2522;3874;2065;1809;1146;433;713
1219;28;2009;11712.0;6439.0;3993.0;1038.0;242.0;72;47;25;4511;2261;2250;4090;2202;1888;421;59;362
1220;28;2010;11323.0;6254.0;3865.0;962.0;242.0;70;45;24;4424;2225;2199;4186;2282;1904;238;-57;295
1221;28;2011;11244.0;6214.0;3835.0;950.0;245.0;68;44;24;4416;2235;2181;4151;2262;1889;265;-27;292
1222;28;2012;11464.0;6338.0;3907.0;966.0;253.0;69;45;24;4404;2241;2163;4144;2258;1886;260;-17;277
1223;28;2013;11682.0;6465.0;3980.0;974.0;263.0;69;45;24;4384;2244;2140;4024;2179;1845;360;65;295
1224;28;2014;11979.0;6651.0;4076.0;984.0;268.0;70;45;24;4362;2240;2122;3945;2136;1809;417;104;313
1225;28;2015;11973.0;6658.0;4072.0;975.0;267.0;69;45;24;4361;2241;2120;3870;2096;1774;491;145;346
1226;28;2016;12003.0;6673.0;4084.0;977.0;270.0;69;45;24;4374;2249;2125;3843;2089;1754;531;160;371
1227;28;2017;12177.0;6774.0;4139.0;990.0;273.0;68;45;24;4391;2258;2133;3845;2097;1748;546;161;385
1228;28;2018;12583.0;6999.0;4278.0;1022.0;283.0;70;46;24;4401;2264;2137;3890;2133;1757;511;131;380
1229;28;2019;12639.0;7029.0;4299.0;1026.0;285.0;69;45;24;4403;2267;2136;3863;2116;1747;540;151;389
1230;28;2020;12498.0;6950.0;4252.0;1014.0;282.0;68;44;24;4408;2270;2138;3836;2108;1728;572;162;410
1231;28;2021;12460.0;6929.0;4239.0;1011.0;282.0;67;43;23;4402;2265;2137;3802;2089;1713;600;176;424
1232;28;2022;12504.0;6954.0;4253.0;1014.0;283.0;66;43;23;4404;2267;2137;3796;2087;1709;608;180;428
1233;28;2023;12249.0;6812.0;4167.0;993.0;277.0;64;41;22;4401;2265;2136;3740;2058;1683;661;207;453
1234;28;2024;12174.0;6770.0;4142.0;986.0;276.0;63;41;22;4400;2265;2135;3736;2060;1675;664;205;460
1235;28;2025;12369.0;6878.0;4208.0;1002.0;280.0;62;41;22;4398;2265;2133;3727;2049;1678;671;216;455
1236;28;2026;12669.0;7045.0;4310.0;1026.0;287.0;63;41;22;4397;2263;2134;3741;2062;1679;656;201;455
1237;28;2027;12733.0;7081.0;4332.0;1031.0;289.0;63;41;22;4394;2261;2133;3733;2058;1675;661;203;458
1238;28;2028;13041.0;7252.0;4437.0;1056.0;296.0;64;41;22;4392;2259;2133;3748;2065;1683;644;194;450
1239;28;2029;12859.0;7151.0;4375.0;1041.0;292.0;62;40;22;4392;2259;2133;3710;2046;1665;682;213;468
1240;28;2030;12759.0;7096.0;4341.0;1032.0;290.0;61;40;21;4390;2258;2132;3692;2037;1656;698;221;476
1241;28;2031;12706.0;7066.0;4323.0;1028.0;288.0;60;39;21;4388;2255;2133;3679;2030;1649;709;225;484
1242;28;2032;12398.0;6895.0;4219.0;1003.0;281.0;57;37;20;4387;2256;2131;3627;1999;1628;760;257;503
1243;28;2033;12071.0;6713.0;4107.0;976.0;274.0;55;36;19;4383;2253;2130;3587;1977;1609;796;276;521
1244;28;2034;11941.0;6641.0;4063.0;966.0;271.0;54;35;19;4381;2252;2129;3567;1967;1600;814;285;529
1245;28;2035;11845.0;6588.0;4031.0;958.0;269.0;52;34;18;4381;2251;2130;3533;1944;1588;848;307;542
1246;28;2036;12053.0;6704.0;4101.0;975.0;274.0;53;35;19;4378;2250;2128;3551;1958;1593;827;292;535
1247;28;2037;11869.0;6601.0;4039.0;960.0;269.0;52;34;18;4377;2249;2128;3517;1939;1578;860;310;550
1248;28;2038;11751.0;6535.0;3999.0;950.0;267.0;50;33;18;4374;2247;2127;3494;1926;1568;880;321;559
1249;28;2039;11731.0;6524.0;3992.0;948.0;266.0;50;32;17;4370;2244;2126;3483;1920;1563;887;324;563
1250;28;2040;11731.0;6525.0;3992.0;948.0;266.0;49;32;17;4368;2243;2125;3478;1917;1561;890;326;564
1251;28;2041;11758.0;6539.0;4001.0;950.0;267.0;49;32;17;4370;2243;2127;3474;1915;1559;896;328;568
1252;28;2042;11761.0;6541.0;4002.0;951.0;267.0;48;31;17;4365;2240;2125;3470;1913;1557;895;327;568
1253;28;2043;11795.0;6560.0;4014.0;953.0;268.0;47;31;17;4367;2242;2125;3470;1912;1558;897;330;567
1254;28;2044;11843.0;6587.0;4030.0;957.0;269.0;47;31;16;4364;2240;2124;3473;1914;1558;891;326;566
1255;28;2045;11899.0;6618.0;4049.0;962.0;270.0;47;30;16;4363;2239;2124;3477;1917;1560;886;322;564
1256;28;2046;11958.0;6651.0;4069.0;966.0;271.0;46;30;16;4358;2236;2122;3481;1919;1562;877;317;560
1257;28;2047;12018.0;6684.0;4090.0;971.0;273.0;46;30;16;4358;2236;2122;3487;1923;1564;871;313;558
1258;28;2048;12083.0;6720.0;4112.0;976.0;274.0;46;30;16;4356;2235;2121;3493;1926;1567;863;309;554
1259;28;2049;12142.0;6753.0;4132.0;981.0;276.0;45;30;16;4353;2233;2120;3499;1931;1568;854;302;552
1260;29;2008;12984.0;6699.0;4686.0;1284.0;316.0;77;49;28;4730;2403;2327;3575;1958;1617;1155;445;710
1261;29;2009;13319.0;6946.0;4760.0;1280.0;333.0;79;50;29;4259;2180;2079;3865;2148;1717;394;32;362
1262;29;2010;13107.0;6887.0;4669.0;1213.0;339.0;76;49;28;4181;2146;2035;3952;2204;1747;229;-58;288
1263;29;2011;12674.0;6663.0;4514.0;1162.0;334.0;74;47;27;4168;2150;2018;3977;2233;1744;191;-83;274
1264;29;2012;12575.0;6614.0;4472.0;1153.0;336.0;72;46;26;4164;2161;2003;3913;2192;1721;251;-31;282
1265;29;2013;12876.0;6768.0;4595.0;1165.0;348.0;73;47;27;4137;2155;1982;3889;2177;1712;248;-22;270
1266;29;2014;13100.0;6917.0;4661.0;1168.0;353.0;73;46;27;4114;2152;1962;3779;2104;1675;335;48;287
1267;29;2015;13417.0;7093.0;4777.0;1185.0;362.0;74;47;27;4112;2155;1957;3723;2075;1648;389;80;309
1268;29;2016;13421.0;7096.0;4777.0;1184.0;363.0;74;47;27;4126;2163;1963;3686;2058;1628;440;105;335
1269;29;2017;13460.0;7115.0;4792.0;1187.0;366.0;73;46;26;4132;2168;1964;3680;2059;1621;452;109;343
1270;29;2018;13664.0;7226.0;4864.0;1203.0;371.0;73;46;26;4141;2173;1968;3688;2069;1619;453;104;349
1271;29;2019;14115.0;7463.0;5025.0;1243.0;384.0;74;47;27;4144;2175;1969;3735;2105;1630;409;70;339
1272;29;2020;14175.0;7493.0;5048.0;1248.0;386.0;73;47;27;4147;2176;1971;3717;2092;1625;430;84;346
1273;29;2021;14020.0;7411.0;4992.0;1234.0;383.0;72;46;26;4142;2173;1969;3698;2086;1612;444;87;357
1274;29;2022;13980.0;7390.0;4979.0;1230.0;382.0;71;45;26;4140;2171;1969;3669;2067;1602;471;104;367
1275;29;2023;14031.0;7417.0;4997.0;1233.0;383.0;70;45;25;4138;2169;1969;3667;2067;1600;471;103;369
1276;29;2024;13748.0;7268.0;4896.0;1208.0;376.0;68;43;25;4139;2169;1970;3620;2040;1580;519;129;390
1277;29;2025;13665.0;7223.0;4867.0;1201.0;374.0;67;43;24;4140;2170;1970;3618;2042;1576;522;128;394
1278;29;2026;13882.0;7338.0;4944.0;1220.0;380.0;66;42;24;4139;2169;1970;3613;2033;1580;526;136;390
1279;29;2027;14218.0;7516.0;5064.0;1249.0;389.0;67;43;24;4136;2166;1970;3630;2047;1583;506;119;387
1280;29;2028;14290.0;7554.0;5090.0;1255.0;391.0;67;43;24;4136;2165;1971;3626;2044;1582;510;121;389
1281;29;2029;14633.0;7735.0;5212.0;1285.0;401.0;67;43;25;4134;2164;1970;3645;2053;1591;489;111;379
1282;29;2030;14431.0;7629.0;5140.0;1267.0;395.0;66;42;24;4132;2163;1969;3612;2034;1578;520;129;391
1283;29;2031;14321.0;7571.0;5101.0;1257.0;392.0;65;41;23;4131;2162;1969;3599;2027;1572;532;135;397
1284;29;2032;14262.0;7539.0;5080.0;1252.0;391.0;63;40;23;4129;2162;1967;3589;2021;1568;540;141;399
1285;29;2033;13920.0;7359.0;4959.0;1221.0;381.0;61;39;22;4126;2159;1967;3543;1991;1552;583;168;415
1286;29;2034;13557.0;7167.0;4829.0;1189.0;371.0;59;37;21;4126;2160;1966;3508;1971;1537;618;189;429
1287;29;2035;13412.0;7091.0;4778.0;1177.0;367.0;57;37;21;4125;2159;1966;3493;1962;1532;632;197;434
1288;29;2036;13307.0;7035.0;4740.0;1167.0;365.0;56;36;20;4124;2157;1967;3463;1940;1523;661;217;444
1289;29;2037;13538.0;7157.0;4823.0;1188.0;371.0;56;36;20;4119;2154;1965;3485;1955;1530;634;199;435
1290;29;2038;13334.0;7049.0;4750.0;1169.0;365.0;55;35;20;4120;2154;1966;3456;1937;1519;664;217;447
1291;29;2039;13203.0;6980.0;4703.0;1158.0;362.0;54;34;19;4118;2153;1965;3438;1926;1512;680;227;453
1292;29;2040;13181.0;6969.0;4696.0;1156.0;361.0;53;34;19;4115;2151;1964;3432;1922;1510;683;229;454
1293;29;2041;13182.0;6969.0;4696.0;1156.0;361.0;52;33;19;4114;2150;1964;3429;1919;1510;685;231;454
1294;29;2042;13212.0;6985.0;4706.0;1159.0;362.0;52;33;19;4114;2150;1964;3431;1919;1512;683;231;452
1295;29;2043;13216.0;6987.0;4708.0;1159.0;362.0;51;32;19;4113;2148;1965;3430;1918;1513;683;230;452
1296;29;2044;13253.0;7007.0;4721.0;1162.0;363.0;50;32;18;4110;2146;1964;3434;1919;1515;676;227;449
1297;29;2045;13307.0;7035.0;4740.0;1167.0;365.0;50;32;18;4108;2144;1964;3440;1921;1518;668;223;446
1298;29;2046;13368.0;7068.0;4762.0;1172.0;366.0;50;32;18;4106;2143;1963;3448;1925;1523;658;218;440
1299;29;2047;13433.0;7102.0;4785.0;1178.0;368.0;49;31;18;4104;2142;1962;3455;1929;1527;649;213;435
1300;29;2048;13500.0;7137.0;4809.0;1184.0;370.0;49;31;18;4101;2140;1961;3465;1934;1531;636;206;430
1301;29;2049;13572.0;7176.0;4835.0;1190.0;372.0;49;31;18;4099;2139;1960;3474;1938;1536;625;201;424
1302;30;2008;14155.0;6791.0;5413.0;1545.0;406.0;83;52;31;4388;2259;2129;3615;1996;1619;773;263;510
1303;30;2009;13973.0;6789.0;5259.0;1511.0;414.0;82;51;31;3964;2057;1907;3742;2088;1655;222;-31;253
1304;30;2010;14266.0;6959.0;5377.0;1496.0;434.0;83;52;31;3897;2025;1872;3904;2197;1708;-7;-172;164
1305;30;2011;14130.0;6879.0;5346.0;1467.0;438.0;81;51;30;3892;2033;1859;3913;2204;1709;-21;-171;150
1306;30;2012;13701.0;6669.0;5193.0;1406.0;433.0;78;49;29;3886;2041;1845;3892;2204;1689;-6;-163;156
1307;30;2013;13603.0;6624.0;5156.0;1390.0;433.0;77;48;29;3866;2042;1824;3813;2155;1659;53;-113;165
1308;30;2014;13877.0;6777.0;5248.0;1410.0;442.0;78;49;29;3848;2039;1809;3787;2141;1646;61;-102;163
1309;30;2015;14145.0;6928.0;5345.0;1424.0;449.0;78;49;29;3843;2040;1803;3700;2084;1617;143;-44;186
1310;30;2016;14506.0;7088.0;5495.0;1460.0;463.0;78;49;29;3850;2045;1805;3678;2074;1604;172;-29;201
1311;30;2017;14516.0;7096.0;5497.0;1458.0;465.0;78;49;29;3857;2051;1806;3661;2067;1593;196;-16;213
1312;30;2018;14560.0;7116.0;5514.0;1462.0;468.0;77;48;29;3862;2054;1808;3657;2069;1588;205;-15;220
1313;30;2019;14777.0;7227.0;5592.0;1484.0;474.0;77;48;29;3865;2057;1808;3668;2078;1589;197;-21;219
1314;30;2020;15263.0;7464.0;5777.0;1532.0;491.0;79;50;29;3864;2057;1807;3720;2117;1603;145;-60;204
1315;30;2021;15329.0;7492.0;5805.0;1538.0;494.0;78;49;29;3859;2053;1806;3703;2105;1599;156;-52;207
1316;30;2022;15164.0;7412.0;5742.0;1521.0;489.0;77;48;28;3861;2054;1807;3684;2098;1586;177;-44;221
1317;30;2023;15122.0;7392.0;5727.0;1516.0;488.0;75;47;28;3860;2054;1806;3659;2081;1578;201;-27;229
1318;30;2024;15176.0;7419.0;5747.0;1521.0;490.0;74;47;28;3859;2052;1807;3656;2080;1576;203;-28;231
1319;30;2025;14875.0;7271.0;5633.0;1491.0;480.0;72;45;27;3856;2050;1806;3610;2054;1556;246;-4;250
1320;30;2026;14786.0;7227.0;5600.0;1482.0;477.0;71;45;26;3856;2049;1807;3608;2057;1551;248;-8;256
1321;30;2027;15019.0;7341.0;5688.0;1505.0;485.0;71;44;26;3855;2049;1806;3604;2048;1556;251;1;250
1322;30;2028;15382.0;7518.0;5826.0;1541.0;497.0;72;45;27;3855;2048;1807;3623;2063;1560;232;-15;247
1323;30;2029;15459.0;7557.0;5855.0;1548.0;499.0;71;45;26;3851;2045;1806;3621;2062;1559;230;-17;247
1324;30;2030;15828.0;7737.0;5995.0;1585.0;511.0;72;45;27;3848;2044;1804;3639;2070;1569;209;-26;235
1325;30;2031;15612.0;7631.0;5913.0;1563.0;505.0;70;44;26;3850;2043;1807;3608;2052;1556;242;-9;251
1326;30;2032;15494.0;7574.0;5869.0;1551.0;501.0;69;43;26;3847;2041;1806;3595;2046;1549;252;-5;257
1327;30;2033;15431.0;7543.0;5845.0;1545.0;499.0;68;42;25;3846;2041;1805;3584;2039;1545;262;2;260
1328;30;2034;15065.0;7364.0;5706.0;1508.0;487.0;65;41;24;3844;2039;1805;3538;2010;1528;306;29;277
1329;30;2035;14675.0;7173.0;5558.0;1469.0;474.0;63;39;23;3845;2039;1806;3504;1990;1514;341;49;292
1330;30;2036;14520.0;7098.0;5500.0;1453.0;469.0;61;38;23;3840;2036;1804;3488;1981;1507;352;55;297
1331;30;2037;14407.0;7043.0;5457.0;1442.0;466.0;60;37;22;3842;2037;1805;3459;1960;1499;383;77;306
1332;30;2038;14656.0;7164.0;5551.0;1466.0;474.0;60;38;22;3841;2037;1804;3481;1975;1506;360;62;298
1333;30;2039;14437.0;7057.0;5469.0;1444.0;467.0;58;37;22;3837;2035;1802;3453;1958;1494;384;77;308
1334;30;2040;14296.0;6989.0;5415.0;1430.0;462.0;57;36;21;3836;2034;1802;3435;1947;1488;401;87;314
1335;30;2041;14274.0;6978.0;5407.0;1428.0;461.0;56;35;21;3833;2031;1802;3430;1944;1486;403;87;316
1336;30;2042;14274.0;6978.0;5407.0;1428.0;461.0;56;35;21;3832;2030;1802;3427;1941;1486;405;89;316
1337;30;2043;14306.0;6994.0;5419.0;1431.0;462.0;55;34;20;3831;2030;1801;3428;1941;1487;403;89;314
1338;30;2044;14311.0;6996.0;5421.0;1431.0;463.0;54;34;20;3833;2031;1802;3429;1941;1488;404;90;314
1339;30;2045;14351.0;7015.0;5436.0;1435.0;464.0;54;34;20;3830;2028;1802;3432;1942;1490;398;86;312
1340;30;2046;14408.0;7043.0;5458.0;1441.0;466.0;53;34;20;3827;2027;1800;3438;1945;1493;390;82;307
1341;30;2047;14474.0;7076.0;5483.0;1448.0;468.0;53;33;20;3824;2025;1799;3445;1949;1496;379;76;303
1342;30;2048;14543.0;7110.0;5509.0;1455.0;470.0;52;33;20;3822;2022;1800;3453;1953;1499;369;69;301
1343;30;2049;14615.0;7145.0;5536.0;1462.0;472.0;52;33;19;3820;2021;1799;3462;1958;1504;358;63;295
1344;31;2008;14403.0;6342.0;5849.0;1732.0;480.0;87;54;33;4079;2143;1936;3454;1977;1477;625;166;459
1345;31;2009;14504.0;6412.0;5847.0;1742.0;503.0;87;54;33;3698;1956;1742;3683;2116;1567;15;-160;175
1346;31;2010;14290.0;6364.0;5764.0;1647.0;515.0;86;53;33;3638;1930;1708;3696;2130;1566;-58;-200;142
1347;31;2011;14670.0;6527.0;5924.0;1684.0;534.0;87;54;33;3635;1938;1697;3781;2187;1594;-146;-249;103
1348;31;2012;14515.0;6460.0;5872.0;1646.0;537.0;85;52;33;3637;1950;1687;3749;2163;1586;-112;-213;101
1349;31;2013;14092.0;6267.0;5709.0;1590.0;526.0;82;50;31;3617;1945;1672;3708;2145;1563;-91;-200;109
1350;31;2014;13957.0;6203.0;5660.0;1571.0;523.0;80;49;31;3602;1943;1659;3631;2098;1534;-29;-155;125
1351;31;2015;14259.0;6348.0;5784.0;1592.0;534.0;81;50;31;3593;1941;1652;3624;2097;1527;-31;-156;125
1352;31;2016;14563.0;6506.0;5895.0;1616.0;545.0;81;50;31;3597;1945;1652;3574;2063;1510;23;-118;142
1353;31;2017;14923.0;6646.0;6057.0;1657.0;562.0;82;51;31;3604;1949;1655;3570;2063;1507;34;-114;148
1354;31;2018;14937.0;6654.0;6061.0;1658.0;564.0;82;51;31;3606;1951;1655;3558;2059;1499;48;-108;156
1355;31;2019;14983.0;6672.0;6081.0;1663.0;567.0;81;50;31;3602;1949;1653;3557;2060;1497;45;-111;156
1356;31;2020;15207.0;6778.0;6167.0;1687.0;575.0;81;50;31;3604;1950;1654;3571;2070;1501;33;-120;153
1357;31;2021;15705.0;7000.0;6370.0;1741.0;595.0;83;51;31;3599;1948;1651;3622;2106;1516;-23;-158;135
1358;31;2022;15772.0;7025.0;6400.0;1748.0;598.0;82;50;31;3600;1947;1653;3608;2095;1514;-8;-148;139
1359;31;2023;15604.0;6950.0;6332.0;1729.0;592.0;80;49;30;3598;1947;1651;3590;2087;1503;8;-140;148
1360;31;2024;15562.0;6932.0;6315.0;1724.0;591.0;78;48;30;3598;1947;1651;3566;2069;1497;32;-122;154
1361;31;2025;15618.0;6958.0;6338.0;1730.0;593.0;78;48;30;3599;1946;1653;3566;2068;1497;33;-122;156
1362;31;2026;15311.0;6821.0;6214.0;1695.0;582.0;75;46;29;3596;1945;1651;3522;2041;1481;74;-96;170
1363;31;2027;15220.0;6779.0;6177.0;1685.0;579.0;74;46;28;3596;1945;1651;3521;2044;1477;75;-99;174
1364;31;2028;15460.0;6886.0;6274.0;1711.0;588.0;74;46;28;3593;1943;1650;3517;2034;1483;76;-91;167
1365;31;2029;15831.0;7052.0;6425.0;1752.0;602.0;75;46;29;3593;1943;1650;3538;2050;1488;55;-107;162
1366;31;2030;15911.0;7087.0;6458.0;1761.0;605.0;75;46;28;3589;1940;1649;3536;2047;1488;53;-107;161
1367;31;2031;16287.0;7255.0;6611.0;1802.0;620.0;75;46;29;3589;1940;1649;3555;2056;1499;34;-116;150
1368;31;2032;16068.0;7158.0;6522.0;1778.0;611.0;73;45;28;3590;1939;1651;3525;2037;1488;65;-98;163
1369;31;2033;15948.0;7104.0;6473.0;1764.0;607.0;72;45;27;3589;1939;1650;3513;2030;1483;76;-91;167
1370;31;2034;15883.0;7075.0;6447.0;1757.0;604.0;71;44;27;3587;1938;1649;3503;2022;1481;84;-84;168
1371;31;2035;15510.0;6909.0;6295.0;1715.0;590.0;68;42;26;3586;1937;1649;3459;1993;1466;127;-56;183
1372;31;2036;15111.0;6731.0;6133.0;1671.0;575.0;65;40;25;3583;1934;1649;3425;1972;1453;158;-38;196
1373;31;2037;14952.0;6661.0;6069.0;1654.0;569.0;64;40;24;3580;1933;1647;3411;1962;1449;169;-29;198
1374;31;2038;14838.0;6610.0;6023.0;1641.0;565.0;62;38;24;3580;1934;1646;3385;1942;1443;195;-8;203
1375;31;2039;15092.0;6723.0;6126.0;1669.0;574.0;63;39;24;3577;1932;1645;3406;1955;1451;171;-23;194
1376;31;2040;14869.0;6624.0;6035.0;1644.0;566.0;61;38;23;3575;1930;1645;3380;1939;1442;195;-9;203
1377;31;2041;14725.0;6560.0;5977.0;1628.0;560.0;60;37;23;3570;1927;1643;3363;1927;1436;207;0;207
1378;31;2042;14702.0;6549.0;5968.0;1625.0;559.0;59;36;22;3571;1928;1643;3359;1923;1436;212;5;207
1379;31;2043;14702.0;6550.0;5968.0;1625.0;559.0;58;36;22;3572;1927;1645;3357;1920;1437;215;7;208
1380;31;2044;14735.0;6564.0;5981.0;1629.0;561.0;58;36;22;3570;1925;1645;3359;1920;1439;211;5;206
1381;31;2045;14739.0;6566.0;5983.0;1629.0;561.0;57;35;22;3565;1921;1644;3359;1918;1441;206;3;203
1382;31;2046;14780.0;6584.0;5999.0;1634.0;562.0;56;35;22;3563;1920;1643;3364;1920;1444;199;0;199
1383;31;2047;14838.0;6610.0;6023.0;1640.0;565.0;56;35;21;3561;1919;1642;3369;1921;1448;192;-2;194
1384;31;2048;14905.0;6640.0;6050.0;1648.0;567.0;55;34;21;3561;1919;1642;3377;1924;1452;184;-5;190
1385;31;2049;14976.0;6672.0;6079.0;1655.0;570.0;55;34;21;3560;1918;1642;3384;1927;1457;176;-9;185
1386;32;2008;14181.0;5592.0;6082.0;1951.0;556.0;93;57;36;3791;2044;1747;3235;1846;1389;556;198;358
1387;32;2009;13929.0;5469.0;5956.0;1920.0;584.0;91;55;35;3451;1874;1577;3367;1928;1440;84;-54;137
1388;32;2010;13944.0;5513.0;5969.0;1851.0;611.0;91;55;36;3396;1850;1546;3476;1989;1487;-80;-139;59
1389;32;2011;13822.0;5450.0;5936.0;1825.0;611.0;89;54;35;3392;1856;1536;3436;1966;1470;-44;-110;66
1390;32;2012;14176.0;5598.0;6075.0;1870.0;634.0;91;55;35;3395;1869;1526;3476;1992;1484;-81;-123;42
1391;32;2013;14077.0;5551.0;6052.0;1840.0;633.0;88;54;35;3378;1863;1515;3430;1960;1470;-52;-97;45
1392;32;2014;13627.0;5360.0;5870.0;1781.0;616.0;85;52;33;3355;1856;1499;3389;1944;1446;-34;-88;53
1393;32;2015;13509.0;5297.0;5832.0;1765.0;615.0;83;51;33;3347;1853;1494;3335;1913;1422;12;-60;72
1394;32;2016;13825.0;5431.0;5963.0;1801.0;630.0;84;51;33;3350;1856;1494;3354;1931;1424;-4;-75;70
1395;32;2017;14132.0;5584.0;6076.0;1829.0;643.0;85;51;33;3354;1859;1495;3328;1912;1415;26;-53;80
1396;32;2018;14479.0;5692.0;6247.0;1877.0;662.0;86;52;34;3352;1857;1495;3330;1916;1414;22;-59;81
1397;32;2019;14490.0;5699.0;6249.0;1878.0;664.0;85;52;33;3353;1859;1494;3322;1914;1408;31;-55;86
1398;32;2020;14534.0;5714.0;6270.0;1883.0;668.0;84;51;33;3353;1859;1494;3324;1918;1407;29;-59;87
1399;32;2021;14752.0;5807.0;6358.0;1910.0;677.0;84;51;33;3348;1856;1492;3339;1928;1411;9;-72;81
1400;32;2022;15233.0;5996.0;6566.0;1971.0;700.0;86;53;34;3349;1857;1492;3385;1961;1424;-36;-104;68
1401;32;2023;15297.0;6016.0;6598.0;1980.0;704.0;85;52;33;3349;1856;1493;3375;1952;1423;-26;-96;70
1402;32;2024;15136.0;5952.0;6528.0;1958.0;697.0;83;51;32;3348;1854;1494;3360;1947;1413;-12;-93;81
1403;32;2025;15096.0;5937.0;6511.0;1953.0;695.0;82;50;32;3345;1852;1493;3340;1933;1407;5;-81;86
1404;32;2026;15151.0;5960.0;6534.0;1959.0;698.0;81;49;32;3343;1851;1492;3340;1932;1408;3;-81;84
1405;32;2027;14856.0;5843.0;6407.0;1921.0;685.0;78;48;31;3344;1852;1492;3302;1910;1392;42;-58;100
1406;32;2028;14768.0;5808.0;6370.0;1909.0;681.0;78;47;30;3344;1852;1492;3301;1912;1389;43;-60;103
1407;32;2029;14999.0;5899.0;6470.0;1939.0;692.0;77;47;30;3343;1852;1491;3299;1905;1394;44;-53;97
1408;32;2030;15358.0;6040.0;6625.0;1985.0;708.0;78;48;30;3339;1848;1491;3320;1921;1399;19;-73;92
1409;32;2031;15435.0;6071.0;6658.0;1995.0;712.0;78;48;30;3338;1847;1491;3320;1921;1400;18;-74;91
1410;32;2032;15799.0;6214.0;6815.0;2041.0;729.0;78;48;30;3338;1847;1491;3338;1929;1409;0;-82;82
1411;32;2033;15588.0;6131.0;6724.0;2014.0;719.0;76;47;30;3336;1845;1491;3313;1914;1399;23;-69;92
1412;32;2034;15472.0;6085.0;6674.0;1999.0;714.0;75;46;29;3334;1844;1490;3302;1907;1394;32;-63;96
1413;32;2035;15409.0;6061.0;6647.0;1991.0;711.0;74;45;29;3334;1844;1490;3295;1902;1393;39;-58;97
1414;32;2036;15050.0;5919.0;6492.0;1944.0;694.0;71;43;28;3331;1841;1490;3257;1877;1379;74;-36;111
1415;32;2037;14665.0;5768.0;6326.0;1894.0;677.0;68;42;27;3331;1842;1489;3227;1859;1367;104;-17;122
1416;32;2038;14512.0;5708.0;6260.0;1874.0;669.0;67;41;26;3327;1839;1488;3215;1851;1363;112;-12;125
1417;32;2039;14402.0;5664.0;6213.0;1860.0;664.0;65;40;25;3327;1840;1487;3192;1835;1357;135;5;130
1418;32;2040;14647.0;5761.0;6319.0;1892.0;676.0;66;40;26;3325;1837;1488;3213;1848;1365;112;-11;123
1419;32;2041;14432.0;5676.0;6226.0;1864.0;666.0;64;39;25;3328;1838;1490;3190;1834;1356;138;4;134
1420;32;2042;14293.0;5622.0;6166.0;1846.0;659.0;62;38;24;3323;1836;1487;3176;1826;1351;147;10;136
1421;32;2043;14271.0;5613.0;6156.0;1843.0;658.0;62;38;24;3324;1836;1488;3174;1823;1351;150;13;137
1422;32;2044;14271.0;5613.0;6157.0;1843.0;658.0;61;37;24;3322;1834;1488;3173;1822;1352;149;12;136
1423;32;2045;14303.0;5626.0;6170.0;1847.0;660.0;60;37;23;3321;1834;1487;3177;1823;1354;144;11;133
1424;32;2046;14307.0;5627.0;6172.0;1847.0;660.0;59;36;23;3319;1833;1486;3178;1823;1355;141;10;131
1425;32;2047;14346.0;5643.0;6189.0;1852.0;662.0;59;36;23;3316;1830;1486;3183;1825;1358;133;5;128
1426;32;2048;14402.0;5665.0;6213.0;1859.0;664.0;58;36;23;3315;1830;1485;3190;1829;1362;125;1;123
1427;32;2049;14466.0;5690.0;6241.0;1868.0;667.0;58;35;23;3313;1829;1484;3198;1833;1365;115;-4;119
1428;33;2008;13219.0;4577.0;5956.0;2058.0;629.0;100;61;40;3522;1912;1610;3053;1700;1353;469;212;257
1429;33;2009;12993.0;4474.0;5840.0;2030.0;649.0;98;59;39;3218;1760;1458;3120;1756;1363;98;4;95
1430;33;2010;12648.0;4366.0;5709.0;1915.0;658.0;96;58;38;3172;1739;1433;3151;1774;1377;21;-35;56
1431;33;2011;12812.0;4434.0;5784.0;1915.0;679.0;96;58;38;3166;1745;1421;3197;1795;1402;-31;-50;19
1432;33;2012;12732.0;4404.0;5760.0;1888.0;680.0;94;56;37;3177;1759;1418;3134;1758;1376;43;1;42
1433;33;2013;13055.0;4490.0;5921.0;1942.0;701.0;95;57;38;3161;1754;1407;3156;1773;1384;5;-19;23
1434;33;2014;12923.0;4433.0;5868.0;1922.0;700.0;93;56;37;3143;1748;1395;3110;1744;1366;33;4;29
1435;33;2015;12535.0;4284.0;5711.0;1859.0;681.0;90;54;36;3129;1741;1388;3085;1740;1346;44;2;42
1436;33;2016;12444.0;4240.0;5677.0;1846.0;681.0;88;53;35;3132;1745;1387;3061;1729;1332;71;16;55
1437;33;2017;12742.0;4355.0;5806.0;1883.0;698.0;89;54;35;3130;1744;1386;3093;1754;1339;37;-10;47
1438;33;2018;13036.0;4493.0;5918.0;1914.0;711.0;89;53;35;3130;1743;1387;3074;1741;1333;56;2;54
1439;33;2019;13344.0;4566.0;6080.0;1966.0;733.0;90;54;36;3127;1742;1385;3078;1746;1333;49;-4;52
1440;33;2020;13356.0;4571.0;6084.0;1966.0;735.0;90;54;36;3128;1742;1386;3075;1747;1328;53;-5;58
1441;33;2021;13398.0;4584.0;6105.0;1971.0;739.0;89;53;35;3122;1738;1384;3079;1752;1327;43;-14;57
1442;33;2022;13599.0;4661.0;6191.0;1999.0;749.0;88;53;35;3123;1739;1384;3093;1762;1331;30;-23;53
1443;33;2023;14041.0;4813.0;6392.0;2062.0;774.0;91;55;36;3122;1739;1383;3136;1792;1344;-14;-53;39
1444;33;2024;14099.0;4826.0;6423.0;2072.0;778.0;90;54;36;3125;1740;1385;3128;1786;1342;-3;-46;43
1445;33;2025;13952.0;4776.0;6356.0;2050.0;771.0;88;53;35;3124;1739;1385;3116;1783;1333;8;-44;52
1446;33;2026;13917.0;4764.0;6340.0;2044.0;769.0;86;52;34;3123;1739;1384;3099;1772;1327;24;-33;57
1447;33;2027;13967.0;4782.0;6362.0;2051.0;772.0;85;51;34;3122;1739;1383;3099;1773;1327;23;-34;56
1448;33;2028;13697.0;4689.0;6240.0;2011.0;757.0;83;50;33;3122;1739;1383;3067;1754;1312;55;-15;71
1449;33;2029;13616.0;4661.0;6203.0;1999.0;753.0;82;49;32;3117;1736;1381;3066;1758;1308;51;-22;73
1450;33;2030;13828.0;4734.0;6300.0;2029.0;765.0;81;49;32;3116;1735;1381;3066;1754;1312;50;-19;69
1451;33;2031;14158.0;4847.0;6451.0;2078.0;783.0;82;50;33;3113;1733;1380;3087;1769;1318;26;-36;62
1452;33;2032;14229.0;4871.0;6483.0;2088.0;787.0;82;50;32;3113;1733;1380;3087;1770;1317;26;-37;63
1453;33;2033;14563.0;4985.0;6635.0;2137.0;806.0;82;50;33;3109;1731;1378;3106;1780;1327;3;-49;51
1454;33;2034;14370.0;4919.0;6548.0;2108.0;795.0;80;49;32;3108;1730;1378;3085;1768;1316;23;-38;62
1455;33;2035;14264.0;4883.0;6499.0;2092.0;789.0;79;48;31;3108;1729;1379;3075;1764;1311;33;-35;68
1456;33;2036;14206.0;4863.0;6473.0;2084.0;786.0;78;47;31;3106;1728;1378;3070;1761;1309;36;-33;69
1457;33;2037;13877.0;4751.0;6323.0;2035.0;768.0;75;45;30;3105;1729;1376;3035;1739;1296;70;-10;80
1458;33;2038;13524.0;4630.0;6162.0;1983.0;748.0;72;44;28;3105;1728;1377;3009;1725;1284;96;3;93
1459;33;2039;13384.0;4582.0;6098.0;1963.0;741.0;70;43;28;3103;1725;1378;2999;1719;1280;104;6;98
1460;33;2040;13283.0;4547.0;6053.0;1948.0;735.0;69;41;27;3101;1723;1378;2980;1706;1274;121;17;104
1461;33;2041;13508.0;4624.0;6155.0;1981.0;748.0;69;42;27;3097;1720;1377;3001;1719;1281;96;1;96
1462;33;2042;13311.0;4557.0;6065.0;1952.0;737.0;67;41;27;3099;1721;1378;2982;1709;1273;117;12;105
1463;33;2043;13184.0;4514.0;6008.0;1933.0;730.0;66;40;26;3097;1720;1377;2970;1702;1267;127;18;110
1464;33;2044;13163.0;4506.0;5998.0;1930.0;728.0;65;39;26;3097;1720;1377;2969;1701;1267;128;19;110
1465;33;2045;13164.0;4507.0;5998.0;1930.0;729.0;64;39;25;3096;1719;1377;2969;1702;1267;127;17;110
1466;33;2046;13192.0;4516.0;6011.0;1934.0;730.0;63;38;25;3094;1718;1376;2975;1705;1269;120;13;107
1467;33;2047;13196.0;4518.0;6013.0;1935.0;730.0;63;38;25;3092;1717;1375;2976;1707;1269;116;10;106
1468;33;2048;13231.0;4530.0;6029.0;1940.0;732.0;62;38;25;3092;1717;1375;2981;1710;1271;111;7;104
1469;33;2049;13282.0;4547.0;6053.0;1947.0;735.0;62;37;24;3091;1714;1377;2989;1715;1274;102;-1;103
1470;34;2008;12067.0;3790.0;5398.0;2167.0;713.0;111;67;45;3251;1780;1471;2916;1641;1275;335;139;196
1471;34;2009;11608.0;3611.0;5214.0;2076.0;706.0;105;63;42;2974;1639;1335;2953;1686;1267;21;-47;68
1472;34;2010;11311.0;3546.0;5111.0;1949.0;705.0;103;62;41;2936;1624;1312;2936;1686;1249;0;-62;63
1473;34;2011;11155.0;3480.0;5045.0;1911.0;718.0;100;60;40;2932;1627;1305;2914;1669;1245;18;-42;60
1474;34;2012;11297.0;3534.0;5100.0;1932.0;732.0;100;60;40;2946;1640;1306;2927;1669;1257;19;-29;49
1475;34;2013;11208.0;3491.0;5075.0;1906.0;736.0;98;59;40;2927;1632;1295;2860;1629;1230;68;3;65
1476;34;2014;11496.0;3550.0;5221.0;1972.0;753.0;100;60;40;2910;1626;1284;2876;1641;1235;34;-15;49
1477;34;2015;11403.0;3512.0;5188.0;1949.0;754.0;97;58;39;2901;1622;1279;2846;1623;1223;55;-1;56
1478;34;2016;11070.0;3401.0;5044.0;1889.0;736.0;94;56;38;2900;1621;1279;2842;1629;1213;58;-8;66
1479;34;2017;10979.0;3359.0;5009.0;1877.0;734.0;92;55;37;2898;1622;1276;2833;1626;1207;65;-4;69
1480;34;2018;11247.0;3458.0;5123.0;1914.0;752.0;93;56;37;2896;1622;1274;2863;1649;1214;34;-27;60
1481;34;2019;11524.0;3588.0;5224.0;1946.0;766.0;93;56;38;2893;1620;1273;2850;1640;1210;43;-20;63
1482;34;2020;11788.0;3630.0;5371.0;1998.0;790.0;94;56;38;2892;1618;1274;2858;1647;1211;34;-29;63
1483;34;2021;11798.0;3635.0;5373.0;1998.0;792.0;94;56;38;2888;1615;1273;2857;1649;1208;31;-34;65
1484;34;2022;11834.0;3644.0;5391.0;2003.0;796.0;93;56;37;2886;1614;1272;2860;1653;1208;26;-39;64
1485;34;2023;12013.0;3708.0;5466.0;2032.0;807.0;93;55;37;2887;1616;1271;2873;1661;1212;14;-45;59
1486;34;2024;12403.0;3829.0;5643.0;2096.0;834.0;95;57;38;2889;1616;1273;2914;1690;1224;-25;-74;49
1487;34;2025;12452.0;3837.0;5671.0;2106.0;838.0;94;56;38;2886;1614;1272;2908;1685;1223;-22;-71;49
1488;34;2026;12323.0;3798.0;5612.0;2084.0;830.0;92;55;37;2888;1615;1273;2895;1681;1215;-7;-66;58
1489;34;2027;12293.0;3789.0;5598.0;2078.0;828.0;90;54;36;2888;1616;1272;2881;1670;1210;7;-54;62
1490;34;2028;12337.0;3804.0;5618.0;2085.0;831.0;90;54;36;2887;1615;1272;2883;1672;1211;4;-57;61
1491;34;2029;12100.0;3730.0;5510.0;2044.0;816.0;87;52;35;2885;1614;1271;2853;1654;1198;32;-40;73
1492;34;2030;12029.0;3707.0;5479.0;2032.0;811.0;86;51;34;2882;1611;1271;2852;1657;1195;30;-46;76
1493;34;2031;12216.0;3765.0;5564.0;2064.0;824.0;85;51;34;2881;1611;1270;2853;1654;1199;28;-43;71
1494;34;2032;12507.0;3854.0;5696.0;2112.0;844.0;86;52;35;2880;1609;1271;2873;1668;1205;7;-59;66
1495;34;2033;12570.0;3874.0;5725.0;2123.0;848.0;86;52;34;2880;1610;1270;2875;1670;1205;5;-60;65
1496;34;2034;12863.0;3964.0;5859.0;2172.0;868.0;87;52;35;2877;1608;1269;2893;1680;1213;-16;-72;56
1497;34;2035;12694.0;3912.0;5782.0;2143.0;856.0;84;51;34;2875;1606;1269;2874;1669;1205;1;-63;64
1498;34;2036;12600.0;3883.0;5739.0;2127.0;850.0;83;50;33;2873;1605;1268;2865;1664;1201;8;-59;67
1499;34;2037;12550.0;3868.0;5716.0;2119.0;847.0;82;49;33;2871;1604;1267;2860;1661;1199;11;-57;68
1500;34;2038;12260.0;3779.0;5585.0;2070.0;827.0;78;47;31;2870;1604;1266;2828;1640;1188;42;-36;78
1501;34;2039;11950.0;3683.0;5443.0;2017.0;806.0;76;45;30;2868;1601;1267;2804;1626;1178;64;-25;89
1502;34;2040;11827.0;3645.0;5387.0;1996.0;798.0;74;45;30;2866;1600;1266;2795;1620;1175;71;-20;91
1503;34;2041;11738.0;3618.0;5347.0;1981.0;792.0;72;43;29;2864;1598;1266;2777;1608;1170;87;-10;96
1504;34;2042;11936.0;3679.0;5437.0;2015.0;805.0;73;44;29;2862;1597;1265;2796;1621;1176;66;-24;89
1505;34;2043;11763.0;3626.0;5359.0;1985.0;794.0;71;42;28;2863;1597;1266;2780;1611;1169;83;-14;97
1506;34;2044;11652.0;3591.0;5308.0;1966.0;786.0;69;42;28;2862;1597;1265;2769;1604;1165;93;-7;100
1507;34;2045;11633.0;3586.0;5299.0;1963.0;785.0;68;41;27;2861;1596;1265;2768;1603;1164;93;-7;101
1508;34;2046;11634.0;3586.0;5300.0;1963.0;785.0;67;40;27;2859;1595;1264;2770;1605;1165;89;-10;99
1509;34;2047;11659.0;3593.0;5311.0;1967.0;787.0;67;40;27;2859;1595;1264;2774;1607;1167;85;-12;97
1510;34;2048;11662.0;3594.0;5312.0;1968.0;787.0;66;39;26;2860;1595;1265;2776;1608;1167;84;-13;98
1511;34;2049;11693.0;3604.0;5327.0;1973.0;789.0;65;39;26;2857;1592;1265;2781;1612;1169;76;-20;96
1512;35;2008;10753.0;3150.0;4695.0;2133.0;776.0;124;74;50;3042;1687;1355;2829;1649;1179;213;38;176
1513;35;2009;10346.0;2973.0;4536.0;2080.0;757.0;118;70;48;2796;1562;1234;2856;1665;1191;-60;-103;43
1514;35;2010;9800.0;2846.0;4321.0;1889.0;744.0;111;66;45;2763;1545;1218;2815;1655;1160;-52;-110;58
1515;35;2011;9672.0;2803.0;4277.0;1846.0;746.0;109;65;44;2764;1551;1213;2756;1626;1130;8;-75;83
1516;35;2012;9525.0;2737.0;4200.0;1835.0;753.0;106;63;43;2776;1564;1212;2710;1592;1118;66;-28;94
1517;35;2013;9674.0;2789.0;4277.0;1840.0;768.0;106;63;43;2763;1558;1205;2707;1583;1124;56;-25;81
1518;35;2014;9618.0;2748.0;4257.0;1847.0;766.0;104;62;42;2750;1551;1199;2644;1545;1099;106;6;100
1519;35;2015;9870.0;2790.0;4376.0;1916.0;788.0;106;63;43;2736;1546;1190;2670;1563;1106;66;-17;84
1520;35;2016;9791.0;2768.0;4341.0;1891.0;791.0;103;61;42;2730;1542;1188;2658;1557;1101;72;-15;87
1521;35;2017;9503.0;2677.0;4220.0;1834.0;771.0;99;59;40;2726;1541;1185;2662;1566;1097;64;-25;88
1522;35;2018;9422.0;2640.0;4192.0;1820.0;769.0;97;58;40;2722;1538;1184;2656;1564;1092;66;-26;92
1523;35;2019;9659.0;2728.0;4286.0;1858.0;787.0;99;59;40;2718;1537;1181;2686;1585;1100;32;-48;81
1524;35;2020;9910.0;2846.0;4374.0;1887.0;803.0;99;59;40;2718;1535;1183;2675;1578;1098;43;-43;85
1525;35;2021;10128.0;2865.0;4498.0;1938.0;827.0;100;59;41;2712;1532;1180;2684;1584;1100;28;-52;80
1526;35;2022;10136.0;2869.0;4499.0;1939.0;829.0;100;59;40;2713;1532;1181;2683;1587;1096;30;-55;85
1527;35;2023;10168.0;2877.0;4514.0;1944.0;833.0;98;58;40;2713;1532;1181;2684;1587;1097;29;-55;84
1528;35;2024;10322.0;2930.0;4576.0;1971.0;845.0;98;58;40;2716;1534;1182;2696;1596;1101;20;-62;81
1529;35;2025;10657.0;3026.0;4725.0;2034.0;873.0;100;60;41;2715;1532;1183;2736;1624;1112;-21;-92;71
1530;35;2026;10697.0;3029.0;4748.0;2043.0;878.0;99;59;40;2713;1532;1181;2729;1618;1111;-16;-86;70
1531;35;2027;10587.0;2998.0;4699.0;2021.0;869.0;97;58;39;2713;1531;1182;2716;1612;1104;-3;-81;78
1532;35;2028;10562.0;2992.0;4687.0;2016.0;867.0;96;57;39;2713;1531;1182;2703;1602;1101;10;-71;81
1533;35;2029;10600.0;3004.0;4704.0;2023.0;870.0;95;56;38;2715;1532;1183;2704;1603;1101;11;-71;82
1534;35;2030;10398.0;2945.0;4615.0;1984.0;854.0;92;55;37;2714;1532;1182;2675;1585;1090;39;-53;92
1535;35;2031;10337.0;2927.0;4588.0;1972.0;849.0;91;54;36;2712;1529;1183;2674;1587;1087;38;-58;96
1536;35;2032;10496.0;2973.0;4659.0;2002.0;863.0;90;54;36;2708;1526;1182;2676;1583;1092;32;-57;90
1537;35;2033;10745.0;3043.0;4770.0;2049.0;883.0;91;55;37;2707;1525;1182;2696;1599;1097;11;-74;85
1538;35;2034;10799.0;3059.0;4794.0;2059.0;888.0;91;55;37;2704;1523;1181;2698;1600;1098;6;-77;83
1539;35;2035;11050.0;3130.0;4905.0;2107.0;908.0;92;55;37;2706;1524;1182;2715;1610;1105;-9;-86;77
1540;35;2036;10906.0;3089.0;4841.0;2079.0;897.0;89;53;36;2704;1523;1181;2695;1598;1098;9;-75;83
1541;35;2037;10826.0;3066.0;4806.0;2064.0;890.0;88;53;35;2704;1523;1181;2688;1593;1095;16;-70;86
1542;35;2038;10783.0;3054.0;4787.0;2056.0;886.0;86;52;35;2702;1522;1180;2681;1589;1093;21;-67;87
1543;35;2039;10535.0;2984.0;4677.0;2008.0;866.0;83;50;33;2700;1520;1180;2651;1568;1083;49;-48;97
1544;35;2040;10270.0;2909.0;4559.0;1958.0;844.0;80;48;32;2698;1519;1179;2627;1553;1074;71;-34;105
1545;35;2041;10164.0;2879.0;4513.0;1937.0;836.0;78;47;32;2695;1515;1180;2618;1547;1071;77;-32;109
1546;35;2042;10089.0;2858.0;4479.0;1923.0;830.0;76;46;31;2696;1515;1181;2600;1534;1067;96;-19;114
1547;35;2043;10258.0;2905.0;4554.0;1955.0;843.0;77;46;31;2695;1514;1181;2620;1547;1073;75;-33;108
1548;35;2044;10111.0;2864.0;4489.0;1927.0;831.0;75;45;30;2696;1515;1181;2603;1536;1066;93;-21;115
1549;35;2045;10015.0;2837.0;4446.0;1909.0;823.0;73;44;30;2695;1514;1181;2593;1530;1063;102;-16;118
1550;35;2046;9999.0;2832.0;4439.0;1905.0;822.0;72;43;29;2692;1512;1180;2592;1528;1063;100;-16;117
1551;35;2047;10000.0;2832.0;4440.0;1905.0;822.0;71;43;29;2692;1511;1181;2593;1529;1064;99;-18;117
1552;35;2048;10021.0;2838.0;4449.0;1909.0;824.0;71;42;28;2690;1511;1179;2596;1531;1065;94;-20;114
1553;35;2049;10023.0;2839.0;4450.0;1910.0;824.0;70;42;28;2689;1510;1179;2598;1532;1066;91;-22;113
1554;36;2008;9622.0;2771.0;4061.0;2000.0;790.0;145;87;59;2815;1570;1245;2826;1647;1179;-11;-77;66
1555;36;2009;8807.0;2432.0;3733.0;1872.0;771.0;132;79;53;2595;1457;1138;2759;1620;1139;-164;-163;-1
1556;36;2010;8352.0;2324.0;3591.0;1692.0;746.0;126;75;51;2566;1442;1124;2718;1592;1126;-152;-150;-2
1557;36;2011;7984.0;2234.0;3431.0;1596.0;723.0;119;71;48;2562;1445;1117;2643;1556;1086;-81;-111;31
1558;36;2012;7932.0;2229.0;3405.0;1578.0;720.0;116;69;47;2579;1457;1122;2567;1514;1053;12;-57;69
1559;36;2013;7813.0;2174.0;3348.0;1563.0;727.0;113;67;46;2563;1451;1112;2516;1477;1039;47;-26;73
1560;36;2014;7951.0;2194.0;3419.0;1597.0;742.0;113;67;46;2546;1443;1103;2510;1466;1043;36;-23;60
1561;36;2015;7912.0;2170.0;3402.0;1597.0;743.0;111;66;45;2534;1437;1097;2464;1440;1024;70;-3;73
1562;36;2016;8096.0;2204.0;3482.0;1647.0;762.0;113;67;46;2530;1437;1093;2505;1469;1037;25;-32;56
1563;36;2017;8035.0;2190.0;3455.0;1625.0;765.0;110;65;45;2524;1433;1091;2502;1467;1036;22;-34;55
1564;36;2018;7795.0;2116.0;3360.0;1574.0;745.0;106;63;43;2519;1431;1088;2506;1475;1032;13;-44;56
1565;36;2019;7722.0;2080.0;3335.0;1564.0;744.0;104;62;42;2515;1429;1086;2500;1472;1027;15;-43;59
1566;36;2020;7927.0;2157.0;3413.0;1595.0;761.0;105;63;43;2514;1428;1086;2527;1493;1034;-13;-65;52
1567;36;2021;8148.0;2267.0;3485.0;1620.0;776.0;105;63;43;2510;1426;1084;2518;1485;1033;-8;-59;51
1568;36;2022;8318.0;2269.0;3585.0;1664.0;799.0;106;63;43;2512;1426;1086;2525;1490;1035;-13;-64;51
1569;36;2023;8323.0;2272.0;3585.0;1664.0;802.0;106;63;43;2513;1428;1085;2523;1492;1031;-10;-64;54
1570;36;2024;8349.0;2278.0;3597.0;1669.0;805.0;105;62;42;2515;1428;1087;2523;1492;1032;-8;-64;55
1571;36;2025;8478.0;2323.0;3646.0;1692.0;817.0;105;62;42;2515;1428;1087;2533;1497;1036;-18;-69;51
1572;36;2026;8752.0;2399.0;3764.0;1745.0;843.0;107;64;43;2516;1428;1088;2570;1524;1046;-54;-96;42
1573;36;2027;8783.0;2399.0;3783.0;1753.0;848.0;106;63;43;2516;1427;1089;2563;1518;1045;-47;-91;44
1574;36;2028;8693.0;2375.0;3744.0;1734.0;840.0;104;62;42;2515;1426;1089;2551;1513;1039;-36;-87;50
1575;36;2029;8673.0;2370.0;3735.0;1730.0;838.0;102;61;41;2513;1425;1088;2537;1502;1035;-24;-77;53
1576;36;2030;8705.0;2380.0;3748.0;1735.0;841.0;101;60;41;2512;1425;1087;2537;1502;1035;-25;-77;52
1577;36;2031;8539.0;2334.0;3677.0;1702.0;826.0;98;59;39;2511;1424;1087;2511;1486;1025;0;-62;62
1578;36;2032;8489.0;2319.0;3657.0;1692.0;821.0;97;58;39;2508;1422;1086;2508;1487;1022;0;-65;64
1579;36;2033;8620.0;2355.0;3713.0;1718.0;834.0;96;57;39;2507;1420;1087;2509;1483;1026;-2;-63;61
1580;36;2034;8824.0;2411.0;3801.0;1758.0;854.0;98;59;39;2507;1421;1086;2529;1498;1031;-22;-77;55
1581;36;2035;8868.0;2423.0;3820.0;1767.0;858.0;97;58;39;2505;1419;1086;2531;1500;1031;-26;-81;55
1582;36;2036;9073.0;2479.0;3908.0;1808.0;878.0;98;59;39;2502;1417;1085;2548;1509;1039;-46;-92;46
1583;36;2037;8955.0;2447.0;3858.0;1784.0;867.0;96;57;38;2503;1417;1086;2529;1498;1032;-26;-81;54
1584;36;2038;8890.0;2429.0;3830.0;1771.0;861.0;94;56;38;2502;1418;1084;2520;1492;1028;-18;-74;56
1585;36;2039;8855.0;2420.0;3815.0;1764.0;857.0;92;55;37;2503;1418;1085;2516;1489;1027;-13;-71;58
1586;36;2040;8652.0;2364.0;3727.0;1723.0;838.0;89;53;36;2500;1416;1084;2486;1469;1018;14;-53;66
1587;36;2041;8435.0;2305.0;3634.0;1680.0;817.0;86;51;34;2499;1414;1085;2462;1454;1008;37;-40;77
1588;36;2042;8349.0;2281.0;3597.0;1662.0;808.0;84;50;33;2497;1413;1084;2454;1448;1006;43;-35;78
1589;36;2043;8288.0;2265.0;3570.0;1650.0;802.0;82;49;33;2497;1413;1084;2438;1436;1002;59;-23;82
1590;36;2044;8426.0;2302.0;3630.0;1678.0;816.0;82;49;33;2496;1412;1084;2456;1449;1007;40;-37;77
1591;36;2045;8305.0;2270.0;3578.0;1654.0;804.0;80;48;32;2497;1411;1086;2440;1438;1001;57;-27;85
1592;36;2046;8227.0;2248.0;3545.0;1638.0;796.0;78;47;31;2495;1410;1085;2429;1431;998;66;-21;87
1593;36;2047;8214.0;2245.0;3539.0;1635.0;795.0;77;46;31;2493;1408;1085;2428;1431;997;65;-23;88
1594;36;2048;8215.0;2245.0;3539.0;1635.0;795.0;76;46;31;2493;1408;1085;2428;1431;998;65;-23;87
1595;36;2049;8232.0;2250.0;3547.0;1639.0;797.0;75;45;30;2493;1408;1085;2432;1433;999;61;-25;86
1596;37;2008;8055.0;2211.0;3274.0;1680.0;889.0;166;99;67;2602;1470;1132;2702;1581;1121;-100;-111;11
1597;37;2009;7513.0;1985.0;3119.0;1612.0;796.0;156;92;63;2403;1368;1035;2702;1574;1128;-299;-206;-93
1598;37;2010;6841.0;1825.0;2855.0;1404.0;757.0;142;84;58;2377;1356;1021;2588;1516;1072;-211;-160;-51
1599;37;2011;6607.0;1748.0;2792.0;1330.0;737.0;135;80;55;2377;1359;1018;2517;1468;1049;-140;-109;-31
1600;37;2012;6361.0;1701.0;2674.0;1260.0;726.0;127;75;52;2395;1375;1020;2434;1425;1009;-39;-50;11
1601;37;2013;6336.0;1704.0;2655.0;1245.0;731.0;124;74;50;2380;1367;1013;2361;1384;977;19;-17;36
1602;37;2014;6209.0;1627.0;2600.0;1263.0;718.0;121;72;49;2366;1361;1005;2314;1350;963;52;11;42
1603;37;2015;6355.0;1661.0;2670.0;1284.0;739.0;121;72;49;2354;1355;999;2319;1350;969;35;5;30
1604;37;2016;6313.0;1647.0;2648.0;1274.0;743.0;119;70;49;2350;1352;998;2297;1340;958;53;12;40
1605;37;2017;6451.0;1667.0;2706.0;1315.0;763.0;121;72;49;2346;1351;995;2345;1371;974;1;-20;21
1606;37;2018;6398.0;1657.0;2682.0;1294.0;766.0;118;70;48;2338;1347;991;2344;1370;974;-6;-23;17
1607;37;2019;6202.0;1597.0;2608.0;1254.0;743.0;114;67;46;2336;1345;991;2346;1376;970;-10;-31;21
1608;37;2020;6143.0;1566.0;2590.0;1245.0;743.0;112;66;46;2335;1345;990;2342;1375;966;-7;-30;24
1609;37;2021;6315.0;1633.0;2652.0;1269.0;761.0;113;67;46;2333;1343;990;2369;1395;974;-36;-52;16
1610;37;2022;6507.0;1733.0;2710.0;1289.0;776.0;113;67;46;2331;1342;989;2361;1388;972;-30;-46;17
1611;37;2023;6632.0;1719.0;2789.0;1324.0;798.0;114;68;47;2334;1344;990;2370;1394;975;-36;-50;15
1612;37;2024;6635.0;1722.0;2789.0;1324.0;800.0;114;68;46;2334;1344;990;2368;1396;972;-34;-52;18
1613;37;2025;6657.0;1727.0;2798.0;1327.0;804.0;112;67;46;2333;1342;991;2369;1396;973;-36;-54;18
1614;37;2026;6761.0;1764.0;2836.0;1345.0;816.0;112;67;46;2336;1343;993;2379;1403;976;-43;-60;17
1615;37;2027;6980.0;1822.0;2928.0;1387.0;842.0;115;68;47;2334;1342;992;2413;1428;986;-79;-86;6
1616;37;2028;7002.0;1819.0;2942.0;1394.0;847.0;114;68;46;2334;1342;992;2408;1422;985;-74;-80;7
1617;37;2029;6931.0;1801.0;2912.0;1379.0;839.0;112;66;45;2335;1342;993;2397;1418;979;-62;-76;14
1618;37;2030;6915.0;1798.0;2905.0;1375.0;837.0;110;65;44;2332;1339;993;2386;1409;976;-54;-70;17
1619;37;2031;6941.0;1806.0;2915.0;1380.0;840.0;109;65;44;2334;1339;995;2387;1410;977;-53;-71;18
1620;37;2032;6809.0;1771.0;2861.0;1353.0;825.0;105;63;43;2334;1339;995;2363;1395;968;-29;-56;27
1621;37;2033;6769.0;1759.0;2845.0;1345.0;820.0;104;62;42;2332;1338;994;2362;1397;965;-30;-59;29
1622;37;2034;6873.0;1786.0;2888.0;1366.0;833.0;103;61;42;2330;1336;994;2365;1395;970;-35;-59;24
1623;37;2035;7035.0;1829.0;2956.0;1397.0;853.0;105;63;42;2329;1335;994;2383;1409;974;-54;-74;20
1624;37;2036;7071.0;1838.0;2971.0;1404.0;857.0;105;62;42;2327;1335;992;2387;1412;975;-60;-77;17
1625;37;2037;7233.0;1880.0;3040.0;1436.0;877.0;105;63;42;2327;1334;993;2403;1421;982;-76;-87;11
1626;37;2038;7140.0;1856.0;3001.0;1418.0;866.0;103;61;41;2325;1333;992;2387;1412;976;-62;-79;16
1627;37;2039;7088.0;1842.0;2979.0;1407.0;860.0;101;60;40;2324;1331;993;2381;1408;973;-57;-77;20
1628;37;2040;7060.0;1835.0;2967.0;1401.0;856.0;99;59;40;2326;1332;994;2377;1405;972;-51;-73;22
1629;37;2041;6899.0;1793.0;2900.0;1369.0;837.0;95;57;38;2325;1330;995;2350;1387;964;-25;-57;31
1630;37;2042;6727.0;1748.0;2828.0;1335.0;816.0;92;55;37;2324;1330;994;2329;1374;955;-5;-44;39
1631;37;2043;6658.0;1731.0;2799.0;1321.0;808.0;90;54;36;2326;1331;995;2321;1369;952;5;-38;43
1632;37;2044;6610.0;1718.0;2778.0;1312.0;802.0;88;52;35;2324;1329;995;2307;1358;949;17;-29;46
1633;37;2045;6719.0;1747.0;2824.0;1333.0;815.0;88;53;36;2323;1329;994;2326;1371;955;-3;-42;39
1634;37;2046;6624.0;1722.0;2784.0;1314.0;803.0;86;51;35;2323;1328;995;2312;1362;949;11;-34;46
1635;37;2047;6562.0;1706.0;2758.0;1302.0;796.0;84;50;34;2324;1328;996;2303;1357;946;21;-29;50
1636;37;2048;6552.0;1703.0;2754.0;1300.0;795.0;83;50;33;2323;1328;995;2303;1357;946;20;-29;49
1637;37;2049;6552.0;1703.0;2754.0;1300.0;795.0;82;49;33;2322;1326;996;2305;1358;947;17;-32;49
1638;38;2008;6334.0;1708.0;2491.0;1324.0;810.0;189;112;77;2407;1350;1057;2695;1597;1097;-288;-247;-40
1639;38;2009;5930.0;1540.0;2350.0;1258.0;782.0;178;105;72;2225;1257;968;2637;1566;1071;-412;-309;-103
1640;38;2010;5567.0;1457.0;2269.0;1106.0;735.0;166;98;68;2205;1249;956;2579;1520;1059;-374;-271;-103
1641;38;2011;5171.0;1372.0;2097.0;997.0;705.0;151;89;62;2205;1251;954;2437;1442;995;-232;-191;-41
1642;38;2012;4997.0;1317.0;2056.0;947.0;677.0;144;85;59;2219;1263;956;2355;1386;968;-136;-123;-12
1643;38;2013;4833.0;1282.0;1986.0;892.0;673.0;136;80;56;2209;1259;950;2268;1339;929;-59;-80;21
1644;38;2014;4804.0;1273.0;1966.0;901.0;664.0;133;79;54;2195;1254;941;2202;1302;899;-7;-48;42
1645;38;2015;4710.0;1221.0;1920.0;905.0;664.0;130;76;53;2182;1247;935;2168;1279;890;14;-32;45
1646;38;2016;4816.0;1258.0;1974.0;902.0;682.0;130;76;53;2176;1243;933;2189;1289;900;-13;-46;33
1647;38;2017;4776.0;1245.0;1953.0;893.0;685.0;128;75;53;2169;1240;929;2177;1283;893;-8;-43;36
1648;38;2018;4869.0;1253.0;1991.0;922.0;702.0;130;76;53;2160;1235;925;2221;1312;909;-61;-77;16
1649;38;2019;4828.0;1247.0;1971.0;906.0;704.0;126;74;52;2157;1234;923;2218;1310;909;-61;-76;14
1650;38;2020;4683.0;1201.0;1920.0;877.0;685.0;122;72;50;2156;1234;922;2221;1315;906;-65;-81;16
1651;38;2021;4632.0;1172.0;1905.0;870.0;685.0;120;70;49;2154;1233;921;2216;1314;902;-62;-81;19
1652;38;2022;4770.0;1230.0;1952.0;887.0;701.0;121;71;50;2157;1234;923;2242;1333;910;-85;-99;13
1653;38;2023;4932.0;1321.0;1997.0;900.0;715.0;121;71;50;2155;1231;924;2235;1326;908;-80;-95;16
1654;38;2024;5016.0;1298.0;2058.0;925.0;736.0;122;72;50;2157;1232;925;2244;1332;912;-87;-100;13
1655;38;2025;5019.0;1300.0;2056.0;924.0;738.0;122;72;50;2157;1232;925;2242;1335;908;-85;-103;17
1656;38;2026;5034.0;1304.0;2063.0;926.0;741.0;121;71;49;2159;1234;925;2243;1335;908;-84;-101;17
1657;38;2027;5116.0;1335.0;2090.0;938.0;752.0;120;71;49;2158;1233;925;2252;1340;912;-94;-107;13
1658;38;2028;5281.0;1378.0;2159.0;967.0;777.0;123;73;50;2159;1233;926;2285;1363;922;-126;-130;4
1659;38;2029;5296.0;1373.0;2170.0;972.0;781.0;122;72;50;2159;1233;926;2279;1358;921;-120;-125;5
1660;38;2030;5242.0;1360.0;2147.0;961.0;773.0;120;71;49;2158;1232;926;2269;1354;915;-111;-122;11
1661;38;2031;5230.0;1358.0;2142.0;958.0;772.0;117;69;48;2156;1230;926;2258;1346;913;-102;-116;13
1662;38;2032;5250.0;1364.0;2150.0;961.0;775.0;117;69;47;2156;1231;925;2260;1347;913;-104;-116;12
1663;38;2033;5151.0;1338.0;2110.0;943.0;761.0;113;67;46;2156;1230;926;2238;1333;905;-82;-103;21
1664;38;2034;5120.0;1328.0;2098.0;937.0;757.0;111;66;45;2154;1228;926;2236;1334;902;-82;-106;24
1665;38;2035;5199.0;1349.0;2130.0;951.0;768.0;111;66;45;2152;1227;925;2239;1332;907;-87;-105;18
1666;38;2036;5321.0;1381.0;2180.0;974.0;786.0;113;67;46;2151;1225;926;2258;1346;912;-107;-121;14
1667;38;2037;5348.0;1388.0;2191.0;978.0;790.0;112;67;45;2151;1226;925;2262;1349;913;-111;-123;12
1668;38;2038;5470.0;1420.0;2241.0;1000.0;809.0;113;67;46;2151;1225;926;2276;1357;920;-125;-132;6
1669;38;2039;5400.0;1401.0;2213.0;987.0;798.0;110;65;45;2151;1225;926;2262;1348;914;-111;-123;12
1670;38;2040;5361.0;1391.0;2197.0;980.0;793.0;108;64;44;2152;1225;927;2257;1345;911;-105;-120;16
1671;38;2041;5340.0;1386.0;2188.0;976.0;790.0;106;63;43;2150;1224;926;2253;1343;910;-103;-119;16
1672;38;2042;5218.0;1354.0;2139.0;954.0;772.0;102;61;41;2151;1225;926;2228;1325;903;-77;-100;23
1673;38;2043;5089.0;1321.0;2085.0;930.0;753.0;99;59;40;2152;1224;928;2208;1314;894;-56;-90;34
1674;38;2044;5037.0;1307.0;2064.0;920.0;745.0;96;57;39;2151;1224;927;2202;1309;892;-51;-85;35
1675;38;2045;5000.0;1298.0;2049.0;914.0;739.0;94;56;38;2150;1222;928;2189;1300;889;-39;-78;39
1676;38;2046;5083.0;1319.0;2083.0;929.0;752.0;95;56;38;2149;1221;928;2206;1311;895;-57;-90;33
1677;38;2047;5011.0;1301.0;2054.0;915.0;741.0;92;55;37;2150;1222;928;2193;1304;889;-43;-82;39
1678;38;2048;4964.0;1289.0;2035.0;907.0;734.0;90;54;37;2148;1221;927;2185;1299;886;-37;-78;41
1679;38;2049;4956.0;1287.0;2031.0;905.0;733.0;89;53;36;2148;1220;928;2186;1300;886;-38;-80;42
1680;39;2008;4909.0;1214.0;1836.0;1094.0;765.0;211;125;86;2228;1252;976;2452;1472;980;-224;-220;-4
1681;39;2009;4601.0;1142.0;1765.0;988.0;707.0;203;120;83;2059;1163;896;2504;1497;1006;-445;-334;-110
1682;39;2010;4456.0;1114.0;1709.0;906.0;726.0;191;113;79;2038;1155;883;2399;1433;966;-361;-278;-83
1683;39;2011;4243.0;1056.0;1687.0;827.0;673.0;179;105;74;2037;1159;878;2322;1378;944;-285;-219;-66
1684;39;2012;3965.0;991.0;1570.0;756.0;647.0;163;96;68;2048;1166;882;2183;1299;883;-135;-133;-1
1685;39;2013;3870.0;958.0;1550.0;725.0;637.0;156;91;64;2036;1161;875;2104;1247;857;-68;-86;18
1686;39;2014;3699.0;925.0;1489.0;675.0;611.0;147;86;61;2022;1155;867;2031;1208;823;-9;-53;44
1687;39;2015;3728.0;938.0;1483.0;690.0;617.0;144;85;59;2011;1149;862;1982;1182;801;29;-33;61
1688;39;2016;3633.0;894.0;1436.0;688.0;615.0;140;82;58;2005;1147;858;1970;1172;798;35;-25;60
1689;39;2017;3722.0;924.0;1483.0;682.0;633.0;140;82;58;1998;1144;854;1996;1186;810;2;-42;44
1690;39;2018;3687.0;915.0;1462.0;674.0;636.0;138;81;57;1993;1142;851;1986;1182;805;7;-40;46
1691;39;2019;3746.0;916.0;1486.0;695.0;649.0;140;82;58;1988;1139;849;2026;1207;819;-38;-68;30
1692;39;2020;3721.0;913.0;1472.0;682.0;652.0;136;80;57;1990;1140;850;2026;1206;820;-36;-66;30
1693;39;2021;3607.0;877.0;1435.0;660.0;635.0;132;77;55;1989;1140;849;2029;1213;816;-40;-73;33
1694;39;2022;3563.0;851.0;1423.0;654.0;635.0;129;75;54;1988;1139;849;2026;1212;814;-38;-73;35
1695;39;2023;3677.0;902.0;1459.0;666.0;650.0;131;76;54;1989;1140;849;2051;1229;822;-62;-89;28
1696;39;2024;3815.0;983.0;1495.0;675.0;662.0;131;76;54;1991;1140;851;2045;1224;821;-54;-84;30
1697;39;2025;3872.0;953.0;1542.0;695.0;681.0;132;77;55;1991;1140;851;2052;1228;824;-61;-88;27
1698;39;2026;3873.0;955.0;1540.0;694.0;683.0;132;78;54;1991;1140;851;2052;1230;822;-61;-90;29
1699;39;2027;3885.0;958.0;1545.0;695.0;687.0;130;76;54;1992;1140;852;2053;1230;823;-61;-90;29
1700;39;2028;3950.0;983.0;1565.0;704.0;697.0;130;76;54;1993;1141;852;2063;1236;827;-70;-95;25
1701;39;2029;4077.0;1016.0;1617.0;726.0;719.0;133;78;55;1992;1140;852;2092;1256;835;-100;-116;17
1702;39;2030;4087.0;1009.0;1625.0;729.0;723.0;132;77;54;1991;1139;852;2089;1253;836;-98;-114;16
1703;39;2031;4045.0;1000.0;1608.0;721.0;717.0;129;76;53;1988;1137;851;2081;1250;831;-93;-113;20
1704;39;2032;4037.0;998.0;1604.0;719.0;715.0;127;75;52;1987;1136;851;2073;1243;830;-86;-107;21
1705;39;2033;4052.0;1003.0;1610.0;721.0;718.0;126;74;52;1986;1135;851;2076;1245;831;-90;-110;20
1706;39;2034;3976.0;983.0;1580.0;707.0;705.0;122;72;50;1985;1134;851;2055;1233;823;-70;-99;28
1707;39;2035;3952.0;976.0;1571.0;703.0;701.0;121;71;49;1985;1134;851;2056;1235;821;-71;-101;30
1708;39;2036;4012.0;992.0;1595.0;713.0;712.0;120;71;49;1983;1132;851;2060;1235;826;-77;-103;25
1709;39;2037;4106.0;1015.0;1633.0;730.0;729.0;122;72;50;1982;1132;850;2078;1247;831;-96;-115;19
1710;39;2038;4127.0;1020.0;1641.0;733.0;732.0;121;72;49;1982;1131;851;2082;1251;831;-100;-120;20
1711;39;2039;4221.0;1043.0;1679.0;750.0;749.0;122;72;50;1982;1131;851;2097;1258;838;-115;-127;13
1712;39;2040;4167.0;1030.0;1657.0;740.0;740.0;119;70;49;1982;1132;850;2085;1252;833;-103;-120;17
1713;39;2041;4137.0;1022.0;1645.0;734.0;735.0;117;69;48;1983;1132;851;2081;1249;832;-98;-117;19
1714;39;2042;4120.0;1018.0;1639.0;731.0;732.0;115;68;47;1982;1131;851;2078;1248;830;-96;-117;21
1715;39;2043;4027.0;995.0;1602.0;715.0;715.0;110;65;45;1982;1131;851;2058;1234;824;-76;-103;27
1716;39;2044;3927.0;971.0;1562.0;697.0;698.0;107;63;44;1981;1130;851;2041;1224;817;-60;-94;34
1717;39;2045;3887.0;961.0;1546.0;689.0;690.0;104;62;43;1984;1133;851;2037;1221;816;-53;-88;35
1718;39;2046;3859.0;954.0;1535.0;684.0;685.0;102;60;42;1983;1132;851;2025;1213;813;-42;-81;38
1719;39;2047;3923.0;970.0;1561.0;696.0;697.0;102;61;42;1982;1131;851;2043;1225;818;-61;-94;33
1720;39;2048;3867.0;956.0;1539.0;686.0;687.0;100;59;41;1981;1130;851;2032;1218;814;-51;-88;37
1721;39;2049;3831.0;947.0;1524.0;679.0;681.0;98;58;40;1980;1129;851;2027;1215;812;-47;-86;39
1722;40;2008;3189.0;751.0;1204.0;758.0;475.0;221;129;92;2073;1194;879;2329;1439;891;-256;-245;-12
1723;40;2009;3334.0;777.0;1237.0;725.0;594.0;227;133;95;1922;1112;810;2413;1499;914;-491;-387;-104
1724;40;2010;3253.0;776.0;1221.0;661.0;595.0;219;127;92;1908;1107;801;2405;1484;921;-497;-377;-120
1725;40;2011;3209.0;765.0;1192.0;639.0;613.0;206;120;87;1909;1112;797;2270;1397;874;-361;-285;-77
1726;40;2012;3055.0;715.0;1205.0;576.0;560.0;193;111;82;1923;1122;801;2176;1328;849;-253;-206;-48
1727;40;2013;2888.0;684.0;1133.0;531.0;539.0;176;101;75;1913;1118;795;2037;1244;793;-124;-126;2
1728;40;2014;2794.0;656.0;1117.0;498.0;523.0;168;97;71;1895;1109;786;1960;1192;767;-65;-83;19
1729;40;2015;2698.0;643.0;1081.0;459.0;515.0;159;92;67;1884;1104;780;1897;1158;739;-13;-54;41
1730;40;2016;2721.0;662.0;1072.0;468.0;518.0;155;90;65;1877;1100;777;1868;1144;724;9;-44;53
1731;40;2017;2636.0;624.0;1030.0;467.0;515.0;151;87;64;1871;1098;773;1860;1137;723;11;-39;50
1732;40;2018;2709.0;651.0;1071.0;457.0;530.0;151;87;64;1866;1094;772;1884;1149;735;-18;-55;37
1733;40;2019;2677.0;644.0;1051.0;449.0;533.0;149;86;63;1861;1092;769;1873;1143;730;-12;-51;39
1734;40;2020;2716.0;639.0;1066.0;466.0;544.0;151;87;64;1858;1090;768;1910;1166;744;-52;-76;24
1735;40;2021;2698.0;639.0;1055.0;456.0;548.0;147;85;63;1853;1088;765;1907;1163;744;-54;-75;21
1736;40;2022;2614.0;612.0;1030.0;440.0;533.0;142;82;60;1855;1087;768;1907;1166;742;-52;-79;26
1737;40;2023;2577.0;589.0;1020.0;435.0;533.0;139;80;59;1855;1087;768;1903;1164;740;-48;-77;28
1738;40;2024;2668.0;632.0;1047.0;443.0;546.0;141;81;59;1855;1088;767;1926;1179;747;-71;-91;20
1739;40;2025;2782.0;703.0;1075.0;449.0;556.0;141;81;60;1857;1089;768;1920;1174;747;-63;-85;21
1740;40;2026;2815.0;670.0;1111.0;462.0;573.0;143;82;60;1857;1087;770;1929;1178;751;-72;-91;19
1741;40;2027;2815.0;671.0;1108.0;461.0;574.0;142;82;60;1858;1088;770;1929;1180;749;-71;-92;21
1742;40;2028;2824.0;673.0;1112.0;461.0;577.0;140;81;59;1858;1088;770;1929;1179;750;-71;-91;20
1743;40;2029;2873.0;694.0;1126.0;467.0;586.0;140;81;59;1858;1087;771;1937;1183;754;-79;-96;18
1744;40;2030;2966.0;717.0;1163.0;481.0;605.0;144;83;60;1857;1087;770;1965;1202;763;-108;-115;7
1745;40;2031;2970.0;710.0;1169.0;483.0;608.0;142;82;60;1855;1086;769;1960;1197;763;-105;-111;6
1746;40;2032;2940.0;703.0;1157.0;477.0;603.0;139;81;58;1854;1085;769;1952;1192;759;-98;-107;10
1747;40;2033;2934.0;702.0;1154.0;476.0;602.0;137;80;57;1854;1084;770;1942;1185;757;-88;-101;13
1748;40;2034;2945.0;706.0;1158.0;477.0;604.0;136;79;57;1850;1081;769;1944;1185;759;-94;-104;10
1749;40;2035;2890.0;692.0;1137.0;468.0;593.0;132;77;55;1851;1082;769;1924;1172;752;-73;-90;17
1750;40;2036;2872.0;687.0;1131.0;465.0;590.0;130;76;54;1850;1081;769;1924;1174;751;-74;-93;18
1751;40;2037;2916.0;697.0;1148.0;472.0;599.0;129;75;54;1851;1081;770;1927;1171;755;-76;-90;15
1752;40;2038;2984.0;714.0;1175.0;482.0;613.0;131;77;55;1850;1081;769;1942;1183;759;-92;-102;10
1753;40;2039;2999.0;717.0;1181.0;484.0;616.0;131;76;54;1849;1080;769;1946;1185;761;-97;-105;8
1754;40;2040;3067.0;734.0;1208.0;495.0;630.0;132;77;55;1849;1080;769;1959;1192;767;-110;-112;2
1755;40;2041;3028.0;724.0;1192.0;489.0;623.0;128;75;54;1850;1081;769;1946;1183;763;-96;-102;6
1756;40;2042;3006.0;719.0;1184.0;485.0;618.0;126;74;52;1851;1081;770;1940;1180;761;-89;-99;9
1757;40;2043;2994.0;716.0;1179.0;483.0;616.0;124;72;52;1851;1082;769;1938;1177;761;-87;-95;8
1758;40;2044;2927.0;700.0;1153.0;472.0;602.0;119;70;50;1850;1080;770;1916;1162;754;-66;-82;16
1759;40;2045;2854.0;683.0;1124.0;460.0;587.0;115;67;48;1849;1079;770;1900;1152;748;-51;-73;22
1760;40;2046;2825.0;676.0;1113.0;455.0;581.0;113;66;47;1849;1080;769;1894;1148;746;-45;-68;23
1761;40;2047;2805.0;671.0;1105.0;452.0;577.0;110;64;46;1849;1079;770;1884;1140;744;-35;-61;26
1762;40;2048;2851.0;682.0;1123.0;459.0;586.0;111;65;46;1847;1078;769;1899;1150;749;-52;-72;20
1763;40;2049;2811.0;672.0;1107.0;453.0;578.0;108;63;45;1848;1078;770;1888;1143;745;-40;-65;25
1764;41;2008;2175.0;509.0;738.0;539.0;388.0;241;138;103;1915;1121;794;2103;1289;814;-188;-168;-20
1765;41;2009;2046.0;466.0;707.0;483.0;391.0;240;136;103;1781;1049;732;2172;1331;842;-391;-282;-110
1766;41;2010;2313.0;508.0;782.0;518.0;506.0;246;140;106;1766;1041;725;2204;1356;848;-438;-315;-123
1767;41;2011;2280.0;515.0;788.0;483.0;494.0;237;134;103;1766;1043;723;2171;1326;845;-405;-283;-122
1768;41;2012;2294.0;525.0;778.0;478.0;513.0;223;126;97;1779;1053;726;2044;1244;800;-265;-191;-74
1769;41;2013;2192.0;483.0;807.0;432.0;470.0;210;118;92;1771;1051;720;1958;1182;776;-187;-131;-56
1770;41;2014;2053.0;462.0;755.0;383.0;452.0;191;107;84;1759;1047;712;1837;1112;725;-78;-65;-13
1771;41;2015;2020.0;450.0;758.0;368.0;444.0;182;103;80;1744;1038;706;1779;1075;704;-35;-37;2
1772;41;2016;1944.0;448.0;733.0;328.0;435.0;172;97;75;1736;1033;703;1738;1054;683;-2;-21;20
1773;41;2017;1972.0;468.0;725.0;339.0;440.0;169;95;73;1730;1030;700;1719;1047;673;11;-17;27
1774;41;2018;1899.0;436.0;688.0;339.0;436.0;164;92;72;1722;1026;696;1714;1042;673;8;-16;23
1775;41;2019;1955.0;459.0;722.0;326.0;449.0;164;92;72;1718;1023;695;1737;1054;683;-19;-31;12
1776;41;2020;1934.0;454.0;706.0;321.0;453.0;161;91;71;1719;1024;695;1730;1050;680;-11;-26;15
1777;41;2021;1956.0;447.0;713.0;334.0;462.0;164;92;72;1715;1022;693;1765;1072;692;-50;-50;1
1778;41;2022;1944.0;448.0;705.0;325.0;465.0;160;90;70;1716;1023;693;1763;1071;692;-47;-48;1
1779;41;2023;1881.0;427.0;689.0;313.0;453.0;154;87;67;1715;1021;694;1763;1073;690;-48;-52;4
1780;41;2024;1851.0;408.0;681.0;309.0;453.0;151;85;66;1718;1023;695;1762;1073;689;-44;-50;6
1781;41;2025;1923.0;443.0;701.0;315.0;464.0;153;86;67;1718;1023;695;1783;1088;695;-65;-65;0
1782;41;2026;2016.0;504.0;722.0;318.0;472.0;153;86;67;1718;1022;696;1781;1085;696;-63;-63;0
1783;41;2027;2033.0;472.0;747.0;328.0;487.0;155;87;68;1720;1023;697;1791;1091;700;-71;-68;-3
1784;41;2028;2033.0;473.0;744.0;327.0;488.0;155;88;67;1718;1022;696;1792;1094;698;-74;-72;-2
1785;41;2029;2039.0;474.0;747.0;327.0;490.0;153;86;66;1716;1021;695;1794;1094;700;-78;-73;-5
1786;41;2030;2077.0;491.0;756.0;331.0;498.0;152;86;66;1717;1021;696;1804;1100;704;-87;-79;-8
1787;41;2031;2143.0;507.0;781.0;341.0;514.0;156;89;67;1718;1021;697;1831;1119;712;-113;-98;-15
1788;41;2032;2145.0;500.0;785.0;342.0;517.0;154;88;67;1715;1019;696;1828;1116;713;-113;-97;-17
1789;41;2033;2123.0;495.0;777.0;338.0;513.0;151;86;65;1717;1020;697;1823;1113;709;-106;-93;-12
1790;41;2034;2118.0;495.0;775.0;336.0;512.0;149;84;64;1714;1018;696;1815;1108;708;-101;-90;-12
1791;41;2035;2127.0;498.0;778.0;337.0;514.0;148;84;64;1713;1017;696;1818;1109;709;-105;-92;-13
1792;41;2036;2086.0;487.0;764.0;331.0;505.0;143;81;62;1712;1016;696;1803;1099;703;-91;-83;-7
1793;41;2037;2073.0;483.0;760.0;328.0;502.0;141;81;61;1712;1016;696;1803;1102;702;-91;-86;-6
1794;41;2038;2105.0;491.0;771.0;333.0;510.0;141;80;61;1710;1015;695;1806;1101;706;-96;-86;-11
1795;41;2039;2154.0;503.0;789.0;341.0;522.0;143;81;61;1709;1014;695;1824;1113;711;-115;-99;-16
1796;41;2040;2165.0;505.0;793.0;342.0;524.0;142;81;61;1710;1014;696;1828;1117;712;-118;-103;-16
1797;41;2041;2214.0;516.0;811.0;350.0;536.0;143;81;61;1711;1016;695;1843;1124;718;-132;-108;-23
1798;41;2042;2185.0;510.0;801.0;345.0;530.0;139;80;60;1712;1015;697;1833;1119;714;-121;-104;-17
1799;41;2043;2170.0;506.0;795.0;342.0;526.0;137;78;59;1710;1014;696;1830;1117;713;-120;-103;-17
1800;41;2044;2161.0;504.0;792.0;341.0;524.0;135;77;58;1709;1013;696;1829;1116;712;-120;-103;-16
1801;41;2045;2112.0;493.0;774.0;333.0;512.0;130;74;56;1707;1011;696;1810;1103;707;-103;-92;-11
1802;41;2046;2060.0;481.0;755.0;325.0;500.0;125;71;54;1706;1011;695;1796;1095;701;-90;-84;-6
1803;41;2047;2039.0;476.0;748.0;321.0;494.0;122;70;52;1706;1011;695;1793;1093;700;-87;-82;-5
1804;41;2048;2024.0;472.0;742.0;319.0;491.0;119;68;51;1704;1010;694;1784;1086;698;-80;-76;-4
1805;41;2049;2058.0;480.0;755.0;324.0;499.0;120;69;52;1703;1009;694;1800;1098;702;-97;-89;-8
1806;42;2008;1288.0;287.0;490.0;292.0;219.0;267;150;117;1778;1046;732;1954;1221;733;-176;-175;-1
1807;42;2009;1262.0;260.0;412.0;308.0;281.0;261;147;115;1657;980;677;2014;1248;765;-357;-268;-88
1808;42;2010;1264.0;234.0;435.0;304.0;290.0;260;145;114;1643;974;669;2035;1258;777;-392;-284;-108
1809;42;2011;1515.0;266.0;510.0;353.0;386.0;267;149;117;1646;977;669;2039;1263;775;-393;-286;-106
1810;42;2012;1504.0;278.0;520.0;334.0;372.0;257;143;114;1658;986;672;1996;1226;770;-338;-240;-98
1811;42;2013;1547.0;294.0;526.0;333.0;395.0;242;135;107;1649;982;667;1877;1149;728;-228;-167;-61
1812;42;2014;1432.0;255.0;540.0;279.0;358.0;228;126;102;1635;975;660;1802;1094;708;-167;-119;-48
1813;42;2015;1382.0;256.0;518.0;256.0;353.0;208;115;93;1625;970;655;1702;1036;665;-77;-66;-10
1814;42;2016;1362.0;254.0;523.0;241.0;344.0;198;110;88;1618;967;651;1663;1011;652;-45;-44;-1
1815;42;2017;1309.0;258.0;507.0;207.0;337.0;187;104;83;1609;963;646;1632;995;637;-23;-32;9
1816;42;2018;1336.0;278.0;500.0;217.0;342.0;183;102;81;1604;961;643;1617;989;627;-13;-28;16
1817;42;2019;1274.0;252.0;467.0;216.0;339.0;179;99;80;1599;958;641;1611;984;628;-12;-26;13
1818;42;2020;1323.0;270.0;497.0;206.0;350.0;179;99;80;1598;958;640;1632;995;637;-34;-37;3
1819;42;2021;1306.0;267.0;483.0;202.0;353.0;175;97;78;1597;958;639;1627;992;634;-30;-34;5
1820;42;2022;1315.0;258.0;486.0;211.0;360.0;178;99;79;1597;958;639;1657;1011;646;-60;-53;-7
1821;42;2023;1308.0;261.0;480.0;204.0;364.0;174;96;78;1597;958;639;1656;1009;647;-59;-51;-8
1822;42;2024;1265.0;246.0;469.0;196.0;353.0;167;93;75;1598;959;639;1657;1012;645;-59;-53;-6
1823;42;2025;1242.0;231.0;464.0;193.0;354.0;164;91;73;1598;959;639;1655;1011;644;-57;-52;-5
1824;42;2026;1296.0;259.0;479.0;196.0;362.0;166;92;74;1596;957;639;1675;1025;650;-79;-68;-11
1825;42;2027;1368.0;307.0;494.0;198.0;369.0;167;92;74;1598;958;640;1674;1023;651;-76;-65;-11
1826;42;2028;1374.0;277.0;512.0;204.0;381.0;169;94;75;1598;958;640;1683;1028;655;-85;-70;-15
1827;42;2029;1372.0;278.0;510.0;203.0;382.0;168;94;74;1595;956;639;1685;1032;654;-90;-76;-15
1828;42;2030;1377.0;279.0;511.0;203.0;384.0;166;93;73;1595;956;639;1687;1031;655;-92;-75;-16
1829;42;2031;1404.0;292.0;518.0;204.0;390.0;166;92;73;1592;954;638;1695;1036;659;-103;-82;-21
1830;42;2032;1449.0;301.0;535.0;210.0;403.0;170;95;75;1593;954;639;1722;1055;667;-129;-101;-28
1831;42;2033;1448.0;294.0;538.0;211.0;405.0;168;94;74;1592;954;638;1720;1052;668;-128;-98;-30
1832;42;2034;1433.0;291.0;532.0;208.0;402.0;165;92;72;1589;951;638;1714;1049;665;-125;-98;-27
1833;42;2035;1430.0;291.0;531.0;207.0;401.0;162;91;71;1589;950;639;1709;1044;664;-120;-94;-25
1834;42;2036;1436.0;293.0;533.0;207.0;403.0;161;90;71;1588;950;638;1711;1046;666;-123;-96;-28
1835;42;2037;1408.0;286.0;523.0;203.0;396.0;156;87;68;1586;949;637;1696;1036;661;-110;-87;-24
1836;42;2038;1399.0;284.0;520.0;202.0;394.0;154;87;67;1587;949;638;1699;1039;660;-112;-90;-22
1837;42;2039;1420.0;288.0;528.0;204.0;400.0;153;86;67;1587;949;638;1701;1038;663;-114;-89;-25
1838;42;2040;1453.0;295.0;540.0;209.0;409.0;155;87;68;1586;949;637;1719;1051;668;-133;-102;-31
1839;42;2041;1460.0;296.0;543.0;210.0;411.0;154;87;67;1586;949;637;1724;1054;670;-138;-105;-33
1840;42;2042;1493.0;303.0;555.0;214.0;421.0;155;87;68;1584;948;636;1737;1061;676;-153;-113;-40
1841;42;2043;1474.0;299.0;548.0;211.0;415.0;152;85;66;1586;949;637;1729;1056;673;-143;-107;-36
1842;42;2044;1463.0;297.0;545.0;210.0;412.0;149;84;65;1586;948;638;1727;1055;672;-141;-107;-34
1843;42;2045;1458.0;296.0;542.0;209.0;411.0;146;82;64;1586;948;638;1726;1054;672;-140;-106;-34
1844;42;2046;1425.0;289.0;530.0;204.0;402.0;141;79;62;1584;947;637;1710;1043;667;-126;-96;-30
1845;42;2047;1390.0;282.0;517.0;199.0;392.0;136;77;59;1583;947;636;1697;1035;663;-114;-88;-27
1846;42;2048;1375.0;279.0;512.0;196.0;388.0;133;75;58;1582;946;636;1694;1032;662;-112;-86;-26
1847;42;2049;1365.0;277.0;508.0;195.0;385.0;130;73;57;1583;947;636;1688;1027;660;-105;-80;-24
1848;43;2008;769.0;166.0;313.0;152.0;139.0;302;167;135;1680;992;688;1965;1230;736;-285;-238;-48
1849;43;2009;674.0;138.0;245.0;143.0;149.0;292;161;131;1565;927;638;1956;1235;721;-391;-308;-83
1850;43;2010;756.0;135.0;250.0;187.0;185.0;286;158;128;1554;922;632;1973;1234;739;-419;-312;-107
1851;43;2011;764.0;113.0;270.0;191.0;191.0;284;156;128;1552;924;628;1963;1222;741;-411;-298;-113
1852;43;2012;974.0;135.0;329.0;236.0;274.0;292;161;131;1567;933;634;1955;1219;736;-388;-286;-102
1853;43;2013;972.0;143.0;344.0;219.0;265.0;281;154;127;1556;928;628;1905;1178;727;-349;-250;-99
1854;43;2014;996.0;157.0;331.0;218.0;290.0;265;145;120;1544;923;621;1794;1105;689;-250;-182;-68
1855;43;2015;926.0;132.0;360.0;175.0;259.0;249;135;114;1534;918;616;1730;1058;672;-196;-140;-56
1856;43;2016;902.0;141.0;346.0;158.0;257.0;227;124;104;1527;915;612;1645;1009;635;-118;-94;-23
1857;43;2017;893.0;142.0;352.0;148.0;251.0;217;118;99;1518;912;606;1613;988;625;-95;-76;-19
1858;43;2018;856.0;148.0;340.0;120.0;247.0;205;112;93;1512;908;604;1581;971;610;-69;-63;-6
1859;43;2019;878.0;164.0;333.0;129.0;252.0;201;110;91;1507;905;602;1567;965;602;-60;-60;0
1860;43;2020;835.0;145.0;310.0;130.0;249.0;196;107;89;1505;904;601;1560;959;601;-55;-55;0
1861;43;2021;870.0;159.0;333.0;120.0;258.0;196;106;89;1503;904;599;1580;969;611;-77;-65;-12
1862;43;2022;858.0;157.0;322.0;117.0;261.0;192;105;88;1503;904;599;1574;965;609;-71;-61;-10
1863;43;2023;861.0;150.0;323.0;123.0;265.0;195;106;89;1503;903;600;1602;983;619;-99;-80;-19
1864;43;2024;857.0;152.0;319.0;118.0;268.0;190;103;87;1506;904;602;1600;980;620;-94;-76;-18
1865;43;2025;828.0;142.0;312.0;112.0;261.0;184;100;83;1505;903;602;1598;980;617;-93;-77;-15
1866;43;2026;811.0;131.0;308.0;110.0;261.0;180;98;82;1505;903;602;1595;978;616;-90;-75;-14
1867;43;2027;849.0;151.0;318.0;112.0;268.0;182;100;83;1503;902;601;1613;991;622;-110;-89;-21
1868;43;2028;902.0;187.0;329.0;112.0;273.0;183;100;83;1504;902;602;1611;989;622;-107;-87;-20
1869;43;2029;903.0;163.0;342.0;117.0;281.0;185;101;84;1503;902;601;1620;994;626;-117;-92;-25
1870;43;2030;902.0;163.0;340.0;116.0;282.0;184;101;83;1501;901;600;1622;997;625;-121;-96;-25
1871;43;2031;904.0;164.0;341.0;115.0;284.0;182;100;82;1501;900;601;1622;996;627;-121;-96;-26
1872;43;2032;924.0;174.0;345.0;115.0;289.0;182;100;82;1500;899;601;1629;999;630;-129;-100;-29
1873;43;2033;952.0;179.0;357.0;118.0;299.0;186;103;84;1500;898;602;1654;1016;638;-154;-118;-36
1874;43;2034;950.0;172.0;359.0;119.0;301.0;184;101;83;1498;897;601;1651;1013;638;-153;-116;-37
1875;43;2035;940.0;171.0;355.0;117.0;298.0;180;100;81;1495;895;600;1646;1010;635;-151;-115;-35
1876;43;2036;939.0;171.0;354.0;116.0;298.0;177;98;80;1496;895;601;1638;1004;634;-142;-109;-33
1877;43;2037;942.0;172.0;355.0;116.0;299.0;176;97;79;1496;895;601;1640;1005;635;-144;-110;-34
1878;43;2038;924.0;168.0;349.0;113.0;294.0;171;94;76;1495;895;600;1626;996;630;-131;-101;-30
1879;43;2039;918.0;166.0;347.0;112.0;292.0;168;93;75;1494;894;600;1626;997;629;-132;-103;-29
1880;43;2040;931.0;169.0;352.0;114.0;297.0;168;92;75;1493;894;599;1629;995;634;-136;-101;-35
1881;43;2041;953.0;173.0;360.0;116.0;304.0;170;94;76;1493;893;600;1645;1007;638;-152;-114;-38
1882;43;2042;958.0;174.0;362.0;116.0;305.0;169;94;75;1491;892;599;1649;1009;640;-158;-117;-41
1883;43;2043;979.0;177.0;370.0;119.0;312.0;170;94;76;1490;891;599;1660;1015;645;-170;-124;-46
1884;43;2044;966.0;175.0;366.0;117.0;308.0;166;92;74;1489;891;598;1652;1010;641;-163;-119;-43
1885;43;2045;959.0;174.0;363.0;116.0;306.0;163;91;73;1491;892;599;1649;1008;641;-158;-116;-42
1886;43;2046;955.0;173.0;362.0;115.0;305.0;160;89;71;1489;890;599;1648;1008;641;-159;-118;-42
1887;43;2047;934.0;169.0;354.0;113.0;298.0;154;86;69;1487;889;598;1632;996;637;-145;-107;-39
1888;43;2048;911.0;165.0;345.0;110.0;291.0;149;83;66;1486;888;598;1619;987;632;-133;-99;-34
1889;43;2049;902.0;163.0;342.0;109.0;288.0;146;81;65;1487;888;599;1617;986;631;-130;-98;-32
1890;44;2008;425.0;105.0;189.0;55.0;76.0;343;186;156;1546;913;633;1849;1191;658;-303;-278;-25
1891;44;2009;380.0;81.0;135.0;79.0;85.0;332;181;151;1445;857;588;1873;1216;657;-428;-359;-69
1892;44;2010;383.0;76.0;140.0;84.0;82.0;321;174;147;1435;852;583;1831;1196;635;-396;-344;-52
1893;44;2011;457.0;76.0;143.0;123.0;116.0;315;171;144;1432;853;579;1824;1179;645;-392;-326;-66
1894;44;2012;457.0;59.0;157.0;123.0;117.0;312;169;144;1442;860;582;1803;1159;644;-361;-299;-62
1895;44;2013;616.0;75.0;200.0;157.0;184.0;321;174;148;1434;857;577;1790;1152;638;-356;-295;-61
1896;44;2014;592.0;74.0;196.0;143.0;179.0;309;167;143;1424;853;571;1747;1115;632;-323;-262;-61
1897;44;2015;635.0;88.0;197.0;149.0;202.0;292;157;135;1413;848;565;1660;1056;603;-247;-208;-38
1898;44;2016;576.0;73.0;216.0;112.0;175.0;275;147;128;1406;845;561;1614;1022;592;-208;-177;-31
1899;44;2017;565.0;80.0;209.0;100.0;176.0;251;134;117;1399;841;558;1545;980;564;-146;-139;-6
1900;44;2018;560.0;82.0;213.0;93.0;172.0;239;128;111;1393;838;555;1517;961;556;-124;-123;-1
1901;44;2019;533.0;86.0;205.0;72.0;170.0;226;121;105;1389;837;552;1489;946;543;-100;-109;9
1902;44;2020;552.0;97.0;201.0;80.0;174.0;221;119;102;1388;836;552;1477;940;537;-89;-104;15
1903;44;2021;524.0;85.0;186.0;81.0;172.0;216;116;100;1387;834;553;1473;935;537;-86;-101;16
1904;44;2022;546.0;94.0;201.0;73.0;178.0;216;116;100;1388;835;553;1491;944;546;-103;-109;7
1905;44;2023;539.0;93.0;194.0;71.0;181.0;212;114;99;1387;835;552;1485;941;544;-98;-106;8
1906;44;2024;540.0;88.0;194.0;75.0;183.0;215;115;100;1389;836;553;1511;957;554;-122;-121;-1
1907;44;2025;538.0;90.0;191.0;71.0;186.0;210;112;98;1387;834;553;1509;955;555;-122;-121;-2
1908;44;2026;520.0;84.0;188.0;67.0;181.0;202;109;94;1388;835;553;1509;956;553;-121;-121;0
1909;44;2027;509.0;77.0;185.0;66.0;181.0;199;107;92;1387;835;552;1506;953;553;-119;-118;-1
1910;44;2028;534.0;90.0;191.0;67.0;186.0;201;108;93;1388;835;553;1524;966;558;-136;-131;-5
1911;44;2029;567.0;112.0;198.0;67.0;189.0;201;108;93;1390;836;554;1523;964;560;-133;-128;-6
1912;44;2030;567.0;97.0;206.0;70.0;195.0;204;110;94;1389;835;554;1532;969;563;-143;-134;-9
1913;44;2031;566.0;97.0;205.0;69.0;196.0;203;110;93;1388;834;554;1534;971;563;-146;-137;-9
1914;44;2032;568.0;97.0;205.0;69.0;197.0;201;109;92;1386;833;553;1537;971;565;-151;-138;-12
1915;44;2033;582.0;105.0;208.0;67.0;202.0;201;108;92;1386;832;554;1544;975;569;-158;-143;-15
1916;44;2034;598.0;106.0;215.0;69.0;208.0;205;111;94;1385;831;554;1567;991;576;-182;-160;-22
1917;44;2035;596.0;102.0;216.0;69.0;209.0;203;110;93;1385;831;554;1566;989;577;-181;-158;-23
1918;44;2036;590.0;100.0;214.0;68.0;208.0;199;108;91;1383;830;553;1560;985;575;-177;-155;-22
1919;44;2037;588.0;100.0;213.0;67.0;208.0;196;106;89;1380;828;552;1556;981;575;-176;-153;-23
1920;44;2038;591.0;101.0;214.0;67.0;209.0;194;106;88;1379;827;552;1558;982;576;-179;-155;-24
1921;44;2039;579.0;98.0;210.0;65.0;205.0;188;102;86;1380;828;552;1546;974;572;-166;-146;-20
1922;44;2040;575.0;97.0;209.0;65.0;204.0;186;102;84;1381;827;554;1547;975;572;-166;-148;-18
1923;44;2041;583.0;99.0;212.0;65.0;207.0;185;100;84;1379;826;553;1551;975;576;-172;-149;-23
1924;44;2042;597.0;101.0;217.0;66.0;212.0;187;102;85;1380;827;553;1567;986;581;-187;-159;-28
1925;44;2043;599.0;101.0;218.0;67.0;213.0;186;102;84;1378;825;553;1572;988;584;-194;-163;-31
1926;44;2044;613.0;103.0;223.0;68.0;218.0;188;102;85;1376;824;552;1585;995;589;-209;-171;-37
1927;44;2045;605.0;102.0;220.0;67.0;215.0;183;100;83;1376;824;552;1577;990;587;-201;-166;-35
1928;44;2046;600.0;101.0;219.0;66.0;214.0;180;98;81;1376;824;552;1576;989;587;-200;-165;-35
1929;44;2047;598.0;101.0;218.0;66.0;213.0;177;97;80;1376;824;552;1576;988;587;-200;-164;-35
1930;44;2048;584.0;99.0;213.0;64.0;208.0;170;93;77;1376;825;551;1562;979;584;-186;-154;-33
1931;44;2049;570.0;96.0;208.0;62.0;203.0;164;90;74;1376;825;551;1552;972;580;-176;-147;-29
1932;45;2008;179.0;49.0;61.0;28.0;42.0;380;205;175;1421;837;584;1731;1102;628;-310;-265;-44
1933;45;2009;166.0;34.0;54.0;29.0;49.0;380;205;175;1327;785;542;1811;1158;652;-484;-373;-110
1934;45;2010;180.0;33.0;56.0;43.0;48.0;368;199;169;1319;781;538;1797;1157;640;-478;-376;-102
1935;45;2011;182.0;32.0;58.0;47.0;44.0;356;192;164;1316;782;534;1736;1123;613;-420;-341;-79
1936;45;2012;229.0;31.0;57.0;73.0;69.0;349;188;161;1326;793;533;1715;1098;617;-389;-305;-84
1937;45;2013;230.0;25.0;63.0;73.0;69.0;346;186;161;1321;791;530;1688;1075;613;-367;-284;-83
1938;45;2014;319.0;28.0;75.0;99.0;117.0;356;191;165;1308;784;524;1679;1070;609;-371;-286;-85
1939;45;2015;306.0;28.0;77.0;89.0;112.0;343;183;160;1300;780;520;1647;1043;604;-347;-263;-84
1940;45;2016;328.0;34.0;76.0;91.0;126.0;324;173;151;1292;775;517;1577;998;579;-285;-223;-62
1941;45;2017;288.0;28.0;83.0;67.0;109.0;305;162;143;1287;773;514;1540;970;570;-253;-197;-56
1942;45;2018;281.0;31.0;80.0;60.0;110.0;278;148;131;1280;770;510;1474;932;542;-194;-162;-32
1943;45;2019;276.0;31.0;81.0;56.0;108.0;265;141;124;1276;767;509;1447;914;533;-171;-147;-24
1944;45;2020;260.0;33.0;78.0;43.0;106.0;251;134;118;1276;766;510;1421;900;521;-145;-134;-11
1945;45;2021;270.0;37.0;77.0;48.0;109.0;246;131;115;1274;766;508;1408;894;513;-134;-128;-5
1946;45;2022;260.0;33.0;71.0;48.0;107.0;240;127;112;1274;766;508;1404;890;514;-130;-124;-6
1947;45;2023;267.0;36.0;77.0;43.0;112.0;240;127;112;1272;764;508;1420;898;522;-148;-134;-14
1948;45;2024;265.0;36.0;74.0;42.0;113.0;236;125;110;1273;765;508;1414;895;519;-141;-130;-11
1949;45;2025;267.0;34.0;74.0;44.0;115.0;239;127;112;1273;764;509;1438;909;529;-165;-145;-20
1950;45;2026;266.0;34.0;73.0;42.0;116.0;233;124;109;1274;764;510;1435;906;530;-161;-142;-20
1951;45;2027;257.0;32.0;72.0;40.0;113.0;225;120;105;1273;763;510;1433;906;527;-160;-143;-17
1952;45;2028;253.0;30.0;71.0;39.0;113.0;221;118;103;1275;764;511;1431;904;526;-156;-140;-15
1953;45;2029;263.0;34.0;73.0;40.0;116.0;223;120;104;1273;763;510;1447;916;531;-174;-153;-21
1954;45;2030;276.0;42.0;76.0;39.0;118.0;224;120;104;1271;762;509;1446;914;533;-175;-152;-24
1955;45;2031;279.0;37.0;78.0;41.0;122.0;226;121;105;1270;760;510;1455;918;537;-185;-158;-27
1956;45;2032;278.0;37.0;78.0;41.0;123.0;226;122;104;1270;760;510;1456;920;536;-186;-160;-26
1957;45;2033;279.0;37.0;78.0;40.0;123.0;223;120;103;1269;759;510;1457;920;537;-188;-161;-27
1958;45;2034;288.0;42.0;80.0;39.0;127.0;223;120;103;1269;759;510;1464;923;541;-195;-164;-31
1959;45;2035;293.0;40.0;82.0;40.0;131.0;228;123;105;1269;759;510;1485;938;547;-216;-179;-37
1960;45;2036;292.0;37.0;83.0;39.0;132.0;226;122;104;1268;758;510;1483;935;549;-215;-177;-39
1961;45;2037;288.0;37.0;82.0;39.0;131.0;221;120;102;1267;757;510;1479;933;546;-212;-176;-36
1962;45;2038;287.0;37.0;82.0;38.0;131.0;218;118;100;1268;757;511;1473;928;545;-205;-171;-34
1963;45;2039;288.0;37.0;82.0;37.0;132.0;216;117;99;1268;757;511;1476;930;547;-208;-173;-36
1964;45;2040;282.0;35.0;80.0;36.0;130.0;209;113;96;1265;756;509;1463;921;542;-198;-165;-33
1965;45;2041;280.0;35.0;80.0;36.0;129.0;206;112;94;1265;755;510;1466;924;542;-201;-169;-32
1966;45;2042;284.0;35.0;81.0;36.0;131.0;206;111;94;1265;754;511;1469;923;546;-204;-169;-35
1967;45;2043;290.0;36.0;83.0;37.0;135.0;208;113;95;1264;754;510;1483;933;550;-219;-179;-40
1968;45;2044;291.0;36.0;83.0;36.0;135.0;207;113;94;1266;755;511;1487;936;552;-221;-181;-41
1969;45;2045;297.0;37.0;85.0;37.0;138.0;208;113;95;1264;754;510;1500;942;557;-236;-188;-47
1970;45;2046;293.0;36.0;84.0;36.0;137.0;204;111;93;1263;753;510;1492;938;554;-229;-185;-44
1971;45;2047;291.0;36.0;84.0;36.0;136.0;200;109;91;1263;753;510;1492;938;554;-229;-185;-44
1972;45;2048;290.0;36.0;83.0;36.0;135.0;197;107;90;1263;753;510;1491;937;554;-228;-184;-44
1973;45;2049;283.0;35.0;81.0;35.0;132.0;189;103;86;1263;753;510;1479;929;550;-216;-176;-40
1974;46;2008;54.0;16.0;8.0;6.0;25.0;421;227;194;1305;771;534;1611;1037;574;-306;-266;-40
1975;46;2009;59.0;12.0;8.0;12.0;27.0;422;228;194;1222;726;496;1672;1085;587;-450;-359;-91
1976;46;2010;61.0;12.0;9.0;12.0;28.0;422;228;194;1208;719;489;1711;1112;600;-503;-393;-111
1977;46;2011;67.0;13.0;8.0;17.0;29.0;409;221;188;1210;720;490;1677;1094;583;-467;-374;-93
1978;46;2012;66.0;12.0;8.0;17.0;28.0;396;213;182;1217;728;489;1606;1051;555;-389;-323;-66
1979;46;2013;82.0;12.0;8.0;27.0;36.0;388;209;179;1211;726;485;1578;1021;557;-367;-295;-72
1980;46;2014;84.0;12.0;8.0;28.0;37.0;385;207;178;1200;721;479;1557;1004;553;-357;-283;-74
1981;46;2015;114.0;12.0;8.0;38.0;56.0;396;213;183;1194;717;477;1557;1005;552;-363;-288;-75
1982;46;2016;106.0;12.0;8.0;33.0;53.0;381;204;177;1185;713;472;1538;988;550;-353;-275;-78
1983;46;2017;110.0;11.0;8.0;34.0;57.0;361;193;168;1180;710;470;1477;947;531;-297;-237;-61
1984;46;2018;94.0;11.0;8.0;25.0;51.0;339;180;159;1173;706;467;1443;921;522;-270;-215;-55
1985;46;2019;89.0;10.0;7.0;23.0;50.0;310;165;145;1170;704;466;1379;883;497;-209;-179;-31
1986;46;2020;86.0;10.0;7.0;21.0;49.0;295;157;138;1169;703;466;1354;866;488;-185;-163;-22
1987;46;2021;80.0;9.0;6.0;16.0;48.0;279;149;131;1169;703;466;1327;850;477;-158;-147;-11
1988;46;2022;82.0;9.0;6.0;18.0;49.0;274;146;127;1166;702;464;1316;845;471;-150;-143;-7
1989;46;2023;82.0;9.0;6.0;18.0;48.0;267;142;125;1168;703;465;1312;840;471;-144;-137;-6
1990;46;2024;82.0;9.0;6.0;17.0;50.0;267;142;125;1169;704;465;1325;847;478;-156;-143;-13
1991;46;2025;82.0;9.0;6.0;16.0;50.0;262;140;122;1169;704;465;1319;843;476;-150;-139;-11
1992;46;2026;84.0;9.0;7.0;17.0;51.0;266;142;124;1171;704;467;1341;858;484;-170;-154;-17
1993;46;2027;83.0;9.0;6.0;16.0;52.0;260;138;121;1170;703;467;1338;854;484;-168;-151;-17
1994;46;2028;81.0;9.0;6.0;15.0;50.0;250;134;116;1170;703;467;1336;853;482;-166;-150;-15
1995;46;2029;80.0;9.0;6.0;15.0;50.0;246;132;114;1169;702;467;1333;852;481;-164;-150;-14
1996;46;2030;82.0;9.0;6.0;15.0;51.0;249;134;115;1167;701;466;1349;863;487;-182;-162;-21
1997;46;2031;83.0;9.0;6.0;15.0;52.0;249;134;115;1168;701;467;1348;861;487;-180;-160;-20
1998;46;2032;86.0;9.0;7.0;16.0;54.0;252;135;117;1168;701;467;1356;865;491;-188;-164;-24
1999;46;2033;86.0;10.0;7.0;16.0;54.0;251;136;115;1167;700;467;1358;867;491;-191;-167;-24
2000;46;2034;86.0;10.0;7.0;16.0;54.0;248;134;114;1166;700;466;1359;867;491;-193;-167;-25
2001;46;2035;91.0;13.0;8.0;13.0;58.0;248;134;114;1166;700;466;1365;871;495;-199;-171;-29
2002;46;2036;90.0;10.0;7.0;13.0;60.0;254;138;116;1166;700;466;1386;884;502;-220;-184;-36
2003;46;2037;88.0;8.0;7.0;13.0;60.0;251;136;115;1164;698;466;1383;881;502;-219;-183;-36
2004;46;2038;87.0;7.0;7.0;13.0;60.0;246;134;112;1162;697;465;1380;880;500;-218;-183;-35
2005;46;2039;86.0;7.0;7.0;12.0;60.0;242;131;111;1163;698;465;1374;875;499;-211;-177;-34
2006;46;2040;86.0;7.0;7.0;11.0;61.0;240;131;110;1162;697;465;1377;876;501;-215;-179;-36
2007;46;2041;84.0;6.0;7.0;11.0;60.0;233;127;106;1164;696;468;1366;868;497;-202;-172;-29
2008;46;2042;83.0;6.0;7.0;10.0;59.0;230;126;104;1162;695;467;1367;871;496;-205;-176;-29
2009;46;2043;84.0;6.0;7.0;10.0;60.0;229;124;104;1162;695;467;1371;871;500;-209;-176;-33
2010;46;2044;85.0;6.0;7.0;10.0;62.0;232;126;105;1163;696;467;1384;880;504;-221;-184;-37
2011;46;2045;85.0;6.0;7.0;10.0;62.0;231;126;105;1162;696;466;1388;883;506;-226;-187;-40
2012;46;2046;87.0;6.0;8.0;10.0;64.0;232;127;106;1162;695;467;1400;889;511;-238;-194;-44
2013;46;2047;86.0;6.0;7.0;10.0;63.0;227;124;103;1161;695;466;1393;885;508;-232;-190;-42
2014;46;2048;85.0;6.0;7.0;9.0;63.0;223;122;101;1160;694;466;1392;884;508;-232;-190;-42
2015;46;2049;84.0;6.0;7.0;9.0;62.0;219;120;99;1160;694;466;1392;885;508;-232;-191;-42
2016;47;2008;25.0;8.0;4.0;4.0;9.0;471;253;218;1193;714;479;1423;912;511;-230;-198;-32
2017;47;2009;26.0;8.0;4.0;5.0;10.0;468;252;216;1113;667;446;1486;958;527;-373;-291;-81
2018;47;2010;26.0;8.0;4.0;5.0;10.0;470;254;216;1106;665;441;1513;981;532;-407;-316;-91
2019;47;2011;26.0;8.0;4.0;4.0;10.0;469;253;216;1103;664;439;1531;991;540;-428;-327;-101
2020;47;2012;25.0;8.0;4.0;4.0;9.0;455;246;209;1111;670;441;1491;968;523;-380;-298;-82
2021;47;2013;25.0;7.0;4.0;4.0;9.0;440;237;203;1106;668;438;1425;928;497;-319;-260;-59
2022;47;2014;25.0;7.0;4.0;4.0;9.0;432;232;199;1096;662;434;1401;901;499;-305;-239;-65
2023;47;2015;25.0;7.0;4.0;5.0;10.0;429;230;199;1087;657;430;1392;893;499;-305;-236;-69
2024;47;2016;26.0;8.0;4.0;5.0;10.0;441;237;204;1082;655;427;1404;904;500;-322;-249;-73
2025;47;2017;26.0;7.0;4.0;5.0;10.0;425;227;198;1077;651;426;1393;891;502;-316;-240;-76
2026;47;2018;25.0;7.0;4.0;4.0;9.0;402;215;187;1074;650;424;1340;856;485;-266;-206;-61
2027;47;2019;24.0;7.0;4.0;4.0;9.0;378;201;177;1067;646;421;1310;833;478;-243;-187;-57
2028;47;2020;22.0;6.0;3.0;4.0;8.0;345;183;162;1065;645;420;1255;799;455;-190;-154;-35
2029;47;2021;21.0;6.0;3.0;4.0;8.0;329;175;154;1065;645;420;1233;785;448;-168;-140;-28
2030;47;2022;20.0;6.0;3.0;4.0;8.0;311;166;145;1065;644;421;1208;770;438;-143;-126;-17
2031;47;2023;20.0;6.0;3.0;4.0;8.0;305;163;142;1066;645;421;1198;765;432;-132;-120;-11
2032;47;2024;20.0;6.0;3.0;4.0;7.0;298;159;139;1068;646;422;1195;762;433;-127;-116;-11
2033;47;2025;20.0;6.0;3.0;4.0;8.0;298;159;139;1067;645;422;1208;768;440;-141;-123;-18
2034;47;2026;20.0;6.0;3.0;4.0;8.0;293;156;136;1068;646;422;1204;766;438;-136;-120;-16
2035;47;2027;20.0;6.0;3.0;4.0;8.0;297;159;138;1069;647;422;1222;777;446;-153;-130;-24
2036;47;2028;20.0;6.0;3.0;4.0;8.0;290;155;135;1071;647;424;1220;774;446;-149;-127;-22
2037;47;2029;20.0;6.0;3.0;4.0;7.0;279;150;130;1070;646;424;1219;775;444;-149;-129;-20
2038;47;2030;20.0;6.0;3.0;4.0;7.0;274;147;127;1069;646;423;1219;774;445;-150;-128;-22
2039;47;2031;20.0;6.0;3.0;4.0;8.0;277;149;128;1069;646;423;1234;785;449;-165;-139;-26
2040;47;2032;20.0;6.0;3.0;4.0;8.0;278;150;128;1068;645;423;1234;783;451;-166;-138;-28
2041;47;2033;21.0;6.0;3.0;4.0;8.0;281;151;130;1066;643;423;1241;787;454;-175;-144;-31
2042;47;2034;21.0;6.0;3.0;4.0;8.0;280;152;128;1066;643;423;1244;790;454;-178;-147;-31
2043;47;2035;21.0;6.0;3.0;4.0;8.0;277;150;127;1065;643;422;1246;790;455;-181;-147;-33
2044;47;2036;21.0;6.0;3.0;4.0;8.0;277;150;127;1065;642;423;1253;794;458;-188;-152;-35
2045;47;2037;22.0;6.0;3.0;4.0;8.0;283;154;129;1064;642;422;1271;807;465;-207;-165;-43
2046;47;2038;22.0;6.0;3.0;4.0;8.0;280;152;128;1064;641;423;1271;805;466;-207;-164;-43
2047;47;2039;22.0;6.0;3.0;4.0;8.0;275;149;125;1065;641;424;1268;804;464;-203;-163;-40
2048;47;2040;22.0;6.0;3.0;4.0;8.0;270;147;123;1063;640;423;1265;801;464;-202;-161;-41
2049;47;2041;22.0;6.0;3.0;4.0;8.0;268;146;122;1064;640;424;1268;803;466;-204;-163;-42
2050;47;2042;22.0;6.0;3.0;4.0;8.0;260;142;118;1065;641;424;1259;796;463;-194;-155;-39
2051;47;2043;21.0;6.0;3.0;4.0;8.0;257;141;116;1064;641;423;1261;799;463;-197;-158;-40
2052;47;2044;22.0;6.0;3.0;4.0;8.0;255;139;116;1068;642;426;1266;799;466;-198;-157;-40
2053;47;2045;22.0;6.0;3.0;4.0;8.0;259;141;117;1066;641;425;1279;809;470;-213;-168;-45
2054;47;2046;22.0;6.0;3.0;4.0;8.0;258;141;116;1066;641;425;1285;812;472;-219;-171;-47
2055;47;2047;23.0;7.0;4.0;4.0;9.0;259;142;118;1065;640;425;1295;818;477;-230;-178;-52
2056;47;2048;23.0;7.0;3.0;4.0;9.0;253;139;115;1064;640;424;1291;815;475;-227;-175;-51
2057;47;2049;22.0;6.0;3.0;4.0;8.0;248;136;112;1066;641;425;1291;816;475;-225;-175;-50
2058;48;2008;14.0;6.0;2.0;2.0;4.0;516;280;237;1089;641;448;1390;874;516;-301;-233;-68
2059;48;2009;15.0;6.0;2.0;2.0;5.0;522;282;240;1021;601;420;1399;880;519;-378;-279;-99
2060;48;2010;14.0;6.0;2.0;2.0;4.0;518;280;239;1016;599;417;1431;904;527;-415;-305;-110
2061;48;2011;13.0;6.0;2.0;2.0;3.0;520;281;238;1011;598;413;1439;913;526;-428;-315;-113
2062;48;2012;14.0;6.0;2.0;3.0;4.0;519;281;239;1020;605;415;1445;915;530;-425;-310;-115
2063;48;2013;14.0;6.0;2.0;2.0;4.0;503;272;231;1016;602;414;1401;890;511;-385;-288;-97
2064;48;2014;14.0;6.0;2.0;2.0;4.0;487;263;224;1006;597;409;1342;855;487;-336;-258;-78
2065;48;2015;13.0;6.0;2.0;2.0;4.0;477;257;220;999;593;406;1326;836;490;-327;-243;-84
2066;48;2016;14.0;6.0;2.0;2.0;4.0;474;254;220;994;590;404;1328;836;492;-334;-246;-88
2067;48;2017;14.0;6.0;2.0;3.0;4.0;487;261;226;989;588;401;1346;850;497;-357;-262;-96
2068;48;2018;14.0;6.0;2.0;2.0;4.0;469;251;219;982;585;397;1337;839;498;-355;-254;-101
2069;48;2019;13.0;6.0;2.0;2.0;4.0;444;237;207;978;583;395;1288;807;481;-310;-224;-86
2070;48;2020;13.0;6.0;2.0;2.0;3.0;417;221;196;978;583;395;1257;784;474;-279;-201;-79
2071;48;2021;12.0;5.0;1.0;2.0;3.0;381;202;179;976;582;394;1204;753;451;-228;-171;-57
2072;48;2022;11.0;5.0;1.0;2.0;3.0;363;193;170;979;584;395;1182;739;442;-203;-155;-47
2073;48;2023;11.0;5.0;1.0;2.0;3.0;344;183;161;980;584;396;1158;726;432;-178;-142;-36
2074;48;2024;11.0;5.0;1.0;2.0;3.0;337;180;157;980;583;397;1147;720;426;-167;-137;-29
2075;48;2025;11.0;5.0;1.0;2.0;3.0;329;175;154;980;583;397;1144;717;427;-164;-134;-30
2076;48;2026;11.0;5.0;1.0;2.0;3.0;329;175;154;982;584;398;1156;723;433;-174;-139;-35
2077;48;2027;11.0;5.0;1.0;2.0;3.0;323;172;151;983;584;399;1152;720;432;-169;-136;-33
2078;48;2028;11.0;5.0;1.0;2.0;3.0;328;175;153;983;584;399;1170;731;439;-187;-147;-40
2079;48;2029;11.0;5.0;1.0;2.0;3.0;320;170;150;981;583;398;1167;728;439;-186;-145;-41
2080;48;2030;11.0;5.0;1.0;2.0;3.0;309;165;144;983;584;399;1165;728;437;-182;-144;-38
2081;48;2031;11.0;5.0;1.0;2.0;3.0;303;162;141;982;583;399;1164;727;437;-182;-144;-38
2082;48;2032;11.0;5.0;1.0;2.0;3.0;306;164;142;980;583;397;1179;737;442;-199;-154;-45
2083;48;2033;11.0;5.0;1.0;2.0;3.0;307;164;143;981;583;398;1180;737;443;-199;-154;-45
2084;48;2034;11.0;5.0;1.0;2.0;3.0;311;167;145;980;582;398;1187;740;447;-207;-158;-49
2085;48;2035;11.0;5.0;1.0;2.0;3.0;310;167;143;979;581;398;1190;743;447;-211;-162;-49
2086;48;2036;11.0;5.0;1.0;2.0;3.0;306;165;142;978;581;397;1192;744;448;-214;-163;-51
2087;48;2037;12.0;5.0;1.0;2.0;3.0;306;165;142;980;582;398;1199;748;451;-219;-166;-53
2088;48;2038;12.0;5.0;1.0;2.0;3.0;313;169;144;978;581;397;1216;759;457;-238;-178;-60
2089;48;2039;12.0;5.0;1.0;2.0;3.0;310;167;143;979;581;398;1217;758;459;-238;-177;-61
2090;48;2040;12.0;5.0;1.0;2.0;3.0;304;164;140;980;581;399;1214;757;457;-234;-176;-58
2091;48;2041;12.0;5.0;1.0;2.0;3.0;299;161;138;979;581;398;1211;754;457;-232;-173;-59
2092;48;2042;12.0;5.0;1.0;2.0;3.0;296;160;136;978;580;398;1214;756;459;-236;-176;-61
2093;48;2043;12.0;5.0;1.0;2.0;3.0;287;155;132;978;580;398;1206;750;456;-228;-170;-58
2094;48;2044;12.0;5.0;1.0;2.0;3.0;283;154;130;978;580;398;1208;753;455;-230;-173;-57
2095;48;2045;12.0;5.0;1.0;2.0;3.0;282;152;130;980;580;400;1212;753;459;-232;-173;-59
2096;48;2046;12.0;5.0;1.0;2.0;3.0;286;155;131;979;580;399;1226;763;463;-247;-183;-64
2097;48;2047;12.0;5.0;2.0;2.0;3.0;284;154;130;980;580;400;1231;766;465;-251;-186;-65
2098;48;2048;12.0;5.0;2.0;2.0;3.0;286;155;131;980;580;400;1242;772;470;-262;-192;-70
2099;48;2049;12.0;5.0;2.0;2.0;3.0;279;151;128;979;580;399;1238;770;468;-259;-190;-69
2100;49;2008;14.0;4.0;3.0;1.0;7.0;572;311;261;991;583;408;1202;754;448;-211;-171;-40
2101;49;2009;14.0;5.0;3.0;1.0;5.0;568;309;259;928;548;380;1287;819;467;-359;-271;-87
2102;49;2010;16.0;6.0;3.0;1.0;6.0;573;311;263;924;545;379;1274;810;463;-350;-265;-84
2103;49;2011;15.0;5.0;3.0;1.0;6.0;569;308;261;924;547;377;1292;823;469;-368;-276;-92
2104;49;2012;15.0;5.0;3.0;1.0;6.0;570;309;261;931;553;378;1292;827;465;-361;-274;-87
2105;49;2013;15.0;5.0;3.0;1.0;6.0;570;308;262;928;551;377;1297;828;468;-369;-277;-91
2106;49;2014;15.0;5.0;3.0;1.0;6.0;552;298;254;920;548;372;1264;811;453;-344;-263;-81
2107;49;2015;15.0;5.0;3.0;1.0;6.0;534;287;247;911;542;369;1218;785;434;-307;-243;-65
2108;49;2016;15.0;5.0;3.0;1.0;6.0;523;281;242;906;540;366;1216;776;439;-310;-236;-73
2109;49;2017;15.0;5.0;3.0;1.0;6.0;519;278;242;900;537;363;1226;781;444;-326;-244;-81
2110;49;2018;16.0;5.0;3.0;1.0;6.0;534;285;249;897;535;362;1245;795;450;-348;-260;-88
2111;49;2019;16.0;5.0;3.0;1.0;6.0;514;274;241;894;533;361;1237;786;451;-343;-253;-90
2112;49;2020;15.0;5.0;3.0;1.0;6.0;486;258;228;893;533;360;1194;757;437;-301;-224;-77
2113;49;2021;14.0;5.0;3.0;1.0;5.0;457;241;216;893;534;359;1169;738;431;-276;-204;-72
2114;49;2022;13.0;4.0;3.0;1.0;5.0;417;220;197;892;533;359;1121;711;410;-229;-178;-51
2115;49;2023;13.0;4.0;3.0;1.0;5.0;398;210;188;894;533;361;1103;699;403;-209;-166;-42
2116;49;2024;12.0;4.0;3.0;1.0;5.0;377;199;178;895;534;361;1082;688;394;-187;-154;-33
2117;49;2025;12.0;4.0;3.0;1.0;4.0;369;196;173;896;534;362;1074;685;390;-178;-151;-28
2118;49;2026;12.0;4.0;3.0;1.0;4.0;360;190;170;896;534;362;1073;682;390;-177;-148;-28
2119;49;2027;12.0;4.0;3.0;1.0;5.0;360;190;170;895;533;362;1085;688;396;-190;-155;-34
2120;49;2028;12.0;4.0;3.0;1.0;4.0;354;187;167;895;533;362;1082;687;395;-187;-154;-33
2121;49;2029;12.0;4.0;3.0;1.0;5.0;360;190;169;895;533;362;1102;698;403;-207;-165;-41
2122;49;2030;12.0;4.0;3.0;1.0;5.0;351;185;166;894;532;362;1101;697;403;-207;-165;-41
2123;49;2031;12.0;4.0;3.0;1.0;4.0;339;180;159;893;531;362;1099;697;402;-206;-166;-40
2124;49;2032;12.0;4.0;2.0;1.0;4.0;333;177;156;894;532;362;1100;698;402;-206;-166;-40
2125;49;2033;12.0;4.0;3.0;1.0;5.0;336;179;157;893;531;362;1116;708;408;-223;-177;-46
2126;49;2034;12.0;4.0;3.0;1.0;5.0;337;179;158;894;532;362;1119;709;410;-225;-177;-48
2127;49;2035;13.0;4.0;3.0;1.0;5.0;341;181;160;894;531;363;1128;714;414;-234;-183;-51
2128;49;2036;13.0;4.0;3.0;1.0;5.0;340;182;158;894;531;363;1132;718;415;-238;-187;-52
2129;49;2037;13.0;4.0;3.0;1.0;5.0;336;179;157;892;530;362;1136;719;417;-244;-189;-55
2130;49;2038;13.0;4.0;3.0;1.0;5.0;336;179;157;893;531;362;1145;724;420;-252;-193;-58
2131;49;2039;13.0;4.0;3.0;1.0;5.0;344;184;160;896;533;363;1164;737;428;-268;-204;-65
2132;49;2040;13.0;4.0;3.0;1.0;5.0;340;181;158;894;532;362;1166;737;429;-272;-205;-67
2133;49;2041;13.0;4.0;3.0;1.0;5.0;333;178;155;894;531;363;1165;737;428;-271;-206;-65
2134;49;2042;13.0;4.0;3.0;1.0;5.0;327;175;153;896;531;365;1165;736;429;-269;-205;-64
2135;49;2043;13.0;4.0;3.0;1.0;5.0;325;174;151;896;531;365;1169;739;431;-273;-208;-66
2136;49;2044;13.0;4.0;3.0;1.0;5.0;315;168;147;895;531;364;1162;734;429;-267;-203;-65
2137;49;2045;13.0;4.0;3.0;1.0;5.0;311;167;144;895;531;364;1166;738;429;-271;-207;-65
2138;49;2046;13.0;4.0;3.0;1.0;5.0;309;165;144;894;530;364;1173;740;433;-279;-210;-69
2139;49;2047;13.0;4.0;3.0;1.0;5.0;313;167;146;896;532;364;1188;751;438;-292;-219;-74
2140;49;2048;14.0;4.0;3.0;1.0;5.0;311;167;145;894;530;364;1195;755;441;-301;-225;-77
2141;49;2049;14.0;5.0;3.0;1.0;5.0;313;167;146;894;529;365;1208;762;446;-314;-233;-81
2142;50;2008;;;;;;618;337;280;921;551;370;1109;668;441;-188;-117;-71
2143;50;2009;;;;;;624;339;285;867;520;347;1164;710;454;-297;-190;-107
2144;50;2010;;;;;;619;336;282;864;518;346;1223;759;465;-359;-241;-119
2145;50;2011;;;;;;624;338;286;862;519;343;1200;742;458;-338;-223;-115
2146;50;2012;;;;;;620;335;285;872;525;347;1208;749;459;-336;-224;-112
2147;50;2013;;;;;;621;336;285;863;520;343;1206;751;455;-343;-231;-112
2148;50;2014;;;;;;620;334;286;858;519;339;1212;755;457;-354;-236;-118
2149;50;2015;;;;;;600;323;277;851;515;336;1189;745;444;-338;-230;-108
2150;50;2016;;;;;;581;311;269;846;512;334;1158;730;428;-312;-218;-94
2151;50;2017;;;;;;569;304;265;840;508;332;1158;724;434;-318;-216;-102
2152;50;2018;;;;;;565;300;264;835;505;330;1170;731;439;-335;-226;-109
2153;50;2019;;;;;;580;308;272;833;505;328;1191;745;445;-358;-240;-117
2154;50;2020;;;;;;559;295;263;832;504;328;1184;738;446;-352;-234;-118
2155;50;2021;;;;;;528;279;249;831;503;328;1145;714;431;-314;-211;-103
2156;50;2022;;;;;;497;260;237;831;503;328;1122;697;425;-291;-194;-97
2157;50;2023;;;;;;454;238;216;833;503;330;1077;673;404;-244;-170;-74
2158;50;2024;;;;;;433;227;206;835;505;330;1059;663;396;-224;-158;-66
2159;50;2025;;;;;;410;215;195;834;505;329;1039;653;387;-205;-148;-58
2160;50;2026;;;;;;402;212;190;834;505;329;1032;650;382;-198;-145;-53
2161;50;2027;;;;;;392;206;187;834;504;330;1032;649;383;-198;-145;-53
2162;50;2028;;;;;;392;206;187;833;503;330;1044;656;388;-211;-153;-58
2163;50;2029;;;;;;386;202;183;834;504;330;1041;655;387;-207;-151;-57
2164;50;2030;;;;;;391;206;186;835;503;332;1060;666;394;-225;-163;-62
2165;50;2031;;;;;;382;200;182;833;502;331;1059;665;394;-226;-163;-63
2166;50;2032;;;;;;369;194;175;833;502;331;1058;667;392;-225;-165;-61
2167;50;2033;;;;;;362;190;172;833;502;331;1061;668;393;-228;-166;-62
2168;50;2034;;;;;;366;193;173;832;501;331;1076;678;398;-244;-177;-67
2169;50;2035;186379.0;83675.0;69936.0;21879.0;10889.0;367;193;174;832;501;331;1080;681;400;-248;-180;-69
2170;50;2036;;;;;;372;195;176;834;502;332;1090;686;404;-256;-184;-72
2171;50;2037;;;;;;371;196;174;833;501;332;1095;691;404;-262;-190;-72
2172;50;2038;;;;;;366;193;173;832;500;332;1099;693;407;-267;-193;-75
2173;50;2039;;;;;;366;193;173;830;499;331;1109;699;410;-279;-200;-79
2174;50;2040;;;;;;374;198;176;833;502;331;1129;712;417;-296;-210;-86
2175;50;2041;;;;;;370;195;175;834;502;332;1131;713;418;-297;-211;-86
2176;50;2042;;;;;;362;191;171;833;501;332;1131;714;417;-298;-213;-85
2177;50;2043;;;;;;356;188;169;833;501;332;1130;713;417;-297;-212;-85
2178;50;2044;;;;;;353;186;167;835;501;334;1137;717;420;-302;-216;-86
2179;50;2045;;;;;;342;180;162;833;499;334;1130;713;417;-297;-214;-83
2180;50;2046;;;;;;338;179;159;832;499;333;1135;718;417;-303;-219;-84
2181;50;2047;;;;;;336;176;160;832;499;333;1143;722;421;-311;-223;-88
2182;50;2048;;;;;;340;179;161;833;499;334;1158;732;426;-325;-233;-92
2183;50;2049;;;;;;338;178;160;832;499;333;1167;738;428;-335;-239;-95
2184;51;2008;;;;;;668;365;303;830;498;332;1072;672;400;-242;-174;-68
2185;51;2009;;;;;;669;365;304;781;469;312;1118;708;410;-337;-239;-98
2186;51;2010;;;;;;676;367;309;776;466;310;1148;730;418;-372;-264;-108
2187;51;2011;;;;;;669;363;307;777;468;309;1187;760;426;-410;-292;-117
2188;51;2012;;;;;;675;364;311;784;473;311;1158;740;418;-374;-267;-107
2189;51;2013;;;;;;670;360;310;781;472;309;1162;742;420;-381;-270;-111
2190;51;2014;;;;;;671;361;310;774;469;305;1162;744;418;-388;-275;-113
2191;51;2015;;;;;;670;358;311;767;465;302;1171;750;421;-404;-285;-119
2192;51;2016;;;;;;648;346;302;763;462;301;1158;745;413;-395;-283;-112
2193;51;2017;;;;;;627;334;294;759;460;299;1133;730;402;-374;-270;-103
2194;51;2018;;;;;;614;326;289;753;456;297;1132;724;407;-379;-268;-110
2195;51;2019;;;;;;610;321;288;752;455;297;1143;730;414;-391;-275;-117
2196;51;2020;;;;;;627;330;297;750;454;296;1164;744;420;-414;-290;-124
2197;51;2021;;;;;;603;316;288;751;455;296;1157;735;423;-406;-280;-127
2198;51;2022;;;;;;571;298;272;752;455;297;1118;708;410;-366;-253;-113
2199;51;2023;;;;;;537;278;258;753;455;298;1093;689;404;-340;-234;-106
2200;51;2024;;;;;;490;254;236;753;456;297;1049;663;386;-296;-207;-89
2201;51;2025;;;;;;468;243;225;753;456;297;1031;651;379;-278;-195;-82
2202;51;2026;;;;;;443;230;213;754;456;298;1010;639;371;-256;-183;-73
2203;51;2027;;;;;;434;226;208;753;455;298;1003;636;367;-250;-181;-69
2204;51;2028;;;;;;424;220;204;754;456;298;1002;634;369;-248;-178;-71
2205;51;2029;;;;;;424;220;205;753;455;298;1013;639;374;-260;-184;-76
2206;51;2030;;;;;;418;217;201;754;455;299;1011;638;374;-257;-183;-75
2207;51;2031;;;;;;424;220;204;754;455;299;1029;648;381;-275;-193;-82
2208;51;2032;;;;;;414;214;200;754;455;299;1028;646;382;-274;-191;-83
2209;51;2033;;;;;;399;207;192;754;455;299;1027;647;380;-273;-192;-81
2210;51;2034;;;;;;392;204;189;754;455;299;1028;646;382;-274;-191;-83
2211;51;2035;;;;;;396;206;190;754;455;299;1043;656;387;-289;-201;-88
2212;51;2036;;;;;;398;206;191;754;455;299;1047;657;390;-293;-202;-91
2213;51;2037;;;;;;403;209;194;755;455;300;1058;664;395;-303;-209;-95
2214;51;2038;;;;;;401;209;192;754;454;300;1063;667;396;-309;-213;-96
2215;51;2039;;;;;;396;206;190;754;454;300;1066;668;397;-312;-214;-97
2216;51;2040;;;;;;396;205;191;754;454;300;1074;673;402;-320;-219;-102
2217;51;2041;;;;;;404;210;194;753;453;300;1095;685;409;-342;-232;-109
2218;51;2042;;;;;;400;207;193;753;453;300;1098;686;412;-345;-233;-112
2219;51;2043;;;;;;392;203;189;753;453;300;1096;686;411;-343;-233;-111
2220;51;2044;;;;;;385;199;186;752;452;300;1096;684;412;-344;-232;-112
2221;51;2045;;;;;;382;198;184;754;453;301;1102;687;415;-348;-234;-114
2222;51;2046;;;;;;370;191;179;754;453;301;1095;683;412;-341;-230;-111
2223;51;2047;;;;;;365;189;175;753;453;300;1100;687;413;-347;-234;-113
2224;51;2048;;;;;;363;187;176;753;452;301;1107;689;418;-354;-237;-117
2225;51;2049;;;;;;367;189;178;754;453;301;1122;699;424;-368;-246;-123
2226;52;2008;;;;;;721;397;324;758;448;310;1013;633;380;-255;-185;-70
2227;52;2009;;;;;;719;393;326;716;424;292;1042;650;392;-326;-226;-100
2228;52;2010;;;;;;721;392;328;715;424;291;1069;672;397;-354;-248;-106
2229;52;2011;;;;;;727;394;334;714;424;290;1085;684;402;-371;-260;-112
2230;52;2012;;;;;;720;389;331;722;430;292;1114;707;407;-392;-277;-115
2231;52;2013;;;;;;726;390;337;721;429;292;1089;689;401;-368;-260;-109
2232;52;2014;;;;;;720;385;335;714;426;288;1093;691;402;-379;-265;-114
2233;52;2015;;;;;;721;385;336;706;422;284;1100;698;402;-394;-276;-118
2234;52;2016;;;;;;720;382;337;702;419;283;1120;710;410;-418;-291;-127
2235;52;2017;;;;;;696;369;327;696;416;280;1112;708;404;-416;-292;-124
2236;52;2018;;;;;;674;355;318;690;412;278;1090;695;394;-400;-283;-116
2237;52;2019;;;;;;660;347;313;687;411;276;1091;690;401;-404;-279;-125
2238;52;2020;;;;;;655;342;313;688;410;278;1102;695;407;-414;-285;-129
2239;52;2021;;;;;;673;351;322;688;411;277;1123;711;413;-435;-300;-136
2240;52;2022;;;;;;648;336;312;688;411;277;1117;702;415;-429;-291;-138
2241;52;2023;;;;;;613;317;296;689;411;278;1082;679;404;-393;-268;-126
2242;52;2024;;;;;;577;296;281;689;411;278;1059;661;399;-370;-250;-121
2243;52;2025;;;;;;527;271;257;688;411;277;1016;635;382;-328;-224;-105
2244;52;2026;;;;;;503;259;245;689;412;277;1001;625;376;-312;-213;-99
2245;52;2027;;;;;;477;245;232;691;412;279;983;613;369;-292;-201;-90
2246;52;2028;;;;;;468;241;227;690;411;279;977;610;366;-287;-199;-87
2247;52;2029;;;;;;457;234;223;689;411;278;976;608;368;-287;-197;-90
2248;52;2030;;;;;;457;234;223;689;410;279;988;615;373;-299;-205;-94
2249;52;2031;;;;;;450;231;219;689;410;279;986;613;373;-297;-203;-94
2250;52;2032;;;;;;456;234;222;689;410;279;1005;624;381;-316;-214;-102
2251;52;2033;;;;;;446;228;218;689;411;278;1005;623;383;-316;-212;-105
2252;52;2034;;;;;;430;221;210;691;411;280;1004;622;381;-313;-211;-101
2253;52;2035;;;;;;423;217;206;689;410;279;1006;623;383;-317;-213;-104
2254;52;2036;;;;;;427;219;208;689;410;279;1022;633;389;-333;-223;-110
2255;52;2037;;;;;;428;219;209;691;410;281;1028;636;392;-337;-226;-111
2256;52;2038;;;;;;433;221;212;690;410;280;1039;641;397;-349;-231;-117
2257;52;2039;;;;;;432;222;210;689;409;280;1045;646;399;-356;-237;-119
2258;52;2040;;;;;;426;218;208;691;410;281;1049;648;401;-358;-238;-120
2259;52;2041;;;;;;426;217;209;691;409;282;1058;653;406;-367;-244;-124
2260;52;2042;;;;;;435;223;212;690;409;281;1079;666;413;-389;-257;-132
2261;52;2043;;;;;;430;219;211;689;408;281;1083;667;416;-394;-259;-135
2262;52;2044;;;;;;421;215;207;690;408;282;1083;667;416;-393;-259;-134
2263;52;2045;;;;;;414;210;204;690;409;281;1084;666;418;-394;-257;-137
2264;52;2046;;;;;;410;209;202;690;409;281;1091;670;421;-401;-261;-140
2265;52;2047;;;;;;398;202;196;690;409;281;1085;666;419;-395;-257;-138
2266;52;2048;;;;;;392;199;193;692;410;282;1091;671;421;-399;-261;-139
2267;52;2049;;;;;;390;197;193;691;409;282;1098;673;425;-407;-264;-143
2268;53;2008;;;;;;771;425;346;692;418;274;938;563;375;-246;-145;-101
2269;53;2009;;;;;;775;427;348;657;397;260;988;602;386;-331;-205;-126
2270;53;2010;;;;;;773;423;351;655;396;259;1000;606;393;-345;-210;-134
2271;53;2011;;;;;;775;422;353;657;398;259;1011;619;393;-354;-221;-134
2272;53;2012;;;;;;782;423;359;665;404;261;1022;627;396;-357;-223;-135
2273;53;2013;;;;;;774;418;356;660;401;259;1046;648;398;-386;-247;-139
2274;53;2014;;;;;;781;419;362;655;397;258;1024;632;392;-369;-235;-134
2275;53;2015;;;;;;775;414;361;648;393;255;1035;641;395;-387;-248;-140
2276;53;2016;;;;;;776;415;361;643;390;253;1050;653;397;-407;-263;-144
2277;53;2017;;;;;;774;411;363;639;388;251;1072;668;405;-433;-280;-154
2278;53;2018;;;;;;749;397;352;635;386;249;1067;667;399;-432;-281;-150
2279;53;2019;;;;;;725;383;343;632;384;248;1046;657;389;-414;-273;-141
2280;53;2020;;;;;;710;373;337;631;383;248;1049;653;395;-418;-270;-147
2281;53;2021;;;;;;705;368;337;632;383;249;1059;659;400;-427;-276;-151
2282;53;2022;;;;;;725;378;347;632;383;249;1081;674;407;-449;-291;-158
2283;53;2023;;;;;;698;362;336;630;383;247;1077;668;408;-447;-285;-161
2284;53;2024;;;;;;661;343;318;631;384;247;1043;647;396;-412;-263;-149
2285;53;2025;;;;;;622;320;302;632;384;248;1022;631;391;-390;-247;-143
2286;53;2026;;;;;;569;293;276;632;383;249;981;608;373;-349;-225;-124
2287;53;2027;;;;;;543;280;263;632;383;249;966;599;366;-334;-216;-117
2288;53;2028;;;;;;515;265;250;631;383;248;949;590;359;-318;-207;-111
2289;53;2029;;;;;;505;261;244;633;383;250;944;588;356;-311;-205;-106
2290;53;2030;;;;;;493;254;240;632;382;250;944;587;357;-312;-205;-107
2291;53;2031;;;;;;494;254;240;633;383;250;955;593;363;-322;-210;-113
2292;53;2032;;;;;;486;250;236;631;382;249;956;593;363;-325;-211;-114
2293;53;2033;;;;;;493;253;239;631;382;249;973;603;370;-342;-221;-121
2294;53;2034;;;;;;482;247;235;631;381;250;974;603;371;-343;-222;-121
2295;53;2035;;;;;;465;239;226;631;381;250;973;604;370;-342;-223;-120
2296;53;2036;;;;;;456;234;222;632;382;250;976;605;370;-344;-223;-120
2297;53;2037;;;;;;461;237;224;632;382;250;992;615;376;-360;-233;-126
2298;53;2038;;;;;;462;237;225;632;382;250;998;618;379;-366;-236;-129
2299;53;2039;;;;;;468;239;228;631;381;250;1009;625;384;-378;-244;-134
2300;53;2040;;;;;;466;240;226;631;380;251;1017;631;386;-386;-251;-135
2301;53;2041;;;;;;460;236;224;631;380;251;1021;633;388;-390;-253;-137
2302;53;2042;;;;;;459;234;225;630;379;251;1031;639;393;-401;-260;-142
2303;53;2043;;;;;;469;240;229;631;380;251;1052;652;400;-421;-272;-149
2304;53;2044;;;;;;464;237;227;631;380;251;1055;653;402;-424;-273;-151
2305;53;2045;;;;;;454;232;223;631;379;252;1057;655;402;-426;-276;-150
2306;53;2046;;;;;;446;227;220;632;379;253;1058;655;403;-426;-276;-150
2307;53;2047;;;;;;442;225;218;631;379;252;1066;660;406;-435;-281;-154
2308;53;2048;;;;;;429;217;211;632;380;252;1061;657;404;-429;-277;-152
2309;53;2049;;;;;;422;215;208;632;380;252;1068;663;405;-436;-283;-153
2310;54;2008;;;;;;832;464;368;644;377;267;921;592;329;-277;-215;-62
2311;54;2009;;;;;;828;457;371;616;361;255;952;613;340;-336;-252;-85
2312;54;2010;;;;;;832;460;373;612;359;253;984;636;348;-372;-277;-95
2313;54;2011;;;;;;830;455;376;618;363;255;983;631;352;-365;-268;-97
2314;54;2012;;;;;;832;454;378;623;365;258;987;637;351;-364;-272;-93
2315;54;2013;;;;;;840;455;384;620;363;257;995;641;354;-375;-278;-97
2316;54;2014;;;;;;831;450;382;617;363;254;1015;656;359;-398;-293;-105
2317;54;2015;;;;;;839;451;388;610;360;250;1004;648;356;-394;-288;-106
2318;54;2016;;;;;;833;446;387;603;356;247;1018;657;361;-415;-301;-114
2319;54;2017;;;;;;834;446;388;597;353;244;1036;670;366;-439;-317;-122
2320;54;2018;;;;;;832;443;389;592;350;242;1057;682;375;-465;-332;-133
2321;54;2019;;;;;;805;428;377;590;349;241;1050;680;371;-460;-331;-130
2322;54;2020;;;;;;780;412;368;588;349;239;1030;666;363;-442;-317;-124
2323;54;2021;;;;;;764;403;362;587;348;239;1032;662;370;-445;-314;-131
2324;54;2022;;;;;;759;397;361;589;349;240;1042;666;376;-453;-317;-136
2325;54;2023;;;;;;780;408;372;590;350;240;1063;680;383;-473;-330;-143
2326;54;2024;;;;;;752;392;360;589;348;241;1055;670;385;-466;-322;-144
2327;54;2025;;;;;;712;370;342;589;348;241;1025;649;376;-436;-301;-135
2328;54;2026;;;;;;670;346;324;589;348;241;1001;630;372;-412;-282;-131
2329;54;2027;;;;;;613;317;297;591;349;242;961;604;357;-370;-255;-115
2330;54;2028;;;;;;585;303;283;592;350;242;946;594;352;-354;-244;-110
2331;54;2029;;;;;;555;287;268;591;349;242;928;582;345;-337;-233;-103
2332;54;2030;;;;;;545;283;262;590;348;242;922;579;343;-332;-231;-101
2333;54;2031;;;;;;532;275;257;590;349;241;922;577;345;-332;-228;-104
2334;54;2032;;;;;;532;275;258;591;348;243;933;582;351;-342;-234;-108
2335;54;2033;;;;;;524;271;254;589;347;242;932;580;352;-343;-233;-110
2336;54;2034;;;;;;532;275;257;589;347;242;949;589;360;-360;-242;-118
2337;54;2035;;;;;;519;267;252;588;346;242;949;587;361;-361;-241;-119
2338;54;2036;;;;;;501;258;243;589;347;242;947;586;360;-358;-239;-118
2339;54;2037;;;;;;492;253;239;589;347;242;950;587;363;-361;-240;-121
2340;54;2038;;;;;;497;256;241;588;346;242;964;595;369;-376;-249;-127
2341;54;2039;;;;;;498;256;242;587;346;241;970;597;373;-383;-251;-132
2342;54;2040;;;;;;504;259;245;587;346;241;981;603;378;-394;-257;-137
2343;54;2041;;;;;;502;259;243;586;345;241;986;606;380;-400;-261;-139
2344;54;2042;;;;;;496;255;241;586;345;241;990;607;383;-404;-262;-142
2345;54;2043;;;;;;495;253;242;587;345;242;1001;612;389;-414;-267;-147
2346;54;2044;;;;;;505;259;246;587;345;242;1019;623;397;-432;-278;-155
2347;54;2045;;;;;;500;255;244;587;345;242;1023;623;400;-436;-278;-158
2348;54;2046;;;;;;489;250;239;586;345;241;1024;624;400;-438;-279;-159
2349;54;2047;;;;;;481;245;236;586;344;242;1024;623;402;-438;-279;-160
2350;54;2048;;;;;;476;242;234;587;345;242;1031;625;406;-444;-280;-164
2351;54;2049;;;;;;461;234;227;588;346;242;1027;623;405;-439;-277;-163
2352;55;2008;;;;;;899;506;393;582;337;245;866;523;343;-284;-186;-98
2353;55;2009;;;;;;895;500;394;561;324;237;895;543;352;-334;-219;-115
2354;55;2010;;;;;;890;493;397;563;325;238;910;553;357;-347;-228;-119
2355;55;2011;;;;;;894;495;399;561;324;237;928;568;360;-367;-244;-123
2356;55;2012;;;;;;893;490;402;574;333;241;923;562;361;-349;-229;-120
2357;55;2013;;;;;;895;489;405;574;333;241;926;567;359;-352;-234;-118
2358;55;2014;;;;;;903;491;412;567;330;237;933;571;362;-366;-241;-125
2359;55;2015;;;;;;894;484;409;560;326;234;957;590;367;-397;-264;-133
2360;55;2016;;;;;;902;486;416;554;322;232;954;587;367;-400;-265;-135
2361;55;2017;;;;;;895;480;415;548;320;228;971;599;373;-423;-279;-145
2362;55;2018;;;;;;897;481;416;543;317;226;989;612;377;-446;-295;-151
2363;55;2019;;;;;;895;478;417;541;316;225;1009;623;385;-468;-307;-160
2364;55;2020;;;;;;867;462;405;538;314;224;1002;622;381;-464;-308;-157
2365;55;2021;;;;;;840;445;394;537;314;223;982;611;371;-445;-297;-148
2366;55;2022;;;;;;823;435;388;539;315;224;987;609;378;-448;-294;-154
2367;55;2023;;;;;;817;430;387;538;314;224;995;613;383;-457;-299;-159
2368;55;2024;;;;;;841;442;399;538;314;224;1017;626;390;-479;-312;-166
2369;55;2025;;;;;;810;424;386;538;314;224;1010;619;391;-472;-305;-167
2370;55;2026;;;;;;768;401;366;538;314;224;980;600;380;-442;-286;-156
2371;55;2027;;;;;;723;375;348;540;315;225;958;584;374;-418;-269;-149
2372;55;2028;;;;;;662;343;318;542;316;226;921;563;358;-379;-247;-132
2373;55;2029;;;;;;632;329;303;541;315;226;906;554;352;-365;-239;-126
2374;55;2030;;;;;;599;312;288;540;315;225;890;544;346;-350;-229;-121
2375;55;2031;;;;;;588;307;281;540;315;225;885;543;342;-345;-228;-117
2376;55;2032;;;;;;574;298;276;539;314;225;885;541;344;-346;-227;-119
2377;55;2033;;;;;;575;298;277;537;313;224;897;547;350;-360;-234;-126
2378;55;2034;;;;;;566;294;272;537;313;224;896;546;350;-359;-233;-126
2379;55;2035;;;;;;574;298;276;538;313;225;914;556;358;-376;-243;-133
2380;55;2036;;;;;;560;290;271;536;312;224;914;555;359;-378;-243;-135
2381;55;2037;;;;;;540;280;261;538;313;225;914;556;358;-376;-243;-133
2382;55;2038;;;;;;531;275;256;537;312;225;916;556;359;-379;-244;-134
2383;55;2039;;;;;;536;278;258;535;311;224;931;565;365;-396;-254;-141
2384;55;2040;;;;;;537;277;260;535;311;224;937;568;369;-402;-257;-145
2385;55;2041;;;;;;543;280;264;535;310;225;948;574;374;-413;-264;-149
2386;55;2042;;;;;;541;280;261;534;310;224;954;578;376;-420;-268;-152
2387;55;2043;;;;;;534;275;259;533;309;224;959;580;379;-426;-271;-155
2388;55;2044;;;;;;533;274;259;536;312;224;969;586;383;-433;-274;-159
2389;55;2045;;;;;;545;280;264;534;311;223;988;597;391;-454;-286;-168
2390;55;2046;;;;;;539;276;262;534;311;223;992;598;393;-458;-287;-170
2391;55;2047;;;;;;527;270;257;534;311;223;994;600;394;-460;-289;-171
2392;55;2048;;;;;;518;265;253;535;311;224;995;600;395;-460;-289;-171
2393;55;2049;;;;;;513;262;251;534;310;224;1002;604;398;-468;-294;-174
2394;56;2008;;;;;;987;563;424;542;318;224;793;493;300;-251;-175;-76
2395;56;2009;;;;;;965;546;419;525;306;219;806;498;308;-281;-192;-89
2396;56;2010;;;;;;960;540;420;528;307;221;820;507;313;-292;-200;-92
2397;56;2011;;;;;;955;532;423;531;309;222;826;510;316;-295;-201;-94
2398;56;2012;;;;;;960;534;426;539;314;225;841;521;320;-302;-207;-95
2399;56;2013;;;;;;958;529;429;539;314;225;837;515;322;-298;-201;-97
2400;56;2014;;;;;;961;528;433;533;311;222;842;520;322;-309;-209;-100
2401;56;2015;;;;;;970;530;440;525;307;218;854;528;325;-329;-221;-107
2402;56;2016;;;;;;960;523;437;518;303;215;885;550;335;-367;-247;-120
2403;56;2017;;;;;;970;525;445;512;300;212;886;551;335;-374;-251;-123
2404;56;2018;;;;;;962;519;443;506;297;209;906;563;343;-400;-266;-134
2405;56;2019;;;;;;964;520;444;502;295;207;923;575;348;-421;-280;-141
2406;56;2020;;;;;;963;517;446;500;293;207;943;587;357;-443;-294;-150
2407;56;2021;;;;;;932;500;432;499;293;206;939;586;353;-440;-293;-147
2408;56;2022;;;;;;903;482;421;500;294;206;921;576;345;-421;-282;-139
2409;56;2023;;;;;;886;471;414;500;294;206;928;575;352;-428;-281;-146
2410;56;2024;;;;;;880;466;414;501;294;207;938;580;359;-437;-286;-152
2411;56;2025;;;;;;906;480;426;501;294;207;959;594;365;-458;-300;-158
2412;56;2026;;;;;;873;461;413;502;295;207;955;586;368;-453;-291;-161
2413;56;2027;;;;;;827;436;391;503;295;208;928;570;358;-425;-275;-150
2414;56;2028;;;;;;779;408;371;502;294;208;909;554;354;-407;-260;-146
2415;56;2029;;;;;;713;374;340;502;294;208;874;533;341;-372;-239;-133
2416;56;2030;;;;;;681;358;324;502;294;208;862;525;337;-360;-231;-129
2417;56;2031;;;;;;646;339;307;501;294;207;846;515;331;-345;-221;-124
2418;56;2032;;;;;;634;334;300;501;294;207;843;515;329;-342;-221;-122
2419;56;2033;;;;;;619;325;295;500;293;207;844;513;331;-344;-220;-124
2420;56;2034;;;;;;620;324;295;498;292;206;856;519;337;-358;-227;-131
2421;56;2035;;;;;;610;319;291;500;293;207;856;518;338;-356;-225;-131
2422;56;2036;;;;;;619;324;295;499;292;207;874;528;346;-375;-236;-139
2423;56;2037;;;;;;604;315;289;498;291;207;876;528;348;-378;-237;-141
2424;56;2038;;;;;;582;304;278;498;291;207;877;529;348;-379;-238;-141
2425;56;2039;;;;;;572;298;274;495;289;206;879;529;350;-384;-240;-144
2426;56;2040;;;;;;577;301;276;496;290;206;894;539;356;-398;-249;-150
2427;56;2041;;;;;;578;301;278;496;290;206;902;543;359;-406;-253;-153
2428;56;2042;;;;;;585;304;282;495;289;206;914;549;365;-419;-260;-159
2429;56;2043;;;;;;583;304;279;495;289;206;921;554;367;-426;-265;-161
2430;56;2044;;;;;;575;298;277;496;290;206;927;556;370;-431;-266;-164
2431;56;2045;;;;;;574;297;277;496;290;206;937;562;375;-441;-272;-169
2432;56;2046;;;;;;586;304;282;494;289;205;957;575;383;-463;-286;-178
2433;56;2047;;;;;;580;299;281;494;289;205;963;576;386;-469;-287;-181
2434;56;2048;;;;;;567;293;275;493;288;205;965;578;387;-472;-290;-182
2435;56;2049;;;;;;557;287;271;493;289;204;968;578;389;-475;-289;-185
2436;57;2008;;;;;;1046;603;442;500;284;216;721;413;308;-221;-129;-92
2437;57;2009;;;;;;1061;608;453;486;275;211;759;435;325;-273;-160;-114
2438;57;2010;;;;;;1038;590;448;491;277;214;758;432;326;-267;-155;-112
2439;57;2011;;;;;;1033;583;449;492;278;214;765;437;328;-273;-159;-114
2440;57;2012;;;;;;1027;574;453;501;284;217;766;439;328;-265;-155;-111
2441;57;2013;;;;;;1033;577;456;497;282;215;776;448;328;-279;-166;-113
2442;57;2014;;;;;;1031;572;459;491;278;213;773;444;329;-282;-166;-116
2443;57;2015;;;;;;1034;571;463;484;275;209;783;454;329;-299;-179;-120
2444;57;2016;;;;;;1043;573;471;478;272;206;800;466;335;-322;-194;-129
2445;57;2017;;;;;;1033;565;468;472;269;203;832;488;345;-360;-219;-142
2446;57;2018;;;;;;1044;568;476;467;266;201;833;488;344;-366;-222;-143
2447;57;2019;;;;;;1036;562;474;463;265;198;851;501;351;-388;-236;-153
2448;57;2020;;;;;;1038;563;475;463;264;199;867;513;354;-404;-249;-155
2449;57;2021;;;;;;1037;560;477;461;264;197;888;525;363;-427;-261;-166
2450;57;2022;;;;;;1005;542;463;461;264;197;884;526;358;-423;-262;-161
2451;57;2023;;;;;;974;523;451;463;265;198;868;519;350;-405;-254;-152
2452;57;2024;;;;;;955;512;443;463;265;198;871;517;353;-408;-252;-155
2453;57;2025;;;;;;949;507;443;463;265;198;883;523;359;-420;-258;-161
2454;57;2026;;;;;;977;522;456;463;265;198;903;537;366;-440;-272;-168
2455;57;2027;;;;;;943;501;441;464;266;198;900;532;368;-436;-266;-170
2456;57;2028;;;;;;893;475;419;464;265;199;873;517;356;-409;-252;-157
2457;57;2029;;;;;;842;444;398;463;265;198;856;505;351;-393;-240;-153
2458;57;2030;;;;;;771;407;364;463;264;199;823;486;336;-360;-222;-137
2459;57;2031;;;;;;736;389;347;463;264;199;812;481;331;-349;-217;-132
2460;57;2032;;;;;;698;369;329;462;264;198;797;473;324;-335;-209;-126
2461;57;2033;;;;;;685;364;321;462;264;198;794;473;321;-332;-209;-123
2462;57;2034;;;;;;669;354;316;461;263;198;795;473;322;-334;-210;-124
2463;57;2035;;;;;;670;353;316;460;263;197;807;479;328;-347;-216;-131
2464;57;2036;;;;;;659;347;311;460;263;197;807;480;327;-347;-217;-130
2465;57;2037;;;;;;668;352;316;458;262;196;822;489;334;-364;-227;-138
2466;57;2038;;;;;;652;342;310;458;261;197;825;490;335;-367;-229;-138
2467;57;2039;;;;;;629;331;298;457;260;197;827;492;335;-370;-232;-138
2468;57;2040;;;;;;617;324;293;458;261;197;830;494;336;-372;-233;-139
2469;57;2041;;;;;;623;327;296;456;260;196;844;504;340;-388;-244;-144
2470;57;2042;;;;;;624;327;298;457;261;196;851;508;343;-394;-247;-147
2471;57;2043;;;;;;631;330;302;456;260;196;862;515;347;-406;-255;-151
2472;57;2044;;;;;;628;330;299;456;260;196;869;520;349;-413;-260;-153
2473;57;2045;;;;;;620;324;296;456;260;196;874;524;351;-418;-264;-155
2474;57;2046;;;;;;619;322;297;456;260;196;885;530;355;-429;-270;-159
2475;57;2047;;;;;;632;329;303;456;260;196;903;542;361;-447;-282;-165
2476;57;2048;;;;;;625;324;301;456;260;196;909;545;363;-453;-285;-167
2477;57;2049;;;;;;612;317;294;456;260;196;911;548;363;-455;-288;-167
2478;58;2008;;;;;;1153;671;482;462;265;197;729;445;284;-267;-180;-87
2479;58;2009;;;;;;1124;651;474;454;259;195;723;442;282;-269;-183;-87
2480;58;2010;;;;;;1141;655;485;455;260;195;747;454;294;-292;-194;-99
2481;58;2011;;;;;;1116;636;480;456;262;194;738;445;294;-282;-183;-100
2482;58;2012;;;;;;1110;629;481;468;267;201;742;447;295;-274;-180;-94
2483;58;2013;;;;;;1105;619;485;462;264;198;742;446;296;-280;-182;-98
2484;58;2014;;;;;;1111;623;489;459;263;196;752;454;298;-293;-191;-102
2485;58;2015;;;;;;1109;617;493;453;260;193;752;452;300;-299;-192;-107
2486;58;2016;;;;;;1112;616;497;446;257;189;767;463;304;-321;-206;-115
2487;58;2017;;;;;;1123;618;505;439;253;186;785;475;310;-346;-222;-124
2488;58;2018;;;;;;1112;610;502;434;250;184;816;495;321;-382;-245;-137
2489;58;2019;;;;;;1124;613;511;430;248;182;815;496;319;-385;-248;-137
2490;58;2020;;;;;;1116;607;509;428;247;181;834;507;327;-406;-260;-146
2491;58;2021;;;;;;1119;609;510;428;247;181;847;517;331;-419;-270;-150
2492;58;2022;;;;;;1118;606;511;429;248;181;866;527;339;-437;-279;-158
2493;58;2023;;;;;;1083;587;496;429;248;181;861;526;335;-432;-278;-154
2494;58;2024;;;;;;1051;567;483;429;247;182;844;517;327;-415;-270;-145
2495;58;2025;;;;;;1031;556;475;429;247;182;848;516;333;-419;-269;-151
2496;58;2026;;;;;;1025;550;475;429;247;182;859;520;339;-430;-273;-157
2497;58;2027;;;;;;1055;567;489;429;247;182;877;533;344;-448;-286;-162
2498;58;2028;;;;;;1018;545;473;429;247;182;874;527;347;-445;-280;-165
2499;58;2029;;;;;;965;516;449;429;247;182;848;511;337;-419;-264;-155
2500;58;2030;;;;;;910;483;426;428;246;182;829;496;334;-401;-250;-152
2501;58;2031;;;;;;833;443;390;426;245;181;797;477;320;-371;-232;-139
2502;58;2032;;;;;;796;424;372;428;247;181;786;470;316;-358;-223;-135
2503;58;2033;;;;;;755;402;353;427;246;181;772;461;311;-345;-215;-130
2504;58;2034;;;;;;741;396;345;425;245;180;769;460;308;-344;-215;-128
2505;58;2035;;;;;;723;384;339;424;244;180;769;459;309;-345;-215;-129
2506;58;2036;;;;;;723;384;339;424;243;181;780;465;315;-356;-222;-134
2507;58;2037;;;;;;711;377;334;423;243;180;780;465;315;-357;-222;-135
2508;58;2038;;;;;;721;382;339;422;242;180;795;473;321;-373;-231;-141
2509;58;2039;;;;;;704;371;333;423;243;180;797;474;323;-374;-231;-143
2510;58;2040;;;;;;679;359;320;421;242;179;798;474;324;-377;-232;-145
2511;58;2041;;;;;;666;351;315;421;242;179;801;476;325;-380;-234;-146
2512;58;2042;;;;;;672;355;317;422;242;180;815;485;331;-393;-243;-151
2513;58;2043;;;;;;673;354;319;421;242;179;821;488;333;-400;-246;-154
2514;58;2044;;;;;;681;357;324;421;242;179;832;495;337;-411;-253;-158
2515;58;2045;;;;;;678;357;321;421;242;179;838;499;339;-417;-257;-160
2516;58;2046;;;;;;669;351;318;420;241;179;843;502;341;-423;-261;-162
2517;58;2047;;;;;;667;349;319;419;241;178;852;507;345;-433;-266;-167
2518;58;2048;;;;;;681;357;325;419;241;178;869;518;351;-450;-277;-173
2519;58;2049;;;;;;674;351;323;419;241;178;874;520;354;-455;-279;-176
2520;59;2008;;;;;;1283;755;528;423;246;177;691;413;278;-268;-167;-101
2521;59;2009;;;;;;1240;724;516;417;241;176;696;413;283;-279;-172;-107
2522;59;2010;;;;;;1209;702;507;421;244;177;680;404;276;-259;-160;-99
2523;59;2011;;;;;;1227;707;520;422;245;177;698;412;286;-276;-167;-109
2524;59;2012;;;;;;1200;686;514;434;251;183;689;403;286;-255;-152;-103
2525;59;2013;;;;;;1195;679;516;429;249;180;691;404;287;-262;-155;-107
2526;59;2014;;;;;;1189;669;520;423;245;178;691;403;288;-268;-158;-110
2527;59;2015;;;;;;1196;672;524;418;242;176;705;414;291;-287;-172;-115
2528;59;2016;;;;;;1194;666;528;410;238;172;712;415;296;-302;-177;-124
2529;59;2017;;;;;;1198;666;532;404;234;170;728;427;300;-324;-193;-130
2530;59;2018;;;;;;1210;668;541;398;231;167;745;438;307;-347;-207;-140
2531;59;2019;;;;;;1198;660;538;394;228;166;773;456;318;-379;-228;-152
2532;59;2020;;;;;;1212;664;547;392;228;164;773;457;316;-381;-229;-152
2533;59;2021;;;;;;1203;658;545;391;227;164;791;467;324;-400;-240;-160
2534;59;2022;;;;;;1207;661;546;391;227;164;805;477;328;-414;-250;-164
2535;59;2023;;;;;;1206;658;548;391;227;164;823;486;337;-432;-259;-173
2536;59;2024;;;;;;1169;638;532;391;227;164;818;485;333;-427;-258;-169
2537;59;2025;;;;;;1135;617;518;393;228;165;802;477;325;-409;-249;-160
2538;59;2026;;;;;;1114;605;509;394;229;165;806;476;330;-412;-247;-165
2539;59;2027;;;;;;1108;599;509;393;228;165;817;480;337;-424;-252;-172
2540;59;2028;;;;;;1141;617;524;393;228;165;834;492;342;-441;-264;-177
2541;59;2029;;;;;;1101;593;507;392;227;165;831;487;345;-439;-260;-180
2542;59;2030;;;;;;1044;563;481;391;227;164;806;471;335;-415;-244;-171
2543;59;2031;;;;;;984;527;457;390;226;164;790;459;332;-400;-233;-168
2544;59;2032;;;;;;901;482;418;389;225;164;759;441;318;-370;-216;-154
2545;59;2033;;;;;;860;462;399;388;225;163;748;434;314;-360;-209;-151
2546;59;2034;;;;;;816;438;378;388;225;163;734;426;308;-346;-201;-145
2547;59;2035;;;;;;801;431;370;387;224;163;731;426;306;-344;-202;-143
2548;59;2036;;;;;;782;419;363;387;224;163;732;424;307;-345;-200;-144
2549;59;2037;;;;;;782;418;364;385;223;162;743;430;313;-358;-207;-151
2550;59;2038;;;;;;769;411;358;386;224;162;743;430;313;-357;-206;-151
2551;59;2039;;;;;;779;416;364;386;224;162;759;438;320;-373;-214;-158
2552;59;2040;;;;;;760;404;357;385;223;162;761;439;322;-376;-216;-160
2553;59;2041;;;;;;733;390;343;385;223;162;762;440;322;-377;-217;-160
2554;59;2042;;;;;;719;382;338;384;222;162;765;441;324;-381;-219;-162
2555;59;2043;;;;;;726;385;340;384;222;162;779;450;330;-395;-228;-168
2556;59;2044;;;;;;727;384;343;382;221;161;785;453;332;-403;-232;-171
2557;59;2045;;;;;;735;388;348;383;222;161;795;459;336;-412;-237;-175
2558;59;2046;;;;;;732;387;344;382;221;161;802;464;338;-420;-243;-177
2559;59;2047;;;;;;722;380;341;381;221;160;807;467;341;-426;-246;-181
2560;59;2048;;;;;;720;378;342;380;220;160;817;472;345;-437;-252;-185
2561;59;2049;;;;;;735;387;349;382;222;160;834;483;351;-452;-261;-191
2562;60;2008;;;;;;1451;863;588;391;231;160;719;449;270;-328;-218;-110
2563;60;2009;;;;;;1378;813;565;391;231;160;704;437;267;-313;-206;-107
2564;60;2010;;;;;;1332;780;552;390;232;158;699;429;270;-309;-197;-112
2565;60;2011;;;;;;1300;757;543;392;233;159;677;416;261;-285;-183;-102
2566;60;2012;;;;;;1319;763;557;401;238;163;691;420;271;-290;-182;-108
2567;60;2013;;;;;;1291;740;551;400;238;162;679;410;269;-279;-172;-107
2568;60;2014;;;;;;1285;732;553;395;234;161;682;410;272;-287;-176;-111
2569;60;2015;;;;;;1279;721;557;388;230;158;683;410;274;-295;-180;-116
2570;60;2016;;;;;;1287;725;561;381;225;156;699;421;278;-318;-196;-122
2571;60;2017;;;;;;1286;719;566;374;221;153;709;424;285;-335;-203;-132
2572;60;2018;;;;;;1290;719;571;368;218;150;723;434;289;-355;-216;-139
2573;60;2019;;;;;;1303;722;581;364;215;149;738;443;295;-374;-228;-146
2574;60;2020;;;;;;1291;714;577;362;214;148;764;458;306;-402;-244;-158
2575;60;2021;;;;;;1306;719;587;359;213;146;763;459;304;-404;-246;-158
2576;60;2022;;;;;;1297;713;585;361;214;147;781;468;312;-420;-254;-165
2577;60;2023;;;;;;1302;716;585;361;214;147;792;477;315;-431;-263;-168
2578;60;2024;;;;;;1302;714;588;361;214;147;807;484;323;-446;-270;-176
2579;60;2025;;;;;;1263;693;570;360;214;146;800;482;319;-440;-268;-173
2580;60;2026;;;;;;1226;671;555;361;214;147;784;472;311;-423;-258;-164
2581;60;2027;;;;;;1204;658;546;361;214;147;787;471;317;-426;-257;-170
2582;60;2028;;;;;;1197;652;545;361;214;147;796;473;323;-435;-259;-176
2583;60;2029;;;;;;1234;672;562;360;213;147;813;485;328;-453;-272;-181
2584;60;2030;;;;;;1190;646;544;358;212;146;809;478;331;-451;-266;-185
2585;60;2031;;;;;;1129;613;516;359;213;146;782;461;321;-423;-248;-175
2586;60;2032;;;;;;1064;574;490;358;212;146;766;447;319;-408;-235;-173
2587;60;2033;;;;;;974;526;448;357;211;146;733;427;305;-376;-216;-159
2588;60;2034;;;;;;930;503;427;355;210;145;721;420;302;-366;-210;-157
2589;60;2035;;;;;;883;477;406;355;210;145;707;411;296;-352;-201;-151
2590;60;2036;;;;;;866;469;397;354;209;145;703;410;294;-349;-201;-149
2591;60;2037;;;;;;845;455;390;352;208;144;703;408;295;-351;-200;-151
2592;60;2038;;;;;;845;454;390;354;208;146;713;413;300;-359;-205;-154
2593;60;2039;;;;;;831;446;384;354;208;146;714;413;301;-360;-205;-155
2594;60;2040;;;;;;842;452;390;353;208;145;728;421;308;-375;-213;-163
2595;60;2041;;;;;;821;438;383;352;207;145;730;420;310;-378;-213;-165
2596;60;2042;;;;;;791;423;368;351;206;145;730;420;310;-379;-214;-165
2597;60;2043;;;;;;776;414;362;351;206;145;733;421;312;-382;-215;-167
2598;60;2044;;;;;;783;418;365;351;206;145;746;428;317;-395;-222;-172
2599;60;2045;;;;;;784;417;368;351;207;144;751;431;320;-400;-224;-176
2600;60;2046;;;;;;793;420;373;350;206;144;760;437;323;-410;-231;-179
2601;60;2047;;;;;;789;420;369;349;206;143;766;441;325;-417;-235;-182
2602;60;2048;;;;;;779;412;366;349;206;143;770;443;328;-421;-237;-185
2603;60;2049;;;;;;777;410;367;348;206;142;779;447;332;-431;-241;-190
2604;61;2008;;;;;;1671;999;672;342;191;151;711;438;274;-369;-247;-123
2605;61;2009;;;;;;1555;927;628;337;187;150;691;421;270;-354;-234;-120
2606;61;2010;;;;;;1478;873;605;342;190;152;669;405;264;-327;-215;-112
2607;61;2011;;;;;;1428;837;591;341;191;150;659;396;263;-318;-205;-113
2608;61;2012;;;;;;1394;813;581;350;195;155;636;383;253;-286;-188;-98
2609;61;2013;;;;;;1415;819;596;347;193;154;649;387;262;-302;-194;-108
2610;61;2014;;;;;;1385;795;590;344;192;152;638;379;259;-294;-187;-107
2611;61;2015;;;;;;1379;787;592;337;188;149;643;381;262;-306;-193;-113
2612;61;2016;;;;;;1373;776;597;331;185;146;649;383;266;-318;-198;-120
2613;61;2017;;;;;;1382;781;602;324;181;143;666;395;271;-342;-214;-128
2614;61;2018;;;;;;1381;774;607;318;178;140;674;398;276;-356;-220;-136
2615;61;2019;;;;;;1386;774;612;315;177;138;687;407;280;-372;-230;-142
2616;61;2020;;;;;;1401;779;622;315;177;138;700;415;285;-385;-238;-147
2617;61;2021;;;;;;1389;771;618;313;176;137;724;429;295;-411;-253;-158
2618;61;2022;;;;;;1405;777;629;313;176;137;724;430;293;-411;-254;-156
2619;61;2023;;;;;;1397;771;626;313;176;137;737;437;300;-424;-261;-163
2620;61;2024;;;;;;1402;775;627;313;176;137;749;446;303;-436;-270;-166
2621;61;2025;;;;;;1403;774;629;312;176;136;762;452;310;-450;-276;-174
2622;61;2026;;;;;;1361;751;610;314;177;137;755;449;306;-441;-272;-169
2623;61;2027;;;;;;1322;727;595;314;177;137;738;440;298;-424;-263;-161
2624;61;2028;;;;;;1299;714;585;314;177;137;743;440;303;-429;-263;-166
2625;61;2029;;;;;;1292;708;584;312;175;137;750;441;309;-438;-266;-172
2626;61;2030;;;;;;1331;730;602;311;175;136;766;452;314;-455;-277;-178
2627;61;2031;;;;;;1285;702;583;310;174;136;761;445;316;-451;-271;-180
2628;61;2032;;;;;;1219;666;553;311;175;136;737;431;306;-426;-256;-170
2629;61;2033;;;;;;1148;623;525;309;174;135;721;417;304;-412;-243;-169
2630;61;2034;;;;;;1051;571;481;308;173;135;689;398;291;-381;-225;-156
2631;61;2035;;;;;;1004;546;458;310;174;136;678;390;288;-368;-216;-152
2632;61;2036;;;;;;952;517;435;309;173;136;664;383;282;-355;-210;-146
2633;61;2037;;;;;;934;509;425;308;173;135;661;382;279;-353;-209;-144
2634;61;2038;;;;;;912;494;418;308;172;136;660;379;281;-352;-207;-145
2635;61;2039;;;;;;911;492;419;308;172;136;670;384;286;-362;-212;-150
2636;61;2040;;;;;;896;484;412;306;171;135;669;384;285;-363;-213;-150
2637;61;2041;;;;;;907;489;418;306;171;135;683;391;292;-377;-220;-157
2638;61;2042;;;;;;885;475;410;305;170;135;684;391;293;-379;-221;-158
2639;61;2043;;;;;;853;458;395;306;171;135;685;392;294;-379;-221;-159
2640;61;2044;;;;;;836;448;388;305;171;134;688;392;296;-383;-221;-162
2641;61;2045;;;;;;844;452;392;304;170;134;699;399;300;-395;-229;-166
2642;61;2046;;;;;;845;451;394;304;170;134;704;402;302;-400;-232;-168
2643;61;2047;;;;;;854;454;400;304;171;133;714;408;306;-410;-237;-173
2644;61;2048;;;;;;850;454;396;302;170;132;719;412;307;-417;-242;-175
2645;61;2049;;;;;;839;446;393;302;170;132;723;414;309;-421;-244;-177
2646;62;2008;;;;;;1881;1141;741;299;172;127;602;381;221;-303;-209;-94
2647;62;2009;;;;;;1785;1070;715;297;173;124;605;376;229;-308;-203;-105
2648;62;2010;;;;;;1662;994;669;300;174;126;586;359;227;-286;-185;-101
2649;62;2011;;;;;;1580;936;644;298;173;125;566;345;221;-268;-172;-96
2650;62;2012;;;;;;1528;898;629;305;180;125;561;338;224;-256;-158;-99
2651;62;2013;;;;;;1492;872;619;303;178;125;540;327;214;-237;-149;-89
2652;62;2014;;;;;;1515;880;635;302;177;125;554;331;223;-252;-154;-98
2653;62;2015;;;;;;1483;854;629;296;174;122;550;326;224;-254;-152;-102
2654;62;2016;;;;;;1477;846;631;293;172;121;561;332;229;-268;-160;-108
2655;62;2017;;;;;;1471;834;637;287;169;118;569;335;234;-282;-166;-116
2656;62;2018;;;;;;1481;840;641;283;167;116;585;347;238;-302;-180;-122
2657;62;2019;;;;;;1480;834;647;280;165;115;595;349;245;-315;-184;-130
2658;62;2020;;;;;;1486;835;652;279;165;114;607;359;249;-328;-194;-135
2659;62;2021;;;;;;1503;840;663;279;165;114;620;367;253;-341;-202;-139
2660;62;2022;;;;;;1491;832;658;279;165;114;643;378;265;-364;-213;-151
2661;62;2023;;;;;;1509;840;670;279;165;114;641;379;262;-362;-214;-148
2662;62;2024;;;;;;1501;834;667;280;166;114;657;387;270;-377;-221;-156
2663;62;2025;;;;;;1508;840;668;280;166;114;668;394;274;-388;-228;-160
2664;62;2026;;;;;;1509;838;670;280;166;114;681;401;280;-401;-235;-166
2665;62;2027;;;;;;1465;815;650;278;164;114;675;398;277;-397;-234;-163
2666;62;2028;;;;;;1423;789;634;277;163;114;663;391;271;-386;-228;-157
2667;62;2029;;;;;;1398;775;623;277;163;114;665;389;276;-388;-226;-162
2668;62;2030;;;;;;1391;769;622;276;162;114;674;391;282;-398;-229;-168
2669;62;2031;;;;;;1434;793;641;275;162;113;690;402;288;-415;-240;-175
2670;62;2032;;;;;;1384;763;621;275;161;114;688;397;291;-413;-236;-177
2671;62;2033;;;;;;1312;723;589;276;162;114;667;383;283;-391;-221;-169
2672;62;2034;;;;;;1237;677;560;275;161;114;655;373;282;-380;-212;-168
2673;62;2035;;;;;;1132;620;512;275;161;114;627;356;272;-352;-195;-158
2674;62;2036;;;;;;1081;593;488;273;160;113;617;349;268;-344;-189;-155
2675;62;2037;;;;;;1025;561;464;274;161;113;605;341;264;-331;-180;-151
2676;62;2038;;;;;;1005;552;453;273;160;113;602;340;262;-329;-180;-149
2677;62;2039;;;;;;981;535;446;273;160;113;603;339;264;-330;-179;-151
2678;62;2040;;;;;;980;533;446;273;160;113;613;343;269;-340;-183;-156
2679;62;2041;;;;;;963;524;439;272;159;113;613;343;269;-341;-184;-156
2680;62;2042;;;;;;976;530;446;271;159;112;626;351;275;-355;-192;-163
2681;62;2043;;;;;;951;514;438;271;159;112;629;350;278;-358;-191;-166
2682;62;2044;;;;;;916;495;421;271;159;112;630;351;279;-359;-192;-167
2683;62;2045;;;;;;899;485;414;271;159;112;633;352;281;-362;-193;-169
2684;62;2046;;;;;;907;489;418;269;158;111;646;359;287;-377;-201;-176
2685;62;2047;;;;;;908;487;420;269;158;111;651;362;289;-382;-204;-178
2686;62;2048;;;;;;918;491;427;270;159;111;659;368;292;-389;-209;-181
2687;62;2049;;;;;;913;491;423;270;158;112;666;371;294;-396;-213;-182
2688;63;2008;;;;;;1470;895;574;266;152;114;506;308;197;-240;-156;-83
2689;63;2009;;;;;;2007;1219;789;259;150;109;629;386;243;-370;-236;-134
2690;63;2010;;;;;;1905;1144;761;266;151;115;623;377;247;-357;-226;-132
2691;63;2011;;;;;;1775;1062;712;266;152;114;597;358;239;-331;-206;-125
2692;63;2012;;;;;;1687;1001;686;271;156;115;572;341;231;-301;-185;-116
2693;63;2013;;;;;;1632;961;671;267;154;113;565;334;231;-298;-180;-118
2694;63;2014;;;;;;1594;934;660;267;155;112;543;323;221;-276;-168;-109
2695;63;2015;;;;;;1619;942;678;262;152;110;558;328;230;-296;-176;-120
2696;63;2016;;;;;;1586;915;670;258;149;109;557;326;231;-299;-177;-122
2697;63;2017;;;;;;1580;907;673;253;147;106;568;332;236;-315;-185;-130
2698;63;2018;;;;;;1574;895;679;248;144;104;576;336;240;-328;-192;-136
2699;63;2019;;;;;;1586;902;684;246;142;104;591;347;244;-345;-205;-140
2700;63;2020;;;;;;1586;896;690;245;142;103;598;348;249;-353;-206;-146
2701;63;2021;;;;;;1593;898;695;245;142;103;611;358;253;-366;-216;-150
2702;63;2022;;;;;;1612;905;707;247;144;103;622;365;257;-375;-221;-154
2703;63;2023;;;;;;1599;897;702;247;144;103;644;377;267;-397;-233;-164
2704;63;2024;;;;;;1620;906;714;247;144;103;642;377;264;-395;-233;-161
2705;63;2025;;;;;;1612;901;711;246;143;103;656;384;271;-410;-241;-168
2706;63;2026;;;;;;1620;908;712;245;142;103;665;391;273;-420;-249;-170
2707;63;2027;;;;;;1622;907;715;245;142;103;676;397;279;-431;-255;-176
2708;63;2028;;;;;;1575;882;693;245;142;103;670;394;275;-425;-252;-172
2709;63;2029;;;;;;1530;855;676;245;142;103;656;387;269;-411;-245;-166
2710;63;2030;;;;;;1504;840;664;244;141;103;656;385;272;-412;-244;-169
2711;63;2031;;;;;;1496;833;663;244;141;103;664;386;278;-420;-245;-175
2712;63;2032;;;;;;1543;859;684;244;141;103;678;397;281;-434;-256;-178
2713;63;2033;;;;;;1489;826;662;243;140;103;676;391;285;-433;-251;-182
2714;63;2034;;;;;;1412;783;628;243;140;103;656;378;277;-413;-238;-174
2715;63;2035;;;;;;1330;733;597;242;139;103;641;367;274;-399;-228;-171
2716;63;2036;;;;;;1217;671;547;243;140;103;614;351;264;-371;-211;-161
2717;63;2037;;;;;;1162;641;521;242;139;103;604;345;259;-362;-206;-156
2718;63;2038;;;;;;1102;607;495;242;139;103;592;337;255;-350;-198;-152
2719;63;2039;;;;;;1080;596;484;242;139;103;589;336;252;-347;-197;-149
2720;63;2040;;;;;;1054;578;475;240;138;102;588;334;253;-348;-196;-151
2721;63;2041;;;;;;1052;576;476;239;138;101;596;338;258;-357;-200;-157
2722;63;2042;;;;;;1034;565;469;239;138;101;596;338;257;-357;-200;-156
2723;63;2043;;;;;;1048;572;476;238;137;101;607;344;263;-369;-207;-162
2724;63;2044;;;;;;1021;554;467;239;138;101;608;344;265;-369;-206;-164
2725;63;2045;;;;;;984;534;449;240;138;102;610;345;265;-370;-207;-163
2726;63;2046;;;;;;965;523;442;238;137;101;613;346;267;-375;-209;-166
2727;63;2047;;;;;;973;527;446;239;138;101;624;353;271;-385;-215;-170
2728;63;2048;;;;;;974;526;449;239;138;101;628;355;273;-389;-217;-172
2729;63;2049;;;;;;985;530;456;238;137;101;635;359;275;-397;-222;-174
2730;64;2008;;;;;;1670;1023;647;256;146;110;410;255;155;-154;-109;-45
2731;64;2009;;;;;;1566;953;613;255;146;109;421;262;160;-166;-116;-51
2732;64;2010;;;;;;2139;1297;842;256;145;111;503;317;187;-247;-172;-76
2733;64;2011;;;;;;2031;1218;813;262;150;112;505;312;193;-243;-162;-81
2734;64;2012;;;;;;1893;1132;761;267;152;115;490;300;190;-223;-148;-75
2735;64;2013;;;;;;1800;1067;733;263;149;114;474;288;187;-211;-139;-73
2736;64;2014;;;;;;1742;1025;717;259;147;112;473;284;189;-214;-137;-77
2737;64;2015;;;;;;1702;996;706;254;145;109;456;275;182;-202;-130;-73
2738;64;2016;;;;;;1730;1005;724;250;142;108;475;282;193;-225;-140;-85
2739;64;2017;;;;;;1695;978;717;245;140;105;479;283;196;-234;-143;-91
2740;64;2018;;;;;;1689;969;720;241;138;103;493;290;202;-252;-152;-99
2741;64;2019;;;;;;1684;958;726;238;136;102;501;294;207;-263;-158;-105
2742;64;2020;;;;;;1697;966;731;239;137;102;518;306;212;-279;-169;-110
2743;64;2021;;;;;;1698;961;737;239;137;102;527;309;218;-288;-172;-116
2744;64;2022;;;;;;1707;964;743;238;136;102;541;319;223;-303;-183;-121
2745;64;2023;;;;;;1728;972;755;238;136;102;555;327;227;-317;-191;-125
2746;64;2024;;;;;;1715;965;750;237;135;102;580;340;240;-343;-205;-138
2747;64;2025;;;;;;1739;976;763;237;135;102;577;341;236;-340;-206;-134
2748;64;2026;;;;;;1731;971;760;237;135;102;595;350;245;-358;-215;-143
2749;64;2027;;;;;;1740;979;761;237;135;102;606;357;248;-369;-222;-146
2750;64;2028;;;;;;1742;979;764;238;136;102;621;365;256;-383;-229;-154
2751;64;2029;;;;;;1693;952;741;238;136;102;619;365;254;-381;-229;-152
2752;64;2030;;;;;;1645;923;722;236;135;101;609;360;249;-373;-225;-148
2753;64;2031;;;;;;1617;907;710;236;135;101;612;359;253;-376;-224;-152
2754;64;2032;;;;;;1609;900;709;235;134;101;623;363;260;-388;-229;-159
2755;64;2033;;;;;;1659;928;731;235;134;101;639;373;265;-404;-239;-164
2756;64;2034;;;;;;1600;892;708;235;133;102;640;370;270;-405;-237;-168
2757;64;2035;;;;;;1518;846;672;235;133;102;624;359;265;-389;-226;-163
2758;64;2036;;;;;;1429;791;638;233;132;101;615;351;264;-382;-219;-163
2759;64;2037;;;;;;1308;723;584;233;132;101;593;338;255;-360;-206;-154
2760;64;2038;;;;;;1248;691;557;232;132;100;584;332;252;-352;-200;-152
2761;64;2039;;;;;;1183;654;529;232;132;100;575;326;248;-343;-194;-148
2762;64;2040;;;;;;1160;642;517;232;132;100;574;327;247;-342;-195;-147
2763;64;2041;;;;;;1131;623;508;230;131;99;576;327;250;-346;-196;-151
2764;64;2042;;;;;;1130;620;509;230;131;99;586;332;255;-356;-201;-156
2765;64;2043;;;;;;1110;608;502;231;132;99;589;333;256;-358;-201;-157
2766;64;2044;;;;;;1124;615;509;231;131;100;602;340;261;-371;-209;-161
2767;64;2045;;;;;;1096;596;500;231;131;100;605;341;264;-374;-210;-164
2768;64;2046;;;;;;1055;575;481;231;131;100;608;343;266;-377;-212;-166
2769;64;2047;;;;;;1035;562;473;229;130;99;614;345;269;-385;-215;-170
2770;64;2048;;;;;;1044;567;477;229;130;99;627;353;274;-398;-223;-175
2771;64;2049;;;;;;1045;565;480;229;130;99;634;357;277;-405;-227;-178
2772;65;2008;;;;;;1724;1063;662;248;144;104;483;289;194;-235;-145;-90
2773;65;2009;;;;;;1781;1088;693;249;146;103;510;301;209;-261;-155;-106
2774;65;2010;;;;;;1671;1014;656;248;146;102;506;299;206;-258;-153;-104
2775;65;2011;;;;;;2283;1381;902;253;147;106;615;367;248;-362;-220;-142
2776;65;2012;;;;;;2168;1297;871;257;150;107;603;356;247;-346;-206;-140
2777;65;2013;;;;;;2021;1206;815;254;146;108;575;338;237;-321;-192;-129
2778;65;2014;;;;;;1923;1138;786;251;146;105;553;324;230;-302;-178;-125
2779;65;2015;;;;;;1862;1093;768;245;142;103;549;319;230;-304;-177;-127
2780;65;2016;;;;;;1820;1063;757;242;140;102;534;312;222;-292;-172;-120
2781;65;2017;;;;;;1851;1074;777;237;137;100;554;321;234;-317;-184;-134
2782;65;2018;;;;;;1814;1045;769;233;134;99;554;320;234;-321;-186;-135
2783;65;2019;;;;;;1809;1037;772;231;133;98;567;326;241;-336;-193;-143
2784;65;2020;;;;;;1804;1026;778;229;132;97;576;330;245;-347;-198;-148
2785;65;2021;;;;;;1820;1036;784;228;131;97;591;342;249;-363;-211;-152
2786;65;2022;;;;;;1822;1032;790;228;131;97;599;344;255;-371;-213;-158
2787;65;2023;;;;;;1832;1036;796;227;131;96;612;353;259;-385;-222;-163
2788;65;2024;;;;;;1856;1046;810;228;132;96;626;363;263;-398;-231;-167
2789;65;2025;;;;;;1844;1040;804;227;131;96;649;375;274;-422;-244;-178
2790;65;2026;;;;;;1870;1052;818;227;131;96;647;376;271;-420;-245;-175
2791;65;2027;;;;;;1862;1047;814;227;131;96;662;384;279;-435;-253;-183
2792;65;2028;;;;;;1872;1057;816;227;131;96;673;392;281;-446;-261;-185
2793;65;2029;;;;;;1876;1057;819;227;131;96;687;399;288;-460;-268;-192
2794;65;2030;;;;;;1823;1029;794;226;130;96;681;397;285;-455;-267;-189
2795;65;2031;;;;;;1772;998;774;226;130;96;667;390;278;-441;-260;-182
2796;65;2032;;;;;;1741;980;761;225;129;96;668;388;280;-443;-259;-184
2797;65;2033;;;;;;1733;972;760;226;130;96;678;392;287;-452;-262;-191
2798;65;2034;;;;;;1786;1003;784;224;129;95;694;403;291;-470;-274;-196
2799;65;2035;;;;;;1723;964;759;223;129;94;692;398;294;-469;-269;-200
2800;65;2036;;;;;;1634;913;720;222;128;94;671;384;286;-449;-256;-192
2801;65;2037;;;;;;1538;853;685;222;128;94;657;374;283;-435;-246;-189
2802;65;2038;;;;;;1407;780;627;222;128;94;628;357;271;-406;-229;-177
2803;65;2039;;;;;;1342;745;597;221;128;93;618;351;267;-397;-223;-174
2804;65;2040;;;;;;1272;705;568;222;128;94;603;342;261;-381;-214;-167
2805;65;2041;;;;;;1247;692;555;221;127;94;601;342;259;-380;-215;-165
2806;65;2042;;;;;;1216;670;545;221;127;94;601;341;261;-380;-214;-167
2807;65;2043;;;;;;1214;668;546;220;126;94;609;345;264;-389;-219;-170
2808;65;2044;;;;;;1193;655;538;221;127;94;609;345;264;-388;-218;-170
2809;65;2045;;;;;;1208;662;546;220;127;93;622;352;270;-402;-225;-177
2810;65;2046;;;;;;1177;641;536;219;126;93;623;352;271;-404;-226;-178
2811;65;2047;;;;;;1134;618;516;219;126;93;624;353;271;-405;-227;-178
2812;65;2048;;;;;;1112;604;508;219;126;93;627;354;273;-408;-228;-180
2813;65;2049;;;;;;1121;609;512;218;125;93;640;362;277;-422;-237;-184
2814;66;2008;;;;;;1739;1075;664;207;108;99;434;256;178;-227;-148;-79
2815;66;2009;;;;;;1846;1133;712;207;108;99;457;274;183;-250;-166;-84
2816;66;2010;;;;;;1907;1161;746;211;113;98;479;282;197;-268;-169;-99
2817;66;2011;;;;;;1789;1082;707;212;112;100;472;279;193;-260;-167;-93
2818;66;2012;;;;;;2446;1474;972;218;116;102;567;339;228;-349;-223;-126
2819;66;2013;;;;;;2325;1386;939;213;113;100;556;329;226;-343;-216;-126
2820;66;2014;;;;;;2168;1288;879;212;113;99;533;315;218;-321;-202;-119
2821;66;2015;;;;;;2064;1216;847;210;111;99;516;303;213;-306;-192;-114
2822;66;2016;;;;;;1999;1170;829;205;108;97;518;303;215;-313;-195;-118
2823;66;2017;;;;;;1956;1139;817;203;107;96;504;296;208;-301;-189;-112
2824;66;2018;;;;;;1989;1151;838;198;105;93;525;305;219;-327;-200;-126
2825;66;2019;;;;;;1951;1122;829;195;103;92;526;305;221;-331;-202;-129
2826;66;2020;;;;;;1947;1114;833;194;103;91;538;312;226;-344;-209;-135
2827;66;2021;;;;;;1943;1104;839;194;103;91;546;316;231;-352;-213;-140
2828;66;2022;;;;;;1961;1116;845;194;103;91;564;328;235;-370;-225;-144
2829;66;2023;;;;;;1965;1113;852;194;103;91;570;331;240;-376;-228;-149
2830;66;2024;;;;;;1977;1119;859;195;104;91;584;340;244;-389;-236;-153
2831;66;2025;;;;;;2004;1131;873;195;104;91;597;349;248;-402;-245;-157
2832;66;2026;;;;;;1991;1125;867;195;104;91;621;363;259;-426;-259;-168
2833;66;2027;;;;;;2021;1139;882;195;104;91;619;363;256;-424;-259;-165
2834;66;2028;;;;;;2013;1135;878;194;103;91;635;372;263;-441;-269;-172
2835;66;2029;;;;;;2025;1145;879;194;103;91;646;380;266;-452;-277;-175
2836;66;2030;;;;;;2029;1146;883;194;103;91;659;387;272;-465;-284;-181
2837;66;2031;;;;;;1972;1115;856;193;102;91;655;386;269;-462;-284;-178
2838;66;2032;;;;;;1917;1082;835;193;102;91;643;380;263;-450;-278;-172
2839;66;2033;;;;;;1884;1063;821;192;102;90;642;378;264;-450;-276;-174
2840;66;2034;;;;;;1874;1054;820;190;101;89;653;382;271;-463;-281;-182
2841;66;2035;;;;;;1932;1087;846;190;101;89;669;394;275;-479;-293;-186
2842;66;2036;;;;;;1863;1044;819;190;101;89;667;389;278;-477;-288;-189
2843;66;2037;;;;;;1766;988;777;189;100;89;649;377;272;-460;-277;-183
2844;66;2038;;;;;;1662;923;739;189;100;89;635;367;268;-446;-267;-179
2845;66;2039;;;;;;1520;844;676;188;100;88;609;351;258;-421;-251;-170
2846;66;2040;;;;;;1450;806;645;190;101;89;600;345;255;-410;-244;-166
2847;66;2041;;;;;;1374;762;613;190;101;89;587;338;249;-397;-237;-160
2848;66;2042;;;;;;1347;748;599;190;101;89;583;337;246;-393;-236;-157
2849;66;2043;;;;;;1313;724;589;190;101;89;584;336;248;-394;-235;-159
2850;66;2044;;;;;;1311;721;590;190;101;89;593;341;252;-403;-240;-163
2851;66;2045;;;;;;1288;707;581;189;99;90;594;342;252;-405;-243;-162
2852;66;2046;;;;;;1304;715;590;188;99;89;605;349;257;-417;-250;-168
2853;66;2047;;;;;;1271;692;579;188;99;89;607;348;258;-419;-249;-169
2854;66;2048;;;;;;1224;667;557;188;99;89;608;350;258;-420;-251;-169
2855;66;2049;;;;;;1200;652;548;187;98;89;612;351;261;-425;-253;-172
2856;67;2008;;;;;;1811;1119;692;194;101;93;366;237;129;-172;-136;-36
2857;67;2009;;;;;;1865;1146;719;195;101;94;390;249;141;-195;-148;-47
2858;67;2010;;;;;;1981;1209;772;199;104;95;403;261;142;-204;-157;-47
2859;67;2011;;;;;;2047;1239;809;200;106;94;420;267;154;-220;-161;-60
2860;67;2012;;;;;;1922;1156;766;204;108;96;415;262;153;-211;-154;-57
2861;67;2013;;;;;;2629;1576;1054;204;108;96;488;314;174;-284;-206;-78
2862;67;2014;;;;;;2500;1482;1018;201;105;96;482;305;178;-281;-200;-82
2863;67;2015;;;;;;2332;1379;954;197;103;94;467;292;175;-270;-189;-81
2864;67;2016;;;;;;2222;1303;919;193;101;92;457;283;173;-264;-182;-81
2865;67;2017;;;;;;2153;1254;899;190;99;91;462;283;179;-272;-184;-88
2866;67;2018;;;;;;2108;1222;886;187;97;90;448;276;173;-261;-179;-83
2867;67;2019;;;;;;2145;1236;909;185;96;89;467;284;183;-282;-188;-94
2868;67;2020;;;;;;2106;1206;900;184;96;88;470;284;186;-286;-188;-98
2869;67;2021;;;;;;2103;1200;903;184;96;88;482;290;192;-298;-194;-104
2870;67;2022;;;;;;2101;1190;910;184;96;88;490;293;197;-306;-197;-109
2871;67;2023;;;;;;2121;1204;917;184;96;88;507;305;201;-323;-209;-113
2872;67;2024;;;;;;2127;1203;924;184;96;88;514;307;206;-330;-211;-118
2873;67;2025;;;;;;2141;1211;931;185;96;89;526;315;210;-341;-219;-121
2874;67;2026;;;;;;2172;1225;947;185;96;89;538;324;215;-353;-228;-126
2875;67;2027;;;;;;2159;1219;940;185;96;89;565;338;227;-380;-242;-138
2876;67;2028;;;;;;2192;1236;956;183;95;88;560;337;223;-377;-242;-135
2877;67;2029;;;;;;2184;1231;952;183;95;88;578;345;233;-395;-250;-145
2878;67;2030;;;;;;2197;1243;954;183;95;88;587;352;235;-404;-257;-147
2879;67;2031;;;;;;2202;1245;957;181;94;87;603;359;243;-422;-265;-156
2880;67;2032;;;;;;2140;1211;929;181;94;87;600;358;241;-419;-264;-154
2881;67;2033;;;;;;2081;1175;906;181;94;87;588;352;236;-407;-258;-149
2882;67;2034;;;;;;2045;1154;891;180;93;87;587;348;238;-407;-255;-151
2883;67;2035;;;;;;2034;1144;890;179;93;86;599;354;246;-420;-261;-160
2884;67;2036;;;;;;2096;1178;917;179;93;86;615;364;251;-436;-271;-165
2885;67;2037;;;;;;2021;1132;889;180;94;86;614;359;255;-434;-265;-169
2886;67;2038;;;;;;1915;1071;844;179;93;86;599;348;251;-420;-255;-165
2887;67;2039;;;;;;1802;1000;802;178;93;85;589;339;250;-411;-246;-165
2888;67;2040;;;;;;1648;914;734;178;93;85;566;325;241;-388;-232;-156
2889;67;2041;;;;;;1572;872;700;178;93;85;559;320;240;-381;-227;-155
2890;67;2042;;;;;;1489;824;665;177;93;84;547;312;235;-370;-219;-151
2891;67;2043;;;;;;1459;809;650;176;92;84;544;312;233;-368;-220;-149
2892;67;2044;;;;;;1422;783;639;176;92;84;547;312;236;-371;-220;-152
2893;67;2045;;;;;;1420;780;641;175;91;84;555;314;240;-380;-223;-156
2894;67;2046;;;;;;1395;764;631;176;92;84;555;315;240;-379;-223;-156
2895;67;2047;;;;;;1413;773;640;176;92;84;565;320;245;-389;-228;-161
2896;67;2048;;;;;;1377;748;629;177;93;84;567;320;247;-390;-227;-163
2897;67;2049;;;;;;1326;721;605;176;93;83;570;322;248;-394;-229;-165
2898;68;2008;;;;;;2030;1252;778;169;88;81;337;208;129;-168;-120;-48
2899;68;2009;;;;;;1943;1195;747;171;88;83;315;192;123;-144;-104;-40
2900;68;2010;;;;;;2001;1225;776;174;91;83;332;199;132;-158;-108;-49
2901;68;2011;;;;;;2126;1294;832;172;90;82;337;206;132;-165;-116;-50
2902;68;2012;;;;;;2199;1327;872;177;93;84;351;210;141;-174;-117;-57
2903;68;2013;;;;;;2065;1240;825;178;93;85;348;208;141;-170;-115;-56
2904;68;2014;;;;;;2826;1692;1134;177;92;85;405;246;159;-228;-154;-74
2905;68;2015;;;;;;2688;1593;1096;174;90;84;404;241;163;-230;-151;-79
2906;68;2016;;;;;;2510;1484;1025;171;89;82;396;234;162;-225;-145;-80
2907;68;2017;;;;;;2392;1405;988;167;87;80;390;229;161;-223;-142;-81
2908;68;2018;;;;;;2320;1354;966;165;86;79;396;231;165;-231;-145;-86
2909;68;2019;;;;;;2273;1322;951;163;85;78;383;224;159;-220;-139;-81
2910;68;2020;;;;;;2315;1340;975;163;85;78;401;233;168;-238;-148;-90
2911;68;2021;;;;;;2274;1310;964;162;84;78;404;234;170;-242;-150;-92
2912;68;2022;;;;;;2273;1305;968;162;84;78;416;240;176;-254;-156;-98
2913;68;2023;;;;;;2272;1296;976;161;84;77;424;244;180;-263;-160;-103
2914;68;2024;;;;;;2297;1314;982;161;84;77;439;256;183;-278;-172;-106
2915;68;2025;;;;;;2305;1314;990;161;84;77;444;257;187;-283;-173;-110
2916;68;2026;;;;;;2322;1325;998;161;84;77;457;266;191;-296;-182;-114
2917;68;2027;;;;;;2357;1342;1015;161;85;76;469;274;195;-308;-189;-119
2918;68;2028;;;;;;2344;1337;1007;161;85;76;494;288;206;-333;-203;-130
2919;68;2029;;;;;;2382;1356;1026;161;85;76;488;287;202;-327;-202;-126
2920;68;2030;;;;;;2374;1352;1022;161;85;76;507;296;210;-346;-211;-134
2921;68;2031;;;;;;2390;1367;1024;159;84;75;514;302;212;-355;-218;-137
2922;68;2032;;;;;;2396;1368;1028;159;84;75;529;310;219;-370;-226;-144
2923;68;2033;;;;;;2330;1332;998;159;84;75;527;310;217;-368;-226;-142
2924;68;2034;;;;;;2266;1293;973;158;83;75;518;305;213;-360;-222;-138
2925;68;2035;;;;;;2227;1269;958;158;83;75;514;301;213;-356;-218;-138
2926;68;2036;;;;;;2216;1258;957;158;83;75;527;307;220;-369;-224;-145
2927;68;2037;;;;;;2284;1296;987;158;83;75;541;316;224;-383;-233;-149
2928;68;2038;;;;;;2202;1245;957;156;81;75;542;314;228;-386;-233;-153
2929;68;2039;;;;;;2087;1179;909;156;81;75;529;305;224;-373;-224;-149
2930;68;2040;;;;;;1965;1101;864;156;81;75;520;297;223;-364;-216;-148
2931;68;2041;;;;;;1797;1006;791;156;81;75;501;286;215;-345;-205;-140
2932;68;2042;;;;;;1715;960;754;156;81;75;496;282;213;-340;-201;-138
2933;68;2043;;;;;;1625;908;717;155;80;75;484;276;209;-329;-196;-134
2934;68;2044;;;;;;1593;891;702;155;80;75;480;275;206;-325;-195;-131
2935;68;2045;;;;;;1553;863;690;155;80;75;484;275;209;-329;-195;-134
2936;68;2046;;;;;;1551;860;691;154;80;74;490;278;212;-336;-198;-138
2937;68;2047;;;;;;1525;844;681;153;80;73;490;278;212;-337;-198;-139
2938;68;2048;;;;;;1545;853;692;152;79;73;497;282;215;-345;-203;-142
2939;68;2049;;;;;;1507;827;679;152;79;73;499;283;217;-347;-204;-144
2940;69;2008;;;;;;2132;1310;822;159;81;78;261;161;100;-102;-80;-22
2941;69;2009;;;;;;2180;1338;841;160;83;77;284;177;107;-124;-94;-30
2942;69;2010;;;;;;2087;1279;808;161;84;77;261;160;101;-100;-76;-24
2943;69;2011;;;;;;2152;1313;838;161;85;76;274;165;109;-113;-80;-33
2944;69;2012;;;;;;2287;1389;899;168;89;79;276;169;107;-108;-80;-28
2945;69;2013;;;;;;2366;1426;940;165;87;78;288;173;115;-123;-86;-37
2946;69;2014;;;;;;2224;1334;890;164;86;78;287;171;116;-123;-85;-38
2947;69;2015;;;;;;3044;1822;1222;161;84;77;336;206;131;-175;-122;-54
2948;69;2016;;;;;;2898;1718;1180;159;83;76;337;202;135;-178;-119;-59
2949;69;2017;;;;;;2707;1604;1104;155;81;74;333;198;135;-178;-117;-61
2950;69;2018;;;;;;2582;1520;1062;152;79;73;330;194;136;-178;-115;-63
2951;69;2019;;;;;;2506;1468;1038;151;79;72;337;196;141;-186;-117;-69
2952;69;2020;;;;;;2458;1436;1022;151;79;72;326;190;136;-175;-111;-64
2953;69;2021;;;;;;2506;1458;1048;151;79;72;342;198;145;-191;-119;-73
2954;69;2022;;;;;;2464;1428;1036;151;79;72;345;198;147;-194;-119;-75
2955;69;2023;;;;;;2465;1425;1040;151;79;72;356;204;152;-205;-125;-80
2956;69;2024;;;;;;2466;1418;1048;151;79;72;363;208;156;-212;-129;-84
2957;69;2025;;;;;;2495;1440;1055;150;79;71;377;218;159;-227;-139;-88
2958;69;2026;;;;;;2506;1442;1064;150;79;71;382;218;164;-232;-139;-93
2959;69;2027;;;;;;2528;1455;1072;150;79;71;394;227;168;-244;-148;-97
2960;69;2028;;;;;;2567;1476;1091;150;79;71;405;234;171;-255;-155;-100
2961;69;2029;;;;;;2555;1471;1083;149;78;71;427;245;182;-278;-167;-111
2962;69;2030;;;;;;2598;1494;1103;149;78;71;421;243;177;-272;-165;-106
2963;69;2031;;;;;;2591;1491;1100;149;78;71;438;252;185;-289;-174;-114
2964;69;2032;;;;;;2610;1507;1103;149;78;71;444;257;187;-295;-179;-116
2965;69;2033;;;;;;2617;1510;1108;148;77;71;458;264;194;-310;-187;-123
2966;69;2034;;;;;;2546;1470;1076;146;76;70;457;264;193;-311;-188;-123
2967;69;2035;;;;;;2477;1427;1050;146;76;70;449;260;189;-303;-184;-119
2968;69;2036;;;;;;2435;1401;1034;146;76;70;445;256;189;-299;-180;-119
2969;69;2037;;;;;;2422;1389;1033;145;75;70;458;262;196;-313;-187;-126
2970;69;2038;;;;;;2497;1431;1066;145;75;70;470;270;200;-325;-195;-130
2971;69;2039;;;;;;2408;1375;1034;144;75;69;472;268;204;-328;-193;-135
2972;69;2040;;;;;;2284;1302;982;145;76;69;461;260;201;-316;-184;-132
2973;69;2041;;;;;;2150;1216;934;144;75;69;454;254;200;-310;-179;-131
2974;69;2042;;;;;;1967;1112;855;144;75;69;437;243;194;-293;-168;-125
2975;69;2043;;;;;;1878;1062;816;143;75;68;432;240;192;-289;-165;-124
2976;69;2044;;;;;;1780;1005;776;143;75;68;421;234;187;-278;-159;-119
2977;69;2045;;;;;;1746;987;759;143;75;68;417;233;185;-274;-158;-117
2978;69;2046;;;;;;1703;957;747;142;74;68;421;233;188;-279;-159;-120
2979;69;2047;;;;;;1702;953;749;142;74;68;425;235;190;-283;-161;-122
2980;69;2048;;;;;;1674;936;738;142;74;68;425;234;191;-283;-160;-123
2981;69;2049;;;;;;1697;947;750;143;74;69;431;237;194;-288;-163;-125
2982;70;2008;;;;;;2283;1406;877;142;73;69;232;151;80;-90;-78;-11
2983;70;2009;;;;;;2291;1402;890;141;73;68;237;154;83;-96;-81;-15
2984;70;2010;;;;;;2343;1433;910;145;75;70;255;166;89;-110;-91;-19
2985;70;2011;;;;;;2245;1372;873;146;77;69;232;150;82;-86;-73;-13
2986;70;2012;;;;;;2315;1410;905;151;78;73;243;154;89;-92;-76;-16
2987;70;2013;;;;;;2463;1493;970;149;78;71;246;159;87;-97;-81;-16
2988;70;2014;;;;;;2550;1535;1014;148;78;70;255;162;93;-107;-84;-23
2989;70;2015;;;;;;2397;1438;959;146;76;70;256;160;96;-110;-84;-26
2990;70;2016;;;;;;3284;1968;1317;144;75;69;302;195;107;-158;-120;-38
2991;70;2017;;;;;;3129;1859;1270;140;73;67;303;191;112;-163;-118;-45
2992;70;2018;;;;;;2925;1737;1188;138;72;66;300;186;114;-162;-114;-48
2993;70;2019;;;;;;2793;1650;1143;136;71;65;297;183;115;-161;-112;-50
2994;70;2020;;;;;;2712;1596;1116;136;71;65;305;185;120;-169;-114;-55
2995;70;2021;;;;;;2664;1565;1099;135;70;65;294;180;115;-159;-110;-50
2996;70;2022;;;;;;2718;1592;1126;134;70;64;309;187;123;-175;-117;-59
2997;70;2023;;;;;;2676;1562;1114;134;70;64;313;188;126;-179;-118;-62
2998;70;2024;;;;;;2680;1562;1118;133;69;64;323;192;131;-190;-123;-67
2999;70;2025;;;;;;2684;1557;1127;133;69;64;330;196;134;-197;-127;-70
3000;70;2026;;;;;;2718;1583;1135;134;70;64;342;205;137;-208;-135;-73
3001;70;2027;;;;;;2732;1587;1145;134;70;64;346;206;141;-212;-136;-77
3002;70;2028;;;;;;2758;1604;1154;134;70;64;357;213;145;-223;-143;-81
3003;70;2029;;;;;;2803;1628;1175;134;70;64;367;220;147;-233;-150;-83
3004;70;2030;;;;;;2792;1624;1167;134;70;64;389;231;158;-255;-161;-94
3005;70;2031;;;;;;2840;1651;1190;134;70;64;384;229;154;-250;-159;-90
3006;70;2032;;;;;;2834;1648;1187;132;68;64;400;237;162;-268;-169;-98
3007;70;2033;;;;;;2857;1667;1190;131;68;63;406;242;163;-275;-174;-100
3008;70;2034;;;;;;2866;1670;1196;131;68;63;418;248;170;-287;-180;-107
3009;70;2035;;;;;;2788;1626;1162;131;68;63;417;248;169;-286;-180;-106
3010;70;2036;;;;;;2713;1578;1135;130;67;63;411;244;167;-281;-177;-104
3011;70;2037;;;;;;2668;1550;1117;130;67;63;406;239;166;-276;-172;-103
3012;70;2038;;;;;;2655;1538;1118;131;68;63;418;245;174;-287;-177;-111
3013;70;2039;;;;;;2738;1585;1154;131;68;63;429;252;177;-298;-184;-114
3014;70;2040;;;;;;2641;1523;1119;130;67;63;432;250;183;-302;-183;-120
3015;70;2041;;;;;;2506;1443;1063;129;67;62;422;243;179;-293;-176;-117
3016;70;2042;;;;;;2360;1349;1011;129;67;62;415;236;179;-286;-169;-117
3017;70;2043;;;;;;2160;1233;927;128;67;61;401;227;174;-273;-160;-113
3018;70;2044;;;;;;2063;1179;884;128;67;61;397;224;173;-269;-157;-112
3019;70;2045;;;;;;1957;1116;841;127;66;61;387;217;169;-260;-151;-108
3020;70;2046;;;;;;1921;1097;824;127;66;61;382;215;167;-255;-149;-106
3021;70;2047;;;;;;1875;1064;810;127;66;61;386;216;170;-259;-150;-109
3022;70;2048;;;;;;1875;1062;813;127;66;61;390;217;173;-263;-151;-112
3023;70;2049;;;;;;1845;1043;802;128;67;61;390;217;172;-262;-150;-111
3024;71;2008;;;;;;2342;1432;910;131;64;67;194;110;84;-63;-46;-17
3025;71;2009;;;;;;2451;1499;952;135;64;71;211;121;90;-76;-57;-19
3026;71;2010;;;;;;2461;1496;965;136;65;71;214;123;91;-78;-58;-20
3027;71;2011;;;;;;2518;1532;986;138;68;70;230;133;96;-92;-65;-26
3028;71;2012;;;;;;2415;1469;946;144;71;73;208;120;88;-64;-49;-15
3029;71;2013;;;;;;2492;1512;980;142;70;72;218;123;94;-76;-53;-22
3030;71;2014;;;;;;2652;1604;1049;141;69;72;220;126;93;-79;-57;-21
3031;71;2015;;;;;;2747;1651;1096;139;68;71;230;131;100;-91;-63;-29
3032;71;2016;;;;;;2585;1549;1036;137;68;69;233;133;101;-96;-65;-32
3033;71;2017;;;;;;3545;2124;1421;133;66;67;274;158;115;-141;-92;-48
3034;71;2018;;;;;;3380;2010;1370;131;65;66;276;157;119;-145;-92;-53
3035;71;2019;;;;;;3163;1882;1281;130;64;66;275;155;120;-145;-91;-54
3036;71;2020;;;;;;3023;1791;1232;129;64;65;272;152;119;-143;-88;-54
3037;71;2021;;;;;;2940;1737;1203;129;64;65;281;156;124;-152;-92;-59
3038;71;2022;;;;;;2890;1706;1185;129;64;65;271;152;119;-142;-88;-54
3039;71;2023;;;;;;2953;1739;1214;128;64;64;286;159;127;-158;-95;-63
3040;71;2024;;;;;;2910;1709;1201;127;63;64;289;161;129;-162;-98;-65
3041;71;2025;;;;;;2918;1712;1206;127;63;64;298;165;133;-171;-102;-69
3042;71;2026;;;;;;2925;1709;1216;127;63;64;306;170;136;-179;-107;-72
3043;71;2027;;;;;;2965;1740;1226;127;63;64;318;179;139;-191;-116;-75
3044;71;2028;;;;;;2984;1747;1237;126;62;64;321;179;141;-195;-117;-77
3045;71;2029;;;;;;3014;1767;1248;126;62;64;332;187;144;-206;-125;-80
3046;71;2030;;;;;;3066;1795;1271;126;62;64;341;194;147;-215;-132;-83
3047;71;2031;;;;;;3055;1792;1263;125;62;63;364;207;157;-239;-145;-94
3048;71;2032;;;;;;3111;1823;1288;124;61;63;358;205;153;-234;-144;-90
3049;71;2033;;;;;;3106;1820;1285;123;60;63;375;214;161;-252;-154;-98
3050;71;2034;;;;;;3132;1842;1290;123;60;63;380;219;161;-257;-159;-98
3051;71;2035;;;;;;3143;1846;1297;123;60;63;393;226;167;-270;-166;-104
3052;71;2036;;;;;;3058;1798;1260;123;60;63;393;227;166;-270;-167;-103
3053;71;2037;;;;;;2977;1745;1231;123;60;63;387;224;164;-264;-164;-101
3054;71;2038;;;;;;2928;1715;1213;123;60;63;381;220;161;-258;-160;-98
3055;71;2039;;;;;;2915;1702;1214;122;60;62;395;226;168;-273;-166;-106
3056;71;2040;;;;;;3008;1755;1253;122;60;62;407;235;172;-285;-175;-110
3057;71;2041;;;;;;2903;1687;1216;122;60;62;410;234;176;-288;-174;-114
3058;71;2042;;;;;;2755;1599;1156;122;60;62;401;228;173;-279;-168;-111
3059;71;2043;;;;;;2596;1496;1100;122;60;62;395;223;172;-273;-163;-110
3060;71;2044;;;;;;2377;1369;1008;121;59;62;381;215;166;-260;-156;-104
3061;71;2045;;;;;;2272;1309;963;121;59;62;378;213;165;-257;-154;-103
3062;71;2046;;;;;;2157;1241;916;121;59;62;367;206;160;-246;-147;-98
3063;71;2047;;;;;;2118;1221;897;120;59;61;363;206;157;-243;-147;-96
3064;71;2048;;;;;;2069;1185;883;120;59;61;367;207;160;-247;-148;-99
3065;71;2049;;;;;;2070;1184;887;121;60;61;370;209;161;-249;-149;-100
3066;72;2008;;;;;;2545;1547;998;118;61;57;167;101;66;-49;-40;-9
3067;72;2009;;;;;;2514;1524;989;119;62;57;170;103;67;-51;-41;-10
3068;72;2010;;;;;;2632;1598;1034;121;63;58;184;112;72;-63;-49;-14
3069;72;2011;;;;;;2645;1598;1047;123;63;60;185;113;72;-62;-50;-12
3070;72;2012;;;;;;2708;1638;1069;127;66;61;198;121;77;-71;-55;-16
3071;72;2013;;;;;;2599;1574;1025;126;66;60;180;109;71;-54;-43;-11
3072;72;2014;;;;;;2684;1622;1061;124;65;59;190;113;77;-66;-48;-18
3073;72;2015;;;;;;2859;1723;1135;122;64;58;191;116;74;-69;-52;-16
3074;72;2016;;;;;;2964;1778;1186;119;62;57;202;121;80;-83;-59;-23
3075;72;2017;;;;;;2792;1671;1120;118;61;57;206;123;83;-88;-62;-26
3076;72;2018;;;;;;3832;2295;1536;114;59;55;240;147;93;-126;-88;-38
3077;72;2019;;;;;;3657;2176;1481;113;59;54;243;145;98;-130;-86;-44
3078;72;2020;;;;;;3427;2043;1384;113;59;54;243;143;100;-130;-84;-46
3079;72;2021;;;;;;3280;1949;1331;113;59;54;242;141;101;-129;-82;-47
3080;72;2022;;;;;;3193;1893;1300;113;59;54;251;145;106;-138;-86;-52
3081;72;2023;;;;;;3144;1863;1281;113;59;54;240;141;99;-127;-82;-45
3082;72;2024;;;;;;3216;1903;1313;113;59;54;253;147;106;-140;-88;-52
3083;72;2025;;;;;;3173;1873;1299;113;59;54;256;148;108;-143;-89;-54
3084;72;2026;;;;;;3185;1880;1305;113;59;54;265;152;112;-152;-93;-58
3085;72;2027;;;;;;3196;1879;1317;113;59;54;271;156;115;-158;-97;-61
3086;72;2028;;;;;;3243;1915;1328;113;59;54;282;165;117;-169;-106;-63
3087;72;2029;;;;;;3266;1925;1341;112;58;54;283;165;119;-171;-107;-65
3088;72;2030;;;;;;3302;1949;1354;110;57;53;294;171;122;-184;-114;-69
3089;72;2031;;;;;;3361;1982;1379;110;57;53;303;178;125;-193;-121;-72
3090;72;2032;;;;;;3352;1980;1372;110;57;53;324;188;135;-214;-131;-82
3091;72;2033;;;;;;3415;2015;1400;109;56;53;318;187;131;-209;-131;-78
3092;72;2034;;;;;;3410;2013;1398;109;56;53;334;195;139;-225;-139;-86
3093;72;2035;;;;;;3440;2037;1403;109;56;53;339;199;140;-230;-143;-87
3094;72;2036;;;;;;3453;2042;1411;109;56;53;351;205;146;-242;-149;-93
3095;72;2037;;;;;;3362;1990;1372;109;56;53;351;206;146;-242;-150;-93
3096;72;2038;;;;;;3274;1932;1341;107;55;52;347;203;144;-240;-148;-92
3097;72;2039;;;;;;3222;1900;1322;107;55;52;341;199;142;-234;-144;-90
3098;72;2040;;;;;;3209;1886;1323;107;55;52;354;205;149;-247;-150;-97
3099;72;2041;;;;;;3313;1946;1367;107;55;52;364;211;153;-257;-156;-101
3100;72;2042;;;;;;3199;1872;1327;107;55;52;367;210;157;-260;-155;-105
3101;72;2043;;;;;;3038;1776;1262;107;55;52;360;205;155;-253;-150;-103
3102;72;2044;;;;;;2864;1663;1201;106;54;52;355;200;155;-249;-146;-103
3103;72;2045;;;;;;2625;1523;1102;106;54;52;343;193;150;-237;-139;-98
3104;72;2046;;;;;;2510;1458;1052;107;55;52;341;191;150;-234;-136;-98
3105;72;2047;;;;;;2385;1383;1002;107;55;52;330;185;145;-223;-130;-93
3106;72;2048;;;;;;2344;1362;982;107;55;52;328;184;144;-221;-129;-92
3107;72;2049;;;;;;2291;1324;967;107;55;52;331;185;146;-224;-130;-94
3108;73;2008;;;;;;2716;1634;1083;114;61;53;135;82;53;-21;-21;0
3109;73;2009;;;;;;2740;1646;1094;116;62;54;144;88;56;-28;-26;-2
3110;73;2010;;;;;;2708;1624;1084;120;64;56;147;90;57;-27;-26;-1
3111;73;2011;;;;;;2838;1705;1133;121;65;56;156;96;60;-35;-31;-4
3112;73;2012;;;;;;2854;1707;1147;124;66;58;158;97;61;-34;-31;-3
3113;73;2013;;;;;;2924;1752;1172;122;65;57;169;103;65;-47;-38;-8
3114;73;2014;;;;;;2809;1686;1123;119;64;55;154;94;60;-35;-30;-5
3115;73;2015;;;;;;2903;1740;1163;117;63;54;165;98;67;-48;-35;-13
3116;73;2016;;;;;;3096;1851;1245;115;62;53;166;101;65;-51;-39;-12
3117;73;2017;;;;;;3213;1913;1300;114;61;53;177;107;70;-63;-46;-17
3118;73;2018;;;;;;3029;1801;1229;112;60;52;181;108;73;-69;-48;-21
3119;73;2019;;;;;;4163;2477;1686;110;59;51;212;131;82;-102;-72;-31
3120;73;2020;;;;;;3979;2353;1626;110;59;51;216;129;86;-106;-70;-35
3121;73;2021;;;;;;3733;2213;1520;108;57;51;216;127;89;-108;-70;-38
3122;73;2022;;;;;;3577;2114;1463;108;57;51;215;125;89;-107;-68;-38
3123;73;2023;;;;;;3487;2057;1429;108;57;51;224;129;96;-116;-72;-45
3124;73;2024;;;;;;3437;2028;1409;108;57;51;214;125;89;-106;-68;-38
3125;73;2025;;;;;;3519;2074;1445;108;57;51;227;130;96;-119;-73;-45
3126;73;2026;;;;;;3476;2045;1431;108;57;51;228;131;98;-120;-74;-47
3127;73;2027;;;;;;3492;2054;1438;108;57;51;237;135;102;-129;-78;-51
3128;73;2028;;;;;;3507;2055;1451;108;57;51;243;138;105;-135;-81;-54
3129;73;2029;;;;;;3560;2096;1464;108;57;51;253;145;108;-145;-88;-57
3130;73;2030;;;;;;3588;2109;1479;108;57;51;255;145;109;-147;-88;-58
3131;73;2031;;;;;;3629;2136;1493;107;56;51;265;152;113;-158;-96;-62
3132;73;2032;;;;;;3695;2173;1522;106;55;51;273;157;116;-167;-102;-65
3133;73;2033;;;;;;3685;2171;1514;105;55;50;292;166;127;-187;-111;-77
3134;73;2034;;;;;;3755;2209;1546;105;55;50;287;165;122;-182;-110;-72
3135;73;2035;;;;;;3751;2207;1543;104;55;49;302;172;129;-198;-117;-80
3136;73;2036;;;;;;3783;2234;1550;103;54;49;306;176;130;-203;-122;-81
3137;73;2037;;;;;;3798;2239;1559;103;54;49;319;181;137;-216;-127;-88
3138;73;2038;;;;;;3698;2182;1516;103;54;49;318;181;137;-215;-127;-88
3139;73;2039;;;;;;3601;2119;1482;103;54;49;314;179;135;-211;-125;-86
3140;73;2040;;;;;;3545;2084;1461;103;54;49;308;175;133;-205;-121;-84
3141;73;2041;;;;;;3531;2069;1463;103;54;49;322;181;141;-219;-127;-92
3142;73;2042;;;;;;3646;2135;1511;102;53;49;332;188;145;-230;-135;-96
3143;73;2043;;;;;;3521;2055;1467;103;54;49;335;186;149;-232;-132;-100
3144;73;2044;;;;;;3345;1950;1395;103;54;49;329;182;147;-226;-128;-98
3145;73;2045;;;;;;3155;1826;1329;102;54;48;325;178;147;-223;-124;-99
3146;73;2046;;;;;;2892;1673;1219;103;54;49;314;171;144;-211;-117;-95
3147;73;2047;;;;;;2767;1602;1165;103;54;49;312;169;143;-209;-115;-94
3148;73;2048;;;;;;2630;1521;1109;102;53;49;302;163;139;-200;-110;-90
3149;73;2049;;;;;;2586;1499;1088;102;53;49;298;161;136;-196;-108;-87
3150;74;2008;;;;;;2927;1735;1192;96;49;47;116;65;51;-20;-16;-4
3151;74;2009;;;;;;2925;1739;1186;100;53;47;122;68;54;-22;-15;-7
3152;74;2010;;;;;;2953;1754;1198;103;55;48;129;73;55;-26;-18;-7
3153;74;2011;;;;;;2921;1733;1188;103;55;48;131;74;57;-28;-19;-9
3154;74;2012;;;;;;3063;1821;1242;105;56;49;139;80;60;-34;-24;-11
3155;74;2013;;;;;;3084;1826;1258;102;54;48;140;80;60;-38;-26;-12
3156;74;2014;;;;;;3162;1877;1285;101;53;48;151;87;65;-50;-34;-17
3157;74;2015;;;;;;3041;1809;1232;100;52;48;137;78;59;-37;-26;-11
3158;74;2016;;;;;;3146;1870;1276;97;51;46;148;83;65;-51;-32;-19
3159;74;2017;;;;;;3359;1992;1366;96;50;46;149;85;64;-53;-35;-18
3160;74;2018;;;;;;3490;2062;1428;95;50;45;158;89;69;-63;-39;-24
3161;74;2019;;;;;;3294;1944;1350;93;49;44;162;91;71;-69;-42;-27
3162;74;2020;;;;;;4533;2680;1853;93;49;44;188;108;80;-95;-59;-36
3163;74;2021;;;;;;4339;2551;1787;93;49;44;192;107;84;-99;-58;-40
3164;74;2022;;;;;;4075;2403;1672;93;49;44;194;107;87;-101;-58;-43
3165;74;2023;;;;;;3910;2300;1610;93;49;44;193;105;88;-100;-56;-44
3166;74;2024;;;;;;3816;2242;1574;93;49;44;202;109;93;-109;-60;-49
3167;74;2025;;;;;;3766;2213;1552;93;49;44;191;104;87;-98;-55;-43
3168;74;2026;;;;;;3860;2267;1593;93;49;44;202;109;93;-109;-60;-49
3169;74;2027;;;;;;3815;2237;1578;93;49;44;204;110;95;-111;-61;-51
3170;74;2028;;;;;;3836;2250;1586;92;48;44;212;113;99;-120;-65;-55
3171;74;2029;;;;;;3855;2253;1602;91;47;44;217;116;101;-126;-69;-57
3172;74;2030;;;;;;3916;2299;1617;91;47;44;226;122;104;-135;-75;-60
3173;74;2031;;;;;;3948;2314;1633;91;47;44;227;122;105;-136;-75;-61
3174;74;2032;;;;;;3995;2345;1650;91;47;44;236;128;108;-145;-81;-64
3175;74;2033;;;;;;4068;2386;1683;91;47;44;244;133;111;-153;-86;-67
3176;74;2034;;;;;;4058;2384;1674;89;46;43;262;142;120;-173;-96;-77
3177;74;2035;;;;;;4136;2426;1709;89;46;43;258;141;116;-169;-95;-73
3178;74;2036;;;;;;4131;2424;1707;89;46;43;271;147;124;-182;-101;-81
3179;74;2037;;;;;;4167;2453;1714;89;46;43;277;152;125;-188;-106;-82
3180;74;2038;;;;;;4183;2458;1725;89;46;43;288;157;131;-199;-111;-88
3181;74;2039;;;;;;4074;2396;1678;89;46;43;288;158;130;-199;-112;-87
3182;74;2040;;;;;;3968;2327;1640;89;46;43;285;156;129;-196;-110;-86
3183;74;2041;;;;;;3907;2289;1618;88;45;43;278;152;127;-190;-107;-84
3184;74;2042;;;;;;3893;2273;1620;88;45;43;292;158;134;-204;-113;-91
3185;74;2043;;;;;;4021;2347;1674;88;45;43;302;164;137;-214;-119;-94
3186;74;2044;;;;;;3884;2259;1625;88;45;43;305;164;142;-217;-119;-99
3187;74;2045;;;;;;3691;2145;1546;88;45;43;301;161;139;-213;-116;-96
3188;74;2046;;;;;;3482;2009;1473;86;45;41;296;157;139;-210;-112;-98
3189;74;2047;;;;;;3193;1842;1352;86;45;41;286;151;135;-200;-106;-94
3190;74;2048;;;;;;3057;1765;1292;85;44;41;285;149;136;-200;-105;-95
3191;74;2049;;;;;;2907;1676;1230;85;44;41;274;143;131;-189;-99;-90
3192;75;2008;;;;;;3132;1832;1299;93;45;48;97;58;39;-4;-13;9
3193;75;2009;;;;;;3149;1844;1305;95;47;48;100;60;40;-5;-13;8
3194;75;2010;;;;;;3149;1850;1300;97;48;49;106;63;43;-9;-15;6
3195;75;2011;;;;;;3182;1869;1313;97;48;49;111;66;45;-14;-18;4
3196;75;2012;;;;;;3151;1849;1302;101;50;51;113;67;46;-12;-17;5
3197;75;2013;;;;;;3307;1946;1361;99;49;50;120;71;48;-21;-22;2
3198;75;2014;;;;;;3333;1954;1379;97;48;49;121;72;49;-24;-24;0
3199;75;2015;;;;;;3421;2012;1409;95;47;48;132;79;53;-37;-32;-5
3200;75;2016;;;;;;3294;1942;1352;94;46;48;121;72;49;-27;-26;-1
3201;75;2017;;;;;;3411;2011;1400;92;45;47;132;77;55;-40;-32;-8
3202;75;2018;;;;;;3646;2147;1500;90;44;46;132;78;54;-42;-34;-8
3203;75;2019;;;;;;3794;2226;1568;89;43;46;141;82;59;-52;-39;-13
3204;75;2020;;;;;;3586;2103;1483;89;43;46;144;83;61;-55;-40;-15
3205;75;2021;;;;;;4942;2905;2037;88;43;45;166;98;68;-78;-55;-23
3206;75;2022;;;;;;4736;2770;1967;89;43;46;170;97;72;-81;-54;-26
3207;75;2023;;;;;;4454;2614;1841;89;43;46;172;97;75;-83;-54;-29
3208;75;2024;;;;;;4280;2506;1774;89;43;46;170;95;75;-81;-52;-29
3209;75;2025;;;;;;4181;2446;1735;89;43;46;179;98;81;-90;-55;-35
3210;75;2026;;;;;;4130;2419;1712;88;42;46;169;93;75;-81;-51;-29
3211;75;2027;;;;;;4237;2480;1757;88;42;46;179;98;81;-91;-56;-35
3212;75;2028;;;;;;4192;2450;1742;88;42;46;182;99;83;-94;-57;-37
3213;75;2029;;;;;;4217;2466;1752;88;42;46;188;101;87;-100;-59;-41
3214;75;2030;;;;;;4241;2471;1770;86;41;45;192;103;89;-106;-62;-44
3215;75;2031;;;;;;4310;2523;1787;86;41;45;201;109;92;-115;-68;-47
3216;75;2032;;;;;;4347;2541;1806;86;41;45;202;108;93;-116;-67;-48
3217;75;2033;;;;;;4400;2575;1825;86;41;45;211;114;98;-125;-73;-53
3218;75;2034;;;;;;4482;2620;1861;86;41;45;218;118;100;-132;-77;-55
3219;75;2035;;;;;;4471;2618;1852;85;41;44;235;126;109;-150;-85;-65
3220;75;2036;;;;;;4557;2665;1892;85;41;44;231;126;105;-146;-85;-61
3221;75;2037;;;;;;4551;2662;1889;84;40;44;244;132;112;-160;-92;-68
3222;75;2038;;;;;;4592;2694;1898;84;40;44;247;134;113;-163;-94;-69
3223;75;2039;;;;;;4610;2701;1910;84;40;44;259;140;119;-175;-100;-75
3224;75;2040;;;;;;4490;2632;1858;84;40;44;259;140;119;-175;-100;-75
3225;75;2041;;;;;;4375;2558;1817;84;40;44;257;139;118;-173;-99;-74
3226;75;2042;;;;;;4309;2517;1792;84;40;44;252;135;117;-168;-95;-73
3227;75;2043;;;;;;4295;2500;1795;83;40;43;264;141;123;-181;-101;-80
3228;75;2044;;;;;;4437;2581;1856;82;39;43;275;147;128;-193;-108;-85
3229;75;2045;;;;;;4288;2486;1802;82;39;43;278;146;132;-196;-107;-89
3230;75;2046;;;;;;4077;2362;1715;82;39;43;274;144;129;-192;-105;-86
3231;75;2047;;;;;;3848;2213;1634;82;39;43;270;139;130;-188;-100;-87
3232;75;2048;;;;;;3530;2030;1500;82;39;43;261;134;126;-179;-95;-83
3233;75;2049;;;;;;3381;1947;1434;82;39;43;259;133;126;-177;-94;-83
3234;76;2008;;;;;;3470;2001;1469;94;48;46;79;48;31;15;0;15
3235;76;2009;;;;;;3362;1943;1419;93;49;44;84;51;33;9;-2;11
3236;76;2010;;;;;;3384;1958;1426;94;49;45;86;53;33;8;-4;12
3237;76;2011;;;;;;3387;1968;1420;97;49;48;91;54;36;6;-5;12
3238;76;2012;;;;;;3426;1991;1434;97;50;47;95;57;38;2;-7;9
3239;76;2013;;;;;;3396;1973;1422;97;50;47;97;58;39;0;-8;8
3240;76;2014;;;;;;3568;2080;1488;96;50;46;104;62;42;-8;-12;4
3241;76;2015;;;;;;3600;2092;1508;94;49;45;106;63;43;-12;-14;2
3242;76;2016;;;;;;3698;2157;1541;92;48;44;119;71;48;-27;-23;-4
3243;76;2017;;;;;;3566;2086;1479;90;46;44;109;65;44;-19;-19;0
3244;76;2018;;;;;;3697;2164;1533;89;45;44;119;69;50;-30;-24;-6
3245;76;2019;;;;;;3958;2315;1643;88;45;43;118;70;48;-30;-25;-5
3246;76;2020;;;;;;4124;2405;1719;88;45;43;127;74;53;-39;-29;-10
3247;76;2021;;;;;;3904;2277;1627;87;44;43;131;75;56;-44;-31;-13
3248;76;2022;;;;;;5387;3151;2236;87;44;43;151;89;62;-64;-45;-19
3249;76;2023;;;;;;5170;3010;2160;87;44;43;156;89;67;-69;-45;-24
3250;76;2024;;;;;;4868;2846;2022;86;43;43;158;88;70;-72;-45;-27
3251;76;2025;;;;;;4683;2733;1950;86;43;43;158;87;72;-72;-44;-29
3252;76;2026;;;;;;4579;2671;1908;86;43;43;167;90;77;-81;-47;-34
3253;76;2027;;;;;;4529;2644;1884;86;43;43;157;85;72;-71;-42;-29
3254;76;2028;;;;;;4650;2714;1935;85;43;42;167;89;79;-82;-46;-37
3255;76;2029;;;;;;4603;2684;1919;85;43;42;170;89;81;-85;-46;-39
3256;76;2030;;;;;;4634;2703;1931;85;43;42;177;92;85;-92;-49;-43
3257;76;2031;;;;;;4662;2710;1951;85;43;42;182;94;88;-97;-51;-46
3258;76;2032;;;;;;4740;2769;1971;85;43;42;190;99;91;-105;-56;-49
3259;76;2033;;;;;;4783;2790;1993;84;42;42;191;99;93;-107;-57;-51
3260;76;2034;;;;;;4842;2827;2014;83;42;41;200;103;97;-117;-61;-56
3261;76;2035;;;;;;4932;2877;2055;83;42;41;207;108;99;-124;-66;-58
3262;76;2036;;;;;;4920;2875;2045;83;42;41;224;115;109;-141;-73;-68
3263;76;2037;;;;;;5015;2926;2089;83;42;41;219;115;104;-136;-73;-63
3264;76;2038;;;;;;5010;2923;2087;83;42;41;233;120;113;-150;-78;-72
3265;76;2039;;;;;;5056;2959;2097;82;41;41;236;123;114;-154;-82;-73
3266;76;2040;;;;;;5077;2967;2111;82;41;41;248;128;120;-166;-87;-79
3267;76;2041;;;;;;4946;2892;2054;82;41;41;248;127;121;-166;-86;-80
3268;76;2042;;;;;;4821;2811;2009;82;41;41;246;126;120;-164;-85;-79
3269;76;2043;;;;;;4750;2768;1983;82;41;41;241;122;119;-159;-81;-78
3270;76;2044;;;;;;4736;2750;1986;82;41;41;254;128;126;-172;-87;-85
3271;76;2045;;;;;;4895;2841;2054;82;41;41;264;133;130;-182;-92;-89
3272;76;2046;;;;;;4733;2738;1995;81;40;41;268;133;135;-187;-93;-94
3273;76;2047;;;;;;4502;2602;1900;81;40;41;265;131;134;-184;-91;-93
3274;76;2048;;;;;;4251;2440;1810;81;40;41;262;128;134;-181;-88;-93
3275;76;2049;;;;;;3903;2240;1663;81;40;41;254;123;131;-173;-83;-90
3276;77;2008;;;;;;3672;2083;1590;79;37;42;75;37;38;4;0;4
3277;77;2009;;;;;;3715;2113;1602;82;39;43;82;41;41;0;-2;2
3278;77;2010;;;;;;3602;2055;1547;85;42;43;85;43;42;0;-1;1
3279;77;2011;;;;;;3629;2074;1555;88;42;46;86;44;42;2;-2;4
3280;77;2012;;;;;;3637;2088;1549;90;43;47;89;46;43;1;-3;4
3281;77;2013;;;;;;3682;2117;1565;88;42;46;92;48;44;-4;-6;2
3282;77;2014;;;;;;3654;2101;1553;88;42;46;95;49;45;-7;-7;1
3283;77;2015;;;;;;3843;2219;1625;86;41;45;101;54;48;-15;-13;-3
3284;77;2016;;;;;;3883;2236;1647;84;40;44;104;55;49;-20;-15;-5
3285;77;2017;;;;;;3994;2310;1684;83;39;44;115;62;53;-32;-23;-9
3286;77;2018;;;;;;3856;2238;1617;82;39;43;106;56;50;-24;-17;-7
3287;77;2019;;;;;;4004;2327;1677;81;38;43;117;61;56;-36;-23;-13
3288;77;2020;;;;;;4293;2494;1799;80;38;42;116;61;55;-36;-23;-13
3289;77;2021;;;;;;4480;2597;1883;79;37;42;124;64;60;-45;-27;-18
3290;77;2022;;;;;;4247;2463;1784;79;37;42;127;65;62;-48;-28;-20
3291;77;2023;;;;;;5868;3415;2454;79;37;42;148;78;70;-69;-41;-28
3292;77;2024;;;;;;5640;3268;2371;79;37;42;153;79;74;-74;-42;-32
3293;77;2025;;;;;;5317;3094;2222;79;37;42;155;79;76;-76;-42;-34
3294;77;2026;;;;;;5120;2976;2144;80;37;43;155;78;77;-75;-41;-34
3295;77;2027;;;;;;5011;2912;2099;79;37;42;162;81;81;-83;-44;-39
3296;77;2028;;;;;;4960;2887;2074;79;37;42;154;76;77;-75;-39;-35
3297;77;2029;;;;;;5097;2966;2131;79;37;42;163;80;83;-84;-43;-41
3298;77;2030;;;;;;5049;2935;2114;78;36;42;165;80;84;-87;-44;-42
3299;77;2031;;;;;;5085;2958;2128;77;36;41;171;83;89;-94;-47;-48
3300;77;2032;;;;;;5118;2967;2152;77;36;41;175;84;91;-98;-48;-50
3301;77;2033;;;;;;5206;3032;2174;77;36;41;183;90;93;-106;-54;-52
3302;77;2034;;;;;;5254;3055;2199;77;36;41;184;89;95;-107;-53;-54
3303;77;2035;;;;;;5319;3096;2223;77;36;41;192;94;99;-115;-58;-58
3304;77;2036;;;;;;5419;3151;2268;76;35;41;199;98;101;-123;-63;-60
3305;77;2037;;;;;;5406;3148;2258;76;35;41;215;105;110;-139;-70;-69
3306;77;2038;;;;;;5512;3205;2307;76;35;41;211;105;106;-135;-70;-65
3307;77;2039;;;;;;5507;3202;2305;76;35;41;223;109;114;-147;-74;-73
3308;77;2040;;;;;;5559;3242;2317;76;35;41;228;113;115;-152;-78;-74
3309;77;2041;;;;;;5584;3252;2332;76;35;41;238;117;121;-162;-82;-80
3310;77;2042;;;;;;5442;3172;2270;76;35;41;238;118;120;-162;-83;-79
3311;77;2043;;;;;;5306;3085;2222;75;35;40;236;117;119;-161;-82;-79
3312;77;2044;;;;;;5231;3038;2193;75;35;40;230;114;117;-155;-79;-77
3313;77;2045;;;;;;5217;3020;2197;75;35;40;243;119;124;-168;-84;-84
3314;77;2046;;;;;;5396;3122;2273;74;34;40;252;124;127;-178;-90;-87
3315;77;2047;;;;;;5220;3011;2209;74;34;40;256;125;132;-182;-91;-92
3316;77;2048;;;;;;4967;2863;2104;74;34;40;253;123;130;-179;-89;-90
3317;77;2049;;;;;;4693;2687;2006;74;34;40;250;119;131;-176;-85;-91
3318;78;2008;;;;;;3990;2220;1770;75;34;41;53;24;29;22;10;12
3319;78;2009;;;;;;3911;2182;1730;76;34;42;51;23;29;25;11;13
3320;78;2010;;;;;;3959;2216;1742;77;35;42;57;26;31;20;9;11
3321;78;2011;;;;;;3841;2158;1683;80;36;44;60;28;32;20;8;12
3322;78;2012;;;;;;3873;2181;1692;82;37;45;61;29;32;21;8;13
3323;78;2013;;;;;;3883;2198;1685;82;37;45;65;31;33;17;6;12
3324;78;2014;;;;;;3934;2231;1704;82;38;44;68;33;35;14;5;9
3325;78;2015;;;;;;3907;2216;1690;80;37;43;72;36;36;8;1;7
3326;78;2016;;;;;;4111;2343;1769;78;36;42;79;40;38;-1;-4;4
3327;78;2017;;;;;;4156;2363;1793;76;35;41;82;41;40;-6;-6;1
3328;78;2018;;;;;;4276;2442;1834;74;34;40;92;48;43;-18;-14;-3
3329;78;2019;;;;;;4131;2368;1762;74;33;41;85;43;41;-11;-10;0
3330;78;2020;;;;;;4290;2462;1828;73;33;40;94;48;46;-21;-15;-6
3331;78;2021;;;;;;4602;2640;1962;71;32;39;93;48;45;-22;-16;-6
3332;78;2022;;;;;;4802;2748;2054;71;32;39;100;51;49;-29;-19;-10
3333;78;2023;;;;;;4551;2605;1945;71;32;39;104;52;52;-33;-20;-13
3334;78;2024;;;;;;6285;3610;2676;71;32;39;119;61;58;-48;-29;-19
3335;78;2025;;;;;;6037;3451;2586;71;32;39;125;63;63;-54;-31;-24
3336;78;2026;;;;;;5686;3263;2423;72;32;40;129;65;65;-57;-33;-25
3337;78;2027;;;;;;5471;3134;2337;71;32;39;130;64;66;-59;-32;-27
3338;78;2028;;;;;;5349;3061;2288;71;32;39;138;67;70;-67;-35;-31
3339;78;2029;;;;;;5289;3029;2260;71;32;39;130;63;67;-59;-31;-28
3340;78;2030;;;;;;5428;3106;2321;71;32;39;139;67;72;-68;-35;-33
3341;78;2031;;;;;;5370;3068;2302;71;32;39;142;69;73;-71;-37;-34
3342;78;2032;;;;;;5402;3086;2316;70;31;39;149;71;78;-79;-40;-39
3343;78;2033;;;;;;5431;3089;2341;70;31;39;153;73;80;-83;-42;-41
3344;78;2034;;;;;;5516;3151;2365;70;31;39;161;78;83;-91;-47;-44
3345;78;2035;;;;;;5561;3170;2391;70;31;39;163;79;85;-93;-48;-46
3346;78;2036;;;;;;5624;3208;2416;70;31;39;171;83;88;-101;-52;-49
3347;78;2037;;;;;;5726;3261;2465;70;31;39;178;87;90;-108;-56;-51
3348;78;2038;;;;;;5708;3256;2452;70;31;39;193;95;99;-123;-64;-60
3349;78;2039;;;;;;5819;3313;2506;69;30;39;191;96;95;-122;-66;-56
3350;78;2040;;;;;;5813;3310;2503;69;30;39;203;101;102;-134;-71;-63
3351;78;2041;;;;;;5868;3352;2516;69;30;39;207;104;103;-138;-74;-64
3352;78;2042;;;;;;5896;3363;2532;69;30;39;217;109;108;-148;-79;-69
3353;78;2043;;;;;;5748;3283;2465;69;31;38;218;111;108;-149;-80;-70
3354;78;2044;;;;;;5607;3195;2413;69;31;38;218;111;107;-149;-80;-69
3355;78;2045;;;;;;5532;3150;2381;69;31;38;214;109;106;-145;-78;-68
3356;78;2046;;;;;;5521;3135;2386;69;31;38;226;114;113;-157;-83;-75
3357;78;2047;;;;;;5715;3245;2469;69;31;38;235;120;115;-166;-89;-77
3358;78;2048;;;;;;5533;3133;2400;69;31;38;240;120;119;-171;-89;-81
3359;78;2049;;;;;;5271;2984;2286;68;30;38;238;120;118;-170;-90;-80
3360;79;2008;;;;;;4077;2212;1865;70;29;41;61;28;33;9;1;8
3361;79;2009;;;;;;4228;2307;1921;73;31;42;67;33;34;6;-2;8
3362;79;2010;;;;;;4147;2270;1877;74;32;42;65;31;34;9;1;8
3363;79;2011;;;;;;4200;2310;1891;76;33;43;69;34;35;7;-1;8
3364;79;2012;;;;;;4078;2252;1827;77;34;43;71;35;36;6;-1;7
3365;79;2013;;;;;;4116;2279;1837;76;34;42;71;36;35;5;-2;7
3366;79;2014;;;;;;4129;2299;1830;77;34;43;74;38;36;3;-4;7
3367;79;2015;;;;;;4185;2335;1850;74;32;42;77;40;37;-3;-8;5
3368;79;2016;;;;;;4158;2322;1836;72;31;41;80;42;38;-8;-11;3
3369;79;2017;;;;;;4378;2457;1922;70;30;40;87;46;41;-17;-16;-1
3370;79;2018;;;;;;4428;2479;1949;69;30;39;90;48;42;-21;-18;-3
3371;79;2019;;;;;;4557;2563;1994;69;29;40;99;54;45;-30;-25;-5
3372;79;2020;;;;;;4402;2486;1917;68;29;39;93;50;43;-25;-21;-4
3373;79;2021;;;;;;4573;2585;1988;67;29;38;101;53;47;-34;-24;-9
3374;79;2022;;;;;;4903;2770;2134;68;30;38;101;55;47;-33;-25;-9
3375;79;2023;;;;;;5115;2881;2234;68;30;38;108;58;51;-40;-28;-13
3376;79;2024;;;;;;4845;2729;2116;68;30;38;111;59;53;-43;-29;-15
3377;79;2025;;;;;;6687;3777;2910;68;30;38;130;70;60;-62;-40;-22
3378;79;2026;;;;;;6418;3605;2812;69;30;39;133;70;63;-64;-40;-24
3379;79;2027;;;;;;6038;3404;2634;68;30;38;135;70;64;-67;-40;-26
3380;79;2028;;;;;;5804;3263;2541;68;30;38;134;69;65;-66;-39;-27
3381;79;2029;;;;;;5668;3182;2486;68;30;38;140;72;68;-72;-42;-30
3382;79;2030;;;;;;5598;3143;2455;68;30;38;132;68;64;-64;-38;-26
3383;79;2031;;;;;;5738;3216;2521;67;29;38;140;71;69;-73;-42;-31
3384;79;2032;;;;;;5670;3171;2499;67;29;38;142;72;70;-75;-43;-32
3385;79;2033;;;;;;5697;3183;2514;67;29;38;148;75;74;-81;-46;-36
3386;79;2034;;;;;;5722;3181;2540;67;29;38;152;76;76;-85;-47;-38
3387;79;2035;;;;;;5805;3240;2565;67;29;38;159;81;78;-92;-52;-40
3388;79;2036;;;;;;5848;3256;2592;67;29;38;160;81;80;-93;-52;-42
3389;79;2037;;;;;;5911;3292;2619;67;29;38;167;85;82;-100;-56;-44
3390;79;2038;;;;;;6016;3345;2671;67;29;38;173;89;84;-106;-60;-46
3391;79;2039;;;;;;5996;3339;2657;67;29;38;187;95;92;-120;-66;-54
3392;79;2040;;;;;;6113;3399;2715;66;28;38;183;95;88;-117;-67;-50
3393;79;2041;;;;;;6107;3397;2711;66;28;38;194;99;94;-128;-71;-56
3394;79;2042;;;;;;6166;3442;2725;66;28;38;197;102;95;-131;-74;-57
3395;79;2043;;;;;;6199;3456;2743;65;28;37;206;106;99;-141;-78;-62
3396;79;2044;;;;;;6047;3376;2671;65;28;37;206;107;99;-141;-79;-62
3397;79;2045;;;;;;5904;3290;2614;65;28;37;204;107;97;-139;-79;-60
3398;79;2046;;;;;;5829;3248;2581;65;28;37;200;105;96;-135;-77;-59
3399;79;2047;;;;;;5824;3237;2586;65;28;37;211;110;102;-146;-82;-65
3400;79;2048;;;;;;6033;3356;2677;65;28;37;220;115;105;-155;-87;-68
3401;79;2049;;;;;;5847;3245;2602;65;28;37;223;115;109;-158;-87;-72
3402;80;2008;;;;;;4316;2270;2046;65;30;35;43;18;25;22;12;10
3403;80;2009;;;;;;4300;2278;2022;66;31;35;46;20;26;20;11;9
3404;80;2010;;;;;;4462;2380;2082;66;31;35;51;24;27;15;7;8
3405;80;2011;;;;;;4381;2346;2035;70;33;37;50;23;26;20;10;11
3406;80;2012;;;;;;4440;2389;2051;70;34;36;54;25;29;16;9;7
3407;80;2013;;;;;;4314;2333;1982;70;34;36;56;27;29;14;7;7
3408;80;2014;;;;;;4356;2363;1993;70;34;36;57;28;29;13;6;7
3409;80;2015;;;;;;4372;2386;1986;68;33;35;60;30;30;8;3;5
3410;80;2016;;;;;;4434;2426;2009;66;32;34;63;32;31;3;0;3
3411;80;2017;;;;;;4408;2414;1994;65;31;34;67;34;33;-2;-3;1
3412;80;2018;;;;;;4642;2555;2087;63;30;33;74;38;35;-11;-8;-2
3413;80;2019;;;;;;4696;2578;2118;63;30;33;76;39;37;-13;-9;-4
3414;80;2020;;;;;;4832;2665;2167;62;30;32;84;45;39;-22;-15;-7
3415;80;2021;;;;;;4668;2585;2083;62;30;32;79;41;38;-17;-11;-6
3416;80;2022;;;;;;4847;2685;2161;62;30;32;86;44;42;-24;-14;-10
3417;80;2023;;;;;;5195;2875;2320;62;30;32;87;46;41;-25;-16;-9
3418;80;2024;;;;;;5416;2988;2429;62;30;32;94;48;45;-32;-18;-13
3419;80;2025;;;;;;5127;2826;2300;62;30;32;97;50;48;-35;-20;-16
3420;80;2026;;;;;;7069;3906;3163;63;30;33;112;59;53;-49;-29;-20
3421;80;2027;;;;;;6778;3722;3056;62;30;32;116;59;56;-54;-29;-24
3422;80;2028;;;;;;6370;3508;2862;62;30;32;119;61;58;-57;-31;-26
3423;80;2029;;;;;;6116;3357;2760;62;30;32;120;60;59;-58;-30;-27
3424;80;2030;;;;;;5966;3267;2699;61;29;32;127;64;63;-66;-35;-31
3425;80;2031;;;;;;5886;3221;2665;61;29;32;119;60;59;-58;-31;-27
3426;80;2032;;;;;;6026;3291;2736;61;29;32;128;63;65;-67;-34;-33
3427;80;2033;;;;;;5950;3239;2711;61;29;32;130;64;66;-69;-35;-34
3428;80;2034;;;;;;5972;3246;2726;61;29;32;136;66;70;-75;-37;-38
3429;80;2035;;;;;;5994;3240;2753;61;29;32;141;68;72;-80;-39;-40
3430;80;2036;;;;;;6076;3298;2779;61;29;32;147;73;74;-86;-44;-42
3431;80;2037;;;;;;6120;3312;2808;60;28;32;148;72;76;-88;-44;-44
3432;80;2038;;;;;;6185;3348;2836;60;28;32;156;77;79;-96;-49;-47
3433;80;2039;;;;;;6295;3403;2892;60;28;32;162;81;81;-102;-53;-49
3434;80;2040;;;;;;6274;3398;2877;60;28;32;176;87;89;-116;-59;-57
3435;80;2041;;;;;;6400;3461;2939;60;28;32;173;88;86;-113;-60;-54
3436;80;2042;;;;;;6397;3461;2936;60;28;32;184;92;92;-124;-64;-60
3437;80;2043;;;;;;6461;3511;2951;60;28;32;189;95;94;-129;-67;-62
3438;80;2044;;;;;;6500;3530;2970;60;28;32;197;99;98;-137;-71;-66
3439;80;2045;;;;;;6345;3453;2893;60;28;32;199;101;98;-139;-73;-66
3440;80;2046;;;;;;6201;3369;2832;60;28;32;197;100;97;-137;-72;-65
3441;80;2047;;;;;;6128;3332;2796;59;27;32;193;98;95;-134;-71;-63
3442;80;2048;;;;;;6128;3325;2803;59;27;32;204;103;101;-145;-76;-69
3443;80;2049;;;;;;6355;3453;2902;58;27;31;213;108;105;-155;-81;-74
3444;81;2008;;;;;;4399;2246;2153;61;25;36;36;18;18;25;7;18
3445;81;2009;;;;;;4533;2317;2215;64;28;36;39;19;20;25;9;16
3446;81;2010;;;;;;4519;2329;2190;64;28;36;41;21;20;23;7;16
3447;81;2011;;;;;;4693;2436;2256;66;30;36;44;23;21;22;7;15
3448;81;2012;;;;;;4611;2405;2206;68;31;37;43;23;20;25;8;17
3449;81;2013;;;;;;4676;2453;2223;67;30;37;47;24;23;20;6;14
3450;81;2014;;;;;;4546;2398;2149;66;30;36;48;25;24;18;5;12
3451;81;2015;;;;;;4593;2431;2162;65;29;36;50;26;24;15;3;12
3452;81;2016;;;;;;4612;2457;2155;63;28;35;53;27;25;10;1;10
3453;81;2017;;;;;;4679;2499;2180;61;27;34;56;29;27;5;-2;7
3454;81;2018;;;;;;4653;2488;2164;61;27;34;59;31;28;2;-4;6
3455;81;2019;;;;;;4899;2633;2266;59;26;33;64;34;31;-5;-8;2
3456;81;2020;;;;;;4956;2656;2300;59;26;33;67;35;32;-8;-9;1
3457;81;2021;;;;;;5098;2745;2354;59;26;33;74;39;35;-15;-13;-2
3458;81;2022;;;;;;4923;2659;2263;59;26;33;70;36;33;-11;-10;0
3459;81;2023;;;;;;5108;2760;2348;59;26;33;77;39;37;-18;-13;-4
3460;81;2024;;;;;;5472;2952;2520;59;26;33;78;42;36;-19;-16;-3
3461;81;2025;;;;;;5701;3063;2638;59;26;33;85;44;40;-26;-18;-7
3462;81;2026;;;;;;5392;2893;2498;59;26;33;88;45;43;-29;-19;-10
3463;81;2027;;;;;;7426;3991;3435;59;26;33;102;55;47;-43;-29;-14
3464;81;2028;;;;;;7115;3797;3318;59;26;33;105;55;50;-46;-29;-17
3465;81;2029;;;;;;6678;3572;3106;59;26;33;108;55;53;-49;-29;-20
3466;81;2030;;;;;;6406;3412;2994;59;26;33;109;55;53;-50;-29;-20
3467;81;2031;;;;;;6242;3315;2927;59;26;33;115;57;58;-56;-31;-25
3468;81;2032;;;;;;6153;3263;2890;59;26;33;110;55;55;-51;-29;-22
3469;81;2033;;;;;;6294;3329;2965;59;26;33;117;57;60;-58;-31;-27
3470;81;2034;;;;;;6209;3272;2937;58;25;33;119;58;61;-61;-33;-28
3471;81;2035;;;;;;6229;3277;2953;58;25;33;125;60;66;-67;-35;-33
3472;81;2036;;;;;;6251;3269;2982;57;25;32;128;60;68;-71;-35;-36
3473;81;2037;;;;;;6335;3327;3008;57;25;32;134;63;70;-77;-38;-38
3474;81;2038;;;;;;6381;3342;3040;57;25;32;135;64;72;-78;-39;-40
3475;81;2039;;;;;;6450;3380;3070;57;25;32;142;67;75;-85;-42;-43
3476;81;2040;;;;;;6567;3437;3130;57;25;32;147;69;77;-90;-44;-45
3477;81;2041;;;;;;6548;3435;3113;57;25;32;159;73;86;-102;-48;-54
3478;81;2042;;;;;;6684;3502;3182;57;25;32;156;74;82;-99;-49;-50
3479;81;2043;;;;;;6685;3507;3178;57;25;32;166;76;89;-109;-51;-57
3480;81;2044;;;;;;6757;3562;3195;57;25;32;168;78;89;-111;-53;-57
3481;81;2045;;;;;;6803;3586;3217;56;24;32;175;81;95;-119;-57;-63
3482;81;2046;;;;;;6647;3513;3133;56;24;32;176;81;94;-120;-57;-62
3483;81;2047;;;;;;6502;3434;3068;56;24;32;174;80;94;-118;-56;-62
3484;81;2048;;;;;;6432;3402;3031;56;24;32;171;79;92;-115;-55;-60
3485;81;2049;;;;;;6440;3401;3039;56;24;32;180;82;99;-124;-58;-67
3486;82;2008;;;;;;4643;2279;2364;53;23;30;35;15;20;18;8;10
3487;82;2009;;;;;;4599;2277;2322;52;23;29;33;14;19;19;9;10
3488;82;2010;;;;;;4743;2353;2390;53;23;30;36;15;21;17;8;9
3489;82;2011;;;;;;4732;2369;2363;55;25;30;38;17;21;17;8;9
3490;82;2012;;;;;;4918;2482;2436;57;25;32;41;19;22;16;6;10
3491;82;2013;;;;;;4836;2454;2382;56;25;31;40;18;21;16;7;10
3492;82;2014;;;;;;4907;2506;2402;56;25;31;42;19;23;14;6;8
3493;82;2015;;;;;;4773;2451;2322;55;24;31;44;20;24;11;4;7
3494;82;2016;;;;;;4824;2487;2337;53;23;30;45;21;24;8;2;6
3495;82;2017;;;;;;4846;2516;2330;52;23;29;47;23;25;5;0;4
3496;82;2018;;;;;;4918;2560;2358;52;22;30;50;24;26;2;-2;4
3497;82;2019;;;;;;4890;2548;2342;52;22;30;52;25;27;0;-3;3
3498;82;2020;;;;;;5147;2695;2453;51;22;29;57;28;29;-6;-6;0
3499;82;2021;;;;;;5206;2717;2489;51;22;29;60;29;31;-9;-7;-2
3500;82;2022;;;;;;5352;2804;2548;51;22;29;65;32;33;-14;-10;-4
3501;82;2023;;;;;;5164;2714;2450;51;22;29;62;30;32;-11;-8;-3
3502;82;2024;;;;;;5355;2813;2542;50;22;28;69;33;36;-19;-11;-8
3503;82;2025;;;;;;5732;3004;2728;50;22;28;69;35;34;-19;-13;-6
3504;82;2026;;;;;;5968;3113;2855;50;22;28;75;37;37;-25;-15;-9
3505;82;2027;;;;;;5638;2935;2703;50;22;28;78;38;40;-28;-16;-12
3506;82;2028;;;;;;7758;4042;3715;50;22;28;91;47;44;-41;-25;-16
3507;82;2029;;;;;;7427;3839;3588;49;21;28;94;47;47;-45;-26;-19
3508;82;2030;;;;;;6964;3606;3358;49;21;28;96;48;48;-47;-27;-20
3509;82;2031;;;;;;6674;3439;3236;49;21;28;98;48;50;-49;-27;-22
3510;82;2032;;;;;;6499;3336;3163;49;21;28;102;50;53;-53;-29;-25
3511;82;2033;;;;;;6401;3280;3121;49;21;28;98;48;50;-49;-27;-22
3512;82;2034;;;;;;6544;3342;3202;49;21;28;104;50;54;-55;-29;-26
3513;82;2035;;;;;;6455;3284;3171;49;21;28;107;52;55;-58;-31;-27
3514;82;2036;;;;;;6475;3289;3187;49;21;28;111;53;58;-62;-32;-30
3515;82;2037;;;;;;6500;3282;3218;49;21;28;114;54;61;-65;-33;-33
3516;82;2038;;;;;;6588;3341;3246;49;21;28;118;56;62;-69;-35;-34
3517;82;2039;;;;;;6639;3359;3280;49;21;28;120;57;63;-71;-36;-35
3518;82;2040;;;;;;6713;3400;3313;49;21;28;125;59;66;-76;-38;-38
3519;82;2041;;;;;;6840;3462;3378;49;21;28;129;61;68;-80;-40;-40
3520;82;2042;;;;;;6824;3464;3360;48;20;28;138;63;74;-90;-43;-46
3521;82;2043;;;;;;6972;3537;3435;48;20;28;136;64;72;-88;-44;-44
3522;82;2044;;;;;;6978;3547;3431;48;20;28;144;67;78;-96;-47;-50
3523;82;2045;;;;;;7059;3609;3450;47;20;27;146;68;78;-99;-48;-51
3524;82;2046;;;;;;7114;3639;3475;47;20;27;152;70;83;-105;-50;-56
3525;82;2047;;;;;;6957;3572;3386;47;20;27;152;70;82;-105;-50;-55
3526;82;2048;;;;;;6813;3497;3316;47;20;27;150;69;81;-103;-49;-54
3527;82;2049;;;;;;6747;3470;3277;47;20;27;149;69;80;-102;-49;-53
3528;83;2008;;;;;;4776;2241;2535;46;20;26;43;12;31;3;8;-5
3529;83;2009;;;;;;4823;2292;2530;45;20;25;43;13;30;2;7;-5
3530;83;2010;;;;;;4783;2298;2485;48;21;27;40;12;29;8;9;-2
3531;83;2011;;;;;;4941;2382;2559;47;20;27;43;13;30;4;7;-3
3532;83;2012;;;;;;4936;2405;2531;50;21;29;44;14;29;6;7;0
3533;83;2013;;;;;;5136;2527;2609;50;21;29;46;16;30;4;5;-1
3534;83;2014;;;;;;5057;2505;2552;48;20;28;44;16;29;4;4;-1
3535;83;2015;;;;;;5138;2565;2574;48;20;28;46;16;30;2;4;-2
3536;83;2016;;;;;;5004;2515;2489;46;19;27;48;17;31;-2;2;-4
3537;83;2017;;;;;;5065;2559;2506;46;19;27;48;18;31;-2;1;-4
3538;83;2018;;;;;;5093;2594;2499;44;18;26;50;19;31;-6;-1;-5
3539;83;2019;;;;;;5174;2645;2529;44;18;26;52;20;33;-8;-2;-7
3540;83;2020;;;;;;5150;2637;2513;44;18;26;54;21;34;-10;-3;-8
3541;83;2021;;;;;;5426;2794;2632;44;18;26;58;23;35;-14;-5;-9
3542;83;2022;;;;;;5494;2822;2672;44;18;26;61;24;36;-17;-6;-10
3543;83;2023;;;;;;5653;2919;2735;44;18;26;65;26;39;-21;-8;-13
3544;83;2024;;;;;;5461;2831;2630;44;18;26;62;25;37;-18;-7;-11
3545;83;2025;;;;;;5669;2940;2728;44;18;26;68;27;41;-24;-9;-15
3546;83;2026;;;;;;6075;3146;2928;44;18;26;69;29;40;-25;-11;-14
3547;83;2027;;;;;;6331;3266;3065;44;18;26;74;31;43;-30;-13;-17
3548;83;2028;;;;;;5987;3085;2902;44;18;26;76;31;44;-32;-13;-18
3549;83;2029;;;;;;8246;4257;3989;44;18;26;89;38;51;-45;-20;-25
3550;83;2030;;;;;;7902;4051;3851;43;17;26;92;39;53;-49;-22;-27
3551;83;2031;;;;;;7416;3812;3604;43;17;26;93;39;53;-50;-22;-27
3552;83;2032;;;;;;7115;3642;3473;43;17;26;93;39;54;-50;-22;-28
3553;83;2033;;;;;;6934;3540;3395;43;17;26;97;41;56;-54;-24;-30
3554;83;2034;;;;;;6837;3487;3350;43;17;26;93;40;53;-50;-23;-27
3555;83;2035;;;;;;6997;3561;3437;43;17;26;97;41;56;-54;-24;-30
3556;83;2036;;;;;;6910;3506;3404;43;17;26;99;42;57;-56;-25;-31
3557;83;2037;;;;;;6940;3519;3421;43;17;26;103;44;60;-60;-27;-34
3558;83;2038;;;;;;6973;3519;3454;43;17;26;105;44;61;-62;-27;-35
3559;83;2039;;;;;;7075;3590;3485;43;17;26;108;46;62;-65;-29;-36
3560;83;2040;;;;;;7137;3615;3522;42;17;25;109;46;63;-67;-29;-38
3561;83;2041;;;;;;7224;3665;3558;42;17;25;113;48;65;-71;-31;-40
3562;83;2042;;;;;;7367;3737;3630;42;17;25;115;49;67;-73;-32;-42
3563;83;2043;;;;;;7355;3745;3611;42;17;25;123;50;73;-81;-33;-48
3564;83;2044;;;;;;7521;3828;3692;42;17;25;121;51;70;-79;-34;-45
3565;83;2045;;;;;;7533;3844;3689;41;16;25;127;52;75;-86;-36;-50
3566;83;2046;;;;;;7626;3915;3711;41;16;25;128;53;76;-87;-37;-51
3567;83;2047;;;;;;7690;3952;3739;41;16;25;133;53;80;-92;-37;-55
3568;83;2048;;;;;;7526;3882;3644;41;16;25;132;53;79;-91;-37;-54
3569;83;2049;;;;;;7375;3804;3571;41;16;25;130;52;78;-89;-36;-53
3570;84;2008;;;;;;4961;2199;2763;36;15;21;20;5;16;16;10;5
3571;84;2009;;;;;;4928;2236;2692;38;16;22;24;6;18;14;10;4
3572;84;2010;;;;;;4983;2295;2688;39;17;22;24;6;17;15;11;5
3573;84;2011;;;;;;4949;2308;2641;39;17;22;22;6;17;17;11;5
3574;84;2012;;;;;;5120;2400;2720;41;18;23;24;6;18;17;12;5
3575;84;2013;;;;;;5122;2431;2691;41;18;23;25;7;18;16;11;5
3576;84;2014;;;;;;5336;2561;2775;41;17;24;27;8;19;14;9;5
3577;84;2015;;;;;;5261;2546;2716;41;17;24;27;8;18;14;9;6
3578;84;2016;;;;;;5352;2613;2739;39;16;23;29;9;20;10;7;3
3579;84;2017;;;;;;5220;2570;2650;39;16;23;30;9;21;9;7;2
3580;84;2018;;;;;;5290;2621;2668;38;16;22;31;10;21;7;6;1
3581;84;2019;;;;;;5324;2662;2662;38;16;22;33;11;22;5;5;0
3582;84;2020;;;;;;5415;2720;2695;38;16;22;34;11;23;4;5;-1
3583;84;2021;;;;;;5396;2718;2678;38;16;22;36;12;24;2;4;-2
3584;84;2022;;;;;;5691;2885;2806;38;16;22;39;13;26;-1;3;-4
3585;84;2023;;;;;;5769;2920;2849;38;16;22;41;15;27;-3;1;-5
3586;84;2024;;;;;;5943;3027;2916;38;16;22;45;16;29;-7;0;-7
3587;84;2025;;;;;;5748;2942;2805;36;14;22;43;15;28;-7;-1;-6
3588;84;2026;;;;;;5973;3063;2910;36;14;22;48;16;32;-12;-2;-10
3589;84;2027;;;;;;6408;3284;3124;36;14;22;47;17;30;-11;-3;-8
3590;84;2028;;;;;;6686;3416;3269;36;14;22;51;18;33;-15;-4;-11
3591;84;2029;;;;;;6330;3234;3096;36;14;22;54;19;35;-18;-5;-13
3592;84;2030;;;;;;8727;4472;4255;36;14;22;61;23;38;-25;-9;-16
3593;84;2031;;;;;;8373;4264;4109;36;14;22;66;25;42;-30;-11;-20
3594;84;2032;;;;;;7866;4021;3845;36;14;22;67;25;43;-31;-11;-21
3595;84;2033;;;;;;7555;3849;3705;36;14;22;68;25;43;-32;-11;-21
3596;84;2034;;;;;;7371;3749;3622;36;14;22;72;26;46;-36;-12;-24
3597;84;2035;;;;;;7277;3702;3575;36;14;22;69;25;44;-33;-11;-22
3598;84;2036;;;;;;7458;3790;3667;36;14;22;72;26;46;-36;-12;-24
3599;84;2037;;;;;;7374;3741;3633;36;14;22;75;27;48;-39;-13;-26
3600;84;2038;;;;;;7414;3762;3652;37;15;22;78;28;51;-41;-13;-29
3601;84;2039;;;;;;7458;3770;3688;37;15;22;80;28;52;-43;-13;-30
3602;84;2040;;;;;;7575;3853;3723;37;15;22;83;29;54;-46;-14;-32
3603;84;2041;;;;;;7649;3886;3763;37;15;22;84;29;55;-47;-14;-33
3604;84;2042;;;;;;7750;3947;3803;37;15;22;87;31;57;-50;-16;-35
3605;84;2043;;;;;;7910;4030;3880;37;15;22;90;31;59;-53;-16;-37
3606;84;2044;;;;;;7904;4043;3861;37;15;22;98;32;66;-61;-17;-44
3607;84;2045;;;;;;8089;4138;3950;36;14;22;96;33;63;-60;-19;-41
3608;84;2046;;;;;;8108;4159;3948;36;14;22;102;34;68;-66;-20;-46
3609;84;2047;;;;;;8214;4240;3973;35;14;21;103;35;69;-68;-21;-48
3610;84;2048;;;;;;8289;4284;4004;35;14;21;109;36;73;-74;-22;-52
3611;84;2049;;;;;;8116;4212;3904;35;14;21;109;36;73;-74;-22;-52
3612;85;2008;;;;;;5148;2198;2949;33;14;19;23;7;15;10;7;4
3613;85;2009;;;;;;5070;2170;2901;35;16;19;21;7;14;14;9;5
3614;85;2010;;;;;;5042;2214;2827;36;16;20;24;8;16;12;8;4
3615;85;2011;;;;;;5104;2280;2824;36;16;20;24;8;15;12;8;5
3616;85;2012;;;;;;5077;2300;2776;37;16;21;23;8;15;14;8;6
3617;85;2013;;;;;;5260;2399;2861;36;16;20;24;8;16;12;8;4
3618;85;2014;;;;;;5269;2437;2832;35;15;20;25;9;16;10;6;4
3619;85;2015;;;;;;5496;2575;2921;35;15;20;26;9;17;9;6;3
3620;85;2016;;;;;;5426;2567;2860;35;15;20;26;9;16;9;6;4
3621;85;2017;;;;;;5528;2642;2885;33;14;19;28;10;18;5;4;1
3622;85;2018;;;;;;5398;2605;2792;33;14;19;28;10;19;5;4;0
3623;85;2019;;;;;;5476;2663;2813;33;14;19;29;10;18;4;4;1
3624;85;2020;;;;;;5517;2710;2807;33;14;19;30;11;19;3;3;0
3625;85;2021;;;;;;5618;2775;2843;33;14;19;32;12;21;1;2;-2
3626;85;2022;;;;;;5604;2778;2826;33;14;19;33;12;21;0;2;-2
3627;85;2023;;;;;;5918;2957;2961;33;14;19;36;13;23;-3;1;-4
3628;85;2024;;;;;;6008;3000;3008;33;14;19;37;14;24;-4;0;-5
3629;85;2025;;;;;;6196;3117;3079;33;14;19;41;15;26;-8;-1;-7
3630;85;2026;;;;;;6001;3038;2963;33;14;19;39;14;25;-6;0;-6
3631;85;2027;;;;;;6243;3169;3074;33;14;19;43;15;28;-10;-1;-9
3632;85;2028;;;;;;6707;3407;3300;33;14;19;42;16;27;-9;-2;-8
3633;85;2029;;;;;;7007;3552;3454;33;14;19;46;17;29;-13;-3;-10
3634;85;2030;;;;;;6642;3371;3271;33;14;19;47;17;31;-14;-3;-12
3635;85;2031;;;;;;9169;4672;4497;33;14;19;55;21;34;-22;-7;-15
3636;85;2032;;;;;;8807;4465;4343;33;14;19;58;21;37;-25;-7;-18
3637;85;2033;;;;;;8284;4220;4065;32;13;19;59;21;38;-27;-8;-19
3638;85;2034;;;;;;7967;4049;3918;32;13;19;60;21;39;-28;-8;-20
3639;85;2035;;;;;;7784;3954;3830;32;13;19;62;21;41;-30;-8;-22
3640;85;2036;;;;;;7696;3915;3781;32;13;19;59;20;38;-27;-7;-19
3641;85;2037;;;;;;7898;4018;3880;32;13;19;62;21;41;-30;-8;-22
3642;85;2038;;;;;;7819;3974;3845;32;13;19;63;21;43;-31;-8;-24
3643;85;2039;;;;;;7871;4005;3866;32;13;19;66;21;45;-34;-8;-26
3644;85;2040;;;;;;7927;4021;3906;32;13;19;68;21;47;-36;-8;-28
3645;85;2041;;;;;;8060;4116;3943;32;13;19;70;22;48;-38;-9;-29
3646;85;2042;;;;;;8147;4159;3988;32;13;19;71;22;49;-39;-9;-30
3647;85;2043;;;;;;8262;4230;4032;32;13;19;73;22;51;-41;-9;-32
3648;85;2044;;;;;;8440;4325;4115;31;13;18;76;23;53;-45;-10;-35
3649;85;2045;;;;;;8441;4344;4096;31;13;18;82;23;59;-51;-10;-41
3650;85;2046;;;;;;8645;4451;4193;31;13;18;80;24;56;-49;-11;-38
3651;85;2047;;;;;;8671;4479;4193;31;13;18;86;24;62;-55;-11;-44
3652;85;2048;;;;;;8791;4570;4221;32;14;18;86;24;62;-54;-10;-44
3653;85;2049;;;;;;8876;4620;4256;32;14;18;90;24;66;-58;-10;-48
3654;86;2008;;;;;;5040;2071;2970;30;12;18;21;6;15;9;6;3
3655;86;2009;;;;;;5208;2148;3060;30;12;18;22;6;16;8;6;2
3656;86;2010;;;;;;5139;2128;3011;29;12;17;20;6;14;9;6;3
3657;86;2011;;;;;;5115;2178;2937;29;12;17;23;7;16;6;5;1
3658;86;2012;;;;;;5185;2250;2935;32;13;19;22;7;16;10;6;4
3659;86;2013;;;;;;5165;2278;2887;32;13;19;21;6;15;11;7;4
3660;86;2014;;;;;;5359;2382;2976;33;13;20;22;6;16;11;7;4
3661;86;2015;;;;;;5374;2426;2948;32;13;19;23;7;16;9;6;3
3662;86;2016;;;;;;5613;2571;3042;31;12;19;25;8;17;6;4;3
3663;86;2017;;;;;;5550;2570;2980;31;12;19;24;8;16;7;4;3
3664;86;2018;;;;;;5661;2653;3008;30;12;18;26;9;17;4;3;1
3665;86;2019;;;;;;5534;2621;2913;30;12;18;26;9;18;4;3;0
3666;86;2020;;;;;;5621;2685;2936;30;12;18;26;9;17;4;3;1
3667;86;2021;;;;;;5671;2740;2931;30;12;18;28;9;18;2;3;0
3668;86;2022;;;;;;5781;2811;2970;30;12;18;29;10;19;1;2;-1
3669;86;2023;;;;;;5775;2822;2953;30;12;18;30;11;19;0;1;-1
3670;86;2024;;;;;;6107;3011;3095;30;12;18;32;11;21;-2;1;-3
3671;86;2025;;;;;;6208;3064;3144;30;12;18;34;12;22;-4;0;-4
3672;86;2026;;;;;;6412;3192;3220;30;12;18;36;13;23;-6;-1;-5
3673;86;2027;;;;;;6218;3119;3099;30;12;18;35;12;22;-5;0;-4
3674;86;2028;;;;;;6478;3262;3216;29;11;18;38;13;24;-9;-2;-6
3675;86;2029;;;;;;6970;3516;3454;29;11;18;38;14;24;-9;-3;-6
3676;86;2030;;;;;;7292;3676;3616;29;11;18;41;15;26;-12;-4;-8
3677;86;2031;;;;;;6922;3497;3425;29;11;18;41;15;27;-12;-4;-9
3678;86;2032;;;;;;9568;4858;4710;29;11;18;50;19;31;-21;-8;-13
3679;86;2033;;;;;;9204;4655;4549;29;11;18;52;19;33;-23;-8;-15
3680;86;2034;;;;;;8669;4411;4259;29;11;18;52;19;33;-23;-8;-15
3681;86;2035;;;;;;8350;4244;4106;29;11;18;53;19;34;-24;-8;-16
3682;86;2036;;;;;;8171;4156;4015;29;11;18;55;19;35;-26;-8;-17
3683;86;2037;;;;;;8091;4125;3965;29;11;18;53;19;34;-24;-8;-16
3684;86;2038;;;;;;8315;4244;4071;29;11;18;55;19;36;-26;-8;-18
3685;86;2039;;;;;;8242;4207;4035;29;11;18;56;19;37;-27;-8;-19
3686;86;2040;;;;;;8307;4248;4059;29;11;18;59;20;39;-30;-9;-21
3687;86;2041;;;;;;8376;4273;4103;29;11;18;61;20;41;-32;-9;-23
3688;86;2042;;;;;;8526;4381;4145;29;11;18;62;20;42;-33;-9;-24
3689;86;2043;;;;;;8626;4433;4193;29;11;18;63;20;43;-34;-9;-25
3690;86;2044;;;;;;8756;4515;4242;29;11;18;64;20;44;-35;-9;-26
3691;86;2045;;;;;;8953;4622;4332;29;11;18;66;21;45;-37;-10;-27
3692;86;2046;;;;;;8961;4647;4314;29;11;18;70;21;48;-41;-10;-30
3693;86;2047;;;;;;9184;4766;4418;29;11;18;69;22;47;-40;-11;-29
3694;86;2048;;;;;;9219;4799;4420;28;10;18;72;22;51;-44;-12;-33
3695;86;2049;;;;;;9353;4901;4452;28;10;18;73;22;51;-45;-12;-33
3696;87;2008;;;;;;5013;1956;3057;23;9;14;13;5;8;10;4;6
3697;87;2009;;;;;;5036;1995;3041;23;9;14;13;5;8;10;4;6
3698;87;2010;;;;;;5212;2076;3135;23;9;14;14;6;9;9;3;5
3699;87;2011;;;;;;5151;2063;3088;24;9;15;13;5;8;11;4;7
3700;87;2012;;;;;;5132;2119;3013;26;10;16;15;6;9;11;4;7
3701;87;2013;;;;;;5210;2196;3014;26;10;16;15;6;9;11;4;7
3702;87;2014;;;;;;5196;2229;2967;26;10;16;14;5;9;12;5;7
3703;87;2015;;;;;;5399;2338;3061;26;10;16;15;6;9;11;4;7
3704;87;2016;;;;;;5422;2388;3034;25;10;15;15;6;9;10;4;6
3705;87;2017;;;;;;5671;2538;3133;25;10;15;16;7;10;9;3;5
3706;87;2018;;;;;;5615;2544;3071;25;9;16;16;7;10;9;2;6
3707;87;2019;;;;;;5734;2632;3102;25;9;16;17;7;10;8;2;6
3708;87;2020;;;;;;5612;2606;3005;25;9;16;18;7;11;7;2;5
3709;87;2021;;;;;;5707;2677;3031;25;9;16;18;7;11;7;2;5
3710;87;2022;;;;;;5764;2737;3027;25;9;16;19;8;12;6;1;4
3711;87;2023;;;;;;5885;2816;3069;25;9;16;20;8;12;5;1;4
3712;87;2024;;;;;;5888;2836;3053;25;9;16;21;8;13;4;1;3
3713;87;2025;;;;;;6236;3035;3201;25;9;16;23;9;14;2;0;2
3714;87;2026;;;;;;6349;3096;3253;25;9;16;24;10;14;1;-1;2
3715;87;2027;;;;;;6568;3235;3333;25;9;16;25;10;15;0;-1;1
3716;87;2028;;;;;;6379;3170;3209;25;9;16;25;10;15;0;-1;1
3717;87;2029;;;;;;6656;3325;3331;25;9;16;27;10;16;-2;-1;0
3718;87;2030;;;;;;7172;3594;3578;25;9;16;27;11;16;-2;-2;0
3719;87;2031;;;;;;7515;3768;3748;25;9;16;29;11;17;-4;-2;-1
3720;87;2032;;;;;;7145;3594;3551;25;9;16;30;11;19;-5;-2;-3
3721;87;2033;;;;;;9892;5008;4884;25;9;16;36;14;22;-11;-5;-6
3722;87;2034;;;;;;9530;4811;4719;25;9;16;38;14;24;-13;-5;-8
3723;87;2035;;;;;;8992;4572;4420;24;9;15;38;14;24;-14;-5;-9
3724;87;2036;;;;;;8676;4412;4263;24;9;15;38;13;25;-14;-4;-10
3725;87;2037;;;;;;8503;4332;4171;24;9;15;39;13;26;-15;-4;-11
3726;87;2038;;;;;;8433;4311;4122;24;9;15;39;13;25;-15;-4;-10
3727;87;2039;;;;;;8678;4444;4234;24;9;15;41;13;27;-17;-4;-12
3728;87;2040;;;;;;8614;4415;4199;24;9;15;41;13;28;-17;-4;-13
3729;87;2041;;;;;;8692;4466;4226;24;9;15;44;13;30;-20;-4;-15
3730;87;2042;;;;;;8774;4499;4274;24;9;15;44;13;31;-20;-4;-16
3731;87;2043;;;;;;8940;4620;4320;24;9;15;46;14;33;-22;-5;-18
3732;87;2044;;;;;;9054;4681;4373;24;9;15;47;14;33;-23;-5;-18
3733;87;2045;;;;;;9199;4773;4426;24;9;15;48;14;34;-24;-5;-19
3734;87;2046;;;;;;9414;4891;4523;24;9;15;50;14;36;-26;-5;-21
3735;87;2047;;;;;;9429;4922;4507;23;9;14;51;14;37;-28;-5;-23
3736;87;2048;;;;;;9671;5053;4618;23;9;14;52;14;38;-29;-5;-24
3737;87;2049;;;;;;9713;5091;4622;23;9;14;54;14;40;-31;-5;-26
3738;88;2008;;;;;;4928;1828;3100;18;8;10;13;3;10;5;5;0
3739;88;2009;;;;;;4942;1859;3083;20;9;11;14;3;11;6;6;0
3740;88;2010;;;;;;4971;1900;3071;20;9;11;14;3;11;6;6;0
3741;88;2011;;;;;;5153;1981;3172;19;9;10;15;3;12;4;6;-2
3742;88;2012;;;;;;5101;1973;3128;19;9;10;13;3;10;6;6;0
3743;88;2013;;;;;;5088;2031;3058;19;9;10;15;3;11;4;6;-1
3744;88;2014;;;;;;5171;2108;3063;18;8;10;15;3;11;3;5;-1
3745;88;2015;;;;;;5164;2144;3020;18;8;10;14;3;11;4;5;-1
3746;88;2016;;;;;;5373;2253;3120;18;8;10;14;3;11;4;5;-1
3747;88;2017;;;;;;5403;2306;3097;18;8;10;15;4;11;3;4;-1
3748;88;2018;;;;;;5657;2455;3202;17;8;9;16;4;12;1;4;-3
3749;88;2019;;;;;;5607;2464;3143;16;7;9;16;4;12;0;3;-3
3750;88;2020;;;;;;5732;2552;3179;16;7;9;16;4;12;0;3;-3
3751;88;2021;;;;;;5617;2532;3085;16;7;9;16;4;12;0;3;-3
3752;88;2022;;;;;;5719;2604;3115;16;7;9;17;4;12;-1;3;-3
3753;88;2023;;;;;;5784;2669;3115;16;7;9;17;5;13;-1;2;-4
3754;88;2024;;;;;;5914;2752;3162;16;7;9;18;5;13;-2;2;-4
3755;88;2025;;;;;;5927;2778;3149;16;7;9;18;5;13;-2;2;-4
3756;88;2026;;;;;;6285;2979;3306;16;7;9;20;5;14;-4;2;-5
3757;88;2027;;;;;;6411;3047;3364;16;7;9;20;6;15;-4;1;-6
3758;88;2028;;;;;;6640;3190;3450;16;7;9;21;6;15;-5;1;-6
3759;88;2029;;;;;;6459;3134;3326;16;7;9;21;6;15;-5;1;-6
3760;88;2030;;;;;;6751;3295;3456;16;7;9;22;6;16;-6;1;-7
3761;88;2031;;;;;;7287;3569;3717;16;7;9;23;7;16;-7;0;-7
3762;88;2032;;;;;;7648;3750;3897;16;7;9;25;7;17;-9;0;-8
3763;88;2033;;;;;;7283;3586;3697;16;7;9;25;7;17;-9;0;-8
3764;88;2034;;;;;;10098;5007;5091;16;7;9;32;10;22;-16;-3;-13
3765;88;2035;;;;;;9747;4823;4924;16;7;9;33;9;23;-17;-2;-14
3766;88;2036;;;;;;9211;4594;4617;16;7;9;32;9;23;-16;-2;-14
3767;88;2037;;;;;;8902;4444;4459;16;7;9;32;9;23;-16;-2;-14
3768;88;2038;;;;;;8738;4371;4367;16;7;9;33;9;24;-17;-2;-15
3769;88;2039;;;;;;8678;4357;4320;16;7;9;32;9;23;-16;-2;-14
3770;88;2040;;;;;;8942;4499;4442;16;7;9;33;9;25;-17;-2;-16
3771;88;2041;;;;;;8886;4475;4411;16;7;9;34;9;26;-18;-2;-17
3772;88;2042;;;;;;8977;4533;4444;16;7;9;36;9;27;-20;-2;-18
3773;88;2043;;;;;;9070;4571;4499;16;7;9;36;9;27;-20;-2;-18
3774;88;2044;;;;;;9250;4698;4552;16;7;9;38;9;28;-22;-2;-19
3775;88;2045;;;;;;9376;4763;4613;16;7;9;39;9;29;-23;-2;-20
3776;88;2046;;;;;;9532;4859;4674;16;7;9;39;10;29;-23;-3;-20
3777;88;2047;;;;;;9762;4981;4781;16;7;9;40;10;30;-24;-3;-21
3778;88;2048;;;;;;9783;5015;4768;16;7;9;41;10;31;-25;-3;-22
3779;88;2049;;;;;;10040;5149;4891;16;7;9;42;10;32;-26;-3;-23
3780;89;2008;;;;;;3983;1381;2603;14;6;8;12;6;7;2;0;1
3781;89;2009;;;;;;4774;1700;3074;15;6;9;16;7;9;-1;-1;0
3782;89;2010;;;;;;4795;1732;3062;15;6;9;16;7;9;-1;-1;0
3783;89;2011;;;;;;4830;1774;3056;15;6;9;16;7;9;-1;-1;0
3784;89;2012;;;;;;5015;1854;3161;15;6;9;17;7;10;-2;-1;-1
3785;89;2013;;;;;;4974;1851;3123;15;6;9;15;7;9;0;-1;0
3786;89;2014;;;;;;4965;1908;3057;15;6;9;16;7;10;-1;-1;-1
3787;89;2015;;;;;;5052;1984;3068;15;6;9;16;7;9;-1;-1;0
3788;89;2016;;;;;;5051;2022;3029;14;6;8;16;7;9;-2;-1;-1
3789;89;2017;;;;;;5264;2129;3135;14;6;8;17;7;10;-3;-1;-2
3790;89;2018;;;;;;5299;2183;3116;14;6;8;17;7;9;-3;-1;-1
3791;89;2019;;;;;;5555;2327;3228;13;5;8;18;8;10;-5;-3;-2
3792;89;2020;;;;;;5512;2339;3173;13;5;8;18;8;10;-5;-3;-2
3793;89;2021;;;;;;5641;2427;3214;13;5;8;18;8;10;-5;-3;-2
3794;89;2022;;;;;;5535;2412;3123;13;5;8;18;8;10;-5;-3;-2
3795;89;2023;;;;;;5645;2487;3158;13;5;8;18;8;10;-5;-3;-2
3796;89;2024;;;;;;5717;2555;3163;13;5;8;19;8;11;-6;-3;-3
3797;89;2025;;;;;;5855;2641;3214;13;5;8;19;8;11;-6;-3;-3
3798;89;2026;;;;;;5878;2672;3206;13;5;8;20;8;11;-7;-3;-3
3799;89;2027;;;;;;6243;2873;3370;13;5;8;21;9;12;-8;-4;-4
3800;89;2028;;;;;;6379;2946;3433;13;5;8;21;9;12;-8;-4;-4
3801;89;2029;;;;;;6619;3093;3526;13;5;8;22;9;13;-9;-4;-5
3802;89;2030;;;;;;6449;3046;3403;13;5;8;22;9;13;-9;-4;-5
3803;89;2031;;;;;;6751;3211;3541;13;5;8;23;9;14;-10;-4;-6
3804;89;2032;;;;;;7300;3487;3814;13;5;8;24;10;14;-11;-5;-6
3805;89;2033;;;;;;7676;3673;4003;13;5;8;25;10;14;-12;-5;-6
3806;89;2034;;;;;;7323;3521;3802;13;5;8;24;10;14;-11;-5;-6
3807;89;2035;;;;;;10171;4929;5242;13;5;8;33;14;19;-20;-9;-11
3808;89;2036;;;;;;9836;4759;5077;13;5;8;33;13;20;-20;-8;-12
3809;89;2037;;;;;;9311;4544;4767;13;5;8;32;12;20;-19;-7;-12
3810;89;2038;;;;;;9013;4404;4609;13;5;8;31;11;20;-18;-6;-12
3811;89;2039;;;;;;8860;4340;4519;13;5;8;31;11;20;-18;-6;-12
3812;89;2040;;;;;;8810;4333;4477;13;5;8;30;11;20;-17;-6;-12
3813;89;2041;;;;;;9089;4480;4609;13;5;8;31;11;21;-18;-6;-13
3814;89;2042;;;;;;9043;4462;4581;13;5;8;32;10;21;-19;-5;-13
3815;89;2043;;;;;;9144;4523;4621;13;5;8;32;10;22;-19;-5;-14
3816;89;2044;;;;;;9249;4565;4684;13;5;8;33;10;23;-20;-5;-15
3817;89;2045;;;;;;9439;4695;4744;13;5;8;33;10;23;-20;-5;-15
3818;89;2046;;;;;;9576;4763;4813;12;5;7;33;9;24;-21;-4;-17
3819;89;2047;;;;;;9742;4860;4881;12;5;7;33;9;24;-21;-4;-17
3820;89;2048;;;;;;9983;4984;4998;12;5;7;34;9;25;-22;-4;-18
3821;89;2049;;;;;;10009;5019;4990;12;5;7;35;9;26;-23;-4;-19
3822;90;2008;;;;;;3551;1143;2408;5;2;3;8;1;7;-3;1;-4
3823;90;2009;;;;;;3798;1260;2538;7;3;4;9;1;8;-2;2;-4
3824;90;2010;;;;;;4557;1554;3003;7;3;4;12;1;10;-5;2;-6
3825;90;2011;;;;;;4584;1587;2998;8;3;5;12;1;10;-4;2;-5
3826;90;2012;;;;;;4625;1628;2997;9;4;5;12;2;10;-3;2;-5
3827;90;2013;;;;;;4810;1705;3105;8;4;4;12;2;11;-4;2;-7
3828;90;2014;;;;;;4779;1705;3074;8;4;4;11;2;9;-3;2;-5
3829;90;2015;;;;;;4775;1761;3015;7;4;3;12;2;10;-5;2;-7
3830;90;2016;;;;;;4865;1834;3030;6;3;3;12;2;10;-6;1;-7
3831;90;2017;;;;;;4870;1873;2997;6;3;3;12;2;10;-6;1;-7
3832;90;2018;;;;;;5083;1976;3107;6;3;3;12;2;10;-6;1;-7
3833;90;2019;;;;;;5122;2029;3094;6;3;3;12;2;10;-6;1;-7
3834;90;2020;;;;;;5375;2166;3209;6;3;3;13;2;11;-7;1;-8
3835;90;2021;;;;;;5341;2181;3160;6;3;3;12;2;10;-6;1;-7
3836;90;2022;;;;;;5474;2267;3206;6;3;3;13;2;10;-7;1;-7
3837;90;2023;;;;;;5379;2259;3120;6;3;3;13;2;11;-7;1;-8
3838;90;2024;;;;;;5495;2335;3160;6;3;3;13;2;10;-7;1;-7
3839;90;2025;;;;;;5575;2405;3169;6;3;3;14;3;11;-8;0;-8
3840;90;2026;;;;;;5719;2494;3226;6;3;3;14;3;11;-8;0;-8
3841;90;2027;;;;;;5752;2530;3222;6;3;3;14;3;11;-8;0;-8
3842;90;2028;;;;;;6120;2728;3392;6;3;3;15;3;12;-9;0;-9
3843;90;2029;;;;;;6266;2805;3461;6;3;3;15;3;12;-9;0;-9
3844;90;2030;;;;;;6512;2953;3559;6;3;3;16;3;13;-10;0;-10
3845;90;2031;;;;;;6356;2916;3440;6;3;3;16;3;12;-10;0;-9
3846;90;2032;;;;;;6667;3083;3584;6;3;3;17;4;13;-11;-1;-10
3847;90;2033;;;;;;7222;3357;3866;6;3;3;18;4;14;-12;-1;-11
3848;90;2034;;;;;;7609;3546;4063;6;3;3;19;4;15;-13;-1;-12
3849;90;2035;;;;;;7272;3408;3864;6;3;3;19;4;14;-13;-1;-11
3850;90;2036;;;;;;10119;4783;5336;6;3;3;24;6;18;-18;-3;-15
3851;90;2037;;;;;;9805;4630;5175;6;3;3;24;6;18;-18;-3;-15
3852;90;2038;;;;;;9295;4430;4865;6;3;3;24;6;18;-18;-3;-15
3853;90;2039;;;;;;9012;4302;4710;6;3;3;23;5;18;-17;-2;-15
3854;90;2040;;;;;;8871;4246;4625;6;3;3;24;5;19;-18;-2;-16
3855;90;2041;;;;;;8833;4245;4588;6;3;3;24;6;18;-18;-3;-15
3856;90;2042;;;;;;9123;4394;4729;6;3;3;25;6;19;-19;-3;-16
3857;90;2043;;;;;;9086;4380;4706;6;3;3;26;6;20;-20;-3;-17
3858;90;2044;;;;;;9197;4444;4753;6;3;3;26;6;20;-20;-3;-17
3859;90;2045;;;;;;9312;4489;4823;6;3;3;27;6;21;-21;-3;-18
3860;90;2046;;;;;;9509;4618;4891;6;3;3;27;6;21;-21;-3;-18
3861;90;2047;;;;;;9654;4686;4968;6;3;3;28;6;22;-22;-3;-19
3862;90;2048;;;;;;9828;4784;5044;6;3;3;28;7;22;-22;-4;-19
3863;90;2049;;;;;;10077;4906;5171;6;3;3;29;7;23;-23;-4;-20
3864;91;2008;;;;;;3351;1020;2331;0;0;0;0;0;0;0;0;0
3865;91;2009;;;;;;3321;1020;2301;0;0;0;0;0;0;0;0;0
3866;91;2010;;;;;;3557;1126;2431;0;0;0;0;0;0;0;0;0
3867;91;2011;;;;;;4273;1391;2881;0;0;0;0;0;0;0;0;0
3868;91;2012;;;;;;4305;1423;2882;0;0;0;0;0;0;0;0;0
3869;91;2013;;;;;;4350;1464;2886;0;0;0;0;0;0;0;0;0
3870;91;2014;;;;;;4532;1535;2996;0;0;0;0;0;0;0;0;0
3871;91;2015;;;;;;4509;1537;2972;0;0;0;0;0;0;0;0;0
3872;91;2016;;;;;;4511;1591;2920;0;0;0;0;0;0;0;0;0
3873;91;2017;;;;;;4601;1661;2940;0;0;0;0;0;0;0;0;0
3874;91;2018;;;;;;4612;1699;2914;0;0;0;0;0;0;0;0;0
3875;91;2019;;;;;;4820;1794;3026;0;0;0;0;0;0;0;0;0
3876;91;2020;;;;;;4863;1845;3018;0;0;0;0;0;0;0;0;0
3877;91;2021;;;;;;5110;1974;3136;0;0;0;0;0;0;0;0;0
3878;91;2022;;;;;;5085;1992;3094;0;0;0;0;0;0;0;0;0
3879;91;2023;;;;;;5220;2076;3144;0;0;0;0;0;0;0;0;0
3880;91;2024;;;;;;5139;2074;3064;0;0;0;0;0;0;0;0;0
3881;91;2025;;;;;;5259;2150;3109;0;0;0;0;0;0;0;0;0
3882;91;2026;;;;;;5345;2222;3123;0;0;0;0;0;0;0;0;0
3883;91;2027;;;;;;5494;2310;3184;0;0;0;0;0;0;0;0;0
3884;91;2028;;;;;;5536;2351;3185;0;0;0;0;0;0;0;0;0
3885;91;2029;;;;;;5901;2542;3358;0;0;0;0;0;0;0;0;0
3886;91;2030;;;;;;6054;2622;3432;0;0;0;0;0;0;0;0;0
3887;91;2031;;;;;;6303;2769;3535;0;0;0;0;0;0;0;0;0
3888;91;2032;;;;;;6164;2743;3422;0;0;0;0;0;0;0;0;0
3889;91;2033;;;;;;6478;2907;3570;0;0;0;0;0;0;0;0;0
3890;91;2034;;;;;;7031;3175;3856;0;0;0;0;0;0;0;0;0
3891;91;2035;;;;;;7423;3363;4060;0;0;0;0;0;0;0;0;0
3892;91;2036;;;;;;7109;3242;3867;0;0;0;0;0;0;0;0;0
3893;91;2037;;;;;;9909;4561;5347;0;0;0;0;0;0;0;0;0
3894;91;2038;;;;;;9618;4424;5194;0;0;0;0;0;0;0;0;0
3895;91;2039;;;;;;9131;4241;4890;0;0;0;0;0;0;0;0;0
3896;91;2040;;;;;;8866;4125;4741;0;0;0;0;0;0;0;0;0
3897;91;2041;;;;;;8739;4077;4662;0;0;0;0;0;0;0;0;0
3898;91;2042;;;;;;8711;4081;4630;0;0;0;0;0;0;0;0;0
3899;91;2043;;;;;;9008;4229;4779;0;0;0;0;0;0;0;0;0
3900;91;2044;;;;;;8981;4219;4762;0;0;0;0;0;0;0;0;0
3901;91;2045;;;;;;9098;4283;4815;0;0;0;0;0;0;0;0;0
3902;91;2046;;;;;;9220;4328;4892;0;0;0;0;0;0;0;0;0
3903;91;2047;;;;;;9421;4454;4967;0;0;0;0;0;0;0;0;0
3904;91;2048;;;;;;9572;4521;5051;0;0;0;0;0;0;0;0;0
3905;91;2049;;;;;;9750;4615;5135;0;0;0;0;0;0;0;0;0
3906;92;2008;;;;;;2975;844;2132;0;0;0;0;0;0;0;0;0
3907;92;2009;;;;;;3062;887;2175;0;0;0;0;0;0;0;0;0
3908;92;2010;;;;;;3040;888;2152;0;0;0;0;0;0;0;0;0
3909;92;2011;;;;;;3260;982;2278;0;0;0;0;0;0;0;0;0
3910;92;2012;;;;;;3921;1216;2706;0;0;0;0;0;0;0;0;0
3911;92;2013;;;;;;3957;1246;2711;0;0;0;0;0;0;0;0;0
3912;92;2014;;;;;;4004;1283;2721;0;0;0;0;0;0;0;0;0
3913;92;2015;;;;;;4179;1348;2830;0;0;0;0;0;0;0;0;0
3914;92;2016;;;;;;4165;1352;2813;0;0;0;0;0;0;0;0;0
3915;92;2017;;;;;;4171;1402;2769;0;0;0;0;0;0;0;0;0
3916;92;2018;;;;;;4260;1466;2794;0;0;0;0;0;0;0;0;0
3917;92;2019;;;;;;4275;1502;2773;0;0;0;0;0;0;0;0;0
3918;92;2020;;;;;;4474;1589;2885;0;0;0;0;0;0;0;0;0
3919;92;2021;;;;;;4520;1637;2883;0;0;0;0;0;0;0;0;0
3920;92;2022;;;;;;4757;1755;3001;0;0;0;0;0;0;0;0;0
3921;92;2023;;;;;;4742;1776;2966;0;0;0;0;0;0;0;0;0
3922;92;2024;;;;;;4877;1857;3019;0;0;0;0;0;0;0;0;0
3923;92;2025;;;;;;4809;1861;2948;0;0;0;0;0;0;0;0;0
3924;92;2026;;;;;;4931;1936;2996;0;0;0;0;0;0;0;0;0
3925;92;2027;;;;;;5021;2006;3015;0;0;0;0;0;0;0;0;0
3926;92;2028;;;;;;5171;2093;3079;0;0;0;0;0;0;0;0;0
3927;92;2029;;;;;;5221;2136;3085;0;0;0;0;0;0;0;0;0
3928;92;2030;;;;;;5576;2318;3258;0;0;0;0;0;0;0;0;0
3929;92;2031;;;;;;5733;2398;3335;0;0;0;0;0;0;0;0;0
3930;92;2032;;;;;;5981;2541;3441;0;0;0;0;0;0;0;0;0
3931;92;2033;;;;;;5860;2524;3336;0;0;0;0;0;0;0;0;0
3932;92;2034;;;;;;6170;2684;3486;0;0;0;0;0;0;0;0;0
3933;92;2035;;;;;;6712;2940;3772;0;0;0;0;0;0;0;0;0
3934;92;2036;;;;;;7100;3123;3978;0;0;0;0;0;0;0;0;0
3935;92;2037;;;;;;6812;3018;3795;0;0;0;0;0;0;0;0;0
3936;92;2038;;;;;;9511;4256;5255;0;0;0;0;0;0;0;0;0
3937;92;2039;;;;;;9248;4136;5112;0;0;0;0;0;0;0;0;0
3938;92;2040;;;;;;8792;3971;4820;0;0;0;0;0;0;0;0;0
3939;92;2041;;;;;;8548;3868;4680;0;0;0;0;0;0;0;0;0
3940;92;2042;;;;;;8436;3828;4608;0;0;0;0;0;0;0;0;0
3941;92;2043;;;;;;8418;3835;4583;0;0;0;0;0;0;0;0;0
3942;92;2044;;;;;;8714;3977;4736;0;0;0;0;0;0;0;0;0
3943;92;2045;;;;;;8696;3970;4726;0;0;0;0;0;0;0;0;0
3944;92;2046;;;;;;8817;4033;4785;0;0;0;0;0;0;0;0;0
3945;92;2047;;;;;;8944;4076;4868;0;0;0;0;0;0;0;0;0
3946;92;2048;;;;;;9144;4196;4948;0;0;0;0;0;0;0;0;0
3947;92;2049;;;;;;9297;4259;5038;0;0;0;0;0;0;0;0;0
3948;93;2008;;;;;;2565;671;1894;0;0;0;0;0;0;0;0;0
3949;93;2009;;;;;;2654;711;1943;0;0;0;0;0;0;0;0;0
3950;93;2010;;;;;;2735;749;1986;0;0;0;0;0;0;0;0;0
3951;93;2011;;;;;;2720;752;1968;0;0;0;0;0;0;0;0;0
3952;93;2012;;;;;;2920;833;2088;0;0;0;0;0;0;0;0;0
3953;93;2013;;;;;;3517;1033;2484;0;0;0;0;0;0;0;0;0
3954;93;2014;;;;;;3554;1060;2494;0;0;0;0;0;0;0;0;0
3955;93;2015;;;;;;3601;1093;2508;0;0;0;0;0;0;0;0;0
3956;93;2016;;;;;;3764;1151;2613;0;0;0;0;0;0;0;0;0
3957;93;2017;;;;;;3759;1157;2602;0;0;0;0;0;0;0;0;0
3958;93;2018;;;;;;3767;1202;2566;0;0;0;0;0;0;0;0;0
3959;93;2019;;;;;;3852;1259;2593;0;0;0;0;0;0;0;0;0
3960;93;2020;;;;;;3870;1292;2579;0;0;0;0;0;0;0;0;0
3961;93;2021;;;;;;4057;1370;2687;0;0;0;0;0;0;0;0;0
3962;93;2022;;;;;;4105;1415;2690;0;0;0;0;0;0;0;0;0
3963;93;2023;;;;;;4327;1521;2805;0;0;0;0;0;0;0;0;0
3964;93;2024;;;;;;4321;1545;2777;0;0;0;0;0;0;0;0;0
3965;93;2025;;;;;;4452;1620;2832;0;0;0;0;0;0;0;0;0
3966;93;2026;;;;;;4399;1629;2769;0;0;0;0;0;0;0;0;0
3967;93;2027;;;;;;4519;1700;2819;0;0;0;0;0;0;0;0;0
3968;93;2028;;;;;;4610;1768;2842;0;0;0;0;0;0;0;0;0
3969;93;2029;;;;;;4758;1851;2907;0;0;0;0;0;0;0;0;0
3970;93;2030;;;;;;4814;1896;2917;0;0;0;0;0;0;0;0;0
3971;93;2031;;;;;;5151;2064;3086;0;0;0;0;0;0;0;0;0
3972;93;2032;;;;;;5307;2143;3164;0;0;0;0;0;0;0;0;0
3973;93;2033;;;;;;5547;2278;3269;0;0;0;0;0;0;0;0;0
3974;93;2034;;;;;;5445;2270;3175;0;0;0;0;0;0;0;0;0
3975;93;2035;;;;;;5745;2422;3324;0;0;0;0;0;0;0;0;0
3976;93;2036;;;;;;6263;2661;3602;0;0;0;0;0;0;0;0;0
3977;93;2037;;;;;;6639;2835;3804;0;0;0;0;0;0;0;0;0
3978;93;2038;;;;;;6381;2747;3634;0;0;0;0;0;0;0;0;0
3979;93;2039;;;;;;8923;3882;5041;0;0;0;0;0;0;0;0;0
3980;93;2040;;;;;;8691;3781;4910;0;0;0;0;0;0;0;0;0
3981;93;2041;;;;;;8274;3638;4636;0;0;0;0;0;0;0;0;0
3982;93;2042;;;;;;8056;3549;4507;0;0;0;0;0;0;0;0;0
3983;93;2043;;;;;;7961;3517;4444;0;0;0;0;0;0;0;0;0
3984;93;2044;;;;;;7954;3529;4425;0;0;0;0;0;0;0;0;0
3985;93;2045;;;;;;8243;3664;4579;0;0;0;0;0;0;0;0;0
3986;93;2046;;;;;;8235;3661;4574;0;0;0;0;0;0;0;0;0
3987;93;2047;;;;;;8359;3722;4637;0;0;0;0;0;0;0;0;0
3988;93;2048;;;;;;8488;3765;4722;0;0;0;0;0;0;0;0;0
3989;93;2049;;;;;;8685;3879;4806;0;0;0;0;0;0;0;0;0
3990;94;2008;;;;;;2346;588;1758;0;0;0;0;0;0;0;0;0
3991;94;2009;;;;;;2228;549;1680;0;0;0;0;0;0;0;0;0
3992;94;2010;;;;;;2309;583;1726;0;0;0;0;0;0;0;0;0
3993;94;2011;;;;;;2383;615;1768;0;0;0;0;0;0;0;0;0
3994;94;2012;;;;;;2374;618;1756;0;0;0;0;0;0;0;0;0
3995;94;2013;;;;;;2552;685;1866;0;0;0;0;0;0;0;0;0
3996;94;2014;;;;;;3077;851;2225;0;0;0;0;0;0;0;0;0
3997;94;2015;;;;;;3113;875;2238;0;0;0;0;0;0;0;0;0
3998;94;2016;;;;;;3159;905;2254;0;0;0;0;0;0;0;0;0
3999;94;2017;;;;;;3308;954;2354;0;0;0;0;0;0;0;0;0
4000;94;2018;;;;;;3308;961;2347;0;0;0;0;0;0;0;0;0
4001;94;2019;;;;;;3318;999;2319;0;0;0;0;0;0;0;0;0
4002;94;2020;;;;;;3396;1049;2348;0;0;0;0;0;0;0;0;0
4003;94;2021;;;;;;3418;1078;2339;0;0;0;0;0;0;0;0;0
4004;94;2022;;;;;;3588;1146;2442;0;0;0;0;0;0;0;0;0
4005;94;2023;;;;;;3637;1188;2449;0;0;0;0;0;0;0;0;0
4006;94;2024;;;;;;3840;1281;2558;0;0;0;0;0;0;0;0;0
4007;94;2025;;;;;;3842;1305;2537;0;0;0;0;0;0;0;0;0
4008;94;2026;;;;;;3966;1374;2592;0;0;0;0;0;0;0;0;0
4009;94;2027;;;;;;3926;1387;2539;0;0;0;0;0;0;0;0;0
4010;94;2028;;;;;;4041;1452;2589;0;0;0;0;0;0;0;0;0
4011;94;2029;;;;;;4130;1516;2614;0;0;0;0;0;0;0;0;0
4012;94;2030;;;;;;4271;1592;2679;0;0;0;0;0;0;0;0;0
4013;94;2031;;;;;;4330;1637;2693;0;0;0;0;0;0;0;0;0
4014;94;2032;;;;;;4642;1788;2854;0;0;0;0;0;0;0;0;0
4015;94;2033;;;;;;4794;1863;2931;0;0;0;0;0;0;0;0;0
4016;94;2034;;;;;;5020;1986;3033;0;0;0;0;0;0;0;0;0
4017;94;2035;;;;;;4937;1987;2951;0;0;0;0;0;0;0;0;0
4018;94;2036;;;;;;5220;2126;3094;0;0;0;0;0;0;0;0;0
4019;94;2037;;;;;;5701;2343;3358;0;0;0;0;0;0;0;0;0
4020;94;2038;;;;;;6055;2502;3552;0;0;0;0;0;0;0;0;0
4021;94;2039;;;;;;5829;2430;3399;0;0;0;0;0;0;0;0;0
4022;94;2040;;;;;;8163;3442;4721;0;0;0;0;0;0;0;0;0
4023;94;2041;;;;;;7964;3359;4605;0;0;0;0;0;0;0;0;0
4024;94;2042;;;;;;7591;3237;4354;0;0;0;0;0;0;0;0;0
4025;94;2043;;;;;;7401;3162;4238;0;0;0;0;0;0;0;0;0
4026;94;2044;;;;;;7322;3138;4184;0;0;0;0;0;0;0;0;0
4027;94;2045;;;;;;7324;3152;4172;0;0;0;0;0;0;0;0;0
4028;94;2046;;;;;;7598;3276;4322;0;0;0;0;0;0;0;0;0
4029;94;2047;;;;;;7599;3276;4323;0;0;0;0;0;0;0;0;0
4030;94;2048;;;;;;7720;3334;4386;0;0;0;0;0;0;0;0;0
4031;94;2049;;;;;;7847;3374;4473;0;0;0;0;0;0;0;0;0
4032;95;2008;;;;;;1855;427;1428;0;0;0;0;0;0;0;0;0
4033;95;2009;;;;;;1990;470;1520;0;0;0;0;0;0;0;0;0
4034;95;2010;;;;;;1894;439;1455;0;0;0;0;0;0;0;0;0
4035;95;2011;;;;;;1965;467;1498;0;0;0;0;0;0;0;0;0
4036;95;2012;;;;;;2031;493;1538;0;0;0;0;0;0;0;0;0
4037;95;2013;;;;;;2027;497;1530;0;0;0;0;0;0;0;0;0
4038;95;2014;;;;;;2181;552;1629;0;0;0;0;0;0;0;0;0
4039;95;2015;;;;;;2632;686;1946;0;0;0;0;0;0;0;0;0
4040;95;2016;;;;;;2668;707;1961;0;0;0;0;0;0;0;0;0
4041;95;2017;;;;;;2711;731;1979;0;0;0;0;0;0;0;0;0
4042;95;2018;;;;;;2843;773;2070;0;0;0;0;0;0;0;0;0
4043;95;2019;;;;;;2848;779;2068;0;0;0;0;0;0;0;0;0
4044;95;2020;;;;;;2859;812;2047;0;0;0;0;0;0;0;0;0
4045;95;2021;;;;;;2930;854;2077;0;0;0;0;0;0;0;0;0
4046;95;2022;;;;;;2953;880;2073;0;0;0;0;0;0;0;0;0
4047;95;2023;;;;;;3106;938;2168;0;0;0;0;0;0;0;0;0
4048;95;2024;;;;;;3153;975;2178;0;0;0;0;0;0;0;0;0
4049;95;2025;;;;;;3335;1056;2279;0;0;0;0;0;0;0;0;0
4050;95;2026;;;;;;3344;1079;2264;0;0;0;0;0;0;0;0;0
4051;95;2027;;;;;;3458;1140;2317;0;0;0;0;0;0;0;0;0
4052;95;2028;;;;;;3430;1155;2275;0;0;0;0;0;0;0;0;0
4053;95;2029;;;;;;3537;1214;2323;0;0;0;0;0;0;0;0;0
4054;95;2030;;;;;;3622;1272;2350;0;0;0;0;0;0;0;0;0
4055;95;2031;;;;;;3753;1341;2412;0;0;0;0;0;0;0;0;0
4056;95;2032;;;;;;3813;1383;2430;0;0;0;0;0;0;0;0;0
4057;95;2033;;;;;;4096;1517;2579;0;0;0;0;0;0;0;0;0
4058;95;2034;;;;;;4238;1585;2653;0;0;0;0;0;0;0;0;0
4059;95;2035;;;;;;4447;1696;2751;0;0;0;0;0;0;0;0;0
4060;95;2036;;;;;;4382;1702;2680;0;0;0;0;0;0;0;0;0
4061;95;2037;;;;;;4641;1827;2815;0;0;0;0;0;0;0;0;0
4062;95;2038;;;;;;5078;2018;3060;0;0;0;0;0;0;0;0;0
4063;95;2039;;;;;;5402;2161;3241;0;0;0;0;0;0;0;0;0
4064;95;2040;;;;;;5209;2103;3106;0;0;0;0;0;0;0;0;0
4065;95;2041;;;;;;7304;2984;4320;0;0;0;0;0;0;0;0;0
4066;95;2042;;;;;;7136;2916;4220;0;0;0;0;0;0;0;0;0
4067;95;2043;;;;;;6809;2814;3995;0;0;0;0;0;0;0;0;0
4068;95;2044;;;;;;6646;2753;3894;0;0;0;0;0;0;0;0;0
4069;95;2045;;;;;;6583;2735;3848;0;0;0;0;0;0;0;0;0
4070;95;2046;;;;;;6591;2750;3841;0;0;0;0;0;0;0;0;0
4071;95;2047;;;;;;6844;2860;3984;0;0;0;0;0;0;0;0;0
4072;95;2048;;;;;;6852;2862;3989;0;0;0;0;0;0;0;0;0
4073;95;2049;;;;;;6967;2914;4053;0;0;0;0;0;0;0;0;0
4074;96;2008;;;;;;1415;302;1113;0;0;0;0;0;0;0;0;0
4075;96;2009;;;;;;1526;330;1196;0;0;0;0;0;0;0;0;0
4076;96;2010;;;;;;1640;364;1276;0;0;0;0;0;0;0;0;0
4077;96;2011;;;;;;1564;341;1224;0;0;0;0;0;0;0;0;0
4078;96;2012;;;;;;1625;363;1263;0;0;0;0;0;0;0;0;0
4079;96;2013;;;;;;1682;384;1298;0;0;0;0;0;0;0;0;0
4080;96;2014;;;;;;1681;386;1294;0;0;0;0;0;0;0;0;0
4081;96;2015;;;;;;1811;430;1381;0;0;0;0;0;0;0;0;0
4082;96;2016;;;;;;2188;535;1652;0;0;0;0;0;0;0;0;0
4083;96;2017;;;;;;2221;552;1668;0;0;0;0;0;0;0;0;0
4084;96;2018;;;;;;2259;572;1687;0;0;0;0;0;0;0;0;0
4085;96;2019;;;;;;2373;605;1768;0;0;0;0;0;0;0;0;0
4086;96;2020;;;;;;2381;611;1770;0;0;0;0;0;0;0;0;0
4087;96;2021;;;;;;2393;638;1755;0;0;0;0;0;0;0;0;0
4088;96;2022;;;;;;2456;673;1783;0;0;0;0;0;0;0;0;0
4089;96;2023;;;;;;2479;696;1783;0;0;0;0;0;0;0;0;0
4090;96;2024;;;;;;2613;745;1868;0;0;0;0;0;0;0;0;0
4091;96;2025;;;;;;2657;777;1881;0;0;0;0;0;0;0;0;0
4092;96;2026;;;;;;2816;844;1972;0;0;0;0;0;0;0;0;0
4093;96;2027;;;;;;2828;866;1963;0;0;0;0;0;0;0;0;0
4094;96;2028;;;;;;2930;918;2012;0;0;0;0;0;0;0;0;0
4095;96;2029;;;;;;2912;933;1979;0;0;0;0;0;0;0;0;0
4096;96;2030;;;;;;3010;985;2025;0;0;0;0;0;0;0;0;0
4097;96;2031;;;;;;3087;1036;2052;0;0;0;0;0;0;0;0;0
4098;96;2032;;;;;;3206;1096;2110;0;0;0;0;0;0;0;0;0
4099;96;2033;;;;;;3263;1135;2129;0;0;0;0;0;0;0;0;0
4100;96;2034;;;;;;3512;1248;2264;0;0;0;0;0;0;0;0;0
4101;96;2035;;;;;;3642;1309;2332;0;0;0;0;0;0;0;0;0
4102;96;2036;;;;;;3828;1405;2422;0;0;0;0;0;0;0;0;0
4103;96;2037;;;;;;3778;1414;2364;0;0;0;0;0;0;0;0;0
4104;96;2038;;;;;;4008;1522;2487;0;0;0;0;0;0;0;0;0
4105;96;2039;;;;;;4392;1685;2707;0;0;0;0;0;0;0;0;0
4106;96;2040;;;;;;4680;1808;2872;0;0;0;0;0;0;0;0;0
4107;96;2041;;;;;;4518;1762;2756;0;0;0;0;0;0;0;0;0
4108;96;2042;;;;;;6342;2505;3838;0;0;0;0;0;0;0;0;0
4109;96;2043;;;;;;6205;2451;3753;0;0;0;0;0;0;0;0;0
4110;96;2044;;;;;;5926;2368;3557;0;0;0;0;0;0;0;0;0
4111;96;2045;;;;;;5791;2319;3471;0;0;0;0;0;0;0;0;0
4112;96;2046;;;;;;5741;2306;3435;0;0;0;0;0;0;0;0;0
4113;96;2047;;;;;;5753;2320;3433;0;0;0;0;0;0;0;0;0
4114;96;2048;;;;;;5979;2415;3564;0;0;0;0;0;0;0;0;0
4115;96;2049;;;;;;5990;2418;3572;0;0;0;0;0;0;0;0;0
4116;97;2008;;;;;;1052;204;848;0;0;0;0;0;0;0;0;0
4117;97;2009;;;;;;1129;226;903;0;0;0;0;0;0;0;0;0
4118;97;2010;;;;;;1220;248;973;0;0;0;0;0;0;0;0;0
4119;97;2011;;;;;;1313;273;1040;0;0;0;0;0;0;0;0;0
4120;97;2012;;;;;;1255;256;999;0;0;0;0;0;0;0;0;0
4121;97;2013;;;;;;1306;273;1033;0;0;0;0;0;0;0;0;0
4122;97;2014;;;;;;1353;289;1064;0;0;0;0;0;0;0;0;0
4123;97;2015;;;;;;1354;291;1063;0;0;0;0;0;0;0;0;0
4124;97;2016;;;;;;1460;324;1136;0;0;0;0;0;0;0;0;0
4125;97;2017;;;;;;1767;405;1362;0;0;0;0;0;0;0;0;0
4126;97;2018;;;;;;1796;418;1378;0;0;0;0;0;0;0;0;0
4127;97;2019;;;;;;1830;434;1396;0;0;0;0;0;0;0;0;0
4128;97;2020;;;;;;1925;460;1465;0;0;0;0;0;0;0;0;0
4129;97;2021;;;;;;1935;465;1470;0;0;0;0;0;0;0;0;0
4130;97;2022;;;;;;1947;487;1460;0;0;0;0;0;0;0;0;0
4131;97;2023;;;;;;2001;515;1487;0;0;0;0;0;0;0;0;0
4132;97;2024;;;;;;2024;534;1489;0;0;0;0;0;0;0;0;0
4133;97;2025;;;;;;2137;574;1564;0;0;0;0;0;0;0;0;0
4134;97;2026;;;;;;2177;601;1577;0;0;0;0;0;0;0;0;0
4135;97;2027;;;;;;2311;655;1656;0;0;0;0;0;0;0;0;0
4136;97;2028;;;;;;2326;674;1652;0;0;0;0;0;0;0;0;0
4137;97;2029;;;;;;2415;718;1697;0;0;0;0;0;0;0;0;0
4138;97;2030;;;;;;2404;733;1672;0;0;0;0;0;0;0;0;0
4139;97;2031;;;;;;2490;776;1714;0;0;0;0;0;0;0;0;0
4140;97;2032;;;;;;2559;819;1740;0;0;0;0;0;0;0;0;0
4141;97;2033;;;;;;2662;870;1792;0;0;0;0;0;0;0;0;0
4142;97;2034;;;;;;2715;904;1811;0;0;0;0;0;0;0;0;0
4143;97;2035;;;;;;2927;998;1929;0;0;0;0;0;0;0;0;0
4144;97;2036;;;;;;3041;1050;1991;0;0;0;0;0;0;0;0;0
4145;97;2037;;;;;;3201;1130;2071;0;0;0;0;0;0;0;0;0
4146;97;2038;;;;;;3165;1140;2025;0;0;0;0;0;0;0;0;0
4147;97;2039;;;;;;3362;1230;2133;0;0;0;0;0;0;0;0;0
4148;97;2040;;;;;;3689;1364;2325;0;0;0;0;0;0;0;0;0
4149;97;2041;;;;;;3936;1466;2470;0;0;0;0;0;0;0;0;0
4150;97;2042;;;;;;3804;1432;2373;0;0;0;0;0;0;0;0;0
4151;97;2043;;;;;;5346;2037;3308;0;0;0;0;0;0;0;0;0
4152;97;2044;;;;;;5235;1996;3239;0;0;0;0;0;0;0;0;0
4153;97;2045;;;;;;5004;1930;3074;0;0;0;0;0;0;0;0;0
4154;97;2046;;;;;;4894;1892;3003;0;0;0;0;0;0;0;0;0
4155;97;2047;;;;;;4856;1882;2974;0;0;0;0;0;0;0;0;0
4156;97;2048;;;;;;4870;1895;2975;0;0;0;0;0;0;0;0;0
4157;97;2049;;;;;;5065;1973;3092;0;0;0;0;0;0;0;0;0
4158;98;2008;;;;;;802;143;659;0;0;0;0;0;0;0;0;0
4159;98;2009;;;;;;813;148;665;0;0;0;0;0;0;0;0;0
4160;98;2010;;;;;;874;165;710;0;0;0;0;0;0;0;0;0
4161;98;2011;;;;;;946;181;766;0;0;0;0;0;0;0;0;0
4162;98;2012;;;;;;1020;199;820;0;0;0;0;0;0;0;0;0
4163;98;2013;;;;;;977;187;790;0;0;0;0;0;0;0;0;0
4164;98;2014;;;;;;1018;199;818;0;0;0;0;0;0;0;0;0
4165;98;2015;;;;;;1056;211;845;0;0;0;0;0;0;0;0;0
4166;98;2016;;;;;;1059;213;845;0;0;0;0;0;0;0;0;0
4167;98;2017;;;;;;1143;238;905;0;0;0;0;0;0;0;0;0
4168;98;2018;;;;;;1385;297;1087;0;0;0;0;0;0;0;0;0
4169;98;2019;;;;;;1409;307;1102;0;0;0;0;0;0;0;0;0
4170;98;2020;;;;;;1438;319;1118;0;0;0;0;0;0;0;0;0
4171;98;2021;;;;;;1515;339;1176;0;0;0;0;0;0;0;0;0
4172;98;2022;;;;;;1526;344;1182;0;0;0;0;0;0;0;0;0
4173;98;2023;;;;;;1538;361;1177;0;0;0;0;0;0;0;0;0
4174;98;2024;;;;;;1584;383;1200;0;0;0;0;0;0;0;0;0
4175;98;2025;;;;;;1604;399;1205;0;0;0;0;0;0;0;0;0
4176;98;2026;;;;;;1698;430;1267;0;0;0;0;0;0;0;0;0
4177;98;2027;;;;;;1733;452;1281;0;0;0;0;0;0;0;0;0
4178;98;2028;;;;;;1843;495;1348;0;0;0;0;0;0;0;0;0
4179;98;2029;;;;;;1858;512;1347;0;0;0;0;0;0;0;0;0
4180;98;2030;;;;;;1932;547;1386;0;0;0;0;0;0;0;0;0
4181;98;2031;;;;;;1928;560;1368;0;0;0;0;0;0;0;0;0
4182;98;2032;;;;;;2000;595;1405;0;0;0;0;0;0;0;0;0
4183;98;2033;;;;;;2059;631;1429;0;0;0;0;0;0;0;0;0
4184;98;2034;;;;;;2146;672;1474;0;0;0;0;0;0;0;0;0
4185;98;2035;;;;;;2193;701;1492;0;0;0;0;0;0;0;0;0
4186;98;2036;;;;;;2368;776;1592;0;0;0;0;0;0;0;0;0
4187;98;2037;;;;;;2465;819;1646;0;0;0;0;0;0;0;0;0
4188;98;2038;;;;;;2599;884;1715;0;0;0;0;0;0;0;0;0
4189;98;2039;;;;;;2572;894;1679;0;0;0;0;0;0;0;0;0
4190;98;2040;;;;;;2737;966;1771;0;0;0;0;0;0;0;0;0
4191;98;2041;;;;;;3006;1073;1933;0;0;0;0;0;0;0;0;0
4192;98;2042;;;;;;3211;1155;2056;0;0;0;0;0;0;0;0;0
4193;98;2043;;;;;;3107;1129;1977;0;0;0;0;0;0;0;0;0
4194;98;2044;;;;;;4369;1609;2760;0;0;0;0;0;0;0;0;0
4195;98;2045;;;;;;4283;1578;2705;0;0;0;0;0;0;0;0;0
4196;98;2046;;;;;;4096;1527;2570;0;0;0;0;0;0;0;0;0
4197;98;2047;;;;;;4010;1497;2513;0;0;0;0;0;0;0;0;0
4198;98;2048;;;;;;3981;1490;2491;0;0;0;0;0;0;0;0;0
4199;98;2049;;;;;;3995;1501;2494;0;0;0;0;0;0;0;0;0
4200;99;2008;;;;;;1474;232;1242;0;0;0;0;0;0;0;0;0
4201;99;2009;;;;;;1577;249;1327;0;0;0;0;0;0;0;0;0
4202;99;2010;;;;;;1656;265;1392;0;0;0;0;0;0;0;0;0
4203;99;2011;;;;;;1757;286;1471;0;0;0;0;0;0;0;0;0
4204;99;2012;;;;;;1881;312;1570;0;0;0;0;0;0;0;0;0
4205;99;2013;;;;;;2022;341;1681;0;0;0;0;0;0;0;0;0
4206;99;2014;;;;;;2087;352;1735;0;0;0;0;0;0;0;0;0
4207;99;2015;;;;;;2164;367;1796;0;0;0;0;0;0;0;0;0
4208;99;2016;;;;;;2248;386;1861;0;0;0;0;0;0;0;0;0
4209;99;2017;;;;;;2309;400;1909;0;0;0;0;0;0;0;0;0
4210;99;2018;;;;;;2418;427;1991;0;0;0;0;0;0;0;0;0
4211;99;2019;;;;;;2677;487;2190;0;0;0;0;0;0;0;0;0
4212;99;2020;;;;;;2875;534;2341;0;0;0;0;0;0;0;0;0
4213;99;2021;;;;;;3034;573;2461;0;0;0;0;0;0;0;0;0
4214;99;2022;;;;;;3206;614;2591;0;0;0;0;0;0;0;0;0
4215;99;2023;;;;;;3337;647;2690;0;0;0;0;0;0;0;0;0
4216;99;2024;;;;;;3440;682;2758;0;0;0;0;0;0;0;0;0
4217;99;2025;;;;;;3552;724;2828;0;0;0;0;0;0;0;0;0
4218;99;2026;;;;;;3650;765;2884;0;0;0;0;0;0;0;0;0
4219;99;2027;;;;;;3796;818;2977;0;0;0;0;0;0;0;0;0
4220;99;2028;;;;;;3929;872;3057;0;0;0;0;0;0;0;0;0
4221;99;2029;;;;;;4113;943;3170;0;0;0;0;0;0;0;0;0
4222;99;2030;;;;;;4258;1006;3252;0;0;0;0;0;0;0;0;0
4223;99;2031;;;;;;4424;1078;3346;0;0;0;0;0;0;0;0;0
4224;99;2032;;;;;;4542;1140;3402;0;0;0;0;0;0;0;0;0
4225;99;2033;;;;;;4688;1213;3475;0;0;0;0;0;0;0;0;0
4226;99;2034;;;;;;4843;1292;3551;0;0;0;0;0;0;0;0;0
4227;99;2035;;;;;;5026;1381;3645;0;0;0;0;0;0;0;0;0
4228;99;2036;;;;;;5198;1468;3731;0;0;0;0;0;0;0;0;0
4229;99;2037;;;;;;5463;1588;3875;0;0;0;0;0;0;0;0;0
4230;99;2038;;;;;;5730;1706;4024;0;0;0;0;0;0;0;0;0
4231;99;2039;;;;;;6029;1840;4189;0;0;0;0;0;0;0;0;0
4232;99;2040;;;;;;6222;1943;4279;0;0;0;0;0;0;0;0;0
4233;99;2041;;;;;;6492;2071;4421;0;0;0;0;0;0;0;0;0
4234;99;2042;;;;;;6899;2244;4655;0;0;0;0;0;0;0;0;0
4235;99;2043;;;;;;7350;2428;4922;0;0;0;0;0;0;0;0;0
4236;99;2044;;;;;;7588;2537;5051;0;0;0;0;0;0;0;0;0
4237;99;2045;;;;;;8758;2982;5776;0;0;0;0;0;0;0;0;0
4238;99;2046;;;;;;9512;3266;6246;0;0;0;0;0;0;0;0;0
4239;99;2047;;;;;;9897;3424;6472;0;0;0;0;0;0;0;0;0
4240;99;2048;;;;;;10101;3512;6590;0;0;0;0;0;0;0;0;0
4241;99;2049;;;;;;10227;3567;6659;0;0;0;0;0;0;0;0;0
4242;0 tot 5 jaar;2008;;;;;;904;523;379;8147;4032;4115;6924;3670;3254;1223;362;861
4243;0 tot 5 jaar;2009;;;;;;877;508;369;7626;3814;3812;6924;3675;3249;702;139;563
4244;0 tot 5 jaar;2010;;;;;;856;496;360;7702;3866;3836;6765;3595;3170;937;271;666
4245;0 tot 5 jaar;2011;;;;;;840;486;355;7892;3973;3919;6538;3483;3057;1354;490;862
4246;0 tot 5 jaar;2012;;;;;;828;479;350;7861;3974;3887;6340;3387;2952;1521;587;935
4247;0 tot 5 jaar;2013;;;;;;818;474;345;7888;4006;3882;6153;3298;2854;1735;708;1028
4248;0 tot 5 jaar;2014;;;;;;808;466;341;7881;4015;3866;6013;3234;2781;1868;781;1085
4249;0 tot 5 jaar;2015;;;;;;799;462;339;7875;4012;3863;5928;3194;2734;1947;818;1129
4250;0 tot 5 jaar;2016;;;;;;795;457;336;7877;4015;3862;5909;3185;2724;1968;830;1139
4251;0 tot 5 jaar;2017;;;;;;788;454;335;7870;4015;3855;5929;3196;2733;1941;820;1122
4252;0 tot 5 jaar;2018;;;;;;784;451;333;7862;4010;3852;5950;3204;2745;1912;806;1107
4253;0 tot 5 jaar;2019;;;;;;779;448;332;7855;4008;3847;5980;3219;2761;1875;790;1086
4254;0 tot 5 jaar;2020;;;;;;774;445;331;7851;4009;3842;6015;3234;2779;1836;775;1063
4255;0 tot 5 jaar;2021;;;;;;770;442;328;7850;4007;3843;6046;3251;2796;1804;756;1047
4256;0 tot 5 jaar;2022;;;;;;765;438;326;7854;4013;3841;6080;3264;2815;1774;749;1026
4257;0 tot 5 jaar;2023;;;;;;758;433;326;7851;4015;3836;6114;3281;2832;1737;734;1004
4258;0 tot 5 jaar;2024;;;;;;754;430;325;7855;4018;3837;6141;3293;2849;1714;725;988
4259;0 tot 5 jaar;2025;;;;;;748;426;322;7858;4022;3836;6165;3303;2862;1693;719;974
4260;0 tot 5 jaar;2026;;;;;;741;421;320;7869;4031;3838;6189;3311;2878;1680;720;960
4261;0 tot 5 jaar;2027;;;;;;734;417;318;7872;4034;3838;6206;3317;2888;1666;717;950
4262;0 tot 5 jaar;2028;;;;;;727;411;314;7875;4037;3838;6220;3323;2897;1655;714;941
4263;0 tot 5 jaar;2029;;;;;;720;407;312;7886;4048;3838;6233;3327;2907;1653;721;931
4264;0 tot 5 jaar;2030;;;;;;711;402;310;7901;4058;3843;6242;3329;2914;1659;729;929
4265;0 tot 5 jaar;2031;;;;;;703;395;308;7916;4069;3847;6249;3329;2920;1667;740;927
4266;0 tot 5 jaar;2032;;;;;;694;390;302;7936;4082;3854;6253;3327;2926;1683;755;928
4267;0 tot 5 jaar;2033;;;;;;684;385;300;7945;4092;3853;6249;3322;2926;1696;770;927
4268;0 tot 5 jaar;2034;;;;;;674;378;297;7962;4099;3863;6240;3314;2925;1722;785;938
4269;0 tot 5 jaar;2035;;;;;;664;371;293;7972;4109;3863;6231;3304;2924;1741;805;939
4270;0 tot 5 jaar;2036;;;;;;652;364;287;7989;4118;3871;6211;3293;2918;1778;825;953
4271;0 tot 5 jaar;2037;;;;;;642;359;283;8005;4127;3878;6191;3279;2912;1814;848;966
4272;0 tot 5 jaar;2038;;;;;;630;351;280;8018;4136;3882;6166;3263;2903;1852;873;979
4273;0 tot 5 jaar;2039;;;;;;623;345;277;8031;4148;3883;6142;3247;2895;1889;901;988
4274;0 tot 5 jaar;2040;;;;;;612;339;274;8040;4152;3888;6120;3232;2889;1920;920;999
4275;0 tot 5 jaar;2041;;;;;;603;334;270;8051;4161;3890;6099;3217;2882;1952;944;1008
4276;0 tot 5 jaar;2042;;;;;;594;328;266;8063;4168;3895;6083;3206;2876;1980;962;1019
4277;0 tot 5 jaar;2043;;;;;;588;324;264;8075;4177;3898;6069;3196;2875;2006;981;1024
4278;0 tot 5 jaar;2044;;;;;;579;320;261;8096;4188;3908;6063;3188;2873;2033;1000;1035
4279;0 tot 5 jaar;2045;;;;;;574;314;259;8102;4192;3910;6058;3183;2874;2044;1009;1036
4280;0 tot 5 jaar;2046;;;;;;568;311;256;8110;4197;3913;6058;3182;2877;2052;1015;1036
4281;0 tot 5 jaar;2047;;;;;;562;308;255;8113;4204;3909;6063;3180;2883;2050;1024;1026
4282;0 tot 5 jaar;2048;;;;;;557;305;253;8126;4210;3916;6074;3183;2890;2052;1027;1026
4283;0 tot 5 jaar;2049;;;;;;552;301;251;8128;4212;3916;6085;3186;2900;2043;1026;1016
4284;5 tot 10 jaar;2008;;;;;;96;52;44;6826;3404;3422;6882;3461;3422;-56;-57;0
4285;5 tot 10 jaar;2009;;;;;;95;50;43;6505;3267;3238;6935;3497;3438;-430;-230;-200
4286;5 tot 10 jaar;2010;;;;;;90;49;42;6651;3349;3302;6859;3473;3388;-208;-124;-86
4287;5 tot 10 jaar;2011;;;;;;87;47;39;6866;3469;3397;6760;3433;3328;106;36;69
4288;5 tot 10 jaar;2012;;;;;;83;46;38;6834;3467;3367;6596;3354;3242;240;113;125
4289;5 tot 10 jaar;2013;;;;;;81;43;37;6874;3512;3362;6413;3271;3142;461;241;220
4290;5 tot 10 jaar;2014;;;;;;78;42;35;6854;3512;3342;6234;3189;3045;620;323;297
4291;5 tot 10 jaar;2015;;;;;;75;42;34;6834;3504;3330;6082;3120;2959;752;384;371
4292;5 tot 10 jaar;2016;;;;;;73;40;33;6823;3501;3322;5986;3082;2904;837;419;418
4293;5 tot 10 jaar;2017;;;;;;71;39;33;6797;3494;3303;5944;3069;2877;853;425;426
4294;5 tot 10 jaar;2018;;;;;;70;37;32;6771;3485;3286;5910;3057;2853;861;428;433
4295;5 tot 10 jaar;2019;;;;;;70;37;32;6753;3479;3274;5898;3054;2843;855;425;431
4296;5 tot 10 jaar;2020;;;;;;67;37;29;6752;3481;3271;5898;3059;2839;854;422;432
4297;5 tot 10 jaar;2021;;;;;;65;37;29;6745;3480;3265;5911;3070;2841;834;411;424
4298;5 tot 10 jaar;2022;;;;;;65;37;28;6753;3484;3269;5925;3080;2846;828;404;423
4299;5 tot 10 jaar;2023;;;;;;65;36;28;6748;3481;3267;5941;3089;2852;807;392;415
4300;5 tot 10 jaar;2024;;;;;;62;33;28;6753;3487;3266;5966;3103;2862;788;384;404
4301;5 tot 10 jaar;2025;;;;;;62;33;28;6760;3491;3269;5987;3117;2870;773;374;399
4302;5 tot 10 jaar;2026;;;;;;61;33;28;6761;3495;3266;6012;3132;2881;749;363;385
4303;5 tot 10 jaar;2027;;;;;;60;32;28;6768;3499;3269;6034;3146;2891;734;353;378
4304;5 tot 10 jaar;2028;;;;;;59;32;28;6774;3505;3269;6056;3157;2900;718;348;370
4305;5 tot 10 jaar;2029;;;;;;58;32;27;6780;3510;3270;6075;3168;2908;705;342;362
4306;5 tot 10 jaar;2030;;;;;;58;32;26;6800;3524;3276;6091;3176;2915;709;348;361
4307;5 tot 10 jaar;2031;;;;;;57;31;26;6812;3531;3281;6107;3186;2920;705;345;361
4308;5 tot 10 jaar;2032;;;;;;56;31;24;6827;3538;3289;6115;3192;2924;712;346;365
4309;5 tot 10 jaar;2033;;;;;;54;31;24;6845;3548;3297;6127;3198;2929;718;350;368
4310;5 tot 10 jaar;2034;;;;;;53;29;24;6857;3558;3299;6132;3202;2931;725;356;368
4311;5 tot 10 jaar;2035;;;;;;53;29;23;6874;3568;3306;6137;3205;2932;737;363;374
4312;5 tot 10 jaar;2036;;;;;;52;28;23;6886;3578;3308;6140;3208;2931;746;370;377
4313;5 tot 10 jaar;2037;;;;;;50;28;23;6895;3585;3310;6140;3208;2931;755;377;379
4314;5 tot 10 jaar;2038;;;;;;50;27;22;6907;3595;3312;6133;3205;2926;774;390;386
4315;5 tot 10 jaar;2039;;;;;;48;26;22;6926;3604;3322;6125;3203;2922;801;402;400
4316;5 tot 10 jaar;2040;;;;;;47;26;21;6934;3612;3322;6112;3197;2915;822;415;407
4317;5 tot 10 jaar;2041;;;;;;47;25;21;6949;3618;3331;6095;3189;2905;854;429;426
4318;5 tot 10 jaar;2042;;;;;;46;25;21;6963;3627;3336;6079;3183;2897;884;444;439
4319;5 tot 10 jaar;2043;;;;;;44;25;21;6964;3625;3339;6059;3172;2887;905;453;452
4320;5 tot 10 jaar;2044;;;;;;43;23;20;6978;3634;3344;6040;3164;2877;938;470;467
4321;5 tot 10 jaar;2045;;;;;;42;23;19;6993;3645;3348;6023;3156;2869;970;489;480
4322;5 tot 10 jaar;2046;;;;;;42;23;19;7004;3651;3353;6011;3150;2861;993;501;492
4323;5 tot 10 jaar;2047;;;;;;42;23;17;7013;3655;3358;6000;3145;2855;1013;510;503
4324;5 tot 10 jaar;2048;;;;;;39;23;17;7019;3658;3361;5992;3141;2852;1027;517;509
4325;5 tot 10 jaar;2049;;;;;;39;22;17;7029;3667;3362;5988;3140;2849;1041;527;513
4326;10 tot 15 jaar;2008;;;;;;97;51;46;5619;2824;2795;4461;2228;2230;1158;596;565
4327;10 tot 15 jaar;2009;;;;;;95;49;45;5329;2721;2608;4518;2260;2258;811;462;350
4328;10 tot 15 jaar;2010;;;;;;94;49;44;5447;2786;2661;4523;2262;2261;924;524;400
4329;10 tot 15 jaar;2011;;;;;;94;49;44;5614;2886;2728;4445;2219;2225;1169;667;503
4330;10 tot 15 jaar;2012;;;;;;92;49;43;5615;2896;2719;4354;2177;2177;1261;719;542
4331;10 tot 15 jaar;2013;;;;;;90;48;42;5659;2933;2726;4279;2140;2137;1380;793;589
4332;10 tot 15 jaar;2014;;;;;;88;47;41;5660;2941;2719;4187;2098;2089;1473;843;630
4333;10 tot 15 jaar;2015;;;;;;83;45;40;5638;2930;2708;4117;2064;2052;1521;866;656
4334;10 tot 15 jaar;2016;;;;;;81;43;37;5635;2929;2706;4093;2056;2037;1542;873;669
4335;10 tot 15 jaar;2017;;;;;;78;42;36;5615;2919;2696;4068;2039;2028;1547;880;668
4336;10 tot 15 jaar;2018;;;;;;75;39;34;5602;2916;2686;4045;2030;2015;1557;886;671
4337;10 tot 15 jaar;2019;;;;;;74;38;34;5586;2912;2674;4018;2020;2000;1568;892;674
4338;10 tot 15 jaar;2020;;;;;;70;37;34;5579;2911;2668;3986;2006;1979;1593;905;689
4339;10 tot 15 jaar;2021;;;;;;68;37;31;5575;2906;2669;3950;1991;1958;1625;915;711
4340;10 tot 15 jaar;2022;;;;;;67;37;32;5578;2908;2670;3928;1984;1943;1650;924;728
4341;10 tot 15 jaar;2023;;;;;;65;34;29;5577;2907;2670;3910;1978;1931;1667;929;739
4342;10 tot 15 jaar;2024;;;;;;63;33;29;5572;2908;2664;3904;1977;1927;1668;932;737
4343;10 tot 15 jaar;2025;;;;;;62;32;29;5573;2908;2665;3903;1978;1926;1670;930;739
4344;10 tot 15 jaar;2026;;;;;;61;32;29;5574;2906;2668;3908;1982;1927;1666;924;741
4345;10 tot 15 jaar;2027;;;;;;59;32;27;5579;2911;2668;3918;1986;1930;1661;925;738
4346;10 tot 15 jaar;2028;;;;;;59;31;27;5577;2912;2665;3928;1994;1935;1649;918;730
4347;10 tot 15 jaar;2029;;;;;;58;31;27;5581;2915;2666;3938;2000;1938;1643;915;728
4348;10 tot 15 jaar;2030;;;;;;56;31;27;5584;2916;2668;3952;2007;1945;1632;910;723
4349;10 tot 15 jaar;2031;;;;;;56;31;27;5594;2923;2671;3964;2015;1950;1630;908;721
4350;10 tot 15 jaar;2032;;;;;;56;30;26;5613;2932;2681;3975;2021;1953;1638;911;728
4351;10 tot 15 jaar;2033;;;;;;54;29;25;5614;2934;2680;3985;2027;1959;1629;908;721
4352;10 tot 15 jaar;2034;;;;;;53;29;25;5627;2941;2686;3997;2032;1964;1630;909;722
4353;10 tot 15 jaar;2035;;;;;;52;28;24;5632;2945;2687;4007;2039;1968;1625;906;719
4354;10 tot 15 jaar;2036;;;;;;52;27;24;5640;2951;2689;4014;2043;1969;1626;908;720
4355;10 tot 15 jaar;2037;;;;;;52;27;23;5652;2958;2694;4023;2049;1974;1630;909;720
4356;10 tot 15 jaar;2038;;;;;;51;27;23;5658;2961;2697;4028;2053;1976;1630;908;721
4357;10 tot 15 jaar;2039;;;;;;50;26;23;5664;2967;2697;4032;2054;1980;1632;913;718
4358;10 tot 15 jaar;2040;;;;;;47;26;22;5668;2969;2699;4036;2057;1980;1632;912;719
4359;10 tot 15 jaar;2041;;;;;;47;26;22;5677;2974;2703;4037;2058;1980;1640;916;723
4360;10 tot 15 jaar;2042;;;;;;47;26;22;5687;2980;2707;4038;2058;1979;1649;922;728
4361;10 tot 15 jaar;2043;;;;;;47;25;22;5691;2981;2710;4036;2059;1977;1655;922;733
4362;10 tot 15 jaar;2044;;;;;;45;25;21;5689;2980;2709;4032;2057;1976;1657;923;733
4363;10 tot 15 jaar;2045;;;;;;45;24;21;5696;2984;2712;4027;2055;1973;1669;929;739
4364;10 tot 15 jaar;2046;;;;;;42;23;20;5700;2990;2710;4022;2052;1970;1678;938;740
4365;10 tot 15 jaar;2047;;;;;;42;23;20;5705;2992;2713;4012;2046;1966;1693;946;747
4366;10 tot 15 jaar;2048;;;;;;41;22;18;5712;2998;2714;4003;2043;1961;1709;955;753
4367;10 tot 15 jaar;2049;;;;;;41;22;18;5708;2993;2715;3996;2040;1957;1712;953;758
4368;15 tot 20 jaar;2008;2034.0;1834.0;193.0;8.0;0.0;205;133;71;8805;3809;4996;4833;2317;2515;3972;1493;2481
4369;15 tot 20 jaar;2009;2043.0;1876.0;162.0;4.0;0.0;203;132;70;8255;3621;4634;4906;2365;2541;3349;1256;2093
4370;15 tot 20 jaar;2010;2003.0;1847.0;152.0;3.0;0.0;195;128;67;8345;3672;4673;4808;2321;2487;3537;1351;2186
4371;15 tot 20 jaar;2011;1977.0;1822.0;151.0;2.0;0.0;190;125;66;8549;3793;4756;4695;2277;2421;3854;1516;2337
4372;15 tot 20 jaar;2012;1983.0;1825.0;157.0;2.0;0.0;185;121;63;8565;3821;4744;4568;2214;2355;3997;1607;2389
4373;15 tot 20 jaar;2013;1991.0;1829.0;162.0;1.0;0.0;181;119;62;8610;3867;4743;4446;2161;2284;4164;1706;2459
4374;15 tot 20 jaar;2014;1963.0;1813.0;152.0;0.0;0.0;176;116;61;8609;3885;4724;4328;2108;2220;4281;1777;2504
4375;15 tot 20 jaar;2015;1974.0;1826.0;148.0;0.0;0.0;176;116;61;8599;3893;4706;4275;2086;2190;4324;1807;2516
4376;15 tot 20 jaar;2016;2012.0;1861.0;151.0;0.0;0.0;173;114;60;8601;3898;4703;4238;2068;2171;4363;1830;2533
4377;15 tot 20 jaar;2017;2051.0;1897.0;155.0;0.0;0.0;172;114;60;8587;3896;4691;4230;2070;2160;4357;1826;2531
4378;15 tot 20 jaar;2018;2067.0;1911.0;157.0;0.0;0.0;169;112;58;8575;3898;4677;4231;2070;2161;4344;1828;2516
4379;15 tot 20 jaar;2019;2079.0;1922.0;158.0;0.0;0.0;164;109;56;8565;3895;4670;4221;2067;2154;4344;1828;2516
4380;15 tot 20 jaar;2020;2050.0;1894.0;156.0;0.0;0.0;158;105;53;8561;3892;4669;4191;2054;2136;4370;1838;2533
4381;15 tot 20 jaar;2021;2026.0;1873.0;155.0;0.0;0.0;153;102;52;8545;3888;4657;4185;2051;2133;4360;1837;2524
4382;15 tot 20 jaar;2022;1997.0;1843.0;153.0;0.0;0.0;147;96;50;8552;3889;4663;4156;2036;2119;4396;1853;2544
4383;15 tot 20 jaar;2023;1944.0;1796.0;148.0;0.0;0.0;142;93;47;8550;3890;4660;4117;2019;2099;4433;1871;2561
4384;15 tot 20 jaar;2024;1905.0;1759.0;145.0;0.0;0.0;137;91;46;8549;3888;4661;4081;2004;2079;4468;1884;2582
4385;15 tot 20 jaar;2025;1888.0;1744.0;143.0;0.0;0.0;132;88;45;8546;3885;4661;4045;1986;2059;4501;1899;2602
4386;15 tot 20 jaar;2026;1882.0;1739.0;142.0;0.0;0.0;130;86;44;8542;3884;4658;4007;1969;2040;4535;1915;2618
4387;15 tot 20 jaar;2027;1889.0;1744.0;143.0;0.0;0.0;127;84;43;8531;3879;4652;3991;1967;2025;4540;1912;2628
4388;15 tot 20 jaar;2028;1861.0;1720.0;141.0;0.0;0.0;123;81;41;8539;3882;4657;3957;1952;2005;4582;1930;2652
4389;15 tot 20 jaar;2029;1849.0;1708.0;139.0;0.0;0.0;120;79;41;8549;3886;4663;3941;1945;1996;4609;1941;2667
4390;15 tot 20 jaar;2030;1846.0;1706.0;139.0;0.0;0.0;118;78;41;8560;3895;4665;3932;1941;1991;4628;1954;2674
4391;15 tot 20 jaar;2031;1847.0;1707.0;139.0;0.0;0.0;115;77;40;8565;3901;4664;3928;1941;1987;4637;1960;2677
4392;15 tot 20 jaar;2032;1851.0;1711.0;139.0;0.0;0.0;114;75;37;8573;3902;4671;3928;1945;1984;4645;1957;2687
4393;15 tot 20 jaar;2033;1854.0;1713.0;139.0;0.0;0.0;112;75;37;8580;3906;4674;3929;1947;1983;4651;1960;2691
4394;15 tot 20 jaar;2034;1862.0;1720.0;142.0;0.0;0.0;111;73;37;8582;3906;4676;3931;1947;1982;4652;1959;2694
4395;15 tot 20 jaar;2035;1870.0;1729.0;142.0;0.0;0.0;108;71;36;8586;3911;4675;3938;1952;1986;4648;1959;2689
4396;15 tot 20 jaar;2036;1879.0;1738.0;143.0;0.0;0.0;108;71;36;8595;3918;4677;3941;1954;1988;4654;1964;2689
4397;15 tot 20 jaar;2037;1891.0;1748.0;143.0;0.0;0.0;106;70;36;8598;3921;4677;3948;1958;1987;4650;1963;2690
4398;15 tot 20 jaar;2038;1903.0;1758.0;144.0;0.0;0.0;104;69;36;8600;3920;4680;3953;1964;1989;4647;1956;2691
4399;15 tot 20 jaar;2039;1913.0;1767.0;145.0;0.0;0.0;104;68;36;8607;3926;4681;3958;1970;1988;4649;1956;2693
4400;15 tot 20 jaar;2040;1922.0;1776.0;146.0;0.0;0.0;102;68;35;8605;3927;4678;3960;1972;1990;4645;1955;2688
4401;15 tot 20 jaar;2041;1930.0;1786.0;146.0;0.0;0.0;99;66;33;8614;3930;4684;3966;1977;1991;4648;1953;2693
4402;15 tot 20 jaar;2042;1938.0;1792.0;147.0;0.0;0.0;99;65;32;8627;3936;4691;3968;1979;1987;4659;1958;2704
4403;15 tot 20 jaar;2043;1945.0;1797.0;147.0;0.0;0.0;98;63;32;8623;3935;4688;3969;1979;1990;4654;1956;2698
4404;15 tot 20 jaar;2044;1949.0;1802.0;147.0;0.0;0.0;94;63;32;8627;3936;4691;3970;1983;1987;4657;1953;2704
4405;15 tot 20 jaar;2045;1954.0;1805.0;149.0;0.0;0.0;94;63;31;8631;3937;4694;3969;1983;1985;4664;1954;2709
4406;15 tot 20 jaar;2046;1957.0;1808.0;149.0;0.0;0.0;93;63;31;8630;3936;4694;3969;1985;1984;4661;1951;2710
4407;15 tot 20 jaar;2047;1959.0;1810.0;149.0;0.0;0.0;91;59;31;8630;3936;4694;3966;1985;1981;4664;1951;2713
4408;15 tot 20 jaar;2048;1960.0;1810.0;149.0;0.0;0.0;89;58;31;8630;3937;4693;3962;1985;1979;4668;1952;2714
4409;15 tot 20 jaar;2049;1957.0;1809.0;148.0;0.0;0.0;86;58;29;8634;3940;4694;3954;1982;1972;4680;1958;2722
4410;20 tot 25 jaar;2008;18078.0;13077.0;4252.0;645.0;104.0;305;213;90;26347;10907;15440;15465;7204;8262;10882;3703;7178
4411;20 tot 25 jaar;2009;17435.0;12561.0;4130.0;646.0;98.0;303;212;92;23808;9944;13864;16100;7471;8630;7708;2473;5234
4412;20 tot 25 jaar;2010;17681.0;12805.0;4147.0;624.0;105.0;304;213;91;23458;9838;13620;16235;7533;8700;7223;2305;4920
4413;20 tot 25 jaar;2011;17870.0;12965.0;4173.0;619.0;113.0;301;212;90;23508;9938;13570;16059;7450;8609;7449;2488;4961
4414;20 tot 25 jaar;2012;18129.0;13160.0;4230.0;624.0;116.0;300;210;90;23465;10000;13465;15744;7326;8418;7721;2674;5047
4415;20 tot 25 jaar;2013;18413.0;13378.0;4300.0;611.0;122.0;298;208;90;23386;10050;13336;15346;7167;8180;8040;2883;5156
4416;20 tot 25 jaar;2014;18388.0;13368.0;4297.0;600.0;124.0;296;207;88;23273;10046;13227;14923;6998;7925;8350;3048;5302
4417;20 tot 25 jaar;2015;18288.0;13330.0;4256.0;578.0;123.0;289;201;87;23275;10065;13210;14483;6817;7665;8792;3248;5545
4418;20 tot 25 jaar;2016;18140.0;13226.0;4220.0;571.0;123.0;283;199;85;23370;10108;13262;14215;6725;7489;9155;3383;5773
4419;20 tot 25 jaar;2017;18070.0;13180.0;4200.0;566.0;124.0;278;195;83;23443;10147;13296;14051;6669;7382;9392;3478;5914
4420;20 tot 25 jaar;2018;18051.0;13179.0;4190.0;560.0;123.0;275;192;83;23489;10167;13322;13952;6644;7308;9537;3523;6014
4421;20 tot 25 jaar;2019;18008.0;13161.0;4169.0;555.0;123.0;271;190;82;23522;10186;13336;13860;6617;7243;9662;3569;6093
4422;20 tot 25 jaar;2020;18201.0;13314.0;4205.0;558.0;125.0;271;189;82;23530;10191;13339;13844;6627;7218;9686;3564;6121
4423;20 tot 25 jaar;2021;18464.0;13499.0;4272.0;567.0;127.0;270;188;82;23518;10186;13332;13804;6619;7186;9714;3567;6146
4424;20 tot 25 jaar;2022;18658.0;13628.0;4328.0;573.0;129.0;267;188;81;23516;10185;13331;13762;6616;7146;9754;3569;6185
4425;20 tot 25 jaar;2023;18706.0;13652.0;4349.0;576.0;130.0;264;184;79;23524;10191;13333;13710;6601;7109;9814;3590;6224
4426;20 tot 25 jaar;2024;18679.0;13616.0;4356.0;579.0;130.0;260;180;77;23527;10192;13335;13635;6573;7061;9892;3619;6274
4427;20 tot 25 jaar;2025;18405.0;13411.0;4295.0;571.0;129.0;252;176;76;23531;10196;13335;13516;6524;6991;10015;3672;6344
4428;20 tot 25 jaar;2026;18138.0;13208.0;4240.0;563.0;127.0;243;170;73;23523;10193;13330;13418;6483;6935;10105;3710;6395
4429;20 tot 25 jaar;2027;17840.0;12991.0;4171.0;554.0;126.0;235;164;71;23526;10192;13334;13296;6424;6873;10230;3768;6461
4430;20 tot 25 jaar;2028;17532.0;12783.0;4089.0;541.0;123.0;228;159;68;23530;10194;13336;13171;6364;6808;10359;3830;6528
4431;20 tot 25 jaar;2029;17307.0;12629.0;4028.0;530.0;119.0;224;155;68;23536;10198;13338;13059;6317;6742;10477;3881;6596
4432;20 tot 25 jaar;2030;17203.0;12554.0;4003.0;525.0;120.0;219;152;66;23535;10197;13338;12953;6271;6682;10582;3926;6656
4433;20 tot 25 jaar;2031;17140.0;12504.0;3991.0;525.0;119.0;214;150;65;23541;10204;13337;12854;6228;6625;10687;3976;6712
4434;20 tot 25 jaar;2032;17120.0;12485.0;3991.0;525.0;119.0;212;148;64;23551;10208;13343;12783;6203;6580;10768;4005;6763
4435;20 tot 25 jaar;2033;16979.0;12391.0;3952.0;519.0;118.0;207;146;63;23558;10214;13344;12694;6165;6528;10864;4049;6816
4436;20 tot 25 jaar;2034;16917.0;12350.0;3933.0;517.0;118.0;204;142;62;23557;10213;13344;12635;6143;6493;10922;4070;6852
4437;20 tot 25 jaar;2035;16919.0;12352.0;3933.0;516.0;118.0;202;140;61;23564;10219;13345;12595;6128;6468;10969;4091;6877
4438;20 tot 25 jaar;2036;16943.0;12372.0;3938.0;516.0;118.0;199;140;60;23563;10219;13344;12566;6118;6447;10997;4101;6897
4439;20 tot 25 jaar;2037;16984.0;12405.0;3946.0;516.0;118.0;197;137;59;23567;10220;13347;12547;6114;6432;11020;4106;6915
4440;20 tot 25 jaar;2038;17034.0;12444.0;3956.0;517.0;118.0;195;136;58;23568;10221;13347;12531;6112;6419;11037;4109;6928
4441;20 tot 25 jaar;2039;17107.0;12497.0;3973.0;519.0;118.0;194;135;58;23574;10225;13349;12524;6114;6408;11051;4111;6941
4442;20 tot 25 jaar;2040;17192.0;12561.0;3992.0;521.0;119.0;191;134;57;23582;10235;13347;12517;6118;6400;11065;4117;6947
4443;20 tot 25 jaar;2041;17284.0;12627.0;4013.0;523.0;120.0;189;132;57;23577;10230;13347;12518;6124;6396;11059;4106;6951
4444;20 tot 25 jaar;2042;17376.0;12696.0;4035.0;528.0;121.0;189;131;57;23579;10232;13347;12518;6130;6388;11061;4102;6959
4445;20 tot 25 jaar;2043;17468.0;12762.0;4056.0;530.0;121.0;186;130;57;23587;10238;13349;12522;6138;6384;11065;4100;6965
4446;20 tot 25 jaar;2044;17556.0;12825.0;4077.0;531.0;121.0;186;130;56;23597;10245;13352;12524;6146;6379;11073;4099;6973
4447;20 tot 25 jaar;2045;17632.0;12879.0;4096.0;534.0;122.0;184;128;56;23599;10245;13354;12525;6150;6375;11074;4095;6979
4448;20 tot 25 jaar;2046;17698.0;12927.0;4112.0;537.0;122.0;181;127;55;23588;10239;13349;12525;6157;6369;11063;4082;6980
4449;20 tot 25 jaar;2047;17755.0;12969.0;4126.0;539.0;122.0;180;125;55;23587;10240;13347;12525;6161;6363;11062;4079;6984
4450;20 tot 25 jaar;2048;17802.0;13001.0;4138.0;539.0;122.0;178;125;54;23576;10235;13341;12519;6163;6355;11057;4072;6986
4451;20 tot 25 jaar;2049;17839.0;13028.0;4147.0;541.0;124.0;175;122;53;23577;10238;13339;12516;6168;6348;11061;4070;6991
4452;25 tot 30 jaar;2008;49177.0;27523.0;16522.0;4231.0;901.0;344;228;115;26970;13109;13861;19468;10268;9198;7502;2841;4663
4453;25 tot 30 jaar;2009;49332.0;28074.0;16244.0;4089.0;925.0;341;226;115;24218;11868;12350;20714;11061;9653;3504;807;2697
4454;25 tot 30 jaar;2010;48779.0;27897.0;16057.0;3885.0;942.0;335;223;113;23743;11677;12066;21062;11294;9767;2681;383;2299
4455;25 tot 30 jaar;2011;48878.0;28024.0;16056.0;3838.0;957.0;333;221;112;23708;11732;11976;20979;11258;9722;2729;474;2254
4456;25 tot 30 jaar;2012;49399.0;28372.0;16192.0;3852.0;982.0;332;221;111;23668;11787;11881;20628;11039;9588;3040;748;2293
4457;25 tot 30 jaar;2013;50142.0;28773.0;16481.0;3872.0;1015.0;332;221;112;23552;11794;11758;20203;10790;9413;3349;1005;2345
4458;25 tot 30 jaar;2014;50773.0;29251.0;16637.0;3858.0;1026.0;332;219;112;23445;11782;11663;19744;10535;9209;3701;1247;2454
4459;25 tot 30 jaar;2015;51423.0;29681.0;16847.0;3858.0;1036.0;332;220;112;23453;11800;11653;19472;10417;9054;3981;1383;2599
4460;25 tot 30 jaar;2016;51929.0;29992.0;17002.0;3887.0;1048.0;334;222;112;23544;11853;11691;19330;10375;8954;4214;1478;2737
4461;25 tot 30 jaar;2017;52428.0;30281.0;17164.0;3921.0;1062.0;331;221;110;23625;11898;11727;19267;10378;8889;4358;1520;2838
4462;25 tot 30 jaar;2018;52949.0;30556.0;17352.0;3963.0;1078.0;330;219;110;23685;11932;11753;19188;10363;8825;4497;1569;2928
4463;25 tot 30 jaar;2019;53332.0;30748.0;17495.0;3998.0;1091.0;327;217;109;23709;11947;11762;19109;10339;8769;4600;1608;2993
4464;25 tot 30 jaar;2020;53091.0;30598.0;17425.0;3982.0;1090.0;320;213;108;23720;11953;11767;18948;10262;8686;4772;1691;3081
4465;25 tot 30 jaar;2021;52703.0;30374.0;17298.0;3951.0;1083.0;316;209;105;23694;11937;11757;18826;10212;8614;4868;1725;3143
4466;25 tot 30 jaar;2022;52544.0;30286.0;17244.0;3935.0;1081.0;310;205;104;23687;11933;11754;18714;10151;8561;4973;1782;3193
4467;25 tot 30 jaar;2023;52589.0;30331.0;17248.0;3929.0;1079.0;307;203;102;23684;11929;11755;18643;10126;8519;5041;1804;3236
4468;25 tot 30 jaar;2024;52649.0;30394.0;17252.0;3925.0;1079.0;304;201;102;23678;11927;11751;18574;10095;8478;5104;1832;3273
4469;25 tot 30 jaar;2025;53244.0;30752.0;17439.0;3964.0;1089.0;302;202;101;23669;11924;11745;18578;10102;8475;5091;1822;3270
4470;25 tot 30 jaar;2026;53926.0;31131.0;17671.0;4019.0;1105.0;302;200;101;23660;11918;11742;18544;10088;8457;5116;1830;3285
4471;25 tot 30 jaar;2027;54397.0;31380.0;17840.0;4060.0;1118.0;300;199;100;23648;11910;11738;18508;10077;8431;5140;1833;3307
4472;25 tot 30 jaar;2028;54514.0;31432.0;17889.0;4072.0;1122.0;298;198;100;23640;11905;11735;18445;10045;8401;5195;1860;3334
4473;25 tot 30 jaar;2029;54366.0;31318.0;17855.0;4068.0;1123.0;292;194;99;23627;11897;11730;18339;9990;8348;5289;1907;3382
4474;25 tot 30 jaar;2030;53599.0;30868.0;17609.0;4012.0;1109.0;285;189;96;23617;11893;11724;18179;9902;8278;5438;1991;3446
4475;25 tot 30 jaar;2031;52857.0;30428.0;17373.0;3959.0;1094.0;278;183;93;23607;11884;11723;18038;9825;8214;5569;2060;3509
4476;25 tot 30 jaar;2032;52056.0;29965.0;17113.0;3900.0;1079.0;267;177;90;23599;11884;11715;17873;9728;8143;5726;2156;3572
4477;25 tot 30 jaar;2033;51326.0;29571.0;16858.0;3834.0;1061.0;261;173;87;23587;11876;11711;17739;9654;8084;5848;2222;3627
4478;25 tot 30 jaar;2034;50788.0;29281.0;16669.0;3791.0;1047.0;256;169;86;23574;11869;11705;17619;9590;8030;5955;2279;3675
4479;25 tot 30 jaar;2035;50520.0;29127.0;16583.0;3771.0;1041.0;249;167;85;23569;11870;11699;17522;9536;7987;6047;2334;3712
4480;25 tot 30 jaar;2036;50366.0;29033.0;16534.0;3759.0;1039.0;247;164;83;23559;11865;11694;17434;9488;7946;6125;2377;3748
4481;25 tot 30 jaar;2037;50295.0;28983.0;16517.0;3757.0;1038.0;244;162;81;23546;11857;11689;17372;9457;7915;6174;2400;3774
4482;25 tot 30 jaar;2038;49970.0;28809.0;16403.0;3728.0;1030.0;239;158;81;23536;11850;11686;17293;9413;7881;6243;2437;3805
4483;25 tot 30 jaar;2039;49840.0;28741.0;16356.0;3716.0;1026.0;236;156;79;23525;11843;11682;17242;9385;7857;6283;2458;3825
4484;25 tot 30 jaar;2040;49862.0;28759.0;16362.0;3716.0;1027.0;233;155;78;23513;11837;11676;17216;9370;7846;6297;2467;3830
4485;25 tot 30 jaar;2041;49946.0;28808.0;16388.0;3721.0;1028.0;230;153;78;23505;11830;11675;17198;9361;7837;6307;2469;3838
4486;25 tot 30 jaar;2042;50075.0;28885.0;16427.0;3731.0;1030.0;228;151;78;23494;11824;11670;17196;9358;7837;6298;2466;3833
4487;25 tot 30 jaar;2043;50229.0;28977.0;16479.0;3741.0;1034.0;226;150;78;23486;11821;11665;17195;9360;7837;6291;2461;3828
4488;25 tot 30 jaar;2044;50439.0;29101.0;16545.0;3755.0;1037.0;223;148;75;23474;11814;11660;17208;9368;7840;6266;2446;3820
4489;25 tot 30 jaar;2045;50681.0;29241.0;16623.0;3773.0;1042.0;222;147;74;23466;11809;11657;17226;9378;7849;6240;2431;3808
4490;25 tot 30 jaar;2046;50936.0;29388.0;16708.0;3791.0;1046.0;221;146;74;23449;11800;11649;17251;9392;7859;6198;2408;3790
4491;25 tot 30 jaar;2047;51192.0;29536.0;16792.0;3811.0;1053.0;218;145;74;23436;11794;11642;17274;9409;7868;6162;2385;3774
4492;25 tot 30 jaar;2048;51442.0;29679.0;16874.0;3830.0;1058.0;218;144;73;23425;11790;11635;17301;9424;7877;6124;2366;3758
4493;25 tot 30 jaar;2049;51676.0;29814.0;16953.0;3847.0;1063.0;216;143;73;23408;11780;11628;17327;9441;7886;6081;2339;3742
4494;30 tot 35 jaar;2008;68025.0;27092.0;28698.0;9453.0;2784.0;474;291;185;19031;10138;8893;16273;9160;7113;2758;978;1780
4495;30 tot 35 jaar;2009;67007.0;26755.0;28116.0;9279.0;2856.0;463;282;180;17305;9286;8019;16865;9574;7292;440;-288;728
4496;30 tot 35 jaar;2010;66459.0;26748.0;27930.0;8858.0;2923.0;459;280;179;17039;9168;7871;17163;9776;7387;-124;-608;484
4497;30 tot 35 jaar;2011;66589.0;26770.0;28035.0;8802.0;2980.0;453;277;176;17017;9199;7818;17241;9821;7420;-224;-622;398
4498;30 tot 35 jaar;2012;66421.0;26665.0;28000.0;8742.0;3016.0;448;272;174;17041;9259;7782;17178;9786;7392;-137;-527;390
4499;30 tot 35 jaar;2013;66035.0;26423.0;27913.0;8668.0;3029.0;440;268;173;16949;9236;7713;16967;9662;7306;-17;-426;407
4500;30 tot 35 jaar;2014;65880.0;26323.0;27867.0;8656.0;3034.0;436;266;170;16858;9212;7646;16793;9568;7227;65;-356;419
4501;30 tot 35 jaar;2015;65851.0;26369.0;27860.0;8589.0;3033.0;429;262;168;16813;9197;7616;16590;9457;7135;223;-259;481
4502;30 tot 35 jaar;2016;66408.0;26666.0;28074.0;8612.0;3055.0;425;259;166;16829;9212;7617;16509;9426;7083;320;-214;534
4503;30 tot 35 jaar;2017;67292.0;27040.0;28445.0;8704.0;3102.0;426;260;165;16843;9225;7618;16485;9422;7061;358;-197;557
4504;30 tot 35 jaar;2018;68259.0;27413.0;28863.0;8825.0;3157.0;427;260;166;16846;9227;7619;16482;9434;7048;365;-207;571
4505;30 tot 35 jaar;2019;69118.0;27752.0;29226.0;8937.0;3204.0;426;260;167;16840;9227;7613;16475;9438;7037;365;-211;576
4506;30 tot 35 jaar;2020;70148.0;28157.0;29669.0;9066.0;3259.0;428;261;167;16841;9226;7615;16548;9499;7050;294;-273;565
4507;30 tot 35 jaar;2021;70982.0;28518.0;30011.0;9158.0;3297.0;428;260;166;16816;9210;7606;16600;9540;7061;216;-330;545
4508;30 tot 35 jaar;2022;71602.0;28738.0;30290.0;9242.0;3332.0;426;260;165;16819;9211;7608;16630;9569;7063;189;-358;545
4509;30 tot 35 jaar;2023;72077.0;28879.0;30515.0;9319.0;3365.0;424;258;164;16816;9212;7604;16633;9573;7060;183;-361;545
4510;30 tot 35 jaar;2024;72376.0;28958.0;30656.0;9371.0;3390.0;420;257;164;16819;9209;7610;16624;9572;7052;195;-363;558
4511;30 tot 35 jaar;2025;71993.0;28779.0;30509.0;9330.0;3377.0;414;252;162;16810;9201;7609;16540;9523;7016;270;-322;593
4512;30 tot 35 jaar;2026;71488.0;28570.0;30300.0;9264.0;3356.0;405;247;158;16806;9199;7607;16464;9483;6982;342;-284;625
4513;30 tot 35 jaar;2027;71355.0;28534.0;30232.0;9240.0;3349.0;398;243;155;16805;9201;7604;16407;9445;6962;398;-244;642
4514;30 tot 35 jaar;2028;71644.0;28705.0;30328.0;9257.0;3354.0;397;242;154;16801;9197;7604;16391;9435;6955;410;-238;649
4515;30 tot 35 jaar;2029;72005.0;28899.0;30463.0;9282.0;3362.0;392;239;152;16789;9190;7599;16377;9429;6947;412;-239;652
4516;30 tot 35 jaar;2030;72954.0;29305.0;30857.0;9392.0;3400.0;392;239;151;16774;9178;7596;16413;9449;6963;361;-271;633
4517;30 tot 35 jaar;2031;73708.0;29569.0;31197.0;9502.0;3444.0;390;239;152;16771;9174;7597;16423;9452;6972;348;-278;625
4518;30 tot 35 jaar;2032;74097.0;29671.0;31385.0;9570.0;3472.0;388;238;151;16768;9169;7599;16418;9450;6968;350;-281;631
4519;30 tot 35 jaar;2033;74100.0;29637.0;31402.0;9583.0;3479.0;384;236;149;16760;9166;7594;16391;9433;6959;369;-267;635
4520;30 tot 35 jaar;2034;73653.0;29407.0;31234.0;9544.0;3468.0;378;232;147;16750;9159;7591;16321;9387;6932;429;-228;659
4521;30 tot 35 jaar;2035;72552.0;28938.0;30781.0;9410.0;3420.0;368;225;143;16748;9155;7593;16207;9318;6889;541;-163;704
4522;30 tot 35 jaar;2036;71487.0;28494.0;30337.0;9279.0;3374.0;358;218;140;16733;9144;7589;16105;9255;6849;628;-111;740
4523;30 tot 35 jaar;2037;70451.0;28091.0;29891.0;9144.0;3327.0;349;213;136;16729;9145;7584;15992;9181;6810;737;-36;774
4524;30 tot 35 jaar;2038;69790.0;27891.0;29581.0;9034.0;3283.0;339;208;131;16723;9142;7581;15918;9133;6784;805;9;797
4525;30 tot 35 jaar;2039;69265.0;27709.0;29349.0;8953.0;3252.0;332;204;129;16712;9133;7579;15854;9093;6760;858;40;819
4526;30 tot 35 jaar;2040;68922.0;27566.0;29209.0;8910.0;3237.0;327;200;127;16703;9124;7579;15803;9060;6744;900;64;835
4527;30 tot 35 jaar;2041;68677.0;27456.0;29112.0;8882.0;3227.0;321;196;125;16692;9114;7578;15761;9032;6729;931;82;849
4528;30 tot 35 jaar;2042;68516.0;27385.0;29043.0;8866.0;3221.0;317;194;123;16687;9112;7575;15740;9020;6722;947;92;853
4529;30 tot 35 jaar;2043;68226.0;27297.0;28910.0;8817.0;3203.0;312;190;120;16687;9110;7577;15709;8997;6711;978;113;866
4530;30 tot 35 jaar;2044;68132.0;27270.0;28865.0;8799.0;3196.0;307;188;120;16684;9107;7577;15699;8988;6711;985;119;866
4531;30 tot 35 jaar;2045;68190.0;27300.0;28886.0;8804.0;3199.0;303;186;117;16673;9098;7575;15705;8988;6716;968;110;859
4532;30 tot 35 jaar;2046;68321.0;27356.0;28940.0;8819.0;3203.0;298;183;117;16662;9093;7569;15725;8998;6726;939;95;843
4533;30 tot 35 jaar;2047;68513.0;27440.0;29019.0;8842.0;3212.0;298;182;116;16652;9086;7566;15747;9009;6738;905;77;828
4534;30 tot 35 jaar;2048;68743.0;27539.0;29113.0;8870.0;3220.0;293;180;115;16650;9083;7567;15777;9024;6751;873;59;816
4535;30 tot 35 jaar;2049;69032.0;27658.0;29236.0;8905.0;3233.0;292;178;113;16641;9074;7567;15814;9045;6769;827;29;798
4536;35 tot 40 jaar;2008;39673.0;11054.0;16357.0;8231.0;4030.0;835;497;339;13094;7329;5765;13504;7946;5556;-410;-617;209
4537;35 tot 40 jaar;2009;37197.0;10072.0;15503.0;7810.0;3813.0;787;466;319;12078;6807;5271;13458;7922;5535;-1380;-1115;-264
4538;35 tot 40 jaar;2010;35016.0;9566.0;14745.0;6997.0;3708.0;736;436;301;11949;6747;5202;13099;7716;5383;-1150;-969;-181
4539;35 tot 40 jaar;2011;33677.0;9213.0;14284.0;6596.0;3584.0;693;410;283;11945;6765;5180;12675;7470;5204;-730;-705;-24
4540;35 tot 40 jaar;2012;32780.0;8975.0;13905.0;6376.0;3523.0;656;388;269;12017;6825;5192;12249;7216;5031;-232;-391;161
4541;35 tot 40 jaar;2013;32526.0;8907.0;13816.0;6265.0;3536.0;635;375;259;11951;6796;5155;11956;7030;4926;-5;-234;229
4542;35 tot 40 jaar;2014;32281.0;8767.0;13731.0;6283.0;3501.0;618;366;252;11879;6764;5115;11701;6871;4827;178;-107;288
4543;35 tot 40 jaar;2015;32575.0;8780.0;13851.0;6392.0;3551.0;612;362;249;11817;6734;5083;11603;6814;4790;214;-80;293
4544;35 tot 40 jaar;2016;32649.0;8771.0;13881.0;6402.0;3593.0;605;356;248;11791;6721;5070;11619;6827;4794;172;-106;276
4545;35 tot 40 jaar;2017;32487.0;8703.0;13817.0;6349.0;3617.0;598;353;245;11763;6709;5054;11682;6873;4810;81;-164;244
4546;35 tot 40 jaar;2018;32171.0;8581.0;13687.0;6284.0;3618.0;589;348;241;11732;6693;5039;11713;6903;4812;19;-210;227
4547;35 tot 40 jaar;2019;32157.0;8568.0;13686.0;6277.0;3627.0;583;344;238;11714;6684;5030;11776;6950;4825;-62;-266;205
4548;35 tot 40 jaar;2020;32384.0;8683.0;13769.0;6286.0;3644.0;574;340;236;11713;6682;5031;11791;6967;4824;-78;-285;207
4549;35 tot 40 jaar;2021;32830.0;8814.0;13975.0;6357.0;3684.0;570;336;234;11698;6674;5024;11816;6991;4825;-118;-317;199
4550;35 tot 40 jaar;2022;33294.0;8952.0;14169.0;6433.0;3740.0;569;335;233;11701;6673;5028;11837;7010;4827;-136;-337;201
4551;35 tot 40 jaar;2023;33732.0;9091.0;14344.0;6498.0;3798.0;570;336;234;11704;6675;5029;11863;7028;4833;-159;-353;197
4552;35 tot 40 jaar;2024;34137.0;9211.0;14515.0;6564.0;3848.0;570;336;232;11713;6678;5035;11876;7040;4838;-163;-362;197
4553;35 tot 40 jaar;2025;34683.0;9329.0;14767.0;6672.0;3913.0;571;338;234;11711;6674;5037;11932;7080;4853;-221;-406;184
4554;35 tot 40 jaar;2026;35117.0;9451.0;14951.0;6753.0;3961.0;571;339;232;11715;6677;5038;11973;7110;4863;-258;-433;175
4555;35 tot 40 jaar;2027;35351.0;9512.0;15045.0;6794.0;3998.0;568;336;232;11713;6673;5040;11997;7128;4870;-284;-455;170
4556;35 tot 40 jaar;2028;35488.0;9547.0;15097.0;6815.0;4028.0;567;336;231;11714;6673;5041;12010;7136;4874;-296;-463;167
4557;35 tot 40 jaar;2029;35577.0;9564.0;15138.0;6830.0;4047.0;564;333;229;11714;6672;5042;12009;7137;4871;-295;-465;171
4558;35 tot 40 jaar;2030;35347.0;9492.0;15040.0;6784.0;4028.0;555;328;225;11707;6667;5040;11956;7103;4852;-249;-436;188
4559;35 tot 40 jaar;2031;35092.0;9425.0;14930.0;6733.0;4004.0;544;323;220;11701;6659;5042;11911;7079;4833;-210;-420;209
4560;35 tot 40 jaar;2032;35081.0;9425.0;14931.0;6727.0;3999.0;536;319;217;11693;6654;5039;11880;7055;4825;-187;-401;214
4561;35 tot 40 jaar;2033;35337.0;9498.0;15048.0;6776.0;4016.0;530;315;216;11688;6648;5040;11881;7057;4824;-193;-409;216
4562;35 tot 40 jaar;2034;35592.0;9567.0;15161.0;6827.0;4037.0;525;313;213;11680;6642;5038;11883;7060;4824;-203;-418;214
4563;35 tot 40 jaar;2035;36104.0;9707.0;15382.0;6925.0;4088.0;526;313;212;11677;6639;5038;11924;7086;4838;-247;-447;200
4564;35 tot 40 jaar;2036;36383.0;9779.0;15495.0;6978.0;4130.0;525;312;212;11667;6632;5035;11948;7100;4850;-281;-468;185
4565;35 tot 40 jaar;2037;36468.0;9796.0;15528.0;6992.0;4153.0;523;312;210;11667;6632;5035;11960;7108;4853;-293;-476;182
4566;35 tot 40 jaar;2038;36410.0;9779.0;15500.0;6978.0;4154.0;517;308;209;11662;6629;5033;11946;7101;4848;-284;-472;185
4567;35 tot 40 jaar;2039;36099.0;9690.0;15363.0;6916.0;4130.0;508;302;205;11660;6625;5035;11907;7071;4835;-247;-446;200
4568;35 tot 40 jaar;2040;35510.0;9529.0;15107.0;6802.0;4071.0;495;294;201;11658;6624;5034;11832;7024;4808;-174;-400;226
4569;35 tot 40 jaar;2041;34975.0;9385.0;14880.0;6696.0;4015.0;482;287;195;11652;6615;5037;11764;6980;4785;-112;-365;252
4570;35 tot 40 jaar;2042;34503.0;9259.0;14682.0;6605.0;3958.0;469;280;189;11650;6614;5036;11689;6929;4761;-39;-315;275
4571;35 tot 40 jaar;2043;34320.0;9217.0;14610.0;6571.0;3921.0;458;273;185;11652;6613;5039;11645;6900;4745;7;-287;294
4572;35 tot 40 jaar;2044;34111.0;9162.0;14523.0;6534.0;3892.0;448;266;181;11648;6610;5038;11609;6876;4731;39;-266;307
4573;35 tot 40 jaar;2045;33926.0;9113.0;14443.0;6499.0;3871.0;439;263;179;11649;6609;5040;11585;6860;4724;64;-251;316
4574;35 tot 40 jaar;2046;33792.0;9075.0;14386.0;6470.0;3858.0;433;257;175;11642;6603;5039;11564;6845;4718;78;-242;321
4575;35 tot 40 jaar;2047;33710.0;9054.0;14352.0;6453.0;3851.0;426;255;173;11641;6600;5041;11560;6846;4714;81;-246;327
4576;35 tot 40 jaar;2048;33619.0;9031.0;14316.0;6437.0;3835.0;420;251;170;11635;6598;5037;11544;6836;4709;91;-238;328
4577;35 tot 40 jaar;2049;33594.0;9026.0;14306.0;6433.0;3830.0;414;247;167;11632;6593;5039;11548;6838;4710;84;-245;329
4578;40 tot 45 jaar;2008;7846.0;1818.0;2934.0;1796.0;1297.0;1374;770;603;8992;5266;3726;10200;6370;3832;-1208;-1104;-106
4579;40 tot 45 jaar;2009;7696.0;1722.0;2736.0;1738.0;1500.0;1352;758;595;8370;4925;3445;10428;6529;3899;-2058;-1604;-454
4580;40 tot 45 jaar;2010;7969.0;1729.0;2828.0;1754.0;1658.0;1332;744;587;8306;4896;3410;10448;6528;3920;-2142;-1632;-510
4581;40 tot 45 jaar;2011;8225.0;1735.0;2903.0;1789.0;1800.0;1309;730;579;8305;4909;3396;10267;6387;3880;-1962;-1478;-484
4582;40 tot 45 jaar;2012;8284.0;1712.0;2989.0;1747.0;1836.0;1277;710;568;8369;4954;3415;9974;6176;3799;-1605;-1222;-384
4583;40 tot 45 jaar;2013;8215.0;1679.0;3010.0;1672.0;1853.0;1230;682;549;8323;4936;3387;9567;5905;3662;-1244;-969;-275
4584;40 tot 45 jaar;2014;7867.0;1604.0;2939.0;1521.0;1802.0;1161;642;520;8257;4907;3350;9140;5618;3521;-883;-711;-171
4585;40 tot 45 jaar;2015;7661.0;1569.0;2914.0;1407.0;1773.0;1090;602;489;8200;4878;3322;8768;5383;3383;-568;-505;-61
4586;40 tot 45 jaar;2016;7505.0;1578.0;2890.0;1307.0;1729.0;1027;568;460;8164;4860;3304;8528;5240;3286;-364;-380;18
4587;40 tot 45 jaar;2017;7375.0;1572.0;2823.0;1261.0;1719.0;975;538;436;8127;4844;3283;8369;5147;3222;-242;-303;61
4588;40 tot 45 jaar;2018;7360.0;1595.0;2812.0;1226.0;1727.0;942;521;421;8097;4827;3270;8313;5112;3201;-216;-285;69
4589;40 tot 45 jaar;2019;7317.0;1605.0;2778.0;1192.0;1743.0;919;508;411;8074;4815;3259;8277;5092;3186;-203;-277;73
4590;40 tot 45 jaar;2020;7360.0;1605.0;2780.0;1203.0;1770.0;908;503;406;8068;4812;3256;8309;5110;3199;-241;-298;57
4591;40 tot 45 jaar;2021;7354.0;1597.0;2770.0;1193.0;1793.0;898;496;402;8055;4806;3249;8352;5131;3218;-297;-325;31
4592;40 tot 45 jaar;2022;7277.0;1569.0;2744.0;1166.0;1797.0;888;492;397;8059;4807;3252;8392;5157;3235;-333;-350;17
4593;40 tot 45 jaar;2023;7166.0;1520.0;2706.0;1146.0;1796.0;874;483;392;8057;4804;3253;8409;5170;3240;-352;-366;13
4594;40 tot 45 jaar;2024;7181.0;1526.0;2710.0;1141.0;1803.0;864;477;387;8066;4810;3256;8456;5201;3255;-390;-391;1
4595;40 tot 45 jaar;2025;7313.0;1609.0;2743.0;1140.0;1821.0;852;470;381;8065;4808;3257;8465;5208;3258;-400;-400;-1
4596;40 tot 45 jaar;2026;7458.0;1648.0;2808.0;1153.0;1849.0;844;467;377;8064;4804;3260;8489;5222;3266;-425;-418;-6
4597;40 tot 45 jaar;2027;7574.0;1678.0;2852.0;1165.0;1879.0;845;468;377;8066;4806;3260;8513;5238;3275;-447;-432;-15
4598;40 tot 45 jaar;2028;7667.0;1700.0;2888.0;1171.0;1905.0;848;471;377;8066;4805;3261;8539;5256;3283;-473;-451;-22
4599;40 tot 45 jaar;2029;7754.0;1721.0;2923.0;1181.0;1928.0;847;470;376;8062;4802;3260;8559;5267;3294;-497;-465;-33
4600;40 tot 45 jaar;2030;7889.0;1747.0;2976.0;1201.0;1964.0;850;473;376;8059;4800;3259;8610;5299;3310;-551;-499;-51
4601;40 tot 45 jaar;2031;7987.0;1770.0;3014.0;1212.0;1992.0;849;473;375;8054;4795;3259;8642;5319;3324;-588;-524;-65
4602;40 tot 45 jaar;2032;8026.0;1775.0;3027.0;1213.0;2009.0;846;473;374;8048;4790;3258;8668;5333;3334;-620;-543;-76
4603;40 tot 45 jaar;2033;8039.0;1775.0;3034.0;1210.0;2021.0;843;471;372;8049;4788;3261;8683;5341;3341;-634;-553;-80
4604;40 tot 45 jaar;2034;8044.0;1770.0;3039.0;1209.0;2027.0;839;467;370;8036;4778;3258;8691;5346;3346;-655;-568;-88
4605;40 tot 45 jaar;2035;7983.0;1754.0;3017.0;1198.0;2015.0;825;462;364;8033;4775;3258;8663;5324;3337;-630;-549;-79
4606;40 tot 45 jaar;2036;7923.0;1738.0;2996.0;1187.0;2004.0;810;453;358;8029;4772;3257;8636;5308;3329;-607;-536;-72
4607;40 tot 45 jaar;2037;7927.0;1738.0;2999.0;1186.0;2004.0;798;446;351;8025;4769;3256;8622;5295;3328;-597;-526;-72
4608;40 tot 45 jaar;2038;8003.0;1758.0;3029.0;1197.0;2020.0;791;444;347;8021;4767;3254;8631;5301;3331;-610;-534;-77
4609;40 tot 45 jaar;2039;8070.0;1772.0;3055.0;1206.0;2035.0;783;438;343;8019;4765;3254;8643;5307;3336;-624;-542;-82
4610;40 tot 45 jaar;2040;8191.0;1800.0;3102.0;1225.0;2064.0;783;439;343;8019;4764;3255;8682;5330;3353;-663;-566;-98
4611;40 tot 45 jaar;2041;8238.0;1808.0;3118.0;1230.0;2081.0;780;437;342;8019;4765;3254;8709;5343;3365;-690;-578;-111
4612;40 tot 45 jaar;2042;8239.0;1807.0;3119.0;1226.0;2086.0;776;437;340;8018;4763;3255;8726;5355;3372;-708;-592;-117
4613;40 tot 45 jaar;2043;8216.0;1799.0;3110.0;1222.0;2082.0;769;431;337;8015;4761;3254;8729;5353;3376;-714;-592;-122
4614;40 tot 45 jaar;2044;8130.0;1779.0;3079.0;1208.0;2064.0;757;425;332;8010;4756;3254;8709;5338;3368;-699;-582;-114
4615;40 tot 45 jaar;2045;7988.0;1748.0;3023.0;1185.0;2031.0;737;414;324;8009;4754;3255;8662;5307;3355;-653;-553;-100
4616;40 tot 45 jaar;2046;7865.0;1720.0;2979.0;1165.0;2002.0;719;403;315;8004;4752;3252;8624;5283;3342;-620;-531;-90
4617;40 tot 45 jaar;2047;7766.0;1699.0;2942.0;1151.0;1974.0;699;394;306;8001;4750;3251;8582;5252;3331;-581;-502;-80
4618;40 tot 45 jaar;2048;7745.0;1697.0;2935.0;1148.0;1964.0;682;384;298;7995;4747;3248;8558;5234;3325;-563;-487;-77
4619;40 tot 45 jaar;2049;7706.0;1688.0;2920.0;1143.0;1953.0;668;376;293;7997;4747;3250;8545;5226;3318;-548;-479;-68
4620;45 tot 50 jaar;2008;286.0;83.0;78.0;41.0;87.0;2360;1276;1085;5999;3546;2453;7357;4679;2677;-1358;-1133;-224
4621;45 tot 50 jaar;2009;280.0;65.0;71.0;49.0;96.0;2360;1276;1084;5611;3327;2284;7655;4900;2752;-2044;-1573;-468
4622;45 tot 50 jaar;2010;297.0;65.0;74.0;63.0;96.0;2351;1272;1081;5573;3309;2264;7726;4964;2762;-2153;-1655;-498
4623;45 tot 50 jaar;2011;303.0;64.0;75.0;71.0;92.0;2323;1255;1067;5564;3311;2253;7675;4944;2731;-2111;-1633;-478
4624;45 tot 50 jaar;2012;349.0;62.0;74.0;98.0;116.0;2289;1237;1052;5605;3349;2256;7549;4859;2690;-1944;-1510;-434
4625;45 tot 50 jaar;2013;366.0;55.0;80.0;107.0;124.0;2247;1212;1036;5582;3338;2244;7389;4742;2646;-1807;-1404;-402
4626;45 tot 50 jaar;2014;457.0;58.0;92.0;134.0;173.0;2212;1191;1020;5530;3312;2218;7243;4641;2601;-1713;-1329;-383
4627;45 tot 50 jaar;2015;473.0;58.0;94.0;135.0;188.0;2179;1170;1009;5491;3289;2202;7140;4562;2579;-1649;-1273;-377
4628;45 tot 50 jaar;2016;489.0;65.0;93.0;132.0;199.0;2143;1149;994;5459;3273;2186;7063;4502;2560;-1604;-1229;-374
4629;45 tot 50 jaar;2017;453.0;57.0;100.0;110.0;186.0;2097;1121;977;5433;3259;2174;6982;4439;2544;-1549;-1180;-370
4630;45 tot 50 jaar;2018;430.0;60.0;97.0;92.0;180.0;2022;1079;945;5406;3246;2160;6839;4343;2497;-1433;-1097;-337
4631;45 tot 50 jaar;2019;418.0;59.0;97.0;86.0;177.0;1911;1018;894;5385;3233;2152;6661;4223;2440;-1276;-990;-288
4632;45 tot 50 jaar;2020;396.0;60.0;93.0;71.0;172.0;1794;953;842;5381;3230;2151;6481;4106;2375;-1100;-876;-224
4633;45 tot 50 jaar;2021;397.0;62.0;90.0;71.0;173.0;1692;898;795;5377;3230;2147;6341;4020;2320;-964;-790;-173
4634;45 tot 50 jaar;2022;386.0;57.0;84.0;73.0;172.0;1605;852;751;5376;3229;2147;6231;3955;2275;-855;-726;-128
4635;45 tot 50 jaar;2023;393.0;60.0;90.0;68.0;176.0;1554;825;728;5380;3229;2151;6191;3928;2260;-811;-699;-109
4636;45 tot 50 jaar;2024;390.0;60.0;87.0;66.0;178.0;1515;805;709;5385;3232;2153;6163;3912;2250;-778;-680;-97
4637;45 tot 50 jaar;2025;392.0;58.0;87.0;67.0;180.0;1497;797;700;5385;3230;2155;6183;3922;2262;-798;-692;-107
4638;45 tot 50 jaar;2026;393.0;58.0;87.0;66.0;182.0;1481;787;693;5391;3232;2159;6209;3935;2275;-818;-703;-116
4639;45 tot 50 jaar;2027;383.0;56.0;85.0;63.0;181.0;1465;779;685;5390;3230;2160;6230;3945;2285;-840;-715;-125
4640;45 tot 50 jaar;2028;377.0;54.0;84.0;61.0;178.0;1443;769;674;5394;3231;2163;6239;3949;2288;-845;-718;-125
4641;45 tot 50 jaar;2029;386.0;58.0;86.0;62.0;181.0;1428;762;667;5388;3227;2161;6268;3969;2298;-880;-742;-137
4642;45 tot 50 jaar;2030;401.0;66.0;89.0;61.0;184.0;1407;751;656;5384;3225;2159;6280;3976;2305;-896;-751;-146
4643;45 tot 50 jaar;2031;405.0;61.0;91.0;63.0;189.0;1394;746;648;5382;3221;2161;6300;3988;2312;-918;-767;-151
4644;45 tot 50 jaar;2032;407.0;61.0;91.0;64.0;192.0;1395;748;647;5380;3221;2159;6325;4003;2322;-945;-782;-163
4645;45 tot 50 jaar;2033;409.0;62.0;92.0;63.0;193.0;1398;750;648;5376;3216;2160;6352;4019;2333;-976;-803;-173
4646;45 tot 50 jaar;2034;418.0;67.0;94.0;62.0;197.0;1399;752;648;5375;3216;2159;6373;4029;2343;-998;-813;-184
4647;45 tot 50 jaar;2035;429.0;68.0;97.0;60.0;205.0;1404;755;649;5373;3214;2159;6414;4056;2358;-1041;-842;-199
4648;45 tot 50 jaar;2036;427.0;62.0;97.0;59.0;208.0;1403;757;647;5371;3212;2159;6446;4075;2372;-1075;-863;-213
4649;45 tot 50 jaar;2037;423.0;60.0;96.0;59.0;207.0;1397;754;645;5367;3209;2158;6468;4088;2381;-1101;-879;-223
4650;45 tot 50 jaar;2038;421.0;59.0;96.0;58.0;207.0;1393;752;641;5365;3207;2158;6485;4096;2388;-1120;-889;-230
4651;45 tot 50 jaar;2039;421.0;59.0;96.0;56.0;208.0;1387;748;638;5371;3210;2161;6499;4104;2397;-1128;-894;-236
4652;45 tot 50 jaar;2040;415.0;57.0;94.0;54.0;207.0;1363;736;627;5364;3206;2158;6485;4092;2393;-1121;-886;-235
4653;45 tot 50 jaar;2041;411.0;56.0;94.0;54.0;205.0;1339;724;615;5366;3203;2163;6476;4086;2390;-1110;-883;-227
4654;45 tot 50 jaar;2042;414.0;56.0;95.0;53.0;206.0;1319;714;605;5366;3201;2165;6474;4082;2393;-1108;-881;-228
4655;45 tot 50 jaar;2043;420.0;57.0;97.0;54.0;211.0;1306;707;598;5364;3201;2163;6490;4092;2400;-1126;-891;-237
4656;45 tot 50 jaar;2044;423.0;57.0;97.0;53.0;213.0;1292;700;592;5370;3204;2166;6507;4102;2406;-1137;-898;-240
4657;45 tot 50 jaar;2045;429.0;58.0;99.0;54.0;216.0;1291;699;591;5367;3202;2165;6545;4125;2421;-1178;-923;-256
4658;45 tot 50 jaar;2046;427.0;57.0;99.0;53.0;217.0;1289;699;590;5364;3199;2165;6576;4142;2433;-1212;-943;-268
4659;45 tot 50 jaar;2047;425.0;58.0;100.0;53.0;216.0;1283;696;588;5365;3200;2165;6599;4158;2442;-1234;-958;-277
4660;45 tot 50 jaar;2048;424.0;58.0;98.0;52.0;215.0;1270;690;582;5361;3197;2164;6611;4163;2448;-1250;-966;-284
4661;45 tot 50 jaar;2049;415.0;57.0;96.0;51.0;210.0;1248;677;571;5362;3197;2165;6608;4162;2447;-1246;-965;-282
4662;50 tot 55 jaar;2008;;;;;;3610;1988;1621;3845;2292;1553;5053;3128;1925;-1208;-836;-372
4663;50 tot 55 jaar;2009;;;;;;3615;1981;1634;3637;2171;1466;5264;3283;1982;-1627;-1112;-516
4664;50 tot 55 jaar;2010;;;;;;3621;1978;1643;3622;2163;1459;5424;3403;2021;-1802;-1240;-562
4665;50 tot 55 jaar;2011;;;;;;3625;1972;1656;3628;2172;1456;5466;3436;2031;-1838;-1264;-575
4666;50 tot 55 jaar;2012;;;;;;3629;1965;1664;3666;2197;1469;5489;3460;2031;-1823;-1263;-562
4667;50 tot 55 jaar;2013;;;;;;3631;1959;1672;3645;2185;1460;5498;3471;2028;-1853;-1286;-568
4668;50 tot 55 jaar;2014;;;;;;3623;1949;1675;3618;2174;1444;5506;3478;2028;-1888;-1304;-584
4669;50 tot 55 jaar;2015;;;;;;3605;1931;1673;3582;2155;1427;5499;3482;2018;-1917;-1327;-591
4670;50 tot 55 jaar;2016;;;;;;3558;1900;1656;3557;2139;1418;5504;3495;2009;-1947;-1356;-591
4671;50 tot 55 jaar;2017;;;;;;3500;1864;1637;3531;2125;1406;5511;3500;2011;-1980;-1375;-605
4672;50 tot 55 jaar;2018;;;;;;3434;1821;1612;3505;2109;1396;5516;3499;2014;-2011;-1390;-618
4673;50 tot 55 jaar;2019;;;;;;3380;1787;1593;3494;2104;1390;5521;3502;2020;-2027;-1398;-630
4674;50 tot 55 jaar;2020;;;;;;3331;1752;1578;3489;2100;1389;5529;3496;2031;-2040;-1396;-642
4675;50 tot 55 jaar;2021;;;;;;3273;1717;1558;3489;2100;1389;5516;3481;2037;-2027;-1381;-648
4676;50 tot 55 jaar;2022;;;;;;3200;1669;1529;3492;2101;1391;5480;3447;2033;-1988;-1346;-642
4677;50 tot 55 jaar;2023;;;;;;3082;1603;1478;3495;2102;1393;5392;3389;2003;-1897;-1287;-610
4678;50 tot 55 jaar;2024;;;;;;2913;1512;1401;3497;2104;1393;5265;3304;1962;-1768;-1200;-569
4679;50 tot 55 jaar;2025;;;;;;2739;1419;1321;3496;2104;1392;5133;3219;1915;-1637;-1115;-523
4680;50 tot 55 jaar;2026;;;;;;2587;1340;1248;3498;2104;1394;5025;3152;1874;-1527;-1048;-480
4681;50 tot 55 jaar;2027;;;;;;2459;1274;1187;3501;2103;1398;4945;3101;1842;-1444;-998;-444
4682;50 tot 55 jaar;2028;;;;;;2384;1235;1151;3500;2103;1397;4918;3084;1834;-1418;-981;-437
4683;50 tot 55 jaar;2029;;;;;;2327;1204;1123;3500;2102;1398;4902;3072;1830;-1402;-970;-432
4684;50 tot 55 jaar;2030;;;;;;2304;1194;1112;3500;2098;1402;4925;3085;1841;-1425;-987;-439
4685;50 tot 55 jaar;2031;;;;;;2282;1180;1102;3499;2099;1400;4951;3096;1856;-1452;-997;-456
4686;50 tot 55 jaar;2032;;;;;;2257;1167;1091;3498;2097;1401;4980;3112;1869;-1482;-1015;-468
4687;50 tot 55 jaar;2033;;;;;;2224;1149;1075;3496;2097;1399;4998;3121;1878;-1502;-1024;-479
4688;50 tot 55 jaar;2034;;;;;;2202;1140;1064;3497;2095;1402;5031;3138;1892;-1534;-1043;-490
4689;50 tot 55 jaar;2035;186379.0;83675.0;69936.0;21879.0;10889.0;2170;1122;1048;3494;2093;1401;5051;3151;1901;-1557;-1058;-500
4690;50 tot 55 jaar;2036;;;;;;2154;1112;1040;3498;2096;1402;5082;3167;1913;-1584;-1071;-511
4691;50 tot 55 jaar;2037;;;;;;2155;1114;1040;3500;2095;1405;5123;3193;1930;-1623;-1098;-525
4692;50 tot 55 jaar;2038;;;;;;2159;1116;1043;3496;2092;1404;5163;3214;1948;-1667;-1122;-544
4693;50 tot 55 jaar;2039;;;;;;2160;1116;1043;3491;2089;1402;5199;3235;1963;-1708;-1146;-561
4694;50 tot 55 jaar;2040;;;;;;2166;1120;1046;3496;2092;1404;5250;3267;1984;-1754;-1175;-580
4695;50 tot 55 jaar;2041;;;;;;2162;1117;1045;3495;2089;1406;5291;3290;2001;-1796;-1201;-595
4696;50 tot 55 jaar;2042;;;;;;2152;1110;1042;3492;2087;1405;5329;3312;2018;-1837;-1225;-613
4697;50 tot 55 jaar;2043;;;;;;2142;1103;1040;3493;2087;1406;5362;3330;2033;-1869;-1243;-627
4698;50 tot 55 jaar;2044;;;;;;2128;1096;1033;3495;2086;1409;5390;3344;2047;-1895;-1258;-638
4699;50 tot 55 jaar;2045;;;;;;2092;1075;1017;3495;2085;1410;5396;3344;2052;-1901;-1259;-642
4700;50 tot 55 jaar;2046;;;;;;2053;1056;999;3494;2085;1409;5403;3350;2053;-1909;-1265;-644
4701;50 tot 55 jaar;2047;;;;;;2022;1037;985;3492;2084;1408;5418;3358;2061;-1926;-1274;-653
4702;50 tot 55 jaar;2048;;;;;;2000;1024;975;3497;2086;1411;5448;3374;2075;-1951;-1288;-664
4703;50 tot 55 jaar;2049;;;;;;1978;1013;966;3497;2087;1410;5482;3396;2087;-1985;-1309;-677
4704;55 tot 60 jaar;2008;;;;;;5368;3098;2269;2509;1450;1059;3800;2287;1513;-1291;-837;-454
4705;55 tot 60 jaar;2009;;;;;;5285;3029;2256;2443;1405;1038;3879;2331;1550;-1436;-926;-512
4706;55 tot 60 jaar;2010;;;;;;5238;2980;2257;2458;1413;1045;3915;2350;1566;-1457;-937;-521
4707;55 tot 60 jaar;2011;;;;;;5225;2953;2271;2462;1418;1044;3955;2372;1584;-1493;-954;-540
4708;55 tot 60 jaar;2012;;;;;;5190;2913;2276;2516;1449;1067;3961;2372;1590;-1445;-923;-523
4709;55 tot 60 jaar;2013;;;;;;5186;2893;2291;2501;1442;1059;3972;2380;1592;-1471;-938;-533
4710;55 tot 60 jaar;2014;;;;;;5195;2883;2313;2473;1427;1046;3991;2392;1599;-1518;-965;-553
4711;55 tot 60 jaar;2015;;;;;;5203;2874;2329;2440;1410;1030;4051;2438;1612;-1611;-1028;-582
4712;55 tot 60 jaar;2016;;;;;;5211;2864;2349;2406;1392;1014;4118;2481;1637;-1712;-1089;-623
4713;55 tot 60 jaar;2017;;;;;;5219;2854;2365;2375;1376;999;4202;2540;1663;-1827;-1164;-664
4714;55 tot 60 jaar;2018;;;;;;5225;2846;2378;2348;1361;987;4289;2596;1692;-1941;-1235;-705
4715;55 tot 60 jaar;2019;;;;;;5217;2833;2384;2330;1352;978;4371;2651;1721;-2041;-1299;-743
4716;55 tot 60 jaar;2020;;;;;;5196;2813;2382;2321;1346;975;4419;2686;1735;-2098;-1340;-760
4717;55 tot 60 jaar;2021;;;;;;5131;2772;2358;2316;1345;971;4447;2706;1742;-2131;-1361;-771
4718;55 tot 60 jaar;2022;;;;;;5056;2726;2329;2320;1348;972;4463;2715;1748;-2143;-1367;-776
4719;55 tot 60 jaar;2023;;;;;;4966;2669;2296;2321;1348;973;4475;2719;1757;-2154;-1371;-784
4720;55 tot 60 jaar;2024;;;;;;4896;2625;2271;2322;1347;975;4488;2725;1762;-2166;-1378;-787
4721;55 tot 60 jaar;2025;;;;;;4831;2584;2248;2324;1348;976;4502;2729;1773;-2178;-1381;-797
4722;55 tot 60 jaar;2026;;;;;;4757;2539;2219;2326;1350;976;4503;2719;1783;-2177;-1369;-807
4723;55 tot 60 jaar;2027;;;;;;4656;2478;2178;2329;1351;978;4480;2699;1781;-2151;-1348;-803
4724;55 tot 60 jaar;2028;;;;;;4493;2388;2105;2330;1350;980;4411;2653;1757;-2081;-1303;-777
4725;55 tot 60 jaar;2029;;;;;;4253;2256;1997;2327;1348;979;4315;2590;1726;-1988;-1242;-747
4726;55 tot 60 jaar;2030;;;;;;4005;2123;1883;2324;1346;978;4210;2522;1688;-1886;-1176;-710
4727;55 tot 60 jaar;2031;;;;;;3787;2005;1782;2320;1344;976;4130;2475;1656;-1810;-1131;-680
4728;55 tot 60 jaar;2032;;;;;;3603;1907;1695;2319;1344;975;4070;2440;1631;-1751;-1096;-656
4729;55 tot 60 jaar;2033;;;;;;3494;1851;1645;2314;1341;973;4055;2428;1627;-1741;-1087;-654
4730;55 tot 60 jaar;2034;;;;;;3412;1806;1606;2309;1338;971;4050;2424;1625;-1741;-1086;-654
4731;55 tot 60 jaar;2035;;;;;;3378;1785;1592;2309;1337;972;4077;2438;1639;-1768;-1101;-667
4732;55 tot 60 jaar;2036;;;;;;3343;1764;1579;2306;1334;972;4107;2452;1654;-1801;-1118;-682
4733;55 tot 60 jaar;2037;;;;;;3305;1742;1564;2302;1332;970;4135;2468;1668;-1833;-1136;-698
4734;55 tot 60 jaar;2038;;;;;;3255;1714;1541;2301;1330;971;4156;2478;1676;-1855;-1148;-705
4735;55 tot 60 jaar;2039;;;;;;3220;1694;1527;2296;1327;969;4193;2498;1693;-1897;-1171;-724
4736;55 tot 60 jaar;2040;;;;;;3170;1665;1506;2295;1327;968;4220;2514;1707;-1925;-1187;-739
4737;55 tot 60 jaar;2041;;;;;;3143;1649;1496;2293;1325;968;4257;2537;1720;-1964;-1212;-752
4738;55 tot 60 jaar;2042;;;;;;3141;1648;1496;2292;1324;968;4299;2561;1739;-2007;-1237;-771
4739;55 tot 60 jaar;2043;;;;;;3147;1648;1499;2289;1322;967;4342;2587;1756;-2053;-1265;-789
4740;55 tot 60 jaar;2044;;;;;;3144;1643;1502;2291;1325;966;4382;2610;1771;-2091;-1285;-805
4741;55 tot 60 jaar;2045;;;;;;3152;1646;1506;2290;1325;965;4432;2641;1792;-2142;-1316;-827
4742;55 tot 60 jaar;2046;;;;;;3145;1640;1503;2286;1322;964;4479;2669;1810;-2193;-1347;-846
4743;55 tot 60 jaar;2047;;;;;;3128;1627;1501;2284;1322;962;4519;2692;1827;-2235;-1370;-865
4744;55 tot 60 jaar;2048;;;;;;3111;1617;1496;2283;1320;963;4555;2713;1841;-2272;-1393;-878
4745;55 tot 60 jaar;2049;;;;;;3091;1604;1488;2284;1322;962;4589;2733;1855;-2305;-1411;-893
4746;60 tot 65 jaar;2008;;;;;;8143;4921;3222;1554;892;662;2948;1831;1117;-1394;-939;-455
4747;60 tot 65 jaar;2009;;;;;;8291;4982;3310;1539;887;652;3050;1882;1169;-1511;-995;-517
4748;60 tot 65 jaar;2010;;;;;;8516;5088;3429;1554;892;662;3080;1887;1195;-1526;-995;-533
4749;60 tot 65 jaar;2011;;;;;;8114;4810;3303;1559;899;660;3004;1827;1177;-1445;-928;-517
4750;60 tot 65 jaar;2012;;;;;;7821;4607;3214;1594;921;673;2950;1782;1169;-1356;-861;-496
4751;60 tot 65 jaar;2013;;;;;;7630;4459;3170;1580;912;668;2907;1746;1163;-1327;-834;-495
4752;60 tot 65 jaar;2014;;;;;;7521;4366;3155;1567;905;662;2890;1727;1164;-1323;-822;-502
4753;60 tot 65 jaar;2015;;;;;;7462;4300;3162;1537;889;648;2890;1720;1172;-1353;-831;-524
4754;60 tot 65 jaar;2016;;;;;;7453;4267;3183;1513;873;640;2941;1744;1197;-1428;-871;-557
4755;60 tot 65 jaar;2017;;;;;;7414;4219;3195;1483;858;625;2991;1769;1222;-1508;-911;-597
4756;60 tot 65 jaar;2018;;;;;;7415;4197;3218;1458;845;613;3051;1805;1245;-1593;-960;-632
4757;60 tot 65 jaar;2019;;;;;;7439;4190;3250;1443;835;608;3112;1840;1271;-1669;-1005;-663
4758;60 tot 65 jaar;2020;;;;;;7461;4190;3272;1440;835;605;3187;1886;1301;-1747;-1051;-696
4759;60 tot 65 jaar;2021;;;;;;7489;4189;3300;1435;833;602;3245;1922;1323;-1810;-1089;-721
4760;60 tot 65 jaar;2022;;;;;;7512;4191;3322;1438;835;603;3311;1960;1350;-1873;-1125;-747
4761;60 tot 65 jaar;2023;;;;;;7535;4196;3338;1438;835;603;3369;1997;1371;-1931;-1162;-768
4762;60 tot 65 jaar;2024;;;;;;7540;4194;3346;1438;835;603;3435;2034;1400;-1997;-1199;-797
4763;60 tot 65 jaar;2025;;;;;;7525;4184;3341;1435;834;601;3463;2053;1410;-2028;-1219;-809
4764;60 tot 65 jaar;2026;;;;;;7447;4139;3307;1437;834;603;3480;2063;1415;-2043;-1229;-812
4765;60 tot 65 jaar;2027;;;;;;7353;4086;3267;1435;832;603;3482;2063;1419;-2047;-1231;-816
4766;60 tot 65 jaar;2028;;;;;;7236;4016;3221;1435;832;603;3493;2063;1428;-2058;-1231;-825
4767;60 tot 65 jaar;2029;;;;;;7147;3962;3186;1432;829;603;3503;2067;1436;-2071;-1238;-833
4768;60 tot 65 jaar;2030;;;;;;7061;3908;3154;1425;825;600;3514;2066;1448;-2089;-1241;-848
4769;60 tot 65 jaar;2031;;;;;;6961;3848;3113;1424;825;599;3509;2053;1456;-2085;-1228;-857
4770;60 tot 65 jaar;2032;;;;;;6819;3762;3057;1423;823;600;3492;2035;1457;-2069;-1212;-857
4771;60 tot 65 jaar;2033;;;;;;6582;3626;2955;1420;821;599;3436;1991;1442;-2016;-1170;-843
4772;60 tot 65 jaar;2034;;;;;;6230;3426;2804;1416;817;599;3361;1939;1422;-1945;-1122;-823
4773;60 tot 65 jaar;2035;;;;;;5867;3222;2645;1417;817;600;3277;1883;1395;-1860;-1066;-795
4774;60 tot 65 jaar;2036;;;;;;5545;3041;2505;1412;814;598;3213;1844;1372;-1801;-1030;-774
4775;60 tot 65 jaar;2037;;;;;;5274;2889;2384;1409;813;596;3166;1814;1352;-1757;-1001;-756
4776;60 tot 65 jaar;2038;;;;;;5112;2798;2313;1409;811;598;3151;1801;1350;-1742;-990;-752
4777;60 tot 65 jaar;2039;;;;;;4986;2723;2262;1409;811;598;3151;1798;1351;-1742;-987;-753
4778;60 tot 65 jaar;2040;;;;;;4932;2689;2240;1404;809;595;3172;1809;1362;-1768;-1000;-767
4779;60 tot 65 jaar;2041;;;;;;4874;2650;2224;1399;806;593;3198;1819;1379;-1799;-1013;-786
4780;60 tot 65 jaar;2042;;;;;;4816;2613;2202;1396;804;592;3222;1832;1390;-1826;-1028;-798
4781;60 tot 65 jaar;2043;;;;;;4738;2566;2173;1397;805;592;3243;1840;1403;-1846;-1035;-811
4782;60 tot 65 jaar;2044;;;;;;4680;2530;2150;1397;805;592;3274;1855;1418;-1877;-1050;-826
4783;60 tot 65 jaar;2045;;;;;;4607;2484;2123;1397;805;592;3298;1868;1430;-1901;-1063;-838
4784;60 tot 65 jaar;2046;;;;;;4565;2458;2108;1392;802;590;3331;1887;1445;-1939;-1085;-855
4785;60 tot 65 jaar;2047;;;;;;4559;2450;2108;1390;803;587;3369;1909;1460;-1979;-1106;-873
4786;60 tot 65 jaar;2048;;;;;;4565;2450;2115;1389;803;586;3403;1931;1474;-2014;-1128;-888
4787;60 tot 65 jaar;2049;;;;;;4559;2442;2119;1387;801;586;3437;1948;1487;-2050;-1147;-901
4788;65 tot 70 jaar;2008;;;;;;9436;5819;3618;977;522;455;1881;1151;730;-904;-629;-275
4789;65 tot 70 jaar;2009;;;;;;9615;5900;3712;982;526;456;1956;1193;763;-974;-667;-307
4790;65 tot 70 jaar;2010;;;;;;9647;5888;3758;993;538;455;1981;1201;778;-988;-663;-323
4791;65 tot 70 jaar;2011;;;;;;10397;6309;4088;998;540;458;2118;1284;836;-1120;-744;-378
4792;65 tot 70 jaar;2012;;;;;;11022;6643;4380;1024;556;468;2212;1336;876;-1188;-780;-408
4793;65 tot 70 jaar;2013;;;;;;11406;6834;4573;1014;547;467;2255;1362;893;-1241;-815;-426
4794;65 tot 70 jaar;2014;;;;;;11641;6934;4707;1005;542;463;2260;1361;901;-1255;-819;-438
4795;65 tot 70 jaar;2015;;;;;;11990;7103;4887;987;530;457;2272;1361;912;-1285;-831;-455
4796;65 tot 70 jaar;2016;;;;;;11449;6738;4710;970;521;449;2242;1334;907;-1272;-813;-458
4797;65 tot 70 jaar;2017;;;;;;11059;6476;4585;952;511;441;2243;1327;917;-1291;-816;-476
4798;65 tot 70 jaar;2018;;;;;;10813;6292;4521;935;501;434;2253;1326;927;-1318;-825;-493
4799;65 tot 70 jaar;2019;;;;;;10684;6185;4499;925;496;429;2280;1335;945;-1355;-839;-516
4800;65 tot 70 jaar;2020;;;;;;10630;6122;4508;921;495;426;2311;1349;961;-1390;-854;-535
4801;65 tot 70 jaar;2021;;;;;;10646;6108;4538;919;493;426;2365;1380;987;-1446;-887;-561
4802;65 tot 70 jaar;2022;;;;;;10621;6071;4549;919;493;426;2414;1403;1010;-1495;-910;-584
4803;65 tot 70 jaar;2023;;;;;;10655;6074;4581;917;493;424;2469;1437;1032;-1552;-944;-608
4804;65 tot 70 jaar;2024;;;;;;10723;6100;4623;919;495;424;2526;1474;1052;-1607;-979;-628
4805;65 tot 70 jaar;2025;;;;;;10789;6136;4653;918;494;424;2593;1514;1078;-1675;-1020;-654
4806;65 tot 70 jaar;2026;;;;;;10861;6169;4694;918;494;424;2645;1547;1100;-1727;-1053;-676
4807;65 tot 70 jaar;2027;;;;;;10927;6202;4723;918;495;423;2709;1586;1125;-1791;-1091;-702
4808;65 tot 70 jaar;2028;;;;;;10988;6241;4748;915;493;422;2767;1623;1144;-1852;-1130;-722
4809;65 tot 70 jaar;2029;;;;;;11022;6260;4759;914;492;422;2826;1656;1171;-1912;-1164;-749
4810;65 tot 70 jaar;2030;;;;;;11021;6264;4756;913;491;422;2855;1675;1179;-1942;-1184;-757
4811;65 tot 70 jaar;2031;;;;;;10927;6216;4711;908;488;420;2877;1689;1187;-1969;-1201;-767
4812;65 tot 70 jaar;2032;;;;;;10804;6148;4656;907;487;420;2884;1693;1190;-1977;-1206;-770
4813;65 tot 70 jaar;2033;;;;;;10645;6052;4593;906;487;419;2893;1696;1198;-1987;-1209;-779
4814;65 tot 70 jaar;2034;;;;;;10517;5974;4544;898;482;416;2909;1702;1206;-2011;-1220;-790
4815;65 tot 70 jaar;2035;;;;;;10393;5891;4503;896;482;414;2923;1707;1217;-2027;-1225;-803
4816;65 tot 70 jaar;2036;;;;;;10244;5794;4447;895;481;414;2925;1700;1224;-2030;-1219;-810
4817;65 tot 70 jaar;2037;;;;;;10031;5658;4371;894;480;414;2919;1688;1230;-2025;-1208;-816
4818;65 tot 70 jaar;2038;;;;;;9683;5450;4233;891;477;414;2874;1656;1218;-1983;-1179;-804
4819;65 tot 70 jaar;2039;;;;;;9159;5143;4018;887;477;410;2817;1614;1203;-1930;-1137;-793
4820;65 tot 70 jaar;2040;;;;;;8619;4828;3793;891;479;412;2750;1569;1181;-1859;-1090;-769
4821;65 tot 70 jaar;2041;;;;;;8140;4548;3593;889;477;412;2702;1540;1163;-1813;-1063;-751
4822;65 tot 70 jaar;2042;;;;;;7734;4314;3418;888;477;411;2664;1515;1149;-1776;-1038;-738
4823;65 tot 70 jaar;2043;;;;;;7489;4171;3318;884;474;410;2653;1509;1146;-1769;-1035;-736
4824;65 tot 70 jaar;2044;;;;;;7299;4055;3245;885;475;410;2650;1507;1145;-1765;-1032;-735
4825;65 tot 70 jaar;2045;;;;;;7215;3999;3217;882;472;410;2672;1516;1156;-1790;-1044;-746
4826;65 tot 70 jaar;2046;;;;;;7130;3937;3195;879;471;408;2694;1527;1168;-1815;-1056;-760
4827;65 tot 70 jaar;2047;;;;;;7045;3880;3165;878;471;407;2711;1534;1176;-1833;-1063;-769
4828;65 tot 70 jaar;2048;;;;;;6932;3808;3124;878;471;407;2724;1540;1184;-1846;-1069;-777
4829;65 tot 70 jaar;2049;;;;;;6851;3756;3094;876;469;407;2752;1555;1197;-1876;-1086;-790
4830;70 tot 75 jaar;2008;;;;;;12813;7754;5060;601;308;293;844;509;334;-243;-201;-41
4831;70 tot 75 jaar;2009;;;;;;12921;7810;5111;611;314;297;884;534;350;-273;-220;-53
4832;70 tot 75 jaar;2010;;;;;;13097;7905;5191;625;322;303;929;564;364;-304;-242;-61
4833;70 tot 75 jaar;2011;;;;;;13167;7940;5227;631;328;303;934;566;367;-303;-238;-64
4834;70 tot 75 jaar;2012;;;;;;13355;8045;5309;651;337;314;946;572;375;-295;-235;-61
4835;70 tot 75 jaar;2013;;;;;;13562;8157;5405;641;333;308;953;574;377;-312;-241;-69
4836;70 tot 75 jaar;2014;;;;;;13857;8324;5532;633;329;304;970;582;388;-337;-253;-84
4837;70 tot 75 jaar;2015;;;;;;13947;8361;5585;624;323;301;979;583;396;-355;-260;-95
4838;70 tot 75 jaar;2016;;;;;;15075;9016;6060;612;318;294;1051;633;418;-439;-315;-124
4839;70 tot 75 jaar;2017;;;;;;16038;9559;6477;601;311;290;1109;664;444;-508;-353;-154
4840;70 tot 75 jaar;2018;;;;;;16656;9905;6751;590;306;284;1155;687;468;-565;-381;-184
4841;70 tot 75 jaar;2019;;;;;;17070;10129;6941;582;302;280;1189;705;486;-607;-403;-206
4842;70 tot 75 jaar;2020;;;;;;17674;10463;7211;581;302;279;1224;717;505;-643;-415;-226
4843;70 tot 75 jaar;2021;;;;;;16956;10015;6940;578;299;279;1225;711;513;-647;-412;-234
4844;70 tot 75 jaar;2022;;;;;;16453;9708;6746;577;299;278;1240;716;524;-663;-417;-246
4845;70 tot 75 jaar;2023;;;;;;16170;9521;6648;576;299;277;1256;722;536;-680;-423;-259
4846;70 tot 75 jaar;2024;;;;;;16059;9444;6615;574;297;277;1281;734;548;-707;-437;-271
4847;70 tot 75 jaar;2025;;;;;;16060;9429;6629;574;297;277;1302;743;558;-728;-446;-281
4848;70 tot 75 jaar;2026;;;;;;16164;9484;6680;575;298;277;1343;767;576;-768;-469;-299
4849;70 tot 75 jaar;2027;;;;;;16200;9497;6704;575;298;277;1376;786;592;-801;-488;-315
4850;70 tot 75 jaar;2028;;;;;;16328;9571;6756;573;296;277;1415;808;607;-842;-512;-330
4851;70 tot 75 jaar;2029;;;;;;16498;9669;6830;571;294;277;1452;833;619;-881;-539;-342
4852;70 tot 75 jaar;2030;;;;;;16664;9776;6888;569;293;276;1505;863;640;-936;-570;-364
4853;70 tot 75 jaar;2031;;;;;;16833;9875;6958;567;292;275;1543;888;654;-976;-596;-379
4854;70 tot 75 jaar;2032;;;;;;16987;9969;7019;563;288;275;1591;915;674;-1028;-627;-399
4855;70 tot 75 jaar;2033;;;;;;17131;10059;7072;559;286;273;1635;942;693;-1076;-656;-420
4856;70 tot 75 jaar;2034;;;;;;17221;10118;7104;557;285;272;1681;969;712;-1124;-684;-440
4857;70 tot 75 jaar;2035;;;;;;17258;10142;7114;556;285;271;1709;986;721;-1153;-701;-450
4858;70 tot 75 jaar;2036;;;;;;17138;10076;7063;554;283;271;1732;999;733;-1178;-716;-462
4859;70 tot 75 jaar;2037;;;;;;16972;9977;6993;554;283;271;1740;1002;738;-1186;-719;-467
4860;70 tot 75 jaar;2038;;;;;;16738;9825;6913;553;283;270;1752;1006;747;-1199;-723;-477
4861;70 tot 75 jaar;2039;;;;;;16550;9702;6850;552;283;269;1767;1014;752;-1215;-731;-483
4862;70 tot 75 jaar;2040;;;;;;16371;9575;6796;551;282;269;1786;1021;766;-1235;-739;-497
4863;70 tot 75 jaar;2041;;;;;;16160;9434;6727;549;281;268;1796;1021;776;-1247;-740;-508
4864;70 tot 75 jaar;2042;;;;;;15853;9228;6625;548;280;268;1807;1020;788;-1259;-740;-520
4865;70 tot 75 jaar;2043;;;;;;15336;8907;6430;548;281;267;1793;1005;787;-1245;-724;-520
4866;70 tot 75 jaar;2044;;;;;;14533;8420;6113;546;279;267;1767;985;783;-1221;-706;-516
4867;70 tot 75 jaar;2045;;;;;;13700;7919;5781;544;278;266;1734;962;770;-1190;-684;-504
4868;70 tot 75 jaar;2046;;;;;;12962;7478;5484;544;279;265;1700;940;760;-1156;-661;-495
4869;70 tot 75 jaar;2047;;;;;;12338;7112;5226;543;279;264;1677;927;750;-1134;-648;-486
4870;70 tot 75 jaar;2048;;;;;;11975;6895;5079;541;277;264;1672;920;752;-1131;-643;-488
4871;70 tot 75 jaar;2049;;;;;;11699;6726;4974;543;279;264;1663;915;746;-1120;-636;-482
4872;75 tot 80 jaar;2008;;;;;;18341;10348;7993;411;193;218;365;195;170;46;-2;48
4873;75 tot 80 jaar;2009;;;;;;18365;10389;7977;419;200;219;384;208;177;35;-8;42
4874;75 tot 80 jaar;2010;;;;;;18241;10349;7892;427;206;221;399;216;183;28;-10;38
4875;75 tot 80 jaar;2011;;;;;;18239;10379;7862;438;208;230;417;226;190;21;-18;40
4876;75 tot 80 jaar;2012;;;;;;18165;10361;7804;447;214;233;429;234;195;18;-20;38
4877;75 tot 80 jaar;2013;;;;;;18384;10513;7870;442;212;230;445;244;199;-3;-32;31
4878;75 tot 80 jaar;2014;;;;;;18618;10665;7954;440;212;228;462;254;207;-22;-42;21
4879;75 tot 80 jaar;2015;;;;;;18956;10874;8082;429;206;223;488;272;217;-59;-66;6
4880;75 tot 80 jaar;2016;;;;;;19144;11000;8145;420;201;219;503;280;222;-83;-79;-3
4881;75 tot 80 jaar;2017;;;;;;19505;11227;8278;411;195;216;525;291;233;-114;-96;-17
4882;75 tot 80 jaar;2018;;;;;;19903;11470;8433;404;192;212;539;299;239;-135;-107;-27
4883;75 tot 80 jaar;2019;;;;;;20444;11799;8644;401;188;213;560;310;249;-159;-122;-36
4884;75 tot 80 jaar;2020;;;;;;20695;11950;8746;398;188;210;574;316;258;-176;-128;-48
4885;75 tot 80 jaar;2021;;;;;;22501;13004;9497;392;185;207;615;338;276;-223;-153;-69
4886;75 tot 80 jaar;2022;;;;;;24075;13902;10175;394;186;208;649;357;292;-255;-171;-84
4887;75 tot 80 jaar;2023;;;;;;25158;14525;10634;394;186;208;688;374;315;-294;-188;-107
4888;75 tot 80 jaar;2024;;;;;;25918;14959;10959;393;185;208;711;382;330;-318;-197;-122
4889;75 tot 80 jaar;2025;;;;;;26905;15501;11403;393;185;208;747;397;352;-354;-212;-144
4890;75 tot 80 jaar;2026;;;;;;25933;14934;10999;395;184;211;753;396;357;-358;-212;-146
4891;75 tot 80 jaar;2027;;;;;;25286;14574;10711;392;184;208;763;398;364;-371;-214;-156
4892;75 tot 80 jaar;2028;;;;;;24955;14375;10580;391;184;207;775;400;374;-384;-216;-167
4893;75 tot 80 jaar;2029;;;;;;24874;14327;10548;391;184;207;791;405;386;-400;-221;-179
4894;75 tot 80 jaar;2030;;;;;;24950;14358;10591;388;182;206;805;410;394;-417;-228;-188
4895;75 tot 80 jaar;2031;;;;;;25165;14475;10689;386;181;205;836;426;411;-450;-245;-206
4896;75 tot 80 jaar;2032;;;;;;25277;14534;10744;385;180;205;858;434;423;-473;-254;-218
4897;75 tot 80 jaar;2033;;;;;;25517;14669;10847;384;179;205;886;451;438;-502;-272;-233
4898;75 tot 80 jaar;2034;;;;;;25816;14834;10979;383;179;204;915;464;451;-532;-285;-247
4899;75 tot 80 jaar;2035;;;;;;26088;15001;11086;382;179;203;956;488;470;-574;-309;-267
4900;75 tot 80 jaar;2036;;;;;;26368;15155;11213;381;178;203;985;503;483;-604;-325;-280
4901;75 tot 80 jaar;2037;;;;;;26609;15289;11320;380;177;203;1023;524;498;-643;-347;-295
4902;75 tot 80 jaar;2038;;;;;;26838;15423;11415;380;177;203;1057;543;515;-677;-366;-312
4903;75 tot 80 jaar;2039;;;;;;26988;15514;11475;378;175;203;1096;563;534;-718;-388;-331
4904;75 tot 80 jaar;2040;;;;;;27052;15550;11504;377;174;203;1121;577;544;-744;-403;-341
4905;75 tot 80 jaar;2041;;;;;;26880;15451;11430;377;174;203;1144;586;557;-767;-412;-354
4906;75 tot 80 jaar;2042;;;;;;26634;15305;11328;377;174;203;1150;590;560;-773;-416;-357
4907;75 tot 80 jaar;2043;;;;;;26298;15092;11208;374;175;199;1165;597;568;-791;-422;-369
4908;75 tot 80 jaar;2044;;;;;;26058;14940;11119;373;174;199;1183;607;577;-810;-433;-378
4909;75 tot 80 jaar;2045;;;;;;25836;14787;11048;373;174;199;1203;614;589;-830;-440;-390
4910;75 tot 80 jaar;2046;;;;;;25556;14605;10950;371;172;199;1220;620;600;-849;-448;-401
4911;75 tot 80 jaar;2047;;;;;;25109;14308;10798;371;172;199;1237;625;613;-866;-453;-414
4912;75 tot 80 jaar;2048;;;;;;24314;13822;10491;371;172;199;1236;620;614;-865;-448;-415
4913;75 tot 80 jaar;2049;;;;;;23095;13103;9991;370;171;199;1224;610;615;-854;-439;-416
4914;80 tot 85 jaar;2008;;;;;;23095;11235;11861;261;113;148;177;68;110;84;45;38
4915;80 tot 85 jaar;2009;;;;;;23183;11400;11781;265;118;147;185;72;113;80;46;34
4916;80 tot 85 jaar;2010;;;;;;23490;11655;11835;270;120;150;192;78;114;78;42;36
4917;80 tot 85 jaar;2011;;;;;;23696;11841;11854;277;125;152;197;82;115;80;43;37
4918;80 tot 85 jaar;2012;;;;;;24025;12081;11944;286;129;157;206;87;118;80;42;39
4919;80 tot 85 jaar;2013;;;;;;24084;12198;11887;284;128;156;214;92;121;70;36;35
4920;80 tot 85 jaar;2014;;;;;;24202;12333;11871;281;126;155;218;96;124;63;30;31
4921;80 tot 85 jaar;2015;;;;;;24137;12379;11760;277;123;154;227;100;126;50;23;28
4922;80 tot 85 jaar;2016;;;;;;24226;12498;11729;267;118;149;238;106;131;29;12;18
4923;80 tot 85 jaar;2017;;;;;;24218;12558;11660;263;116;147;248;113;137;15;3;10
4924;80 tot 85 jaar;2018;;;;;;24596;12818;11776;258;113;145;264;122;141;-6;-9;4
4925;80 tot 85 jaar;2019;;;;;;24983;13066;11917;256;112;144;277;129;150;-21;-17;-6
4926;80 tot 85 jaar;2020;;;;;;25500;13373;12128;254;112;142;296;140;157;-42;-28;-15
4927;80 tot 85 jaar;2021;;;;;;25794;13559;12236;254;112;142;307;144;163;-53;-32;-21
4928;80 tot 85 jaar;2022;;;;;;26307;13855;12450;254;112;142;321;149;170;-67;-37;-28
4929;80 tot 85 jaar;2023;;;;;;26889;14188;12702;254;112;142;332;156;176;-78;-44;-34
4930;80 tot 85 jaar;2024;;;;;;27647;14611;13037;253;112;141;348;164;183;-95;-52;-42
4931;80 tot 85 jaar;2025;;;;;;27977;14775;13199;251;110;141;362;171;191;-111;-61;-50
4932;80 tot 85 jaar;2026;;;;;;30477;16121;14354;252;110;142;392;186;205;-140;-76;-63
4933;80 tot 85 jaar;2027;;;;;;32581;17198;15383;251;110;141;417;200;216;-166;-90;-75
4934;80 tot 85 jaar;2028;;;;;;33916;17848;16066;251;110;141;442;212;229;-191;-102;-88
4935;80 tot 85 jaar;2029;;;;;;34797;18259;16539;250;109;141;465;219;245;-215;-110;-104
4936;80 tot 85 jaar;2030;;;;;;35965;18808;17157;248;107;141;485;229;255;-237;-122;-114
4937;80 tot 85 jaar;2031;;;;;;34591;18051;16541;248;107;141;491;229;262;-243;-122;-121
4938;80 tot 85 jaar;2032;;;;;;33659;17553;16107;248;107;141;500;232;270;-252;-125;-129
4939;80 tot 85 jaar;2033;;;;;;33134;17237;15897;248;107;141;510;235;275;-262;-128;-134
4940;80 tot 85 jaar;2034;;;;;;32933;17096;15837;247;106;141;524;240;284;-277;-134;-143
4941;80 tot 85 jaar;2035;;;;;;32952;17064;15889;247;106;141;539;246;293;-292;-140;-152
4942;80 tot 85 jaar;2036;;;;;;33170;17152;16019;246;106;140;557;254;303;-311;-148;-163
4943;80 tot 85 jaar;2037;;;;;;33269;17181;16088;245;105;140;574;260;315;-329;-155;-175
4944;80 tot 85 jaar;2038;;;;;;33541;17312;16228;246;106;140;592;269;325;-346;-163;-185
4945;80 tot 85 jaar;2039;;;;;;33917;17502;16415;246;106;140;612;279;333;-366;-173;-193
4946;80 tot 85 jaar;2040;;;;;;34266;17703;16565;245;106;139;640;290;349;-395;-184;-210
4947;80 tot 85 jaar;2041;;;;;;34661;17909;16751;245;106;139;658;299;360;-413;-193;-221
4948;80 tot 85 jaar;2042;;;;;;35022;18111;16911;244;105;139;680;309;372;-436;-204;-233
4949;80 tot 85 jaar;2043;;;;;;35383;18330;17055;244;105;139;704;316;387;-460;-211;-248
4950;80 tot 85 jaar;2044;;;;;;35660;18510;17149;244;105;139;728;327;401;-484;-222;-262
4951;80 tot 85 jaar;2045;;;;;;35829;18630;17199;240;102;138;743;335;409;-503;-233;-271
4952;80 tot 85 jaar;2046;;;;;;35696;18595;17099;240;102;138;755;338;418;-515;-236;-280
4953;80 tot 85 jaar;2047;;;;;;35491;18530;16962;238;101;137;755;336;420;-517;-235;-283
4954;80 tot 85 jaar;2048;;;;;;35188;18390;16798;238;101;137;766;340;426;-528;-239;-289
4955;80 tot 85 jaar;2049;;;;;;35033;18340;16693;237;101;136;781;347;435;-544;-246;-299
4956;85 tot 90 jaar;2008;;;;;;24112;9434;14679;118;49;69;82;27;55;36;22;14
4957;85 tot 90 jaar;2009;;;;;;25030;9872;15159;123;52;71;86;28;58;37;24;13
4958;85 tot 90 jaar;2010;;;;;;25159;10050;15106;123;52;71;88;30;59;35;22;12
4959;85 tot 90 jaar;2011;;;;;;25353;10276;15077;123;52;71;91;30;60;32;22;11
4960;85 tot 90 jaar;2012;;;;;;25510;10496;15013;129;54;75;90;31;60;39;23;16
4961;85 tot 90 jaar;2013;;;;;;25697;10755;14943;128;54;74;90;30;60;38;24;14
4962;85 tot 90 jaar;2014;;;;;;25960;11064;14895;127;52;75;92;30;62;35;22;13
4963;85 tot 90 jaar;2015;;;;;;26485;11467;15018;126;52;74;94;32;62;32;20;12
4964;85 tot 90 jaar;2016;;;;;;26885;11801;15085;123;51;72;96;33;62;27;18;11
4965;85 tot 90 jaar;2017;;;;;;27416;12185;15230;121;50;71;100;36;65;21;14;6
4966;85 tot 90 jaar;2018;;;;;;27630;12440;15189;119;49;70;103;37;67;16;12;3
4967;85 tot 90 jaar;2019;;;;;;27906;12707;15199;117;47;70;106;38;68;11;9;2
4968;85 tot 90 jaar;2020;;;;;;27994;12892;15100;117;47;70;108;39;69;9;8;1
4969;85 tot 90 jaar;2021;;;;;;28254;13151;15104;117;47;70;112;40;72;5;7;-2
4970;85 tot 90 jaar;2022;;;;;;28403;13342;15061;117;47;70;116;42;74;1;5;-4
4971;85 tot 90 jaar;2023;;;;;;29007;13751;15256;117;47;70;121;45;77;-4;2;-7
4972;85 tot 90 jaar;2024;;;;;;29634;14154;15481;117;47;70;127;46;82;-10;1;-12
4973;85 tot 90 jaar;2025;;;;;;30422;14635;15787;117;47;70;135;49;86;-18;-2;-16
4974;85 tot 90 jaar;2026;;;;;;30925;14977;15948;117;47;70;139;50;87;-22;-3;-17
4975;85 tot 90 jaar;2027;;;;;;31683;15443;16240;117;47;70;144;52;92;-27;-5;-22
4976;85 tot 90 jaar;2028;;;;;;32583;15975;16608;116;46;70;147;54;93;-31;-8;-23
4977;85 tot 90 jaar;2029;;;;;;33711;16620;17091;116;46;70;154;56;97;-38;-10;-27
4978;85 tot 90 jaar;2030;;;;;;34306;16982;17324;116;46;70;159;58;102;-43;-12;-32
4979;85 tot 90 jaar;2031;;;;;;37644;18717;18928;116;46;70;171;63;108;-55;-17;-38
4980;85 tot 90 jaar;2032;;;;;;40468;20154;20315;116;46;70;187;68;118;-71;-22;-48
4981;85 tot 90 jaar;2033;;;;;;42339;21142;21198;115;45;70;197;71;124;-82;-26;-54
4982;85 tot 90 jaar;2034;;;;;;43587;21799;21789;115;45;70;206;74;132;-91;-29;-62
4983;85 tot 90 jaar;2035;;;;;;45044;22522;22522;114;45;69;219;77;141;-105;-32;-72
4984;85 tot 90 jaar;2036;;;;;;43590;21836;21753;114;45;69;217;74;141;-103;-29;-72
4985;85 tot 90 jaar;2037;;;;;;42705;21463;21242;114;45;69;218;74;144;-104;-29;-75
4986;85 tot 90 jaar;2038;;;;;;42318;21304;21014;114;45;69;221;73;148;-107;-28;-79
4987;85 tot 90 jaar;2039;;;;;;42329;21353;20974;114;45;69;226;73;152;-112;-28;-83
4988;85 tot 90 jaar;2040;;;;;;42600;21516;21083;114;45;69;231;74;159;-117;-29;-90
4989;85 tot 90 jaar;2041;;;;;;43103;21810;21292;114;45;69;240;75;166;-126;-30;-97
4990;85 tot 90 jaar;2042;;;;;;43467;22034;21432;114;45;69;245;74;170;-131;-29;-101
4991;85 tot 90 jaar;2043;;;;;;44042;22377;21665;114;45;69;250;75;176;-136;-30;-107
4992;85 tot 90 jaar;2044;;;;;;44749;22784;21966;113;45;68;258;76;181;-145;-31;-113
4993;85 tot 90 jaar;2045;;;;;;45408;23197;22211;113;45;68;268;77;190;-155;-32;-122
4994;85 tot 90 jaar;2046;;;;;;46128;23611;22517;112;45;67;272;78;193;-160;-33;-126
4995;85 tot 90 jaar;2047;;;;;;46788;24008;22780;111;45;66;279;79;200;-168;-34;-134
4996;85 tot 90 jaar;2048;;;;;;47447;24421;23025;111;45;66;285;79;207;-174;-34;-141
4997;85 tot 90 jaar;2049;;;;;;47991;24780;23211;111;45;66;294;79;215;-183;-34;-149
4998;90 tot 95 jaar;2008;;;;;;14788;4266;10523;5;2;3;8;1;7;-3;1;-4
4999;90 tot 95 jaar;2009;;;;;;15063;4427;10637;7;3;4;9;1;8;-2;2;-4
5000;90 tot 95 jaar;2010;;;;;;16198;4900;11298;7;3;4;12;1;10;-5;2;-6
5001;90 tot 95 jaar;2011;;;;;;17220;5327;11893;8;3;5;12;1;10;-4;2;-5
5002;90 tot 95 jaar;2012;;;;;;18145;5718;12429;9;4;5;12;2;10;-3;2;-5
5003;90 tot 95 jaar;2013;;;;;;19186;6133;13052;8;4;4;12;2;11;-4;2;-7
5004;90 tot 95 jaar;2014;;;;;;19946;6434;13510;8;4;4;11;2;9;-3;2;-5
5005;90 tot 95 jaar;2015;;;;;;20177;6614;13563;7;4;3;12;2;10;-5;2;-7
5006;90 tot 95 jaar;2016;;;;;;20464;6833;13630;6;3;3;12;2;10;-6;1;-7
5007;90 tot 95 jaar;2017;;;;;;20709;7047;13662;6;3;3;12;2;10;-6;1;-7
5008;90 tot 95 jaar;2018;;;;;;21030;7304;13728;6;3;3;12;2;10;-6;1;-7
5009;90 tot 95 jaar;2019;;;;;;21387;7583;13805;6;3;3;12;2;10;-6;1;-7
5010;90 tot 95 jaar;2020;;;;;;21978;7941;14039;6;3;3;13;2;11;-7;1;-8
5011;90 tot 95 jaar;2021;;;;;;22446;8240;14205;6;3;3;12;2;10;-6;1;-7
5012;90 tot 95 jaar;2022;;;;;;23009;8575;14433;6;3;3;13;2;10;-7;1;-7
5013;90 tot 95 jaar;2023;;;;;;23305;8820;14484;6;3;3;13;2;11;-7;1;-8
5014;90 tot 95 jaar;2024;;;;;;23672;9092;14578;6;3;3;13;2;10;-7;1;-7
5015;90 tot 95 jaar;2025;;;;;;23937;9341;14595;6;3;3;14;3;11;-8;0;-8
5016;90 tot 95 jaar;2026;;;;;;24360;9655;14706;6;3;3;14;3;11;-8;0;-8
5017;90 tot 95 jaar;2027;;;;;;24712;9933;14779;6;3;3;14;3;11;-8;0;-8
5018;90 tot 95 jaar;2028;;;;;;25478;10392;15087;6;3;3;15;3;12;-9;0;-9
5019;90 tot 95 jaar;2029;;;;;;26276;10850;15425;6;3;3;15;3;12;-9;0;-9
5020;90 tot 95 jaar;2030;;;;;;27227;11381;15845;6;3;3;16;3;13;-10;0;-10
5021;90 tot 95 jaar;2031;;;;;;27873;11784;16089;6;3;3;16;3;12;-10;0;-9
5022;90 tot 95 jaar;2032;;;;;;28761;12298;16465;6;3;3;17;4;13;-11;-1;-10
5023;90 tot 95 jaar;2033;;;;;;29901;12929;16972;6;3;3;18;4;14;-12;-1;-11
5024;90 tot 95 jaar;2034;;;;;;31275;13661;17613;6;3;3;19;4;15;-13;-1;-12
5025;90 tot 95 jaar;2035;;;;;;32089;14120;17971;6;3;3;19;4;14;-13;-1;-11
5026;90 tot 95 jaar;2036;;;;;;35811;15935;19877;6;3;3;24;6;18;-18;-3;-15
5027;90 tot 95 jaar;2037;;;;;;38866;17387;21479;6;3;3;24;6;18;-18;-3;-15
5028;90 tot 95 jaar;2038;;;;;;40860;18359;22500;6;3;3;24;6;18;-18;-3;-15
5029;90 tot 95 jaar;2039;;;;;;42143;18991;23152;6;3;3;23;5;18;-17;-2;-15
5030;90 tot 95 jaar;2040;;;;;;43383;19565;23817;6;3;3;24;5;19;-18;-2;-16
5031;90 tot 95 jaar;2041;;;;;;42358;19187;23171;6;3;3;24;6;18;-18;-3;-15
5032;90 tot 95 jaar;2042;;;;;;41917;19089;22828;6;3;3;25;6;19;-19;-3;-16
5033;90 tot 95 jaar;2043;;;;;;41874;19123;22750;6;3;3;26;6;20;-20;-3;-17
5034;90 tot 95 jaar;2044;;;;;;42168;19307;22860;6;3;3;26;6;20;-20;-3;-17
5035;90 tot 95 jaar;2045;;;;;;42673;19558;23115;6;3;3;27;6;21;-21;-3;-18
5036;90 tot 95 jaar;2046;;;;;;43379;19916;23464;6;3;3;27;6;21;-21;-3;-18
5037;90 tot 95 jaar;2047;;;;;;43977;20214;23763;6;3;3;28;6;22;-22;-3;-19
5038;90 tot 95 jaar;2048;;;;;;44752;20600;24151;6;3;3;28;7;22;-22;-4;-19
5039;90 tot 95 jaar;2049;;;;;;45656;21033;24623;6;3;3;29;7;23;-23;-4;-20
5040;95 jaar of ouder;2008;;;;;;6598;1308;5290;0;0;0;0;0;0;0;0;0
5041;95 jaar of ouder;2009;;;;;;7035;1423;5611;0;0;0;0;0;0;0;0;0
5042;95 jaar of ouder;2010;;;;;;7284;1481;5806;0;0;0;0;0;0;0;0;0
5043;95 jaar of ouder;2011;;;;;;7545;1548;5999;0;0;0;0;0;0;0;0;0
5044;95 jaar of ouder;2012;;;;;;7812;1623;6190;0;0;0;0;0;0;0;0;0
5045;95 jaar of ouder;2013;;;;;;8014;1682;6332;0;0;0;0;0;0;0;0;0
5046;95 jaar of ouder;2014;;;;;;8320;1778;6540;0;0;0;0;0;0;0;0;0
5047;95 jaar of ouder;2015;;;;;;9017;1985;7031;0;0;0;0;0;0;0;0;0
5048;95 jaar of ouder;2016;;;;;;9623;2165;7455;0;0;0;0;0;0;0;0;0
5049;95 jaar of ouder;2017;;;;;;10151;2326;7823;0;0;0;0;0;0;0;0;0
5050;95 jaar of ouder;2018;;;;;;10701;2487;8213;0;0;0;0;0;0;0;0;0
5051;95 jaar of ouder;2019;;;;;;11137;2612;8524;0;0;0;0;0;0;0;0;0
5052;95 jaar of ouder;2020;;;;;;11478;2736;8741;0;0;0;0;0;0;0;0;0
5053;95 jaar of ouder;2021;;;;;;11807;2869;8939;0;0;0;0;0;0;0;0;0
5054;95 jaar of ouder;2022;;;;;;12088;2998;9089;0;0;0;0;0;0;0;0;0
5055;95 jaar of ouder;2023;;;;;;12461;3157;9305;0;0;0;0;0;0;0;0;0
5056;95 jaar of ouder;2024;;;;;;12814;3319;9493;0;0;0;0;0;0;0;0;0
5057;95 jaar of ouder;2025;;;;;;13285;3530;9757;0;0;0;0;0;0;0;0;0
5058;95 jaar of ouder;2026;;;;;;13685;3719;9964;0;0;0;0;0;0;0;0;0
5059;95 jaar of ouder;2027;;;;;;14126;3931;10194;0;0;0;0;0;0;0;0;0
5060;95 jaar of ouder;2028;;;;;;14458;4114;10344;0;0;0;0;0;0;0;0;0
5061;95 jaar of ouder;2029;;;;;;14835;4320;10516;0;0;0;0;0;0;0;0;0
5062;95 jaar of ouder;2030;;;;;;15226;4543;10685;0;0;0;0;0;0;0;0;0
5063;95 jaar of ouder;2031;;;;;;15682;4791;10892;0;0;0;0;0;0;0;0;0
5064;95 jaar of ouder;2032;;;;;;16120;5033;11087;0;0;0;0;0;0;0;0;0
5065;95 jaar of ouder;2033;;;;;;16768;5366;11404;0;0;0;0;0;0;0;0;0
5066;95 jaar of ouder;2034;;;;;;17454;5701;11753;0;0;0;0;0;0;0;0;0
5067;95 jaar of ouder;2035;;;;;;18235;6085;12149;0;0;0;0;0;0;0;0;0
5068;95 jaar of ouder;2036;;;;;;18817;6401;12416;0;0;0;0;0;0;0;0;0
5069;95 jaar of ouder;2037;;;;;;19548;6778;12771;0;0;0;0;0;0;0;0;0
5070;95 jaar of ouder;2038;;;;;;20580;7270;13311;0;0;0;0;0;0;0;0;0
5071;95 jaar of ouder;2039;;;;;;21757;7810;13949;0;0;0;0;0;0;0;0;0
5072;95 jaar of ouder;2040;;;;;;22537;8184;14353;0;0;0;0;0;0;0;0;0
5073;95 jaar of ouder;2041;;;;;;25256;9356;15900;0;0;0;0;0;0;0;0;0
5074;95 jaar of ouder;2042;;;;;;27392;10252;17142;0;0;0;0;0;0;0;0;0
5075;95 jaar of ouder;2043;;;;;;28817;10859;17955;0;0;0;0;0;0;0;0;0
5076;95 jaar of ouder;2044;;;;;;29764;11263;18501;0;0;0;0;0;0;0;0;0
5077;95 jaar of ouder;2045;;;;;;30419;11544;18874;0;0;0;0;0;0;0;0;0
5078;95 jaar of ouder;2046;;;;;;30834;11741;19095;0;0;0;0;0;0;0;0;0
5079;95 jaar of ouder;2047;;;;;;31360;11983;19376;0;0;0;0;0;0;0;0;0
5080;95 jaar of ouder;2048;;;;;;31783;12174;19609;0;0;0;0;0;0;0;0;0
5081;95 jaar of ouder;2049;;;;;;32244;12373;19870;0;0;0;0;0;0;0;0;0
5082;0 tot 10 jaar;2008;;;;;;1000;575;423;14973;7436;7537;13806;7131;6676;1167;305;861
5083;0 tot 10 jaar;2009;;;;;;972;558;412;14131;7081;7050;13859;7172;6687;272;-91;363
5084;0 tot 10 jaar;2010;;;;;;946;545;402;14353;7215;7138;13624;7068;6558;729;147;580
5085;0 tot 10 jaar;2011;;;;;;927;533;394;14758;7442;7316;13298;6916;6385;1460;526;931
5086;0 tot 10 jaar;2012;;;;;;911;525;388;14695;7441;7254;12936;6741;6194;1761;700;1060
5087;0 tot 10 jaar;2013;;;;;;899;517;382;14762;7518;7244;12566;6569;5996;2196;949;1248
5088;0 tot 10 jaar;2014;;;;;;886;508;376;14735;7527;7208;12247;6423;5826;2488;1104;1382
5089;0 tot 10 jaar;2015;;;;;;874;504;373;14709;7516;7193;12010;6314;5693;2699;1202;1500
5090;0 tot 10 jaar;2016;;;;;;868;497;369;14700;7516;7184;11895;6267;5628;2805;1249;1557
5091;0 tot 10 jaar;2017;;;;;;859;493;368;14667;7509;7158;11873;6265;5610;2794;1245;1548
5092;0 tot 10 jaar;2018;;;;;;854;488;365;14633;7495;7138;11860;6261;5598;2773;1234;1540
5093;0 tot 10 jaar;2019;;;;;;849;485;364;14608;7487;7121;11878;6273;5604;2730;1215;1517
5094;0 tot 10 jaar;2020;;;;;;841;482;360;14603;7490;7113;11913;6293;5618;2690;1197;1495
5095;0 tot 10 jaar;2021;;;;;;835;479;357;14595;7487;7108;11957;6321;5637;2638;1167;1471
5096;0 tot 10 jaar;2022;;;;;;830;475;354;14607;7497;7110;12005;6344;5661;2602;1153;1449
5097;0 tot 10 jaar;2023;;;;;;823;469;354;14599;7496;7103;12055;6370;5684;2544;1126;1419
5098;0 tot 10 jaar;2024;;;;;;816;463;353;14608;7505;7103;12107;6396;5711;2502;1109;1392
5099;0 tot 10 jaar;2025;;;;;;810;459;350;14618;7513;7105;12152;6420;5732;2466;1093;1373
5100;0 tot 10 jaar;2026;;;;;;802;454;348;14630;7526;7104;12201;6443;5759;2429;1083;1345
5101;0 tot 10 jaar;2027;;;;;;794;449;346;14640;7533;7107;12240;6463;5779;2400;1070;1328
5102;0 tot 10 jaar;2028;;;;;;786;443;342;14649;7542;7107;12276;6480;5797;2373;1062;1311
5103;0 tot 10 jaar;2029;;;;;;778;439;339;14666;7558;7108;12308;6495;5815;2358;1063;1293
5104;0 tot 10 jaar;2030;;;;;;769;434;336;14701;7582;7119;12333;6505;5829;2368;1077;1290
5105;0 tot 10 jaar;2031;;;;;;760;426;334;14728;7600;7128;12356;6515;5840;2372;1085;1288
5106;0 tot 10 jaar;2032;;;;;;750;421;326;14763;7620;7143;12368;6519;5850;2395;1101;1293
5107;0 tot 10 jaar;2033;;;;;;738;416;324;14790;7640;7150;12376;6520;5855;2414;1120;1295
5108;0 tot 10 jaar;2034;;;;;;727;407;321;14819;7657;7162;12372;6516;5856;2447;1141;1306
5109;0 tot 10 jaar;2035;;;;;;717;400;316;14846;7677;7169;12368;6509;5856;2478;1168;1313
5110;0 tot 10 jaar;2036;;;;;;704;392;310;14875;7696;7179;12351;6501;5849;2524;1195;1330
5111;0 tot 10 jaar;2037;;;;;;692;387;306;14900;7712;7188;12331;6487;5843;2569;1225;1345
5112;0 tot 10 jaar;2038;;;;;;680;378;302;14925;7731;7194;12299;6468;5829;2626;1263;1365
5113;0 tot 10 jaar;2039;;;;;;671;371;299;14957;7752;7205;12267;6450;5817;2690;1303;1388
5114;0 tot 10 jaar;2040;;;;;;659;365;295;14974;7764;7210;12232;6429;5804;2742;1335;1406
5115;0 tot 10 jaar;2041;;;;;;650;359;291;15000;7779;7221;12194;6406;5787;2806;1373;1434
5116;0 tot 10 jaar;2042;;;;;;640;353;287;15026;7795;7231;12162;6389;5773;2864;1406;1458
5117;0 tot 10 jaar;2043;;;;;;632;349;285;15039;7802;7237;12128;6368;5762;2911;1434;1476
5118;0 tot 10 jaar;2044;;;;;;622;343;281;15074;7822;7252;12103;6352;5750;2971;1470;1502
5119;0 tot 10 jaar;2045;;;;;;616;337;278;15095;7837;7258;12081;6339;5743;3014;1498;1516
5120;0 tot 10 jaar;2046;;;;;;610;334;275;15114;7848;7266;12069;6332;5738;3045;1516;1528
5121;0 tot 10 jaar;2047;;;;;;604;331;272;15126;7859;7267;12063;6325;5738;3063;1534;1529
5122;0 tot 10 jaar;2048;;;;;;596;328;270;15145;7868;7277;12066;6324;5742;3079;1544;1535
5123;0 tot 10 jaar;2049;;;;;;591;323;268;15157;7879;7278;12073;6326;5749;3084;1553;1529
5124;10 tot 20 jaar;2008;2034.0;1834.0;193.0;8.0;0.0;302;184;117;14424;6633;7791;9294;4545;4745;5130;2089;3046
5125;10 tot 20 jaar;2009;2043.0;1876.0;162.0;4.0;0.0;298;181;115;13584;6342;7242;9424;4625;4799;4160;1718;2443
5126;10 tot 20 jaar;2010;2003.0;1847.0;152.0;3.0;0.0;289;177;111;13792;6458;7334;9331;4583;4748;4461;1875;2586
5127;10 tot 20 jaar;2011;1977.0;1822.0;151.0;2.0;0.0;284;174;110;14163;6679;7484;9140;4496;4646;5023;2183;2840
5128;10 tot 20 jaar;2012;1983.0;1825.0;157.0;2.0;0.0;277;170;106;14180;6717;7463;8922;4391;4532;5258;2326;2931
5129;10 tot 20 jaar;2013;1991.0;1829.0;162.0;1.0;0.0;271;167;104;14269;6800;7469;8725;4301;4421;5544;2499;3048
5130;10 tot 20 jaar;2014;1963.0;1813.0;152.0;0.0;0.0;264;163;102;14269;6826;7443;8515;4206;4309;5754;2620;3134
5131;10 tot 20 jaar;2015;1974.0;1826.0;148.0;0.0;0.0;259;161;101;14237;6823;7414;8392;4150;4242;5845;2673;3172
5132;10 tot 20 jaar;2016;2012.0;1861.0;151.0;0.0;0.0;254;157;97;14236;6827;7409;8331;4124;4208;5905;2703;3202
5133;10 tot 20 jaar;2017;2051.0;1897.0;155.0;0.0;0.0;250;156;96;14202;6815;7387;8298;4109;4188;5904;2706;3199
5134;10 tot 20 jaar;2018;2067.0;1911.0;157.0;0.0;0.0;244;151;92;14177;6814;7363;8276;4100;4176;5901;2714;3187
5135;10 tot 20 jaar;2019;2079.0;1922.0;158.0;0.0;0.0;238;147;90;14151;6807;7344;8239;4087;4154;5912;2720;3190
5136;10 tot 20 jaar;2020;2050.0;1894.0;156.0;0.0;0.0;228;142;87;14140;6803;7337;8177;4060;4115;5963;2743;3222
5137;10 tot 20 jaar;2021;2026.0;1873.0;155.0;0.0;0.0;221;139;83;14120;6794;7326;8135;4042;4091;5985;2752;3235
5138;10 tot 20 jaar;2022;1997.0;1843.0;153.0;0.0;0.0;214;133;82;14130;6797;7333;8084;4020;4062;6046;2777;3272
5139;10 tot 20 jaar;2023;1944.0;1796.0;148.0;0.0;0.0;207;127;76;14127;6797;7330;8027;3997;4030;6100;2800;3300
5140;10 tot 20 jaar;2024;1905.0;1759.0;145.0;0.0;0.0;200;124;75;14121;6796;7325;7985;3981;4006;6136;2816;3319
5141;10 tot 20 jaar;2025;1888.0;1744.0;143.0;0.0;0.0;194;120;74;14119;6793;7326;7948;3964;3985;6171;2829;3341
5142;10 tot 20 jaar;2026;1882.0;1739.0;142.0;0.0;0.0;191;118;73;14116;6790;7326;7915;3951;3967;6201;2839;3359
5143;10 tot 20 jaar;2027;1889.0;1744.0;143.0;0.0;0.0;186;116;70;14110;6790;7320;7909;3953;3955;6201;2837;3366
5144;10 tot 20 jaar;2028;1861.0;1720.0;141.0;0.0;0.0;182;112;68;14116;6794;7322;7885;3946;3940;6231;2848;3382
5145;10 tot 20 jaar;2029;1849.0;1708.0;139.0;0.0;0.0;178;110;68;14130;6801;7329;7879;3945;3934;6252;2856;3395
5146;10 tot 20 jaar;2030;1846.0;1706.0;139.0;0.0;0.0;174;109;68;14144;6811;7333;7884;3948;3936;6260;2864;3397
5147;10 tot 20 jaar;2031;1847.0;1707.0;139.0;0.0;0.0;171;108;67;14159;6824;7335;7892;3956;3937;6267;2868;3398
5148;10 tot 20 jaar;2032;1851.0;1711.0;139.0;0.0;0.0;170;105;63;14186;6834;7352;7903;3966;3937;6283;2868;3415
5149;10 tot 20 jaar;2033;1854.0;1713.0;139.0;0.0;0.0;166;104;62;14194;6840;7354;7914;3974;3942;6280;2868;3412
5150;10 tot 20 jaar;2034;1862.0;1720.0;142.0;0.0;0.0;164;102;62;14209;6847;7362;7928;3979;3946;6282;2868;3416
5151;10 tot 20 jaar;2035;1870.0;1729.0;142.0;0.0;0.0;160;99;60;14218;6856;7362;7945;3991;3954;6273;2865;3408
5152;10 tot 20 jaar;2036;1879.0;1738.0;143.0;0.0;0.0;160;98;60;14235;6869;7366;7955;3997;3957;6280;2872;3409
5153;10 tot 20 jaar;2037;1891.0;1748.0;143.0;0.0;0.0;158;97;59;14250;6879;7371;7971;4007;3961;6280;2872;3410
5154;10 tot 20 jaar;2038;1903.0;1758.0;144.0;0.0;0.0;155;96;59;14258;6881;7377;7981;4017;3965;6277;2864;3412
5155;10 tot 20 jaar;2039;1913.0;1767.0;145.0;0.0;0.0;154;94;59;14271;6893;7378;7990;4024;3968;6281;2869;3411
5156;10 tot 20 jaar;2040;1922.0;1776.0;146.0;0.0;0.0;149;94;57;14273;6896;7377;7996;4029;3970;6277;2867;3407
5157;10 tot 20 jaar;2041;1930.0;1786.0;146.0;0.0;0.0;146;92;55;14291;6904;7387;8003;4035;3971;6288;2869;3416
5158;10 tot 20 jaar;2042;1938.0;1792.0;147.0;0.0;0.0;146;91;54;14314;6916;7398;8006;4037;3966;6308;2880;3432
5159;10 tot 20 jaar;2043;1945.0;1797.0;147.0;0.0;0.0;145;88;54;14314;6916;7398;8005;4038;3967;6309;2878;3431
5160;10 tot 20 jaar;2044;1949.0;1802.0;147.0;0.0;0.0;139;88;53;14316;6916;7400;8002;4040;3963;6314;2876;3437
5161;10 tot 20 jaar;2045;1954.0;1805.0;149.0;0.0;0.0;139;87;52;14327;6921;7406;7996;4038;3958;6333;2883;3448
5162;10 tot 20 jaar;2046;1957.0;1808.0;149.0;0.0;0.0;135;86;51;14330;6926;7404;7991;4037;3954;6339;2889;3450
5163;10 tot 20 jaar;2047;1959.0;1810.0;149.0;0.0;0.0;133;82;51;14335;6928;7407;7978;4031;3947;6357;2897;3460
5164;10 tot 20 jaar;2048;1960.0;1810.0;149.0;0.0;0.0;130;80;49;14342;6935;7407;7965;4028;3940;6377;2907;3467
5165;10 tot 20 jaar;2049;1957.0;1809.0;148.0;0.0;0.0;127;80;47;14342;6933;7409;7950;4022;3929;6392;2911;3480
5166;20 tot 30 jaar;2008;67255.0;40600.0;20774.0;4876.0;1005.0;649;441;205;53317;24016;29301;34933;17472;17460;18384;6544;11841
5167;20 tot 30 jaar;2009;66767.0;40635.0;20374.0;4735.0;1023.0;644;438;207;48026;21812;26214;36814;18532;18283;11212;3280;7931
5168;20 tot 30 jaar;2010;66460.0;40702.0;20204.0;4509.0;1047.0;639;436;204;47201;21515;25686;37297;18827;18467;9904;2688;7219
5169;20 tot 30 jaar;2011;66748.0;40989.0;20229.0;4457.0;1070.0;634;433;202;47216;21670;25546;37038;18708;18331;10178;2962;7215
5170;20 tot 30 jaar;2012;67528.0;41532.0;20422.0;4476.0;1098.0;632;431;201;47133;21787;25346;36372;18365;18006;10761;3422;7340
5171;20 tot 30 jaar;2013;68555.0;42151.0;20781.0;4483.0;1137.0;630;429;202;46938;21844;25094;35549;17957;17593;11389;3888;7501
5172;20 tot 30 jaar;2014;69161.0;42619.0;20934.0;4458.0;1150.0;628;426;200;46718;21828;24890;34667;17533;17134;12051;4295;7756
5173;20 tot 30 jaar;2015;69711.0;43011.0;21103.0;4436.0;1159.0;621;421;199;46728;21865;24863;33955;17234;16719;12773;4631;8144
5174;20 tot 30 jaar;2016;70069.0;43218.0;21222.0;4458.0;1171.0;617;421;197;46914;21961;24953;33545;17100;16443;13369;4861;8510
5175;20 tot 30 jaar;2017;70498.0;43461.0;21364.0;4487.0;1186.0;609;416;193;47068;22045;25023;33318;17047;16271;13750;4998;8752
5176;20 tot 30 jaar;2018;71000.0;43735.0;21542.0;4523.0;1201.0;605;411;193;47174;22099;25075;33140;17007;16133;14034;5092;8942
5177;20 tot 30 jaar;2019;71340.0;43909.0;21664.0;4553.0;1214.0;598;407;191;47231;22133;25098;32969;16956;16012;14262;5177;9086
5178;20 tot 30 jaar;2020;71292.0;43912.0;21630.0;4540.0;1215.0;591;402;190;47250;22144;25106;32792;16889;15904;14458;5255;9202
5179;20 tot 30 jaar;2021;71167.0;43873.0;21570.0;4518.0;1210.0;586;397;187;47212;22123;25089;32630;16831;15800;14582;5292;9289
5180;20 tot 30 jaar;2022;71202.0;43914.0;21572.0;4508.0;1210.0;577;393;185;47203;22118;25085;32476;16767;15707;14727;5351;9378
5181;20 tot 30 jaar;2023;71295.0;43983.0;21597.0;4505.0;1209.0;571;387;181;47208;22120;25088;32353;16727;15628;14855;5394;9460
5182;20 tot 30 jaar;2024;71328.0;44010.0;21608.0;4504.0;1209.0;564;381;179;47205;22119;25086;32209;16668;15539;14996;5451;9547
5183;20 tot 30 jaar;2025;71649.0;44163.0;21734.0;4535.0;1218.0;554;378;177;47200;22120;25080;32094;16626;15466;15106;5494;9614
5184;20 tot 30 jaar;2026;72064.0;44339.0;21911.0;4582.0;1232.0;545;370;174;47183;22111;25072;31962;16571;15392;15221;5540;9680
5185;20 tot 30 jaar;2027;72237.0;44371.0;22011.0;4614.0;1244.0;535;363;171;47174;22102;25072;31804;16501;15304;15370;5601;9768
5186;20 tot 30 jaar;2028;72046.0;44215.0;21978.0;4613.0;1245.0;526;357;168;47170;22099;25071;31616;16409;15209;15554;5690;9862
5187;20 tot 30 jaar;2029;71673.0;43947.0;21883.0;4598.0;1242.0;516;349;167;47163;22095;25068;31398;16307;15090;15766;5788;9978
5188;20 tot 30 jaar;2030;70802.0;43422.0;21612.0;4537.0;1229.0;504;341;162;47152;22090;25062;31132;16173;14960;16020;5917;10102
5189;20 tot 30 jaar;2031;69997.0;42932.0;21364.0;4484.0;1213.0;492;333;158;47148;22088;25060;30892;16053;14839;16256;6036;10221
5190;20 tot 30 jaar;2032;69176.0;42450.0;21104.0;4425.0;1198.0;479;325;154;47150;22092;25058;30656;15931;14723;16494;6161;10335
5191;20 tot 30 jaar;2033;68305.0;41962.0;20810.0;4353.0;1179.0;468;319;150;47145;22090;25055;30433;15819;14612;16712;6271;10443
5192;20 tot 30 jaar;2034;67705.0;41631.0;20602.0;4308.0;1165.0;460;311;148;47131;22082;25049;30254;15733;14523;16877;6349;10527
5193;20 tot 30 jaar;2035;67439.0;41479.0;20516.0;4287.0;1159.0;451;307;146;47133;22089;25044;30117;15664;14455;17016;6425;10589
5194;20 tot 30 jaar;2036;67309.0;41405.0;20472.0;4275.0;1157.0;446;304;143;47122;22084;25038;30000;15606;14393;17122;6478;10645
5195;20 tot 30 jaar;2037;67279.0;41388.0;20463.0;4273.0;1156.0;441;299;140;47113;22077;25036;29919;15571;14347;17194;6506;10689
5196;20 tot 30 jaar;2038;67004.0;41253.0;20359.0;4245.0;1148.0;434;294;139;47104;22071;25033;29824;15525;14300;17280;6546;10733
5197;20 tot 30 jaar;2039;66947.0;41238.0;20329.0;4235.0;1144.0;430;291;137;47099;22068;25031;29766;15499;14265;17334;6569;10766
5198;20 tot 30 jaar;2040;67054.0;41320.0;20354.0;4237.0;1146.0;424;289;135;47095;22072;25023;29733;15488;14246;17362;6584;10777
5199;20 tot 30 jaar;2041;67230.0;41435.0;20401.0;4244.0;1148.0;419;285;135;47082;22060;25022;29716;15485;14233;17366;6575;10789
5200;20 tot 30 jaar;2042;67451.0;41581.0;20462.0;4259.0;1151.0;417;282;135;47073;22056;25017;29714;15488;14225;17359;6568;10792
5201;20 tot 30 jaar;2043;67697.0;41739.0;20535.0;4271.0;1155.0;412;280;135;47073;22059;25014;29717;15498;14221;17356;6561;10793
5202;20 tot 30 jaar;2044;67995.0;41926.0;20622.0;4286.0;1158.0;409;278;131;47071;22059;25012;29732;15514;14219;17339;6545;10793
5203;20 tot 30 jaar;2045;68313.0;42120.0;20719.0;4307.0;1164.0;406;275;130;47065;22054;25011;29751;15528;14224;17314;6526;10787
5204;20 tot 30 jaar;2046;68634.0;42315.0;20820.0;4328.0;1168.0;402;273;129;47037;22039;24998;29776;15549;14228;17261;6490;10770
5205;20 tot 30 jaar;2047;68947.0;42505.0;20918.0;4350.0;1175.0;398;270;129;47023;22034;24989;29799;15570;14231;17224;6464;10758
5206;20 tot 30 jaar;2048;69244.0;42680.0;21012.0;4369.0;1180.0;396;269;127;47001;22025;24976;29820;15587;14232;17181;6438;10744
5207;20 tot 30 jaar;2049;69515.0;42842.0;21100.0;4388.0;1187.0;391;265;126;46985;22018;24967;29843;15609;14234;17142;6409;10733
5208;30 tot 40 jaar;2008;107698.0;38146.0;45055.0;17684.0;6814.0;1309;788;524;32125;17467;14658;29777;17106;12669;2348;361;1989
5209;30 tot 40 jaar;2009;104204.0;36827.0;43619.0;17089.0;6669.0;1250;748;499;29383;16093;13290;30323;17496;12827;-940;-1403;464
5210;30 tot 40 jaar;2010;101475.0;36314.0;42675.0;15855.0;6631.0;1195;716;480;28988;15915;13073;30262;17492;12770;-1274;-1577;303
5211;30 tot 40 jaar;2011;100266.0;35983.0;42319.0;15398.0;6564.0;1146;687;459;28962;15964;12998;29916;17291;12624;-954;-1327;374
5212;30 tot 40 jaar;2012;99201.0;35640.0;41905.0;15118.0;6539.0;1104;660;443;29058;16084;12974;29427;17002;12423;-369;-918;551
5213;30 tot 40 jaar;2013;98561.0;35330.0;41729.0;14933.0;6565.0;1075;643;432;28900;16032;12868;28923;16692;12232;-22;-660;636
5214;30 tot 40 jaar;2014;98161.0;35090.0;41598.0;14939.0;6535.0;1054;632;422;28737;15976;12761;28494;16439;12054;243;-463;707
5215;30 tot 40 jaar;2015;98426.0;35149.0;41711.0;14981.0;6584.0;1041;624;417;28630;15931;12699;28193;16271;11925;437;-339;774
5216;30 tot 40 jaar;2016;99057.0;35437.0;41955.0;15014.0;6648.0;1030;615;414;28620;15933;12687;28128;16253;11877;492;-320;810
5217;30 tot 40 jaar;2017;99779.0;35743.0;42262.0;15053.0;6719.0;1024;613;410;28606;15934;12672;28167;16295;11871;439;-361;801
5218;30 tot 40 jaar;2018;100430.0;35994.0;42550.0;15109.0;6775.0;1016;608;407;28578;15920;12658;28195;16337;11860;384;-417;798
5219;30 tot 40 jaar;2019;101275.0;36320.0;42912.0;15214.0;6831.0;1009;604;405;28554;15911;12643;28251;16388;11862;303;-477;781
5220;30 tot 40 jaar;2020;102532.0;36840.0;43438.0;15352.0;6903.0;1002;601;403;28554;15908;12646;28339;16466;11874;216;-558;772
5221;30 tot 40 jaar;2021;103812.0;37332.0;43986.0;15515.0;6981.0;998;596;400;28514;15884;12630;28416;16531;11886;98;-647;744
5222;30 tot 40 jaar;2022;104896.0;37690.0;44459.0;15675.0;7072.0;995;595;398;28520;15884;12636;28467;16579;11890;53;-695;746
5223;30 tot 40 jaar;2023;105809.0;37970.0;44859.0;15817.0;7163.0;994;594;398;28520;15887;12633;28496;16601;11893;24;-714;742
5224;30 tot 40 jaar;2024;106513.0;38169.0;45171.0;15935.0;7238.0;990;593;396;28532;15887;12645;28500;16612;11890;32;-725;755
5225;30 tot 40 jaar;2025;106676.0;38108.0;45276.0;16002.0;7290.0;985;590;396;28521;15875;12646;28472;16603;11869;49;-728;777
5226;30 tot 40 jaar;2026;106605.0;38021.0;45251.0;16017.0;7317.0;976;586;390;28521;15876;12645;28437;16593;11845;84;-717;800
5227;30 tot 40 jaar;2027;106706.0;38046.0;45277.0;16034.0;7347.0;966;579;387;28518;15874;12644;28404;16573;11832;114;-699;812
5228;30 tot 40 jaar;2028;107132.0;38252.0;45425.0;16072.0;7382.0;964;578;385;28515;15870;12645;28401;16571;11829;114;-701;816
5229;30 tot 40 jaar;2029;107582.0;38463.0;45601.0;16112.0;7409.0;956;572;381;28503;15862;12641;28386;16566;11818;117;-704;823
5230;30 tot 40 jaar;2030;108301.0;38797.0;45897.0;16176.0;7428.0;947;567;376;28481;15845;12636;28369;16552;11815;112;-707;821
5231;30 tot 40 jaar;2031;108800.0;38994.0;46127.0;16235.0;7448.0;934;562;372;28472;15833;12639;28334;16531;11805;138;-698;834
5232;30 tot 40 jaar;2032;109178.0;39096.0;46316.0;16297.0;7471.0;924;557;368;28461;15823;12638;28298;16505;11793;163;-682;845
5233;30 tot 40 jaar;2033;109437.0;39135.0;46450.0;16359.0;7495.0;914;551;365;28448;15814;12634;28272;16490;11783;176;-676;851
5234;30 tot 40 jaar;2034;109245.0;38974.0;46395.0;16371.0;7505.0;903;545;360;28430;15801;12629;28204;16447;11756;226;-646;873
5235;30 tot 40 jaar;2035;108656.0;38645.0;46163.0;16335.0;7508.0;894;538;355;28425;15794;12631;28131;16404;11727;294;-610;904
5236;30 tot 40 jaar;2036;107870.0;38273.0;45832.0;16257.0;7504.0;883;530;352;28400;15776;12624;28053;16355;11699;347;-579;925
5237;30 tot 40 jaar;2037;106919.0;37887.0;45419.0;16136.0;7480.0;872;525;346;28396;15777;12619;27952;16289;11663;444;-512;956
5238;30 tot 40 jaar;2038;106200.0;37670.0;45081.0;16012.0;7437.0;856;516;340;28385;15771;12614;27864;16234;11632;521;-463;982
5239;30 tot 40 jaar;2039;105364.0;37399.0;44712.0;15869.0;7382.0;840;506;334;28372;15758;12614;27761;16164;11595;611;-406;1019
5240;30 tot 40 jaar;2040;104432.0;37095.0;44316.0;15712.0;7308.0;822;494;328;28361;15748;12613;27635;16084;11552;726;-336;1061
5241;30 tot 40 jaar;2041;103652.0;36841.0;43992.0;15578.0;7242.0;803;483;320;28344;15729;12615;27525;16012;11514;819;-283;1101
5242;30 tot 40 jaar;2042;103019.0;36644.0;43725.0;15471.0;7179.0;786;474;312;28337;15726;12611;27429;15949;11483;908;-223;1128
5243;30 tot 40 jaar;2043;102546.0;36514.0;43520.0;15388.0;7124.0;770;463;305;28339;15723;12616;27354;15897;11456;985;-174;1160
5244;30 tot 40 jaar;2044;102243.0;36432.0;43388.0;15333.0;7088.0;755;454;301;28332;15717;12615;27308;15864;11442;1024;-147;1173
5245;30 tot 40 jaar;2045;102116.0;36413.0;43329.0;15303.0;7070.0;742;449;296;28322;15707;12615;27290;15848;11440;1032;-141;1175
5246;30 tot 40 jaar;2046;102113.0;36431.0;43326.0;15289.0;7061.0;731;440;292;28304;15696;12608;27289;15843;11444;1017;-147;1164
5247;30 tot 40 jaar;2047;102223.0;36494.0;43371.0;15295.0;7063.0;724;437;289;28293;15686;12607;27307;15855;11452;986;-169;1155
5248;30 tot 40 jaar;2048;102362.0;36570.0;43429.0;15307.0;7055.0;713;431;285;28285;15681;12604;27321;15860;11460;964;-179;1144
5249;30 tot 40 jaar;2049;102626.0;36684.0;43542.0;15338.0;7063.0;706;425;280;28273;15667;12606;27362;15883;11479;911;-216;1127
5250;40 tot 50 jaar;2008;8132.0;1901.0;3012.0;1837.0;1384.0;3734;2046;1688;14991;8812;6179;17557;11049;6509;-2566;-2237;-330
5251;40 tot 50 jaar;2009;7976.0;1787.0;2807.0;1787.0;1596.0;3712;2034;1679;13981;8252;5729;18083;11429;6651;-4102;-3177;-922
5252;40 tot 50 jaar;2010;8266.0;1794.0;2902.0;1817.0;1754.0;3683;2016;1668;13879;8205;5674;18174;11492;6682;-4295;-3287;-1008
5253;40 tot 50 jaar;2011;8528.0;1799.0;2978.0;1860.0;1892.0;3632;1985;1646;13869;8220;5649;17942;11331;6611;-4073;-3111;-962
5254;40 tot 50 jaar;2012;8633.0;1774.0;3063.0;1845.0;1952.0;3566;1947;1620;13974;8303;5671;17523;11035;6489;-3549;-2732;-818
5255;40 tot 50 jaar;2013;8581.0;1734.0;3090.0;1779.0;1977.0;3477;1894;1585;13905;8274;5631;16956;10647;6308;-3051;-2373;-677
5256;40 tot 50 jaar;2014;8324.0;1662.0;3031.0;1655.0;1975.0;3373;1833;1540;13787;8219;5568;16383;10259;6122;-2596;-2040;-554
5257;40 tot 50 jaar;2015;8134.0;1627.0;3008.0;1542.0;1961.0;3269;1772;1498;13691;8167;5524;15908;9945;5962;-2217;-1778;-438
5258;40 tot 50 jaar;2016;7994.0;1643.0;2983.0;1439.0;1928.0;3170;1717;1454;13623;8133;5490;15591;9742;5846;-1968;-1609;-356
5259;40 tot 50 jaar;2017;7828.0;1629.0;2923.0;1371.0;1905.0;3072;1659;1413;13560;8103;5457;15351;9586;5766;-1791;-1483;-309
5260;40 tot 50 jaar;2018;7790.0;1655.0;2909.0;1318.0;1907.0;2964;1600;1366;13503;8073;5430;15152;9455;5698;-1649;-1382;-268
5261;40 tot 50 jaar;2019;7735.0;1664.0;2875.0;1278.0;1920.0;2830;1526;1305;13459;8048;5411;14938;9315;5626;-1479;-1267;-215
5262;40 tot 50 jaar;2020;7756.0;1665.0;2873.0;1274.0;1942.0;2702;1456;1248;13449;8042;5407;14790;9216;5574;-1341;-1174;-167
5263;40 tot 50 jaar;2021;7751.0;1659.0;2860.0;1264.0;1966.0;2590;1394;1197;13432;8036;5396;14693;9151;5538;-1261;-1115;-142
5264;40 tot 50 jaar;2022;7663.0;1626.0;2828.0;1239.0;1969.0;2493;1344;1148;13435;8036;5399;14623;9112;5510;-1188;-1076;-111
5265;40 tot 50 jaar;2023;7559.0;1580.0;2796.0;1214.0;1972.0;2428;1308;1120;13437;8033;5404;14600;9098;5500;-1163;-1065;-96
5266;40 tot 50 jaar;2024;7571.0;1586.0;2797.0;1207.0;1981.0;2379;1282;1096;13451;8042;5409;14619;9113;5505;-1168;-1071;-96
5267;40 tot 50 jaar;2025;7705.0;1667.0;2830.0;1207.0;2001.0;2349;1267;1081;13450;8038;5412;14648;9130;5520;-1198;-1092;-108
5268;40 tot 50 jaar;2026;7851.0;1706.0;2895.0;1219.0;2031.0;2325;1254;1070;13455;8036;5419;14698;9157;5541;-1243;-1121;-122
5269;40 tot 50 jaar;2027;7957.0;1734.0;2937.0;1228.0;2060.0;2310;1247;1062;13456;8036;5420;14743;9183;5560;-1287;-1147;-140
5270;40 tot 50 jaar;2028;8044.0;1754.0;2972.0;1232.0;2083.0;2291;1240;1051;13460;8036;5424;14778;9205;5571;-1318;-1169;-147
5271;40 tot 50 jaar;2029;8140.0;1779.0;3009.0;1243.0;2109.0;2275;1232;1043;13450;8029;5421;14827;9236;5592;-1377;-1207;-170
5272;40 tot 50 jaar;2030;8290.0;1813.0;3065.0;1262.0;2148.0;2257;1224;1032;13443;8025;5418;14890;9275;5615;-1447;-1250;-197
5273;40 tot 50 jaar;2031;8392.0;1831.0;3105.0;1275.0;2181.0;2243;1219;1023;13436;8016;5420;14942;9307;5636;-1506;-1291;-216
5274;40 tot 50 jaar;2032;8433.0;1836.0;3118.0;1277.0;2201.0;2241;1221;1021;13428;8011;5417;14993;9336;5656;-1565;-1325;-239
5275;40 tot 50 jaar;2033;8448.0;1837.0;3126.0;1273.0;2214.0;2241;1221;1020;13425;8004;5421;15035;9360;5674;-1610;-1356;-253
5276;40 tot 50 jaar;2034;8462.0;1837.0;3133.0;1271.0;2224.0;2238;1219;1018;13411;7994;5417;15064;9375;5689;-1653;-1381;-272
5277;40 tot 50 jaar;2035;8412.0;1822.0;3114.0;1258.0;2220.0;2229;1217;1013;13406;7989;5417;15077;9380;5695;-1671;-1391;-278
5278;40 tot 50 jaar;2036;8350.0;1800.0;3093.0;1246.0;2212.0;2213;1210;1005;13400;7984;5416;15082;9383;5701;-1682;-1399;-285
5279;40 tot 50 jaar;2037;8350.0;1798.0;3095.0;1245.0;2211.0;2195;1200;996;13392;7978;5414;15090;9383;5709;-1698;-1405;-295
5280;40 tot 50 jaar;2038;8424.0;1817.0;3125.0;1255.0;2227.0;2184;1196;988;13386;7974;5412;15116;9397;5719;-1730;-1423;-307
5281;40 tot 50 jaar;2039;8491.0;1831.0;3151.0;1262.0;2243.0;2170;1186;981;13390;7975;5415;15142;9411;5733;-1752;-1436;-318
5282;40 tot 50 jaar;2040;8606.0;1857.0;3196.0;1279.0;2271.0;2146;1175;970;13383;7970;5413;15167;9422;5746;-1784;-1452;-333
5283;40 tot 50 jaar;2041;8649.0;1864.0;3212.0;1284.0;2286.0;2119;1161;957;13385;7968;5417;15185;9429;5755;-1800;-1461;-338
5284;40 tot 50 jaar;2042;8653.0;1863.0;3214.0;1279.0;2292.0;2095;1151;945;13384;7964;5420;15200;9437;5765;-1816;-1473;-345
5285;40 tot 50 jaar;2043;8636.0;1856.0;3207.0;1276.0;2293.0;2075;1138;935;13379;7962;5417;15219;9445;5776;-1840;-1483;-359
5286;40 tot 50 jaar;2044;8553.0;1836.0;3176.0;1261.0;2277.0;2049;1125;924;13380;7960;5420;15216;9440;5774;-1836;-1480;-354
5287;40 tot 50 jaar;2045;8417.0;1806.0;3122.0;1239.0;2247.0;2028;1113;915;13376;7956;5420;15207;9432;5776;-1831;-1476;-356
5288;40 tot 50 jaar;2046;8292.0;1777.0;3078.0;1218.0;2219.0;2008;1102;905;13368;7951;5417;15200;9425;5775;-1832;-1474;-358
5289;40 tot 50 jaar;2047;8191.0;1757.0;3042.0;1204.0;2190.0;1982;1090;894;13366;7950;5416;15181;9410;5773;-1815;-1460;-357
5290;40 tot 50 jaar;2048;8169.0;1755.0;3033.0;1200.0;2179.0;1952;1074;880;13356;7944;5412;15169;9397;5773;-1813;-1453;-361
5291;40 tot 50 jaar;2049;8121.0;1745.0;3016.0;1194.0;2163.0;1916;1053;864;13359;7944;5415;15153;9388;5765;-1794;-1444;-350
5292;50 tot 60 jaar;2008;;;;;;8978;5086;3890;6354;3742;2612;8853;5415;3438;-2499;-1673;-826
5293;50 tot 60 jaar;2009;;;;;;8900;5010;3890;6080;3576;2504;9143;5614;3532;-3063;-2038;-1028
5294;50 tot 60 jaar;2010;;;;;;8859;4958;3900;6080;3576;2504;9339;5753;3587;-3259;-2177;-1083
5295;50 tot 60 jaar;2011;;;;;;8850;4925;3927;6090;3590;2500;9421;5808;3615;-3331;-2218;-1115
5296;50 tot 60 jaar;2012;;;;;;8819;4878;3940;6182;3646;2536;9450;5832;3621;-3268;-2186;-1085
5297;50 tot 60 jaar;2013;;;;;;8817;4852;3963;6146;3627;2519;9470;5851;3620;-3324;-2224;-1101
5298;50 tot 60 jaar;2014;;;;;;8818;4832;3988;6091;3601;2490;9497;5870;3627;-3406;-2269;-1137
5299;50 tot 60 jaar;2015;;;;;;8808;4805;4002;6022;3565;2457;9550;5920;3630;-3528;-2355;-1173
5300;50 tot 60 jaar;2016;;;;;;8769;4764;4005;5963;3531;2432;9622;5976;3646;-3659;-2445;-1214
5301;50 tot 60 jaar;2017;;;;;;8719;4718;4002;5906;3501;2405;9713;6040;3674;-3807;-2539;-1269
5302;50 tot 60 jaar;2018;;;;;;8659;4667;3990;5853;3470;2383;9805;6095;3706;-3952;-2625;-1323
5303;50 tot 60 jaar;2019;;;;;;8597;4620;3977;5824;3456;2368;9892;6153;3741;-4068;-2697;-1373
5304;50 tot 60 jaar;2020;;;;;;8527;4565;3960;5810;3446;2364;9948;6182;3766;-4138;-2736;-1402
5305;50 tot 60 jaar;2021;;;;;;8404;4489;3916;5805;3445;2360;9963;6187;3779;-4158;-2742;-1419
5306;50 tot 60 jaar;2022;;;;;;8256;4395;3858;5812;3449;2363;9943;6162;3781;-4131;-2713;-1418
5307;50 tot 60 jaar;2023;;;;;;8048;4272;3774;5816;3450;2366;9867;6108;3760;-4051;-2658;-1394
5308;50 tot 60 jaar;2024;;;;;;7809;4137;3672;5819;3451;2368;9753;6029;3724;-3934;-2578;-1356
5309;50 tot 60 jaar;2025;;;;;;7570;4003;3569;5820;3452;2368;9635;5948;3688;-3815;-2496;-1320
5310;50 tot 60 jaar;2026;;;;;;7344;3879;3467;5824;3454;2370;9528;5871;3657;-3704;-2417;-1287
5311;50 tot 60 jaar;2027;;;;;;7115;3752;3365;5830;3454;2376;9425;5800;3623;-3595;-2346;-1247
5312;50 tot 60 jaar;2028;;;;;;6877;3623;3256;5830;3453;2377;9329;5737;3591;-3499;-2284;-1214
5313;50 tot 60 jaar;2029;;;;;;6580;3460;3120;5827;3450;2377;9217;5662;3556;-3390;-2212;-1179
5314;50 tot 60 jaar;2030;;;;;;6309;3317;2995;5824;3444;2380;9135;5607;3529;-3311;-2163;-1149
5315;50 tot 60 jaar;2031;;;;;;6069;3185;2884;5819;3443;2376;9081;5571;3512;-3262;-2128;-1136
5316;50 tot 60 jaar;2032;;;;;;5860;3074;2786;5817;3441;2376;9050;5552;3500;-3233;-2111;-1124
5317;50 tot 60 jaar;2033;;;;;;5718;3000;2720;5810;3438;2372;9053;5549;3505;-3243;-2111;-1133
5318;50 tot 60 jaar;2034;;;;;;5614;2946;2670;5806;3433;2373;9081;5562;3517;-3275;-2129;-1144
5319;50 tot 60 jaar;2035;186379.0;83675.0;69936.0;21879.0;10889.0;5548;2907;2640;5803;3430;2373;9128;5589;3540;-3325;-2159;-1167
5320;50 tot 60 jaar;2036;;;;;;5497;2876;2619;5804;3430;2374;9189;5619;3567;-3385;-2189;-1193
5321;50 tot 60 jaar;2037;;;;;;5460;2856;2604;5802;3427;2375;9258;5661;3598;-3456;-2234;-1223
5322;50 tot 60 jaar;2038;;;;;;5414;2830;2584;5797;3422;2375;9319;5692;3624;-3522;-2270;-1249
5323;50 tot 60 jaar;2039;;;;;;5380;2810;2570;5787;3416;2371;9392;5733;3656;-3605;-2317;-1285
5324;50 tot 60 jaar;2040;;;;;;5336;2785;2552;5791;3419;2372;9470;5781;3691;-3679;-2362;-1319
5325;50 tot 60 jaar;2041;;;;;;5305;2766;2541;5788;3414;2374;9548;5827;3721;-3760;-2413;-1347
5326;50 tot 60 jaar;2042;;;;;;5293;2758;2538;5784;3411;2373;9628;5873;3757;-3844;-2462;-1384
5327;50 tot 60 jaar;2043;;;;;;5289;2751;2539;5782;3409;2373;9704;5917;3789;-3922;-2508;-1416
5328;50 tot 60 jaar;2044;;;;;;5272;2739;2535;5786;3411;2375;9772;5954;3818;-3986;-2543;-1443
5329;50 tot 60 jaar;2045;;;;;;5244;2721;2523;5785;3410;2375;9828;5985;3844;-4043;-2575;-1469
5330;50 tot 60 jaar;2046;;;;;;5198;2696;2502;5780;3407;2373;9882;6019;3863;-4102;-2612;-1490
5331;50 tot 60 jaar;2047;;;;;;5150;2664;2486;5776;3406;2370;9937;6050;3888;-4161;-2644;-1518
5332;50 tot 60 jaar;2048;;;;;;5111;2641;2471;5780;3406;2374;10003;6087;3916;-4223;-2681;-1542
5333;50 tot 60 jaar;2049;;;;;;5069;2617;2454;5781;3409;2372;10071;6129;3942;-4290;-2720;-1570
5334;60 tot 70 jaar;2008;;;;;;17579;10740;6840;2531;1414;1117;4829;2982;1847;-2298;-1568;-730
5335;60 tot 70 jaar;2009;;;;;;17906;10882;7022;2521;1413;1108;5006;3075;1932;-2485;-1662;-824
5336;60 tot 70 jaar;2010;;;;;;18163;10976;7187;2547;1430;1117;5061;3088;1973;-2514;-1658;-856
5337;60 tot 70 jaar;2011;;;;;;18511;11119;7391;2557;1439;1118;5122;3111;2013;-2565;-1672;-895
5338;60 tot 70 jaar;2012;;;;;;18843;11250;7594;2618;1477;1141;5162;3118;2045;-2544;-1641;-904
5339;60 tot 70 jaar;2013;;;;;;19036;11293;7743;2594;1459;1135;5162;3108;2056;-2568;-1649;-921
5340;60 tot 70 jaar;2014;;;;;;19162;11300;7862;2572;1447;1125;5150;3088;2065;-2578;-1641;-940
5341;60 tot 70 jaar;2015;;;;;;19452;11403;8049;2524;1419;1105;5162;3081;2084;-2638;-1662;-979
5342;60 tot 70 jaar;2016;;;;;;18902;11005;7893;2483;1394;1089;5183;3078;2104;-2700;-1684;-1015
5343;60 tot 70 jaar;2017;;;;;;18473;10695;7780;2435;1369;1066;5234;3096;2139;-2799;-1727;-1073
5344;60 tot 70 jaar;2018;;;;;;18228;10489;7739;2393;1346;1047;5304;3131;2172;-2911;-1785;-1125
5345;60 tot 70 jaar;2019;;;;;;18123;10375;7749;2368;1331;1037;5392;3175;2216;-3024;-1844;-1179
5346;60 tot 70 jaar;2020;;;;;;18091;10312;7780;2361;1330;1031;5498;3235;2262;-3137;-1905;-1231
5347;60 tot 70 jaar;2021;;;;;;18135;10297;7838;2354;1326;1028;5610;3302;2310;-3256;-1976;-1282
5348;60 tot 70 jaar;2022;;;;;;18133;10262;7871;2357;1328;1029;5725;3363;2360;-3368;-2035;-1331
5349;60 tot 70 jaar;2023;;;;;;18190;10270;7919;2355;1328;1027;5838;3434;2403;-3483;-2106;-1376
5350;60 tot 70 jaar;2024;;;;;;18263;10294;7969;2357;1330;1027;5961;3508;2452;-3604;-2178;-1425
5351;60 tot 70 jaar;2025;;;;;;18314;10320;7994;2353;1328;1025;6056;3567;2488;-3703;-2239;-1463
5352;60 tot 70 jaar;2026;;;;;;18308;10308;8001;2355;1328;1027;6125;3610;2515;-3770;-2282;-1488
5353;60 tot 70 jaar;2027;;;;;;18280;10288;7990;2353;1327;1026;6191;3649;2544;-3838;-2322;-1518
5354;60 tot 70 jaar;2028;;;;;;18224;10257;7969;2350;1325;1025;6260;3686;2572;-3910;-2361;-1547
5355;60 tot 70 jaar;2029;;;;;;18169;10222;7945;2346;1321;1025;6329;3723;2607;-3983;-2402;-1582
5356;60 tot 70 jaar;2030;;;;;;18082;10172;7910;2338;1316;1022;6369;3741;2627;-4031;-2425;-1605
5357;60 tot 70 jaar;2031;;;;;;17888;10064;7824;2332;1313;1019;6386;3742;2643;-4054;-2429;-1624
5358;60 tot 70 jaar;2032;;;;;;17623;9910;7713;2330;1310;1020;6376;3728;2647;-4046;-2418;-1627
5359;60 tot 70 jaar;2033;;;;;;17227;9678;7548;2326;1308;1018;6329;3687;2640;-4003;-2379;-1622
5360;60 tot 70 jaar;2034;;;;;;16747;9400;7348;2314;1299;1015;6270;3641;2628;-3956;-2342;-1613
5361;60 tot 70 jaar;2035;;;;;;16260;9113;7148;2313;1299;1014;6200;3590;2612;-3887;-2291;-1598
5362;60 tot 70 jaar;2036;;;;;;15789;8835;6952;2307;1295;1012;6138;3544;2596;-3831;-2249;-1584
5363;60 tot 70 jaar;2037;;;;;;15305;8547;6755;2303;1293;1010;6085;3502;2582;-3782;-2209;-1572
5364;60 tot 70 jaar;2038;;;;;;14795;8248;6546;2300;1288;1012;6025;3457;2568;-3725;-2169;-1556
5365;60 tot 70 jaar;2039;;;;;;14145;7866;6280;2296;1288;1008;5968;3412;2554;-3672;-2124;-1546
5366;60 tot 70 jaar;2040;;;;;;13551;7517;6033;2295;1288;1007;5922;3378;2543;-3627;-2090;-1536
5367;60 tot 70 jaar;2041;;;;;;13014;7198;5817;2288;1283;1005;5900;3359;2542;-3612;-2076;-1537
5368;60 tot 70 jaar;2042;;;;;;12550;6927;5620;2284;1281;1003;5886;3347;2539;-3602;-2066;-1536
5369;60 tot 70 jaar;2043;;;;;;12227;6737;5491;2281;1279;1002;5896;3349;2549;-3615;-2070;-1547
5370;60 tot 70 jaar;2044;;;;;;11979;6585;5395;2282;1280;1002;5924;3362;2563;-3642;-2082;-1561
5371;60 tot 70 jaar;2045;;;;;;11822;6483;5340;2279;1277;1002;5970;3384;2586;-3691;-2107;-1584
5372;60 tot 70 jaar;2046;;;;;;11695;6395;5303;2271;1273;998;6025;3414;2613;-3754;-2141;-1615
5373;60 tot 70 jaar;2047;;;;;;11604;6330;5273;2268;1274;994;6080;3443;2636;-3812;-2169;-1642
5374;60 tot 70 jaar;2048;;;;;;11497;6258;5239;2267;1274;993;6127;3471;2658;-3860;-2197;-1665
5375;60 tot 70 jaar;2049;;;;;;11410;6198;5213;2263;1270;993;6189;3503;2684;-3926;-2233;-1691
5376;70 tot 80 jaar;2008;;;;;;31154;18102;13053;1012;501;511;1209;704;504;-197;-203;7
5377;70 tot 80 jaar;2009;;;;;;31286;18199;13088;1030;514;516;1268;742;527;-238;-228;-11
5378;70 tot 80 jaar;2010;;;;;;31338;18254;13083;1052;528;524;1328;780;547;-276;-252;-23
5379;70 tot 80 jaar;2011;;;;;;31406;18319;13089;1069;536;533;1351;792;557;-282;-256;-24
5380;70 tot 80 jaar;2012;;;;;;31520;18406;13113;1098;551;547;1375;806;570;-277;-255;-23
5381;70 tot 80 jaar;2013;;;;;;31946;18670;13275;1083;545;538;1398;818;576;-315;-273;-38
5382;70 tot 80 jaar;2014;;;;;;32475;18989;13486;1073;541;532;1432;836;595;-359;-295;-63
5383;70 tot 80 jaar;2015;;;;;;32903;19235;13667;1053;529;524;1467;855;613;-414;-326;-89
5384;70 tot 80 jaar;2016;;;;;;34219;20016;14205;1032;519;513;1554;913;640;-522;-394;-127
5385;70 tot 80 jaar;2017;;;;;;35543;20786;14755;1012;506;506;1634;955;677;-622;-449;-171
5386;70 tot 80 jaar;2018;;;;;;36559;21375;15184;994;498;496;1694;986;707;-700;-488;-211
5387;70 tot 80 jaar;2019;;;;;;37514;21928;15585;983;490;493;1749;1015;735;-766;-525;-242
5388;70 tot 80 jaar;2020;;;;;;38369;22413;15957;979;490;489;1798;1033;763;-819;-543;-274
5389;70 tot 80 jaar;2021;;;;;;39457;23019;16437;970;484;486;1840;1049;789;-870;-565;-303
5390;70 tot 80 jaar;2022;;;;;;40528;23610;16921;971;485;486;1889;1073;816;-918;-588;-330
5391;70 tot 80 jaar;2023;;;;;;41328;24046;17282;970;485;485;1944;1096;851;-974;-611;-366
5392;70 tot 80 jaar;2024;;;;;;41977;24403;17574;967;482;485;1992;1116;878;-1025;-634;-393
5393;70 tot 80 jaar;2025;;;;;;42965;24930;18032;967;482;485;2049;1140;910;-1082;-658;-425
5394;70 tot 80 jaar;2026;;;;;;42097;24418;17679;970;482;488;2096;1163;933;-1126;-681;-445
5395;70 tot 80 jaar;2027;;;;;;41486;24071;17415;967;482;485;2139;1184;956;-1172;-702;-471
5396;70 tot 80 jaar;2028;;;;;;41283;23946;17336;964;480;484;2190;1208;981;-1226;-728;-497
5397;70 tot 80 jaar;2029;;;;;;41372;23996;17378;962;478;484;2243;1238;1005;-1281;-760;-521
5398;70 tot 80 jaar;2030;;;;;;41614;24134;17479;957;475;482;2310;1273;1034;-1353;-798;-552
5399;70 tot 80 jaar;2031;;;;;;41998;24350;17647;953;473;480;2379;1314;1065;-1426;-841;-585
5400;70 tot 80 jaar;2032;;;;;;42264;24503;17763;948;468;480;2449;1349;1097;-1501;-881;-617
5401;70 tot 80 jaar;2033;;;;;;42648;24728;17919;943;465;478;2521;1393;1131;-1578;-928;-653
5402;70 tot 80 jaar;2034;;;;;;43037;24952;18083;940;464;476;2596;1433;1163;-1656;-969;-687
5403;70 tot 80 jaar;2035;;;;;;43346;25143;18200;938;464;474;2665;1474;1191;-1727;-1010;-717
5404;70 tot 80 jaar;2036;;;;;;43506;25231;18276;935;461;474;2717;1502;1216;-1782;-1041;-742
5405;70 tot 80 jaar;2037;;;;;;43581;25266;18313;934;460;474;2763;1526;1236;-1829;-1066;-762
5406;70 tot 80 jaar;2038;;;;;;43576;25248;18328;933;460;473;2809;1549;1262;-1876;-1089;-789
5407;70 tot 80 jaar;2039;;;;;;43538;25216;18325;930;458;472;2863;1577;1286;-1933;-1119;-814
5408;70 tot 80 jaar;2040;;;;;;43423;25125;18300;928;456;472;2907;1598;1310;-1979;-1142;-838
5409;70 tot 80 jaar;2041;;;;;;43040;24885;18157;926;455;471;2940;1607;1333;-2014;-1152;-862
5410;70 tot 80 jaar;2042;;;;;;42487;24533;17953;925;454;471;2957;1610;1348;-2032;-1156;-877
5411;70 tot 80 jaar;2043;;;;;;41634;23999;17638;922;456;466;2958;1602;1355;-2036;-1146;-889
5412;70 tot 80 jaar;2044;;;;;;40591;23360;17232;919;453;466;2950;1592;1360;-2031;-1139;-894
5413;70 tot 80 jaar;2045;;;;;;39536;22706;16829;917;452;465;2937;1576;1359;-2020;-1124;-894
5414;70 tot 80 jaar;2046;;;;;;38518;22083;16434;915;451;464;2920;1560;1360;-2005;-1109;-896
5415;70 tot 80 jaar;2047;;;;;;37447;21420;16024;914;451;463;2914;1552;1363;-2000;-1101;-900
5416;70 tot 80 jaar;2048;;;;;;36289;20717;15570;912;449;463;2908;1540;1366;-1996;-1091;-903
5417;70 tot 80 jaar;2049;;;;;;34794;19829;14965;913;450;463;2887;1525;1361;-1974;-1075;-898
5418;80 tot 90 jaar;2008;;;;;;47207;20669;26540;379;162;217;259;95;165;120;67;52
5419;80 tot 90 jaar;2009;;;;;;48213;21272;26940;388;170;218;271;100;171;117;70;47
5420;80 tot 90 jaar;2010;;;;;;48649;21705;26941;393;172;221;280;108;173;113;64;48
5421;80 tot 90 jaar;2011;;;;;;49049;22117;26931;400;177;223;288;112;175;112;65;48
5422;80 tot 90 jaar;2012;;;;;;49535;22577;26957;415;183;232;296;118;178;119;65;55
5423;80 tot 90 jaar;2013;;;;;;49781;22953;26830;412;182;230;304;122;181;108;60;49
5424;80 tot 90 jaar;2014;;;;;;50162;23397;26766;408;178;230;310;126;186;98;52;44
5425;80 tot 90 jaar;2015;;;;;;50622;23846;26778;403;175;228;321;132;188;82;43;40
5426;80 tot 90 jaar;2016;;;;;;51111;24299;26814;390;169;221;334;139;193;56;30;29
5427;80 tot 90 jaar;2017;;;;;;51634;24743;26890;384;166;218;348;149;202;36;17;16
5428;80 tot 90 jaar;2018;;;;;;52226;25258;26965;377;162;215;367;159;208;10;3;7
5429;80 tot 90 jaar;2019;;;;;;52889;25773;27116;373;159;214;383;167;218;-10;-8;-4
5430;80 tot 90 jaar;2020;;;;;;53494;26265;27228;371;159;212;404;179;226;-33;-20;-14
5431;80 tot 90 jaar;2021;;;;;;54048;26710;27340;371;159;212;419;184;235;-48;-25;-23
5432;80 tot 90 jaar;2022;;;;;;54710;27197;27511;371;159;212;437;191;244;-66;-32;-32
5433;80 tot 90 jaar;2023;;;;;;55896;27939;27958;371;159;212;453;201;253;-82;-42;-41
5434;80 tot 90 jaar;2024;;;;;;57281;28765;28518;370;159;211;475;210;265;-105;-51;-54
5435;80 tot 90 jaar;2025;;;;;;58399;29410;28986;368;157;211;497;220;277;-129;-63;-66
5436;80 tot 90 jaar;2026;;;;;;61402;31098;30302;369;157;212;531;236;292;-162;-79;-80
5437;80 tot 90 jaar;2027;;;;;;64264;32641;31623;368;157;211;561;252;308;-193;-95;-97
5438;80 tot 90 jaar;2028;;;;;;66499;33823;32674;367;156;211;589;266;322;-222;-110;-111
5439;80 tot 90 jaar;2029;;;;;;68508;34879;33630;366;155;211;619;275;342;-253;-120;-131
5440;80 tot 90 jaar;2030;;;;;;70271;35790;34481;364;153;211;644;287;357;-280;-134;-146
5441;80 tot 90 jaar;2031;;;;;;72235;36768;35469;364;153;211;662;292;370;-298;-139;-159
5442;80 tot 90 jaar;2032;;;;;;74127;37707;36422;364;153;211;687;300;388;-323;-147;-177
5443;80 tot 90 jaar;2033;;;;;;75473;38379;37095;363;152;211;707;306;399;-344;-154;-188
5444;80 tot 90 jaar;2034;;;;;;76520;38895;37626;362;151;211;730;314;416;-368;-163;-205
5445;80 tot 90 jaar;2035;;;;;;77996;39586;38411;361;151;210;758;323;434;-397;-172;-224
5446;80 tot 90 jaar;2036;;;;;;76760;38988;37772;360;151;209;774;328;444;-414;-177;-235
5447;80 tot 90 jaar;2037;;;;;;75974;38644;37330;359;150;209;792;334;459;-433;-184;-250
5448;80 tot 90 jaar;2038;;;;;;75859;38616;37242;360;151;209;813;342;473;-453;-191;-264
5449;80 tot 90 jaar;2039;;;;;;76246;38855;37389;360;151;209;838;352;485;-478;-201;-276
5450;80 tot 90 jaar;2040;;;;;;76866;39219;37648;359;151;208;871;364;508;-512;-213;-300
5451;80 tot 90 jaar;2041;;;;;;77764;39719;38043;359;151;208;898;374;526;-539;-223;-318
5452;80 tot 90 jaar;2042;;;;;;78489;40145;38343;358;150;208;925;383;542;-567;-233;-334
5453;80 tot 90 jaar;2043;;;;;;79425;40707;38720;358;150;208;954;391;563;-596;-241;-355
5454;80 tot 90 jaar;2044;;;;;;80409;41294;39115;357;150;207;986;403;582;-629;-253;-375
5455;80 tot 90 jaar;2045;;;;;;81237;41827;39410;353;147;206;1011;412;599;-658;-265;-393
5456;80 tot 90 jaar;2046;;;;;;81824;42206;39616;352;147;205;1027;416;611;-675;-269;-406
5457;80 tot 90 jaar;2047;;;;;;82279;42538;39742;349;146;203;1034;415;620;-685;-269;-417
5458;80 tot 90 jaar;2048;;;;;;82635;42811;39823;349;146;203;1051;419;633;-702;-273;-430
5459;80 tot 90 jaar;2049;;;;;;83024;43120;39904;348;146;202;1075;426;650;-727;-280;-448
5460;90 jaar of ouder;2008;;;;;;21386;5574;15813;5;2;3;8;1;7;-3;1;-4
5461;90 jaar of ouder;2009;;;;;;22098;5850;16248;7;3;4;9;1;8;-2;2;-4
5462;90 jaar of ouder;2010;;;;;;23482;6381;17104;7;3;4;12;1;10;-5;2;-6
5463;90 jaar of ouder;2011;;;;;;24765;6875;17892;8;3;5;12;1;10;-4;2;-5
5464;90 jaar of ouder;2012;;;;;;25957;7341;18619;9;4;5;12;2;10;-3;2;-5
5465;90 jaar of ouder;2013;;;;;;27200;7815;19384;8;4;4;12;2;11;-4;2;-7
5466;90 jaar of ouder;2014;;;;;;28266;8212;20050;8;4;4;11;2;9;-3;2;-5
5467;90 jaar of ouder;2015;;;;;;29194;8599;20594;7;4;3;12;2;10;-5;2;-7
5468;90 jaar of ouder;2016;;;;;;30087;8998;21085;6;3;3;12;2;10;-6;1;-7
5469;90 jaar of ouder;2017;;;;;;30860;9373;21485;6;3;3;12;2;10;-6;1;-7
5470;90 jaar of ouder;2018;;;;;;31731;9791;21941;6;3;3;12;2;10;-6;1;-7
5471;90 jaar of ouder;2019;;;;;;32524;10195;22329;6;3;3;12;2;10;-6;1;-7
5472;90 jaar of ouder;2020;;;;;;33456;10677;22780;6;3;3;13;2;11;-7;1;-8
5473;90 jaar of ouder;2021;;;;;;34253;11109;23144;6;3;3;12;2;10;-6;1;-7
5474;90 jaar of ouder;2022;;;;;;35097;11573;23522;6;3;3;13;2;10;-7;1;-7
5475;90 jaar of ouder;2023;;;;;;35766;11977;23789;6;3;3;13;2;11;-7;1;-8
5476;90 jaar of ouder;2024;;;;;;36486;12411;24071;6;3;3;13;2;10;-7;1;-7
5477;90 jaar of ouder;2025;;;;;;37222;12871;24352;6;3;3;14;3;11;-8;0;-8
5478;90 jaar of ouder;2026;;;;;;38045;13374;24670;6;3;3;14;3;11;-8;0;-8
5479;90 jaar of ouder;2027;;;;;;38838;13864;24973;6;3;3;14;3;11;-8;0;-8
5480;90 jaar of ouder;2028;;;;;;39936;14506;25431;6;3;3;15;3;12;-9;0;-9
5481;90 jaar of ouder;2029;;;;;;41111;15170;25941;6;3;3;15;3;12;-9;0;-9
5482;90 jaar of ouder;2030;;;;;;42453;15924;26530;6;3;3;16;3;13;-10;0;-10
5483;90 jaar of ouder;2031;;;;;;43555;16575;26981;6;3;3;16;3;12;-10;0;-9
5484;90 jaar of ouder;2032;;;;;;44881;17331;27552;6;3;3;17;4;13;-11;-1;-10
5485;90 jaar of ouder;2033;;;;;;46669;18295;28376;6;3;3;18;4;14;-12;-1;-11
5486;90 jaar of ouder;2034;;;;;;48729;19362;29366;6;3;3;19;4;15;-13;-1;-12
5487;90 jaar of ouder;2035;;;;;;50324;20205;30120;6;3;3;19;4;14;-13;-1;-11
5488;90 jaar of ouder;2036;;;;;;54628;22336;32293;6;3;3;24;6;18;-18;-3;-15
5489;90 jaar of ouder;2037;;;;;;58414;24165;34250;6;3;3;24;6;18;-18;-3;-15
5490;90 jaar of ouder;2038;;;;;;61440;25629;35811;6;3;3;24;6;18;-18;-3;-15
5491;90 jaar of ouder;2039;;;;;;63900;26801;37101;6;3;3;23;5;18;-17;-2;-15
5492;90 jaar of ouder;2040;;;;;;65920;27749;38170;6;3;3;24;5;19;-18;-2;-16
5493;90 jaar of ouder;2041;;;;;;67614;28543;39071;6;3;3;24;6;18;-18;-3;-15
5494;90 jaar of ouder;2042;;;;;;69309;29341;39970;6;3;3;25;6;19;-19;-3;-16
5495;90 jaar of ouder;2043;;;;;;70691;29982;40705;6;3;3;26;6;20;-20;-3;-17
5496;90 jaar of ouder;2044;;;;;;71932;30570;41361;6;3;3;26;6;20;-20;-3;-17
5497;90 jaar of ouder;2045;;;;;;73092;31102;41989;6;3;3;27;6;21;-21;-3;-18
5498;90 jaar of ouder;2046;;;;;;74213;31657;42559;6;3;3;27;6;21;-21;-3;-18
5499;90 jaar of ouder;2047;;;;;;75337;32197;43139;6;3;3;28;6;22;-22;-3;-19
5500;90 jaar of ouder;2048;;;;;;76535;32774;43760;6;3;3;28;7;22;-22;-4;-19
5501;90 jaar of ouder;2049;;;;;;77900;33406;44493;6;3;3;29;7;23;-23;-4;-20
