ID;Geslacht;Leeftijd;Afstudeerrichting;Herkomstgroepering;Peilmoment;BedrijfstakkenBranchesSBI93;Perioden;LoonVanWerknemersTotaal_1;LoonVanWerknemersVoltijd_2;LoonVanWerknemersTotaal_3;LoonVanWerknemersVoltijd_4;LoonVanWerknemersTotaal_5;LoonVanWerknemersVoltijd_6;LoonVanWerknemersTotaal_7;LoonVanWerknemersVoltijd_8;LoonVanWerknemersTotaal_9;LoonVanWerknemersVoltijd_10;LoonVanWerknemersTotaal_11;LoonVanWerknemersVoltijd_12;LoonVanWerknemersTotaal_13;LoonVanWerknemersVoltijd_14;LoonVanWerknemersTotaal_15;LoonVanWerknemersVoltijd_16
0;Totaal mannen en vrouwen;0;0;0;Direct na afstuderen;0;Cohort 1999/'00;1.5;;1.4;;1.4;;1.2;;1.7;;1.9;;1.6;;2.2;
1;Totaal mannen en vrouwen;0;0;0;Direct na afstuderen;0;Cohort 2000/'01;1.5;1.9;1.4;1.8;1.4;1.8;1.3;1.7;1.7;2.2;1.0;2.3;1.7;2.1;2.3;2.6
2;Totaal mannen en vrouwen;0;0;0;Direct na afstuderen;0;Cohort 2001/'02;1.5;2.0;1.4;1.8;1.4;1.8;1.3;1.9;1.8;2.2;1.4;2.5;1.6;2.1;2.5;2.7
3;Totaal mannen en vrouwen;0;0;0;Direct na afstuderen;0;Cohort 2002/'03;1.5;2.1;1.3;1.8;1.3;1.8;1.2;1.9;1.7;2.4;1.8;2.5;1.6;2.3;2.5;2.9
4;Totaal mannen en vrouwen;0;0;0;Direct na afstuderen;0;Cohort 2003/'04;1.5;2.1;1.4;1.9;1.4;1.9;1.3;2.0;1.8;2.4;1.8;2.8;1.6;2.3;2.5;2.8
5;Totaal mannen en vrouwen;0;0;0;Direct na afstuderen;1;Cohort 1999/'00;1.2;;1.2;;1.2;;1.6;;1.1;;;;1.1;;;
6;Totaal mannen en vrouwen;0;0;0;Direct na afstuderen;1;Cohort 2000/'01;1.1;1.8;1.1;1.8;1.1;1.8;;;0.8;1.8;;;0.8;1.8;;
7;Totaal mannen en vrouwen;0;0;0;Direct na afstuderen;1;Cohort 2001/'02;1.0;1.7;1.1;1.7;1.1;1.7;;;0.9;1.8;;;1.0;1.8;0.4;
8;Totaal mannen en vrouwen;0;0;0;Direct na afstuderen;1;Cohort 2002/'03;1.0;1.7;1.0;1.7;1.0;1.6;2.1;2.1;1.0;2.0;;;1.0;2.0;0.2;
9;Totaal mannen en vrouwen;0;0;0;Direct na afstuderen;1;Cohort 2003/'04;1.1;2.0;1.1;2.0;1.1;2.0;;;1.0;2.2;2.0;2.0;1.0;2.2;0.4;
10;Totaal mannen en vrouwen;0;0;0;Direct na afstuderen;2;Cohort 1999/'00;1.7;;1.6;;1.6;;;;2.0;;;;2.0;;2.1;
11;Totaal mannen en vrouwen;0;0;0;Direct na afstuderen;2;Cohort 2000/'01;1.7;2.0;1.6;1.8;1.6;1.8;1.4;2.4;2.0;2.3;;;2.0;2.3;2.2;2.2
12;Totaal mannen en vrouwen;0;0;0;Direct na afstuderen;2;Cohort 2001/'02;1.7;2.0;1.6;1.9;1.6;1.9;;;2.1;2.4;0.8;;2.1;2.4;2.0;2.0
13;Totaal mannen en vrouwen;0;0;0;Direct na afstuderen;2;Cohort 2002/'03;1.7;2.0;1.6;1.9;1.6;1.9;0.8;1.6;2.0;2.4;2.0;2.4;2.0;2.4;2.0;2.2
14;Totaal mannen en vrouwen;0;0;0;Direct na afstuderen;2;Cohort 2003/'04;1.7;2.0;1.6;1.9;1.6;1.9;1.0;1.7;2.0;2.4;2.9;3.0;2.0;2.4;2.0;2.5
15;Totaal mannen en vrouwen;0;0;0;Direct na afstuderen;3;Cohort 1999/'00;1.3;;1.2;;1.2;;0.8;;1.4;;;;1.3;;2.0;
16;Totaal mannen en vrouwen;0;0;0;Direct na afstuderen;3;Cohort 2000/'01;1.2;1.8;1.2;1.7;1.2;1.7;0.8;1.7;1.5;2.2;;;1.3;2.1;2.1;2.4
17;Totaal mannen en vrouwen;0;0;0;Direct na afstuderen;3;Cohort 2001/'02;1.3;1.9;1.2;1.8;1.2;1.8;0.8;1.1;1.5;2.3;;;1.3;2.1;2.4;2.6
18;Totaal mannen en vrouwen;0;0;0;Direct na afstuderen;3;Cohort 2002/'03;1.3;1.9;1.2;1.8;1.2;1.8;0.9;1.4;1.5;2.3;1.3;2.5;1.3;2.2;2.3;2.6
19;Totaal mannen en vrouwen;0;0;0;Direct na afstuderen;3;Cohort 2003/'04;1.2;1.9;1.1;1.8;1.1;1.8;0.9;2.2;1.4;2.3;2.1;3.8;1.3;2.1;2.3;2.6
20;Totaal mannen en vrouwen;0;0;0;Direct na afstuderen;4;Cohort 1999/'00;0.9;;0.9;;0.9;;0.7;;0.6;;;;0.6;;0.2;
21;Totaal mannen en vrouwen;0;0;0;Direct na afstuderen;4;Cohort 2000/'01;0.9;1.6;0.9;1.6;0.9;1.6;0.6;;0.7;1.7;1.0;;0.7;1.7;0.2;
22;Totaal mannen en vrouwen;0;0;0;Direct na afstuderen;4;Cohort 2001/'02;1.0;1.6;1.0;1.6;1.0;1.6;0.5;;0.8;1.6;1.0;;0.8;1.6;0.6;
23;Totaal mannen en vrouwen;0;0;0;Direct na afstuderen;4;Cohort 2002/'03;0.9;1.7;1.0;1.7;1.0;1.7;0.9;;0.8;1.9;0.5;;0.8;1.9;0.8;1.6
24;Totaal mannen en vrouwen;0;0;0;Direct na afstuderen;4;Cohort 2003/'04;0.9;1.7;0.9;1.6;0.9;1.6;0.7;1.0;0.8;2.0;0.8;3.1;0.8;2.0;1.2;1.7
25;Totaal mannen en vrouwen;0;0;0;Direct na afstuderen;5;Cohort 1999/'00;1.4;;1.3;;1.3;;;;1.6;;;;1.6;;1.0;
26;Totaal mannen en vrouwen;0;0;0;Direct na afstuderen;5;Cohort 2000/'01;1.4;1.9;1.3;1.8;1.3;1.8;0.5;;1.6;2.4;0.8;;1.6;2.4;1.1;2.0
27;Totaal mannen en vrouwen;0;0;0;Direct na afstuderen;5;Cohort 2001/'02;1.3;1.9;1.2;1.8;1.2;1.8;0.7;;1.4;2.3;;;1.4;2.3;1.7;1.7
28;Totaal mannen en vrouwen;0;0;0;Direct na afstuderen;5;Cohort 2002/'03;1.2;2.0;1.2;1.8;1.2;1.8;0.9;0.7;1.3;2.4;3.5;5.7;1.3;2.4;2.0;4.6
29;Totaal mannen en vrouwen;0;0;0;Direct na afstuderen;5;Cohort 2003/'04;1.3;2.0;1.2;1.9;1.2;1.9;1.5;2.3;1.4;2.3;1.7;2.5;1.3;2.3;1.4;3.8
30;Totaal mannen en vrouwen;0;0;0;Direct na afstuderen;6;Cohort 1999/'00;1.9;;1.7;;1.7;;0.5;;2.3;;;;2.3;;1.8;
31;Totaal mannen en vrouwen;0;0;0;Direct na afstuderen;6;Cohort 2000/'01;2.0;2.2;1.7;1.9;1.7;1.9;;;2.4;2.7;;;2.4;2.7;2.8;4.1
32;Totaal mannen en vrouwen;0;0;0;Direct na afstuderen;6;Cohort 2001/'02;1.9;2.2;1.7;1.9;1.7;1.9;;;2.3;2.6;2.9;2.9;2.3;2.6;2.3;2.6
33;Totaal mannen en vrouwen;0;0;0;Direct na afstuderen;6;Cohort 2002/'03;2.0;2.3;1.7;2.0;1.7;2.0;0.9;;2.4;2.8;2.4;2.4;2.4;2.8;3.1;3.1
34;Totaal mannen en vrouwen;0;0;0;Direct na afstuderen;6;Cohort 2003/'04;2.0;2.3;1.7;2.0;1.8;2.0;0.6;;2.3;2.6;3.1;3.2;2.3;2.5;;
35;Totaal mannen en vrouwen;0;0;0;Direct na afstuderen;7;Cohort 1999/'00;1.7;;1.5;;1.5;;1.5;;1.8;;1.9;;1.8;;1.9;
36;Totaal mannen en vrouwen;0;0;0;Direct na afstuderen;7;Cohort 2000/'01;1.7;2.0;1.6;1.8;1.6;1.8;1.2;1.5;1.9;2.2;1.3;2.3;1.9;2.2;1.9;2.1
37;Totaal mannen en vrouwen;0;0;0;Direct na afstuderen;7;Cohort 2001/'02;1.7;2.0;1.6;1.8;1.6;1.8;1.2;1.6;1.9;2.2;1.4;2.7;1.9;2.2;2.0;2.4
38;Totaal mannen en vrouwen;0;0;0;Direct na afstuderen;7;Cohort 2002/'03;1.7;2.0;1.5;1.8;1.5;1.8;0.8;;1.9;2.2;2.2;2.7;1.9;2.2;2.5;2.9
39;Totaal mannen en vrouwen;0;0;0;Direct na afstuderen;7;Cohort 2003/'04;1.7;2.1;1.5;1.9;1.5;1.9;1.2;1.8;1.9;2.3;2.0;2.6;1.9;2.2;2.0;2.5
40;Totaal mannen en vrouwen;0;0;0;Direct na afstuderen;8;Cohort 1999/'00;1.2;;1.2;;1.2;;0.8;;1.2;;;;1.2;;1.6;
41;Totaal mannen en vrouwen;0;0;0;Direct na afstuderen;8;Cohort 2000/'01;1.3;1.7;1.3;1.7;1.3;1.7;1.0;2.3;1.3;1.9;1.1;;1.2;1.8;2.1;3.2
42;Totaal mannen en vrouwen;0;0;0;Direct na afstuderen;8;Cohort 2001/'02;1.3;1.8;1.3;1.7;1.3;1.7;0.7;;1.3;2.0;0.8;;1.2;1.9;2.5;3.5
43;Totaal mannen en vrouwen;0;0;0;Direct na afstuderen;8;Cohort 2002/'03;1.3;1.8;1.3;1.8;1.3;1.8;0.9;1.4;1.3;2.0;1.2;1.5;1.3;1.9;2.5;3.4
44;Totaal mannen en vrouwen;0;0;0;Direct na afstuderen;8;Cohort 2003/'04;1.3;1.8;1.3;1.8;1.3;1.8;0.9;1.8;1.4;1.9;1.2;1.4;1.3;1.9;1.8;3.0
45;Totaal mannen en vrouwen;0;0;0;Direct na afstuderen;9;Cohort 1999/'00;1.7;;1.4;;1.5;;1.2;;1.9;;;;1.8;;2.6;
46;Totaal mannen en vrouwen;0;0;0;Direct na afstuderen;9;Cohort 2000/'01;1.8;2.0;1.5;1.8;1.5;1.8;1.5;2.0;2.0;2.2;;;2.0;2.1;3.2;3.3
47;Totaal mannen en vrouwen;0;0;0;Direct na afstuderen;9;Cohort 2001/'02;1.8;2.1;1.6;2.0;1.6;2.0;1.2;2.3;2.1;2.2;1.7;;2.0;2.2;3.1;3.2
48;Totaal mannen en vrouwen;0;0;0;Direct na afstuderen;9;Cohort 2002/'03;1.6;2.5;1.4;2.2;1.4;2.2;1.1;2.0;1.8;2.8;3.0;3.1;1.8;2.7;2.4;3.6
49;Totaal mannen en vrouwen;0;0;0;Direct na afstuderen;9;Cohort 2003/'04;1.9;2.5;1.6;2.3;1.7;2.3;1.2;2.5;2.2;2.7;2.4;2.7;2.2;2.7;3.0;3.1
50;Totaal mannen en vrouwen;0;0;0;Direct na afstuderen;M Onderwijs;Cohort 1999/'00;1.3;;1.3;;1.3;;1.3;;1.3;;;;1.3;;1.5;
51;Totaal mannen en vrouwen;0;0;0;Direct na afstuderen;M Onderwijs;Cohort 2000/'01;1.5;1.7;1.4;1.7;1.4;1.7;1.4;1.6;1.5;1.7;0.9;;1.5;1.7;1.8;1.9
52;Totaal mannen en vrouwen;0;0;0;Direct na afstuderen;M Onderwijs;Cohort 2001/'02;1.5;1.8;1.5;1.8;1.5;1.8;1.4;1.8;1.6;1.8;1.1;;1.6;1.8;1.9;2.1
53;Totaal mannen en vrouwen;0;0;0;Direct na afstuderen;M Onderwijs;Cohort 2002/'03;1.3;1.9;1.3;1.9;1.3;1.9;1.3;1.9;1.3;2.0;1.8;2.0;1.3;2.0;1.5;2.2
54;Totaal mannen en vrouwen;0;0;0;Direct na afstuderen;M Onderwijs;Cohort 2003/'04;1.6;2.1;1.6;2.1;1.6;2.1;1.6;2.1;1.6;2.1;1.9;2.2;1.6;2.1;1.6;2.0
55;Totaal mannen en vrouwen;0;0;0;Direct na afstuderen;N Gezondheids- en welzijnszorg;Cohort 1999/'00;1.5;;1.3;;1.3;;0.4;;2.0;;;;1.4;;2.3;
56;Totaal mannen en vrouwen;0;0;0;Direct na afstuderen;N Gezondheids- en welzijnszorg;Cohort 2000/'01;1.6;2.0;1.3;1.7;1.3;1.7;1.2;1.3;2.0;2.4;;;1.5;2.0;2.4;2.6
57;Totaal mannen en vrouwen;0;0;0;Direct na afstuderen;N Gezondheids- en welzijnszorg;Cohort 2001/'02;1.6;2.2;1.4;1.8;1.4;1.8;1.8;2.0;2.1;2.6;1.8;;1.6;2.1;2.5;2.8
58;Totaal mannen en vrouwen;0;0;0;Direct na afstuderen;N Gezondheids- en welzijnszorg;Cohort 2002/'03;1.6;2.3;1.4;1.9;1.4;1.9;0.7;;2.1;2.8;1.9;1.7;1.5;2.2;2.6;2.9
59;Totaal mannen en vrouwen;0;0;0;Direct na afstuderen;N Gezondheids- en welzijnszorg;Cohort 2003/'04;1.7;2.3;1.3;1.9;1.3;1.9;0.9;1.4;2.1;2.7;1.4;3.5;1.6;2.3;2.7;2.8
60;Totaal mannen en vrouwen;0;0;0;Direct na afstuderen;9000e Milieu, cultuur, recreatie en ..;Cohort 1999/'00;1.3;;1.2;;1.2;;0.9;;1.5;;;;1.5;;1.3;
61;Totaal mannen en vrouwen;0;0;0;Direct na afstuderen;9000e Milieu, cultuur, recreatie en ..;Cohort 2000/'01;1.4;1.8;1.3;1.7;1.3;1.7;1.2;2.0;1.6;2.0;;;1.5;2.0;2.3;2.4
62;Totaal mannen en vrouwen;0;0;0;Direct na afstuderen;9000e Milieu, cultuur, recreatie en ..;Cohort 2001/'02;1.4;2.0;1.3;1.9;1.3;1.8;1.2;2.4;1.6;2.1;1.6;1.6;1.6;2.1;2.2;2.3
63;Totaal mannen en vrouwen;0;0;0;Direct na afstuderen;9000e Milieu, cultuur, recreatie en ..;Cohort 2002/'03;1.4;2.0;1.2;1.8;1.2;1.8;1.3;2.4;1.6;2.2;1.2;2.1;1.5;2.1;2.3;2.4
64;Totaal mannen en vrouwen;0;0;0;Direct na afstuderen;9000e Milieu, cultuur, recreatie en ..;Cohort 2003/'04;1.3;2.0;1.2;1.9;1.2;1.8;1.0;2.0;1.6;2.2;1.5;2.5;1.4;2.1;2.3;2.5
65;Totaal mannen en vrouwen;0;0;0;Direct na afstuderen;Onbekend;Cohort 1999/'00;1.8;;1.6;;1.6;;;;2.1;;;;2.1;;;
66;Totaal mannen en vrouwen;0;0;0;Direct na afstuderen;Onbekend;Cohort 2000/'01;1.5;3.4;0.6;1.6;0.6;1.6;;;2.8;4.9;;;2.8;4.9;;
67;Totaal mannen en vrouwen;0;0;0;Direct na afstuderen;Onbekend;Cohort 2001/'02;1.5;2.3;1.4;2.1;1.4;2.1;;;1.9;2.9;;;1.9;3.1;1.8;1.8
68;Totaal mannen en vrouwen;0;0;0;Direct na afstuderen;Onbekend;Cohort 2002/'03;1.5;2.5;1.2;1.9;1.2;1.9;;;2.1;3.4;;;2.2;3.4;2.1;3.9
69;Totaal mannen en vrouwen;0;0;0;Direct na afstuderen;Onbekend;Cohort 2003/'04;1.5;2.7;1.1;2.2;1.2;2.2;0.7;;2.5;3.4;3.7;3.7;2.2;3.4;3.2;3.2
70;Totaal mannen en vrouwen;0;0;0;Één jaar na afstuderen;0;Cohort 1999/'00;2.0;2.2;1.9;2.1;1.9;2.1;1.8;2.0;2.2;2.4;2.3;2.3;2.2;2.4;2.6;2.7
71;Totaal mannen en vrouwen;0;0;0;Één jaar na afstuderen;0;Cohort 2000/'01;2.1;2.2;1.9;2.1;1.9;2.1;1.9;2.2;2.3;2.5;1.6;2.4;2.2;2.4;2.8;2.9
72;Totaal mannen en vrouwen;0;0;0;Één jaar na afstuderen;0;Cohort 2001/'02;2.0;2.3;1.9;2.1;1.9;2.1;1.9;2.3;2.3;2.5;1.9;2.6;2.2;2.5;2.9;3.1
73;Totaal mannen en vrouwen;0;0;0;Één jaar na afstuderen;0;Cohort 2002/'03;2.0;2.3;1.9;2.1;1.9;2.1;1.9;2.3;2.3;2.5;2.0;2.5;2.2;2.4;2.9;3.0
74;Totaal mannen en vrouwen;0;0;0;Één jaar na afstuderen;0;Cohort 2003/'04;2.1;2.3;1.9;2.1;1.9;2.1;1.8;2.3;2.3;2.6;2.2;2.9;2.3;2.5;2.9;2.9
75;Totaal mannen en vrouwen;0;0;0;Één jaar na afstuderen;1;Cohort 1999/'00;1.8;2.0;1.8;2.0;1.8;2.0;;;1.8;2.1;;;1.8;2.1;;
76;Totaal mannen en vrouwen;0;0;0;Één jaar na afstuderen;1;Cohort 2000/'01;1.9;2.3;2.0;2.3;2.0;2.3;;;1.4;2.2;;;1.4;2.1;2.5;2.5
77;Totaal mannen en vrouwen;0;0;0;Één jaar na afstuderen;1;Cohort 2001/'02;1.8;2.0;1.8;2.0;1.8;2.0;;;1.8;2.2;;;1.8;2.2;0.5;
78;Totaal mannen en vrouwen;0;0;0;Één jaar na afstuderen;1;Cohort 2002/'03;1.8;2.2;1.8;2.2;1.8;2.2;1.9;1.9;1.9;2.3;0.0;;2.0;2.3;;
79;Totaal mannen en vrouwen;0;0;0;Één jaar na afstuderen;1;Cohort 2003/'04;1.9;2.1;1.8;2.1;1.8;2.1;;;2.3;2.5;;;2.3;2.5;;
80;Totaal mannen en vrouwen;0;0;0;Één jaar na afstuderen;2;Cohort 1999/'00;2.2;2.2;2.1;2.1;2.1;2.1;0.3;;2.5;2.5;;;2.5;2.5;2.5;2.6
81;Totaal mannen en vrouwen;0;0;0;Één jaar na afstuderen;2;Cohort 2000/'01;2.2;2.3;2.1;2.2;2.1;2.2;2.1;2.1;2.5;2.6;;;2.5;2.6;2.8;2.8
82;Totaal mannen en vrouwen;0;0;0;Één jaar na afstuderen;2;Cohort 2001/'02;2.2;2.3;2.1;2.2;2.1;2.2;1.4;1.8;2.6;2.7;0.9;1.4;2.6;2.7;2.8;2.9
83;Totaal mannen en vrouwen;0;0;0;Één jaar na afstuderen;2;Cohort 2002/'03;2.2;2.3;2.1;2.2;2.1;2.2;1.5;1.5;2.6;2.6;2.8;2.8;2.6;2.6;2.6;2.5
84;Totaal mannen en vrouwen;0;0;0;Één jaar na afstuderen;2;Cohort 2003/'04;2.3;2.3;2.2;2.2;2.2;2.2;;;2.6;2.7;2.7;3.0;2.6;2.7;2.8;3.0
85;Totaal mannen en vrouwen;0;0;0;Één jaar na afstuderen;3;Cohort 1999/'00;2.0;2.1;1.9;2.1;1.9;2.1;1.1;1.9;2.2;2.4;;;2.2;2.4;2.6;2.6
86;Totaal mannen en vrouwen;0;0;0;Één jaar na afstuderen;3;Cohort 2000/'01;2.0;2.2;1.9;2.0;1.9;2.0;2.7;3.6;2.3;2.6;;;2.3;2.5;2.7;2.8
87;Totaal mannen en vrouwen;0;0;0;Één jaar na afstuderen;3;Cohort 2001/'02;2.0;2.2;1.9;2.0;1.9;2.0;1.4;1.7;2.3;2.6;;;2.2;2.5;2.9;3.0
88;Totaal mannen en vrouwen;0;0;0;Één jaar na afstuderen;3;Cohort 2002/'03;1.9;2.1;1.9;2.0;1.9;2.0;1.2;1.4;2.2;2.5;1.3;2.0;2.1;2.4;2.8;2.9
89;Totaal mannen en vrouwen;0;0;0;Één jaar na afstuderen;3;Cohort 2003/'04;2.0;2.2;1.9;2.1;1.9;2.1;1.5;1.9;2.2;2.6;2.5;3.4;2.1;2.4;2.7;2.8
90;Totaal mannen en vrouwen;0;0;0;Één jaar na afstuderen;4;Cohort 1999/'00;1.5;1.9;1.6;1.9;1.6;1.9;;;1.1;2.0;;;1.2;2.0;0.5;
91;Totaal mannen en vrouwen;0;0;0;Één jaar na afstuderen;4;Cohort 2000/'01;1.5;1.9;1.5;1.9;1.6;1.9;0.9;;1.4;2.1;0.8;;1.4;2.1;;
92;Totaal mannen en vrouwen;0;0;0;Één jaar na afstuderen;4;Cohort 2001/'02;1.5;1.9;1.6;1.9;1.6;1.9;0.9;;1.2;1.8;;;1.2;1.8;0.7;
93;Totaal mannen en vrouwen;0;0;0;Één jaar na afstuderen;4;Cohort 2002/'03;1.5;1.9;1.5;1.9;1.5;1.9;1.3;2.0;1.3;2.0;0.8;;1.3;2.0;1.2;
94;Totaal mannen en vrouwen;0;0;0;Één jaar na afstuderen;4;Cohort 2003/'04;1.4;2.0;1.5;1.9;1.5;1.9;0.9;1.3;1.4;2.5;1.0;2.0;1.4;2.5;1.7;
95;Totaal mannen en vrouwen;0;0;0;Één jaar na afstuderen;5;Cohort 1999/'00;2.1;2.3;2.0;2.1;2.0;2.1;1.2;;2.5;2.6;;;2.5;2.6;0.7;
96;Totaal mannen en vrouwen;0;0;0;Één jaar na afstuderen;5;Cohort 2000/'01;2.1;2.2;2.0;2.1;2.0;2.1;1.6;2.0;2.4;2.6;;;2.4;2.6;2.3;2.3
97;Totaal mannen en vrouwen;0;0;0;Één jaar na afstuderen;5;Cohort 2001/'02;2.0;2.2;1.9;2.1;1.9;2.1;1.1;;2.2;2.6;;;2.2;2.6;1.1;
98;Totaal mannen en vrouwen;0;0;0;Één jaar na afstuderen;5;Cohort 2002/'03;1.9;2.2;1.8;2.1;1.8;2.1;0.8;;2.1;2.5;3.0;3.0;2.1;2.5;2.8;5.3
99;Totaal mannen en vrouwen;0;0;0;Één jaar na afstuderen;5;Cohort 2003/'04;2.0;2.2;1.9;2.1;1.9;2.1;2.0;;2.2;2.6;2.0;2.5;2.2;2.6;;
100;Totaal mannen en vrouwen;0;0;0;Één jaar na afstuderen;6;Cohort 1999/'00;2.4;2.4;2.1;2.2;2.1;2.2;0.5;;2.8;2.8;;;2.8;2.8;2.9;2.9
101;Totaal mannen en vrouwen;0;0;0;Één jaar na afstuderen;6;Cohort 2000/'01;2.5;2.5;2.2;2.3;2.2;2.3;;;2.9;2.9;;;2.9;2.9;4.3;4.3
102;Totaal mannen en vrouwen;0;0;0;Één jaar na afstuderen;6;Cohort 2001/'02;2.4;2.5;2.2;2.2;2.2;2.2;;;2.7;2.8;3.3;3.3;2.7;2.8;3.4;3.2
103;Totaal mannen en vrouwen;0;0;0;Één jaar na afstuderen;6;Cohort 2002/'03;2.4;2.5;2.1;2.2;2.1;2.2;;;2.8;2.8;2.8;2.8;2.7;2.8;4.3;4.3
104;Totaal mannen en vrouwen;0;0;0;Één jaar na afstuderen;6;Cohort 2003/'04;2.5;2.6;2.2;2.2;2.2;2.2;0.6;;2.9;3.0;3.3;3.9;2.9;3.0;1.1;
105;Totaal mannen en vrouwen;0;0;0;Één jaar na afstuderen;7;Cohort 1999/'00;2.2;2.2;2.0;2.1;2.0;2.1;2.0;2.1;2.3;2.4;2.3;2.3;2.3;2.4;2.1;2.4
106;Totaal mannen en vrouwen;0;0;0;Één jaar na afstuderen;7;Cohort 2000/'01;2.2;2.2;2.0;2.1;2.0;2.1;1.4;1.8;2.4;2.4;2.4;2.4;2.4;2.4;2.4;2.5
107;Totaal mannen en vrouwen;0;0;0;Één jaar na afstuderen;7;Cohort 2001/'02;2.2;2.3;2.0;2.1;2.0;2.1;1.5;1.4;2.4;2.5;2.6;2.6;2.4;2.5;2.7;2.8
108;Totaal mannen en vrouwen;0;0;0;Één jaar na afstuderen;7;Cohort 2002/'03;2.2;2.3;2.0;2.1;2.0;2.1;1.1;1.7;2.3;2.4;2.4;2.6;2.3;2.4;2.9;3.1
109;Totaal mannen en vrouwen;0;0;0;Één jaar na afstuderen;7;Cohort 2003/'04;2.2;2.3;2.0;2.1;2.0;2.1;1.9;2.0;2.4;2.5;2.4;2.6;2.4;2.5;2.8;2.7
110;Totaal mannen en vrouwen;0;0;0;Één jaar na afstuderen;8;Cohort 1999/'00;1.7;2.0;1.7;1.9;1.7;1.9;1.3;1.7;1.7;2.1;;;1.7;2.1;2.3;2.8
111;Totaal mannen en vrouwen;0;0;0;Één jaar na afstuderen;8;Cohort 2000/'01;1.7;2.0;1.7;2.0;1.7;2.0;0.9;;1.7;2.2;1.8;;1.7;2.2;2.3;2.9
112;Totaal mannen en vrouwen;0;0;0;Één jaar na afstuderen;8;Cohort 2001/'02;1.7;2.1;1.7;2.0;1.7;2.0;1.5;1.8;1.8;2.2;;;1.8;2.2;2.9;3.1
113;Totaal mannen en vrouwen;0;0;0;Één jaar na afstuderen;8;Cohort 2002/'03;1.7;2.0;1.7;2.0;1.7;2.0;1.1;2.8;1.8;2.2;1.2;1.7;1.8;2.2;2.2;2.8
114;Totaal mannen en vrouwen;0;0;0;Één jaar na afstuderen;8;Cohort 2003/'04;1.8;2.1;1.7;2.0;1.7;2.0;1.1;1.4;1.8;2.2;1.5;1.9;1.8;2.2;2.6;2.4
115;Totaal mannen en vrouwen;0;0;0;Één jaar na afstuderen;9;Cohort 1999/'00;2.1;2.2;1.9;2.0;1.9;2.0;1.3;1.9;2.3;2.3;;;2.2;2.3;3.4;3.5
116;Totaal mannen en vrouwen;0;0;0;Één jaar na afstuderen;9;Cohort 2000/'01;2.2;2.3;2.0;2.1;2.0;2.1;1.2;1.9;2.4;2.4;;;2.3;2.4;3.5;3.7
117;Totaal mannen en vrouwen;0;0;0;Één jaar na afstuderen;9;Cohort 2001/'02;2.1;2.4;1.9;2.2;1.9;2.2;1.6;2.3;2.4;2.6;1.6;2.6;2.3;2.6;3.5;3.6
118;Totaal mannen en vrouwen;0;0;0;Één jaar na afstuderen;9;Cohort 2002/'03;2.2;2.5;2.0;2.2;2.0;2.2;1.1;2.2;2.5;2.7;3.0;2.7;2.4;2.6;3.6;3.7
119;Totaal mannen en vrouwen;0;0;0;Één jaar na afstuderen;9;Cohort 2003/'04;2.4;2.5;2.1;2.3;2.1;2.3;2.0;2.8;2.6;2.7;2.6;2.9;2.5;2.6;3.4;3.4
120;Totaal mannen en vrouwen;0;0;0;Één jaar na afstuderen;M Onderwijs;Cohort 1999/'00;1.9;2.0;1.9;2.1;1.9;2.1;1.9;2.1;1.8;1.9;;;1.8;1.9;2.0;2.0
121;Totaal mannen en vrouwen;0;0;0;Één jaar na afstuderen;M Onderwijs;Cohort 2000/'01;2.0;2.1;2.0;2.2;2.0;2.2;2.1;2.2;1.9;2.0;1.4;;1.8;1.9;2.1;2.2
122;Totaal mannen en vrouwen;0;0;0;Één jaar na afstuderen;M Onderwijs;Cohort 2001/'02;2.0;2.2;2.0;2.2;2.0;2.2;2.1;2.3;1.9;2.1;0.2;;1.9;2.1;2.2;2.3
123;Totaal mannen en vrouwen;0;0;0;Één jaar na afstuderen;M Onderwijs;Cohort 2002/'03;2.0;2.2;2.0;2.3;2.0;2.3;2.1;2.3;1.9;2.1;1.7;1.7;1.9;2.1;2.0;2.2
124;Totaal mannen en vrouwen;0;0;0;Één jaar na afstuderen;M Onderwijs;Cohort 2003/'04;2.0;2.3;2.0;2.3;2.0;2.3;2.0;2.3;2.1;2.2;2.2;2.5;2.1;2.2;2.2;2.3
125;Totaal mannen en vrouwen;0;0;0;Één jaar na afstuderen;N Gezondheids- en welzijnszorg;Cohort 1999/'00;1.9;2.2;1.7;1.9;1.7;1.9;0.6;;2.3;2.6;;;1.9;2.1;2.7;2.8
126;Totaal mannen en vrouwen;0;0;0;Één jaar na afstuderen;N Gezondheids- en welzijnszorg;Cohort 2000/'01;2.0;2.4;1.8;2.1;1.8;2.1;1.0;;2.5;2.8;;;2.0;2.3;2.9;3.0
127;Totaal mannen en vrouwen;0;0;0;Één jaar na afstuderen;N Gezondheids- en welzijnszorg;Cohort 2001/'02;2.1;2.4;1.9;2.1;1.9;2.1;2.2;2.6;2.5;2.9;2.5;;2.0;2.4;3.0;3.2
128;Totaal mannen en vrouwen;0;0;0;Één jaar na afstuderen;N Gezondheids- en welzijnszorg;Cohort 2002/'03;2.1;2.4;1.8;2.1;1.8;2.1;1.2;2.1;2.5;2.8;2.3;2.0;2.0;2.3;3.0;3.1
129;Totaal mannen en vrouwen;0;0;0;Één jaar na afstuderen;N Gezondheids- en welzijnszorg;Cohort 2003/'04;2.1;2.5;1.8;2.1;1.8;2.1;1.0;1.4;2.5;2.8;1.9;2.7;2.1;2.5;3.0;3.0
130;Totaal mannen en vrouwen;0;0;0;Één jaar na afstuderen;9000e Milieu, cultuur, recreatie en ..;Cohort 1999/'00;1.8;2.1;1.7;2.0;1.7;2.0;1.1;1.7;2.0;2.2;;;1.9;2.2;2.2;2.3
131;Totaal mannen en vrouwen;0;0;0;Één jaar na afstuderen;9000e Milieu, cultuur, recreatie en ..;Cohort 2000/'01;1.9;2.1;1.8;2.0;1.8;2.0;1.7;2.3;2.1;2.3;1.2;;2.0;2.2;2.4;2.4
132;Totaal mannen en vrouwen;0;0;0;Één jaar na afstuderen;9000e Milieu, cultuur, recreatie en ..;Cohort 2001/'02;1.9;2.3;1.8;2.1;1.8;2.1;1.5;2.4;2.2;2.4;;;2.0;2.3;2.5;2.5
133;Totaal mannen en vrouwen;0;0;0;Één jaar na afstuderen;9000e Milieu, cultuur, recreatie en ..;Cohort 2002/'03;1.9;2.2;1.7;2.1;1.7;2.1;1.7;2.8;2.1;2.4;1.5;2.4;2.0;2.3;2.5;2.5
134;Totaal mannen en vrouwen;0;0;0;Één jaar na afstuderen;9000e Milieu, cultuur, recreatie en ..;Cohort 2003/'04;1.9;2.3;1.7;2.1;1.7;2.1;1.4;2.5;2.1;2.4;1.9;2.2;2.0;2.3;2.5;2.5
135;Totaal mannen en vrouwen;0;0;0;Één jaar na afstuderen;Onbekend;Cohort 1999/'00;2.9;3.4;2.5;3.0;2.5;3.0;;;3.6;4.0;;;3.6;4.0;;
136;Totaal mannen en vrouwen;0;0;0;Één jaar na afstuderen;Onbekend;Cohort 2000/'01;2.2;2.7;1.9;2.3;1.9;2.3;;;2.7;3.2;;;2.6;3.2;3.3;3.3
137;Totaal mannen en vrouwen;0;0;0;Één jaar na afstuderen;Onbekend;Cohort 2001/'02;2.3;2.9;1.9;2.4;1.9;2.4;0.5;;3.4;4.2;;;3.2;4.1;4.9;4.9
138;Totaal mannen en vrouwen;0;0;0;Één jaar na afstuderen;Onbekend;Cohort 2002/'03;2.7;3.1;2.2;2.6;2.2;2.6;;;3.7;4.1;3.6;3.6;3.5;4.0;5.0;5.0
139;Totaal mannen en vrouwen;0;0;0;Één jaar na afstuderen;Onbekend;Cohort 2003/'04;2.2;2.7;1.9;2.3;1.9;2.3;;;3.1;3.6;5.2;5.2;2.9;3.5;3.4;3.4
140;Totaal mannen en vrouwen;0;0;0;Twee jaar na afstuderen;0;Cohort 1999/'00;2.3;2.4;2.1;2.3;2.1;2.3;2.0;2.3;2.5;2.7;1.7;;2.5;2.7;2.9;3.0
141;Totaal mannen en vrouwen;0;0;0;Twee jaar na afstuderen;0;Cohort 2000/'01;2.3;2.5;2.1;2.3;2.1;2.3;2.1;2.3;2.6;2.7;2.0;3.7;2.5;2.7;3.0;3.1
142;Totaal mannen en vrouwen;0;0;0;Twee jaar na afstuderen;0;Cohort 2001/'02;2.3;2.5;2.1;2.3;2.1;2.3;2.0;2.4;2.6;2.7;2.1;2.7;2.5;2.7;3.1;3.1
143;Totaal mannen en vrouwen;0;0;0;Twee jaar na afstuderen;0;Cohort 2002/'03;2.3;2.5;2.1;2.3;2.1;2.3;2.2;2.5;2.6;2.8;2.3;2.8;2.5;2.7;3.0;3.1
144;Totaal mannen en vrouwen;0;0;0;Twee jaar na afstuderen;0;Cohort 2003/'04;2.5;2.7;2.3;2.5;2.3;2.5;2.1;2.6;2.8;3.0;2.6;3.3;2.8;3.0;3.2;3.2
145;Totaal mannen en vrouwen;0;0;0;Twee jaar na afstuderen;1;Cohort 1999/'00;2.1;2.3;2.1;2.2;2.1;2.2;;;2.4;2.4;;;2.4;2.4;;
146;Totaal mannen en vrouwen;0;0;0;Twee jaar na afstuderen;1;Cohort 2000/'01;2.1;2.3;2.1;2.3;2.1;2.3;;;2.1;2.5;;;2.0;2.6;2.4;2.4
147;Totaal mannen en vrouwen;0;0;0;Twee jaar na afstuderen;1;Cohort 2001/'02;2.1;2.3;2.1;2.4;2.1;2.4;;;2.1;2.2;;;2.1;2.2;;
148;Totaal mannen en vrouwen;0;0;0;Twee jaar na afstuderen;1;Cohort 2002/'03;2.0;2.3;2.0;2.3;2.0;2.3;;;2.0;2.3;;;2.0;2.3;;
149;Totaal mannen en vrouwen;0;0;0;Twee jaar na afstuderen;1;Cohort 2003/'04;2.4;2.5;2.3;2.5;2.3;2.5;;;2.8;2.9;;;2.8;2.9;;
150;Totaal mannen en vrouwen;0;0;0;Twee jaar na afstuderen;2;Cohort 1999/'00;2.5;2.5;2.3;2.4;2.3;2.4;;;2.8;2.9;;;2.8;2.9;3.1;3.1
151;Totaal mannen en vrouwen;0;0;0;Twee jaar na afstuderen;2;Cohort 2000/'01;2.5;2.5;2.3;2.4;2.3;2.4;1.3;1.3;2.8;2.9;;;2.8;2.9;3.1;3.1
152;Totaal mannen en vrouwen;0;0;0;Twee jaar na afstuderen;2;Cohort 2001/'02;2.5;2.5;2.3;2.4;2.3;2.4;2.0;2.4;2.9;3.0;1.7;3.0;2.9;3.0;3.1;3.3
153;Totaal mannen en vrouwen;0;0;0;Twee jaar na afstuderen;2;Cohort 2002/'03;2.5;2.5;2.3;2.4;2.3;2.4;0.9;;2.9;2.9;3.6;3.6;2.9;2.9;2.9;2.7
154;Totaal mannen en vrouwen;0;0;0;Twee jaar na afstuderen;2;Cohort 2003/'04;2.7;2.7;2.5;2.6;2.5;2.6;;;3.1;3.2;3.2;3.8;3.1;3.2;3.4;3.6
155;Totaal mannen en vrouwen;0;0;0;Twee jaar na afstuderen;3;Cohort 1999/'00;2.3;2.4;2.2;2.3;2.2;2.3;1.5;1.9;2.7;2.8;;;2.6;2.8;3.0;3.1
156;Totaal mannen en vrouwen;0;0;0;Twee jaar na afstuderen;3;Cohort 2000/'01;2.3;2.4;2.1;2.3;2.1;2.3;1.6;2.1;2.7;2.9;5.6;5.6;2.6;2.8;3.1;3.2
157;Totaal mannen en vrouwen;0;0;0;Twee jaar na afstuderen;3;Cohort 2001/'02;2.2;2.4;2.1;2.2;2.1;2.2;2.1;2.3;2.6;2.8;4.0;4.0;2.5;2.7;3.1;3.2
158;Totaal mannen en vrouwen;0;0;0;Twee jaar na afstuderen;3;Cohort 2002/'03;2.2;2.4;2.1;2.3;2.1;2.3;1.3;1.6;2.6;2.8;1.4;1.8;2.5;2.7;3.3;3.4
159;Totaal mannen en vrouwen;0;0;0;Twee jaar na afstuderen;3;Cohort 2003/'04;2.4;2.6;2.3;2.5;2.3;2.5;1.6;2.5;2.9;3.1;3.0;4.4;2.8;3.0;3.2;3.3
160;Totaal mannen en vrouwen;0;0;0;Twee jaar na afstuderen;4;Cohort 1999/'00;1.8;2.1;1.8;2.1;1.8;2.1;2.1;2.1;1.5;2.1;;;1.5;2.1;;
161;Totaal mannen en vrouwen;0;0;0;Twee jaar na afstuderen;4;Cohort 2000/'01;1.8;2.1;1.8;2.1;1.8;2.1;1.2;1.6;1.7;2.4;;;1.7;2.4;;
162;Totaal mannen en vrouwen;0;0;0;Twee jaar na afstuderen;4;Cohort 2001/'02;1.8;2.0;1.8;2.0;1.8;2.0;2.0;;1.5;2.1;;;1.5;2.1;1.0;
163;Totaal mannen en vrouwen;0;0;0;Twee jaar na afstuderen;4;Cohort 2002/'03;1.7;2.1;1.8;2.1;1.8;2.1;1.5;;1.7;2.3;1.0;;1.7;2.3;1.1;2.5
164;Totaal mannen en vrouwen;0;0;0;Twee jaar na afstuderen;4;Cohort 2003/'04;1.8;2.2;1.8;2.1;1.8;2.1;0.9;;1.8;2.4;1.5;2.0;1.8;2.4;2.5;2.5
165;Totaal mannen en vrouwen;0;0;0;Twee jaar na afstuderen;5;Cohort 1999/'00;2.4;2.5;2.2;2.3;2.2;2.3;1.5;;2.8;2.9;;;2.8;2.9;6.6;6.6
166;Totaal mannen en vrouwen;0;0;0;Twee jaar na afstuderen;5;Cohort 2000/'01;2.3;2.4;2.1;2.3;2.1;2.3;1.4;1.0;2.7;2.9;;;2.7;2.9;2.6;2.6
167;Totaal mannen en vrouwen;0;0;0;Twee jaar na afstuderen;5;Cohort 2001/'02;2.2;2.4;2.1;2.3;2.1;2.3;2.3;2.3;2.6;2.9;;;2.5;2.8;17.4;17.4
168;Totaal mannen en vrouwen;0;0;0;Twee jaar na afstuderen;5;Cohort 2002/'03;2.2;2.4;2.1;2.3;2.1;2.3;;;2.5;2.8;3.5;4.2;2.5;2.8;3.3;5.0
169;Totaal mannen en vrouwen;0;0;0;Twee jaar na afstuderen;5;Cohort 2003/'04;2.4;2.6;2.3;2.4;2.3;2.4;1.8;2.2;2.8;3.0;2.5;2.9;2.8;3.0;;
170;Totaal mannen en vrouwen;0;0;0;Twee jaar na afstuderen;6;Cohort 1999/'00;2.8;2.8;2.4;2.5;2.4;2.5;0.6;;3.2;3.3;;;3.2;3.3;3.6;3.6
171;Totaal mannen en vrouwen;0;0;0;Twee jaar na afstuderen;6;Cohort 2000/'01;2.8;2.8;2.4;2.5;2.4;2.5;;;3.2;3.3;;;3.2;3.3;3.5;3.7
172;Totaal mannen en vrouwen;0;0;0;Twee jaar na afstuderen;6;Cohort 2001/'02;2.7;2.8;2.4;2.5;2.4;2.5;;;3.1;3.2;4.2;4.2;3.1;3.2;4.3;2.7
173;Totaal mannen en vrouwen;0;0;0;Twee jaar na afstuderen;6;Cohort 2002/'03;2.8;2.9;2.4;2.5;2.4;2.5;;;3.3;3.4;3.5;3.5;3.3;3.5;3.3;2.6
174;Totaal mannen en vrouwen;0;0;0;Twee jaar na afstuderen;6;Cohort 2003/'04;3.0;3.0;2.6;2.6;2.6;2.6;;;3.6;3.6;4.2;4.4;3.6;3.6;3.4;3.5
175;Totaal mannen en vrouwen;0;0;0;Twee jaar na afstuderen;7;Cohort 1999/'00;2.4;2.5;2.2;2.3;2.2;2.3;2.0;2.5;2.6;2.7;1.7;;2.6;2.7;2.4;2.7
176;Totaal mannen en vrouwen;0;0;0;Twee jaar na afstuderen;7;Cohort 2000/'01;2.4;2.5;2.2;2.3;2.2;2.3;2.4;3.1;2.6;2.7;2.4;2.7;2.6;2.7;2.8;2.9
177;Totaal mannen en vrouwen;0;0;0;Twee jaar na afstuderen;7;Cohort 2001/'02;2.4;2.5;2.2;2.3;2.2;2.3;1.9;2.3;2.6;2.7;2.2;2.2;2.6;2.7;2.9;3.1
178;Totaal mannen en vrouwen;0;0;0;Twee jaar na afstuderen;7;Cohort 2002/'03;2.4;2.5;2.2;2.3;2.2;2.3;1.5;1.6;2.6;2.7;2.6;2.8;2.6;2.7;2.9;3.0
179;Totaal mannen en vrouwen;0;0;0;Twee jaar na afstuderen;7;Cohort 2003/'04;2.7;2.8;2.5;2.5;2.5;2.5;2.1;2.4;2.9;3.0;2.8;3.0;2.9;3.0;3.1;3.1
180;Totaal mannen en vrouwen;0;0;0;Twee jaar na afstuderen;8;Cohort 1999/'00;1.9;2.2;1.9;2.1;1.9;2.1;2.2;2.2;2.0;2.4;;;2.0;2.4;2.4;2.8
181;Totaal mannen en vrouwen;0;0;0;Twee jaar na afstuderen;8;Cohort 2000/'01;2.0;2.2;1.9;2.2;2.0;2.2;1.4;1.5;2.0;2.4;0.6;;2.0;2.4;2.3;2.9
182;Totaal mannen en vrouwen;0;0;0;Twee jaar na afstuderen;8;Cohort 2001/'02;1.9;2.2;1.9;2.2;1.9;2.2;1.0;1.4;2.1;2.4;0.8;;2.0;2.4;2.4;3.2
183;Totaal mannen en vrouwen;0;0;0;Twee jaar na afstuderen;8;Cohort 2002/'03;1.9;2.2;1.9;2.2;1.9;2.2;1.2;2.7;2.0;2.4;1.8;2.0;2.0;2.4;2.1;2.0
184;Totaal mannen en vrouwen;0;0;0;Twee jaar na afstuderen;8;Cohort 2003/'04;2.1;2.5;2.1;2.5;2.1;2.5;1.2;;2.2;2.7;1.9;2.5;2.2;2.7;3.0;5.0
185;Totaal mannen en vrouwen;0;0;0;Twee jaar na afstuderen;9;Cohort 1999/'00;2.4;2.5;2.2;2.3;2.2;2.3;1.2;1.7;2.6;2.6;;;2.5;2.6;3.6;3.8
186;Totaal mannen en vrouwen;0;0;0;Twee jaar na afstuderen;9;Cohort 2000/'01;2.4;2.6;2.2;2.4;2.2;2.4;1.6;1.9;2.6;2.8;;;2.5;2.7;3.9;4.2
187;Totaal mannen en vrouwen;0;0;0;Twee jaar na afstuderen;9;Cohort 2001/'02;2.5;2.6;2.3;2.4;2.3;2.4;1.8;2.1;2.7;2.9;1.8;2.5;2.7;2.8;4.0;4.2
188;Totaal mannen en vrouwen;0;0;0;Twee jaar na afstuderen;9;Cohort 2002/'03;2.5;2.6;2.3;2.4;2.3;2.4;1.8;2.3;2.8;2.8;2.9;3.1;2.7;2.8;3.9;4.0
189;Totaal mannen en vrouwen;0;0;0;Twee jaar na afstuderen;9;Cohort 2003/'04;2.7;2.8;2.5;2.6;2.5;2.6;2.2;2.8;2.9;3.0;2.9;3.1;2.9;3.0;4.0;4.1
190;Totaal mannen en vrouwen;0;0;0;Twee jaar na afstuderen;M Onderwijs;Cohort 1999/'00;2.1;2.2;2.1;2.3;2.1;2.3;2.1;2.3;2.0;2.1;;;2.0;2.1;2.3;2.3
191;Totaal mannen en vrouwen;0;0;0;Twee jaar na afstuderen;M Onderwijs;Cohort 2000/'01;2.1;2.3;2.1;2.3;2.1;2.3;2.2;2.3;2.0;2.2;0.1;;2.0;2.2;2.2;2.4
192;Totaal mannen en vrouwen;0;0;0;Twee jaar na afstuderen;M Onderwijs;Cohort 2001/'02;2.2;2.3;2.2;2.4;2.2;2.4;2.2;2.3;2.1;2.3;1.7;1.7;2.1;2.2;2.3;2.4
193;Totaal mannen en vrouwen;0;0;0;Twee jaar na afstuderen;M Onderwijs;Cohort 2002/'03;2.2;2.4;2.2;2.5;2.2;2.5;2.3;2.5;2.2;2.3;1.7;2.1;2.2;2.3;2.2;2.4
194;Totaal mannen en vrouwen;0;0;0;Twee jaar na afstuderen;M Onderwijs;Cohort 2003/'04;2.3;2.5;2.3;2.5;2.3;2.5;2.2;2.6;2.4;2.5;2.3;2.4;2.4;2.5;2.5;2.6
195;Totaal mannen en vrouwen;0;0;0;Twee jaar na afstuderen;N Gezondheids- en welzijnszorg;Cohort 1999/'00;2.1;2.5;2.0;2.2;2.0;2.2;1.6;;2.6;2.8;;;2.2;2.4;3.0;3.1
196;Totaal mannen en vrouwen;0;0;0;Twee jaar na afstuderen;N Gezondheids- en welzijnszorg;Cohort 2000/'01;2.2;2.5;2.0;2.3;2.0;2.3;1.6;;2.7;3.0;0.5;;2.2;2.5;3.1;3.2
197;Totaal mannen en vrouwen;0;0;0;Twee jaar na afstuderen;N Gezondheids- en welzijnszorg;Cohort 2001/'02;2.2;2.6;2.0;2.3;2.0;2.3;1.1;2.1;2.7;2.9;2.6;;2.2;2.5;3.2;3.2
198;Totaal mannen en vrouwen;0;0;0;Twee jaar na afstuderen;N Gezondheids- en welzijnszorg;Cohort 2002/'03;2.2;2.6;2.0;2.3;2.0;2.3;1.6;2.3;2.7;3.0;2.6;4.6;2.3;2.6;3.1;3.2
199;Totaal mannen en vrouwen;0;0;0;Twee jaar na afstuderen;N Gezondheids- en welzijnszorg;Cohort 2003/'04;2.3;2.7;2.0;2.3;2.0;2.3;1.3;;2.8;3.1;2.2;3.5;2.4;2.7;3.3;3.3
200;Totaal mannen en vrouwen;0;0;0;Twee jaar na afstuderen;9000e Milieu, cultuur, recreatie en ..;Cohort 1999/'00;2.1;2.3;2.0;2.2;2.0;2.2;1.5;2.3;2.2;2.4;;;2.2;2.4;2.4;2.4
201;Totaal mannen en vrouwen;0;0;0;Twee jaar na afstuderen;9000e Milieu, cultuur, recreatie en ..;Cohort 2000/'01;2.1;2.4;2.0;2.3;2.0;2.3;2.0;2.6;2.3;2.5;;;2.2;2.5;2.5;2.6
202;Totaal mannen en vrouwen;0;0;0;Twee jaar na afstuderen;9000e Milieu, cultuur, recreatie en ..;Cohort 2001/'02;2.1;2.4;2.0;2.3;2.0;2.2;1.6;2.7;2.3;2.5;;;2.2;2.5;2.5;2.5
203;Totaal mannen en vrouwen;0;0;0;Twee jaar na afstuderen;9000e Milieu, cultuur, recreatie en ..;Cohort 2002/'03;2.2;2.4;2.0;2.3;1.9;2.3;2.4;3.0;2.4;2.6;1.8;1.9;2.3;2.6;2.6;2.6
204;Totaal mannen en vrouwen;0;0;0;Twee jaar na afstuderen;9000e Milieu, cultuur, recreatie en ..;Cohort 2003/'04;2.2;2.6;2.1;2.5;2.1;2.5;1.9;2.9;2.5;2.7;1.8;2.3;2.4;2.7;2.7;2.7
205;Totaal mannen en vrouwen;0;0;0;Twee jaar na afstuderen;Onbekend;Cohort 1999/'00;3.0;3.1;2.8;2.8;2.8;2.8;;;3.6;3.8;;;3.6;3.8;3.6;3.6
206;Totaal mannen en vrouwen;0;0;0;Twee jaar na afstuderen;Onbekend;Cohort 2000/'01;3.1;3.5;2.8;3.3;2.8;3.3;;;3.5;3.7;;;3.6;3.8;3.0;3.3
207;Totaal mannen en vrouwen;0;0;0;Twee jaar na afstuderen;Onbekend;Cohort 2001/'02;3.1;3.4;2.7;3.0;2.7;3.0;2.6;2.6;3.6;3.8;;;3.5;3.9;3.7;3.7
208;Totaal mannen en vrouwen;0;0;0;Twee jaar na afstuderen;Onbekend;Cohort 2002/'03;3.1;3.3;2.6;3.0;2.6;3.0;;;4.0;4.0;;;4.2;4.2;3.1;3.1
209;Totaal mannen en vrouwen;0;0;0;Twee jaar na afstuderen;Onbekend;Cohort 2003/'04;1.9;2.4;2.0;2.5;2.0;2.5;;;1.9;2.2;;;1.8;2.2;2.0;
210;Totaal mannen en vrouwen;0;0;0;Drie jaar na afstuderen;0;Cohort 1999/'00;2.5;2.7;2.3;2.5;2.3;2.5;2.1;2.4;2.8;3.0;2.6;2.4;2.7;3.0;3.1;3.3
211;Totaal mannen en vrouwen;0;0;0;Drie jaar na afstuderen;0;Cohort 2000/'01;2.5;2.7;2.3;2.5;2.3;2.5;2.1;2.4;2.8;3.0;2.0;2.3;2.7;3.0;3.1;3.2
212;Totaal mannen en vrouwen;0;0;0;Drie jaar na afstuderen;0;Cohort 2001/'02;2.5;2.7;2.3;2.5;2.3;2.5;2.3;2.6;2.8;3.0;2.9;3.3;2.8;3.0;3.2;3.3
213;Totaal mannen en vrouwen;0;0;0;Drie jaar na afstuderen;0;Cohort 2002/'03;2.6;2.9;2.4;2.6;2.4;2.6;2.3;2.7;3.0;3.2;2.8;3.3;3.0;3.2;3.3;3.4
214;Totaal mannen en vrouwen;0;0;0;Drie jaar na afstuderen;0;Cohort 2003/'04;2.8;3.0;2.5;2.8;2.6;2.8;2.3;2.7;3.2;3.4;2.9;3.5;3.2;3.4;3.4;3.5
215;Totaal mannen en vrouwen;0;0;0;Drie jaar na afstuderen;1;Cohort 1999/'00;2.3;2.4;2.3;2.4;2.3;2.4;;;2.4;2.6;;;2.3;2.6;3.3;3.3
216;Totaal mannen en vrouwen;0;0;0;Drie jaar na afstuderen;1;Cohort 2000/'01;2.2;2.5;2.2;2.4;2.2;2.4;;;2.3;2.7;;;2.3;2.6;2.5;3.0
217;Totaal mannen en vrouwen;0;0;0;Drie jaar na afstuderen;1;Cohort 2001/'02;2.2;2.3;2.2;2.3;2.2;2.3;;;2.2;2.4;;;2.2;2.4;;
218;Totaal mannen en vrouwen;0;0;0;Drie jaar na afstuderen;1;Cohort 2002/'03;2.4;2.7;2.4;2.6;2.4;2.6;;;2.6;2.9;;;2.6;2.9;2.5;
219;Totaal mannen en vrouwen;0;0;0;Drie jaar na afstuderen;1;Cohort 2003/'04;2.7;2.9;2.7;2.8;2.7;2.8;1.7;;2.7;3.3;;;2.8;3.3;2.1;
220;Totaal mannen en vrouwen;0;0;0;Drie jaar na afstuderen;2;Cohort 1999/'00;2.7;2.7;2.5;2.6;2.5;2.6;0.6;;3.1;3.1;;;3.1;3.1;3.3;3.4
221;Totaal mannen en vrouwen;0;0;0;Drie jaar na afstuderen;2;Cohort 2000/'01;2.7;2.7;2.5;2.6;2.5;2.6;1.9;1.9;3.1;3.2;;;3.1;3.2;3.5;3.6
222;Totaal mannen en vrouwen;0;0;0;Drie jaar na afstuderen;2;Cohort 2001/'02;2.7;2.7;2.5;2.6;2.5;2.6;2.4;2.5;3.1;3.2;3.2;3.2;3.1;3.2;3.4;3.5
223;Totaal mannen en vrouwen;0;0;0;Drie jaar na afstuderen;2;Cohort 2002/'03;2.8;2.9;2.7;2.7;2.7;2.7;;;3.3;3.4;3.8;3.8;3.3;3.4;3.3;3.6
224;Totaal mannen en vrouwen;0;0;0;Drie jaar na afstuderen;2;Cohort 2003/'04;3.0;3.1;2.9;2.9;2.9;2.9;0.2;;3.5;3.6;3.8;4.4;3.5;3.6;4.1;4.3
225;Totaal mannen en vrouwen;0;0;0;Drie jaar na afstuderen;3;Cohort 1999/'00;2.5;2.6;2.4;2.5;2.4;2.5;1.5;2.2;3.0;3.1;;;2.9;3.1;3.5;3.6
226;Totaal mannen en vrouwen;0;0;0;Drie jaar na afstuderen;3;Cohort 2000/'01;2.4;2.6;2.3;2.4;2.3;2.4;1.9;2.3;2.9;3.1;;;2.8;3.0;3.4;3.6
227;Totaal mannen en vrouwen;0;0;0;Drie jaar na afstuderen;3;Cohort 2001/'02;2.5;2.6;2.3;2.5;2.3;2.5;1.9;2.3;3.0;3.1;5.0;5.0;2.9;3.0;3.4;3.6
228;Totaal mannen en vrouwen;0;0;0;Drie jaar na afstuderen;3;Cohort 2002/'03;2.7;2.8;2.5;2.6;2.5;2.6;1.8;2.2;3.3;3.5;1.8;1.8;3.2;3.4;3.7;3.9
229;Totaal mannen en vrouwen;0;0;0;Drie jaar na afstuderen;3;Cohort 2003/'04;2.8;3.0;2.6;2.8;2.6;2.8;2.4;2.6;3.4;3.6;3.2;4.4;3.3;3.5;3.7;3.9
230;Totaal mannen en vrouwen;0;0;0;Drie jaar na afstuderen;4;Cohort 1999/'00;1.9;2.2;1.9;2.2;1.9;2.2;1.5;1.9;1.9;2.6;;;1.9;2.6;;
231;Totaal mannen en vrouwen;0;0;0;Drie jaar na afstuderen;4;Cohort 2000/'01;1.9;2.2;1.9;2.2;1.9;2.2;0.6;;2.1;2.6;;;2.1;2.6;;
232;Totaal mannen en vrouwen;0;0;0;Drie jaar na afstuderen;4;Cohort 2001/'02;1.9;2.2;1.9;2.2;1.9;2.2;;;1.7;2.3;;;1.7;2.3;0.5;
233;Totaal mannen en vrouwen;0;0;0;Drie jaar na afstuderen;4;Cohort 2002/'03;2.0;2.3;2.0;2.3;2.0;2.3;1.6;2.5;1.9;2.5;1.8;1.8;1.9;2.5;;
234;Totaal mannen en vrouwen;0;0;0;Drie jaar na afstuderen;4;Cohort 2003/'04;2.1;2.4;2.1;2.4;2.1;2.4;1.2;;2.1;2.7;1.6;2.2;2.1;2.7;2.8;2.8
235;Totaal mannen en vrouwen;0;0;0;Drie jaar na afstuderen;5;Cohort 1999/'00;2.6;2.7;2.4;2.5;2.4;2.5;1.7;1.7;3.0;3.2;;;3.0;3.2;;
236;Totaal mannen en vrouwen;0;0;0;Drie jaar na afstuderen;5;Cohort 2000/'01;2.5;2.6;2.3;2.5;2.3;2.5;1.1;1.0;2.9;3.1;;;2.9;3.1;3.0;3.0
237;Totaal mannen en vrouwen;0;0;0;Drie jaar na afstuderen;5;Cohort 2001/'02;2.5;2.6;2.3;2.4;2.3;2.4;2.7;2.7;2.9;3.1;;;2.9;3.1;3.5;3.5
238;Totaal mannen en vrouwen;0;0;0;Drie jaar na afstuderen;5;Cohort 2002/'03;2.6;2.8;2.5;2.6;2.5;2.6;1.2;;3.1;3.3;3.6;4.5;3.0;3.2;6.2;6.2
239;Totaal mannen en vrouwen;0;0;0;Drie jaar na afstuderen;5;Cohort 2003/'04;2.8;3.0;2.6;2.8;2.6;2.8;2.0;2.3;3.3;3.5;3.1;3.4;3.3;3.5;6.6;6.6
240;Totaal mannen en vrouwen;0;0;0;Drie jaar na afstuderen;6;Cohort 1999/'00;3.0;3.1;2.7;2.7;2.7;2.7;1.3;;3.5;3.6;;;3.5;3.6;3.6;3.6
241;Totaal mannen en vrouwen;0;0;0;Drie jaar na afstuderen;6;Cohort 2000/'01;3.0;3.1;2.7;2.7;2.7;2.7;;;3.5;3.6;2.2;2.2;3.5;3.6;3.8;3.8
242;Totaal mannen en vrouwen;0;0;0;Drie jaar na afstuderen;6;Cohort 2001/'02;3.1;3.2;2.7;2.8;2.7;2.8;0.1;;3.6;3.7;4.6;4.6;3.6;3.7;4.1;4.1
243;Totaal mannen en vrouwen;0;0;0;Drie jaar na afstuderen;6;Cohort 2002/'03;3.3;3.4;2.8;2.9;2.8;2.9;;;4.1;4.2;5.1;5.1;4.1;4.2;4.6;5.1
244;Totaal mannen en vrouwen;0;0;0;Drie jaar na afstuderen;6;Cohort 2003/'04;3.5;3.6;2.9;3.0;2.9;3.0;;;4.3;4.4;4.2;4.6;4.3;4.4;3.7;3.7
245;Totaal mannen en vrouwen;0;0;0;Drie jaar na afstuderen;7;Cohort 1999/'00;2.6;2.7;2.4;2.5;2.4;2.5;2.3;2.7;2.9;3.0;2.4;2.4;2.9;3.0;3.1;3.1
246;Totaal mannen en vrouwen;0;0;0;Drie jaar na afstuderen;7;Cohort 2000/'01;2.6;2.7;2.4;2.5;2.4;2.5;2.3;2.4;2.9;3.0;2.2;3.0;2.9;3.0;3.0;3.0
247;Totaal mannen en vrouwen;0;0;0;Drie jaar na afstuderen;7;Cohort 2001/'02;2.7;2.7;2.4;2.5;2.4;2.5;2.4;2.8;2.9;3.0;2.8;2.9;2.9;3.0;3.0;3.1
248;Totaal mannen en vrouwen;0;0;0;Drie jaar na afstuderen;7;Cohort 2002/'03;2.9;3.0;2.6;2.7;2.6;2.7;1.9;2.3;3.2;3.3;3.0;3.0;3.2;3.3;3.2;3.3
249;Totaal mannen en vrouwen;0;0;0;Drie jaar na afstuderen;7;Cohort 2003/'04;3.1;3.2;2.8;2.9;2.8;2.9;2.1;2.5;3.3;3.5;3.2;3.3;3.3;3.5;3.3;3.5
250;Totaal mannen en vrouwen;0;0;0;Drie jaar na afstuderen;8;Cohort 1999/'00;2.1;2.4;2.1;2.3;2.1;2.3;1.6;2.4;2.2;2.5;;;2.1;2.5;2.5;3.9
251;Totaal mannen en vrouwen;0;0;0;Drie jaar na afstuderen;8;Cohort 2000/'01;2.1;2.4;2.1;2.3;2.1;2.3;1.5;1.5;2.2;2.6;;;2.2;2.6;2.6;4.0
252;Totaal mannen en vrouwen;0;0;0;Drie jaar na afstuderen;8;Cohort 2001/'02;2.1;2.4;2.1;2.3;2.1;2.3;1.6;1.9;2.3;2.7;2.1;;2.3;2.7;3.2;3.5
253;Totaal mannen en vrouwen;0;0;0;Drie jaar na afstuderen;8;Cohort 2002/'03;2.3;2.8;2.2;2.6;2.2;2.6;1.3;2.4;2.5;3.1;2.0;3.4;2.5;3.1;2.8;3.6
254;Totaal mannen en vrouwen;0;0;0;Drie jaar na afstuderen;8;Cohort 2003/'04;2.5;2.9;2.4;2.8;2.5;2.8;1.7;2.3;2.7;3.2;2.1;2.3;2.7;3.2;3.3;3.7
255;Totaal mannen en vrouwen;0;0;0;Drie jaar na afstuderen;9;Cohort 1999/'00;2.5;2.7;2.3;2.5;2.3;2.5;2.0;2.1;2.8;2.9;;;2.7;2.9;3.8;4.1
256;Totaal mannen en vrouwen;0;0;0;Drie jaar na afstuderen;9;Cohort 2000/'01;2.6;2.7;2.4;2.5;2.4;2.5;1.6;2.3;2.8;3.0;2.4;2.4;2.8;2.9;4.1;4.2
257;Totaal mannen en vrouwen;0;0;0;Drie jaar na afstuderen;9;Cohort 2001/'02;2.7;2.8;2.4;2.5;2.4;2.5;1.9;2.4;2.9;3.0;3.0;3.0;2.9;3.0;4.1;4.3
258;Totaal mannen en vrouwen;0;0;0;Drie jaar na afstuderen;9;Cohort 2002/'03;2.8;2.9;2.6;2.7;2.6;2.7;2.4;2.8;3.0;3.2;3.4;3.5;3.0;3.1;4.2;4.4
259;Totaal mannen en vrouwen;0;0;0;Drie jaar na afstuderen;9;Cohort 2003/'04;2.9;3.0;2.6;2.7;2.6;2.7;1.9;2.9;3.2;3.3;3.1;3.4;3.1;3.2;4.3;4.4
260;Totaal mannen en vrouwen;0;0;0;Drie jaar na afstuderen;M Onderwijs;Cohort 1999/'00;2.2;2.4;2.2;2.4;2.2;2.4;2.2;2.4;2.2;2.4;2.8;;2.2;2.4;2.3;2.4
261;Totaal mannen en vrouwen;0;0;0;Drie jaar na afstuderen;M Onderwijs;Cohort 2000/'01;2.2;2.4;2.2;2.4;2.2;2.4;2.3;2.4;2.2;2.4;1.8;1.8;2.2;2.4;2.4;2.6
262;Totaal mannen en vrouwen;0;0;0;Drie jaar na afstuderen;M Onderwijs;Cohort 2001/'02;2.3;2.5;2.3;2.5;2.3;2.5;2.4;2.6;2.3;2.5;1.8;2.0;2.3;2.5;2.5;2.5
263;Totaal mannen en vrouwen;0;0;0;Drie jaar na afstuderen;M Onderwijs;Cohort 2002/'03;2.4;2.6;2.3;2.6;2.3;2.6;2.4;2.6;2.4;2.6;1.8;2.2;2.4;2.6;2.5;2.8
264;Totaal mannen en vrouwen;0;0;0;Drie jaar na afstuderen;M Onderwijs;Cohort 2003/'04;2.4;2.7;2.4;2.6;2.4;2.6;2.4;2.6;2.6;2.8;2.6;3.1;2.6;2.8;2.7;2.7
265;Totaal mannen en vrouwen;0;0;0;Drie jaar na afstuderen;N Gezondheids- en welzijnszorg;Cohort 1999/'00;2.3;2.7;2.1;2.4;2.1;2.4;1.3;;2.8;3.1;;;2.4;2.7;3.2;3.4
266;Totaal mannen en vrouwen;0;0;0;Drie jaar na afstuderen;N Gezondheids- en welzijnszorg;Cohort 2000/'01;2.3;2.7;2.1;2.4;2.1;2.4;1.4;2.3;2.8;3.1;1.6;1.7;2.4;2.7;3.2;3.3
267;Totaal mannen en vrouwen;0;0;0;Drie jaar na afstuderen;N Gezondheids- en welzijnszorg;Cohort 2001/'02;2.3;2.7;2.1;2.4;2.1;2.4;1.3;;2.8;3.1;2.6;;2.4;2.7;3.3;3.4
268;Totaal mannen en vrouwen;0;0;0;Drie jaar na afstuderen;N Gezondheids- en welzijnszorg;Cohort 2002/'03;2.4;2.8;2.1;2.5;2.1;2.5;1.2;2.6;2.9;3.2;2.6;2.6;2.5;2.8;3.4;3.5
269;Totaal mannen en vrouwen;0;0;0;Drie jaar na afstuderen;N Gezondheids- en welzijnszorg;Cohort 2003/'04;2.5;2.9;2.2;2.6;2.2;2.6;1.3;;3.0;3.3;2.3;4.1;2.6;3.0;3.5;3.5
270;Totaal mannen en vrouwen;0;0;0;Drie jaar na afstuderen;9000e Milieu, cultuur, recreatie en ..;Cohort 1999/'00;2.2;2.5;2.1;2.4;2.1;2.4;1.5;3.1;2.4;2.6;;;2.4;2.6;2.5;2.6
271;Totaal mannen en vrouwen;0;0;0;Drie jaar na afstuderen;9000e Milieu, cultuur, recreatie en ..;Cohort 2000/'01;2.3;2.5;2.1;2.4;2.1;2.4;2.0;2.9;2.5;2.7;1.3;;2.4;2.7;2.5;2.6
272;Totaal mannen en vrouwen;0;0;0;Drie jaar na afstuderen;9000e Milieu, cultuur, recreatie en ..;Cohort 2001/'02;2.3;2.5;2.1;2.4;2.1;2.4;2.0;2.8;2.4;2.6;2.0;;2.4;2.7;2.6;2.6
273;Totaal mannen en vrouwen;0;0;0;Drie jaar na afstuderen;9000e Milieu, cultuur, recreatie en ..;Cohort 2002/'03;2.4;2.8;2.3;2.6;2.3;2.6;2.3;3.7;2.7;2.9;2.4;3.1;2.6;3.0;2.7;2.8
274;Totaal mannen en vrouwen;0;0;0;Drie jaar na afstuderen;9000e Milieu, cultuur, recreatie en ..;Cohort 2003/'04;2.5;2.8;2.3;2.7;2.3;2.6;2.4;3.4;2.7;3.0;2.1;2.4;2.7;3.0;2.9;2.9
275;Totaal mannen en vrouwen;0;0;0;Drie jaar na afstuderen;Onbekend;Cohort 1999/'00;3.1;3.3;3.0;3.3;3.0;3.3;;;3.2;3.4;;;3.0;3.2;4.1;4.1
276;Totaal mannen en vrouwen;0;0;0;Drie jaar na afstuderen;Onbekend;Cohort 2000/'01;3.0;3.3;2.9;3.4;2.9;3.4;;;3.1;3.3;;;3.0;3.3;4.1;4.1
277;Totaal mannen en vrouwen;0;0;0;Drie jaar na afstuderen;Onbekend;Cohort 2001/'02;3.1;3.3;2.6;2.9;2.6;2.9;3.0;3.0;3.9;4.1;;;3.7;4.0;4.6;4.6
278;Totaal mannen en vrouwen;0;0;0;Drie jaar na afstuderen;Onbekend;Cohort 2002/'03;2.5;3.2;2.5;3.2;2.5;3.2;;;;;;;;;;
279;Totaal mannen en vrouwen;0;0;0;Drie jaar na afstuderen;Onbekend;Cohort 2003/'04;0.6;;;;;;;;0.6;;;;0.6;;;
280;Totaal mannen en vrouwen;0;0;0;Vier jaar na afstuderen;0;Cohort 1999/'00;2.6;2.8;2.4;2.6;2.4;2.6;2.1;2.4;3.0;3.2;3.1;3.1;3.0;3.2;3.2;3.4
281;Totaal mannen en vrouwen;0;0;0;Vier jaar na afstuderen;0;Cohort 2000/'01;2.6;2.9;2.4;2.7;2.4;2.7;2.3;2.6;3.0;3.3;2.4;2.9;3.0;3.3;3.3;3.4
282;Totaal mannen en vrouwen;0;0;0;Vier jaar na afstuderen;0;Cohort 2001/'02;2.8;3.1;2.5;2.8;2.5;2.8;2.3;2.7;3.2;3.5;3.2;3.5;3.2;3.5;3.4;3.6
283;Totaal mannen en vrouwen;0;0;0;Vier jaar na afstuderen;0;Cohort 2002/'03;2.9;3.2;2.6;2.9;2.6;2.9;2.5;2.8;3.4;3.7;3.2;3.8;3.4;3.7;3.6;3.8
284;Totaal mannen en vrouwen;0;0;0;Vier jaar na afstuderen;0;Cohort 2003/'04;3.1;3.4;2.8;3.1;2.8;3.1;2.4;2.9;3.6;3.9;3.1;4.2;3.6;3.9;3.7;3.8
285;Totaal mannen en vrouwen;0;0;0;Vier jaar na afstuderen;1;Cohort 1999/'00;2.3;2.6;2.3;2.6;2.3;2.6;;;2.6;2.9;;;2.6;2.8;3.7;3.7
286;Totaal mannen en vrouwen;0;0;0;Vier jaar na afstuderen;1;Cohort 2000/'01;2.5;2.6;2.4;2.5;2.4;2.5;;;2.7;2.9;;;2.7;2.8;2.4;3.1
287;Totaal mannen en vrouwen;0;0;0;Vier jaar na afstuderen;1;Cohort 2001/'02;2.6;2.7;2.5;2.7;2.5;2.7;;;2.7;2.9;;;2.7;2.9;3.0;
288;Totaal mannen en vrouwen;0;0;0;Vier jaar na afstuderen;1;Cohort 2002/'03;2.6;2.8;2.6;2.8;2.6;2.8;;;2.9;3.4;;;2.8;3.4;3.2;3.4
289;Totaal mannen en vrouwen;0;0;0;Vier jaar na afstuderen;1;Cohort 2003/'04;3.0;3.2;3.0;3.2;3.0;3.2;;;3.2;3.4;0.3;;3.3;3.4;3.0;3.8
290;Totaal mannen en vrouwen;0;0;0;Vier jaar na afstuderen;2;Cohort 1999/'00;2.9;2.9;2.7;2.7;2.7;2.7;;;3.4;3.5;;;3.4;3.4;3.4;3.5
291;Totaal mannen en vrouwen;0;0;0;Vier jaar na afstuderen;2;Cohort 2000/'01;2.9;2.9;2.7;2.7;2.7;2.7;1.9;1.9;3.4;3.5;;;3.4;3.5;3.7;4.2
292;Totaal mannen en vrouwen;0;0;0;Vier jaar na afstuderen;2;Cohort 2001/'02;3.1;3.1;2.9;2.9;2.9;2.9;2.6;2.8;3.6;3.7;;;3.6;3.7;4.2;4.2
293;Totaal mannen en vrouwen;0;0;0;Vier jaar na afstuderen;2;Cohort 2002/'03;3.1;3.2;2.9;3.0;2.9;3.0;;;3.7;3.8;3.2;3.2;3.7;3.8;4.0;4.0
294;Totaal mannen en vrouwen;0;0;0;Vier jaar na afstuderen;2;Cohort 2003/'04;3.4;3.4;3.2;3.2;3.2;3.2;3.1;3.1;3.9;4.0;3.6;4.4;3.9;4.0;4.3;4.5
295;Totaal mannen en vrouwen;0;0;0;Vier jaar na afstuderen;3;Cohort 1999/'00;2.7;2.8;2.5;2.7;2.5;2.7;1.6;2.1;3.3;3.4;;;3.2;3.3;3.7;4.0
296;Totaal mannen en vrouwen;0;0;0;Vier jaar na afstuderen;3;Cohort 2000/'01;2.6;2.8;2.5;2.6;2.5;2.6;1.9;2.4;3.1;3.4;;;3.1;3.3;3.6;3.8
297;Totaal mannen en vrouwen;0;0;0;Vier jaar na afstuderen;3;Cohort 2001/'02;2.9;3.0;2.7;2.8;2.7;2.8;2.3;2.8;3.6;3.7;4.1;4.1;3.5;3.7;3.9;4.1
298;Totaal mannen en vrouwen;0;0;0;Vier jaar na afstuderen;3;Cohort 2002/'03;3.0;3.2;2.8;3.0;2.8;3.0;2.0;2.7;3.7;3.9;2.7;3.0;3.6;3.9;4.2;4.4
299;Totaal mannen en vrouwen;0;0;0;Vier jaar na afstuderen;3;Cohort 2003/'04;3.2;3.4;3.0;3.2;3.0;3.2;2.2;2.8;3.9;4.1;3.3;5.3;3.8;4.0;4.2;4.4
300;Totaal mannen en vrouwen;0;0;0;Vier jaar na afstuderen;4;Cohort 1999/'00;2.0;2.3;2.0;2.3;2.0;2.3;;;2.1;2.6;;;2.1;2.6;;
301;Totaal mannen en vrouwen;0;0;0;Vier jaar na afstuderen;4;Cohort 2000/'01;2.1;2.4;2.0;2.4;2.0;2.4;;;2.2;2.9;;;2.2;2.9;;
302;Totaal mannen en vrouwen;0;0;0;Vier jaar na afstuderen;4;Cohort 2001/'02;2.1;2.4;2.1;2.4;2.1;2.4;;;2.0;2.6;;;2.0;2.6;0.5;
303;Totaal mannen en vrouwen;0;0;0;Vier jaar na afstuderen;4;Cohort 2002/'03;2.2;2.6;2.2;2.5;2.2;2.5;1.3;;2.3;2.7;2.1;2.1;2.3;2.7;;
304;Totaal mannen en vrouwen;0;0;0;Vier jaar na afstuderen;4;Cohort 2003/'04;2.3;2.6;2.3;2.6;2.3;2.6;1.3;;2.5;3.1;1.9;2.4;2.6;3.1;3.1;3.1
305;Totaal mannen en vrouwen;0;0;0;Vier jaar na afstuderen;5;Cohort 1999/'00;2.8;2.9;2.6;2.7;2.6;2.7;1.5;2.5;3.3;3.4;;;3.3;3.4;3.3;3.9
306;Totaal mannen en vrouwen;0;0;0;Vier jaar na afstuderen;5;Cohort 2000/'01;2.7;2.9;2.5;2.7;2.5;2.7;2.2;2.8;3.2;3.4;;;3.2;3.4;3.6;3.6
307;Totaal mannen en vrouwen;0;0;0;Vier jaar na afstuderen;5;Cohort 2001/'02;2.8;3.0;2.6;2.8;2.6;2.8;;;3.4;3.7;;;3.4;3.7;2.9;3.6
308;Totaal mannen en vrouwen;0;0;0;Vier jaar na afstuderen;5;Cohort 2002/'03;3.0;3.2;2.7;2.9;2.7;2.9;1.3;;3.6;3.8;5.4;6.6;3.5;3.8;4.8;6.0
309;Totaal mannen en vrouwen;0;0;0;Vier jaar na afstuderen;5;Cohort 2003/'04;3.2;3.4;2.9;3.1;2.9;3.1;2.1;2.3;3.9;4.2;4.1;4.7;3.9;4.1;7.9;7.9
310;Totaal mannen en vrouwen;0;0;0;Vier jaar na afstuderen;6;Cohort 1999/'00;3.3;3.4;2.9;3.0;2.9;3.0;1.3;;3.9;4.0;;;3.9;4.0;4.2;4.2
311;Totaal mannen en vrouwen;0;0;0;Vier jaar na afstuderen;6;Cohort 2000/'01;3.4;3.6;2.9;3.0;2.9;3.0;;;4.2;4.4;5.4;5.4;4.2;4.4;;
312;Totaal mannen en vrouwen;0;0;0;Vier jaar na afstuderen;6;Cohort 2001/'02;3.6;3.7;3.1;3.2;3.1;3.2;2.2;;4.2;4.3;5.4;5.4;4.2;4.3;4.5;4.9
313;Totaal mannen en vrouwen;0;0;0;Vier jaar na afstuderen;6;Cohort 2002/'03;3.8;3.9;3.2;3.3;3.2;3.3;;;4.6;4.8;5.9;5.9;4.6;4.8;4.6;5.2
314;Totaal mannen en vrouwen;0;0;0;Vier jaar na afstuderen;6;Cohort 2003/'04;3.9;4.1;3.3;3.4;3.3;3.4;3.9;3.9;4.9;5.1;5.8;6.4;4.9;5.0;3.1;4.0
315;Totaal mannen en vrouwen;0;0;0;Vier jaar na afstuderen;7;Cohort 1999/'00;2.8;2.9;2.6;2.7;2.6;2.7;2.3;2.6;3.1;3.3;3.0;3.0;3.1;3.3;3.2;3.2
316;Totaal mannen en vrouwen;0;0;0;Vier jaar na afstuderen;7;Cohort 2000/'01;2.9;3.0;2.6;2.7;2.6;2.7;2.6;2.7;3.2;3.3;3.4;3.4;3.2;3.3;3.2;3.2
317;Totaal mannen en vrouwen;0;0;0;Vier jaar na afstuderen;7;Cohort 2001/'02;3.1;3.2;2.8;2.9;2.8;2.9;2.3;3.4;3.5;3.6;3.1;3.6;3.5;3.6;3.5;3.9
318;Totaal mannen en vrouwen;0;0;0;Vier jaar na afstuderen;7;Cohort 2002/'03;3.3;3.4;3.0;3.0;3.0;3.0;2.0;3.6;3.6;3.8;3.4;3.5;3.6;3.8;3.5;3.8
319;Totaal mannen en vrouwen;0;0;0;Vier jaar na afstuderen;7;Cohort 2003/'04;3.5;3.6;3.1;3.3;3.1;3.3;2.5;2.7;3.8;4.0;3.5;3.9;3.8;4.0;3.5;3.9
320;Totaal mannen en vrouwen;0;0;0;Vier jaar na afstuderen;8;Cohort 1999/'00;2.2;2.5;2.2;2.5;2.2;2.5;0.8;;2.4;2.8;;;2.4;2.8;2.7;4.0
321;Totaal mannen en vrouwen;0;0;0;Vier jaar na afstuderen;8;Cohort 2000/'01;2.3;2.6;2.2;2.5;2.2;2.5;2.0;2.0;2.4;2.9;0.2;;2.4;2.9;2.0;
322;Totaal mannen en vrouwen;0;0;0;Vier jaar na afstuderen;8;Cohort 2001/'02;2.4;3.0;2.4;2.8;2.4;2.8;1.3;;2.7;3.4;3.1;3.1;2.7;3.4;3.4;5.2
323;Totaal mannen en vrouwen;0;0;0;Vier jaar na afstuderen;8;Cohort 2002/'03;2.6;3.1;2.5;2.9;2.5;2.9;1.7;3.2;2.9;3.7;2.5;4.5;2.9;3.7;4.1;5.4
324;Totaal mannen en vrouwen;0;0;0;Vier jaar na afstuderen;8;Cohort 2003/'04;2.9;3.3;2.8;3.2;2.8;3.2;1.4;;3.2;3.7;2.2;2.8;3.2;3.7;3.3;4.2
325;Totaal mannen en vrouwen;0;0;0;Vier jaar na afstuderen;9;Cohort 1999/'00;2.8;2.9;2.5;2.7;2.5;2.7;2.4;2.4;3.0;3.2;;;3.0;3.1;3.9;4.0
326;Totaal mannen en vrouwen;0;0;0;Vier jaar na afstuderen;9;Cohort 2000/'01;2.8;2.9;2.6;2.7;2.6;2.7;1.8;2.5;3.0;3.2;2.4;2.9;3.0;3.1;4.3;4.5
327;Totaal mannen en vrouwen;0;0;0;Vier jaar na afstuderen;9;Cohort 2001/'02;2.9;3.1;2.7;2.8;2.7;2.8;2.1;2.7;3.2;3.3;3.2;3.2;3.2;3.3;4.5;4.9
328;Totaal mannen en vrouwen;0;0;0;Vier jaar na afstuderen;9;Cohort 2002/'03;3.0;3.1;2.7;2.8;2.7;2.8;2.4;2.7;3.2;3.4;3.7;3.7;3.2;3.4;4.3;4.5
329;Totaal mannen en vrouwen;0;0;0;Vier jaar na afstuderen;9;Cohort 2003/'04;3.2;3.3;2.9;3.0;2.9;3.0;2.6;4.0;3.4;3.6;3.2;3.6;3.4;3.5;4.6;4.9
330;Totaal mannen en vrouwen;0;0;0;Vier jaar na afstuderen;M Onderwijs;Cohort 1999/'00;2.3;2.5;2.2;2.5;2.2;2.5;2.2;2.4;2.3;2.6;3.2;3.2;2.3;2.6;2.6;2.7
331;Totaal mannen en vrouwen;0;0;0;Vier jaar na afstuderen;M Onderwijs;Cohort 2000/'01;2.3;2.6;2.3;2.6;2.3;2.6;2.4;2.6;2.4;2.6;1.9;1.9;2.4;2.6;2.5;2.6
332;Totaal mannen en vrouwen;0;0;0;Vier jaar na afstuderen;M Onderwijs;Cohort 2001/'02;2.4;2.6;2.3;2.6;2.3;2.6;2.4;2.6;2.5;2.8;2.1;2.4;2.5;2.8;2.5;2.8
333;Totaal mannen en vrouwen;0;0;0;Vier jaar na afstuderen;M Onderwijs;Cohort 2002/'03;2.5;2.7;2.4;2.7;2.4;2.7;2.5;2.7;2.6;2.9;2.1;2.6;2.6;2.9;2.5;2.8
334;Totaal mannen en vrouwen;0;0;0;Vier jaar na afstuderen;M Onderwijs;Cohort 2003/'04;2.6;2.9;2.5;2.8;2.5;2.8;2.5;2.8;2.7;3.0;2.5;3.8;2.7;3.0;2.9;3.0
335;Totaal mannen en vrouwen;0;0;0;Vier jaar na afstuderen;N Gezondheids- en welzijnszorg;Cohort 1999/'00;2.4;2.7;2.2;2.5;2.2;2.5;1.4;;2.9;3.2;;;2.4;2.8;3.3;3.4
336;Totaal mannen en vrouwen;0;0;0;Vier jaar na afstuderen;N Gezondheids- en welzijnszorg;Cohort 2000/'01;2.4;2.8;2.1;2.5;2.1;2.5;1.1;;2.9;3.3;2.2;2.3;2.5;2.9;3.4;3.5
337;Totaal mannen en vrouwen;0;0;0;Vier jaar na afstuderen;N Gezondheids- en welzijnszorg;Cohort 2001/'02;2.5;2.9;2.2;2.6;2.2;2.6;1.5;1.6;3.0;3.4;3.6;3.6;2.6;3.0;3.5;3.6
338;Totaal mannen en vrouwen;0;0;0;Vier jaar na afstuderen;N Gezondheids- en welzijnszorg;Cohort 2002/'03;2.6;3.0;2.3;2.7;2.3;2.7;1.9;2.8;3.1;3.5;2.4;3.3;2.7;3.1;3.7;3.8
339;Totaal mannen en vrouwen;0;0;0;Vier jaar na afstuderen;N Gezondheids- en welzijnszorg;Cohort 2003/'04;2.7;3.2;2.4;2.8;2.4;2.8;1.4;;3.3;3.6;2.4;3.7;2.9;3.3;3.7;3.8
340;Totaal mannen en vrouwen;0;0;0;Vier jaar na afstuderen;9000e Milieu, cultuur, recreatie en ..;Cohort 1999/'00;2.3;2.6;2.2;2.5;2.2;2.5;1.7;2.8;2.5;2.7;;;2.5;2.8;2.4;2.5
341;Totaal mannen en vrouwen;0;0;0;Vier jaar na afstuderen;9000e Milieu, cultuur, recreatie en ..;Cohort 2000/'01;2.4;2.7;2.3;2.6;2.3;2.6;2.3;2.9;2.6;2.8;2.2;;2.6;2.9;2.6;2.7
342;Totaal mannen en vrouwen;0;0;0;Vier jaar na afstuderen;9000e Milieu, cultuur, recreatie en ..;Cohort 2001/'02;2.5;2.9;2.4;2.8;2.4;2.7;2.4;3.2;2.7;3.0;2.7;2.7;2.7;3.1;2.7;2.8
343;Totaal mannen en vrouwen;0;0;0;Vier jaar na afstuderen;9000e Milieu, cultuur, recreatie en ..;Cohort 2002/'03;2.6;3.0;2.5;2.9;2.5;2.9;2.9;4.2;2.8;3.2;2.5;3.0;2.9;3.3;2.8;3.0
344;Totaal mannen en vrouwen;0;0;0;Vier jaar na afstuderen;9000e Milieu, cultuur, recreatie en ..;Cohort 2003/'04;2.7;3.0;2.5;2.9;2.5;2.9;2.4;3.7;2.9;3.1;2.3;2.7;2.9;3.2;2.9;3.0
345;Totaal mannen en vrouwen;0;0;0;Vier jaar na afstuderen;Onbekend;Cohort 1999/'00;3.5;3.7;3.5;3.6;3.5;3.7;1.0;1.0;3.6;3.7;;;3.7;3.7;3.3;3.3
346;Totaal mannen en vrouwen;0;0;0;Vier jaar na afstuderen;Onbekend;Cohort 2000/'01;3.3;3.5;3.2;3.5;3.2;3.5;;;3.4;3.6;;;3.4;3.6;4.0;4.0
347;Totaal mannen en vrouwen;0;0;0;Vier jaar na afstuderen;Onbekend;Cohort 2001/'02;2.4;2.7;2.3;2.6;2.3;2.6;;;3.0;4.0;;;3.0;4.0;;
348;Totaal mannen en vrouwen;0;0;0;Vier jaar na afstuderen;Onbekend;Cohort 2002/'03;2.4;8.6;0.3;;0.3;;;;3.1;8.6;;;3.1;8.6;;
349;Totaal mannen en vrouwen;0;0;0;Vier jaar na afstuderen;Onbekend;Cohort 2003/'04;3.4;3.4;2.9;3.2;2.9;3.2;;;4.3;3.7;;;4.3;3.7;;
350;Totaal mannen en vrouwen;0;0;0;Vijf jaar na afstuderen;0;Cohort 1999/'00;2.8;3.1;2.5;2.8;2.5;2.8;2.2;2.7;3.3;3.6;4.2;4.2;3.2;3.6;3.4;3.6
351;Totaal mannen en vrouwen;0;0;0;Vijf jaar na afstuderen;0;Cohort 2000/'01;2.9;3.3;2.7;3.0;2.7;3.0;2.4;2.8;3.5;3.9;2.6;2.8;3.5;3.9;3.6;3.8
352;Totaal mannen en vrouwen;0;0;0;Vijf jaar na afstuderen;0;Cohort 2001/'02;3.0;3.4;2.7;3.1;2.8;3.1;2.3;2.8;3.6;4.0;3.5;3.7;3.6;4.0;3.7;4.0
353;Totaal mannen en vrouwen;0;0;0;Vijf jaar na afstuderen;0;Cohort 2002/'03;3.2;3.6;2.9;3.2;2.9;3.2;2.6;3.0;3.8;4.2;3.4;4.2;3.8;4.2;3.9;4.1
354;Totaal mannen en vrouwen;0;0;0;Vijf jaar na afstuderen;0;Cohort 2003/'04;;;;;;;;;;;;;;;;
355;Totaal mannen en vrouwen;0;0;0;Vijf jaar na afstuderen;1;Cohort 1999/'00;2.5;2.7;2.5;2.6;2.5;2.6;;;2.5;2.8;;;2.4;2.7;4.0;4.0
356;Totaal mannen en vrouwen;0;0;0;Vijf jaar na afstuderen;1;Cohort 2000/'01;2.8;3.0;2.7;3.0;2.7;3.0;;;3.0;3.2;;;3.0;3.1;2.9;4.2
357;Totaal mannen en vrouwen;0;0;0;Vijf jaar na afstuderen;1;Cohort 2001/'02;2.8;2.9;2.7;2.9;2.7;2.9;;;2.9;3.2;;;2.9;3.2;3.4;
358;Totaal mannen en vrouwen;0;0;0;Vijf jaar na afstuderen;1;Cohort 2002/'03;2.9;3.2;2.8;3.0;2.8;3.0;;;3.1;3.9;;;3.0;3.8;3.6;4.2
359;Totaal mannen en vrouwen;0;0;0;Vijf jaar na afstuderen;1;Cohort 2003/'04;;;;;;;;;;;;;;;;
360;Totaal mannen en vrouwen;0;0;0;Vijf jaar na afstuderen;2;Cohort 1999/'00;3.0;3.1;2.8;2.9;2.8;2.9;;;3.6;3.8;;;3.6;3.8;3.9;4.0
361;Totaal mannen en vrouwen;0;0;0;Vijf jaar na afstuderen;2;Cohort 2000/'01;3.2;3.3;3.0;3.1;3.0;3.1;1.9;1.9;3.9;4.0;;;3.9;4.0;3.6;3.8
362;Totaal mannen en vrouwen;0;0;0;Vijf jaar na afstuderen;2;Cohort 2001/'02;3.3;3.4;3.1;3.2;3.1;3.2;2.5;2.5;3.9;4.1;4.3;4.8;3.9;4.1;4.3;4.5
363;Totaal mannen en vrouwen;0;0;0;Vijf jaar na afstuderen;2;Cohort 2002/'03;3.5;3.6;3.3;3.3;3.3;3.3;;;4.1;4.2;2.6;3.6;4.1;4.2;4.2;4.2
364;Totaal mannen en vrouwen;0;0;0;Vijf jaar na afstuderen;2;Cohort 2003/'04;;;;;;;;;;;;;;;;
365;Totaal mannen en vrouwen;0;0;0;Vijf jaar na afstuderen;3;Cohort 1999/'00;2.9;3.0;2.7;2.8;2.7;2.8;1.6;2.1;3.5;3.8;;;3.4;3.7;4.0;4.3
366;Totaal mannen en vrouwen;0;0;0;Vijf jaar na afstuderen;3;Cohort 2000/'01;3.1;3.3;2.9;3.1;2.9;3.1;2.6;3.0;3.7;4.0;;;3.7;4.0;4.1;4.5
367;Totaal mannen en vrouwen;0;0;0;Vijf jaar na afstuderen;3;Cohort 2001/'02;3.2;3.4;3.0;3.2;3.0;3.2;2.7;2.8;4.0;4.3;7.0;7.0;3.9;4.2;4.5;4.9
368;Totaal mannen en vrouwen;0;0;0;Vijf jaar na afstuderen;3;Cohort 2002/'03;3.4;3.6;3.1;3.3;3.1;3.3;2.3;2.7;4.1;4.4;2.9;3.5;4.1;4.4;4.5;4.9
369;Totaal mannen en vrouwen;0;0;0;Vijf jaar na afstuderen;3;Cohort 2003/'04;;;;;;;;;;;;;;;;
370;Totaal mannen en vrouwen;0;0;0;Vijf jaar na afstuderen;4;Cohort 1999/'00;2.1;2.5;2.1;2.5;2.2;2.5;1.1;;2.1;3.1;;;2.1;3.1;;
371;Totaal mannen en vrouwen;0;0;0;Vijf jaar na afstuderen;4;Cohort 2000/'01;2.2;2.6;2.2;2.6;2.2;2.6;2.7;2.7;2.3;3.2;;;2.3;3.2;;
372;Totaal mannen en vrouwen;0;0;0;Vijf jaar na afstuderen;4;Cohort 2001/'02;2.3;2.7;2.3;2.7;2.3;2.7;1.0;;2.4;3.1;;;2.4;3.1;2.8;2.8
373;Totaal mannen en vrouwen;0;0;0;Vijf jaar na afstuderen;4;Cohort 2002/'03;2.5;2.9;2.5;2.8;2.5;2.8;2.1;;2.4;3.1;2.2;2.2;2.4;3.1;;
374;Totaal mannen en vrouwen;0;0;0;Vijf jaar na afstuderen;4;Cohort 2003/'04;;;;;;;;;;;;;;;;
375;Totaal mannen en vrouwen;0;0;0;Vijf jaar na afstuderen;5;Cohort 1999/'00;3.0;3.1;2.7;2.9;2.7;2.9;1.5;2.4;3.6;3.8;;;3.6;3.8;4.8;4.8
376;Totaal mannen en vrouwen;0;0;0;Vijf jaar na afstuderen;5;Cohort 2000/'01;3.2;3.4;2.9;3.1;2.9;3.1;0.5;;3.8;4.1;;;3.8;4.1;2.9;
377;Totaal mannen en vrouwen;0;0;0;Vijf jaar na afstuderen;5;Cohort 2001/'02;3.2;3.4;3.0;3.2;3.0;3.2;1.0;;3.8;4.1;;;3.8;4.1;4.3;4.3
378;Totaal mannen en vrouwen;0;0;0;Vijf jaar na afstuderen;5;Cohort 2002/'03;3.3;3.5;3.0;3.2;3.0;3.2;;;4.1;4.3;4.2;5.8;4.1;4.3;7.5;7.5
379;Totaal mannen en vrouwen;0;0;0;Vijf jaar na afstuderen;5;Cohort 2003/'04;;;;;;;;;;;;;;;;
380;Totaal mannen en vrouwen;0;0;0;Vijf jaar na afstuderen;6;Cohort 1999/'00;3.7;3.9;3.1;3.3;3.1;3.3;1.4;;4.5;4.7;;;4.5;4.7;4.1;4.1
381;Totaal mannen en vrouwen;0;0;0;Vijf jaar na afstuderen;6;Cohort 2000/'01;3.9;4.1;3.3;3.5;3.3;3.5;;;4.9;5.1;4.5;4.5;4.9;5.1;4.2;5.0
382;Totaal mannen en vrouwen;0;0;0;Vijf jaar na afstuderen;6;Cohort 2001/'02;4.0;4.2;3.4;3.6;3.4;3.6;2.2;;4.9;5.2;4.3;4.3;4.9;5.2;4.5;4.8
383;Totaal mannen en vrouwen;0;0;0;Vijf jaar na afstuderen;6;Cohort 2002/'03;4.3;4.5;3.5;3.7;3.5;3.7;;;5.3;5.6;7.4;7.4;5.3;5.6;4.5;5.2
384;Totaal mannen en vrouwen;0;0;0;Vijf jaar na afstuderen;6;Cohort 2003/'04;;;;;;;;;;;;;;;;
385;Totaal mannen en vrouwen;0;0;0;Vijf jaar na afstuderen;7;Cohort 1999/'00;3.1;3.2;2.8;2.9;2.8;2.9;2.9;3.0;3.5;3.6;2.6;2.6;3.5;3.6;3.8;3.9
386;Totaal mannen en vrouwen;0;0;0;Vijf jaar na afstuderen;7;Cohort 2000/'01;3.4;3.5;3.0;3.1;3.0;3.1;2.5;3.0;3.8;4.1;3.2;2.3;3.8;4.1;3.6;3.7
387;Totaal mannen en vrouwen;0;0;0;Vijf jaar na afstuderen;7;Cohort 2001/'02;3.5;3.6;3.1;3.2;3.1;3.2;2.7;3.1;4.0;4.2;3.3;3.7;4.0;4.2;3.5;4.2
388;Totaal mannen en vrouwen;0;0;0;Vijf jaar na afstuderen;7;Cohort 2002/'03;3.7;3.8;3.3;3.4;3.3;3.4;2.8;3.3;4.1;4.3;3.3;3.6;4.1;4.3;4.2;4.6
389;Totaal mannen en vrouwen;0;0;0;Vijf jaar na afstuderen;7;Cohort 2003/'04;;;;;;;;;;;;;;;;
390;Totaal mannen en vrouwen;0;0;0;Vijf jaar na afstuderen;8;Cohort 1999/'00;2.4;2.7;2.3;2.6;2.3;2.6;1.2;;2.6;3.1;;;2.6;3.1;3.3;4.2
391;Totaal mannen en vrouwen;0;0;0;Vijf jaar na afstuderen;8;Cohort 2000/'01;2.6;3.1;2.6;3.0;2.6;3.0;3.2;3.7;2.8;3.6;0.5;;2.9;3.6;2.4;3.2
392;Totaal mannen en vrouwen;0;0;0;Vijf jaar na afstuderen;8;Cohort 2001/'02;2.8;3.3;2.7;3.2;2.7;3.2;1.7;;3.1;3.9;3.0;3.4;3.1;3.8;3.8;4.6
393;Totaal mannen en vrouwen;0;0;0;Vijf jaar na afstuderen;8;Cohort 2002/'03;3.0;3.5;2.8;3.3;2.8;3.3;1.9;2.3;3.3;4.0;2.9;4.8;3.4;4.0;3.1;5.3
394;Totaal mannen en vrouwen;0;0;0;Vijf jaar na afstuderen;8;Cohort 2003/'04;;;;;;;;;;;;;;;;
395;Totaal mannen en vrouwen;0;0;0;Vijf jaar na afstuderen;9;Cohort 1999/'00;2.9;3.1;2.7;2.8;2.7;2.8;2.0;2.7;3.1;3.3;;;3.1;3.3;4.2;4.5
396;Totaal mannen en vrouwen;0;0;0;Vijf jaar na afstuderen;9;Cohort 2000/'01;3.0;3.2;2.8;3.0;2.8;3.0;2.3;2.8;3.3;3.5;2.9;2.9;3.3;3.5;4.7;5.2
397;Totaal mannen en vrouwen;0;0;0;Vijf jaar na afstuderen;9;Cohort 2001/'02;3.1;3.3;2.8;3.0;2.8;3.0;2.3;2.9;3.4;3.6;3.3;3.3;3.4;3.5;4.3;5.0
398;Totaal mannen en vrouwen;0;0;0;Vijf jaar na afstuderen;9;Cohort 2002/'03;3.2;3.4;3.0;3.1;3.0;3.1;2.6;2.8;3.5;3.7;4.0;3.9;3.5;3.6;4.3;4.6
399;Totaal mannen en vrouwen;0;0;0;Vijf jaar na afstuderen;9;Cohort 2003/'04;;;;;;;;;;;;;;;;
400;Totaal mannen en vrouwen;0;0;0;Vijf jaar na afstuderen;M Onderwijs;Cohort 1999/'00;2.3;2.7;2.3;2.7;2.3;2.7;2.3;2.7;2.5;2.8;5.8;5.8;2.4;2.8;2.6;2.8
401;Totaal mannen en vrouwen;0;0;0;Vijf jaar na afstuderen;M Onderwijs;Cohort 2000/'01;2.4;2.7;2.3;2.6;2.3;2.6;2.4;2.7;2.5;2.9;2.2;2.2;2.5;2.9;2.6;2.9
402;Totaal mannen en vrouwen;0;0;0;Vijf jaar na afstuderen;M Onderwijs;Cohort 2001/'02;2.5;2.8;2.4;2.7;2.4;2.7;2.4;2.7;2.7;3.1;2.5;2.7;2.7;3.1;2.8;3.0
403;Totaal mannen en vrouwen;0;0;0;Vijf jaar na afstuderen;M Onderwijs;Cohort 2002/'03;2.5;2.9;2.5;2.8;2.5;2.8;2.5;2.8;2.8;3.2;2.2;3.0;2.8;3.2;2.9;3.2
404;Totaal mannen en vrouwen;0;0;0;Vijf jaar na afstuderen;M Onderwijs;Cohort 2003/'04;;;;;;;;;;;;;;;;
405;Totaal mannen en vrouwen;0;0;0;Vijf jaar na afstuderen;N Gezondheids- en welzijnszorg;Cohort 1999/'00;2.4;2.9;2.2;2.6;2.2;2.6;1.6;;2.9;3.3;;;2.5;2.9;3.4;3.6
406;Totaal mannen en vrouwen;0;0;0;Vijf jaar na afstuderen;N Gezondheids- en welzijnszorg;Cohort 2000/'01;2.5;3.0;2.3;2.7;2.3;2.7;2.0;2.7;3.1;3.5;2.5;2.5;2.7;3.2;3.6;3.7
407;Totaal mannen en vrouwen;0;0;0;Vijf jaar na afstuderen;N Gezondheids- en welzijnszorg;Cohort 2001/'02;2.6;3.1;2.3;2.8;2.3;2.8;2.1;2.3;3.2;3.6;;;2.8;3.2;3.7;3.9
408;Totaal mannen en vrouwen;0;0;0;Vijf jaar na afstuderen;N Gezondheids- en welzijnszorg;Cohort 2002/'03;2.7;3.3;2.4;2.9;2.4;2.9;1.9;2.5;3.4;3.8;2.8;4.2;2.9;3.4;3.9;4.1
409;Totaal mannen en vrouwen;0;0;0;Vijf jaar na afstuderen;N Gezondheids- en welzijnszorg;Cohort 2003/'04;;;;;;;;;;;;;;;;
410;Totaal mannen en vrouwen;0;0;0;Vijf jaar na afstuderen;9000e Milieu, cultuur, recreatie en ..;Cohort 1999/'00;2.5;2.8;2.3;2.7;2.4;2.7;1.9;2.9;2.6;3.0;;;2.7;3.0;2.5;2.7
411;Totaal mannen en vrouwen;0;0;0;Vijf jaar na afstuderen;9000e Milieu, cultuur, recreatie en ..;Cohort 2000/'01;2.7;3.1;2.5;3.0;2.6;3.0;2.4;3.6;2.8;3.2;1.6;1.1;2.8;3.3;2.7;2.9
412;Totaal mannen en vrouwen;0;0;0;Vijf jaar na afstuderen;9000e Milieu, cultuur, recreatie en ..;Cohort 2001/'02;2.7;3.2;2.5;3.0;2.6;3.0;2.3;3.1;3.0;3.4;2.5;2.5;3.0;3.4;2.8;3.0
413;Totaal mannen en vrouwen;0;0;0;Vijf jaar na afstuderen;9000e Milieu, cultuur, recreatie en ..;Cohort 2002/'03;2.8;3.3;2.6;3.1;2.6;3.1;3.0;4.6;3.0;3.5;2.9;3.3;3.1;3.5;2.9;3.1
414;Totaal mannen en vrouwen;0;0;0;Vijf jaar na afstuderen;9000e Milieu, cultuur, recreatie en ..;Cohort 2003/'04;;;;;;;;;;;;;;;;
415;Totaal mannen en vrouwen;0;0;0;Vijf jaar na afstuderen;Onbekend;Cohort 1999/'00;3.8;4.0;3.5;3.7;3.5;3.7;;;4.2;4.3;;;4.2;4.3;4.1;4.1
416;Totaal mannen en vrouwen;0;0;0;Vijf jaar na afstuderen;Onbekend;Cohort 2000/'01;3.1;3.5;3.1;3.6;3.1;3.6;;;2.7;2.8;;;2.8;2.8;2.6;
417;Totaal mannen en vrouwen;0;0;0;Vijf jaar na afstuderen;Onbekend;Cohort 2001/'02;1.3;1.8;0.8;;0.8;;;;1.5;1.8;;;1.5;1.8;;
418;Totaal mannen en vrouwen;0;0;0;Vijf jaar na afstuderen;Onbekend;Cohort 2002/'03;3.7;4.2;3.7;4.2;3.7;4.2;;;3.8;4.1;;;3.3;3.6;6.4;6.4
419;Totaal mannen en vrouwen;0;0;0;Vijf jaar na afstuderen;Onbekend;Cohort 2003/'04;;;;;;;;;;;;;;;;
420;Totaal mannen en vrouwen;0;0;1;Direct na afstuderen;0;Cohort 1999/'00;1.4;;1.4;;1.4;;1.2;;1.6;;1.9;;1.6;;2.2;
421;Totaal mannen en vrouwen;0;0;1;Direct na afstuderen;0;Cohort 2000/'01;1.5;1.9;1.4;1.8;1.4;1.8;1.3;1.7;1.7;2.2;1.1;2.3;1.7;2.1;2.3;2.5
422;Totaal mannen en vrouwen;0;0;1;Direct na afstuderen;0;Cohort 2001/'02;1.5;2.0;1.4;1.8;1.4;1.8;1.3;1.9;1.7;2.2;1.2;2.1;1.7;2.1;2.4;2.7
423;Totaal mannen en vrouwen;0;0;1;Direct na afstuderen;0;Cohort 2002/'03;1.5;2.0;1.3;1.8;1.3;1.8;1.2;1.9;1.7;2.4;1.7;2.4;1.6;2.3;2.5;2.9
424;Totaal mannen en vrouwen;0;0;1;Direct na afstuderen;0;Cohort 2003/'04;1.5;2.1;1.4;1.9;1.4;1.9;1.4;2.0;1.8;2.4;1.8;2.9;1.7;2.3;2.5;2.8
425;Totaal mannen en vrouwen;0;0;1;Direct na afstuderen;1;Cohort 1999/'00;1.2;;1.2;;1.2;;1.6;;1.1;;;;1.1;;;
426;Totaal mannen en vrouwen;0;0;1;Direct na afstuderen;1;Cohort 2000/'01;1.0;1.8;1.1;1.8;1.1;1.8;;;0.8;1.8;;;0.8;1.8;;
427;Totaal mannen en vrouwen;0;0;1;Direct na afstuderen;1;Cohort 2001/'02;1.1;1.7;1.1;1.7;1.1;1.7;;;1.0;1.9;;;1.0;1.9;0.4;
428;Totaal mannen en vrouwen;0;0;1;Direct na afstuderen;1;Cohort 2002/'03;1.0;1.7;1.0;1.6;1.0;1.6;2.1;2.1;1.0;2.0;;;1.0;2.0;0.2;
429;Totaal mannen en vrouwen;0;0;1;Direct na afstuderen;1;Cohort 2003/'04;1.1;2.0;1.1;2.0;1.1;2.0;;;1.0;2.2;;;1.0;2.2;0.4;
430;Totaal mannen en vrouwen;0;0;1;Direct na afstuderen;2;Cohort 1999/'00;1.7;;1.6;;1.6;;;;2.0;;;;2.0;;2.3;
431;Totaal mannen en vrouwen;0;0;1;Direct na afstuderen;2;Cohort 2000/'01;1.7;1.9;1.6;1.8;1.6;1.8;0.5;;2.0;2.2;;;2.0;2.2;2.1;2.1
432;Totaal mannen en vrouwen;0;0;1;Direct na afstuderen;2;Cohort 2001/'02;1.7;2.0;1.6;1.9;1.6;1.9;;;2.1;2.4;0.8;;2.1;2.4;1.9;2.0
433;Totaal mannen en vrouwen;0;0;1;Direct na afstuderen;2;Cohort 2002/'03;1.7;2.0;1.6;1.9;1.6;1.9;1.0;1.6;2.0;2.4;1.7;2.1;2.0;2.4;2.0;2.2
434;Totaal mannen en vrouwen;0;0;1;Direct na afstuderen;2;Cohort 2003/'04;1.7;2.0;1.6;1.9;1.6;1.9;1.7;1.7;2.0;2.4;3.0;3.1;2.0;2.4;2.0;2.4
435;Totaal mannen en vrouwen;0;0;1;Direct na afstuderen;3;Cohort 1999/'00;1.3;;1.2;;1.2;;0.9;;1.4;;;;1.3;;2.0;
436;Totaal mannen en vrouwen;0;0;1;Direct na afstuderen;3;Cohort 2000/'01;1.2;1.8;1.2;1.7;1.2;1.7;0.8;1.7;1.4;2.1;;;1.3;2.0;2.1;2.4
437;Totaal mannen en vrouwen;0;0;1;Direct na afstuderen;3;Cohort 2001/'02;1.3;1.9;1.2;1.7;1.2;1.7;0.8;1.1;1.5;2.2;;;1.3;2.1;2.3;2.6
438;Totaal mannen en vrouwen;0;0;1;Direct na afstuderen;3;Cohort 2002/'03;1.3;1.9;1.2;1.8;1.2;1.8;0.9;1.4;1.4;2.3;1.2;2.5;1.3;2.2;2.3;2.5
439;Totaal mannen en vrouwen;0;0;1;Direct na afstuderen;3;Cohort 2003/'04;1.2;1.9;1.1;1.8;1.1;1.8;0.9;2.2;1.4;2.3;2.4;4.5;1.3;2.2;2.3;2.7
440;Totaal mannen en vrouwen;0;0;1;Direct na afstuderen;4;Cohort 1999/'00;0.9;;0.9;;0.9;;0.3;;0.6;;;;0.6;;0.2;
441;Totaal mannen en vrouwen;0;0;1;Direct na afstuderen;4;Cohort 2000/'01;0.9;1.6;0.9;1.6;0.9;1.6;0.9;;0.7;1.8;1.0;;0.7;1.8;0.2;
442;Totaal mannen en vrouwen;0;0;1;Direct na afstuderen;4;Cohort 2001/'02;1.0;1.6;1.0;1.6;1.0;1.6;0.5;;0.8;1.7;;;0.8;1.7;0.8;
443;Totaal mannen en vrouwen;0;0;1;Direct na afstuderen;4;Cohort 2002/'03;0.9;1.7;1.0;1.7;1.0;1.7;0.9;;0.8;1.8;0.7;;0.8;1.9;0.9;1.6
444;Totaal mannen en vrouwen;0;0;1;Direct na afstuderen;4;Cohort 2003/'04;0.9;1.7;0.9;1.6;0.9;1.6;0.7;1.0;0.8;2.0;0.8;3.1;0.8;2.0;1.2;1.7
445;Totaal mannen en vrouwen;0;0;1;Direct na afstuderen;5;Cohort 1999/'00;1.4;;1.3;;1.3;;;;1.6;;;;1.6;;1.0;
446;Totaal mannen en vrouwen;0;0;1;Direct na afstuderen;5;Cohort 2000/'01;1.4;1.9;1.3;1.8;1.3;1.8;0.5;;1.6;2.4;0.8;;1.6;2.4;1.1;2.0
447;Totaal mannen en vrouwen;0;0;1;Direct na afstuderen;5;Cohort 2001/'02;1.2;1.9;1.2;1.8;1.2;1.8;0.7;;1.4;2.3;;;1.4;2.3;1.7;1.7
448;Totaal mannen en vrouwen;0;0;1;Direct na afstuderen;5;Cohort 2002/'03;1.2;2.0;1.2;1.8;1.2;1.8;0.7;0.7;1.3;2.3;;;1.3;2.3;2.0;4.6
449;Totaal mannen en vrouwen;0;0;1;Direct na afstuderen;5;Cohort 2003/'04;1.2;2.0;1.2;1.9;1.2;1.9;2.3;2.3;1.4;2.3;1.6;2.5;1.4;2.3;0.8;
450;Totaal mannen en vrouwen;0;0;1;Direct na afstuderen;6;Cohort 1999/'00;1.9;;1.6;;1.6;;0.5;;2.3;;;;2.3;;2.2;
451;Totaal mannen en vrouwen;0;0;1;Direct na afstuderen;6;Cohort 2000/'01;2.0;2.3;1.7;1.9;1.7;1.9;;;2.4;2.7;;;2.4;2.7;1.7;
452;Totaal mannen en vrouwen;0;0;1;Direct na afstuderen;6;Cohort 2001/'02;1.9;2.2;1.7;1.9;1.7;1.9;;;2.3;2.6;;;2.3;2.6;2.3;2.6
453;Totaal mannen en vrouwen;0;0;1;Direct na afstuderen;6;Cohort 2002/'03;2.0;2.3;1.7;1.9;1.7;1.9;0.9;;2.4;2.8;2.4;2.4;2.4;2.8;2.9;2.9
454;Totaal mannen en vrouwen;0;0;1;Direct na afstuderen;6;Cohort 2003/'04;2.0;2.2;1.7;1.9;1.7;1.9;0.6;;2.3;2.5;2.7;2.8;2.3;2.5;;
455;Totaal mannen en vrouwen;0;0;1;Direct na afstuderen;7;Cohort 1999/'00;1.7;;1.5;;1.5;;1.5;;1.8;;1.9;;1.8;;1.8;
456;Totaal mannen en vrouwen;0;0;1;Direct na afstuderen;7;Cohort 2000/'01;1.7;2.0;1.6;1.8;1.6;1.8;1.3;1.5;1.9;2.2;2.3;2.3;1.9;2.2;1.9;2.1
457;Totaal mannen en vrouwen;0;0;1;Direct na afstuderen;7;Cohort 2001/'02;1.7;2.0;1.6;1.8;1.6;1.8;1.1;1.6;1.9;2.2;1.4;2.7;1.9;2.2;2.1;2.4
458;Totaal mannen en vrouwen;0;0;1;Direct na afstuderen;7;Cohort 2002/'03;1.7;2.0;1.5;1.8;1.5;1.8;0.8;;1.9;2.2;2.4;2.7;1.9;2.2;2.6;3.1
459;Totaal mannen en vrouwen;0;0;1;Direct na afstuderen;7;Cohort 2003/'04;1.7;2.0;1.6;1.8;1.6;1.8;1.5;1.9;1.9;2.2;2.0;2.6;1.9;2.2;1.9;2.4
460;Totaal mannen en vrouwen;0;0;1;Direct na afstuderen;8;Cohort 1999/'00;1.2;;1.2;;1.2;;0.7;;1.2;;;;1.1;;1.6;
461;Totaal mannen en vrouwen;0;0;1;Direct na afstuderen;8;Cohort 2000/'01;1.3;1.7;1.3;1.7;1.3;1.7;1.0;2.3;1.3;1.9;1.1;;1.2;1.8;1.9;2.9
462;Totaal mannen en vrouwen;0;0;1;Direct na afstuderen;8;Cohort 2001/'02;1.3;1.8;1.3;1.7;1.3;1.7;0.8;;1.3;2.0;0.5;;1.2;1.9;2.5;3.5
463;Totaal mannen en vrouwen;0;0;1;Direct na afstuderen;8;Cohort 2002/'03;1.3;1.8;1.3;1.7;1.3;1.7;0.9;1.4;1.3;2.0;1.2;1.5;1.3;1.9;2.6;3.4
464;Totaal mannen en vrouwen;0;0;1;Direct na afstuderen;8;Cohort 2003/'04;1.3;1.8;1.3;1.8;1.3;1.8;0.8;1.4;1.4;1.9;1.2;1.4;1.4;1.9;1.9;3.6
465;Totaal mannen en vrouwen;0;0;1;Direct na afstuderen;9;Cohort 1999/'00;1.6;;1.4;;1.4;;1.3;;1.8;;;;1.8;;2.4;
466;Totaal mannen en vrouwen;0;0;1;Direct na afstuderen;9;Cohort 2000/'01;1.8;2.0;1.5;1.8;1.5;1.8;1.5;2.0;2.0;2.2;;;2.0;2.1;3.3;3.4
467;Totaal mannen en vrouwen;0;0;1;Direct na afstuderen;9;Cohort 2001/'02;1.8;2.1;1.6;2.0;1.6;2.0;1.2;2.3;2.1;2.2;;;2.1;2.2;3.0;3.1
468;Totaal mannen en vrouwen;0;0;1;Direct na afstuderen;9;Cohort 2002/'03;1.6;2.5;1.4;2.2;1.4;2.2;1.2;2.0;1.8;2.7;2.7;3.1;1.8;2.7;1.9;3.4
469;Totaal mannen en vrouwen;0;0;1;Direct na afstuderen;9;Cohort 2003/'04;1.9;2.5;1.6;2.2;1.7;2.2;1.1;2.6;2.2;2.7;2.3;2.6;2.2;2.7;3.1;3.1
470;Totaal mannen en vrouwen;0;0;1;Direct na afstuderen;M Onderwijs;Cohort 1999/'00;1.3;;1.3;;1.3;;1.3;;1.3;;;;1.3;;1.5;
471;Totaal mannen en vrouwen;0;0;1;Direct na afstuderen;M Onderwijs;Cohort 2000/'01;1.5;1.7;1.4;1.7;1.4;1.7;1.4;1.6;1.5;1.7;0.3;;1.5;1.7;1.8;2.0
472;Totaal mannen en vrouwen;0;0;1;Direct na afstuderen;M Onderwijs;Cohort 2001/'02;1.5;1.8;1.5;1.8;1.5;1.8;1.4;1.8;1.6;1.8;1.1;;1.6;1.8;1.9;2.0
473;Totaal mannen en vrouwen;0;0;1;Direct na afstuderen;M Onderwijs;Cohort 2002/'03;1.3;1.9;1.3;1.9;1.3;1.9;1.3;1.9;1.3;2.0;1.7;2.0;1.3;2.0;1.6;2.2
474;Totaal mannen en vrouwen;0;0;1;Direct na afstuderen;M Onderwijs;Cohort 2003/'04;1.6;2.1;1.6;2.1;1.6;2.1;1.6;2.1;1.6;2.1;1.8;2.1;1.6;2.1;1.6;2.0
475;Totaal mannen en vrouwen;0;0;1;Direct na afstuderen;N Gezondheids- en welzijnszorg;Cohort 1999/'00;1.5;;1.3;;1.3;;0.4;;1.9;;;;1.3;;2.3;
476;Totaal mannen en vrouwen;0;0;1;Direct na afstuderen;N Gezondheids- en welzijnszorg;Cohort 2000/'01;1.5;2.0;1.3;1.7;1.3;1.7;1.2;1.3;2.0;2.4;;;1.5;2.0;2.4;2.6
477;Totaal mannen en vrouwen;0;0;1;Direct na afstuderen;N Gezondheids- en welzijnszorg;Cohort 2001/'02;1.6;2.1;1.4;1.8;1.4;1.8;1.5;2.0;2.1;2.5;1.8;;1.6;2.1;2.5;2.7
478;Totaal mannen en vrouwen;0;0;1;Direct na afstuderen;N Gezondheids- en welzijnszorg;Cohort 2002/'03;1.6;2.3;1.4;1.9;1.4;1.9;0.7;;2.1;2.8;1.4;1.7;1.5;2.2;2.6;2.9
479;Totaal mannen en vrouwen;0;0;1;Direct na afstuderen;N Gezondheids- en welzijnszorg;Cohort 2003/'04;1.6;2.3;1.3;1.8;1.3;1.8;0.9;;2.1;2.7;1.4;3.5;1.6;2.4;2.6;2.8
480;Totaal mannen en vrouwen;0;0;1;Direct na afstuderen;9000e Milieu, cultuur, recreatie en ..;Cohort 1999/'00;1.3;;1.2;;1.2;;1.0;;1.5;;;;1.5;;1.3;
481;Totaal mannen en vrouwen;0;0;1;Direct na afstuderen;9000e Milieu, cultuur, recreatie en ..;Cohort 2000/'01;1.4;1.8;1.3;1.7;1.3;1.7;1.2;2.2;1.6;2.0;;;1.5;2.0;2.3;2.4
482;Totaal mannen en vrouwen;0;0;1;Direct na afstuderen;9000e Milieu, cultuur, recreatie en ..;Cohort 2001/'02;1.5;1.9;1.4;1.8;1.4;1.8;1.3;2.4;1.7;2.1;1.6;1.6;1.6;2.1;2.2;2.3
483;Totaal mannen en vrouwen;0;0;1;Direct na afstuderen;9000e Milieu, cultuur, recreatie en ..;Cohort 2002/'03;1.4;2.0;1.2;1.8;1.2;1.8;1.4;2.2;1.6;2.2;1.3;2.1;1.5;2.1;2.3;2.4
484;Totaal mannen en vrouwen;0;0;1;Direct na afstuderen;9000e Milieu, cultuur, recreatie en ..;Cohort 2003/'04;1.3;2.0;1.2;1.8;1.2;1.8;1.0;1.9;1.6;2.2;1.7;2.5;1.5;2.1;2.3;2.5
485;Totaal mannen en vrouwen;0;0;1;Direct na afstuderen;Onbekend;Cohort 1999/'00;1.8;;1.6;;1.6;;;;2.1;;;;2.1;;;
486;Totaal mannen en vrouwen;0;0;1;Direct na afstuderen;Onbekend;Cohort 2000/'01;1.5;3.4;0.6;1.6;0.6;1.6;;;2.8;4.9;;;2.8;4.9;;
487;Totaal mannen en vrouwen;0;0;1;Direct na afstuderen;Onbekend;Cohort 2001/'02;1.5;2.4;1.4;2.1;1.4;2.1;;;1.9;3.2;;;1.9;3.4;1.8;1.8
488;Totaal mannen en vrouwen;0;0;1;Direct na afstuderen;Onbekend;Cohort 2002/'03;1.5;2.5;1.2;1.9;1.2;1.9;;;2.2;3.4;;;2.3;3.4;2.1;3.9
489;Totaal mannen en vrouwen;0;0;1;Direct na afstuderen;Onbekend;Cohort 2003/'04;1.5;2.8;1.1;2.2;1.1;2.2;;;2.5;3.5;3.7;3.7;2.3;3.6;3.2;3.2
490;Totaal mannen en vrouwen;0;0;1;Één jaar na afstuderen;0;Cohort 1999/'00;2.0;2.2;1.9;2.0;1.9;2.0;1.8;2.1;2.2;2.4;2.3;2.3;2.2;2.3;2.6;2.7
491;Totaal mannen en vrouwen;0;0;1;Één jaar na afstuderen;0;Cohort 2000/'01;2.1;2.2;1.9;2.1;1.9;2.1;1.9;2.2;2.3;2.5;1.8;2.4;2.2;2.4;2.8;2.9
492;Totaal mannen en vrouwen;0;0;1;Één jaar na afstuderen;0;Cohort 2001/'02;2.0;2.3;1.9;2.1;1.9;2.1;1.9;2.3;2.3;2.5;1.5;2.2;2.2;2.5;2.9;3.0
493;Totaal mannen en vrouwen;0;0;1;Één jaar na afstuderen;0;Cohort 2002/'03;2.0;2.3;1.9;2.1;1.9;2.1;1.9;2.3;2.3;2.5;2.0;2.5;2.2;2.4;2.9;3.0
494;Totaal mannen en vrouwen;0;0;1;Één jaar na afstuderen;0;Cohort 2003/'04;2.1;2.3;1.9;2.1;1.9;2.1;1.9;2.3;2.3;2.6;2.2;2.9;2.3;2.5;2.9;2.9
495;Totaal mannen en vrouwen;0;0;1;Één jaar na afstuderen;1;Cohort 1999/'00;1.8;2.0;1.8;2.0;1.8;2.0;;;1.8;2.2;;;1.8;2.2;;
496;Totaal mannen en vrouwen;0;0;1;Één jaar na afstuderen;1;Cohort 2000/'01;1.9;2.2;1.9;2.2;1.9;2.2;;;1.4;2.2;;;1.4;2.1;2.5;2.5
497;Totaal mannen en vrouwen;0;0;1;Één jaar na afstuderen;1;Cohort 2001/'02;1.8;2.0;1.8;2.0;1.8;2.0;;;1.8;2.2;;;1.9;2.2;0.5;
498;Totaal mannen en vrouwen;0;0;1;Één jaar na afstuderen;1;Cohort 2002/'03;1.8;2.2;1.8;2.1;1.8;2.1;1.9;1.9;1.9;2.3;0.0;;2.0;2.3;;
499;Totaal mannen en vrouwen;0;0;1;Één jaar na afstuderen;1;Cohort 2003/'04;1.9;2.2;1.9;2.1;1.9;2.1;;;2.3;2.6;;;2.3;2.6;;
500;Totaal mannen en vrouwen;0;0;1;Één jaar na afstuderen;2;Cohort 1999/'00;2.2;2.2;2.1;2.1;2.1;2.1;0.3;;2.5;2.5;;;2.5;2.5;2.6;2.6
501;Totaal mannen en vrouwen;0;0;1;Één jaar na afstuderen;2;Cohort 2000/'01;2.2;2.3;2.1;2.2;2.1;2.2;1.7;1.7;2.5;2.6;;;2.5;2.6;2.8;2.8
502;Totaal mannen en vrouwen;0;0;1;Één jaar na afstuderen;2;Cohort 2001/'02;2.2;2.3;2.1;2.2;2.1;2.2;1.3;1.8;2.6;2.7;0.9;1.4;2.6;2.7;2.8;2.9
503;Totaal mannen en vrouwen;0;0;1;Één jaar na afstuderen;2;Cohort 2002/'03;2.2;2.3;2.1;2.2;2.1;2.2;1.5;1.5;2.6;2.6;2.3;2.3;2.6;2.7;2.6;2.5
504;Totaal mannen en vrouwen;0;0;1;Één jaar na afstuderen;2;Cohort 2003/'04;2.3;2.3;2.2;2.2;2.2;2.2;;;2.5;2.7;2.7;3.1;2.5;2.7;2.8;2.8
505;Totaal mannen en vrouwen;0;0;1;Één jaar na afstuderen;3;Cohort 1999/'00;2.0;2.1;1.9;2.1;1.9;2.1;1.2;2.0;2.2;2.4;;;2.2;2.4;2.6;2.6
506;Totaal mannen en vrouwen;0;0;1;Één jaar na afstuderen;3;Cohort 2000/'01;2.0;2.1;1.9;2.0;1.9;2.0;2.7;3.6;2.3;2.6;;;2.2;2.5;2.7;2.8
507;Totaal mannen en vrouwen;0;0;1;Één jaar na afstuderen;3;Cohort 2001/'02;2.0;2.2;1.9;2.0;1.9;2.0;1.6;1.7;2.3;2.5;;;2.2;2.5;2.8;2.9
508;Totaal mannen en vrouwen;0;0;1;Één jaar na afstuderen;3;Cohort 2002/'03;1.9;2.1;1.9;2.0;1.9;2.0;1.3;1.7;2.2;2.5;1.1;2.0;2.1;2.4;2.7;2.8
509;Totaal mannen en vrouwen;0;0;1;Één jaar na afstuderen;3;Cohort 2003/'04;2.0;2.2;1.9;2.1;1.9;2.1;1.6;1.9;2.2;2.6;2.8;3.8;2.1;2.5;2.7;2.9
510;Totaal mannen en vrouwen;0;0;1;Één jaar na afstuderen;4;Cohort 1999/'00;1.5;1.9;1.6;1.9;1.6;1.9;;;1.1;2.0;;;1.2;2.0;0.5;
511;Totaal mannen en vrouwen;0;0;1;Één jaar na afstuderen;4;Cohort 2000/'01;1.6;1.9;1.6;1.9;1.6;1.9;1.1;;1.5;2.1;;;1.5;2.1;;
512;Totaal mannen en vrouwen;0;0;1;Één jaar na afstuderen;4;Cohort 2001/'02;1.5;1.9;1.6;1.9;1.6;1.9;1.4;;1.2;1.8;;;1.2;1.8;0.7;
513;Totaal mannen en vrouwen;0;0;1;Één jaar na afstuderen;4;Cohort 2002/'03;1.5;1.9;1.5;1.9;1.5;1.9;1.5;2.0;1.3;2.0;0.8;;1.4;2.0;1.2;
514;Totaal mannen en vrouwen;0;0;1;Één jaar na afstuderen;4;Cohort 2003/'04;1.5;2.0;1.5;1.9;1.5;1.9;0.9;1.3;1.4;2.5;1.1;2.0;1.5;2.5;1.7;
515;Totaal mannen en vrouwen;0;0;1;Één jaar na afstuderen;5;Cohort 1999/'00;2.1;2.2;2.0;2.1;2.0;2.1;1.2;;2.5;2.6;;;2.5;2.6;0.7;
516;Totaal mannen en vrouwen;0;0;1;Één jaar na afstuderen;5;Cohort 2000/'01;2.1;2.2;1.9;2.1;1.9;2.1;1.6;2.0;2.4;2.6;;;2.4;2.6;2.3;2.3
517;Totaal mannen en vrouwen;0;0;1;Één jaar na afstuderen;5;Cohort 2001/'02;2.0;2.2;1.9;2.1;1.9;2.1;1.1;;2.2;2.6;;;2.2;2.6;;
518;Totaal mannen en vrouwen;0;0;1;Één jaar na afstuderen;5;Cohort 2002/'03;1.9;2.2;1.8;2.1;1.8;2.1;0.8;;2.1;2.5;2.3;2.3;2.1;2.4;2.8;5.3
519;Totaal mannen en vrouwen;0;0;1;Één jaar na afstuderen;5;Cohort 2003/'04;2.0;2.2;1.9;2.1;1.9;2.1;;;2.3;2.6;2.1;2.4;2.3;2.6;;
520;Totaal mannen en vrouwen;0;0;1;Één jaar na afstuderen;6;Cohort 1999/'00;2.4;2.4;2.1;2.2;2.1;2.2;0.5;;2.7;2.8;;;2.7;2.8;2.1;2.1
521;Totaal mannen en vrouwen;0;0;1;Één jaar na afstuderen;6;Cohort 2000/'01;2.5;2.5;2.2;2.2;2.2;2.2;;;2.9;2.9;;;2.9;2.9;2.6;2.6
522;Totaal mannen en vrouwen;0;0;1;Één jaar na afstuderen;6;Cohort 2001/'02;2.4;2.5;2.2;2.2;2.2;2.2;;;2.7;2.8;;;2.7;2.8;3.4;3.1
523;Totaal mannen en vrouwen;0;0;1;Één jaar na afstuderen;6;Cohort 2002/'03;2.4;2.5;2.1;2.2;2.1;2.2;;;2.8;2.8;2.8;2.8;2.8;2.8;4.3;4.3
524;Totaal mannen en vrouwen;0;0;1;Één jaar na afstuderen;6;Cohort 2003/'04;2.5;2.6;2.1;2.2;2.1;2.2;0.6;;2.9;3.0;2.9;3.6;2.9;3.0;1.1;
525;Totaal mannen en vrouwen;0;0;1;Één jaar na afstuderen;7;Cohort 1999/'00;2.1;2.2;2.0;2.1;2.0;2.1;2.0;2.1;2.3;2.4;2.3;2.3;2.3;2.4;2.1;2.4
526;Totaal mannen en vrouwen;0;0;1;Één jaar na afstuderen;7;Cohort 2000/'01;2.2;2.2;2.0;2.1;2.0;2.1;1.4;1.7;2.4;2.4;2.4;2.4;2.4;2.4;2.4;2.5
527;Totaal mannen en vrouwen;0;0;1;Één jaar na afstuderen;7;Cohort 2001/'02;2.2;2.3;2.0;2.1;2.0;2.1;1.5;;2.4;2.5;2.6;2.6;2.4;2.5;2.7;2.7
528;Totaal mannen en vrouwen;0;0;1;Één jaar na afstuderen;7;Cohort 2002/'03;2.2;2.2;2.0;2.1;2.0;2.1;1.7;1.7;2.3;2.4;2.5;2.7;2.3;2.4;3.0;3.1
529;Totaal mannen en vrouwen;0;0;1;Één jaar na afstuderen;7;Cohort 2003/'04;2.2;2.3;2.0;2.1;2.0;2.1;1.9;2.0;2.4;2.5;2.5;2.7;2.4;2.5;2.8;2.7
530;Totaal mannen en vrouwen;0;0;1;Één jaar na afstuderen;8;Cohort 1999/'00;1.7;2.0;1.7;1.9;1.7;1.9;1.1;1.6;1.7;2.1;;;1.7;2.1;2.1;2.9
531;Totaal mannen en vrouwen;0;0;1;Één jaar na afstuderen;8;Cohort 2000/'01;1.7;2.0;1.7;2.0;1.7;2.0;1.0;;1.7;2.2;1.8;;1.7;2.2;2.1;2.7
532;Totaal mannen en vrouwen;0;0;1;Één jaar na afstuderen;8;Cohort 2001/'02;1.8;2.1;1.7;2.0;1.7;2.0;1.5;1.6;1.8;2.2;;;1.8;2.2;2.8;3.1
533;Totaal mannen en vrouwen;0;0;1;Één jaar na afstuderen;8;Cohort 2002/'03;1.7;2.0;1.7;2.0;1.7;2.0;1.1;2.8;1.8;2.2;1.2;1.7;1.8;2.2;2.2;2.9
534;Totaal mannen en vrouwen;0;0;1;Één jaar na afstuderen;8;Cohort 2003/'04;1.8;2.1;1.7;2.0;1.7;2.0;1.6;1.4;1.9;2.2;1.5;1.9;1.8;2.2;2.9;2.4
535;Totaal mannen en vrouwen;0;0;1;Één jaar na afstuderen;9;Cohort 1999/'00;2.1;2.2;1.9;2.0;1.9;2.0;1.3;1.9;2.3;2.3;;;2.2;2.3;3.4;3.5
536;Totaal mannen en vrouwen;0;0;1;Één jaar na afstuderen;9;Cohort 2000/'01;2.2;2.3;2.0;2.1;2.0;2.1;1.3;2.0;2.4;2.4;;;2.3;2.4;3.4;3.6
537;Totaal mannen en vrouwen;0;0;1;Één jaar na afstuderen;9;Cohort 2001/'02;2.1;2.4;1.9;2.2;1.9;2.2;1.7;2.4;2.4;2.6;0.6;;2.3;2.6;3.5;3.6
538;Totaal mannen en vrouwen;0;0;1;Één jaar na afstuderen;9;Cohort 2002/'03;2.2;2.5;2.0;2.2;2.0;2.2;1.1;2.2;2.5;2.7;3.0;3.4;2.4;2.6;3.5;3.7
539;Totaal mannen en vrouwen;0;0;1;Één jaar na afstuderen;9;Cohort 2003/'04;2.4;2.5;2.2;2.3;2.2;2.3;2.0;3.0;2.6;2.7;2.6;2.9;2.5;2.6;3.5;3.5
540;Totaal mannen en vrouwen;0;0;1;Één jaar na afstuderen;M Onderwijs;Cohort 1999/'00;1.9;2.0;1.9;2.1;1.9;2.0;1.9;2.1;1.8;1.9;;;1.8;1.9;2.0;2.0
541;Totaal mannen en vrouwen;0;0;1;Één jaar na afstuderen;M Onderwijs;Cohort 2000/'01;2.0;2.1;2.0;2.2;2.0;2.2;2.1;2.2;1.9;2.0;1.4;;1.8;1.9;2.1;2.2
542;Totaal mannen en vrouwen;0;0;1;Één jaar na afstuderen;M Onderwijs;Cohort 2001/'02;2.0;2.2;2.0;2.2;2.0;2.2;2.1;2.3;1.9;2.1;0.2;;1.9;2.1;2.1;2.3
543;Totaal mannen en vrouwen;0;0;1;Één jaar na afstuderen;M Onderwijs;Cohort 2002/'03;2.0;2.2;2.0;2.3;2.0;2.3;2.1;2.3;1.9;2.1;1.7;1.8;1.9;2.1;2.0;2.2
544;Totaal mannen en vrouwen;0;0;1;Één jaar na afstuderen;M Onderwijs;Cohort 2003/'04;2.0;2.3;2.0;2.3;2.0;2.3;2.0;2.3;2.1;2.2;2.1;2.5;2.1;2.2;2.2;2.3
545;Totaal mannen en vrouwen;0;0;1;Één jaar na afstuderen;N Gezondheids- en welzijnszorg;Cohort 1999/'00;1.9;2.2;1.7;1.9;1.7;1.9;0.8;;2.3;2.6;;;1.9;2.1;2.7;2.8
546;Totaal mannen en vrouwen;0;0;1;Één jaar na afstuderen;N Gezondheids- en welzijnszorg;Cohort 2000/'01;2.0;2.3;1.8;2.1;1.8;2.1;1.0;;2.5;2.7;;;2.0;2.3;2.9;3.0
547;Totaal mannen en vrouwen;0;0;1;Één jaar na afstuderen;N Gezondheids- en welzijnszorg;Cohort 2001/'02;2.1;2.4;1.9;2.1;1.9;2.1;2.1;2.6;2.5;2.8;2.5;;2.0;2.3;2.9;3.1
548;Totaal mannen en vrouwen;0;0;1;Één jaar na afstuderen;N Gezondheids- en welzijnszorg;Cohort 2002/'03;2.0;2.4;1.8;2.1;1.8;2.1;1.0;2.1;2.5;2.8;1.7;2.0;2.0;2.3;3.0;3.1
549;Totaal mannen en vrouwen;0;0;1;Één jaar na afstuderen;N Gezondheids- en welzijnszorg;Cohort 2003/'04;2.0;2.4;1.8;2.1;1.8;2.1;1.0;;2.5;2.8;1.8;2.6;2.1;2.5;3.0;3.0
550;Totaal mannen en vrouwen;0;0;1;Één jaar na afstuderen;9000e Milieu, cultuur, recreatie en ..;Cohort 1999/'00;1.8;2.1;1.7;2.0;1.8;2.0;1.2;1.8;2.0;2.2;;;2.0;2.2;2.2;2.3
551;Totaal mannen en vrouwen;0;0;1;Één jaar na afstuderen;9000e Milieu, cultuur, recreatie en ..;Cohort 2000/'01;1.9;2.1;1.8;2.0;1.8;2.0;1.6;2.3;2.1;2.3;1.2;;2.0;2.2;2.4;2.4
552;Totaal mannen en vrouwen;0;0;1;Één jaar na afstuderen;9000e Milieu, cultuur, recreatie en ..;Cohort 2001/'02;1.9;2.2;1.8;2.1;1.8;2.1;1.6;2.4;2.2;2.4;;;2.0;2.3;2.5;2.5
553;Totaal mannen en vrouwen;0;0;1;Één jaar na afstuderen;9000e Milieu, cultuur, recreatie en ..;Cohort 2002/'03;1.9;2.2;1.7;2.1;1.7;2.1;1.7;2.7;2.1;2.4;1.7;2.4;2.0;2.3;2.5;2.5
554;Totaal mannen en vrouwen;0;0;1;Één jaar na afstuderen;9000e Milieu, cultuur, recreatie en ..;Cohort 2003/'04;1.9;2.2;1.7;2.1;1.8;2.1;1.4;2.5;2.1;2.4;1.9;2.2;2.0;2.3;2.5;2.5
555;Totaal mannen en vrouwen;0;0;1;Één jaar na afstuderen;Onbekend;Cohort 1999/'00;2.8;3.3;2.5;3.0;2.5;3.0;;;3.5;3.8;;;3.5;3.8;;
556;Totaal mannen en vrouwen;0;0;1;Één jaar na afstuderen;Onbekend;Cohort 2000/'01;2.2;2.7;1.8;2.3;1.8;2.3;;;2.8;3.2;;;2.8;3.2;3.3;3.3
557;Totaal mannen en vrouwen;0;0;1;Één jaar na afstuderen;Onbekend;Cohort 2001/'02;2.3;3.0;1.9;2.5;1.9;2.5;;;3.5;4.1;;;3.5;4.1;;
558;Totaal mannen en vrouwen;0;0;1;Één jaar na afstuderen;Onbekend;Cohort 2002/'03;2.6;3.1;2.1;2.6;2.1;2.6;;;3.8;4.0;3.6;3.6;3.9;4.1;2.8;2.8
559;Totaal mannen en vrouwen;0;0;1;Één jaar na afstuderen;Onbekend;Cohort 2003/'04;2.2;2.6;1.8;2.2;1.8;2.2;;;3.1;3.6;5.2;5.2;2.9;3.5;3.4;3.4
560;Totaal mannen en vrouwen;0;0;1;Twee jaar na afstuderen;0;Cohort 1999/'00;2.3;2.4;2.1;2.3;2.1;2.3;2.0;2.3;2.5;2.7;1.7;;2.5;2.7;2.9;2.9
561;Totaal mannen en vrouwen;0;0;1;Twee jaar na afstuderen;0;Cohort 2000/'01;2.3;2.5;2.1;2.3;2.1;2.3;2.1;2.3;2.6;2.7;2.0;3.7;2.5;2.7;3.0;3.1
562;Totaal mannen en vrouwen;0;0;1;Twee jaar na afstuderen;0;Cohort 2001/'02;2.3;2.5;2.1;2.3;2.1;2.3;2.1;2.4;2.6;2.7;1.9;2.5;2.5;2.7;3.0;3.1
563;Totaal mannen en vrouwen;0;0;1;Twee jaar na afstuderen;0;Cohort 2002/'03;2.3;2.5;2.1;2.3;2.1;2.3;2.2;2.5;2.6;2.8;2.2;2.7;2.5;2.7;3.0;3.1
564;Totaal mannen en vrouwen;0;0;1;Twee jaar na afstuderen;0;Cohort 2003/'04;2.5;2.7;2.3;2.5;2.3;2.5;2.1;2.6;2.8;3.0;2.7;3.4;2.8;3.0;3.2;3.2
565;Totaal mannen en vrouwen;0;0;1;Twee jaar na afstuderen;1;Cohort 1999/'00;2.1;2.3;2.1;2.2;2.1;2.2;;;2.4;2.4;;;2.4;2.4;;
566;Totaal mannen en vrouwen;0;0;1;Twee jaar na afstuderen;1;Cohort 2000/'01;2.1;2.3;2.1;2.3;2.1;2.3;;;2.0;2.5;;;1.9;2.5;2.4;2.4
567;Totaal mannen en vrouwen;0;0;1;Twee jaar na afstuderen;1;Cohort 2001/'02;2.1;2.3;2.1;2.4;2.1;2.4;;;2.1;2.3;;;2.1;2.3;;
568;Totaal mannen en vrouwen;0;0;1;Twee jaar na afstuderen;1;Cohort 2002/'03;2.0;2.3;2.0;2.3;2.0;2.3;;;2.0;2.3;;;2.0;2.3;;
569;Totaal mannen en vrouwen;0;0;1;Twee jaar na afstuderen;1;Cohort 2003/'04;2.4;2.5;2.3;2.5;2.3;2.5;;;2.7;2.8;;;2.7;2.8;;
570;Totaal mannen en vrouwen;0;0;1;Twee jaar na afstuderen;2;Cohort 1999/'00;2.4;2.5;2.3;2.4;2.3;2.4;;;2.8;2.9;;;2.8;2.9;3.1;3.1
571;Totaal mannen en vrouwen;0;0;1;Twee jaar na afstuderen;2;Cohort 2000/'01;2.5;2.5;2.3;2.4;2.3;2.4;1.0;1.3;2.8;2.9;;;2.8;2.9;3.1;3.1
572;Totaal mannen en vrouwen;0;0;1;Twee jaar na afstuderen;2;Cohort 2001/'02;2.5;2.5;2.3;2.4;2.3;2.4;2.1;2.7;2.9;3.0;1.7;3.0;2.9;3.0;3.0;3.3
573;Totaal mannen en vrouwen;0;0;1;Twee jaar na afstuderen;2;Cohort 2002/'03;2.5;2.5;2.3;2.4;2.3;2.4;0.9;;2.9;2.9;2.5;2.5;2.9;2.9;2.9;2.7
574;Totaal mannen en vrouwen;0;0;1;Twee jaar na afstuderen;2;Cohort 2003/'04;2.7;2.7;2.5;2.6;2.5;2.6;;;3.0;3.1;3.3;4.3;3.0;3.1;3.4;3.4
575;Totaal mannen en vrouwen;0;0;1;Twee jaar na afstuderen;3;Cohort 1999/'00;2.3;2.4;2.2;2.3;2.2;2.3;1.6;2.0;2.6;2.8;;;2.6;2.8;3.0;3.0
576;Totaal mannen en vrouwen;0;0;1;Twee jaar na afstuderen;3;Cohort 2000/'01;2.2;2.4;2.1;2.2;2.1;2.2;1.5;2.0;2.7;2.9;5.6;5.6;2.6;2.8;3.0;3.1
577;Totaal mannen en vrouwen;0;0;1;Twee jaar na afstuderen;3;Cohort 2001/'02;2.2;2.4;2.1;2.2;2.1;2.2;2.3;2.4;2.6;2.8;4.0;4.0;2.6;2.7;3.1;3.2
578;Totaal mannen en vrouwen;0;0;1;Twee jaar na afstuderen;3;Cohort 2002/'03;2.2;2.4;2.1;2.3;2.1;2.3;1.3;1.6;2.6;2.8;1.4;1.8;2.5;2.7;3.1;3.2
579;Totaal mannen en vrouwen;0;0;1;Twee jaar na afstuderen;3;Cohort 2003/'04;2.4;2.6;2.3;2.5;2.3;2.5;1.7;2.5;2.9;3.1;3.3;4.9;2.8;3.0;3.3;3.4
580;Totaal mannen en vrouwen;0;0;1;Twee jaar na afstuderen;4;Cohort 1999/'00;1.8;2.1;1.8;2.1;1.8;2.1;;;1.6;2.1;;;1.6;2.1;;
581;Totaal mannen en vrouwen;0;0;1;Twee jaar na afstuderen;4;Cohort 2000/'01;1.8;2.1;1.8;2.1;1.8;2.1;1.2;1.6;1.8;2.4;;;1.8;2.4;;
582;Totaal mannen en vrouwen;0;0;1;Twee jaar na afstuderen;4;Cohort 2001/'02;1.8;2.0;1.8;2.0;1.8;2.0;2.0;;1.6;2.1;;;1.6;2.1;1.3;
583;Totaal mannen en vrouwen;0;0;1;Twee jaar na afstuderen;4;Cohort 2002/'03;1.8;2.1;1.8;2.0;1.8;2.0;2.2;;1.7;2.3;1.0;;1.7;2.3;1.1;2.5
584;Totaal mannen en vrouwen;0;0;1;Twee jaar na afstuderen;4;Cohort 2003/'04;1.8;2.2;1.8;2.1;1.8;2.1;1.1;;1.8;2.4;1.5;2.0;1.8;2.4;2.5;2.5
585;Totaal mannen en vrouwen;0;0;1;Twee jaar na afstuderen;5;Cohort 1999/'00;2.4;2.5;2.2;2.3;2.2;2.3;1.5;;2.8;2.9;;;2.8;2.9;;
586;Totaal mannen en vrouwen;0;0;1;Twee jaar na afstuderen;5;Cohort 2000/'01;2.3;2.4;2.1;2.3;2.1;2.3;1.6;;2.6;2.9;;;2.6;2.9;2.6;2.6
587;Totaal mannen en vrouwen;0;0;1;Twee jaar na afstuderen;5;Cohort 2001/'02;2.2;2.4;2.1;2.3;2.1;2.3;2.3;2.3;2.5;2.9;;;2.5;2.8;17.4;17.4
588;Totaal mannen en vrouwen;0;0;1;Twee jaar na afstuderen;5;Cohort 2002/'03;2.2;2.4;2.1;2.2;2.1;2.2;;;2.5;2.8;2.8;3.6;2.5;2.8;3.0;5.9
589;Totaal mannen en vrouwen;0;0;1;Twee jaar na afstuderen;5;Cohort 2003/'04;2.4;2.6;2.3;2.4;2.3;2.4;1.5;;2.8;3.0;2.5;2.9;2.8;3.0;;
590;Totaal mannen en vrouwen;0;0;1;Twee jaar na afstuderen;6;Cohort 1999/'00;2.8;2.8;2.4;2.5;2.4;2.5;0.6;;3.2;3.3;;;3.2;3.3;3.2;3.2
591;Totaal mannen en vrouwen;0;0;1;Twee jaar na afstuderen;6;Cohort 2000/'01;2.7;2.8;2.4;2.5;2.4;2.5;;;3.2;3.3;;;3.2;3.3;3.4;3.7
592;Totaal mannen en vrouwen;0;0;1;Twee jaar na afstuderen;6;Cohort 2001/'02;2.7;2.8;2.4;2.5;2.4;2.5;;;3.1;3.2;;;3.1;3.2;4.3;2.7
593;Totaal mannen en vrouwen;0;0;1;Twee jaar na afstuderen;6;Cohort 2002/'03;2.8;2.9;2.4;2.4;2.4;2.4;;;3.4;3.5;3.5;3.5;3.4;3.5;3.3;2.6
594;Totaal mannen en vrouwen;0;0;1;Twee jaar na afstuderen;6;Cohort 2003/'04;3.0;3.0;2.5;2.6;2.5;2.6;;;3.6;3.6;3.8;3.9;3.6;3.5;3.5;3.5
595;Totaal mannen en vrouwen;0;0;1;Twee jaar na afstuderen;7;Cohort 1999/'00;2.4;2.5;2.2;2.3;2.2;2.3;2.0;2.5;2.6;2.7;1.7;;2.6;2.7;2.5;2.7
596;Totaal mannen en vrouwen;0;0;1;Twee jaar na afstuderen;7;Cohort 2000/'01;2.4;2.5;2.2;2.3;2.2;2.3;2.4;3.1;2.6;2.7;2.4;2.7;2.6;2.7;2.8;2.9
597;Totaal mannen en vrouwen;0;0;1;Twee jaar na afstuderen;7;Cohort 2001/'02;2.4;2.5;2.2;2.3;2.2;2.3;1.9;2.7;2.6;2.7;2.2;2.2;2.6;2.7;2.9;3.1
598;Totaal mannen en vrouwen;0;0;1;Twee jaar na afstuderen;7;Cohort 2002/'03;2.4;2.5;2.2;2.3;2.2;2.3;1.4;1.6;2.6;2.7;2.7;2.7;2.6;2.7;3.0;3.0
599;Totaal mannen en vrouwen;0;0;1;Twee jaar na afstuderen;7;Cohort 2003/'04;2.7;2.8;2.4;2.5;2.4;2.5;2.2;2.4;3.0;3.0;2.9;3.2;3.0;3.0;3.1;3.1
600;Totaal mannen en vrouwen;0;0;1;Twee jaar na afstuderen;8;Cohort 1999/'00;1.9;2.2;1.9;2.1;1.9;2.1;2.2;2.2;2.0;2.3;;;1.9;2.3;2.3;2.6
601;Totaal mannen en vrouwen;0;0;1;Twee jaar na afstuderen;8;Cohort 2000/'01;2.0;2.2;2.0;2.2;2.0;2.2;1.5;1.5;2.0;2.4;0.6;;2.0;2.4;2.3;2.6
602;Totaal mannen en vrouwen;0;0;1;Twee jaar na afstuderen;8;Cohort 2001/'02;2.0;2.2;1.9;2.2;1.9;2.2;1.1;1.4;2.1;2.4;0.8;;2.1;2.4;2.6;3.2
603;Totaal mannen en vrouwen;0;0;1;Twee jaar na afstuderen;8;Cohort 2002/'03;1.9;2.2;1.9;2.2;1.9;2.2;1.0;;2.0;2.3;1.8;2.0;2.0;2.4;2.0;1.5
604;Totaal mannen en vrouwen;0;0;1;Twee jaar na afstuderen;8;Cohort 2003/'04;2.1;2.5;2.1;2.4;2.1;2.4;1.3;;2.3;2.7;1.9;2.4;2.3;2.7;2.4;2.6
605;Totaal mannen en vrouwen;0;0;1;Twee jaar na afstuderen;9;Cohort 1999/'00;2.4;2.5;2.2;2.3;2.2;2.3;1.0;1.8;2.6;2.6;;;2.5;2.6;3.6;3.9
606;Totaal mannen en vrouwen;0;0;1;Twee jaar na afstuderen;9;Cohort 2000/'01;2.4;2.5;2.2;2.4;2.2;2.4;1.6;1.9;2.6;2.7;;;2.5;2.7;3.8;4.1
607;Totaal mannen en vrouwen;0;0;1;Twee jaar na afstuderen;9;Cohort 2001/'02;2.5;2.6;2.2;2.4;2.2;2.4;1.8;2.1;2.7;2.9;1.3;2.3;2.7;2.8;4.0;4.2
608;Totaal mannen en vrouwen;0;0;1;Twee jaar na afstuderen;9;Cohort 2002/'03;2.5;2.6;2.3;2.4;2.3;2.4;1.8;2.3;2.7;2.8;3.2;3.5;2.7;2.8;3.9;4.1
609;Totaal mannen en vrouwen;0;0;1;Twee jaar na afstuderen;9;Cohort 2003/'04;2.7;2.8;2.5;2.6;2.5;2.6;2.1;2.9;2.9;3.0;2.9;3.1;2.9;2.9;3.9;4.0
610;Totaal mannen en vrouwen;0;0;1;Twee jaar na afstuderen;M Onderwijs;Cohort 1999/'00;2.1;2.2;2.1;2.3;2.1;2.3;2.1;2.3;2.0;2.1;;;2.0;2.1;2.2;2.3
611;Totaal mannen en vrouwen;0;0;1;Twee jaar na afstuderen;M Onderwijs;Cohort 2000/'01;2.1;2.3;2.1;2.3;2.1;2.3;2.2;2.3;2.0;2.2;0.1;;2.0;2.2;2.2;2.4
612;Totaal mannen en vrouwen;0;0;1;Twee jaar na afstuderen;M Onderwijs;Cohort 2001/'02;2.2;2.3;2.2;2.4;2.2;2.4;2.2;2.3;2.1;2.2;1.7;1.7;2.1;2.2;2.2;2.4
613;Totaal mannen en vrouwen;0;0;1;Twee jaar na afstuderen;M Onderwijs;Cohort 2002/'03;2.2;2.4;2.2;2.5;2.2;2.5;2.3;2.5;2.2;2.3;1.7;2.4;2.2;2.3;2.2;2.3
614;Totaal mannen en vrouwen;0;0;1;Twee jaar na afstuderen;M Onderwijs;Cohort 2003/'04;2.3;2.5;2.3;2.5;2.3;2.5;2.3;2.6;2.4;2.6;2.3;2.4;2.4;2.5;2.6;2.6
615;Totaal mannen en vrouwen;0;0;1;Twee jaar na afstuderen;N Gezondheids- en welzijnszorg;Cohort 1999/'00;2.1;2.4;2.0;2.2;2.0;2.2;1.6;;2.6;2.8;;;2.2;2.4;3.0;3.1
616;Totaal mannen en vrouwen;0;0;1;Twee jaar na afstuderen;N Gezondheids- en welzijnszorg;Cohort 2000/'01;2.2;2.5;2.0;2.3;2.0;2.3;1.6;;2.6;2.9;0.5;;2.2;2.5;3.1;3.2
617;Totaal mannen en vrouwen;0;0;1;Twee jaar na afstuderen;N Gezondheids- en welzijnszorg;Cohort 2001/'02;2.2;2.5;2.0;2.3;2.0;2.3;1.1;2.1;2.6;2.9;2.6;;2.2;2.5;3.1;3.2
618;Totaal mannen en vrouwen;0;0;1;Twee jaar na afstuderen;N Gezondheids- en welzijnszorg;Cohort 2002/'03;2.2;2.5;2.0;2.2;2.0;2.2;1.6;2.7;2.7;3.0;1.8;;2.3;2.6;3.1;3.2
619;Totaal mannen en vrouwen;0;0;1;Twee jaar na afstuderen;N Gezondheids- en welzijnszorg;Cohort 2003/'04;2.3;2.7;2.0;2.3;2.0;2.3;1.2;;2.8;3.1;2.1;3.5;2.4;2.7;3.3;3.3
620;Totaal mannen en vrouwen;0;0;1;Twee jaar na afstuderen;9000e Milieu, cultuur, recreatie en ..;Cohort 1999/'00;2.1;2.3;2.0;2.2;2.0;2.2;1.5;2.2;2.2;2.4;;;2.1;2.4;2.4;2.4
621;Totaal mannen en vrouwen;0;0;1;Twee jaar na afstuderen;9000e Milieu, cultuur, recreatie en ..;Cohort 2000/'01;2.1;2.4;2.0;2.3;2.0;2.3;1.8;2.6;2.3;2.5;;;2.2;2.5;2.6;2.6
622;Totaal mannen en vrouwen;0;0;1;Twee jaar na afstuderen;9000e Milieu, cultuur, recreatie en ..;Cohort 2001/'02;2.1;2.4;2.0;2.3;2.0;2.2;1.8;2.8;2.3;2.5;;;2.3;2.5;2.5;2.5
623;Totaal mannen en vrouwen;0;0;1;Twee jaar na afstuderen;9000e Milieu, cultuur, recreatie en ..;Cohort 2002/'03;2.1;2.4;2.0;2.3;2.0;2.3;2.4;3.0;2.4;2.6;1.9;2.3;2.2;2.6;2.6;2.6
624;Totaal mannen en vrouwen;0;0;1;Twee jaar na afstuderen;9000e Milieu, cultuur, recreatie en ..;Cohort 2003/'04;2.2;2.5;2.0;2.4;2.1;2.4;1.8;2.5;2.5;2.7;2.0;2.3;2.4;2.7;2.6;2.7
625;Totaal mannen en vrouwen;0;0;1;Twee jaar na afstuderen;Onbekend;Cohort 1999/'00;3.1;3.1;2.8;2.8;2.8;2.8;;;3.6;3.9;;;3.8;4.1;2.9;2.9
626;Totaal mannen en vrouwen;0;0;1;Twee jaar na afstuderen;Onbekend;Cohort 2000/'01;3.1;3.5;2.8;3.3;2.8;3.3;;;3.5;3.7;;;3.6;3.8;3.0;3.3
627;Totaal mannen en vrouwen;0;0;1;Twee jaar na afstuderen;Onbekend;Cohort 2001/'02;3.1;3.3;2.7;3.0;2.7;3.0;;;3.6;3.8;;;3.6;3.8;3.7;3.7
628;Totaal mannen en vrouwen;0;0;1;Twee jaar na afstuderen;Onbekend;Cohort 2002/'03;3.1;3.4;2.6;2.9;2.6;2.9;;;4.0;4.1;;;4.3;4.4;3.1;3.1
629;Totaal mannen en vrouwen;0;0;1;Twee jaar na afstuderen;Onbekend;Cohort 2003/'04;1.9;2.4;2.1;2.6;2.1;2.6;;;1.6;2.1;;;1.6;2.1;;
630;Totaal mannen en vrouwen;0;0;1;Drie jaar na afstuderen;0;Cohort 1999/'00;2.4;2.6;2.3;2.5;2.3;2.5;2.1;2.4;2.8;3.0;2.6;2.4;2.7;2.9;3.1;3.2
631;Totaal mannen en vrouwen;0;0;1;Drie jaar na afstuderen;0;Cohort 2000/'01;2.4;2.6;2.3;2.5;2.3;2.5;2.1;2.4;2.8;3.0;2.1;2.3;2.7;3.0;3.1;3.2
632;Totaal mannen en vrouwen;0;0;1;Drie jaar na afstuderen;0;Cohort 2001/'02;2.5;2.7;2.3;2.5;2.3;2.5;2.3;2.6;2.8;3.0;2.8;3.2;2.8;3.0;3.2;3.2
633;Totaal mannen en vrouwen;0;0;1;Drie jaar na afstuderen;0;Cohort 2002/'03;2.6;2.9;2.4;2.6;2.4;2.6;2.3;2.7;3.0;3.2;2.7;3.2;3.0;3.2;3.3;3.4
634;Totaal mannen en vrouwen;0;0;1;Drie jaar na afstuderen;0;Cohort 2003/'04;2.8;3.0;2.5;2.8;2.5;2.8;2.3;2.7;3.2;3.4;2.9;3.6;3.2;3.4;3.4;3.5
635;Totaal mannen en vrouwen;0;0;1;Drie jaar na afstuderen;1;Cohort 1999/'00;2.3;2.4;2.3;2.4;2.3;2.4;;;2.4;2.6;;;2.3;2.6;3.3;3.3
636;Totaal mannen en vrouwen;0;0;1;Drie jaar na afstuderen;1;Cohort 2000/'01;2.3;2.4;2.2;2.4;2.2;2.4;;;2.4;2.6;;;2.3;2.6;2.5;3.0
637;Totaal mannen en vrouwen;0;0;1;Drie jaar na afstuderen;1;Cohort 2001/'02;2.2;2.3;2.2;2.3;2.2;2.3;;;2.2;2.3;;;2.2;2.3;;
638;Totaal mannen en vrouwen;0;0;1;Drie jaar na afstuderen;1;Cohort 2002/'03;2.4;2.6;2.4;2.6;2.4;2.6;;;2.6;2.9;;;2.6;2.9;2.5;
639;Totaal mannen en vrouwen;0;0;1;Drie jaar na afstuderen;1;Cohort 2003/'04;2.7;2.9;2.7;2.8;2.7;2.8;1.7;;2.7;3.3;;;2.8;3.3;2.1;
640;Totaal mannen en vrouwen;0;0;1;Drie jaar na afstuderen;2;Cohort 1999/'00;2.7;2.7;2.5;2.6;2.5;2.6;0.6;;3.1;3.1;;;3.1;3.1;2.9;2.9
641;Totaal mannen en vrouwen;0;0;1;Drie jaar na afstuderen;2;Cohort 2000/'01;2.7;2.7;2.5;2.6;2.5;2.6;1.9;1.9;3.1;3.2;;;3.1;3.2;3.5;3.6
642;Totaal mannen en vrouwen;0;0;1;Drie jaar na afstuderen;2;Cohort 2001/'02;2.7;2.7;2.5;2.6;2.5;2.6;2.7;2.7;3.1;3.2;3.2;3.2;3.1;3.2;3.3;3.4
643;Totaal mannen en vrouwen;0;0;1;Drie jaar na afstuderen;2;Cohort 2002/'03;2.8;2.9;2.7;2.7;2.7;2.7;;;3.3;3.4;2.9;2.9;3.3;3.4;3.6;3.6
644;Totaal mannen en vrouwen;0;0;1;Drie jaar na afstuderen;2;Cohort 2003/'04;3.0;3.1;2.9;2.9;2.9;2.9;0.2;;3.5;3.6;3.9;4.8;3.5;3.5;4.1;4.3
645;Totaal mannen en vrouwen;0;0;1;Drie jaar na afstuderen;3;Cohort 1999/'00;2.5;2.6;2.4;2.5;2.4;2.5;1.5;2.4;3.0;3.1;;;2.9;3.0;3.4;3.6
646;Totaal mannen en vrouwen;0;0;1;Drie jaar na afstuderen;3;Cohort 2000/'01;2.4;2.6;2.3;2.4;2.3;2.4;1.8;2.3;2.9;3.1;;;2.8;3.0;3.4;3.6
647;Totaal mannen en vrouwen;0;0;1;Drie jaar na afstuderen;3;Cohort 2001/'02;2.5;2.6;2.3;2.5;2.3;2.5;2.1;2.4;3.0;3.1;5.0;5.0;2.9;3.0;3.4;3.6
648;Totaal mannen en vrouwen;0;0;1;Drie jaar na afstuderen;3;Cohort 2002/'03;2.7;2.8;2.5;2.6;2.5;2.6;1.7;2.2;3.3;3.5;1.2;1.6;3.2;3.4;3.6;3.7
649;Totaal mannen en vrouwen;0;0;1;Drie jaar na afstuderen;3;Cohort 2003/'04;2.8;3.0;2.6;2.8;2.6;2.8;2.4;2.6;3.4;3.7;3.3;4.6;3.3;3.6;3.7;4.0
650;Totaal mannen en vrouwen;0;0;1;Drie jaar na afstuderen;4;Cohort 1999/'00;2.0;2.2;1.9;2.2;1.9;2.2;1.1;;2.0;2.6;;;2.0;2.6;;
651;Totaal mannen en vrouwen;0;0;1;Drie jaar na afstuderen;4;Cohort 2000/'01;2.0;2.3;1.9;2.2;1.9;2.2;0.6;;2.2;2.7;;;2.2;2.7;;
652;Totaal mannen en vrouwen;0;0;1;Drie jaar na afstuderen;4;Cohort 2001/'02;1.9;2.2;2.0;2.2;2.0;2.2;;;1.7;2.4;;;1.8;2.4;0.5;
653;Totaal mannen en vrouwen;0;0;1;Drie jaar na afstuderen;4;Cohort 2002/'03;2.0;2.3;2.0;2.3;2.0;2.3;2.2;2.5;1.9;2.4;1.8;1.8;1.9;2.4;;
654;Totaal mannen en vrouwen;0;0;1;Drie jaar na afstuderen;4;Cohort 2003/'04;2.1;2.4;2.1;2.4;2.1;2.4;1.2;;2.1;2.7;1.6;2.2;2.1;2.8;2.8;2.8
655;Totaal mannen en vrouwen;0;0;1;Drie jaar na afstuderen;5;Cohort 1999/'00;2.6;2.7;2.4;2.5;2.4;2.5;1.7;1.7;3.0;3.2;;;3.0;3.2;;
656;Totaal mannen en vrouwen;0;0;1;Drie jaar na afstuderen;5;Cohort 2000/'01;2.5;2.6;2.3;2.4;2.3;2.4;1.1;;2.9;3.1;;;2.9;3.1;3.0;3.0
657;Totaal mannen en vrouwen;0;0;1;Drie jaar na afstuderen;5;Cohort 2001/'02;2.5;2.6;2.3;2.5;2.3;2.5;2.7;2.7;2.9;3.1;;;2.9;3.1;3.5;3.5
658;Totaal mannen en vrouwen;0;0;1;Drie jaar na afstuderen;5;Cohort 2002/'03;2.6;2.7;2.4;2.5;2.4;2.5;1.2;;3.0;3.2;3.0;3.8;3.0;3.2;6.3;6.3
659;Totaal mannen en vrouwen;0;0;1;Drie jaar na afstuderen;5;Cohort 2003/'04;2.8;3.0;2.6;2.7;2.6;2.7;1.5;;3.3;3.5;3.1;3.5;3.3;3.5;6.6;6.6
660;Totaal mannen en vrouwen;0;0;1;Drie jaar na afstuderen;6;Cohort 1999/'00;3.0;3.1;2.7;2.7;2.7;2.7;1.3;;3.5;3.7;;;3.5;3.7;3.6;3.7
661;Totaal mannen en vrouwen;0;0;1;Drie jaar na afstuderen;6;Cohort 2000/'01;3.0;3.1;2.7;2.7;2.7;2.7;;;3.6;3.7;2.2;2.2;3.6;3.7;2.9;2.9
662;Totaal mannen en vrouwen;0;0;1;Drie jaar na afstuderen;6;Cohort 2001/'02;3.1;3.2;2.7;2.8;2.7;2.8;0.1;;3.6;3.7;;;3.6;3.7;;
663;Totaal mannen en vrouwen;0;0;1;Drie jaar na afstuderen;6;Cohort 2002/'03;3.3;3.4;2.8;2.9;2.8;2.9;;;4.1;4.2;5.1;5.1;4.1;4.2;4.6;5.1
664;Totaal mannen en vrouwen;0;0;1;Drie jaar na afstuderen;6;Cohort 2003/'04;3.5;3.6;2.9;2.9;2.9;2.9;;;4.3;4.4;4.4;4.9;4.3;4.4;3.7;3.7
665;Totaal mannen en vrouwen;0;0;1;Drie jaar na afstuderen;7;Cohort 1999/'00;2.6;2.7;2.4;2.5;2.4;2.5;2.3;2.7;2.9;3.0;2.4;2.4;2.9;3.0;3.1;3.1
666;Totaal mannen en vrouwen;0;0;1;Drie jaar na afstuderen;7;Cohort 2000/'01;2.6;2.7;2.4;2.5;2.4;2.5;2.3;2.4;2.9;3.0;3.0;3.0;2.9;3.0;2.9;2.9
667;Totaal mannen en vrouwen;0;0;1;Drie jaar na afstuderen;7;Cohort 2001/'02;2.6;2.7;2.4;2.5;2.4;2.5;2.1;;2.9;3.0;2.8;3.0;2.9;3.0;3.0;3.1
668;Totaal mannen en vrouwen;0;0;1;Drie jaar na afstuderen;7;Cohort 2002/'03;2.9;3.0;2.6;2.7;2.6;2.7;2.3;2.3;3.2;3.3;2.9;2.9;3.2;3.3;3.3;3.3
669;Totaal mannen en vrouwen;0;0;1;Drie jaar na afstuderen;7;Cohort 2003/'04;3.1;3.1;2.8;2.9;2.8;2.9;2.2;2.5;3.3;3.4;3.2;3.2;3.3;3.4;3.4;3.5
670;Totaal mannen en vrouwen;0;0;1;Drie jaar na afstuderen;8;Cohort 1999/'00;2.1;2.4;2.1;2.3;2.1;2.3;1.8;2.4;2.1;2.5;;;2.1;2.5;2.4;3.1
671;Totaal mannen en vrouwen;0;0;1;Drie jaar na afstuderen;8;Cohort 2000/'01;2.1;2.4;2.1;2.3;2.1;2.3;1.5;1.5;2.2;2.6;;;2.2;2.6;2.8;4.6
672;Totaal mannen en vrouwen;0;0;1;Drie jaar na afstuderen;8;Cohort 2001/'02;2.1;2.4;2.1;2.3;2.1;2.3;1.6;1.9;2.3;2.7;2.1;;2.3;2.7;3.1;3.4
673;Totaal mannen en vrouwen;0;0;1;Drie jaar na afstuderen;8;Cohort 2002/'03;2.3;2.7;2.2;2.6;2.2;2.6;1.4;2.4;2.5;3.1;2.0;3.4;2.5;3.1;2.6;2.7
674;Totaal mannen en vrouwen;0;0;1;Drie jaar na afstuderen;8;Cohort 2003/'04;2.5;2.9;2.4;2.8;2.4;2.8;1.8;2.3;2.7;3.2;2.1;2.1;2.8;3.2;3.4;3.8
675;Totaal mannen en vrouwen;0;0;1;Drie jaar na afstuderen;9;Cohort 1999/'00;2.5;2.7;2.3;2.5;2.3;2.5;2.1;2.3;2.8;2.9;;;2.7;2.9;3.8;4.1
676;Totaal mannen en vrouwen;0;0;1;Drie jaar na afstuderen;9;Cohort 2000/'01;2.6;2.7;2.4;2.5;2.4;2.5;1.7;2.3;2.8;3.0;2.4;2.4;2.8;2.9;3.9;4.1
677;Totaal mannen en vrouwen;0;0;1;Drie jaar na afstuderen;9;Cohort 2001/'02;2.7;2.8;2.4;2.5;2.4;2.5;1.9;2.4;2.9;3.0;3.3;3.3;2.9;3.0;4.1;4.3
678;Totaal mannen en vrouwen;0;0;1;Drie jaar na afstuderen;9;Cohort 2002/'03;2.8;2.9;2.6;2.7;2.6;2.7;2.4;2.8;3.0;3.2;3.5;4.2;3.0;3.1;4.2;4.4
679;Totaal mannen en vrouwen;0;0;1;Drie jaar na afstuderen;9;Cohort 2003/'04;2.9;3.0;2.6;2.8;2.6;2.8;2.1;2.9;3.2;3.3;3.2;3.7;3.1;3.2;4.4;4.4
680;Totaal mannen en vrouwen;0;0;1;Drie jaar na afstuderen;M Onderwijs;Cohort 1999/'00;2.2;2.4;2.2;2.4;2.2;2.4;2.2;2.4;2.2;2.4;2.8;;2.2;2.4;2.3;2.5
681;Totaal mannen en vrouwen;0;0;1;Drie jaar na afstuderen;M Onderwijs;Cohort 2000/'01;2.2;2.4;2.2;2.4;2.2;2.4;2.3;2.4;2.2;2.4;1.8;1.8;2.2;2.4;2.5;2.6
682;Totaal mannen en vrouwen;0;0;1;Drie jaar na afstuderen;M Onderwijs;Cohort 2001/'02;2.3;2.5;2.3;2.5;2.3;2.5;2.4;2.6;2.3;2.5;1.8;2.0;2.3;2.5;2.5;2.5
683;Totaal mannen en vrouwen;0;0;1;Drie jaar na afstuderen;M Onderwijs;Cohort 2002/'03;2.4;2.6;2.3;2.6;2.3;2.6;2.4;2.6;2.4;2.6;1.9;2.3;2.4;2.6;2.5;2.8
684;Totaal mannen en vrouwen;0;0;1;Drie jaar na afstuderen;M Onderwijs;Cohort 2003/'04;2.4;2.7;2.4;2.6;2.4;2.6;2.4;2.6;2.6;2.8;2.4;2.8;2.6;2.8;2.7;2.7
685;Totaal mannen en vrouwen;0;0;1;Drie jaar na afstuderen;N Gezondheids- en welzijnszorg;Cohort 1999/'00;2.3;2.6;2.1;2.4;2.1;2.4;1.3;;2.7;3.1;;;2.3;2.7;3.2;3.4
686;Totaal mannen en vrouwen;0;0;1;Drie jaar na afstuderen;N Gezondheids- en welzijnszorg;Cohort 2000/'01;2.3;2.6;2.1;2.4;2.1;2.4;1.4;2.3;2.8;3.1;1.6;1.7;2.4;2.7;3.2;3.3
687;Totaal mannen en vrouwen;0;0;1;Drie jaar na afstuderen;N Gezondheids- en welzijnszorg;Cohort 2001/'02;2.3;2.7;2.1;2.4;2.1;2.4;1.3;;2.8;3.1;2.6;;2.4;2.7;3.3;3.4
688;Totaal mannen en vrouwen;0;0;1;Drie jaar na afstuderen;N Gezondheids- en welzijnszorg;Cohort 2002/'03;2.4;2.8;2.1;2.5;2.1;2.5;1.0;;2.9;3.2;1.8;2.6;2.5;2.8;3.4;3.5
689;Totaal mannen en vrouwen;0;0;1;Drie jaar na afstuderen;N Gezondheids- en welzijnszorg;Cohort 2003/'04;2.5;2.9;2.2;2.6;2.2;2.6;1.3;;3.0;3.3;2.2;3.8;2.6;3.0;3.4;3.5
690;Totaal mannen en vrouwen;0;0;1;Drie jaar na afstuderen;9000e Milieu, cultuur, recreatie en ..;Cohort 1999/'00;2.2;2.5;2.1;2.4;2.1;2.4;1.5;3.2;2.4;2.6;;;2.4;2.6;2.5;2.6
691;Totaal mannen en vrouwen;0;0;1;Drie jaar na afstuderen;9000e Milieu, cultuur, recreatie en ..;Cohort 2000/'01;2.3;2.5;2.1;2.4;2.1;2.4;1.9;2.8;2.5;2.6;1.3;;2.4;2.7;2.5;2.6
692;Totaal mannen en vrouwen;0;0;1;Drie jaar na afstuderen;9000e Milieu, cultuur, recreatie en ..;Cohort 2001/'02;2.3;2.5;2.1;2.4;2.1;2.4;2.2;2.8;2.4;2.6;;;2.4;2.7;2.6;2.6
693;Totaal mannen en vrouwen;0;0;1;Drie jaar na afstuderen;9000e Milieu, cultuur, recreatie en ..;Cohort 2002/'03;2.4;2.8;2.3;2.6;2.3;2.6;2.4;3.8;2.6;2.9;2.7;3.5;2.6;3.0;2.7;2.8
694;Totaal mannen en vrouwen;0;0;1;Drie jaar na afstuderen;9000e Milieu, cultuur, recreatie en ..;Cohort 2003/'04;2.5;2.8;2.3;2.7;2.3;2.7;2.5;3.5;2.7;3.0;2.2;2.4;2.7;3.0;2.9;3.0
695;Totaal mannen en vrouwen;0;0;1;Drie jaar na afstuderen;Onbekend;Cohort 1999/'00;3.2;3.3;3.1;3.3;3.1;3.3;;;3.3;3.4;;;3.2;3.3;4.6;4.6
696;Totaal mannen en vrouwen;0;0;1;Drie jaar na afstuderen;Onbekend;Cohort 2000/'01;3.0;3.3;3.0;3.3;3.0;3.3;;;3.1;3.3;;;3.0;3.3;4.1;4.1
697;Totaal mannen en vrouwen;0;0;1;Drie jaar na afstuderen;Onbekend;Cohort 2001/'02;3.0;3.2;2.6;2.8;2.6;2.8;;;3.6;3.9;;;3.6;3.9;3.9;3.9
698;Totaal mannen en vrouwen;0;0;1;Drie jaar na afstuderen;Onbekend;Cohort 2002/'03;2.5;3.3;2.5;3.3;2.5;3.3;;;;;;;;;;
699;Totaal mannen en vrouwen;0;0;1;Drie jaar na afstuderen;Onbekend;Cohort 2003/'04;0.6;;;;;;;;0.6;;;;0.6;;;
700;Totaal mannen en vrouwen;0;0;1;Vier jaar na afstuderen;0;Cohort 1999/'00;2.6;2.8;2.4;2.6;2.4;2.6;2.1;2.4;3.0;3.2;3.1;3.1;3.0;3.2;3.2;3.3
701;Totaal mannen en vrouwen;0;0;1;Vier jaar na afstuderen;0;Cohort 2000/'01;2.6;2.9;2.4;2.6;2.4;2.6;2.3;2.6;3.0;3.3;2.5;3.2;3.0;3.3;3.3;3.4
702;Totaal mannen en vrouwen;0;0;1;Vier jaar na afstuderen;0;Cohort 2001/'02;2.8;3.1;2.5;2.8;2.5;2.8;2.3;2.7;3.2;3.5;3.2;3.5;3.2;3.5;3.4;3.6
703;Totaal mannen en vrouwen;0;0;1;Vier jaar na afstuderen;0;Cohort 2002/'03;2.9;3.2;2.6;2.9;2.6;2.9;2.5;2.8;3.4;3.7;3.2;3.8;3.4;3.7;3.6;3.7
704;Totaal mannen en vrouwen;0;0;1;Vier jaar na afstuderen;0;Cohort 2003/'04;3.1;3.4;2.8;3.1;2.8;3.1;2.4;2.9;3.6;3.9;3.1;4.3;3.6;3.9;3.7;3.8
705;Totaal mannen en vrouwen;0;0;1;Vier jaar na afstuderen;1;Cohort 1999/'00;2.4;2.6;2.3;2.6;2.3;2.6;;;2.6;2.9;;;2.6;2.8;3.7;3.7
706;Totaal mannen en vrouwen;0;0;1;Vier jaar na afstuderen;1;Cohort 2000/'01;2.5;2.6;2.4;2.5;2.4;2.5;;;2.7;2.8;;;2.8;2.8;2.4;3.1
707;Totaal mannen en vrouwen;0;0;1;Vier jaar na afstuderen;1;Cohort 2001/'02;2.6;2.7;2.5;2.7;2.5;2.7;;;2.7;2.9;;;2.7;2.9;3.0;
708;Totaal mannen en vrouwen;0;0;1;Vier jaar na afstuderen;1;Cohort 2002/'03;2.6;2.9;2.5;2.8;2.5;2.8;;;2.9;3.4;;;2.8;3.4;3.2;3.4
709;Totaal mannen en vrouwen;0;0;1;Vier jaar na afstuderen;1;Cohort 2003/'04;3.0;3.2;3.0;3.2;3.0;3.2;;;3.1;3.4;0.3;;3.3;3.4;3.0;3.8
710;Totaal mannen en vrouwen;0;0;1;Vier jaar na afstuderen;2;Cohort 1999/'00;2.8;2.9;2.7;2.7;2.7;2.7;;;3.3;3.4;;;3.3;3.4;3.4;3.6
711;Totaal mannen en vrouwen;0;0;1;Vier jaar na afstuderen;2;Cohort 2000/'01;2.8;2.9;2.7;2.7;2.7;2.7;1.9;1.9;3.4;3.4;;;3.4;3.4;3.7;4.2
712;Totaal mannen en vrouwen;0;0;1;Vier jaar na afstuderen;2;Cohort 2001/'02;3.0;3.1;2.9;2.9;2.9;2.9;2.6;2.7;3.6;3.7;;;3.6;3.7;4.2;4.2
713;Totaal mannen en vrouwen;0;0;1;Vier jaar na afstuderen;2;Cohort 2002/'03;3.1;3.2;2.9;3.0;2.9;3.0;;;3.7;3.8;3.2;3.2;3.7;3.8;4.0;4.0
714;Totaal mannen en vrouwen;0;0;1;Vier jaar na afstuderen;2;Cohort 2003/'04;3.4;3.4;3.2;3.2;3.2;3.2;2.9;2.9;3.9;4.0;3.6;4.6;3.9;4.0;4.3;4.5
715;Totaal mannen en vrouwen;0;0;1;Vier jaar na afstuderen;3;Cohort 1999/'00;2.7;2.8;2.5;2.7;2.5;2.7;1.8;2.1;3.2;3.4;;;3.1;3.3;3.7;3.9
716;Totaal mannen en vrouwen;0;0;1;Vier jaar na afstuderen;3;Cohort 2000/'01;2.6;2.8;2.5;2.6;2.5;2.6;1.8;2.5;3.1;3.4;;;3.0;3.3;3.6;3.8
717;Totaal mannen en vrouwen;0;0;1;Vier jaar na afstuderen;3;Cohort 2001/'02;2.9;3.0;2.7;2.8;2.7;2.8;2.4;2.9;3.5;3.7;4.1;4.1;3.5;3.7;3.9;4.1
718;Totaal mannen en vrouwen;0;0;1;Vier jaar na afstuderen;3;Cohort 2002/'03;3.0;3.2;2.8;3.0;2.8;3.0;2.0;2.7;3.7;3.9;1.4;1.7;3.7;3.9;4.0;4.1
719;Totaal mannen en vrouwen;0;0;1;Vier jaar na afstuderen;3;Cohort 2003/'04;3.2;3.4;3.0;3.2;3.0;3.2;2.5;3.1;3.9;4.2;3.4;5.8;3.9;4.1;4.2;4.5
720;Totaal mannen en vrouwen;0;0;1;Vier jaar na afstuderen;4;Cohort 1999/'00;2.0;2.3;2.0;2.3;2.0;2.3;;;1.9;2.4;;;1.9;2.4;;
721;Totaal mannen en vrouwen;0;0;1;Vier jaar na afstuderen;4;Cohort 2000/'01;2.1;2.5;2.1;2.4;2.1;2.4;;;2.4;3.0;;;2.4;3.0;;
722;Totaal mannen en vrouwen;0;0;1;Vier jaar na afstuderen;4;Cohort 2001/'02;2.1;2.5;2.2;2.4;2.2;2.4;;;2.0;2.6;;;2.0;2.6;0.5;
723;Totaal mannen en vrouwen;0;0;1;Vier jaar na afstuderen;4;Cohort 2002/'03;2.3;2.6;2.3;2.5;2.3;2.5;2.2;;2.3;2.7;2.1;2.1;2.3;2.7;;
724;Totaal mannen en vrouwen;0;0;1;Vier jaar na afstuderen;4;Cohort 2003/'04;2.4;2.7;2.4;2.6;2.4;2.6;1.3;;2.5;3.1;1.9;2.4;2.6;3.2;3.1;3.1
725;Totaal mannen en vrouwen;0;0;1;Vier jaar na afstuderen;5;Cohort 1999/'00;2.8;2.9;2.6;2.7;2.6;2.7;1.5;2.5;3.2;3.4;;;3.2;3.4;3.9;3.9
726;Totaal mannen en vrouwen;0;0;1;Vier jaar na afstuderen;5;Cohort 2000/'01;2.7;2.9;2.5;2.6;2.5;2.6;2.2;2.8;3.2;3.4;;;3.2;3.4;3.1;3.1
727;Totaal mannen en vrouwen;0;0;1;Vier jaar na afstuderen;5;Cohort 2001/'02;2.8;3.0;2.6;2.8;2.6;2.8;;;3.4;3.7;;;3.4;3.7;2.9;3.6
728;Totaal mannen en vrouwen;0;0;1;Vier jaar na afstuderen;5;Cohort 2002/'03;3.0;3.2;2.7;2.9;2.7;2.9;1.3;;3.5;3.8;5.1;6.7;3.5;3.8;3.8;5.2
729;Totaal mannen en vrouwen;0;0;1;Vier jaar na afstuderen;5;Cohort 2003/'04;3.2;3.4;2.9;3.1;2.9;3.1;1.7;;3.9;4.2;4.2;4.9;3.9;4.2;7.9;7.9
730;Totaal mannen en vrouwen;0;0;1;Vier jaar na afstuderen;6;Cohort 1999/'00;3.3;3.4;2.9;3.0;2.9;3.0;1.3;;3.9;4.1;;;3.9;4.1;4.1;4.1
731;Totaal mannen en vrouwen;0;0;1;Vier jaar na afstuderen;6;Cohort 2000/'01;3.4;3.6;2.9;3.0;2.9;3.0;;;4.3;4.5;5.4;5.4;4.3;4.5;;
732;Totaal mannen en vrouwen;0;0;1;Vier jaar na afstuderen;6;Cohort 2001/'02;3.6;3.7;3.1;3.2;3.1;3.2;2.2;;4.2;4.3;;;4.2;4.3;4.7;4.9
733;Totaal mannen en vrouwen;0;0;1;Vier jaar na afstuderen;6;Cohort 2002/'03;3.8;4.0;3.2;3.3;3.2;3.3;;;4.7;4.9;6.6;6.6;4.7;4.9;4.6;5.2
734;Totaal mannen en vrouwen;0;0;1;Vier jaar na afstuderen;6;Cohort 2003/'04;4.0;4.1;3.2;3.3;3.2;3.3;3.9;3.9;5.0;5.1;5.8;6.3;4.9;5.1;3.4;4.0
735;Totaal mannen en vrouwen;0;0;1;Vier jaar na afstuderen;7;Cohort 1999/'00;2.8;2.9;2.6;2.7;2.6;2.7;2.3;2.6;3.1;3.3;3.0;3.0;3.1;3.3;3.2;3.3
736;Totaal mannen en vrouwen;0;0;1;Vier jaar na afstuderen;7;Cohort 2000/'01;2.8;3.0;2.6;2.7;2.6;2.7;2.6;2.7;3.2;3.3;3.4;3.4;3.2;3.3;3.2;3.2
737;Totaal mannen en vrouwen;0;0;1;Vier jaar na afstuderen;7;Cohort 2001/'02;3.1;3.2;2.8;2.9;2.8;2.9;2.1;3.0;3.5;3.6;3.1;3.6;3.5;3.6;3.5;3.8
738;Totaal mannen en vrouwen;0;0;1;Vier jaar na afstuderen;7;Cohort 2002/'03;3.3;3.4;2.9;3.0;2.9;3.0;2.1;3.6;3.6;3.8;3.4;3.6;3.6;3.8;3.6;3.8
739;Totaal mannen en vrouwen;0;0;1;Vier jaar na afstuderen;7;Cohort 2003/'04;3.5;3.6;3.1;3.2;3.1;3.2;2.4;2.7;3.8;4.0;3.4;3.9;3.8;4.0;3.7;4.1
740;Totaal mannen en vrouwen;0;0;1;Vier jaar na afstuderen;8;Cohort 1999/'00;2.2;2.5;2.2;2.5;2.2;2.5;0.7;;2.3;2.8;;;2.4;2.8;2.0;3.3
741;Totaal mannen en vrouwen;0;0;1;Vier jaar na afstuderen;8;Cohort 2000/'01;2.3;2.6;2.2;2.5;2.2;2.5;2.0;2.0;2.4;2.9;0.2;;2.5;2.9;2.2;
742;Totaal mannen en vrouwen;0;0;1;Vier jaar na afstuderen;8;Cohort 2001/'02;2.4;3.0;2.4;2.8;2.4;2.8;1.4;;2.7;3.4;;;2.7;3.4;3.3;5.5
743;Totaal mannen en vrouwen;0;0;1;Vier jaar na afstuderen;8;Cohort 2002/'03;2.6;3.1;2.5;2.9;2.5;2.9;2.1;3.2;2.9;3.7;2.5;4.5;2.9;3.6;4.9;5.4
744;Totaal mannen en vrouwen;0;0;1;Vier jaar na afstuderen;8;Cohort 2003/'04;2.9;3.3;2.7;3.2;2.7;3.2;1.5;;3.2;3.8;2.0;2.7;3.3;3.8;3.7;4.2
745;Totaal mannen en vrouwen;0;0;1;Vier jaar na afstuderen;9;Cohort 1999/'00;2.8;2.9;2.5;2.7;2.5;2.7;2.4;2.4;3.0;3.1;;;3.0;3.1;3.8;4.0
746;Totaal mannen en vrouwen;0;0;1;Vier jaar na afstuderen;9;Cohort 2000/'01;2.8;2.9;2.6;2.7;2.6;2.7;1.8;2.5;3.0;3.2;2.4;2.9;3.0;3.1;4.3;4.5
747;Totaal mannen en vrouwen;0;0;1;Vier jaar na afstuderen;9;Cohort 2001/'02;2.9;3.1;2.7;2.8;2.7;2.8;2.0;2.8;3.2;3.3;3.7;3.7;3.2;3.3;4.5;5.1
748;Totaal mannen en vrouwen;0;0;1;Vier jaar na afstuderen;9;Cohort 2002/'03;3.0;3.1;2.7;2.8;2.7;2.8;2.4;2.7;3.2;3.4;4.0;4.0;3.2;3.3;4.2;4.5
749;Totaal mannen en vrouwen;0;0;1;Vier jaar na afstuderen;9;Cohort 2003/'04;3.2;3.3;2.9;3.0;2.9;3.0;2.6;3.8;3.4;3.6;3.2;3.7;3.4;3.5;4.6;5.0
750;Totaal mannen en vrouwen;0;0;1;Vier jaar na afstuderen;M Onderwijs;Cohort 1999/'00;2.3;2.5;2.2;2.5;2.2;2.5;2.2;2.4;2.3;2.6;3.2;3.2;2.3;2.6;2.5;2.6
751;Totaal mannen en vrouwen;0;0;1;Vier jaar na afstuderen;M Onderwijs;Cohort 2000/'01;2.3;2.6;2.3;2.6;2.3;2.6;2.4;2.6;2.4;2.6;2.1;2.1;2.4;2.6;2.5;2.6
752;Totaal mannen en vrouwen;0;0;1;Vier jaar na afstuderen;M Onderwijs;Cohort 2001/'02;2.4;2.6;2.3;2.6;2.3;2.6;2.4;2.6;2.5;2.8;2.1;2.4;2.5;2.8;2.6;2.8
753;Totaal mannen en vrouwen;0;0;1;Vier jaar na afstuderen;M Onderwijs;Cohort 2002/'03;2.5;2.7;2.4;2.7;2.4;2.7;2.5;2.7;2.6;2.9;2.3;2.6;2.6;2.9;2.6;2.8
754;Totaal mannen en vrouwen;0;0;1;Vier jaar na afstuderen;M Onderwijs;Cohort 2003/'04;2.6;2.9;2.5;2.8;2.5;2.8;2.5;2.8;2.8;3.1;2.6;4.1;2.8;3.1;2.9;3.0
755;Totaal mannen en vrouwen;0;0;1;Vier jaar na afstuderen;N Gezondheids- en welzijnszorg;Cohort 1999/'00;2.3;2.7;2.2;2.5;2.2;2.5;1.4;;2.8;3.2;;;2.4;2.8;3.3;3.4
756;Totaal mannen en vrouwen;0;0;1;Vier jaar na afstuderen;N Gezondheids- en welzijnszorg;Cohort 2000/'01;2.4;2.8;2.1;2.5;2.1;2.5;1.1;;2.9;3.2;2.2;2.3;2.5;2.9;3.4;3.5
757;Totaal mannen en vrouwen;0;0;1;Vier jaar na afstuderen;N Gezondheids- en welzijnszorg;Cohort 2001/'02;2.5;2.9;2.2;2.6;2.2;2.6;1.6;1.6;3.0;3.3;3.6;3.6;2.6;3.0;3.5;3.6
758;Totaal mannen en vrouwen;0;0;1;Vier jaar na afstuderen;N Gezondheids- en welzijnszorg;Cohort 2002/'03;2.5;3.0;2.3;2.7;2.3;2.7;1.8;2.8;3.1;3.5;1.9;2.3;2.7;3.1;3.6;3.7
759;Totaal mannen en vrouwen;0;0;1;Vier jaar na afstuderen;N Gezondheids- en welzijnszorg;Cohort 2003/'04;2.7;3.1;2.4;2.7;2.4;2.7;1.4;;3.2;3.6;2.3;3.3;2.9;3.3;3.7;3.8
760;Totaal mannen en vrouwen;0;0;1;Vier jaar na afstuderen;9000e Milieu, cultuur, recreatie en ..;Cohort 1999/'00;2.3;2.6;2.2;2.5;2.2;2.5;1.7;2.8;2.5;2.7;;;2.5;2.8;2.5;2.5
761;Totaal mannen en vrouwen;0;0;1;Vier jaar na afstuderen;9000e Milieu, cultuur, recreatie en ..;Cohort 2000/'01;2.4;2.7;2.3;2.6;2.3;2.6;2.2;2.8;2.6;2.8;2.2;;2.6;2.9;2.5;2.7
762;Totaal mannen en vrouwen;0;0;1;Vier jaar na afstuderen;9000e Milieu, cultuur, recreatie en ..;Cohort 2001/'02;2.5;2.9;2.4;2.7;2.4;2.7;2.5;3.2;2.7;3.0;3.1;3.1;2.7;3.1;2.6;2.8
763;Totaal mannen en vrouwen;0;0;1;Vier jaar na afstuderen;9000e Milieu, cultuur, recreatie en ..;Cohort 2002/'03;2.6;3.0;2.5;2.9;2.5;2.9;3.1;4.3;2.9;3.2;2.6;3.0;2.9;3.3;2.8;3.0
764;Totaal mannen en vrouwen;0;0;1;Vier jaar na afstuderen;9000e Milieu, cultuur, recreatie en ..;Cohort 2003/'04;2.7;3.0;2.5;2.9;2.5;2.9;2.5;3.9;2.9;3.1;2.2;2.7;2.9;3.2;2.8;3.0
765;Totaal mannen en vrouwen;0;0;1;Vier jaar na afstuderen;Onbekend;Cohort 1999/'00;3.6;3.7;3.5;3.6;3.5;3.7;1.0;1.0;3.7;3.8;;;3.8;3.9;2.9;2.9
766;Totaal mannen en vrouwen;0;0;1;Vier jaar na afstuderen;Onbekend;Cohort 2000/'01;3.4;3.7;3.2;3.5;3.2;3.5;;;3.6;3.8;;;3.5;3.7;4.2;4.2
767;Totaal mannen en vrouwen;0;0;1;Vier jaar na afstuderen;Onbekend;Cohort 2001/'02;2.3;2.6;2.2;2.4;2.2;2.4;;;3.0;4.0;;;3.0;4.0;;
768;Totaal mannen en vrouwen;0;0;1;Vier jaar na afstuderen;Onbekend;Cohort 2002/'03;2.4;8.6;0.3;;0.3;;;;3.1;8.6;;;3.1;8.6;;
769;Totaal mannen en vrouwen;0;0;1;Vier jaar na afstuderen;Onbekend;Cohort 2003/'04;3.4;3.4;2.8;3.1;2.8;3.1;;;4.3;3.7;;;4.3;3.7;;
770;Totaal mannen en vrouwen;0;0;1;Vijf jaar na afstuderen;0;Cohort 1999/'00;2.8;3.1;2.5;2.8;2.5;2.8;2.2;2.7;3.2;3.6;4.2;4.2;3.2;3.6;3.4;3.6
771;Totaal mannen en vrouwen;0;0;1;Vijf jaar na afstuderen;0;Cohort 2000/'01;2.9;3.3;2.7;3.0;2.7;3.0;2.4;2.8;3.5;3.9;2.7;2.9;3.5;3.9;3.5;3.7
772;Totaal mannen en vrouwen;0;0;1;Vijf jaar na afstuderen;0;Cohort 2001/'02;3.0;3.4;2.7;3.1;2.8;3.1;2.4;2.8;3.6;4.0;3.5;4.0;3.6;4.0;3.7;3.9
773;Totaal mannen en vrouwen;0;0;1;Vijf jaar na afstuderen;0;Cohort 2002/'03;3.2;3.6;2.9;3.2;2.9;3.2;2.6;3.0;3.8;4.2;3.4;4.2;3.8;4.2;3.8;4.1
774;Totaal mannen en vrouwen;0;0;1;Vijf jaar na afstuderen;0;Cohort 2003/'04;;;;;;;;;;;;;;;;
775;Totaal mannen en vrouwen;0;0;1;Vijf jaar na afstuderen;1;Cohort 1999/'00;2.5;2.7;2.6;2.6;2.6;2.6;;;2.5;2.8;;;2.4;2.7;4.0;4.0
776;Totaal mannen en vrouwen;0;0;1;Vijf jaar na afstuderen;1;Cohort 2000/'01;2.8;3.0;2.7;3.0;2.7;3.0;;;3.0;3.1;;;3.0;3.1;2.9;4.2
777;Totaal mannen en vrouwen;0;0;1;Vijf jaar na afstuderen;1;Cohort 2001/'02;2.8;3.0;2.7;2.9;2.7;2.9;;;2.9;3.2;;;2.9;3.2;3.4;
778;Totaal mannen en vrouwen;0;0;1;Vijf jaar na afstuderen;1;Cohort 2002/'03;2.9;3.2;2.8;3.0;2.8;3.0;;;3.0;3.9;;;3.0;3.8;3.6;4.2
779;Totaal mannen en vrouwen;0;0;1;Vijf jaar na afstuderen;1;Cohort 2003/'04;;;;;;;;;;;;;;;;
780;Totaal mannen en vrouwen;0;0;1;Vijf jaar na afstuderen;2;Cohort 1999/'00;3.0;3.1;2.8;2.9;2.8;2.9;;;3.6;3.7;;;3.6;3.7;3.9;4.0
781;Totaal mannen en vrouwen;0;0;1;Vijf jaar na afstuderen;2;Cohort 2000/'01;3.2;3.3;3.0;3.1;3.0;3.1;1.9;1.9;3.9;3.9;;;3.9;4.0;3.5;3.7
782;Totaal mannen en vrouwen;0;0;1;Vijf jaar na afstuderen;2;Cohort 2001/'02;3.3;3.4;3.1;3.2;3.1;3.2;;;3.9;4.1;4.3;4.8;3.9;4.1;4.3;4.5
783;Totaal mannen en vrouwen;0;0;1;Vijf jaar na afstuderen;2;Cohort 2002/'03;3.5;3.6;3.3;3.3;3.3;3.3;;;4.1;4.2;3.6;3.6;4.1;4.2;4.2;4.2
784;Totaal mannen en vrouwen;0;0;1;Vijf jaar na afstuderen;2;Cohort 2003/'04;;;;;;;;;;;;;;;;
785;Totaal mannen en vrouwen;0;0;1;Vijf jaar na afstuderen;3;Cohort 1999/'00;2.8;3.0;2.7;2.8;2.7;2.8;1.6;2.1;3.5;3.7;;;3.4;3.6;4.0;4.2
786;Totaal mannen en vrouwen;0;0;1;Vijf jaar na afstuderen;3;Cohort 2000/'01;3.1;3.3;2.9;3.1;2.9;3.1;2.7;3.0;3.7;4.0;;;3.7;4.0;4.1;4.6
787;Totaal mannen en vrouwen;0;0;1;Vijf jaar na afstuderen;3;Cohort 2001/'02;3.2;3.4;3.0;3.2;3.0;3.2;2.8;3.0;4.0;4.3;7.0;7.0;4.0;4.2;4.4;4.8
788;Totaal mannen en vrouwen;0;0;1;Vijf jaar na afstuderen;3;Cohort 2002/'03;3.4;3.6;3.1;3.3;3.1;3.3;2.3;2.7;4.2;4.4;2.5;2.9;4.2;4.4;4.4;4.7
789;Totaal mannen en vrouwen;0;0;1;Vijf jaar na afstuderen;3;Cohort 2003/'04;;;;;;;;;;;;;;;;
790;Totaal mannen en vrouwen;0;0;1;Vijf jaar na afstuderen;4;Cohort 1999/'00;2.2;2.5;2.2;2.5;2.2;2.5;1.1;;2.2;3.0;;;2.2;3.0;;
791;Totaal mannen en vrouwen;0;0;1;Vijf jaar na afstuderen;4;Cohort 2000/'01;2.3;2.6;2.3;2.6;2.3;2.6;2.7;2.7;2.2;3.2;;;2.2;3.2;;
792;Totaal mannen en vrouwen;0;0;1;Vijf jaar na afstuderen;4;Cohort 2001/'02;2.4;2.8;2.4;2.7;2.4;2.7;1.9;;2.4;3.1;;;2.3;3.1;2.8;2.8
793;Totaal mannen en vrouwen;0;0;1;Vijf jaar na afstuderen;4;Cohort 2002/'03;2.5;2.9;2.5;2.9;2.5;2.9;2.1;;2.5;3.2;2.2;2.2;2.5;3.2;;
794;Totaal mannen en vrouwen;0;0;1;Vijf jaar na afstuderen;4;Cohort 2003/'04;;;;;;;;;;;;;;;;
795;Totaal mannen en vrouwen;0;0;1;Vijf jaar na afstuderen;5;Cohort 1999/'00;3.0;3.1;2.8;2.9;2.8;2.9;1.5;2.4;3.6;3.8;;;3.6;3.8;4.8;4.8
796;Totaal mannen en vrouwen;0;0;1;Vijf jaar na afstuderen;5;Cohort 2000/'01;3.1;3.3;2.9;3.0;2.9;3.0;0.5;;3.7;4.1;;;3.7;4.1;2.9;
797;Totaal mannen en vrouwen;0;0;1;Vijf jaar na afstuderen;5;Cohort 2001/'02;3.2;3.4;3.0;3.2;3.0;3.2;1.0;;3.8;4.1;;;3.8;4.1;4.3;4.3
798;Totaal mannen en vrouwen;0;0;1;Vijf jaar na afstuderen;5;Cohort 2002/'03;3.3;3.5;3.0;3.2;3.0;3.2;;;4.1;4.4;3.8;5.5;4.1;4.3;7.5;7.5
799;Totaal mannen en vrouwen;0;0;1;Vijf jaar na afstuderen;5;Cohort 2003/'04;;;;;;;;;;;;;;;;
800;Totaal mannen en vrouwen;0;0;1;Vijf jaar na afstuderen;6;Cohort 1999/'00;3.6;3.8;3.1;3.3;3.1;3.3;1.4;;4.4;4.7;;;4.4;4.7;4.1;4.1
801;Totaal mannen en vrouwen;0;0;1;Vijf jaar na afstuderen;6;Cohort 2000/'01;3.9;4.1;3.3;3.5;3.3;3.5;;;4.9;5.1;4.5;4.5;4.9;5.1;4.2;4.8
802;Totaal mannen en vrouwen;0;0;1;Vijf jaar na afstuderen;6;Cohort 2001/'02;4.1;4.3;3.4;3.6;3.4;3.6;2.2;;5.0;5.2;;;5.0;5.2;4.2;4.6
803;Totaal mannen en vrouwen;0;0;1;Vijf jaar na afstuderen;6;Cohort 2002/'03;4.2;4.4;3.5;3.6;3.5;3.6;;;5.2;5.5;8.0;8.0;5.2;5.5;4.7;5.2
804;Totaal mannen en vrouwen;0;0;1;Vijf jaar na afstuderen;6;Cohort 2003/'04;;;;;;;;;;;;;;;;
805;Totaal mannen en vrouwen;0;0;1;Vijf jaar na afstuderen;7;Cohort 1999/'00;3.0;3.2;2.8;2.9;2.8;2.9;2.9;3.0;3.5;3.6;2.6;2.6;3.5;3.6;3.7;3.9
806;Totaal mannen en vrouwen;0;0;1;Vijf jaar na afstuderen;7;Cohort 2000/'01;3.3;3.5;3.0;3.1;3.0;3.1;2.4;3.0;3.8;4.0;3.2;2.3;3.8;4.0;3.5;3.5
807;Totaal mannen en vrouwen;0;0;1;Vijf jaar na afstuderen;7;Cohort 2001/'02;3.5;3.6;3.1;3.2;3.1;3.2;2.6;2.7;3.9;4.1;3.3;3.7;3.9;4.1;4.0;4.7
808;Totaal mannen en vrouwen;0;0;1;Vijf jaar na afstuderen;7;Cohort 2002/'03;3.6;3.8;3.3;3.4;3.3;3.4;2.9;3.3;4.1;4.3;3.4;3.7;4.1;4.3;4.2;4.9
809;Totaal mannen en vrouwen;0;0;1;Vijf jaar na afstuderen;7;Cohort 2003/'04;;;;;;;;;;;;;;;;
810;Totaal mannen en vrouwen;0;0;1;Vijf jaar na afstuderen;8;Cohort 1999/'00;2.4;2.7;2.3;2.6;2.3;2.6;1.1;;2.6;3.1;;;2.6;3.1;3.1;3.9
811;Totaal mannen en vrouwen;0;0;1;Vijf jaar na afstuderen;8;Cohort 2000/'01;2.6;3.1;2.6;3.0;2.5;3.0;3.2;3.7;2.9;3.6;0.5;;2.9;3.6;2.1;1.7
812;Totaal mannen en vrouwen;0;0;1;Vijf jaar na afstuderen;8;Cohort 2001/'02;2.8;3.4;2.7;3.2;2.7;3.2;1.5;;3.1;3.9;2.8;;3.1;3.9;3.6;4.6
813;Totaal mannen en vrouwen;0;0;1;Vijf jaar na afstuderen;8;Cohort 2002/'03;3.0;3.5;2.8;3.3;2.8;3.3;2.0;2.3;3.3;4.0;3.0;4.8;3.4;3.9;3.1;5.3
814;Totaal mannen en vrouwen;0;0;1;Vijf jaar na afstuderen;8;Cohort 2003/'04;;;;;;;;;;;;;;;;
815;Totaal mannen en vrouwen;0;0;1;Vijf jaar na afstuderen;9;Cohort 1999/'00;2.9;3.0;2.6;2.8;2.7;2.8;2.0;2.7;3.1;3.3;;;3.1;3.3;4.1;4.4
816;Totaal mannen en vrouwen;0;0;1;Vijf jaar na afstuderen;9;Cohort 2000/'01;3.0;3.2;2.8;3.0;2.8;3.0;2.2;2.9;3.3;3.5;2.9;2.9;3.3;3.5;4.7;5.3
817;Totaal mannen en vrouwen;0;0;1;Vijf jaar na afstuderen;9;Cohort 2001/'02;3.1;3.3;2.8;3.0;2.8;3.0;2.3;3.0;3.4;3.6;3.5;3.5;3.4;3.5;4.2;5.0
818;Totaal mannen en vrouwen;0;0;1;Vijf jaar na afstuderen;9;Cohort 2002/'03;3.2;3.4;3.0;3.1;3.0;3.1;2.6;2.8;3.5;3.7;4.1;4.1;3.5;3.6;4.2;4.6
819;Totaal mannen en vrouwen;0;0;1;Vijf jaar na afstuderen;9;Cohort 2003/'04;;;;;;;;;;;;;;;;
820;Totaal mannen en vrouwen;0;0;1;Vijf jaar na afstuderen;M Onderwijs;Cohort 1999/'00;2.3;2.7;2.3;2.7;2.3;2.7;2.3;2.7;2.4;2.8;5.8;5.8;2.4;2.8;2.7;2.9
821;Totaal mannen en vrouwen;0;0;1;Vijf jaar na afstuderen;M Onderwijs;Cohort 2000/'01;2.4;2.7;2.3;2.6;2.3;2.6;2.4;2.7;2.5;2.9;2.5;2.5;2.5;2.9;2.6;2.9
822;Totaal mannen en vrouwen;0;0;1;Vijf jaar na afstuderen;M Onderwijs;Cohort 2001/'02;2.5;2.8;2.4;2.7;2.4;2.7;2.4;2.7;2.7;3.1;2.5;2.7;2.7;3.1;2.8;3.0
823;Totaal mannen en vrouwen;0;0;1;Vijf jaar na afstuderen;M Onderwijs;Cohort 2002/'03;2.5;2.9;2.5;2.8;2.5;2.8;2.6;2.8;2.8;3.2;2.3;3.0;2.8;3.2;2.9;3.2
824;Totaal mannen en vrouwen;0;0;1;Vijf jaar na afstuderen;M Onderwijs;Cohort 2003/'04;;;;;;;;;;;;;;;;
825;Totaal mannen en vrouwen;0;0;1;Vijf jaar na afstuderen;N Gezondheids- en welzijnszorg;Cohort 1999/'00;2.4;2.9;2.2;2.6;2.2;2.6;1.6;;2.9;3.3;;;2.5;3.0;3.4;3.6
826;Totaal mannen en vrouwen;0;0;1;Vijf jaar na afstuderen;N Gezondheids- en welzijnszorg;Cohort 2000/'01;2.5;3.0;2.3;2.7;2.3;2.7;2.0;2.7;3.1;3.5;2.5;2.5;2.7;3.2;3.6;3.7
827;Totaal mannen en vrouwen;0;0;1;Vijf jaar na afstuderen;N Gezondheids- en welzijnszorg;Cohort 2001/'02;2.6;3.1;2.3;2.8;2.3;2.8;2.1;2.3;3.2;3.6;;;2.8;3.2;3.7;3.9
828;Totaal mannen en vrouwen;0;0;1;Vijf jaar na afstuderen;N Gezondheids- en welzijnszorg;Cohort 2002/'03;2.7;3.2;2.4;2.8;2.4;2.8;1.8;2.3;3.4;3.8;2.4;2.8;2.9;3.4;3.9;4.1
829;Totaal mannen en vrouwen;0;0;1;Vijf jaar na afstuderen;N Gezondheids- en welzijnszorg;Cohort 2003/'04;;;;;;;;;;;;;;;;
830;Totaal mannen en vrouwen;0;0;1;Vijf jaar na afstuderen;9000e Milieu, cultuur, recreatie en ..;Cohort 1999/'00;2.5;2.8;2.3;2.7;2.4;2.7;1.7;3.0;2.7;3.0;;;2.7;3.0;2.5;2.7
831;Totaal mannen en vrouwen;0;0;1;Vijf jaar na afstuderen;9000e Milieu, cultuur, recreatie en ..;Cohort 2000/'01;2.7;3.1;2.6;3.0;2.6;3.0;2.2;3.4;2.8;3.3;1.6;1.1;2.9;3.3;2.7;2.9
832;Totaal mannen en vrouwen;0;0;1;Vijf jaar na afstuderen;9000e Milieu, cultuur, recreatie en ..;Cohort 2001/'02;2.7;3.2;2.5;3.0;2.6;3.0;2.3;3.1;3.0;3.4;;;3.0;3.5;2.8;3.0
833;Totaal mannen en vrouwen;0;0;1;Vijf jaar na afstuderen;9000e Milieu, cultuur, recreatie en ..;Cohort 2002/'03;2.8;3.3;2.7;3.1;2.6;3.1;3.1;4.8;3.0;3.4;3.1;3.3;3.1;3.5;2.8;3.1
834;Totaal mannen en vrouwen;0;0;1;Vijf jaar na afstuderen;9000e Milieu, cultuur, recreatie en ..;Cohort 2003/'04;;;;;;;;;;;;;;;;
835;Totaal mannen en vrouwen;0;0;1;Vijf jaar na afstuderen;Onbekend;Cohort 1999/'00;3.8;4.0;3.6;3.8;3.6;3.8;;;4.2;4.3;;;4.2;4.4;3.7;3.7
836;Totaal mannen en vrouwen;0;0;1;Vijf jaar na afstuderen;Onbekend;Cohort 2000/'01;2.7;3.0;2.7;3.0;2.7;3.0;;;2.7;2.8;;;2.8;2.8;2.6;
837;Totaal mannen en vrouwen;0;0;1;Vijf jaar na afstuderen;Onbekend;Cohort 2001/'02;1.5;1.8;0.8;;0.8;;;;1.8;1.8;;;1.8;1.8;;
838;Totaal mannen en vrouwen;0;0;1;Vijf jaar na afstuderen;Onbekend;Cohort 2002/'03;3.8;4.3;3.7;4.3;3.7;4.3;;;3.8;4.1;;;3.3;3.6;6.4;6.4
839;Totaal mannen en vrouwen;0;0;1;Vijf jaar na afstuderen;Onbekend;Cohort 2003/'04;;;;;;;;;;;;;;;;
840;Totaal mannen en vrouwen;0;0;2;Direct na afstuderen;0;Cohort 1999/'00;1.5;;1.4;;1.4;;0.9;;1.8;;;;1.7;;2.3;
841;Totaal mannen en vrouwen;0;0;2;Direct na afstuderen;0;Cohort 2000/'01;1.6;2.0;1.4;1.8;1.4;1.8;1.1;1.7;1.8;2.2;0.9;;1.7;2.1;2.4;2.6
842;Totaal mannen en vrouwen;0;0;2;Direct na afstuderen;0;Cohort 2001/'02;1.5;2.1;1.4;1.9;1.4;1.9;1.1;1.9;1.8;2.3;2.0;2.9;1.6;2.1;2.6;2.9
843;Totaal mannen en vrouwen;0;0;2;Direct na afstuderen;0;Cohort 2002/'03;1.5;2.1;1.3;1.9;1.3;1.9;1.0;2.4;1.7;2.4;2.0;3.1;1.5;2.2;2.5;2.9
844;Totaal mannen en vrouwen;0;0;2;Direct na afstuderen;0;Cohort 2003/'04;1.5;2.1;1.4;2.0;1.4;2.0;1.1;2.0;1.7;2.4;1.7;2.6;1.6;2.3;2.5;2.8
845;Totaal mannen en vrouwen;0;0;2;Direct na afstuderen;1;Cohort 1999/'00;1.0;;1.1;;1.1;;;;0.1;;;;0.1;;;
846;Totaal mannen en vrouwen;0;0;2;Direct na afstuderen;1;Cohort 2000/'01;1.7;2.0;2.1;2.0;2.1;2.0;;;0.5;;;;0.5;;;
847;Totaal mannen en vrouwen;0;0;2;Direct na afstuderen;1;Cohort 2001/'02;0.8;1.6;1.0;1.8;1.0;1.8;;;0.6;1.3;;;0.6;1.3;;
848;Totaal mannen en vrouwen;0;0;2;Direct na afstuderen;1;Cohort 2002/'03;1.1;1.9;1.1;1.8;1.1;1.8;;;1.2;2.1;;;1.2;2.1;;
849;Totaal mannen en vrouwen;0;0;2;Direct na afstuderen;1;Cohort 2003/'04;1.2;2.0;1.2;1.9;1.2;1.9;;;1.1;2.1;2.0;2.0;1.0;2.2;;
850;Totaal mannen en vrouwen;0;0;2;Direct na afstuderen;2;Cohort 1999/'00;1.8;;1.7;;1.7;;;;2.0;;;;2.0;;1.7;
851;Totaal mannen en vrouwen;0;0;2;Direct na afstuderen;2;Cohort 2000/'01;1.9;2.2;1.7;2.0;1.7;2.0;2.4;2.4;2.2;2.5;;;2.2;2.5;2.7;2.7
852;Totaal mannen en vrouwen;0;0;2;Direct na afstuderen;2;Cohort 2001/'02;1.7;2.0;1.6;1.9;1.6;1.9;;;2.0;2.3;;;2.0;2.3;2.4;2.4
853;Totaal mannen en vrouwen;0;0;2;Direct na afstuderen;2;Cohort 2002/'03;1.6;2.1;1.5;1.9;1.5;1.9;0.5;;1.9;2.3;3.0;3.0;1.9;2.3;;
854;Totaal mannen en vrouwen;0;0;2;Direct na afstuderen;2;Cohort 2003/'04;1.7;2.2;1.6;2.0;1.6;2.0;0.7;;2.0;2.5;1.9;1.9;2.0;2.5;1.9;2.7
855;Totaal mannen en vrouwen;0;0;2;Direct na afstuderen;3;Cohort 1999/'00;1.4;;1.3;;1.3;;0.5;;1.6;;;;1.5;;2.2;
856;Totaal mannen en vrouwen;0;0;2;Direct na afstuderen;3;Cohort 2000/'01;1.4;2.1;1.2;1.9;1.2;1.9;1.0;;1.7;2.4;;;1.6;2.4;2.3;2.5
857;Totaal mannen en vrouwen;0;0;2;Direct na afstuderen;3;Cohort 2001/'02;1.3;2.0;1.2;1.8;1.2;1.8;1.1;;1.7;2.4;;;1.3;2.1;2.8;2.9
858;Totaal mannen en vrouwen;0;0;2;Direct na afstuderen;3;Cohort 2002/'03;1.2;2.0;1.1;1.8;1.1;1.8;0.9;;1.5;2.5;1.5;2.5;1.3;2.3;2.5;2.8
859;Totaal mannen en vrouwen;0;0;2;Direct na afstuderen;3;Cohort 2003/'04;1.2;2.0;1.2;1.9;1.2;1.9;0.6;;1.4;2.1;1.2;1.8;1.3;2.0;2.3;2.6
860;Totaal mannen en vrouwen;0;0;2;Direct na afstuderen;4;Cohort 1999/'00;0.8;;0.9;;0.9;;1.3;;0.5;;;;0.5;;;
861;Totaal mannen en vrouwen;0;0;2;Direct na afstuderen;4;Cohort 2000/'01;0.9;1.6;0.9;1.6;0.9;1.6;0.3;;0.7;1.5;;;0.7;1.5;;
862;Totaal mannen en vrouwen;0;0;2;Direct na afstuderen;4;Cohort 2001/'02;0.9;1.7;1.0;1.7;1.0;1.7;;;0.7;1.5;1.0;;0.7;1.5;0.2;
863;Totaal mannen en vrouwen;0;0;2;Direct na afstuderen;4;Cohort 2002/'03;0.9;1.7;1.0;1.7;1.0;1.7;;;0.8;1.9;0.3;;0.9;1.9;0.7;
864;Totaal mannen en vrouwen;0;0;2;Direct na afstuderen;4;Cohort 2003/'04;0.8;1.7;0.9;1.7;0.9;1.7;1.0;;0.7;2.1;0.8;;0.6;2.1;;
865;Totaal mannen en vrouwen;0;0;2;Direct na afstuderen;5;Cohort 1999/'00;1.6;;1.4;;1.4;;;;1.8;;;;1.8;;;
866;Totaal mannen en vrouwen;0;0;2;Direct na afstuderen;5;Cohort 2000/'01;1.6;2.1;1.5;1.9;1.5;1.9;;;1.8;2.4;;;1.8;2.4;;
867;Totaal mannen en vrouwen;0;0;2;Direct na afstuderen;5;Cohort 2001/'02;1.4;2.0;1.3;1.8;1.3;1.8;;;1.4;2.3;;;1.4;2.3;;
868;Totaal mannen en vrouwen;0;0;2;Direct na afstuderen;5;Cohort 2002/'03;1.3;2.1;1.2;1.8;1.2;1.8;1.0;;1.5;2.7;3.5;5.7;1.4;2.6;;
869;Totaal mannen en vrouwen;0;0;2;Direct na afstuderen;5;Cohort 2003/'04;1.3;2.0;1.3;1.9;1.4;1.9;0.7;;1.3;2.4;2.6;2.6;1.3;2.3;2.1;3.8
870;Totaal mannen en vrouwen;0;0;2;Direct na afstuderen;6;Cohort 1999/'00;2.1;;1.8;;1.8;;;;2.4;;;;2.5;;1.6;
871;Totaal mannen en vrouwen;0;0;2;Direct na afstuderen;6;Cohort 2000/'01;2.0;2.2;1.7;2.0;1.7;2.0;;;2.2;2.4;;;2.2;2.4;3.4;4.1
872;Totaal mannen en vrouwen;0;0;2;Direct na afstuderen;6;Cohort 2001/'02;2.0;2.3;1.8;2.0;1.8;2.0;;;2.3;2.6;2.9;2.9;2.3;2.6;;
873;Totaal mannen en vrouwen;0;0;2;Direct na afstuderen;6;Cohort 2002/'03;2.1;2.5;1.9;2.2;1.9;2.2;;;2.2;2.6;;;2.2;2.6;3.5;3.5
874;Totaal mannen en vrouwen;0;0;2;Direct na afstuderen;6;Cohort 2003/'04;2.3;2.7;2.2;2.6;2.2;2.6;;;2.4;2.7;5.0;5.0;2.3;2.7;;
875;Totaal mannen en vrouwen;0;0;2;Direct na afstuderen;7;Cohort 1999/'00;1.7;;1.6;;1.6;;;;1.9;;;;1.9;;2.0;
876;Totaal mannen en vrouwen;0;0;2;Direct na afstuderen;7;Cohort 2000/'01;1.7;2.0;1.6;1.9;1.6;1.9;0.2;;1.9;2.2;0.3;;1.9;2.2;1.9;2.4
877;Totaal mannen en vrouwen;0;0;2;Direct na afstuderen;7;Cohort 2001/'02;1.7;2.1;1.6;2.0;1.6;2.0;1.9;;2.0;2.3;;;2.0;2.3;1.7;2.3
878;Totaal mannen en vrouwen;0;0;2;Direct na afstuderen;7;Cohort 2002/'03;1.7;2.1;1.5;1.9;1.5;1.9;;;1.8;2.2;1.1;2.4;1.8;2.2;2.2;2.3
879;Totaal mannen en vrouwen;0;0;2;Direct na afstuderen;7;Cohort 2003/'04;1.6;2.1;1.4;1.9;1.4;1.9;0.7;1.2;1.8;2.3;2.0;2.4;1.8;2.3;2.2;2.7
880;Totaal mannen en vrouwen;0;0;2;Direct na afstuderen;8;Cohort 1999/'00;1.2;;1.2;;1.2;;1.4;;1.2;;;;1.2;;1.8;
881;Totaal mannen en vrouwen;0;0;2;Direct na afstuderen;8;Cohort 2000/'01;1.3;1.8;1.3;1.8;1.3;1.8;1.0;;1.3;2.0;;;1.2;1.8;2.5;4.0
882;Totaal mannen en vrouwen;0;0;2;Direct na afstuderen;8;Cohort 2001/'02;1.3;1.9;1.3;1.8;1.4;1.8;0.6;;1.3;2.1;1.2;;1.2;1.9;2.5;3.6
883;Totaal mannen en vrouwen;0;0;2;Direct na afstuderen;8;Cohort 2002/'03;1.3;1.8;1.3;1.8;1.3;1.8;;;1.3;2.0;;;1.3;2.0;1.8;
884;Totaal mannen en vrouwen;0;0;2;Direct na afstuderen;8;Cohort 2003/'04;1.3;1.9;1.3;1.9;1.3;1.9;1.1;1.9;1.3;1.9;1.2;;1.3;1.9;1.5;2.5
885;Totaal mannen en vrouwen;0;0;2;Direct na afstuderen;9;Cohort 1999/'00;1.8;;1.5;;1.5;;0.5;;2.0;;;;1.9;;2.8;
886;Totaal mannen en vrouwen;0;0;2;Direct na afstuderen;9;Cohort 2000/'01;1.8;2.1;1.6;1.9;1.6;1.9;;;2.0;2.2;;;2.0;2.1;3.0;3.0
887;Totaal mannen en vrouwen;0;0;2;Direct na afstuderen;9;Cohort 2001/'02;1.9;2.1;1.6;2.1;1.6;2.1;1.0;;2.1;2.2;1.7;;2.0;2.1;3.6;3.6
888;Totaal mannen en vrouwen;0;0;2;Direct na afstuderen;9;Cohort 2002/'03;1.6;2.5;1.4;2.2;1.4;2.2;0.3;;1.9;2.9;3.5;;1.7;2.7;3.4;3.9
889;Totaal mannen en vrouwen;0;0;2;Direct na afstuderen;9;Cohort 2003/'04;1.9;2.6;1.6;2.4;1.7;2.4;1.5;2.4;2.2;2.8;2.6;3.0;2.2;2.7;2.7;3.2
890;Totaal mannen en vrouwen;0;0;2;Direct na afstuderen;M Onderwijs;Cohort 1999/'00;1.3;;1.3;;1.4;;1.1;;1.3;;;;1.3;;1.5;
891;Totaal mannen en vrouwen;0;0;2;Direct na afstuderen;M Onderwijs;Cohort 2000/'01;1.5;1.7;1.5;1.7;1.5;1.7;1.3;1.5;1.5;1.7;1.5;;1.5;1.7;1.5;1.7
892;Totaal mannen en vrouwen;0;0;2;Direct na afstuderen;M Onderwijs;Cohort 2001/'02;1.5;1.9;1.5;1.9;1.5;1.9;1.4;1.9;1.6;1.9;;;1.6;1.8;2.1;2.6
893;Totaal mannen en vrouwen;0;0;2;Direct na afstuderen;M Onderwijs;Cohort 2002/'03;1.4;2.0;1.5;2.0;1.5;2.0;1.2;1.2;1.3;2.1;2.0;2.0;1.3;2.1;1.3;2.3
894;Totaal mannen en vrouwen;0;0;2;Direct na afstuderen;M Onderwijs;Cohort 2003/'04;1.6;2.0;1.6;2.0;1.6;2.0;1.2;;1.5;2.1;2.1;2.5;1.5;2.0;1.6;2.1
895;Totaal mannen en vrouwen;0;0;2;Direct na afstuderen;N Gezondheids- en welzijnszorg;Cohort 1999/'00;1.7;;1.3;;1.3;;0.3;;2.2;;;;1.5;;2.5;
896;Totaal mannen en vrouwen;0;0;2;Direct na afstuderen;N Gezondheids- en welzijnszorg;Cohort 2000/'01;1.7;2.2;1.4;1.7;1.4;1.7;;;2.2;2.5;;;1.4;1.9;2.4;2.6
897;Totaal mannen en vrouwen;0;0;2;Direct na afstuderen;N Gezondheids- en welzijnszorg;Cohort 2001/'02;1.7;2.4;1.4;1.8;1.4;1.8;2.8;;2.2;2.7;;;1.5;2.2;2.6;2.8
898;Totaal mannen en vrouwen;0;0;2;Direct na afstuderen;N Gezondheids- en welzijnszorg;Cohort 2002/'03;1.7;2.5;1.3;1.9;1.4;1.9;0.8;;2.2;2.8;3.8;;1.4;2.1;2.6;3.0
899;Totaal mannen en vrouwen;0;0;2;Direct na afstuderen;N Gezondheids- en welzijnszorg;Cohort 2003/'04;1.8;2.4;1.4;1.9;1.4;1.9;1.0;1.4;2.3;2.7;1.4;;1.5;2.2;2.7;2.8
900;Totaal mannen en vrouwen;0;0;2;Direct na afstuderen;9000e Milieu, cultuur, recreatie en ..;Cohort 1999/'00;1.3;;1.2;;1.2;;0.6;;1.5;;;;1.6;;1.3;
901;Totaal mannen en vrouwen;0;0;2;Direct na afstuderen;9000e Milieu, cultuur, recreatie en ..;Cohort 2000/'01;1.3;1.8;1.2;1.6;1.2;1.6;1.0;1.6;1.5;2.1;;;1.5;2.0;2.2;2.2
902;Totaal mannen en vrouwen;0;0;2;Direct na afstuderen;9000e Milieu, cultuur, recreatie en ..;Cohort 2001/'02;1.3;2.0;1.2;1.9;1.3;1.9;0.5;2.3;1.6;2.1;;;1.4;2.0;2.4;2.4
903;Totaal mannen en vrouwen;0;0;2;Direct na afstuderen;9000e Milieu, cultuur, recreatie en ..;Cohort 2002/'03;1.4;2.1;1.2;2.0;1.2;2.0;1.0;3.0;1.6;2.2;0.1;;1.5;2.1;2.2;2.4
904;Totaal mannen en vrouwen;0;0;2;Direct na afstuderen;9000e Milieu, cultuur, recreatie en ..;Cohort 2003/'04;1.3;2.0;1.2;1.9;1.2;1.9;1.1;2.1;1.4;2.1;0.7;;1.2;1.9;2.3;2.4
905;Totaal mannen en vrouwen;0;0;2;Direct na afstuderen;Onbekend;Cohort 1999/'00;1.8;;1.2;;1.2;;;;2.4;;;;2.4;;;
906;Totaal mannen en vrouwen;0;0;2;Direct na afstuderen;Onbekend;Cohort 2000/'01;;;;;;;;;;;;;;;;
907;Totaal mannen en vrouwen;0;0;2;Direct na afstuderen;Onbekend;Cohort 2001/'02;1.6;1.9;1.7;2.1;1.7;2.1;;;0.9;0.9;;;0.9;0.9;;
908;Totaal mannen en vrouwen;0;0;2;Direct na afstuderen;Onbekend;Cohort 2002/'03;0.4;;;;;;;;0.4;;;;0.4;;;
909;Totaal mannen en vrouwen;0;0;2;Direct na afstuderen;Onbekend;Cohort 2003/'04;1.5;1.9;1.4;1.9;1.6;1.9;0.7;;1.9;1.9;;;1.9;1.9;;
910;Totaal mannen en vrouwen;0;0;2;Één jaar na afstuderen;0;Cohort 1999/'00;2.1;2.3;1.9;2.1;1.9;2.1;1.4;1.9;2.3;2.5;;;2.2;2.4;2.7;2.8
911;Totaal mannen en vrouwen;0;0;2;Één jaar na afstuderen;0;Cohort 2000/'01;2.1;2.3;1.9;2.1;1.9;2.1;1.8;2.2;2.3;2.5;0.8;;2.2;2.4;2.9;3.0
912;Totaal mannen en vrouwen;0;0;2;Één jaar na afstuderen;0;Cohort 2001/'02;2.1;2.3;1.9;2.2;1.9;2.2;1.6;2.1;2.3;2.6;3.0;3.0;2.2;2.4;3.1;3.2
913;Totaal mannen en vrouwen;0;0;2;Één jaar na afstuderen;0;Cohort 2002/'03;2.0;2.3;1.9;2.1;1.9;2.1;1.5;2.2;2.3;2.5;2.4;2.6;2.1;2.4;3.0;3.1
914;Totaal mannen en vrouwen;0;0;2;Één jaar na afstuderen;0;Cohort 2003/'04;2.1;2.3;1.9;2.2;1.9;2.2;1.4;2.3;2.3;2.6;2.2;2.7;2.2;2.5;2.9;3.0
915;Totaal mannen en vrouwen;0;0;2;Één jaar na afstuderen;1;Cohort 1999/'00;2.0;2.1;2.2;2.4;2.2;2.4;;;0.8;0.8;;;0.8;0.8;;
916;Totaal mannen en vrouwen;0;0;2;Één jaar na afstuderen;1;Cohort 2000/'01;3.2;3.7;3.2;3.7;3.2;3.7;;;;;;;;;;
917;Totaal mannen en vrouwen;0;0;2;Één jaar na afstuderen;1;Cohort 2001/'02;1.8;1.8;1.8;1.8;1.8;1.8;;;1.7;1.9;;;1.7;1.9;;
918;Totaal mannen en vrouwen;0;0;2;Één jaar na afstuderen;1;Cohort 2002/'03;2.0;2.4;2.0;2.4;2.0;2.4;;;;;;;;;;
919;Totaal mannen en vrouwen;0;0;2;Één jaar na afstuderen;1;Cohort 2003/'04;1.8;1.8;1.7;1.6;1.7;1.6;;;2.0;2.2;;;2.0;2.2;;
920;Totaal mannen en vrouwen;0;0;2;Één jaar na afstuderen;2;Cohort 1999/'00;2.3;2.4;2.2;2.2;2.2;2.2;;;2.5;2.6;;;2.5;2.6;2.3;2.6
921;Totaal mannen en vrouwen;0;0;2;Één jaar na afstuderen;2;Cohort 2000/'01;2.3;2.4;2.1;2.2;2.1;2.2;2.3;2.3;2.6;2.7;;;2.6;2.7;2.9;2.9
922;Totaal mannen en vrouwen;0;0;2;Één jaar na afstuderen;2;Cohort 2001/'02;2.2;2.3;2.1;2.2;2.1;2.2;1.4;;2.4;2.5;;;2.4;2.5;3.0;3.0
923;Totaal mannen en vrouwen;0;0;2;Één jaar na afstuderen;2;Cohort 2002/'03;2.2;2.4;2.1;2.2;2.1;2.2;;;2.5;2.6;3.3;3.3;2.5;2.6;;
924;Totaal mannen en vrouwen;0;0;2;Één jaar na afstuderen;2;Cohort 2003/'04;2.3;2.4;2.2;2.3;2.2;2.3;;;2.7;2.8;2.8;2.8;2.6;2.7;2.8;3.6
925;Totaal mannen en vrouwen;0;0;2;Één jaar na afstuderen;3;Cohort 1999/'00;2.0;2.2;1.9;2.1;1.9;2.1;1.0;1.5;2.4;2.6;;;2.3;2.6;2.6;2.8
926;Totaal mannen en vrouwen;0;0;2;Één jaar na afstuderen;3;Cohort 2000/'01;2.1;2.4;1.9;2.1;1.9;2.1;;;2.5;2.8;;;2.5;2.7;2.8;2.9
927;Totaal mannen en vrouwen;0;0;2;Één jaar na afstuderen;3;Cohort 2001/'02;2.0;2.3;1.9;2.1;1.9;2.1;0.8;;2.4;2.7;;;2.2;2.5;3.2;3.3
928;Totaal mannen en vrouwen;0;0;2;Één jaar na afstuderen;3;Cohort 2002/'03;1.9;2.2;1.8;2.1;1.8;2.1;1.1;1.1;2.2;2.6;1.6;2.1;2.0;2.3;3.1;3.2
929;Totaal mannen en vrouwen;0;0;2;Één jaar na afstuderen;3;Cohort 2003/'04;2.0;2.2;1.9;2.1;1.9;2.1;0.9;;2.2;2.5;1.6;2.2;2.1;2.4;2.7;2.8
930;Totaal mannen en vrouwen;0;0;2;Één jaar na afstuderen;4;Cohort 1999/'00;1.4;2.1;1.5;2.1;1.5;2.1;;;1.1;2.4;;;1.1;2.4;;
931;Totaal mannen en vrouwen;0;0;2;Één jaar na afstuderen;4;Cohort 2000/'01;1.3;1.9;1.3;1.9;1.3;1.9;0.5;;1.1;1.5;0.8;;1.1;1.5;;
932;Totaal mannen en vrouwen;0;0;2;Één jaar na afstuderen;4;Cohort 2001/'02;1.4;1.9;1.5;1.9;1.5;1.9;0.3;;1.2;1.7;;;1.2;1.7;;
933;Totaal mannen en vrouwen;0;0;2;Één jaar na afstuderen;4;Cohort 2002/'03;1.4;1.9;1.4;1.9;1.4;1.9;0.7;;1.3;2.2;;;1.3;2.2;;
934;Totaal mannen en vrouwen;0;0;2;Één jaar na afstuderen;4;Cohort 2003/'04;1.2;1.9;1.2;1.9;1.2;1.9;;;1.1;2.0;0.7;;1.2;2.0;;
935;Totaal mannen en vrouwen;0;0;2;Één jaar na afstuderen;5;Cohort 1999/'00;2.2;2.3;2.1;2.2;2.1;2.2;;;2.5;2.7;;;2.5;2.7;;
936;Totaal mannen en vrouwen;0;0;2;Één jaar na afstuderen;5;Cohort 2000/'01;2.2;2.3;2.1;2.2;2.1;2.2;;;2.5;2.8;;;2.5;2.8;;
937;Totaal mannen en vrouwen;0;0;2;Één jaar na afstuderen;5;Cohort 2001/'02;1.9;2.2;1.9;2.1;1.9;2.1;;;2.1;2.4;;;2.1;2.4;1.1;
938;Totaal mannen en vrouwen;0;0;2;Één jaar na afstuderen;5;Cohort 2002/'03;2.0;2.3;1.9;2.1;1.9;2.1;;;2.3;2.6;5.9;5.9;2.3;2.5;;
939;Totaal mannen en vrouwen;0;0;2;Één jaar na afstuderen;5;Cohort 2003/'04;2.0;2.2;2.0;2.2;2.0;2.2;2.0;;2.0;2.5;1.4;2.5;2.0;2.5;;
940;Totaal mannen en vrouwen;0;0;2;Één jaar na afstuderen;6;Cohort 1999/'00;2.5;2.5;2.2;2.2;2.2;2.2;;;2.8;2.8;;;2.8;2.8;3.7;3.7
941;Totaal mannen en vrouwen;0;0;2;Één jaar na afstuderen;6;Cohort 2000/'01;2.6;2.6;2.3;2.3;2.3;2.3;;;2.8;2.9;;;2.8;2.8;5.2;5.2
942;Totaal mannen en vrouwen;0;0;2;Één jaar na afstuderen;6;Cohort 2001/'02;2.4;2.4;2.2;2.3;2.2;2.3;;;2.6;2.7;3.3;3.3;2.6;2.7;3.7;3.7
943;Totaal mannen en vrouwen;0;0;2;Één jaar na afstuderen;6;Cohort 2002/'03;2.4;2.5;2.2;2.3;2.2;2.3;;;2.7;2.8;;;2.7;2.8;4.5;4.5
944;Totaal mannen en vrouwen;0;0;2;Één jaar na afstuderen;6;Cohort 2003/'04;2.6;2.7;2.3;2.3;2.3;2.3;;;2.9;3.0;5.8;5.8;2.8;3.0;;
945;Totaal mannen en vrouwen;0;0;2;Één jaar na afstuderen;7;Cohort 1999/'00;2.2;2.3;2.1;2.1;2.1;2.1;;;2.4;2.4;;;2.4;2.4;2.2;2.3
946;Totaal mannen en vrouwen;0;0;2;Één jaar na afstuderen;7;Cohort 2000/'01;2.2;2.3;2.1;2.2;2.1;2.2;2.1;2.1;2.3;2.4;;;2.3;2.4;2.4;2.4
947;Totaal mannen en vrouwen;0;0;2;Één jaar na afstuderen;7;Cohort 2001/'02;2.2;2.3;2.0;2.1;2.0;2.1;1.6;1.4;2.4;2.5;;;2.4;2.5;3.0;3.1
948;Totaal mannen en vrouwen;0;0;2;Één jaar na afstuderen;7;Cohort 2002/'03;2.2;2.3;2.0;2.1;2.0;2.1;0.9;;2.3;2.5;2.0;2.5;2.3;2.5;2.7;2.8
949;Totaal mannen en vrouwen;0;0;2;Één jaar na afstuderen;7;Cohort 2003/'04;2.2;2.3;2.1;2.2;2.1;2.2;2.1;;2.4;2.5;2.4;2.5;2.4;2.5;2.8;2.8
950;Totaal mannen en vrouwen;0;0;2;Één jaar na afstuderen;8;Cohort 1999/'00;1.7;2.0;1.7;2.0;1.7;2.0;2.0;2.0;1.7;2.2;;;1.7;2.2;3.4;2.1
951;Totaal mannen en vrouwen;0;0;2;Één jaar na afstuderen;8;Cohort 2000/'01;1.8;2.1;1.8;2.0;1.8;2.0;0.4;;1.7;2.2;;;1.7;2.1;2.8;3.5
952;Totaal mannen en vrouwen;0;0;2;Één jaar na afstuderen;8;Cohort 2001/'02;1.7;2.1;1.7;2.1;1.7;2.1;1.6;2.5;1.8;2.2;;;1.8;2.2;3.2;3.1
953;Totaal mannen en vrouwen;0;0;2;Één jaar na afstuderen;8;Cohort 2002/'03;1.7;2.0;1.7;2.0;1.7;2.0;0.5;;1.8;2.1;;;1.8;2.1;2.3;2.4
954;Totaal mannen en vrouwen;0;0;2;Één jaar na afstuderen;8;Cohort 2003/'04;1.8;2.1;1.8;2.1;1.8;2.1;0.6;1.4;1.7;2.1;1.5;1.7;1.7;2.1;1.9;
955;Totaal mannen en vrouwen;0;0;2;Één jaar na afstuderen;9;Cohort 1999/'00;2.2;2.3;2.0;2.1;2.0;2.1;2.2;;2.3;2.4;;;2.3;2.3;3.4;3.6
956;Totaal mannen en vrouwen;0;0;2;Één jaar na afstuderen;9;Cohort 2000/'01;2.2;2.3;1.9;2.1;2.0;2.1;0.8;1.3;2.4;2.4;;;2.3;2.3;3.8;3.9
957;Totaal mannen en vrouwen;0;0;2;Één jaar na afstuderen;9;Cohort 2001/'02;2.1;2.4;1.9;2.2;1.9;2.2;0.9;1.7;2.3;2.6;2.6;2.6;2.3;2.5;3.5;3.7
958;Totaal mannen en vrouwen;0;0;2;Één jaar na afstuderen;9;Cohort 2002/'03;2.3;2.5;2.0;2.2;2.0;2.2;0.7;;2.5;2.7;2.9;2.0;2.4;2.6;3.9;3.8
959;Totaal mannen en vrouwen;0;0;2;Één jaar na afstuderen;9;Cohort 2003/'04;2.4;2.5;2.1;2.3;2.1;2.3;1.9;2.5;2.6;2.6;2.6;2.9;2.5;2.6;3.1;2.4
960;Totaal mannen en vrouwen;0;0;2;Één jaar na afstuderen;M Onderwijs;Cohort 1999/'00;1.8;2.0;1.9;2.1;1.9;2.1;1.7;2.1;1.8;1.9;;;1.8;1.9;2.0;2.0
961;Totaal mannen en vrouwen;0;0;2;Één jaar na afstuderen;M Onderwijs;Cohort 2000/'01;1.9;2.1;2.0;2.2;2.0;2.2;1.9;2.1;1.9;2.0;;;1.9;2.0;1.9;2.1
962;Totaal mannen en vrouwen;0;0;2;Één jaar na afstuderen;M Onderwijs;Cohort 2001/'02;1.9;2.2;2.0;2.3;2.0;2.3;1.9;2.2;1.8;2.1;;;1.8;2.1;2.4;2.8
963;Totaal mannen en vrouwen;0;0;2;Één jaar na afstuderen;M Onderwijs;Cohort 2002/'03;2.0;2.2;2.0;2.3;2.0;2.3;1.8;2.4;1.9;2.2;1.2;1.2;1.9;2.2;1.9;2.1
964;Totaal mannen en vrouwen;0;0;2;Één jaar na afstuderen;M Onderwijs;Cohort 2003/'04;2.0;2.3;2.0;2.3;2.0;2.3;1.5;2.5;2.0;2.2;2.4;2.5;2.0;2.2;2.1;2.2
965;Totaal mannen en vrouwen;0;0;2;Één jaar na afstuderen;N Gezondheids- en welzijnszorg;Cohort 1999/'00;2.0;2.4;1.7;2.0;1.7;2.0;0.3;;2.5;2.7;;;1.9;2.2;2.8;2.9
966;Totaal mannen en vrouwen;0;0;2;Één jaar na afstuderen;N Gezondheids- en welzijnszorg;Cohort 2000/'01;2.2;2.5;1.8;2.1;1.8;2.1;;;2.6;3.0;;;1.9;2.4;3.0;3.1
967;Totaal mannen en vrouwen;0;0;2;Één jaar na afstuderen;N Gezondheids- en welzijnszorg;Cohort 2001/'02;2.2;2.6;1.9;2.2;1.9;2.2;3.4;;2.7;3.1;;;2.0;2.4;3.2;3.3
968;Totaal mannen en vrouwen;0;0;2;Één jaar na afstuderen;N Gezondheids- en welzijnszorg;Cohort 2002/'03;2.2;2.5;1.9;2.1;1.9;2.1;1.5;;2.6;2.9;4.1;;1.9;2.3;3.1;3.1
969;Totaal mannen en vrouwen;0;0;2;Één jaar na afstuderen;N Gezondheids- en welzijnszorg;Cohort 2003/'04;2.2;2.6;1.8;2.2;1.8;2.2;1.1;1.4;2.7;2.9;2.2;2.9;2.0;2.3;3.0;3.1
970;Totaal mannen en vrouwen;0;0;2;Één jaar na afstuderen;9000e Milieu, cultuur, recreatie en ..;Cohort 1999/'00;1.8;2.1;1.6;2.0;1.6;2.0;0.8;1.4;2.0;2.2;;;1.9;2.2;2.2;2.3
971;Totaal mannen en vrouwen;0;0;2;Één jaar na afstuderen;9000e Milieu, cultuur, recreatie en ..;Cohort 2000/'01;1.9;2.2;1.8;2.0;1.7;2.0;2.3;2.5;2.1;2.4;;;2.0;2.3;2.4;2.4
972;Totaal mannen en vrouwen;0;0;2;Één jaar na afstuderen;9000e Milieu, cultuur, recreatie en ..;Cohort 2001/'02;1.9;2.3;1.7;2.2;1.8;2.2;1.2;2.4;2.2;2.4;;;2.0;2.3;2.5;2.5
973;Totaal mannen en vrouwen;0;0;2;Één jaar na afstuderen;9000e Milieu, cultuur, recreatie en ..;Cohort 2002/'03;1.9;2.3;1.6;2.1;1.6;2.0;1.7;3.2;2.2;2.5;0.7;;2.0;2.4;2.6;2.5
974;Totaal mannen en vrouwen;0;0;2;Één jaar na afstuderen;9000e Milieu, cultuur, recreatie en ..;Cohort 2003/'04;1.9;2.3;1.7;2.2;1.7;2.2;1.4;2.4;2.1;2.5;1.7;2.2;1.9;2.4;2.6;2.6
975;Totaal mannen en vrouwen;0;0;2;Één jaar na afstuderen;Onbekend;Cohort 1999/'00;4.5;4.5;;;;;;;4.5;4.5;;;4.5;4.5;;
976;Totaal mannen en vrouwen;0;0;2;Één jaar na afstuderen;Onbekend;Cohort 2000/'01;1.5;3.1;2.3;3.1;2.3;3.1;;;0.1;;;;0.1;;;
977;Totaal mannen en vrouwen;0;0;2;Één jaar na afstuderen;Onbekend;Cohort 2001/'02;2.0;2.7;1.6;2.0;2.0;2.0;0.5;;2.9;4.9;;;0.9;;4.9;4.9
978;Totaal mannen en vrouwen;0;0;2;Één jaar na afstuderen;Onbekend;Cohort 2002/'03;2.9;3.8;2.7;2.9;2.7;2.9;;;3.2;4.7;;;1.1;2.1;7.3;7.3
979;Totaal mannen en vrouwen;0;0;2;Één jaar na afstuderen;Onbekend;Cohort 2003/'04;2.1;3.0;2.1;3.0;2.1;3.0;;;;;;;;;;
980;Totaal mannen en vrouwen;0;0;2;Twee jaar na afstuderen;0;Cohort 1999/'00;2.3;2.5;2.2;2.3;2.2;2.4;1.7;2.1;2.6;2.8;;;2.5;2.7;3.0;3.1
981;Totaal mannen en vrouwen;0;0;2;Twee jaar na afstuderen;0;Cohort 2000/'01;2.3;2.5;2.2;2.4;2.2;2.4;2.0;2.3;2.6;2.8;;;2.5;2.7;3.1;3.2
982;Totaal mannen en vrouwen;0;0;2;Twee jaar na afstuderen;0;Cohort 2001/'02;2.3;2.5;2.1;2.3;2.1;2.3;1.7;2.2;2.6;2.8;3.5;3.5;2.5;2.7;3.2;3.2
983;Totaal mannen en vrouwen;0;0;2;Twee jaar na afstuderen;0;Cohort 2002/'03;2.3;2.6;2.1;2.4;2.1;2.4;1.8;2.7;2.6;2.8;2.5;3.3;2.5;2.7;3.1;3.2
984;Totaal mannen en vrouwen;0;0;2;Twee jaar na afstuderen;0;Cohort 2003/'04;2.5;2.8;2.3;2.6;2.3;2.6;1.8;2.9;2.8;3.0;2.5;3.1;2.7;3.0;3.2;3.3
985;Totaal mannen en vrouwen;0;0;2;Twee jaar na afstuderen;1;Cohort 1999/'00;2.0;2.1;2.0;2.1;2.0;2.1;;;;;;;;;;
986;Totaal mannen en vrouwen;0;0;2;Twee jaar na afstuderen;1;Cohort 2000/'01;2.5;2.6;2.3;2.4;2.3;2.4;;;3.1;3.1;;;3.1;3.1;;
987;Totaal mannen en vrouwen;0;0;2;Twee jaar na afstuderen;1;Cohort 2001/'02;1.7;1.9;1.9;2.2;1.9;2.2;;;0.6;0.6;;;0.6;0.6;;
988;Totaal mannen en vrouwen;0;0;2;Twee jaar na afstuderen;1;Cohort 2002/'03;2.6;2.7;2.6;2.7;2.6;2.7;;;;;;;;;;
989;Totaal mannen en vrouwen;0;0;2;Twee jaar na afstuderen;1;Cohort 2003/'04;3.1;3.6;3.2;3.3;3.2;3.3;;;3.1;4.3;;;3.1;4.3;;
990;Totaal mannen en vrouwen;0;0;2;Twee jaar na afstuderen;2;Cohort 1999/'00;2.6;2.7;2.5;2.5;2.5;2.5;;;2.9;3.0;;;2.9;3.0;3.2;3.2
991;Totaal mannen en vrouwen;0;0;2;Twee jaar na afstuderen;2;Cohort 2000/'01;2.5;2.6;2.4;2.5;2.4;2.5;2.9;;2.9;3.0;;;2.8;3.0;3.2;3.2
992;Totaal mannen en vrouwen;0;0;2;Twee jaar na afstuderen;2;Cohort 2001/'02;2.5;2.6;2.4;2.5;2.4;2.5;1.9;2.0;2.8;2.9;;;2.8;2.9;3.6;3.6
993;Totaal mannen en vrouwen;0;0;2;Twee jaar na afstuderen;2;Cohort 2002/'03;2.5;2.6;2.3;2.5;2.3;2.5;;;2.8;3.0;4.7;4.7;2.8;3.0;;
994;Totaal mannen en vrouwen;0;0;2;Twee jaar na afstuderen;2;Cohort 2003/'04;2.8;2.8;2.6;2.6;2.6;2.6;;;3.4;3.4;2.8;2.8;3.4;3.4;3.6;5.6
995;Totaal mannen en vrouwen;0;0;2;Twee jaar na afstuderen;3;Cohort 1999/'00;2.4;2.5;2.2;2.4;2.3;2.4;1.2;1.7;2.8;3.0;;;2.6;2.9;3.3;3.5
996;Totaal mannen en vrouwen;0;0;2;Twee jaar na afstuderen;3;Cohort 2000/'01;2.4;2.6;2.2;2.4;2.2;2.4;2.5;2.5;2.7;2.9;;;2.6;2.8;3.2;3.3
997;Totaal mannen en vrouwen;0;0;2;Twee jaar na afstuderen;3;Cohort 2001/'02;2.2;2.4;2.1;2.3;2.1;2.3;1.3;1.4;2.7;2.8;;;2.4;2.6;3.4;3.6
998;Totaal mannen en vrouwen;0;0;2;Twee jaar na afstuderen;3;Cohort 2002/'03;2.3;2.5;2.1;2.3;2.1;2.3;1.3;;2.8;3.1;1.4;1.8;2.6;2.7;3.7;3.9
999;Totaal mannen en vrouwen;0;0;2;Twee jaar na afstuderen;3;Cohort 2003/'04;2.4;2.7;2.3;2.5;2.3;2.5;1.3;;2.8;3.0;2.1;2.8;2.8;3.0;3.1;3.2
1000;Totaal mannen en vrouwen;0;0;2;Twee jaar na afstuderen;4;Cohort 1999/'00;1.7;2.1;1.7;2.1;1.7;2.1;2.1;2.1;1.0;1.0;;;1.0;1.0;;
1001;Totaal mannen en vrouwen;0;0;2;Twee jaar na afstuderen;4;Cohort 2000/'01;1.5;2.0;1.5;2.0;1.5;2.0;;;1.3;1.4;;;1.3;1.4;;
1002;Totaal mannen en vrouwen;0;0;2;Twee jaar na afstuderen;4;Cohort 2001/'02;1.5;2.0;1.6;2.1;1.6;2.1;;;1.1;1.8;;;1.1;1.8;0.8;
1003;Totaal mannen en vrouwen;0;0;2;Twee jaar na afstuderen;4;Cohort 2002/'03;1.7;2.2;1.7;2.1;1.7;2.1;0.2;;1.7;2.7;;;1.7;2.7;;
1004;Totaal mannen en vrouwen;0;0;2;Twee jaar na afstuderen;4;Cohort 2003/'04;1.6;2.1;1.6;2.0;1.6;2.0;0.4;;1.7;2.5;;;1.7;2.5;;
1005;Totaal mannen en vrouwen;0;0;2;Twee jaar na afstuderen;5;Cohort 1999/'00;2.5;2.6;2.3;2.4;2.3;2.4;;;2.9;3.0;;;2.8;3.0;6.6;6.6
1006;Totaal mannen en vrouwen;0;0;2;Twee jaar na afstuderen;5;Cohort 2000/'01;2.4;2.5;2.2;2.3;2.2;2.4;1.0;1.0;2.8;2.9;;;2.8;2.9;;
1007;Totaal mannen en vrouwen;0;0;2;Twee jaar na afstuderen;5;Cohort 2001/'02;2.3;2.4;2.1;2.2;2.1;2.2;;;2.7;2.9;;;2.7;2.9;;
1008;Totaal mannen en vrouwen;0;0;2;Twee jaar na afstuderen;5;Cohort 2002/'03;2.3;2.5;2.2;2.4;2.2;2.4;;;2.7;2.9;6.1;6.1;2.6;2.8;4.1;4.1
1009;Totaal mannen en vrouwen;0;0;2;Twee jaar na afstuderen;5;Cohort 2003/'04;2.5;2.7;2.5;2.6;2.5;2.6;2.0;2.2;2.5;3.0;;;2.5;3.0;;
1010;Totaal mannen en vrouwen;0;0;2;Twee jaar na afstuderen;6;Cohort 1999/'00;2.9;2.9;2.5;2.5;2.5;2.5;;;3.2;3.3;;;3.2;3.3;4.5;4.5
1011;Totaal mannen en vrouwen;0;0;2;Twee jaar na afstuderen;6;Cohort 2000/'01;2.8;2.8;2.5;2.5;2.5;2.5;;;3.1;3.2;;;3.1;3.2;3.6;4.0
1012;Totaal mannen en vrouwen;0;0;2;Twee jaar na afstuderen;6;Cohort 2001/'02;2.7;2.8;2.4;2.5;2.4;2.5;;;3.1;3.2;4.2;4.2;3.1;3.2;;
1013;Totaal mannen en vrouwen;0;0;2;Twee jaar na afstuderen;6;Cohort 2002/'03;2.8;2.9;2.6;2.6;2.6;2.6;;;3.1;3.2;;;3.1;3.2;;
1014;Totaal mannen en vrouwen;0;0;2;Twee jaar na afstuderen;6;Cohort 2003/'04;3.2;3.2;2.8;2.7;2.8;2.7;;;3.7;3.8;11.6;11.6;3.7;3.7;3.0;
1015;Totaal mannen en vrouwen;0;0;2;Twee jaar na afstuderen;7;Cohort 1999/'00;2.4;2.5;2.3;2.3;2.3;2.3;;;2.6;2.7;;;2.6;2.7;2.2;2.6
1016;Totaal mannen en vrouwen;0;0;2;Twee jaar na afstuderen;7;Cohort 2000/'01;2.4;2.5;2.3;2.4;2.3;2.4;;;2.6;2.7;;;2.6;2.7;2.8;2.8
1017;Totaal mannen en vrouwen;0;0;2;Twee jaar na afstuderen;7;Cohort 2001/'02;2.4;2.5;2.2;2.3;2.2;2.3;2.0;1.9;2.7;2.7;;;2.7;2.7;2.7;2.7
1018;Totaal mannen en vrouwen;0;0;2;Twee jaar na afstuderen;7;Cohort 2002/'03;2.5;2.6;2.2;2.4;2.3;2.4;1.6;;2.7;2.8;2.2;3.9;2.7;2.7;2.7;3.1
1019;Totaal mannen en vrouwen;0;0;2;Twee jaar na afstuderen;7;Cohort 2003/'04;2.7;2.8;2.5;2.6;2.5;2.6;1.7;2.6;2.9;3.0;2.6;2.7;2.9;3.0;3.2;3.2
1020;Totaal mannen en vrouwen;0;0;2;Twee jaar na afstuderen;8;Cohort 1999/'00;2.0;2.3;1.9;2.2;1.9;2.2;;;2.2;2.5;;;2.2;2.5;3.3;3.3
1021;Totaal mannen en vrouwen;0;0;2;Twee jaar na afstuderen;8;Cohort 2000/'01;1.9;2.2;1.9;2.2;1.9;2.2;1.3;;2.0;2.4;;;2.0;2.3;2.6;3.6
1022;Totaal mannen en vrouwen;0;0;2;Twee jaar na afstuderen;8;Cohort 2001/'02;1.9;2.2;1.9;2.2;1.9;2.2;0.1;;2.0;2.3;;;2.0;2.3;1.4;
1023;Totaal mannen en vrouwen;0;0;2;Twee jaar na afstuderen;8;Cohort 2002/'03;1.9;2.2;1.9;2.2;1.9;2.2;1.7;2.7;2.0;2.4;;;2.0;2.4;2.7;2.7
1024;Totaal mannen en vrouwen;0;0;2;Twee jaar na afstuderen;8;Cohort 2003/'04;2.1;2.7;2.1;2.6;2.1;2.6;1.1;;2.1;2.8;1.9;2.8;2.1;2.7;4.4;6.1
1025;Totaal mannen en vrouwen;0;0;2;Twee jaar na afstuderen;9;Cohort 1999/'00;2.4;2.5;2.2;2.3;2.2;2.3;1.7;1.7;2.6;2.7;;;2.6;2.6;3.6;3.6
1026;Totaal mannen en vrouwen;0;0;2;Twee jaar na afstuderen;9;Cohort 2000/'01;2.4;2.6;2.2;2.4;2.2;2.4;;;2.7;2.8;;;2.6;2.7;4.2;4.4
1027;Totaal mannen en vrouwen;0;0;2;Twee jaar na afstuderen;9;Cohort 2001/'02;2.5;2.7;2.3;2.4;2.3;2.4;;;2.7;2.9;2.8;2.8;2.7;2.8;3.9;3.9
1028;Totaal mannen en vrouwen;0;0;2;Twee jaar na afstuderen;9;Cohort 2002/'03;2.6;2.7;2.3;2.4;2.3;2.4;;;2.9;2.9;2.8;2.3;2.9;2.8;3.9;3.9
1029;Totaal mannen en vrouwen;0;0;2;Twee jaar na afstuderen;9;Cohort 2003/'04;2.8;2.8;2.5;2.5;2.5;2.5;2.3;2.3;3.0;3.1;2.9;3.1;3.0;3.0;4.5;4.7
1030;Totaal mannen en vrouwen;0;0;2;Twee jaar na afstuderen;M Onderwijs;Cohort 1999/'00;2.0;2.2;2.1;2.3;2.1;2.3;1.8;2.2;2.0;2.2;;;2.0;2.1;2.3;2.4
1031;Totaal mannen en vrouwen;0;0;2;Twee jaar na afstuderen;M Onderwijs;Cohort 2000/'01;2.1;2.3;2.1;2.3;2.1;2.3;1.8;2.4;2.0;2.1;;;2.0;2.1;2.1;2.1
1032;Totaal mannen en vrouwen;0;0;2;Twee jaar na afstuderen;M Onderwijs;Cohort 2001/'02;2.2;2.4;2.2;2.4;2.2;2.4;2.0;2.3;2.1;2.3;;;2.1;2.3;2.5;2.5
1033;Totaal mannen en vrouwen;0;0;2;Twee jaar na afstuderen;M Onderwijs;Cohort 2002/'03;2.2;2.4;2.2;2.5;2.2;2.5;1.7;2.5;2.2;2.3;1.9;1.9;2.2;2.3;2.3;2.4
1034;Totaal mannen en vrouwen;0;0;2;Twee jaar na afstuderen;M Onderwijs;Cohort 2003/'04;2.3;2.5;2.2;2.5;2.2;2.5;1.8;2.5;2.3;2.4;2.3;2.4;2.3;2.4;2.4;2.6
1035;Totaal mannen en vrouwen;0;0;2;Twee jaar na afstuderen;N Gezondheids- en welzijnszorg;Cohort 1999/'00;2.3;2.6;2.0;2.3;2.0;2.3;;;2.7;3.0;;;2.2;2.5;3.1;3.2
1036;Totaal mannen en vrouwen;0;0;2;Twee jaar na afstuderen;N Gezondheids- en welzijnszorg;Cohort 2000/'01;2.3;2.7;2.0;2.4;2.0;2.4;;;2.7;3.1;;;2.2;2.5;3.1;3.3
1037;Totaal mannen en vrouwen;0;0;2;Twee jaar na afstuderen;N Gezondheids- en welzijnszorg;Cohort 2001/'02;2.3;2.7;2.0;2.3;2.0;2.3;;;2.9;3.1;;;2.3;2.6;3.4;3.3
1038;Totaal mannen en vrouwen;0;0;2;Twee jaar na afstuderen;N Gezondheids- en welzijnszorg;Cohort 2002/'03;2.3;2.7;2.0;2.3;2.0;2.3;1.8;1.9;2.7;3.0;3.4;4.6;2.2;2.5;3.2;3.2
1039;Totaal mannen en vrouwen;0;0;2;Twee jaar na afstuderen;N Gezondheids- en welzijnszorg;Cohort 2003/'04;2.4;2.9;2.0;2.4;2.1;2.4;1.6;;2.9;3.2;2.5;3.4;2.3;2.7;3.3;3.4
1040;Totaal mannen en vrouwen;0;0;2;Twee jaar na afstuderen;9000e Milieu, cultuur, recreatie en ..;Cohort 1999/'00;2.1;2.5;2.0;2.4;2.1;2.4;1.5;2.4;2.2;2.5;;;2.2;2.6;2.3;2.4
1041;Totaal mannen en vrouwen;0;0;2;Twee jaar na afstuderen;9000e Milieu, cultuur, recreatie en ..;Cohort 2000/'01;2.1;2.4;2.0;2.2;2.0;2.2;2.4;2.4;2.3;2.5;;;2.2;2.5;2.5;2.6
1042;Totaal mannen en vrouwen;0;0;2;Twee jaar na afstuderen;9000e Milieu, cultuur, recreatie en ..;Cohort 2001/'02;2.1;2.3;2.0;2.3;2.0;2.3;0.7;1.4;2.2;2.4;;;2.1;2.3;2.5;2.5
1043;Totaal mannen en vrouwen;0;0;2;Twee jaar na afstuderen;9000e Milieu, cultuur, recreatie en ..;Cohort 2002/'03;2.2;2.5;1.8;2.3;1.8;2.3;2.5;3.1;2.5;2.7;0.9;0.9;2.5;2.8;2.6;2.7
1044;Totaal mannen en vrouwen;0;0;2;Twee jaar na afstuderen;9000e Milieu, cultuur, recreatie en ..;Cohort 2003/'04;2.3;2.8;2.2;2.8;2.2;2.8;2.2;3.3;2.5;2.8;1.4;2.7;2.4;2.6;2.9;3.0
1045;Totaal mannen en vrouwen;0;0;2;Twee jaar na afstuderen;Onbekend;Cohort 1999/'00;2.9;3.3;2.1;3.0;2.1;3.0;;;3.4;3.4;;;2.9;2.9;5.0;5.0
1046;Totaal mannen en vrouwen;0;0;2;Twee jaar na afstuderen;Onbekend;Cohort 2000/'01;2.7;2.7;2.7;2.7;2.7;2.7;;;;;;;;;;
1047;Totaal mannen en vrouwen;0;0;2;Twee jaar na afstuderen;Onbekend;Cohort 2001/'02;3.0;3.6;3.0;2.6;3.4;;2.6;2.6;3.0;4.1;;;3.0;4.1;;
1048;Totaal mannen en vrouwen;0;0;2;Twee jaar na afstuderen;Onbekend;Cohort 2002/'03;2.9;3.0;3.0;3.2;3.0;3.2;;;2.5;2.5;;;2.5;2.5;;
1049;Totaal mannen en vrouwen;0;0;2;Twee jaar na afstuderen;Onbekend;Cohort 2003/'04;2.1;2.5;1.5;2.2;1.5;2.2;;;2.7;3.2;;;3.1;3.2;2.0;
1050;Totaal mannen en vrouwen;0;0;2;Drie jaar na afstuderen;0;Cohort 1999/'00;2.5;2.7;2.3;2.5;2.3;2.5;1.8;2.2;2.8;3.1;;;2.8;3.0;3.2;3.4
1051;Totaal mannen en vrouwen;0;0;2;Drie jaar na afstuderen;0;Cohort 2000/'01;2.5;2.7;2.3;2.5;2.3;2.5;2.1;2.6;2.8;3.1;1.4;;2.8;3.0;3.2;3.3
1052;Totaal mannen en vrouwen;0;0;2;Drie jaar na afstuderen;0;Cohort 2001/'02;2.5;2.7;2.3;2.5;2.3;2.5;1.9;2.5;2.8;3.0;3.0;3.4;2.8;3.0;3.3;3.3
1053;Totaal mannen en vrouwen;0;0;2;Drie jaar na afstuderen;0;Cohort 2002/'03;2.7;2.9;2.4;2.7;2.4;2.7;2.0;2.9;3.0;3.2;3.1;3.5;2.9;3.2;3.4;3.5
1054;Totaal mannen en vrouwen;0;0;2;Drie jaar na afstuderen;0;Cohort 2003/'04;2.8;3.1;2.6;2.9;2.6;2.9;1.9;2.8;3.2;3.4;2.8;3.3;3.1;3.4;3.4;3.5
1055;Totaal mannen en vrouwen;0;0;2;Drie jaar na afstuderen;1;Cohort 1999/'00;2.2;3.1;2.2;3.1;2.2;3.1;;;;;;;;;;
1056;Totaal mannen en vrouwen;0;0;2;Drie jaar na afstuderen;1;Cohort 2000/'01;2.1;2.8;2.2;2.6;2.2;2.6;;;1.8;3.2;;;1.8;3.2;;
1057;Totaal mannen en vrouwen;0;0;2;Drie jaar na afstuderen;1;Cohort 2001/'02;2.5;2.5;2.4;2.4;2.4;2.4;;;2.8;2.8;;;2.8;2.8;;
1058;Totaal mannen en vrouwen;0;0;2;Drie jaar na afstuderen;1;Cohort 2002/'03;2.8;3.0;2.8;3.0;2.8;3.0;;;;;;;;;;
1059;Totaal mannen en vrouwen;0;0;2;Drie jaar na afstuderen;1;Cohort 2003/'04;2.5;2.5;2.5;2.5;2.5;2.5;;;2.6;;;;2.6;;;
1060;Totaal mannen en vrouwen;0;0;2;Drie jaar na afstuderen;2;Cohort 1999/'00;2.8;2.9;2.6;2.7;2.6;2.7;;;3.1;3.3;;;3.1;3.2;5.0;5.0
1061;Totaal mannen en vrouwen;0;0;2;Drie jaar na afstuderen;2;Cohort 2000/'01;2.7;2.8;2.5;2.6;2.5;2.6;;;3.3;3.4;;;3.3;3.4;3.6;3.6
1062;Totaal mannen en vrouwen;0;0;2;Drie jaar na afstuderen;2;Cohort 2001/'02;2.8;2.8;2.6;2.6;2.6;2.6;2.2;2.0;3.1;3.2;;;3.1;3.2;3.9;3.9
1063;Totaal mannen en vrouwen;0;0;2;Drie jaar na afstuderen;2;Cohort 2002/'03;2.8;2.9;2.6;2.7;2.6;2.7;;;3.2;3.4;5.6;5.6;3.2;3.3;1.9;3.5
1064;Totaal mannen en vrouwen;0;0;2;Drie jaar na afstuderen;2;Cohort 2003/'04;3.1;3.1;2.9;2.9;2.9;2.9;;;3.5;3.6;3.3;3.3;3.5;3.7;;
1065;Totaal mannen en vrouwen;0;0;2;Drie jaar na afstuderen;3;Cohort 1999/'00;2.6;2.7;2.5;2.5;2.5;2.5;1.6;1.9;3.1;3.4;;;2.9;3.2;3.6;3.8
1066;Totaal mannen en vrouwen;0;0;2;Drie jaar na afstuderen;3;Cohort 2000/'01;2.5;2.7;2.3;2.5;2.3;2.5;2.3;2.3;2.9;3.1;;;2.8;3.0;3.3;3.5
1067;Totaal mannen en vrouwen;0;0;2;Drie jaar na afstuderen;3;Cohort 2001/'02;2.5;2.7;2.3;2.5;2.3;2.5;1.2;1.5;3.0;3.1;;;2.8;2.9;3.6;3.8
1068;Totaal mannen en vrouwen;0;0;2;Drie jaar na afstuderen;3;Cohort 2002/'03;2.7;3.0;2.5;2.8;2.5;2.8;2.2;;3.3;3.5;2.1;1.9;3.0;3.2;4.3;4.3
1069;Totaal mannen en vrouwen;0;0;2;Drie jaar na afstuderen;3;Cohort 2003/'04;2.9;3.1;2.7;2.9;2.7;2.9;;;3.3;3.5;2.5;3.1;3.2;3.4;3.7;3.8
1070;Totaal mannen en vrouwen;0;0;2;Drie jaar na afstuderen;4;Cohort 1999/'00;1.8;2.2;1.9;2.2;1.9;2.2;1.9;1.9;1.2;;;;1.2;;;
1071;Totaal mannen en vrouwen;0;0;2;Drie jaar na afstuderen;4;Cohort 2000/'01;1.8;2.1;1.8;2.1;1.8;2.1;;;1.6;1.4;;;1.6;1.4;;
1072;Totaal mannen en vrouwen;0;0;2;Drie jaar na afstuderen;4;Cohort 2001/'02;1.7;2.3;1.7;2.3;1.7;2.3;;;1.5;1.9;;;1.5;1.9;;
1073;Totaal mannen en vrouwen;0;0;2;Drie jaar na afstuderen;4;Cohort 2002/'03;1.9;2.6;1.8;2.5;1.9;2.5;0.3;;2.1;2.8;;;2.1;2.8;;
1074;Totaal mannen en vrouwen;0;0;2;Drie jaar na afstuderen;4;Cohort 2003/'04;2.0;2.3;2.0;2.3;2.0;2.3;;;2.2;2.5;;;2.2;2.5;;
1075;Totaal mannen en vrouwen;0;0;2;Drie jaar na afstuderen;5;Cohort 1999/'00;2.6;2.8;2.4;2.5;2.4;2.5;;;3.1;3.3;;;3.1;3.3;;
1076;Totaal mannen en vrouwen;0;0;2;Drie jaar na afstuderen;5;Cohort 2000/'01;2.6;2.8;2.5;2.6;2.5;2.6;1.0;1.0;3.0;3.1;;;3.0;3.1;;
1077;Totaal mannen en vrouwen;0;0;2;Drie jaar na afstuderen;5;Cohort 2001/'02;2.4;2.6;2.2;2.4;2.2;2.4;;;2.9;3.1;;;2.9;3.1;;
1078;Totaal mannen en vrouwen;0;0;2;Drie jaar na afstuderen;5;Cohort 2002/'03;2.8;2.9;2.6;2.8;2.6;2.8;;;3.3;3.5;6.4;6.4;3.2;3.3;6.2;6.2
1079;Totaal mannen en vrouwen;0;0;2;Drie jaar na afstuderen;5;Cohort 2003/'04;2.7;2.9;2.6;2.8;2.6;2.8;2.3;2.3;3.1;3.4;3.1;3.1;3.1;3.4;;
1080;Totaal mannen en vrouwen;0;0;2;Drie jaar na afstuderen;6;Cohort 1999/'00;3.1;3.2;2.7;2.8;2.7;2.8;;;3.5;3.6;;;3.5;3.6;3.5;3.5
1081;Totaal mannen en vrouwen;0;0;2;Drie jaar na afstuderen;6;Cohort 2000/'01;3.0;3.1;2.7;2.8;2.7;2.8;;;3.3;3.5;2.2;;3.3;3.5;4.8;4.8
1082;Totaal mannen en vrouwen;0;0;2;Drie jaar na afstuderen;6;Cohort 2001/'02;3.1;3.2;2.7;2.7;2.7;2.7;;;3.6;3.7;4.6;4.6;3.6;3.7;4.1;4.1
1083;Totaal mannen en vrouwen;0;0;2;Drie jaar na afstuderen;6;Cohort 2002/'03;3.3;3.4;2.9;2.9;2.9;2.9;;;3.9;4.0;;;3.9;4.0;;
1084;Totaal mannen en vrouwen;0;0;2;Drie jaar na afstuderen;6;Cohort 2003/'04;3.6;3.6;3.2;3.3;3.2;3.3;;;4.3;4.2;1.7;1.7;4.3;4.2;;
1085;Totaal mannen en vrouwen;0;0;2;Drie jaar na afstuderen;7;Cohort 1999/'00;2.6;2.7;2.4;2.5;2.4;2.5;;;2.9;3.0;;;2.9;3.0;3.0;2.9
1086;Totaal mannen en vrouwen;0;0;2;Drie jaar na afstuderen;7;Cohort 2000/'01;2.7;2.8;2.5;2.5;2.5;2.5;;;2.9;3.1;0.6;;2.9;3.0;3.3;3.4
1087;Totaal mannen en vrouwen;0;0;2;Drie jaar na afstuderen;7;Cohort 2001/'02;2.7;2.8;2.4;2.5;2.4;2.5;2.7;2.8;3.0;3.0;2.8;2.8;3.0;3.0;2.9;3.0
1088;Totaal mannen en vrouwen;0;0;2;Drie jaar na afstuderen;7;Cohort 2002/'03;2.9;3.0;2.6;2.7;2.6;2.7;1.3;;3.1;3.2;3.5;3.5;3.1;3.2;2.9;2.8
1089;Totaal mannen en vrouwen;0;0;2;Drie jaar na afstuderen;7;Cohort 2003/'04;3.1;3.2;2.9;3.0;2.9;3.0;1.8;;3.4;3.5;3.3;3.5;3.4;3.5;3.3;3.4
1090;Totaal mannen en vrouwen;0;0;2;Drie jaar na afstuderen;8;Cohort 1999/'00;2.1;2.4;2.1;2.3;2.1;2.3;1.2;;2.2;2.7;;;2.2;2.6;2.8;5.4
1091;Totaal mannen en vrouwen;0;0;2;Drie jaar na afstuderen;8;Cohort 2000/'01;2.0;2.4;2.0;2.4;2.0;2.4;1.4;;2.2;2.6;;;2.2;2.6;2.3;3.4
1092;Totaal mannen en vrouwen;0;0;2;Drie jaar na afstuderen;8;Cohort 2001/'02;2.1;2.5;2.1;2.4;2.1;2.4;;;2.3;2.9;;;2.3;2.8;3.9;3.8
1093;Totaal mannen en vrouwen;0;0;2;Drie jaar na afstuderen;8;Cohort 2002/'03;2.3;2.9;2.2;2.8;2.2;2.8;0.8;;2.4;3.4;;;2.3;3.4;3.4;4.0
1094;Totaal mannen en vrouwen;0;0;2;Drie jaar na afstuderen;8;Cohort 2003/'04;2.5;3.0;2.5;3.0;2.5;3.0;1.0;;2.5;3.1;2.1;2.9;2.6;3.1;3.0;3.4
1095;Totaal mannen en vrouwen;0;0;2;Drie jaar na afstuderen;9;Cohort 1999/'00;2.6;2.8;2.4;2.5;2.4;2.5;1.4;1.4;2.8;3.0;;;2.8;2.9;3.8;4.2
1096;Totaal mannen en vrouwen;0;0;2;Drie jaar na afstuderen;9;Cohort 2000/'01;2.7;2.8;2.3;2.5;2.3;2.5;1.0;;3.0;3.1;;;2.9;3.0;4.4;4.4
1097;Totaal mannen en vrouwen;0;0;2;Drie jaar na afstuderen;9;Cohort 2001/'02;2.7;2.8;2.4;2.5;2.4;2.5;;;2.8;3.0;2.7;2.7;2.8;2.9;4.2;4.4
1098;Totaal mannen en vrouwen;0;0;2;Drie jaar na afstuderen;9;Cohort 2002/'03;2.8;2.9;2.6;2.7;2.6;2.7;;;3.0;3.1;3.3;2.9;2.9;3.0;4.4;4.4
1099;Totaal mannen en vrouwen;0;0;2;Drie jaar na afstuderen;9;Cohort 2003/'04;2.9;3.0;2.6;2.7;2.6;2.7;0.7;;3.2;3.3;2.8;3.0;3.1;3.2;4.0;4.4
1100;Totaal mannen en vrouwen;0;0;2;Drie jaar na afstuderen;M Onderwijs;Cohort 1999/'00;2.1;2.4;2.1;2.4;2.1;2.4;2.0;2.5;2.2;2.4;;;2.1;2.4;2.4;2.3
1101;Totaal mannen en vrouwen;0;0;2;Drie jaar na afstuderen;M Onderwijs;Cohort 2000/'01;2.2;2.5;2.3;2.5;2.3;2.5;2.0;2.5;2.2;2.4;;;2.2;2.4;2.3;2.3
1102;Totaal mannen en vrouwen;0;0;2;Drie jaar na afstuderen;M Onderwijs;Cohort 2001/'02;2.3;2.5;2.3;2.5;2.3;2.5;2.2;2.5;2.3;2.5;;;2.3;2.5;2.4;2.4
1103;Totaal mannen en vrouwen;0;0;2;Drie jaar na afstuderen;M Onderwijs;Cohort 2002/'03;2.4;2.6;2.3;2.6;2.3;2.6;2.4;2.6;2.4;2.6;1.7;2.1;2.4;2.6;2.6;2.6
1104;Totaal mannen en vrouwen;0;0;2;Drie jaar na afstuderen;M Onderwijs;Cohort 2003/'04;2.5;2.7;2.4;2.7;2.4;2.7;2.0;2.6;2.5;2.7;3.0;4.0;2.5;2.7;2.5;2.7
1105;Totaal mannen en vrouwen;0;0;2;Drie jaar na afstuderen;N Gezondheids- en welzijnszorg;Cohort 1999/'00;2.4;2.9;2.1;2.4;2.1;2.4;;;2.9;3.3;;;2.4;2.8;3.3;3.6
1106;Totaal mannen en vrouwen;0;0;2;Drie jaar na afstuderen;N Gezondheids- en welzijnszorg;Cohort 2000/'01;2.4;2.9;2.1;2.5;2.1;2.5;;;2.9;3.2;;;2.3;2.6;3.3;3.5
1107;Totaal mannen en vrouwen;0;0;2;Drie jaar na afstuderen;N Gezondheids- en welzijnszorg;Cohort 2001/'02;2.4;2.8;2.1;2.5;2.1;2.5;1.7;;2.9;3.2;;;2.3;2.7;3.3;3.4
1108;Totaal mannen en vrouwen;0;0;2;Drie jaar na afstuderen;N Gezondheids- en welzijnszorg;Cohort 2002/'03;2.5;2.9;2.2;2.5;2.2;2.5;2.6;2.6;3.0;3.3;5.0;;2.4;2.8;3.4;3.5
1109;Totaal mannen en vrouwen;0;0;2;Drie jaar na afstuderen;N Gezondheids- en welzijnszorg;Cohort 2003/'04;2.6;3.0;2.2;2.6;2.2;2.6;1.5;;3.1;3.4;2.7;5.5;2.6;2.9;3.5;3.6
1110;Totaal mannen en vrouwen;0;0;2;Drie jaar na afstuderen;9000e Milieu, cultuur, recreatie en ..;Cohort 1999/'00;2.3;2.6;2.0;2.5;2.1;2.5;1.7;2.8;2.5;2.6;;;2.4;2.7;2.5;2.5
1111;Totaal mannen en vrouwen;0;0;2;Drie jaar na afstuderen;9000e Milieu, cultuur, recreatie en ..;Cohort 2000/'01;2.3;2.5;2.2;2.4;2.1;2.4;2.6;3.0;2.5;2.7;;;2.4;2.7;2.6;2.6
1112;Totaal mannen en vrouwen;0;0;2;Drie jaar na afstuderen;9000e Milieu, cultuur, recreatie en ..;Cohort 2001/'02;2.2;2.5;2.1;2.4;2.1;2.4;1.0;2.2;2.4;2.6;2.0;;2.3;2.6;2.6;2.6
1113;Totaal mannen en vrouwen;0;0;2;Drie jaar na afstuderen;9000e Milieu, cultuur, recreatie en ..;Cohort 2002/'03;2.5;2.9;2.3;2.7;2.3;2.7;2.0;3.7;2.7;3.0;1.5;2.3;2.7;3.2;2.8;2.8
1114;Totaal mannen en vrouwen;0;0;2;Drie jaar na afstuderen;9000e Milieu, cultuur, recreatie en ..;Cohort 2003/'04;2.5;2.7;2.2;2.6;2.2;2.5;2.1;3.1;2.7;2.9;1.7;;2.6;2.9;2.9;2.9
1115;Totaal mannen en vrouwen;0;0;2;Drie jaar na afstuderen;Onbekend;Cohort 1999/'00;2.6;3.2;2.4;3.4;2.4;3.4;;;2.7;3.1;;;2.3;2.7;3.6;3.6
1116;Totaal mannen en vrouwen;0;0;2;Drie jaar na afstuderen;Onbekend;Cohort 2000/'01;3.1;3.6;2.1;3.9;2.1;3.9;;;4.0;3.2;;;4.0;3.2;;
1117;Totaal mannen en vrouwen;0;0;2;Drie jaar na afstuderen;Onbekend;Cohort 2001/'02;4.1;4.6;2.7;3.5;2.6;3.7;3.0;3.0;5.5;5.5;;;4.9;4.9;7.3;7.3
1118;Totaal mannen en vrouwen;0;0;2;Drie jaar na afstuderen;Onbekend;Cohort 2002/'03;1.6;1.6;1.6;1.6;1.6;1.6;;;;;;;;;;
1119;Totaal mannen en vrouwen;0;0;2;Drie jaar na afstuderen;Onbekend;Cohort 2003/'04;;;;;;;;;;;;;;;;
1120;Totaal mannen en vrouwen;0;0;2;Vier jaar na afstuderen;0;Cohort 1999/'00;2.7;2.9;2.4;2.7;2.4;2.7;1.9;2.5;3.1;3.3;;;3.0;3.3;3.3;3.5
1121;Totaal mannen en vrouwen;0;0;2;Vier jaar na afstuderen;0;Cohort 2000/'01;2.7;2.9;2.5;2.7;2.5;2.7;2.4;2.9;3.1;3.3;1.6;1.6;3.0;3.3;3.4;3.5
1122;Totaal mannen en vrouwen;0;0;2;Vier jaar na afstuderen;0;Cohort 2001/'02;2.8;3.1;2.5;2.8;2.5;2.8;2.2;2.8;3.2;3.5;3.3;3.3;3.2;3.5;3.5;3.7
1123;Totaal mannen en vrouwen;0;0;2;Vier jaar na afstuderen;0;Cohort 2002/'03;3.0;3.3;2.7;3.0;2.7;3.0;2.2;2.9;3.4;3.7;3.3;3.7;3.3;3.6;3.8;4.0
1124;Totaal mannen en vrouwen;0;0;2;Vier jaar na afstuderen;0;Cohort 2003/'04;3.1;3.4;2.9;3.2;2.9;3.2;2.0;2.8;3.5;3.8;3.2;3.8;3.5;3.8;3.7;3.8
1125;Totaal mannen en vrouwen;0;0;2;Vier jaar na afstuderen;1;Cohort 1999/'00;1.5;3.1;1.5;3.1;1.5;3.1;;;;;;;;;;
1126;Totaal mannen en vrouwen;0;0;2;Vier jaar na afstuderen;1;Cohort 2000/'01;2.2;3.2;2.4;3.1;2.4;3.1;;;2.0;3.3;;;2.0;3.3;;
1127;Totaal mannen en vrouwen;0;0;2;Vier jaar na afstuderen;1;Cohort 2001/'02;2.5;2.7;2.4;2.7;2.4;2.7;;;2.6;2.6;;;2.6;2.6;;
1128;Totaal mannen en vrouwen;0;0;2;Vier jaar na afstuderen;1;Cohort 2002/'03;2.7;2.7;2.7;2.7;2.7;2.7;;;;;;;;;;
1129;Totaal mannen en vrouwen;0;0;2;Vier jaar na afstuderen;1;Cohort 2003/'04;3.2;3.3;2.9;2.9;2.9;2.9;;;3.3;3.6;;;3.3;3.6;;
1130;Totaal mannen en vrouwen;0;0;2;Vier jaar na afstuderen;2;Cohort 1999/'00;3.0;3.1;2.7;2.8;2.7;2.8;;;3.4;3.6;;;3.4;3.6;3.3;3.3
1131;Totaal mannen en vrouwen;0;0;2;Vier jaar na afstuderen;2;Cohort 2000/'01;3.0;3.0;2.7;2.7;2.7;2.7;;;3.6;3.6;;;3.5;3.6;4.0;4.0
1132;Totaal mannen en vrouwen;0;0;2;Vier jaar na afstuderen;2;Cohort 2001/'02;3.2;3.3;2.9;3.0;2.9;3.0;2.5;2.8;3.7;3.8;;;3.7;3.8;4.2;4.2
1133;Totaal mannen en vrouwen;0;0;2;Vier jaar na afstuderen;2;Cohort 2002/'03;3.1;3.2;2.9;3.0;2.9;3.0;;;3.6;3.8;;;3.6;3.8;3.9;3.9
1134;Totaal mannen en vrouwen;0;0;2;Vier jaar na afstuderen;2;Cohort 2003/'04;3.5;3.5;3.3;3.3;3.3;3.3;3.3;3.3;3.9;4.0;3.7;3.9;3.9;4.0;4.1;4.1
1135;Totaal mannen en vrouwen;0;0;2;Vier jaar na afstuderen;3;Cohort 1999/'00;2.8;3.0;2.6;2.7;2.6;2.7;1.2;;3.4;3.6;;;3.3;3.4;3.9;4.4
1136;Totaal mannen en vrouwen;0;0;2;Vier jaar na afstuderen;3;Cohort 2000/'01;2.8;3.0;2.6;2.7;2.6;2.7;2.6;2.2;3.3;3.5;;;3.2;3.4;3.7;3.8
1137;Totaal mannen en vrouwen;0;0;2;Vier jaar na afstuderen;3;Cohort 2001/'02;2.9;3.1;2.6;2.8;2.6;2.8;2.0;2.5;3.7;3.8;;;3.5;3.7;4.1;4.3
1138;Totaal mannen en vrouwen;0;0;2;Vier jaar na afstuderen;3;Cohort 2002/'03;3.1;3.3;2.8;3.1;2.8;3.1;;;3.8;4.0;3.5;3.5;3.5;3.6;4.8;5.0
1139;Totaal mannen en vrouwen;0;0;2;Vier jaar na afstuderen;3;Cohort 2003/'04;3.2;3.5;3.0;3.2;3.0;3.2;1.0;1.1;3.7;3.9;2.9;3.5;3.6;3.8;4.1;4.3
1140;Totaal mannen en vrouwen;0;0;2;Vier jaar na afstuderen;4;Cohort 1999/'00;2.0;2.4;1.9;2.3;1.9;2.3;;;3.1;3.6;;;3.1;3.6;;
1141;Totaal mannen en vrouwen;0;0;2;Vier jaar na afstuderen;4;Cohort 2000/'01;1.7;2.2;1.8;2.2;1.8;2.2;;;1.7;2.1;;;1.7;2.1;;
1142;Totaal mannen en vrouwen;0;0;2;Vier jaar na afstuderen;4;Cohort 2001/'02;1.8;2.3;1.8;2.3;1.8;2.3;;;1.9;2.3;;;1.9;2.3;;
1143;Totaal mannen en vrouwen;0;0;2;Vier jaar na afstuderen;4;Cohort 2002/'03;2.1;2.6;2.0;2.6;2.0;2.6;0.5;;2.3;2.6;;;2.3;2.6;;
1144;Totaal mannen en vrouwen;0;0;2;Vier jaar na afstuderen;4;Cohort 2003/'04;2.2;2.5;2.1;2.5;2.1;2.5;;;2.6;2.9;;;2.6;2.9;;
1145;Totaal mannen en vrouwen;0;0;2;Vier jaar na afstuderen;5;Cohort 1999/'00;2.8;2.9;2.5;2.7;2.5;2.7;;;3.4;3.5;;;3.4;3.5;2.7;
1146;Totaal mannen en vrouwen;0;0;2;Vier jaar na afstuderen;5;Cohort 2000/'01;2.8;3.0;2.6;2.8;2.6;2.8;;;3.3;3.5;;;3.2;3.5;4.1;4.1
1147;Totaal mannen en vrouwen;0;0;2;Vier jaar na afstuderen;5;Cohort 2001/'02;2.8;3.0;2.5;2.7;2.5;2.7;;;3.5;3.9;;;3.5;3.9;;
1148;Totaal mannen en vrouwen;0;0;2;Vier jaar na afstuderen;5;Cohort 2002/'03;3.0;3.1;2.7;2.9;2.7;2.9;;;3.7;3.8;6.5;6.5;3.6;3.7;7.5;7.5
1149;Totaal mannen en vrouwen;0;0;2;Vier jaar na afstuderen;5;Cohort 2003/'04;3.1;3.3;2.9;3.1;2.9;3.1;2.3;2.3;3.6;3.9;3.4;3.4;3.7;4.0;;
1150;Totaal mannen en vrouwen;0;0;2;Vier jaar na afstuderen;6;Cohort 1999/'00;3.4;3.5;3.0;3.1;3.0;3.1;;;3.8;3.9;;;3.8;3.9;4.5;4.5
1151;Totaal mannen en vrouwen;0;0;2;Vier jaar na afstuderen;6;Cohort 2000/'01;3.4;3.5;3.0;3.1;3.0;3.1;;;3.8;4.0;;;3.8;4.0;;
1152;Totaal mannen en vrouwen;0;0;2;Vier jaar na afstuderen;6;Cohort 2001/'02;3.6;3.7;3.1;3.2;3.1;3.2;;;4.3;4.4;5.4;5.4;4.3;4.3;3.7;
1153;Totaal mannen en vrouwen;0;0;2;Vier jaar na afstuderen;6;Cohort 2002/'03;3.7;3.8;3.3;3.4;3.3;3.4;;;4.2;4.4;3.3;3.3;4.2;4.4;4.1;
1154;Totaal mannen en vrouwen;0;0;2;Vier jaar na afstuderen;6;Cohort 2003/'04;3.9;4.0;3.4;3.5;3.4;3.5;;;4.6;4.7;5.6;6.7;4.6;4.7;2.5;
1155;Totaal mannen en vrouwen;0;0;2;Vier jaar na afstuderen;7;Cohort 1999/'00;2.9;3.0;2.6;2.7;2.6;2.7;;;3.2;3.3;;;3.2;3.3;3.0;3.0
1156;Totaal mannen en vrouwen;0;0;2;Vier jaar na afstuderen;7;Cohort 2000/'01;2.9;3.0;2.7;2.8;2.7;2.8;;;3.2;3.4;;;3.2;3.4;3.2;3.3
1157;Totaal mannen en vrouwen;0;0;2;Vier jaar na afstuderen;7;Cohort 2001/'02;3.1;3.3;2.8;2.9;2.8;2.9;2.5;3.9;3.5;3.7;;;3.5;3.7;3.4;3.9
1158;Totaal mannen en vrouwen;0;0;2;Vier jaar na afstuderen;7;Cohort 2002/'03;3.3;3.4;3.0;3.1;3.0;3.1;1.6;;3.6;3.8;2.5;2.5;3.6;3.8;3.2;3.2
1159;Totaal mannen en vrouwen;0;0;2;Vier jaar na afstuderen;7;Cohort 2003/'04;3.5;3.6;3.2;3.4;3.2;3.4;2.7;2.5;3.8;4.0;3.6;3.9;3.8;4.0;3.0;3.2
1160;Totaal mannen en vrouwen;0;0;2;Vier jaar na afstuderen;8;Cohort 1999/'00;2.2;2.6;2.2;2.5;2.2;2.5;1.4;;2.4;2.9;;;2.3;2.8;4.2;5.4
1161;Totaal mannen en vrouwen;0;0;2;Vier jaar na afstuderen;8;Cohort 2000/'01;2.3;2.6;2.3;2.6;2.3;2.6;;;2.2;2.7;;;2.2;2.7;1.5;
1162;Totaal mannen en vrouwen;0;0;2;Vier jaar na afstuderen;8;Cohort 2001/'02;2.4;3.0;2.3;2.9;2.3;2.9;1.1;;2.6;3.3;3.1;3.1;2.5;3.3;4.2;4.5
1163;Totaal mannen en vrouwen;0;0;2;Vier jaar na afstuderen;8;Cohort 2002/'03;2.7;3.2;2.6;3.0;2.6;3.0;0.6;;2.9;3.8;;;3.0;3.8;2.2;
1164;Totaal mannen en vrouwen;0;0;2;Vier jaar na afstuderen;8;Cohort 2003/'04;2.8;3.3;2.8;3.3;2.8;3.3;1.4;;2.9;3.3;2.4;2.9;2.9;3.4;2.8;
1165;Totaal mannen en vrouwen;0;0;2;Vier jaar na afstuderen;9;Cohort 1999/'00;2.8;3.0;2.6;2.7;2.6;2.7;;;3.1;3.2;;;3.0;3.2;4.2;4.1
1166;Totaal mannen en vrouwen;0;0;2;Vier jaar na afstuderen;9;Cohort 2000/'01;2.8;2.9;2.5;2.6;2.5;2.6;1.7;2.3;3.2;3.2;;;3.1;3.2;4.3;4.5
1167;Totaal mannen en vrouwen;0;0;2;Vier jaar na afstuderen;9;Cohort 2001/'02;2.9;3.1;2.6;2.8;2.6;2.8;2.5;2.5;3.2;3.3;2.9;2.9;3.1;3.2;4.6;4.6
1168;Totaal mannen en vrouwen;0;0;2;Vier jaar na afstuderen;9;Cohort 2002/'03;3.0;3.2;2.7;2.9;2.7;2.9;;;3.3;3.4;3.4;3.2;3.2;3.4;4.5;4.5
1169;Totaal mannen en vrouwen;0;0;2;Vier jaar na afstuderen;9;Cohort 2003/'04;3.1;3.3;2.9;3.0;2.9;3.0;2.7;4.7;3.4;3.5;3.0;3.3;3.4;3.5;4.2;4.7
1170;Totaal mannen en vrouwen;0;0;2;Vier jaar na afstuderen;M Onderwijs;Cohort 1999/'00;2.3;2.6;2.3;2.5;2.3;2.6;2.1;2.4;2.3;2.6;;;2.3;2.6;2.7;3.1
1171;Totaal mannen en vrouwen;0;0;2;Vier jaar na afstuderen;M Onderwijs;Cohort 2000/'01;2.3;2.6;2.3;2.6;2.3;2.6;2.1;2.6;2.3;2.4;1.6;1.6;2.3;2.5;2.3;2.5
1172;Totaal mannen en vrouwen;0;0;2;Vier jaar na afstuderen;M Onderwijs;Cohort 2001/'02;2.4;2.7;2.3;2.6;2.3;2.6;2.3;2.5;2.5;2.8;;;2.5;2.8;1.5;2.7
1173;Totaal mannen en vrouwen;0;0;2;Vier jaar na afstuderen;M Onderwijs;Cohort 2002/'03;2.5;2.8;2.4;2.8;2.4;2.8;2.2;2.7;2.6;2.8;1.5;;2.6;2.8;1.8;2.7
1174;Totaal mannen en vrouwen;0;0;2;Vier jaar na afstuderen;M Onderwijs;Cohort 2003/'04;2.5;2.9;2.5;2.9;2.5;2.9;2.0;2.7;2.6;2.9;2.3;2.8;2.6;2.9;2.8;3.2
1175;Totaal mannen en vrouwen;0;0;2;Vier jaar na afstuderen;N Gezondheids- en welzijnszorg;Cohort 1999/'00;2.4;2.9;2.2;2.5;2.2;2.5;;;3.0;3.3;;;2.4;2.8;3.4;3.6
1176;Totaal mannen en vrouwen;0;0;2;Vier jaar na afstuderen;N Gezondheids- en welzijnszorg;Cohort 2000/'01;2.5;3.0;2.2;2.6;2.2;2.6;;;3.0;3.4;;;2.4;2.8;3.5;3.6
1177;Totaal mannen en vrouwen;0;0;2;Vier jaar na afstuderen;N Gezondheids- en welzijnszorg;Cohort 2001/'02;2.5;3.0;2.2;2.6;2.2;2.6;0.4;;3.1;3.5;;;2.5;3.0;3.5;3.6
1178;Totaal mannen en vrouwen;0;0;2;Vier jaar na afstuderen;N Gezondheids- en welzijnszorg;Cohort 2002/'03;2.8;3.3;2.4;2.8;2.4;2.8;2.8;2.8;3.3;3.7;5.4;5.4;2.6;3.0;3.8;4.0
1179;Totaal mannen en vrouwen;0;0;2;Vier jaar na afstuderen;N Gezondheids- en welzijnszorg;Cohort 2003/'04;2.8;3.3;2.4;2.8;2.4;2.8;1.6;;3.4;3.7;2.8;4.3;2.8;3.2;3.8;3.9
1180;Totaal mannen en vrouwen;0;0;2;Vier jaar na afstuderen;9000e Milieu, cultuur, recreatie en ..;Cohort 1999/'00;2.3;2.6;2.1;2.5;2.1;2.5;1.6;2.9;2.5;2.6;;;2.5;2.7;2.4;2.4
1181;Totaal mannen en vrouwen;0;0;2;Vier jaar na afstuderen;9000e Milieu, cultuur, recreatie en ..;Cohort 2000/'01;2.3;2.6;2.1;2.5;2.1;2.4;2.6;3.0;2.5;2.7;;;2.4;2.8;2.6;2.7
1182;Totaal mannen en vrouwen;0;0;2;Vier jaar na afstuderen;9000e Milieu, cultuur, recreatie en ..;Cohort 2001/'02;2.5;2.9;2.3;2.8;2.3;2.8;1.7;3.4;2.7;2.9;2.2;2.2;2.6;2.9;2.9;2.9
1183;Totaal mannen en vrouwen;0;0;2;Vier jaar na afstuderen;9000e Milieu, cultuur, recreatie en ..;Cohort 2002/'03;2.6;3.1;2.4;3.0;2.4;2.9;2.5;3.6;2.8;3.2;1.2;;2.8;3.3;2.9;3.0
1184;Totaal mannen en vrouwen;0;0;2;Vier jaar na afstuderen;9000e Milieu, cultuur, recreatie en ..;Cohort 2003/'04;2.5;3.0;2.3;2.9;2.4;2.8;2.1;3.3;2.8;3.1;2.8;3.5;2.6;3.1;3.1;3.0
1185;Totaal mannen en vrouwen;0;0;2;Vier jaar na afstuderen;Onbekend;Cohort 1999/'00;3.2;3.2;3.0;3.0;3.0;3.0;;;3.3;3.3;;;3.2;3.2;4.2;4.2
1186;Totaal mannen en vrouwen;0;0;2;Vier jaar na afstuderen;Onbekend;Cohort 2000/'01;2.8;2.8;2.8;2.8;2.8;2.8;;;2.7;2.7;;;2.7;2.7;3.0;3.0
1187;Totaal mannen en vrouwen;0;0;2;Vier jaar na afstuderen;Onbekend;Cohort 2001/'02;3.2;3.7;3.2;3.7;3.2;3.7;;;;;;;;;;
1188;Totaal mannen en vrouwen;0;0;2;Vier jaar na afstuderen;Onbekend;Cohort 2002/'03;;;;;;;;;;;;;;;;
1189;Totaal mannen en vrouwen;0;0;2;Vier jaar na afstuderen;Onbekend;Cohort 2003/'04;3.9;4.2;3.9;4.2;3.9;4.2;;;;;;;;;;
1190;Totaal mannen en vrouwen;0;0;2;Vijf jaar na afstuderen;0;Cohort 1999/'00;2.9;3.2;2.6;2.9;2.6;2.9;2.2;2.5;3.4;3.7;;;3.3;3.7;3.5;3.7
1191;Totaal mannen en vrouwen;0;0;2;Vijf jaar na afstuderen;0;Cohort 2000/'01;3.1;3.4;2.8;3.1;2.8;3.1;2.6;3.3;3.6;3.9;1.8;1.8;3.5;3.9;3.8;4.0
1192;Totaal mannen en vrouwen;0;0;2;Vijf jaar na afstuderen;0;Cohort 2001/'02;3.1;3.4;2.8;3.1;2.8;3.1;2.2;2.7;3.6;3.9;3.3;3.3;3.5;3.9;3.9;4.1
1193;Totaal mannen en vrouwen;0;0;2;Vijf jaar na afstuderen;0;Cohort 2002/'03;3.3;3.7;3.0;3.4;3.0;3.4;2.4;3.2;3.8;4.3;3.3;4.4;3.8;4.3;4.1;4.2
1194;Totaal mannen en vrouwen;0;0;2;Vijf jaar na afstuderen;0;Cohort 2003/'04;;;;;;;;;;;;;;;;
1195;Totaal mannen en vrouwen;0;0;2;Vijf jaar na afstuderen;1;Cohort 1999/'00;1.5;;1.5;;1.5;;;;;;;;;;;
1196;Totaal mannen en vrouwen;0;0;2;Vijf jaar na afstuderen;1;Cohort 2000/'01;3.2;3.5;3.1;3.3;3.1;3.3;;;3.7;3.7;;;3.7;3.7;;
1197;Totaal mannen en vrouwen;0;0;2;Vijf jaar na afstuderen;1;Cohort 2001/'02;2.6;2.5;2.5;2.3;2.5;2.3;;;2.8;2.8;;;2.8;2.8;;
1198;Totaal mannen en vrouwen;0;0;2;Vijf jaar na afstuderen;1;Cohort 2002/'03;3.3;3.3;3.1;3.1;3.1;3.1;;;3.8;3.8;;;3.8;3.8;;
1199;Totaal mannen en vrouwen;0;0;2;Vijf jaar na afstuderen;1;Cohort 2003/'04;;;;;;;;;;;;;;;;
1200;Totaal mannen en vrouwen;0;0;2;Vijf jaar na afstuderen;2;Cohort 1999/'00;3.2;3.3;2.9;3.0;2.9;3.0;;;3.7;3.9;;;3.7;3.9;3.7;3.7
1201;Totaal mannen en vrouwen;0;0;2;Vijf jaar na afstuderen;2;Cohort 2000/'01;3.3;3.4;3.0;3.1;3.0;3.1;;;3.9;4.0;;;3.9;4.0;4.3;4.3
1202;Totaal mannen en vrouwen;0;0;2;Vijf jaar na afstuderen;2;Cohort 2001/'02;3.4;3.5;3.1;3.2;3.1;3.2;2.5;2.5;4.0;4.1;;;3.9;4.1;4.7;4.7
1203;Totaal mannen en vrouwen;0;0;2;Vijf jaar na afstuderen;2;Cohort 2002/'03;3.5;3.7;3.3;3.4;3.3;3.4;;;4.0;4.2;0.8;;4.0;4.2;4.3;4.3
1204;Totaal mannen en vrouwen;0;0;2;Vijf jaar na afstuderen;2;Cohort 2003/'04;;;;;;;;;;;;;;;;
1205;Totaal mannen en vrouwen;0;0;2;Vijf jaar na afstuderen;3;Cohort 1999/'00;3.0;3.2;2.7;2.9;2.7;2.9;1.2;;3.7;4.1;;;3.5;3.9;4.2;4.8
1206;Totaal mannen en vrouwen;0;0;2;Vijf jaar na afstuderen;3;Cohort 2000/'01;3.3;3.5;3.1;3.3;3.1;3.3;2.2;2.9;3.8;4.1;;;3.7;4.0;4.2;4.4
1207;Totaal mannen en vrouwen;0;0;2;Vijf jaar na afstuderen;3;Cohort 2001/'02;3.2;3.5;2.9;3.1;2.9;3.2;2.1;2.1;4.0;4.3;;;3.8;4.2;4.7;5.0
1208;Totaal mannen en vrouwen;0;0;2;Vijf jaar na afstuderen;3;Cohort 2002/'03;3.4;3.7;3.1;3.4;3.1;3.4;;;4.0;4.4;3.5;4.7;3.7;4.0;5.0;5.4
1209;Totaal mannen en vrouwen;0;0;2;Vijf jaar na afstuderen;3;Cohort 2003/'04;;;;;;;;;;;;;;;;
1210;Totaal mannen en vrouwen;0;0;2;Vijf jaar na afstuderen;4;Cohort 1999/'00;2.0;2.4;2.0;2.3;2.0;2.3;;;1.8;4.0;;;1.8;4.0;;
1211;Totaal mannen en vrouwen;0;0;2;Vijf jaar na afstuderen;4;Cohort 2000/'01;2.1;2.7;2.0;2.6;2.0;2.6;;;2.3;3.4;;;2.3;3.4;;
1212;Totaal mannen en vrouwen;0;0;2;Vijf jaar na afstuderen;4;Cohort 2001/'02;2.1;2.5;2.0;2.5;2.1;2.5;0.6;;2.5;3.0;;;2.5;3.0;;
1213;Totaal mannen en vrouwen;0;0;2;Vijf jaar na afstuderen;4;Cohort 2002/'03;2.2;2.7;2.2;2.7;2.2;2.7;;;2.3;2.7;;;2.3;2.7;;
1214;Totaal mannen en vrouwen;0;0;2;Vijf jaar na afstuderen;4;Cohort 2003/'04;;;;;;;;;;;;;;;;
1215;Totaal mannen en vrouwen;0;0;2;Vijf jaar na afstuderen;5;Cohort 1999/'00;3.0;3.2;2.7;2.9;2.7;2.9;;;3.6;3.8;;;3.6;3.8;;
1216;Totaal mannen en vrouwen;0;0;2;Vijf jaar na afstuderen;5;Cohort 2000/'01;3.3;3.5;3.0;3.2;3.0;3.2;;;3.9;4.1;;;3.9;4.1;;
1217;Totaal mannen en vrouwen;0;0;2;Vijf jaar na afstuderen;5;Cohort 2001/'02;3.2;3.4;2.9;3.1;3.0;3.1;0.9;;3.9;4.1;;;3.9;4.1;;
1218;Totaal mannen en vrouwen;0;0;2;Vijf jaar na afstuderen;5;Cohort 2002/'03;3.3;3.5;2.9;3.1;2.9;3.1;;;4.2;4.2;6.6;6.6;4.2;4.2;;
1219;Totaal mannen en vrouwen;0;0;2;Vijf jaar na afstuderen;5;Cohort 2003/'04;;;;;;;;;;;;;;;;
1220;Totaal mannen en vrouwen;0;0;2;Vijf jaar na afstuderen;6;Cohort 1999/'00;3.9;4.2;3.3;3.5;3.3;3.5;;;4.6;4.8;;;4.6;4.8;;
1221;Totaal mannen en vrouwen;0;0;2;Vijf jaar na afstuderen;6;Cohort 2000/'01;3.9;4.1;3.4;3.6;3.4;3.6;;;4.6;4.9;;;4.6;4.9;4.4;5.4
1222;Totaal mannen en vrouwen;0;0;2;Vijf jaar na afstuderen;6;Cohort 2001/'02;3.9;4.0;3.4;3.5;3.4;3.5;;;4.5;4.7;4.3;4.3;4.5;4.7;5.6;5.6
1223;Totaal mannen en vrouwen;0;0;2;Vijf jaar na afstuderen;6;Cohort 2002/'03;4.6;4.9;3.7;4.0;3.7;4.0;;;5.7;6.1;4.6;4.6;5.7;6.1;3.4;5.9
1224;Totaal mannen en vrouwen;0;0;2;Vijf jaar na afstuderen;6;Cohort 2003/'04;;;;;;;;;;;;;;;;
1225;Totaal mannen en vrouwen;0;0;2;Vijf jaar na afstuderen;7;Cohort 1999/'00;3.1;3.3;2.8;2.9;2.8;2.9;;;3.5;3.7;;;3.5;3.7;3.9;4.1
1226;Totaal mannen en vrouwen;0;0;2;Vijf jaar na afstuderen;7;Cohort 2000/'01;3.5;3.7;3.1;3.2;3.1;3.2;3.2;;4.0;4.2;;;4.0;4.2;4.0;4.1
1227;Totaal mannen en vrouwen;0;0;2;Vijf jaar na afstuderen;7;Cohort 2001/'02;3.5;3.7;3.1;3.3;3.1;3.3;3.1;4.2;4.0;4.2;;;4.0;4.2;2.7;3.1
1228;Totaal mannen en vrouwen;0;0;2;Vijf jaar na afstuderen;7;Cohort 2002/'03;3.7;3.9;3.4;3.6;3.4;3.6;1.8;;4.1;4.4;2.6;2.6;4.1;4.4;4.3;2.9
1229;Totaal mannen en vrouwen;0;0;2;Vijf jaar na afstuderen;7;Cohort 2003/'04;;;;;;;;;;;;;;;;
1230;Totaal mannen en vrouwen;0;0;2;Vijf jaar na afstuderen;8;Cohort 1999/'00;2.4;2.7;2.3;2.6;2.3;2.6;1.3;;2.8;3.1;;;2.8;3.1;3.6;4.9
1231;Totaal mannen en vrouwen;0;0;2;Vijf jaar na afstuderen;8;Cohort 2000/'01;2.6;3.2;2.6;3.1;2.6;3.1;;;2.6;3.6;;;2.6;3.6;3.1;3.9
1232;Totaal mannen en vrouwen;0;0;2;Vijf jaar na afstuderen;8;Cohort 2001/'02;2.7;3.3;2.6;3.2;2.6;3.2;2.0;;3.1;3.7;3.4;3.4;3.0;3.6;4.3;4.6
1233;Totaal mannen en vrouwen;0;0;2;Vijf jaar na afstuderen;8;Cohort 2002/'03;2.9;3.6;2.8;3.4;2.8;3.4;1.6;;3.4;4.2;2.4;;3.4;4.2;3.2;5.2
1234;Totaal mannen en vrouwen;0;0;2;Vijf jaar na afstuderen;8;Cohort 2003/'04;;;;;;;;;;;;;;;;
1235;Totaal mannen en vrouwen;0;0;2;Vijf jaar na afstuderen;9;Cohort 1999/'00;3.0;3.2;2.7;2.9;2.7;2.9;;;3.3;3.4;;;3.2;3.4;4.3;4.7
1236;Totaal mannen en vrouwen;0;0;2;Vijf jaar na afstuderen;9;Cohort 2000/'01;3.1;3.2;2.8;2.9;2.8;2.9;2.5;2.5;3.4;3.6;;;3.3;3.5;4.6;5.0
1237;Totaal mannen en vrouwen;0;0;2;Vijf jaar na afstuderen;9;Cohort 2001/'02;3.1;3.3;2.8;3.0;2.8;3.0;2.7;2.7;3.4;3.6;3.1;3.1;3.3;3.5;4.9;5.1
1238;Totaal mannen en vrouwen;0;0;2;Vijf jaar na afstuderen;9;Cohort 2002/'03;3.3;3.4;3.0;3.1;3.0;3.1;;;3.5;3.7;3.9;3.6;3.5;3.7;4.7;4.7
1239;Totaal mannen en vrouwen;0;0;2;Vijf jaar na afstuderen;9;Cohort 2003/'04;;;;;;;;;;;;;;;;
1240;Totaal mannen en vrouwen;0;0;2;Vijf jaar na afstuderen;M Onderwijs;Cohort 1999/'00;2.4;2.7;2.4;2.7;2.4;2.7;2.2;2.4;2.5;2.9;;;2.5;2.9;2.4;2.7
1241;Totaal mannen en vrouwen;0;0;2;Vijf jaar na afstuderen;M Onderwijs;Cohort 2000/'01;2.4;2.7;2.3;2.7;2.3;2.7;2.1;2.6;2.5;2.9;1.8;1.8;2.5;2.9;2.8;2.8
1242;Totaal mannen en vrouwen;0;0;2;Vijf jaar na afstuderen;M Onderwijs;Cohort 2001/'02;2.5;2.8;2.4;2.7;2.4;2.7;2.4;2.6;2.6;3.0;;;2.6;3.0;;
1243;Totaal mannen en vrouwen;0;0;2;Vijf jaar na afstuderen;M Onderwijs;Cohort 2002/'03;2.5;2.9;2.5;2.8;2.5;2.8;2.3;2.9;2.7;3.1;1.8;;2.7;3.1;2.8;3.4
1244;Totaal mannen en vrouwen;0;0;2;Vijf jaar na afstuderen;M Onderwijs;Cohort 2003/'04;;;;;;;;;;;;;;;;
1245;Totaal mannen en vrouwen;0;0;2;Vijf jaar na afstuderen;N Gezondheids- en welzijnszorg;Cohort 1999/'00;2.5;3.0;2.2;2.7;2.2;2.7;;;3.0;3.4;;;2.5;2.9;3.5;3.6
1246;Totaal mannen en vrouwen;0;0;2;Vijf jaar na afstuderen;N Gezondheids- en welzijnszorg;Cohort 2000/'01;2.7;3.3;2.3;2.8;2.3;2.8;;;3.3;3.6;;;2.7;3.1;3.7;3.9
1247;Totaal mannen en vrouwen;0;0;2;Vijf jaar na afstuderen;N Gezondheids- en welzijnszorg;Cohort 2001/'02;2.7;3.3;2.4;2.8;2.4;2.8;;;3.4;3.8;;;2.7;3.1;3.9;4.0
1248;Totaal mannen en vrouwen;0;0;2;Vijf jaar na afstuderen;N Gezondheids- en welzijnszorg;Cohort 2002/'03;2.9;3.4;2.5;3.0;2.5;3.0;3.0;3.0;3.5;3.9;5.7;5.7;2.8;3.2;4.0;4.1
1249;Totaal mannen en vrouwen;0;0;2;Vijf jaar na afstuderen;N Gezondheids- en welzijnszorg;Cohort 2003/'04;;;;;;;;;;;;;;;;
1250;Totaal mannen en vrouwen;0;0;2;Vijf jaar na afstuderen;9000e Milieu, cultuur, recreatie en ..;Cohort 1999/'00;2.5;2.7;2.3;2.6;2.3;2.6;2.6;2.6;2.6;2.8;;;2.6;2.8;2.7;2.8
1251;Totaal mannen en vrouwen;0;0;2;Vijf jaar na afstuderen;9000e Milieu, cultuur, recreatie en ..;Cohort 2000/'01;2.6;3.0;2.4;2.9;2.4;2.8;3.0;3.8;2.7;3.0;;;2.7;3.1;2.8;2.9
1252;Totaal mannen en vrouwen;0;0;2;Vijf jaar na afstuderen;9000e Milieu, cultuur, recreatie en ..;Cohort 2001/'02;2.7;3.2;2.5;3.2;2.5;3.2;2.0;;2.8;3.1;2.5;2.5;2.8;3.2;2.8;2.9
1253;Totaal mannen en vrouwen;0;0;2;Vijf jaar na afstuderen;9000e Milieu, cultuur, recreatie en ..;Cohort 2002/'03;2.8;3.3;2.6;3.1;2.6;3.1;2.9;4.0;3.1;3.5;1.3;;3.1;3.6;3.1;3.2
1254;Totaal mannen en vrouwen;0;0;2;Vijf jaar na afstuderen;9000e Milieu, cultuur, recreatie en ..;Cohort 2003/'04;;;;;;;;;;;;;;;;
1255;Totaal mannen en vrouwen;0;0;2;Vijf jaar na afstuderen;Onbekend;Cohort 1999/'00;3.7;3.7;3.1;3.1;3.1;3.1;;;4.2;4.2;;;4.0;4.0;5.3;5.3
1256;Totaal mannen en vrouwen;0;0;2;Vijf jaar na afstuderen;Onbekend;Cohort 2000/'01;4.9;4.9;4.9;4.9;4.9;4.9;;;;;;;;;;
1257;Totaal mannen en vrouwen;0;0;2;Vijf jaar na afstuderen;Onbekend;Cohort 2001/'02;0.8;;;;;;;;0.8;;;;0.8;;;
1258;Totaal mannen en vrouwen;0;0;2;Vijf jaar na afstuderen;Onbekend;Cohort 2002/'03;3.1;3.1;3.1;3.1;3.1;3.1;;;;;;;;;;
1259;Totaal mannen en vrouwen;0;0;2;Vijf jaar na afstuderen;Onbekend;Cohort 2003/'04;;;;;;;;;;;;;;;;
1260;Totaal mannen en vrouwen;0;0;3;Direct na afstuderen;0;Cohort 1999/'00;1.6;;1.4;;1.4;;1.1;;1.9;;;;1.8;;2.4;
1261;Totaal mannen en vrouwen;0;0;3;Direct na afstuderen;0;Cohort 2000/'01;1.6;2.0;1.5;1.9;1.5;1.9;0.9;1.2;1.9;2.3;0.9;;1.7;2.1;2.5;2.8
1262;Totaal mannen en vrouwen;0;0;3;Direct na afstuderen;0;Cohort 2001/'02;1.6;2.1;1.4;1.9;1.4;1.9;1.0;1.6;1.9;2.3;2.6;3.5;1.7;2.1;2.6;2.9
1263;Totaal mannen en vrouwen;0;0;3;Direct na afstuderen;0;Cohort 2002/'03;1.5;2.1;1.4;2.0;1.4;2.0;0.7;1.2;1.7;2.5;2.5;3.4;1.5;2.2;2.5;3.0
1264;Totaal mannen en vrouwen;0;0;3;Direct na afstuderen;0;Cohort 2003/'04;1.5;2.2;1.4;2.0;1.4;2.0;1.3;2.4;1.8;2.4;2.0;3.5;1.6;2.3;2.6;2.8
1265;Totaal mannen en vrouwen;0;0;3;Direct na afstuderen;1;Cohort 1999/'00;1.5;;1.9;;1.9;;;;0.1;;;;0.1;;;
1266;Totaal mannen en vrouwen;0;0;3;Direct na afstuderen;1;Cohort 2000/'01;2.4;2.1;2.4;2.1;2.4;2.1;;;;;;;;;;
1267;Totaal mannen en vrouwen;0;0;3;Direct na afstuderen;1;Cohort 2001/'02;0.4;;0.6;;0.6;;;;0.0;;;;0.0;;;
1268;Totaal mannen en vrouwen;0;0;3;Direct na afstuderen;1;Cohort 2002/'03;1.0;1.9;1.1;1.9;1.1;1.9;;;0.7;;;;0.7;;;
1269;Totaal mannen en vrouwen;0;0;3;Direct na afstuderen;1;Cohort 2003/'04;1.3;1.9;1.7;1.9;1.7;1.9;;;0.9;2.0;2.0;2.0;0.6;;;
1270;Totaal mannen en vrouwen;0;0;3;Direct na afstuderen;2;Cohort 1999/'00;1.8;;1.6;;1.6;;;;2.2;;;;2.2;;2.0;
1271;Totaal mannen en vrouwen;0;0;3;Direct na afstuderen;2;Cohort 2000/'01;1.8;2.1;1.7;1.9;1.7;1.9;;;2.2;2.4;;;2.2;2.4;2.7;2.7
1272;Totaal mannen en vrouwen;0;0;3;Direct na afstuderen;2;Cohort 2001/'02;1.7;2.0;1.6;1.9;1.6;1.9;;;2.2;2.4;;;2.2;2.4;2.4;2.4
1273;Totaal mannen en vrouwen;0;0;3;Direct na afstuderen;2;Cohort 2002/'03;1.8;2.2;1.6;2.1;1.6;2.1;;;2.2;2.6;3.0;3.0;2.1;2.5;;
1274;Totaal mannen en vrouwen;0;0;3;Direct na afstuderen;2;Cohort 2003/'04;1.7;2.2;1.5;1.9;1.5;1.9;1.0;;1.9;2.5;;;1.9;2.5;;
1275;Totaal mannen en vrouwen;0;0;3;Direct na afstuderen;3;Cohort 1999/'00;1.4;;1.2;;1.2;;;;1.8;;;;1.6;;2.3;
1276;Totaal mannen en vrouwen;0;0;3;Direct na afstuderen;3;Cohort 2000/'01;1.4;2.0;1.2;1.9;1.2;1.9;1.0;;1.9;2.4;;;1.7;2.2;2.4;2.7
1277;Totaal mannen en vrouwen;0;0;3;Direct na afstuderen;3;Cohort 2001/'02;1.3;2.1;1.1;1.9;1.1;1.9;1.1;;1.8;2.4;;;1.3;1.8;2.8;2.9
1278;Totaal mannen en vrouwen;0;0;3;Direct na afstuderen;3;Cohort 2002/'03;1.3;2.1;1.2;1.8;1.2;1.8;;;1.6;2.6;1.5;2.5;1.2;2.0;2.7;3.1
1279;Totaal mannen en vrouwen;0;0;3;Direct na afstuderen;3;Cohort 2003/'04;1.3;2.1;1.2;2.0;1.2;2.0;;;1.6;2.3;0.3;;1.3;2.1;2.4;2.7
1280;Totaal mannen en vrouwen;0;0;3;Direct na afstuderen;4;Cohort 1999/'00;0.8;;1.0;;1.0;;1.3;;0.4;;;;0.4;;;
1281;Totaal mannen en vrouwen;0;0;3;Direct na afstuderen;4;Cohort 2000/'01;0.7;1.4;0.7;1.3;0.7;1.3;;;0.7;1.5;;;0.7;1.5;;
1282;Totaal mannen en vrouwen;0;0;3;Direct na afstuderen;4;Cohort 2001/'02;0.9;1.6;0.9;1.6;0.9;1.6;;;0.6;2.3;;;0.7;2.3;0.2;
1283;Totaal mannen en vrouwen;0;0;3;Direct na afstuderen;4;Cohort 2002/'03;0.9;1.9;1.0;1.9;1.0;1.9;;;0.7;1.5;;;0.7;1.5;0.7;
1284;Totaal mannen en vrouwen;0;0;3;Direct na afstuderen;4;Cohort 2003/'04;0.8;1.7;0.8;1.7;0.8;1.7;1.3;;0.6;2.1;1.1;;0.6;2.1;;
1285;Totaal mannen en vrouwen;0;0;3;Direct na afstuderen;5;Cohort 1999/'00;1.8;;1.6;;1.6;;;;2.3;;;;2.3;;;
1286;Totaal mannen en vrouwen;0;0;3;Direct na afstuderen;5;Cohort 2000/'01;1.6;2.1;1.4;1.9;1.4;1.9;;;2.0;2.4;;;2.0;2.4;;
1287;Totaal mannen en vrouwen;0;0;3;Direct na afstuderen;5;Cohort 2001/'02;1.5;2.1;1.5;2.0;1.5;2.0;;;1.6;2.4;;;1.6;2.4;;
1288;Totaal mannen en vrouwen;0;0;3;Direct na afstuderen;5;Cohort 2002/'03;1.4;2.3;1.4;2.1;1.4;2.1;;;1.5;3.2;5.7;5.7;1.2;2.4;;
1289;Totaal mannen en vrouwen;0;0;3;Direct na afstuderen;5;Cohort 2003/'04;1.3;2.0;1.4;2.0;1.4;2.0;0.7;;1.1;2.2;;;1.1;2.2;;
1290;Totaal mannen en vrouwen;0;0;3;Direct na afstuderen;6;Cohort 1999/'00;2.3;;1.8;;1.8;;;;2.7;;;;2.7;;2.2;
1291;Totaal mannen en vrouwen;0;0;3;Direct na afstuderen;6;Cohort 2000/'01;1.9;2.2;1.7;2.0;1.7;2.0;;;2.2;2.4;;;2.1;2.3;4.1;4.1
1292;Totaal mannen en vrouwen;0;0;3;Direct na afstuderen;6;Cohort 2001/'02;2.0;2.2;1.8;2.0;1.8;2.0;;;2.4;2.6;3.5;3.5;2.4;2.5;;
1293;Totaal mannen en vrouwen;0;0;3;Direct na afstuderen;6;Cohort 2002/'03;2.0;2.3;1.8;2.1;1.8;2.1;;;2.3;2.5;;;2.2;2.4;3.5;3.5
1294;Totaal mannen en vrouwen;0;0;3;Direct na afstuderen;6;Cohort 2003/'04;2.2;2.6;1.9;2.2;1.9;2.2;;;2.6;2.9;5.0;5.0;2.4;2.7;;
1295;Totaal mannen en vrouwen;0;0;3;Direct na afstuderen;7;Cohort 1999/'00;1.8;;1.7;;1.7;;;;1.9;;;;1.9;;2.1;
1296;Totaal mannen en vrouwen;0;0;3;Direct na afstuderen;7;Cohort 2000/'01;1.7;2.0;1.6;2.0;1.6;2.0;;;1.9;2.2;0.3;;1.9;2.2;1.8;2.5
1297;Totaal mannen en vrouwen;0;0;3;Direct na afstuderen;7;Cohort 2001/'02;1.8;2.1;1.7;2.0;1.7;2.0;;;1.9;2.2;;;2.0;2.2;0.7;
1298;Totaal mannen en vrouwen;0;0;3;Direct na afstuderen;7;Cohort 2002/'03;1.6;2.1;1.5;2.0;1.5;2.0;;;1.8;2.2;1.7;2.4;1.8;2.2;2.0;2.3
1299;Totaal mannen en vrouwen;0;0;3;Direct na afstuderen;7;Cohort 2003/'04;1.6;2.1;1.4;1.9;1.4;1.9;0.9;;1.9;2.3;3.0;3.4;1.8;2.3;0.8;
1300;Totaal mannen en vrouwen;0;0;3;Direct na afstuderen;8;Cohort 1999/'00;1.3;;1.3;;1.3;;1.4;;1.3;;;;1.3;;2.0;
1301;Totaal mannen en vrouwen;0;0;3;Direct na afstuderen;8;Cohort 2000/'01;1.4;1.8;1.4;1.8;1.4;1.8;;;1.4;1.9;;;1.3;1.9;2.1;3.2
1302;Totaal mannen en vrouwen;0;0;3;Direct na afstuderen;8;Cohort 2001/'02;1.4;1.9;1.4;1.8;1.4;1.8;0.9;;1.5;2.3;;;1.3;2.0;2.5;3.7
1303;Totaal mannen en vrouwen;0;0;3;Direct na afstuderen;8;Cohort 2002/'03;1.4;1.9;1.3;1.8;1.3;1.8;;;1.4;2.2;;;1.4;2.2;2.1;
1304;Totaal mannen en vrouwen;0;0;3;Direct na afstuderen;8;Cohort 2003/'04;1.4;1.9;1.4;1.9;1.4;1.9;;;1.4;2.0;1.3;;1.4;2.0;1.6;2.7
1305;Totaal mannen en vrouwen;0;0;3;Direct na afstuderen;9;Cohort 1999/'00;1.9;;1.5;;1.5;;;;2.3;;;;2.1;;3.1;
1306;Totaal mannen en vrouwen;0;0;3;Direct na afstuderen;9;Cohort 2000/'01;1.9;2.1;1.6;1.8;1.6;1.8;;;2.1;2.3;;;1.9;2.1;3.2;3.2
1307;Totaal mannen en vrouwen;0;0;3;Direct na afstuderen;9;Cohort 2001/'02;1.9;2.1;1.7;2.0;1.7;2.0;1.0;;2.1;2.2;1.7;;2.0;2.1;3.4;3.4
1308;Totaal mannen en vrouwen;0;0;3;Direct na afstuderen;9;Cohort 2002/'03;1.7;2.4;1.4;2.1;1.4;2.1;;;2.0;2.7;;;1.8;2.4;3.1;4.1
1309;Totaal mannen en vrouwen;0;0;3;Direct na afstuderen;9;Cohort 2003/'04;1.9;2.4;1.7;2.3;1.7;2.2;1.6;2.7;2.1;2.4;2.5;3.0;2.0;2.4;2.2;
1310;Totaal mannen en vrouwen;0;0;3;Direct na afstuderen;M Onderwijs;Cohort 1999/'00;1.4;;1.4;;1.4;;1.3;;1.4;;;;1.4;;1.5;
1311;Totaal mannen en vrouwen;0;0;3;Direct na afstuderen;M Onderwijs;Cohort 2000/'01;1.6;1.8;1.6;1.8;1.6;1.8;;;1.5;1.7;1.5;;1.6;1.7;1.4;1.5
1312;Totaal mannen en vrouwen;0;0;3;Direct na afstuderen;M Onderwijs;Cohort 2001/'02;1.6;1.9;1.6;1.9;1.6;1.9;1.6;1.6;1.6;1.8;;;1.6;1.8;1.8;1.8
1313;Totaal mannen en vrouwen;0;0;3;Direct na afstuderen;M Onderwijs;Cohort 2002/'03;1.4;2.0;1.6;2.0;1.6;2.0;1.0;1.2;1.1;2.1;;;1.1;2.1;1.0;
1314;Totaal mannen en vrouwen;0;0;3;Direct na afstuderen;M Onderwijs;Cohort 2003/'04;1.6;2.0;1.7;2.0;1.7;2.0;0.6;;1.5;2.1;1.6;;1.5;2.0;1.9;2.2
1315;Totaal mannen en vrouwen;0;0;3;Direct na afstuderen;N Gezondheids- en welzijnszorg;Cohort 1999/'00;1.8;;1.5;;1.5;;;;2.2;;;;1.7;;2.5;
1316;Totaal mannen en vrouwen;0;0;3;Direct na afstuderen;N Gezondheids- en welzijnszorg;Cohort 2000/'01;1.8;2.3;1.4;1.8;1.4;1.8;;;2.3;2.6;;;1.3;1.6;2.5;2.7
1317;Totaal mannen en vrouwen;0;0;3;Direct na afstuderen;N Gezondheids- en welzijnszorg;Cohort 2001/'02;1.7;2.4;1.4;1.8;1.4;1.8;2.8;;2.3;2.9;;;1.5;2.4;2.7;3.0
1318;Totaal mannen en vrouwen;0;0;3;Direct na afstuderen;N Gezondheids- en welzijnszorg;Cohort 2002/'03;1.7;2.5;1.4;1.8;1.4;1.8;0.6;;2.2;2.9;;;1.4;2.2;2.5;3.0
1319;Totaal mannen en vrouwen;0;0;3;Direct na afstuderen;N Gezondheids- en welzijnszorg;Cohort 2003/'04;1.9;2.4;1.4;1.9;1.4;1.9;;;2.4;2.8;;;1.7;2.2;2.7;2.9
1320;Totaal mannen en vrouwen;0;0;3;Direct na afstuderen;9000e Milieu, cultuur, recreatie en ..;Cohort 1999/'00;1.3;;1.2;;1.2;;0.4;;1.5;;;;1.5;;1.2;
1321;Totaal mannen en vrouwen;0;0;3;Direct na afstuderen;9000e Milieu, cultuur, recreatie en ..;Cohort 2000/'01;1.4;1.8;1.3;1.7;1.3;1.8;0.9;1.2;1.5;1.8;;;1.5;1.8;;
1322;Totaal mannen en vrouwen;0;0;3;Direct na afstuderen;9000e Milieu, cultuur, recreatie en ..;Cohort 2001/'02;1.4;2.1;1.2;2.0;1.3;2.0;0.5;;1.9;2.1;;;1.6;1.9;2.3;2.3
1323;Totaal mannen en vrouwen;0;0;3;Direct na afstuderen;9000e Milieu, cultuur, recreatie en ..;Cohort 2002/'03;1.4;2.1;1.0;1.9;1.1;1.9;0.5;;1.9;2.2;;;1.7;2.1;2.3;2.4
1324;Totaal mannen en vrouwen;0;0;3;Direct na afstuderen;9000e Milieu, cultuur, recreatie en ..;Cohort 2003/'04;1.3;2.0;1.2;1.9;1.2;1.9;1.8;2.3;1.6;2.2;;;1.0;1.3;2.3;2.5
1325;Totaal mannen en vrouwen;0;0;3;Direct na afstuderen;Onbekend;Cohort 1999/'00;2.4;;;;;;;;2.4;;;;2.4;;;
1326;Totaal mannen en vrouwen;0;0;3;Direct na afstuderen;Onbekend;Cohort 2000/'01;;;;;;;;;;;;;;;;
1327;Totaal mannen en vrouwen;0;0;3;Direct na afstuderen;Onbekend;Cohort 2001/'02;1.2;2.2;1.2;2.2;1.2;2.2;;;;;;;;;;
1328;Totaal mannen en vrouwen;0;0;3;Direct na afstuderen;Onbekend;Cohort 2002/'03;;;;;;;;;;;;;;;;
1329;Totaal mannen en vrouwen;0;0;3;Direct na afstuderen;Onbekend;Cohort 2003/'04;1.2;1.9;0.5;;0.5;;;;1.9;1.9;;;1.9;1.9;;
1330;Totaal mannen en vrouwen;0;0;3;Één jaar na afstuderen;0;Cohort 1999/'00;2.2;2.3;2.0;2.1;2.0;2.1;1.5;1.5;2.5;2.6;;;2.4;2.6;2.8;2.9
1331;Totaal mannen en vrouwen;0;0;3;Één jaar na afstuderen;0;Cohort 2000/'01;2.1;2.3;2.0;2.2;2.0;2.2;3.0;1.9;2.4;2.6;;;2.3;2.4;3.1;3.2
1332;Totaal mannen en vrouwen;0;0;3;Één jaar na afstuderen;0;Cohort 2001/'02;2.1;2.3;1.9;2.2;1.9;2.2;1.5;2.2;2.4;2.6;3.3;3.3;2.2;2.4;3.2;3.3
1333;Totaal mannen en vrouwen;0;0;3;Één jaar na afstuderen;0;Cohort 2002/'03;2.1;2.3;1.9;2.2;1.9;2.2;1.5;1.8;2.3;2.6;2.7;3.3;2.1;2.4;3.1;3.2
1334;Totaal mannen en vrouwen;0;0;3;Één jaar na afstuderen;0;Cohort 2003/'04;2.1;2.4;2.0;2.2;2.0;2.2;1.7;2.9;2.4;2.6;2.3;3.0;2.3;2.5;3.0;3.0
1335;Totaal mannen en vrouwen;0;0;3;Één jaar na afstuderen;1;Cohort 1999/'00;4.3;4.3;4.3;4.3;4.3;4.3;;;;;;;;;;
1336;Totaal mannen en vrouwen;0;0;3;Één jaar na afstuderen;1;Cohort 2000/'01;2.6;2.6;2.6;2.6;2.6;2.6;;;;;;;;;;
1337;Totaal mannen en vrouwen;0;0;3;Één jaar na afstuderen;1;Cohort 2001/'02;;;;;;;;;;;;;;;;
1338;Totaal mannen en vrouwen;0;0;3;Één jaar na afstuderen;1;Cohort 2002/'03;2.1;2.5;2.1;2.5;2.1;2.5;;;;;;;;;;
1339;Totaal mannen en vrouwen;0;0;3;Één jaar na afstuderen;1;Cohort 2003/'04;1.9;2.1;2.1;2.1;2.1;2.1;;;1.5;;;;1.5;;;
1340;Totaal mannen en vrouwen;0;0;3;Één jaar na afstuderen;2;Cohort 1999/'00;2.3;2.4;2.1;2.2;2.1;2.2;;;2.8;2.8;;;2.8;2.8;3.1;3.1
1341;Totaal mannen en vrouwen;0;0;3;Één jaar na afstuderen;2;Cohort 2000/'01;2.3;2.4;2.1;2.2;2.1;2.2;1.9;1.9;2.7;2.8;;;2.7;2.8;2.9;2.9
1342;Totaal mannen en vrouwen;0;0;3;Één jaar na afstuderen;2;Cohort 2001/'02;2.2;2.3;2.1;2.3;2.1;2.3;;;2.3;2.5;;;2.3;2.5;3.0;3.0
1343;Totaal mannen en vrouwen;0;0;3;Één jaar na afstuderen;2;Cohort 2002/'03;2.2;2.3;2.1;2.2;2.1;2.2;;;2.4;2.5;3.3;3.3;2.3;2.5;;
1344;Totaal mannen en vrouwen;0;0;3;Één jaar na afstuderen;2;Cohort 2003/'04;2.4;2.5;2.2;2.3;2.2;2.3;;;2.8;2.8;;;2.8;2.8;;
1345;Totaal mannen en vrouwen;0;0;3;Één jaar na afstuderen;3;Cohort 1999/'00;2.2;2.3;2.0;2.1;2.0;2.2;1.3;1.5;2.6;2.8;;;2.6;2.8;2.7;2.7
1346;Totaal mannen en vrouwen;0;0;3;Één jaar na afstuderen;3;Cohort 2000/'01;2.1;2.3;2.0;2.2;2.0;2.2;;;2.7;2.8;;;2.5;2.6;3.0;3.0
1347;Totaal mannen en vrouwen;0;0;3;Één jaar na afstuderen;3;Cohort 2001/'02;2.0;2.3;1.9;2.1;1.9;2.1;0.8;;2.6;2.8;;;2.2;2.3;3.2;3.4
1348;Totaal mannen en vrouwen;0;0;3;Één jaar na afstuderen;3;Cohort 2002/'03;2.0;2.3;1.8;2.2;1.8;2.2;1.2;1.2;2.3;2.7;1.6;2.1;1.8;2.2;3.2;3.5
1349;Totaal mannen en vrouwen;0;0;3;Één jaar na afstuderen;3;Cohort 2003/'04;2.0;2.3;1.9;2.2;1.9;2.2;;;2.2;2.5;1.6;1.9;2.0;2.4;2.7;2.8
1350;Totaal mannen en vrouwen;0;0;3;Één jaar na afstuderen;4;Cohort 1999/'00;1.7;2.4;1.8;2.4;1.8;2.4;;;1.0;2.1;;;1.0;2.1;;
1351;Totaal mannen en vrouwen;0;0;3;Één jaar na afstuderen;4;Cohort 2000/'01;1.3;1.9;1.3;1.9;1.3;1.9;;;1.2;1.9;;;1.2;1.9;;
1352;Totaal mannen en vrouwen;0;0;3;Één jaar na afstuderen;4;Cohort 2001/'02;1.4;1.9;1.5;1.9;1.5;1.9;;;0.9;;;;0.9;;;
1353;Totaal mannen en vrouwen;0;0;3;Één jaar na afstuderen;4;Cohort 2002/'03;1.4;2.0;1.5;1.9;1.5;1.9;;;1.3;2.3;;;1.3;2.3;;
1354;Totaal mannen en vrouwen;0;0;3;Één jaar na afstuderen;4;Cohort 2003/'04;1.1;1.8;1.1;1.8;1.1;1.8;;;0.8;1.6;1.2;;0.8;1.6;;
1355;Totaal mannen en vrouwen;0;0;3;Één jaar na afstuderen;5;Cohort 1999/'00;2.4;2.5;2.3;2.3;2.3;2.3;;;2.8;2.9;;;2.8;2.9;;
1356;Totaal mannen en vrouwen;0;0;3;Één jaar na afstuderen;5;Cohort 2000/'01;2.2;2.4;2.1;2.2;2.1;2.2;;;2.6;3.0;;;2.6;3.0;;
1357;Totaal mannen en vrouwen;0;0;3;Één jaar na afstuderen;5;Cohort 2001/'02;1.9;2.3;1.8;2.2;1.8;2.2;;;2.1;2.6;;;2.1;2.6;;
1358;Totaal mannen en vrouwen;0;0;3;Één jaar na afstuderen;5;Cohort 2002/'03;2.2;2.4;2.1;2.3;2.1;2.3;;;2.3;2.7;5.9;5.9;2.1;2.4;;
1359;Totaal mannen en vrouwen;0;0;3;Één jaar na afstuderen;5;Cohort 2003/'04;1.9;2.2;2.0;2.2;2.0;2.2;2.0;;1.7;2.4;0.4;;1.8;2.4;;
1360;Totaal mannen en vrouwen;0;0;3;Één jaar na afstuderen;6;Cohort 1999/'00;2.5;2.6;2.2;2.2;2.2;2.2;;;2.9;3.0;;;2.9;3.0;;
1361;Totaal mannen en vrouwen;0;0;3;Één jaar na afstuderen;6;Cohort 2000/'01;2.5;2.6;2.3;2.3;2.3;2.3;;;2.9;3.0;;;2.8;2.9;5.2;5.2
1362;Totaal mannen en vrouwen;0;0;3;Één jaar na afstuderen;6;Cohort 2001/'02;2.4;2.4;2.2;2.3;2.2;2.3;;;2.6;2.7;4.0;4.0;2.6;2.6;;
1363;Totaal mannen en vrouwen;0;0;3;Één jaar na afstuderen;6;Cohort 2002/'03;2.3;2.5;2.1;2.3;2.1;2.3;;;2.6;2.7;;;2.6;2.7;;
1364;Totaal mannen en vrouwen;0;0;3;Één jaar na afstuderen;6;Cohort 2003/'04;2.6;2.7;2.3;2.3;2.3;2.3;;;3.0;3.1;5.8;5.8;2.9;3.0;;
1365;Totaal mannen en vrouwen;0;0;3;Één jaar na afstuderen;7;Cohort 1999/'00;2.3;2.3;2.2;2.2;2.2;2.2;;;2.5;2.6;;;2.5;2.6;2.2;2.2
1366;Totaal mannen en vrouwen;0;0;3;Één jaar na afstuderen;7;Cohort 2000/'01;2.2;2.3;2.1;2.2;2.1;2.2;;;2.3;2.4;;;2.3;2.4;2.5;2.5
1367;Totaal mannen en vrouwen;0;0;3;Één jaar na afstuderen;7;Cohort 2001/'02;2.2;2.3;2.0;2.1;2.0;2.1;1.8;;2.4;2.5;;;2.4;2.5;2.4;2.4
1368;Totaal mannen en vrouwen;0;0;3;Één jaar na afstuderen;7;Cohort 2002/'03;2.1;2.2;2.0;2.1;2.0;2.1;;;2.3;2.4;3.1;3.1;2.3;2.4;2.9;2.9
1369;Totaal mannen en vrouwen;0;0;3;Één jaar na afstuderen;7;Cohort 2003/'04;2.2;2.3;2.1;2.2;2.1;2.2;;;2.4;2.5;2.7;2.7;2.4;2.5;2.1;2.1
1370;Totaal mannen en vrouwen;0;0;3;Één jaar na afstuderen;8;Cohort 1999/'00;1.7;1.9;1.7;1.9;1.7;1.9;1.9;;1.8;2.2;;;1.8;2.2;3.0;
1371;Totaal mannen en vrouwen;0;0;3;Één jaar na afstuderen;8;Cohort 2000/'01;1.8;2.1;1.8;2.1;1.8;2.1;;;1.8;2.3;;;1.8;2.3;3.0;4.1
1372;Totaal mannen en vrouwen;0;0;3;Één jaar na afstuderen;8;Cohort 2001/'02;1.8;2.2;1.7;2.1;1.7;2.1;2.5;2.5;2.0;2.2;;;1.9;2.2;3.2;3.1
1373;Totaal mannen en vrouwen;0;0;3;Één jaar na afstuderen;8;Cohort 2002/'03;1.7;2.0;1.7;2.0;1.7;2.0;;;1.9;2.2;;;1.9;2.2;2.1;
1374;Totaal mannen en vrouwen;0;0;3;Één jaar na afstuderen;8;Cohort 2003/'04;1.8;2.1;1.8;2.1;1.8;2.1;;;1.8;2.2;2.1;2.0;1.8;2.2;2.1;
1375;Totaal mannen en vrouwen;0;0;3;Één jaar na afstuderen;9;Cohort 1999/'00;2.2;2.3;2.0;2.1;2.0;2.1;;;2.4;2.5;;;2.3;2.4;3.4;3.5
1376;Totaal mannen en vrouwen;0;0;3;Één jaar na afstuderen;9;Cohort 2000/'01;2.3;2.4;2.0;2.1;2.0;2.1;;;2.5;2.6;;;2.3;2.4;4.2;4.2
1377;Totaal mannen en vrouwen;0;0;3;Één jaar na afstuderen;9;Cohort 2001/'02;2.1;2.4;1.9;2.2;2.0;2.2;0.6;;2.3;2.6;2.6;2.6;2.3;2.5;3.6;3.6
1378;Totaal mannen en vrouwen;0;0;3;Één jaar na afstuderen;9;Cohort 2002/'03;2.2;2.4;1.9;2.1;1.9;2.1;;;2.5;2.7;;;2.4;2.6;3.8;3.8
1379;Totaal mannen en vrouwen;0;0;3;Één jaar na afstuderen;9;Cohort 2003/'04;2.3;2.4;2.1;2.3;2.1;2.3;2.9;2.9;2.5;2.5;2.5;3.0;2.4;2.5;3.7;3.4
1380;Totaal mannen en vrouwen;0;0;3;Één jaar na afstuderen;M Onderwijs;Cohort 1999/'00;1.9;2.0;1.9;2.1;1.9;2.1;1.4;;1.8;1.8;;;1.8;1.8;1.7;1.7
1381;Totaal mannen en vrouwen;0;0;3;Één jaar na afstuderen;M Onderwijs;Cohort 2000/'01;2.0;2.1;2.0;2.2;2.0;2.2;;;1.9;2.0;;;1.9;2.0;2.0;2.1
1382;Totaal mannen en vrouwen;0;0;3;Één jaar na afstuderen;M Onderwijs;Cohort 2001/'02;2.0;2.2;2.0;2.3;2.0;2.3;1.5;1.5;1.9;2.1;;;1.9;2.1;2.2;2.3
1383;Totaal mannen en vrouwen;0;0;3;Één jaar na afstuderen;M Onderwijs;Cohort 2002/'03;2.1;2.3;2.1;2.4;2.1;2.4;2.3;2.4;2.0;2.1;;;2.0;2.2;1.6;2.1
1384;Totaal mannen en vrouwen;0;0;3;Één jaar na afstuderen;M Onderwijs;Cohort 2003/'04;2.1;2.2;2.1;2.4;2.1;2.4;1.0;;2.1;2.1;2.5;2.5;2.1;2.1;2.0;1.7
1385;Totaal mannen en vrouwen;0;0;3;Één jaar na afstuderen;N Gezondheids- en welzijnszorg;Cohort 1999/'00;2.2;2.5;1.9;2.1;1.9;2.1;;;2.7;2.9;;;2.1;2.4;2.9;3.0
1386;Totaal mannen en vrouwen;0;0;3;Één jaar na afstuderen;N Gezondheids- en welzijnszorg;Cohort 2000/'01;2.2;2.6;1.9;2.2;1.9;2.2;;;2.9;3.1;;;2.0;2.2;3.1;3.3
1387;Totaal mannen en vrouwen;0;0;3;Één jaar na afstuderen;N Gezondheids- en welzijnszorg;Cohort 2001/'02;2.3;2.7;1.9;2.3;1.9;2.3;3.4;;2.9;3.2;;;2.1;2.4;3.4;3.5
1388;Totaal mannen en vrouwen;0;0;3;Één jaar na afstuderen;N Gezondheids- en welzijnszorg;Cohort 2002/'03;2.2;2.6;1.9;2.1;1.9;2.1;1.0;;2.8;3.0;;;2.0;2.3;3.3;3.2
1389;Totaal mannen en vrouwen;0;0;3;Één jaar na afstuderen;N Gezondheids- en welzijnszorg;Cohort 2003/'04;2.3;2.6;1.9;2.2;1.9;2.2;0.7;;2.8;3.0;1.9;;2.0;2.4;3.1;3.1
1390;Totaal mannen en vrouwen;0;0;3;Één jaar na afstuderen;9000e Milieu, cultuur, recreatie en ..;Cohort 1999/'00;1.8;2.0;1.6;1.8;1.6;1.8;;;2.0;2.3;;;1.8;2.1;2.3;2.4
1391;Totaal mannen en vrouwen;0;0;3;Één jaar na afstuderen;9000e Milieu, cultuur, recreatie en ..;Cohort 2000/'01;2.1;2.2;2.0;2.1;1.9;2.1;3.5;;2.1;2.2;;;1.9;2.0;2.5;2.5
1392;Totaal mannen en vrouwen;0;0;3;Één jaar na afstuderen;9000e Milieu, cultuur, recreatie en ..;Cohort 2001/'02;2.1;2.4;1.9;2.3;2.0;2.3;1.7;2.4;2.2;2.4;;;2.0;2.4;2.5;2.5
1393;Totaal mannen en vrouwen;0;0;3;Één jaar na afstuderen;9000e Milieu, cultuur, recreatie en ..;Cohort 2002/'03;2.0;2.3;1.6;2.0;1.6;2.0;0.8;;2.3;2.5;;;2.1;2.5;2.6;2.6
1394;Totaal mannen en vrouwen;0;0;3;Één jaar na afstuderen;9000e Milieu, cultuur, recreatie en ..;Cohort 2003/'04;2.1;2.4;1.9;2.4;1.9;2.3;2.4;2.9;2.2;2.5;1.2;2.4;2.0;2.3;2.6;2.6
1395;Totaal mannen en vrouwen;0;0;3;Één jaar na afstuderen;Onbekend;Cohort 1999/'00;3.1;3.1;;;;;;;3.1;3.1;;;3.1;3.1;;
1396;Totaal mannen en vrouwen;0;0;3;Één jaar na afstuderen;Onbekend;Cohort 2000/'01;;;;;;;;;;;;;;;;
1397;Totaal mannen en vrouwen;0;0;3;Één jaar na afstuderen;Onbekend;Cohort 2001/'02;3.0;3.0;1.0;1.0;1.0;1.0;;;4.9;4.9;;;;;4.9;4.9
1398;Totaal mannen en vrouwen;0;0;3;Één jaar na afstuderen;Onbekend;Cohort 2002/'03;2.0;2.7;2.7;2.9;2.7;2.9;;;1.1;2.1;;;1.1;2.1;;
1399;Totaal mannen en vrouwen;0;0;3;Één jaar na afstuderen;Onbekend;Cohort 2003/'04;;;;;;;;;;;;;;;;
1400;Totaal mannen en vrouwen;0;0;3;Twee jaar na afstuderen;0;Cohort 1999/'00;2.4;2.6;2.2;2.4;2.2;2.4;2.0;2.0;2.7;2.9;;;2.6;2.8;3.2;3.3
1401;Totaal mannen en vrouwen;0;0;3;Twee jaar na afstuderen;0;Cohort 2000/'01;2.4;2.5;2.2;2.4;2.2;2.4;1.0;;2.7;2.8;;;2.5;2.7;3.2;3.4
1402;Totaal mannen en vrouwen;0;0;3;Twee jaar na afstuderen;0;Cohort 2001/'02;2.3;2.5;2.1;2.4;2.1;2.4;1.3;1.4;2.6;2.8;3.5;3.5;2.5;2.7;3.2;3.3
1403;Totaal mannen en vrouwen;0;0;3;Twee jaar na afstuderen;0;Cohort 2002/'03;2.3;2.5;2.2;2.4;2.2;2.4;1.5;;2.7;2.8;2.8;3.5;2.5;2.7;3.2;3.3
1404;Totaal mannen en vrouwen;0;0;3;Twee jaar na afstuderen;0;Cohort 2003/'04;2.5;2.8;2.3;2.6;2.3;2.6;2.7;3.9;2.9;3.0;2.7;3.4;2.8;2.9;3.3;3.3
1405;Totaal mannen en vrouwen;0;0;3;Twee jaar na afstuderen;1;Cohort 1999/'00;;;;;;;;;;;;;;;;
1406;Totaal mannen en vrouwen;0;0;3;Twee jaar na afstuderen;1;Cohort 2000/'01;2.4;2.4;2.4;2.4;2.4;2.4;;;;;;;;;;
1407;Totaal mannen en vrouwen;0;0;3;Twee jaar na afstuderen;1;Cohort 2001/'02;;;;;;;;;;;;;;;;
1408;Totaal mannen en vrouwen;0;0;3;Twee jaar na afstuderen;1;Cohort 2002/'03;2.4;2.6;2.4;2.6;2.4;2.6;;;;;;;;;;
1409;Totaal mannen en vrouwen;0;0;3;Twee jaar na afstuderen;1;Cohort 2003/'04;3.0;;3.0;;3.0;;;;;;;;;;;
1410;Totaal mannen en vrouwen;0;0;3;Twee jaar na afstuderen;2;Cohort 1999/'00;2.7;2.7;2.4;2.5;2.4;2.5;;;3.2;3.2;;;3.2;3.2;;
1411;Totaal mannen en vrouwen;0;0;3;Twee jaar na afstuderen;2;Cohort 2000/'01;2.5;2.6;2.4;2.5;2.4;2.5;;;3.1;3.2;;;3.1;3.1;3.3;3.3
1412;Totaal mannen en vrouwen;0;0;3;Twee jaar na afstuderen;2;Cohort 2001/'02;2.5;2.6;2.4;2.5;2.4;2.5;;;2.7;2.9;;;2.7;2.8;3.6;3.6
1413;Totaal mannen en vrouwen;0;0;3;Twee jaar na afstuderen;2;Cohort 2002/'03;2.5;2.6;2.3;2.4;2.3;2.4;;;2.9;3.0;4.7;4.7;2.9;3.0;;
1414;Totaal mannen en vrouwen;0;0;3;Twee jaar na afstuderen;2;Cohort 2003/'04;2.8;2.9;2.6;2.6;2.6;2.6;;;3.4;3.4;;;3.4;3.4;;
1415;Totaal mannen en vrouwen;0;0;3;Twee jaar na afstuderen;3;Cohort 1999/'00;2.5;2.6;2.3;2.4;2.4;2.4;1.7;1.7;3.0;3.1;;;2.8;2.9;3.2;3.4
1416;Totaal mannen en vrouwen;0;0;3;Twee jaar na afstuderen;3;Cohort 2000/'01;2.4;2.6;2.3;2.5;2.3;2.5;;;2.9;2.9;;;2.6;2.7;3.5;3.5
1417;Totaal mannen en vrouwen;0;0;3;Twee jaar na afstuderen;3;Cohort 2001/'02;2.3;2.4;2.1;2.3;2.1;2.3;1.3;;2.8;2.8;;;2.5;2.6;3.4;3.5
1418;Totaal mannen en vrouwen;0;0;3;Twee jaar na afstuderen;3;Cohort 2002/'03;2.4;2.6;2.2;2.4;2.2;2.4;;;2.9;3.2;1.6;1.8;2.5;2.8;3.7;3.9
1419;Totaal mannen en vrouwen;0;0;3;Twee jaar na afstuderen;3;Cohort 2003/'04;2.4;2.6;2.3;2.6;2.3;2.6;;;2.6;2.8;1.6;2.0;2.5;2.6;3.1;3.1
1420;Totaal mannen en vrouwen;0;0;3;Twee jaar na afstuderen;4;Cohort 1999/'00;1.9;2.5;1.9;2.5;1.9;2.5;2.1;2.1;;;;;;;;
1421;Totaal mannen en vrouwen;0;0;3;Twee jaar na afstuderen;4;Cohort 2000/'01;1.6;2.0;1.6;2.0;1.6;2.0;;;1.7;;;;1.7;;;
1422;Totaal mannen en vrouwen;0;0;3;Twee jaar na afstuderen;4;Cohort 2001/'02;1.5;2.0;1.5;2.0;1.5;2.0;;;0.8;;;;0.8;;0.8;
1423;Totaal mannen en vrouwen;0;0;3;Twee jaar na afstuderen;4;Cohort 2002/'03;1.6;2.1;1.6;2.0;1.6;2.0;0.2;;1.7;2.6;;;1.7;2.6;;
1424;Totaal mannen en vrouwen;0;0;3;Twee jaar na afstuderen;4;Cohort 2003/'04;1.5;2.1;1.5;2.0;1.5;2.0;0.4;;1.6;2.8;;;1.6;2.8;;
1425;Totaal mannen en vrouwen;0;0;3;Twee jaar na afstuderen;5;Cohort 1999/'00;2.7;2.7;2.4;2.5;2.4;2.5;;;3.3;3.3;;;3.1;3.1;6.6;6.6
1426;Totaal mannen en vrouwen;0;0;3;Twee jaar na afstuderen;5;Cohort 2000/'01;2.4;2.6;2.2;2.4;2.2;2.4;;;3.0;3.0;;;3.0;3.0;;
1427;Totaal mannen en vrouwen;0;0;3;Twee jaar na afstuderen;5;Cohort 2001/'02;2.3;2.6;2.1;2.4;2.1;2.4;;;2.8;3.0;;;2.8;3.0;;
1428;Totaal mannen en vrouwen;0;0;3;Twee jaar na afstuderen;5;Cohort 2002/'03;2.4;2.6;2.3;2.5;2.3;2.5;;;2.8;3.0;6.1;6.1;2.5;2.6;4.1;4.1
1429;Totaal mannen en vrouwen;0;0;3;Twee jaar na afstuderen;5;Cohort 2003/'04;2.6;2.7;2.6;2.7;2.6;2.7;2.2;2.2;2.3;2.8;;;2.3;2.8;;
1430;Totaal mannen en vrouwen;0;0;3;Twee jaar na afstuderen;6;Cohort 1999/'00;2.9;3.0;2.4;2.5;2.4;2.5;;;3.5;3.6;;;3.5;3.6;;
1431;Totaal mannen en vrouwen;0;0;3;Twee jaar na afstuderen;6;Cohort 2000/'01;2.8;2.8;2.5;2.5;2.5;2.5;;;3.1;3.1;;;3.1;3.1;3.6;4.0
1432;Totaal mannen en vrouwen;0;0;3;Twee jaar na afstuderen;6;Cohort 2001/'02;2.7;2.8;2.5;2.5;2.5;2.5;;;3.3;3.4;4.2;4.2;3.2;3.4;;
1433;Totaal mannen en vrouwen;0;0;3;Twee jaar na afstuderen;6;Cohort 2002/'03;2.7;2.8;2.4;2.5;2.4;2.5;;;3.1;3.2;;;3.1;3.2;;
1434;Totaal mannen en vrouwen;0;0;3;Twee jaar na afstuderen;6;Cohort 2003/'04;3.1;3.2;2.7;2.7;2.7;2.7;;;3.7;3.8;11.6;11.6;3.6;3.7;;
1435;Totaal mannen en vrouwen;0;0;3;Twee jaar na afstuderen;7;Cohort 1999/'00;2.4;2.5;2.3;2.4;2.3;2.4;;;2.6;2.7;;;2.6;2.7;2.2;2.7
1436;Totaal mannen en vrouwen;0;0;3;Twee jaar na afstuderen;7;Cohort 2000/'01;2.4;2.5;2.3;2.4;2.3;2.4;;;2.6;2.7;;;2.6;2.7;2.7;2.8
1437;Totaal mannen en vrouwen;0;0;3;Twee jaar na afstuderen;7;Cohort 2001/'02;2.4;2.5;2.2;2.3;2.2;2.3;2.2;;2.6;2.6;;;2.6;2.6;2.6;2.6
1438;Totaal mannen en vrouwen;0;0;3;Twee jaar na afstuderen;7;Cohort 2002/'03;2.4;2.5;2.3;2.3;2.3;2.3;;;2.7;2.7;3.9;3.9;2.7;2.7;2.6;3.1
1439;Totaal mannen en vrouwen;0;0;3;Twee jaar na afstuderen;7;Cohort 2003/'04;2.7;2.8;2.5;2.7;2.5;2.7;1.6;;2.9;3.0;2.7;2.7;2.9;3.0;3.2;3.2
1440;Totaal mannen en vrouwen;0;0;3;Twee jaar na afstuderen;8;Cohort 1999/'00;2.0;2.3;2.0;2.2;2.0;2.2;;;2.2;2.5;;;2.2;2.5;3.3;3.3
1441;Totaal mannen en vrouwen;0;0;3;Twee jaar na afstuderen;8;Cohort 2000/'01;2.0;2.3;2.0;2.3;2.0;2.3;1.3;;2.0;2.4;;;2.0;2.4;2.2;
1442;Totaal mannen en vrouwen;0;0;3;Twee jaar na afstuderen;8;Cohort 2001/'02;1.9;2.2;1.9;2.2;1.9;2.2;;;1.9;2.2;;;1.9;2.2;2.1;
1443;Totaal mannen en vrouwen;0;0;3;Twee jaar na afstuderen;8;Cohort 2002/'03;2.0;2.3;2.0;2.3;2.0;2.3;0.7;;1.9;2.1;;;1.9;2.1;2.6;2.6
1444;Totaal mannen en vrouwen;0;0;3;Twee jaar na afstuderen;8;Cohort 2003/'04;2.2;2.7;2.1;2.6;2.1;2.6;;;2.3;2.9;2.4;2.8;2.2;2.7;6.1;6.1
1445;Totaal mannen en vrouwen;0;0;3;Twee jaar na afstuderen;9;Cohort 1999/'00;2.4;2.5;2.2;2.3;2.2;2.3;;;2.7;2.8;;;2.6;2.7;3.8;3.8
1446;Totaal mannen en vrouwen;0;0;3;Twee jaar na afstuderen;9;Cohort 2000/'01;2.5;2.7;2.2;2.4;2.2;2.4;;;2.9;3.0;;;2.6;2.7;4.2;4.5
1447;Totaal mannen en vrouwen;0;0;3;Twee jaar na afstuderen;9;Cohort 2001/'02;2.5;2.6;2.3;2.4;2.3;2.4;;;2.7;2.8;2.8;2.8;2.6;2.7;3.9;3.9
1448;Totaal mannen en vrouwen;0;0;3;Twee jaar na afstuderen;9;Cohort 2002/'03;2.7;2.7;2.3;2.4;2.3;2.4;;;3.2;3.0;;;3.1;2.9;3.9;3.9
1449;Totaal mannen en vrouwen;0;0;3;Twee jaar na afstuderen;9;Cohort 2003/'04;2.7;2.7;2.4;2.5;2.4;2.5;;;2.9;2.9;3.0;3.3;2.8;2.9;3.7;3.8
1450;Totaal mannen en vrouwen;0;0;3;Twee jaar na afstuderen;M Onderwijs;Cohort 1999/'00;2.1;2.2;2.1;2.3;2.1;2.3;2.1;;2.1;2.2;;;2.0;2.2;2.2;2.3
1451;Totaal mannen en vrouwen;0;0;3;Twee jaar na afstuderen;M Onderwijs;Cohort 2000/'01;2.1;2.3;2.1;2.3;2.1;2.3;0.5;;2.0;2.2;;;2.0;2.2;2.0;2.0
1452;Totaal mannen en vrouwen;0;0;3;Twee jaar na afstuderen;M Onderwijs;Cohort 2001/'02;2.2;2.4;2.2;2.4;2.2;2.4;1.6;;2.1;2.3;;;2.1;2.3;2.1;2.1
1453;Totaal mannen en vrouwen;0;0;3;Twee jaar na afstuderen;M Onderwijs;Cohort 2002/'03;2.2;2.4;2.3;2.5;2.3;2.5;2.5;;2.2;2.3;;;2.2;2.3;2.2;2.4
1454;Totaal mannen en vrouwen;0;0;3;Twee jaar na afstuderen;M Onderwijs;Cohort 2003/'04;2.3;2.5;2.3;2.5;2.3;2.5;1.9;;2.4;2.4;2.4;2.4;2.4;2.4;;
1455;Totaal mannen en vrouwen;0;0;3;Twee jaar na afstuderen;N Gezondheids- en welzijnszorg;Cohort 1999/'00;2.4;2.8;2.1;2.3;2.1;2.3;;;3.0;3.2;;;2.3;2.7;3.4;3.4
1456;Totaal mannen en vrouwen;0;0;3;Twee jaar na afstuderen;N Gezondheids- en welzijnszorg;Cohort 2000/'01;2.4;2.7;2.1;2.4;2.1;2.4;;;2.9;3.2;;;2.1;2.3;3.3;3.4
1457;Totaal mannen en vrouwen;0;0;3;Twee jaar na afstuderen;N Gezondheids- en welzijnszorg;Cohort 2001/'02;2.4;2.7;2.1;2.3;2.1;2.3;;;3.1;3.3;;;2.4;2.7;3.4;3.5
1458;Totaal mannen en vrouwen;0;0;3;Twee jaar na afstuderen;N Gezondheids- en welzijnszorg;Cohort 2002/'03;2.4;2.7;2.0;2.3;2.0;2.3;1.4;;2.8;3.1;;;2.2;2.4;3.3;3.3
1459;Totaal mannen en vrouwen;0;0;3;Twee jaar na afstuderen;N Gezondheids- en welzijnszorg;Cohort 2003/'04;2.5;2.9;2.1;2.5;2.1;2.5;;;3.1;3.3;;;2.4;2.8;3.4;3.4
1460;Totaal mannen en vrouwen;0;0;3;Twee jaar na afstuderen;9000e Milieu, cultuur, recreatie en ..;Cohort 1999/'00;2.1;2.4;2.1;2.3;2.1;2.3;2.1;2.1;2.2;2.5;;;2.0;2.5;2.4;2.4
1461;Totaal mannen en vrouwen;0;0;3;Twee jaar na afstuderen;9000e Milieu, cultuur, recreatie en ..;Cohort 2000/'01;2.2;2.3;2.1;2.2;2.1;2.2;;;2.3;2.4;;;2.0;2.2;2.5;2.6
1462;Totaal mannen en vrouwen;0;0;3;Twee jaar na afstuderen;9000e Milieu, cultuur, recreatie en ..;Cohort 2001/'02;2.3;2.5;2.1;2.4;2.2;2.4;0.8;1.4;2.5;2.6;;;2.4;2.7;2.5;2.5
1463;Totaal mannen en vrouwen;0;0;3;Twee jaar na afstuderen;9000e Milieu, cultuur, recreatie en ..;Cohort 2002/'03;2.3;2.5;1.9;2.3;1.9;2.3;;;2.6;2.7;0.9;0.9;2.5;2.8;2.7;2.7
1464;Totaal mannen en vrouwen;0;0;3;Twee jaar na afstuderen;9000e Milieu, cultuur, recreatie en ..;Cohort 2003/'04;2.5;3.0;2.4;3.2;2.3;3.0;4.4;4.4;2.5;2.8;1.1;;2.4;2.6;2.9;3.0
1465;Totaal mannen en vrouwen;0;0;3;Twee jaar na afstuderen;Onbekend;Cohort 1999/'00;3.6;3.6;;;;;;;3.6;3.6;;;2.9;2.9;5.0;5.0
1466;Totaal mannen en vrouwen;0;0;3;Twee jaar na afstuderen;Onbekend;Cohort 2000/'01;2.7;2.7;2.7;2.7;2.7;2.7;;;;;;;;;;
1467;Totaal mannen en vrouwen;0;0;3;Twee jaar na afstuderen;Onbekend;Cohort 2001/'02;4.3;4.3;;;;;;;4.3;4.3;;;4.3;4.3;;
1468;Totaal mannen en vrouwen;0;0;3;Twee jaar na afstuderen;Onbekend;Cohort 2002/'03;2.9;3.0;3.0;3.2;3.0;3.2;;;2.5;2.5;;;2.5;2.5;;
1469;Totaal mannen en vrouwen;0;0;3;Twee jaar na afstuderen;Onbekend;Cohort 2003/'04;2.1;2.2;2.2;2.2;2.2;2.2;;;2.0;;;;;;2.0;
1470;Totaal mannen en vrouwen;0;0;3;Drie jaar na afstuderen;0;Cohort 1999/'00;2.6;2.8;2.3;2.5;2.3;2.5;1.7;1.8;3.0;3.2;;;2.9;3.1;3.3;3.5
1471;Totaal mannen en vrouwen;0;0;3;Drie jaar na afstuderen;0;Cohort 2000/'01;2.5;2.7;2.3;2.5;2.3;2.5;1.4;1.9;2.9;3.1;;;2.8;3.0;3.4;3.4
1472;Totaal mannen en vrouwen;0;0;3;Drie jaar na afstuderen;0;Cohort 2001/'02;2.5;2.7;2.3;2.5;2.3;2.5;1.6;2.3;2.9;3.1;3.0;3.4;2.8;3.0;3.3;3.4
1473;Totaal mannen en vrouwen;0;0;3;Drie jaar na afstuderen;0;Cohort 2002/'03;2.7;3.0;2.5;2.8;2.5;2.8;1.2;2.4;3.1;3.3;3.3;3.9;3.0;3.2;3.5;3.7
1474;Totaal mannen en vrouwen;0;0;3;Drie jaar na afstuderen;0;Cohort 2003/'04;2.9;3.1;2.7;2.9;2.7;2.9;2.4;3.3;3.3;3.4;3.1;3.3;3.2;3.4;3.5;3.5
1475;Totaal mannen en vrouwen;0;0;3;Drie jaar na afstuderen;1;Cohort 1999/'00;;;;;;;;;;;;;;;;
1476;Totaal mannen en vrouwen;0;0;3;Drie jaar na afstuderen;1;Cohort 2000/'01;1.7;2.2;1.7;2.2;1.7;2.2;;;;;;;;;;
1477;Totaal mannen en vrouwen;0;0;3;Drie jaar na afstuderen;1;Cohort 2001/'02;2.2;;2.2;;2.2;;;;;;;;;;;
1478;Totaal mannen en vrouwen;0;0;3;Drie jaar na afstuderen;1;Cohort 2002/'03;2.8;2.8;2.8;2.8;2.8;2.8;;;;;;;;;;
1479;Totaal mannen en vrouwen;0;0;3;Drie jaar na afstuderen;1;Cohort 2003/'04;2.6;2.6;2.6;2.6;2.6;2.6;;;;;;;;;;
1480;Totaal mannen en vrouwen;0;0;3;Drie jaar na afstuderen;2;Cohort 1999/'00;2.9;2.9;2.6;2.6;2.6;2.6;;;3.4;3.4;;;3.4;3.4;;
1481;Totaal mannen en vrouwen;0;0;3;Drie jaar na afstuderen;2;Cohort 2000/'01;2.7;2.8;2.5;2.6;2.5;2.6;;;3.4;3.5;;;3.4;3.5;3.8;3.8
1482;Totaal mannen en vrouwen;0;0;3;Drie jaar na afstuderen;2;Cohort 2001/'02;2.7;2.8;2.6;2.6;2.6;2.6;;;3.0;3.1;;;3.0;3.1;3.9;3.9
1483;Totaal mannen en vrouwen;0;0;3;Drie jaar na afstuderen;2;Cohort 2002/'03;2.8;2.8;2.6;2.6;2.6;2.6;;;3.3;3.4;5.6;5.6;3.3;3.4;0.2;
1484;Totaal mannen en vrouwen;0;0;3;Drie jaar na afstuderen;2;Cohort 2003/'04;3.1;3.2;2.9;2.9;2.9;2.9;;;3.8;3.8;;;3.8;3.8;;
1485;Totaal mannen en vrouwen;0;0;3;Drie jaar na afstuderen;3;Cohort 1999/'00;2.7;2.8;2.4;2.5;2.4;2.5;1.8;1.8;3.4;3.5;;;3.2;3.3;3.7;3.9
1486;Totaal mannen en vrouwen;0;0;3;Drie jaar na afstuderen;3;Cohort 2000/'01;2.5;2.6;2.3;2.5;2.3;2.5;1.9;1.9;3.0;3.2;;;2.7;2.8;3.6;3.9
1487;Totaal mannen en vrouwen;0;0;3;Drie jaar na afstuderen;3;Cohort 2001/'02;2.4;2.6;2.2;2.5;2.2;2.5;1.0;;3.0;3.1;;;2.7;2.8;3.7;3.8
1488;Totaal mannen en vrouwen;0;0;3;Drie jaar na afstuderen;3;Cohort 2002/'03;2.9;3.1;2.6;2.9;2.6;2.9;;;3.5;3.7;2.1;1.9;3.1;3.3;4.5;4.6
1489;Totaal mannen en vrouwen;0;0;3;Drie jaar na afstuderen;3;Cohort 2003/'04;2.8;3.0;2.7;2.9;2.7;2.9;;;3.2;3.4;2.3;2.3;3.0;3.2;3.8;3.9
1490;Totaal mannen en vrouwen;0;0;3;Drie jaar na afstuderen;4;Cohort 1999/'00;2.0;2.4;2.0;2.4;2.1;2.4;1.9;1.9;1.2;;;;1.2;;;
1491;Totaal mannen en vrouwen;0;0;3;Drie jaar na afstuderen;4;Cohort 2000/'01;1.9;2.1;1.8;2.1;1.8;2.1;;;2.3;;;;2.3;;;
1492;Totaal mannen en vrouwen;0;0;3;Drie jaar na afstuderen;4;Cohort 2001/'02;1.5;2.2;1.5;2.2;1.5;2.2;;;1.3;;;;1.3;;;
1493;Totaal mannen en vrouwen;0;0;3;Drie jaar na afstuderen;4;Cohort 2002/'03;1.7;2.4;1.6;2.4;1.7;2.4;0.3;;1.8;2.7;;;1.8;2.7;;
1494;Totaal mannen en vrouwen;0;0;3;Drie jaar na afstuderen;4;Cohort 2003/'04;2.0;2.2;2.0;2.2;2.0;2.2;;;2.4;2.4;;;2.4;2.4;;
1495;Totaal mannen en vrouwen;0;0;3;Drie jaar na afstuderen;5;Cohort 1999/'00;2.6;2.7;2.4;2.5;2.4;2.5;;;3.2;3.3;;;3.2;3.3;;
1496;Totaal mannen en vrouwen;0;0;3;Drie jaar na afstuderen;5;Cohort 2000/'01;2.6;2.7;2.4;2.6;2.4;2.6;;;3.0;3.2;;;3.0;3.2;;
1497;Totaal mannen en vrouwen;0;0;3;Drie jaar na afstuderen;5;Cohort 2001/'02;2.4;2.6;2.2;2.4;2.2;2.4;;;3.0;3.3;;;3.0;3.3;;
1498;Totaal mannen en vrouwen;0;0;3;Drie jaar na afstuderen;5;Cohort 2002/'03;2.9;3.2;2.9;3.1;2.9;3.1;;;3.3;3.5;6.4;6.4;2.9;3.1;6.2;6.2
1499;Totaal mannen en vrouwen;0;0;3;Drie jaar na afstuderen;5;Cohort 2003/'04;2.6;2.8;2.5;2.7;2.5;2.7;2.3;2.3;2.8;3.3;3.1;3.1;2.8;3.3;;
1500;Totaal mannen en vrouwen;0;0;3;Drie jaar na afstuderen;6;Cohort 1999/'00;3.1;3.2;2.6;2.7;2.6;2.7;;;3.6;3.8;;;3.6;3.8;3.8;3.8
1501;Totaal mannen en vrouwen;0;0;3;Drie jaar na afstuderen;6;Cohort 2000/'01;2.9;3.0;2.6;2.7;2.6;2.7;;;3.3;3.4;;;3.3;3.4;4.8;4.8
1502;Totaal mannen en vrouwen;0;0;3;Drie jaar na afstuderen;6;Cohort 2001/'02;3.0;3.1;2.7;2.8;2.7;2.8;;;3.8;3.9;4.6;4.6;3.8;3.9;;
1503;Totaal mannen en vrouwen;0;0;3;Drie jaar na afstuderen;6;Cohort 2002/'03;3.3;3.4;2.8;2.9;2.8;2.9;;;4.1;4.1;;;4.1;4.1;;
1504;Totaal mannen en vrouwen;0;0;3;Drie jaar na afstuderen;6;Cohort 2003/'04;3.6;3.5;3.0;3.1;3.0;3.1;;;4.5;4.2;;;4.5;4.2;;
1505;Totaal mannen en vrouwen;0;0;3;Drie jaar na afstuderen;7;Cohort 1999/'00;2.6;2.7;2.5;2.5;2.5;2.5;;;2.9;3.0;;;2.9;3.0;2.6;2.6
1506;Totaal mannen en vrouwen;0;0;3;Drie jaar na afstuderen;7;Cohort 2000/'01;2.6;2.7;2.5;2.6;2.5;2.6;;;2.9;3.0;;;2.9;3.0;3.3;3.5
1507;Totaal mannen en vrouwen;0;0;3;Drie jaar na afstuderen;7;Cohort 2001/'02;2.7;2.8;2.5;2.6;2.5;2.6;2.5;;3.0;3.1;2.8;2.8;3.0;3.1;2.8;2.8
1508;Totaal mannen en vrouwen;0;0;3;Drie jaar na afstuderen;7;Cohort 2002/'03;2.9;2.9;2.7;2.8;2.7;2.8;;;3.1;3.2;3.5;3.5;3.1;3.2;2.7;2.7
1509;Totaal mannen en vrouwen;0;0;3;Drie jaar na afstuderen;7;Cohort 2003/'04;3.1;3.2;2.9;3.0;2.9;3.0;1.7;;3.3;3.4;3.1;3.1;3.3;3.5;2.6;2.6
1510;Totaal mannen en vrouwen;0;0;3;Drie jaar na afstuderen;8;Cohort 1999/'00;2.2;2.4;2.1;2.3;2.1;2.3;;;2.6;3.2;;;2.5;3.0;5.4;5.4
1511;Totaal mannen en vrouwen;0;0;3;Drie jaar na afstuderen;8;Cohort 2000/'01;2.2;2.5;2.2;2.5;2.2;2.5;;;2.2;2.6;;;2.2;2.6;1.7;
1512;Totaal mannen en vrouwen;0;0;3;Drie jaar na afstuderen;8;Cohort 2001/'02;2.1;2.5;2.1;2.4;2.1;2.4;;;2.4;2.8;;;2.4;2.8;3.9;3.8
1513;Totaal mannen en vrouwen;0;0;3;Drie jaar na afstuderen;8;Cohort 2002/'03;2.3;3.0;2.3;2.9;2.3;2.9;0.8;;2.7;3.7;;;2.6;3.7;4.0;4.0
1514;Totaal mannen en vrouwen;0;0;3;Drie jaar na afstuderen;8;Cohort 2003/'04;2.6;3.1;2.6;3.1;2.6;3.1;;;2.7;3.2;2.6;2.9;2.7;3.2;3.6;3.4
1515;Totaal mannen en vrouwen;0;0;3;Drie jaar na afstuderen;9;Cohort 1999/'00;2.6;2.8;2.3;2.5;2.3;2.5;;;2.9;3.1;;;2.8;3.0;3.8;4.0
1516;Totaal mannen en vrouwen;0;0;3;Drie jaar na afstuderen;9;Cohort 2000/'01;2.7;2.8;2.3;2.5;2.3;2.5;0.6;;3.1;3.2;;;3.0;3.0;4.4;4.5
1517;Totaal mannen en vrouwen;0;0;3;Drie jaar na afstuderen;9;Cohort 2001/'02;2.6;2.8;2.4;2.5;2.4;2.5;;;2.8;3.0;2.7;2.7;2.8;2.9;4.1;4.1
1518;Totaal mannen en vrouwen;0;0;3;Drie jaar na afstuderen;9;Cohort 2002/'03;2.7;2.8;2.5;2.7;2.5;2.7;;;2.9;3.0;;;2.8;2.9;4.5;4.5
1519;Totaal mannen en vrouwen;0;0;3;Drie jaar na afstuderen;9;Cohort 2003/'04;2.8;2.9;2.6;2.7;2.6;2.7;;;3.0;3.2;3.3;3.3;3.0;3.2;3.6;3.8
1520;Totaal mannen en vrouwen;0;0;3;Drie jaar na afstuderen;M Onderwijs;Cohort 1999/'00;2.1;2.4;2.1;2.4;2.1;2.4;2.1;;2.2;2.5;;;2.1;2.5;2.5;2.3
1521;Totaal mannen en vrouwen;0;0;3;Drie jaar na afstuderen;M Onderwijs;Cohort 2000/'01;2.3;2.5;2.3;2.5;2.3;2.5;;;2.2;2.3;;;2.2;2.3;2.3;2.3
1522;Totaal mannen en vrouwen;0;0;3;Drie jaar na afstuderen;M Onderwijs;Cohort 2001/'02;2.3;2.5;2.3;2.5;2.3;2.5;2.4;2.4;2.3;2.5;;;2.3;2.5;2.4;2.4
1523;Totaal mannen en vrouwen;0;0;3;Drie jaar na afstuderen;M Onderwijs;Cohort 2002/'03;2.4;2.6;2.3;2.6;2.3;2.6;2.2;2.4;2.4;2.6;;;2.5;2.6;2.0;
1524;Totaal mannen en vrouwen;0;0;3;Drie jaar na afstuderen;M Onderwijs;Cohort 2003/'04;2.5;2.7;2.4;2.6;2.4;2.6;2.6;;2.7;2.8;4.8;4.8;2.6;2.7;2.1;2.1
1525;Totaal mannen en vrouwen;0;0;3;Drie jaar na afstuderen;N Gezondheids- en welzijnszorg;Cohort 1999/'00;2.5;3.0;2.2;2.5;2.2;2.5;;;3.1;3.5;;;2.4;2.7;3.6;3.8
1526;Totaal mannen en vrouwen;0;0;3;Drie jaar na afstuderen;N Gezondheids- en welzijnszorg;Cohort 2000/'01;2.4;2.8;2.1;2.5;2.1;2.5;;;3.0;3.1;;;2.2;2.4;3.5;3.4
1527;Totaal mannen en vrouwen;0;0;3;Drie jaar na afstuderen;N Gezondheids- en welzijnszorg;Cohort 2001/'02;2.5;2.8;2.2;2.5;2.2;2.5;1.7;;3.0;3.3;;;2.4;2.7;3.4;3.4
1528;Totaal mannen en vrouwen;0;0;3;Drie jaar na afstuderen;N Gezondheids- en welzijnszorg;Cohort 2002/'03;2.6;3.0;2.3;2.6;2.3;2.6;;;3.1;3.4;;;2.5;2.8;3.5;3.6
1529;Totaal mannen en vrouwen;0;0;3;Drie jaar na afstuderen;N Gezondheids- en welzijnszorg;Cohort 2003/'04;2.8;3.1;2.3;2.7;2.3;2.7;;;3.4;3.5;;;2.8;3.1;3.7;3.7
1530;Totaal mannen en vrouwen;0;0;3;Drie jaar na afstuderen;9000e Milieu, cultuur, recreatie en ..;Cohort 1999/'00;2.2;2.5;2.0;2.4;2.0;2.4;0.7;;2.4;2.5;;;2.2;2.5;2.5;2.5
1531;Totaal mannen en vrouwen;0;0;3;Drie jaar na afstuderen;9000e Milieu, cultuur, recreatie en ..;Cohort 2000/'01;2.3;2.5;2.2;2.4;2.2;2.4;1.8;;2.5;2.6;;;2.3;2.5;2.6;2.7
1532;Totaal mannen en vrouwen;0;0;3;Drie jaar na afstuderen;9000e Milieu, cultuur, recreatie en ..;Cohort 2001/'02;2.4;2.6;2.3;2.6;2.4;2.6;1.5;2.2;2.5;2.7;2.0;;2.4;2.6;2.6;2.7
1533;Totaal mannen en vrouwen;0;0;3;Drie jaar na afstuderen;9000e Milieu, cultuur, recreatie en ..;Cohort 2002/'03;2.6;2.8;2.3;2.6;2.4;2.6;1.0;;2.8;3.1;2.3;2.3;2.8;3.4;2.8;2.9
1534;Totaal mannen en vrouwen;0;0;3;Drie jaar na afstuderen;9000e Milieu, cultuur, recreatie en ..;Cohort 2003/'04;2.6;2.8;2.3;2.6;2.3;2.5;2.6;3.6;2.8;3.0;2.8;;2.7;3.0;2.9;2.9
1535;Totaal mannen en vrouwen;0;0;3;Drie jaar na afstuderen;Onbekend;Cohort 1999/'00;2.9;3.5;4.2;4.2;4.2;4.2;;;2.6;3.2;;;1.7;2.5;3.6;3.6
1536;Totaal mannen en vrouwen;0;0;3;Drie jaar na afstuderen;Onbekend;Cohort 2000/'01;4.0;3.2;;;;;;;4.0;3.2;;;4.0;3.2;;
1537;Totaal mannen en vrouwen;0;0;3;Drie jaar na afstuderen;Onbekend;Cohort 2001/'02;5.5;5.5;4.0;4.0;4.0;4.0;;;6.0;6.0;;;5.4;5.4;7.3;7.3
1538;Totaal mannen en vrouwen;0;0;3;Drie jaar na afstuderen;Onbekend;Cohort 2002/'03;;;;;;;;;;;;;;;;
1539;Totaal mannen en vrouwen;0;0;3;Drie jaar na afstuderen;Onbekend;Cohort 2003/'04;;;;;;;;;;;;;;;;
1540;Totaal mannen en vrouwen;0;0;3;Vier jaar na afstuderen;0;Cohort 1999/'00;2.7;3.0;2.5;2.7;2.5;2.7;2.1;2.4;3.2;3.4;;;3.2;3.4;3.4;3.5
1541;Totaal mannen en vrouwen;0;0;3;Vier jaar na afstuderen;0;Cohort 2000/'01;2.7;3.0;2.5;2.8;2.5;2.8;2.0;2.3;3.2;3.4;;;3.1;3.3;3.5;3.6
1542;Totaal mannen en vrouwen;0;0;3;Vier jaar na afstuderen;0;Cohort 2001/'02;2.8;3.1;2.6;2.8;2.6;2.8;2.1;3.2;3.3;3.6;3.5;3.5;3.2;3.5;3.6;3.8
1543;Totaal mannen en vrouwen;0;0;3;Vier jaar na afstuderen;0;Cohort 2002/'03;3.0;3.3;2.8;3.0;2.8;3.0;1.3;2.5;3.4;3.7;3.6;3.6;3.3;3.6;4.0;4.2
1544;Totaal mannen en vrouwen;0;0;3;Vier jaar na afstuderen;0;Cohort 2003/'04;3.2;3.4;2.9;3.2;2.9;3.2;2.5;2.5;3.6;3.8;3.5;3.7;3.5;3.8;3.7;3.8
1545;Totaal mannen en vrouwen;0;0;3;Vier jaar na afstuderen;1;Cohort 1999/'00;;;;;;;;;;;;;;;;
1546;Totaal mannen en vrouwen;0;0;3;Vier jaar na afstuderen;1;Cohort 2000/'01;1.6;2.3;1.6;2.3;1.6;2.3;;;;;;;;;;
1547;Totaal mannen en vrouwen;0;0;3;Vier jaar na afstuderen;1;Cohort 2001/'02;;;;;;;;;;;;;;;;
1548;Totaal mannen en vrouwen;0;0;3;Vier jaar na afstuderen;1;Cohort 2002/'03;2.2;2.2;2.2;2.2;2.2;2.2;;;;;;;;;;
1549;Totaal mannen en vrouwen;0;0;3;Vier jaar na afstuderen;1;Cohort 2003/'04;2.8;2.8;2.9;2.9;2.9;2.9;;;2.5;2.5;;;2.5;2.5;;
1550;Totaal mannen en vrouwen;0;0;3;Vier jaar na afstuderen;2;Cohort 1999/'00;3.1;3.1;2.7;2.8;2.7;2.8;;;3.7;3.7;;;3.7;3.7;;
1551;Totaal mannen en vrouwen;0;0;3;Vier jaar na afstuderen;2;Cohort 2000/'01;2.9;3.0;2.6;2.7;2.6;2.7;;;3.8;3.9;;;3.8;3.9;4.2;4.2
1552;Totaal mannen en vrouwen;0;0;3;Vier jaar na afstuderen;2;Cohort 2001/'02;3.0;3.1;2.8;2.9;2.8;2.9;;;3.4;3.5;;;3.4;3.5;4.4;4.4
1553;Totaal mannen en vrouwen;0;0;3;Vier jaar na afstuderen;2;Cohort 2002/'03;3.0;3.1;2.9;3.0;2.9;3.0;;;3.4;3.6;;;3.4;3.6;;
1554;Totaal mannen en vrouwen;0;0;3;Vier jaar na afstuderen;2;Cohort 2003/'04;3.5;3.6;3.4;3.4;3.4;3.4;;;4.0;4.1;3.2;;4.0;4.1;;
1555;Totaal mannen en vrouwen;0;0;3;Vier jaar na afstuderen;3;Cohort 1999/'00;3.0;3.2;2.8;3.0;2.8;3.0;2.0;;3.5;3.5;;;3.5;3.3;3.7;4.3
1556;Totaal mannen en vrouwen;0;0;3;Vier jaar na afstuderen;3;Cohort 2000/'01;2.8;3.0;2.6;2.8;2.6;2.8;2.2;2.2;3.3;3.5;;;3.0;3.3;3.8;3.9
1557;Totaal mannen en vrouwen;0;0;3;Vier jaar na afstuderen;3;Cohort 2001/'02;2.9;3.0;2.6;2.8;2.6;2.8;2.2;3.0;3.7;3.8;;;3.5;3.6;4.0;4.1
1558;Totaal mannen en vrouwen;0;0;3;Vier jaar na afstuderen;3;Cohort 2002/'03;3.3;3.5;2.9;3.2;2.9;3.2;;;4.1;4.2;3.5;3.5;3.7;3.8;5.0;5.2
1559;Totaal mannen en vrouwen;0;0;3;Vier jaar na afstuderen;3;Cohort 2003/'04;3.3;3.4;3.1;3.2;3.1;3.2;1.1;1.1;3.7;3.8;3.1;3.1;3.6;3.7;3.9;4.1
1560;Totaal mannen en vrouwen;0;0;3;Vier jaar na afstuderen;4;Cohort 1999/'00;2.2;2.5;2.0;2.4;2.0;2.4;;;4.7;4.7;;;4.7;4.7;;
1561;Totaal mannen en vrouwen;0;0;3;Vier jaar na afstuderen;4;Cohort 2000/'01;1.9;2.0;1.9;2.0;1.9;2.0;;;1.6;;;;1.6;;;
1562;Totaal mannen en vrouwen;0;0;3;Vier jaar na afstuderen;4;Cohort 2001/'02;1.7;2.2;1.7;2.2;1.7;2.2;;;2.3;2.3;;;2.3;2.3;;
1563;Totaal mannen en vrouwen;0;0;3;Vier jaar na afstuderen;4;Cohort 2002/'03;1.8;2.4;1.7;2.4;1.7;2.4;0.5;;2.1;2.3;;;2.1;2.3;;
1564;Totaal mannen en vrouwen;0;0;3;Vier jaar na afstuderen;4;Cohort 2003/'04;2.2;2.5;2.1;2.4;2.1;2.4;;;2.9;3.1;;;2.9;3.1;;
1565;Totaal mannen en vrouwen;0;0;3;Vier jaar na afstuderen;5;Cohort 1999/'00;2.9;3.0;2.6;2.7;2.6;2.7;;;3.6;3.6;;;3.6;3.6;2.7;
1566;Totaal mannen en vrouwen;0;0;3;Vier jaar na afstuderen;5;Cohort 2000/'01;2.8;3.2;2.6;2.9;2.6;2.9;;;3.4;3.7;;;3.3;3.7;4.1;4.1
1567;Totaal mannen en vrouwen;0;0;3;Vier jaar na afstuderen;5;Cohort 2001/'02;2.7;2.9;2.5;2.6;2.5;2.6;;;3.5;4.1;;;3.5;4.1;;
1568;Totaal mannen en vrouwen;0;0;3;Vier jaar na afstuderen;5;Cohort 2002/'03;3.0;3.1;2.8;2.9;2.8;2.9;;;3.5;3.7;6.5;6.5;3.1;3.3;7.5;7.5
1569;Totaal mannen en vrouwen;0;0;3;Vier jaar na afstuderen;5;Cohort 2003/'04;3.0;3.2;2.9;3.1;2.9;3.1;2.2;2.2;3.3;3.6;3.4;3.4;3.2;3.6;;
1570;Totaal mannen en vrouwen;0;0;3;Vier jaar na afstuderen;6;Cohort 1999/'00;3.3;3.4;2.8;2.9;2.8;2.9;;;3.9;4.1;;;3.9;4.1;4.5;4.5
1571;Totaal mannen en vrouwen;0;0;3;Vier jaar na afstuderen;6;Cohort 2000/'01;3.3;3.4;3.0;3.1;3.0;3.1;;;3.7;3.8;;;3.7;3.8;;
1572;Totaal mannen en vrouwen;0;0;3;Vier jaar na afstuderen;6;Cohort 2001/'02;3.4;3.5;3.1;3.3;3.1;3.3;;;4.0;4.0;5.4;5.4;3.9;3.9;;
1573;Totaal mannen en vrouwen;0;0;3;Vier jaar na afstuderen;6;Cohort 2002/'03;3.5;3.6;3.2;3.3;3.2;3.3;;;4.1;4.3;;;4.1;4.3;;
1574;Totaal mannen en vrouwen;0;0;3;Vier jaar na afstuderen;6;Cohort 2003/'04;3.8;3.9;3.4;3.5;3.4;3.5;;;4.6;4.7;6.7;6.7;4.5;4.7;1.5;
1575;Totaal mannen en vrouwen;0;0;3;Vier jaar na afstuderen;7;Cohort 1999/'00;2.9;3.0;2.7;2.7;2.7;2.7;;;3.2;3.3;;;3.2;3.3;2.8;2.8
1576;Totaal mannen en vrouwen;0;0;3;Vier jaar na afstuderen;7;Cohort 2000/'01;2.9;3.0;2.7;2.8;2.7;2.8;;;3.2;3.4;;;3.2;3.4;3.3;3.5
1577;Totaal mannen en vrouwen;0;0;3;Vier jaar na afstuderen;7;Cohort 2001/'02;3.1;3.3;2.8;2.9;2.8;2.9;2.8;3.4;3.7;3.9;;;3.7;3.9;3.5;4.2
1578;Totaal mannen en vrouwen;0;0;3;Vier jaar na afstuderen;7;Cohort 2002/'03;3.3;3.4;3.1;3.2;3.1;3.2;;;3.7;3.8;2.5;2.5;3.7;3.8;2.6;2.6
1579;Totaal mannen en vrouwen;0;0;3;Vier jaar na afstuderen;7;Cohort 2003/'04;3.5;3.6;3.3;3.4;3.3;3.4;2.6;2.5;3.7;3.9;3.3;3.3;3.7;3.9;2.5;2.5
1580;Totaal mannen en vrouwen;0;0;3;Vier jaar na afstuderen;8;Cohort 1999/'00;2.3;2.6;2.2;2.5;2.2;2.5;;;2.7;3.1;;;2.5;3.0;5.7;5.4
1581;Totaal mannen en vrouwen;0;0;3;Vier jaar na afstuderen;8;Cohort 2000/'01;2.4;2.7;2.4;2.7;2.4;2.7;;;2.0;2.7;;;2.0;2.7;1.6;
1582;Totaal mannen en vrouwen;0;0;3;Vier jaar na afstuderen;8;Cohort 2001/'02;2.4;3.0;2.3;2.9;2.3;2.9;1.1;;2.9;3.4;3.1;3.1;2.8;3.3;4.5;4.5
1583;Totaal mannen en vrouwen;0;0;3;Vier jaar na afstuderen;8;Cohort 2002/'03;2.8;3.2;2.7;3.1;2.8;3.1;0.6;;3.0;3.8;;;3.0;3.8;;
1584;Totaal mannen en vrouwen;0;0;3;Vier jaar na afstuderen;8;Cohort 2003/'04;2.9;3.3;2.8;3.3;2.8;3.3;;;3.1;3.4;2.7;3.2;3.2;3.4;2.9;
1585;Totaal mannen en vrouwen;0;0;3;Vier jaar na afstuderen;9;Cohort 1999/'00;2.8;2.9;2.5;2.6;2.5;2.6;;;3.2;3.3;;;3.2;3.3;4.1;4.1
1586;Totaal mannen en vrouwen;0;0;3;Vier jaar na afstuderen;9;Cohort 2000/'01;2.9;3.0;2.5;2.7;2.5;2.7;1.7;2.3;3.4;3.4;;;3.2;3.3;4.4;4.6
1587;Totaal mannen en vrouwen;0;0;3;Vier jaar na afstuderen;9;Cohort 2001/'02;2.9;3.1;2.6;2.8;2.6;2.8;;;3.2;3.4;3.2;3.2;3.1;3.2;4.9;4.9
1588;Totaal mannen en vrouwen;0;0;3;Vier jaar na afstuderen;9;Cohort 2002/'03;2.9;3.1;2.7;2.8;2.7;2.8;;;3.2;3.5;2.8;2.8;3.1;3.3;4.5;4.5
1589;Totaal mannen en vrouwen;0;0;3;Vier jaar na afstuderen;9;Cohort 2003/'04;3.1;3.3;2.9;3.0;2.9;3.0;;;3.4;3.5;3.5;3.7;3.3;3.5;3.8;4.2
1590;Totaal mannen en vrouwen;0;0;3;Vier jaar na afstuderen;M Onderwijs;Cohort 1999/'00;2.3;2.6;2.3;2.6;2.3;2.6;2.1;2.4;2.4;2.7;;;2.3;2.7;2.8;3.4
1591;Totaal mannen en vrouwen;0;0;3;Vier jaar na afstuderen;M Onderwijs;Cohort 2000/'01;2.4;2.6;2.4;2.7;2.4;2.7;;;2.4;2.5;;;2.4;2.5;2.4;2.4
1592;Totaal mannen en vrouwen;0;0;3;Vier jaar na afstuderen;M Onderwijs;Cohort 2001/'02;2.4;2.7;2.4;2.6;2.4;2.6;2.4;;2.6;2.8;;;2.6;2.8;2.7;2.7
1593;Totaal mannen en vrouwen;0;0;3;Vier jaar na afstuderen;M Onderwijs;Cohort 2002/'03;2.5;2.8;2.4;2.8;2.5;2.8;1.9;2.5;2.7;2.8;;;2.7;2.8;1.9;
1594;Totaal mannen en vrouwen;0;0;3;Vier jaar na afstuderen;M Onderwijs;Cohort 2003/'04;2.6;2.8;2.5;2.8;2.5;2.8;2.2;;2.7;2.9;2.8;2.8;2.7;2.9;;
1595;Totaal mannen en vrouwen;0;0;3;Vier jaar na afstuderen;N Gezondheids- en welzijnszorg;Cohort 1999/'00;2.6;3.0;2.3;2.6;2.3;2.6;;;3.1;3.5;;;2.5;2.8;3.5;3.7
1596;Totaal mannen en vrouwen;0;0;3;Vier jaar na afstuderen;N Gezondheids- en welzijnszorg;Cohort 2000/'01;2.5;2.9;2.2;2.6;2.2;2.6;;;3.1;3.3;;;2.4;2.6;3.6;3.6
1597;Totaal mannen en vrouwen;0;0;3;Vier jaar na afstuderen;N Gezondheids- en welzijnszorg;Cohort 2001/'02;2.6;3.0;2.3;2.6;2.3;2.6;;;3.2;3.6;;;2.6;2.8;3.6;3.7
1598;Totaal mannen en vrouwen;0;0;3;Vier jaar na afstuderen;N Gezondheids- en welzijnszorg;Cohort 2002/'03;2.8;3.3;2.4;2.8;2.4;2.8;;;3.5;3.8;;;2.7;3.0;3.9;4.1
1599;Totaal mannen en vrouwen;0;0;3;Vier jaar na afstuderen;N Gezondheids- en welzijnszorg;Cohort 2003/'04;2.9;3.4;2.4;2.9;2.4;2.9;;;3.5;3.8;2.3;;2.8;3.3;3.9;3.9
1600;Totaal mannen en vrouwen;0;0;3;Vier jaar na afstuderen;9000e Milieu, cultuur, recreatie en ..;Cohort 1999/'00;2.3;2.5;2.1;2.5;2.1;2.5;;;2.5;2.6;;;2.5;2.8;2.4;2.4
1601;Totaal mannen en vrouwen;0;0;3;Vier jaar na afstuderen;9000e Milieu, cultuur, recreatie en ..;Cohort 2000/'01;2.3;2.6;2.2;2.5;2.2;2.5;2.3;;2.5;2.7;;;2.5;2.7;2.6;2.7
1602;Totaal mannen en vrouwen;0;0;3;Vier jaar na afstuderen;9000e Milieu, cultuur, recreatie en ..;Cohort 2001/'02;2.6;3.0;2.5;3.0;2.5;3.0;1.5;;2.9;3.0;2.2;2.2;2.8;2.9;3.0;3.1
1603;Totaal mannen en vrouwen;0;0;3;Vier jaar na afstuderen;9000e Milieu, cultuur, recreatie en ..;Cohort 2002/'03;2.6;3.1;2.4;2.9;2.4;2.9;1.5;;2.9;3.3;;;2.8;3.5;3.0;3.1
1604;Totaal mannen en vrouwen;0;0;3;Vier jaar na afstuderen;9000e Milieu, cultuur, recreatie en ..;Cohort 2003/'04;2.6;3.0;2.3;2.8;2.2;2.8;3.3;3.4;2.9;3.1;3.0;;2.8;3.2;3.0;2.9
1605;Totaal mannen en vrouwen;0;0;3;Vier jaar na afstuderen;Onbekend;Cohort 1999/'00;3.6;3.6;;;;;;;3.6;3.6;;;3.5;3.5;4.2;4.2
1606;Totaal mannen en vrouwen;0;0;3;Vier jaar na afstuderen;Onbekend;Cohort 2000/'01;3.3;3.3;2.9;2.9;2.9;2.9;;;3.4;3.4;;;3.5;3.5;3.0;3.0
1607;Totaal mannen en vrouwen;0;0;3;Vier jaar na afstuderen;Onbekend;Cohort 2001/'02;2.8;3.2;2.8;3.2;2.8;3.2;;;;;;;;;;
1608;Totaal mannen en vrouwen;0;0;3;Vier jaar na afstuderen;Onbekend;Cohort 2002/'03;;;;;;;;;;;;;;;;
1609;Totaal mannen en vrouwen;0;0;3;Vier jaar na afstuderen;Onbekend;Cohort 2003/'04;3.6;;3.6;;3.6;;;;;;;;;;;
1610;Totaal mannen en vrouwen;0;0;3;Vijf jaar na afstuderen;0;Cohort 1999/'00;2.9;3.2;2.6;2.9;2.6;2.9;1.8;2.5;3.5;3.8;;;3.5;3.9;3.6;3.7
1611;Totaal mannen en vrouwen;0;0;3;Vijf jaar na afstuderen;0;Cohort 2000/'01;3.1;3.4;2.8;3.1;2.8;3.1;2.1;3.2;3.7;3.9;;;3.6;3.9;4.0;4.1
1612;Totaal mannen en vrouwen;0;0;3;Vijf jaar na afstuderen;0;Cohort 2001/'02;3.1;3.4;2.8;3.1;2.8;3.1;2.2;3.3;3.7;4.0;3.4;3.4;3.7;4.0;4.0;4.2
1613;Totaal mannen en vrouwen;0;0;3;Vijf jaar na afstuderen;0;Cohort 2002/'03;3.3;3.7;3.0;3.4;3.0;3.4;1.8;2.8;3.9;4.3;3.6;4.4;3.8;4.2;4.3;4.4
1614;Totaal mannen en vrouwen;0;0;3;Vijf jaar na afstuderen;0;Cohort 2003/'04;;;;;;;;;;;;;;;;
1615;Totaal mannen en vrouwen;0;0;3;Vijf jaar na afstuderen;1;Cohort 1999/'00;;;;;;;;;;;;;;;;
1616;Totaal mannen en vrouwen;0;0;3;Vijf jaar na afstuderen;1;Cohort 2000/'01;2.4;2.3;2.4;2.3;2.4;2.3;;;;;;;;;;
1617;Totaal mannen en vrouwen;0;0;3;Vijf jaar na afstuderen;1;Cohort 2001/'02;3.1;;3.1;;3.1;;;;;;;;;;;
1618;Totaal mannen en vrouwen;0;0;3;Vijf jaar na afstuderen;1;Cohort 2002/'03;3.5;3.5;3.4;3.4;3.4;3.4;;;3.6;3.6;;;3.6;3.6;;
1619;Totaal mannen en vrouwen;0;0;3;Vijf jaar na afstuderen;1;Cohort 2003/'04;;;;;;;;;;;;;;;;
1620;Totaal mannen en vrouwen;0;0;3;Vijf jaar na afstuderen;2;Cohort 1999/'00;3.2;3.3;2.8;2.9;2.8;2.9;;;4.0;4.0;;;4.0;4.0;;
1621;Totaal mannen en vrouwen;0;0;3;Vijf jaar na afstuderen;2;Cohort 2000/'01;3.3;3.3;3.0;3.1;3.0;3.1;;;4.1;4.2;;;4.0;4.1;5.4;5.4
1622;Totaal mannen en vrouwen;0;0;3;Vijf jaar na afstuderen;2;Cohort 2001/'02;3.2;3.4;3.0;3.2;3.0;3.2;;;3.7;3.9;;;3.6;3.8;4.8;4.8
1623;Totaal mannen en vrouwen;0;0;3;Vijf jaar na afstuderen;2;Cohort 2002/'03;3.4;3.5;3.3;3.4;3.3;3.4;;;3.8;4.0;;;3.8;4.0;;
1624;Totaal mannen en vrouwen;0;0;3;Vijf jaar na afstuderen;2;Cohort 2003/'04;;;;;;;;;;;;;;;;
1625;Totaal mannen en vrouwen;0;0;3;Vijf jaar na afstuderen;3;Cohort 1999/'00;3.2;3.4;2.9;3.1;3.0;3.1;1.2;;3.7;4.0;;;3.6;3.8;4.0;4.9
1626;Totaal mannen en vrouwen;0;0;3;Vijf jaar na afstuderen;3;Cohort 2000/'01;3.3;3.5;3.1;3.3;3.1;3.3;2.0;2.9;3.9;4.0;;;3.5;3.6;4.4;4.6
1627;Totaal mannen en vrouwen;0;0;3;Vijf jaar na afstuderen;3;Cohort 2001/'02;3.2;3.4;2.9;3.0;2.9;3.0;2.5;2.5;4.3;4.5;;;4.1;4.4;4.7;4.9
1628;Totaal mannen en vrouwen;0;0;3;Vijf jaar na afstuderen;3;Cohort 2002/'03;3.6;3.8;3.3;3.5;3.3;3.5;;;4.3;4.6;3.5;4.7;3.8;3.9;5.5;5.9
1629;Totaal mannen en vrouwen;0;0;3;Vijf jaar na afstuderen;3;Cohort 2003/'04;;;;;;;;;;;;;;;;
1630;Totaal mannen en vrouwen;0;0;3;Vijf jaar na afstuderen;4;Cohort 1999/'00;1.8;2.3;2.1;2.3;2.1;2.3;;;0.8;;;;0.8;;;
1631;Totaal mannen en vrouwen;0;0;3;Vijf jaar na afstuderen;4;Cohort 2000/'01;1.6;2.3;1.6;2.3;1.6;2.3;;;1.8;;;;1.8;;;
1632;Totaal mannen en vrouwen;0;0;3;Vijf jaar na afstuderen;4;Cohort 2001/'02;2.1;2.4;2.0;2.4;2.0;2.4;;;2.9;2.9;;;2.9;2.9;;
1633;Totaal mannen en vrouwen;0;0;3;Vijf jaar na afstuderen;4;Cohort 2002/'03;2.0;2.7;2.0;2.6;2.0;2.6;;;2.3;2.8;;;2.3;2.8;;
1634;Totaal mannen en vrouwen;0;0;3;Vijf jaar na afstuderen;4;Cohort 2003/'04;;;;;;;;;;;;;;;;
1635;Totaal mannen en vrouwen;0;0;3;Vijf jaar na afstuderen;5;Cohort 1999/'00;2.9;3.1;2.7;2.9;2.7;2.9;;;3.5;3.7;;;3.5;3.7;;
1636;Totaal mannen en vrouwen;0;0;3;Vijf jaar na afstuderen;5;Cohort 2000/'01;3.6;3.9;3.2;3.4;3.2;3.4;;;4.6;5.1;;;4.6;5.1;;
1637;Totaal mannen en vrouwen;0;0;3;Vijf jaar na afstuderen;5;Cohort 2001/'02;2.9;3.1;2.8;2.9;2.8;2.9;0.9;;3.8;4.1;;;3.8;4.1;;
1638;Totaal mannen en vrouwen;0;0;3;Vijf jaar na afstuderen;5;Cohort 2002/'03;3.3;3.3;3.0;3.0;3.0;3.0;;;4.2;4.2;6.6;6.6;4.1;4.1;;
1639;Totaal mannen en vrouwen;0;0;3;Vijf jaar na afstuderen;5;Cohort 2003/'04;;;;;;;;;;;;;;;;
1640;Totaal mannen en vrouwen;0;0;3;Vijf jaar na afstuderen;6;Cohort 1999/'00;3.9;4.2;3.1;3.3;3.1;3.3;;;5.1;5.4;;;5.1;5.4;;
1641;Totaal mannen en vrouwen;0;0;3;Vijf jaar na afstuderen;6;Cohort 2000/'01;3.7;3.8;3.3;3.4;3.3;3.4;;;4.4;4.6;;;4.4;4.5;4.4;5.4
1642;Totaal mannen en vrouwen;0;0;3;Vijf jaar na afstuderen;6;Cohort 2001/'02;3.8;4.0;3.4;3.6;3.4;3.6;;;4.5;4.7;4.3;4.3;4.4;4.7;5.6;5.6
1643;Totaal mannen en vrouwen;0;0;3;Vijf jaar na afstuderen;6;Cohort 2002/'03;4.5;4.9;3.6;3.8;3.6;3.8;;;6.3;6.7;;;6.3;6.7;;
1644;Totaal mannen en vrouwen;0;0;3;Vijf jaar na afstuderen;6;Cohort 2003/'04;;;;;;;;;;;;;;;;
1645;Totaal mannen en vrouwen;0;0;3;Vijf jaar na afstuderen;7;Cohort 1999/'00;3.1;3.3;2.8;2.9;2.8;2.9;;;3.6;3.8;;;3.6;3.8;4.0;4.0
1646;Totaal mannen en vrouwen;0;0;3;Vijf jaar na afstuderen;7;Cohort 2000/'01;3.4;3.6;3.0;3.2;3.0;3.2;;;4.0;4.1;;;4.0;4.1;4.0;4.2
1647;Totaal mannen en vrouwen;0;0;3;Vijf jaar na afstuderen;7;Cohort 2001/'02;3.5;3.7;3.1;3.3;3.1;3.3;3.1;4.2;4.2;4.3;;;4.2;4.3;2.5;3.1
1648;Totaal mannen en vrouwen;0;0;3;Vijf jaar na afstuderen;7;Cohort 2002/'03;3.7;3.9;3.5;3.6;3.5;3.6;;;4.1;4.2;2.6;2.6;4.1;4.3;4.9;2.9
1649;Totaal mannen en vrouwen;0;0;3;Vijf jaar na afstuderen;7;Cohort 2003/'04;;;;;;;;;;;;;;;;
1650;Totaal mannen en vrouwen;0;0;3;Vijf jaar na afstuderen;8;Cohort 1999/'00;2.5;2.8;2.4;2.7;2.4;2.7;;;2.9;3.2;;;2.9;3.1;3.6;4.9
1651;Totaal mannen en vrouwen;0;0;3;Vijf jaar na afstuderen;8;Cohort 2000/'01;2.7;3.1;2.7;3.1;2.7;3.1;;;2.6;3.5;;;2.6;3.5;;
1652;Totaal mannen en vrouwen;0;0;3;Vijf jaar na afstuderen;8;Cohort 2001/'02;2.7;3.4;2.6;3.2;2.6;3.2;1.6;;3.3;3.8;3.4;3.4;3.2;3.7;4.4;4.6
1653;Totaal mannen en vrouwen;0;0;3;Vijf jaar na afstuderen;8;Cohort 2002/'03;2.9;3.5;2.8;3.3;2.8;3.3;1.6;;3.2;3.9;;;3.3;3.9;2.2;
1654;Totaal mannen en vrouwen;0;0;3;Vijf jaar na afstuderen;8;Cohort 2003/'04;;;;;;;;;;;;;;;;
1655;Totaal mannen en vrouwen;0;0;3;Vijf jaar na afstuderen;9;Cohort 1999/'00;3.0;3.2;2.7;2.9;2.7;2.9;;;3.4;3.5;;;3.4;3.4;4.3;4.5
1656;Totaal mannen en vrouwen;0;0;3;Vijf jaar na afstuderen;9;Cohort 2000/'01;3.2;3.3;2.8;2.9;2.8;2.9;2.5;2.5;3.6;3.8;;;3.5;3.6;4.6;5.2
1657;Totaal mannen en vrouwen;0;0;3;Vijf jaar na afstuderen;9;Cohort 2001/'02;3.1;3.2;2.8;3.0;2.8;3.0;;;3.4;3.6;;;3.3;3.5;4.4;4.6
1658;Totaal mannen en vrouwen;0;0;3;Vijf jaar na afstuderen;9;Cohort 2002/'03;3.2;3.4;3.0;3.1;3.0;3.1;;;3.4;3.7;3.2;3.2;3.3;3.5;4.7;4.7
1659;Totaal mannen en vrouwen;0;0;3;Vijf jaar na afstuderen;9;Cohort 2003/'04;;;;;;;;;;;;;;;;
1660;Totaal mannen en vrouwen;0;0;3;Vijf jaar na afstuderen;M Onderwijs;Cohort 1999/'00;2.4;2.8;2.4;2.7;2.4;2.7;2.1;2.5;2.4;3.0;;;2.4;3.0;3.3;3.3
1661;Totaal mannen en vrouwen;0;0;3;Vijf jaar na afstuderen;M Onderwijs;Cohort 2000/'01;2.4;2.7;2.4;2.7;2.4;2.7;0.7;;2.6;2.9;;;2.6;2.9;2.7;2.7
1662;Totaal mannen en vrouwen;0;0;3;Vijf jaar na afstuderen;M Onderwijs;Cohort 2001/'02;2.5;2.8;2.4;2.7;2.4;2.7;2.3;;2.7;3.1;;;2.7;3.1;;
1663;Totaal mannen en vrouwen;0;0;3;Vijf jaar na afstuderen;M Onderwijs;Cohort 2002/'03;2.6;2.9;2.5;2.9;2.5;2.9;2.1;2.8;2.7;3.0;2.0;;2.7;3.0;2.8;3.4
1664;Totaal mannen en vrouwen;0;0;3;Vijf jaar na afstuderen;M Onderwijs;Cohort 2003/'04;;;;;;;;;;;;;;;;
1665;Totaal mannen en vrouwen;0;0;3;Vijf jaar na afstuderen;N Gezondheids- en welzijnszorg;Cohort 1999/'00;2.6;3.1;2.3;2.7;2.3;2.7;;;3.2;3.5;;;2.6;3.1;3.6;3.6
1666;Totaal mannen en vrouwen;0;0;3;Vijf jaar na afstuderen;N Gezondheids- en welzijnszorg;Cohort 2000/'01;2.7;3.1;2.3;2.7;2.3;2.7;;;3.4;3.6;;;2.6;2.8;3.9;3.9
1667;Totaal mannen en vrouwen;0;0;3;Vijf jaar na afstuderen;N Gezondheids- en welzijnszorg;Cohort 2001/'02;2.8;3.3;2.4;2.8;2.4;2.8;;;3.6;4.0;;;2.8;3.1;4.0;4.2
1668;Totaal mannen en vrouwen;0;0;3;Vijf jaar na afstuderen;N Gezondheids- en welzijnszorg;Cohort 2002/'03;3.0;3.4;2.6;3.0;2.6;3.0;;;3.7;3.8;;;2.9;3.1;4.1;4.1
1669;Totaal mannen en vrouwen;0;0;3;Vijf jaar na afstuderen;N Gezondheids- en welzijnszorg;Cohort 2003/'04;;;;;;;;;;;;;;;;
1670;Totaal mannen en vrouwen;0;0;3;Vijf jaar na afstuderen;9000e Milieu, cultuur, recreatie en ..;Cohort 1999/'00;2.5;2.8;2.3;2.6;2.3;2.6;;;2.8;2.9;;;2.7;2.8;2.9;2.9
1671;Totaal mannen en vrouwen;0;0;3;Vijf jaar na afstuderen;9000e Milieu, cultuur, recreatie en ..;Cohort 2000/'01;2.7;3.0;2.7;3.1;2.7;3.1;2.6;4.3;2.8;2.8;;;2.7;2.7;2.9;3.0
1672;Totaal mannen en vrouwen;0;0;3;Vijf jaar na afstuderen;9000e Milieu, cultuur, recreatie en ..;Cohort 2001/'02;2.9;3.3;2.7;3.6;2.7;3.6;2.0;;3.1;3.2;2.5;2.5;3.2;3.3;3.0;2.9
1673;Totaal mannen en vrouwen;0;0;3;Vijf jaar na afstuderen;9000e Milieu, cultuur, recreatie en ..;Cohort 2002/'03;3.0;3.3;2.8;3.1;2.8;3.1;1.7;;3.2;3.8;;;3.1;4.0;3.2;3.4
1674;Totaal mannen en vrouwen;0;0;3;Vijf jaar na afstuderen;9000e Milieu, cultuur, recreatie en ..;Cohort 2003/'04;;;;;;;;;;;;;;;;
1675;Totaal mannen en vrouwen;0;0;3;Vijf jaar na afstuderen;Onbekend;Cohort 1999/'00;3.6;3.6;2.0;2.0;2.0;2.0;;;4.4;4.4;;;4.4;4.4;4.5;4.5
1676;Totaal mannen en vrouwen;0;0;3;Vijf jaar na afstuderen;Onbekend;Cohort 2000/'01;2.5;2.5;2.5;2.5;2.5;2.5;;;;;;;;;;
1677;Totaal mannen en vrouwen;0;0;3;Vijf jaar na afstuderen;Onbekend;Cohort 2001/'02;;;;;;;;;;;;;;;;
1678;Totaal mannen en vrouwen;0;0;3;Vijf jaar na afstuderen;Onbekend;Cohort 2002/'03;;;;;;;;;;;;;;;;
1679;Totaal mannen en vrouwen;0;0;3;Vijf jaar na afstuderen;Onbekend;Cohort 2003/'04;;;;;;;;;;;;;;;;
1680;Totaal mannen en vrouwen;0;0;4;Direct na afstuderen;0;Cohort 1999/'00;1.5;;1.4;;1.4;;;;1.8;;;;1.7;;2.5;
1681;Totaal mannen en vrouwen;0;0;4;Direct na afstuderen;0;Cohort 2000/'01;1.5;1.9;1.4;1.9;1.4;1.9;;;1.7;2.0;;;1.6;1.9;2.5;2.7
1682;Totaal mannen en vrouwen;0;0;4;Direct na afstuderen;0;Cohort 2001/'02;1.6;2.0;1.5;1.9;1.5;1.9;;;1.8;2.2;;;1.7;2.1;2.6;3.0
1683;Totaal mannen en vrouwen;0;0;4;Direct na afstuderen;0;Cohort 2002/'03;1.5;2.1;1.4;2.0;1.4;2.0;;;1.8;2.3;0.5;;1.7;2.2;2.2;2.9
1684;Totaal mannen en vrouwen;0;0;4;Direct na afstuderen;0;Cohort 2003/'04;1.5;2.2;1.4;2.1;1.4;2.1;;;1.9;2.7;4.5;7.8;1.7;2.5;2.3;2.7
1685;Totaal mannen en vrouwen;0;0;4;Direct na afstuderen;1;Cohort 1999/'00;0.1;;;;;;;;0.1;;;;0.1;;;
1686;Totaal mannen en vrouwen;0;0;4;Direct na afstuderen;1;Cohort 2000/'01;2.6;;2.6;;2.6;;;;;;;;;;;
1687;Totaal mannen en vrouwen;0;0;4;Direct na afstuderen;1;Cohort 2001/'02;;;;;;;;;;;;;;;;
1688;Totaal mannen en vrouwen;0;0;4;Direct na afstuderen;1;Cohort 2002/'03;0.5;;0.5;;0.5;;;;;;;;;;;
1689;Totaal mannen en vrouwen;0;0;4;Direct na afstuderen;1;Cohort 2003/'04;;;;;;;;;;;;;;;;
1690;Totaal mannen en vrouwen;0;0;4;Direct na afstuderen;2;Cohort 1999/'00;1.8;;1.8;;1.8;;;;2.1;;;;2.1;;;
1691;Totaal mannen en vrouwen;0;0;4;Direct na afstuderen;2;Cohort 2000/'01;1.7;2.2;1.5;2.1;1.5;2.1;;;2.1;2.4;;;1.8;2.3;2.7;2.7
1692;Totaal mannen en vrouwen;0;0;4;Direct na afstuderen;2;Cohort 2001/'02;1.7;2.2;1.5;2.0;1.5;2.0;;;2.0;2.7;;;2.0;2.7;;
1693;Totaal mannen en vrouwen;0;0;4;Direct na afstuderen;2;Cohort 2002/'03;1.9;2.4;2.0;2.4;2.0;2.4;;;1.6;;;;1.6;;;
1694;Totaal mannen en vrouwen;0;0;4;Direct na afstuderen;2;Cohort 2003/'04;1.8;2.5;1.5;2.3;1.5;2.3;;;3.0;3.0;;;3.0;3.0;;
1695;Totaal mannen en vrouwen;0;0;4;Direct na afstuderen;3;Cohort 1999/'00;1.4;;1.2;;1.2;;;;2.6;;;;2.9;;2.4;
1696;Totaal mannen en vrouwen;0;0;4;Direct na afstuderen;3;Cohort 2000/'01;1.4;2.2;1.3;2.1;1.3;2.1;;;2.2;2.5;;;2.2;2.7;2.2;2.2
1697;Totaal mannen en vrouwen;0;0;4;Direct na afstuderen;3;Cohort 2001/'02;1.2;2.0;1.0;1.8;1.0;1.8;;;1.9;2.2;;;1.4;1.6;3.1;3.1
1698;Totaal mannen en vrouwen;0;0;4;Direct na afstuderen;3;Cohort 2002/'03;1.2;2.0;1.1;1.9;1.1;1.9;;;1.5;2.4;0.5;;1.2;1.8;3.0;3.0
1699;Totaal mannen en vrouwen;0;0;4;Direct na afstuderen;3;Cohort 2003/'04;1.2;2.4;1.1;2.3;1.1;2.3;;;1.9;2.5;;;1.6;2.6;2.6;2.5
1700;Totaal mannen en vrouwen;0;0;4;Direct na afstuderen;4;Cohort 1999/'00;1.0;;1.0;;1.0;;;;;;;;;;;
1701;Totaal mannen en vrouwen;0;0;4;Direct na afstuderen;4;Cohort 2000/'01;1.1;1.8;1.2;1.8;1.2;1.8;;;0.9;;;;0.9;;;
1702;Totaal mannen en vrouwen;0;0;4;Direct na afstuderen;4;Cohort 2001/'02;0.7;;0.7;;0.7;;;;0.9;;;;0.9;;;
1703;Totaal mannen en vrouwen;0;0;4;Direct na afstuderen;4;Cohort 2002/'03;1.0;1.7;1.1;1.7;1.1;1.7;;;0.8;;;;1.2;;0.3;
1704;Totaal mannen en vrouwen;0;0;4;Direct na afstuderen;4;Cohort 2003/'04;0.5;;0.5;;0.5;;;;;;;;;;;
1705;Totaal mannen en vrouwen;0;0;4;Direct na afstuderen;5;Cohort 1999/'00;1.6;;1.4;;1.4;;;;2.4;;;;2.4;;;
1706;Totaal mannen en vrouwen;0;0;4;Direct na afstuderen;5;Cohort 2000/'01;1.1;1.6;1.1;1.6;1.1;1.6;;;;;;;;;;
1707;Totaal mannen en vrouwen;0;0;4;Direct na afstuderen;5;Cohort 2001/'02;1.5;1.8;1.3;1.5;1.3;1.5;;;2.4;2.4;;;2.4;2.4;;
1708;Totaal mannen en vrouwen;0;0;4;Direct na afstuderen;5;Cohort 2002/'03;1.2;2.3;1.2;2.3;1.2;2.3;;;1.1;;;;1.1;;;
1709;Totaal mannen en vrouwen;0;0;4;Direct na afstuderen;5;Cohort 2003/'04;0.8;1.4;0.9;1.4;0.9;1.4;;;0.6;;;;0.6;;;
1710;Totaal mannen en vrouwen;0;0;4;Direct na afstuderen;6;Cohort 1999/'00;2.3;;2.2;;2.2;;;;2.4;;;;2.4;;;
1711;Totaal mannen en vrouwen;0;0;4;Direct na afstuderen;6;Cohort 2000/'01;1.7;2.3;1.6;2.2;1.6;2.2;;;1.9;2.4;;;1.9;2.4;;
1712;Totaal mannen en vrouwen;0;0;4;Direct na afstuderen;6;Cohort 2001/'02;1.7;2.1;1.7;2.0;1.7;2.0;;;1.8;2.3;;;1.8;2.3;;
1713;Totaal mannen en vrouwen;0;0;4;Direct na afstuderen;6;Cohort 2002/'03;2.3;2.4;2.1;2.2;2.1;2.2;;;2.6;2.6;;;2.6;2.6;;
1714;Totaal mannen en vrouwen;0;0;4;Direct na afstuderen;6;Cohort 2003/'04;2.5;3.1;1.8;2.1;1.8;2.1;;;4.1;5.1;7.8;7.8;2.2;2.4;;
1715;Totaal mannen en vrouwen;0;0;4;Direct na afstuderen;7;Cohort 1999/'00;1.7;;1.6;;1.6;;;;1.8;;;;1.8;;;
1716;Totaal mannen en vrouwen;0;0;4;Direct na afstuderen;7;Cohort 2000/'01;1.5;1.8;1.5;1.8;1.5;1.8;;;1.5;1.7;;;1.5;1.7;;
1717;Totaal mannen en vrouwen;0;0;4;Direct na afstuderen;7;Cohort 2001/'02;1.8;2.2;1.8;2.2;1.8;2.2;;;1.8;2.4;;;1.8;2.4;0.9;
1718;Totaal mannen en vrouwen;0;0;4;Direct na afstuderen;7;Cohort 2002/'03;1.6;2.1;1.5;2.0;1.5;2.0;;;1.9;2.1;;;1.9;2.1;;
1719;Totaal mannen en vrouwen;0;0;4;Direct na afstuderen;7;Cohort 2003/'04;1.5;2.2;1.6;2.2;1.6;2.2;;;1.5;2.2;;;1.5;2.2;0.8;
1720;Totaal mannen en vrouwen;0;0;4;Direct na afstuderen;8;Cohort 1999/'00;1.2;;1.3;;1.3;;;;1.1;;;;1.1;;;
1721;Totaal mannen en vrouwen;0;0;4;Direct na afstuderen;8;Cohort 2000/'01;1.4;1.8;1.3;1.9;1.3;1.9;;;1.4;1.7;;;1.4;1.7;;
1722;Totaal mannen en vrouwen;0;0;4;Direct na afstuderen;8;Cohort 2001/'02;1.5;1.9;1.5;1.8;1.5;1.8;;;1.5;1.9;;;1.5;1.9;;
1723;Totaal mannen en vrouwen;0;0;4;Direct na afstuderen;8;Cohort 2002/'03;1.4;1.9;1.3;1.7;1.3;1.7;;;1.9;2.7;;;1.9;2.7;;
1724;Totaal mannen en vrouwen;0;0;4;Direct na afstuderen;8;Cohort 2003/'04;1.6;2.1;1.5;2.1;1.5;2.1;;;1.7;2.1;1.2;;1.7;2.1;;
1725;Totaal mannen en vrouwen;0;0;4;Direct na afstuderen;9;Cohort 1999/'00;1.5;;1.3;;1.3;;;;1.9;;;;1.9;;;
1726;Totaal mannen en vrouwen;0;0;4;Direct na afstuderen;9;Cohort 2000/'01;1.8;1.9;1.8;2.0;1.8;2.0;;;1.9;1.8;;;1.9;1.8;;
1727;Totaal mannen en vrouwen;0;0;4;Direct na afstuderen;9;Cohort 2001/'02;1.8;2.0;1.9;2.2;1.9;2.2;;;1.7;1.7;;;1.7;1.7;;
1728;Totaal mannen en vrouwen;0;0;4;Direct na afstuderen;9;Cohort 2002/'03;1.7;2.3;1.7;2.3;1.7;2.3;;;1.7;2.3;;;1.7;2.3;;
1729;Totaal mannen en vrouwen;0;0;4;Direct na afstuderen;9;Cohort 2003/'04;1.9;2.9;1.4;2.1;1.4;2.1;;;2.5;3.5;;;2.5;3.5;;
1730;Totaal mannen en vrouwen;0;0;4;Direct na afstuderen;M Onderwijs;Cohort 1999/'00;1.4;;1.4;;1.4;;;;1.6;;;;1.5;;1.9;
1731;Totaal mannen en vrouwen;0;0;4;Direct na afstuderen;M Onderwijs;Cohort 2000/'01;1.4;1.7;1.5;1.7;1.5;1.7;;;1.2;1.5;;;1.2;1.5;1.3;
1732;Totaal mannen en vrouwen;0;0;4;Direct na afstuderen;M Onderwijs;Cohort 2001/'02;1.5;1.8;1.4;1.7;1.4;1.7;;;1.7;2.0;;;1.7;2.0;;
1733;Totaal mannen en vrouwen;0;0;4;Direct na afstuderen;M Onderwijs;Cohort 2002/'03;1.6;2.1;1.7;2.1;1.7;2.1;;;1.6;2.1;;;1.6;2.1;;
1734;Totaal mannen en vrouwen;0;0;4;Direct na afstuderen;M Onderwijs;Cohort 2003/'04;1.8;2.1;1.8;2.0;1.8;2.0;;;1.9;2.3;;;1.8;2.6;1.9;1.9
1735;Totaal mannen en vrouwen;0;0;4;Direct na afstuderen;N Gezondheids- en welzijnszorg;Cohort 1999/'00;1.6;;1.4;;1.4;;;;2.4;;;;2.1;;2.7;
1736;Totaal mannen en vrouwen;0;0;4;Direct na afstuderen;N Gezondheids- en welzijnszorg;Cohort 2000/'01;1.5;1.9;1.4;1.8;1.4;1.8;;;2.3;3.0;;;1.4;;2.8;3.0
1737;Totaal mannen en vrouwen;0;0;4;Direct na afstuderen;N Gezondheids- en welzijnszorg;Cohort 2001/'02;1.7;2.1;1.5;1.5;1.5;1.5;;;2.2;3.0;;;1.6;2.5;2.8;3.1
1738;Totaal mannen en vrouwen;0;0;4;Direct na afstuderen;N Gezondheids- en welzijnszorg;Cohort 2002/'03;1.5;2.1;1.4;1.9;1.4;1.9;;;2.0;2.5;;;1.2;1.3;2.3;2.9
1739;Totaal mannen en vrouwen;0;0;4;Direct na afstuderen;N Gezondheids- en welzijnszorg;Cohort 2003/'04;1.6;2.2;1.4;1.8;1.4;1.8;;;2.7;3.3;;;3.8;3.8;2.5;3.1
1740;Totaal mannen en vrouwen;0;0;4;Direct na afstuderen;9000e Milieu, cultuur, recreatie en ..;Cohort 1999/'00;0.6;;0.7;;0.7;;;;0.2;;;;0.2;;;
1741;Totaal mannen en vrouwen;0;0;4;Direct na afstuderen;9000e Milieu, cultuur, recreatie en ..;Cohort 2000/'01;1.4;1.8;1.3;1.8;1.3;1.8;;;1.9;1.9;;;1.9;1.9;;
1742;Totaal mannen en vrouwen;0;0;4;Direct na afstuderen;9000e Milieu, cultuur, recreatie en ..;Cohort 2001/'02;1.6;2.1;1.5;2.4;1.5;2.4;;;1.8;1.8;;;1.3;1.3;2.3;2.3
1743;Totaal mannen en vrouwen;0;0;4;Direct na afstuderen;9000e Milieu, cultuur, recreatie en ..;Cohort 2002/'03;1.6;1.7;1.6;1.7;1.6;1.7;;;1.7;;;;1.7;;;
1744;Totaal mannen en vrouwen;0;0;4;Direct na afstuderen;9000e Milieu, cultuur, recreatie en ..;Cohort 2003/'04;1.5;1.9;1.5;1.6;1.5;1.6;;;1.7;3.0;;;1.2;;3.0;3.0
1745;Totaal mannen en vrouwen;0;0;4;Direct na afstuderen;Onbekend;Cohort 1999/'00;;;;;;;;;;;;;;;;
1746;Totaal mannen en vrouwen;0;0;4;Direct na afstuderen;Onbekend;Cohort 2000/'01;;;;;;;;;;;;;;;;
1747;Totaal mannen en vrouwen;0;0;4;Direct na afstuderen;Onbekend;Cohort 2001/'02;0.2;;0.2;;0.2;;;;;;;;;;;
1748;Totaal mannen en vrouwen;0;0;4;Direct na afstuderen;Onbekend;Cohort 2002/'03;;;;;;;;;;;;;;;;
1749;Totaal mannen en vrouwen;0;0;4;Direct na afstuderen;Onbekend;Cohort 2003/'04;;;;;;;;;;;;;;;;
1750;Totaal mannen en vrouwen;0;0;4;Één jaar na afstuderen;0;Cohort 1999/'00;2.1;2.2;2.0;2.1;2.0;2.1;;;2.4;2.5;;;2.3;2.4;3.2;3.3
1751;Totaal mannen en vrouwen;0;0;4;Één jaar na afstuderen;0;Cohort 2000/'01;2.2;2.3;2.1;2.2;2.1;2.2;;;2.5;2.5;;;2.3;2.4;3.6;3.0
1752;Totaal mannen en vrouwen;0;0;4;Één jaar na afstuderen;0;Cohort 2001/'02;2.1;2.3;2.0;2.3;2.0;2.3;;;2.3;2.6;;;2.2;2.4;3.1;3.1
1753;Totaal mannen en vrouwen;0;0;4;Één jaar na afstuderen;0;Cohort 2002/'03;2.1;2.3;2.0;2.2;2.0;2.2;;;2.3;2.5;1.2;;2.2;2.4;3.2;3.2
1754;Totaal mannen en vrouwen;0;0;4;Één jaar na afstuderen;0;Cohort 2003/'04;2.1;2.4;2.0;2.2;2.0;2.2;;;2.4;2.7;5.7;5.7;2.2;2.5;2.8;2.8
1755;Totaal mannen en vrouwen;0;0;4;Één jaar na afstuderen;1;Cohort 1999/'00;;;;;;;;;;;;;;;;
1756;Totaal mannen en vrouwen;0;0;4;Één jaar na afstuderen;1;Cohort 2000/'01;3.2;3.2;3.2;3.2;3.2;3.2;;;;;;;;;;
1757;Totaal mannen en vrouwen;0;0;4;Één jaar na afstuderen;1;Cohort 2001/'02;;;;;;;;;;;;;;;;
1758;Totaal mannen en vrouwen;0;0;4;Één jaar na afstuderen;1;Cohort 2002/'03;3.0;3.0;3.0;3.0;3.0;3.0;;;;;;;;;;
1759;Totaal mannen en vrouwen;0;0;4;Één jaar na afstuderen;1;Cohort 2003/'04;;;;;;;;;;;;;;;;
1760;Totaal mannen en vrouwen;0;0;4;Één jaar na afstuderen;2;Cohort 1999/'00;2.3;2.3;2.2;2.2;2.2;2.2;;;2.5;2.5;;;2.5;2.5;;
1761;Totaal mannen en vrouwen;0;0;4;Één jaar na afstuderen;2;Cohort 2000/'01;2.3;2.4;2.2;2.3;2.2;2.3;;;2.5;2.5;;;2.4;2.4;2.9;2.9
1762;Totaal mannen en vrouwen;0;0;4;Één jaar na afstuderen;2;Cohort 2001/'02;2.3;2.5;2.1;2.3;2.1;2.3;;;2.9;2.9;;;2.9;2.9;;
1763;Totaal mannen en vrouwen;0;0;4;Één jaar na afstuderen;2;Cohort 2002/'03;2.3;2.3;2.3;2.3;2.3;2.3;;;2.1;2.5;;;2.1;2.5;;
1764;Totaal mannen en vrouwen;0;0;4;Één jaar na afstuderen;2;Cohort 2003/'04;2.3;2.4;2.2;2.3;2.2;2.3;;;2.7;2.7;;;2.7;2.7;;
1765;Totaal mannen en vrouwen;0;0;4;Één jaar na afstuderen;3;Cohort 1999/'00;2.2;2.2;2.1;2.1;2.1;2.1;;;2.6;2.6;;;2.1;2.1;3.1;3.3
1766;Totaal mannen en vrouwen;0;0;4;Één jaar na afstuderen;3;Cohort 2000/'01;2.1;2.2;2.0;2.1;2.0;2.1;;;2.8;2.8;;;2.9;2.9;2.6;2.6
1767;Totaal mannen en vrouwen;0;0;4;Één jaar na afstuderen;3;Cohort 2001/'02;2.0;2.2;1.9;2.1;1.9;2.1;;;2.5;2.7;;;1.8;1.9;3.8;3.8
1768;Totaal mannen en vrouwen;0;0;4;Één jaar na afstuderen;3;Cohort 2002/'03;2.0;2.5;1.9;2.2;1.9;2.2;;;2.3;3.4;1.2;;1.5;2.8;3.6;3.6
1769;Totaal mannen en vrouwen;0;0;4;Één jaar na afstuderen;3;Cohort 2003/'04;1.9;2.2;1.8;2.2;1.8;2.2;;;2.4;2.4;1.9;1.9;2.3;2.3;2.8;2.8
1770;Totaal mannen en vrouwen;0;0;4;Één jaar na afstuderen;4;Cohort 1999/'00;2.8;2.8;2.8;2.8;2.8;2.8;;;;;;;;;;
1771;Totaal mannen en vrouwen;0;0;4;Één jaar na afstuderen;4;Cohort 2000/'01;;;;;;;;;;;;;;;;
1772;Totaal mannen en vrouwen;0;0;4;Één jaar na afstuderen;4;Cohort 2001/'02;0.7;;0.7;;0.7;;;;;;;;;;;
1773;Totaal mannen en vrouwen;0;0;4;Één jaar na afstuderen;4;Cohort 2002/'03;1.8;1.9;1.8;1.9;1.8;1.9;;;1.5;;;;1.5;;;
1774;Totaal mannen en vrouwen;0;0;4;Één jaar na afstuderen;4;Cohort 2003/'04;0.8;;;;;;;;0.8;;;;0.8;;;
1775;Totaal mannen en vrouwen;0;0;4;Één jaar na afstuderen;5;Cohort 1999/'00;2.4;2.4;2.4;2.4;2.4;2.4;;;2.6;2.6;;;2.6;2.6;;
1776;Totaal mannen en vrouwen;0;0;4;Één jaar na afstuderen;5;Cohort 2000/'01;2.4;2.4;2.4;2.4;2.4;2.4;;;;;;;;;;
1777;Totaal mannen en vrouwen;0;0;4;Één jaar na afstuderen;5;Cohort 2001/'02;1.9;2.3;1.7;2.1;1.7;2.1;;;2.6;2.6;;;2.6;2.6;;
1778;Totaal mannen en vrouwen;0;0;4;Één jaar na afstuderen;5;Cohort 2002/'03;2.3;2.5;2.5;2.6;2.5;2.6;;;1.4;1.6;;;1.4;1.6;;
1779;Totaal mannen en vrouwen;0;0;4;Één jaar na afstuderen;5;Cohort 2003/'04;1.8;2.2;1.8;2.2;1.8;2.2;;;1.7;2.7;;;1.7;2.7;;
1780;Totaal mannen en vrouwen;0;0;4;Één jaar na afstuderen;6;Cohort 1999/'00;2.3;2.3;2.1;2.1;2.1;2.1;;;2.5;2.5;;;2.5;2.5;;
1781;Totaal mannen en vrouwen;0;0;4;Één jaar na afstuderen;6;Cohort 2000/'01;2.7;2.7;2.4;2.4;2.4;2.4;;;3.0;3.0;;;3.0;3.0;;
1782;Totaal mannen en vrouwen;0;0;4;Één jaar na afstuderen;6;Cohort 2001/'02;2.3;2.4;2.2;2.3;2.2;2.3;;;2.8;2.7;;;2.8;2.7;;
1783;Totaal mannen en vrouwen;0;0;4;Één jaar na afstuderen;6;Cohort 2002/'03;2.3;2.4;2.3;2.3;2.3;2.3;;;2.5;2.5;;;2.5;2.5;;
1784;Totaal mannen en vrouwen;0;0;4;Één jaar na afstuderen;6;Cohort 2003/'04;2.5;2.7;2.1;2.2;2.1;2.2;;;3.4;3.6;9.5;9.5;2.5;2.6;;
1785;Totaal mannen en vrouwen;0;0;4;Één jaar na afstuderen;7;Cohort 1999/'00;2.2;2.3;2.1;2.2;2.1;2.2;;;2.5;2.6;;;2.5;2.6;;
1786;Totaal mannen en vrouwen;0;0;4;Één jaar na afstuderen;7;Cohort 2000/'01;2.1;2.3;2.1;2.3;2.1;2.3;;;2.4;2.4;;;2.4;2.4;;
1787;Totaal mannen en vrouwen;0;0;4;Één jaar na afstuderen;7;Cohort 2001/'02;2.2;2.3;2.1;2.2;2.1;2.2;;;2.3;2.6;;;2.3;2.6;;
1788;Totaal mannen en vrouwen;0;0;4;Één jaar na afstuderen;7;Cohort 2002/'03;2.2;2.3;2.2;2.3;2.2;2.3;;;2.3;2.3;;;2.3;2.3;;
1789;Totaal mannen en vrouwen;0;0;4;Één jaar na afstuderen;7;Cohort 2003/'04;2.3;2.3;2.2;2.3;2.2;2.3;;;2.3;2.4;;;2.4;2.5;2.1;2.1
1790;Totaal mannen en vrouwen;0;0;4;Één jaar na afstuderen;8;Cohort 1999/'00;1.8;2.0;1.9;2.0;1.9;2.0;;;1.6;1.9;;;1.6;1.9;;
1791;Totaal mannen en vrouwen;0;0;4;Één jaar na afstuderen;8;Cohort 2000/'01;1.9;2.1;1.9;2.1;1.9;2.1;;;2.0;2.3;;;2.0;2.3;;
1792;Totaal mannen en vrouwen;0;0;4;Één jaar na afstuderen;8;Cohort 2001/'02;1.9;2.2;1.9;2.2;1.9;2.2;;;2.0;2.2;;;2.0;2.2;;
1793;Totaal mannen en vrouwen;0;0;4;Één jaar na afstuderen;8;Cohort 2002/'03;1.7;2.0;1.7;2.0;1.7;2.0;;;1.9;2.4;;;1.9;2.4;;
1794;Totaal mannen en vrouwen;0;0;4;Één jaar na afstuderen;8;Cohort 2003/'04;1.9;2.2;1.9;2.2;1.9;2.2;;;1.6;2.9;;;1.6;2.9;;
1795;Totaal mannen en vrouwen;0;0;4;Één jaar na afstuderen;9;Cohort 1999/'00;2.1;2.1;2.1;2.1;2.1;2.1;;;2.1;2.2;;;2.1;2.2;;
1796;Totaal mannen en vrouwen;0;0;4;Één jaar na afstuderen;9;Cohort 2000/'01;2.2;2.2;2.2;2.2;2.2;2.2;;;2.2;2.2;;;2.2;2.2;;
1797;Totaal mannen en vrouwen;0;0;4;Één jaar na afstuderen;9;Cohort 2001/'02;2.1;2.3;2.0;2.3;2.0;2.3;;;2.3;2.5;;;2.3;2.5;;
1798;Totaal mannen en vrouwen;0;0;4;Één jaar na afstuderen;9;Cohort 2002/'03;2.4;2.4;2.3;2.3;2.3;2.3;;;2.7;2.6;;;2.7;2.6;;
1799;Totaal mannen en vrouwen;0;0;4;Één jaar na afstuderen;9;Cohort 2003/'04;2.2;2.4;2.0;2.1;2.0;2.1;;;2.6;2.6;;;2.6;2.6;;
1800;Totaal mannen en vrouwen;0;0;4;Één jaar na afstuderen;M Onderwijs;Cohort 1999/'00;1.9;2.1;1.9;2.1;1.9;2.1;;;1.9;2.0;;;1.9;2.1;1.7;1.7
1801;Totaal mannen en vrouwen;0;0;4;Één jaar na afstuderen;M Onderwijs;Cohort 2000/'01;2.0;2.1;2.0;2.1;2.0;2.1;;;2.1;2.0;;;2.2;2.0;1.6;
1802;Totaal mannen en vrouwen;0;0;4;Één jaar na afstuderen;M Onderwijs;Cohort 2001/'02;2.0;2.2;2.0;2.3;2.0;2.3;;;1.9;2.2;;;1.9;2.2;;
1803;Totaal mannen en vrouwen;0;0;4;Één jaar na afstuderen;M Onderwijs;Cohort 2002/'03;2.1;2.3;2.2;2.3;2.2;2.3;;;2.0;2.1;;;2.0;2.1;;
1804;Totaal mannen en vrouwen;0;0;4;Één jaar na afstuderen;M Onderwijs;Cohort 2003/'04;2.2;2.3;2.2;2.4;2.2;2.4;;;2.2;2.0;;;2.3;2.1;1.7;1.7
1805;Totaal mannen en vrouwen;0;0;4;Één jaar na afstuderen;N Gezondheids- en welzijnszorg;Cohort 1999/'00;2.1;2.4;1.9;2.1;1.9;2.1;;;2.8;3.3;;;2.4;2.9;3.4;3.4
1806;Totaal mannen en vrouwen;0;0;4;Één jaar na afstuderen;N Gezondheids- en welzijnszorg;Cohort 2000/'01;2.2;2.3;2.0;2.2;2.0;2.2;;;3.5;2.9;;;1.7;2.2;4.0;3.0
1807;Totaal mannen en vrouwen;0;0;4;Één jaar na afstuderen;N Gezondheids- en welzijnszorg;Cohort 2001/'02;2.2;2.7;2.1;2.6;2.1;2.6;;;2.6;2.9;;;2.1;2.2;3.1;3.1
1808;Totaal mannen en vrouwen;0;0;4;Één jaar na afstuderen;N Gezondheids- en welzijnszorg;Cohort 2002/'03;2.1;2.3;2.0;2.1;2.0;2.1;;;2.6;2.9;;;2.0;2.5;3.1;3.1
1809;Totaal mannen en vrouwen;0;0;4;Één jaar na afstuderen;N Gezondheids- en welzijnszorg;Cohort 2003/'04;2.0;2.4;1.9;2.1;1.9;2.1;;;3.0;3.4;;;2.3;3.0;3.5;3.6
1810;Totaal mannen en vrouwen;0;0;4;Één jaar na afstuderen;9000e Milieu, cultuur, recreatie en ..;Cohort 1999/'00;2.3;2.3;1.5;1.5;1.5;1.5;;;3.2;3.2;;;2.0;2.0;4.4;4.4
1811;Totaal mannen en vrouwen;0;0;4;Één jaar na afstuderen;9000e Milieu, cultuur, recreatie en ..;Cohort 2000/'01;2.4;2.4;2.4;2.4;2.4;2.4;;;;;;;;;;
1812;Totaal mannen en vrouwen;0;0;4;Één jaar na afstuderen;9000e Milieu, cultuur, recreatie en ..;Cohort 2001/'02;2.1;2.6;1.8;2.7;1.8;2.7;;;2.6;2.6;;;2.6;2.6;2.5;2.5
1813;Totaal mannen en vrouwen;0;0;4;Één jaar na afstuderen;9000e Milieu, cultuur, recreatie en ..;Cohort 2002/'03;2.1;2.2;2.0;2.1;2.0;2.1;;;2.3;2.5;;;2.3;2.6;2.4;2.4
1814;Totaal mannen en vrouwen;0;0;4;Één jaar na afstuderen;9000e Milieu, cultuur, recreatie en ..;Cohort 2003/'04;2.4;2.7;2.5;2.7;2.5;2.7;;;2.0;2.8;;;1.7;2.9;2.8;2.8
1815;Totaal mannen en vrouwen;0;0;4;Één jaar na afstuderen;Onbekend;Cohort 1999/'00;;;;;;;;;;;;;;;;
1816;Totaal mannen en vrouwen;0;0;4;Één jaar na afstuderen;Onbekend;Cohort 2000/'01;;;;;;;;;;;;;;;;
1817;Totaal mannen en vrouwen;0;0;4;Één jaar na afstuderen;Onbekend;Cohort 2001/'02;;;;;;;;;;;;;;;;
1818;Totaal mannen en vrouwen;0;0;4;Één jaar na afstuderen;Onbekend;Cohort 2002/'03;;;;;;;;;;;;;;;;
1819;Totaal mannen en vrouwen;0;0;4;Één jaar na afstuderen;Onbekend;Cohort 2003/'04;;;;;;;;;;;;;;;;
1820;Totaal mannen en vrouwen;0;0;4;Twee jaar na afstuderen;0;Cohort 1999/'00;2.4;2.5;2.2;2.4;2.2;2.4;;;2.7;2.8;;;2.6;2.7;3.4;3.4
1821;Totaal mannen en vrouwen;0;0;4;Twee jaar na afstuderen;0;Cohort 2000/'01;2.4;2.6;2.4;2.5;2.4;2.5;;;2.7;2.7;;;2.6;2.7;3.4;2.8
1822;Totaal mannen en vrouwen;0;0;4;Twee jaar na afstuderen;0;Cohort 2001/'02;2.3;2.5;2.2;2.4;2.2;2.4;;;2.7;2.9;;;2.6;2.8;3.4;3.7
1823;Totaal mannen en vrouwen;0;0;4;Twee jaar na afstuderen;0;Cohort 2002/'03;2.3;2.5;2.2;2.4;2.2;2.4;;;2.6;2.8;1.7;;2.5;2.7;3.2;3.4
1824;Totaal mannen en vrouwen;0;0;4;Twee jaar na afstuderen;0;Cohort 2003/'04;2.6;2.8;2.4;2.7;2.4;2.7;;;3.0;3.2;7.3;11.6;2.9;3.0;3.0;3.1
1825;Totaal mannen en vrouwen;0;0;4;Twee jaar na afstuderen;1;Cohort 1999/'00;;;;;;;;;;;;;;;;
1826;Totaal mannen en vrouwen;0;0;4;Twee jaar na afstuderen;1;Cohort 2000/'01;;;;;;;;;;;;;;;;
1827;Totaal mannen en vrouwen;0;0;4;Twee jaar na afstuderen;1;Cohort 2001/'02;;;;;;;;;;;;;;;;
1828;Totaal mannen en vrouwen;0;0;4;Twee jaar na afstuderen;1;Cohort 2002/'03;2.7;2.7;2.7;2.7;2.7;2.7;;;;;;;;;;
1829;Totaal mannen en vrouwen;0;0;4;Twee jaar na afstuderen;1;Cohort 2003/'04;;;;;;;;;;;;;;;;
1830;Totaal mannen en vrouwen;0;0;4;Twee jaar na afstuderen;2;Cohort 1999/'00;2.5;2.5;2.4;2.4;2.4;2.4;;;2.9;2.8;;;2.9;2.8;;
1831;Totaal mannen en vrouwen;0;0;4;Twee jaar na afstuderen;2;Cohort 2000/'01;2.6;2.7;2.6;2.6;2.6;2.6;;;3.0;3.0;;;2.9;2.9;3.1;3.1
1832;Totaal mannen en vrouwen;0;0;4;Twee jaar na afstuderen;2;Cohort 2001/'02;2.4;2.5;2.2;2.3;2.2;2.3;;;3.2;3.2;;;3.2;3.2;;
1833;Totaal mannen en vrouwen;0;0;4;Twee jaar na afstuderen;2;Cohort 2002/'03;2.5;2.6;2.4;2.5;2.4;2.5;;;2.8;2.6;;;2.8;2.6;;
1834;Totaal mannen en vrouwen;0;0;4;Twee jaar na afstuderen;2;Cohort 2003/'04;2.7;2.7;2.6;2.6;2.6;2.6;;;3.0;3.0;;;3.0;3.0;;
1835;Totaal mannen en vrouwen;0;0;4;Twee jaar na afstuderen;3;Cohort 1999/'00;2.7;2.7;2.5;2.5;2.5;2.5;;;3.2;3.2;;;2.6;2.6;3.8;3.8
1836;Totaal mannen en vrouwen;0;0;4;Twee jaar na afstuderen;3;Cohort 2000/'01;2.8;2.9;2.8;2.9;2.8;2.9;;;3.8;3.8;;;3.8;3.8;;
1837;Totaal mannen en vrouwen;0;0;4;Twee jaar na afstuderen;3;Cohort 2001/'02;2.4;2.5;2.2;2.3;2.2;2.3;;;2.9;2.9;;;2.4;2.3;4.4;4.4
1838;Totaal mannen en vrouwen;0;0;4;Twee jaar na afstuderen;3;Cohort 2002/'03;2.4;2.6;2.3;2.3;2.3;2.3;;;3.0;3.6;1.7;;2.6;3.0;4.3;4.3
1839;Totaal mannen en vrouwen;0;0;4;Twee jaar na afstuderen;3;Cohort 2003/'04;2.4;2.9;2.3;2.9;2.3;2.9;;;2.8;2.8;;;2.8;2.8;2.8;2.8
1840;Totaal mannen en vrouwen;0;0;4;Twee jaar na afstuderen;4;Cohort 1999/'00;5.4;5.4;5.4;5.4;5.4;5.4;;;;;;;;;;
1841;Totaal mannen en vrouwen;0;0;4;Twee jaar na afstuderen;4;Cohort 2000/'01;1.3;;1.3;;1.3;;;;;;;;;;;
1842;Totaal mannen en vrouwen;0;0;4;Twee jaar na afstuderen;4;Cohort 2001/'02;0.7;;0.7;;0.7;;;;;;;;;;;
1843;Totaal mannen en vrouwen;0;0;4;Twee jaar na afstuderen;4;Cohort 2002/'03;1.6;2.1;1.6;2.1;1.6;2.1;;;;;;;;;;
1844;Totaal mannen en vrouwen;0;0;4;Twee jaar na afstuderen;4;Cohort 2003/'04;;;;;;;;;;;;;;;;
1845;Totaal mannen en vrouwen;0;0;4;Twee jaar na afstuderen;5;Cohort 1999/'00;2.5;2.7;2.3;2.5;2.3;2.5;;;3.0;3.0;;;3.0;3.0;;
1846;Totaal mannen en vrouwen;0;0;4;Twee jaar na afstuderen;5;Cohort 2000/'01;2.4;2.6;2.4;2.6;2.4;2.6;;;;;;;;;;
1847;Totaal mannen en vrouwen;0;0;4;Twee jaar na afstuderen;5;Cohort 2001/'02;2.2;2.2;2.1;2.1;2.1;2.1;;;3.1;3.1;;;3.1;3.1;;
1848;Totaal mannen en vrouwen;0;0;4;Twee jaar na afstuderen;5;Cohort 2002/'03;3.2;3.2;3.1;3.1;3.1;3.1;;;3.4;3.4;;;2.7;2.7;4.1;4.1
1849;Totaal mannen en vrouwen;0;0;4;Twee jaar na afstuderen;5;Cohort 2003/'04;2.6;3.0;2.7;2.9;2.7;2.9;;;2.5;3.0;;;2.5;3.0;;
1850;Totaal mannen en vrouwen;0;0;4;Twee jaar na afstuderen;6;Cohort 1999/'00;2.9;2.9;2.6;2.6;2.6;2.6;;;3.2;3.2;;;3.2;3.2;;
1851;Totaal mannen en vrouwen;0;0;4;Twee jaar na afstuderen;6;Cohort 2000/'01;2.8;2.9;2.7;2.7;2.7;2.7;;;3.1;3.1;;;3.1;3.1;;
1852;Totaal mannen en vrouwen;0;0;4;Twee jaar na afstuderen;6;Cohort 2001/'02;2.5;2.6;2.3;2.5;2.3;2.5;;;3.0;3.0;;;3.0;3.0;;
1853;Totaal mannen en vrouwen;0;0;4;Twee jaar na afstuderen;6;Cohort 2002/'03;2.6;2.6;2.4;2.4;2.4;2.4;;;3.0;3.1;;;3.0;3.1;;
1854;Totaal mannen en vrouwen;0;0;4;Twee jaar na afstuderen;6;Cohort 2003/'04;3.1;3.3;2.7;2.8;2.7;2.8;;;3.9;4.2;11.6;11.6;3.0;3.2;;
1855;Totaal mannen en vrouwen;0;0;4;Twee jaar na afstuderen;7;Cohort 1999/'00;2.3;2.4;2.3;2.3;2.3;2.3;;;2.6;2.6;;;2.6;2.6;;
1856;Totaal mannen en vrouwen;0;0;4;Twee jaar na afstuderen;7;Cohort 2000/'01;2.5;2.6;2.5;2.6;2.5;2.6;;;2.5;2.7;;;2.5;2.7;;
1857;Totaal mannen en vrouwen;0;0;4;Twee jaar na afstuderen;7;Cohort 2001/'02;2.4;2.6;2.3;2.4;2.3;2.4;;;2.8;2.9;;;2.8;2.9;;
1858;Totaal mannen en vrouwen;0;0;4;Twee jaar na afstuderen;7;Cohort 2002/'03;2.5;2.5;2.3;2.4;2.3;2.4;;;2.8;2.8;;;2.8;2.8;;
1859;Totaal mannen en vrouwen;0;0;4;Twee jaar na afstuderen;7;Cohort 2003/'04;2.7;2.8;2.7;2.8;2.7;2.8;;;2.9;3.0;;;2.9;3.0;2.9;2.9
1860;Totaal mannen en vrouwen;0;0;4;Twee jaar na afstuderen;8;Cohort 1999/'00;2.0;2.2;2.0;2.2;2.0;2.2;;;1.9;2.5;;;1.9;2.5;;
1861;Totaal mannen en vrouwen;0;0;4;Twee jaar na afstuderen;8;Cohort 2000/'01;2.0;2.2;2.0;2.2;2.0;2.2;;;2.1;2.3;;;2.1;2.3;;
1862;Totaal mannen en vrouwen;0;0;4;Twee jaar na afstuderen;8;Cohort 2001/'02;2.0;2.3;2.0;2.3;2.0;2.3;;;2.0;2.5;;;2.0;2.5;;
1863;Totaal mannen en vrouwen;0;0;4;Twee jaar na afstuderen;8;Cohort 2002/'03;1.9;2.2;2.0;2.2;2.0;2.2;;;1.7;1.5;;;1.7;1.5;;
1864;Totaal mannen en vrouwen;0;0;4;Twee jaar na afstuderen;8;Cohort 2003/'04;2.3;2.7;2.2;2.7;2.2;2.7;;;2.5;3.3;3.0;;2.4;3.3;;
1865;Totaal mannen en vrouwen;0;0;4;Twee jaar na afstuderen;9;Cohort 1999/'00;2.4;2.5;2.3;2.3;2.3;2.3;;;2.6;2.6;;;2.6;2.6;;
1866;Totaal mannen en vrouwen;0;0;4;Twee jaar na afstuderen;9;Cohort 2000/'01;2.5;2.5;2.4;2.6;2.4;2.6;;;2.6;2.4;;;2.6;2.4;;
1867;Totaal mannen en vrouwen;0;0;4;Twee jaar na afstuderen;9;Cohort 2001/'02;2.5;2.6;2.3;2.5;2.3;2.5;;;2.7;2.9;;;2.7;2.9;;
1868;Totaal mannen en vrouwen;0;0;4;Twee jaar na afstuderen;9;Cohort 2002/'03;2.4;2.5;2.3;2.3;2.3;2.3;;;2.8;2.8;;;2.8;2.8;;
1869;Totaal mannen en vrouwen;0;0;4;Twee jaar na afstuderen;9;Cohort 2003/'04;2.7;2.8;2.4;2.4;2.4;2.4;;;3.2;3.2;;;3.2;3.2;;
1870;Totaal mannen en vrouwen;0;0;4;Twee jaar na afstuderen;M Onderwijs;Cohort 1999/'00;2.2;2.3;2.2;2.3;2.2;2.3;;;2.3;2.4;;;2.3;2.5;2.0;2.0
1871;Totaal mannen en vrouwen;0;0;4;Twee jaar na afstuderen;M Onderwijs;Cohort 2000/'01;2.3;2.3;2.3;2.3;2.3;2.3;;;2.2;2.4;;;2.2;2.4;;
1872;Totaal mannen en vrouwen;0;0;4;Twee jaar na afstuderen;M Onderwijs;Cohort 2001/'02;2.3;2.4;2.3;2.4;2.3;2.4;;;2.3;2.5;;;2.3;2.5;;
1873;Totaal mannen en vrouwen;0;0;4;Twee jaar na afstuderen;M Onderwijs;Cohort 2002/'03;2.3;2.5;2.3;2.5;2.3;2.5;;;2.2;2.3;;;2.2;2.3;;
1874;Totaal mannen en vrouwen;0;0;4;Twee jaar na afstuderen;M Onderwijs;Cohort 2003/'04;2.5;2.6;2.5;2.6;2.5;2.6;;;2.5;2.5;;;2.5;2.5;;
1875;Totaal mannen en vrouwen;0;0;4;Twee jaar na afstuderen;N Gezondheids- en welzijnszorg;Cohort 1999/'00;2.3;2.6;2.1;2.3;2.1;2.3;;;3.2;3.6;;;2.8;3.4;3.7;3.7
1876;Totaal mannen en vrouwen;0;0;4;Twee jaar na afstuderen;N Gezondheids- en welzijnszorg;Cohort 2000/'01;2.4;2.5;2.2;2.4;2.2;2.4;;;3.4;2.8;;;2.3;2.5;3.6;2.8
1877;Totaal mannen en vrouwen;0;0;4;Twee jaar na afstuderen;N Gezondheids- en welzijnszorg;Cohort 2001/'02;2.3;2.6;2.1;2.3;2.1;2.3;;;2.9;3.3;;;2.5;2.8;3.3;3.4
1878;Totaal mannen en vrouwen;0;0;4;Twee jaar na afstuderen;N Gezondheids- en welzijnszorg;Cohort 2002/'03;2.1;2.5;2.1;2.4;2.1;2.4;;;2.6;2.9;;;2.2;2.4;3.1;3.2
1879;Totaal mannen en vrouwen;0;0;4;Twee jaar na afstuderen;N Gezondheids- en welzijnszorg;Cohort 2003/'04;2.2;2.7;2.1;2.6;2.1;2.6;;;3.0;3.3;;;2.7;3.8;3.1;3.1
1880;Totaal mannen en vrouwen;0;0;4;Twee jaar na afstuderen;9000e Milieu, cultuur, recreatie en ..;Cohort 1999/'00;2.4;3.0;3.2;3.2;3.2;3.2;;;1.5;2.4;;;0.6;;2.4;2.4
1881;Totaal mannen en vrouwen;0;0;4;Twee jaar na afstuderen;9000e Milieu, cultuur, recreatie en ..;Cohort 2000/'01;2.5;2.5;2.6;2.6;2.6;2.6;;;2.4;2.4;;;;;2.4;2.4
1882;Totaal mannen en vrouwen;0;0;4;Twee jaar na afstuderen;9000e Milieu, cultuur, recreatie en ..;Cohort 2001/'02;2.4;2.6;2.3;2.5;2.3;2.5;;;2.5;3.0;;;2.4;3.0;2.7;
1883;Totaal mannen en vrouwen;0;0;4;Twee jaar na afstuderen;9000e Milieu, cultuur, recreatie en ..;Cohort 2002/'03;2.3;2.5;2.2;2.5;2.2;2.5;;;2.5;2.6;;;2.5;2.8;2.5;2.5
1884;Totaal mannen en vrouwen;0;0;4;Twee jaar na afstuderen;9000e Milieu, cultuur, recreatie en ..;Cohort 2003/'04;2.8;3.4;2.9;3.4;2.9;3.4;;;2.7;3.5;;;2.3;;3.1;3.5
1885;Totaal mannen en vrouwen;0;0;4;Twee jaar na afstuderen;Onbekend;Cohort 1999/'00;;;;;;;;;;;;;;;;
1886;Totaal mannen en vrouwen;0;0;4;Twee jaar na afstuderen;Onbekend;Cohort 2000/'01;;;;;;;;;;;;;;;;
1887;Totaal mannen en vrouwen;0;0;4;Twee jaar na afstuderen;Onbekend;Cohort 2001/'02;;;;;;;;;;;;;;;;
1888;Totaal mannen en vrouwen;0;0;4;Twee jaar na afstuderen;Onbekend;Cohort 2002/'03;;;;;;;;;;;;;;;;
1889;Totaal mannen en vrouwen;0;0;4;Twee jaar na afstuderen;Onbekend;Cohort 2003/'04;;;;;;;;;;;;;;;;
1890;Totaal mannen en vrouwen;0;0;4;Drie jaar na afstuderen;0;Cohort 1999/'00;2.5;2.7;2.4;2.5;2.4;2.5;;;3.0;3.1;;;2.9;3.0;3.4;3.3
1891;Totaal mannen en vrouwen;0;0;4;Drie jaar na afstuderen;0;Cohort 2000/'01;2.6;2.7;2.4;2.6;2.4;2.6;;;3.1;3.0;;;2.9;3.0;3.7;2.9
1892;Totaal mannen en vrouwen;0;0;4;Drie jaar na afstuderen;0;Cohort 2001/'02;2.5;2.7;2.4;2.6;2.4;2.6;;;2.9;3.1;;;2.9;3.0;3.4;3.8
1893;Totaal mannen en vrouwen;0;0;4;Drie jaar na afstuderen;0;Cohort 2002/'03;2.7;2.9;2.5;2.8;2.5;2.8;;;3.1;3.3;1.7;;3.0;3.2;3.7;3.7
1894;Totaal mannen en vrouwen;0;0;4;Drie jaar na afstuderen;0;Cohort 2003/'04;2.8;3.1;2.7;2.9;2.7;2.9;;;3.2;3.4;2.5;2.5;3.3;3.5;2.9;3.1
1895;Totaal mannen en vrouwen;0;0;4;Drie jaar na afstuderen;1;Cohort 1999/'00;;;;;;;;;;;;;;;;
1896;Totaal mannen en vrouwen;0;0;4;Drie jaar na afstuderen;1;Cohort 2000/'01;1.2;;1.2;;1.2;;;;;;;;;;;
1897;Totaal mannen en vrouwen;0;0;4;Drie jaar na afstuderen;1;Cohort 2001/'02;;;;;;;;;;;;;;;;
1898;Totaal mannen en vrouwen;0;0;4;Drie jaar na afstuderen;1;Cohort 2002/'03;3.0;3.0;3.0;3.0;3.0;3.0;;;;;;;;;;
1899;Totaal mannen en vrouwen;0;0;4;Drie jaar na afstuderen;1;Cohort 2003/'04;;;;;;;;;;;;;;;;
1900;Totaal mannen en vrouwen;0;0;4;Drie jaar na afstuderen;2;Cohort 1999/'00;2.9;2.8;2.8;2.8;2.8;2.8;;;3.2;3.1;;;3.2;3.1;;
1901;Totaal mannen en vrouwen;0;0;4;Drie jaar na afstuderen;2;Cohort 2000/'01;2.7;2.8;2.5;2.6;2.5;2.6;;;3.3;3.3;;;3.2;3.2;3.8;3.8
1902;Totaal mannen en vrouwen;0;0;4;Drie jaar na afstuderen;2;Cohort 2001/'02;2.7;2.7;2.5;2.5;2.5;2.5;;;3.5;3.5;;;3.5;3.5;;
1903;Totaal mannen en vrouwen;0;0;4;Drie jaar na afstuderen;2;Cohort 2002/'03;3.0;3.0;2.8;2.8;2.8;2.8;;;4.2;4.2;;;4.2;4.2;;
1904;Totaal mannen en vrouwen;0;0;4;Drie jaar na afstuderen;2;Cohort 2003/'04;3.1;3.1;3.1;3.1;3.1;3.1;;;3.2;3.2;;;3.2;3.2;;
1905;Totaal mannen en vrouwen;0;0;4;Drie jaar na afstuderen;3;Cohort 1999/'00;2.8;2.7;2.5;2.5;2.5;2.5;;;4.0;3.8;;;2.7;2.7;4.4;4.4
1906;Totaal mannen en vrouwen;0;0;4;Drie jaar na afstuderen;3;Cohort 2000/'01;2.8;2.8;2.5;2.5;2.5;2.5;;;3.5;3.5;;;3.7;3.7;3.3;3.3
1907;Totaal mannen en vrouwen;0;0;4;Drie jaar na afstuderen;3;Cohort 2001/'02;2.5;2.6;2.3;2.4;2.3;2.4;;;3.2;3.2;;;2.5;2.5;4.6;4.6
1908;Totaal mannen en vrouwen;0;0;4;Drie jaar na afstuderen;3;Cohort 2002/'03;3.0;3.1;2.8;2.9;2.8;2.9;;;3.7;4.2;1.7;;3.6;3.6;4.8;4.8
1909;Totaal mannen en vrouwen;0;0;4;Drie jaar na afstuderen;3;Cohort 2003/'04;3.0;3.1;3.0;3.1;3.0;3.1;;;3.1;3.2;;;3.1;3.1;3.1;3.6
1910;Totaal mannen en vrouwen;0;0;4;Drie jaar na afstuderen;4;Cohort 1999/'00;3.9;3.9;3.9;3.9;3.9;3.9;;;;;;;;;;
1911;Totaal mannen en vrouwen;0;0;4;Drie jaar na afstuderen;4;Cohort 2000/'01;1.4;;1.4;;1.4;;;;;;;;;;;
1912;Totaal mannen en vrouwen;0;0;4;Drie jaar na afstuderen;4;Cohort 2001/'02;0.7;;0.7;;0.7;;;;;;;;;;;
1913;Totaal mannen en vrouwen;0;0;4;Drie jaar na afstuderen;4;Cohort 2002/'03;1.2;2.1;1.2;2.1;1.2;2.1;;;;;;;;;;
1914;Totaal mannen en vrouwen;0;0;4;Drie jaar na afstuderen;4;Cohort 2003/'04;;;;;;;;;;;;;;;;
1915;Totaal mannen en vrouwen;0;0;4;Drie jaar na afstuderen;5;Cohort 1999/'00;2.5;2.8;2.4;2.7;2.4;2.7;;;2.8;2.8;;;2.8;2.8;;
1916;Totaal mannen en vrouwen;0;0;4;Drie jaar na afstuderen;5;Cohort 2000/'01;2.7;2.9;2.7;2.9;2.7;2.9;;;;;;;;;;
1917;Totaal mannen en vrouwen;0;0;4;Drie jaar na afstuderen;5;Cohort 2001/'02;2.2;2.4;2.0;2.3;2.0;2.3;;;2.9;2.9;;;2.9;2.9;;
1918;Totaal mannen en vrouwen;0;0;4;Drie jaar na afstuderen;5;Cohort 2002/'03;3.2;3.4;2.6;2.5;2.6;2.5;;;4.0;4.6;;;2.9;3.0;6.2;6.2
1919;Totaal mannen en vrouwen;0;0;4;Drie jaar na afstuderen;5;Cohort 2003/'04;2.7;2.9;2.5;2.6;2.5;2.6;;;2.9;3.4;;;2.9;3.4;;
1920;Totaal mannen en vrouwen;0;0;4;Drie jaar na afstuderen;6;Cohort 1999/'00;3.2;3.2;2.8;2.8;2.8;2.8;;;3.7;3.7;;;3.7;3.7;;
1921;Totaal mannen en vrouwen;0;0;4;Drie jaar na afstuderen;6;Cohort 2000/'01;2.9;3.0;2.8;2.9;2.8;2.9;;;3.1;3.1;;;3.1;3.1;;
1922;Totaal mannen en vrouwen;0;0;4;Drie jaar na afstuderen;6;Cohort 2001/'02;2.9;3.0;2.9;2.9;2.9;2.9;;;3.3;3.3;;;3.3;3.3;;
1923;Totaal mannen en vrouwen;0;0;4;Drie jaar na afstuderen;6;Cohort 2002/'03;3.0;3.1;2.6;2.8;2.6;2.8;;;3.6;3.5;;;3.6;3.5;;
1924;Totaal mannen en vrouwen;0;0;4;Drie jaar na afstuderen;6;Cohort 2003/'04;3.1;3.3;2.9;3.0;2.9;3.0;;;3.8;4.0;;;3.8;4.0;;
1925;Totaal mannen en vrouwen;0;0;4;Drie jaar na afstuderen;7;Cohort 1999/'00;2.5;2.6;2.4;2.5;2.4;2.5;;;2.9;2.9;;;2.9;2.9;;
1926;Totaal mannen en vrouwen;0;0;4;Drie jaar na afstuderen;7;Cohort 2000/'01;2.7;2.8;2.6;2.7;2.6;2.7;;;2.9;3.1;;;2.9;3.1;;
1927;Totaal mannen en vrouwen;0;0;4;Drie jaar na afstuderen;7;Cohort 2001/'02;2.7;2.8;2.5;2.6;2.5;2.6;;;3.1;3.2;;;3.1;3.2;2.8;2.8
1928;Totaal mannen en vrouwen;0;0;4;Drie jaar na afstuderen;7;Cohort 2002/'03;2.9;3.0;2.8;2.9;2.8;2.9;;;3.2;3.2;;;3.2;3.2;2.3;2.3
1929;Totaal mannen en vrouwen;0;0;4;Drie jaar na afstuderen;7;Cohort 2003/'04;3.1;3.2;3.0;3.1;3.0;3.1;;;3.3;3.4;2.8;2.8;3.4;3.5;2.6;2.6
1930;Totaal mannen en vrouwen;0;0;4;Drie jaar na afstuderen;8;Cohort 1999/'00;2.1;2.3;2.1;2.3;2.1;2.3;;;1.8;;;;1.8;;;
1931;Totaal mannen en vrouwen;0;0;4;Drie jaar na afstuderen;8;Cohort 2000/'01;2.3;2.4;2.2;2.4;2.2;2.4;;;2.8;2.8;;;2.8;2.8;;
1932;Totaal mannen en vrouwen;0;0;4;Drie jaar na afstuderen;8;Cohort 2001/'02;2.2;2.4;2.2;2.4;2.2;2.4;;;2.7;2.7;;;2.7;2.7;;
1933;Totaal mannen en vrouwen;0;0;4;Drie jaar na afstuderen;8;Cohort 2002/'03;2.3;2.9;2.3;3.0;2.3;3.0;;;2.0;2.7;;;2.0;2.7;;
1934;Totaal mannen en vrouwen;0;0;4;Drie jaar na afstuderen;8;Cohort 2003/'04;2.7;3.1;2.7;3.0;2.7;3.0;;;3.0;3.8;2.2;2.2;3.1;4.2;;
1935;Totaal mannen en vrouwen;0;0;4;Drie jaar na afstuderen;9;Cohort 1999/'00;2.6;2.7;2.4;2.6;2.4;2.6;;;2.9;3.0;;;2.9;3.0;;
1936;Totaal mannen en vrouwen;0;0;4;Drie jaar na afstuderen;9;Cohort 2000/'01;2.6;2.7;2.5;2.5;2.5;2.5;;;3.0;2.9;;;3.0;2.9;;
1937;Totaal mannen en vrouwen;0;0;4;Drie jaar na afstuderen;9;Cohort 2001/'02;2.5;2.8;2.4;2.7;2.4;2.7;;;2.7;3.0;;;2.7;3.0;;
1938;Totaal mannen en vrouwen;0;0;4;Drie jaar na afstuderen;9;Cohort 2002/'03;2.7;2.7;2.5;2.5;2.5;2.5;;;3.0;3.2;;;3.0;3.2;;
1939;Totaal mannen en vrouwen;0;0;4;Drie jaar na afstuderen;9;Cohort 2003/'04;3.0;3.0;2.8;2.8;2.8;2.8;;;3.3;3.5;;;3.3;3.5;;
1940;Totaal mannen en vrouwen;0;0;4;Drie jaar na afstuderen;M Onderwijs;Cohort 1999/'00;2.3;2.5;2.2;2.4;2.2;2.4;;;2.4;2.6;;;2.4;2.7;2.3;2.3
1941;Totaal mannen en vrouwen;0;0;4;Drie jaar na afstuderen;M Onderwijs;Cohort 2000/'01;2.4;2.6;2.4;2.7;2.4;2.7;;;2.4;2.4;;;2.4;2.4;;
1942;Totaal mannen en vrouwen;0;0;4;Drie jaar na afstuderen;M Onderwijs;Cohort 2001/'02;2.5;2.6;2.4;2.6;2.4;2.6;;;2.5;2.6;;;2.5;2.6;;
1943;Totaal mannen en vrouwen;0;0;4;Drie jaar na afstuderen;M Onderwijs;Cohort 2002/'03;2.4;2.6;2.4;2.5;2.4;2.5;;;2.6;2.7;;;2.6;2.7;;
1944;Totaal mannen en vrouwen;0;0;4;Drie jaar na afstuderen;M Onderwijs;Cohort 2003/'04;2.5;2.7;2.5;2.7;2.5;2.7;;;2.8;3.1;;;2.8;3.1;;
1945;Totaal mannen en vrouwen;0;0;4;Drie jaar na afstuderen;N Gezondheids- en welzijnszorg;Cohort 1999/'00;2.3;2.7;2.2;2.5;2.2;2.5;;;3.1;3.3;;;3.0;3.5;3.3;3.3
1946;Totaal mannen en vrouwen;0;0;4;Drie jaar na afstuderen;N Gezondheids- en welzijnszorg;Cohort 2000/'01;2.4;2.5;2.2;2.4;2.2;2.4;;;3.7;2.8;;;2.5;2.6;4.1;2.9
1947;Totaal mannen en vrouwen;0;0;4;Drie jaar na afstuderen;N Gezondheids- en welzijnszorg;Cohort 2001/'02;2.6;2.9;2.5;2.8;2.5;2.8;;;2.9;3.3;;;2.7;2.9;3.1;3.6
1948;Totaal mannen en vrouwen;0;0;4;Drie jaar na afstuderen;N Gezondheids- en welzijnszorg;Cohort 2002/'03;2.5;2.8;2.4;2.7;2.4;2.7;;;3.0;3.2;;;2.6;2.8;3.5;3.6
1949;Totaal mannen en vrouwen;0;0;4;Drie jaar na afstuderen;N Gezondheids- en welzijnszorg;Cohort 2003/'04;2.4;2.9;2.4;2.8;2.4;2.8;;;3.0;3.3;;;3.0;3.2;3.0;3.4
1950;Totaal mannen en vrouwen;0;0;4;Drie jaar na afstuderen;9000e Milieu, cultuur, recreatie en ..;Cohort 1999/'00;2.6;2.6;2.5;2.5;2.5;2.5;;;2.6;2.6;;;;;2.6;2.6
1951;Totaal mannen en vrouwen;0;0;4;Drie jaar na afstuderen;9000e Milieu, cultuur, recreatie en ..;Cohort 2000/'01;2.5;2.4;2.5;2.5;2.5;2.5;;;2.4;2.4;;;;;2.4;2.4
1952;Totaal mannen en vrouwen;0;0;4;Drie jaar na afstuderen;9000e Milieu, cultuur, recreatie en ..;Cohort 2001/'02;2.4;2.7;2.6;2.7;2.6;2.7;;;2.1;2.7;;;2.1;2.7;;
1953;Totaal mannen en vrouwen;0;0;4;Drie jaar na afstuderen;9000e Milieu, cultuur, recreatie en ..;Cohort 2002/'03;2.6;2.7;2.5;2.7;2.5;2.7;;;2.7;2.7;;;2.6;2.5;2.7;2.7
1954;Totaal mannen en vrouwen;0;0;4;Drie jaar na afstuderen;9000e Milieu, cultuur, recreatie en ..;Cohort 2003/'04;2.7;2.8;2.4;2.8;2.4;2.8;;;2.9;2.9;;;2.9;2.9;2.8;2.8
1955;Totaal mannen en vrouwen;0;0;4;Drie jaar na afstuderen;Onbekend;Cohort 1999/'00;4.2;4.2;4.2;4.2;4.2;4.2;;;;;;;;;;
1956;Totaal mannen en vrouwen;0;0;4;Drie jaar na afstuderen;Onbekend;Cohort 2000/'01;;;;;;;;;;;;;;;;
1957;Totaal mannen en vrouwen;0;0;4;Drie jaar na afstuderen;Onbekend;Cohort 2001/'02;;;;;;;;;;;;;;;;
1958;Totaal mannen en vrouwen;0;0;4;Drie jaar na afstuderen;Onbekend;Cohort 2002/'03;;;;;;;;;;;;;;;;
1959;Totaal mannen en vrouwen;0;0;4;Drie jaar na afstuderen;Onbekend;Cohort 2003/'04;;;;;;;;;;;;;;;;
1960;Totaal mannen en vrouwen;0;0;4;Vier jaar na afstuderen;0;Cohort 1999/'00;2.7;2.9;2.5;2.7;2.5;2.7;;;3.2;3.4;;;3.2;3.4;3.6;3.8
1961;Totaal mannen en vrouwen;0;0;4;Vier jaar na afstuderen;0;Cohort 2000/'01;2.7;2.9;2.6;2.8;2.6;2.8;;;3.3;3.3;;;3.4;3.4;3.0;3.2
1962;Totaal mannen en vrouwen;0;0;4;Vier jaar na afstuderen;0;Cohort 2001/'02;2.9;3.2;2.7;3.0;2.7;3.0;;;3.5;3.8;;;3.5;3.8;3.7;3.7
1963;Totaal mannen en vrouwen;0;0;4;Vier jaar na afstuderen;0;Cohort 2002/'03;3.0;3.3;2.8;3.1;2.8;3.1;;;3.6;3.9;3.2;3.2;3.5;3.8;4.1;4.6
1964;Totaal mannen en vrouwen;0;0;4;Vier jaar na afstuderen;0;Cohort 2003/'04;3.1;3.5;3.0;3.3;3.0;3.3;;;3.6;3.9;9.2;9.2;3.6;4.0;3.4;3.5
1965;Totaal mannen en vrouwen;0;0;4;Vier jaar na afstuderen;1;Cohort 1999/'00;;;;;;;;;;;;;;;;
1966;Totaal mannen en vrouwen;0;0;4;Vier jaar na afstuderen;1;Cohort 2000/'01;1.0;;1.0;;1.0;;;;;;;;;;;
1967;Totaal mannen en vrouwen;0;0;4;Vier jaar na afstuderen;1;Cohort 2001/'02;;;;;;;;;;;;;;;;
1968;Totaal mannen en vrouwen;0;0;4;Vier jaar na afstuderen;1;Cohort 2002/'03;3.2;3.2;3.2;3.2;3.2;3.2;;;;;;;;;;
1969;Totaal mannen en vrouwen;0;0;4;Vier jaar na afstuderen;1;Cohort 2003/'04;;;;;;;;;;;;;;;;
1970;Totaal mannen en vrouwen;0;0;4;Vier jaar na afstuderen;2;Cohort 1999/'00;2.9;2.9;2.7;2.7;2.7;2.7;;;3.8;3.9;;;3.8;3.9;;
1971;Totaal mannen en vrouwen;0;0;4;Vier jaar na afstuderen;2;Cohort 2000/'01;3.0;3.0;2.7;2.7;2.7;2.7;;;3.8;4.1;;;3.8;4.1;4.2;4.2
1972;Totaal mannen en vrouwen;0;0;4;Vier jaar na afstuderen;2;Cohort 2001/'02;3.1;3.3;2.9;3.0;2.9;3.0;;;3.5;4.1;;;3.5;4.1;;
1973;Totaal mannen en vrouwen;0;0;4;Vier jaar na afstuderen;2;Cohort 2002/'03;3.3;3.3;3.2;3.2;3.2;3.2;;;4.3;4.3;;;4.3;4.3;;
1974;Totaal mannen en vrouwen;0;0;4;Vier jaar na afstuderen;2;Cohort 2003/'04;3.7;3.8;3.7;3.8;3.7;3.8;;;3.8;4.1;;;3.8;4.1;;
1975;Totaal mannen en vrouwen;0;0;4;Vier jaar na afstuderen;3;Cohort 1999/'00;3.0;3.2;2.8;2.9;2.8;2.9;;;3.7;4.2;;;2.8;2.8;4.0;4.9
1976;Totaal mannen en vrouwen;0;0;4;Vier jaar na afstuderen;3;Cohort 2000/'01;3.0;3.0;2.5;2.5;2.5;2.5;;;4.2;4.2;;;4.1;4.1;4.6;4.6
1977;Totaal mannen en vrouwen;0;0;4;Vier jaar na afstuderen;3;Cohort 2001/'02;2.8;2.9;2.7;2.8;2.7;2.8;;;3.5;3.5;;;2.8;2.8;4.8;4.8
1978;Totaal mannen en vrouwen;0;0;4;Vier jaar na afstuderen;3;Cohort 2002/'03;3.8;3.9;3.6;3.7;3.6;3.7;;;4.6;4.6;3.2;3.2;4.7;4.7;5.3;5.3
1979;Totaal mannen en vrouwen;0;0;4;Vier jaar na afstuderen;3;Cohort 2003/'04;3.5;3.4;3.5;3.3;3.5;3.3;;;3.6;3.7;;;3.5;3.5;3.6;4.1
1980;Totaal mannen en vrouwen;0;0;4;Vier jaar na afstuderen;4;Cohort 1999/'00;3.5;3.5;3.5;3.5;3.5;3.5;;;;;;;;;;
1981;Totaal mannen en vrouwen;0;0;4;Vier jaar na afstuderen;4;Cohort 2000/'01;;;;;;;;;;;;;;;;
1982;Totaal mannen en vrouwen;0;0;4;Vier jaar na afstuderen;4;Cohort 2001/'02;;;;;;;;;;;;;;;;
1983;Totaal mannen en vrouwen;0;0;4;Vier jaar na afstuderen;4;Cohort 2002/'03;1.1;2.3;1.1;2.3;1.1;2.3;;;;;;;;;;
1984;Totaal mannen en vrouwen;0;0;4;Vier jaar na afstuderen;4;Cohort 2003/'04;;;;;;;;;;;;;;;;
1985;Totaal mannen en vrouwen;0;0;4;Vier jaar na afstuderen;5;Cohort 1999/'00;2.5;2.7;2.3;2.5;2.3;2.5;;;3.2;3.2;;;3.2;3.2;;
1986;Totaal mannen en vrouwen;0;0;4;Vier jaar na afstuderen;5;Cohort 2000/'01;3.0;3.1;3.0;3.1;3.0;3.1;;;;;;;;;;
1987;Totaal mannen en vrouwen;0;0;4;Vier jaar na afstuderen;5;Cohort 2001/'02;2.5;2.5;2.5;2.5;2.5;2.5;;;2.9;2.9;;;2.9;2.9;;
1988;Totaal mannen en vrouwen;0;0;4;Vier jaar na afstuderen;5;Cohort 2002/'03;3.8;3.9;3.0;3.1;3.0;3.1;;;4.8;4.8;;;3.9;3.9;7.5;7.5
1989;Totaal mannen en vrouwen;0;0;4;Vier jaar na afstuderen;5;Cohort 2003/'04;2.7;3.0;2.6;2.8;2.6;2.8;;;3.0;3.5;;;3.0;3.5;;
1990;Totaal mannen en vrouwen;0;0;4;Vier jaar na afstuderen;6;Cohort 1999/'00;3.7;4.1;2.9;3.1;2.9;3.1;;;4.7;5.5;;;4.7;5.5;;
1991;Totaal mannen en vrouwen;0;0;4;Vier jaar na afstuderen;6;Cohort 2000/'01;3.6;3.8;3.3;3.5;3.3;3.5;;;4.2;4.2;;;4.2;4.2;;
1992;Totaal mannen en vrouwen;0;0;4;Vier jaar na afstuderen;6;Cohort 2001/'02;3.7;3.8;3.7;3.9;3.7;3.9;;;3.6;3.8;;;3.6;3.8;;
1993;Totaal mannen en vrouwen;0;0;4;Vier jaar na afstuderen;6;Cohort 2002/'03;3.1;3.3;3.0;3.2;3.0;3.2;;;3.4;3.8;;;3.4;3.8;;
1994;Totaal mannen en vrouwen;0;0;4;Vier jaar na afstuderen;6;Cohort 2003/'04;3.6;3.8;3.2;3.3;3.2;3.3;;;4.7;5.0;9.2;9.2;4.3;4.5;;
1995;Totaal mannen en vrouwen;0;0;4;Vier jaar na afstuderen;7;Cohort 1999/'00;2.7;2.8;2.6;2.6;2.6;2.6;;;3.0;3.0;;;3.0;3.0;;
1996;Totaal mannen en vrouwen;0;0;4;Vier jaar na afstuderen;7;Cohort 2000/'01;2.9;3.0;2.8;2.9;2.8;2.9;;;3.1;3.2;;;3.1;3.2;;
1997;Totaal mannen en vrouwen;0;0;4;Vier jaar na afstuderen;7;Cohort 2001/'02;3.3;3.4;2.8;3.0;2.8;3.0;;;4.2;4.2;;;4.2;4.3;2.9;2.9
1998;Totaal mannen en vrouwen;0;0;4;Vier jaar na afstuderen;7;Cohort 2002/'03;3.4;3.4;3.1;3.2;3.1;3.2;;;4.0;4.0;;;4.0;4.1;2.6;2.6
1999;Totaal mannen en vrouwen;0;0;4;Vier jaar na afstuderen;7;Cohort 2003/'04;3.4;3.6;3.4;3.5;3.4;3.5;;;3.5;3.7;;;3.5;3.8;2.5;2.5
2000;Totaal mannen en vrouwen;0;0;4;Vier jaar na afstuderen;8;Cohort 1999/'00;2.4;2.6;2.3;2.5;2.3;2.5;;;3.4;3.4;;;3.4;3.4;;
2001;Totaal mannen en vrouwen;0;0;4;Vier jaar na afstuderen;8;Cohort 2000/'01;2.3;2.6;2.4;2.6;2.4;2.6;;;1.7;;;;1.7;;1.6;
2002;Totaal mannen en vrouwen;0;0;4;Vier jaar na afstuderen;8;Cohort 2001/'02;2.6;3.4;2.3;3.1;2.3;3.1;;;3.5;4.0;;;3.5;4.0;;
2003;Totaal mannen en vrouwen;0;0;4;Vier jaar na afstuderen;8;Cohort 2002/'03;2.7;3.0;2.7;3.0;2.7;3.0;;;2.5;2.9;;;2.5;2.9;;
2004;Totaal mannen en vrouwen;0;0;4;Vier jaar na afstuderen;8;Cohort 2003/'04;3.3;3.7;3.2;3.7;3.2;3.7;;;3.5;4.1;;;3.5;4.1;;
2005;Totaal mannen en vrouwen;0;0;4;Vier jaar na afstuderen;9;Cohort 1999/'00;2.7;2.8;2.5;2.6;2.5;2.6;;;3.1;3.3;;;3.1;3.3;;
2006;Totaal mannen en vrouwen;0;0;4;Vier jaar na afstuderen;9;Cohort 2000/'01;3.0;2.7;2.6;2.6;2.6;2.6;;;3.8;3.0;;;3.8;3.0;;
2007;Totaal mannen en vrouwen;0;0;4;Vier jaar na afstuderen;9;Cohort 2001/'02;2.8;3.1;2.7;3.0;2.7;3.0;;;3.1;3.3;;;3.1;3.3;;
2008;Totaal mannen en vrouwen;0;0;4;Vier jaar na afstuderen;9;Cohort 2002/'03;2.9;3.1;2.6;2.8;2.6;2.8;;;3.3;3.7;;;3.3;3.7;;
2009;Totaal mannen en vrouwen;0;0;4;Vier jaar na afstuderen;9;Cohort 2003/'04;3.3;3.5;3.1;3.3;3.1;3.3;;;3.7;4.1;;;3.7;4.1;;
2010;Totaal mannen en vrouwen;0;0;4;Vier jaar na afstuderen;M Onderwijs;Cohort 1999/'00;2.5;2.7;2.4;2.6;2.4;2.6;;;2.5;2.8;;;2.4;2.6;3.4;3.4
2011;Totaal mannen en vrouwen;0;0;4;Vier jaar na afstuderen;M Onderwijs;Cohort 2000/'01;2.4;2.7;2.4;2.7;2.4;2.7;;;2.7;2.7;;;2.7;2.7;;
2012;Totaal mannen en vrouwen;0;0;4;Vier jaar na afstuderen;M Onderwijs;Cohort 2001/'02;2.5;2.6;2.4;2.6;2.4;2.6;;;2.9;2.8;;;2.9;2.8;;
2013;Totaal mannen en vrouwen;0;0;4;Vier jaar na afstuderen;M Onderwijs;Cohort 2002/'03;2.5;2.8;2.5;2.8;2.5;2.8;;;2.7;2.8;;;2.7;2.8;;
2014;Totaal mannen en vrouwen;0;0;4;Vier jaar na afstuderen;M Onderwijs;Cohort 2003/'04;2.6;2.8;2.5;2.8;2.5;2.8;;;3.1;;;;3.1;;;
2015;Totaal mannen en vrouwen;0;0;4;Vier jaar na afstuderen;N Gezondheids- en welzijnszorg;Cohort 1999/'00;2.4;2.9;2.3;2.7;2.3;2.7;;;3.1;3.6;;;2.8;3.6;3.6;3.6
2016;Totaal mannen en vrouwen;0;0;4;Vier jaar na afstuderen;N Gezondheids- en welzijnszorg;Cohort 2000/'01;2.3;2.6;2.2;2.5;2.2;2.5;;;2.8;2.9;;;2.4;2.5;3.1;3.1
2017;Totaal mannen en vrouwen;0;0;4;Vier jaar na afstuderen;N Gezondheids- en welzijnszorg;Cohort 2001/'02;2.6;2.9;2.5;2.7;2.5;2.7;;;3.3;3.7;;;2.9;4.0;3.7;3.7
2018;Totaal mannen en vrouwen;0;0;4;Vier jaar na afstuderen;N Gezondheids- en welzijnszorg;Cohort 2002/'03;2.6;3.0;2.4;2.9;2.4;2.9;;;3.4;3.4;;;3.1;3.1;3.8;3.8
2019;Totaal mannen en vrouwen;0;0;4;Vier jaar na afstuderen;N Gezondheids- en welzijnszorg;Cohort 2003/'04;2.6;3.1;2.5;2.9;2.5;2.9;;;3.4;3.7;;;3.0;3.7;3.7;3.7
2020;Totaal mannen en vrouwen;0;0;4;Vier jaar na afstuderen;9000e Milieu, cultuur, recreatie en ..;Cohort 1999/'00;2.2;2.5;2.0;2.5;2.0;2.5;;;2.5;2.5;;;2.5;2.5;2.5;2.5
2021;Totaal mannen en vrouwen;0;0;4;Vier jaar na afstuderen;9000e Milieu, cultuur, recreatie en ..;Cohort 2000/'01;2.3;2.6;2.2;2.7;2.2;2.7;;;2.6;2.6;;;;;2.6;2.6
2022;Totaal mannen en vrouwen;0;0;4;Vier jaar na afstuderen;9000e Milieu, cultuur, recreatie en ..;Cohort 2001/'02;2.8;3.0;2.9;3.1;2.9;3.1;;;2.4;2.5;;;2.4;2.5;;
2023;Totaal mannen en vrouwen;0;0;4;Vier jaar na afstuderen;9000e Milieu, cultuur, recreatie en ..;Cohort 2002/'03;2.6;3.0;2.7;3.0;2.7;3.0;;;2.6;2.8;;;2.5;2.8;2.7;
2024;Totaal mannen en vrouwen;0;0;4;Vier jaar na afstuderen;9000e Milieu, cultuur, recreatie en ..;Cohort 2003/'04;2.4;3.0;2.2;3.0;2.2;3.0;;;3.0;3.0;;;;;3.0;3.0
2025;Totaal mannen en vrouwen;0;0;4;Vier jaar na afstuderen;Onbekend;Cohort 1999/'00;4.0;4.0;;;;;;;4.0;4.0;;;4.0;4.0;;
2026;Totaal mannen en vrouwen;0;0;4;Vier jaar na afstuderen;Onbekend;Cohort 2000/'01;2.4;2.4;2.8;2.8;2.8;2.8;;;2.2;2.2;;;1.3;1.3;3.0;3.0
2027;Totaal mannen en vrouwen;0;0;4;Vier jaar na afstuderen;Onbekend;Cohort 2001/'02;;;;;;;;;;;;;;;;
2028;Totaal mannen en vrouwen;0;0;4;Vier jaar na afstuderen;Onbekend;Cohort 2002/'03;;;;;;;;;;;;;;;;
2029;Totaal mannen en vrouwen;0;0;4;Vier jaar na afstuderen;Onbekend;Cohort 2003/'04;;;;;;;;;;;;;;;;
2030;Totaal mannen en vrouwen;0;0;4;Vijf jaar na afstuderen;0;Cohort 1999/'00;2.8;3.1;2.6;2.9;2.6;2.9;;;3.4;3.9;;;3.4;3.9;3.8;4.0
2031;Totaal mannen en vrouwen;0;0;4;Vijf jaar na afstuderen;0;Cohort 2000/'01;3.0;3.4;2.8;3.1;2.8;3.1;;;3.8;4.0;;;3.9;4.0;3.7;3.9
2032;Totaal mannen en vrouwen;0;0;4;Vijf jaar na afstuderen;0;Cohort 2001/'02;3.1;3.4;2.9;3.2;2.9;3.2;;;3.7;4.0;;;3.7;4.0;3.6;3.8
2033;Totaal mannen en vrouwen;0;0;4;Vijf jaar na afstuderen;0;Cohort 2002/'03;3.3;3.7;3.1;3.5;3.1;3.5;;;4.0;4.5;2.0;;4.0;4.5;4.5;4.5
2034;Totaal mannen en vrouwen;0;0;4;Vijf jaar na afstuderen;0;Cohort 2003/'04;;;;;;;;;;;;;;;;
2035;Totaal mannen en vrouwen;0;0;4;Vijf jaar na afstuderen;1;Cohort 1999/'00;;;;;;;;;;;;;;;;
2036;Totaal mannen en vrouwen;0;0;4;Vijf jaar na afstuderen;1;Cohort 2000/'01;2.5;;2.5;;2.5;;;;;;;;;;;
2037;Totaal mannen en vrouwen;0;0;4;Vijf jaar na afstuderen;1;Cohort 2001/'02;;;;;;;;;;;;;;;;
2038;Totaal mannen en vrouwen;0;0;4;Vijf jaar na afstuderen;1;Cohort 2002/'03;3.6;3.6;3.6;3.6;3.6;3.6;;;3.6;3.6;;;3.6;3.6;;
2039;Totaal mannen en vrouwen;0;0;4;Vijf jaar na afstuderen;1;Cohort 2003/'04;;;;;;;;;;;;;;;;
2040;Totaal mannen en vrouwen;0;0;4;Vijf jaar na afstuderen;2;Cohort 1999/'00;3.3;3.4;3.1;3.1;3.1;3.1;;;4.6;5.0;;;4.6;5.0;;
2041;Totaal mannen en vrouwen;0;0;4;Vijf jaar na afstuderen;2;Cohort 2000/'01;3.3;3.3;3.2;3.2;3.2;3.2;;;4.2;4.2;;;3.8;3.8;5.4;5.4
2042;Totaal mannen en vrouwen;0;0;4;Vijf jaar na afstuderen;2;Cohort 2001/'02;3.1;3.3;3.0;3.1;3.0;3.1;;;3.3;4.0;;;3.3;4.0;;
2043;Totaal mannen en vrouwen;0;0;4;Vijf jaar na afstuderen;2;Cohort 2002/'03;3.9;3.9;3.8;3.8;3.8;3.8;;;5.1;5.1;;;5.1;5.1;;
2044;Totaal mannen en vrouwen;0;0;4;Vijf jaar na afstuderen;2;Cohort 2003/'04;;;;;;;;;;;;;;;;
2045;Totaal mannen en vrouwen;0;0;4;Vijf jaar na afstuderen;3;Cohort 1999/'00;3.2;3.4;2.9;3.0;2.9;3.0;;;4.3;4.9;;;3.4;3.4;4.6;5.7
2046;Totaal mannen en vrouwen;0;0;4;Vijf jaar na afstuderen;3;Cohort 2000/'01;3.6;3.7;3.6;3.7;3.6;3.7;;;3.6;3.6;;;3.8;3.8;3.4;3.4
2047;Totaal mannen en vrouwen;0;0;4;Vijf jaar na afstuderen;3;Cohort 2001/'02;3.2;3.3;3.0;3.1;3.0;3.1;;;4.3;4.3;;;3.6;3.6;5.7;5.7
2048;Totaal mannen en vrouwen;0;0;4;Vijf jaar na afstuderen;3;Cohort 2002/'03;3.8;3.9;3.1;3.2;3.1;3.2;;;5.8;6.1;;;5.3;5.7;6.3;6.3
2049;Totaal mannen en vrouwen;0;0;4;Vijf jaar na afstuderen;3;Cohort 2003/'04;;;;;;;;;;;;;;;;
2050;Totaal mannen en vrouwen;0;0;4;Vijf jaar na afstuderen;4;Cohort 1999/'00;2.2;2.8;2.8;2.8;2.8;2.8;;;0.8;;;;0.8;;;
2051;Totaal mannen en vrouwen;0;0;4;Vijf jaar na afstuderen;4;Cohort 2000/'01;2.5;2.5;2.5;2.5;2.5;2.5;;;;;;;;;;
2052;Totaal mannen en vrouwen;0;0;4;Vijf jaar na afstuderen;4;Cohort 2001/'02;;;;;;;;;;;;;;;;
2053;Totaal mannen en vrouwen;0;0;4;Vijf jaar na afstuderen;4;Cohort 2002/'03;1.8;2.7;1.8;2.7;1.8;2.7;;;;;;;;;;
2054;Totaal mannen en vrouwen;0;0;4;Vijf jaar na afstuderen;4;Cohort 2003/'04;;;;;;;;;;;;;;;;
2055;Totaal mannen en vrouwen;0;0;4;Vijf jaar na afstuderen;5;Cohort 1999/'00;3.1;3.4;2.9;3.2;2.9;3.2;;;3.6;3.6;;;3.6;3.6;;
2056;Totaal mannen en vrouwen;0;0;4;Vijf jaar na afstuderen;5;Cohort 2000/'01;3.5;3.7;3.5;3.7;3.5;3.7;;;;;;;;;;
2057;Totaal mannen en vrouwen;0;0;4;Vijf jaar na afstuderen;5;Cohort 2001/'02;3.1;3.1;2.9;3.0;2.9;3.0;;;3.9;3.6;;;3.9;3.6;;
2058;Totaal mannen en vrouwen;0;0;4;Vijf jaar na afstuderen;5;Cohort 2002/'03;3.4;3.5;2.8;2.7;2.8;2.7;;;4.6;4.6;;;4.6;4.6;;
2059;Totaal mannen en vrouwen;0;0;4;Vijf jaar na afstuderen;5;Cohort 2003/'04;;;;;;;;;;;;;;;;
2060;Totaal mannen en vrouwen;0;0;4;Vijf jaar na afstuderen;6;Cohort 1999/'00;3.4;3.7;2.9;3.2;2.9;3.2;;;4.4;5.3;;;4.4;5.3;;
2061;Totaal mannen en vrouwen;0;0;4;Vijf jaar na afstuderen;6;Cohort 2000/'01;4.2;4.4;3.6;3.7;3.6;3.7;;;5.2;5.2;;;5.1;5.1;5.8;5.8
2062;Totaal mannen en vrouwen;0;0;4;Vijf jaar na afstuderen;6;Cohort 2001/'02;3.8;4.0;3.7;3.9;3.7;3.9;;;3.9;4.7;;;3.9;4.7;;
2063;Totaal mannen en vrouwen;0;0;4;Vijf jaar na afstuderen;6;Cohort 2002/'03;3.4;3.7;3.2;3.4;3.2;3.4;;;3.9;4.6;;;3.9;4.6;;
2064;Totaal mannen en vrouwen;0;0;4;Vijf jaar na afstuderen;6;Cohort 2003/'04;;;;;;;;;;;;;;;;
2065;Totaal mannen en vrouwen;0;0;4;Vijf jaar na afstuderen;7;Cohort 1999/'00;3.0;3.1;2.8;2.9;2.8;2.9;;;3.5;3.7;;;3.5;3.7;;
2066;Totaal mannen en vrouwen;0;0;4;Vijf jaar na afstuderen;7;Cohort 2000/'01;3.4;3.7;3.1;3.3;3.1;3.3;;;4.2;4.5;;;4.2;4.5;;
2067;Totaal mannen en vrouwen;0;0;4;Vijf jaar na afstuderen;7;Cohort 2001/'02;3.5;3.8;3.1;3.4;3.1;3.4;;;4.3;4.4;;;4.4;4.4;3.1;3.1
2068;Totaal mannen en vrouwen;0;0;4;Vijf jaar na afstuderen;7;Cohort 2002/'03;3.9;4.1;3.7;3.9;3.7;3.9;;;4.5;4.6;;;4.5;4.7;2.6;2.6
2069;Totaal mannen en vrouwen;0;0;4;Vijf jaar na afstuderen;7;Cohort 2003/'04;;;;;;;;;;;;;;;;
2070;Totaal mannen en vrouwen;0;0;4;Vijf jaar na afstuderen;8;Cohort 1999/'00;2.2;2.6;2.2;2.5;2.2;2.5;;;2.8;3.3;;;2.8;3.3;;
2071;Totaal mannen en vrouwen;0;0;4;Vijf jaar na afstuderen;8;Cohort 2000/'01;2.4;2.9;2.4;2.9;2.4;2.9;;;;;;;;;;
2072;Totaal mannen en vrouwen;0;0;4;Vijf jaar na afstuderen;8;Cohort 2001/'02;3.0;3.4;2.8;3.2;2.8;3.2;;;4.0;4.4;;;4.0;4.4;;
2073;Totaal mannen en vrouwen;0;0;4;Vijf jaar na afstuderen;8;Cohort 2002/'03;3.1;4.0;3.2;4.0;3.2;4.0;;;2.6;;;;2.6;;;
2074;Totaal mannen en vrouwen;0;0;4;Vijf jaar na afstuderen;8;Cohort 2003/'04;;;;;;;;;;;;;;;;
2075;Totaal mannen en vrouwen;0;0;4;Vijf jaar na afstuderen;9;Cohort 1999/'00;3.0;3.2;2.7;2.8;2.7;2.8;;;3.5;3.7;;;3.5;3.7;;
2076;Totaal mannen en vrouwen;0;0;4;Vijf jaar na afstuderen;9;Cohort 2000/'01;3.0;2.9;2.8;2.8;2.8;2.8;;;3.3;3.2;;;3.3;3.2;;
2077;Totaal mannen en vrouwen;0;0;4;Vijf jaar na afstuderen;9;Cohort 2001/'02;3.0;3.2;2.9;3.1;2.9;3.1;;;3.4;3.6;;;3.4;3.6;;
2078;Totaal mannen en vrouwen;0;0;4;Vijf jaar na afstuderen;9;Cohort 2002/'03;3.2;3.3;2.9;3.0;2.9;3.0;;;3.7;4.1;;;3.7;4.1;;
2079;Totaal mannen en vrouwen;0;0;4;Vijf jaar na afstuderen;9;Cohort 2003/'04;;;;;;;;;;;;;;;;
2080;Totaal mannen en vrouwen;0;0;4;Vijf jaar na afstuderen;M Onderwijs;Cohort 1999/'00;2.5;2.9;2.5;2.8;2.5;2.8;;;2.5;3.7;;;2.5;3.7;;
2081;Totaal mannen en vrouwen;0;0;4;Vijf jaar na afstuderen;M Onderwijs;Cohort 2000/'01;2.6;2.8;2.5;2.8;2.5;2.8;;;3.0;2.9;;;3.0;2.9;;
2082;Totaal mannen en vrouwen;0;0;4;Vijf jaar na afstuderen;M Onderwijs;Cohort 2001/'02;2.7;2.8;2.6;2.7;2.6;2.7;;;3.1;3.2;;;3.1;3.2;;
2083;Totaal mannen en vrouwen;0;0;4;Vijf jaar na afstuderen;M Onderwijs;Cohort 2002/'03;2.6;3.0;2.6;3.0;2.6;3.0;;;2.7;3.2;2.0;;2.8;3.2;;
2084;Totaal mannen en vrouwen;0;0;4;Vijf jaar na afstuderen;M Onderwijs;Cohort 2003/'04;;;;;;;;;;;;;;;;
2085;Totaal mannen en vrouwen;0;0;4;Vijf jaar na afstuderen;N Gezondheids- en welzijnszorg;Cohort 1999/'00;2.3;2.8;2.2;2.7;2.2;2.7;;;2.8;3.4;;;2.5;3.6;3.3;3.3
2086;Totaal mannen en vrouwen;0;0;4;Vijf jaar na afstuderen;N Gezondheids- en welzijnszorg;Cohort 2000/'01;2.5;3.0;2.3;2.8;2.3;2.8;;;3.2;3.3;;;2.8;2.9;3.4;3.5
2087;Totaal mannen en vrouwen;0;0;4;Vijf jaar na afstuderen;N Gezondheids- en welzijnszorg;Cohort 2001/'02;2.8;3.2;2.7;3.1;2.7;3.1;;;3.2;3.5;;;2.9;3.2;3.5;3.7
2088;Totaal mannen en vrouwen;0;0;4;Vijf jaar na afstuderen;N Gezondheids- en welzijnszorg;Cohort 2002/'03;2.8;3.3;2.6;3.2;2.6;3.2;;;3.9;4.1;;;3.8;4.4;4.1;3.9
2089;Totaal mannen en vrouwen;0;0;4;Vijf jaar na afstuderen;N Gezondheids- en welzijnszorg;Cohort 2003/'04;;;;;;;;;;;;;;;;
2090;Totaal mannen en vrouwen;0;0;4;Vijf jaar na afstuderen;9000e Milieu, cultuur, recreatie en ..;Cohort 1999/'00;1.6;2.8;0.9;;0.9;;;;2.6;2.8;;;2.4;;2.8;2.8
2091;Totaal mannen en vrouwen;0;0;4;Vijf jaar na afstuderen;9000e Milieu, cultuur, recreatie en ..;Cohort 2000/'01;2.5;2.6;2.5;2.9;2.5;2.9;;;2.3;2.0;;;1.4;1.4;2.7;2.7
2092;Totaal mannen en vrouwen;0;0;4;Vijf jaar na afstuderen;9000e Milieu, cultuur, recreatie en ..;Cohort 2001/'02;2.8;2.9;2.5;3.0;2.5;3.0;;;3.2;2.7;;;3.5;2.7;2.7;2.7
2093;Totaal mannen en vrouwen;0;0;4;Vijf jaar na afstuderen;9000e Milieu, cultuur, recreatie en ..;Cohort 2002/'03;2.9;3.2;2.9;3.3;2.9;3.3;;;2.9;2.5;;;3.0;;2.5;2.5
2094;Totaal mannen en vrouwen;0;0;4;Vijf jaar na afstuderen;9000e Milieu, cultuur, recreatie en ..;Cohort 2003/'04;;;;;;;;;;;;;;;;
2095;Totaal mannen en vrouwen;0;0;4;Vijf jaar na afstuderen;Onbekend;Cohort 1999/'00;3.4;3.4;1.8;1.8;1.8;1.8;;;4.9;4.9;;;4.9;4.9;;
2096;Totaal mannen en vrouwen;0;0;4;Vijf jaar na afstuderen;Onbekend;Cohort 2000/'01;;;;;;;;;;;;;;;;
2097;Totaal mannen en vrouwen;0;0;4;Vijf jaar na afstuderen;Onbekend;Cohort 2001/'02;;;;;;;;;;;;;;;;
2098;Totaal mannen en vrouwen;0;0;4;Vijf jaar na afstuderen;Onbekend;Cohort 2002/'03;;;;;;;;;;;;;;;;
2099;Totaal mannen en vrouwen;0;0;4;Vijf jaar na afstuderen;Onbekend;Cohort 2003/'04;;;;;;;;;;;;;;;;
2100;Totaal mannen en vrouwen;0;0;5;Direct na afstuderen;0;Cohort 1999/'00;1.6;;1.4;;1.4;;0.9;;2.1;;;;1.9;;2.6;
2101;Totaal mannen en vrouwen;0;0;5;Direct na afstuderen;0;Cohort 2000/'01;1.7;2.0;1.5;1.8;1.5;1.8;;;2.0;2.3;0.3;;1.9;2.2;2.4;2.7
2102;Totaal mannen en vrouwen;0;0;5;Direct na afstuderen;0;Cohort 2001/'02;1.7;2.2;1.6;2.1;1.6;2.1;2.8;;1.9;2.4;;;1.8;2.3;2.4;2.8
2103;Totaal mannen en vrouwen;0;0;5;Direct na afstuderen;0;Cohort 2002/'03;1.6;2.2;1.4;2.0;1.4;2.0;0.4;;1.9;2.5;3.0;3.0;1.7;2.3;2.6;3.0
2104;Totaal mannen en vrouwen;0;0;5;Direct na afstuderen;0;Cohort 2003/'04;1.6;2.1;1.5;2.0;1.5;2.0;;;1.9;2.6;1.8;2.3;1.6;2.4;2.9;3.0
2105;Totaal mannen en vrouwen;0;0;5;Direct na afstuderen;1;Cohort 1999/'00;0.7;;0.7;;0.7;;;;;;;;;;;
2106;Totaal mannen en vrouwen;0;0;5;Direct na afstuderen;1;Cohort 2000/'01;2.6;;2.6;;2.6;;;;;;;;;;;
2107;Totaal mannen en vrouwen;0;0;5;Direct na afstuderen;1;Cohort 2001/'02;0.4;;0.6;;0.6;;;;0.0;;;;0.0;;;
2108;Totaal mannen en vrouwen;0;0;5;Direct na afstuderen;1;Cohort 2002/'03;1.3;1.9;1.3;1.9;1.3;1.9;;;;;;;;;;
2109;Totaal mannen en vrouwen;0;0;5;Direct na afstuderen;1;Cohort 2003/'04;1.3;2.0;1.6;;1.6;;;;1.2;2.0;2.0;2.0;0.4;;;
2110;Totaal mannen en vrouwen;0;0;5;Direct na afstuderen;2;Cohort 1999/'00;1.7;;1.5;;1.5;;;;1.9;;;;1.9;;;
2111;Totaal mannen en vrouwen;0;0;5;Direct na afstuderen;2;Cohort 2000/'01;2.1;2.0;2.1;2.1;2.1;2.1;;;1.8;1.8;;;1.8;1.8;;
2112;Totaal mannen en vrouwen;0;0;5;Direct na afstuderen;2;Cohort 2001/'02;1.9;2.0;1.8;1.9;1.8;1.9;;;2.4;2.4;;;2.4;2.4;;
2113;Totaal mannen en vrouwen;0;0;5;Direct na afstuderen;2;Cohort 2002/'03;2.1;2.6;1.5;2.0;1.5;2.0;;;2.5;3.0;3.0;3.0;2.4;3.0;;
2114;Totaal mannen en vrouwen;0;0;5;Direct na afstuderen;2;Cohort 2003/'04;1.9;2.2;1.5;1.9;1.5;1.9;;;3.5;3.5;;;3.5;3.5;;
2115;Totaal mannen en vrouwen;0;0;5;Direct na afstuderen;3;Cohort 1999/'00;1.2;;1.2;;1.2;;;;1.6;;;;0.9;;2.4;
2116;Totaal mannen en vrouwen;0;0;5;Direct na afstuderen;3;Cohort 2000/'01;1.2;1.8;1.1;1.5;1.1;1.5;;;2.4;3.0;;;1.1;;3.0;3.0
2117;Totaal mannen en vrouwen;0;0;5;Direct na afstuderen;3;Cohort 2001/'02;1.2;1.9;1.1;1.6;1.1;1.6;;;1.5;2.4;;;1.2;2.1;2.7;2.7
2118;Totaal mannen en vrouwen;0;0;5;Direct na afstuderen;3;Cohort 2002/'03;1.4;2.0;1.3;1.8;1.3;1.8;;;1.7;3.3;;;1.3;4.0;3.0;3.0
2119;Totaal mannen en vrouwen;0;0;5;Direct na afstuderen;3;Cohort 2003/'04;1.3;2.0;1.2;1.9;1.2;1.9;;;1.7;2.2;;;1.0;1.6;3.1;3.6
2120;Totaal mannen en vrouwen;0;0;5;Direct na afstuderen;4;Cohort 1999/'00;0.7;;0.7;;0.7;;;;;;;;;;;
2121;Totaal mannen en vrouwen;0;0;5;Direct na afstuderen;4;Cohort 2000/'01;0.8;1.6;1.0;1.6;1.0;1.6;;;0.5;;;;0.5;;;
2122;Totaal mannen en vrouwen;0;0;5;Direct na afstuderen;4;Cohort 2001/'02;1.0;1.6;1.0;1.6;1.0;1.6;;;;;;;;;;
2123;Totaal mannen en vrouwen;0;0;5;Direct na afstuderen;4;Cohort 2002/'03;0.9;2.0;0.9;2.0;0.9;2.0;;;;;;;;;;
2124;Totaal mannen en vrouwen;0;0;5;Direct na afstuderen;4;Cohort 2003/'04;0.8;1.7;0.9;1.7;0.9;1.7;;;0.6;;;;0.6;;;
2125;Totaal mannen en vrouwen;0;0;5;Direct na afstuderen;5;Cohort 1999/'00;1.6;;1.5;;1.5;;;;2.7;;;;2.7;;;
2126;Totaal mannen en vrouwen;0;0;5;Direct na afstuderen;5;Cohort 2000/'01;1.8;2.3;1.3;2.1;1.3;2.1;;;2.5;2.5;;;2.5;2.5;;
2127;Totaal mannen en vrouwen;0;0;5;Direct na afstuderen;5;Cohort 2001/'02;1.8;2.3;1.7;2.1;1.7;2.1;;;1.8;2.8;;;1.8;2.8;;
2128;Totaal mannen en vrouwen;0;0;5;Direct na afstuderen;5;Cohort 2002/'03;1.7;2.2;1.8;2.2;1.8;2.2;;;0.9;;;;0.9;;;
2129;Totaal mannen en vrouwen;0;0;5;Direct na afstuderen;5;Cohort 2003/'04;1.6;2.1;1.7;2.1;1.7;2.1;;;0.9;;;;0.9;;;
2130;Totaal mannen en vrouwen;0;0;5;Direct na afstuderen;6;Cohort 1999/'00;2.5;;1.8;;1.8;;;;3.1;;;;3.2;;2.2;
2131;Totaal mannen en vrouwen;0;0;5;Direct na afstuderen;6;Cohort 2000/'01;1.8;2.3;1.7;2.2;1.7;2.2;;;2.2;2.4;;;2.2;2.4;;
2132;Totaal mannen en vrouwen;0;0;5;Direct na afstuderen;6;Cohort 2001/'02;2.2;2.2;2.2;2.2;2.2;2.2;;;2.6;2.6;;;2.6;2.6;;
2133;Totaal mannen en vrouwen;0;0;5;Direct na afstuderen;6;Cohort 2002/'03;1.8;2.1;1.8;2.1;1.8;2.1;;;2.0;2.0;;;2.0;2.0;;
2134;Totaal mannen en vrouwen;0;0;5;Direct na afstuderen;6;Cohort 2003/'04;2.0;2.1;1.9;2.0;1.9;2.0;;;2.3;2.3;;;2.3;2.3;;
2135;Totaal mannen en vrouwen;0;0;5;Direct na afstuderen;7;Cohort 1999/'00;1.7;;1.4;;1.4;;;;2.0;;;;1.9;;2.0;
2136;Totaal mannen en vrouwen;0;0;5;Direct na afstuderen;7;Cohort 2000/'01;1.8;2.0;1.6;1.9;1.6;1.9;;;2.0;2.2;0.3;;2.1;2.2;1.3;
2137;Totaal mannen en vrouwen;0;0;5;Direct na afstuderen;7;Cohort 2001/'02;1.9;2.3;1.9;2.4;1.9;2.4;;;2.0;2.2;;;2.0;2.2;;
2138;Totaal mannen en vrouwen;0;0;5;Direct na afstuderen;7;Cohort 2002/'03;1.6;1.9;1.6;1.9;1.6;1.9;;;1.5;2.0;;;1.5;2.0;;
2139;Totaal mannen en vrouwen;0;0;5;Direct na afstuderen;7;Cohort 2003/'04;1.6;2.2;1.4;1.9;1.4;1.9;;;1.8;2.7;;;1.8;2.7;;
2140;Totaal mannen en vrouwen;0;0;5;Direct na afstuderen;8;Cohort 1999/'00;1.4;;1.5;;1.5;;1.4;;1.2;;;;1.0;;2.7;
2141;Totaal mannen en vrouwen;0;0;5;Direct na afstuderen;8;Cohort 2000/'01;1.5;1.7;1.5;1.7;1.5;1.7;;;1.5;2.1;;;1.5;2.1;;
2142;Totaal mannen en vrouwen;0;0;5;Direct na afstuderen;8;Cohort 2001/'02;1.4;2.0;1.5;2.0;1.5;2.0;;;1.2;2.0;;;1.1;2.0;1.4;
2143;Totaal mannen en vrouwen;0;0;5;Direct na afstuderen;8;Cohort 2002/'03;1.4;1.8;1.4;1.8;1.4;1.8;;;1.4;1.9;;;1.3;1.9;1.8;
2144;Totaal mannen en vrouwen;0;0;5;Direct na afstuderen;8;Cohort 2003/'04;1.3;1.8;1.3;1.9;1.3;1.9;;;1.4;1.7;1.3;;1.4;1.7;1.2;
2145;Totaal mannen en vrouwen;0;0;5;Direct na afstuderen;9;Cohort 1999/'00;1.6;;1.5;;1.5;;;;1.9;;;;1.9;;;
2146;Totaal mannen en vrouwen;0;0;5;Direct na afstuderen;9;Cohort 2000/'01;2.0;2.1;1.7;1.7;1.7;1.7;;;2.2;2.4;;;2.0;2.1;3.3;3.3
2147;Totaal mannen en vrouwen;0;0;5;Direct na afstuderen;9;Cohort 2001/'02;2.2;2.5;1.8;2.3;1.8;2.3;;;2.6;2.7;;;2.4;2.5;3.7;3.7
2148;Totaal mannen en vrouwen;0;0;5;Direct na afstuderen;9;Cohort 2002/'03;2.0;2.3;1.5;1.9;1.5;1.9;;;2.6;2.6;;;2.6;2.6;;
2149;Totaal mannen en vrouwen;0;0;5;Direct na afstuderen;9;Cohort 2003/'04;2.0;2.4;2.0;2.5;2.0;2.5;;;2.0;2.4;2.0;2.6;2.0;2.3;;
2150;Totaal mannen en vrouwen;0;0;5;Direct na afstuderen;M Onderwijs;Cohort 1999/'00;1.3;;1.2;;1.2;;;;2.1;;;;2.1;;;
2151;Totaal mannen en vrouwen;0;0;5;Direct na afstuderen;M Onderwijs;Cohort 2000/'01;1.5;1.8;1.5;1.9;1.5;1.9;;;1.3;1.4;;;1.3;1.4;;
2152;Totaal mannen en vrouwen;0;0;5;Direct na afstuderen;M Onderwijs;Cohort 2001/'02;1.7;2.0;1.6;1.9;1.6;1.9;;;1.9;2.3;;;1.9;2.3;;
2153;Totaal mannen en vrouwen;0;0;5;Direct na afstuderen;M Onderwijs;Cohort 2002/'03;1.6;2.2;1.6;2.2;1.6;2.2;;;1.0;1.6;;;1.0;1.6;;
2154;Totaal mannen en vrouwen;0;0;5;Direct na afstuderen;M Onderwijs;Cohort 2003/'04;1.7;2.0;1.7;2.0;1.7;2.0;;;1.6;2.2;;;1.6;2.2;;
2155;Totaal mannen en vrouwen;0;0;5;Direct na afstuderen;N Gezondheids- en welzijnszorg;Cohort 1999/'00;1.9;;1.4;;1.4;;;;2.4;;;;1.1;;2.6;
2156;Totaal mannen en vrouwen;0;0;5;Direct na afstuderen;N Gezondheids- en welzijnszorg;Cohort 2000/'01;1.7;2.1;1.5;1.8;1.5;1.8;;;2.3;2.5;;;;;2.3;2.5
2157;Totaal mannen en vrouwen;0;0;5;Direct na afstuderen;N Gezondheids- en welzijnszorg;Cohort 2001/'02;1.8;2.2;1.6;1.9;1.6;1.9;2.8;;2.2;2.6;;;2.0;2.2;2.4;2.8
2158;Totaal mannen en vrouwen;0;0;5;Direct na afstuderen;N Gezondheids- en welzijnszorg;Cohort 2002/'03;1.7;2.7;1.2;2.1;1.2;2.1;0.6;;2.5;2.9;;;1.6;2.0;2.6;3.1
2159;Totaal mannen en vrouwen;0;0;5;Direct na afstuderen;N Gezondheids- en welzijnszorg;Cohort 2003/'04;2.0;2.6;1.4;2.1;1.4;2.1;;;2.8;2.9;;;1.7;2.0;3.0;2.9
2160;Totaal mannen en vrouwen;0;0;5;Direct na afstuderen;9000e Milieu, cultuur, recreatie en ..;Cohort 1999/'00;1.0;;1.0;;1.2;;0.4;;;;;;;;;
2161;Totaal mannen en vrouwen;0;0;5;Direct na afstuderen;9000e Milieu, cultuur, recreatie en ..;Cohort 2000/'01;;;;;;;;;;;;;;;;
2162;Totaal mannen en vrouwen;0;0;5;Direct na afstuderen;9000e Milieu, cultuur, recreatie en ..;Cohort 2001/'02;1.8;2.4;1.5;2.6;1.5;2.6;;;1.9;2.3;;;1.3;;2.3;2.3
2163;Totaal mannen en vrouwen;0;0;5;Direct na afstuderen;9000e Milieu, cultuur, recreatie en ..;Cohort 2002/'03;1.9;3.1;0.2;;0.3;;0.1;;3.1;3.1;;;3.4;3.4;2.4;2.4
2164;Totaal mannen en vrouwen;0;0;5;Direct na afstuderen;9000e Milieu, cultuur, recreatie en ..;Cohort 2003/'04;1.5;1.9;1.6;1.9;1.6;1.9;;;1.0;;;;1.0;;;
2165;Totaal mannen en vrouwen;0;0;5;Direct na afstuderen;Onbekend;Cohort 1999/'00;;;;;;;;;;;;;;;;
2166;Totaal mannen en vrouwen;0;0;5;Direct na afstuderen;Onbekend;Cohort 2000/'01;;;;;;;;;;;;;;;;
2167;Totaal mannen en vrouwen;0;0;5;Direct na afstuderen;Onbekend;Cohort 2001/'02;2.2;2.2;2.2;2.2;2.2;2.2;;;;;;;;;;
2168;Totaal mannen en vrouwen;0;0;5;Direct na afstuderen;Onbekend;Cohort 2002/'03;;;;;;;;;;;;;;;;
2169;Totaal mannen en vrouwen;0;0;5;Direct na afstuderen;Onbekend;Cohort 2003/'04;;;;;;;;;;;;;;;;
2170;Totaal mannen en vrouwen;0;0;5;Één jaar na afstuderen;0;Cohort 1999/'00;2.1;2.3;2.0;2.1;2.0;2.1;1.0;;2.5;2.5;;;2.4;2.5;2.8;2.8
2171;Totaal mannen en vrouwen;0;0;5;Één jaar na afstuderen;0;Cohort 2000/'01;2.2;2.4;2.1;2.2;2.1;2.2;;;2.6;2.7;;;2.5;2.6;3.2;3.2
2172;Totaal mannen en vrouwen;0;0;5;Één jaar na afstuderen;0;Cohort 2001/'02;2.1;2.4;2.0;2.2;2.0;2.2;3.4;;2.5;2.7;;;2.3;2.5;3.1;3.2
2173;Totaal mannen en vrouwen;0;0;5;Één jaar na afstuderen;0;Cohort 2002/'03;2.1;2.4;1.9;2.2;1.9;2.2;1.0;;2.5;2.7;3.3;3.3;2.3;2.6;2.9;3.0
2174;Totaal mannen en vrouwen;0;0;5;Één jaar na afstuderen;0;Cohort 2003/'04;2.2;2.3;2.0;2.2;2.0;2.2;;;2.6;2.6;2.1;2.2;2.3;2.5;3.7;3.1
2175;Totaal mannen en vrouwen;0;0;5;Één jaar na afstuderen;1;Cohort 1999/'00;;;;;;;;;;;;;;;;
2176;Totaal mannen en vrouwen;0;0;5;Één jaar na afstuderen;1;Cohort 2000/'01;2.2;2.2;2.2;2.2;2.2;2.2;;;;;;;;;;
2177;Totaal mannen en vrouwen;0;0;5;Één jaar na afstuderen;1;Cohort 2001/'02;;;;;;;;;;;;;;;;
2178;Totaal mannen en vrouwen;0;0;5;Één jaar na afstuderen;1;Cohort 2002/'03;1.4;2.0;1.4;2.0;1.4;2.0;;;;;;;;;;
2179;Totaal mannen en vrouwen;0;0;5;Één jaar na afstuderen;1;Cohort 2003/'04;;;;;;;;;;;;;;;;
2180;Totaal mannen en vrouwen;0;0;5;Één jaar na afstuderen;2;Cohort 1999/'00;2.2;2.2;2.1;2.1;2.1;2.1;;;2.9;2.9;;;2.9;2.9;;
2181;Totaal mannen en vrouwen;0;0;5;Één jaar na afstuderen;2;Cohort 2000/'01;2.4;2.5;2.3;2.5;2.3;2.5;;;2.6;2.6;;;2.6;2.6;;
2182;Totaal mannen en vrouwen;0;0;5;Één jaar na afstuderen;2;Cohort 2001/'02;2.2;2.3;2.2;2.2;2.2;2.2;;;2.4;2.4;;;2.4;2.4;;
2183;Totaal mannen en vrouwen;0;0;5;Één jaar na afstuderen;2;Cohort 2002/'03;2.3;2.3;2.1;2.2;2.1;2.2;;;2.6;2.6;3.3;3.3;2.5;2.5;;
2184;Totaal mannen en vrouwen;0;0;5;Één jaar na afstuderen;2;Cohort 2003/'04;2.3;2.4;2.2;2.3;2.2;2.3;;;3.6;3.6;;;3.6;3.6;;
2185;Totaal mannen en vrouwen;0;0;5;Één jaar na afstuderen;3;Cohort 1999/'00;1.8;2.1;1.8;2.1;1.8;2.1;1.0;;2.2;2.2;;;2.2;2.2;2.3;2.3
2186;Totaal mannen en vrouwen;0;0;5;Één jaar na afstuderen;3;Cohort 2000/'01;2.3;2.6;2.0;2.4;2.0;2.4;;;3.2;3.9;;;1.8;;3.9;3.9
2187;Totaal mannen en vrouwen;0;0;5;Één jaar na afstuderen;3;Cohort 2001/'02;2.1;2.3;2.0;2.1;2.0;2.1;;;3.1;3.1;;;1.7;1.7;3.8;3.8
2188;Totaal mannen en vrouwen;0;0;5;Één jaar na afstuderen;3;Cohort 2002/'03;2.0;2.4;1.9;2.2;1.9;2.2;;;2.3;2.8;;;2.1;2.6;3.1;3.1
2189;Totaal mannen en vrouwen;0;0;5;Één jaar na afstuderen;3;Cohort 2003/'04;1.9;2.2;1.8;2.0;1.8;2.0;;;2.4;3.0;;;2.1;2.7;3.1;3.9
2190;Totaal mannen en vrouwen;0;0;5;Één jaar na afstuderen;4;Cohort 1999/'00;1.0;1.7;1.0;1.7;1.0;1.7;;;;;;;;;;
2191;Totaal mannen en vrouwen;0;0;5;Één jaar na afstuderen;4;Cohort 2000/'01;1.6;1.6;1.6;1.6;1.6;1.6;;;;;;;;;;
2192;Totaal mannen en vrouwen;0;0;5;Één jaar na afstuderen;4;Cohort 2001/'02;0.9;;0.9;;0.9;;;;;;;;;;;
2193;Totaal mannen en vrouwen;0;0;5;Één jaar na afstuderen;4;Cohort 2002/'03;1.6;2.2;1.8;2.2;1.8;2.2;;;0.4;;;;0.4;;;
2194;Totaal mannen en vrouwen;0;0;5;Één jaar na afstuderen;4;Cohort 2003/'04;1.1;1.6;1.4;1.6;1.4;1.6;;;0.2;;;;0.2;;;
2195;Totaal mannen en vrouwen;0;0;5;Één jaar na afstuderen;5;Cohort 1999/'00;2.4;2.4;2.4;2.4;2.4;2.4;;;2.4;2.4;;;2.4;2.4;;
2196;Totaal mannen en vrouwen;0;0;5;Één jaar na afstuderen;5;Cohort 2000/'01;2.7;2.7;2.4;2.4;2.4;2.4;;;2.9;2.9;;;2.9;2.9;;
2197;Totaal mannen en vrouwen;0;0;5;Één jaar na afstuderen;5;Cohort 2001/'02;2.1;2.5;2.0;2.4;2.0;2.4;;;2.4;2.8;;;2.4;2.8;;
2198;Totaal mannen en vrouwen;0;0;5;Één jaar na afstuderen;5;Cohort 2002/'03;2.0;2.3;2.0;2.3;2.0;2.3;;;1.3;;;;1.3;;;
2199;Totaal mannen en vrouwen;0;0;5;Één jaar na afstuderen;5;Cohort 2003/'04;2.2;2.3;2.2;2.3;2.2;2.3;;;2.2;2.2;;;2.2;2.2;;
2200;Totaal mannen en vrouwen;0;0;5;Één jaar na afstuderen;6;Cohort 1999/'00;2.4;2.5;2.3;2.4;2.3;2.4;;;2.7;2.7;;;2.7;2.7;;
2201;Totaal mannen en vrouwen;0;0;5;Één jaar na afstuderen;6;Cohort 2000/'01;2.9;2.9;2.5;2.5;2.5;2.5;;;3.7;3.7;;;3.7;3.7;;
2202;Totaal mannen en vrouwen;0;0;5;Één jaar na afstuderen;6;Cohort 2001/'02;2.4;2.4;2.3;2.3;2.3;2.3;;;3.1;3.1;;;3.1;3.1;;
2203;Totaal mannen en vrouwen;0;0;5;Één jaar na afstuderen;6;Cohort 2002/'03;2.3;2.4;2.3;2.5;2.3;2.5;;;2.4;2.4;;;2.4;2.4;;
2204;Totaal mannen en vrouwen;0;0;5;Één jaar na afstuderen;6;Cohort 2003/'04;2.4;2.4;2.4;2.4;2.4;2.4;;;2.5;2.5;;;2.5;2.5;;
2205;Totaal mannen en vrouwen;0;0;5;Één jaar na afstuderen;7;Cohort 1999/'00;2.3;2.3;2.1;2.1;2.1;2.1;;;2.5;2.6;;;2.5;2.6;2.4;2.4
2206;Totaal mannen en vrouwen;0;0;5;Één jaar na afstuderen;7;Cohort 2000/'01;2.3;2.3;2.2;2.2;2.2;2.2;;;2.5;2.5;;;2.5;2.5;2.7;2.7
2207;Totaal mannen en vrouwen;0;0;5;Één jaar na afstuderen;7;Cohort 2001/'02;2.3;2.3;2.1;2.1;2.1;2.1;;;2.5;2.5;;;2.5;2.5;;
2208;Totaal mannen en vrouwen;0;0;5;Één jaar na afstuderen;7;Cohort 2002/'03;2.1;2.3;1.9;2.1;1.9;2.1;;;2.3;2.5;;;2.3;2.5;2.8;2.8
2209;Totaal mannen en vrouwen;0;0;5;Één jaar na afstuderen;7;Cohort 2003/'04;2.3;2.3;2.1;2.2;2.1;2.2;;;2.5;2.6;;;2.5;2.6;;
2210;Totaal mannen en vrouwen;0;0;5;Één jaar na afstuderen;8;Cohort 1999/'00;1.9;2.1;1.8;2.0;1.8;2.0;;;2.8;2.8;;;2.8;2.8;;
2211;Totaal mannen en vrouwen;0;0;5;Één jaar na afstuderen;8;Cohort 2000/'01;1.9;2.1;1.9;2.1;1.9;2.1;;;1.6;1.8;;;1.6;1.8;;
2212;Totaal mannen en vrouwen;0;0;5;Één jaar na afstuderen;8;Cohort 2001/'02;1.9;2.3;1.8;2.2;1.8;2.2;;;2.6;2.8;;;1.9;2.2;3.7;3.3
2213;Totaal mannen en vrouwen;0;0;5;Één jaar na afstuderen;8;Cohort 2002/'03;1.8;2.0;1.8;2.1;1.8;2.1;;;1.9;1.9;;;1.9;1.9;;
2214;Totaal mannen en vrouwen;0;0;5;Één jaar na afstuderen;8;Cohort 2003/'04;1.8;2.0;1.8;2.0;1.8;2.0;;;1.8;1.9;;;1.8;1.9;;
2215;Totaal mannen en vrouwen;0;0;5;Één jaar na afstuderen;9;Cohort 1999/'00;2.0;2.1;1.9;2.0;1.9;2.0;;;2.2;2.2;;;2.2;2.2;;
2216;Totaal mannen en vrouwen;0;0;5;Één jaar na afstuderen;9;Cohort 2000/'01;2.4;2.5;2.0;2.1;2.0;2.1;;;2.7;2.8;;;2.4;2.4;4.8;4.8
2217;Totaal mannen en vrouwen;0;0;5;Één jaar na afstuderen;9;Cohort 2001/'02;2.1;2.3;2.0;2.3;2.0;2.3;;;2.2;2.4;;;2.2;2.4;;
2218;Totaal mannen en vrouwen;0;0;5;Één jaar na afstuderen;9;Cohort 2002/'03;2.4;2.7;1.9;2.1;1.9;2.1;;;2.9;3.0;;;2.9;3.1;2.8;2.8
2219;Totaal mannen en vrouwen;0;0;5;Één jaar na afstuderen;9;Cohort 2003/'04;2.2;2.4;2.1;2.3;2.1;2.3;;;2.4;2.6;2.1;2.2;2.5;2.6;;
2220;Totaal mannen en vrouwen;0;0;5;Één jaar na afstuderen;M Onderwijs;Cohort 1999/'00;2.0;2.0;2.0;2.1;2.0;2.1;;;1.9;1.9;;;1.9;1.9;1.9;1.9
2221;Totaal mannen en vrouwen;0;0;5;Één jaar na afstuderen;M Onderwijs;Cohort 2000/'01;2.0;2.2;2.1;2.3;2.1;2.3;;;1.7;1.7;;;1.7;1.7;;
2222;Totaal mannen en vrouwen;0;0;5;Één jaar na afstuderen;M Onderwijs;Cohort 2001/'02;2.0;2.3;2.0;2.3;2.0;2.3;;;2.1;2.4;;;2.0;2.3;2.3;2.8
2223;Totaal mannen en vrouwen;0;0;5;Één jaar na afstuderen;M Onderwijs;Cohort 2002/'03;2.1;2.3;2.1;2.3;2.1;2.3;;;1.8;2.1;;;1.8;2.1;;
2224;Totaal mannen en vrouwen;0;0;5;Één jaar na afstuderen;M Onderwijs;Cohort 2003/'04;2.1;2.4;2.1;2.4;2.1;2.4;;;2.2;2.3;;;2.2;2.3;;
2225;Totaal mannen en vrouwen;0;0;5;Één jaar na afstuderen;N Gezondheids- en welzijnszorg;Cohort 1999/'00;2.3;2.4;1.9;2.1;1.9;2.1;;;2.8;2.8;;;2.1;2.1;2.9;2.9
2226;Totaal mannen en vrouwen;0;0;5;Één jaar na afstuderen;N Gezondheids- en welzijnszorg;Cohort 2000/'01;2.2;2.5;2.0;2.3;2.0;2.3;;;2.9;2.9;;;2.4;2.4;2.9;3.0
2227;Totaal mannen en vrouwen;0;0;5;Één jaar na afstuderen;N Gezondheids- en welzijnszorg;Cohort 2001/'02;2.2;2.6;2.0;2.2;1.9;2.2;3.4;;2.9;3.3;;;2.3;2.8;3.5;3.6
2228;Totaal mannen en vrouwen;0;0;5;Één jaar na afstuderen;N Gezondheids- en welzijnszorg;Cohort 2002/'03;2.3;2.7;1.9;2.1;1.9;2.1;1.0;;2.7;3.0;;;1.9;2.3;2.9;3.1
2229;Totaal mannen en vrouwen;0;0;5;Één jaar na afstuderen;N Gezondheids- en welzijnszorg;Cohort 2003/'04;2.5;2.7;1.8;2.1;1.8;2.1;;;3.2;3.1;;;1.8;2.1;3.8;3.1
2230;Totaal mannen en vrouwen;0;0;5;Één jaar na afstuderen;9000e Milieu, cultuur, recreatie en ..;Cohort 1999/'00;2.0;2.2;2.0;2.3;2.0;2.3;;;2.0;2.1;;;1.9;;2.1;2.1
2231;Totaal mannen en vrouwen;0;0;5;Één jaar na afstuderen;9000e Milieu, cultuur, recreatie en ..;Cohort 2000/'01;2.0;2.3;2.1;2.4;2.1;2.4;;;2.0;2.3;;;0.9;;2.3;2.3
2232;Totaal mannen en vrouwen;0;0;5;Één jaar na afstuderen;9000e Milieu, cultuur, recreatie en ..;Cohort 2001/'02;2.3;2.4;1.7;1.6;1.7;1.6;;;2.4;2.5;;;2.4;2.3;2.5;2.5
2233;Totaal mannen en vrouwen;0;0;5;Één jaar na afstuderen;9000e Milieu, cultuur, recreatie en ..;Cohort 2002/'03;2.6;2.9;1.5;2.1;1.5;2.1;;;3.0;3.1;;;3.9;3.9;2.7;2.8
2234;Totaal mannen en vrouwen;0;0;5;Één jaar na afstuderen;9000e Milieu, cultuur, recreatie en ..;Cohort 2003/'04;1.9;2.2;1.7;2.1;1.7;2.1;;;2.2;2.2;;;2.1;2.1;2.5;2.5
2235;Totaal mannen en vrouwen;0;0;5;Één jaar na afstuderen;Onbekend;Cohort 1999/'00;;;;;;;;;;;;;;;;
2236;Totaal mannen en vrouwen;0;0;5;Één jaar na afstuderen;Onbekend;Cohort 2000/'01;;;;;;;;;;;;;;;;
2237;Totaal mannen en vrouwen;0;0;5;Één jaar na afstuderen;Onbekend;Cohort 2001/'02;;;;;;;;;;;;;;;;
2238;Totaal mannen en vrouwen;0;0;5;Één jaar na afstuderen;Onbekend;Cohort 2002/'03;3.1;3.1;3.1;3.1;3.1;3.1;;;;;;;;;;
2239;Totaal mannen en vrouwen;0;0;5;Één jaar na afstuderen;Onbekend;Cohort 2003/'04;;;;;;;;;;;;;;;;
2240;Totaal mannen en vrouwen;0;0;5;Twee jaar na afstuderen;0;Cohort 1999/'00;2.4;2.6;2.2;2.4;2.2;2.4;2.1;2.1;2.8;2.9;;;2.7;2.8;3.1;3.2
2241;Totaal mannen en vrouwen;0;0;5;Twee jaar na afstuderen;0;Cohort 2000/'01;2.4;2.5;2.2;2.4;2.2;2.4;;;2.7;2.8;;;2.6;2.7;3.0;3.3
2242;Totaal mannen en vrouwen;0;0;5;Twee jaar na afstuderen;0;Cohort 2001/'02;2.3;2.5;2.2;2.4;2.2;2.4;;;2.6;2.8;;;2.5;2.6;3.1;3.1
2243;Totaal mannen en vrouwen;0;0;5;Twee jaar na afstuderen;0;Cohort 2002/'03;2.4;2.6;2.2;2.4;2.2;2.4;1.4;;2.9;2.9;4.7;4.7;2.8;2.8;3.1;3.1
2244;Totaal mannen en vrouwen;0;0;5;Twee jaar na afstuderen;0;Cohort 2003/'04;2.4;2.7;2.2;2.5;2.3;2.5;1.6;;2.9;3.0;2.4;2.8;2.8;2.9;3.6;3.4
2245;Totaal mannen en vrouwen;0;0;5;Twee jaar na afstuderen;1;Cohort 1999/'00;;;;;;;;;;;;;;;;
2246;Totaal mannen en vrouwen;0;0;5;Twee jaar na afstuderen;1;Cohort 2000/'01;;;;;;;;;;;;;;;;
2247;Totaal mannen en vrouwen;0;0;5;Twee jaar na afstuderen;1;Cohort 2001/'02;;;;;;;;;;;;;;;;
2248;Totaal mannen en vrouwen;0;0;5;Twee jaar na afstuderen;1;Cohort 2002/'03;2.2;2.4;2.2;2.4;2.2;2.4;;;;;;;;;;
2249;Totaal mannen en vrouwen;0;0;5;Twee jaar na afstuderen;1;Cohort 2003/'04;;;;;;;;;;;;;;;;
2250;Totaal mannen en vrouwen;0;0;5;Twee jaar na afstuderen;2;Cohort 1999/'00;2.7;2.7;2.4;2.4;2.4;2.4;;;3.7;3.7;;;3.7;3.7;;
2251;Totaal mannen en vrouwen;0;0;5;Twee jaar na afstuderen;2;Cohort 2000/'01;2.5;2.5;2.5;2.5;2.5;2.5;;;2.6;2.3;;;2.6;2.3;;
2252;Totaal mannen en vrouwen;0;0;5;Twee jaar na afstuderen;2;Cohort 2001/'02;2.6;2.6;2.5;2.6;2.5;2.6;;;2.9;2.9;;;2.9;2.9;;
2253;Totaal mannen en vrouwen;0;0;5;Twee jaar na afstuderen;2;Cohort 2002/'03;2.7;2.8;2.5;2.6;2.5;2.6;;;3.2;3.2;4.7;4.7;3.0;3.0;;
2254;Totaal mannen en vrouwen;0;0;5;Twee jaar na afstuderen;2;Cohort 2003/'04;2.5;2.6;2.4;2.5;2.4;2.5;;;5.6;5.6;;;5.6;5.6;;
2255;Totaal mannen en vrouwen;0;0;5;Twee jaar na afstuderen;3;Cohort 1999/'00;2.3;2.4;2.3;2.3;2.3;2.3;;;2.7;2.7;;;2.7;2.7;2.6;2.6
2256;Totaal mannen en vrouwen;0;0;5;Twee jaar na afstuderen;3;Cohort 2000/'01;2.3;2.7;2.1;2.5;2.1;2.5;;;3.3;3.3;;;2.2;2.2;4.5;4.5
2257;Totaal mannen en vrouwen;0;0;5;Twee jaar na afstuderen;3;Cohort 2001/'02;2.3;2.5;2.3;2.4;2.3;2.4;;;2.3;2.7;;;1.6;2.1;3.7;3.7
2258;Totaal mannen en vrouwen;0;0;5;Twee jaar na afstuderen;3;Cohort 2002/'03;2.6;2.7;2.3;2.5;2.3;2.5;;;3.0;3.1;;;2.7;3.0;3.3;3.3
2259;Totaal mannen en vrouwen;0;0;5;Twee jaar na afstuderen;3;Cohort 2003/'04;2.1;2.4;1.9;2.3;1.9;2.3;;;2.7;2.7;;;2.2;2.2;3.5;3.5
2260;Totaal mannen en vrouwen;0;0;5;Twee jaar na afstuderen;4;Cohort 1999/'00;1.1;2.1;1.1;2.1;1.1;2.1;;;;;;;;;;
2261;Totaal mannen en vrouwen;0;0;5;Twee jaar na afstuderen;4;Cohort 2000/'01;1.7;1.7;1.7;1.7;1.7;1.7;;;;;;;;;;
2262;Totaal mannen en vrouwen;0;0;5;Twee jaar na afstuderen;4;Cohort 2001/'02;1.4;;1.4;;1.4;;;;;;;;;;;
2263;Totaal mannen en vrouwen;0;0;5;Twee jaar na afstuderen;4;Cohort 2002/'03;1.8;1.9;1.9;1.9;1.9;1.9;;;1.4;;;;1.4;;;
2264;Totaal mannen en vrouwen;0;0;5;Twee jaar na afstuderen;4;Cohort 2003/'04;1.4;;1.4;;1.4;;;;;;;;;;;
2265;Totaal mannen en vrouwen;0;0;5;Twee jaar na afstuderen;5;Cohort 1999/'00;2.7;2.7;2.7;2.7;2.7;2.7;;;;;;;;;;
2266;Totaal mannen en vrouwen;0;0;5;Twee jaar na afstuderen;5;Cohort 2000/'01;2.2;2.5;1.9;2.3;1.9;2.3;;;2.5;2.5;;;2.5;2.5;;
2267;Totaal mannen en vrouwen;0;0;5;Twee jaar na afstuderen;5;Cohort 2001/'02;2.3;2.8;2.0;2.7;2.0;2.7;;;3.0;3.0;;;3.0;3.0;;
2268;Totaal mannen en vrouwen;0;0;5;Twee jaar na afstuderen;5;Cohort 2002/'03;2.1;2.5;2.2;2.6;2.2;2.6;;;1.4;1.4;;;1.4;1.4;;
2269;Totaal mannen en vrouwen;0;0;5;Twee jaar na afstuderen;5;Cohort 2003/'04;2.4;2.6;2.4;2.6;2.4;2.6;;;2.6;2.6;;;2.6;2.6;;
2270;Totaal mannen en vrouwen;0;0;5;Twee jaar na afstuderen;6;Cohort 1999/'00;2.9;2.9;2.5;2.5;2.5;2.5;;;3.4;3.4;;;3.4;3.4;;
2271;Totaal mannen en vrouwen;0;0;5;Twee jaar na afstuderen;6;Cohort 2000/'01;2.8;2.8;2.6;2.6;2.6;2.6;;;3.3;3.3;;;3.3;3.3;;
2272;Totaal mannen en vrouwen;0;0;5;Twee jaar na afstuderen;6;Cohort 2001/'02;2.6;2.6;2.6;2.6;2.6;2.6;;;2.7;2.7;;;2.7;2.7;;
2273;Totaal mannen en vrouwen;0;0;5;Twee jaar na afstuderen;6;Cohort 2002/'03;2.6;2.6;2.5;2.5;2.5;2.5;;;2.8;2.8;;;2.8;2.8;;
2274;Totaal mannen en vrouwen;0;0;5;Twee jaar na afstuderen;6;Cohort 2003/'04;2.8;2.8;2.6;2.6;2.6;2.6;;;3.1;3.1;;;3.1;3.1;;
2275;Totaal mannen en vrouwen;0;0;5;Twee jaar na afstuderen;7;Cohort 1999/'00;2.4;2.5;2.3;2.4;2.3;2.4;;;2.6;2.7;;;2.7;2.7;0.6;
2276;Totaal mannen en vrouwen;0;0;5;Twee jaar na afstuderen;7;Cohort 2000/'01;2.5;2.6;2.3;2.4;2.3;2.4;;;2.8;2.8;;;2.8;2.8;2.7;2.7
2277;Totaal mannen en vrouwen;0;0;5;Twee jaar na afstuderen;7;Cohort 2001/'02;2.4;2.4;2.2;2.3;2.2;2.3;;;2.5;2.6;;;2.5;2.6;;
2278;Totaal mannen en vrouwen;0;0;5;Twee jaar na afstuderen;7;Cohort 2002/'03;2.4;2.6;2.2;2.4;2.2;2.4;;;2.7;2.7;;;2.7;2.7;;
2279;Totaal mannen en vrouwen;0;0;5;Twee jaar na afstuderen;7;Cohort 2003/'04;2.6;2.7;2.4;2.4;2.4;2.4;1.6;;3.0;3.0;;;3.0;3.0;;
2280;Totaal mannen en vrouwen;0;0;5;Twee jaar na afstuderen;8;Cohort 1999/'00;2.4;2.6;2.4;2.6;2.4;2.6;;;2.6;2.6;;;2.6;2.6;;
2281;Totaal mannen en vrouwen;0;0;5;Twee jaar na afstuderen;8;Cohort 2000/'01;2.1;2.2;2.1;2.2;2.1;2.2;;;2.1;2.2;;;2.1;2.2;;
2282;Totaal mannen en vrouwen;0;0;5;Twee jaar na afstuderen;8;Cohort 2001/'02;2.0;2.3;2.0;2.3;2.0;2.3;;;2.0;2.2;;;2.0;2.2;;
2283;Totaal mannen en vrouwen;0;0;5;Twee jaar na afstuderen;8;Cohort 2002/'03;2.1;2.3;2.1;2.3;2.1;2.3;;;2.2;2.3;;;2.2;2.3;;
2284;Totaal mannen en vrouwen;0;0;5;Twee jaar na afstuderen;8;Cohort 2003/'04;2.2;2.5;2.1;2.5;2.1;2.5;;;2.4;2.5;1.9;;2.4;2.5;;
2285;Totaal mannen en vrouwen;0;0;5;Twee jaar na afstuderen;9;Cohort 1999/'00;2.3;2.4;2.1;2.2;2.1;2.2;;;2.5;2.6;;;2.4;2.5;3.6;3.6
2286;Totaal mannen en vrouwen;0;0;5;Twee jaar na afstuderen;9;Cohort 2000/'01;2.4;2.7;2.1;2.4;2.1;2.4;;;2.7;3.0;;;2.5;2.7;4.2;4.2
2287;Totaal mannen en vrouwen;0;0;5;Twee jaar na afstuderen;9;Cohort 2001/'02;2.5;2.5;2.4;2.4;2.4;2.4;;;2.5;2.7;;;2.5;2.7;;
2288;Totaal mannen en vrouwen;0;0;5;Twee jaar na afstuderen;9;Cohort 2002/'03;2.7;2.8;2.1;2.2;2.1;2.2;;;3.2;3.4;;;3.2;3.4;3.0;3.0
2289;Totaal mannen en vrouwen;0;0;5;Twee jaar na afstuderen;9;Cohort 2003/'04;2.6;2.7;2.6;2.7;2.6;2.7;;;2.5;2.6;2.6;2.8;2.5;2.6;;
2290;Totaal mannen en vrouwen;0;0;5;Twee jaar na afstuderen;M Onderwijs;Cohort 1999/'00;2.1;2.2;2.1;2.3;2.1;2.3;;;1.8;1.7;;;1.8;1.7;1.8;1.8
2291;Totaal mannen en vrouwen;0;0;5;Twee jaar na afstuderen;M Onderwijs;Cohort 2000/'01;2.2;2.3;2.2;2.4;2.2;2.4;;;2.0;2.2;;;2.0;2.2;;
2292;Totaal mannen en vrouwen;0;0;5;Twee jaar na afstuderen;M Onderwijs;Cohort 2001/'02;2.2;2.5;2.2;2.5;2.2;2.5;;;2.1;2.4;;;2.1;2.4;;
2293;Totaal mannen en vrouwen;0;0;5;Twee jaar na afstuderen;M Onderwijs;Cohort 2002/'03;2.3;2.5;2.3;2.5;2.3;2.5;;;2.6;2.7;;;2.6;2.7;;
2294;Totaal mannen en vrouwen;0;0;5;Twee jaar na afstuderen;M Onderwijs;Cohort 2003/'04;2.3;2.5;2.3;2.5;2.3;2.5;;;2.7;2.9;;;2.7;2.9;;
2295;Totaal mannen en vrouwen;0;0;5;Twee jaar na afstuderen;N Gezondheids- en welzijnszorg;Cohort 1999/'00;2.6;2.9;2.1;2.3;2.1;2.3;;;3.3;3.3;;;2.5;2.4;3.4;3.4
2296;Totaal mannen en vrouwen;0;0;5;Twee jaar na afstuderen;N Gezondheids- en welzijnszorg;Cohort 2000/'01;2.3;2.7;2.1;2.3;2.1;2.3;;;2.9;3.3;;;2.6;2.6;2.9;3.3
2297;Totaal mannen en vrouwen;0;0;5;Twee jaar na afstuderen;N Gezondheids- en welzijnszorg;Cohort 2001/'02;2.3;2.6;2.1;2.3;2.1;2.3;;;3.0;3.3;;;2.5;3.0;3.4;3.4
2298;Totaal mannen en vrouwen;0;0;5;Twee jaar na afstuderen;N Gezondheids- en welzijnszorg;Cohort 2002/'03;2.5;2.8;2.1;2.4;2.1;2.4;1.4;;3.0;3.1;;;2.3;2.3;3.1;3.2
2299;Totaal mannen en vrouwen;0;0;5;Twee jaar na afstuderen;N Gezondheids- en welzijnszorg;Cohort 2003/'04;2.6;2.9;2.1;2.3;2.1;2.3;;;3.3;3.4;;;2.3;2.8;3.7;3.5
2300;Totaal mannen en vrouwen;0;0;5;Twee jaar na afstuderen;9000e Milieu, cultuur, recreatie en ..;Cohort 1999/'00;2.3;2.4;2.2;2.4;2.3;2.4;2.1;2.1;2.6;2.6;;;2.5;2.5;2.6;2.6
2301;Totaal mannen en vrouwen;0;0;5;Twee jaar na afstuderen;9000e Milieu, cultuur, recreatie en ..;Cohort 2000/'01;2.2;2.5;2.4;2.4;2.4;2.4;;;2.1;2.5;;;1.8;2.6;2.2;2.5
2302;Totaal mannen en vrouwen;0;0;5;Twee jaar na afstuderen;9000e Milieu, cultuur, recreatie en ..;Cohort 2001/'02;2.5;2.5;2.2;2.0;2.2;2.0;;;2.6;2.6;;;2.6;2.6;2.6;2.6
2303;Totaal mannen en vrouwen;0;0;5;Twee jaar na afstuderen;9000e Milieu, cultuur, recreatie en ..;Cohort 2002/'03;2.6;2.7;2.0;2.0;2.0;2.0;;;2.8;3.0;;;3.0;3.6;2.8;2.8
2304;Totaal mannen en vrouwen;0;0;5;Twee jaar na afstuderen;9000e Milieu, cultuur, recreatie en ..;Cohort 2003/'04;2.3;2.9;2.2;3.3;2.2;3.3;;;2.5;2.7;;;2.6;2.7;2.4;2.7
2305;Totaal mannen en vrouwen;0;0;5;Twee jaar na afstuderen;Onbekend;Cohort 1999/'00;;;;;;;;;;;;;;;;
2306;Totaal mannen en vrouwen;0;0;5;Twee jaar na afstuderen;Onbekend;Cohort 2000/'01;;;;;;;;;;;;;;;;
2307;Totaal mannen en vrouwen;0;0;5;Twee jaar na afstuderen;Onbekend;Cohort 2001/'02;4.3;4.3;;;;;;;4.3;4.3;;;4.3;4.3;;
2308;Totaal mannen en vrouwen;0;0;5;Twee jaar na afstuderen;Onbekend;Cohort 2002/'03;3.8;3.8;3.8;3.8;3.8;3.8;;;;;;;;;;
2309;Totaal mannen en vrouwen;0;0;5;Twee jaar na afstuderen;Onbekend;Cohort 2003/'04;;;;;;;;;;;;;;;;
2310;Totaal mannen en vrouwen;0;0;5;Drie jaar na afstuderen;0;Cohort 1999/'00;2.6;2.8;2.3;2.6;2.4;2.6;0.7;;3.1;3.2;;;3.1;3.3;3.1;3.2
2311;Totaal mannen en vrouwen;0;0;5;Drie jaar na afstuderen;0;Cohort 2000/'01;2.5;2.7;2.4;2.6;2.4;2.6;;;3.0;3.1;;;2.9;3.0;3.2;3.5
2312;Totaal mannen en vrouwen;0;0;5;Drie jaar na afstuderen;0;Cohort 2001/'02;2.5;2.7;2.4;2.6;2.4;2.6;1.7;;2.8;3.0;;;2.7;2.8;3.4;3.5
2313;Totaal mannen en vrouwen;0;0;5;Drie jaar na afstuderen;0;Cohort 2002/'03;2.8;3.0;2.5;2.8;2.6;2.8;1.0;;3.3;3.5;3.8;3.8;3.3;3.4;3.6;3.7
2314;Totaal mannen en vrouwen;0;0;5;Drie jaar na afstuderen;0;Cohort 2003/'04;2.7;2.9;2.5;2.7;2.5;2.7;2.0;;3.3;3.3;2.7;3.0;3.2;3.3;3.9;3.6
2315;Totaal mannen en vrouwen;0;0;5;Drie jaar na afstuderen;1;Cohort 1999/'00;;;;;;;;;;;;;;;;
2316;Totaal mannen en vrouwen;0;0;5;Drie jaar na afstuderen;1;Cohort 2000/'01;;;;;;;;;;;;;;;;
2317;Totaal mannen en vrouwen;0;0;5;Drie jaar na afstuderen;1;Cohort 2001/'02;;;;;;;;;;;;;;;;
2318;Totaal mannen en vrouwen;0;0;5;Drie jaar na afstuderen;1;Cohort 2002/'03;;;;;;;;;;;;;;;;
2319;Totaal mannen en vrouwen;0;0;5;Drie jaar na afstuderen;1;Cohort 2003/'04;;;;;;;;;;;;;;;;
2320;Totaal mannen en vrouwen;0;0;5;Drie jaar na afstuderen;2;Cohort 1999/'00;2.9;2.9;2.7;2.7;2.7;2.7;;;3.7;3.7;;;3.7;3.7;;
2321;Totaal mannen en vrouwen;0;0;5;Drie jaar na afstuderen;2;Cohort 2000/'01;2.8;2.8;2.7;2.7;2.7;2.7;;;3.3;3.3;;;3.3;3.3;;
2322;Totaal mannen en vrouwen;0;0;5;Drie jaar na afstuderen;2;Cohort 2001/'02;2.7;2.8;2.6;2.8;2.6;2.8;;;2.7;2.7;;;2.7;2.7;;
2323;Totaal mannen en vrouwen;0;0;5;Drie jaar na afstuderen;2;Cohort 2002/'03;3.2;3.4;2.8;3.0;2.8;3.0;;;4.4;4.4;5.6;5.6;4.2;4.2;;
2324;Totaal mannen en vrouwen;0;0;5;Drie jaar na afstuderen;2;Cohort 2003/'04;2.7;2.8;2.5;2.6;2.5;2.6;;;4.4;4.4;;;4.4;4.4;;
2325;Totaal mannen en vrouwen;0;0;5;Drie jaar na afstuderen;3;Cohort 1999/'00;2.8;3.1;2.5;2.8;2.5;2.8;;;3.5;3.5;;;3.7;3.7;2.7;2.7
2326;Totaal mannen en vrouwen;0;0;5;Drie jaar na afstuderen;3;Cohort 2000/'01;2.3;2.7;2.0;2.4;2.0;2.4;;;3.2;3.2;;;2.5;2.5;4.4;4.4
2327;Totaal mannen en vrouwen;0;0;5;Drie jaar na afstuderen;3;Cohort 2001/'02;2.6;2.7;2.5;2.7;2.5;2.7;;;3.2;3.2;;;2.3;2.3;4.0;4.0
2328;Totaal mannen en vrouwen;0;0;5;Drie jaar na afstuderen;3;Cohort 2002/'03;3.2;3.5;2.6;2.8;2.6;2.8;;;4.2;4.5;;;4.6;5.4;3.9;3.9
2329;Totaal mannen en vrouwen;0;0;5;Drie jaar na afstuderen;3;Cohort 2003/'04;2.4;2.8;2.2;2.6;2.2;2.6;;;3.4;3.4;;;3.1;3.1;4.1;4.1
2330;Totaal mannen en vrouwen;0;0;5;Drie jaar na afstuderen;4;Cohort 1999/'00;0.5;;0.5;;0.5;;;;;;;;;;;
2331;Totaal mannen en vrouwen;0;0;5;Drie jaar na afstuderen;4;Cohort 2000/'01;1.7;1.7;1.7;1.7;1.7;1.7;;;;;;;;;;
2332;Totaal mannen en vrouwen;0;0;5;Drie jaar na afstuderen;4;Cohort 2001/'02;1.4;1.3;1.4;1.3;1.4;1.3;;;;;;;;;;
2333;Totaal mannen en vrouwen;0;0;5;Drie jaar na afstuderen;4;Cohort 2002/'03;0.9;;0.9;;0.9;;;;;;;;;;;
2334;Totaal mannen en vrouwen;0;0;5;Drie jaar na afstuderen;4;Cohort 2003/'04;1.7;2.0;1.7;2.0;1.7;2.0;;;;;;;;;;
2335;Totaal mannen en vrouwen;0;0;5;Drie jaar na afstuderen;5;Cohort 1999/'00;2.3;2.3;2.3;2.3;2.3;2.3;;;;;;;;;;
2336;Totaal mannen en vrouwen;0;0;5;Drie jaar na afstuderen;5;Cohort 2000/'01;2.8;2.8;2.2;2.2;2.2;2.2;;;3.3;3.3;;;3.3;3.3;;
2337;Totaal mannen en vrouwen;0;0;5;Drie jaar na afstuderen;5;Cohort 2001/'02;2.7;2.9;2.5;2.7;2.5;2.7;;;3.4;3.4;;;3.4;3.4;;
2338;Totaal mannen en vrouwen;0;0;5;Drie jaar na afstuderen;5;Cohort 2002/'03;2.7;2.9;2.7;2.9;2.7;2.9;;;;;;;;;;
2339;Totaal mannen en vrouwen;0;0;5;Drie jaar na afstuderen;5;Cohort 2003/'04;2.7;3.0;2.7;2.9;2.7;2.9;;;3.2;3.2;;;3.2;3.2;;
2340;Totaal mannen en vrouwen;0;0;5;Drie jaar na afstuderen;6;Cohort 1999/'00;3.2;3.2;2.6;2.6;2.6;2.6;;;3.9;3.9;;;3.9;3.9;;
2341;Totaal mannen en vrouwen;0;0;5;Drie jaar na afstuderen;6;Cohort 2000/'01;2.8;2.9;2.6;2.7;2.6;2.7;;;3.5;3.8;;;3.1;3.3;4.8;4.8
2342;Totaal mannen en vrouwen;0;0;5;Drie jaar na afstuderen;6;Cohort 2001/'02;2.6;2.7;2.6;2.7;2.6;2.7;;;3.2;2.8;;;3.2;2.8;;
2343;Totaal mannen en vrouwen;0;0;5;Drie jaar na afstuderen;6;Cohort 2002/'03;3.1;3.2;3.1;3.2;3.1;3.2;;;3.3;3.3;;;3.3;3.3;;
2344;Totaal mannen en vrouwen;0;0;5;Drie jaar na afstuderen;6;Cohort 2003/'04;3.1;3.1;2.9;3.0;2.9;3.0;;;3.3;3.3;;;3.3;3.3;;
2345;Totaal mannen en vrouwen;0;0;5;Drie jaar na afstuderen;7;Cohort 1999/'00;2.6;2.7;2.5;2.5;2.5;2.5;;;2.8;2.8;;;2.8;2.8;;
2346;Totaal mannen en vrouwen;0;0;5;Drie jaar na afstuderen;7;Cohort 2000/'01;2.7;2.7;2.5;2.6;2.5;2.6;;;3.0;3.0;;;3.0;3.0;2.7;2.7
2347;Totaal mannen en vrouwen;0;0;5;Drie jaar na afstuderen;7;Cohort 2001/'02;2.7;2.7;2.5;2.7;2.5;2.7;;;2.8;2.8;;;2.8;2.8;;
2348;Totaal mannen en vrouwen;0;0;5;Drie jaar na afstuderen;7;Cohort 2002/'03;2.8;2.9;2.6;2.7;2.6;2.7;;;3.0;3.1;2.1;2.1;3.1;3.1;;
2349;Totaal mannen en vrouwen;0;0;5;Drie jaar na afstuderen;7;Cohort 2003/'04;2.9;3.1;2.7;2.8;2.7;2.8;2.0;;3.4;3.5;;;3.4;3.5;;
2350;Totaal mannen en vrouwen;0;0;5;Drie jaar na afstuderen;8;Cohort 1999/'00;2.4;2.7;2.4;2.7;2.4;2.7;;;;;;;;;;
2351;Totaal mannen en vrouwen;0;0;5;Drie jaar na afstuderen;8;Cohort 2000/'01;2.3;2.6;2.3;2.5;2.3;2.5;;;2.4;3.5;;;2.4;3.5;;
2352;Totaal mannen en vrouwen;0;0;5;Drie jaar na afstuderen;8;Cohort 2001/'02;2.1;2.5;2.2;2.5;2.2;2.5;;;2.1;2.3;;;2.1;2.3;;
2353;Totaal mannen en vrouwen;0;0;5;Drie jaar na afstuderen;8;Cohort 2002/'03;2.8;3.1;2.5;2.7;2.5;2.7;;;3.8;4.5;;;3.8;4.5;;
2354;Totaal mannen en vrouwen;0;0;5;Drie jaar na afstuderen;8;Cohort 2003/'04;2.4;2.9;2.4;2.9;2.4;2.9;;;2.6;2.8;2.5;3.1;2.7;2.8;;
2355;Totaal mannen en vrouwen;0;0;5;Drie jaar na afstuderen;9;Cohort 1999/'00;2.6;2.7;2.4;2.5;2.4;2.5;;;2.9;3.2;;;2.8;3.1;4.0;4.0
2356;Totaal mannen en vrouwen;0;0;5;Drie jaar na afstuderen;9;Cohort 2000/'01;2.7;2.8;2.3;2.5;2.3;2.5;;;3.1;3.1;;;2.9;3.0;4.6;4.6
2357;Totaal mannen en vrouwen;0;0;5;Drie jaar na afstuderen;9;Cohort 2001/'02;2.5;2.7;2.4;2.6;2.4;2.6;;;2.7;2.9;;;2.7;2.9;;
2358;Totaal mannen en vrouwen;0;0;5;Drie jaar na afstuderen;9;Cohort 2002/'03;2.6;2.7;2.3;2.5;2.3;2.5;;;2.8;2.8;;;2.8;2.8;;
2359;Totaal mannen en vrouwen;0;0;5;Drie jaar na afstuderen;9;Cohort 2003/'04;2.7;2.8;2.6;2.6;2.6;2.6;;;2.8;2.9;3.0;3.0;2.8;2.9;;
2360;Totaal mannen en vrouwen;0;0;5;Drie jaar na afstuderen;M Onderwijs;Cohort 1999/'00;2.2;2.5;2.1;2.4;2.1;2.4;;;2.7;2.8;;;2.9;3.1;2.0;2.0
2361;Totaal mannen en vrouwen;0;0;5;Drie jaar na afstuderen;M Onderwijs;Cohort 2000/'01;2.3;2.5;2.3;2.5;2.3;2.5;;;2.5;2.5;;;2.5;2.5;;
2362;Totaal mannen en vrouwen;0;0;5;Drie jaar na afstuderen;M Onderwijs;Cohort 2001/'02;2.3;2.5;2.3;2.5;2.3;2.5;;;2.2;2.4;;;2.2;2.4;;
2363;Totaal mannen en vrouwen;0;0;5;Drie jaar na afstuderen;M Onderwijs;Cohort 2002/'03;2.4;2.6;2.4;2.7;2.4;2.7;;;2.4;2.4;;;2.4;2.4;;
2364;Totaal mannen en vrouwen;0;0;5;Drie jaar na afstuderen;M Onderwijs;Cohort 2003/'04;2.5;2.7;2.5;2.6;2.5;2.6;;;2.9;3.2;;;2.9;3.2;;
2365;Totaal mannen en vrouwen;0;0;5;Drie jaar na afstuderen;N Gezondheids- en welzijnszorg;Cohort 1999/'00;2.7;3.0;2.3;2.6;2.3;2.6;;;3.2;3.4;;;2.6;2.6;3.2;3.4
2366;Totaal mannen en vrouwen;0;0;5;Drie jaar na afstuderen;N Gezondheids- en welzijnszorg;Cohort 2000/'01;2.4;2.7;2.2;2.4;2.2;2.4;;;3.1;3.3;;;2.6;2.6;3.1;3.3
2367;Totaal mannen en vrouwen;0;0;5;Drie jaar na afstuderen;N Gezondheids- en welzijnszorg;Cohort 2001/'02;2.5;2.8;2.2;2.4;2.2;2.4;1.7;;3.1;3.5;;;2.5;3.2;3.5;3.5
2368;Totaal mannen en vrouwen;0;0;5;Drie jaar na afstuderen;N Gezondheids- en welzijnszorg;Cohort 2002/'03;2.7;3.2;2.2;2.5;2.2;2.5;;;3.5;3.7;;;2.6;2.6;3.7;3.9
2369;Totaal mannen en vrouwen;0;0;5;Drie jaar na afstuderen;N Gezondheids- en welzijnszorg;Cohort 2003/'04;2.8;3.2;2.3;2.9;2.3;2.9;;;3.7;3.6;;;2.8;3.1;4.0;3.6
2370;Totaal mannen en vrouwen;0;0;5;Drie jaar na afstuderen;9000e Milieu, cultuur, recreatie en ..;Cohort 1999/'00;2.0;2.4;1.9;2.5;2.1;2.5;0.7;;2.3;2.3;;;2.5;2.5;2.2;2.2
2371;Totaal mannen en vrouwen;0;0;5;Drie jaar na afstuderen;9000e Milieu, cultuur, recreatie en ..;Cohort 2000/'01;2.6;2.7;2.9;2.9;2.9;2.9;;;2.5;2.6;;;2.7;2.7;2.4;2.5
2372;Totaal mannen en vrouwen;0;0;5;Drie jaar na afstuderen;9000e Milieu, cultuur, recreatie en ..;Cohort 2001/'02;2.6;2.8;2.4;2.9;2.4;2.9;;;2.7;2.8;;;2.6;3.0;2.7;2.8
2373;Totaal mannen en vrouwen;0;0;5;Drie jaar na afstuderen;9000e Milieu, cultuur, recreatie en ..;Cohort 2002/'03;3.2;3.8;2.5;2.9;2.9;2.9;1.0;;3.7;4.5;;;5.0;7.8;3.0;3.1
2374;Totaal mannen en vrouwen;0;0;5;Drie jaar na afstuderen;9000e Milieu, cultuur, recreatie en ..;Cohort 2003/'04;2.5;2.7;2.1;2.3;2.1;2.3;;;2.8;2.9;;;2.9;2.9;2.7;2.8
2375;Totaal mannen en vrouwen;0;0;5;Drie jaar na afstuderen;Onbekend;Cohort 1999/'00;;;;;;;;;;;;;;;;
2376;Totaal mannen en vrouwen;0;0;5;Drie jaar na afstuderen;Onbekend;Cohort 2000/'01;4.7;;;;;;;;4.7;;;;4.7;;;
2377;Totaal mannen en vrouwen;0;0;5;Drie jaar na afstuderen;Onbekend;Cohort 2001/'02;5.8;5.8;;;;;;;5.8;5.8;;;4.4;4.4;7.3;7.3
2378;Totaal mannen en vrouwen;0;0;5;Drie jaar na afstuderen;Onbekend;Cohort 2002/'03;;;;;;;;;;;;;;;;
2379;Totaal mannen en vrouwen;0;0;5;Drie jaar na afstuderen;Onbekend;Cohort 2003/'04;;;;;;;;;;;;;;;;
2380;Totaal mannen en vrouwen;0;0;5;Vier jaar na afstuderen;0;Cohort 1999/'00;2.7;2.9;2.5;2.7;2.5;2.7;;;3.3;3.3;;;3.3;3.3;3.2;3.3
2381;Totaal mannen en vrouwen;0;0;5;Vier jaar na afstuderen;0;Cohort 2000/'01;2.7;3.0;2.5;2.7;2.5;2.7;;;3.3;3.5;;;3.2;3.5;3.5;3.6
2382;Totaal mannen en vrouwen;0;0;5;Vier jaar na afstuderen;0;Cohort 2001/'02;2.8;3.0;2.6;2.8;2.6;2.8;3.4;3.4;3.3;3.6;;;3.2;3.4;3.9;4.2
2383;Totaal mannen en vrouwen;0;0;5;Vier jaar na afstuderen;0;Cohort 2002/'03;3.0;3.3;2.8;3.1;2.8;3.1;1.5;;3.5;3.7;2.5;2.5;3.4;3.7;3.8;3.9
2384;Totaal mannen en vrouwen;0;0;5;Vier jaar na afstuderen;0;Cohort 2003/'04;3.0;3.3;2.8;3.1;2.8;3.1;2.7;;3.6;3.7;3.1;3.1;3.5;3.8;3.7;3.7
2385;Totaal mannen en vrouwen;0;0;5;Vier jaar na afstuderen;1;Cohort 1999/'00;;;;;;;;;;;;;;;;
2386;Totaal mannen en vrouwen;0;0;5;Vier jaar na afstuderen;1;Cohort 2000/'01;;;;;;;;;;;;;;;;
2387;Totaal mannen en vrouwen;0;0;5;Vier jaar na afstuderen;1;Cohort 2001/'02;;;;;;;;;;;;;;;;
2388;Totaal mannen en vrouwen;0;0;5;Vier jaar na afstuderen;1;Cohort 2002/'03;;;;;;;;;;;;;;;;
2389;Totaal mannen en vrouwen;0;0;5;Vier jaar na afstuderen;1;Cohort 2003/'04;;;;;;;;;;;;;;;;
2390;Totaal mannen en vrouwen;0;0;5;Vier jaar na afstuderen;2;Cohort 1999/'00;3.0;3.0;2.8;2.8;2.8;2.8;;;4.0;4.0;;;4.0;4.0;;
2391;Totaal mannen en vrouwen;0;0;5;Vier jaar na afstuderen;2;Cohort 2000/'01;2.9;3.0;2.8;2.9;2.8;2.9;;;3.7;3.7;;;3.7;3.7;;
2392;Totaal mannen en vrouwen;0;0;5;Vier jaar na afstuderen;2;Cohort 2001/'02;2.9;3.0;2.8;2.9;2.8;2.9;;;3.2;3.3;;;3.2;3.3;;
2393;Totaal mannen en vrouwen;0;0;5;Vier jaar na afstuderen;2;Cohort 2002/'03;3.2;3.4;3.1;3.2;3.1;3.2;;;3.5;4.1;;;3.5;4.1;;
2394;Totaal mannen en vrouwen;0;0;5;Vier jaar na afstuderen;2;Cohort 2003/'04;3.3;3.4;3.1;3.2;3.1;3.2;;;4.5;4.5;;;4.5;4.5;;
2395;Totaal mannen en vrouwen;0;0;5;Vier jaar na afstuderen;3;Cohort 1999/'00;2.9;3.1;2.5;2.6;2.5;2.6;;;3.7;3.9;;;3.9;3.9;3.0;
2396;Totaal mannen en vrouwen;0;0;5;Vier jaar na afstuderen;3;Cohort 2000/'01;2.6;3.0;2.3;2.8;2.3;2.8;;;3.3;3.3;;;2.6;2.6;4.8;4.8
2397;Totaal mannen en vrouwen;0;0;5;Vier jaar na afstuderen;3;Cohort 2001/'02;3.1;3.2;2.8;2.9;2.8;2.9;;;4.2;4.2;;;4.2;4.2;4.3;4.3
2398;Totaal mannen en vrouwen;0;0;5;Vier jaar na afstuderen;3;Cohort 2002/'03;3.4;3.5;2.3;2.4;2.3;2.4;;;4.6;4.7;;;4.6;4.6;4.6;4.9
2399;Totaal mannen en vrouwen;0;0;5;Vier jaar na afstuderen;3;Cohort 2003/'04;2.7;3.1;2.5;3.0;2.5;3.0;;;3.7;3.5;;;3.6;3.6;3.9;3.3
2400;Totaal mannen en vrouwen;0;0;5;Vier jaar na afstuderen;4;Cohort 1999/'00;0.7;;0.7;;0.7;;;;;;;;;;;
2401;Totaal mannen en vrouwen;0;0;5;Vier jaar na afstuderen;4;Cohort 2000/'01;1.5;1.5;1.5;1.5;1.5;1.5;;;;;;;;;;
2402;Totaal mannen en vrouwen;0;0;5;Vier jaar na afstuderen;4;Cohort 2001/'02;0.9;1.2;0.9;1.2;0.9;1.2;;;;;;;;;;
2403;Totaal mannen en vrouwen;0;0;5;Vier jaar na afstuderen;4;Cohort 2002/'03;1.4;2.3;1.0;1.6;1.0;1.6;;;3.1;3.1;;;3.1;3.1;;
2404;Totaal mannen en vrouwen;0;0;5;Vier jaar na afstuderen;4;Cohort 2003/'04;1.9;1.5;1.5;1.5;1.5;1.5;;;2.4;;;;2.4;;;
2405;Totaal mannen en vrouwen;0;0;5;Vier jaar na afstuderen;5;Cohort 1999/'00;2.4;2.4;2.3;2.3;2.3;2.3;;;2.6;2.6;;;2.6;2.6;;
2406;Totaal mannen en vrouwen;0;0;5;Vier jaar na afstuderen;5;Cohort 2000/'01;3.4;3.5;2.8;2.8;2.8;2.8;;;3.9;4.2;;;3.9;4.2;;
2407;Totaal mannen en vrouwen;0;0;5;Vier jaar na afstuderen;5;Cohort 2001/'02;2.7;2.9;2.5;2.7;2.5;2.7;;;3.1;4.1;;;3.1;4.1;;
2408;Totaal mannen en vrouwen;0;0;5;Vier jaar na afstuderen;5;Cohort 2002/'03;2.9;3.4;2.9;3.4;2.9;3.4;;;;;;;;;;
2409;Totaal mannen en vrouwen;0;0;5;Vier jaar na afstuderen;5;Cohort 2003/'04;3.5;3.5;3.5;3.5;3.5;3.5;;;3.2;3.2;;;3.2;3.2;;
2410;Totaal mannen en vrouwen;0;0;5;Vier jaar na afstuderen;6;Cohort 1999/'00;3.3;3.3;2.8;2.9;2.8;2.9;;;4.1;3.8;;;4.1;3.8;;
2411;Totaal mannen en vrouwen;0;0;5;Vier jaar na afstuderen;6;Cohort 2000/'01;3.1;3.2;2.9;3.0;2.9;3.0;;;4.0;4.5;;;4.0;4.5;;
2412;Totaal mannen en vrouwen;0;0;5;Vier jaar na afstuderen;6;Cohort 2001/'02;3.2;3.4;3.0;3.3;3.0;3.3;;;3.8;3.8;;;3.8;3.8;;
2413;Totaal mannen en vrouwen;0;0;5;Vier jaar na afstuderen;6;Cohort 2002/'03;3.6;3.7;3.4;3.6;3.4;3.6;;;3.9;4.1;;;3.9;4.1;;
2414;Totaal mannen en vrouwen;0;0;5;Vier jaar na afstuderen;6;Cohort 2003/'04;3.5;3.7;3.4;3.5;3.4;3.5;;;3.8;3.9;;;3.8;3.9;;
2415;Totaal mannen en vrouwen;0;0;5;Vier jaar na afstuderen;7;Cohort 1999/'00;2.8;2.9;2.6;2.6;2.6;2.6;;;3.0;3.2;;;3.0;3.2;2.7;2.7
2416;Totaal mannen en vrouwen;0;0;5;Vier jaar na afstuderen;7;Cohort 2000/'01;2.8;2.9;2.7;2.7;2.7;2.7;;;3.2;3.3;;;3.2;3.3;2.8;2.8
2417;Totaal mannen en vrouwen;0;0;5;Vier jaar na afstuderen;7;Cohort 2001/'02;3.1;3.1;2.9;3.0;2.9;3.0;3.4;3.4;3.4;3.5;;;3.4;3.5;;
2418;Totaal mannen en vrouwen;0;0;5;Vier jaar na afstuderen;7;Cohort 2002/'03;3.3;3.3;3.2;3.3;3.2;3.3;;;3.4;3.4;2.5;2.5;3.5;3.5;;
2419;Totaal mannen en vrouwen;0;0;5;Vier jaar na afstuderen;7;Cohort 2003/'04;3.4;3.6;3.1;3.3;3.2;3.3;2.7;;3.9;4.1;2.7;2.7;4.0;4.1;;
2420;Totaal mannen en vrouwen;0;0;5;Vier jaar na afstuderen;8;Cohort 1999/'00;2.6;2.8;2.6;2.8;2.6;2.8;;;2.6;2.6;;;2.6;2.6;;
2421;Totaal mannen en vrouwen;0;0;5;Vier jaar na afstuderen;8;Cohort 2000/'01;2.4;2.6;2.3;2.5;2.3;2.5;;;2.5;3.0;;;2.5;3.0;;
2422;Totaal mannen en vrouwen;0;0;5;Vier jaar na afstuderen;8;Cohort 2001/'02;2.3;2.8;2.3;2.8;2.3;2.8;;;2.5;2.8;;;2.5;2.8;;
2423;Totaal mannen en vrouwen;0;0;5;Vier jaar na afstuderen;8;Cohort 2002/'03;3.1;3.4;3.0;3.1;3.0;3.1;;;3.6;4.5;;;3.6;4.5;;
2424;Totaal mannen en vrouwen;0;0;5;Vier jaar na afstuderen;8;Cohort 2003/'04;2.8;3.1;2.7;3.0;2.7;3.0;;;3.2;3.5;3.7;3.7;3.2;3.4;;
2425;Totaal mannen en vrouwen;0;0;5;Vier jaar na afstuderen;9;Cohort 1999/'00;2.9;3.0;2.6;2.7;2.6;2.7;;;3.4;3.4;;;3.3;3.3;4.2;4.2
2426;Totaal mannen en vrouwen;0;0;5;Vier jaar na afstuderen;9;Cohort 2000/'01;2.9;3.1;2.6;2.9;2.6;2.9;;;3.2;3.3;;;3.1;3.2;4.4;4.8
2427;Totaal mannen en vrouwen;0;0;5;Vier jaar na afstuderen;9;Cohort 2001/'02;2.8;2.9;2.5;2.5;2.5;2.5;;;3.1;3.2;;;3.1;3.2;;
2428;Totaal mannen en vrouwen;0;0;5;Vier jaar na afstuderen;9;Cohort 2002/'03;2.9;3.1;2.7;2.8;2.7;2.8;;;3.1;3.3;;;3.1;3.3;;
2429;Totaal mannen en vrouwen;0;0;5;Vier jaar na afstuderen;9;Cohort 2003/'04;3.0;3.1;2.9;3.0;2.9;3.0;;;3.2;3.3;2.9;2.9;3.2;3.3;;
2430;Totaal mannen en vrouwen;0;0;5;Vier jaar na afstuderen;M Onderwijs;Cohort 1999/'00;2.3;2.5;2.3;2.5;2.3;2.5;;;2.7;2.7;;;2.5;2.4;3.4;3.4
2431;Totaal mannen en vrouwen;0;0;5;Vier jaar na afstuderen;M Onderwijs;Cohort 2000/'01;2.3;2.7;2.3;2.7;2.3;2.7;;;2.5;2.7;;;2.5;2.7;;
2432;Totaal mannen en vrouwen;0;0;5;Vier jaar na afstuderen;M Onderwijs;Cohort 2001/'02;2.4;2.6;2.3;2.5;2.3;2.5;;;2.6;2.9;;;2.6;2.9;;
2433;Totaal mannen en vrouwen;0;0;5;Vier jaar na afstuderen;M Onderwijs;Cohort 2002/'03;2.5;2.8;2.5;2.8;2.5;2.8;;;2.7;3.0;;;2.7;3.0;;
2434;Totaal mannen en vrouwen;0;0;5;Vier jaar na afstuderen;M Onderwijs;Cohort 2003/'04;2.6;2.8;2.5;2.8;2.5;2.8;;;2.8;2.7;;;2.8;2.7;;
2435;Totaal mannen en vrouwen;0;0;5;Vier jaar na afstuderen;N Gezondheids- en welzijnszorg;Cohort 1999/'00;2.6;3.1;2.3;2.8;2.3;2.8;;;3.1;3.3;;;2.7;2.8;3.2;3.4
2436;Totaal mannen en vrouwen;0;0;5;Vier jaar na afstuderen;N Gezondheids- en welzijnszorg;Cohort 2000/'01;2.5;2.9;2.2;2.6;2.2;2.6;;;3.5;3.5;;;2.8;2.8;3.6;3.6
2437;Totaal mannen en vrouwen;0;0;5;Vier jaar na afstuderen;N Gezondheids- en welzijnszorg;Cohort 2001/'02;2.8;3.2;2.4;2.6;2.4;2.6;;;3.6;4.0;;;2.8;2.9;4.2;4.4
2438;Totaal mannen en vrouwen;0;0;5;Vier jaar na afstuderen;N Gezondheids- en welzijnszorg;Cohort 2002/'03;2.9;3.2;2.3;2.7;2.3;2.7;;;3.7;3.9;;;3.0;;3.8;3.9
2439;Totaal mannen en vrouwen;0;0;5;Vier jaar na afstuderen;N Gezondheids- en welzijnszorg;Cohort 2003/'04;2.7;3.3;2.3;2.7;2.3;2.7;;;3.5;3.8;;;2.6;;3.8;3.8
2440;Totaal mannen en vrouwen;0;0;5;Vier jaar na afstuderen;9000e Milieu, cultuur, recreatie en ..;Cohort 1999/'00;2.2;2.4;2.2;2.6;2.2;2.6;;;2.2;2.1;;;1.9;1.9;2.5;2.4
2441;Totaal mannen en vrouwen;0;0;5;Vier jaar na afstuderen;9000e Milieu, cultuur, recreatie en ..;Cohort 2000/'01;2.5;2.7;2.2;2.4;2.2;2.4;;;2.6;2.8;;;2.9;2.9;2.6;2.7
2442;Totaal mannen en vrouwen;0;0;5;Vier jaar na afstuderen;9000e Milieu, cultuur, recreatie en ..;Cohort 2001/'02;3.0;3.3;2.8;3.3;2.8;3.3;;;3.2;3.3;;;3.4;3.8;3.1;3.0
2443;Totaal mannen en vrouwen;0;0;5;Vier jaar na afstuderen;9000e Milieu, cultuur, recreatie en ..;Cohort 2002/'03;2.7;3.0;2.2;2.5;2.3;2.5;1.5;;3.3;3.6;;;3.6;5.2;2.7;2.7
2444;Totaal mannen en vrouwen;0;0;5;Vier jaar na afstuderen;9000e Milieu, cultuur, recreatie en ..;Cohort 2003/'04;2.6;3.0;2.4;2.8;2.4;2.8;;;2.8;3.1;;;2.0;2.6;3.2;3.2
2445;Totaal mannen en vrouwen;0;0;5;Vier jaar na afstuderen;Onbekend;Cohort 1999/'00;;;;;;;;;;;;;;;;
2446;Totaal mannen en vrouwen;0;0;5;Vier jaar na afstuderen;Onbekend;Cohort 2000/'01;8.2;8.2;;;;;;;8.2;8.2;;;8.2;8.2;;
2447;Totaal mannen en vrouwen;0;0;5;Vier jaar na afstuderen;Onbekend;Cohort 2001/'02;;;;;;;;;;;;;;;;
2448;Totaal mannen en vrouwen;0;0;5;Vier jaar na afstuderen;Onbekend;Cohort 2002/'03;;;;;;;;;;;;;;;;
2449;Totaal mannen en vrouwen;0;0;5;Vier jaar na afstuderen;Onbekend;Cohort 2003/'04;;;;;;;;;;;;;;;;
2450;Totaal mannen en vrouwen;0;0;5;Vijf jaar na afstuderen;0;Cohort 1999/'00;2.9;3.1;2.6;2.8;2.6;2.8;;;3.5;3.5;;;3.5;3.6;3.4;3.4
2451;Totaal mannen en vrouwen;0;0;5;Vijf jaar na afstuderen;0;Cohort 2000/'01;3.0;3.3;2.7;3.0;2.7;3.0;;;3.8;4.0;;;3.8;4.0;3.7;3.8
2452;Totaal mannen en vrouwen;0;0;5;Vijf jaar na afstuderen;0;Cohort 2001/'02;3.1;3.4;2.8;3.1;2.8;3.1;4.2;4.2;3.8;4.1;;;3.6;4.0;4.5;4.7
2453;Totaal mannen en vrouwen;0;0;5;Vijf jaar na afstuderen;0;Cohort 2002/'03;3.2;3.6;3.0;3.4;3.0;3.4;1.9;;3.8;4.0;2.6;2.6;3.6;3.9;4.2;4.2
2454;Totaal mannen en vrouwen;0;0;5;Vijf jaar na afstuderen;0;Cohort 2003/'04;;;;;;;;;;;;;;;;
2455;Totaal mannen en vrouwen;0;0;5;Vijf jaar na afstuderen;1;Cohort 1999/'00;;;;;;;;;;;;;;;;
2456;Totaal mannen en vrouwen;0;0;5;Vijf jaar na afstuderen;1;Cohort 2000/'01;;;;;;;;;;;;;;;;
2457;Totaal mannen en vrouwen;0;0;5;Vijf jaar na afstuderen;1;Cohort 2001/'02;;;;;;;;;;;;;;;;
2458;Totaal mannen en vrouwen;0;0;5;Vijf jaar na afstuderen;1;Cohort 2002/'03;;;;;;;;;;;;;;;;
2459;Totaal mannen en vrouwen;0;0;5;Vijf jaar na afstuderen;1;Cohort 2003/'04;;;;;;;;;;;;;;;;
2460;Totaal mannen en vrouwen;0;0;5;Vijf jaar na afstuderen;2;Cohort 1999/'00;3.1;3.1;2.9;2.9;2.9;2.9;;;4.2;4.2;;;4.2;4.2;;
2461;Totaal mannen en vrouwen;0;0;5;Vijf jaar na afstuderen;2;Cohort 2000/'01;3.4;3.3;3.2;3.2;3.2;3.2;;;4.5;3.9;;;4.5;3.9;;
2462;Totaal mannen en vrouwen;0;0;5;Vijf jaar na afstuderen;2;Cohort 2001/'02;3.1;3.1;3.0;3.0;3.0;3.0;;;3.4;3.4;;;3.4;3.4;;
2463;Totaal mannen en vrouwen;0;0;5;Vijf jaar na afstuderen;2;Cohort 2002/'03;3.7;3.7;3.5;3.6;3.5;3.6;;;4.1;4.2;;;4.1;4.2;;
2464;Totaal mannen en vrouwen;0;0;5;Vijf jaar na afstuderen;2;Cohort 2003/'04;;;;;;;;;;;;;;;;
2465;Totaal mannen en vrouwen;0;0;5;Vijf jaar na afstuderen;3;Cohort 1999/'00;3.2;3.3;2.9;3.0;2.9;3.0;;;3.9;3.9;;;4.1;4.1;3.1;3.1
2466;Totaal mannen en vrouwen;0;0;5;Vijf jaar na afstuderen;3;Cohort 2000/'01;2.9;3.3;2.3;2.4;2.3;2.4;;;4.1;4.1;;;3.2;3.2;5.4;5.4
2467;Totaal mannen en vrouwen;0;0;5;Vijf jaar na afstuderen;3;Cohort 2001/'02;3.6;3.8;3.1;3.2;3.1;3.2;;;5.3;5.3;;;5.3;5.3;5.1;5.1
2468;Totaal mannen en vrouwen;0;0;5;Vijf jaar na afstuderen;3;Cohort 2002/'03;3.6;3.6;2.6;2.8;2.6;2.8;;;4.9;5.1;;;4.9;5.0;4.9;5.3
2469;Totaal mannen en vrouwen;0;0;5;Vijf jaar na afstuderen;3;Cohort 2003/'04;;;;;;;;;;;;;;;;
2470;Totaal mannen en vrouwen;0;0;5;Vijf jaar na afstuderen;4;Cohort 1999/'00;;;;;;;;;;;;;;;;
2471;Totaal mannen en vrouwen;0;0;5;Vijf jaar na afstuderen;4;Cohort 2000/'01;;;;;;;;;;;;;;;;
2472;Totaal mannen en vrouwen;0;0;5;Vijf jaar na afstuderen;4;Cohort 2001/'02;1.0;1.0;1.0;1.0;1.0;1.0;;;;;;;;;;
2473;Totaal mannen en vrouwen;0;0;5;Vijf jaar na afstuderen;4;Cohort 2002/'03;1.9;3.2;1.6;3.1;1.6;3.1;;;3.3;3.3;;;3.3;3.3;;
2474;Totaal mannen en vrouwen;0;0;5;Vijf jaar na afstuderen;4;Cohort 2003/'04;;;;;;;;;;;;;;;;
2475;Totaal mannen en vrouwen;0;0;5;Vijf jaar na afstuderen;5;Cohort 1999/'00;2.4;2.4;2.6;2.6;2.6;2.6;;;1.3;1.3;;;1.3;1.3;;
2476;Totaal mannen en vrouwen;0;0;5;Vijf jaar na afstuderen;5;Cohort 2000/'01;4.2;4.2;3.0;3.0;3.0;3.0;;;4.8;4.8;;;4.8;4.8;;
2477;Totaal mannen en vrouwen;0;0;5;Vijf jaar na afstuderen;5;Cohort 2001/'02;3.0;3.3;2.7;3.0;2.7;3.0;;;5.5;5.5;;;5.5;5.5;;
2478;Totaal mannen en vrouwen;0;0;5;Vijf jaar na afstuderen;5;Cohort 2002/'03;3.2;3.3;3.2;3.3;3.2;3.3;;;;;;;;;;
2479;Totaal mannen en vrouwen;0;0;5;Vijf jaar na afstuderen;5;Cohort 2003/'04;;;;;;;;;;;;;;;;
2480;Totaal mannen en vrouwen;0;0;5;Vijf jaar na afstuderen;6;Cohort 1999/'00;3.7;3.7;3.1;3.2;3.1;3.2;;;4.6;4.7;;;4.6;4.7;;
2481;Totaal mannen en vrouwen;0;0;5;Vijf jaar na afstuderen;6;Cohort 2000/'01;3.6;3.9;3.1;3.4;3.1;3.4;;;5.2;5.8;;;5.2;5.8;;
2482;Totaal mannen en vrouwen;0;0;5;Vijf jaar na afstuderen;6;Cohort 2001/'02;3.8;4.0;3.7;3.9;3.7;3.9;;;4.1;4.1;;;4.1;4.1;;
2483;Totaal mannen en vrouwen;0;0;5;Vijf jaar na afstuderen;6;Cohort 2002/'03;4.3;4.9;4.4;5.1;4.4;5.1;;;4.2;4.4;;;4.2;4.4;;
2484;Totaal mannen en vrouwen;0;0;5;Vijf jaar na afstuderen;6;Cohort 2003/'04;;;;;;;;;;;;;;;;
2485;Totaal mannen en vrouwen;0;0;5;Vijf jaar na afstuderen;7;Cohort 1999/'00;3.1;3.2;2.9;2.9;2.9;2.9;;;3.3;3.4;;;3.3;3.4;;
2486;Totaal mannen en vrouwen;0;0;5;Vijf jaar na afstuderen;7;Cohort 2000/'01;3.3;3.4;3.1;3.1;3.1;3.1;;;3.9;3.9;;;3.9;4.0;3.1;3.1
2487;Totaal mannen en vrouwen;0;0;5;Vijf jaar na afstuderen;7;Cohort 2001/'02;3.4;3.5;3.2;3.2;3.1;3.2;4.2;4.2;4.1;4.1;;;4.1;4.1;;
2488;Totaal mannen en vrouwen;0;0;5;Vijf jaar na afstuderen;7;Cohort 2002/'03;3.5;3.7;3.5;3.7;3.5;3.7;;;3.6;3.6;2.6;2.6;3.6;3.7;;
2489;Totaal mannen en vrouwen;0;0;5;Vijf jaar na afstuderen;7;Cohort 2003/'04;;;;;;;;;;;;;;;;
2490;Totaal mannen en vrouwen;0;0;5;Vijf jaar na afstuderen;8;Cohort 1999/'00;2.5;2.7;2.4;2.8;2.4;2.8;;;2.9;1.8;;;2.9;1.8;;
2491;Totaal mannen en vrouwen;0;0;5;Vijf jaar na afstuderen;8;Cohort 2000/'01;2.7;3.0;2.6;2.7;2.6;2.7;;;2.9;3.8;;;2.9;3.8;;
2492;Totaal mannen en vrouwen;0;0;5;Vijf jaar na afstuderen;8;Cohort 2001/'02;2.6;3.2;2.5;3.1;2.5;3.1;;;2.8;4.5;;;2.3;;4.5;4.5
2493;Totaal mannen en vrouwen;0;0;5;Vijf jaar na afstuderen;8;Cohort 2002/'03;3.1;3.5;3.1;3.3;3.1;3.3;2.0;;3.2;4.4;;;3.2;4.4;;
2494;Totaal mannen en vrouwen;0;0;5;Vijf jaar na afstuderen;8;Cohort 2003/'04;;;;;;;;;;;;;;;;
2495;Totaal mannen en vrouwen;0;0;5;Vijf jaar na afstuderen;9;Cohort 1999/'00;3.0;3.2;2.6;2.9;2.6;2.9;;;3.4;3.5;;;3.4;3.4;4.4;4.4
2496;Totaal mannen en vrouwen;0;0;5;Vijf jaar na afstuderen;9;Cohort 2000/'01;3.2;3.4;2.9;3.1;2.9;3.1;;;3.8;3.7;;;3.8;3.6;3.9;4.9
2497;Totaal mannen en vrouwen;0;0;5;Vijf jaar na afstuderen;9;Cohort 2001/'02;3.0;3.2;2.8;2.9;2.8;2.9;;;3.2;3.5;;;3.2;3.5;;
2498;Totaal mannen en vrouwen;0;0;5;Vijf jaar na afstuderen;9;Cohort 2002/'03;3.0;3.4;2.8;3.0;2.8;3.0;;;3.3;3.8;;;3.3;3.7;4.3;4.3
2499;Totaal mannen en vrouwen;0;0;5;Vijf jaar na afstuderen;9;Cohort 2003/'04;;;;;;;;;;;;;;;;
2500;Totaal mannen en vrouwen;0;0;5;Vijf jaar na afstuderen;M Onderwijs;Cohort 1999/'00;2.5;2.7;2.6;2.7;2.6;2.7;;;2.3;1.9;;;2.3;1.9;;
2501;Totaal mannen en vrouwen;0;0;5;Vijf jaar na afstuderen;M Onderwijs;Cohort 2000/'01;2.4;2.7;2.3;2.7;2.3;2.7;;;2.6;3.0;;;2.6;3.0;;
2502;Totaal mannen en vrouwen;0;0;5;Vijf jaar na afstuderen;M Onderwijs;Cohort 2001/'02;2.4;2.7;2.4;2.7;2.4;2.7;;;2.8;3.5;;;2.8;3.5;;
2503;Totaal mannen en vrouwen;0;0;5;Vijf jaar na afstuderen;M Onderwijs;Cohort 2002/'03;2.6;2.9;2.5;2.8;2.5;2.8;;;2.8;3.2;;;2.8;3.2;;
2504;Totaal mannen en vrouwen;0;0;5;Vijf jaar na afstuderen;M Onderwijs;Cohort 2003/'04;;;;;;;;;;;;;;;;
2505;Totaal mannen en vrouwen;0;0;5;Vijf jaar na afstuderen;N Gezondheids- en welzijnszorg;Cohort 1999/'00;2.7;3.2;2.2;2.8;2.2;2.8;;;3.4;3.5;;;2.6;3.3;3.5;3.5
2506;Totaal mannen en vrouwen;0;0;5;Vijf jaar na afstuderen;N Gezondheids- en welzijnszorg;Cohort 2000/'01;2.7;3.0;2.4;2.8;2.4;2.8;;;3.5;3.4;;;2.7;3.1;3.6;3.5
2507;Totaal mannen en vrouwen;0;0;5;Vijf jaar na afstuderen;N Gezondheids- en welzijnszorg;Cohort 2001/'02;2.8;3.4;2.3;2.7;2.3;2.7;;;4.1;4.5;;;3.2;3.6;4.6;4.8
2508;Totaal mannen en vrouwen;0;0;5;Vijf jaar na afstuderen;N Gezondheids- en welzijnszorg;Cohort 2002/'03;3.0;3.6;2.4;3.0;2.4;3.0;;;4.1;4.1;;;2.7;2.7;4.3;4.3
2509;Totaal mannen en vrouwen;0;0;5;Vijf jaar na afstuderen;N Gezondheids- en welzijnszorg;Cohort 2003/'04;;;;;;;;;;;;;;;;
2510;Totaal mannen en vrouwen;0;0;5;Vijf jaar na afstuderen;9000e Milieu, cultuur, recreatie en ..;Cohort 1999/'00;2.6;2.6;2.6;2.6;2.6;2.6;;;2.8;2.8;;;3.1;3.1;2.4;2.4
2511;Totaal mannen en vrouwen;0;0;5;Vijf jaar na afstuderen;9000e Milieu, cultuur, recreatie en ..;Cohort 2000/'01;3.2;3.4;3.2;3.6;3.2;3.6;;;3.2;3.0;;;3.6;3.2;2.7;2.8
2512;Totaal mannen en vrouwen;0;0;5;Vijf jaar na afstuderen;9000e Milieu, cultuur, recreatie en ..;Cohort 2001/'02;3.9;4.0;4.5;4.5;4.5;4.5;;;3.6;3.5;;;3.5;3.7;3.7;3.0
2513;Totaal mannen en vrouwen;0;0;5;Vijf jaar na afstuderen;9000e Milieu, cultuur, recreatie en ..;Cohort 2002/'03;3.2;3.2;2.7;2.9;2.9;2.9;1.7;;3.5;3.9;;;3.9;6.3;2.7;2.8
2514;Totaal mannen en vrouwen;0;0;5;Vijf jaar na afstuderen;9000e Milieu, cultuur, recreatie en ..;Cohort 2003/'04;;;;;;;;;;;;;;;;
2515;Totaal mannen en vrouwen;0;0;5;Vijf jaar na afstuderen;Onbekend;Cohort 1999/'00;;;;;;;;;;;;;;;;
2516;Totaal mannen en vrouwen;0;0;5;Vijf jaar na afstuderen;Onbekend;Cohort 2000/'01;;;;;;;;;;;;;;;;
2517;Totaal mannen en vrouwen;0;0;5;Vijf jaar na afstuderen;Onbekend;Cohort 2001/'02;;;;;;;;;;;;;;;;
2518;Totaal mannen en vrouwen;0;0;5;Vijf jaar na afstuderen;Onbekend;Cohort 2002/'03;;;;;;;;;;;;;;;;
2519;Totaal mannen en vrouwen;0;0;5;Vijf jaar na afstuderen;Onbekend;Cohort 2003/'04;;;;;;;;;;;;;;;;
2520;Totaal mannen en vrouwen;0;0;6;Direct na afstuderen;0;Cohort 1999/'00;1.6;;1.5;;1.5;;;;1.9;;;;1.8;;2.4;
2521;Totaal mannen en vrouwen;0;0;6;Direct na afstuderen;0;Cohort 2000/'01;1.6;2.1;1.5;1.9;1.5;1.9;;;2.0;2.4;;;1.8;2.2;2.7;2.9
2522;Totaal mannen en vrouwen;0;0;6;Direct na afstuderen;0;Cohort 2001/'02;1.6;2.1;1.4;1.9;1.4;1.9;1.2;1.6;1.9;2.4;3.5;3.5;1.6;2.2;2.6;2.7
2523;Totaal mannen en vrouwen;0;0;6;Direct na afstuderen;0;Cohort 2002/'03;1.4;2.1;1.3;1.9;1.3;1.9;;;1.7;2.5;;;1.5;2.2;2.6;2.9
2524;Totaal mannen en vrouwen;0;0;6;Direct na afstuderen;0;Cohort 2003/'04;1.5;2.1;1.4;1.9;1.4;1.9;;;1.8;2.4;2.1;2.9;1.6;2.2;3.2;2.7
2525;Totaal mannen en vrouwen;0;0;6;Direct na afstuderen;1;Cohort 1999/'00;;;;;;;;;;;;;;;;
2526;Totaal mannen en vrouwen;0;0;6;Direct na afstuderen;1;Cohort 2000/'01;;;;;;;;;;;;;;;;
2527;Totaal mannen en vrouwen;0;0;6;Direct na afstuderen;1;Cohort 2001/'02;;;;;;;;;;;;;;;;
2528;Totaal mannen en vrouwen;0;0;6;Direct na afstuderen;1;Cohort 2002/'03;;;;;;;;;;;;;;;;
2529;Totaal mannen en vrouwen;0;0;6;Direct na afstuderen;1;Cohort 2003/'04;2.5;2.5;2.5;2.5;2.5;2.5;;;;;;;;;;
2530;Totaal mannen en vrouwen;0;0;6;Direct na afstuderen;2;Cohort 1999/'00;1.6;;1.3;;1.3;;;;2.4;;;;2.4;;;
2531;Totaal mannen en vrouwen;0;0;6;Direct na afstuderen;2;Cohort 2000/'01;1.8;2.2;1.5;1.8;1.5;1.8;;;2.6;3.1;;;2.6;3.1;;
2532;Totaal mannen en vrouwen;0;0;6;Direct na afstuderen;2;Cohort 2001/'02;1.8;2.1;1.6;2.0;1.6;2.0;;;2.4;2.4;;;2.4;2.4;;
2533;Totaal mannen en vrouwen;0;0;6;Direct na afstuderen;2;Cohort 2002/'03;1.2;1.6;1.2;1.6;1.2;1.6;;;;;;;;;;
2534;Totaal mannen en vrouwen;0;0;6;Direct na afstuderen;2;Cohort 2003/'04;1.5;1.9;1.6;1.9;1.6;1.9;;;1.2;2.1;;;1.2;2.1;;
2535;Totaal mannen en vrouwen;0;0;6;Direct na afstuderen;3;Cohort 1999/'00;1.3;;1.2;;1.2;;;;1.5;;;;1.2;;2.3;
2536;Totaal mannen en vrouwen;0;0;6;Direct na afstuderen;3;Cohort 2000/'01;1.3;1.9;1.3;1.7;1.3;1.7;;;1.6;2.3;;;1.5;2.3;2.5;2.5
2537;Totaal mannen en vrouwen;0;0;6;Direct na afstuderen;3;Cohort 2001/'02;1.2;2.1;1.0;1.7;1.0;1.7;1.1;;1.7;2.4;;;1.0;1.9;2.5;2.5
2538;Totaal mannen en vrouwen;0;0;6;Direct na afstuderen;3;Cohort 2002/'03;1.1;1.8;1.0;1.7;1.0;1.7;;;1.2;2.0;;;1.1;1.9;1.5;2.6
2539;Totaal mannen en vrouwen;0;0;6;Direct na afstuderen;3;Cohort 2003/'04;1.2;1.9;1.1;1.7;1.1;1.7;;;1.8;2.4;;;1.5;2.3;2.5;2.5
2540;Totaal mannen en vrouwen;0;0;6;Direct na afstuderen;4;Cohort 1999/'00;1.0;;1.0;;1.0;;;;;;;;;;;
2541;Totaal mannen en vrouwen;0;0;6;Direct na afstuderen;4;Cohort 2000/'01;0.5;1.6;0.4;;0.4;;;;0.6;1.6;;;0.6;1.6;;
2542;Totaal mannen en vrouwen;0;0;6;Direct na afstuderen;4;Cohort 2001/'02;1.0;1.7;1.0;1.7;1.0;1.7;;;;;;;;;;
2543;Totaal mannen en vrouwen;0;0;6;Direct na afstuderen;4;Cohort 2002/'03;1.0;1.9;1.0;1.9;1.0;1.9;;;1.2;;;;;;1.2;
2544;Totaal mannen en vrouwen;0;0;6;Direct na afstuderen;4;Cohort 2003/'04;0.8;2.0;0.9;2.0;0.9;2.0;;;0.7;;1.2;;0.6;;;
2545;Totaal mannen en vrouwen;0;0;6;Direct na afstuderen;5;Cohort 1999/'00;1.9;;1.9;;1.9;;;;2.0;;;;2.0;;;
2546;Totaal mannen en vrouwen;0;0;6;Direct na afstuderen;5;Cohort 2000/'01;1.7;2.5;1.5;2.1;1.5;2.1;;;2.2;3.6;;;2.2;3.6;;
2547;Totaal mannen en vrouwen;0;0;6;Direct na afstuderen;5;Cohort 2001/'02;1.2;2.3;1.4;2.3;1.4;2.3;;;0.7;;;;0.7;;;
2548;Totaal mannen en vrouwen;0;0;6;Direct na afstuderen;5;Cohort 2002/'03;1.0;1.4;1.0;1.4;1.0;1.4;;;0.9;;;;0.9;;;
2549;Totaal mannen en vrouwen;0;0;6;Direct na afstuderen;5;Cohort 2003/'04;1.8;2.2;1.8;2.2;1.8;2.2;;;0.9;;;;0.9;;;
2550;Totaal mannen en vrouwen;0;0;6;Direct na afstuderen;6;Cohort 1999/'00;1.9;;1.6;;1.6;;;;2.3;;;;2.3;;;
2551;Totaal mannen en vrouwen;0;0;6;Direct na afstuderen;6;Cohort 2000/'01;2.0;2.1;1.7;1.8;1.7;1.8;;;2.5;2.5;;;2.5;2.5;;
2552;Totaal mannen en vrouwen;0;0;6;Direct na afstuderen;6;Cohort 2001/'02;2.0;2.3;1.8;2.2;1.8;2.2;;;2.5;2.5;3.5;3.5;2.3;2.2;;
2553;Totaal mannen en vrouwen;0;0;6;Direct na afstuderen;6;Cohort 2002/'03;2.0;2.3;2.2;2.1;2.2;2.1;;;1.9;2.3;;;1.9;2.3;;
2554;Totaal mannen en vrouwen;0;0;6;Direct na afstuderen;6;Cohort 2003/'04;2.5;2.8;2.0;2.3;2.0;2.3;;;3.3;3.5;;;3.3;3.5;;
2555;Totaal mannen en vrouwen;0;0;6;Direct na afstuderen;7;Cohort 1999/'00;1.8;;1.7;;1.7;;;;2.0;;;;2.0;;2.7;
2556;Totaal mannen en vrouwen;0;0;6;Direct na afstuderen;7;Cohort 2000/'01;1.8;2.1;1.7;2.0;1.7;2.0;;;2.1;2.3;;;2.1;2.3;;
2557;Totaal mannen en vrouwen;0;0;6;Direct na afstuderen;7;Cohort 2001/'02;1.7;2.0;1.6;1.9;1.6;1.9;;;2.1;2.3;;;2.1;2.3;;
2558;Totaal mannen en vrouwen;0;0;6;Direct na afstuderen;7;Cohort 2002/'03;1.6;2.1;1.4;1.9;1.4;1.9;;;2.0;2.3;;;2.0;2.3;2.0;2.0
2559;Totaal mannen en vrouwen;0;0;6;Direct na afstuderen;7;Cohort 2003/'04;1.5;2.0;1.4;1.8;1.4;1.8;;;1.8;2.2;2.4;2.4;1.8;2.2;;
2560;Totaal mannen en vrouwen;0;0;6;Direct na afstuderen;8;Cohort 1999/'00;1.3;;1.2;;1.2;;;;1.5;;;;1.4;;3.3;
2561;Totaal mannen en vrouwen;0;0;6;Direct na afstuderen;8;Cohort 2000/'01;1.4;1.9;1.3;1.9;1.3;1.9;;;1.6;2.0;;;1.3;1.8;3.3;3.2
2562;Totaal mannen en vrouwen;0;0;6;Direct na afstuderen;8;Cohort 2001/'02;1.4;1.8;1.4;1.8;1.4;1.8;1.0;;1.4;2.1;;;1.2;1.9;2.1;3.0
2563;Totaal mannen en vrouwen;0;0;6;Direct na afstuderen;8;Cohort 2002/'03;1.3;2.0;1.3;2.0;1.3;2.0;;;1.2;1.8;;;1.2;1.8;;
2564;Totaal mannen en vrouwen;0;0;6;Direct na afstuderen;8;Cohort 2003/'04;1.3;1.8;1.3;1.8;1.3;1.8;;;1.5;2.0;2.1;;1.5;2.0;;
2565;Totaal mannen en vrouwen;0;0;6;Direct na afstuderen;9;Cohort 1999/'00;2.2;;1.7;;1.7;;;;2.6;;;;2.4;;3.4;
2566;Totaal mannen en vrouwen;0;0;6;Direct na afstuderen;9;Cohort 2000/'01;2.0;2.2;1.6;1.8;1.6;1.8;;;2.3;2.5;;;2.1;2.3;3.5;3.5
2567;Totaal mannen en vrouwen;0;0;6;Direct na afstuderen;9;Cohort 2001/'02;2.0;2.3;1.6;1.9;1.7;1.9;1.0;;2.3;2.5;;;2.2;2.4;3.5;3.5
2568;Totaal mannen en vrouwen;0;0;6;Direct na afstuderen;9;Cohort 2002/'03;1.7;2.7;1.4;1.9;1.4;1.9;;;1.9;3.7;;;1.4;3.0;3.7;4.1
2569;Totaal mannen en vrouwen;0;0;6;Direct na afstuderen;9;Cohort 2003/'04;2.1;2.3;2.0;2.3;2.0;2.3;;;2.2;2.3;3.4;3.4;2.0;2.1;;
2570;Totaal mannen en vrouwen;0;0;6;Direct na afstuderen;M Onderwijs;Cohort 1999/'00;1.5;;1.4;;1.4;;;;1.5;;;;1.4;;1.8;
2571;Totaal mannen en vrouwen;0;0;6;Direct na afstuderen;M Onderwijs;Cohort 2000/'01;1.7;1.8;1.7;1.8;1.7;1.8;;;1.7;1.8;;;1.8;1.8;1.5;1.5
2572;Totaal mannen en vrouwen;0;0;6;Direct na afstuderen;M Onderwijs;Cohort 2001/'02;1.6;1.9;1.7;1.9;1.7;1.9;1.6;1.6;1.3;1.7;;;1.3;1.7;1.5;1.5
2573;Totaal mannen en vrouwen;0;0;6;Direct na afstuderen;M Onderwijs;Cohort 2002/'03;1.6;1.9;1.6;1.9;1.6;1.9;;;1.4;2.3;;;1.4;2.3;;
2574;Totaal mannen en vrouwen;0;0;6;Direct na afstuderen;M Onderwijs;Cohort 2003/'04;1.7;2.1;1.8;2.0;1.8;2.0;;;1.5;2.2;1.6;;1.5;2.2;;
2575;Totaal mannen en vrouwen;0;0;6;Direct na afstuderen;N Gezondheids- en welzijnszorg;Cohort 1999/'00;1.8;;1.5;;1.5;;;;2.1;;;;1.6;;2.3;
2576;Totaal mannen en vrouwen;0;0;6;Direct na afstuderen;N Gezondheids- en welzijnszorg;Cohort 2000/'01;1.8;2.4;1.3;1.6;1.3;1.6;;;2.3;2.9;;;1.1;;2.6;2.9
2577;Totaal mannen en vrouwen;0;0;6;Direct na afstuderen;N Gezondheids- en welzijnszorg;Cohort 2001/'02;1.6;2.3;1.3;1.8;1.3;1.8;;;2.3;2.8;;;0.9;;2.7;2.8
2578;Totaal mannen en vrouwen;0;0;6;Direct na afstuderen;N Gezondheids- en welzijnszorg;Cohort 2002/'03;1.7;2.4;1.3;1.6;1.3;1.6;;;2.2;2.8;;;1.5;2.3;2.6;2.9
2579;Totaal mannen en vrouwen;0;0;6;Direct na afstuderen;N Gezondheids- en welzijnszorg;Cohort 2003/'04;1.8;2.2;1.4;1.9;1.4;1.9;;;2.9;2.5;;;1.3;1.3;3.4;2.8
2580;Totaal mannen en vrouwen;0;0;6;Direct na afstuderen;9000e Milieu, cultuur, recreatie en ..;Cohort 1999/'00;1.6;;1.5;;1.5;;;;1.8;;;;1.8;;;
2581;Totaal mannen en vrouwen;0;0;6;Direct na afstuderen;9000e Milieu, cultuur, recreatie en ..;Cohort 2000/'01;1.3;1.7;1.2;1.5;1.2;1.5;;;1.5;1.9;;;1.5;1.9;;
2582;Totaal mannen en vrouwen;0;0;6;Direct na afstuderen;9000e Milieu, cultuur, recreatie en ..;Cohort 2001/'02;1.3;2.2;1.1;2.0;1.1;2.0;;;1.9;2.4;;;0.8;;2.4;2.4
2583;Totaal mannen en vrouwen;0;0;6;Direct na afstuderen;9000e Milieu, cultuur, recreatie en ..;Cohort 2002/'03;1.4;2.2;1.0;2.0;1.0;2.0;;;1.9;2.4;;;1.7;2.5;2.4;2.3
2584;Totaal mannen en vrouwen;0;0;6;Direct na afstuderen;9000e Milieu, cultuur, recreatie en ..;Cohort 2003/'04;1.1;2.4;1.2;2.4;1.2;2.4;;;1.1;2.1;;;0.7;;2.1;2.1
2585;Totaal mannen en vrouwen;0;0;6;Direct na afstuderen;Onbekend;Cohort 1999/'00;;;;;;;;;;;;;;;;
2586;Totaal mannen en vrouwen;0;0;6;Direct na afstuderen;Onbekend;Cohort 2000/'01;;;;;;;;;;;;;;;;
2587;Totaal mannen en vrouwen;0;0;6;Direct na afstuderen;Onbekend;Cohort 2001/'02;;;;;;;;;;;;;;;;
2588;Totaal mannen en vrouwen;0;0;6;Direct na afstuderen;Onbekend;Cohort 2002/'03;;;;;;;;;;;;;;;;
2589;Totaal mannen en vrouwen;0;0;6;Direct na afstuderen;Onbekend;Cohort 2003/'04;;;;;;;;;;;;;;;;
2590;Totaal mannen en vrouwen;0;0;6;Één jaar na afstuderen;0;Cohort 1999/'00;2.2;2.3;2.0;2.1;2.0;2.1;1.5;1.5;2.4;2.6;;;2.3;2.5;2.9;2.9
2591;Totaal mannen en vrouwen;0;0;6;Één jaar na afstuderen;0;Cohort 2000/'01;2.1;2.3;1.9;2.1;1.9;2.1;;;2.6;2.7;;;2.4;2.5;3.2;3.3
2592;Totaal mannen en vrouwen;0;0;6;Één jaar na afstuderen;0;Cohort 2001/'02;2.1;2.3;1.9;2.2;1.9;2.2;1.7;2.0;2.4;2.6;4.0;4.0;2.2;2.4;3.1;3.2
2593;Totaal mannen en vrouwen;0;0;6;Één jaar na afstuderen;0;Cohort 2002/'03;2.0;2.3;1.9;2.1;1.9;2.1;;;2.3;2.6;;;2.1;2.4;3.1;3.2
2594;Totaal mannen en vrouwen;0;0;6;Één jaar na afstuderen;0;Cohort 2003/'04;2.1;2.3;2.0;2.2;2.0;2.2;;;2.4;2.6;2.3;2.8;2.4;2.6;3.0;3.0
2595;Totaal mannen en vrouwen;0;0;6;Één jaar na afstuderen;1;Cohort 1999/'00;;;;;;;;;;;;;;;;
2596;Totaal mannen en vrouwen;0;0;6;Één jaar na afstuderen;1;Cohort 2000/'01;;;;;;;;;;;;;;;;
2597;Totaal mannen en vrouwen;0;0;6;Één jaar na afstuderen;1;Cohort 2001/'02;;;;;;;;;;;;;;;;
2598;Totaal mannen en vrouwen;0;0;6;Één jaar na afstuderen;1;Cohort 2002/'03;;;;;;;;;;;;;;;;
2599;Totaal mannen en vrouwen;0;0;6;Één jaar na afstuderen;1;Cohort 2003/'04;2.5;2.5;2.5;2.5;2.5;2.5;;;;;;;;;;
2600;Totaal mannen en vrouwen;0;0;6;Één jaar na afstuderen;2;Cohort 1999/'00;2.3;2.4;2.1;2.2;2.1;2.2;;;3.0;3.0;;;3.0;3.0;;
2601;Totaal mannen en vrouwen;0;0;6;Één jaar na afstuderen;2;Cohort 2000/'01;2.2;2.3;1.9;2.0;1.9;2.0;;;3.4;3.5;;;3.4;3.5;;
2602;Totaal mannen en vrouwen;0;0;6;Één jaar na afstuderen;2;Cohort 2001/'02;2.2;2.2;2.1;2.2;2.1;2.2;;;2.4;2.4;;;2.4;2.4;;
2603;Totaal mannen en vrouwen;0;0;6;Één jaar na afstuderen;2;Cohort 2002/'03;2.0;2.1;2.0;2.0;2.0;2.0;;;2.2;2.2;;;2.2;2.2;;
2604;Totaal mannen en vrouwen;0;0;6;Één jaar na afstuderen;2;Cohort 2003/'04;2.2;2.3;2.1;2.3;2.1;2.3;;;2.2;2.3;;;2.2;2.3;;
2605;Totaal mannen en vrouwen;0;0;6;Één jaar na afstuderen;3;Cohort 1999/'00;2.1;2.1;2.0;2.0;2.0;2.1;1.5;1.5;2.3;2.4;;;2.1;2.5;2.5;2.1
2606;Totaal mannen en vrouwen;0;0;6;Één jaar na afstuderen;3;Cohort 2000/'01;2.1;2.2;1.9;2.1;1.9;2.1;;;2.3;2.4;;;2.3;2.5;2.3;2.3
2607;Totaal mannen en vrouwen;0;0;6;Één jaar na afstuderen;3;Cohort 2001/'02;2.0;2.2;1.7;2.0;1.7;2.0;1.1;;2.5;2.7;;;2.0;2.2;2.9;3.0
2608;Totaal mannen en vrouwen;0;0;6;Één jaar na afstuderen;3;Cohort 2002/'03;1.7;1.9;1.8;2.0;1.8;2.0;;;1.3;1.7;;;1.3;1.7;1.5;
2609;Totaal mannen en vrouwen;0;0;6;Één jaar na afstuderen;3;Cohort 2003/'04;2.0;2.2;1.9;2.1;1.9;2.1;;;2.2;2.3;1.6;;2.0;2.2;2.7;2.7
2610;Totaal mannen en vrouwen;0;0;6;Één jaar na afstuderen;4;Cohort 1999/'00;2.0;2.8;2.5;3.1;2.5;3.1;;;1.3;2.1;;;1.3;2.1;;
2611;Totaal mannen en vrouwen;0;0;6;Één jaar na afstuderen;4;Cohort 2000/'01;1.2;1.8;1.2;1.8;1.2;1.8;;;0.9;;;;0.9;;;
2612;Totaal mannen en vrouwen;0;0;6;Één jaar na afstuderen;4;Cohort 2001/'02;2.0;2.2;2.1;2.2;2.1;2.2;;;1.2;;;;1.2;;;
2613;Totaal mannen en vrouwen;0;0;6;Één jaar na afstuderen;4;Cohort 2002/'03;1.5;2.1;1.5;2.1;1.5;2.1;;;;;;;;;;
2614;Totaal mannen en vrouwen;0;0;6;Één jaar na afstuderen;4;Cohort 2003/'04;1.8;2.2;2.0;2.2;2.0;2.2;;;1.2;;1.2;;1.3;;;
2615;Totaal mannen en vrouwen;0;0;6;Één jaar na afstuderen;5;Cohort 1999/'00;2.5;2.5;2.5;2.5;2.5;2.5;;;2.6;2.6;;;2.6;2.6;;
2616;Totaal mannen en vrouwen;0;0;6;Één jaar na afstuderen;5;Cohort 2000/'01;2.2;2.6;2.0;2.3;2.0;2.3;;;3.0;3.4;;;3.0;3.4;;
2617;Totaal mannen en vrouwen;0;0;6;Één jaar na afstuderen;5;Cohort 2001/'02;1.7;2.1;1.9;2.2;1.9;2.2;;;1.3;1.9;;;1.3;1.9;;
2618;Totaal mannen en vrouwen;0;0;6;Één jaar na afstuderen;5;Cohort 2002/'03;1.9;2.1;2.0;2.1;2.0;2.1;;;1.2;2.0;;;1.2;2.0;;
2619;Totaal mannen en vrouwen;0;0;6;Één jaar na afstuderen;5;Cohort 2003/'04;2.0;2.1;2.0;2.1;2.0;2.1;;;2.4;2.4;;;2.4;2.4;;
2620;Totaal mannen en vrouwen;0;0;6;Één jaar na afstuderen;6;Cohort 1999/'00;2.3;2.3;2.0;2.0;2.0;2.0;;;2.6;2.6;;;2.6;2.6;;
2621;Totaal mannen en vrouwen;0;0;6;Één jaar na afstuderen;6;Cohort 2000/'01;2.4;2.5;2.1;2.2;2.1;2.2;;;2.9;3.1;;;2.7;2.9;5.3;5.3
2622;Totaal mannen en vrouwen;0;0;6;Één jaar na afstuderen;6;Cohort 2001/'02;2.3;2.5;2.2;2.4;2.2;2.4;;;2.6;2.7;4.0;4.0;2.5;2.3;;
2623;Totaal mannen en vrouwen;0;0;6;Één jaar na afstuderen;6;Cohort 2002/'03;2.3;2.4;2.0;2.2;2.0;2.2;;;2.7;2.7;;;2.7;2.7;;
2624;Totaal mannen en vrouwen;0;0;6;Één jaar na afstuderen;6;Cohort 2003/'04;2.6;2.8;2.1;2.2;2.1;2.2;;;3.4;3.6;;;3.4;3.6;;
2625;Totaal mannen en vrouwen;0;0;6;Één jaar na afstuderen;7;Cohort 1999/'00;2.4;2.4;2.3;2.3;2.3;2.3;;;2.5;2.6;;;2.5;2.6;;
2626;Totaal mannen en vrouwen;0;0;6;Één jaar na afstuderen;7;Cohort 2000/'01;2.2;2.3;2.1;2.2;2.1;2.2;;;2.4;2.5;;;2.4;2.5;;
2627;Totaal mannen en vrouwen;0;0;6;Één jaar na afstuderen;7;Cohort 2001/'02;2.2;2.3;2.1;2.2;2.1;2.2;1.8;;2.4;2.5;;;2.4;2.5;;
2628;Totaal mannen en vrouwen;0;0;6;Één jaar na afstuderen;7;Cohort 2002/'03;2.1;2.3;1.9;2.1;1.9;2.1;;;2.3;2.5;;;2.3;2.5;3.0;3.0
2629;Totaal mannen en vrouwen;0;0;6;Één jaar na afstuderen;7;Cohort 2003/'04;2.3;2.3;2.1;2.1;2.1;2.1;;;2.4;2.5;2.6;2.6;2.4;2.5;;
2630;Totaal mannen en vrouwen;0;0;6;Één jaar na afstuderen;8;Cohort 1999/'00;1.8;1.9;1.8;1.9;1.8;1.9;;;2.0;2.2;;;1.9;2.2;3.8;
2631;Totaal mannen en vrouwen;0;0;6;Één jaar na afstuderen;8;Cohort 2000/'01;1.8;2.2;1.8;2.1;1.8;2.1;;;2.1;2.6;;;1.7;2.3;4.5;4.1
2632;Totaal mannen en vrouwen;0;0;6;Één jaar na afstuderen;8;Cohort 2001/'02;1.7;2.1;1.7;2.0;1.7;2.0;2.5;2.5;1.9;2.2;;;1.9;2.2;;
2633;Totaal mannen en vrouwen;0;0;6;Één jaar na afstuderen;8;Cohort 2002/'03;1.7;2.0;1.7;1.9;1.7;1.9;;;1.9;2.2;;;1.9;2.2;2.1;
2634;Totaal mannen en vrouwen;0;0;6;Één jaar na afstuderen;8;Cohort 2003/'04;1.8;2.2;1.8;2.2;1.8;2.2;;;2.0;2.4;2.2;;2.0;2.4;;
2635;Totaal mannen en vrouwen;0;0;6;Één jaar na afstuderen;9;Cohort 1999/'00;2.3;2.5;2.0;2.2;2.0;2.2;;;2.6;2.7;;;2.4;2.5;3.8;3.8
2636;Totaal mannen en vrouwen;0;0;6;Één jaar na afstuderen;9;Cohort 2000/'01;2.4;2.5;1.8;1.9;1.8;1.9;;;2.9;2.9;;;2.6;2.6;4.2;4.2
2637;Totaal mannen en vrouwen;0;0;6;Één jaar na afstuderen;9;Cohort 2001/'02;2.3;2.5;2.1;2.2;2.1;2.2;;;2.5;2.7;;;2.4;2.6;3.6;3.6
2638;Totaal mannen en vrouwen;0;0;6;Één jaar na afstuderen;9;Cohort 2002/'03;2.2;2.3;1.8;1.9;1.8;1.9;;;2.6;2.7;;;2.3;2.3;4.1;4.1
2639;Totaal mannen en vrouwen;0;0;6;Één jaar na afstuderen;9;Cohort 2003/'04;2.3;2.4;2.1;2.2;2.1;2.2;;;2.5;2.6;3.8;3.8;2.3;2.5;4.7;
2640;Totaal mannen en vrouwen;0;0;6;Één jaar na afstuderen;M Onderwijs;Cohort 1999/'00;1.9;2.0;2.0;2.1;2.0;2.1;;;1.7;1.6;;;1.7;1.6;1.6;1.6
2641;Totaal mannen en vrouwen;0;0;6;Één jaar na afstuderen;M Onderwijs;Cohort 2000/'01;2.0;2.1;2.1;2.2;2.1;2.2;;;2.0;2.0;;;2.0;2.0;1.6;1.6
2642;Totaal mannen en vrouwen;0;0;6;Één jaar na afstuderen;M Onderwijs;Cohort 2001/'02;2.1;2.3;2.1;2.3;2.1;2.3;1.5;1.5;2.1;2.2;;;2.1;2.2;1.8;1.8
2643;Totaal mannen en vrouwen;0;0;6;Één jaar na afstuderen;M Onderwijs;Cohort 2002/'03;2.2;2.5;2.2;2.4;2.2;2.4;;;2.2;2.7;;;2.2;2.7;;
2644;Totaal mannen en vrouwen;0;0;6;Één jaar na afstuderen;M Onderwijs;Cohort 2003/'04;2.0;2.2;2.0;2.2;2.0;2.2;;;2.1;2.2;2.5;2.5;2.1;2.2;;
2645;Totaal mannen en vrouwen;0;0;6;Één jaar na afstuderen;N Gezondheids- en welzijnszorg;Cohort 1999/'00;2.2;2.6;1.9;2.1;1.9;2.1;;;2.7;2.9;;;2.3;2.8;2.9;2.9
2646;Totaal mannen en vrouwen;0;0;6;Één jaar na afstuderen;N Gezondheids- en welzijnszorg;Cohort 2000/'01;2.2;2.8;1.8;2.1;1.8;2.1;;;3.0;3.6;;;2.0;3.0;3.3;3.6
2647;Totaal mannen en vrouwen;0;0;6;Één jaar na afstuderen;N Gezondheids- en welzijnszorg;Cohort 2001/'02;2.2;2.6;1.9;2.1;1.9;2.1;;;2.8;3.2;;;1.8;2.0;3.3;3.5
2648;Totaal mannen en vrouwen;0;0;6;Één jaar na afstuderen;N Gezondheids- en welzijnszorg;Cohort 2002/'03;2.1;2.7;1.8;2.2;1.8;2.2;;;2.7;3.0;;;2.0;2.4;3.3;3.3
2649;Totaal mannen en vrouwen;0;0;6;Één jaar na afstuderen;N Gezondheids- en welzijnszorg;Cohort 2003/'04;2.1;2.6;1.9;2.3;1.9;2.3;;;2.7;3.1;;;1.8;2.3;3.1;3.2
2650;Totaal mannen en vrouwen;0;0;6;Één jaar na afstuderen;9000e Milieu, cultuur, recreatie en ..;Cohort 1999/'00;1.9;1.9;1.8;1.8;1.8;1.8;;;2.0;2.1;;;2.0;2.1;2.1;2.1
2651;Totaal mannen en vrouwen;0;0;6;Één jaar na afstuderen;9000e Milieu, cultuur, recreatie en ..;Cohort 2000/'01;2.0;2.1;1.7;1.8;1.7;1.8;;;2.2;2.2;;;2.2;2.2;2.2;2.2
2652;Totaal mannen en vrouwen;0;0;6;Één jaar na afstuderen;9000e Milieu, cultuur, recreatie en ..;Cohort 2001/'02;2.1;2.2;2.1;2.1;2.1;2.1;;;2.2;2.4;;;1.8;2.0;2.5;2.5
2653;Totaal mannen en vrouwen;0;0;6;Één jaar na afstuderen;9000e Milieu, cultuur, recreatie en ..;Cohort 2002/'03;2.0;2.3;1.6;2.0;1.6;2.0;;;2.3;2.4;;;2.1;2.2;2.6;2.6
2654;Totaal mannen en vrouwen;0;0;6;Één jaar na afstuderen;9000e Milieu, cultuur, recreatie en ..;Cohort 2003/'04;2.0;2.3;1.8;2.4;1.8;2.4;;;2.2;2.3;2.4;2.4;2.3;2.4;2.1;2.1
2655;Totaal mannen en vrouwen;0;0;6;Één jaar na afstuderen;Onbekend;Cohort 1999/'00;;;;;;;;;;;;;;;;
2656;Totaal mannen en vrouwen;0;0;6;Één jaar na afstuderen;Onbekend;Cohort 2000/'01;;;;;;;;;;;;;;;;
2657;Totaal mannen en vrouwen;0;0;6;Één jaar na afstuderen;Onbekend;Cohort 2001/'02;4.9;4.9;;;;;;;4.9;4.9;;;;;4.9;4.9
2658;Totaal mannen en vrouwen;0;0;6;Één jaar na afstuderen;Onbekend;Cohort 2002/'03;2.4;2.4;2.8;2.8;2.8;2.8;;;2.1;2.1;;;2.1;2.1;;
2659;Totaal mannen en vrouwen;0;0;6;Één jaar na afstuderen;Onbekend;Cohort 2003/'04;;;;;;;;;;;;;;;;
2660;Totaal mannen en vrouwen;0;0;6;Twee jaar na afstuderen;0;Cohort 1999/'00;2.4;2.5;2.2;2.4;2.2;2.4;1.7;1.7;2.7;2.8;;;2.6;2.7;3.3;3.3
2661;Totaal mannen en vrouwen;0;0;6;Twee jaar na afstuderen;0;Cohort 2000/'01;2.4;2.5;2.2;2.3;2.2;2.3;0.5;;2.7;2.9;;;2.6;2.8;3.3;3.3
2662;Totaal mannen en vrouwen;0;0;6;Twee jaar na afstuderen;0;Cohort 2001/'02;2.3;2.5;2.2;2.3;2.2;2.3;1.8;1.4;2.6;2.7;4.2;4.2;2.5;2.6;3.0;2.9
2663;Totaal mannen en vrouwen;0;0;6;Twee jaar na afstuderen;0;Cohort 2002/'03;2.3;2.5;2.1;2.3;2.1;2.3;;;2.7;2.9;;;2.6;2.7;3.2;3.4
2664;Totaal mannen en vrouwen;0;0;6;Twee jaar na afstuderen;0;Cohort 2003/'04;2.5;2.8;2.3;2.6;2.3;2.6;;;2.9;3.2;2.8;3.2;2.8;3.1;3.2;3.3
2665;Totaal mannen en vrouwen;0;0;6;Twee jaar na afstuderen;1;Cohort 1999/'00;;;;;;;;;;;;;;;;
2666;Totaal mannen en vrouwen;0;0;6;Twee jaar na afstuderen;1;Cohort 2000/'01;;;;;;;;;;;;;;;;
2667;Totaal mannen en vrouwen;0;0;6;Twee jaar na afstuderen;1;Cohort 2001/'02;;;;;;;;;;;;;;;;
2668;Totaal mannen en vrouwen;0;0;6;Twee jaar na afstuderen;1;Cohort 2002/'03;;;;;;;;;;;;;;;;
2669;Totaal mannen en vrouwen;0;0;6;Twee jaar na afstuderen;1;Cohort 2003/'04;3.0;;3.0;;3.0;;;;;;;;;;;
2670;Totaal mannen en vrouwen;0;0;6;Twee jaar na afstuderen;2;Cohort 1999/'00;2.7;2.7;2.6;2.6;2.6;2.6;;;3.2;3.2;;;3.2;3.2;;
2671;Totaal mannen en vrouwen;0;0;6;Twee jaar na afstuderen;2;Cohort 2000/'01;2.6;2.7;2.3;2.5;2.3;2.5;;;3.8;3.8;;;3.8;3.8;;
2672;Totaal mannen en vrouwen;0;0;6;Twee jaar na afstuderen;2;Cohort 2001/'02;2.5;2.6;2.4;2.5;2.4;2.5;;;2.8;2.8;;;2.8;2.8;;
2673;Totaal mannen en vrouwen;0;0;6;Twee jaar na afstuderen;2;Cohort 2002/'03;2.2;2.3;2.2;2.3;2.2;2.3;;;2.3;2.5;;;2.3;2.5;;
2674;Totaal mannen en vrouwen;0;0;6;Twee jaar na afstuderen;2;Cohort 2003/'04;2.8;2.9;2.6;2.7;2.6;2.7;;;3.6;3.6;;;3.6;3.6;;
2675;Totaal mannen en vrouwen;0;0;6;Twee jaar na afstuderen;3;Cohort 1999/'00;2.4;2.6;2.1;2.2;2.2;2.2;1.7;1.7;3.2;3.5;;;3.1;3.1;3.2;4.0
2676;Totaal mannen en vrouwen;0;0;6;Twee jaar na afstuderen;3;Cohort 2000/'01;2.4;2.5;2.3;2.4;2.3;2.4;;;2.6;2.7;;;2.6;2.8;2.5;2.5
2677;Totaal mannen en vrouwen;0;0;6;Twee jaar na afstuderen;3;Cohort 2001/'02;2.1;2.2;1.8;2.0;1.8;2.0;1.7;;2.6;2.6;;;2.4;2.4;2.9;2.8
2678;Totaal mannen en vrouwen;0;0;6;Twee jaar na afstuderen;3;Cohort 2002/'03;1.8;2.2;1.9;2.2;1.9;2.2;;;1.8;2.3;;;1.6;2.3;2.4;
2679;Totaal mannen en vrouwen;0;0;6;Twee jaar na afstuderen;3;Cohort 2003/'04;2.2;2.5;2.1;2.4;2.1;2.4;;;2.4;2.7;;;2.1;2.4;3.1;3.2
2680;Totaal mannen en vrouwen;0;0;6;Twee jaar na afstuderen;4;Cohort 1999/'00;1.5;1.8;1.5;1.8;1.5;1.8;;;;;;;;;;
2681;Totaal mannen en vrouwen;0;0;6;Twee jaar na afstuderen;4;Cohort 2000/'01;1.7;2.0;1.7;2.0;1.7;2.0;;;;;;;;;;
2682;Totaal mannen en vrouwen;0;0;6;Twee jaar na afstuderen;4;Cohort 2001/'02;1.9;2.2;2.2;2.2;2.2;2.2;;;0.8;;;;;;0.8;
2683;Totaal mannen en vrouwen;0;0;6;Twee jaar na afstuderen;4;Cohort 2002/'03;1.8;2.5;1.8;2.5;1.8;2.5;;;1.2;;;;1.2;;;
2684;Totaal mannen en vrouwen;0;0;6;Twee jaar na afstuderen;4;Cohort 2003/'04;2.0;2.3;1.8;2.1;1.8;2.1;;;2.8;2.8;;;2.8;2.8;;
2685;Totaal mannen en vrouwen;0;0;6;Twee jaar na afstuderen;5;Cohort 1999/'00;2.7;2.7;2.7;2.7;2.7;2.7;;;2.6;2.6;;;2.6;2.6;;
2686;Totaal mannen en vrouwen;0;0;6;Twee jaar na afstuderen;5;Cohort 2000/'01;2.6;2.7;2.2;2.4;2.2;2.4;;;3.3;3.3;;;3.3;3.3;;
2687;Totaal mannen en vrouwen;0;0;6;Twee jaar na afstuderen;5;Cohort 2001/'02;2.4;2.5;2.2;2.3;2.2;2.3;;;3.2;3.2;;;3.2;3.2;;
2688;Totaal mannen en vrouwen;0;0;6;Twee jaar na afstuderen;5;Cohort 2002/'03;2.0;2.2;2.1;2.3;2.1;2.3;;;1.3;2.2;;;1.3;2.2;;
2689;Totaal mannen en vrouwen;0;0;6;Twee jaar na afstuderen;5;Cohort 2003/'04;2.6;2.7;2.6;2.7;2.6;2.7;;;3.1;;;;3.1;;;
2690;Totaal mannen en vrouwen;0;0;6;Twee jaar na afstuderen;6;Cohort 1999/'00;2.7;2.7;2.4;2.5;2.4;2.5;;;3.1;3.3;;;3.1;3.3;;
2691;Totaal mannen en vrouwen;0;0;6;Twee jaar na afstuderen;6;Cohort 2000/'01;2.6;2.6;2.4;2.4;2.4;2.4;;;3.0;2.9;;;3.0;2.9;2.6;
2692;Totaal mannen en vrouwen;0;0;6;Twee jaar na afstuderen;6;Cohort 2001/'02;2.6;2.7;2.4;2.5;2.4;2.5;;;3.2;3.4;4.2;4.2;3.0;3.2;;
2693;Totaal mannen en vrouwen;0;0;6;Twee jaar na afstuderen;6;Cohort 2002/'03;2.8;2.8;2.5;2.6;2.5;2.6;;;3.3;3.2;;;3.3;3.2;;
2694;Totaal mannen en vrouwen;0;0;6;Twee jaar na afstuderen;6;Cohort 2003/'04;3.0;3.1;2.6;2.6;2.6;2.6;;;4.3;4.6;;;4.3;4.6;;
2695;Totaal mannen en vrouwen;0;0;6;Twee jaar na afstuderen;7;Cohort 1999/'00;2.4;2.4;2.3;2.3;2.3;2.3;;;2.6;2.7;;;2.6;2.7;2.5;2.5
2696;Totaal mannen en vrouwen;0;0;6;Twee jaar na afstuderen;7;Cohort 2000/'01;2.4;2.5;2.3;2.3;2.3;2.3;;;2.6;2.7;;;2.6;2.7;2.7;2.7
2697;Totaal mannen en vrouwen;0;0;6;Twee jaar na afstuderen;7;Cohort 2001/'02;2.4;2.5;2.3;2.4;2.3;2.4;2.2;;2.6;2.6;;;2.6;2.6;;
2698;Totaal mannen en vrouwen;0;0;6;Twee jaar na afstuderen;7;Cohort 2002/'03;2.3;2.4;2.2;2.3;2.2;2.3;;;2.6;2.7;;;2.6;2.7;3.2;3.2
2699;Totaal mannen en vrouwen;0;0;6;Twee jaar na afstuderen;7;Cohort 2003/'04;2.7;2.8;2.6;2.7;2.6;2.7;;;3.0;3.1;2.6;2.6;3.0;3.1;;
2700;Totaal mannen en vrouwen;0;0;6;Twee jaar na afstuderen;8;Cohort 1999/'00;2.1;2.3;2.0;2.2;2.0;2.2;;;2.3;2.6;;;2.3;2.6;;
2701;Totaal mannen en vrouwen;0;0;6;Twee jaar na afstuderen;8;Cohort 2000/'01;2.1;2.3;2.0;2.4;2.0;2.4;;;2.1;2.3;;;2.1;2.3;;
2702;Totaal mannen en vrouwen;0;0;6;Twee jaar na afstuderen;8;Cohort 2001/'02;1.9;2.2;1.9;2.2;1.9;2.2;;;1.8;2.0;;;1.8;2.0;;
2703;Totaal mannen en vrouwen;0;0;6;Twee jaar na afstuderen;8;Cohort 2002/'03;1.8;2.2;1.8;2.2;1.8;2.2;;;2.0;2.3;;;2.0;2.3;;
2704;Totaal mannen en vrouwen;0;0;6;Twee jaar na afstuderen;8;Cohort 2003/'04;2.1;2.6;2.1;2.5;2.1;2.5;;;2.2;2.9;2.0;;2.2;2.9;;
2705;Totaal mannen en vrouwen;0;0;6;Twee jaar na afstuderen;9;Cohort 1999/'00;2.6;2.6;2.2;2.3;2.2;2.3;;;3.0;2.9;;;2.7;2.7;4.2;4.2
2706;Totaal mannen en vrouwen;0;0;6;Twee jaar na afstuderen;9;Cohort 2000/'01;2.8;2.9;2.2;2.2;2.2;2.2;;;3.3;3.4;;;2.9;3.1;4.8;5.3
2707;Totaal mannen en vrouwen;0;0;6;Twee jaar na afstuderen;9;Cohort 2001/'02;2.5;2.6;2.1;2.2;2.1;2.2;;;2.8;2.9;;;2.7;2.8;4.4;4.4
2708;Totaal mannen en vrouwen;0;0;6;Twee jaar na afstuderen;9;Cohort 2002/'03;3.1;2.7;2.2;2.3;2.2;2.3;;;3.9;3.0;;;3.8;2.7;4.2;4.2
2709;Totaal mannen en vrouwen;0;0;6;Twee jaar na afstuderen;9;Cohort 2003/'04;2.7;2.7;2.3;2.4;2.3;2.4;;;3.0;3.0;3.8;3.8;2.8;2.8;5.3;5.3
2710;Totaal mannen en vrouwen;0;0;6;Twee jaar na afstuderen;M Onderwijs;Cohort 1999/'00;2.1;2.2;2.1;2.3;2.1;2.3;;;2.2;2.2;;;2.2;2.2;2.4;2.4
2711;Totaal mannen en vrouwen;0;0;6;Twee jaar na afstuderen;M Onderwijs;Cohort 2000/'01;2.1;2.4;2.1;2.4;2.1;2.4;0.5;;2.1;2.3;;;2.1;2.3;1.9;1.9
2712;Totaal mannen en vrouwen;0;0;6;Twee jaar na afstuderen;M Onderwijs;Cohort 2001/'02;2.2;2.4;2.2;2.4;2.2;2.4;1.6;;2.2;2.3;;;2.2;2.4;2.1;2.1
2713;Totaal mannen en vrouwen;0;0;6;Twee jaar na afstuderen;M Onderwijs;Cohort 2002/'03;2.3;2.5;2.3;2.5;2.3;2.5;;;2.1;2.6;;;2.1;2.6;;
2714;Totaal mannen en vrouwen;0;0;6;Twee jaar na afstuderen;M Onderwijs;Cohort 2003/'04;2.2;2.5;2.1;2.5;2.1;2.5;;;2.6;2.6;;;2.6;2.6;;
2715;Totaal mannen en vrouwen;0;0;6;Twee jaar na afstuderen;N Gezondheids- en welzijnszorg;Cohort 1999/'00;2.5;2.9;2.0;2.4;2.0;2.4;;;3.1;3.2;;;2.5;3.0;3.4;3.3
2716;Totaal mannen en vrouwen;0;0;6;Twee jaar na afstuderen;N Gezondheids- en welzijnszorg;Cohort 2000/'01;2.4;2.8;2.0;2.3;2.0;2.3;;;2.9;3.3;;;2.1;2.1;3.4;3.6
2717;Totaal mannen en vrouwen;0;0;6;Twee jaar na afstuderen;N Gezondheids- en welzijnszorg;Cohort 2001/'02;2.4;2.6;2.2;2.4;2.2;2.4;;;3.1;3.1;;;2.2;2.4;3.3;3.2
2718;Totaal mannen en vrouwen;0;0;6;Twee jaar na afstuderen;N Gezondheids- en welzijnszorg;Cohort 2002/'03;2.3;2.7;2.1;2.3;2.1;2.3;;;2.8;3.1;;;2.3;2.7;3.3;3.4
2719;Totaal mannen en vrouwen;0;0;6;Twee jaar na afstuderen;N Gezondheids- en welzijnszorg;Cohort 2003/'04;2.3;2.7;2.1;2.4;2.1;2.4;;;2.9;3.1;;;2.5;2.9;3.2;3.2
2720;Totaal mannen en vrouwen;0;0;6;Twee jaar na afstuderen;9000e Milieu, cultuur, recreatie en ..;Cohort 1999/'00;2.1;2.3;2.1;2.2;2.1;2.2;;;2.2;2.3;;;2.1;2.4;2.3;2.3
2721;Totaal mannen en vrouwen;0;0;6;Twee jaar na afstuderen;9000e Milieu, cultuur, recreatie en ..;Cohort 2000/'01;2.1;2.2;2.1;2.3;2.1;2.3;;;2.1;2.2;;;1.9;2.1;2.4;2.4
2722;Totaal mannen en vrouwen;0;0;6;Twee jaar na afstuderen;9000e Milieu, cultuur, recreatie en ..;Cohort 2001/'02;2.1;2.4;2.0;2.4;2.0;2.5;1.4;1.4;2.4;2.4;;;2.2;2.2;2.4;2.4
2723;Totaal mannen en vrouwen;0;0;6;Twee jaar na afstuderen;9000e Milieu, cultuur, recreatie en ..;Cohort 2002/'03;2.3;2.5;1.9;2.3;1.9;2.3;;;2.7;2.7;;;2.6;2.6;2.8;2.8
2724;Totaal mannen en vrouwen;0;0;6;Twee jaar na afstuderen;9000e Milieu, cultuur, recreatie en ..;Cohort 2003/'04;2.6;3.1;2.6;3.1;2.6;3.1;;;2.6;3.0;2.7;;2.2;2.5;3.3;3.4
2725;Totaal mannen en vrouwen;0;0;6;Twee jaar na afstuderen;Onbekend;Cohort 1999/'00;2.6;2.6;;;;;;;2.6;2.6;;;2.6;2.6;;
2726;Totaal mannen en vrouwen;0;0;6;Twee jaar na afstuderen;Onbekend;Cohort 2000/'01;;;;;;;;;;;;;;;;
2727;Totaal mannen en vrouwen;0;0;6;Twee jaar na afstuderen;Onbekend;Cohort 2001/'02;;;;;;;;;;;;;;;;
2728;Totaal mannen en vrouwen;0;0;6;Twee jaar na afstuderen;Onbekend;Cohort 2002/'03;2.5;2.5;;;;;;;2.5;2.5;;;2.5;2.5;;
2729;Totaal mannen en vrouwen;0;0;6;Twee jaar na afstuderen;Onbekend;Cohort 2003/'04;2.0;;;;;;;;2.0;;;;;;2.0;
2730;Totaal mannen en vrouwen;0;0;6;Drie jaar na afstuderen;0;Cohort 1999/'00;2.5;2.7;2.4;2.5;2.4;2.5;1.8;1.8;2.9;3.1;;;2.8;3.0;3.4;3.4
2731;Totaal mannen en vrouwen;0;0;6;Drie jaar na afstuderen;0;Cohort 2000/'01;2.5;2.7;2.3;2.5;2.3;2.5;;;2.9;3.1;;;2.8;3.1;3.4;3.3
2732;Totaal mannen en vrouwen;0;0;6;Drie jaar na afstuderen;0;Cohort 2001/'02;2.5;2.7;2.3;2.5;2.3;2.5;1.9;2.4;2.9;3.0;4.6;4.6;2.8;3.0;3.1;3.1
2733;Totaal mannen en vrouwen;0;0;6;Drie jaar na afstuderen;0;Cohort 2002/'03;2.6;2.9;2.5;2.7;2.5;2.7;;;3.0;3.2;;;2.8;3.1;3.6;3.6
2734;Totaal mannen en vrouwen;0;0;6;Drie jaar na afstuderen;0;Cohort 2003/'04;2.8;3.1;2.7;2.9;2.7;2.9;;;3.3;3.5;3.3;3.4;3.2;3.4;3.6;3.6
2735;Totaal mannen en vrouwen;0;0;6;Drie jaar na afstuderen;1;Cohort 1999/'00;;;;;;;;;;;;;;;;
2736;Totaal mannen en vrouwen;0;0;6;Drie jaar na afstuderen;1;Cohort 2000/'01;;;;;;;;;;;;;;;;
2737;Totaal mannen en vrouwen;0;0;6;Drie jaar na afstuderen;1;Cohort 2001/'02;;;;;;;;;;;;;;;;
2738;Totaal mannen en vrouwen;0;0;6;Drie jaar na afstuderen;1;Cohort 2002/'03;;;;;;;;;;;;;;;;
2739;Totaal mannen en vrouwen;0;0;6;Drie jaar na afstuderen;1;Cohort 2003/'04;3.1;3.1;3.1;3.1;3.1;3.1;;;;;;;;;;
2740;Totaal mannen en vrouwen;0;0;6;Drie jaar na afstuderen;2;Cohort 1999/'00;2.7;2.8;2.5;2.6;2.5;2.6;;;3.5;3.5;;;3.5;3.5;;
2741;Totaal mannen en vrouwen;0;0;6;Drie jaar na afstuderen;2;Cohort 2000/'01;2.8;2.9;2.3;2.3;2.3;2.3;;;3.7;4.1;;;3.7;4.1;;
2742;Totaal mannen en vrouwen;0;0;6;Drie jaar na afstuderen;2;Cohort 2001/'02;2.7;2.8;2.5;2.6;2.5;2.6;;;3.7;3.7;;;3.7;3.7;;
2743;Totaal mannen en vrouwen;0;0;6;Drie jaar na afstuderen;2;Cohort 2002/'03;2.5;2.6;2.5;2.5;2.5;2.5;;;2.7;3.2;;;2.7;3.2;;
2744;Totaal mannen en vrouwen;0;0;6;Drie jaar na afstuderen;2;Cohort 2003/'04;3.0;3.1;2.9;3.0;2.9;3.0;;;3.3;3.3;;;3.3;3.3;;
2745;Totaal mannen en vrouwen;0;0;6;Drie jaar na afstuderen;3;Cohort 1999/'00;2.4;2.5;2.2;2.2;2.2;2.2;1.8;1.8;3.3;3.3;;;2.8;2.8;3.9;3.9
2746;Totaal mannen en vrouwen;0;0;6;Drie jaar na afstuderen;3;Cohort 2000/'01;2.6;2.7;2.5;2.7;2.5;2.7;;;2.8;2.8;;;2.8;2.9;2.8;2.6
2747;Totaal mannen en vrouwen;0;0;6;Drie jaar na afstuderen;3;Cohort 2001/'02;2.4;2.4;2.1;2.2;2.2;2.2;1.4;;2.9;2.8;;;2.6;2.6;3.5;3.4
2748;Totaal mannen en vrouwen;0;0;6;Drie jaar na afstuderen;3;Cohort 2002/'03;2.4;2.5;2.3;2.4;2.3;2.4;;;2.8;2.8;;;2.7;2.7;3.4;3.2
2749;Totaal mannen en vrouwen;0;0;6;Drie jaar na afstuderen;3;Cohort 2003/'04;2.9;3.0;2.7;2.9;2.7;2.9;;;3.2;3.3;;;2.8;2.9;4.1;4.3
2750;Totaal mannen en vrouwen;0;0;6;Drie jaar na afstuderen;4;Cohort 1999/'00;2.0;2.0;2.0;2.0;2.0;2.0;;;;;;;;;;
2751;Totaal mannen en vrouwen;0;0;6;Drie jaar na afstuderen;4;Cohort 2000/'01;2.1;2.1;2.1;2.1;2.1;2.1;;;;;;;;;;
2752;Totaal mannen en vrouwen;0;0;6;Drie jaar na afstuderen;4;Cohort 2001/'02;1.7;2.2;1.7;2.2;1.7;2.2;;;;;;;;;;
2753;Totaal mannen en vrouwen;0;0;6;Drie jaar na afstuderen;4;Cohort 2002/'03;1.9;2.8;2.0;2.8;2.0;2.8;;;1.3;;;;1.3;;;
2754;Totaal mannen en vrouwen;0;0;6;Drie jaar na afstuderen;4;Cohort 2003/'04;2.4;2.4;2.3;2.2;2.3;2.2;;;2.9;2.9;;;2.9;2.9;;
2755;Totaal mannen en vrouwen;0;0;6;Drie jaar na afstuderen;5;Cohort 1999/'00;2.7;2.8;2.7;2.7;2.7;2.7;;;2.9;2.9;;;2.9;2.9;;
2756;Totaal mannen en vrouwen;0;0;6;Drie jaar na afstuderen;5;Cohort 2000/'01;2.7;2.9;2.4;2.6;2.4;2.6;;;3.5;3.8;;;3.5;3.8;;
2757;Totaal mannen en vrouwen;0;0;6;Drie jaar na afstuderen;5;Cohort 2001/'02;2.7;2.8;2.4;2.5;2.4;2.5;;;3.8;3.8;;;3.8;3.8;;
2758;Totaal mannen en vrouwen;0;0;6;Drie jaar na afstuderen;5;Cohort 2002/'03;3.2;3.6;3.4;3.7;3.4;3.7;;;2.3;3.0;;;2.3;3.0;;
2759;Totaal mannen en vrouwen;0;0;6;Drie jaar na afstuderen;5;Cohort 2003/'04;2.6;3.1;2.6;3.0;2.6;3.0;;;3.5;3.5;;;3.5;3.5;;
2760;Totaal mannen en vrouwen;0;0;6;Drie jaar na afstuderen;6;Cohort 1999/'00;2.8;2.9;2.6;2.7;2.6;2.7;;;3.1;3.4;;;3.1;3.4;;
2761;Totaal mannen en vrouwen;0;0;6;Drie jaar na afstuderen;6;Cohort 2000/'01;2.9;2.9;2.6;2.7;2.6;2.7;;;3.4;3.4;;;3.4;3.4;;
2762;Totaal mannen en vrouwen;0;0;6;Drie jaar na afstuderen;6;Cohort 2001/'02;2.9;3.0;2.7;2.8;2.7;2.8;;;3.5;3.8;4.6;4.6;3.4;3.6;;
2763;Totaal mannen en vrouwen;0;0;6;Drie jaar na afstuderen;6;Cohort 2002/'03;3.1;3.1;2.7;2.8;2.7;2.8;;;3.9;3.8;;;3.9;3.8;;
2764;Totaal mannen en vrouwen;0;0;6;Drie jaar na afstuderen;6;Cohort 2003/'04;3.3;3.4;2.9;3.0;2.9;3.0;;;4.2;4.4;;;4.2;4.4;;
2765;Totaal mannen en vrouwen;0;0;6;Drie jaar na afstuderen;7;Cohort 1999/'00;2.7;2.7;2.5;2.5;2.5;2.5;;;3.0;3.1;;;3.0;3.1;2.9;2.9
2766;Totaal mannen en vrouwen;0;0;6;Drie jaar na afstuderen;7;Cohort 2000/'01;2.5;2.7;2.4;2.5;2.4;2.5;;;2.9;3.1;;;2.8;3.0;3.3;3.5
2767;Totaal mannen en vrouwen;0;0;6;Drie jaar na afstuderen;7;Cohort 2001/'02;2.6;2.7;2.5;2.6;2.5;2.6;2.5;;2.9;3.0;;;2.9;3.0;;
2768;Totaal mannen en vrouwen;0;0;6;Drie jaar na afstuderen;7;Cohort 2002/'03;2.8;2.9;2.7;2.7;2.7;2.7;;;3.1;3.2;;;3.1;3.2;;
2769;Totaal mannen en vrouwen;0;0;6;Drie jaar na afstuderen;7;Cohort 2003/'04;3.1;3.2;3.0;3.1;3.0;3.1;;;3.3;3.5;2.7;2.7;3.3;3.5;;
2770;Totaal mannen en vrouwen;0;0;6;Drie jaar na afstuderen;8;Cohort 1999/'00;2.3;2.5;2.2;2.3;2.2;2.3;;;2.8;3.7;;;2.5;3.1;5.4;5.4
2771;Totaal mannen en vrouwen;0;0;6;Drie jaar na afstuderen;8;Cohort 2000/'01;2.3;2.6;2.2;2.6;2.2;2.6;;;2.4;2.5;;;2.4;2.5;;
2772;Totaal mannen en vrouwen;0;0;6;Drie jaar na afstuderen;8;Cohort 2001/'02;2.1;2.3;2.1;2.4;2.1;2.4;;;2.1;2.2;;;2.1;2.2;;
2773;Totaal mannen en vrouwen;0;0;6;Drie jaar na afstuderen;8;Cohort 2002/'03;2.3;2.8;2.3;2.8;2.3;2.8;;;2.3;3.3;;;2.0;2.9;4.2;4.2
2774;Totaal mannen en vrouwen;0;0;6;Drie jaar na afstuderen;8;Cohort 2003/'04;2.6;2.9;2.5;2.8;2.5;2.8;;;3.0;3.1;3.5;3.5;3.0;3.1;;
2775;Totaal mannen en vrouwen;0;0;6;Drie jaar na afstuderen;9;Cohort 1999/'00;2.7;2.8;2.4;2.5;2.4;2.5;;;3.0;3.1;;;2.8;3.0;4.1;4.2
2776;Totaal mannen en vrouwen;0;0;6;Drie jaar na afstuderen;9;Cohort 2000/'01;2.7;2.9;2.2;2.4;2.2;2.4;;;3.3;3.3;;;3.1;3.2;4.5;4.5
2777;Totaal mannen en vrouwen;0;0;6;Drie jaar na afstuderen;9;Cohort 2001/'02;2.6;2.7;2.3;2.3;2.3;2.3;;;2.9;3.1;;;2.9;3.1;4.6;4.6
2778;Totaal mannen en vrouwen;0;0;6;Drie jaar na afstuderen;9;Cohort 2002/'03;2.9;3.0;2.9;3.0;2.9;3.0;;;3.0;3.1;;;2.7;2.8;4.8;4.8
2779;Totaal mannen en vrouwen;0;0;6;Drie jaar na afstuderen;9;Cohort 2003/'04;2.8;2.9;2.5;2.6;2.5;2.6;;;3.2;3.2;3.7;3.7;3.0;3.1;4.0;4.6
2780;Totaal mannen en vrouwen;0;0;6;Drie jaar na afstuderen;M Onderwijs;Cohort 1999/'00;2.2;2.4;2.2;2.4;2.2;2.4;;;2.2;2.5;;;2.1;2.5;3.2;
2781;Totaal mannen en vrouwen;0;0;6;Drie jaar na afstuderen;M Onderwijs;Cohort 2000/'01;2.3;2.5;2.3;2.5;2.3;2.5;;;2.2;2.4;;;2.2;2.4;2.4;2.4
2782;Totaal mannen en vrouwen;0;0;6;Drie jaar na afstuderen;M Onderwijs;Cohort 2001/'02;2.3;2.5;2.3;2.5;2.3;2.5;2.4;2.4;2.1;2.5;;;2.1;2.5;2.4;2.4
2783;Totaal mannen en vrouwen;0;0;6;Drie jaar na afstuderen;M Onderwijs;Cohort 2002/'03;2.3;2.7;2.3;2.6;2.3;2.6;;;2.5;3.0;;;2.5;3.0;;
2784;Totaal mannen en vrouwen;0;0;6;Drie jaar na afstuderen;M Onderwijs;Cohort 2003/'04;2.4;2.7;2.3;2.6;2.3;2.6;;;2.8;3.1;;;2.8;3.1;;
2785;Totaal mannen en vrouwen;0;0;6;Drie jaar na afstuderen;N Gezondheids- en welzijnszorg;Cohort 1999/'00;2.6;3.1;2.3;2.8;2.3;2.8;;;3.2;3.4;;;2.5;2.9;3.5;3.5
2786;Totaal mannen en vrouwen;0;0;6;Drie jaar na afstuderen;N Gezondheids- en welzijnszorg;Cohort 2000/'01;2.4;2.8;2.0;2.5;2.0;2.5;;;3.0;3.2;;;2.2;2.3;3.5;3.5
2787;Totaal mannen en vrouwen;0;0;6;Drie jaar na afstuderen;N Gezondheids- en welzijnszorg;Cohort 2001/'02;2.4;2.7;2.1;2.4;2.1;2.4;;;3.0;3.2;;;2.2;2.7;3.3;3.3
2788;Totaal mannen en vrouwen;0;0;6;Drie jaar na afstuderen;N Gezondheids- en welzijnszorg;Cohort 2002/'03;2.5;2.8;2.2;2.4;2.2;2.4;;;3.0;3.2;;;2.5;2.6;3.5;3.4
2789;Totaal mannen en vrouwen;0;0;6;Drie jaar na afstuderen;N Gezondheids- en welzijnszorg;Cohort 2003/'04;2.7;3.1;2.5;2.8;2.5;2.8;;;3.3;3.6;;;3.1;3.6;3.6;3.5
2790;Totaal mannen en vrouwen;0;0;6;Drie jaar na afstuderen;9000e Milieu, cultuur, recreatie en ..;Cohort 1999/'00;2.2;2.4;2.0;2.3;2.0;2.3;;;2.4;2.5;;;2.1;2.4;2.5;2.5
2791;Totaal mannen en vrouwen;0;0;6;Drie jaar na afstuderen;9000e Milieu, cultuur, recreatie en ..;Cohort 2000/'01;2.3;2.5;2.2;2.4;2.2;2.4;;;2.4;2.5;;;2.2;2.4;2.7;2.7
2792;Totaal mannen en vrouwen;0;0;6;Drie jaar na afstuderen;9000e Milieu, cultuur, recreatie en ..;Cohort 2001/'02;2.5;2.6;2.3;2.5;2.4;2.5;1.2;;2.6;2.7;;;2.4;2.4;2.6;2.7
2793;Totaal mannen en vrouwen;0;0;6;Drie jaar na afstuderen;9000e Milieu, cultuur, recreatie en ..;Cohort 2002/'03;2.4;2.7;2.1;2.4;2.1;2.4;;;2.7;3.1;;;2.8;3.3;2.7;2.7
2794;Totaal mannen en vrouwen;0;0;6;Drie jaar na afstuderen;9000e Milieu, cultuur, recreatie en ..;Cohort 2003/'04;2.8;2.7;2.8;2.6;2.8;2.6;;;2.8;2.7;2.8;;2.7;2.8;2.9;2.6
2795;Totaal mannen en vrouwen;0;0;6;Drie jaar na afstuderen;Onbekend;Cohort 1999/'00;0.9;;;;;;;;0.9;;;;0.9;;;
2796;Totaal mannen en vrouwen;0;0;6;Drie jaar na afstuderen;Onbekend;Cohort 2000/'01;;;;;;;;;;;;;;;;
2797;Totaal mannen en vrouwen;0;0;6;Drie jaar na afstuderen;Onbekend;Cohort 2001/'02;5.2;5.2;4.0;4.0;4.0;4.0;;;6.4;6.4;;;6.4;6.4;;
2798;Totaal mannen en vrouwen;0;0;6;Drie jaar na afstuderen;Onbekend;Cohort 2002/'03;;;;;;;;;;;;;;;;
2799;Totaal mannen en vrouwen;0;0;6;Drie jaar na afstuderen;Onbekend;Cohort 2003/'04;;;;;;;;;;;;;;;;
2800;Totaal mannen en vrouwen;0;0;6;Vier jaar na afstuderen;0;Cohort 1999/'00;2.7;3.0;2.5;2.7;2.5;2.7;2.0;;3.2;3.4;;;3.1;3.3;3.5;3.6
2801;Totaal mannen en vrouwen;0;0;6;Vier jaar na afstuderen;0;Cohort 2000/'01;2.7;2.9;2.5;2.7;2.5;2.7;;;3.2;3.4;;;3.0;3.4;3.5;3.5
2802;Totaal mannen en vrouwen;0;0;6;Vier jaar na afstuderen;0;Cohort 2001/'02;2.7;3.0;2.5;2.8;2.5;2.8;2.2;3.1;3.2;3.6;5.4;5.4;3.2;3.5;3.4;3.6
2803;Totaal mannen en vrouwen;0;0;6;Vier jaar na afstuderen;0;Cohort 2002/'03;2.9;3.1;2.6;2.9;2.6;2.9;;;3.4;3.7;;;3.3;3.7;3.8;3.8
2804;Totaal mannen en vrouwen;0;0;6;Vier jaar na afstuderen;0;Cohort 2003/'04;3.1;3.4;2.9;3.2;2.9;3.2;;;3.6;3.8;3.4;3.4;3.6;3.8;3.8;3.7
2805;Totaal mannen en vrouwen;0;0;6;Vier jaar na afstuderen;1;Cohort 1999/'00;;;;;;;;;;;;;;;;
2806;Totaal mannen en vrouwen;0;0;6;Vier jaar na afstuderen;1;Cohort 2000/'01;;;;;;;;;;;;;;;;
2807;Totaal mannen en vrouwen;0;0;6;Vier jaar na afstuderen;1;Cohort 2001/'02;;;;;;;;;;;;;;;;
2808;Totaal mannen en vrouwen;0;0;6;Vier jaar na afstuderen;1;Cohort 2002/'03;;;;;;;;;;;;;;;;
2809;Totaal mannen en vrouwen;0;0;6;Vier jaar na afstuderen;1;Cohort 2003/'04;3.5;3.5;3.5;3.5;3.5;3.5;;;;;;;;;;
2810;Totaal mannen en vrouwen;0;0;6;Vier jaar na afstuderen;2;Cohort 1999/'00;2.9;2.9;2.6;2.7;2.6;2.7;;;3.6;3.6;;;3.6;3.6;;
2811;Totaal mannen en vrouwen;0;0;6;Vier jaar na afstuderen;2;Cohort 2000/'01;2.9;3.0;2.6;2.6;2.6;2.6;;;3.8;4.0;;;3.8;4.0;;
2812;Totaal mannen en vrouwen;0;0;6;Vier jaar na afstuderen;2;Cohort 2001/'02;3.0;3.0;2.8;2.8;2.8;2.8;;;3.9;3.9;;;3.9;3.9;;
2813;Totaal mannen en vrouwen;0;0;6;Vier jaar na afstuderen;2;Cohort 2002/'03;2.7;2.8;2.6;2.7;2.6;2.7;;;3.4;3.7;;;3.4;3.7;;
2814;Totaal mannen en vrouwen;0;0;6;Vier jaar na afstuderen;2;Cohort 2003/'04;3.4;3.5;3.3;3.4;3.3;3.4;;;3.7;3.8;3.2;;3.8;3.8;;
2815;Totaal mannen en vrouwen;0;0;6;Vier jaar na afstuderen;3;Cohort 1999/'00;2.5;2.9;2.2;2.7;2.3;2.7;2.0;;3.4;3.3;;;3.0;3.0;4.3;4.3
2816;Totaal mannen en vrouwen;0;0;6;Vier jaar na afstuderen;3;Cohort 2000/'01;2.7;2.8;2.6;2.8;2.6;2.8;;;2.8;2.9;;;2.8;3.0;2.9;2.6
2817;Totaal mannen en vrouwen;0;0;6;Vier jaar na afstuderen;3;Cohort 2001/'02;2.8;2.8;2.4;2.6;2.4;2.6;3.1;3.1;3.5;3.4;;;3.4;3.4;3.8;3.7
2818;Totaal mannen en vrouwen;0;0;6;Vier jaar na afstuderen;3;Cohort 2002/'03;2.7;2.8;2.6;2.8;2.6;2.8;;;3.3;3.3;;;2.9;3.1;4.0;3.6
2819;Totaal mannen en vrouwen;0;0;6;Vier jaar na afstuderen;3;Cohort 2003/'04;3.5;3.5;3.3;3.3;3.3;3.3;;;3.8;3.9;;;3.5;3.6;4.4;4.6
2820;Totaal mannen en vrouwen;0;0;6;Vier jaar na afstuderen;4;Cohort 1999/'00;1.7;2.1;1.7;2.1;1.7;2.1;;;;;;;;;;
2821;Totaal mannen en vrouwen;0;0;6;Vier jaar na afstuderen;4;Cohort 2000/'01;1.7;1.7;1.7;1.7;1.7;1.7;;;;;;;;;;
2822;Totaal mannen en vrouwen;0;0;6;Vier jaar na afstuderen;4;Cohort 2001/'02;1.9;2.1;1.9;2.1;1.9;2.1;;;;;;;;;;
2823;Totaal mannen en vrouwen;0;0;6;Vier jaar na afstuderen;4;Cohort 2002/'03;2.1;2.8;2.3;2.8;2.3;2.8;;;1.3;;;;1.3;;;
2824;Totaal mannen en vrouwen;0;0;6;Vier jaar na afstuderen;4;Cohort 2003/'04;2.1;2.3;2.1;2.3;2.1;2.3;;;;;;;;;;
2825;Totaal mannen en vrouwen;0;0;6;Vier jaar na afstuderen;5;Cohort 1999/'00;3.0;3.0;2.8;2.9;2.8;2.9;;;3.4;3.4;;;3.4;3.4;;
2826;Totaal mannen en vrouwen;0;0;6;Vier jaar na afstuderen;5;Cohort 2000/'01;2.8;3.1;2.3;2.7;2.3;2.7;;;3.5;3.6;;;3.5;3.6;;
2827;Totaal mannen en vrouwen;0;0;6;Vier jaar na afstuderen;5;Cohort 2001/'02;2.8;2.9;2.6;2.6;2.6;2.6;;;4.2;4.2;;;4.2;4.2;;
2828;Totaal mannen en vrouwen;0;0;6;Vier jaar na afstuderen;5;Cohort 2002/'03;2.8;2.9;2.7;2.8;2.7;2.8;;;3.5;3.9;;;3.5;3.9;;
2829;Totaal mannen en vrouwen;0;0;6;Vier jaar na afstuderen;5;Cohort 2003/'04;2.9;3.1;2.9;3.1;2.9;3.1;;;3.2;3.2;;;3.2;3.2;;
2830;Totaal mannen en vrouwen;0;0;6;Vier jaar na afstuderen;6;Cohort 1999/'00;3.1;3.2;2.7;2.8;2.7;2.8;;;3.7;3.9;;;3.7;3.9;;
2831;Totaal mannen en vrouwen;0;0;6;Vier jaar na afstuderen;6;Cohort 2000/'01;3.2;3.2;2.9;3.0;2.9;3.0;;;3.7;3.7;;;3.7;3.7;;
2832;Totaal mannen en vrouwen;0;0;6;Vier jaar na afstuderen;6;Cohort 2001/'02;3.4;3.6;3.1;3.3;3.1;3.3;;;3.8;4.1;5.4;5.4;3.7;4.0;;
2833;Totaal mannen en vrouwen;0;0;6;Vier jaar na afstuderen;6;Cohort 2002/'03;3.5;3.7;3.0;3.0;3.0;3.0;;;4.4;4.6;;;4.4;4.6;;
2834;Totaal mannen en vrouwen;0;0;6;Vier jaar na afstuderen;6;Cohort 2003/'04;3.7;3.9;3.3;3.5;3.3;3.5;;;4.5;4.7;;;4.5;4.7;;
2835;Totaal mannen en vrouwen;0;0;6;Vier jaar na afstuderen;7;Cohort 1999/'00;3.0;3.0;2.9;2.9;2.9;2.9;;;3.1;3.3;;;3.1;3.3;2.9;2.9
2836;Totaal mannen en vrouwen;0;0;6;Vier jaar na afstuderen;7;Cohort 2000/'01;2.8;3.0;2.6;2.7;2.6;2.7;;;3.3;3.4;;;3.3;3.5;3.0;3.0
2837;Totaal mannen en vrouwen;0;0;6;Vier jaar na afstuderen;7;Cohort 2001/'02;3.0;3.1;2.8;2.8;2.8;2.8;2.3;;3.4;3.6;;;3.4;3.6;2.9;3.4
2838;Totaal mannen en vrouwen;0;0;6;Vier jaar na afstuderen;7;Cohort 2002/'03;3.2;3.3;3.0;3.1;3.0;3.1;;;3.7;3.9;;;3.7;3.9;;
2839;Totaal mannen en vrouwen;0;0;6;Vier jaar na afstuderen;7;Cohort 2003/'04;3.5;3.6;3.3;3.5;3.3;3.5;;;3.7;3.9;3.1;3.1;3.7;3.9;;
2840;Totaal mannen en vrouwen;0;0;6;Vier jaar na afstuderen;8;Cohort 1999/'00;2.3;2.5;2.2;2.4;2.2;2.4;;;2.6;3.0;;;2.4;2.7;5.4;5.4
2841;Totaal mannen en vrouwen;0;0;6;Vier jaar na afstuderen;8;Cohort 2000/'01;2.5;2.7;2.5;2.7;2.5;2.7;;;2.4;3.8;;;2.4;3.8;;
2842;Totaal mannen en vrouwen;0;0;6;Vier jaar na afstuderen;8;Cohort 2001/'02;2.4;2.8;2.4;2.8;2.4;2.8;1.1;;2.2;3.2;;;2.2;3.2;;
2843;Totaal mannen en vrouwen;0;0;6;Vier jaar na afstuderen;8;Cohort 2002/'03;2.5;3.0;2.6;3.0;2.6;3.0;;;2.2;2.8;;;2.2;2.8;;
2844;Totaal mannen en vrouwen;0;0;6;Vier jaar na afstuderen;8;Cohort 2003/'04;2.9;3.3;2.7;3.2;2.7;3.2;;;3.4;3.6;2.7;2.7;3.4;3.7;3.3;
2845;Totaal mannen en vrouwen;0;0;6;Vier jaar na afstuderen;9;Cohort 1999/'00;3.0;3.0;2.6;2.6;2.6;2.6;;;3.3;3.4;;;3.1;3.2;4.2;4.2
2846;Totaal mannen en vrouwen;0;0;6;Vier jaar na afstuderen;9;Cohort 2000/'01;2.9;3.1;2.4;2.6;2.4;2.6;;;3.5;3.6;;;3.3;3.6;4.4;4.0
2847;Totaal mannen en vrouwen;0;0;6;Vier jaar na afstuderen;9;Cohort 2001/'02;2.9;3.1;2.5;2.6;2.5;2.6;;;3.3;3.6;;;3.2;3.5;5.1;5.1
2848;Totaal mannen en vrouwen;0;0;6;Vier jaar na afstuderen;9;Cohort 2002/'03;3.1;3.2;2.8;2.8;2.8;2.8;;;3.4;3.6;;;3.2;3.4;4.8;4.8
2849;Totaal mannen en vrouwen;0;0;6;Vier jaar na afstuderen;9;Cohort 2003/'04;3.1;3.3;2.8;2.9;2.8;2.9;;;3.5;3.6;4.1;4.1;3.4;3.5;4.1;4.9
2850;Totaal mannen en vrouwen;0;0;6;Vier jaar na afstuderen;M Onderwijs;Cohort 1999/'00;2.4;2.7;2.3;2.6;2.3;2.6;;;2.4;2.9;;;2.4;2.9;;
2851;Totaal mannen en vrouwen;0;0;6;Vier jaar na afstuderen;M Onderwijs;Cohort 2000/'01;2.3;2.6;2.3;2.6;2.3;2.6;;;2.3;2.6;;;2.3;2.6;;
2852;Totaal mannen en vrouwen;0;0;6;Vier jaar na afstuderen;M Onderwijs;Cohort 2001/'02;2.4;2.7;2.3;2.6;2.3;2.6;2.4;;2.6;2.8;;;2.6;2.8;2.7;2.7
2853;Totaal mannen en vrouwen;0;0;6;Vier jaar na afstuderen;M Onderwijs;Cohort 2002/'03;2.5;3.0;2.4;2.8;2.4;2.8;;;2.9;3.3;;;2.9;3.3;;
2854;Totaal mannen en vrouwen;0;0;6;Vier jaar na afstuderen;M Onderwijs;Cohort 2003/'04;2.5;2.8;2.4;2.8;2.4;2.8;;;2.7;3.0;;;2.7;3.0;;
2855;Totaal mannen en vrouwen;0;0;6;Vier jaar na afstuderen;N Gezondheids- en welzijnszorg;Cohort 1999/'00;2.7;3.1;2.3;2.6;2.3;2.6;;;3.2;3.4;;;2.6;2.9;3.5;3.6
2856;Totaal mannen en vrouwen;0;0;6;Vier jaar na afstuderen;N Gezondheids- en welzijnszorg;Cohort 2000/'01;2.6;3.0;2.2;2.6;2.2;2.6;;;3.1;3.3;;;2.4;2.6;3.6;3.6
2857;Totaal mannen en vrouwen;0;0;6;Vier jaar na afstuderen;N Gezondheids- en welzijnszorg;Cohort 2001/'02;2.5;2.9;2.2;2.6;2.2;2.6;;;3.1;3.4;;;2.3;2.5;3.4;3.6
2858;Totaal mannen en vrouwen;0;0;6;Vier jaar na afstuderen;N Gezondheids- en welzijnszorg;Cohort 2002/'03;2.7;3.0;2.4;2.6;2.4;2.6;;;3.3;3.4;;;2.8;2.8;3.7;3.7
2859;Totaal mannen en vrouwen;0;0;6;Vier jaar na afstuderen;N Gezondheids- en welzijnszorg;Cohort 2003/'04;2.8;3.2;2.6;2.9;2.6;2.9;;;3.4;3.7;;;3.0;3.7;3.7;3.7
2860;Totaal mannen en vrouwen;0;0;6;Vier jaar na afstuderen;9000e Milieu, cultuur, recreatie en ..;Cohort 1999/'00;2.2;2.3;2.1;2.4;2.1;2.4;;;2.4;2.2;;;2.4;2.0;2.3;2.3
2861;Totaal mannen en vrouwen;0;0;6;Vier jaar na afstuderen;9000e Milieu, cultuur, recreatie en ..;Cohort 2000/'01;2.2;2.7;2.2;2.6;2.2;2.6;;;2.3;2.7;;;2.3;2.7;;
2862;Totaal mannen en vrouwen;0;0;6;Vier jaar na afstuderen;9000e Milieu, cultuur, recreatie en ..;Cohort 2001/'02;2.7;3.0;2.5;2.9;2.5;2.9;;;2.9;3.2;;;2.8;3.1;3.1;3.3
2863;Totaal mannen en vrouwen;0;0;6;Vier jaar na afstuderen;9000e Milieu, cultuur, recreatie en ..;Cohort 2002/'03;2.4;3.0;2.2;2.7;2.2;2.7;;;2.8;3.5;;;2.7;3.6;3.2;3.1
2864;Totaal mannen en vrouwen;0;0;6;Vier jaar na afstuderen;9000e Milieu, cultuur, recreatie en ..;Cohort 2003/'04;2.6;2.9;2.2;2.8;2.2;2.8;;;3.1;2.9;3.0;;2.9;2.9;3.3;2.8
2865;Totaal mannen en vrouwen;0;0;6;Vier jaar na afstuderen;Onbekend;Cohort 1999/'00;3.5;3.5;;;;;;;3.5;3.5;;;3.5;3.5;;
2866;Totaal mannen en vrouwen;0;0;6;Vier jaar na afstuderen;Onbekend;Cohort 2000/'01;;;;;;;;;;;;;;;;
2867;Totaal mannen en vrouwen;0;0;6;Vier jaar na afstuderen;Onbekend;Cohort 2001/'02;2.8;3.2;2.8;3.2;2.8;3.2;;;;;;;;;;
2868;Totaal mannen en vrouwen;0;0;6;Vier jaar na afstuderen;Onbekend;Cohort 2002/'03;;;;;;;;;;;;;;;;
2869;Totaal mannen en vrouwen;0;0;6;Vier jaar na afstuderen;Onbekend;Cohort 2003/'04;;;;;;;;;;;;;;;;
2870;Totaal mannen en vrouwen;0;0;6;Vijf jaar na afstuderen;0;Cohort 1999/'00;2.9;3.2;2.7;3.0;2.7;3.0;1.2;;3.4;3.7;;;3.3;3.6;3.8;3.8
2871;Totaal mannen en vrouwen;0;0;6;Vijf jaar na afstuderen;0;Cohort 2000/'01;3.0;3.2;2.7;3.0;2.7;3.0;0.7;;3.5;3.7;;;3.4;3.7;4.0;4.0
2872;Totaal mannen en vrouwen;0;0;6;Vijf jaar na afstuderen;0;Cohort 2001/'02;3.0;3.3;2.7;3.0;2.7;3.0;2.1;2.5;3.6;4.0;4.3;4.3;3.5;3.9;4.0;4.5
2873;Totaal mannen en vrouwen;0;0;6;Vijf jaar na afstuderen;0;Cohort 2002/'03;3.3;3.6;2.9;3.2;2.9;3.2;;;4.1;4.6;;;4.1;4.7;4.2;4.3
2874;Totaal mannen en vrouwen;0;0;6;Vijf jaar na afstuderen;0;Cohort 2003/'04;;;;;;;;;;;;;;;;
2875;Totaal mannen en vrouwen;0;0;6;Vijf jaar na afstuderen;1;Cohort 1999/'00;;;;;;;;;;;;;;;;
2876;Totaal mannen en vrouwen;0;0;6;Vijf jaar na afstuderen;1;Cohort 2000/'01;;;;;;;;;;;;;;;;
2877;Totaal mannen en vrouwen;0;0;6;Vijf jaar na afstuderen;1;Cohort 2001/'02;;;;;;;;;;;;;;;;
2878;Totaal mannen en vrouwen;0;0;6;Vijf jaar na afstuderen;1;Cohort 2002/'03;;;;;;;;;;;;;;;;
2879;Totaal mannen en vrouwen;0;0;6;Vijf jaar na afstuderen;1;Cohort 2003/'04;;;;;;;;;;;;;;;;
2880;Totaal mannen en vrouwen;0;0;6;Vijf jaar na afstuderen;2;Cohort 1999/'00;3.3;3.3;2.8;2.9;2.8;2.9;;;4.1;4.1;;;4.1;4.1;;
2881;Totaal mannen en vrouwen;0;0;6;Vijf jaar na afstuderen;2;Cohort 2000/'01;3.0;3.0;2.7;2.8;2.7;2.8;;;3.8;3.7;;;3.8;3.7;;
2882;Totaal mannen en vrouwen;0;0;6;Vijf jaar na afstuderen;2;Cohort 2001/'02;3.2;3.4;3.0;3.1;3.0;3.1;;;4.2;4.2;;;4.2;4.2;;
2883;Totaal mannen en vrouwen;0;0;6;Vijf jaar na afstuderen;2;Cohort 2002/'03;3.2;3.2;3.1;3.1;3.1;3.1;;;3.6;3.6;;;3.6;3.6;;
2884;Totaal mannen en vrouwen;0;0;6;Vijf jaar na afstuderen;2;Cohort 2003/'04;;;;;;;;;;;;;;;;
2885;Totaal mannen en vrouwen;0;0;6;Vijf jaar na afstuderen;3;Cohort 1999/'00;2.8;3.1;2.4;2.7;2.5;2.7;1.2;;3.6;3.6;;;3.3;3.3;4.4;4.4
2886;Totaal mannen en vrouwen;0;0;6;Vijf jaar na afstuderen;3;Cohort 2000/'01;3.2;3.2;3.2;3.2;3.2;3.2;;;3.2;3.2;;;3.0;3.2;3.5;3.2
2887;Totaal mannen en vrouwen;0;0;6;Vijf jaar na afstuderen;3;Cohort 2001/'02;3.3;3.3;2.8;2.8;2.8;2.8;2.5;2.5;4.4;4.6;;;4.5;4.6;4.3;4.5
2888;Totaal mannen en vrouwen;0;0;6;Vijf jaar na afstuderen;3;Cohort 2002/'03;3.2;3.3;3.1;3.1;3.1;3.1;;;3.6;4.3;;;2.8;3.3;5.3;5.3
2889;Totaal mannen en vrouwen;0;0;6;Vijf jaar na afstuderen;3;Cohort 2003/'04;;;;;;;;;;;;;;;;
2890;Totaal mannen en vrouwen;0;0;6;Vijf jaar na afstuderen;4;Cohort 1999/'00;0.9;;0.9;;0.9;;;;;;;;;;;
2891;Totaal mannen en vrouwen;0;0;6;Vijf jaar na afstuderen;4;Cohort 2000/'01;0.7;;0.7;;0.7;;;;;;;;;;;
2892;Totaal mannen en vrouwen;0;0;6;Vijf jaar na afstuderen;4;Cohort 2001/'02;2.7;2.9;2.7;2.9;2.7;2.9;;;;;;;;;;
2893;Totaal mannen en vrouwen;0;0;6;Vijf jaar na afstuderen;4;Cohort 2002/'03;2.9;4.3;3.7;4.3;3.7;4.3;;;1.4;;;;1.4;;;
2894;Totaal mannen en vrouwen;0;0;6;Vijf jaar na afstuderen;4;Cohort 2003/'04;;;;;;;;;;;;;;;;
2895;Totaal mannen en vrouwen;0;0;6;Vijf jaar na afstuderen;5;Cohort 1999/'00;3.1;3.3;3.0;3.3;3.0;3.3;;;3.5;3.5;;;3.5;3.5;;
2896;Totaal mannen en vrouwen;0;0;6;Vijf jaar na afstuderen;5;Cohort 2000/'01;3.4;3.8;2.9;3.2;2.9;3.2;;;5.1;5.1;;;5.1;5.1;;
2897;Totaal mannen en vrouwen;0;0;6;Vijf jaar na afstuderen;5;Cohort 2001/'02;3.0;3.0;2.8;2.8;2.8;2.8;;;4.3;4.3;;;4.3;4.3;;
2898;Totaal mannen en vrouwen;0;0;6;Vijf jaar na afstuderen;5;Cohort 2002/'03;3.1;3.0;2.7;2.7;2.7;2.7;;;4.3;4.4;;;4.3;4.4;;
2899;Totaal mannen en vrouwen;0;0;6;Vijf jaar na afstuderen;5;Cohort 2003/'04;;;;;;;;;;;;;;;;
2900;Totaal mannen en vrouwen;0;0;6;Vijf jaar na afstuderen;6;Cohort 1999/'00;3.5;3.8;3.1;3.5;3.1;3.5;;;4.2;4.3;;;4.2;4.3;;
2901;Totaal mannen en vrouwen;0;0;6;Vijf jaar na afstuderen;6;Cohort 2000/'01;3.2;3.3;3.0;3.2;3.0;3.2;;;3.6;3.6;;;3.6;3.6;3.7;
2902;Totaal mannen en vrouwen;0;0;6;Vijf jaar na afstuderen;6;Cohort 2001/'02;3.6;3.7;3.3;3.3;3.3;3.3;;;4.4;4.5;4.3;4.3;4.4;4.6;;
2903;Totaal mannen en vrouwen;0;0;6;Vijf jaar na afstuderen;6;Cohort 2002/'03;5.3;5.8;3.2;3.3;3.2;3.3;;;9.5;10.6;;;9.5;10.6;;
2904;Totaal mannen en vrouwen;0;0;6;Vijf jaar na afstuderen;6;Cohort 2003/'04;;;;;;;;;;;;;;;;
2905;Totaal mannen en vrouwen;0;0;6;Vijf jaar na afstuderen;7;Cohort 1999/'00;3.1;3.2;2.9;3.0;2.9;3.0;;;3.3;3.6;;;3.3;3.6;3.8;3.8
2906;Totaal mannen en vrouwen;0;0;6;Vijf jaar na afstuderen;7;Cohort 2000/'01;3.2;3.3;2.8;2.9;2.8;2.9;;;3.9;3.9;;;3.8;3.8;4.9;4.9
2907;Totaal mannen en vrouwen;0;0;6;Vijf jaar na afstuderen;7;Cohort 2001/'02;3.3;3.5;3.1;3.2;3.1;3.2;2.1;;3.6;4.0;;;3.7;4.0;1.8;
2908;Totaal mannen en vrouwen;0;0;6;Vijf jaar na afstuderen;7;Cohort 2002/'03;3.7;3.9;3.4;3.6;3.4;3.6;;;4.3;4.5;;;4.3;4.5;;
2909;Totaal mannen en vrouwen;0;0;6;Vijf jaar na afstuderen;7;Cohort 2003/'04;;;;;;;;;;;;;;;;
2910;Totaal mannen en vrouwen;0;0;6;Vijf jaar na afstuderen;8;Cohort 1999/'00;2.3;2.7;2.2;2.6;2.2;2.6;;;2.7;3.1;;;2.6;2.7;3.3;4.9
2911;Totaal mannen en vrouwen;0;0;6;Vijf jaar na afstuderen;8;Cohort 2000/'01;2.9;3.5;3.0;3.5;3.0;3.5;;;2.5;3.2;;;2.5;3.2;;
2912;Totaal mannen en vrouwen;0;0;6;Vijf jaar na afstuderen;8;Cohort 2001/'02;2.5;3.0;2.5;3.1;2.5;3.1;1.6;;2.6;2.8;;;2.6;2.8;;
2913;Totaal mannen en vrouwen;0;0;6;Vijf jaar na afstuderen;8;Cohort 2002/'03;2.8;3.3;2.7;3.2;2.7;3.2;;;3.5;3.9;;;3.5;3.9;3.4;
2914;Totaal mannen en vrouwen;0;0;6;Vijf jaar na afstuderen;8;Cohort 2003/'04;;;;;;;;;;;;;;;;
2915;Totaal mannen en vrouwen;0;0;6;Vijf jaar na afstuderen;9;Cohort 1999/'00;3.2;3.4;2.9;3.0;2.9;3.0;;;3.6;3.7;;;3.4;3.5;4.5;4.5
2916;Totaal mannen en vrouwen;0;0;6;Vijf jaar na afstuderen;9;Cohort 2000/'01;3.3;3.4;2.9;3.0;2.9;3.0;;;3.7;4.2;;;3.6;4.0;4.8;5.0
2917;Totaal mannen en vrouwen;0;0;6;Vijf jaar na afstuderen;9;Cohort 2001/'02;3.0;3.2;2.7;2.7;2.7;2.7;;;3.5;3.8;;;3.4;3.7;5.3;5.3
2918;Totaal mannen en vrouwen;0;0;6;Vijf jaar na afstuderen;9;Cohort 2002/'03;3.3;3.4;3.1;3.2;3.1;3.2;;;3.4;3.6;;;3.2;3.3;4.8;4.8
2919;Totaal mannen en vrouwen;0;0;6;Vijf jaar na afstuderen;9;Cohort 2003/'04;;;;;;;;;;;;;;;;
2920;Totaal mannen en vrouwen;0;0;6;Vijf jaar na afstuderen;M Onderwijs;Cohort 1999/'00;2.5;2.8;2.5;2.7;2.5;2.7;;;2.4;3.6;;;2.4;3.6;;
2921;Totaal mannen en vrouwen;0;0;6;Vijf jaar na afstuderen;M Onderwijs;Cohort 2000/'01;2.4;2.7;2.3;2.6;2.3;2.6;0.7;;2.6;3.0;;;2.6;3.0;;
2922;Totaal mannen en vrouwen;0;0;6;Vijf jaar na afstuderen;M Onderwijs;Cohort 2001/'02;2.4;2.7;2.3;2.7;2.3;2.7;2.3;;2.9;3.0;;;2.9;3.0;;
2923;Totaal mannen en vrouwen;0;0;6;Vijf jaar na afstuderen;M Onderwijs;Cohort 2002/'03;2.6;3.0;2.5;2.9;2.5;2.9;;;2.6;3.3;;;2.6;3.3;;
2924;Totaal mannen en vrouwen;0;0;6;Vijf jaar na afstuderen;M Onderwijs;Cohort 2003/'04;;;;;;;;;;;;;;;;
2925;Totaal mannen en vrouwen;0;0;6;Vijf jaar na afstuderen;N Gezondheids- en welzijnszorg;Cohort 1999/'00;2.8;3.3;2.4;3.0;2.4;3.0;;;3.4;3.5;;;2.8;3.2;3.8;3.6
2926;Totaal mannen en vrouwen;0;0;6;Vijf jaar na afstuderen;N Gezondheids- en welzijnszorg;Cohort 2000/'01;2.6;3.2;2.2;2.7;2.2;2.7;;;3.4;3.6;;;2.6;2.7;3.9;3.9
2927;Totaal mannen en vrouwen;0;0;6;Vijf jaar na afstuderen;N Gezondheids- en welzijnszorg;Cohort 2001/'02;2.8;3.4;2.4;2.8;2.4;2.8;;;3.6;4.3;;;2.5;2.6;4.2;4.6
2928;Totaal mannen en vrouwen;0;0;6;Vijf jaar na afstuderen;N Gezondheids- en welzijnszorg;Cohort 2002/'03;2.9;3.2;2.5;2.7;2.5;2.7;;;3.5;3.7;;;3.0;3.0;4.0;4.1
2929;Totaal mannen en vrouwen;0;0;6;Vijf jaar na afstuderen;N Gezondheids- en welzijnszorg;Cohort 2003/'04;;;;;;;;;;;;;;;;
2930;Totaal mannen en vrouwen;0;0;6;Vijf jaar na afstuderen;9000e Milieu, cultuur, recreatie en ..;Cohort 1999/'00;2.8;2.9;2.7;2.9;2.7;2.9;;;2.8;3.0;;;2.7;2.7;2.9;3.2
2931;Totaal mannen en vrouwen;0;0;6;Vijf jaar na afstuderen;9000e Milieu, cultuur, recreatie en ..;Cohort 2000/'01;2.8;2.9;2.9;3.1;2.9;3.1;;;2.4;2.3;;;2.4;2.2;2.6;2.6
2932;Totaal mannen en vrouwen;0;0;6;Vijf jaar na afstuderen;9000e Milieu, cultuur, recreatie en ..;Cohort 2001/'02;2.7;3.3;2.5;3.3;2.5;3.3;;;2.9;3.4;;;2.9;3.5;2.9;3.0
2933;Totaal mannen en vrouwen;0;0;6;Vijf jaar na afstuderen;9000e Milieu, cultuur, recreatie en ..;Cohort 2002/'03;2.7;3.3;2.6;2.9;2.6;2.9;;;3.1;4.7;;;3.1;4.7;;
2934;Totaal mannen en vrouwen;0;0;6;Vijf jaar na afstuderen;9000e Milieu, cultuur, recreatie en ..;Cohort 2003/'04;;;;;;;;;;;;;;;;
2935;Totaal mannen en vrouwen;0;0;6;Vijf jaar na afstuderen;Onbekend;Cohort 1999/'00;3.8;3.8;3.1;3.1;3.1;3.1;;;4.1;4.1;;;4.1;4.1;;
2936;Totaal mannen en vrouwen;0;0;6;Vijf jaar na afstuderen;Onbekend;Cohort 2000/'01;;;;;;;;;;;;;;;;
2937;Totaal mannen en vrouwen;0;0;6;Vijf jaar na afstuderen;Onbekend;Cohort 2001/'02;;;;;;;;;;;;;;;;
2938;Totaal mannen en vrouwen;0;0;6;Vijf jaar na afstuderen;Onbekend;Cohort 2002/'03;;;;;;;;;;;;;;;;
2939;Totaal mannen en vrouwen;0;0;6;Vijf jaar na afstuderen;Onbekend;Cohort 2003/'04;;;;;;;;;;;;;;;;
2940;Totaal mannen en vrouwen;0;0;7;Direct na afstuderen;0;Cohort 1999/'00;1.5;;1.4;;1.4;;1.4;;1.7;;;;1.7;;2.0;
2941;Totaal mannen en vrouwen;0;0;7;Direct na afstuderen;0;Cohort 2000/'01;1.6;2.0;1.5;1.8;1.5;1.8;;;1.8;2.2;;;1.7;2.1;2.2;2.7
2942;Totaal mannen en vrouwen;0;0;7;Direct na afstuderen;0;Cohort 2001/'02;1.6;2.0;1.5;1.9;1.5;1.9;0.6;;1.8;2.3;;;1.7;2.1;2.4;2.8
2943;Totaal mannen en vrouwen;0;0;7;Direct na afstuderen;0;Cohort 2002/'03;1.5;2.2;1.4;2.0;1.4;2.0;;;1.6;2.4;;;1.5;2.3;2.6;3.3
2944;Totaal mannen en vrouwen;0;0;7;Direct na afstuderen;0;Cohort 2003/'04;1.5;2.1;1.4;2.0;1.4;2.0;1.7;;1.7;2.3;0.3;;1.5;2.2;2.4;2.8
2945;Totaal mannen en vrouwen;0;0;7;Direct na afstuderen;1;Cohort 1999/'00;;;;;;;;;;;;;;;;
2946;Totaal mannen en vrouwen;0;0;7;Direct na afstuderen;1;Cohort 2000/'01;2.1;2.1;2.1;2.1;2.1;2.1;;;;;;;;;;
2947;Totaal mannen en vrouwen;0;0;7;Direct na afstuderen;1;Cohort 2001/'02;;;;;;;;;;;;;;;;
2948;Totaal mannen en vrouwen;0;0;7;Direct na afstuderen;1;Cohort 2002/'03;0.4;;;;;;;;0.4;;;;0.4;;;
2949;Totaal mannen en vrouwen;0;0;7;Direct na afstuderen;1;Cohort 2003/'04;2.1;1.3;2.1;1.3;2.1;1.3;;;;;;;;;;
2950;Totaal mannen en vrouwen;0;0;7;Direct na afstuderen;2;Cohort 1999/'00;2.0;;1.9;;1.9;;;;2.2;;;;2.3;;2.0;
2951;Totaal mannen en vrouwen;0;0;7;Direct na afstuderen;2;Cohort 2000/'01;2.1;2.1;1.9;1.9;1.9;1.9;;;2.5;2.7;;;2.5;2.7;;
2952;Totaal mannen en vrouwen;0;0;7;Direct na afstuderen;2;Cohort 2001/'02;1.6;1.9;1.6;1.8;1.6;1.8;;;1.5;2.7;;;1.5;2.7;;
2953;Totaal mannen en vrouwen;0;0;7;Direct na afstuderen;2;Cohort 2002/'03;2.0;2.1;2.1;2.1;2.1;2.1;;;1.9;2.0;;;1.9;2.0;;
2954;Totaal mannen en vrouwen;0;0;7;Direct na afstuderen;2;Cohort 2003/'04;1.8;2.2;1.7;2.2;1.7;2.2;;;1.9;2.3;;;1.9;2.3;;
2955;Totaal mannen en vrouwen;0;0;7;Direct na afstuderen;3;Cohort 1999/'00;1.2;;1.1;;1.1;;;;1.4;;;;1.3;;2.2;
2956;Totaal mannen en vrouwen;0;0;7;Direct na afstuderen;3;Cohort 2000/'01;1.2;2.0;1.1;2.1;1.1;2.1;;;1.3;1.9;;;1.3;1.9;1.1;
2957;Totaal mannen en vrouwen;0;0;7;Direct na afstuderen;3;Cohort 2001/'02;1.5;1.8;1.4;1.8;1.4;1.8;;;1.9;;;;1.6;;2.4;
2958;Totaal mannen en vrouwen;0;0;7;Direct na afstuderen;3;Cohort 2002/'03;1.1;1.6;1.2;1.7;1.2;1.7;;;0.9;1.2;;;0.7;1.2;2.6;
2959;Totaal mannen en vrouwen;0;0;7;Direct na afstuderen;3;Cohort 2003/'04;1.4;2.3;1.6;2.2;1.6;2.2;;;0.9;2.5;;;0.6;;2.5;2.5
2960;Totaal mannen en vrouwen;0;0;7;Direct na afstuderen;4;Cohort 1999/'00;1.3;;1.3;;1.3;;;;;;;;;;;
2961;Totaal mannen en vrouwen;0;0;7;Direct na afstuderen;4;Cohort 2000/'01;1.1;1.3;1.0;1.1;1.0;1.1;;;1.2;1.9;;;1.2;1.9;;
2962;Totaal mannen en vrouwen;0;0;7;Direct na afstuderen;4;Cohort 2001/'02;1.0;1.7;1.1;1.7;1.1;1.7;;;0.6;;;;0.6;;;
2963;Totaal mannen en vrouwen;0;0;7;Direct na afstuderen;4;Cohort 2002/'03;1.0;1.8;1.1;1.8;1.1;1.8;;;0.7;;;;0.7;;;
2964;Totaal mannen en vrouwen;0;0;7;Direct na afstuderen;4;Cohort 2003/'04;1.0;2.2;1.0;2.4;1.0;2.4;;;1.0;2.1;;;1.0;2.1;;
2965;Totaal mannen en vrouwen;0;0;7;Direct na afstuderen;5;Cohort 1999/'00;1.5;;1.3;;1.3;;;;1.8;;;;1.8;;;
2966;Totaal mannen en vrouwen;0;0;7;Direct na afstuderen;5;Cohort 2000/'01;1.6;2.2;1.2;2.2;1.2;2.2;;;2.2;2.2;;;2.2;2.2;;
2967;Totaal mannen en vrouwen;0;0;7;Direct na afstuderen;5;Cohort 2001/'02;1.9;2.1;2.0;2.0;2.0;2.0;;;1.8;2.3;;;1.8;2.3;;
2968;Totaal mannen en vrouwen;0;0;7;Direct na afstuderen;5;Cohort 2002/'03;1.5;2.1;1.3;1.8;1.3;1.8;;;1.9;2.7;;;1.9;2.7;;
2969;Totaal mannen en vrouwen;0;0;7;Direct na afstuderen;5;Cohort 2003/'04;0.8;1.8;1.0;1.8;1.0;1.8;;;0.5;;;;0.5;;;
2970;Totaal mannen en vrouwen;0;0;7;Direct na afstuderen;6;Cohort 1999/'00;2.2;;1.9;;1.9;;;;2.4;;;;2.4;;;
2971;Totaal mannen en vrouwen;0;0;7;Direct na afstuderen;6;Cohort 2000/'01;2.2;2.2;2.0;2.0;2.0;2.0;;;2.3;2.3;;;2.3;2.3;;
2972;Totaal mannen en vrouwen;0;0;7;Direct na afstuderen;6;Cohort 2001/'02;1.6;1.7;1.6;1.7;1.6;1.7;;;;;;;;;;
2973;Totaal mannen en vrouwen;0;0;7;Direct na afstuderen;6;Cohort 2002/'03;1.8;2.2;1.6;2.2;1.6;2.2;;;2.1;2.1;;;2.1;2.1;;
2974;Totaal mannen en vrouwen;0;0;7;Direct na afstuderen;6;Cohort 2003/'04;1.9;2.1;1.9;1.9;1.9;1.9;;;1.9;2.6;;;1.9;2.6;;
2975;Totaal mannen en vrouwen;0;0;7;Direct na afstuderen;7;Cohort 1999/'00;1.7;;1.6;;1.6;;;;1.7;;;;1.7;;;
2976;Totaal mannen en vrouwen;0;0;7;Direct na afstuderen;7;Cohort 2000/'01;1.6;1.9;1.5;1.9;1.5;1.9;;;1.7;2.0;;;1.7;1.9;1.6;2.5
2977;Totaal mannen en vrouwen;0;0;7;Direct na afstuderen;7;Cohort 2001/'02;1.8;2.1;1.6;2.0;1.6;2.0;;;2.2;2.3;;;2.2;2.3;;
2978;Totaal mannen en vrouwen;0;0;7;Direct na afstuderen;7;Cohort 2002/'03;1.7;2.1;1.4;1.9;1.4;1.9;;;2.0;2.3;;;2.0;2.3;;
2979;Totaal mannen en vrouwen;0;0;7;Direct na afstuderen;7;Cohort 2003/'04;1.6;2.1;1.4;1.7;1.4;1.7;;;2.1;2.4;;;2.1;2.4;;
2980;Totaal mannen en vrouwen;0;0;7;Direct na afstuderen;8;Cohort 1999/'00;1.2;;1.2;;1.2;;;;1.3;;;;1.4;;1.1;
2981;Totaal mannen en vrouwen;0;0;7;Direct na afstuderen;8;Cohort 2000/'01;1.4;1.7;1.5;1.8;1.5;1.8;;;1.1;1.7;;;1.0;1.7;2.7;
2982;Totaal mannen en vrouwen;0;0;7;Direct na afstuderen;8;Cohort 2001/'02;1.4;1.9;1.4;1.9;1.4;1.9;;;1.4;1.9;;;1.3;1.1;2.7;2.7
2983;Totaal mannen en vrouwen;0;0;7;Direct na afstuderen;8;Cohort 2002/'03;1.4;2.2;1.4;2.0;1.4;2.0;;;1.3;2.8;;;1.3;2.8;;
2984;Totaal mannen en vrouwen;0;0;7;Direct na afstuderen;8;Cohort 2003/'04;1.2;2.0;1.3;2.0;1.3;2.0;;;1.1;1.7;0.3;;1.1;1.7;1.2;
2985;Totaal mannen en vrouwen;0;0;7;Direct na afstuderen;9;Cohort 1999/'00;1.5;;1.4;;1.4;;;;1.6;;;;1.6;;;
2986;Totaal mannen en vrouwen;0;0;7;Direct na afstuderen;9;Cohort 2000/'01;1.9;2.0;1.2;1.1;1.2;1.1;;;2.1;2.2;;;2.0;2.0;3.1;3.1
2987;Totaal mannen en vrouwen;0;0;7;Direct na afstuderen;9;Cohort 2001/'02;1.7;1.8;1.3;1.6;1.3;1.6;;;1.8;1.8;;;1.8;1.8;;
2988;Totaal mannen en vrouwen;0;0;7;Direct na afstuderen;9;Cohort 2002/'03;1.5;2.3;1.4;2.5;1.4;2.5;;;1.6;2.1;;;1.6;2.1;;
2989;Totaal mannen en vrouwen;0;0;7;Direct na afstuderen;9;Cohort 2003/'04;1.7;2.1;1.7;2.2;1.7;2.2;;;1.7;2.1;;;1.7;2.1;;
2990;Totaal mannen en vrouwen;0;0;7;Direct na afstuderen;M Onderwijs;Cohort 1999/'00;1.4;;1.4;;1.4;;1.4;;1.6;;;;1.6;;;
2991;Totaal mannen en vrouwen;0;0;7;Direct na afstuderen;M Onderwijs;Cohort 2000/'01;1.6;1.9;1.6;1.9;1.6;1.9;;;1.8;2.0;;;1.8;2.0;;
2992;Totaal mannen en vrouwen;0;0;7;Direct na afstuderen;M Onderwijs;Cohort 2001/'02;1.6;1.9;1.6;2.0;1.6;2.0;;;1.5;1.7;;;1.5;1.7;;
2993;Totaal mannen en vrouwen;0;0;7;Direct na afstuderen;M Onderwijs;Cohort 2002/'03;1.5;2.4;1.6;2.4;1.6;2.4;;;1.0;;;;1.0;;;
2994;Totaal mannen en vrouwen;0;0;7;Direct na afstuderen;M Onderwijs;Cohort 2003/'04;1.7;2.1;1.7;2.2;1.7;2.2;1.7;;1.7;2.1;;;1.6;2.0;2.4;2.4
2995;Totaal mannen en vrouwen;0;0;7;Direct na afstuderen;N Gezondheids- en welzijnszorg;Cohort 1999/'00;1.5;;1.4;;1.4;;;;2.3;;;;1.9;;2.4;
2996;Totaal mannen en vrouwen;0;0;7;Direct na afstuderen;N Gezondheids- en welzijnszorg;Cohort 2000/'01;1.7;2.3;1.4;1.9;1.4;1.9;;;2.2;2.7;;;0.9;;2.3;2.7
2997;Totaal mannen en vrouwen;0;0;7;Direct na afstuderen;N Gezondheids- en welzijnszorg;Cohort 2001/'02;1.8;2.5;1.5;2.1;1.5;2.1;;;2.2;2.8;;;2.0;2.6;2.4;2.8
2998;Totaal mannen en vrouwen;0;0;7;Direct na afstuderen;N Gezondheids- en welzijnszorg;Cohort 2002/'03;1.7;2.5;1.4;2.0;1.4;2.0;;;2.1;2.9;;;1.3;1.9;2.6;3.3
2999;Totaal mannen en vrouwen;0;0;7;Direct na afstuderen;N Gezondheids- en welzijnszorg;Cohort 2003/'04;1.8;2.3;1.4;1.9;1.4;1.9;;;2.1;2.5;;;1.6;1.8;2.5;2.9
3000;Totaal mannen en vrouwen;0;0;7;Direct na afstuderen;9000e Milieu, cultuur, recreatie en ..;Cohort 1999/'00;1.3;;1.2;;1.2;;;;1.5;;;;1.5;;;
3001;Totaal mannen en vrouwen;0;0;7;Direct na afstuderen;9000e Milieu, cultuur, recreatie en ..;Cohort 2000/'01;1.3;1.7;1.5;1.7;1.5;1.7;;;1.3;1.5;;;1.3;1.5;;
3002;Totaal mannen en vrouwen;0;0;7;Direct na afstuderen;9000e Milieu, cultuur, recreatie en ..;Cohort 2001/'02;1.0;1.7;1.0;1.7;1.1;1.7;0.6;;;;;;;;;
3003;Totaal mannen en vrouwen;0;0;7;Direct na afstuderen;9000e Milieu, cultuur, recreatie en ..;Cohort 2002/'03;1.2;1.8;0.7;;0.7;;;;1.5;1.8;;;1.5;1.8;;
3004;Totaal mannen en vrouwen;0;0;7;Direct na afstuderen;9000e Milieu, cultuur, recreatie en ..;Cohort 2003/'04;1.2;2.0;1.2;2.5;1.2;2.5;;;1.0;1.0;;;1.0;1.0;;
3005;Totaal mannen en vrouwen;0;0;7;Direct na afstuderen;Onbekend;Cohort 1999/'00;2.4;;;;;;;;2.4;;;;2.4;;;
3006;Totaal mannen en vrouwen;0;0;7;Direct na afstuderen;Onbekend;Cohort 2000/'01;;;;;;;;;;;;;;;;
3007;Totaal mannen en vrouwen;0;0;7;Direct na afstuderen;Onbekend;Cohort 2001/'02;;;;;;;;;;;;;;;;
3008;Totaal mannen en vrouwen;0;0;7;Direct na afstuderen;Onbekend;Cohort 2002/'03;;;;;;;;;;;;;;;;
3009;Totaal mannen en vrouwen;0;0;7;Direct na afstuderen;Onbekend;Cohort 2003/'04;1.9;1.9;;;;;;;1.9;1.9;;;1.9;1.9;;
3010;Totaal mannen en vrouwen;0;0;7;Één jaar na afstuderen;0;Cohort 1999/'00;2.1;2.3;2.0;2.1;2.0;2.1;0.8;;2.4;2.5;;;2.3;2.5;2.6;2.7
3011;Totaal mannen en vrouwen;0;0;7;Één jaar na afstuderen;0;Cohort 2000/'01;2.1;2.3;2.0;2.1;2.0;2.1;;;2.3;2.5;;;2.2;2.4;2.8;3.1
3012;Totaal mannen en vrouwen;0;0;7;Één jaar na afstuderen;0;Cohort 2001/'02;2.1;2.3;2.0;2.2;2.0;2.2;2.4;2.4;2.3;2.5;;;2.2;2.4;2.8;3.0
3013;Totaal mannen en vrouwen;0;0;7;Één jaar na afstuderen;0;Cohort 2002/'03;1.9;2.2;1.8;2.1;1.8;2.1;;;2.2;2.5;;;2.0;2.3;3.5;3.7
3014;Totaal mannen en vrouwen;0;0;7;Één jaar na afstuderen;0;Cohort 2003/'04;2.1;2.3;2.0;2.2;2.0;2.2;1.8;;2.2;2.6;1.0;;2.2;2.5;2.5;2.9
3015;Totaal mannen en vrouwen;0;0;7;Één jaar na afstuderen;1;Cohort 1999/'00;;;;;;;;;;;;;;;;
3016;Totaal mannen en vrouwen;0;0;7;Één jaar na afstuderen;1;Cohort 2000/'01;2.2;2.2;2.2;2.2;2.2;2.2;;;;;;;;;;
3017;Totaal mannen en vrouwen;0;0;7;Één jaar na afstuderen;1;Cohort 2001/'02;;;;;;;;;;;;;;;;
3018;Totaal mannen en vrouwen;0;0;7;Één jaar na afstuderen;1;Cohort 2002/'03;;;;;;;;;;;;;;;;
3019;Totaal mannen en vrouwen;0;0;7;Één jaar na afstuderen;1;Cohort 2003/'04;;;;;;;;;;;;;;;;
3020;Totaal mannen en vrouwen;0;0;7;Één jaar na afstuderen;2;Cohort 1999/'00;2.5;2.5;2.1;2.1;2.1;2.1;;;2.9;2.9;;;2.9;2.9;3.1;3.1
3021;Totaal mannen en vrouwen;0;0;7;Één jaar na afstuderen;2;Cohort 2000/'01;2.4;2.4;2.2;2.2;2.2;2.2;;;3.2;3.2;;;3.2;3.2;;
3022;Totaal mannen en vrouwen;0;0;7;Één jaar na afstuderen;2;Cohort 2001/'02;2.2;2.3;2.2;2.3;2.2;2.3;;;2.3;2.5;;;2.3;2.5;;
3023;Totaal mannen en vrouwen;0;0;7;Één jaar na afstuderen;2;Cohort 2002/'03;1.9;2.1;1.9;2.1;1.9;2.1;;;1.9;1.9;;;1.9;1.9;;
3024;Totaal mannen en vrouwen;0;0;7;Één jaar na afstuderen;2;Cohort 2003/'04;2.4;2.4;2.2;2.2;2.2;2.2;;;2.7;2.8;;;2.7;2.8;;
3025;Totaal mannen en vrouwen;0;0;7;Één jaar na afstuderen;3;Cohort 1999/'00;2.2;2.3;2.0;2.0;2.0;2.0;;;2.5;3.0;;;1.5;;3.0;3.0
3026;Totaal mannen en vrouwen;0;0;7;Één jaar na afstuderen;3;Cohort 2000/'01;2.2;2.4;1.9;2.2;1.9;2.2;;;2.7;2.7;;;2.7;2.7;;
3027;Totaal mannen en vrouwen;0;0;7;Één jaar na afstuderen;3;Cohort 2001/'02;2.1;2.2;2.0;2.1;2.0;2.1;;;2.9;3.0;;;2.2;2.2;3.2;3.8
3028;Totaal mannen en vrouwen;0;0;7;Één jaar na afstuderen;3;Cohort 2002/'03;1.8;2.2;1.8;2.2;1.8;2.2;;;2.5;2.5;;;2.4;2.4;2.7;2.7
3029;Totaal mannen en vrouwen;0;0;7;Één jaar na afstuderen;3;Cohort 2003/'04;1.8;2.2;1.9;2.1;1.9;2.1;;;1.6;2.5;1.0;;1.6;2.5;2.2;
3030;Totaal mannen en vrouwen;0;0;7;Één jaar na afstuderen;4;Cohort 1999/'00;3.2;3.2;3.2;3.2;3.2;3.2;;;;;;;;;;
3031;Totaal mannen en vrouwen;0;0;7;Één jaar na afstuderen;4;Cohort 2000/'01;2.0;1.9;2.0;1.9;2.0;1.9;;;1.9;1.9;;;1.9;1.9;;
3032;Totaal mannen en vrouwen;0;0;7;Één jaar na afstuderen;4;Cohort 2001/'02;1.8;1.7;1.8;1.7;1.8;1.7;;;;;;;;;;
3033;Totaal mannen en vrouwen;0;0;7;Één jaar na afstuderen;4;Cohort 2002/'03;1.6;1.6;1.6;1.6;1.6;1.6;;;;;;;;;;
3034;Totaal mannen en vrouwen;0;0;7;Één jaar na afstuderen;4;Cohort 2003/'04;1.3;2.4;1.4;2.4;1.4;2.4;;;1.0;;;;1.0;;;
3035;Totaal mannen en vrouwen;0;0;7;Één jaar na afstuderen;5;Cohort 1999/'00;2.4;2.4;2.1;2.1;2.1;2.1;;;2.9;2.9;;;2.9;2.9;;
3036;Totaal mannen en vrouwen;0;0;7;Één jaar na afstuderen;5;Cohort 2000/'01;2.0;2.3;1.6;2.0;1.6;2.0;;;2.8;2.8;;;2.8;2.8;;
3037;Totaal mannen en vrouwen;0;0;7;Één jaar na afstuderen;5;Cohort 2001/'02;2.2;2.3;2.1;2.2;2.1;2.2;;;2.4;2.5;;;2.4;2.5;;
3038;Totaal mannen en vrouwen;0;0;7;Één jaar na afstuderen;5;Cohort 2002/'03;2.4;2.5;2.3;2.3;2.3;2.3;;;2.4;2.7;;;2.4;2.7;;
3039;Totaal mannen en vrouwen;0;0;7;Één jaar na afstuderen;5;Cohort 2003/'04;1.9;2.5;2.0;2.5;2.0;2.5;;;0.7;;;;0.7;;;
3040;Totaal mannen en vrouwen;0;0;7;Één jaar na afstuderen;6;Cohort 1999/'00;2.6;2.6;2.3;2.3;2.3;2.3;;;2.8;2.8;;;2.8;2.8;;
3041;Totaal mannen en vrouwen;0;0;7;Één jaar na afstuderen;6;Cohort 2000/'01;2.5;2.5;2.2;2.3;2.2;2.3;;;2.8;2.8;;;2.8;2.8;;
3042;Totaal mannen en vrouwen;0;0;7;Één jaar na afstuderen;6;Cohort 2001/'02;2.0;2.1;2.2;2.2;2.2;2.2;;;1.7;2.0;;;1.7;2.0;;
3043;Totaal mannen en vrouwen;0;0;7;Één jaar na afstuderen;6;Cohort 2002/'03;2.3;2.4;2.1;2.2;2.1;2.2;;;2.5;2.5;;;2.5;2.5;;
3044;Totaal mannen en vrouwen;0;0;7;Één jaar na afstuderen;6;Cohort 2003/'04;2.5;2.5;2.3;2.3;2.3;2.3;;;3.1;3.1;;;3.1;3.1;;
3045;Totaal mannen en vrouwen;0;0;7;Één jaar na afstuderen;7;Cohort 1999/'00;2.2;2.3;2.2;2.2;2.2;2.2;;;2.4;2.4;;;2.4;2.4;;
3046;Totaal mannen en vrouwen;0;0;7;Één jaar na afstuderen;7;Cohort 2000/'01;2.1;2.2;2.1;2.2;2.1;2.2;;;2.1;2.3;;;2.1;2.3;2.2;2.2
3047;Totaal mannen en vrouwen;0;0;7;Één jaar na afstuderen;7;Cohort 2001/'02;2.3;2.3;2.1;2.2;2.1;2.2;;;2.5;2.5;;;2.5;2.5;2.4;2.4
3048;Totaal mannen en vrouwen;0;0;7;Één jaar na afstuderen;7;Cohort 2002/'03;2.0;2.1;1.8;1.9;1.8;1.9;;;2.2;2.3;;;2.2;2.3;;
3049;Totaal mannen en vrouwen;0;0;7;Één jaar na afstuderen;7;Cohort 2003/'04;2.3;2.4;2.1;2.2;2.1;2.2;;;2.5;2.6;;;2.5;2.6;;
3050;Totaal mannen en vrouwen;0;0;7;Één jaar na afstuderen;8;Cohort 1999/'00;1.7;2.0;1.7;2.0;1.7;2.0;;;1.8;2.2;;;1.7;2.2;2.3;
3051;Totaal mannen en vrouwen;0;0;7;Één jaar na afstuderen;8;Cohort 2000/'01;1.8;2.1;1.9;2.0;1.9;2.0;;;1.6;2.3;;;1.6;2.3;;
3052;Totaal mannen en vrouwen;0;0;7;Één jaar na afstuderen;8;Cohort 2001/'02;1.9;2.2;1.9;2.3;1.9;2.3;;;1.9;2.2;;;1.8;2.1;2.8;2.8
3053;Totaal mannen en vrouwen;0;0;7;Één jaar na afstuderen;8;Cohort 2002/'03;1.6;2.2;1.6;2.1;1.6;2.1;;;1.6;2.4;;;1.6;2.4;;
3054;Totaal mannen en vrouwen;0;0;7;Één jaar na afstuderen;8;Cohort 2003/'04;1.7;2.1;1.8;2.1;1.8;2.1;;;1.6;2.2;;;1.7;2.2;0.4;
3055;Totaal mannen en vrouwen;0;0;7;Één jaar na afstuderen;9;Cohort 1999/'00;2.0;2.0;2.0;2.0;2.0;2.0;;;2.0;2.0;;;2.0;2.0;;
3056;Totaal mannen en vrouwen;0;0;7;Één jaar na afstuderen;9;Cohort 2000/'01;2.2;2.3;1.9;2.0;1.9;2.0;;;2.4;2.5;;;2.3;2.4;3.9;3.9
3057;Totaal mannen en vrouwen;0;0;7;Één jaar na afstuderen;9;Cohort 2001/'02;2.0;2.4;1.9;2.2;1.9;2.2;;;2.1;2.5;;;2.0;2.3;3.7;3.7
3058;Totaal mannen en vrouwen;0;0;7;Één jaar na afstuderen;9;Cohort 2002/'03;1.9;2.2;1.8;2.1;1.8;2.1;;;2.0;2.2;;;2.0;2.2;;
3059;Totaal mannen en vrouwen;0;0;7;Één jaar na afstuderen;9;Cohort 2003/'04;2.1;2.1;2.1;2.1;2.1;2.1;;;2.1;2.1;;;2.1;2.1;;
3060;Totaal mannen en vrouwen;0;0;7;Één jaar na afstuderen;M Onderwijs;Cohort 1999/'00;1.8;2.1;1.9;2.2;1.9;2.2;0.8;;1.7;1.7;;;1.7;1.7;;
3061;Totaal mannen en vrouwen;0;0;7;Één jaar na afstuderen;M Onderwijs;Cohort 2000/'01;2.0;2.2;1.9;2.2;1.9;2.2;;;2.0;2.1;;;2.0;2.1;;
3062;Totaal mannen en vrouwen;0;0;7;Één jaar na afstuderen;M Onderwijs;Cohort 2001/'02;2.0;2.3;2.0;2.4;2.0;2.4;;;2.2;2.1;;;2.2;2.1;;
3063;Totaal mannen en vrouwen;0;0;7;Één jaar na afstuderen;M Onderwijs;Cohort 2002/'03;2.0;2.1;2.0;2.2;2.0;2.2;;;1.9;2.0;;;2.1;2.0;0.9;
3064;Totaal mannen en vrouwen;0;0;7;Één jaar na afstuderen;M Onderwijs;Cohort 2003/'04;2.1;2.3;2.1;2.4;2.1;2.4;1.8;;1.9;2.1;;;1.9;2.1;2.5;
3065;Totaal mannen en vrouwen;0;0;7;Één jaar na afstuderen;N Gezondheids- en welzijnszorg;Cohort 1999/'00;2.0;2.2;1.8;2.0;1.8;2.0;;;2.3;2.5;;;2.0;2.2;2.6;2.6
3066;Totaal mannen en vrouwen;0;0;7;Één jaar na afstuderen;N Gezondheids- en welzijnszorg;Cohort 2000/'01;2.2;2.4;1.9;2.1;1.9;2.1;;;2.7;3.1;;;2.1;2.4;2.8;3.1
3067;Totaal mannen en vrouwen;0;0;7;Één jaar na afstuderen;N Gezondheids- en welzijnszorg;Cohort 2001/'02;2.1;2.6;1.9;2.3;1.9;2.3;;;2.4;2.9;;;2.1;2.6;2.8;3.1
3068;Totaal mannen en vrouwen;0;0;7;Één jaar na afstuderen;N Gezondheids- en welzijnszorg;Cohort 2002/'03;2.2;2.5;1.9;2.1;1.9;2.1;;;2.8;3.2;;;2.0;2.1;3.8;3.9
3069;Totaal mannen en vrouwen;0;0;7;Één jaar na afstuderen;N Gezondheids- en welzijnszorg;Cohort 2003/'04;2.1;2.5;1.9;2.1;1.9;2.1;;;2.3;2.7;;;2.0;2.3;2.6;2.9
3070;Totaal mannen en vrouwen;0;0;7;Één jaar na afstuderen;9000e Milieu, cultuur, recreatie en ..;Cohort 1999/'00;1.7;2.1;1.3;1.9;1.3;1.9;;;1.9;2.2;;;1.8;2.2;2.2;2.2
3071;Totaal mannen en vrouwen;0;0;7;Één jaar na afstuderen;9000e Milieu, cultuur, recreatie en ..;Cohort 2000/'01;1.6;1.8;1.4;2.0;1.4;2.0;;;1.8;1.7;;;1.6;1.5;2.4;2.4
3072;Totaal mannen en vrouwen;0;0;7;Één jaar na afstuderen;9000e Milieu, cultuur, recreatie en ..;Cohort 2001/'02;2.1;2.6;2.1;2.6;2.0;2.6;2.4;2.4;2.5;2.5;;;;;2.5;2.5
3073;Totaal mannen en vrouwen;0;0;7;Één jaar na afstuderen;9000e Milieu, cultuur, recreatie en ..;Cohort 2002/'03;1.4;1.9;1.3;2.0;1.3;2.0;;;1.6;1.8;;;1.6;1.8;;
3074;Totaal mannen en vrouwen;0;0;7;Één jaar na afstuderen;9000e Milieu, cultuur, recreatie en ..;Cohort 2003/'04;1.7;2.0;1.7;2.0;1.7;2.0;;;;;;;;;;
3075;Totaal mannen en vrouwen;0;0;7;Één jaar na afstuderen;Onbekend;Cohort 1999/'00;3.1;3.1;;;;;;;3.1;3.1;;;3.1;3.1;;
3076;Totaal mannen en vrouwen;0;0;7;Één jaar na afstuderen;Onbekend;Cohort 2000/'01;;;;;;;;;;;;;;;;
3077;Totaal mannen en vrouwen;0;0;7;Één jaar na afstuderen;Onbekend;Cohort 2001/'02;1.0;1.0;1.0;1.0;1.0;1.0;;;;;;;;;;
3078;Totaal mannen en vrouwen;0;0;7;Één jaar na afstuderen;Onbekend;Cohort 2002/'03;0.1;;;;;;;;0.1;;;;0.1;;;
3079;Totaal mannen en vrouwen;0;0;7;Één jaar na afstuderen;Onbekend;Cohort 2003/'04;;;;;;;;;;;;;;;;
3080;Totaal mannen en vrouwen;0;0;7;Twee jaar na afstuderen;0;Cohort 1999/'00;2.4;2.6;2.2;2.4;2.2;2.4;1.9;;2.7;2.8;;;2.7;2.8;2.8;2.9
3081;Totaal mannen en vrouwen;0;0;7;Twee jaar na afstuderen;0;Cohort 2000/'01;2.3;2.5;2.1;2.3;2.1;2.3;;;2.7;2.8;;;2.6;2.7;3.2;3.3
3082;Totaal mannen en vrouwen;0;0;7;Twee jaar na afstuderen;0;Cohort 2001/'02;2.2;2.5;2.1;2.4;2.1;2.4;;;2.5;2.7;;;2.4;2.6;2.9;3.2
3083;Totaal mannen en vrouwen;0;0;7;Twee jaar na afstuderen;0;Cohort 2002/'03;2.3;2.5;2.1;2.4;2.1;2.4;0.7;;2.6;2.7;0.9;0.9;2.5;2.6;3.4;3.4
3084;Totaal mannen en vrouwen;0;0;7;Twee jaar na afstuderen;0;Cohort 2003/'04;2.5;2.8;2.4;2.7;2.4;2.7;2.0;;2.8;3.0;1.2;;2.8;3.0;3.1;3.2
3085;Totaal mannen en vrouwen;0;0;7;Twee jaar na afstuderen;1;Cohort 1999/'00;;;;;;;;;;;;;;;;
3086;Totaal mannen en vrouwen;0;0;7;Twee jaar na afstuderen;1;Cohort 2000/'01;2.4;2.4;2.4;2.4;2.4;2.4;;;;;;;;;;
3087;Totaal mannen en vrouwen;0;0;7;Twee jaar na afstuderen;1;Cohort 2001/'02;;;;;;;;;;;;;;;;
3088;Totaal mannen en vrouwen;0;0;7;Twee jaar na afstuderen;1;Cohort 2002/'03;;;;;;;;;;;;;;;;
3089;Totaal mannen en vrouwen;0;0;7;Twee jaar na afstuderen;1;Cohort 2003/'04;;;;;;;;;;;;;;;;
3090;Totaal mannen en vrouwen;0;0;7;Twee jaar na afstuderen;2;Cohort 1999/'00;2.8;2.8;2.4;2.4;2.4;2.4;;;3.3;3.3;;;3.3;3.3;;
3091;Totaal mannen en vrouwen;0;0;7;Twee jaar na afstuderen;2;Cohort 2000/'01;2.5;2.7;2.3;2.5;2.3;2.5;;;3.0;3.0;;;3.0;3.0;;
3092;Totaal mannen en vrouwen;0;0;7;Twee jaar na afstuderen;2;Cohort 2001/'02;2.5;2.5;2.5;2.5;2.5;2.5;;;2.5;2.6;;;2.5;2.6;;
3093;Totaal mannen en vrouwen;0;0;7;Twee jaar na afstuderen;2;Cohort 2002/'03;2.3;2.4;2.3;2.4;2.3;2.4;;;2.0;2.0;;;2.0;2.0;;
3094;Totaal mannen en vrouwen;0;0;7;Twee jaar na afstuderen;2;Cohort 2003/'04;3.0;3.0;2.9;3.0;2.9;3.0;;;3.0;3.0;;;3.0;3.0;;
3095;Totaal mannen en vrouwen;0;0;7;Twee jaar na afstuderen;3;Cohort 1999/'00;2.3;2.5;2.1;2.4;2.1;2.4;;;2.6;2.9;;;1.8;;2.8;2.9
3096;Totaal mannen en vrouwen;0;0;7;Twee jaar na afstuderen;3;Cohort 2000/'01;2.2;2.5;2.1;2.4;2.1;2.4;;;2.6;2.6;;;2.6;2.6;;
3097;Totaal mannen en vrouwen;0;0;7;Twee jaar na afstuderen;3;Cohort 2001/'02;2.2;2.4;2.1;2.4;2.1;2.4;;;2.7;;;;;;2.7;
3098;Totaal mannen en vrouwen;0;0;7;Twee jaar na afstuderen;3;Cohort 2002/'03;2.5;2.7;2.3;2.6;2.3;2.6;;;3.0;3.0;;;2.9;2.9;3.2;3.2
3099;Totaal mannen en vrouwen;0;0;7;Twee jaar na afstuderen;3;Cohort 2003/'04;2.5;2.8;2.6;2.8;2.6;2.8;;;2.1;3.1;1.2;;2.4;3.1;;
3100;Totaal mannen en vrouwen;0;0;7;Twee jaar na afstuderen;4;Cohort 1999/'00;2.3;3.9;2.3;3.9;2.3;3.9;;;;;;;;;;
3101;Totaal mannen en vrouwen;0;0;7;Twee jaar na afstuderen;4;Cohort 2000/'01;1.9;2.0;2.0;2.0;2.0;2.0;;;1.6;;;;1.6;;;
3102;Totaal mannen en vrouwen;0;0;7;Twee jaar na afstuderen;4;Cohort 2001/'02;1.5;2.0;1.6;2.0;1.6;2.0;;;0.4;;;;0.4;;;
3103;Totaal mannen en vrouwen;0;0;7;Twee jaar na afstuderen;4;Cohort 2002/'03;1.2;1.8;1.2;1.8;1.2;1.8;;;;;;;;;;
3104;Totaal mannen en vrouwen;0;0;7;Twee jaar na afstuderen;4;Cohort 2003/'04;1.5;1.7;1.5;1.7;1.5;1.7;;;;;;;;;;
3105;Totaal mannen en vrouwen;0;0;7;Twee jaar na afstuderen;5;Cohort 1999/'00;2.4;2.6;2.0;2.2;2.0;2.2;;;3.2;3.2;;;3.2;3.2;;
3106;Totaal mannen en vrouwen;0;0;7;Twee jaar na afstuderen;5;Cohort 2000/'01;2.6;2.6;2.3;2.3;2.3;2.3;;;2.7;2.7;;;2.7;2.7;;
3107;Totaal mannen en vrouwen;0;0;7;Twee jaar na afstuderen;5;Cohort 2001/'02;2.6;2.8;2.4;2.7;2.4;2.7;;;2.9;2.9;;;2.9;2.9;;
3108;Totaal mannen en vrouwen;0;0;7;Twee jaar na afstuderen;5;Cohort 2002/'03;2.3;2.7;2.0;2.5;2.0;2.5;;;3.1;3.1;;;3.1;3.1;;
3109;Totaal mannen en vrouwen;0;0;7;Twee jaar na afstuderen;5;Cohort 2003/'04;2.5;2.5;2.5;2.4;2.5;2.4;;;2.7;2.7;;;2.7;2.7;;
3110;Totaal mannen en vrouwen;0;0;7;Twee jaar na afstuderen;6;Cohort 1999/'00;3.3;3.3;2.6;2.6;2.6;2.6;;;3.6;3.7;;;3.6;3.7;;
3111;Totaal mannen en vrouwen;0;0;7;Twee jaar na afstuderen;6;Cohort 2000/'01;2.8;2.8;2.4;2.4;2.4;2.4;;;3.3;3.3;;;3.3;3.3;;
3112;Totaal mannen en vrouwen;0;0;7;Twee jaar na afstuderen;6;Cohort 2001/'02;2.4;2.5;2.4;2.4;2.4;2.4;;;2.3;2.6;;;2.3;2.6;;
3113;Totaal mannen en vrouwen;0;0;7;Twee jaar na afstuderen;6;Cohort 2002/'03;2.4;2.5;2.2;2.4;2.2;2.4;;;2.7;2.7;;;2.7;2.7;;
3114;Totaal mannen en vrouwen;0;0;7;Twee jaar na afstuderen;6;Cohort 2003/'04;3.6;3.7;3.0;3.0;3.0;3.0;;;5.2;5.2;;;5.2;5.2;;
3115;Totaal mannen en vrouwen;0;0;7;Twee jaar na afstuderen;7;Cohort 1999/'00;2.4;2.5;2.3;2.5;2.3;2.5;;;2.6;2.6;;;2.6;2.6;;
3116;Totaal mannen en vrouwen;0;0;7;Twee jaar na afstuderen;7;Cohort 2000/'01;2.3;2.4;2.2;2.3;2.2;2.3;;;2.6;2.6;;;2.6;2.6;2.5;
3117;Totaal mannen en vrouwen;0;0;7;Twee jaar na afstuderen;7;Cohort 2001/'02;2.4;2.5;2.2;2.3;2.2;2.3;;;2.6;2.6;;;2.6;2.6;2.6;2.6
3118;Totaal mannen en vrouwen;0;0;7;Twee jaar na afstuderen;7;Cohort 2002/'03;2.4;2.4;2.1;2.0;2.1;2.0;;;2.6;2.6;;;2.6;2.6;;
3119;Totaal mannen en vrouwen;0;0;7;Twee jaar na afstuderen;7;Cohort 2003/'04;2.7;2.8;2.5;2.6;2.5;2.6;;;2.9;3.0;;;2.9;3.0;;
3120;Totaal mannen en vrouwen;0;0;7;Twee jaar na afstuderen;8;Cohort 1999/'00;1.8;2.1;1.7;2.0;1.7;2.0;;;2.2;2.4;;;2.2;2.4;;
3121;Totaal mannen en vrouwen;0;0;7;Twee jaar na afstuderen;8;Cohort 2000/'01;2.0;2.4;2.0;2.4;2.0;2.4;;;1.9;2.3;;;1.9;2.3;2.2;
3122;Totaal mannen en vrouwen;0;0;7;Twee jaar na afstuderen;8;Cohort 2001/'02;1.7;2.1;1.8;2.1;1.8;2.1;;;1.3;;;;1.1;;2.1;
3123;Totaal mannen en vrouwen;0;0;7;Twee jaar na afstuderen;8;Cohort 2002/'03;2.2;2.4;2.2;2.5;2.3;2.5;0.7;;1.3;1.3;;;1.3;1.3;;
3124;Totaal mannen en vrouwen;0;0;7;Twee jaar na afstuderen;8;Cohort 2003/'04;2.2;2.8;2.2;2.8;2.2;2.8;;;2.2;2.9;;;2.2;2.9;;
3125;Totaal mannen en vrouwen;0;0;7;Twee jaar na afstuderen;9;Cohort 1999/'00;2.2;2.3;2.2;2.3;2.2;2.3;;;2.2;2.3;;;2.2;2.3;;
3126;Totaal mannen en vrouwen;0;0;7;Twee jaar na afstuderen;9;Cohort 2000/'01;2.5;2.7;2.1;2.3;2.1;2.3;;;2.8;2.8;;;2.7;2.7;4.1;4.1
3127;Totaal mannen en vrouwen;0;0;7;Twee jaar na afstuderen;9;Cohort 2001/'02;2.5;2.6;2.5;2.5;2.5;2.5;;;2.5;2.6;;;2.4;2.5;4.2;4.2
3128;Totaal mannen en vrouwen;0;0;7;Twee jaar na afstuderen;9;Cohort 2002/'03;2.2;2.6;2.1;2.6;2.1;2.6;;;2.5;2.6;;;2.5;2.6;;
3129;Totaal mannen en vrouwen;0;0;7;Twee jaar na afstuderen;9;Cohort 2003/'04;2.5;2.5;2.5;2.6;2.5;2.6;;;2.5;2.5;;;2.5;2.5;2.2;2.2
3130;Totaal mannen en vrouwen;0;0;7;Twee jaar na afstuderen;M Onderwijs;Cohort 1999/'00;2.1;2.3;2.1;2.3;2.1;2.3;1.9;;2.0;2.5;;;2.0;2.5;;
3131;Totaal mannen en vrouwen;0;0;7;Twee jaar na afstuderen;M Onderwijs;Cohort 2000/'01;2.0;2.3;2.0;2.3;2.0;2.3;;;2.1;2.4;;;2.1;2.4;;
3132;Totaal mannen en vrouwen;0;0;7;Twee jaar na afstuderen;M Onderwijs;Cohort 2001/'02;2.2;2.5;2.2;2.5;2.2;2.5;;;2.1;2.4;;;2.1;2.4;;
3133;Totaal mannen en vrouwen;0;0;7;Twee jaar na afstuderen;M Onderwijs;Cohort 2002/'03;2.2;2.5;2.2;2.5;2.2;2.5;;;2.2;2.3;;;2.2;2.3;2.2;2.2
3134;Totaal mannen en vrouwen;0;0;7;Twee jaar na afstuderen;M Onderwijs;Cohort 2003/'04;2.3;2.4;2.4;2.5;2.4;2.5;2.0;;2.2;2.2;;;2.2;2.2;;
3135;Totaal mannen en vrouwen;0;0;7;Twee jaar na afstuderen;N Gezondheids- en welzijnszorg;Cohort 1999/'00;2.3;2.5;2.3;2.4;2.3;2.4;;;2.5;2.7;;;2.1;2.0;2.9;3.1
3136;Totaal mannen en vrouwen;0;0;7;Twee jaar na afstuderen;N Gezondheids- en welzijnszorg;Cohort 2000/'01;2.3;2.7;2.0;2.4;2.0;2.4;;;3.1;3.3;;;2.3;3.3;3.4;3.3
3137;Totaal mannen en vrouwen;0;0;7;Twee jaar na afstuderen;N Gezondheids- en welzijnszorg;Cohort 2001/'02;2.3;2.6;2.1;2.4;2.1;2.4;;;2.8;3.1;;;2.6;2.7;2.9;3.2
3138;Totaal mannen en vrouwen;0;0;7;Twee jaar na afstuderen;N Gezondheids- en welzijnszorg;Cohort 2002/'03;2.3;2.7;2.1;2.3;2.1;2.3;;;2.8;3.3;;;1.9;2.0;3.6;3.7
3139;Totaal mannen en vrouwen;0;0;7;Twee jaar na afstuderen;N Gezondheids- en welzijnszorg;Cohort 2003/'04;2.5;2.9;2.1;2.5;2.1;2.5;;;2.9;3.1;;;2.4;2.6;3.2;3.3
3140;Totaal mannen en vrouwen;0;0;7;Twee jaar na afstuderen;9000e Milieu, cultuur, recreatie en ..;Cohort 1999/'00;2.2;2.4;2.2;2.2;2.2;2.2;;;2.2;2.5;;;2.0;2.6;2.5;2.5
3141;Totaal mannen en vrouwen;0;0;7;Twee jaar na afstuderen;9000e Milieu, cultuur, recreatie en ..;Cohort 2000/'01;2.0;2.0;1.5;1.8;1.5;1.8;;;2.5;2.3;;;2.5;2.2;2.6;2.6
3142;Totaal mannen en vrouwen;0;0;7;Twee jaar na afstuderen;9000e Milieu, cultuur, recreatie en ..;Cohort 2001/'02;2.3;2.3;2.3;2.3;2.3;2.3;;;2.5;2.5;;;;;2.5;2.5
3143;Totaal mannen en vrouwen;0;0;7;Twee jaar na afstuderen;9000e Milieu, cultuur, recreatie en ..;Cohort 2002/'03;1.8;2.1;1.8;2.2;1.8;2.2;;;1.8;2.0;0.9;0.9;1.9;2.4;2.4;2.4
3144;Totaal mannen en vrouwen;0;0;7;Twee jaar na afstuderen;9000e Milieu, cultuur, recreatie en ..;Cohort 2003/'04;2.0;2.8;2.0;2.8;2.0;2.8;;;;;;;;;;
3145;Totaal mannen en vrouwen;0;0;7;Twee jaar na afstuderen;Onbekend;Cohort 1999/'00;3.1;3.1;;;;;;;3.1;3.1;;;3.1;3.1;;
3146;Totaal mannen en vrouwen;0;0;7;Twee jaar na afstuderen;Onbekend;Cohort 2000/'01;;;;;;;;;;;;;;;;
3147;Totaal mannen en vrouwen;0;0;7;Twee jaar na afstuderen;Onbekend;Cohort 2001/'02;;;;;;;;;;;;;;;;
3148;Totaal mannen en vrouwen;0;0;7;Twee jaar na afstuderen;Onbekend;Cohort 2002/'03;;;;;;;;;;;;;;;;
3149;Totaal mannen en vrouwen;0;0;7;Twee jaar na afstuderen;Onbekend;Cohort 2003/'04;;;;;;;;;;;;;;;;
3150;Totaal mannen en vrouwen;0;0;7;Drie jaar na afstuderen;0;Cohort 1999/'00;2.5;2.7;2.3;2.5;2.3;2.5;2.0;;2.8;3.1;;;2.8;3.1;2.9;3.2
3151;Totaal mannen en vrouwen;0;0;7;Drie jaar na afstuderen;0;Cohort 2000/'01;2.5;2.7;2.3;2.5;2.3;2.5;;;2.9;3.0;;;2.8;3.0;3.4;3.3
3152;Totaal mannen en vrouwen;0;0;7;Drie jaar na afstuderen;0;Cohort 2001/'02;2.5;2.7;2.3;2.5;2.3;2.5;1.1;;2.9;3.1;;;2.8;3.0;3.3;3.4
3153;Totaal mannen en vrouwen;0;0;7;Drie jaar na afstuderen;0;Cohort 2002/'03;2.5;2.9;2.4;2.8;2.4;2.8;0.8;;2.9;3.1;2.3;2.3;2.9;3.1;3.0;3.4
3154;Totaal mannen en vrouwen;0;0;7;Drie jaar na afstuderen;0;Cohort 2003/'04;2.9;3.1;2.7;3.0;2.7;3.0;;;3.1;3.4;2.1;;3.1;3.4;3.2;3.2
3155;Totaal mannen en vrouwen;0;0;7;Drie jaar na afstuderen;1;Cohort 1999/'00;;;;;;;;;;;;;;;;
3156;Totaal mannen en vrouwen;0;0;7;Drie jaar na afstuderen;1;Cohort 2000/'01;2.2;2.2;2.2;2.2;2.2;2.2;;;;;;;;;;
3157;Totaal mannen en vrouwen;0;0;7;Drie jaar na afstuderen;1;Cohort 2001/'02;;;;;;;;;;;;;;;;
3158;Totaal mannen en vrouwen;0;0;7;Drie jaar na afstuderen;1;Cohort 2002/'03;;;;;;;;;;;;;;;;
3159;Totaal mannen en vrouwen;0;0;7;Drie jaar na afstuderen;1;Cohort 2003/'04;2.2;2.2;2.2;2.2;2.2;2.2;;;;;;;;;;
3160;Totaal mannen en vrouwen;0;0;7;Drie jaar na afstuderen;2;Cohort 1999/'00;2.9;2.9;2.6;2.6;2.6;2.6;;;3.0;3.0;;;3.0;3.0;;
3161;Totaal mannen en vrouwen;0;0;7;Drie jaar na afstuderen;2;Cohort 2000/'01;2.6;2.6;2.4;2.5;2.4;2.5;;;2.9;2.9;;;2.9;2.9;;
3162;Totaal mannen en vrouwen;0;0;7;Drie jaar na afstuderen;2;Cohort 2001/'02;2.8;2.8;2.7;2.7;2.7;2.7;;;3.1;3.1;;;3.1;3.1;;
3163;Totaal mannen en vrouwen;0;0;7;Drie jaar na afstuderen;2;Cohort 2002/'03;2.6;2.6;2.6;2.7;2.6;2.7;;;2.4;2.4;;;2.4;2.4;;
3164;Totaal mannen en vrouwen;0;0;7;Drie jaar na afstuderen;2;Cohort 2003/'04;3.3;3.3;3.2;3.3;3.2;3.3;;;3.5;3.5;;;3.5;3.5;;
3165;Totaal mannen en vrouwen;0;0;7;Drie jaar na afstuderen;3;Cohort 1999/'00;2.6;2.6;2.4;2.4;2.4;2.4;;;3.1;3.3;;;3.0;3.4;3.2;3.2
3166;Totaal mannen en vrouwen;0;0;7;Drie jaar na afstuderen;3;Cohort 2000/'01;2.3;2.6;2.3;2.7;2.3;2.7;;;2.2;2.2;;;2.2;2.2;;
3167;Totaal mannen en vrouwen;0;0;7;Drie jaar na afstuderen;3;Cohort 2001/'02;2.3;2.6;2.3;2.6;2.3;2.6;;;2.5;2.5;;;;;2.5;2.5
3168;Totaal mannen en vrouwen;0;0;7;Drie jaar na afstuderen;3;Cohort 2002/'03;2.8;3.4;2.8;3.5;2.8;3.5;;;3.0;3.0;;;3.0;3.0;;
3169;Totaal mannen en vrouwen;0;0;7;Drie jaar na afstuderen;3;Cohort 2003/'04;2.9;3.1;2.9;3.0;2.9;3.0;;;2.8;4.0;;;2.8;4.0;;
3170;Totaal mannen en vrouwen;0;0;7;Drie jaar na afstuderen;4;Cohort 1999/'00;2.2;2.6;2.2;2.6;2.2;2.6;;;;;;;;;;
3171;Totaal mannen en vrouwen;0;0;7;Drie jaar na afstuderen;4;Cohort 2000/'01;2.2;2.2;2.2;2.2;2.2;2.2;;;2.3;;;;2.3;;;
3172;Totaal mannen en vrouwen;0;0;7;Drie jaar na afstuderen;4;Cohort 2001/'02;2.0;2.0;2.0;2.0;2.0;2.0;;;;;;;;;;
3173;Totaal mannen en vrouwen;0;0;7;Drie jaar na afstuderen;4;Cohort 2002/'03;1.3;2.0;1.3;2.0;1.3;2.0;;;;;;;;;;
3174;Totaal mannen en vrouwen;0;0;7;Drie jaar na afstuderen;4;Cohort 2003/'04;2.0;2.0;2.1;2.1;2.1;2.1;;;1.9;1.9;;;1.9;1.9;;
3175;Totaal mannen en vrouwen;0;0;7;Drie jaar na afstuderen;5;Cohort 1999/'00;2.4;2.8;1.9;1.9;1.9;1.9;;;3.0;3.5;;;3.0;3.5;;
3176;Totaal mannen en vrouwen;0;0;7;Drie jaar na afstuderen;5;Cohort 2000/'01;2.6;2.6;2.2;2.2;2.2;2.2;;;3.1;3.1;;;3.1;3.1;;
3177;Totaal mannen en vrouwen;0;0;7;Drie jaar na afstuderen;5;Cohort 2001/'02;2.6;2.6;2.5;2.5;2.5;2.5;;;3.2;3.2;;;3.2;3.2;;
3178;Totaal mannen en vrouwen;0;0;7;Drie jaar na afstuderen;5;Cohort 2002/'03;3.0;3.2;2.7;3.3;2.7;3.3;;;3.5;3.2;;;3.5;3.2;;
3179;Totaal mannen en vrouwen;0;0;7;Drie jaar na afstuderen;5;Cohort 2003/'04;2.1;2.6;2.1;2.6;2.1;2.6;;;;;;;;;;
3180;Totaal mannen en vrouwen;0;0;7;Drie jaar na afstuderen;6;Cohort 1999/'00;3.4;3.5;2.8;2.8;2.8;2.8;;;3.6;3.8;;;3.6;3.8;3.8;3.8
3181;Totaal mannen en vrouwen;0;0;7;Drie jaar na afstuderen;6;Cohort 2000/'01;3.2;3.2;2.7;2.7;2.7;2.7;;;3.8;3.8;;;3.8;3.8;;
3182;Totaal mannen en vrouwen;0;0;7;Drie jaar na afstuderen;6;Cohort 2001/'02;2.9;2.9;2.5;2.5;2.5;2.5;;;3.9;3.9;;;3.9;3.9;;
3183;Totaal mannen en vrouwen;0;0;7;Drie jaar na afstuderen;6;Cohort 2002/'03;3.0;3.0;2.8;3.0;2.8;3.0;;;3.1;3.1;;;3.1;3.1;;
3184;Totaal mannen en vrouwen;0;0;7;Drie jaar na afstuderen;6;Cohort 2003/'04;4.2;4.3;3.2;3.3;3.2;3.3;;;5.9;6.3;;;5.9;6.3;;
3185;Totaal mannen en vrouwen;0;0;7;Drie jaar na afstuderen;7;Cohort 1999/'00;2.6;2.7;2.5;2.6;2.5;2.6;;;2.8;2.9;;;2.8;2.9;;
3186;Totaal mannen en vrouwen;0;0;7;Drie jaar na afstuderen;7;Cohort 2000/'01;2.5;2.6;2.4;2.5;2.4;2.5;;;2.7;2.9;;;2.8;2.9;2.5;2.8
3187;Totaal mannen en vrouwen;0;0;7;Drie jaar na afstuderen;7;Cohort 2001/'02;2.7;2.8;2.4;2.4;2.4;2.4;;;3.2;3.3;;;3.2;3.3;;
3188;Totaal mannen en vrouwen;0;0;7;Drie jaar na afstuderen;7;Cohort 2002/'03;2.7;3.0;2.4;2.6;2.4;2.6;;;3.1;3.2;;;3.1;3.2;;
3189;Totaal mannen en vrouwen;0;0;7;Drie jaar na afstuderen;7;Cohort 2003/'04;3.0;3.2;2.8;3.0;2.8;3.0;;;3.3;3.4;;;3.3;3.4;;
3190;Totaal mannen en vrouwen;0;0;7;Drie jaar na afstuderen;8;Cohort 1999/'00;2.3;2.5;2.1;2.2;2.1;2.2;;;3.7;4.5;;;3.7;4.5;;
3191;Totaal mannen en vrouwen;0;0;7;Drie jaar na afstuderen;8;Cohort 2000/'01;2.2;2.6;2.1;2.6;2.1;2.6;;;2.4;2.5;;;2.4;2.5;;
3192;Totaal mannen en vrouwen;0;0;7;Drie jaar na afstuderen;8;Cohort 2001/'02;1.9;2.4;1.9;2.5;1.9;2.5;;;1.9;2.3;;;1.6;1.5;3.8;3.8
3193;Totaal mannen en vrouwen;0;0;7;Drie jaar na afstuderen;8;Cohort 2002/'03;2.3;2.8;2.3;2.8;2.4;2.8;0.8;;2.7;2.8;;;2.7;2.8;;
3194;Totaal mannen en vrouwen;0;0;7;Drie jaar na afstuderen;8;Cohort 2003/'04;2.9;3.3;3.1;3.5;3.1;3.5;;;2.4;2.7;2.1;;2.4;2.7;;
3195;Totaal mannen en vrouwen;0;0;7;Drie jaar na afstuderen;9;Cohort 1999/'00;2.3;2.5;2.2;2.4;2.2;2.4;;;2.7;2.7;;;2.7;2.7;;
3196;Totaal mannen en vrouwen;0;0;7;Drie jaar na afstuderen;9;Cohort 2000/'01;2.6;2.7;2.3;2.4;2.3;2.4;;;2.9;3.0;;;2.8;2.9;4.4;4.4
3197;Totaal mannen en vrouwen;0;0;7;Drie jaar na afstuderen;9;Cohort 2001/'02;2.7;2.8;2.5;2.5;2.5;2.5;;;2.9;2.9;;;2.8;2.8;4.0;4.0
3198;Totaal mannen en vrouwen;0;0;7;Drie jaar na afstuderen;9;Cohort 2002/'03;2.4;2.6;2.3;2.5;2.3;2.5;;;2.7;2.8;;;2.7;2.8;;
3199;Totaal mannen en vrouwen;0;0;7;Drie jaar na afstuderen;9;Cohort 2003/'04;2.5;2.7;2.5;2.5;2.5;2.5;;;2.5;3.0;;;2.4;3.0;3.0;3.0
3200;Totaal mannen en vrouwen;0;0;7;Drie jaar na afstuderen;M Onderwijs;Cohort 1999/'00;2.0;2.4;2.1;2.4;2.1;2.4;2.0;;1.6;2.2;;;1.6;2.2;;
3201;Totaal mannen en vrouwen;0;0;7;Drie jaar na afstuderen;M Onderwijs;Cohort 2000/'01;2.3;2.7;2.3;2.8;2.3;2.8;;;2.3;2.5;;;2.3;2.5;;
3202;Totaal mannen en vrouwen;0;0;7;Drie jaar na afstuderen;M Onderwijs;Cohort 2001/'02;2.4;2.6;2.3;2.6;2.3;2.6;;;2.6;2.8;;;2.6;2.8;;
3203;Totaal mannen en vrouwen;0;0;7;Drie jaar na afstuderen;M Onderwijs;Cohort 2002/'03;2.4;2.7;2.4;2.7;2.4;2.7;;;2.4;2.5;;;2.4;2.5;;
3204;Totaal mannen en vrouwen;0;0;7;Drie jaar na afstuderen;M Onderwijs;Cohort 2003/'04;2.4;2.6;2.4;2.6;2.4;2.6;;;2.5;2.6;;;2.5;2.7;2.1;2.1
3205;Totaal mannen en vrouwen;0;0;7;Drie jaar na afstuderen;N Gezondheids- en welzijnszorg;Cohort 1999/'00;2.2;2.4;2.1;2.3;2.1;2.3;;;2.4;2.8;;;2.2;2.1;2.5;3.2
3206;Totaal mannen en vrouwen;0;0;7;Drie jaar na afstuderen;N Gezondheids- en welzijnszorg;Cohort 2000/'01;2.5;2.7;2.1;2.4;2.1;2.4;;;3.2;3.1;;;2.4;2.6;3.6;3.3
3207;Totaal mannen en vrouwen;0;0;7;Drie jaar na afstuderen;N Gezondheids- en welzijnszorg;Cohort 2001/'02;2.4;2.7;2.1;2.4;2.1;2.4;;;2.9;3.1;;;2.5;2.5;3.3;3.4
3208;Totaal mannen en vrouwen;0;0;7;Drie jaar na afstuderen;N Gezondheids- en welzijnszorg;Cohort 2002/'03;2.5;2.9;2.3;2.6;2.3;2.6;;;2.9;3.6;;;2.6;3.9;3.0;3.4
3209;Totaal mannen en vrouwen;0;0;7;Drie jaar na afstuderen;N Gezondheids- en welzijnszorg;Cohort 2003/'04;2.7;3.1;2.3;2.8;2.3;2.8;;;3.0;3.2;;;2.7;3.0;3.3;3.4
3210;Totaal mannen en vrouwen;0;0;7;Drie jaar na afstuderen;9000e Milieu, cultuur, recreatie en ..;Cohort 1999/'00;2.2;2.5;2.2;2.3;2.2;2.3;;;2.3;2.9;;;2.1;3.3;2.7;2.7
3211;Totaal mannen en vrouwen;0;0;7;Drie jaar na afstuderen;9000e Milieu, cultuur, recreatie en ..;Cohort 2000/'01;2.3;2.6;2.0;2.3;2.0;2.3;;;2.6;2.8;;;2.6;2.9;2.6;2.6
3212;Totaal mannen en vrouwen;0;0;7;Drie jaar na afstuderen;9000e Milieu, cultuur, recreatie en ..;Cohort 2001/'02;1.8;2.2;1.7;2.2;1.8;2.2;1.1;;2.5;2.5;;;;;2.5;2.5
3213;Totaal mannen en vrouwen;0;0;7;Drie jaar na afstuderen;9000e Milieu, cultuur, recreatie en ..;Cohort 2002/'03;2.2;2.5;2.3;2.5;2.3;2.5;;;2.2;2.4;2.3;2.3;2.1;2.4;2.7;2.7
3214;Totaal mannen en vrouwen;0;0;7;Drie jaar na afstuderen;9000e Milieu, cultuur, recreatie en ..;Cohort 2003/'04;1.9;2.4;1.9;2.2;1.9;2.2;;;1.9;2.7;;;0.1;;2.7;2.7
3215;Totaal mannen en vrouwen;0;0;7;Drie jaar na afstuderen;Onbekend;Cohort 1999/'00;2.9;2.9;;;;;;;2.9;2.9;;;2.5;2.5;3.3;3.3
3216;Totaal mannen en vrouwen;0;0;7;Drie jaar na afstuderen;Onbekend;Cohort 2000/'01;;;;;;;;;;;;;;;;
3217;Totaal mannen en vrouwen;0;0;7;Drie jaar na afstuderen;Onbekend;Cohort 2001/'02;;;;;;;;;;;;;;;;
3218;Totaal mannen en vrouwen;0;0;7;Drie jaar na afstuderen;Onbekend;Cohort 2002/'03;;;;;;;;;;;;;;;;
3219;Totaal mannen en vrouwen;0;0;7;Drie jaar na afstuderen;Onbekend;Cohort 2003/'04;;;;;;;;;;;;;;;;
3220;Totaal mannen en vrouwen;0;0;7;Vier jaar na afstuderen;0;Cohort 1999/'00;2.7;3.0;2.4;2.7;2.5;2.7;1.8;;3.3;3.6;;;3.3;3.6;3.4;3.6
3221;Totaal mannen en vrouwen;0;0;7;Vier jaar na afstuderen;0;Cohort 2000/'01;2.8;3.0;2.5;2.8;2.5;2.8;;;3.2;3.3;;;3.1;3.3;3.7;3.5
3222;Totaal mannen en vrouwen;0;0;7;Vier jaar na afstuderen;0;Cohort 2001/'02;2.8;3.1;2.5;2.8;2.5;2.8;2.2;3.0;3.3;3.5;;;3.2;3.5;3.6;3.8
3223;Totaal mannen en vrouwen;0;0;7;Vier jaar na afstuderen;0;Cohort 2002/'03;2.8;3.1;2.6;2.9;2.6;2.9;;;3.2;3.5;2.8;2.8;3.3;3.5;3.2;3.6
3224;Totaal mannen en vrouwen;0;0;7;Vier jaar na afstuderen;0;Cohort 2003/'04;3.0;3.4;2.8;3.2;2.8;3.2;2.2;;3.4;3.7;2.3;;3.4;3.7;3.6;3.6
3225;Totaal mannen en vrouwen;0;0;7;Vier jaar na afstuderen;1;Cohort 1999/'00;;;;;;;;;;;;;;;;
3226;Totaal mannen en vrouwen;0;0;7;Vier jaar na afstuderen;1;Cohort 2000/'01;2.3;2.3;2.3;2.3;2.3;2.3;;;;;;;;;;
3227;Totaal mannen en vrouwen;0;0;7;Vier jaar na afstuderen;1;Cohort 2001/'02;;;;;;;;;;;;;;;;
3228;Totaal mannen en vrouwen;0;0;7;Vier jaar na afstuderen;1;Cohort 2002/'03;0.9;0.9;0.9;0.9;0.9;0.9;;;;;;;;;;
3229;Totaal mannen en vrouwen;0;0;7;Vier jaar na afstuderen;1;Cohort 2003/'04;2.4;2.4;2.4;2.4;2.4;2.4;;;;;;;;;;
3230;Totaal mannen en vrouwen;0;0;7;Vier jaar na afstuderen;2;Cohort 1999/'00;3.3;3.2;3.0;2.9;3.0;2.9;;;3.4;3.4;;;3.4;3.4;;
3231;Totaal mannen en vrouwen;0;0;7;Vier jaar na afstuderen;2;Cohort 2000/'01;2.9;2.9;2.5;2.6;2.5;2.6;;;3.4;3.4;;;3.4;3.4;;
3232;Totaal mannen en vrouwen;0;0;7;Vier jaar na afstuderen;2;Cohort 2001/'02;3.2;3.2;2.9;2.9;2.9;2.9;;;4.0;4.0;;;4.0;4.0;;
3233;Totaal mannen en vrouwen;0;0;7;Vier jaar na afstuderen;2;Cohort 2002/'03;3.0;3.0;3.0;3.0;3.0;3.0;;;2.9;3.0;;;2.9;3.0;;
3234;Totaal mannen en vrouwen;0;0;7;Vier jaar na afstuderen;2;Cohort 2003/'04;3.5;3.6;3.5;3.5;3.5;3.5;;;3.4;3.6;;;3.4;3.6;;
3235;Totaal mannen en vrouwen;0;0;7;Vier jaar na afstuderen;3;Cohort 1999/'00;2.9;2.9;2.7;2.7;2.7;2.7;;;3.3;3.3;;;3.3;3.3;3.3;3.3
3236;Totaal mannen en vrouwen;0;0;7;Vier jaar na afstuderen;3;Cohort 2000/'01;3.0;3.0;2.9;2.9;2.9;2.9;;;3.2;3.2;;;3.2;3.2;;
3237;Totaal mannen en vrouwen;0;0;7;Vier jaar na afstuderen;3;Cohort 2001/'02;2.6;2.8;2.5;2.8;2.5;2.7;3.0;3.0;2.7;;;;;;2.7;
3238;Totaal mannen en vrouwen;0;0;7;Vier jaar na afstuderen;3;Cohort 2002/'03;3.2;3.6;3.1;3.7;3.1;3.7;;;3.4;3.4;;;3.4;3.4;;
3239;Totaal mannen en vrouwen;0;0;7;Vier jaar na afstuderen;3;Cohort 2003/'04;3.4;3.6;3.3;3.3;3.3;3.3;;;3.8;4.9;;;3.8;4.9;;
3240;Totaal mannen en vrouwen;0;0;7;Vier jaar na afstuderen;4;Cohort 1999/'00;2.7;3.3;2.7;3.3;2.7;3.3;;;;;;;;;;
3241;Totaal mannen en vrouwen;0;0;7;Vier jaar na afstuderen;4;Cohort 2000/'01;2.2;2.2;2.2;2.2;2.2;2.2;;;;;;;;;;
3242;Totaal mannen en vrouwen;0;0;7;Vier jaar na afstuderen;4;Cohort 2001/'02;2.8;2.8;2.8;2.8;2.8;2.8;;;;;;;;;;
3243;Totaal mannen en vrouwen;0;0;7;Vier jaar na afstuderen;4;Cohort 2002/'03;1.6;1.6;1.6;1.6;1.6;1.6;;;;;;;;;;
3244;Totaal mannen en vrouwen;0;0;7;Vier jaar na afstuderen;4;Cohort 2003/'04;2.2;2.2;2.1;2.1;2.1;2.1;;;2.5;2.5;;;2.5;2.5;;
3245;Totaal mannen en vrouwen;0;0;7;Vier jaar na afstuderen;5;Cohort 1999/'00;2.9;3.7;2.3;2.6;2.3;2.6;;;3.7;4.2;;;4.2;4.2;2.7;
3246;Totaal mannen en vrouwen;0;0;7;Vier jaar na afstuderen;5;Cohort 2000/'01;3.1;3.1;2.9;3.0;2.9;3.0;;;3.3;3.3;;;3.3;3.3;;
3247;Totaal mannen en vrouwen;0;0;7;Vier jaar na afstuderen;5;Cohort 2001/'02;3.0;3.0;2.8;2.8;2.8;2.8;;;3.8;3.8;;;3.8;3.8;;
3248;Totaal mannen en vrouwen;0;0;7;Vier jaar na afstuderen;5;Cohort 2002/'03;3.0;2.9;2.7;2.7;2.7;2.7;;;3.7;3.5;;;3.7;3.5;;
3249;Totaal mannen en vrouwen;0;0;7;Vier jaar na afstuderen;5;Cohort 2003/'04;1.9;2.3;1.9;2.3;1.9;2.3;;;;;;;;;;
3250;Totaal mannen en vrouwen;0;0;7;Vier jaar na afstuderen;6;Cohort 1999/'00;3.5;3.5;3.4;3.4;3.4;3.4;;;3.5;3.7;;;3.5;3.7;;
3251;Totaal mannen en vrouwen;0;0;7;Vier jaar na afstuderen;6;Cohort 2000/'01;3.7;3.7;3.5;3.5;3.5;3.5;;;4.1;4.1;;;4.1;4.1;;
3252;Totaal mannen en vrouwen;0;0;7;Vier jaar na afstuderen;6;Cohort 2001/'02;3.1;3.2;2.8;2.8;2.8;2.8;;;3.6;3.8;;;3.6;3.8;;
3253;Totaal mannen en vrouwen;0;0;7;Vier jaar na afstuderen;6;Cohort 2002/'03;3.6;3.6;3.4;3.4;3.4;3.4;;;4.0;4.2;;;4.0;4.2;;
3254;Totaal mannen en vrouwen;0;0;7;Vier jaar na afstuderen;6;Cohort 2003/'04;3.5;3.6;3.1;3.2;3.1;3.2;;;4.3;4.3;;;4.3;4.3;;
3255;Totaal mannen en vrouwen;0;0;7;Vier jaar na afstuderen;7;Cohort 1999/'00;3.0;3.1;2.7;2.7;2.7;2.7;;;3.6;3.8;;;3.6;3.8;;
3256;Totaal mannen en vrouwen;0;0;7;Vier jaar na afstuderen;7;Cohort 2000/'01;2.8;3.0;2.6;2.8;2.6;2.8;;;3.1;3.2;;;3.1;3.2;2.7;2.9
3257;Totaal mannen en vrouwen;0;0;7;Vier jaar na afstuderen;7;Cohort 2001/'02;3.1;3.2;2.7;2.7;2.7;2.7;;;3.9;4.4;;;3.9;4.4;;
3258;Totaal mannen en vrouwen;0;0;7;Vier jaar na afstuderen;7;Cohort 2002/'03;3.1;3.2;2.7;2.8;2.7;2.8;;;3.7;3.8;;;3.7;3.8;;
3259;Totaal mannen en vrouwen;0;0;7;Vier jaar na afstuderen;7;Cohort 2003/'04;3.5;3.7;3.2;3.5;3.2;3.5;;;3.8;3.9;;;3.8;3.9;;
3260;Totaal mannen en vrouwen;0;0;7;Vier jaar na afstuderen;8;Cohort 1999/'00;2.2;2.5;2.2;2.5;2.2;2.5;;;2.0;2.3;;;2.0;2.3;;
3261;Totaal mannen en vrouwen;0;0;7;Vier jaar na afstuderen;8;Cohort 2000/'01;2.1;2.6;2.1;2.6;2.1;2.6;;;1.4;;;;1.4;;;
3262;Totaal mannen en vrouwen;0;0;7;Vier jaar na afstuderen;8;Cohort 2001/'02;2.6;3.3;2.5;3.1;2.5;3.1;;;2.9;3.8;;;2.7;3.5;4.5;4.5
3263;Totaal mannen en vrouwen;0;0;7;Vier jaar na afstuderen;8;Cohort 2002/'03;2.8;2.9;2.7;2.9;2.7;2.9;;;3.3;3.0;;;3.3;3.0;;
3264;Totaal mannen en vrouwen;0;0;7;Vier jaar na afstuderen;8;Cohort 2003/'04;3.0;3.4;2.8;3.4;2.8;3.4;;;3.4;3.3;;;3.4;3.3;;
3265;Totaal mannen en vrouwen;0;0;7;Vier jaar na afstuderen;9;Cohort 1999/'00;2.6;2.8;2.4;2.6;2.4;2.6;;;3.3;3.3;;;3.3;3.3;;
3266;Totaal mannen en vrouwen;0;0;7;Vier jaar na afstuderen;9;Cohort 2000/'01;3.0;3.1;2.5;2.5;2.5;2.5;;;3.4;3.5;;;3.3;3.4;4.6;4.6
3267;Totaal mannen en vrouwen;0;0;7;Vier jaar na afstuderen;9;Cohort 2001/'02;2.9;3.0;2.9;2.9;2.9;2.9;;;3.0;3.1;;;2.9;3.0;4.3;4.3
3268;Totaal mannen en vrouwen;0;0;7;Vier jaar na afstuderen;9;Cohort 2002/'03;2.7;2.8;2.7;2.8;2.7;2.8;;;2.8;2.8;2.8;2.8;2.8;2.9;;
3269;Totaal mannen en vrouwen;0;0;7;Vier jaar na afstuderen;9;Cohort 2003/'04;2.8;3.1;2.8;2.9;2.8;2.9;;;2.9;3.3;;;2.8;3.3;3.5;3.5
3270;Totaal mannen en vrouwen;0;0;7;Vier jaar na afstuderen;M Onderwijs;Cohort 1999/'00;2.3;2.6;2.4;2.6;2.4;2.6;1.8;;2.2;2.6;;;2.2;2.6;;
3271;Totaal mannen en vrouwen;0;0;7;Vier jaar na afstuderen;M Onderwijs;Cohort 2000/'01;2.2;2.5;2.3;2.7;2.3;2.7;;;2.1;2.1;;;2.1;2.1;;
3272;Totaal mannen en vrouwen;0;0;7;Vier jaar na afstuderen;M Onderwijs;Cohort 2001/'02;2.5;2.8;2.4;2.8;2.4;2.8;;;2.6;2.7;;;2.6;2.7;;
3273;Totaal mannen en vrouwen;0;0;7;Vier jaar na afstuderen;M Onderwijs;Cohort 2002/'03;2.3;2.7;2.3;2.7;2.3;2.7;;;2.1;2.6;;;2.1;2.6;;
3274;Totaal mannen en vrouwen;0;0;7;Vier jaar na afstuderen;M Onderwijs;Cohort 2003/'04;2.5;2.9;2.5;2.9;2.5;2.9;2.2;;2.7;3.0;;;2.7;3.0;;
3275;Totaal mannen en vrouwen;0;0;7;Vier jaar na afstuderen;N Gezondheids- en welzijnszorg;Cohort 1999/'00;2.3;2.7;2.1;2.4;2.1;2.4;;;2.8;3.4;;;2.2;2.1;3.4;3.7
3276;Totaal mannen en vrouwen;0;0;7;Vier jaar na afstuderen;N Gezondheids- en welzijnszorg;Cohort 2000/'01;2.7;2.9;2.2;2.5;2.2;2.5;;;3.4;3.3;;;2.5;2.9;3.8;3.4
3277;Totaal mannen en vrouwen;0;0;7;Vier jaar na afstuderen;N Gezondheids- en welzijnszorg;Cohort 2001/'02;2.6;3.0;2.2;2.6;2.2;2.6;;;3.2;3.4;;;2.7;2.8;3.6;3.7
3278;Totaal mannen en vrouwen;0;0;7;Vier jaar na afstuderen;N Gezondheids- en welzijnszorg;Cohort 2002/'03;2.5;3.0;2.3;2.7;2.3;2.7;;;2.8;3.3;;;2.6;2.9;3.2;3.6
3279;Totaal mannen en vrouwen;0;0;7;Vier jaar na afstuderen;N Gezondheids- en welzijnszorg;Cohort 2003/'04;2.8;3.3;2.3;3.0;2.3;3.0;;;3.2;3.6;2.3;;2.7;3.2;3.7;3.7
3280;Totaal mannen en vrouwen;0;0;7;Vier jaar na afstuderen;9000e Milieu, cultuur, recreatie en ..;Cohort 1999/'00;2.4;3.3;1.9;2.5;1.9;2.5;;;3.4;4.8;;;3.4;4.8;;
3281;Totaal mannen en vrouwen;0;0;7;Vier jaar na afstuderen;9000e Milieu, cultuur, recreatie en ..;Cohort 2000/'01;2.4;2.6;2.3;2.5;2.3;2.5;;;2.6;3.0;;;2.6;3.0;;
3282;Totaal mannen en vrouwen;0;0;7;Vier jaar na afstuderen;9000e Milieu, cultuur, recreatie en ..;Cohort 2001/'02;2.2;3.0;1.8;2.9;1.9;2.9;1.4;;3.0;3.2;;;3.0;3.2;2.7;
3283;Totaal mannen en vrouwen;0;0;7;Vier jaar na afstuderen;9000e Milieu, cultuur, recreatie en ..;Cohort 2002/'03;2.7;3.1;2.4;2.7;2.4;2.7;;;3.1;3.5;;;2.9;3.4;3.3;3.6
3284;Totaal mannen en vrouwen;0;0;7;Vier jaar na afstuderen;9000e Milieu, cultuur, recreatie en ..;Cohort 2003/'04;2.1;2.9;1.8;1.8;1.8;1.8;;;2.5;3.4;;;2.1;3.9;2.9;2.9
3285;Totaal mannen en vrouwen;0;0;7;Vier jaar na afstuderen;Onbekend;Cohort 1999/'00;3.5;3.5;;;;;;;3.5;3.5;;;2.8;2.8;4.2;4.2
3286;Totaal mannen en vrouwen;0;0;7;Vier jaar na afstuderen;Onbekend;Cohort 2000/'01;;;;;;;;;;;;;;;;
3287;Totaal mannen en vrouwen;0;0;7;Vier jaar na afstuderen;Onbekend;Cohort 2001/'02;;;;;;;;;;;;;;;;
3288;Totaal mannen en vrouwen;0;0;7;Vier jaar na afstuderen;Onbekend;Cohort 2002/'03;;;;;;;;;;;;;;;;
3289;Totaal mannen en vrouwen;0;0;7;Vier jaar na afstuderen;Onbekend;Cohort 2003/'04;;;;;;;;;;;;;;;;
3290;Totaal mannen en vrouwen;0;0;7;Vijf jaar na afstuderen;0;Cohort 1999/'00;3.1;3.4;2.6;2.8;2.6;2.8;1.7;;3.9;4.4;;;4.0;4.5;3.5;3.6
3291;Totaal mannen en vrouwen;0;0;7;Vijf jaar na afstuderen;0;Cohort 2000/'01;3.1;3.4;2.8;3.1;2.8;3.1;;;3.8;3.9;;;3.7;3.9;4.1;3.8
3292;Totaal mannen en vrouwen;0;0;7;Vijf jaar na afstuderen;0;Cohort 2001/'02;3.0;3.3;2.7;3.1;2.7;3.1;2.0;;3.6;3.8;;;3.6;3.8;3.8;3.9
3293;Totaal mannen en vrouwen;0;0;7;Vijf jaar na afstuderen;0;Cohort 2002/'03;3.2;3.6;3.0;3.3;3.0;3.3;1.1;;3.7;4.0;3.2;3.2;3.7;4.0;3.9;4.1
3294;Totaal mannen en vrouwen;0;0;7;Vijf jaar na afstuderen;0;Cohort 2003/'04;;;;;;;;;;;;;;;;
3295;Totaal mannen en vrouwen;0;0;7;Vijf jaar na afstuderen;1;Cohort 1999/'00;;;;;;;;;;;;;;;;
3296;Totaal mannen en vrouwen;0;0;7;Vijf jaar na afstuderen;1;Cohort 2000/'01;2.3;2.3;2.3;2.3;2.3;2.3;;;;;;;;;;
3297;Totaal mannen en vrouwen;0;0;7;Vijf jaar na afstuderen;1;Cohort 2001/'02;;;;;;;;;;;;;;;;
3298;Totaal mannen en vrouwen;0;0;7;Vijf jaar na afstuderen;1;Cohort 2002/'03;;;;;;;;;;;;;;;;
3299;Totaal mannen en vrouwen;0;0;7;Vijf jaar na afstuderen;1;Cohort 2003/'04;;;;;;;;;;;;;;;;
3300;Totaal mannen en vrouwen;0;0;7;Vijf jaar na afstuderen;2;Cohort 1999/'00;3.1;3.1;2.7;2.7;2.7;2.7;;;3.4;3.4;;;3.4;3.4;;
3301;Totaal mannen en vrouwen;0;0;7;Vijf jaar na afstuderen;2;Cohort 2000/'01;3.3;3.3;3.0;3.0;3.0;3.0;;;4.0;4.0;;;4.0;4.0;;
3302;Totaal mannen en vrouwen;0;0;7;Vijf jaar na afstuderen;2;Cohort 2001/'02;3.3;3.6;2.9;3.2;2.9;3.2;;;4.3;4.3;;;4.3;4.3;;
3303;Totaal mannen en vrouwen;0;0;7;Vijf jaar na afstuderen;2;Cohort 2002/'03;3.3;3.5;3.2;3.4;3.2;3.4;;;3.7;3.7;;;3.7;3.7;;
3304;Totaal mannen en vrouwen;0;0;7;Vijf jaar na afstuderen;2;Cohort 2003/'04;;;;;;;;;;;;;;;;
3305;Totaal mannen en vrouwen;0;0;7;Vijf jaar na afstuderen;3;Cohort 1999/'00;3.3;3.6;2.9;3.1;2.9;3.1;;;3.8;4.3;;;3.4;3.4;4.2;6.1
3306;Totaal mannen en vrouwen;0;0;7;Vijf jaar na afstuderen;3;Cohort 2000/'01;3.8;4.5;3.4;4.6;3.4;4.6;;;4.3;4.4;;;4.3;4.4;;
3307;Totaal mannen en vrouwen;0;0;7;Vijf jaar na afstuderen;3;Cohort 2001/'02;3.1;3.3;2.8;3.0;2.8;3.0;;;5.0;6.6;;;6.6;6.6;3.3;
3308;Totaal mannen en vrouwen;0;0;7;Vijf jaar na afstuderen;3;Cohort 2002/'03;3.6;4.0;3.6;4.3;3.6;4.3;;;3.5;3.5;;;3.5;3.5;;
3309;Totaal mannen en vrouwen;0;0;7;Vijf jaar na afstuderen;3;Cohort 2003/'04;;;;;;;;;;;;;;;;
3310;Totaal mannen en vrouwen;0;0;7;Vijf jaar na afstuderen;4;Cohort 1999/'00;2.1;2.1;2.1;2.1;2.1;2.1;;;;;;;;;;
3311;Totaal mannen en vrouwen;0;0;7;Vijf jaar na afstuderen;4;Cohort 2000/'01;2.3;2.5;2.3;2.5;2.3;2.5;;;;;;;;;;
3312;Totaal mannen en vrouwen;0;0;7;Vijf jaar na afstuderen;4;Cohort 2001/'02;2.4;2.3;2.4;2.3;2.4;2.3;;;;;;;;;;
3313;Totaal mannen en vrouwen;0;0;7;Vijf jaar na afstuderen;4;Cohort 2002/'03;1.5;2.2;1.5;2.2;1.5;2.2;;;;;;;;;;
3314;Totaal mannen en vrouwen;0;0;7;Vijf jaar na afstuderen;4;Cohort 2003/'04;;;;;;;;;;;;;;;;
3315;Totaal mannen en vrouwen;0;0;7;Vijf jaar na afstuderen;5;Cohort 1999/'00;2.8;3.2;2.6;2.5;2.6;2.5;;;3.2;4.5;;;3.2;4.5;;
3316;Totaal mannen en vrouwen;0;0;7;Vijf jaar na afstuderen;5;Cohort 2000/'01;4.1;4.1;3.9;3.9;3.9;3.9;;;4.5;4.5;;;4.5;4.5;;
3317;Totaal mannen en vrouwen;0;0;7;Vijf jaar na afstuderen;5;Cohort 2001/'02;3.4;3.5;3.3;3.4;3.3;3.4;;;4.0;4.0;;;4.0;4.0;;
3318;Totaal mannen en vrouwen;0;0;7;Vijf jaar na afstuderen;5;Cohort 2002/'03;3.4;3.3;3.0;3.0;3.0;3.0;;;4.1;4.0;;;4.1;4.0;;
3319;Totaal mannen en vrouwen;0;0;7;Vijf jaar na afstuderen;5;Cohort 2003/'04;;;;;;;;;;;;;;;;
3320;Totaal mannen en vrouwen;0;0;7;Vijf jaar na afstuderen;6;Cohort 1999/'00;6.1;6.6;3.4;3.4;3.4;3.4;;;7.9;9.4;;;7.9;9.4;;
3321;Totaal mannen en vrouwen;0;0;7;Vijf jaar na afstuderen;6;Cohort 2000/'01;4.2;4.4;3.4;3.5;3.4;3.5;;;5.3;5.3;;;5.3;5.3;;
3322;Totaal mannen en vrouwen;0;0;7;Vijf jaar na afstuderen;6;Cohort 2001/'02;3.8;4.0;3.3;3.4;3.3;3.4;;;5.0;5.0;;;5.0;5.0;;
3323;Totaal mannen en vrouwen;0;0;7;Vijf jaar na afstuderen;6;Cohort 2002/'03;3.9;4.1;3.5;3.6;3.5;3.6;;;4.7;5.0;;;4.7;5.0;;
3324;Totaal mannen en vrouwen;0;0;7;Vijf jaar na afstuderen;6;Cohort 2003/'04;;;;;;;;;;;;;;;;
3325;Totaal mannen en vrouwen;0;0;7;Vijf jaar na afstuderen;7;Cohort 1999/'00;3.2;3.4;2.8;3.0;2.8;3.0;;;3.7;3.8;;;3.7;3.8;3.4;3.4
3326;Totaal mannen en vrouwen;0;0;7;Vijf jaar na afstuderen;7;Cohort 2000/'01;3.3;3.5;3.0;3.3;3.0;3.3;;;3.7;3.7;;;3.7;3.7;3.0;3.1
3327;Totaal mannen en vrouwen;0;0;7;Vijf jaar na afstuderen;7;Cohort 2001/'02;3.4;3.4;3.0;3.0;3.0;3.0;;;3.9;4.1;;;3.9;4.1;;
3328;Totaal mannen en vrouwen;0;0;7;Vijf jaar na afstuderen;7;Cohort 2002/'03;3.7;3.8;3.4;3.5;3.4;3.5;;;4.2;4.3;;;4.2;4.3;3.2;3.2
3329;Totaal mannen en vrouwen;0;0;7;Vijf jaar na afstuderen;7;Cohort 2003/'04;;;;;;;;;;;;;;;;
3330;Totaal mannen en vrouwen;0;0;7;Vijf jaar na afstuderen;8;Cohort 1999/'00;2.5;2.6;2.5;2.6;2.5;2.6;;;;;;;;;;
3331;Totaal mannen en vrouwen;0;0;7;Vijf jaar na afstuderen;8;Cohort 2000/'01;2.6;2.9;2.7;2.9;2.7;2.9;;;2.3;;;;2.3;;;
3332;Totaal mannen en vrouwen;0;0;7;Vijf jaar na afstuderen;8;Cohort 2001/'02;2.7;3.8;2.5;3.8;2.5;3.8;;;4.0;4.0;;;3.8;3.8;4.7;4.7
3333;Totaal mannen en vrouwen;0;0;7;Vijf jaar na afstuderen;8;Cohort 2002/'03;2.8;3.4;2.6;2.9;2.8;2.9;1.1;;3.2;3.8;;;3.2;3.8;;
3334;Totaal mannen en vrouwen;0;0;7;Vijf jaar na afstuderen;8;Cohort 2003/'04;;;;;;;;;;;;;;;;
3335;Totaal mannen en vrouwen;0;0;7;Vijf jaar na afstuderen;9;Cohort 1999/'00;2.9;2.9;2.8;2.8;2.8;2.8;;;3.1;3.1;;;3.1;3.1;;
3336;Totaal mannen en vrouwen;0;0;7;Vijf jaar na afstuderen;9;Cohort 2000/'01;3.0;3.2;2.6;2.6;2.6;2.6;;;3.5;3.6;;;3.4;3.5;5.7;5.7
3337;Totaal mannen en vrouwen;0;0;7;Vijf jaar na afstuderen;9;Cohort 2001/'02;3.1;3.1;3.1;3.2;3.1;3.2;;;3.0;3.1;;;3.0;3.1;;
3338;Totaal mannen en vrouwen;0;0;7;Vijf jaar na afstuderen;9;Cohort 2002/'03;3.0;3.1;2.9;3.0;2.9;3.0;;;3.1;3.1;3.2;3.2;3.1;3.1;;
3339;Totaal mannen en vrouwen;0;0;7;Vijf jaar na afstuderen;9;Cohort 2003/'04;;;;;;;;;;;;;;;;
3340;Totaal mannen en vrouwen;0;0;7;Vijf jaar na afstuderen;M Onderwijs;Cohort 1999/'00;2.4;2.7;2.4;2.8;2.4;2.8;1.7;;2.3;2.6;;;2.3;2.6;;
3341;Totaal mannen en vrouwen;0;0;7;Vijf jaar na afstuderen;M Onderwijs;Cohort 2000/'01;2.3;2.8;2.3;2.8;2.3;2.8;;;2.3;2.8;;;2.3;2.8;;
3342;Totaal mannen en vrouwen;0;0;7;Vijf jaar na afstuderen;M Onderwijs;Cohort 2001/'02;2.5;2.7;2.5;2.7;2.5;2.7;;;2.7;2.8;;;2.7;2.8;;
3343;Totaal mannen en vrouwen;0;0;7;Vijf jaar na afstuderen;M Onderwijs;Cohort 2002/'03;2.5;2.8;2.5;2.8;2.5;2.8;;;2.7;2.7;;;2.7;2.7;;
3344;Totaal mannen en vrouwen;0;0;7;Vijf jaar na afstuderen;M Onderwijs;Cohort 2003/'04;;;;;;;;;;;;;;;;
3345;Totaal mannen en vrouwen;0;0;7;Vijf jaar na afstuderen;N Gezondheids- en welzijnszorg;Cohort 1999/'00;2.4;2.8;2.2;2.5;2.2;2.5;;;2.8;3.3;;;2.2;3.0;3.4;3.4
3346;Totaal mannen en vrouwen;0;0;7;Vijf jaar na afstuderen;N Gezondheids- en welzijnszorg;Cohort 2000/'01;2.8;3.0;2.3;2.5;2.3;2.5;;;3.7;3.6;;;2.6;3.3;4.2;3.6
3347;Totaal mannen en vrouwen;0;0;7;Vijf jaar na afstuderen;N Gezondheids- en welzijnszorg;Cohort 2001/'02;2.7;3.2;2.3;2.9;2.3;2.9;;;3.4;3.7;;;2.7;2.8;3.9;4.0
3348;Totaal mannen en vrouwen;0;0;7;Vijf jaar na afstuderen;N Gezondheids- en welzijnszorg;Cohort 2002/'03;2.8;3.1;2.5;2.9;2.5;2.9;;;3.2;3.5;;;2.7;3.1;3.8;3.8
3349;Totaal mannen en vrouwen;0;0;7;Vijf jaar na afstuderen;N Gezondheids- en welzijnszorg;Cohort 2003/'04;;;;;;;;;;;;;;;;
3350;Totaal mannen en vrouwen;0;0;7;Vijf jaar na afstuderen;9000e Milieu, cultuur, recreatie en ..;Cohort 1999/'00;2.5;2.4;2.4;2.5;2.4;2.5;;;2.5;2.2;;;2.6;1.9;2.4;2.4
3351;Totaal mannen en vrouwen;0;0;7;Vijf jaar na afstuderen;9000e Milieu, cultuur, recreatie en ..;Cohort 2000/'01;2.7;3.1;2.2;3.2;2.2;3.2;;;3.1;3.0;;;3.1;3.0;;
3352;Totaal mannen en vrouwen;0;0;7;Vijf jaar na afstuderen;9000e Milieu, cultuur, recreatie en ..;Cohort 2001/'02;2.7;3.6;2.4;3.8;2.5;3.8;2.0;;3.3;3.4;;;3.5;4.0;2.8;2.8
3353;Totaal mannen en vrouwen;0;0;7;Vijf jaar na afstuderen;9000e Milieu, cultuur, recreatie en ..;Cohort 2002/'03;3.4;4.3;3.4;3.7;3.4;3.7;;;3.3;4.8;;;2.5;3.3;4.6;6.2
3354;Totaal mannen en vrouwen;0;0;7;Vijf jaar na afstuderen;9000e Milieu, cultuur, recreatie en ..;Cohort 2003/'04;;;;;;;;;;;;;;;;
3355;Totaal mannen en vrouwen;0;0;7;Vijf jaar na afstuderen;Onbekend;Cohort 1999/'00;4.1;4.1;;;;;;;4.1;4.1;;;3.6;3.6;4.5;4.5
3356;Totaal mannen en vrouwen;0;0;7;Vijf jaar na afstuderen;Onbekend;Cohort 2000/'01;2.5;2.5;2.5;2.5;2.5;2.5;;;;;;;;;;
3357;Totaal mannen en vrouwen;0;0;7;Vijf jaar na afstuderen;Onbekend;Cohort 2001/'02;;;;;;;;;;;;;;;;
3358;Totaal mannen en vrouwen;0;0;7;Vijf jaar na afstuderen;Onbekend;Cohort 2002/'03;;;;;;;;;;;;;;;;
3359;Totaal mannen en vrouwen;0;0;7;Vijf jaar na afstuderen;Onbekend;Cohort 2003/'04;;;;;;;;;;;;;;;;
3360;Totaal mannen en vrouwen;0;0;8;Direct na afstuderen;0;Cohort 1999/'00;1.6;;1.4;;1.4;;1.2;;1.9;;;;1.8;;2.3;
3361;Totaal mannen en vrouwen;0;0;8;Direct na afstuderen;0;Cohort 2000/'01;1.6;2.1;1.4;1.9;1.4;1.9;0.9;1.2;1.9;2.2;1.5;;1.7;2.1;2.5;2.7
3362;Totaal mannen en vrouwen;0;0;8;Direct na afstuderen;0;Cohort 2001/'02;1.6;2.1;1.3;1.8;1.3;1.8;0.5;;1.9;2.3;1.7;;1.7;2.1;2.8;3.1
3363;Totaal mannen en vrouwen;0;0;8;Direct na afstuderen;0;Cohort 2002/'03;1.5;2.2;1.3;2.0;1.3;2.0;0.8;1.2;1.7;2.5;2.9;3.5;1.4;2.1;2.4;3.0
3364;Totaal mannen en vrouwen;0;0;8;Direct na afstuderen;0;Cohort 2003/'04;1.5;2.2;1.3;1.9;1.3;1.9;1.3;2.4;1.8;2.4;1.7;3.2;1.6;2.3;2.4;2.8
3365;Totaal mannen en vrouwen;0;0;8;Direct na afstuderen;1;Cohort 1999/'00;2.5;;2.5;;2.5;;;;;;;;;;;
3366;Totaal mannen en vrouwen;0;0;8;Direct na afstuderen;1;Cohort 2000/'01;;;;;;;;;;;;;;;;
3367;Totaal mannen en vrouwen;0;0;8;Direct na afstuderen;1;Cohort 2001/'02;;;;;;;;;;;;;;;;
3368;Totaal mannen en vrouwen;0;0;8;Direct na afstuderen;1;Cohort 2002/'03;1.2;;1.5;;1.5;;;;1.0;;;;1.0;;;
3369;Totaal mannen en vrouwen;0;0;8;Direct na afstuderen;1;Cohort 2003/'04;0.8;;1.0;;1.0;;;;0.6;;;;0.6;;;
3370;Totaal mannen en vrouwen;0;0;8;Direct na afstuderen;2;Cohort 1999/'00;1.9;;1.7;;1.7;;;;2.2;;;;2.2;;;
3371;Totaal mannen en vrouwen;0;0;8;Direct na afstuderen;2;Cohort 2000/'01;1.8;2.1;1.6;1.9;1.6;1.9;;;2.0;2.2;;;2.0;2.2;;
3372;Totaal mannen en vrouwen;0;0;8;Direct na afstuderen;2;Cohort 2001/'02;1.6;2.0;1.4;2.0;1.4;2.0;;;2.3;2.3;;;2.3;2.3;2.4;2.4
3373;Totaal mannen en vrouwen;0;0;8;Direct na afstuderen;2;Cohort 2002/'03;1.6;2.2;1.4;2.0;1.4;2.0;;;2.2;2.5;;;2.2;2.5;;
3374;Totaal mannen en vrouwen;0;0;8;Direct na afstuderen;2;Cohort 2003/'04;1.6;2.1;1.4;1.8;1.4;1.8;1.0;;1.8;2.4;;;1.8;2.4;;
3375;Totaal mannen en vrouwen;0;0;8;Direct na afstuderen;3;Cohort 1999/'00;1.7;;1.4;;1.4;;;;2.0;;;;1.9;;2.1;
3376;Totaal mannen en vrouwen;0;0;8;Direct na afstuderen;3;Cohort 2000/'01;1.5;2.2;1.2;2.0;1.2;2.0;1.0;;2.1;2.5;;;1.8;2.3;2.4;2.7
3377;Totaal mannen en vrouwen;0;0;8;Direct na afstuderen;3;Cohort 2001/'02;1.5;2.2;1.3;2.0;1.3;2.0;;;2.0;2.4;;;1.5;1.8;3.2;3.4
3378;Totaal mannen en vrouwen;0;0;8;Direct na afstuderen;3;Cohort 2002/'03;1.4;2.3;1.2;2.0;1.2;2.0;;;2.1;2.8;2.5;2.5;1.4;2.1;2.8;3.2
3379;Totaal mannen en vrouwen;0;0;8;Direct na afstuderen;3;Cohort 2003/'04;1.3;2.0;1.2;2.0;1.2;2.0;;;1.5;2.2;0.3;;1.4;2.1;2.0;2.8
3380;Totaal mannen en vrouwen;0;0;8;Direct na afstuderen;4;Cohort 1999/'00;0.8;;1.0;;0.9;;1.3;;0.4;;;;0.4;;;
3381;Totaal mannen en vrouwen;0;0;8;Direct na afstuderen;4;Cohort 2000/'01;0.6;1.3;0.6;1.3;0.6;1.3;;;0.5;1.1;;;0.5;1.1;;
3382;Totaal mannen en vrouwen;0;0;8;Direct na afstuderen;4;Cohort 2001/'02;0.8;1.6;0.9;1.5;0.9;1.5;;;0.6;2.3;;;0.7;2.3;0.2;
3383;Totaal mannen en vrouwen;0;0;8;Direct na afstuderen;4;Cohort 2002/'03;0.9;1.9;0.9;2.0;0.9;2.0;;;0.7;1.5;;;0.7;1.5;;
3384;Totaal mannen en vrouwen;0;0;8;Direct na afstuderen;4;Cohort 2003/'04;0.7;1.6;0.8;1.6;0.8;1.6;1.3;;0.5;;0.9;;0.5;;;
3385;Totaal mannen en vrouwen;0;0;8;Direct na afstuderen;5;Cohort 1999/'00;2.1;;1.5;;1.5;;;;3.1;;;;3.1;;;
3386;Totaal mannen en vrouwen;0;0;8;Direct na afstuderen;5;Cohort 2000/'01;1.5;1.9;1.5;1.9;1.5;1.9;;;1.6;2.1;;;1.6;2.1;;
3387;Totaal mannen en vrouwen;0;0;8;Direct na afstuderen;5;Cohort 2001/'02;1.4;2.0;1.4;1.8;1.4;1.8;;;1.5;2.4;;;1.5;2.4;;
3388;Totaal mannen en vrouwen;0;0;8;Direct na afstuderen;5;Cohort 2002/'03;1.5;2.6;1.5;2.3;1.5;2.3;;;1.7;3.8;5.7;5.7;1.0;1.9;;
3389;Totaal mannen en vrouwen;0;0;8;Direct na afstuderen;5;Cohort 2003/'04;1.4;2.0;1.4;1.9;1.4;1.9;0.7;;1.4;2.2;;;1.4;2.2;;
3390;Totaal mannen en vrouwen;0;0;8;Direct na afstuderen;6;Cohort 1999/'00;2.5;;2.0;;2.0;;;;3.2;;;;3.2;;;
3391;Totaal mannen en vrouwen;0;0;8;Direct na afstuderen;6;Cohort 2000/'01;1.9;2.2;1.7;2.1;1.7;2.1;;;2.1;2.3;;;1.9;2.1;4.1;4.1
3392;Totaal mannen en vrouwen;0;0;8;Direct na afstuderen;6;Cohort 2001/'02;2.2;2.3;1.6;1.6;1.6;1.6;;;2.4;2.6;;;2.4;2.6;;
3393;Totaal mannen en vrouwen;0;0;8;Direct na afstuderen;6;Cohort 2002/'03;2.1;2.6;1.6;2.1;1.6;2.1;;;2.6;2.9;;;2.3;2.7;3.5;3.5
3394;Totaal mannen en vrouwen;0;0;8;Direct na afstuderen;6;Cohort 2003/'04;2.1;2.6;1.8;2.6;1.8;2.6;;;2.3;2.6;2.2;2.2;2.3;2.6;;
3395;Totaal mannen en vrouwen;0;0;8;Direct na afstuderen;7;Cohort 1999/'00;1.9;;1.7;;1.7;;;;2.1;;;;2.1;;1.6;
3396;Totaal mannen en vrouwen;0;0;8;Direct na afstuderen;7;Cohort 2000/'01;1.8;2.1;1.7;2.0;1.7;2.0;;;1.9;2.2;;;1.9;2.2;2.6;2.6
3397;Totaal mannen en vrouwen;0;0;8;Direct na afstuderen;7;Cohort 2001/'02;1.7;2.1;1.6;1.9;1.6;1.9;;;1.9;2.2;;;1.9;2.2;0.5;
3398;Totaal mannen en vrouwen;0;0;8;Direct na afstuderen;7;Cohort 2002/'03;1.7;2.2;1.7;2.2;1.7;2.2;;;1.7;2.2;1.7;2.4;1.7;2.2;2.0;2.4
3399;Totaal mannen en vrouwen;0;0;8;Direct na afstuderen;7;Cohort 2003/'04;1.7;2.1;1.4;1.9;1.4;1.9;0.9;;1.9;2.3;3.3;4.3;1.9;2.3;;
3400;Totaal mannen en vrouwen;0;0;8;Direct na afstuderen;8;Cohort 1999/'00;1.2;;1.2;;1.2;;;;1.3;;;;1.2;;2.0;
3401;Totaal mannen en vrouwen;0;0;8;Direct na afstuderen;8;Cohort 2000/'01;1.3;1.9;1.3;1.9;1.3;1.9;;;1.4;2.0;;;1.4;2.0;1.5;
3402;Totaal mannen en vrouwen;0;0;8;Direct na afstuderen;8;Cohort 2001/'02;1.4;2.0;1.3;1.7;1.3;1.7;0.8;;1.6;2.7;;;1.4;2.1;3.1;4.3
3403;Totaal mannen en vrouwen;0;0;8;Direct na afstuderen;8;Cohort 2002/'03;1.4;1.8;1.3;1.7;1.3;1.7;;;1.5;1.9;;;1.5;1.9;2.2;
3404;Totaal mannen en vrouwen;0;0;8;Direct na afstuderen;8;Cohort 2003/'04;1.4;2.0;1.4;1.9;1.4;1.9;;;1.4;2.2;1.4;;1.3;2.1;2.4;2.7
3405;Totaal mannen en vrouwen;0;0;8;Direct na afstuderen;9;Cohort 1999/'00;2.0;;1.6;;1.6;;;;2.2;;;;2.1;;2.6;
3406;Totaal mannen en vrouwen;0;0;8;Direct na afstuderen;9;Cohort 2000/'01;1.7;2.0;1.7;1.9;1.7;1.9;;;1.7;2.0;;;1.4;1.7;2.9;2.9
3407;Totaal mannen en vrouwen;0;0;8;Direct na afstuderen;9;Cohort 2001/'02;1.8;2.0;1.6;2.1;1.6;2.1;;;2.0;1.9;1.7;;1.9;1.7;3.0;3.0
3408;Totaal mannen en vrouwen;0;0;8;Direct na afstuderen;9;Cohort 2002/'03;1.3;2.4;0.9;2.1;0.9;2.1;;;1.8;2.9;;;1.4;1.8;2.5;4.0
3409;Totaal mannen en vrouwen;0;0;8;Direct na afstuderen;9;Cohort 2003/'04;1.7;2.1;1.5;2.1;1.4;1.9;1.6;2.7;1.9;2.1;;;1.9;2.1;2.2;
3410;Totaal mannen en vrouwen;0;0;8;Direct na afstuderen;M Onderwijs;Cohort 1999/'00;1.3;;1.3;;1.3;;1.2;;1.1;;;;1.1;;1.2;
3411;Totaal mannen en vrouwen;0;0;8;Direct na afstuderen;M Onderwijs;Cohort 2000/'01;1.4;1.6;1.5;1.6;1.5;1.6;;;1.4;1.6;1.5;;1.4;1.6;1.5;1.5
3412;Totaal mannen en vrouwen;0;0;8;Direct na afstuderen;M Onderwijs;Cohort 2001/'02;1.4;1.7;1.3;1.8;1.3;1.8;;;1.5;1.7;;;1.5;1.7;2.0;2.0
3413;Totaal mannen en vrouwen;0;0;8;Direct na afstuderen;M Onderwijs;Cohort 2002/'03;1.1;2.0;1.4;1.8;1.4;1.9;1.0;1.2;1.0;2.1;;;1.0;2.1;1.0;
3414;Totaal mannen en vrouwen;0;0;8;Direct na afstuderen;M Onderwijs;Cohort 2003/'04;1.5;2.0;1.4;2.0;1.5;2.0;0.1;;1.5;2.0;1.6;;1.5;2.0;1.7;2.8
3415;Totaal mannen en vrouwen;0;0;8;Direct na afstuderen;N Gezondheids- en welzijnszorg;Cohort 1999/'00;1.9;;1.5;;1.5;;;;2.3;;;;1.6;;2.5;
3416;Totaal mannen en vrouwen;0;0;8;Direct na afstuderen;N Gezondheids- en welzijnszorg;Cohort 2000/'01;2.0;2.3;1.5;1.9;1.5;1.9;;;2.3;2.5;;;1.4;1.6;2.6;2.7
3417;Totaal mannen en vrouwen;0;0;8;Direct na afstuderen;N Gezondheids- en welzijnszorg;Cohort 2001/'02;1.7;2.6;1.2;1.7;1.2;1.7;;;2.3;3.0;;;1.2;1.7;2.9;3.1
3418;Totaal mannen en vrouwen;0;0;8;Direct na afstuderen;N Gezondheids- en welzijnszorg;Cohort 2002/'03;1.8;2.5;1.4;1.7;1.4;1.7;;;2.2;2.9;;;1.4;2.5;2.4;3.0
3419;Totaal mannen en vrouwen;0;0;8;Direct na afstuderen;N Gezondheids- en welzijnszorg;Cohort 2003/'04;2.0;2.5;1.4;1.9;1.4;1.9;;;2.4;2.8;;;1.7;2.6;2.5;2.8
3420;Totaal mannen en vrouwen;0;0;8;Direct na afstuderen;9000e Milieu, cultuur, recreatie en ..;Cohort 1999/'00;1.1;;1.1;;1.1;;;;1.2;;;;1.2;;1.2;
3421;Totaal mannen en vrouwen;0;0;8;Direct na afstuderen;9000e Milieu, cultuur, recreatie en ..;Cohort 2000/'01;1.4;1.8;1.2;1.8;1.3;1.9;0.9;1.2;1.6;1.8;;;1.6;1.8;;
3422;Totaal mannen en vrouwen;0;0;8;Direct na afstuderen;9000e Milieu, cultuur, recreatie en ..;Cohort 2001/'02;1.5;2.0;1.3;1.9;1.4;1.9;0.4;;1.9;2.1;;;1.8;2.0;2.3;2.3
3423;Totaal mannen en vrouwen;0;0;8;Direct na afstuderen;9000e Milieu, cultuur, recreatie en ..;Cohort 2002/'03;1.4;2.0;1.1;1.9;1.1;1.9;0.7;;1.8;2.0;;;1.4;1.6;2.2;2.4
3424;Totaal mannen en vrouwen;0;0;8;Direct na afstuderen;9000e Milieu, cultuur, recreatie en ..;Cohort 2003/'04;1.3;2.1;1.1;1.8;0.8;1.2;1.8;2.3;1.8;2.3;;;1.0;1.5;2.2;2.5
3425;Totaal mannen en vrouwen;0;0;8;Direct na afstuderen;Onbekend;Cohort 1999/'00;;;;;;;;;;;;;;;;
3426;Totaal mannen en vrouwen;0;0;8;Direct na afstuderen;Onbekend;Cohort 2000/'01;;;;;;;;;;;;;;;;
3427;Totaal mannen en vrouwen;0;0;8;Direct na afstuderen;Onbekend;Cohort 2001/'02;;;;;;;;;;;;;;;;
3428;Totaal mannen en vrouwen;0;0;8;Direct na afstuderen;Onbekend;Cohort 2002/'03;;;;;;;;;;;;;;;;
3429;Totaal mannen en vrouwen;0;0;8;Direct na afstuderen;Onbekend;Cohort 2003/'04;0.5;;0.5;;0.5;;;;;;;;;;;
3430;Totaal mannen en vrouwen;0;0;8;Één jaar na afstuderen;0;Cohort 1999/'00;2.2;2.4;1.9;2.1;1.9;2.1;2.0;;2.5;2.8;;;2.5;2.7;2.8;3.0
3431;Totaal mannen en vrouwen;0;0;8;Één jaar na afstuderen;0;Cohort 2000/'01;2.1;2.3;2.0;2.2;2.0;2.2;3.0;1.9;2.4;2.6;;;2.2;2.4;3.1;3.2
3432;Totaal mannen en vrouwen;0;0;8;Één jaar na afstuderen;0;Cohort 2001/'02;2.0;2.4;1.8;2.1;1.8;2.1;0.4;;2.4;2.6;2.6;2.6;2.1;2.4;3.4;3.4
3433;Totaal mannen en vrouwen;0;0;8;Één jaar na afstuderen;0;Cohort 2002/'03;2.1;2.3;1.8;2.1;1.8;2.1;1.6;1.8;2.4;2.5;2.9;3.3;2.1;2.3;3.2;3.1
3434;Totaal mannen en vrouwen;0;0;8;Één jaar na afstuderen;0;Cohort 2003/'04;2.1;2.4;1.9;2.2;1.9;2.2;1.6;2.9;2.4;2.5;1.8;2.3;2.2;2.4;2.9;3.0
3435;Totaal mannen en vrouwen;0;0;8;Één jaar na afstuderen;1;Cohort 1999/'00;4.3;4.3;4.3;4.3;4.3;4.3;;;;;;;;;;
3436;Totaal mannen en vrouwen;0;0;8;Één jaar na afstuderen;1;Cohort 2000/'01;;;;;;;;;;;;;;;;
3437;Totaal mannen en vrouwen;0;0;8;Één jaar na afstuderen;1;Cohort 2001/'02;;;;;;;;;;;;;;;;
3438;Totaal mannen en vrouwen;0;0;8;Één jaar na afstuderen;1;Cohort 2002/'03;2.4;2.4;2.4;2.4;2.4;2.4;;;;;;;;;;
3439;Totaal mannen en vrouwen;0;0;8;Één jaar na afstuderen;1;Cohort 2003/'04;1.5;1.6;1.6;1.6;1.6;1.6;;;1.5;;;;1.5;;;
3440;Totaal mannen en vrouwen;0;0;8;Één jaar na afstuderen;2;Cohort 1999/'00;2.4;2.4;2.2;2.2;2.2;2.2;;;2.7;2.7;;;2.7;2.7;;
3441;Totaal mannen en vrouwen;0;0;8;Één jaar na afstuderen;2;Cohort 2000/'01;2.2;2.3;2.0;2.1;2.0;2.1;1.9;1.9;2.5;2.6;;;2.5;2.6;;
3442;Totaal mannen en vrouwen;0;0;8;Één jaar na afstuderen;2;Cohort 2001/'02;2.1;2.4;2.1;2.3;2.1;2.3;;;2.2;2.4;;;2.1;2.4;3.0;3.0
3443;Totaal mannen en vrouwen;0;0;8;Één jaar na afstuderen;2;Cohort 2002/'03;2.2;2.4;2.1;2.2;2.1;2.2;;;2.4;2.6;;;2.4;2.6;;
3444;Totaal mannen en vrouwen;0;0;8;Één jaar na afstuderen;2;Cohort 2003/'04;2.5;2.6;2.2;2.3;2.2;2.3;;;2.8;2.9;;;2.8;2.9;;
3445;Totaal mannen en vrouwen;0;0;8;Één jaar na afstuderen;3;Cohort 1999/'00;2.3;2.5;2.0;2.3;2.0;2.3;;;2.8;3.0;;;3.0;3.1;2.4;2.5
3446;Totaal mannen en vrouwen;0;0;8;Één jaar na afstuderen;3;Cohort 2000/'01;2.2;2.4;1.9;2.2;1.9;2.2;;;2.8;2.8;;;2.6;2.6;3.2;3.2
3447;Totaal mannen en vrouwen;0;0;8;Één jaar na afstuderen;3;Cohort 2001/'02;2.1;2.4;1.9;2.2;1.9;2.2;0.5;;2.7;2.8;;;2.5;2.6;3.0;3.2
3448;Totaal mannen en vrouwen;0;0;8;Één jaar na afstuderen;3;Cohort 2002/'03;2.1;2.4;1.9;2.2;1.9;2.2;1.2;1.2;2.6;2.7;1.8;2.1;2.0;2.1;3.4;3.6
3449;Totaal mannen en vrouwen;0;0;8;Één jaar na afstuderen;3;Cohort 2003/'04;2.1;2.4;2.0;2.3;2.0;2.3;;;2.3;2.5;1.8;1.8;2.1;2.4;2.7;2.7
3450;Totaal mannen en vrouwen;0;0;8;Één jaar na afstuderen;4;Cohort 1999/'00;1.2;1.7;1.3;1.7;1.3;1.7;;;0.8;;;;0.8;;;
3451;Totaal mannen en vrouwen;0;0;8;Één jaar na afstuderen;4;Cohort 2000/'01;1.1;1.9;1.1;1.9;1.1;1.9;;;0.8;;;;0.8;;;
3452;Totaal mannen en vrouwen;0;0;8;Één jaar na afstuderen;4;Cohort 2001/'02;1.1;2.0;1.2;2.0;1.2;2.0;;;0.8;;;;0.8;;;
3453;Totaal mannen en vrouwen;0;0;8;Één jaar na afstuderen;4;Cohort 2002/'03;1.3;2.0;1.3;1.9;1.3;1.9;;;1.4;2.3;;;1.4;2.3;;
3454;Totaal mannen en vrouwen;0;0;8;Één jaar na afstuderen;4;Cohort 2003/'04;1.0;1.7;1.0;1.7;1.0;1.7;;;0.8;1.6;;;0.8;1.6;;
3455;Totaal mannen en vrouwen;0;0;8;Één jaar na afstuderen;5;Cohort 1999/'00;2.3;2.5;2.1;2.1;2.1;2.1;;;3.0;3.4;;;3.0;3.4;;
3456;Totaal mannen en vrouwen;0;0;8;Één jaar na afstuderen;5;Cohort 2000/'01;2.1;2.3;2.2;2.2;2.2;2.2;;;2.1;2.7;;;2.1;2.7;;
3457;Totaal mannen en vrouwen;0;0;8;Één jaar na afstuderen;5;Cohort 2001/'02;1.8;2.3;1.7;2.1;1.7;2.1;;;2.0;2.8;;;2.0;2.8;;
3458;Totaal mannen en vrouwen;0;0;8;Één jaar na afstuderen;5;Cohort 2002/'03;2.3;2.5;2.0;2.3;2.0;2.3;;;2.9;2.9;5.9;5.9;2.4;2.4;;
3459;Totaal mannen en vrouwen;0;0;8;Één jaar na afstuderen;5;Cohort 2003/'04;1.8;2.1;1.9;2.0;1.9;2.0;2.0;;1.7;2.3;0.4;;1.8;2.3;;
3460;Totaal mannen en vrouwen;0;0;8;Één jaar na afstuderen;6;Cohort 1999/'00;2.9;3.0;2.1;2.1;2.1;2.1;;;3.6;3.8;;;3.6;3.8;;
3461;Totaal mannen en vrouwen;0;0;8;Één jaar na afstuderen;6;Cohort 2000/'01;2.5;2.5;2.2;2.2;2.2;2.2;;;2.8;2.9;;;2.7;2.7;5.2;5.2
3462;Totaal mannen en vrouwen;0;0;8;Één jaar na afstuderen;6;Cohort 2001/'02;2.4;2.5;2.2;2.3;2.2;2.3;;;2.7;2.6;;;2.7;2.6;;
3463;Totaal mannen en vrouwen;0;0;8;Één jaar na afstuderen;6;Cohort 2002/'03;2.4;2.6;2.0;2.1;2.0;2.1;;;2.7;3.0;;;2.7;3.0;;
3464;Totaal mannen en vrouwen;0;0;8;Één jaar na afstuderen;6;Cohort 2003/'04;2.7;2.8;2.5;2.5;2.5;2.5;;;2.9;3.0;2.0;2.0;2.9;3.0;;
3465;Totaal mannen en vrouwen;0;0;8;Één jaar na afstuderen;7;Cohort 1999/'00;2.3;2.4;2.1;2.2;2.1;2.2;;;2.6;2.7;;;2.6;2.7;2.0;2.0
3466;Totaal mannen en vrouwen;0;0;8;Één jaar na afstuderen;7;Cohort 2000/'01;2.2;2.3;2.2;2.3;2.2;2.3;;;2.3;2.4;;;2.3;2.4;2.7;2.7
3467;Totaal mannen en vrouwen;0;0;8;Één jaar na afstuderen;7;Cohort 2001/'02;2.1;2.2;1.9;2.0;1.9;2.0;;;2.4;2.5;;;2.4;2.5;;
3468;Totaal mannen en vrouwen;0;0;8;Één jaar na afstuderen;7;Cohort 2002/'03;2.2;2.3;2.0;2.1;2.0;2.1;;;2.3;2.4;3.1;3.1;2.3;2.4;2.8;2.8
3469;Totaal mannen en vrouwen;0;0;8;Één jaar na afstuderen;7;Cohort 2003/'04;2.2;2.3;2.0;2.1;2.0;2.1;;;2.4;2.5;2.7;2.7;2.4;2.5;;
3470;Totaal mannen en vrouwen;0;0;8;Één jaar na afstuderen;8;Cohort 1999/'00;1.5;1.8;1.5;1.8;1.5;1.8;1.9;;1.5;1.9;;;1.5;1.9;;
3471;Totaal mannen en vrouwen;0;0;8;Één jaar na afstuderen;8;Cohort 2000/'01;1.8;2.1;1.8;2.0;1.8;2.0;;;1.8;2.3;;;1.8;2.3;1.6;
3472;Totaal mannen en vrouwen;0;0;8;Één jaar na afstuderen;8;Cohort 2001/'02;1.7;2.1;1.6;2.1;1.6;2.1;;;2.0;2.2;;;1.9;2.2;3.0;
3473;Totaal mannen en vrouwen;0;0;8;Één jaar na afstuderen;8;Cohort 2002/'03;1.7;2.1;1.6;1.9;1.6;1.9;;;1.9;2.3;;;1.9;2.3;;
3474;Totaal mannen en vrouwen;0;0;8;Één jaar na afstuderen;8;Cohort 2003/'04;1.8;2.2;1.8;2.2;1.8;2.2;;;1.8;2.1;2.0;2.0;1.7;2.1;2.6;
3475;Totaal mannen en vrouwen;0;0;8;Één jaar na afstuderen;9;Cohort 1999/'00;2.4;2.5;2.0;2.1;2.0;2.1;;;2.6;2.7;;;2.6;2.7;2.8;2.8
3476;Totaal mannen en vrouwen;0;0;8;Één jaar na afstuderen;9;Cohort 2000/'01;2.2;2.3;2.2;2.3;2.2;2.3;;;2.2;2.3;;;2.1;2.2;3.5;3.5
3477;Totaal mannen en vrouwen;0;0;8;Één jaar na afstuderen;9;Cohort 2001/'02;2.0;2.4;1.8;2.3;1.8;2.3;0.6;;2.3;2.5;2.6;2.6;2.2;2.4;3.4;3.4
3478;Totaal mannen en vrouwen;0;0;8;Één jaar na afstuderen;9;Cohort 2002/'03;2.0;2.4;1.6;2.1;1.6;2.1;;;2.2;2.5;;;2.0;2.2;3.9;3.9
3479;Totaal mannen en vrouwen;0;0;8;Één jaar na afstuderen;9;Cohort 2003/'04;2.5;2.5;2.4;2.5;2.4;2.5;2.9;2.9;2.5;2.4;;;2.4;2.4;3.2;3.4
3480;Totaal mannen en vrouwen;0;0;8;Één jaar na afstuderen;M Onderwijs;Cohort 1999/'00;1.8;1.9;1.8;1.9;1.8;1.9;2.0;;1.8;1.9;;;1.8;1.9;1.8;1.8
3481;Totaal mannen en vrouwen;0;0;8;Één jaar na afstuderen;M Onderwijs;Cohort 2000/'01;1.8;2.0;1.9;2.1;1.9;2.1;;;1.8;2.0;;;1.8;1.9;2.3;2.3
3482;Totaal mannen en vrouwen;0;0;8;Één jaar na afstuderen;M Onderwijs;Cohort 2001/'02;1.8;2.0;1.8;2.1;1.8;2.1;;;1.8;2.0;;;1.8;2.0;;
3483;Totaal mannen en vrouwen;0;0;8;Één jaar na afstuderen;M Onderwijs;Cohort 2002/'03;1.9;2.2;2.0;2.5;2.0;2.5;2.3;2.4;1.9;2.1;;;1.9;2.1;1.9;2.1
3484;Totaal mannen en vrouwen;0;0;8;Één jaar na afstuderen;M Onderwijs;Cohort 2003/'04;2.0;2.2;2.0;2.2;2.1;2.2;0.6;;2.1;2.1;2.4;2.4;2.1;2.1;;
3485;Totaal mannen en vrouwen;0;0;8;Één jaar na afstuderen;N Gezondheids- en welzijnszorg;Cohort 1999/'00;2.2;2.7;1.8;2.1;1.8;2.1;;;2.6;3.0;;;1.9;2.2;3.0;3.2
3486;Totaal mannen en vrouwen;0;0;8;Één jaar na afstuderen;N Gezondheids- en welzijnszorg;Cohort 2000/'01;2.3;2.7;1.8;2.1;1.8;2.1;;;2.8;3.0;;;1.9;2.1;3.0;3.2
3487;Totaal mannen en vrouwen;0;0;8;Één jaar na afstuderen;N Gezondheids- en welzijnszorg;Cohort 2001/'02;2.5;2.9;1.9;2.2;1.9;2.2;;;3.1;3.4;;;2.1;2.4;3.6;3.6
3488;Totaal mannen en vrouwen;0;0;8;Één jaar na afstuderen;N Gezondheids- en welzijnszorg;Cohort 2002/'03;2.4;2.7;1.8;2.1;1.8;2.1;;;2.9;2.9;;;2.0;2.3;3.3;3.2
3489;Totaal mannen en vrouwen;0;0;8;Één jaar na afstuderen;N Gezondheids- en welzijnszorg;Cohort 2003/'04;2.4;2.8;1.9;2.2;1.9;2.2;0.7;;2.8;3.0;1.9;;2.1;2.4;3.0;3.1
3490;Totaal mannen en vrouwen;0;0;8;Één jaar na afstuderen;9000e Milieu, cultuur, recreatie en ..;Cohort 1999/'00;1.6;2.0;1.4;1.8;1.4;1.8;;;1.8;2.2;;;1.6;2.1;2.0;2.3
3491;Totaal mannen en vrouwen;0;0;8;Één jaar na afstuderen;9000e Milieu, cultuur, recreatie en ..;Cohort 2000/'01;2.2;2.3;2.1;2.0;1.8;2.0;3.5;;2.2;2.6;;;1.9;2.1;3.2;3.2
3492;Totaal mannen en vrouwen;0;0;8;Één jaar na afstuderen;9000e Milieu, cultuur, recreatie en ..;Cohort 2001/'02;2.0;2.3;1.9;2.2;2.0;2.2;0.2;;2.1;2.4;;;1.9;2.4;2.4;2.4
3493;Totaal mannen en vrouwen;0;0;8;Één jaar na afstuderen;9000e Milieu, cultuur, recreatie en ..;Cohort 2002/'03;2.0;2.3;1.6;2.0;1.6;2.0;0.8;;2.3;2.5;;;2.0;2.5;2.7;2.5
3494;Totaal mannen en vrouwen;0;0;8;Één jaar na afstuderen;9000e Milieu, cultuur, recreatie en ..;Cohort 2003/'04;2.1;2.6;1.8;2.4;1.7;2.3;2.4;2.9;2.3;2.6;0.1;;2.0;2.3;2.7;2.7
3495;Totaal mannen en vrouwen;0;0;8;Één jaar na afstuderen;Onbekend;Cohort 1999/'00;;;;;;;;;;;;;;;;
3496;Totaal mannen en vrouwen;0;0;8;Één jaar na afstuderen;Onbekend;Cohort 2000/'01;;;;;;;;;;;;;;;;
3497;Totaal mannen en vrouwen;0;0;8;Één jaar na afstuderen;Onbekend;Cohort 2001/'02;;;;;;;;;;;;;;;;
3498;Totaal mannen en vrouwen;0;0;8;Één jaar na afstuderen;Onbekend;Cohort 2002/'03;2.1;;2.1;;2.1;;;;;;;;;;;
3499;Totaal mannen en vrouwen;0;0;8;Één jaar na afstuderen;Onbekend;Cohort 2003/'04;;;;;;;;;;;;;;;;
3500;Totaal mannen en vrouwen;0;0;8;Twee jaar na afstuderen;0;Cohort 1999/'00;2.4;2.6;2.1;2.3;2.1;2.3;2.2;2.1;2.8;3.0;;;2.7;2.9;3.3;3.4
3501;Totaal mannen en vrouwen;0;0;8;Twee jaar na afstuderen;0;Cohort 2000/'01;2.3;2.6;2.2;2.4;2.2;2.4;1.3;;2.6;2.8;;;2.5;2.6;3.3;3.5
3502;Totaal mannen en vrouwen;0;0;8;Twee jaar na afstuderen;0;Cohort 2001/'02;2.3;2.6;2.1;2.3;2.1;2.3;0.6;;2.7;2.8;2.8;2.8;2.5;2.7;3.5;3.5
3503;Totaal mannen en vrouwen;0;0;8;Twee jaar na afstuderen;0;Cohort 2002/'03;2.4;2.6;2.1;2.4;2.1;2.4;1.7;;2.7;2.8;2.9;3.9;2.5;2.6;3.2;3.3
3504;Totaal mannen en vrouwen;0;0;8;Twee jaar na afstuderen;0;Cohort 2003/'04;2.6;2.8;2.4;2.6;2.4;2.6;2.9;3.9;2.8;3.0;2.0;2.6;2.7;2.9;3.3;3.4
3505;Totaal mannen en vrouwen;0;0;8;Twee jaar na afstuderen;1;Cohort 1999/'00;;;;;;;;;;;;;;;;
3506;Totaal mannen en vrouwen;0;0;8;Twee jaar na afstuderen;1;Cohort 2000/'01;;;;;;;;;;;;;;;;
3507;Totaal mannen en vrouwen;0;0;8;Twee jaar na afstuderen;1;Cohort 2001/'02;;;;;;;;;;;;;;;;
3508;Totaal mannen en vrouwen;0;0;8;Twee jaar na afstuderen;1;Cohort 2002/'03;2.5;2.5;2.5;2.5;2.5;2.5;;;;;;;;;;
3509;Totaal mannen en vrouwen;0;0;8;Twee jaar na afstuderen;1;Cohort 2003/'04;;;;;;;;;;;;;;;;
3510;Totaal mannen en vrouwen;0;0;8;Twee jaar na afstuderen;2;Cohort 1999/'00;2.6;2.6;2.4;2.4;2.4;2.4;;;3.0;3.1;;;3.0;3.1;;
3511;Totaal mannen en vrouwen;0;0;8;Twee jaar na afstuderen;2;Cohort 2000/'01;2.5;2.6;2.2;2.3;2.2;2.3;;;3.1;3.1;;;3.0;3.1;3.4;3.4
3512;Totaal mannen en vrouwen;0;0;8;Twee jaar na afstuderen;2;Cohort 2001/'02;2.6;2.6;2.5;2.5;2.5;2.5;;;2.6;2.8;;;2.6;2.8;3.6;3.6
3513;Totaal mannen en vrouwen;0;0;8;Twee jaar na afstuderen;2;Cohort 2002/'03;2.5;2.6;2.2;2.4;2.2;2.4;;;3.0;3.2;;;3.0;3.2;;
3514;Totaal mannen en vrouwen;0;0;8;Twee jaar na afstuderen;2;Cohort 2003/'04;2.9;2.9;2.5;2.6;2.5;2.6;;;3.4;3.4;;;3.4;3.4;;
3515;Totaal mannen en vrouwen;0;0;8;Twee jaar na afstuderen;3;Cohort 1999/'00;2.6;2.6;2.4;2.5;2.4;2.5;;;2.9;3.0;;;2.9;3.0;3.1;2.7
3516;Totaal mannen en vrouwen;0;0;8;Twee jaar na afstuderen;3;Cohort 2000/'01;2.4;2.6;2.2;2.4;2.2;2.4;;;3.0;3.0;;;2.5;2.5;3.8;3.8
3517;Totaal mannen en vrouwen;0;0;8;Twee jaar na afstuderen;3;Cohort 2001/'02;2.3;2.5;2.0;2.3;2.0;2.3;0.9;;2.9;3.0;;;2.7;2.8;3.6;3.6
3518;Totaal mannen en vrouwen;0;0;8;Twee jaar na afstuderen;3;Cohort 2002/'03;2.5;2.7;2.2;2.4;2.2;2.4;;;3.1;3.3;1.6;1.8;2.6;2.7;4.0;4.0
3519;Totaal mannen en vrouwen;0;0;8;Twee jaar na afstuderen;3;Cohort 2003/'04;2.6;2.7;2.5;2.6;2.5;2.6;;;2.7;2.8;2.0;2.0;2.6;2.7;3.1;3.1
3520;Totaal mannen en vrouwen;0;0;8;Twee jaar na afstuderen;4;Cohort 1999/'00;1.7;2.1;1.7;2.1;1.7;2.0;2.1;2.1;;;;;;;;
3521;Totaal mannen en vrouwen;0;0;8;Twee jaar na afstuderen;4;Cohort 2000/'01;1.5;2.0;1.4;2.0;1.4;2.0;;;1.8;;;;1.8;;;
3522;Totaal mannen en vrouwen;0;0;8;Twee jaar na afstuderen;4;Cohort 2001/'02;1.4;1.9;1.4;1.9;1.4;1.9;;;1.0;;;;1.0;;;
3523;Totaal mannen en vrouwen;0;0;8;Twee jaar na afstuderen;4;Cohort 2002/'03;1.6;2.0;1.5;1.9;1.6;1.9;0.2;;1.9;2.6;;;1.9;2.6;;
3524;Totaal mannen en vrouwen;0;0;8;Twee jaar na afstuderen;4;Cohort 2003/'04;1.2;2.2;1.3;2.2;1.4;2.2;0.4;;0.4;;;;0.4;;;
3525;Totaal mannen en vrouwen;0;0;8;Twee jaar na afstuderen;5;Cohort 1999/'00;2.9;2.9;2.3;2.3;2.3;2.3;;;3.9;3.9;;;3.6;3.6;6.6;6.6
3526;Totaal mannen en vrouwen;0;0;8;Twee jaar na afstuderen;5;Cohort 2000/'01;2.4;2.6;2.2;2.5;2.2;2.5;;;3.0;3.0;;;3.0;3.0;;
3527;Totaal mannen en vrouwen;0;0;8;Twee jaar na afstuderen;5;Cohort 2001/'02;2.0;2.5;1.8;2.3;1.8;2.3;;;2.5;2.9;;;2.5;2.9;;
3528;Totaal mannen en vrouwen;0;0;8;Twee jaar na afstuderen;5;Cohort 2002/'03;2.5;2.6;2.3;2.4;2.3;2.4;;;3.0;3.1;6.1;6.1;2.5;2.5;;
3529;Totaal mannen en vrouwen;0;0;8;Twee jaar na afstuderen;5;Cohort 2003/'04;2.6;2.8;2.8;2.8;2.8;2.8;2.2;2.2;2.0;2.7;;;2.0;2.7;;
3530;Totaal mannen en vrouwen;0;0;8;Twee jaar na afstuderen;6;Cohort 1999/'00;3.0;3.2;2.3;2.3;2.3;2.3;;;3.6;3.9;;;3.6;3.9;;
3531;Totaal mannen en vrouwen;0;0;8;Twee jaar na afstuderen;6;Cohort 2000/'01;2.8;2.8;2.5;2.6;2.5;2.6;;;3.1;3.0;;;3.0;3.0;4.0;4.0
3532;Totaal mannen en vrouwen;0;0;8;Twee jaar na afstuderen;6;Cohort 2001/'02;3.0;3.1;2.6;2.6;2.6;2.6;;;3.6;3.7;;;3.6;3.7;;
3533;Totaal mannen en vrouwen;0;0;8;Twee jaar na afstuderen;6;Cohort 2002/'03;2.9;3.0;2.4;2.4;2.4;2.4;;;3.3;3.5;;;3.3;3.5;;
3534;Totaal mannen en vrouwen;0;0;8;Twee jaar na afstuderen;6;Cohort 2003/'04;3.2;3.2;2.8;2.8;2.8;2.8;;;3.5;3.5;;;3.5;3.5;;
3535;Totaal mannen en vrouwen;0;0;8;Twee jaar na afstuderen;7;Cohort 1999/'00;2.5;2.6;2.3;2.4;2.3;2.4;;;2.7;2.8;;;2.7;2.7;2.8;2.8
3536;Totaal mannen en vrouwen;0;0;8;Twee jaar na afstuderen;7;Cohort 2000/'01;2.5;2.5;2.4;2.4;2.4;2.4;;;2.6;2.7;;;2.6;2.6;3.1;3.1
3537;Totaal mannen en vrouwen;0;0;8;Twee jaar na afstuderen;7;Cohort 2001/'02;2.3;2.5;2.1;2.3;2.1;2.3;;;2.6;2.6;;;2.6;2.6;;
3538;Totaal mannen en vrouwen;0;0;8;Twee jaar na afstuderen;7;Cohort 2002/'03;2.5;2.6;2.3;2.4;2.3;2.4;;;2.7;2.7;3.9;3.9;2.7;2.7;2.5;3.1
3539;Totaal mannen en vrouwen;0;0;8;Twee jaar na afstuderen;7;Cohort 2003/'04;2.7;2.8;2.5;2.7;2.5;2.7;;;2.9;3.0;2.7;2.7;2.9;3.0;3.6;3.6
3540;Totaal mannen en vrouwen;0;0;8;Twee jaar na afstuderen;8;Cohort 1999/'00;1.9;2.2;1.8;2.1;1.8;2.1;;;2.1;2.7;;;2.0;2.5;3.3;3.3
3541;Totaal mannen en vrouwen;0;0;8;Twee jaar na afstuderen;8;Cohort 2000/'01;1.9;2.3;1.9;2.2;1.9;2.2;1.3;;2.0;2.7;;;2.0;2.7;;
3542;Totaal mannen en vrouwen;0;0;8;Twee jaar na afstuderen;8;Cohort 2001/'02;1.9;2.2;1.9;2.2;1.9;2.2;;;2.2;2.3;;;2.2;2.3;;
3543;Totaal mannen en vrouwen;0;0;8;Twee jaar na afstuderen;8;Cohort 2002/'03;2.0;2.2;2.0;2.3;2.0;2.3;;;1.9;2.1;;;1.9;2.1;2.6;2.6
3544;Totaal mannen en vrouwen;0;0;8;Twee jaar na afstuderen;8;Cohort 2003/'04;2.1;2.8;2.1;2.7;2.1;2.7;;;2.3;3.0;2.8;2.8;2.0;2.5;6.1;6.1
3545;Totaal mannen en vrouwen;0;0;8;Twee jaar na afstuderen;9;Cohort 1999/'00;2.4;2.7;2.1;2.3;2.1;2.3;;;2.7;3.0;;;2.7;3.0;3.1;3.1
3546;Totaal mannen en vrouwen;0;0;8;Twee jaar na afstuderen;9;Cohort 2000/'01;2.5;2.7;2.2;2.5;2.2;2.5;;;2.7;2.8;;;2.5;2.5;3.7;4.3
3547;Totaal mannen en vrouwen;0;0;8;Twee jaar na afstuderen;9;Cohort 2001/'02;2.5;2.7;2.3;2.5;2.3;2.5;;;2.7;2.8;2.8;2.8;2.7;2.7;3.5;3.5
3548;Totaal mannen en vrouwen;0;0;8;Twee jaar na afstuderen;9;Cohort 2002/'03;2.6;2.7;2.5;2.5;2.5;2.5;;;2.7;2.9;;;2.5;2.7;3.8;3.8
3549;Totaal mannen en vrouwen;0;0;8;Twee jaar na afstuderen;9;Cohort 2003/'04;2.6;2.7;2.2;2.3;2.2;2.3;;;2.9;2.9;;;2.8;2.9;3.7;3.9
3550;Totaal mannen en vrouwen;0;0;8;Twee jaar na afstuderen;M Onderwijs;Cohort 1999/'00;2.0;2.2;2.0;2.2;2.0;2.2;2.2;;1.9;2.1;;;1.9;2.1;2.2;2.4
3551;Totaal mannen en vrouwen;0;0;8;Twee jaar na afstuderen;M Onderwijs;Cohort 2000/'01;1.9;2.2;2.0;2.3;2.0;2.3;;;1.9;2.1;;;1.9;2.1;2.0;2.0
3552;Totaal mannen en vrouwen;0;0;8;Twee jaar na afstuderen;M Onderwijs;Cohort 2001/'02;2.0;2.2;2.0;2.3;2.0;2.3;;;2.1;2.2;;;2.1;2.2;;
3553;Totaal mannen en vrouwen;0;0;8;Twee jaar na afstuderen;M Onderwijs;Cohort 2002/'03;2.2;2.3;2.2;2.5;2.2;2.5;2.5;;2.1;2.2;;;2.1;2.2;2.1;2.5
3554;Totaal mannen en vrouwen;0;0;8;Twee jaar na afstuderen;M Onderwijs;Cohort 2003/'04;2.3;2.4;2.2;2.5;2.2;2.5;1.8;;2.3;2.4;2.4;2.4;2.3;2.4;;
3555;Totaal mannen en vrouwen;0;0;8;Twee jaar na afstuderen;N Gezondheids- en welzijnszorg;Cohort 1999/'00;2.5;2.8;2.0;2.3;2.0;2.3;;;3.0;3.4;;;2.1;2.5;3.6;3.6
3556;Totaal mannen en vrouwen;0;0;8;Twee jaar na afstuderen;N Gezondheids- en welzijnszorg;Cohort 2000/'01;2.4;2.8;2.1;2.3;2.1;2.3;;;2.7;3.1;;;2.0;2.3;3.2;3.5
3557;Totaal mannen en vrouwen;0;0;8;Twee jaar na afstuderen;N Gezondheids- en welzijnszorg;Cohort 2001/'02;2.5;3.0;2.0;2.3;2.0;2.3;;;3.2;3.5;;;2.4;2.7;3.7;3.8
3558;Totaal mannen en vrouwen;0;0;8;Twee jaar na afstuderen;N Gezondheids- en welzijnszorg;Cohort 2002/'03;2.5;2.7;2.0;2.3;2.0;2.3;;;2.9;2.9;;;2.2;2.3;3.2;3.2
3559;Totaal mannen en vrouwen;0;0;8;Twee jaar na afstuderen;N Gezondheids- en welzijnszorg;Cohort 2003/'04;2.7;3.1;2.2;2.6;2.2;2.6;;;3.1;3.3;;;2.4;2.8;3.4;3.5
3560;Totaal mannen en vrouwen;0;0;8;Twee jaar na afstuderen;9000e Milieu, cultuur, recreatie en ..;Cohort 1999/'00;2.0;2.3;1.8;2.0;1.8;2.0;;;2.2;2.5;;;2.1;2.7;2.3;2.3
3561;Totaal mannen en vrouwen;0;0;8;Twee jaar na afstuderen;9000e Milieu, cultuur, recreatie en ..;Cohort 2000/'01;2.2;2.3;2.0;2.0;2.0;2.0;;;2.4;2.5;;;2.0;2.2;2.8;2.8
3562;Totaal mannen en vrouwen;0;0;8;Twee jaar na afstuderen;9000e Milieu, cultuur, recreatie en ..;Cohort 2001/'02;2.3;2.6;2.1;2.5;2.4;2.5;0.5;;2.4;2.6;;;2.4;2.9;2.5;2.5
3563;Totaal mannen en vrouwen;0;0;8;Twee jaar na afstuderen;9000e Milieu, cultuur, recreatie en ..;Cohort 2002/'03;2.3;2.5;1.8;2.2;1.8;2.2;;;2.7;2.7;;;2.6;2.7;2.7;2.7
3564;Totaal mannen en vrouwen;0;0;8;Twee jaar na afstuderen;9000e Milieu, cultuur, recreatie en ..;Cohort 2003/'04;2.4;2.9;2.3;3.1;1.7;2.2;4.4;4.4;2.5;2.8;0.6;;2.4;2.6;2.8;2.9
3565;Totaal mannen en vrouwen;0;0;8;Twee jaar na afstuderen;Onbekend;Cohort 1999/'00;5.0;5.0;;;;;;;5.0;5.0;;;;;5.0;5.0
3566;Totaal mannen en vrouwen;0;0;8;Twee jaar na afstuderen;Onbekend;Cohort 2000/'01;2.7;2.7;2.7;2.7;2.7;2.7;;;;;;;;;;
3567;Totaal mannen en vrouwen;0;0;8;Twee jaar na afstuderen;Onbekend;Cohort 2001/'02;;;;;;;;;;;;;;;;
3568;Totaal mannen en vrouwen;0;0;8;Twee jaar na afstuderen;Onbekend;Cohort 2002/'03;2.2;2.1;2.2;2.1;2.2;2.1;;;;;;;;;;
3569;Totaal mannen en vrouwen;0;0;8;Twee jaar na afstuderen;Onbekend;Cohort 2003/'04;2.2;2.2;2.2;2.2;2.2;2.2;;;;;;;;;;
3570;Totaal mannen en vrouwen;0;0;8;Drie jaar na afstuderen;0;Cohort 1999/'00;2.6;2.8;2.3;2.5;2.3;2.5;2.1;1.9;3.0;3.2;;;2.9;3.1;3.5;3.7
3571;Totaal mannen en vrouwen;0;0;8;Drie jaar na afstuderen;0;Cohort 2000/'01;2.6;2.8;2.4;2.6;2.4;2.6;1.4;1.9;2.8;3.1;;;2.7;2.9;3.4;3.6
3572;Totaal mannen en vrouwen;0;0;8;Drie jaar na afstuderen;0;Cohort 2001/'02;2.5;2.8;2.2;2.5;2.2;2.5;1.4;2.2;2.9;3.1;2.5;2.7;2.8;3.0;3.4;3.4
3573;Totaal mannen en vrouwen;0;0;8;Drie jaar na afstuderen;0;Cohort 2002/'03;2.8;3.0;2.5;2.8;2.5;2.8;1.6;2.4;3.1;3.3;3.6;4.4;2.9;3.2;3.5;3.7
3574;Totaal mannen en vrouwen;0;0;8;Drie jaar na afstuderen;0;Cohort 2003/'04;3.0;3.2;2.7;2.9;2.7;2.9;2.4;3.3;3.3;3.4;3.5;3.5;3.2;3.3;3.6;3.6
3575;Totaal mannen en vrouwen;0;0;8;Drie jaar na afstuderen;1;Cohort 1999/'00;;;;;;;;;;;;;;;;
3576;Totaal mannen en vrouwen;0;0;8;Drie jaar na afstuderen;1;Cohort 2000/'01;;;;;;;;;;;;;;;;
3577;Totaal mannen en vrouwen;0;0;8;Drie jaar na afstuderen;1;Cohort 2001/'02;2.2;;2.2;;2.2;;;;;;;;;;;
3578;Totaal mannen en vrouwen;0;0;8;Drie jaar na afstuderen;1;Cohort 2002/'03;2.7;2.7;2.7;2.7;2.7;2.7;;;;;;;;;;
3579;Totaal mannen en vrouwen;0;0;8;Drie jaar na afstuderen;1;Cohort 2003/'04;;;;;;;;;;;;;;;;
3580;Totaal mannen en vrouwen;0;0;8;Drie jaar na afstuderen;2;Cohort 1999/'00;3.0;3.0;2.6;2.6;2.6;2.6;;;3.4;3.4;;;3.4;3.4;;
3581;Totaal mannen en vrouwen;0;0;8;Drie jaar na afstuderen;2;Cohort 2000/'01;2.8;2.9;2.5;2.7;2.5;2.7;;;3.4;3.5;;;3.4;3.5;;
3582;Totaal mannen en vrouwen;0;0;8;Drie jaar na afstuderen;2;Cohort 2001/'02;2.7;2.8;2.7;2.6;2.7;2.6;;;2.8;3.0;;;2.7;2.9;3.9;3.9
3583;Totaal mannen en vrouwen;0;0;8;Drie jaar na afstuderen;2;Cohort 2002/'03;2.7;2.7;2.4;2.4;2.4;2.4;;;3.1;3.2;;;3.2;3.2;0.2;
3584;Totaal mannen en vrouwen;0;0;8;Drie jaar na afstuderen;2;Cohort 2003/'04;3.3;3.3;2.9;2.9;2.9;2.9;;;4.0;4.0;;;4.0;4.0;;
3585;Totaal mannen en vrouwen;0;0;8;Drie jaar na afstuderen;3;Cohort 1999/'00;2.8;2.9;2.5;2.6;2.5;2.6;;;3.3;3.5;;;3.2;3.3;3.5;5.1
3586;Totaal mannen en vrouwen;0;0;8;Drie jaar na afstuderen;3;Cohort 2000/'01;2.4;2.6;2.2;2.4;2.2;2.4;1.9;1.9;3.2;3.3;;;2.6;2.8;4.1;4.1
3587;Totaal mannen en vrouwen;0;0;8;Drie jaar na afstuderen;3;Cohort 2001/'02;2.4;2.7;2.1;2.5;2.1;2.5;0.6;;3.1;3.2;;;2.9;3.1;3.6;4.0
3588;Totaal mannen en vrouwen;0;0;8;Drie jaar na afstuderen;3;Cohort 2002/'03;2.9;3.2;2.7;3.0;2.7;3.0;;;3.5;3.8;2.3;1.9;2.8;3.1;4.8;5.0
3589;Totaal mannen en vrouwen;0;0;8;Drie jaar na afstuderen;3;Cohort 2003/'04;2.9;3.1;2.7;2.9;2.7;2.9;;;3.3;3.4;2.3;2.3;3.0;3.2;3.8;3.9
3590;Totaal mannen en vrouwen;0;0;8;Drie jaar na afstuderen;4;Cohort 1999/'00;2.0;2.2;2.2;2.2;2.2;2.2;1.9;1.9;1.2;;;;1.2;;;
3591;Totaal mannen en vrouwen;0;0;8;Drie jaar na afstuderen;4;Cohort 2000/'01;1.8;2.2;1.8;2.2;1.8;2.2;;;2.3;;;;2.3;;;
3592;Totaal mannen en vrouwen;0;0;8;Drie jaar na afstuderen;4;Cohort 2001/'02;1.4;2.4;1.4;2.4;1.4;2.4;;;1.3;;;;1.3;;;
3593;Totaal mannen en vrouwen;0;0;8;Drie jaar na afstuderen;4;Cohort 2002/'03;1.9;2.4;1.9;2.3;2.0;2.3;0.3;;1.9;2.7;;;1.9;2.7;;
3594;Totaal mannen en vrouwen;0;0;8;Drie jaar na afstuderen;4;Cohort 2003/'04;1.9;2.2;1.9;2.2;1.9;2.2;;;;;;;;;;
3595;Totaal mannen en vrouwen;0;0;8;Drie jaar na afstuderen;5;Cohort 1999/'00;2.7;2.7;2.3;2.4;2.3;2.4;;;3.5;3.5;;;3.5;3.5;;
3596;Totaal mannen en vrouwen;0;0;8;Drie jaar na afstuderen;5;Cohort 2000/'01;2.3;2.6;2.3;2.5;2.3;2.5;;;2.4;2.7;;;2.4;2.7;;
3597;Totaal mannen en vrouwen;0;0;8;Drie jaar na afstuderen;5;Cohort 2001/'02;2.1;2.4;2.0;2.2;2.0;2.2;;;2.5;3.1;;;2.5;3.1;;
3598;Totaal mannen en vrouwen;0;0;8;Drie jaar na afstuderen;5;Cohort 2002/'03;2.8;2.9;2.6;2.6;2.6;2.6;;;3.4;3.5;6.4;6.4;3.0;3.0;;
3599;Totaal mannen en vrouwen;0;0;8;Drie jaar na afstuderen;5;Cohort 2003/'04;2.6;2.7;2.6;2.6;2.6;2.6;2.3;2.3;2.7;3.3;3.1;3.1;2.6;3.3;;
3600;Totaal mannen en vrouwen;0;0;8;Drie jaar na afstuderen;6;Cohort 1999/'00;3.2;3.4;2.5;2.7;2.5;2.7;;;3.8;4.0;;;3.8;4.0;;
3601;Totaal mannen en vrouwen;0;0;8;Drie jaar na afstuderen;6;Cohort 2000/'01;2.9;3.0;2.6;2.7;2.6;2.7;;;3.2;3.3;;;3.2;3.3;;
3602;Totaal mannen en vrouwen;0;0;8;Drie jaar na afstuderen;6;Cohort 2001/'02;3.4;3.5;2.8;2.9;2.8;2.9;;;4.0;4.1;;;4.0;4.1;;
3603;Totaal mannen en vrouwen;0;0;8;Drie jaar na afstuderen;6;Cohort 2002/'03;3.8;3.9;2.8;2.8;2.8;2.8;;;4.9;5.0;;;4.9;5.0;;
3604;Totaal mannen en vrouwen;0;0;8;Drie jaar na afstuderen;6;Cohort 2003/'04;4.1;3.6;3.1;3.2;3.1;3.2;;;5.3;4.4;;;5.3;4.4;;
3605;Totaal mannen en vrouwen;0;0;8;Drie jaar na afstuderen;7;Cohort 1999/'00;2.7;2.8;2.5;2.6;2.5;2.6;;;2.9;3.0;;;2.9;3.0;2.4;2.4
3606;Totaal mannen en vrouwen;0;0;8;Drie jaar na afstuderen;7;Cohort 2000/'01;2.8;2.9;2.6;2.7;2.6;2.7;;;3.0;3.1;;;2.9;3.0;4.1;4.1
3607;Totaal mannen en vrouwen;0;0;8;Drie jaar na afstuderen;7;Cohort 2001/'02;2.7;2.8;2.5;2.5;2.5;2.5;;;3.0;3.1;2.8;2.8;3.0;3.1;;
3608;Totaal mannen en vrouwen;0;0;8;Drie jaar na afstuderen;7;Cohort 2002/'03;2.9;3.0;2.7;2.8;2.7;2.8;;;3.1;3.2;4.9;4.9;3.1;3.2;2.8;3.0
3609;Totaal mannen en vrouwen;0;0;8;Drie jaar na afstuderen;7;Cohort 2003/'04;3.1;3.3;2.9;3.1;2.9;3.1;1.4;;3.3;3.4;3.2;3.2;3.3;3.4;;
3610;Totaal mannen en vrouwen;0;0;8;Drie jaar na afstuderen;8;Cohort 1999/'00;2.0;2.2;2.0;2.2;2.0;2.2;;;2.1;2.5;;;2.1;2.5;;
3611;Totaal mannen en vrouwen;0;0;8;Drie jaar na afstuderen;8;Cohort 2000/'01;2.1;2.5;2.1;2.5;2.1;2.5;;;1.8;2.3;;;1.8;2.3;1.7;
3612;Totaal mannen en vrouwen;0;0;8;Drie jaar na afstuderen;8;Cohort 2001/'02;2.2;2.7;1.9;2.4;1.9;2.4;;;2.9;3.5;;;2.8;3.5;3.9;
3613;Totaal mannen en vrouwen;0;0;8;Drie jaar na afstuderen;8;Cohort 2002/'03;2.2;3.2;2.2;3.1;2.2;3.1;;;2.5;3.6;;;2.4;3.6;3.8;3.8
3614;Totaal mannen en vrouwen;0;0;8;Drie jaar na afstuderen;8;Cohort 2003/'04;2.6;3.3;2.6;3.3;2.6;3.3;;;2.6;3.2;;;2.5;3.2;3.6;3.4
3615;Totaal mannen en vrouwen;0;0;8;Drie jaar na afstuderen;9;Cohort 1999/'00;2.6;2.8;2.2;2.4;2.2;2.4;;;2.8;3.1;;;2.8;3.1;2.9;3.0
3616;Totaal mannen en vrouwen;0;0;8;Drie jaar na afstuderen;9;Cohort 2000/'01;2.7;2.9;2.3;2.5;2.4;2.5;0.6;;3.2;3.3;;;2.9;3.0;4.3;4.5
3617;Totaal mannen en vrouwen;0;0;8;Drie jaar na afstuderen;9;Cohort 2001/'02;2.6;2.8;2.4;2.5;2.4;2.5;;;2.9;3.0;2.7;2.7;2.8;2.9;4.0;4.0
3618;Totaal mannen en vrouwen;0;0;8;Drie jaar na afstuderen;9;Cohort 2002/'03;2.7;2.9;2.5;2.6;2.5;2.6;;;3.0;3.2;;;2.7;2.9;4.3;4.3
3619;Totaal mannen en vrouwen;0;0;8;Drie jaar na afstuderen;9;Cohort 2003/'04;2.9;3.0;2.6;2.6;2.6;2.6;;;3.1;3.2;;;3.1;3.2;3.4;
3620;Totaal mannen en vrouwen;0;0;8;Drie jaar na afstuderen;M Onderwijs;Cohort 1999/'00;2.0;2.3;1.9;2.3;1.9;2.3;2.3;;2.1;2.3;;;2.0;2.3;2.5;2.5
3621;Totaal mannen en vrouwen;0;0;8;Drie jaar na afstuderen;M Onderwijs;Cohort 2000/'01;2.2;2.3;2.3;2.4;2.3;2.4;;;2.1;2.1;;;2.1;2.1;2.2;2.2
3622;Totaal mannen en vrouwen;0;0;8;Drie jaar na afstuderen;M Onderwijs;Cohort 2001/'02;2.2;2.4;2.1;2.4;2.1;2.4;;;2.2;2.4;;;2.2;2.4;;
3623;Totaal mannen en vrouwen;0;0;8;Drie jaar na afstuderen;M Onderwijs;Cohort 2002/'03;2.4;2.5;2.2;2.6;2.2;2.6;2.2;2.4;2.4;2.5;;;2.4;2.5;2.0;
3624;Totaal mannen en vrouwen;0;0;8;Drie jaar na afstuderen;M Onderwijs;Cohort 2003/'04;2.6;2.7;2.4;2.7;2.4;2.7;2.6;;2.6;2.7;4.8;4.8;2.6;2.6;;
3625;Totaal mannen en vrouwen;0;0;8;Drie jaar na afstuderen;N Gezondheids- en welzijnszorg;Cohort 1999/'00;2.7;3.3;2.1;2.5;2.1;2.5;;;3.3;3.9;;;2.3;2.6;4.0;4.4
3626;Totaal mannen en vrouwen;0;0;8;Drie jaar na afstuderen;N Gezondheids- en welzijnszorg;Cohort 2000/'01;2.6;2.9;2.3;2.6;2.3;2.6;;;2.8;3.2;;;2.0;2.3;3.5;3.6
3627;Totaal mannen en vrouwen;0;0;8;Drie jaar na afstuderen;N Gezondheids- en welzijnszorg;Cohort 2001/'02;2.5;2.9;2.1;2.5;2.1;2.5;;;3.1;3.3;;;2.4;2.7;3.5;3.5
3628;Totaal mannen en vrouwen;0;0;8;Drie jaar na afstuderen;N Gezondheids- en welzijnszorg;Cohort 2002/'03;2.8;3.1;2.4;2.7;2.4;2.7;;;3.1;3.3;;;2.4;2.7;3.5;3.5
3629;Totaal mannen en vrouwen;0;0;8;Drie jaar na afstuderen;N Gezondheids- en welzijnszorg;Cohort 2003/'04;2.9;3.2;2.3;2.5;2.3;2.5;;;3.4;3.6;;;2.6;2.9;3.7;3.8
3630;Totaal mannen en vrouwen;0;0;8;Drie jaar na afstuderen;9000e Milieu, cultuur, recreatie en ..;Cohort 1999/'00;2.3;2.5;2.0;2.5;2.0;2.5;;;2.4;2.5;;;2.3;2.4;2.5;2.5
3631;Totaal mannen en vrouwen;0;0;8;Drie jaar na afstuderen;9000e Milieu, cultuur, recreatie en ..;Cohort 2000/'01;2.3;2.5;2.1;2.3;2.1;2.3;1.8;;2.6;2.7;;;2.3;2.5;2.7;2.8
3632;Totaal mannen en vrouwen;0;0;8;Drie jaar na afstuderen;9000e Milieu, cultuur, recreatie en ..;Cohort 2001/'02;2.5;2.6;2.5;2.7;2.5;2.7;2.2;2.2;2.5;2.6;2.0;;2.5;2.5;2.5;2.6
3633;Totaal mannen en vrouwen;0;0;8;Drie jaar na afstuderen;9000e Milieu, cultuur, recreatie en ..;Cohort 2002/'03;2.5;2.7;2.3;2.7;2.3;2.7;;;2.6;2.7;;;2.4;2.6;2.8;2.9
3634;Totaal mannen en vrouwen;0;0;8;Drie jaar na afstuderen;9000e Milieu, cultuur, recreatie en ..;Cohort 2003/'04;2.7;3.0;2.2;2.9;2.0;2.6;2.6;3.6;2.9;3.1;;;2.9;3.1;3.0;3.0
3635;Totaal mannen en vrouwen;0;0;8;Drie jaar na afstuderen;Onbekend;Cohort 1999/'00;3.9;3.9;;;;;;;3.9;3.9;;;;;3.9;3.9
3636;Totaal mannen en vrouwen;0;0;8;Drie jaar na afstuderen;Onbekend;Cohort 2000/'01;3.2;3.2;;;;;;;3.2;3.2;;;3.2;3.2;;
3637;Totaal mannen en vrouwen;0;0;8;Drie jaar na afstuderen;Onbekend;Cohort 2001/'02;;;;;;;;;;;;;;;;
3638;Totaal mannen en vrouwen;0;0;8;Drie jaar na afstuderen;Onbekend;Cohort 2002/'03;;;;;;;;;;;;;;;;
3639;Totaal mannen en vrouwen;0;0;8;Drie jaar na afstuderen;Onbekend;Cohort 2003/'04;;;;;;;;;;;;;;;;
3640;Totaal mannen en vrouwen;0;0;8;Vier jaar na afstuderen;0;Cohort 1999/'00;2.8;3.0;2.5;2.7;2.5;2.7;2.4;2.4;3.2;3.4;;;3.2;3.4;3.4;3.5
3641;Totaal mannen en vrouwen;0;0;8;Vier jaar na afstuderen;0;Cohort 2000/'01;2.7;3.0;2.5;2.8;2.6;2.8;2.0;2.3;3.1;3.3;;;2.9;3.2;3.6;3.7
3642;Totaal mannen en vrouwen;0;0;8;Vier jaar na afstuderen;0;Cohort 2001/'02;2.9;3.1;2.5;2.8;2.5;2.8;1.1;;3.3;3.5;2.8;2.8;3.2;3.4;3.7;3.9
3643;Totaal mannen en vrouwen;0;0;8;Vier jaar na afstuderen;0;Cohort 2002/'03;3.1;3.4;2.9;3.1;2.9;3.1;1.2;2.5;3.5;3.7;4.1;4.1;3.2;3.5;4.2;4.5
3644;Totaal mannen en vrouwen;0;0;8;Vier jaar na afstuderen;0;Cohort 2003/'04;3.3;3.5;3.0;3.2;3.0;3.2;2.5;2.5;3.5;3.7;3.2;3.5;3.5;3.7;3.8;3.9
3645;Totaal mannen en vrouwen;0;0;8;Vier jaar na afstuderen;1;Cohort 1999/'00;;;;;;;;;;;;;;;;
3646;Totaal mannen en vrouwen;0;0;8;Vier jaar na afstuderen;1;Cohort 2000/'01;;;;;;;;;;;;;;;;
3647;Totaal mannen en vrouwen;0;0;8;Vier jaar na afstuderen;1;Cohort 2001/'02;;;;;;;;;;;;;;;;
3648;Totaal mannen en vrouwen;0;0;8;Vier jaar na afstuderen;1;Cohort 2002/'03;2.5;2.5;2.5;2.5;2.5;2.5;;;;;;;;;;
3649;Totaal mannen en vrouwen;0;0;8;Vier jaar na afstuderen;1;Cohort 2003/'04;2.5;2.5;;;;;;;2.5;2.5;;;2.5;2.5;;
3650;Totaal mannen en vrouwen;0;0;8;Vier jaar na afstuderen;2;Cohort 1999/'00;3.2;3.2;2.7;2.7;2.7;2.7;;;3.8;3.8;;;3.8;3.8;;
3651;Totaal mannen en vrouwen;0;0;8;Vier jaar na afstuderen;2;Cohort 2000/'01;3.0;3.2;2.6;2.8;2.6;2.8;;;4.1;4.1;;;4.1;4.1;;
3652;Totaal mannen en vrouwen;0;0;8;Vier jaar na afstuderen;2;Cohort 2001/'02;2.9;3.1;2.8;3.0;2.8;3.0;;;3.2;3.3;;;3.1;3.2;4.4;4.4
3653;Totaal mannen en vrouwen;0;0;8;Vier jaar na afstuderen;2;Cohort 2002/'03;3.0;3.1;2.8;2.8;2.8;2.8;;;3.4;3.6;;;3.4;3.6;;
3654;Totaal mannen en vrouwen;0;0;8;Vier jaar na afstuderen;2;Cohort 2003/'04;3.6;3.7;3.2;3.2;3.2;3.2;;;4.1;4.2;;;4.1;4.2;;
3655;Totaal mannen en vrouwen;0;0;8;Vier jaar na afstuderen;3;Cohort 1999/'00;3.3;3.4;3.2;3.4;3.2;3.4;;;3.5;3.4;;;3.6;3.2;3.4;5.2
3656;Totaal mannen en vrouwen;0;0;8;Vier jaar na afstuderen;3;Cohort 2000/'01;2.9;3.0;2.7;2.8;2.7;2.8;2.2;2.2;3.5;3.8;;;3.0;3.3;4.2;4.2
3657;Totaal mannen en vrouwen;0;0;8;Vier jaar na afstuderen;3;Cohort 2001/'02;2.9;3.2;2.5;2.8;2.6;2.8;0.6;;3.6;3.8;;;3.5;3.7;4.0;4.1
3658;Totaal mannen en vrouwen;0;0;8;Vier jaar na afstuderen;3;Cohort 2002/'03;3.3;3.6;2.9;3.2;2.9;3.2;;;4.2;4.3;3.6;3.6;3.5;3.6;5.3;5.4
3659;Totaal mannen en vrouwen;0;0;8;Vier jaar na afstuderen;3;Cohort 2003/'04;3.2;3.4;3.0;3.2;3.0;3.3;1.1;1.1;3.6;3.8;3.1;3.1;3.6;3.7;3.8;4.1
3660;Totaal mannen en vrouwen;0;0;8;Vier jaar na afstuderen;4;Cohort 1999/'00;2.3;2.3;2.0;2.0;2.0;2.0;;;4.7;4.7;;;4.7;4.7;;
3661;Totaal mannen en vrouwen;0;0;8;Vier jaar na afstuderen;4;Cohort 2000/'01;1.8;2.1;1.9;2.1;1.9;2.1;;;1.6;;;;1.6;;;
3662;Totaal mannen en vrouwen;0;0;8;Vier jaar na afstuderen;4;Cohort 2001/'02;1.5;2.1;1.5;2.1;1.5;2.1;;;2.3;2.3;;;2.3;2.3;;
3663;Totaal mannen en vrouwen;0;0;8;Vier jaar na afstuderen;4;Cohort 2002/'03;1.9;2.4;1.9;2.5;2.0;2.5;0.5;;2.1;1.8;;;2.1;1.8;;
3664;Totaal mannen en vrouwen;0;0;8;Vier jaar na afstuderen;4;Cohort 2003/'04;2.3;2.7;2.2;2.5;2.2;2.5;;;3.7;3.7;;;3.7;3.7;;
3665;Totaal mannen en vrouwen;0;0;8;Vier jaar na afstuderen;5;Cohort 1999/'00;2.9;3.0;2.5;2.6;2.5;2.6;;;3.9;3.9;;;3.9;3.9;;
3666;Totaal mannen en vrouwen;0;0;8;Vier jaar na afstuderen;5;Cohort 2000/'01;2.5;3.1;2.4;2.9;2.4;2.9;;;2.8;3.9;;;2.6;3.9;4.1;4.1
3667;Totaal mannen en vrouwen;0;0;8;Vier jaar na afstuderen;5;Cohort 2001/'02;2.6;2.8;2.3;2.4;2.3;2.4;;;3.2;4.7;;;3.2;4.7;;
3668;Totaal mannen en vrouwen;0;0;8;Vier jaar na afstuderen;5;Cohort 2002/'03;2.9;3.1;2.9;3.0;2.9;3.0;;;3.0;3.3;6.5;6.5;2.6;2.9;;
3669;Totaal mannen en vrouwen;0;0;8;Vier jaar na afstuderen;5;Cohort 2003/'04;3.1;3.3;3.0;3.1;3.0;3.1;2.2;2.2;3.4;3.8;3.4;3.4;3.3;3.8;;
3670;Totaal mannen en vrouwen;0;0;8;Vier jaar na afstuderen;6;Cohort 1999/'00;3.3;3.6;2.7;2.8;2.7;2.8;;;4.0;4.4;;;4.0;4.4;4.5;4.5
3671;Totaal mannen en vrouwen;0;0;8;Vier jaar na afstuderen;6;Cohort 2000/'01;3.2;3.2;2.9;3.0;2.9;3.0;;;3.4;3.6;;;3.4;3.6;;
3672;Totaal mannen en vrouwen;0;0;8;Vier jaar na afstuderen;6;Cohort 2001/'02;3.6;3.5;3.0;3.1;3.0;3.1;;;4.3;4.0;;;4.3;4.0;;
3673;Totaal mannen en vrouwen;0;0;8;Vier jaar na afstuderen;6;Cohort 2002/'03;3.7;3.8;3.3;3.4;3.3;3.4;;;4.2;4.3;;;4.2;4.3;;
3674;Totaal mannen en vrouwen;0;0;8;Vier jaar na afstuderen;6;Cohort 2003/'04;4.1;4.2;3.5;3.6;3.5;3.6;;;4.9;5.2;4.1;4.1;5.1;5.2;1.5;
3675;Totaal mannen en vrouwen;0;0;8;Vier jaar na afstuderen;7;Cohort 1999/'00;2.9;3.0;2.6;2.7;2.6;2.7;;;3.3;3.3;;;3.3;3.4;2.8;2.8
3676;Totaal mannen en vrouwen;0;0;8;Vier jaar na afstuderen;7;Cohort 2000/'01;3.0;3.1;2.7;2.8;2.7;2.8;;;3.3;3.4;;;3.3;3.4;4.4;4.4
3677;Totaal mannen en vrouwen;0;0;8;Vier jaar na afstuderen;7;Cohort 2001/'02;3.2;3.4;2.8;3.0;2.8;3.0;;;3.7;3.9;;;3.7;3.8;4.0;4.9
3678;Totaal mannen en vrouwen;0;0;8;Vier jaar na afstuderen;7;Cohort 2002/'03;3.4;3.5;3.1;3.2;3.1;3.2;;;3.7;3.8;;;3.7;3.8;;
3679;Totaal mannen en vrouwen;0;0;8;Vier jaar na afstuderen;7;Cohort 2003/'04;3.5;3.6;3.3;3.4;3.3;3.4;2.5;2.5;3.7;3.8;3.8;3.8;3.7;3.8;;
3680;Totaal mannen en vrouwen;0;0;8;Vier jaar na afstuderen;8;Cohort 1999/'00;2.3;2.7;2.1;2.6;2.1;2.6;;;3.0;3.6;;;2.6;3.6;6.0;
3681;Totaal mannen en vrouwen;0;0;8;Vier jaar na afstuderen;8;Cohort 2000/'01;2.3;2.9;2.5;3.0;2.5;3.0;;;1.7;2.3;;;1.7;2.3;;
3682;Totaal mannen en vrouwen;0;0;8;Vier jaar na afstuderen;8;Cohort 2001/'02;2.4;2.8;2.1;2.7;2.1;2.7;;;2.9;3.0;3.1;3.1;2.9;3.0;;
3683;Totaal mannen en vrouwen;0;0;8;Vier jaar na afstuderen;8;Cohort 2002/'03;2.9;3.4;2.8;3.2;2.9;3.2;0.6;;2.9;4.0;;;2.9;4.0;;
3684;Totaal mannen en vrouwen;0;0;8;Vier jaar na afstuderen;8;Cohort 2003/'04;2.7;3.2;2.7;3.2;2.7;3.2;;;2.7;3.1;1.7;;2.8;3.1;2.5;
3685;Totaal mannen en vrouwen;0;0;8;Vier jaar na afstuderen;9;Cohort 1999/'00;2.8;2.9;2.5;2.6;2.5;2.6;;;3.1;3.3;;;3.1;3.3;3.2;3.2
3686;Totaal mannen en vrouwen;0;0;8;Vier jaar na afstuderen;9;Cohort 2000/'01;2.9;3.1;2.5;2.7;2.6;2.7;1.7;2.3;3.2;3.4;;;3.0;3.1;4.3;5.0
3687;Totaal mannen en vrouwen;0;0;8;Vier jaar na afstuderen;9;Cohort 2001/'02;3.1;3.2;2.7;2.8;2.7;2.8;;;3.4;3.5;3.2;3.2;3.1;3.2;5.0;5.0
3688;Totaal mannen en vrouwen;0;0;8;Vier jaar na afstuderen;9;Cohort 2002/'03;3.0;3.2;2.7;2.8;2.7;2.8;;;3.2;3.5;;;3.0;3.2;4.4;4.4
3689;Totaal mannen en vrouwen;0;0;8;Vier jaar na afstuderen;9;Cohort 2003/'04;3.1;3.2;2.8;2.9;2.8;2.9;;;3.2;3.3;;;3.2;3.3;3.6;
3690;Totaal mannen en vrouwen;0;0;8;Vier jaar na afstuderen;M Onderwijs;Cohort 1999/'00;2.2;2.7;2.2;2.7;2.2;2.7;2.4;2.4;2.3;2.7;;;2.3;2.7;1.7;
3691;Totaal mannen en vrouwen;0;0;8;Vier jaar na afstuderen;M Onderwijs;Cohort 2000/'01;2.4;2.6;2.5;2.8;2.5;2.8;;;2.4;2.5;;;2.4;2.5;2.4;2.4
3692;Totaal mannen en vrouwen;0;0;8;Vier jaar na afstuderen;M Onderwijs;Cohort 2001/'02;2.4;2.7;2.3;2.7;2.3;2.7;;;2.5;2.8;;;2.5;2.8;;
3693;Totaal mannen en vrouwen;0;0;8;Vier jaar na afstuderen;M Onderwijs;Cohort 2002/'03;2.6;2.7;2.5;2.9;2.6;2.9;1.9;2.5;2.6;2.7;;;2.7;2.7;1.9;
3694;Totaal mannen en vrouwen;0;0;8;Vier jaar na afstuderen;M Onderwijs;Cohort 2003/'04;2.6;2.9;2.6;2.9;2.6;2.9;2.2;;2.7;2.8;2.8;2.8;2.6;2.8;;
3695;Totaal mannen en vrouwen;0;0;8;Vier jaar na afstuderen;N Gezondheids- en welzijnszorg;Cohort 1999/'00;2.7;3.1;2.3;2.6;2.3;2.6;;;3.2;3.6;;;2.5;2.7;3.8;4.0
3696;Totaal mannen en vrouwen;0;0;8;Vier jaar na afstuderen;N Gezondheids- en welzijnszorg;Cohort 2000/'01;2.6;3.1;2.2;2.6;2.2;2.6;;;3.0;3.3;;;2.3;2.5;3.5;3.7
3697;Totaal mannen en vrouwen;0;0;8;Vier jaar na afstuderen;N Gezondheids- en welzijnszorg;Cohort 2001/'02;2.6;2.9;2.2;2.5;2.2;2.5;;;3.2;3.5;;;2.5;2.4;3.6;3.6
3698;Totaal mannen en vrouwen;0;0;8;Vier jaar na afstuderen;N Gezondheids- en welzijnszorg;Cohort 2002/'03;3.2;3.8;2.5;3.1;2.5;3.1;;;3.7;4.1;;;2.7;3.1;4.2;4.4
3699;Totaal mannen en vrouwen;0;0;8;Vier jaar na afstuderen;N Gezondheids- en welzijnszorg;Cohort 2003/'04;3.1;3.5;2.4;2.8;2.4;2.8;;;3.7;3.8;;;2.8;3.1;4.0;4.1
3700;Totaal mannen en vrouwen;0;0;8;Vier jaar na afstuderen;9000e Milieu, cultuur, recreatie en ..;Cohort 1999/'00;2.3;2.6;2.1;2.6;2.1;2.6;;;2.4;2.6;;;2.3;2.9;2.5;2.5
3701;Totaal mannen en vrouwen;0;0;8;Vier jaar na afstuderen;9000e Milieu, cultuur, recreatie en ..;Cohort 2000/'01;2.3;2.5;2.1;2.4;2.1;2.4;2.3;;2.6;2.7;;;2.5;2.7;2.7;2.7
3702;Totaal mannen en vrouwen;0;0;8;Vier jaar na afstuderen;9000e Milieu, cultuur, recreatie en ..;Cohort 2001/'02;2.6;2.9;2.5;2.9;2.6;2.9;1.5;;2.7;2.8;2.2;2.2;2.6;2.8;2.9;3.0
3703;Totaal mannen en vrouwen;0;0;8;Vier jaar na afstuderen;9000e Milieu, cultuur, recreatie en ..;Cohort 2002/'03;2.8;3.2;2.7;3.3;2.7;3.3;;;2.9;3.1;;;2.7;3.1;3.1;3.2
3704;Totaal mannen en vrouwen;0;0;8;Vier jaar na afstuderen;9000e Milieu, cultuur, recreatie en ..;Cohort 2003/'04;2.8;3.0;2.5;2.9;2.4;2.7;3.3;3.4;2.9;3.1;;;3.0;3.3;2.8;2.8
3705;Totaal mannen en vrouwen;0;0;8;Vier jaar na afstuderen;Onbekend;Cohort 1999/'00;;;;;;;;;;;;;;;;
3706;Totaal mannen en vrouwen;0;0;8;Vier jaar na afstuderen;Onbekend;Cohort 2000/'01;2.5;2.5;3.0;3.0;3.0;3.0;;;2.3;2.3;;;2.3;2.3;;
3707;Totaal mannen en vrouwen;0;0;8;Vier jaar na afstuderen;Onbekend;Cohort 2001/'02;;;;;;;;;;;;;;;;
3708;Totaal mannen en vrouwen;0;0;8;Vier jaar na afstuderen;Onbekend;Cohort 2002/'03;;;;;;;;;;;;;;;;
3709;Totaal mannen en vrouwen;0;0;8;Vier jaar na afstuderen;Onbekend;Cohort 2003/'04;3.6;;3.6;;3.6;;;;;;;;;;;
3710;Totaal mannen en vrouwen;0;0;8;Vijf jaar na afstuderen;0;Cohort 1999/'00;3.0;3.3;2.6;2.9;2.6;2.9;2.5;2.5;3.5;3.8;;;3.5;3.8;3.6;3.7
3711;Totaal mannen en vrouwen;0;0;8;Vijf jaar na afstuderen;0;Cohort 2000/'01;3.2;3.5;2.9;3.2;2.9;3.2;2.3;3.2;3.7;4.1;;;3.6;4.0;4.1;4.3
3712;Totaal mannen en vrouwen;0;0;8;Vijf jaar na afstuderen;0;Cohort 2001/'02;3.2;3.5;2.8;3.1;2.8;3.1;0.9;;3.8;4.1;3.0;3.0;3.8;4.1;4.0;4.1
3713;Totaal mannen en vrouwen;0;0;8;Vijf jaar na afstuderen;0;Cohort 2002/'03;3.5;3.8;3.1;3.4;3.1;3.4;2.1;2.8;3.9;4.2;4.2;5.4;3.8;4.1;4.3;4.5
3714;Totaal mannen en vrouwen;0;0;8;Vijf jaar na afstuderen;0;Cohort 2003/'04;;;;;;;;;;;;;;;;
3715;Totaal mannen en vrouwen;0;0;8;Vijf jaar na afstuderen;1;Cohort 1999/'00;;;;;;;;;;;;;;;;
3716;Totaal mannen en vrouwen;0;0;8;Vijf jaar na afstuderen;1;Cohort 2000/'01;;;;;;;;;;;;;;;;
3717;Totaal mannen en vrouwen;0;0;8;Vijf jaar na afstuderen;1;Cohort 2001/'02;3.1;;3.1;;3.1;;;;;;;;;;;
3718;Totaal mannen en vrouwen;0;0;8;Vijf jaar na afstuderen;1;Cohort 2002/'03;3.4;3.4;3.4;3.4;3.4;3.4;;;;;;;;;;
3719;Totaal mannen en vrouwen;0;0;8;Vijf jaar na afstuderen;1;Cohort 2003/'04;;;;;;;;;;;;;;;;
3720;Totaal mannen en vrouwen;0;0;8;Vijf jaar na afstuderen;2;Cohort 1999/'00;3.3;3.4;2.8;2.8;2.8;2.8;;;4.1;4.1;;;4.1;4.1;;
3721;Totaal mannen en vrouwen;0;0;8;Vijf jaar na afstuderen;2;Cohort 2000/'01;3.4;3.6;3.1;3.2;3.1;3.2;;;4.1;4.7;;;4.1;4.7;;
3722;Totaal mannen en vrouwen;0;0;8;Vijf jaar na afstuderen;2;Cohort 2001/'02;3.3;3.4;3.1;3.3;3.1;3.3;;;3.6;3.8;;;3.5;3.7;4.8;4.8
3723;Totaal mannen en vrouwen;0;0;8;Vijf jaar na afstuderen;2;Cohort 2002/'03;3.2;3.4;3.0;3.2;3.0;3.2;;;3.6;4.0;;;3.6;4.0;;
3724;Totaal mannen en vrouwen;0;0;8;Vijf jaar na afstuderen;2;Cohort 2003/'04;;;;;;;;;;;;;;;;
3725;Totaal mannen en vrouwen;0;0;8;Vijf jaar na afstuderen;3;Cohort 1999/'00;3.4;3.6;3.3;3.4;3.3;3.4;;;3.6;4.0;;;3.7;3.9;3.4;4.7
3726;Totaal mannen en vrouwen;0;0;8;Vijf jaar na afstuderen;3;Cohort 2000/'01;3.4;3.5;3.1;3.3;3.1;3.3;2.0;2.9;4.2;4.3;;;3.5;3.7;4.8;4.8
3727;Totaal mannen en vrouwen;0;0;8;Vijf jaar na afstuderen;3;Cohort 2001/'02;3.1;3.3;2.7;3.0;2.7;3.0;;;3.9;4.2;;;3.6;3.9;4.8;4.8
3728;Totaal mannen en vrouwen;0;0;8;Vijf jaar na afstuderen;3;Cohort 2002/'03;3.7;4.0;3.4;3.6;3.4;3.6;;;4.2;4.6;3.5;4.7;3.6;3.8;5.5;6.1
3729;Totaal mannen en vrouwen;0;0;8;Vijf jaar na afstuderen;3;Cohort 2003/'04;;;;;;;;;;;;;;;;
3730;Totaal mannen en vrouwen;0;0;8;Vijf jaar na afstuderen;4;Cohort 1999/'00;1.7;2.0;2.0;2.0;2.0;2.0;;;0.9;;;;0.9;;;
3731;Totaal mannen en vrouwen;0;0;8;Vijf jaar na afstuderen;4;Cohort 2000/'01;1.4;2.2;1.3;2.2;1.3;2.2;;;1.8;;;;1.8;;;
3732;Totaal mannen en vrouwen;0;0;8;Vijf jaar na afstuderen;4;Cohort 2001/'02;1.7;2.4;1.6;2.3;1.6;2.3;;;2.9;2.9;;;2.9;2.9;;
3733;Totaal mannen en vrouwen;0;0;8;Vijf jaar na afstuderen;4;Cohort 2002/'03;2.1;2.4;2.0;2.4;2.0;2.4;;;2.2;2.2;;;2.2;2.2;;
3734;Totaal mannen en vrouwen;0;0;8;Vijf jaar na afstuderen;4;Cohort 2003/'04;;;;;;;;;;;;;;;;
3735;Totaal mannen en vrouwen;0;0;8;Vijf jaar na afstuderen;5;Cohort 1999/'00;2.9;3.1;2.5;2.7;2.5;2.7;;;4.1;4.1;;;4.1;4.1;;
3736;Totaal mannen en vrouwen;0;0;8;Vijf jaar na afstuderen;5;Cohort 2000/'01;3.3;3.8;3.1;3.3;3.1;3.3;;;4.1;7.4;;;4.1;7.4;;
3737;Totaal mannen en vrouwen;0;0;8;Vijf jaar na afstuderen;5;Cohort 2001/'02;2.6;2.8;2.5;2.6;2.6;2.6;0.9;;3.1;3.8;;;3.1;3.8;;
3738;Totaal mannen en vrouwen;0;0;8;Vijf jaar na afstuderen;5;Cohort 2002/'03;3.5;3.6;3.1;3.2;3.1;3.2;;;4.2;4.2;6.6;6.6;3.9;3.9;;
3739;Totaal mannen en vrouwen;0;0;8;Vijf jaar na afstuderen;5;Cohort 2003/'04;;;;;;;;;;;;;;;;
3740;Totaal mannen en vrouwen;0;0;8;Vijf jaar na afstuderen;6;Cohort 1999/'00;3.5;3.8;2.9;3.1;2.9;3.1;;;4.4;4.5;;;4.4;4.5;;
3741;Totaal mannen en vrouwen;0;0;8;Vijf jaar na afstuderen;6;Cohort 2000/'01;3.7;3.8;3.4;3.4;3.4;3.4;;;4.1;4.5;;;4.1;4.4;4.2;5.1
3742;Totaal mannen en vrouwen;0;0;8;Vijf jaar na afstuderen;6;Cohort 2001/'02;3.9;4.1;3.3;3.5;3.3;3.5;;;4.6;4.9;;;4.5;4.8;5.6;5.6
3743;Totaal mannen en vrouwen;0;0;8;Vijf jaar na afstuderen;6;Cohort 2002/'03;4.9;5.1;3.5;3.6;3.5;3.6;;;6.8;6.8;;;6.8;6.8;;
3744;Totaal mannen en vrouwen;0;0;8;Vijf jaar na afstuderen;6;Cohort 2003/'04;;;;;;;;;;;;;;;;
3745;Totaal mannen en vrouwen;0;0;8;Vijf jaar na afstuderen;7;Cohort 1999/'00;3.2;3.4;2.8;2.9;2.8;2.9;;;3.8;4.0;;;3.8;4.0;4.3;4.3
3746;Totaal mannen en vrouwen;0;0;8;Vijf jaar na afstuderen;7;Cohort 2000/'01;3.6;3.8;3.2;3.5;3.2;3.5;;;4.2;4.3;;;4.2;4.3;;
3747;Totaal mannen en vrouwen;0;0;8;Vijf jaar na afstuderen;7;Cohort 2001/'02;3.8;3.9;3.2;3.3;3.2;3.3;;;4.5;4.6;;;4.5;4.6;2.8;
3748;Totaal mannen en vrouwen;0;0;8;Vijf jaar na afstuderen;7;Cohort 2002/'03;3.7;3.8;3.4;3.5;3.4;3.5;;;4.1;4.2;;;4.0;4.2;8.8;
3749;Totaal mannen en vrouwen;0;0;8;Vijf jaar na afstuderen;7;Cohort 2003/'04;;;;;;;;;;;;;;;;
3750;Totaal mannen en vrouwen;0;0;8;Vijf jaar na afstuderen;8;Cohort 1999/'00;2.7;3.1;2.5;2.9;2.5;2.9;;;3.2;3.5;;;3.1;3.5;4.3;
3751;Totaal mannen en vrouwen;0;0;8;Vijf jaar na afstuderen;8;Cohort 2000/'01;2.6;3.1;2.5;3.0;2.5;3.0;;;2.7;3.6;;;2.7;3.6;;
3752;Totaal mannen en vrouwen;0;0;8;Vijf jaar na afstuderen;8;Cohort 2001/'02;2.8;3.4;2.5;3.2;2.5;3.2;;;3.4;3.8;3.4;3.4;3.3;3.8;4.0;
3753;Totaal mannen en vrouwen;0;0;8;Vijf jaar na afstuderen;8;Cohort 2002/'03;2.8;3.4;2.6;3.2;2.6;3.2;;;3.2;3.8;;;3.3;3.8;0.9;
3754;Totaal mannen en vrouwen;0;0;8;Vijf jaar na afstuderen;8;Cohort 2003/'04;;;;;;;;;;;;;;;;
3755;Totaal mannen en vrouwen;0;0;8;Vijf jaar na afstuderen;9;Cohort 1999/'00;3.0;3.1;2.7;2.8;2.7;2.8;;;3.3;3.4;;;3.3;3.4;3.5;
3756;Totaal mannen en vrouwen;0;0;8;Vijf jaar na afstuderen;9;Cohort 2000/'01;3.2;3.3;2.8;2.9;2.8;2.9;2.5;2.5;3.5;3.8;;;3.3;3.5;4.5;5.3
3757;Totaal mannen en vrouwen;0;0;8;Vijf jaar na afstuderen;9;Cohort 2001/'02;3.2;3.5;2.9;3.1;2.9;3.1;;;3.5;3.8;;;3.4;3.6;4.2;4.4
3758;Totaal mannen en vrouwen;0;0;8;Vijf jaar na afstuderen;9;Cohort 2002/'03;3.4;3.5;3.3;3.4;3.3;3.4;;;3.5;3.6;;;3.3;3.4;4.7;4.7
3759;Totaal mannen en vrouwen;0;0;8;Vijf jaar na afstuderen;9;Cohort 2003/'04;;;;;;;;;;;;;;;;
3760;Totaal mannen en vrouwen;0;0;8;Vijf jaar na afstuderen;M Onderwijs;Cohort 1999/'00;2.3;2.8;2.2;2.6;2.2;2.6;2.5;2.5;2.5;3.0;;;2.5;3.0;3.3;3.3
3761;Totaal mannen en vrouwen;0;0;8;Vijf jaar na afstuderen;M Onderwijs;Cohort 2000/'01;2.4;2.6;2.4;2.6;2.4;2.6;;;2.4;2.8;;;2.4;2.8;2.7;2.7
3762;Totaal mannen en vrouwen;0;0;8;Vijf jaar na afstuderen;M Onderwijs;Cohort 2001/'02;2.4;3.0;2.3;2.8;2.3;2.8;;;2.6;3.2;;;2.6;3.2;;
3763;Totaal mannen en vrouwen;0;0;8;Vijf jaar na afstuderen;M Onderwijs;Cohort 2002/'03;2.7;2.9;2.5;2.9;2.5;2.9;2.1;2.8;2.8;2.9;;;2.8;2.9;2.8;3.4
3764;Totaal mannen en vrouwen;0;0;8;Vijf jaar na afstuderen;M Onderwijs;Cohort 2003/'04;;;;;;;;;;;;;;;;
3765;Totaal mannen en vrouwen;0;0;8;Vijf jaar na afstuderen;N Gezondheids- en welzijnszorg;Cohort 1999/'00;2.7;3.3;2.2;2.7;2.2;2.7;;;3.2;3.7;;;2.5;3.1;3.7;3.9
3766;Totaal mannen en vrouwen;0;0;8;Vijf jaar na afstuderen;N Gezondheids- en welzijnszorg;Cohort 2000/'01;2.8;3.3;2.3;2.8;2.3;2.8;;;3.2;3.6;;;2.5;2.8;4.0;4.1
3767;Totaal mannen en vrouwen;0;0;8;Vijf jaar na afstuderen;N Gezondheids- en welzijnszorg;Cohort 2001/'02;2.8;3.3;2.3;2.7;2.3;2.7;;;3.6;3.8;;;2.8;3.3;3.9;4.0
3768;Totaal mannen en vrouwen;0;0;8;Vijf jaar na afstuderen;N Gezondheids- en welzijnszorg;Cohort 2002/'03;3.4;3.7;2.8;3.3;2.8;3.3;;;3.8;3.9;;;2.9;3.0;4.2;4.2
3769;Totaal mannen en vrouwen;0;0;8;Vijf jaar na afstuderen;N Gezondheids- en welzijnszorg;Cohort 2003/'04;;;;;;;;;;;;;;;;
3770;Totaal mannen en vrouwen;0;0;8;Vijf jaar na afstuderen;9000e Milieu, cultuur, recreatie en ..;Cohort 1999/'00;2.5;2.9;2.0;2.5;2.0;2.5;;;2.8;3.0;;;2.6;3.0;3.0;3.0
3771;Totaal mannen en vrouwen;0;0;8;Vijf jaar na afstuderen;9000e Milieu, cultuur, recreatie en ..;Cohort 2000/'01;2.7;3.1;2.6;3.0;2.7;3.0;2.6;4.3;2.9;3.2;;;2.8;3.2;3.1;3.2
3772;Totaal mannen en vrouwen;0;0;8;Vijf jaar na afstuderen;9000e Milieu, cultuur, recreatie en ..;Cohort 2001/'02;2.8;3.2;2.6;3.4;2.6;3.4;;;2.9;3.0;2.5;2.5;3.0;3.2;2.8;2.9
3773;Totaal mannen en vrouwen;0;0;8;Vijf jaar na afstuderen;9000e Milieu, cultuur, recreatie en ..;Cohort 2002/'03;3.0;3.2;2.9;3.1;2.9;3.1;;;3.0;3.3;;;3.0;3.5;3.0;2.6
3774;Totaal mannen en vrouwen;0;0;8;Vijf jaar na afstuderen;9000e Milieu, cultuur, recreatie en ..;Cohort 2003/'04;;;;;;;;;;;;;;;;
3775;Totaal mannen en vrouwen;0;0;8;Vijf jaar na afstuderen;Onbekend;Cohort 1999/'00;3.2;3.2;1.0;1.0;1.0;1.0;;;5.4;5.4;;;5.4;5.4;;
3776;Totaal mannen en vrouwen;0;0;8;Vijf jaar na afstuderen;Onbekend;Cohort 2000/'01;;;;;;;;;;;;;;;;
3777;Totaal mannen en vrouwen;0;0;8;Vijf jaar na afstuderen;Onbekend;Cohort 2001/'02;;;;;;;;;;;;;;;;
3778;Totaal mannen en vrouwen;0;0;8;Vijf jaar na afstuderen;Onbekend;Cohort 2002/'03;;;;;;;;;;;;;;;;
3779;Totaal mannen en vrouwen;0;0;8;Vijf jaar na afstuderen;Onbekend;Cohort 2003/'04;;;;;;;;;;;;;;;;
3780;Totaal mannen en vrouwen;0;0;9;Direct na afstuderen;0;Cohort 1999/'00;1.5;;1.3;;1.4;;0.8;;1.7;;;;1.6;;2.3;
3781;Totaal mannen en vrouwen;0;0;9;Direct na afstuderen;0;Cohort 2000/'01;1.5;2.0;1.4;1.8;1.4;1.8;1.1;1.7;1.8;2.2;;;1.7;2.1;2.4;2.5
3782;Totaal mannen en vrouwen;0;0;9;Direct na afstuderen;0;Cohort 2001/'02;1.5;2.0;1.4;1.9;1.4;1.9;1.2;2.0;1.7;2.3;1.5;2.4;1.6;2.1;2.6;2.8
3783;Totaal mannen en vrouwen;0;0;9;Direct na afstuderen;0;Cohort 2002/'03;1.5;2.1;1.3;1.9;1.3;1.9;1.1;3.0;1.7;2.4;1.7;2.0;1.5;2.3;2.5;2.9
3784;Totaal mannen en vrouwen;0;0;9;Direct na afstuderen;0;Cohort 2003/'04;1.5;2.1;1.4;2.0;1.4;2.0;1.0;1.7;1.7;2.4;1.5;2.1;1.5;2.3;2.5;2.7
3785;Totaal mannen en vrouwen;0;0;9;Direct na afstuderen;1;Cohort 1999/'00;0.6;;0.6;;0.6;;;;;;;;;;;
3786;Totaal mannen en vrouwen;0;0;9;Direct na afstuderen;1;Cohort 2000/'01;1.2;2.0;1.8;2.0;1.8;2.0;;;0.5;;;;0.5;;;
3787;Totaal mannen en vrouwen;0;0;9;Direct na afstuderen;1;Cohort 2001/'02;1.1;1.6;1.2;1.8;1.2;1.8;;;0.9;1.3;;;0.9;1.3;;
3788;Totaal mannen en vrouwen;0;0;9;Direct na afstuderen;1;Cohort 2002/'03;1.2;1.8;1.1;1.7;1.1;1.7;;;2.1;2.1;;;2.1;2.1;;
3789;Totaal mannen en vrouwen;0;0;9;Direct na afstuderen;1;Cohort 2003/'04;1.0;2.2;0.5;;0.5;;;;1.4;2.2;;;1.4;2.2;;
3790;Totaal mannen en vrouwen;0;0;9;Direct na afstuderen;2;Cohort 1999/'00;1.8;;1.7;;1.7;;;;1.9;;;;1.9;;1.7;
3791;Totaal mannen en vrouwen;0;0;9;Direct na afstuderen;2;Cohort 2000/'01;1.9;2.2;1.7;2.0;1.7;2.0;2.4;2.4;2.3;2.5;;;2.3;2.5;;
3792;Totaal mannen en vrouwen;0;0;9;Direct na afstuderen;2;Cohort 2001/'02;1.7;2.0;1.6;1.9;1.6;1.9;;;1.9;2.2;;;1.9;2.2;;
3793;Totaal mannen en vrouwen;0;0;9;Direct na afstuderen;2;Cohort 2002/'03;1.6;2.0;1.5;1.9;1.5;1.9;0.5;;1.8;2.2;;;1.8;2.2;;
3794;Totaal mannen en vrouwen;0;0;9;Direct na afstuderen;2;Cohort 2003/'04;1.7;2.2;1.6;2.0;1.6;2.0;0.3;;2.0;2.6;1.9;1.9;2.1;2.6;1.9;2.7
3795;Totaal mannen en vrouwen;0;0;9;Direct na afstuderen;3;Cohort 1999/'00;1.5;;1.4;;1.4;;0.5;;1.5;;;;1.4;;2.2;
3796;Totaal mannen en vrouwen;0;0;9;Direct na afstuderen;3;Cohort 2000/'01;1.4;2.1;1.3;1.8;1.3;1.8;;;1.6;2.4;;;1.6;2.5;2.1;2.2
3797;Totaal mannen en vrouwen;0;0;9;Direct na afstuderen;3;Cohort 2001/'02;1.3;2.0;1.2;1.8;1.2;1.8;1.1;;1.6;2.4;;;1.4;2.2;2.8;3.0
3798;Totaal mannen en vrouwen;0;0;9;Direct na afstuderen;3;Cohort 2002/'03;1.2;2.0;1.1;1.8;1.1;1.8;0.9;;1.5;2.5;;;1.3;2.5;2.4;2.5
3799;Totaal mannen en vrouwen;0;0;9;Direct na afstuderen;3;Cohort 2003/'04;1.2;1.9;1.2;1.8;1.2;1.8;0.6;;1.3;2.0;1.4;1.8;1.2;2.0;2.0;2.4
3800;Totaal mannen en vrouwen;0;0;9;Direct na afstuderen;4;Cohort 1999/'00;0.8;;0.9;;0.9;;;;0.5;;;;0.5;;;
3801;Totaal mannen en vrouwen;0;0;9;Direct na afstuderen;4;Cohort 2000/'01;1.0;1.8;1.0;1.8;1.1;1.8;0.3;;0.6;1.5;;;0.6;1.5;;
3802;Totaal mannen en vrouwen;0;0;9;Direct na afstuderen;4;Cohort 2001/'02;1.0;1.7;1.0;1.8;1.0;1.8;;;0.8;1.4;1.0;;0.8;1.4;;
3803;Totaal mannen en vrouwen;0;0;9;Direct na afstuderen;4;Cohort 2002/'03;1.0;1.6;1.0;1.6;1.0;1.6;;;0.9;2.0;0.3;;1.0;2.0;0.6;
3804;Totaal mannen en vrouwen;0;0;9;Direct na afstuderen;4;Cohort 2003/'04;0.9;1.6;0.9;1.6;0.9;1.6;0.7;;0.7;;0.2;;0.7;;;
3805;Totaal mannen en vrouwen;0;0;9;Direct na afstuderen;5;Cohort 1999/'00;1.4;;1.3;;1.3;;;;1.6;;;;1.6;;;
3806;Totaal mannen en vrouwen;0;0;9;Direct na afstuderen;5;Cohort 2000/'01;1.5;2.1;1.5;1.9;1.5;1.9;;;1.6;2.4;;;1.6;2.4;;
3807;Totaal mannen en vrouwen;0;0;9;Direct na afstuderen;5;Cohort 2001/'02;1.2;1.8;1.2;1.7;1.2;1.7;;;1.3;2.1;;;1.3;2.1;;
3808;Totaal mannen en vrouwen;0;0;9;Direct na afstuderen;5;Cohort 2002/'03;1.2;2.0;1.1;1.6;1.1;1.6;1.0;;1.5;2.6;1.2;;1.5;2.6;;
3809;Totaal mannen en vrouwen;0;0;9;Direct na afstuderen;5;Cohort 2003/'04;1.4;2.1;1.3;1.9;1.3;1.9;;;1.4;2.4;2.6;2.6;1.4;2.3;2.1;3.8
3810;Totaal mannen en vrouwen;0;0;9;Direct na afstuderen;6;Cohort 1999/'00;2.0;;1.7;;1.7;;;;2.2;;;;2.3;;1.1;
3811;Totaal mannen en vrouwen;0;0;9;Direct na afstuderen;6;Cohort 2000/'01;2.1;2.2;1.8;1.9;1.8;1.9;;;2.2;2.4;;;2.2;2.4;2.7;
3812;Totaal mannen en vrouwen;0;0;9;Direct na afstuderen;6;Cohort 2001/'02;2.0;2.5;1.8;2.1;1.8;2.1;;;2.2;2.7;2.4;2.4;2.2;2.7;;
3813;Totaal mannen en vrouwen;0;0;9;Direct na afstuderen;6;Cohort 2002/'03;2.1;2.5;1.9;2.3;1.9;2.3;;;2.2;2.7;;;2.2;2.7;;
3814;Totaal mannen en vrouwen;0;0;9;Direct na afstuderen;6;Cohort 2003/'04;2.3;2.8;2.5;3.0;2.5;3.0;;;2.2;2.6;;;2.2;2.6;;
3815;Totaal mannen en vrouwen;0;0;9;Direct na afstuderen;7;Cohort 1999/'00;1.7;;1.5;;1.5;;;;1.9;;;;1.8;;2.0;
3816;Totaal mannen en vrouwen;0;0;9;Direct na afstuderen;7;Cohort 2000/'01;1.7;2.0;1.5;1.8;1.5;1.8;0.2;;1.8;2.2;;;1.8;2.2;2.1;2.1
3817;Totaal mannen en vrouwen;0;0;9;Direct na afstuderen;7;Cohort 2001/'02;1.7;2.1;1.5;1.9;1.5;1.9;1.9;;2.0;2.3;;;2.0;2.3;2.0;2.3
3818;Totaal mannen en vrouwen;0;0;9;Direct na afstuderen;7;Cohort 2002/'03;1.7;2.0;1.5;1.9;1.5;1.9;;;1.8;2.2;0.5;;1.8;2.2;2.5;2.5
3819;Totaal mannen en vrouwen;0;0;9;Direct na afstuderen;7;Cohort 2003/'04;1.6;2.1;1.5;1.9;1.5;1.9;0.6;1.2;1.8;2.2;1.7;2.0;1.8;2.2;2.6;2.7
3820;Totaal mannen en vrouwen;0;0;9;Direct na afstuderen;8;Cohort 1999/'00;1.2;;1.2;;1.2;;;;1.2;;;;1.2;;1.4;
3821;Totaal mannen en vrouwen;0;0;9;Direct na afstuderen;8;Cohort 2000/'01;1.3;1.8;1.3;1.7;1.3;1.7;1.0;;1.3;2.0;;;1.2;1.8;3.1;4.1
3822;Totaal mannen en vrouwen;0;0;9;Direct na afstuderen;8;Cohort 2001/'02;1.3;1.8;1.3;1.8;1.3;1.8;0.1;;1.3;1.9;1.2;;1.2;1.8;2.5;3.1
3823;Totaal mannen en vrouwen;0;0;9;Direct na afstuderen;8;Cohort 2002/'03;1.3;1.8;1.3;1.8;1.3;1.8;;;1.3;1.8;;;1.3;1.8;1.3;
3824;Totaal mannen en vrouwen;0;0;9;Direct na afstuderen;8;Cohort 2003/'04;1.3;1.9;1.3;1.9;1.3;1.9;1.1;1.9;1.2;1.9;0.9;;1.2;1.8;1.5;2.4
3825;Totaal mannen en vrouwen;0;0;9;Direct na afstuderen;9;Cohort 1999/'00;1.7;;1.5;;1.6;;0.5;;1.9;;;;1.8;;2.6;
3826;Totaal mannen en vrouwen;0;0;9;Direct na afstuderen;9;Cohort 2000/'01;1.7;2.1;1.5;2.0;1.5;2.0;;;2.0;2.1;;;2.0;2.1;1.6;1.6
3827;Totaal mannen en vrouwen;0;0;9;Direct na afstuderen;9;Cohort 2001/'02;1.9;2.1;1.6;2.1;1.6;2.1;;;2.1;2.2;;;2.0;2.1;3.7;3.7
3828;Totaal mannen en vrouwen;0;0;9;Direct na afstuderen;9;Cohort 2002/'03;1.6;2.7;1.4;2.3;1.5;2.3;0.3;;1.8;3.0;3.5;;1.7;2.9;3.8;3.7
3829;Totaal mannen en vrouwen;0;0;9;Direct na afstuderen;9;Cohort 2003/'04;2.0;2.8;1.6;2.6;1.6;2.6;1.5;2.1;2.4;3.0;3.1;3.1;2.4;3.0;3.2;3.2
3830;Totaal mannen en vrouwen;0;0;9;Direct na afstuderen;M Onderwijs;Cohort 1999/'00;1.3;;1.3;;1.3;;1.0;;1.3;;;;1.3;;1.5;
3831;Totaal mannen en vrouwen;0;0;9;Direct na afstuderen;M Onderwijs;Cohort 2000/'01;1.5;1.7;1.4;1.7;1.4;1.7;1.3;1.5;1.5;1.8;;;1.5;1.8;1.6;1.8
3832;Totaal mannen en vrouwen;0;0;9;Direct na afstuderen;M Onderwijs;Cohort 2001/'02;1.5;1.9;1.5;1.8;1.5;1.8;1.3;1.9;1.6;1.9;;;1.6;1.9;2.2;3.2
3833;Totaal mannen en vrouwen;0;0;9;Direct na afstuderen;M Onderwijs;Cohort 2002/'03;1.4;2.0;1.4;1.9;1.4;1.9;1.3;;1.4;2.1;2.0;2.0;1.3;2.0;1.5;2.3
3834;Totaal mannen en vrouwen;0;0;9;Direct na afstuderen;M Onderwijs;Cohort 2003/'04;1.5;2.1;1.6;2.1;1.6;2.1;1.4;;1.4;2.1;2.6;2.5;1.4;2.1;1.4;2.0
3835;Totaal mannen en vrouwen;0;0;9;Direct na afstuderen;N Gezondheids- en welzijnszorg;Cohort 1999/'00;1.6;;1.3;;1.3;;0.3;;2.1;;;;1.4;;2.4;
3836;Totaal mannen en vrouwen;0;0;9;Direct na afstuderen;N Gezondheids- en welzijnszorg;Cohort 2000/'01;1.7;2.2;1.3;1.7;1.3;1.7;;;2.1;2.4;;;1.5;1.9;2.4;2.5
3837;Totaal mannen en vrouwen;0;0;9;Direct na afstuderen;N Gezondheids- en welzijnszorg;Cohort 2001/'02;1.7;2.4;1.3;1.9;1.3;1.9;;;2.2;2.6;;;1.6;2.1;2.5;2.7
3838;Totaal mannen en vrouwen;0;0;9;Direct na afstuderen;N Gezondheids- en welzijnszorg;Cohort 2002/'03;1.7;2.5;1.3;2.0;1.3;2.0;1.0;;2.2;2.8;3.8;;1.4;2.0;2.7;3.0
3839;Totaal mannen en vrouwen;0;0;9;Direct na afstuderen;N Gezondheids- en welzijnszorg;Cohort 2003/'04;1.7;2.5;1.3;1.9;1.3;1.9;1.0;1.4;2.2;2.7;1.4;;1.4;2.1;2.7;2.8
3840;Totaal mannen en vrouwen;0;0;9;Direct na afstuderen;9000e Milieu, cultuur, recreatie en ..;Cohort 1999/'00;1.3;;1.1;;1.2;;0.6;;1.6;;;;1.6;;1.5;
3841;Totaal mannen en vrouwen;0;0;9;Direct na afstuderen;9000e Milieu, cultuur, recreatie en ..;Cohort 2000/'01;1.3;1.8;1.1;1.6;1.2;1.5;1.0;1.8;1.5;2.2;;;1.5;2.2;2.2;2.2
3842;Totaal mannen en vrouwen;0;0;9;Direct na afstuderen;9000e Milieu, cultuur, recreatie en ..;Cohort 2001/'02;1.3;1.9;1.2;1.8;1.2;1.8;0.6;2.3;1.4;2.1;;;1.4;2.1;2.8;2.8
3843;Totaal mannen en vrouwen;0;0;9;Direct na afstuderen;9000e Milieu, cultuur, recreatie en ..;Cohort 2002/'03;1.3;2.1;1.2;2.1;1.2;2.0;1.2;3.0;1.5;2.1;0.1;;1.4;2.0;2.1;2.5
3844;Totaal mannen en vrouwen;0;0;9;Direct na afstuderen;9000e Milieu, cultuur, recreatie en ..;Cohort 2003/'04;1.2;1.9;1.1;1.9;1.2;1.9;0.8;1.6;1.4;2.0;0.7;;1.3;1.9;2.3;2.3
3845;Totaal mannen en vrouwen;0;0;9;Direct na afstuderen;Onbekend;Cohort 1999/'00;1.2;;1.2;;1.2;;;;;;;;;;;
3846;Totaal mannen en vrouwen;0;0;9;Direct na afstuderen;Onbekend;Cohort 2000/'01;;;;;;;;;;;;;;;;
3847;Totaal mannen en vrouwen;0;0;9;Direct na afstuderen;Onbekend;Cohort 2001/'02;1.8;1.8;2.1;2.1;2.1;2.1;;;0.9;0.9;;;0.9;0.9;;
3848;Totaal mannen en vrouwen;0;0;9;Direct na afstuderen;Onbekend;Cohort 2002/'03;0.4;;;;;;;;0.4;;;;0.4;;;
3849;Totaal mannen en vrouwen;0;0;9;Direct na afstuderen;Onbekend;Cohort 2003/'04;1.6;1.9;1.6;1.9;1.9;1.9;0.7;;;;;;;;;
3850;Totaal mannen en vrouwen;0;0;9;Één jaar na afstuderen;0;Cohort 1999/'00;2.0;2.2;1.9;2.1;1.9;2.1;1.3;1.9;2.2;2.4;;;2.1;2.3;2.6;2.7
3851;Totaal mannen en vrouwen;0;0;9;Één jaar na afstuderen;0;Cohort 2000/'01;2.1;2.3;1.9;2.1;1.9;2.1;1.6;2.2;2.3;2.5;0.8;;2.2;2.4;2.7;2.9
3852;Totaal mannen en vrouwen;0;0;9;Één jaar na afstuderen;0;Cohort 2001/'02;2.0;2.3;1.9;2.1;1.9;2.1;1.6;2.1;2.3;2.5;2.6;2.6;2.1;2.4;3.1;3.2
3853;Totaal mannen en vrouwen;0;0;9;Één jaar na afstuderen;0;Cohort 2002/'03;2.0;2.3;1.9;2.1;1.9;2.1;1.5;2.4;2.2;2.5;2.2;1.7;2.1;2.4;2.9;3.0
3854;Totaal mannen en vrouwen;0;0;9;Één jaar na afstuderen;0;Cohort 2003/'04;2.1;2.3;1.9;2.2;1.9;2.2;1.3;2.1;2.3;2.5;2.0;2.5;2.2;2.5;2.9;2.9
3855;Totaal mannen en vrouwen;0;0;9;Één jaar na afstuderen;1;Cohort 1999/'00;1.6;1.6;1.8;1.8;1.8;1.8;;;0.8;0.8;;;0.8;0.8;;
3856;Totaal mannen en vrouwen;0;0;9;Één jaar na afstuderen;1;Cohort 2000/'01;3.7;5.5;3.7;5.5;3.7;5.5;;;;;;;;;;
3857;Totaal mannen en vrouwen;0;0;9;Één jaar na afstuderen;1;Cohort 2001/'02;1.8;1.8;1.8;1.8;1.8;1.8;;;1.7;1.9;;;1.7;1.9;;
3858;Totaal mannen en vrouwen;0;0;9;Één jaar na afstuderen;1;Cohort 2002/'03;1.9;2.3;1.9;2.3;1.9;2.3;;;;;;;;;;
3859;Totaal mannen en vrouwen;0;0;9;Één jaar na afstuderen;1;Cohort 2003/'04;1.8;1.7;1.5;1.4;1.5;1.4;;;2.1;2.2;;;2.1;2.2;;
3860;Totaal mannen en vrouwen;0;0;9;Één jaar na afstuderen;2;Cohort 1999/'00;2.3;2.4;2.2;2.3;2.2;2.3;;;2.4;2.5;;;2.4;2.5;1.9;2.1
3861;Totaal mannen en vrouwen;0;0;9;Één jaar na afstuderen;2;Cohort 2000/'01;2.3;2.4;2.1;2.2;2.1;2.2;2.7;2.7;2.6;2.6;;;2.6;2.6;;
3862;Totaal mannen en vrouwen;0;0;9;Één jaar na afstuderen;2;Cohort 2001/'02;2.3;2.3;2.1;2.2;2.2;2.2;1.4;;2.5;2.5;;;2.5;2.5;;
3863;Totaal mannen en vrouwen;0;0;9;Één jaar na afstuderen;2;Cohort 2002/'03;2.3;2.4;2.2;2.3;2.2;2.3;;;2.5;2.6;;;2.5;2.6;;
3864;Totaal mannen en vrouwen;0;0;9;Één jaar na afstuderen;2;Cohort 2003/'04;2.3;2.4;2.2;2.3;2.2;2.3;;;2.6;2.7;2.8;2.8;2.6;2.6;2.8;3.6
3865;Totaal mannen en vrouwen;0;0;9;Één jaar na afstuderen;3;Cohort 1999/'00;2.0;2.2;1.9;2.0;1.9;2.0;0.7;;2.2;2.5;;;2.2;2.4;2.6;2.9
3866;Totaal mannen en vrouwen;0;0;9;Één jaar na afstuderen;3;Cohort 2000/'01;2.1;2.4;1.9;2.1;1.9;2.1;;;2.5;2.8;;;2.4;2.8;2.5;2.8
3867;Totaal mannen en vrouwen;0;0;9;Één jaar na afstuderen;3;Cohort 2001/'02;2.0;2.3;1.8;2.1;1.8;2.1;;;2.3;2.7;;;2.2;2.6;3.2;3.2
3868;Totaal mannen en vrouwen;0;0;9;Één jaar na afstuderen;3;Cohort 2002/'03;1.9;2.1;1.8;2.0;1.8;2.0;1.1;1.0;2.2;2.5;;;2.0;2.4;2.9;2.7
3869;Totaal mannen en vrouwen;0;0;9;Één jaar na afstuderen;3;Cohort 2003/'04;2.0;2.2;1.9;2.1;1.9;2.1;0.9;;2.1;2.5;1.7;2.4;2.1;2.5;2.7;2.8
3870;Totaal mannen en vrouwen;0;0;9;Één jaar na afstuderen;4;Cohort 1999/'00;1.3;1.8;1.3;1.8;1.3;1.8;;;1.1;2.7;;;1.1;2.7;;
3871;Totaal mannen en vrouwen;0;0;9;Één jaar na afstuderen;4;Cohort 2000/'01;1.3;1.9;1.4;1.9;1.4;1.9;0.5;;1.0;1.3;0.8;;1.0;1.3;;
3872;Totaal mannen en vrouwen;0;0;9;Één jaar na afstuderen;4;Cohort 2001/'02;1.4;1.9;1.5;2.0;1.5;2.0;0.3;;1.3;1.7;;;1.3;1.7;;
3873;Totaal mannen en vrouwen;0;0;9;Één jaar na afstuderen;4;Cohort 2002/'03;1.4;1.9;1.4;1.8;1.4;1.8;0.7;;1.3;2.2;;;1.3;2.2;;
3874;Totaal mannen en vrouwen;0;0;9;Één jaar na afstuderen;4;Cohort 2003/'04;1.2;1.9;1.2;1.9;1.2;1.9;;;1.3;2.1;0.2;;1.4;2.1;;
3875;Totaal mannen en vrouwen;0;0;9;Één jaar na afstuderen;5;Cohort 1999/'00;2.1;2.2;2.0;2.1;2.0;2.1;;;2.3;2.6;;;2.3;2.6;;
3876;Totaal mannen en vrouwen;0;0;9;Één jaar na afstuderen;5;Cohort 2000/'01;2.1;2.3;2.0;2.1;2.0;2.1;;;2.4;2.7;;;2.4;2.7;;
3877;Totaal mannen en vrouwen;0;0;9;Één jaar na afstuderen;5;Cohort 2001/'02;2.0;2.1;1.9;2.0;1.9;2.0;;;2.1;2.3;;;2.2;2.3;1.1;
3878;Totaal mannen en vrouwen;0;0;9;Één jaar na afstuderen;5;Cohort 2002/'03;1.9;2.2;1.7;2.0;1.7;2.0;;;2.4;2.6;;;2.4;2.6;;
3879;Totaal mannen en vrouwen;0;0;9;Één jaar na afstuderen;5;Cohort 2003/'04;2.1;2.3;2.0;2.2;2.0;2.2;;;2.1;2.6;2.5;2.5;2.1;2.6;;
3880;Totaal mannen en vrouwen;0;0;9;Één jaar na afstuderen;6;Cohort 1999/'00;2.4;2.5;2.2;2.2;2.2;2.2;;;2.7;2.7;;;2.7;2.7;3.7;3.7
3881;Totaal mannen en vrouwen;0;0;9;Één jaar na afstuderen;6;Cohort 2000/'01;2.6;2.6;2.4;2.4;2.4;2.4;;;2.8;2.8;;;2.8;2.8;;
3882;Totaal mannen en vrouwen;0;0;9;Één jaar na afstuderen;6;Cohort 2001/'02;2.4;2.5;2.2;2.2;2.2;2.2;;;2.6;2.7;2.6;2.6;2.6;2.7;3.7;3.7
3883;Totaal mannen en vrouwen;0;0;9;Één jaar na afstuderen;6;Cohort 2002/'03;2.5;2.6;2.3;2.4;2.3;2.4;;;2.7;2.8;;;2.7;2.8;4.5;4.5
3884;Totaal mannen en vrouwen;0;0;9;Één jaar na afstuderen;6;Cohort 2003/'04;2.6;2.7;2.4;2.3;2.4;2.3;;;2.8;2.9;;;2.8;2.9;;
3885;Totaal mannen en vrouwen;0;0;9;Één jaar na afstuderen;7;Cohort 1999/'00;2.2;2.2;2.0;2.1;2.0;2.1;;;2.3;2.4;;;2.3;2.4;2.2;2.3
3886;Totaal mannen en vrouwen;0;0;9;Één jaar na afstuderen;7;Cohort 2000/'01;2.2;2.3;2.1;2.1;2.1;2.1;2.1;2.1;2.3;2.4;;;2.3;2.4;2.3;2.3
3887;Totaal mannen en vrouwen;0;0;9;Één jaar na afstuderen;7;Cohort 2001/'02;2.2;2.3;2.0;2.1;2.0;2.1;1.4;1.4;2.4;2.5;;;2.4;2.5;3.3;3.5
3888;Totaal mannen en vrouwen;0;0;9;Één jaar na afstuderen;7;Cohort 2002/'03;2.2;2.3;2.0;2.2;2.0;2.2;0.9;;2.3;2.5;1.4;1.9;2.4;2.5;2.3;2.7
3889;Totaal mannen en vrouwen;0;0;9;Één jaar na afstuderen;7;Cohort 2003/'04;2.2;2.4;2.1;2.2;2.0;2.2;2.1;;2.4;2.5;2.2;2.4;2.4;2.5;3.0;3.1
3890;Totaal mannen en vrouwen;0;0;9;Één jaar na afstuderen;8;Cohort 1999/'00;1.7;2.1;1.7;2.0;1.7;2.0;2.0;2.0;1.6;2.2;;;1.6;2.2;3.8;2.1
3891;Totaal mannen en vrouwen;0;0;9;Één jaar na afstuderen;8;Cohort 2000/'01;1.7;2.0;1.7;2.0;1.7;2.0;0.4;;1.6;2.1;;;1.6;2.1;2.6;3.3
3892;Totaal mannen en vrouwen;0;0;9;Één jaar na afstuderen;8;Cohort 2001/'02;1.7;2.1;1.6;2.1;1.6;2.1;0.8;;1.7;2.2;;;1.7;2.2;;
3893;Totaal mannen en vrouwen;0;0;9;Één jaar na afstuderen;8;Cohort 2002/'03;1.7;2.0;1.6;2.0;1.6;2.0;0.5;;1.7;2.1;;;1.7;2.1;2.5;2.4
3894;Totaal mannen en vrouwen;0;0;9;Één jaar na afstuderen;8;Cohort 2003/'04;1.7;2.0;1.7;2.0;1.7;2.0;0.6;1.4;1.7;2.0;0.9;1.4;1.7;2.1;1.5;
3895;Totaal mannen en vrouwen;0;0;9;Één jaar na afstuderen;9;Cohort 1999/'00;2.1;2.2;2.0;2.1;2.0;2.1;2.2;;2.3;2.4;;;2.2;2.3;3.4;3.7
3896;Totaal mannen en vrouwen;0;0;9;Één jaar na afstuderen;9;Cohort 2000/'01;2.1;2.2;1.9;2.0;1.9;2.0;0.8;1.3;2.3;2.3;;;2.3;2.3;3.0;3.2
3897;Totaal mannen en vrouwen;0;0;9;Één jaar na afstuderen;9;Cohort 2001/'02;2.1;2.4;1.8;2.2;1.8;2.2;1.7;1.7;2.4;2.6;;;2.3;2.6;3.5;3.9
3898;Totaal mannen en vrouwen;0;0;9;Één jaar na afstuderen;9;Cohort 2002/'03;2.3;2.5;2.0;2.3;2.0;2.3;0.7;;2.5;2.6;2.9;2.0;2.5;2.6;4.1;4.0
3899;Totaal mannen en vrouwen;0;0;9;Één jaar na afstuderen;9;Cohort 2003/'04;2.4;2.6;2.1;2.3;2.1;2.3;1.4;2.2;2.6;2.8;2.7;2.7;2.6;2.8;1.4;1.4
3900;Totaal mannen en vrouwen;0;0;9;Één jaar na afstuderen;M Onderwijs;Cohort 1999/'00;1.8;2.0;1.8;2.1;1.9;2.1;1.7;2.1;1.8;1.9;;;1.7;1.9;2.0;2.1
3901;Totaal mannen en vrouwen;0;0;9;Één jaar na afstuderen;M Onderwijs;Cohort 2000/'01;1.9;2.1;1.9;2.2;1.9;2.2;1.9;2.1;1.8;2.0;;;1.8;1.9;1.9;2.2
3902;Totaal mannen en vrouwen;0;0;9;Één jaar na afstuderen;M Onderwijs;Cohort 2001/'02;1.9;2.2;1.9;2.3;1.9;2.3;1.9;2.3;1.8;2.1;;;1.8;2.1;2.6;3.3
3903;Totaal mannen en vrouwen;0;0;9;Één jaar na afstuderen;M Onderwijs;Cohort 2002/'03;2.0;2.2;2.0;2.3;2.0;2.3;1.6;;1.9;2.2;1.2;1.2;1.9;2.2;2.0;2.1
3904;Totaal mannen en vrouwen;0;0;9;Één jaar na afstuderen;M Onderwijs;Cohort 2003/'04;2.0;2.3;1.9;2.3;2.0;2.3;1.6;2.5;2.0;2.2;2.4;2.7;2.0;2.2;2.1;2.3
3905;Totaal mannen en vrouwen;0;0;9;Één jaar na afstuderen;N Gezondheids- en welzijnszorg;Cohort 1999/'00;1.9;2.3;1.7;1.9;1.7;1.9;0.3;;2.3;2.5;;;1.8;2.0;2.7;2.8
3906;Totaal mannen en vrouwen;0;0;9;Één jaar na afstuderen;N Gezondheids- en welzijnszorg;Cohort 2000/'01;2.1;2.5;1.8;2.1;1.8;2.1;;;2.5;2.8;;;1.9;2.4;2.8;3.0
3907;Totaal mannen en vrouwen;0;0;9;Één jaar na afstuderen;N Gezondheids- en welzijnszorg;Cohort 2001/'02;2.2;2.6;1.9;2.1;1.9;2.1;;;2.5;2.9;;;1.9;2.4;3.1;3.2
3908;Totaal mannen en vrouwen;0;0;9;Één jaar na afstuderen;N Gezondheids- en welzijnszorg;Cohort 2002/'03;2.1;2.5;1.9;2.1;1.9;2.1;1.8;;2.4;2.8;4.1;;1.8;2.3;2.9;3.0
3909;Totaal mannen en vrouwen;0;0;9;Één jaar na afstuderen;N Gezondheids- en welzijnszorg;Cohort 2003/'04;2.1;2.5;1.8;2.1;1.8;2.2;1.3;1.4;2.5;2.8;2.3;2.9;2.0;2.2;3.0;3.0
3910;Totaal mannen en vrouwen;0;0;9;Één jaar na afstuderen;9000e Milieu, cultuur, recreatie en ..;Cohort 1999/'00;1.8;2.1;1.6;2.1;1.6;2.1;0.8;1.4;2.0;2.2;;;1.9;2.2;2.2;2.2
3911;Totaal mannen en vrouwen;0;0;9;Één jaar na afstuderen;9000e Milieu, cultuur, recreatie en ..;Cohort 2000/'01;1.8;2.2;1.6;2.0;1.6;2.0;1.9;2.5;2.1;2.5;;;2.0;2.5;2.3;2.3
3912;Totaal mannen en vrouwen;0;0;9;Één jaar na afstuderen;9000e Milieu, cultuur, recreatie en ..;Cohort 2001/'02;1.8;2.3;1.7;2.2;1.7;2.2;0.9;;2.1;2.4;;;2.0;2.3;2.7;2.8
3913;Totaal mannen en vrouwen;0;0;9;Één jaar na afstuderen;9000e Milieu, cultuur, recreatie en ..;Cohort 2002/'03;1.8;2.2;1.6;2.1;1.6;2.0;1.8;3.2;2.1;2.4;0.7;;2.0;2.3;2.4;2.5
3914;Totaal mannen en vrouwen;0;0;9;Één jaar na afstuderen;9000e Milieu, cultuur, recreatie en ..;Cohort 2003/'04;1.7;2.3;1.5;2.1;1.6;2.1;1.1;2.0;2.1;2.4;2.0;2.1;1.9;2.4;2.5;2.6
3915;Totaal mannen en vrouwen;0;0;9;Één jaar na afstuderen;Onbekend;Cohort 1999/'00;5.8;5.8;;;;;;;5.8;5.8;;;5.8;5.8;;
3916;Totaal mannen en vrouwen;0;0;9;Één jaar na afstuderen;Onbekend;Cohort 2000/'01;1.5;3.1;2.3;3.1;2.3;3.1;;;0.1;;;;0.1;;;
3917;Totaal mannen en vrouwen;0;0;9;Één jaar na afstuderen;Onbekend;Cohort 2001/'02;1.6;2.5;1.8;2.5;2.5;2.5;0.5;;0.9;;;;0.9;;;
3918;Totaal mannen en vrouwen;0;0;9;Één jaar na afstuderen;Onbekend;Cohort 2002/'03;7.3;7.3;;;;;;;7.3;7.3;;;;;7.3;7.3
3919;Totaal mannen en vrouwen;0;0;9;Één jaar na afstuderen;Onbekend;Cohort 2003/'04;2.1;3.0;2.1;3.0;2.1;3.0;;;;;;;;;;
3920;Totaal mannen en vrouwen;0;0;9;Twee jaar na afstuderen;0;Cohort 1999/'00;2.3;2.5;2.1;2.3;2.1;2.3;1.6;2.1;2.5;2.7;;;2.5;2.7;2.8;3.0
3921;Totaal mannen en vrouwen;0;0;9;Twee jaar na afstuderen;0;Cohort 2000/'01;2.3;2.5;2.1;2.3;2.1;2.3;2.1;2.3;2.5;2.7;;;2.5;2.7;2.9;3.1
3922;Totaal mannen en vrouwen;0;0;9;Twee jaar na afstuderen;0;Cohort 2001/'02;2.3;2.5;2.1;2.3;2.1;2.3;1.8;2.2;2.6;2.8;;;2.5;2.7;3.2;3.2
3923;Totaal mannen en vrouwen;0;0;9;Twee jaar na afstuderen;0;Cohort 2002/'03;2.3;2.6;2.1;2.4;2.1;2.4;1.9;2.7;2.6;2.8;2.3;2.9;2.5;2.7;3.1;3.1
3924;Totaal mannen en vrouwen;0;0;9;Twee jaar na afstuderen;0;Cohort 2003/'04;2.5;2.8;2.3;2.6;2.3;2.6;1.6;2.3;2.8;3.0;2.3;2.9;2.7;3.0;3.2;3.3
3925;Totaal mannen en vrouwen;0;0;9;Twee jaar na afstuderen;1;Cohort 1999/'00;2.0;2.1;2.0;2.1;2.0;2.1;;;;;;;;;;
3926;Totaal mannen en vrouwen;0;0;9;Twee jaar na afstuderen;1;Cohort 2000/'01;2.5;2.6;2.3;2.5;2.3;2.5;;;3.1;3.1;;;3.1;3.1;;
3927;Totaal mannen en vrouwen;0;0;9;Twee jaar na afstuderen;1;Cohort 2001/'02;1.7;1.9;1.9;2.2;1.9;2.2;;;0.6;0.6;;;0.6;0.6;;
3928;Totaal mannen en vrouwen;0;0;9;Twee jaar na afstuderen;1;Cohort 2002/'03;2.8;2.8;2.8;2.8;2.8;2.8;;;;;;;;;;
3929;Totaal mannen en vrouwen;0;0;9;Twee jaar na afstuderen;1;Cohort 2003/'04;3.2;3.6;3.3;3.3;3.3;3.3;;;3.1;4.3;;;3.1;4.3;;
3930;Totaal mannen en vrouwen;0;0;9;Twee jaar na afstuderen;2;Cohort 1999/'00;2.6;2.6;2.5;2.5;2.5;2.5;;;2.8;2.9;;;2.8;2.8;3.2;3.2
3931;Totaal mannen en vrouwen;0;0;9;Twee jaar na afstuderen;2;Cohort 2000/'01;2.5;2.6;2.4;2.5;2.4;2.5;2.9;;2.8;3.0;;;2.8;3.0;3.0;3.0
3932;Totaal mannen en vrouwen;0;0;9;Twee jaar na afstuderen;2;Cohort 2001/'02;2.5;2.6;2.4;2.4;2.4;2.4;1.9;2.0;2.9;3.0;;;2.9;3.0;;
3933;Totaal mannen en vrouwen;0;0;9;Twee jaar na afstuderen;2;Cohort 2002/'03;2.5;2.6;2.4;2.5;2.4;2.5;;;2.8;3.0;;;2.8;3.0;;
3934;Totaal mannen en vrouwen;0;0;9;Twee jaar na afstuderen;2;Cohort 2003/'04;2.8;2.8;2.6;2.6;2.6;2.6;;;3.4;3.4;2.8;2.8;3.4;3.4;3.6;5.6
3935;Totaal mannen en vrouwen;0;0;9;Twee jaar na afstuderen;3;Cohort 1999/'00;2.3;2.5;2.2;2.3;2.2;2.3;0.9;;2.7;3.0;;;2.5;2.8;3.4;3.7
3936;Totaal mannen en vrouwen;0;0;9;Twee jaar na afstuderen;3;Cohort 2000/'01;2.3;2.5;2.2;2.3;2.2;2.3;2.5;2.5;2.6;2.9;;;2.6;2.8;2.9;3.2
3937;Totaal mannen en vrouwen;0;0;9;Twee jaar na afstuderen;3;Cohort 2001/'02;2.2;2.4;2.1;2.3;2.1;2.3;1.4;1.4;2.6;2.8;;;2.4;2.7;3.4;3.7
3938;Totaal mannen en vrouwen;0;0;9;Twee jaar na afstuderen;3;Cohort 2002/'03;2.3;2.4;2.1;2.2;2.1;2.2;1.3;;2.8;2.9;0.6;;2.6;2.7;3.7;3.9
3939;Totaal mannen en vrouwen;0;0;9;Twee jaar na afstuderen;3;Cohort 2003/'04;2.5;2.7;2.2;2.5;2.3;2.5;1.3;;3.0;3.2;2.3;3.1;3.0;3.2;3.2;3.2
3940;Totaal mannen en vrouwen;0;0;9;Twee jaar na afstuderen;4;Cohort 1999/'00;1.5;1.8;1.6;1.9;1.6;1.9;;;1.0;1.0;;;1.0;1.0;;
3941;Totaal mannen en vrouwen;0;0;9;Twee jaar na afstuderen;4;Cohort 2000/'01;1.4;2.0;1.4;2.0;1.4;2.0;;;1.0;1.4;;;1.0;1.4;;
3942;Totaal mannen en vrouwen;0;0;9;Twee jaar na afstuderen;4;Cohort 2001/'02;1.6;2.1;1.7;2.1;1.7;2.1;;;1.2;1.8;;;1.3;1.8;0.8;
3943;Totaal mannen en vrouwen;0;0;9;Twee jaar na afstuderen;4;Cohort 2002/'03;1.8;2.3;1.8;2.2;1.8;2.2;;;1.7;2.7;;;1.7;2.7;;
3944;Totaal mannen en vrouwen;0;0;9;Twee jaar na afstuderen;4;Cohort 2003/'04;1.7;2.1;1.7;2.0;1.7;2.0;;;1.7;2.4;;;1.7;2.4;;
3945;Totaal mannen en vrouwen;0;0;9;Twee jaar na afstuderen;5;Cohort 1999/'00;2.4;2.5;2.2;2.3;2.2;2.3;;;2.6;2.9;;;2.6;2.9;;
3946;Totaal mannen en vrouwen;0;0;9;Twee jaar na afstuderen;5;Cohort 2000/'01;2.3;2.4;2.2;2.3;2.2;2.3;1.0;1.0;2.7;2.8;;;2.7;2.8;;
3947;Totaal mannen en vrouwen;0;0;9;Twee jaar na afstuderen;5;Cohort 2001/'02;2.3;2.4;2.1;2.1;2.1;2.1;;;2.7;2.9;;;2.7;2.9;;
3948;Totaal mannen en vrouwen;0;0;9;Twee jaar na afstuderen;5;Cohort 2002/'03;2.3;2.4;2.1;2.2;2.1;2.2;;;2.7;2.9;;;2.7;2.9;;
3949;Totaal mannen en vrouwen;0;0;9;Twee jaar na afstuderen;5;Cohort 2003/'04;2.5;2.7;2.5;2.6;2.5;2.6;1.9;;2.7;3.0;;;2.7;3.0;;
3950;Totaal mannen en vrouwen;0;0;9;Twee jaar na afstuderen;6;Cohort 1999/'00;2.8;2.8;2.6;2.6;2.6;2.6;;;3.1;3.1;;;3.1;3.1;4.5;4.5
3951;Totaal mannen en vrouwen;0;0;9;Twee jaar na afstuderen;6;Cohort 2000/'01;2.8;2.9;2.5;2.6;2.5;2.6;;;3.1;3.3;;;3.1;3.3;3.8;3.8
3952;Totaal mannen en vrouwen;0;0;9;Twee jaar na afstuderen;6;Cohort 2001/'02;2.7;2.8;2.4;2.5;2.4;2.5;;;3.1;3.1;;;3.1;3.1;;
3953;Totaal mannen en vrouwen;0;0;9;Twee jaar na afstuderen;6;Cohort 2002/'03;2.9;3.0;2.7;2.8;2.7;2.8;;;3.1;3.2;;;3.1;3.2;;
3954;Totaal mannen en vrouwen;0;0;9;Twee jaar na afstuderen;6;Cohort 2003/'04;3.3;3.3;2.9;2.8;2.9;2.8;;;3.7;3.8;;;3.7;3.8;3.0;
3955;Totaal mannen en vrouwen;0;0;9;Twee jaar na afstuderen;7;Cohort 1999/'00;2.4;2.5;2.2;2.3;2.2;2.3;;;2.6;2.7;;;2.6;2.7;2.3;2.6
3956;Totaal mannen en vrouwen;0;0;9;Twee jaar na afstuderen;7;Cohort 2000/'01;2.4;2.5;2.3;2.3;2.3;2.3;;;2.6;2.7;;;2.6;2.7;2.8;2.8
3957;Totaal mannen en vrouwen;0;0;9;Twee jaar na afstuderen;7;Cohort 2001/'02;2.4;2.5;2.2;2.3;2.2;2.3;1.9;1.9;2.7;2.8;;;2.7;2.8;2.7;2.8
3958;Totaal mannen en vrouwen;0;0;9;Twee jaar na afstuderen;7;Cohort 2002/'03;2.5;2.6;2.2;2.4;2.3;2.4;1.6;;2.7;2.8;1.3;;2.7;2.8;3.0;3.0
3959;Totaal mannen en vrouwen;0;0;9;Twee jaar na afstuderen;7;Cohort 2003/'04;2.7;2.8;2.5;2.6;2.5;2.6;1.7;2.6;2.9;3.0;2.6;2.8;2.9;3.0;3.2;3.2
3960;Totaal mannen en vrouwen;0;0;9;Twee jaar na afstuderen;8;Cohort 1999/'00;2.0;2.3;1.9;2.2;1.9;2.2;;;2.2;2.5;;;2.2;2.5;;
3961;Totaal mannen en vrouwen;0;0;9;Twee jaar na afstuderen;8;Cohort 2000/'01;1.9;2.2;1.9;2.1;1.9;2.1;;;2.0;2.3;;;2.0;2.3;2.8;3.6
3962;Totaal mannen en vrouwen;0;0;9;Twee jaar na afstuderen;8;Cohort 2001/'02;1.9;2.2;1.8;2.1;1.8;2.1;0.1;;2.0;2.4;;;2.0;2.4;0.8;
3963;Totaal mannen en vrouwen;0;0;9;Twee jaar na afstuderen;8;Cohort 2002/'03;1.9;2.2;1.8;2.0;1.8;2.0;2.7;2.7;2.1;2.6;;;2.1;2.6;2.8;2.8
3964;Totaal mannen en vrouwen;0;0;9;Twee jaar na afstuderen;8;Cohort 2003/'04;2.0;2.7;2.1;2.7;2.1;2.7;1.1;;2.0;2.7;1.3;;2.0;2.7;2.8;
3965;Totaal mannen en vrouwen;0;0;9;Twee jaar na afstuderen;9;Cohort 1999/'00;2.4;2.5;2.2;2.3;2.2;2.4;1.7;1.7;2.6;2.6;;;2.5;2.6;3.4;3.4
3966;Totaal mannen en vrouwen;0;0;9;Twee jaar na afstuderen;9;Cohort 2000/'01;2.3;2.5;2.1;2.3;2.1;2.3;;;2.6;2.7;;;2.5;2.6;4.1;4.1
3967;Totaal mannen en vrouwen;0;0;9;Twee jaar na afstuderen;9;Cohort 2001/'02;2.6;2.7;2.3;2.4;2.3;2.4;;;2.8;2.9;;;2.8;2.9;4.0;4.0
3968;Totaal mannen en vrouwen;0;0;9;Twee jaar na afstuderen;9;Cohort 2002/'03;2.6;2.7;2.4;2.5;2.4;2.5;;;2.7;2.8;2.8;2.3;2.7;2.8;4.2;4.1
3969;Totaal mannen en vrouwen;0;0;9;Twee jaar na afstuderen;9;Cohort 2003/'04;2.9;2.9;2.5;2.6;2.5;2.6;2.3;2.3;3.1;3.2;2.6;2.7;3.1;3.2;6.0;6.0
3970;Totaal mannen en vrouwen;0;0;9;Twee jaar na afstuderen;M Onderwijs;Cohort 1999/'00;2.0;2.2;2.1;2.3;2.1;2.3;1.8;2.2;2.0;2.1;;;1.9;2.1;2.3;2.4
3971;Totaal mannen en vrouwen;0;0;9;Twee jaar na afstuderen;M Onderwijs;Cohort 2000/'01;2.0;2.2;2.0;2.3;2.0;2.3;1.9;2.4;2.0;2.1;;;2.0;2.1;2.2;2.1
3972;Totaal mannen en vrouwen;0;0;9;Twee jaar na afstuderen;M Onderwijs;Cohort 2001/'02;2.1;2.4;2.2;2.4;2.2;2.4;2.0;2.3;2.1;2.3;;;2.1;2.3;3.0;3.0
3973;Totaal mannen en vrouwen;0;0;9;Twee jaar na afstuderen;M Onderwijs;Cohort 2002/'03;2.2;2.4;2.2;2.5;2.2;2.5;1.6;2.5;2.2;2.4;1.9;1.9;2.2;2.4;2.4;2.5
3974;Totaal mannen en vrouwen;0;0;9;Twee jaar na afstuderen;M Onderwijs;Cohort 2003/'04;2.2;2.5;2.2;2.5;2.2;2.5;1.8;2.5;2.3;2.4;2.2;;2.3;2.4;2.4;2.6
3975;Totaal mannen en vrouwen;0;0;9;Twee jaar na afstuderen;N Gezondheids- en welzijnszorg;Cohort 1999/'00;2.1;2.5;1.9;2.2;1.9;2.2;;;2.5;2.8;;;2.1;2.4;2.8;3.0
3976;Totaal mannen en vrouwen;0;0;9;Twee jaar na afstuderen;N Gezondheids- en welzijnszorg;Cohort 2000/'01;2.3;2.7;2.0;2.4;2.0;2.4;;;2.7;3.0;;;2.3;2.6;3.0;3.2
3977;Totaal mannen en vrouwen;0;0;9;Twee jaar na afstuderen;N Gezondheids- en welzijnszorg;Cohort 2001/'02;2.3;2.7;1.9;2.3;1.9;2.3;;;2.8;3.0;;;2.2;2.5;3.3;3.2
3978;Totaal mannen en vrouwen;0;0;9;Twee jaar na afstuderen;N Gezondheids- en welzijnszorg;Cohort 2002/'03;2.3;2.6;1.9;2.2;1.9;2.2;1.9;1.9;2.7;3.0;3.4;4.6;2.1;2.6;3.1;3.2
3979;Totaal mannen en vrouwen;0;0;9;Twee jaar na afstuderen;N Gezondheids- en welzijnszorg;Cohort 2003/'04;2.3;2.8;2.0;2.4;2.0;2.4;1.6;;2.7;3.1;2.5;3.4;2.2;2.6;3.3;3.3
3980;Totaal mannen en vrouwen;0;0;9;Twee jaar na afstuderen;9000e Milieu, cultuur, recreatie en ..;Cohort 1999/'00;2.1;2.5;2.0;2.4;2.0;2.4;1.5;2.7;2.3;2.5;;;2.3;2.6;2.3;2.4
3981;Totaal mannen en vrouwen;0;0;9;Twee jaar na afstuderen;9000e Milieu, cultuur, recreatie en ..;Cohort 2000/'01;2.1;2.4;1.9;2.2;1.9;2.2;2.4;2.4;2.3;2.6;;;2.2;2.7;2.5;2.6
3982;Totaal mannen en vrouwen;0;0;9;Twee jaar na afstuderen;9000e Milieu, cultuur, recreatie en ..;Cohort 2001/'02;2.0;2.2;1.9;2.2;1.9;2.2;0.6;;2.1;2.3;;;2.0;2.2;2.4;2.5
3983;Totaal mannen en vrouwen;0;0;9;Twee jaar na afstuderen;9000e Milieu, cultuur, recreatie en ..;Cohort 2002/'03;2.1;2.5;1.8;2.4;1.7;2.3;2.5;3.1;2.5;2.7;;;2.4;2.8;2.5;2.6
3984;Totaal mannen en vrouwen;0;0;9;Twee jaar na afstuderen;9000e Milieu, cultuur, recreatie en ..;Cohort 2003/'04;2.3;2.7;2.1;2.7;2.1;2.7;1.3;2.2;2.5;2.8;1.9;2.7;2.4;2.7;3.0;3.0
3985;Totaal mannen en vrouwen;0;0;9;Twee jaar na afstuderen;Onbekend;Cohort 1999/'00;2.3;3.0;2.1;3.0;2.1;3.0;;;3.1;3.1;;;3.1;3.1;;
3986;Totaal mannen en vrouwen;0;0;9;Twee jaar na afstuderen;Onbekend;Cohort 2000/'01;;;;;;;;;;;;;;;;
3987;Totaal mannen en vrouwen;0;0;9;Twee jaar na afstuderen;Onbekend;Cohort 2001/'02;2.7;3.3;3.0;2.6;3.4;;2.6;2.6;2.4;3.9;;;2.4;3.9;;
3988;Totaal mannen en vrouwen;0;0;9;Twee jaar na afstuderen;Onbekend;Cohort 2002/'03;;;;;;;;;;;;;;;;
3989;Totaal mannen en vrouwen;0;0;9;Twee jaar na afstuderen;Onbekend;Cohort 2003/'04;2.1;3.2;0.1;;0.1;;;;3.1;3.2;;;3.1;3.2;;
3990;Totaal mannen en vrouwen;0;0;9;Drie jaar na afstuderen;0;Cohort 1999/'00;2.5;2.7;2.3;2.5;2.3;2.5;1.8;2.3;2.8;3.0;;;2.7;2.9;3.1;3.3
3991;Totaal mannen en vrouwen;0;0;9;Drie jaar na afstuderen;0;Cohort 2000/'01;2.5;2.7;2.3;2.5;2.3;2.5;2.2;2.7;2.8;3.0;1.4;;2.8;3.0;3.1;3.3
3992;Totaal mannen en vrouwen;0;0;9;Drie jaar na afstuderen;0;Cohort 2001/'02;2.5;2.7;2.3;2.5;2.3;2.5;2.0;2.5;2.8;3.0;;;2.7;3.0;3.3;3.3
3993;Totaal mannen en vrouwen;0;0;9;Drie jaar na afstuderen;0;Cohort 2002/'03;2.6;2.9;2.4;2.7;2.4;2.7;2.2;2.9;2.9;3.2;2.8;2.6;2.9;3.2;3.3;3.3
3994;Totaal mannen en vrouwen;0;0;9;Drie jaar na afstuderen;0;Cohort 2003/'04;2.8;3.1;2.6;2.9;2.6;2.9;1.7;2.5;3.1;3.4;2.6;3.4;3.1;3.4;3.3;3.5
3995;Totaal mannen en vrouwen;0;0;9;Drie jaar na afstuderen;1;Cohort 1999/'00;2.2;3.1;2.2;3.1;2.2;3.1;;;;;;;;;;
3996;Totaal mannen en vrouwen;0;0;9;Drie jaar na afstuderen;1;Cohort 2000/'01;2.3;3.0;2.8;2.8;2.8;2.8;;;1.8;3.2;;;1.8;3.2;;
3997;Totaal mannen en vrouwen;0;0;9;Drie jaar na afstuderen;1;Cohort 2001/'02;2.5;2.5;2.4;2.4;2.4;2.4;;;2.8;2.8;;;2.8;2.8;;
3998;Totaal mannen en vrouwen;0;0;9;Drie jaar na afstuderen;1;Cohort 2002/'03;2.7;3.1;2.7;3.1;2.7;3.1;;;;;;;;;;
3999;Totaal mannen en vrouwen;0;0;9;Drie jaar na afstuderen;1;Cohort 2003/'04;2.5;2.1;2.1;2.1;2.1;2.1;;;2.6;;;;2.6;;;
4000;Totaal mannen en vrouwen;0;0;9;Drie jaar na afstuderen;2;Cohort 1999/'00;2.7;2.9;2.6;2.7;2.6;2.7;;;3.0;3.2;;;3.0;3.1;5.0;5.0
4001;Totaal mannen en vrouwen;0;0;9;Drie jaar na afstuderen;2;Cohort 2000/'01;2.8;2.8;2.5;2.6;2.5;2.6;;;3.2;3.3;;;3.2;3.3;3.4;3.4
4002;Totaal mannen en vrouwen;0;0;9;Drie jaar na afstuderen;2;Cohort 2001/'02;2.8;2.8;2.6;2.6;2.6;2.6;2.2;2.0;3.3;3.3;;;3.3;3.3;;
4003;Totaal mannen en vrouwen;0;0;9;Drie jaar na afstuderen;2;Cohort 2002/'03;2.8;2.9;2.6;2.7;2.6;2.7;;;3.2;3.3;;;3.2;3.3;3.5;3.5
4004;Totaal mannen en vrouwen;0;0;9;Drie jaar na afstuderen;2;Cohort 2003/'04;3.0;3.1;2.9;2.9;2.9;2.9;;;3.3;3.5;3.3;3.3;3.3;3.5;;
4005;Totaal mannen en vrouwen;0;0;9;Drie jaar na afstuderen;3;Cohort 1999/'00;2.6;2.7;2.5;2.5;2.5;2.6;1.4;2.1;3.0;3.3;;;2.8;3.1;3.6;3.7
4006;Totaal mannen en vrouwen;0;0;9;Drie jaar na afstuderen;3;Cohort 2000/'01;2.5;2.7;2.3;2.5;2.3;2.5;2.7;2.7;2.9;3.1;;;2.9;3.1;3.0;3.2
4007;Totaal mannen en vrouwen;0;0;9;Drie jaar na afstuderen;3;Cohort 2001/'02;2.5;2.7;2.4;2.5;2.4;2.5;1.5;1.5;3.0;3.1;;;2.9;3.0;3.4;3.8
4008;Totaal mannen en vrouwen;0;0;9;Drie jaar na afstuderen;3;Cohort 2002/'03;2.6;2.9;2.5;2.7;2.5;2.7;2.2;;3.1;3.3;;;3.0;3.2;3.9;4.0
4009;Totaal mannen en vrouwen;0;0;9;Drie jaar na afstuderen;3;Cohort 2003/'04;2.9;3.1;2.7;2.9;2.7;2.9;;;3.3;3.6;2.6;4.0;3.3;3.5;3.6;3.7
4010;Totaal mannen en vrouwen;0;0;9;Drie jaar na afstuderen;4;Cohort 1999/'00;1.7;2.0;1.8;2.0;1.8;2.0;;;1.2;;;;1.2;;;
4011;Totaal mannen en vrouwen;0;0;9;Drie jaar na afstuderen;4;Cohort 2000/'01;1.7;2.1;1.8;2.2;1.8;2.2;;;1.2;1.4;;;1.2;1.4;;
4012;Totaal mannen en vrouwen;0;0;9;Drie jaar na afstuderen;4;Cohort 2001/'02;1.9;2.4;1.9;2.4;1.9;2.4;;;1.5;1.9;;;1.5;1.9;;
4013;Totaal mannen en vrouwen;0;0;9;Drie jaar na afstuderen;4;Cohort 2002/'03;2.1;2.7;2.0;2.6;2.0;2.6;;;2.3;2.8;;;2.3;2.8;;
4014;Totaal mannen en vrouwen;0;0;9;Drie jaar na afstuderen;4;Cohort 2003/'04;2.0;2.4;1.9;2.4;1.9;2.4;;;2.2;2.5;;;2.2;2.5;;
4015;Totaal mannen en vrouwen;0;0;9;Drie jaar na afstuderen;5;Cohort 1999/'00;2.6;2.8;2.3;2.5;2.3;2.5;;;3.1;3.3;;;3.1;3.3;;
4016;Totaal mannen en vrouwen;0;0;9;Drie jaar na afstuderen;5;Cohort 2000/'01;2.7;2.8;2.6;2.7;2.6;2.7;1.0;1.0;2.9;3.1;;;2.9;3.1;;
4017;Totaal mannen en vrouwen;0;0;9;Drie jaar na afstuderen;5;Cohort 2001/'02;2.4;2.5;2.2;2.3;2.2;2.3;;;2.9;3.0;;;2.9;3.0;;
4018;Totaal mannen en vrouwen;0;0;9;Drie jaar na afstuderen;5;Cohort 2002/'03;2.7;2.8;2.5;2.6;2.5;2.6;;;3.3;3.5;;;3.3;3.5;;
4019;Totaal mannen en vrouwen;0;0;9;Drie jaar na afstuderen;5;Cohort 2003/'04;2.9;3.0;2.7;2.8;2.7;2.9;2.3;2.3;3.2;3.5;;;3.2;3.5;;
4020;Totaal mannen en vrouwen;0;0;9;Drie jaar na afstuderen;6;Cohort 1999/'00;3.1;3.2;2.8;2.9;2.8;2.9;;;3.4;3.4;;;3.4;3.4;3.2;3.2
4021;Totaal mannen en vrouwen;0;0;9;Drie jaar na afstuderen;6;Cohort 2000/'01;3.1;3.2;2.7;2.9;2.7;2.9;;;3.4;3.6;2.2;;3.4;3.6;;
4022;Totaal mannen en vrouwen;0;0;9;Drie jaar na afstuderen;6;Cohort 2001/'02;3.1;3.2;2.5;2.6;2.5;2.6;;;3.6;3.7;;;3.6;3.7;4.1;4.1
4023;Totaal mannen en vrouwen;0;0;9;Drie jaar na afstuderen;6;Cohort 2002/'03;3.4;3.5;3.0;3.0;3.0;3.0;;;3.8;4.0;;;3.8;4.0;;
4024;Totaal mannen en vrouwen;0;0;9;Drie jaar na afstuderen;6;Cohort 2003/'04;3.7;3.8;3.4;3.5;3.4;3.5;;;4.1;4.2;1.7;1.7;4.1;4.2;;
4025;Totaal mannen en vrouwen;0;0;9;Drie jaar na afstuderen;7;Cohort 1999/'00;2.6;2.7;2.4;2.5;2.4;2.5;;;2.9;3.0;;;2.9;3.0;3.3;3.1
4026;Totaal mannen en vrouwen;0;0;9;Drie jaar na afstuderen;7;Cohort 2000/'01;2.7;2.8;2.4;2.5;2.4;2.5;;;2.9;3.1;0.6;;2.9;3.1;3.2;3.2
4027;Totaal mannen en vrouwen;0;0;9;Drie jaar na afstuderen;7;Cohort 2001/'02;2.7;2.8;2.4;2.5;2.4;2.5;2.8;2.8;2.9;3.0;;;2.9;3.0;2.9;3.0
4028;Totaal mannen en vrouwen;0;0;9;Drie jaar na afstuderen;7;Cohort 2002/'03;2.9;3.0;2.6;2.7;2.6;2.7;1.3;;3.1;3.2;;;3.1;3.2;3.1;2.9
4029;Totaal mannen en vrouwen;0;0;9;Drie jaar na afstuderen;7;Cohort 2003/'04;3.1;3.3;2.9;3.0;2.9;3.0;2.0;;3.4;3.5;3.4;3.9;3.4;3.5;3.5;3.7
4030;Totaal mannen en vrouwen;0;0;9;Drie jaar na afstuderen;8;Cohort 1999/'00;2.1;2.4;2.1;2.3;2.1;2.3;1.2;;2.0;2.5;;;2.1;2.5;0.3;
4031;Totaal mannen en vrouwen;0;0;9;Drie jaar na afstuderen;8;Cohort 2000/'01;1.9;2.3;1.8;2.2;1.8;2.2;1.4;;2.1;2.6;;;2.1;2.6;3.4;3.4
4032;Totaal mannen en vrouwen;0;0;9;Drie jaar na afstuderen;8;Cohort 2001/'02;2.1;2.5;2.1;2.4;2.1;2.4;;;2.2;2.9;;;2.2;2.9;;
4033;Totaal mannen en vrouwen;0;0;9;Drie jaar na afstuderen;8;Cohort 2002/'03;2.2;2.7;2.2;2.7;2.2;2.7;;;2.2;3.1;;;2.2;3.1;2.8;
4034;Totaal mannen en vrouwen;0;0;9;Drie jaar na afstuderen;8;Cohort 2003/'04;2.4;2.9;2.4;2.9;2.4;2.9;1.0;;2.4;2.9;1.4;;2.4;2.9;1.4;
4035;Totaal mannen en vrouwen;0;0;9;Drie jaar na afstuderen;9;Cohort 1999/'00;2.6;2.8;2.4;2.6;2.4;2.6;1.4;1.4;2.8;3.0;;;2.7;2.9;3.9;4.3
4036;Totaal mannen en vrouwen;0;0;9;Drie jaar na afstuderen;9;Cohort 2000/'01;2.6;2.8;2.3;2.5;2.3;2.5;1.4;;2.9;3.0;;;2.9;3.0;4.2;4.2
4037;Totaal mannen en vrouwen;0;0;9;Drie jaar na afstuderen;9;Cohort 2001/'02;2.7;2.8;2.5;2.6;2.5;2.6;;;2.9;3.0;;;2.8;2.9;4.3;4.7
4038;Totaal mannen en vrouwen;0;0;9;Drie jaar na afstuderen;9;Cohort 2002/'03;2.9;3.0;2.6;2.8;2.6;2.8;;;3.1;3.2;3.3;2.9;3.0;3.2;4.1;3.8
4039;Totaal mannen en vrouwen;0;0;9;Drie jaar na afstuderen;9;Cohort 2003/'04;2.9;3.0;2.6;2.7;2.6;2.7;0.7;;3.2;3.3;2.2;2.2;3.3;3.3;5.7;5.7
4040;Totaal mannen en vrouwen;0;0;9;Drie jaar na afstuderen;M Onderwijs;Cohort 1999/'00;2.1;2.4;2.1;2.4;2.1;2.4;1.9;2.5;2.1;2.4;;;2.1;2.4;2.3;2.3
4041;Totaal mannen en vrouwen;0;0;9;Drie jaar na afstuderen;M Onderwijs;Cohort 2000/'01;2.2;2.4;2.2;2.5;2.2;2.5;2.0;2.5;2.2;2.4;;;2.2;2.4;2.3;2.3
4042;Totaal mannen en vrouwen;0;0;9;Drie jaar na afstuderen;M Onderwijs;Cohort 2001/'02;2.3;2.5;2.2;2.5;2.2;2.5;2.1;2.5;2.3;2.5;;;2.3;2.5;;
4043;Totaal mannen en vrouwen;0;0;9;Drie jaar na afstuderen;M Onderwijs;Cohort 2002/'03;2.3;2.6;2.3;2.6;2.3;2.6;2.4;2.6;2.4;2.6;1.7;2.1;2.4;2.6;2.7;2.6
4044;Totaal mannen en vrouwen;0;0;9;Drie jaar na afstuderen;M Onderwijs;Cohort 2003/'04;2.4;2.7;2.4;2.8;2.4;2.8;2.0;2.6;2.5;2.7;2.2;2.5;2.5;2.7;2.5;2.8
4045;Totaal mannen en vrouwen;0;0;9;Drie jaar na afstuderen;N Gezondheids- en welzijnszorg;Cohort 1999/'00;2.3;2.8;2.0;2.4;2.0;2.4;;;2.8;3.2;;;2.5;2.8;3.1;3.4
4046;Totaal mannen en vrouwen;0;0;9;Drie jaar na afstuderen;N Gezondheids- en welzijnszorg;Cohort 2000/'01;2.4;2.9;2.1;2.5;2.1;2.5;;;2.9;3.3;;;2.4;2.8;3.2;3.5
4047;Totaal mannen en vrouwen;0;0;9;Drie jaar na afstuderen;N Gezondheids- en welzijnszorg;Cohort 2001/'02;2.4;2.8;2.1;2.4;2.1;2.4;;;2.8;3.1;;;2.2;2.6;3.3;3.3
4048;Totaal mannen en vrouwen;0;0;9;Drie jaar na afstuderen;N Gezondheids- en welzijnszorg;Cohort 2002/'03;2.4;2.9;2.1;2.5;2.1;2.5;2.6;2.6;2.9;3.2;5.0;;2.3;2.8;3.4;3.4
4049;Totaal mannen en vrouwen;0;0;9;Drie jaar na afstuderen;N Gezondheids- en welzijnszorg;Cohort 2003/'04;2.5;2.9;2.1;2.5;2.2;2.5;1.5;;2.9;3.3;2.7;5.5;2.5;2.8;3.4;3.6
4050;Totaal mannen en vrouwen;0;0;9;Drie jaar na afstuderen;9000e Milieu, cultuur, recreatie en ..;Cohort 1999/'00;2.3;2.6;2.1;2.5;2.1;2.5;2.1;2.8;2.5;2.7;;;2.5;2.7;2.4;2.6
4051;Totaal mannen en vrouwen;0;0;9;Drie jaar na afstuderen;9000e Milieu, cultuur, recreatie en ..;Cohort 2000/'01;2.3;2.6;2.1;2.4;2.1;2.4;2.6;3.0;2.5;2.7;;;2.4;2.8;2.5;2.6
4052;Totaal mannen en vrouwen;0;0;9;Drie jaar na afstuderen;9000e Milieu, cultuur, recreatie en ..;Cohort 2001/'02;2.1;2.5;1.9;2.4;2.0;2.4;0.2;;2.3;2.6;;;2.2;2.6;2.5;2.6
4053;Totaal mannen en vrouwen;0;0;9;Drie jaar na afstuderen;9000e Milieu, cultuur, recreatie en ..;Cohort 2002/'03;2.4;2.9;2.2;2.8;2.2;2.7;2.3;3.7;2.6;2.9;0.7;;2.6;3.1;2.8;2.8
4054;Totaal mannen en vrouwen;0;0;9;Drie jaar na afstuderen;9000e Milieu, cultuur, recreatie en ..;Cohort 2003/'04;2.3;2.7;2.2;2.5;2.2;2.5;1.5;2.5;2.5;2.8;1.5;;2.5;2.8;2.9;2.9
4055;Totaal mannen en vrouwen;0;0;9;Drie jaar na afstuderen;Onbekend;Cohort 1999/'00;2.3;2.9;2.0;3.0;2.0;3.0;;;2.8;2.8;;;2.8;2.8;;
4056;Totaal mannen en vrouwen;0;0;9;Drie jaar na afstuderen;Onbekend;Cohort 2000/'01;2.1;3.9;2.1;3.9;2.1;3.9;;;;;;;;;;
4057;Totaal mannen en vrouwen;0;0;9;Drie jaar na afstuderen;Onbekend;Cohort 2001/'02;2.7;3.5;2.3;3.2;1.9;3.4;3.0;3.0;3.9;3.9;;;3.9;3.9;;
4058;Totaal mannen en vrouwen;0;0;9;Drie jaar na afstuderen;Onbekend;Cohort 2002/'03;1.6;1.6;1.6;1.6;1.6;1.6;;;;;;;;;;
4059;Totaal mannen en vrouwen;0;0;9;Drie jaar na afstuderen;Onbekend;Cohort 2003/'04;;;;;;;;;;;;;;;;
4060;Totaal mannen en vrouwen;0;0;9;Vier jaar na afstuderen;0;Cohort 1999/'00;2.6;2.9;2.4;2.7;2.4;2.7;1.8;2.5;3.0;3.2;;;3.0;3.2;3.3;3.5
4061;Totaal mannen en vrouwen;0;0;9;Vier jaar na afstuderen;0;Cohort 2000/'01;2.7;2.9;2.4;2.7;2.4;2.7;2.5;3.0;3.0;3.3;1.6;1.6;2.9;3.2;3.3;3.5
4062;Totaal mannen en vrouwen;0;0;9;Vier jaar na afstuderen;0;Cohort 2001/'02;2.8;3.1;2.5;2.8;2.5;2.8;2.2;2.7;3.2;3.5;2.7;2.7;3.2;3.5;3.4;3.6
4063;Totaal mannen en vrouwen;0;0;9;Vier jaar na afstuderen;0;Cohort 2002/'03;2.9;3.3;2.7;3.0;2.7;3.0;2.5;3.0;3.3;3.7;3.0;3.9;3.3;3.6;3.6;3.8
4064;Totaal mannen en vrouwen;0;0;9;Vier jaar na afstuderen;0;Cohort 2003/'04;3.1;3.5;2.8;3.2;2.8;3.2;1.9;3.1;3.4;3.8;3.0;3.9;3.4;3.8;3.6;3.9
4065;Totaal mannen en vrouwen;0;0;9;Vier jaar na afstuderen;1;Cohort 1999/'00;1.5;3.1;1.5;3.1;1.5;3.1;;;;;;;;;;
4066;Totaal mannen en vrouwen;0;0;9;Vier jaar na afstuderen;1;Cohort 2000/'01;2.6;3.6;3.9;3.9;3.9;3.9;;;2.0;3.3;;;2.0;3.3;;
4067;Totaal mannen en vrouwen;0;0;9;Vier jaar na afstuderen;1;Cohort 2001/'02;2.5;2.7;2.4;2.7;2.4;2.7;;;2.6;2.6;;;2.6;2.6;;
4068;Totaal mannen en vrouwen;0;0;9;Vier jaar na afstuderen;1;Cohort 2002/'03;3.0;3.0;3.0;3.0;3.0;3.0;;;;;;;;;;
4069;Totaal mannen en vrouwen;0;0;9;Vier jaar na afstuderen;1;Cohort 2003/'04;3.6;4.1;;;;;;;3.6;4.1;;;3.6;4.1;;
4070;Totaal mannen en vrouwen;0;0;9;Vier jaar na afstuderen;2;Cohort 1999/'00;2.9;3.0;2.7;2.8;2.7;2.8;;;3.3;3.5;;;3.3;3.5;3.3;3.3
4071;Totaal mannen en vrouwen;0;0;9;Vier jaar na afstuderen;2;Cohort 2000/'01;3.0;3.0;2.7;2.8;2.7;2.8;;;3.4;3.5;;;3.4;3.5;3.8;3.8
4072;Totaal mannen en vrouwen;0;0;9;Vier jaar na afstuderen;2;Cohort 2001/'02;3.3;3.4;3.0;3.0;3.0;3.0;2.5;2.8;3.9;3.9;;;3.9;3.9;4.0;4.0
4073;Totaal mannen en vrouwen;0;0;9;Vier jaar na afstuderen;2;Cohort 2002/'03;3.2;3.3;2.9;3.0;2.9;3.0;;;3.7;3.9;;;3.7;3.9;3.9;3.9
4074;Totaal mannen en vrouwen;0;0;9;Vier jaar na afstuderen;2;Cohort 2003/'04;3.4;3.5;3.3;3.3;3.3;3.3;3.3;3.3;3.8;4.0;3.9;3.9;3.8;4.0;4.1;4.1
4075;Totaal mannen en vrouwen;0;0;9;Vier jaar na afstuderen;3;Cohort 1999/'00;2.7;2.9;2.5;2.6;2.5;2.6;0.3;;3.3;3.7;;;3.1;3.4;4.2;4.5
4076;Totaal mannen en vrouwen;0;0;9;Vier jaar na afstuderen;3;Cohort 2000/'01;2.8;3.0;2.5;2.7;2.5;2.7;3.0;;3.3;3.5;;;3.2;3.5;3.5;3.6
4077;Totaal mannen en vrouwen;0;0;9;Vier jaar na afstuderen;3;Cohort 2001/'02;2.9;3.1;2.6;2.8;2.6;2.8;1.4;1.4;3.7;3.8;;;3.6;3.7;4.2;4.6
4078;Totaal mannen en vrouwen;0;0;9;Vier jaar na afstuderen;3;Cohort 2002/'03;3.0;3.2;2.7;3.0;2.7;3.0;;;3.6;3.8;;;3.3;3.5;4.5;4.7
4079;Totaal mannen en vrouwen;0;0;9;Vier jaar na afstuderen;3;Cohort 2003/'04;3.2;3.5;3.0;3.2;3.0;3.2;0.9;;3.8;4.0;2.7;4.1;3.7;3.9;4.5;4.5
4080;Totaal mannen en vrouwen;0;0;9;Vier jaar na afstuderen;4;Cohort 1999/'00;2.0;2.3;1.9;2.2;1.9;2.2;;;2.6;3.0;;;2.6;3.0;;
4081;Totaal mannen en vrouwen;0;0;9;Vier jaar na afstuderen;4;Cohort 2000/'01;1.7;2.3;1.7;2.4;1.7;2.4;;;1.7;2.1;;;1.7;2.1;;
4082;Totaal mannen en vrouwen;0;0;9;Vier jaar na afstuderen;4;Cohort 2001/'02;1.9;2.4;1.9;2.4;1.9;2.4;;;1.9;2.4;;;1.9;2.4;;
4083;Totaal mannen en vrouwen;0;0;9;Vier jaar na afstuderen;4;Cohort 2002/'03;2.4;2.7;2.3;2.7;2.3;2.7;;;2.4;2.9;;;2.4;2.9;;
4084;Totaal mannen en vrouwen;0;0;9;Vier jaar na afstuderen;4;Cohort 2003/'04;2.1;2.6;2.1;2.6;2.1;2.6;;;2.3;2.7;;;2.3;2.7;;
4085;Totaal mannen en vrouwen;0;0;9;Vier jaar na afstuderen;5;Cohort 1999/'00;2.7;2.9;2.4;2.6;2.4;2.6;;;3.3;3.5;;;3.3;3.5;;
4086;Totaal mannen en vrouwen;0;0;9;Vier jaar na afstuderen;5;Cohort 2000/'01;2.8;2.9;2.6;2.7;2.6;2.7;;;3.2;3.4;;;3.2;3.4;;
4087;Totaal mannen en vrouwen;0;0;9;Vier jaar na afstuderen;5;Cohort 2001/'02;2.8;3.1;2.6;2.8;2.6;2.8;;;3.5;3.8;;;3.5;3.8;;
4088;Totaal mannen en vrouwen;0;0;9;Vier jaar na afstuderen;5;Cohort 2002/'03;3.1;3.2;2.7;2.8;2.7;2.8;;;3.9;3.9;;;3.9;3.9;;
4089;Totaal mannen en vrouwen;0;0;9;Vier jaar na afstuderen;5;Cohort 2003/'04;3.2;3.4;3.0;3.1;3.0;3.1;2.4;2.4;3.9;4.2;;;3.9;4.2;;
4090;Totaal mannen en vrouwen;0;0;9;Vier jaar na afstuderen;6;Cohort 1999/'00;3.4;3.6;3.1;3.3;3.1;3.3;;;3.7;3.8;;;3.7;3.8;;
4091;Totaal mannen en vrouwen;0;0;9;Vier jaar na afstuderen;6;Cohort 2000/'01;3.5;3.7;3.0;3.2;3.0;3.2;;;3.9;4.2;;;3.9;4.2;;
4092;Totaal mannen en vrouwen;0;0;9;Vier jaar na afstuderen;6;Cohort 2001/'02;3.8;4.0;3.0;3.2;3.0;3.2;;;4.5;4.6;;;4.6;4.6;3.7;
4093;Totaal mannen en vrouwen;0;0;9;Vier jaar na afstuderen;6;Cohort 2002/'03;3.9;4.0;3.5;3.5;3.5;3.5;;;4.2;4.4;3.3;3.3;4.3;4.4;4.1;
4094;Totaal mannen en vrouwen;0;0;9;Vier jaar na afstuderen;6;Cohort 2003/'04;4.0;4.1;3.5;3.6;3.5;3.6;;;4.6;4.7;3.3;;4.6;4.7;3.5;
4095;Totaal mannen en vrouwen;0;0;9;Vier jaar na afstuderen;7;Cohort 1999/'00;2.9;3.0;2.5;2.7;2.5;2.7;;;3.2;3.3;;;3.2;3.3;3.2;3.1
4096;Totaal mannen en vrouwen;0;0;9;Vier jaar na afstuderen;7;Cohort 2000/'01;2.9;3.0;2.6;2.7;2.6;2.7;;;3.2;3.3;;;3.2;3.3;2.9;2.9
4097;Totaal mannen en vrouwen;0;0;9;Vier jaar na afstuderen;7;Cohort 2001/'02;3.1;3.3;2.7;2.9;2.7;2.9;2.3;4.4;3.5;3.6;;;3.5;3.6;3.2;3.3
4098;Totaal mannen en vrouwen;0;0;9;Vier jaar na afstuderen;7;Cohort 2002/'03;3.3;3.5;3.0;3.1;3.0;3.1;1.6;;3.6;3.8;;;3.6;3.8;3.8;3.8
4099;Totaal mannen en vrouwen;0;0;9;Vier jaar na afstuderen;7;Cohort 2003/'04;3.5;3.7;3.1;3.3;3.1;3.3;3.0;;3.8;4.1;3.7;4.5;3.8;4.1;3.1;3.5
4100;Totaal mannen en vrouwen;0;0;9;Vier jaar na afstuderen;8;Cohort 1999/'00;2.1;2.5;2.1;2.4;2.1;2.4;1.4;;2.2;2.7;;;2.3;2.7;1.1;
4101;Totaal mannen en vrouwen;0;0;9;Vier jaar na afstuderen;8;Cohort 2000/'01;2.2;2.5;2.2;2.4;2.2;2.4;;;2.3;2.7;;;2.3;2.7;1.4;
4102;Totaal mannen en vrouwen;0;0;9;Vier jaar na afstuderen;8;Cohort 2001/'02;2.3;3.0;2.3;2.9;2.3;2.9;;;2.2;3.1;;;2.1;3.1;3.8;
4103;Totaal mannen en vrouwen;0;0;9;Vier jaar na afstuderen;8;Cohort 2002/'03;2.6;3.1;2.5;2.9;2.5;2.9;;;2.9;3.8;;;3.0;3.8;2.2;
4104;Totaal mannen en vrouwen;0;0;9;Vier jaar na afstuderen;8;Cohort 2003/'04;2.7;3.3;2.8;3.3;2.8;3.3;1.4;;2.7;3.2;2.3;2.2;2.7;3.3;2.7;
4105;Totaal mannen en vrouwen;0;0;9;Vier jaar na afstuderen;9;Cohort 1999/'00;2.8;3.0;2.6;2.8;2.6;2.8;;;3.0;3.1;;;2.9;3.1;4.3;4.2
4106;Totaal mannen en vrouwen;0;0;9;Vier jaar na afstuderen;9;Cohort 2000/'01;2.8;2.9;2.5;2.6;2.5;2.6;;;3.0;3.1;;;3.0;3.1;4.2;4.2
4107;Totaal mannen en vrouwen;0;0;9;Vier jaar na afstuderen;9;Cohort 2001/'02;2.9;3.0;2.6;2.8;2.6;2.8;2.5;2.5;3.1;3.2;2.7;2.7;3.1;3.2;4.3;4.0
4108;Totaal mannen en vrouwen;0;0;9;Vier jaar na afstuderen;9;Cohort 2002/'03;3.0;3.2;2.7;2.9;2.7;2.9;;;3.3;3.4;3.6;3.4;3.3;3.4;4.4;
4109;Totaal mannen en vrouwen;0;0;9;Vier jaar na afstuderen;9;Cohort 2003/'04;3.2;3.3;2.9;3.0;2.9;2.9;2.7;4.7;3.4;3.5;2.6;2.6;3.4;3.5;5.8;5.8
4110;Totaal mannen en vrouwen;0;0;9;Vier jaar na afstuderen;M Onderwijs;Cohort 1999/'00;2.3;2.5;2.2;2.5;2.3;2.5;2.2;2.4;2.3;2.6;;;2.3;2.6;2.7;3.0
4111;Totaal mannen en vrouwen;0;0;9;Vier jaar na afstuderen;M Onderwijs;Cohort 2000/'01;2.3;2.5;2.3;2.6;2.3;2.6;2.1;2.6;2.3;2.4;1.6;1.6;2.3;2.4;2.3;2.5
4112;Totaal mannen en vrouwen;0;0;9;Vier jaar na afstuderen;M Onderwijs;Cohort 2001/'02;2.3;2.6;2.3;2.6;2.3;2.6;2.3;2.5;2.4;2.7;;;2.4;2.7;0.2;
4113;Totaal mannen en vrouwen;0;0;9;Vier jaar na afstuderen;M Onderwijs;Cohort 2002/'03;2.5;2.8;2.4;2.7;2.4;2.7;2.3;2.7;2.6;2.9;1.5;;2.6;2.9;1.8;2.7
4114;Totaal mannen en vrouwen;0;0;9;Vier jaar na afstuderen;M Onderwijs;Cohort 2003/'04;2.5;2.9;2.5;3.0;2.5;3.0;1.9;2.7;2.6;2.9;2.0;;2.6;2.9;2.8;3.2
4115;Totaal mannen en vrouwen;0;0;9;Vier jaar na afstuderen;N Gezondheids- en welzijnszorg;Cohort 1999/'00;2.3;2.8;2.1;2.5;2.1;2.5;;;2.8;3.2;;;2.4;2.7;3.2;3.4
4116;Totaal mannen en vrouwen;0;0;9;Vier jaar na afstuderen;N Gezondheids- en welzijnszorg;Cohort 2000/'01;2.5;3.1;2.1;2.5;2.1;2.5;;;3.0;3.4;;;2.4;2.9;3.4;3.7
4117;Totaal mannen en vrouwen;0;0;9;Vier jaar na afstuderen;N Gezondheids- en welzijnszorg;Cohort 2001/'02;2.5;3.1;2.2;2.6;2.2;2.6;0.4;;3.0;3.4;;;2.5;3.1;3.5;3.6
4118;Totaal mannen en vrouwen;0;0;9;Vier jaar na afstuderen;N Gezondheids- en welzijnszorg;Cohort 2002/'03;2.7;3.2;2.3;2.7;2.3;2.7;2.8;2.8;3.1;3.6;5.4;5.4;2.5;3.0;3.7;3.8
4119;Totaal mannen en vrouwen;0;0;9;Vier jaar na afstuderen;N Gezondheids- en welzijnszorg;Cohort 2003/'04;2.7;3.2;2.3;2.7;2.3;2.7;1.6;;3.2;3.6;2.9;4.3;2.8;3.2;3.7;3.9
4120;Totaal mannen en vrouwen;0;0;9;Vier jaar na afstuderen;9000e Milieu, cultuur, recreatie en ..;Cohort 1999/'00;2.3;2.6;2.1;2.5;2.2;2.5;1.6;2.9;2.5;2.6;;;2.5;2.6;2.4;2.5
4121;Totaal mannen en vrouwen;0;0;9;Vier jaar na afstuderen;9000e Milieu, cultuur, recreatie en ..;Cohort 2000/'01;2.2;2.6;2.1;2.5;2.0;2.4;2.6;3.0;2.4;2.7;;;2.4;2.8;2.6;2.7
4122;Totaal mannen en vrouwen;0;0;9;Vier jaar na afstuderen;9000e Milieu, cultuur, recreatie en ..;Cohort 2001/'02;2.4;2.8;2.2;2.7;2.3;2.7;1.9;3.4;2.6;2.8;;;2.5;2.9;2.7;2.8
4123;Totaal mannen en vrouwen;0;0;9;Vier jaar na afstuderen;9000e Milieu, cultuur, recreatie en ..;Cohort 2002/'03;2.5;3.1;2.4;3.0;2.3;3.0;2.7;3.6;2.7;3.1;1.2;;2.7;3.2;2.9;2.9
4124;Totaal mannen en vrouwen;0;0;9;Vier jaar na afstuderen;9000e Milieu, cultuur, recreatie en ..;Cohort 2003/'04;2.5;3.0;2.4;2.9;2.4;2.9;1.3;3.0;2.7;3.1;2.7;3.5;2.6;3.0;3.2;3.3
4125;Totaal mannen en vrouwen;0;0;9;Vier jaar na afstuderen;Onbekend;Cohort 1999/'00;2.9;2.9;3.0;3.0;3.0;3.0;;;2.8;2.8;;;2.8;2.8;;
4126;Totaal mannen en vrouwen;0;0;9;Vier jaar na afstuderen;Onbekend;Cohort 2000/'01;2.1;2.1;2.8;2.8;2.8;2.8;;;1.0;1.0;;;1.0;1.0;;
4127;Totaal mannen en vrouwen;0;0;9;Vier jaar na afstuderen;Onbekend;Cohort 2001/'02;4.2;4.2;4.2;4.2;4.2;4.2;;;;;;;;;;
4128;Totaal mannen en vrouwen;0;0;9;Vier jaar na afstuderen;Onbekend;Cohort 2002/'03;;;;;;;;;;;;;;;;
4129;Totaal mannen en vrouwen;0;0;9;Vier jaar na afstuderen;Onbekend;Cohort 2003/'04;4.2;4.2;4.2;4.2;4.2;4.2;;;;;;;;;;
4130;Totaal mannen en vrouwen;0;0;9;Vijf jaar na afstuderen;0;Cohort 1999/'00;2.8;3.2;2.5;2.9;2.5;2.9;2.3;2.5;3.3;3.6;;;3.3;3.6;3.4;3.7
4131;Totaal mannen en vrouwen;0;0;9;Vijf jaar na afstuderen;0;Cohort 2000/'01;3.1;3.5;2.7;3.1;2.7;3.1;2.7;3.4;3.5;3.9;1.8;1.8;3.5;3.9;3.6;3.9
4132;Totaal mannen en vrouwen;0;0;9;Vijf jaar na afstuderen;0;Cohort 2001/'02;3.0;3.5;2.7;3.1;2.7;3.1;2.2;2.5;3.5;3.9;3.1;3.1;3.5;3.9;3.7;3.9
4133;Totaal mannen en vrouwen;0;0;9;Vijf jaar na afstuderen;0;Cohort 2002/'03;3.3;3.8;2.9;3.3;2.9;3.3;2.6;3.3;3.8;4.3;3.1;4.4;3.7;4.3;3.9;4.1
4134;Totaal mannen en vrouwen;0;0;9;Vijf jaar na afstuderen;0;Cohort 2003/'04;;;;;;;;;;;;;;;;
4135;Totaal mannen en vrouwen;0;0;9;Vijf jaar na afstuderen;1;Cohort 1999/'00;1.5;;1.5;;1.5;;;;;;;;;;;
4136;Totaal mannen en vrouwen;0;0;9;Vijf jaar na afstuderen;1;Cohort 2000/'01;4.0;4.0;4.3;4.3;4.3;4.3;;;3.7;3.7;;;3.7;3.7;;
4137;Totaal mannen en vrouwen;0;0;9;Vijf jaar na afstuderen;1;Cohort 2001/'02;2.5;2.5;2.3;2.3;2.3;2.3;;;2.8;2.8;;;2.8;2.8;;
4138;Totaal mannen en vrouwen;0;0;9;Vijf jaar na afstuderen;1;Cohort 2002/'03;3.1;3.1;2.7;2.7;2.7;2.7;;;4.0;4.0;;;4.0;4.0;;
4139;Totaal mannen en vrouwen;0;0;9;Vijf jaar na afstuderen;1;Cohort 2003/'04;;;;;;;;;;;;;;;;
4140;Totaal mannen en vrouwen;0;0;9;Vijf jaar na afstuderen;2;Cohort 1999/'00;3.1;3.3;2.9;3.0;2.9;3.0;;;3.6;3.8;;;3.6;3.8;3.7;3.7
4141;Totaal mannen en vrouwen;0;0;9;Vijf jaar na afstuderen;2;Cohort 2000/'01;3.3;3.4;3.0;3.1;3.0;3.1;;;3.8;3.9;;;3.8;3.9;3.7;3.7
4142;Totaal mannen en vrouwen;0;0;9;Vijf jaar na afstuderen;2;Cohort 2001/'02;3.5;3.6;3.2;3.3;3.2;3.3;2.5;2.5;4.1;4.2;;;4.1;4.2;4.6;4.6
4143;Totaal mannen en vrouwen;0;0;9;Vijf jaar na afstuderen;2;Cohort 2002/'03;3.5;3.8;3.3;3.4;3.3;3.4;;;4.0;4.4;0.8;;4.1;4.4;4.3;4.3
4144;Totaal mannen en vrouwen;0;0;9;Vijf jaar na afstuderen;2;Cohort 2003/'04;;;;;;;;;;;;;;;;
4145;Totaal mannen en vrouwen;0;0;9;Vijf jaar na afstuderen;3;Cohort 1999/'00;2.8;3.1;2.6;2.8;2.6;2.8;;;3.6;4.1;;;3.4;3.9;4.3;4.7
4146;Totaal mannen en vrouwen;0;0;9;Vijf jaar na afstuderen;3;Cohort 2000/'01;3.3;3.6;3.1;3.3;3.1;3.3;2.6;;3.7;4.1;;;3.7;4.1;3.7;4.1
4147;Totaal mannen en vrouwen;0;0;9;Vijf jaar na afstuderen;3;Cohort 2001/'02;3.1;3.5;2.9;3.3;2.9;3.3;1.7;1.7;3.7;4.2;;;3.6;4.0;4.8;5.1
4148;Totaal mannen en vrouwen;0;0;9;Vijf jaar na afstuderen;3;Cohort 2002/'03;3.2;3.6;3.0;3.4;3.0;3.4;;;3.8;4.1;;;3.7;4.1;4.2;4.4
4149;Totaal mannen en vrouwen;0;0;9;Vijf jaar na afstuderen;3;Cohort 2003/'04;;;;;;;;;;;;;;;;
4150;Totaal mannen en vrouwen;0;0;9;Vijf jaar na afstuderen;4;Cohort 1999/'00;2.1;2.5;1.9;2.3;1.9;2.3;;;2.9;4.0;;;2.9;4.0;;
4151;Totaal mannen en vrouwen;0;0;9;Vijf jaar na afstuderen;4;Cohort 2000/'01;2.2;2.8;2.1;2.6;2.1;2.6;;;2.4;3.4;;;2.4;3.4;;
4152;Totaal mannen en vrouwen;0;0;9;Vijf jaar na afstuderen;4;Cohort 2001/'02;2.0;2.6;2.0;2.5;2.1;2.5;0.6;;2.4;3.1;;;2.4;3.1;;
4153;Totaal mannen en vrouwen;0;0;9;Vijf jaar na afstuderen;4;Cohort 2002/'03;2.4;2.7;2.4;2.8;2.4;2.8;;;2.3;2.6;;;2.3;2.6;;
4154;Totaal mannen en vrouwen;0;0;9;Vijf jaar na afstuderen;4;Cohort 2003/'04;;;;;;;;;;;;;;;;
4155;Totaal mannen en vrouwen;0;0;9;Vijf jaar na afstuderen;5;Cohort 1999/'00;3.0;3.2;2.6;2.8;2.6;2.8;;;3.6;3.9;;;3.6;3.9;;
4156;Totaal mannen en vrouwen;0;0;9;Vijf jaar na afstuderen;5;Cohort 2000/'01;3.0;3.2;2.9;3.1;2.9;3.1;;;3.4;3.5;;;3.4;3.5;;
4157;Totaal mannen en vrouwen;0;0;9;Vijf jaar na afstuderen;5;Cohort 2001/'02;3.4;3.6;3.1;3.4;3.1;3.4;;;4.0;4.2;;;4.0;4.2;;
4158;Totaal mannen en vrouwen;0;0;9;Vijf jaar na afstuderen;5;Cohort 2002/'03;3.3;3.5;2.9;3.2;2.9;3.2;;;4.2;4.2;;;4.2;4.2;;
4159;Totaal mannen en vrouwen;0;0;9;Vijf jaar na afstuderen;5;Cohort 2003/'04;;;;;;;;;;;;;;;;
4160;Totaal mannen en vrouwen;0;0;9;Vijf jaar na afstuderen;6;Cohort 1999/'00;4.0;4.2;3.5;3.8;3.5;3.8;;;4.4;4.5;;;4.4;4.5;;
4161;Totaal mannen en vrouwen;0;0;9;Vijf jaar na afstuderen;6;Cohort 2000/'01;4.3;4.6;3.7;3.9;3.7;3.9;;;4.8;5.3;;;4.8;5.3;;
4162;Totaal mannen en vrouwen;0;0;9;Vijf jaar na afstuderen;6;Cohort 2001/'02;3.9;4.1;3.2;3.5;3.2;3.5;;;4.6;4.7;;;4.6;4.7;;
4163;Totaal mannen en vrouwen;0;0;9;Vijf jaar na afstuderen;6;Cohort 2002/'03;4.6;4.9;3.9;4.2;3.9;4.2;;;5.3;5.7;4.6;4.6;5.4;5.7;3.4;5.9
4164;Totaal mannen en vrouwen;0;0;9;Vijf jaar na afstuderen;6;Cohort 2003/'04;;;;;;;;;;;;;;;;
4165;Totaal mannen en vrouwen;0;0;9;Vijf jaar na afstuderen;7;Cohort 1999/'00;3.1;3.3;2.7;2.9;2.7;2.9;;;3.5;3.7;;;3.5;3.7;3.9;4.3
4166;Totaal mannen en vrouwen;0;0;9;Vijf jaar na afstuderen;7;Cohort 2000/'01;3.5;3.7;3.1;3.3;3.1;3.3;3.2;;4.1;4.3;;;4.1;4.3;4.0;4.0
4167;Totaal mannen en vrouwen;0;0;9;Vijf jaar na afstuderen;7;Cohort 2001/'02;3.5;3.7;3.1;3.3;3.1;3.3;;;3.9;4.1;;;3.9;4.1;3.0;3.0
4168;Totaal mannen en vrouwen;0;0;9;Vijf jaar na afstuderen;7;Cohort 2002/'03;3.8;4.0;3.4;3.6;3.4;3.6;1.8;;4.1;4.4;;;4.1;4.4;3.4;
4169;Totaal mannen en vrouwen;0;0;9;Vijf jaar na afstuderen;7;Cohort 2003/'04;;;;;;;;;;;;;;;;
4170;Totaal mannen en vrouwen;0;0;9;Vijf jaar na afstuderen;8;Cohort 1999/'00;2.3;2.7;2.2;2.6;2.2;2.6;1.3;;2.7;3.1;;;2.7;3.1;;
4171;Totaal mannen en vrouwen;0;0;9;Vijf jaar na afstuderen;8;Cohort 2000/'01;2.5;3.2;2.5;3.0;2.5;3.0;;;2.6;3.7;;;2.5;3.6;3.1;3.9
4172;Totaal mannen en vrouwen;0;0;9;Vijf jaar na afstuderen;8;Cohort 2001/'02;2.7;3.2;2.6;3.1;2.6;3.1;2.1;;2.8;3.6;;;2.8;3.6;3.8;
4173;Totaal mannen en vrouwen;0;0;9;Vijf jaar na afstuderen;8;Cohort 2002/'03;3.0;3.7;2.8;3.4;2.8;3.4;;;3.5;4.5;2.4;;3.5;4.4;5.2;5.2
4174;Totaal mannen en vrouwen;0;0;9;Vijf jaar na afstuderen;8;Cohort 2003/'04;;;;;;;;;;;;;;;;
4175;Totaal mannen en vrouwen;0;0;9;Vijf jaar na afstuderen;9;Cohort 1999/'00;3.0;3.2;2.7;2.9;2.7;2.9;;;3.2;3.4;;;3.2;3.3;4.4;4.9
4176;Totaal mannen en vrouwen;0;0;9;Vijf jaar na afstuderen;9;Cohort 2000/'01;3.0;3.2;2.7;2.8;2.7;2.8;;;3.3;3.5;;;3.3;3.4;4.7;4.7
4177;Totaal mannen en vrouwen;0;0;9;Vijf jaar na afstuderen;9;Cohort 2001/'02;3.1;3.3;2.8;3.0;2.8;3.0;2.7;2.7;3.4;3.6;3.1;3.1;3.3;3.5;5.7;5.7
4178;Totaal mannen en vrouwen;0;0;9;Vijf jaar na afstuderen;9;Cohort 2002/'03;3.3;3.5;2.9;3.1;2.9;3.1;;;3.6;3.7;4.0;3.7;3.6;3.7;4.9;
4179;Totaal mannen en vrouwen;0;0;9;Vijf jaar na afstuderen;9;Cohort 2003/'04;;;;;;;;;;;;;;;;
4180;Totaal mannen en vrouwen;0;0;9;Vijf jaar na afstuderen;M Onderwijs;Cohort 1999/'00;2.4;2.7;2.3;2.7;2.3;2.7;2.3;2.3;2.5;2.8;;;2.5;2.9;2.3;2.6
4181;Totaal mannen en vrouwen;0;0;9;Vijf jaar na afstuderen;M Onderwijs;Cohort 2000/'01;2.4;2.7;2.3;2.6;2.3;2.6;2.2;2.6;2.5;2.9;1.8;1.8;2.5;2.9;2.8;2.8
4182;Totaal mannen en vrouwen;0;0;9;Vijf jaar na afstuderen;M Onderwijs;Cohort 2001/'02;2.4;2.8;2.4;2.7;2.4;2.7;2.4;2.6;2.6;3.0;;;2.6;3.0;;
4183;Totaal mannen en vrouwen;0;0;9;Vijf jaar na afstuderen;M Onderwijs;Cohort 2002/'03;2.5;2.9;2.4;2.8;2.4;2.8;2.3;2.9;2.7;3.2;1.8;;2.7;3.2;;
4184;Totaal mannen en vrouwen;0;0;9;Vijf jaar na afstuderen;M Onderwijs;Cohort 2003/'04;;;;;;;;;;;;;;;;
4185;Totaal mannen en vrouwen;0;0;9;Vijf jaar na afstuderen;N Gezondheids- en welzijnszorg;Cohort 1999/'00;2.4;2.9;2.1;2.6;2.1;2.6;;;2.9;3.2;;;2.4;2.7;3.3;3.5
4186;Totaal mannen en vrouwen;0;0;9;Vijf jaar na afstuderen;N Gezondheids- en welzijnszorg;Cohort 2000/'01;2.7;3.4;2.3;2.9;2.3;2.9;;;3.3;3.7;;;2.8;3.2;3.6;3.9
4187;Totaal mannen en vrouwen;0;0;9;Vijf jaar na afstuderen;N Gezondheids- en welzijnszorg;Cohort 2001/'02;2.7;3.2;2.3;2.8;2.3;2.8;;;3.2;3.6;;;2.7;3.2;3.7;3.9
4188;Totaal mannen en vrouwen;0;0;9;Vijf jaar na afstuderen;N Gezondheids- en welzijnszorg;Cohort 2002/'03;2.9;3.5;2.4;3.0;2.4;3.0;3.0;3.0;3.3;3.9;5.7;5.7;2.8;3.3;3.9;4.1
4189;Totaal mannen en vrouwen;0;0;9;Vijf jaar na afstuderen;N Gezondheids- en welzijnszorg;Cohort 2003/'04;;;;;;;;;;;;;;;;
4190;Totaal mannen en vrouwen;0;0;9;Vijf jaar na afstuderen;9000e Milieu, cultuur, recreatie en ..;Cohort 1999/'00;2.4;2.7;2.4;2.7;2.3;2.7;2.6;2.6;2.5;2.8;;;2.6;2.8;2.5;2.6
4191;Totaal mannen en vrouwen;0;0;9;Vijf jaar na afstuderen;9000e Milieu, cultuur, recreatie en ..;Cohort 2000/'01;2.5;2.9;2.3;2.8;2.2;2.7;3.1;3.7;2.7;3.2;;;2.7;3.2;2.6;2.7
4192;Totaal mannen en vrouwen;0;0;9;Vijf jaar na afstuderen;9000e Milieu, cultuur, recreatie en ..;Cohort 2001/'02;2.5;3.0;2.4;3.0;2.4;3.0;2.0;;2.7;3.1;;;2.7;3.1;2.6;3.0
4193;Totaal mannen en vrouwen;0;0;9;Vijf jaar na afstuderen;9000e Milieu, cultuur, recreatie en ..;Cohort 2002/'03;2.7;3.2;2.5;3.1;2.5;3.0;3.0;4.0;3.0;3.4;1.3;;3.0;3.5;3.1;3.1
4194;Totaal mannen en vrouwen;0;0;9;Vijf jaar na afstuderen;9000e Milieu, cultuur, recreatie en ..;Cohort 2003/'04;;;;;;;;;;;;;;;;
4195;Totaal mannen en vrouwen;0;0;9;Vijf jaar na afstuderen;Onbekend;Cohort 1999/'00;3.8;3.8;3.6;3.6;3.6;3.6;;;4.0;4.0;;;3.6;3.6;6.0;6.0
4196;Totaal mannen en vrouwen;0;0;9;Vijf jaar na afstuderen;Onbekend;Cohort 2000/'01;5.8;5.8;5.8;5.8;5.8;5.8;;;;;;;;;;
4197;Totaal mannen en vrouwen;0;0;9;Vijf jaar na afstuderen;Onbekend;Cohort 2001/'02;0.8;;;;;;;;0.8;;;;0.8;;;
4198;Totaal mannen en vrouwen;0;0;9;Vijf jaar na afstuderen;Onbekend;Cohort 2002/'03;3.1;3.1;3.1;3.1;3.1;3.1;;;;;;;;;;
4199;Totaal mannen en vrouwen;0;0;9;Vijf jaar na afstuderen;Onbekend;Cohort 2003/'04;;;;;;;;;;;;;;;;
4200;Totaal mannen en vrouwen;0;2;0;Direct na afstuderen;0;Cohort 1999/'00;1.3;;1.3;;1.3;;1.3;;1.4;;;;1.4;;;
4201;Totaal mannen en vrouwen;0;2;0;Direct na afstuderen;0;Cohort 2000/'01;1.4;1.7;1.4;1.7;1.4;1.7;1.4;1.6;1.5;2.1;;;1.5;2.1;;
4202;Totaal mannen en vrouwen;0;2;0;Direct na afstuderen;0;Cohort 2001/'02;1.5;1.8;1.5;1.8;1.5;1.8;1.4;1.8;1.6;2.2;;;1.6;2.2;;
4203;Totaal mannen en vrouwen;0;2;0;Direct na afstuderen;0;Cohort 2002/'03;1.3;1.9;1.3;1.9;1.3;1.9;1.3;1.8;1.4;2.4;;;1.4;2.4;;
4204;Totaal mannen en vrouwen;0;2;0;Direct na afstuderen;0;Cohort 2003/'04;1.5;2.1;1.5;2.1;1.5;2.1;1.6;2.0;1.6;2.5;;;1.6;2.5;;
4205;Totaal mannen en vrouwen;0;2;0;Direct na afstuderen;1;Cohort 1999/'00;0.7;;0.7;;0.6;;1.6;;0.7;;;;0.7;;;
4206;Totaal mannen en vrouwen;0;2;0;Direct na afstuderen;1;Cohort 2000/'01;1.2;2.0;1.2;2.0;1.2;2.0;;;;;;;;;;
4207;Totaal mannen en vrouwen;0;2;0;Direct na afstuderen;1;Cohort 2001/'02;1.2;1.6;1.2;1.6;1.2;1.6;;;;;;;;;;
4208;Totaal mannen en vrouwen;0;2;0;Direct na afstuderen;1;Cohort 2002/'03;1.1;1.4;1.1;1.4;0.9;0.7;2.1;2.1;;;;;;;;
4209;Totaal mannen en vrouwen;0;2;0;Direct na afstuderen;1;Cohort 2003/'04;0.7;0.9;0.7;0.9;0.7;0.9;;;;;;;;;;
4210;Totaal mannen en vrouwen;0;2;0;Direct na afstuderen;2;Cohort 1999/'00;1.4;;1.4;;1.4;;;;2.0;;;;2.0;;;
4211;Totaal mannen en vrouwen;0;2;0;Direct na afstuderen;2;Cohort 2000/'01;1.4;1.7;1.4;1.7;1.4;1.7;;;1.8;1.9;;;1.8;1.9;;
4212;Totaal mannen en vrouwen;0;2;0;Direct na afstuderen;2;Cohort 2001/'02;1.4;1.8;1.4;1.7;1.4;1.7;;;2.1;2.2;;;2.1;2.2;;
4213;Totaal mannen en vrouwen;0;2;0;Direct na afstuderen;2;Cohort 2002/'03;1.1;1.5;1.1;1.5;1.1;1.5;;;2.2;;;;2.2;;;
4214;Totaal mannen en vrouwen;0;2;0;Direct na afstuderen;2;Cohort 2003/'04;1.4;1.8;1.3;1.8;1.3;1.8;;;1.5;1.7;;;1.5;1.7;;
4215;Totaal mannen en vrouwen;0;2;0;Direct na afstuderen;3;Cohort 1999/'00;1.0;;1.0;;1.0;;0.9;;1.0;;;;1.0;;;
4216;Totaal mannen en vrouwen;0;2;0;Direct na afstuderen;3;Cohort 2000/'01;1.1;1.7;1.1;1.7;1.1;1.7;1.5;2.5;0.6;;;;0.6;;;
4217;Totaal mannen en vrouwen;0;2;0;Direct na afstuderen;3;Cohort 2001/'02;1.1;1.6;1.1;1.6;1.1;1.6;0.5;0.5;1.9;1.9;;;1.9;1.9;;
4218;Totaal mannen en vrouwen;0;2;0;Direct na afstuderen;3;Cohort 2002/'03;1.0;1.7;1.0;1.7;1.0;1.7;0.8;1.1;;;;;;;;
4219;Totaal mannen en vrouwen;0;2;0;Direct na afstuderen;3;Cohort 2003/'04;0.9;1.7;0.8;1.6;0.9;1.6;0.6;;1.3;2.1;;;1.3;2.1;;
4220;Totaal mannen en vrouwen;0;2;0;Direct na afstuderen;4;Cohort 1999/'00;0.8;;0.8;;0.8;;0.3;;;;;;;;;
4221;Totaal mannen en vrouwen;0;2;0;Direct na afstuderen;4;Cohort 2000/'01;0.8;1.4;0.8;1.4;0.8;1.4;;;0.1;;;;0.1;;;
4222;Totaal mannen en vrouwen;0;2;0;Direct na afstuderen;4;Cohort 2001/'02;0.9;1.6;0.9;1.6;0.9;1.6;;;;;;;;;;
4223;Totaal mannen en vrouwen;0;2;0;Direct na afstuderen;4;Cohort 2002/'03;0.9;1.7;0.9;1.7;0.9;1.7;0.5;;0.7;;;;0.7;;;
4224;Totaal mannen en vrouwen;0;2;0;Direct na afstuderen;4;Cohort 2003/'04;0.8;1.5;0.8;1.5;0.8;1.5;0.6;;1.1;;;;1.1;;;
4225;Totaal mannen en vrouwen;0;2;0;Direct na afstuderen;5;Cohort 1999/'00;1.1;;1.1;;1.1;;;;1.0;;;;1.0;;;
4226;Totaal mannen en vrouwen;0;2;0;Direct na afstuderen;5;Cohort 2000/'01;1.1;1.6;1.1;1.5;1.1;1.5;0.5;;1.6;2.8;;;1.6;2.8;;
4227;Totaal mannen en vrouwen;0;2;0;Direct na afstuderen;5;Cohort 2001/'02;0.9;1.7;0.9;1.7;0.9;1.7;;;0.5;;;;0.5;;;
4228;Totaal mannen en vrouwen;0;2;0;Direct na afstuderen;5;Cohort 2002/'03;1.0;1.4;1.0;1.4;1.0;1.5;0.7;0.7;0.4;;;;0.4;;;
4229;Totaal mannen en vrouwen;0;2;0;Direct na afstuderen;5;Cohort 2003/'04;1.0;2.2;1.0;2.2;1.0;2.2;;;0.6;;;;0.6;;;
4230;Totaal mannen en vrouwen;0;2;0;Direct na afstuderen;6;Cohort 1999/'00;1.7;;1.6;;1.6;;;;3.6;;;;3.6;;;
4231;Totaal mannen en vrouwen;0;2;0;Direct na afstuderen;6;Cohort 2000/'01;1.5;1.7;1.5;1.7;1.5;1.7;;;1.6;1.6;;;1.6;1.6;;
4232;Totaal mannen en vrouwen;0;2;0;Direct na afstuderen;6;Cohort 2001/'02;1.4;1.6;1.4;1.6;1.4;1.6;;;;;;;;;;
4233;Totaal mannen en vrouwen;0;2;0;Direct na afstuderen;6;Cohort 2002/'03;1.9;2.4;1.9;2.4;2.0;2.4;0.9;;;;;;;;;
4234;Totaal mannen en vrouwen;0;2;0;Direct na afstuderen;6;Cohort 2003/'04;1.9;2.3;1.9;2.3;1.9;2.3;;;;;;;;;;
4235;Totaal mannen en vrouwen;0;2;0;Direct na afstuderen;7;Cohort 1999/'00;1.4;;1.4;;1.4;;1.9;;1.6;;;;1.6;;;
4236;Totaal mannen en vrouwen;0;2;0;Direct na afstuderen;7;Cohort 2000/'01;1.3;1.7;1.3;1.6;1.3;1.6;;;1.8;2.0;;;1.8;2.0;;
4237;Totaal mannen en vrouwen;0;2;0;Direct na afstuderen;7;Cohort 2001/'02;1.2;1.8;1.2;1.8;1.2;1.8;0.5;;1.8;1.9;;;1.8;1.9;;
4238;Totaal mannen en vrouwen;0;2;0;Direct na afstuderen;7;Cohort 2002/'03;1.1;1.7;1.1;1.6;1.1;1.6;0.6;;1.6;2.0;;;1.6;2.0;;
4239;Totaal mannen en vrouwen;0;2;0;Direct na afstuderen;7;Cohort 2003/'04;1.2;2.0;1.1;1.9;1.1;1.9;;;3.8;5.3;;;3.8;5.3;;
4240;Totaal mannen en vrouwen;0;2;0;Direct na afstuderen;8;Cohort 1999/'00;1.1;;1.1;;1.1;;0.9;;1.5;;;;1.5;;;
4241;Totaal mannen en vrouwen;0;2;0;Direct na afstuderen;8;Cohort 2000/'01;1.2;1.6;1.1;1.6;1.2;1.6;1.0;;1.3;2.0;;;1.3;2.0;;
4242;Totaal mannen en vrouwen;0;2;0;Direct na afstuderen;8;Cohort 2001/'02;1.1;1.6;1.1;1.6;1.1;1.6;0.8;;1.5;;;;1.5;;;
4243;Totaal mannen en vrouwen;0;2;0;Direct na afstuderen;8;Cohort 2002/'03;1.1;1.6;1.1;1.6;1.1;1.6;;;0.6;;;;0.6;;;
4244;Totaal mannen en vrouwen;0;2;0;Direct na afstuderen;8;Cohort 2003/'04;1.1;1.6;1.0;1.6;1.0;1.6;1.1;1.4;1.2;2.1;;;1.2;2.1;;
4245;Totaal mannen en vrouwen;0;2;0;Direct na afstuderen;9;Cohort 1999/'00;1.4;;1.3;;1.3;;1.8;;1.7;;;;1.7;;;
4246;Totaal mannen en vrouwen;0;2;0;Direct na afstuderen;9;Cohort 2000/'01;1.4;1.7;1.4;1.7;1.4;1.7;1.5;1.8;1.9;2.1;;;1.9;2.1;;
4247;Totaal mannen en vrouwen;0;2;0;Direct na afstuderen;9;Cohort 2001/'02;1.6;2.0;1.6;2.1;1.6;2.0;1.8;2.6;1.3;1.6;;;1.3;1.6;;
4248;Totaal mannen en vrouwen;0;2;0;Direct na afstuderen;9;Cohort 2002/'03;1.5;2.0;1.5;2.0;1.5;2.0;1.3;1.5;1.8;3.1;;;1.8;3.1;;
4249;Totaal mannen en vrouwen;0;2;0;Direct na afstuderen;9;Cohort 2003/'04;1.6;2.2;1.6;2.1;1.6;2.1;2.0;2.2;2.7;3.6;;;2.7;3.6;;
4250;Totaal mannen en vrouwen;0;2;0;Direct na afstuderen;M Onderwijs;Cohort 1999/'00;1.4;;1.4;;1.4;;1.3;;1.4;;;;1.4;;;
4251;Totaal mannen en vrouwen;0;2;0;Direct na afstuderen;M Onderwijs;Cohort 2000/'01;1.5;1.7;1.5;1.7;1.5;1.7;1.4;1.6;1.5;2.1;;;1.5;2.1;;
4252;Totaal mannen en vrouwen;0;2;0;Direct na afstuderen;M Onderwijs;Cohort 2001/'02;1.5;1.9;1.5;1.8;1.5;1.8;1.5;1.8;1.6;2.3;;;1.6;2.3;;
4253;Totaal mannen en vrouwen;0;2;0;Direct na afstuderen;M Onderwijs;Cohort 2002/'03;1.4;1.9;1.4;1.9;1.4;1.9;1.3;1.9;1.4;2.3;;;1.4;2.3;;
4254;Totaal mannen en vrouwen;0;2;0;Direct na afstuderen;M Onderwijs;Cohort 2003/'04;1.7;2.1;1.7;2.1;1.7;2.1;1.6;2.1;1.7;2.4;;;1.7;2.4;;
4255;Totaal mannen en vrouwen;0;2;0;Direct na afstuderen;N Gezondheids- en welzijnszorg;Cohort 1999/'00;1.0;;1.0;;1.0;;0.6;;;;;;;;;
4256;Totaal mannen en vrouwen;0;2;0;Direct na afstuderen;N Gezondheids- en welzijnszorg;Cohort 2000/'01;1.1;1.8;1.1;1.8;1.1;1.8;;;1.6;2.0;;;1.6;2.0;;
4257;Totaal mannen en vrouwen;0;2;0;Direct na afstuderen;N Gezondheids- en welzijnszorg;Cohort 2001/'02;1.3;1.7;1.2;1.7;1.2;1.7;2.4;2.4;1.4;1.6;;;1.4;1.6;;
4258;Totaal mannen en vrouwen;0;2;0;Direct na afstuderen;N Gezondheids- en welzijnszorg;Cohort 2002/'03;1.2;1.8;1.2;1.8;1.2;1.8;0.6;;0.7;;;;0.7;;;
4259;Totaal mannen en vrouwen;0;2;0;Direct na afstuderen;N Gezondheids- en welzijnszorg;Cohort 2003/'04;1.2;2.0;1.2;2.0;1.2;2.0;0.9;;;;;;;;;
4260;Totaal mannen en vrouwen;0;2;0;Direct na afstuderen;9000e Milieu, cultuur, recreatie en ..;Cohort 1999/'00;1.1;;1.0;;1.0;;0.5;;1.4;;;;1.4;;;
4261;Totaal mannen en vrouwen;0;2;0;Direct na afstuderen;9000e Milieu, cultuur, recreatie en ..;Cohort 2000/'01;1.1;1.7;1.1;1.6;1.1;1.6;1.3;;1.3;2.5;;;1.3;2.5;;
4262;Totaal mannen en vrouwen;0;2;0;Direct na afstuderen;9000e Milieu, cultuur, recreatie en ..;Cohort 2001/'02;1.4;1.9;1.4;1.9;1.4;1.9;1.5;;1.3;2.2;;;1.3;2.2;;
4263;Totaal mannen en vrouwen;0;2;0;Direct na afstuderen;9000e Milieu, cultuur, recreatie en ..;Cohort 2002/'03;1.1;1.7;1.1;1.6;1.1;1.6;;;2.0;3.2;;;2.0;3.2;;
4264;Totaal mannen en vrouwen;0;2;0;Direct na afstuderen;9000e Milieu, cultuur, recreatie en ..;Cohort 2003/'04;1.1;1.8;1.1;1.8;1.1;1.8;1.4;1.4;1.6;2.1;;;1.6;2.1;;
4265;Totaal mannen en vrouwen;0;2;0;Direct na afstuderen;Onbekend;Cohort 1999/'00;;;;;;;;;;;;;;;;
4266;Totaal mannen en vrouwen;0;2;0;Direct na afstuderen;Onbekend;Cohort 2000/'01;;;;;;;;;;;;;;;;
4267;Totaal mannen en vrouwen;0;2;0;Direct na afstuderen;Onbekend;Cohort 2001/'02;1.3;1.3;1.3;1.3;1.3;1.3;;;;;;;;;;
4268;Totaal mannen en vrouwen;0;2;0;Direct na afstuderen;Onbekend;Cohort 2002/'03;0.9;2.1;0.9;2.1;0.9;2.1;;;;;;;;;;
4269;Totaal mannen en vrouwen;0;2;0;Direct na afstuderen;Onbekend;Cohort 2003/'04;1.2;2.0;1.2;2.0;1.2;2.0;;;;;;;;;;
4270;Totaal mannen en vrouwen;0;2;0;Één jaar na afstuderen;0;Cohort 1999/'00;1.9;2.0;1.9;2.0;1.9;2.0;1.9;2.1;1.9;2.2;;;1.9;2.2;;
4271;Totaal mannen en vrouwen;0;2;0;Één jaar na afstuderen;0;Cohort 2000/'01;2.0;2.1;2.0;2.1;2.0;2.1;2.1;2.2;1.9;2.3;;;1.9;2.3;;
4272;Totaal mannen en vrouwen;0;2;0;Één jaar na afstuderen;0;Cohort 2001/'02;2.0;2.2;2.0;2.2;2.0;2.2;2.1;2.3;1.9;2.4;;;1.9;2.4;;
4273;Totaal mannen en vrouwen;0;2;0;Één jaar na afstuderen;0;Cohort 2002/'03;2.0;2.3;2.0;2.3;2.0;2.3;2.1;2.3;1.9;2.4;;;1.9;2.4;;
4274;Totaal mannen en vrouwen;0;2;0;Één jaar na afstuderen;0;Cohort 2003/'04;2.0;2.3;2.0;2.3;2.0;2.3;2.0;2.3;2.1;2.7;;;2.1;2.7;;
4275;Totaal mannen en vrouwen;0;2;0;Één jaar na afstuderen;1;Cohort 1999/'00;1.6;1.6;1.5;1.6;1.5;1.6;;;1.9;;;;1.9;;;
4276;Totaal mannen en vrouwen;0;2;0;Één jaar na afstuderen;1;Cohort 2000/'01;1.8;2.3;1.8;2.3;1.8;2.3;;;;;;;;;;
4277;Totaal mannen en vrouwen;0;2;0;Één jaar na afstuderen;1;Cohort 2001/'02;1.9;1.8;1.9;1.8;1.9;1.8;;;;;;;;;;
4278;Totaal mannen en vrouwen;0;2;0;Één jaar na afstuderen;1;Cohort 2002/'03;1.0;1.9;1.0;1.9;0.7;;1.9;1.9;;;;;;;;
4279;Totaal mannen en vrouwen;0;2;0;Één jaar na afstuderen;1;Cohort 2003/'04;1.4;1.9;1.4;1.9;1.4;1.9;;;;;;;;;;
4280;Totaal mannen en vrouwen;0;2;0;Één jaar na afstuderen;2;Cohort 1999/'00;1.9;2.0;1.9;2.0;1.9;2.0;0.3;;1.9;1.9;;;1.9;1.9;;
4281;Totaal mannen en vrouwen;0;2;0;Één jaar na afstuderen;2;Cohort 2000/'01;1.9;2.0;1.8;1.9;1.8;1.9;;;2.3;2.3;;;2.3;2.3;;
4282;Totaal mannen en vrouwen;0;2;0;Één jaar na afstuderen;2;Cohort 2001/'02;2.0;2.1;1.9;2.1;1.9;2.1;;;2.3;2.4;;;2.3;2.4;;
4283;Totaal mannen en vrouwen;0;2;0;Één jaar na afstuderen;2;Cohort 2002/'03;2.1;2.2;2.1;2.2;2.1;2.2;;;2.7;2.7;;;2.7;2.7;;
4284;Totaal mannen en vrouwen;0;2;0;Één jaar na afstuderen;2;Cohort 2003/'04;2.1;2.1;2.0;2.1;2.0;2.1;;;2.3;2.4;;;2.3;2.4;;
4285;Totaal mannen en vrouwen;0;2;0;Één jaar na afstuderen;3;Cohort 1999/'00;1.7;1.9;1.7;1.9;1.7;1.9;1.3;1.5;1.6;1.9;;;1.6;1.9;;
4286;Totaal mannen en vrouwen;0;2;0;Één jaar na afstuderen;3;Cohort 2000/'01;1.7;1.9;1.7;1.9;1.7;1.9;;;2.2;2.2;;;2.2;2.2;;
4287;Totaal mannen en vrouwen;0;2;0;Één jaar na afstuderen;3;Cohort 2001/'02;1.5;1.8;1.5;1.8;1.5;1.8;1.0;1.3;2.1;2.4;;;2.1;2.4;;
4288;Totaal mannen en vrouwen;0;2;0;Één jaar na afstuderen;3;Cohort 2002/'03;1.5;1.9;1.5;2.0;1.5;2.0;;;1.4;1.6;;;1.4;1.6;;
4289;Totaal mannen en vrouwen;0;2;0;Één jaar na afstuderen;3;Cohort 2003/'04;1.3;1.9;1.3;1.8;1.3;1.9;1.2;1.3;2.2;2.5;;;2.2;2.5;;
4290;Totaal mannen en vrouwen;0;2;0;Één jaar na afstuderen;4;Cohort 1999/'00;1.1;1.6;1.1;1.6;1.1;1.6;;;;;;;;;;
4291;Totaal mannen en vrouwen;0;2;0;Één jaar na afstuderen;4;Cohort 2000/'01;1.4;1.7;1.4;1.7;1.4;1.7;;;;;;;;;;
4292;Totaal mannen en vrouwen;0;2;0;Één jaar na afstuderen;4;Cohort 2001/'02;1.3;1.7;1.3;1.7;1.3;1.7;;;;;;;;;;
4293;Totaal mannen en vrouwen;0;2;0;Één jaar na afstuderen;4;Cohort 2002/'03;1.3;1.9;1.3;1.9;1.3;1.9;;;1.1;;;;1.1;;;
4294;Totaal mannen en vrouwen;0;2;0;Één jaar na afstuderen;4;Cohort 2003/'04;1.1;1.7;1.1;1.7;1.1;1.7;;;1.5;;;;1.5;;;
4295;Totaal mannen en vrouwen;0;2;0;Één jaar na afstuderen;5;Cohort 1999/'00;1.6;1.9;1.6;1.9;1.6;1.9;0.9;;1.3;0.6;;;1.3;0.6;;
4296;Totaal mannen en vrouwen;0;2;0;Één jaar na afstuderen;5;Cohort 2000/'01;1.7;2.0;1.7;2.0;1.7;2.0;;;2.3;2.3;;;2.3;2.3;;
4297;Totaal mannen en vrouwen;0;2;0;Één jaar na afstuderen;5;Cohort 2001/'02;1.5;1.9;1.6;2.0;1.6;2.0;;;0.8;1.7;;;0.8;1.7;;
4298;Totaal mannen en vrouwen;0;2;0;Één jaar na afstuderen;5;Cohort 2002/'03;1.4;2.0;1.4;2.0;1.4;2.0;;;;;;;;;;
4299;Totaal mannen en vrouwen;0;2;0;Één jaar na afstuderen;5;Cohort 2003/'04;1.4;2.0;1.4;2.0;1.4;2.0;;;1.1;;;;1.1;;;
4300;Totaal mannen en vrouwen;0;2;0;Één jaar na afstuderen;6;Cohort 1999/'00;2.0;2.0;2.0;2.0;2.0;2.0;;;2.2;2.2;;;2.2;2.2;;
4301;Totaal mannen en vrouwen;0;2;0;Één jaar na afstuderen;6;Cohort 2000/'01;2.0;2.1;2.0;2.1;2.0;2.1;;;1.9;1.9;;;1.9;1.9;;
4302;Totaal mannen en vrouwen;0;2;0;Één jaar na afstuderen;6;Cohort 2001/'02;2.2;2.2;2.2;2.2;2.2;2.2;;;;;;;;;;
4303;Totaal mannen en vrouwen;0;2;0;Één jaar na afstuderen;6;Cohort 2002/'03;2.5;3.0;2.5;3.0;2.5;3.0;;;1.9;;;;1.9;;;
4304;Totaal mannen en vrouwen;0;2;0;Één jaar na afstuderen;6;Cohort 2003/'04;2.0;2.3;2.0;2.3;2.1;2.3;0.1;;1.9;2.5;;;1.9;2.5;;
4305;Totaal mannen en vrouwen;0;2;0;Één jaar na afstuderen;7;Cohort 1999/'00;1.8;1.9;1.8;1.9;1.8;1.9;2.0;2.0;2.1;2.2;;;2.1;2.2;;
4306;Totaal mannen en vrouwen;0;2;0;Één jaar na afstuderen;7;Cohort 2000/'01;1.7;1.9;1.7;1.9;1.7;1.9;;;1.9;2.1;;;1.9;2.1;;
4307;Totaal mannen en vrouwen;0;2;0;Één jaar na afstuderen;7;Cohort 2001/'02;1.7;2.0;1.7;1.9;1.7;1.9;;;2.3;2.8;;;2.3;2.8;;
4308;Totaal mannen en vrouwen;0;2;0;Één jaar na afstuderen;7;Cohort 2002/'03;1.7;2.1;1.7;2.0;1.7;2.0;;;1.8;2.1;;;1.8;2.1;;
4309;Totaal mannen en vrouwen;0;2;0;Één jaar na afstuderen;7;Cohort 2003/'04;1.6;2.1;1.5;2.0;1.5;2.0;;;2.5;2.8;;;2.5;2.8;;
4310;Totaal mannen en vrouwen;0;2;0;Één jaar na afstuderen;8;Cohort 1999/'00;1.5;1.9;1.5;1.8;1.5;1.8;1.4;1.7;1.7;3.4;;;1.7;3.4;;
4311;Totaal mannen en vrouwen;0;2;0;Één jaar na afstuderen;8;Cohort 2000/'01;1.6;1.9;1.6;1.9;1.6;1.9;;;1.3;;;;1.3;;;
4312;Totaal mannen en vrouwen;0;2;0;Één jaar na afstuderen;8;Cohort 2001/'02;1.5;1.8;1.4;1.8;1.4;1.8;;;1.7;1.7;;;1.7;1.7;;
4313;Totaal mannen en vrouwen;0;2;0;Één jaar na afstuderen;8;Cohort 2002/'03;1.4;2.0;1.4;2.0;1.4;2.0;2.8;2.8;1.4;;;;1.4;;;
4314;Totaal mannen en vrouwen;0;2;0;Één jaar na afstuderen;8;Cohort 2003/'04;1.4;2.1;1.4;2.1;1.4;2.1;1.1;;1.9;2.8;;;1.9;2.8;;
4315;Totaal mannen en vrouwen;0;2;0;Één jaar na afstuderen;9;Cohort 1999/'00;1.8;2.0;1.8;2.0;1.8;2.0;1.9;2.4;1.9;2.6;;;1.9;2.6;;
4316;Totaal mannen en vrouwen;0;2;0;Één jaar na afstuderen;9;Cohort 2000/'01;2.0;2.2;2.0;2.2;2.0;2.2;1.8;1.7;2.0;2.0;;;2.0;2.0;;
4317;Totaal mannen en vrouwen;0;2;0;Één jaar na afstuderen;9;Cohort 2001/'02;2.0;2.3;2.0;2.3;2.0;2.3;1.9;2.6;2.1;2.5;;;2.1;2.5;;
4318;Totaal mannen en vrouwen;0;2;0;Één jaar na afstuderen;9;Cohort 2002/'03;2.0;2.3;2.0;2.3;2.1;2.3;1.0;1.0;2.3;2.3;;;2.3;2.3;;
4319;Totaal mannen en vrouwen;0;2;0;Één jaar na afstuderen;9;Cohort 2003/'04;1.9;2.3;1.9;2.2;1.9;2.2;2.9;3.6;3.4;3.4;;;3.4;3.4;;
4320;Totaal mannen en vrouwen;0;2;0;Één jaar na afstuderen;M Onderwijs;Cohort 1999/'00;1.9;2.1;1.9;2.1;1.9;2.1;2.0;2.1;1.8;2.2;;;1.8;2.2;;
4321;Totaal mannen en vrouwen;0;2;0;Één jaar na afstuderen;M Onderwijs;Cohort 2000/'01;2.0;2.2;2.0;2.2;2.0;2.2;2.1;2.2;1.9;2.4;;;1.9;2.4;;
4322;Totaal mannen en vrouwen;0;2;0;Één jaar na afstuderen;M Onderwijs;Cohort 2001/'02;2.0;2.3;2.0;2.3;2.0;2.3;2.1;2.3;1.9;2.5;;;1.9;2.5;;
4323;Totaal mannen en vrouwen;0;2;0;Één jaar na afstuderen;M Onderwijs;Cohort 2002/'03;2.1;2.3;2.1;2.3;2.1;2.3;2.1;2.3;1.9;2.4;;;1.9;2.4;;
4324;Totaal mannen en vrouwen;0;2;0;Één jaar na afstuderen;M Onderwijs;Cohort 2003/'04;2.0;2.4;2.0;2.4;2.0;2.4;2.1;2.3;2.1;2.7;;;2.1;2.7;;
4325;Totaal mannen en vrouwen;0;2;0;Één jaar na afstuderen;N Gezondheids- en welzijnszorg;Cohort 1999/'00;1.5;2.0;1.5;2.0;1.5;2.0;1.5;;3.0;3.0;;;3.0;3.0;;
4326;Totaal mannen en vrouwen;0;2;0;Één jaar na afstuderen;N Gezondheids- en welzijnszorg;Cohort 2000/'01;1.5;1.9;1.5;1.9;1.5;1.9;1.6;;2.3;2.8;;;2.3;2.8;;
4327;Totaal mannen en vrouwen;0;2;0;Één jaar na afstuderen;N Gezondheids- en welzijnszorg;Cohort 2001/'02;1.6;2.1;1.7;2.1;1.6;2.1;2.3;3.5;1.6;1.8;;;1.6;1.8;;
4328;Totaal mannen en vrouwen;0;2;0;Één jaar na afstuderen;N Gezondheids- en welzijnszorg;Cohort 2002/'03;1.5;2.2;1.5;2.2;1.5;2.2;1.7;2.1;2.2;2.3;;;2.2;2.3;;
4329;Totaal mannen en vrouwen;0;2;0;Één jaar na afstuderen;N Gezondheids- en welzijnszorg;Cohort 2003/'04;1.6;2.2;1.6;2.2;1.6;2.2;0.8;;1.3;2.2;;;1.3;2.2;;
4330;Totaal mannen en vrouwen;0;2;0;Één jaar na afstuderen;9000e Milieu, cultuur, recreatie en ..;Cohort 1999/'00;1.4;1.8;1.4;1.8;1.4;1.8;0.5;;1.7;1.9;;;1.7;1.9;;
4331;Totaal mannen en vrouwen;0;2;0;Één jaar na afstuderen;9000e Milieu, cultuur, recreatie en ..;Cohort 2000/'01;1.6;2.0;1.6;1.9;1.6;1.9;2.7;2.7;1.9;2.6;;;1.9;2.6;;
4332;Totaal mannen en vrouwen;0;2;0;Één jaar na afstuderen;9000e Milieu, cultuur, recreatie en ..;Cohort 2001/'02;1.6;2.1;1.6;2.1;1.6;2.1;1.7;;2.4;2.3;;;2.4;2.3;;
4333;Totaal mannen en vrouwen;0;2;0;Één jaar na afstuderen;9000e Milieu, cultuur, recreatie en ..;Cohort 2002/'03;1.5;2.0;1.5;2.0;1.5;2.0;;;2.2;3.4;;;2.2;3.4;;
4334;Totaal mannen en vrouwen;0;2;0;Één jaar na afstuderen;9000e Milieu, cultuur, recreatie en ..;Cohort 2003/'04;1.5;2.0;1.5;2.0;1.5;2.0;1.5;2.0;2.0;;;;2.0;;;
4335;Totaal mannen en vrouwen;0;2;0;Één jaar na afstuderen;Onbekend;Cohort 1999/'00;;;;;;;;;;;;;;;;
4336;Totaal mannen en vrouwen;0;2;0;Één jaar na afstuderen;Onbekend;Cohort 2000/'01;2.1;2.6;2.1;2.6;2.1;2.6;;;;;;;;;;
4337;Totaal mannen en vrouwen;0;2;0;Één jaar na afstuderen;Onbekend;Cohort 2001/'02;0.5;;0.5;;;;0.5;;;;;;;;;
4338;Totaal mannen en vrouwen;0;2;0;Één jaar na afstuderen;Onbekend;Cohort 2002/'03;2.0;2.7;2.0;2.7;2.0;2.7;;;;;;;;;;
4339;Totaal mannen en vrouwen;0;2;0;Één jaar na afstuderen;Onbekend;Cohort 2003/'04;1.6;2.3;1.6;2.3;1.6;2.3;;;;;;;;;;
4340;Totaal mannen en vrouwen;0;2;0;Twee jaar na afstuderen;0;Cohort 1999/'00;2.1;2.3;2.1;2.2;2.1;2.2;2.1;2.3;2.1;2.5;;;2.1;2.5;;
4341;Totaal mannen en vrouwen;0;2;0;Twee jaar na afstuderen;0;Cohort 2000/'01;2.1;2.3;2.1;2.3;2.1;2.3;2.2;2.3;2.1;2.6;;;2.1;2.6;;
4342;Totaal mannen en vrouwen;0;2;0;Twee jaar na afstuderen;0;Cohort 2001/'02;2.2;2.4;2.2;2.4;2.2;2.4;2.2;2.4;2.1;2.6;;;2.1;2.6;;
4343;Totaal mannen en vrouwen;0;2;0;Twee jaar na afstuderen;0;Cohort 2002/'03;2.2;2.5;2.2;2.5;2.2;2.5;2.3;2.5;2.2;2.7;;;2.2;2.7;;
4344;Totaal mannen en vrouwen;0;2;0;Twee jaar na afstuderen;0;Cohort 2003/'04;2.2;2.5;2.2;2.5;2.2;2.5;2.3;2.6;2.4;2.9;2.2;2.2;2.4;2.9;;
4345;Totaal mannen en vrouwen;0;2;0;Twee jaar na afstuderen;1;Cohort 1999/'00;1.9;2.5;1.7;2.5;1.7;2.5;;;3.0;;;;3.0;;;
4346;Totaal mannen en vrouwen;0;2;0;Twee jaar na afstuderen;1;Cohort 2000/'01;1.7;2.6;1.7;2.6;1.7;2.6;;;;;;;;;;
4347;Totaal mannen en vrouwen;0;2;0;Twee jaar na afstuderen;1;Cohort 2001/'02;1.5;1.5;1.5;1.5;1.5;1.5;;;;;;;;;;
4348;Totaal mannen en vrouwen;0;2;0;Twee jaar na afstuderen;1;Cohort 2002/'03;1.9;2.0;1.9;2.0;1.9;2.0;;;;;;;;;;
4349;Totaal mannen en vrouwen;0;2;0;Twee jaar na afstuderen;1;Cohort 2003/'04;2.1;2.5;2.1;2.5;2.1;2.5;;;;;;;;;;
4350;Totaal mannen en vrouwen;0;2;0;Twee jaar na afstuderen;2;Cohort 1999/'00;2.1;2.2;2.1;2.2;2.1;2.2;;;2.6;2.6;;;2.6;2.6;;
4351;Totaal mannen en vrouwen;0;2;0;Twee jaar na afstuderen;2;Cohort 2000/'01;2.0;2.1;2.0;2.1;2.0;2.1;;;2.6;2.6;;;2.6;2.6;;
4352;Totaal mannen en vrouwen;0;2;0;Twee jaar na afstuderen;2;Cohort 2001/'02;2.2;2.3;2.1;2.2;2.1;2.2;;;2.7;2.7;;;2.7;2.7;;
4353;Totaal mannen en vrouwen;0;2;0;Twee jaar na afstuderen;2;Cohort 2002/'03;1.8;2.1;1.8;2.1;1.8;2.1;;;2.2;2.5;;;2.2;2.5;;
4354;Totaal mannen en vrouwen;0;2;0;Twee jaar na afstuderen;2;Cohort 2003/'04;2.4;2.5;2.4;2.4;2.4;2.4;;;2.9;3.2;;;2.9;3.2;;
4355;Totaal mannen en vrouwen;0;2;0;Twee jaar na afstuderen;3;Cohort 1999/'00;1.9;2.1;1.9;2.1;1.9;2.1;1.5;2.2;1.9;2.1;;;1.9;2.1;;
4356;Totaal mannen en vrouwen;0;2;0;Twee jaar na afstuderen;3;Cohort 2000/'01;1.9;2.1;1.9;2.1;1.9;2.1;2.5;2.5;2.1;2.1;;;2.1;2.1;;
4357;Totaal mannen en vrouwen;0;2;0;Twee jaar na afstuderen;3;Cohort 2001/'02;1.7;2.0;1.7;2.0;1.7;2.0;1.5;;2.2;2.4;;;2.2;2.4;;
4358;Totaal mannen en vrouwen;0;2;0;Twee jaar na afstuderen;3;Cohort 2002/'03;1.6;2.1;1.6;2.1;1.6;2.1;;;1.1;;;;1.1;;;
4359;Totaal mannen en vrouwen;0;2;0;Twee jaar na afstuderen;3;Cohort 2003/'04;1.6;2.3;1.6;2.2;1.6;2.2;;;3.0;3.4;;;3.0;3.4;;
4360;Totaal mannen en vrouwen;0;2;0;Twee jaar na afstuderen;4;Cohort 1999/'00;1.4;1.9;1.4;1.9;1.4;1.9;;;;;;;;;;
4361;Totaal mannen en vrouwen;0;2;0;Twee jaar na afstuderen;4;Cohort 2000/'01;1.5;1.8;1.5;1.8;1.5;1.8;;;;;;;;;;
4362;Totaal mannen en vrouwen;0;2;0;Twee jaar na afstuderen;4;Cohort 2001/'02;1.5;2.0;1.5;2.0;1.5;2.0;;;;;;;;;;
4363;Totaal mannen en vrouwen;0;2;0;Twee jaar na afstuderen;4;Cohort 2002/'03;1.3;2.1;1.3;2.1;1.3;2.1;;;;;;;;;;
4364;Totaal mannen en vrouwen;0;2;0;Twee jaar na afstuderen;4;Cohort 2003/'04;1.5;2.2;1.5;2.2;1.5;2.2;1.8;;1.6;;;;1.6;;;
4365;Totaal mannen en vrouwen;0;2;0;Twee jaar na afstuderen;5;Cohort 1999/'00;1.9;2.2;1.9;2.3;1.9;2.3;1.2;;1.6;1.2;;;1.6;1.2;;
4366;Totaal mannen en vrouwen;0;2;0;Twee jaar na afstuderen;5;Cohort 2000/'01;1.9;2.2;1.9;2.2;1.9;2.2;;;1.9;;;;1.9;;;
4367;Totaal mannen en vrouwen;0;2;0;Twee jaar na afstuderen;5;Cohort 2001/'02;1.6;2.1;1.7;2.1;1.7;2.1;;;0.8;;;;0.8;;;
4368;Totaal mannen en vrouwen;0;2;0;Twee jaar na afstuderen;5;Cohort 2002/'03;1.6;2.1;1.6;2.1;1.6;2.1;;;2.0;2.0;;;2.0;2.0;;
4369;Totaal mannen en vrouwen;0;2;0;Twee jaar na afstuderen;5;Cohort 2003/'04;1.8;2.2;1.8;2.2;1.9;2.2;1.5;;1.8;2.2;;;1.8;2.2;;
4370;Totaal mannen en vrouwen;0;2;0;Twee jaar na afstuderen;6;Cohort 1999/'00;2.2;2.3;2.2;2.3;2.2;2.3;;;2.4;2.4;;;2.4;2.4;;
4371;Totaal mannen en vrouwen;0;2;0;Twee jaar na afstuderen;6;Cohort 2000/'01;2.2;2.2;2.2;2.2;2.2;2.2;;;;;;;;;;
4372;Totaal mannen en vrouwen;0;2;0;Twee jaar na afstuderen;6;Cohort 2001/'02;2.0;2.1;2.0;2.1;2.0;2.1;;;1.5;;;;1.5;;;
4373;Totaal mannen en vrouwen;0;2;0;Twee jaar na afstuderen;6;Cohort 2002/'03;2.5;2.6;2.6;2.6;2.6;2.6;;;1.6;;;;1.6;;;
4374;Totaal mannen en vrouwen;0;2;0;Twee jaar na afstuderen;6;Cohort 2003/'04;2.6;2.6;2.5;2.5;2.5;2.5;;;3.2;3.2;;;3.2;3.2;;
4375;Totaal mannen en vrouwen;0;2;0;Twee jaar na afstuderen;7;Cohort 1999/'00;2.0;2.1;2.0;2.1;2.0;2.1;1.7;;2.2;2.1;;;2.2;2.1;;
4376;Totaal mannen en vrouwen;0;2;0;Twee jaar na afstuderen;7;Cohort 2000/'01;2.0;2.1;2.0;2.1;2.0;2.1;;;1.8;2.4;;;1.8;2.4;;
4377;Totaal mannen en vrouwen;0;2;0;Twee jaar na afstuderen;7;Cohort 2001/'02;2.0;2.2;2.0;2.2;2.0;2.2;;;2.4;2.8;;;2.4;2.8;;
4378;Totaal mannen en vrouwen;0;2;0;Twee jaar na afstuderen;7;Cohort 2002/'03;1.9;2.2;1.9;2.1;1.9;2.1;;;2.3;2.4;;;2.3;2.4;;
4379;Totaal mannen en vrouwen;0;2;0;Twee jaar na afstuderen;7;Cohort 2003/'04;2.1;2.6;1.9;2.5;1.9;2.5;2.4;2.4;2.9;3.1;2.2;2.2;2.9;3.2;;
4380;Totaal mannen en vrouwen;0;2;0;Twee jaar na afstuderen;8;Cohort 1999/'00;1.7;2.0;1.7;2.0;1.7;2.0;2.2;2.2;1.9;2.2;;;1.9;2.2;;
4381;Totaal mannen en vrouwen;0;2;0;Twee jaar na afstuderen;8;Cohort 2000/'01;1.8;2.2;1.8;2.2;1.8;2.2;;;0.7;;;;0.7;;;
4382;Totaal mannen en vrouwen;0;2;0;Twee jaar na afstuderen;8;Cohort 2001/'02;1.6;2.1;1.6;2.1;1.6;2.1;;;1.3;1.0;;;1.3;1.0;;
4383;Totaal mannen en vrouwen;0;2;0;Twee jaar na afstuderen;8;Cohort 2002/'03;1.6;2.2;1.6;2.2;1.6;2.2;;;;;;;;;;
4384;Totaal mannen en vrouwen;0;2;0;Twee jaar na afstuderen;8;Cohort 2003/'04;1.6;2.1;1.6;2.1;1.6;2.1;1.5;;1.6;1.8;;;1.6;1.8;;
4385;Totaal mannen en vrouwen;0;2;0;Twee jaar na afstuderen;9;Cohort 1999/'00;2.2;2.3;2.1;2.3;2.1;2.3;2.4;2.4;3.0;3.8;;;3.0;3.8;;
4386;Totaal mannen en vrouwen;0;2;0;Twee jaar na afstuderen;9;Cohort 2000/'01;2.0;2.3;2.0;2.3;2.0;2.3;1.7;1.7;2.1;2.5;;;2.1;2.5;;
4387;Totaal mannen en vrouwen;0;2;0;Twee jaar na afstuderen;9;Cohort 2001/'02;2.2;2.4;2.1;2.4;2.2;2.4;1.9;2.3;3.2;3.2;;;3.2;3.2;;
4388;Totaal mannen en vrouwen;0;2;0;Twee jaar na afstuderen;9;Cohort 2002/'03;2.2;2.5;2.2;2.5;2.2;2.5;2.7;2.7;3.0;3.3;;;3.0;3.3;;
4389;Totaal mannen en vrouwen;0;2;0;Twee jaar na afstuderen;9;Cohort 2003/'04;2.5;2.8;2.4;2.7;2.4;2.7;2.8;3.4;3.2;3.7;;;3.2;3.7;;
4390;Totaal mannen en vrouwen;0;2;0;Twee jaar na afstuderen;M Onderwijs;Cohort 1999/'00;2.1;2.3;2.1;2.3;2.1;2.3;2.1;2.3;2.0;2.4;;;2.0;2.4;;
4391;Totaal mannen en vrouwen;0;2;0;Twee jaar na afstuderen;M Onderwijs;Cohort 2000/'01;2.2;2.4;2.2;2.4;2.2;2.4;2.2;2.4;2.1;2.6;;;2.1;2.6;;
4392;Totaal mannen en vrouwen;0;2;0;Twee jaar na afstuderen;M Onderwijs;Cohort 2001/'02;2.2;2.4;2.2;2.4;2.2;2.4;2.2;2.3;2.1;2.6;;;2.1;2.6;;
4393;Totaal mannen en vrouwen;0;2;0;Twee jaar na afstuderen;M Onderwijs;Cohort 2002/'03;2.2;2.5;2.3;2.5;2.2;2.5;2.3;2.5;2.2;2.7;;;2.2;2.7;;
4394;Totaal mannen en vrouwen;0;2;0;Twee jaar na afstuderen;M Onderwijs;Cohort 2003/'04;2.3;2.5;2.3;2.5;2.3;2.5;2.3;2.6;2.3;2.8;;;2.3;2.8;;
4395;Totaal mannen en vrouwen;0;2;0;Twee jaar na afstuderen;N Gezondheids- en welzijnszorg;Cohort 1999/'00;1.7;2.2;1.7;2.1;1.7;2.1;1.6;;2.2;3.6;;;2.2;3.6;;
4396;Totaal mannen en vrouwen;0;2;0;Twee jaar na afstuderen;N Gezondheids- en welzijnszorg;Cohort 2000/'01;1.8;2.3;1.7;2.2;1.7;2.2;1.6;;2.5;3.7;;;2.5;3.7;;
4397;Totaal mannen en vrouwen;0;2;0;Twee jaar na afstuderen;N Gezondheids- en welzijnszorg;Cohort 2001/'02;1.7;2.1;1.7;2.1;1.7;2.1;0.2;;2.3;2.3;;;2.3;2.3;;
4398;Totaal mannen en vrouwen;0;2;0;Twee jaar na afstuderen;N Gezondheids- en welzijnszorg;Cohort 2002/'03;1.6;2.1;1.6;2.1;1.6;2.0;2.2;2.6;2.5;2.6;;;2.5;2.6;;
4399;Totaal mannen en vrouwen;0;2;0;Twee jaar na afstuderen;N Gezondheids- en welzijnszorg;Cohort 2003/'04;1.7;2.6;1.7;2.6;1.7;2.6;;;2.3;;;;2.3;;;
4400;Totaal mannen en vrouwen;0;2;0;Twee jaar na afstuderen;9000e Milieu, cultuur, recreatie en ..;Cohort 1999/'00;1.6;1.9;1.6;1.9;1.6;1.9;;;1.9;1.8;;;1.9;1.8;;
4401;Totaal mannen en vrouwen;0;2;0;Twee jaar na afstuderen;9000e Milieu, cultuur, recreatie en ..;Cohort 2000/'01;1.8;2.2;1.8;2.2;1.8;2.2;0.4;;2.3;;;;2.3;;;
4402;Totaal mannen en vrouwen;0;2;0;Twee jaar na afstuderen;9000e Milieu, cultuur, recreatie en ..;Cohort 2001/'02;1.7;2.2;1.7;2.2;1.7;2.2;1.9;;2.4;2.9;;;2.4;2.9;;
4403;Totaal mannen en vrouwen;0;2;0;Twee jaar na afstuderen;9000e Milieu, cultuur, recreatie en ..;Cohort 2002/'03;1.7;2.2;1.6;2.1;1.6;2.1;;;2.5;3.2;;;2.5;3.2;;
4404;Totaal mannen en vrouwen;0;2;0;Twee jaar na afstuderen;9000e Milieu, cultuur, recreatie en ..;Cohort 2003/'04;1.8;2.5;1.7;2.5;1.7;2.5;1.8;2.4;2.0;2.5;;;2.0;2.5;;
4405;Totaal mannen en vrouwen;0;2;0;Twee jaar na afstuderen;Onbekend;Cohort 1999/'00;1.8;1.8;1.8;1.8;1.8;1.8;;;;;;;;;;
4406;Totaal mannen en vrouwen;0;2;0;Twee jaar na afstuderen;Onbekend;Cohort 2000/'01;4.3;4.3;4.3;4.3;4.3;4.3;;;;;;;;;;
4407;Totaal mannen en vrouwen;0;2;0;Twee jaar na afstuderen;Onbekend;Cohort 2001/'02;2.0;2.4;1.7;2.1;1.2;1.6;2.6;2.6;2.9;2.9;;;2.9;2.9;;
4408;Totaal mannen en vrouwen;0;2;0;Twee jaar na afstuderen;Onbekend;Cohort 2002/'03;2.1;2.1;2.1;2.1;2.1;2.1;;;;;;;;;;
4409;Totaal mannen en vrouwen;0;2;0;Twee jaar na afstuderen;Onbekend;Cohort 2003/'04;2.5;3.0;2.5;3.0;2.5;3.0;;;;;;;;;;
4410;Totaal mannen en vrouwen;0;2;0;Drie jaar na afstuderen;0;Cohort 1999/'00;2.2;2.4;2.2;2.4;2.2;2.4;2.2;2.4;2.2;2.7;;;2.2;2.7;;
4411;Totaal mannen en vrouwen;0;2;0;Drie jaar na afstuderen;0;Cohort 2000/'01;2.2;2.4;2.2;2.4;2.2;2.4;2.3;2.4;2.2;2.8;;;2.2;2.8;;
4412;Totaal mannen en vrouwen;0;2;0;Drie jaar na afstuderen;0;Cohort 2001/'02;2.3;2.5;2.3;2.5;2.3;2.5;2.4;2.6;2.3;2.9;;;2.3;2.9;;
4413;Totaal mannen en vrouwen;0;2;0;Drie jaar na afstuderen;0;Cohort 2002/'03;2.3;2.6;2.3;2.6;2.3;2.6;2.4;2.6;2.3;2.9;;;2.3;2.9;;
4414;Totaal mannen en vrouwen;0;2;0;Drie jaar na afstuderen;0;Cohort 2003/'04;2.4;2.7;2.3;2.6;2.3;2.6;2.4;2.6;2.6;3.2;3.1;3.1;2.6;3.2;;
4415;Totaal mannen en vrouwen;0;2;0;Drie jaar na afstuderen;1;Cohort 1999/'00;2.4;2.9;2.4;2.9;2.4;2.9;;;;;;;;;;
4416;Totaal mannen en vrouwen;0;2;0;Drie jaar na afstuderen;1;Cohort 2000/'01;1.9;2.2;1.9;2.2;1.9;2.2;;;;;;;;;;
4417;Totaal mannen en vrouwen;0;2;0;Drie jaar na afstuderen;1;Cohort 2001/'02;2.1;2.1;2.1;2.1;2.1;2.1;;;;;;;;;;
4418;Totaal mannen en vrouwen;0;2;0;Drie jaar na afstuderen;1;Cohort 2002/'03;1.8;2.2;1.8;2.2;1.8;2.2;;;;;;;;;;
4419;Totaal mannen en vrouwen;0;2;0;Drie jaar na afstuderen;1;Cohort 2003/'04;2.2;3.1;2.2;3.1;2.2;3.1;;;;;;;;;;
4420;Totaal mannen en vrouwen;0;2;0;Drie jaar na afstuderen;2;Cohort 1999/'00;2.3;2.4;2.3;2.4;2.3;2.4;;;2.4;2.6;;;2.4;2.6;;
4421;Totaal mannen en vrouwen;0;2;0;Drie jaar na afstuderen;2;Cohort 2000/'01;2.2;2.3;2.2;2.3;2.2;2.3;;;2.5;2.7;;;2.5;2.7;;
4422;Totaal mannen en vrouwen;0;2;0;Drie jaar na afstuderen;2;Cohort 2001/'02;2.2;2.4;2.2;2.3;2.2;2.3;;;2.9;2.9;;;2.9;2.9;;
4423;Totaal mannen en vrouwen;0;2;0;Drie jaar na afstuderen;2;Cohort 2002/'03;2.3;2.6;2.3;2.5;2.3;2.5;;;3.2;3.2;;;3.2;3.2;;
4424;Totaal mannen en vrouwen;0;2;0;Drie jaar na afstuderen;2;Cohort 2003/'04;2.6;2.7;2.5;2.6;2.5;2.6;;;3.2;3.3;;;3.2;3.3;;
4425;Totaal mannen en vrouwen;0;2;0;Drie jaar na afstuderen;3;Cohort 1999/'00;2.0;2.3;2.0;2.3;2.0;2.3;1.7;2.7;2.4;2.4;;;2.4;2.4;;
4426;Totaal mannen en vrouwen;0;2;0;Drie jaar na afstuderen;3;Cohort 2000/'01;2.0;2.2;2.0;2.2;2.0;2.2;2.7;2.7;;;;;;;;
4427;Totaal mannen en vrouwen;0;2;0;Drie jaar na afstuderen;3;Cohort 2001/'02;1.9;2.2;1.9;2.2;1.9;2.2;1.5;1.5;2.5;2.5;;;2.5;2.5;;
4428;Totaal mannen en vrouwen;0;2;0;Drie jaar na afstuderen;3;Cohort 2002/'03;1.9;2.4;1.9;2.4;1.9;2.4;;;2.3;2.3;;;2.3;2.3;;
4429;Totaal mannen en vrouwen;0;2;0;Drie jaar na afstuderen;3;Cohort 2003/'04;2.1;2.6;2.0;2.5;2.0;2.5;1.6;1.6;3.4;3.9;;;3.4;3.9;;
4430;Totaal mannen en vrouwen;0;2;0;Drie jaar na afstuderen;4;Cohort 1999/'00;1.5;1.9;1.5;1.9;1.5;1.9;;;;;;;;;;
4431;Totaal mannen en vrouwen;0;2;0;Drie jaar na afstuderen;4;Cohort 2000/'01;1.8;2.0;1.8;2.0;1.8;2.0;;;;;;;;;;
4432;Totaal mannen en vrouwen;0;2;0;Drie jaar na afstuderen;4;Cohort 2001/'02;1.4;1.8;1.5;1.8;1.5;1.8;;;1.2;;;;1.2;;;
4433;Totaal mannen en vrouwen;0;2;0;Drie jaar na afstuderen;4;Cohort 2002/'03;1.3;2.1;1.3;2.1;1.3;2.1;;;;;;;;;;
4434;Totaal mannen en vrouwen;0;2;0;Drie jaar na afstuderen;4;Cohort 2003/'04;1.6;2.0;1.6;2.0;1.6;2.0;1.6;;1.2;;;;1.2;;;
4435;Totaal mannen en vrouwen;0;2;0;Drie jaar na afstuderen;5;Cohort 1999/'00;2.0;2.4;2.0;2.4;2.0;2.4;1.7;1.7;1.4;1.4;;;1.4;1.4;;
4436;Totaal mannen en vrouwen;0;2;0;Drie jaar na afstuderen;5;Cohort 2000/'01;1.9;2.2;1.9;2.2;1.9;2.2;;;1.7;;;;1.7;;;
4437;Totaal mannen en vrouwen;0;2;0;Drie jaar na afstuderen;5;Cohort 2001/'02;1.7;2.2;1.8;2.2;1.8;2.2;;;1.1;;;;1.1;;;
4438;Totaal mannen en vrouwen;0;2;0;Drie jaar na afstuderen;5;Cohort 2002/'03;1.5;2.3;1.5;2.3;1.5;2.3;;;2.5;2.5;;;2.5;2.5;;
4439;Totaal mannen en vrouwen;0;2;0;Drie jaar na afstuderen;5;Cohort 2003/'04;2.0;2.4;2.0;2.4;2.0;2.4;;;2.4;3.1;3.1;3.1;1.7;;;
4440;Totaal mannen en vrouwen;0;2;0;Drie jaar na afstuderen;6;Cohort 1999/'00;2.4;2.6;2.4;2.6;2.4;2.6;1.9;;2.5;2.5;;;2.5;2.5;;
4441;Totaal mannen en vrouwen;0;2;0;Drie jaar na afstuderen;6;Cohort 2000/'01;2.3;2.5;2.3;2.5;2.3;2.5;;;;;;;;;;
4442;Totaal mannen en vrouwen;0;2;0;Drie jaar na afstuderen;6;Cohort 2001/'02;2.2;2.3;2.2;2.3;2.2;2.3;;;1.7;;;;1.7;;;
4443;Totaal mannen en vrouwen;0;2;0;Drie jaar na afstuderen;6;Cohort 2002/'03;2.6;2.9;2.7;2.9;2.7;2.9;;;1.7;;;;1.7;;;
4444;Totaal mannen en vrouwen;0;2;0;Drie jaar na afstuderen;6;Cohort 2003/'04;2.6;2.8;2.4;2.7;2.4;2.7;;;3.5;3.6;;;3.5;3.6;;
4445;Totaal mannen en vrouwen;0;2;0;Drie jaar na afstuderen;7;Cohort 1999/'00;2.1;2.3;2.1;2.3;2.1;2.3;;;2.5;2.5;;;2.5;2.5;;
4446;Totaal mannen en vrouwen;0;2;0;Drie jaar na afstuderen;7;Cohort 2000/'01;2.1;2.2;2.1;2.2;2.1;2.2;;;2.0;2.4;;;2.0;2.4;;
4447;Totaal mannen en vrouwen;0;2;0;Drie jaar na afstuderen;7;Cohort 2001/'02;2.0;2.3;2.0;2.3;2.0;2.3;;;2.3;2.3;;;2.3;2.3;;
4448;Totaal mannen en vrouwen;0;2;0;Drie jaar na afstuderen;7;Cohort 2002/'03;2.1;2.4;2.1;2.4;2.1;2.4;;;2.4;2.8;;;2.4;2.8;;
4449;Totaal mannen en vrouwen;0;2;0;Drie jaar na afstuderen;7;Cohort 2003/'04;2.3;2.8;2.2;2.6;2.2;2.6;1.2;;2.9;3.6;;;2.9;3.6;;
4450;Totaal mannen en vrouwen;0;2;0;Drie jaar na afstuderen;8;Cohort 1999/'00;1.9;2.3;1.9;2.2;1.9;2.2;;;2.2;4.9;;;2.2;4.9;;
4451;Totaal mannen en vrouwen;0;2;0;Drie jaar na afstuderen;8;Cohort 2000/'01;1.9;2.3;1.8;2.3;1.8;2.3;;;2.0;2.6;;;2.0;2.6;;
4452;Totaal mannen en vrouwen;0;2;0;Drie jaar na afstuderen;8;Cohort 2001/'02;1.6;2.2;1.6;2.2;1.6;2.2;;;;;;;;;;
4453;Totaal mannen en vrouwen;0;2;0;Drie jaar na afstuderen;8;Cohort 2002/'03;1.6;2.6;1.6;2.6;1.6;2.6;;;1.9;;;;1.9;;;
4454;Totaal mannen en vrouwen;0;2;0;Drie jaar na afstuderen;8;Cohort 2003/'04;1.9;2.7;1.9;2.6;1.9;2.6;1.4;;2.1;3.3;;;2.1;3.3;;
4455;Totaal mannen en vrouwen;0;2;0;Drie jaar na afstuderen;9;Cohort 1999/'00;2.2;2.4;2.2;2.4;2.2;2.4;2.3;2.3;2.8;3.1;;;2.8;3.1;;
4456;Totaal mannen en vrouwen;0;2;0;Drie jaar na afstuderen;9;Cohort 2000/'01;2.2;2.5;2.2;2.4;2.2;2.4;1.9;2.1;2.8;3.4;;;2.8;3.4;;
4457;Totaal mannen en vrouwen;0;2;0;Drie jaar na afstuderen;9;Cohort 2001/'02;2.4;2.6;2.4;2.6;2.4;2.6;2.3;2.5;2.6;3.0;;;2.6;3.0;;
4458;Totaal mannen en vrouwen;0;2;0;Drie jaar na afstuderen;9;Cohort 2002/'03;2.5;2.9;2.5;2.9;2.6;2.9;1.3;;2.7;2.8;;;2.7;2.8;;
4459;Totaal mannen en vrouwen;0;2;0;Drie jaar na afstuderen;9;Cohort 2003/'04;2.5;2.8;2.4;2.7;2.4;2.7;3.0;3.0;3.1;3.7;;;3.1;3.7;;
4460;Totaal mannen en vrouwen;0;2;0;Drie jaar na afstuderen;M Onderwijs;Cohort 1999/'00;2.2;2.4;2.2;2.4;2.2;2.4;2.2;2.4;2.2;2.7;;;2.2;2.7;;
4461;Totaal mannen en vrouwen;0;2;0;Drie jaar na afstuderen;M Onderwijs;Cohort 2000/'01;2.2;2.4;2.2;2.4;2.2;2.4;2.3;2.5;2.2;2.8;;;2.2;2.8;;
4462;Totaal mannen en vrouwen;0;2;0;Drie jaar na afstuderen;M Onderwijs;Cohort 2001/'02;2.3;2.6;2.3;2.6;2.3;2.6;2.4;2.6;2.3;2.9;;;2.3;2.9;;
4463;Totaal mannen en vrouwen;0;2;0;Drie jaar na afstuderen;M Onderwijs;Cohort 2002/'03;2.3;2.6;2.3;2.6;2.3;2.6;2.4;2.6;2.3;2.8;;;2.3;2.8;;
4464;Totaal mannen en vrouwen;0;2;0;Drie jaar na afstuderen;M Onderwijs;Cohort 2003/'04;2.4;2.7;2.4;2.6;2.4;2.6;2.4;2.6;2.6;3.2;;;2.6;3.2;;
4465;Totaal mannen en vrouwen;0;2;0;Drie jaar na afstuderen;N Gezondheids- en welzijnszorg;Cohort 1999/'00;1.8;2.3;1.8;2.3;1.8;2.3;1.5;;2.7;3.4;;;2.7;3.4;;
4466;Totaal mannen en vrouwen;0;2;0;Drie jaar na afstuderen;N Gezondheids- en welzijnszorg;Cohort 2000/'01;1.7;2.3;1.7;2.2;1.6;2.2;2.3;2.3;2.8;3.1;;;2.8;3.1;;
4467;Totaal mannen en vrouwen;0;2;0;Drie jaar na afstuderen;N Gezondheids- en welzijnszorg;Cohort 2001/'02;1.7;2.3;1.7;2.3;1.7;2.3;1.1;;2.3;2.5;;;2.3;2.5;;
4468;Totaal mannen en vrouwen;0;2;0;Drie jaar na afstuderen;N Gezondheids- en welzijnszorg;Cohort 2002/'03;1.6;2.3;1.6;2.3;1.6;2.3;1.5;2.6;2.5;2.6;;;2.5;2.6;;
4469;Totaal mannen en vrouwen;0;2;0;Drie jaar na afstuderen;N Gezondheids- en welzijnszorg;Cohort 2003/'04;1.8;2.4;1.8;2.4;1.8;2.4;1.6;;2.6;2.4;;;2.6;2.4;;
4470;Totaal mannen en vrouwen;0;2;0;Drie jaar na afstuderen;9000e Milieu, cultuur, recreatie en ..;Cohort 1999/'00;1.8;2.1;1.8;2.1;1.8;2.1;0.3;;2.4;2.5;;;2.4;2.5;;
4471;Totaal mannen en vrouwen;0;2;0;Drie jaar na afstuderen;9000e Milieu, cultuur, recreatie en ..;Cohort 2000/'01;1.9;2.2;1.9;2.2;1.9;2.2;;;1.9;;;;1.9;;;
4472;Totaal mannen en vrouwen;0;2;0;Drie jaar na afstuderen;9000e Milieu, cultuur, recreatie en ..;Cohort 2001/'02;1.9;2.3;1.9;2.3;1.9;2.3;2.1;;2.4;2.9;;;2.4;2.9;;
4473;Totaal mannen en vrouwen;0;2;0;Drie jaar na afstuderen;9000e Milieu, cultuur, recreatie en ..;Cohort 2002/'03;1.9;2.6;1.9;2.5;1.9;2.5;2.3;2.7;2.3;4.7;;;2.3;4.7;;
4474;Totaal mannen en vrouwen;0;2;0;Drie jaar na afstuderen;9000e Milieu, cultuur, recreatie en ..;Cohort 2003/'04;2.1;2.6;2.0;2.6;2.0;2.6;2.1;2.3;2.6;2.7;;;2.6;2.7;;
4475;Totaal mannen en vrouwen;0;2;0;Drie jaar na afstuderen;Onbekend;Cohort 1999/'00;;;;;;;;;;;;;;;;
4476;Totaal mannen en vrouwen;0;2;0;Drie jaar na afstuderen;Onbekend;Cohort 2000/'01;2.8;3.2;2.8;3.2;2.8;3.2;;;;;;;;;;
4477;Totaal mannen en vrouwen;0;2;0;Drie jaar na afstuderen;Onbekend;Cohort 2001/'02;1.9;2.4;1.7;2.1;1.4;1.8;3.0;3.0;3.4;3.4;;;3.4;3.4;;
4478;Totaal mannen en vrouwen;0;2;0;Drie jaar na afstuderen;Onbekend;Cohort 2002/'03;2.8;3.9;2.8;3.9;2.8;3.9;;;;;;;;;;
4479;Totaal mannen en vrouwen;0;2;0;Drie jaar na afstuderen;Onbekend;Cohort 2003/'04;0.4;;;;;;;;0.4;;;;0.4;;;
4480;Totaal mannen en vrouwen;0;2;0;Vier jaar na afstuderen;0;Cohort 1999/'00;2.2;2.5;2.2;2.5;2.2;2.5;2.2;2.4;2.4;2.9;;;2.4;2.9;;
4481;Totaal mannen en vrouwen;0;2;0;Vier jaar na afstuderen;0;Cohort 2000/'01;2.3;2.6;2.3;2.6;2.3;2.6;2.4;2.6;2.4;3.0;;;2.4;3.0;;
4482;Totaal mannen en vrouwen;0;2;0;Vier jaar na afstuderen;0;Cohort 2001/'02;2.3;2.6;2.3;2.6;2.3;2.6;2.4;2.6;2.5;3.1;;;2.5;3.1;;
4483;Totaal mannen en vrouwen;0;2;0;Vier jaar na afstuderen;0;Cohort 2002/'03;2.4;2.7;2.4;2.7;2.4;2.7;2.5;2.7;2.5;3.2;;;2.5;3.2;;
4484;Totaal mannen en vrouwen;0;2;0;Vier jaar na afstuderen;0;Cohort 2003/'04;2.5;2.8;2.4;2.8;2.4;2.8;2.5;2.8;2.8;3.3;3.4;3.4;2.8;3.3;;
4485;Totaal mannen en vrouwen;0;2;0;Vier jaar na afstuderen;1;Cohort 1999/'00;2.1;2.7;2.1;2.7;2.1;2.7;;;;;;;;;;
4486;Totaal mannen en vrouwen;0;2;0;Vier jaar na afstuderen;1;Cohort 2000/'01;2.3;2.4;2.3;2.4;2.3;2.4;;;;;;;;;;
4487;Totaal mannen en vrouwen;0;2;0;Vier jaar na afstuderen;1;Cohort 2001/'02;2.6;3.2;2.6;3.2;2.6;3.2;;;;;;;;;;
4488;Totaal mannen en vrouwen;0;2;0;Vier jaar na afstuderen;1;Cohort 2002/'03;1.5;1.7;1.5;1.7;1.5;1.7;;;;;;;;;;
4489;Totaal mannen en vrouwen;0;2;0;Vier jaar na afstuderen;1;Cohort 2003/'04;2.1;3.2;2.1;3.2;2.1;3.2;;;;;;;;;;
4490;Totaal mannen en vrouwen;0;2;0;Vier jaar na afstuderen;2;Cohort 1999/'00;2.4;2.6;2.4;2.6;2.4;2.6;;;2.9;2.6;;;2.9;2.6;;
4491;Totaal mannen en vrouwen;0;2;0;Vier jaar na afstuderen;2;Cohort 2000/'01;2.3;2.5;2.3;2.4;2.3;2.4;;;3.7;3.7;;;3.7;3.7;;
4492;Totaal mannen en vrouwen;0;2;0;Vier jaar na afstuderen;2;Cohort 2001/'02;2.6;2.9;2.5;2.8;2.5;2.8;;;3.6;3.6;;;3.6;3.6;;
4493;Totaal mannen en vrouwen;0;2;0;Vier jaar na afstuderen;2;Cohort 2002/'03;2.5;2.7;2.5;2.7;2.5;2.7;;;3.6;3.6;;;3.6;3.6;;
4494;Totaal mannen en vrouwen;0;2;0;Vier jaar na afstuderen;2;Cohort 2003/'04;3.0;3.1;2.8;3.0;2.8;3.0;;;3.8;3.8;;;3.8;3.8;;
4495;Totaal mannen en vrouwen;0;2;0;Vier jaar na afstuderen;3;Cohort 1999/'00;2.1;2.4;2.1;2.4;2.1;2.4;1.9;2.1;2.4;2.7;;;2.4;2.7;;
4496;Totaal mannen en vrouwen;0;2;0;Vier jaar na afstuderen;3;Cohort 2000/'01;2.0;2.3;2.0;2.3;2.0;2.3;2.4;2.6;;;;;;;;
4497;Totaal mannen en vrouwen;0;2;0;Vier jaar na afstuderen;3;Cohort 2001/'02;2.1;2.5;2.1;2.5;2.1;2.5;1.6;;2.5;2.5;;;2.5;2.5;;
4498;Totaal mannen en vrouwen;0;2;0;Vier jaar na afstuderen;3;Cohort 2002/'03;2.0;2.6;2.0;2.6;2.0;2.6;;;2.7;2.7;;;2.7;2.7;;
4499;Totaal mannen en vrouwen;0;2;0;Vier jaar na afstuderen;3;Cohort 2003/'04;2.3;2.8;2.2;2.7;2.2;2.7;;;4.2;5.3;;;4.2;5.3;;
4500;Totaal mannen en vrouwen;0;2;0;Vier jaar na afstuderen;4;Cohort 1999/'00;1.5;1.9;1.5;1.9;1.5;1.9;;;;;;;;;;
4501;Totaal mannen en vrouwen;0;2;0;Vier jaar na afstuderen;4;Cohort 2000/'01;1.8;2.2;1.8;2.2;1.8;2.2;;;;;;;;;;
4502;Totaal mannen en vrouwen;0;2;0;Vier jaar na afstuderen;4;Cohort 2001/'02;1.7;2.3;1.7;2.3;1.7;2.3;;;;;;;;;;
4503;Totaal mannen en vrouwen;0;2;0;Vier jaar na afstuderen;4;Cohort 2002/'03;1.6;2.4;1.6;2.4;1.6;2.4;;;;;;;;;;
4504;Totaal mannen en vrouwen;0;2;0;Vier jaar na afstuderen;4;Cohort 2003/'04;1.7;2.1;1.7;2.1;1.7;2.1;1.6;;1.0;;;;1.0;;;
4505;Totaal mannen en vrouwen;0;2;0;Vier jaar na afstuderen;5;Cohort 1999/'00;2.2;2.6;2.2;2.7;2.2;2.7;;;1.5;1.0;;;1.5;1.0;;
4506;Totaal mannen en vrouwen;0;2;0;Vier jaar na afstuderen;5;Cohort 2000/'01;2.2;2.5;2.2;2.5;2.2;2.5;;;1.8;;;;1.8;;;
4507;Totaal mannen en vrouwen;0;2;0;Vier jaar na afstuderen;5;Cohort 2001/'02;2.0;2.6;2.0;2.6;2.0;2.6;;;2.1;;;;2.1;;;
4508;Totaal mannen en vrouwen;0;2;0;Vier jaar na afstuderen;5;Cohort 2002/'03;2.4;2.7;2.4;2.7;2.4;2.7;;;3.3;3.3;;;3.3;3.3;;
4509;Totaal mannen en vrouwen;0;2;0;Vier jaar na afstuderen;5;Cohort 2003/'04;2.1;2.5;2.1;2.4;2.1;2.4;;;2.7;3.4;3.4;3.4;1.9;;;
4510;Totaal mannen en vrouwen;0;2;0;Vier jaar na afstuderen;6;Cohort 1999/'00;2.8;2.9;2.8;2.9;2.8;2.9;2.0;;2.9;2.9;;;2.9;2.9;;
4511;Totaal mannen en vrouwen;0;2;0;Vier jaar na afstuderen;6;Cohort 2000/'01;2.6;2.9;2.6;2.9;2.6;2.9;;;;;;;;;;
4512;Totaal mannen en vrouwen;0;2;0;Vier jaar na afstuderen;6;Cohort 2001/'02;2.4;2.7;2.4;2.7;2.4;2.7;;;;;;;;;;
4513;Totaal mannen en vrouwen;0;2;0;Vier jaar na afstuderen;6;Cohort 2002/'03;2.8;2.9;2.8;2.9;2.8;2.9;;;;;;;;;;
4514;Totaal mannen en vrouwen;0;2;0;Vier jaar na afstuderen;6;Cohort 2003/'04;2.9;3.1;2.8;3.1;2.8;3.1;;;3.8;3.4;;;3.8;3.4;;
4515;Totaal mannen en vrouwen;0;2;0;Vier jaar na afstuderen;7;Cohort 1999/'00;2.3;2.5;2.3;2.4;2.3;2.4;;;3.1;3.2;;;3.1;3.2;;
4516;Totaal mannen en vrouwen;0;2;0;Vier jaar na afstuderen;7;Cohort 2000/'01;2.3;2.5;2.3;2.5;2.3;2.5;;;2.2;2.9;;;2.2;2.9;;
4517;Totaal mannen en vrouwen;0;2;0;Vier jaar na afstuderen;7;Cohort 2001/'02;2.4;2.7;2.3;2.6;2.3;2.6;;;2.9;3.1;;;2.9;3.1;;
4518;Totaal mannen en vrouwen;0;2;0;Vier jaar na afstuderen;7;Cohort 2002/'03;2.5;2.8;2.4;2.8;2.4;2.8;;;3.3;3.5;;;3.3;3.5;;
4519;Totaal mannen en vrouwen;0;2;0;Vier jaar na afstuderen;7;Cohort 2003/'04;2.4;2.9;2.2;2.8;2.2;2.8;1.6;;3.3;3.7;;;3.3;3.7;;
4520;Totaal mannen en vrouwen;0;2;0;Vier jaar na afstuderen;8;Cohort 1999/'00;1.9;2.3;1.9;2.3;1.9;2.3;;;1.8;5.1;;;1.8;5.1;;
4521;Totaal mannen en vrouwen;0;2;0;Vier jaar na afstuderen;8;Cohort 2000/'01;1.8;2.6;1.8;2.6;1.8;2.6;;;2.6;4.0;;;2.6;4.0;;
4522;Totaal mannen en vrouwen;0;2;0;Vier jaar na afstuderen;8;Cohort 2001/'02;2.0;2.9;2.0;2.9;2.0;2.9;;;;;;;;;;
4523;Totaal mannen en vrouwen;0;2;0;Vier jaar na afstuderen;8;Cohort 2002/'03;2.0;2.7;2.0;2.7;2.0;2.7;;;2.2;;;;2.2;;;
4524;Totaal mannen en vrouwen;0;2;0;Vier jaar na afstuderen;8;Cohort 2003/'04;2.1;2.8;2.0;2.7;2.0;2.7;2.1;;3.2;3.5;;;3.2;3.5;;
4525;Totaal mannen en vrouwen;0;2;0;Vier jaar na afstuderen;9;Cohort 1999/'00;2.4;2.6;2.3;2.5;2.3;2.5;2.4;2.4;3.0;3.4;;;3.0;3.4;;
4526;Totaal mannen en vrouwen;0;2;0;Vier jaar na afstuderen;9;Cohort 2000/'01;2.3;2.6;2.3;2.6;2.3;2.6;1.6;;2.4;3.0;;;2.4;3.0;;
4527;Totaal mannen en vrouwen;0;2;0;Vier jaar na afstuderen;9;Cohort 2001/'02;2.7;3.0;2.6;2.9;2.6;2.9;2.7;2.7;3.6;5.0;;;3.6;5.0;;
4528;Totaal mannen en vrouwen;0;2;0;Vier jaar na afstuderen;9;Cohort 2002/'03;2.4;2.7;2.4;2.7;2.4;2.7;1.4;;3.1;3.1;;;3.1;3.1;;
4529;Totaal mannen en vrouwen;0;2;0;Vier jaar na afstuderen;9;Cohort 2003/'04;2.7;3.1;2.6;3.0;2.6;2.9;3.6;3.6;3.4;3.6;;;3.4;3.6;;
4530;Totaal mannen en vrouwen;0;2;0;Vier jaar na afstuderen;M Onderwijs;Cohort 1999/'00;2.3;2.5;2.3;2.5;2.3;2.5;2.2;2.4;2.3;2.8;;;2.3;2.8;;
4531;Totaal mannen en vrouwen;0;2;0;Vier jaar na afstuderen;M Onderwijs;Cohort 2000/'01;2.3;2.6;2.3;2.6;2.3;2.6;2.4;2.6;2.4;3.0;;;2.4;3.0;;
4532;Totaal mannen en vrouwen;0;2;0;Vier jaar na afstuderen;M Onderwijs;Cohort 2001/'02;2.3;2.6;2.3;2.6;2.3;2.6;2.4;2.6;2.4;3.0;;;2.4;3.0;;
4533;Totaal mannen en vrouwen;0;2;0;Vier jaar na afstuderen;M Onderwijs;Cohort 2002/'03;2.4;2.7;2.4;2.7;2.4;2.7;2.5;2.7;2.4;3.1;;;2.4;3.1;;
4534;Totaal mannen en vrouwen;0;2;0;Vier jaar na afstuderen;M Onderwijs;Cohort 2003/'04;2.5;2.8;2.5;2.8;2.5;2.8;2.5;2.8;2.7;3.2;;;2.7;3.2;;
4535;Totaal mannen en vrouwen;0;2;0;Vier jaar na afstuderen;N Gezondheids- en welzijnszorg;Cohort 1999/'00;1.9;2.3;1.8;2.3;1.8;2.3;1.4;;2.6;3.2;;;2.6;3.2;;
4536;Totaal mannen en vrouwen;0;2;0;Vier jaar na afstuderen;N Gezondheids- en welzijnszorg;Cohort 2000/'01;1.7;2.4;1.7;2.3;1.7;2.3;;;3.1;3.8;;;3.1;3.8;;
4537;Totaal mannen en vrouwen;0;2;0;Vier jaar na afstuderen;N Gezondheids- en welzijnszorg;Cohort 2001/'02;1.8;2.3;1.8;2.3;1.8;2.3;1.4;1.4;2.2;2.3;;;2.2;2.3;;
4538;Totaal mannen en vrouwen;0;2;0;Vier jaar na afstuderen;N Gezondheids- en welzijnszorg;Cohort 2002/'03;1.7;2.5;1.7;2.4;1.7;2.4;2.3;2.8;2.7;2.9;;;2.7;2.9;;
4539;Totaal mannen en vrouwen;0;2;0;Vier jaar na afstuderen;N Gezondheids- en welzijnszorg;Cohort 2003/'04;1.9;2.6;1.9;2.6;1.9;2.6;1.6;;2.3;2.9;;;2.3;2.9;;
4540;Totaal mannen en vrouwen;0;2;0;Vier jaar na afstuderen;9000e Milieu, cultuur, recreatie en ..;Cohort 1999/'00;2.0;2.3;1.9;2.3;1.9;2.3;0.5;;3.2;4.5;;;3.2;4.5;;
4541;Totaal mannen en vrouwen;0;2;0;Vier jaar na afstuderen;9000e Milieu, cultuur, recreatie en ..;Cohort 2000/'01;2.1;2.5;2.1;2.5;2.1;2.5;;;2.7;3.3;;;2.7;3.3;;
4542;Totaal mannen en vrouwen;0;2;0;Vier jaar na afstuderen;9000e Milieu, cultuur, recreatie en ..;Cohort 2001/'02;2.0;2.6;2.0;2.5;2.0;2.5;1.7;;2.7;3.3;;;2.7;3.3;;
4543;Totaal mannen en vrouwen;0;2;0;Vier jaar na afstuderen;9000e Milieu, cultuur, recreatie en ..;Cohort 2002/'03;2.1;2.8;2.1;2.6;2.1;2.6;2.6;2.6;3.7;6.0;;;3.7;6.0;;
4544;Totaal mannen en vrouwen;0;2;0;Vier jaar na afstuderen;9000e Milieu, cultuur, recreatie en ..;Cohort 2003/'04;2.2;2.8;2.1;2.7;2.1;2.7;2.7;2.7;2.9;3.0;;;2.9;3.0;;
4545;Totaal mannen en vrouwen;0;2;0;Vier jaar na afstuderen;Onbekend;Cohort 1999/'00;;;;;;;;;;;;;;;;
4546;Totaal mannen en vrouwen;0;2;0;Vier jaar na afstuderen;Onbekend;Cohort 2000/'01;3.6;3.6;3.6;3.6;3.6;3.6;;;;;;;;;;
4547;Totaal mannen en vrouwen;0;2;0;Vier jaar na afstuderen;Onbekend;Cohort 2001/'02;2.3;2.7;2.3;2.7;2.3;2.7;;;;;;;;;;
4548;Totaal mannen en vrouwen;0;2;0;Vier jaar na afstuderen;Onbekend;Cohort 2002/'03;0.4;;0.3;;0.3;;;;0.4;;;;0.4;;;
4549;Totaal mannen en vrouwen;0;2;0;Vier jaar na afstuderen;Onbekend;Cohort 2003/'04;1.7;;1.7;;1.7;;;;;;;;;;;
4550;Totaal mannen en vrouwen;0;2;0;Vijf jaar na afstuderen;0;Cohort 1999/'00;2.3;2.7;2.3;2.6;2.3;2.6;2.3;2.7;2.6;3.2;;;2.6;3.2;;
4551;Totaal mannen en vrouwen;0;2;0;Vijf jaar na afstuderen;0;Cohort 2000/'01;2.3;2.7;2.3;2.7;2.3;2.7;2.4;2.7;2.5;3.1;;;2.5;3.1;;
4552;Totaal mannen en vrouwen;0;2;0;Vijf jaar na afstuderen;0;Cohort 2001/'02;2.4;2.8;2.4;2.7;2.4;2.7;2.4;2.7;2.6;3.3;;;2.6;3.3;;
4553;Totaal mannen en vrouwen;0;2;0;Vijf jaar na afstuderen;0;Cohort 2002/'03;2.5;2.8;2.4;2.8;2.4;2.8;2.6;2.8;2.6;3.4;;;2.6;3.4;;
4554;Totaal mannen en vrouwen;0;2;0;Vijf jaar na afstuderen;0;Cohort 2003/'04;;;;;;;;;;;;;;;;
4555;Totaal mannen en vrouwen;0;2;0;Vijf jaar na afstuderen;1;Cohort 1999/'00;2.6;2.6;2.6;2.6;2.6;2.6;;;;;;;;;;
4556;Totaal mannen en vrouwen;0;2;0;Vijf jaar na afstuderen;1;Cohort 2000/'01;2.5;3.0;2.5;3.0;2.5;3.0;;;;;;;;;;
4557;Totaal mannen en vrouwen;0;2;0;Vijf jaar na afstuderen;1;Cohort 2001/'02;2.9;2.9;2.9;2.9;2.9;2.9;;;;;;;;;;
4558;Totaal mannen en vrouwen;0;2;0;Vijf jaar na afstuderen;1;Cohort 2002/'03;1.9;;1.5;;1.5;;;;2.7;;;;2.7;;;
4559;Totaal mannen en vrouwen;0;2;0;Vijf jaar na afstuderen;1;Cohort 2003/'04;;;;;;;;;;;;;;;;
4560;Totaal mannen en vrouwen;0;2;0;Vijf jaar na afstuderen;2;Cohort 1999/'00;2.5;2.6;2.5;2.6;2.5;2.6;;;2.7;2.7;;;2.7;2.7;;
4561;Totaal mannen en vrouwen;0;2;0;Vijf jaar na afstuderen;2;Cohort 2000/'01;2.6;2.8;2.6;2.8;2.6;2.8;;;3.5;3.5;;;3.5;3.5;;
4562;Totaal mannen en vrouwen;0;2;0;Vijf jaar na afstuderen;2;Cohort 2001/'02;2.8;3.0;2.7;2.9;2.7;2.9;;;4.3;4.3;;;4.3;4.3;;
4563;Totaal mannen en vrouwen;0;2;0;Vijf jaar na afstuderen;2;Cohort 2002/'03;2.7;2.9;2.7;2.9;2.7;2.9;;;4.1;4.1;;;4.1;4.1;;
4564;Totaal mannen en vrouwen;0;2;0;Vijf jaar na afstuderen;2;Cohort 2003/'04;;;;;;;;;;;;;;;;
4565;Totaal mannen en vrouwen;0;2;0;Vijf jaar na afstuderen;3;Cohort 1999/'00;2.2;2.4;2.2;2.4;2.2;2.4;1.9;2.6;2.6;2.9;;;2.6;2.9;;
4566;Totaal mannen en vrouwen;0;2;0;Vijf jaar na afstuderen;3;Cohort 2000/'01;2.3;2.7;2.3;2.7;2.3;2.7;2.1;;;;;;;;;
4567;Totaal mannen en vrouwen;0;2;0;Vijf jaar na afstuderen;3;Cohort 2001/'02;2.3;2.8;2.3;2.8;2.3;2.8;1.6;;2.8;2.8;;;2.8;2.8;;
4568;Totaal mannen en vrouwen;0;2;0;Vijf jaar na afstuderen;3;Cohort 2002/'03;2.4;3.0;2.4;3.0;2.4;3.0;1.4;;3.8;3.8;;;3.8;3.8;;
4569;Totaal mannen en vrouwen;0;2;0;Vijf jaar na afstuderen;3;Cohort 2003/'04;;;;;;;;;;;;;;;;
4570;Totaal mannen en vrouwen;0;2;0;Vijf jaar na afstuderen;4;Cohort 1999/'00;1.6;2.1;1.6;2.1;1.6;2.1;1.1;;;;;;;;;
4571;Totaal mannen en vrouwen;0;2;0;Vijf jaar na afstuderen;4;Cohort 2000/'01;2.0;2.6;2.0;2.6;2.0;2.6;;;;;;;;;;
4572;Totaal mannen en vrouwen;0;2;0;Vijf jaar na afstuderen;4;Cohort 2001/'02;1.5;2.2;1.5;2.2;1.5;2.2;;;;;;;;;;
4573;Totaal mannen en vrouwen;0;2;0;Vijf jaar na afstuderen;4;Cohort 2002/'03;1.5;2.3;1.5;2.3;1.5;2.3;;;;;;;;;;
4574;Totaal mannen en vrouwen;0;2;0;Vijf jaar na afstuderen;4;Cohort 2003/'04;;;;;;;;;;;;;;;;
4575;Totaal mannen en vrouwen;0;2;0;Vijf jaar na afstuderen;5;Cohort 1999/'00;2.0;2.4;2.0;2.4;2.0;2.4;2.4;2.4;1.9;1.4;;;1.9;1.4;;
4576;Totaal mannen en vrouwen;0;2;0;Vijf jaar na afstuderen;5;Cohort 2000/'01;2.3;2.5;2.3;2.5;2.3;2.5;;;2.0;;;;2.0;;;
4577;Totaal mannen en vrouwen;0;2;0;Vijf jaar na afstuderen;5;Cohort 2001/'02;2.1;2.5;2.1;2.5;2.1;2.5;;;2.5;2.5;;;2.5;2.5;;
4578;Totaal mannen en vrouwen;0;2;0;Vijf jaar na afstuderen;5;Cohort 2002/'03;2.4;2.7;2.3;2.6;2.3;2.6;;;3.5;3.5;;;3.5;3.5;;
4579;Totaal mannen en vrouwen;0;2;0;Vijf jaar na afstuderen;5;Cohort 2003/'04;;;;;;;;;;;;;;;;
4580;Totaal mannen en vrouwen;0;2;0;Vijf jaar na afstuderen;6;Cohort 1999/'00;3.0;3.2;3.0;3.2;3.0;3.2;2.2;;3.4;3.4;;;3.4;3.4;;
4581;Totaal mannen en vrouwen;0;2;0;Vijf jaar na afstuderen;6;Cohort 2000/'01;3.0;3.4;3.0;3.4;3.0;3.4;;;;;;;;;;
4582;Totaal mannen en vrouwen;0;2;0;Vijf jaar na afstuderen;6;Cohort 2001/'02;2.7;3.2;2.7;3.2;2.7;3.2;;;;;;;;;;
4583;Totaal mannen en vrouwen;0;2;0;Vijf jaar na afstuderen;6;Cohort 2002/'03;2.8;3.0;2.8;3.0;2.8;3.0;;;;;;;;;;
4584;Totaal mannen en vrouwen;0;2;0;Vijf jaar na afstuderen;6;Cohort 2003/'04;;;;;;;;;;;;;;;;
4585;Totaal mannen en vrouwen;0;2;0;Vijf jaar na afstuderen;7;Cohort 1999/'00;2.5;2.7;2.5;2.7;2.5;2.7;;;3.2;3.8;;;3.2;3.8;;
4586;Totaal mannen en vrouwen;0;2;0;Vijf jaar na afstuderen;7;Cohort 2000/'01;2.5;2.9;2.5;2.8;2.5;2.8;1.7;;2.8;3.3;;;2.8;3.3;;
4587;Totaal mannen en vrouwen;0;2;0;Vijf jaar na afstuderen;7;Cohort 2001/'02;2.6;3.0;2.6;3.0;2.6;3.0;;;3.0;3.3;;;3.0;3.3;;
4588;Totaal mannen en vrouwen;0;2;0;Vijf jaar na afstuderen;7;Cohort 2002/'03;2.7;3.1;2.6;3.0;2.6;3.0;3.5;3.1;3.5;4.3;;;3.5;4.3;;
4589;Totaal mannen en vrouwen;0;2;0;Vijf jaar na afstuderen;7;Cohort 2003/'04;;;;;;;;;;;;;;;;
4590;Totaal mannen en vrouwen;0;2;0;Vijf jaar na afstuderen;8;Cohort 1999/'00;1.9;2.5;1.9;2.4;1.9;2.4;;;2.0;4.7;;;2.0;4.7;;
4591;Totaal mannen en vrouwen;0;2;0;Vijf jaar na afstuderen;8;Cohort 2000/'01;2.1;2.9;2.1;2.9;2.1;2.9;;;1.5;;;;1.5;;;
4592;Totaal mannen en vrouwen;0;2;0;Vijf jaar na afstuderen;8;Cohort 2001/'02;2.1;3.0;2.1;3.0;2.1;3.0;;;1.7;;;;1.7;;;
4593;Totaal mannen en vrouwen;0;2;0;Vijf jaar na afstuderen;8;Cohort 2002/'03;2.0;2.9;2.0;2.9;2.0;2.9;;;;;;;;;;
4594;Totaal mannen en vrouwen;0;2;0;Vijf jaar na afstuderen;8;Cohort 2003/'04;;;;;;;;;;;;;;;;
4595;Totaal mannen en vrouwen;0;2;0;Vijf jaar na afstuderen;9;Cohort 1999/'00;2.5;2.7;2.4;2.6;2.4;2.6;2.7;2.7;3.3;3.7;;;3.3;3.7;;
4596;Totaal mannen en vrouwen;0;2;0;Vijf jaar na afstuderen;9;Cohort 2000/'01;2.5;2.9;2.5;2.8;2.5;2.8;2.0;;3.6;4.5;;;3.6;4.5;;
4597;Totaal mannen en vrouwen;0;2;0;Vijf jaar na afstuderen;9;Cohort 2001/'02;2.7;3.0;2.6;2.9;2.6;3.0;2.6;2.7;3.3;5.5;;;3.3;5.5;;
4598;Totaal mannen en vrouwen;0;2;0;Vijf jaar na afstuderen;9;Cohort 2002/'03;2.8;3.0;2.7;2.9;2.7;2.9;2.1;;3.9;3.9;;;3.9;3.9;;
4599;Totaal mannen en vrouwen;0;2;0;Vijf jaar na afstuderen;9;Cohort 2003/'04;;;;;;;;;;;;;;;;
4600;Totaal mannen en vrouwen;0;2;0;Vijf jaar na afstuderen;M Onderwijs;Cohort 1999/'00;2.3;2.7;2.3;2.7;2.3;2.7;2.4;2.7;2.5;3.1;;;2.5;3.1;;
4601;Totaal mannen en vrouwen;0;2;0;Vijf jaar na afstuderen;M Onderwijs;Cohort 2000/'01;2.3;2.7;2.3;2.6;2.3;2.6;2.4;2.7;2.5;3.0;;;2.5;3.0;;
4602;Totaal mannen en vrouwen;0;2;0;Vijf jaar na afstuderen;M Onderwijs;Cohort 2001/'02;2.4;2.7;2.4;2.7;2.4;2.7;2.4;2.7;2.5;3.2;;;2.5;3.2;;
4603;Totaal mannen en vrouwen;0;2;0;Vijf jaar na afstuderen;M Onderwijs;Cohort 2002/'03;2.5;2.8;2.5;2.8;2.5;2.8;2.6;2.8;2.6;3.3;;;2.6;3.3;;
4604;Totaal mannen en vrouwen;0;2;0;Vijf jaar na afstuderen;M Onderwijs;Cohort 2003/'04;;;;;;;;;;;;;;;;
4605;Totaal mannen en vrouwen;0;2;0;Vijf jaar na afstuderen;N Gezondheids- en welzijnszorg;Cohort 1999/'00;1.9;2.4;1.9;2.4;1.9;2.4;1.8;;2.0;2.7;;;2.0;2.7;;
4606;Totaal mannen en vrouwen;0;2;0;Vijf jaar na afstuderen;N Gezondheids- en welzijnszorg;Cohort 2000/'01;1.9;2.5;1.9;2.5;1.9;2.5;2.7;2.7;2.4;2.6;;;2.4;2.6;;
4607;Totaal mannen en vrouwen;0;2;0;Vijf jaar na afstuderen;N Gezondheids- en welzijnszorg;Cohort 2001/'02;1.9;2.6;1.9;2.6;1.9;2.6;2.3;2.4;2.1;2.7;;;2.1;2.7;;
4608;Totaal mannen en vrouwen;0;2;0;Vijf jaar na afstuderen;N Gezondheids- en welzijnszorg;Cohort 2002/'03;1.9;2.7;1.9;2.7;1.9;2.7;2.0;2.5;2.4;2.6;;;2.4;2.6;;
4609;Totaal mannen en vrouwen;0;2;0;Vijf jaar na afstuderen;N Gezondheids- en welzijnszorg;Cohort 2003/'04;;;;;;;;;;;;;;;;
4610;Totaal mannen en vrouwen;0;2;0;Vijf jaar na afstuderen;9000e Milieu, cultuur, recreatie en ..;Cohort 1999/'00;2.0;2.5;2.0;2.5;2.0;2.5;0.2;;2.5;2.4;;;2.5;2.4;;
4611;Totaal mannen en vrouwen;0;2;0;Vijf jaar na afstuderen;9000e Milieu, cultuur, recreatie en ..;Cohort 2000/'01;2.2;2.8;2.2;2.7;2.2;2.7;1.7;;2.7;3.7;;;2.7;3.7;;
4612;Totaal mannen en vrouwen;0;2;0;Vijf jaar na afstuderen;9000e Milieu, cultuur, recreatie en ..;Cohort 2001/'02;2.2;2.8;2.2;2.7;2.2;2.7;1.8;;3.0;3.6;;;3.0;3.6;;
4613;Totaal mannen en vrouwen;0;2;0;Vijf jaar na afstuderen;9000e Milieu, cultuur, recreatie en ..;Cohort 2002/'03;2.2;2.9;2.2;2.9;2.2;2.9;1.9;;1.7;;;;1.7;;;
4614;Totaal mannen en vrouwen;0;2;0;Vijf jaar na afstuderen;9000e Milieu, cultuur, recreatie en ..;Cohort 2003/'04;;;;;;;;;;;;;;;;
4615;Totaal mannen en vrouwen;0;2;0;Vijf jaar na afstuderen;Onbekend;Cohort 1999/'00;2.9;2.9;2.9;2.9;2.9;2.9;;;;;;;;;;
4616;Totaal mannen en vrouwen;0;2;0;Vijf jaar na afstuderen;Onbekend;Cohort 2000/'01;4.3;4.3;4.3;4.3;4.3;4.3;;;;;;;;;;
4617;Totaal mannen en vrouwen;0;2;0;Vijf jaar na afstuderen;Onbekend;Cohort 2001/'02;;;;;;;;;;;;;;;;
4618;Totaal mannen en vrouwen;0;2;0;Vijf jaar na afstuderen;Onbekend;Cohort 2002/'03;2.6;2.6;2.6;2.6;2.6;2.6;;;;;;;;;;
4619;Totaal mannen en vrouwen;0;2;0;Vijf jaar na afstuderen;Onbekend;Cohort 2003/'04;;;;;;;;;;;;;;;;
4620;Totaal mannen en vrouwen;0;2;1;Direct na afstuderen;0;Cohort 1999/'00;1.3;;1.3;;1.3;;1.3;;1.4;;;;1.4;;;
4621;Totaal mannen en vrouwen;0;2;1;Direct na afstuderen;0;Cohort 2000/'01;1.4;1.7;1.4;1.7;1.4;1.7;1.4;1.6;1.5;2.1;;;1.5;2.1;;
4622;Totaal mannen en vrouwen;0;2;1;Direct na afstuderen;0;Cohort 2001/'02;1.5;1.8;1.5;1.8;1.5;1.8;1.4;1.8;1.6;2.2;;;1.6;2.2;;
4623;Totaal mannen en vrouwen;0;2;1;Direct na afstuderen;0;Cohort 2002/'03;1.3;1.9;1.3;1.9;1.3;1.9;1.3;1.8;1.3;2.3;;;1.3;2.3;;
4624;Totaal mannen en vrouwen;0;2;1;Direct na afstuderen;0;Cohort 2003/'04;1.5;2.1;1.5;2.1;1.5;2.1;1.6;2.0;1.6;2.3;;;1.6;2.3;;
4625;Totaal mannen en vrouwen;0;2;1;Direct na afstuderen;1;Cohort 1999/'00;0.7;;0.7;;0.6;;1.6;;0.7;;;;0.7;;;
4626;Totaal mannen en vrouwen;0;2;1;Direct na afstuderen;1;Cohort 2000/'01;1.2;2.0;1.2;2.0;1.2;2.0;;;;;;;;;;
4627;Totaal mannen en vrouwen;0;2;1;Direct na afstuderen;1;Cohort 2001/'02;1.2;1.6;1.2;1.6;1.2;1.6;;;;;;;;;;
4628;Totaal mannen en vrouwen;0;2;1;Direct na afstuderen;1;Cohort 2002/'03;1.1;1.4;1.1;1.4;0.9;0.7;2.1;2.1;;;;;;;;
4629;Totaal mannen en vrouwen;0;2;1;Direct na afstuderen;1;Cohort 2003/'04;0.7;0.9;0.7;0.9;0.7;0.9;;;;;;;;;;
4630;Totaal mannen en vrouwen;0;2;1;Direct na afstuderen;2;Cohort 1999/'00;1.4;;1.4;;1.4;;;;2.0;;;;2.0;;;
4631;Totaal mannen en vrouwen;0;2;1;Direct na afstuderen;2;Cohort 2000/'01;1.4;1.7;1.4;1.7;1.4;1.7;;;1.9;1.9;;;1.9;1.9;;
4632;Totaal mannen en vrouwen;0;2;1;Direct na afstuderen;2;Cohort 2001/'02;1.4;1.7;1.3;1.7;1.3;1.7;;;2.1;2.2;;;2.1;2.2;;
4633;Totaal mannen en vrouwen;0;2;1;Direct na afstuderen;2;Cohort 2002/'03;1.1;1.5;1.1;1.5;1.1;1.5;;;2.2;;;;2.2;;;
4634;Totaal mannen en vrouwen;0;2;1;Direct na afstuderen;2;Cohort 2003/'04;1.4;1.8;1.3;1.8;1.3;1.8;;;1.7;1.7;;;1.7;1.7;;
4635;Totaal mannen en vrouwen;0;2;1;Direct na afstuderen;3;Cohort 1999/'00;1.0;;1.0;;1.0;;0.9;;1.1;;;;1.1;;;
4636;Totaal mannen en vrouwen;0;2;1;Direct na afstuderen;3;Cohort 2000/'01;1.1;1.7;1.1;1.7;1.1;1.7;1.5;2.5;0.6;;;;0.6;;;
4637;Totaal mannen en vrouwen;0;2;1;Direct na afstuderen;3;Cohort 2001/'02;1.1;1.6;1.1;1.6;1.1;1.7;0.5;0.5;2.0;2.0;;;2.0;2.0;;
4638;Totaal mannen en vrouwen;0;2;1;Direct na afstuderen;3;Cohort 2002/'03;1.0;1.6;1.0;1.6;1.0;1.7;0.8;1.1;;;;;;;;
4639;Totaal mannen en vrouwen;0;2;1;Direct na afstuderen;3;Cohort 2003/'04;0.8;1.6;0.8;1.6;0.8;1.6;0.6;;1.5;2.1;;;1.5;2.1;;
4640;Totaal mannen en vrouwen;0;2;1;Direct na afstuderen;4;Cohort 1999/'00;0.8;;0.8;;0.8;;0.3;;;;;;;;;
4641;Totaal mannen en vrouwen;0;2;1;Direct na afstuderen;4;Cohort 2000/'01;0.8;1.4;0.8;1.4;0.8;1.4;;;0.1;;;;0.1;;;
4642;Totaal mannen en vrouwen;0;2;1;Direct na afstuderen;4;Cohort 2001/'02;1.0;1.5;1.0;1.5;1.0;1.5;;;;;;;;;;
4643;Totaal mannen en vrouwen;0;2;1;Direct na afstuderen;4;Cohort 2002/'03;0.8;1.7;0.8;1.7;0.8;1.7;0.5;;0.7;;;;0.7;;;
4644;Totaal mannen en vrouwen;0;2;1;Direct na afstuderen;4;Cohort 2003/'04;0.8;1.5;0.8;1.5;0.8;1.5;0.6;;1.1;;;;1.1;;;
4645;Totaal mannen en vrouwen;0;2;1;Direct na afstuderen;5;Cohort 1999/'00;1.1;;1.1;;1.1;;;;1.0;;;;1.0;;;
4646;Totaal mannen en vrouwen;0;2;1;Direct na afstuderen;5;Cohort 2000/'01;1.1;1.5;1.1;1.5;1.1;1.5;0.5;;1.7;2.8;;;1.7;2.8;;
4647;Totaal mannen en vrouwen;0;2;1;Direct na afstuderen;5;Cohort 2001/'02;0.9;1.7;0.9;1.7;0.9;1.7;;;0.5;;;;0.5;;;
4648;Totaal mannen en vrouwen;0;2;1;Direct na afstuderen;5;Cohort 2002/'03;0.9;1.3;0.9;1.3;0.9;1.4;0.7;0.7;0.4;;;;0.4;;;
4649;Totaal mannen en vrouwen;0;2;1;Direct na afstuderen;5;Cohort 2003/'04;0.9;2.3;1.0;2.3;1.0;2.3;;;0.6;;;;0.6;;;
4650;Totaal mannen en vrouwen;0;2;1;Direct na afstuderen;6;Cohort 1999/'00;1.7;;1.7;;1.7;;;;3.6;;;;3.6;;;
4651;Totaal mannen en vrouwen;0;2;1;Direct na afstuderen;6;Cohort 2000/'01;1.4;1.7;1.4;1.7;1.4;1.7;;;1.6;1.6;;;1.6;1.6;;
4652;Totaal mannen en vrouwen;0;2;1;Direct na afstuderen;6;Cohort 2001/'02;1.4;1.6;1.4;1.6;1.4;1.6;;;;;;;;;;
4653;Totaal mannen en vrouwen;0;2;1;Direct na afstuderen;6;Cohort 2002/'03;1.7;2.1;1.7;2.1;1.8;2.1;0.9;;;;;;;;;
4654;Totaal mannen en vrouwen;0;2;1;Direct na afstuderen;6;Cohort 2003/'04;1.9;2.2;1.9;2.2;1.9;2.2;;;;;;;;;;
4655;Totaal mannen en vrouwen;0;2;1;Direct na afstuderen;7;Cohort 1999/'00;1.4;;1.4;;1.4;;1.9;;1.6;;;;1.6;;;
4656;Totaal mannen en vrouwen;0;2;1;Direct na afstuderen;7;Cohort 2000/'01;1.3;1.6;1.3;1.6;1.3;1.6;;;1.4;1.2;;;1.4;1.2;;
4657;Totaal mannen en vrouwen;0;2;1;Direct na afstuderen;7;Cohort 2001/'02;1.2;1.8;1.2;1.8;1.2;1.8;0.5;;1.7;1.8;;;1.7;1.8;;
4658;Totaal mannen en vrouwen;0;2;1;Direct na afstuderen;7;Cohort 2002/'03;1.1;1.6;1.1;1.6;1.1;1.6;0.6;;1.6;2.0;;;1.6;2.0;;
4659;Totaal mannen en vrouwen;0;2;1;Direct na afstuderen;7;Cohort 2003/'04;1.2;2.0;1.2;1.8;1.2;1.8;;;3.8;5.3;;;3.8;5.3;;
4660;Totaal mannen en vrouwen;0;2;1;Direct na afstuderen;8;Cohort 1999/'00;1.1;;1.1;;1.1;;0.9;;1.3;;;;1.3;;;
4661;Totaal mannen en vrouwen;0;2;1;Direct na afstuderen;8;Cohort 2000/'01;1.1;1.6;1.1;1.6;1.1;1.6;1.0;;1.3;2.0;;;1.3;2.0;;
4662;Totaal mannen en vrouwen;0;2;1;Direct na afstuderen;8;Cohort 2001/'02;1.1;1.6;1.1;1.6;1.1;1.6;0.8;;1.8;;;;1.8;;;
4663;Totaal mannen en vrouwen;0;2;1;Direct na afstuderen;8;Cohort 2002/'03;1.1;1.7;1.1;1.7;1.1;1.7;;;0.6;;;;0.6;;;
4664;Totaal mannen en vrouwen;0;2;1;Direct na afstuderen;8;Cohort 2003/'04;1.1;1.6;1.1;1.6;1.1;1.6;1.1;1.4;1.2;2.1;;;1.2;2.1;;
4665;Totaal mannen en vrouwen;0;2;1;Direct na afstuderen;9;Cohort 1999/'00;1.3;;1.3;;1.3;;1.8;;2.0;;;;2.0;;;
4666;Totaal mannen en vrouwen;0;2;1;Direct na afstuderen;9;Cohort 2000/'01;1.4;1.7;1.4;1.7;1.3;1.7;1.5;1.8;1.9;2.1;;;1.9;2.1;;
4667;Totaal mannen en vrouwen;0;2;1;Direct na afstuderen;9;Cohort 2001/'02;1.6;2.0;1.6;2.0;1.6;2.0;1.8;2.6;1.3;1.6;;;1.3;1.6;;
4668;Totaal mannen en vrouwen;0;2;1;Direct na afstuderen;9;Cohort 2002/'03;1.5;2.1;1.5;2.1;1.5;2.1;1.3;1.5;1.8;3.1;;;1.8;3.1;;
4669;Totaal mannen en vrouwen;0;2;1;Direct na afstuderen;9;Cohort 2003/'04;1.6;2.2;1.6;2.1;1.6;2.1;2.0;2.2;2.6;3.8;;;2.6;3.8;;
4670;Totaal mannen en vrouwen;0;2;1;Direct na afstuderen;M Onderwijs;Cohort 1999/'00;1.4;;1.4;;1.4;;1.3;;1.4;;;;1.4;;;
4671;Totaal mannen en vrouwen;0;2;1;Direct na afstuderen;M Onderwijs;Cohort 2000/'01;1.5;1.7;1.5;1.7;1.5;1.7;1.4;1.6;1.5;2.2;;;1.5;2.2;;
4672;Totaal mannen en vrouwen;0;2;1;Direct na afstuderen;M Onderwijs;Cohort 2001/'02;1.5;1.8;1.5;1.8;1.5;1.8;1.5;1.8;1.6;2.3;;;1.6;2.3;;
4673;Totaal mannen en vrouwen;0;2;1;Direct na afstuderen;M Onderwijs;Cohort 2002/'03;1.3;1.9;1.3;1.9;1.3;1.9;1.3;1.9;1.4;2.2;;;1.4;2.2;;
4674;Totaal mannen en vrouwen;0;2;1;Direct na afstuderen;M Onderwijs;Cohort 2003/'04;1.7;2.1;1.7;2.1;1.7;2.1;1.6;2.1;1.6;2.3;;;1.6;2.3;;
4675;Totaal mannen en vrouwen;0;2;1;Direct na afstuderen;N Gezondheids- en welzijnszorg;Cohort 1999/'00;1.0;;1.0;;1.0;;0.6;;;;;;;;;
4676;Totaal mannen en vrouwen;0;2;1;Direct na afstuderen;N Gezondheids- en welzijnszorg;Cohort 2000/'01;1.1;1.9;1.1;1.9;1.1;1.9;;;1.6;2.0;;;1.6;2.0;;
4677;Totaal mannen en vrouwen;0;2;1;Direct na afstuderen;N Gezondheids- en welzijnszorg;Cohort 2001/'02;1.3;1.8;1.3;1.8;1.2;1.8;2.4;2.4;1.4;1.6;;;1.4;1.6;;
4678;Totaal mannen en vrouwen;0;2;1;Direct na afstuderen;N Gezondheids- en welzijnszorg;Cohort 2002/'03;1.2;1.9;1.2;1.9;1.2;1.9;0.6;;0.7;;;;0.7;;;
4679;Totaal mannen en vrouwen;0;2;1;Direct na afstuderen;N Gezondheids- en welzijnszorg;Cohort 2003/'04;1.2;2.0;1.2;2.0;1.2;2.0;1.1;;;;;;;;;
4680;Totaal mannen en vrouwen;0;2;1;Direct na afstuderen;9000e Milieu, cultuur, recreatie en ..;Cohort 1999/'00;1.1;;1.0;;1.0;;0.5;;1.6;;;;1.6;;;
4681;Totaal mannen en vrouwen;0;2;1;Direct na afstuderen;9000e Milieu, cultuur, recreatie en ..;Cohort 2000/'01;1.1;1.6;1.1;1.6;1.1;1.6;1.3;;1.0;;;;1.0;;;
4682;Totaal mannen en vrouwen;0;2;1;Direct na afstuderen;9000e Milieu, cultuur, recreatie en ..;Cohort 2001/'02;1.4;1.9;1.4;1.9;1.4;1.9;1.5;;1.5;2.2;;;1.5;2.2;;
4683;Totaal mannen en vrouwen;0;2;1;Direct na afstuderen;9000e Milieu, cultuur, recreatie en ..;Cohort 2002/'03;1.1;1.7;1.1;1.6;1.1;1.6;;;2.6;3.2;;;2.6;3.2;;
4684;Totaal mannen en vrouwen;0;2;1;Direct na afstuderen;9000e Milieu, cultuur, recreatie en ..;Cohort 2003/'04;1.1;1.8;1.1;1.8;1.1;1.8;1.2;1.2;1.6;2.1;;;1.6;2.1;;
4685;Totaal mannen en vrouwen;0;2;1;Direct na afstuderen;Onbekend;Cohort 1999/'00;;;;;;;;;;;;;;;;
4686;Totaal mannen en vrouwen;0;2;1;Direct na afstuderen;Onbekend;Cohort 2000/'01;;;;;;;;;;;;;;;;
4687;Totaal mannen en vrouwen;0;2;1;Direct na afstuderen;Onbekend;Cohort 2001/'02;1.3;1.3;1.3;1.3;1.3;1.3;;;;;;;;;;
4688;Totaal mannen en vrouwen;0;2;1;Direct na afstuderen;Onbekend;Cohort 2002/'03;0.9;2.1;0.9;2.1;0.9;2.1;;;;;;;;;;
4689;Totaal mannen en vrouwen;0;2;1;Direct na afstuderen;Onbekend;Cohort 2003/'04;1.2;2.0;1.2;2.0;1.2;2.0;;;;;;;;;;
4690;Totaal mannen en vrouwen;0;2;1;Één jaar na afstuderen;0;Cohort 1999/'00;1.9;2.0;1.9;2.0;1.9;2.0;1.9;2.1;1.8;2.2;;;1.8;2.2;;
4691;Totaal mannen en vrouwen;0;2;1;Één jaar na afstuderen;0;Cohort 2000/'01;2.0;2.1;2.0;2.1;2.0;2.1;2.1;2.2;1.9;2.3;;;1.9;2.3;;
4692;Totaal mannen en vrouwen;0;2;1;Één jaar na afstuderen;0;Cohort 2001/'02;2.0;2.2;2.0;2.2;2.0;2.2;2.1;2.3;1.9;2.5;;;1.9;2.5;;
4693;Totaal mannen en vrouwen;0;2;1;Één jaar na afstuderen;0;Cohort 2002/'03;2.0;2.3;2.0;2.3;2.0;2.3;2.1;2.3;1.8;2.3;;;1.8;2.3;;
4694;Totaal mannen en vrouwen;0;2;1;Één jaar na afstuderen;0;Cohort 2003/'04;2.0;2.3;2.0;2.3;2.0;2.3;2.0;2.3;2.1;2.7;;;2.1;2.7;;
4695;Totaal mannen en vrouwen;0;2;1;Één jaar na afstuderen;1;Cohort 1999/'00;1.6;1.6;1.5;1.6;1.5;1.6;;;1.9;;;;1.9;;;
4696;Totaal mannen en vrouwen;0;2;1;Één jaar na afstuderen;1;Cohort 2000/'01;1.8;2.3;1.8;2.3;1.8;2.3;;;;;;;;;;
4697;Totaal mannen en vrouwen;0;2;1;Één jaar na afstuderen;1;Cohort 2001/'02;1.9;1.8;1.9;1.8;1.9;1.8;;;;;;;;;;
4698;Totaal mannen en vrouwen;0;2;1;Één jaar na afstuderen;1;Cohort 2002/'03;1.0;1.9;1.0;1.9;0.7;;1.9;1.9;;;;;;;;
4699;Totaal mannen en vrouwen;0;2;1;Één jaar na afstuderen;1;Cohort 2003/'04;1.4;1.9;1.4;1.9;1.4;1.9;;;;;;;;;;
4700;Totaal mannen en vrouwen;0;2;1;Één jaar na afstuderen;2;Cohort 1999/'00;1.9;2.0;1.9;2.0;1.9;2.0;0.3;;1.9;1.9;;;1.9;1.9;;
4701;Totaal mannen en vrouwen;0;2;1;Één jaar na afstuderen;2;Cohort 2000/'01;1.8;1.9;1.8;1.9;1.8;1.9;;;2.3;2.3;;;2.3;2.3;;
4702;Totaal mannen en vrouwen;0;2;1;Één jaar na afstuderen;2;Cohort 2001/'02;2.0;2.2;2.0;2.2;2.0;2.2;;;2.3;2.4;;;2.3;2.4;;
4703;Totaal mannen en vrouwen;0;2;1;Één jaar na afstuderen;2;Cohort 2002/'03;2.1;2.2;2.1;2.2;2.1;2.2;;;2.7;2.7;;;2.7;2.7;;
4704;Totaal mannen en vrouwen;0;2;1;Één jaar na afstuderen;2;Cohort 2003/'04;2.1;2.1;2.0;2.1;2.0;2.1;;;2.3;2.4;;;2.3;2.4;;
4705;Totaal mannen en vrouwen;0;2;1;Één jaar na afstuderen;3;Cohort 1999/'00;1.7;1.9;1.7;1.9;1.7;1.9;1.3;1.5;1.9;2.2;;;1.9;2.2;;
4706;Totaal mannen en vrouwen;0;2;1;Één jaar na afstuderen;3;Cohort 2000/'01;1.7;1.9;1.7;1.9;1.7;1.9;;;2.2;2.2;;;2.2;2.2;;
4707;Totaal mannen en vrouwen;0;2;1;Één jaar na afstuderen;3;Cohort 2001/'02;1.5;1.9;1.5;1.8;1.5;1.9;1.0;1.3;2.2;2.9;;;2.2;2.9;;
4708;Totaal mannen en vrouwen;0;2;1;Één jaar na afstuderen;3;Cohort 2002/'03;1.5;1.9;1.5;2.0;1.5;2.0;;;1.6;1.6;;;1.6;1.6;;
4709;Totaal mannen en vrouwen;0;2;1;Één jaar na afstuderen;3;Cohort 2003/'04;1.3;1.9;1.2;1.8;1.2;1.8;1.2;1.3;2.2;2.5;;;2.2;2.5;;
4710;Totaal mannen en vrouwen;0;2;1;Één jaar na afstuderen;4;Cohort 1999/'00;1.1;1.6;1.1;1.6;1.1;1.6;;;;;;;;;;
4711;Totaal mannen en vrouwen;0;2;1;Één jaar na afstuderen;4;Cohort 2000/'01;1.4;1.7;1.4;1.7;1.4;1.7;;;;;;;;;;
4712;Totaal mannen en vrouwen;0;2;1;Één jaar na afstuderen;4;Cohort 2001/'02;1.3;1.7;1.3;1.7;1.3;1.7;;;;;;;;;;
4713;Totaal mannen en vrouwen;0;2;1;Één jaar na afstuderen;4;Cohort 2002/'03;1.2;2.0;1.2;2.0;1.2;2.0;;;1.1;;;;1.1;;;
4714;Totaal mannen en vrouwen;0;2;1;Één jaar na afstuderen;4;Cohort 2003/'04;1.1;1.6;1.1;1.6;1.1;1.6;;;1.2;;;;1.2;;;
4715;Totaal mannen en vrouwen;0;2;1;Één jaar na afstuderen;5;Cohort 1999/'00;1.5;1.9;1.6;1.9;1.6;1.9;0.9;;1.3;0.6;;;1.3;0.6;;
4716;Totaal mannen en vrouwen;0;2;1;Één jaar na afstuderen;5;Cohort 2000/'01;1.7;2.0;1.7;2.0;1.7;2.0;;;2.3;2.3;;;2.3;2.3;;
4717;Totaal mannen en vrouwen;0;2;1;Één jaar na afstuderen;5;Cohort 2001/'02;1.5;2.0;1.6;2.0;1.6;2.0;;;0.8;1.7;;;0.8;1.7;;
4718;Totaal mannen en vrouwen;0;2;1;Één jaar na afstuderen;5;Cohort 2002/'03;1.3;1.7;1.3;1.7;1.3;1.7;;;;;;;;;;
4719;Totaal mannen en vrouwen;0;2;1;Één jaar na afstuderen;5;Cohort 2003/'04;1.3;2.0;1.3;2.0;1.3;2.0;;;1.0;;;;1.0;;;
4720;Totaal mannen en vrouwen;0;2;1;Één jaar na afstuderen;6;Cohort 1999/'00;2.0;2.0;2.0;2.0;2.0;2.0;;;2.2;2.2;;;2.2;2.2;;
4721;Totaal mannen en vrouwen;0;2;1;Één jaar na afstuderen;6;Cohort 2000/'01;2.0;2.1;2.0;2.1;2.0;2.1;;;1.9;1.9;;;1.9;1.9;;
4722;Totaal mannen en vrouwen;0;2;1;Één jaar na afstuderen;6;Cohort 2001/'02;2.2;2.2;2.2;2.2;2.2;2.2;;;;;;;;;;
4723;Totaal mannen en vrouwen;0;2;1;Één jaar na afstuderen;6;Cohort 2002/'03;2.3;2.8;2.4;2.8;2.4;2.8;;;1.9;;;;1.9;;;
4724;Totaal mannen en vrouwen;0;2;1;Één jaar na afstuderen;6;Cohort 2003/'04;2.0;2.3;2.0;2.3;2.1;2.3;0.1;;1.9;2.5;;;1.9;2.5;;
4725;Totaal mannen en vrouwen;0;2;1;Één jaar na afstuderen;7;Cohort 1999/'00;1.8;1.9;1.8;1.9;1.8;1.9;2.0;2.0;2.1;2.2;;;2.1;2.2;;
4726;Totaal mannen en vrouwen;0;2;1;Één jaar na afstuderen;7;Cohort 2000/'01;1.8;1.9;1.8;1.9;1.8;1.9;;;1.9;2.1;;;1.9;2.1;;
4727;Totaal mannen en vrouwen;0;2;1;Één jaar na afstuderen;7;Cohort 2001/'02;1.7;2.0;1.7;1.9;1.7;1.9;;;3.0;3.0;;;3.0;3.0;;
4728;Totaal mannen en vrouwen;0;2;1;Één jaar na afstuderen;7;Cohort 2002/'03;1.7;2.0;1.7;2.0;1.7;2.0;;;1.8;2.2;;;1.8;2.2;;
4729;Totaal mannen en vrouwen;0;2;1;Één jaar na afstuderen;7;Cohort 2003/'04;1.7;2.1;1.6;2.0;1.6;2.0;;;2.5;2.8;;;2.5;2.8;;
4730;Totaal mannen en vrouwen;0;2;1;Één jaar na afstuderen;8;Cohort 1999/'00;1.5;1.8;1.5;1.8;1.5;1.8;1.4;1.7;1.4;;;;1.4;;;
4731;Totaal mannen en vrouwen;0;2;1;Één jaar na afstuderen;8;Cohort 2000/'01;1.6;1.9;1.6;1.9;1.6;1.9;;;1.3;;;;1.3;;;
4732;Totaal mannen en vrouwen;0;2;1;Één jaar na afstuderen;8;Cohort 2001/'02;1.5;1.8;1.5;1.8;1.5;1.8;;;1.7;1.7;;;1.7;1.7;;
4733;Totaal mannen en vrouwen;0;2;1;Één jaar na afstuderen;8;Cohort 2002/'03;1.4;2.0;1.4;2.0;1.4;2.0;2.8;2.8;1.4;;;;1.4;;;
4734;Totaal mannen en vrouwen;0;2;1;Één jaar na afstuderen;8;Cohort 2003/'04;1.5;2.1;1.4;2.1;1.4;2.1;2.0;;2.0;2.8;;;2.0;2.8;;
4735;Totaal mannen en vrouwen;0;2;1;Één jaar na afstuderen;9;Cohort 1999/'00;1.8;2.0;1.8;2.0;1.8;2.0;1.8;2.4;2.0;2.6;;;2.0;2.6;;
4736;Totaal mannen en vrouwen;0;2;1;Één jaar na afstuderen;9;Cohort 2000/'01;2.0;2.2;2.0;2.2;2.0;2.2;1.8;1.7;2.0;2.0;;;2.0;2.0;;
4737;Totaal mannen en vrouwen;0;2;1;Één jaar na afstuderen;9;Cohort 2001/'02;2.0;2.3;2.0;2.3;2.0;2.3;1.9;2.6;2.1;2.5;;;2.1;2.5;;
4738;Totaal mannen en vrouwen;0;2;1;Één jaar na afstuderen;9;Cohort 2002/'03;2.1;2.3;2.1;2.3;2.1;2.4;1.0;1.0;2.3;2.3;;;2.3;2.3;;
4739;Totaal mannen en vrouwen;0;2;1;Één jaar na afstuderen;9;Cohort 2003/'04;1.9;2.3;1.9;2.2;1.9;2.2;2.9;3.6;3.2;3.2;;;3.2;3.2;;
4740;Totaal mannen en vrouwen;0;2;1;Één jaar na afstuderen;M Onderwijs;Cohort 1999/'00;1.9;2.1;1.9;2.1;1.9;2.1;2.0;2.1;1.8;2.3;;;1.8;2.3;;
4741;Totaal mannen en vrouwen;0;2;1;Één jaar na afstuderen;M Onderwijs;Cohort 2000/'01;2.0;2.2;2.0;2.2;2.0;2.2;2.1;2.2;1.9;2.4;;;1.9;2.4;;
4742;Totaal mannen en vrouwen;0;2;1;Één jaar na afstuderen;M Onderwijs;Cohort 2001/'02;2.0;2.3;2.0;2.3;2.0;2.3;2.1;2.3;1.9;2.6;;;1.9;2.6;;
4743;Totaal mannen en vrouwen;0;2;1;Één jaar na afstuderen;M Onderwijs;Cohort 2002/'03;2.1;2.3;2.1;2.3;2.1;2.3;2.1;2.3;1.8;2.3;;;1.8;2.3;;
4744;Totaal mannen en vrouwen;0;2;1;Één jaar na afstuderen;M Onderwijs;Cohort 2003/'04;2.0;2.4;2.0;2.3;2.0;2.3;2.1;2.3;2.1;2.6;;;2.1;2.6;;
4745;Totaal mannen en vrouwen;0;2;1;Één jaar na afstuderen;N Gezondheids- en welzijnszorg;Cohort 1999/'00;1.5;2.0;1.5;2.0;1.5;2.0;1.5;;3.0;3.0;;;3.0;3.0;;
4746;Totaal mannen en vrouwen;0;2;1;Één jaar na afstuderen;N Gezondheids- en welzijnszorg;Cohort 2000/'01;1.5;2.0;1.5;1.9;1.5;1.9;1.6;;2.4;3.4;;;2.4;3.4;;
4747;Totaal mannen en vrouwen;0;2;1;Één jaar na afstuderen;N Gezondheids- en welzijnszorg;Cohort 2001/'02;1.7;2.1;1.7;2.2;1.6;2.1;2.3;3.5;1.6;1.8;;;1.6;1.8;;
4748;Totaal mannen en vrouwen;0;2;1;Één jaar na afstuderen;N Gezondheids- en welzijnszorg;Cohort 2002/'03;1.5;2.1;1.5;2.1;1.5;2.1;1.3;2.1;2.2;2.3;;;2.2;2.3;;
4749;Totaal mannen en vrouwen;0;2;1;Één jaar na afstuderen;N Gezondheids- en welzijnszorg;Cohort 2003/'04;1.6;2.2;1.6;2.3;1.6;2.3;0.8;;1.3;2.2;;;1.3;2.2;;
4750;Totaal mannen en vrouwen;0;2;1;Één jaar na afstuderen;9000e Milieu, cultuur, recreatie en ..;Cohort 1999/'00;1.4;1.8;1.4;1.8;1.4;1.8;0.5;;1.7;1.9;;;1.7;1.9;;
4751;Totaal mannen en vrouwen;0;2;1;Één jaar na afstuderen;9000e Milieu, cultuur, recreatie en ..;Cohort 2000/'01;1.6;1.9;1.6;1.9;1.6;1.9;2.7;2.7;1.7;;;;1.7;;;
4752;Totaal mannen en vrouwen;0;2;1;Één jaar na afstuderen;9000e Milieu, cultuur, recreatie en ..;Cohort 2001/'02;1.7;2.1;1.6;2.1;1.6;2.1;1.7;;2.4;2.3;;;2.4;2.3;;
4753;Totaal mannen en vrouwen;0;2;1;Één jaar na afstuderen;9000e Milieu, cultuur, recreatie en ..;Cohort 2002/'03;1.5;2.0;1.5;2.0;1.5;2.0;;;3.4;3.4;;;3.4;3.4;;
4754;Totaal mannen en vrouwen;0;2;1;Één jaar na afstuderen;9000e Milieu, cultuur, recreatie en ..;Cohort 2003/'04;1.5;1.9;1.5;1.9;1.5;1.9;1.0;;2.0;;;;2.0;;;
4755;Totaal mannen en vrouwen;0;2;1;Één jaar na afstuderen;Onbekend;Cohort 1999/'00;;;;;;;;;;;;;;;;
4756;Totaal mannen en vrouwen;0;2;1;Één jaar na afstuderen;Onbekend;Cohort 2000/'01;2.1;2.6;2.1;2.6;2.1;2.6;;;;;;;;;;
4757;Totaal mannen en vrouwen;0;2;1;Één jaar na afstuderen;Onbekend;Cohort 2001/'02;;;;;;;;;;;;;;;;
4758;Totaal mannen en vrouwen;0;2;1;Één jaar na afstuderen;Onbekend;Cohort 2002/'03;1.9;2.7;1.9;2.7;1.9;2.7;;;;;;;;;;
4759;Totaal mannen en vrouwen;0;2;1;Één jaar na afstuderen;Onbekend;Cohort 2003/'04;1.6;2.3;1.6;2.3;1.6;2.3;;;;;;;;;;
4760;Totaal mannen en vrouwen;0;2;1;Twee jaar na afstuderen;0;Cohort 1999/'00;2.1;2.2;2.1;2.2;2.1;2.2;2.1;2.3;2.1;2.5;;;2.1;2.5;;
4761;Totaal mannen en vrouwen;0;2;1;Twee jaar na afstuderen;0;Cohort 2000/'01;2.1;2.3;2.1;2.3;2.1;2.3;2.2;2.3;2.1;2.6;;;2.1;2.6;;
4762;Totaal mannen en vrouwen;0;2;1;Twee jaar na afstuderen;0;Cohort 2001/'02;2.2;2.4;2.2;2.4;2.2;2.4;2.2;2.3;2.1;2.6;;;2.1;2.6;;
4763;Totaal mannen en vrouwen;0;2;1;Twee jaar na afstuderen;0;Cohort 2002/'03;2.2;2.5;2.2;2.5;2.2;2.5;2.3;2.5;2.2;2.7;;;2.2;2.7;;
4764;Totaal mannen en vrouwen;0;2;1;Twee jaar na afstuderen;0;Cohort 2003/'04;2.2;2.5;2.2;2.5;2.2;2.5;2.3;2.6;2.4;2.9;;;2.4;2.9;;
4765;Totaal mannen en vrouwen;0;2;1;Twee jaar na afstuderen;1;Cohort 1999/'00;1.9;2.5;1.7;2.5;1.7;2.5;;;3.0;;;;3.0;;;
4766;Totaal mannen en vrouwen;0;2;1;Twee jaar na afstuderen;1;Cohort 2000/'01;1.7;2.6;1.7;2.6;1.7;2.6;;;;;;;;;;
4767;Totaal mannen en vrouwen;0;2;1;Twee jaar na afstuderen;1;Cohort 2001/'02;1.5;1.5;1.5;1.5;1.5;1.5;;;;;;;;;;
4768;Totaal mannen en vrouwen;0;2;1;Twee jaar na afstuderen;1;Cohort 2002/'03;1.9;2.0;1.9;2.0;1.9;2.0;;;;;;;;;;
4769;Totaal mannen en vrouwen;0;2;1;Twee jaar na afstuderen;1;Cohort 2003/'04;2.1;2.5;2.1;2.5;2.1;2.5;;;;;;;;;;
4770;Totaal mannen en vrouwen;0;2;1;Twee jaar na afstuderen;2;Cohort 1999/'00;2.1;2.2;2.1;2.2;2.1;2.2;;;2.6;2.6;;;2.6;2.6;;
4771;Totaal mannen en vrouwen;0;2;1;Twee jaar na afstuderen;2;Cohort 2000/'01;2.0;2.1;2.0;2.1;2.0;2.1;;;2.6;2.6;;;2.6;2.6;;
4772;Totaal mannen en vrouwen;0;2;1;Twee jaar na afstuderen;2;Cohort 2001/'02;2.2;2.3;2.1;2.3;2.1;2.3;;;2.7;2.7;;;2.7;2.7;;
4773;Totaal mannen en vrouwen;0;2;1;Twee jaar na afstuderen;2;Cohort 2002/'03;1.9;2.1;1.8;2.1;1.8;2.1;;;2.2;2.5;;;2.2;2.5;;
4774;Totaal mannen en vrouwen;0;2;1;Twee jaar na afstuderen;2;Cohort 2003/'04;2.4;2.5;2.4;2.4;2.4;2.4;;;2.9;3.2;;;2.9;3.2;;
4775;Totaal mannen en vrouwen;0;2;1;Twee jaar na afstuderen;3;Cohort 1999/'00;1.9;2.1;1.9;2.1;1.9;2.1;1.5;2.2;2.1;2.6;;;2.1;2.6;;
4776;Totaal mannen en vrouwen;0;2;1;Twee jaar na afstuderen;3;Cohort 2000/'01;1.9;2.1;1.9;2.1;1.9;2.1;;;2.5;2.5;;;2.5;2.5;;
4777;Totaal mannen en vrouwen;0;2;1;Twee jaar na afstuderen;3;Cohort 2001/'02;1.7;2.0;1.7;2.0;1.7;2.0;1.5;;2.4;2.8;;;2.4;2.8;;
4778;Totaal mannen en vrouwen;0;2;1;Twee jaar na afstuderen;3;Cohort 2002/'03;1.6;2.1;1.7;2.1;1.7;2.1;;;0.9;;;;0.9;;;
4779;Totaal mannen en vrouwen;0;2;1;Twee jaar na afstuderen;3;Cohort 2003/'04;1.7;2.3;1.6;2.3;1.6;2.3;;;3.4;3.4;;;3.4;3.4;;
4780;Totaal mannen en vrouwen;0;2;1;Twee jaar na afstuderen;4;Cohort 1999/'00;1.4;1.9;1.4;1.9;1.4;1.9;;;;;;;;;;
4781;Totaal mannen en vrouwen;0;2;1;Twee jaar na afstuderen;4;Cohort 2000/'01;1.5;1.8;1.5;1.8;1.5;1.8;;;;;;;;;;
4782;Totaal mannen en vrouwen;0;2;1;Twee jaar na afstuderen;4;Cohort 2001/'02;1.6;2.0;1.6;2.0;1.6;2.0;;;;;;;;;;
4783;Totaal mannen en vrouwen;0;2;1;Twee jaar na afstuderen;4;Cohort 2002/'03;1.3;2.1;1.3;2.1;1.3;2.1;;;;;;;;;;
4784;Totaal mannen en vrouwen;0;2;1;Twee jaar na afstuderen;4;Cohort 2003/'04;1.5;2.2;1.5;2.2;1.5;2.2;1.8;;1.6;;;;1.6;;;
4785;Totaal mannen en vrouwen;0;2;1;Twee jaar na afstuderen;5;Cohort 1999/'00;1.9;2.2;1.9;2.2;1.9;2.2;1.2;;1.6;1.2;;;1.6;1.2;;
4786;Totaal mannen en vrouwen;0;2;1;Twee jaar na afstuderen;5;Cohort 2000/'01;1.9;2.2;1.9;2.2;1.9;2.2;;;1.9;;;;1.9;;;
4787;Totaal mannen en vrouwen;0;2;1;Twee jaar na afstuderen;5;Cohort 2001/'02;1.7;2.1;1.8;2.1;1.8;2.1;;;0.8;;;;0.8;;;
4788;Totaal mannen en vrouwen;0;2;1;Twee jaar na afstuderen;5;Cohort 2002/'03;1.4;2.0;1.4;2.0;1.4;2.0;;;2.0;2.0;;;2.0;2.0;;
4789;Totaal mannen en vrouwen;0;2;1;Twee jaar na afstuderen;5;Cohort 2003/'04;1.7;2.1;1.7;2.1;1.8;2.1;1.5;;1.8;2.2;;;1.8;2.2;;
4790;Totaal mannen en vrouwen;0;2;1;Twee jaar na afstuderen;6;Cohort 1999/'00;2.2;2.3;2.2;2.3;2.2;2.3;;;2.4;2.4;;;2.4;2.4;;
4791;Totaal mannen en vrouwen;0;2;1;Twee jaar na afstuderen;6;Cohort 2000/'01;2.2;2.2;2.2;2.2;2.2;2.2;;;;;;;;;;
4792;Totaal mannen en vrouwen;0;2;1;Twee jaar na afstuderen;6;Cohort 2001/'02;2.0;2.1;2.0;2.1;2.0;2.1;;;1.5;;;;1.5;;;
4793;Totaal mannen en vrouwen;0;2;1;Twee jaar na afstuderen;6;Cohort 2002/'03;2.2;2.4;2.3;2.4;2.3;2.4;;;1.6;;;;1.6;;;
4794;Totaal mannen en vrouwen;0;2;1;Twee jaar na afstuderen;6;Cohort 2003/'04;2.6;2.6;2.4;2.5;2.4;2.5;;;3.4;3.4;;;3.4;3.4;;
4795;Totaal mannen en vrouwen;0;2;1;Twee jaar na afstuderen;7;Cohort 1999/'00;2.0;2.1;2.0;2.1;2.0;2.1;1.7;;2.0;2.0;;;2.0;2.0;;
4796;Totaal mannen en vrouwen;0;2;1;Twee jaar na afstuderen;7;Cohort 2000/'01;1.9;2.1;1.9;2.1;1.9;2.1;;;2.0;2.4;;;2.0;2.4;;
4797;Totaal mannen en vrouwen;0;2;1;Twee jaar na afstuderen;7;Cohort 2001/'02;2.0;2.2;2.0;2.2;2.0;2.2;;;2.2;2.4;;;2.2;2.4;;
4798;Totaal mannen en vrouwen;0;2;1;Twee jaar na afstuderen;7;Cohort 2002/'03;1.9;2.2;1.9;2.1;1.9;2.1;;;2.3;2.6;;;2.3;2.6;;
4799;Totaal mannen en vrouwen;0;2;1;Twee jaar na afstuderen;7;Cohort 2003/'04;2.1;2.6;2.0;2.5;2.0;2.5;2.4;2.4;2.9;3.2;;;2.9;3.2;;
4800;Totaal mannen en vrouwen;0;2;1;Twee jaar na afstuderen;8;Cohort 1999/'00;1.7;2.0;1.7;2.0;1.7;2.0;2.2;2.2;1.9;2.2;;;1.9;2.2;;
4801;Totaal mannen en vrouwen;0;2;1;Twee jaar na afstuderen;8;Cohort 2000/'01;1.8;2.2;1.8;2.2;1.8;2.2;;;0.9;;;;0.9;;;
4802;Totaal mannen en vrouwen;0;2;1;Twee jaar na afstuderen;8;Cohort 2001/'02;1.5;2.0;1.5;2.0;1.5;2.0;;;1.3;1.0;;;1.3;1.0;;
4803;Totaal mannen en vrouwen;0;2;1;Twee jaar na afstuderen;8;Cohort 2002/'03;1.6;2.2;1.6;2.2;1.6;2.2;;;;;;;;;;
4804;Totaal mannen en vrouwen;0;2;1;Twee jaar na afstuderen;8;Cohort 2003/'04;1.6;2.1;1.6;2.1;1.6;2.1;1.5;;1.8;1.8;;;1.8;1.8;;
4805;Totaal mannen en vrouwen;0;2;1;Twee jaar na afstuderen;9;Cohort 1999/'00;2.2;2.4;2.1;2.3;2.1;2.3;2.4;2.4;3.1;3.8;;;3.1;3.8;;
4806;Totaal mannen en vrouwen;0;2;1;Twee jaar na afstuderen;9;Cohort 2000/'01;2.0;2.3;2.0;2.3;2.0;2.3;1.7;1.7;2.1;2.5;;;2.1;2.5;;
4807;Totaal mannen en vrouwen;0;2;1;Twee jaar na afstuderen;9;Cohort 2001/'02;2.2;2.4;2.2;2.4;2.2;2.4;1.9;2.3;3.2;3.2;;;3.2;3.2;;
4808;Totaal mannen en vrouwen;0;2;1;Twee jaar na afstuderen;9;Cohort 2002/'03;2.1;2.5;2.1;2.5;2.1;2.5;2.7;2.7;3.1;3.9;;;3.1;3.9;;
4809;Totaal mannen en vrouwen;0;2;1;Twee jaar na afstuderen;9;Cohort 2003/'04;2.5;2.8;2.4;2.7;2.4;2.7;2.8;3.4;3.2;3.9;;;3.2;3.9;;
4810;Totaal mannen en vrouwen;0;2;1;Twee jaar na afstuderen;M Onderwijs;Cohort 1999/'00;2.1;2.3;2.1;2.3;2.1;2.3;2.1;2.3;2.0;2.4;;;2.0;2.4;;
4811;Totaal mannen en vrouwen;0;2;1;Twee jaar na afstuderen;M Onderwijs;Cohort 2000/'01;2.2;2.4;2.2;2.4;2.2;2.4;2.2;2.4;2.1;2.7;;;2.1;2.7;;
4812;Totaal mannen en vrouwen;0;2;1;Twee jaar na afstuderen;M Onderwijs;Cohort 2001/'02;2.2;2.4;2.2;2.4;2.2;2.4;2.2;2.3;2.1;2.6;;;2.1;2.6;;
4813;Totaal mannen en vrouwen;0;2;1;Twee jaar na afstuderen;M Onderwijs;Cohort 2002/'03;2.3;2.5;2.3;2.5;2.3;2.5;2.3;2.5;2.2;2.7;;;2.2;2.7;;
4814;Totaal mannen en vrouwen;0;2;1;Twee jaar na afstuderen;M Onderwijs;Cohort 2003/'04;2.3;2.5;2.3;2.5;2.3;2.5;2.3;2.6;2.3;2.8;;;2.3;2.8;;
4815;Totaal mannen en vrouwen;0;2;1;Twee jaar na afstuderen;N Gezondheids- en welzijnszorg;Cohort 1999/'00;1.7;2.2;1.7;2.1;1.7;2.1;1.6;;2.2;3.6;;;2.2;3.6;;
4816;Totaal mannen en vrouwen;0;2;1;Twee jaar na afstuderen;N Gezondheids- en welzijnszorg;Cohort 2000/'01;1.8;2.3;1.8;2.2;1.8;2.2;1.6;;3.7;3.7;;;3.7;3.7;;
4817;Totaal mannen en vrouwen;0;2;1;Twee jaar na afstuderen;N Gezondheids- en welzijnszorg;Cohort 2001/'02;1.7;2.1;1.7;2.1;1.7;2.1;0.2;;2.1;2.3;;;2.1;2.3;;
4818;Totaal mannen en vrouwen;0;2;1;Twee jaar na afstuderen;N Gezondheids- en welzijnszorg;Cohort 2002/'03;1.6;2.1;1.6;2.1;1.6;2.0;2.2;2.7;2.5;2.6;;;2.5;2.6;;
4819;Totaal mannen en vrouwen;0;2;1;Twee jaar na afstuderen;N Gezondheids- en welzijnszorg;Cohort 2003/'04;1.7;2.6;1.7;2.6;1.7;2.6;;;2.5;;;;2.5;;;
4820;Totaal mannen en vrouwen;0;2;1;Twee jaar na afstuderen;9000e Milieu, cultuur, recreatie en ..;Cohort 1999/'00;1.6;2.0;1.6;2.0;1.6;2.0;;;1.9;1.8;;;1.9;1.8;;
4821;Totaal mannen en vrouwen;0;2;1;Twee jaar na afstuderen;9000e Milieu, cultuur, recreatie en ..;Cohort 2000/'01;1.8;2.2;1.8;2.2;1.8;2.2;0.4;;2.1;;;;2.1;;;
4822;Totaal mannen en vrouwen;0;2;1;Twee jaar na afstuderen;9000e Milieu, cultuur, recreatie en ..;Cohort 2001/'02;1.8;2.2;1.7;2.2;1.7;2.2;1.9;;2.4;2.9;;;2.4;2.9;;
4823;Totaal mannen en vrouwen;0;2;1;Twee jaar na afstuderen;9000e Milieu, cultuur, recreatie en ..;Cohort 2002/'03;1.7;2.2;1.7;2.1;1.7;2.1;;;3.2;3.2;;;3.2;3.2;;
4824;Totaal mannen en vrouwen;0;2;1;Twee jaar na afstuderen;9000e Milieu, cultuur, recreatie en ..;Cohort 2003/'04;1.7;2.4;1.7;2.4;1.7;2.4;1.7;;2.0;2.5;;;2.0;2.5;;
4825;Totaal mannen en vrouwen;0;2;1;Twee jaar na afstuderen;Onbekend;Cohort 1999/'00;1.8;1.8;1.8;1.8;1.8;1.8;;;;;;;;;;
4826;Totaal mannen en vrouwen;0;2;1;Twee jaar na afstuderen;Onbekend;Cohort 2000/'01;4.3;4.3;4.3;4.3;4.3;4.3;;;;;;;;;;
4827;Totaal mannen en vrouwen;0;2;1;Twee jaar na afstuderen;Onbekend;Cohort 2001/'02;1.8;2.3;1.2;1.6;1.2;1.6;;;2.9;2.9;;;2.9;2.9;;
4828;Totaal mannen en vrouwen;0;2;1;Twee jaar na afstuderen;Onbekend;Cohort 2002/'03;;;;;;;;;;;;;;;;
4829;Totaal mannen en vrouwen;0;2;1;Twee jaar na afstuderen;Onbekend;Cohort 2003/'04;2.4;3.0;2.4;3.0;2.4;3.0;;;;;;;;;;
4830;Totaal mannen en vrouwen;0;2;1;Drie jaar na afstuderen;0;Cohort 1999/'00;2.2;2.4;2.2;2.4;2.2;2.4;2.2;2.4;2.2;2.7;;;2.2;2.7;;
4831;Totaal mannen en vrouwen;0;2;1;Drie jaar na afstuderen;0;Cohort 2000/'01;2.2;2.4;2.2;2.4;2.2;2.4;2.3;2.4;2.2;2.8;;;2.2;2.8;;
4832;Totaal mannen en vrouwen;0;2;1;Drie jaar na afstuderen;0;Cohort 2001/'02;2.3;2.5;2.3;2.5;2.3;2.5;2.4;2.6;2.3;2.9;;;2.3;2.9;;
4833;Totaal mannen en vrouwen;0;2;1;Drie jaar na afstuderen;0;Cohort 2002/'03;2.3;2.6;2.3;2.6;2.3;2.6;2.4;2.6;2.4;2.9;;;2.4;2.9;;
4834;Totaal mannen en vrouwen;0;2;1;Drie jaar na afstuderen;0;Cohort 2003/'04;2.4;2.6;2.3;2.6;2.3;2.6;2.4;2.6;2.6;3.2;;;2.6;3.2;;
4835;Totaal mannen en vrouwen;0;2;1;Drie jaar na afstuderen;1;Cohort 1999/'00;2.4;2.9;2.4;2.9;2.4;2.9;;;;;;;;;;
4836;Totaal mannen en vrouwen;0;2;1;Drie jaar na afstuderen;1;Cohort 2000/'01;1.9;2.2;1.9;2.2;1.9;2.2;;;;;;;;;;
4837;Totaal mannen en vrouwen;0;2;1;Drie jaar na afstuderen;1;Cohort 2001/'02;2.1;2.1;2.1;2.1;2.1;2.1;;;;;;;;;;
4838;Totaal mannen en vrouwen;0;2;1;Drie jaar na afstuderen;1;Cohort 2002/'03;1.8;2.2;1.8;2.2;1.8;2.2;;;;;;;;;;
4839;Totaal mannen en vrouwen;0;2;1;Drie jaar na afstuderen;1;Cohort 2003/'04;2.2;3.1;2.2;3.1;2.2;3.1;;;;;;;;;;
4840;Totaal mannen en vrouwen;0;2;1;Drie jaar na afstuderen;2;Cohort 1999/'00;2.3;2.4;2.3;2.4;2.3;2.4;;;2.4;2.6;;;2.4;2.6;;
4841;Totaal mannen en vrouwen;0;2;1;Drie jaar na afstuderen;2;Cohort 2000/'01;2.2;2.3;2.2;2.3;2.2;2.3;;;2.5;2.7;;;2.5;2.7;;
4842;Totaal mannen en vrouwen;0;2;1;Drie jaar na afstuderen;2;Cohort 2001/'02;2.2;2.4;2.2;2.4;2.2;2.4;;;3.3;3.3;;;3.3;3.3;;
4843;Totaal mannen en vrouwen;0;2;1;Drie jaar na afstuderen;2;Cohort 2002/'03;2.4;2.6;2.3;2.5;2.3;2.5;;;3.2;3.2;;;3.2;3.2;;
4844;Totaal mannen en vrouwen;0;2;1;Drie jaar na afstuderen;2;Cohort 2003/'04;2.6;2.7;2.5;2.7;2.5;2.7;;;3.3;3.5;;;3.3;3.5;;
4845;Totaal mannen en vrouwen;0;2;1;Drie jaar na afstuderen;3;Cohort 1999/'00;2.0;2.3;2.0;2.3;2.0;2.3;1.7;2.7;2.8;2.8;;;2.8;2.8;;
4846;Totaal mannen en vrouwen;0;2;1;Drie jaar na afstuderen;3;Cohort 2000/'01;2.0;2.2;2.0;2.2;2.0;2.2;;;;;;;;;;
4847;Totaal mannen en vrouwen;0;2;1;Drie jaar na afstuderen;3;Cohort 2001/'02;1.9;2.2;1.9;2.1;1.9;2.2;1.5;1.5;2.6;2.6;;;2.6;2.6;;
4848;Totaal mannen en vrouwen;0;2;1;Drie jaar na afstuderen;3;Cohort 2002/'03;1.8;2.4;1.8;2.4;1.8;2.4;;;2.3;2.3;;;2.3;2.3;;
4849;Totaal mannen en vrouwen;0;2;1;Drie jaar na afstuderen;3;Cohort 2003/'04;2.1;2.6;2.0;2.5;2.0;2.5;1.6;1.6;3.9;3.9;;;3.9;3.9;;
4850;Totaal mannen en vrouwen;0;2;1;Drie jaar na afstuderen;4;Cohort 1999/'00;1.5;1.9;1.5;1.9;1.5;1.9;;;;;;;;;;
4851;Totaal mannen en vrouwen;0;2;1;Drie jaar na afstuderen;4;Cohort 2000/'01;1.7;2.0;1.7;2.0;1.7;2.0;;;;;;;;;;
4852;Totaal mannen en vrouwen;0;2;1;Drie jaar na afstuderen;4;Cohort 2001/'02;1.4;1.8;1.4;1.8;1.4;1.8;;;1.2;;;;1.2;;;
4853;Totaal mannen en vrouwen;0;2;1;Drie jaar na afstuderen;4;Cohort 2002/'03;1.3;2.1;1.3;2.1;1.3;2.1;;;;;;;;;;
4854;Totaal mannen en vrouwen;0;2;1;Drie jaar na afstuderen;4;Cohort 2003/'04;1.6;2.0;1.6;2.0;1.6;2.0;1.6;;1.2;;;;1.2;;;
4855;Totaal mannen en vrouwen;0;2;1;Drie jaar na afstuderen;5;Cohort 1999/'00;2.0;2.3;2.1;2.3;2.1;2.4;1.7;1.7;1.4;1.4;;;1.4;1.4;;
4856;Totaal mannen en vrouwen;0;2;1;Drie jaar na afstuderen;5;Cohort 2000/'01;1.9;2.2;1.9;2.2;1.9;2.2;;;1.7;;;;1.7;;;
4857;Totaal mannen en vrouwen;0;2;1;Drie jaar na afstuderen;5;Cohort 2001/'02;1.8;2.3;1.8;2.3;1.8;2.3;;;1.1;;;;1.1;;;
4858;Totaal mannen en vrouwen;0;2;1;Drie jaar na afstuderen;5;Cohort 2002/'03;1.4;2.4;1.3;2.4;1.3;2.4;;;2.5;2.5;;;2.5;2.5;;
4859;Totaal mannen en vrouwen;0;2;1;Drie jaar na afstuderen;5;Cohort 2003/'04;1.9;2.1;1.9;2.1;1.9;2.1;;;1.7;;;;1.7;;;
4860;Totaal mannen en vrouwen;0;2;1;Drie jaar na afstuderen;6;Cohort 1999/'00;2.4;2.6;2.4;2.6;2.4;2.6;1.9;;2.5;2.5;;;2.5;2.5;;
4861;Totaal mannen en vrouwen;0;2;1;Drie jaar na afstuderen;6;Cohort 2000/'01;2.3;2.4;2.3;2.4;2.3;2.4;;;;;;;;;;
4862;Totaal mannen en vrouwen;0;2;1;Drie jaar na afstuderen;6;Cohort 2001/'02;2.2;2.3;2.2;2.3;2.2;2.3;;;1.7;;;;1.7;;;
4863;Totaal mannen en vrouwen;0;2;1;Drie jaar na afstuderen;6;Cohort 2002/'03;2.3;2.8;2.4;2.8;2.4;2.8;;;1.7;;;;1.7;;;
4864;Totaal mannen en vrouwen;0;2;1;Drie jaar na afstuderen;6;Cohort 2003/'04;2.5;2.8;2.4;2.7;2.4;2.7;;;3.7;3.6;;;3.7;3.6;;
4865;Totaal mannen en vrouwen;0;2;1;Drie jaar na afstuderen;7;Cohort 1999/'00;2.1;2.2;2.1;2.2;2.1;2.2;;;2.3;2.3;;;2.3;2.3;;
4866;Totaal mannen en vrouwen;0;2;1;Drie jaar na afstuderen;7;Cohort 2000/'01;2.1;2.2;2.1;2.2;2.1;2.2;;;2.4;2.5;;;2.4;2.5;;
4867;Totaal mannen en vrouwen;0;2;1;Drie jaar na afstuderen;7;Cohort 2001/'02;2.0;2.3;2.0;2.3;2.0;2.3;;;2.0;1.8;;;2.0;1.8;;
4868;Totaal mannen en vrouwen;0;2;1;Drie jaar na afstuderen;7;Cohort 2002/'03;2.2;2.5;2.2;2.5;2.2;2.5;;;2.6;3.3;;;2.6;3.3;;
4869;Totaal mannen en vrouwen;0;2;1;Drie jaar na afstuderen;7;Cohort 2003/'04;2.3;2.8;2.1;2.6;2.2;2.6;1.2;;3.0;3.6;;;3.0;3.6;;
4870;Totaal mannen en vrouwen;0;2;1;Drie jaar na afstuderen;8;Cohort 1999/'00;1.9;2.3;1.9;2.2;1.9;2.2;;;2.2;4.9;;;2.2;4.9;;
4871;Totaal mannen en vrouwen;0;2;1;Drie jaar na afstuderen;8;Cohort 2000/'01;1.9;2.3;1.9;2.3;1.9;2.3;;;2.0;2.6;;;2.0;2.6;;
4872;Totaal mannen en vrouwen;0;2;1;Drie jaar na afstuderen;8;Cohort 2001/'02;1.7;2.1;1.7;2.1;1.7;2.1;;;;;;;;;;
4873;Totaal mannen en vrouwen;0;2;1;Drie jaar na afstuderen;8;Cohort 2002/'03;1.6;2.6;1.6;2.6;1.6;2.6;;;1.9;;;;1.9;;;
4874;Totaal mannen en vrouwen;0;2;1;Drie jaar na afstuderen;8;Cohort 2003/'04;1.9;2.7;1.9;2.6;1.9;2.6;1.4;;2.2;3.3;;;2.2;3.3;;
4875;Totaal mannen en vrouwen;0;2;1;Drie jaar na afstuderen;9;Cohort 1999/'00;2.2;2.4;2.2;2.4;2.2;2.4;2.3;2.3;2.8;3.2;;;2.8;3.2;;
4876;Totaal mannen en vrouwen;0;2;1;Drie jaar na afstuderen;9;Cohort 2000/'01;2.2;2.5;2.2;2.4;2.2;2.4;1.9;2.1;2.8;3.4;;;2.8;3.4;;
4877;Totaal mannen en vrouwen;0;2;1;Drie jaar na afstuderen;9;Cohort 2001/'02;2.4;2.6;2.4;2.6;2.4;2.6;2.3;2.5;2.7;3.3;;;2.7;3.3;;
4878;Totaal mannen en vrouwen;0;2;1;Drie jaar na afstuderen;9;Cohort 2002/'03;2.5;2.8;2.5;2.8;2.5;2.8;1.3;;2.7;2.8;;;2.7;2.8;;
4879;Totaal mannen en vrouwen;0;2;1;Drie jaar na afstuderen;9;Cohort 2003/'04;2.4;2.8;2.4;2.8;2.4;2.8;3.0;3.0;2.9;3.4;;;2.9;3.4;;
4880;Totaal mannen en vrouwen;0;2;1;Drie jaar na afstuderen;M Onderwijs;Cohort 1999/'00;2.2;2.4;2.2;2.4;2.2;2.4;2.2;2.4;2.2;2.7;;;2.2;2.7;;
4881;Totaal mannen en vrouwen;0;2;1;Drie jaar na afstuderen;M Onderwijs;Cohort 2000/'01;2.2;2.4;2.2;2.4;2.2;2.4;2.3;2.5;2.2;2.8;;;2.2;2.8;;
4882;Totaal mannen en vrouwen;0;2;1;Drie jaar na afstuderen;M Onderwijs;Cohort 2001/'02;2.3;2.6;2.3;2.6;2.3;2.6;2.4;2.6;2.3;2.9;;;2.3;2.9;;
4883;Totaal mannen en vrouwen;0;2;1;Drie jaar na afstuderen;M Onderwijs;Cohort 2002/'03;2.3;2.6;2.3;2.6;2.3;2.6;2.4;2.6;2.3;2.8;;;2.3;2.8;;
4884;Totaal mannen en vrouwen;0;2;1;Drie jaar na afstuderen;M Onderwijs;Cohort 2003/'04;2.4;2.6;2.4;2.6;2.4;2.6;2.4;2.6;2.6;3.1;;;2.6;3.1;;
4885;Totaal mannen en vrouwen;0;2;1;Drie jaar na afstuderen;N Gezondheids- en welzijnszorg;Cohort 1999/'00;1.8;2.3;1.8;2.2;1.8;2.2;1.5;;2.7;3.9;;;2.7;3.9;;
4886;Totaal mannen en vrouwen;0;2;1;Drie jaar na afstuderen;N Gezondheids- en welzijnszorg;Cohort 2000/'01;1.7;2.3;1.6;2.2;1.6;2.2;2.3;2.3;3.1;3.1;;;3.1;3.1;;
4887;Totaal mannen en vrouwen;0;2;1;Drie jaar na afstuderen;N Gezondheids- en welzijnszorg;Cohort 2001/'02;1.7;2.3;1.7;2.3;1.7;2.3;1.1;;2.3;2.5;;;2.3;2.5;;
4888;Totaal mannen en vrouwen;0;2;1;Drie jaar na afstuderen;N Gezondheids- en welzijnszorg;Cohort 2002/'03;1.7;2.3;1.6;2.3;1.6;2.3;1.2;;2.5;2.6;;;2.5;2.6;;
4889;Totaal mannen en vrouwen;0;2;1;Drie jaar na afstuderen;N Gezondheids- en welzijnszorg;Cohort 2003/'04;1.8;2.5;1.8;2.5;1.8;2.5;1.6;;2.7;2.4;;;2.7;2.4;;
4890;Totaal mannen en vrouwen;0;2;1;Drie jaar na afstuderen;9000e Milieu, cultuur, recreatie en ..;Cohort 1999/'00;1.8;2.1;1.8;2.1;1.8;2.1;0.3;;2.4;2.5;;;2.4;2.5;;
4891;Totaal mannen en vrouwen;0;2;1;Drie jaar na afstuderen;9000e Milieu, cultuur, recreatie en ..;Cohort 2000/'01;1.9;2.2;1.9;2.2;1.9;2.2;;;1.5;;;;1.5;;;
4892;Totaal mannen en vrouwen;0;2;1;Drie jaar na afstuderen;9000e Milieu, cultuur, recreatie en ..;Cohort 2001/'02;2.0;2.3;1.9;2.3;1.9;2.3;2.1;;2.4;2.9;;;2.4;2.9;;
4893;Totaal mannen en vrouwen;0;2;1;Drie jaar na afstuderen;9000e Milieu, cultuur, recreatie en ..;Cohort 2002/'03;1.9;2.5;1.9;2.5;1.9;2.5;2.3;2.7;3.3;4.7;;;3.3;4.7;;
4894;Totaal mannen en vrouwen;0;2;1;Drie jaar na afstuderen;9000e Milieu, cultuur, recreatie en ..;Cohort 2003/'04;2.1;2.6;2.1;2.6;2.1;2.6;2.1;2.3;2.6;2.7;;;2.6;2.7;;
4895;Totaal mannen en vrouwen;0;2;1;Drie jaar na afstuderen;Onbekend;Cohort 1999/'00;;;;;;;;;;;;;;;;
4896;Totaal mannen en vrouwen;0;2;1;Drie jaar na afstuderen;Onbekend;Cohort 2000/'01;2.8;3.2;2.8;3.2;2.8;3.2;;;;;;;;;;
4897;Totaal mannen en vrouwen;0;2;1;Drie jaar na afstuderen;Onbekend;Cohort 2001/'02;1.7;2.2;1.4;1.8;1.4;1.8;;;3.4;3.4;;;3.4;3.4;;
4898;Totaal mannen en vrouwen;0;2;1;Drie jaar na afstuderen;Onbekend;Cohort 2002/'03;2.8;3.9;2.8;3.9;2.8;3.9;;;;;;;;;;
4899;Totaal mannen en vrouwen;0;2;1;Drie jaar na afstuderen;Onbekend;Cohort 2003/'04;0.4;;;;;;;;0.4;;;;0.4;;;
4900;Totaal mannen en vrouwen;0;2;1;Vier jaar na afstuderen;0;Cohort 1999/'00;2.2;2.5;2.2;2.5;2.2;2.5;2.2;2.4;2.4;3.0;;;2.4;3.0;;
4901;Totaal mannen en vrouwen;0;2;1;Vier jaar na afstuderen;0;Cohort 2000/'01;2.3;2.6;2.3;2.6;2.3;2.6;2.4;2.6;2.4;3.1;;;2.4;3.1;;
4902;Totaal mannen en vrouwen;0;2;1;Vier jaar na afstuderen;0;Cohort 2001/'02;2.3;2.6;2.3;2.6;2.3;2.6;2.4;2.6;2.5;3.1;;;2.5;3.1;;
4903;Totaal mannen en vrouwen;0;2;1;Vier jaar na afstuderen;0;Cohort 2002/'03;2.4;2.7;2.4;2.7;2.4;2.7;2.5;2.7;2.5;3.2;;;2.5;3.2;;
4904;Totaal mannen en vrouwen;0;2;1;Vier jaar na afstuderen;0;Cohort 2003/'04;2.5;2.8;2.5;2.8;2.4;2.8;2.5;2.8;2.8;3.3;;;2.8;3.3;;
4905;Totaal mannen en vrouwen;0;2;1;Vier jaar na afstuderen;1;Cohort 1999/'00;2.3;2.7;2.3;2.7;2.3;2.7;;;;;;;;;;
4906;Totaal mannen en vrouwen;0;2;1;Vier jaar na afstuderen;1;Cohort 2000/'01;2.3;2.4;2.3;2.4;2.3;2.4;;;;;;;;;;
4907;Totaal mannen en vrouwen;0;2;1;Vier jaar na afstuderen;1;Cohort 2001/'02;2.6;3.2;2.6;3.2;2.6;3.2;;;;;;;;;;
4908;Totaal mannen en vrouwen;0;2;1;Vier jaar na afstuderen;1;Cohort 2002/'03;1.9;2.5;1.9;2.5;1.9;2.5;;;;;;;;;;
4909;Totaal mannen en vrouwen;0;2;1;Vier jaar na afstuderen;1;Cohort 2003/'04;2.1;3.2;2.1;3.2;2.1;3.2;;;;;;;;;;
4910;Totaal mannen en vrouwen;0;2;1;Vier jaar na afstuderen;2;Cohort 1999/'00;2.4;2.5;2.4;2.5;2.4;2.5;;;2.9;2.6;;;2.9;2.6;;
4911;Totaal mannen en vrouwen;0;2;1;Vier jaar na afstuderen;2;Cohort 2000/'01;2.3;2.5;2.3;2.4;2.3;2.4;;;3.7;3.7;;;3.7;3.7;;
4912;Totaal mannen en vrouwen;0;2;1;Vier jaar na afstuderen;2;Cohort 2001/'02;2.6;2.9;2.5;2.8;2.5;2.8;;;3.6;3.6;;;3.6;3.6;;
4913;Totaal mannen en vrouwen;0;2;1;Vier jaar na afstuderen;2;Cohort 2002/'03;2.5;2.7;2.5;2.7;2.5;2.7;;;3.6;3.6;;;3.6;3.6;;
4914;Totaal mannen en vrouwen;0;2;1;Vier jaar na afstuderen;2;Cohort 2003/'04;3.0;3.1;2.9;3.0;2.9;3.0;;;3.8;3.9;;;3.8;3.9;;
4915;Totaal mannen en vrouwen;0;2;1;Vier jaar na afstuderen;3;Cohort 1999/'00;2.1;2.4;2.1;2.4;2.1;2.4;1.9;2.1;2.9;2.9;;;2.9;2.9;;
4916;Totaal mannen en vrouwen;0;2;1;Vier jaar na afstuderen;3;Cohort 2000/'01;2.0;2.3;2.0;2.3;2.0;2.3;2.1;2.6;;;;;;;;
4917;Totaal mannen en vrouwen;0;2;1;Vier jaar na afstuderen;3;Cohort 2001/'02;2.1;2.5;2.1;2.5;2.1;2.5;1.6;;2.7;2.7;;;2.7;2.7;;
4918;Totaal mannen en vrouwen;0;2;1;Vier jaar na afstuderen;3;Cohort 2002/'03;2.0;2.4;1.9;2.4;1.9;2.4;;;2.7;2.7;;;2.7;2.7;;
4919;Totaal mannen en vrouwen;0;2;1;Vier jaar na afstuderen;3;Cohort 2003/'04;2.3;2.8;2.3;2.7;2.3;2.7;;;5.3;5.3;;;5.3;5.3;;
4920;Totaal mannen en vrouwen;0;2;1;Vier jaar na afstuderen;4;Cohort 1999/'00;1.5;1.9;1.5;1.9;1.5;1.9;;;;;;;;;;
4921;Totaal mannen en vrouwen;0;2;1;Vier jaar na afstuderen;4;Cohort 2000/'01;1.8;2.1;1.8;2.1;1.8;2.1;;;;;;;;;;
4922;Totaal mannen en vrouwen;0;2;1;Vier jaar na afstuderen;4;Cohort 2001/'02;1.7;2.3;1.7;2.3;1.7;2.3;;;;;;;;;;
4923;Totaal mannen en vrouwen;0;2;1;Vier jaar na afstuderen;4;Cohort 2002/'03;1.6;2.4;1.6;2.4;1.6;2.4;;;;;;;;;;
4924;Totaal mannen en vrouwen;0;2;1;Vier jaar na afstuderen;4;Cohort 2003/'04;1.7;2.1;1.7;2.1;1.7;2.1;1.6;;1.0;;;;1.0;;;
4925;Totaal mannen en vrouwen;0;2;1;Vier jaar na afstuderen;5;Cohort 1999/'00;2.2;2.6;2.2;2.7;2.2;2.7;;;1.5;1.0;;;1.5;1.0;;
4926;Totaal mannen en vrouwen;0;2;1;Vier jaar na afstuderen;5;Cohort 2000/'01;2.2;2.5;2.2;2.5;2.2;2.5;;;1.8;;;;1.8;;;
4927;Totaal mannen en vrouwen;0;2;1;Vier jaar na afstuderen;5;Cohort 2001/'02;1.9;2.5;1.9;2.5;1.9;2.5;;;2.1;;;;2.1;;;
4928;Totaal mannen en vrouwen;0;2;1;Vier jaar na afstuderen;5;Cohort 2002/'03;2.3;2.6;2.2;2.5;2.2;2.5;;;3.3;3.3;;;3.3;3.3;;
4929;Totaal mannen en vrouwen;0;2;1;Vier jaar na afstuderen;5;Cohort 2003/'04;1.9;2.3;1.9;2.3;1.9;2.3;;;1.9;;;;1.9;;;
4930;Totaal mannen en vrouwen;0;2;1;Vier jaar na afstuderen;6;Cohort 1999/'00;2.8;2.9;2.8;2.9;2.8;2.9;2.0;;2.9;2.9;;;2.9;2.9;;
4931;Totaal mannen en vrouwen;0;2;1;Vier jaar na afstuderen;6;Cohort 2000/'01;2.7;2.9;2.7;2.9;2.7;2.9;;;;;;;;;;
4932;Totaal mannen en vrouwen;0;2;1;Vier jaar na afstuderen;6;Cohort 2001/'02;2.5;2.8;2.5;2.8;2.5;2.8;;;;;;;;;;
4933;Totaal mannen en vrouwen;0;2;1;Vier jaar na afstuderen;6;Cohort 2002/'03;2.5;2.7;2.5;2.7;2.5;2.7;;;;;;;;;;
4934;Totaal mannen en vrouwen;0;2;1;Vier jaar na afstuderen;6;Cohort 2003/'04;2.9;3.1;2.8;3.1;2.8;3.1;;;4.0;3.6;;;4.0;3.6;;
4935;Totaal mannen en vrouwen;0;2;1;Vier jaar na afstuderen;7;Cohort 1999/'00;2.3;2.5;2.3;2.4;2.3;2.4;;;3.0;3.1;;;3.0;3.1;;
4936;Totaal mannen en vrouwen;0;2;1;Vier jaar na afstuderen;7;Cohort 2000/'01;2.3;2.5;2.3;2.5;2.3;2.5;;;2.3;3.0;;;2.3;3.0;;
4937;Totaal mannen en vrouwen;0;2;1;Vier jaar na afstuderen;7;Cohort 2001/'02;2.3;2.7;2.3;2.7;2.3;2.7;;;2.6;2.7;;;2.6;2.7;;
4938;Totaal mannen en vrouwen;0;2;1;Vier jaar na afstuderen;7;Cohort 2002/'03;2.5;2.8;2.4;2.8;2.4;2.8;;;3.5;3.8;;;3.5;3.8;;
4939;Totaal mannen en vrouwen;0;2;1;Vier jaar na afstuderen;7;Cohort 2003/'04;2.5;3.0;2.3;2.8;2.3;2.8;1.6;;3.4;3.7;;;3.4;3.7;;
4940;Totaal mannen en vrouwen;0;2;1;Vier jaar na afstuderen;8;Cohort 1999/'00;1.9;2.3;1.9;2.3;1.9;2.3;;;2.2;5.1;;;2.2;5.1;;
4941;Totaal mannen en vrouwen;0;2;1;Vier jaar na afstuderen;8;Cohort 2000/'01;1.8;2.7;1.8;2.6;1.8;2.6;;;2.6;4.0;;;2.6;4.0;;
4942;Totaal mannen en vrouwen;0;2;1;Vier jaar na afstuderen;8;Cohort 2001/'02;2.1;2.9;2.1;2.9;2.1;2.9;;;;;;;;;;
4943;Totaal mannen en vrouwen;0;2;1;Vier jaar na afstuderen;8;Cohort 2002/'03;2.0;2.7;2.0;2.7;2.0;2.7;;;2.2;;;;2.2;;;
4944;Totaal mannen en vrouwen;0;2;1;Vier jaar na afstuderen;8;Cohort 2003/'04;2.1;2.8;2.0;2.8;2.0;2.8;2.1;;3.2;3.5;;;3.2;3.5;;
4945;Totaal mannen en vrouwen;0;2;1;Vier jaar na afstuderen;9;Cohort 1999/'00;2.4;2.6;2.3;2.5;2.3;2.5;2.4;2.4;3.0;3.6;;;3.0;3.6;;
4946;Totaal mannen en vrouwen;0;2;1;Vier jaar na afstuderen;9;Cohort 2000/'01;2.3;2.6;2.3;2.6;2.3;2.6;1.6;;2.4;3.0;;;2.4;3.0;;
4947;Totaal mannen en vrouwen;0;2;1;Vier jaar na afstuderen;9;Cohort 2001/'02;2.7;3.0;2.6;2.9;2.6;2.9;2.7;2.8;3.6;5.0;;;3.6;5.0;;
4948;Totaal mannen en vrouwen;0;2;1;Vier jaar na afstuderen;9;Cohort 2002/'03;2.4;2.7;2.4;2.7;2.4;2.7;1.4;;3.1;3.1;;;3.1;3.1;;
4949;Totaal mannen en vrouwen;0;2;1;Vier jaar na afstuderen;9;Cohort 2003/'04;2.7;3.1;2.6;3.0;2.6;3.0;3.6;3.6;3.3;3.4;;;3.3;3.4;;
4950;Totaal mannen en vrouwen;0;2;1;Vier jaar na afstuderen;M Onderwijs;Cohort 1999/'00;2.3;2.5;2.2;2.5;2.2;2.5;2.2;2.4;2.3;2.8;;;2.3;2.8;;
4951;Totaal mannen en vrouwen;0;2;1;Vier jaar na afstuderen;M Onderwijs;Cohort 2000/'01;2.3;2.6;2.3;2.6;2.3;2.6;2.4;2.6;2.4;3.0;;;2.4;3.0;;
4952;Totaal mannen en vrouwen;0;2;1;Vier jaar na afstuderen;M Onderwijs;Cohort 2001/'02;2.3;2.6;2.3;2.6;2.3;2.6;2.4;2.6;2.4;3.0;;;2.4;3.0;;
4953;Totaal mannen en vrouwen;0;2;1;Vier jaar na afstuderen;M Onderwijs;Cohort 2002/'03;2.4;2.7;2.4;2.7;2.4;2.7;2.5;2.7;2.4;3.1;;;2.4;3.1;;
4954;Totaal mannen en vrouwen;0;2;1;Vier jaar na afstuderen;M Onderwijs;Cohort 2003/'04;2.5;2.8;2.5;2.8;2.5;2.8;2.5;2.8;2.6;3.2;;;2.6;3.2;;
4955;Totaal mannen en vrouwen;0;2;1;Vier jaar na afstuderen;N Gezondheids- en welzijnszorg;Cohort 1999/'00;1.8;2.3;1.8;2.3;1.8;2.3;1.4;;2.6;3.8;;;2.6;3.8;;
4956;Totaal mannen en vrouwen;0;2;1;Vier jaar na afstuderen;N Gezondheids- en welzijnszorg;Cohort 2000/'01;1.8;2.4;1.7;2.4;1.7;2.4;;;3.8;3.8;;;3.8;3.8;;
4957;Totaal mannen en vrouwen;0;2;1;Vier jaar na afstuderen;N Gezondheids- en welzijnszorg;Cohort 2001/'02;1.8;2.3;1.8;2.3;1.8;2.3;1.7;1.4;2.2;2.3;;;2.2;2.3;;
4958;Totaal mannen en vrouwen;0;2;1;Vier jaar na afstuderen;N Gezondheids- en welzijnszorg;Cohort 2002/'03;1.7;2.4;1.7;2.3;1.7;2.3;2.2;2.8;2.7;3.0;;;2.7;3.0;;
4959;Totaal mannen en vrouwen;0;2;1;Vier jaar na afstuderen;N Gezondheids- en welzijnszorg;Cohort 2003/'04;1.9;2.6;1.9;2.6;1.9;2.6;1.5;;2.3;2.9;;;2.3;2.9;;
4960;Totaal mannen en vrouwen;0;2;1;Vier jaar na afstuderen;9000e Milieu, cultuur, recreatie en ..;Cohort 1999/'00;2.0;2.3;1.9;2.3;2.0;2.3;0.5;;3.2;4.5;;;3.2;4.5;;
4961;Totaal mannen en vrouwen;0;2;1;Vier jaar na afstuderen;9000e Milieu, cultuur, recreatie en ..;Cohort 2000/'01;2.1;2.6;2.1;2.6;2.1;2.6;;;2.5;3.3;;;2.5;3.3;;
4962;Totaal mannen en vrouwen;0;2;1;Vier jaar na afstuderen;9000e Milieu, cultuur, recreatie en ..;Cohort 2001/'02;2.0;2.5;2.0;2.5;2.0;2.5;1.7;;2.7;3.3;;;2.7;3.3;;
4963;Totaal mannen en vrouwen;0;2;1;Vier jaar na afstuderen;9000e Milieu, cultuur, recreatie en ..;Cohort 2002/'03;2.2;2.8;2.1;2.6;2.1;2.6;2.6;2.6;4.8;6.0;;;4.8;6.0;;
4964;Totaal mannen en vrouwen;0;2;1;Vier jaar na afstuderen;9000e Milieu, cultuur, recreatie en ..;Cohort 2003/'04;2.2;2.8;2.1;2.7;2.1;2.7;2.7;2.7;2.8;3.0;;;2.8;3.0;;
4965;Totaal mannen en vrouwen;0;2;1;Vier jaar na afstuderen;Onbekend;Cohort 1999/'00;;;;;;;;;;;;;;;;
4966;Totaal mannen en vrouwen;0;2;1;Vier jaar na afstuderen;Onbekend;Cohort 2000/'01;3.6;3.6;3.6;3.6;3.6;3.6;;;;;;;;;;
4967;Totaal mannen en vrouwen;0;2;1;Vier jaar na afstuderen;Onbekend;Cohort 2001/'02;2.0;2.4;2.0;2.4;2.0;2.4;;;;;;;;;;
4968;Totaal mannen en vrouwen;0;2;1;Vier jaar na afstuderen;Onbekend;Cohort 2002/'03;0.4;;0.3;;0.3;;;;0.4;;;;0.4;;;
4969;Totaal mannen en vrouwen;0;2;1;Vier jaar na afstuderen;Onbekend;Cohort 2003/'04;1.7;;1.7;;1.7;;;;;;;;;;;
4970;Totaal mannen en vrouwen;0;2;1;Vijf jaar na afstuderen;0;Cohort 1999/'00;2.3;2.7;2.3;2.6;2.3;2.6;2.3;2.7;2.6;3.2;;;2.6;3.2;;
4971;Totaal mannen en vrouwen;0;2;1;Vijf jaar na afstuderen;0;Cohort 2000/'01;2.3;2.7;2.3;2.7;2.3;2.7;2.4;2.7;2.5;3.2;;;2.5;3.2;;
4972;Totaal mannen en vrouwen;0;2;1;Vijf jaar na afstuderen;0;Cohort 2001/'02;2.4;2.8;2.4;2.7;2.4;2.7;2.4;2.7;2.6;3.3;;;2.6;3.3;;
4973;Totaal mannen en vrouwen;0;2;1;Vijf jaar na afstuderen;0;Cohort 2002/'03;2.5;2.8;2.4;2.8;2.4;2.8;2.6;2.8;2.6;3.4;;;2.6;3.4;;
4974;Totaal mannen en vrouwen;0;2;1;Vijf jaar na afstuderen;0;Cohort 2003/'04;;;;;;;;;;;;;;;;
4975;Totaal mannen en vrouwen;0;2;1;Vijf jaar na afstuderen;1;Cohort 1999/'00;2.6;2.6;2.6;2.6;2.6;2.6;;;;;;;;;;
4976;Totaal mannen en vrouwen;0;2;1;Vijf jaar na afstuderen;1;Cohort 2000/'01;2.5;3.0;2.5;3.0;2.5;3.0;;;;;;;;;;
4977;Totaal mannen en vrouwen;0;2;1;Vijf jaar na afstuderen;1;Cohort 2001/'02;2.9;2.9;2.9;2.9;2.9;2.9;;;;;;;;;;
4978;Totaal mannen en vrouwen;0;2;1;Vijf jaar na afstuderen;1;Cohort 2002/'03;1.9;;1.5;;1.5;;;;2.7;;;;2.7;;;
4979;Totaal mannen en vrouwen;0;2;1;Vijf jaar na afstuderen;1;Cohort 2003/'04;;;;;;;;;;;;;;;;
4980;Totaal mannen en vrouwen;0;2;1;Vijf jaar na afstuderen;2;Cohort 1999/'00;2.5;2.6;2.5;2.6;2.5;2.6;;;2.7;2.7;;;2.7;2.7;;
4981;Totaal mannen en vrouwen;0;2;1;Vijf jaar na afstuderen;2;Cohort 2000/'01;2.6;2.8;2.5;2.7;2.5;2.7;;;3.5;3.5;;;3.5;3.5;;
4982;Totaal mannen en vrouwen;0;2;1;Vijf jaar na afstuderen;2;Cohort 2001/'02;2.8;3.1;2.7;2.9;2.7;2.9;;;4.3;4.3;;;4.3;4.3;;
4983;Totaal mannen en vrouwen;0;2;1;Vijf jaar na afstuderen;2;Cohort 2002/'03;2.7;2.9;2.6;2.9;2.6;2.9;;;4.1;4.1;;;4.1;4.1;;
4984;Totaal mannen en vrouwen;0;2;1;Vijf jaar na afstuderen;2;Cohort 2003/'04;;;;;;;;;;;;;;;;
4985;Totaal mannen en vrouwen;0;2;1;Vijf jaar na afstuderen;3;Cohort 1999/'00;2.2;2.4;2.2;2.4;2.2;2.4;1.9;2.6;3.0;2.9;;;3.0;2.9;;
4986;Totaal mannen en vrouwen;0;2;1;Vijf jaar na afstuderen;3;Cohort 2000/'01;2.3;2.7;2.3;2.7;2.3;2.7;1.7;;;;;;;;;
4987;Totaal mannen en vrouwen;0;2;1;Vijf jaar na afstuderen;3;Cohort 2001/'02;2.3;2.8;2.3;2.8;2.3;2.8;1.6;;;;;;;;;
4988;Totaal mannen en vrouwen;0;2;1;Vijf jaar na afstuderen;3;Cohort 2002/'03;2.4;3.1;2.4;3.0;2.4;3.0;1.4;;3.8;3.8;;;3.8;3.8;;
4989;Totaal mannen en vrouwen;0;2;1;Vijf jaar na afstuderen;3;Cohort 2003/'04;;;;;;;;;;;;;;;;
4990;Totaal mannen en vrouwen;0;2;1;Vijf jaar na afstuderen;4;Cohort 1999/'00;1.6;2.1;1.6;2.1;1.6;2.1;1.1;;;;;;;;;
4991;Totaal mannen en vrouwen;0;2;1;Vijf jaar na afstuderen;4;Cohort 2000/'01;1.9;2.5;1.9;2.5;1.9;2.5;;;;;;;;;;
4992;Totaal mannen en vrouwen;0;2;1;Vijf jaar na afstuderen;4;Cohort 2001/'02;1.4;2.2;1.4;2.2;1.4;2.2;;;;;;;;;;
4993;Totaal mannen en vrouwen;0;2;1;Vijf jaar na afstuderen;4;Cohort 2002/'03;1.5;2.4;1.5;2.4;1.5;2.4;;;;;;;;;;
4994;Totaal mannen en vrouwen;0;2;1;Vijf jaar na afstuderen;4;Cohort 2003/'04;;;;;;;;;;;;;;;;
4995;Totaal mannen en vrouwen;0;2;1;Vijf jaar na afstuderen;5;Cohort 1999/'00;2.0;2.4;2.0;2.4;2.0;2.4;2.4;2.4;1.9;1.4;;;1.9;1.4;;
4996;Totaal mannen en vrouwen;0;2;1;Vijf jaar na afstuderen;5;Cohort 2000/'01;2.2;2.5;2.2;2.5;2.2;2.5;;;2.0;;;;2.0;;;
4997;Totaal mannen en vrouwen;0;2;1;Vijf jaar na afstuderen;5;Cohort 2001/'02;2.1;2.5;2.1;2.5;2.1;2.5;;;2.5;2.5;;;2.5;2.5;;
4998;Totaal mannen en vrouwen;0;2;1;Vijf jaar na afstuderen;5;Cohort 2002/'03;2.4;2.6;2.3;2.6;2.3;2.6;;;3.5;3.5;;;3.5;3.5;;
4999;Totaal mannen en vrouwen;0;2;1;Vijf jaar na afstuderen;5;Cohort 2003/'04;;;;;;;;;;;;;;;;
5000;Totaal mannen en vrouwen;0;2;1;Vijf jaar na afstuderen;6;Cohort 1999/'00;3.0;3.2;3.0;3.2;3.0;3.2;2.2;;3.4;3.4;;;3.4;3.4;;
5001;Totaal mannen en vrouwen;0;2;1;Vijf jaar na afstuderen;6;Cohort 2000/'01;3.1;3.5;3.1;3.5;3.1;3.5;;;;;;;;;;
5002;Totaal mannen en vrouwen;0;2;1;Vijf jaar na afstuderen;6;Cohort 2001/'02;2.8;3.3;2.8;3.3;2.8;3.3;;;;;;;;;;
5003;Totaal mannen en vrouwen;0;2;1;Vijf jaar na afstuderen;6;Cohort 2002/'03;2.7;2.9;2.7;2.9;2.7;2.9;;;;;;;;;;
5004;Totaal mannen en vrouwen;0;2;1;Vijf jaar na afstuderen;6;Cohort 2003/'04;;;;;;;;;;;;;;;;
5005;Totaal mannen en vrouwen;0;2;1;Vijf jaar na afstuderen;7;Cohort 1999/'00;2.4;2.7;2.4;2.7;2.4;2.7;;;3.4;3.6;;;3.4;3.6;;
5006;Totaal mannen en vrouwen;0;2;1;Vijf jaar na afstuderen;7;Cohort 2000/'01;2.5;2.9;2.5;2.8;2.5;2.8;1.7;;2.8;3.4;;;2.8;3.4;;
5007;Totaal mannen en vrouwen;0;2;1;Vijf jaar na afstuderen;7;Cohort 2001/'02;2.6;3.0;2.6;3.0;2.6;3.0;;;2.8;3.0;;;2.8;3.0;;
5008;Totaal mannen en vrouwen;0;2;1;Vijf jaar na afstuderen;7;Cohort 2002/'03;2.7;3.1;2.7;3.0;2.7;3.0;3.5;3.1;3.5;4.3;;;3.5;4.3;;
5009;Totaal mannen en vrouwen;0;2;1;Vijf jaar na afstuderen;7;Cohort 2003/'04;;;;;;;;;;;;;;;;
5010;Totaal mannen en vrouwen;0;2;1;Vijf jaar na afstuderen;8;Cohort 1999/'00;1.9;2.5;1.9;2.3;1.9;2.3;;;2.4;4.7;;;2.4;4.7;;
5011;Totaal mannen en vrouwen;0;2;1;Vijf jaar na afstuderen;8;Cohort 2000/'01;2.1;2.9;2.1;2.9;2.1;2.9;;;1.8;;;;1.8;;;
5012;Totaal mannen en vrouwen;0;2;1;Vijf jaar na afstuderen;8;Cohort 2001/'02;2.1;3.1;2.1;3.1;2.1;3.1;;;1.7;;;;1.7;;;
5013;Totaal mannen en vrouwen;0;2;1;Vijf jaar na afstuderen;8;Cohort 2002/'03;2.0;2.9;2.0;2.9;2.0;2.9;;;;;;;;;;
5014;Totaal mannen en vrouwen;0;2;1;Vijf jaar na afstuderen;8;Cohort 2003/'04;;;;;;;;;;;;;;;;
5015;Totaal mannen en vrouwen;0;2;1;Vijf jaar na afstuderen;9;Cohort 1999/'00;2.5;2.7;2.4;2.6;2.4;2.6;2.7;2.7;3.3;3.7;;;3.3;3.7;;
5016;Totaal mannen en vrouwen;0;2;1;Vijf jaar na afstuderen;9;Cohort 2000/'01;2.5;2.9;2.4;2.8;2.4;2.8;2.0;;3.6;4.5;;;3.6;4.5;;
5017;Totaal mannen en vrouwen;0;2;1;Vijf jaar na afstuderen;9;Cohort 2001/'02;2.6;3.0;2.6;2.9;2.6;3.0;2.6;2.7;3.5;5.5;;;3.5;5.5;;
5018;Totaal mannen en vrouwen;0;2;1;Vijf jaar na afstuderen;9;Cohort 2002/'03;2.7;3.0;2.7;2.9;2.7;2.9;2.1;;3.9;3.9;;;3.9;3.9;;
5019;Totaal mannen en vrouwen;0;2;1;Vijf jaar na afstuderen;9;Cohort 2003/'04;;;;;;;;;;;;;;;;
5020;Totaal mannen en vrouwen;0;2;1;Vijf jaar na afstuderen;M Onderwijs;Cohort 1999/'00;2.3;2.7;2.3;2.7;2.3;2.7;2.4;2.7;2.5;3.1;;;2.5;3.1;;
5021;Totaal mannen en vrouwen;0;2;1;Vijf jaar na afstuderen;M Onderwijs;Cohort 2000/'01;2.3;2.7;2.3;2.6;2.3;2.6;2.4;2.7;2.5;3.1;;;2.5;3.1;;
5022;Totaal mannen en vrouwen;0;2;1;Vijf jaar na afstuderen;M Onderwijs;Cohort 2001/'02;2.4;2.7;2.4;2.7;2.4;2.7;2.4;2.7;2.5;3.3;;;2.5;3.3;;
5023;Totaal mannen en vrouwen;0;2;1;Vijf jaar na afstuderen;M Onderwijs;Cohort 2002/'03;2.5;2.8;2.5;2.8;2.5;2.8;2.6;2.8;2.6;3.3;;;2.6;3.3;;
5024;Totaal mannen en vrouwen;0;2;1;Vijf jaar na afstuderen;M Onderwijs;Cohort 2003/'04;;;;;;;;;;;;;;;;
5025;Totaal mannen en vrouwen;0;2;1;Vijf jaar na afstuderen;N Gezondheids- en welzijnszorg;Cohort 1999/'00;1.9;2.4;1.9;2.4;1.9;2.4;1.8;;1.9;;;;1.9;;;
5026;Totaal mannen en vrouwen;0;2;1;Vijf jaar na afstuderen;N Gezondheids- en welzijnszorg;Cohort 2000/'01;1.9;2.5;1.9;2.5;1.8;2.5;2.7;2.7;2.4;2.6;;;2.4;2.6;;
5027;Totaal mannen en vrouwen;0;2;1;Vijf jaar na afstuderen;N Gezondheids- en welzijnszorg;Cohort 2001/'02;2.0;2.7;1.9;2.7;1.9;2.7;2.3;2.4;2.1;2.7;;;2.1;2.7;;
5028;Totaal mannen en vrouwen;0;2;1;Vijf jaar na afstuderen;N Gezondheids- en welzijnszorg;Cohort 2002/'03;1.9;2.7;1.9;2.7;1.9;2.7;1.8;2.3;2.4;2.6;;;2.4;2.6;;
5029;Totaal mannen en vrouwen;0;2;1;Vijf jaar na afstuderen;N Gezondheids- en welzijnszorg;Cohort 2003/'04;;;;;;;;;;;;;;;;
5030;Totaal mannen en vrouwen;0;2;1;Vijf jaar na afstuderen;9000e Milieu, cultuur, recreatie en ..;Cohort 1999/'00;2.0;2.5;2.0;2.5;2.0;2.5;0.2;;2.6;2.5;;;2.6;2.5;;
5031;Totaal mannen en vrouwen;0;2;1;Vijf jaar na afstuderen;9000e Milieu, cultuur, recreatie en ..;Cohort 2000/'01;2.3;2.8;2.2;2.7;2.2;2.7;1.7;;2.9;3.7;;;2.9;3.7;;
5032;Totaal mannen en vrouwen;0;2;1;Vijf jaar na afstuderen;9000e Milieu, cultuur, recreatie en ..;Cohort 2001/'02;2.2;2.7;2.1;2.7;2.1;2.7;1.1;;3.1;3.6;;;3.1;3.6;;
5033;Totaal mannen en vrouwen;0;2;1;Vijf jaar na afstuderen;9000e Milieu, cultuur, recreatie en ..;Cohort 2002/'03;2.2;2.8;2.2;2.8;2.2;2.8;1.9;;1.7;;;;1.7;;;
5034;Totaal mannen en vrouwen;0;2;1;Vijf jaar na afstuderen;9000e Milieu, cultuur, recreatie en ..;Cohort 2003/'04;;;;;;;;;;;;;;;;
5035;Totaal mannen en vrouwen;0;2;1;Vijf jaar na afstuderen;Onbekend;Cohort 1999/'00;2.9;2.9;2.9;2.9;2.9;2.9;;;;;;;;;;
5036;Totaal mannen en vrouwen;0;2;1;Vijf jaar na afstuderen;Onbekend;Cohort 2000/'01;3.7;3.7;3.7;3.7;3.7;3.7;;;;;;;;;;
5037;Totaal mannen en vrouwen;0;2;1;Vijf jaar na afstuderen;Onbekend;Cohort 2001/'02;;;;;;;;;;;;;;;;
5038;Totaal mannen en vrouwen;0;2;1;Vijf jaar na afstuderen;Onbekend;Cohort 2002/'03;2.6;2.6;2.6;2.6;2.6;2.6;;;;;;;;;;
5039;Totaal mannen en vrouwen;0;2;1;Vijf jaar na afstuderen;Onbekend;Cohort 2003/'04;;;;;;;;;;;;;;;;
5040;Totaal mannen en vrouwen;0;2;2;Direct na afstuderen;0;Cohort 1999/'00;1.3;;1.3;;1.3;;1.2;;1.4;;;;1.4;;;
5041;Totaal mannen en vrouwen;0;2;2;Direct na afstuderen;0;Cohort 2000/'01;1.4;1.8;1.4;1.8;1.4;1.8;1.6;1.5;1.6;2.2;;;1.6;2.2;;
5042;Totaal mannen en vrouwen;0;2;2;Direct na afstuderen;0;Cohort 2001/'02;1.5;1.9;1.5;1.9;1.5;1.9;1.4;1.9;1.5;2.3;;;1.5;2.3;;
5043;Totaal mannen en vrouwen;0;2;2;Direct na afstuderen;0;Cohort 2002/'03;1.4;2.0;1.4;2.0;1.4;2.0;1.4;1.2;1.5;3.1;;;1.5;3.1;;
5044;Totaal mannen en vrouwen;0;2;2;Direct na afstuderen;0;Cohort 2003/'04;1.6;2.1;1.6;2.0;1.6;2.0;1.4;1.6;1.8;3.6;;;1.8;3.6;;
5045;Totaal mannen en vrouwen;0;2;2;Direct na afstuderen;1;Cohort 1999/'00;;;;;;;;;;;;;;;;
5046;Totaal mannen en vrouwen;0;2;2;Direct na afstuderen;1;Cohort 2000/'01;;;;;;;;;;;;;;;;
5047;Totaal mannen en vrouwen;0;2;2;Direct na afstuderen;1;Cohort 2001/'02;;;;;;;;;;;;;;;;
5048;Totaal mannen en vrouwen;0;2;2;Direct na afstuderen;1;Cohort 2002/'03;;;;;;;;;;;;;;;;
5049;Totaal mannen en vrouwen;0;2;2;Direct na afstuderen;1;Cohort 2003/'04;;;;;;;;;;;;;;;;
5050;Totaal mannen en vrouwen;0;2;2;Direct na afstuderen;2;Cohort 1999/'00;1.4;;1.4;;1.4;;;;;;;;;;;
5051;Totaal mannen en vrouwen;0;2;2;Direct na afstuderen;2;Cohort 2000/'01;1.7;2.4;1.7;2.4;1.7;2.4;;;1.7;;;;1.7;;;
5052;Totaal mannen en vrouwen;0;2;2;Direct na afstuderen;2;Cohort 2001/'02;2.2;2.2;2.2;2.2;2.2;2.2;;;;;;;;;;
5053;Totaal mannen en vrouwen;0;2;2;Direct na afstuderen;2;Cohort 2002/'03;1.0;1.5;1.0;1.5;1.0;1.5;;;;;;;;;;
5054;Totaal mannen en vrouwen;0;2;2;Direct na afstuderen;2;Cohort 2003/'04;1.2;2.1;1.4;2.1;1.4;2.1;;;0.6;;;;0.6;;;
5055;Totaal mannen en vrouwen;0;2;2;Direct na afstuderen;3;Cohort 1999/'00;1.1;;1.1;;1.1;;;;0.5;;;;0.5;;;
5056;Totaal mannen en vrouwen;0;2;2;Direct na afstuderen;3;Cohort 2000/'01;1.0;2.5;1.0;2.5;1.0;2.5;;;;;;;;;;
5057;Totaal mannen en vrouwen;0;2;2;Direct na afstuderen;3;Cohort 2001/'02;1.1;1.5;1.0;1.4;1.0;1.4;;;1.8;1.8;;;1.8;1.8;;
5058;Totaal mannen en vrouwen;0;2;2;Direct na afstuderen;3;Cohort 2002/'03;0.9;1.9;0.9;1.9;0.9;1.9;;;;;;;;;;
5059;Totaal mannen en vrouwen;0;2;2;Direct na afstuderen;3;Cohort 2003/'04;1.1;1.8;1.1;1.8;1.1;1.8;;;0.6;;;;0.6;;;
5060;Totaal mannen en vrouwen;0;2;2;Direct na afstuderen;4;Cohort 1999/'00;0.6;;0.6;;0.6;;;;;;;;;;;
5061;Totaal mannen en vrouwen;0;2;2;Direct na afstuderen;4;Cohort 2000/'01;0.8;1.6;0.8;1.6;0.8;1.6;;;;;;;;;;
5062;Totaal mannen en vrouwen;0;2;2;Direct na afstuderen;4;Cohort 2001/'02;0.6;1.7;0.6;1.7;0.6;1.7;;;;;;;;;;
5063;Totaal mannen en vrouwen;0;2;2;Direct na afstuderen;4;Cohort 2002/'03;1.2;1.7;1.2;1.7;1.2;1.7;;;;;;;;;;
5064;Totaal mannen en vrouwen;0;2;2;Direct na afstuderen;4;Cohort 2003/'04;0.8;;0.8;;0.8;;;;;;;;;;;
5065;Totaal mannen en vrouwen;0;2;2;Direct na afstuderen;5;Cohort 1999/'00;1.4;;1.4;;1.4;;;;;;;;;;;
5066;Totaal mannen en vrouwen;0;2;2;Direct na afstuderen;5;Cohort 2000/'01;1.2;1.8;1.2;1.8;1.2;1.8;;;1.3;;;;1.3;;;
5067;Totaal mannen en vrouwen;0;2;2;Direct na afstuderen;5;Cohort 2001/'02;1.5;1.7;1.5;1.7;1.5;1.7;;;;;;;;;;
5068;Totaal mannen en vrouwen;0;2;2;Direct na afstuderen;5;Cohort 2002/'03;1.8;2.4;1.8;2.4;1.8;2.4;;;;;;;;;;
5069;Totaal mannen en vrouwen;0;2;2;Direct na afstuderen;5;Cohort 2003/'04;1.2;1.9;1.3;1.9;1.3;1.9;;;0.6;;;;0.6;;;
5070;Totaal mannen en vrouwen;0;2;2;Direct na afstuderen;6;Cohort 1999/'00;1.2;;1.2;;1.2;;;;;;;;;;;
5071;Totaal mannen en vrouwen;0;2;2;Direct na afstuderen;6;Cohort 2000/'01;2.2;2.2;2.2;2.2;2.2;2.2;;;;;;;;;;
5072;Totaal mannen en vrouwen;0;2;2;Direct na afstuderen;6;Cohort 2001/'02;1.5;1.5;1.5;1.5;1.5;1.5;;;;;;;;;;
5073;Totaal mannen en vrouwen;0;2;2;Direct na afstuderen;6;Cohort 2002/'03;2.5;2.9;2.5;2.9;2.5;2.9;;;;;;;;;;
5074;Totaal mannen en vrouwen;0;2;2;Direct na afstuderen;6;Cohort 2003/'04;2.2;2.5;2.2;2.5;2.2;2.5;;;;;;;;;;
5075;Totaal mannen en vrouwen;0;2;2;Direct na afstuderen;7;Cohort 1999/'00;1.3;;1.3;;1.3;;;;;;;;;;;
5076;Totaal mannen en vrouwen;0;2;2;Direct na afstuderen;7;Cohort 2000/'01;1.3;1.9;1.1;1.7;1.1;1.7;;;2.4;2.8;;;2.4;2.8;;
5077;Totaal mannen en vrouwen;0;2;2;Direct na afstuderen;7;Cohort 2001/'02;1.3;1.9;1.3;1.8;1.3;1.8;;;2.3;2.3;;;2.3;2.3;;
5078;Totaal mannen en vrouwen;0;2;2;Direct na afstuderen;7;Cohort 2002/'03;1.1;1.9;1.1;1.9;1.1;1.9;;;;;;;;;;
5079;Totaal mannen en vrouwen;0;2;2;Direct na afstuderen;7;Cohort 2003/'04;1.0;1.9;1.0;1.9;1.0;1.9;;;;;;;;;;
5080;Totaal mannen en vrouwen;0;2;2;Direct na afstuderen;8;Cohort 1999/'00;1.2;;1.2;;1.2;;;;2.4;;;;2.4;;;
5081;Totaal mannen en vrouwen;0;2;2;Direct na afstuderen;8;Cohort 2000/'01;1.2;1.6;1.2;1.6;1.2;1.6;;;;;;;;;;
5082;Totaal mannen en vrouwen;0;2;2;Direct na afstuderen;8;Cohort 2001/'02;1.0;1.5;1.0;1.5;1.0;1.5;;;1.0;;;;1.0;;;
5083;Totaal mannen en vrouwen;0;2;2;Direct na afstuderen;8;Cohort 2002/'03;1.1;1.2;1.1;1.2;1.1;1.2;;;;;;;;;;
5084;Totaal mannen en vrouwen;0;2;2;Direct na afstuderen;8;Cohort 2003/'04;0.9;1.7;0.9;1.7;0.9;1.7;;;1.2;;;;1.2;;;
5085;Totaal mannen en vrouwen;0;2;2;Direct na afstuderen;9;Cohort 1999/'00;1.4;;1.4;;1.4;;;;1.5;;;;1.5;;;
5086;Totaal mannen en vrouwen;0;2;2;Direct na afstuderen;9;Cohort 2000/'01;1.9;3.0;1.9;3.0;1.9;3.0;;;;;;;;;;
5087;Totaal mannen en vrouwen;0;2;2;Direct na afstuderen;9;Cohort 2001/'02;1.6;2.2;1.6;2.2;1.6;2.2;;;;;;;;;;
5088;Totaal mannen en vrouwen;0;2;2;Direct na afstuderen;9;Cohort 2002/'03;1.3;1.6;1.3;1.6;1.3;1.6;;;;;;;;;;
5089;Totaal mannen en vrouwen;0;2;2;Direct na afstuderen;9;Cohort 2003/'04;1.6;2.6;1.5;2.5;1.5;2.5;;;3.2;3.2;;;3.2;3.2;;
5090;Totaal mannen en vrouwen;0;2;2;Direct na afstuderen;M Onderwijs;Cohort 1999/'00;1.4;;1.4;;1.4;;1.2;;1.4;;;;1.4;;;
5091;Totaal mannen en vrouwen;0;2;2;Direct na afstuderen;M Onderwijs;Cohort 2000/'01;1.5;1.8;1.5;1.8;1.5;1.8;1.6;1.5;1.5;2.0;;;1.5;2.0;;
5092;Totaal mannen en vrouwen;0;2;2;Direct na afstuderen;M Onderwijs;Cohort 2001/'02;1.5;1.9;1.5;1.9;1.5;1.9;1.4;1.9;1.5;2.5;;;1.5;2.5;;
5093;Totaal mannen en vrouwen;0;2;2;Direct na afstuderen;M Onderwijs;Cohort 2002/'03;1.5;2.1;1.5;2.0;1.5;2.0;1.4;1.2;1.5;3.1;;;1.5;3.1;;
5094;Totaal mannen en vrouwen;0;2;2;Direct na afstuderen;M Onderwijs;Cohort 2003/'04;1.7;2.1;1.7;2.0;1.7;2.0;1.5;;1.9;3.7;;;1.9;3.7;;
5095;Totaal mannen en vrouwen;0;2;2;Direct na afstuderen;N Gezondheids- en welzijnszorg;Cohort 1999/'00;1.1;;1.1;;1.1;;;;;;;;;;;
5096;Totaal mannen en vrouwen;0;2;2;Direct na afstuderen;N Gezondheids- en welzijnszorg;Cohort 2000/'01;1.2;1.4;1.2;1.4;1.2;1.4;;;;;;;;;;
5097;Totaal mannen en vrouwen;0;2;2;Direct na afstuderen;N Gezondheids- en welzijnszorg;Cohort 2001/'02;1.1;1.2;1.1;1.2;1.1;1.2;;;;;;;;;;
5098;Totaal mannen en vrouwen;0;2;2;Direct na afstuderen;N Gezondheids- en welzijnszorg;Cohort 2002/'03;0.9;1.6;0.9;1.6;0.9;1.6;;;;;;;;;;
5099;Totaal mannen en vrouwen;0;2;2;Direct na afstuderen;N Gezondheids- en welzijnszorg;Cohort 2003/'04;1.5;2.2;1.5;2.2;1.6;2.2;0.5;;;;;;;;;
5100;Totaal mannen en vrouwen;0;2;2;Direct na afstuderen;9000e Milieu, cultuur, recreatie en ..;Cohort 1999/'00;1.1;;1.1;;1.1;;;;0.8;;;;0.8;;;
5101;Totaal mannen en vrouwen;0;2;2;Direct na afstuderen;9000e Milieu, cultuur, recreatie en ..;Cohort 2000/'01;1.0;1.8;0.9;1.7;0.9;1.7;;;2.5;2.5;;;2.5;2.5;;
5102;Totaal mannen en vrouwen;0;2;2;Direct na afstuderen;9000e Milieu, cultuur, recreatie en ..;Cohort 2001/'02;1.2;2.0;1.3;2.0;1.3;2.0;;;0.8;;;;0.8;;;
5103;Totaal mannen en vrouwen;0;2;2;Direct na afstuderen;9000e Milieu, cultuur, recreatie en ..;Cohort 2002/'03;0.5;;0.4;;0.4;;;;0.9;;;;0.9;;;
5104;Totaal mannen en vrouwen;0;2;2;Direct na afstuderen;9000e Milieu, cultuur, recreatie en ..;Cohort 2003/'04;1.2;1.8;1.2;1.8;1.2;2.0;1.6;1.6;1.7;;;;1.7;;;
5105;Totaal mannen en vrouwen;0;2;2;Direct na afstuderen;Onbekend;Cohort 1999/'00;;;;;;;;;;;;;;;;
5106;Totaal mannen en vrouwen;0;2;2;Direct na afstuderen;Onbekend;Cohort 2000/'01;;;;;;;;;;;;;;;;
5107;Totaal mannen en vrouwen;0;2;2;Direct na afstuderen;Onbekend;Cohort 2001/'02;;;;;;;;;;;;;;;;
5108;Totaal mannen en vrouwen;0;2;2;Direct na afstuderen;Onbekend;Cohort 2002/'03;;;;;;;;;;;;;;;;
5109;Totaal mannen en vrouwen;0;2;2;Direct na afstuderen;Onbekend;Cohort 2003/'04;;;;;;;;;;;;;;;;
5110;Totaal mannen en vrouwen;0;2;2;Één jaar na afstuderen;0;Cohort 1999/'00;1.9;2.1;1.9;2.1;1.9;2.1;1.9;2.1;1.9;2.1;;;1.9;2.1;;
5111;Totaal mannen en vrouwen;0;2;2;Één jaar na afstuderen;0;Cohort 2000/'01;1.9;2.2;1.9;2.2;1.9;2.2;2.0;2.1;1.8;2.3;;;1.8;2.3;;
5112;Totaal mannen en vrouwen;0;2;2;Één jaar na afstuderen;0;Cohort 2001/'02;1.9;2.2;1.9;2.2;1.9;2.2;2.0;2.2;1.8;2.4;;;1.8;2.4;;
5113;Totaal mannen en vrouwen;0;2;2;Één jaar na afstuderen;0;Cohort 2002/'03;2.0;2.4;2.0;2.3;2.0;2.3;2.1;2.4;1.9;2.9;;;1.9;2.9;;
5114;Totaal mannen en vrouwen;0;2;2;Één jaar na afstuderen;0;Cohort 2003/'04;1.9;2.3;1.9;2.3;1.9;2.3;1.8;2.4;2.0;3.2;;;2.0;3.2;;
5115;Totaal mannen en vrouwen;0;2;2;Één jaar na afstuderen;1;Cohort 1999/'00;;;;;;;;;;;;;;;;
5116;Totaal mannen en vrouwen;0;2;2;Één jaar na afstuderen;1;Cohort 2000/'01;;;;;;;;;;;;;;;;
5117;Totaal mannen en vrouwen;0;2;2;Één jaar na afstuderen;1;Cohort 2001/'02;;;;;;;;;;;;;;;;
5118;Totaal mannen en vrouwen;0;2;2;Één jaar na afstuderen;1;Cohort 2002/'03;;;;;;;;;;;;;;;;
5119;Totaal mannen en vrouwen;0;2;2;Één jaar na afstuderen;1;Cohort 2003/'04;;;;;;;;;;;;;;;;
5120;Totaal mannen en vrouwen;0;2;2;Één jaar na afstuderen;2;Cohort 1999/'00;2.0;2.0;2.0;2.0;2.0;2.0;;;;;;;;;;
5121;Totaal mannen en vrouwen;0;2;2;Één jaar na afstuderen;2;Cohort 2000/'01;2.3;2.3;2.3;2.3;2.3;2.3;;;;;;;;;;
5122;Totaal mannen en vrouwen;0;2;2;Één jaar na afstuderen;2;Cohort 2001/'02;1.5;1.0;1.3;1.0;1.3;1.0;;;2.2;;;;2.2;;;
5123;Totaal mannen en vrouwen;0;2;2;Één jaar na afstuderen;2;Cohort 2002/'03;;;;;;;;;;;;;;;;
5124;Totaal mannen en vrouwen;0;2;2;Één jaar na afstuderen;2;Cohort 2003/'04;2.1;2.1;2.1;2.1;2.1;2.1;;;2.1;;;;2.1;;;
5125;Totaal mannen en vrouwen;0;2;2;Één jaar na afstuderen;3;Cohort 1999/'00;1.7;1.9;1.7;1.9;1.7;1.9;;;1.1;1.3;;;1.1;1.3;;
5126;Totaal mannen en vrouwen;0;2;2;Één jaar na afstuderen;3;Cohort 2000/'01;1.6;1.8;1.6;1.8;1.6;1.8;;;;;;;;;;
5127;Totaal mannen en vrouwen;0;2;2;Één jaar na afstuderen;3;Cohort 2001/'02;1.5;1.8;1.4;1.7;1.4;1.7;;;2.0;2.0;;;2.0;2.0;;
5128;Totaal mannen en vrouwen;0;2;2;Één jaar na afstuderen;3;Cohort 2002/'03;1.4;1.9;1.4;1.9;1.4;1.9;;;1.1;;;;1.1;;;
5129;Totaal mannen en vrouwen;0;2;2;Één jaar na afstuderen;3;Cohort 2003/'04;1.6;2.0;1.6;2.0;1.6;2.0;;;;;;;;;;
5130;Totaal mannen en vrouwen;0;2;2;Één jaar na afstuderen;4;Cohort 1999/'00;1.0;1.3;1.0;1.3;1.0;1.3;;;;;;;;;;
5131;Totaal mannen en vrouwen;0;2;2;Één jaar na afstuderen;4;Cohort 2000/'01;1.1;1.7;1.1;1.7;1.1;1.7;;;;;;;;;;
5132;Totaal mannen en vrouwen;0;2;2;Één jaar na afstuderen;4;Cohort 2001/'02;1.1;;1.1;;1.1;;;;;;;;;;;
5133;Totaal mannen en vrouwen;0;2;2;Één jaar na afstuderen;4;Cohort 2002/'03;1.4;1.9;1.4;1.9;1.4;1.9;;;;;;;;;;
5134;Totaal mannen en vrouwen;0;2;2;Één jaar na afstuderen;4;Cohort 2003/'04;1.1;2.1;1.0;2.1;1.0;2.1;;;1.8;;;;1.8;;;
5135;Totaal mannen en vrouwen;0;2;2;Één jaar na afstuderen;5;Cohort 1999/'00;2.0;2.2;2.0;2.2;2.0;2.2;;;;;;;;;;
5136;Totaal mannen en vrouwen;0;2;2;Één jaar na afstuderen;5;Cohort 2000/'01;2.1;2.3;2.1;2.3;2.1;2.3;;;;;;;;;;
5137;Totaal mannen en vrouwen;0;2;2;Één jaar na afstuderen;5;Cohort 2001/'02;1.8;1.8;1.8;1.8;1.8;1.8;;;;;;;;;;
5138;Totaal mannen en vrouwen;0;2;2;Één jaar na afstuderen;5;Cohort 2002/'03;2.0;2.4;2.0;2.4;2.0;2.4;;;;;;;;;;
5139;Totaal mannen en vrouwen;0;2;2;Één jaar na afstuderen;5;Cohort 2003/'04;1.8;1.9;1.9;1.9;1.9;1.9;;;1.1;;;;1.1;;;
5140;Totaal mannen en vrouwen;0;2;2;Één jaar na afstuderen;6;Cohort 1999/'00;2.0;2.0;2.0;2.0;2.0;2.0;;;;;;;;;;
5141;Totaal mannen en vrouwen;0;2;2;Één jaar na afstuderen;6;Cohort 2000/'01;2.4;2.4;2.4;2.4;2.4;2.4;;;;;;;;;;
5142;Totaal mannen en vrouwen;0;2;2;Één jaar na afstuderen;6;Cohort 2001/'02;1.8;2.1;1.8;2.1;1.8;2.1;;;;;;;;;;
5143;Totaal mannen en vrouwen;0;2;2;Één jaar na afstuderen;6;Cohort 2002/'03;3.1;3.6;3.1;3.6;3.1;3.6;;;;;;;;;;
5144;Totaal mannen en vrouwen;0;2;2;Één jaar na afstuderen;6;Cohort 2003/'04;2.3;2.1;2.3;2.1;2.3;2.1;;;;;;;;;;
5145;Totaal mannen en vrouwen;0;2;2;Één jaar na afstuderen;7;Cohort 1999/'00;1.9;1.9;1.8;1.9;1.8;1.9;;;2.1;2.1;;;2.1;2.1;;
5146;Totaal mannen en vrouwen;0;2;2;Één jaar na afstuderen;7;Cohort 2000/'01;1.6;1.9;1.6;1.9;1.6;1.9;;;1.9;2.1;;;1.9;2.1;;
5147;Totaal mannen en vrouwen;0;2;2;Één jaar na afstuderen;7;Cohort 2001/'02;1.8;1.9;1.7;1.8;1.7;1.8;;;2.0;2.5;;;2.0;2.5;;
5148;Totaal mannen en vrouwen;0;2;2;Één jaar na afstuderen;7;Cohort 2002/'03;2.1;2.9;2.2;3.9;2.2;3.9;;;1.9;1.9;;;1.9;1.9;;
5149;Totaal mannen en vrouwen;0;2;2;Één jaar na afstuderen;7;Cohort 2003/'04;1.4;1.8;1.4;1.8;1.4;1.8;;;;;;;;;;
5150;Totaal mannen en vrouwen;0;2;2;Één jaar na afstuderen;8;Cohort 1999/'00;1.5;2.1;1.5;2.0;1.5;2.0;;;3.4;3.4;;;3.4;3.4;;
5151;Totaal mannen en vrouwen;0;2;2;Één jaar na afstuderen;8;Cohort 2000/'01;1.5;1.7;1.5;1.7;1.5;1.7;;;;;;;;;;
5152;Totaal mannen en vrouwen;0;2;2;Één jaar na afstuderen;8;Cohort 2001/'02;1.2;2.1;1.2;2.1;1.2;2.1;;;;;;;;;;
5153;Totaal mannen en vrouwen;0;2;2;Één jaar na afstuderen;8;Cohort 2002/'03;1.4;1.9;1.4;1.9;1.4;1.9;;;1.5;;;;1.5;;;
5154;Totaal mannen en vrouwen;0;2;2;Één jaar na afstuderen;8;Cohort 2003/'04;1.1;1.9;1.2;1.9;1.2;1.9;0.3;;1.0;;;;1.0;;;
5155;Totaal mannen en vrouwen;0;2;2;Één jaar na afstuderen;9;Cohort 1999/'00;1.8;1.9;1.9;1.9;1.8;1.9;2.2;;1.7;;;;1.7;;;
5156;Totaal mannen en vrouwen;0;2;2;Één jaar na afstuderen;9;Cohort 2000/'01;1.5;2.0;1.5;2.0;1.5;2.0;;;;;;;;;;
5157;Totaal mannen en vrouwen;0;2;2;Één jaar na afstuderen;9;Cohort 2001/'02;2.0;2.5;2.0;2.5;2.0;2.5;;;;;;;;;;
5158;Totaal mannen en vrouwen;0;2;2;Één jaar na afstuderen;9;Cohort 2002/'03;1.9;2.1;1.9;2.1;1.9;2.1;;;;;;;;;;
5159;Totaal mannen en vrouwen;0;2;2;Één jaar na afstuderen;9;Cohort 2003/'04;1.9;2.5;1.6;2.0;1.6;2.0;;;4.0;4.0;;;4.0;4.0;;
5160;Totaal mannen en vrouwen;0;2;2;Één jaar na afstuderen;M Onderwijs;Cohort 1999/'00;1.9;2.1;1.9;2.1;1.9;2.1;1.9;2.1;1.9;2.1;;;1.9;2.1;;
5161;Totaal mannen en vrouwen;0;2;2;Één jaar na afstuderen;M Onderwijs;Cohort 2000/'01;2.0;2.2;2.0;2.2;2.0;2.2;2.0;2.1;1.8;2.4;;;1.8;2.4;;
5162;Totaal mannen en vrouwen;0;2;2;Één jaar na afstuderen;M Onderwijs;Cohort 2001/'02;2.0;2.3;2.0;2.3;2.0;2.3;2.1;2.2;1.8;2.4;;;1.8;2.4;;
5163;Totaal mannen en vrouwen;0;2;2;Één jaar na afstuderen;M Onderwijs;Cohort 2002/'03;2.1;2.4;2.1;2.3;2.1;2.3;2.1;2.4;2.0;3.0;;;2.0;3.0;;
5164;Totaal mannen en vrouwen;0;2;2;Één jaar na afstuderen;M Onderwijs;Cohort 2003/'04;2.0;2.4;2.0;2.4;2.0;2.4;1.9;2.5;2.0;2.9;;;2.0;2.9;;
5165;Totaal mannen en vrouwen;0;2;2;Één jaar na afstuderen;N Gezondheids- en welzijnszorg;Cohort 1999/'00;1.4;2.3;1.4;2.3;1.4;2.3;;;;;;;;;;
5166;Totaal mannen en vrouwen;0;2;2;Één jaar na afstuderen;N Gezondheids- en welzijnszorg;Cohort 2000/'01;1.4;1.8;1.3;1.8;1.3;1.8;;;2.2;2.2;;;2.2;2.2;;
5167;Totaal mannen en vrouwen;0;2;2;Één jaar na afstuderen;N Gezondheids- en welzijnszorg;Cohort 2001/'02;1.6;1.9;1.6;1.9;1.6;1.9;;;1.5;;;;1.5;;;
5168;Totaal mannen en vrouwen;0;2;2;Één jaar na afstuderen;N Gezondheids- en welzijnszorg;Cohort 2002/'03;1.9;3.0;1.9;3.0;1.9;3.0;2.4;;;;;;;;;
5169;Totaal mannen en vrouwen;0;2;2;Één jaar na afstuderen;N Gezondheids- en welzijnszorg;Cohort 2003/'04;1.6;2.2;1.6;2.2;1.6;2.2;;;;;;;;;;
5170;Totaal mannen en vrouwen;0;2;2;Één jaar na afstuderen;9000e Milieu, cultuur, recreatie en ..;Cohort 1999/'00;1.3;1.0;1.3;1.0;1.3;1.0;;;;;;;;;;
5171;Totaal mannen en vrouwen;0;2;2;Één jaar na afstuderen;9000e Milieu, cultuur, recreatie en ..;Cohort 2000/'01;1.2;2.2;1.1;2.0;1.1;2.0;;;2.6;2.6;;;2.6;2.6;;
5172;Totaal mannen en vrouwen;0;2;2;Één jaar na afstuderen;9000e Milieu, cultuur, recreatie en ..;Cohort 2001/'02;1.5;1.3;1.5;1.3;1.5;1.3;;;;;;;;;;
5173;Totaal mannen en vrouwen;0;2;2;Één jaar na afstuderen;9000e Milieu, cultuur, recreatie en ..;Cohort 2002/'03;1.5;1.8;1.6;1.8;1.6;1.8;;;1.1;;;;1.1;;;
5174;Totaal mannen en vrouwen;0;2;2;Één jaar na afstuderen;9000e Milieu, cultuur, recreatie en ..;Cohort 2003/'04;1.5;2.8;1.5;2.8;1.4;3.2;2.0;2.0;;;;;;;;
5175;Totaal mannen en vrouwen;0;2;2;Één jaar na afstuderen;Onbekend;Cohort 1999/'00;;;;;;;;;;;;;;;;
5176;Totaal mannen en vrouwen;0;2;2;Één jaar na afstuderen;Onbekend;Cohort 2000/'01;;;;;;;;;;;;;;;;
5177;Totaal mannen en vrouwen;0;2;2;Één jaar na afstuderen;Onbekend;Cohort 2001/'02;0.5;;0.5;;;;0.5;;;;;;;;;
5178;Totaal mannen en vrouwen;0;2;2;Één jaar na afstuderen;Onbekend;Cohort 2002/'03;2.1;;2.1;;2.1;;;;;;;;;;;
5179;Totaal mannen en vrouwen;0;2;2;Één jaar na afstuderen;Onbekend;Cohort 2003/'04;;;;;;;;;;;;;;;;
5180;Totaal mannen en vrouwen;0;2;2;Twee jaar na afstuderen;0;Cohort 1999/'00;2.1;2.3;2.1;2.3;2.1;2.3;2.1;2.2;2.1;2.3;;;2.1;2.3;;
5181;Totaal mannen en vrouwen;0;2;2;Twee jaar na afstuderen;0;Cohort 2000/'01;2.1;2.3;2.1;2.3;2.1;2.3;2.3;2.4;1.8;2.3;;;1.8;2.3;;
5182;Totaal mannen en vrouwen;0;2;2;Twee jaar na afstuderen;0;Cohort 2001/'02;2.1;2.4;2.1;2.4;2.1;2.4;2.2;2.4;2.1;2.5;;;2.1;2.5;;
5183;Totaal mannen en vrouwen;0;2;2;Twee jaar na afstuderen;0;Cohort 2002/'03;2.2;2.5;2.2;2.5;2.2;2.5;2.3;2.4;2.1;2.8;;;2.1;2.8;;
5184;Totaal mannen en vrouwen;0;2;2;Twee jaar na afstuderen;0;Cohort 2003/'04;2.2;2.6;2.2;2.6;2.2;2.6;2.0;2.5;2.3;2.7;2.2;2.2;2.3;2.8;;
5185;Totaal mannen en vrouwen;0;2;2;Twee jaar na afstuderen;1;Cohort 1999/'00;;;;;;;;;;;;;;;;
5186;Totaal mannen en vrouwen;0;2;2;Twee jaar na afstuderen;1;Cohort 2000/'01;;;;;;;;;;;;;;;;
5187;Totaal mannen en vrouwen;0;2;2;Twee jaar na afstuderen;1;Cohort 2001/'02;;;;;;;;;;;;;;;;
5188;Totaal mannen en vrouwen;0;2;2;Twee jaar na afstuderen;1;Cohort 2002/'03;;;;;;;;;;;;;;;;
5189;Totaal mannen en vrouwen;0;2;2;Twee jaar na afstuderen;1;Cohort 2003/'04;;;;;;;;;;;;;;;;
5190;Totaal mannen en vrouwen;0;2;2;Twee jaar na afstuderen;2;Cohort 1999/'00;2.1;2.2;2.1;2.2;2.1;2.2;;;;;;;;;;
5191;Totaal mannen en vrouwen;0;2;2;Twee jaar na afstuderen;2;Cohort 2000/'01;2.3;2.5;2.3;2.5;2.3;2.5;;;;;;;;;;
5192;Totaal mannen en vrouwen;0;2;2;Twee jaar na afstuderen;2;Cohort 2001/'02;2.0;1.7;1.7;1.7;1.7;1.7;;;2.4;;;;2.4;;;
5193;Totaal mannen en vrouwen;0;2;2;Twee jaar na afstuderen;2;Cohort 2002/'03;0.9;;0.9;;0.9;;;;;;;;;;;
5194;Totaal mannen en vrouwen;0;2;2;Twee jaar na afstuderen;2;Cohort 2003/'04;2.3;2.3;2.3;2.3;2.3;2.3;;;;;;;;;;
5195;Totaal mannen en vrouwen;0;2;2;Twee jaar na afstuderen;3;Cohort 1999/'00;2.0;2.0;2.1;2.1;2.1;2.1;;;1.5;1.5;;;1.5;1.5;;
5196;Totaal mannen en vrouwen;0;2;2;Twee jaar na afstuderen;3;Cohort 2000/'01;1.6;1.7;1.7;1.8;1.6;1.7;2.5;2.5;0.7;0.7;;;0.7;0.7;;
5197;Totaal mannen en vrouwen;0;2;2;Twee jaar na afstuderen;3;Cohort 2001/'02;1.8;2.0;1.8;2.0;1.8;2.0;;;2.0;2.0;;;2.0;2.0;;
5198;Totaal mannen en vrouwen;0;2;2;Twee jaar na afstuderen;3;Cohort 2002/'03;1.5;2.1;1.5;2.1;1.5;2.1;;;1.3;;;;1.3;;;
5199;Totaal mannen en vrouwen;0;2;2;Twee jaar na afstuderen;3;Cohort 2003/'04;1.5;2.0;1.5;2.0;1.5;2.0;;;2.0;;;;2.0;;;
5200;Totaal mannen en vrouwen;0;2;2;Twee jaar na afstuderen;4;Cohort 1999/'00;1.6;;1.6;;1.6;;;;;;;;;;;
5201;Totaal mannen en vrouwen;0;2;2;Twee jaar na afstuderen;4;Cohort 2000/'01;1.2;2.2;1.2;2.2;1.2;2.2;;;;;;;;;;
5202;Totaal mannen en vrouwen;0;2;2;Twee jaar na afstuderen;4;Cohort 2001/'02;0.6;;0.6;;0.6;;;;;;;;;;;
5203;Totaal mannen en vrouwen;0;2;2;Twee jaar na afstuderen;4;Cohort 2002/'03;1.2;;1.2;;1.2;;;;;;;;;;;
5204;Totaal mannen en vrouwen;0;2;2;Twee jaar na afstuderen;4;Cohort 2003/'04;0.7;;0.7;;0.7;;;;;;;;;;;
5205;Totaal mannen en vrouwen;0;2;2;Twee jaar na afstuderen;5;Cohort 1999/'00;2.0;3.0;2.0;3.0;2.0;3.0;;;;;;;;;;
5206;Totaal mannen en vrouwen;0;2;2;Twee jaar na afstuderen;5;Cohort 2000/'01;1.8;2.3;1.8;2.3;1.8;2.3;;;;;;;;;;
5207;Totaal mannen en vrouwen;0;2;2;Twee jaar na afstuderen;5;Cohort 2001/'02;1.5;1.9;1.5;1.9;1.5;1.9;;;;;;;;;;
5208;Totaal mannen en vrouwen;0;2;2;Twee jaar na afstuderen;5;Cohort 2002/'03;2.1;2.1;2.1;2.1;2.1;2.1;;;;;;;;;;
5209;Totaal mannen en vrouwen;0;2;2;Twee jaar na afstuderen;5;Cohort 2003/'04;2.4;2.7;2.4;2.7;2.4;2.7;;;;;;;;;;
5210;Totaal mannen en vrouwen;0;2;2;Twee jaar na afstuderen;6;Cohort 1999/'00;2.2;2.2;2.2;2.2;2.2;2.2;;;;;;;;;;
5211;Totaal mannen en vrouwen;0;2;2;Twee jaar na afstuderen;6;Cohort 2000/'01;2.2;2.2;2.2;2.2;2.2;2.2;;;;;;;;;;
5212;Totaal mannen en vrouwen;0;2;2;Twee jaar na afstuderen;6;Cohort 2001/'02;2.1;2.1;2.1;2.1;2.1;2.1;;;;;;;;;;
5213;Totaal mannen en vrouwen;0;2;2;Twee jaar na afstuderen;6;Cohort 2002/'03;4.6;4.7;4.6;4.7;4.6;4.7;;;;;;;;;;
5214;Totaal mannen en vrouwen;0;2;2;Twee jaar na afstuderen;6;Cohort 2003/'04;2.6;2.6;2.7;2.7;2.7;2.7;;;2.5;2.5;;;2.5;2.5;;
5215;Totaal mannen en vrouwen;0;2;2;Twee jaar na afstuderen;7;Cohort 1999/'00;2.1;2.2;2.1;2.2;2.1;2.2;;;2.5;2.5;;;2.5;2.5;;
5216;Totaal mannen en vrouwen;0;2;2;Twee jaar na afstuderen;7;Cohort 2000/'01;2.2;2.6;2.3;2.6;2.3;2.6;;;1.5;;;;1.5;;;
5217;Totaal mannen en vrouwen;0;2;2;Twee jaar na afstuderen;7;Cohort 2001/'02;2.2;2.2;2.0;2.1;2.0;2.1;;;2.6;3.1;;;2.6;3.1;;
5218;Totaal mannen en vrouwen;0;2;2;Twee jaar na afstuderen;7;Cohort 2002/'03;1.9;2.1;1.9;;1.9;;;;2.1;2.1;;;2.1;2.1;;
5219;Totaal mannen en vrouwen;0;2;2;Twee jaar na afstuderen;7;Cohort 2003/'04;1.7;2.3;1.6;2.3;1.6;2.3;;;2.2;2.2;2.2;2.2;;;;
5220;Totaal mannen en vrouwen;0;2;2;Twee jaar na afstuderen;8;Cohort 1999/'00;1.6;2.6;1.6;2.6;1.6;2.6;;;;;;;;;;
5221;Totaal mannen en vrouwen;0;2;2;Twee jaar na afstuderen;8;Cohort 2000/'01;1.3;1.7;1.4;1.7;1.4;1.7;;;0.5;;;;0.5;;;
5222;Totaal mannen en vrouwen;0;2;2;Twee jaar na afstuderen;8;Cohort 2001/'02;1.9;2.7;1.9;2.7;1.9;2.7;;;;;;;;;;
5223;Totaal mannen en vrouwen;0;2;2;Twee jaar na afstuderen;8;Cohort 2002/'03;1.6;2.1;1.6;2.1;1.6;2.1;;;;;;;;;;
5224;Totaal mannen en vrouwen;0;2;2;Twee jaar na afstuderen;8;Cohort 2003/'04;1.3;1.9;1.4;1.9;1.4;1.9;;;0.2;;;;0.2;;;
5225;Totaal mannen en vrouwen;0;2;2;Twee jaar na afstuderen;9;Cohort 1999/'00;1.9;2.0;1.9;2.0;1.9;2.0;;;1.7;;;;1.7;;;
5226;Totaal mannen en vrouwen;0;2;2;Twee jaar na afstuderen;9;Cohort 2000/'01;2.2;2.4;2.2;2.4;2.2;2.4;;;;;;;;;;
5227;Totaal mannen en vrouwen;0;2;2;Twee jaar na afstuderen;9;Cohort 2001/'02;2.0;2.3;2.0;2.3;2.0;2.3;;;;;;;;;;
5228;Totaal mannen en vrouwen;0;2;2;Twee jaar na afstuderen;9;Cohort 2002/'03;2.5;2.7;2.5;2.7;2.5;2.7;;;2.7;2.7;;;2.7;2.7;;
5229;Totaal mannen en vrouwen;0;2;2;Twee jaar na afstuderen;9;Cohort 2003/'04;2.4;2.8;1.8;1.6;1.8;1.6;;;3.3;3.4;;;3.3;3.4;;
5230;Totaal mannen en vrouwen;0;2;2;Twee jaar na afstuderen;M Onderwijs;Cohort 1999/'00;2.1;2.3;2.1;2.3;2.1;2.3;2.1;2.2;2.1;2.4;;;2.1;2.4;;
5231;Totaal mannen en vrouwen;0;2;2;Twee jaar na afstuderen;M Onderwijs;Cohort 2000/'01;2.1;2.4;2.1;2.4;2.1;2.4;2.3;2.4;1.9;2.4;;;1.9;2.4;;
5232;Totaal mannen en vrouwen;0;2;2;Twee jaar na afstuderen;M Onderwijs;Cohort 2001/'02;2.2;2.4;2.2;2.4;2.2;2.4;2.2;2.3;2.0;2.5;;;2.0;2.5;;
5233;Totaal mannen en vrouwen;0;2;2;Twee jaar na afstuderen;M Onderwijs;Cohort 2002/'03;2.2;2.5;2.2;2.5;2.2;2.5;2.3;2.5;2.1;2.9;;;2.1;2.9;;
5234;Totaal mannen en vrouwen;0;2;2;Twee jaar na afstuderen;M Onderwijs;Cohort 2003/'04;2.2;2.6;2.2;2.6;2.2;2.6;2.0;2.5;2.3;2.6;;;2.3;2.6;;
5235;Totaal mannen en vrouwen;0;2;2;Twee jaar na afstuderen;N Gezondheids- en welzijnszorg;Cohort 1999/'00;1.9;2.9;1.9;2.9;1.9;2.9;;;;;;;;;;
5236;Totaal mannen en vrouwen;0;2;2;Twee jaar na afstuderen;N Gezondheids- en welzijnszorg;Cohort 2000/'01;1.5;2.1;1.6;2.1;1.6;2.1;;;1.2;;;;1.2;;;
5237;Totaal mannen en vrouwen;0;2;2;Twee jaar na afstuderen;N Gezondheids- en welzijnszorg;Cohort 2001/'02;1.6;1.9;1.6;1.9;1.6;1.9;;;3.1;;;;3.1;;;
5238;Totaal mannen en vrouwen;0;2;2;Twee jaar na afstuderen;N Gezondheids- en welzijnszorg;Cohort 2002/'03;1.7;2.0;1.7;2.0;1.7;1.7;2.2;2.2;;;;;;;;
5239;Totaal mannen en vrouwen;0;2;2;Twee jaar na afstuderen;N Gezondheids- en welzijnszorg;Cohort 2003/'04;1.6;2.4;1.5;2.4;1.5;2.4;;;2.0;;;;2.0;;;
5240;Totaal mannen en vrouwen;0;2;2;Twee jaar na afstuderen;9000e Milieu, cultuur, recreatie en ..;Cohort 1999/'00;1.5;1.7;1.5;1.7;1.5;1.7;;;;;;;;;;
5241;Totaal mannen en vrouwen;0;2;2;Twee jaar na afstuderen;9000e Milieu, cultuur, recreatie en ..;Cohort 2000/'01;1.9;2.4;1.8;2.4;1.8;2.4;;;2.7;;;;2.7;;;
5242;Totaal mannen en vrouwen;0;2;2;Twee jaar na afstuderen;9000e Milieu, cultuur, recreatie en ..;Cohort 2001/'02;1.4;1.7;1.4;1.7;1.4;1.7;;;;;;;;;;
5243;Totaal mannen en vrouwen;0;2;2;Twee jaar na afstuderen;9000e Milieu, cultuur, recreatie en ..;Cohort 2002/'03;1.3;1.5;1.4;1.5;1.4;1.5;;;1.1;;;;1.1;;;
5244;Totaal mannen en vrouwen;0;2;2;Twee jaar na afstuderen;9000e Milieu, cultuur, recreatie en ..;Cohort 2003/'04;2.2;3.6;2.2;3.6;2.2;4.0;2.4;2.4;;;;;;;;
5245;Totaal mannen en vrouwen;0;2;2;Twee jaar na afstuderen;Onbekend;Cohort 1999/'00;;;;;;;;;;;;;;;;
5246;Totaal mannen en vrouwen;0;2;2;Twee jaar na afstuderen;Onbekend;Cohort 2000/'01;;;;;;;;;;;;;;;;
5247;Totaal mannen en vrouwen;0;2;2;Twee jaar na afstuderen;Onbekend;Cohort 2001/'02;2.6;2.6;2.6;2.6;;;2.6;2.6;;;;;;;;
5248;Totaal mannen en vrouwen;0;2;2;Twee jaar na afstuderen;Onbekend;Cohort 2002/'03;2.1;2.1;2.1;2.1;2.1;2.1;;;;;;;;;;
5249;Totaal mannen en vrouwen;0;2;2;Twee jaar na afstuderen;Onbekend;Cohort 2003/'04;3.3;3.3;3.3;3.3;3.3;3.3;;;;;;;;;;
5250;Totaal mannen en vrouwen;0;2;2;Drie jaar na afstuderen;0;Cohort 1999/'00;2.1;2.4;2.1;2.4;2.1;2.4;2.3;2.5;2.2;2.6;;;2.2;2.6;;
5251;Totaal mannen en vrouwen;0;2;2;Drie jaar na afstuderen;0;Cohort 2000/'01;2.2;2.5;2.2;2.5;2.2;2.5;2.4;2.5;2.2;2.6;;;2.2;2.6;;
5252;Totaal mannen en vrouwen;0;2;2;Drie jaar na afstuderen;0;Cohort 2001/'02;2.2;2.5;2.2;2.5;2.2;2.5;2.4;2.5;2.2;2.9;;;2.2;2.9;;
5253;Totaal mannen en vrouwen;0;2;2;Drie jaar na afstuderen;0;Cohort 2002/'03;2.3;2.6;2.3;2.6;2.3;2.6;2.4;2.5;2.2;2.8;;;2.2;2.8;;
5254;Totaal mannen en vrouwen;0;2;2;Drie jaar na afstuderen;0;Cohort 2003/'04;2.4;2.7;2.3;2.7;2.3;2.7;2.2;2.6;2.7;3.6;3.1;3.1;2.7;3.6;;
5255;Totaal mannen en vrouwen;0;2;2;Drie jaar na afstuderen;1;Cohort 1999/'00;;;;;;;;;;;;;;;;
5256;Totaal mannen en vrouwen;0;2;2;Drie jaar na afstuderen;1;Cohort 2000/'01;;;;;;;;;;;;;;;;
5257;Totaal mannen en vrouwen;0;2;2;Drie jaar na afstuderen;1;Cohort 2001/'02;;;;;;;;;;;;;;;;
5258;Totaal mannen en vrouwen;0;2;2;Drie jaar na afstuderen;1;Cohort 2002/'03;;;;;;;;;;;;;;;;
5259;Totaal mannen en vrouwen;0;2;2;Drie jaar na afstuderen;1;Cohort 2003/'04;;;;;;;;;;;;;;;;
5260;Totaal mannen en vrouwen;0;2;2;Drie jaar na afstuderen;2;Cohort 1999/'00;2.3;2.3;2.3;2.3;2.3;2.3;;;;;;;;;;
5261;Totaal mannen en vrouwen;0;2;2;Drie jaar na afstuderen;2;Cohort 2000/'01;2.3;2.7;2.3;2.7;2.3;2.7;;;;;;;;;;
5262;Totaal mannen en vrouwen;0;2;2;Drie jaar na afstuderen;2;Cohort 2001/'02;2.0;1.8;1.8;1.8;1.8;1.8;;;2.3;1.8;;;2.3;1.8;;
5263;Totaal mannen en vrouwen;0;2;2;Drie jaar na afstuderen;2;Cohort 2002/'03;1.7;2.0;1.7;2.0;1.7;2.0;;;;;;;;;;
5264;Totaal mannen en vrouwen;0;2;2;Drie jaar na afstuderen;2;Cohort 2003/'04;2.4;2.4;2.3;2.3;2.3;2.3;;;2.8;2.8;;;2.8;2.8;;
5265;Totaal mannen en vrouwen;0;2;2;Drie jaar na afstuderen;3;Cohort 1999/'00;2.2;2.5;2.3;2.6;2.3;2.6;;;1.6;1.6;;;1.6;1.6;;
5266;Totaal mannen en vrouwen;0;2;2;Drie jaar na afstuderen;3;Cohort 2000/'01;1.7;2.0;1.7;2.0;1.7;1.9;2.7;2.7;;;;;;;;
5267;Totaal mannen en vrouwen;0;2;2;Drie jaar na afstuderen;3;Cohort 2001/'02;2.1;2.4;2.1;2.4;2.1;2.4;;;2.2;2.2;;;2.2;2.2;;
5268;Totaal mannen en vrouwen;0;2;2;Drie jaar na afstuderen;3;Cohort 2002/'03;2.1;2.1;2.1;2.1;2.1;2.1;;;;;;;;;;
5269;Totaal mannen en vrouwen;0;2;2;Drie jaar na afstuderen;3;Cohort 2003/'04;2.2;2.5;2.2;2.5;2.2;2.5;;;1.9;;;;1.9;;;
5270;Totaal mannen en vrouwen;0;2;2;Drie jaar na afstuderen;4;Cohort 1999/'00;1.4;;1.4;;1.4;;;;;;;;;;;
5271;Totaal mannen en vrouwen;0;2;2;Drie jaar na afstuderen;4;Cohort 2000/'01;2.0;2.1;2.0;2.1;2.0;2.1;;;;;;;;;;
5272;Totaal mannen en vrouwen;0;2;2;Drie jaar na afstuderen;4;Cohort 2001/'02;1.9;;1.9;;1.9;;;;;;;;;;;
5273;Totaal mannen en vrouwen;0;2;2;Drie jaar na afstuderen;4;Cohort 2002/'03;0.7;;0.7;;0.7;;;;;;;;;;;
5274;Totaal mannen en vrouwen;0;2;2;Drie jaar na afstuderen;4;Cohort 2003/'04;1.7;1.9;1.7;1.9;1.7;1.9;;;;;;;;;;
5275;Totaal mannen en vrouwen;0;2;2;Drie jaar na afstuderen;5;Cohort 1999/'00;1.9;3.2;1.9;3.2;1.9;3.2;;;;;;;;;;
5276;Totaal mannen en vrouwen;0;2;2;Drie jaar na afstuderen;5;Cohort 2000/'01;1.8;2.5;1.8;2.5;1.8;2.5;;;;;;;;;;
5277;Totaal mannen en vrouwen;0;2;2;Drie jaar na afstuderen;5;Cohort 2001/'02;1.4;1.9;1.4;1.9;1.4;1.9;;;;;;;;;;
5278;Totaal mannen en vrouwen;0;2;2;Drie jaar na afstuderen;5;Cohort 2002/'03;2.1;2.2;2.1;2.2;2.1;2.2;;;;;;;;;;
5279;Totaal mannen en vrouwen;0;2;2;Drie jaar na afstuderen;5;Cohort 2003/'04;2.4;3.0;2.3;3.0;2.3;3.0;;;3.1;3.1;3.1;3.1;;;;
5280;Totaal mannen en vrouwen;0;2;2;Drie jaar na afstuderen;6;Cohort 1999/'00;2.4;2.4;2.4;2.4;2.4;2.4;;;;;;;;;;
5281;Totaal mannen en vrouwen;0;2;2;Drie jaar na afstuderen;6;Cohort 2000/'01;2.3;2.6;2.3;2.6;2.3;2.6;;;;;;;;;;
5282;Totaal mannen en vrouwen;0;2;2;Drie jaar na afstuderen;6;Cohort 2001/'02;2.1;2.0;2.1;2.0;2.1;2.0;;;;;;;;;;
5283;Totaal mannen en vrouwen;0;2;2;Drie jaar na afstuderen;6;Cohort 2002/'03;4.4;4.0;4.4;4.0;4.4;4.0;;;;;;;;;;
5284;Totaal mannen en vrouwen;0;2;2;Drie jaar na afstuderen;6;Cohort 2003/'04;3.1;3.2;3.2;3.2;3.2;3.2;;;2.6;;;;2.6;;;
5285;Totaal mannen en vrouwen;0;2;2;Drie jaar na afstuderen;7;Cohort 1999/'00;2.4;2.5;2.3;2.4;2.3;2.4;;;3.1;3.1;;;3.1;3.1;;
5286;Totaal mannen en vrouwen;0;2;2;Drie jaar na afstuderen;7;Cohort 2000/'01;2.1;2.3;2.2;2.3;2.2;2.3;;;1.7;2.1;;;1.7;2.1;;
5287;Totaal mannen en vrouwen;0;2;2;Drie jaar na afstuderen;7;Cohort 2001/'02;2.4;2.5;2.3;2.3;2.3;2.3;;;2.7;3.2;;;2.7;3.2;;
5288;Totaal mannen en vrouwen;0;2;2;Drie jaar na afstuderen;7;Cohort 2002/'03;1.5;1.8;1.2;1.6;1.2;1.6;;;2.1;2.3;;;2.1;2.3;;
5289;Totaal mannen en vrouwen;0;2;2;Drie jaar na afstuderen;7;Cohort 2003/'04;2.3;3.0;2.4;3.0;2.4;3.0;;;1.4;;;;1.4;;;
5290;Totaal mannen en vrouwen;0;2;2;Drie jaar na afstuderen;8;Cohort 1999/'00;2.2;2.6;2.2;2.6;2.2;2.6;;;;;;;;;;
5291;Totaal mannen en vrouwen;0;2;2;Drie jaar na afstuderen;8;Cohort 2000/'01;1.4;;1.4;;1.4;;;;;;;;;;;
5292;Totaal mannen en vrouwen;0;2;2;Drie jaar na afstuderen;8;Cohort 2001/'02;1.4;2.3;1.4;2.3;1.4;2.3;;;;;;;;;;
5293;Totaal mannen en vrouwen;0;2;2;Drie jaar na afstuderen;8;Cohort 2002/'03;1.7;3.0;1.7;3.0;1.7;3.0;;;;;;;;;;
5294;Totaal mannen en vrouwen;0;2;2;Drie jaar na afstuderen;8;Cohort 2003/'04;1.6;2.4;1.6;2.4;1.6;2.4;;;1.9;;;;1.9;;;
5295;Totaal mannen en vrouwen;0;2;2;Drie jaar na afstuderen;9;Cohort 1999/'00;2.1;2.2;2.1;2.1;2.1;2.1;;;2.9;2.9;;;2.9;2.9;;
5296;Totaal mannen en vrouwen;0;2;2;Drie jaar na afstuderen;9;Cohort 2000/'01;2.2;2.4;2.2;2.4;2.2;2.4;;;;;;;;;;
5297;Totaal mannen en vrouwen;0;2;2;Drie jaar na afstuderen;9;Cohort 2001/'02;2.0;2.3;2.0;2.3;2.0;2.3;;;2.1;2.1;;;2.1;2.1;;
5298;Totaal mannen en vrouwen;0;2;2;Drie jaar na afstuderen;9;Cohort 2002/'03;3.2;4.2;3.2;4.2;3.2;4.2;;;;;;;;;;
5299;Totaal mannen en vrouwen;0;2;2;Drie jaar na afstuderen;9;Cohort 2003/'04;2.5;2.6;1.9;1.5;1.9;1.5;;;3.6;4.7;;;3.6;4.7;;
5300;Totaal mannen en vrouwen;0;2;2;Drie jaar na afstuderen;M Onderwijs;Cohort 1999/'00;2.2;2.4;2.2;2.4;2.2;2.4;2.3;2.5;2.1;2.7;;;2.1;2.7;;
5301;Totaal mannen en vrouwen;0;2;2;Drie jaar na afstuderen;M Onderwijs;Cohort 2000/'01;2.3;2.5;2.3;2.5;2.3;2.5;2.3;2.5;2.2;2.7;;;2.2;2.7;;
5302;Totaal mannen en vrouwen;0;2;2;Drie jaar na afstuderen;M Onderwijs;Cohort 2001/'02;2.3;2.6;2.3;2.5;2.3;2.5;2.3;2.5;2.2;3.2;;;2.2;3.2;;
5303;Totaal mannen en vrouwen;0;2;2;Drie jaar na afstuderen;M Onderwijs;Cohort 2002/'03;2.3;2.6;2.3;2.6;2.3;2.6;2.3;2.5;2.3;2.9;;;2.3;2.9;;
5304;Totaal mannen en vrouwen;0;2;2;Drie jaar na afstuderen;M Onderwijs;Cohort 2003/'04;2.4;2.7;2.4;2.7;2.4;2.7;2.3;2.6;2.7;3.6;;;2.7;3.6;;
5305;Totaal mannen en vrouwen;0;2;2;Drie jaar na afstuderen;N Gezondheids- en welzijnszorg;Cohort 1999/'00;1.9;3.3;1.8;3.7;1.8;3.7;;;2.4;2.4;;;2.4;2.4;;
5306;Totaal mannen en vrouwen;0;2;2;Drie jaar na afstuderen;N Gezondheids- en welzijnszorg;Cohort 2000/'01;1.8;2.2;1.7;2.2;1.7;2.2;;;2.3;;;;2.3;;;
5307;Totaal mannen en vrouwen;0;2;2;Drie jaar na afstuderen;N Gezondheids- en welzijnszorg;Cohort 2001/'02;1.7;2.5;1.7;2.5;1.7;2.5;;;;;;;;;;
5308;Totaal mannen en vrouwen;0;2;2;Drie jaar na afstuderen;N Gezondheids- en welzijnszorg;Cohort 2002/'03;1.4;2.6;1.4;2.6;1.3;;2.6;2.6;;;;;;;;
5309;Totaal mannen en vrouwen;0;2;2;Drie jaar na afstuderen;N Gezondheids- en welzijnszorg;Cohort 2003/'04;1.6;2.3;1.6;2.3;1.6;2.3;1.6;;2.2;;;;2.2;;;
5310;Totaal mannen en vrouwen;0;2;2;Drie jaar na afstuderen;9000e Milieu, cultuur, recreatie en ..;Cohort 1999/'00;1.6;1.9;1.6;1.9;1.6;1.9;;;;;;;;;;
5311;Totaal mannen en vrouwen;0;2;2;Drie jaar na afstuderen;9000e Milieu, cultuur, recreatie en ..;Cohort 2000/'01;2.0;2.3;1.9;2.3;1.9;2.3;;;2.9;;;;2.9;;;
5312;Totaal mannen en vrouwen;0;2;2;Drie jaar na afstuderen;9000e Milieu, cultuur, recreatie en ..;Cohort 2001/'02;1.4;;1.4;;1.4;;;;;;;;;;;
5313;Totaal mannen en vrouwen;0;2;2;Drie jaar na afstuderen;9000e Milieu, cultuur, recreatie en ..;Cohort 2002/'03;1.9;2.7;2.1;2.7;2.1;2.7;;;0.8;;;;0.8;;;
5314;Totaal mannen en vrouwen;0;2;2;Drie jaar na afstuderen;9000e Milieu, cultuur, recreatie en ..;Cohort 2003/'04;1.9;;1.9;;1.9;;;;;;;;;;;
5315;Totaal mannen en vrouwen;0;2;2;Drie jaar na afstuderen;Onbekend;Cohort 1999/'00;;;;;;;;;;;;;;;;
5316;Totaal mannen en vrouwen;0;2;2;Drie jaar na afstuderen;Onbekend;Cohort 2000/'01;;;;;;;;;;;;;;;;
5317;Totaal mannen en vrouwen;0;2;2;Drie jaar na afstuderen;Onbekend;Cohort 2001/'02;3.0;3.0;3.0;3.0;;;3.0;3.0;;;;;;;;
5318;Totaal mannen en vrouwen;0;2;2;Drie jaar na afstuderen;Onbekend;Cohort 2002/'03;;;;;;;;;;;;;;;;
5319;Totaal mannen en vrouwen;0;2;2;Drie jaar na afstuderen;Onbekend;Cohort 2003/'04;;;;;;;;;;;;;;;;
5320;Totaal mannen en vrouwen;0;2;2;Vier jaar na afstuderen;0;Cohort 1999/'00;2.3;2.5;2.3;2.5;2.3;2.5;2.2;2.4;2.2;2.8;;;2.2;2.8;;
5321;Totaal mannen en vrouwen;0;2;2;Vier jaar na afstuderen;0;Cohort 2000/'01;2.3;2.5;2.3;2.5;2.3;2.5;2.4;2.6;2.4;2.7;;;2.4;2.7;;
5322;Totaal mannen en vrouwen;0;2;2;Vier jaar na afstuderen;0;Cohort 2001/'02;2.3;2.6;2.3;2.6;2.3;2.6;2.3;2.5;2.3;3.0;;;2.3;3.0;;
5323;Totaal mannen en vrouwen;0;2;2;Vier jaar na afstuderen;0;Cohort 2002/'03;2.4;2.8;2.4;2.8;2.4;2.8;2.4;2.7;2.4;2.9;;;2.4;2.9;;
5324;Totaal mannen en vrouwen;0;2;2;Vier jaar na afstuderen;0;Cohort 2003/'04;2.4;2.9;2.4;2.8;2.4;2.8;2.2;2.7;2.8;3.4;3.4;3.4;2.8;3.4;;
5325;Totaal mannen en vrouwen;0;2;2;Vier jaar na afstuderen;1;Cohort 1999/'00;0.3;;0.3;;0.3;;;;;;;;;;;
5326;Totaal mannen en vrouwen;0;2;2;Vier jaar na afstuderen;1;Cohort 2000/'01;;;;;;;;;;;;;;;;
5327;Totaal mannen en vrouwen;0;2;2;Vier jaar na afstuderen;1;Cohort 2001/'02;;;;;;;;;;;;;;;;
5328;Totaal mannen en vrouwen;0;2;2;Vier jaar na afstuderen;1;Cohort 2002/'03;0.9;0.9;0.9;0.9;0.9;0.9;;;;;;;;;;
5329;Totaal mannen en vrouwen;0;2;2;Vier jaar na afstuderen;1;Cohort 2003/'04;;;;;;;;;;;;;;;;
5330;Totaal mannen en vrouwen;0;2;2;Vier jaar na afstuderen;2;Cohort 1999/'00;2.7;2.7;2.7;2.7;2.7;2.7;;;;;;;;;;
5331;Totaal mannen en vrouwen;0;2;2;Vier jaar na afstuderen;2;Cohort 2000/'01;2.4;2.5;2.4;2.5;2.4;2.5;;;;;;;;;;
5332;Totaal mannen en vrouwen;0;2;2;Vier jaar na afstuderen;2;Cohort 2001/'02;2.7;3.2;2.7;3.2;2.7;3.2;;;;;;;;;;
5333;Totaal mannen en vrouwen;0;2;2;Vier jaar na afstuderen;2;Cohort 2002/'03;2.7;2.8;2.7;2.8;2.7;2.8;;;;;;;;;;
5334;Totaal mannen en vrouwen;0;2;2;Vier jaar na afstuderen;2;Cohort 2003/'04;2.7;2.7;2.6;2.6;2.6;2.6;;;3.3;3.3;;;3.3;3.3;;
5335;Totaal mannen en vrouwen;0;2;2;Vier jaar na afstuderen;3;Cohort 1999/'00;2.2;2.4;2.2;2.4;2.2;2.4;;;1.6;1.8;;;1.6;1.8;;
5336;Totaal mannen en vrouwen;0;2;2;Vier jaar na afstuderen;3;Cohort 2000/'01;1.8;2.1;1.8;2.1;1.7;2.1;3.0;;;;;;;;;
5337;Totaal mannen en vrouwen;0;2;2;Vier jaar na afstuderen;3;Cohort 2001/'02;2.1;2.3;2.1;2.3;2.1;2.3;;;2.3;2.3;;;2.3;2.3;;
5338;Totaal mannen en vrouwen;0;2;2;Vier jaar na afstuderen;3;Cohort 2002/'03;2.8;4.0;2.8;4.0;2.8;4.0;;;;;;;;;;
5339;Totaal mannen en vrouwen;0;2;2;Vier jaar na afstuderen;3;Cohort 2003/'04;2.1;2.9;2.1;2.9;2.1;2.9;;;2.1;;;;2.1;;;
5340;Totaal mannen en vrouwen;0;2;2;Vier jaar na afstuderen;4;Cohort 1999/'00;;;;;;;;;;;;;;;;
5341;Totaal mannen en vrouwen;0;2;2;Vier jaar na afstuderen;4;Cohort 2000/'01;1.7;2.6;1.7;2.6;1.7;2.6;;;;;;;;;;
5342;Totaal mannen en vrouwen;0;2;2;Vier jaar na afstuderen;4;Cohort 2001/'02;1.3;;1.3;;1.3;;;;;;;;;;;
5343;Totaal mannen en vrouwen;0;2;2;Vier jaar na afstuderen;4;Cohort 2002/'03;1.0;;1.0;;1.0;;;;;;;;;;;
5344;Totaal mannen en vrouwen;0;2;2;Vier jaar na afstuderen;4;Cohort 2003/'04;1.8;2.3;1.8;2.3;1.8;2.3;;;;;;;;;;
5345;Totaal mannen en vrouwen;0;2;2;Vier jaar na afstuderen;5;Cohort 1999/'00;2.1;2.6;2.1;2.6;2.1;2.6;;;;;;;;;;
5346;Totaal mannen en vrouwen;0;2;2;Vier jaar na afstuderen;5;Cohort 2000/'01;1.9;2.4;1.9;2.4;1.9;2.4;;;;;;;;;;
5347;Totaal mannen en vrouwen;0;2;2;Vier jaar na afstuderen;5;Cohort 2001/'02;2.4;2.8;2.4;2.8;2.4;2.8;;;;;;;;;;
5348;Totaal mannen en vrouwen;0;2;2;Vier jaar na afstuderen;5;Cohort 2002/'03;3.5;3.5;3.5;3.5;3.5;3.5;;;;;;;;;;
5349;Totaal mannen en vrouwen;0;2;2;Vier jaar na afstuderen;5;Cohort 2003/'04;2.8;3.2;2.6;3.1;2.6;3.1;;;3.4;3.4;3.4;3.4;;;;
5350;Totaal mannen en vrouwen;0;2;2;Vier jaar na afstuderen;6;Cohort 1999/'00;3.0;3.0;3.0;3.0;3.0;3.0;;;;;;;;;;
5351;Totaal mannen en vrouwen;0;2;2;Vier jaar na afstuderen;6;Cohort 2000/'01;2.0;2.4;2.0;2.4;2.0;2.4;;;;;;;;;;
5352;Totaal mannen en vrouwen;0;2;2;Vier jaar na afstuderen;6;Cohort 2001/'02;1.8;2.2;1.8;2.2;1.8;2.2;;;;;;;;;;
5353;Totaal mannen en vrouwen;0;2;2;Vier jaar na afstuderen;6;Cohort 2002/'03;4.1;4.0;4.1;4.0;4.1;4.0;;;;;;;;;;
5354;Totaal mannen en vrouwen;0;2;2;Vier jaar na afstuderen;6;Cohort 2003/'04;2.9;3.0;2.8;3.0;2.8;3.0;;;3.1;3.1;;;3.1;3.1;;
5355;Totaal mannen en vrouwen;0;2;2;Vier jaar na afstuderen;7;Cohort 1999/'00;2.6;2.6;2.4;2.4;2.4;2.4;;;3.7;3.7;;;3.7;3.7;;
5356;Totaal mannen en vrouwen;0;2;2;Vier jaar na afstuderen;7;Cohort 2000/'01;2.2;2.6;2.2;2.6;2.2;2.6;;;1.9;2.5;;;1.9;2.5;;
5357;Totaal mannen en vrouwen;0;2;2;Vier jaar na afstuderen;7;Cohort 2001/'02;2.8;3.1;2.2;2.5;2.2;2.5;;;3.7;3.7;;;3.7;3.7;;
5358;Totaal mannen en vrouwen;0;2;2;Vier jaar na afstuderen;7;Cohort 2002/'03;2.4;2.7;2.3;2.6;2.3;2.6;;;2.8;2.8;;;2.8;2.8;;
5359;Totaal mannen en vrouwen;0;2;2;Vier jaar na afstuderen;7;Cohort 2003/'04;1.7;2.4;1.6;2.4;1.6;2.4;;;2.3;;;;2.3;;;
5360;Totaal mannen en vrouwen;0;2;2;Vier jaar na afstuderen;8;Cohort 1999/'00;1.8;2.2;1.9;2.2;1.9;2.2;;;0.3;;;;0.3;;;
5361;Totaal mannen en vrouwen;0;2;2;Vier jaar na afstuderen;8;Cohort 2000/'01;1.9;2.0;1.9;2.0;1.9;2.0;;;;;;;;;;
5362;Totaal mannen en vrouwen;0;2;2;Vier jaar na afstuderen;8;Cohort 2001/'02;1.6;;1.6;;1.6;;;;;;;;;;;
5363;Totaal mannen en vrouwen;0;2;2;Vier jaar na afstuderen;8;Cohort 2002/'03;2.0;2.1;2.0;2.1;2.0;2.1;;;;;;;;;;
5364;Totaal mannen en vrouwen;0;2;2;Vier jaar na afstuderen;8;Cohort 2003/'04;2.1;2.7;2.1;2.7;2.1;2.7;;;;;;;;;;
5365;Totaal mannen en vrouwen;0;2;2;Vier jaar na afstuderen;9;Cohort 1999/'00;2.2;2.3;2.3;2.4;2.3;2.4;;;1.8;1.8;;;1.8;1.8;;
5366;Totaal mannen en vrouwen;0;2;2;Vier jaar na afstuderen;9;Cohort 2000/'01;2.4;2.4;2.4;2.4;2.4;2.4;;;;;;;;;;
5367;Totaal mannen en vrouwen;0;2;2;Vier jaar na afstuderen;9;Cohort 2001/'02;2.5;2.7;2.5;2.7;2.5;2.8;2.5;2.5;;;;;;;;
5368;Totaal mannen en vrouwen;0;2;2;Vier jaar na afstuderen;9;Cohort 2002/'03;2.4;2.7;2.4;2.7;2.4;2.7;;;;;;;;;;
5369;Totaal mannen en vrouwen;0;2;2;Vier jaar na afstuderen;9;Cohort 2003/'04;3.0;3.2;2.6;2.4;2.6;2.4;;;3.7;4.8;;;3.7;4.8;;
5370;Totaal mannen en vrouwen;0;2;2;Vier jaar na afstuderen;M Onderwijs;Cohort 1999/'00;2.3;2.6;2.3;2.6;2.3;2.6;2.2;2.4;2.2;2.8;;;2.2;2.8;;
5371;Totaal mannen en vrouwen;0;2;2;Vier jaar na afstuderen;M Onderwijs;Cohort 2000/'01;2.3;2.6;2.3;2.6;2.3;2.6;2.3;2.6;2.4;2.8;;;2.4;2.8;;
5372;Totaal mannen en vrouwen;0;2;2;Vier jaar na afstuderen;M Onderwijs;Cohort 2001/'02;2.3;2.6;2.3;2.6;2.3;2.6;2.5;2.5;2.1;2.8;;;2.1;2.8;;
5373;Totaal mannen en vrouwen;0;2;2;Vier jaar na afstuderen;M Onderwijs;Cohort 2002/'03;2.4;2.7;2.4;2.7;2.4;2.7;2.4;2.7;2.5;3.0;;;2.5;3.0;;
5374;Totaal mannen en vrouwen;0;2;2;Vier jaar na afstuderen;M Onderwijs;Cohort 2003/'04;2.5;2.9;2.5;2.8;2.5;2.8;2.2;2.7;2.7;3.3;;;2.7;3.3;;
5375;Totaal mannen en vrouwen;0;2;2;Vier jaar na afstuderen;N Gezondheids- en welzijnszorg;Cohort 1999/'00;2.2;2.5;2.1;2.4;2.1;2.4;;;2.7;2.7;;;2.7;2.7;;
5376;Totaal mannen en vrouwen;0;2;2;Vier jaar na afstuderen;N Gezondheids- en welzijnszorg;Cohort 2000/'01;1.7;2.2;1.7;2.2;1.7;2.2;;;2.4;;;;2.4;;;
5377;Totaal mannen en vrouwen;0;2;2;Vier jaar na afstuderen;N Gezondheids- en welzijnszorg;Cohort 2001/'02;1.6;2.6;1.6;2.6;1.7;2.6;0.4;;;;;;;;;
5378;Totaal mannen en vrouwen;0;2;2;Vier jaar na afstuderen;N Gezondheids- en welzijnszorg;Cohort 2002/'03;1.9;2.8;1.9;2.9;1.8;2.9;2.8;2.8;2.6;2.6;;;2.6;2.6;;
5379;Totaal mannen en vrouwen;0;2;2;Vier jaar na afstuderen;N Gezondheids- en welzijnszorg;Cohort 2003/'04;1.7;2.4;1.7;2.4;1.7;2.4;1.9;;;;;;;;;
5380;Totaal mannen en vrouwen;0;2;2;Vier jaar na afstuderen;9000e Milieu, cultuur, recreatie en ..;Cohort 1999/'00;1.8;2.0;1.8;2.0;1.8;2.0;;;;;;;;;;
5381;Totaal mannen en vrouwen;0;2;2;Vier jaar na afstuderen;9000e Milieu, cultuur, recreatie en ..;Cohort 2000/'01;2.0;1.9;1.9;1.9;1.9;1.9;;;3.1;;;;3.1;;;
5382;Totaal mannen en vrouwen;0;2;2;Vier jaar na afstuderen;9000e Milieu, cultuur, recreatie en ..;Cohort 2001/'02;1.9;2.7;1.9;2.7;1.9;2.7;;;;;;;;;;
5383;Totaal mannen en vrouwen;0;2;2;Vier jaar na afstuderen;9000e Milieu, cultuur, recreatie en ..;Cohort 2002/'03;1.9;2.7;2.0;2.7;2.0;2.7;;;0.7;;;;0.7;;;
5384;Totaal mannen en vrouwen;0;2;2;Vier jaar na afstuderen;9000e Milieu, cultuur, recreatie en ..;Cohort 2003/'04;2.1;3.4;2.0;;2.0;;;;3.4;3.4;;;3.4;3.4;;
5385;Totaal mannen en vrouwen;0;2;2;Vier jaar na afstuderen;Onbekend;Cohort 1999/'00;;;;;;;;;;;;;;;;
5386;Totaal mannen en vrouwen;0;2;2;Vier jaar na afstuderen;Onbekend;Cohort 2000/'01;;;;;;;;;;;;;;;;
5387;Totaal mannen en vrouwen;0;2;2;Vier jaar na afstuderen;Onbekend;Cohort 2001/'02;4.2;4.2;4.2;4.2;4.2;4.2;;;;;;;;;;
5388;Totaal mannen en vrouwen;0;2;2;Vier jaar na afstuderen;Onbekend;Cohort 2002/'03;;;;;;;;;;;;;;;;
5389;Totaal mannen en vrouwen;0;2;2;Vier jaar na afstuderen;Onbekend;Cohort 2003/'04;;;;;;;;;;;;;;;;
5390;Totaal mannen en vrouwen;0;2;2;Vijf jaar na afstuderen;0;Cohort 1999/'00;2.4;2.7;2.4;2.7;2.4;2.7;2.3;2.4;2.5;3.1;;;2.5;3.1;;
5391;Totaal mannen en vrouwen;0;2;2;Vijf jaar na afstuderen;0;Cohort 2000/'01;2.3;2.7;2.3;2.7;2.3;2.7;2.4;2.6;2.3;2.9;;;2.3;2.9;;
5392;Totaal mannen en vrouwen;0;2;2;Vijf jaar na afstuderen;0;Cohort 2001/'02;2.3;2.7;2.3;2.7;2.3;2.7;2.4;2.7;2.4;3.1;;;2.4;3.1;;
5393;Totaal mannen en vrouwen;0;2;2;Vijf jaar na afstuderen;0;Cohort 2002/'03;2.5;2.9;2.5;2.9;2.5;2.9;2.6;2.9;2.5;4.1;;;2.5;4.1;;
5394;Totaal mannen en vrouwen;0;2;2;Vijf jaar na afstuderen;0;Cohort 2003/'04;;;;;;;;;;;;;;;;
5395;Totaal mannen en vrouwen;0;2;2;Vijf jaar na afstuderen;1;Cohort 1999/'00;;;;;;;;;;;;;;;;
5396;Totaal mannen en vrouwen;0;2;2;Vijf jaar na afstuderen;1;Cohort 2000/'01;;;;;;;;;;;;;;;;
5397;Totaal mannen en vrouwen;0;2;2;Vijf jaar na afstuderen;1;Cohort 2001/'02;;;;;;;;;;;;;;;;
5398;Totaal mannen en vrouwen;0;2;2;Vijf jaar na afstuderen;1;Cohort 2002/'03;;;;;;;;;;;;;;;;
5399;Totaal mannen en vrouwen;0;2;2;Vijf jaar na afstuderen;1;Cohort 2003/'04;;;;;;;;;;;;;;;;
5400;Totaal mannen en vrouwen;0;2;2;Vijf jaar na afstuderen;2;Cohort 1999/'00;2.5;2.8;2.5;2.8;2.5;2.8;;;;;;;;;;
5401;Totaal mannen en vrouwen;0;2;2;Vijf jaar na afstuderen;2;Cohort 2000/'01;3.0;3.1;3.0;3.1;3.0;3.1;;;;;;;;;;
5402;Totaal mannen en vrouwen;0;2;2;Vijf jaar na afstuderen;2;Cohort 2001/'02;2.4;2.2;2.4;2.2;2.4;2.2;;;;;;;;;;
5403;Totaal mannen en vrouwen;0;2;2;Vijf jaar na afstuderen;2;Cohort 2002/'03;3.2;3.3;3.2;3.3;3.2;3.3;;;;;;;;;;
5404;Totaal mannen en vrouwen;0;2;2;Vijf jaar na afstuderen;2;Cohort 2003/'04;;;;;;;;;;;;;;;;
5405;Totaal mannen en vrouwen;0;2;2;Vijf jaar na afstuderen;3;Cohort 1999/'00;2.1;2.3;2.1;2.3;2.1;2.3;;;1.5;;;;1.5;;;
5406;Totaal mannen en vrouwen;0;2;2;Vijf jaar na afstuderen;3;Cohort 2000/'01;2.0;2.1;2.0;2.1;1.9;2.1;2.6;;;;;;;;;
5407;Totaal mannen en vrouwen;0;2;2;Vijf jaar na afstuderen;3;Cohort 2001/'02;2.4;2.7;2.4;2.7;2.4;2.7;;;2.8;2.8;;;2.8;2.8;;
5408;Totaal mannen en vrouwen;0;2;2;Vijf jaar na afstuderen;3;Cohort 2002/'03;2.3;2.8;2.3;2.8;2.3;2.8;;;;;;;;;;
5409;Totaal mannen en vrouwen;0;2;2;Vijf jaar na afstuderen;3;Cohort 2003/'04;;;;;;;;;;;;;;;;
5410;Totaal mannen en vrouwen;0;2;2;Vijf jaar na afstuderen;4;Cohort 1999/'00;;;;;;;;;;;;;;;;
5411;Totaal mannen en vrouwen;0;2;2;Vijf jaar na afstuderen;4;Cohort 2000/'01;2.3;3.0;2.3;3.0;2.3;3.0;;;;;;;;;;
5412;Totaal mannen en vrouwen;0;2;2;Vijf jaar na afstuderen;4;Cohort 2001/'02;1.6;;1.6;;1.6;;;;;;;;;;;
5413;Totaal mannen en vrouwen;0;2;2;Vijf jaar na afstuderen;4;Cohort 2002/'03;1.3;1.8;1.3;1.8;1.3;1.8;;;;;;;;;;
5414;Totaal mannen en vrouwen;0;2;2;Vijf jaar na afstuderen;4;Cohort 2003/'04;;;;;;;;;;;;;;;;
5415;Totaal mannen en vrouwen;0;2;2;Vijf jaar na afstuderen;5;Cohort 1999/'00;1.8;2.8;1.8;2.8;1.8;2.8;;;;;;;;;;
5416;Totaal mannen en vrouwen;0;2;2;Vijf jaar na afstuderen;5;Cohort 2000/'01;2.4;2.7;2.4;2.7;2.4;2.7;;;;;;;;;;
5417;Totaal mannen en vrouwen;0;2;2;Vijf jaar na afstuderen;5;Cohort 2001/'02;2.2;2.4;2.2;2.4;2.2;2.4;;;;;;;;;;
5418;Totaal mannen en vrouwen;0;2;2;Vijf jaar na afstuderen;5;Cohort 2002/'03;2.5;3.1;2.5;3.1;2.5;3.1;;;;;;;;;;
5419;Totaal mannen en vrouwen;0;2;2;Vijf jaar na afstuderen;5;Cohort 2003/'04;;;;;;;;;;;;;;;;
5420;Totaal mannen en vrouwen;0;2;2;Vijf jaar na afstuderen;6;Cohort 1999/'00;3.2;3.3;3.2;3.3;3.2;3.3;;;;;;;;;;
5421;Totaal mannen en vrouwen;0;2;2;Vijf jaar na afstuderen;6;Cohort 2000/'01;2.9;3.3;2.9;3.3;2.9;3.3;;;;;;;;;;
5422;Totaal mannen en vrouwen;0;2;2;Vijf jaar na afstuderen;6;Cohort 2001/'02;1.7;2.4;1.7;2.4;1.7;2.4;;;;;;;;;;
5423;Totaal mannen en vrouwen;0;2;2;Vijf jaar na afstuderen;6;Cohort 2002/'03;3.9;4.3;3.9;4.3;3.9;4.3;;;;;;;;;;
5424;Totaal mannen en vrouwen;0;2;2;Vijf jaar na afstuderen;6;Cohort 2003/'04;;;;;;;;;;;;;;;;
5425;Totaal mannen en vrouwen;0;2;2;Vijf jaar na afstuderen;7;Cohort 1999/'00;2.9;3.1;2.9;3.0;2.9;3.0;;;2.9;4.5;;;2.9;4.5;;
5426;Totaal mannen en vrouwen;0;2;2;Vijf jaar na afstuderen;7;Cohort 2000/'01;2.3;2.9;2.3;2.9;2.3;2.9;;;2.6;2.6;;;2.6;2.6;;
5427;Totaal mannen en vrouwen;0;2;2;Vijf jaar na afstuderen;7;Cohort 2001/'02;2.7;2.7;2.3;2.3;2.3;2.3;;;3.8;3.8;;;3.8;3.8;;
5428;Totaal mannen en vrouwen;0;2;2;Vijf jaar na afstuderen;7;Cohort 2002/'03;2.3;2.9;2.3;2.9;2.3;2.9;;;;;;;;;;
5429;Totaal mannen en vrouwen;0;2;2;Vijf jaar na afstuderen;7;Cohort 2003/'04;;;;;;;;;;;;;;;;
5430;Totaal mannen en vrouwen;0;2;2;Vijf jaar na afstuderen;8;Cohort 1999/'00;2.0;2.7;2.1;2.7;2.1;2.7;;;0.2;;;;0.2;;;
5431;Totaal mannen en vrouwen;0;2;2;Vijf jaar na afstuderen;8;Cohort 2000/'01;1.8;2.7;1.9;2.7;1.9;2.7;;;1.0;;;;1.0;;;
5432;Totaal mannen en vrouwen;0;2;2;Vijf jaar na afstuderen;8;Cohort 2001/'02;1.9;2.8;1.9;2.8;1.9;2.8;;;;;;;;;;
5433;Totaal mannen en vrouwen;0;2;2;Vijf jaar na afstuderen;8;Cohort 2002/'03;2.1;3.2;2.1;3.2;2.1;3.2;;;;;;;;;;
5434;Totaal mannen en vrouwen;0;2;2;Vijf jaar na afstuderen;8;Cohort 2003/'04;;;;;;;;;;;;;;;;
5435;Totaal mannen en vrouwen;0;2;2;Vijf jaar na afstuderen;9;Cohort 1999/'00;2.2;2.3;2.2;2.3;2.2;2.3;;;;;;;;;;
5436;Totaal mannen en vrouwen;0;2;2;Vijf jaar na afstuderen;9;Cohort 2000/'01;2.8;2.9;2.8;2.9;2.8;2.9;;;;;;;;;;
5437;Totaal mannen en vrouwen;0;2;2;Vijf jaar na afstuderen;9;Cohort 2001/'02;2.7;3.0;2.8;3.0;2.8;3.0;2.7;2.7;1.8;;;;1.8;;;
5438;Totaal mannen en vrouwen;0;2;2;Vijf jaar na afstuderen;9;Cohort 2002/'03;3.0;3.1;3.0;3.1;3.0;3.1;;;;;;;;;;
5439;Totaal mannen en vrouwen;0;2;2;Vijf jaar na afstuderen;9;Cohort 2003/'04;;;;;;;;;;;;;;;;
5440;Totaal mannen en vrouwen;0;2;2;Vijf jaar na afstuderen;M Onderwijs;Cohort 1999/'00;2.4;2.7;2.4;2.7;2.4;2.7;2.3;2.4;2.6;3.1;;;2.6;3.1;;
5441;Totaal mannen en vrouwen;0;2;2;Vijf jaar na afstuderen;M Onderwijs;Cohort 2000/'01;2.4;2.7;2.4;2.7;2.4;2.7;2.4;2.6;2.4;3.0;;;2.4;3.0;;
5442;Totaal mannen en vrouwen;0;2;2;Vijf jaar na afstuderen;M Onderwijs;Cohort 2001/'02;2.4;2.7;2.4;2.7;2.4;2.7;2.3;2.7;2.3;3.0;;;2.3;3.0;;
5443;Totaal mannen en vrouwen;0;2;2;Vijf jaar na afstuderen;M Onderwijs;Cohort 2002/'03;2.5;2.8;2.5;2.8;2.5;2.8;2.5;2.8;2.5;4.1;;;2.5;4.1;;
5444;Totaal mannen en vrouwen;0;2;2;Vijf jaar na afstuderen;M Onderwijs;Cohort 2003/'04;;;;;;;;;;;;;;;;
5445;Totaal mannen en vrouwen;0;2;2;Vijf jaar na afstuderen;N Gezondheids- en welzijnszorg;Cohort 1999/'00;2.0;2.2;1.9;2.1;1.9;2.1;;;2.7;2.7;;;2.7;2.7;;
5446;Totaal mannen en vrouwen;0;2;2;Vijf jaar na afstuderen;N Gezondheids- en welzijnszorg;Cohort 2000/'01;2.0;2.8;2.0;2.8;2.0;2.8;;;;;;;;;;
5447;Totaal mannen en vrouwen;0;2;2;Vijf jaar na afstuderen;N Gezondheids- en welzijnszorg;Cohort 2001/'02;1.8;2.2;1.8;2.2;1.8;2.2;;;;;;;;;;
5448;Totaal mannen en vrouwen;0;2;2;Vijf jaar na afstuderen;N Gezondheids- en welzijnszorg;Cohort 2002/'03;1.9;2.7;1.9;2.7;1.8;2.6;3.0;3.0;;;;;;;;
5449;Totaal mannen en vrouwen;0;2;2;Vijf jaar na afstuderen;N Gezondheids- en welzijnszorg;Cohort 2003/'04;;;;;;;;;;;;;;;;
5450;Totaal mannen en vrouwen;0;2;2;Vijf jaar na afstuderen;9000e Milieu, cultuur, recreatie en ..;Cohort 1999/'00;2.2;2.2;2.2;2.2;2.2;2.2;;;1.9;1.9;;;1.9;1.9;;
5451;Totaal mannen en vrouwen;0;2;2;Vijf jaar na afstuderen;9000e Milieu, cultuur, recreatie en ..;Cohort 2000/'01;2.0;2.8;2.0;2.8;2.0;2.8;;;2.2;;;;2.2;;;
5452;Totaal mannen en vrouwen;0;2;2;Vijf jaar na afstuderen;9000e Milieu, cultuur, recreatie en ..;Cohort 2001/'02;2.3;2.9;2.3;2.9;2.3;2.9;2.4;;2.6;;;;2.6;;;
5453;Totaal mannen en vrouwen;0;2;2;Vijf jaar na afstuderen;9000e Milieu, cultuur, recreatie en ..;Cohort 2002/'03;2.5;3.4;2.5;3.4;2.5;3.4;;;;;;;;;;
5454;Totaal mannen en vrouwen;0;2;2;Vijf jaar na afstuderen;9000e Milieu, cultuur, recreatie en ..;Cohort 2003/'04;;;;;;;;;;;;;;;;
5455;Totaal mannen en vrouwen;0;2;2;Vijf jaar na afstuderen;Onbekend;Cohort 1999/'00;;;;;;;;;;;;;;;;
5456;Totaal mannen en vrouwen;0;2;2;Vijf jaar na afstuderen;Onbekend;Cohort 2000/'01;5.8;5.8;5.8;5.8;5.8;5.8;;;;;;;;;;
5457;Totaal mannen en vrouwen;0;2;2;Vijf jaar na afstuderen;Onbekend;Cohort 2001/'02;;;;;;;;;;;;;;;;
5458;Totaal mannen en vrouwen;0;2;2;Vijf jaar na afstuderen;Onbekend;Cohort 2002/'03;;;;;;;;;;;;;;;;
5459;Totaal mannen en vrouwen;0;2;2;Vijf jaar na afstuderen;Onbekend;Cohort 2003/'04;;;;;;;;;;;;;;;;
5460;Totaal mannen en vrouwen;0;2;3;Direct na afstuderen;0;Cohort 1999/'00;1.3;;1.3;;1.3;;1.3;;1.4;;;;1.4;;;
5461;Totaal mannen en vrouwen;0;2;3;Direct na afstuderen;0;Cohort 2000/'01;1.5;1.8;1.5;1.8;1.5;1.8;;;1.5;;;;1.5;;;
5462;Totaal mannen en vrouwen;0;2;3;Direct na afstuderen;0;Cohort 2001/'02;1.5;1.9;1.5;1.9;1.5;1.9;1.6;1.6;1.4;2.4;;;1.4;2.4;;
5463;Totaal mannen en vrouwen;0;2;3;Direct na afstuderen;0;Cohort 2002/'03;1.5;2.1;1.5;2.0;1.5;2.0;1.0;1.2;1.6;3.4;;;1.6;3.4;;
5464;Totaal mannen en vrouwen;0;2;3;Direct na afstuderen;0;Cohort 2003/'04;1.6;2.1;1.6;2.0;1.6;2.0;1.7;;1.7;4.0;;;1.7;4.0;;
5465;Totaal mannen en vrouwen;0;2;3;Direct na afstuderen;1;Cohort 1999/'00;;;;;;;;;;;;;;;;
5466;Totaal mannen en vrouwen;0;2;3;Direct na afstuderen;1;Cohort 2000/'01;;;;;;;;;;;;;;;;
5467;Totaal mannen en vrouwen;0;2;3;Direct na afstuderen;1;Cohort 2001/'02;;;;;;;;;;;;;;;;
5468;Totaal mannen en vrouwen;0;2;3;Direct na afstuderen;1;Cohort 2002/'03;;;;;;;;;;;;;;;;
5469;Totaal mannen en vrouwen;0;2;3;Direct na afstuderen;1;Cohort 2003/'04;;;;;;;;;;;;;;;;
5470;Totaal mannen en vrouwen;0;2;3;Direct na afstuderen;2;Cohort 1999/'00;0.7;;0.7;;0.7;;;;;;;;;;;
5471;Totaal mannen en vrouwen;0;2;3;Direct na afstuderen;2;Cohort 2000/'01;2.7;2.7;2.7;2.7;2.7;2.7;;;;;;;;;;
5472;Totaal mannen en vrouwen;0;2;3;Direct na afstuderen;2;Cohort 2001/'02;2.2;2.2;2.2;2.2;2.2;2.2;;;;;;;;;;
5473;Totaal mannen en vrouwen;0;2;3;Direct na afstuderen;2;Cohort 2002/'03;1.5;1.5;1.5;1.5;1.5;1.5;;;;;;;;;;
5474;Totaal mannen en vrouwen;0;2;3;Direct na afstuderen;2;Cohort 2003/'04;0.5;;0.5;;0.5;;;;0.6;;;;0.6;;;
5475;Totaal mannen en vrouwen;0;2;3;Direct na afstuderen;3;Cohort 1999/'00;1.2;;1.2;;1.2;;;;;;;;;;;
5476;Totaal mannen en vrouwen;0;2;3;Direct na afstuderen;3;Cohort 2000/'01;0.9;;0.9;;0.9;;;;;;;;;;;
5477;Totaal mannen en vrouwen;0;2;3;Direct na afstuderen;3;Cohort 2001/'02;0.8;1.5;0.8;1.5;0.8;1.5;;;;;;;;;;
5478;Totaal mannen en vrouwen;0;2;3;Direct na afstuderen;3;Cohort 2002/'03;1.1;1.6;1.1;1.6;1.1;1.6;;;;;;;;;;
5479;Totaal mannen en vrouwen;0;2;3;Direct na afstuderen;3;Cohort 2003/'04;1.4;2.3;1.4;2.3;1.4;2.3;;;;;;;;;;
5480;Totaal mannen en vrouwen;0;2;3;Direct na afstuderen;4;Cohort 1999/'00;0.6;;0.6;;0.6;;;;;;;;;;;
5481;Totaal mannen en vrouwen;0;2;3;Direct na afstuderen;4;Cohort 2000/'01;0.4;;0.4;;0.4;;;;;;;;;;;
5482;Totaal mannen en vrouwen;0;2;3;Direct na afstuderen;4;Cohort 2001/'02;0.3;;0.3;;0.3;;;;;;;;;;;
5483;Totaal mannen en vrouwen;0;2;3;Direct na afstuderen;4;Cohort 2002/'03;1.4;1.7;1.4;1.7;1.4;1.7;;;;;;;;;;
5484;Totaal mannen en vrouwen;0;2;3;Direct na afstuderen;4;Cohort 2003/'04;0.6;;0.6;;0.6;;;;;;;;;;;
5485;Totaal mannen en vrouwen;0;2;3;Direct na afstuderen;5;Cohort 1999/'00;;;;;;;;;;;;;;;;
5486;Totaal mannen en vrouwen;0;2;3;Direct na afstuderen;5;Cohort 2000/'01;1.0;1.6;1.0;1.6;1.0;1.6;;;;;;;;;;
5487;Totaal mannen en vrouwen;0;2;3;Direct na afstuderen;5;Cohort 2001/'02;1.7;;1.7;;1.7;;;;;;;;;;;
5488;Totaal mannen en vrouwen;0;2;3;Direct na afstuderen;5;Cohort 2002/'03;1.5;;1.5;;1.5;;;;;;;;;;;
5489;Totaal mannen en vrouwen;0;2;3;Direct na afstuderen;5;Cohort 2003/'04;1.4;;1.4;;1.4;;;;;;;;;;;
5490;Totaal mannen en vrouwen;0;2;3;Direct na afstuderen;6;Cohort 1999/'00;1.1;;1.1;;1.1;;;;;;;;;;;
5491;Totaal mannen en vrouwen;0;2;3;Direct na afstuderen;6;Cohort 2000/'01;2.2;2.2;2.2;2.2;2.2;2.2;;;;;;;;;;
5492;Totaal mannen en vrouwen;0;2;3;Direct na afstuderen;6;Cohort 2001/'02;1.8;1.8;1.8;1.8;1.8;1.8;;;;;;;;;;
5493;Totaal mannen en vrouwen;0;2;3;Direct na afstuderen;6;Cohort 2002/'03;3.8;3.8;3.8;3.8;3.8;3.8;;;;;;;;;;
5494;Totaal mannen en vrouwen;0;2;3;Direct na afstuderen;6;Cohort 2003/'04;2.5;2.5;2.5;2.5;2.5;2.5;;;;;;;;;;
5495;Totaal mannen en vrouwen;0;2;3;Direct na afstuderen;7;Cohort 1999/'00;1.1;;1.1;;1.1;;;;;;;;;;;
5496;Totaal mannen en vrouwen;0;2;3;Direct na afstuderen;7;Cohort 2000/'01;1.0;1.7;1.0;1.7;1.0;1.7;;;;;;;;;;
5497;Totaal mannen en vrouwen;0;2;3;Direct na afstuderen;7;Cohort 2001/'02;0.9;2.3;0.4;;0.4;;;;2.3;2.3;;;2.3;2.3;;
5498;Totaal mannen en vrouwen;0;2;3;Direct na afstuderen;7;Cohort 2002/'03;1.1;;1.1;;1.1;;;;;;;;;;;
5499;Totaal mannen en vrouwen;0;2;3;Direct na afstuderen;7;Cohort 2003/'04;0.8;1.6;0.8;1.6;0.8;1.6;;;;;;;;;;
5500;Totaal mannen en vrouwen;0;2;3;Direct na afstuderen;8;Cohort 1999/'00;1.1;;1.1;;1.1;;;;;;;;;;;
5501;Totaal mannen en vrouwen;0;2;3;Direct na afstuderen;8;Cohort 2000/'01;1.2;1.5;1.2;1.5;1.2;1.5;;;;;;;;;;
5502;Totaal mannen en vrouwen;0;2;3;Direct na afstuderen;8;Cohort 2001/'02;0.8;1.4;0.8;1.4;0.8;1.4;;;;;;;;;;
5503;Totaal mannen en vrouwen;0;2;3;Direct na afstuderen;8;Cohort 2002/'03;1.0;1.2;1.0;1.2;1.0;1.2;;;;;;;;;;
5504;Totaal mannen en vrouwen;0;2;3;Direct na afstuderen;8;Cohort 2003/'04;0.7;0.4;0.7;0.4;0.7;0.4;;;1.2;;;;1.2;;;
5505;Totaal mannen en vrouwen;0;2;3;Direct na afstuderen;9;Cohort 1999/'00;1.6;;1.7;;1.7;;;;1.3;;;;1.3;;;
5506;Totaal mannen en vrouwen;0;2;3;Direct na afstuderen;9;Cohort 2000/'01;1.8;2.7;1.8;2.7;1.8;2.7;;;;;;;;;;
5507;Totaal mannen en vrouwen;0;2;3;Direct na afstuderen;9;Cohort 2001/'02;1.5;2.0;1.5;2.0;1.5;2.0;;;;;;;;;;
5508;Totaal mannen en vrouwen;0;2;3;Direct na afstuderen;9;Cohort 2002/'03;0.9;;0.9;;0.9;;;;;;;;;;;
5509;Totaal mannen en vrouwen;0;2;3;Direct na afstuderen;9;Cohort 2003/'04;1.1;1.7;1.1;1.7;1.1;1.7;;;;;;;;;;
5510;Totaal mannen en vrouwen;0;2;3;Direct na afstuderen;M Onderwijs;Cohort 1999/'00;1.4;;1.4;;1.4;;1.3;;1.5;;;;1.5;;;
5511;Totaal mannen en vrouwen;0;2;3;Direct na afstuderen;M Onderwijs;Cohort 2000/'01;1.6;1.8;1.6;1.8;1.6;1.8;;;1.5;;;;1.5;;;
5512;Totaal mannen en vrouwen;0;2;3;Direct na afstuderen;M Onderwijs;Cohort 2001/'02;1.6;1.9;1.6;1.9;1.6;1.9;1.6;1.6;1.4;2.4;;;1.4;2.4;;
5513;Totaal mannen en vrouwen;0;2;3;Direct na afstuderen;M Onderwijs;Cohort 2002/'03;1.6;2.1;1.6;2.1;1.6;2.1;1.0;1.2;1.7;3.4;;;1.7;3.4;;
5514;Totaal mannen en vrouwen;0;2;3;Direct na afstuderen;M Onderwijs;Cohort 2003/'04;1.7;2.1;1.7;2.0;1.7;2.0;1.7;;1.9;4.0;;;1.9;4.0;;
5515;Totaal mannen en vrouwen;0;2;3;Direct na afstuderen;N Gezondheids- en welzijnszorg;Cohort 1999/'00;1.3;;1.3;;1.3;;;;;;;;;;;
5516;Totaal mannen en vrouwen;0;2;3;Direct na afstuderen;N Gezondheids- en welzijnszorg;Cohort 2000/'01;1.2;1.5;1.2;1.5;1.2;1.5;;;;;;;;;;
5517;Totaal mannen en vrouwen;0;2;3;Direct na afstuderen;N Gezondheids- en welzijnszorg;Cohort 2001/'02;1.5;2.1;1.5;2.1;1.5;2.1;;;;;;;;;;
5518;Totaal mannen en vrouwen;0;2;3;Direct na afstuderen;N Gezondheids- en welzijnszorg;Cohort 2002/'03;1.1;2.0;1.1;2.0;1.1;2.0;;;;;;;;;;
5519;Totaal mannen en vrouwen;0;2;3;Direct na afstuderen;N Gezondheids- en welzijnszorg;Cohort 2003/'04;1.6;2.2;1.6;2.2;1.6;2.2;;;;;;;;;;
5520;Totaal mannen en vrouwen;0;2;3;Direct na afstuderen;9000e Milieu, cultuur, recreatie en ..;Cohort 1999/'00;1.0;;1.0;;1.0;;;;;;;;;;;
5521;Totaal mannen en vrouwen;0;2;3;Direct na afstuderen;9000e Milieu, cultuur, recreatie en ..;Cohort 2000/'01;1.1;1.9;1.1;1.9;1.1;1.9;;;;;;;;;;
5522;Totaal mannen en vrouwen;0;2;3;Direct na afstuderen;9000e Milieu, cultuur, recreatie en ..;Cohort 2001/'02;0.7;;0.6;;0.6;;;;0.8;;;;0.8;;;
5523;Totaal mannen en vrouwen;0;2;3;Direct na afstuderen;9000e Milieu, cultuur, recreatie en ..;Cohort 2002/'03;0.5;;0.4;;0.4;;;;0.9;;;;0.9;;;
5524;Totaal mannen en vrouwen;0;2;3;Direct na afstuderen;9000e Milieu, cultuur, recreatie en ..;Cohort 2003/'04;1.3;2.0;1.3;2.0;1.3;2.0;;;;;;;;;;
5525;Totaal mannen en vrouwen;0;2;3;Direct na afstuderen;Onbekend;Cohort 1999/'00;;;;;;;;;;;;;;;;
5526;Totaal mannen en vrouwen;0;2;3;Direct na afstuderen;Onbekend;Cohort 2000/'01;;;;;;;;;;;;;;;;
5527;Totaal mannen en vrouwen;0;2;3;Direct na afstuderen;Onbekend;Cohort 2001/'02;;;;;;;;;;;;;;;;
5528;Totaal mannen en vrouwen;0;2;3;Direct na afstuderen;Onbekend;Cohort 2002/'03;;;;;;;;;;;;;;;;
5529;Totaal mannen en vrouwen;0;2;3;Direct na afstuderen;Onbekend;Cohort 2003/'04;;;;;;;;;;;;;;;;
5530;Totaal mannen en vrouwen;0;2;3;Één jaar na afstuderen;0;Cohort 1999/'00;1.9;2.1;1.9;2.1;1.9;2.1;1.4;;1.8;1.6;;;1.8;1.6;;
5531;Totaal mannen en vrouwen;0;2;3;Één jaar na afstuderen;0;Cohort 2000/'01;1.9;2.2;1.9;2.2;1.9;2.2;;;1.9;2.3;;;1.9;2.3;;
5532;Totaal mannen en vrouwen;0;2;3;Één jaar na afstuderen;0;Cohort 2001/'02;1.9;2.2;1.9;2.2;1.9;2.2;1.5;1.5;1.9;2.6;;;1.9;2.6;;
5533;Totaal mannen en vrouwen;0;2;3;Één jaar na afstuderen;0;Cohort 2002/'03;2.1;2.4;2.1;2.4;2.1;2.4;2.3;2.4;2.1;4.2;;;2.1;4.2;;
5534;Totaal mannen en vrouwen;0;2;3;Één jaar na afstuderen;0;Cohort 2003/'04;2.0;2.3;2.0;2.3;2.0;2.3;1.8;;2.3;;;;2.3;;;
5535;Totaal mannen en vrouwen;0;2;3;Één jaar na afstuderen;1;Cohort 1999/'00;;;;;;;;;;;;;;;;
5536;Totaal mannen en vrouwen;0;2;3;Één jaar na afstuderen;1;Cohort 2000/'01;;;;;;;;;;;;;;;;
5537;Totaal mannen en vrouwen;0;2;3;Één jaar na afstuderen;1;Cohort 2001/'02;;;;;;;;;;;;;;;;
5538;Totaal mannen en vrouwen;0;2;3;Één jaar na afstuderen;1;Cohort 2002/'03;;;;;;;;;;;;;;;;
5539;Totaal mannen en vrouwen;0;2;3;Één jaar na afstuderen;1;Cohort 2003/'04;;;;;;;;;;;;;;;;
5540;Totaal mannen en vrouwen;0;2;3;Één jaar na afstuderen;2;Cohort 1999/'00;2.0;2.0;2.0;2.0;2.0;2.0;;;;;;;;;;
5541;Totaal mannen en vrouwen;0;2;3;Één jaar na afstuderen;2;Cohort 2000/'01;2.3;2.3;2.3;2.3;2.3;2.3;;;;;;;;;;
5542;Totaal mannen en vrouwen;0;2;3;Één jaar na afstuderen;2;Cohort 2001/'02;1.6;0.9;0.9;0.9;0.9;0.9;;;2.2;;;;2.2;;;
5543;Totaal mannen en vrouwen;0;2;3;Één jaar na afstuderen;2;Cohort 2002/'03;;;;;;;;;;;;;;;;
5544;Totaal mannen en vrouwen;0;2;3;Één jaar na afstuderen;2;Cohort 2003/'04;1.9;1.7;1.7;1.7;1.7;1.7;;;2.1;;;;2.1;;;
5545;Totaal mannen en vrouwen;0;2;3;Één jaar na afstuderen;3;Cohort 1999/'00;2.1;2.1;2.1;2.1;2.1;2.1;;;;;;;;;;
5546;Totaal mannen en vrouwen;0;2;3;Één jaar na afstuderen;3;Cohort 2000/'01;1.3;2.1;1.3;2.1;1.3;2.1;;;;;;;;;;
5547;Totaal mannen en vrouwen;0;2;3;Één jaar na afstuderen;3;Cohort 2001/'02;1.5;1.6;1.5;1.6;1.5;1.6;;;;;;;;;;
5548;Totaal mannen en vrouwen;0;2;3;Één jaar na afstuderen;3;Cohort 2002/'03;1.5;;1.5;;1.5;;;;1.1;;;;1.1;;;
5549;Totaal mannen en vrouwen;0;2;3;Één jaar na afstuderen;3;Cohort 2003/'04;1.5;2.0;1.5;2.0;1.5;2.0;;;;;;;;;;
5550;Totaal mannen en vrouwen;0;2;3;Één jaar na afstuderen;4;Cohort 1999/'00;;;;;;;;;;;;;;;;
5551;Totaal mannen en vrouwen;0;2;3;Één jaar na afstuderen;4;Cohort 2000/'01;;;;;;;;;;;;;;;;
5552;Totaal mannen en vrouwen;0;2;3;Één jaar na afstuderen;4;Cohort 2001/'02;;;;;;;;;;;;;;;;
5553;Totaal mannen en vrouwen;0;2;3;Één jaar na afstuderen;4;Cohort 2002/'03;1.9;2.0;1.9;2.0;1.9;2.0;;;;;;;;;;
5554;Totaal mannen en vrouwen;0;2;3;Één jaar na afstuderen;4;Cohort 2003/'04;1.2;2.1;1.2;2.1;1.2;2.1;;;;;;;;;;
5555;Totaal mannen en vrouwen;0;2;3;Één jaar na afstuderen;5;Cohort 1999/'00;1.6;1.6;1.6;1.6;1.6;1.6;;;;;;;;;;
5556;Totaal mannen en vrouwen;0;2;3;Één jaar na afstuderen;5;Cohort 2000/'01;2.5;2.5;2.5;2.5;2.5;2.5;;;;;;;;;;
5557;Totaal mannen en vrouwen;0;2;3;Één jaar na afstuderen;5;Cohort 2001/'02;2.0;2.0;2.0;2.0;2.0;2.0;;;;;;;;;;
5558;Totaal mannen en vrouwen;0;2;3;Één jaar na afstuderen;5;Cohort 2002/'03;3.0;3.0;3.0;3.0;3.0;3.0;;;;;;;;;;
5559;Totaal mannen en vrouwen;0;2;3;Één jaar na afstuderen;5;Cohort 2003/'04;2.3;2.3;2.3;2.3;2.3;2.3;;;;;;;;;;
5560;Totaal mannen en vrouwen;0;2;3;Één jaar na afstuderen;6;Cohort 1999/'00;1.8;1.8;1.8;1.8;1.8;1.8;;;;;;;;;;
5561;Totaal mannen en vrouwen;0;2;3;Één jaar na afstuderen;6;Cohort 2000/'01;2.4;2.4;2.4;2.4;2.4;2.4;;;;;;;;;;
5562;Totaal mannen en vrouwen;0;2;3;Één jaar na afstuderen;6;Cohort 2001/'02;;;;;;;;;;;;;;;;
5563;Totaal mannen en vrouwen;0;2;3;Één jaar na afstuderen;6;Cohort 2002/'03;3.3;3.3;3.3;3.3;3.3;3.3;;;;;;;;;;
5564;Totaal mannen en vrouwen;0;2;3;Één jaar na afstuderen;6;Cohort 2003/'04;2.1;2.1;2.1;2.1;2.1;2.1;;;;;;;;;;
5565;Totaal mannen en vrouwen;0;2;3;Één jaar na afstuderen;7;Cohort 1999/'00;2.0;2.0;2.0;2.0;2.0;2.0;;;1.6;1.6;;;1.6;1.6;;
5566;Totaal mannen en vrouwen;0;2;3;Één jaar na afstuderen;7;Cohort 2000/'01;1.5;1.8;1.5;1.8;1.5;1.8;;;;;;;;;;
5567;Totaal mannen en vrouwen;0;2;3;Één jaar na afstuderen;7;Cohort 2001/'02;2.0;2.5;;;;;;;2.0;2.5;;;2.0;2.5;;
5568;Totaal mannen en vrouwen;0;2;3;Één jaar na afstuderen;7;Cohort 2002/'03;1.7;;1.7;;1.7;;;;;;;;;;;
5569;Totaal mannen en vrouwen;0;2;3;Één jaar na afstuderen;7;Cohort 2003/'04;1.4;1.8;1.4;1.8;1.4;1.8;;;;;;;;;;
5570;Totaal mannen en vrouwen;0;2;3;Één jaar na afstuderen;8;Cohort 1999/'00;1.2;1.7;1.2;1.7;1.2;1.7;;;;;;;;;;
5571;Totaal mannen en vrouwen;0;2;3;Één jaar na afstuderen;8;Cohort 2000/'01;1.6;1.6;1.6;1.6;1.6;1.6;;;;;;;;;;
5572;Totaal mannen en vrouwen;0;2;3;Één jaar na afstuderen;8;Cohort 2001/'02;1.3;2.8;1.3;2.8;1.3;2.8;;;;;;;;;;
5573;Totaal mannen en vrouwen;0;2;3;Één jaar na afstuderen;8;Cohort 2002/'03;1.3;2.4;1.3;2.4;1.3;2.4;;;;;;;;;;
5574;Totaal mannen en vrouwen;0;2;3;Één jaar na afstuderen;8;Cohort 2003/'04;1.3;2.0;1.3;2.0;1.3;2.0;;;;;;;;;;
5575;Totaal mannen en vrouwen;0;2;3;Één jaar na afstuderen;9;Cohort 1999/'00;1.9;1.8;1.9;1.8;1.9;1.8;;;1.7;;;;1.7;;;
5576;Totaal mannen en vrouwen;0;2;3;Één jaar na afstuderen;9;Cohort 2000/'01;1.9;;1.9;;1.9;;;;;;;;;;;
5577;Totaal mannen en vrouwen;0;2;3;Één jaar na afstuderen;9;Cohort 2001/'02;1.9;2.2;1.9;2.2;1.9;2.2;;;;;;;;;;
5578;Totaal mannen en vrouwen;0;2;3;Één jaar na afstuderen;9;Cohort 2002/'03;;;;;;;;;;;;;;;;
5579;Totaal mannen en vrouwen;0;2;3;Één jaar na afstuderen;9;Cohort 2003/'04;1.7;1.4;1.7;1.4;1.7;1.4;;;;;;;;;;
5580;Totaal mannen en vrouwen;0;2;3;Één jaar na afstuderen;M Onderwijs;Cohort 1999/'00;2.0;2.2;2.0;2.2;2.0;2.2;1.4;;1.9;1.6;;;1.9;1.6;;
5581;Totaal mannen en vrouwen;0;2;3;Één jaar na afstuderen;M Onderwijs;Cohort 2000/'01;2.0;2.2;2.0;2.2;2.0;2.2;;;1.9;2.3;;;1.9;2.3;;
5582;Totaal mannen en vrouwen;0;2;3;Één jaar na afstuderen;M Onderwijs;Cohort 2001/'02;2.0;2.3;2.0;2.3;2.0;2.3;1.5;1.5;1.8;2.7;;;1.8;2.7;;
5583;Totaal mannen en vrouwen;0;2;3;Één jaar na afstuderen;M Onderwijs;Cohort 2002/'03;2.2;2.4;2.2;2.4;2.2;2.4;2.3;2.4;2.4;4.2;;;2.4;4.2;;
5584;Totaal mannen en vrouwen;0;2;3;Één jaar na afstuderen;M Onderwijs;Cohort 2003/'04;2.1;2.4;2.1;2.4;2.1;2.4;1.8;;2.3;;;;2.3;;;
5585;Totaal mannen en vrouwen;0;2;3;Één jaar na afstuderen;N Gezondheids- en welzijnszorg;Cohort 1999/'00;1.5;;1.5;;1.5;;;;;;;;;;;
5586;Totaal mannen en vrouwen;0;2;3;Één jaar na afstuderen;N Gezondheids- en welzijnszorg;Cohort 2000/'01;1.4;2.0;1.4;2.0;1.4;2.0;;;;;;;;;;
5587;Totaal mannen en vrouwen;0;2;3;Één jaar na afstuderen;N Gezondheids- en welzijnszorg;Cohort 2001/'02;1.7;1.3;1.6;1.3;1.6;1.3;;;1.8;;;;1.8;;;
5588;Totaal mannen en vrouwen;0;2;3;Één jaar na afstuderen;N Gezondheids- en welzijnszorg;Cohort 2002/'03;3.0;3.0;3.0;3.0;3.0;3.0;;;;;;;;;;
5589;Totaal mannen en vrouwen;0;2;3;Één jaar na afstuderen;N Gezondheids- en welzijnszorg;Cohort 2003/'04;2.3;3.0;2.3;3.0;2.3;3.0;;;;;;;;;;
5590;Totaal mannen en vrouwen;0;2;3;Één jaar na afstuderen;9000e Milieu, cultuur, recreatie en ..;Cohort 1999/'00;1.2;;1.2;;1.2;;;;;;;;;;;
5591;Totaal mannen en vrouwen;0;2;3;Één jaar na afstuderen;9000e Milieu, cultuur, recreatie en ..;Cohort 2000/'01;0.9;;0.9;;0.9;;;;;;;;;;;
5592;Totaal mannen en vrouwen;0;2;3;Één jaar na afstuderen;9000e Milieu, cultuur, recreatie en ..;Cohort 2001/'02;1.0;1.3;1.0;1.3;1.0;1.3;;;;;;;;;;
5593;Totaal mannen en vrouwen;0;2;3;Één jaar na afstuderen;9000e Milieu, cultuur, recreatie en ..;Cohort 2002/'03;1.4;1.8;1.8;1.8;1.8;1.8;;;1.1;;;;1.1;;;
5594;Totaal mannen en vrouwen;0;2;3;Één jaar na afstuderen;9000e Milieu, cultuur, recreatie en ..;Cohort 2003/'04;2.9;4.8;2.9;4.8;2.9;4.8;;;;;;;;;;
5595;Totaal mannen en vrouwen;0;2;3;Één jaar na afstuderen;Onbekend;Cohort 1999/'00;;;;;;;;;;;;;;;;
5596;Totaal mannen en vrouwen;0;2;3;Één jaar na afstuderen;Onbekend;Cohort 2000/'01;;;;;;;;;;;;;;;;
5597;Totaal mannen en vrouwen;0;2;3;Één jaar na afstuderen;Onbekend;Cohort 2001/'02;;;;;;;;;;;;;;;;
5598;Totaal mannen en vrouwen;0;2;3;Één jaar na afstuderen;Onbekend;Cohort 2002/'03;2.1;;2.1;;2.1;;;;;;;;;;;
5599;Totaal mannen en vrouwen;0;2;3;Één jaar na afstuderen;Onbekend;Cohort 2003/'04;;;;;;;;;;;;;;;;
5600;Totaal mannen en vrouwen;0;2;3;Twee jaar na afstuderen;0;Cohort 1999/'00;2.1;2.3;2.1;2.3;2.1;2.3;2.1;;1.9;2.1;;;1.9;2.1;;
5601;Totaal mannen en vrouwen;0;2;3;Twee jaar na afstuderen;0;Cohort 2000/'01;2.1;2.4;2.1;2.4;2.1;2.4;;;1.9;2.6;;;1.9;2.6;;
5602;Totaal mannen en vrouwen;0;2;3;Twee jaar na afstuderen;0;Cohort 2001/'02;2.1;2.5;2.1;2.4;2.1;2.4;1.6;;2.3;3.1;;;2.3;3.1;;
5603;Totaal mannen en vrouwen;0;2;3;Twee jaar na afstuderen;0;Cohort 2002/'03;2.2;2.6;2.2;2.6;2.2;2.6;2.5;;1.9;2.6;;;1.9;2.6;;
5604;Totaal mannen en vrouwen;0;2;3;Twee jaar na afstuderen;0;Cohort 2003/'04;2.2;2.6;2.2;2.6;2.2;2.6;2.0;;2.2;2.4;2.2;2.2;2.3;2.5;;
5605;Totaal mannen en vrouwen;0;2;3;Twee jaar na afstuderen;1;Cohort 1999/'00;;;;;;;;;;;;;;;;
5606;Totaal mannen en vrouwen;0;2;3;Twee jaar na afstuderen;1;Cohort 2000/'01;;;;;;;;;;;;;;;;
5607;Totaal mannen en vrouwen;0;2;3;Twee jaar na afstuderen;1;Cohort 2001/'02;;;;;;;;;;;;;;;;
5608;Totaal mannen en vrouwen;0;2;3;Twee jaar na afstuderen;1;Cohort 2002/'03;;;;;;;;;;;;;;;;
5609;Totaal mannen en vrouwen;0;2;3;Twee jaar na afstuderen;1;Cohort 2003/'04;;;;;;;;;;;;;;;;
5610;Totaal mannen en vrouwen;0;2;3;Twee jaar na afstuderen;2;Cohort 1999/'00;2.2;2.2;2.2;2.2;2.2;2.2;;;;;;;;;;
5611;Totaal mannen en vrouwen;0;2;3;Twee jaar na afstuderen;2;Cohort 2000/'01;2.2;2.4;2.2;2.4;2.2;2.4;;;;;;;;;;
5612;Totaal mannen en vrouwen;0;2;3;Twee jaar na afstuderen;2;Cohort 2001/'02;2.4;;;;;;;;2.4;;;;2.4;;;
5613;Totaal mannen en vrouwen;0;2;3;Twee jaar na afstuderen;2;Cohort 2002/'03;0.9;;0.9;;0.9;;;;;;;;;;;
5614;Totaal mannen en vrouwen;0;2;3;Twee jaar na afstuderen;2;Cohort 2003/'04;1.7;1.7;1.7;1.7;1.7;1.7;;;;;;;;;;
5615;Totaal mannen en vrouwen;0;2;3;Twee jaar na afstuderen;3;Cohort 1999/'00;2.1;2.1;2.1;2.1;2.1;2.1;;;;;;;;;;
5616;Totaal mannen en vrouwen;0;2;3;Twee jaar na afstuderen;3;Cohort 2000/'01;1.4;;1.4;;1.4;;;;;;;;;;;
5617;Totaal mannen en vrouwen;0;2;3;Twee jaar na afstuderen;3;Cohort 2001/'02;1.6;1.7;1.6;1.7;1.6;1.7;;;;;;;;;;
5618;Totaal mannen en vrouwen;0;2;3;Twee jaar na afstuderen;3;Cohort 2002/'03;1.8;;1.9;;1.9;;;;1.3;;;;1.3;;;
5619;Totaal mannen en vrouwen;0;2;3;Twee jaar na afstuderen;3;Cohort 2003/'04;1.3;1.7;1.3;1.7;1.3;1.7;;;;;;;;;;
5620;Totaal mannen en vrouwen;0;2;3;Twee jaar na afstuderen;4;Cohort 1999/'00;;;;;;;;;;;;;;;;
5621;Totaal mannen en vrouwen;0;2;3;Twee jaar na afstuderen;4;Cohort 2000/'01;0.3;;0.3;;0.3;;;;;;;;;;;
5622;Totaal mannen en vrouwen;0;2;3;Twee jaar na afstuderen;4;Cohort 2001/'02;;;;;;;;;;;;;;;;
5623;Totaal mannen en vrouwen;0;2;3;Twee jaar na afstuderen;4;Cohort 2002/'03;1.2;;1.2;;1.2;;;;;;;;;;;
5624;Totaal mannen en vrouwen;0;2;3;Twee jaar na afstuderen;4;Cohort 2003/'04;0.5;;0.5;;0.5;;;;;;;;;;;
5625;Totaal mannen en vrouwen;0;2;3;Twee jaar na afstuderen;5;Cohort 1999/'00;2.0;2.0;2.0;2.0;2.0;2.0;;;;;;;;;;
5626;Totaal mannen en vrouwen;0;2;3;Twee jaar na afstuderen;5;Cohort 2000/'01;1.9;2.2;1.9;2.2;1.9;2.2;;;;;;;;;;
5627;Totaal mannen en vrouwen;0;2;3;Twee jaar na afstuderen;5;Cohort 2001/'02;1.9;2.3;1.9;2.3;1.9;2.3;;;;;;;;;;
5628;Totaal mannen en vrouwen;0;2;3;Twee jaar na afstuderen;5;Cohort 2002/'03;2.6;2.6;2.6;2.6;2.6;2.6;;;;;;;;;;
5629;Totaal mannen en vrouwen;0;2;3;Twee jaar na afstuderen;5;Cohort 2003/'04;3.1;3.1;3.1;3.1;3.1;3.1;;;;;;;;;;
5630;Totaal mannen en vrouwen;0;2;3;Twee jaar na afstuderen;6;Cohort 1999/'00;2.0;2.0;2.0;2.0;2.0;2.0;;;;;;;;;;
5631;Totaal mannen en vrouwen;0;2;3;Twee jaar na afstuderen;6;Cohort 2000/'01;2.2;2.2;2.2;2.2;2.2;2.2;;;;;;;;;;
5632;Totaal mannen en vrouwen;0;2;3;Twee jaar na afstuderen;6;Cohort 2001/'02;;;;;;;;;;;;;;;;
5633;Totaal mannen en vrouwen;0;2;3;Twee jaar na afstuderen;6;Cohort 2002/'03;4.7;4.7;4.7;4.7;4.7;4.7;;;;;;;;;;
5634;Totaal mannen en vrouwen;0;2;3;Twee jaar na afstuderen;6;Cohort 2003/'04;2.8;2.8;2.8;2.8;2.8;2.8;;;;;;;;;;
5635;Totaal mannen en vrouwen;0;2;3;Twee jaar na afstuderen;7;Cohort 1999/'00;2.1;2.4;2.1;2.4;2.1;2.4;;;2.2;2.2;;;2.2;2.2;;
5636;Totaal mannen en vrouwen;0;2;3;Twee jaar na afstuderen;7;Cohort 2000/'01;2.6;2.8;2.6;2.8;2.6;2.8;;;;;;;;;;
5637;Totaal mannen en vrouwen;0;2;3;Twee jaar na afstuderen;7;Cohort 2001/'02;2.6;3.1;;;;;;;2.6;3.1;;;2.6;3.1;;
5638;Totaal mannen en vrouwen;0;2;3;Twee jaar na afstuderen;7;Cohort 2002/'03;1.9;;1.9;;1.9;;;;;;;;;;;
5639;Totaal mannen en vrouwen;0;2;3;Twee jaar na afstuderen;7;Cohort 2003/'04;1.6;2.2;1.4;;1.4;;;;2.2;2.2;2.2;2.2;;;;
5640;Totaal mannen en vrouwen;0;2;3;Twee jaar na afstuderen;8;Cohort 1999/'00;1.3;1.9;1.3;1.9;1.3;1.9;;;;;;;;;;
5641;Totaal mannen en vrouwen;0;2;3;Twee jaar na afstuderen;8;Cohort 2000/'01;1.9;1.9;1.9;1.9;1.9;1.9;;;;;;;;;;
5642;Totaal mannen en vrouwen;0;2;3;Twee jaar na afstuderen;8;Cohort 2001/'02;1.4;3.1;1.4;3.1;1.4;3.1;;;;;;;;;;
5643;Totaal mannen en vrouwen;0;2;3;Twee jaar na afstuderen;8;Cohort 2002/'03;1.6;2.1;1.6;2.1;1.6;2.1;;;;;;;;;;
5644;Totaal mannen en vrouwen;0;2;3;Twee jaar na afstuderen;8;Cohort 2003/'04;1.1;;1.2;;1.2;;;;0.2;;;;0.2;;;
5645;Totaal mannen en vrouwen;0;2;3;Twee jaar na afstuderen;9;Cohort 1999/'00;1.8;1.8;1.8;1.8;1.8;1.8;;;1.7;;;;1.7;;;
5646;Totaal mannen en vrouwen;0;2;3;Twee jaar na afstuderen;9;Cohort 2000/'01;2.9;3.7;2.9;3.7;2.9;3.7;;;;;;;;;;
5647;Totaal mannen en vrouwen;0;2;3;Twee jaar na afstuderen;9;Cohort 2001/'02;2.1;2.3;2.1;2.3;2.1;2.3;;;;;;;;;;
5648;Totaal mannen en vrouwen;0;2;3;Twee jaar na afstuderen;9;Cohort 2002/'03;2.5;2.6;2.5;2.6;2.5;2.6;;;;;;;;;;
5649;Totaal mannen en vrouwen;0;2;3;Twee jaar na afstuderen;9;Cohort 2003/'04;2.5;2.3;2.3;;2.3;;;;2.6;2.3;;;2.6;2.3;;
5650;Totaal mannen en vrouwen;0;2;3;Twee jaar na afstuderen;M Onderwijs;Cohort 1999/'00;2.1;2.3;2.2;2.3;2.2;2.3;2.1;;1.9;2.1;;;1.9;2.1;;
5651;Totaal mannen en vrouwen;0;2;3;Twee jaar na afstuderen;M Onderwijs;Cohort 2000/'01;2.1;2.4;2.2;2.4;2.2;2.4;;;1.9;2.6;;;1.9;2.6;;
5652;Totaal mannen en vrouwen;0;2;3;Twee jaar na afstuderen;M Onderwijs;Cohort 2001/'02;2.2;2.5;2.2;2.5;2.2;2.5;1.6;;2.1;3.1;;;2.1;3.1;;
5653;Totaal mannen en vrouwen;0;2;3;Twee jaar na afstuderen;M Onderwijs;Cohort 2002/'03;2.3;2.5;2.3;2.5;2.3;2.5;2.5;;2.0;2.6;;;2.0;2.6;;
5654;Totaal mannen en vrouwen;0;2;3;Twee jaar na afstuderen;M Onderwijs;Cohort 2003/'04;2.3;2.6;2.3;2.6;2.3;2.6;2.0;;2.5;2.6;;;2.5;2.6;;
5655;Totaal mannen en vrouwen;0;2;3;Twee jaar na afstuderen;N Gezondheids- en welzijnszorg;Cohort 1999/'00;2.2;2.9;2.2;2.9;2.2;2.9;;;;;;;;;;
5656;Totaal mannen en vrouwen;0;2;3;Twee jaar na afstuderen;N Gezondheids- en welzijnszorg;Cohort 2000/'01;1.8;2.1;1.8;2.1;1.8;2.1;;;;;;;;;;
5657;Totaal mannen en vrouwen;0;2;3;Twee jaar na afstuderen;N Gezondheids- en welzijnszorg;Cohort 2001/'02;2.0;2.3;1.8;2.3;1.8;2.3;;;3.1;;;;3.1;;;
5658;Totaal mannen en vrouwen;0;2;3;Twee jaar na afstuderen;N Gezondheids- en welzijnszorg;Cohort 2002/'03;1.8;;1.8;;1.8;;;;;;;;;;;
5659;Totaal mannen en vrouwen;0;2;3;Twee jaar na afstuderen;N Gezondheids- en welzijnszorg;Cohort 2003/'04;1.9;2.4;1.9;2.4;1.9;2.4;;;;;;;;;;
5660;Totaal mannen en vrouwen;0;2;3;Twee jaar na afstuderen;9000e Milieu, cultuur, recreatie en ..;Cohort 1999/'00;1.8;;1.8;;1.8;;;;;;;;;;;
5661;Totaal mannen en vrouwen;0;2;3;Twee jaar na afstuderen;9000e Milieu, cultuur, recreatie en ..;Cohort 2000/'01;1.6;2.0;1.6;2.0;1.6;2.0;;;;;;;;;;
5662;Totaal mannen en vrouwen;0;2;3;Twee jaar na afstuderen;9000e Milieu, cultuur, recreatie en ..;Cohort 2001/'02;0.8;;0.8;;0.8;;;;;;;;;;;
5663;Totaal mannen en vrouwen;0;2;3;Twee jaar na afstuderen;9000e Milieu, cultuur, recreatie en ..;Cohort 2002/'03;1.6;;2.0;;2.0;;;;1.1;;;;1.1;;;
5664;Totaal mannen en vrouwen;0;2;3;Twee jaar na afstuderen;9000e Milieu, cultuur, recreatie en ..;Cohort 2003/'04;3.0;4.4;3.0;4.4;3.0;4.4;;;;;;;;;;
5665;Totaal mannen en vrouwen;0;2;3;Twee jaar na afstuderen;Onbekend;Cohort 1999/'00;;;;;;;;;;;;;;;;
5666;Totaal mannen en vrouwen;0;2;3;Twee jaar na afstuderen;Onbekend;Cohort 2000/'01;;;;;;;;;;;;;;;;
5667;Totaal mannen en vrouwen;0;2;3;Twee jaar na afstuderen;Onbekend;Cohort 2001/'02;;;;;;;;;;;;;;;;
5668;Totaal mannen en vrouwen;0;2;3;Twee jaar na afstuderen;Onbekend;Cohort 2002/'03;2.1;2.1;2.1;2.1;2.1;2.1;;;;;;;;;;
5669;Totaal mannen en vrouwen;0;2;3;Twee jaar na afstuderen;Onbekend;Cohort 2003/'04;3.3;3.3;3.3;3.3;3.3;3.3;;;;;;;;;;
5670;Totaal mannen en vrouwen;0;2;3;Drie jaar na afstuderen;0;Cohort 1999/'00;2.1;2.4;2.1;2.4;2.1;2.4;2.1;;1.9;2.4;;;1.9;2.4;;
5671;Totaal mannen en vrouwen;0;2;3;Drie jaar na afstuderen;0;Cohort 2000/'01;2.3;2.5;2.3;2.5;2.3;2.5;;;2.2;2.7;;;2.2;2.7;;
5672;Totaal mannen en vrouwen;0;2;3;Drie jaar na afstuderen;0;Cohort 2001/'02;2.2;2.5;2.2;2.5;2.2;2.5;2.4;2.4;2.2;2.9;;;2.2;2.9;;
5673;Totaal mannen en vrouwen;0;2;3;Drie jaar na afstuderen;0;Cohort 2002/'03;2.3;2.6;2.3;2.6;2.3;2.6;2.2;2.4;2.2;2.6;;;2.2;2.6;;
5674;Totaal mannen en vrouwen;0;2;3;Drie jaar na afstuderen;0;Cohort 2003/'04;2.4;2.7;2.4;2.6;2.4;2.6;;;3.1;3.8;3.1;3.1;3.1;4.0;;
5675;Totaal mannen en vrouwen;0;2;3;Drie jaar na afstuderen;1;Cohort 1999/'00;;;;;;;;;;;;;;;;
5676;Totaal mannen en vrouwen;0;2;3;Drie jaar na afstuderen;1;Cohort 2000/'01;;;;;;;;;;;;;;;;
5677;Totaal mannen en vrouwen;0;2;3;Drie jaar na afstuderen;1;Cohort 2001/'02;;;;;;;;;;;;;;;;
5678;Totaal mannen en vrouwen;0;2;3;Drie jaar na afstuderen;1;Cohort 2002/'03;;;;;;;;;;;;;;;;
5679;Totaal mannen en vrouwen;0;2;3;Drie jaar na afstuderen;1;Cohort 2003/'04;;;;;;;;;;;;;;;;
5680;Totaal mannen en vrouwen;0;2;3;Drie jaar na afstuderen;2;Cohort 1999/'00;2.2;2.4;2.2;2.4;2.2;2.4;;;;;;;;;;
5681;Totaal mannen en vrouwen;0;2;3;Drie jaar na afstuderen;2;Cohort 2000/'01;2.4;2.5;2.4;2.5;2.4;2.5;;;;;;;;;;
5682;Totaal mannen en vrouwen;0;2;3;Drie jaar na afstuderen;2;Cohort 2001/'02;2.3;1.8;1.8;1.8;1.8;1.8;;;2.8;;;;2.8;;;
5683;Totaal mannen en vrouwen;0;2;3;Drie jaar na afstuderen;2;Cohort 2002/'03;1.7;2.0;1.7;2.0;1.7;2.0;;;;;;;;;;
5684;Totaal mannen en vrouwen;0;2;3;Drie jaar na afstuderen;2;Cohort 2003/'04;2.1;2.1;1.7;1.7;1.7;1.7;;;2.8;2.8;;;2.8;2.8;;
5685;Totaal mannen en vrouwen;0;2;3;Drie jaar na afstuderen;3;Cohort 1999/'00;2.2;2.2;2.2;2.2;2.2;2.2;;;;;;;;;;
5686;Totaal mannen en vrouwen;0;2;3;Drie jaar na afstuderen;3;Cohort 2000/'01;2.5;2.5;2.5;2.5;2.5;2.5;;;;;;;;;;
5687;Totaal mannen en vrouwen;0;2;3;Drie jaar na afstuderen;3;Cohort 2001/'02;1.7;1.9;1.7;1.9;1.7;1.9;;;;;;;;;;
5688;Totaal mannen en vrouwen;0;2;3;Drie jaar na afstuderen;3;Cohort 2002/'03;2.3;1.7;2.3;1.7;2.3;1.7;;;;;;;;;;
5689;Totaal mannen en vrouwen;0;2;3;Drie jaar na afstuderen;3;Cohort 2003/'04;2.7;2.8;2.7;2.8;2.7;2.8;;;;;;;;;;
5690;Totaal mannen en vrouwen;0;2;3;Drie jaar na afstuderen;4;Cohort 1999/'00;;;;;;;;;;;;;;;;
5691;Totaal mannen en vrouwen;0;2;3;Drie jaar na afstuderen;4;Cohort 2000/'01;1.7;1.7;1.7;1.7;1.7;1.7;;;;;;;;;;
5692;Totaal mannen en vrouwen;0;2;3;Drie jaar na afstuderen;4;Cohort 2001/'02;;;;;;;;;;;;;;;;
5693;Totaal mannen en vrouwen;0;2;3;Drie jaar na afstuderen;4;Cohort 2002/'03;0.7;;0.7;;0.7;;;;;;;;;;;
5694;Totaal mannen en vrouwen;0;2;3;Drie jaar na afstuderen;4;Cohort 2003/'04;1.5;1.5;1.5;1.5;1.5;1.5;;;;;;;;;;
5695;Totaal mannen en vrouwen;0;2;3;Drie jaar na afstuderen;5;Cohort 1999/'00;1.4;2.1;1.4;2.1;1.4;2.1;;;;;;;;;;
5696;Totaal mannen en vrouwen;0;2;3;Drie jaar na afstuderen;5;Cohort 2000/'01;1.7;2.3;1.7;2.3;1.7;2.3;;;;;;;;;;
5697;Totaal mannen en vrouwen;0;2;3;Drie jaar na afstuderen;5;Cohort 2001/'02;1.6;2.3;1.6;2.3;1.6;2.3;;;;;;;;;;
5698;Totaal mannen en vrouwen;0;2;3;Drie jaar na afstuderen;5;Cohort 2002/'03;2.5;2.5;2.5;2.5;2.5;2.5;;;;;;;;;;
5699;Totaal mannen en vrouwen;0;2;3;Drie jaar na afstuderen;5;Cohort 2003/'04;2.7;3.3;2.5;3.5;2.5;3.5;;;3.1;3.1;3.1;3.1;;;;
5700;Totaal mannen en vrouwen;0;2;3;Drie jaar na afstuderen;6;Cohort 1999/'00;2.3;2.3;2.3;2.3;2.3;2.3;;;;;;;;;;
5701;Totaal mannen en vrouwen;0;2;3;Drie jaar na afstuderen;6;Cohort 2000/'01;2.5;2.7;2.5;2.7;2.5;2.7;;;;;;;;;;
5702;Totaal mannen en vrouwen;0;2;3;Drie jaar na afstuderen;6;Cohort 2001/'02;2.0;2.0;2.0;2.0;2.0;2.0;;;;;;;;;;
5703;Totaal mannen en vrouwen;0;2;3;Drie jaar na afstuderen;6;Cohort 2002/'03;5.2;5.2;5.2;5.2;5.2;5.2;;;;;;;;;;
5704;Totaal mannen en vrouwen;0;2;3;Drie jaar na afstuderen;6;Cohort 2003/'04;3.5;3.5;3.5;3.5;3.5;3.5;;;;;;;;;;
5705;Totaal mannen en vrouwen;0;2;3;Drie jaar na afstuderen;7;Cohort 1999/'00;2.4;2.6;2.4;2.6;2.4;2.6;;;;;;;;;;
5706;Totaal mannen en vrouwen;0;2;3;Drie jaar na afstuderen;7;Cohort 2000/'01;2.4;2.4;2.4;2.4;2.4;2.4;;;;;;;;;;
5707;Totaal mannen en vrouwen;0;2;3;Drie jaar na afstuderen;7;Cohort 2001/'02;2.7;2.9;2.6;2.6;2.6;2.6;;;2.7;3.2;;;2.7;3.2;;
5708;Totaal mannen en vrouwen;0;2;3;Drie jaar na afstuderen;7;Cohort 2002/'03;1.5;1.6;1.3;1.6;1.3;1.6;;;1.9;;;;1.9;;;
5709;Totaal mannen en vrouwen;0;2;3;Drie jaar na afstuderen;7;Cohort 2003/'04;1.7;2.2;1.8;2.2;1.8;2.2;;;1.4;;;;1.4;;;
5710;Totaal mannen en vrouwen;0;2;3;Drie jaar na afstuderen;8;Cohort 1999/'00;1.8;2.2;1.8;2.2;1.8;2.2;;;;;;;;;;
5711;Totaal mannen en vrouwen;0;2;3;Drie jaar na afstuderen;8;Cohort 2000/'01;1.6;;1.6;;1.6;;;;;;;;;;;
5712;Totaal mannen en vrouwen;0;2;3;Drie jaar na afstuderen;8;Cohort 2001/'02;1.5;;1.5;;1.5;;;;;;;;;;;
5713;Totaal mannen en vrouwen;0;2;3;Drie jaar na afstuderen;8;Cohort 2002/'03;1.5;;1.5;;1.5;;;;;;;;;;;
5714;Totaal mannen en vrouwen;0;2;3;Drie jaar na afstuderen;8;Cohort 2003/'04;1.7;3.0;1.7;3.0;1.7;3.0;;;;;;;;;;
5715;Totaal mannen en vrouwen;0;2;3;Drie jaar na afstuderen;9;Cohort 1999/'00;1.9;2.0;1.9;2.0;1.9;2.0;;;;;;;;;;
5716;Totaal mannen en vrouwen;0;2;3;Drie jaar na afstuderen;9;Cohort 2000/'01;2.2;2.3;2.2;2.3;2.2;2.3;;;;;;;;;;
5717;Totaal mannen en vrouwen;0;2;3;Drie jaar na afstuderen;9;Cohort 2001/'02;2.1;2.2;2.1;2.2;2.1;2.2;;;2.1;2.1;;;2.1;2.1;;
5718;Totaal mannen en vrouwen;0;2;3;Drie jaar na afstuderen;9;Cohort 2002/'03;2.9;3.3;2.9;3.3;2.9;3.3;;;;;;;;;;
5719;Totaal mannen en vrouwen;0;2;3;Drie jaar na afstuderen;9;Cohort 2003/'04;2.1;1.5;1.9;1.5;1.9;1.5;;;2.5;;;;2.5;;;
5720;Totaal mannen en vrouwen;0;2;3;Drie jaar na afstuderen;M Onderwijs;Cohort 1999/'00;2.1;2.4;2.2;2.4;2.2;2.4;2.1;;1.8;;;;1.8;;;
5721;Totaal mannen en vrouwen;0;2;3;Drie jaar na afstuderen;M Onderwijs;Cohort 2000/'01;2.3;2.6;2.3;2.6;2.3;2.6;;;2.2;2.7;;;2.2;2.7;;
5722;Totaal mannen en vrouwen;0;2;3;Drie jaar na afstuderen;M Onderwijs;Cohort 2001/'02;2.3;2.6;2.3;2.6;2.3;2.6;2.4;2.4;2.0;3.2;;;2.0;3.2;;
5723;Totaal mannen en vrouwen;0;2;3;Drie jaar na afstuderen;M Onderwijs;Cohort 2002/'03;2.3;2.6;2.3;2.6;2.3;2.6;2.2;2.4;2.3;2.6;;;2.3;2.6;;
5724;Totaal mannen en vrouwen;0;2;3;Drie jaar na afstuderen;M Onderwijs;Cohort 2003/'04;2.5;2.7;2.4;2.7;2.4;2.7;;;3.4;4.5;;;3.4;4.5;;
5725;Totaal mannen en vrouwen;0;2;3;Drie jaar na afstuderen;N Gezondheids- en welzijnszorg;Cohort 1999/'00;2.2;3.3;2.2;3.7;2.2;3.7;;;2.4;2.4;;;2.4;2.4;;
5726;Totaal mannen en vrouwen;0;2;3;Drie jaar na afstuderen;N Gezondheids- en welzijnszorg;Cohort 2000/'01;2.0;2.3;2.0;2.3;2.0;2.3;;;;;;;;;;
5727;Totaal mannen en vrouwen;0;2;3;Drie jaar na afstuderen;N Gezondheids- en welzijnszorg;Cohort 2001/'02;1.7;2.3;1.7;2.3;1.7;2.3;;;;;;;;;;
5728;Totaal mannen en vrouwen;0;2;3;Drie jaar na afstuderen;N Gezondheids- en welzijnszorg;Cohort 2002/'03;1.5;;1.5;;1.5;;;;;;;;;;;
5729;Totaal mannen en vrouwen;0;2;3;Drie jaar na afstuderen;N Gezondheids- en welzijnszorg;Cohort 2003/'04;1.9;2.3;1.9;2.3;1.9;2.3;;;;;;;;;;
5730;Totaal mannen en vrouwen;0;2;3;Drie jaar na afstuderen;9000e Milieu, cultuur, recreatie en ..;Cohort 1999/'00;1.4;2.1;1.4;2.1;1.4;2.1;;;;;;;;;;
5731;Totaal mannen en vrouwen;0;2;3;Drie jaar na afstuderen;9000e Milieu, cultuur, recreatie en ..;Cohort 2000/'01;1.7;2.0;1.7;2.0;1.7;2.0;;;;;;;;;;
5732;Totaal mannen en vrouwen;0;2;3;Drie jaar na afstuderen;9000e Milieu, cultuur, recreatie en ..;Cohort 2001/'02;1.0;;1.0;;1.0;;;;;;;;;;;
5733;Totaal mannen en vrouwen;0;2;3;Drie jaar na afstuderen;9000e Milieu, cultuur, recreatie en ..;Cohort 2002/'03;2.2;4.2;2.4;4.2;2.4;4.2;;;1.3;;;;1.3;;;
5734;Totaal mannen en vrouwen;0;2;3;Drie jaar na afstuderen;9000e Milieu, cultuur, recreatie en ..;Cohort 2003/'04;1.5;;1.5;;1.5;;;;;;;;;;;
5735;Totaal mannen en vrouwen;0;2;3;Drie jaar na afstuderen;Onbekend;Cohort 1999/'00;;;;;;;;;;;;;;;;
5736;Totaal mannen en vrouwen;0;2;3;Drie jaar na afstuderen;Onbekend;Cohort 2000/'01;;;;;;;;;;;;;;;;
5737;Totaal mannen en vrouwen;0;2;3;Drie jaar na afstuderen;Onbekend;Cohort 2001/'02;;;;;;;;;;;;;;;;
5738;Totaal mannen en vrouwen;0;2;3;Drie jaar na afstuderen;Onbekend;Cohort 2002/'03;;;;;;;;;;;;;;;;
5739;Totaal mannen en vrouwen;0;2;3;Drie jaar na afstuderen;Onbekend;Cohort 2003/'04;;;;;;;;;;;;;;;;
5740;Totaal mannen en vrouwen;0;2;3;Vier jaar na afstuderen;0;Cohort 1999/'00;2.3;2.6;2.3;2.6;2.3;2.6;2.1;2.4;2.1;2.7;;;2.1;2.7;;
5741;Totaal mannen en vrouwen;0;2;3;Vier jaar na afstuderen;0;Cohort 2000/'01;2.3;2.6;2.3;2.6;2.3;2.6;;;2.3;2.8;;;2.3;2.8;;
5742;Totaal mannen en vrouwen;0;2;3;Vier jaar na afstuderen;0;Cohort 2001/'02;2.3;2.7;2.3;2.6;2.3;2.6;2.4;;2.5;3.3;;;2.5;3.3;;
5743;Totaal mannen en vrouwen;0;2;3;Vier jaar na afstuderen;0;Cohort 2002/'03;2.4;2.8;2.4;2.8;2.4;2.8;1.9;2.5;2.5;2.8;;;2.5;2.8;;
5744;Totaal mannen en vrouwen;0;2;3;Vier jaar na afstuderen;0;Cohort 2003/'04;2.5;2.8;2.4;2.8;2.4;2.8;2.2;;2.9;3.2;3.4;3.4;2.9;3.2;;
5745;Totaal mannen en vrouwen;0;2;3;Vier jaar na afstuderen;1;Cohort 1999/'00;;;;;;;;;;;;;;;;
5746;Totaal mannen en vrouwen;0;2;3;Vier jaar na afstuderen;1;Cohort 2000/'01;;;;;;;;;;;;;;;;
5747;Totaal mannen en vrouwen;0;2;3;Vier jaar na afstuderen;1;Cohort 2001/'02;;;;;;;;;;;;;;;;
5748;Totaal mannen en vrouwen;0;2;3;Vier jaar na afstuderen;1;Cohort 2002/'03;0.9;0.9;0.9;0.9;0.9;0.9;;;;;;;;;;
5749;Totaal mannen en vrouwen;0;2;3;Vier jaar na afstuderen;1;Cohort 2003/'04;;;;;;;;;;;;;;;;
5750;Totaal mannen en vrouwen;0;2;3;Vier jaar na afstuderen;2;Cohort 1999/'00;2.3;2.3;2.3;2.3;2.3;2.3;;;;;;;;;;
5751;Totaal mannen en vrouwen;0;2;3;Vier jaar na afstuderen;2;Cohort 2000/'01;2.4;2.4;2.4;2.4;2.4;2.4;;;;;;;;;;
5752;Totaal mannen en vrouwen;0;2;3;Vier jaar na afstuderen;2;Cohort 2001/'02;;;;;;;;;;;;;;;;
5753;Totaal mannen en vrouwen;0;2;3;Vier jaar na afstuderen;2;Cohort 2002/'03;2.8;2.8;2.8;2.8;2.8;2.8;;;;;;;;;;
5754;Totaal mannen en vrouwen;0;2;3;Vier jaar na afstuderen;2;Cohort 2003/'04;2.6;2.6;1.9;1.9;1.9;1.9;;;3.3;3.3;;;3.3;3.3;;
5755;Totaal mannen en vrouwen;0;2;3;Vier jaar na afstuderen;3;Cohort 1999/'00;2.6;2.6;2.6;2.6;2.6;2.6;;;;;;;;;;
5756;Totaal mannen en vrouwen;0;2;3;Vier jaar na afstuderen;3;Cohort 2000/'01;2.5;2.5;2.5;2.5;2.5;2.5;;;;;;;;;;
5757;Totaal mannen en vrouwen;0;2;3;Vier jaar na afstuderen;3;Cohort 2001/'02;1.8;2.1;1.8;2.1;1.8;2.1;;;;;;;;;;
5758;Totaal mannen en vrouwen;0;2;3;Vier jaar na afstuderen;3;Cohort 2002/'03;3.0;7.6;3.0;7.6;3.0;7.6;;;;;;;;;;
5759;Totaal mannen en vrouwen;0;2;3;Vier jaar na afstuderen;3;Cohort 2003/'04;2.6;2.5;2.6;2.5;2.6;2.5;;;;;;;;;;
5760;Totaal mannen en vrouwen;0;2;3;Vier jaar na afstuderen;4;Cohort 1999/'00;;;;;;;;;;;;;;;;
5761;Totaal mannen en vrouwen;0;2;3;Vier jaar na afstuderen;4;Cohort 2000/'01;1.4;;1.4;;1.4;;;;;;;;;;;
5762;Totaal mannen en vrouwen;0;2;3;Vier jaar na afstuderen;4;Cohort 2001/'02;;;;;;;;;;;;;;;;
5763;Totaal mannen en vrouwen;0;2;3;Vier jaar na afstuderen;4;Cohort 2002/'03;0.7;;0.7;;0.7;;;;;;;;;;;
5764;Totaal mannen en vrouwen;0;2;3;Vier jaar na afstuderen;4;Cohort 2003/'04;;;;;;;;;;;;;;;;
5765;Totaal mannen en vrouwen;0;2;3;Vier jaar na afstuderen;5;Cohort 1999/'00;1.6;1.8;1.6;1.8;1.6;1.8;;;;;;;;;;
5766;Totaal mannen en vrouwen;0;2;3;Vier jaar na afstuderen;5;Cohort 2000/'01;2.1;2.4;2.1;2.4;2.1;2.4;;;;;;;;;;
5767;Totaal mannen en vrouwen;0;2;3;Vier jaar na afstuderen;5;Cohort 2001/'02;2.5;2.5;2.5;2.5;2.5;2.5;;;;;;;;;;
5768;Totaal mannen en vrouwen;0;2;3;Vier jaar na afstuderen;5;Cohort 2002/'03;;;;;;;;;;;;;;;;
5769;Totaal mannen en vrouwen;0;2;3;Vier jaar na afstuderen;5;Cohort 2003/'04;2.9;3.5;2.6;3.5;2.6;3.5;;;3.4;3.4;3.4;3.4;;;;
5770;Totaal mannen en vrouwen;0;2;3;Vier jaar na afstuderen;6;Cohort 1999/'00;2.3;2.3;2.3;2.3;2.3;2.3;;;;;;;;;;
5771;Totaal mannen en vrouwen;0;2;3;Vier jaar na afstuderen;6;Cohort 2000/'01;2.0;;2.0;;2.0;;;;;;;;;;;
5772;Totaal mannen en vrouwen;0;2;3;Vier jaar na afstuderen;6;Cohort 2001/'02;1.7;2.3;1.7;2.3;1.7;2.3;;;;;;;;;;
5773;Totaal mannen en vrouwen;0;2;3;Vier jaar na afstuderen;6;Cohort 2002/'03;3.8;2.4;3.8;2.4;3.8;2.4;;;;;;;;;;
5774;Totaal mannen en vrouwen;0;2;3;Vier jaar na afstuderen;6;Cohort 2003/'04;2.7;;2.7;;2.7;;;;;;;;;;;
5775;Totaal mannen en vrouwen;0;2;3;Vier jaar na afstuderen;7;Cohort 1999/'00;2.4;2.4;2.4;2.4;2.4;2.4;;;;;;;;;;
5776;Totaal mannen en vrouwen;0;2;3;Vier jaar na afstuderen;7;Cohort 2000/'01;2.5;2.5;2.5;2.5;2.5;2.5;;;;;;;;;;
5777;Totaal mannen en vrouwen;0;2;3;Vier jaar na afstuderen;7;Cohort 2001/'02;3.0;3.4;2.0;2.4;2.0;2.4;;;3.7;3.7;;;3.7;3.7;;
5778;Totaal mannen en vrouwen;0;2;3;Vier jaar na afstuderen;7;Cohort 2002/'03;2.5;2.7;2.4;2.6;2.4;2.6;;;2.8;2.8;;;2.8;2.8;;
5779;Totaal mannen en vrouwen;0;2;3;Vier jaar na afstuderen;7;Cohort 2003/'04;1.7;2.2;1.5;2.2;1.5;2.2;;;2.3;;;;2.3;;;
5780;Totaal mannen en vrouwen;0;2;3;Vier jaar na afstuderen;8;Cohort 1999/'00;1.5;;1.5;;1.5;;;;;;;;;;;
5781;Totaal mannen en vrouwen;0;2;3;Vier jaar na afstuderen;8;Cohort 2000/'01;2.0;2.1;2.0;2.1;2.0;2.1;;;;;;;;;;
5782;Totaal mannen en vrouwen;0;2;3;Vier jaar na afstuderen;8;Cohort 2001/'02;1.8;;1.8;;1.8;;;;;;;;;;;
5783;Totaal mannen en vrouwen;0;2;3;Vier jaar na afstuderen;8;Cohort 2002/'03;2.1;1.9;2.1;1.9;2.1;1.9;;;;;;;;;;
5784;Totaal mannen en vrouwen;0;2;3;Vier jaar na afstuderen;8;Cohort 2003/'04;2.3;3.3;2.3;3.3;2.3;3.3;;;;;;;;;;
5785;Totaal mannen en vrouwen;0;2;3;Vier jaar na afstuderen;9;Cohort 1999/'00;2.1;2.1;2.1;2.1;2.1;2.1;;;;;;;;;;
5786;Totaal mannen en vrouwen;0;2;3;Vier jaar na afstuderen;9;Cohort 2000/'01;2.9;2.9;2.9;2.9;2.9;2.9;;;;;;;;;;
5787;Totaal mannen en vrouwen;0;2;3;Vier jaar na afstuderen;9;Cohort 2001/'02;3.1;3.3;3.1;3.3;3.1;3.3;;;;;;;;;;
5788;Totaal mannen en vrouwen;0;2;3;Vier jaar na afstuderen;9;Cohort 2002/'03;2.7;2.7;2.7;2.7;2.7;2.7;;;;;;;;;;
5789;Totaal mannen en vrouwen;0;2;3;Vier jaar na afstuderen;9;Cohort 2003/'04;2.8;2.9;2.9;2.9;2.9;2.9;;;2.5;;;;2.5;;;
5790;Totaal mannen en vrouwen;0;2;3;Vier jaar na afstuderen;M Onderwijs;Cohort 1999/'00;2.3;2.7;2.4;2.7;2.4;2.7;2.1;2.4;2.0;;;;2.0;;;
5791;Totaal mannen en vrouwen;0;2;3;Vier jaar na afstuderen;M Onderwijs;Cohort 2000/'01;2.3;2.6;2.3;2.6;2.3;2.6;;;2.3;2.8;;;2.3;2.8;;
5792;Totaal mannen en vrouwen;0;2;3;Vier jaar na afstuderen;M Onderwijs;Cohort 2001/'02;2.4;2.7;2.4;2.6;2.4;2.6;2.4;;2.1;2.9;;;2.1;2.9;;
5793;Totaal mannen en vrouwen;0;2;3;Vier jaar na afstuderen;M Onderwijs;Cohort 2002/'03;2.4;2.7;2.4;2.7;2.4;2.7;1.9;2.5;2.4;2.9;;;2.4;2.9;;
5794;Totaal mannen en vrouwen;0;2;3;Vier jaar na afstuderen;M Onderwijs;Cohort 2003/'04;2.5;2.8;2.5;2.8;2.5;2.8;2.2;;3.0;3.1;;;3.0;3.1;;
5795;Totaal mannen en vrouwen;0;2;3;Vier jaar na afstuderen;N Gezondheids- en welzijnszorg;Cohort 1999/'00;2.5;2.5;2.5;2.5;2.5;2.5;;;2.7;2.7;;;2.7;2.7;;
5796;Totaal mannen en vrouwen;0;2;3;Vier jaar na afstuderen;N Gezondheids- en welzijnszorg;Cohort 2000/'01;2.6;2.5;2.6;2.5;2.6;2.5;;;;;;;;;;
5797;Totaal mannen en vrouwen;0;2;3;Vier jaar na afstuderen;N Gezondheids- en welzijnszorg;Cohort 2001/'02;1.7;2.6;1.7;2.6;1.7;2.6;;;;;;;;;;
5798;Totaal mannen en vrouwen;0;2;3;Vier jaar na afstuderen;N Gezondheids- en welzijnszorg;Cohort 2002/'03;1.7;3.0;1.7;3.0;1.7;3.0;;;;;;;;;;
5799;Totaal mannen en vrouwen;0;2;3;Vier jaar na afstuderen;N Gezondheids- en welzijnszorg;Cohort 2003/'04;1.7;2.1;1.7;2.1;1.7;2.1;;;;;;;;;;
5800;Totaal mannen en vrouwen;0;2;3;Vier jaar na afstuderen;9000e Milieu, cultuur, recreatie en ..;Cohort 1999/'00;1.9;;1.9;;1.9;;;;;;;;;;;
5801;Totaal mannen en vrouwen;0;2;3;Vier jaar na afstuderen;9000e Milieu, cultuur, recreatie en ..;Cohort 2000/'01;2.1;2.3;2.1;2.3;2.1;2.3;;;;;;;;;;
5802;Totaal mannen en vrouwen;0;2;3;Vier jaar na afstuderen;9000e Milieu, cultuur, recreatie en ..;Cohort 2001/'02;1.6;2.5;1.6;2.5;1.6;2.5;;;;;;;;;;
5803;Totaal mannen en vrouwen;0;2;3;Vier jaar na afstuderen;9000e Milieu, cultuur, recreatie en ..;Cohort 2002/'03;1.5;;1.5;;1.5;;;;;;;;;;;
5804;Totaal mannen en vrouwen;0;2;3;Vier jaar na afstuderen;9000e Milieu, cultuur, recreatie en ..;Cohort 2003/'04;1.6;;1.6;;1.6;;;;;;;;;;;
5805;Totaal mannen en vrouwen;0;2;3;Vier jaar na afstuderen;Onbekend;Cohort 1999/'00;;;;;;;;;;;;;;;;
5806;Totaal mannen en vrouwen;0;2;3;Vier jaar na afstuderen;Onbekend;Cohort 2000/'01;;;;;;;;;;;;;;;;
5807;Totaal mannen en vrouwen;0;2;3;Vier jaar na afstuderen;Onbekend;Cohort 2001/'02;;;;;;;;;;;;;;;;
5808;Totaal mannen en vrouwen;0;2;3;Vier jaar na afstuderen;Onbekend;Cohort 2002/'03;;;;;;;;;;;;;;;;
5809;Totaal mannen en vrouwen;0;2;3;Vier jaar na afstuderen;Onbekend;Cohort 2003/'04;;;;;;;;;;;;;;;;
5810;Totaal mannen en vrouwen;0;2;3;Vijf jaar na afstuderen;0;Cohort 1999/'00;2.4;2.7;2.4;2.7;2.4;2.7;2.1;2.5;2.3;2.7;;;2.3;2.7;;
5811;Totaal mannen en vrouwen;0;2;3;Vijf jaar na afstuderen;0;Cohort 2000/'01;2.4;2.8;2.4;2.7;2.4;2.7;;;2.4;3.0;;;2.4;3.0;;
5812;Totaal mannen en vrouwen;0;2;3;Vijf jaar na afstuderen;0;Cohort 2001/'02;2.4;2.8;2.4;2.7;2.4;2.7;2.3;;2.4;3.5;;;2.4;3.5;;
5813;Totaal mannen en vrouwen;0;2;3;Vijf jaar na afstuderen;0;Cohort 2002/'03;2.5;2.9;2.5;2.9;2.5;2.9;2.1;2.8;2.2;;;;2.2;;;
5814;Totaal mannen en vrouwen;0;2;3;Vijf jaar na afstuderen;0;Cohort 2003/'04;;;;;;;;;;;;;;;;
5815;Totaal mannen en vrouwen;0;2;3;Vijf jaar na afstuderen;1;Cohort 1999/'00;;;;;;;;;;;;;;;;
5816;Totaal mannen en vrouwen;0;2;3;Vijf jaar na afstuderen;1;Cohort 2000/'01;;;;;;;;;;;;;;;;
5817;Totaal mannen en vrouwen;0;2;3;Vijf jaar na afstuderen;1;Cohort 2001/'02;;;;;;;;;;;;;;;;
5818;Totaal mannen en vrouwen;0;2;3;Vijf jaar na afstuderen;1;Cohort 2002/'03;;;;;;;;;;;;;;;;
5819;Totaal mannen en vrouwen;0;2;3;Vijf jaar na afstuderen;1;Cohort 2003/'04;;;;;;;;;;;;;;;;
5820;Totaal mannen en vrouwen;0;2;3;Vijf jaar na afstuderen;2;Cohort 1999/'00;2.3;2.5;2.3;2.5;2.3;2.5;;;;;;;;;;
5821;Totaal mannen en vrouwen;0;2;3;Vijf jaar na afstuderen;2;Cohort 2000/'01;3.0;3.0;3.0;3.0;3.0;3.0;;;;;;;;;;
5822;Totaal mannen en vrouwen;0;2;3;Vijf jaar na afstuderen;2;Cohort 2001/'02;;;;;;;;;;;;;;;;
5823;Totaal mannen en vrouwen;0;2;3;Vijf jaar na afstuderen;2;Cohort 2002/'03;3.2;3.2;3.2;3.2;3.2;3.2;;;;;;;;;;
5824;Totaal mannen en vrouwen;0;2;3;Vijf jaar na afstuderen;2;Cohort 2003/'04;;;;;;;;;;;;;;;;
5825;Totaal mannen en vrouwen;0;2;3;Vijf jaar na afstuderen;3;Cohort 1999/'00;2.8;2.8;2.8;2.8;2.8;2.8;;;;;;;;;;
5826;Totaal mannen en vrouwen;0;2;3;Vijf jaar na afstuderen;3;Cohort 2000/'01;1.6;2.0;1.6;2.0;1.6;2.0;;;;;;;;;;
5827;Totaal mannen en vrouwen;0;2;3;Vijf jaar na afstuderen;3;Cohort 2001/'02;2.0;2.4;2.0;2.4;2.0;2.4;;;;;;;;;;
5828;Totaal mannen en vrouwen;0;2;3;Vijf jaar na afstuderen;3;Cohort 2002/'03;2.4;2.9;2.4;2.9;2.4;2.9;;;;;;;;;;
5829;Totaal mannen en vrouwen;0;2;3;Vijf jaar na afstuderen;3;Cohort 2003/'04;;;;;;;;;;;;;;;;
5830;Totaal mannen en vrouwen;0;2;3;Vijf jaar na afstuderen;4;Cohort 1999/'00;;;;;;;;;;;;;;;;
5831;Totaal mannen en vrouwen;0;2;3;Vijf jaar na afstuderen;4;Cohort 2000/'01;;;;;;;;;;;;;;;;
5832;Totaal mannen en vrouwen;0;2;3;Vijf jaar na afstuderen;4;Cohort 2001/'02;;;;;;;;;;;;;;;;
5833;Totaal mannen en vrouwen;0;2;3;Vijf jaar na afstuderen;4;Cohort 2002/'03;0.8;;0.8;;0.8;;;;;;;;;;;
5834;Totaal mannen en vrouwen;0;2;3;Vijf jaar na afstuderen;4;Cohort 2003/'04;;;;;;;;;;;;;;;;
5835;Totaal mannen en vrouwen;0;2;3;Vijf jaar na afstuderen;5;Cohort 1999/'00;1.3;2.2;1.3;2.2;1.3;2.2;;;;;;;;;;
5836;Totaal mannen en vrouwen;0;2;3;Vijf jaar na afstuderen;5;Cohort 2000/'01;2.8;2.8;2.8;2.8;2.8;2.8;;;;;;;;;;
5837;Totaal mannen en vrouwen;0;2;3;Vijf jaar na afstuderen;5;Cohort 2001/'02;2.5;2.5;2.5;2.5;2.5;2.5;;;;;;;;;;
5838;Totaal mannen en vrouwen;0;2;3;Vijf jaar na afstuderen;5;Cohort 2002/'03;;;;;;;;;;;;;;;;
5839;Totaal mannen en vrouwen;0;2;3;Vijf jaar na afstuderen;5;Cohort 2003/'04;;;;;;;;;;;;;;;;
5840;Totaal mannen en vrouwen;0;2;3;Vijf jaar na afstuderen;6;Cohort 1999/'00;2.7;2.7;2.7;2.7;2.7;2.7;;;;;;;;;;
5841;Totaal mannen en vrouwen;0;2;3;Vijf jaar na afstuderen;6;Cohort 2000/'01;2.5;3.2;2.5;3.2;2.5;3.2;;;;;;;;;;
5842;Totaal mannen en vrouwen;0;2;3;Vijf jaar na afstuderen;6;Cohort 2001/'02;1.2;;1.2;;1.2;;;;;;;;;;;
5843;Totaal mannen en vrouwen;0;2;3;Vijf jaar na afstuderen;6;Cohort 2002/'03;3.5;;3.5;;3.5;;;;;;;;;;;
5844;Totaal mannen en vrouwen;0;2;3;Vijf jaar na afstuderen;6;Cohort 2003/'04;;;;;;;;;;;;;;;;
5845;Totaal mannen en vrouwen;0;2;3;Vijf jaar na afstuderen;7;Cohort 1999/'00;2.7;2.7;2.7;2.7;2.7;2.7;;;;;;;;;;
5846;Totaal mannen en vrouwen;0;2;3;Vijf jaar na afstuderen;7;Cohort 2000/'01;2.1;2.8;2.1;2.8;2.1;2.8;;;;;;;;;;
5847;Totaal mannen en vrouwen;0;2;3;Vijf jaar na afstuderen;7;Cohort 2001/'02;3.4;3.4;2.6;2.6;2.6;2.6;;;3.8;3.8;;;3.8;3.8;;
5848;Totaal mannen en vrouwen;0;2;3;Vijf jaar na afstuderen;7;Cohort 2002/'03;2.5;2.8;2.5;2.8;2.5;2.8;;;;;;;;;;
5849;Totaal mannen en vrouwen;0;2;3;Vijf jaar na afstuderen;7;Cohort 2003/'04;;;;;;;;;;;;;;;;
5850;Totaal mannen en vrouwen;0;2;3;Vijf jaar na afstuderen;8;Cohort 1999/'00;2.5;3.0;2.5;3.0;2.5;3.0;;;;;;;;;;
5851;Totaal mannen en vrouwen;0;2;3;Vijf jaar na afstuderen;8;Cohort 2000/'01;1.7;2.8;1.7;2.8;1.7;2.8;;;;;;;;;;
5852;Totaal mannen en vrouwen;0;2;3;Vijf jaar na afstuderen;8;Cohort 2001/'02;1.5;;1.5;;1.5;;;;;;;;;;;
5853;Totaal mannen en vrouwen;0;2;3;Vijf jaar na afstuderen;8;Cohort 2002/'03;1.8;2.3;1.8;2.3;1.8;2.3;;;;;;;;;;
5854;Totaal mannen en vrouwen;0;2;3;Vijf jaar na afstuderen;8;Cohort 2003/'04;;;;;;;;;;;;;;;;
5855;Totaal mannen en vrouwen;0;2;3;Vijf jaar na afstuderen;9;Cohort 1999/'00;2.3;2.2;2.3;2.2;2.3;2.2;;;;;;;;;;
5856;Totaal mannen en vrouwen;0;2;3;Vijf jaar na afstuderen;9;Cohort 2000/'01;3.2;3.2;3.2;3.2;3.2;3.2;;;;;;;;;;
5857;Totaal mannen en vrouwen;0;2;3;Vijf jaar na afstuderen;9;Cohort 2001/'02;3.5;3.6;3.5;3.6;3.5;3.6;;;;;;;;;;
5858;Totaal mannen en vrouwen;0;2;3;Vijf jaar na afstuderen;9;Cohort 2002/'03;3.4;3.4;3.4;3.4;3.4;3.4;;;;;;;;;;
5859;Totaal mannen en vrouwen;0;2;3;Vijf jaar na afstuderen;9;Cohort 2003/'04;;;;;;;;;;;;;;;;
5860;Totaal mannen en vrouwen;0;2;3;Vijf jaar na afstuderen;M Onderwijs;Cohort 1999/'00;2.4;2.7;2.5;2.7;2.5;2.7;2.1;2.5;2.3;;;;2.3;;;
5861;Totaal mannen en vrouwen;0;2;3;Vijf jaar na afstuderen;M Onderwijs;Cohort 2000/'01;2.4;2.7;2.4;2.7;2.4;2.7;;;2.4;3.0;;;2.4;3.0;;
5862;Totaal mannen en vrouwen;0;2;3;Vijf jaar na afstuderen;M Onderwijs;Cohort 2001/'02;2.4;2.7;2.4;2.7;2.4;2.7;2.3;;2.1;3.2;;;2.1;3.2;;
5863;Totaal mannen en vrouwen;0;2;3;Vijf jaar na afstuderen;M Onderwijs;Cohort 2002/'03;2.5;2.9;2.5;2.9;2.5;2.9;2.1;2.8;2.2;;;;2.2;;;
5864;Totaal mannen en vrouwen;0;2;3;Vijf jaar na afstuderen;M Onderwijs;Cohort 2003/'04;;;;;;;;;;;;;;;;
5865;Totaal mannen en vrouwen;0;2;3;Vijf jaar na afstuderen;N Gezondheids- en welzijnszorg;Cohort 1999/'00;2.1;2.7;1.8;;1.8;;;;2.7;2.7;;;2.7;2.7;;
5866;Totaal mannen en vrouwen;0;2;3;Vijf jaar na afstuderen;N Gezondheids- en welzijnszorg;Cohort 2000/'01;2.3;2.9;2.3;2.9;2.3;2.9;;;;;;;;;;
5867;Totaal mannen en vrouwen;0;2;3;Vijf jaar na afstuderen;N Gezondheids- en welzijnszorg;Cohort 2001/'02;1.9;2.3;1.9;2.3;1.9;2.3;;;;;;;;;;
5868;Totaal mannen en vrouwen;0;2;3;Vijf jaar na afstuderen;N Gezondheids- en welzijnszorg;Cohort 2002/'03;1.7;;1.7;;1.7;;;;;;;;;;;
5869;Totaal mannen en vrouwen;0;2;3;Vijf jaar na afstuderen;N Gezondheids- en welzijnszorg;Cohort 2003/'04;;;;;;;;;;;;;;;;
5870;Totaal mannen en vrouwen;0;2;3;Vijf jaar na afstuderen;9000e Milieu, cultuur, recreatie en ..;Cohort 1999/'00;;;;;;;;;;;;;;;;
5871;Totaal mannen en vrouwen;0;2;3;Vijf jaar na afstuderen;9000e Milieu, cultuur, recreatie en ..;Cohort 2000/'01;2.6;2.7;2.6;2.7;2.6;2.7;;;;;;;;;;
5872;Totaal mannen en vrouwen;0;2;3;Vijf jaar na afstuderen;9000e Milieu, cultuur, recreatie en ..;Cohort 2001/'02;3.3;3.8;3.3;3.8;3.3;3.8;;;;;;;;;;
5873;Totaal mannen en vrouwen;0;2;3;Vijf jaar na afstuderen;9000e Milieu, cultuur, recreatie en ..;Cohort 2002/'03;2.4;;2.4;;2.4;;;;;;;;;;;
5874;Totaal mannen en vrouwen;0;2;3;Vijf jaar na afstuderen;9000e Milieu, cultuur, recreatie en ..;Cohort 2003/'04;;;;;;;;;;;;;;;;
5875;Totaal mannen en vrouwen;0;2;3;Vijf jaar na afstuderen;Onbekend;Cohort 1999/'00;;;;;;;;;;;;;;;;
5876;Totaal mannen en vrouwen;0;2;3;Vijf jaar na afstuderen;Onbekend;Cohort 2000/'01;;;;;;;;;;;;;;;;
5877;Totaal mannen en vrouwen;0;2;3;Vijf jaar na afstuderen;Onbekend;Cohort 2001/'02;;;;;;;;;;;;;;;;
5878;Totaal mannen en vrouwen;0;2;3;Vijf jaar na afstuderen;Onbekend;Cohort 2002/'03;;;;;;;;;;;;;;;;
5879;Totaal mannen en vrouwen;0;2;3;Vijf jaar na afstuderen;Onbekend;Cohort 2003/'04;;;;;;;;;;;;;;;;
5880;Totaal mannen en vrouwen;0;2;4;Direct na afstuderen;0;Cohort 1999/'00;1.3;;1.3;;1.3;;;;1.4;;;;1.4;;;
5881;Totaal mannen en vrouwen;0;2;4;Direct na afstuderen;0;Cohort 2000/'01;1.5;1.7;1.4;1.7;1.4;1.7;;;1.7;;;;1.7;;;
5882;Totaal mannen en vrouwen;0;2;4;Direct na afstuderen;0;Cohort 2001/'02;1.5;1.8;1.5;1.8;1.5;1.8;;;;;;;;;;
5883;Totaal mannen en vrouwen;0;2;4;Direct na afstuderen;0;Cohort 2002/'03;1.6;1.9;1.6;1.9;1.6;1.9;;;1.6;2.0;;;1.6;2.0;;
5884;Totaal mannen en vrouwen;0;2;4;Direct na afstuderen;0;Cohort 2003/'04;1.7;2.1;1.6;2.1;1.6;2.1;;;2.2;3.7;;;2.2;3.7;;
5885;Totaal mannen en vrouwen;0;2;4;Direct na afstuderen;1;Cohort 1999/'00;;;;;;;;;;;;;;;;
5886;Totaal mannen en vrouwen;0;2;4;Direct na afstuderen;1;Cohort 2000/'01;;;;;;;;;;;;;;;;
5887;Totaal mannen en vrouwen;0;2;4;Direct na afstuderen;1;Cohort 2001/'02;;;;;;;;;;;;;;;;
5888;Totaal mannen en vrouwen;0;2;4;Direct na afstuderen;1;Cohort 2002/'03;;;;;;;;;;;;;;;;
5889;Totaal mannen en vrouwen;0;2;4;Direct na afstuderen;1;Cohort 2003/'04;;;;;;;;;;;;;;;;
5890;Totaal mannen en vrouwen;0;2;4;Direct na afstuderen;2;Cohort 1999/'00;;;;;;;;;;;;;;;;
5891;Totaal mannen en vrouwen;0;2;4;Direct na afstuderen;2;Cohort 2000/'01;;;;;;;;;;;;;;;;
5892;Totaal mannen en vrouwen;0;2;4;Direct na afstuderen;2;Cohort 2001/'02;;;;;;;;;;;;;;;;
5893;Totaal mannen en vrouwen;0;2;4;Direct na afstuderen;2;Cohort 2002/'03;1.5;1.5;1.5;1.5;1.5;1.5;;;;;;;;;;
5894;Totaal mannen en vrouwen;0;2;4;Direct na afstuderen;2;Cohort 2003/'04;0.5;;0.5;;0.5;;;;;;;;;;;
5895;Totaal mannen en vrouwen;0;2;4;Direct na afstuderen;3;Cohort 1999/'00;0.7;;0.7;;0.7;;;;;;;;;;;
5896;Totaal mannen en vrouwen;0;2;4;Direct na afstuderen;3;Cohort 2000/'01;0.3;;0.3;;0.3;;;;;;;;;;;
5897;Totaal mannen en vrouwen;0;2;4;Direct na afstuderen;3;Cohort 2001/'02;;;;;;;;;;;;;;;;
5898;Totaal mannen en vrouwen;0;2;4;Direct na afstuderen;3;Cohort 2002/'03;0.9;;0.9;;0.9;;;;;;;;;;;
5899;Totaal mannen en vrouwen;0;2;4;Direct na afstuderen;3;Cohort 2003/'04;1.8;2.3;1.8;2.3;1.8;2.3;;;;;;;;;;
5900;Totaal mannen en vrouwen;0;2;4;Direct na afstuderen;4;Cohort 1999/'00;;;;;;;;;;;;;;;;
5901;Totaal mannen en vrouwen;0;2;4;Direct na afstuderen;4;Cohort 2000/'01;;;;;;;;;;;;;;;;
5902;Totaal mannen en vrouwen;0;2;4;Direct na afstuderen;4;Cohort 2001/'02;;;;;;;;;;;;;;;;
5903;Totaal mannen en vrouwen;0;2;4;Direct na afstuderen;4;Cohort 2002/'03;1.7;1.7;1.7;1.7;1.7;1.7;;;;;;;;;;
5904;Totaal mannen en vrouwen;0;2;4;Direct na afstuderen;4;Cohort 2003/'04;;;;;;;;;;;;;;;;
5905;Totaal mannen en vrouwen;0;2;4;Direct na afstuderen;5;Cohort 1999/'00;;;;;;;;;;;;;;;;
5906;Totaal mannen en vrouwen;0;2;4;Direct na afstuderen;5;Cohort 2000/'01;;;;;;;;;;;;;;;;
5907;Totaal mannen en vrouwen;0;2;4;Direct na afstuderen;5;Cohort 2001/'02;;;;;;;;;;;;;;;;
5908;Totaal mannen en vrouwen;0;2;4;Direct na afstuderen;5;Cohort 2002/'03;;;;;;;;;;;;;;;;
5909;Totaal mannen en vrouwen;0;2;4;Direct na afstuderen;5;Cohort 2003/'04;1.1;;1.1;;1.1;;;;;;;;;;;
5910;Totaal mannen en vrouwen;0;2;4;Direct na afstuderen;6;Cohort 1999/'00;;;;;;;;;;;;;;;;
5911;Totaal mannen en vrouwen;0;2;4;Direct na afstuderen;6;Cohort 2000/'01;;;;;;;;;;;;;;;;
5912;Totaal mannen en vrouwen;0;2;4;Direct na afstuderen;6;Cohort 2001/'02;;;;;;;;;;;;;;;;
5913;Totaal mannen en vrouwen;0;2;4;Direct na afstuderen;6;Cohort 2002/'03;;;;;;;;;;;;;;;;
5914;Totaal mannen en vrouwen;0;2;4;Direct na afstuderen;6;Cohort 2003/'04;;;;;;;;;;;;;;;;
5915;Totaal mannen en vrouwen;0;2;4;Direct na afstuderen;7;Cohort 1999/'00;0.1;;0.1;;0.1;;;;;;;;;;;
5916;Totaal mannen en vrouwen;0;2;4;Direct na afstuderen;7;Cohort 2000/'01;1.6;;1.6;;1.6;;;;;;;;;;;
5917;Totaal mannen en vrouwen;0;2;4;Direct na afstuderen;7;Cohort 2001/'02;;;;;;;;;;;;;;;;
5918;Totaal mannen en vrouwen;0;2;4;Direct na afstuderen;7;Cohort 2002/'03;;;;;;;;;;;;;;;;
5919;Totaal mannen en vrouwen;0;2;4;Direct na afstuderen;7;Cohort 2003/'04;;;;;;;;;;;;;;;;
5920;Totaal mannen en vrouwen;0;2;4;Direct na afstuderen;8;Cohort 1999/'00;;;;;;;;;;;;;;;;
5921;Totaal mannen en vrouwen;0;2;4;Direct na afstuderen;8;Cohort 2000/'01;1.5;1.8;1.5;1.8;1.5;1.8;;;;;;;;;;
5922;Totaal mannen en vrouwen;0;2;4;Direct na afstuderen;8;Cohort 2001/'02;0.9;1.1;0.9;1.1;0.9;1.1;;;;;;;;;;
5923;Totaal mannen en vrouwen;0;2;4;Direct na afstuderen;8;Cohort 2002/'03;1.6;1.2;1.6;1.2;1.6;1.2;;;;;;;;;;
5924;Totaal mannen en vrouwen;0;2;4;Direct na afstuderen;8;Cohort 2003/'04;0.6;;0.6;;0.6;;;;;;;;;;;
5925;Totaal mannen en vrouwen;0;2;4;Direct na afstuderen;9;Cohort 1999/'00;;;;;;;;;;;;;;;;
5926;Totaal mannen en vrouwen;0;2;4;Direct na afstuderen;9;Cohort 2000/'01;;;;;;;;;;;;;;;;
5927;Totaal mannen en vrouwen;0;2;4;Direct na afstuderen;9;Cohort 2001/'02;2.0;2.0;2.0;2.0;2.0;2.0;;;;;;;;;;
5928;Totaal mannen en vrouwen;0;2;4;Direct na afstuderen;9;Cohort 2002/'03;1.1;;1.1;;1.1;;;;;;;;;;;
5929;Totaal mannen en vrouwen;0;2;4;Direct na afstuderen;9;Cohort 2003/'04;;;;;;;;;;;;;;;;
5930;Totaal mannen en vrouwen;0;2;4;Direct na afstuderen;M Onderwijs;Cohort 1999/'00;1.4;;1.4;;1.4;;;;1.4;;;;1.4;;;
5931;Totaal mannen en vrouwen;0;2;4;Direct na afstuderen;M Onderwijs;Cohort 2000/'01;1.6;1.7;1.5;1.7;1.5;1.7;;;1.7;;;;1.7;;;
5932;Totaal mannen en vrouwen;0;2;4;Direct na afstuderen;M Onderwijs;Cohort 2001/'02;1.5;1.8;1.5;1.8;1.5;1.8;;;;;;;;;;
5933;Totaal mannen en vrouwen;0;2;4;Direct na afstuderen;M Onderwijs;Cohort 2002/'03;1.6;2.0;1.6;2.0;1.6;2.0;;;1.6;2.0;;;1.6;2.0;;
5934;Totaal mannen en vrouwen;0;2;4;Direct na afstuderen;M Onderwijs;Cohort 2003/'04;1.8;2.1;1.7;2.0;1.7;2.0;;;2.2;3.7;;;2.2;3.7;;
5935;Totaal mannen en vrouwen;0;2;4;Direct na afstuderen;N Gezondheids- en welzijnszorg;Cohort 1999/'00;;;;;;;;;;;;;;;;
5936;Totaal mannen en vrouwen;0;2;4;Direct na afstuderen;N Gezondheids- en welzijnszorg;Cohort 2000/'01;0.9;1.3;0.9;1.3;0.9;1.3;;;;;;;;;;
5937;Totaal mannen en vrouwen;0;2;4;Direct na afstuderen;N Gezondheids- en welzijnszorg;Cohort 2001/'02;;;;;;;;;;;;;;;;
5938;Totaal mannen en vrouwen;0;2;4;Direct na afstuderen;N Gezondheids- en welzijnszorg;Cohort 2002/'03;1.5;1.8;1.5;1.8;1.5;1.8;;;;;;;;;;
5939;Totaal mannen en vrouwen;0;2;4;Direct na afstuderen;N Gezondheids- en welzijnszorg;Cohort 2003/'04;1.2;;1.2;;1.2;;;;;;;;;;;
5940;Totaal mannen en vrouwen;0;2;4;Direct na afstuderen;9000e Milieu, cultuur, recreatie en ..;Cohort 1999/'00;0.5;;0.5;;0.5;;;;;;;;;;;
5941;Totaal mannen en vrouwen;0;2;4;Direct na afstuderen;9000e Milieu, cultuur, recreatie en ..;Cohort 2000/'01;;;;;;;;;;;;;;;;
5942;Totaal mannen en vrouwen;0;2;4;Direct na afstuderen;9000e Milieu, cultuur, recreatie en ..;Cohort 2001/'02;;;;;;;;;;;;;;;;
5943;Totaal mannen en vrouwen;0;2;4;Direct na afstuderen;9000e Milieu, cultuur, recreatie en ..;Cohort 2002/'03;;;;;;;;;;;;;;;;
5944;Totaal mannen en vrouwen;0;2;4;Direct na afstuderen;9000e Milieu, cultuur, recreatie en ..;Cohort 2003/'04;;;;;;;;;;;;;;;;
5945;Totaal mannen en vrouwen;0;2;4;Direct na afstuderen;Onbekend;Cohort 1999/'00;;;;;;;;;;;;;;;;
5946;Totaal mannen en vrouwen;0;2;4;Direct na afstuderen;Onbekend;Cohort 2000/'01;;;;;;;;;;;;;;;;
5947;Totaal mannen en vrouwen;0;2;4;Direct na afstuderen;Onbekend;Cohort 2001/'02;;;;;;;;;;;;;;;;
5948;Totaal mannen en vrouwen;0;2;4;Direct na afstuderen;Onbekend;Cohort 2002/'03;;;;;;;;;;;;;;;;
5949;Totaal mannen en vrouwen;0;2;4;Direct na afstuderen;Onbekend;Cohort 2003/'04;;;;;;;;;;;;;;;;
5950;Totaal mannen en vrouwen;0;2;4;Één jaar na afstuderen;0;Cohort 1999/'00;1.9;2.2;1.9;2.2;1.9;2.2;;;1.1;;;;1.1;;;
5951;Totaal mannen en vrouwen;0;2;4;Één jaar na afstuderen;0;Cohort 2000/'01;1.9;2.1;1.9;2.1;1.9;2.1;;;2.4;2.3;;;2.4;2.3;;
5952;Totaal mannen en vrouwen;0;2;4;Één jaar na afstuderen;0;Cohort 2001/'02;2.1;2.3;2.1;2.3;2.1;2.3;;;;;;;;;;
5953;Totaal mannen en vrouwen;0;2;4;Één jaar na afstuderen;0;Cohort 2002/'03;2.2;2.4;2.2;2.4;2.2;2.4;;;1.9;2.3;;;1.9;2.3;;
5954;Totaal mannen en vrouwen;0;2;4;Één jaar na afstuderen;0;Cohort 2003/'04;2.2;2.5;2.1;2.5;2.1;2.5;;;2.7;;;;2.7;;;
5955;Totaal mannen en vrouwen;0;2;4;Één jaar na afstuderen;1;Cohort 1999/'00;;;;;;;;;;;;;;;;
5956;Totaal mannen en vrouwen;0;2;4;Één jaar na afstuderen;1;Cohort 2000/'01;;;;;;;;;;;;;;;;
5957;Totaal mannen en vrouwen;0;2;4;Één jaar na afstuderen;1;Cohort 2001/'02;;;;;;;;;;;;;;;;
5958;Totaal mannen en vrouwen;0;2;4;Één jaar na afstuderen;1;Cohort 2002/'03;;;;;;;;;;;;;;;;
5959;Totaal mannen en vrouwen;0;2;4;Één jaar na afstuderen;1;Cohort 2003/'04;;;;;;;;;;;;;;;;
5960;Totaal mannen en vrouwen;0;2;4;Één jaar na afstuderen;2;Cohort 1999/'00;;;;;;;;;;;;;;;;
5961;Totaal mannen en vrouwen;0;2;4;Één jaar na afstuderen;2;Cohort 2000/'01;;;;;;;;;;;;;;;;
5962;Totaal mannen en vrouwen;0;2;4;Één jaar na afstuderen;2;Cohort 2001/'02;;;;;;;;;;;;;;;;
5963;Totaal mannen en vrouwen;0;2;4;Één jaar na afstuderen;2;Cohort 2002/'03;;;;;;;;;;;;;;;;
5964;Totaal mannen en vrouwen;0;2;4;Één jaar na afstuderen;2;Cohort 2003/'04;;;;;;;;;;;;;;;;
5965;Totaal mannen en vrouwen;0;2;4;Één jaar na afstuderen;3;Cohort 1999/'00;;;;;;;;;;;;;;;;
5966;Totaal mannen en vrouwen;0;2;4;Één jaar na afstuderen;3;Cohort 2000/'01;;;;;;;;;;;;;;;;
5967;Totaal mannen en vrouwen;0;2;4;Één jaar na afstuderen;3;Cohort 2001/'02;;;;;;;;;;;;;;;;
5968;Totaal mannen en vrouwen;0;2;4;Één jaar na afstuderen;3;Cohort 2002/'03;1.9;;1.9;;1.9;;;;;;;;;;;
5969;Totaal mannen en vrouwen;0;2;4;Één jaar na afstuderen;3;Cohort 2003/'04;1.9;2.1;1.9;2.1;1.9;2.1;;;;;;;;;;
5970;Totaal mannen en vrouwen;0;2;4;Één jaar na afstuderen;4;Cohort 1999/'00;;;;;;;;;;;;;;;;
5971;Totaal mannen en vrouwen;0;2;4;Één jaar na afstuderen;4;Cohort 2000/'01;;;;;;;;;;;;;;;;
5972;Totaal mannen en vrouwen;0;2;4;Één jaar na afstuderen;4;Cohort 2001/'02;;;;;;;;;;;;;;;;
5973;Totaal mannen en vrouwen;0;2;4;Één jaar na afstuderen;4;Cohort 2002/'03;1.9;2.1;1.9;2.1;1.9;2.1;;;;;;;;;;
5974;Totaal mannen en vrouwen;0;2;4;Één jaar na afstuderen;4;Cohort 2003/'04;;;;;;;;;;;;;;;;
5975;Totaal mannen en vrouwen;0;2;4;Één jaar na afstuderen;5;Cohort 1999/'00;;;;;;;;;;;;;;;;
5976;Totaal mannen en vrouwen;0;2;4;Één jaar na afstuderen;5;Cohort 2000/'01;1.6;1.6;1.6;1.6;1.6;1.6;;;;;;;;;;
5977;Totaal mannen en vrouwen;0;2;4;Één jaar na afstuderen;5;Cohort 2001/'02;;;;;;;;;;;;;;;;
5978;Totaal mannen en vrouwen;0;2;4;Één jaar na afstuderen;5;Cohort 2002/'03;;;;;;;;;;;;;;;;
5979;Totaal mannen en vrouwen;0;2;4;Één jaar na afstuderen;5;Cohort 2003/'04;;;;;;;;;;;;;;;;
5980;Totaal mannen en vrouwen;0;2;4;Één jaar na afstuderen;6;Cohort 1999/'00;;;;;;;;;;;;;;;;
5981;Totaal mannen en vrouwen;0;2;4;Één jaar na afstuderen;6;Cohort 2000/'01;;;;;;;;;;;;;;;;
5982;Totaal mannen en vrouwen;0;2;4;Één jaar na afstuderen;6;Cohort 2001/'02;;;;;;;;;;;;;;;;
5983;Totaal mannen en vrouwen;0;2;4;Één jaar na afstuderen;6;Cohort 2002/'03;;;;;;;;;;;;;;;;
5984;Totaal mannen en vrouwen;0;2;4;Één jaar na afstuderen;6;Cohort 2003/'04;;;;;;;;;;;;;;;;
5985;Totaal mannen en vrouwen;0;2;4;Één jaar na afstuderen;7;Cohort 1999/'00;1.7;1.7;1.7;1.7;1.7;1.7;;;;;;;;;;
5986;Totaal mannen en vrouwen;0;2;4;Één jaar na afstuderen;7;Cohort 2000/'01;;;;;;;;;;;;;;;;
5987;Totaal mannen en vrouwen;0;2;4;Één jaar na afstuderen;7;Cohort 2001/'02;;;;;;;;;;;;;;;;
5988;Totaal mannen en vrouwen;0;2;4;Één jaar na afstuderen;7;Cohort 2002/'03;;;;;;;;;;;;;;;;
5989;Totaal mannen en vrouwen;0;2;4;Één jaar na afstuderen;7;Cohort 2003/'04;;;;;;;;;;;;;;;;
5990;Totaal mannen en vrouwen;0;2;4;Één jaar na afstuderen;8;Cohort 1999/'00;;;;;;;;;;;;;;;;
5991;Totaal mannen en vrouwen;0;2;4;Één jaar na afstuderen;8;Cohort 2000/'01;1.7;;1.7;;1.7;;;;;;;;;;;
5992;Totaal mannen en vrouwen;0;2;4;Één jaar na afstuderen;8;Cohort 2001/'02;2.8;2.8;2.8;2.8;2.8;2.8;;;;;;;;;;
5993;Totaal mannen en vrouwen;0;2;4;Één jaar na afstuderen;8;Cohort 2002/'03;2.1;2.4;2.1;2.4;2.1;2.4;;;;;;;;;;
5994;Totaal mannen en vrouwen;0;2;4;Één jaar na afstuderen;8;Cohort 2003/'04;1.3;2.4;1.3;2.4;1.3;2.4;;;;;;;;;;
5995;Totaal mannen en vrouwen;0;2;4;Één jaar na afstuderen;9;Cohort 1999/'00;;;;;;;;;;;;;;;;
5996;Totaal mannen en vrouwen;0;2;4;Één jaar na afstuderen;9;Cohort 2000/'01;;;;;;;;;;;;;;;;
5997;Totaal mannen en vrouwen;0;2;4;Één jaar na afstuderen;9;Cohort 2001/'02;2.5;2.5;2.5;2.5;2.5;2.5;;;;;;;;;;
5998;Totaal mannen en vrouwen;0;2;4;Één jaar na afstuderen;9;Cohort 2002/'03;;;;;;;;;;;;;;;;
5999;Totaal mannen en vrouwen;0;2;4;Één jaar na afstuderen;9;Cohort 2003/'04;;;;;;;;;;;;;;;;
6000;Totaal mannen en vrouwen;0;2;4;Één jaar na afstuderen;M Onderwijs;Cohort 1999/'00;1.9;2.2;1.9;2.2;1.9;2.2;;;1.1;;;;1.1;;;
6001;Totaal mannen en vrouwen;0;2;4;Één jaar na afstuderen;M Onderwijs;Cohort 2000/'01;2.0;2.2;2.0;2.1;2.0;2.1;;;2.4;2.3;;;2.4;2.3;;
6002;Totaal mannen en vrouwen;0;2;4;Één jaar na afstuderen;M Onderwijs;Cohort 2001/'02;2.0;2.2;2.0;2.2;2.0;2.2;;;;;;;;;;
6003;Totaal mannen en vrouwen;0;2;4;Één jaar na afstuderen;M Onderwijs;Cohort 2002/'03;2.2;2.3;2.2;2.3;2.2;2.3;;;1.9;2.3;;;1.9;2.3;;
6004;Totaal mannen en vrouwen;0;2;4;Één jaar na afstuderen;M Onderwijs;Cohort 2003/'04;2.2;2.4;2.1;2.4;2.1;2.4;;;2.7;;;;2.7;;;
6005;Totaal mannen en vrouwen;0;2;4;Één jaar na afstuderen;N Gezondheids- en welzijnszorg;Cohort 1999/'00;;;;;;;;;;;;;;;;
6006;Totaal mannen en vrouwen;0;2;4;Één jaar na afstuderen;N Gezondheids- en welzijnszorg;Cohort 2000/'01;0.1;;0.1;;0.1;;;;;;;;;;;
6007;Totaal mannen en vrouwen;0;2;4;Één jaar na afstuderen;N Gezondheids- en welzijnszorg;Cohort 2001/'02;1.7;;1.7;;1.7;;;;;;;;;;;
6008;Totaal mannen en vrouwen;0;2;4;Één jaar na afstuderen;N Gezondheids- en welzijnszorg;Cohort 2002/'03;3.4;3.4;3.4;3.4;3.4;3.4;;;;;;;;;;
6009;Totaal mannen en vrouwen;0;2;4;Één jaar na afstuderen;N Gezondheids- en welzijnszorg;Cohort 2003/'04;2.3;3.3;2.3;3.3;2.3;3.3;;;;;;;;;;
6010;Totaal mannen en vrouwen;0;2;4;Één jaar na afstuderen;9000e Milieu, cultuur, recreatie en ..;Cohort 1999/'00;;;;;;;;;;;;;;;;
6011;Totaal mannen en vrouwen;0;2;4;Één jaar na afstuderen;9000e Milieu, cultuur, recreatie en ..;Cohort 2000/'01;;;;;;;;;;;;;;;;
6012;Totaal mannen en vrouwen;0;2;4;Één jaar na afstuderen;9000e Milieu, cultuur, recreatie en ..;Cohort 2001/'02;;;;;;;;;;;;;;;;
6013;Totaal mannen en vrouwen;0;2;4;Één jaar na afstuderen;9000e Milieu, cultuur, recreatie en ..;Cohort 2002/'03;;;;;;;;;;;;;;;;
6014;Totaal mannen en vrouwen;0;2;4;Één jaar na afstuderen;9000e Milieu, cultuur, recreatie en ..;Cohort 2003/'04;4.8;4.8;4.8;4.8;4.8;4.8;;;;;;;;;;
6015;Totaal mannen en vrouwen;0;2;4;Één jaar na afstuderen;Onbekend;Cohort 1999/'00;;;;;;;;;;;;;;;;
6016;Totaal mannen en vrouwen;0;2;4;Één jaar na afstuderen;Onbekend;Cohort 2000/'01;;;;;;;;;;;;;;;;
6017;Totaal mannen en vrouwen;0;2;4;Één jaar na afstuderen;Onbekend;Cohort 2001/'02;;;;;;;;;;;;;;;;
6018;Totaal mannen en vrouwen;0;2;4;Één jaar na afstuderen;Onbekend;Cohort 2002/'03;;;;;;;;;;;;;;;;
6019;Totaal mannen en vrouwen;0;2;4;Één jaar na afstuderen;Onbekend;Cohort 2003/'04;;;;;;;;;;;;;;;;
6020;Totaal mannen en vrouwen;0;2;4;Twee jaar na afstuderen;0;Cohort 1999/'00;2.1;2.4;2.2;2.4;2.2;2.4;;;1.3;;;;1.3;;;
6021;Totaal mannen en vrouwen;0;2;4;Twee jaar na afstuderen;0;Cohort 2000/'01;2.3;2.7;2.3;2.7;2.3;2.7;;;2.6;2.6;;;2.6;2.6;;
6022;Totaal mannen en vrouwen;0;2;4;Twee jaar na afstuderen;0;Cohort 2001/'02;2.3;2.4;2.3;2.4;2.3;2.4;;;;;;;;;;
6023;Totaal mannen en vrouwen;0;2;4;Twee jaar na afstuderen;0;Cohort 2002/'03;2.2;2.5;2.3;2.5;2.3;2.5;;;1.8;2.1;;;1.8;2.1;;
6024;Totaal mannen en vrouwen;0;2;4;Twee jaar na afstuderen;0;Cohort 2003/'04;2.4;2.7;2.4;2.7;2.4;2.7;;;2.5;2.3;;;2.5;2.3;;
6025;Totaal mannen en vrouwen;0;2;4;Twee jaar na afstuderen;1;Cohort 1999/'00;;;;;;;;;;;;;;;;
6026;Totaal mannen en vrouwen;0;2;4;Twee jaar na afstuderen;1;Cohort 2000/'01;;;;;;;;;;;;;;;;
6027;Totaal mannen en vrouwen;0;2;4;Twee jaar na afstuderen;1;Cohort 2001/'02;;;;;;;;;;;;;;;;
6028;Totaal mannen en vrouwen;0;2;4;Twee jaar na afstuderen;1;Cohort 2002/'03;;;;;;;;;;;;;;;;
6029;Totaal mannen en vrouwen;0;2;4;Twee jaar na afstuderen;1;Cohort 2003/'04;;;;;;;;;;;;;;;;
6030;Totaal mannen en vrouwen;0;2;4;Twee jaar na afstuderen;2;Cohort 1999/'00;;;;;;;;;;;;;;;;
6031;Totaal mannen en vrouwen;0;2;4;Twee jaar na afstuderen;2;Cohort 2000/'01;;;;;;;;;;;;;;;;
6032;Totaal mannen en vrouwen;0;2;4;Twee jaar na afstuderen;2;Cohort 2001/'02;;;;;;;;;;;;;;;;
6033;Totaal mannen en vrouwen;0;2;4;Twee jaar na afstuderen;2;Cohort 2002/'03;;;;;;;;;;;;;;;;
6034;Totaal mannen en vrouwen;0;2;4;Twee jaar na afstuderen;2;Cohort 2003/'04;;;;;;;;;;;;;;;;
6035;Totaal mannen en vrouwen;0;2;4;Twee jaar na afstuderen;3;Cohort 1999/'00;;;;;;;;;;;;;;;;
6036;Totaal mannen en vrouwen;0;2;4;Twee jaar na afstuderen;3;Cohort 2000/'01;;;;;;;;;;;;;;;;
6037;Totaal mannen en vrouwen;0;2;4;Twee jaar na afstuderen;3;Cohort 2001/'02;;;;;;;;;;;;;;;;
6038;Totaal mannen en vrouwen;0;2;4;Twee jaar na afstuderen;3;Cohort 2002/'03;2.2;;2.2;;2.2;;;;;;;;;;;
6039;Totaal mannen en vrouwen;0;2;4;Twee jaar na afstuderen;3;Cohort 2003/'04;1.3;;1.3;;1.3;;;;;;;;;;;
6040;Totaal mannen en vrouwen;0;2;4;Twee jaar na afstuderen;4;Cohort 1999/'00;;;;;;;;;;;;;;;;
6041;Totaal mannen en vrouwen;0;2;4;Twee jaar na afstuderen;4;Cohort 2000/'01;;;;;;;;;;;;;;;;
6042;Totaal mannen en vrouwen;0;2;4;Twee jaar na afstuderen;4;Cohort 2001/'02;;;;;;;;;;;;;;;;
6043;Totaal mannen en vrouwen;0;2;4;Twee jaar na afstuderen;4;Cohort 2002/'03;;;;;;;;;;;;;;;;
6044;Totaal mannen en vrouwen;0;2;4;Twee jaar na afstuderen;4;Cohort 2003/'04;;;;;;;;;;;;;;;;
6045;Totaal mannen en vrouwen;0;2;4;Twee jaar na afstuderen;5;Cohort 1999/'00;;;;;;;;;;;;;;;;
6046;Totaal mannen en vrouwen;0;2;4;Twee jaar na afstuderen;5;Cohort 2000/'01;2.0;;2.0;;2.0;;;;;;;;;;;
6047;Totaal mannen en vrouwen;0;2;4;Twee jaar na afstuderen;5;Cohort 2001/'02;;;;;;;;;;;;;;;;
6048;Totaal mannen en vrouwen;0;2;4;Twee jaar na afstuderen;5;Cohort 2002/'03;;;;;;;;;;;;;;;;
6049;Totaal mannen en vrouwen;0;2;4;Twee jaar na afstuderen;5;Cohort 2003/'04;;;;;;;;;;;;;;;;
6050;Totaal mannen en vrouwen;0;2;4;Twee jaar na afstuderen;6;Cohort 1999/'00;;;;;;;;;;;;;;;;
6051;Totaal mannen en vrouwen;0;2;4;Twee jaar na afstuderen;6;Cohort 2000/'01;;;;;;;;;;;;;;;;
6052;Totaal mannen en vrouwen;0;2;4;Twee jaar na afstuderen;6;Cohort 2001/'02;;;;;;;;;;;;;;;;
6053;Totaal mannen en vrouwen;0;2;4;Twee jaar na afstuderen;6;Cohort 2002/'03;;;;;;;;;;;;;;;;
6054;Totaal mannen en vrouwen;0;2;4;Twee jaar na afstuderen;6;Cohort 2003/'04;;;;;;;;;;;;;;;;
6055;Totaal mannen en vrouwen;0;2;4;Twee jaar na afstuderen;7;Cohort 1999/'00;1.9;1.9;1.9;1.9;1.9;1.9;;;;;;;;;;
6056;Totaal mannen en vrouwen;0;2;4;Twee jaar na afstuderen;7;Cohort 2000/'01;6.5;6.5;6.5;6.5;6.5;6.5;;;;;;;;;;
6057;Totaal mannen en vrouwen;0;2;4;Twee jaar na afstuderen;7;Cohort 2001/'02;;;;;;;;;;;;;;;;
6058;Totaal mannen en vrouwen;0;2;4;Twee jaar na afstuderen;7;Cohort 2002/'03;;;;;;;;;;;;;;;;
6059;Totaal mannen en vrouwen;0;2;4;Twee jaar na afstuderen;7;Cohort 2003/'04;;;;;;;;;;;;;;;;
6060;Totaal mannen en vrouwen;0;2;4;Twee jaar na afstuderen;8;Cohort 1999/'00;;;;;;;;;;;;;;;;
6061;Totaal mannen en vrouwen;0;2;4;Twee jaar na afstuderen;8;Cohort 2000/'01;1.9;;1.9;;1.9;;;;;;;;;;;
6062;Totaal mannen en vrouwen;0;2;4;Twee jaar na afstuderen;8;Cohort 2001/'02;3.1;3.1;3.1;3.1;3.1;3.1;;;;;;;;;;
6063;Totaal mannen en vrouwen;0;2;4;Twee jaar na afstuderen;8;Cohort 2002/'03;1.8;3.0;1.8;3.0;1.8;3.0;;;;;;;;;;
6064;Totaal mannen en vrouwen;0;2;4;Twee jaar na afstuderen;8;Cohort 2003/'04;1.8;;1.8;;1.8;;;;;;;;;;;
6065;Totaal mannen en vrouwen;0;2;4;Twee jaar na afstuderen;9;Cohort 1999/'00;;;;;;;;;;;;;;;;
6066;Totaal mannen en vrouwen;0;2;4;Twee jaar na afstuderen;9;Cohort 2000/'01;3.7;3.7;3.7;3.7;3.7;3.7;;;;;;;;;;
6067;Totaal mannen en vrouwen;0;2;4;Twee jaar na afstuderen;9;Cohort 2001/'02;3.0;3.0;3.0;3.0;3.0;3.0;;;;;;;;;;
6068;Totaal mannen en vrouwen;0;2;4;Twee jaar na afstuderen;9;Cohort 2002/'03;2.4;2.5;2.4;2.5;2.4;2.5;;;;;;;;;;
6069;Totaal mannen en vrouwen;0;2;4;Twee jaar na afstuderen;9;Cohort 2003/'04;2.3;2.3;;;;;;;2.3;2.3;;;2.3;2.3;;
6070;Totaal mannen en vrouwen;0;2;4;Twee jaar na afstuderen;M Onderwijs;Cohort 1999/'00;2.1;2.4;2.2;2.4;2.2;2.4;;;1.3;;;;1.3;;;
6071;Totaal mannen en vrouwen;0;2;4;Twee jaar na afstuderen;M Onderwijs;Cohort 2000/'01;2.2;2.4;2.1;2.4;2.1;2.4;;;2.6;2.6;;;2.6;2.6;;
6072;Totaal mannen en vrouwen;0;2;4;Twee jaar na afstuderen;M Onderwijs;Cohort 2001/'02;2.3;2.4;2.3;2.4;2.3;2.4;;;;;;;;;;
6073;Totaal mannen en vrouwen;0;2;4;Twee jaar na afstuderen;M Onderwijs;Cohort 2002/'03;2.3;2.5;2.3;2.5;2.3;2.5;;;1.8;2.1;;;1.8;2.1;;
6074;Totaal mannen en vrouwen;0;2;4;Twee jaar na afstuderen;M Onderwijs;Cohort 2003/'04;2.4;2.6;2.4;2.6;2.4;2.6;;;2.6;;;;2.6;;;
6075;Totaal mannen en vrouwen;0;2;4;Twee jaar na afstuderen;N Gezondheids- en welzijnszorg;Cohort 1999/'00;;;;;;;;;;;;;;;;
6076;Totaal mannen en vrouwen;0;2;4;Twee jaar na afstuderen;N Gezondheids- en welzijnszorg;Cohort 2000/'01;;;;;;;;;;;;;;;;
6077;Totaal mannen en vrouwen;0;2;4;Twee jaar na afstuderen;N Gezondheids- en welzijnszorg;Cohort 2001/'02;2.0;;2.0;;2.0;;;;;;;;;;;
6078;Totaal mannen en vrouwen;0;2;4;Twee jaar na afstuderen;N Gezondheids- en welzijnszorg;Cohort 2002/'03;1.6;;1.6;;1.6;;;;;;;;;;;
6079;Totaal mannen en vrouwen;0;2;4;Twee jaar na afstuderen;N Gezondheids- en welzijnszorg;Cohort 2003/'04;1.3;;1.3;;1.3;;;;;;;;;;;
6080;Totaal mannen en vrouwen;0;2;4;Twee jaar na afstuderen;9000e Milieu, cultuur, recreatie en ..;Cohort 1999/'00;;;;;;;;;;;;;;;;
6081;Totaal mannen en vrouwen;0;2;4;Twee jaar na afstuderen;9000e Milieu, cultuur, recreatie en ..;Cohort 2000/'01;;;;;;;;;;;;;;;;
6082;Totaal mannen en vrouwen;0;2;4;Twee jaar na afstuderen;9000e Milieu, cultuur, recreatie en ..;Cohort 2001/'02;;;;;;;;;;;;;;;;
6083;Totaal mannen en vrouwen;0;2;4;Twee jaar na afstuderen;9000e Milieu, cultuur, recreatie en ..;Cohort 2002/'03;;;;;;;;;;;;;;;;
6084;Totaal mannen en vrouwen;0;2;4;Twee jaar na afstuderen;9000e Milieu, cultuur, recreatie en ..;Cohort 2003/'04;6.5;6.5;6.5;6.5;6.5;6.5;;;;;;;;;;
6085;Totaal mannen en vrouwen;0;2;4;Twee jaar na afstuderen;Onbekend;Cohort 1999/'00;;;;;;;;;;;;;;;;
6086;Totaal mannen en vrouwen;0;2;4;Twee jaar na afstuderen;Onbekend;Cohort 2000/'01;;;;;;;;;;;;;;;;
6087;Totaal mannen en vrouwen;0;2;4;Twee jaar na afstuderen;Onbekend;Cohort 2001/'02;;;;;;;;;;;;;;;;
6088;Totaal mannen en vrouwen;0;2;4;Twee jaar na afstuderen;Onbekend;Cohort 2002/'03;;;;;;;;;;;;;;;;
6089;Totaal mannen en vrouwen;0;2;4;Twee jaar na afstuderen;Onbekend;Cohort 2003/'04;;;;;;;;;;;;;;;;
6090;Totaal mannen en vrouwen;0;2;4;Drie jaar na afstuderen;0;Cohort 1999/'00;2.2;2.4;2.2;2.4;2.2;2.4;;;1.6;;;;1.6;;;
6091;Totaal mannen en vrouwen;0;2;4;Drie jaar na afstuderen;0;Cohort 2000/'01;2.4;2.7;2.4;2.7;2.4;2.7;;;2.7;2.7;;;2.7;2.7;;
6092;Totaal mannen en vrouwen;0;2;4;Drie jaar na afstuderen;0;Cohort 2001/'02;2.5;2.7;2.5;2.7;2.5;2.7;;;;;;;;;;
6093;Totaal mannen en vrouwen;0;2;4;Drie jaar na afstuderen;0;Cohort 2002/'03;2.3;2.5;2.3;2.5;2.3;2.5;;;2.0;2.6;;;2.0;2.6;;
6094;Totaal mannen en vrouwen;0;2;4;Drie jaar na afstuderen;0;Cohort 2003/'04;2.4;2.7;2.4;2.7;2.4;2.7;;;3.0;3.9;;;3.0;3.9;;
6095;Totaal mannen en vrouwen;0;2;4;Drie jaar na afstuderen;1;Cohort 1999/'00;;;;;;;;;;;;;;;;
6096;Totaal mannen en vrouwen;0;2;4;Drie jaar na afstuderen;1;Cohort 2000/'01;;;;;;;;;;;;;;;;
6097;Totaal mannen en vrouwen;0;2;4;Drie jaar na afstuderen;1;Cohort 2001/'02;;;;;;;;;;;;;;;;
6098;Totaal mannen en vrouwen;0;2;4;Drie jaar na afstuderen;1;Cohort 2002/'03;;;;;;;;;;;;;;;;
6099;Totaal mannen en vrouwen;0;2;4;Drie jaar na afstuderen;1;Cohort 2003/'04;;;;;;;;;;;;;;;;
6100;Totaal mannen en vrouwen;0;2;4;Drie jaar na afstuderen;2;Cohort 1999/'00;;;;;;;;;;;;;;;;
6101;Totaal mannen en vrouwen;0;2;4;Drie jaar na afstuderen;2;Cohort 2000/'01;2.0;2.0;2.0;2.0;2.0;2.0;;;;;;;;;;
6102;Totaal mannen en vrouwen;0;2;4;Drie jaar na afstuderen;2;Cohort 2001/'02;;;;;;;;;;;;;;;;
6103;Totaal mannen en vrouwen;0;2;4;Drie jaar na afstuderen;2;Cohort 2002/'03;2.0;2.0;2.0;2.0;2.0;2.0;;;;;;;;;;
6104;Totaal mannen en vrouwen;0;2;4;Drie jaar na afstuderen;2;Cohort 2003/'04;;;;;;;;;;;;;;;;
6105;Totaal mannen en vrouwen;0;2;4;Drie jaar na afstuderen;3;Cohort 1999/'00;;;;;;;;;;;;;;;;
6106;Totaal mannen en vrouwen;0;2;4;Drie jaar na afstuderen;3;Cohort 2000/'01;;;;;;;;;;;;;;;;
6107;Totaal mannen en vrouwen;0;2;4;Drie jaar na afstuderen;3;Cohort 2001/'02;;;;;;;;;;;;;;;;
6108;Totaal mannen en vrouwen;0;2;4;Drie jaar na afstuderen;3;Cohort 2002/'03;2.5;1.7;2.5;1.7;2.5;1.7;;;;;;;;;;
6109;Totaal mannen en vrouwen;0;2;4;Drie jaar na afstuderen;3;Cohort 2003/'04;;;;;;;;;;;;;;;;
6110;Totaal mannen en vrouwen;0;2;4;Drie jaar na afstuderen;4;Cohort 1999/'00;;;;;;;;;;;;;;;;
6111;Totaal mannen en vrouwen;0;2;4;Drie jaar na afstuderen;4;Cohort 2000/'01;;;;;;;;;;;;;;;;
6112;Totaal mannen en vrouwen;0;2;4;Drie jaar na afstuderen;4;Cohort 2001/'02;;;;;;;;;;;;;;;;
6113;Totaal mannen en vrouwen;0;2;4;Drie jaar na afstuderen;4;Cohort 2002/'03;0.7;;0.7;;0.7;;;;;;;;;;;
6114;Totaal mannen en vrouwen;0;2;4;Drie jaar na afstuderen;4;Cohort 2003/'04;;;;;;;;;;;;;;;;
6115;Totaal mannen en vrouwen;0;2;4;Drie jaar na afstuderen;5;Cohort 1999/'00;;;;;;;;;;;;;;;;
6116;Totaal mannen en vrouwen;0;2;4;Drie jaar na afstuderen;5;Cohort 2000/'01;1.2;;1.2;;1.2;;;;;;;;;;;
6117;Totaal mannen en vrouwen;0;2;4;Drie jaar na afstuderen;5;Cohort 2001/'02;;;;;;;;;;;;;;;;
6118;Totaal mannen en vrouwen;0;2;4;Drie jaar na afstuderen;5;Cohort 2002/'03;;;;;;;;;;;;;;;;
6119;Totaal mannen en vrouwen;0;2;4;Drie jaar na afstuderen;5;Cohort 2003/'04;;;;;;;;;;;;;;;;
6120;Totaal mannen en vrouwen;0;2;4;Drie jaar na afstuderen;6;Cohort 1999/'00;;;;;;;;;;;;;;;;
6121;Totaal mannen en vrouwen;0;2;4;Drie jaar na afstuderen;6;Cohort 2000/'01;;;;;;;;;;;;;;;;
6122;Totaal mannen en vrouwen;0;2;4;Drie jaar na afstuderen;6;Cohort 2001/'02;;;;;;;;;;;;;;;;
6123;Totaal mannen en vrouwen;0;2;4;Drie jaar na afstuderen;6;Cohort 2002/'03;;;;;;;;;;;;;;;;
6124;Totaal mannen en vrouwen;0;2;4;Drie jaar na afstuderen;6;Cohort 2003/'04;2.7;2.7;2.7;2.7;2.7;2.7;;;;;;;;;;
6125;Totaal mannen en vrouwen;0;2;4;Drie jaar na afstuderen;7;Cohort 1999/'00;2.0;2.0;2.0;2.0;2.0;2.0;;;;;;;;;;
6126;Totaal mannen en vrouwen;0;2;4;Drie jaar na afstuderen;7;Cohort 2000/'01;;;;;;;;;;;;;;;;
6127;Totaal mannen en vrouwen;0;2;4;Drie jaar na afstuderen;7;Cohort 2001/'02;;;;;;;;;;;;;;;;
6128;Totaal mannen en vrouwen;0;2;4;Drie jaar na afstuderen;7;Cohort 2002/'03;0.7;;0.7;;0.7;;;;;;;;;;;
6129;Totaal mannen en vrouwen;0;2;4;Drie jaar na afstuderen;7;Cohort 2003/'04;2.3;2.3;2.3;2.3;2.3;2.3;;;;;;;;;;
6130;Totaal mannen en vrouwen;0;2;4;Drie jaar na afstuderen;8;Cohort 1999/'00;2.2;2.2;2.2;2.2;2.2;2.2;;;;;;;;;;
6131;Totaal mannen en vrouwen;0;2;4;Drie jaar na afstuderen;8;Cohort 2000/'01;1.8;;1.8;;1.8;;;;;;;;;;;
6132;Totaal mannen en vrouwen;0;2;4;Drie jaar na afstuderen;8;Cohort 2001/'02;;;;;;;;;;;;;;;;
6133;Totaal mannen en vrouwen;0;2;4;Drie jaar na afstuderen;8;Cohort 2002/'03;;;;;;;;;;;;;;;;
6134;Totaal mannen en vrouwen;0;2;4;Drie jaar na afstuderen;8;Cohort 2003/'04;1.3;;1.3;;1.3;;;;;;;;;;;
6135;Totaal mannen en vrouwen;0;2;4;Drie jaar na afstuderen;9;Cohort 1999/'00;;;;;;;;;;;;;;;;
6136;Totaal mannen en vrouwen;0;2;4;Drie jaar na afstuderen;9;Cohort 2000/'01;;;;;;;;;;;;;;;;
6137;Totaal mannen en vrouwen;0;2;4;Drie jaar na afstuderen;9;Cohort 2001/'02;3.2;3.2;3.2;3.2;3.2;3.2;;;;;;;;;;
6138;Totaal mannen en vrouwen;0;2;4;Drie jaar na afstuderen;9;Cohort 2002/'03;;;;;;;;;;;;;;;;
6139;Totaal mannen en vrouwen;0;2;4;Drie jaar na afstuderen;9;Cohort 2003/'04;2.5;;;;;;;;2.5;;;;2.5;;;
6140;Totaal mannen en vrouwen;0;2;4;Drie jaar na afstuderen;M Onderwijs;Cohort 1999/'00;2.2;2.4;2.2;2.4;2.2;2.4;;;1.6;;;;1.6;;;
6141;Totaal mannen en vrouwen;0;2;4;Drie jaar na afstuderen;M Onderwijs;Cohort 2000/'01;2.5;2.7;2.4;2.7;2.4;2.7;;;2.7;2.7;;;2.7;2.7;;
6142;Totaal mannen en vrouwen;0;2;4;Drie jaar na afstuderen;M Onderwijs;Cohort 2001/'02;2.4;2.6;2.4;2.6;2.4;2.6;;;;;;;;;;
6143;Totaal mannen en vrouwen;0;2;4;Drie jaar na afstuderen;M Onderwijs;Cohort 2002/'03;2.4;2.5;2.4;2.5;2.4;2.5;;;2.0;2.6;;;2.0;2.6;;
6144;Totaal mannen en vrouwen;0;2;4;Drie jaar na afstuderen;M Onderwijs;Cohort 2003/'04;2.5;2.7;2.5;2.7;2.5;2.7;;;3.1;3.9;;;3.1;3.9;;
6145;Totaal mannen en vrouwen;0;2;4;Drie jaar na afstuderen;N Gezondheids- en welzijnszorg;Cohort 1999/'00;;;;;;;;;;;;;;;;
6146;Totaal mannen en vrouwen;0;2;4;Drie jaar na afstuderen;N Gezondheids- en welzijnszorg;Cohort 2000/'01;;;;;;;;;;;;;;;;
6147;Totaal mannen en vrouwen;0;2;4;Drie jaar na afstuderen;N Gezondheids- en welzijnszorg;Cohort 2001/'02;;;;;;;;;;;;;;;;
6148;Totaal mannen en vrouwen;0;2;4;Drie jaar na afstuderen;N Gezondheids- en welzijnszorg;Cohort 2002/'03;1.8;;1.8;;1.8;;;;;;;;;;;
6149;Totaal mannen en vrouwen;0;2;4;Drie jaar na afstuderen;N Gezondheids- en welzijnszorg;Cohort 2003/'04;1.6;;1.6;;1.6;;;;;;;;;;;
6150;Totaal mannen en vrouwen;0;2;4;Drie jaar na afstuderen;9000e Milieu, cultuur, recreatie en ..;Cohort 1999/'00;;;;;;;;;;;;;;;;
6151;Totaal mannen en vrouwen;0;2;4;Drie jaar na afstuderen;9000e Milieu, cultuur, recreatie en ..;Cohort 2000/'01;;;;;;;;;;;;;;;;
6152;Totaal mannen en vrouwen;0;2;4;Drie jaar na afstuderen;9000e Milieu, cultuur, recreatie en ..;Cohort 2001/'02;;;;;;;;;;;;;;;;
6153;Totaal mannen en vrouwen;0;2;4;Drie jaar na afstuderen;9000e Milieu, cultuur, recreatie en ..;Cohort 2002/'03;2.2;;2.2;;2.2;;;;;;;;;;;
6154;Totaal mannen en vrouwen;0;2;4;Drie jaar na afstuderen;9000e Milieu, cultuur, recreatie en ..;Cohort 2003/'04;2.2;;2.2;;2.2;;;;;;;;;;;
6155;Totaal mannen en vrouwen;0;2;4;Drie jaar na afstuderen;Onbekend;Cohort 1999/'00;;;;;;;;;;;;;;;;
6156;Totaal mannen en vrouwen;0;2;4;Drie jaar na afstuderen;Onbekend;Cohort 2000/'01;;;;;;;;;;;;;;;;
6157;Totaal mannen en vrouwen;0;2;4;Drie jaar na afstuderen;Onbekend;Cohort 2001/'02;;;;;;;;;;;;;;;;
6158;Totaal mannen en vrouwen;0;2;4;Drie jaar na afstuderen;Onbekend;Cohort 2002/'03;;;;;;;;;;;;;;;;
6159;Totaal mannen en vrouwen;0;2;4;Drie jaar na afstuderen;Onbekend;Cohort 2003/'04;;;;;;;;;;;;;;;;
6160;Totaal mannen en vrouwen;0;2;4;Vier jaar na afstuderen;0;Cohort 1999/'00;2.4;2.7;2.4;2.7;2.4;2.7;;;1.8;;;;1.8;;;
6161;Totaal mannen en vrouwen;0;2;4;Vier jaar na afstuderen;0;Cohort 2000/'01;2.4;2.7;2.4;2.7;2.4;2.7;;;2.8;2.8;;;2.8;2.8;;
6162;Totaal mannen en vrouwen;0;2;4;Vier jaar na afstuderen;0;Cohort 2001/'02;2.4;2.7;2.4;2.7;2.4;2.7;;;;;;;;;;
6163;Totaal mannen en vrouwen;0;2;4;Vier jaar na afstuderen;0;Cohort 2002/'03;2.5;3.0;2.5;3.0;2.5;3.0;;;2.3;2.9;;;2.3;2.9;;
6164;Totaal mannen en vrouwen;0;2;4;Vier jaar na afstuderen;0;Cohort 2003/'04;2.5;2.8;2.4;2.8;2.4;2.8;;;3.0;;;;3.0;;;
6165;Totaal mannen en vrouwen;0;2;4;Vier jaar na afstuderen;1;Cohort 1999/'00;;;;;;;;;;;;;;;;
6166;Totaal mannen en vrouwen;0;2;4;Vier jaar na afstuderen;1;Cohort 2000/'01;;;;;;;;;;;;;;;;
6167;Totaal mannen en vrouwen;0;2;4;Vier jaar na afstuderen;1;Cohort 2001/'02;;;;;;;;;;;;;;;;
6168;Totaal mannen en vrouwen;0;2;4;Vier jaar na afstuderen;1;Cohort 2002/'03;;;;;;;;;;;;;;;;
6169;Totaal mannen en vrouwen;0;2;4;Vier jaar na afstuderen;1;Cohort 2003/'04;;;;;;;;;;;;;;;;
6170;Totaal mannen en vrouwen;0;2;4;Vier jaar na afstuderen;2;Cohort 1999/'00;;;;;;;;;;;;;;;;
6171;Totaal mannen en vrouwen;0;2;4;Vier jaar na afstuderen;2;Cohort 2000/'01;2.2;2.2;2.2;2.2;2.2;2.2;;;;;;;;;;
6172;Totaal mannen en vrouwen;0;2;4;Vier jaar na afstuderen;2;Cohort 2001/'02;;;;;;;;;;;;;;;;
6173;Totaal mannen en vrouwen;0;2;4;Vier jaar na afstuderen;2;Cohort 2002/'03;2.2;2.2;2.2;2.2;2.2;2.2;;;;;;;;;;
6174;Totaal mannen en vrouwen;0;2;4;Vier jaar na afstuderen;2;Cohort 2003/'04;;;;;;;;;;;;;;;;
6175;Totaal mannen en vrouwen;0;2;4;Vier jaar na afstuderen;3;Cohort 1999/'00;;;;;;;;;;;;;;;;
6176;Totaal mannen en vrouwen;0;2;4;Vier jaar na afstuderen;3;Cohort 2000/'01;;;;;;;;;;;;;;;;
6177;Totaal mannen en vrouwen;0;2;4;Vier jaar na afstuderen;3;Cohort 2001/'02;;;;;;;;;;;;;;;;
6178;Totaal mannen en vrouwen;0;2;4;Vier jaar na afstuderen;3;Cohort 2002/'03;4.9;7.6;4.9;7.6;4.9;7.6;;;;;;;;;;
6179;Totaal mannen en vrouwen;0;2;4;Vier jaar na afstuderen;3;Cohort 2003/'04;2.2;2.2;2.2;2.2;2.2;2.2;;;;;;;;;;
6180;Totaal mannen en vrouwen;0;2;4;Vier jaar na afstuderen;4;Cohort 1999/'00;;;;;;;;;;;;;;;;
6181;Totaal mannen en vrouwen;0;2;4;Vier jaar na afstuderen;4;Cohort 2000/'01;;;;;;;;;;;;;;;;
6182;Totaal mannen en vrouwen;0;2;4;Vier jaar na afstuderen;4;Cohort 2001/'02;;;;;;;;;;;;;;;;
6183;Totaal mannen en vrouwen;0;2;4;Vier jaar na afstuderen;4;Cohort 2002/'03;0.7;;0.7;;0.7;;;;;;;;;;;
6184;Totaal mannen en vrouwen;0;2;4;Vier jaar na afstuderen;4;Cohort 2003/'04;;;;;;;;;;;;;;;;
6185;Totaal mannen en vrouwen;0;2;4;Vier jaar na afstuderen;5;Cohort 1999/'00;;;;;;;;;;;;;;;;
6186;Totaal mannen en vrouwen;0;2;4;Vier jaar na afstuderen;5;Cohort 2000/'01;;;;;;;;;;;;;;;;
6187;Totaal mannen en vrouwen;0;2;4;Vier jaar na afstuderen;5;Cohort 2001/'02;;;;;;;;;;;;;;;;
6188;Totaal mannen en vrouwen;0;2;4;Vier jaar na afstuderen;5;Cohort 2002/'03;;;;;;;;;;;;;;;;
6189;Totaal mannen en vrouwen;0;2;4;Vier jaar na afstuderen;5;Cohort 2003/'04;;;;;;;;;;;;;;;;
6190;Totaal mannen en vrouwen;0;2;4;Vier jaar na afstuderen;6;Cohort 1999/'00;;;;;;;;;;;;;;;;
6191;Totaal mannen en vrouwen;0;2;4;Vier jaar na afstuderen;6;Cohort 2000/'01;;;;;;;;;;;;;;;;
6192;Totaal mannen en vrouwen;0;2;4;Vier jaar na afstuderen;6;Cohort 2001/'02;;;;;;;;;;;;;;;;
6193;Totaal mannen en vrouwen;0;2;4;Vier jaar na afstuderen;6;Cohort 2002/'03;;;;;;;;;;;;;;;;
6194;Totaal mannen en vrouwen;0;2;4;Vier jaar na afstuderen;6;Cohort 2003/'04;;;;;;;;;;;;;;;;
6195;Totaal mannen en vrouwen;0;2;4;Vier jaar na afstuderen;7;Cohort 1999/'00;2.5;2.5;2.5;2.5;2.5;2.5;;;;;;;;;;
6196;Totaal mannen en vrouwen;0;2;4;Vier jaar na afstuderen;7;Cohort 2000/'01;;;;;;;;;;;;;;;;
6197;Totaal mannen en vrouwen;0;2;4;Vier jaar na afstuderen;7;Cohort 2001/'02;;;;;;;;;;;;;;;;
6198;Totaal mannen en vrouwen;0;2;4;Vier jaar na afstuderen;7;Cohort 2002/'03;2.2;2.2;2.2;2.2;2.2;2.2;;;;;;;;;;
6199;Totaal mannen en vrouwen;0;2;4;Vier jaar na afstuderen;7;Cohort 2003/'04;1.9;2.6;1.9;2.6;1.9;2.6;;;;;;;;;;
6200;Totaal mannen en vrouwen;0;2;4;Vier jaar na afstuderen;8;Cohort 1999/'00;;;;;;;;;;;;;;;;
6201;Totaal mannen en vrouwen;0;2;4;Vier jaar na afstuderen;8;Cohort 2000/'01;;;;;;;;;;;;;;;;
6202;Totaal mannen en vrouwen;0;2;4;Vier jaar na afstuderen;8;Cohort 2001/'02;1.3;;1.3;;1.3;;;;;;;;;;;
6203;Totaal mannen en vrouwen;0;2;4;Vier jaar na afstuderen;8;Cohort 2002/'03;1.6;;1.6;;1.6;;;;;;;;;;;
6204;Totaal mannen en vrouwen;0;2;4;Vier jaar na afstuderen;8;Cohort 2003/'04;;;;;;;;;;;;;;;;
6205;Totaal mannen en vrouwen;0;2;4;Vier jaar na afstuderen;9;Cohort 1999/'00;;;;;;;;;;;;;;;;
6206;Totaal mannen en vrouwen;0;2;4;Vier jaar na afstuderen;9;Cohort 2000/'01;;;;;;;;;;;;;;;;
6207;Totaal mannen en vrouwen;0;2;4;Vier jaar na afstuderen;9;Cohort 2001/'02;4.0;4.0;4.0;4.0;4.0;4.0;;;;;;;;;;
6208;Totaal mannen en vrouwen;0;2;4;Vier jaar na afstuderen;9;Cohort 2002/'03;;;;;;;;;;;;;;;;
6209;Totaal mannen en vrouwen;0;2;4;Vier jaar na afstuderen;9;Cohort 2003/'04;2.5;;;;;;;;2.5;;;;2.5;;;
6210;Totaal mannen en vrouwen;0;2;4;Vier jaar na afstuderen;M Onderwijs;Cohort 1999/'00;2.4;2.7;2.4;2.7;2.4;2.7;;;1.8;;;;1.8;;;
6211;Totaal mannen en vrouwen;0;2;4;Vier jaar na afstuderen;M Onderwijs;Cohort 2000/'01;2.4;2.8;2.3;2.8;2.3;2.8;;;2.8;2.8;;;2.8;2.8;;
6212;Totaal mannen en vrouwen;0;2;4;Vier jaar na afstuderen;M Onderwijs;Cohort 2001/'02;2.4;2.6;2.4;2.6;2.4;2.6;;;;;;;;;;
6213;Totaal mannen en vrouwen;0;2;4;Vier jaar na afstuderen;M Onderwijs;Cohort 2002/'03;2.5;2.8;2.5;2.8;2.5;2.8;;;2.3;2.9;;;2.3;2.9;;
6214;Totaal mannen en vrouwen;0;2;4;Vier jaar na afstuderen;M Onderwijs;Cohort 2003/'04;2.5;2.8;2.5;2.8;2.5;2.8;;;3.1;;;;3.1;;;
6215;Totaal mannen en vrouwen;0;2;4;Vier jaar na afstuderen;N Gezondheids- en welzijnszorg;Cohort 1999/'00;;;;;;;;;;;;;;;;
6216;Totaal mannen en vrouwen;0;2;4;Vier jaar na afstuderen;N Gezondheids- en welzijnszorg;Cohort 2000/'01;;;;;;;;;;;;;;;;
6217;Totaal mannen en vrouwen;0;2;4;Vier jaar na afstuderen;N Gezondheids- en welzijnszorg;Cohort 2001/'02;;;;;;;;;;;;;;;;
6218;Totaal mannen en vrouwen;0;2;4;Vier jaar na afstuderen;N Gezondheids- en welzijnszorg;Cohort 2002/'03;2.7;;2.7;;2.7;;;;;;;;;;;
6219;Totaal mannen en vrouwen;0;2;4;Vier jaar na afstuderen;N Gezondheids- en welzijnszorg;Cohort 2003/'04;1.3;;1.3;;1.3;;;;;;;;;;;
6220;Totaal mannen en vrouwen;0;2;4;Vier jaar na afstuderen;9000e Milieu, cultuur, recreatie en ..;Cohort 1999/'00;;;;;;;;;;;;;;;;
6221;Totaal mannen en vrouwen;0;2;4;Vier jaar na afstuderen;9000e Milieu, cultuur, recreatie en ..;Cohort 2000/'01;3.0;3.0;3.0;3.0;3.0;3.0;;;;;;;;;;
6222;Totaal mannen en vrouwen;0;2;4;Vier jaar na afstuderen;9000e Milieu, cultuur, recreatie en ..;Cohort 2001/'02;2.5;2.5;2.5;2.5;2.5;2.5;;;;;;;;;;
6223;Totaal mannen en vrouwen;0;2;4;Vier jaar na afstuderen;9000e Milieu, cultuur, recreatie en ..;Cohort 2002/'03;2.3;;2.3;;2.3;;;;;;;;;;;
6224;Totaal mannen en vrouwen;0;2;4;Vier jaar na afstuderen;9000e Milieu, cultuur, recreatie en ..;Cohort 2003/'04;;;;;;;;;;;;;;;;
6225;Totaal mannen en vrouwen;0;2;4;Vier jaar na afstuderen;Onbekend;Cohort 1999/'00;;;;;;;;;;;;;;;;
6226;Totaal mannen en vrouwen;0;2;4;Vier jaar na afstuderen;Onbekend;Cohort 2000/'01;;;;;;;;;;;;;;;;
6227;Totaal mannen en vrouwen;0;2;4;Vier jaar na afstuderen;Onbekend;Cohort 2001/'02;;;;;;;;;;;;;;;;
6228;Totaal mannen en vrouwen;0;2;4;Vier jaar na afstuderen;Onbekend;Cohort 2002/'03;;;;;;;;;;;;;;;;
6229;Totaal mannen en vrouwen;0;2;4;Vier jaar na afstuderen;Onbekend;Cohort 2003/'04;;;;;;;;;;;;;;;;
6230;Totaal mannen en vrouwen;0;2;4;Vijf jaar na afstuderen;0;Cohort 1999/'00;2.5;2.9;2.5;2.9;2.5;2.9;;;1.7;;;;1.7;;;
6231;Totaal mannen en vrouwen;0;2;4;Vijf jaar na afstuderen;0;Cohort 2000/'01;2.5;2.8;2.4;2.8;2.4;2.8;;;3.0;3.0;;;3.0;3.0;;
6232;Totaal mannen en vrouwen;0;2;4;Vijf jaar na afstuderen;0;Cohort 2001/'02;2.5;2.7;2.5;2.7;2.5;2.7;;;;;;;;;;
6233;Totaal mannen en vrouwen;0;2;4;Vijf jaar na afstuderen;0;Cohort 2002/'03;2.6;2.9;2.6;2.9;2.6;2.9;;;2.3;;;;2.3;;;
6234;Totaal mannen en vrouwen;0;2;4;Vijf jaar na afstuderen;0;Cohort 2003/'04;;;;;;;;;;;;;;;;
6235;Totaal mannen en vrouwen;0;2;4;Vijf jaar na afstuderen;1;Cohort 1999/'00;;;;;;;;;;;;;;;;
6236;Totaal mannen en vrouwen;0;2;4;Vijf jaar na afstuderen;1;Cohort 2000/'01;;;;;;;;;;;;;;;;
6237;Totaal mannen en vrouwen;0;2;4;Vijf jaar na afstuderen;1;Cohort 2001/'02;;;;;;;;;;;;;;;;
6238;Totaal mannen en vrouwen;0;2;4;Vijf jaar na afstuderen;1;Cohort 2002/'03;;;;;;;;;;;;;;;;
6239;Totaal mannen en vrouwen;0;2;4;Vijf jaar na afstuderen;1;Cohort 2003/'04;;;;;;;;;;;;;;;;
6240;Totaal mannen en vrouwen;0;2;4;Vijf jaar na afstuderen;2;Cohort 1999/'00;;;;;;;;;;;;;;;;
6241;Totaal mannen en vrouwen;0;2;4;Vijf jaar na afstuderen;2;Cohort 2000/'01;2.2;2.2;2.2;2.2;2.2;2.2;;;;;;;;;;
6242;Totaal mannen en vrouwen;0;2;4;Vijf jaar na afstuderen;2;Cohort 2001/'02;;;;;;;;;;;;;;;;
6243;Totaal mannen en vrouwen;0;2;4;Vijf jaar na afstuderen;2;Cohort 2002/'03;2.4;2.4;2.4;2.4;2.4;2.4;;;;;;;;;;
6244;Totaal mannen en vrouwen;0;2;4;Vijf jaar na afstuderen;2;Cohort 2003/'04;;;;;;;;;;;;;;;;
6245;Totaal mannen en vrouwen;0;2;4;Vijf jaar na afstuderen;3;Cohort 1999/'00;;;;;;;;;;;;;;;;
6246;Totaal mannen en vrouwen;0;2;4;Vijf jaar na afstuderen;3;Cohort 2000/'01;;;;;;;;;;;;;;;;
6247;Totaal mannen en vrouwen;0;2;4;Vijf jaar na afstuderen;3;Cohort 2001/'02;;;;;;;;;;;;;;;;
6248;Totaal mannen en vrouwen;0;2;4;Vijf jaar na afstuderen;3;Cohort 2002/'03;3.4;4.4;3.4;4.4;3.4;4.4;;;;;;;;;;
6249;Totaal mannen en vrouwen;0;2;4;Vijf jaar na afstuderen;3;Cohort 2003/'04;;;;;;;;;;;;;;;;
6250;Totaal mannen en vrouwen;0;2;4;Vijf jaar na afstuderen;4;Cohort 1999/'00;;;;;;;;;;;;;;;;
6251;Totaal mannen en vrouwen;0;2;4;Vijf jaar na afstuderen;4;Cohort 2000/'01;;;;;;;;;;;;;;;;
6252;Totaal mannen en vrouwen;0;2;4;Vijf jaar na afstuderen;4;Cohort 2001/'02;;;;;;;;;;;;;;;;
6253;Totaal mannen en vrouwen;0;2;4;Vijf jaar na afstuderen;4;Cohort 2002/'03;0.8;;0.8;;0.8;;;;;;;;;;;
6254;Totaal mannen en vrouwen;0;2;4;Vijf jaar na afstuderen;4;Cohort 2003/'04;;;;;;;;;;;;;;;;
6255;Totaal mannen en vrouwen;0;2;4;Vijf jaar na afstuderen;5;Cohort 1999/'00;;;;;;;;;;;;;;;;
6256;Totaal mannen en vrouwen;0;2;4;Vijf jaar na afstuderen;5;Cohort 2000/'01;;;;;;;;;;;;;;;;
6257;Totaal mannen en vrouwen;0;2;4;Vijf jaar na afstuderen;5;Cohort 2001/'02;;;;;;;;;;;;;;;;
6258;Totaal mannen en vrouwen;0;2;4;Vijf jaar na afstuderen;5;Cohort 2002/'03;;;;;;;;;;;;;;;;
6259;Totaal mannen en vrouwen;0;2;4;Vijf jaar na afstuderen;5;Cohort 2003/'04;;;;;;;;;;;;;;;;
6260;Totaal mannen en vrouwen;0;2;4;Vijf jaar na afstuderen;6;Cohort 1999/'00;;;;;;;;;;;;;;;;
6261;Totaal mannen en vrouwen;0;2;4;Vijf jaar na afstuderen;6;Cohort 2000/'01;;;;;;;;;;;;;;;;
6262;Totaal mannen en vrouwen;0;2;4;Vijf jaar na afstuderen;6;Cohort 2001/'02;;;;;;;;;;;;;;;;
6263;Totaal mannen en vrouwen;0;2;4;Vijf jaar na afstuderen;6;Cohort 2002/'03;;;;;;;;;;;;;;;;
6264;Totaal mannen en vrouwen;0;2;4;Vijf jaar na afstuderen;6;Cohort 2003/'04;;;;;;;;;;;;;;;;
6265;Totaal mannen en vrouwen;0;2;4;Vijf jaar na afstuderen;7;Cohort 1999/'00;3.2;3.2;3.2;3.2;3.2;3.2;;;;;;;;;;
6266;Totaal mannen en vrouwen;0;2;4;Vijf jaar na afstuderen;7;Cohort 2000/'01;;;;;;;;;;;;;;;;
6267;Totaal mannen en vrouwen;0;2;4;Vijf jaar na afstuderen;7;Cohort 2001/'02;;;;;;;;;;;;;;;;
6268;Totaal mannen en vrouwen;0;2;4;Vijf jaar na afstuderen;7;Cohort 2002/'03;2.5;2.5;2.5;2.5;2.5;2.5;;;;;;;;;;
6269;Totaal mannen en vrouwen;0;2;4;Vijf jaar na afstuderen;7;Cohort 2003/'04;;;;;;;;;;;;;;;;
6270;Totaal mannen en vrouwen;0;2;4;Vijf jaar na afstuderen;8;Cohort 1999/'00;;;;;;;;;;;;;;;;
6271;Totaal mannen en vrouwen;0;2;4;Vijf jaar na afstuderen;8;Cohort 2000/'01;1.4;;1.4;;1.4;;;;;;;;;;;
6272;Totaal mannen en vrouwen;0;2;4;Vijf jaar na afstuderen;8;Cohort 2001/'02;;;;;;;;;;;;;;;;
6273;Totaal mannen en vrouwen;0;2;4;Vijf jaar na afstuderen;8;Cohort 2002/'03;1.0;;1.0;;1.0;;;;;;;;;;;
6274;Totaal mannen en vrouwen;0;2;4;Vijf jaar na afstuderen;8;Cohort 2003/'04;;;;;;;;;;;;;;;;
6275;Totaal mannen en vrouwen;0;2;4;Vijf jaar na afstuderen;9;Cohort 1999/'00;;;;;;;;;;;;;;;;
6276;Totaal mannen en vrouwen;0;2;4;Vijf jaar na afstuderen;9;Cohort 2000/'01;;;;;;;;;;;;;;;;
6277;Totaal mannen en vrouwen;0;2;4;Vijf jaar na afstuderen;9;Cohort 2001/'02;4.5;4.5;4.5;4.5;4.5;4.5;;;;;;;;;;
6278;Totaal mannen en vrouwen;0;2;4;Vijf jaar na afstuderen;9;Cohort 2002/'03;;;;;;;;;;;;;;;;
6279;Totaal mannen en vrouwen;0;2;4;Vijf jaar na afstuderen;9;Cohort 2003/'04;;;;;;;;;;;;;;;;
6280;Totaal mannen en vrouwen;0;2;4;Vijf jaar na afstuderen;M Onderwijs;Cohort 1999/'00;2.5;2.8;2.5;2.8;2.5;2.8;;;1.7;;;;1.7;;;
6281;Totaal mannen en vrouwen;0;2;4;Vijf jaar na afstuderen;M Onderwijs;Cohort 2000/'01;2.5;2.9;2.5;2.9;2.5;2.9;;;3.0;3.0;;;3.0;3.0;;
6282;Totaal mannen en vrouwen;0;2;4;Vijf jaar na afstuderen;M Onderwijs;Cohort 2001/'02;2.5;2.7;2.5;2.7;2.5;2.7;;;;;;;;;;
6283;Totaal mannen en vrouwen;0;2;4;Vijf jaar na afstuderen;M Onderwijs;Cohort 2002/'03;2.6;2.9;2.6;2.9;2.6;2.9;;;2.3;;;;2.3;;;
6284;Totaal mannen en vrouwen;0;2;4;Vijf jaar na afstuderen;M Onderwijs;Cohort 2003/'04;;;;;;;;;;;;;;;;
6285;Totaal mannen en vrouwen;0;2;4;Vijf jaar na afstuderen;N Gezondheids- en welzijnszorg;Cohort 1999/'00;;;;;;;;;;;;;;;;
6286;Totaal mannen en vrouwen;0;2;4;Vijf jaar na afstuderen;N Gezondheids- en welzijnszorg;Cohort 2000/'01;3.2;3.2;3.2;3.2;3.2;3.2;;;;;;;;;;
6287;Totaal mannen en vrouwen;0;2;4;Vijf jaar na afstuderen;N Gezondheids- en welzijnszorg;Cohort 2001/'02;2.1;2.0;2.1;2.0;2.1;2.0;;;;;;;;;;
6288;Totaal mannen en vrouwen;0;2;4;Vijf jaar na afstuderen;N Gezondheids- en welzijnszorg;Cohort 2002/'03;3.0;;3.0;;3.0;;;;;;;;;;;
6289;Totaal mannen en vrouwen;0;2;4;Vijf jaar na afstuderen;N Gezondheids- en welzijnszorg;Cohort 2003/'04;;;;;;;;;;;;;;;;
6290;Totaal mannen en vrouwen;0;2;4;Vijf jaar na afstuderen;9000e Milieu, cultuur, recreatie en ..;Cohort 1999/'00;;;;;;;;;;;;;;;;
6291;Totaal mannen en vrouwen;0;2;4;Vijf jaar na afstuderen;9000e Milieu, cultuur, recreatie en ..;Cohort 2000/'01;;;;;;;;;;;;;;;;
6292;Totaal mannen en vrouwen;0;2;4;Vijf jaar na afstuderen;9000e Milieu, cultuur, recreatie en ..;Cohort 2001/'02;2.6;2.6;2.6;2.6;2.6;2.6;;;;;;;;;;
6293;Totaal mannen en vrouwen;0;2;4;Vijf jaar na afstuderen;9000e Milieu, cultuur, recreatie en ..;Cohort 2002/'03;2.4;;2.4;;2.4;;;;;;;;;;;
6294;Totaal mannen en vrouwen;0;2;4;Vijf jaar na afstuderen;9000e Milieu, cultuur, recreatie en ..;Cohort 2003/'04;;;;;;;;;;;;;;;;
6295;Totaal mannen en vrouwen;0;2;4;Vijf jaar na afstuderen;Onbekend;Cohort 1999/'00;;;;;;;;;;;;;;;;
6296;Totaal mannen en vrouwen;0;2;4;Vijf jaar na afstuderen;Onbekend;Cohort 2000/'01;;;;;;;;;;;;;;;;
6297;Totaal mannen en vrouwen;0;2;4;Vijf jaar na afstuderen;Onbekend;Cohort 2001/'02;;;;;;;;;;;;;;;;
6298;Totaal mannen en vrouwen;0;2;4;Vijf jaar na afstuderen;Onbekend;Cohort 2002/'03;;;;;;;;;;;;;;;;
6299;Totaal mannen en vrouwen;0;2;4;Vijf jaar na afstuderen;Onbekend;Cohort 2003/'04;;;;;;;;;;;;;;;;
6300;Totaal mannen en vrouwen;0;2;5;Direct na afstuderen;0;Cohort 1999/'00;1.3;;1.3;;1.3;;;;;;;;;;;
6301;Totaal mannen en vrouwen;0;2;5;Direct na afstuderen;0;Cohort 2000/'01;1.5;1.8;1.5;1.8;1.5;1.8;;;1.1;;;;1.1;;;
6302;Totaal mannen en vrouwen;0;2;5;Direct na afstuderen;0;Cohort 2001/'02;1.6;1.9;1.6;1.9;1.6;1.9;;;1.6;2.3;;;1.6;2.3;;
6303;Totaal mannen en vrouwen;0;2;5;Direct na afstuderen;0;Cohort 2002/'03;1.5;2.3;1.5;2.3;1.5;2.3;;;;;;;;;;
6304;Totaal mannen en vrouwen;0;2;5;Direct na afstuderen;0;Cohort 2003/'04;1.5;1.8;1.5;1.8;1.5;1.8;;;;;;;;;;
6305;Totaal mannen en vrouwen;0;2;5;Direct na afstuderen;1;Cohort 1999/'00;;;;;;;;;;;;;;;;
6306;Totaal mannen en vrouwen;0;2;5;Direct na afstuderen;1;Cohort 2000/'01;;;;;;;;;;;;;;;;
6307;Totaal mannen en vrouwen;0;2;5;Direct na afstuderen;1;Cohort 2001/'02;;;;;;;;;;;;;;;;
6308;Totaal mannen en vrouwen;0;2;5;Direct na afstuderen;1;Cohort 2002/'03;;;;;;;;;;;;;;;;
6309;Totaal mannen en vrouwen;0;2;5;Direct na afstuderen;1;Cohort 2003/'04;;;;;;;;;;;;;;;;
6310;Totaal mannen en vrouwen;0;2;5;Direct na afstuderen;2;Cohort 1999/'00;;;;;;;;;;;;;;;;
6311;Totaal mannen en vrouwen;0;2;5;Direct na afstuderen;2;Cohort 2000/'01;;;;;;;;;;;;;;;;
6312;Totaal mannen en vrouwen;0;2;5;Direct na afstuderen;2;Cohort 2001/'02;;;;;;;;;;;;;;;;
6313;Totaal mannen en vrouwen;0;2;5;Direct na afstuderen;2;Cohort 2002/'03;;;;;;;;;;;;;;;;
6314;Totaal mannen en vrouwen;0;2;5;Direct na afstuderen;2;Cohort 2003/'04;;;;;;;;;;;;;;;;
6315;Totaal mannen en vrouwen;0;2;5;Direct na afstuderen;3;Cohort 1999/'00;1.6;;1.6;;1.6;;;;;;;;;;;
6316;Totaal mannen en vrouwen;0;2;5;Direct na afstuderen;3;Cohort 2000/'01;1.5;;1.5;;1.5;;;;;;;;;;;
6317;Totaal mannen en vrouwen;0;2;5;Direct na afstuderen;3;Cohort 2001/'02;;;;;;;;;;;;;;;;
6318;Totaal mannen en vrouwen;0;2;5;Direct na afstuderen;3;Cohort 2002/'03;1.3;1.6;1.3;1.6;1.3;1.6;;;;;;;;;;
6319;Totaal mannen en vrouwen;0;2;5;Direct na afstuderen;3;Cohort 2003/'04;;;;;;;;;;;;;;;;
6320;Totaal mannen en vrouwen;0;2;5;Direct na afstuderen;4;Cohort 1999/'00;0.3;;0.3;;0.3;;;;;;;;;;;
6321;Totaal mannen en vrouwen;0;2;5;Direct na afstuderen;4;Cohort 2000/'01;;;;;;;;;;;;;;;;
6322;Totaal mannen en vrouwen;0;2;5;Direct na afstuderen;4;Cohort 2001/'02;;;;;;;;;;;;;;;;
6323;Totaal mannen en vrouwen;0;2;5;Direct na afstuderen;4;Cohort 2002/'03;;;;;;;;;;;;;;;;
6324;Totaal mannen en vrouwen;0;2;5;Direct na afstuderen;4;Cohort 2003/'04;1.0;;1.0;;1.0;;;;;;;;;;;
6325;Totaal mannen en vrouwen;0;2;5;Direct na afstuderen;5;Cohort 1999/'00;;;;;;;;;;;;;;;;
6326;Totaal mannen en vrouwen;0;2;5;Direct na afstuderen;5;Cohort 2000/'01;0.4;;0.4;;0.4;;;;;;;;;;;
6327;Totaal mannen en vrouwen;0;2;5;Direct na afstuderen;5;Cohort 2001/'02;;;;;;;;;;;;;;;;
6328;Totaal mannen en vrouwen;0;2;5;Direct na afstuderen;5;Cohort 2002/'03;;;;;;;;;;;;;;;;
6329;Totaal mannen en vrouwen;0;2;5;Direct na afstuderen;5;Cohort 2003/'04;;;;;;;;;;;;;;;;
6330;Totaal mannen en vrouwen;0;2;5;Direct na afstuderen;6;Cohort 1999/'00;;;;;;;;;;;;;;;;
6331;Totaal mannen en vrouwen;0;2;5;Direct na afstuderen;6;Cohort 2000/'01;;;;;;;;;;;;;;;;
6332;Totaal mannen en vrouwen;0;2;5;Direct na afstuderen;6;Cohort 2001/'02;;;;;;;;;;;;;;;;
6333;Totaal mannen en vrouwen;0;2;5;Direct na afstuderen;6;Cohort 2002/'03;;;;;;;;;;;;;;;;
6334;Totaal mannen en vrouwen;0;2;5;Direct na afstuderen;6;Cohort 2003/'04;;;;;;;;;;;;;;;;
6335;Totaal mannen en vrouwen;0;2;5;Direct na afstuderen;7;Cohort 1999/'00;;;;;;;;;;;;;;;;
6336;Totaal mannen en vrouwen;0;2;5;Direct na afstuderen;7;Cohort 2000/'01;;;;;;;;;;;;;;;;
6337;Totaal mannen en vrouwen;0;2;5;Direct na afstuderen;7;Cohort 2001/'02;2.3;2.3;;;;;;;2.3;2.3;;;2.3;2.3;;
6338;Totaal mannen en vrouwen;0;2;5;Direct na afstuderen;7;Cohort 2002/'03;;;;;;;;;;;;;;;;
6339;Totaal mannen en vrouwen;0;2;5;Direct na afstuderen;7;Cohort 2003/'04;0.9;1.6;0.9;1.6;0.9;1.6;;;;;;;;;;
6340;Totaal mannen en vrouwen;0;2;5;Direct na afstuderen;8;Cohort 1999/'00;1.0;;1.0;;1.0;;;;;;;;;;;
6341;Totaal mannen en vrouwen;0;2;5;Direct na afstuderen;8;Cohort 2000/'01;1.2;1.2;1.2;1.2;1.2;1.2;;;;;;;;;;
6342;Totaal mannen en vrouwen;0;2;5;Direct na afstuderen;8;Cohort 2001/'02;1.7;1.7;1.7;1.7;1.7;1.7;;;;;;;;;;
6343;Totaal mannen en vrouwen;0;2;5;Direct na afstuderen;8;Cohort 2002/'03;0.2;;0.2;;0.2;;;;;;;;;;;
6344;Totaal mannen en vrouwen;0;2;5;Direct na afstuderen;8;Cohort 2003/'04;0.7;0.4;0.7;0.4;0.7;0.4;;;;;;;;;;
6345;Totaal mannen en vrouwen;0;2;5;Direct na afstuderen;9;Cohort 1999/'00;1.5;;1.5;;1.5;;;;;;;;;;;
6346;Totaal mannen en vrouwen;0;2;5;Direct na afstuderen;9;Cohort 2000/'01;;;;;;;;;;;;;;;;
6347;Totaal mannen en vrouwen;0;2;5;Direct na afstuderen;9;Cohort 2001/'02;;;;;;;;;;;;;;;;
6348;Totaal mannen en vrouwen;0;2;5;Direct na afstuderen;9;Cohort 2002/'03;;;;;;;;;;;;;;;;
6349;Totaal mannen en vrouwen;0;2;5;Direct na afstuderen;9;Cohort 2003/'04;1.0;;1.0;;1.0;;;;;;;;;;;
6350;Totaal mannen en vrouwen;0;2;5;Direct na afstuderen;M Onderwijs;Cohort 1999/'00;1.3;;1.3;;1.3;;;;;;;;;;;
6351;Totaal mannen en vrouwen;0;2;5;Direct na afstuderen;M Onderwijs;Cohort 2000/'01;1.5;1.9;1.6;1.9;1.6;1.9;;;1.1;;;;1.1;;;
6352;Totaal mannen en vrouwen;0;2;5;Direct na afstuderen;M Onderwijs;Cohort 2001/'02;1.6;1.9;1.6;1.9;1.6;1.9;;;;;;;;;;
6353;Totaal mannen en vrouwen;0;2;5;Direct na afstuderen;M Onderwijs;Cohort 2002/'03;1.6;2.2;1.6;2.2;1.6;2.2;;;;;;;;;;
6354;Totaal mannen en vrouwen;0;2;5;Direct na afstuderen;M Onderwijs;Cohort 2003/'04;1.7;1.9;1.7;1.9;1.7;1.9;;;;;;;;;;
6355;Totaal mannen en vrouwen;0;2;5;Direct na afstuderen;N Gezondheids- en welzijnszorg;Cohort 1999/'00;;;;;;;;;;;;;;;;
6356;Totaal mannen en vrouwen;0;2;5;Direct na afstuderen;N Gezondheids- en welzijnszorg;Cohort 2000/'01;1.6;1.6;1.6;1.6;1.6;1.6;;;;;;;;;;
6357;Totaal mannen en vrouwen;0;2;5;Direct na afstuderen;N Gezondheids- en welzijnszorg;Cohort 2001/'02;1.4;;1.4;;1.4;;;;;;;;;;;
6358;Totaal mannen en vrouwen;0;2;5;Direct na afstuderen;N Gezondheids- en welzijnszorg;Cohort 2002/'03;1.3;3.1;1.3;3.1;1.3;3.1;;;;;;;;;;
6359;Totaal mannen en vrouwen;0;2;5;Direct na afstuderen;N Gezondheids- en welzijnszorg;Cohort 2003/'04;;;;;;;;;;;;;;;;
6360;Totaal mannen en vrouwen;0;2;5;Direct na afstuderen;9000e Milieu, cultuur, recreatie en ..;Cohort 1999/'00;;;;;;;;;;;;;;;;
6361;Totaal mannen en vrouwen;0;2;5;Direct na afstuderen;9000e Milieu, cultuur, recreatie en ..;Cohort 2000/'01;;;;;;;;;;;;;;;;
6362;Totaal mannen en vrouwen;0;2;5;Direct na afstuderen;9000e Milieu, cultuur, recreatie en ..;Cohort 2001/'02;0.8;;0.9;;0.9;;;;0.8;;;;0.8;;;
6363;Totaal mannen en vrouwen;0;2;5;Direct na afstuderen;9000e Milieu, cultuur, recreatie en ..;Cohort 2002/'03;0.3;;0.3;;0.3;;;;;;;;;;;
6364;Totaal mannen en vrouwen;0;2;5;Direct na afstuderen;9000e Milieu, cultuur, recreatie en ..;Cohort 2003/'04;2.0;2.0;2.0;2.0;2.0;2.0;;;;;;;;;;
6365;Totaal mannen en vrouwen;0;2;5;Direct na afstuderen;Onbekend;Cohort 1999/'00;;;;;;;;;;;;;;;;
6366;Totaal mannen en vrouwen;0;2;5;Direct na afstuderen;Onbekend;Cohort 2000/'01;;;;;;;;;;;;;;;;
6367;Totaal mannen en vrouwen;0;2;5;Direct na afstuderen;Onbekend;Cohort 2001/'02;;;;;;;;;;;;;;;;
6368;Totaal mannen en vrouwen;0;2;5;Direct na afstuderen;Onbekend;Cohort 2002/'03;;;;;;;;;;;;;;;;
6369;Totaal mannen en vrouwen;0;2;5;Direct na afstuderen;Onbekend;Cohort 2003/'04;;;;;;;;;;;;;;;;
6370;Totaal mannen en vrouwen;0;2;5;Één jaar na afstuderen;0;Cohort 1999/'00;2.0;2.1;2.0;2.1;2.0;2.1;;;2.0;2.0;;;2.0;2.0;;
6371;Totaal mannen en vrouwen;0;2;5;Één jaar na afstuderen;0;Cohort 2000/'01;2.0;2.2;2.0;2.2;2.0;2.2;;;1.9;;;;1.9;;;
6372;Totaal mannen en vrouwen;0;2;5;Één jaar na afstuderen;0;Cohort 2001/'02;2.0;2.3;2.0;2.3;2.0;2.3;;;2.2;2.5;;;2.2;2.5;;
6373;Totaal mannen en vrouwen;0;2;5;Één jaar na afstuderen;0;Cohort 2002/'03;2.1;2.3;2.1;2.3;2.1;2.3;;;;;;;;;;
6374;Totaal mannen en vrouwen;0;2;5;Één jaar na afstuderen;0;Cohort 2003/'04;1.9;2.2;1.9;2.2;1.9;2.2;;;;;;;;;;
6375;Totaal mannen en vrouwen;0;2;5;Één jaar na afstuderen;1;Cohort 1999/'00;;;;;;;;;;;;;;;;
6376;Totaal mannen en vrouwen;0;2;5;Één jaar na afstuderen;1;Cohort 2000/'01;;;;;;;;;;;;;;;;
6377;Totaal mannen en vrouwen;0;2;5;Één jaar na afstuderen;1;Cohort 2001/'02;;;;;;;;;;;;;;;;
6378;Totaal mannen en vrouwen;0;2;5;Één jaar na afstuderen;1;Cohort 2002/'03;;;;;;;;;;;;;;;;
6379;Totaal mannen en vrouwen;0;2;5;Één jaar na afstuderen;1;Cohort 2003/'04;;;;;;;;;;;;;;;;
6380;Totaal mannen en vrouwen;0;2;5;Één jaar na afstuderen;2;Cohort 1999/'00;1.9;1.9;1.9;1.9;1.9;1.9;;;;;;;;;;
6381;Totaal mannen en vrouwen;0;2;5;Één jaar na afstuderen;2;Cohort 2000/'01;1.7;1.7;1.7;1.7;1.7;1.7;;;;;;;;;;
6382;Totaal mannen en vrouwen;0;2;5;Één jaar na afstuderen;2;Cohort 2001/'02;;;;;;;;;;;;;;;;
6383;Totaal mannen en vrouwen;0;2;5;Één jaar na afstuderen;2;Cohort 2002/'03;;;;;;;;;;;;;;;;
6384;Totaal mannen en vrouwen;0;2;5;Één jaar na afstuderen;2;Cohort 2003/'04;1.7;1.7;1.7;1.7;1.7;1.7;;;;;;;;;;
6385;Totaal mannen en vrouwen;0;2;5;Één jaar na afstuderen;3;Cohort 1999/'00;2.1;2.1;2.1;2.1;2.1;2.1;;;;;;;;;;
6386;Totaal mannen en vrouwen;0;2;5;Één jaar na afstuderen;3;Cohort 2000/'01;;;;;;;;;;;;;;;;
6387;Totaal mannen en vrouwen;0;2;5;Één jaar na afstuderen;3;Cohort 2001/'02;;;;;;;;;;;;;;;;
6388;Totaal mannen en vrouwen;0;2;5;Één jaar na afstuderen;3;Cohort 2002/'03;;;;;;;;;;;;;;;;
6389;Totaal mannen en vrouwen;0;2;5;Één jaar na afstuderen;3;Cohort 2003/'04;;;;;;;;;;;;;;;;
6390;Totaal mannen en vrouwen;0;2;5;Één jaar na afstuderen;4;Cohort 1999/'00;;;;;;;;;;;;;;;;
6391;Totaal mannen en vrouwen;0;2;5;Één jaar na afstuderen;4;Cohort 2000/'01;;;;;;;;;;;;;;;;
6392;Totaal mannen en vrouwen;0;2;5;Één jaar na afstuderen;4;Cohort 2001/'02;;;;;;;;;;;;;;;;
6393;Totaal mannen en vrouwen;0;2;5;Één jaar na afstuderen;4;Cohort 2002/'03;;;;;;;;;;;;;;;;
6394;Totaal mannen en vrouwen;0;2;5;Één jaar na afstuderen;4;Cohort 2003/'04;2.1;2.1;2.1;2.1;2.1;2.1;;;;;;;;;;
6395;Totaal mannen en vrouwen;0;2;5;Één jaar na afstuderen;5;Cohort 1999/'00;;;;;;;;;;;;;;;;
6396;Totaal mannen en vrouwen;0;2;5;Één jaar na afstuderen;5;Cohort 2000/'01;;;;;;;;;;;;;;;;
6397;Totaal mannen en vrouwen;0;2;5;Één jaar na afstuderen;5;Cohort 2001/'02;;;;;;;;;;;;;;;;
6398;Totaal mannen en vrouwen;0;2;5;Één jaar na afstuderen;5;Cohort 2002/'03;;;;;;;;;;;;;;;;
6399;Totaal mannen en vrouwen;0;2;5;Één jaar na afstuderen;5;Cohort 2003/'04;;;;;;;;;;;;;;;;
6400;Totaal mannen en vrouwen;0;2;5;Één jaar na afstuderen;6;Cohort 1999/'00;;;;;;;;;;;;;;;;
6401;Totaal mannen en vrouwen;0;2;5;Één jaar na afstuderen;6;Cohort 2000/'01;;;;;;;;;;;;;;;;
6402;Totaal mannen en vrouwen;0;2;5;Één jaar na afstuderen;6;Cohort 2001/'02;;;;;;;;;;;;;;;;
6403;Totaal mannen en vrouwen;0;2;5;Één jaar na afstuderen;6;Cohort 2002/'03;;;;;;;;;;;;;;;;
6404;Totaal mannen en vrouwen;0;2;5;Één jaar na afstuderen;6;Cohort 2003/'04;1.7;1.7;1.7;1.7;1.7;1.7;;;;;;;;;;
6405;Totaal mannen en vrouwen;0;2;5;Één jaar na afstuderen;7;Cohort 1999/'00;1.9;1.9;1.9;1.9;1.9;1.9;;;;;;;;;;
6406;Totaal mannen en vrouwen;0;2;5;Één jaar na afstuderen;7;Cohort 2000/'01;;;;;;;;;;;;;;;;
6407;Totaal mannen en vrouwen;0;2;5;Één jaar na afstuderen;7;Cohort 2001/'02;2.5;2.5;;;;;;;2.5;2.5;;;2.5;2.5;;
6408;Totaal mannen en vrouwen;0;2;5;Één jaar na afstuderen;7;Cohort 2002/'03;;;;;;;;;;;;;;;;
6409;Totaal mannen en vrouwen;0;2;5;Één jaar na afstuderen;7;Cohort 2003/'04;1.7;1.7;1.7;1.7;1.7;1.7;;;;;;;;;;
6410;Totaal mannen en vrouwen;0;2;5;Één jaar na afstuderen;8;Cohort 1999/'00;;;;;;;;;;;;;;;;
6411;Totaal mannen en vrouwen;0;2;5;Één jaar na afstuderen;8;Cohort 2000/'01;1.4;1.6;1.4;1.6;1.4;1.6;;;;;;;;;;
6412;Totaal mannen en vrouwen;0;2;5;Één jaar na afstuderen;8;Cohort 2001/'02;0.6;;0.6;;0.6;;;;;;;;;;;
6413;Totaal mannen en vrouwen;0;2;5;Één jaar na afstuderen;8;Cohort 2002/'03;1.1;;1.1;;1.1;;;;;;;;;;;
6414;Totaal mannen en vrouwen;0;2;5;Één jaar na afstuderen;8;Cohort 2003/'04;1.3;1.1;1.3;1.1;1.3;1.1;;;;;;;;;;
6415;Totaal mannen en vrouwen;0;2;5;Één jaar na afstuderen;9;Cohort 1999/'00;2.1;2.0;2.1;2.0;2.1;2.0;;;;;;;;;;
6416;Totaal mannen en vrouwen;0;2;5;Één jaar na afstuderen;9;Cohort 2000/'01;;;;;;;;;;;;;;;;
6417;Totaal mannen en vrouwen;0;2;5;Één jaar na afstuderen;9;Cohort 2001/'02;1.8;1.8;1.8;1.8;1.8;1.8;;;;;;;;;;
6418;Totaal mannen en vrouwen;0;2;5;Één jaar na afstuderen;9;Cohort 2002/'03;;;;;;;;;;;;;;;;
6419;Totaal mannen en vrouwen;0;2;5;Één jaar na afstuderen;9;Cohort 2003/'04;1.5;1.4;1.5;1.4;1.5;1.4;;;;;;;;;;
6420;Totaal mannen en vrouwen;0;2;5;Één jaar na afstuderen;M Onderwijs;Cohort 1999/'00;2.0;2.1;2.0;2.1;2.0;2.1;;;2.0;2.0;;;2.0;2.0;;
6421;Totaal mannen en vrouwen;0;2;5;Één jaar na afstuderen;M Onderwijs;Cohort 2000/'01;2.0;2.3;2.0;2.3;2.0;2.3;;;1.9;;;;1.9;;;
6422;Totaal mannen en vrouwen;0;2;5;Één jaar na afstuderen;M Onderwijs;Cohort 2001/'02;2.1;2.3;2.1;2.3;2.1;2.3;;;;;;;;;;
6423;Totaal mannen en vrouwen;0;2;5;Één jaar na afstuderen;M Onderwijs;Cohort 2002/'03;2.1;2.3;2.1;2.3;2.1;2.3;;;;;;;;;;
6424;Totaal mannen en vrouwen;0;2;5;Één jaar na afstuderen;M Onderwijs;Cohort 2003/'04;2.0;2.4;2.0;2.4;2.0;2.4;;;;;;;;;;
6425;Totaal mannen en vrouwen;0;2;5;Één jaar na afstuderen;N Gezondheids- en welzijnszorg;Cohort 1999/'00;;;;;;;;;;;;;;;;
6426;Totaal mannen en vrouwen;0;2;5;Één jaar na afstuderen;N Gezondheids- en welzijnszorg;Cohort 2000/'01;1.8;1.8;1.8;1.8;1.8;1.8;;;;;;;;;;
6427;Totaal mannen en vrouwen;0;2;5;Één jaar na afstuderen;N Gezondheids- en welzijnszorg;Cohort 2001/'02;1.6;1.3;1.5;1.3;1.5;1.3;;;1.8;;;;1.8;;;
6428;Totaal mannen en vrouwen;0;2;5;Één jaar na afstuderen;N Gezondheids- en welzijnszorg;Cohort 2002/'03;;;;;;;;;;;;;;;;
6429;Totaal mannen en vrouwen;0;2;5;Één jaar na afstuderen;N Gezondheids- en welzijnszorg;Cohort 2003/'04;;;;;;;;;;;;;;;;
6430;Totaal mannen en vrouwen;0;2;5;Één jaar na afstuderen;9000e Milieu, cultuur, recreatie en ..;Cohort 1999/'00;1.5;;1.5;;1.5;;;;;;;;;;;
6431;Totaal mannen en vrouwen;0;2;5;Één jaar na afstuderen;9000e Milieu, cultuur, recreatie en ..;Cohort 2000/'01;;;;;;;;;;;;;;;;
6432;Totaal mannen en vrouwen;0;2;5;Één jaar na afstuderen;9000e Milieu, cultuur, recreatie en ..;Cohort 2001/'02;;;;;;;;;;;;;;;;
6433;Totaal mannen en vrouwen;0;2;5;Één jaar na afstuderen;9000e Milieu, cultuur, recreatie en ..;Cohort 2002/'03;;;;;;;;;;;;;;;;
6434;Totaal mannen en vrouwen;0;2;5;Één jaar na afstuderen;9000e Milieu, cultuur, recreatie en ..;Cohort 2003/'04;;;;;;;;;;;;;;;;
6435;Totaal mannen en vrouwen;0;2;5;Één jaar na afstuderen;Onbekend;Cohort 1999/'00;;;;;;;;;;;;;;;;
6436;Totaal mannen en vrouwen;0;2;5;Één jaar na afstuderen;Onbekend;Cohort 2000/'01;;;;;;;;;;;;;;;;
6437;Totaal mannen en vrouwen;0;2;5;Één jaar na afstuderen;Onbekend;Cohort 2001/'02;;;;;;;;;;;;;;;;
6438;Totaal mannen en vrouwen;0;2;5;Één jaar na afstuderen;Onbekend;Cohort 2002/'03;;;;;;;;;;;;;;;;
6439;Totaal mannen en vrouwen;0;2;5;Één jaar na afstuderen;Onbekend;Cohort 2003/'04;;;;;;;;;;;;;;;;
6440;Totaal mannen en vrouwen;0;2;5;Twee jaar na afstuderen;0;Cohort 1999/'00;2.1;2.2;2.1;2.2;2.1;2.2;;;2.1;;;;2.1;;;
6441;Totaal mannen en vrouwen;0;2;5;Twee jaar na afstuderen;0;Cohort 2000/'01;2.2;2.4;2.2;2.4;2.2;2.4;;;0.9;;;;0.9;;;
6442;Totaal mannen en vrouwen;0;2;5;Twee jaar na afstuderen;0;Cohort 2001/'02;2.3;2.5;2.2;2.5;2.2;2.5;;;3.1;3.1;;;3.1;3.1;;
6443;Totaal mannen en vrouwen;0;2;5;Twee jaar na afstuderen;0;Cohort 2002/'03;2.2;2.4;2.2;2.4;2.2;2.4;;;;;;;;;;
6444;Totaal mannen en vrouwen;0;2;5;Twee jaar na afstuderen;0;Cohort 2003/'04;2.1;2.4;2.1;2.4;2.1;2.4;;;;;;;;;;
6445;Totaal mannen en vrouwen;0;2;5;Twee jaar na afstuderen;1;Cohort 1999/'00;;;;;;;;;;;;;;;;
6446;Totaal mannen en vrouwen;0;2;5;Twee jaar na afstuderen;1;Cohort 2000/'01;;;;;;;;;;;;;;;;
6447;Totaal mannen en vrouwen;0;2;5;Twee jaar na afstuderen;1;Cohort 2001/'02;;;;;;;;;;;;;;;;
6448;Totaal mannen en vrouwen;0;2;5;Twee jaar na afstuderen;1;Cohort 2002/'03;;;;;;;;;;;;;;;;
6449;Totaal mannen en vrouwen;0;2;5;Twee jaar na afstuderen;1;Cohort 2003/'04;;;;;;;;;;;;;;;;
6450;Totaal mannen en vrouwen;0;2;5;Twee jaar na afstuderen;2;Cohort 1999/'00;2.0;2.0;2.0;2.0;2.0;2.0;;;;;;;;;;
6451;Totaal mannen en vrouwen;0;2;5;Twee jaar na afstuderen;2;Cohort 2000/'01;1.9;1.9;1.9;1.9;1.9;1.9;;;;;;;;;;
6452;Totaal mannen en vrouwen;0;2;5;Twee jaar na afstuderen;2;Cohort 2001/'02;;;;;;;;;;;;;;;;
6453;Totaal mannen en vrouwen;0;2;5;Twee jaar na afstuderen;2;Cohort 2002/'03;1.3;;1.3;;1.3;;;;;;;;;;;
6454;Totaal mannen en vrouwen;0;2;5;Twee jaar na afstuderen;2;Cohort 2003/'04;1.7;1.7;1.7;1.7;1.7;1.7;;;;;;;;;;
6455;Totaal mannen en vrouwen;0;2;5;Twee jaar na afstuderen;3;Cohort 1999/'00;2.2;2.2;2.2;2.2;2.2;2.2;;;;;;;;;;
6456;Totaal mannen en vrouwen;0;2;5;Twee jaar na afstuderen;3;Cohort 2000/'01;;;;;;;;;;;;;;;;
6457;Totaal mannen en vrouwen;0;2;5;Twee jaar na afstuderen;3;Cohort 2001/'02;;;;;;;;;;;;;;;;
6458;Totaal mannen en vrouwen;0;2;5;Twee jaar na afstuderen;3;Cohort 2002/'03;;;;;;;;;;;;;;;;
6459;Totaal mannen en vrouwen;0;2;5;Twee jaar na afstuderen;3;Cohort 2003/'04;1.3;1.7;1.3;1.7;1.3;1.7;;;;;;;;;;
6460;Totaal mannen en vrouwen;0;2;5;Twee jaar na afstuderen;4;Cohort 1999/'00;;;;;;;;;;;;;;;;
6461;Totaal mannen en vrouwen;0;2;5;Twee jaar na afstuderen;4;Cohort 2000/'01;;;;;;;;;;;;;;;;
6462;Totaal mannen en vrouwen;0;2;5;Twee jaar na afstuderen;4;Cohort 2001/'02;;;;;;;;;;;;;;;;
6463;Totaal mannen en vrouwen;0;2;5;Twee jaar na afstuderen;4;Cohort 2002/'03;;;;;;;;;;;;;;;;
6464;Totaal mannen en vrouwen;0;2;5;Twee jaar na afstuderen;4;Cohort 2003/'04;;;;;;;;;;;;;;;;
6465;Totaal mannen en vrouwen;0;2;5;Twee jaar na afstuderen;5;Cohort 1999/'00;;;;;;;;;;;;;;;;
6466;Totaal mannen en vrouwen;0;2;5;Twee jaar na afstuderen;5;Cohort 2000/'01;;;;;;;;;;;;;;;;
6467;Totaal mannen en vrouwen;0;2;5;Twee jaar na afstuderen;5;Cohort 2001/'02;;;;;;;;;;;;;;;;
6468;Totaal mannen en vrouwen;0;2;5;Twee jaar na afstuderen;5;Cohort 2002/'03;;;;;;;;;;;;;;;;
6469;Totaal mannen en vrouwen;0;2;5;Twee jaar na afstuderen;5;Cohort 2003/'04;;;;;;;;;;;;;;;;
6470;Totaal mannen en vrouwen;0;2;5;Twee jaar na afstuderen;6;Cohort 1999/'00;;;;;;;;;;;;;;;;
6471;Totaal mannen en vrouwen;0;2;5;Twee jaar na afstuderen;6;Cohort 2000/'01;2.0;2.0;2.0;2.0;2.0;2.0;;;;;;;;;;
6472;Totaal mannen en vrouwen;0;2;5;Twee jaar na afstuderen;6;Cohort 2001/'02;;;;;;;;;;;;;;;;
6473;Totaal mannen en vrouwen;0;2;5;Twee jaar na afstuderen;6;Cohort 2002/'03;;;;;;;;;;;;;;;;
6474;Totaal mannen en vrouwen;0;2;5;Twee jaar na afstuderen;6;Cohort 2003/'04;;;;;;;;;;;;;;;;
6475;Totaal mannen en vrouwen;0;2;5;Twee jaar na afstuderen;7;Cohort 1999/'00;;;;;;;;;;;;;;;;
6476;Totaal mannen en vrouwen;0;2;5;Twee jaar na afstuderen;7;Cohort 2000/'01;;;;;;;;;;;;;;;;
6477;Totaal mannen en vrouwen;0;2;5;Twee jaar na afstuderen;7;Cohort 2001/'02;3.1;3.1;;;;;;;3.1;3.1;;;3.1;3.1;;
6478;Totaal mannen en vrouwen;0;2;5;Twee jaar na afstuderen;7;Cohort 2002/'03;;;;;;;;;;;;;;;;
6479;Totaal mannen en vrouwen;0;2;5;Twee jaar na afstuderen;7;Cohort 2003/'04;1.7;;1.7;;1.7;;;;;;;;;;;
6480;Totaal mannen en vrouwen;0;2;5;Twee jaar na afstuderen;8;Cohort 1999/'00;;;;;;;;;;;;;;;;
6481;Totaal mannen en vrouwen;0;2;5;Twee jaar na afstuderen;8;Cohort 2000/'01;1.9;1.9;1.9;1.9;1.9;1.9;;;;;;;;;;
6482;Totaal mannen en vrouwen;0;2;5;Twee jaar na afstuderen;8;Cohort 2001/'02;;;;;;;;;;;;;;;;
6483;Totaal mannen en vrouwen;0;2;5;Twee jaar na afstuderen;8;Cohort 2002/'03;1.9;;1.9;;1.9;;;;;;;;;;;
6484;Totaal mannen en vrouwen;0;2;5;Twee jaar na afstuderen;8;Cohort 2003/'04;1.0;;1.0;;1.0;;;;;;;;;;;
6485;Totaal mannen en vrouwen;0;2;5;Twee jaar na afstuderen;9;Cohort 1999/'00;1.8;1.8;1.8;1.8;1.8;1.8;;;;;;;;;;
6486;Totaal mannen en vrouwen;0;2;5;Twee jaar na afstuderen;9;Cohort 2000/'01;;;;;;;;;;;;;;;;
6487;Totaal mannen en vrouwen;0;2;5;Twee jaar na afstuderen;9;Cohort 2001/'02;2.0;2.0;2.0;2.0;2.0;2.0;;;;;;;;;;
6488;Totaal mannen en vrouwen;0;2;5;Twee jaar na afstuderen;9;Cohort 2002/'03;1.9;1.9;1.9;1.9;1.9;1.9;;;;;;;;;;
6489;Totaal mannen en vrouwen;0;2;5;Twee jaar na afstuderen;9;Cohort 2003/'04;;;;;;;;;;;;;;;;
6490;Totaal mannen en vrouwen;0;2;5;Twee jaar na afstuderen;M Onderwijs;Cohort 1999/'00;2.1;2.3;2.1;2.3;2.1;2.3;;;2.1;;;;2.1;;;
6491;Totaal mannen en vrouwen;0;2;5;Twee jaar na afstuderen;M Onderwijs;Cohort 2000/'01;2.2;2.4;2.2;2.4;2.2;2.4;;;0.9;;;;0.9;;;
6492;Totaal mannen en vrouwen;0;2;5;Twee jaar na afstuderen;M Onderwijs;Cohort 2001/'02;2.2;2.5;2.2;2.5;2.2;2.5;;;;;;;;;;
6493;Totaal mannen en vrouwen;0;2;5;Twee jaar na afstuderen;M Onderwijs;Cohort 2002/'03;2.3;2.5;2.3;2.5;2.3;2.5;;;;;;;;;;
6494;Totaal mannen en vrouwen;0;2;5;Twee jaar na afstuderen;M Onderwijs;Cohort 2003/'04;2.2;2.5;2.2;2.5;2.2;2.5;;;;;;;;;;
6495;Totaal mannen en vrouwen;0;2;5;Twee jaar na afstuderen;N Gezondheids- en welzijnszorg;Cohort 1999/'00;1.7;;1.7;;1.7;;;;;;;;;;;
6496;Totaal mannen en vrouwen;0;2;5;Twee jaar na afstuderen;N Gezondheids- en welzijnszorg;Cohort 2000/'01;1.8;;1.8;;1.8;;;;;;;;;;;
6497;Totaal mannen en vrouwen;0;2;5;Twee jaar na afstuderen;N Gezondheids- en welzijnszorg;Cohort 2001/'02;2.3;2.3;2.0;2.3;2.0;2.3;;;3.1;;;;3.1;;;
6498;Totaal mannen en vrouwen;0;2;5;Twee jaar na afstuderen;N Gezondheids- en welzijnszorg;Cohort 2002/'03;2.8;;2.8;;2.8;;;;;;;;;;;
6499;Totaal mannen en vrouwen;0;2;5;Twee jaar na afstuderen;N Gezondheids- en welzijnszorg;Cohort 2003/'04;2.3;2.3;2.3;2.3;2.3;2.3;;;;;;;;;;
6500;Totaal mannen en vrouwen;0;2;5;Twee jaar na afstuderen;9000e Milieu, cultuur, recreatie en ..;Cohort 1999/'00;1.7;;1.7;;1.7;;;;;;;;;;;
6501;Totaal mannen en vrouwen;0;2;5;Twee jaar na afstuderen;9000e Milieu, cultuur, recreatie en ..;Cohort 2000/'01;;;;;;;;;;;;;;;;
6502;Totaal mannen en vrouwen;0;2;5;Twee jaar na afstuderen;9000e Milieu, cultuur, recreatie en ..;Cohort 2001/'02;;;;;;;;;;;;;;;;
6503;Totaal mannen en vrouwen;0;2;5;Twee jaar na afstuderen;9000e Milieu, cultuur, recreatie en ..;Cohort 2002/'03;;;;;;;;;;;;;;;;
6504;Totaal mannen en vrouwen;0;2;5;Twee jaar na afstuderen;9000e Milieu, cultuur, recreatie en ..;Cohort 2003/'04;2.2;2.4;2.2;2.4;2.2;2.4;;;;;;;;;;
6505;Totaal mannen en vrouwen;0;2;5;Twee jaar na afstuderen;Onbekend;Cohort 1999/'00;;;;;;;;;;;;;;;;
6506;Totaal mannen en vrouwen;0;2;5;Twee jaar na afstuderen;Onbekend;Cohort 2000/'01;;;;;;;;;;;;;;;;
6507;Totaal mannen en vrouwen;0;2;5;Twee jaar na afstuderen;Onbekend;Cohort 2001/'02;;;;;;;;;;;;;;;;
6508;Totaal mannen en vrouwen;0;2;5;Twee jaar na afstuderen;Onbekend;Cohort 2002/'03;;;;;;;;;;;;;;;;
6509;Totaal mannen en vrouwen;0;2;5;Twee jaar na afstuderen;Onbekend;Cohort 2003/'04;;;;;;;;;;;;;;;;
6510;Totaal mannen en vrouwen;0;2;5;Drie jaar na afstuderen;0;Cohort 1999/'00;2.1;2.3;2.0;2.3;2.0;2.3;;;2.5;;;;2.5;;;
6511;Totaal mannen en vrouwen;0;2;5;Drie jaar na afstuderen;0;Cohort 2000/'01;2.2;2.6;2.2;2.6;2.2;2.6;;;2.4;;;;2.4;;;
6512;Totaal mannen en vrouwen;0;2;5;Drie jaar na afstuderen;0;Cohort 2001/'02;2.2;2.5;2.2;2.5;2.2;2.5;;;2.7;2.7;;;2.7;2.7;;
6513;Totaal mannen en vrouwen;0;2;5;Drie jaar na afstuderen;0;Cohort 2002/'03;2.3;2.5;2.3;2.5;2.3;2.5;;;;;;;;;;
6514;Totaal mannen en vrouwen;0;2;5;Drie jaar na afstuderen;0;Cohort 2003/'04;2.4;2.5;2.4;2.5;2.4;2.5;;;;;;;;;;
6515;Totaal mannen en vrouwen;0;2;5;Drie jaar na afstuderen;1;Cohort 1999/'00;;;;;;;;;;;;;;;;
6516;Totaal mannen en vrouwen;0;2;5;Drie jaar na afstuderen;1;Cohort 2000/'01;;;;;;;;;;;;;;;;
6517;Totaal mannen en vrouwen;0;2;5;Drie jaar na afstuderen;1;Cohort 2001/'02;;;;;;;;;;;;;;;;
6518;Totaal mannen en vrouwen;0;2;5;Drie jaar na afstuderen;1;Cohort 2002/'03;;;;;;;;;;;;;;;;
6519;Totaal mannen en vrouwen;0;2;5;Drie jaar na afstuderen;1;Cohort 2003/'04;;;;;;;;;;;;;;;;
6520;Totaal mannen en vrouwen;0;2;5;Drie jaar na afstuderen;2;Cohort 1999/'00;1.8;;1.8;;1.8;;;;;;;;;;;
6521;Totaal mannen en vrouwen;0;2;5;Drie jaar na afstuderen;2;Cohort 2000/'01;;;;;;;;;;;;;;;;
6522;Totaal mannen en vrouwen;0;2;5;Drie jaar na afstuderen;2;Cohort 2001/'02;;;;;;;;;;;;;;;;
6523;Totaal mannen en vrouwen;0;2;5;Drie jaar na afstuderen;2;Cohort 2002/'03;1.4;;1.4;;1.4;;;;;;;;;;;
6524;Totaal mannen en vrouwen;0;2;5;Drie jaar na afstuderen;2;Cohort 2003/'04;1.7;1.7;1.7;1.7;1.7;1.7;;;;;;;;;;
6525;Totaal mannen en vrouwen;0;2;5;Drie jaar na afstuderen;3;Cohort 1999/'00;2.3;2.3;2.3;2.3;2.3;2.3;;;;;;;;;;
6526;Totaal mannen en vrouwen;0;2;5;Drie jaar na afstuderen;3;Cohort 2000/'01;;;;;;;;;;;;;;;;
6527;Totaal mannen en vrouwen;0;2;5;Drie jaar na afstuderen;3;Cohort 2001/'02;;;;;;;;;;;;;;;;
6528;Totaal mannen en vrouwen;0;2;5;Drie jaar na afstuderen;3;Cohort 2002/'03;2.8;;2.8;;2.8;;;;;;;;;;;
6529;Totaal mannen en vrouwen;0;2;5;Drie jaar na afstuderen;3;Cohort 2003/'04;2.7;;2.7;;2.7;;;;;;;;;;;
6530;Totaal mannen en vrouwen;0;2;5;Drie jaar na afstuderen;4;Cohort 1999/'00;;;;;;;;;;;;;;;;
6531;Totaal mannen en vrouwen;0;2;5;Drie jaar na afstuderen;4;Cohort 2000/'01;;;;;;;;;;;;;;;;
6532;Totaal mannen en vrouwen;0;2;5;Drie jaar na afstuderen;4;Cohort 2001/'02;;;;;;;;;;;;;;;;
6533;Totaal mannen en vrouwen;0;2;5;Drie jaar na afstuderen;4;Cohort 2002/'03;;;;;;;;;;;;;;;;
6534;Totaal mannen en vrouwen;0;2;5;Drie jaar na afstuderen;4;Cohort 2003/'04;;;;;;;;;;;;;;;;
6535;Totaal mannen en vrouwen;0;2;5;Drie jaar na afstuderen;5;Cohort 1999/'00;;;;;;;;;;;;;;;;
6536;Totaal mannen en vrouwen;0;2;5;Drie jaar na afstuderen;5;Cohort 2000/'01;;;;;;;;;;;;;;;;
6537;Totaal mannen en vrouwen;0;2;5;Drie jaar na afstuderen;5;Cohort 2001/'02;;;;;;;;;;;;;;;;
6538;Totaal mannen en vrouwen;0;2;5;Drie jaar na afstuderen;5;Cohort 2002/'03;;;;;;;;;;;;;;;;
6539;Totaal mannen en vrouwen;0;2;5;Drie jaar na afstuderen;5;Cohort 2003/'04;;;;;;;;;;;;;;;;
6540;Totaal mannen en vrouwen;0;2;5;Drie jaar na afstuderen;6;Cohort 1999/'00;;;;;;;;;;;;;;;;
6541;Totaal mannen en vrouwen;0;2;5;Drie jaar na afstuderen;6;Cohort 2000/'01;2.2;;2.2;;2.2;;;;;;;;;;;
6542;Totaal mannen en vrouwen;0;2;5;Drie jaar na afstuderen;6;Cohort 2001/'02;;;;;;;;;;;;;;;;
6543;Totaal mannen en vrouwen;0;2;5;Drie jaar na afstuderen;6;Cohort 2002/'03;;;;;;;;;;;;;;;;
6544;Totaal mannen en vrouwen;0;2;5;Drie jaar na afstuderen;6;Cohort 2003/'04;;;;;;;;;;;;;;;;
6545;Totaal mannen en vrouwen;0;2;5;Drie jaar na afstuderen;7;Cohort 1999/'00;;;;;;;;;;;;;;;;
6546;Totaal mannen en vrouwen;0;2;5;Drie jaar na afstuderen;7;Cohort 2000/'01;;;;;;;;;;;;;;;;
6547;Totaal mannen en vrouwen;0;2;5;Drie jaar na afstuderen;7;Cohort 2001/'02;3.2;3.2;;;;;;;3.2;3.2;;;3.2;3.2;;
6548;Totaal mannen en vrouwen;0;2;5;Drie jaar na afstuderen;7;Cohort 2002/'03;;;;;;;;;;;;;;;;
6549;Totaal mannen en vrouwen;0;2;5;Drie jaar na afstuderen;7;Cohort 2003/'04;1.9;2.1;1.9;2.1;1.9;2.1;;;;;;;;;;
6550;Totaal mannen en vrouwen;0;2;5;Drie jaar na afstuderen;8;Cohort 1999/'00;;;;;;;;;;;;;;;;
6551;Totaal mannen en vrouwen;0;2;5;Drie jaar na afstuderen;8;Cohort 2000/'01;1.3;;1.3;;1.3;;;;;;;;;;;
6552;Totaal mannen en vrouwen;0;2;5;Drie jaar na afstuderen;8;Cohort 2001/'02;0.8;;0.8;;0.8;;;;;;;;;;;
6553;Totaal mannen en vrouwen;0;2;5;Drie jaar na afstuderen;8;Cohort 2002/'03;;;;;;;;;;;;;;;;
6554;Totaal mannen en vrouwen;0;2;5;Drie jaar na afstuderen;8;Cohort 2003/'04;;;;;;;;;;;;;;;;
6555;Totaal mannen en vrouwen;0;2;5;Drie jaar na afstuderen;9;Cohort 1999/'00;2.4;2.4;2.4;2.4;2.4;2.4;;;;;;;;;;
6556;Totaal mannen en vrouwen;0;2;5;Drie jaar na afstuderen;9;Cohort 2000/'01;;;;;;;;;;;;;;;;
6557;Totaal mannen en vrouwen;0;2;5;Drie jaar na afstuderen;9;Cohort 2001/'02;2.1;2.4;2.1;2.6;2.1;2.6;;;2.1;2.1;;;2.1;2.1;;
6558;Totaal mannen en vrouwen;0;2;5;Drie jaar na afstuderen;9;Cohort 2002/'03;2.0;1.6;2.0;1.6;2.0;1.6;;;;;;;;;;
6559;Totaal mannen en vrouwen;0;2;5;Drie jaar na afstuderen;9;Cohort 2003/'04;1.5;1.5;1.5;1.5;1.5;1.5;;;;;;;;;;
6560;Totaal mannen en vrouwen;0;2;5;Drie jaar na afstuderen;M Onderwijs;Cohort 1999/'00;2.1;2.4;2.1;2.4;2.1;2.4;;;2.5;;;;2.5;;;
6561;Totaal mannen en vrouwen;0;2;5;Drie jaar na afstuderen;M Onderwijs;Cohort 2000/'01;2.2;2.6;2.2;2.6;2.2;2.6;;;2.4;;;;2.4;;;
6562;Totaal mannen en vrouwen;0;2;5;Drie jaar na afstuderen;M Onderwijs;Cohort 2001/'02;2.3;2.5;2.3;2.5;2.3;2.5;;;;;;;;;;
6563;Totaal mannen en vrouwen;0;2;5;Drie jaar na afstuderen;M Onderwijs;Cohort 2002/'03;2.3;2.5;2.3;2.5;2.3;2.5;;;;;;;;;;
6564;Totaal mannen en vrouwen;0;2;5;Drie jaar na afstuderen;M Onderwijs;Cohort 2003/'04;2.4;2.6;2.4;2.6;2.4;2.6;;;;;;;;;;
6565;Totaal mannen en vrouwen;0;2;5;Drie jaar na afstuderen;N Gezondheids- en welzijnszorg;Cohort 1999/'00;;;;;;;;;;;;;;;;
6566;Totaal mannen en vrouwen;0;2;5;Drie jaar na afstuderen;N Gezondheids- en welzijnszorg;Cohort 2000/'01;;;;;;;;;;;;;;;;
6567;Totaal mannen en vrouwen;0;2;5;Drie jaar na afstuderen;N Gezondheids- en welzijnszorg;Cohort 2001/'02;1.9;2.3;1.9;2.3;1.9;2.3;;;;;;;;;;
6568;Totaal mannen en vrouwen;0;2;5;Drie jaar na afstuderen;N Gezondheids- en welzijnszorg;Cohort 2002/'03;0.9;;0.9;;0.9;;;;;;;;;;;
6569;Totaal mannen en vrouwen;0;2;5;Drie jaar na afstuderen;N Gezondheids- en welzijnszorg;Cohort 2003/'04;2.3;2.3;2.3;2.3;2.3;2.3;;;;;;;;;;
6570;Totaal mannen en vrouwen;0;2;5;Drie jaar na afstuderen;9000e Milieu, cultuur, recreatie en ..;Cohort 1999/'00;1.4;2.1;1.4;2.1;1.4;2.1;;;;;;;;;;
6571;Totaal mannen en vrouwen;0;2;5;Drie jaar na afstuderen;9000e Milieu, cultuur, recreatie en ..;Cohort 2000/'01;;;;;;;;;;;;;;;;
6572;Totaal mannen en vrouwen;0;2;5;Drie jaar na afstuderen;9000e Milieu, cultuur, recreatie en ..;Cohort 2001/'02;;;;;;;;;;;;;;;;
6573;Totaal mannen en vrouwen;0;2;5;Drie jaar na afstuderen;9000e Milieu, cultuur, recreatie en ..;Cohort 2002/'03;4.2;4.2;4.2;4.2;4.2;4.2;;;;;;;;;;
6574;Totaal mannen en vrouwen;0;2;5;Drie jaar na afstuderen;9000e Milieu, cultuur, recreatie en ..;Cohort 2003/'04;2.4;;2.4;;2.4;;;;;;;;;;;
6575;Totaal mannen en vrouwen;0;2;5;Drie jaar na afstuderen;Onbekend;Cohort 1999/'00;;;;;;;;;;;;;;;;
6576;Totaal mannen en vrouwen;0;2;5;Drie jaar na afstuderen;Onbekend;Cohort 2000/'01;;;;;;;;;;;;;;;;
6577;Totaal mannen en vrouwen;0;2;5;Drie jaar na afstuderen;Onbekend;Cohort 2001/'02;;;;;;;;;;;;;;;;
6578;Totaal mannen en vrouwen;0;2;5;Drie jaar na afstuderen;Onbekend;Cohort 2002/'03;;;;;;;;;;;;;;;;
6579;Totaal mannen en vrouwen;0;2;5;Drie jaar na afstuderen;Onbekend;Cohort 2003/'04;;;;;;;;;;;;;;;;
6580;Totaal mannen en vrouwen;0;2;5;Vier jaar na afstuderen;0;Cohort 1999/'00;2.3;2.5;2.3;2.5;2.3;2.5;;;2.7;;;;2.7;;;
6581;Totaal mannen en vrouwen;0;2;5;Vier jaar na afstuderen;0;Cohort 2000/'01;2.3;2.7;2.3;2.7;2.3;2.7;;;2.6;;;;2.6;;;
6582;Totaal mannen en vrouwen;0;2;5;Vier jaar na afstuderen;0;Cohort 2001/'02;2.3;2.6;2.2;2.5;2.2;2.5;;;4.5;4.5;;;4.5;4.5;;
6583;Totaal mannen en vrouwen;0;2;5;Vier jaar na afstuderen;0;Cohort 2002/'03;2.4;2.6;2.4;2.6;2.4;2.6;;;;;;;;;;
6584;Totaal mannen en vrouwen;0;2;5;Vier jaar na afstuderen;0;Cohort 2003/'04;2.4;2.7;2.4;2.7;2.4;2.7;;;;;;;;;;
6585;Totaal mannen en vrouwen;0;2;5;Vier jaar na afstuderen;1;Cohort 1999/'00;;;;;;;;;;;;;;;;
6586;Totaal mannen en vrouwen;0;2;5;Vier jaar na afstuderen;1;Cohort 2000/'01;;;;;;;;;;;;;;;;
6587;Totaal mannen en vrouwen;0;2;5;Vier jaar na afstuderen;1;Cohort 2001/'02;;;;;;;;;;;;;;;;
6588;Totaal mannen en vrouwen;0;2;5;Vier jaar na afstuderen;1;Cohort 2002/'03;;;;;;;;;;;;;;;;
6589;Totaal mannen en vrouwen;0;2;5;Vier jaar na afstuderen;1;Cohort 2003/'04;;;;;;;;;;;;;;;;
6590;Totaal mannen en vrouwen;0;2;5;Vier jaar na afstuderen;2;Cohort 1999/'00;;;;;;;;;;;;;;;;
6591;Totaal mannen en vrouwen;0;2;5;Vier jaar na afstuderen;2;Cohort 2000/'01;;;;;;;;;;;;;;;;
6592;Totaal mannen en vrouwen;0;2;5;Vier jaar na afstuderen;2;Cohort 2001/'02;;;;;;;;;;;;;;;;
6593;Totaal mannen en vrouwen;0;2;5;Vier jaar na afstuderen;2;Cohort 2002/'03;3.5;3.5;3.5;3.5;3.5;3.5;;;;;;;;;;
6594;Totaal mannen en vrouwen;0;2;5;Vier jaar na afstuderen;2;Cohort 2003/'04;1.9;1.9;1.9;1.9;1.9;1.9;;;;;;;;;;
6595;Totaal mannen en vrouwen;0;2;5;Vier jaar na afstuderen;3;Cohort 1999/'00;2.4;2.4;2.4;2.4;2.4;2.4;;;;;;;;;;
6596;Totaal mannen en vrouwen;0;2;5;Vier jaar na afstuderen;3;Cohort 2000/'01;;;;;;;;;;;;;;;;
6597;Totaal mannen en vrouwen;0;2;5;Vier jaar na afstuderen;3;Cohort 2001/'02;;;;;;;;;;;;;;;;
6598;Totaal mannen en vrouwen;0;2;5;Vier jaar na afstuderen;3;Cohort 2002/'03;;;;;;;;;;;;;;;;
6599;Totaal mannen en vrouwen;0;2;5;Vier jaar na afstuderen;3;Cohort 2003/'04;2.7;;2.7;;2.7;;;;;;;;;;;
6600;Totaal mannen en vrouwen;0;2;5;Vier jaar na afstuderen;4;Cohort 1999/'00;;;;;;;;;;;;;;;;
6601;Totaal mannen en vrouwen;0;2;5;Vier jaar na afstuderen;4;Cohort 2000/'01;;;;;;;;;;;;;;;;
6602;Totaal mannen en vrouwen;0;2;5;Vier jaar na afstuderen;4;Cohort 2001/'02;;;;;;;;;;;;;;;;
6603;Totaal mannen en vrouwen;0;2;5;Vier jaar na afstuderen;4;Cohort 2002/'03;;;;;;;;;;;;;;;;
6604;Totaal mannen en vrouwen;0;2;5;Vier jaar na afstuderen;4;Cohort 2003/'04;;;;;;;;;;;;;;;;
6605;Totaal mannen en vrouwen;0;2;5;Vier jaar na afstuderen;5;Cohort 1999/'00;;;;;;;;;;;;;;;;
6606;Totaal mannen en vrouwen;0;2;5;Vier jaar na afstuderen;5;Cohort 2000/'01;;;;;;;;;;;;;;;;
6607;Totaal mannen en vrouwen;0;2;5;Vier jaar na afstuderen;5;Cohort 2001/'02;;;;;;;;;;;;;;;;
6608;Totaal mannen en vrouwen;0;2;5;Vier jaar na afstuderen;5;Cohort 2002/'03;;;;;;;;;;;;;;;;
6609;Totaal mannen en vrouwen;0;2;5;Vier jaar na afstuderen;5;Cohort 2003/'04;;;;;;;;;;;;;;;;
6610;Totaal mannen en vrouwen;0;2;5;Vier jaar na afstuderen;6;Cohort 1999/'00;;;;;;;;;;;;;;;;
6611;Totaal mannen en vrouwen;0;2;5;Vier jaar na afstuderen;6;Cohort 2000/'01;2.0;;2.0;;2.0;;;;;;;;;;;
6612;Totaal mannen en vrouwen;0;2;5;Vier jaar na afstuderen;6;Cohort 2001/'02;1.2;;1.2;;1.2;;;;;;;;;;;
6613;Totaal mannen en vrouwen;0;2;5;Vier jaar na afstuderen;6;Cohort 2002/'03;;;;;;;;;;;;;;;;
6614;Totaal mannen en vrouwen;0;2;5;Vier jaar na afstuderen;6;Cohort 2003/'04;;;;;;;;;;;;;;;;
6615;Totaal mannen en vrouwen;0;2;5;Vier jaar na afstuderen;7;Cohort 1999/'00;;;;;;;;;;;;;;;;
6616;Totaal mannen en vrouwen;0;2;5;Vier jaar na afstuderen;7;Cohort 2000/'01;;;;;;;;;;;;;;;;
6617;Totaal mannen en vrouwen;0;2;5;Vier jaar na afstuderen;7;Cohort 2001/'02;3.4;3.4;2.4;2.4;2.4;2.4;;;4.5;4.5;;;4.5;4.5;;
6618;Totaal mannen en vrouwen;0;2;5;Vier jaar na afstuderen;7;Cohort 2002/'03;;;;;;;;;;;;;;;;
6619;Totaal mannen en vrouwen;0;2;5;Vier jaar na afstuderen;7;Cohort 2003/'04;;;;;;;;;;;;;;;;
6620;Totaal mannen en vrouwen;0;2;5;Vier jaar na afstuderen;8;Cohort 1999/'00;;;;;;;;;;;;;;;;
6621;Totaal mannen en vrouwen;0;2;5;Vier jaar na afstuderen;8;Cohort 2000/'01;;;;;;;;;;;;;;;;
6622;Totaal mannen en vrouwen;0;2;5;Vier jaar na afstuderen;8;Cohort 2001/'02;1.0;;1.0;;1.0;;;;;;;;;;;
6623;Totaal mannen en vrouwen;0;2;5;Vier jaar na afstuderen;8;Cohort 2002/'03;2.8;1.9;2.8;1.9;2.8;1.9;;;;;;;;;;
6624;Totaal mannen en vrouwen;0;2;5;Vier jaar na afstuderen;8;Cohort 2003/'04;;;;;;;;;;;;;;;;
6625;Totaal mannen en vrouwen;0;2;5;Vier jaar na afstuderen;9;Cohort 1999/'00;2.3;2.6;2.3;2.6;2.3;2.6;;;;;;;;;;
6626;Totaal mannen en vrouwen;0;2;5;Vier jaar na afstuderen;9;Cohort 2000/'01;;;;;;;;;;;;;;;;
6627;Totaal mannen en vrouwen;0;2;5;Vier jaar na afstuderen;9;Cohort 2001/'02;;;;;;;;;;;;;;;;
6628;Totaal mannen en vrouwen;0;2;5;Vier jaar na afstuderen;9;Cohort 2002/'03;2.1;1.7;2.1;1.7;2.1;1.7;;;;;;;;;;
6629;Totaal mannen en vrouwen;0;2;5;Vier jaar na afstuderen;9;Cohort 2003/'04;3.0;2.9;3.0;2.9;3.0;2.9;;;;;;;;;;
6630;Totaal mannen en vrouwen;0;2;5;Vier jaar na afstuderen;M Onderwijs;Cohort 1999/'00;2.3;2.5;2.3;2.5;2.3;2.5;;;2.7;;;;2.7;;;
6631;Totaal mannen en vrouwen;0;2;5;Vier jaar na afstuderen;M Onderwijs;Cohort 2000/'01;2.3;2.7;2.3;2.7;2.3;2.7;;;2.6;;;;2.6;;;
6632;Totaal mannen en vrouwen;0;2;5;Vier jaar na afstuderen;M Onderwijs;Cohort 2001/'02;2.3;2.6;2.3;2.6;2.3;2.6;;;;;;;;;;
6633;Totaal mannen en vrouwen;0;2;5;Vier jaar na afstuderen;M Onderwijs;Cohort 2002/'03;2.4;2.6;2.4;2.6;2.4;2.6;;;;;;;;;;
6634;Totaal mannen en vrouwen;0;2;5;Vier jaar na afstuderen;M Onderwijs;Cohort 2003/'04;2.5;2.8;2.5;2.8;2.5;2.8;;;;;;;;;;
6635;Totaal mannen en vrouwen;0;2;5;Vier jaar na afstuderen;N Gezondheids- en welzijnszorg;Cohort 1999/'00;;;;;;;;;;;;;;;;
6636;Totaal mannen en vrouwen;0;2;5;Vier jaar na afstuderen;N Gezondheids- en welzijnszorg;Cohort 2000/'01;;;;;;;;;;;;;;;;
6637;Totaal mannen en vrouwen;0;2;5;Vier jaar na afstuderen;N Gezondheids- en welzijnszorg;Cohort 2001/'02;1.7;;1.7;;1.7;;;;;;;;;;;
6638;Totaal mannen en vrouwen;0;2;5;Vier jaar na afstuderen;N Gezondheids- en welzijnszorg;Cohort 2002/'03;1.8;3.0;1.8;3.0;1.8;3.0;;;;;;;;;;
6639;Totaal mannen en vrouwen;0;2;5;Vier jaar na afstuderen;N Gezondheids- en welzijnszorg;Cohort 2003/'04;1.7;2.1;1.7;2.1;1.7;2.1;;;;;;;;;;
6640;Totaal mannen en vrouwen;0;2;5;Vier jaar na afstuderen;9000e Milieu, cultuur, recreatie en ..;Cohort 1999/'00;;;;;;;;;;;;;;;;
6641;Totaal mannen en vrouwen;0;2;5;Vier jaar na afstuderen;9000e Milieu, cultuur, recreatie en ..;Cohort 2000/'01;;;;;;;;;;;;;;;;
6642;Totaal mannen en vrouwen;0;2;5;Vier jaar na afstuderen;9000e Milieu, cultuur, recreatie en ..;Cohort 2001/'02;;;;;;;;;;;;;;;;
6643;Totaal mannen en vrouwen;0;2;5;Vier jaar na afstuderen;9000e Milieu, cultuur, recreatie en ..;Cohort 2002/'03;;;;;;;;;;;;;;;;
6644;Totaal mannen en vrouwen;0;2;5;Vier jaar na afstuderen;9000e Milieu, cultuur, recreatie en ..;Cohort 2003/'04;2.1;;2.1;;2.1;;;;;;;;;;;
6645;Totaal mannen en vrouwen;0;2;5;Vier jaar na afstuderen;Onbekend;Cohort 1999/'00;;;;;;;;;;;;;;;;
6646;Totaal mannen en vrouwen;0;2;5;Vier jaar na afstuderen;Onbekend;Cohort 2000/'01;;;;;;;;;;;;;;;;
6647;Totaal mannen en vrouwen;0;2;5;Vier jaar na afstuderen;Onbekend;Cohort 2001/'02;;;;;;;;;;;;;;;;
6648;Totaal mannen en vrouwen;0;2;5;Vier jaar na afstuderen;Onbekend;Cohort 2002/'03;;;;;;;;;;;;;;;;
6649;Totaal mannen en vrouwen;0;2;5;Vier jaar na afstuderen;Onbekend;Cohort 2003/'04;;;;;;;;;;;;;;;;
6650;Totaal mannen en vrouwen;0;2;5;Vijf jaar na afstuderen;0;Cohort 1999/'00;2.5;2.7;2.4;2.7;2.4;2.7;;;3.6;;;;3.6;;;
6651;Totaal mannen en vrouwen;0;2;5;Vijf jaar na afstuderen;0;Cohort 2000/'01;2.2;2.7;2.2;2.7;2.2;2.7;;;1.8;;;;1.8;;;
6652;Totaal mannen en vrouwen;0;2;5;Vijf jaar na afstuderen;0;Cohort 2001/'02;2.3;2.7;2.3;2.7;2.3;2.7;;;1.7;;;;1.7;;;
6653;Totaal mannen en vrouwen;0;2;5;Vijf jaar na afstuderen;0;Cohort 2002/'03;2.4;2.7;2.4;2.7;2.4;2.7;;;;;;;;;;
6654;Totaal mannen en vrouwen;0;2;5;Vijf jaar na afstuderen;0;Cohort 2003/'04;;;;;;;;;;;;;;;;
6655;Totaal mannen en vrouwen;0;2;5;Vijf jaar na afstuderen;1;Cohort 1999/'00;;;;;;;;;;;;;;;;
6656;Totaal mannen en vrouwen;0;2;5;Vijf jaar na afstuderen;1;Cohort 2000/'01;;;;;;;;;;;;;;;;
6657;Totaal mannen en vrouwen;0;2;5;Vijf jaar na afstuderen;1;Cohort 2001/'02;;;;;;;;;;;;;;;;
6658;Totaal mannen en vrouwen;0;2;5;Vijf jaar na afstuderen;1;Cohort 2002/'03;;;;;;;;;;;;;;;;
6659;Totaal mannen en vrouwen;0;2;5;Vijf jaar na afstuderen;1;Cohort 2003/'04;;;;;;;;;;;;;;;;
6660;Totaal mannen en vrouwen;0;2;5;Vijf jaar na afstuderen;2;Cohort 1999/'00;2.0;2.5;2.0;2.5;2.0;2.5;;;;;;;;;;
6661;Totaal mannen en vrouwen;0;2;5;Vijf jaar na afstuderen;2;Cohort 2000/'01;;;;;;;;;;;;;;;;
6662;Totaal mannen en vrouwen;0;2;5;Vijf jaar na afstuderen;2;Cohort 2001/'02;;;;;;;;;;;;;;;;
6663;Totaal mannen en vrouwen;0;2;5;Vijf jaar na afstuderen;2;Cohort 2002/'03;3.9;3.9;3.9;3.9;3.9;3.9;;;;;;;;;;
6664;Totaal mannen en vrouwen;0;2;5;Vijf jaar na afstuderen;2;Cohort 2003/'04;;;;;;;;;;;;;;;;
6665;Totaal mannen en vrouwen;0;2;5;Vijf jaar na afstuderen;3;Cohort 1999/'00;2.5;2.5;2.5;2.5;2.5;2.5;;;;;;;;;;
6666;Totaal mannen en vrouwen;0;2;5;Vijf jaar na afstuderen;3;Cohort 2000/'01;0.9;;0.9;;0.9;;;;;;;;;;;
6667;Totaal mannen en vrouwen;0;2;5;Vijf jaar na afstuderen;3;Cohort 2001/'02;;;;;;;;;;;;;;;;
6668;Totaal mannen en vrouwen;0;2;5;Vijf jaar na afstuderen;3;Cohort 2002/'03;1.3;1.3;1.3;1.3;1.3;1.3;;;;;;;;;;
6669;Totaal mannen en vrouwen;0;2;5;Vijf jaar na afstuderen;3;Cohort 2003/'04;;;;;;;;;;;;;;;;
6670;Totaal mannen en vrouwen;0;2;5;Vijf jaar na afstuderen;4;Cohort 1999/'00;;;;;;;;;;;;;;;;
6671;Totaal mannen en vrouwen;0;2;5;Vijf jaar na afstuderen;4;Cohort 2000/'01;;;;;;;;;;;;;;;;
6672;Totaal mannen en vrouwen;0;2;5;Vijf jaar na afstuderen;4;Cohort 2001/'02;;;;;;;;;;;;;;;;
6673;Totaal mannen en vrouwen;0;2;5;Vijf jaar na afstuderen;4;Cohort 2002/'03;;;;;;;;;;;;;;;;
6674;Totaal mannen en vrouwen;0;2;5;Vijf jaar na afstuderen;4;Cohort 2003/'04;;;;;;;;;;;;;;;;
6675;Totaal mannen en vrouwen;0;2;5;Vijf jaar na afstuderen;5;Cohort 1999/'00;;;;;;;;;;;;;;;;
6676;Totaal mannen en vrouwen;0;2;5;Vijf jaar na afstuderen;5;Cohort 2000/'01;;;;;;;;;;;;;;;;
6677;Totaal mannen en vrouwen;0;2;5;Vijf jaar na afstuderen;5;Cohort 2001/'02;;;;;;;;;;;;;;;;
6678;Totaal mannen en vrouwen;0;2;5;Vijf jaar na afstuderen;5;Cohort 2002/'03;;;;;;;;;;;;;;;;
6679;Totaal mannen en vrouwen;0;2;5;Vijf jaar na afstuderen;5;Cohort 2003/'04;;;;;;;;;;;;;;;;
6680;Totaal mannen en vrouwen;0;2;5;Vijf jaar na afstuderen;6;Cohort 1999/'00;;;;;;;;;;;;;;;;
6681;Totaal mannen en vrouwen;0;2;5;Vijf jaar na afstuderen;6;Cohort 2000/'01;1.9;;1.9;;1.9;;;;;;;;;;;
6682;Totaal mannen en vrouwen;0;2;5;Vijf jaar na afstuderen;6;Cohort 2001/'02;1.2;;1.2;;1.2;;;;;;;;;;;
6683;Totaal mannen en vrouwen;0;2;5;Vijf jaar na afstuderen;6;Cohort 2002/'03;2.2;;2.2;;2.2;;;;;;;;;;;
6684;Totaal mannen en vrouwen;0;2;5;Vijf jaar na afstuderen;6;Cohort 2003/'04;;;;;;;;;;;;;;;;
6685;Totaal mannen en vrouwen;0;2;5;Vijf jaar na afstuderen;7;Cohort 1999/'00;;;;;;;;;;;;;;;;
6686;Totaal mannen en vrouwen;0;2;5;Vijf jaar na afstuderen;7;Cohort 2000/'01;;;;;;;;;;;;;;;;
6687;Totaal mannen en vrouwen;0;2;5;Vijf jaar na afstuderen;7;Cohort 2001/'02;2.6;2.6;2.6;2.6;2.6;2.6;;;;;;;;;;
6688;Totaal mannen en vrouwen;0;2;5;Vijf jaar na afstuderen;7;Cohort 2002/'03;;;;;;;;;;;;;;;;
6689;Totaal mannen en vrouwen;0;2;5;Vijf jaar na afstuderen;7;Cohort 2003/'04;;;;;;;;;;;;;;;;
6690;Totaal mannen en vrouwen;0;2;5;Vijf jaar na afstuderen;8;Cohort 1999/'00;;;;;;;;;;;;;;;;
6691;Totaal mannen en vrouwen;0;2;5;Vijf jaar na afstuderen;8;Cohort 2000/'01;;;;;;;;;;;;;;;;
6692;Totaal mannen en vrouwen;0;2;5;Vijf jaar na afstuderen;8;Cohort 2001/'02;;;;;;;;;;;;;;;;
6693;Totaal mannen en vrouwen;0;2;5;Vijf jaar na afstuderen;8;Cohort 2002/'03;;;;;;;;;;;;;;;;
6694;Totaal mannen en vrouwen;0;2;5;Vijf jaar na afstuderen;8;Cohort 2003/'04;;;;;;;;;;;;;;;;
6695;Totaal mannen en vrouwen;0;2;5;Vijf jaar na afstuderen;9;Cohort 1999/'00;2.7;2.7;2.7;2.7;2.7;2.7;;;;;;;;;;
6696;Totaal mannen en vrouwen;0;2;5;Vijf jaar na afstuderen;9;Cohort 2000/'01;;;;;;;;;;;;;;;;
6697;Totaal mannen en vrouwen;0;2;5;Vijf jaar na afstuderen;9;Cohort 2001/'02;;;;;;;;;;;;;;;;
6698;Totaal mannen en vrouwen;0;2;5;Vijf jaar na afstuderen;9;Cohort 2002/'03;2.5;2.5;2.5;2.5;2.5;2.5;;;;;;;;;;
6699;Totaal mannen en vrouwen;0;2;5;Vijf jaar na afstuderen;9;Cohort 2003/'04;;;;;;;;;;;;;;;;
6700;Totaal mannen en vrouwen;0;2;5;Vijf jaar na afstuderen;M Onderwijs;Cohort 1999/'00;2.5;2.7;2.5;2.7;2.5;2.7;;;3.6;;;;3.6;;;
6701;Totaal mannen en vrouwen;0;2;5;Vijf jaar na afstuderen;M Onderwijs;Cohort 2000/'01;2.3;2.7;2.3;2.7;2.3;2.7;;;1.8;;;;1.8;;;
6702;Totaal mannen en vrouwen;0;2;5;Vijf jaar na afstuderen;M Onderwijs;Cohort 2001/'02;2.4;2.7;2.4;2.7;2.4;2.7;;;1.7;;;;1.7;;;
6703;Totaal mannen en vrouwen;0;2;5;Vijf jaar na afstuderen;M Onderwijs;Cohort 2002/'03;2.5;2.8;2.5;2.8;2.5;2.8;;;;;;;;;;
6704;Totaal mannen en vrouwen;0;2;5;Vijf jaar na afstuderen;M Onderwijs;Cohort 2003/'04;;;;;;;;;;;;;;;;
6705;Totaal mannen en vrouwen;0;2;5;Vijf jaar na afstuderen;N Gezondheids- en welzijnszorg;Cohort 1999/'00;1.5;;1.5;;1.5;;;;;;;;;;;
6706;Totaal mannen en vrouwen;0;2;5;Vijf jaar na afstuderen;N Gezondheids- en welzijnszorg;Cohort 2000/'01;1.6;;1.6;;1.6;;;;;;;;;;;
6707;Totaal mannen en vrouwen;0;2;5;Vijf jaar na afstuderen;N Gezondheids- en welzijnszorg;Cohort 2001/'02;1.4;;1.4;;1.4;;;;;;;;;;;
6708;Totaal mannen en vrouwen;0;2;5;Vijf jaar na afstuderen;N Gezondheids- en welzijnszorg;Cohort 2002/'03;1.5;;1.5;;1.5;;;;;;;;;;;
6709;Totaal mannen en vrouwen;0;2;5;Vijf jaar na afstuderen;N Gezondheids- en welzijnszorg;Cohort 2003/'04;;;;;;;;;;;;;;;;
6710;Totaal mannen en vrouwen;0;2;5;Vijf jaar na afstuderen;9000e Milieu, cultuur, recreatie en ..;Cohort 1999/'00;;;;;;;;;;;;;;;;
6711;Totaal mannen en vrouwen;0;2;5;Vijf jaar na afstuderen;9000e Milieu, cultuur, recreatie en ..;Cohort 2000/'01;3.1;3.1;3.1;3.1;3.1;3.1;;;;;;;;;;
6712;Totaal mannen en vrouwen;0;2;5;Vijf jaar na afstuderen;9000e Milieu, cultuur, recreatie en ..;Cohort 2001/'02;;;;;;;;;;;;;;;;
6713;Totaal mannen en vrouwen;0;2;5;Vijf jaar na afstuderen;9000e Milieu, cultuur, recreatie en ..;Cohort 2002/'03;;;;;;;;;;;;;;;;
6714;Totaal mannen en vrouwen;0;2;5;Vijf jaar na afstuderen;9000e Milieu, cultuur, recreatie en ..;Cohort 2003/'04;;;;;;;;;;;;;;;;
6715;Totaal mannen en vrouwen;0;2;5;Vijf jaar na afstuderen;Onbekend;Cohort 1999/'00;;;;;;;;;;;;;;;;
6716;Totaal mannen en vrouwen;0;2;5;Vijf jaar na afstuderen;Onbekend;Cohort 2000/'01;;;;;;;;;;;;;;;;
6717;Totaal mannen en vrouwen;0;2;5;Vijf jaar na afstuderen;Onbekend;Cohort 2001/'02;;;;;;;;;;;;;;;;
6718;Totaal mannen en vrouwen;0;2;5;Vijf jaar na afstuderen;Onbekend;Cohort 2002/'03;;;;;;;;;;;;;;;;
6719;Totaal mannen en vrouwen;0;2;5;Vijf jaar na afstuderen;Onbekend;Cohort 2003/'04;;;;;;;;;;;;;;;;
6720;Totaal mannen en vrouwen;0;2;6;Direct na afstuderen;0;Cohort 1999/'00;1.5;;1.5;;1.5;;;;0.7;;;;0.7;;;
6721;Totaal mannen en vrouwen;0;2;6;Direct na afstuderen;0;Cohort 2000/'01;1.6;1.8;1.6;1.8;1.6;1.8;;;1.5;;;;1.5;;;
6722;Totaal mannen en vrouwen;0;2;6;Direct na afstuderen;0;Cohort 2001/'02;1.5;1.9;1.6;1.9;1.5;1.9;1.6;1.6;1.2;;;;1.2;;;
6723;Totaal mannen en vrouwen;0;2;6;Direct na afstuderen;0;Cohort 2002/'03;1.6;2.0;1.6;2.0;1.6;2.0;;;1.4;;;;1.4;;;
6724;Totaal mannen en vrouwen;0;2;6;Direct na afstuderen;0;Cohort 2003/'04;1.6;2.0;1.7;2.0;1.7;2.0;;;1.1;;;;1.1;;;
6725;Totaal mannen en vrouwen;0;2;6;Direct na afstuderen;1;Cohort 1999/'00;;;;;;;;;;;;;;;;
6726;Totaal mannen en vrouwen;0;2;6;Direct na afstuderen;1;Cohort 2000/'01;;;;;;;;;;;;;;;;
6727;Totaal mannen en vrouwen;0;2;6;Direct na afstuderen;1;Cohort 2001/'02;;;;;;;;;;;;;;;;
6728;Totaal mannen en vrouwen;0;2;6;Direct na afstuderen;1;Cohort 2002/'03;;;;;;;;;;;;;;;;
6729;Totaal mannen en vrouwen;0;2;6;Direct na afstuderen;1;Cohort 2003/'04;;;;;;;;;;;;;;;;
6730;Totaal mannen en vrouwen;0;2;6;Direct na afstuderen;2;Cohort 1999/'00;;;;;;;;;;;;;;;;
6731;Totaal mannen en vrouwen;0;2;6;Direct na afstuderen;2;Cohort 2000/'01;;;;;;;;;;;;;;;;
6732;Totaal mannen en vrouwen;0;2;6;Direct na afstuderen;2;Cohort 2001/'02;;;;;;;;;;;;;;;;
6733;Totaal mannen en vrouwen;0;2;6;Direct na afstuderen;2;Cohort 2002/'03;;;;;;;;;;;;;;;;
6734;Totaal mannen en vrouwen;0;2;6;Direct na afstuderen;2;Cohort 2003/'04;0.6;;;;;;;;0.6;;;;0.6;;;
6735;Totaal mannen en vrouwen;0;2;6;Direct na afstuderen;3;Cohort 1999/'00;1.1;;1.1;;1.1;;;;;;;;;;;
6736;Totaal mannen en vrouwen;0;2;6;Direct na afstuderen;3;Cohort 2000/'01;1.1;;1.1;;1.1;;;;;;;;;;;
6737;Totaal mannen en vrouwen;0;2;6;Direct na afstuderen;3;Cohort 2001/'02;0.3;;0.3;;0.3;;;;;;;;;;;
6738;Totaal mannen en vrouwen;0;2;6;Direct na afstuderen;3;Cohort 2002/'03;;;;;;;;;;;;;;;;
6739;Totaal mannen en vrouwen;0;2;6;Direct na afstuderen;3;Cohort 2003/'04;0.4;;0.4;;0.4;;;;;;;;;;;
6740;Totaal mannen en vrouwen;0;2;6;Direct na afstuderen;4;Cohort 1999/'00;0.8;;0.8;;0.8;;;;;;;;;;;
6741;Totaal mannen en vrouwen;0;2;6;Direct na afstuderen;4;Cohort 2000/'01;0.2;;0.2;;0.2;;;;;;;;;;;
6742;Totaal mannen en vrouwen;0;2;6;Direct na afstuderen;4;Cohort 2001/'02;0.3;;0.3;;0.3;;;;;;;;;;;
6743;Totaal mannen en vrouwen;0;2;6;Direct na afstuderen;4;Cohort 2002/'03;0.5;;0.5;;0.5;;;;;;;;;;;
6744;Totaal mannen en vrouwen;0;2;6;Direct na afstuderen;4;Cohort 2003/'04;0.3;;0.3;;0.3;;;;;;;;;;;
6745;Totaal mannen en vrouwen;0;2;6;Direct na afstuderen;5;Cohort 1999/'00;;;;;;;;;;;;;;;;
6746;Totaal mannen en vrouwen;0;2;6;Direct na afstuderen;5;Cohort 2000/'01;;;;;;;;;;;;;;;;
6747;Totaal mannen en vrouwen;0;2;6;Direct na afstuderen;5;Cohort 2001/'02;;;;;;;;;;;;;;;;
6748;Totaal mannen en vrouwen;0;2;6;Direct na afstuderen;5;Cohort 2002/'03;;;;;;;;;;;;;;;;
6749;Totaal mannen en vrouwen;0;2;6;Direct na afstuderen;5;Cohort 2003/'04;1.6;;1.6;;1.6;;;;;;;;;;;
6750;Totaal mannen en vrouwen;0;2;6;Direct na afstuderen;6;Cohort 1999/'00;1.1;;1.1;;1.1;;;;;;;;;;;
6751;Totaal mannen en vrouwen;0;2;6;Direct na afstuderen;6;Cohort 2000/'01;2.2;2.2;2.2;2.2;2.2;2.2;;;;;;;;;;
6752;Totaal mannen en vrouwen;0;2;6;Direct na afstuderen;6;Cohort 2001/'02;;;;;;;;;;;;;;;;
6753;Totaal mannen en vrouwen;0;2;6;Direct na afstuderen;6;Cohort 2002/'03;3.8;3.8;3.8;3.8;3.8;3.8;;;;;;;;;;
6754;Totaal mannen en vrouwen;0;2;6;Direct na afstuderen;6;Cohort 2003/'04;;;;;;;;;;;;;;;;
6755;Totaal mannen en vrouwen;0;2;6;Direct na afstuderen;7;Cohort 1999/'00;;;;;;;;;;;;;;;;
6756;Totaal mannen en vrouwen;0;2;6;Direct na afstuderen;7;Cohort 2000/'01;1.1;1.4;1.1;1.4;1.1;1.4;;;;;;;;;;
6757;Totaal mannen en vrouwen;0;2;6;Direct na afstuderen;7;Cohort 2001/'02;;;;;;;;;;;;;;;;
6758;Totaal mannen en vrouwen;0;2;6;Direct na afstuderen;7;Cohort 2002/'03;1.3;;1.3;;1.3;;;;;;;;;;;
6759;Totaal mannen en vrouwen;0;2;6;Direct na afstuderen;7;Cohort 2003/'04;;;;;;;;;;;;;;;;
6760;Totaal mannen en vrouwen;0;2;6;Direct na afstuderen;8;Cohort 1999/'00;1.3;;1.3;;1.3;;;;;;;;;;;
6761;Totaal mannen en vrouwen;0;2;6;Direct na afstuderen;8;Cohort 2000/'01;1.2;1.2;1.2;1.2;1.2;1.2;;;;;;;;;;
6762;Totaal mannen en vrouwen;0;2;6;Direct na afstuderen;8;Cohort 2001/'02;0.3;;0.3;;0.3;;;;;;;;;;;
6763;Totaal mannen en vrouwen;0;2;6;Direct na afstuderen;8;Cohort 2002/'03;0.2;;0.2;;0.2;;;;;;;;;;;
6764;Totaal mannen en vrouwen;0;2;6;Direct na afstuderen;8;Cohort 2003/'04;1.5;;1.7;;1.7;;;;1.2;;;;1.2;;;
6765;Totaal mannen en vrouwen;0;2;6;Direct na afstuderen;9;Cohort 1999/'00;1.9;;1.9;;1.9;;;;;;;;;;;
6766;Totaal mannen en vrouwen;0;2;6;Direct na afstuderen;9;Cohort 2000/'01;1.8;2.7;1.8;2.7;1.8;2.7;;;;;;;;;;
6767;Totaal mannen en vrouwen;0;2;6;Direct na afstuderen;9;Cohort 2001/'02;2.0;2.0;2.0;2.0;2.0;2.0;;;;;;;;;;
6768;Totaal mannen en vrouwen;0;2;6;Direct na afstuderen;9;Cohort 2002/'03;;;;;;;;;;;;;;;;
6769;Totaal mannen en vrouwen;0;2;6;Direct na afstuderen;9;Cohort 2003/'04;0.8;;0.8;;0.8;;;;;;;;;;;
6770;Totaal mannen en vrouwen;0;2;6;Direct na afstuderen;M Onderwijs;Cohort 1999/'00;1.6;;1.6;;1.6;;;;0.7;;;;0.7;;;
6771;Totaal mannen en vrouwen;0;2;6;Direct na afstuderen;M Onderwijs;Cohort 2000/'01;1.7;1.8;1.7;1.8;1.7;1.8;;;1.5;;;;1.5;;;
6772;Totaal mannen en vrouwen;0;2;6;Direct na afstuderen;M Onderwijs;Cohort 2001/'02;1.7;1.9;1.7;1.9;1.7;1.9;1.6;1.6;1.4;;;;1.4;;;
6773;Totaal mannen en vrouwen;0;2;6;Direct na afstuderen;M Onderwijs;Cohort 2002/'03;1.6;1.9;1.6;1.9;1.6;1.9;;;1.4;;;;1.4;;;
6774;Totaal mannen en vrouwen;0;2;6;Direct na afstuderen;M Onderwijs;Cohort 2003/'04;1.7;2.0;1.8;2.0;1.8;2.0;;;1.3;;;;1.3;;;
6775;Totaal mannen en vrouwen;0;2;6;Direct na afstuderen;N Gezondheids- en welzijnszorg;Cohort 1999/'00;;;;;;;;;;;;;;;;
6776;Totaal mannen en vrouwen;0;2;6;Direct na afstuderen;N Gezondheids- en welzijnszorg;Cohort 2000/'01;1.5;1.5;1.5;1.5;1.5;1.5;;;;;;;;;;
6777;Totaal mannen en vrouwen;0;2;6;Direct na afstuderen;N Gezondheids- en welzijnszorg;Cohort 2001/'02;;;;;;;;;;;;;;;;
6778;Totaal mannen en vrouwen;0;2;6;Direct na afstuderen;N Gezondheids- en welzijnszorg;Cohort 2002/'03;;;;;;;;;;;;;;;;
6779;Totaal mannen en vrouwen;0;2;6;Direct na afstuderen;N Gezondheids- en welzijnszorg;Cohort 2003/'04;;;;;;;;;;;;;;;;
6780;Totaal mannen en vrouwen;0;2;6;Direct na afstuderen;9000e Milieu, cultuur, recreatie en ..;Cohort 1999/'00;1.3;;1.3;;1.3;;;;;;;;;;;
6781;Totaal mannen en vrouwen;0;2;6;Direct na afstuderen;9000e Milieu, cultuur, recreatie en ..;Cohort 2000/'01;;;;;;;;;;;;;;;;
6782;Totaal mannen en vrouwen;0;2;6;Direct na afstuderen;9000e Milieu, cultuur, recreatie en ..;Cohort 2001/'02;0.8;;;;;;;;0.8;;;;0.8;;;
6783;Totaal mannen en vrouwen;0;2;6;Direct na afstuderen;9000e Milieu, cultuur, recreatie en ..;Cohort 2002/'03;0.3;;0.3;;0.3;;;;;;;;;;;
6784;Totaal mannen en vrouwen;0;2;6;Direct na afstuderen;9000e Milieu, cultuur, recreatie en ..;Cohort 2003/'04;;;;;;;;;;;;;;;;
6785;Totaal mannen en vrouwen;0;2;6;Direct na afstuderen;Onbekend;Cohort 1999/'00;;;;;;;;;;;;;;;;
6786;Totaal mannen en vrouwen;0;2;6;Direct na afstuderen;Onbekend;Cohort 2000/'01;;;;;;;;;;;;;;;;
6787;Totaal mannen en vrouwen;0;2;6;Direct na afstuderen;Onbekend;Cohort 2001/'02;;;;;;;;;;;;;;;;
6788;Totaal mannen en vrouwen;0;2;6;Direct na afstuderen;Onbekend;Cohort 2002/'03;;;;;;;;;;;;;;;;
6789;Totaal mannen en vrouwen;0;2;6;Direct na afstuderen;Onbekend;Cohort 2003/'04;;;;;;;;;;;;;;;;
6790;Totaal mannen en vrouwen;0;2;6;Één jaar na afstuderen;0;Cohort 1999/'00;1.9;2.1;2.0;2.1;2.0;2.1;;;1.4;1.4;;;1.4;1.4;;
6791;Totaal mannen en vrouwen;0;2;6;Één jaar na afstuderen;0;Cohort 2000/'01;2.1;2.3;2.1;2.3;2.1;2.3;;;1.9;;;;1.9;;;
6792;Totaal mannen en vrouwen;0;2;6;Één jaar na afstuderen;0;Cohort 2001/'02;2.0;2.2;2.0;2.2;2.0;2.2;1.5;1.5;1.7;2.7;;;1.7;2.7;;
6793;Totaal mannen en vrouwen;0;2;6;Één jaar na afstuderen;0;Cohort 2002/'03;2.1;2.5;2.2;2.5;2.2;2.5;;;1.1;;;;1.1;;;
6794;Totaal mannen en vrouwen;0;2;6;Één jaar na afstuderen;0;Cohort 2003/'04;2.0;2.3;1.9;2.3;1.9;2.3;;;2.2;;;;2.2;;;
6795;Totaal mannen en vrouwen;0;2;6;Één jaar na afstuderen;1;Cohort 1999/'00;;;;;;;;;;;;;;;;
6796;Totaal mannen en vrouwen;0;2;6;Één jaar na afstuderen;1;Cohort 2000/'01;;;;;;;;;;;;;;;;
6797;Totaal mannen en vrouwen;0;2;6;Één jaar na afstuderen;1;Cohort 2001/'02;;;;;;;;;;;;;;;;
6798;Totaal mannen en vrouwen;0;2;6;Één jaar na afstuderen;1;Cohort 2002/'03;;;;;;;;;;;;;;;;
6799;Totaal mannen en vrouwen;0;2;6;Één jaar na afstuderen;1;Cohort 2003/'04;;;;;;;;;;;;;;;;
6800;Totaal mannen en vrouwen;0;2;6;Één jaar na afstuderen;2;Cohort 1999/'00;;;;;;;;;;;;;;;;
6801;Totaal mannen en vrouwen;0;2;6;Één jaar na afstuderen;2;Cohort 2000/'01;;;;;;;;;;;;;;;;
6802;Totaal mannen en vrouwen;0;2;6;Één jaar na afstuderen;2;Cohort 2001/'02;0.9;0.9;0.9;0.9;0.9;0.9;;;;;;;;;;
6803;Totaal mannen en vrouwen;0;2;6;Één jaar na afstuderen;2;Cohort 2002/'03;;;;;;;;;;;;;;;;
6804;Totaal mannen en vrouwen;0;2;6;Één jaar na afstuderen;2;Cohort 2003/'04;2.1;;;;;;;;2.1;;;;2.1;;;
6805;Totaal mannen en vrouwen;0;2;6;Één jaar na afstuderen;3;Cohort 1999/'00;;;;;;;;;;;;;;;;
6806;Totaal mannen en vrouwen;0;2;6;Één jaar na afstuderen;3;Cohort 2000/'01;;;;;;;;;;;;;;;;
6807;Totaal mannen en vrouwen;0;2;6;Één jaar na afstuderen;3;Cohort 2001/'02;;;;;;;;;;;;;;;;
6808;Totaal mannen en vrouwen;0;2;6;Één jaar na afstuderen;3;Cohort 2002/'03;1.3;;1.5;;1.5;;;;1.1;;;;1.1;;;
6809;Totaal mannen en vrouwen;0;2;6;Één jaar na afstuderen;3;Cohort 2003/'04;0.0;;0.0;;0.0;;;;;;;;;;;
6810;Totaal mannen en vrouwen;0;2;6;Één jaar na afstuderen;4;Cohort 1999/'00;;;;;;;;;;;;;;;;
6811;Totaal mannen en vrouwen;0;2;6;Één jaar na afstuderen;4;Cohort 2000/'01;;;;;;;;;;;;;;;;
6812;Totaal mannen en vrouwen;0;2;6;Één jaar na afstuderen;4;Cohort 2001/'02;;;;;;;;;;;;;;;;
6813;Totaal mannen en vrouwen;0;2;6;Één jaar na afstuderen;4;Cohort 2002/'03;;;;;;;;;;;;;;;;
6814;Totaal mannen en vrouwen;0;2;6;Één jaar na afstuderen;4;Cohort 2003/'04;;;;;;;;;;;;;;;;
6815;Totaal mannen en vrouwen;0;2;6;Één jaar na afstuderen;5;Cohort 1999/'00;;;;;;;;;;;;;;;;
6816;Totaal mannen en vrouwen;0;2;6;Één jaar na afstuderen;5;Cohort 2000/'01;3.8;3.8;3.8;3.8;3.8;3.8;;;;;;;;;;
6817;Totaal mannen en vrouwen;0;2;6;Één jaar na afstuderen;5;Cohort 2001/'02;;;;;;;;;;;;;;;;
6818;Totaal mannen en vrouwen;0;2;6;Één jaar na afstuderen;5;Cohort 2002/'03;;;;;;;;;;;;;;;;
6819;Totaal mannen en vrouwen;0;2;6;Één jaar na afstuderen;5;Cohort 2003/'04;2.3;2.3;2.3;2.3;2.3;2.3;;;;;;;;;;
6820;Totaal mannen en vrouwen;0;2;6;Één jaar na afstuderen;6;Cohort 1999/'00;1.9;1.9;1.9;1.9;1.9;1.9;;;;;;;;;;
6821;Totaal mannen en vrouwen;0;2;6;Één jaar na afstuderen;6;Cohort 2000/'01;2.6;2.6;2.6;2.6;2.6;2.6;;;;;;;;;;
6822;Totaal mannen en vrouwen;0;2;6;Één jaar na afstuderen;6;Cohort 2001/'02;;;;;;;;;;;;;;;;
6823;Totaal mannen en vrouwen;0;2;6;Één jaar na afstuderen;6;Cohort 2002/'03;3.3;3.3;3.3;3.3;3.3;3.3;;;;;;;;;;
6824;Totaal mannen en vrouwen;0;2;6;Één jaar na afstuderen;6;Cohort 2003/'04;;;;;;;;;;;;;;;;
6825;Totaal mannen en vrouwen;0;2;6;Één jaar na afstuderen;7;Cohort 1999/'00;1.9;1.9;2.0;2.0;2.0;2.0;;;1.6;1.6;;;1.6;1.6;;
6826;Totaal mannen en vrouwen;0;2;6;Één jaar na afstuderen;7;Cohort 2000/'01;1.7;2.2;1.7;2.2;1.7;2.2;;;;;;;;;;
6827;Totaal mannen en vrouwen;0;2;6;Één jaar na afstuderen;7;Cohort 2001/'02;1.5;;;;;;;;1.5;;;;1.5;;;
6828;Totaal mannen en vrouwen;0;2;6;Één jaar na afstuderen;7;Cohort 2002/'03;1.7;;1.7;;1.7;;;;;;;;;;;
6829;Totaal mannen en vrouwen;0;2;6;Één jaar na afstuderen;7;Cohort 2003/'04;;;;;;;;;;;;;;;;
6830;Totaal mannen en vrouwen;0;2;6;Één jaar na afstuderen;8;Cohort 1999/'00;1.5;1.7;1.5;1.7;1.5;1.7;;;;;;;;;;
6831;Totaal mannen en vrouwen;0;2;6;Één jaar na afstuderen;8;Cohort 2000/'01;1.4;;1.4;;1.4;;;;;;;;;;;
6832;Totaal mannen en vrouwen;0;2;6;Één jaar na afstuderen;8;Cohort 2001/'02;1.3;;1.3;;1.3;;;;;;;;;;;
6833;Totaal mannen en vrouwen;0;2;6;Één jaar na afstuderen;8;Cohort 2002/'03;1.3;;1.3;;1.3;;;;;;;;;;;
6834;Totaal mannen en vrouwen;0;2;6;Één jaar na afstuderen;8;Cohort 2003/'04;1.8;2.4;1.8;2.4;1.8;2.4;;;;;;;;;;
6835;Totaal mannen en vrouwen;0;2;6;Één jaar na afstuderen;9;Cohort 1999/'00;;;;;;;;;;;;;;;;
6836;Totaal mannen en vrouwen;0;2;6;Één jaar na afstuderen;9;Cohort 2000/'01;1.9;;1.9;;1.9;;;;;;;;;;;
6837;Totaal mannen en vrouwen;0;2;6;Één jaar na afstuderen;9;Cohort 2001/'02;;;;;;;;;;;;;;;;
6838;Totaal mannen en vrouwen;0;2;6;Één jaar na afstuderen;9;Cohort 2002/'03;;;;;;;;;;;;;;;;
6839;Totaal mannen en vrouwen;0;2;6;Één jaar na afstuderen;9;Cohort 2003/'04;;;;;;;;;;;;;;;;
6840;Totaal mannen en vrouwen;0;2;6;Één jaar na afstuderen;M Onderwijs;Cohort 1999/'00;2.0;2.2;2.1;2.2;2.1;2.2;;;1.3;1.3;;;1.3;1.3;;
6841;Totaal mannen en vrouwen;0;2;6;Één jaar na afstuderen;M Onderwijs;Cohort 2000/'01;2.1;2.2;2.1;2.2;2.1;2.2;;;1.9;;;;1.9;;;
6842;Totaal mannen en vrouwen;0;2;6;Één jaar na afstuderen;M Onderwijs;Cohort 2001/'02;2.1;2.3;2.1;2.3;2.1;2.3;1.5;1.5;1.9;2.7;;;1.9;2.7;;
6843;Totaal mannen en vrouwen;0;2;6;Één jaar na afstuderen;M Onderwijs;Cohort 2002/'03;2.3;2.5;2.3;2.5;2.3;2.5;;;;;;;;;;
6844;Totaal mannen en vrouwen;0;2;6;Één jaar na afstuderen;M Onderwijs;Cohort 2003/'04;2.0;2.3;2.0;2.3;2.0;2.3;;;2.3;;;;2.3;;;
6845;Totaal mannen en vrouwen;0;2;6;Één jaar na afstuderen;N Gezondheids- en welzijnszorg;Cohort 1999/'00;1.5;;1.5;;1.5;;;;;;;;;;;
6846;Totaal mannen en vrouwen;0;2;6;Één jaar na afstuderen;N Gezondheids- en welzijnszorg;Cohort 2000/'01;1.9;2.1;1.9;2.1;1.9;2.1;;;;;;;;;;
6847;Totaal mannen en vrouwen;0;2;6;Één jaar na afstuderen;N Gezondheids- en welzijnszorg;Cohort 2001/'02;;;;;;;;;;;;;;;;
6848;Totaal mannen en vrouwen;0;2;6;Één jaar na afstuderen;N Gezondheids- en welzijnszorg;Cohort 2002/'03;;;;;;;;;;;;;;;;
6849;Totaal mannen en vrouwen;0;2;6;Één jaar na afstuderen;N Gezondheids- en welzijnszorg;Cohort 2003/'04;1.8;;1.8;;1.8;;;;;;;;;;;
6850;Totaal mannen en vrouwen;0;2;6;Één jaar na afstuderen;9000e Milieu, cultuur, recreatie en ..;Cohort 1999/'00;;;;;;;;;;;;;;;;
6851;Totaal mannen en vrouwen;0;2;6;Één jaar na afstuderen;9000e Milieu, cultuur, recreatie en ..;Cohort 2000/'01;;;;;;;;;;;;;;;;
6852;Totaal mannen en vrouwen;0;2;6;Één jaar na afstuderen;9000e Milieu, cultuur, recreatie en ..;Cohort 2001/'02;1.3;1.3;1.3;1.3;1.3;1.3;;;;;;;;;;
6853;Totaal mannen en vrouwen;0;2;6;Één jaar na afstuderen;9000e Milieu, cultuur, recreatie en ..;Cohort 2002/'03;;;;;;;;;;;;;;;;
6854;Totaal mannen en vrouwen;0;2;6;Één jaar na afstuderen;9000e Milieu, cultuur, recreatie en ..;Cohort 2003/'04;1.0;;1.0;;1.0;;;;;;;;;;;
6855;Totaal mannen en vrouwen;0;2;6;Één jaar na afstuderen;Onbekend;Cohort 1999/'00;;;;;;;;;;;;;;;;
6856;Totaal mannen en vrouwen;0;2;6;Één jaar na afstuderen;Onbekend;Cohort 2000/'01;;;;;;;;;;;;;;;;
6857;Totaal mannen en vrouwen;0;2;6;Één jaar na afstuderen;Onbekend;Cohort 2001/'02;;;;;;;;;;;;;;;;
6858;Totaal mannen en vrouwen;0;2;6;Één jaar na afstuderen;Onbekend;Cohort 2002/'03;;;;;;;;;;;;;;;;
6859;Totaal mannen en vrouwen;0;2;6;Één jaar na afstuderen;Onbekend;Cohort 2003/'04;;;;;;;;;;;;;;;;
6860;Totaal mannen en vrouwen;0;2;6;Twee jaar na afstuderen;0;Cohort 1999/'00;2.2;2.3;2.2;2.3;2.2;2.3;;;1.9;1.9;;;1.9;1.9;;
6861;Totaal mannen en vrouwen;0;2;6;Twee jaar na afstuderen;0;Cohort 2000/'01;2.2;2.4;2.2;2.4;2.2;2.4;;;1.9;;;;1.9;;;
6862;Totaal mannen en vrouwen;0;2;6;Twee jaar na afstuderen;0;Cohort 2001/'02;2.1;2.4;2.0;2.3;2.0;2.3;1.6;;2.5;4.1;;;2.5;4.1;;
6863;Totaal mannen en vrouwen;0;2;6;Twee jaar na afstuderen;0;Cohort 2002/'03;2.3;2.6;2.3;2.6;2.3;2.6;;;1.4;;;;1.4;;;
6864;Totaal mannen en vrouwen;0;2;6;Twee jaar na afstuderen;0;Cohort 2003/'04;2.1;2.6;2.2;2.6;2.2;2.6;;;1.4;2.6;;;1.4;2.6;;
6865;Totaal mannen en vrouwen;0;2;6;Twee jaar na afstuderen;1;Cohort 1999/'00;;;;;;;;;;;;;;;;
6866;Totaal mannen en vrouwen;0;2;6;Twee jaar na afstuderen;1;Cohort 2000/'01;;;;;;;;;;;;;;;;
6867;Totaal mannen en vrouwen;0;2;6;Twee jaar na afstuderen;1;Cohort 2001/'02;;;;;;;;;;;;;;;;
6868;Totaal mannen en vrouwen;0;2;6;Twee jaar na afstuderen;1;Cohort 2002/'03;;;;;;;;;;;;;;;;
6869;Totaal mannen en vrouwen;0;2;6;Twee jaar na afstuderen;1;Cohort 2003/'04;;;;;;;;;;;;;;;;
6870;Totaal mannen en vrouwen;0;2;6;Twee jaar na afstuderen;2;Cohort 1999/'00;;;;;;;;;;;;;;;;
6871;Totaal mannen en vrouwen;0;2;6;Twee jaar na afstuderen;2;Cohort 2000/'01;;;;;;;;;;;;;;;;
6872;Totaal mannen en vrouwen;0;2;6;Twee jaar na afstuderen;2;Cohort 2001/'02;;;;;;;;;;;;;;;;
6873;Totaal mannen en vrouwen;0;2;6;Twee jaar na afstuderen;2;Cohort 2002/'03;;;;;;;;;;;;;;;;
6874;Totaal mannen en vrouwen;0;2;6;Twee jaar na afstuderen;2;Cohort 2003/'04;;;;;;;;;;;;;;;;
6875;Totaal mannen en vrouwen;0;2;6;Twee jaar na afstuderen;3;Cohort 1999/'00;2.1;2.1;2.1;2.1;2.1;2.1;;;;;;;;;;
6876;Totaal mannen en vrouwen;0;2;6;Twee jaar na afstuderen;3;Cohort 2000/'01;;;;;;;;;;;;;;;;
6877;Totaal mannen en vrouwen;0;2;6;Twee jaar na afstuderen;3;Cohort 2001/'02;;;;;;;;;;;;;;;;
6878;Totaal mannen en vrouwen;0;2;6;Twee jaar na afstuderen;3;Cohort 2002/'03;1.3;;1.4;;1.4;;;;1.3;;;;1.3;;;
6879;Totaal mannen en vrouwen;0;2;6;Twee jaar na afstuderen;3;Cohort 2003/'04;;;;;;;;;;;;;;;;
6880;Totaal mannen en vrouwen;0;2;6;Twee jaar na afstuderen;4;Cohort 1999/'00;;;;;;;;;;;;;;;;
6881;Totaal mannen en vrouwen;0;2;6;Twee jaar na afstuderen;4;Cohort 2000/'01;;;;;;;;;;;;;;;;
6882;Totaal mannen en vrouwen;0;2;6;Twee jaar na afstuderen;4;Cohort 2001/'02;;;;;;;;;;;;;;;;
6883;Totaal mannen en vrouwen;0;2;6;Twee jaar na afstuderen;4;Cohort 2002/'03;;;;;;;;;;;;;;;;
6884;Totaal mannen en vrouwen;0;2;6;Twee jaar na afstuderen;4;Cohort 2003/'04;;;;;;;;;;;;;;;;
6885;Totaal mannen en vrouwen;0;2;6;Twee jaar na afstuderen;5;Cohort 1999/'00;;;;;;;;;;;;;;;;
6886;Totaal mannen en vrouwen;0;2;6;Twee jaar na afstuderen;5;Cohort 2000/'01;;;;;;;;;;;;;;;;
6887;Totaal mannen en vrouwen;0;2;6;Twee jaar na afstuderen;5;Cohort 2001/'02;;;;;;;;;;;;;;;;
6888;Totaal mannen en vrouwen;0;2;6;Twee jaar na afstuderen;5;Cohort 2002/'03;;;;;;;;;;;;;;;;
6889;Totaal mannen en vrouwen;0;2;6;Twee jaar na afstuderen;5;Cohort 2003/'04;3.1;3.1;3.1;3.1;3.1;3.1;;;;;;;;;;
6890;Totaal mannen en vrouwen;0;2;6;Twee jaar na afstuderen;6;Cohort 1999/'00;2.1;2.1;2.1;2.1;2.1;2.1;;;;;;;;;;
6891;Totaal mannen en vrouwen;0;2;6;Twee jaar na afstuderen;6;Cohort 2000/'01;2.7;2.7;2.7;2.7;2.7;2.7;;;;;;;;;;
6892;Totaal mannen en vrouwen;0;2;6;Twee jaar na afstuderen;6;Cohort 2001/'02;;;;;;;;;;;;;;;;
6893;Totaal mannen en vrouwen;0;2;6;Twee jaar na afstuderen;6;Cohort 2002/'03;4.7;4.7;4.7;4.7;4.7;4.7;;;;;;;;;;
6894;Totaal mannen en vrouwen;0;2;6;Twee jaar na afstuderen;6;Cohort 2003/'04;;;;;;;;;;;;;;;;
6895;Totaal mannen en vrouwen;0;2;6;Twee jaar na afstuderen;7;Cohort 1999/'00;2.3;2.4;2.4;2.5;2.4;2.5;;;2.2;2.2;;;2.2;2.2;;
6896;Totaal mannen en vrouwen;0;2;6;Twee jaar na afstuderen;7;Cohort 2000/'01;2.5;2.5;2.5;2.5;2.5;2.5;;;;;;;;;;
6897;Totaal mannen en vrouwen;0;2;6;Twee jaar na afstuderen;7;Cohort 2001/'02;2.2;;;;;;;;2.2;;;;2.2;;;
6898;Totaal mannen en vrouwen;0;2;6;Twee jaar na afstuderen;7;Cohort 2002/'03;1.9;;1.9;;1.9;;;;;;;;;;;
6899;Totaal mannen en vrouwen;0;2;6;Twee jaar na afstuderen;7;Cohort 2003/'04;;;;;;;;;;;;;;;;
6900;Totaal mannen en vrouwen;0;2;6;Twee jaar na afstuderen;8;Cohort 1999/'00;1.9;;1.9;;1.9;;;;;;;;;;;
6901;Totaal mannen en vrouwen;0;2;6;Twee jaar na afstuderen;8;Cohort 2000/'01;;;;;;;;;;;;;;;;
6902;Totaal mannen en vrouwen;0;2;6;Twee jaar na afstuderen;8;Cohort 2001/'02;0.9;;0.9;;0.9;;;;;;;;;;;
6903;Totaal mannen en vrouwen;0;2;6;Twee jaar na afstuderen;8;Cohort 2002/'03;1.4;1.3;1.4;1.3;1.4;1.3;;;;;;;;;;
6904;Totaal mannen en vrouwen;0;2;6;Twee jaar na afstuderen;8;Cohort 2003/'04;0.6;;0.9;;0.9;;;;0.2;;;;0.2;;;
6905;Totaal mannen en vrouwen;0;2;6;Twee jaar na afstuderen;9;Cohort 1999/'00;1.7;1.7;1.7;1.7;1.7;1.7;;;;;;;;;;
6906;Totaal mannen en vrouwen;0;2;6;Twee jaar na afstuderen;9;Cohort 2000/'01;2.1;;2.1;;2.1;;;;;;;;;;;
6907;Totaal mannen en vrouwen;0;2;6;Twee jaar na afstuderen;9;Cohort 2001/'02;1.7;1.7;1.7;1.7;1.7;1.7;;;;;;;;;;
6908;Totaal mannen en vrouwen;0;2;6;Twee jaar na afstuderen;9;Cohort 2002/'03;;;;;;;;;;;;;;;;
6909;Totaal mannen en vrouwen;0;2;6;Twee jaar na afstuderen;9;Cohort 2003/'04;;;;;;;;;;;;;;;;
6910;Totaal mannen en vrouwen;0;2;6;Twee jaar na afstuderen;M Onderwijs;Cohort 1999/'00;2.2;2.3;2.2;2.4;2.2;2.4;;;1.7;1.7;;;1.7;1.7;;
6911;Totaal mannen en vrouwen;0;2;6;Twee jaar na afstuderen;M Onderwijs;Cohort 2000/'01;2.2;2.4;2.2;2.4;2.2;2.4;;;1.9;;;;1.9;;;
6912;Totaal mannen en vrouwen;0;2;6;Twee jaar na afstuderen;M Onderwijs;Cohort 2001/'02;2.2;2.5;2.2;2.4;2.2;2.4;1.6;;2.6;4.1;;;2.6;4.1;;
6913;Totaal mannen en vrouwen;0;2;6;Twee jaar na afstuderen;M Onderwijs;Cohort 2002/'03;2.4;2.6;2.4;2.6;2.4;2.6;;;1.6;;;;1.6;;;
6914;Totaal mannen en vrouwen;0;2;6;Twee jaar na afstuderen;M Onderwijs;Cohort 2003/'04;2.2;2.6;2.2;2.6;2.2;2.6;;;2.6;2.6;;;2.6;2.6;;
6915;Totaal mannen en vrouwen;0;2;6;Twee jaar na afstuderen;N Gezondheids- en welzijnszorg;Cohort 1999/'00;2.5;2.9;2.5;2.9;2.5;2.9;;;;;;;;;;
6916;Totaal mannen en vrouwen;0;2;6;Twee jaar na afstuderen;N Gezondheids- en welzijnszorg;Cohort 2000/'01;1.9;2.4;1.9;2.4;1.9;2.4;;;;;;;;;;
6917;Totaal mannen en vrouwen;0;2;6;Twee jaar na afstuderen;N Gezondheids- en welzijnszorg;Cohort 2001/'02;;;;;;;;;;;;;;;;
6918;Totaal mannen en vrouwen;0;2;6;Twee jaar na afstuderen;N Gezondheids- en welzijnszorg;Cohort 2002/'03;;;;;;;;;;;;;;;;
6919;Totaal mannen en vrouwen;0;2;6;Twee jaar na afstuderen;N Gezondheids- en welzijnszorg;Cohort 2003/'04;2.6;2.6;2.6;2.6;2.6;2.6;;;;;;;;;;
6920;Totaal mannen en vrouwen;0;2;6;Twee jaar na afstuderen;9000e Milieu, cultuur, recreatie en ..;Cohort 1999/'00;;;;;;;;;;;;;;;;
6921;Totaal mannen en vrouwen;0;2;6;Twee jaar na afstuderen;9000e Milieu, cultuur, recreatie en ..;Cohort 2000/'01;;;;;;;;;;;;;;;;
6922;Totaal mannen en vrouwen;0;2;6;Twee jaar na afstuderen;9000e Milieu, cultuur, recreatie en ..;Cohort 2001/'02;0.9;;0.9;;0.9;;;;;;;;;;;
6923;Totaal mannen en vrouwen;0;2;6;Twee jaar na afstuderen;9000e Milieu, cultuur, recreatie en ..;Cohort 2002/'03;;;;;;;;;;;;;;;;
6924;Totaal mannen en vrouwen;0;2;6;Twee jaar na afstuderen;9000e Milieu, cultuur, recreatie en ..;Cohort 2003/'04;1.3;;1.3;;1.3;;;;;;;;;;;
6925;Totaal mannen en vrouwen;0;2;6;Twee jaar na afstuderen;Onbekend;Cohort 1999/'00;;;;;;;;;;;;;;;;
6926;Totaal mannen en vrouwen;0;2;6;Twee jaar na afstuderen;Onbekend;Cohort 2000/'01;;;;;;;;;;;;;;;;
6927;Totaal mannen en vrouwen;0;2;6;Twee jaar na afstuderen;Onbekend;Cohort 2001/'02;;;;;;;;;;;;;;;;
6928;Totaal mannen en vrouwen;0;2;6;Twee jaar na afstuderen;Onbekend;Cohort 2002/'03;;;;;;;;;;;;;;;;
6929;Totaal mannen en vrouwen;0;2;6;Twee jaar na afstuderen;Onbekend;Cohort 2003/'04;;;;;;;;;;;;;;;;
6930;Totaal mannen en vrouwen;0;2;6;Drie jaar na afstuderen;0;Cohort 1999/'00;2.2;2.5;2.2;2.5;2.2;2.5;;;2.4;2.4;;;2.4;2.4;;
6931;Totaal mannen en vrouwen;0;2;6;Drie jaar na afstuderen;0;Cohort 2000/'01;2.3;2.6;2.3;2.6;2.3;2.6;;;1.8;;;;1.8;;;
6932;Totaal mannen en vrouwen;0;2;6;Drie jaar na afstuderen;0;Cohort 2001/'02;2.2;2.5;2.2;2.5;2.2;2.5;2.4;2.4;2.2;3.2;;;2.2;3.2;;
6933;Totaal mannen en vrouwen;0;2;6;Drie jaar na afstuderen;0;Cohort 2002/'03;2.4;2.8;2.4;2.8;2.4;2.8;;;2.0;;;;2.0;;;
6934;Totaal mannen en vrouwen;0;2;6;Drie jaar na afstuderen;0;Cohort 2003/'04;2.3;2.8;2.3;2.7;2.3;2.7;;;3.2;4.2;;;3.2;4.2;;
6935;Totaal mannen en vrouwen;0;2;6;Drie jaar na afstuderen;1;Cohort 1999/'00;;;;;;;;;;;;;;;;
6936;Totaal mannen en vrouwen;0;2;6;Drie jaar na afstuderen;1;Cohort 2000/'01;;;;;;;;;;;;;;;;
6937;Totaal mannen en vrouwen;0;2;6;Drie jaar na afstuderen;1;Cohort 2001/'02;;;;;;;;;;;;;;;;
6938;Totaal mannen en vrouwen;0;2;6;Drie jaar na afstuderen;1;Cohort 2002/'03;;;;;;;;;;;;;;;;
6939;Totaal mannen en vrouwen;0;2;6;Drie jaar na afstuderen;1;Cohort 2003/'04;;;;;;;;;;;;;;;;
6940;Totaal mannen en vrouwen;0;2;6;Drie jaar na afstuderen;2;Cohort 1999/'00;;;;;;;;;;;;;;;;
6941;Totaal mannen en vrouwen;0;2;6;Drie jaar na afstuderen;2;Cohort 2000/'01;;;;;;;;;;;;;;;;
6942;Totaal mannen en vrouwen;0;2;6;Drie jaar na afstuderen;2;Cohort 2001/'02;1.8;1.8;1.8;1.8;1.8;1.8;;;;;;;;;;
6943;Totaal mannen en vrouwen;0;2;6;Drie jaar na afstuderen;2;Cohort 2002/'03;;;;;;;;;;;;;;;;
6944;Totaal mannen en vrouwen;0;2;6;Drie jaar na afstuderen;2;Cohort 2003/'04;2.8;2.8;;;;;;;2.8;2.8;;;2.8;2.8;;
6945;Totaal mannen en vrouwen;0;2;6;Drie jaar na afstuderen;3;Cohort 1999/'00;2.0;2.0;2.0;2.0;2.0;2.0;;;;;;;;;;
6946;Totaal mannen en vrouwen;0;2;6;Drie jaar na afstuderen;3;Cohort 2000/'01;;;;;;;;;;;;;;;;
6947;Totaal mannen en vrouwen;0;2;6;Drie jaar na afstuderen;3;Cohort 2001/'02;;;;;;;;;;;;;;;;
6948;Totaal mannen en vrouwen;0;2;6;Drie jaar na afstuderen;3;Cohort 2002/'03;1.2;;1.2;;1.2;;;;;;;;;;;
6949;Totaal mannen en vrouwen;0;2;6;Drie jaar na afstuderen;3;Cohort 2003/'04;;;;;;;;;;;;;;;;
6950;Totaal mannen en vrouwen;0;2;6;Drie jaar na afstuderen;4;Cohort 1999/'00;;;;;;;;;;;;;;;;
6951;Totaal mannen en vrouwen;0;2;6;Drie jaar na afstuderen;4;Cohort 2000/'01;;;;;;;;;;;;;;;;
6952;Totaal mannen en vrouwen;0;2;6;Drie jaar na afstuderen;4;Cohort 2001/'02;;;;;;;;;;;;;;;;
6953;Totaal mannen en vrouwen;0;2;6;Drie jaar na afstuderen;4;Cohort 2002/'03;;;;;;;;;;;;;;;;
6954;Totaal mannen en vrouwen;0;2;6;Drie jaar na afstuderen;4;Cohort 2003/'04;;;;;;;;;;;;;;;;
6955;Totaal mannen en vrouwen;0;2;6;Drie jaar na afstuderen;5;Cohort 1999/'00;1.1;;1.1;;1.1;;;;;;;;;;;
6956;Totaal mannen en vrouwen;0;2;6;Drie jaar na afstuderen;5;Cohort 2000/'01;;;;;;;;;;;;;;;;
6957;Totaal mannen en vrouwen;0;2;6;Drie jaar na afstuderen;5;Cohort 2001/'02;;;;;;;;;;;;;;;;
6958;Totaal mannen en vrouwen;0;2;6;Drie jaar na afstuderen;5;Cohort 2002/'03;;;;;;;;;;;;;;;;
6959;Totaal mannen en vrouwen;0;2;6;Drie jaar na afstuderen;5;Cohort 2003/'04;3.5;3.5;3.5;3.5;3.5;3.5;;;;;;;;;;
6960;Totaal mannen en vrouwen;0;2;6;Drie jaar na afstuderen;6;Cohort 1999/'00;2.3;2.3;2.3;2.3;2.3;2.3;;;;;;;;;;
6961;Totaal mannen en vrouwen;0;2;6;Drie jaar na afstuderen;6;Cohort 2000/'01;2.7;2.7;2.7;2.7;2.7;2.7;;;;;;;;;;
6962;Totaal mannen en vrouwen;0;2;6;Drie jaar na afstuderen;6;Cohort 2001/'02;;;;;;;;;;;;;;;;
6963;Totaal mannen en vrouwen;0;2;6;Drie jaar na afstuderen;6;Cohort 2002/'03;5.2;5.2;5.2;5.2;5.2;5.2;;;;;;;;;;
6964;Totaal mannen en vrouwen;0;2;6;Drie jaar na afstuderen;6;Cohort 2003/'04;;;;;;;;;;;;;;;;
6965;Totaal mannen en vrouwen;0;2;6;Drie jaar na afstuderen;7;Cohort 1999/'00;1.8;;1.8;;1.8;;;;;;;;;;;
6966;Totaal mannen en vrouwen;0;2;6;Drie jaar na afstuderen;7;Cohort 2000/'01;2.9;2.9;2.9;2.9;2.9;2.9;;;;;;;;;;
6967;Totaal mannen en vrouwen;0;2;6;Drie jaar na afstuderen;7;Cohort 2001/'02;2.4;2.6;2.6;2.6;2.6;2.6;;;2.2;;;;2.2;;;
6968;Totaal mannen en vrouwen;0;2;6;Drie jaar na afstuderen;7;Cohort 2002/'03;1.7;1.6;1.6;1.6;1.6;1.6;;;1.9;;;;1.9;;;
6969;Totaal mannen en vrouwen;0;2;6;Drie jaar na afstuderen;7;Cohort 2003/'04;1.4;;;;;;;;1.4;;;;1.4;;;
6970;Totaal mannen en vrouwen;0;2;6;Drie jaar na afstuderen;8;Cohort 1999/'00;1.9;;1.9;;1.9;;;;;;;;;;;
6971;Totaal mannen en vrouwen;0;2;6;Drie jaar na afstuderen;8;Cohort 2000/'01;;;;;;;;;;;;;;;;
6972;Totaal mannen en vrouwen;0;2;6;Drie jaar na afstuderen;8;Cohort 2001/'02;1.9;;1.9;;1.9;;;;;;;;;;;
6973;Totaal mannen en vrouwen;0;2;6;Drie jaar na afstuderen;8;Cohort 2002/'03;1.8;;1.8;;1.8;;;;;;;;;;;
6974;Totaal mannen en vrouwen;0;2;6;Drie jaar na afstuderen;8;Cohort 2003/'04;3.0;3.0;3.0;3.0;3.0;3.0;;;;;;;;;;
6975;Totaal mannen en vrouwen;0;2;6;Drie jaar na afstuderen;9;Cohort 1999/'00;1.8;1.8;1.8;1.8;1.8;1.8;;;;;;;;;;
6976;Totaal mannen en vrouwen;0;2;6;Drie jaar na afstuderen;9;Cohort 2000/'01;2.0;;2.0;;2.0;;;;;;;;;;;
6977;Totaal mannen en vrouwen;0;2;6;Drie jaar na afstuderen;9;Cohort 2001/'02;1.9;1.9;1.9;1.9;1.9;1.9;;;;;;;;;;
6978;Totaal mannen en vrouwen;0;2;6;Drie jaar na afstuderen;9;Cohort 2002/'03;5.4;5.4;5.4;5.4;5.4;5.4;;;;;;;;;;
6979;Totaal mannen en vrouwen;0;2;6;Drie jaar na afstuderen;9;Cohort 2003/'04;;;;;;;;;;;;;;;;
6980;Totaal mannen en vrouwen;0;2;6;Drie jaar na afstuderen;M Onderwijs;Cohort 1999/'00;2.2;2.5;2.2;2.5;2.2;2.5;;;;;;;;;;
6981;Totaal mannen en vrouwen;0;2;6;Drie jaar na afstuderen;M Onderwijs;Cohort 2000/'01;2.3;2.5;2.4;2.5;2.4;2.5;;;1.8;;;;1.8;;;
6982;Totaal mannen en vrouwen;0;2;6;Drie jaar na afstuderen;M Onderwijs;Cohort 2001/'02;2.3;2.6;2.3;2.6;2.3;2.6;2.4;2.4;2.2;3.2;;;2.2;3.2;;
6983;Totaal mannen en vrouwen;0;2;6;Drie jaar na afstuderen;M Onderwijs;Cohort 2002/'03;2.4;2.6;2.4;2.6;2.4;2.6;;;2.1;;;;2.1;;;
6984;Totaal mannen en vrouwen;0;2;6;Drie jaar na afstuderen;M Onderwijs;Cohort 2003/'04;2.4;2.7;2.3;2.6;2.3;2.6;;;5.5;5.5;;;5.5;5.5;;
6985;Totaal mannen en vrouwen;0;2;6;Drie jaar na afstuderen;N Gezondheids- en welzijnszorg;Cohort 1999/'00;3.3;3.3;3.7;3.7;3.7;3.7;;;2.4;2.4;;;2.4;2.4;;
6986;Totaal mannen en vrouwen;0;2;6;Drie jaar na afstuderen;N Gezondheids- en welzijnszorg;Cohort 2000/'01;2.1;2.7;2.1;2.7;2.1;2.7;;;;;;;;;;
6987;Totaal mannen en vrouwen;0;2;6;Drie jaar na afstuderen;N Gezondheids- en welzijnszorg;Cohort 2001/'02;;;;;;;;;;;;;;;;
6988;Totaal mannen en vrouwen;0;2;6;Drie jaar na afstuderen;N Gezondheids- en welzijnszorg;Cohort 2002/'03;;;;;;;;;;;;;;;;
6989;Totaal mannen en vrouwen;0;2;6;Drie jaar na afstuderen;N Gezondheids- en welzijnszorg;Cohort 2003/'04;1.7;;1.7;;1.7;;;;;;;;;;;
6990;Totaal mannen en vrouwen;0;2;6;Drie jaar na afstuderen;9000e Milieu, cultuur, recreatie en ..;Cohort 1999/'00;;;;;;;;;;;;;;;;
6991;Totaal mannen en vrouwen;0;2;6;Drie jaar na afstuderen;9000e Milieu, cultuur, recreatie en ..;Cohort 2000/'01;;;;;;;;;;;;;;;;
6992;Totaal mannen en vrouwen;0;2;6;Drie jaar na afstuderen;9000e Milieu, cultuur, recreatie en ..;Cohort 2001/'02;1.0;;1.0;;1.0;;;;;;;;;;;
6993;Totaal mannen en vrouwen;0;2;6;Drie jaar na afstuderen;9000e Milieu, cultuur, recreatie en ..;Cohort 2002/'03;;;;;;;;;;;;;;;;
6994;Totaal mannen en vrouwen;0;2;6;Drie jaar na afstuderen;9000e Milieu, cultuur, recreatie en ..;Cohort 2003/'04;0.7;;0.7;;0.7;;;;;;;;;;;
6995;Totaal mannen en vrouwen;0;2;6;Drie jaar na afstuderen;Onbekend;Cohort 1999/'00;;;;;;;;;;;;;;;;
6996;Totaal mannen en vrouwen;0;2;6;Drie jaar na afstuderen;Onbekend;Cohort 2000/'01;;;;;;;;;;;;;;;;
6997;Totaal mannen en vrouwen;0;2;6;Drie jaar na afstuderen;Onbekend;Cohort 2001/'02;;;;;;;;;;;;;;;;
6998;Totaal mannen en vrouwen;0;2;6;Drie jaar na afstuderen;Onbekend;Cohort 2002/'03;;;;;;;;;;;;;;;;
6999;Totaal mannen en vrouwen;0;2;6;Drie jaar na afstuderen;Onbekend;Cohort 2003/'04;;;;;;;;;;;;;;;;
7000;Totaal mannen en vrouwen;0;2;6;Vier jaar na afstuderen;0;Cohort 1999/'00;2.3;2.6;2.3;2.6;2.3;2.6;;;2.7;2.7;;;2.7;2.7;;
7001;Totaal mannen en vrouwen;0;2;6;Vier jaar na afstuderen;0;Cohort 2000/'01;2.3;2.6;2.4;2.6;2.4;2.6;;;1.6;;;;1.6;;;
7002;Totaal mannen en vrouwen;0;2;6;Vier jaar na afstuderen;0;Cohort 2001/'02;2.2;2.7;2.2;2.6;2.2;2.6;2.4;;2.5;3.0;;;2.5;3.0;;
7003;Totaal mannen en vrouwen;0;2;6;Vier jaar na afstuderen;0;Cohort 2002/'03;2.5;2.7;2.5;2.7;2.5;2.7;;;2.5;2.8;;;2.5;2.8;;
7004;Totaal mannen en vrouwen;0;2;6;Vier jaar na afstuderen;0;Cohort 2003/'04;2.4;2.8;2.4;2.8;2.4;2.8;;;2.8;3.1;;;2.8;3.1;;
7005;Totaal mannen en vrouwen;0;2;6;Vier jaar na afstuderen;1;Cohort 1999/'00;;;;;;;;;;;;;;;;
7006;Totaal mannen en vrouwen;0;2;6;Vier jaar na afstuderen;1;Cohort 2000/'01;;;;;;;;;;;;;;;;
7007;Totaal mannen en vrouwen;0;2;6;Vier jaar na afstuderen;1;Cohort 2001/'02;;;;;;;;;;;;;;;;
7008;Totaal mannen en vrouwen;0;2;6;Vier jaar na afstuderen;1;Cohort 2002/'03;;;;;;;;;;;;;;;;
7009;Totaal mannen en vrouwen;0;2;6;Vier jaar na afstuderen;1;Cohort 2003/'04;;;;;;;;;;;;;;;;
7010;Totaal mannen en vrouwen;0;2;6;Vier jaar na afstuderen;2;Cohort 1999/'00;1.8;1.8;1.8;1.8;1.8;1.8;;;;;;;;;;
7011;Totaal mannen en vrouwen;0;2;6;Vier jaar na afstuderen;2;Cohort 2000/'01;1.4;1.4;1.4;1.4;1.4;1.4;;;;;;;;;;
7012;Totaal mannen en vrouwen;0;2;6;Vier jaar na afstuderen;2;Cohort 2001/'02;;;;;;;;;;;;;;;;
7013;Totaal mannen en vrouwen;0;2;6;Vier jaar na afstuderen;2;Cohort 2002/'03;2.7;;2.7;;2.7;;;;;;;;;;;
7014;Totaal mannen en vrouwen;0;2;6;Vier jaar na afstuderen;2;Cohort 2003/'04;3.3;3.3;;;;;;;3.3;3.3;;;3.3;3.3;;
7015;Totaal mannen en vrouwen;0;2;6;Vier jaar na afstuderen;3;Cohort 1999/'00;;;;;;;;;;;;;;;;
7016;Totaal mannen en vrouwen;0;2;6;Vier jaar na afstuderen;3;Cohort 2000/'01;;;;;;;;;;;;;;;;
7017;Totaal mannen en vrouwen;0;2;6;Vier jaar na afstuderen;3;Cohort 2001/'02;;;;;;;;;;;;;;;;
7018;Totaal mannen en vrouwen;0;2;6;Vier jaar na afstuderen;3;Cohort 2002/'03;;;;;;;;;;;;;;;;
7019;Totaal mannen en vrouwen;0;2;6;Vier jaar na afstuderen;3;Cohort 2003/'04;;;;;;;;;;;;;;;;
7020;Totaal mannen en vrouwen;0;2;6;Vier jaar na afstuderen;4;Cohort 1999/'00;;;;;;;;;;;;;;;;
7021;Totaal mannen en vrouwen;0;2;6;Vier jaar na afstuderen;4;Cohort 2000/'01;;;;;;;;;;;;;;;;
7022;Totaal mannen en vrouwen;0;2;6;Vier jaar na afstuderen;4;Cohort 2001/'02;;;;;;;;;;;;;;;;
7023;Totaal mannen en vrouwen;0;2;6;Vier jaar na afstuderen;4;Cohort 2002/'03;;;;;;;;;;;;;;;;
7024;Totaal mannen en vrouwen;0;2;6;Vier jaar na afstuderen;4;Cohort 2003/'04;;;;;;;;;;;;;;;;
7025;Totaal mannen en vrouwen;0;2;6;Vier jaar na afstuderen;5;Cohort 1999/'00;1.2;;1.2;;1.2;;;;;;;;;;;
7026;Totaal mannen en vrouwen;0;2;6;Vier jaar na afstuderen;5;Cohort 2000/'01;;;;;;;;;;;;;;;;
7027;Totaal mannen en vrouwen;0;2;6;Vier jaar na afstuderen;5;Cohort 2001/'02;;;;;;;;;;;;;;;;
7028;Totaal mannen en vrouwen;0;2;6;Vier jaar na afstuderen;5;Cohort 2002/'03;;;;;;;;;;;;;;;;
7029;Totaal mannen en vrouwen;0;2;6;Vier jaar na afstuderen;5;Cohort 2003/'04;3.5;3.5;3.5;3.5;3.5;3.5;;;;;;;;;;
7030;Totaal mannen en vrouwen;0;2;6;Vier jaar na afstuderen;6;Cohort 1999/'00;2.5;2.5;2.5;2.5;2.5;2.5;;;;;;;;;;
7031;Totaal mannen en vrouwen;0;2;6;Vier jaar na afstuderen;6;Cohort 2000/'01;;;;;;;;;;;;;;;;
7032;Totaal mannen en vrouwen;0;2;6;Vier jaar na afstuderen;6;Cohort 2001/'02;;;;;;;;;;;;;;;;
7033;Totaal mannen en vrouwen;0;2;6;Vier jaar na afstuderen;6;Cohort 2002/'03;3.8;2.4;3.8;2.4;3.8;2.4;;;;;;;;;;
7034;Totaal mannen en vrouwen;0;2;6;Vier jaar na afstuderen;6;Cohort 2003/'04;;;;;;;;;;;;;;;;
7035;Totaal mannen en vrouwen;0;2;6;Vier jaar na afstuderen;7;Cohort 1999/'00;;;;;;;;;;;;;;;;
7036;Totaal mannen en vrouwen;0;2;6;Vier jaar na afstuderen;7;Cohort 2000/'01;2.8;2.8;2.8;2.8;2.8;2.8;;;;;;;;;;
7037;Totaal mannen en vrouwen;0;2;6;Vier jaar na afstuderen;7;Cohort 2001/'02;3.0;3.0;;;;;;;3.0;3.0;;;3.0;3.0;;
7038;Totaal mannen en vrouwen;0;2;6;Vier jaar na afstuderen;7;Cohort 2002/'03;2.2;2.5;1.9;2.2;1.9;2.2;;;2.8;2.8;;;2.8;2.8;;
7039;Totaal mannen en vrouwen;0;2;6;Vier jaar na afstuderen;7;Cohort 2003/'04;2.3;;;;;;;;2.3;;;;2.3;;;
7040;Totaal mannen en vrouwen;0;2;6;Vier jaar na afstuderen;8;Cohort 1999/'00;;;;;;;;;;;;;;;;
7041;Totaal mannen en vrouwen;0;2;6;Vier jaar na afstuderen;8;Cohort 2000/'01;2.0;2.1;2.0;2.1;2.0;2.1;;;;;;;;;;
7042;Totaal mannen en vrouwen;0;2;6;Vier jaar na afstuderen;8;Cohort 2001/'02;2.2;;2.2;;2.2;;;;;;;;;;;
7043;Totaal mannen en vrouwen;0;2;6;Vier jaar na afstuderen;8;Cohort 2002/'03;2.0;;2.0;;2.0;;;;;;;;;;;
7044;Totaal mannen en vrouwen;0;2;6;Vier jaar na afstuderen;8;Cohort 2003/'04;3.3;3.3;3.3;3.3;3.3;3.3;;;;;;;;;;
7045;Totaal mannen en vrouwen;0;2;6;Vier jaar na afstuderen;9;Cohort 1999/'00;2.0;2.0;2.0;2.0;2.0;2.0;;;;;;;;;;
7046;Totaal mannen en vrouwen;0;2;6;Vier jaar na afstuderen;9;Cohort 2000/'01;;;;;;;;;;;;;;;;
7047;Totaal mannen en vrouwen;0;2;6;Vier jaar na afstuderen;9;Cohort 2001/'02;2.8;2.8;2.8;2.8;2.8;2.8;;;;;;;;;;
7048;Totaal mannen en vrouwen;0;2;6;Vier jaar na afstuderen;9;Cohort 2002/'03;;;;;;;;;;;;;;;;
7049;Totaal mannen en vrouwen;0;2;6;Vier jaar na afstuderen;9;Cohort 2003/'04;;;;;;;;;;;;;;;;
7050;Totaal mannen en vrouwen;0;2;6;Vier jaar na afstuderen;M Onderwijs;Cohort 1999/'00;2.4;2.7;2.4;2.7;2.4;2.7;;;;;;;;;;
7051;Totaal mannen en vrouwen;0;2;6;Vier jaar na afstuderen;M Onderwijs;Cohort 2000/'01;2.3;2.6;2.4;2.6;2.4;2.6;;;1.6;;;;1.6;;;
7052;Totaal mannen en vrouwen;0;2;6;Vier jaar na afstuderen;M Onderwijs;Cohort 2001/'02;2.3;2.6;2.3;2.6;2.3;2.6;2.4;;2.2;3.1;;;2.2;3.1;;
7053;Totaal mannen en vrouwen;0;2;6;Vier jaar na afstuderen;M Onderwijs;Cohort 2002/'03;2.4;2.7;2.4;2.7;2.4;2.7;;;2.3;;;;2.3;;;
7054;Totaal mannen en vrouwen;0;2;6;Vier jaar na afstuderen;M Onderwijs;Cohort 2003/'04;2.4;2.7;2.4;2.7;2.4;2.7;;;2.9;2.9;;;2.9;2.9;;
7055;Totaal mannen en vrouwen;0;2;6;Vier jaar na afstuderen;N Gezondheids- en welzijnszorg;Cohort 1999/'00;2.6;2.6;2.5;2.5;2.5;2.5;;;2.7;2.7;;;2.7;2.7;;
7056;Totaal mannen en vrouwen;0;2;6;Vier jaar na afstuderen;N Gezondheids- en welzijnszorg;Cohort 2000/'01;2.9;3.4;2.9;3.4;2.9;3.4;;;;;;;;;;
7057;Totaal mannen en vrouwen;0;2;6;Vier jaar na afstuderen;N Gezondheids- en welzijnszorg;Cohort 2001/'02;1.5;;1.5;;1.5;;;;;;;;;;;
7058;Totaal mannen en vrouwen;0;2;6;Vier jaar na afstuderen;N Gezondheids- en welzijnszorg;Cohort 2002/'03;;;;;;;;;;;;;;;;
7059;Totaal mannen en vrouwen;0;2;6;Vier jaar na afstuderen;N Gezondheids- en welzijnszorg;Cohort 2003/'04;2.1;;2.1;;2.1;;;;;;;;;;;
7060;Totaal mannen en vrouwen;0;2;6;Vier jaar na afstuderen;9000e Milieu, cultuur, recreatie en ..;Cohort 1999/'00;;;;;;;;;;;;;;;;
7061;Totaal mannen en vrouwen;0;2;6;Vier jaar na afstuderen;9000e Milieu, cultuur, recreatie en ..;Cohort 2000/'01;;;;;;;;;;;;;;;;
7062;Totaal mannen en vrouwen;0;2;6;Vier jaar na afstuderen;9000e Milieu, cultuur, recreatie en ..;Cohort 2001/'02;0.9;;0.9;;0.9;;;;;;;;;;;
7063;Totaal mannen en vrouwen;0;2;6;Vier jaar na afstuderen;9000e Milieu, cultuur, recreatie en ..;Cohort 2002/'03;;;;;;;;;;;;;;;;
7064;Totaal mannen en vrouwen;0;2;6;Vier jaar na afstuderen;9000e Milieu, cultuur, recreatie en ..;Cohort 2003/'04;1.4;;1.4;;1.4;;;;;;;;;;;
7065;Totaal mannen en vrouwen;0;2;6;Vier jaar na afstuderen;Onbekend;Cohort 1999/'00;;;;;;;;;;;;;;;;
7066;Totaal mannen en vrouwen;0;2;6;Vier jaar na afstuderen;Onbekend;Cohort 2000/'01;;;;;;;;;;;;;;;;
7067;Totaal mannen en vrouwen;0;2;6;Vier jaar na afstuderen;Onbekend;Cohort 2001/'02;;;;;;;;;;;;;;;;
7068;Totaal mannen en vrouwen;0;2;6;Vier jaar na afstuderen;Onbekend;Cohort 2002/'03;;;;;;;;;;;;;;;;
7069;Totaal mannen en vrouwen;0;2;6;Vier jaar na afstuderen;Onbekend;Cohort 2003/'04;;;;;;;;;;;;;;;;
7070;Totaal mannen en vrouwen;0;2;6;Vijf jaar na afstuderen;0;Cohort 1999/'00;2.4;2.6;2.4;2.6;2.4;2.6;;;2.6;2.7;;;2.6;2.7;;
7071;Totaal mannen en vrouwen;0;2;6;Vijf jaar na afstuderen;0;Cohort 2000/'01;2.4;2.8;2.4;2.8;2.4;2.8;;;2.0;;;;2.0;;;
7072;Totaal mannen en vrouwen;0;2;6;Vijf jaar na afstuderen;0;Cohort 2001/'02;2.4;2.7;2.3;2.7;2.3;2.7;2.3;;2.7;3.2;;;2.7;3.2;;
7073;Totaal mannen en vrouwen;0;2;6;Vijf jaar na afstuderen;0;Cohort 2002/'03;2.6;2.9;2.7;2.9;2.7;2.9;;;2.2;;;;2.2;;;
7074;Totaal mannen en vrouwen;0;2;6;Vijf jaar na afstuderen;0;Cohort 2003/'04;;;;;;;;;;;;;;;;
7075;Totaal mannen en vrouwen;0;2;6;Vijf jaar na afstuderen;1;Cohort 1999/'00;;;;;;;;;;;;;;;;
7076;Totaal mannen en vrouwen;0;2;6;Vijf jaar na afstuderen;1;Cohort 2000/'01;;;;;;;;;;;;;;;;
7077;Totaal mannen en vrouwen;0;2;6;Vijf jaar na afstuderen;1;Cohort 2001/'02;;;;;;;;;;;;;;;;
7078;Totaal mannen en vrouwen;0;2;6;Vijf jaar na afstuderen;1;Cohort 2002/'03;;;;;;;;;;;;;;;;
7079;Totaal mannen en vrouwen;0;2;6;Vijf jaar na afstuderen;1;Cohort 2003/'04;;;;;;;;;;;;;;;;
7080;Totaal mannen en vrouwen;0;2;6;Vijf jaar na afstuderen;2;Cohort 1999/'00;2.1;2.1;2.1;2.1;2.1;2.1;;;;;;;;;;
7081;Totaal mannen en vrouwen;0;2;6;Vijf jaar na afstuderen;2;Cohort 2000/'01;;;;;;;;;;;;;;;;
7082;Totaal mannen en vrouwen;0;2;6;Vijf jaar na afstuderen;2;Cohort 2001/'02;;;;;;;;;;;;;;;;
7083;Totaal mannen en vrouwen;0;2;6;Vijf jaar na afstuderen;2;Cohort 2002/'03;3.3;;3.3;;3.3;;;;;;;;;;;
7084;Totaal mannen en vrouwen;0;2;6;Vijf jaar na afstuderen;2;Cohort 2003/'04;;;;;;;;;;;;;;;;
7085;Totaal mannen en vrouwen;0;2;6;Vijf jaar na afstuderen;3;Cohort 1999/'00;;;;;;;;;;;;;;;;
7086;Totaal mannen en vrouwen;0;2;6;Vijf jaar na afstuderen;3;Cohort 2000/'01;;;;;;;;;;;;;;;;
7087;Totaal mannen en vrouwen;0;2;6;Vijf jaar na afstuderen;3;Cohort 2001/'02;;;;;;;;;;;;;;;;
7088;Totaal mannen en vrouwen;0;2;6;Vijf jaar na afstuderen;3;Cohort 2002/'03;;;;;;;;;;;;;;;;
7089;Totaal mannen en vrouwen;0;2;6;Vijf jaar na afstuderen;3;Cohort 2003/'04;;;;;;;;;;;;;;;;
7090;Totaal mannen en vrouwen;0;2;6;Vijf jaar na afstuderen;4;Cohort 1999/'00;;;;;;;;;;;;;;;;
7091;Totaal mannen en vrouwen;0;2;6;Vijf jaar na afstuderen;4;Cohort 2000/'01;;;;;;;;;;;;;;;;
7092;Totaal mannen en vrouwen;0;2;6;Vijf jaar na afstuderen;4;Cohort 2001/'02;;;;;;;;;;;;;;;;
7093;Totaal mannen en vrouwen;0;2;6;Vijf jaar na afstuderen;4;Cohort 2002/'03;;;;;;;;;;;;;;;;
7094;Totaal mannen en vrouwen;0;2;6;Vijf jaar na afstuderen;4;Cohort 2003/'04;;;;;;;;;;;;;;;;
7095;Totaal mannen en vrouwen;0;2;6;Vijf jaar na afstuderen;5;Cohort 1999/'00;0.8;;0.8;;0.8;;;;;;;;;;;
7096;Totaal mannen en vrouwen;0;2;6;Vijf jaar na afstuderen;5;Cohort 2000/'01;3.9;3.9;3.9;3.9;3.9;3.9;;;;;;;;;;
7097;Totaal mannen en vrouwen;0;2;6;Vijf jaar na afstuderen;5;Cohort 2001/'02;;;;;;;;;;;;;;;;
7098;Totaal mannen en vrouwen;0;2;6;Vijf jaar na afstuderen;5;Cohort 2002/'03;;;;;;;;;;;;;;;;
7099;Totaal mannen en vrouwen;0;2;6;Vijf jaar na afstuderen;5;Cohort 2003/'04;;;;;;;;;;;;;;;;
7100;Totaal mannen en vrouwen;0;2;6;Vijf jaar na afstuderen;6;Cohort 1999/'00;2.7;2.7;2.7;2.7;2.7;2.7;;;;;;;;;;
7101;Totaal mannen en vrouwen;0;2;6;Vijf jaar na afstuderen;6;Cohort 2000/'01;;;;;;;;;;;;;;;;
7102;Totaal mannen en vrouwen;0;2;6;Vijf jaar na afstuderen;6;Cohort 2001/'02;;;;;;;;;;;;;;;;
7103;Totaal mannen en vrouwen;0;2;6;Vijf jaar na afstuderen;6;Cohort 2002/'03;4.9;;4.9;;4.9;;;;;;;;;;;
7104;Totaal mannen en vrouwen;0;2;6;Vijf jaar na afstuderen;6;Cohort 2003/'04;;;;;;;;;;;;;;;;
7105;Totaal mannen en vrouwen;0;2;6;Vijf jaar na afstuderen;7;Cohort 1999/'00;;;;;;;;;;;;;;;;
7106;Totaal mannen en vrouwen;0;2;6;Vijf jaar na afstuderen;7;Cohort 2000/'01;2.0;2.9;2.0;2.9;2.0;2.9;;;;;;;;;;
7107;Totaal mannen en vrouwen;0;2;6;Vijf jaar na afstuderen;7;Cohort 2001/'02;3.2;3.2;;;;;;;3.2;3.2;;;3.2;3.2;;
7108;Totaal mannen en vrouwen;0;2;6;Vijf jaar na afstuderen;7;Cohort 2002/'03;2.5;3.4;2.5;3.4;2.5;3.4;;;;;;;;;;
7109;Totaal mannen en vrouwen;0;2;6;Vijf jaar na afstuderen;7;Cohort 2003/'04;;;;;;;;;;;;;;;;
7110;Totaal mannen en vrouwen;0;2;6;Vijf jaar na afstuderen;8;Cohort 1999/'00;;;;;;;;;;;;;;;;
7111;Totaal mannen en vrouwen;0;2;6;Vijf jaar na afstuderen;8;Cohort 2000/'01;1.9;2.8;1.9;2.8;1.9;2.8;;;;;;;;;;
7112;Totaal mannen en vrouwen;0;2;6;Vijf jaar na afstuderen;8;Cohort 2001/'02;1.4;;1.4;;1.4;;;;;;;;;;;
7113;Totaal mannen en vrouwen;0;2;6;Vijf jaar na afstuderen;8;Cohort 2002/'03;2.3;2.3;2.3;2.3;2.3;2.3;;;;;;;;;;
7114;Totaal mannen en vrouwen;0;2;6;Vijf jaar na afstuderen;8;Cohort 2003/'04;;;;;;;;;;;;;;;;
7115;Totaal mannen en vrouwen;0;2;6;Vijf jaar na afstuderen;9;Cohort 1999/'00;2.2;2.0;2.2;2.0;2.2;2.0;;;;;;;;;;
7116;Totaal mannen en vrouwen;0;2;6;Vijf jaar na afstuderen;9;Cohort 2000/'01;3.3;3.3;3.3;3.3;3.3;3.3;;;;;;;;;;
7117;Totaal mannen en vrouwen;0;2;6;Vijf jaar na afstuderen;9;Cohort 2001/'02;3.0;3.0;3.0;3.0;3.0;3.0;;;;;;;;;;
7118;Totaal mannen en vrouwen;0;2;6;Vijf jaar na afstuderen;9;Cohort 2002/'03;;;;;;;;;;;;;;;;
7119;Totaal mannen en vrouwen;0;2;6;Vijf jaar na afstuderen;9;Cohort 2003/'04;;;;;;;;;;;;;;;;
7120;Totaal mannen en vrouwen;0;2;6;Vijf jaar na afstuderen;M Onderwijs;Cohort 1999/'00;2.5;2.7;2.5;2.7;2.5;2.7;;;2.5;;;;2.5;;;
7121;Totaal mannen en vrouwen;0;2;6;Vijf jaar na afstuderen;M Onderwijs;Cohort 2000/'01;2.4;2.6;2.4;2.6;2.4;2.6;;;2.0;;;;2.0;;;
7122;Totaal mannen en vrouwen;0;2;6;Vijf jaar na afstuderen;M Onderwijs;Cohort 2001/'02;2.4;2.7;2.4;2.7;2.4;2.7;2.3;;2.4;3.3;;;2.4;3.3;;
7123;Totaal mannen en vrouwen;0;2;6;Vijf jaar na afstuderen;M Onderwijs;Cohort 2002/'03;2.6;2.9;2.6;2.9;2.6;2.9;;;2.2;;;;2.2;;;
7124;Totaal mannen en vrouwen;0;2;6;Vijf jaar na afstuderen;M Onderwijs;Cohort 2003/'04;;;;;;;;;;;;;;;;
7125;Totaal mannen en vrouwen;0;2;6;Vijf jaar na afstuderen;N Gezondheids- en welzijnszorg;Cohort 1999/'00;2.7;2.7;;;;;;;2.7;2.7;;;2.7;2.7;;
7126;Totaal mannen en vrouwen;0;2;6;Vijf jaar na afstuderen;N Gezondheids- en welzijnszorg;Cohort 2000/'01;2.3;3.4;2.3;3.4;2.3;3.4;;;;;;;;;;
7127;Totaal mannen en vrouwen;0;2;6;Vijf jaar na afstuderen;N Gezondheids- en welzijnszorg;Cohort 2001/'02;2.0;;2.0;;2.0;;;;;;;;;;;
7128;Totaal mannen en vrouwen;0;2;6;Vijf jaar na afstuderen;N Gezondheids- en welzijnszorg;Cohort 2002/'03;;;;;;;;;;;;;;;;
7129;Totaal mannen en vrouwen;0;2;6;Vijf jaar na afstuderen;N Gezondheids- en welzijnszorg;Cohort 2003/'04;;;;;;;;;;;;;;;;
7130;Totaal mannen en vrouwen;0;2;6;Vijf jaar na afstuderen;9000e Milieu, cultuur, recreatie en ..;Cohort 1999/'00;;;;;;;;;;;;;;;;
7131;Totaal mannen en vrouwen;0;2;6;Vijf jaar na afstuderen;9000e Milieu, cultuur, recreatie en ..;Cohort 2000/'01;;;;;;;;;;;;;;;;
7132;Totaal mannen en vrouwen;0;2;6;Vijf jaar na afstuderen;9000e Milieu, cultuur, recreatie en ..;Cohort 2001/'02;;;;;;;;;;;;;;;;
7133;Totaal mannen en vrouwen;0;2;6;Vijf jaar na afstuderen;9000e Milieu, cultuur, recreatie en ..;Cohort 2002/'03;;;;;;;;;;;;;;;;
7134;Totaal mannen en vrouwen;0;2;6;Vijf jaar na afstuderen;9000e Milieu, cultuur, recreatie en ..;Cohort 2003/'04;;;;;;;;;;;;;;;;
7135;Totaal mannen en vrouwen;0;2;6;Vijf jaar na afstuderen;Onbekend;Cohort 1999/'00;;;;;;;;;;;;;;;;
7136;Totaal mannen en vrouwen;0;2;6;Vijf jaar na afstuderen;Onbekend;Cohort 2000/'01;;;;;;;;;;;;;;;;
7137;Totaal mannen en vrouwen;0;2;6;Vijf jaar na afstuderen;Onbekend;Cohort 2001/'02;;;;;;;;;;;;;;;;
7138;Totaal mannen en vrouwen;0;2;6;Vijf jaar na afstuderen;Onbekend;Cohort 2002/'03;;;;;;;;;;;;;;;;
7139;Totaal mannen en vrouwen;0;2;6;Vijf jaar na afstuderen;Onbekend;Cohort 2003/'04;;;;;;;;;;;;;;;;
7140;Totaal mannen en vrouwen;0;2;7;Direct na afstuderen;0;Cohort 1999/'00;1.4;;1.4;;1.4;;1.4;;1.7;;;;1.7;;;
7141;Totaal mannen en vrouwen;0;2;7;Direct na afstuderen;0;Cohort 2000/'01;1.5;1.8;1.5;1.8;1.5;1.8;;;;;;;;;;
7142;Totaal mannen en vrouwen;0;2;7;Direct na afstuderen;0;Cohort 2001/'02;1.6;2.0;1.6;2.0;1.6;2.0;;;1.5;;;;1.5;;;
7143;Totaal mannen en vrouwen;0;2;7;Direct na afstuderen;0;Cohort 2002/'03;1.4;2.3;1.4;2.3;1.4;2.3;;;1.0;;;;1.0;;;
7144;Totaal mannen en vrouwen;0;2;7;Direct na afstuderen;0;Cohort 2003/'04;1.5;2.2;1.5;2.2;1.5;2.2;1.7;;;;;;;;;
7145;Totaal mannen en vrouwen;0;2;7;Direct na afstuderen;1;Cohort 1999/'00;;;;;;;;;;;;;;;;
7146;Totaal mannen en vrouwen;0;2;7;Direct na afstuderen;1;Cohort 2000/'01;;;;;;;;;;;;;;;;
7147;Totaal mannen en vrouwen;0;2;7;Direct na afstuderen;1;Cohort 2001/'02;;;;;;;;;;;;;;;;
7148;Totaal mannen en vrouwen;0;2;7;Direct na afstuderen;1;Cohort 2002/'03;;;;;;;;;;;;;;;;
7149;Totaal mannen en vrouwen;0;2;7;Direct na afstuderen;1;Cohort 2003/'04;;;;;;;;;;;;;;;;
7150;Totaal mannen en vrouwen;0;2;7;Direct na afstuderen;2;Cohort 1999/'00;0.7;;0.7;;0.7;;;;;;;;;;;
7151;Totaal mannen en vrouwen;0;2;7;Direct na afstuderen;2;Cohort 2000/'01;;;;;;;;;;;;;;;;
7152;Totaal mannen en vrouwen;0;2;7;Direct na afstuderen;2;Cohort 2001/'02;;;;;;;;;;;;;;;;
7153;Totaal mannen en vrouwen;0;2;7;Direct na afstuderen;2;Cohort 2002/'03;;;;;;;;;;;;;;;;
7154;Totaal mannen en vrouwen;0;2;7;Direct na afstuderen;2;Cohort 2003/'04;;;;;;;;;;;;;;;;
7155;Totaal mannen en vrouwen;0;2;7;Direct na afstuderen;3;Cohort 1999/'00;;;;;;;;;;;;;;;;
7156;Totaal mannen en vrouwen;0;2;7;Direct na afstuderen;3;Cohort 2000/'01;;;;;;;;;;;;;;;;
7157;Totaal mannen en vrouwen;0;2;7;Direct na afstuderen;3;Cohort 2001/'02;1.5;1.5;1.5;1.5;1.5;1.5;;;;;;;;;;
7158;Totaal mannen en vrouwen;0;2;7;Direct na afstuderen;3;Cohort 2002/'03;0.9;;0.9;;0.9;;;;;;;;;;;
7159;Totaal mannen en vrouwen;0;2;7;Direct na afstuderen;3;Cohort 2003/'04;;;;;;;;;;;;;;;;
7160;Totaal mannen en vrouwen;0;2;7;Direct na afstuderen;4;Cohort 1999/'00;1.4;;1.4;;1.4;;;;;;;;;;;
7161;Totaal mannen en vrouwen;0;2;7;Direct na afstuderen;4;Cohort 2000/'01;;;;;;;;;;;;;;;;
7162;Totaal mannen en vrouwen;0;2;7;Direct na afstuderen;4;Cohort 2001/'02;;;;;;;;;;;;;;;;
7163;Totaal mannen en vrouwen;0;2;7;Direct na afstuderen;4;Cohort 2002/'03;;;;;;;;;;;;;;;;
7164;Totaal mannen en vrouwen;0;2;7;Direct na afstuderen;4;Cohort 2003/'04;;;;;;;;;;;;;;;;
7165;Totaal mannen en vrouwen;0;2;7;Direct na afstuderen;5;Cohort 1999/'00;;;;;;;;;;;;;;;;
7166;Totaal mannen en vrouwen;0;2;7;Direct na afstuderen;5;Cohort 2000/'01;;;;;;;;;;;;;;;;
7167;Totaal mannen en vrouwen;0;2;7;Direct na afstuderen;5;Cohort 2001/'02;;;;;;;;;;;;;;;;
7168;Totaal mannen en vrouwen;0;2;7;Direct na afstuderen;5;Cohort 2002/'03;1.9;;1.9;;1.9;;;;;;;;;;;
7169;Totaal mannen en vrouwen;0;2;7;Direct na afstuderen;5;Cohort 2003/'04;;;;;;;;;;;;;;;;
7170;Totaal mannen en vrouwen;0;2;7;Direct na afstuderen;6;Cohort 1999/'00;;;;;;;;;;;;;;;;
7171;Totaal mannen en vrouwen;0;2;7;Direct na afstuderen;6;Cohort 2000/'01;;;;;;;;;;;;;;;;
7172;Totaal mannen en vrouwen;0;2;7;Direct na afstuderen;6;Cohort 2001/'02;1.8;1.8;1.8;1.8;1.8;1.8;;;;;;;;;;
7173;Totaal mannen en vrouwen;0;2;7;Direct na afstuderen;6;Cohort 2002/'03;;;;;;;;;;;;;;;;
7174;Totaal mannen en vrouwen;0;2;7;Direct na afstuderen;6;Cohort 2003/'04;2.5;2.5;2.5;2.5;2.5;2.5;;;;;;;;;;
7175;Totaal mannen en vrouwen;0;2;7;Direct na afstuderen;7;Cohort 1999/'00;;;;;;;;;;;;;;;;
7176;Totaal mannen en vrouwen;0;2;7;Direct na afstuderen;7;Cohort 2000/'01;0.8;2.0;0.8;2.0;0.8;2.0;;;;;;;;;;
7177;Totaal mannen en vrouwen;0;2;7;Direct na afstuderen;7;Cohort 2001/'02;0.5;;0.5;;0.5;;;;;;;;;;;
7178;Totaal mannen en vrouwen;0;2;7;Direct na afstuderen;7;Cohort 2002/'03;0.9;;0.9;;0.9;;;;;;;;;;;
7179;Totaal mannen en vrouwen;0;2;7;Direct na afstuderen;7;Cohort 2003/'04;0.4;;0.4;;0.4;;;;;;;;;;;
7180;Totaal mannen en vrouwen;0;2;7;Direct na afstuderen;8;Cohort 1999/'00;1.2;;1.2;;1.2;;;;;;;;;;;
7181;Totaal mannen en vrouwen;0;2;7;Direct na afstuderen;8;Cohort 2000/'01;1.3;1.5;1.3;1.5;1.3;1.5;;;;;;;;;;
7182;Totaal mannen en vrouwen;0;2;7;Direct na afstuderen;8;Cohort 2001/'02;;;;;;;;;;;;;;;;
7183;Totaal mannen en vrouwen;0;2;7;Direct na afstuderen;8;Cohort 2002/'03;1.2;1.2;1.2;1.2;1.2;1.2;;;;;;;;;;
7184;Totaal mannen en vrouwen;0;2;7;Direct na afstuderen;8;Cohort 2003/'04;0.4;;0.4;;0.4;;;;;;;;;;;
7185;Totaal mannen en vrouwen;0;2;7;Direct na afstuderen;9;Cohort 1999/'00;1.3;;;;;;;;1.3;;;;1.3;;;
7186;Totaal mannen en vrouwen;0;2;7;Direct na afstuderen;9;Cohort 2000/'01;;;;;;;;;;;;;;;;
7187;Totaal mannen en vrouwen;0;2;7;Direct na afstuderen;9;Cohort 2001/'02;0.4;;0.4;;0.4;;;;;;;;;;;
7188;Totaal mannen en vrouwen;0;2;7;Direct na afstuderen;9;Cohort 2002/'03;;;;;;;;;;;;;;;;
7189;Totaal mannen en vrouwen;0;2;7;Direct na afstuderen;9;Cohort 2003/'04;1.2;;1.2;;1.2;;;;;;;;;;;
7190;Totaal mannen en vrouwen;0;2;7;Direct na afstuderen;M Onderwijs;Cohort 1999/'00;1.5;;1.5;;1.5;;1.4;;1.9;;;;1.9;;;
7191;Totaal mannen en vrouwen;0;2;7;Direct na afstuderen;M Onderwijs;Cohort 2000/'01;1.6;1.8;1.6;1.8;1.6;1.8;;;;;;;;;;
7192;Totaal mannen en vrouwen;0;2;7;Direct na afstuderen;M Onderwijs;Cohort 2001/'02;1.7;2.0;1.7;2.0;1.7;2.0;;;1.5;;;;1.5;;;
7193;Totaal mannen en vrouwen;0;2;7;Direct na afstuderen;M Onderwijs;Cohort 2002/'03;1.6;2.5;1.6;2.5;1.6;2.5;;;1.1;;;;1.1;;;
7194;Totaal mannen en vrouwen;0;2;7;Direct na afstuderen;M Onderwijs;Cohort 2003/'04;1.7;2.2;1.7;2.2;1.7;2.2;1.7;;;;;;;;;
7195;Totaal mannen en vrouwen;0;2;7;Direct na afstuderen;N Gezondheids- en welzijnszorg;Cohort 1999/'00;1.3;;1.3;;1.3;;;;;;;;;;;
7196;Totaal mannen en vrouwen;0;2;7;Direct na afstuderen;N Gezondheids- en welzijnszorg;Cohort 2000/'01;;;;;;;;;;;;;;;;
7197;Totaal mannen en vrouwen;0;2;7;Direct na afstuderen;N Gezondheids- en welzijnszorg;Cohort 2001/'02;2.1;2.1;2.1;2.1;2.1;2.1;;;;;;;;;;
7198;Totaal mannen en vrouwen;0;2;7;Direct na afstuderen;N Gezondheids- en welzijnszorg;Cohort 2002/'03;0.5;;0.5;;0.5;;;;;;;;;;;
7199;Totaal mannen en vrouwen;0;2;7;Direct na afstuderen;N Gezondheids- en welzijnszorg;Cohort 2003/'04;2.1;2.1;2.1;2.1;2.1;2.1;;;;;;;;;;
7200;Totaal mannen en vrouwen;0;2;7;Direct na afstuderen;9000e Milieu, cultuur, recreatie en ..;Cohort 1999/'00;;;;;;;;;;;;;;;;
7201;Totaal mannen en vrouwen;0;2;7;Direct na afstuderen;9000e Milieu, cultuur, recreatie en ..;Cohort 2000/'01;1.9;1.9;1.9;1.9;1.9;1.9;;;;;;;;;;
7202;Totaal mannen en vrouwen;0;2;7;Direct na afstuderen;9000e Milieu, cultuur, recreatie en ..;Cohort 2001/'02;0.3;;0.3;;0.3;;;;;;;;;;;
7203;Totaal mannen en vrouwen;0;2;7;Direct na afstuderen;9000e Milieu, cultuur, recreatie en ..;Cohort 2002/'03;0.9;;;;;;;;0.9;;;;0.9;;;
7204;Totaal mannen en vrouwen;0;2;7;Direct na afstuderen;9000e Milieu, cultuur, recreatie en ..;Cohort 2003/'04;;;;;;;;;;;;;;;;
7205;Totaal mannen en vrouwen;0;2;7;Direct na afstuderen;Onbekend;Cohort 1999/'00;;;;;;;;;;;;;;;;
7206;Totaal mannen en vrouwen;0;2;7;Direct na afstuderen;Onbekend;Cohort 2000/'01;;;;;;;;;;;;;;;;
7207;Totaal mannen en vrouwen;0;2;7;Direct na afstuderen;Onbekend;Cohort 2001/'02;;;;;;;;;;;;;;;;
7208;Totaal mannen en vrouwen;0;2;7;Direct na afstuderen;Onbekend;Cohort 2002/'03;;;;;;;;;;;;;;;;
7209;Totaal mannen en vrouwen;0;2;7;Direct na afstuderen;Onbekend;Cohort 2003/'04;;;;;;;;;;;;;;;;
7210;Totaal mannen en vrouwen;0;2;7;Één jaar na afstuderen;0;Cohort 1999/'00;1.9;2.2;1.9;2.2;1.9;2.2;0.8;;2.3;;;;2.3;;;
7211;Totaal mannen en vrouwen;0;2;7;Één jaar na afstuderen;0;Cohort 2000/'01;1.8;2.1;1.8;2.1;1.8;2.1;;;;;;;;;;
7212;Totaal mannen en vrouwen;0;2;7;Één jaar na afstuderen;0;Cohort 2001/'02;1.9;2.3;1.9;2.3;1.9;2.3;;;2.1;;;;2.1;;;
7213;Totaal mannen en vrouwen;0;2;7;Één jaar na afstuderen;0;Cohort 2002/'03;1.9;2.2;1.9;2.2;1.9;2.2;;;1.4;;;;1.4;;;
7214;Totaal mannen en vrouwen;0;2;7;Één jaar na afstuderen;0;Cohort 2003/'04;2.1;2.5;2.1;2.5;2.2;2.5;1.8;;;;;;;;;
7215;Totaal mannen en vrouwen;0;2;7;Één jaar na afstuderen;1;Cohort 1999/'00;;;;;;;;;;;;;;;;
7216;Totaal mannen en vrouwen;0;2;7;Één jaar na afstuderen;1;Cohort 2000/'01;;;;;;;;;;;;;;;;
7217;Totaal mannen en vrouwen;0;2;7;Één jaar na afstuderen;1;Cohort 2001/'02;;;;;;;;;;;;;;;;
7218;Totaal mannen en vrouwen;0;2;7;Één jaar na afstuderen;1;Cohort 2002/'03;;;;;;;;;;;;;;;;
7219;Totaal mannen en vrouwen;0;2;7;Één jaar na afstuderen;1;Cohort 2003/'04;;;;;;;;;;;;;;;;
7220;Totaal mannen en vrouwen;0;2;7;Één jaar na afstuderen;2;Cohort 1999/'00;1.9;1.9;1.9;1.9;1.9;1.9;;;;;;;;;;
7221;Totaal mannen en vrouwen;0;2;7;Één jaar na afstuderen;2;Cohort 2000/'01;2.2;2.2;2.2;2.2;2.2;2.2;;;;;;;;;;
7222;Totaal mannen en vrouwen;0;2;7;Één jaar na afstuderen;2;Cohort 2001/'02;2.2;;;;;;;;2.2;;;;2.2;;;
7223;Totaal mannen en vrouwen;0;2;7;Één jaar na afstuderen;2;Cohort 2002/'03;;;;;;;;;;;;;;;;
7224;Totaal mannen en vrouwen;0;2;7;Één jaar na afstuderen;2;Cohort 2003/'04;;;;;;;;;;;;;;;;
7225;Totaal mannen en vrouwen;0;2;7;Één jaar na afstuderen;3;Cohort 1999/'00;2.0;;2.0;;2.0;;;;;;;;;;;
7226;Totaal mannen en vrouwen;0;2;7;Één jaar na afstuderen;3;Cohort 2000/'01;;;;;;;;;;;;;;;;
7227;Totaal mannen en vrouwen;0;2;7;Één jaar na afstuderen;3;Cohort 2001/'02;1.8;1.8;1.8;1.8;1.8;1.8;;;;;;;;;;
7228;Totaal mannen en vrouwen;0;2;7;Één jaar na afstuderen;3;Cohort 2002/'03;;;;;;;;;;;;;;;;
7229;Totaal mannen en vrouwen;0;2;7;Één jaar na afstuderen;3;Cohort 2003/'04;;;;;;;;;;;;;;;;
7230;Totaal mannen en vrouwen;0;2;7;Één jaar na afstuderen;4;Cohort 1999/'00;;;;;;;;;;;;;;;;
7231;Totaal mannen en vrouwen;0;2;7;Één jaar na afstuderen;4;Cohort 2000/'01;;;;;;;;;;;;;;;;
7232;Totaal mannen en vrouwen;0;2;7;Één jaar na afstuderen;4;Cohort 2001/'02;;;;;;;;;;;;;;;;
7233;Totaal mannen en vrouwen;0;2;7;Één jaar na afstuderen;4;Cohort 2002/'03;;;;;;;;;;;;;;;;
7234;Totaal mannen en vrouwen;0;2;7;Één jaar na afstuderen;4;Cohort 2003/'04;;;;;;;;;;;;;;;;
7235;Totaal mannen en vrouwen;0;2;7;Één jaar na afstuderen;5;Cohort 1999/'00;;;;;;;;;;;;;;;;
7236;Totaal mannen en vrouwen;0;2;7;Één jaar na afstuderen;5;Cohort 2000/'01;;;;;;;;;;;;;;;;
7237;Totaal mannen en vrouwen;0;2;7;Één jaar na afstuderen;5;Cohort 2001/'02;;;;;;;;;;;;;;;;
7238;Totaal mannen en vrouwen;0;2;7;Één jaar na afstuderen;5;Cohort 2002/'03;;;;;;;;;;;;;;;;
7239;Totaal mannen en vrouwen;0;2;7;Één jaar na afstuderen;5;Cohort 2003/'04;;;;;;;;;;;;;;;;
7240;Totaal mannen en vrouwen;0;2;7;Één jaar na afstuderen;6;Cohort 1999/'00;1.9;1.9;1.9;1.9;1.9;1.9;;;;;;;;;;
7241;Totaal mannen en vrouwen;0;2;7;Één jaar na afstuderen;6;Cohort 2000/'01;2.1;2.1;2.1;2.1;2.1;2.1;;;;;;;;;;
7242;Totaal mannen en vrouwen;0;2;7;Één jaar na afstuderen;6;Cohort 2001/'02;;;;;;;;;;;;;;;;
7243;Totaal mannen en vrouwen;0;2;7;Één jaar na afstuderen;6;Cohort 2002/'03;;;;;;;;;;;;;;;;
7244;Totaal mannen en vrouwen;0;2;7;Één jaar na afstuderen;6;Cohort 2003/'04;2.6;2.6;2.6;2.6;2.6;2.6;;;;;;;;;;
7245;Totaal mannen en vrouwen;0;2;7;Één jaar na afstuderen;7;Cohort 1999/'00;;;;;;;;;;;;;;;;
7246;Totaal mannen en vrouwen;0;2;7;Één jaar na afstuderen;7;Cohort 2000/'01;1.1;1.5;1.1;1.5;1.1;1.5;;;;;;;;;;
7247;Totaal mannen en vrouwen;0;2;7;Één jaar na afstuderen;7;Cohort 2001/'02;;;;;;;;;;;;;;;;
7248;Totaal mannen en vrouwen;0;2;7;Één jaar na afstuderen;7;Cohort 2002/'03;;;;;;;;;;;;;;;;
7249;Totaal mannen en vrouwen;0;2;7;Één jaar na afstuderen;7;Cohort 2003/'04;;;;;;;;;;;;;;;;
7250;Totaal mannen en vrouwen;0;2;7;Één jaar na afstuderen;8;Cohort 1999/'00;;;;;;;;;;;;;;;;
7251;Totaal mannen en vrouwen;0;2;7;Één jaar na afstuderen;8;Cohort 2000/'01;1.5;;1.5;;1.5;;;;;;;;;;;
7252;Totaal mannen en vrouwen;0;2;7;Één jaar na afstuderen;8;Cohort 2001/'02;1.4;;1.4;;1.4;;;;;;;;;;;
7253;Totaal mannen en vrouwen;0;2;7;Één jaar na afstuderen;8;Cohort 2002/'03;0.0;;0.0;;0.0;;;;;;;;;;;
7254;Totaal mannen en vrouwen;0;2;7;Één jaar na afstuderen;8;Cohort 2003/'04;1.0;;1.0;;1.0;;;;;;;;;;;
7255;Totaal mannen en vrouwen;0;2;7;Één jaar na afstuderen;9;Cohort 1999/'00;1.7;1.6;1.6;1.6;1.6;1.6;;;1.7;;;;1.7;;;
7256;Totaal mannen en vrouwen;0;2;7;Één jaar na afstuderen;9;Cohort 2000/'01;;;;;;;;;;;;;;;;
7257;Totaal mannen en vrouwen;0;2;7;Één jaar na afstuderen;9;Cohort 2001/'02;;;;;;;;;;;;;;;;
7258;Totaal mannen en vrouwen;0;2;7;Één jaar na afstuderen;9;Cohort 2002/'03;;;;;;;;;;;;;;;;
7259;Totaal mannen en vrouwen;0;2;7;Één jaar na afstuderen;9;Cohort 2003/'04;2.0;;2.0;;2.0;;;;;;;;;;;
7260;Totaal mannen en vrouwen;0;2;7;Één jaar na afstuderen;M Onderwijs;Cohort 1999/'00;2.0;2.3;2.0;2.3;2.0;2.3;0.8;;2.6;;;;2.6;;;
7261;Totaal mannen en vrouwen;0;2;7;Één jaar na afstuderen;M Onderwijs;Cohort 2000/'01;1.9;2.2;1.9;2.2;1.9;2.2;;;;;;;;;;
7262;Totaal mannen en vrouwen;0;2;7;Één jaar na afstuderen;M Onderwijs;Cohort 2001/'02;2.0;2.3;2.0;2.3;2.0;2.3;;;2.0;;;;2.0;;;
7263;Totaal mannen en vrouwen;0;2;7;Één jaar na afstuderen;M Onderwijs;Cohort 2002/'03;2.0;2.2;2.0;2.2;2.0;2.2;;;1.7;;;;1.7;;;
7264;Totaal mannen en vrouwen;0;2;7;Één jaar na afstuderen;M Onderwijs;Cohort 2003/'04;2.2;2.5;2.2;2.5;2.2;2.5;1.8;;;;;;;;;
7265;Totaal mannen en vrouwen;0;2;7;Één jaar na afstuderen;N Gezondheids- en welzijnszorg;Cohort 1999/'00;;;;;;;;;;;;;;;;
7266;Totaal mannen en vrouwen;0;2;7;Één jaar na afstuderen;N Gezondheids- en welzijnszorg;Cohort 2000/'01;;;;;;;;;;;;;;;;
7267;Totaal mannen en vrouwen;0;2;7;Één jaar na afstuderen;N Gezondheids- en welzijnszorg;Cohort 2001/'02;1.5;;1.5;;1.5;;;;;;;;;;;
7268;Totaal mannen en vrouwen;0;2;7;Één jaar na afstuderen;N Gezondheids- en welzijnszorg;Cohort 2002/'03;;;;;;;;;;;;;;;;
7269;Totaal mannen en vrouwen;0;2;7;Één jaar na afstuderen;N Gezondheids- en welzijnszorg;Cohort 2003/'04;;;;;;;;;;;;;;;;
7270;Totaal mannen en vrouwen;0;2;7;Één jaar na afstuderen;9000e Milieu, cultuur, recreatie en ..;Cohort 1999/'00;0.8;;0.8;;0.8;;;;;;;;;;;
7271;Totaal mannen en vrouwen;0;2;7;Één jaar na afstuderen;9000e Milieu, cultuur, recreatie en ..;Cohort 2000/'01;0.7;;0.7;;0.7;;;;;;;;;;;
7272;Totaal mannen en vrouwen;0;2;7;Één jaar na afstuderen;9000e Milieu, cultuur, recreatie en ..;Cohort 2001/'02;0.4;;0.4;;0.4;;;;;;;;;;;
7273;Totaal mannen en vrouwen;0;2;7;Één jaar na afstuderen;9000e Milieu, cultuur, recreatie en ..;Cohort 2002/'03;1.1;;;;;;;;1.1;;;;1.1;;;
7274;Totaal mannen en vrouwen;0;2;7;Één jaar na afstuderen;9000e Milieu, cultuur, recreatie en ..;Cohort 2003/'04;;;;;;;;;;;;;;;;
7275;Totaal mannen en vrouwen;0;2;7;Één jaar na afstuderen;Onbekend;Cohort 1999/'00;;;;;;;;;;;;;;;;
7276;Totaal mannen en vrouwen;0;2;7;Één jaar na afstuderen;Onbekend;Cohort 2000/'01;;;;;;;;;;;;;;;;
7277;Totaal mannen en vrouwen;0;2;7;Één jaar na afstuderen;Onbekend;Cohort 2001/'02;;;;;;;;;;;;;;;;
7278;Totaal mannen en vrouwen;0;2;7;Één jaar na afstuderen;Onbekend;Cohort 2002/'03;;;;;;;;;;;;;;;;
7279;Totaal mannen en vrouwen;0;2;7;Één jaar na afstuderen;Onbekend;Cohort 2003/'04;;;;;;;;;;;;;;;;
7280;Totaal mannen en vrouwen;0;2;7;Twee jaar na afstuderen;0;Cohort 1999/'00;2.1;2.4;2.1;2.3;2.1;2.3;1.9;;2.3;3.2;;;2.3;3.2;;
7281;Totaal mannen en vrouwen;0;2;7;Twee jaar na afstuderen;0;Cohort 2000/'01;2.0;2.2;2.0;2.2;2.0;2.2;;;;;;;;;;
7282;Totaal mannen en vrouwen;0;2;7;Twee jaar na afstuderen;0;Cohort 2001/'02;2.2;2.6;2.2;2.6;2.2;2.6;;;2.3;2.2;;;2.3;2.2;;
7283;Totaal mannen en vrouwen;0;2;7;Twee jaar na afstuderen;0;Cohort 2002/'03;2.2;2.7;2.2;2.7;2.2;2.7;;;1.5;;;;1.5;;;
7284;Totaal mannen en vrouwen;0;2;7;Twee jaar na afstuderen;0;Cohort 2003/'04;2.3;2.5;2.3;2.5;2.3;2.5;2.0;;;;;;;;;
7285;Totaal mannen en vrouwen;0;2;7;Twee jaar na afstuderen;1;Cohort 1999/'00;;;;;;;;;;;;;;;;
7286;Totaal mannen en vrouwen;0;2;7;Twee jaar na afstuderen;1;Cohort 2000/'01;;;;;;;;;;;;;;;;
7287;Totaal mannen en vrouwen;0;2;7;Twee jaar na afstuderen;1;Cohort 2001/'02;;;;;;;;;;;;;;;;
7288;Totaal mannen en vrouwen;0;2;7;Twee jaar na afstuderen;1;Cohort 2002/'03;;;;;;;;;;;;;;;;
7289;Totaal mannen en vrouwen;0;2;7;Twee jaar na afstuderen;1;Cohort 2003/'04;;;;;;;;;;;;;;;;
7290;Totaal mannen en vrouwen;0;2;7;Twee jaar na afstuderen;2;Cohort 1999/'00;2.1;2.1;2.1;2.1;2.1;2.1;;;;;;;;;;
7291;Totaal mannen en vrouwen;0;2;7;Twee jaar na afstuderen;2;Cohort 2000/'01;1.5;;1.5;;1.5;;;;;;;;;;;
7292;Totaal mannen en vrouwen;0;2;7;Twee jaar na afstuderen;2;Cohort 2001/'02;2.4;;;;;;;;2.4;;;;2.4;;;
7293;Totaal mannen en vrouwen;0;2;7;Twee jaar na afstuderen;2;Cohort 2002/'03;;;;;;;;;;;;;;;;
7294;Totaal mannen en vrouwen;0;2;7;Twee jaar na afstuderen;2;Cohort 2003/'04;;;;;;;;;;;;;;;;
7295;Totaal mannen en vrouwen;0;2;7;Twee jaar na afstuderen;3;Cohort 1999/'00;;;;;;;;;;;;;;;;
7296;Totaal mannen en vrouwen;0;2;7;Twee jaar na afstuderen;3;Cohort 2000/'01;;;;;;;;;;;;;;;;
7297;Totaal mannen en vrouwen;0;2;7;Twee jaar na afstuderen;3;Cohort 2001/'02;1.4;1.4;1.4;1.4;1.4;1.4;;;;;;;;;;
7298;Totaal mannen en vrouwen;0;2;7;Twee jaar na afstuderen;3;Cohort 2002/'03;;;;;;;;;;;;;;;;
7299;Totaal mannen en vrouwen;0;2;7;Twee jaar na afstuderen;3;Cohort 2003/'04;;;;;;;;;;;;;;;;
7300;Totaal mannen en vrouwen;0;2;7;Twee jaar na afstuderen;4;Cohort 1999/'00;;;;;;;;;;;;;;;;
7301;Totaal mannen en vrouwen;0;2;7;Twee jaar na afstuderen;4;Cohort 2000/'01;;;;;;;;;;;;;;;;
7302;Totaal mannen en vrouwen;0;2;7;Twee jaar na afstuderen;4;Cohort 2001/'02;;;;;;;;;;;;;;;;
7303;Totaal mannen en vrouwen;0;2;7;Twee jaar na afstuderen;4;Cohort 2002/'03;;;;;;;;;;;;;;;;
7304;Totaal mannen en vrouwen;0;2;7;Twee jaar na afstuderen;4;Cohort 2003/'04;;;;;;;;;;;;;;;;
7305;Totaal mannen en vrouwen;0;2;7;Twee jaar na afstuderen;5;Cohort 1999/'00;;;;;;;;;;;;;;;;
7306;Totaal mannen en vrouwen;0;2;7;Twee jaar na afstuderen;5;Cohort 2000/'01;;;;;;;;;;;;;;;;
7307;Totaal mannen en vrouwen;0;2;7;Twee jaar na afstuderen;5;Cohort 2001/'02;;;;;;;;;;;;;;;;
7308;Totaal mannen en vrouwen;0;2;7;Twee jaar na afstuderen;5;Cohort 2002/'03;;;;;;;;;;;;;;;;
7309;Totaal mannen en vrouwen;0;2;7;Twee jaar na afstuderen;5;Cohort 2003/'04;;;;;;;;;;;;;;;;
7310;Totaal mannen en vrouwen;0;2;7;Twee jaar na afstuderen;6;Cohort 1999/'00;;;;;;;;;;;;;;;;
7311;Totaal mannen en vrouwen;0;2;7;Twee jaar na afstuderen;6;Cohort 2000/'01;1.9;1.9;1.9;1.9;1.9;1.9;;;;;;;;;;
7312;Totaal mannen en vrouwen;0;2;7;Twee jaar na afstuderen;6;Cohort 2001/'02;;;;;;;;;;;;;;;;
7313;Totaal mannen en vrouwen;0;2;7;Twee jaar na afstuderen;6;Cohort 2002/'03;;;;;;;;;;;;;;;;
7314;Totaal mannen en vrouwen;0;2;7;Twee jaar na afstuderen;6;Cohort 2003/'04;2.8;2.8;2.8;2.8;2.8;2.8;;;;;;;;;;
7315;Totaal mannen en vrouwen;0;2;7;Twee jaar na afstuderen;7;Cohort 1999/'00;;;;;;;;;;;;;;;;
7316;Totaal mannen en vrouwen;0;2;7;Twee jaar na afstuderen;7;Cohort 2000/'01;1.8;1.9;1.8;1.9;1.8;1.9;;;;;;;;;;
7317;Totaal mannen en vrouwen;0;2;7;Twee jaar na afstuderen;7;Cohort 2001/'02;;;;;;;;;;;;;;;;
7318;Totaal mannen en vrouwen;0;2;7;Twee jaar na afstuderen;7;Cohort 2002/'03;;;;;;;;;;;;;;;;
7319;Totaal mannen en vrouwen;0;2;7;Twee jaar na afstuderen;7;Cohort 2003/'04;;;;;;;;;;;;;;;;
7320;Totaal mannen en vrouwen;0;2;7;Twee jaar na afstuderen;8;Cohort 1999/'00;0.8;;0.8;;0.8;;;;;;;;;;;
7321;Totaal mannen en vrouwen;0;2;7;Twee jaar na afstuderen;8;Cohort 2000/'01;;;;;;;;;;;;;;;;
7322;Totaal mannen en vrouwen;0;2;7;Twee jaar na afstuderen;8;Cohort 2001/'02;0.6;;0.6;;0.6;;;;;;;;;;;
7323;Totaal mannen en vrouwen;0;2;7;Twee jaar na afstuderen;8;Cohort 2002/'03;;;;;;;;;;;;;;;;
7324;Totaal mannen en vrouwen;0;2;7;Twee jaar na afstuderen;8;Cohort 2003/'04;1.5;;1.5;;1.5;;;;;;;;;;;
7325;Totaal mannen en vrouwen;0;2;7;Twee jaar na afstuderen;9;Cohort 1999/'00;1.7;1.7;1.7;1.7;1.7;1.7;;;1.7;;;;1.7;;;
7326;Totaal mannen en vrouwen;0;2;7;Twee jaar na afstuderen;9;Cohort 2000/'01;;;;;;;;;;;;;;;;
7327;Totaal mannen en vrouwen;0;2;7;Twee jaar na afstuderen;9;Cohort 2001/'02;;;;;;;;;;;;;;;;
7328;Totaal mannen en vrouwen;0;2;7;Twee jaar na afstuderen;9;Cohort 2002/'03;4.7;4.7;4.7;4.7;4.7;4.7;;;;;;;;;;
7329;Totaal mannen en vrouwen;0;2;7;Twee jaar na afstuderen;9;Cohort 2003/'04;2.3;;2.3;;2.3;;;;;;;;;;;
7330;Totaal mannen en vrouwen;0;2;7;Twee jaar na afstuderen;M Onderwijs;Cohort 1999/'00;2.2;2.5;2.2;2.4;2.2;2.4;1.9;;2.6;3.2;;;2.6;3.2;;
7331;Totaal mannen en vrouwen;0;2;7;Twee jaar na afstuderen;M Onderwijs;Cohort 2000/'01;2.1;2.3;2.1;2.3;2.1;2.3;;;;;;;;;;
7332;Totaal mannen en vrouwen;0;2;7;Twee jaar na afstuderen;M Onderwijs;Cohort 2001/'02;2.4;2.6;2.4;2.6;2.4;2.6;;;2.2;2.2;;;2.2;2.2;;
7333;Totaal mannen en vrouwen;0;2;7;Twee jaar na afstuderen;M Onderwijs;Cohort 2002/'03;2.2;2.6;2.2;2.6;2.2;2.6;;;1.9;;;;1.9;;;
7334;Totaal mannen en vrouwen;0;2;7;Twee jaar na afstuderen;M Onderwijs;Cohort 2003/'04;2.3;2.5;2.3;2.5;2.3;2.5;2.0;;;;;;;;;
7335;Totaal mannen en vrouwen;0;2;7;Twee jaar na afstuderen;N Gezondheids- en welzijnszorg;Cohort 1999/'00;;;;;;;;;;;;;;;;
7336;Totaal mannen en vrouwen;0;2;7;Twee jaar na afstuderen;N Gezondheids- en welzijnszorg;Cohort 2000/'01;;;;;;;;;;;;;;;;
7337;Totaal mannen en vrouwen;0;2;7;Twee jaar na afstuderen;N Gezondheids- en welzijnszorg;Cohort 2001/'02;1.4;;1.4;;1.4;;;;;;;;;;;
7338;Totaal mannen en vrouwen;0;2;7;Twee jaar na afstuderen;N Gezondheids- en welzijnszorg;Cohort 2002/'03;1.5;;1.5;;1.5;;;;;;;;;;;
7339;Totaal mannen en vrouwen;0;2;7;Twee jaar na afstuderen;N Gezondheids- en welzijnszorg;Cohort 2003/'04;2.3;;2.3;;2.3;;;;;;;;;;;
7340;Totaal mannen en vrouwen;0;2;7;Twee jaar na afstuderen;9000e Milieu, cultuur, recreatie en ..;Cohort 1999/'00;;;;;;;;;;;;;;;;
7341;Totaal mannen en vrouwen;0;2;7;Twee jaar na afstuderen;9000e Milieu, cultuur, recreatie en ..;Cohort 2000/'01;;;;;;;;;;;;;;;;
7342;Totaal mannen en vrouwen;0;2;7;Twee jaar na afstuderen;9000e Milieu, cultuur, recreatie en ..;Cohort 2001/'02;0.6;;0.6;;0.6;;;;;;;;;;;
7343;Totaal mannen en vrouwen;0;2;7;Twee jaar na afstuderen;9000e Milieu, cultuur, recreatie en ..;Cohort 2002/'03;1.1;;;;;;;;1.1;;;;1.1;;;
7344;Totaal mannen en vrouwen;0;2;7;Twee jaar na afstuderen;9000e Milieu, cultuur, recreatie en ..;Cohort 2003/'04;;;;;;;;;;;;;;;;
7345;Totaal mannen en vrouwen;0;2;7;Twee jaar na afstuderen;Onbekend;Cohort 1999/'00;;;;;;;;;;;;;;;;
7346;Totaal mannen en vrouwen;0;2;7;Twee jaar na afstuderen;Onbekend;Cohort 2000/'01;;;;;;;;;;;;;;;;
7347;Totaal mannen en vrouwen;0;2;7;Twee jaar na afstuderen;Onbekend;Cohort 2001/'02;;;;;;;;;;;;;;;;
7348;Totaal mannen en vrouwen;0;2;7;Twee jaar na afstuderen;Onbekend;Cohort 2002/'03;;;;;;;;;;;;;;;;
7349;Totaal mannen en vrouwen;0;2;7;Twee jaar na afstuderen;Onbekend;Cohort 2003/'04;;;;;;;;;;;;;;;;
7350;Totaal mannen en vrouwen;0;2;7;Drie jaar na afstuderen;0;Cohort 1999/'00;2.1;2.4;2.1;2.4;2.1;2.4;2.0;;1.7;;;;1.7;;;
7351;Totaal mannen en vrouwen;0;2;7;Drie jaar na afstuderen;0;Cohort 2000/'01;2.3;2.6;2.3;2.6;2.3;2.6;;;;;;;;;;
7352;Totaal mannen en vrouwen;0;2;7;Drie jaar na afstuderen;0;Cohort 2001/'02;2.3;2.6;2.3;2.6;2.3;2.6;;;2.6;;;;2.6;;;
7353;Totaal mannen en vrouwen;0;2;7;Drie jaar na afstuderen;0;Cohort 2002/'03;2.2;2.7;2.3;2.7;2.3;2.7;;;1.3;;;;1.3;;;
7354;Totaal mannen en vrouwen;0;2;7;Drie jaar na afstuderen;0;Cohort 2003/'04;2.4;2.8;2.4;2.8;2.4;2.8;;;;;;;;;;
7355;Totaal mannen en vrouwen;0;2;7;Drie jaar na afstuderen;1;Cohort 1999/'00;;;;;;;;;;;;;;;;
7356;Totaal mannen en vrouwen;0;2;7;Drie jaar na afstuderen;1;Cohort 2000/'01;;;;;;;;;;;;;;;;
7357;Totaal mannen en vrouwen;0;2;7;Drie jaar na afstuderen;1;Cohort 2001/'02;;;;;;;;;;;;;;;;
7358;Totaal mannen en vrouwen;0;2;7;Drie jaar na afstuderen;1;Cohort 2002/'03;;;;;;;;;;;;;;;;
7359;Totaal mannen en vrouwen;0;2;7;Drie jaar na afstuderen;1;Cohort 2003/'04;;;;;;;;;;;;;;;;
7360;Totaal mannen en vrouwen;0;2;7;Drie jaar na afstuderen;2;Cohort 1999/'00;2.4;2.4;2.4;2.4;2.4;2.4;;;;;;;;;;
7361;Totaal mannen en vrouwen;0;2;7;Drie jaar na afstuderen;2;Cohort 2000/'01;1.9;;1.9;;1.9;;;;;;;;;;;
7362;Totaal mannen en vrouwen;0;2;7;Drie jaar na afstuderen;2;Cohort 2001/'02;2.8;;;;;;;;2.8;;;;2.8;;;
7363;Totaal mannen en vrouwen;0;2;7;Drie jaar na afstuderen;2;Cohort 2002/'03;;;;;;;;;;;;;;;;
7364;Totaal mannen en vrouwen;0;2;7;Drie jaar na afstuderen;2;Cohort 2003/'04;;;;;;;;;;;;;;;;
7365;Totaal mannen en vrouwen;0;2;7;Drie jaar na afstuderen;3;Cohort 1999/'00;;;;;;;;;;;;;;;;
7366;Totaal mannen en vrouwen;0;2;7;Drie jaar na afstuderen;3;Cohort 2000/'01;;;;;;;;;;;;;;;;
7367;Totaal mannen en vrouwen;0;2;7;Drie jaar na afstuderen;3;Cohort 2001/'02;;;;;;;;;;;;;;;;
7368;Totaal mannen en vrouwen;0;2;7;Drie jaar na afstuderen;3;Cohort 2002/'03;;;;;;;;;;;;;;;;
7369;Totaal mannen en vrouwen;0;2;7;Drie jaar na afstuderen;3;Cohort 2003/'04;;;;;;;;;;;;;;;;
7370;Totaal mannen en vrouwen;0;2;7;Drie jaar na afstuderen;4;Cohort 1999/'00;;;;;;;;;;;;;;;;
7371;Totaal mannen en vrouwen;0;2;7;Drie jaar na afstuderen;4;Cohort 2000/'01;;;;;;;;;;;;;;;;
7372;Totaal mannen en vrouwen;0;2;7;Drie jaar na afstuderen;4;Cohort 2001/'02;;;;;;;;;;;;;;;;
7373;Totaal mannen en vrouwen;0;2;7;Drie jaar na afstuderen;4;Cohort 2002/'03;;;;;;;;;;;;;;;;
7374;Totaal mannen en vrouwen;0;2;7;Drie jaar na afstuderen;4;Cohort 2003/'04;;;;;;;;;;;;;;;;
7375;Totaal mannen en vrouwen;0;2;7;Drie jaar na afstuderen;5;Cohort 1999/'00;1.7;;1.7;;1.7;;;;;;;;;;;
7376;Totaal mannen en vrouwen;0;2;7;Drie jaar na afstuderen;5;Cohort 2000/'01;;;;;;;;;;;;;;;;
7377;Totaal mannen en vrouwen;0;2;7;Drie jaar na afstuderen;5;Cohort 2001/'02;;;;;;;;;;;;;;;;
7378;Totaal mannen en vrouwen;0;2;7;Drie jaar na afstuderen;5;Cohort 2002/'03;;;;;;;;;;;;;;;;
7379;Totaal mannen en vrouwen;0;2;7;Drie jaar na afstuderen;5;Cohort 2003/'04;1.4;;1.4;;1.4;;;;;;;;;;;
7380;Totaal mannen en vrouwen;0;2;7;Drie jaar na afstuderen;6;Cohort 1999/'00;;;;;;;;;;;;;;;;
7381;Totaal mannen en vrouwen;0;2;7;Drie jaar na afstuderen;6;Cohort 2000/'01;2.8;2.8;2.8;2.8;2.8;2.8;;;;;;;;;;
7382;Totaal mannen en vrouwen;0;2;7;Drie jaar na afstuderen;6;Cohort 2001/'02;2.0;2.0;2.0;2.0;2.0;2.0;;;;;;;;;;
7383;Totaal mannen en vrouwen;0;2;7;Drie jaar na afstuderen;6;Cohort 2002/'03;;;;;;;;;;;;;;;;
7384;Totaal mannen en vrouwen;0;2;7;Drie jaar na afstuderen;6;Cohort 2003/'04;4.2;4.2;4.2;4.2;4.2;4.2;;;;;;;;;;
7385;Totaal mannen en vrouwen;0;2;7;Drie jaar na afstuderen;7;Cohort 1999/'00;;;;;;;;;;;;;;;;
7386;Totaal mannen en vrouwen;0;2;7;Drie jaar na afstuderen;7;Cohort 2000/'01;2.1;2.1;2.1;2.1;2.1;2.1;;;;;;;;;;
7387;Totaal mannen en vrouwen;0;2;7;Drie jaar na afstuderen;7;Cohort 2001/'02;;;;;;;;;;;;;;;;
7388;Totaal mannen en vrouwen;0;2;7;Drie jaar na afstuderen;7;Cohort 2002/'03;;;;;;;;;;;;;;;;
7389;Totaal mannen en vrouwen;0;2;7;Drie jaar na afstuderen;7;Cohort 2003/'04;;;;;;;;;;;;;;;;
7390;Totaal mannen en vrouwen;0;2;7;Drie jaar na afstuderen;8;Cohort 1999/'00;;;;;;;;;;;;;;;;
7391;Totaal mannen en vrouwen;0;2;7;Drie jaar na afstuderen;8;Cohort 2000/'01;1.6;;1.6;;1.6;;;;;;;;;;;
7392;Totaal mannen en vrouwen;0;2;7;Drie jaar na afstuderen;8;Cohort 2001/'02;;;;;;;;;;;;;;;;
7393;Totaal mannen en vrouwen;0;2;7;Drie jaar na afstuderen;8;Cohort 2002/'03;0.5;;0.5;;0.5;;;;;;;;;;;
7394;Totaal mannen en vrouwen;0;2;7;Drie jaar na afstuderen;8;Cohort 2003/'04;1.5;;1.5;;1.5;;;;;;;;;;;
7395;Totaal mannen en vrouwen;0;2;7;Drie jaar na afstuderen;9;Cohort 1999/'00;1.6;2.0;1.6;2.0;1.6;2.0;;;;;;;;;;
7396;Totaal mannen en vrouwen;0;2;7;Drie jaar na afstuderen;9;Cohort 2000/'01;2.3;2.3;2.3;2.3;2.3;2.3;;;;;;;;;;
7397;Totaal mannen en vrouwen;0;2;7;Drie jaar na afstuderen;9;Cohort 2001/'02;1.6;1.6;1.6;1.6;1.6;1.6;;;;;;;;;;
7398;Totaal mannen en vrouwen;0;2;7;Drie jaar na afstuderen;9;Cohort 2002/'03;3.0;3.0;3.0;3.0;3.0;3.0;;;;;;;;;;
7399;Totaal mannen en vrouwen;0;2;7;Drie jaar na afstuderen;9;Cohort 2003/'04;2.4;;2.4;;2.4;;;;;;;;;;;
7400;Totaal mannen en vrouwen;0;2;7;Drie jaar na afstuderen;M Onderwijs;Cohort 1999/'00;2.1;2.4;2.2;2.4;2.2;2.4;2.0;;1.7;;;;1.7;;;
7401;Totaal mannen en vrouwen;0;2;7;Drie jaar na afstuderen;M Onderwijs;Cohort 2000/'01;2.3;2.7;2.3;2.7;2.3;2.7;;;;;;;;;;
7402;Totaal mannen en vrouwen;0;2;7;Drie jaar na afstuderen;M Onderwijs;Cohort 2001/'02;2.4;2.6;2.4;2.6;2.4;2.6;;;2.4;;;;2.4;;;
7403;Totaal mannen en vrouwen;0;2;7;Drie jaar na afstuderen;M Onderwijs;Cohort 2002/'03;2.3;2.7;2.3;2.7;2.3;2.7;;;;;;;;;;
7404;Totaal mannen en vrouwen;0;2;7;Drie jaar na afstuderen;M Onderwijs;Cohort 2003/'04;2.5;2.7;2.5;2.7;2.5;2.7;;;;;;;;;;
7405;Totaal mannen en vrouwen;0;2;7;Drie jaar na afstuderen;N Gezondheids- en welzijnszorg;Cohort 1999/'00;;;;;;;;;;;;;;;;
7406;Totaal mannen en vrouwen;0;2;7;Drie jaar na afstuderen;N Gezondheids- en welzijnszorg;Cohort 2000/'01;;;;;;;;;;;;;;;;
7407;Totaal mannen en vrouwen;0;2;7;Drie jaar na afstuderen;N Gezondheids- en welzijnszorg;Cohort 2001/'02;1.4;;1.4;;1.4;;;;;;;;;;;
7408;Totaal mannen en vrouwen;0;2;7;Drie jaar na afstuderen;N Gezondheids- en welzijnszorg;Cohort 2002/'03;;;;;;;;;;;;;;;;
7409;Totaal mannen en vrouwen;0;2;7;Drie jaar na afstuderen;N Gezondheids- en welzijnszorg;Cohort 2003/'04;2.3;;2.3;;2.3;;;;;;;;;;;
7410;Totaal mannen en vrouwen;0;2;7;Drie jaar na afstuderen;9000e Milieu, cultuur, recreatie en ..;Cohort 1999/'00;;;;;;;;;;;;;;;;
7411;Totaal mannen en vrouwen;0;2;7;Drie jaar na afstuderen;9000e Milieu, cultuur, recreatie en ..;Cohort 2000/'01;;;;;;;;;;;;;;;;
7412;Totaal mannen en vrouwen;0;2;7;Drie jaar na afstuderen;9000e Milieu, cultuur, recreatie en ..;Cohort 2001/'02;1.1;;1.1;;1.1;;;;;;;;;;;
7413;Totaal mannen en vrouwen;0;2;7;Drie jaar na afstuderen;9000e Milieu, cultuur, recreatie en ..;Cohort 2002/'03;1.2;;1.2;;1.2;;;;1.3;;;;1.3;;;
7414;Totaal mannen en vrouwen;0;2;7;Drie jaar na afstuderen;9000e Milieu, cultuur, recreatie en ..;Cohort 2003/'04;;;;;;;;;;;;;;;;
7415;Totaal mannen en vrouwen;0;2;7;Drie jaar na afstuderen;Onbekend;Cohort 1999/'00;;;;;;;;;;;;;;;;
7416;Totaal mannen en vrouwen;0;2;7;Drie jaar na afstuderen;Onbekend;Cohort 2000/'01;;;;;;;;;;;;;;;;
7417;Totaal mannen en vrouwen;0;2;7;Drie jaar na afstuderen;Onbekend;Cohort 2001/'02;;;;;;;;;;;;;;;;
7418;Totaal mannen en vrouwen;0;2;7;Drie jaar na afstuderen;Onbekend;Cohort 2002/'03;;;;;;;;;;;;;;;;
7419;Totaal mannen en vrouwen;0;2;7;Drie jaar na afstuderen;Onbekend;Cohort 2003/'04;;;;;;;;;;;;;;;;
7420;Totaal mannen en vrouwen;0;2;7;Vier jaar na afstuderen;0;Cohort 1999/'00;2.3;2.6;2.4;2.6;2.4;2.6;1.8;;1.9;;;;1.9;;;
7421;Totaal mannen en vrouwen;0;2;7;Vier jaar na afstuderen;0;Cohort 2000/'01;2.3;2.5;2.3;2.5;2.3;2.5;;;;;;;;;;
7422;Totaal mannen en vrouwen;0;2;7;Vier jaar na afstuderen;0;Cohort 2001/'02;2.4;2.8;2.4;2.8;2.4;2.8;;;2.9;3.1;;;2.9;3.1;;
7423;Totaal mannen en vrouwen;0;2;7;Vier jaar na afstuderen;0;Cohort 2002/'03;2.2;2.6;2.2;2.6;2.2;2.6;;;2.0;;;;2.0;;;
7424;Totaal mannen en vrouwen;0;2;7;Vier jaar na afstuderen;0;Cohort 2003/'04;2.5;2.8;2.5;2.8;2.5;2.8;2.2;;;;;;;;;
7425;Totaal mannen en vrouwen;0;2;7;Vier jaar na afstuderen;1;Cohort 1999/'00;;;;;;;;;;;;;;;;
7426;Totaal mannen en vrouwen;0;2;7;Vier jaar na afstuderen;1;Cohort 2000/'01;;;;;;;;;;;;;;;;
7427;Totaal mannen en vrouwen;0;2;7;Vier jaar na afstuderen;1;Cohort 2001/'02;;;;;;;;;;;;;;;;
7428;Totaal mannen en vrouwen;0;2;7;Vier jaar na afstuderen;1;Cohort 2002/'03;0.9;0.9;0.9;0.9;0.9;0.9;;;;;;;;;;
7429;Totaal mannen en vrouwen;0;2;7;Vier jaar na afstuderen;1;Cohort 2003/'04;;;;;;;;;;;;;;;;
7430;Totaal mannen en vrouwen;0;2;7;Vier jaar na afstuderen;2;Cohort 1999/'00;2.6;2.6;2.6;2.6;2.6;2.6;;;;;;;;;;
7431;Totaal mannen en vrouwen;0;2;7;Vier jaar na afstuderen;2;Cohort 2000/'01;1.9;1.9;1.9;1.9;1.9;1.9;;;;;;;;;;
7432;Totaal mannen en vrouwen;0;2;7;Vier jaar na afstuderen;2;Cohort 2001/'02;;;;;;;;;;;;;;;;
7433;Totaal mannen en vrouwen;0;2;7;Vier jaar na afstuderen;2;Cohort 2002/'03;;;;;;;;;;;;;;;;
7434;Totaal mannen en vrouwen;0;2;7;Vier jaar na afstuderen;2;Cohort 2003/'04;;;;;;;;;;;;;;;;
7435;Totaal mannen en vrouwen;0;2;7;Vier jaar na afstuderen;3;Cohort 1999/'00;;;;;;;;;;;;;;;;
7436;Totaal mannen en vrouwen;0;2;7;Vier jaar na afstuderen;3;Cohort 2000/'01;;;;;;;;;;;;;;;;
7437;Totaal mannen en vrouwen;0;2;7;Vier jaar na afstuderen;3;Cohort 2001/'02;;;;;;;;;;;;;;;;
7438;Totaal mannen en vrouwen;0;2;7;Vier jaar na afstuderen;3;Cohort 2002/'03;;;;;;;;;;;;;;;;
7439;Totaal mannen en vrouwen;0;2;7;Vier jaar na afstuderen;3;Cohort 2003/'04;;;;;;;;;;;;;;;;
7440;Totaal mannen en vrouwen;0;2;7;Vier jaar na afstuderen;4;Cohort 1999/'00;;;;;;;;;;;;;;;;
7441;Totaal mannen en vrouwen;0;2;7;Vier jaar na afstuderen;4;Cohort 2000/'01;;;;;;;;;;;;;;;;
7442;Totaal mannen en vrouwen;0;2;7;Vier jaar na afstuderen;4;Cohort 2001/'02;;;;;;;;;;;;;;;;
7443;Totaal mannen en vrouwen;0;2;7;Vier jaar na afstuderen;4;Cohort 2002/'03;;;;;;;;;;;;;;;;
7444;Totaal mannen en vrouwen;0;2;7;Vier jaar na afstuderen;4;Cohort 2003/'04;;;;;;;;;;;;;;;;
7445;Totaal mannen en vrouwen;0;2;7;Vier jaar na afstuderen;5;Cohort 1999/'00;1.8;;1.8;;1.8;;;;;;;;;;;
7446;Totaal mannen en vrouwen;0;2;7;Vier jaar na afstuderen;5;Cohort 2000/'01;;;;;;;;;;;;;;;;
7447;Totaal mannen en vrouwen;0;2;7;Vier jaar na afstuderen;5;Cohort 2001/'02;;;;;;;;;;;;;;;;
7448;Totaal mannen en vrouwen;0;2;7;Vier jaar na afstuderen;5;Cohort 2002/'03;;;;;;;;;;;;;;;;
7449;Totaal mannen en vrouwen;0;2;7;Vier jaar na afstuderen;5;Cohort 2003/'04;1.7;;1.7;;1.7;;;;;;;;;;;
7450;Totaal mannen en vrouwen;0;2;7;Vier jaar na afstuderen;6;Cohort 1999/'00;;;;;;;;;;;;;;;;
7451;Totaal mannen en vrouwen;0;2;7;Vier jaar na afstuderen;6;Cohort 2000/'01;;;;;;;;;;;;;;;;
7452;Totaal mannen en vrouwen;0;2;7;Vier jaar na afstuderen;6;Cohort 2001/'02;2.3;2.3;2.3;2.3;2.3;2.3;;;;;;;;;;
7453;Totaal mannen en vrouwen;0;2;7;Vier jaar na afstuderen;6;Cohort 2002/'03;;;;;;;;;;;;;;;;
7454;Totaal mannen en vrouwen;0;2;7;Vier jaar na afstuderen;6;Cohort 2003/'04;2.7;;2.7;;2.7;;;;;;;;;;;
7455;Totaal mannen en vrouwen;0;2;7;Vier jaar na afstuderen;7;Cohort 1999/'00;1.6;1.6;1.6;1.6;1.6;1.6;;;;;;;;;;
7456;Totaal mannen en vrouwen;0;2;7;Vier jaar na afstuderen;7;Cohort 2000/'01;2.1;2.1;2.1;2.1;2.1;2.1;;;;;;;;;;
7457;Totaal mannen en vrouwen;0;2;7;Vier jaar na afstuderen;7;Cohort 2001/'02;3.6;3.6;;;;;;;3.6;3.6;;;3.6;3.6;;
7458;Totaal mannen en vrouwen;0;2;7;Vier jaar na afstuderen;7;Cohort 2002/'03;;;;;;;;;;;;;;;;
7459;Totaal mannen en vrouwen;0;2;7;Vier jaar na afstuderen;7;Cohort 2003/'04;;;;;;;;;;;;;;;;
7460;Totaal mannen en vrouwen;0;2;7;Vier jaar na afstuderen;8;Cohort 1999/'00;;;;;;;;;;;;;;;;
7461;Totaal mannen en vrouwen;0;2;7;Vier jaar na afstuderen;8;Cohort 2000/'01;;;;;;;;;;;;;;;;
7462;Totaal mannen en vrouwen;0;2;7;Vier jaar na afstuderen;8;Cohort 2001/'02;;;;;;;;;;;;;;;;
7463;Totaal mannen en vrouwen;0;2;7;Vier jaar na afstuderen;8;Cohort 2002/'03;;;;;;;;;;;;;;;;
7464;Totaal mannen en vrouwen;0;2;7;Vier jaar na afstuderen;8;Cohort 2003/'04;;;;;;;;;;;;;;;;
7465;Totaal mannen en vrouwen;0;2;7;Vier jaar na afstuderen;9;Cohort 1999/'00;2.1;2.0;2.1;2.0;2.1;2.0;;;;;;;;;;
7466;Totaal mannen en vrouwen;0;2;7;Vier jaar na afstuderen;9;Cohort 2000/'01;2.9;2.9;2.9;2.9;2.9;2.9;;;;;;;;;;
7467;Totaal mannen en vrouwen;0;2;7;Vier jaar na afstuderen;9;Cohort 2001/'02;;;;;;;;;;;;;;;;
7468;Totaal mannen en vrouwen;0;2;7;Vier jaar na afstuderen;9;Cohort 2002/'03;3.4;3.4;3.4;3.4;3.4;3.4;;;;;;;;;;
7469;Totaal mannen en vrouwen;0;2;7;Vier jaar na afstuderen;9;Cohort 2003/'04;2.7;;2.7;;2.7;;;;;;;;;;;
7470;Totaal mannen en vrouwen;0;2;7;Vier jaar na afstuderen;M Onderwijs;Cohort 1999/'00;2.4;2.7;2.5;2.7;2.5;2.7;1.8;;1.9;;;;1.9;;;
7471;Totaal mannen en vrouwen;0;2;7;Vier jaar na afstuderen;M Onderwijs;Cohort 2000/'01;2.3;2.6;2.3;2.6;2.3;2.6;;;;;;;;;;
7472;Totaal mannen en vrouwen;0;2;7;Vier jaar na afstuderen;M Onderwijs;Cohort 2001/'02;2.5;2.8;2.5;2.8;2.5;2.8;;;2.5;2.6;;;2.5;2.6;;
7473;Totaal mannen en vrouwen;0;2;7;Vier jaar na afstuderen;M Onderwijs;Cohort 2002/'03;2.3;2.7;2.3;2.7;2.3;2.7;;;2.0;;;;2.0;;;
7474;Totaal mannen en vrouwen;0;2;7;Vier jaar na afstuderen;M Onderwijs;Cohort 2003/'04;2.5;2.8;2.5;2.8;2.5;2.8;2.2;;;;;;;;;
7475;Totaal mannen en vrouwen;0;2;7;Vier jaar na afstuderen;N Gezondheids- en welzijnszorg;Cohort 1999/'00;;;;;;;;;;;;;;;;
7476;Totaal mannen en vrouwen;0;2;7;Vier jaar na afstuderen;N Gezondheids- en welzijnszorg;Cohort 2000/'01;;;;;;;;;;;;;;;;
7477;Totaal mannen en vrouwen;0;2;7;Vier jaar na afstuderen;N Gezondheids- en welzijnszorg;Cohort 2001/'02;1.5;;1.5;;1.5;;;;;;;;;;;
7478;Totaal mannen en vrouwen;0;2;7;Vier jaar na afstuderen;N Gezondheids- en welzijnszorg;Cohort 2002/'03;0.6;;0.6;;0.6;;;;;;;;;;;
7479;Totaal mannen en vrouwen;0;2;7;Vier jaar na afstuderen;N Gezondheids- en welzijnszorg;Cohort 2003/'04;2.4;;2.4;;2.4;;;;;;;;;;;
7480;Totaal mannen en vrouwen;0;2;7;Vier jaar na afstuderen;9000e Milieu, cultuur, recreatie en ..;Cohort 1999/'00;;;;;;;;;;;;;;;;
7481;Totaal mannen en vrouwen;0;2;7;Vier jaar na afstuderen;9000e Milieu, cultuur, recreatie en ..;Cohort 2000/'01;;;;;;;;;;;;;;;;
7482;Totaal mannen en vrouwen;0;2;7;Vier jaar na afstuderen;9000e Milieu, cultuur, recreatie en ..;Cohort 2001/'02;1.4;;1.4;;1.4;;;;;;;;;;;
7483;Totaal mannen en vrouwen;0;2;7;Vier jaar na afstuderen;9000e Milieu, cultuur, recreatie en ..;Cohort 2002/'03;;;;;;;;;;;;;;;;
7484;Totaal mannen en vrouwen;0;2;7;Vier jaar na afstuderen;9000e Milieu, cultuur, recreatie en ..;Cohort 2003/'04;;;;;;;;;;;;;;;;
7485;Totaal mannen en vrouwen;0;2;7;Vier jaar na afstuderen;Onbekend;Cohort 1999/'00;;;;;;;;;;;;;;;;
7486;Totaal mannen en vrouwen;0;2;7;Vier jaar na afstuderen;Onbekend;Cohort 2000/'01;;;;;;;;;;;;;;;;
7487;Totaal mannen en vrouwen;0;2;7;Vier jaar na afstuderen;Onbekend;Cohort 2001/'02;;;;;;;;;;;;;;;;
7488;Totaal mannen en vrouwen;0;2;7;Vier jaar na afstuderen;Onbekend;Cohort 2002/'03;;;;;;;;;;;;;;;;
7489;Totaal mannen en vrouwen;0;2;7;Vier jaar na afstuderen;Onbekend;Cohort 2003/'04;;;;;;;;;;;;;;;;
7490;Totaal mannen en vrouwen;0;2;7;Vijf jaar na afstuderen;0;Cohort 1999/'00;2.4;2.9;2.5;2.9;2.5;2.9;1.7;;2.0;;;;2.0;;;
7491;Totaal mannen en vrouwen;0;2;7;Vijf jaar na afstuderen;0;Cohort 2000/'01;2.4;2.7;2.4;2.7;2.4;2.7;;;;;;;;;;
7492;Totaal mannen en vrouwen;0;2;7;Vijf jaar na afstuderen;0;Cohort 2001/'02;2.5;3.0;2.5;2.9;2.5;2.9;;;3.3;3.8;;;3.3;3.8;;
7493;Totaal mannen en vrouwen;0;2;7;Vijf jaar na afstuderen;0;Cohort 2002/'03;2.5;2.9;2.5;2.9;2.5;2.9;;;;;;;;;;
7494;Totaal mannen en vrouwen;0;2;7;Vijf jaar na afstuderen;0;Cohort 2003/'04;;;;;;;;;;;;;;;;
7495;Totaal mannen en vrouwen;0;2;7;Vijf jaar na afstuderen;1;Cohort 1999/'00;;;;;;;;;;;;;;;;
7496;Totaal mannen en vrouwen;0;2;7;Vijf jaar na afstuderen;1;Cohort 2000/'01;;;;;;;;;;;;;;;;
7497;Totaal mannen en vrouwen;0;2;7;Vijf jaar na afstuderen;1;Cohort 2001/'02;;;;;;;;;;;;;;;;
7498;Totaal mannen en vrouwen;0;2;7;Vijf jaar na afstuderen;1;Cohort 2002/'03;;;;;;;;;;;;;;;;
7499;Totaal mannen en vrouwen;0;2;7;Vijf jaar na afstuderen;1;Cohort 2003/'04;;;;;;;;;;;;;;;;
7500;Totaal mannen en vrouwen;0;2;7;Vijf jaar na afstuderen;2;Cohort 1999/'00;2.9;2.9;2.9;2.9;2.9;2.9;;;;;;;;;;
7501;Totaal mannen en vrouwen;0;2;7;Vijf jaar na afstuderen;2;Cohort 2000/'01;2.0;2.0;2.0;2.0;2.0;2.0;;;;;;;;;;
7502;Totaal mannen en vrouwen;0;2;7;Vijf jaar na afstuderen;2;Cohort 2001/'02;;;;;;;;;;;;;;;;
7503;Totaal mannen en vrouwen;0;2;7;Vijf jaar na afstuderen;2;Cohort 2002/'03;;;;;;;;;;;;;;;;
7504;Totaal mannen en vrouwen;0;2;7;Vijf jaar na afstuderen;2;Cohort 2003/'04;;;;;;;;;;;;;;;;
7505;Totaal mannen en vrouwen;0;2;7;Vijf jaar na afstuderen;3;Cohort 1999/'00;;;;;;;;;;;;;;;;
7506;Totaal mannen en vrouwen;0;2;7;Vijf jaar na afstuderen;3;Cohort 2000/'01;;;;;;;;;;;;;;;;
7507;Totaal mannen en vrouwen;0;2;7;Vijf jaar na afstuderen;3;Cohort 2001/'02;;;;;;;;;;;;;;;;
7508;Totaal mannen en vrouwen;0;2;7;Vijf jaar na afstuderen;3;Cohort 2002/'03;;;;;;;;;;;;;;;;
7509;Totaal mannen en vrouwen;0;2;7;Vijf jaar na afstuderen;3;Cohort 2003/'04;;;;;;;;;;;;;;;;
7510;Totaal mannen en vrouwen;0;2;7;Vijf jaar na afstuderen;4;Cohort 1999/'00;;;;;;;;;;;;;;;;
7511;Totaal mannen en vrouwen;0;2;7;Vijf jaar na afstuderen;4;Cohort 2000/'01;;;;;;;;;;;;;;;;
7512;Totaal mannen en vrouwen;0;2;7;Vijf jaar na afstuderen;4;Cohort 2001/'02;;;;;;;;;;;;;;;;
7513;Totaal mannen en vrouwen;0;2;7;Vijf jaar na afstuderen;4;Cohort 2002/'03;;;;;;;;;;;;;;;;
7514;Totaal mannen en vrouwen;0;2;7;Vijf jaar na afstuderen;4;Cohort 2003/'04;;;;;;;;;;;;;;;;
7515;Totaal mannen en vrouwen;0;2;7;Vijf jaar na afstuderen;5;Cohort 1999/'00;1.9;;1.9;;1.9;;;;;;;;;;;
7516;Totaal mannen en vrouwen;0;2;7;Vijf jaar na afstuderen;5;Cohort 2000/'01;;;;;;;;;;;;;;;;
7517;Totaal mannen en vrouwen;0;2;7;Vijf jaar na afstuderen;5;Cohort 2001/'02;;;;;;;;;;;;;;;;
7518;Totaal mannen en vrouwen;0;2;7;Vijf jaar na afstuderen;5;Cohort 2002/'03;;;;;;;;;;;;;;;;
7519;Totaal mannen en vrouwen;0;2;7;Vijf jaar na afstuderen;5;Cohort 2003/'04;;;;;;;;;;;;;;;;
7520;Totaal mannen en vrouwen;0;2;7;Vijf jaar na afstuderen;6;Cohort 1999/'00;;;;;;;;;;;;;;;;
7521;Totaal mannen en vrouwen;0;2;7;Vijf jaar na afstuderen;6;Cohort 2000/'01;3.2;3.2;3.2;3.2;3.2;3.2;;;;;;;;;;
7522;Totaal mannen en vrouwen;0;2;7;Vijf jaar na afstuderen;6;Cohort 2001/'02;;;;;;;;;;;;;;;;
7523;Totaal mannen en vrouwen;0;2;7;Vijf jaar na afstuderen;6;Cohort 2002/'03;;;;;;;;;;;;;;;;
7524;Totaal mannen en vrouwen;0;2;7;Vijf jaar na afstuderen;6;Cohort 2003/'04;;;;;;;;;;;;;;;;
7525;Totaal mannen en vrouwen;0;2;7;Vijf jaar na afstuderen;7;Cohort 1999/'00;2.5;2.5;2.5;2.5;2.5;2.5;;;;;;;;;;
7526;Totaal mannen en vrouwen;0;2;7;Vijf jaar na afstuderen;7;Cohort 2000/'01;2.3;2.4;2.3;2.4;2.3;2.4;;;;;;;;;;
7527;Totaal mannen en vrouwen;0;2;7;Vijf jaar na afstuderen;7;Cohort 2001/'02;4.4;4.4;;;;;;;4.4;4.4;;;4.4;4.4;;
7528;Totaal mannen en vrouwen;0;2;7;Vijf jaar na afstuderen;7;Cohort 2002/'03;;;;;;;;;;;;;;;;
7529;Totaal mannen en vrouwen;0;2;7;Vijf jaar na afstuderen;7;Cohort 2003/'04;;;;;;;;;;;;;;;;
7530;Totaal mannen en vrouwen;0;2;7;Vijf jaar na afstuderen;8;Cohort 1999/'00;3.8;3.8;3.8;3.8;3.8;3.8;;;;;;;;;;
7531;Totaal mannen en vrouwen;0;2;7;Vijf jaar na afstuderen;8;Cohort 2000/'01;;;;;;;;;;;;;;;;
7532;Totaal mannen en vrouwen;0;2;7;Vijf jaar na afstuderen;8;Cohort 2001/'02;1.7;;1.7;;1.7;;;;;;;;;;;
7533;Totaal mannen en vrouwen;0;2;7;Vijf jaar na afstuderen;8;Cohort 2002/'03;;;;;;;;;;;;;;;;
7534;Totaal mannen en vrouwen;0;2;7;Vijf jaar na afstuderen;8;Cohort 2003/'04;;;;;;;;;;;;;;;;
7535;Totaal mannen en vrouwen;0;2;7;Vijf jaar na afstuderen;9;Cohort 1999/'00;2.3;2.2;2.3;2.2;2.3;2.2;;;;;;;;;;
7536;Totaal mannen en vrouwen;0;2;7;Vijf jaar na afstuderen;9;Cohort 2000/'01;2.7;2.7;2.7;2.7;2.7;2.7;;;;;;;;;;
7537;Totaal mannen en vrouwen;0;2;7;Vijf jaar na afstuderen;9;Cohort 2001/'02;;;;;;;;;;;;;;;;
7538;Totaal mannen en vrouwen;0;2;7;Vijf jaar na afstuderen;9;Cohort 2002/'03;3.6;3.6;3.6;3.6;3.6;3.6;;;;;;;;;;
7539;Totaal mannen en vrouwen;0;2;7;Vijf jaar na afstuderen;9;Cohort 2003/'04;;;;;;;;;;;;;;;;
7540;Totaal mannen en vrouwen;0;2;7;Vijf jaar na afstuderen;M Onderwijs;Cohort 1999/'00;2.4;2.9;2.4;2.9;2.5;2.9;1.7;;2.0;;;;2.0;;;
7541;Totaal mannen en vrouwen;0;2;7;Vijf jaar na afstuderen;M Onderwijs;Cohort 2000/'01;2.3;2.7;2.3;2.7;2.3;2.7;;;;;;;;;;
7542;Totaal mannen en vrouwen;0;2;7;Vijf jaar na afstuderen;M Onderwijs;Cohort 2001/'02;2.5;2.7;2.5;2.7;2.5;2.7;;;2.7;3.1;;;2.7;3.1;;
7543;Totaal mannen en vrouwen;0;2;7;Vijf jaar na afstuderen;M Onderwijs;Cohort 2002/'03;2.5;2.9;2.5;2.9;2.5;2.9;;;;;;;;;;
7544;Totaal mannen en vrouwen;0;2;7;Vijf jaar na afstuderen;M Onderwijs;Cohort 2003/'04;;;;;;;;;;;;;;;;
7545;Totaal mannen en vrouwen;0;2;7;Vijf jaar na afstuderen;N Gezondheids- en welzijnszorg;Cohort 1999/'00;;;;;;;;;;;;;;;;
7546;Totaal mannen en vrouwen;0;2;7;Vijf jaar na afstuderen;N Gezondheids- en welzijnszorg;Cohort 2000/'01;;;;;;;;;;;;;;;;
7547;Totaal mannen en vrouwen;0;2;7;Vijf jaar na afstuderen;N Gezondheids- en welzijnszorg;Cohort 2001/'02;1.7;;1.7;;1.7;;;;;;;;;;;
7548;Totaal mannen en vrouwen;0;2;7;Vijf jaar na afstuderen;N Gezondheids- en welzijnszorg;Cohort 2002/'03;1.2;;1.2;;1.2;;;;;;;;;;;
7549;Totaal mannen en vrouwen;0;2;7;Vijf jaar na afstuderen;N Gezondheids- en welzijnszorg;Cohort 2003/'04;;;;;;;;;;;;;;;;
7550;Totaal mannen en vrouwen;0;2;7;Vijf jaar na afstuderen;9000e Milieu, cultuur, recreatie en ..;Cohort 1999/'00;;;;;;;;;;;;;;;;
7551;Totaal mannen en vrouwen;0;2;7;Vijf jaar na afstuderen;9000e Milieu, cultuur, recreatie en ..;Cohort 2000/'01;;;;;;;;;;;;;;;;
7552;Totaal mannen en vrouwen;0;2;7;Vijf jaar na afstuderen;9000e Milieu, cultuur, recreatie en ..;Cohort 2001/'02;4.0;6.4;4.0;6.4;4.0;6.4;;;;;;;;;;
7553;Totaal mannen en vrouwen;0;2;7;Vijf jaar na afstuderen;9000e Milieu, cultuur, recreatie en ..;Cohort 2002/'03;;;;;;;;;;;;;;;;
7554;Totaal mannen en vrouwen;0;2;7;Vijf jaar na afstuderen;9000e Milieu, cultuur, recreatie en ..;Cohort 2003/'04;;;;;;;;;;;;;;;;
7555;Totaal mannen en vrouwen;0;2;7;Vijf jaar na afstuderen;Onbekend;Cohort 1999/'00;;;;;;;;;;;;;;;;
7556;Totaal mannen en vrouwen;0;2;7;Vijf jaar na afstuderen;Onbekend;Cohort 2000/'01;;;;;;;;;;;;;;;;
7557;Totaal mannen en vrouwen;0;2;7;Vijf jaar na afstuderen;Onbekend;Cohort 2001/'02;;;;;;;;;;;;;;;;
7558;Totaal mannen en vrouwen;0;2;7;Vijf jaar na afstuderen;Onbekend;Cohort 2002/'03;;;;;;;;;;;;;;;;
7559;Totaal mannen en vrouwen;0;2;7;Vijf jaar na afstuderen;Onbekend;Cohort 2003/'04;;;;;;;;;;;;;;;;
7560;Totaal mannen en vrouwen;0;2;8;Direct na afstuderen;0;Cohort 1999/'00;1.3;;1.3;;1.3;;1.2;;;;;;;;;
7561;Totaal mannen en vrouwen;0;2;8;Direct na afstuderen;0;Cohort 2000/'01;1.3;1.6;1.3;1.6;1.3;1.6;;;1.1;;;;1.1;;;
7562;Totaal mannen en vrouwen;0;2;8;Direct na afstuderen;0;Cohort 2001/'02;1.3;1.9;1.3;1.8;1.3;1.8;;;1.3;2.4;;;1.3;2.4;;
7563;Totaal mannen en vrouwen;0;2;8;Direct na afstuderen;0;Cohort 2002/'03;1.5;2.0;1.4;1.8;1.4;1.8;1.0;1.2;2.0;4.7;;;2.0;4.7;;
7564;Totaal mannen en vrouwen;0;2;8;Direct na afstuderen;0;Cohort 2003/'04;1.5;2.3;1.4;2.0;1.4;2.0;;;2.1;4.3;;;2.1;4.3;;
7565;Totaal mannen en vrouwen;0;2;8;Direct na afstuderen;1;Cohort 1999/'00;;;;;;;;;;;;;;;;
7566;Totaal mannen en vrouwen;0;2;8;Direct na afstuderen;1;Cohort 2000/'01;;;;;;;;;;;;;;;;
7567;Totaal mannen en vrouwen;0;2;8;Direct na afstuderen;1;Cohort 2001/'02;;;;;;;;;;;;;;;;
7568;Totaal mannen en vrouwen;0;2;8;Direct na afstuderen;1;Cohort 2002/'03;;;;;;;;;;;;;;;;
7569;Totaal mannen en vrouwen;0;2;8;Direct na afstuderen;1;Cohort 2003/'04;;;;;;;;;;;;;;;;
7570;Totaal mannen en vrouwen;0;2;8;Direct na afstuderen;2;Cohort 1999/'00;;;;;;;;;;;;;;;;
7571;Totaal mannen en vrouwen;0;2;8;Direct na afstuderen;2;Cohort 2000/'01;2.7;2.7;2.7;2.7;2.7;2.7;;;;;;;;;;
7572;Totaal mannen en vrouwen;0;2;8;Direct na afstuderen;2;Cohort 2001/'02;2.2;2.2;2.2;2.2;2.2;2.2;;;;;;;;;;
7573;Totaal mannen en vrouwen;0;2;8;Direct na afstuderen;2;Cohort 2002/'03;;;;;;;;;;;;;;;;
7574;Totaal mannen en vrouwen;0;2;8;Direct na afstuderen;2;Cohort 2003/'04;;;;;;;;;;;;;;;;
7575;Totaal mannen en vrouwen;0;2;8;Direct na afstuderen;3;Cohort 1999/'00;;;;;;;;;;;;;;;;
7576;Totaal mannen en vrouwen;0;2;8;Direct na afstuderen;3;Cohort 2000/'01;0.6;;0.6;;0.6;;;;;;;;;;;
7577;Totaal mannen en vrouwen;0;2;8;Direct na afstuderen;3;Cohort 2001/'02;0.5;;0.5;;0.5;;;;;;;;;;;
7578;Totaal mannen en vrouwen;0;2;8;Direct na afstuderen;3;Cohort 2002/'03;;;;;;;;;;;;;;;;
7579;Totaal mannen en vrouwen;0;2;8;Direct na afstuderen;3;Cohort 2003/'04;;;;;;;;;;;;;;;;
7580;Totaal mannen en vrouwen;0;2;8;Direct na afstuderen;4;Cohort 1999/'00;0.3;;0.3;;0.3;;;;;;;;;;;
7581;Totaal mannen en vrouwen;0;2;8;Direct na afstuderen;4;Cohort 2000/'01;0.5;;0.5;;0.5;;;;;;;;;;;
7582;Totaal mannen en vrouwen;0;2;8;Direct na afstuderen;4;Cohort 2001/'02;;;;;;;;;;;;;;;;
7583;Totaal mannen en vrouwen;0;2;8;Direct na afstuderen;4;Cohort 2002/'03;1.6;1.6;1.6;1.6;1.6;1.6;;;;;;;;;;
7584;Totaal mannen en vrouwen;0;2;8;Direct na afstuderen;4;Cohort 2003/'04;0.3;;0.3;;0.3;;;;;;;;;;;
7585;Totaal mannen en vrouwen;0;2;8;Direct na afstuderen;5;Cohort 1999/'00;;;;;;;;;;;;;;;;
7586;Totaal mannen en vrouwen;0;2;8;Direct na afstuderen;5;Cohort 2000/'01;1.6;1.6;1.6;1.6;1.6;1.6;;;;;;;;;;
7587;Totaal mannen en vrouwen;0;2;8;Direct na afstuderen;5;Cohort 2001/'02;1.7;;1.7;;1.7;;;;;;;;;;;
7588;Totaal mannen en vrouwen;0;2;8;Direct na afstuderen;5;Cohort 2002/'03;1.1;;1.1;;1.1;;;;;;;;;;;
7589;Totaal mannen en vrouwen;0;2;8;Direct na afstuderen;5;Cohort 2003/'04;;;;;;;;;;;;;;;;
7590;Totaal mannen en vrouwen;0;2;8;Direct na afstuderen;6;Cohort 1999/'00;1.0;;1.0;;1.0;;;;;;;;;;;
7591;Totaal mannen en vrouwen;0;2;8;Direct na afstuderen;6;Cohort 2000/'01;;;;;;;;;;;;;;;;
7592;Totaal mannen en vrouwen;0;2;8;Direct na afstuderen;6;Cohort 2001/'02;;;;;;;;;;;;;;;;
7593;Totaal mannen en vrouwen;0;2;8;Direct na afstuderen;6;Cohort 2002/'03;;;;;;;;;;;;;;;;
7594;Totaal mannen en vrouwen;0;2;8;Direct na afstuderen;6;Cohort 2003/'04;;;;;;;;;;;;;;;;
7595;Totaal mannen en vrouwen;0;2;8;Direct na afstuderen;7;Cohort 1999/'00;1.5;;1.5;;1.5;;;;;;;;;;;
7596;Totaal mannen en vrouwen;0;2;8;Direct na afstuderen;7;Cohort 2000/'01;0.9;2.0;0.9;2.0;0.9;2.0;;;;;;;;;;
7597;Totaal mannen en vrouwen;0;2;8;Direct na afstuderen;7;Cohort 2001/'02;0.4;;0.4;;0.4;;;;;;;;;;;
7598;Totaal mannen en vrouwen;0;2;8;Direct na afstuderen;7;Cohort 2002/'03;;;;;;;;;;;;;;;;
7599;Totaal mannen en vrouwen;0;2;8;Direct na afstuderen;7;Cohort 2003/'04;0.8;;0.8;;0.8;;;;;;;;;;;
7600;Totaal mannen en vrouwen;0;2;8;Direct na afstuderen;8;Cohort 1999/'00;1.1;;1.1;;1.1;;;;;;;;;;;
7601;Totaal mannen en vrouwen;0;2;8;Direct na afstuderen;8;Cohort 2000/'01;1.0;1.8;1.0;1.8;1.0;1.8;;;;;;;;;;
7602;Totaal mannen en vrouwen;0;2;8;Direct na afstuderen;8;Cohort 2001/'02;;;;;;;;;;;;;;;;
7603;Totaal mannen en vrouwen;0;2;8;Direct na afstuderen;8;Cohort 2002/'03;;;;;;;;;;;;;;;;
7604;Totaal mannen en vrouwen;0;2;8;Direct na afstuderen;8;Cohort 2003/'04;;;;;;;;;;;;;;;;
7605;Totaal mannen en vrouwen;0;2;8;Direct na afstuderen;9;Cohort 1999/'00;;;;;;;;;;;;;;;;
7606;Totaal mannen en vrouwen;0;2;8;Direct na afstuderen;9;Cohort 2000/'01;;;;;;;;;;;;;;;;
7607;Totaal mannen en vrouwen;0;2;8;Direct na afstuderen;9;Cohort 2001/'02;1.3;;1.3;;1.3;;;;;;;;;;;
7608;Totaal mannen en vrouwen;0;2;8;Direct na afstuderen;9;Cohort 2002/'03;0.7;;0.7;;0.7;;;;;;;;;;;
7609;Totaal mannen en vrouwen;0;2;8;Direct na afstuderen;9;Cohort 2003/'04;1.7;1.7;1.7;1.7;1.7;1.7;;;;;;;;;;
7610;Totaal mannen en vrouwen;0;2;8;Direct na afstuderen;M Onderwijs;Cohort 1999/'00;1.4;;1.4;;1.4;;1.2;;;;;;;;;
7611;Totaal mannen en vrouwen;0;2;8;Direct na afstuderen;M Onderwijs;Cohort 2000/'01;1.4;1.5;1.4;1.5;1.4;1.5;;;1.1;;;;1.1;;;
7612;Totaal mannen en vrouwen;0;2;8;Direct na afstuderen;M Onderwijs;Cohort 2001/'02;1.3;1.9;1.3;1.7;1.3;1.7;;;1.3;2.4;;;1.3;2.4;;
7613;Totaal mannen en vrouwen;0;2;8;Direct na afstuderen;M Onderwijs;Cohort 2002/'03;1.6;2.2;1.5;1.9;1.6;1.9;1.0;1.2;2.0;4.7;;;2.0;4.7;;
7614;Totaal mannen en vrouwen;0;2;8;Direct na afstuderen;M Onderwijs;Cohort 2003/'04;1.6;2.3;1.6;2.0;1.6;2.0;;;2.1;4.3;;;2.1;4.3;;
7615;Totaal mannen en vrouwen;0;2;8;Direct na afstuderen;N Gezondheids- en welzijnszorg;Cohort 1999/'00;1.4;;1.4;;1.4;;;;;;;;;;;
7616;Totaal mannen en vrouwen;0;2;8;Direct na afstuderen;N Gezondheids- en welzijnszorg;Cohort 2000/'01;;;;;;;;;;;;;;;;
7617;Totaal mannen en vrouwen;0;2;8;Direct na afstuderen;N Gezondheids- en welzijnszorg;Cohort 2001/'02;1.0;;1.0;;1.0;;;;;;;;;;;
7618;Totaal mannen en vrouwen;0;2;8;Direct na afstuderen;N Gezondheids- en welzijnszorg;Cohort 2002/'03;1.0;1.2;1.0;1.2;1.0;1.2;;;;;;;;;;
7619;Totaal mannen en vrouwen;0;2;8;Direct na afstuderen;N Gezondheids- en welzijnszorg;Cohort 2003/'04;2.6;2.6;2.6;2.6;2.6;2.6;;;;;;;;;;
7620;Totaal mannen en vrouwen;0;2;8;Direct na afstuderen;9000e Milieu, cultuur, recreatie en ..;Cohort 1999/'00;;;;;;;;;;;;;;;;
7621;Totaal mannen en vrouwen;0;2;8;Direct na afstuderen;9000e Milieu, cultuur, recreatie en ..;Cohort 2000/'01;0.7;;0.7;;0.7;;;;;;;;;;;
7622;Totaal mannen en vrouwen;0;2;8;Direct na afstuderen;9000e Milieu, cultuur, recreatie en ..;Cohort 2001/'02;;;;;;;;;;;;;;;;
7623;Totaal mannen en vrouwen;0;2;8;Direct na afstuderen;9000e Milieu, cultuur, recreatie en ..;Cohort 2002/'03;0.6;;0.6;;0.6;;;;;;;;;;;
7624;Totaal mannen en vrouwen;0;2;8;Direct na afstuderen;9000e Milieu, cultuur, recreatie en ..;Cohort 2003/'04;0.9;;0.9;;0.9;;;;;;;;;;;
7625;Totaal mannen en vrouwen;0;2;8;Direct na afstuderen;Onbekend;Cohort 1999/'00;;;;;;;;;;;;;;;;
7626;Totaal mannen en vrouwen;0;2;8;Direct na afstuderen;Onbekend;Cohort 2000/'01;;;;;;;;;;;;;;;;
7627;Totaal mannen en vrouwen;0;2;8;Direct na afstuderen;Onbekend;Cohort 2001/'02;;;;;;;;;;;;;;;;
7628;Totaal mannen en vrouwen;0;2;8;Direct na afstuderen;Onbekend;Cohort 2002/'03;;;;;;;;;;;;;;;;
7629;Totaal mannen en vrouwen;0;2;8;Direct na afstuderen;Onbekend;Cohort 2003/'04;;;;;;;;;;;;;;;;
7630;Totaal mannen en vrouwen;0;2;8;Één jaar na afstuderen;0;Cohort 1999/'00;1.7;2.0;1.7;2.0;1.7;2.0;2.0;;;;;;;;;
7631;Totaal mannen en vrouwen;0;2;8;Één jaar na afstuderen;0;Cohort 2000/'01;1.9;2.2;1.9;2.2;1.9;2.2;;;1.1;;;;1.1;;;
7632;Totaal mannen en vrouwen;0;2;8;Één jaar na afstuderen;0;Cohort 2001/'02;1.7;2.0;1.7;2.0;1.7;2.0;;;1.7;2.7;;;1.7;2.7;;
7633;Totaal mannen en vrouwen;0;2;8;Één jaar na afstuderen;0;Cohort 2002/'03;2.2;2.8;2.1;2.5;2.1;2.6;2.3;2.4;2.7;6.1;;;2.7;6.1;;
7634;Totaal mannen en vrouwen;0;2;8;Één jaar na afstuderen;0;Cohort 2003/'04;1.9;2.2;1.9;2.2;1.9;2.2;;;2.2;;;;2.2;;;
7635;Totaal mannen en vrouwen;0;2;8;Één jaar na afstuderen;1;Cohort 1999/'00;;;;;;;;;;;;;;;;
7636;Totaal mannen en vrouwen;0;2;8;Één jaar na afstuderen;1;Cohort 2000/'01;;;;;;;;;;;;;;;;
7637;Totaal mannen en vrouwen;0;2;8;Één jaar na afstuderen;1;Cohort 2001/'02;;;;;;;;;;;;;;;;
7638;Totaal mannen en vrouwen;0;2;8;Één jaar na afstuderen;1;Cohort 2002/'03;;;;;;;;;;;;;;;;
7639;Totaal mannen en vrouwen;0;2;8;Één jaar na afstuderen;1;Cohort 2003/'04;;;;;;;;;;;;;;;;
7640;Totaal mannen en vrouwen;0;2;8;Één jaar na afstuderen;2;Cohort 1999/'00;2.2;2.2;2.2;2.2;2.2;2.2;;;;;;;;;;
7641;Totaal mannen en vrouwen;0;2;8;Één jaar na afstuderen;2;Cohort 2000/'01;2.6;2.6;2.6;2.6;2.6;2.6;;;;;;;;;;
7642;Totaal mannen en vrouwen;0;2;8;Één jaar na afstuderen;2;Cohort 2001/'02;;;;;;;;;;;;;;;;
7643;Totaal mannen en vrouwen;0;2;8;Één jaar na afstuderen;2;Cohort 2002/'03;;;;;;;;;;;;;;;;
7644;Totaal mannen en vrouwen;0;2;8;Één jaar na afstuderen;2;Cohort 2003/'04;;;;;;;;;;;;;;;;
7645;Totaal mannen en vrouwen;0;2;8;Één jaar na afstuderen;3;Cohort 1999/'00;;;;;;;;;;;;;;;;
7646;Totaal mannen en vrouwen;0;2;8;Één jaar na afstuderen;3;Cohort 2000/'01;1.3;2.1;1.3;2.1;1.3;2.1;;;;;;;;;;
7647;Totaal mannen en vrouwen;0;2;8;Één jaar na afstuderen;3;Cohort 2001/'02;1.4;1.5;1.4;1.5;1.4;1.5;;;;;;;;;;
7648;Totaal mannen en vrouwen;0;2;8;Één jaar na afstuderen;3;Cohort 2002/'03;0.9;;0.9;;0.9;;;;;;;;;;;
7649;Totaal mannen en vrouwen;0;2;8;Één jaar na afstuderen;3;Cohort 2003/'04;1.7;1.7;1.7;1.7;1.7;1.7;;;;;;;;;;
7650;Totaal mannen en vrouwen;0;2;8;Één jaar na afstuderen;4;Cohort 1999/'00;;;;;;;;;;;;;;;;
7651;Totaal mannen en vrouwen;0;2;8;Één jaar na afstuderen;4;Cohort 2000/'01;;;;;;;;;;;;;;;;
7652;Totaal mannen en vrouwen;0;2;8;Één jaar na afstuderen;4;Cohort 2001/'02;;;;;;;;;;;;;;;;
7653;Totaal mannen en vrouwen;0;2;8;Één jaar na afstuderen;4;Cohort 2002/'03;1.8;1.8;1.8;1.8;1.8;1.8;;;;;;;;;;
7654;Totaal mannen en vrouwen;0;2;8;Één jaar na afstuderen;4;Cohort 2003/'04;0.7;;0.7;;0.7;;;;;;;;;;;
7655;Totaal mannen en vrouwen;0;2;8;Één jaar na afstuderen;5;Cohort 1999/'00;1.6;1.6;1.6;1.6;1.6;1.6;;;;;;;;;;
7656;Totaal mannen en vrouwen;0;2;8;Één jaar na afstuderen;5;Cohort 2000/'01;2.1;2.1;2.1;2.1;2.1;2.1;;;;;;;;;;
7657;Totaal mannen en vrouwen;0;2;8;Één jaar na afstuderen;5;Cohort 2001/'02;2.0;2.0;2.0;2.0;2.0;2.0;;;;;;;;;;
7658;Totaal mannen en vrouwen;0;2;8;Één jaar na afstuderen;5;Cohort 2002/'03;3.0;3.0;3.0;3.0;3.0;3.0;;;;;;;;;;
7659;Totaal mannen en vrouwen;0;2;8;Één jaar na afstuderen;5;Cohort 2003/'04;;;;;;;;;;;;;;;;
7660;Totaal mannen en vrouwen;0;2;8;Één jaar na afstuderen;6;Cohort 1999/'00;1.6;1.6;1.6;1.6;1.6;1.6;;;;;;;;;;
7661;Totaal mannen en vrouwen;0;2;8;Één jaar na afstuderen;6;Cohort 2000/'01;;;;;;;;;;;;;;;;
7662;Totaal mannen en vrouwen;0;2;8;Één jaar na afstuderen;6;Cohort 2001/'02;;;;;;;;;;;;;;;;
7663;Totaal mannen en vrouwen;0;2;8;Één jaar na afstuderen;6;Cohort 2002/'03;;;;;;;;;;;;;;;;
7664;Totaal mannen en vrouwen;0;2;8;Één jaar na afstuderen;6;Cohort 2003/'04;;;;;;;;;;;;;;;;
7665;Totaal mannen en vrouwen;0;2;8;Één jaar na afstuderen;7;Cohort 1999/'00;2.3;2.3;2.3;2.3;2.3;2.3;;;;;;;;;;
7666;Totaal mannen en vrouwen;0;2;8;Één jaar na afstuderen;7;Cohort 2000/'01;1.8;1.8;1.8;1.8;1.8;1.8;;;;;;;;;;
7667;Totaal mannen en vrouwen;0;2;8;Één jaar na afstuderen;7;Cohort 2001/'02;;;;;;;;;;;;;;;;
7668;Totaal mannen en vrouwen;0;2;8;Één jaar na afstuderen;7;Cohort 2002/'03;;;;;;;;;;;;;;;;
7669;Totaal mannen en vrouwen;0;2;8;Één jaar na afstuderen;7;Cohort 2003/'04;1.1;1.9;1.1;1.9;1.1;1.9;;;;;;;;;;
7670;Totaal mannen en vrouwen;0;2;8;Één jaar na afstuderen;8;Cohort 1999/'00;1.0;1.7;1.0;1.7;1.0;1.7;;;;;;;;;;
7671;Totaal mannen en vrouwen;0;2;8;Één jaar na afstuderen;8;Cohort 2000/'01;2.0;;2.0;;2.0;;;;;;;;;;;
7672;Totaal mannen en vrouwen;0;2;8;Één jaar na afstuderen;8;Cohort 2001/'02;1.0;;1.0;;1.0;;;;;;;;;;;
7673;Totaal mannen en vrouwen;0;2;8;Één jaar na afstuderen;8;Cohort 2002/'03;;;;;;;;;;;;;;;;
7674;Totaal mannen en vrouwen;0;2;8;Één jaar na afstuderen;8;Cohort 2003/'04;0.3;;0.3;;0.3;;;;;;;;;;;
7675;Totaal mannen en vrouwen;0;2;8;Één jaar na afstuderen;9;Cohort 1999/'00;;;;;;;;;;;;;;;;
7676;Totaal mannen en vrouwen;0;2;8;Één jaar na afstuderen;9;Cohort 2000/'01;;;;;;;;;;;;;;;;
7677;Totaal mannen en vrouwen;0;2;8;Één jaar na afstuderen;9;Cohort 2001/'02;1.7;2.1;1.7;2.1;1.7;2.1;;;;;;;;;;
7678;Totaal mannen en vrouwen;0;2;8;Één jaar na afstuderen;9;Cohort 2002/'03;;;;;;;;;;;;;;;;
7679;Totaal mannen en vrouwen;0;2;8;Één jaar na afstuderen;9;Cohort 2003/'04;;;;;;;;;;;;;;;;
7680;Totaal mannen en vrouwen;0;2;8;Één jaar na afstuderen;M Onderwijs;Cohort 1999/'00;1.8;2.0;1.8;2.0;1.8;2.0;2.0;;;;;;;;;
7681;Totaal mannen en vrouwen;0;2;8;Één jaar na afstuderen;M Onderwijs;Cohort 2000/'01;1.9;2.2;1.9;2.2;1.9;2.2;;;1.1;;;;1.1;;;
7682;Totaal mannen en vrouwen;0;2;8;Één jaar na afstuderen;M Onderwijs;Cohort 2001/'02;1.8;2.1;1.9;2.0;1.9;2.0;;;1.7;2.7;;;1.7;2.7;;
7683;Totaal mannen en vrouwen;0;2;8;Één jaar na afstuderen;M Onderwijs;Cohort 2002/'03;2.2;2.9;2.1;2.7;2.1;2.7;2.3;2.4;2.7;6.1;;;2.7;6.1;;
7684;Totaal mannen en vrouwen;0;2;8;Één jaar na afstuderen;M Onderwijs;Cohort 2003/'04;2.1;2.3;2.1;2.3;2.1;2.3;;;2.2;;;;2.2;;;
7685;Totaal mannen en vrouwen;0;2;8;Één jaar na afstuderen;N Gezondheids- en welzijnszorg;Cohort 1999/'00;1.5;;1.5;;1.5;;;;;;;;;;;
7686;Totaal mannen en vrouwen;0;2;8;Één jaar na afstuderen;N Gezondheids- en welzijnszorg;Cohort 2000/'01;1.3;;1.3;;1.3;;;;;;;;;;;
7687;Totaal mannen en vrouwen;0;2;8;Één jaar na afstuderen;N Gezondheids- en welzijnszorg;Cohort 2001/'02;2.1;;2.1;;2.1;;;;;;;;;;;
7688;Totaal mannen en vrouwen;0;2;8;Één jaar na afstuderen;N Gezondheids- en welzijnszorg;Cohort 2002/'03;2.3;2.3;2.3;2.3;2.3;2.3;;;;;;;;;;
7689;Totaal mannen en vrouwen;0;2;8;Één jaar na afstuderen;N Gezondheids- en welzijnszorg;Cohort 2003/'04;2.8;2.8;2.8;2.8;2.8;2.8;;;;;;;;;;
7690;Totaal mannen en vrouwen;0;2;8;Één jaar na afstuderen;9000e Milieu, cultuur, recreatie en ..;Cohort 1999/'00;;;;;;;;;;;;;;;;
7691;Totaal mannen en vrouwen;0;2;8;Één jaar na afstuderen;9000e Milieu, cultuur, recreatie en ..;Cohort 2000/'01;1.1;;1.1;;1.1;;;;;;;;;;;
7692;Totaal mannen en vrouwen;0;2;8;Één jaar na afstuderen;9000e Milieu, cultuur, recreatie en ..;Cohort 2001/'02;;;;;;;;;;;;;;;;
7693;Totaal mannen en vrouwen;0;2;8;Één jaar na afstuderen;9000e Milieu, cultuur, recreatie en ..;Cohort 2002/'03;1.8;1.8;1.8;1.8;1.8;1.8;;;;;;;;;;
7694;Totaal mannen en vrouwen;0;2;8;Één jaar na afstuderen;9000e Milieu, cultuur, recreatie en ..;Cohort 2003/'04;;;;;;;;;;;;;;;;
7695;Totaal mannen en vrouwen;0;2;8;Één jaar na afstuderen;Onbekend;Cohort 1999/'00;;;;;;;;;;;;;;;;
7696;Totaal mannen en vrouwen;0;2;8;Één jaar na afstuderen;Onbekend;Cohort 2000/'01;;;;;;;;;;;;;;;;
7697;Totaal mannen en vrouwen;0;2;8;Één jaar na afstuderen;Onbekend;Cohort 2001/'02;;;;;;;;;;;;;;;;
7698;Totaal mannen en vrouwen;0;2;8;Één jaar na afstuderen;Onbekend;Cohort 2002/'03;2.1;;2.1;;2.1;;;;;;;;;;;
7699;Totaal mannen en vrouwen;0;2;8;Één jaar na afstuderen;Onbekend;Cohort 2003/'04;;;;;;;;;;;;;;;;
7700;Totaal mannen en vrouwen;0;2;8;Twee jaar na afstuderen;0;Cohort 1999/'00;2.0;2.2;2.0;2.3;2.0;2.3;2.2;;1.3;1.3;;;1.3;1.3;;
7701;Totaal mannen en vrouwen;0;2;8;Twee jaar na afstuderen;0;Cohort 2000/'01;1.9;2.3;1.9;2.3;1.9;2.3;;;1.7;;;;1.7;;;
7702;Totaal mannen en vrouwen;0;2;8;Twee jaar na afstuderen;0;Cohort 2001/'02;1.9;2.3;1.9;2.3;1.9;2.3;;;1.9;2.9;;;1.9;2.9;;
7703;Totaal mannen en vrouwen;0;2;8;Twee jaar na afstuderen;0;Cohort 2002/'03;2.2;2.6;2.1;2.5;2.1;2.5;2.5;;2.3;3.2;;;2.3;3.2;;
7704;Totaal mannen en vrouwen;0;2;8;Twee jaar na afstuderen;0;Cohort 2003/'04;2.2;2.7;2.1;2.8;2.1;2.8;;;2.4;2.2;2.2;2.2;2.5;;;
7705;Totaal mannen en vrouwen;0;2;8;Twee jaar na afstuderen;1;Cohort 1999/'00;;;;;;;;;;;;;;;;
7706;Totaal mannen en vrouwen;0;2;8;Twee jaar na afstuderen;1;Cohort 2000/'01;;;;;;;;;;;;;;;;
7707;Totaal mannen en vrouwen;0;2;8;Twee jaar na afstuderen;1;Cohort 2001/'02;;;;;;;;;;;;;;;;
7708;Totaal mannen en vrouwen;0;2;8;Twee jaar na afstuderen;1;Cohort 2002/'03;;;;;;;;;;;;;;;;
7709;Totaal mannen en vrouwen;0;2;8;Twee jaar na afstuderen;1;Cohort 2003/'04;;;;;;;;;;;;;;;;
7710;Totaal mannen en vrouwen;0;2;8;Twee jaar na afstuderen;2;Cohort 1999/'00;2.8;2.8;2.8;2.8;2.8;2.8;;;;;;;;;;
7711;Totaal mannen en vrouwen;0;2;8;Twee jaar na afstuderen;2;Cohort 2000/'01;2.6;2.6;2.6;2.6;2.6;2.6;;;;;;;;;;
7712;Totaal mannen en vrouwen;0;2;8;Twee jaar na afstuderen;2;Cohort 2001/'02;;;;;;;;;;;;;;;;
7713;Totaal mannen en vrouwen;0;2;8;Twee jaar na afstuderen;2;Cohort 2002/'03;0.6;;0.6;;0.6;;;;;;;;;;;
7714;Totaal mannen en vrouwen;0;2;8;Twee jaar na afstuderen;2;Cohort 2003/'04;;;;;;;;;;;;;;;;
7715;Totaal mannen en vrouwen;0;2;8;Twee jaar na afstuderen;3;Cohort 1999/'00;;;;;;;;;;;;;;;;
7716;Totaal mannen en vrouwen;0;2;8;Twee jaar na afstuderen;3;Cohort 2000/'01;1.4;;1.4;;1.4;;;;;;;;;;;
7717;Totaal mannen en vrouwen;0;2;8;Twee jaar na afstuderen;3;Cohort 2001/'02;1.7;1.9;1.7;1.9;1.7;1.9;;;;;;;;;;
7718;Totaal mannen en vrouwen;0;2;8;Twee jaar na afstuderen;3;Cohort 2002/'03;;;;;;;;;;;;;;;;
7719;Totaal mannen en vrouwen;0;2;8;Twee jaar na afstuderen;3;Cohort 2003/'04;;;;;;;;;;;;;;;;
7720;Totaal mannen en vrouwen;0;2;8;Twee jaar na afstuderen;4;Cohort 1999/'00;;;;;;;;;;;;;;;;
7721;Totaal mannen en vrouwen;0;2;8;Twee jaar na afstuderen;4;Cohort 2000/'01;0.3;;0.3;;0.3;;;;;;;;;;;
7722;Totaal mannen en vrouwen;0;2;8;Twee jaar na afstuderen;4;Cohort 2001/'02;;;;;;;;;;;;;;;;
7723;Totaal mannen en vrouwen;0;2;8;Twee jaar na afstuderen;4;Cohort 2002/'03;1.2;;1.2;;1.2;;;;;;;;;;;
7724;Totaal mannen en vrouwen;0;2;8;Twee jaar na afstuderen;4;Cohort 2003/'04;0.5;;0.5;;0.5;;;;;;;;;;;
7725;Totaal mannen en vrouwen;0;2;8;Twee jaar na afstuderen;5;Cohort 1999/'00;2.0;2.0;2.0;2.0;2.0;2.0;;;;;;;;;;
7726;Totaal mannen en vrouwen;0;2;8;Twee jaar na afstuderen;5;Cohort 2000/'01;1.8;2.2;1.8;2.2;1.8;2.2;;;;;;;;;;
7727;Totaal mannen en vrouwen;0;2;8;Twee jaar na afstuderen;5;Cohort 2001/'02;1.9;2.3;1.9;2.3;1.9;2.3;;;;;;;;;;
7728;Totaal mannen en vrouwen;0;2;8;Twee jaar na afstuderen;5;Cohort 2002/'03;2.6;2.6;2.6;2.6;2.6;2.6;;;;;;;;;;
7729;Totaal mannen en vrouwen;0;2;8;Twee jaar na afstuderen;5;Cohort 2003/'04;;;;;;;;;;;;;;;;
7730;Totaal mannen en vrouwen;0;2;8;Twee jaar na afstuderen;6;Cohort 1999/'00;1.9;1.9;1.9;1.9;1.9;1.9;;;;;;;;;;
7731;Totaal mannen en vrouwen;0;2;8;Twee jaar na afstuderen;6;Cohort 2000/'01;;;;;;;;;;;;;;;;
7732;Totaal mannen en vrouwen;0;2;8;Twee jaar na afstuderen;6;Cohort 2001/'02;;;;;;;;;;;;;;;;
7733;Totaal mannen en vrouwen;0;2;8;Twee jaar na afstuderen;6;Cohort 2002/'03;;;;;;;;;;;;;;;;
7734;Totaal mannen en vrouwen;0;2;8;Twee jaar na afstuderen;6;Cohort 2003/'04;;;;;;;;;;;;;;;;
7735;Totaal mannen en vrouwen;0;2;8;Twee jaar na afstuderen;7;Cohort 1999/'00;2.0;2.6;2.0;2.6;2.0;2.6;;;;;;;;;;
7736;Totaal mannen en vrouwen;0;2;8;Twee jaar na afstuderen;7;Cohort 2000/'01;2.3;2.3;2.3;2.3;2.3;2.3;;;;;;;;;;
7737;Totaal mannen en vrouwen;0;2;8;Twee jaar na afstuderen;7;Cohort 2001/'02;;;;;;;;;;;;;;;;
7738;Totaal mannen en vrouwen;0;2;8;Twee jaar na afstuderen;7;Cohort 2002/'03;;;;;;;;;;;;;;;;
7739;Totaal mannen en vrouwen;0;2;8;Twee jaar na afstuderen;7;Cohort 2003/'04;1.5;2.2;1.2;;1.2;;;;2.2;2.2;2.2;2.2;;;;
7740;Totaal mannen en vrouwen;0;2;8;Twee jaar na afstuderen;8;Cohort 1999/'00;1.3;1.9;1.3;1.9;1.3;1.9;;;;;;;;;;
7741;Totaal mannen en vrouwen;0;2;8;Twee jaar na afstuderen;8;Cohort 2000/'01;;;;;;;;;;;;;;;;
7742;Totaal mannen en vrouwen;0;2;8;Twee jaar na afstuderen;8;Cohort 2001/'02;;;;;;;;;;;;;;;;
7743;Totaal mannen en vrouwen;0;2;8;Twee jaar na afstuderen;8;Cohort 2002/'03;;;;;;;;;;;;;;;;
7744;Totaal mannen en vrouwen;0;2;8;Twee jaar na afstuderen;8;Cohort 2003/'04;0.4;;0.4;;0.4;;;;;;;;;;;
7745;Totaal mannen en vrouwen;0;2;8;Twee jaar na afstuderen;9;Cohort 1999/'00;2.4;2.4;2.4;2.4;2.4;2.4;;;;;;;;;;
7746;Totaal mannen en vrouwen;0;2;8;Twee jaar na afstuderen;9;Cohort 2000/'01;;;;;;;;;;;;;;;;
7747;Totaal mannen en vrouwen;0;2;8;Twee jaar na afstuderen;9;Cohort 2001/'02;1.9;2.7;1.9;2.7;1.9;2.7;;;;;;;;;;
7748;Totaal mannen en vrouwen;0;2;8;Twee jaar na afstuderen;9;Cohort 2002/'03;2.1;2.1;2.1;2.1;2.1;2.1;;;;;;;;;;
7749;Totaal mannen en vrouwen;0;2;8;Twee jaar na afstuderen;9;Cohort 2003/'04;3.0;;;;;;;;3.0;;;;3.0;;;
7750;Totaal mannen en vrouwen;0;2;8;Twee jaar na afstuderen;M Onderwijs;Cohort 1999/'00;2.0;2.2;2.0;2.3;2.0;2.3;2.2;;1.3;1.3;;;1.3;1.3;;
7751;Totaal mannen en vrouwen;0;2;8;Twee jaar na afstuderen;M Onderwijs;Cohort 2000/'01;2.0;2.4;2.0;2.4;2.0;2.4;;;1.7;;;;1.7;;;
7752;Totaal mannen en vrouwen;0;2;8;Twee jaar na afstuderen;M Onderwijs;Cohort 2001/'02;1.9;2.4;1.9;2.3;1.9;2.3;;;1.9;2.9;;;1.9;2.9;;
7753;Totaal mannen en vrouwen;0;2;8;Twee jaar na afstuderen;M Onderwijs;Cohort 2002/'03;2.2;2.7;2.2;2.6;2.2;2.6;2.5;;2.3;3.2;;;2.3;3.2;;
7754;Totaal mannen en vrouwen;0;2;8;Twee jaar na afstuderen;M Onderwijs;Cohort 2003/'04;2.3;2.7;2.3;2.7;2.3;2.7;;;2.3;;;;2.3;;;
7755;Totaal mannen en vrouwen;0;2;8;Twee jaar na afstuderen;N Gezondheids- en welzijnszorg;Cohort 1999/'00;2.0;;2.0;;2.0;;;;;;;;;;;
7756;Totaal mannen en vrouwen;0;2;8;Twee jaar na afstuderen;N Gezondheids- en welzijnszorg;Cohort 2000/'01;1.5;1.5;1.5;1.5;1.5;1.5;;;;;;;;;;
7757;Totaal mannen en vrouwen;0;2;8;Twee jaar na afstuderen;N Gezondheids- en welzijnszorg;Cohort 2001/'02;1.8;;1.8;;1.8;;;;;;;;;;;
7758;Totaal mannen en vrouwen;0;2;8;Twee jaar na afstuderen;N Gezondheids- en welzijnszorg;Cohort 2002/'03;;;;;;;;;;;;;;;;
7759;Totaal mannen en vrouwen;0;2;8;Twee jaar na afstuderen;N Gezondheids- en welzijnszorg;Cohort 2003/'04;;;;;;;;;;;;;;;;
7760;Totaal mannen en vrouwen;0;2;8;Twee jaar na afstuderen;9000e Milieu, cultuur, recreatie en ..;Cohort 1999/'00;1.9;;1.9;;1.9;;;;;;;;;;;
7761;Totaal mannen en vrouwen;0;2;8;Twee jaar na afstuderen;9000e Milieu, cultuur, recreatie en ..;Cohort 2000/'01;1.6;2.0;1.6;2.0;1.6;2.0;;;;;;;;;;
7762;Totaal mannen en vrouwen;0;2;8;Twee jaar na afstuderen;9000e Milieu, cultuur, recreatie en ..;Cohort 2001/'02;;;;;;;;;;;;;;;;
7763;Totaal mannen en vrouwen;0;2;8;Twee jaar na afstuderen;9000e Milieu, cultuur, recreatie en ..;Cohort 2002/'03;2.0;;2.0;;2.0;;;;;;;;;;;
7764;Totaal mannen en vrouwen;0;2;8;Twee jaar na afstuderen;9000e Milieu, cultuur, recreatie en ..;Cohort 2003/'04;;;;;;;;;;;;;;;;
7765;Totaal mannen en vrouwen;0;2;8;Twee jaar na afstuderen;Onbekend;Cohort 1999/'00;;;;;;;;;;;;;;;;
7766;Totaal mannen en vrouwen;0;2;8;Twee jaar na afstuderen;Onbekend;Cohort 2000/'01;;;;;;;;;;;;;;;;
7767;Totaal mannen en vrouwen;0;2;8;Twee jaar na afstuderen;Onbekend;Cohort 2001/'02;;;;;;;;;;;;;;;;
7768;Totaal mannen en vrouwen;0;2;8;Twee jaar na afstuderen;Onbekend;Cohort 2002/'03;2.1;2.1;2.1;2.1;2.1;2.1;;;;;;;;;;
7769;Totaal mannen en vrouwen;0;2;8;Twee jaar na afstuderen;Onbekend;Cohort 2003/'04;3.3;3.3;3.3;3.3;3.3;3.3;;;;;;;;;;
7770;Totaal mannen en vrouwen;0;2;8;Drie jaar na afstuderen;0;Cohort 1999/'00;2.0;2.3;2.0;2.3;2.0;2.3;2.3;;1.8;;;;1.8;;;
7771;Totaal mannen en vrouwen;0;2;8;Drie jaar na afstuderen;0;Cohort 2000/'01;2.2;2.4;2.2;2.4;2.2;2.4;;;2.1;;;;2.1;;;
7772;Totaal mannen en vrouwen;0;2;8;Drie jaar na afstuderen;0;Cohort 2001/'02;1.9;2.4;1.9;2.3;1.9;2.3;;;1.7;3.3;;;1.7;3.3;;
7773;Totaal mannen en vrouwen;0;2;8;Drie jaar na afstuderen;0;Cohort 2002/'03;2.2;2.6;2.2;2.6;2.1;2.6;2.2;2.4;2.5;;;;2.5;;;
7774;Totaal mannen en vrouwen;0;2;8;Drie jaar na afstuderen;0;Cohort 2003/'04;2.4;2.7;2.3;2.6;2.3;2.6;;;3.1;3.5;3.1;3.1;3.1;3.9;;
7775;Totaal mannen en vrouwen;0;2;8;Drie jaar na afstuderen;1;Cohort 1999/'00;;;;;;;;;;;;;;;;
7776;Totaal mannen en vrouwen;0;2;8;Drie jaar na afstuderen;1;Cohort 2000/'01;;;;;;;;;;;;;;;;
7777;Totaal mannen en vrouwen;0;2;8;Drie jaar na afstuderen;1;Cohort 2001/'02;;;;;;;;;;;;;;;;
7778;Totaal mannen en vrouwen;0;2;8;Drie jaar na afstuderen;1;Cohort 2002/'03;;;;;;;;;;;;;;;;
7779;Totaal mannen en vrouwen;0;2;8;Drie jaar na afstuderen;1;Cohort 2003/'04;;;;;;;;;;;;;;;;
7780;Totaal mannen en vrouwen;0;2;8;Drie jaar na afstuderen;2;Cohort 1999/'00;;;;;;;;;;;;;;;;
7781;Totaal mannen en vrouwen;0;2;8;Drie jaar na afstuderen;2;Cohort 2000/'01;2.8;2.8;2.8;2.8;2.8;2.8;;;;;;;;;;
7782;Totaal mannen en vrouwen;0;2;8;Drie jaar na afstuderen;2;Cohort 2001/'02;;;;;;;;;;;;;;;;
7783;Totaal mannen en vrouwen;0;2;8;Drie jaar na afstuderen;2;Cohort 2002/'03;;;;;;;;;;;;;;;;
7784;Totaal mannen en vrouwen;0;2;8;Drie jaar na afstuderen;2;Cohort 2003/'04;;;;;;;;;;;;;;;;
7785;Totaal mannen en vrouwen;0;2;8;Drie jaar na afstuderen;3;Cohort 1999/'00;;;;;;;;;;;;;;;;
7786;Totaal mannen en vrouwen;0;2;8;Drie jaar na afstuderen;3;Cohort 2000/'01;2.5;2.5;2.5;2.5;2.5;2.5;;;;;;;;;;
7787;Totaal mannen en vrouwen;0;2;8;Drie jaar na afstuderen;3;Cohort 2001/'02;1.7;1.9;1.7;1.9;1.7;1.9;;;;;;;;;;
7788;Totaal mannen en vrouwen;0;2;8;Drie jaar na afstuderen;3;Cohort 2002/'03;;;;;;;;;;;;;;;;
7789;Totaal mannen en vrouwen;0;2;8;Drie jaar na afstuderen;3;Cohort 2003/'04;2.8;2.8;2.8;2.8;2.8;2.8;;;;;;;;;;
7790;Totaal mannen en vrouwen;0;2;8;Drie jaar na afstuderen;4;Cohort 1999/'00;;;;;;;;;;;;;;;;
7791;Totaal mannen en vrouwen;0;2;8;Drie jaar na afstuderen;4;Cohort 2000/'01;1.7;1.7;1.7;1.7;1.7;1.7;;;;;;;;;;
7792;Totaal mannen en vrouwen;0;2;8;Drie jaar na afstuderen;4;Cohort 2001/'02;;;;;;;;;;;;;;;;
7793;Totaal mannen en vrouwen;0;2;8;Drie jaar na afstuderen;4;Cohort 2002/'03;;;;;;;;;;;;;;;;
7794;Totaal mannen en vrouwen;0;2;8;Drie jaar na afstuderen;4;Cohort 2003/'04;1.5;1.5;1.5;1.5;1.5;1.5;;;;;;;;;;
7795;Totaal mannen en vrouwen;0;2;8;Drie jaar na afstuderen;5;Cohort 1999/'00;1.4;2.1;1.4;2.1;1.4;2.1;;;;;;;;;;
7796;Totaal mannen en vrouwen;0;2;8;Drie jaar na afstuderen;5;Cohort 2000/'01;2.0;2.3;2.0;2.3;2.0;2.3;;;;;;;;;;
7797;Totaal mannen en vrouwen;0;2;8;Drie jaar na afstuderen;5;Cohort 2001/'02;1.6;2.3;1.6;2.3;1.6;2.3;;;;;;;;;;
7798;Totaal mannen en vrouwen;0;2;8;Drie jaar na afstuderen;5;Cohort 2002/'03;2.5;2.5;2.5;2.5;2.5;2.5;;;;;;;;;;
7799;Totaal mannen en vrouwen;0;2;8;Drie jaar na afstuderen;5;Cohort 2003/'04;3.1;3.1;;;;;;;3.1;3.1;3.1;3.1;;;;
7800;Totaal mannen en vrouwen;0;2;8;Drie jaar na afstuderen;6;Cohort 1999/'00;2.2;2.2;2.2;2.2;2.2;2.2;;;;;;;;;;
7801;Totaal mannen en vrouwen;0;2;8;Drie jaar na afstuderen;6;Cohort 2000/'01;;;;;;;;;;;;;;;;
7802;Totaal mannen en vrouwen;0;2;8;Drie jaar na afstuderen;6;Cohort 2001/'02;;;;;;;;;;;;;;;;
7803;Totaal mannen en vrouwen;0;2;8;Drie jaar na afstuderen;6;Cohort 2002/'03;;;;;;;;;;;;;;;;
7804;Totaal mannen en vrouwen;0;2;8;Drie jaar na afstuderen;6;Cohort 2003/'04;;;;;;;;;;;;;;;;
7805;Totaal mannen en vrouwen;0;2;8;Drie jaar na afstuderen;7;Cohort 1999/'00;2.8;2.8;2.8;2.8;2.8;2.8;;;;;;;;;;
7806;Totaal mannen en vrouwen;0;2;8;Drie jaar na afstuderen;7;Cohort 2000/'01;2.4;2.4;2.4;2.4;2.4;2.4;;;;;;;;;;
7807;Totaal mannen en vrouwen;0;2;8;Drie jaar na afstuderen;7;Cohort 2001/'02;;;;;;;;;;;;;;;;
7808;Totaal mannen en vrouwen;0;2;8;Drie jaar na afstuderen;7;Cohort 2002/'03;;;;;;;;;;;;;;;;
7809;Totaal mannen en vrouwen;0;2;8;Drie jaar na afstuderen;7;Cohort 2003/'04;1.3;;1.3;;1.3;;;;;;;;;;;
7810;Totaal mannen en vrouwen;0;2;8;Drie jaar na afstuderen;8;Cohort 1999/'00;1.3;;1.3;;1.3;;;;;;;;;;;
7811;Totaal mannen en vrouwen;0;2;8;Drie jaar na afstuderen;8;Cohort 2000/'01;;;;;;;;;;;;;;;;
7812;Totaal mannen en vrouwen;0;2;8;Drie jaar na afstuderen;8;Cohort 2001/'02;1.4;;1.4;;1.4;;;;;;;;;;;
7813;Totaal mannen en vrouwen;0;2;8;Drie jaar na afstuderen;8;Cohort 2002/'03;1.9;;1.9;;1.9;;;;;;;;;;;
7814;Totaal mannen en vrouwen;0;2;8;Drie jaar na afstuderen;8;Cohort 2003/'04;;;;;;;;;;;;;;;;
7815;Totaal mannen en vrouwen;0;2;8;Drie jaar na afstuderen;9;Cohort 1999/'00;;;;;;;;;;;;;;;;
7816;Totaal mannen en vrouwen;0;2;8;Drie jaar na afstuderen;9;Cohort 2000/'01;;;;;;;;;;;;;;;;
7817;Totaal mannen en vrouwen;0;2;8;Drie jaar na afstuderen;9;Cohort 2001/'02;1.9;2.4;1.9;2.4;1.9;2.4;;;;;;;;;;
7818;Totaal mannen en vrouwen;0;2;8;Drie jaar na afstuderen;9;Cohort 2002/'03;2.4;;2.4;;2.4;;;;;;;;;;;
7819;Totaal mannen en vrouwen;0;2;8;Drie jaar na afstuderen;9;Cohort 2003/'04;;;;;;;;;;;;;;;;
7820;Totaal mannen en vrouwen;0;2;8;Drie jaar na afstuderen;M Onderwijs;Cohort 1999/'00;2.0;2.2;2.0;2.2;2.0;2.2;2.3;;1.8;;;;1.8;;;
7821;Totaal mannen en vrouwen;0;2;8;Drie jaar na afstuderen;M Onderwijs;Cohort 2000/'01;2.2;2.5;2.2;2.5;2.2;2.5;;;2.1;;;;2.1;;;
7822;Totaal mannen en vrouwen;0;2;8;Drie jaar na afstuderen;M Onderwijs;Cohort 2001/'02;2.0;2.5;2.1;2.4;2.1;2.4;;;1.7;3.3;;;1.7;3.3;;
7823;Totaal mannen en vrouwen;0;2;8;Drie jaar na afstuderen;M Onderwijs;Cohort 2002/'03;2.2;2.6;2.1;2.6;2.1;2.6;2.2;2.4;2.5;;;;2.5;;;
7824;Totaal mannen en vrouwen;0;2;8;Drie jaar na afstuderen;M Onderwijs;Cohort 2003/'04;2.5;2.8;2.4;2.7;2.4;2.7;;;3.1;3.9;;;3.1;3.9;;
7825;Totaal mannen en vrouwen;0;2;8;Drie jaar na afstuderen;N Gezondheids- en welzijnszorg;Cohort 1999/'00;0.7;;0.7;;0.7;;;;;;;;;;;
7826;Totaal mannen en vrouwen;0;2;8;Drie jaar na afstuderen;N Gezondheids- en welzijnszorg;Cohort 2000/'01;1.6;1.6;1.6;1.6;1.6;1.6;;;;;;;;;;
7827;Totaal mannen en vrouwen;0;2;8;Drie jaar na afstuderen;N Gezondheids- en welzijnszorg;Cohort 2001/'02;1.6;;1.6;;1.6;;;;;;;;;;;
7828;Totaal mannen en vrouwen;0;2;8;Drie jaar na afstuderen;N Gezondheids- en welzijnszorg;Cohort 2002/'03;;;;;;;;;;;;;;;;
7829;Totaal mannen en vrouwen;0;2;8;Drie jaar na afstuderen;N Gezondheids- en welzijnszorg;Cohort 2003/'04;1.1;;1.1;;1.1;;;;;;;;;;;
7830;Totaal mannen en vrouwen;0;2;8;Drie jaar na afstuderen;9000e Milieu, cultuur, recreatie en ..;Cohort 1999/'00;;;;;;;;;;;;;;;;
7831;Totaal mannen en vrouwen;0;2;8;Drie jaar na afstuderen;9000e Milieu, cultuur, recreatie en ..;Cohort 2000/'01;1.7;2.0;1.7;2.0;1.7;2.0;;;;;;;;;;
7832;Totaal mannen en vrouwen;0;2;8;Drie jaar na afstuderen;9000e Milieu, cultuur, recreatie en ..;Cohort 2001/'02;;;;;;;;;;;;;;;;
7833;Totaal mannen en vrouwen;0;2;8;Drie jaar na afstuderen;9000e Milieu, cultuur, recreatie en ..;Cohort 2002/'03;2.3;;2.3;;2.3;;;;;;;;;;;
7834;Totaal mannen en vrouwen;0;2;8;Drie jaar na afstuderen;9000e Milieu, cultuur, recreatie en ..;Cohort 2003/'04;;;;;;;;;;;;;;;;
7835;Totaal mannen en vrouwen;0;2;8;Drie jaar na afstuderen;Onbekend;Cohort 1999/'00;;;;;;;;;;;;;;;;
7836;Totaal mannen en vrouwen;0;2;8;Drie jaar na afstuderen;Onbekend;Cohort 2000/'01;;;;;;;;;;;;;;;;
7837;Totaal mannen en vrouwen;0;2;8;Drie jaar na afstuderen;Onbekend;Cohort 2001/'02;;;;;;;;;;;;;;;;
7838;Totaal mannen en vrouwen;0;2;8;Drie jaar na afstuderen;Onbekend;Cohort 2002/'03;;;;;;;;;;;;;;;;
7839;Totaal mannen en vrouwen;0;2;8;Drie jaar na afstuderen;Onbekend;Cohort 2003/'04;;;;;;;;;;;;;;;;
7840;Totaal mannen en vrouwen;0;2;8;Vier jaar na afstuderen;0;Cohort 1999/'00;2.2;2.6;2.2;2.6;2.2;2.6;2.4;2.4;1.6;;;;1.6;;;
7841;Totaal mannen en vrouwen;0;2;8;Vier jaar na afstuderen;0;Cohort 2000/'01;2.3;2.5;2.3;2.5;2.3;2.5;;;2.2;;;;2.2;;;
7842;Totaal mannen en vrouwen;0;2;8;Vier jaar na afstuderen;0;Cohort 2001/'02;2.2;2.6;2.3;2.5;2.3;2.5;;;1.8;3.1;;;1.8;3.1;;
7843;Totaal mannen en vrouwen;0;2;8;Vier jaar na afstuderen;0;Cohort 2002/'03;2.3;3.0;2.3;3.0;2.3;3.0;1.9;2.5;2.6;;;;2.6;;;
7844;Totaal mannen en vrouwen;0;2;8;Vier jaar na afstuderen;0;Cohort 2003/'04;2.5;2.8;2.4;2.8;2.4;2.8;;;3.0;3.4;3.4;3.4;2.8;3.3;;
7845;Totaal mannen en vrouwen;0;2;8;Vier jaar na afstuderen;1;Cohort 1999/'00;;;;;;;;;;;;;;;;
7846;Totaal mannen en vrouwen;0;2;8;Vier jaar na afstuderen;1;Cohort 2000/'01;;;;;;;;;;;;;;;;
7847;Totaal mannen en vrouwen;0;2;8;Vier jaar na afstuderen;1;Cohort 2001/'02;;;;;;;;;;;;;;;;
7848;Totaal mannen en vrouwen;0;2;8;Vier jaar na afstuderen;1;Cohort 2002/'03;;;;;;;;;;;;;;;;
7849;Totaal mannen en vrouwen;0;2;8;Vier jaar na afstuderen;1;Cohort 2003/'04;;;;;;;;;;;;;;;;
7850;Totaal mannen en vrouwen;0;2;8;Vier jaar na afstuderen;2;Cohort 1999/'00;;;;;;;;;;;;;;;;
7851;Totaal mannen en vrouwen;0;2;8;Vier jaar na afstuderen;2;Cohort 2000/'01;3.3;3.3;3.3;3.3;3.3;3.3;;;;;;;;;;
7852;Totaal mannen en vrouwen;0;2;8;Vier jaar na afstuderen;2;Cohort 2001/'02;;;;;;;;;;;;;;;;
7853;Totaal mannen en vrouwen;0;2;8;Vier jaar na afstuderen;2;Cohort 2002/'03;;;;;;;;;;;;;;;;
7854;Totaal mannen en vrouwen;0;2;8;Vier jaar na afstuderen;2;Cohort 2003/'04;;;;;;;;;;;;;;;;
7855;Totaal mannen en vrouwen;0;2;8;Vier jaar na afstuderen;3;Cohort 1999/'00;2.8;2.8;2.8;2.8;2.8;2.8;;;;;;;;;;
7856;Totaal mannen en vrouwen;0;2;8;Vier jaar na afstuderen;3;Cohort 2000/'01;2.5;2.5;2.5;2.5;2.5;2.5;;;;;;;;;;
7857;Totaal mannen en vrouwen;0;2;8;Vier jaar na afstuderen;3;Cohort 2001/'02;1.8;2.1;1.8;2.1;1.8;2.1;;;;;;;;;;
7858;Totaal mannen en vrouwen;0;2;8;Vier jaar na afstuderen;3;Cohort 2002/'03;1.2;;1.2;;1.2;;;;;;;;;;;
7859;Totaal mannen en vrouwen;0;2;8;Vier jaar na afstuderen;3;Cohort 2003/'04;2.9;2.9;2.9;2.9;2.9;2.9;;;;;;;;;;
7860;Totaal mannen en vrouwen;0;2;8;Vier jaar na afstuderen;4;Cohort 1999/'00;;;;;;;;;;;;;;;;
7861;Totaal mannen en vrouwen;0;2;8;Vier jaar na afstuderen;4;Cohort 2000/'01;1.4;;1.4;;1.4;;;;;;;;;;;
7862;Totaal mannen en vrouwen;0;2;8;Vier jaar na afstuderen;4;Cohort 2001/'02;;;;;;;;;;;;;;;;
7863;Totaal mannen en vrouwen;0;2;8;Vier jaar na afstuderen;4;Cohort 2002/'03;;;;;;;;;;;;;;;;
7864;Totaal mannen en vrouwen;0;2;8;Vier jaar na afstuderen;4;Cohort 2003/'04;;;;;;;;;;;;;;;;
7865;Totaal mannen en vrouwen;0;2;8;Vier jaar na afstuderen;5;Cohort 1999/'00;1.8;1.8;1.8;1.8;1.8;1.8;;;;;;;;;;
7866;Totaal mannen en vrouwen;0;2;8;Vier jaar na afstuderen;5;Cohort 2000/'01;2.1;2.4;2.1;2.4;2.1;2.4;;;;;;;;;;
7867;Totaal mannen en vrouwen;0;2;8;Vier jaar na afstuderen;5;Cohort 2001/'02;2.5;2.5;2.5;2.5;2.5;2.5;;;;;;;;;;
7868;Totaal mannen en vrouwen;0;2;8;Vier jaar na afstuderen;5;Cohort 2002/'03;;;;;;;;;;;;;;;;
7869;Totaal mannen en vrouwen;0;2;8;Vier jaar na afstuderen;5;Cohort 2003/'04;3.4;3.4;;;;;;;3.4;3.4;3.4;3.4;;;;
7870;Totaal mannen en vrouwen;0;2;8;Vier jaar na afstuderen;6;Cohort 1999/'00;1.9;1.9;1.9;1.9;1.9;1.9;;;;;;;;;;
7871;Totaal mannen en vrouwen;0;2;8;Vier jaar na afstuderen;6;Cohort 2000/'01;;;;;;;;;;;;;;;;
7872;Totaal mannen en vrouwen;0;2;8;Vier jaar na afstuderen;6;Cohort 2001/'02;;;;;;;;;;;;;;;;
7873;Totaal mannen en vrouwen;0;2;8;Vier jaar na afstuderen;6;Cohort 2002/'03;;;;;;;;;;;;;;;;
7874;Totaal mannen en vrouwen;0;2;8;Vier jaar na afstuderen;6;Cohort 2003/'04;;;;;;;;;;;;;;;;
7875;Totaal mannen en vrouwen;0;2;8;Vier jaar na afstuderen;7;Cohort 1999/'00;2.8;2.8;2.8;2.8;2.8;2.8;;;;;;;;;;
7876;Totaal mannen en vrouwen;0;2;8;Vier jaar na afstuderen;7;Cohort 2000/'01;2.6;2.6;2.6;2.6;2.6;2.6;;;;;;;;;;
7877;Totaal mannen en vrouwen;0;2;8;Vier jaar na afstuderen;7;Cohort 2001/'02;1.6;;1.6;;1.6;;;;;;;;;;;
7878;Totaal mannen en vrouwen;0;2;8;Vier jaar na afstuderen;7;Cohort 2002/'03;3.5;3.5;3.5;3.5;3.5;3.5;;;;;;;;;;
7879;Totaal mannen en vrouwen;0;2;8;Vier jaar na afstuderen;7;Cohort 2003/'04;1.2;1.8;1.2;1.8;1.2;1.8;;;;;;;;;;
7880;Totaal mannen en vrouwen;0;2;8;Vier jaar na afstuderen;8;Cohort 1999/'00;1.5;;1.5;;1.5;;;;;;;;;;;
7881;Totaal mannen en vrouwen;0;2;8;Vier jaar na afstuderen;8;Cohort 2000/'01;;;;;;;;;;;;;;;;
7882;Totaal mannen en vrouwen;0;2;8;Vier jaar na afstuderen;8;Cohort 2001/'02;;;;;;;;;;;;;;;;
7883;Totaal mannen en vrouwen;0;2;8;Vier jaar na afstuderen;8;Cohort 2002/'03;1.9;;1.9;;1.9;;;;;;;;;;;
7884;Totaal mannen en vrouwen;0;2;8;Vier jaar na afstuderen;8;Cohort 2003/'04;1.3;;1.3;;1.3;;;;;;;;;;;
7885;Totaal mannen en vrouwen;0;2;8;Vier jaar na afstuderen;9;Cohort 1999/'00;;;;;;;;;;;;;;;;
7886;Totaal mannen en vrouwen;0;2;8;Vier jaar na afstuderen;9;Cohort 2000/'01;;;;;;;;;;;;;;;;
7887;Totaal mannen en vrouwen;0;2;8;Vier jaar na afstuderen;9;Cohort 2001/'02;2.9;3.1;2.9;3.1;2.9;3.1;;;;;;;;;;
7888;Totaal mannen en vrouwen;0;2;8;Vier jaar na afstuderen;9;Cohort 2002/'03;2.9;3.1;2.9;3.1;2.9;3.1;;;;;;;;;;
7889;Totaal mannen en vrouwen;0;2;8;Vier jaar na afstuderen;9;Cohort 2003/'04;;;;;;;;;;;;;;;;
7890;Totaal mannen en vrouwen;0;2;8;Vier jaar na afstuderen;M Onderwijs;Cohort 1999/'00;2.3;2.8;2.3;2.8;2.3;2.8;2.4;2.4;1.6;;;;1.6;;;
7891;Totaal mannen en vrouwen;0;2;8;Vier jaar na afstuderen;M Onderwijs;Cohort 2000/'01;2.3;2.5;2.3;2.5;2.3;2.5;;;2.2;;;;2.2;;;
7892;Totaal mannen en vrouwen;0;2;8;Vier jaar na afstuderen;M Onderwijs;Cohort 2001/'02;2.2;2.6;2.3;2.6;2.3;2.6;;;1.8;3.1;;;1.8;3.1;;
7893;Totaal mannen en vrouwen;0;2;8;Vier jaar na afstuderen;M Onderwijs;Cohort 2002/'03;2.5;2.9;2.4;2.9;2.5;3.0;1.9;2.5;2.6;;;;2.6;;;
7894;Totaal mannen en vrouwen;0;2;8;Vier jaar na afstuderen;M Onderwijs;Cohort 2003/'04;2.6;2.9;2.6;2.8;2.6;2.8;;;2.8;3.3;;;2.8;3.3;;
7895;Totaal mannen en vrouwen;0;2;8;Vier jaar na afstuderen;N Gezondheids- en welzijnszorg;Cohort 1999/'00;2.4;2.5;2.4;2.5;2.4;2.5;;;;;;;;;;
7896;Totaal mannen en vrouwen;0;2;8;Vier jaar na afstuderen;N Gezondheids- en welzijnszorg;Cohort 2000/'01;1.7;1.7;1.7;1.7;1.7;1.7;;;;;;;;;;
7897;Totaal mannen en vrouwen;0;2;8;Vier jaar na afstuderen;N Gezondheids- en welzijnszorg;Cohort 2001/'02;2.6;2.6;2.6;2.6;2.6;2.6;;;;;;;;;;
7898;Totaal mannen en vrouwen;0;2;8;Vier jaar na afstuderen;N Gezondheids- en welzijnszorg;Cohort 2002/'03;1.5;;1.5;;1.5;;;;;;;;;;;
7899;Totaal mannen en vrouwen;0;2;8;Vier jaar na afstuderen;N Gezondheids- en welzijnszorg;Cohort 2003/'04;1.3;;1.3;;1.3;;;;;;;;;;;
7900;Totaal mannen en vrouwen;0;2;8;Vier jaar na afstuderen;9000e Milieu, cultuur, recreatie en ..;Cohort 1999/'00;1.9;;1.9;;1.9;;;;;;;;;;;
7901;Totaal mannen en vrouwen;0;2;8;Vier jaar na afstuderen;9000e Milieu, cultuur, recreatie en ..;Cohort 2000/'01;1.9;2.0;1.9;2.0;1.9;2.0;;;;;;;;;;
7902;Totaal mannen en vrouwen;0;2;8;Vier jaar na afstuderen;9000e Milieu, cultuur, recreatie en ..;Cohort 2001/'02;;;;;;;;;;;;;;;;
7903;Totaal mannen en vrouwen;0;2;8;Vier jaar na afstuderen;9000e Milieu, cultuur, recreatie en ..;Cohort 2002/'03;0.7;;0.7;;0.7;;;;;;;;;;;
7904;Totaal mannen en vrouwen;0;2;8;Vier jaar na afstuderen;9000e Milieu, cultuur, recreatie en ..;Cohort 2003/'04;;;;;;;;;;;;;;;;
7905;Totaal mannen en vrouwen;0;2;8;Vier jaar na afstuderen;Onbekend;Cohort 1999/'00;;;;;;;;;;;;;;;;
7906;Totaal mannen en vrouwen;0;2;8;Vier jaar na afstuderen;Onbekend;Cohort 2000/'01;;;;;;;;;;;;;;;;
7907;Totaal mannen en vrouwen;0;2;8;Vier jaar na afstuderen;Onbekend;Cohort 2001/'02;;;;;;;;;;;;;;;;
7908;Totaal mannen en vrouwen;0;2;8;Vier jaar na afstuderen;Onbekend;Cohort 2002/'03;;;;;;;;;;;;;;;;
7909;Totaal mannen en vrouwen;0;2;8;Vier jaar na afstuderen;Onbekend;Cohort 2003/'04;;;;;;;;;;;;;;;;
7910;Totaal mannen en vrouwen;0;2;8;Vijf jaar na afstuderen;0;Cohort 1999/'00;2.3;2.6;2.3;2.6;2.3;2.6;2.5;2.5;2.0;;;;2.0;;;
7911;Totaal mannen en vrouwen;0;2;8;Vijf jaar na afstuderen;0;Cohort 2000/'01;2.5;2.7;2.5;2.7;2.5;2.7;;;3.0;3.0;;;3.0;3.0;;
7912;Totaal mannen en vrouwen;0;2;8;Vijf jaar na afstuderen;0;Cohort 2001/'02;2.2;2.6;2.3;2.6;2.3;2.6;;;1.8;3.3;;;1.8;3.3;;
7913;Totaal mannen en vrouwen;0;2;8;Vijf jaar na afstuderen;0;Cohort 2002/'03;2.3;3.1;2.4;3.1;2.4;3.1;2.1;2.8;2.2;;;;2.2;;;
7914;Totaal mannen en vrouwen;0;2;8;Vijf jaar na afstuderen;0;Cohort 2003/'04;;;;;;;;;;;;;;;;
7915;Totaal mannen en vrouwen;0;2;8;Vijf jaar na afstuderen;1;Cohort 1999/'00;;;;;;;;;;;;;;;;
7916;Totaal mannen en vrouwen;0;2;8;Vijf jaar na afstuderen;1;Cohort 2000/'01;;;;;;;;;;;;;;;;
7917;Totaal mannen en vrouwen;0;2;8;Vijf jaar na afstuderen;1;Cohort 2001/'02;;;;;;;;;;;;;;;;
7918;Totaal mannen en vrouwen;0;2;8;Vijf jaar na afstuderen;1;Cohort 2002/'03;;;;;;;;;;;;;;;;
7919;Totaal mannen en vrouwen;0;2;8;Vijf jaar na afstuderen;1;Cohort 2003/'04;;;;;;;;;;;;;;;;
7920;Totaal mannen en vrouwen;0;2;8;Vijf jaar na afstuderen;2;Cohort 1999/'00;;;;;;;;;;;;;;;;
7921;Totaal mannen en vrouwen;0;2;8;Vijf jaar na afstuderen;2;Cohort 2000/'01;4.0;4.0;4.0;4.0;4.0;4.0;;;;;;;;;;
7922;Totaal mannen en vrouwen;0;2;8;Vijf jaar na afstuderen;2;Cohort 2001/'02;;;;;;;;;;;;;;;;
7923;Totaal mannen en vrouwen;0;2;8;Vijf jaar na afstuderen;2;Cohort 2002/'03;;;;;;;;;;;;;;;;
7924;Totaal mannen en vrouwen;0;2;8;Vijf jaar na afstuderen;2;Cohort 2003/'04;;;;;;;;;;;;;;;;
7925;Totaal mannen en vrouwen;0;2;8;Vijf jaar na afstuderen;3;Cohort 1999/'00;2.9;2.9;2.9;2.9;2.9;2.9;;;;;;;;;;
7926;Totaal mannen en vrouwen;0;2;8;Vijf jaar na afstuderen;3;Cohort 2000/'01;2.0;2.0;2.0;2.0;2.0;2.0;;;;;;;;;;
7927;Totaal mannen en vrouwen;0;2;8;Vijf jaar na afstuderen;3;Cohort 2001/'02;2.0;2.4;2.0;2.4;2.0;2.4;;;;;;;;;;
7928;Totaal mannen en vrouwen;0;2;8;Vijf jaar na afstuderen;3;Cohort 2002/'03;1.4;;1.4;;1.4;;;;;;;;;;;
7929;Totaal mannen en vrouwen;0;2;8;Vijf jaar na afstuderen;3;Cohort 2003/'04;;;;;;;;;;;;;;;;
7930;Totaal mannen en vrouwen;0;2;8;Vijf jaar na afstuderen;4;Cohort 1999/'00;;;;;;;;;;;;;;;;
7931;Totaal mannen en vrouwen;0;2;8;Vijf jaar na afstuderen;4;Cohort 2000/'01;;;;;;;;;;;;;;;;
7932;Totaal mannen en vrouwen;0;2;8;Vijf jaar na afstuderen;4;Cohort 2001/'02;;;;;;;;;;;;;;;;
7933;Totaal mannen en vrouwen;0;2;8;Vijf jaar na afstuderen;4;Cohort 2002/'03;;;;;;;;;;;;;;;;
7934;Totaal mannen en vrouwen;0;2;8;Vijf jaar na afstuderen;4;Cohort 2003/'04;;;;;;;;;;;;;;;;
7935;Totaal mannen en vrouwen;0;2;8;Vijf jaar na afstuderen;5;Cohort 1999/'00;1.6;2.2;1.6;2.2;1.6;2.2;;;;;;;;;;
7936;Totaal mannen en vrouwen;0;2;8;Vijf jaar na afstuderen;5;Cohort 2000/'01;2.3;2.3;2.3;2.3;2.3;2.3;;;;;;;;;;
7937;Totaal mannen en vrouwen;0;2;8;Vijf jaar na afstuderen;5;Cohort 2001/'02;2.5;2.5;2.5;2.5;2.5;2.5;;;;;;;;;;
7938;Totaal mannen en vrouwen;0;2;8;Vijf jaar na afstuderen;5;Cohort 2002/'03;;;;;;;;;;;;;;;;
7939;Totaal mannen en vrouwen;0;2;8;Vijf jaar na afstuderen;5;Cohort 2003/'04;;;;;;;;;;;;;;;;
7940;Totaal mannen en vrouwen;0;2;8;Vijf jaar na afstuderen;6;Cohort 1999/'00;2.7;2.7;2.7;2.7;2.7;2.7;;;;;;;;;;
7941;Totaal mannen en vrouwen;0;2;8;Vijf jaar na afstuderen;6;Cohort 2000/'01;;;;;;;;;;;;;;;;
7942;Totaal mannen en vrouwen;0;2;8;Vijf jaar na afstuderen;6;Cohort 2001/'02;;;;;;;;;;;;;;;;
7943;Totaal mannen en vrouwen;0;2;8;Vijf jaar na afstuderen;6;Cohort 2002/'03;;;;;;;;;;;;;;;;
7944;Totaal mannen en vrouwen;0;2;8;Vijf jaar na afstuderen;6;Cohort 2003/'04;;;;;;;;;;;;;;;;
7945;Totaal mannen en vrouwen;0;2;8;Vijf jaar na afstuderen;7;Cohort 1999/'00;2.6;2.6;2.6;2.6;2.6;2.6;;;;;;;;;;
7946;Totaal mannen en vrouwen;0;2;8;Vijf jaar na afstuderen;7;Cohort 2000/'01;2.1;3.1;2.1;3.1;2.1;3.1;;;;;;;;;;
7947;Totaal mannen en vrouwen;0;2;8;Vijf jaar na afstuderen;7;Cohort 2001/'02;;;;;;;;;;;;;;;;
7948;Totaal mannen en vrouwen;0;2;8;Vijf jaar na afstuderen;7;Cohort 2002/'03;2.6;2.6;2.6;2.6;2.6;2.6;;;;;;;;;;
7949;Totaal mannen en vrouwen;0;2;8;Vijf jaar na afstuderen;7;Cohort 2003/'04;;;;;;;;;;;;;;;;
7950;Totaal mannen en vrouwen;0;2;8;Vijf jaar na afstuderen;8;Cohort 1999/'00;1.9;2.2;1.9;2.2;1.9;2.2;;;;;;;;;;
7951;Totaal mannen en vrouwen;0;2;8;Vijf jaar na afstuderen;8;Cohort 2000/'01;;;;;;;;;;;;;;;;
7952;Totaal mannen en vrouwen;0;2;8;Vijf jaar na afstuderen;8;Cohort 2001/'02;;;;;;;;;;;;;;;;
7953;Totaal mannen en vrouwen;0;2;8;Vijf jaar na afstuderen;8;Cohort 2002/'03;1.6;;1.6;;1.6;;;;;;;;;;;
7954;Totaal mannen en vrouwen;0;2;8;Vijf jaar na afstuderen;8;Cohort 2003/'04;;;;;;;;;;;;;;;;
7955;Totaal mannen en vrouwen;0;2;8;Vijf jaar na afstuderen;9;Cohort 1999/'00;;;;;;;;;;;;;;;;
7956;Totaal mannen en vrouwen;0;2;8;Vijf jaar na afstuderen;9;Cohort 2000/'01;;;;;;;;;;;;;;;;
7957;Totaal mannen en vrouwen;0;2;8;Vijf jaar na afstuderen;9;Cohort 2001/'02;3.3;3.4;3.3;3.4;3.3;3.4;;;;;;;;;;
7958;Totaal mannen en vrouwen;0;2;8;Vijf jaar na afstuderen;9;Cohort 2002/'03;4.1;4.1;4.1;4.1;4.1;4.1;;;;;;;;;;
7959;Totaal mannen en vrouwen;0;2;8;Vijf jaar na afstuderen;9;Cohort 2003/'04;;;;;;;;;;;;;;;;
7960;Totaal mannen en vrouwen;0;2;8;Vijf jaar na afstuderen;M Onderwijs;Cohort 1999/'00;2.3;2.6;2.3;2.6;2.3;2.6;2.5;2.5;2.0;;;;2.0;;;
7961;Totaal mannen en vrouwen;0;2;8;Vijf jaar na afstuderen;M Onderwijs;Cohort 2000/'01;2.5;2.7;2.4;2.6;2.4;2.6;;;3.0;3.0;;;3.0;3.0;;
7962;Totaal mannen en vrouwen;0;2;8;Vijf jaar na afstuderen;M Onderwijs;Cohort 2001/'02;2.1;2.6;2.2;2.4;2.2;2.4;;;1.8;3.3;;;1.8;3.3;;
7963;Totaal mannen en vrouwen;0;2;8;Vijf jaar na afstuderen;M Onderwijs;Cohort 2002/'03;2.3;2.9;2.3;2.9;2.3;2.9;2.1;2.8;2.2;;;;2.2;;;
7964;Totaal mannen en vrouwen;0;2;8;Vijf jaar na afstuderen;M Onderwijs;Cohort 2003/'04;;;;;;;;;;;;;;;;
7965;Totaal mannen en vrouwen;0;2;8;Vijf jaar na afstuderen;N Gezondheids- en welzijnszorg;Cohort 1999/'00;2.2;;2.2;;2.2;;;;;;;;;;;
7966;Totaal mannen en vrouwen;0;2;8;Vijf jaar na afstuderen;N Gezondheids- en welzijnszorg;Cohort 2000/'01;2.1;2.1;2.1;2.1;2.1;2.1;;;;;;;;;;
7967;Totaal mannen en vrouwen;0;2;8;Vijf jaar na afstuderen;N Gezondheids- en welzijnszorg;Cohort 2001/'02;2.0;2.8;2.0;2.8;2.0;2.8;;;;;;;;;;
7968;Totaal mannen en vrouwen;0;2;8;Vijf jaar na afstuderen;N Gezondheids- en welzijnszorg;Cohort 2002/'03;;;;;;;;;;;;;;;;
7969;Totaal mannen en vrouwen;0;2;8;Vijf jaar na afstuderen;N Gezondheids- en welzijnszorg;Cohort 2003/'04;;;;;;;;;;;;;;;;
7970;Totaal mannen en vrouwen;0;2;8;Vijf jaar na afstuderen;9000e Milieu, cultuur, recreatie en ..;Cohort 1999/'00;;;;;;;;;;;;;;;;
7971;Totaal mannen en vrouwen;0;2;8;Vijf jaar na afstuderen;9000e Milieu, cultuur, recreatie en ..;Cohort 2000/'01;2.4;2.5;2.4;2.5;2.4;2.5;;;;;;;;;;
7972;Totaal mannen en vrouwen;0;2;8;Vijf jaar na afstuderen;9000e Milieu, cultuur, recreatie en ..;Cohort 2001/'02;2.4;2.4;2.4;2.4;2.4;2.4;;;;;;;;;;
7973;Totaal mannen en vrouwen;0;2;8;Vijf jaar na afstuderen;9000e Milieu, cultuur, recreatie en ..;Cohort 2002/'03;;;;;;;;;;;;;;;;
7974;Totaal mannen en vrouwen;0;2;8;Vijf jaar na afstuderen;9000e Milieu, cultuur, recreatie en ..;Cohort 2003/'04;;;;;;;;;;;;;;;;
7975;Totaal mannen en vrouwen;0;2;8;Vijf jaar na afstuderen;Onbekend;Cohort 1999/'00;;;;;;;;;;;;;;;;
7976;Totaal mannen en vrouwen;0;2;8;Vijf jaar na afstuderen;Onbekend;Cohort 2000/'01;;;;;;;;;;;;;;;;
7977;Totaal mannen en vrouwen;0;2;8;Vijf jaar na afstuderen;Onbekend;Cohort 2001/'02;;;;;;;;;;;;;;;;
7978;Totaal mannen en vrouwen;0;2;8;Vijf jaar na afstuderen;Onbekend;Cohort 2002/'03;;;;;;;;;;;;;;;;
7979;Totaal mannen en vrouwen;0;2;8;Vijf jaar na afstuderen;Onbekend;Cohort 2003/'04;;;;;;;;;;;;;;;;
7980;Totaal mannen en vrouwen;0;2;9;Direct na afstuderen;0;Cohort 1999/'00;1.3;;1.3;;1.3;;1.1;;1.4;;;;1.4;;;
7981;Totaal mannen en vrouwen;0;2;9;Direct na afstuderen;0;Cohort 2000/'01;1.4;1.8;1.4;1.8;1.4;1.8;1.6;1.5;1.6;2.2;;;1.6;2.2;;
7982;Totaal mannen en vrouwen;0;2;9;Direct na afstuderen;0;Cohort 2001/'02;1.4;1.8;1.4;1.8;1.4;1.8;1.4;1.9;1.5;2.3;;;1.5;2.3;;
7983;Totaal mannen en vrouwen;0;2;9;Direct na afstuderen;0;Cohort 2002/'03;1.3;1.9;1.3;1.9;1.3;1.9;1.6;;1.4;2.6;;;1.4;2.6;;
7984;Totaal mannen en vrouwen;0;2;9;Direct na afstuderen;0;Cohort 2003/'04;1.6;2.1;1.6;2.1;1.6;2.1;1.4;1.6;1.8;3.5;;;1.8;3.5;;
7985;Totaal mannen en vrouwen;0;2;9;Direct na afstuderen;1;Cohort 1999/'00;;;;;;;;;;;;;;;;
7986;Totaal mannen en vrouwen;0;2;9;Direct na afstuderen;1;Cohort 2000/'01;;;;;;;;;;;;;;;;
7987;Totaal mannen en vrouwen;0;2;9;Direct na afstuderen;1;Cohort 2001/'02;;;;;;;;;;;;;;;;
7988;Totaal mannen en vrouwen;0;2;9;Direct na afstuderen;1;Cohort 2002/'03;;;;;;;;;;;;;;;;
7989;Totaal mannen en vrouwen;0;2;9;Direct na afstuderen;1;Cohort 2003/'04;;;;;;;;;;;;;;;;
7990;Totaal mannen en vrouwen;0;2;9;Direct na afstuderen;2;Cohort 1999/'00;1.5;;1.5;;1.5;;;;;;;;;;;
7991;Totaal mannen en vrouwen;0;2;9;Direct na afstuderen;2;Cohort 2000/'01;1.3;2.1;1.1;2.1;1.1;2.1;;;1.7;;;;1.7;;;
7992;Totaal mannen en vrouwen;0;2;9;Direct na afstuderen;2;Cohort 2001/'02;;;;;;;;;;;;;;;;
7993;Totaal mannen en vrouwen;0;2;9;Direct na afstuderen;2;Cohort 2002/'03;0.8;;0.8;;0.8;;;;;;;;;;;
7994;Totaal mannen en vrouwen;0;2;9;Direct na afstuderen;2;Cohort 2003/'04;1.7;2.1;1.7;2.1;1.7;2.1;;;;;;;;;;
7995;Totaal mannen en vrouwen;0;2;9;Direct na afstuderen;3;Cohort 1999/'00;0.9;;1.0;;1.0;;;;0.5;;;;0.5;;;
7996;Totaal mannen en vrouwen;0;2;9;Direct na afstuderen;3;Cohort 2000/'01;1.0;2.5;1.0;2.5;1.0;2.5;;;;;;;;;;
7997;Totaal mannen en vrouwen;0;2;9;Direct na afstuderen;3;Cohort 2001/'02;1.1;1.5;1.1;1.4;1.1;1.4;;;1.8;1.8;;;1.8;1.8;;
7998;Totaal mannen en vrouwen;0;2;9;Direct na afstuderen;3;Cohort 2002/'03;0.9;2.1;0.9;2.1;0.9;2.1;;;;;;;;;;
7999;Totaal mannen en vrouwen;0;2;9;Direct na afstuderen;3;Cohort 2003/'04;1.0;1.5;1.0;1.5;1.0;1.5;;;0.6;;;;0.6;;;
8000;Totaal mannen en vrouwen;0;2;9;Direct na afstuderen;4;Cohort 1999/'00;0.7;;0.7;;0.7;;;;;;;;;;;
8001;Totaal mannen en vrouwen;0;2;9;Direct na afstuderen;4;Cohort 2000/'01;1.0;1.6;1.0;1.6;1.0;1.6;;;;;;;;;;
8002;Totaal mannen en vrouwen;0;2;9;Direct na afstuderen;4;Cohort 2001/'02;0.7;1.7;0.7;1.7;0.7;1.7;;;;;;;;;;
8003;Totaal mannen en vrouwen;0;2;9;Direct na afstuderen;4;Cohort 2002/'03;0.8;;0.8;;0.8;;;;;;;;;;;
8004;Totaal mannen en vrouwen;0;2;9;Direct na afstuderen;4;Cohort 2003/'04;0.9;;0.9;;0.9;;;;;;;;;;;
8005;Totaal mannen en vrouwen;0;2;9;Direct na afstuderen;5;Cohort 1999/'00;1.4;;1.4;;1.4;;;;;;;;;;;
8006;Totaal mannen en vrouwen;0;2;9;Direct na afstuderen;5;Cohort 2000/'01;1.3;1.9;1.4;1.9;1.4;1.9;;;1.3;;;;1.3;;;
8007;Totaal mannen en vrouwen;0;2;9;Direct na afstuderen;5;Cohort 2001/'02;1.4;1.7;1.4;1.7;1.4;1.7;;;;;;;;;;
8008;Totaal mannen en vrouwen;0;2;9;Direct na afstuderen;5;Cohort 2002/'03;2.4;2.4;2.4;2.4;2.4;2.4;;;;;;;;;;
8009;Totaal mannen en vrouwen;0;2;9;Direct na afstuderen;5;Cohort 2003/'04;1.0;1.9;1.3;1.9;1.3;1.9;;;0.6;;;;0.6;;;
8010;Totaal mannen en vrouwen;0;2;9;Direct na afstuderen;6;Cohort 1999/'00;1.4;;1.4;;1.4;;;;;;;;;;;
8011;Totaal mannen en vrouwen;0;2;9;Direct na afstuderen;6;Cohort 2000/'01;;;;;;;;;;;;;;;;
8012;Totaal mannen en vrouwen;0;2;9;Direct na afstuderen;6;Cohort 2001/'02;1.2;1.2;1.2;1.2;1.2;1.2;;;;;;;;;;
8013;Totaal mannen en vrouwen;0;2;9;Direct na afstuderen;6;Cohort 2002/'03;1.9;2.1;1.9;2.1;1.9;2.1;;;;;;;;;;
8014;Totaal mannen en vrouwen;0;2;9;Direct na afstuderen;6;Cohort 2003/'04;2.0;;2.0;;2.0;;;;;;;;;;;
8015;Totaal mannen en vrouwen;0;2;9;Direct na afstuderen;7;Cohort 1999/'00;1.3;;1.3;;1.3;;;;;;;;;;;
8016;Totaal mannen en vrouwen;0;2;9;Direct na afstuderen;7;Cohort 2000/'01;1.6;2.1;1.3;1.7;1.3;1.7;;;2.4;2.8;;;2.4;2.8;;
8017;Totaal mannen en vrouwen;0;2;9;Direct na afstuderen;7;Cohort 2001/'02;1.5;1.8;1.5;1.8;1.5;1.8;;;;;;;;;;
8018;Totaal mannen en vrouwen;0;2;9;Direct na afstuderen;7;Cohort 2002/'03;1.1;1.9;1.1;1.9;1.1;1.9;;;;;;;;;;
8019;Totaal mannen en vrouwen;0;2;9;Direct na afstuderen;7;Cohort 2003/'04;1.3;2.0;1.3;2.0;1.3;2.0;;;;;;;;;;
8020;Totaal mannen en vrouwen;0;2;9;Direct na afstuderen;8;Cohort 1999/'00;1.2;;1.2;;1.2;;;;2.4;;;;2.4;;;
8021;Totaal mannen en vrouwen;0;2;9;Direct na afstuderen;8;Cohort 2000/'01;1.2;1.7;1.2;1.7;1.2;1.7;;;;;;;;;;
8022;Totaal mannen en vrouwen;0;2;9;Direct na afstuderen;8;Cohort 2001/'02;1.1;1.6;1.1;1.6;1.1;1.6;;;1.0;;;;1.0;;;
8023;Totaal mannen en vrouwen;0;2;9;Direct na afstuderen;8;Cohort 2002/'03;1.2;1.3;1.2;1.3;1.2;1.3;;;;;;;;;;
8024;Totaal mannen en vrouwen;0;2;9;Direct na afstuderen;8;Cohort 2003/'04;1.1;3.1;1.1;3.1;1.1;3.1;;;;;;;;;;
8025;Totaal mannen en vrouwen;0;2;9;Direct na afstuderen;9;Cohort 1999/'00;1.3;;1.3;;1.3;;;;1.7;;;;1.7;;;
8026;Totaal mannen en vrouwen;0;2;9;Direct na afstuderen;9;Cohort 2000/'01;1.9;3.1;1.9;3.1;1.9;3.1;;;;;;;;;;
8027;Totaal mannen en vrouwen;0;2;9;Direct na afstuderen;9;Cohort 2001/'02;1.6;2.3;1.6;2.3;1.6;2.3;;;;;;;;;;
8028;Totaal mannen en vrouwen;0;2;9;Direct na afstuderen;9;Cohort 2002/'03;1.4;1.6;1.4;1.6;1.4;1.6;;;;;;;;;;
8029;Totaal mannen en vrouwen;0;2;9;Direct na afstuderen;9;Cohort 2003/'04;1.9;2.8;1.7;2.7;1.7;2.7;;;3.2;3.2;;;3.2;3.2;;
8030;Totaal mannen en vrouwen;0;2;9;Direct na afstuderen;M Onderwijs;Cohort 1999/'00;1.4;;1.3;;1.3;;1.1;;1.4;;;;1.4;;;
8031;Totaal mannen en vrouwen;0;2;9;Direct na afstuderen;M Onderwijs;Cohort 2000/'01;1.5;1.8;1.5;1.7;1.5;1.8;1.6;1.5;1.5;2.0;;;1.5;2.0;;
8032;Totaal mannen en vrouwen;0;2;9;Direct na afstuderen;M Onderwijs;Cohort 2001/'02;1.5;1.9;1.5;1.8;1.5;1.8;1.4;1.9;1.6;2.5;;;1.6;2.5;;
8033;Totaal mannen en vrouwen;0;2;9;Direct na afstuderen;M Onderwijs;Cohort 2002/'03;1.4;2.0;1.4;2.0;1.4;2.0;1.6;;1.4;2.6;;;1.4;2.6;;
8034;Totaal mannen en vrouwen;0;2;9;Direct na afstuderen;M Onderwijs;Cohort 2003/'04;1.7;2.1;1.7;2.1;1.7;2.1;1.5;;1.9;3.5;;;1.9;3.5;;
8035;Totaal mannen en vrouwen;0;2;9;Direct na afstuderen;N Gezondheids- en welzijnszorg;Cohort 1999/'00;1.0;;1.0;;1.0;;;;;;;;;;;
8036;Totaal mannen en vrouwen;0;2;9;Direct na afstuderen;N Gezondheids- en welzijnszorg;Cohort 2000/'01;1.2;1.1;1.2;1.1;1.2;1.1;;;;;;;;;;
8037;Totaal mannen en vrouwen;0;2;9;Direct na afstuderen;N Gezondheids- en welzijnszorg;Cohort 2001/'02;1.0;0.7;1.0;0.7;1.0;0.7;;;;;;;;;;
8038;Totaal mannen en vrouwen;0;2;9;Direct na afstuderen;N Gezondheids- en welzijnszorg;Cohort 2002/'03;0.7;1.0;0.7;1.0;0.7;1.0;;;;;;;;;;
8039;Totaal mannen en vrouwen;0;2;9;Direct na afstuderen;N Gezondheids- en welzijnszorg;Cohort 2003/'04;1.3;;1.3;;1.5;;0.5;;;;;;;;;
8040;Totaal mannen en vrouwen;0;2;9;Direct na afstuderen;9000e Milieu, cultuur, recreatie en ..;Cohort 1999/'00;1.1;;1.1;;1.1;;;;0.8;;;;0.8;;;
8041;Totaal mannen en vrouwen;0;2;9;Direct na afstuderen;9000e Milieu, cultuur, recreatie en ..;Cohort 2000/'01;1.0;1.8;0.8;1.6;0.8;1.6;;;2.5;2.5;;;2.5;2.5;;
8042;Totaal mannen en vrouwen;0;2;9;Direct na afstuderen;9000e Milieu, cultuur, recreatie en ..;Cohort 2001/'02;1.4;2.0;1.4;2.0;1.4;2.0;;;;;;;;;;
8043;Totaal mannen en vrouwen;0;2;9;Direct na afstuderen;9000e Milieu, cultuur, recreatie en ..;Cohort 2002/'03;0.5;;0.5;;0.5;;;;;;;;;;;
8044;Totaal mannen en vrouwen;0;2;9;Direct na afstuderen;9000e Milieu, cultuur, recreatie en ..;Cohort 2003/'04;1.2;1.6;1.2;1.6;1.1;;1.6;1.6;1.7;;;;1.7;;;
8045;Totaal mannen en vrouwen;0;2;9;Direct na afstuderen;Onbekend;Cohort 1999/'00;;;;;;;;;;;;;;;;
8046;Totaal mannen en vrouwen;0;2;9;Direct na afstuderen;Onbekend;Cohort 2000/'01;;;;;;;;;;;;;;;;
8047;Totaal mannen en vrouwen;0;2;9;Direct na afstuderen;Onbekend;Cohort 2001/'02;;;;;;;;;;;;;;;;
8048;Totaal mannen en vrouwen;0;2;9;Direct na afstuderen;Onbekend;Cohort 2002/'03;;;;;;;;;;;;;;;;
8049;Totaal mannen en vrouwen;0;2;9;Direct na afstuderen;Onbekend;Cohort 2003/'04;;;;;;;;;;;;;;;;
8050;Totaal mannen en vrouwen;0;2;9;Één jaar na afstuderen;0;Cohort 1999/'00;1.8;2.1;1.8;2.0;1.8;2.0;2.0;2.1;1.9;2.3;;;1.9;2.3;;
8051;Totaal mannen en vrouwen;0;2;9;Één jaar na afstuderen;0;Cohort 2000/'01;1.9;2.2;1.9;2.1;1.9;2.1;2.0;2.1;1.8;2.3;;;1.8;2.3;;
8052;Totaal mannen en vrouwen;0;2;9;Één jaar na afstuderen;0;Cohort 2001/'02;1.9;2.3;1.9;2.3;1.9;2.3;2.0;2.3;1.7;2.3;;;1.7;2.3;;
8053;Totaal mannen en vrouwen;0;2;9;Één jaar na afstuderen;0;Cohort 2002/'03;2.0;2.3;2.0;2.3;2.0;2.3;2.1;;1.9;2.2;;;1.9;2.2;;
8054;Totaal mannen en vrouwen;0;2;9;Één jaar na afstuderen;0;Cohort 2003/'04;1.9;2.3;1.9;2.3;1.9;2.3;1.8;2.4;1.9;3.2;;;1.9;3.2;;
8055;Totaal mannen en vrouwen;0;2;9;Één jaar na afstuderen;1;Cohort 1999/'00;;;;;;;;;;;;;;;;
8056;Totaal mannen en vrouwen;0;2;9;Één jaar na afstuderen;1;Cohort 2000/'01;;;;;;;;;;;;;;;;
8057;Totaal mannen en vrouwen;0;2;9;Één jaar na afstuderen;1;Cohort 2001/'02;;;;;;;;;;;;;;;;
8058;Totaal mannen en vrouwen;0;2;9;Één jaar na afstuderen;1;Cohort 2002/'03;;;;;;;;;;;;;;;;
8059;Totaal mannen en vrouwen;0;2;9;Één jaar na afstuderen;1;Cohort 2003/'04;;;;;;;;;;;;;;;;
8060;Totaal mannen en vrouwen;0;2;9;Één jaar na afstuderen;2;Cohort 1999/'00;2.0;2.0;2.0;2.0;2.0;2.0;;;;;;;;;;
8061;Totaal mannen en vrouwen;0;2;9;Één jaar na afstuderen;2;Cohort 2000/'01;2.3;2.3;2.3;2.3;2.3;2.3;;;;;;;;;;
8062;Totaal mannen en vrouwen;0;2;9;Één jaar na afstuderen;2;Cohort 2001/'02;1.4;1.2;1.4;1.2;1.4;1.2;;;;;;;;;;
8063;Totaal mannen en vrouwen;0;2;9;Één jaar na afstuderen;2;Cohort 2002/'03;;;;;;;;;;;;;;;;
8064;Totaal mannen en vrouwen;0;2;9;Één jaar na afstuderen;2;Cohort 2003/'04;2.3;2.3;2.3;2.3;2.3;2.3;;;;;;;;;;
8065;Totaal mannen en vrouwen;0;2;9;Één jaar na afstuderen;3;Cohort 1999/'00;1.6;1.9;1.7;1.9;1.7;1.9;;;1.1;1.3;;;1.1;1.3;;
8066;Totaal mannen en vrouwen;0;2;9;Één jaar na afstuderen;3;Cohort 2000/'01;1.6;1.7;1.6;1.7;1.6;1.7;;;;;;;;;;
8067;Totaal mannen en vrouwen;0;2;9;Één jaar na afstuderen;3;Cohort 2001/'02;1.5;1.8;1.4;1.8;1.4;1.8;;;2.0;2.0;;;2.0;2.0;;
8068;Totaal mannen en vrouwen;0;2;9;Één jaar na afstuderen;3;Cohort 2002/'03;1.3;1.9;1.3;1.9;1.3;1.9;;;;;;;;;;
8069;Totaal mannen en vrouwen;0;2;9;Één jaar na afstuderen;3;Cohort 2003/'04;1.7;2.1;1.7;2.1;1.7;2.1;;;;;;;;;;
8070;Totaal mannen en vrouwen;0;2;9;Één jaar na afstuderen;4;Cohort 1999/'00;1.0;1.3;1.0;1.3;1.0;1.3;;;;;;;;;;
8071;Totaal mannen en vrouwen;0;2;9;Één jaar na afstuderen;4;Cohort 2000/'01;1.1;1.7;1.1;1.7;1.1;1.7;;;;;;;;;;
8072;Totaal mannen en vrouwen;0;2;9;Één jaar na afstuderen;4;Cohort 2001/'02;1.1;;1.1;;1.1;;;;;;;;;;;
8073;Totaal mannen en vrouwen;0;2;9;Één jaar na afstuderen;4;Cohort 2002/'03;1.2;1.6;1.2;1.6;1.2;1.6;;;;;;;;;;
8074;Totaal mannen en vrouwen;0;2;9;Één jaar na afstuderen;4;Cohort 2003/'04;1.0;;0.6;;0.6;;;;1.8;;;;1.8;;;
8075;Totaal mannen en vrouwen;0;2;9;Één jaar na afstuderen;5;Cohort 1999/'00;2.2;2.9;2.2;2.9;2.2;2.9;;;;;;;;;;
8076;Totaal mannen en vrouwen;0;2;9;Één jaar na afstuderen;5;Cohort 2000/'01;1.7;2.1;1.7;2.1;1.7;2.1;;;;;;;;;;
8077;Totaal mannen en vrouwen;0;2;9;Één jaar na afstuderen;5;Cohort 2001/'02;1.8;1.8;1.8;1.8;1.8;1.8;;;;;;;;;;
8078;Totaal mannen en vrouwen;0;2;9;Één jaar na afstuderen;5;Cohort 2002/'03;1.7;2.2;1.7;2.2;1.7;2.2;;;;;;;;;;
8079;Totaal mannen en vrouwen;0;2;9;Één jaar na afstuderen;5;Cohort 2003/'04;1.6;1.7;1.7;1.7;1.7;1.7;;;1.1;;;;1.1;;;
8080;Totaal mannen en vrouwen;0;2;9;Één jaar na afstuderen;6;Cohort 1999/'00;2.1;2.1;2.1;2.1;2.1;2.1;;;;;;;;;;
8081;Totaal mannen en vrouwen;0;2;9;Één jaar na afstuderen;6;Cohort 2000/'01;;;;;;;;;;;;;;;;
8082;Totaal mannen en vrouwen;0;2;9;Één jaar na afstuderen;6;Cohort 2001/'02;1.8;2.1;1.8;2.1;1.8;2.1;;;;;;;;;;
8083;Totaal mannen en vrouwen;0;2;9;Één jaar na afstuderen;6;Cohort 2002/'03;3.0;3.7;3.0;3.7;3.0;3.7;;;;;;;;;;
8084;Totaal mannen en vrouwen;0;2;9;Één jaar na afstuderen;6;Cohort 2003/'04;2.5;;2.5;;2.5;;;;;;;;;;;
8085;Totaal mannen en vrouwen;0;2;9;Één jaar na afstuderen;7;Cohort 1999/'00;1.8;1.9;1.8;1.8;1.8;1.8;;;2.3;2.3;;;2.3;2.3;;
8086;Totaal mannen en vrouwen;0;2;9;Één jaar na afstuderen;7;Cohort 2000/'01;1.7;2.0;1.6;1.9;1.6;1.9;;;1.9;2.1;;;1.9;2.1;;
8087;Totaal mannen en vrouwen;0;2;9;Één jaar na afstuderen;7;Cohort 2001/'02;1.7;1.8;1.7;1.8;1.7;1.8;;;;;;;;;;
8088;Totaal mannen en vrouwen;0;2;9;Één jaar na afstuderen;7;Cohort 2002/'03;2.9;2.9;3.9;3.9;3.9;3.9;;;1.9;1.9;;;1.9;1.9;;
8089;Totaal mannen en vrouwen;0;2;9;Één jaar na afstuderen;7;Cohort 2003/'04;1.3;1.7;1.3;1.7;1.3;1.7;;;;;;;;;;
8090;Totaal mannen en vrouwen;0;2;9;Één jaar na afstuderen;8;Cohort 1999/'00;1.7;2.2;1.6;2.1;1.6;2.1;;;3.4;3.4;;;3.4;3.4;;
8091;Totaal mannen en vrouwen;0;2;9;Één jaar na afstuderen;8;Cohort 2000/'01;1.4;1.8;1.4;1.8;1.4;1.8;;;;;;;;;;
8092;Totaal mannen en vrouwen;0;2;9;Één jaar na afstuderen;8;Cohort 2001/'02;1.1;1.7;1.1;1.7;1.1;1.7;;;;;;;;;;
8093;Totaal mannen en vrouwen;0;2;9;Één jaar na afstuderen;8;Cohort 2002/'03;1.6;1.6;1.6;1.6;1.6;1.6;;;1.5;;;;1.5;;;
8094;Totaal mannen en vrouwen;0;2;9;Één jaar na afstuderen;8;Cohort 2003/'04;1.1;1.8;1.1;1.8;1.1;1.8;0.3;;1.0;;;;1.0;;;
8095;Totaal mannen en vrouwen;0;2;9;Één jaar na afstuderen;9;Cohort 1999/'00;1.8;1.9;1.8;1.9;1.8;1.9;2.2;;;;;;;;;
8096;Totaal mannen en vrouwen;0;2;9;Één jaar na afstuderen;9;Cohort 2000/'01;1.5;2.0;1.5;2.0;1.5;2.0;;;;;;;;;;
8097;Totaal mannen en vrouwen;0;2;9;Één jaar na afstuderen;9;Cohort 2001/'02;2.1;2.8;2.1;2.8;2.1;2.8;;;;;;;;;;
8098;Totaal mannen en vrouwen;0;2;9;Één jaar na afstuderen;9;Cohort 2002/'03;1.9;2.1;1.9;2.1;1.9;2.1;;;;;;;;;;
8099;Totaal mannen en vrouwen;0;2;9;Één jaar na afstuderen;9;Cohort 2003/'04;2.1;2.8;1.6;2.3;1.6;2.3;;;4.0;4.0;;;4.0;4.0;;
8100;Totaal mannen en vrouwen;0;2;9;Één jaar na afstuderen;M Onderwijs;Cohort 1999/'00;1.9;2.1;1.9;2.1;1.9;2.1;2.0;2.1;1.8;2.2;;;1.8;2.2;;
8101;Totaal mannen en vrouwen;0;2;9;Één jaar na afstuderen;M Onderwijs;Cohort 2000/'01;2.0;2.2;2.0;2.2;2.0;2.2;2.0;2.1;1.7;2.4;;;1.7;2.4;;
8102;Totaal mannen en vrouwen;0;2;9;Één jaar na afstuderen;M Onderwijs;Cohort 2001/'02;2.0;2.3;2.0;2.3;2.0;2.3;2.1;2.3;1.8;2.4;;;1.8;2.4;;
8103;Totaal mannen en vrouwen;0;2;9;Één jaar na afstuderen;M Onderwijs;Cohort 2002/'03;2.0;2.3;2.0;2.3;2.0;2.3;2.0;;1.9;2.3;;;1.9;2.3;;
8104;Totaal mannen en vrouwen;0;2;9;Één jaar na afstuderen;M Onderwijs;Cohort 2003/'04;2.0;2.4;2.0;2.4;2.0;2.4;2.0;2.5;1.9;2.9;;;1.9;2.9;;
8105;Totaal mannen en vrouwen;0;2;9;Één jaar na afstuderen;N Gezondheids- en welzijnszorg;Cohort 1999/'00;1.4;2.3;1.4;2.3;1.4;2.3;;;;;;;;;;
8106;Totaal mannen en vrouwen;0;2;9;Één jaar na afstuderen;N Gezondheids- en welzijnszorg;Cohort 2000/'01;1.4;1.8;1.3;1.6;1.3;1.6;;;2.2;2.2;;;2.2;2.2;;
8107;Totaal mannen en vrouwen;0;2;9;Één jaar na afstuderen;N Gezondheids- en welzijnszorg;Cohort 2001/'02;1.5;2.4;1.6;2.4;1.6;2.4;;;1.1;;;;1.1;;;
8108;Totaal mannen en vrouwen;0;2;9;Één jaar na afstuderen;N Gezondheids- en welzijnszorg;Cohort 2002/'03;1.5;;1.5;;1.3;;2.4;;;;;;;;;
8109;Totaal mannen en vrouwen;0;2;9;Één jaar na afstuderen;N Gezondheids- en welzijnszorg;Cohort 2003/'04;1.3;1.4;1.3;1.4;1.3;1.4;;;;;;;;;;
8110;Totaal mannen en vrouwen;0;2;9;Één jaar na afstuderen;9000e Milieu, cultuur, recreatie en ..;Cohort 1999/'00;1.3;1.0;1.3;1.0;1.3;1.0;;;;;;;;;;
8111;Totaal mannen en vrouwen;0;2;9;Één jaar na afstuderen;9000e Milieu, cultuur, recreatie en ..;Cohort 2000/'01;1.3;2.2;1.1;2.0;1.1;2.0;;;2.6;2.6;;;2.6;2.6;;
8112;Totaal mannen en vrouwen;0;2;9;Één jaar na afstuderen;9000e Milieu, cultuur, recreatie en ..;Cohort 2001/'02;1.7;;1.7;;1.7;;;;;;;;;;;
8113;Totaal mannen en vrouwen;0;2;9;Één jaar na afstuderen;9000e Milieu, cultuur, recreatie en ..;Cohort 2002/'03;1.6;;1.6;;1.6;;;;;;;;;;;
8114;Totaal mannen en vrouwen;0;2;9;Één jaar na afstuderen;9000e Milieu, cultuur, recreatie en ..;Cohort 2003/'04;1.1;1.8;1.1;1.8;1.0;1.6;2.0;2.0;;;;;;;;
8115;Totaal mannen en vrouwen;0;2;9;Één jaar na afstuderen;Onbekend;Cohort 1999/'00;;;;;;;;;;;;;;;;
8116;Totaal mannen en vrouwen;0;2;9;Één jaar na afstuderen;Onbekend;Cohort 2000/'01;;;;;;;;;;;;;;;;
8117;Totaal mannen en vrouwen;0;2;9;Één jaar na afstuderen;Onbekend;Cohort 2001/'02;0.5;;0.5;;;;0.5;;;;;;;;;
8118;Totaal mannen en vrouwen;0;2;9;Één jaar na afstuderen;Onbekend;Cohort 2002/'03;;;;;;;;;;;;;;;;
8119;Totaal mannen en vrouwen;0;2;9;Één jaar na afstuderen;Onbekend;Cohort 2003/'04;;;;;;;;;;;;;;;;
8120;Totaal mannen en vrouwen;0;2;9;Twee jaar na afstuderen;0;Cohort 1999/'00;2.1;2.3;2.1;2.3;2.0;2.3;2.1;2.2;2.1;2.4;;;2.1;2.4;;
8121;Totaal mannen en vrouwen;0;2;9;Twee jaar na afstuderen;0;Cohort 2000/'01;2.0;2.3;2.0;2.3;2.0;2.3;2.3;2.4;1.8;2.2;;;1.8;2.2;;
8122;Totaal mannen en vrouwen;0;2;9;Twee jaar na afstuderen;0;Cohort 2001/'02;2.1;2.3;2.1;2.3;2.1;2.3;2.3;2.4;2.0;2.2;;;2.0;2.2;;
8123;Totaal mannen en vrouwen;0;2;9;Twee jaar na afstuderen;0;Cohort 2002/'03;2.2;2.5;2.2;2.5;2.2;2.5;2.3;2.4;2.2;2.8;;;2.2;2.8;;
8124;Totaal mannen en vrouwen;0;2;9;Twee jaar na afstuderen;0;Cohort 2003/'04;2.1;2.6;2.1;2.6;2.1;2.6;2.0;2.5;2.3;3.0;;;2.3;3.0;;
8125;Totaal mannen en vrouwen;0;2;9;Twee jaar na afstuderen;1;Cohort 1999/'00;;;;;;;;;;;;;;;;
8126;Totaal mannen en vrouwen;0;2;9;Twee jaar na afstuderen;1;Cohort 2000/'01;;;;;;;;;;;;;;;;
8127;Totaal mannen en vrouwen;0;2;9;Twee jaar na afstuderen;1;Cohort 2001/'02;;;;;;;;;;;;;;;;
8128;Totaal mannen en vrouwen;0;2;9;Twee jaar na afstuderen;1;Cohort 2002/'03;;;;;;;;;;;;;;;;
8129;Totaal mannen en vrouwen;0;2;9;Twee jaar na afstuderen;1;Cohort 2003/'04;;;;;;;;;;;;;;;;
8130;Totaal mannen en vrouwen;0;2;9;Twee jaar na afstuderen;2;Cohort 1999/'00;2.1;2.1;2.1;2.1;2.1;2.1;;;;;;;;;;
8131;Totaal mannen en vrouwen;0;2;9;Twee jaar na afstuderen;2;Cohort 2000/'01;2.4;2.6;2.4;2.6;2.4;2.6;;;;;;;;;;
8132;Totaal mannen en vrouwen;0;2;9;Twee jaar na afstuderen;2;Cohort 2001/'02;1.7;1.7;1.7;1.7;1.7;1.7;;;;;;;;;;
8133;Totaal mannen en vrouwen;0;2;9;Twee jaar na afstuderen;2;Cohort 2002/'03;;;;;;;;;;;;;;;;
8134;Totaal mannen en vrouwen;0;2;9;Twee jaar na afstuderen;2;Cohort 2003/'04;2.6;2.6;2.6;2.6;2.6;2.6;;;;;;;;;;
8135;Totaal mannen en vrouwen;0;2;9;Twee jaar na afstuderen;3;Cohort 1999/'00;2.0;2.0;2.1;2.1;2.1;2.1;;;1.5;1.5;;;1.5;1.5;;
8136;Totaal mannen en vrouwen;0;2;9;Twee jaar na afstuderen;3;Cohort 2000/'01;1.6;1.7;1.7;1.8;1.6;1.7;2.5;2.5;0.7;0.7;;;0.7;0.7;;
8137;Totaal mannen en vrouwen;0;2;9;Twee jaar na afstuderen;3;Cohort 2001/'02;1.9;2.0;1.9;2.1;1.9;2.1;;;2.0;2.0;;;2.0;2.0;;
8138;Totaal mannen en vrouwen;0;2;9;Twee jaar na afstuderen;3;Cohort 2002/'03;1.3;2.1;1.3;2.1;1.3;2.1;;;;;;;;;;
8139;Totaal mannen en vrouwen;0;2;9;Twee jaar na afstuderen;3;Cohort 2003/'04;1.6;2.4;1.6;2.4;1.6;2.4;;;2.0;;;;2.0;;;
8140;Totaal mannen en vrouwen;0;2;9;Twee jaar na afstuderen;4;Cohort 1999/'00;1.6;;1.6;;1.6;;;;;;;;;;;
8141;Totaal mannen en vrouwen;0;2;9;Twee jaar na afstuderen;4;Cohort 2000/'01;2.2;2.2;2.2;2.2;2.2;2.2;;;;;;;;;;
8142;Totaal mannen en vrouwen;0;2;9;Twee jaar na afstuderen;4;Cohort 2001/'02;0.6;;0.6;;0.6;;;;;;;;;;;
8143;Totaal mannen en vrouwen;0;2;9;Twee jaar na afstuderen;4;Cohort 2002/'03;;;;;;;;;;;;;;;;
8144;Totaal mannen en vrouwen;0;2;9;Twee jaar na afstuderen;4;Cohort 2003/'04;1.0;;1.0;;1.0;;;;;;;;;;;
8145;Totaal mannen en vrouwen;0;2;9;Twee jaar na afstuderen;5;Cohort 1999/'00;2.1;4.0;2.1;4.0;2.1;4.0;;;;;;;;;;
8146;Totaal mannen en vrouwen;0;2;9;Twee jaar na afstuderen;5;Cohort 2000/'01;1.6;2.4;1.6;2.4;1.6;2.4;;;;;;;;;;
8147;Totaal mannen en vrouwen;0;2;9;Twee jaar na afstuderen;5;Cohort 2001/'02;1.0;1.6;1.0;1.6;1.0;1.6;;;;;;;;;;
8148;Totaal mannen en vrouwen;0;2;9;Twee jaar na afstuderen;5;Cohort 2002/'03;2.0;2.0;2.0;2.0;2.0;2.0;;;;;;;;;;
8149;Totaal mannen en vrouwen;0;2;9;Twee jaar na afstuderen;5;Cohort 2003/'04;2.2;2.3;2.2;2.3;2.2;2.3;;;;;;;;;;
8150;Totaal mannen en vrouwen;0;2;9;Twee jaar na afstuderen;6;Cohort 1999/'00;2.3;2.3;2.3;2.3;2.3;2.3;;;;;;;;;;
8151;Totaal mannen en vrouwen;0;2;9;Twee jaar na afstuderen;6;Cohort 2000/'01;2.1;2.1;2.1;2.1;2.1;2.1;;;;;;;;;;
8152;Totaal mannen en vrouwen;0;2;9;Twee jaar na afstuderen;6;Cohort 2001/'02;2.1;2.1;2.1;2.1;2.1;2.1;;;;;;;;;;
8153;Totaal mannen en vrouwen;0;2;9;Twee jaar na afstuderen;6;Cohort 2002/'03;4.6;;4.6;;4.6;;;;;;;;;;;
8154;Totaal mannen en vrouwen;0;2;9;Twee jaar na afstuderen;6;Cohort 2003/'04;2.5;2.5;2.6;2.6;2.6;2.6;;;2.5;2.5;;;2.5;2.5;;
8155;Totaal mannen en vrouwen;0;2;9;Twee jaar na afstuderen;7;Cohort 1999/'00;2.2;2.2;2.0;2.1;2.0;2.1;;;2.6;2.6;;;2.6;2.6;;
8156;Totaal mannen en vrouwen;0;2;9;Twee jaar na afstuderen;7;Cohort 2000/'01;1.8;2.1;1.9;2.1;1.9;2.1;;;1.5;;;;1.5;;;
8157;Totaal mannen en vrouwen;0;2;9;Twee jaar na afstuderen;7;Cohort 2001/'02;2.0;2.1;2.0;2.1;2.0;2.1;;;;;;;;;;
8158;Totaal mannen en vrouwen;0;2;9;Twee jaar na afstuderen;7;Cohort 2002/'03;2.1;2.1;;;;;;;2.1;2.1;;;2.1;2.1;;
8159;Totaal mannen en vrouwen;0;2;9;Twee jaar na afstuderen;7;Cohort 2003/'04;1.7;2.3;1.7;2.3;1.7;2.3;;;;;;;;;;
8160;Totaal mannen en vrouwen;0;2;9;Twee jaar na afstuderen;8;Cohort 1999/'00;1.8;2.7;1.8;2.7;1.8;2.7;;;;;;;;;;
8161;Totaal mannen en vrouwen;0;2;9;Twee jaar na afstuderen;8;Cohort 2000/'01;1.2;1.7;1.3;1.7;1.3;1.7;;;0.5;;;;0.5;;;
8162;Totaal mannen en vrouwen;0;2;9;Twee jaar na afstuderen;8;Cohort 2001/'02;2.2;2.6;2.2;2.6;2.2;2.6;;;;;;;;;;
8163;Totaal mannen en vrouwen;0;2;9;Twee jaar na afstuderen;8;Cohort 2002/'03;1.4;2.0;1.4;2.0;1.4;2.0;;;;;;;;;;
8164;Totaal mannen en vrouwen;0;2;9;Twee jaar na afstuderen;8;Cohort 2003/'04;1.7;1.9;1.7;1.9;1.7;1.9;;;;;;;;;;
8165;Totaal mannen en vrouwen;0;2;9;Twee jaar na afstuderen;9;Cohort 1999/'00;2.0;2.1;2.0;2.1;2.0;2.1;;;;;;;;;;
8166;Totaal mannen en vrouwen;0;2;9;Twee jaar na afstuderen;9;Cohort 2000/'01;2.0;2.2;2.0;2.2;2.0;2.2;;;;;;;;;;
8167;Totaal mannen en vrouwen;0;2;9;Twee jaar na afstuderen;9;Cohort 2001/'02;2.0;2.3;2.0;2.3;2.0;2.3;;;;;;;;;;
8168;Totaal mannen en vrouwen;0;2;9;Twee jaar na afstuderen;9;Cohort 2002/'03;2.4;3.0;2.4;3.3;2.4;3.3;;;2.7;2.7;;;2.7;2.7;;
8169;Totaal mannen en vrouwen;0;2;9;Twee jaar na afstuderen;9;Cohort 2003/'04;2.4;3.1;1.7;1.6;1.7;1.6;;;4.5;4.5;;;4.5;4.5;;
8170;Totaal mannen en vrouwen;0;2;9;Twee jaar na afstuderen;M Onderwijs;Cohort 1999/'00;2.1;2.3;2.1;2.3;2.1;2.3;2.1;2.2;2.1;2.6;;;2.1;2.6;;
8171;Totaal mannen en vrouwen;0;2;9;Twee jaar na afstuderen;M Onderwijs;Cohort 2000/'01;2.1;2.4;2.1;2.4;2.1;2.4;2.3;2.4;1.9;2.4;;;1.9;2.4;;
8172;Totaal mannen en vrouwen;0;2;9;Twee jaar na afstuderen;M Onderwijs;Cohort 2001/'02;2.2;2.4;2.2;2.4;2.2;2.4;2.2;2.3;2.0;2.3;;;2.0;2.3;;
8173;Totaal mannen en vrouwen;0;2;9;Twee jaar na afstuderen;M Onderwijs;Cohort 2002/'03;2.2;2.5;2.2;2.5;2.2;2.5;2.3;2.5;2.2;2.9;;;2.2;2.9;;
8174;Totaal mannen en vrouwen;0;2;9;Twee jaar na afstuderen;M Onderwijs;Cohort 2003/'04;2.2;2.6;2.2;2.6;2.2;2.6;2.0;2.5;2.3;2.6;;;2.3;2.6;;
8175;Totaal mannen en vrouwen;0;2;9;Twee jaar na afstuderen;N Gezondheids- en welzijnszorg;Cohort 1999/'00;1.6;;1.6;;1.6;;;;;;;;;;;
8176;Totaal mannen en vrouwen;0;2;9;Twee jaar na afstuderen;N Gezondheids- en welzijnszorg;Cohort 2000/'01;1.4;2.0;1.4;2.0;1.4;2.0;;;1.2;;;;1.2;;;
8177;Totaal mannen en vrouwen;0;2;9;Twee jaar na afstuderen;N Gezondheids- en welzijnszorg;Cohort 2001/'02;1.4;1.6;1.4;1.6;1.4;1.6;;;;;;;;;;
8178;Totaal mannen en vrouwen;0;2;9;Twee jaar na afstuderen;N Gezondheids- en welzijnszorg;Cohort 2002/'03;1.6;2.0;1.6;2.0;1.5;1.7;2.2;2.2;;;;;;;;
8179;Totaal mannen en vrouwen;0;2;9;Twee jaar na afstuderen;N Gezondheids- en welzijnszorg;Cohort 2003/'04;1.3;;1.2;;1.2;;;;2.0;;;;2.0;;;
8180;Totaal mannen en vrouwen;0;2;9;Twee jaar na afstuderen;9000e Milieu, cultuur, recreatie en ..;Cohort 1999/'00;1.4;1.7;1.4;1.7;1.4;1.7;;;;;;;;;;
8181;Totaal mannen en vrouwen;0;2;9;Twee jaar na afstuderen;9000e Milieu, cultuur, recreatie en ..;Cohort 2000/'01;2.0;2.5;1.9;2.5;1.9;2.5;;;2.7;;;;2.7;;;
8182;Totaal mannen en vrouwen;0;2;9;Twee jaar na afstuderen;9000e Milieu, cultuur, recreatie en ..;Cohort 2001/'02;1.7;1.7;1.7;1.7;1.7;1.7;;;;;;;;;;
8183;Totaal mannen en vrouwen;0;2;9;Twee jaar na afstuderen;9000e Milieu, cultuur, recreatie en ..;Cohort 2002/'03;1.2;1.5;1.2;1.5;1.2;1.5;;;;;;;;;;
8184;Totaal mannen en vrouwen;0;2;9;Twee jaar na afstuderen;9000e Milieu, cultuur, recreatie en ..;Cohort 2003/'04;1.8;2.8;1.8;2.8;1.7;3.2;2.4;2.4;;;;;;;;
8185;Totaal mannen en vrouwen;0;2;9;Twee jaar na afstuderen;Onbekend;Cohort 1999/'00;;;;;;;;;;;;;;;;
8186;Totaal mannen en vrouwen;0;2;9;Twee jaar na afstuderen;Onbekend;Cohort 2000/'01;;;;;;;;;;;;;;;;
8187;Totaal mannen en vrouwen;0;2;9;Twee jaar na afstuderen;Onbekend;Cohort 2001/'02;2.6;2.6;2.6;2.6;;;2.6;2.6;;;;;;;;
8188;Totaal mannen en vrouwen;0;2;9;Twee jaar na afstuderen;Onbekend;Cohort 2002/'03;;;;;;;;;;;;;;;;
8189;Totaal mannen en vrouwen;0;2;9;Twee jaar na afstuderen;Onbekend;Cohort 2003/'04;;;;;;;;;;;;;;;;
8190;Totaal mannen en vrouwen;0;2;9;Drie jaar na afstuderen;0;Cohort 1999/'00;2.2;2.4;2.2;2.4;2.2;2.4;2.3;2.5;2.2;2.6;;;2.2;2.6;;
8191;Totaal mannen en vrouwen;0;2;9;Drie jaar na afstuderen;0;Cohort 2000/'01;2.2;2.4;2.2;2.4;2.2;2.4;2.4;2.5;2.1;2.6;;;2.1;2.6;;
8192;Totaal mannen en vrouwen;0;2;9;Drie jaar na afstuderen;0;Cohort 2001/'02;2.2;2.5;2.2;2.5;2.2;2.5;2.4;2.6;2.2;2.9;;;2.2;2.9;;
8193;Totaal mannen en vrouwen;0;2;9;Drie jaar na afstuderen;0;Cohort 2002/'03;2.3;2.6;2.3;2.6;2.3;2.6;2.4;2.6;2.2;2.9;;;2.2;2.9;;
8194;Totaal mannen en vrouwen;0;2;9;Drie jaar na afstuderen;0;Cohort 2003/'04;2.3;2.8;2.3;2.7;2.3;2.7;2.2;2.6;2.6;3.4;;;2.6;3.4;;
8195;Totaal mannen en vrouwen;0;2;9;Drie jaar na afstuderen;1;Cohort 1999/'00;;;;;;;;;;;;;;;;
8196;Totaal mannen en vrouwen;0;2;9;Drie jaar na afstuderen;1;Cohort 2000/'01;;;;;;;;;;;;;;;;
8197;Totaal mannen en vrouwen;0;2;9;Drie jaar na afstuderen;1;Cohort 2001/'02;;;;;;;;;;;;;;;;
8198;Totaal mannen en vrouwen;0;2;9;Drie jaar na afstuderen;1;Cohort 2002/'03;;;;;;;;;;;;;;;;
8199;Totaal mannen en vrouwen;0;2;9;Drie jaar na afstuderen;1;Cohort 2003/'04;;;;;;;;;;;;;;;;
8200;Totaal mannen en vrouwen;0;2;9;Drie jaar na afstuderen;2;Cohort 1999/'00;2.3;2.3;2.3;2.3;2.3;2.3;;;;;;;;;;
8201;Totaal mannen en vrouwen;0;2;9;Drie jaar na afstuderen;2;Cohort 2000/'01;2.2;2.8;2.2;2.8;2.2;2.8;;;;;;;;;;
8202;Totaal mannen en vrouwen;0;2;9;Drie jaar na afstuderen;2;Cohort 2001/'02;1.8;1.8;1.9;1.9;1.9;1.9;;;1.8;1.8;;;1.8;1.8;;
8203;Totaal mannen en vrouwen;0;2;9;Drie jaar na afstuderen;2;Cohort 2002/'03;;;;;;;;;;;;;;;;
8204;Totaal mannen en vrouwen;0;2;9;Drie jaar na afstuderen;2;Cohort 2003/'04;2.6;2.6;2.6;2.6;2.6;2.6;;;;;;;;;;
8205;Totaal mannen en vrouwen;0;2;9;Drie jaar na afstuderen;3;Cohort 1999/'00;2.2;2.5;2.3;2.7;2.3;2.7;;;1.6;1.6;;;1.6;1.6;;
8206;Totaal mannen en vrouwen;0;2;9;Drie jaar na afstuderen;3;Cohort 2000/'01;1.7;2.0;1.7;2.0;1.6;1.8;2.7;2.7;;;;;;;;
8207;Totaal mannen en vrouwen;0;2;9;Drie jaar na afstuderen;3;Cohort 2001/'02;2.2;2.5;2.2;2.5;2.2;2.5;;;2.2;2.2;;;2.2;2.2;;
8208;Totaal mannen en vrouwen;0;2;9;Drie jaar na afstuderen;3;Cohort 2002/'03;1.8;2.4;1.8;2.4;1.8;2.4;;;;;;;;;;
8209;Totaal mannen en vrouwen;0;2;9;Drie jaar na afstuderen;3;Cohort 2003/'04;2.0;2.4;2.0;2.4;2.0;2.4;;;1.9;;;;1.9;;;
8210;Totaal mannen en vrouwen;0;2;9;Drie jaar na afstuderen;4;Cohort 1999/'00;1.4;;1.4;;1.4;;;;;;;;;;;
8211;Totaal mannen en vrouwen;0;2;9;Drie jaar na afstuderen;4;Cohort 2000/'01;2.4;2.4;2.4;2.4;2.4;2.4;;;;;;;;;;
8212;Totaal mannen en vrouwen;0;2;9;Drie jaar na afstuderen;4;Cohort 2001/'02;1.9;;1.9;;1.9;;;;;;;;;;;
8213;Totaal mannen en vrouwen;0;2;9;Drie jaar na afstuderen;4;Cohort 2002/'03;;;;;;;;;;;;;;;;
8214;Totaal mannen en vrouwen;0;2;9;Drie jaar na afstuderen;4;Cohort 2003/'04;1.8;2.3;1.8;2.3;1.8;2.3;;;;;;;;;;
8215;Totaal mannen en vrouwen;0;2;9;Drie jaar na afstuderen;5;Cohort 1999/'00;2.6;4.3;2.6;4.3;2.6;4.3;;;;;;;;;;
8216;Totaal mannen en vrouwen;0;2;9;Drie jaar na afstuderen;5;Cohort 2000/'01;2.0;2.7;2.0;2.7;2.0;2.7;;;;;;;;;;
8217;Totaal mannen en vrouwen;0;2;9;Drie jaar na afstuderen;5;Cohort 2001/'02;1.0;1.0;1.0;1.0;1.0;1.0;;;;;;;;;;
8218;Totaal mannen en vrouwen;0;2;9;Drie jaar na afstuderen;5;Cohort 2002/'03;2.0;2.1;2.0;2.1;2.0;2.1;;;;;;;;;;
8219;Totaal mannen en vrouwen;0;2;9;Drie jaar na afstuderen;5;Cohort 2003/'04;2.3;2.8;2.3;2.8;2.3;2.8;;;;;;;;;;
8220;Totaal mannen en vrouwen;0;2;9;Drie jaar na afstuderen;6;Cohort 1999/'00;2.6;2.6;2.6;2.6;2.6;2.6;;;;;;;;;;
8221;Totaal mannen en vrouwen;0;2;9;Drie jaar na afstuderen;6;Cohort 2000/'01;2.0;2.4;2.0;2.4;2.0;2.4;;;;;;;;;;
8222;Totaal mannen en vrouwen;0;2;9;Drie jaar na afstuderen;6;Cohort 2001/'02;2.1;;2.1;;2.1;;;;;;;;;;;
8223;Totaal mannen en vrouwen;0;2;9;Drie jaar na afstuderen;6;Cohort 2002/'03;4.0;2.8;4.0;2.8;4.0;2.8;;;;;;;;;;
8224;Totaal mannen en vrouwen;0;2;9;Drie jaar na afstuderen;6;Cohort 2003/'04;2.7;2.8;2.8;2.8;2.8;2.8;;;2.6;;;;2.6;;;
8225;Totaal mannen en vrouwen;0;2;9;Drie jaar na afstuderen;7;Cohort 1999/'00;2.4;2.5;2.3;2.3;2.3;2.3;;;3.1;3.1;;;3.1;3.1;;
8226;Totaal mannen en vrouwen;0;2;9;Drie jaar na afstuderen;7;Cohort 2000/'01;1.9;2.2;2.1;2.2;2.1;2.2;;;1.7;2.1;;;1.7;2.1;;
8227;Totaal mannen en vrouwen;0;2;9;Drie jaar na afstuderen;7;Cohort 2001/'02;2.2;2.2;2.2;2.2;2.2;2.2;;;;;;;;;;
8228;Totaal mannen en vrouwen;0;2;9;Drie jaar na afstuderen;7;Cohort 2002/'03;1.5;2.3;0.8;;0.8;;;;2.3;2.3;;;2.3;2.3;;
8229;Totaal mannen en vrouwen;0;2;9;Drie jaar na afstuderen;7;Cohort 2003/'04;3.5;3.5;3.5;3.5;3.5;3.5;;;;;;;;;;
8230;Totaal mannen en vrouwen;0;2;9;Drie jaar na afstuderen;8;Cohort 1999/'00;2.3;2.7;2.3;2.7;2.3;2.7;;;;;;;;;;
8231;Totaal mannen en vrouwen;0;2;9;Drie jaar na afstuderen;8;Cohort 2000/'01;1.4;;1.4;;1.4;;;;;;;;;;;
8232;Totaal mannen en vrouwen;0;2;9;Drie jaar na afstuderen;8;Cohort 2001/'02;1.3;2.3;1.3;2.3;1.3;2.3;;;;;;;;;;
8233;Totaal mannen en vrouwen;0;2;9;Drie jaar na afstuderen;8;Cohort 2002/'03;1.8;3.0;1.8;3.0;1.8;3.0;;;;;;;;;;
8234;Totaal mannen en vrouwen;0;2;9;Drie jaar na afstuderen;8;Cohort 2003/'04;1.5;1.9;1.4;1.9;1.4;1.9;;;1.9;;;;1.9;;;
8235;Totaal mannen en vrouwen;0;2;9;Drie jaar na afstuderen;9;Cohort 1999/'00;2.3;2.3;2.2;2.2;2.2;2.2;;;2.9;2.9;;;2.9;2.9;;
8236;Totaal mannen en vrouwen;0;2;9;Drie jaar na afstuderen;9;Cohort 2000/'01;2.2;2.5;2.2;2.5;2.2;2.5;;;;;;;;;;
8237;Totaal mannen en vrouwen;0;2;9;Drie jaar na afstuderen;9;Cohort 2001/'02;2.0;2.4;2.0;2.4;2.0;2.4;;;;;;;;;;
8238;Totaal mannen en vrouwen;0;2;9;Drie jaar na afstuderen;9;Cohort 2002/'03;3.7;5.6;3.7;5.6;3.7;5.6;;;;;;;;;;
8239;Totaal mannen en vrouwen;0;2;9;Drie jaar na afstuderen;9;Cohort 2003/'04;2.8;3.2;1.9;1.6;1.9;1.6;;;4.7;4.7;;;4.7;4.7;;
8240;Totaal mannen en vrouwen;0;2;9;Drie jaar na afstuderen;M Onderwijs;Cohort 1999/'00;2.2;2.4;2.2;2.4;2.2;2.4;2.3;2.5;2.2;2.7;;;2.2;2.7;;
8241;Totaal mannen en vrouwen;0;2;9;Drie jaar na afstuderen;M Onderwijs;Cohort 2000/'01;2.3;2.5;2.3;2.5;2.3;2.5;2.3;2.5;2.2;2.7;;;2.2;2.7;;
8242;Totaal mannen en vrouwen;0;2;9;Drie jaar na afstuderen;M Onderwijs;Cohort 2001/'02;2.3;2.6;2.3;2.5;2.3;2.5;2.3;2.5;2.2;3.2;;;2.2;3.2;;
8243;Totaal mannen en vrouwen;0;2;9;Drie jaar na afstuderen;M Onderwijs;Cohort 2002/'03;2.3;2.6;2.3;2.5;2.3;2.5;2.4;2.6;2.3;3.0;;;2.3;3.0;;
8244;Totaal mannen en vrouwen;0;2;9;Drie jaar na afstuderen;M Onderwijs;Cohort 2003/'04;2.4;2.8;2.4;2.7;2.4;2.8;2.3;2.6;2.5;3.2;;;2.5;3.2;;
8245;Totaal mannen en vrouwen;0;2;9;Drie jaar na afstuderen;N Gezondheids- en welzijnszorg;Cohort 1999/'00;1.5;;1.5;;1.5;;;;;;;;;;;
8246;Totaal mannen en vrouwen;0;2;9;Drie jaar na afstuderen;N Gezondheids- en welzijnszorg;Cohort 2000/'01;1.6;1.8;1.4;1.8;1.4;1.8;;;2.3;;;;2.3;;;
8247;Totaal mannen en vrouwen;0;2;9;Drie jaar na afstuderen;N Gezondheids- en welzijnszorg;Cohort 2001/'02;1.7;2.6;1.7;2.6;1.7;2.6;;;;;;;;;;
8248;Totaal mannen en vrouwen;0;2;9;Drie jaar na afstuderen;N Gezondheids- en welzijnszorg;Cohort 2002/'03;1.4;2.6;1.4;2.6;1.1;;2.6;2.6;;;;;;;;
8249;Totaal mannen en vrouwen;0;2;9;Drie jaar na afstuderen;N Gezondheids- en welzijnszorg;Cohort 2003/'04;1.5;;1.4;;1.4;;1.6;;2.2;;;;2.2;;;
8250;Totaal mannen en vrouwen;0;2;9;Drie jaar na afstuderen;9000e Milieu, cultuur, recreatie en ..;Cohort 1999/'00;1.6;1.9;1.6;1.9;1.6;1.9;;;;;;;;;;
8251;Totaal mannen en vrouwen;0;2;9;Drie jaar na afstuderen;9000e Milieu, cultuur, recreatie en ..;Cohort 2000/'01;2.1;2.4;2.0;2.4;2.0;2.4;;;2.9;;;;2.9;;;
8252;Totaal mannen en vrouwen;0;2;9;Drie jaar na afstuderen;9000e Milieu, cultuur, recreatie en ..;Cohort 2001/'02;1.5;;1.5;;1.5;;;;;;;;;;;
8253;Totaal mannen en vrouwen;0;2;9;Drie jaar na afstuderen;9000e Milieu, cultuur, recreatie en ..;Cohort 2002/'03;1.5;2.3;1.8;2.3;1.8;2.3;;;0.4;;;;0.4;;;
8254;Totaal mannen en vrouwen;0;2;9;Drie jaar na afstuderen;9000e Milieu, cultuur, recreatie en ..;Cohort 2003/'04;2.2;;2.2;;2.2;;;;;;;;;;;
8255;Totaal mannen en vrouwen;0;2;9;Drie jaar na afstuderen;Onbekend;Cohort 1999/'00;;;;;;;;;;;;;;;;
8256;Totaal mannen en vrouwen;0;2;9;Drie jaar na afstuderen;Onbekend;Cohort 2000/'01;;;;;;;;;;;;;;;;
8257;Totaal mannen en vrouwen;0;2;9;Drie jaar na afstuderen;Onbekend;Cohort 2001/'02;3.0;3.0;3.0;3.0;;;3.0;3.0;;;;;;;;
8258;Totaal mannen en vrouwen;0;2;9;Drie jaar na afstuderen;Onbekend;Cohort 2002/'03;;;;;;;;;;;;;;;;
8259;Totaal mannen en vrouwen;0;2;9;Drie jaar na afstuderen;Onbekend;Cohort 2003/'04;;;;;;;;;;;;;;;;
8260;Totaal mannen en vrouwen;0;2;9;Vier jaar na afstuderen;0;Cohort 1999/'00;2.3;2.5;2.3;2.5;2.2;2.5;2.3;2.4;2.3;2.8;;;2.3;2.8;;
8261;Totaal mannen en vrouwen;0;2;9;Vier jaar na afstuderen;0;Cohort 2000/'01;2.2;2.5;2.2;2.5;2.2;2.5;2.4;2.6;2.4;2.7;;;2.4;2.7;;
8262;Totaal mannen en vrouwen;0;2;9;Vier jaar na afstuderen;0;Cohort 2001/'02;2.3;2.6;2.3;2.6;2.3;2.6;2.3;2.5;2.2;2.6;;;2.2;2.6;;
8263;Totaal mannen en vrouwen;0;2;9;Vier jaar na afstuderen;0;Cohort 2002/'03;2.4;2.8;2.4;2.8;2.4;2.8;2.6;2.7;2.4;2.9;;;2.4;2.9;;
8264;Totaal mannen en vrouwen;0;2;9;Vier jaar na afstuderen;0;Cohort 2003/'04;2.4;2.9;2.4;2.9;2.4;2.9;2.2;2.7;2.7;3.4;;;2.7;3.4;;
8265;Totaal mannen en vrouwen;0;2;9;Vier jaar na afstuderen;1;Cohort 1999/'00;0.3;;0.3;;0.3;;;;;;;;;;;
8266;Totaal mannen en vrouwen;0;2;9;Vier jaar na afstuderen;1;Cohort 2000/'01;;;;;;;;;;;;;;;;
8267;Totaal mannen en vrouwen;0;2;9;Vier jaar na afstuderen;1;Cohort 2001/'02;;;;;;;;;;;;;;;;
8268;Totaal mannen en vrouwen;0;2;9;Vier jaar na afstuderen;1;Cohort 2002/'03;;;;;;;;;;;;;;;;
8269;Totaal mannen en vrouwen;0;2;9;Vier jaar na afstuderen;1;Cohort 2003/'04;;;;;;;;;;;;;;;;
8270;Totaal mannen en vrouwen;0;2;9;Vier jaar na afstuderen;2;Cohort 1999/'00;2.8;2.8;2.8;2.8;2.8;2.8;;;;;;;;;;
8271;Totaal mannen en vrouwen;0;2;9;Vier jaar na afstuderen;2;Cohort 2000/'01;2.4;2.5;2.4;2.5;2.4;2.5;;;;;;;;;;
8272;Totaal mannen en vrouwen;0;2;9;Vier jaar na afstuderen;2;Cohort 2001/'02;2.7;3.2;2.7;3.2;2.7;3.2;;;;;;;;;;
8273;Totaal mannen en vrouwen;0;2;9;Vier jaar na afstuderen;2;Cohort 2002/'03;2.4;;2.4;;2.4;;;;;;;;;;;
8274;Totaal mannen en vrouwen;0;2;9;Vier jaar na afstuderen;2;Cohort 2003/'04;2.7;2.7;2.7;2.7;2.7;2.7;;;;;;;;;;
8275;Totaal mannen en vrouwen;0;2;9;Vier jaar na afstuderen;3;Cohort 1999/'00;2.1;2.3;2.2;2.4;2.2;2.4;;;1.6;1.8;;;1.6;1.8;;
8276;Totaal mannen en vrouwen;0;2;9;Vier jaar na afstuderen;3;Cohort 2000/'01;1.6;1.9;1.6;1.9;1.5;1.9;3.0;;;;;;;;;
8277;Totaal mannen en vrouwen;0;2;9;Vier jaar na afstuderen;3;Cohort 2001/'02;2.2;2.3;2.2;2.3;2.2;2.3;;;2.3;2.3;;;2.3;2.3;;
8278;Totaal mannen en vrouwen;0;2;9;Vier jaar na afstuderen;3;Cohort 2002/'03;2.2;2.2;2.2;2.2;2.2;2.2;;;;;;;;;;
8279;Totaal mannen en vrouwen;0;2;9;Vier jaar na afstuderen;3;Cohort 2003/'04;1.9;3.2;1.9;3.2;1.9;3.2;;;2.1;;;;2.1;;;
8280;Totaal mannen en vrouwen;0;2;9;Vier jaar na afstuderen;4;Cohort 1999/'00;;;;;;;;;;;;;;;;
8281;Totaal mannen en vrouwen;0;2;9;Vier jaar na afstuderen;4;Cohort 2000/'01;1.7;2.6;1.7;2.6;1.7;2.6;;;;;;;;;;
8282;Totaal mannen en vrouwen;0;2;9;Vier jaar na afstuderen;4;Cohort 2001/'02;1.3;;1.3;;1.3;;;;;;;;;;;
8283;Totaal mannen en vrouwen;0;2;9;Vier jaar na afstuderen;4;Cohort 2002/'03;1.2;;1.2;;1.2;;;;;;;;;;;
8284;Totaal mannen en vrouwen;0;2;9;Vier jaar na afstuderen;4;Cohort 2003/'04;1.8;2.3;1.8;2.3;1.8;2.3;;;;;;;;;;
8285;Totaal mannen en vrouwen;0;2;9;Vier jaar na afstuderen;5;Cohort 1999/'00;2.7;3.5;2.7;3.5;2.7;3.5;;;;;;;;;;
8286;Totaal mannen en vrouwen;0;2;9;Vier jaar na afstuderen;5;Cohort 2000/'01;1.7;;1.7;;1.7;;;;;;;;;;;
8287;Totaal mannen en vrouwen;0;2;9;Vier jaar na afstuderen;5;Cohort 2001/'02;2.4;3.2;2.4;3.2;2.4;3.2;;;;;;;;;;
8288;Totaal mannen en vrouwen;0;2;9;Vier jaar na afstuderen;5;Cohort 2002/'03;3.5;3.5;3.5;3.5;3.5;3.5;;;;;;;;;;
8289;Totaal mannen en vrouwen;0;2;9;Vier jaar na afstuderen;5;Cohort 2003/'04;2.6;2.6;2.6;2.6;2.6;2.6;;;;;;;;;;
8290;Totaal mannen en vrouwen;0;2;9;Vier jaar na afstuderen;6;Cohort 1999/'00;4.0;4.0;4.0;4.0;4.0;4.0;;;;;;;;;;
8291;Totaal mannen en vrouwen;0;2;9;Vier jaar na afstuderen;6;Cohort 2000/'01;2.0;2.4;2.0;2.4;2.0;2.4;;;;;;;;;;
8292;Totaal mannen en vrouwen;0;2;9;Vier jaar na afstuderen;6;Cohort 2001/'02;1.8;2.1;1.8;2.1;1.8;2.1;;;;;;;;;;
8293;Totaal mannen en vrouwen;0;2;9;Vier jaar na afstuderen;6;Cohort 2002/'03;4.4;5.5;4.4;5.5;4.4;5.5;;;;;;;;;;
8294;Totaal mannen en vrouwen;0;2;9;Vier jaar na afstuderen;6;Cohort 2003/'04;3.0;3.0;3.0;3.0;3.0;3.0;;;3.1;3.1;;;3.1;3.1;;
8295;Totaal mannen en vrouwen;0;2;9;Vier jaar na afstuderen;7;Cohort 1999/'00;2.6;2.7;2.4;2.4;2.4;2.4;;;3.7;3.7;;;3.7;3.7;;
8296;Totaal mannen en vrouwen;0;2;9;Vier jaar na afstuderen;7;Cohort 2000/'01;2.0;2.6;2.1;2.7;2.1;2.7;;;1.9;2.5;;;1.9;2.5;;
8297;Totaal mannen en vrouwen;0;2;9;Vier jaar na afstuderen;7;Cohort 2001/'02;2.3;2.6;2.3;2.6;2.3;2.6;;;;;;;;;;
8298;Totaal mannen en vrouwen;0;2;9;Vier jaar na afstuderen;7;Cohort 2002/'03;2.4;2.7;2.2;2.6;2.2;2.6;;;2.9;2.9;;;2.9;2.9;;
8299;Totaal mannen en vrouwen;0;2;9;Vier jaar na afstuderen;7;Cohort 2003/'04;1.7;2.7;1.7;2.7;1.7;2.7;;;;;;;;;;
8300;Totaal mannen en vrouwen;0;2;9;Vier jaar na afstuderen;8;Cohort 1999/'00;1.8;2.2;2.0;2.2;2.0;2.2;;;0.3;;;;0.3;;;
8301;Totaal mannen en vrouwen;0;2;9;Vier jaar na afstuderen;8;Cohort 2000/'01;1.8;2.0;1.8;2.0;1.8;2.0;;;;;;;;;;
8302;Totaal mannen en vrouwen;0;2;9;Vier jaar na afstuderen;8;Cohort 2001/'02;1.5;;1.5;;1.5;;;;;;;;;;;
8303;Totaal mannen en vrouwen;0;2;9;Vier jaar na afstuderen;8;Cohort 2002/'03;1.9;2.3;1.9;2.3;1.9;2.3;;;;;;;;;;
8304;Totaal mannen en vrouwen;0;2;9;Vier jaar na afstuderen;8;Cohort 2003/'04;2.1;2.4;2.1;2.4;2.1;2.4;;;;;;;;;;
8305;Totaal mannen en vrouwen;0;2;9;Vier jaar na afstuderen;9;Cohort 1999/'00;2.3;2.4;2.4;2.5;2.4;2.5;;;1.8;1.8;;;1.8;1.8;;
8306;Totaal mannen en vrouwen;0;2;9;Vier jaar na afstuderen;9;Cohort 2000/'01;2.2;2.1;2.2;2.1;2.2;2.1;;;;;;;;;;
8307;Totaal mannen en vrouwen;0;2;9;Vier jaar na afstuderen;9;Cohort 2001/'02;2.3;2.5;2.3;2.5;2.3;2.5;2.5;2.5;;;;;;;;
8308;Totaal mannen en vrouwen;0;2;9;Vier jaar na afstuderen;9;Cohort 2002/'03;2.1;2.6;2.1;2.6;2.1;2.6;;;;;;;;;;
8309;Totaal mannen en vrouwen;0;2;9;Vier jaar na afstuderen;9;Cohort 2003/'04;3.3;3.3;1.8;1.8;1.8;1.8;;;4.8;4.8;;;4.8;4.8;;
8310;Totaal mannen en vrouwen;0;2;9;Vier jaar na afstuderen;M Onderwijs;Cohort 1999/'00;2.2;2.5;2.2;2.5;2.2;2.5;2.3;2.4;2.3;2.8;;;2.3;2.8;;
8311;Totaal mannen en vrouwen;0;2;9;Vier jaar na afstuderen;M Onderwijs;Cohort 2000/'01;2.4;2.6;2.3;2.6;2.3;2.6;2.3;2.6;2.5;2.8;;;2.5;2.8;;
8312;Totaal mannen en vrouwen;0;2;9;Vier jaar na afstuderen;M Onderwijs;Cohort 2001/'02;2.3;2.6;2.3;2.6;2.3;2.6;2.5;2.5;2.2;2.7;;;2.2;2.7;;
8313;Totaal mannen en vrouwen;0;2;9;Vier jaar na afstuderen;M Onderwijs;Cohort 2002/'03;2.4;2.7;2.4;2.7;2.4;2.7;2.5;2.7;2.5;3.0;;;2.5;3.0;;
8314;Totaal mannen en vrouwen;0;2;9;Vier jaar na afstuderen;M Onderwijs;Cohort 2003/'04;2.5;2.9;2.4;2.9;2.4;2.9;2.2;2.7;2.6;3.3;;;2.6;3.3;;
8315;Totaal mannen en vrouwen;0;2;9;Vier jaar na afstuderen;N Gezondheids- en welzijnszorg;Cohort 1999/'00;1.8;2.1;1.8;2.1;1.8;2.1;;;;;;;;;;
8316;Totaal mannen en vrouwen;0;2;9;Vier jaar na afstuderen;N Gezondheids- en welzijnszorg;Cohort 2000/'01;1.4;1.9;1.2;1.9;1.2;1.9;;;2.4;;;;2.4;;;
8317;Totaal mannen en vrouwen;0;2;9;Vier jaar na afstuderen;N Gezondheids- en welzijnszorg;Cohort 2001/'02;1.5;;1.5;;1.6;;0.4;;;;;;;;;
8318;Totaal mannen en vrouwen;0;2;9;Vier jaar na afstuderen;N Gezondheids- en welzijnszorg;Cohort 2002/'03;2.1;2.8;2.0;2.8;1.9;2.9;2.8;2.8;2.6;2.6;;;2.6;2.6;;
8319;Totaal mannen en vrouwen;0;2;9;Vier jaar na afstuderen;N Gezondheids- en welzijnszorg;Cohort 2003/'04;1.7;2.9;1.7;2.9;1.7;2.9;1.9;;;;;;;;;
8320;Totaal mannen en vrouwen;0;2;9;Vier jaar na afstuderen;9000e Milieu, cultuur, recreatie en ..;Cohort 1999/'00;1.8;2.0;1.8;2.0;1.8;2.0;;;;;;;;;;
8321;Totaal mannen en vrouwen;0;2;9;Vier jaar na afstuderen;9000e Milieu, cultuur, recreatie en ..;Cohort 2000/'01;2.0;1.6;1.8;1.6;1.8;1.6;;;3.1;;;;3.1;;;
8322;Totaal mannen en vrouwen;0;2;9;Vier jaar na afstuderen;9000e Milieu, cultuur, recreatie en ..;Cohort 2001/'02;2.0;2.8;2.0;2.8;2.0;2.8;;;;;;;;;;
8323;Totaal mannen en vrouwen;0;2;9;Vier jaar na afstuderen;9000e Milieu, cultuur, recreatie en ..;Cohort 2002/'03;2.0;2.7;2.1;2.7;2.1;2.7;;;0.7;;;;0.7;;;
8324;Totaal mannen en vrouwen;0;2;9;Vier jaar na afstuderen;9000e Milieu, cultuur, recreatie en ..;Cohort 2003/'04;2.4;3.4;2.2;;2.2;;;;3.4;3.4;;;3.4;3.4;;
8325;Totaal mannen en vrouwen;0;2;9;Vier jaar na afstuderen;Onbekend;Cohort 1999/'00;;;;;;;;;;;;;;;;
8326;Totaal mannen en vrouwen;0;2;9;Vier jaar na afstuderen;Onbekend;Cohort 2000/'01;;;;;;;;;;;;;;;;
8327;Totaal mannen en vrouwen;0;2;9;Vier jaar na afstuderen;Onbekend;Cohort 2001/'02;4.2;4.2;4.2;4.2;4.2;4.2;;;;;;;;;;
8328;Totaal mannen en vrouwen;0;2;9;Vier jaar na afstuderen;Onbekend;Cohort 2002/'03;;;;;;;;;;;;;;;;
8329;Totaal mannen en vrouwen;0;2;9;Vier jaar na afstuderen;Onbekend;Cohort 2003/'04;;;;;;;;;;;;;;;;
8330;Totaal mannen en vrouwen;0;2;9;Vijf jaar na afstuderen;0;Cohort 1999/'00;2.4;2.7;2.3;2.7;2.3;2.7;2.4;2.3;2.5;3.1;;;2.5;3.1;;
8331;Totaal mannen en vrouwen;0;2;9;Vijf jaar na afstuderen;0;Cohort 2000/'01;2.3;2.7;2.3;2.7;2.3;2.7;2.4;2.6;2.3;2.9;;;2.3;2.9;;
8332;Totaal mannen en vrouwen;0;2;9;Vijf jaar na afstuderen;0;Cohort 2001/'02;2.3;2.7;2.3;2.7;2.3;2.7;2.4;2.7;2.4;2.9;;;2.4;2.9;;
8333;Totaal mannen en vrouwen;0;2;9;Vijf jaar na afstuderen;0;Cohort 2002/'03;2.5;2.9;2.4;2.9;2.4;2.9;2.7;2.9;2.5;4.1;;;2.5;4.1;;
8334;Totaal mannen en vrouwen;0;2;9;Vijf jaar na afstuderen;0;Cohort 2003/'04;;;;;;;;;;;;;;;;
8335;Totaal mannen en vrouwen;0;2;9;Vijf jaar na afstuderen;1;Cohort 1999/'00;;;;;;;;;;;;;;;;
8336;Totaal mannen en vrouwen;0;2;9;Vijf jaar na afstuderen;1;Cohort 2000/'01;;;;;;;;;;;;;;;;
8337;Totaal mannen en vrouwen;0;2;9;Vijf jaar na afstuderen;1;Cohort 2001/'02;;;;;;;;;;;;;;;;
8338;Totaal mannen en vrouwen;0;2;9;Vijf jaar na afstuderen;1;Cohort 2002/'03;;;;;;;;;;;;;;;;
8339;Totaal mannen en vrouwen;0;2;9;Vijf jaar na afstuderen;1;Cohort 2003/'04;;;;;;;;;;;;;;;;
8340;Totaal mannen en vrouwen;0;2;9;Vijf jaar na afstuderen;2;Cohort 1999/'00;2.6;2.9;2.6;2.9;2.6;2.9;;;;;;;;;;
8341;Totaal mannen en vrouwen;0;2;9;Vijf jaar na afstuderen;2;Cohort 2000/'01;2.9;3.2;2.9;3.2;2.9;3.2;;;;;;;;;;
8342;Totaal mannen en vrouwen;0;2;9;Vijf jaar na afstuderen;2;Cohort 2001/'02;2.4;2.2;2.4;2.2;2.4;2.2;;;;;;;;;;
8343;Totaal mannen en vrouwen;0;2;9;Vijf jaar na afstuderen;2;Cohort 2002/'03;3.1;3.5;3.1;3.5;3.1;3.5;;;;;;;;;;
8344;Totaal mannen en vrouwen;0;2;9;Vijf jaar na afstuderen;2;Cohort 2003/'04;;;;;;;;;;;;;;;;
8345;Totaal mannen en vrouwen;0;2;9;Vijf jaar na afstuderen;3;Cohort 1999/'00;1.9;2.1;2.0;2.1;2.0;2.1;;;1.5;;;;1.5;;;
8346;Totaal mannen en vrouwen;0;2;9;Vijf jaar na afstuderen;3;Cohort 2000/'01;2.1;2.1;2.1;2.1;2.0;2.1;2.6;;;;;;;;;
8347;Totaal mannen en vrouwen;0;2;9;Vijf jaar na afstuderen;3;Cohort 2001/'02;2.6;2.8;2.5;2.8;2.5;2.8;;;2.8;2.8;;;2.8;2.8;;
8348;Totaal mannen en vrouwen;0;2;9;Vijf jaar na afstuderen;3;Cohort 2002/'03;2.3;2.8;2.3;2.8;2.3;2.8;;;;;;;;;;
8349;Totaal mannen en vrouwen;0;2;9;Vijf jaar na afstuderen;3;Cohort 2003/'04;;;;;;;;;;;;;;;;
8350;Totaal mannen en vrouwen;0;2;9;Vijf jaar na afstuderen;4;Cohort 1999/'00;;;;;;;;;;;;;;;;
8351;Totaal mannen en vrouwen;0;2;9;Vijf jaar na afstuderen;4;Cohort 2000/'01;2.3;3.0;2.3;3.0;2.3;3.0;;;;;;;;;;
8352;Totaal mannen en vrouwen;0;2;9;Vijf jaar na afstuderen;4;Cohort 2001/'02;1.6;;1.6;;1.6;;;;;;;;;;;
8353;Totaal mannen en vrouwen;0;2;9;Vijf jaar na afstuderen;4;Cohort 2002/'03;1.8;1.8;1.8;1.8;1.8;1.8;;;;;;;;;;
8354;Totaal mannen en vrouwen;0;2;9;Vijf jaar na afstuderen;4;Cohort 2003/'04;;;;;;;;;;;;;;;;
8355;Totaal mannen en vrouwen;0;2;9;Vijf jaar na afstuderen;5;Cohort 1999/'00;2.4;2.9;2.4;2.9;2.4;2.9;;;;;;;;;;
8356;Totaal mannen en vrouwen;0;2;9;Vijf jaar na afstuderen;5;Cohort 2000/'01;2.0;2.3;2.0;2.3;2.0;2.3;;;;;;;;;;
8357;Totaal mannen en vrouwen;0;2;9;Vijf jaar na afstuderen;5;Cohort 2001/'02;2.0;2.2;2.0;2.2;2.0;2.2;;;;;;;;;;
8358;Totaal mannen en vrouwen;0;2;9;Vijf jaar na afstuderen;5;Cohort 2002/'03;2.5;3.1;2.5;3.1;2.5;3.1;;;;;;;;;;
8359;Totaal mannen en vrouwen;0;2;9;Vijf jaar na afstuderen;5;Cohort 2003/'04;;;;;;;;;;;;;;;;
8360;Totaal mannen en vrouwen;0;2;9;Vijf jaar na afstuderen;6;Cohort 1999/'00;4.1;5.3;4.1;5.3;4.1;5.3;;;;;;;;;;
8361;Totaal mannen en vrouwen;0;2;9;Vijf jaar na afstuderen;6;Cohort 2000/'01;3.3;3.3;3.3;3.3;3.3;3.3;;;;;;;;;;
8362;Totaal mannen en vrouwen;0;2;9;Vijf jaar na afstuderen;6;Cohort 2001/'02;1.8;2.4;1.8;2.4;1.8;2.4;;;;;;;;;;
8363;Totaal mannen en vrouwen;0;2;9;Vijf jaar na afstuderen;6;Cohort 2002/'03;4.3;4.3;4.3;4.3;4.3;4.3;;;;;;;;;;
8364;Totaal mannen en vrouwen;0;2;9;Vijf jaar na afstuderen;6;Cohort 2003/'04;;;;;;;;;;;;;;;;
8365;Totaal mannen en vrouwen;0;2;9;Vijf jaar na afstuderen;7;Cohort 1999/'00;3.0;3.3;3.0;3.2;3.0;3.2;;;2.9;4.5;;;2.9;4.5;;
8366;Totaal mannen en vrouwen;0;2;9;Vijf jaar na afstuderen;7;Cohort 2000/'01;2.5;3.0;2.5;3.1;2.5;3.1;;;2.6;2.6;;;2.6;2.6;;
8367;Totaal mannen en vrouwen;0;2;9;Vijf jaar na afstuderen;7;Cohort 2001/'02;2.2;2.2;2.2;2.2;2.2;2.2;;;;;;;;;;
8368;Totaal mannen en vrouwen;0;2;9;Vijf jaar na afstuderen;7;Cohort 2002/'03;2.0;3.1;2.0;3.1;2.0;3.1;;;;;;;;;;
8369;Totaal mannen en vrouwen;0;2;9;Vijf jaar na afstuderen;7;Cohort 2003/'04;;;;;;;;;;;;;;;;
8370;Totaal mannen en vrouwen;0;2;9;Vijf jaar na afstuderen;8;Cohort 1999/'00;1.8;2.5;2.0;2.5;2.0;2.5;;;0.2;;;;0.2;;;
8371;Totaal mannen en vrouwen;0;2;9;Vijf jaar na afstuderen;8;Cohort 2000/'01;1.8;2.7;1.9;2.7;1.9;2.7;;;1.0;;;;1.0;;;
8372;Totaal mannen en vrouwen;0;2;9;Vijf jaar na afstuderen;8;Cohort 2001/'02;2.3;2.8;2.3;2.8;2.3;2.8;;;;;;;;;;
8373;Totaal mannen en vrouwen;0;2;9;Vijf jaar na afstuderen;8;Cohort 2002/'03;2.5;4.2;2.5;4.2;2.5;4.2;;;;;;;;;;
8374;Totaal mannen en vrouwen;0;2;9;Vijf jaar na afstuderen;8;Cohort 2003/'04;;;;;;;;;;;;;;;;
8375;Totaal mannen en vrouwen;0;2;9;Vijf jaar na afstuderen;9;Cohort 1999/'00;2.2;2.4;2.2;2.4;2.2;2.4;;;;;;;;;;
8376;Totaal mannen en vrouwen;0;2;9;Vijf jaar na afstuderen;9;Cohort 2000/'01;2.4;2.4;2.4;2.4;2.4;2.4;;;;;;;;;;
8377;Totaal mannen en vrouwen;0;2;9;Vijf jaar na afstuderen;9;Cohort 2001/'02;2.3;2.5;2.3;2.5;2.3;2.5;2.7;2.7;1.8;;;;1.8;;;
8378;Totaal mannen en vrouwen;0;2;9;Vijf jaar na afstuderen;9;Cohort 2002/'03;2.5;2.6;2.5;2.6;2.5;2.6;;;;;;;;;;
8379;Totaal mannen en vrouwen;0;2;9;Vijf jaar na afstuderen;9;Cohort 2003/'04;;;;;;;;;;;;;;;;
8380;Totaal mannen en vrouwen;0;2;9;Vijf jaar na afstuderen;M Onderwijs;Cohort 1999/'00;2.4;2.7;2.3;2.7;2.3;2.7;2.4;2.3;2.7;3.1;;;2.7;3.1;;
8381;Totaal mannen en vrouwen;0;2;9;Vijf jaar na afstuderen;M Onderwijs;Cohort 2000/'01;2.4;2.7;2.3;2.7;2.3;2.7;2.4;2.6;2.4;2.9;;;2.4;2.9;;
8382;Totaal mannen en vrouwen;0;2;9;Vijf jaar na afstuderen;M Onderwijs;Cohort 2001/'02;2.4;2.7;2.4;2.7;2.4;2.7;2.4;2.7;2.4;2.9;;;2.4;2.9;;
8383;Totaal mannen en vrouwen;0;2;9;Vijf jaar na afstuderen;M Onderwijs;Cohort 2002/'03;2.5;2.8;2.5;2.8;2.4;2.8;2.7;2.8;2.5;4.1;;;2.5;4.1;;
8384;Totaal mannen en vrouwen;0;2;9;Vijf jaar na afstuderen;M Onderwijs;Cohort 2003/'04;;;;;;;;;;;;;;;;
8385;Totaal mannen en vrouwen;0;2;9;Vijf jaar na afstuderen;N Gezondheids- en welzijnszorg;Cohort 1999/'00;1.9;2.1;1.9;2.1;1.9;2.1;;;;;;;;;;
8386;Totaal mannen en vrouwen;0;2;9;Vijf jaar na afstuderen;N Gezondheids- en welzijnszorg;Cohort 2000/'01;1.8;2.4;1.8;2.4;1.8;2.4;;;;;;;;;;
8387;Totaal mannen en vrouwen;0;2;9;Vijf jaar na afstuderen;N Gezondheids- en welzijnszorg;Cohort 2001/'02;1.8;2.0;1.8;2.0;1.8;2.0;;;;;;;;;;
8388;Totaal mannen en vrouwen;0;2;9;Vijf jaar na afstuderen;N Gezondheids- en welzijnszorg;Cohort 2002/'03;1.9;2.7;1.9;2.7;1.8;2.6;3.0;3.0;;;;;;;;
8389;Totaal mannen en vrouwen;0;2;9;Vijf jaar na afstuderen;N Gezondheids- en welzijnszorg;Cohort 2003/'04;;;;;;;;;;;;;;;;
8390;Totaal mannen en vrouwen;0;2;9;Vijf jaar na afstuderen;9000e Milieu, cultuur, recreatie en ..;Cohort 1999/'00;2.2;2.2;2.2;2.2;2.2;2.2;;;1.9;1.9;;;1.9;1.9;;
8391;Totaal mannen en vrouwen;0;2;9;Vijf jaar na afstuderen;9000e Milieu, cultuur, recreatie en ..;Cohort 2000/'01;1.8;2.9;1.7;2.9;1.7;2.9;;;2.2;;;;2.2;;;
8392;Totaal mannen en vrouwen;0;2;9;Vijf jaar na afstuderen;9000e Milieu, cultuur, recreatie en ..;Cohort 2001/'02;2.1;2.4;2.0;2.4;2.0;2.4;2.4;;2.6;;;;2.6;;;
8393;Totaal mannen en vrouwen;0;2;9;Vijf jaar na afstuderen;9000e Milieu, cultuur, recreatie en ..;Cohort 2002/'03;2.5;3.4;2.5;3.4;2.5;3.4;;;;;;;;;;
8394;Totaal mannen en vrouwen;0;2;9;Vijf jaar na afstuderen;9000e Milieu, cultuur, recreatie en ..;Cohort 2003/'04;;;;;;;;;;;;;;;;
8395;Totaal mannen en vrouwen;0;2;9;Vijf jaar na afstuderen;Onbekend;Cohort 1999/'00;;;;;;;;;;;;;;;;
8396;Totaal mannen en vrouwen;0;2;9;Vijf jaar na afstuderen;Onbekend;Cohort 2000/'01;5.8;5.8;5.8;5.8;5.8;5.8;;;;;;;;;;
8397;Totaal mannen en vrouwen;0;2;9;Vijf jaar na afstuderen;Onbekend;Cohort 2001/'02;;;;;;;;;;;;;;;;
8398;Totaal mannen en vrouwen;0;2;9;Vijf jaar na afstuderen;Onbekend;Cohort 2002/'03;;;;;;;;;;;;;;;;
8399;Totaal mannen en vrouwen;0;2;9;Vijf jaar na afstuderen;Onbekend;Cohort 2003/'04;;;;;;;;;;;;;;;;
8400;Totaal mannen en vrouwen;0;3;0;Direct na afstuderen;0;Cohort 1999/'00;1.3;;1.2;;1.2;;0.8;;1.3;;;;1.3;;1.6;
8401;Totaal mannen en vrouwen;0;3;0;Direct na afstuderen;0;Cohort 2000/'01;1.3;1.8;1.2;1.7;1.2;1.7;1.1;1.8;1.4;1.9;0.3;;1.4;1.9;1.5;1.9
8402;Totaal mannen en vrouwen;0;3;0;Direct na afstuderen;0;Cohort 2001/'02;1.3;1.9;1.2;1.8;1.2;1.8;1.0;2.2;1.4;2.0;0.4;;1.4;2.0;1.9;2.2
8403;Totaal mannen en vrouwen;0;3;0;Direct na afstuderen;0;Cohort 2002/'03;1.3;1.9;1.1;1.8;1.1;1.8;1.1;2.1;1.4;2.0;1.4;2.0;1.4;2.0;1.2;2.1
8404;Totaal mannen en vrouwen;0;3;0;Direct na afstuderen;0;Cohort 2003/'04;1.3;2.0;1.2;1.8;1.2;1.8;1.0;2.0;1.4;2.1;1.4;2.1;1.4;2.1;1.4;1.9
8405;Totaal mannen en vrouwen;0;3;0;Direct na afstuderen;1;Cohort 1999/'00;1.0;;0.9;;0.9;;;;1.0;;;;1.0;;;
8406;Totaal mannen en vrouwen;0;3;0;Direct na afstuderen;1;Cohort 2000/'01;0.7;;0.9;;0.9;;;;0.7;;;;0.7;;;
8407;Totaal mannen en vrouwen;0;3;0;Direct na afstuderen;1;Cohort 2001/'02;0.9;1.9;0.5;;0.5;;;;1.3;1.9;;;1.3;1.9;;
8408;Totaal mannen en vrouwen;0;3;0;Direct na afstuderen;1;Cohort 2002/'03;1.0;1.6;1.1;1.4;1.1;1.4;;;0.9;2.2;;;0.9;2.2;;
8409;Totaal mannen en vrouwen;0;3;0;Direct na afstuderen;1;Cohort 2003/'04;0.8;1.5;0.8;2.2;0.8;2.2;;;0.8;1.2;;;0.8;1.2;;
8410;Totaal mannen en vrouwen;0;3;0;Direct na afstuderen;2;Cohort 1999/'00;1.5;;1.5;;1.5;;;;1.5;;;;1.5;;2.0;
8411;Totaal mannen en vrouwen;0;3;0;Direct na afstuderen;2;Cohort 2000/'01;1.6;2.0;1.5;1.9;1.6;1.9;1.4;2.4;1.7;2.1;;;1.7;2.1;;
8412;Totaal mannen en vrouwen;0;3;0;Direct na afstuderen;2;Cohort 2001/'02;1.5;1.9;1.5;1.9;1.5;1.9;;;1.6;2.1;;;1.6;2.1;1.7;2.1
8413;Totaal mannen en vrouwen;0;3;0;Direct na afstuderen;2;Cohort 2002/'03;1.5;1.9;1.5;1.9;1.5;1.9;0.8;1.6;1.4;1.9;0.9;;1.4;1.9;;
8414;Totaal mannen en vrouwen;0;3;0;Direct na afstuderen;2;Cohort 2003/'04;1.5;1.9;1.5;1.8;1.5;1.8;1.0;1.7;1.5;2.1;1.9;1.9;1.5;2.1;;
8415;Totaal mannen en vrouwen;0;3;0;Direct na afstuderen;3;Cohort 1999/'00;1.0;;1.0;;1.0;;0.8;;1.0;;;;1.0;;;
8416;Totaal mannen en vrouwen;0;3;0;Direct na afstuderen;3;Cohort 2000/'01;1.0;1.7;1.0;1.7;1.0;1.7;0.7;1.2;1.1;1.8;;;1.1;1.8;;
8417;Totaal mannen en vrouwen;0;3;0;Direct na afstuderen;3;Cohort 2001/'02;1.0;1.8;1.0;1.7;1.0;1.7;0.9;1.7;1.0;1.8;;;1.1;1.8;0.6;
8418;Totaal mannen en vrouwen;0;3;0;Direct na afstuderen;3;Cohort 2002/'03;1.0;1.7;1.0;1.7;1.0;1.7;0.9;1.6;1.0;1.8;0.6;;1.0;1.8;;
8419;Totaal mannen en vrouwen;0;3;0;Direct na afstuderen;3;Cohort 2003/'04;1.1;1.7;1.0;1.7;1.0;1.7;0.9;2.2;1.1;1.8;1.2;2.2;1.1;1.8;1.6;1.6
8420;Totaal mannen en vrouwen;0;3;0;Direct na afstuderen;4;Cohort 1999/'00;0.6;;0.7;;0.7;;0.8;;0.6;;;;0.6;;;
8421;Totaal mannen en vrouwen;0;3;0;Direct na afstuderen;4;Cohort 2000/'01;0.7;1.6;0.7;1.5;0.7;1.5;0.6;;0.7;1.7;;;0.7;1.7;;
8422;Totaal mannen en vrouwen;0;3;0;Direct na afstuderen;4;Cohort 2001/'02;0.7;1.4;0.7;1.5;0.7;1.5;0.6;;0.8;1.4;;;0.8;1.4;;
8423;Totaal mannen en vrouwen;0;3;0;Direct na afstuderen;4;Cohort 2002/'03;0.8;1.7;0.8;1.6;0.8;1.6;1.3;;0.8;1.8;0.7;;0.8;1.8;;
8424;Totaal mannen en vrouwen;0;3;0;Direct na afstuderen;4;Cohort 2003/'04;0.7;1.5;0.7;1.5;0.7;1.5;0.9;1.0;0.8;1.6;0.7;;0.8;1.6;;
8425;Totaal mannen en vrouwen;0;3;0;Direct na afstuderen;5;Cohort 1999/'00;1.2;;1.1;;1.1;;;;1.3;;;;1.3;;;
8426;Totaal mannen en vrouwen;0;3;0;Direct na afstuderen;5;Cohort 2000/'01;1.2;1.8;1.2;1.7;1.2;1.7;;;1.2;1.9;;;1.2;1.9;0.1;
8427;Totaal mannen en vrouwen;0;3;0;Direct na afstuderen;5;Cohort 2001/'02;1.1;1.9;1.0;1.8;1.0;1.8;0.9;;1.1;2.0;;;1.1;2.0;;
8428;Totaal mannen en vrouwen;0;3;0;Direct na afstuderen;5;Cohort 2002/'03;1.0;2.0;0.9;1.8;0.9;1.8;1.0;;1.2;2.2;1.2;;1.2;2.2;;
8429;Totaal mannen en vrouwen;0;3;0;Direct na afstuderen;5;Cohort 2003/'04;1.1;2.0;1.0;1.9;1.1;1.9;0.7;;1.1;2.1;1.3;2.6;1.1;2.0;0.5;
8430;Totaal mannen en vrouwen;0;3;0;Direct na afstuderen;6;Cohort 1999/'00;1.8;;1.6;;1.6;;0.5;;2.0;;;;2.0;;;
8431;Totaal mannen en vrouwen;0;3;0;Direct na afstuderen;6;Cohort 2000/'01;1.7;2.0;1.5;1.8;1.5;1.8;;;1.8;2.1;;;1.8;2.1;;
8432;Totaal mannen en vrouwen;0;3;0;Direct na afstuderen;6;Cohort 2001/'02;1.7;2.0;1.6;1.9;1.6;1.9;;;1.7;2.2;;;1.7;2.2;;
8433;Totaal mannen en vrouwen;0;3;0;Direct na afstuderen;6;Cohort 2002/'03;1.7;2.1;1.4;1.7;1.4;1.7;;;1.9;2.4;1.7;1.7;1.9;2.4;;
8434;Totaal mannen en vrouwen;0;3;0;Direct na afstuderen;6;Cohort 2003/'04;1.8;2.3;1.8;2.7;1.8;2.7;0.6;;1.8;2.1;1.8;1.8;1.8;2.2;;
8435;Totaal mannen en vrouwen;0;3;0;Direct na afstuderen;7;Cohort 1999/'00;1.5;;1.4;;1.4;;1.2;;1.6;;;;1.6;;1.2;
8436;Totaal mannen en vrouwen;0;3;0;Direct na afstuderen;7;Cohort 2000/'01;1.5;1.8;1.4;1.7;1.4;1.7;1.2;1.5;1.6;2.0;0.3;;1.6;2.0;2.4;2.4
8437;Totaal mannen en vrouwen;0;3;0;Direct na afstuderen;7;Cohort 2001/'02;1.5;1.9;1.3;1.7;1.3;1.7;1.3;1.6;1.6;2.0;;;1.6;2.0;;
8438;Totaal mannen en vrouwen;0;3;0;Direct na afstuderen;7;Cohort 2002/'03;1.5;1.9;1.4;1.7;1.4;1.7;1.0;;1.6;2.1;1.2;1.4;1.6;2.1;2.3;2.3
8439;Totaal mannen en vrouwen;0;3;0;Direct na afstuderen;7;Cohort 2003/'04;1.5;1.9;1.3;1.8;1.4;1.8;1.2;1.8;1.6;2.0;1.5;2.1;1.6;2.0;0.0;
8440;Totaal mannen en vrouwen;0;3;0;Direct na afstuderen;8;Cohort 1999/'00;1.1;;1.1;;1.1;;0.8;;1.1;;;;1.1;;1.3;
8441;Totaal mannen en vrouwen;0;3;0;Direct na afstuderen;8;Cohort 2000/'01;1.2;1.7;1.1;1.7;1.1;1.7;1.0;2.3;1.2;1.7;;;1.2;1.7;;
8442;Totaal mannen en vrouwen;0;3;0;Direct na afstuderen;8;Cohort 2001/'02;1.1;1.7;1.1;1.6;1.1;1.6;0.7;;1.2;1.8;0.4;;1.2;1.8;;
8443;Totaal mannen en vrouwen;0;3;0;Direct na afstuderen;8;Cohort 2002/'03;1.2;1.8;1.1;1.8;1.1;1.8;0.9;1.4;1.3;1.9;1.1;1.6;1.3;1.9;1.3;
8444;Totaal mannen en vrouwen;0;3;0;Direct na afstuderen;8;Cohort 2003/'04;1.3;1.8;1.2;1.7;1.2;1.7;0.9;1.9;1.3;1.8;1.2;1.2;1.3;1.8;;
8445;Totaal mannen en vrouwen;0;3;0;Direct na afstuderen;9;Cohort 1999/'00;1.4;;1.0;;1.0;;0.5;;1.7;;;;1.7;;1.8;
8446;Totaal mannen en vrouwen;0;3;0;Direct na afstuderen;9;Cohort 2000/'01;1.6;1.9;1.2;1.8;1.2;1.8;1.5;2.4;1.8;2.0;;;1.8;2.0;;
8447;Totaal mannen en vrouwen;0;3;0;Direct na afstuderen;9;Cohort 2001/'02;1.6;2.1;1.1;2.0;1.1;2.0;1.0;2.1;2.0;2.2;;;2.0;2.2;2.7;2.8
8448;Totaal mannen en vrouwen;0;3;0;Direct na afstuderen;9;Cohort 2002/'03;1.2;2.3;0.7;1.9;0.7;1.9;1.1;2.1;1.7;2.4;2.7;3.1;1.7;2.4;1.5;
8449;Totaal mannen en vrouwen;0;3;0;Direct na afstuderen;9;Cohort 2003/'04;1.5;2.4;1.0;2.1;1.0;2.1;1.0;2.6;2.0;2.5;2.1;2.5;2.0;2.5;;
8450;Totaal mannen en vrouwen;0;3;0;Direct na afstuderen;M Onderwijs;Cohort 1999/'00;1.2;;0.8;;0.8;;0.7;;1.3;;;;1.3;;2.2;
8451;Totaal mannen en vrouwen;0;3;0;Direct na afstuderen;M Onderwijs;Cohort 2000/'01;1.3;1.7;1.2;1.8;1.2;1.8;1.3;1.1;1.4;1.7;;;1.4;1.7;1.3;1.3
8452;Totaal mannen en vrouwen;0;3;0;Direct na afstuderen;M Onderwijs;Cohort 2001/'02;1.5;1.9;1.2;1.8;1.2;1.8;1.1;;1.5;1.9;;;1.5;1.9;1.6;1.7
8453;Totaal mannen en vrouwen;0;3;0;Direct na afstuderen;M Onderwijs;Cohort 2002/'03;1.3;2.0;1.1;1.7;1.2;1.7;0.8;;1.3;2.1;1.9;2.0;1.3;2.1;1.1;2.1
8454;Totaal mannen en vrouwen;0;3;0;Direct na afstuderen;M Onderwijs;Cohort 2003/'04;1.5;2.3;1.3;2.3;1.3;2.3;1.0;;1.6;2.3;1.9;2.1;1.6;2.3;1.7;2.3
8455;Totaal mannen en vrouwen;0;3;0;Direct na afstuderen;N Gezondheids- en welzijnszorg;Cohort 1999/'00;1.2;;0.9;;1.0;;0.3;;1.3;;;;1.3;;;
8456;Totaal mannen en vrouwen;0;3;0;Direct na afstuderen;N Gezondheids- en welzijnszorg;Cohort 2000/'01;1.3;1.8;1.1;1.7;1.1;1.8;1.2;1.3;1.4;1.9;;;1.4;1.9;;
8457;Totaal mannen en vrouwen;0;3;0;Direct na afstuderen;N Gezondheids- en welzijnszorg;Cohort 2001/'02;1.4;2.1;1.2;1.7;1.1;1.8;1.6;1.6;1.5;2.1;;;1.5;2.1;2.8;2.8
8458;Totaal mannen en vrouwen;0;3;0;Direct na afstuderen;N Gezondheids- en welzijnszorg;Cohort 2002/'03;1.4;2.0;1.2;1.9;1.3;1.9;0.8;;1.4;2.1;1.8;1.7;1.4;2.1;;
8459;Totaal mannen en vrouwen;0;3;0;Direct na afstuderen;N Gezondheids- en welzijnszorg;Cohort 2003/'04;1.3;2.1;1.1;1.8;1.1;1.8;0.9;1.4;1.4;2.2;1.2;;1.4;2.2;1.3;
8460;Totaal mannen en vrouwen;0;3;0;Direct na afstuderen;9000e Milieu, cultuur, recreatie en ..;Cohort 1999/'00;1.4;;1.3;;1.3;;0.9;;1.5;;;;1.5;;;
8461;Totaal mannen en vrouwen;0;3;0;Direct na afstuderen;9000e Milieu, cultuur, recreatie en ..;Cohort 2000/'01;1.4;1.9;1.3;1.8;1.4;1.8;1.2;2.0;1.5;1.9;;;1.5;1.9;1.6;
8462;Totaal mannen en vrouwen;0;3;0;Direct na afstuderen;9000e Milieu, cultuur, recreatie en ..;Cohort 2001/'02;1.4;2.0;1.4;1.9;1.4;1.9;1.2;2.4;1.5;2.0;;;1.5;2.0;;
8463;Totaal mannen en vrouwen;0;3;0;Direct na afstuderen;9000e Milieu, cultuur, recreatie en ..;Cohort 2002/'03;1.4;2.0;1.3;2.0;1.3;2.0;1.3;2.4;1.4;1.9;1.7;;1.4;1.9;;
8464;Totaal mannen en vrouwen;0;3;0;Direct na afstuderen;9000e Milieu, cultuur, recreatie en ..;Cohort 2003/'04;1.3;2.0;1.2;2.0;1.3;2.0;1.0;2.1;1.4;1.9;1.6;2.8;1.4;1.9;1.3;1.3
8465;Totaal mannen en vrouwen;0;3;0;Direct na afstuderen;Onbekend;Cohort 1999/'00;;;;;;;;;;;;;;;;
8466;Totaal mannen en vrouwen;0;3;0;Direct na afstuderen;Onbekend;Cohort 2000/'01;1.5;3.2;0.2;;0.2;;;;2.2;3.2;;;2.2;3.2;;
8467;Totaal mannen en vrouwen;0;3;0;Direct na afstuderen;Onbekend;Cohort 2001/'02;1.0;1.7;1.1;1.8;1.1;1.8;;;0.9;1.5;;;0.9;1.5;;
8468;Totaal mannen en vrouwen;0;3;0;Direct na afstuderen;Onbekend;Cohort 2002/'03;1.2;1.8;0.6;;0.6;;;;1.8;1.8;;;1.8;1.8;;
8469;Totaal mannen en vrouwen;0;3;0;Direct na afstuderen;Onbekend;Cohort 2003/'04;1.1;2.2;0.8;1.6;0.9;1.6;0.7;;1.3;2.5;;;1.3;2.5;;
8470;Totaal mannen en vrouwen;0;3;0;Één jaar na afstuderen;0;Cohort 1999/'00;1.8;2.1;1.7;2.0;1.7;2.0;1.2;1.8;1.9;2.1;;;1.9;2.1;1.7;1.9
8471;Totaal mannen en vrouwen;0;3;0;Één jaar na afstuderen;0;Cohort 2000/'01;1.8;2.1;1.7;2.0;1.7;2.0;1.5;2.3;1.9;2.2;;;1.9;2.2;2.0;2.2
8472;Totaal mannen en vrouwen;0;3;0;Één jaar na afstuderen;0;Cohort 2001/'02;1.8;2.2;1.7;2.0;1.7;2.0;1.4;2.1;1.9;2.3;0.6;;1.9;2.3;2.2;2.5
8473;Totaal mannen en vrouwen;0;3;0;Één jaar na afstuderen;0;Cohort 2002/'03;1.8;2.1;1.6;2.0;1.6;2.0;1.3;2.4;1.9;2.3;1.6;2.0;1.9;2.3;1.9;2.1
8474;Totaal mannen en vrouwen;0;3;0;Één jaar na afstuderen;0;Cohort 2003/'04;1.8;2.2;1.7;2.1;1.7;2.1;1.4;2.2;1.9;2.3;1.9;2.3;1.9;2.3;1.8;2.3
8475;Totaal mannen en vrouwen;0;3;0;Één jaar na afstuderen;1;Cohort 1999/'00;1.1;2.5;1.1;;1.1;;;;1.2;2.5;;;1.2;2.5;;
8476;Totaal mannen en vrouwen;0;3;0;Één jaar na afstuderen;1;Cohort 2000/'01;1.2;;1.4;;1.4;;;;0.8;;;;0.8;;;
8477;Totaal mannen en vrouwen;0;3;0;Één jaar na afstuderen;1;Cohort 2001/'02;1.4;1.4;1.1;;1.1;;;;1.6;1.4;;;1.6;1.4;;
8478;Totaal mannen en vrouwen;0;3;0;Één jaar na afstuderen;1;Cohort 2002/'03;1.5;1.9;1.4;1.8;1.4;1.8;;;1.5;2.0;;;1.5;2.0;;
8479;Totaal mannen en vrouwen;0;3;0;Één jaar na afstuderen;1;Cohort 2003/'04;1.6;2.1;1.5;2.3;1.5;2.3;;;1.7;2.0;;;1.7;2.0;;
8480;Totaal mannen en vrouwen;0;3;0;Één jaar na afstuderen;2;Cohort 1999/'00;2.0;2.1;2.0;2.0;2.0;2.0;;;2.0;2.1;;;2.0;2.1;2.4;2.4
8481;Totaal mannen en vrouwen;0;3;0;Één jaar na afstuderen;2;Cohort 2000/'01;2.0;2.2;2.0;2.1;2.0;2.1;2.1;2.1;2.0;2.3;;;2.0;2.3;;
8482;Totaal mannen en vrouwen;0;3;0;Één jaar na afstuderen;2;Cohort 2001/'02;1.9;2.1;1.8;2.0;1.8;2.0;1.2;1.6;2.1;2.3;;;2.1;2.3;2.1;2.3
8483;Totaal mannen en vrouwen;0;3;0;Één jaar na afstuderen;2;Cohort 2002/'03;2.0;2.2;1.9;2.1;1.9;2.1;1.5;1.5;2.1;2.3;;;2.1;2.3;;
8484;Totaal mannen en vrouwen;0;3;0;Één jaar na afstuderen;2;Cohort 2003/'04;1.9;2.1;1.9;2.1;1.9;2.1;;;1.9;2.2;1.7;1.7;1.9;2.2;1.2;
8485;Totaal mannen en vrouwen;0;3;0;Één jaar na afstuderen;3;Cohort 1999/'00;1.6;1.9;1.4;1.8;1.4;1.8;1.1;2.0;1.8;2.0;;;1.8;2.0;;
8486;Totaal mannen en vrouwen;0;3;0;Één jaar na afstuderen;3;Cohort 2000/'01;1.6;2.0;1.6;1.9;1.5;1.9;2.7;3.6;1.8;2.2;;;1.8;2.2;;
8487;Totaal mannen en vrouwen;0;3;0;Één jaar na afstuderen;3;Cohort 2001/'02;1.6;2.0;1.5;1.9;1.5;1.9;1.5;1.8;1.7;2.2;;;1.7;2.2;;
8488;Totaal mannen en vrouwen;0;3;0;Één jaar na afstuderen;3;Cohort 2002/'03;1.6;2.0;1.6;1.9;1.6;1.9;1.2;1.4;1.6;2.1;1.1;1.5;1.7;2.1;1.8;1.8
8489;Totaal mannen en vrouwen;0;3;0;Één jaar na afstuderen;3;Cohort 2003/'04;1.6;2.0;1.6;1.9;1.6;1.9;1.6;2.3;1.7;2.1;1.8;2.2;1.7;2.1;1.7;2.0
8490;Totaal mannen en vrouwen;0;3;0;Één jaar na afstuderen;4;Cohort 1999/'00;1.1;1.8;1.1;1.8;1.1;1.8;;;1.1;2.0;;;1.1;2.0;0.2;
8491;Totaal mannen en vrouwen;0;3;0;Één jaar na afstuderen;4;Cohort 2000/'01;1.2;1.8;1.1;1.7;1.2;1.7;0.9;;1.3;1.9;;;1.3;1.9;;
8492;Totaal mannen en vrouwen;0;3;0;Één jaar na afstuderen;4;Cohort 2001/'02;1.1;1.7;1.0;1.7;1.0;1.7;0.9;;1.1;1.7;;;1.1;1.7;;
8493;Totaal mannen en vrouwen;0;3;0;Één jaar na afstuderen;4;Cohort 2002/'03;1.2;1.8;1.0;1.7;1.0;1.7;1.3;2.0;1.3;1.8;0.8;;1.3;1.8;;
8494;Totaal mannen en vrouwen;0;3;0;Één jaar na afstuderen;4;Cohort 2003/'04;1.1;1.8;1.1;1.7;1.1;1.7;0.9;1.3;1.1;1.9;1.0;2.0;1.2;1.9;;
8495;Totaal mannen en vrouwen;0;3;0;Één jaar na afstuderen;5;Cohort 1999/'00;1.9;2.2;1.8;2.1;1.8;2.1;1.4;;2.0;2.3;;;2.0;2.3;;
8496;Totaal mannen en vrouwen;0;3;0;Één jaar na afstuderen;5;Cohort 2000/'01;1.8;2.1;1.8;2.0;1.8;2.0;1.6;2.0;1.8;2.2;;;1.8;2.2;;
8497;Totaal mannen en vrouwen;0;3;0;Één jaar na afstuderen;5;Cohort 2001/'02;1.6;2.1;1.6;2.0;1.6;2.0;;;1.6;2.1;;;1.6;2.1;;
8498;Totaal mannen en vrouwen;0;3;0;Één jaar na afstuderen;5;Cohort 2002/'03;1.6;2.0;1.5;1.9;1.5;1.9;0.8;;1.7;2.0;1.0;1.0;1.7;2.1;;
8499;Totaal mannen en vrouwen;0;3;0;Één jaar na afstuderen;5;Cohort 2003/'04;1.7;2.1;1.7;1.9;1.7;1.9;2.0;;1.8;2.2;2.3;2.7;1.7;2.2;;
8500;Totaal mannen en vrouwen;0;3;0;Één jaar na afstuderen;6;Cohort 1999/'00;2.2;2.3;2.1;2.2;2.1;2.2;0.5;;2.3;2.4;;;2.3;2.4;;
8501;Totaal mannen en vrouwen;0;3;0;Één jaar na afstuderen;6;Cohort 2000/'01;2.2;2.3;2.0;2.1;2.0;2.1;;;2.3;2.4;;;2.3;2.4;;
8502;Totaal mannen en vrouwen;0;3;0;Één jaar na afstuderen;6;Cohort 2001/'02;2.1;2.2;2.0;2.1;2.0;2.1;;;2.2;2.4;;;2.2;2.4;;
8503;Totaal mannen en vrouwen;0;3;0;Één jaar na afstuderen;6;Cohort 2002/'03;2.1;2.3;1.8;2.0;1.8;2.0;;;2.3;2.5;2.0;2.0;2.3;2.6;;
8504;Totaal mannen en vrouwen;0;3;0;Één jaar na afstuderen;6;Cohort 2003/'04;2.2;2.3;2.1;2.1;2.1;2.1;1.1;;2.2;2.4;2.2;2.2;2.2;2.4;;
8505;Totaal mannen en vrouwen;0;3;0;Één jaar na afstuderen;7;Cohort 1999/'00;2.0;2.1;1.9;2.0;1.9;2.0;2.0;2.2;2.1;2.2;;;2.1;2.2;1.5;1.9
8506;Totaal mannen en vrouwen;0;3;0;Één jaar na afstuderen;7;Cohort 2000/'01;2.0;2.1;1.8;2.0;1.8;2.0;1.4;1.8;2.1;2.2;;;2.1;2.2;2.7;2.7
8507;Totaal mannen en vrouwen;0;3;0;Één jaar na afstuderen;7;Cohort 2001/'02;2.0;2.1;1.8;2.0;1.8;2.0;1.2;1.4;2.1;2.2;;;2.1;2.2;;
8508;Totaal mannen en vrouwen;0;3;0;Één jaar na afstuderen;7;Cohort 2002/'03;1.9;2.1;1.8;2.0;1.8;2.0;1.1;1.7;2.0;2.2;1.6;1.9;2.0;2.2;2.1;2.2
8509;Totaal mannen en vrouwen;0;3;0;Één jaar na afstuderen;7;Cohort 2003/'04;2.0;2.2;1.9;2.1;1.9;2.1;1.9;2.0;2.1;2.2;2.1;2.2;2.1;2.2;2.4;2.4
8510;Totaal mannen en vrouwen;0;3;0;Één jaar na afstuderen;8;Cohort 1999/'00;1.6;2.0;1.5;1.9;1.5;1.9;1.2;1.7;1.6;2.0;;;1.6;2.0;2.0;2.9
8511;Totaal mannen en vrouwen;0;3;0;Één jaar na afstuderen;8;Cohort 2000/'01;1.6;2.0;1.6;1.9;1.6;1.9;0.9;;1.6;2.1;;;1.6;2.1;0.9;
8512;Totaal mannen en vrouwen;0;3;0;Één jaar na afstuderen;8;Cohort 2001/'02;1.6;2.0;1.5;1.9;1.5;1.9;1.5;1.8;1.7;2.2;;;1.7;2.2;;
8513;Totaal mannen en vrouwen;0;3;0;Één jaar na afstuderen;8;Cohort 2002/'03;1.6;2.0;1.5;1.9;1.5;1.9;0.9;;1.7;2.1;1.2;1.7;1.7;2.1;1.3;
8514;Totaal mannen en vrouwen;0;3;0;Één jaar na afstuderen;8;Cohort 2003/'04;1.7;2.1;1.6;1.9;1.6;1.9;1.2;1.4;1.7;2.1;1.5;1.9;1.7;2.1;0.6;
8515;Totaal mannen en vrouwen;0;3;0;Één jaar na afstuderen;9;Cohort 1999/'00;2.0;2.2;1.7;2.0;1.7;2.0;0.8;1.2;2.1;2.2;;;2.1;2.2;2.4;2.4
8516;Totaal mannen en vrouwen;0;3;0;Één jaar na afstuderen;9;Cohort 2000/'01;1.9;2.2;1.6;2.0;1.6;2.0;1.1;2.1;2.2;2.3;;;2.2;2.3;;
8517;Totaal mannen en vrouwen;0;3;0;Één jaar na afstuderen;9;Cohort 2001/'02;1.9;2.3;1.4;1.9;1.4;1.9;1.4;2.2;2.2;2.6;0.6;;2.2;2.6;3.3;3.5
8518;Totaal mannen en vrouwen;0;3;0;Één jaar na afstuderen;9;Cohort 2002/'03;1.9;2.4;1.4;2.0;1.5;1.9;1.1;2.7;2.4;2.7;3.0;3.4;2.4;2.7;2.1;
8519;Totaal mannen en vrouwen;0;3;0;Één jaar na afstuderen;9;Cohort 2003/'04;2.2;2.4;2.0;2.2;2.0;2.1;1.7;2.6;2.3;2.5;2.4;2.8;2.3;2.5;2.8;2.8
8520;Totaal mannen en vrouwen;0;3;0;Één jaar na afstuderen;M Onderwijs;Cohort 1999/'00;1.7;1.9;1.3;1.7;1.3;1.7;1.2;1.8;1.8;2.0;;;1.8;2.0;2.2;1.5
8521;Totaal mannen en vrouwen;0;3;0;Één jaar na afstuderen;M Onderwijs;Cohort 2000/'01;1.8;1.9;1.7;2.0;1.7;1.9;2.1;3.0;1.8;1.9;;;1.8;1.9;1.6;1.6
8522;Totaal mannen en vrouwen;0;3;0;Één jaar na afstuderen;M Onderwijs;Cohort 2001/'02;1.8;2.2;1.7;2.1;1.7;2.1;1.2;1.9;1.8;2.2;;;1.8;2.2;1.8;1.9
8523;Totaal mannen en vrouwen;0;3;0;Één jaar na afstuderen;M Onderwijs;Cohort 2002/'03;1.9;2.2;1.6;2.0;1.7;2.0;1.1;;1.9;2.2;1.8;1.6;1.9;2.2;1.9;2.1
8524;Totaal mannen en vrouwen;0;3;0;Één jaar na afstuderen;M Onderwijs;Cohort 2003/'04;2.0;2.3;1.7;2.2;1.8;2.2;1.0;2.3;2.0;2.3;2.1;2.5;2.0;2.3;1.9;2.3
8525;Totaal mannen en vrouwen;0;3;0;Één jaar na afstuderen;N Gezondheids- en welzijnszorg;Cohort 1999/'00;1.8;2.1;1.4;1.7;1.4;1.7;0.3;;1.8;2.2;;;1.8;2.2;;
8526;Totaal mannen en vrouwen;0;3;0;Één jaar na afstuderen;N Gezondheids- en welzijnszorg;Cohort 2000/'01;1.8;2.2;1.6;2.0;1.6;2.0;0.8;;1.9;2.2;;;1.9;2.2;;
8527;Totaal mannen en vrouwen;0;3;0;Één jaar na afstuderen;N Gezondheids- en welzijnszorg;Cohort 2001/'02;1.9;2.3;1.8;2.1;1.8;2.1;2.2;1.6;2.0;2.4;;;2.0;2.4;;
8528;Totaal mannen en vrouwen;0;3;0;Één jaar na afstuderen;N Gezondheids- en welzijnszorg;Cohort 2002/'03;1.9;2.3;1.6;2.0;1.6;2.0;0.9;;1.9;2.3;1.5;;1.9;2.3;;
8529;Totaal mannen en vrouwen;0;3;0;Één jaar na afstuderen;N Gezondheids- en welzijnszorg;Cohort 2003/'04;1.8;2.3;1.6;1.9;1.6;1.9;1.0;1.4;1.9;2.4;1.7;2.1;1.9;2.4;1.5;
8530;Totaal mannen en vrouwen;0;3;0;Één jaar na afstuderen;9000e Milieu, cultuur, recreatie en ..;Cohort 1999/'00;1.8;2.1;1.7;2.1;1.8;2.1;1.2;1.7;1.9;2.1;;;1.9;2.1;0.9;0.9
8531;Totaal mannen en vrouwen;0;3;0;Één jaar na afstuderen;9000e Milieu, cultuur, recreatie en ..;Cohort 2000/'01;1.8;2.1;1.8;2.1;1.8;2.1;1.7;2.3;1.9;2.2;;;1.9;2.2;2.6;
8532;Totaal mannen en vrouwen;0;3;0;Één jaar na afstuderen;9000e Milieu, cultuur, recreatie en ..;Cohort 2001/'02;1.8;2.2;1.7;2.2;1.8;2.1;1.5;2.4;1.9;2.2;;;1.9;2.2;0.6;
8533;Totaal mannen en vrouwen;0;3;0;Één jaar na afstuderen;9000e Milieu, cultuur, recreatie en ..;Cohort 2002/'03;1.7;2.1;1.7;2.1;1.6;2.1;1.7;2.8;1.8;2.2;1.8;;1.8;2.2;;
8534;Totaal mannen en vrouwen;0;3;0;Één jaar na afstuderen;9000e Milieu, cultuur, recreatie en ..;Cohort 2003/'04;1.8;2.2;1.8;2.2;1.8;2.2;1.4;2.6;1.8;2.2;1.9;2.2;1.8;2.2;1.4;
8535;Totaal mannen en vrouwen;0;3;0;Één jaar na afstuderen;Onbekend;Cohort 1999/'00;4.6;4.6;2.2;2.2;2.2;2.2;;;7.1;7.1;;;7.1;7.1;;
8536;Totaal mannen en vrouwen;0;3;0;Één jaar na afstuderen;Onbekend;Cohort 2000/'01;1.9;2.2;1.6;1.9;1.6;1.9;;;2.1;2.4;;;2.1;2.4;;
8537;Totaal mannen en vrouwen;0;3;0;Één jaar na afstuderen;Onbekend;Cohort 2001/'02;0.6;;0.3;;0.3;;;;0.7;;;;0.7;;;
8538;Totaal mannen en vrouwen;0;3;0;Één jaar na afstuderen;Onbekend;Cohort 2002/'03;1.8;2.4;1.1;1.9;1.1;1.9;;;2.3;2.7;;;2.3;2.7;;
8539;Totaal mannen en vrouwen;0;3;0;Één jaar na afstuderen;Onbekend;Cohort 2003/'04;1.2;1.4;1.3;1.0;1.3;1.0;;;1.1;1.6;;;1.1;1.6;;
8540;Totaal mannen en vrouwen;0;3;0;Twee jaar na afstuderen;0;Cohort 1999/'00;2.1;2.3;1.9;2.2;1.9;2.2;1.5;2.0;2.2;2.4;;;2.2;2.4;2.0;2.1
8541;Totaal mannen en vrouwen;0;3;0;Twee jaar na afstuderen;0;Cohort 2000/'01;2.1;2.3;1.9;2.2;1.9;2.2;1.8;2.3;2.2;2.4;;;2.2;2.4;2.5;2.9
8542;Totaal mannen en vrouwen;0;3;0;Twee jaar na afstuderen;0;Cohort 2001/'02;2.1;2.4;1.9;2.2;1.9;2.2;1.6;2.3;2.2;2.5;1.3;2.3;2.2;2.5;2.6;2.9
8543;Totaal mannen en vrouwen;0;3;0;Twee jaar na afstuderen;0;Cohort 2002/'03;2.1;2.4;1.9;2.2;1.9;2.2;1.7;2.6;2.2;2.5;1.8;2.1;2.2;2.5;2.1;2.2
8544;Totaal mannen en vrouwen;0;3;0;Twee jaar na afstuderen;0;Cohort 2003/'04;2.2;2.6;2.1;2.4;2.1;2.4;1.7;2.7;2.3;2.6;2.1;2.5;2.3;2.6;2.2;2.6
8545;Totaal mannen en vrouwen;0;3;0;Twee jaar na afstuderen;1;Cohort 1999/'00;2.1;2.4;2.5;2.5;2.5;2.5;;;1.5;1.9;;;1.5;1.9;;
8546;Totaal mannen en vrouwen;0;3;0;Twee jaar na afstuderen;1;Cohort 2000/'01;1.3;0.7;1.3;0.7;1.3;0.7;;;;;;;;;;
8547;Totaal mannen en vrouwen;0;3;0;Twee jaar na afstuderen;1;Cohort 2001/'02;1.3;1.5;1.0;1.8;1.0;1.8;;;1.6;1.4;;;1.6;1.4;;
8548;Totaal mannen en vrouwen;0;3;0;Twee jaar na afstuderen;1;Cohort 2002/'03;1.6;1.8;1.6;2.3;1.6;2.3;;;1.5;1.6;;;1.5;1.6;;
8549;Totaal mannen en vrouwen;0;3;0;Twee jaar na afstuderen;1;Cohort 2003/'04;2.1;3.6;2.3;3.6;2.3;3.6;;;2.0;;;;2.0;;;
8550;Totaal mannen en vrouwen;0;3;0;Twee jaar na afstuderen;2;Cohort 1999/'00;2.2;2.3;2.2;2.3;2.2;2.3;;;2.3;2.4;;;2.3;2.4;2.6;2.6
8551;Totaal mannen en vrouwen;0;3;0;Twee jaar na afstuderen;2;Cohort 2000/'01;2.1;2.3;2.0;2.2;2.0;2.2;1.3;1.3;2.3;2.4;;;2.3;2.4;;
8552;Totaal mannen en vrouwen;0;3;0;Twee jaar na afstuderen;2;Cohort 2001/'02;2.1;2.3;2.0;2.2;2.1;2.2;1.8;2.3;2.3;2.5;;;2.3;2.4;2.8;2.8
8553;Totaal mannen en vrouwen;0;3;0;Twee jaar na afstuderen;2;Cohort 2002/'03;2.2;2.4;2.1;2.3;2.1;2.3;0.9;;2.4;2.5;;;2.4;2.5;;
8554;Totaal mannen en vrouwen;0;3;0;Twee jaar na afstuderen;2;Cohort 2003/'04;2.4;2.5;2.3;2.4;2.3;2.4;;;2.5;2.7;1.8;2.1;2.5;2.7;1.6;
8555;Totaal mannen en vrouwen;0;3;0;Twee jaar na afstuderen;3;Cohort 1999/'00;1.9;2.1;1.7;2.0;1.7;2.0;1.5;1.8;2.1;2.3;;;2.1;2.3;;
8556;Totaal mannen en vrouwen;0;3;0;Twee jaar na afstuderen;3;Cohort 2000/'01;1.9;2.2;1.8;2.0;1.8;2.0;1.5;2.0;2.0;2.4;;;2.0;2.4;;
8557;Totaal mannen en vrouwen;0;3;0;Twee jaar na afstuderen;3;Cohort 2001/'02;1.9;2.2;1.8;2.1;1.8;2.1;1.9;2.1;2.1;2.3;;;2.1;2.3;;
8558;Totaal mannen en vrouwen;0;3;0;Twee jaar na afstuderen;3;Cohort 2002/'03;1.9;2.2;1.8;2.1;1.8;2.1;1.3;1.6;2.1;2.4;1.2;1.7;2.1;2.4;2.2;2.2
8559;Totaal mannen en vrouwen;0;3;0;Twee jaar na afstuderen;3;Cohort 2003/'04;2.0;2.4;2.0;2.3;2.0;2.3;1.6;2.6;2.1;2.6;1.8;2.2;2.2;2.6;2.2;2.2
8560;Totaal mannen en vrouwen;0;3;0;Twee jaar na afstuderen;4;Cohort 1999/'00;1.4;2.1;1.3;2.3;1.3;2.3;2.1;2.1;1.4;2.0;;;1.4;2.0;;
8561;Totaal mannen en vrouwen;0;3;0;Twee jaar na afstuderen;4;Cohort 2000/'01;1.4;1.9;1.2;1.8;1.2;1.8;1.2;1.6;1.7;2.1;;;1.7;2.1;;
8562;Totaal mannen en vrouwen;0;3;0;Twee jaar na afstuderen;4;Cohort 2001/'02;1.4;2.0;1.4;2.0;1.4;2.0;2.0;;1.4;2.0;;;1.4;2.0;;
8563;Totaal mannen en vrouwen;0;3;0;Twee jaar na afstuderen;4;Cohort 2002/'03;1.4;2.1;1.3;1.9;1.3;1.9;1.5;;1.5;2.2;1.0;;1.6;2.2;;
8564;Totaal mannen en vrouwen;0;3;0;Twee jaar na afstuderen;4;Cohort 2003/'04;1.4;2.2;1.2;2.0;1.3;2.0;0.6;;1.8;2.3;1.6;2.0;1.8;2.4;;
8565;Totaal mannen en vrouwen;0;3;0;Twee jaar na afstuderen;5;Cohort 1999/'00;2.1;2.4;2.0;2.3;2.0;2.3;2.2;;2.2;2.6;;;2.2;2.6;;
8566;Totaal mannen en vrouwen;0;3;0;Twee jaar na afstuderen;5;Cohort 2000/'01;1.9;2.2;1.8;2.1;1.8;2.1;1.4;1.0;2.0;2.3;;;2.0;2.3;;
8567;Totaal mannen en vrouwen;0;3;0;Twee jaar na afstuderen;5;Cohort 2001/'02;1.8;2.2;1.8;2.1;1.8;2.1;2.3;2.3;1.8;2.3;;;1.8;2.3;;
8568;Totaal mannen en vrouwen;0;3;0;Twee jaar na afstuderen;5;Cohort 2002/'03;1.9;2.3;1.9;2.2;1.9;2.2;;;2.0;2.4;0.5;;2.0;2.4;;
8569;Totaal mannen en vrouwen;0;3;0;Twee jaar na afstuderen;5;Cohort 2003/'04;2.2;2.5;2.1;2.4;2.1;2.4;1.8;2.2;2.3;2.6;2.2;2.6;2.3;2.6;;
8570;Totaal mannen en vrouwen;0;3;0;Twee jaar na afstuderen;6;Cohort 1999/'00;2.6;2.6;2.2;2.4;2.3;2.4;0.6;;2.7;2.8;;;2.7;2.8;;
8571;Totaal mannen en vrouwen;0;3;0;Twee jaar na afstuderen;6;Cohort 2000/'01;2.5;2.6;2.3;2.4;2.3;2.4;;;2.6;2.7;;;2.6;2.7;;
8572;Totaal mannen en vrouwen;0;3;0;Twee jaar na afstuderen;6;Cohort 2001/'02;2.4;2.5;2.3;2.5;2.3;2.5;;;2.4;2.6;;;2.4;2.6;;
8573;Totaal mannen en vrouwen;0;3;0;Twee jaar na afstuderen;6;Cohort 2002/'03;2.5;2.6;2.3;2.3;2.3;2.3;;;2.7;2.9;;;2.7;2.9;;
8574;Totaal mannen en vrouwen;0;3;0;Twee jaar na afstuderen;6;Cohort 2003/'04;2.6;2.7;2.4;2.5;2.4;2.5;;;2.7;2.8;2.8;2.8;2.7;2.8;;
8575;Totaal mannen en vrouwen;0;3;0;Twee jaar na afstuderen;7;Cohort 1999/'00;2.2;2.3;2.0;2.2;2.0;2.2;2.0;2.5;2.3;2.4;;;2.3;2.4;1.8;2.4
8576;Totaal mannen en vrouwen;0;3;0;Twee jaar na afstuderen;7;Cohort 2000/'01;2.2;2.4;2.1;2.2;2.1;2.2;2.4;3.1;2.3;2.5;;;2.3;2.5;3.8;3.8
8577;Totaal mannen en vrouwen;0;3;0;Twee jaar na afstuderen;7;Cohort 2001/'02;2.2;2.3;2.1;2.2;2.1;2.2;1.8;2.3;2.3;2.4;;;2.3;2.4;;
8578;Totaal mannen en vrouwen;0;3;0;Twee jaar na afstuderen;7;Cohort 2002/'03;2.1;2.3;2.0;2.2;2.0;2.2;1.5;1.6;2.3;2.4;1.7;1.5;2.3;2.4;2.3;2.3
8579;Totaal mannen en vrouwen;0;3;0;Twee jaar na afstuderen;7;Cohort 2003/'04;2.4;2.6;2.3;2.4;2.3;2.4;2.1;2.5;2.5;2.7;2.6;2.8;2.5;2.7;2.9;2.9
8580;Totaal mannen en vrouwen;0;3;0;Twee jaar na afstuderen;8;Cohort 1999/'00;1.7;2.2;1.6;2.0;1.6;2.0;;;1.8;2.2;;;1.8;2.2;1.5;
8581;Totaal mannen en vrouwen;0;3;0;Twee jaar na afstuderen;8;Cohort 2000/'01;1.9;2.2;1.8;2.1;1.8;2.1;1.4;1.5;1.9;2.3;;;1.9;2.3;;
8582;Totaal mannen en vrouwen;0;3;0;Twee jaar na afstuderen;8;Cohort 2001/'02;1.8;2.2;1.6;2.1;1.6;2.1;1.0;1.4;1.9;2.3;1.4;;1.9;2.3;2.0;
8583;Totaal mannen en vrouwen;0;3;0;Twee jaar na afstuderen;8;Cohort 2002/'03;1.8;2.2;1.8;2.1;1.8;2.1;1.2;2.7;1.9;2.3;1.8;1.8;1.9;2.3;1.8;2.1
8584;Totaal mannen en vrouwen;0;3;0;Twee jaar na afstuderen;8;Cohort 2003/'04;1.9;2.5;1.8;2.4;1.8;2.4;1.2;;2.0;2.5;1.7;2.2;2.0;2.5;1.8;
8585;Totaal mannen en vrouwen;0;3;0;Twee jaar na afstuderen;9;Cohort 1999/'00;2.2;2.4;1.9;2.2;1.9;2.2;1.0;1.6;2.4;2.5;;;2.4;2.5;2.9;2.9
8586;Totaal mannen en vrouwen;0;3;0;Twee jaar na afstuderen;9;Cohort 2000/'01;2.2;2.5;2.0;2.3;2.0;2.3;1.6;2.0;2.4;2.6;;;2.4;2.6;;
8587;Totaal mannen en vrouwen;0;3;0;Twee jaar na afstuderen;9;Cohort 2001/'02;2.4;2.6;1.9;2.2;2.0;2.2;1.8;2.1;2.6;2.8;1.3;2.3;2.6;2.8;4.0;4.4
8588;Totaal mannen en vrouwen;0;3;0;Twee jaar na afstuderen;9;Cohort 2002/'03;2.6;2.7;2.2;2.4;2.3;2.4;1.6;2.2;2.7;2.8;3.2;3.5;2.7;2.8;2.4;
8589;Totaal mannen en vrouwen;0;3;0;Twee jaar na afstuderen;9;Cohort 2003/'04;2.6;2.7;2.5;2.6;2.5;2.6;1.9;2.6;2.7;2.8;2.6;2.9;2.7;2.8;3.3;3.3
8590;Totaal mannen en vrouwen;0;3;0;Twee jaar na afstuderen;M Onderwijs;Cohort 1999/'00;1.9;2.1;1.7;2.1;1.7;2.1;1.2;0.9;2.0;2.1;;;2.0;2.2;2.2;1.8
8591;Totaal mannen en vrouwen;0;3;0;Twee jaar na afstuderen;M Onderwijs;Cohort 2000/'01;1.9;2.2;1.8;2.2;1.8;2.2;1.7;1.7;2.0;2.2;;;2.0;2.2;1.4;1.9
8592;Totaal mannen en vrouwen;0;3;0;Twee jaar na afstuderen;M Onderwijs;Cohort 2001/'02;2.1;2.3;1.9;2.2;1.9;2.2;1.2;;2.1;2.3;;;2.1;2.3;2.0;2.0
8593;Totaal mannen en vrouwen;0;3;0;Twee jaar na afstuderen;M Onderwijs;Cohort 2002/'03;2.1;2.4;1.8;2.2;1.9;2.2;1.0;1.8;2.2;2.4;1.9;2.1;2.2;2.4;2.1;2.3
8594;Totaal mannen en vrouwen;0;3;0;Twee jaar na afstuderen;M Onderwijs;Cohort 2003/'04;2.2;2.6;2.0;2.6;2.0;2.6;1.6;2.6;2.3;2.6;2.3;2.4;2.3;2.6;2.0;2.6
8595;Totaal mannen en vrouwen;0;3;0;Twee jaar na afstuderen;N Gezondheids- en welzijnszorg;Cohort 1999/'00;2.1;2.4;1.7;2.1;1.7;2.1;;;2.1;2.5;;;2.1;2.5;;
8596;Totaal mannen en vrouwen;0;3;0;Twee jaar na afstuderen;N Gezondheids- en welzijnszorg;Cohort 2000/'01;2.1;2.4;1.8;2.3;1.8;2.3;;;2.1;2.5;;;2.1;2.5;;
8597;Totaal mannen en vrouwen;0;3;0;Twee jaar na afstuderen;N Gezondheids- en welzijnszorg;Cohort 2001/'02;2.1;2.5;1.8;2.2;1.8;2.2;1.3;2.1;2.2;2.6;;;2.2;2.6;2.7;2.7
8598;Totaal mannen en vrouwen;0;3;0;Twee jaar na afstuderen;N Gezondheids- en welzijnszorg;Cohort 2002/'03;2.1;2.4;1.8;2.1;1.8;2.1;1.0;1.6;2.2;2.5;1.9;;2.2;2.5;;
8599;Totaal mannen en vrouwen;0;3;0;Twee jaar na afstuderen;N Gezondheids- en welzijnszorg;Cohort 2003/'04;2.1;2.6;1.8;2.3;1.8;2.3;1.3;;2.2;2.7;1.8;2.4;2.2;2.7;2.5;
8600;Totaal mannen en vrouwen;0;3;0;Twee jaar na afstuderen;9000e Milieu, cultuur, recreatie en ..;Cohort 1999/'00;2.0;2.4;2.0;2.3;2.0;2.3;1.5;2.3;2.1;2.4;;;2.1;2.4;1.0;1.0
8601;Totaal mannen en vrouwen;0;3;0;Twee jaar na afstuderen;9000e Milieu, cultuur, recreatie en ..;Cohort 2000/'01;2.1;2.3;2.1;2.3;2.1;2.3;2.0;2.6;2.1;2.4;;;2.1;2.4;3.2;3.2
8602;Totaal mannen en vrouwen;0;3;0;Twee jaar na afstuderen;9000e Milieu, cultuur, recreatie en ..;Cohort 2001/'02;2.0;2.4;1.9;2.3;2.0;2.3;1.6;2.7;2.1;2.4;;;2.1;2.4;1.0;
8603;Totaal mannen en vrouwen;0;3;0;Twee jaar na afstuderen;9000e Milieu, cultuur, recreatie en ..;Cohort 2002/'03;2.0;2.4;2.0;2.4;1.9;2.3;2.4;3.0;2.1;2.4;1.7;1.6;2.1;2.4;;
8604;Totaal mannen en vrouwen;0;3;0;Twee jaar na afstuderen;9000e Milieu, cultuur, recreatie en ..;Cohort 2003/'04;2.2;2.6;2.1;2.7;2.2;2.7;1.9;3.0;2.2;2.6;1.8;2.3;2.2;2.6;1.7;2.0
8605;Totaal mannen en vrouwen;0;3;0;Twee jaar na afstuderen;Onbekend;Cohort 1999/'00;2.7;3.1;1.4;1.7;1.4;1.7;;;5.9;5.9;;;5.9;5.9;;
8606;Totaal mannen en vrouwen;0;3;0;Twee jaar na afstuderen;Onbekend;Cohort 2000/'01;4.0;4.0;3.0;3.0;3.0;3.0;;;4.4;4.4;;;4.4;4.4;;
8607;Totaal mannen en vrouwen;0;3;0;Twee jaar na afstuderen;Onbekend;Cohort 2001/'02;1.8;2.7;2.2;2.7;2.2;2.7;;;0.9;;;;0.9;;;
8608;Totaal mannen en vrouwen;0;3;0;Twee jaar na afstuderen;Onbekend;Cohort 2002/'03;2.1;;;;;;;;2.1;;;;2.1;;;
8609;Totaal mannen en vrouwen;0;3;0;Twee jaar na afstuderen;Onbekend;Cohort 2003/'04;1.9;2.2;1.6;2.4;1.6;2.4;;;1.9;2.1;;;1.9;2.1;;
8610;Totaal mannen en vrouwen;0;3;0;Drie jaar na afstuderen;0;Cohort 1999/'00;2.3;2.5;2.1;2.4;2.1;2.4;1.6;2.5;2.4;2.6;;;2.4;2.6;2.5;2.5
8611;Totaal mannen en vrouwen;0;3;0;Drie jaar na afstuderen;0;Cohort 2000/'01;2.2;2.5;2.1;2.4;2.1;2.4;1.8;2.4;2.3;2.6;0.6;;2.3;2.6;2.6;2.6
8612;Totaal mannen en vrouwen;0;3;0;Drie jaar na afstuderen;0;Cohort 2001/'02;2.2;2.5;2.1;2.4;2.1;2.4;1.9;2.6;2.4;2.7;2.2;2.6;2.4;2.7;2.8;3.1
8613;Totaal mannen en vrouwen;0;3;0;Drie jaar na afstuderen;0;Cohort 2002/'03;2.4;2.7;2.2;2.6;2.2;2.6;2.0;3.1;2.5;2.8;1.9;2.6;2.5;2.9;2.4;2.5
8614;Totaal mannen en vrouwen;0;3;0;Drie jaar na afstuderen;0;Cohort 2003/'04;2.5;2.9;2.3;2.7;2.4;2.7;2.0;3.1;2.6;3.0;2.3;2.8;2.6;3.0;2.7;3.1
8615;Totaal mannen en vrouwen;0;3;0;Drie jaar na afstuderen;1;Cohort 1999/'00;1.8;2.2;2.1;2.2;2.1;2.2;;;1.3;;;;1.3;;;
8616;Totaal mannen en vrouwen;0;3;0;Drie jaar na afstuderen;1;Cohort 2000/'01;1.7;2.2;1.9;2.4;1.9;2.4;;;1.0;0.9;;;1.0;0.9;;
8617;Totaal mannen en vrouwen;0;3;0;Drie jaar na afstuderen;1;Cohort 2001/'02;1.4;2.1;0.9;;0.9;;;;2.1;2.1;;;2.1;2.1;;
8618;Totaal mannen en vrouwen;0;3;0;Drie jaar na afstuderen;1;Cohort 2002/'03;1.9;2.3;1.7;2.3;1.7;2.3;;;2.0;2.4;;;2.0;2.4;;
8619;Totaal mannen en vrouwen;0;3;0;Drie jaar na afstuderen;1;Cohort 2003/'04;1.8;2.9;2.3;4.6;2.4;4.6;1.7;;1.5;2.1;;;1.5;2.1;;
8620;Totaal mannen en vrouwen;0;3;0;Drie jaar na afstuderen;2;Cohort 1999/'00;2.4;2.5;2.3;2.4;2.3;2.4;0.6;;2.5;2.6;;;2.5;2.6;2.3;2.3
8621;Totaal mannen en vrouwen;0;3;0;Drie jaar na afstuderen;2;Cohort 2000/'01;2.4;2.5;2.2;2.4;2.3;2.4;1.9;1.9;2.5;2.7;;;2.5;2.7;;
8622;Totaal mannen en vrouwen;0;3;0;Drie jaar na afstuderen;2;Cohort 2001/'02;2.4;2.5;2.3;2.4;2.2;2.4;2.3;2.3;2.5;2.6;;;2.5;2.6;2.6;
8623;Totaal mannen en vrouwen;0;3;0;Drie jaar na afstuderen;2;Cohort 2002/'03;2.6;2.7;2.4;2.6;2.4;2.6;;;2.8;3.0;;;2.8;3.0;;
8624;Totaal mannen en vrouwen;0;3;0;Drie jaar na afstuderen;2;Cohort 2003/'04;2.6;2.7;2.5;2.6;2.5;2.6;0.2;;2.8;2.9;2.2;2.3;2.8;2.9;;
8625;Totaal mannen en vrouwen;0;3;0;Drie jaar na afstuderen;3;Cohort 1999/'00;2.1;2.3;1.9;2.2;2.0;2.2;1.5;2.1;2.3;2.5;;;2.3;2.5;;
8626;Totaal mannen en vrouwen;0;3;0;Drie jaar na afstuderen;3;Cohort 2000/'01;2.0;2.3;1.9;2.2;1.9;2.2;1.8;2.2;2.2;2.5;;;2.2;2.5;;
8627;Totaal mannen en vrouwen;0;3;0;Drie jaar na afstuderen;3;Cohort 2001/'02;2.0;2.4;1.9;2.3;1.9;2.3;2.0;2.4;2.3;2.5;;;2.3;2.5;;
8628;Totaal mannen en vrouwen;0;3;0;Drie jaar na afstuderen;3;Cohort 2002/'03;2.2;2.6;2.1;2.5;2.1;2.5;1.8;2.2;2.5;2.8;1.5;1.8;2.5;2.9;;
8629;Totaal mannen en vrouwen;0;3;0;Drie jaar na afstuderen;3;Cohort 2003/'04;2.4;2.8;2.2;2.6;2.2;2.6;2.5;2.9;2.6;3.1;2.1;2.8;2.6;3.1;2.4;2.4
8630;Totaal mannen en vrouwen;0;3;0;Drie jaar na afstuderen;4;Cohort 1999/'00;1.5;2.1;1.4;2.0;1.4;2.0;1.5;1.9;1.6;2.1;;;1.6;2.1;;
8631;Totaal mannen en vrouwen;0;3;0;Drie jaar na afstuderen;4;Cohort 2000/'01;1.5;2.2;1.4;2.1;1.5;2.1;0.6;;1.8;2.4;;;1.8;2.4;;
8632;Totaal mannen en vrouwen;0;3;0;Drie jaar na afstuderen;4;Cohort 2001/'02;1.4;2.1;1.2;2.0;1.2;2.0;;;1.6;2.2;;;1.6;2.2;;
8633;Totaal mannen en vrouwen;0;3;0;Drie jaar na afstuderen;4;Cohort 2002/'03;1.6;2.3;1.4;2.3;1.4;2.3;1.6;2.5;1.7;2.2;;;1.7;2.2;;
8634;Totaal mannen en vrouwen;0;3;0;Drie jaar na afstuderen;4;Cohort 2003/'04;1.6;2.2;1.5;2.2;1.5;2.2;0.9;;1.7;2.3;1.7;2.2;1.8;2.3;;
8635;Totaal mannen en vrouwen;0;3;0;Drie jaar na afstuderen;5;Cohort 1999/'00;2.3;2.6;2.2;2.5;2.2;2.5;;;2.4;2.7;;;2.4;2.7;;
8636;Totaal mannen en vrouwen;0;3;0;Drie jaar na afstuderen;5;Cohort 2000/'01;2.0;2.4;2.0;2.4;2.0;2.4;1.1;1.0;2.0;2.4;;;2.0;2.4;;
8637;Totaal mannen en vrouwen;0;3;0;Drie jaar na afstuderen;5;Cohort 2001/'02;2.2;2.4;2.1;2.3;2.1;2.3;2.7;2.7;2.2;2.6;;;2.2;2.6;;
8638;Totaal mannen en vrouwen;0;3;0;Drie jaar na afstuderen;5;Cohort 2002/'03;2.3;2.6;2.2;2.5;2.2;2.5;1.2;;2.4;2.7;0.5;;2.4;2.7;;
8639;Totaal mannen en vrouwen;0;3;0;Drie jaar na afstuderen;5;Cohort 2003/'04;2.7;3.0;2.4;2.7;2.4;2.7;2.0;2.3;2.9;3.2;3.3;3.3;2.9;3.2;;
8640;Totaal mannen en vrouwen;0;3;0;Drie jaar na afstuderen;6;Cohort 1999/'00;2.7;2.8;2.4;2.5;2.4;2.5;0.7;;2.8;3.0;;;2.8;3.0;;
8641;Totaal mannen en vrouwen;0;3;0;Drie jaar na afstuderen;6;Cohort 2000/'01;2.6;2.8;2.5;2.6;2.5;2.6;;;2.7;3.0;;;2.7;3.0;;
8642;Totaal mannen en vrouwen;0;3;0;Drie jaar na afstuderen;6;Cohort 2001/'02;2.6;2.8;2.4;2.6;2.4;2.6;0.1;;2.8;2.9;;;2.8;2.9;;
8643;Totaal mannen en vrouwen;0;3;0;Drie jaar na afstuderen;6;Cohort 2002/'03;3.0;3.1;2.8;2.8;2.8;2.8;;;3.1;3.3;;;3.1;3.3;;
8644;Totaal mannen en vrouwen;0;3;0;Drie jaar na afstuderen;6;Cohort 2003/'04;3.1;3.2;2.8;2.9;2.8;2.9;;;3.3;3.4;2.8;3.1;3.3;3.4;;
8645;Totaal mannen en vrouwen;0;3;0;Drie jaar na afstuderen;7;Cohort 1999/'00;2.4;2.5;2.2;2.3;2.2;2.3;2.3;2.7;2.5;2.7;;;2.5;2.7;2.7;2.7
8646;Totaal mannen en vrouwen;0;3;0;Drie jaar na afstuderen;7;Cohort 2000/'01;2.4;2.5;2.2;2.4;2.2;2.4;2.3;2.4;2.5;2.7;0.6;;2.5;2.7;3.0;3.0
8647;Totaal mannen en vrouwen;0;3;0;Drie jaar na afstuderen;7;Cohort 2001/'02;2.4;2.6;2.2;2.4;2.2;2.4;2.6;2.8;2.5;2.7;1.8;1.8;2.5;2.7;;
8648;Totaal mannen en vrouwen;0;3;0;Drie jaar na afstuderen;7;Cohort 2002/'03;2.5;2.7;2.4;2.5;2.4;2.5;1.9;2.3;2.7;2.9;1.9;;2.7;2.9;2.4;2.4
8649;Totaal mannen en vrouwen;0;3;0;Drie jaar na afstuderen;7;Cohort 2003/'04;2.8;2.9;2.6;2.8;2.6;2.8;2.3;2.5;2.9;3.1;3.0;3.1;2.9;3.0;4.1;4.1
8650;Totaal mannen en vrouwen;0;3;0;Drie jaar na afstuderen;8;Cohort 1999/'00;2.0;2.3;1.9;2.3;1.9;2.2;1.6;2.4;2.0;2.4;;;2.0;2.4;0.9;
8651;Totaal mannen en vrouwen;0;3;0;Drie jaar na afstuderen;8;Cohort 2000/'01;1.9;2.3;1.8;2.2;1.8;2.3;1.5;1.5;2.0;2.4;;;2.0;2.4;;
8652;Totaal mannen en vrouwen;0;3;0;Drie jaar na afstuderen;8;Cohort 2001/'02;2.0;2.4;1.8;2.2;1.8;2.2;1.6;1.9;2.1;2.5;;;2.1;2.5;2.2;
8653;Totaal mannen en vrouwen;0;3;0;Drie jaar na afstuderen;8;Cohort 2002/'03;2.1;2.7;1.9;2.5;2.0;2.5;1.3;2.4;2.2;2.8;1.5;2.3;2.2;2.8;2.7;2.7
8654;Totaal mannen en vrouwen;0;3;0;Drie jaar na afstuderen;8;Cohort 2003/'04;2.3;2.9;2.2;2.7;2.2;2.7;1.9;2.3;2.4;2.9;2.1;2.2;2.4;3.0;;
8655;Totaal mannen en vrouwen;0;3;0;Drie jaar na afstuderen;9;Cohort 1999/'00;2.5;2.7;2.1;2.4;2.1;2.4;1.5;1.8;2.6;2.8;;;2.6;2.8;3.3;3.3
8656;Totaal mannen en vrouwen;0;3;0;Drie jaar na afstuderen;9;Cohort 2000/'01;2.5;2.7;2.3;2.5;2.3;2.5;1.6;2.4;2.6;2.9;;;2.6;2.9;;
8657;Totaal mannen en vrouwen;0;3;0;Drie jaar na afstuderen;9;Cohort 2001/'02;2.6;2.8;2.3;2.5;2.3;2.5;1.7;2.3;2.7;2.9;3.3;3.3;2.7;2.9;3.9;4.2
8658;Totaal mannen en vrouwen;0;3;0;Drie jaar na afstuderen;9;Cohort 2002/'03;2.7;2.9;2.6;2.7;2.6;2.7;2.8;2.8;2.8;3.0;3.3;4.2;2.8;3.0;2.5;
8659;Totaal mannen en vrouwen;0;3;0;Drie jaar na afstuderen;9;Cohort 2003/'04;2.8;3.0;2.6;2.7;2.6;2.7;1.5;2.9;2.9;3.1;2.7;3.3;2.9;3.1;3.6;3.6
8660;Totaal mannen en vrouwen;0;3;0;Drie jaar na afstuderen;M Onderwijs;Cohort 1999/'00;2.1;2.5;1.8;2.3;1.8;2.3;1.6;3.4;2.2;2.5;;;2.1;2.5;2.5;2.1
8661;Totaal mannen en vrouwen;0;3;0;Drie jaar na afstuderen;M Onderwijs;Cohort 2000/'01;2.1;2.4;2.0;2.4;2.1;2.4;1.8;1.9;2.2;2.4;;;2.2;2.4;2.3;2.3
8662;Totaal mannen en vrouwen;0;3;0;Drie jaar na afstuderen;M Onderwijs;Cohort 2001/'02;2.2;2.5;1.9;2.3;1.9;2.3;1.3;1.9;2.3;2.6;1.5;;2.3;2.6;2.2;2.2
8663;Totaal mannen en vrouwen;0;3;0;Drie jaar na afstuderen;M Onderwijs;Cohort 2002/'03;2.3;2.7;2.1;2.6;2.1;2.6;1.8;3.0;2.4;2.7;2.0;2.2;2.4;2.7;2.5;2.6
8664;Totaal mannen en vrouwen;0;3;0;Drie jaar na afstuderen;M Onderwijs;Cohort 2003/'04;2.4;2.8;2.1;2.8;2.2;2.8;1.6;;2.5;2.8;2.4;2.9;2.5;2.8;2.1;2.4
8665;Totaal mannen en vrouwen;0;3;0;Drie jaar na afstuderen;N Gezondheids- en welzijnszorg;Cohort 1999/'00;2.2;2.6;1.9;2.3;1.9;2.3;1.0;;2.3;2.7;;;2.3;2.7;;
8666;Totaal mannen en vrouwen;0;3;0;Drie jaar na afstuderen;N Gezondheids- en welzijnszorg;Cohort 2000/'01;2.2;2.6;1.8;2.2;1.8;2.2;1.1;;2.3;2.6;;;2.3;2.6;;
8667;Totaal mannen en vrouwen;0;3;0;Drie jaar na afstuderen;N Gezondheids- en welzijnszorg;Cohort 2001/'02;2.2;2.6;1.9;2.3;1.9;2.3;1.5;;2.3;2.7;;;2.3;2.7;3.3;3.3
8668;Totaal mannen en vrouwen;0;3;0;Drie jaar na afstuderen;N Gezondheids- en welzijnszorg;Cohort 2002/'03;2.3;2.7;1.9;2.5;1.9;2.5;0.9;;2.4;2.8;1.8;2.6;2.4;2.8;2.6;
8669;Totaal mannen en vrouwen;0;3;0;Drie jaar na afstuderen;N Gezondheids- en welzijnszorg;Cohort 2003/'04;2.3;2.8;2.0;2.5;2.0;2.5;1.3;;2.5;2.9;1.9;3.8;2.5;2.9;2.8;
8670;Totaal mannen en vrouwen;0;3;0;Drie jaar na afstuderen;9000e Milieu, cultuur, recreatie en ..;Cohort 1999/'00;2.1;2.5;2.1;2.4;2.1;2.4;1.5;3.1;2.3;2.5;;;2.3;2.5;;
8671;Totaal mannen en vrouwen;0;3;0;Drie jaar na afstuderen;9000e Milieu, cultuur, recreatie en ..;Cohort 2000/'01;2.2;2.5;2.1;2.4;2.1;2.4;2.0;2.9;2.3;2.6;;;2.3;2.6;3.4;3.4
8672;Totaal mannen en vrouwen;0;3;0;Drie jaar na afstuderen;9000e Milieu, cultuur, recreatie en ..;Cohort 2001/'02;2.1;2.5;2.0;2.4;2.1;2.4;2.0;2.8;2.2;2.6;;;2.2;2.6;;
8673;Totaal mannen en vrouwen;0;3;0;Drie jaar na afstuderen;9000e Milieu, cultuur, recreatie en ..;Cohort 2002/'03;2.3;2.8;2.3;2.8;2.3;2.7;2.3;3.9;2.4;2.8;2.0;;2.4;2.8;1.3;
8674;Totaal mannen en vrouwen;0;3;0;Drie jaar na afstuderen;9000e Milieu, cultuur, recreatie en ..;Cohort 2003/'04;2.4;2.8;2.3;2.8;2.3;2.7;2.4;3.6;2.5;2.8;2.0;2.2;2.5;2.9;1.9;2.0
8675;Totaal mannen en vrouwen;0;3;0;Drie jaar na afstuderen;Onbekend;Cohort 1999/'00;2.6;2.8;1.8;1.9;1.8;1.9;;;3.5;3.5;;;3.5;3.5;;
8676;Totaal mannen en vrouwen;0;3;0;Drie jaar na afstuderen;Onbekend;Cohort 2000/'01;2.4;3.1;3.0;3.0;3.0;3.0;;;2.1;3.3;;;2.1;3.3;;
8677;Totaal mannen en vrouwen;0;3;0;Drie jaar na afstuderen;Onbekend;Cohort 2001/'02;2.5;2.5;2.3;2.3;2.3;2.3;;;3.3;3.3;;;3.3;3.3;;
8678;Totaal mannen en vrouwen;0;3;0;Drie jaar na afstuderen;Onbekend;Cohort 2002/'03;0.2;;0.2;;0.2;;;;;;;;;;;
8679;Totaal mannen en vrouwen;0;3;0;Drie jaar na afstuderen;Onbekend;Cohort 2003/'04;0.9;;;;;;;;0.9;;;;0.9;;;
8680;Totaal mannen en vrouwen;0;3;0;Vier jaar na afstuderen;0;Cohort 1999/'00;2.4;2.7;2.2;2.5;2.2;2.5;1.7;2.5;2.5;2.8;;;2.5;2.8;2.6;2.8
8681;Totaal mannen en vrouwen;0;3;0;Vier jaar na afstuderen;0;Cohort 2000/'01;2.4;2.7;2.2;2.6;2.2;2.6;2.1;2.7;2.5;2.8;1.6;1.6;2.5;2.8;2.7;2.7
8682;Totaal mannen en vrouwen;0;3;0;Vier jaar na afstuderen;0;Cohort 2001/'02;2.5;2.9;2.3;2.7;2.3;2.7;2.2;3.0;2.7;3.1;2.6;3.0;2.7;3.1;3.1;3.6
8683;Totaal mannen en vrouwen;0;3;0;Vier jaar na afstuderen;0;Cohort 2002/'03;2.6;3.0;2.4;2.8;2.4;2.8;2.3;3.6;2.8;3.2;2.2;2.9;2.8;3.2;2.6;2.6
8684;Totaal mannen en vrouwen;0;3;0;Vier jaar na afstuderen;0;Cohort 2003/'04;2.8;3.2;2.6;3.0;2.6;3.0;2.1;3.4;2.9;3.3;2.4;3.2;2.9;3.3;2.8;3.3
8685;Totaal mannen en vrouwen;0;3;0;Vier jaar na afstuderen;1;Cohort 1999/'00;1.6;2.4;1.5;2.4;1.5;2.4;;;2.6;;;;2.6;;;
8686;Totaal mannen en vrouwen;0;3;0;Vier jaar na afstuderen;1;Cohort 2000/'01;2.5;2.6;2.5;2.6;2.5;2.6;;;2.5;2.5;;;2.5;2.5;;
8687;Totaal mannen en vrouwen;0;3;0;Vier jaar na afstuderen;1;Cohort 2001/'02;1.6;2.5;1.4;;1.4;;;;2.0;2.5;;;2.0;2.5;;
8688;Totaal mannen en vrouwen;0;3;0;Vier jaar na afstuderen;1;Cohort 2002/'03;2.1;2.6;2.1;2.5;2.1;2.5;;;2.1;2.7;;;2.1;2.7;;
8689;Totaal mannen en vrouwen;0;3;0;Vier jaar na afstuderen;1;Cohort 2003/'04;2.5;3.2;2.9;3.6;2.9;3.6;;;2.3;3.0;0.3;;2.7;3.0;;
8690;Totaal mannen en vrouwen;0;3;0;Vier jaar na afstuderen;2;Cohort 1999/'00;2.4;2.6;2.3;2.5;2.3;2.5;;;2.6;2.8;;;2.6;2.8;3.3;3.3
8691;Totaal mannen en vrouwen;0;3;0;Vier jaar na afstuderen;2;Cohort 2000/'01;2.6;2.8;2.4;2.6;2.4;2.6;1.9;1.9;2.7;2.9;;;2.7;2.9;;
8692;Totaal mannen en vrouwen;0;3;0;Vier jaar na afstuderen;2;Cohort 2001/'02;2.7;2.9;2.5;2.7;2.5;2.7;2.6;2.8;3.0;3.1;;;3.0;3.1;;
8693;Totaal mannen en vrouwen;0;3;0;Vier jaar na afstuderen;2;Cohort 2002/'03;2.8;3.0;2.6;2.8;2.6;2.8;;;3.1;3.3;;;3.1;3.3;;
8694;Totaal mannen en vrouwen;0;3;0;Vier jaar na afstuderen;2;Cohort 2003/'04;3.0;3.1;2.8;3.0;2.8;3.0;3.1;3.1;3.1;3.3;2.3;2.5;3.2;3.3;;
8695;Totaal mannen en vrouwen;0;3;0;Vier jaar na afstuderen;3;Cohort 1999/'00;2.2;2.6;2.1;2.5;2.1;2.5;1.6;2.2;2.5;2.7;;;2.5;2.7;;
8696;Totaal mannen en vrouwen;0;3;0;Vier jaar na afstuderen;3;Cohort 2000/'01;2.2;2.6;2.1;2.4;2.1;2.4;1.8;2.4;2.5;2.9;;;2.5;2.9;;
8697;Totaal mannen en vrouwen;0;3;0;Vier jaar na afstuderen;3;Cohort 2001/'02;2.3;2.7;2.1;2.5;2.1;2.5;2.4;2.8;2.6;3.0;;;2.6;3.0;;
8698;Totaal mannen en vrouwen;0;3;0;Vier jaar na afstuderen;3;Cohort 2002/'03;2.5;2.9;2.2;2.7;2.2;2.7;2.0;2.7;2.9;3.2;1.8;2.1;2.9;3.3;2.6;2.6
8699;Totaal mannen en vrouwen;0;3;0;Vier jaar na afstuderen;3;Cohort 2003/'04;2.6;3.0;2.4;2.8;2.4;2.8;2.1;2.8;2.9;3.4;2.2;3.9;3.0;3.3;;
8700;Totaal mannen en vrouwen;0;3;0;Vier jaar na afstuderen;4;Cohort 1999/'00;1.6;2.1;1.5;2.1;1.5;2.1;;;1.6;2.1;;;1.6;2.1;;
8701;Totaal mannen en vrouwen;0;3;0;Vier jaar na afstuderen;4;Cohort 2000/'01;1.6;2.2;1.5;2.1;1.5;2.1;;;1.9;2.6;;;1.9;2.6;;
8702;Totaal mannen en vrouwen;0;3;0;Vier jaar na afstuderen;4;Cohort 2001/'02;1.6;2.5;1.3;2.5;1.3;2.5;;;1.9;2.6;;;1.9;2.6;;
8703;Totaal mannen en vrouwen;0;3;0;Vier jaar na afstuderen;4;Cohort 2002/'03;1.8;2.3;1.8;2.4;1.8;2.4;1.3;;1.9;2.2;;;1.9;2.2;;
8704;Totaal mannen en vrouwen;0;3;0;Vier jaar na afstuderen;4;Cohort 2003/'04;1.8;2.5;1.6;2.5;1.6;2.5;1.1;;2.0;2.5;2.1;2.4;2.0;2.6;;
8705;Totaal mannen en vrouwen;0;3;0;Vier jaar na afstuderen;5;Cohort 1999/'00;2.3;2.6;2.1;2.5;2.1;2.5;1.5;2.5;2.5;2.8;;;2.5;2.8;;
8706;Totaal mannen en vrouwen;0;3;0;Vier jaar na afstuderen;5;Cohort 2000/'01;2.2;2.6;2.2;2.5;2.2;2.5;2.2;2.8;2.2;2.7;;;2.2;2.7;;
8707;Totaal mannen en vrouwen;0;3;0;Vier jaar na afstuderen;5;Cohort 2001/'02;2.5;2.8;2.4;2.7;2.4;2.7;;;2.6;3.0;;;2.6;3.0;;
8708;Totaal mannen en vrouwen;0;3;0;Vier jaar na afstuderen;5;Cohort 2002/'03;2.6;2.9;2.6;2.8;2.6;2.8;1.3;;2.7;3.1;;;2.7;3.1;;
8709;Totaal mannen en vrouwen;0;3;0;Vier jaar na afstuderen;5;Cohort 2003/'04;3.0;3.4;2.8;3.1;2.8;3.1;2.1;2.3;3.3;3.9;3.6;3.6;3.3;3.9;;
8710;Totaal mannen en vrouwen;0;3;0;Vier jaar na afstuderen;6;Cohort 1999/'00;3.0;3.2;2.6;2.8;2.6;2.8;0.6;;3.2;3.4;;;3.2;3.4;;
8711;Totaal mannen en vrouwen;0;3;0;Vier jaar na afstuderen;6;Cohort 2000/'01;2.8;3.0;2.7;2.8;2.7;2.8;;;2.9;3.3;;;2.9;3.3;;
8712;Totaal mannen en vrouwen;0;3;0;Vier jaar na afstuderen;6;Cohort 2001/'02;3.1;3.3;2.7;2.9;2.7;2.9;2.2;;3.4;3.6;;;3.4;3.6;;
8713;Totaal mannen en vrouwen;0;3;0;Vier jaar na afstuderen;6;Cohort 2002/'03;3.3;3.4;3.0;3.0;3.0;3.0;;;3.5;3.7;;;3.5;3.7;;
8714;Totaal mannen en vrouwen;0;3;0;Vier jaar na afstuderen;6;Cohort 2003/'04;3.2;3.5;2.9;3.1;2.9;3.1;3.9;3.9;3.5;3.7;3.4;3.7;3.5;3.7;;
8715;Totaal mannen en vrouwen;0;3;0;Vier jaar na afstuderen;7;Cohort 1999/'00;2.5;2.7;2.3;2.5;2.3;2.5;2.3;2.6;2.6;2.8;;;2.6;2.8;3.0;3.0
8716;Totaal mannen en vrouwen;0;3;0;Vier jaar na afstuderen;7;Cohort 2000/'01;2.5;2.7;2.4;2.6;2.4;2.6;2.6;2.7;2.6;2.9;;;2.6;2.9;3.3;3.3
8717;Totaal mannen en vrouwen;0;3;0;Vier jaar na afstuderen;7;Cohort 2001/'02;2.8;3.0;2.6;2.8;2.6;2.8;2.2;3.9;3.0;3.2;2.4;2.4;3.0;3.2;;
8718;Totaal mannen en vrouwen;0;3;0;Vier jaar na afstuderen;7;Cohort 2002/'03;2.9;3.1;2.6;2.8;2.6;2.8;2.0;3.6;3.1;3.3;2.3;;3.1;3.3;2.7;2.8
8719;Totaal mannen en vrouwen;0;3;0;Vier jaar na afstuderen;7;Cohort 2003/'04;3.1;3.3;2.9;3.1;2.9;3.1;2.8;2.8;3.3;3.5;2.7;3.3;3.3;3.5;4.0;4.0
8720;Totaal mannen en vrouwen;0;3;0;Vier jaar na afstuderen;8;Cohort 1999/'00;2.0;2.4;1.9;2.3;1.9;2.3;0.8;;2.1;2.5;;;2.1;2.5;1.5;2.1
8721;Totaal mannen en vrouwen;0;3;0;Vier jaar na afstuderen;8;Cohort 2000/'01;2.1;2.5;2.0;2.3;2.0;2.3;2.0;2.0;2.2;2.7;;;2.2;2.7;;
8722;Totaal mannen en vrouwen;0;3;0;Vier jaar na afstuderen;8;Cohort 2001/'02;2.2;2.9;2.0;2.7;2.0;2.7;1.2;;2.4;3.1;;;2.4;3.1;;
8723;Totaal mannen en vrouwen;0;3;0;Vier jaar na afstuderen;8;Cohort 2002/'03;2.3;3.1;2.2;2.8;2.2;2.8;1.7;3.2;2.4;3.3;2.0;4.6;2.4;3.3;2.7;2.7
8724;Totaal mannen en vrouwen;0;3;0;Vier jaar na afstuderen;8;Cohort 2003/'04;2.6;3.3;2.4;3.1;2.5;3.1;1.4;;2.8;3.4;2.1;2.7;2.8;3.4;3.1;4.4
8725;Totaal mannen en vrouwen;0;3;0;Vier jaar na afstuderen;9;Cohort 1999/'00;2.7;3.0;2.4;2.7;2.4;2.7;;;2.9;3.1;;;2.9;3.1;3.5;3.5
8726;Totaal mannen en vrouwen;0;3;0;Vier jaar na afstuderen;9;Cohort 2000/'01;2.7;2.9;2.5;2.7;2.5;2.7;1.8;2.5;2.8;3.0;;;2.8;3.0;;
8727;Totaal mannen en vrouwen;0;3;0;Vier jaar na afstuderen;9;Cohort 2001/'02;2.9;3.1;2.5;2.8;2.6;2.8;1.3;2.6;3.0;3.2;3.7;3.7;3.0;3.2;4.0;4.8
8728;Totaal mannen en vrouwen;0;3;0;Vier jaar na afstuderen;9;Cohort 2002/'03;2.9;3.1;2.6;2.9;2.6;2.9;2.7;2.7;3.0;3.2;4.4;4.4;3.0;3.2;2.8;2.9
8729;Totaal mannen en vrouwen;0;3;0;Vier jaar na afstuderen;9;Cohort 2003/'04;3.1;3.3;2.8;3.0;2.8;3.0;2.4;4.2;3.2;3.4;2.8;3.3;3.2;3.4;;
8730;Totaal mannen en vrouwen;0;3;0;Vier jaar na afstuderen;M Onderwijs;Cohort 1999/'00;2.2;2.6;2.0;2.3;2.0;2.3;1.9;2.3;2.3;2.6;;;2.3;2.6;2.5;2.3
8731;Totaal mannen en vrouwen;0;3;0;Vier jaar na afstuderen;M Onderwijs;Cohort 2000/'01;2.3;2.6;2.1;2.5;2.1;2.5;1.7;;2.3;2.6;1.6;1.6;2.3;2.6;2.3;2.3
8732;Totaal mannen en vrouwen;0;3;0;Vier jaar na afstuderen;M Onderwijs;Cohort 2001/'02;2.4;2.8;2.1;2.6;2.1;2.6;1.7;2.0;2.5;2.9;1.8;;2.5;2.9;2.3;2.5
8733;Totaal mannen en vrouwen;0;3;0;Vier jaar na afstuderen;M Onderwijs;Cohort 2002/'03;2.5;2.9;2.1;2.8;2.2;2.8;1.6;2.7;2.6;2.9;2.2;2.6;2.6;2.9;2.4;2.6
8734;Totaal mannen en vrouwen;0;3;0;Vier jaar na afstuderen;M Onderwijs;Cohort 2003/'04;2.6;3.0;2.2;2.9;2.3;2.9;1.6;;2.6;3.0;2.6;3.8;2.6;3.0;2.3;2.6
8735;Totaal mannen en vrouwen;0;3;0;Vier jaar na afstuderen;N Gezondheids- en welzijnszorg;Cohort 1999/'00;2.3;2.7;1.9;2.4;1.9;2.4;1.5;;2.4;2.7;;;2.4;2.7;;
8736;Totaal mannen en vrouwen;0;3;0;Vier jaar na afstuderen;N Gezondheids- en welzijnszorg;Cohort 2000/'01;2.3;2.7;1.9;2.3;1.9;2.3;1.1;;2.4;2.8;;;2.4;2.8;;
8737;Totaal mannen en vrouwen;0;3;0;Vier jaar na afstuderen;N Gezondheids- en welzijnszorg;Cohort 2001/'02;2.4;2.9;2.0;2.5;2.0;2.5;1.5;1.7;2.5;3.0;;;2.5;3.0;3.9;3.1
8738;Totaal mannen en vrouwen;0;3;0;Vier jaar na afstuderen;N Gezondheids- en welzijnszorg;Cohort 2002/'03;2.5;3.0;2.0;2.6;2.0;2.6;1.4;;2.6;3.1;1.9;2.3;2.6;3.1;2.0;2.0
8739;Totaal mannen en vrouwen;0;3;0;Vier jaar na afstuderen;N Gezondheids- en welzijnszorg;Cohort 2003/'04;2.6;3.1;2.1;2.8;2.2;2.8;1.3;;2.7;3.2;1.9;2.2;2.7;3.2;;
8740;Totaal mannen en vrouwen;0;3;0;Vier jaar na afstuderen;9000e Milieu, cultuur, recreatie en ..;Cohort 1999/'00;2.3;2.6;2.2;2.6;2.2;2.6;1.7;2.8;2.4;2.6;;;2.4;2.6;;
8741;Totaal mannen en vrouwen;0;3;0;Vier jaar na afstuderen;9000e Milieu, cultuur, recreatie en ..;Cohort 2000/'01;2.3;2.7;2.2;2.7;2.2;2.7;2.3;2.9;2.4;2.7;;;2.4;2.7;3.6;3.6
8742;Totaal mannen en vrouwen;0;3;0;Vier jaar na afstuderen;9000e Milieu, cultuur, recreatie en ..;Cohort 2001/'02;2.4;2.9;2.3;2.8;2.3;2.8;2.4;3.2;2.5;2.9;;;2.5;2.9;1.0;
8743;Totaal mannen en vrouwen;0;3;0;Vier jaar na afstuderen;9000e Milieu, cultuur, recreatie en ..;Cohort 2002/'03;2.5;3.1;2.5;3.1;2.5;3.0;2.9;4.3;2.5;3.0;2.2;;2.6;3.0;;
8744;Totaal mannen en vrouwen;0;3;0;Vier jaar na afstuderen;9000e Milieu, cultuur, recreatie en ..;Cohort 2003/'04;2.6;3.0;2.5;3.0;2.5;2.9;2.4;3.8;2.7;3.1;2.3;2.8;2.7;3.1;1.9;2.0
8745;Totaal mannen en vrouwen;0;3;0;Vier jaar na afstuderen;Onbekend;Cohort 1999/'00;2.7;3.2;2.0;2.2;2.2;2.5;1.0;1.0;3.4;4.0;;;3.4;4.0;;
8746;Totaal mannen en vrouwen;0;3;0;Vier jaar na afstuderen;Onbekend;Cohort 2000/'01;1.8;2.2;2.6;2.6;2.6;2.6;;;1.6;2.0;;;1.6;2.0;;
8747;Totaal mannen en vrouwen;0;3;0;Vier jaar na afstuderen;Onbekend;Cohort 2001/'02;4.1;4.1;3.2;3.2;3.2;3.2;;;4.9;4.9;;;4.9;4.9;;
8748;Totaal mannen en vrouwen;0;3;0;Vier jaar na afstuderen;Onbekend;Cohort 2002/'03;8.6;8.6;;;;;;;8.6;8.6;;;8.6;8.6;;
8749;Totaal mannen en vrouwen;0;3;0;Vier jaar na afstuderen;Onbekend;Cohort 2003/'04;3.3;3.2;3.6;;3.6;;;;3.2;3.2;;;3.2;3.2;;
8750;Totaal mannen en vrouwen;0;3;0;Vijf jaar na afstuderen;0;Cohort 1999/'00;2.5;2.9;2.3;2.7;2.3;2.7;1.8;2.8;2.7;3.0;;;2.7;3.0;2.9;3.1
8751;Totaal mannen en vrouwen;0;3;0;Vijf jaar na afstuderen;0;Cohort 2000/'01;2.7;3.1;2.6;3.0;2.6;3.0;2.4;3.2;2.8;3.2;1.8;1.8;2.8;3.2;3.4;3.2
8752;Totaal mannen en vrouwen;0;3;0;Vijf jaar na afstuderen;0;Cohort 2001/'02;2.7;3.2;2.5;3.0;2.5;3.0;2.2;2.9;2.9;3.4;2.8;3.0;2.9;3.4;3.1;3.9
8753;Totaal mannen en vrouwen;0;3;0;Vijf jaar na afstuderen;0;Cohort 2002/'03;2.9;3.3;2.7;3.1;2.7;3.1;2.6;3.7;3.0;3.5;2.4;3.1;3.0;3.5;2.9;3.2
8754;Totaal mannen en vrouwen;0;3;0;Vijf jaar na afstuderen;0;Cohort 2003/'04;;;;;;;;;;;;;;;;
8755;Totaal mannen en vrouwen;0;3;0;Vijf jaar na afstuderen;1;Cohort 1999/'00;1.8;2.0;1.8;1.3;1.8;1.3;;;1.7;2.7;;;1.7;2.7;;
8756;Totaal mannen en vrouwen;0;3;0;Vijf jaar na afstuderen;1;Cohort 2000/'01;2.4;2.6;2.8;3.3;2.8;3.3;;;1.7;1.3;;;1.7;1.3;;
8757;Totaal mannen en vrouwen;0;3;0;Vijf jaar na afstuderen;1;Cohort 2001/'02;2.2;2.4;2.3;2.2;2.3;2.2;;;2.0;2.9;;;2.0;2.9;;
8758;Totaal mannen en vrouwen;0;3;0;Vijf jaar na afstuderen;1;Cohort 2002/'03;2.4;3.1;2.1;1.9;2.1;1.9;;;2.5;3.5;;;2.5;3.5;;
8759;Totaal mannen en vrouwen;0;3;0;Vijf jaar na afstuderen;1;Cohort 2003/'04;;;;;;;;;;;;;;;;
8760;Totaal mannen en vrouwen;0;3;0;Vijf jaar na afstuderen;2;Cohort 1999/'00;2.6;2.8;2.4;2.7;2.4;2.7;;;2.8;3.0;;;2.8;3.0;3.5;3.5
8761;Totaal mannen en vrouwen;0;3;0;Vijf jaar na afstuderen;2;Cohort 2000/'01;2.9;3.1;2.7;2.9;2.7;2.9;1.9;1.9;3.1;3.3;;;3.1;3.3;;
8762;Totaal mannen en vrouwen;0;3;0;Vijf jaar na afstuderen;2;Cohort 2001/'02;2.8;3.1;2.7;2.9;2.7;2.9;2.5;2.5;3.1;3.5;;;3.1;3.5;;
8763;Totaal mannen en vrouwen;0;3;0;Vijf jaar na afstuderen;2;Cohort 2002/'03;3.1;3.4;2.9;3.1;2.9;3.1;;;3.5;3.8;0.8;;3.5;3.9;3.7;3.7
8764;Totaal mannen en vrouwen;0;3;0;Vijf jaar na afstuderen;2;Cohort 2003/'04;;;;;;;;;;;;;;;;
8765;Totaal mannen en vrouwen;0;3;0;Vijf jaar na afstuderen;3;Cohort 1999/'00;2.3;2.6;2.1;2.5;2.1;2.5;1.5;1.8;2.7;3.0;;;2.7;3.0;;
8766;Totaal mannen en vrouwen;0;3;0;Vijf jaar na afstuderen;3;Cohort 2000/'01;2.5;3.0;2.4;2.9;2.4;2.9;2.6;3.0;2.8;3.3;;;2.8;3.3;;
8767;Totaal mannen en vrouwen;0;3;0;Vijf jaar na afstuderen;3;Cohort 2001/'02;2.5;3.0;2.4;2.8;2.4;2.8;2.8;2.8;2.8;3.2;;;2.8;3.2;;
8768;Totaal mannen en vrouwen;0;3;0;Vijf jaar na afstuderen;3;Cohort 2002/'03;2.8;3.3;2.6;3.1;2.6;3.1;2.5;2.7;3.1;3.5;2.0;2.3;3.1;3.5;2.9;2.9
8769;Totaal mannen en vrouwen;0;3;0;Vijf jaar na afstuderen;3;Cohort 2003/'04;;;;;;;;;;;;;;;;
8770;Totaal mannen en vrouwen;0;3;0;Vijf jaar na afstuderen;4;Cohort 1999/'00;1.4;2.1;1.4;2.1;1.4;2.1;;;1.5;2.1;;;1.5;2.1;;
8771;Totaal mannen en vrouwen;0;3;0;Vijf jaar na afstuderen;4;Cohort 2000/'01;1.9;2.6;1.8;2.4;1.7;2.4;2.7;2.7;2.2;3.0;;;2.2;3.0;;
8772;Totaal mannen en vrouwen;0;3;0;Vijf jaar na afstuderen;4;Cohort 2001/'02;1.8;3.2;1.6;3.5;1.7;3.5;1.0;;2.0;3.1;;;2.0;3.1;;
8773;Totaal mannen en vrouwen;0;3;0;Vijf jaar na afstuderen;4;Cohort 2002/'03;1.9;2.6;1.9;2.5;1.9;2.5;2.1;;1.8;2.6;;;1.8;2.6;;
8774;Totaal mannen en vrouwen;0;3;0;Vijf jaar na afstuderen;4;Cohort 2003/'04;;;;;;;;;;;;;;;;
8775;Totaal mannen en vrouwen;0;3;0;Vijf jaar na afstuderen;5;Cohort 1999/'00;2.6;2.9;2.4;2.7;2.4;2.7;0.5;;2.9;3.1;;;2.9;3.1;;
8776;Totaal mannen en vrouwen;0;3;0;Vijf jaar na afstuderen;5;Cohort 2000/'01;2.6;3.0;2.5;3.0;2.6;3.0;0.5;;2.6;3.1;;;2.6;3.1;;
8777;Totaal mannen en vrouwen;0;3;0;Vijf jaar na afstuderen;5;Cohort 2001/'02;2.7;3.1;2.6;3.0;2.6;3.0;1.0;;3.0;3.3;;;3.0;3.3;;
8778;Totaal mannen en vrouwen;0;3;0;Vijf jaar na afstuderen;5;Cohort 2002/'03;2.8;3.1;2.7;2.9;2.7;2.9;;;3.0;3.4;2.0;;3.0;3.4;;
8779;Totaal mannen en vrouwen;0;3;0;Vijf jaar na afstuderen;5;Cohort 2003/'04;;;;;;;;;;;;;;;;
8780;Totaal mannen en vrouwen;0;3;0;Vijf jaar na afstuderen;6;Cohort 1999/'00;3.2;3.4;2.7;2.9;2.8;2.9;0.6;;3.4;3.7;;;3.4;3.7;;
8781;Totaal mannen en vrouwen;0;3;0;Vijf jaar na afstuderen;6;Cohort 2000/'01;3.4;3.7;3.1;3.3;3.1;3.3;;;3.6;4.0;;;3.6;4.0;;
8782;Totaal mannen en vrouwen;0;3;0;Vijf jaar na afstuderen;6;Cohort 2001/'02;3.4;3.7;2.9;3.3;3.0;3.3;2.2;;3.8;4.0;;;3.8;4.1;3.5;3.5
8783;Totaal mannen en vrouwen;0;3;0;Vijf jaar na afstuderen;6;Cohort 2002/'03;3.5;3.8;3.2;3.3;3.2;3.3;;;3.9;4.3;;;3.9;4.3;;
8784;Totaal mannen en vrouwen;0;3;0;Vijf jaar na afstuderen;6;Cohort 2003/'04;;;;;;;;;;;;;;;;
8785;Totaal mannen en vrouwen;0;3;0;Vijf jaar na afstuderen;7;Cohort 1999/'00;2.7;2.9;2.5;2.7;2.5;2.7;2.9;3.0;2.8;3.1;;;2.8;3.1;2.8;2.8
8786;Totaal mannen en vrouwen;0;3;0;Vijf jaar na afstuderen;7;Cohort 2000/'01;2.9;3.2;2.7;3.0;2.7;3.0;2.6;3.0;3.0;3.4;;;3.0;3.4;4.6;
8787;Totaal mannen en vrouwen;0;3;0;Vijf jaar na afstuderen;7;Cohort 2001/'02;3.1;3.3;2.9;3.1;2.9;3.1;2.7;2.8;3.3;3.5;2.8;2.8;3.3;3.5;;
8788;Totaal mannen en vrouwen;0;3;0;Vijf jaar na afstuderen;7;Cohort 2002/'03;3.1;3.5;2.9;3.2;2.9;3.2;2.6;4.1;3.4;3.7;2.2;2.4;3.4;3.7;3.4;3.6
8789;Totaal mannen en vrouwen;0;3;0;Vijf jaar na afstuderen;7;Cohort 2003/'04;;;;;;;;;;;;;;;;
8790;Totaal mannen en vrouwen;0;3;0;Vijf jaar na afstuderen;8;Cohort 1999/'00;2.2;2.7;1.9;2.5;1.9;2.5;1.2;;2.4;2.8;;;2.4;2.8;;
8791;Totaal mannen en vrouwen;0;3;0;Vijf jaar na afstuderen;8;Cohort 2000/'01;2.4;3.2;2.3;3.1;2.3;3.1;3.2;3.7;2.5;3.3;;;2.5;3.3;;
8792;Totaal mannen en vrouwen;0;3;0;Vijf jaar na afstuderen;8;Cohort 2001/'02;2.4;3.3;2.1;3.1;2.1;3.1;1.7;;2.7;3.5;;;2.7;3.5;;
8793;Totaal mannen en vrouwen;0;3;0;Vijf jaar na afstuderen;8;Cohort 2002/'03;2.5;3.3;2.3;3.0;2.3;3.0;1.9;2.3;2.8;3.6;2.3;4.3;2.8;3.5;1.6;
8794;Totaal mannen en vrouwen;0;3;0;Vijf jaar na afstuderen;8;Cohort 2003/'04;;;;;;;;;;;;;;;;
8795;Totaal mannen en vrouwen;0;3;0;Vijf jaar na afstuderen;9;Cohort 1999/'00;2.9;3.1;2.6;2.9;2.6;2.9;0.6;;3.0;3.2;;;3.0;3.2;3.2;3.2
8796;Totaal mannen en vrouwen;0;3;0;Vijf jaar na afstuderen;9;Cohort 2000/'01;3.0;3.2;2.8;3.1;2.8;3.1;2.3;2.8;3.1;3.3;;;3.1;3.3;;
8797;Totaal mannen en vrouwen;0;3;0;Vijf jaar na afstuderen;9;Cohort 2001/'02;3.0;3.3;2.7;2.9;2.7;2.9;2.0;3.4;3.2;3.4;3.5;3.5;3.2;3.4;4.2;5.2
8798;Totaal mannen en vrouwen;0;3;0;Vijf jaar na afstuderen;9;Cohort 2002/'03;3.2;3.4;2.9;3.2;3.0;3.2;2.6;2.8;3.3;3.5;4.4;4.4;3.3;3.5;3.4;3.6
8799;Totaal mannen en vrouwen;0;3;0;Vijf jaar na afstuderen;9;Cohort 2003/'04;;;;;;;;;;;;;;;;
8800;Totaal mannen en vrouwen;0;3;0;Vijf jaar na afstuderen;M Onderwijs;Cohort 1999/'00;2.3;2.8;2.0;2.6;2.1;2.6;1.6;3.2;2.4;2.8;;;2.4;2.8;2.8;3.2
8801;Totaal mannen en vrouwen;0;3;0;Vijf jaar na afstuderen;M Onderwijs;Cohort 2000/'01;2.4;2.9;2.2;2.6;2.2;2.6;2.0;3.1;2.4;2.9;1.8;1.8;2.4;2.9;2.7;2.7
8802;Totaal mannen en vrouwen;0;3;0;Vijf jaar na afstuderen;M Onderwijs;Cohort 2001/'02;2.5;3.1;2.2;2.7;2.2;2.7;1.7;2.6;2.6;3.1;2.3;2.6;2.6;3.1;2.3;3.1
8803;Totaal mannen en vrouwen;0;3;0;Vijf jaar na afstuderen;M Onderwijs;Cohort 2002/'03;2.6;3.1;2.2;2.8;2.2;2.8;1.8;2.8;2.7;3.1;2.3;3.0;2.7;3.1;2.7;2.9
8804;Totaal mannen en vrouwen;0;3;0;Vijf jaar na afstuderen;M Onderwijs;Cohort 2003/'04;;;;;;;;;;;;;;;;
8805;Totaal mannen en vrouwen;0;3;0;Vijf jaar na afstuderen;N Gezondheids- en welzijnszorg;Cohort 1999/'00;2.3;2.8;2.0;2.4;2.0;2.4;1.5;;2.4;2.9;;;2.4;2.9;;
8806;Totaal mannen en vrouwen;0;3;0;Vijf jaar na afstuderen;N Gezondheids- en welzijnszorg;Cohort 2000/'01;2.4;2.9;2.0;2.5;2.0;2.5;1.4;;2.6;3.0;;;2.6;3.0;3.1;3.1
8807;Totaal mannen en vrouwen;0;3;0;Vijf jaar na afstuderen;N Gezondheids- en welzijnszorg;Cohort 2001/'02;2.5;3.1;2.1;2.7;2.1;2.7;1.8;1.9;2.7;3.2;;;2.7;3.2;3.5;3.5
8808;Totaal mannen en vrouwen;0;3;0;Vijf jaar na afstuderen;N Gezondheids- en welzijnszorg;Cohort 2002/'03;2.7;3.2;2.2;2.8;2.2;2.8;1.8;2.3;2.8;3.3;2.1;2.8;2.8;3.3;;
8809;Totaal mannen en vrouwen;0;3;0;Vijf jaar na afstuderen;N Gezondheids- en welzijnszorg;Cohort 2003/'04;;;;;;;;;;;;;;;;
8810;Totaal mannen en vrouwen;0;3;0;Vijf jaar na afstuderen;9000e Milieu, cultuur, recreatie en ..;Cohort 1999/'00;2.4;2.8;2.3;2.7;2.3;2.7;1.9;2.9;2.5;2.9;;;2.5;2.9;;
8811;Totaal mannen en vrouwen;0;3;0;Vijf jaar na afstuderen;9000e Milieu, cultuur, recreatie en ..;Cohort 2000/'01;2.6;3.2;2.6;3.2;2.6;3.2;2.4;3.6;2.6;3.1;;;2.6;3.1;4.1;4.1
8812;Totaal mannen en vrouwen;0;3;0;Vijf jaar na afstuderen;9000e Milieu, cultuur, recreatie en ..;Cohort 2001/'02;2.6;3.2;2.5;3.1;2.5;3.1;2.3;3.1;2.7;3.2;;;2.7;3.2;1.8;
8813;Totaal mannen en vrouwen;0;3;0;Vijf jaar na afstuderen;9000e Milieu, cultuur, recreatie en ..;Cohort 2002/'03;2.7;3.2;2.7;3.3;2.6;3.2;3.1;4.6;2.7;3.2;2.6;3.4;2.8;3.2;;
8814;Totaal mannen en vrouwen;0;3;0;Vijf jaar na afstuderen;9000e Milieu, cultuur, recreatie en ..;Cohort 2003/'04;;;;;;;;;;;;;;;;
8815;Totaal mannen en vrouwen;0;3;0;Vijf jaar na afstuderen;Onbekend;Cohort 1999/'00;3.2;3.3;2.8;3.0;2.8;3.0;;;4.0;4.0;;;4.0;4.0;;
8816;Totaal mannen en vrouwen;0;3;0;Vijf jaar na afstuderen;Onbekend;Cohort 2000/'01;2.9;2.9;;;;;;;2.9;2.9;;;2.9;2.9;;
8817;Totaal mannen en vrouwen;0;3;0;Vijf jaar na afstuderen;Onbekend;Cohort 2001/'02;0.9;1.1;0.8;;0.8;;;;1.0;1.1;;;1.0;1.1;;
8818;Totaal mannen en vrouwen;0;3;0;Vijf jaar na afstuderen;Onbekend;Cohort 2002/'03;2.7;3.6;2.7;4.1;2.7;4.1;;;2.7;3.1;;;2.7;3.1;;
8819;Totaal mannen en vrouwen;0;3;0;Vijf jaar na afstuderen;Onbekend;Cohort 2003/'04;;;;;;;;;;;;;;;;
8820;Totaal mannen en vrouwen;0;3;1;Direct na afstuderen;0;Cohort 1999/'00;1.3;;1.2;;1.2;;0.9;;1.3;;;;1.3;;1.6;
8821;Totaal mannen en vrouwen;0;3;1;Direct na afstuderen;0;Cohort 2000/'01;1.3;1.8;1.2;1.7;1.2;1.7;1.1;1.8;1.4;1.9;;;1.4;1.9;1.5;1.9
8822;Totaal mannen en vrouwen;0;3;1;Direct na afstuderen;0;Cohort 2001/'02;1.3;1.9;1.2;1.8;1.2;1.8;1.1;2.2;1.4;2.0;0.4;;1.4;2.0;1.8;2.0
8823;Totaal mannen en vrouwen;0;3;1;Direct na afstuderen;0;Cohort 2002/'03;1.3;1.9;1.2;1.8;1.2;1.8;1.2;2.0;1.4;2.0;1.5;2.0;1.4;2.0;1.3;2.1
8824;Totaal mannen en vrouwen;0;3;1;Direct na afstuderen;0;Cohort 2003/'04;1.3;2.0;1.2;1.8;1.2;1.8;1.0;2.0;1.4;2.1;1.4;2.1;1.4;2.1;1.3;1.7
8825;Totaal mannen en vrouwen;0;3;1;Direct na afstuderen;1;Cohort 1999/'00;1.1;;1.1;;1.1;;;;1.0;;;;1.0;;;
8826;Totaal mannen en vrouwen;0;3;1;Direct na afstuderen;1;Cohort 2000/'01;0.7;;0.9;;0.9;;;;0.7;;;;0.7;;;
8827;Totaal mannen en vrouwen;0;3;1;Direct na afstuderen;1;Cohort 2001/'02;0.9;1.9;0.5;;0.5;;;;1.3;1.9;;;1.3;1.9;;
8828;Totaal mannen en vrouwen;0;3;1;Direct na afstuderen;1;Cohort 2002/'03;1.0;1.6;1.1;1.4;1.1;1.4;;;0.9;2.2;;;0.9;2.2;;
8829;Totaal mannen en vrouwen;0;3;1;Direct na afstuderen;1;Cohort 2003/'04;0.8;1.5;0.8;2.2;0.8;2.2;;;0.8;1.2;;;0.8;1.2;;
8830;Totaal mannen en vrouwen;0;3;1;Direct na afstuderen;2;Cohort 1999/'00;1.5;;1.5;;1.5;;;;1.5;;;;1.5;;2.0;
8831;Totaal mannen en vrouwen;0;3;1;Direct na afstuderen;2;Cohort 2000/'01;1.6;1.9;1.6;1.9;1.6;1.9;0.5;;1.7;2.0;;;1.7;2.0;;
8832;Totaal mannen en vrouwen;0;3;1;Direct na afstuderen;2;Cohort 2001/'02;1.5;1.9;1.5;1.9;1.5;1.9;;;1.6;2.1;;;1.6;2.1;1.7;2.1
8833;Totaal mannen en vrouwen;0;3;1;Direct na afstuderen;2;Cohort 2002/'03;1.5;1.9;1.6;1.9;1.6;1.9;1.0;1.6;1.4;1.9;0.9;;1.4;1.9;;
8834;Totaal mannen en vrouwen;0;3;1;Direct na afstuderen;2;Cohort 2003/'04;1.5;1.9;1.5;1.8;1.5;1.8;1.7;1.7;1.5;2.0;1.9;1.8;1.5;2.0;;
8835;Totaal mannen en vrouwen;0;3;1;Direct na afstuderen;3;Cohort 1999/'00;1.0;;1.0;;1.0;;0.9;;1.0;;;;1.0;;;
8836;Totaal mannen en vrouwen;0;3;1;Direct na afstuderen;3;Cohort 2000/'01;1.0;1.7;1.0;1.7;1.0;1.7;0.6;1.2;1.0;1.8;;;1.0;1.8;;
8837;Totaal mannen en vrouwen;0;3;1;Direct na afstuderen;3;Cohort 2001/'02;1.0;1.8;1.0;1.7;1.0;1.7;0.8;1.7;1.0;1.8;;;1.0;1.8;0.6;
8838;Totaal mannen en vrouwen;0;3;1;Direct na afstuderen;3;Cohort 2002/'03;1.0;1.7;1.0;1.7;1.0;1.7;1.0;1.6;1.0;1.8;0.6;;1.0;1.8;;
8839;Totaal mannen en vrouwen;0;3;1;Direct na afstuderen;3;Cohort 2003/'04;1.0;1.7;1.0;1.7;1.0;1.6;1.1;2.2;1.1;1.8;1.3;2.4;1.1;1.8;1.6;
8840;Totaal mannen en vrouwen;0;3;1;Direct na afstuderen;4;Cohort 1999/'00;0.6;;0.6;;0.6;;0.4;;0.6;;;;0.6;;;
8841;Totaal mannen en vrouwen;0;3;1;Direct na afstuderen;4;Cohort 2000/'01;0.7;1.6;0.7;1.4;0.7;1.4;0.9;;0.8;1.7;;;0.8;1.7;;
8842;Totaal mannen en vrouwen;0;3;1;Direct na afstuderen;4;Cohort 2001/'02;0.7;1.4;0.7;1.4;0.7;1.4;0.6;;0.8;1.4;;;0.8;1.4;;
8843;Totaal mannen en vrouwen;0;3;1;Direct na afstuderen;4;Cohort 2002/'03;0.8;1.7;0.8;1.7;0.8;1.7;1.3;;0.8;1.7;0.7;;0.8;1.7;;
8844;Totaal mannen en vrouwen;0;3;1;Direct na afstuderen;4;Cohort 2003/'04;0.8;1.5;0.7;1.5;0.7;1.5;0.7;1.0;0.8;1.6;0.7;;0.8;1.6;;
8845;Totaal mannen en vrouwen;0;3;1;Direct na afstuderen;5;Cohort 1999/'00;1.2;;1.1;;1.1;;;;1.3;;;;1.3;;;
8846;Totaal mannen en vrouwen;0;3;1;Direct na afstuderen;5;Cohort 2000/'01;1.2;1.7;1.2;1.6;1.2;1.6;;;1.2;1.9;;;1.2;1.9;0.1;
8847;Totaal mannen en vrouwen;0;3;1;Direct na afstuderen;5;Cohort 2001/'02;1.1;1.9;1.0;1.9;1.0;1.9;0.9;;1.1;2.0;;;1.1;2.0;;
8848;Totaal mannen en vrouwen;0;3;1;Direct na afstuderen;5;Cohort 2002/'03;1.0;2.0;0.9;1.8;0.9;1.8;;;1.1;2.1;;;1.1;2.1;;
8849;Totaal mannen en vrouwen;0;3;1;Direct na afstuderen;5;Cohort 2003/'04;1.1;2.0;1.0;2.0;1.0;2.0;;;1.1;2.1;1.3;2.6;1.1;2.1;;
8850;Totaal mannen en vrouwen;0;3;1;Direct na afstuderen;6;Cohort 1999/'00;1.8;;1.6;;1.6;;0.5;;2.0;;;;2.0;;;
8851;Totaal mannen en vrouwen;0;3;1;Direct na afstuderen;6;Cohort 2000/'01;1.7;2.0;1.4;1.7;1.4;1.7;;;1.8;2.1;;;1.8;2.1;;
8852;Totaal mannen en vrouwen;0;3;1;Direct na afstuderen;6;Cohort 2001/'02;1.6;2.0;1.5;1.8;1.5;1.8;;;1.7;2.3;;;1.7;2.3;;
8853;Totaal mannen en vrouwen;0;3;1;Direct na afstuderen;6;Cohort 2002/'03;1.7;2.1;1.4;1.7;1.4;1.7;;;1.9;2.5;1.7;1.7;1.9;2.5;;
8854;Totaal mannen en vrouwen;0;3;1;Direct na afstuderen;6;Cohort 2003/'04;1.6;2.1;1.4;2.0;1.4;2.0;0.6;;1.7;2.1;1.8;1.8;1.7;2.1;;
8855;Totaal mannen en vrouwen;0;3;1;Direct na afstuderen;7;Cohort 1999/'00;1.5;;1.4;;1.4;;1.2;;1.6;;;;1.6;;0.7;
8856;Totaal mannen en vrouwen;0;3;1;Direct na afstuderen;7;Cohort 2000/'01;1.5;1.9;1.4;1.7;1.4;1.7;1.3;1.5;1.6;2.0;;;1.6;2.0;2.4;2.4
8857;Totaal mannen en vrouwen;0;3;1;Direct na afstuderen;7;Cohort 2001/'02;1.5;1.9;1.3;1.7;1.3;1.7;1.2;1.6;1.6;2.0;;;1.6;2.0;;
8858;Totaal mannen en vrouwen;0;3;1;Direct na afstuderen;7;Cohort 2002/'03;1.5;1.9;1.4;1.7;1.4;1.7;1.0;;1.6;2.1;1.7;1.4;1.6;2.1;2.3;2.3
8859;Totaal mannen en vrouwen;0;3;1;Direct na afstuderen;7;Cohort 2003/'04;1.5;1.9;1.4;1.8;1.4;1.8;1.5;1.9;1.6;2.0;1.6;2.3;1.6;2.0;0.0;
8860;Totaal mannen en vrouwen;0;3;1;Direct na afstuderen;8;Cohort 1999/'00;1.1;;1.1;;1.1;;0.7;;1.1;;;;1.1;;1.3;
8861;Totaal mannen en vrouwen;0;3;1;Direct na afstuderen;8;Cohort 2000/'01;1.2;1.7;1.1;1.7;1.2;1.7;1.0;2.3;1.2;1.7;;;1.2;1.7;;
8862;Totaal mannen en vrouwen;0;3;1;Direct na afstuderen;8;Cohort 2001/'02;1.2;1.7;1.1;1.6;1.1;1.6;0.8;;1.2;1.8;0.4;;1.2;1.8;;
8863;Totaal mannen en vrouwen;0;3;1;Direct na afstuderen;8;Cohort 2002/'03;1.2;1.9;1.1;1.8;1.1;1.8;0.9;1.4;1.3;1.9;1.1;1.6;1.3;1.9;1.3;
8864;Totaal mannen en vrouwen;0;3;1;Direct na afstuderen;8;Cohort 2003/'04;1.3;1.8;1.2;1.8;1.2;1.8;0.5;;1.3;1.8;1.2;1.2;1.3;1.8;;
8865;Totaal mannen en vrouwen;0;3;1;Direct na afstuderen;9;Cohort 1999/'00;1.4;;1.0;;1.0;;0.5;;1.6;;;;1.6;;1.8;
8866;Totaal mannen en vrouwen;0;3;1;Direct na afstuderen;9;Cohort 2000/'01;1.6;1.9;1.2;1.8;1.2;1.7;1.5;2.4;1.8;2.0;;;1.8;2.0;;
8867;Totaal mannen en vrouwen;0;3;1;Direct na afstuderen;9;Cohort 2001/'02;1.6;2.1;1.1;2.0;1.2;2.0;1.0;2.1;2.0;2.1;;;2.0;2.1;2.3;2.2
8868;Totaal mannen en vrouwen;0;3;1;Direct na afstuderen;9;Cohort 2002/'03;1.2;2.3;0.7;2.0;0.7;1.9;1.2;2.1;1.7;2.4;2.7;3.1;1.7;2.4;1.5;
8869;Totaal mannen en vrouwen;0;3;1;Direct na afstuderen;9;Cohort 2003/'04;1.5;2.4;1.0;2.1;1.0;2.0;0.9;2.8;2.0;2.5;2.1;2.5;2.0;2.5;;
8870;Totaal mannen en vrouwen;0;3;1;Direct na afstuderen;M Onderwijs;Cohort 1999/'00;1.2;;0.9;;0.9;;0.8;;1.3;;;;1.3;;2.2;
8871;Totaal mannen en vrouwen;0;3;1;Direct na afstuderen;M Onderwijs;Cohort 2000/'01;1.3;1.7;1.3;1.8;1.3;1.8;1.7;1.1;1.4;1.6;;;1.4;1.6;1.3;1.3
8872;Totaal mannen en vrouwen;0;3;1;Direct na afstuderen;M Onderwijs;Cohort 2001/'02;1.5;1.9;1.3;1.8;1.3;1.8;1.1;;1.5;1.9;;;1.5;1.9;1.6;1.7
8873;Totaal mannen en vrouwen;0;3;1;Direct na afstuderen;M Onderwijs;Cohort 2002/'03;1.3;2.0;1.2;1.6;1.2;1.6;0.8;;1.3;2.0;1.8;2.0;1.3;2.0;1.1;2.1
8874;Totaal mannen en vrouwen;0;3;1;Direct na afstuderen;M Onderwijs;Cohort 2003/'04;1.5;2.3;1.3;2.3;1.3;2.3;1.2;;1.6;2.3;1.8;2.0;1.6;2.3;1.5;2.1
8875;Totaal mannen en vrouwen;0;3;1;Direct na afstuderen;N Gezondheids- en welzijnszorg;Cohort 1999/'00;1.2;;0.9;;1.0;;0.3;;1.3;;;;1.3;;;
8876;Totaal mannen en vrouwen;0;3;1;Direct na afstuderen;N Gezondheids- en welzijnszorg;Cohort 2000/'01;1.3;1.8;1.1;1.7;1.1;1.7;1.2;1.3;1.4;1.9;;;1.4;1.9;;
8877;Totaal mannen en vrouwen;0;3;1;Direct na afstuderen;N Gezondheids- en welzijnszorg;Cohort 2001/'02;1.4;2.1;1.2;1.8;1.2;1.8;1.2;1.6;1.5;2.1;;;1.5;2.1;2.8;2.8
8878;Totaal mannen en vrouwen;0;3;1;Direct na afstuderen;N Gezondheids- en welzijnszorg;Cohort 2002/'03;1.4;2.0;1.3;1.9;1.3;1.9;0.8;;1.4;2.1;1.8;1.7;1.4;2.1;;
8879;Totaal mannen en vrouwen;0;3;1;Direct na afstuderen;N Gezondheids- en welzijnszorg;Cohort 2003/'04;1.3;2.1;1.1;1.8;1.1;1.8;0.8;;1.4;2.2;1.0;;1.4;2.2;1.3;
8880;Totaal mannen en vrouwen;0;3;1;Direct na afstuderen;9000e Milieu, cultuur, recreatie en ..;Cohort 1999/'00;1.4;;1.3;;1.3;;1.0;;1.4;;;;1.4;;;
8881;Totaal mannen en vrouwen;0;3;1;Direct na afstuderen;9000e Milieu, cultuur, recreatie en ..;Cohort 2000/'01;1.4;1.9;1.4;1.8;1.4;1.8;1.2;2.2;1.5;1.9;;;1.5;1.9;1.6;
8882;Totaal mannen en vrouwen;0;3;1;Direct na afstuderen;9000e Milieu, cultuur, recreatie en ..;Cohort 2001/'02;1.5;2.0;1.4;1.9;1.5;1.9;1.3;2.4;1.5;2.0;;;1.5;2.0;;
8883;Totaal mannen en vrouwen;0;3;1;Direct na afstuderen;9000e Milieu, cultuur, recreatie en ..;Cohort 2002/'03;1.4;1.9;1.3;1.9;1.3;1.9;1.4;2.2;1.4;1.9;1.7;;1.4;1.9;;
8884;Totaal mannen en vrouwen;0;3;1;Direct na afstuderen;9000e Milieu, cultuur, recreatie en ..;Cohort 2003/'04;1.3;2.0;1.3;2.0;1.3;2.0;1.0;2.1;1.5;2.0;1.8;2.8;1.5;1.9;1.3;1.3
8885;Totaal mannen en vrouwen;0;3;1;Direct na afstuderen;Onbekend;Cohort 1999/'00;;;;;;;;;;;;;;;;
8886;Totaal mannen en vrouwen;0;3;1;Direct na afstuderen;Onbekend;Cohort 2000/'01;1.5;3.2;0.2;;0.2;;;;2.2;3.2;;;2.2;3.2;;
8887;Totaal mannen en vrouwen;0;3;1;Direct na afstuderen;Onbekend;Cohort 2001/'02;1.0;1.8;1.1;1.8;1.1;1.8;;;0.9;2.2;;;0.9;2.2;;
8888;Totaal mannen en vrouwen;0;3;1;Direct na afstuderen;Onbekend;Cohort 2002/'03;1.2;1.8;0.6;;0.6;;;;1.8;1.8;;;1.8;1.8;;
8889;Totaal mannen en vrouwen;0;3;1;Direct na afstuderen;Onbekend;Cohort 2003/'04;0.9;3.1;0.5;;0.5;;;;1.1;3.1;;;1.1;3.1;;
8890;Totaal mannen en vrouwen;0;3;1;Één jaar na afstuderen;0;Cohort 1999/'00;1.8;2.1;1.7;2.0;1.7;2.0;1.2;1.8;1.9;2.1;;;1.9;2.1;1.7;1.9
8891;Totaal mannen en vrouwen;0;3;1;Één jaar na afstuderen;0;Cohort 2000/'01;1.8;2.1;1.7;2.0;1.7;2.0;1.4;2.3;1.9;2.2;;;1.9;2.2;2.0;2.2
8892;Totaal mannen en vrouwen;0;3;1;Één jaar na afstuderen;0;Cohort 2001/'02;1.8;2.1;1.7;2.0;1.7;2.0;1.5;2.1;1.9;2.3;0.6;;1.9;2.3;2.1;2.3
8893;Totaal mannen en vrouwen;0;3;1;Één jaar na afstuderen;0;Cohort 2002/'03;1.8;2.1;1.6;2.0;1.7;2.0;1.3;2.4;1.9;2.2;1.7;2.1;1.9;2.2;1.9;2.1
8894;Totaal mannen en vrouwen;0;3;1;Één jaar na afstuderen;0;Cohort 2003/'04;1.9;2.2;1.7;2.1;1.8;2.0;1.4;2.2;1.9;2.3;1.9;2.3;1.9;2.3;1.9;2.4
8895;Totaal mannen en vrouwen;0;3;1;Één jaar na afstuderen;1;Cohort 1999/'00;1.1;2.5;1.1;;1.1;;;;1.2;2.5;;;1.2;2.5;;
8896;Totaal mannen en vrouwen;0;3;1;Één jaar na afstuderen;1;Cohort 2000/'01;1.2;;1.4;;1.4;;;;0.8;;;;0.8;;;
8897;Totaal mannen en vrouwen;0;3;1;Één jaar na afstuderen;1;Cohort 2001/'02;1.4;1.4;1.1;;1.1;;;;1.6;1.4;;;1.6;1.4;;
8898;Totaal mannen en vrouwen;0;3;1;Één jaar na afstuderen;1;Cohort 2002/'03;1.5;1.9;1.4;1.8;1.4;1.8;;;1.5;2.0;;;1.5;2.0;;
8899;Totaal mannen en vrouwen;0;3;1;Één jaar na afstuderen;1;Cohort 2003/'04;1.6;2.3;1.4;2.5;1.4;2.5;;;1.8;2.2;;;1.8;2.2;;
8900;Totaal mannen en vrouwen;0;3;1;Één jaar na afstuderen;2;Cohort 1999/'00;2.0;2.1;2.0;2.0;2.0;2.0;;;2.0;2.1;;;2.0;2.1;2.4;2.4
8901;Totaal mannen en vrouwen;0;3;1;Één jaar na afstuderen;2;Cohort 2000/'01;2.0;2.2;2.0;2.1;2.0;2.1;1.7;1.7;2.0;2.2;;;2.0;2.2;;
8902;Totaal mannen en vrouwen;0;3;1;Één jaar na afstuderen;2;Cohort 2001/'02;1.9;2.1;1.8;2.0;1.8;2.0;1.2;1.6;2.1;2.2;;;2.1;2.2;2.1;2.3
8903;Totaal mannen en vrouwen;0;3;1;Één jaar na afstuderen;2;Cohort 2002/'03;2.0;2.2;1.9;2.1;1.9;2.1;1.5;1.5;2.1;2.3;;;2.1;2.3;;
8904;Totaal mannen en vrouwen;0;3;1;Één jaar na afstuderen;2;Cohort 2003/'04;1.9;2.1;1.9;2.0;1.9;2.0;;;1.9;2.2;1.7;1.6;1.9;2.2;;
8905;Totaal mannen en vrouwen;0;3;1;Één jaar na afstuderen;3;Cohort 1999/'00;1.6;1.9;1.4;1.8;1.4;1.8;1.2;2.2;1.8;2.0;;;1.8;2.0;;
8906;Totaal mannen en vrouwen;0;3;1;Één jaar na afstuderen;3;Cohort 2000/'01;1.6;2.0;1.6;1.9;1.5;1.9;2.7;3.6;1.8;2.2;;;1.8;2.2;;
8907;Totaal mannen en vrouwen;0;3;1;Één jaar na afstuderen;3;Cohort 2001/'02;1.6;2.0;1.6;1.9;1.6;1.9;1.8;1.8;1.7;2.2;;;1.7;2.2;;
8908;Totaal mannen en vrouwen;0;3;1;Één jaar na afstuderen;3;Cohort 2002/'03;1.6;2.0;1.6;1.9;1.7;1.9;1.3;1.7;1.6;2.0;0.8;;1.6;2.0;1.8;1.8
8909;Totaal mannen en vrouwen;0;3;1;Één jaar na afstuderen;3;Cohort 2003/'04;1.6;2.0;1.6;1.9;1.6;1.9;2.3;2.3;1.7;2.1;1.9;2.2;1.6;2.1;;
8910;Totaal mannen en vrouwen;0;3;1;Één jaar na afstuderen;4;Cohort 1999/'00;1.1;1.8;1.1;1.9;1.1;1.9;;;1.1;1.8;;;1.1;1.8;0.2;
8911;Totaal mannen en vrouwen;0;3;1;Één jaar na afstuderen;4;Cohort 2000/'01;1.3;1.8;1.2;1.7;1.2;1.7;1.1;;1.4;1.9;;;1.4;1.9;;
8912;Totaal mannen en vrouwen;0;3;1;Één jaar na afstuderen;4;Cohort 2001/'02;1.1;1.7;1.1;1.7;1.1;1.7;1.4;;1.1;1.7;;;1.1;1.7;;
8913;Totaal mannen en vrouwen;0;3;1;Één jaar na afstuderen;4;Cohort 2002/'03;1.2;1.8;1.1;1.8;1.1;1.8;2.0;2.0;1.3;1.7;0.8;;1.3;1.7;;
8914;Totaal mannen en vrouwen;0;3;1;Één jaar na afstuderen;4;Cohort 2003/'04;1.1;1.8;1.2;1.7;1.2;1.7;0.9;1.3;1.1;1.9;1.1;2.0;1.1;1.9;;
8915;Totaal mannen en vrouwen;0;3;1;Één jaar na afstuderen;5;Cohort 1999/'00;1.9;2.2;1.8;2.1;1.8;2.1;1.4;;2.0;2.2;;;2.0;2.2;;
8916;Totaal mannen en vrouwen;0;3;1;Één jaar na afstuderen;5;Cohort 2000/'01;1.8;2.1;1.8;2.1;1.8;2.1;1.6;2.0;1.7;2.1;;;1.7;2.1;;
8917;Totaal mannen en vrouwen;0;3;1;Één jaar na afstuderen;5;Cohort 2001/'02;1.6;2.1;1.6;2.0;1.6;2.0;;;1.6;2.1;;;1.6;2.1;;
8918;Totaal mannen en vrouwen;0;3;1;Één jaar na afstuderen;5;Cohort 2002/'03;1.6;1.9;1.5;1.9;1.5;1.9;0.8;;1.6;2.0;1.0;1.0;1.6;2.0;;
8919;Totaal mannen en vrouwen;0;3;1;Één jaar na afstuderen;5;Cohort 2003/'04;1.7;2.1;1.7;1.9;1.7;1.9;;;1.8;2.2;2.3;2.9;1.8;2.2;;
8920;Totaal mannen en vrouwen;0;3;1;Één jaar na afstuderen;6;Cohort 1999/'00;2.2;2.3;2.1;2.2;2.1;2.2;0.5;;2.3;2.4;;;2.3;2.4;;
8921;Totaal mannen en vrouwen;0;3;1;Één jaar na afstuderen;6;Cohort 2000/'01;2.2;2.3;1.9;2.1;1.9;2.1;;;2.4;2.4;;;2.4;2.4;;
8922;Totaal mannen en vrouwen;0;3;1;Één jaar na afstuderen;6;Cohort 2001/'02;2.1;2.3;2.0;2.1;2.0;2.1;;;2.2;2.4;;;2.2;2.4;;
8923;Totaal mannen en vrouwen;0;3;1;Één jaar na afstuderen;6;Cohort 2002/'03;2.1;2.3;1.8;2.0;1.8;2.0;;;2.3;2.5;2.0;2.0;2.3;2.5;;
8924;Totaal mannen en vrouwen;0;3;1;Één jaar na afstuderen;6;Cohort 2003/'04;2.2;2.3;2.1;2.2;2.1;2.2;1.1;;2.2;2.4;2.2;2.2;2.2;2.4;;
8925;Totaal mannen en vrouwen;0;3;1;Één jaar na afstuderen;7;Cohort 1999/'00;2.0;2.1;1.9;2.0;1.9;2.0;2.0;2.2;2.1;2.2;;;2.1;2.2;1.2;1.7
8926;Totaal mannen en vrouwen;0;3;1;Één jaar na afstuderen;7;Cohort 2000/'01;2.0;2.1;1.8;2.0;1.8;2.0;1.4;1.7;2.1;2.2;;;2.1;2.2;2.7;2.7
8927;Totaal mannen en vrouwen;0;3;1;Één jaar na afstuderen;7;Cohort 2001/'02;1.9;2.1;1.8;2.0;1.8;2.0;0.9;;2.1;2.2;;;2.1;2.2;;
8928;Totaal mannen en vrouwen;0;3;1;Één jaar na afstuderen;7;Cohort 2002/'03;1.9;2.1;1.8;2.0;1.8;2.0;1.7;1.7;2.0;2.2;1.7;;2.0;2.2;2.1;2.2
8929;Totaal mannen en vrouwen;0;3;1;Één jaar na afstuderen;7;Cohort 2003/'04;2.0;2.2;2.0;2.1;2.0;2.1;1.9;2.0;2.1;2.3;2.1;2.3;2.1;2.3;2.4;2.4
8930;Totaal mannen en vrouwen;0;3;1;Één jaar na afstuderen;8;Cohort 1999/'00;1.6;2.0;1.5;1.8;1.5;1.9;0.9;1.4;1.6;2.0;;;1.6;2.0;2.0;2.9
8931;Totaal mannen en vrouwen;0;3;1;Één jaar na afstuderen;8;Cohort 2000/'01;1.6;2.0;1.6;1.9;1.6;1.9;1.0;;1.6;2.0;;;1.6;2.0;0.9;
8932;Totaal mannen en vrouwen;0;3;1;Één jaar na afstuderen;8;Cohort 2001/'02;1.6;2.0;1.6;1.9;1.6;1.9;1.5;1.6;1.7;2.2;;;1.7;2.2;;
8933;Totaal mannen en vrouwen;0;3;1;Één jaar na afstuderen;8;Cohort 2002/'03;1.6;2.0;1.5;1.9;1.5;1.9;1.0;;1.7;2.1;1.2;1.7;1.7;2.1;1.3;
8934;Totaal mannen en vrouwen;0;3;1;Één jaar na afstuderen;8;Cohort 2003/'04;1.7;2.1;1.6;1.9;1.6;1.9;1.5;1.4;1.7;2.2;1.6;1.9;1.7;2.2;0.6;
8935;Totaal mannen en vrouwen;0;3;1;Één jaar na afstuderen;9;Cohort 1999/'00;2.0;2.1;1.7;2.0;1.8;2.0;0.8;1.2;2.1;2.2;;;2.1;2.2;2.4;2.4
8936;Totaal mannen en vrouwen;0;3;1;Één jaar na afstuderen;9;Cohort 2000/'01;1.9;2.2;1.6;2.0;1.6;2.0;1.2;2.5;2.2;2.3;;;2.2;2.3;;
8937;Totaal mannen en vrouwen;0;3;1;Één jaar na afstuderen;9;Cohort 2001/'02;1.9;2.3;1.5;2.0;1.5;2.0;1.6;2.3;2.2;2.6;0.6;;2.2;2.6;3.0;3.3
8938;Totaal mannen en vrouwen;0;3;1;Één jaar na afstuderen;9;Cohort 2002/'03;2.0;2.4;1.5;2.0;1.5;2.0;1.2;2.7;2.4;2.7;3.0;3.4;2.4;2.7;2.1;
8939;Totaal mannen en vrouwen;0;3;1;Één jaar na afstuderen;9;Cohort 2003/'04;2.2;2.4;2.0;2.2;2.0;2.1;1.7;2.8;2.3;2.5;2.6;3.0;2.3;2.5;2.8;2.8
8940;Totaal mannen en vrouwen;0;3;1;Één jaar na afstuderen;M Onderwijs;Cohort 1999/'00;1.7;1.9;1.3;1.7;1.3;1.7;1.3;1.6;1.8;2.0;;;1.8;2.0;2.2;1.5
8941;Totaal mannen en vrouwen;0;3;1;Één jaar na afstuderen;M Onderwijs;Cohort 2000/'01;1.8;1.9;1.7;2.0;1.7;2.0;2.3;3.0;1.8;1.9;;;1.8;1.9;1.6;1.6
8942;Totaal mannen en vrouwen;0;3;1;Één jaar na afstuderen;M Onderwijs;Cohort 2001/'02;1.8;2.2;1.7;2.1;1.7;2.1;1.1;1.9;1.9;2.2;;;1.9;2.2;1.8;1.9
8943;Totaal mannen en vrouwen;0;3;1;Één jaar na afstuderen;M Onderwijs;Cohort 2002/'03;1.9;2.2;1.6;2.0;1.7;2.0;1.0;;1.9;2.2;1.8;1.8;1.9;2.2;1.9;2.0
8944;Totaal mannen en vrouwen;0;3;1;Één jaar na afstuderen;M Onderwijs;Cohort 2003/'04;2.0;2.3;1.8;2.3;1.9;2.3;1.1;2.3;2.0;2.3;2.0;2.5;2.0;2.3;2.1;2.2
8945;Totaal mannen en vrouwen;0;3;1;Één jaar na afstuderen;N Gezondheids- en welzijnszorg;Cohort 1999/'00;1.8;2.1;1.4;1.7;1.4;1.7;0.4;;1.8;2.1;;;1.8;2.1;;
8946;Totaal mannen en vrouwen;0;3;1;Één jaar na afstuderen;N Gezondheids- en welzijnszorg;Cohort 2000/'01;1.8;2.1;1.6;2.0;1.6;2.0;0.8;;1.9;2.2;;;1.9;2.2;;
8947;Totaal mannen en vrouwen;0;3;1;Één jaar na afstuderen;N Gezondheids- en welzijnszorg;Cohort 2001/'02;1.9;2.3;1.8;2.1;1.8;2.1;1.6;1.6;2.0;2.3;;;2.0;2.3;;
8948;Totaal mannen en vrouwen;0;3;1;Één jaar na afstuderen;N Gezondheids- en welzijnszorg;Cohort 2002/'03;1.9;2.3;1.6;2.1;1.6;2.1;0.8;;1.9;2.3;1.5;;1.9;2.3;;
8949;Totaal mannen en vrouwen;0;3;1;Één jaar na afstuderen;N Gezondheids- en welzijnszorg;Cohort 2003/'04;1.8;2.3;1.6;1.9;1.6;1.9;1.0;;1.9;2.4;1.7;2.3;1.9;2.4;1.5;
8950;Totaal mannen en vrouwen;0;3;1;Één jaar na afstuderen;9000e Milieu, cultuur, recreatie en ..;Cohort 1999/'00;1.8;2.1;1.8;2.1;1.8;2.1;1.2;1.8;1.9;2.1;;;1.9;2.1;0.9;0.9
8951;Totaal mannen en vrouwen;0;3;1;Één jaar na afstuderen;9000e Milieu, cultuur, recreatie en ..;Cohort 2000/'01;1.8;2.1;1.8;2.1;1.8;2.1;1.5;2.2;1.9;2.1;;;1.9;2.1;2.6;
8952;Totaal mannen en vrouwen;0;3;1;Één jaar na afstuderen;9000e Milieu, cultuur, recreatie en ..;Cohort 2001/'02;1.8;2.2;1.7;2.1;1.8;2.1;1.6;2.4;1.9;2.2;;;1.9;2.2;0.6;
8953;Totaal mannen en vrouwen;0;3;1;Één jaar na afstuderen;9000e Milieu, cultuur, recreatie en ..;Cohort 2002/'03;1.7;2.2;1.7;2.1;1.7;2.1;1.7;2.7;1.8;2.2;1.8;;1.8;2.2;;
8954;Totaal mannen en vrouwen;0;3;1;Één jaar na afstuderen;9000e Milieu, cultuur, recreatie en ..;Cohort 2003/'04;1.8;2.2;1.8;2.2;1.8;2.2;1.4;2.5;1.8;2.2;2.0;2.2;1.8;2.2;1.4;
8955;Totaal mannen en vrouwen;0;3;1;Één jaar na afstuderen;Onbekend;Cohort 1999/'00;4.6;4.6;2.2;2.2;2.2;2.2;;;7.1;7.1;;;7.1;7.1;;
8956;Totaal mannen en vrouwen;0;3;1;Één jaar na afstuderen;Onbekend;Cohort 2000/'01;1.9;2.2;1.6;1.9;1.6;1.9;;;2.1;2.4;;;2.1;2.4;;
8957;Totaal mannen en vrouwen;0;3;1;Één jaar na afstuderen;Onbekend;Cohort 2001/'02;0.5;;0.3;;0.3;;;;0.6;;;;0.6;;;
8958;Totaal mannen en vrouwen;0;3;1;Één jaar na afstuderen;Onbekend;Cohort 2002/'03;1.8;2.4;1.1;1.9;1.1;1.9;;;2.3;2.7;;;2.3;2.7;;
8959;Totaal mannen en vrouwen;0;3;1;Één jaar na afstuderen;Onbekend;Cohort 2003/'04;1.1;1.4;1.1;1.0;1.1;1.0;;;1.1;1.6;;;1.1;1.6;;
8960;Totaal mannen en vrouwen;0;3;1;Twee jaar na afstuderen;0;Cohort 1999/'00;2.1;2.3;1.9;2.2;1.9;2.2;1.5;2.0;2.2;2.4;;;2.2;2.4;1.9;2.0
8961;Totaal mannen en vrouwen;0;3;1;Twee jaar na afstuderen;0;Cohort 2000/'01;2.1;2.3;2.0;2.2;2.0;2.2;1.8;2.3;2.2;2.4;;;2.2;2.4;2.5;2.9
8962;Totaal mannen en vrouwen;0;3;1;Twee jaar na afstuderen;0;Cohort 2001/'02;2.1;2.4;1.9;2.2;1.9;2.2;1.7;2.4;2.2;2.5;1.3;2.3;2.2;2.5;2.5;2.7
8963;Totaal mannen en vrouwen;0;3;1;Twee jaar na afstuderen;0;Cohort 2002/'03;2.1;2.4;1.9;2.2;1.9;2.2;1.7;2.5;2.2;2.5;1.8;2.1;2.2;2.5;2.1;2.2
8964;Totaal mannen en vrouwen;0;3;1;Twee jaar na afstuderen;0;Cohort 2003/'04;2.2;2.6;2.1;2.4;2.1;2.4;1.7;2.6;2.3;2.6;2.1;2.5;2.3;2.6;2.3;2.8
8965;Totaal mannen en vrouwen;0;3;1;Twee jaar na afstuderen;1;Cohort 1999/'00;2.1;2.4;2.5;2.5;2.5;2.5;;;1.5;1.9;;;1.5;1.9;;
8966;Totaal mannen en vrouwen;0;3;1;Twee jaar na afstuderen;1;Cohort 2000/'01;1.3;0.7;1.3;0.7;1.3;0.7;;;;;;;;;;
8967;Totaal mannen en vrouwen;0;3;1;Twee jaar na afstuderen;1;Cohort 2001/'02;1.5;1.8;1.1;1.8;1.1;1.8;;;1.8;1.8;;;1.8;1.8;;
8968;Totaal mannen en vrouwen;0;3;1;Twee jaar na afstuderen;1;Cohort 2002/'03;1.6;1.8;1.6;2.3;1.6;2.3;;;1.5;1.6;;;1.5;1.6;;
8969;Totaal mannen en vrouwen;0;3;1;Twee jaar na afstuderen;1;Cohort 2003/'04;2.2;3.6;2.3;3.6;2.3;3.6;;;2.0;;;;2.0;;;
8970;Totaal mannen en vrouwen;0;3;1;Twee jaar na afstuderen;2;Cohort 1999/'00;2.2;2.3;2.2;2.3;2.2;2.3;;;2.3;2.4;;;2.3;2.4;2.6;2.6
8971;Totaal mannen en vrouwen;0;3;1;Twee jaar na afstuderen;2;Cohort 2000/'01;2.1;2.3;2.0;2.2;2.0;2.2;1.0;1.3;2.3;2.4;;;2.3;2.4;;
8972;Totaal mannen en vrouwen;0;3;1;Twee jaar na afstuderen;2;Cohort 2001/'02;2.1;2.3;2.1;2.2;2.1;2.2;1.8;2.6;2.3;2.5;;;2.3;2.5;2.8;2.8
8973;Totaal mannen en vrouwen;0;3;1;Twee jaar na afstuderen;2;Cohort 2002/'03;2.2;2.4;2.1;2.3;2.1;2.3;0.9;;2.4;2.6;;;2.4;2.6;;
8974;Totaal mannen en vrouwen;0;3;1;Twee jaar na afstuderen;2;Cohort 2003/'04;2.3;2.4;2.3;2.4;2.3;2.4;;;2.4;2.6;1.7;2.0;2.4;2.6;;
8975;Totaal mannen en vrouwen;0;3;1;Twee jaar na afstuderen;3;Cohort 1999/'00;1.9;2.1;1.7;2.0;1.7;2.0;1.8;1.9;2.1;2.3;;;2.1;2.3;;
8976;Totaal mannen en vrouwen;0;3;1;Twee jaar na afstuderen;3;Cohort 2000/'01;1.8;2.1;1.8;2.0;1.8;2.0;1.5;2.0;2.0;2.4;;;2.0;2.4;;
8977;Totaal mannen en vrouwen;0;3;1;Twee jaar na afstuderen;3;Cohort 2001/'02;1.9;2.2;1.8;2.1;1.8;2.1;2.2;2.2;2.1;2.3;;;2.1;2.3;;
8978;Totaal mannen en vrouwen;0;3;1;Twee jaar na afstuderen;3;Cohort 2002/'03;1.9;2.2;1.8;2.1;1.8;2.1;1.3;1.6;2.0;2.4;1.2;1.6;2.0;2.4;2.2;2.2
8979;Totaal mannen en vrouwen;0;3;1;Twee jaar na afstuderen;3;Cohort 2003/'04;2.0;2.4;2.0;2.3;2.0;2.3;1.6;2.6;2.1;2.6;1.8;2.2;2.1;2.6;;
8980;Totaal mannen en vrouwen;0;3;1;Twee jaar na afstuderen;4;Cohort 1999/'00;1.4;2.2;1.4;2.4;1.4;2.4;;;1.5;2.0;;;1.5;2.0;;
8981;Totaal mannen en vrouwen;0;3;1;Twee jaar na afstuderen;4;Cohort 2000/'01;1.5;1.9;1.3;1.7;1.3;1.7;1.2;1.6;1.8;2.1;;;1.8;2.1;;
8982;Totaal mannen en vrouwen;0;3;1;Twee jaar na afstuderen;4;Cohort 2001/'02;1.5;2.1;1.5;2.1;1.5;2.1;2.0;;1.5;2.1;;;1.5;2.1;;
8983;Totaal mannen en vrouwen;0;3;1;Twee jaar na afstuderen;4;Cohort 2002/'03;1.5;2.1;1.4;2.0;1.3;2.0;2.2;;1.6;2.2;1.0;;1.6;2.2;;
8984;Totaal mannen en vrouwen;0;3;1;Twee jaar na afstuderen;4;Cohort 2003/'04;1.4;2.1;1.3;2.0;1.3;2.0;0.7;;1.7;2.2;1.6;2.0;1.7;2.3;;
8985;Totaal mannen en vrouwen;0;3;1;Twee jaar na afstuderen;5;Cohort 1999/'00;2.1;2.4;2.0;2.3;2.0;2.3;2.2;;2.2;2.5;;;2.2;2.5;;
8986;Totaal mannen en vrouwen;0;3;1;Twee jaar na afstuderen;5;Cohort 2000/'01;1.9;2.2;1.8;2.1;1.8;2.1;1.6;;2.0;2.3;;;2.0;2.3;;
8987;Totaal mannen en vrouwen;0;3;1;Twee jaar na afstuderen;5;Cohort 2001/'02;1.8;2.2;1.8;2.1;1.8;2.1;2.3;2.3;1.8;2.3;;;1.8;2.3;;
8988;Totaal mannen en vrouwen;0;3;1;Twee jaar na afstuderen;5;Cohort 2002/'03;1.9;2.3;1.8;2.2;1.8;2.2;;;2.0;2.4;0.5;;2.0;2.4;;
8989;Totaal mannen en vrouwen;0;3;1;Twee jaar na afstuderen;5;Cohort 2003/'04;2.2;2.5;2.1;2.4;2.1;2.4;1.4;;2.4;2.6;2.2;2.6;2.4;2.6;;
8990;Totaal mannen en vrouwen;0;3;1;Twee jaar na afstuderen;6;Cohort 1999/'00;2.5;2.6;2.2;2.4;2.3;2.4;0.6;;2.7;2.8;;;2.7;2.8;;
8991;Totaal mannen en vrouwen;0;3;1;Twee jaar na afstuderen;6;Cohort 2000/'01;2.5;2.6;2.3;2.4;2.3;2.4;;;2.6;2.7;;;2.6;2.7;;
8992;Totaal mannen en vrouwen;0;3;1;Twee jaar na afstuderen;6;Cohort 2001/'02;2.4;2.5;2.3;2.5;2.3;2.5;;;2.4;2.6;;;2.4;2.6;;
8993;Totaal mannen en vrouwen;0;3;1;Twee jaar na afstuderen;6;Cohort 2002/'03;2.5;2.6;2.3;2.3;2.3;2.3;;;2.7;2.8;;;2.7;2.8;;
8994;Totaal mannen en vrouwen;0;3;1;Twee jaar na afstuderen;6;Cohort 2003/'04;2.6;2.7;2.4;2.5;2.4;2.5;;;2.7;2.8;2.8;2.8;2.7;2.8;;
8995;Totaal mannen en vrouwen;0;3;1;Twee jaar na afstuderen;7;Cohort 1999/'00;2.2;2.3;2.0;2.2;2.0;2.2;2.0;2.5;2.3;2.4;;;2.3;2.4;1.6;2.3
8996;Totaal mannen en vrouwen;0;3;1;Twee jaar na afstuderen;7;Cohort 2000/'01;2.2;2.3;2.1;2.2;2.1;2.2;2.4;3.1;2.3;2.5;;;2.3;2.5;3.8;3.8
8997;Totaal mannen en vrouwen;0;3;1;Twee jaar na afstuderen;7;Cohort 2001/'02;2.2;2.3;2.1;2.2;2.1;2.2;1.6;2.7;2.3;2.4;;;2.3;2.4;;
8998;Totaal mannen en vrouwen;0;3;1;Twee jaar na afstuderen;7;Cohort 2002/'03;2.1;2.3;2.0;2.2;2.0;2.2;1.4;1.6;2.2;2.4;1.5;1.5;2.2;2.4;2.3;2.3
8999;Totaal mannen en vrouwen;0;3;1;Twee jaar na afstuderen;7;Cohort 2003/'04;2.4;2.6;2.3;2.4;2.3;2.4;2.2;2.5;2.5;2.7;2.6;2.7;2.5;2.7;2.9;2.9
9000;Totaal mannen en vrouwen;0;3;1;Twee jaar na afstuderen;8;Cohort 1999/'00;1.7;2.2;1.6;2.0;1.6;2.0;;;1.8;2.2;;;1.8;2.2;1.5;
9001;Totaal mannen en vrouwen;0;3;1;Twee jaar na afstuderen;8;Cohort 2000/'01;1.9;2.2;1.8;2.1;1.8;2.1;1.5;1.5;1.9;2.3;;;1.9;2.3;;
9002;Totaal mannen en vrouwen;0;3;1;Twee jaar na afstuderen;8;Cohort 2001/'02;1.8;2.2;1.7;2.1;1.7;2.1;1.1;1.4;1.9;2.3;1.4;;1.9;2.3;2.0;
9003;Totaal mannen en vrouwen;0;3;1;Twee jaar na afstuderen;8;Cohort 2002/'03;1.8;2.2;1.8;2.2;1.8;2.2;1.0;;1.9;2.3;1.8;1.8;1.9;2.3;1.8;2.1
9004;Totaal mannen en vrouwen;0;3;1;Twee jaar na afstuderen;8;Cohort 2003/'04;2.0;2.4;1.8;2.3;1.8;2.3;1.3;;2.0;2.5;1.8;2.0;2.1;2.5;1.8;
9005;Totaal mannen en vrouwen;0;3;1;Twee jaar na afstuderen;9;Cohort 1999/'00;2.2;2.4;1.9;2.2;1.9;2.2;0.9;1.4;2.4;2.5;;;2.4;2.5;2.9;2.9
9006;Totaal mannen en vrouwen;0;3;1;Twee jaar na afstuderen;9;Cohort 2000/'01;2.2;2.5;2.0;2.3;2.0;2.3;1.6;2.0;2.4;2.6;;;2.4;2.6;;
9007;Totaal mannen en vrouwen;0;3;1;Twee jaar na afstuderen;9;Cohort 2001/'02;2.4;2.6;1.9;2.2;1.9;2.2;1.8;2.1;2.6;2.7;1.3;2.3;2.6;2.7;3.8;4.4
9008;Totaal mannen en vrouwen;0;3;1;Twee jaar na afstuderen;9;Cohort 2002/'03;2.5;2.7;2.2;2.4;2.3;2.4;1.6;2.2;2.6;2.8;3.2;3.5;2.6;2.8;2.4;
9009;Totaal mannen en vrouwen;0;3;1;Twee jaar na afstuderen;9;Cohort 2003/'04;2.6;2.7;2.4;2.6;2.4;2.6;1.9;2.7;2.6;2.8;2.7;3.1;2.6;2.8;3.3;3.3
9010;Totaal mannen en vrouwen;0;3;1;Twee jaar na afstuderen;M Onderwijs;Cohort 1999/'00;2.0;2.1;1.8;2.1;1.8;2.1;1.5;0.9;2.0;2.2;;;2.0;2.2;2.2;1.8
9011;Totaal mannen en vrouwen;0;3;1;Twee jaar na afstuderen;M Onderwijs;Cohort 2000/'01;2.0;2.2;1.9;2.2;1.9;2.2;2.2;1.7;2.0;2.2;;;2.0;2.2;1.4;1.9
9012;Totaal mannen en vrouwen;0;3;1;Twee jaar na afstuderen;M Onderwijs;Cohort 2001/'02;2.1;2.3;1.9;2.2;1.9;2.2;1.1;;2.1;2.3;;;2.1;2.3;2.0;2.0
9013;Totaal mannen en vrouwen;0;3;1;Twee jaar na afstuderen;M Onderwijs;Cohort 2002/'03;2.1;2.3;1.8;2.2;1.9;2.2;1.0;1.8;2.1;2.4;1.9;2.4;2.1;2.4;2.1;2.2
9014;Totaal mannen en vrouwen;0;3;1;Twee jaar na afstuderen;M Onderwijs;Cohort 2003/'04;2.3;2.6;2.0;2.7;2.0;2.7;1.7;2.6;2.3;2.6;2.3;2.4;2.3;2.6;2.0;2.5
9015;Totaal mannen en vrouwen;0;3;1;Twee jaar na afstuderen;N Gezondheids- en welzijnszorg;Cohort 1999/'00;2.1;2.4;1.7;2.1;1.7;2.1;;;2.1;2.5;;;2.1;2.5;;
9016;Totaal mannen en vrouwen;0;3;1;Twee jaar na afstuderen;N Gezondheids- en welzijnszorg;Cohort 2000/'01;2.1;2.4;1.8;2.2;1.8;2.2;;;2.1;2.4;;;2.1;2.4;;
9017;Totaal mannen en vrouwen;0;3;1;Twee jaar na afstuderen;N Gezondheids- en welzijnszorg;Cohort 2001/'02;2.1;2.5;1.8;2.2;1.8;2.2;1.3;2.1;2.2;2.6;;;2.2;2.6;2.7;2.7
9018;Totaal mannen en vrouwen;0;3;1;Twee jaar na afstuderen;N Gezondheids- en welzijnszorg;Cohort 2002/'03;2.1;2.5;1.7;2.1;1.8;2.1;0.5;;2.2;2.6;1.8;;2.2;2.6;;
9019;Totaal mannen en vrouwen;0;3;1;Twee jaar na afstuderen;N Gezondheids- en welzijnszorg;Cohort 2003/'04;2.1;2.6;1.8;2.3;1.8;2.3;1.2;;2.2;2.7;1.8;3.0;2.2;2.7;2.5;
9020;Totaal mannen en vrouwen;0;3;1;Twee jaar na afstuderen;9000e Milieu, cultuur, recreatie en ..;Cohort 1999/'00;2.0;2.3;2.0;2.3;2.0;2.3;1.5;2.2;2.1;2.3;;;2.1;2.3;1.0;1.0
9021;Totaal mannen en vrouwen;0;3;1;Twee jaar na afstuderen;9000e Milieu, cultuur, recreatie en ..;Cohort 2000/'01;2.1;2.4;2.1;2.3;2.1;2.3;1.9;2.6;2.1;2.4;;;2.1;2.4;3.2;3.2
9022;Totaal mannen en vrouwen;0;3;1;Twee jaar na afstuderen;9000e Milieu, cultuur, recreatie en ..;Cohort 2001/'02;2.0;2.4;1.9;2.3;1.9;2.3;1.8;2.8;2.1;2.4;;;2.1;2.4;1.0;
9023;Totaal mannen en vrouwen;0;3;1;Twee jaar na afstuderen;9000e Milieu, cultuur, recreatie en ..;Cohort 2002/'03;2.0;2.4;2.0;2.4;2.0;2.3;2.4;3.0;2.1;2.4;1.7;1.6;2.1;2.4;;
9024;Totaal mannen en vrouwen;0;3;1;Twee jaar na afstuderen;9000e Milieu, cultuur, recreatie en ..;Cohort 2003/'04;2.2;2.6;2.2;2.6;2.2;2.6;1.8;2.5;2.2;2.6;2.0;2.3;2.2;2.6;1.5;
9025;Totaal mannen en vrouwen;0;3;1;Twee jaar na afstuderen;Onbekend;Cohort 1999/'00;3.1;3.1;1.7;1.7;1.7;1.7;;;5.9;5.9;;;5.9;5.9;;
9026;Totaal mannen en vrouwen;0;3;1;Twee jaar na afstuderen;Onbekend;Cohort 2000/'01;4.0;4.0;3.0;3.0;3.0;3.0;;;4.4;4.4;;;4.4;4.4;;
9027;Totaal mannen en vrouwen;0;3;1;Twee jaar na afstuderen;Onbekend;Cohort 2001/'02;2.2;2.7;2.2;2.7;2.2;2.7;;;;;;;;;;
9028;Totaal mannen en vrouwen;0;3;1;Twee jaar na afstuderen;Onbekend;Cohort 2002/'03;2.1;;;;;;;;2.1;;;;2.1;;;
9029;Totaal mannen en vrouwen;0;3;1;Twee jaar na afstuderen;Onbekend;Cohort 2003/'04;1.7;2.2;1.6;2.4;1.6;2.4;;;1.7;2.1;;;1.7;2.1;;
9030;Totaal mannen en vrouwen;0;3;1;Drie jaar na afstuderen;0;Cohort 1999/'00;2.3;2.5;2.1;2.4;2.1;2.4;1.6;2.8;2.4;2.6;;;2.4;2.6;2.4;2.4
9031;Totaal mannen en vrouwen;0;3;1;Drie jaar na afstuderen;0;Cohort 2000/'01;2.2;2.5;2.1;2.4;2.1;2.4;1.8;2.4;2.3;2.6;;;2.3;2.6;2.6;2.6
9032;Totaal mannen en vrouwen;0;3;1;Drie jaar na afstuderen;0;Cohort 2001/'02;2.3;2.5;2.1;2.4;2.1;2.4;2.0;2.6;2.4;2.7;2.2;2.6;2.4;2.7;2.7;2.9
9033;Totaal mannen en vrouwen;0;3;1;Drie jaar na afstuderen;0;Cohort 2002/'03;2.4;2.7;2.2;2.6;2.2;2.6;2.1;3.1;2.5;2.8;2.0;2.9;2.5;2.8;2.4;2.5
9034;Totaal mannen en vrouwen;0;3;1;Drie jaar na afstuderen;0;Cohort 2003/'04;2.5;2.9;2.3;2.7;2.4;2.7;2.1;3.2;2.6;3.0;2.3;2.8;2.6;3.0;2.9;3.3
9035;Totaal mannen en vrouwen;0;3;1;Drie jaar na afstuderen;1;Cohort 1999/'00;1.8;2.2;2.1;2.2;2.1;2.2;;;1.3;;;;1.3;;;
9036;Totaal mannen en vrouwen;0;3;1;Drie jaar na afstuderen;1;Cohort 2000/'01;1.7;2.2;1.9;2.4;1.9;2.4;;;1.0;0.9;;;1.0;0.9;;
9037;Totaal mannen en vrouwen;0;3;1;Drie jaar na afstuderen;1;Cohort 2001/'02;1.4;2.1;0.9;;0.9;;;;2.1;2.1;;;2.1;2.1;;
9038;Totaal mannen en vrouwen;0;3;1;Drie jaar na afstuderen;1;Cohort 2002/'03;1.9;2.3;1.7;2.3;1.7;2.3;;;2.0;2.4;;;2.0;2.4;;
9039;Totaal mannen en vrouwen;0;3;1;Drie jaar na afstuderen;1;Cohort 2003/'04;1.8;2.9;2.3;4.6;2.4;4.6;1.7;;1.4;2.1;;;1.4;2.1;;
9040;Totaal mannen en vrouwen;0;3;1;Drie jaar na afstuderen;2;Cohort 1999/'00;2.4;2.5;2.3;2.4;2.3;2.4;0.6;;2.5;2.6;;;2.5;2.6;2.3;2.3
9041;Totaal mannen en vrouwen;0;3;1;Drie jaar na afstuderen;2;Cohort 2000/'01;2.4;2.5;2.3;2.4;2.3;2.4;1.9;1.9;2.5;2.7;;;2.5;2.7;;
9042;Totaal mannen en vrouwen;0;3;1;Drie jaar na afstuderen;2;Cohort 2001/'02;2.3;2.5;2.2;2.4;2.2;2.4;2.5;2.5;2.5;2.6;;;2.5;2.6;2.6;
9043;Totaal mannen en vrouwen;0;3;1;Drie jaar na afstuderen;2;Cohort 2002/'03;2.6;2.7;2.4;2.6;2.4;2.6;;;2.8;3.0;;;2.8;3.0;;
9044;Totaal mannen en vrouwen;0;3;1;Drie jaar na afstuderen;2;Cohort 2003/'04;2.6;2.7;2.5;2.6;2.5;2.6;0.2;;2.8;2.9;2.2;2.2;2.8;2.9;;
9045;Totaal mannen en vrouwen;0;3;1;Drie jaar na afstuderen;3;Cohort 1999/'00;2.0;2.3;1.9;2.2;1.9;2.2;1.4;2.3;2.2;2.5;;;2.2;2.5;;
9046;Totaal mannen en vrouwen;0;3;1;Drie jaar na afstuderen;3;Cohort 2000/'01;2.0;2.3;2.0;2.2;2.0;2.2;1.8;2.3;2.1;2.4;;;2.1;2.4;;
9047;Totaal mannen en vrouwen;0;3;1;Drie jaar na afstuderen;3;Cohort 2001/'02;2.0;2.4;1.9;2.3;1.9;2.3;2.2;2.5;2.3;2.5;;;2.3;2.5;;
9048;Totaal mannen en vrouwen;0;3;1;Drie jaar na afstuderen;3;Cohort 2002/'03;2.2;2.6;2.1;2.5;2.1;2.5;1.7;2.2;2.4;2.8;1.2;1.6;2.4;2.8;;
9049;Totaal mannen en vrouwen;0;3;1;Drie jaar na afstuderen;3;Cohort 2003/'04;2.3;2.8;2.2;2.6;2.2;2.6;2.5;2.9;2.5;3.0;2.1;2.8;2.5;3.1;;
9050;Totaal mannen en vrouwen;0;3;1;Drie jaar na afstuderen;4;Cohort 1999/'00;1.5;2.1;1.4;2.1;1.4;2.1;1.1;;1.7;2.1;;;1.7;2.1;;
9051;Totaal mannen en vrouwen;0;3;1;Drie jaar na afstuderen;4;Cohort 2000/'01;1.6;2.2;1.5;2.1;1.5;2.1;0.6;;1.8;2.4;;;1.8;2.4;;
9052;Totaal mannen en vrouwen;0;3;1;Drie jaar na afstuderen;4;Cohort 2001/'02;1.4;2.2;1.2;2.1;1.2;2.1;;;1.6;2.3;;;1.6;2.3;;
9053;Totaal mannen en vrouwen;0;3;1;Drie jaar na afstuderen;4;Cohort 2002/'03;1.6;2.3;1.6;2.4;1.6;2.4;2.2;2.5;1.6;2.2;;;1.6;2.2;;
9054;Totaal mannen en vrouwen;0;3;1;Drie jaar na afstuderen;4;Cohort 2003/'04;1.6;2.2;1.5;2.1;1.5;2.1;0.9;;1.6;2.2;1.7;2.2;1.6;2.2;;
9055;Totaal mannen en vrouwen;0;3;1;Drie jaar na afstuderen;5;Cohort 1999/'00;2.3;2.6;2.2;2.5;2.2;2.5;;;2.4;2.7;;;2.4;2.7;;
9056;Totaal mannen en vrouwen;0;3;1;Drie jaar na afstuderen;5;Cohort 2000/'01;2.0;2.4;2.0;2.4;2.0;2.4;1.1;;2.0;2.4;;;2.0;2.4;;
9057;Totaal mannen en vrouwen;0;3;1;Drie jaar na afstuderen;5;Cohort 2001/'02;2.2;2.5;2.1;2.3;2.1;2.3;2.7;2.7;2.3;2.6;;;2.3;2.6;;
9058;Totaal mannen en vrouwen;0;3;1;Drie jaar na afstuderen;5;Cohort 2002/'03;2.3;2.6;2.1;2.5;2.1;2.5;1.2;;2.4;2.7;0.5;;2.4;2.7;;
9059;Totaal mannen en vrouwen;0;3;1;Drie jaar na afstuderen;5;Cohort 2003/'04;2.7;3.0;2.4;2.7;2.4;2.7;1.5;;2.9;3.2;3.3;3.3;2.9;3.2;;
9060;Totaal mannen en vrouwen;0;3;1;Drie jaar na afstuderen;6;Cohort 1999/'00;2.7;2.8;2.4;2.5;2.4;2.5;0.7;;2.8;3.0;;;2.8;3.0;;
9061;Totaal mannen en vrouwen;0;3;1;Drie jaar na afstuderen;6;Cohort 2000/'01;2.7;2.8;2.6;2.6;2.6;2.6;;;2.8;3.0;;;2.8;3.0;;
9062;Totaal mannen en vrouwen;0;3;1;Drie jaar na afstuderen;6;Cohort 2001/'02;2.6;2.7;2.4;2.5;2.4;2.5;0.1;;2.7;2.9;;;2.7;2.9;;
9063;Totaal mannen en vrouwen;0;3;1;Drie jaar na afstuderen;6;Cohort 2002/'03;3.0;3.1;2.8;2.8;2.8;2.8;;;3.1;3.3;;;3.1;3.3;;
9064;Totaal mannen en vrouwen;0;3;1;Drie jaar na afstuderen;6;Cohort 2003/'04;3.1;3.2;2.7;2.9;2.7;2.9;;;3.3;3.5;2.8;3.1;3.3;3.5;;
9065;Totaal mannen en vrouwen;0;3;1;Drie jaar na afstuderen;7;Cohort 1999/'00;2.4;2.5;2.2;2.3;2.2;2.3;2.3;2.7;2.5;2.7;;;2.5;2.7;2.6;2.6
9066;Totaal mannen en vrouwen;0;3;1;Drie jaar na afstuderen;7;Cohort 2000/'01;2.4;2.5;2.2;2.4;2.2;2.4;2.3;2.4;2.5;2.7;;;2.5;2.7;3.0;3.0
9067;Totaal mannen en vrouwen;0;3;1;Drie jaar na afstuderen;7;Cohort 2001/'02;2.4;2.5;2.2;2.4;2.2;2.4;2.1;;2.5;2.7;1.8;1.8;2.5;2.7;;
9068;Totaal mannen en vrouwen;0;3;1;Drie jaar na afstuderen;7;Cohort 2002/'03;2.5;2.7;2.4;2.5;2.4;2.5;2.3;2.3;2.7;2.9;1.9;;2.7;2.9;2.4;2.4
9069;Totaal mannen en vrouwen;0;3;1;Drie jaar na afstuderen;7;Cohort 2003/'04;2.8;2.9;2.6;2.8;2.6;2.8;2.5;2.5;2.9;3.0;2.8;2.9;2.9;3.0;4.1;4.1
9070;Totaal mannen en vrouwen;0;3;1;Drie jaar na afstuderen;8;Cohort 1999/'00;2.0;2.3;1.9;2.3;1.9;2.3;1.8;2.4;2.0;2.4;;;2.0;2.4;0.9;
9071;Totaal mannen en vrouwen;0;3;1;Drie jaar na afstuderen;8;Cohort 2000/'01;1.9;2.4;1.8;2.3;1.8;2.3;1.5;1.5;1.9;2.4;;;1.9;2.4;;
9072;Totaal mannen en vrouwen;0;3;1;Drie jaar na afstuderen;8;Cohort 2001/'02;2.0;2.4;1.9;2.3;1.9;2.3;1.6;1.9;2.1;2.5;;;2.1;2.5;2.2;
9073;Totaal mannen en vrouwen;0;3;1;Drie jaar na afstuderen;8;Cohort 2002/'03;2.1;2.7;2.0;2.5;2.0;2.5;1.4;2.4;2.2;2.8;1.5;2.3;2.2;2.8;2.7;2.7
9074;Totaal mannen en vrouwen;0;3;1;Drie jaar na afstuderen;8;Cohort 2003/'04;2.3;2.8;2.2;2.7;2.2;2.7;1.9;2.3;2.4;2.9;2.0;2.0;2.4;3.0;;
9075;Totaal mannen en vrouwen;0;3;1;Drie jaar na afstuderen;9;Cohort 1999/'00;2.5;2.7;2.1;2.4;2.1;2.4;1.6;2.3;2.6;2.8;;;2.6;2.8;3.3;3.3
9076;Totaal mannen en vrouwen;0;3;1;Drie jaar na afstuderen;9;Cohort 2000/'01;2.5;2.7;2.3;2.5;2.3;2.5;1.7;2.4;2.6;2.8;;;2.6;2.8;;
9077;Totaal mannen en vrouwen;0;3;1;Drie jaar na afstuderen;9;Cohort 2001/'02;2.6;2.8;2.3;2.5;2.3;2.5;1.7;2.3;2.7;2.9;3.3;3.3;2.7;2.9;3.6;3.9
9078;Totaal mannen en vrouwen;0;3;1;Drie jaar na afstuderen;9;Cohort 2002/'03;2.7;2.9;2.6;2.7;2.6;2.7;2.8;2.8;2.8;3.0;3.3;4.2;2.8;3.0;2.5;
9079;Totaal mannen en vrouwen;0;3;1;Drie jaar na afstuderen;9;Cohort 2003/'04;2.8;3.0;2.6;2.7;2.6;2.7;1.7;2.9;2.9;3.1;2.9;4.2;2.9;3.0;3.6;3.6
9080;Totaal mannen en vrouwen;0;3;1;Drie jaar na afstuderen;M Onderwijs;Cohort 1999/'00;2.1;2.5;1.9;2.3;1.9;2.3;1.8;3.4;2.2;2.5;;;2.2;2.5;2.5;2.1
9081;Totaal mannen en vrouwen;0;3;1;Drie jaar na afstuderen;M Onderwijs;Cohort 2000/'01;2.1;2.4;2.0;2.4;2.0;2.4;2.0;1.9;2.2;2.4;;;2.2;2.4;2.3;2.3
9082;Totaal mannen en vrouwen;0;3;1;Drie jaar na afstuderen;M Onderwijs;Cohort 2001/'02;2.2;2.5;1.9;2.3;1.9;2.3;1.3;1.9;2.3;2.6;1.5;;2.3;2.6;2.2;2.2
9083;Totaal mannen en vrouwen;0;3;1;Drie jaar na afstuderen;M Onderwijs;Cohort 2002/'03;2.3;2.7;2.1;2.6;2.1;2.6;1.7;3.2;2.4;2.7;2.1;2.3;2.4;2.7;2.5;2.6
9084;Totaal mannen en vrouwen;0;3;1;Drie jaar na afstuderen;M Onderwijs;Cohort 2003/'04;2.4;2.8;2.2;2.8;2.2;2.8;1.6;;2.5;2.8;2.4;3.0;2.5;2.8;2.3;2.3
9085;Totaal mannen en vrouwen;0;3;1;Drie jaar na afstuderen;N Gezondheids- en welzijnszorg;Cohort 1999/'00;2.2;2.6;1.9;2.3;1.9;2.3;1.0;;2.3;2.7;;;2.3;2.7;;
9086;Totaal mannen en vrouwen;0;3;1;Drie jaar na afstuderen;N Gezondheids- en welzijnszorg;Cohort 2000/'01;2.2;2.5;1.8;2.2;1.8;2.2;1.1;;2.3;2.6;;;2.3;2.6;;
9087;Totaal mannen en vrouwen;0;3;1;Drie jaar na afstuderen;N Gezondheids- en welzijnszorg;Cohort 2001/'02;2.2;2.6;1.9;2.3;1.9;2.3;1.4;;2.3;2.7;;;2.3;2.7;3.3;3.3
9088;Totaal mannen en vrouwen;0;3;1;Drie jaar na afstuderen;N Gezondheids- en welzijnszorg;Cohort 2002/'03;2.3;2.7;1.9;2.4;1.9;2.4;0.9;;2.4;2.8;1.8;2.6;2.4;2.8;;
9089;Totaal mannen en vrouwen;0;3;1;Drie jaar na afstuderen;N Gezondheids- en welzijnszorg;Cohort 2003/'04;2.3;2.8;2.0;2.5;2.0;2.5;1.3;;2.5;2.9;1.9;3.8;2.5;2.9;2.8;
9090;Totaal mannen en vrouwen;0;3;1;Drie jaar na afstuderen;9000e Milieu, cultuur, recreatie en ..;Cohort 1999/'00;2.1;2.5;2.1;2.4;2.1;2.4;1.5;3.2;2.2;2.5;;;2.2;2.5;;
9091;Totaal mannen en vrouwen;0;3;1;Drie jaar na afstuderen;9000e Milieu, cultuur, recreatie en ..;Cohort 2000/'01;2.2;2.5;2.1;2.4;2.1;2.4;1.9;2.8;2.3;2.6;;;2.3;2.6;3.4;3.4
9092;Totaal mannen en vrouwen;0;3;1;Drie jaar na afstuderen;9000e Milieu, cultuur, recreatie en ..;Cohort 2001/'02;2.1;2.5;2.1;2.4;2.1;2.4;2.2;2.8;2.2;2.6;;;2.2;2.6;;
9093;Totaal mannen en vrouwen;0;3;1;Drie jaar na afstuderen;9000e Milieu, cultuur, recreatie en ..;Cohort 2002/'03;2.4;2.8;2.3;2.8;2.3;2.7;2.4;3.9;2.4;2.8;2.4;;2.4;2.8;1.3;
9094;Totaal mannen en vrouwen;0;3;1;Drie jaar na afstuderen;9000e Milieu, cultuur, recreatie en ..;Cohort 2003/'04;2.4;2.8;2.3;2.8;2.3;2.7;2.5;3.7;2.5;2.8;2.0;2.2;2.5;2.9;1.7;
9095;Totaal mannen en vrouwen;0;3;1;Drie jaar na afstuderen;Onbekend;Cohort 1999/'00;2.8;2.8;1.9;1.9;1.9;1.9;;;3.5;3.5;;;3.5;3.5;;
9096;Totaal mannen en vrouwen;0;3;1;Drie jaar na afstuderen;Onbekend;Cohort 2000/'01;2.4;3.1;3.0;3.0;3.0;3.0;;;2.1;3.3;;;2.1;3.3;;
9097;Totaal mannen en vrouwen;0;3;1;Drie jaar na afstuderen;Onbekend;Cohort 2001/'02;2.2;2.2;1.8;1.8;1.8;1.8;;;3.3;3.3;;;3.3;3.3;;
9098;Totaal mannen en vrouwen;0;3;1;Drie jaar na afstuderen;Onbekend;Cohort 2002/'03;0.2;;0.2;;0.2;;;;;;;;;;;
9099;Totaal mannen en vrouwen;0;3;1;Drie jaar na afstuderen;Onbekend;Cohort 2003/'04;0.9;;;;;;;;0.9;;;;0.9;;;
9100;Totaal mannen en vrouwen;0;3;1;Vier jaar na afstuderen;0;Cohort 1999/'00;2.4;2.7;2.2;2.5;2.2;2.5;1.7;2.5;2.5;2.8;;;2.5;2.8;2.6;2.7
9101;Totaal mannen en vrouwen;0;3;1;Vier jaar na afstuderen;0;Cohort 2000/'01;2.4;2.7;2.2;2.6;2.3;2.6;2.0;2.6;2.5;2.8;;;2.5;2.8;2.7;2.7
9102;Totaal mannen en vrouwen;0;3;1;Vier jaar na afstuderen;0;Cohort 2001/'02;2.5;2.9;2.3;2.7;2.3;2.7;2.2;3.1;2.7;3.1;2.6;3.0;2.7;3.1;2.9;3.3
9103;Totaal mannen en vrouwen;0;3;1;Vier jaar na afstuderen;0;Cohort 2002/'03;2.6;3.0;2.4;2.8;2.5;2.8;2.4;3.7;2.8;3.2;2.3;3.1;2.8;3.2;2.6;2.6
9104;Totaal mannen en vrouwen;0;3;1;Vier jaar na afstuderen;0;Cohort 2003/'04;2.8;3.2;2.6;3.0;2.6;3.0;2.1;3.6;2.9;3.3;2.3;3.2;2.9;3.3;3.1;3.5
9105;Totaal mannen en vrouwen;0;3;1;Vier jaar na afstuderen;1;Cohort 1999/'00;1.8;2.4;1.6;2.4;1.6;2.4;;;2.6;;;;2.6;;;
9106;Totaal mannen en vrouwen;0;3;1;Vier jaar na afstuderen;1;Cohort 2000/'01;2.5;2.6;2.5;2.6;2.5;2.6;;;2.5;2.5;;;2.5;2.5;;
9107;Totaal mannen en vrouwen;0;3;1;Vier jaar na afstuderen;1;Cohort 2001/'02;1.6;2.5;1.4;;1.4;;;;2.0;2.5;;;2.0;2.5;;
9108;Totaal mannen en vrouwen;0;3;1;Vier jaar na afstuderen;1;Cohort 2002/'03;2.1;2.6;2.1;2.5;2.1;2.5;;;2.1;2.7;;;2.1;2.7;;
9109;Totaal mannen en vrouwen;0;3;1;Vier jaar na afstuderen;1;Cohort 2003/'04;2.5;3.2;2.9;3.6;2.9;3.6;;;2.3;3.0;0.3;;2.8;3.0;;
9110;Totaal mannen en vrouwen;0;3;1;Vier jaar na afstuderen;2;Cohort 1999/'00;2.4;2.6;2.3;2.5;2.3;2.5;;;2.6;2.8;;;2.6;2.8;3.3;3.3
9111;Totaal mannen en vrouwen;0;3;1;Vier jaar na afstuderen;2;Cohort 2000/'01;2.5;2.7;2.4;2.6;2.4;2.6;1.9;1.9;2.7;2.9;;;2.7;2.9;;
9112;Totaal mannen en vrouwen;0;3;1;Vier jaar na afstuderen;2;Cohort 2001/'02;2.7;2.9;2.5;2.7;2.5;2.7;2.6;2.7;3.0;3.2;;;3.0;3.2;;
9113;Totaal mannen en vrouwen;0;3;1;Vier jaar na afstuderen;2;Cohort 2002/'03;2.8;3.0;2.7;2.9;2.7;2.9;;;3.1;3.3;;;3.1;3.3;;
9114;Totaal mannen en vrouwen;0;3;1;Vier jaar na afstuderen;2;Cohort 2003/'04;3.0;3.1;2.8;3.0;2.8;3.0;2.9;2.9;3.1;3.3;2.1;2.5;3.2;3.3;;
9115;Totaal mannen en vrouwen;0;3;1;Vier jaar na afstuderen;3;Cohort 1999/'00;2.3;2.6;2.1;2.5;2.1;2.5;1.7;2.2;2.5;2.7;;;2.5;2.7;;
9116;Totaal mannen en vrouwen;0;3;1;Vier jaar na afstuderen;3;Cohort 2000/'01;2.1;2.6;2.0;2.4;2.0;2.4;1.8;2.5;2.3;2.8;;;2.3;2.8;;
9117;Totaal mannen en vrouwen;0;3;1;Vier jaar na afstuderen;3;Cohort 2001/'02;2.3;2.7;2.2;2.6;2.2;2.6;2.5;2.9;2.6;3.0;;;2.6;3.0;;
9118;Totaal mannen en vrouwen;0;3;1;Vier jaar na afstuderen;3;Cohort 2002/'03;2.5;2.9;2.2;2.7;2.2;2.7;2.0;2.7;2.8;3.2;1.2;1.5;2.8;3.2;2.6;2.6
9119;Totaal mannen en vrouwen;0;3;1;Vier jaar na afstuderen;3;Cohort 2003/'04;2.6;3.0;2.5;2.8;2.5;2.8;2.4;3.2;2.9;3.4;2.2;3.9;3.0;3.4;;
9120;Totaal mannen en vrouwen;0;3;1;Vier jaar na afstuderen;4;Cohort 1999/'00;1.5;2.1;1.5;2.0;1.5;2.0;;;1.5;2.2;;;1.5;2.2;;
9121;Totaal mannen en vrouwen;0;3;1;Vier jaar na afstuderen;4;Cohort 2000/'01;1.7;2.2;1.6;2.1;1.6;2.1;;;2.1;2.6;;;2.1;2.6;;
9122;Totaal mannen en vrouwen;0;3;1;Vier jaar na afstuderen;4;Cohort 2001/'02;1.6;2.6;1.4;2.6;1.4;2.6;;;1.9;2.7;;;1.9;2.7;;
9123;Totaal mannen en vrouwen;0;3;1;Vier jaar na afstuderen;4;Cohort 2002/'03;1.8;2.4;1.8;2.5;1.8;2.5;2.2;;1.7;2.1;;;1.7;2.1;;
9124;Totaal mannen en vrouwen;0;3;1;Vier jaar na afstuderen;4;Cohort 2003/'04;1.8;2.5;1.7;2.5;1.7;2.5;1.1;;2.0;2.5;2.1;2.4;2.0;2.5;;
9125;Totaal mannen en vrouwen;0;3;1;Vier jaar na afstuderen;5;Cohort 1999/'00;2.3;2.6;2.2;2.5;2.2;2.5;1.5;2.5;2.5;2.8;;;2.5;2.8;;
9126;Totaal mannen en vrouwen;0;3;1;Vier jaar na afstuderen;5;Cohort 2000/'01;2.2;2.6;2.1;2.5;2.1;2.5;2.2;2.8;2.2;2.7;;;2.2;2.7;;
9127;Totaal mannen en vrouwen;0;3;1;Vier jaar na afstuderen;5;Cohort 2001/'02;2.5;2.8;2.4;2.7;2.4;2.7;;;2.5;2.9;;;2.5;2.9;;
9128;Totaal mannen en vrouwen;0;3;1;Vier jaar na afstuderen;5;Cohort 2002/'03;2.6;2.9;2.6;2.8;2.6;2.8;1.3;;2.7;3.1;;;2.7;3.1;;
9129;Totaal mannen en vrouwen;0;3;1;Vier jaar na afstuderen;5;Cohort 2003/'04;3.1;3.5;2.8;3.1;2.8;3.1;1.7;;3.4;3.9;3.6;3.6;3.4;3.9;;
9130;Totaal mannen en vrouwen;0;3;1;Vier jaar na afstuderen;6;Cohort 1999/'00;3.0;3.2;2.7;2.8;2.7;2.8;0.6;;3.2;3.4;;;3.2;3.4;;
9131;Totaal mannen en vrouwen;0;3;1;Vier jaar na afstuderen;6;Cohort 2000/'01;2.8;3.0;2.7;2.8;2.7;2.8;;;2.9;3.3;;;2.9;3.3;;
9132;Totaal mannen en vrouwen;0;3;1;Vier jaar na afstuderen;6;Cohort 2001/'02;3.0;3.3;2.7;2.9;2.7;2.9;2.2;;3.3;3.6;;;3.3;3.6;;
9133;Totaal mannen en vrouwen;0;3;1;Vier jaar na afstuderen;6;Cohort 2002/'03;3.3;3.3;2.9;2.9;2.9;2.9;;;3.6;3.7;;;3.6;3.7;;
9134;Totaal mannen en vrouwen;0;3;1;Vier jaar na afstuderen;6;Cohort 2003/'04;3.2;3.4;2.9;3.1;2.9;3.1;3.9;3.9;3.5;3.7;3.4;3.7;3.5;3.7;;
9135;Totaal mannen en vrouwen;0;3;1;Vier jaar na afstuderen;7;Cohort 1999/'00;2.5;2.7;2.4;2.5;2.4;2.5;2.3;2.6;2.6;2.8;;;2.6;2.8;3.1;3.1
9136;Totaal mannen en vrouwen;0;3;1;Vier jaar na afstuderen;7;Cohort 2000/'01;2.5;2.7;2.4;2.6;2.4;2.6;2.6;2.7;2.6;2.9;;;2.6;2.9;3.3;3.3
9137;Totaal mannen en vrouwen;0;3;1;Vier jaar na afstuderen;7;Cohort 2001/'02;2.8;3.0;2.6;2.8;2.6;2.8;1.8;;3.0;3.2;2.4;2.4;3.0;3.2;;
9138;Totaal mannen en vrouwen;0;3;1;Vier jaar na afstuderen;7;Cohort 2002/'03;2.9;3.1;2.6;2.8;2.6;2.8;2.1;3.6;3.1;3.3;2.3;;3.1;3.3;2.7;2.8
9139;Totaal mannen en vrouwen;0;3;1;Vier jaar na afstuderen;7;Cohort 2003/'04;3.1;3.3;2.9;3.1;2.9;3.1;2.9;2.9;3.3;3.5;2.3;3.1;3.3;3.5;4.0;4.0
9140;Totaal mannen en vrouwen;0;3;1;Vier jaar na afstuderen;8;Cohort 1999/'00;2.0;2.5;1.9;2.3;1.9;2.3;0.7;;2.2;2.5;;;2.2;2.5;1.5;2.1
9141;Totaal mannen en vrouwen;0;3;1;Vier jaar na afstuderen;8;Cohort 2000/'01;2.1;2.5;1.9;2.3;1.9;2.3;2.0;2.0;2.2;2.7;;;2.2;2.7;;
9142;Totaal mannen en vrouwen;0;3;1;Vier jaar na afstuderen;8;Cohort 2001/'02;2.2;2.9;2.0;2.7;2.0;2.7;1.2;;2.4;3.1;;;2.4;3.1;;
9143;Totaal mannen en vrouwen;0;3;1;Vier jaar na afstuderen;8;Cohort 2002/'03;2.3;3.0;2.2;2.8;2.2;2.8;2.1;3.2;2.4;3.3;2.0;4.6;2.4;3.2;2.7;2.7
9144;Totaal mannen en vrouwen;0;3;1;Vier jaar na afstuderen;8;Cohort 2003/'04;2.6;3.3;2.5;3.1;2.5;3.1;1.3;;2.8;3.4;2.0;2.7;2.8;3.5;4.4;4.4
9145;Totaal mannen en vrouwen;0;3;1;Vier jaar na afstuderen;9;Cohort 1999/'00;2.7;3.0;2.5;2.7;2.5;2.7;;;2.8;3.0;;;2.8;3.0;3.5;3.5
9146;Totaal mannen en vrouwen;0;3;1;Vier jaar na afstuderen;9;Cohort 2000/'01;2.7;2.9;2.5;2.7;2.5;2.7;1.9;2.5;2.8;3.0;;;2.8;3.0;;
9147;Totaal mannen en vrouwen;0;3;1;Vier jaar na afstuderen;9;Cohort 2001/'02;2.9;3.1;2.6;2.8;2.6;2.8;1.3;2.6;3.0;3.2;3.7;3.7;3.0;3.2;3.7;4.7
9148;Totaal mannen en vrouwen;0;3;1;Vier jaar na afstuderen;9;Cohort 2002/'03;2.9;3.1;2.6;2.9;2.6;2.9;2.7;2.7;3.0;3.2;4.4;4.4;3.0;3.2;2.8;
9149;Totaal mannen en vrouwen;0;3;1;Vier jaar na afstuderen;9;Cohort 2003/'04;3.1;3.3;2.8;3.0;2.8;3.0;2.3;3.9;3.2;3.4;2.9;3.7;3.2;3.4;;
9150;Totaal mannen en vrouwen;0;3;1;Vier jaar na afstuderen;M Onderwijs;Cohort 1999/'00;2.2;2.6;1.9;2.3;1.9;2.3;1.9;2.3;2.3;2.7;;;2.3;2.7;2.5;2.3
9151;Totaal mannen en vrouwen;0;3;1;Vier jaar na afstuderen;M Onderwijs;Cohort 2000/'01;2.3;2.6;2.1;2.4;2.1;2.4;1.8;;2.3;2.6;;;2.3;2.7;2.3;2.3
9152;Totaal mannen en vrouwen;0;3;1;Vier jaar na afstuderen;M Onderwijs;Cohort 2001/'02;2.4;2.8;2.1;2.6;2.1;2.6;1.5;;2.5;2.8;1.8;;2.5;2.9;2.3;2.5
9153;Totaal mannen en vrouwen;0;3;1;Vier jaar na afstuderen;M Onderwijs;Cohort 2002/'03;2.5;2.9;2.1;2.8;2.2;2.8;1.4;;2.6;2.9;2.5;2.6;2.6;2.9;2.6;2.6
9154;Totaal mannen en vrouwen;0;3;1;Vier jaar na afstuderen;M Onderwijs;Cohort 2003/'04;2.6;3.1;2.2;2.9;2.3;2.9;1.6;;2.7;3.1;2.7;4.1;2.7;3.1;2.4;2.6
9155;Totaal mannen en vrouwen;0;3;1;Vier jaar na afstuderen;N Gezondheids- en welzijnszorg;Cohort 1999/'00;2.3;2.7;2.0;2.4;2.0;2.4;1.5;;2.4;2.7;;;2.4;2.7;;
9156;Totaal mannen en vrouwen;0;3;1;Vier jaar na afstuderen;N Gezondheids- en welzijnszorg;Cohort 2000/'01;2.3;2.7;1.9;2.3;1.9;2.3;1.1;;2.4;2.8;;;2.4;2.8;;
9157;Totaal mannen en vrouwen;0;3;1;Vier jaar na afstuderen;N Gezondheids- en welzijnszorg;Cohort 2001/'02;2.4;2.9;2.0;2.4;2.0;2.4;1.5;1.7;2.5;3.0;;;2.5;3.0;3.9;3.1
9158;Totaal mannen en vrouwen;0;3;1;Vier jaar na afstuderen;N Gezondheids- en welzijnszorg;Cohort 2002/'03;2.5;3.0;2.0;2.6;2.0;2.6;1.4;;2.6;3.1;1.9;2.3;2.6;3.1;2.0;2.0
9159;Totaal mannen en vrouwen;0;3;1;Vier jaar na afstuderen;N Gezondheids- en welzijnszorg;Cohort 2003/'04;2.6;3.1;2.1;2.7;2.1;2.7;1.3;;2.7;3.2;1.8;1.3;2.7;3.2;;
9160;Totaal mannen en vrouwen;0;3;1;Vier jaar na afstuderen;9000e Milieu, cultuur, recreatie en ..;Cohort 1999/'00;2.3;2.6;2.2;2.6;2.2;2.6;1.7;2.8;2.4;2.6;;;2.4;2.6;;
9161;Totaal mannen en vrouwen;0;3;1;Vier jaar na afstuderen;9000e Milieu, cultuur, recreatie en ..;Cohort 2000/'01;2.3;2.7;2.3;2.7;2.3;2.7;2.2;2.8;2.4;2.7;;;2.4;2.7;3.6;3.6
9162;Totaal mannen en vrouwen;0;3;1;Vier jaar na afstuderen;9000e Milieu, cultuur, recreatie en ..;Cohort 2001/'02;2.4;2.9;2.3;2.8;2.3;2.7;2.5;3.2;2.6;3.0;;;2.6;3.0;1.0;
9163;Totaal mannen en vrouwen;0;3;1;Vier jaar na afstuderen;9000e Milieu, cultuur, recreatie en ..;Cohort 2002/'03;2.6;3.1;2.6;3.1;2.5;3.0;3.1;4.5;2.6;3.0;2.3;;2.6;3.0;;
9164;Totaal mannen en vrouwen;0;3;1;Vier jaar na afstuderen;9000e Milieu, cultuur, recreatie en ..;Cohort 2003/'04;2.6;3.0;2.5;3.0;2.5;3.0;2.5;4.0;2.7;3.1;2.2;2.7;2.7;3.1;1.7;
9165;Totaal mannen en vrouwen;0;3;1;Vier jaar na afstuderen;Onbekend;Cohort 1999/'00;2.6;3.2;1.8;1.9;2.0;2.3;1.0;1.0;3.4;4.2;;;3.4;4.2;;
9166;Totaal mannen en vrouwen;0;3;1;Vier jaar na afstuderen;Onbekend;Cohort 2000/'01;2.1;2.7;2.6;2.6;2.6;2.6;;;1.8;2.7;;;1.8;2.7;;
9167;Totaal mannen en vrouwen;0;3;1;Vier jaar na afstuderen;Onbekend;Cohort 2001/'02;4.9;4.9;;;;;;;4.9;4.9;;;4.9;4.9;;
9168;Totaal mannen en vrouwen;0;3;1;Vier jaar na afstuderen;Onbekend;Cohort 2002/'03;8.6;8.6;;;;;;;8.6;8.6;;;8.6;8.6;;
9169;Totaal mannen en vrouwen;0;3;1;Vier jaar na afstuderen;Onbekend;Cohort 2003/'04;3.2;3.2;;;;;;;3.2;3.2;;;3.2;3.2;;
9170;Totaal mannen en vrouwen;0;3;1;Vijf jaar na afstuderen;0;Cohort 1999/'00;2.5;2.9;2.3;2.7;2.4;2.7;1.8;2.8;2.6;3.0;;;2.6;3.0;2.9;3.1
9171;Totaal mannen en vrouwen;0;3;1;Vijf jaar na afstuderen;0;Cohort 2000/'01;2.7;3.1;2.6;3.0;2.6;3.0;2.3;3.1;2.8;3.2;;;2.8;3.2;3.4;3.2
9172;Totaal mannen en vrouwen;0;3;1;Vijf jaar na afstuderen;0;Cohort 2001/'02;2.8;3.2;2.5;3.0;2.6;3.0;2.2;3.0;2.9;3.4;2.8;3.0;2.9;3.4;2.9;3.8
9173;Totaal mannen en vrouwen;0;3;1;Vijf jaar na afstuderen;0;Cohort 2002/'03;2.9;3.3;2.7;3.1;2.7;3.1;2.6;3.7;3.0;3.5;2.5;3.2;3.0;3.5;3.0;3.2
9174;Totaal mannen en vrouwen;0;3;1;Vijf jaar na afstuderen;0;Cohort 2003/'04;;;;;;;;;;;;;;;;
9175;Totaal mannen en vrouwen;0;3;1;Vijf jaar na afstuderen;1;Cohort 1999/'00;2.0;2.0;2.2;1.3;2.2;1.3;;;1.7;2.7;;;1.7;2.7;;
9176;Totaal mannen en vrouwen;0;3;1;Vijf jaar na afstuderen;1;Cohort 2000/'01;2.4;2.6;2.8;3.3;2.8;3.3;;;1.7;1.3;;;1.7;1.3;;
9177;Totaal mannen en vrouwen;0;3;1;Vijf jaar na afstuderen;1;Cohort 2001/'02;2.2;2.5;2.4;2.1;2.4;2.1;;;2.0;2.9;;;2.0;2.9;;
9178;Totaal mannen en vrouwen;0;3;1;Vijf jaar na afstuderen;1;Cohort 2002/'03;2.0;2.4;2.1;1.9;2.1;1.9;;;1.9;2.8;;;1.9;2.8;;
9179;Totaal mannen en vrouwen;0;3;1;Vijf jaar na afstuderen;1;Cohort 2003/'04;;;;;;;;;;;;;;;;
9180;Totaal mannen en vrouwen;0;3;1;Vijf jaar na afstuderen;2;Cohort 1999/'00;2.6;2.8;2.4;2.6;2.4;2.6;;;2.8;3.1;;;2.8;3.1;3.5;3.5
9181;Totaal mannen en vrouwen;0;3;1;Vijf jaar na afstuderen;2;Cohort 2000/'01;2.9;3.1;2.7;2.9;2.7;2.9;1.9;1.9;3.1;3.3;;;3.1;3.3;;
9182;Totaal mannen en vrouwen;0;3;1;Vijf jaar na afstuderen;2;Cohort 2001/'02;2.9;3.1;2.7;3.0;2.7;3.0;;;3.1;3.5;;;3.1;3.5;;
9183;Totaal mannen en vrouwen;0;3;1;Vijf jaar na afstuderen;2;Cohort 2002/'03;3.1;3.4;2.9;3.1;2.9;3.1;;;3.5;3.8;;;3.5;3.8;3.7;3.7
9184;Totaal mannen en vrouwen;0;3;1;Vijf jaar na afstuderen;2;Cohort 2003/'04;;;;;;;;;;;;;;;;
9185;Totaal mannen en vrouwen;0;3;1;Vijf jaar na afstuderen;3;Cohort 1999/'00;2.3;2.6;2.1;2.4;2.1;2.4;1.5;1.8;2.7;2.9;;;2.7;2.9;;
9186;Totaal mannen en vrouwen;0;3;1;Vijf jaar na afstuderen;3;Cohort 2000/'01;2.5;3.0;2.4;2.8;2.3;2.8;2.8;3.0;2.8;3.3;;;2.8;3.3;;
9187;Totaal mannen en vrouwen;0;3;1;Vijf jaar na afstuderen;3;Cohort 2001/'02;2.6;3.0;2.5;2.9;2.4;2.9;2.9;3.0;2.8;3.2;;;2.8;3.2;;
9188;Totaal mannen en vrouwen;0;3;1;Vijf jaar na afstuderen;3;Cohort 2002/'03;2.8;3.3;2.6;3.1;2.6;3.1;2.5;2.7;3.1;3.5;1.6;2.0;3.2;3.5;2.9;2.9
9189;Totaal mannen en vrouwen;0;3;1;Vijf jaar na afstuderen;3;Cohort 2003/'04;;;;;;;;;;;;;;;;
9190;Totaal mannen en vrouwen;0;3;1;Vijf jaar na afstuderen;4;Cohort 1999/'00;1.4;2.2;1.4;2.2;1.4;2.2;;;1.5;2.1;;;1.5;2.1;;
9191;Totaal mannen en vrouwen;0;3;1;Vijf jaar na afstuderen;4;Cohort 2000/'01;2.0;2.5;1.9;2.5;1.9;2.5;2.7;2.7;2.1;2.6;;;2.1;2.6;;
9192;Totaal mannen en vrouwen;0;3;1;Vijf jaar na afstuderen;4;Cohort 2001/'02;1.8;3.2;1.7;3.5;1.6;3.5;1.9;;2.0;3.1;;;2.0;3.1;;
9193;Totaal mannen en vrouwen;0;3;1;Vijf jaar na afstuderen;4;Cohort 2002/'03;1.9;2.6;2.0;2.7;2.0;2.7;2.1;;1.6;2.4;;;1.6;2.4;;
9194;Totaal mannen en vrouwen;0;3;1;Vijf jaar na afstuderen;4;Cohort 2003/'04;;;;;;;;;;;;;;;;
9195;Totaal mannen en vrouwen;0;3;1;Vijf jaar na afstuderen;5;Cohort 1999/'00;2.6;2.9;2.4;2.8;2.5;2.8;0.5;;2.9;3.1;;;2.9;3.1;;
9196;Totaal mannen en vrouwen;0;3;1;Vijf jaar na afstuderen;5;Cohort 2000/'01;2.5;3.0;2.5;2.9;2.5;2.9;0.5;;2.5;3.1;;;2.5;3.1;;
9197;Totaal mannen en vrouwen;0;3;1;Vijf jaar na afstuderen;5;Cohort 2001/'02;2.8;3.1;2.7;3.0;2.7;3.0;1.0;;2.9;3.3;;;2.9;3.3;;
9198;Totaal mannen en vrouwen;0;3;1;Vijf jaar na afstuderen;5;Cohort 2002/'03;2.8;3.1;2.6;2.9;2.6;2.9;;;2.9;3.4;2.0;;2.9;3.4;;
9199;Totaal mannen en vrouwen;0;3;1;Vijf jaar na afstuderen;5;Cohort 2003/'04;;;;;;;;;;;;;;;;
9200;Totaal mannen en vrouwen;0;3;1;Vijf jaar na afstuderen;6;Cohort 1999/'00;3.1;3.4;2.8;2.9;2.8;2.9;0.6;;3.4;3.6;;;3.4;3.6;;
9201;Totaal mannen en vrouwen;0;3;1;Vijf jaar na afstuderen;6;Cohort 2000/'01;3.4;3.6;3.1;3.3;3.1;3.3;;;3.7;4.0;;;3.7;4.0;;
9202;Totaal mannen en vrouwen;0;3;1;Vijf jaar na afstuderen;6;Cohort 2001/'02;3.4;3.7;3.0;3.3;3.0;3.3;2.2;;3.7;4.0;;;3.7;4.0;3.5;3.5
9203;Totaal mannen en vrouwen;0;3;1;Vijf jaar na afstuderen;6;Cohort 2002/'03;3.5;3.8;3.1;3.3;3.1;3.3;;;3.9;4.2;;;3.9;4.2;;
9204;Totaal mannen en vrouwen;0;3;1;Vijf jaar na afstuderen;6;Cohort 2003/'04;;;;;;;;;;;;;;;;
9205;Totaal mannen en vrouwen;0;3;1;Vijf jaar na afstuderen;7;Cohort 1999/'00;2.7;2.9;2.5;2.7;2.5;2.7;2.9;3.0;2.8;3.1;;;2.8;3.1;2.4;2.4
9206;Totaal mannen en vrouwen;0;3;1;Vijf jaar na afstuderen;7;Cohort 2000/'01;2.9;3.2;2.8;3.0;2.8;3.0;2.5;3.0;3.0;3.4;;;3.0;3.4;4.6;
9207;Totaal mannen en vrouwen;0;3;1;Vijf jaar na afstuderen;7;Cohort 2001/'02;3.1;3.3;2.9;3.1;2.9;3.1;2.3;2.2;3.3;3.5;2.8;2.8;3.3;3.5;;
9208;Totaal mannen en vrouwen;0;3;1;Vijf jaar na afstuderen;7;Cohort 2002/'03;3.1;3.4;2.9;3.1;2.9;3.1;2.9;4.1;3.4;3.7;2.2;2.4;3.4;3.7;3.4;3.6
9209;Totaal mannen en vrouwen;0;3;1;Vijf jaar na afstuderen;7;Cohort 2003/'04;;;;;;;;;;;;;;;;
9210;Totaal mannen en vrouwen;0;3;1;Vijf jaar na afstuderen;8;Cohort 1999/'00;2.2;2.7;2.0;2.5;2.0;2.5;1.1;;2.3;2.8;;;2.3;2.8;;
9211;Totaal mannen en vrouwen;0;3;1;Vijf jaar na afstuderen;8;Cohort 2000/'01;2.5;3.2;2.4;3.1;2.3;3.1;3.2;3.7;2.6;3.3;;;2.6;3.3;;
9212;Totaal mannen en vrouwen;0;3;1;Vijf jaar na afstuderen;8;Cohort 2001/'02;2.5;3.3;2.2;3.1;2.2;3.1;1.5;;2.7;3.4;;;2.7;3.4;;
9213;Totaal mannen en vrouwen;0;3;1;Vijf jaar na afstuderen;8;Cohort 2002/'03;2.5;3.3;2.3;3.0;2.3;3.1;2.0;2.3;2.7;3.5;2.3;4.3;2.8;3.5;1.6;
9214;Totaal mannen en vrouwen;0;3;1;Vijf jaar na afstuderen;8;Cohort 2003/'04;;;;;;;;;;;;;;;;
9215;Totaal mannen en vrouwen;0;3;1;Vijf jaar na afstuderen;9;Cohort 1999/'00;2.9;3.1;2.6;2.9;2.6;2.9;0.6;;2.9;3.1;;;2.9;3.1;3.2;3.2
9216;Totaal mannen en vrouwen;0;3;1;Vijf jaar na afstuderen;9;Cohort 2000/'01;3.0;3.3;2.8;3.1;2.9;3.1;2.3;2.9;3.1;3.3;;;3.1;3.3;;
9217;Totaal mannen en vrouwen;0;3;1;Vijf jaar na afstuderen;9;Cohort 2001/'02;3.0;3.2;2.7;2.9;2.7;2.9;2.0;3.4;3.2;3.4;3.5;3.5;3.2;3.4;4.0;5.1
9218;Totaal mannen en vrouwen;0;3;1;Vijf jaar na afstuderen;9;Cohort 2002/'03;3.2;3.4;2.9;3.2;3.0;3.2;2.6;2.8;3.3;3.5;4.4;4.4;3.3;3.5;3.4;3.6
9219;Totaal mannen en vrouwen;0;3;1;Vijf jaar na afstuderen;9;Cohort 2003/'04;;;;;;;;;;;;;;;;
9220;Totaal mannen en vrouwen;0;3;1;Vijf jaar na afstuderen;M Onderwijs;Cohort 1999/'00;2.4;2.8;2.1;2.6;2.1;2.5;1.6;3.2;2.4;2.8;;;2.4;2.8;2.8;3.2
9221;Totaal mannen en vrouwen;0;3;1;Vijf jaar na afstuderen;M Onderwijs;Cohort 2000/'01;2.4;2.9;2.2;2.6;2.2;2.6;2.3;3.1;2.4;2.9;;;2.4;2.9;2.7;2.7
9222;Totaal mannen en vrouwen;0;3;1;Vijf jaar na afstuderen;M Onderwijs;Cohort 2001/'02;2.5;3.1;2.2;2.7;2.2;2.7;1.5;2.7;2.7;3.2;2.3;2.6;2.7;3.2;2.3;3.1
9223;Totaal mannen en vrouwen;0;3;1;Vijf jaar na afstuderen;M Onderwijs;Cohort 2002/'03;2.6;3.1;2.2;2.9;2.2;2.9;1.8;2.6;2.7;3.2;2.5;3.0;2.7;3.2;2.7;2.8
9224;Totaal mannen en vrouwen;0;3;1;Vijf jaar na afstuderen;M Onderwijs;Cohort 2003/'04;;;;;;;;;;;;;;;;
9225;Totaal mannen en vrouwen;0;3;1;Vijf jaar na afstuderen;N Gezondheids- en welzijnszorg;Cohort 1999/'00;2.4;2.8;2.0;2.4;2.0;2.4;1.5;;2.4;2.9;;;2.4;2.9;;
9226;Totaal mannen en vrouwen;0;3;1;Vijf jaar na afstuderen;N Gezondheids- en welzijnszorg;Cohort 2000/'01;2.4;2.9;2.0;2.5;2.0;2.5;1.4;;2.5;3.0;;;2.5;3.0;3.1;3.1
9227;Totaal mannen en vrouwen;0;3;1;Vijf jaar na afstuderen;N Gezondheids- en welzijnszorg;Cohort 2001/'02;2.5;3.1;2.1;2.6;2.1;2.6;1.8;1.9;2.7;3.3;;;2.7;3.2;3.5;3.5
9228;Totaal mannen en vrouwen;0;3;1;Vijf jaar na afstuderen;N Gezondheids- en welzijnszorg;Cohort 2002/'03;2.7;3.2;2.2;2.8;2.2;2.8;1.8;2.3;2.8;3.3;2.1;2.8;2.8;3.3;;
9229;Totaal mannen en vrouwen;0;3;1;Vijf jaar na afstuderen;N Gezondheids- en welzijnszorg;Cohort 2003/'04;;;;;;;;;;;;;;;;
9230;Totaal mannen en vrouwen;0;3;1;Vijf jaar na afstuderen;9000e Milieu, cultuur, recreatie en ..;Cohort 1999/'00;2.4;2.8;2.3;2.7;2.4;2.7;1.8;3.0;2.5;2.9;;;2.5;2.9;;
9231;Totaal mannen en vrouwen;0;3;1;Vijf jaar na afstuderen;9000e Milieu, cultuur, recreatie en ..;Cohort 2000/'01;2.6;3.2;2.7;3.3;2.7;3.3;2.2;3.4;2.6;3.1;;;2.6;3.1;4.1;4.1
9232;Totaal mannen en vrouwen;0;3;1;Vijf jaar na afstuderen;9000e Milieu, cultuur, recreatie en ..;Cohort 2001/'02;2.7;3.2;2.5;3.1;2.5;3.1;2.4;3.1;2.8;3.3;;;2.8;3.3;1.8;
9233;Totaal mannen en vrouwen;0;3;1;Vijf jaar na afstuderen;9000e Milieu, cultuur, recreatie en ..;Cohort 2002/'03;2.7;3.2;2.7;3.3;2.6;3.2;3.1;4.8;2.8;3.2;2.9;3.4;2.7;3.2;;
9234;Totaal mannen en vrouwen;0;3;1;Vijf jaar na afstuderen;9000e Milieu, cultuur, recreatie en ..;Cohort 2003/'04;;;;;;;;;;;;;;;;
9235;Totaal mannen en vrouwen;0;3;1;Vijf jaar na afstuderen;Onbekend;Cohort 1999/'00;3.5;3.7;3.1;3.4;3.1;3.4;;;4.5;4.5;;;4.5;4.5;;
9236;Totaal mannen en vrouwen;0;3;1;Vijf jaar na afstuderen;Onbekend;Cohort 2000/'01;2.9;2.9;;;;;;;2.9;2.9;;;2.9;2.9;;
9237;Totaal mannen en vrouwen;0;3;1;Vijf jaar na afstuderen;Onbekend;Cohort 2001/'02;0.9;1.1;0.8;;0.8;;;;1.1;1.1;;;1.1;1.1;;
9238;Totaal mannen en vrouwen;0;3;1;Vijf jaar na afstuderen;Onbekend;Cohort 2002/'03;2.7;3.6;2.7;4.1;2.7;4.1;;;2.7;3.1;;;2.7;3.1;;
9239;Totaal mannen en vrouwen;0;3;1;Vijf jaar na afstuderen;Onbekend;Cohort 2003/'04;;;;;;;;;;;;;;;;
9240;Totaal mannen en vrouwen;0;3;2;Direct na afstuderen;0;Cohort 1999/'00;1.3;;1.2;;1.2;;0.7;;1.4;;;;1.4;;1.7;
9241;Totaal mannen en vrouwen;0;3;2;Direct na afstuderen;0;Cohort 2000/'01;1.3;1.8;1.1;1.7;1.1;1.7;0.9;1.8;1.4;1.9;0.3;;1.4;1.9;;
9242;Totaal mannen en vrouwen;0;3;2;Direct na afstuderen;0;Cohort 2001/'02;1.2;1.9;1.1;1.8;1.1;1.8;0.9;2.3;1.4;2.0;;;1.4;2.0;3.5;3.5
9243;Totaal mannen en vrouwen;0;3;2;Direct na afstuderen;0;Cohort 2002/'03;1.2;2.0;1.1;1.8;1.1;1.8;0.9;3.0;1.4;2.0;1.0;2.0;1.4;2.1;1.0;
9244;Totaal mannen en vrouwen;0;3;2;Direct na afstuderen;0;Cohort 2003/'04;1.2;2.0;1.1;2.0;1.2;2.0;1.0;2.0;1.3;2.0;1.4;2.0;1.3;2.0;1.5;2.0
9245;Totaal mannen en vrouwen;0;3;2;Direct na afstuderen;1;Cohort 1999/'00;0.3;;0.3;;0.3;;;;;;;;;;;
9246;Totaal mannen en vrouwen;0;3;2;Direct na afstuderen;1;Cohort 2000/'01;;;;;;;;;;;;;;;;
9247;Totaal mannen en vrouwen;0;3;2;Direct na afstuderen;1;Cohort 2001/'02;;;;;;;;;;;;;;;;
9248;Totaal mannen en vrouwen;0;3;2;Direct na afstuderen;1;Cohort 2002/'03;0.4;;;;;;;;0.4;;;;0.4;;;
9249;Totaal mannen en vrouwen;0;3;2;Direct na afstuderen;1;Cohort 2003/'04;0.9;;;;;;;;0.9;;;;0.9;;;
9250;Totaal mannen en vrouwen;0;3;2;Direct na afstuderen;2;Cohort 1999/'00;1.4;;1.5;;1.5;;;;1.3;;;;1.3;;;
9251;Totaal mannen en vrouwen;0;3;2;Direct na afstuderen;2;Cohort 2000/'01;1.7;2.3;1.4;1.8;1.4;1.7;2.4;2.4;2.0;2.9;;;2.0;2.9;;
9252;Totaal mannen en vrouwen;0;3;2;Direct na afstuderen;2;Cohort 2001/'02;1.4;1.9;1.3;1.9;1.3;1.9;;;1.5;2.0;;;1.5;2.0;;
9253;Totaal mannen en vrouwen;0;3;2;Direct na afstuderen;2;Cohort 2002/'03;1.2;1.7;1.0;1.7;1.0;1.7;0.5;;1.5;1.7;;;1.5;1.7;;
9254;Totaal mannen en vrouwen;0;3;2;Direct na afstuderen;2;Cohort 2003/'04;1.6;2.2;1.5;1.9;1.6;1.9;0.7;;1.8;2.4;1.9;1.9;1.8;2.5;;
9255;Totaal mannen en vrouwen;0;3;2;Direct na afstuderen;3;Cohort 1999/'00;1.0;;1.0;;1.1;;0.5;;1.0;;;;1.0;;;
9256;Totaal mannen en vrouwen;0;3;2;Direct na afstuderen;3;Cohort 2000/'01;1.1;1.9;1.0;1.7;1.0;1.7;1.0;;1.3;2.1;;;1.3;2.1;;
9257;Totaal mannen en vrouwen;0;3;2;Direct na afstuderen;3;Cohort 2001/'02;1.0;1.7;0.9;1.6;0.9;1.6;1.1;;1.1;1.7;;;1.1;1.7;;
9258;Totaal mannen en vrouwen;0;3;2;Direct na afstuderen;3;Cohort 2002/'03;1.0;2.1;0.9;1.5;0.9;1.5;0.9;;1.1;2.7;;;1.1;2.7;;
9259;Totaal mannen en vrouwen;0;3;2;Direct na afstuderen;3;Cohort 2003/'04;1.1;1.8;1.0;1.8;1.0;1.8;0.6;;1.3;1.8;1.0;1.8;1.3;1.8;1.6;1.6
9260;Totaal mannen en vrouwen;0;3;2;Direct na afstuderen;4;Cohort 1999/'00;0.7;;0.7;;0.7;;1.3;;0.6;;;;0.6;;;
9261;Totaal mannen en vrouwen;0;3;2;Direct na afstuderen;4;Cohort 2000/'01;0.6;1.6;0.7;1.7;0.7;1.7;0.3;;0.6;1.6;;;0.6;1.6;;
9262;Totaal mannen en vrouwen;0;3;2;Direct na afstuderen;4;Cohort 2001/'02;0.8;1.5;0.8;1.7;0.8;1.7;;;0.9;1.4;;;0.9;1.4;;
9263;Totaal mannen en vrouwen;0;3;2;Direct na afstuderen;4;Cohort 2002/'03;0.8;1.6;0.7;0.9;0.7;0.9;;;1.0;2.3;;;1.0;2.3;;
9264;Totaal mannen en vrouwen;0;3;2;Direct na afstuderen;4;Cohort 2003/'04;0.7;1.8;0.6;1.5;0.6;1.5;1.0;;0.7;2.1;0.7;;0.7;2.1;;
9265;Totaal mannen en vrouwen;0;3;2;Direct na afstuderen;5;Cohort 1999/'00;1.3;;1.4;;1.4;;;;1.3;;;;1.3;;;
9266;Totaal mannen en vrouwen;0;3;2;Direct na afstuderen;5;Cohort 2000/'01;1.4;1.9;1.2;1.8;1.2;1.8;;;1.6;2.0;;;1.6;2.0;;
9267;Totaal mannen en vrouwen;0;3;2;Direct na afstuderen;5;Cohort 2001/'02;1.0;1.7;0.8;1.4;0.8;1.4;;;1.3;2.0;;;1.3;2.0;;
9268;Totaal mannen en vrouwen;0;3;2;Direct na afstuderen;5;Cohort 2002/'03;1.1;2.0;0.7;1.5;0.7;1.5;1.0;;1.5;2.4;1.2;;1.5;2.4;;
9269;Totaal mannen en vrouwen;0;3;2;Direct na afstuderen;5;Cohort 2003/'04;1.1;1.9;1.3;1.9;1.4;1.9;0.7;;1.0;1.8;;;1.0;1.8;0.5;
9270;Totaal mannen en vrouwen;0;3;2;Direct na afstuderen;6;Cohort 1999/'00;1.9;;1.8;;1.8;;;;1.9;;;;1.9;;;
9271;Totaal mannen en vrouwen;0;3;2;Direct na afstuderen;6;Cohort 2000/'01;1.8;2.0;1.8;1.9;1.8;1.9;;;1.9;2.1;;;1.9;2.1;;
9272;Totaal mannen en vrouwen;0;3;2;Direct na afstuderen;6;Cohort 2001/'02;1.8;2.2;1.8;2.3;1.8;2.3;;;1.8;2.1;;;1.8;2.1;;
9273;Totaal mannen en vrouwen;0;3;2;Direct na afstuderen;6;Cohort 2002/'03;1.6;2.1;1.4;1.9;1.4;1.9;;;1.7;2.2;;;1.7;2.2;;
9274;Totaal mannen en vrouwen;0;3;2;Direct na afstuderen;6;Cohort 2003/'04;2.5;3.7;3.4;5.3;3.4;5.3;;;1.9;2.4;;;1.9;2.4;;
9275;Totaal mannen en vrouwen;0;3;2;Direct na afstuderen;7;Cohort 1999/'00;1.5;;1.5;;1.5;;;;1.5;;;;1.5;;1.7;
9276;Totaal mannen en vrouwen;0;3;2;Direct na afstuderen;7;Cohort 2000/'01;1.4;1.8;1.2;1.7;1.2;1.7;0.2;;1.6;1.9;0.3;;1.6;1.9;;
9277;Totaal mannen en vrouwen;0;3;2;Direct na afstuderen;7;Cohort 2001/'02;1.4;2.0;1.2;2.0;1.2;2.0;1.9;;1.6;2.1;;;1.6;2.1;;
9278;Totaal mannen en vrouwen;0;3;2;Direct na afstuderen;7;Cohort 2002/'03;1.4;1.9;1.3;1.7;1.3;1.7;;;1.5;2.1;0.7;;1.6;2.1;;
9279;Totaal mannen en vrouwen;0;3;2;Direct na afstuderen;7;Cohort 2003/'04;1.3;1.9;1.2;1.7;1.2;1.7;0.7;1.2;1.4;2.0;1.4;1.8;1.4;2.0;;
9280;Totaal mannen en vrouwen;0;3;2;Direct na afstuderen;8;Cohort 1999/'00;1.2;;1.1;;1.1;;1.4;;1.2;;;;1.2;;;
9281;Totaal mannen en vrouwen;0;3;2;Direct na afstuderen;8;Cohort 2000/'01;1.1;1.7;1.1;1.7;1.1;1.7;1.0;;1.2;1.7;;;1.2;1.7;;
9282;Totaal mannen en vrouwen;0;3;2;Direct na afstuderen;8;Cohort 2001/'02;1.1;1.8;1.1;1.8;1.1;1.8;0.6;;1.1;1.8;;;1.1;1.8;;
9283;Totaal mannen en vrouwen;0;3;2;Direct na afstuderen;8;Cohort 2002/'03;1.2;1.7;1.2;1.7;1.2;1.7;;;1.3;1.7;;;1.3;1.7;;
9284;Totaal mannen en vrouwen;0;3;2;Direct na afstuderen;8;Cohort 2003/'04;1.2;1.8;1.1;1.6;1.1;1.6;1.2;1.9;1.2;1.9;1.4;;1.2;1.9;;
9285;Totaal mannen en vrouwen;0;3;2;Direct na afstuderen;9;Cohort 1999/'00;1.7;;0.8;;0.9;;0.5;;2.0;;;;2.0;;;
9286;Totaal mannen en vrouwen;0;3;2;Direct na afstuderen;9;Cohort 2000/'01;1.5;1.9;1.1;2.0;1.1;2.0;;;1.7;1.9;;;1.7;1.9;;
9287;Totaal mannen en vrouwen;0;3;2;Direct na afstuderen;9;Cohort 2001/'02;1.6;2.2;0.8;1.7;0.8;1.7;1.0;;2.2;2.3;;;2.2;2.3;3.5;3.5
9288;Totaal mannen en vrouwen;0;3;2;Direct na afstuderen;9;Cohort 2002/'03;1.2;2.3;0.6;1.7;0.7;1.7;0.3;;1.8;2.5;;;1.8;2.5;;
9289;Totaal mannen en vrouwen;0;3;2;Direct na afstuderen;9;Cohort 2003/'04;1.5;2.5;1.1;2.6;1.0;2.7;1.5;2.4;2.1;2.4;2.0;2.6;2.1;2.4;;
9290;Totaal mannen en vrouwen;0;3;2;Direct na afstuderen;M Onderwijs;Cohort 1999/'00;1.1;;0.6;;0.6;;0.6;;1.3;;;;1.3;;;
9291;Totaal mannen en vrouwen;0;3;2;Direct na afstuderen;M Onderwijs;Cohort 2000/'01;1.3;1.7;0.9;1.7;0.9;1.7;0.5;;1.6;1.7;;;1.6;1.7;;
9292;Totaal mannen en vrouwen;0;3;2;Direct na afstuderen;M Onderwijs;Cohort 2001/'02;1.4;1.9;1.1;1.7;1.1;1.7;1.0;;1.5;1.9;;;1.5;1.9;;
9293;Totaal mannen en vrouwen;0;3;2;Direct na afstuderen;M Onderwijs;Cohort 2002/'03;1.4;2.2;1.0;2.1;1.0;2.1;0.9;;1.4;2.2;2.0;2.0;1.4;2.2;1.0;
9294;Totaal mannen en vrouwen;0;3;2;Direct na afstuderen;M Onderwijs;Cohort 2003/'04;1.3;2.0;1.0;2.1;1.2;2.1;0.7;;1.4;2.0;2.3;2.5;1.3;1.9;2.4;2.4
9295;Totaal mannen en vrouwen;0;3;2;Direct na afstuderen;N Gezondheids- en welzijnszorg;Cohort 1999/'00;1.4;;0.9;;1.0;;0.3;;1.5;;;;1.5;;;
9296;Totaal mannen en vrouwen;0;3;2;Direct na afstuderen;N Gezondheids- en welzijnszorg;Cohort 2000/'01;1.3;1.8;1.2;2.0;1.2;2.0;;;1.4;1.8;;;1.4;1.8;;
9297;Totaal mannen en vrouwen;0;3;2;Direct na afstuderen;N Gezondheids- en welzijnszorg;Cohort 2001/'02;1.3;2.3;1.0;1.7;1.0;1.7;2.8;;1.4;2.4;;;1.4;2.4;;
9298;Totaal mannen en vrouwen;0;3;2;Direct na afstuderen;N Gezondheids- en welzijnszorg;Cohort 2002/'03;1.3;1.9;1.1;1.9;1.1;1.9;0.8;;1.4;1.8;;;1.4;1.8;;
9299;Totaal mannen en vrouwen;0;3;2;Direct na afstuderen;N Gezondheids- en welzijnszorg;Cohort 2003/'04;1.3;2.0;1.1;1.8;1.1;1.9;1.4;1.4;1.4;2.1;1.7;;1.4;2.1;;
9300;Totaal mannen en vrouwen;0;3;2;Direct na afstuderen;9000e Milieu, cultuur, recreatie en ..;Cohort 1999/'00;1.4;;1.2;;1.3;;0.6;;1.6;;;;1.6;;;
9301;Totaal mannen en vrouwen;0;3;2;Direct na afstuderen;9000e Milieu, cultuur, recreatie en ..;Cohort 2000/'01;1.4;1.8;1.3;1.7;1.3;1.7;1.0;1.6;1.5;1.9;;;1.5;1.9;;
9302;Totaal mannen en vrouwen;0;3;2;Direct na afstuderen;9000e Milieu, cultuur, recreatie en ..;Cohort 2001/'02;1.2;1.8;1.2;1.7;1.3;1.7;0.5;2.3;1.3;2.0;;;1.3;2.0;;
9303;Totaal mannen en vrouwen;0;3;2;Direct na afstuderen;9000e Milieu, cultuur, recreatie en ..;Cohort 2002/'03;1.3;2.1;1.3;2.3;1.3;2.3;1.0;3.0;1.4;1.9;;;1.4;1.9;;
9304;Totaal mannen en vrouwen;0;3;2;Direct na afstuderen;9000e Milieu, cultuur, recreatie en ..;Cohort 2003/'04;1.1;1.9;1.1;1.9;1.1;1.9;1.1;2.3;1.2;1.8;0.9;;1.2;1.8;;
9305;Totaal mannen en vrouwen;0;3;2;Direct na afstuderen;Onbekend;Cohort 1999/'00;;;;;;;;;;;;;;;;
9306;Totaal mannen en vrouwen;0;3;2;Direct na afstuderen;Onbekend;Cohort 2000/'01;;;;;;;;;;;;;;;;
9307;Totaal mannen en vrouwen;0;3;2;Direct na afstuderen;Onbekend;Cohort 2001/'02;0.9;0.9;;;;;;;0.9;0.9;;;0.9;0.9;;
9308;Totaal mannen en vrouwen;0;3;2;Direct na afstuderen;Onbekend;Cohort 2002/'03;;;;;;;;;;;;;;;;
9309;Totaal mannen en vrouwen;0;3;2;Direct na afstuderen;Onbekend;Cohort 2003/'04;1.4;1.8;1.1;1.6;1.6;1.6;0.7;;1.9;1.9;;;1.9;1.9;;
9310;Totaal mannen en vrouwen;0;3;2;Één jaar na afstuderen;0;Cohort 1999/'00;1.8;2.1;1.6;1.9;1.7;2.0;1.0;1.7;1.9;2.2;;;1.9;2.2;2.1;2.1
9311;Totaal mannen en vrouwen;0;3;2;Één jaar na afstuderen;0;Cohort 2000/'01;1.8;2.1;1.6;2.0;1.6;2.0;1.7;2.2;1.9;2.2;;;1.9;2.2;;
9312;Totaal mannen en vrouwen;0;3;2;Één jaar na afstuderen;0;Cohort 2001/'02;1.7;2.2;1.6;2.0;1.6;2.0;1.3;2.1;1.9;2.3;;;1.9;2.3;3.9;3.9
9313;Totaal mannen en vrouwen;0;3;2;Één jaar na afstuderen;0;Cohort 2002/'03;1.7;2.2;1.5;2.0;1.6;2.0;1.3;2.1;1.9;2.3;1.3;1.5;1.9;2.3;1.9;2.3
9314;Totaal mannen en vrouwen;0;3;2;Één jaar na afstuderen;0;Cohort 2003/'04;1.8;2.2;1.6;2.1;1.7;2.1;1.2;2.2;1.9;2.2;1.8;2.2;1.9;2.2;1.6;2.3
9315;Totaal mannen en vrouwen;0;3;2;Één jaar na afstuderen;1;Cohort 1999/'00;;;;;;;;;;;;;;;;
9316;Totaal mannen en vrouwen;0;3;2;Één jaar na afstuderen;1;Cohort 2000/'01;;;;;;;;;;;;;;;;
9317;Totaal mannen en vrouwen;0;3;2;Één jaar na afstuderen;1;Cohort 2001/'02;;;;;;;;;;;;;;;;
9318;Totaal mannen en vrouwen;0;3;2;Één jaar na afstuderen;1;Cohort 2002/'03;;;;;;;;;;;;;;;;
9319;Totaal mannen en vrouwen;0;3;2;Één jaar na afstuderen;1;Cohort 2003/'04;1.6;1.4;1.8;1.6;1.8;1.6;;;1.5;1.2;;;1.5;1.2;;
9320;Totaal mannen en vrouwen;0;3;2;Één jaar na afstuderen;2;Cohort 1999/'00;2.0;2.0;2.0;2.0;2.0;2.0;;;1.9;2.1;;;1.9;2.1;;
9321;Totaal mannen en vrouwen;0;3;2;Één jaar na afstuderen;2;Cohort 2000/'01;2.0;2.1;1.9;2.0;1.9;1.9;2.3;2.3;2.0;2.3;;;2.0;2.3;;
9322;Totaal mannen en vrouwen;0;3;2;Één jaar na afstuderen;2;Cohort 2001/'02;1.5;1.9;1.4;1.7;1.4;1.7;1.4;;1.9;2.4;;;1.9;2.4;;
9323;Totaal mannen en vrouwen;0;3;2;Één jaar na afstuderen;2;Cohort 2002/'03;1.9;2.1;1.9;2.1;1.9;2.1;;;1.9;2.1;;;1.9;2.1;;
9324;Totaal mannen en vrouwen;0;3;2;Één jaar na afstuderen;2;Cohort 2003/'04;2.1;2.2;2.1;2.2;2.1;2.2;;;2.2;2.3;2.0;2.0;2.2;2.4;1.2;
9325;Totaal mannen en vrouwen;0;3;2;Één jaar na afstuderen;3;Cohort 1999/'00;1.6;1.9;1.4;1.7;1.5;1.7;1.0;1.5;1.9;2.2;;;1.9;2.2;;
9326;Totaal mannen en vrouwen;0;3;2;Één jaar na afstuderen;3;Cohort 2000/'01;1.7;2.2;1.5;2.1;1.5;2.1;;;2.0;2.3;;;2.0;2.3;;
9327;Totaal mannen en vrouwen;0;3;2;Één jaar na afstuderen;3;Cohort 2001/'02;1.5;1.9;1.4;1.9;1.5;1.9;0.8;;1.7;1.9;;;1.7;1.9;;
9328;Totaal mannen en vrouwen;0;3;2;Één jaar na afstuderen;3;Cohort 2002/'03;1.7;2.0;1.6;1.9;1.6;1.9;1.1;1.1;1.8;2.2;1.3;1.5;1.8;2.3;;
9329;Totaal mannen en vrouwen;0;3;2;Één jaar na afstuderen;3;Cohort 2003/'04;1.7;2.1;1.6;2.0;1.7;2.0;0.9;;1.8;2.2;1.2;;1.8;2.2;1.7;2.0
9330;Totaal mannen en vrouwen;0;3;2;Één jaar na afstuderen;4;Cohort 1999/'00;1.1;1.8;1.0;1.4;1.0;1.4;;;1.3;2.7;;;1.3;2.7;;
9331;Totaal mannen en vrouwen;0;3;2;Één jaar na afstuderen;4;Cohort 2000/'01;0.8;2.1;0.8;2.1;0.8;2.1;0.5;;0.9;;;;0.9;;;
9332;Totaal mannen en vrouwen;0;3;2;Één jaar na afstuderen;4;Cohort 2001/'02;1.0;1.7;0.9;1.8;1.0;1.8;0.3;;1.2;1.6;;;1.2;1.6;;
9333;Totaal mannen en vrouwen;0;3;2;Één jaar na afstuderen;4;Cohort 2002/'03;1.1;1.7;0.9;1.2;0.9;1.2;0.7;;1.3;2.3;;;1.3;2.3;;
9334;Totaal mannen en vrouwen;0;3;2;Één jaar na afstuderen;4;Cohort 2003/'04;1.0;1.9;0.9;1.8;0.9;1.8;;;1.3;2.1;0.7;;1.4;2.1;;
9335;Totaal mannen en vrouwen;0;3;2;Één jaar na afstuderen;5;Cohort 1999/'00;1.9;2.2;1.8;1.9;1.8;1.9;;;2.0;2.6;;;2.0;2.6;;
9336;Totaal mannen en vrouwen;0;3;2;Één jaar na afstuderen;5;Cohort 2000/'01;1.9;2.1;1.9;2.0;1.9;2.0;;;1.9;2.4;;;1.9;2.4;;
9337;Totaal mannen en vrouwen;0;3;2;Één jaar na afstuderen;5;Cohort 2001/'02;1.6;2.0;1.6;2.0;1.6;2.0;;;1.7;2.0;;;1.7;2.0;;
9338;Totaal mannen en vrouwen;0;3;2;Één jaar na afstuderen;5;Cohort 2002/'03;1.6;2.1;1.3;2.0;1.3;2.0;;;2.0;2.2;;;2.0;2.2;;
9339;Totaal mannen en vrouwen;0;3;2;Één jaar na afstuderen;5;Cohort 2003/'04;1.6;1.9;1.7;1.8;1.7;1.8;2.0;;1.5;2.0;2.5;2.5;1.5;2.0;;
9340;Totaal mannen en vrouwen;0;3;2;Één jaar na afstuderen;6;Cohort 1999/'00;2.2;2.2;2.1;2.1;2.1;2.1;;;2.2;2.3;;;2.2;2.3;;
9341;Totaal mannen en vrouwen;0;3;2;Één jaar na afstuderen;6;Cohort 2000/'01;2.2;2.4;2.2;2.3;2.2;2.3;;;2.3;2.4;;;2.3;2.4;;
9342;Totaal mannen en vrouwen;0;3;2;Één jaar na afstuderen;6;Cohort 2001/'02;2.0;2.1;1.9;1.9;1.9;1.9;;;2.1;2.4;;;2.1;2.4;;
9343;Totaal mannen en vrouwen;0;3;2;Één jaar na afstuderen;6;Cohort 2002/'03;2.2;2.4;1.9;2.2;1.9;2.2;;;2.4;2.7;;;2.4;2.7;;
9344;Totaal mannen en vrouwen;0;3;2;Één jaar na afstuderen;6;Cohort 2003/'04;2.2;2.3;2.0;2.0;2.0;2.0;;;2.2;2.5;;;2.2;2.5;;
9345;Totaal mannen en vrouwen;0;3;2;Één jaar na afstuderen;7;Cohort 1999/'00;2.0;2.1;1.9;2.0;1.9;2.0;;;2.0;2.2;;;2.0;2.2;2.1;2.1
9346;Totaal mannen en vrouwen;0;3;2;Één jaar na afstuderen;7;Cohort 2000/'01;1.9;2.0;1.8;1.9;1.8;1.9;2.1;2.1;1.9;2.1;;;1.9;2.1;;
9347;Totaal mannen en vrouwen;0;3;2;Één jaar na afstuderen;7;Cohort 2001/'02;2.0;2.2;1.8;2.0;1.8;2.0;1.6;1.4;2.2;2.3;;;2.2;2.3;;
9348;Totaal mannen en vrouwen;0;3;2;Één jaar na afstuderen;7;Cohort 2002/'03;1.9;2.2;1.7;2.0;1.8;2.0;0.9;;2.1;2.3;1.4;1.9;2.1;2.3;;
9349;Totaal mannen en vrouwen;0;3;2;Één jaar na afstuderen;7;Cohort 2003/'04;1.9;2.1;1.8;2.1;1.8;2.1;2.1;;2.0;2.1;2.0;2.2;2.0;2.1;;
9350;Totaal mannen en vrouwen;0;3;2;Één jaar na afstuderen;8;Cohort 1999/'00;1.5;2.0;1.5;1.9;1.5;1.9;2.0;2.0;1.5;2.1;;;1.5;2.1;;
9351;Totaal mannen en vrouwen;0;3;2;Één jaar na afstuderen;8;Cohort 2000/'01;1.5;2.0;1.5;2.0;1.5;2.0;0.4;;1.5;2.1;;;1.5;2.1;;
9352;Totaal mannen en vrouwen;0;3;2;Één jaar na afstuderen;8;Cohort 2001/'02;1.6;2.0;1.5;1.9;1.5;1.9;1.6;2.5;1.7;2.1;;;1.7;2.1;;
9353;Totaal mannen en vrouwen;0;3;2;Één jaar na afstuderen;8;Cohort 2002/'03;1.5;2.0;1.4;1.9;1.4;1.9;0.5;;1.6;2.0;;;1.6;2.0;;
9354;Totaal mannen en vrouwen;0;3;2;Één jaar na afstuderen;8;Cohort 2003/'04;1.6;2.0;1.6;2.1;1.6;2.2;0.6;1.4;1.6;2.0;1.3;;1.6;2.0;;
9355;Totaal mannen en vrouwen;0;3;2;Één jaar na afstuderen;9;Cohort 1999/'00;2.0;2.2;1.7;2.0;1.7;2.0;;;2.2;2.3;;;2.2;2.3;;
9356;Totaal mannen en vrouwen;0;3;2;Één jaar na afstuderen;9;Cohort 2000/'01;1.9;2.1;1.6;1.9;1.7;2.0;0.8;1.3;2.2;2.2;;;2.2;2.2;;
9357;Totaal mannen en vrouwen;0;3;2;Één jaar na afstuderen;9;Cohort 2001/'02;1.8;2.3;1.3;1.7;1.3;1.7;0.9;1.7;2.2;2.6;;;2.1;2.6;3.9;3.9
9358;Totaal mannen en vrouwen;0;3;2;Één jaar na afstuderen;9;Cohort 2002/'03;1.9;2.4;1.4;1.9;1.4;1.9;0.7;;2.5;2.8;;;2.5;2.8;;
9359;Totaal mannen en vrouwen;0;3;2;Één jaar na afstuderen;9;Cohort 2003/'04;2.2;2.3;1.9;2.3;1.9;2.2;1.9;2.5;2.2;2.3;2.0;2.0;2.2;2.4;;
9360;Totaal mannen en vrouwen;0;3;2;Één jaar na afstuderen;M Onderwijs;Cohort 1999/'00;1.5;1.8;1.2;1.7;1.2;1.6;1.0;1.9;1.6;1.9;;;1.6;1.9;;
9361;Totaal mannen en vrouwen;0;3;2;Één jaar na afstuderen;M Onderwijs;Cohort 2000/'01;1.7;1.9;1.5;1.7;1.5;1.7;1.2;;1.8;1.9;;;1.8;1.9;;
9362;Totaal mannen en vrouwen;0;3;2;Één jaar na afstuderen;M Onderwijs;Cohort 2001/'02;1.8;2.2;1.6;2.2;1.6;2.2;1.5;;1.8;2.2;;;1.8;2.2;;
9363;Totaal mannen en vrouwen;0;3;2;Één jaar na afstuderen;M Onderwijs;Cohort 2002/'03;1.9;2.4;1.7;2.2;1.8;2.2;1.2;;1.9;2.4;1.2;1.2;1.9;2.5;1.9;2.3
9364;Totaal mannen en vrouwen;0;3;2;Één jaar na afstuderen;M Onderwijs;Cohort 2003/'04;1.8;2.2;1.2;1.8;1.3;1.8;1.0;;1.9;2.3;2.4;2.5;1.9;2.3;1.7;2.5
9365;Totaal mannen en vrouwen;0;3;2;Één jaar na afstuderen;N Gezondheids- en welzijnszorg;Cohort 1999/'00;1.8;2.2;1.3;2.3;1.3;2.3;0.3;;1.9;2.2;;;1.9;2.2;;
9366;Totaal mannen en vrouwen;0;3;2;Één jaar na afstuderen;N Gezondheids- en welzijnszorg;Cohort 2000/'01;1.8;2.4;1.7;2.1;1.7;2.1;;;1.9;2.5;;;1.9;2.5;;
9367;Totaal mannen en vrouwen;0;3;2;Één jaar na afstuderen;N Gezondheids- en welzijnszorg;Cohort 2001/'02;1.9;2.5;1.7;2.2;1.7;2.2;3.4;;2.0;2.6;;;2.0;2.6;;
9368;Totaal mannen en vrouwen;0;3;2;Één jaar na afstuderen;N Gezondheids- en welzijnszorg;Cohort 2002/'03;1.8;2.3;1.7;1.9;1.7;1.9;1.1;;1.8;2.3;;;1.8;2.3;;
9369;Totaal mannen en vrouwen;0;3;2;Één jaar na afstuderen;N Gezondheids- en welzijnszorg;Cohort 2003/'04;1.8;2.2;1.6;1.9;1.6;2.0;1.1;1.4;1.9;2.2;1.6;1.7;1.9;2.2;;
9370;Totaal mannen en vrouwen;0;3;2;Één jaar na afstuderen;9000e Milieu, cultuur, recreatie en ..;Cohort 1999/'00;1.7;2.1;1.6;2.1;1.7;2.1;0.8;1.4;1.8;2.1;;;1.8;2.1;;
9371;Totaal mannen en vrouwen;0;3;2;Één jaar na afstuderen;9000e Milieu, cultuur, recreatie en ..;Cohort 2000/'01;1.8;2.1;1.7;2.0;1.6;2.0;2.3;2.5;1.8;2.3;;;1.8;2.3;;
9372;Totaal mannen en vrouwen;0;3;2;Één jaar na afstuderen;9000e Milieu, cultuur, recreatie en ..;Cohort 2001/'02;1.8;2.3;1.7;2.2;1.8;2.2;1.2;2.4;2.0;2.6;;;2.0;2.6;;
9373;Totaal mannen en vrouwen;0;3;2;Één jaar na afstuderen;9000e Milieu, cultuur, recreatie en ..;Cohort 2002/'03;1.6;2.1;1.5;2.1;1.4;2.0;1.7;3.2;1.9;2.1;;;1.9;2.1;;
9374;Totaal mannen en vrouwen;0;3;2;Één jaar na afstuderen;9000e Milieu, cultuur, recreatie en ..;Cohort 2003/'04;1.7;2.3;1.7;2.3;1.7;2.3;1.3;2.9;1.8;2.3;1.7;2.2;1.8;2.3;;
9375;Totaal mannen en vrouwen;0;3;2;Één jaar na afstuderen;Onbekend;Cohort 1999/'00;;;;;;;;;;;;;;;;
9376;Totaal mannen en vrouwen;0;3;2;Één jaar na afstuderen;Onbekend;Cohort 2000/'01;;;;;;;;;;;;;;;;
9377;Totaal mannen en vrouwen;0;3;2;Één jaar na afstuderen;Onbekend;Cohort 2001/'02;0.9;;;;;;;;0.9;;;;0.9;;;
9378;Totaal mannen en vrouwen;0;3;2;Één jaar na afstuderen;Onbekend;Cohort 2002/'03;;;;;;;;;;;;;;;;
9379;Totaal mannen en vrouwen;0;3;2;Één jaar na afstuderen;Onbekend;Cohort 2003/'04;1.6;;1.6;;1.6;;;;;;;;;;;
9380;Totaal mannen en vrouwen;0;3;2;Twee jaar na afstuderen;0;Cohort 1999/'00;2.0;2.4;1.8;2.2;1.9;2.2;1.4;2.0;2.2;2.5;;;2.2;2.5;2.6;2.6
9381;Totaal mannen en vrouwen;0;3;2;Twee jaar na afstuderen;0;Cohort 2000/'01;2.0;2.3;1.8;2.2;1.8;2.2;1.8;2.2;2.2;2.5;;;2.2;2.5;;
9382;Totaal mannen en vrouwen;0;3;2;Twee jaar na afstuderen;0;Cohort 2001/'02;2.0;2.4;1.8;2.2;1.8;2.2;1.3;1.7;2.2;2.5;;;2.2;2.5;4.4;4.4
9383;Totaal mannen en vrouwen;0;3;2;Twee jaar na afstuderen;0;Cohort 2002/'03;2.1;2.4;1.8;2.3;1.8;2.3;1.6;2.8;2.3;2.6;1.6;1.8;2.3;2.6;2.1;2.5
9384;Totaal mannen en vrouwen;0;3;2;Twee jaar na afstuderen;0;Cohort 2003/'04;2.2;2.6;2.1;2.5;2.1;2.5;1.7;3.1;2.3;2.7;2.0;2.5;2.3;2.7;1.9;2.3
9385;Totaal mannen en vrouwen;0;3;2;Twee jaar na afstuderen;1;Cohort 1999/'00;;;;;;;;;;;;;;;;
9386;Totaal mannen en vrouwen;0;3;2;Twee jaar na afstuderen;1;Cohort 2000/'01;;;;;;;;;;;;;;;;
9387;Totaal mannen en vrouwen;0;3;2;Twee jaar na afstuderen;1;Cohort 2001/'02;0.6;0.6;0.5;;0.5;;;;0.6;0.6;;;0.6;0.6;;
9388;Totaal mannen en vrouwen;0;3;2;Twee jaar na afstuderen;1;Cohort 2002/'03;;;;;;;;;;;;;;;;
9389;Totaal mannen en vrouwen;0;3;2;Twee jaar na afstuderen;1;Cohort 2003/'04;2.0;;;;;;;;2.0;;;;2.0;;;
9390;Totaal mannen en vrouwen;0;3;2;Twee jaar na afstuderen;2;Cohort 1999/'00;2.3;2.5;2.4;2.6;2.4;2.6;;;2.2;2.4;;;2.2;2.4;;
9391;Totaal mannen en vrouwen;0;3;2;Twee jaar na afstuderen;2;Cohort 2000/'01;2.1;2.4;2.0;2.2;2.0;2.2;2.9;;2.2;2.6;;;2.2;2.6;;
9392;Totaal mannen en vrouwen;0;3;2;Twee jaar na afstuderen;2;Cohort 2001/'02;2.0;2.2;2.0;2.1;2.0;2.2;1.9;2.0;2.0;2.3;;;2.0;2.3;;
9393;Totaal mannen en vrouwen;0;3;2;Twee jaar na afstuderen;2;Cohort 2002/'03;2.1;2.3;2.1;2.3;2.1;2.3;;;2.2;2.4;;;2.2;2.4;;
9394;Totaal mannen en vrouwen;0;3;2;Twee jaar na afstuderen;2;Cohort 2003/'04;2.6;2.7;2.4;2.5;2.4;2.5;;;3.1;3.2;2.1;2.1;3.3;3.3;1.6;
9395;Totaal mannen en vrouwen;0;3;2;Twee jaar na afstuderen;3;Cohort 1999/'00;1.9;2.2;1.9;2.1;1.9;2.1;1.2;1.7;1.9;2.5;;;1.9;2.5;;
9396;Totaal mannen en vrouwen;0;3;2;Twee jaar na afstuderen;3;Cohort 2000/'01;2.1;2.4;1.9;2.2;1.9;2.2;;;2.3;2.5;;;2.3;2.5;;
9397;Totaal mannen en vrouwen;0;3;2;Twee jaar na afstuderen;3;Cohort 2001/'02;1.8;2.1;1.7;2.0;1.7;2.0;1.3;1.4;2.0;2.3;;;2.0;2.3;;
9398;Totaal mannen en vrouwen;0;3;2;Twee jaar na afstuderen;3;Cohort 2002/'03;1.9;2.3;1.6;2.1;1.7;2.1;1.3;;2.3;2.7;1.2;1.8;2.4;2.7;;
9399;Totaal mannen en vrouwen;0;3;2;Twee jaar na afstuderen;3;Cohort 2003/'04;2.1;2.5;2.0;2.4;2.0;2.4;1.3;;2.4;2.6;1.8;;2.4;2.6;2.2;2.2
9400;Totaal mannen en vrouwen;0;3;2;Twee jaar na afstuderen;4;Cohort 1999/'00;1.1;1.9;1.1;1.9;1.0;1.7;2.1;2.1;1.1;;;;1.1;;;
9401;Totaal mannen en vrouwen;0;3;2;Twee jaar na afstuderen;4;Cohort 2000/'01;1.0;2.0;1.0;2.0;1.0;2.0;;;0.9;;;;0.9;;;
9402;Totaal mannen en vrouwen;0;3;2;Twee jaar na afstuderen;4;Cohort 2001/'02;1.1;1.8;1.2;1.9;1.2;1.9;;;1.1;1.7;;;1.1;1.7;;
9403;Totaal mannen en vrouwen;0;3;2;Twee jaar na afstuderen;4;Cohort 2002/'03;1.3;1.9;1.1;1.7;1.2;1.7;0.2;;1.5;2.3;;;1.5;2.3;;
9404;Totaal mannen en vrouwen;0;3;2;Twee jaar na afstuderen;4;Cohort 2003/'04;1.5;2.4;1.0;2.0;1.1;2.0;0.4;;1.9;2.5;;;1.9;2.5;;
9405;Totaal mannen en vrouwen;0;3;2;Twee jaar na afstuderen;5;Cohort 1999/'00;2.0;2.4;1.8;1.9;1.8;1.9;;;2.0;2.6;;;2.0;2.6;;
9406;Totaal mannen en vrouwen;0;3;2;Twee jaar na afstuderen;5;Cohort 2000/'01;2.0;2.3;1.7;2.1;1.8;2.3;1.0;1.0;2.3;2.5;;;2.3;2.5;;
9407;Totaal mannen en vrouwen;0;3;2;Twee jaar na afstuderen;5;Cohort 2001/'02;1.7;2.0;1.6;2.0;1.6;2.0;;;1.9;2.2;;;1.9;2.2;;
9408;Totaal mannen en vrouwen;0;3;2;Twee jaar na afstuderen;5;Cohort 2002/'03;2.1;2.4;2.0;2.3;2.0;2.3;;;2.2;2.5;;;2.2;2.5;;
9409;Totaal mannen en vrouwen;0;3;2;Twee jaar na afstuderen;5;Cohort 2003/'04;2.1;2.3;2.2;2.4;2.2;2.4;2.0;2.2;1.9;2.3;;;1.9;2.3;;
9410;Totaal mannen en vrouwen;0;3;2;Twee jaar na afstuderen;6;Cohort 1999/'00;2.7;2.8;2.3;2.3;2.3;2.3;;;2.8;2.9;;;2.8;2.9;;
9411;Totaal mannen en vrouwen;0;3;2;Twee jaar na afstuderen;6;Cohort 2000/'01;2.4;2.5;2.0;2.3;2.0;2.3;;;2.6;2.7;;;2.6;2.7;;
9412;Totaal mannen en vrouwen;0;3;2;Twee jaar na afstuderen;6;Cohort 2001/'02;2.4;2.5;2.3;2.5;2.3;2.5;;;2.5;2.6;;;2.5;2.6;;
9413;Totaal mannen en vrouwen;0;3;2;Twee jaar na afstuderen;6;Cohort 2002/'03;2.5;2.7;2.3;2.4;2.3;2.4;;;2.7;3.0;;;2.7;3.0;;
9414;Totaal mannen en vrouwen;0;3;2;Twee jaar na afstuderen;6;Cohort 2003/'04;2.8;2.8;2.5;2.5;2.5;2.5;;;3.0;3.1;;;3.0;3.1;;
9415;Totaal mannen en vrouwen;0;3;2;Twee jaar na afstuderen;7;Cohort 1999/'00;2.1;2.3;2.0;2.1;2.0;2.1;;;2.3;2.4;;;2.3;2.4;2.6;2.6
9416;Totaal mannen en vrouwen;0;3;2;Twee jaar na afstuderen;7;Cohort 2000/'01;2.2;2.4;2.0;2.2;2.0;2.2;;;2.3;2.5;;;2.3;2.5;;
9417;Totaal mannen en vrouwen;0;3;2;Twee jaar na afstuderen;7;Cohort 2001/'02;2.2;2.4;2.0;2.4;2.0;2.4;2.0;1.9;2.3;2.5;;;2.3;2.5;;
9418;Totaal mannen en vrouwen;0;3;2;Twee jaar na afstuderen;7;Cohort 2002/'03;2.2;2.4;2.0;2.3;2.1;2.3;1.6;;2.3;2.5;1.9;;2.3;2.5;;
9419;Totaal mannen en vrouwen;0;3;2;Twee jaar na afstuderen;7;Cohort 2003/'04;2.4;2.6;2.3;2.5;2.3;2.5;1.7;2.6;2.5;2.7;2.5;2.9;2.5;2.7;;
9420;Totaal mannen en vrouwen;0;3;2;Twee jaar na afstuderen;8;Cohort 1999/'00;1.7;2.1;1.6;2.0;1.6;2.0;;;1.9;2.2;;;1.9;2.2;;
9421;Totaal mannen en vrouwen;0;3;2;Twee jaar na afstuderen;8;Cohort 2000/'01;1.9;2.2;1.7;2.1;1.7;2.1;1.3;;2.0;2.4;;;2.0;2.4;;
9422;Totaal mannen en vrouwen;0;3;2;Twee jaar na afstuderen;8;Cohort 2001/'02;1.7;2.1;1.4;1.9;1.5;1.9;0.1;;2.0;2.3;;;2.0;2.3;;
9423;Totaal mannen en vrouwen;0;3;2;Twee jaar na afstuderen;8;Cohort 2002/'03;1.8;2.2;1.6;2.0;1.6;2.0;1.7;2.7;2.0;2.4;;;2.0;2.4;;
9424;Totaal mannen en vrouwen;0;3;2;Twee jaar na afstuderen;8;Cohort 2003/'04;1.8;2.6;1.8;2.9;1.8;2.9;1.1;;1.9;2.5;1.6;2.8;1.9;2.5;;
9425;Totaal mannen en vrouwen;0;3;2;Twee jaar na afstuderen;9;Cohort 1999/'00;2.2;2.4;1.7;2.1;1.7;2.1;1.7;1.7;2.5;2.6;;;2.5;2.6;;
9426;Totaal mannen en vrouwen;0;3;2;Twee jaar na afstuderen;9;Cohort 2000/'01;2.2;2.4;2.0;2.3;2.0;2.3;;;2.4;2.5;;;2.4;2.5;;
9427;Totaal mannen en vrouwen;0;3;2;Twee jaar na afstuderen;9;Cohort 2001/'02;2.6;2.8;2.0;2.3;2.0;2.3;;;2.9;3.1;;;2.8;3.0;4.4;4.4
9428;Totaal mannen en vrouwen;0;3;2;Twee jaar na afstuderen;9;Cohort 2002/'03;3.0;2.9;2.3;2.6;2.3;2.6;;;3.3;3.0;;;3.3;3.0;;
9429;Totaal mannen en vrouwen;0;3;2;Twee jaar na afstuderen;9;Cohort 2003/'04;2.7;2.9;2.7;2.6;2.8;2.6;2.3;2.3;2.7;3.0;2.3;2.5;2.8;3.0;;
9430;Totaal mannen en vrouwen;0;3;2;Twee jaar na afstuderen;M Onderwijs;Cohort 1999/'00;1.8;2.1;1.3;2.3;1.4;2.3;0.7;;1.8;2.1;;;1.8;2.1;;
9431;Totaal mannen en vrouwen;0;3;2;Twee jaar na afstuderen;M Onderwijs;Cohort 2000/'01;1.8;2.1;1.5;2.2;1.5;2.2;0.9;;1.9;2.1;;;1.9;2.1;;
9432;Totaal mannen en vrouwen;0;3;2;Twee jaar na afstuderen;M Onderwijs;Cohort 2001/'02;2.0;2.4;1.8;2.4;1.9;2.4;1.5;;2.0;2.4;;;2.0;2.4;;
9433;Totaal mannen en vrouwen;0;3;2;Twee jaar na afstuderen;M Onderwijs;Cohort 2002/'03;2.1;2.4;1.8;2.4;2.0;2.4;0.9;;2.2;2.5;1.9;1.9;2.2;2.5;2.1;2.5
9434;Totaal mannen en vrouwen;0;3;2;Twee jaar na afstuderen;M Onderwijs;Cohort 2003/'04;2.1;2.4;1.8;2.3;2.0;2.3;1.5;;2.1;2.4;2.3;2.4;2.1;2.4;1.8;2.7
9435;Totaal mannen en vrouwen;0;3;2;Twee jaar na afstuderen;N Gezondheids- en welzijnszorg;Cohort 1999/'00;2.1;2.4;1.6;2.0;1.6;2.0;;;2.2;2.5;;;2.2;2.5;;
9436;Totaal mannen en vrouwen;0;3;2;Twee jaar na afstuderen;N Gezondheids- en welzijnszorg;Cohort 2000/'01;2.1;2.6;1.9;2.8;1.9;2.8;;;2.2;2.5;;;2.2;2.5;;
9437;Totaal mannen en vrouwen;0;3;2;Twee jaar na afstuderen;N Gezondheids- en welzijnszorg;Cohort 2001/'02;2.1;2.5;1.8;2.3;1.8;2.3;;;2.2;2.6;;;2.2;2.6;;
9438;Totaal mannen en vrouwen;0;3;2;Twee jaar na afstuderen;N Gezondheids- en welzijnszorg;Cohort 2002/'03;2.0;2.3;1.8;2.1;1.8;2.2;1.5;1.6;2.1;2.4;2.1;;2.1;2.4;;
9439;Totaal mannen en vrouwen;0;3;2;Twee jaar na afstuderen;N Gezondheids- en welzijnszorg;Cohort 2003/'04;2.1;2.6;1.8;2.4;1.8;2.4;1.6;;2.2;2.7;1.7;1.8;2.2;2.7;;
9440;Totaal mannen en vrouwen;0;3;2;Twee jaar na afstuderen;9000e Milieu, cultuur, recreatie en ..;Cohort 1999/'00;2.1;2.5;1.9;2.4;2.0;2.4;1.5;2.4;2.3;2.6;;;2.3;2.6;;
9441;Totaal mannen en vrouwen;0;3;2;Twee jaar na afstuderen;9000e Milieu, cultuur, recreatie en ..;Cohort 2000/'01;2.0;2.3;2.0;2.2;1.9;2.2;2.4;2.4;2.0;2.4;;;2.0;2.4;;
9442;Totaal mannen en vrouwen;0;3;2;Twee jaar na afstuderen;9000e Milieu, cultuur, recreatie en ..;Cohort 2001/'02;2.0;2.3;2.0;2.3;2.1;2.3;0.7;1.4;2.0;2.3;;;2.0;2.3;;
9443;Totaal mannen en vrouwen;0;3;2;Twee jaar na afstuderen;9000e Milieu, cultuur, recreatie en ..;Cohort 2002/'03;1.9;2.5;1.8;2.4;1.7;2.3;2.5;3.1;2.2;2.5;;;2.2;2.5;;
9444;Totaal mannen en vrouwen;0;3;2;Twee jaar na afstuderen;9000e Milieu, cultuur, recreatie en ..;Cohort 2003/'04;2.1;2.8;2.1;3.1;2.1;3.0;2.1;3.5;2.2;2.5;1.4;2.7;2.3;2.6;2.0;2.0
9445;Totaal mannen en vrouwen;0;3;2;Twee jaar na afstuderen;Onbekend;Cohort 1999/'00;0.2;;0.2;;0.2;;;;;;;;;;;
9446;Totaal mannen en vrouwen;0;3;2;Twee jaar na afstuderen;Onbekend;Cohort 2000/'01;;;;;;;;;;;;;;;;
9447;Totaal mannen en vrouwen;0;3;2;Twee jaar na afstuderen;Onbekend;Cohort 2001/'02;0.9;;;;;;;;0.9;;;;0.9;;;
9448;Totaal mannen en vrouwen;0;3;2;Twee jaar na afstuderen;Onbekend;Cohort 2002/'03;;;;;;;;;;;;;;;;
9449;Totaal mannen en vrouwen;0;3;2;Twee jaar na afstuderen;Onbekend;Cohort 2003/'04;2.9;;;;;;;;2.9;;;;2.9;;;
9450;Totaal mannen en vrouwen;0;3;2;Drie jaar na afstuderen;0;Cohort 1999/'00;2.2;2.5;2.0;2.3;2.0;2.3;1.5;2.0;2.4;2.7;;;2.4;2.7;3.0;3.0
9451;Totaal mannen en vrouwen;0;3;2;Drie jaar na afstuderen;0;Cohort 2000/'01;2.2;2.5;2.0;2.3;2.0;2.3;2.0;2.6;2.4;2.7;0.6;;2.4;2.7;;
9452;Totaal mannen en vrouwen;0;3;2;Drie jaar na afstuderen;0;Cohort 2001/'02;2.2;2.6;2.0;2.4;2.0;2.4;1.6;2.3;2.3;2.7;;;2.3;2.7;4.6;4.6
9453;Totaal mannen en vrouwen;0;3;2;Drie jaar na afstuderen;0;Cohort 2002/'03;2.3;2.8;2.1;2.6;2.1;2.6;1.8;3.4;2.5;2.9;1.6;2.0;2.5;2.9;2.3;
9454;Totaal mannen en vrouwen;0;3;2;Drie jaar na afstuderen;0;Cohort 2003/'04;2.5;2.9;2.3;2.7;2.3;2.7;1.8;2.9;2.6;3.0;2.4;2.9;2.6;3.0;1.9;2.4
9455;Totaal mannen en vrouwen;0;3;2;Drie jaar na afstuderen;1;Cohort 1999/'00;;;;;;;;;;;;;;;;
9456;Totaal mannen en vrouwen;0;3;2;Drie jaar na afstuderen;1;Cohort 2000/'01;;;;;;;;;;;;;;;;
9457;Totaal mannen en vrouwen;0;3;2;Drie jaar na afstuderen;1;Cohort 2001/'02;;;;;;;;;;;;;;;;
9458;Totaal mannen en vrouwen;0;3;2;Drie jaar na afstuderen;1;Cohort 2002/'03;;;;;;;;;;;;;;;;
9459;Totaal mannen en vrouwen;0;3;2;Drie jaar na afstuderen;1;Cohort 2003/'04;2.2;;;;;;;;2.2;;;;2.2;;;
9460;Totaal mannen en vrouwen;0;3;2;Drie jaar na afstuderen;2;Cohort 1999/'00;2.3;2.6;2.3;2.6;2.3;2.6;;;2.3;2.6;;;2.3;2.6;;
9461;Totaal mannen en vrouwen;0;3;2;Drie jaar na afstuderen;2;Cohort 2000/'01;2.3;2.6;2.2;2.4;2.2;2.4;;;2.5;2.8;;;2.5;2.8;;
9462;Totaal mannen en vrouwen;0;3;2;Drie jaar na afstuderen;2;Cohort 2001/'02;2.5;2.7;2.4;2.6;2.4;2.6;2.2;2.0;2.7;2.8;;;2.7;2.8;;
9463;Totaal mannen en vrouwen;0;3;2;Drie jaar na afstuderen;2;Cohort 2002/'03;2.6;2.8;2.4;2.5;2.4;2.5;;;3.0;3.3;;;3.0;3.3;;
9464;Totaal mannen en vrouwen;0;3;2;Drie jaar na afstuderen;2;Cohort 2003/'04;2.6;2.7;2.4;2.5;2.4;2.5;;;2.7;3.1;2.4;2.4;2.7;3.1;;
9465;Totaal mannen en vrouwen;0;3;2;Drie jaar na afstuderen;3;Cohort 1999/'00;2.2;2.4;2.1;2.2;2.2;2.2;1.6;1.9;2.6;3.1;;;2.6;3.1;;
9466;Totaal mannen en vrouwen;0;3;2;Drie jaar na afstuderen;3;Cohort 2000/'01;2.0;2.4;1.8;2.1;1.8;2.1;1.9;1.9;2.4;2.8;;;2.4;2.8;;
9467;Totaal mannen en vrouwen;0;3;2;Drie jaar na afstuderen;3;Cohort 2001/'02;1.9;2.2;1.7;2.1;1.8;2.2;1.2;1.5;2.2;2.3;;;2.2;2.3;;
9468;Totaal mannen en vrouwen;0;3;2;Drie jaar na afstuderen;3;Cohort 2002/'03;2.2;2.7;1.9;2.5;1.9;2.5;2.2;;2.7;3.0;1.9;1.9;2.7;3.1;;
9469;Totaal mannen en vrouwen;0;3;2;Drie jaar na afstuderen;3;Cohort 2003/'04;2.6;2.9;2.3;2.7;2.3;2.7;;;2.8;3.1;;;2.9;3.1;2.4;2.4
9470;Totaal mannen en vrouwen;0;3;2;Drie jaar na afstuderen;4;Cohort 1999/'00;1.4;1.8;1.5;1.8;1.5;1.7;1.9;1.9;0.8;;;;0.8;;;
9471;Totaal mannen en vrouwen;0;3;2;Drie jaar na afstuderen;4;Cohort 2000/'01;1.2;2.3;1.2;2.3;1.2;2.3;;;0.9;;;;0.9;;;
9472;Totaal mannen en vrouwen;0;3;2;Drie jaar na afstuderen;4;Cohort 2001/'02;1.2;1.9;0.9;1.9;0.9;1.9;;;1.8;1.9;;;1.8;1.9;;
9473;Totaal mannen en vrouwen;0;3;2;Drie jaar na afstuderen;4;Cohort 2002/'03;1.3;2.2;1.1;2.1;1.1;2.1;0.3;;1.8;2.4;;;1.8;2.4;;
9474;Totaal mannen en vrouwen;0;3;2;Drie jaar na afstuderen;4;Cohort 2003/'04;1.9;2.5;1.5;2.4;1.5;2.4;;;2.3;2.5;;;2.3;2.5;;
9475;Totaal mannen en vrouwen;0;3;2;Drie jaar na afstuderen;5;Cohort 1999/'00;2.3;2.6;1.6;2.0;1.6;2.0;;;2.5;2.8;;;2.5;2.8;;
9476;Totaal mannen en vrouwen;0;3;2;Drie jaar na afstuderen;5;Cohort 2000/'01;2.0;2.2;2.0;2.2;2.1;2.4;1.0;1.0;1.9;1.9;;;1.9;1.9;;
9477;Totaal mannen en vrouwen;0;3;2;Drie jaar na afstuderen;5;Cohort 2001/'02;1.9;2.3;1.9;2.1;1.9;2.1;;;1.9;2.5;;;1.9;2.5;;
9478;Totaal mannen en vrouwen;0;3;2;Drie jaar na afstuderen;5;Cohort 2002/'03;2.6;2.7;2.7;2.8;2.7;2.8;;;2.4;2.6;;;2.4;2.6;;
9479;Totaal mannen en vrouwen;0;3;2;Drie jaar na afstuderen;5;Cohort 2003/'04;2.3;2.7;2.3;2.6;2.3;2.7;2.3;2.3;2.3;2.9;;;2.3;2.9;;
9480;Totaal mannen en vrouwen;0;3;2;Drie jaar na afstuderen;6;Cohort 1999/'00;2.7;3.0;2.2;2.4;2.2;2.4;;;3.0;3.3;;;3.0;3.3;;
9481;Totaal mannen en vrouwen;0;3;2;Drie jaar na afstuderen;6;Cohort 2000/'01;2.4;2.6;2.1;2.3;2.1;2.3;;;2.6;2.9;;;2.6;2.9;;
9482;Totaal mannen en vrouwen;0;3;2;Drie jaar na afstuderen;6;Cohort 2001/'02;2.7;2.9;2.4;2.7;2.4;2.7;;;3.0;3.1;;;3.0;3.1;;
9483;Totaal mannen en vrouwen;0;3;2;Drie jaar na afstuderen;6;Cohort 2002/'03;3.1;3.2;2.8;2.9;2.8;2.9;;;3.2;3.4;;;3.2;3.4;;
9484;Totaal mannen en vrouwen;0;3;2;Drie jaar na afstuderen;6;Cohort 2003/'04;3.1;3.2;2.9;3.1;2.9;3.1;;;3.2;3.3;;;3.2;3.3;;
9485;Totaal mannen en vrouwen;0;3;2;Drie jaar na afstuderen;7;Cohort 1999/'00;2.3;2.5;2.1;2.2;2.1;2.2;;;2.6;2.7;;;2.6;2.7;3.0;3.0
9486;Totaal mannen en vrouwen;0;3;2;Drie jaar na afstuderen;7;Cohort 2000/'01;2.3;2.5;2.2;2.4;2.2;2.4;;;2.4;2.7;0.6;;2.4;2.7;;
9487;Totaal mannen en vrouwen;0;3;2;Drie jaar na afstuderen;7;Cohort 2001/'02;2.4;2.6;2.3;2.5;2.3;2.5;2.7;2.8;2.6;2.8;;;2.6;2.8;;
9488;Totaal mannen en vrouwen;0;3;2;Drie jaar na afstuderen;7;Cohort 2002/'03;2.5;2.8;2.4;2.7;2.4;2.7;1.3;;2.7;2.9;;;2.7;2.9;;
9489;Totaal mannen en vrouwen;0;3;2;Drie jaar na afstuderen;7;Cohort 2003/'04;2.8;3.0;2.5;2.7;2.5;2.7;1.8;;3.0;3.3;3.3;3.6;3.0;3.3;;
9490;Totaal mannen en vrouwen;0;3;2;Drie jaar na afstuderen;8;Cohort 1999/'00;1.9;2.3;1.9;2.1;1.9;2.1;1.2;;1.9;2.5;;;1.9;2.5;;
9491;Totaal mannen en vrouwen;0;3;2;Drie jaar na afstuderen;8;Cohort 2000/'01;1.8;2.1;1.6;1.8;1.6;1.8;1.4;;2.1;2.4;;;2.1;2.4;;
9492;Totaal mannen en vrouwen;0;3;2;Drie jaar na afstuderen;8;Cohort 2001/'02;1.9;2.3;1.7;2.1;1.7;2.1;;;2.1;2.6;;;2.1;2.6;;
9493;Totaal mannen en vrouwen;0;3;2;Drie jaar na afstuderen;8;Cohort 2002/'03;1.9;2.8;1.7;2.6;1.8;2.6;0.8;;2.1;3.1;;;2.1;3.1;;
9494;Totaal mannen en vrouwen;0;3;2;Drie jaar na afstuderen;8;Cohort 2003/'04;2.2;3.0;2.2;3.1;2.2;3.1;;;2.3;3.0;2.8;3.5;2.2;2.9;;
9495;Totaal mannen en vrouwen;0;3;2;Drie jaar na afstuderen;9;Cohort 1999/'00;2.5;2.6;1.9;2.1;1.9;2.2;1.4;1.4;2.7;2.8;;;2.7;2.8;;
9496;Totaal mannen en vrouwen;0;3;2;Drie jaar na afstuderen;9;Cohort 2000/'01;2.6;2.9;2.1;2.6;2.2;2.6;1.0;;2.8;3.0;;;2.8;3.0;;
9497;Totaal mannen en vrouwen;0;3;2;Drie jaar na afstuderen;9;Cohort 2001/'02;2.6;2.8;2.4;2.6;2.4;2.6;;;2.7;2.9;;;2.7;2.9;4.6;4.6
9498;Totaal mannen en vrouwen;0;3;2;Drie jaar na afstuderen;9;Cohort 2002/'03;2.7;2.9;2.3;2.4;2.3;2.4;;;2.8;3.0;;;2.8;3.0;;
9499;Totaal mannen en vrouwen;0;3;2;Drie jaar na afstuderen;9;Cohort 2003/'04;2.8;3.0;2.7;2.9;2.7;2.9;0.7;;2.9;3.0;2.5;2.6;2.9;3.1;;
9500;Totaal mannen en vrouwen;0;3;2;Drie jaar na afstuderen;M Onderwijs;Cohort 1999/'00;1.9;2.4;1.6;2.3;1.7;2.3;1.0;;2.0;2.5;;;2.0;2.5;;
9501;Totaal mannen en vrouwen;0;3;2;Drie jaar na afstuderen;M Onderwijs;Cohort 2000/'01;2.2;2.5;2.1;2.7;2.3;2.7;0.9;;2.2;2.4;;;2.2;2.4;;
9502;Totaal mannen en vrouwen;0;3;2;Drie jaar na afstuderen;M Onderwijs;Cohort 2001/'02;2.1;2.6;1.7;2.5;1.7;2.5;1.4;;2.2;2.6;;;2.2;2.6;;
9503;Totaal mannen en vrouwen;0;3;2;Drie jaar na afstuderen;M Onderwijs;Cohort 2002/'03;2.2;2.6;2.0;2.6;1.9;2.6;2.4;2.7;2.3;2.6;1.7;2.1;2.3;2.6;2.0;
9504;Totaal mannen en vrouwen;0;3;2;Drie jaar na afstuderen;M Onderwijs;Cohort 2003/'04;2.3;2.6;2.0;2.9;2.1;2.9;1.6;;2.3;2.6;2.2;2.5;2.4;2.6;1.7;2.9
9505;Totaal mannen en vrouwen;0;3;2;Drie jaar na afstuderen;N Gezondheids- en welzijnszorg;Cohort 1999/'00;2.2;2.6;1.9;2.2;1.9;2.2;;;2.3;2.7;;;2.3;2.7;;
9506;Totaal mannen en vrouwen;0;3;2;Drie jaar na afstuderen;N Gezondheids- en welzijnszorg;Cohort 2000/'01;2.2;2.7;1.7;2.9;1.7;2.9;;;2.3;2.7;;;2.3;2.7;;
9507;Totaal mannen en vrouwen;0;3;2;Drie jaar na afstuderen;N Gezondheids- en welzijnszorg;Cohort 2001/'02;2.1;2.6;2.0;2.3;2.0;2.3;1.7;;2.2;2.8;;;2.2;2.8;;
9508;Totaal mannen en vrouwen;0;3;2;Drie jaar na afstuderen;N Gezondheids- en welzijnszorg;Cohort 2002/'03;2.2;2.7;1.9;2.5;1.9;2.5;;;2.2;2.8;;;2.2;2.8;2.6;
9509;Totaal mannen en vrouwen;0;3;2;Drie jaar na afstuderen;N Gezondheids- en welzijnszorg;Cohort 2003/'04;2.3;2.8;2.0;2.7;2.1;2.7;1.3;;2.5;2.9;1.7;;2.5;2.9;;
9510;Totaal mannen en vrouwen;0;3;2;Drie jaar na afstuderen;9000e Milieu, cultuur, recreatie en ..;Cohort 1999/'00;2.2;2.5;2.0;2.5;2.0;2.5;1.7;2.8;2.4;2.5;;;2.4;2.5;;
9511;Totaal mannen en vrouwen;0;3;2;Drie jaar na afstuderen;9000e Milieu, cultuur, recreatie en ..;Cohort 2000/'01;2.2;2.5;2.1;2.4;2.0;2.2;2.6;3.0;2.3;2.7;;;2.3;2.7;;
9512;Totaal mannen en vrouwen;0;3;2;Drie jaar na afstuderen;9000e Milieu, cultuur, recreatie en ..;Cohort 2001/'02;2.0;2.4;1.9;2.3;2.0;2.3;1.0;2.2;2.1;2.7;;;2.1;2.7;;
9513;Totaal mannen en vrouwen;0;3;2;Drie jaar na afstuderen;9000e Milieu, cultuur, recreatie en ..;Cohort 2002/'03;2.3;2.8;2.2;2.7;2.2;2.6;2.0;3.7;2.4;3.0;0.7;;2.4;3.0;;
9514;Totaal mannen en vrouwen;0;3;2;Drie jaar na afstuderen;9000e Milieu, cultuur, recreatie en ..;Cohort 2003/'04;2.3;2.7;2.2;2.6;2.2;2.5;2.1;3.1;2.4;2.8;1.7;;2.5;2.8;2.0;2.0
9515;Totaal mannen en vrouwen;0;3;2;Drie jaar na afstuderen;Onbekend;Cohort 1999/'00;1.5;;1.5;;1.5;;;;;;;;;;;
9516;Totaal mannen en vrouwen;0;3;2;Drie jaar na afstuderen;Onbekend;Cohort 2000/'01;;;;;;;;;;;;;;;;
9517;Totaal mannen en vrouwen;0;3;2;Drie jaar na afstuderen;Onbekend;Cohort 2001/'02;4.0;4.0;4.0;4.0;4.0;4.0;;;;;;;;;;
9518;Totaal mannen en vrouwen;0;3;2;Drie jaar na afstuderen;Onbekend;Cohort 2002/'03;;;;;;;;;;;;;;;;
9519;Totaal mannen en vrouwen;0;3;2;Drie jaar na afstuderen;Onbekend;Cohort 2003/'04;;;;;;;;;;;;;;;;
9520;Totaal mannen en vrouwen;0;3;2;Vier jaar na afstuderen;0;Cohort 1999/'00;2.3;2.7;2.1;2.4;2.1;2.4;1.5;2.9;2.5;2.9;;;2.5;2.9;3.0;3.0
9521;Totaal mannen en vrouwen;0;3;2;Vier jaar na afstuderen;0;Cohort 2000/'01;2.4;2.7;2.2;2.6;2.2;2.6;2.4;2.9;2.5;2.8;1.6;1.6;2.5;2.8;;
9522;Totaal mannen en vrouwen;0;3;2;Vier jaar na afstuderen;0;Cohort 2001/'02;2.4;2.9;2.2;2.7;2.2;2.7;2.1;2.9;2.6;3.1;;;2.6;3.1;5.1;5.1
9523;Totaal mannen en vrouwen;0;3;2;Vier jaar na afstuderen;0;Cohort 2002/'03;2.6;3.1;2.4;2.8;2.4;2.8;2.1;3.3;2.8;3.3;1.8;2.4;2.8;3.3;2.4;2.9
9524;Totaal mannen en vrouwen;0;3;2;Vier jaar na afstuderen;0;Cohort 2003/'04;2.7;3.2;2.5;3.0;2.5;3.0;2.0;2.9;2.9;3.3;2.7;3.0;2.9;3.4;2.2;2.0
9525;Totaal mannen en vrouwen;0;3;2;Vier jaar na afstuderen;1;Cohort 1999/'00;0.7;;0.7;;0.7;;;;;;;;;;;
9526;Totaal mannen en vrouwen;0;3;2;Vier jaar na afstuderen;1;Cohort 2000/'01;;;;;;;;;;;;;;;;
9527;Totaal mannen en vrouwen;0;3;2;Vier jaar na afstuderen;1;Cohort 2001/'02;;;;;;;;;;;;;;;;
9528;Totaal mannen en vrouwen;0;3;2;Vier jaar na afstuderen;1;Cohort 2002/'03;;;;;;;;;;;;;;;;
9529;Totaal mannen en vrouwen;0;3;2;Vier jaar na afstuderen;1;Cohort 2003/'04;2.4;;;;;;;;2.4;;;;2.4;;;
9530;Totaal mannen en vrouwen;0;3;2;Vier jaar na afstuderen;2;Cohort 1999/'00;2.4;2.6;2.4;2.5;2.4;2.5;;;2.4;2.7;;;2.4;2.7;;
9531;Totaal mannen en vrouwen;0;3;2;Vier jaar na afstuderen;2;Cohort 2000/'01;2.7;2.9;2.6;2.8;2.6;2.8;;;2.9;3.1;;;2.9;3.1;;
9532;Totaal mannen en vrouwen;0;3;2;Vier jaar na afstuderen;2;Cohort 2001/'02;2.6;2.9;2.5;2.9;2.5;2.9;2.5;2.8;2.9;3.0;;;2.9;3.0;;
9533;Totaal mannen en vrouwen;0;3;2;Vier jaar na afstuderen;2;Cohort 2002/'03;2.7;2.9;2.5;2.6;2.5;2.6;;;3.1;3.4;;;3.1;3.4;;
9534;Totaal mannen en vrouwen;0;3;2;Vier jaar na afstuderen;2;Cohort 2003/'04;2.9;3.1;2.8;2.9;2.8;2.9;3.3;3.3;3.0;3.3;2.9;2.5;3.1;3.4;;
9535;Totaal mannen en vrouwen;0;3;2;Vier jaar na afstuderen;3;Cohort 1999/'00;2.2;2.6;2.0;2.5;2.1;2.5;1.2;;2.5;2.9;;;2.5;2.9;;
9536;Totaal mannen en vrouwen;0;3;2;Vier jaar na afstuderen;3;Cohort 2000/'01;2.5;2.7;2.2;2.3;2.2;2.3;2.2;2.2;2.9;3.3;;;2.9;3.3;;
9537;Totaal mannen en vrouwen;0;3;2;Vier jaar na afstuderen;3;Cohort 2001/'02;2.2;2.5;2.0;2.3;2.0;2.3;2.0;2.5;2.8;2.9;;;2.8;2.9;;
9538;Totaal mannen en vrouwen;0;3;2;Vier jaar na afstuderen;3;Cohort 2002/'03;2.5;3.0;2.2;2.8;2.2;2.8;;;3.0;3.3;2.4;2.4;3.1;3.3;;
9539;Totaal mannen en vrouwen;0;3;2;Vier jaar na afstuderen;3;Cohort 2003/'04;2.6;2.9;2.4;2.8;2.4;2.9;1.0;1.1;2.9;3.1;;;2.9;3.1;;
9540;Totaal mannen en vrouwen;0;3;2;Vier jaar na afstuderen;4;Cohort 1999/'00;1.8;2.1;1.8;2.1;1.8;2.1;;;1.7;1.8;;;1.7;1.8;;
9541;Totaal mannen en vrouwen;0;3;2;Vier jaar na afstuderen;4;Cohort 2000/'01;1.2;;1.2;;1.2;;;;1.2;;;;1.2;;;
9542;Totaal mannen en vrouwen;0;3;2;Vier jaar na afstuderen;4;Cohort 2001/'02;1.4;2.0;1.0;2.0;1.0;2.0;;;1.8;2.0;;;1.8;2.0;;
9543;Totaal mannen en vrouwen;0;3;2;Vier jaar na afstuderen;4;Cohort 2002/'03;1.8;2.2;1.5;1.9;1.7;1.9;0.5;;2.2;2.5;;;2.2;2.5;;
9544;Totaal mannen en vrouwen;0;3;2;Vier jaar na afstuderen;4;Cohort 2003/'04;1.8;2.7;1.5;2.8;1.5;2.8;;;2.4;2.6;;;2.4;2.6;;
9545;Totaal mannen en vrouwen;0;3;2;Vier jaar na afstuderen;5;Cohort 1999/'00;2.1;2.8;1.4;2.1;1.4;2.1;;;2.8;3.3;;;2.8;3.3;;
9546;Totaal mannen en vrouwen;0;3;2;Vier jaar na afstuderen;5;Cohort 2000/'01;2.4;2.7;2.5;2.7;2.5;2.7;;;2.2;2.7;;;2.2;2.7;;
9547;Totaal mannen en vrouwen;0;3;2;Vier jaar na afstuderen;5;Cohort 2001/'02;2.5;3.1;2.3;2.7;2.3;2.7;;;2.9;3.6;;;2.9;3.6;;
9548;Totaal mannen en vrouwen;0;3;2;Vier jaar na afstuderen;5;Cohort 2002/'03;2.7;2.9;2.5;2.7;2.5;2.7;;;3.1;3.1;;;3.1;3.1;;
9549;Totaal mannen en vrouwen;0;3;2;Vier jaar na afstuderen;5;Cohort 2003/'04;2.7;3.1;2.7;2.9;2.8;3.0;2.3;2.3;2.8;3.6;;;2.8;3.6;;
9550;Totaal mannen en vrouwen;0;3;2;Vier jaar na afstuderen;6;Cohort 1999/'00;3.0;3.3;2.3;2.6;2.3;2.6;;;3.4;3.6;;;3.4;3.6;;
9551;Totaal mannen en vrouwen;0;3;2;Vier jaar na afstuderen;6;Cohort 2000/'01;2.9;2.9;2.7;2.7;2.7;2.7;;;3.0;3.1;;;3.0;3.1;;
9552;Totaal mannen en vrouwen;0;3;2;Vier jaar na afstuderen;6;Cohort 2001/'02;3.2;3.5;2.6;2.9;2.6;2.9;;;3.9;4.0;;;3.9;4.0;;
9553;Totaal mannen en vrouwen;0;3;2;Vier jaar na afstuderen;6;Cohort 2002/'03;3.3;3.6;3.3;3.3;3.3;3.3;;;3.4;3.9;;;3.4;3.9;;
9554;Totaal mannen en vrouwen;0;3;2;Vier jaar na afstuderen;6;Cohort 2003/'04;3.3;3.7;2.8;3.2;2.8;3.2;;;3.7;4.0;3.3;;3.7;4.0;;
9555;Totaal mannen en vrouwen;0;3;2;Vier jaar na afstuderen;7;Cohort 1999/'00;2.5;2.7;2.3;2.4;2.3;2.4;;;2.7;2.9;;;2.7;2.9;3.0;3.0
9556;Totaal mannen en vrouwen;0;3;2;Vier jaar na afstuderen;7;Cohort 2000/'01;2.5;2.8;2.3;2.6;2.3;2.6;;;2.7;3.0;;;2.7;3.0;;
9557;Totaal mannen en vrouwen;0;3;2;Vier jaar na afstuderen;7;Cohort 2001/'02;2.7;2.9;2.6;2.8;2.6;2.8;2.5;3.9;2.8;3.0;;;2.8;3.0;;
9558;Totaal mannen en vrouwen;0;3;2;Vier jaar na afstuderen;7;Cohort 2002/'03;2.8;3.2;2.7;3.0;2.7;3.0;1.6;;3.0;3.4;;;3.0;3.4;;
9559;Totaal mannen en vrouwen;0;3;2;Vier jaar na afstuderen;7;Cohort 2003/'04;3.1;3.3;2.8;3.1;2.8;3.1;2.7;2.5;3.3;3.6;3.8;3.8;3.3;3.6;;
9560;Totaal mannen en vrouwen;0;3;2;Vier jaar na afstuderen;8;Cohort 1999/'00;1.9;2.2;1.9;2.1;1.9;2.1;1.4;;1.9;2.4;;;1.9;2.4;;
9561;Totaal mannen en vrouwen;0;3;2;Vier jaar na afstuderen;8;Cohort 2000/'01;2.1;2.5;2.1;2.4;2.1;2.4;;;2.2;2.5;;;2.2;2.5;;
9562;Totaal mannen en vrouwen;0;3;2;Vier jaar na afstuderen;8;Cohort 2001/'02;1.9;2.8;1.7;2.6;1.7;2.6;1.1;;2.1;3.0;;;2.1;3.0;;
9563;Totaal mannen en vrouwen;0;3;2;Vier jaar na afstuderen;8;Cohort 2002/'03;2.4;3.2;2.2;2.8;2.2;2.8;0.6;;2.6;3.8;;;2.6;3.8;;
9564;Totaal mannen en vrouwen;0;3;2;Vier jaar na afstuderen;8;Cohort 2003/'04;2.5;3.2;2.2;2.9;2.3;2.9;1.6;;2.7;3.2;2.3;2.7;2.7;3.3;2.4;
9565;Totaal mannen en vrouwen;0;3;2;Vier jaar na afstuderen;9;Cohort 1999/'00;2.7;3.0;2.2;2.5;2.2;2.5;;;2.9;3.1;;;2.9;3.1;;
9566;Totaal mannen en vrouwen;0;3;2;Vier jaar na afstuderen;9;Cohort 2000/'01;2.7;2.8;2.5;2.7;2.6;2.7;1.7;2.3;2.7;2.9;;;2.7;2.9;;
9567;Totaal mannen en vrouwen;0;3;2;Vier jaar na afstuderen;9;Cohort 2001/'02;2.9;3.0;2.5;2.6;2.5;2.6;;;3.0;3.2;;;3.0;3.2;5.1;5.1
9568;Totaal mannen en vrouwen;0;3;2;Vier jaar na afstuderen;9;Cohort 2002/'03;2.9;3.1;2.6;2.7;2.6;2.7;;;3.1;3.2;;;3.1;3.3;2.9;2.9
9569;Totaal mannen en vrouwen;0;3;2;Vier jaar na afstuderen;9;Cohort 2003/'04;3.1;3.3;2.9;3.3;3.0;3.3;2.7;4.7;3.2;3.4;2.7;2.7;3.2;3.4;;
9570;Totaal mannen en vrouwen;0;3;2;Vier jaar na afstuderen;M Onderwijs;Cohort 1999/'00;2.2;2.6;2.0;2.5;2.0;2.5;1.7;;2.2;2.6;;;2.2;2.6;;
9571;Totaal mannen en vrouwen;0;3;2;Vier jaar na afstuderen;M Onderwijs;Cohort 2000/'01;2.2;2.5;2.0;2.5;2.1;2.5;0.8;;2.2;2.5;1.6;1.6;2.2;2.5;;
9572;Totaal mannen en vrouwen;0;3;2;Vier jaar na afstuderen;M Onderwijs;Cohort 2001/'02;2.3;2.8;2.0;2.3;2.1;2.4;2.0;2.0;2.4;2.9;;;2.4;2.9;;
9573;Totaal mannen en vrouwen;0;3;2;Vier jaar na afstuderen;M Onderwijs;Cohort 2002/'03;2.4;2.8;2.0;2.7;2.1;2.7;2.0;2.7;2.5;2.9;1.5;;2.6;2.9;1.9;
9574;Totaal mannen en vrouwen;0;3;2;Vier jaar na afstuderen;M Onderwijs;Cohort 2003/'04;2.4;2.9;2.1;3.1;2.3;3.1;1.6;;2.4;2.8;2.3;2.8;2.4;2.8;2.1;
9575;Totaal mannen en vrouwen;0;3;2;Vier jaar na afstuderen;N Gezondheids- en welzijnszorg;Cohort 1999/'00;2.2;2.8;1.8;2.4;1.8;2.4;;;2.3;2.9;;;2.3;2.9;;
9576;Totaal mannen en vrouwen;0;3;2;Vier jaar na afstuderen;N Gezondheids- en welzijnszorg;Cohort 2000/'01;2.3;2.8;1.8;2.5;1.8;2.5;;;2.3;2.8;;;2.3;2.8;;
9577;Totaal mannen en vrouwen;0;3;2;Vier jaar na afstuderen;N Gezondheids- en welzijnszorg;Cohort 2001/'02;2.4;3.0;2.1;2.7;2.1;2.7;;;2.5;3.2;;;2.5;3.2;;
9578;Totaal mannen en vrouwen;0;3;2;Vier jaar na afstuderen;N Gezondheids- en welzijnszorg;Cohort 2002/'03;2.4;2.9;2.2;2.5;2.2;2.5;;;2.5;3.1;;;2.5;3.1;;
9579;Totaal mannen en vrouwen;0;3;2;Vier jaar na afstuderen;N Gezondheids- en welzijnszorg;Cohort 2003/'04;2.6;3.2;2.2;2.9;2.2;2.9;1.3;;2.7;3.3;2.0;3.0;2.7;3.3;;
9580;Totaal mannen en vrouwen;0;3;2;Vier jaar na afstuderen;9000e Milieu, cultuur, recreatie en ..;Cohort 1999/'00;2.2;2.5;2.1;2.5;2.1;2.5;1.6;2.9;2.3;2.4;;;2.3;2.4;;
9581;Totaal mannen en vrouwen;0;3;2;Vier jaar na afstuderen;9000e Milieu, cultuur, recreatie en ..;Cohort 2000/'01;2.2;2.6;2.1;2.6;2.0;2.4;2.6;3.0;2.3;2.6;;;2.3;2.6;;
9582;Totaal mannen en vrouwen;0;3;2;Vier jaar na afstuderen;9000e Milieu, cultuur, recreatie en ..;Cohort 2001/'02;2.2;2.8;2.2;2.8;2.2;2.8;1.7;3.4;2.3;2.7;;;2.3;2.7;;
9583;Totaal mannen en vrouwen;0;3;2;Vier jaar na afstuderen;9000e Milieu, cultuur, recreatie en ..;Cohort 2002/'03;2.4;3.1;2.4;3.1;2.4;3.1;2.5;3.6;2.4;3.0;1.2;;2.4;3.0;;
9584;Totaal mannen en vrouwen;0;3;2;Vier jaar na afstuderen;9000e Milieu, cultuur, recreatie en ..;Cohort 2003/'04;2.4;2.9;2.2;2.8;2.2;2.8;2.1;3.3;2.6;3.1;3.0;3.5;2.5;3.1;2.0;2.0
9585;Totaal mannen en vrouwen;0;3;2;Vier jaar na afstuderen;Onbekend;Cohort 1999/'00;3.1;3.1;3.0;3.0;3.0;3.0;;;3.2;3.2;;;3.2;3.2;;
9586;Totaal mannen en vrouwen;0;3;2;Vier jaar na afstuderen;Onbekend;Cohort 2000/'01;1.0;1.0;;;;;;;1.0;1.0;;;1.0;1.0;;
9587;Totaal mannen en vrouwen;0;3;2;Vier jaar na afstuderen;Onbekend;Cohort 2001/'02;3.2;3.2;3.2;3.2;3.2;3.2;;;;;;;;;;
9588;Totaal mannen en vrouwen;0;3;2;Vier jaar na afstuderen;Onbekend;Cohort 2002/'03;;;;;;;;;;;;;;;;
9589;Totaal mannen en vrouwen;0;3;2;Vier jaar na afstuderen;Onbekend;Cohort 2003/'04;3.6;;3.6;;3.6;;;;;;;;;;;
9590;Totaal mannen en vrouwen;0;3;2;Vijf jaar na afstuderen;0;Cohort 1999/'00;2.5;2.9;2.2;2.6;2.2;2.6;2.0;2.6;2.7;3.2;;;2.7;3.2;3.3;3.3
9591;Totaal mannen en vrouwen;0;3;2;Vijf jaar na afstuderen;0;Cohort 2000/'01;2.6;3.1;2.4;2.9;2.4;2.8;2.6;3.5;2.8;3.3;1.8;1.8;2.8;3.3;;
9592;Totaal mannen en vrouwen;0;3;2;Vijf jaar na afstuderen;0;Cohort 2001/'02;2.6;3.2;2.4;3.0;2.4;3.0;2.0;2.6;2.8;3.3;;;2.8;3.3;5.3;5.3
9593;Totaal mannen en vrouwen;0;3;2;Vijf jaar na afstuderen;0;Cohort 2002/'03;2.8;3.4;2.6;3.2;2.6;3.2;2.3;3.7;3.0;3.5;1.7;2.5;3.0;3.5;2.8;3.4
9594;Totaal mannen en vrouwen;0;3;2;Vijf jaar na afstuderen;0;Cohort 2003/'04;;;;;;;;;;;;;;;;
9595;Totaal mannen en vrouwen;0;3;2;Vijf jaar na afstuderen;1;Cohort 1999/'00;0.8;;0.8;;0.8;;;;;;;;;;;
9596;Totaal mannen en vrouwen;0;3;2;Vijf jaar na afstuderen;1;Cohort 2000/'01;;;;;;;;;;;;;;;;
9597;Totaal mannen en vrouwen;0;3;2;Vijf jaar na afstuderen;1;Cohort 2001/'02;2.2;2.2;2.2;2.2;2.2;2.2;;;;;;;;;;
9598;Totaal mannen en vrouwen;0;3;2;Vijf jaar na afstuderen;1;Cohort 2002/'03;3.8;3.8;;;;;;;3.8;3.8;;;3.8;3.8;;
9599;Totaal mannen en vrouwen;0;3;2;Vijf jaar na afstuderen;1;Cohort 2003/'04;;;;;;;;;;;;;;;;
9600;Totaal mannen en vrouwen;0;3;2;Vijf jaar na afstuderen;2;Cohort 1999/'00;2.5;2.7;2.5;2.7;2.5;2.7;;;2.5;2.7;;;2.5;2.7;;
9601;Totaal mannen en vrouwen;0;3;2;Vijf jaar na afstuderen;2;Cohort 2000/'01;3.0;3.1;2.8;3.0;2.8;3.0;;;3.1;3.3;;;3.1;3.3;;
9602;Totaal mannen en vrouwen;0;3;2;Vijf jaar na afstuderen;2;Cohort 2001/'02;2.6;2.9;2.4;2.7;2.4;2.7;2.5;2.5;3.0;3.3;;;3.0;3.3;;
9603;Totaal mannen en vrouwen;0;3;2;Vijf jaar na afstuderen;2;Cohort 2002/'03;2.9;3.3;2.7;3.0;2.7;3.0;;;3.2;4.1;0.8;;3.3;4.1;;
9604;Totaal mannen en vrouwen;0;3;2;Vijf jaar na afstuderen;2;Cohort 2003/'04;;;;;;;;;;;;;;;;
9605;Totaal mannen en vrouwen;0;3;2;Vijf jaar na afstuderen;3;Cohort 1999/'00;2.3;2.8;2.2;2.6;2.2;2.6;1.2;;2.6;3.6;;;2.6;3.6;;
9606;Totaal mannen en vrouwen;0;3;2;Vijf jaar na afstuderen;3;Cohort 2000/'01;2.7;3.1;2.6;3.0;2.6;3.0;2.0;2.9;2.9;3.2;;;2.9;3.2;;
9607;Totaal mannen en vrouwen;0;3;2;Vijf jaar na afstuderen;3;Cohort 2001/'02;2.3;3.0;2.1;2.7;2.1;2.8;2.1;2.1;2.8;3.5;;;2.8;3.5;;
9608;Totaal mannen en vrouwen;0;3;2;Vijf jaar na afstuderen;3;Cohort 2002/'03;2.7;3.3;2.4;3.1;2.4;3.1;;;3.0;3.4;2.4;2.5;3.0;3.5;;
9609;Totaal mannen en vrouwen;0;3;2;Vijf jaar na afstuderen;3;Cohort 2003/'04;;;;;;;;;;;;;;;;
9610;Totaal mannen en vrouwen;0;3;2;Vijf jaar na afstuderen;4;Cohort 1999/'00;1.5;2.1;1.6;2.0;1.6;2.0;;;1.4;2.2;;;1.4;2.2;;
9611;Totaal mannen en vrouwen;0;3;2;Vijf jaar na afstuderen;4;Cohort 2000/'01;1.7;2.9;1.3;2.0;1.3;2.0;;;3.0;4.3;;;3.0;4.3;;
9612;Totaal mannen en vrouwen;0;3;2;Vijf jaar na afstuderen;4;Cohort 2001/'02;1.8;2.9;1.3;;2.0;;0.6;;2.4;2.9;;;2.4;2.9;;
9613;Totaal mannen en vrouwen;0;3;2;Vijf jaar na afstuderen;4;Cohort 2002/'03;2.0;2.5;1.8;2.2;1.8;2.2;;;2.2;2.8;;;2.2;2.8;;
9614;Totaal mannen en vrouwen;0;3;2;Vijf jaar na afstuderen;4;Cohort 2003/'04;;;;;;;;;;;;;;;;
9615;Totaal mannen en vrouwen;0;3;2;Vijf jaar na afstuderen;5;Cohort 1999/'00;2.4;2.8;1.7;2.1;1.7;2.1;;;2.8;3.1;;;2.8;3.1;;
9616;Totaal mannen en vrouwen;0;3;2;Vijf jaar na afstuderen;5;Cohort 2000/'01;2.9;3.2;2.9;3.1;2.9;3.1;;;2.9;3.3;;;2.9;3.3;;
9617;Totaal mannen en vrouwen;0;3;2;Vijf jaar na afstuderen;5;Cohort 2001/'02;2.5;3.1;2.2;2.7;2.3;2.7;0.9;;3.6;4.6;;;3.6;4.6;;
9618;Totaal mannen en vrouwen;0;3;2;Vijf jaar na afstuderen;5;Cohort 2002/'03;3.0;3.0;2.7;2.8;2.7;2.8;;;3.6;3.4;;;3.6;3.4;;
9619;Totaal mannen en vrouwen;0;3;2;Vijf jaar na afstuderen;5;Cohort 2003/'04;;;;;;;;;;;;;;;;
9620;Totaal mannen en vrouwen;0;3;2;Vijf jaar na afstuderen;6;Cohort 1999/'00;3.4;3.6;2.6;3.0;2.6;3.0;;;3.8;3.9;;;3.8;3.9;;
9621;Totaal mannen en vrouwen;0;3;2;Vijf jaar na afstuderen;6;Cohort 2000/'01;3.3;3.7;3.1;3.3;3.1;3.3;;;3.4;4.1;;;3.4;4.1;;
9622;Totaal mannen en vrouwen;0;3;2;Vijf jaar na afstuderen;6;Cohort 2001/'02;3.3;3.7;2.8;3.2;2.8;3.2;;;3.9;4.1;;;3.9;4.1;;
9623;Totaal mannen en vrouwen;0;3;2;Vijf jaar na afstuderen;6;Cohort 2002/'03;3.5;3.8;3.3;3.4;3.3;3.4;;;3.8;4.4;;;3.8;4.4;;
9624;Totaal mannen en vrouwen;0;3;2;Vijf jaar na afstuderen;6;Cohort 2003/'04;;;;;;;;;;;;;;;;
9625;Totaal mannen en vrouwen;0;3;2;Vijf jaar na afstuderen;7;Cohort 1999/'00;2.8;3.1;2.4;2.7;2.4;2.7;;;3.0;3.4;;;3.0;3.4;3.3;3.3
9626;Totaal mannen en vrouwen;0;3;2;Vijf jaar na afstuderen;7;Cohort 2000/'01;2.8;3.2;2.4;2.8;2.4;2.8;3.2;;3.2;3.5;;;3.2;3.5;;
9627;Totaal mannen en vrouwen;0;3;2;Vijf jaar na afstuderen;7;Cohort 2001/'02;3.0;3.2;2.8;3.1;2.8;3.1;3.1;4.2;3.1;3.3;;;3.1;3.3;;
9628;Totaal mannen en vrouwen;0;3;2;Vijf jaar na afstuderen;7;Cohort 2002/'03;3.3;3.7;3.2;3.6;3.2;3.6;1.8;;3.4;3.8;;;3.4;3.8;;
9629;Totaal mannen en vrouwen;0;3;2;Vijf jaar na afstuderen;7;Cohort 2003/'04;;;;;;;;;;;;;;;;
9630;Totaal mannen en vrouwen;0;3;2;Vijf jaar na afstuderen;8;Cohort 1999/'00;2.2;2.4;1.7;2.2;1.7;2.2;1.3;;2.7;2.6;;;2.7;2.6;;
9631;Totaal mannen en vrouwen;0;3;2;Vijf jaar na afstuderen;8;Cohort 2000/'01;2.3;3.1;2.2;2.7;2.2;2.7;;;2.4;3.3;;;2.4;3.3;;
9632;Totaal mannen en vrouwen;0;3;2;Vijf jaar na afstuderen;8;Cohort 2001/'02;2.1;3.3;1.9;3.0;1.9;3.0;2.0;;2.6;3.8;;;2.6;3.8;;
9633;Totaal mannen en vrouwen;0;3;2;Vijf jaar na afstuderen;8;Cohort 2002/'03;2.3;3.2;1.9;2.6;1.9;2.6;1.6;;2.9;4.0;;;2.9;4.0;;
9634;Totaal mannen en vrouwen;0;3;2;Vijf jaar na afstuderen;8;Cohort 2003/'04;;;;;;;;;;;;;;;;
9635;Totaal mannen en vrouwen;0;3;2;Vijf jaar na afstuderen;9;Cohort 1999/'00;3.0;3.2;2.6;2.7;2.6;2.7;;;3.1;3.4;;;3.1;3.4;;
9636;Totaal mannen en vrouwen;0;3;2;Vijf jaar na afstuderen;9;Cohort 2000/'01;3.0;3.1;2.8;2.9;2.8;2.9;2.5;2.5;3.1;3.3;;;3.1;3.3;;
9637;Totaal mannen en vrouwen;0;3;2;Vijf jaar na afstuderen;9;Cohort 2001/'02;3.1;3.4;2.8;3.0;2.8;3.0;;;3.2;3.5;;;3.2;3.5;5.3;5.3
9638;Totaal mannen en vrouwen;0;3;2;Vijf jaar na afstuderen;9;Cohort 2002/'03;3.2;3.3;3.0;3.1;3.0;3.1;;;3.3;3.4;;;3.3;3.4;;
9639;Totaal mannen en vrouwen;0;3;2;Vijf jaar na afstuderen;9;Cohort 2003/'04;;;;;;;;;;;;;;;;
9640;Totaal mannen en vrouwen;0;3;2;Vijf jaar na afstuderen;M Onderwijs;Cohort 1999/'00;2.2;2.8;1.9;2.6;1.9;2.6;1.3;;2.3;2.8;;;2.3;2.8;;
9641;Totaal mannen en vrouwen;0;3;2;Vijf jaar na afstuderen;M Onderwijs;Cohort 2000/'01;2.3;2.9;2.0;2.5;2.0;2.5;1.0;;2.4;2.9;1.8;1.8;2.4;3.0;;
9642;Totaal mannen en vrouwen;0;3;2;Vijf jaar na afstuderen;M Onderwijs;Cohort 2001/'02;2.4;3.0;2.1;2.6;2.1;2.6;2.6;2.4;2.4;3.1;;;2.4;3.1;;
9643;Totaal mannen en vrouwen;0;3;2;Vijf jaar na afstuderen;M Onderwijs;Cohort 2002/'03;2.5;3.0;2.0;2.7;2.0;2.6;1.9;3.0;2.7;3.0;1.8;;2.7;3.0;2.8;3.4
9644;Totaal mannen en vrouwen;0;3;2;Vijf jaar na afstuderen;M Onderwijs;Cohort 2003/'04;;;;;;;;;;;;;;;;
9645;Totaal mannen en vrouwen;0;3;2;Vijf jaar na afstuderen;N Gezondheids- en welzijnszorg;Cohort 1999/'00;2.2;2.7;1.9;2.7;1.9;2.7;;;2.3;2.7;;;2.3;2.7;;
9646;Totaal mannen en vrouwen;0;3;2;Vijf jaar na afstuderen;N Gezondheids- en welzijnszorg;Cohort 2000/'01;2.6;3.0;2.0;2.3;2.0;2.3;;;2.7;3.1;;;2.7;3.1;;
9647;Totaal mannen en vrouwen;0;3;2;Vijf jaar na afstuderen;N Gezondheids- en welzijnszorg;Cohort 2001/'02;2.5;3.1;2.2;2.8;2.2;2.8;;;2.7;3.2;;;2.7;3.2;;
9648;Totaal mannen en vrouwen;0;3;2;Vijf jaar na afstuderen;N Gezondheids- en welzijnszorg;Cohort 2002/'03;2.5;3.0;2.2;2.7;2.2;2.7;;;2.7;3.3;;;2.7;3.3;;
9649;Totaal mannen en vrouwen;0;3;2;Vijf jaar na afstuderen;N Gezondheids- en welzijnszorg;Cohort 2003/'04;;;;;;;;;;;;;;;;
9650;Totaal mannen en vrouwen;0;3;2;Vijf jaar na afstuderen;9000e Milieu, cultuur, recreatie en ..;Cohort 1999/'00;2.4;2.7;2.3;2.6;2.3;2.6;2.6;2.6;2.5;2.8;;;2.5;2.8;;
9651;Totaal mannen en vrouwen;0;3;2;Vijf jaar na afstuderen;9000e Milieu, cultuur, recreatie en ..;Cohort 2000/'01;2.5;3.0;2.4;2.9;2.2;2.7;3.0;3.8;2.7;3.0;;;2.7;3.0;;
9652;Totaal mannen en vrouwen;0;3;2;Vijf jaar na afstuderen;9000e Milieu, cultuur, recreatie en ..;Cohort 2001/'02;2.3;3.0;2.2;3.2;2.2;3.2;1.8;;2.5;2.9;;;2.5;2.9;;
9653;Totaal mannen en vrouwen;0;3;2;Vijf jaar na afstuderen;9000e Milieu, cultuur, recreatie en ..;Cohort 2002/'03;2.7;3.3;2.6;3.4;2.6;3.3;2.9;4.0;2.7;3.3;1.3;;2.8;3.3;;
9654;Totaal mannen en vrouwen;0;3;2;Vijf jaar na afstuderen;9000e Milieu, cultuur, recreatie en ..;Cohort 2003/'04;;;;;;;;;;;;;;;;
9655;Totaal mannen en vrouwen;0;3;2;Vijf jaar na afstuderen;Onbekend;Cohort 1999/'00;2.1;2.1;1.4;1.4;1.4;1.4;;;2.9;2.9;;;2.9;2.9;;
9656;Totaal mannen en vrouwen;0;3;2;Vijf jaar na afstuderen;Onbekend;Cohort 2000/'01;;;;;;;;;;;;;;;;
9657;Totaal mannen en vrouwen;0;3;2;Vijf jaar na afstuderen;Onbekend;Cohort 2001/'02;0.8;;;;;;;;0.8;;;;0.8;;;
9658;Totaal mannen en vrouwen;0;3;2;Vijf jaar na afstuderen;Onbekend;Cohort 2002/'03;;;;;;;;;;;;;;;;
9659;Totaal mannen en vrouwen;0;3;2;Vijf jaar na afstuderen;Onbekend;Cohort 2003/'04;;;;;;;;;;;;;;;;
9660;Totaal mannen en vrouwen;0;3;3;Direct na afstuderen;0;Cohort 1999/'00;1.4;;1.2;;1.3;;1.0;;1.5;;;;1.5;;;
9661;Totaal mannen en vrouwen;0;3;3;Direct na afstuderen;0;Cohort 2000/'01;1.3;1.9;1.2;1.9;1.2;1.9;0.9;1.2;1.4;1.9;0.3;;1.5;1.9;;
9662;Totaal mannen en vrouwen;0;3;3;Direct na afstuderen;0;Cohort 2001/'02;1.3;1.9;1.1;1.7;1.1;1.7;0.9;;1.5;2.0;;;1.4;2.0;3.5;3.5
9663;Totaal mannen en vrouwen;0;3;3;Direct na afstuderen;0;Cohort 2002/'03;1.2;1.8;1.0;1.7;1.0;1.7;0.5;;1.4;1.8;1.0;;1.4;1.8;1.0;
9664;Totaal mannen en vrouwen;0;3;3;Direct na afstuderen;0;Cohort 2003/'04;1.3;2.0;1.2;1.8;1.1;1.7;1.3;2.4;1.4;2.1;1.5;2.6;1.4;2.1;1.6;1.6
9665;Totaal mannen en vrouwen;0;3;3;Direct na afstuderen;1;Cohort 1999/'00;;;;;;;;;;;;;;;;
9666;Totaal mannen en vrouwen;0;3;3;Direct na afstuderen;1;Cohort 2000/'01;;;;;;;;;;;;;;;;
9667;Totaal mannen en vrouwen;0;3;3;Direct na afstuderen;1;Cohort 2001/'02;;;;;;;;;;;;;;;;
9668;Totaal mannen en vrouwen;0;3;3;Direct na afstuderen;1;Cohort 2002/'03;0.4;;;;;;;;0.4;;;;0.4;;;
9669;Totaal mannen en vrouwen;0;3;3;Direct na afstuderen;1;Cohort 2003/'04;0.8;;;;;;;;0.8;;;;0.8;;;
9670;Totaal mannen en vrouwen;0;3;3;Direct na afstuderen;2;Cohort 1999/'00;1.5;;2.0;;2.0;;;;1.2;;;;1.2;;;
9671;Totaal mannen en vrouwen;0;3;3;Direct na afstuderen;2;Cohort 2000/'01;0.9;1.1;0.9;1.1;0.9;1.1;;;0.9;;;;0.9;;;
9672;Totaal mannen en vrouwen;0;3;3;Direct na afstuderen;2;Cohort 2001/'02;1.3;2.1;1.4;2.2;1.4;2.2;;;1.2;2.1;;;1.2;2.1;;
9673;Totaal mannen en vrouwen;0;3;3;Direct na afstuderen;2;Cohort 2002/'03;1.1;1.8;0.8;1.8;0.8;1.8;;;1.6;;;;1.6;;;
9674;Totaal mannen en vrouwen;0;3;3;Direct na afstuderen;2;Cohort 2003/'04;1.2;2.0;1.3;1.6;1.5;1.6;1.0;;1.0;2.4;;;1.0;2.4;;
9675;Totaal mannen en vrouwen;0;3;3;Direct na afstuderen;3;Cohort 1999/'00;0.9;;0.8;;0.8;;;;1.0;;;;1.0;;;
9676;Totaal mannen en vrouwen;0;3;3;Direct na afstuderen;3;Cohort 2000/'01;1.3;1.9;1.1;1.7;1.1;1.7;1.0;;1.5;2.3;;;1.5;2.3;;
9677;Totaal mannen en vrouwen;0;3;3;Direct na afstuderen;3;Cohort 2001/'02;1.0;1.9;0.8;;0.8;;1.1;;1.4;1.9;;;1.4;1.9;;
9678;Totaal mannen en vrouwen;0;3;3;Direct na afstuderen;3;Cohort 2002/'03;0.8;1.6;0.9;1.6;0.9;1.6;;;0.6;1.6;;;0.6;1.6;;
9679;Totaal mannen en vrouwen;0;3;3;Direct na afstuderen;3;Cohort 2003/'04;1.3;2.0;1.3;1.9;1.3;1.9;;;1.4;2.2;0.3;;1.4;2.3;1.6;1.6
9680;Totaal mannen en vrouwen;0;3;3;Direct na afstuderen;4;Cohort 1999/'00;0.8;;1.3;;1.3;;1.3;;0.6;;;;0.6;;;
9681;Totaal mannen en vrouwen;0;3;3;Direct na afstuderen;4;Cohort 2000/'01;0.7;1.9;0.7;2.2;0.7;2.2;;;0.7;1.6;;;0.7;1.6;;
9682;Totaal mannen en vrouwen;0;3;3;Direct na afstuderen;4;Cohort 2001/'02;0.8;1.5;0.8;1.5;0.8;1.5;;;0.9;;;;0.9;;;
9683;Totaal mannen en vrouwen;0;3;3;Direct na afstuderen;4;Cohort 2002/'03;0.9;;0.8;;0.8;;;;1.1;;;;1.1;;;
9684;Totaal mannen en vrouwen;0;3;3;Direct na afstuderen;4;Cohort 2003/'04;0.7;2.1;0.6;;0.6;;1.3;;0.8;2.1;1.2;;0.7;2.1;;
9685;Totaal mannen en vrouwen;0;3;3;Direct na afstuderen;5;Cohort 1999/'00;1.5;;1.4;;1.4;;;;1.6;;;;1.6;;;
9686;Totaal mannen en vrouwen;0;3;3;Direct na afstuderen;5;Cohort 2000/'01;1.4;1.8;1.3;1.9;1.3;1.9;;;1.5;1.7;;;1.5;1.7;;
9687;Totaal mannen en vrouwen;0;3;3;Direct na afstuderen;5;Cohort 2001/'02;1.1;1.4;1.0;1.3;1.0;1.3;;;1.2;1.6;;;1.2;1.6;;
9688;Totaal mannen en vrouwen;0;3;3;Direct na afstuderen;5;Cohort 2002/'03;1.1;2.1;1.0;2.3;1.0;2.3;;;1.4;1.9;;;1.4;1.9;;
9689;Totaal mannen en vrouwen;0;3;3;Direct na afstuderen;5;Cohort 2003/'04;1.3;1.9;1.7;1.9;1.8;1.9;0.7;;0.8;;;;0.8;;;
9690;Totaal mannen en vrouwen;0;3;3;Direct na afstuderen;6;Cohort 1999/'00;4.3;;6.4;;6.4;;;;3.2;;;;3.2;;;
9691;Totaal mannen en vrouwen;0;3;3;Direct na afstuderen;6;Cohort 2000/'01;1.8;2.1;1.7;2.2;1.7;2.2;;;1.8;2.1;;;1.8;2.1;;
9692;Totaal mannen en vrouwen;0;3;3;Direct na afstuderen;6;Cohort 2001/'02;2.0;2.2;1.9;2.5;1.9;2.5;;;2.0;2.0;;;2.0;2.0;;
9693;Totaal mannen en vrouwen;0;3;3;Direct na afstuderen;6;Cohort 2002/'03;1.4;1.8;1.5;1.9;1.5;1.9;;;1.4;1.6;;;1.4;1.6;;
9694;Totaal mannen en vrouwen;0;3;3;Direct na afstuderen;6;Cohort 2003/'04;1.4;1.9;1.3;1.4;1.3;1.4;;;1.6;2.3;;;1.6;2.3;;
9695;Totaal mannen en vrouwen;0;3;3;Direct na afstuderen;7;Cohort 1999/'00;1.6;;1.6;;1.6;;;;1.6;;;;1.6;;;
9696;Totaal mannen en vrouwen;0;3;3;Direct na afstuderen;7;Cohort 2000/'01;1.5;1.9;1.4;1.8;1.4;1.8;;;1.6;1.9;0.3;;1.7;1.9;;
9697;Totaal mannen en vrouwen;0;3;3;Direct na afstuderen;7;Cohort 2001/'02;1.3;1.9;1.2;1.8;1.2;1.8;;;1.6;2.0;;;1.6;2.0;;
9698;Totaal mannen en vrouwen;0;3;3;Direct na afstuderen;7;Cohort 2002/'03;1.2;1.7;1.3;1.7;1.3;1.7;;;1.2;1.7;1.0;;1.2;1.7;;
9699;Totaal mannen en vrouwen;0;3;3;Direct na afstuderen;7;Cohort 2003/'04;1.2;1.7;1.0;1.2;1.0;1.2;0.9;;1.4;2.1;;;1.4;2.1;;
9700;Totaal mannen en vrouwen;0;3;3;Direct na afstuderen;8;Cohort 1999/'00;1.2;;1.2;;1.2;;1.4;;1.2;;;;1.2;;;
9701;Totaal mannen en vrouwen;0;3;3;Direct na afstuderen;8;Cohort 2000/'01;1.3;2.2;1.2;2.5;1.2;2.5;;;1.4;2.0;;;1.4;2.0;;
9702;Totaal mannen en vrouwen;0;3;3;Direct na afstuderen;8;Cohort 2001/'02;1.0;1.5;1.1;1.5;1.1;1.5;0.9;;0.9;1.9;;;0.9;1.9;;
9703;Totaal mannen en vrouwen;0;3;3;Direct na afstuderen;8;Cohort 2002/'03;1.3;1.7;1.3;1.7;1.3;1.7;;;1.4;1.8;;;1.4;1.8;;
9704;Totaal mannen en vrouwen;0;3;3;Direct na afstuderen;8;Cohort 2003/'04;1.2;1.9;1.2;1.9;1.2;1.9;;;1.3;1.9;2.1;;1.3;1.9;;
9705;Totaal mannen en vrouwen;0;3;3;Direct na afstuderen;9;Cohort 1999/'00;2.6;;1.6;;1.6;;;;2.7;;;;2.7;;;
9706;Totaal mannen en vrouwen;0;3;3;Direct na afstuderen;9;Cohort 2000/'01;1.7;1.9;1.5;2.0;1.5;2.0;;;1.9;1.8;;;1.9;1.8;;
9707;Totaal mannen en vrouwen;0;3;3;Direct na afstuderen;9;Cohort 2001/'02;1.9;2.2;0.8;1.5;0.8;1.5;1.0;;2.3;2.4;;;2.2;2.3;3.5;3.5
9708;Totaal mannen en vrouwen;0;3;3;Direct na afstuderen;9;Cohort 2002/'03;1.4;2.0;0.5;1.0;0.5;1.0;;;2.4;3.0;;;2.4;3.0;;
9709;Totaal mannen en vrouwen;0;3;3;Direct na afstuderen;9;Cohort 2003/'04;1.7;2.3;1.2;2.7;1.1;;1.6;2.7;2.2;2.2;2.0;2.6;2.2;2.1;;
9710;Totaal mannen en vrouwen;0;3;3;Direct na afstuderen;M Onderwijs;Cohort 1999/'00;1.0;;0.5;;0.5;;;;1.4;;;;1.4;;;
9711;Totaal mannen en vrouwen;0;3;3;Direct na afstuderen;M Onderwijs;Cohort 2000/'01;1.4;1.9;0.9;;0.9;;;;1.5;1.9;;;1.5;1.9;;
9712;Totaal mannen en vrouwen;0;3;3;Direct na afstuderen;M Onderwijs;Cohort 2001/'02;1.4;1.5;1.0;1.6;1.0;1.6;;;1.4;1.5;;;1.4;1.5;;
9713;Totaal mannen en vrouwen;0;3;3;Direct na afstuderen;M Onderwijs;Cohort 2002/'03;1.3;2.0;0.4;;0.4;;;;1.4;2.0;;;1.4;2.0;1.0;
9714;Totaal mannen en vrouwen;0;3;3;Direct na afstuderen;M Onderwijs;Cohort 2003/'04;1.3;2.2;1.0;2.7;1.5;2.7;0.1;;1.4;2.0;1.6;;1.4;2.0;;
9715;Totaal mannen en vrouwen;0;3;3;Direct na afstuderen;N Gezondheids- en welzijnszorg;Cohort 1999/'00;1.5;;1.1;;1.1;;;;1.6;;;;1.6;;;
9716;Totaal mannen en vrouwen;0;3;3;Direct na afstuderen;N Gezondheids- en welzijnszorg;Cohort 2000/'01;1.2;1.3;1.1;1.5;1.1;1.5;;;1.2;1.1;;;1.2;1.1;;
9717;Totaal mannen en vrouwen;0;3;3;Direct na afstuderen;N Gezondheids- en welzijnszorg;Cohort 2001/'02;1.3;2.1;1.2;1.7;1.1;1.7;2.8;;1.3;2.5;;;1.3;2.5;;
9718;Totaal mannen en vrouwen;0;3;3;Direct na afstuderen;N Gezondheids- en welzijnszorg;Cohort 2002/'03;1.3;1.8;1.0;;1.1;;0.6;;1.5;1.8;;;1.5;1.8;;
9719;Totaal mannen en vrouwen;0;3;3;Direct na afstuderen;N Gezondheids- en welzijnszorg;Cohort 2003/'04;1.4;2.2;1.1;2.0;1.1;2.0;;;1.6;2.3;;;1.6;2.3;;
9720;Totaal mannen en vrouwen;0;3;3;Direct na afstuderen;9000e Milieu, cultuur, recreatie en ..;Cohort 1999/'00;1.3;;1.2;;1.3;;0.4;;1.7;;;;1.7;;;
9721;Totaal mannen en vrouwen;0;3;3;Direct na afstuderen;9000e Milieu, cultuur, recreatie en ..;Cohort 2000/'01;1.5;1.8;1.3;1.8;1.4;2.0;0.9;1.2;1.6;1.7;;;1.6;1.7;;
9722;Totaal mannen en vrouwen;0;3;3;Direct na afstuderen;9000e Milieu, cultuur, recreatie en ..;Cohort 2001/'02;1.3;1.6;1.2;1.6;1.4;1.6;0.5;;2.0;1.8;;;2.0;1.8;;
9723;Totaal mannen en vrouwen;0;3;3;Direct na afstuderen;9000e Milieu, cultuur, recreatie en ..;Cohort 2002/'03;1.2;1.8;1.0;2.0;1.1;2.0;0.5;;1.5;1.6;;;1.5;1.6;;
9724;Totaal mannen en vrouwen;0;3;3;Direct na afstuderen;9000e Milieu, cultuur, recreatie en ..;Cohort 2003/'04;1.2;1.9;1.2;1.9;1.1;1.8;1.8;2.3;0.9;1.5;;;0.9;1.5;;
9725;Totaal mannen en vrouwen;0;3;3;Direct na afstuderen;Onbekend;Cohort 1999/'00;;;;;;;;;;;;;;;;
9726;Totaal mannen en vrouwen;0;3;3;Direct na afstuderen;Onbekend;Cohort 2000/'01;;;;;;;;;;;;;;;;
9727;Totaal mannen en vrouwen;0;3;3;Direct na afstuderen;Onbekend;Cohort 2001/'02;;;;;;;;;;;;;;;;
9728;Totaal mannen en vrouwen;0;3;3;Direct na afstuderen;Onbekend;Cohort 2002/'03;;;;;;;;;;;;;;;;
9729;Totaal mannen en vrouwen;0;3;3;Direct na afstuderen;Onbekend;Cohort 2003/'04;1.9;1.9;;;;;;;1.9;1.9;;;1.9;1.9;;
9730;Totaal mannen en vrouwen;0;3;3;Één jaar na afstuderen;0;Cohort 1999/'00;1.9;2.1;1.8;1.9;1.8;1.9;1.5;1.5;2.0;2.3;;;2.0;2.3;;
9731;Totaal mannen en vrouwen;0;3;3;Één jaar na afstuderen;0;Cohort 2000/'01;1.9;2.1;1.9;2.1;1.9;2.1;3.0;1.9;1.8;2.2;;;1.8;2.2;;
9732;Totaal mannen en vrouwen;0;3;3;Één jaar na afstuderen;0;Cohort 2001/'02;1.8;2.2;1.6;2.1;1.6;2.1;1.5;2.4;1.9;2.3;;;1.9;2.3;3.9;3.9
9733;Totaal mannen en vrouwen;0;3;3;Één jaar na afstuderen;0;Cohort 2002/'03;1.7;2.1;1.5;1.9;1.6;1.9;1.0;1.2;1.9;2.3;1.3;1.5;1.9;2.3;1.9;2.3
9734;Totaal mannen en vrouwen;0;3;3;Één jaar na afstuderen;0;Cohort 2003/'04;1.8;2.2;1.8;2.1;1.8;2.1;1.6;2.9;1.9;2.2;1.8;2.4;1.9;2.2;2.0;2.0
9735;Totaal mannen en vrouwen;0;3;3;Één jaar na afstuderen;1;Cohort 1999/'00;;;;;;;;;;;;;;;;
9736;Totaal mannen en vrouwen;0;3;3;Één jaar na afstuderen;1;Cohort 2000/'01;;;;;;;;;;;;;;;;
9737;Totaal mannen en vrouwen;0;3;3;Één jaar na afstuderen;1;Cohort 2001/'02;;;;;;;;;;;;;;;;
9738;Totaal mannen en vrouwen;0;3;3;Één jaar na afstuderen;1;Cohort 2002/'03;;;;;;;;;;;;;;;;
9739;Totaal mannen en vrouwen;0;3;3;Één jaar na afstuderen;1;Cohort 2003/'04;1.6;1.6;1.6;1.6;1.6;1.6;;;;;;;;;;
9740;Totaal mannen en vrouwen;0;3;3;Één jaar na afstuderen;2;Cohort 1999/'00;2.0;2.1;2.0;2.0;2.0;2.0;;;2.2;2.2;;;2.2;2.2;;
9741;Totaal mannen en vrouwen;0;3;3;Één jaar na afstuderen;2;Cohort 2000/'01;1.9;2.0;2.2;2.2;2.3;2.3;1.9;1.9;1.6;1.8;;;1.6;1.8;;
9742;Totaal mannen en vrouwen;0;3;3;Één jaar na afstuderen;2;Cohort 2001/'02;1.4;2.3;1.3;2.2;1.3;2.2;;;1.6;2.3;;;1.6;2.3;;
9743;Totaal mannen en vrouwen;0;3;3;Één jaar na afstuderen;2;Cohort 2002/'03;1.9;2.0;1.9;2.0;1.9;2.0;;;1.8;2.0;;;1.8;2.0;;
9744;Totaal mannen en vrouwen;0;3;3;Één jaar na afstuderen;2;Cohort 2003/'04;2.5;2.5;2.5;2.5;2.5;2.5;;;2.5;2.5;;;2.5;2.5;;
9745;Totaal mannen en vrouwen;0;3;3;Één jaar na afstuderen;3;Cohort 1999/'00;1.6;1.7;1.5;1.7;1.6;1.7;1.3;1.5;1.7;1.9;;;1.7;1.9;;
9746;Totaal mannen en vrouwen;0;3;3;Één jaar na afstuderen;3;Cohort 2000/'01;1.8;2.4;1.7;2.3;1.7;2.3;;;2.0;2.4;;;2.0;2.4;;
9747;Totaal mannen en vrouwen;0;3;3;Één jaar na afstuderen;3;Cohort 2001/'02;1.5;1.9;1.4;1.9;1.5;1.9;0.8;;1.9;1.9;;;1.9;1.9;;
9748;Totaal mannen en vrouwen;0;3;3;Één jaar na afstuderen;3;Cohort 2002/'03;1.6;1.9;1.6;1.9;1.6;2.0;1.2;1.2;1.5;2.0;1.3;1.5;1.5;2.2;;
9749;Totaal mannen en vrouwen;0;3;3;Één jaar na afstuderen;3;Cohort 2003/'04;1.9;2.1;1.8;2.1;1.8;2.1;;;1.9;2.2;;;1.9;2.2;2.0;2.0
9750;Totaal mannen en vrouwen;0;3;3;Één jaar na afstuderen;4;Cohort 1999/'00;1.0;1.0;1.0;1.0;1.0;1.0;;;;;;;;;;
9751;Totaal mannen en vrouwen;0;3;3;Één jaar na afstuderen;4;Cohort 2000/'01;1.2;2.1;1.3;2.1;1.3;2.1;;;0.9;;;;0.9;;;
9752;Totaal mannen en vrouwen;0;3;3;Één jaar na afstuderen;4;Cohort 2001/'02;0.9;1.8;1.0;1.8;1.0;1.8;;;0.7;;;;0.7;;;
9753;Totaal mannen en vrouwen;0;3;3;Één jaar na afstuderen;4;Cohort 2002/'03;1.1;1.1;1.1;1.1;1.1;1.1;;;1.1;;;;1.1;;;
9754;Totaal mannen en vrouwen;0;3;3;Één jaar na afstuderen;4;Cohort 2003/'04;1.0;1.9;1.0;1.9;1.0;1.9;;;1.1;;1.2;;1.1;;;
9755;Totaal mannen en vrouwen;0;3;3;Één jaar na afstuderen;5;Cohort 1999/'00;2.5;2.5;2.1;2.1;2.1;2.1;;;3.1;3.1;;;3.1;3.1;;
9756;Totaal mannen en vrouwen;0;3;3;Één jaar na afstuderen;5;Cohort 2000/'01;2.1;2.1;2.1;2.1;2.1;2.1;;;2.6;2.6;;;2.6;2.6;;
9757;Totaal mannen en vrouwen;0;3;3;Één jaar na afstuderen;5;Cohort 2001/'02;1.6;2.0;1.6;2.0;1.6;2.0;;;1.9;;;;1.9;;;
9758;Totaal mannen en vrouwen;0;3;3;Één jaar na afstuderen;5;Cohort 2002/'03;1.6;2.1;1.5;2.1;1.5;2.1;;;1.9;2.2;;;1.9;2.2;;
9759;Totaal mannen en vrouwen;0;3;3;Één jaar na afstuderen;5;Cohort 2003/'04;1.5;1.6;1.6;1.6;1.5;1.6;2.0;;1.3;2.0;;;1.3;2.0;;
9760;Totaal mannen en vrouwen;0;3;3;Één jaar na afstuderen;6;Cohort 1999/'00;2.4;2.4;2.3;2.3;2.3;2.3;;;2.4;2.4;;;2.4;2.4;;
9761;Totaal mannen en vrouwen;0;3;3;Één jaar na afstuderen;6;Cohort 2000/'01;2.3;2.5;2.3;2.3;2.3;2.3;;;2.3;2.6;;;2.3;2.6;;
9762;Totaal mannen en vrouwen;0;3;3;Één jaar na afstuderen;6;Cohort 2001/'02;1.9;2.2;1.9;2.1;1.9;2.1;;;1.8;2.3;;;1.8;2.3;;
9763;Totaal mannen en vrouwen;0;3;3;Één jaar na afstuderen;6;Cohort 2002/'03;2.1;2.2;2.1;2.1;2.1;2.1;;;1.7;2.4;;;1.7;2.4;;
9764;Totaal mannen en vrouwen;0;3;3;Één jaar na afstuderen;6;Cohort 2003/'04;2.2;2.4;2.1;2.0;2.1;2.0;;;2.4;2.7;;;2.4;2.7;;
9765;Totaal mannen en vrouwen;0;3;3;Één jaar na afstuderen;7;Cohort 1999/'00;2.0;2.1;2.0;2.0;2.0;2.0;;;2.1;2.2;;;2.1;2.2;;
9766;Totaal mannen en vrouwen;0;3;3;Één jaar na afstuderen;7;Cohort 2000/'01;1.9;2.1;1.9;2.0;1.9;2.0;;;1.9;2.1;;;1.9;2.1;;
9767;Totaal mannen en vrouwen;0;3;3;Één jaar na afstuderen;7;Cohort 2001/'02;1.9;2.1;1.8;2.0;1.8;2.0;1.8;;2.1;2.3;;;2.1;2.3;;
9768;Totaal mannen en vrouwen;0;3;3;Één jaar na afstuderen;7;Cohort 2002/'03;1.9;2.0;1.8;1.9;1.8;1.9;;;2.1;2.1;;;2.1;2.1;;
9769;Totaal mannen en vrouwen;0;3;3;Één jaar na afstuderen;7;Cohort 2003/'04;2.0;2.1;2.0;2.1;2.0;2.1;;;2.0;2.1;;;2.0;2.1;;
9770;Totaal mannen en vrouwen;0;3;3;Één jaar na afstuderen;8;Cohort 1999/'00;1.5;1.9;1.6;1.8;1.6;1.8;1.9;;1.3;2.0;;;1.3;2.0;;
9771;Totaal mannen en vrouwen;0;3;3;Één jaar na afstuderen;8;Cohort 2000/'01;1.7;2.2;1.9;2.1;1.9;2.1;;;1.6;2.2;;;1.6;2.2;;
9772;Totaal mannen en vrouwen;0;3;3;Één jaar na afstuderen;8;Cohort 2001/'02;1.5;2.0;1.4;1.9;1.3;1.8;2.5;2.5;1.7;2.1;;;1.7;2.1;;
9773;Totaal mannen en vrouwen;0;3;3;Één jaar na afstuderen;8;Cohort 2002/'03;1.5;1.9;1.4;1.8;1.4;1.8;;;1.7;2.0;;;1.7;2.0;;
9774;Totaal mannen en vrouwen;0;3;3;Één jaar na afstuderen;8;Cohort 2003/'04;1.7;2.3;1.7;2.6;1.7;2.6;;;1.7;2.0;2.2;;1.7;2.0;;
9775;Totaal mannen en vrouwen;0;3;3;Één jaar na afstuderen;9;Cohort 1999/'00;2.1;2.2;1.9;2.0;1.9;2.0;;;2.2;2.4;;;2.2;2.4;;
9776;Totaal mannen en vrouwen;0;3;3;Één jaar na afstuderen;9;Cohort 2000/'01;2.0;2.1;1.9;2.1;1.9;2.1;;;2.1;2.2;;;2.1;2.2;;
9777;Totaal mannen en vrouwen;0;3;3;Één jaar na afstuderen;9;Cohort 2001/'02;1.8;2.4;1.3;1.9;1.3;1.9;0.6;;2.2;2.6;;;2.1;2.5;3.9;3.9
9778;Totaal mannen en vrouwen;0;3;3;Één jaar na afstuderen;9;Cohort 2002/'03;2.1;2.6;1.4;1.8;1.4;1.8;;;2.6;3.3;;;2.6;3.3;;
9779;Totaal mannen en vrouwen;0;3;3;Één jaar na afstuderen;9;Cohort 2003/'04;2.3;2.4;2.6;2.6;2.5;2.4;2.9;2.9;2.3;2.3;2.0;;2.3;2.3;;
9780;Totaal mannen en vrouwen;0;3;3;Één jaar na afstuderen;M Onderwijs;Cohort 1999/'00;1.6;1.8;1.5;1.6;1.5;1.6;;;1.6;1.9;;;1.6;1.9;;
9781;Totaal mannen en vrouwen;0;3;3;Één jaar na afstuderen;M Onderwijs;Cohort 2000/'01;1.6;1.8;1.7;1.9;1.7;1.9;;;1.6;1.8;;;1.6;1.8;;
9782;Totaal mannen en vrouwen;0;3;3;Één jaar na afstuderen;M Onderwijs;Cohort 2001/'02;1.8;2.1;2.2;2.2;2.2;2.2;;;1.8;2.1;;;1.8;2.1;;
9783;Totaal mannen en vrouwen;0;3;3;Één jaar na afstuderen;M Onderwijs;Cohort 2002/'03;2.0;2.6;1.6;2.2;1.6;2.2;;;2.1;2.7;;;2.1;2.7;1.9;2.3
9784;Totaal mannen en vrouwen;0;3;3;Één jaar na afstuderen;M Onderwijs;Cohort 2003/'04;1.7;2.3;1.0;;1.4;;0.6;;1.9;2.3;2.4;2.4;1.8;2.2;;
9785;Totaal mannen en vrouwen;0;3;3;Één jaar na afstuderen;N Gezondheids- en welzijnszorg;Cohort 1999/'00;2.0;2.5;1.5;2.1;1.5;2.1;;;2.1;2.5;;;2.1;2.5;;
9786;Totaal mannen en vrouwen;0;3;3;Één jaar na afstuderen;N Gezondheids- en welzijnszorg;Cohort 2000/'01;1.9;2.2;1.9;2.1;1.9;2.1;;;1.8;2.3;;;1.8;2.3;;
9787;Totaal mannen en vrouwen;0;3;3;Één jaar na afstuderen;N Gezondheids- en welzijnszorg;Cohort 2001/'02;1.9;2.5;1.8;2.5;1.8;2.5;3.4;;2.0;2.4;;;2.0;2.4;;
9788;Totaal mannen en vrouwen;0;3;3;Één jaar na afstuderen;N Gezondheids- en welzijnszorg;Cohort 2002/'03;1.9;2.3;1.8;2.2;1.8;2.2;1.0;;2.0;2.4;;;2.0;2.4;;
9789;Totaal mannen en vrouwen;0;3;3;Één jaar na afstuderen;N Gezondheids- en welzijnszorg;Cohort 2003/'04;1.8;2.3;1.7;2.0;1.8;2.0;0.7;;1.9;2.5;1.9;;1.9;2.5;;
9790;Totaal mannen en vrouwen;0;3;3;Één jaar na afstuderen;9000e Milieu, cultuur, recreatie en ..;Cohort 1999/'00;1.6;1.9;1.6;1.9;1.6;1.9;;;1.6;2.0;;;1.6;2.0;;
9791;Totaal mannen en vrouwen;0;3;3;Één jaar na afstuderen;9000e Milieu, cultuur, recreatie en ..;Cohort 2000/'01;2.0;2.0;2.2;1.9;1.9;1.9;3.5;;1.8;2.1;;;1.8;2.1;;
9792;Totaal mannen en vrouwen;0;3;3;Één jaar na afstuderen;9000e Milieu, cultuur, recreatie en ..;Cohort 2001/'02;2.1;2.6;2.1;2.6;2.2;2.6;1.7;2.4;1.9;2.7;;;1.9;2.7;;
9793;Totaal mannen en vrouwen;0;3;3;Één jaar na afstuderen;9000e Milieu, cultuur, recreatie en ..;Cohort 2002/'03;1.5;1.9;1.3;1.9;1.3;1.9;0.8;;1.8;2.0;;;1.8;2.0;;
9794;Totaal mannen en vrouwen;0;3;3;Één jaar na afstuderen;9000e Milieu, cultuur, recreatie en ..;Cohort 2003/'04;1.8;2.3;1.8;2.2;1.8;2.2;2.4;2.9;1.8;2.4;1.2;2.4;2.0;2.4;;
9795;Totaal mannen en vrouwen;0;3;3;Één jaar na afstuderen;Onbekend;Cohort 1999/'00;;;;;;;;;;;;;;;;
9796;Totaal mannen en vrouwen;0;3;3;Één jaar na afstuderen;Onbekend;Cohort 2000/'01;;;;;;;;;;;;;;;;
9797;Totaal mannen en vrouwen;0;3;3;Één jaar na afstuderen;Onbekend;Cohort 2001/'02;;;;;;;;;;;;;;;;
9798;Totaal mannen en vrouwen;0;3;3;Één jaar na afstuderen;Onbekend;Cohort 2002/'03;;;;;;;;;;;;;;;;
9799;Totaal mannen en vrouwen;0;3;3;Één jaar na afstuderen;Onbekend;Cohort 2003/'04;;;;;;;;;;;;;;;;
9800;Totaal mannen en vrouwen;0;3;3;Twee jaar na afstuderen;0;Cohort 1999/'00;2.1;2.4;1.9;2.2;1.9;2.2;2.0;2.0;2.2;2.6;;;2.2;2.6;;
9801;Totaal mannen en vrouwen;0;3;3;Twee jaar na afstuderen;0;Cohort 2000/'01;2.1;2.3;2.0;2.3;2.0;2.3;1.0;;2.1;2.4;;;2.1;2.4;;
9802;Totaal mannen en vrouwen;0;3;3;Twee jaar na afstuderen;0;Cohort 2001/'02;2.1;2.4;1.8;2.3;1.9;2.3;1.2;1.4;2.3;2.6;;;2.3;2.6;4.4;4.4
9803;Totaal mannen en vrouwen;0;3;3;Twee jaar na afstuderen;0;Cohort 2002/'03;2.1;2.3;1.8;2.2;1.8;2.2;0.8;;2.4;2.5;1.4;1.8;2.4;2.5;2.1;2.5
9804;Totaal mannen en vrouwen;0;3;3;Twee jaar na afstuderen;0;Cohort 2003/'04;2.3;2.7;2.2;2.6;2.1;2.5;2.7;3.9;2.4;2.8;1.9;2.8;2.4;2.8;2.0;2.0
9805;Totaal mannen en vrouwen;0;3;3;Twee jaar na afstuderen;1;Cohort 1999/'00;;;;;;;;;;;;;;;;
9806;Totaal mannen en vrouwen;0;3;3;Twee jaar na afstuderen;1;Cohort 2000/'01;;;;;;;;;;;;;;;;
9807;Totaal mannen en vrouwen;0;3;3;Twee jaar na afstuderen;1;Cohort 2001/'02;;;;;;;;;;;;;;;;
9808;Totaal mannen en vrouwen;0;3;3;Twee jaar na afstuderen;1;Cohort 2002/'03;;;;;;;;;;;;;;;;
9809;Totaal mannen en vrouwen;0;3;3;Twee jaar na afstuderen;1;Cohort 2003/'04;;;;;;;;;;;;;;;;
9810;Totaal mannen en vrouwen;0;3;3;Twee jaar na afstuderen;2;Cohort 1999/'00;2.4;2.4;2.4;2.4;2.4;2.4;;;2.3;2.4;;;2.3;2.4;;
9811;Totaal mannen en vrouwen;0;3;3;Twee jaar na afstuderen;2;Cohort 2000/'01;1.9;2.4;1.9;2.4;1.9;2.4;;;;;;;;;;
9812;Totaal mannen en vrouwen;0;3;3;Twee jaar na afstuderen;2;Cohort 2001/'02;2.1;2.3;2.1;2.2;2.1;2.2;;;2.2;2.7;;;2.2;2.7;;
9813;Totaal mannen en vrouwen;0;3;3;Twee jaar na afstuderen;2;Cohort 2002/'03;2.2;2.4;2.1;2.3;2.1;2.3;;;2.4;2.6;;;2.4;2.6;;
9814;Totaal mannen en vrouwen;0;3;3;Twee jaar na afstuderen;2;Cohort 2003/'04;2.7;2.8;2.3;2.4;2.3;2.4;;;3.4;3.4;;;3.4;3.4;;
9815;Totaal mannen en vrouwen;0;3;3;Twee jaar na afstuderen;3;Cohort 1999/'00;2.1;2.1;2.0;2.0;2.0;2.1;1.7;1.7;2.3;2.6;;;2.3;2.6;;
9816;Totaal mannen en vrouwen;0;3;3;Twee jaar na afstuderen;3;Cohort 2000/'01;2.1;2.3;1.9;2.2;1.9;2.2;;;2.5;2.5;;;2.5;2.5;;
9817;Totaal mannen en vrouwen;0;3;3;Twee jaar na afstuderen;3;Cohort 2001/'02;1.9;2.2;1.6;2.2;1.7;2.2;1.3;;2.3;2.3;;;2.3;2.3;;
9818;Totaal mannen en vrouwen;0;3;3;Twee jaar na afstuderen;3;Cohort 2002/'03;1.7;2.1;1.6;2.1;1.6;2.1;;;1.9;2.2;1.4;1.8;2.1;2.4;;
9819;Totaal mannen en vrouwen;0;3;3;Twee jaar na afstuderen;3;Cohort 2003/'04;2.3;2.6;2.3;2.7;2.3;2.7;;;2.2;2.4;;;2.2;2.4;;
9820;Totaal mannen en vrouwen;0;3;3;Twee jaar na afstuderen;4;Cohort 1999/'00;1.1;2.1;1.1;2.1;0.6;;2.1;2.1;;;;;;;;
9821;Totaal mannen en vrouwen;0;3;3;Twee jaar na afstuderen;4;Cohort 2000/'01;1.2;2.0;1.2;2.0;1.2;2.0;;;;;;;;;;
9822;Totaal mannen en vrouwen;0;3;3;Twee jaar na afstuderen;4;Cohort 2001/'02;1.0;1.8;1.1;1.8;1.1;1.8;;;0.4;;;;0.4;;;
9823;Totaal mannen en vrouwen;0;3;3;Twee jaar na afstuderen;4;Cohort 2002/'03;1.3;1.7;1.2;1.7;1.3;1.7;0.2;;1.6;;;;1.6;;;
9824;Totaal mannen en vrouwen;0;3;3;Twee jaar na afstuderen;4;Cohort 2003/'04;1.3;2.8;0.8;;0.9;;0.4;;2.1;2.8;;;2.1;2.8;;
9825;Totaal mannen en vrouwen;0;3;3;Twee jaar na afstuderen;5;Cohort 1999/'00;2.5;2.5;;;;;;;2.5;2.5;;;2.5;2.5;;
9826;Totaal mannen en vrouwen;0;3;3;Twee jaar na afstuderen;5;Cohort 2000/'01;2.2;2.2;2.3;2.3;2.3;2.3;;;2.0;2.0;;;2.0;2.0;;
9827;Totaal mannen en vrouwen;0;3;3;Twee jaar na afstuderen;5;Cohort 2001/'02;1.6;2.1;1.6;2.1;1.6;2.1;;;;;;;;;;
9828;Totaal mannen en vrouwen;0;3;3;Twee jaar na afstuderen;5;Cohort 2002/'03;1.9;2.2;1.9;2.1;1.9;2.1;;;1.9;2.5;;;1.9;2.5;;
9829;Totaal mannen en vrouwen;0;3;3;Twee jaar na afstuderen;5;Cohort 2003/'04;2.0;2.3;2.2;2.3;2.2;2.3;2.2;2.2;1.6;2.4;;;1.6;2.4;;
9830;Totaal mannen en vrouwen;0;3;3;Twee jaar na afstuderen;6;Cohort 1999/'00;2.7;2.7;2.2;2.2;2.2;2.2;;;3.3;3.3;;;3.3;3.3;;
9831;Totaal mannen en vrouwen;0;3;3;Twee jaar na afstuderen;6;Cohort 2000/'01;2.5;2.6;2.1;2.4;2.1;2.4;;;2.7;2.7;;;2.7;2.7;;
9832;Totaal mannen en vrouwen;0;3;3;Twee jaar na afstuderen;6;Cohort 2001/'02;2.4;2.7;2.4;2.7;2.4;2.7;;;2.4;2.8;;;2.4;2.8;;
9833;Totaal mannen en vrouwen;0;3;3;Twee jaar na afstuderen;6;Cohort 2002/'03;2.3;2.4;2.4;2.4;2.4;2.4;;;2.2;2.5;;;2.2;2.5;;
9834;Totaal mannen en vrouwen;0;3;3;Twee jaar na afstuderen;6;Cohort 2003/'04;2.8;2.8;2.5;2.5;2.5;2.5;;;3.1;3.1;;;3.1;3.1;;
9835;Totaal mannen en vrouwen;0;3;3;Twee jaar na afstuderen;7;Cohort 1999/'00;2.0;2.2;1.8;2.0;1.8;2.0;;;2.4;2.4;;;2.4;2.4;;
9836;Totaal mannen en vrouwen;0;3;3;Twee jaar na afstuderen;7;Cohort 2000/'01;2.2;2.4;2.2;2.3;2.2;2.3;;;2.3;2.5;;;2.3;2.5;;
9837;Totaal mannen en vrouwen;0;3;3;Twee jaar na afstuderen;7;Cohort 2001/'02;2.0;2.4;1.9;2.4;1.8;2.4;2.2;;2.4;2.4;;;2.4;2.4;;
9838;Totaal mannen en vrouwen;0;3;3;Twee jaar na afstuderen;7;Cohort 2002/'03;2.3;2.4;2.1;2.2;2.1;2.2;;;2.5;2.6;;;2.5;2.6;;
9839;Totaal mannen en vrouwen;0;3;3;Twee jaar na afstuderen;7;Cohort 2003/'04;2.4;2.6;2.3;2.4;2.3;2.4;1.6;;2.5;2.8;;;2.5;2.8;;
9840;Totaal mannen en vrouwen;0;3;3;Twee jaar na afstuderen;8;Cohort 1999/'00;1.8;2.1;1.8;2.1;1.8;2.1;;;1.8;2.0;;;1.8;2.0;;
9841;Totaal mannen en vrouwen;0;3;3;Twee jaar na afstuderen;8;Cohort 2000/'01;1.9;2.3;1.9;2.2;2.0;2.2;1.3;;2.0;2.5;;;2.0;2.5;;
9842;Totaal mannen en vrouwen;0;3;3;Twee jaar na afstuderen;8;Cohort 2001/'02;1.6;2.2;1.5;2.1;1.5;2.1;;;1.9;2.3;;;1.9;2.3;;
9843;Totaal mannen en vrouwen;0;3;3;Twee jaar na afstuderen;8;Cohort 2002/'03;1.8;2.1;1.6;2.1;1.6;2.1;0.7;;1.9;2.1;;;1.9;2.1;;
9844;Totaal mannen en vrouwen;0;3;3;Twee jaar na afstuderen;8;Cohort 2003/'04;1.8;2.4;1.8;2.2;1.8;2.2;;;1.9;2.4;2.3;2.8;1.8;2.4;;
9845;Totaal mannen en vrouwen;0;3;3;Twee jaar na afstuderen;9;Cohort 1999/'00;2.3;2.6;1.9;2.2;1.9;2.2;;;2.5;2.7;;;2.5;2.7;;
9846;Totaal mannen en vrouwen;0;3;3;Twee jaar na afstuderen;9;Cohort 2000/'01;2.3;2.4;2.1;2.4;2.1;2.4;;;2.5;2.5;;;2.5;2.5;;
9847;Totaal mannen en vrouwen;0;3;3;Twee jaar na afstuderen;9;Cohort 2001/'02;2.5;2.7;1.8;2.1;1.8;2.1;;;2.8;2.9;;;2.7;2.8;4.4;4.4
9848;Totaal mannen en vrouwen;0;3;3;Twee jaar na afstuderen;9;Cohort 2002/'03;3.6;3.0;2.2;2.2;2.2;2.2;;;4.3;3.6;;;4.3;3.6;;
9849;Totaal mannen en vrouwen;0;3;3;Twee jaar na afstuderen;9;Cohort 2003/'04;2.9;3.0;2.6;2.6;2.6;2.6;;;2.9;3.1;2.6;3.1;3.0;3.1;;
9850;Totaal mannen en vrouwen;0;3;3;Twee jaar na afstuderen;M Onderwijs;Cohort 1999/'00;1.9;2.3;1.7;2.3;1.7;2.3;;;2.0;2.3;;;2.0;2.3;;
9851;Totaal mannen en vrouwen;0;3;3;Twee jaar na afstuderen;M Onderwijs;Cohort 2000/'01;1.7;2.3;1.5;2.4;1.8;2.4;0.5;;1.7;2.2;;;1.7;2.2;;
9852;Totaal mannen en vrouwen;0;3;3;Twee jaar na afstuderen;M Onderwijs;Cohort 2001/'02;2.0;2.3;1.8;2.3;1.8;2.3;;;2.0;2.3;;;2.0;2.3;;
9853;Totaal mannen en vrouwen;0;3;3;Twee jaar na afstuderen;M Onderwijs;Cohort 2002/'03;2.2;2.4;2.1;2.2;2.1;2.2;;;2.2;2.4;;;2.3;2.4;2.1;2.5
9854;Totaal mannen en vrouwen;0;3;3;Twee jaar na afstuderen;M Onderwijs;Cohort 2003/'04;2.2;2.3;2.0;2.6;2.1;2.6;1.8;;2.2;2.3;2.4;2.4;2.2;2.3;;
9855;Totaal mannen en vrouwen;0;3;3;Twee jaar na afstuderen;N Gezondheids- en welzijnszorg;Cohort 1999/'00;2.1;2.8;1.6;2.0;1.6;2.0;;;2.2;3.0;;;2.2;3.0;;
9856;Totaal mannen en vrouwen;0;3;3;Twee jaar na afstuderen;N Gezondheids- en welzijnszorg;Cohort 2000/'01;2.1;2.4;2.3;2.7;2.3;2.7;;;2.0;2.3;;;2.0;2.3;;
9857;Totaal mannen en vrouwen;0;3;3;Twee jaar na afstuderen;N Gezondheids- en welzijnszorg;Cohort 2001/'02;2.2;2.7;2.0;2.5;2.0;2.5;;;2.4;2.8;;;2.4;2.8;;
9858;Totaal mannen en vrouwen;0;3;3;Twee jaar na afstuderen;N Gezondheids- en welzijnszorg;Cohort 2002/'03;2.1;2.2;2.1;2.3;2.1;2.3;1.4;;2.1;2.2;;;2.1;2.2;;
9859;Totaal mannen en vrouwen;0;3;3;Twee jaar na afstuderen;N Gezondheids- en welzijnszorg;Cohort 2003/'04;2.2;2.9;2.0;2.4;2.0;2.4;;;2.4;3.5;;;2.4;3.5;;
9860;Totaal mannen en vrouwen;0;3;3;Twee jaar na afstuderen;9000e Milieu, cultuur, recreatie en ..;Cohort 1999/'00;2.1;2.5;2.3;2.5;2.4;2.5;2.1;2.1;2.0;2.5;;;2.0;2.5;;
9861;Totaal mannen en vrouwen;0;3;3;Twee jaar na afstuderen;9000e Milieu, cultuur, recreatie en ..;Cohort 2000/'01;1.9;2.0;2.0;2.1;2.0;2.1;;;1.8;1.9;;;1.8;1.9;;
9862;Totaal mannen en vrouwen;0;3;3;Twee jaar na afstuderen;9000e Milieu, cultuur, recreatie en ..;Cohort 2001/'02;2.3;2.4;2.2;2.4;2.4;2.4;0.8;1.4;2.6;3.2;;;2.6;3.2;;
9863;Totaal mannen en vrouwen;0;3;3;Twee jaar na afstuderen;9000e Milieu, cultuur, recreatie en ..;Cohort 2002/'03;1.9;2.2;1.6;2.0;1.6;2.0;;;2.3;2.4;;;2.3;2.4;;
9864;Totaal mannen en vrouwen;0;3;3;Twee jaar na afstuderen;9000e Milieu, cultuur, recreatie en ..;Cohort 2003/'04;2.3;3.1;2.5;3.5;2.3;3.2;4.4;4.4;2.0;2.4;1.0;;2.2;2.5;2.0;2.0
9865;Totaal mannen en vrouwen;0;3;3;Twee jaar na afstuderen;Onbekend;Cohort 1999/'00;;;;;;;;;;;;;;;;
9866;Totaal mannen en vrouwen;0;3;3;Twee jaar na afstuderen;Onbekend;Cohort 2000/'01;;;;;;;;;;;;;;;;
9867;Totaal mannen en vrouwen;0;3;3;Twee jaar na afstuderen;Onbekend;Cohort 2001/'02;;;;;;;;;;;;;;;;
9868;Totaal mannen en vrouwen;0;3;3;Twee jaar na afstuderen;Onbekend;Cohort 2002/'03;;;;;;;;;;;;;;;;
9869;Totaal mannen en vrouwen;0;3;3;Twee jaar na afstuderen;Onbekend;Cohort 2003/'04;;;;;;;;;;;;;;;;
9870;Totaal mannen en vrouwen;0;3;3;Drie jaar na afstuderen;0;Cohort 1999/'00;2.3;2.5;2.1;2.3;2.1;2.3;1.5;1.8;2.5;2.8;;;2.5;2.8;;
9871;Totaal mannen en vrouwen;0;3;3;Drie jaar na afstuderen;0;Cohort 2000/'01;2.3;2.5;2.1;2.4;2.1;2.4;1.4;1.9;2.4;2.7;;;2.4;2.7;;
9872;Totaal mannen en vrouwen;0;3;3;Drie jaar na afstuderen;0;Cohort 2001/'02;2.2;2.6;2.0;2.4;2.0;2.4;1.5;2.2;2.4;2.8;;;2.4;2.8;4.6;4.6
9873;Totaal mannen en vrouwen;0;3;3;Drie jaar na afstuderen;0;Cohort 2002/'03;2.3;2.8;2.1;2.6;2.2;2.6;0.8;;2.5;3.0;1.9;1.9;2.6;3.0;2.3;
9874;Totaal mannen en vrouwen;0;3;3;Drie jaar na afstuderen;0;Cohort 2003/'04;2.6;2.9;2.4;2.8;2.4;2.8;2.4;3.3;2.7;3.1;3.0;3.0;2.7;3.1;2.0;2.0
9875;Totaal mannen en vrouwen;0;3;3;Drie jaar na afstuderen;1;Cohort 1999/'00;;;;;;;;;;;;;;;;
9876;Totaal mannen en vrouwen;0;3;3;Drie jaar na afstuderen;1;Cohort 2000/'01;;;;;;;;;;;;;;;;
9877;Totaal mannen en vrouwen;0;3;3;Drie jaar na afstuderen;1;Cohort 2001/'02;;;;;;;;;;;;;;;;
9878;Totaal mannen en vrouwen;0;3;3;Drie jaar na afstuderen;1;Cohort 2002/'03;;;;;;;;;;;;;;;;
9879;Totaal mannen en vrouwen;0;3;3;Drie jaar na afstuderen;1;Cohort 2003/'04;;;;;;;;;;;;;;;;
9880;Totaal mannen en vrouwen;0;3;3;Drie jaar na afstuderen;2;Cohort 1999/'00;2.5;2.5;2.7;2.7;2.7;2.7;;;2.4;2.4;;;2.4;2.4;;
9881;Totaal mannen en vrouwen;0;3;3;Drie jaar na afstuderen;2;Cohort 2000/'01;2.5;2.8;2.7;2.8;2.7;2.8;;;1.5;2.4;;;1.5;2.4;;
9882;Totaal mannen en vrouwen;0;3;3;Drie jaar na afstuderen;2;Cohort 2001/'02;2.6;2.8;2.3;2.5;2.3;2.5;;;2.9;3.2;;;2.9;3.2;;
9883;Totaal mannen en vrouwen;0;3;3;Drie jaar na afstuderen;2;Cohort 2002/'03;3.0;3.2;2.5;2.6;2.5;2.6;;;3.6;4.1;;;3.6;4.1;;
9884;Totaal mannen en vrouwen;0;3;3;Drie jaar na afstuderen;2;Cohort 2003/'04;2.7;3.0;2.4;2.7;2.4;2.7;;;3.5;3.5;;;3.5;3.5;;
9885;Totaal mannen en vrouwen;0;3;3;Drie jaar na afstuderen;3;Cohort 1999/'00;2.3;2.4;2.2;2.2;2.2;2.2;1.8;1.8;2.6;3.0;;;2.6;3.0;;
9886;Totaal mannen en vrouwen;0;3;3;Drie jaar na afstuderen;3;Cohort 2000/'01;2.0;2.3;1.6;1.9;1.6;1.9;1.9;1.9;2.6;2.8;;;2.6;2.8;;
9887;Totaal mannen en vrouwen;0;3;3;Drie jaar na afstuderen;3;Cohort 2001/'02;1.9;2.3;1.7;2.3;1.8;2.3;1.0;;2.4;2.4;;;2.4;2.4;;
9888;Totaal mannen en vrouwen;0;3;3;Drie jaar na afstuderen;3;Cohort 2002/'03;2.1;2.5;1.9;2.5;1.9;2.5;;;2.4;2.6;1.9;1.9;2.5;2.7;;
9889;Totaal mannen en vrouwen;0;3;3;Drie jaar na afstuderen;3;Cohort 2003/'04;2.6;2.9;2.5;2.9;2.5;2.9;;;2.7;2.9;;;2.7;2.9;;
9890;Totaal mannen en vrouwen;0;3;3;Drie jaar na afstuderen;4;Cohort 1999/'00;1.8;1.8;1.8;1.8;1.7;1.7;1.9;1.9;;;;;;;;
9891;Totaal mannen en vrouwen;0;3;3;Drie jaar na afstuderen;4;Cohort 2000/'01;1.2;2.1;1.2;2.1;1.2;2.1;;;;;;;;;;
9892;Totaal mannen en vrouwen;0;3;3;Drie jaar na afstuderen;4;Cohort 2001/'02;0.9;1.9;0.9;1.9;0.9;1.9;;;;;;;;;;
9893;Totaal mannen en vrouwen;0;3;3;Drie jaar na afstuderen;4;Cohort 2002/'03;1.3;2.0;1.1;2.0;1.3;2.0;0.3;;1.7;;;;1.7;;;
9894;Totaal mannen en vrouwen;0;3;3;Drie jaar na afstuderen;4;Cohort 2003/'04;2.0;2.4;1.3;;1.3;;;;2.4;2.4;;;2.4;2.4;;
9895;Totaal mannen en vrouwen;0;3;3;Drie jaar na afstuderen;5;Cohort 1999/'00;2.6;2.6;1.6;1.6;1.6;1.6;;;2.7;2.7;;;2.7;2.7;;
9896;Totaal mannen en vrouwen;0;3;3;Drie jaar na afstuderen;5;Cohort 2000/'01;2.1;2.3;2.2;2.5;2.2;2.5;;;1.6;1.6;;;1.6;1.6;;
9897;Totaal mannen en vrouwen;0;3;3;Drie jaar na afstuderen;5;Cohort 2001/'02;1.6;2.1;1.9;2.1;1.9;2.1;;;0.1;;;;0.1;;;
9898;Totaal mannen en vrouwen;0;3;3;Drie jaar na afstuderen;5;Cohort 2002/'03;2.6;2.9;2.8;2.9;2.8;2.9;;;2.3;2.8;;;2.3;2.8;;
9899;Totaal mannen en vrouwen;0;3;3;Drie jaar na afstuderen;5;Cohort 2003/'04;1.8;2.4;2.0;2.2;2.0;2.2;2.3;2.3;1.4;2.8;;;1.4;2.8;;
9900;Totaal mannen en vrouwen;0;3;3;Drie jaar na afstuderen;6;Cohort 1999/'00;2.3;2.8;2.0;2.4;2.0;2.4;;;2.8;3.5;;;2.8;3.5;;
9901;Totaal mannen en vrouwen;0;3;3;Drie jaar na afstuderen;6;Cohort 2000/'01;2.4;2.8;2.3;2.5;2.3;2.5;;;2.6;3.0;;;2.6;3.0;;
9902;Totaal mannen en vrouwen;0;3;3;Drie jaar na afstuderen;6;Cohort 2001/'02;2.6;3.0;2.3;2.8;2.3;2.8;;;3.0;3.1;;;3.0;3.1;;
9903;Totaal mannen en vrouwen;0;3;3;Drie jaar na afstuderen;6;Cohort 2002/'03;2.9;2.9;3.1;3.1;3.1;3.1;;;2.7;2.7;;;2.7;2.7;;
9904;Totaal mannen en vrouwen;0;3;3;Drie jaar na afstuderen;6;Cohort 2003/'04;3.0;3.1;2.7;2.8;2.7;2.8;;;3.3;3.3;;;3.3;3.3;;
9905;Totaal mannen en vrouwen;0;3;3;Drie jaar na afstuderen;7;Cohort 1999/'00;2.4;2.6;2.2;2.3;2.2;2.3;;;2.7;2.9;;;2.7;2.9;;
9906;Totaal mannen en vrouwen;0;3;3;Drie jaar na afstuderen;7;Cohort 2000/'01;2.5;2.7;2.3;2.5;2.3;2.5;;;2.6;2.8;;;2.6;2.8;;
9907;Totaal mannen en vrouwen;0;3;3;Drie jaar na afstuderen;7;Cohort 2001/'02;2.5;2.8;2.3;2.5;2.3;2.5;2.5;;2.8;3.6;;;2.8;3.6;;
9908;Totaal mannen en vrouwen;0;3;3;Drie jaar na afstuderen;7;Cohort 2002/'03;2.6;2.8;2.4;2.7;2.4;2.7;;;2.8;3.0;;;2.8;3.0;;
9909;Totaal mannen en vrouwen;0;3;3;Drie jaar na afstuderen;7;Cohort 2003/'04;2.7;3.0;2.5;2.8;2.6;2.8;1.7;;3.0;3.3;;;3.0;3.3;;
9910;Totaal mannen en vrouwen;0;3;3;Drie jaar na afstuderen;8;Cohort 1999/'00;2.1;2.3;2.1;2.3;2.1;2.3;;;2.0;;;;2.0;;;
9911;Totaal mannen en vrouwen;0;3;3;Drie jaar na afstuderen;8;Cohort 2000/'01;2.1;2.2;2.0;2.1;2.0;2.1;;;2.3;2.3;;;2.3;2.3;;
9912;Totaal mannen en vrouwen;0;3;3;Drie jaar na afstuderen;8;Cohort 2001/'02;1.8;2.3;1.5;2.0;1.5;2.0;;;2.3;2.5;;;2.3;2.5;;
9913;Totaal mannen en vrouwen;0;3;3;Drie jaar na afstuderen;8;Cohort 2002/'03;1.8;2.7;1.7;2.6;1.7;2.6;0.8;;2.1;3.0;;;2.1;3.0;;
9914;Totaal mannen en vrouwen;0;3;3;Drie jaar na afstuderen;8;Cohort 2003/'04;2.2;2.9;2.1;2.4;2.1;2.4;;;2.4;3.1;3.5;3.5;2.3;3.0;;
9915;Totaal mannen en vrouwen;0;3;3;Drie jaar na afstuderen;9;Cohort 1999/'00;2.6;2.7;2.2;2.2;2.2;2.2;;;2.8;2.9;;;2.8;2.9;;
9916;Totaal mannen en vrouwen;0;3;3;Drie jaar na afstuderen;9;Cohort 2000/'01;2.6;2.8;2.3;2.6;2.4;2.6;0.6;;2.9;3.0;;;2.9;3.0;;
9917;Totaal mannen en vrouwen;0;3;3;Drie jaar na afstuderen;9;Cohort 2001/'02;2.7;2.9;2.3;2.4;2.3;2.4;;;2.8;3.0;;;2.7;2.9;4.6;4.6
9918;Totaal mannen en vrouwen;0;3;3;Drie jaar na afstuderen;9;Cohort 2002/'03;2.7;3.0;2.2;2.2;2.2;2.2;;;2.9;3.1;;;2.9;3.1;;
9919;Totaal mannen en vrouwen;0;3;3;Drie jaar na afstuderen;9;Cohort 2003/'04;2.9;3.2;2.8;3.0;2.8;3.0;;;3.0;3.3;3.0;3.0;3.0;3.3;;
9920;Totaal mannen en vrouwen;0;3;3;Drie jaar na afstuderen;M Onderwijs;Cohort 1999/'00;2.0;2.6;2.0;2.3;2.0;2.3;;;2.1;2.9;;;2.1;2.9;;
9921;Totaal mannen en vrouwen;0;3;3;Drie jaar na afstuderen;M Onderwijs;Cohort 2000/'01;2.2;2.2;2.4;2.4;2.4;2.4;;;2.1;2.2;;;2.1;2.2;;
9922;Totaal mannen en vrouwen;0;3;3;Drie jaar na afstuderen;M Onderwijs;Cohort 2001/'02;2.1;2.5;1.7;2.7;1.7;2.7;;;2.1;2.5;;;2.1;2.5;;
9923;Totaal mannen en vrouwen;0;3;3;Drie jaar na afstuderen;M Onderwijs;Cohort 2002/'03;2.2;2.6;1.9;2.4;1.9;2.4;;;2.3;2.7;;;2.3;2.7;2.0;
9924;Totaal mannen en vrouwen;0;3;3;Drie jaar na afstuderen;M Onderwijs;Cohort 2003/'04;2.5;2.6;2.3;2.9;2.2;2.9;2.6;;2.6;2.6;2.6;2.6;2.6;2.6;;
9925;Totaal mannen en vrouwen;0;3;3;Drie jaar na afstuderen;N Gezondheids- en welzijnszorg;Cohort 1999/'00;2.2;2.4;2.1;2.3;2.1;2.3;;;2.3;2.4;;;2.3;2.4;;
9926;Totaal mannen en vrouwen;0;3;3;Drie jaar na afstuderen;N Gezondheids- en welzijnszorg;Cohort 2000/'01;2.1;2.4;2.0;;2.0;;;;2.2;2.4;;;2.2;2.4;;
9927;Totaal mannen en vrouwen;0;3;3;Drie jaar na afstuderen;N Gezondheids- en welzijnszorg;Cohort 2001/'02;2.2;2.7;2.0;2.5;2.1;2.5;1.7;;2.4;2.9;;;2.4;2.9;;
9928;Totaal mannen en vrouwen;0;3;3;Drie jaar na afstuderen;N Gezondheids- en welzijnszorg;Cohort 2002/'03;2.3;2.6;2.2;2.6;2.2;2.6;;;2.3;2.7;;;2.3;2.7;2.6;
9929;Totaal mannen en vrouwen;0;3;3;Drie jaar na afstuderen;N Gezondheids- en welzijnszorg;Cohort 2003/'04;2.5;3.0;2.3;2.9;2.3;2.9;;;2.7;3.2;;;2.7;3.2;;
9930;Totaal mannen en vrouwen;0;3;3;Drie jaar na afstuderen;9000e Milieu, cultuur, recreatie en ..;Cohort 1999/'00;2.0;2.4;1.9;2.5;2.0;2.5;0.7;;2.1;2.4;;;2.1;2.4;;
9931;Totaal mannen en vrouwen;0;3;3;Drie jaar na afstuderen;9000e Milieu, cultuur, recreatie en ..;Cohort 2000/'01;2.1;2.3;2.0;2.2;2.1;2.2;1.8;;2.1;2.5;;;2.1;2.5;;
9932;Totaal mannen en vrouwen;0;3;3;Drie jaar na afstuderen;9000e Milieu, cultuur, recreatie en ..;Cohort 2001/'02;2.1;2.2;2.2;2.2;2.4;2.2;1.5;2.2;2.0;2.1;;;2.0;2.1;;
9933;Totaal mannen en vrouwen;0;3;3;Drie jaar na afstuderen;9000e Milieu, cultuur, recreatie en ..;Cohort 2002/'03;2.3;2.8;2.1;2.4;2.2;2.4;1.0;;2.7;3.6;;;2.7;3.6;;
9934;Totaal mannen en vrouwen;0;3;3;Drie jaar na afstuderen;9000e Milieu, cultuur, recreatie en ..;Cohort 2003/'04;2.4;2.7;2.4;2.6;2.4;2.3;2.6;3.6;2.4;2.9;2.8;;2.5;3.0;2.0;2.0
9935;Totaal mannen en vrouwen;0;3;3;Drie jaar na afstuderen;Onbekend;Cohort 1999/'00;;;;;;;;;;;;;;;;
9936;Totaal mannen en vrouwen;0;3;3;Drie jaar na afstuderen;Onbekend;Cohort 2000/'01;;;;;;;;;;;;;;;;
9937;Totaal mannen en vrouwen;0;3;3;Drie jaar na afstuderen;Onbekend;Cohort 2001/'02;4.0;4.0;4.0;4.0;4.0;4.0;;;;;;;;;;
9938;Totaal mannen en vrouwen;0;3;3;Drie jaar na afstuderen;Onbekend;Cohort 2002/'03;;;;;;;;;;;;;;;;
9939;Totaal mannen en vrouwen;0;3;3;Drie jaar na afstuderen;Onbekend;Cohort 2003/'04;;;;;;;;;;;;;;;;
9940;Totaal mannen en vrouwen;0;3;3;Vier jaar na afstuderen;0;Cohort 1999/'00;2.4;2.8;2.2;2.5;2.2;2.5;2.0;;2.6;3.1;;;2.6;3.1;;
9941;Totaal mannen en vrouwen;0;3;3;Vier jaar na afstuderen;0;Cohort 2000/'01;2.5;2.8;2.5;2.7;2.5;2.7;2.0;2.3;2.5;2.9;;;2.5;2.9;;
9942;Totaal mannen en vrouwen;0;3;3;Vier jaar na afstuderen;0;Cohort 2001/'02;2.4;2.8;2.2;2.7;2.2;2.6;2.0;3.2;2.7;3.1;;;2.7;3.0;5.1;5.1
9943;Totaal mannen en vrouwen;0;3;3;Vier jaar na afstuderen;0;Cohort 2002/'03;2.6;3.0;2.4;2.7;2.5;2.7;0.8;;2.8;3.2;2.4;2.4;2.8;3.2;2.4;2.9
9944;Totaal mannen en vrouwen;0;3;3;Vier jaar na afstuderen;0;Cohort 2003/'04;2.8;3.2;2.5;3.0;2.5;3.1;2.6;2.5;3.0;3.4;2.8;2.8;3.0;3.5;2.0;2.0
9945;Totaal mannen en vrouwen;0;3;3;Vier jaar na afstuderen;1;Cohort 1999/'00;;;;;;;;;;;;;;;;
9946;Totaal mannen en vrouwen;0;3;3;Vier jaar na afstuderen;1;Cohort 2000/'01;;;;;;;;;;;;;;;;
9947;Totaal mannen en vrouwen;0;3;3;Vier jaar na afstuderen;1;Cohort 2001/'02;;;;;;;;;;;;;;;;
9948;Totaal mannen en vrouwen;0;3;3;Vier jaar na afstuderen;1;Cohort 2002/'03;;;;;;;;;;;;;;;;
9949;Totaal mannen en vrouwen;0;3;3;Vier jaar na afstuderen;1;Cohort 2003/'04;;;;;;;;;;;;;;;;
9950;Totaal mannen en vrouwen;0;3;3;Vier jaar na afstuderen;2;Cohort 1999/'00;2.6;2.6;2.6;2.6;2.6;2.6;;;2.7;2.7;;;2.7;2.7;;
9951;Totaal mannen en vrouwen;0;3;3;Vier jaar na afstuderen;2;Cohort 2000/'01;2.8;2.8;3.0;3.0;3.0;3.0;;;2.4;2.4;;;2.4;2.4;;
9952;Totaal mannen en vrouwen;0;3;3;Vier jaar na afstuderen;2;Cohort 2001/'02;2.7;3.1;2.5;2.9;2.5;2.9;;;2.9;3.3;;;2.9;3.3;;
9953;Totaal mannen en vrouwen;0;3;3;Vier jaar na afstuderen;2;Cohort 2002/'03;2.9;3.0;2.6;2.7;2.6;2.7;;;3.5;3.5;;;3.5;3.5;;
9954;Totaal mannen en vrouwen;0;3;3;Vier jaar na afstuderen;2;Cohort 2003/'04;3.0;3.3;2.6;2.8;2.6;2.8;;;3.6;3.9;3.2;;3.6;3.9;;
9955;Totaal mannen en vrouwen;0;3;3;Vier jaar na afstuderen;3;Cohort 1999/'00;2.8;2.9;2.7;2.8;2.8;2.8;2.0;;3.2;3.2;;;3.2;3.2;;
9956;Totaal mannen en vrouwen;0;3;3;Vier jaar na afstuderen;3;Cohort 2000/'01;2.6;2.8;2.3;2.5;2.3;2.5;2.2;2.2;3.0;3.2;;;3.0;3.2;;
9957;Totaal mannen en vrouwen;0;3;3;Vier jaar na afstuderen;3;Cohort 2001/'02;2.3;2.5;2.2;2.5;2.2;2.4;2.2;3.0;2.7;2.9;;;2.7;2.9;;
9958;Totaal mannen en vrouwen;0;3;3;Vier jaar na afstuderen;3;Cohort 2002/'03;2.5;2.9;2.2;2.7;2.2;2.7;;;2.9;3.0;2.4;2.4;3.0;3.1;;
9959;Totaal mannen en vrouwen;0;3;3;Vier jaar na afstuderen;3;Cohort 2003/'04;2.7;3.0;2.6;3.0;2.7;3.2;1.1;1.1;3.0;3.0;;;3.0;3.0;;
9960;Totaal mannen en vrouwen;0;3;3;Vier jaar na afstuderen;4;Cohort 1999/'00;1.7;1.7;1.7;1.7;1.7;1.7;;;;;;;;;;
9961;Totaal mannen en vrouwen;0;3;3;Vier jaar na afstuderen;4;Cohort 2000/'01;1.4;;1.3;;1.3;;;;1.4;;;;1.4;;;
9962;Totaal mannen en vrouwen;0;3;3;Vier jaar na afstuderen;4;Cohort 2001/'02;1.2;2.0;1.2;2.0;1.2;2.0;;;;;;;;;;
9963;Totaal mannen en vrouwen;0;3;3;Vier jaar na afstuderen;4;Cohort 2002/'03;1.9;2.1;1.4;1.7;1.7;1.7;0.5;;2.6;2.6;;;2.6;2.6;;
9964;Totaal mannen en vrouwen;0;3;3;Vier jaar na afstuderen;4;Cohort 2003/'04;1.7;2.5;1.5;;1.5;;;;2.5;2.5;;;2.5;2.5;;
9965;Totaal mannen en vrouwen;0;3;3;Vier jaar na afstuderen;5;Cohort 1999/'00;2.8;3.2;1.3;1.7;1.3;1.7;;;3.6;3.6;;;3.6;3.6;;
9966;Totaal mannen en vrouwen;0;3;3;Vier jaar na afstuderen;5;Cohort 2000/'01;2.4;2.8;2.6;2.7;2.6;2.7;;;1.9;3.5;;;1.9;3.5;;
9967;Totaal mannen en vrouwen;0;3;3;Vier jaar na afstuderen;5;Cohort 2001/'02;2.5;3.0;2.1;2.5;2.1;2.5;;;4.4;4.4;;;4.4;4.4;;
9968;Totaal mannen en vrouwen;0;3;3;Vier jaar na afstuderen;5;Cohort 2002/'03;2.7;2.9;2.7;2.9;2.7;2.9;;;2.9;3.1;;;2.9;3.1;;
9969;Totaal mannen en vrouwen;0;3;3;Vier jaar na afstuderen;5;Cohort 2003/'04;2.4;3.1;2.9;3.5;3.1;4.1;2.2;2.2;1.3;2.2;;;1.3;2.2;;
9970;Totaal mannen en vrouwen;0;3;3;Vier jaar na afstuderen;6;Cohort 1999/'00;2.9;3.3;2.3;2.6;2.3;2.6;;;3.6;4.3;;;3.6;4.3;;
9971;Totaal mannen en vrouwen;0;3;3;Vier jaar na afstuderen;6;Cohort 2000/'01;2.9;2.9;2.8;2.8;2.8;2.8;;;3.2;3.2;;;3.2;3.2;;
9972;Totaal mannen en vrouwen;0;3;3;Vier jaar na afstuderen;6;Cohort 2001/'02;3.2;3.3;2.8;2.9;2.8;2.9;;;3.6;3.6;;;3.6;3.6;;
9973;Totaal mannen en vrouwen;0;3;3;Vier jaar na afstuderen;6;Cohort 2002/'03;3.1;3.3;2.9;2.9;2.9;2.9;;;3.4;4.1;;;3.4;4.1;;
9974;Totaal mannen en vrouwen;0;3;3;Vier jaar na afstuderen;6;Cohort 2003/'04;3.5;3.7;2.7;3.0;2.7;3.0;;;4.0;4.1;;;4.0;4.1;;
9975;Totaal mannen en vrouwen;0;3;3;Vier jaar na afstuderen;7;Cohort 1999/'00;2.5;2.7;2.3;2.4;2.3;2.4;;;2.8;3.1;;;2.8;3.1;;
9976;Totaal mannen en vrouwen;0;3;3;Vier jaar na afstuderen;7;Cohort 2000/'01;2.9;3.0;2.9;2.9;2.9;2.9;;;2.8;3.1;;;2.8;3.1;;
9977;Totaal mannen en vrouwen;0;3;3;Vier jaar na afstuderen;7;Cohort 2001/'02;2.7;2.8;2.6;2.7;2.6;2.7;2.8;3.4;2.9;2.9;;;2.9;2.9;;
9978;Totaal mannen en vrouwen;0;3;3;Vier jaar na afstuderen;7;Cohort 2002/'03;2.8;3.0;2.7;2.9;2.7;2.9;;;3.1;3.4;;;3.1;3.4;;
9979;Totaal mannen en vrouwen;0;3;3;Vier jaar na afstuderen;7;Cohort 2003/'04;3.0;3.3;2.8;3.1;2.8;3.1;2.6;2.5;3.5;3.6;;;3.5;3.6;;
9980;Totaal mannen en vrouwen;0;3;3;Vier jaar na afstuderen;8;Cohort 1999/'00;2.1;2.2;2.1;2.2;2.1;2.2;;;2.0;;;;2.0;;;
9981;Totaal mannen en vrouwen;0;3;3;Vier jaar na afstuderen;8;Cohort 2000/'01;2.2;2.6;2.3;2.4;2.3;2.4;;;2.1;2.8;;;2.1;2.8;;
9982;Totaal mannen en vrouwen;0;3;3;Vier jaar na afstuderen;8;Cohort 2001/'02;1.8;3.3;1.5;2.8;1.5;2.8;1.1;;2.5;3.6;;;2.5;3.6;;
9983;Totaal mannen en vrouwen;0;3;3;Vier jaar na afstuderen;8;Cohort 2002/'03;2.3;2.8;2.3;2.6;2.4;2.6;0.6;;2.4;3.3;;;2.4;3.3;;
9984;Totaal mannen en vrouwen;0;3;3;Vier jaar na afstuderen;8;Cohort 2003/'04;2.7;3.1;2.2;2.7;2.2;2.7;;;3.0;3.2;2.2;2.7;3.1;3.3;;
9985;Totaal mannen en vrouwen;0;3;3;Vier jaar na afstuderen;9;Cohort 1999/'00;2.9;3.1;2.5;2.6;2.5;2.6;;;3.1;3.3;;;3.1;3.3;;
9986;Totaal mannen en vrouwen;0;3;3;Vier jaar na afstuderen;9;Cohort 2000/'01;2.6;2.8;2.6;2.7;2.7;2.7;1.7;2.3;2.7;2.9;;;2.7;2.9;;
9987;Totaal mannen en vrouwen;0;3;3;Vier jaar na afstuderen;9;Cohort 2001/'02;2.9;3.0;2.3;2.4;2.3;2.4;;;3.1;3.4;;;3.0;3.2;5.1;5.1
9988;Totaal mannen en vrouwen;0;3;3;Vier jaar na afstuderen;9;Cohort 2002/'03;3.0;3.3;2.6;2.7;2.6;2.7;;;3.1;3.3;;;3.1;3.4;2.9;2.9
9989;Totaal mannen en vrouwen;0;3;3;Vier jaar na afstuderen;9;Cohort 2003/'04;3.2;3.5;3.0;3.5;3.0;3.5;;;3.3;3.6;2.9;2.9;3.3;3.6;;
9990;Totaal mannen en vrouwen;0;3;3;Vier jaar na afstuderen;M Onderwijs;Cohort 1999/'00;2.3;2.6;2.4;2.6;2.4;2.6;;;2.3;2.7;;;2.3;2.7;;
9991;Totaal mannen en vrouwen;0;3;3;Vier jaar na afstuderen;M Onderwijs;Cohort 2000/'01;2.2;2.4;2.6;2.6;2.6;2.6;;;2.1;2.3;;;2.1;2.3;;
9992;Totaal mannen en vrouwen;0;3;3;Vier jaar na afstuderen;M Onderwijs;Cohort 2001/'02;2.3;2.7;1.6;;1.6;;;;2.4;2.7;;;2.4;2.7;;
9993;Totaal mannen en vrouwen;0;3;3;Vier jaar na afstuderen;M Onderwijs;Cohort 2002/'03;2.5;2.9;2.0;2.7;2.0;2.7;;;2.6;2.9;;;2.7;2.9;1.9;
9994;Totaal mannen en vrouwen;0;3;3;Vier jaar na afstuderen;M Onderwijs;Cohort 2003/'04;2.5;2.9;2.1;3.1;2.1;3.1;2.2;;2.6;2.9;2.8;2.8;2.5;2.9;;
9995;Totaal mannen en vrouwen;0;3;3;Vier jaar na afstuderen;N Gezondheids- en welzijnszorg;Cohort 1999/'00;2.2;2.7;2.0;;2.0;;;;2.3;2.7;;;2.3;2.7;;
9996;Totaal mannen en vrouwen;0;3;3;Vier jaar na afstuderen;N Gezondheids- en welzijnszorg;Cohort 2000/'01;2.3;2.7;1.8;;1.8;;;;2.4;2.7;;;2.4;2.7;;
9997;Totaal mannen en vrouwen;0;3;3;Vier jaar na afstuderen;N Gezondheids- en welzijnszorg;Cohort 2001/'02;2.5;3.0;2.3;2.8;2.3;2.8;;;2.6;3.5;;;2.6;3.5;;
9998;Totaal mannen en vrouwen;0;3;3;Vier jaar na afstuderen;N Gezondheids- en welzijnszorg;Cohort 2002/'03;2.5;3.0;2.3;2.6;2.3;2.6;;;2.6;3.2;;;2.6;3.2;;
9999;Totaal mannen en vrouwen;0;3;3;Vier jaar na afstuderen;N Gezondheids- en welzijnszorg;Cohort 2003/'04;2.6;3.3;2.4;3.1;2.4;3.1;;;2.7;3.6;;;2.7;3.6;;
