ID;Perioden;MannenEnVrouwen_1;Mannen_2;Vrouwen_3
0;1950 januari;10026773;4998251;5028522
1;1950 februari;10037742;5003638;5034104
2;1950 maart;10049303;5009320;5039983
3;1950 april;10064636;5016883;5047753
4;1950 mei;10075973;5022453;5053520
5;1950 juni;10089965;5029346;5060619
6;1950 juli;10103092;5035808;5067284
7;1950 augustus;10120912;5044609;5076303
8;1950 september;10138578;5053333;5085245
9;1950 oktober;10155017;5061445;5093572
10;1950 november;10168605;5068136;5100469
11;1950 december;10186753;5077099;5109654
12;1951 januari;10200280;5083759;5116521
13;1951 februari;10212933;5089916;5123017
14;1951 maart;10221928;5094249;5127679
15;1951 april;10231507;5098873;5132634
16;1951 mei;10240669;5103289;5137380
17;1951 juni;10250512;5108045;5142467
18;1951 juli;10261933;5113586;5148347
19;1951 augustus;10275436;5120164;5155272
20;1951 september;10285365;5124961;5160404
21;1951 oktober;10298134;5131173;5166961
22;1951 november;10307938;5135907;5172031
23;1951 december;10316739;5140142;5176597
24;1952 januari;10328343;5145772;5182571
25;1952 februari;10335914;5149446;5186468
26;1952 maart;10344249;5153500;5190749
27;1952 april;10352954;5157738;5195216
28;1952 mei;10360354;5161326;5199028
29;1952 juni;10369340;5165704;5203636
30;1952 juli;10377283;5169562;5207721
31;1952 augustus;10387037;5174322;5212715
32;1952 september;10398350;5179859;5218491
33;1952 oktober;10408805;5184968;5223837
34;1952 november;10418106;5189502;5228604
35;1952 december;10425645;5193158;5232487
36;1953 januari;10435631;5198033;5237598
37;1953 februari;10444074;5202300;5241774
38;1953 maart;10451031;5205826;5245205
39;1953 april;10459002;5209858;5249144
40;1953 mei;10467847;5214325;5253522
41;1953 juni;10477762;5219325;5258437
42;1953 juli;10487956;5224464;5263492
43;1953 augustus;10497858;5229458;5268400
44;1953 september;10509440;5235289;5274151
45;1953 oktober;10520833;5241026;5279807
46;1953 november;10530277;5245792;5284485
47;1953 december;10539781;5250588;5289193
48;1954 januari;10550737;5256108;5294629
49;1954 februari;10558755;5260122;5298633
50;1954 maart;10568031;5264764;5303267
51;1954 april;10577013;5269258;5307755
52;1954 mei;10586702;5274105;5312597
53;1954 juni;10597331;5279421;5317910
54;1954 juli;10609149;5285329;5323820
55;1954 augustus;10621032;5291269;5329763
56;1954 september;10633138;5297320;5335818
57;1954 oktober;10644809;5303155;5341654
58;1954 november;10655702;5308602;5347100
59;1954 december;10666941;5314221;5352720
60;1955 januari;10680023;5320759;5359264
61;1955 februari;10689667;5325517;5364150
62;1955 maart;10699826;5330531;5369295
63;1955 april;10710818;5335960;5374858
64;1955 mei;10722441;5341703;5380738
65;1955 juni;10734899;5347862;5387037
66;1955 juli;10747456;5354070;5393386
67;1955 augustus;10761139;5360839;5400300
68;1955 september;10775801;5368096;5407705
69;1955 oktober;10787325;5373789;5413536
70;1955 november;10797664;5378892;5418772
71;1955 december;10808516;5384250;5424266
72;1956 januari;10821661;5390751;5430910
73;1956 februari;10831321;5395677;5435644
74;1956 maart;10841050;5400639;5440411
75;1956 april;10851859;5406138;5445721
76;1956 mei;10862463;5411535;5450928
77;1956 juni;10875753;5418271;5457482
78;1956 juli;10887844;5424410;5463434
79;1956 augustus;10899348;5430256;5469092
80;1956 september;10912180;5436765;5475415
81;1956 oktober;10923996;5442767;5481229
82;1956 november;10934539;5448135;5486404
83;1956 december;10944726;5453327;5491399
84;1957 januari;10957040;5459578;5497462
85;1957 februari;10965133;5463642;5501491
86;1957 maart;10973497;5467841;5505656
87;1957 april;10984127;5473170;5510957
88;1957 mei;10995573;5478905;5516668
89;1957 juni;11008549;5485402;5523147
90;1957 juli;11021185;5491730;5529455
91;1957 augustus;11033187;5497742;5535445
92;1957 september;11046118;5504218;5541900
93;1957 oktober;11057542;5509942;5547600
94;1957 november;11068950;5515659;5553291
95;1957 december;11081210;5521800;5559410
96;1958 januari;11095726;5529065;5566661
97;1958 februari;11110618;5536374;5574244
98;1958 maart;11126873;5544361;5582512
99;1958 april;11144046;5552806;5591240
100;1958 mei;11157256;5559276;5597980
101;1958 juni;11172548;5566782;5605766
102;1958 juli;11186175;5573459;5612716
103;1958 augustus;11198215;5579345;5618870
104;1958 september;11211497;5585850;5625647
105;1958 oktober;11224563;5592246;5632317
106;1958 november;11235835;5597749;5638086
107;1958 december;11257150;5608254;5648896
108;1959 januari;11278024;5618540;5659484
109;1959 februari;11288279;5623505;5664774
110;1959 maart;11299049;5628726;5670323
111;1959 april;11310070;5634071;5675999
112;1959 mei;11321197;5639470;5681727
113;1959 juni;11334090;5645747;5688343
114;1959 juli;11346180;5651625;5694555
115;1959 augustus;11359425;5658077;5701348
116;1959 september;11372011;5664201;5707810
117;1959 oktober;11384415;5670233;5714182
118;1959 november;11395345;5675532;5719813
119;1959 december;11406006;5680696;5725310
120;1960 januari;11417254;5686152;5731102
121;1960 februari;11427104;5690973;5736131
122;1960 maart;11435864;5695251;5740613
123;1960 april;11446031;5700230;5745801
124;1960 mei;11456455;5705336;5751119
125;1960 juni;11468037;5711019;5757018
126;1960 juli;11480237;5717009;5763228
127;1960 augustus;11491921;5722743;5769178
128;1960 september;11505524;5729432;5776092
129;1960 oktober;11519587;5736349;5783238
130;1960 november;11532445;5742667;5789778
131;1960 december;11543652;5748162;5795490
132;1961 januari;11556008;5754229;5801779
133;1961 februari;11566801;5759749;5807052
134;1961 maart;11578488;5765715;5812773
135;1961 april;11593386;5773280;5820106
136;1961 mei;11607854;5780631;5827223
137;1961 juni;11622863;5788252;5834611
138;1961 juli;11637223;5795551;5841672
139;1961 augustus;11650939;5802529;5848410
140;1961 september;11665610;5809982;5855628
141;1961 oktober;11680218;5817405;5862813
142;1961 november;11694227;5824530;5869697
143;1961 december;11706792;5830936;5875856
144;1962 januari;11721416;5838368;5883048
145;1962 februari;11733058;5844289;5888769
146;1962 maart;11744880;5850301;5894579
147;1962 april;11756823;5856373;5900450
148;1962 mei;11768726;5862425;5906301
149;1962 juni;11783812;5870063;5913749
150;1962 juli;11797199;5876855;5920344
151;1962 augustus;11810874;5883791;5927083
152;1962 september;11826715;5891806;5934909
153;1962 oktober;11844161;5900621;5943540
154;1962 november;11861039;5909153;5951886
155;1962 december;11876379;5916920;5959459
156;1963 januari;11889962;5923811;5966151
157;1963 februari;11900762;5929343;5971419
158;1963 maart;11910520;5934355;5976165
159;1963 april;11923924;5941185;5982739
160;1963 mei;11937953;5948326;5989627
161;1963 juni;11953044;5955997;5997047
162;1963 juli;11967051;5963128;6003923
163;1963 augustus;11971295;5965395;6005900
164;1963 september;11985647;5972699;6012948
165;1963 oktober;11998460;5979236;6019224
166;1963 november;12016177;5988217;6027960
167;1963 december;12028808;5994664;6034144
168;1964 januari;12041970;6001376;6040594
169;1964 februari;12053346;6007398;6045948
170;1964 maart;12065892;6014003;6051889
171;1964 april;12079183;6020980;6058203
172;1964 mei;12094328;6028883;6065445
173;1964 juni;12109577;6036838;6072739
174;1964 juli;12123864;6044315;6079549
175;1964 augustus;12138264;6051848;6086416
176;1964 september;12152295;6059199;6093096
177;1964 oktober;12168231;6067500;6100731
178;1964 november;12183433;6075436;6107997
179;1964 december;12196837;6082476;6114361
180;1965 januari;12212269;6090529;6121740
181;1965 februari;12223090;6096378;6126712
182;1965 maart;12235494;6103018;6132476
183;1965 april;12249161;6110289;6138872
184;1965 mei;12263417;6117855;6145562
185;1965 juni;12278167;6125668;6152499
186;1965 juli;12291887;6132968;6158919
187;1965 augustus;12306673;6140802;6165871
188;1965 september;12320540;6148178;6172362
189;1965 oktober;12335596;6156148;6179448
190;1965 november;12348689;6163139;6185550
191;1965 december;12361523;6170003;6191520
192;1966 januari;12377194;6178283;6198911
193;1966 februari;12387577;6183865;6203712
194;1966 maart;12398154;6189544;6208610
195;1966 april;12410806;6196260;6214546
196;1966 mei;12424888;6203691;6221197
197;1966 juni;12440249;6211761;6228488
198;1966 juli;12454000;6219028;6234972
199;1966 augustus;12468532;6226687;6241845
200;1966 september;12483369;6234498;6248871
201;1966 oktober;12498775;6242595;6256180
202;1966 november;12512178;6249692;6262486
203;1966 december;12523046;6255524;6267522
204;1967 januari;12535307;6262052;6273255
205;1967 februari;12542835;6265163;6277672
206;1967 maart;12552190;6269186;6283004
207;1967 april;12562756;6273813;6288943
208;1967 mei;12573782;6278669;6295113
209;1967 juni;12585792;6284014;6301778
210;1967 juli;12596822;6288870;6307952
211;1967 augustus;12607254;6293425;6313829
212;1967 september;12619909;6299089;6320820
213;1967 oktober;12630701;6303822;6326879
214;1967 november;12641266;6308440;6332826
215;1967 december;12651192;6312739;6338453
216;1968 januari;12661095;6317025;6344070
217;1968 februari;12667525;6320023;6347502
218;1968 maart;12675798;6323941;6351857
219;1968 april;12687400;6329519;6357881
220;1968 mei;12698919;6335055;6363864
221;1968 juni;12711894;6341317;6370577
222;1968 juli;12724680;6347485;6377195
223;1968 augustus;12737134;6353486;6383648
224;1968 september;12750353;6359869;6390484
225;1968 oktober;12764162;6366546;6397616
226;1968 november;12775853;6372165;6403688
227;1968 december;12786687;6377357;6409330
228;1969 januari;12798346;6382960;6415386
229;1969 februari;12807537;6387765;6419772
230;1969 maart;12817642;6393026;6424616
231;1969 april;12830399;6399611;6430788
232;1969 mei;12844647;6406939;6437708
233;1969 juni;12859896;6414767;6445129
234;1969 juli;12873211;6421632;6451579
235;1969 augustus;12887534;6428999;6458535
236;1969 september;12903036;6436955;6466081
237;1969 oktober;12918102;6444694;6473408
238;1969 november;12932091;6451896;6480195
239;1969 december;12944541;6458331;6486210
240;1970 januari;12957621;6465081;6492540
241;1970 februari;12965686;6469425;6496261
242;1970 maart;12977008;6475394;6501614
243;1970 april;12990075;6482235;6507840
244;1970 mei;13004512;6489759;6514753
245;1970 juni;13018912;6497267;6521645
246;1970 juli;13032335;6504287;6528048
247;1970 augustus;13046348;6511602;6534746
248;1970 september;13060877;6519176;6541701
249;1970 oktober;13076929;6527511;6549418
250;1970 november;13090750;6534732;6556018
251;1970 december;13103772;6541556;6562216
252;1971 januari;13119430;6549696;6569734
253;1971 februari;13129110;6554493;6574617
254;1971 maart;13140683;6560234;6580449
255;1971 april;13153851;6566772;6587079
256;1971 mei;13167261;6573430;6593831
257;1971 juni;13181148;6580327;6600821
258;1971 juli;13193776;6586595;6607181
259;1971 augustus;13206862;6593091;6613771
260;1971 september;13220692;6599959;6620733
261;1971 oktober;13234060;6606596;6627464
262;1971 november;13245612;6612326;6633286
263;1971 december;13256262;6617607;6638655
264;1972 januari;13269563;6624210;6645353
265;1972 februari;13275807;6626698;6649109
266;1972 maart;13284930;6630622;6654308
267;1972 april;13296353;6635693;6660660
268;1972 mei;13308105;6640927;6667178
269;1972 juni;13319666;6646065;6673601
270;1972 juli;13329874;6650526;6679348
271;1972 augustus;13339443;6654668;6684775
272;1972 september;13351684;6660142;6691542
273;1972 oktober;13361524;6664417;6697107
274;1972 november;13371267;6668643;6702624
275;1972 december;13379052;6671891;6707161
276;1973 januari;13387623;6675531;6712092
277;1973 februari;13392401;6677500;6714901
278;1973 maart;13399599;6680676;6718923
279;1973 april;13409103;6685001;6724102
280;1973 mei;13418647;6689345;6729302
281;1973 juni;13429241;6694213;6735028
282;1973 juli;13438489;6698408;6740081
283;1973 augustus;13447663;6702566;6745097
284;1973 september;13457823;6707215;6750608
285;1973 oktober;13467522;6711634;6755888
286;1973 november;13475735;6715311;6760424
287;1973 december;13483696;6718863;6764833
288;1974 januari;13491020;6722096;6768924
289;1974 februari;13496654;6724545;6772109
290;1974 maart;13503439;6727567;6775872
291;1974 april;13511280;6731115;6780165
292;1974 mei;13520607;6735403;6785204
293;1974 juni;13530981;6740211;6790770
294;1974 juli;13539915;6744302;6795613
295;1974 augustus;13549563;6748748;6800815
296;1974 september;13560829;6754000;6806829
297;1974 oktober;13572537;6759471;6813066
298;1974 november;13582973;6764308;6818665
299;1974 december;13590968;6767928;6823040
300;1975 januari;13599092;6771613;6827479
301;1975 februari;13605778;6774802;6830976
302;1975 maart;13612314;6777915;6834399
303;1975 april;13620648;6781924;6838724
304;1975 mei;13630978;6786926;6844052
305;1975 juni;13642694;6792619;6850075
306;1975 juli;13653438;6797827;6855611
307;1975 augustus;13667722;6804797;6862925
308;1975 september;13681457;6811494;6869963
309;1975 oktober;13697309;6819245;6878064
310;1975 november;13711921;6826377;6885544
311;1975 december;13725333;6832912;6892421
312;1976 januari;13733578;6836875;6896703
313;1976 februari;13739439;6839328;6900111
314;1976 maart;13744949;6841605;6903344
315;1976 april;13750307;6843807;6906500
316;1976 mei;13756084;6846217;6909867
317;1976 juni;13763410;6849397;6914013
318;1976 juli;13769913;6852167;6917746
319;1976 augustus;13777766;6855609;6922157
320;1976 september;13787195;6859834;6927361
321;1976 oktober;13795696;6863597;6932099
322;1976 november;13803316;6866921;6936395
323;1976 december;13809572;6869566;6940006
324;1977 januari;13814495;6871547;6942948
325;1977 februari;13819270;6873441;6945829
326;1977 maart;13824802;6875711;6949091
327;1977 april;13831467;6878545;6952922
328;1977 mei;13837620;6881123;6956497
329;1977 juni;13845253;6884437;6960816
330;1977 juli;13852989;6887801;6965188
331;1977 augustus;13861152;6891378;6969774
332;1977 september;13870764;6895674;6975090
333;1977 oktober;13878833;6899202;6979631
334;1977 november;13885981;6902272;6983709
335;1977 december;13892213;6904886;6987327
336;1978 januari;13897874;6907216;6990658
337;1978 februari;13902011;6908830;6993181
338;1978 maart;13905462;6910103;6995359
339;1978 april;13912778;6913296;6999482
340;1978 mei;13920543;6916712;7003831
341;1978 juni;13929212;6920576;7008636
342;1978 juli;13936754;6923880;7012874
343;1978 augustus;13944929;6927498;7017431
344;1978 september;13954800;6931958;7022842
345;1978 oktober;13963569;6935870;7027699
346;1978 november;13971048;6939141;7031907
347;1978 december;13979176;6942733;7036443
348;1979 januari;13985526;6945442;7040084
349;1979 februari;13991910;6948319;7043591
350;1979 maart;13997992;6951045;7046947
351;1979 april;14005167;6954314;7050853
352;1979 mei;14013271;6958044;7055227
353;1979 juni;14022181;6962174;7060007
354;1979 juli;14030002;6965763;7064239
355;1979 augustus;14039077;6969974;7069103
356;1979 september;14050098;6975150;7074948
357;1979 oktober;14060829;6980183;7080646
358;1979 november;14072974;6985916;7087058
359;1979 december;14083104;6990649;7092455
360;1980 januari;14091014;6994280;7096734
361;1980 februari;14099638;6998216;7101422
362;1980 maart;14107341;7001695;7105646
363;1980 april;14115704;7005501;7110203
364;1980 mei;14125130;7009834;7115296
365;1980 juni;14134904;7014339;7120565
366;1980 juli;14143901;7018458;7125443
367;1980 augustus;14154848;7023545;7131303
368;1980 september;14167407;7029430;7137977
369;1980 oktober;14181171;7035913;7145258
370;1980 november;14191749;7040815;7150934
371;1980 december;14200391;7044756;7155635
372;1981 januari;14208586;7048474;7160112
373;1981 februari;14214119;7050785;7163334
374;1981 maart;14220234;7053385;7166849
375;1981 april;14226577;7056098;7170479
376;1981 mei;14233531;7059113;7174418
377;1981 juni;14240182;7061977;7178205
378;1981 juli;14246049;7064453;7181596
379;1981 augustus;14253357;7067642;7185715
380;1981 september;14261021;7071008;7190013
381;1981 oktober;14268800;7074430;7194370
382;1981 november;14274989;7077063;7197926
383;1981 december;14280665;7079442;7201223
384;1982 januari;14285829;7081566;7204263
385;1982 februari;14289170;7082757;7206413
386;1982 maart;14292446;7083916;7208530
387;1982 april;14296350;7085386;7210964
388;1982 mei;14301131;7087290;7213841
389;1982 juni;14306005;7089240;7216765
390;1982 juli;14310401;7090953;7219448
391;1982 augustus;14315069;7092800;7222269
392;1982 september;14321222;7095383;7225839
393;1982 oktober;14327763;7098158;7229605
394;1982 november;14332240;7099909;7232331
395;1982 december;14335935;7101273;7234662
396;1983 januari;14339551;7102598;7236953
397;1983 februari;14341625;7103151;7238474
398;1983 maart;14344825;7104262;7240563
399;1983 april;14348566;7105641;7242925
400;1983 mei;14353351;7107536;7245815
401;1983 juni;14357555;7109144;7248411
402;1983 juli;14362381;7111059;7251322
403;1983 augustus;14367569;7113153;7254416
404;1983 september;14374559;7116139;7258420
405;1983 oktober;14380642;7118675;7261967
406;1983 november;14385536;7120622;7264914
407;1983 december;14390077;7122394;7267683
408;1984 januari;14394589;7124152;7270437
409;1984 februari;14398359;7125698;7272661
410;1984 maart;14402190;7127274;7274916
411;1984 april;14405748;7128715;7277033
412;1984 mei;14409711;7130356;7279355
413;1984 juni;14414945;7132625;7282320
414;1984 juli;14420334;7134972;7285362
415;1984 augustus;14426527;7137715;7288812
416;1984 september;14433814;7141000;7292814
417;1984 oktober;14440381;7143928;7296453
418;1984 november;14445714;7146246;7299468
419;1984 december;14450520;7148302;7302218
420;1985 januari;14453833;7149620;7304213
421;1985 februari;14457162;7151061;7306101
422;1985 maart;14461627;7153065;7308562
423;1985 april;14466153;7155098;7311055
424;1985 mei;14472104;7157836;7314268
425;1985 juni;14478729;7160907;7317822
426;1985 juli;14484501;7163556;7320945
427;1985 augustus;14492456;7167284;7325172
428;1985 september;14501958;7171777;7330181
429;1985 oktober;14511208;7176146;7335062
430;1985 november;14519197;7179890;7339307
431;1985 december;14524815;7182462;7342353
432;1986 januari;14529430;7184538;7344892
433;1986 februari;14533349;7186261;7347088
434;1986 maart;14536814;7187760;7349054
435;1986 april;14541165;7189697;7351468
436;1986 mei;14549132;7193421;7355711
437;1986 juni;14556916;7197055;7359861
438;1986 juli;14563763;7200225;7363538
439;1986 augustus;14572498;7204328;7368170
440;1986 september;14582333;7208975;7373358
441;1986 oktober;14592176;7213626;7378550
442;1986 november;14601800;7218168;7383632
443;1986 december;14608093;7221063;7387030
444;1987 januari;14615125;7224323;7390802
445;1987 februari;14621748;7227592;7394156
446;1987 maart;14628559;7230954;7397605
447;1987 april;14636607;7234928;7401679
448;1987 mei;14644609;7238879;7405730
449;1987 juni;14653397;7243218;7410179
450;1987 juli;14661755;7247345;7414410
451;1987 augustus;14671336;7252076;7419260
452;1987 september;14682059;7257372;7424687
453;1987 oktober;14693635;7263090;7430545
454;1987 november;14702423;7267429;7434994
455;1987 december;14708811;7270582;7438229
456;1988 januari;14714948;7273611;7441337
457;1988 februari;14722041;7276980;7445061
458;1988 maart;14728961;7280264;7448697
459;1988 april;14736621;7283913;7452708
460;1988 mei;14743801;7287325;7456476
461;1988 juni;14751025;7290758;7460267
462;1988 juli;14758362;7294247;7464115
463;1988 augustus;14765601;7297687;7467914
464;1988 september;14776120;7302749;7473371
465;1988 oktober;14786626;7307804;7478822
466;1988 november;14793264;7310947;7482317
467;1988 december;14799959;7314118;7485841
468;1989 januari;14805240;7316590;7488650
469;1989 februari;14810181;7318927;7491254
470;1989 maart;14814770;7321089;7493681
471;1989 april;14821134;7324129;7497005
472;1989 mei;14828423;7327626;7500797
473;1989 juni;14835716;7331125;7504591
474;1989 juli;14842404;7334324;7508080
475;1989 augustus;14850732;7338334;7512398
476;1989 september;14861804;7343700;7518104
477;1989 oktober;14871876;7348571;7523305
478;1989 november;14880091;7352525;7527566
479;1989 december;14888213;7356433;7531780
480;1990 januari;14892574;7358482;7534092
481;1990 februari;14899048;7361911;7537137
482;1990 maart;14906596;7365870;7540726
483;1990 april;14915695;7370596;7545099
484;1990 mei;14924343;7375100;7549243
485;1990 juni;14934767;7380482;7554285
486;1990 juli;14943920;7385235;7558685
487;1990 augustus;14954531;7390710;7563821
488;1990 september;14967749;7397473;7570276
489;1990 oktober;14980711;7404111;7576600
490;1990 november;14992708;7410271;7582437
491;1990 december;15002737;7415460;7587277
492;1991 januari;15010445;7419501;7590944
493;1991 februari;15019950;7424168;7595782
494;1991 maart;15027731;7428191;7599540
495;1991 april;15036429;7432789;7603640
496;1991 mei;15045516;7437234;7608282
497;1991 juni;15055393;7442263;7613130
498;1991 juli;15064870;7447314;7617556
499;1991 augustus;15075479;7452727;7622752
500;1991 september;15089208;7459611;7629597
501;1991 oktober;15102231;7466251;7635980
502;1991 november;15113509;7472177;7641332
503;1991 december;15122163;7476635;7645528
504;1992 januari;15129150;7480422;7648728
505;1992 februari;15138079;7485033;7653046
506;1992 maart;15145431;7488669;7656762
507;1992 april;15153735;7492766;7660969
508;1992 mei;15161522;7496579;7664943
509;1992 juni;15169837;7500777;7669060
510;1992 juli;15178051;7504798;7673253
511;1992 augustus;15187762;7509683;7678079
512;1992 september;15199066;7515290;7683776
513;1992 oktober;15211824;7521531;7690293
514;1992 november;15222305;7526647;7695658
515;1992 december;15230508;7530625;7699883
516;1993 januari;15239182;7535268;7703914
517;1993 februari;15245996;7538600;7707396
518;1993 maart;15253253;7542228;7711025
519;1993 april;15260744;7545926;7714818
520;1993 mei;15269013;7550077;7718936
521;1993 juni;15277917;7554598;7723319
522;1993 juli;15287134;7558978;7728156
523;1993 augustus;15297884;7564670;7733214
524;1993 september;15310890;7571143;7739747
525;1993 oktober;15323332;7577108;7746224
526;1993 november;15331977;7580944;7751033
527;1993 december;15337472;7583477;7753995
528;1994 januari;15341553;7585887;7755666
529;1994 februari;15346829;7588559;7758270
530;1994 maart;15352068;7591214;7760854
531;1994 april;15360015;7595207;7764808
532;1994 mei;15367889;7599164;7768725
533;1994 juni;15374701;7602596;7772105
534;1994 juli;15381122;7605835;7775287
535;1994 augustus;15385974;7608298;7777676
536;1994 september;15394487;7612572;7781915
537;1994 oktober;15403168;7616928;7786240
538;1994 november;15410040;7620390;7789650
539;1994 december;15418338;7624558;7793780
540;1995 januari;15424122;7627482;7796640
541;1995 februari;15430178;7630502;7799676
542;1995 maart;15436176;7633494;7802682
543;1995 april;15441920;7636360;7805560
544;1995 mei;15446212;7638508;7807704
545;1995 juni;15452370;7641578;7810792
546;1995 juli;15458846;7644806;7814040
547;1995 augustus;15463815;7647289;7816526
548;1995 september;15471535;7651132;7820403
549;1995 oktober;15478799;7654750;7824049
550;1995 november;15485909;7658292;7827617
551;1995 december;15491273;7660970;7830303
552;1996 januari;15493889;7662289;7831600
553;1996 februari;15497600;7663984;7833616
554;1996 maart;15500831;7665441;7835390
555;1996 april;15504470;7667100;7837370
556;1996 mei;15508473;7668938;7839535
557;1996 juni;15514286;7671672;7842614
558;1996 juli;15520466;7674587;7845879
559;1996 augustus;15527856;7678101;7849755
560;1996 september;15537856;7682904;7854952
561;1996 oktober;15546396;7686986;7859410
562;1996 november;15555574;7691383;7864191
563;1996 december;15562870;7694849;7868021
564;1997 januari;15567107;7696803;7870304
565;1997 februari;15572186;7699332;7872854
566;1997 maart;15577358;7701907;7875451
567;1997 april;15582958;7704693;7878265
568;1997 mei;15590188;7708286;7881902
569;1997 juni;15597616;7711976;7885640
570;1997 juli;15605007;7715648;7889359
571;1997 augustus;15613819;7720023;7893796
572;1997 september;15622541;7724353;7898188
573;1997 oktober;15633594;7729836;7903758
574;1997 november;15642072;7734046;7908026
575;1997 december;15648779;7737380;7911399
576;1998 januari;15654192;7740074;7914118
577;1998 februari;15663598;7744788;7918810
578;1998 maart;15670208;7748121;7922087
579;1998 april;15675987;7751042;7924945
580;1998 mei;15681594;7753878;7927716
581;1998 juni;15688771;7757491;7931280
582;1998 juli;15696325;7761290;7935035
583;1998 augustus;15705474;7765877;7939597
584;1998 september;15718624;7772444;7946180
585;1998 oktober;15732690;7779463;7953227
586;1998 november;15744644;7785438;7959206
587;1998 december;15754242;7790248;7963994
588;1999 januari;15760225;7793271;7966954
589;1999 februari;15766968;7796751;7970217
590;1999 maart;15773265;7800010;7973255
591;1999 april;15780138;7803554;7976584
592;1999 mei;15788353;7807762;7980591
593;1999 juni;15796073;7811726;7984347
594;1999 juli;15804576;7816076;7988500
595;1999 augustus;15814266;7821014;7993252
596;1999 september;15826589;7827255;7999334
597;1999 oktober;15839389;7833731;8005658
598;1999 november;15848392;7838330;8010062
599;1999 december;15857134;7842800;8014334
600;2000 januari;15863950;7846317;8017633
601;2000 februari;15869939;7849498;8020441
602;2000 maart;15879679;7854534;8025145
603;2000 april;15889165;7859444;8029721
604;2000 mei;15897401;7863737;8033664
605;2000 juni;15907990;7869194;8038796
606;2000 juli;15917484;7874109;8043375
607;2000 augustus;15928324;7879691;8048633
608;2000 september;15942983;7887162;8055821
609;2000 oktober;15956916;7894275;8062641
610;2000 november;15968671;7900310;8068361
611;2000 december;15980119;7906193;8073926
612;2001 januari;15987075;7909855;8077220
613;2001 februari;15995169;7914160;8081009
614;2001 maart;16003824;7918742;8085082
615;2001 april;16011457;7922820;8088637
616;2001 mei;16019702;7927200;8092502
617;2001 juni;16029662;7932429;8097233
618;2001 juli;16038505;7937106;8101399
619;2001 augustus;16048988;7942595;8106393
620;2001 september;16062264;7949467;8112797
621;2001 oktober;16075342;7956241;8119101
622;2001 november;16086481;7962056;8124425
623;2001 december;16095715;7966928;8128787
624;2002 januari;16105285;7971967;8133318
625;2002 februari;16112900;7975761;8137139
626;2002 maart;16118953;7978782;8140171
627;2002 april;16124125;7981367;8142758
628;2002 mei;16130246;7984421;8145825
629;2002 juni;16136807;7987694;8149113
630;2002 juli;16142509;7990541;8151968
631;2002 augustus;16150395;7994469;8155926
632;2002 september;16161182;7999834;8161348
633;2002 oktober;16172237;8005331;8166906
634;2002 november;16181025;8009706;8171319
635;2002 december;16186463;8012422;8174041
636;2003 januari;16192572;8015471;8177101
637;2003 februari;16197712;8017853;8179859
638;2003 maart;16202461;8020041;8182420
639;2003 april;16206096;8021677;8184419
640;2003 mei;16210401;8023645;8186756
641;2003 juni;16216206;8026355;8189851
642;2003 juli;16220466;8028301;8192165
643;2003 augustus;16224335;8030053;8194282
644;2003 september;16231660;8033515;8198145
645;2003 oktober;16240940;8037945;8202995
646;2003 november;16247162;8040861;8206301
647;2003 december;16250434;8042317;8208117
648;2004 januari;16258032;8045914;8212118
649;2004 februari;16259377;8046294;8213083
650;2004 maart;16261277;8046948;8214329
651;2004 april;16262757;8047395;8215362
652;2004 mei;16264229;8047837;8216392
653;2004 juni;16268052;8049443;8218609
654;2004 juli;16272506;8051361;8221145
655;2004 augustus;16275863;8052736;8223127
656;2004 september;16281256;8055118;8226138
657;2004 oktober;16289585;8058952;8230633
658;2004 november;16293737;8060720;8233017
659;2004 december;16297779;8062433;8235346
660;2005 januari;16305526;8065979;8239547
661;2005 februari;16306977;8066467;8240510
662;2005 maart;16307888;8066688;8241200
663;2005 april;16307482;8066257;8241225
664;2005 mei;16308869;8066714;8242155
665;2005 juni;16311019;8067547;8243472
666;2005 juli;16312596;8068098;8244498
667;2005 augustus;16315238;8069174;8246064
668;2005 september;16319511;8071058;8248453
669;2005 oktober;16327575;8074816;8252759
670;2005 november;16330818;8076190;8254628
671;2005 december;16331930;8076510;8255420
672;2006 januari;16334210;8077407;8256803
673;2006 februari;16334715;8077602;8257113
674;2006 maart;16335459;8077916;8257543
675;2006 april;16334090;8077185;8256905
676;2006 mei;16333559;8076868;8256691
677;2006 juni;16334600;8077328;8257272
678;2006 juli;16336676;8078300;8258376
679;2006 augustus;16337253;8078531;8258722
680;2006 september;16342333;8080989;8261344
681;2006 oktober;16348917;8084190;8264727
682;2006 november;16352678;8085995;8266683
683;2006 december;16352972;8086086;8266886
684;2007 januari;16357992;8088514;8269478
685;2007 februari;16359133;8089088;8270045
686;2007 maart;16362938;8090979;8271959
687;2007 april;16365065;8092041;8273024
688;2007 mei;16367596;8093302;8274294
689;2007 juni;16371278;8095132;8276146
690;2007 juli;16374541;8096756;8277785
691;2007 augustus;16377339;8098149;8279190
692;2007 september;16383275;8101094;8282181
693;2007 oktober;16393843;8106329;8287514
694;2007 november;16399139;8108958;8290181
695;2007 december;16401009;8109892;8291117
696;2008 januari;16405399;8112073;8293326
697;2008 februari;16409106;8114285;8294821
698;2008 maart;16414307;8117237;8297070
699;2008 april;16418055;8119470;8298585
700;2008 mei;16423337;8122461;8300876
701;2008 juni;16428686;8125487;8303199
702;2008 juli;16434935;8128957;8305978
703;2008 augustus;16440452;8132066;8308386
704;2008 september;16449092;8136720;8312372
705;2008 oktober;16464859;8144900;8319959
706;2008 november;16473709;8149659;8324050
707;2008 december;16479291;8152801;8326490
708;2009 januari;16485787;8156396;8329391
709;2009 februari;16489042;8158251;8330791
710;2009 maart;16495231;8161557;8333674
711;2009 april;16501683;8164994;8336689
712;2009 mei;16506782;8167762;8339020
713;2009 juni;16513615;8171387;8342228
714;2009 juli;16520661;8175119;8345542
715;2009 augustus;16528400;8179193;8349207
716;2009 september;16538542;8184457;8354085
717;2009 oktober;16554596;8192647;8361949
718;2009 november;16562317;8196713;8365604
719;2009 december;16568499;8200018;8368481
720;2010 januari;16574989;8203476;8371513
721;2010 februari;16578604;8205586;8373018
722;2010 maart;16585167;8209197;8375970
723;2010 april;16588947;8210899;8378048
724;2010 mei;16593973;8213427;8380546
725;2010 juni;16599333;8216286;8383047
726;2010 juli;16606135;8219951;8386184
727;2010 augustus;16611675;8222904;8388771
728;2010 september;16624215;8228652;8395563
729;2010 oktober;16638805;8235192;8403613
730;2010 november;16648268;8239730;8408538
731;2010 december;16654119;8242556;8411563
732;2011 januari;16655799;8243482;8412317
733;2011 februari;16661142;8246483;8414659
734;2011 maart;16669012;8250539;8418473
735;2011 april;16673931;8253158;8420773
736;2011 mei;16676905;8254803;8422102
737;2011 juni;16681513;8257440;8424073
738;2011 juli;16686550;8260524;8426026
739;2011 augustus;16690580;8262642;8427938
740;2011 september;16703472;8269045;8434427
741;2011 oktober;16719078;8276541;8442537
742;2011 november;16725328;8279969;8445359
743;2011 december;16729674;8282336;8447338
744;2012 januari;16730348;8282871;8447477
745;2012 februari;16731280;8283273;8448007
746;2012 maart;16735690;8285849;8449841
747;2012 april;16737631;8286974;8450657
748;2012 mei;16739764;8288019;8451745
749;2012 juni;16742830;8289646;8453184
750;2012 juli;16744696;8290866;8453830
751;2012 augustus;16746558;8291787;8454771
752;2012 september;16758167;8297340;8460827
753;2012 oktober;16772610;8304056;8468554
754;2012 november;16778726;8306959;8471767
755;2012 december;16781377;8308098;8473279
756;2013 januari;16779575;8307339;8472236
757;2013 februari;16781367;8308772;8472595
758;2013 maart;16783870;8310421;8473449
759;2013 april;16784986;8311363;8473623
760;2013 mei;16785783;8311926;8473857
761;2013 juni;16788992;8313781;8475211
762;2013 juli;16792122;8315731;8476391
763;2013 augustus;16795289;8317691;8477598
764;2013 september;16805879;8323013;8482866
765;2013 oktober;16820076;8329897;8490179
766;2013 november;16825762;8332639;8493123
767;2013 december;16829252;8334485;8494767
768;2014 januari;16829289;8334385;8494904
769;2014 februari;16833919;8337055;8496864
770;2014 maart;16840299;8340482;8499817
771;2014 april;16844980;8343066;8501914
772;2014 mei;16849473;8345517;8503956
773;2014 juni;16853737;8347964;8505773
774;2014 juli;16857811;8350453;8507358
775;2014 augustus;16859859;8351952;8507907
776;2014 september;16870851;8357487;8513364
777;2014 oktober;16887455;8365236;8522219
778;2014 november;16895020;8369371;8525649
779;2014 december;16900158;8372420;8527738
780;2015 januari;16900726;8372858;8527868
781;2015 februari;16902755;8374861;8527894
782;2015 maart;16907260;8377729;8529531
783;2015 april;16909935;8379637;8530298
784;2015 mei;16913226;8381851;8531375
785;2015 juni;16916874;8384251;8532623
786;2015 juli;16920914;8386614;8534300
787;2015 augustus;16924103;8388680;8535423
788;2015 september;16938111;8395572;8542539
789;2015 oktober;16957471;8404511;8552960
790;2015 november;16967044;8409838;8557206
791;2015 december;16975465;8414637;8560828
792;2016 januari;16979120;8417135;8561985
793;2016 februari ;16984642;8420985;8563657
794;2016 maart;16993719;8426542;8567177
795;2016 april;17000716;8431202;8569514
796;2016 mei;17006295;8435176;8571119
797;2016 juni;17014225;8440119;8574106
798;2016 juli;17022008;8445299;8576709
799;2016 augustus;17027548;8449063;8578485
800;2016 september;17045144;8458064;8587080
801;2016 oktober;17066717;8468403;8598314
802;2016 november;17078773;8474433;8604340
803;2016 december;17087536;8479254;8608282
804;2017 januari;17089690;8480565;8609125
