ID;Persoonskenmerken;KerkelijkeGezindte;Perioden;PersonenKerkelijkeGezindte_1
0;Totaal personen;Kerkelijke gezindte: geen;2010;45.0
1;Totaal personen;Kerkelijke gezindte: geen;2011;47.0
2;Totaal personen;Kerkelijke gezindte: geen;2012;48.0
3;Totaal personen;Kerkelijke gezindte: geen;2013;47.0
4;Totaal personen;Kerkelijke gezindte: geen;2014;49.0
5;Totaal personen;Kerkelijke gezindte: geen;2015;50.0
6;Totaal personen;Kerkelijke gezindte: geen;2016;50.0
7;Totaal personen;Kerkelijke gezindte: geen;2017;51.0
8;Totaal personen;Kerkelijke gezindte: geen;2018;53.0
9;Totaal personen;Kerkelijke gezindte: geen;2019;54.0
10;Totaal personen;Kerkelijke gezindte: geen;2020;55.0
11;Totaal personen;Kerkelijke gezindte: geen;2021;57.0
12;Totaal personen;Kerkelijke gezindte: geen;2022;57.0
13;Totaal personen;Kerkelijke gezindte: geen;2023;58.0
14;Totaal personen;Kerkelijke gezindte: geen;2024;56.0
15;Totaal personen;Kerkelijke gezindte totaal;2010;55.0
16;Totaal personen;Kerkelijke gezindte totaal;2011;53.0
17;Totaal personen;Kerkelijke gezindte totaal;2012;52.0
18;Totaal personen;Kerkelijke gezindte totaal;2013;53.0
19;Totaal personen;Kerkelijke gezindte totaal;2014;51.0
20;Totaal personen;Kerkelijke gezindte totaal;2015;50.0
21;Totaal personen;Kerkelijke gezindte totaal;2016;50.0
22;Totaal personen;Kerkelijke gezindte totaal;2017;49.0
23;Totaal personen;Kerkelijke gezindte totaal;2018;47.0
24;Totaal personen;Kerkelijke gezindte totaal;2019;46.0
25;Totaal personen;Kerkelijke gezindte totaal;2020;45.0
26;Totaal personen;Kerkelijke gezindte totaal;2021;43.0
27;Totaal personen;Kerkelijke gezindte totaal;2022;43.0
28;Totaal personen;Kerkelijke gezindte totaal;2023;42.0
29;Totaal personen;Kerkelijke gezindte totaal;2024;44.0
30;Totaal personen;Kerkelijke gezindte: rooms-katholiek;2010;27.0
31;Totaal personen;Kerkelijke gezindte: rooms-katholiek;2011;26.0
32;Totaal personen;Kerkelijke gezindte: rooms-katholiek;2012;26.0
33;Totaal personen;Kerkelijke gezindte: rooms-katholiek;2013;26.0
34;Totaal personen;Kerkelijke gezindte: rooms-katholiek;2014;24.0
35;Totaal personen;Kerkelijke gezindte: rooms-katholiek;2015;24.0
36;Totaal personen;Kerkelijke gezindte: rooms-katholiek;2016;24.0
37;Totaal personen;Kerkelijke gezindte: rooms-katholiek;2017;24.0
38;Totaal personen;Kerkelijke gezindte: rooms-katholiek;2018;22.0
39;Totaal personen;Kerkelijke gezindte: rooms-katholiek;2019;20.0
40;Totaal personen;Kerkelijke gezindte: rooms-katholiek;2020;20.0
41;Totaal personen;Kerkelijke gezindte: rooms-katholiek;2021;18.0
42;Totaal personen;Kerkelijke gezindte: rooms-katholiek;2022;18.0
43;Totaal personen;Kerkelijke gezindte: rooms-katholiek;2023;17.0
44;Totaal personen;Kerkelijke gezindte: rooms-katholiek;2024;17.0
45;Totaal personen;Protestants;2010;
46;Totaal personen;Protestants;2011;
47;Totaal personen;Protestants;2012;
48;Totaal personen;Protestants;2013;
49;Totaal personen;Protestants;2014;
50;Totaal personen;Protestants;2015;
51;Totaal personen;Protestants;2016;
52;Totaal personen;Protestants;2017;
53;Totaal personen;Protestants;2018;
54;Totaal personen;Protestants;2019;15.0
55;Totaal personen;Protestants;2020;14.0
56;Totaal personen;Protestants;2021;14.0
57;Totaal personen;Protestants;2022;13.0
58;Totaal personen;Protestants;2023;13.0
59;Totaal personen;Protestants;2024;14.0
60;Totaal personen;Kerkelijke gezindte: PKN;2010;6.0
61;Totaal personen;Kerkelijke gezindte: PKN;2011;6.0
62;Totaal personen;Kerkelijke gezindte: PKN;2012;6.0
63;Totaal personen;Kerkelijke gezindte: PKN;2013;5.0
64;Totaal personen;Kerkelijke gezindte: PKN;2014;6.0
65;Totaal personen;Kerkelijke gezindte: PKN;2015;6.0
66;Totaal personen;Kerkelijke gezindte: PKN;2016;6.0
67;Totaal personen;Kerkelijke gezindte: PKN;2017;6.0
68;Totaal personen;Kerkelijke gezindte: PKN;2018;6.0
69;Totaal personen;Kerkelijke gezindte: PKN;2019;
70;Totaal personen;Kerkelijke gezindte: PKN;2020;
71;Totaal personen;Kerkelijke gezindte: PKN;2021;
72;Totaal personen;Kerkelijke gezindte: PKN;2022;
73;Totaal personen;Kerkelijke gezindte: PKN;2023;
74;Totaal personen;Kerkelijke gezindte: PKN;2024;
75;Totaal personen;Kerkelijke gezindte: Nederlands hervormd;2010;8.0
76;Totaal personen;Kerkelijke gezindte: Nederlands hervormd;2011;7.0
77;Totaal personen;Kerkelijke gezindte: Nederlands hervormd;2012;7.0
78;Totaal personen;Kerkelijke gezindte: Nederlands hervormd;2013;7.0
79;Totaal personen;Kerkelijke gezindte: Nederlands hervormd;2014;7.0
80;Totaal personen;Kerkelijke gezindte: Nederlands hervormd;2015;6.0
81;Totaal personen;Kerkelijke gezindte: Nederlands hervormd;2016;6.0
82;Totaal personen;Kerkelijke gezindte: Nederlands hervormd;2017;6.0
83;Totaal personen;Kerkelijke gezindte: Nederlands hervormd;2018;6.0
84;Totaal personen;Kerkelijke gezindte: Nederlands hervormd;2019;
85;Totaal personen;Kerkelijke gezindte: Nederlands hervormd;2020;
86;Totaal personen;Kerkelijke gezindte: Nederlands hervormd;2021;
87;Totaal personen;Kerkelijke gezindte: Nederlands hervormd;2022;
88;Totaal personen;Kerkelijke gezindte: Nederlands hervormd;2023;
89;Totaal personen;Kerkelijke gezindte: Nederlands hervormd;2024;
90;Totaal personen;Kerkelijke gezindte: gereformeerd;2010;4.0
91;Totaal personen;Kerkelijke gezindte: gereformeerd;2011;4.0
92;Totaal personen;Kerkelijke gezindte: gereformeerd;2012;3.0
93;Totaal personen;Kerkelijke gezindte: gereformeerd;2013;4.0
94;Totaal personen;Kerkelijke gezindte: gereformeerd;2014;3.0
95;Totaal personen;Kerkelijke gezindte: gereformeerd;2015;3.0
96;Totaal personen;Kerkelijke gezindte: gereformeerd;2016;3.0
97;Totaal personen;Kerkelijke gezindte: gereformeerd;2017;3.0
98;Totaal personen;Kerkelijke gezindte: gereformeerd;2018;3.0
99;Totaal personen;Kerkelijke gezindte: gereformeerd;2019;
100;Totaal personen;Kerkelijke gezindte: gereformeerd;2020;
101;Totaal personen;Kerkelijke gezindte: gereformeerd;2021;
102;Totaal personen;Kerkelijke gezindte: gereformeerd;2022;
103;Totaal personen;Kerkelijke gezindte: gereformeerd;2023;
104;Totaal personen;Kerkelijke gezindte: gereformeerd;2024;
105;Totaal personen;Kerkelijke gezindte: Islam;2010;5.0
106;Totaal personen;Kerkelijke gezindte: Islam;2011;5.0
107;Totaal personen;Kerkelijke gezindte: Islam;2012;5.0
108;Totaal personen;Kerkelijke gezindte: Islam;2013;5.0
109;Totaal personen;Kerkelijke gezindte: Islam;2014;5.0
110;Totaal personen;Kerkelijke gezindte: Islam;2015;5.0
111;Totaal personen;Kerkelijke gezindte: Islam;2016;5.0
112;Totaal personen;Kerkelijke gezindte: Islam;2017;5.0
113;Totaal personen;Kerkelijke gezindte: Islam;2018;5.0
114;Totaal personen;Kerkelijke gezindte: Islam;2019;5.0
115;Totaal personen;Kerkelijke gezindte: Islam;2020;5.0
116;Totaal personen;Kerkelijke gezindte: Islam;2021;5.0
117;Totaal personen;Kerkelijke gezindte: Islam;2022;6.0
118;Totaal personen;Kerkelijke gezindte: Islam;2023;6.0
119;Totaal personen;Kerkelijke gezindte: Islam;2024;6.0
120;Totaal personen;Kerkelijke gezindte: overige;2010;5.0
121;Totaal personen;Kerkelijke gezindte: overige;2011;5.0
122;Totaal personen;Kerkelijke gezindte: overige;2012;5.0
123;Totaal personen;Kerkelijke gezindte: overige;2013;6.0
124;Totaal personen;Kerkelijke gezindte: overige;2014;6.0
125;Totaal personen;Kerkelijke gezindte: overige;2015;6.0
126;Totaal personen;Kerkelijke gezindte: overige;2016;6.0
127;Totaal personen;Kerkelijke gezindte: overige;2017;6.0
128;Totaal personen;Kerkelijke gezindte: overige;2018;5.0
129;Totaal personen;Kerkelijke gezindte: overige;2019;5.0
130;Totaal personen;Kerkelijke gezindte: overige;2020;5.0
131;Totaal personen;Kerkelijke gezindte: overige;2021;6.0
132;Totaal personen;Kerkelijke gezindte: overige;2022;6.0
133;Totaal personen;Kerkelijke gezindte: overige;2023;6.0
134;Totaal personen;Kerkelijke gezindte: overige;2024;7.0
135;Totaal personen;Kerkbezoek: één keer per week of vaker;2010;10.0
136;Totaal personen;Kerkbezoek: één keer per week of vaker;2011;10.0
137;Totaal personen;Kerkbezoek: één keer per week of vaker;2012;10.0
138;Totaal personen;Kerkbezoek: één keer per week of vaker;2013;10.0
139;Totaal personen;Kerkbezoek: één keer per week of vaker;2014;10.0
140;Totaal personen;Kerkbezoek: één keer per week of vaker;2015;10.0
141;Totaal personen;Kerkbezoek: één keer per week of vaker;2016;9.0
142;Totaal personen;Kerkbezoek: één keer per week of vaker;2017;10.0
143;Totaal personen;Kerkbezoek: één keer per week of vaker;2018;8.0
144;Totaal personen;Kerkbezoek: één keer per week of vaker;2019;9.0
145;Totaal personen;Kerkbezoek: één keer per week of vaker;2020;8.0
146;Totaal personen;Kerkbezoek: één keer per week of vaker;2021;8.0
147;Totaal personen;Kerkbezoek: één keer per week of vaker;2022;7.0
148;Totaal personen;Kerkbezoek: één keer per week of vaker;2023;7.0
149;Totaal personen;Kerkbezoek: één keer per week of vaker;2024;8.0
150;Totaal personen;Kerkbezoek: twee tot drie keer per maand;2010;4.0
151;Totaal personen;Kerkbezoek: twee tot drie keer per maand;2011;4.0
152;Totaal personen;Kerkbezoek: twee tot drie keer per maand;2012;3.0
153;Totaal personen;Kerkbezoek: twee tot drie keer per maand;2013;4.0
154;Totaal personen;Kerkbezoek: twee tot drie keer per maand;2014;3.0
155;Totaal personen;Kerkbezoek: twee tot drie keer per maand;2015;3.0
156;Totaal personen;Kerkbezoek: twee tot drie keer per maand;2016;3.0
157;Totaal personen;Kerkbezoek: twee tot drie keer per maand;2017;3.0
158;Totaal personen;Kerkbezoek: twee tot drie keer per maand;2018;4.0
159;Totaal personen;Kerkbezoek: twee tot drie keer per maand;2019;3.0
160;Totaal personen;Kerkbezoek: twee tot drie keer per maand;2020;3.0
161;Totaal personen;Kerkbezoek: twee tot drie keer per maand;2021;3.0
162;Totaal personen;Kerkbezoek: twee tot drie keer per maand;2022;3.0
163;Totaal personen;Kerkbezoek: twee tot drie keer per maand;2023;3.0
164;Totaal personen;Kerkbezoek: twee tot drie keer per maand;2024;3.0
165;Totaal personen;Kerkbezoek: één keer per maand;2010;4.0
166;Totaal personen;Kerkbezoek: één keer per maand;2011;3.0
167;Totaal personen;Kerkbezoek: één keer per maand;2012;3.0
168;Totaal personen;Kerkbezoek: één keer per maand;2013;3.0
169;Totaal personen;Kerkbezoek: één keer per maand;2014;3.0
170;Totaal personen;Kerkbezoek: één keer per maand;2015;3.0
171;Totaal personen;Kerkbezoek: één keer per maand;2016;3.0
172;Totaal personen;Kerkbezoek: één keer per maand;2017;3.0
173;Totaal personen;Kerkbezoek: één keer per maand;2018;2.0
174;Totaal personen;Kerkbezoek: één keer per maand;2019;2.0
175;Totaal personen;Kerkbezoek: één keer per maand;2020;2.0
176;Totaal personen;Kerkbezoek: één keer per maand;2021;2.0
177;Totaal personen;Kerkbezoek: één keer per maand;2022;2.0
178;Totaal personen;Kerkbezoek: één keer per maand;2023;2.0
179;Totaal personen;Kerkbezoek: één keer per maand;2024;2.0
180;Totaal personen;Kerkbezoek: minder dan één keer per mnd;2010;8.0
181;Totaal personen;Kerkbezoek: minder dan één keer per mnd;2011;8.0
182;Totaal personen;Kerkbezoek: minder dan één keer per mnd;2012;7.0
183;Totaal personen;Kerkbezoek: minder dan één keer per mnd;2013;7.0
184;Totaal personen;Kerkbezoek: minder dan één keer per mnd;2014;7.0
185;Totaal personen;Kerkbezoek: minder dan één keer per mnd;2015;6.0
186;Totaal personen;Kerkbezoek: minder dan één keer per mnd;2016;7.0
187;Totaal personen;Kerkbezoek: minder dan één keer per mnd;2017;7.0
188;Totaal personen;Kerkbezoek: minder dan één keer per mnd;2018;7.0
189;Totaal personen;Kerkbezoek: minder dan één keer per mnd;2019;6.0
190;Totaal personen;Kerkbezoek: minder dan één keer per mnd;2020;5.0
191;Totaal personen;Kerkbezoek: minder dan één keer per mnd;2021;4.0
192;Totaal personen;Kerkbezoek: minder dan één keer per mnd;2022;5.0
193;Totaal personen;Kerkbezoek: minder dan één keer per mnd;2023;5.0
194;Totaal personen;Kerkbezoek: minder dan één keer per mnd;2024;5.0
195;Totaal personen;Kerkbezoek: zelden of nooit;2010;74.0
196;Totaal personen;Kerkbezoek: zelden of nooit;2011;75.0
197;Totaal personen;Kerkbezoek: zelden of nooit;2012;76.0
198;Totaal personen;Kerkbezoek: zelden of nooit;2013;77.0
199;Totaal personen;Kerkbezoek: zelden of nooit;2014;77.0
200;Totaal personen;Kerkbezoek: zelden of nooit;2015;77.0
201;Totaal personen;Kerkbezoek: zelden of nooit;2016;77.0
202;Totaal personen;Kerkbezoek: zelden of nooit;2017;78.0
203;Totaal personen;Kerkbezoek: zelden of nooit;2018;79.0
204;Totaal personen;Kerkbezoek: zelden of nooit;2019;80.0
205;Totaal personen;Kerkbezoek: zelden of nooit;2020;82.0
206;Totaal personen;Kerkbezoek: zelden of nooit;2021;83.0
207;Totaal personen;Kerkbezoek: zelden of nooit;2022;83.0
208;Totaal personen;Kerkbezoek: zelden of nooit;2023;83.0
209;Totaal personen;Kerkbezoek: zelden of nooit;2024;81.0
210;Geslacht: mannen;Kerkelijke gezindte: geen;2010;48.0
211;Geslacht: mannen;Kerkelijke gezindte: geen;2011;50.0
212;Geslacht: mannen;Kerkelijke gezindte: geen;2012;50.0
213;Geslacht: mannen;Kerkelijke gezindte: geen;2013;50.0
214;Geslacht: mannen;Kerkelijke gezindte: geen;2014;52.0
215;Geslacht: mannen;Kerkelijke gezindte: geen;2015;53.0
216;Geslacht: mannen;Kerkelijke gezindte: geen;2016;52.0
217;Geslacht: mannen;Kerkelijke gezindte: geen;2017;54.0
218;Geslacht: mannen;Kerkelijke gezindte: geen;2018;54.0
219;Geslacht: mannen;Kerkelijke gezindte: geen;2019;57.0
220;Geslacht: mannen;Kerkelijke gezindte: geen;2020;58.0
221;Geslacht: mannen;Kerkelijke gezindte: geen;2021;60.0
222;Geslacht: mannen;Kerkelijke gezindte: geen;2022;60.0
223;Geslacht: mannen;Kerkelijke gezindte: geen;2023;61.0
224;Geslacht: mannen;Kerkelijke gezindte: geen;2024;58.0
225;Geslacht: mannen;Kerkelijke gezindte totaal;2010;52.0
226;Geslacht: mannen;Kerkelijke gezindte totaal;2011;50.0
227;Geslacht: mannen;Kerkelijke gezindte totaal;2012;50.0
228;Geslacht: mannen;Kerkelijke gezindte totaal;2013;50.0
229;Geslacht: mannen;Kerkelijke gezindte totaal;2014;48.0
230;Geslacht: mannen;Kerkelijke gezindte totaal;2015;47.0
231;Geslacht: mannen;Kerkelijke gezindte totaal;2016;48.0
232;Geslacht: mannen;Kerkelijke gezindte totaal;2017;46.0
233;Geslacht: mannen;Kerkelijke gezindte totaal;2018;46.0
234;Geslacht: mannen;Kerkelijke gezindte totaal;2019;43.0
235;Geslacht: mannen;Kerkelijke gezindte totaal;2020;42.0
236;Geslacht: mannen;Kerkelijke gezindte totaal;2021;40.0
237;Geslacht: mannen;Kerkelijke gezindte totaal;2022;40.0
238;Geslacht: mannen;Kerkelijke gezindte totaal;2023;39.0
239;Geslacht: mannen;Kerkelijke gezindte totaal;2024;42.0
240;Geslacht: mannen;Kerkelijke gezindte: rooms-katholiek;2010;26.0
241;Geslacht: mannen;Kerkelijke gezindte: rooms-katholiek;2011;25.0
242;Geslacht: mannen;Kerkelijke gezindte: rooms-katholiek;2012;25.0
243;Geslacht: mannen;Kerkelijke gezindte: rooms-katholiek;2013;25.0
244;Geslacht: mannen;Kerkelijke gezindte: rooms-katholiek;2014;23.0
245;Geslacht: mannen;Kerkelijke gezindte: rooms-katholiek;2015;22.0
246;Geslacht: mannen;Kerkelijke gezindte: rooms-katholiek;2016;23.0
247;Geslacht: mannen;Kerkelijke gezindte: rooms-katholiek;2017;23.0
248;Geslacht: mannen;Kerkelijke gezindte: rooms-katholiek;2018;21.0
249;Geslacht: mannen;Kerkelijke gezindte: rooms-katholiek;2019;18.0
250;Geslacht: mannen;Kerkelijke gezindte: rooms-katholiek;2020;18.0
251;Geslacht: mannen;Kerkelijke gezindte: rooms-katholiek;2021;16.0
252;Geslacht: mannen;Kerkelijke gezindte: rooms-katholiek;2022;16.0
253;Geslacht: mannen;Kerkelijke gezindte: rooms-katholiek;2023;16.0
254;Geslacht: mannen;Kerkelijke gezindte: rooms-katholiek;2024;16.0
255;Geslacht: mannen;Protestants;2010;
256;Geslacht: mannen;Protestants;2011;
257;Geslacht: mannen;Protestants;2012;
258;Geslacht: mannen;Protestants;2013;
259;Geslacht: mannen;Protestants;2014;
260;Geslacht: mannen;Protestants;2015;
261;Geslacht: mannen;Protestants;2016;
262;Geslacht: mannen;Protestants;2017;
263;Geslacht: mannen;Protestants;2018;
264;Geslacht: mannen;Protestants;2019;14.0
265;Geslacht: mannen;Protestants;2020;14.0
266;Geslacht: mannen;Protestants;2021;13.0
267;Geslacht: mannen;Protestants;2022;12.0
268;Geslacht: mannen;Protestants;2023;11.0
269;Geslacht: mannen;Protestants;2024;13.0
270;Geslacht: mannen;Kerkelijke gezindte: PKN;2010;6.0
271;Geslacht: mannen;Kerkelijke gezindte: PKN;2011;6.0
272;Geslacht: mannen;Kerkelijke gezindte: PKN;2012;6.0
273;Geslacht: mannen;Kerkelijke gezindte: PKN;2013;5.0
274;Geslacht: mannen;Kerkelijke gezindte: PKN;2014;5.0
275;Geslacht: mannen;Kerkelijke gezindte: PKN;2015;5.0
276;Geslacht: mannen;Kerkelijke gezindte: PKN;2016;5.0
277;Geslacht: mannen;Kerkelijke gezindte: PKN;2017;4.0
278;Geslacht: mannen;Kerkelijke gezindte: PKN;2018;6.0
279;Geslacht: mannen;Kerkelijke gezindte: PKN;2019;
280;Geslacht: mannen;Kerkelijke gezindte: PKN;2020;
281;Geslacht: mannen;Kerkelijke gezindte: PKN;2021;
282;Geslacht: mannen;Kerkelijke gezindte: PKN;2022;
283;Geslacht: mannen;Kerkelijke gezindte: PKN;2023;
284;Geslacht: mannen;Kerkelijke gezindte: PKN;2024;
285;Geslacht: mannen;Kerkelijke gezindte: Nederlands hervormd;2010;7.0
286;Geslacht: mannen;Kerkelijke gezindte: Nederlands hervormd;2011;6.0
287;Geslacht: mannen;Kerkelijke gezindte: Nederlands hervormd;2012;7.0
288;Geslacht: mannen;Kerkelijke gezindte: Nederlands hervormd;2013;7.0
289;Geslacht: mannen;Kerkelijke gezindte: Nederlands hervormd;2014;6.0
290;Geslacht: mannen;Kerkelijke gezindte: Nederlands hervormd;2015;6.0
291;Geslacht: mannen;Kerkelijke gezindte: Nederlands hervormd;2016;6.0
292;Geslacht: mannen;Kerkelijke gezindte: Nederlands hervormd;2017;6.0
293;Geslacht: mannen;Kerkelijke gezindte: Nederlands hervormd;2018;6.0
294;Geslacht: mannen;Kerkelijke gezindte: Nederlands hervormd;2019;
295;Geslacht: mannen;Kerkelijke gezindte: Nederlands hervormd;2020;
296;Geslacht: mannen;Kerkelijke gezindte: Nederlands hervormd;2021;
297;Geslacht: mannen;Kerkelijke gezindte: Nederlands hervormd;2022;
298;Geslacht: mannen;Kerkelijke gezindte: Nederlands hervormd;2023;
299;Geslacht: mannen;Kerkelijke gezindte: Nederlands hervormd;2024;
300;Geslacht: mannen;Kerkelijke gezindte: gereformeerd;2010;4.0
301;Geslacht: mannen;Kerkelijke gezindte: gereformeerd;2011;4.0
302;Geslacht: mannen;Kerkelijke gezindte: gereformeerd;2012;3.0
303;Geslacht: mannen;Kerkelijke gezindte: gereformeerd;2013;3.0
304;Geslacht: mannen;Kerkelijke gezindte: gereformeerd;2014;3.0
305;Geslacht: mannen;Kerkelijke gezindte: gereformeerd;2015;3.0
306;Geslacht: mannen;Kerkelijke gezindte: gereformeerd;2016;3.0
307;Geslacht: mannen;Kerkelijke gezindte: gereformeerd;2017;3.0
308;Geslacht: mannen;Kerkelijke gezindte: gereformeerd;2018;3.0
309;Geslacht: mannen;Kerkelijke gezindte: gereformeerd;2019;
310;Geslacht: mannen;Kerkelijke gezindte: gereformeerd;2020;
311;Geslacht: mannen;Kerkelijke gezindte: gereformeerd;2021;
312;Geslacht: mannen;Kerkelijke gezindte: gereformeerd;2022;
313;Geslacht: mannen;Kerkelijke gezindte: gereformeerd;2023;
314;Geslacht: mannen;Kerkelijke gezindte: gereformeerd;2024;
315;Geslacht: mannen;Kerkelijke gezindte: Islam;2010;5.0
316;Geslacht: mannen;Kerkelijke gezindte: Islam;2011;5.0
317;Geslacht: mannen;Kerkelijke gezindte: Islam;2012;5.0
318;Geslacht: mannen;Kerkelijke gezindte: Islam;2013;5.0
319;Geslacht: mannen;Kerkelijke gezindte: Islam;2014;5.0
320;Geslacht: mannen;Kerkelijke gezindte: Islam;2015;5.0
321;Geslacht: mannen;Kerkelijke gezindte: Islam;2016;5.0
322;Geslacht: mannen;Kerkelijke gezindte: Islam;2017;5.0
323;Geslacht: mannen;Kerkelijke gezindte: Islam;2018;5.0
324;Geslacht: mannen;Kerkelijke gezindte: Islam;2019;5.0
325;Geslacht: mannen;Kerkelijke gezindte: Islam;2020;5.0
326;Geslacht: mannen;Kerkelijke gezindte: Islam;2021;5.0
327;Geslacht: mannen;Kerkelijke gezindte: Islam;2022;6.0
328;Geslacht: mannen;Kerkelijke gezindte: Islam;2023;6.0
329;Geslacht: mannen;Kerkelijke gezindte: Islam;2024;7.0
330;Geslacht: mannen;Kerkelijke gezindte: overige;2010;5.0
331;Geslacht: mannen;Kerkelijke gezindte: overige;2011;5.0
332;Geslacht: mannen;Kerkelijke gezindte: overige;2012;5.0
333;Geslacht: mannen;Kerkelijke gezindte: overige;2013;5.0
334;Geslacht: mannen;Kerkelijke gezindte: overige;2014;5.0
335;Geslacht: mannen;Kerkelijke gezindte: overige;2015;5.0
336;Geslacht: mannen;Kerkelijke gezindte: overige;2016;5.0
337;Geslacht: mannen;Kerkelijke gezindte: overige;2017;5.0
338;Geslacht: mannen;Kerkelijke gezindte: overige;2018;5.0
339;Geslacht: mannen;Kerkelijke gezindte: overige;2019;5.0
340;Geslacht: mannen;Kerkelijke gezindte: overige;2020;5.0
341;Geslacht: mannen;Kerkelijke gezindte: overige;2021;6.0
342;Geslacht: mannen;Kerkelijke gezindte: overige;2022;5.0
343;Geslacht: mannen;Kerkelijke gezindte: overige;2023;5.0
344;Geslacht: mannen;Kerkelijke gezindte: overige;2024;7.0
345;Geslacht: mannen;Kerkbezoek: één keer per week of vaker;2010;10.0
346;Geslacht: mannen;Kerkbezoek: één keer per week of vaker;2011;10.0
347;Geslacht: mannen;Kerkbezoek: één keer per week of vaker;2012;10.0
348;Geslacht: mannen;Kerkbezoek: één keer per week of vaker;2013;10.0
349;Geslacht: mannen;Kerkbezoek: één keer per week of vaker;2014;10.0
350;Geslacht: mannen;Kerkbezoek: één keer per week of vaker;2015;10.0
351;Geslacht: mannen;Kerkbezoek: één keer per week of vaker;2016;9.0
352;Geslacht: mannen;Kerkbezoek: één keer per week of vaker;2017;9.0
353;Geslacht: mannen;Kerkbezoek: één keer per week of vaker;2018;9.0
354;Geslacht: mannen;Kerkbezoek: één keer per week of vaker;2019;8.0
355;Geslacht: mannen;Kerkbezoek: één keer per week of vaker;2020;8.0
356;Geslacht: mannen;Kerkbezoek: één keer per week of vaker;2021;8.0
357;Geslacht: mannen;Kerkbezoek: één keer per week of vaker;2022;7.0
358;Geslacht: mannen;Kerkbezoek: één keer per week of vaker;2023;8.0
359;Geslacht: mannen;Kerkbezoek: één keer per week of vaker;2024;9.0
360;Geslacht: mannen;Kerkbezoek: twee tot drie keer per maand;2010;4.0
361;Geslacht: mannen;Kerkbezoek: twee tot drie keer per maand;2011;3.0
362;Geslacht: mannen;Kerkbezoek: twee tot drie keer per maand;2012;3.0
363;Geslacht: mannen;Kerkbezoek: twee tot drie keer per maand;2013;3.0
364;Geslacht: mannen;Kerkbezoek: twee tot drie keer per maand;2014;3.0
365;Geslacht: mannen;Kerkbezoek: twee tot drie keer per maand;2015;3.0
366;Geslacht: mannen;Kerkbezoek: twee tot drie keer per maand;2016;3.0
367;Geslacht: mannen;Kerkbezoek: twee tot drie keer per maand;2017;3.0
368;Geslacht: mannen;Kerkbezoek: twee tot drie keer per maand;2018;4.0
369;Geslacht: mannen;Kerkbezoek: twee tot drie keer per maand;2019;3.0
370;Geslacht: mannen;Kerkbezoek: twee tot drie keer per maand;2020;2.0
371;Geslacht: mannen;Kerkbezoek: twee tot drie keer per maand;2021;2.0
372;Geslacht: mannen;Kerkbezoek: twee tot drie keer per maand;2022;3.0
373;Geslacht: mannen;Kerkbezoek: twee tot drie keer per maand;2023;3.0
374;Geslacht: mannen;Kerkbezoek: twee tot drie keer per maand;2024;3.0
375;Geslacht: mannen;Kerkbezoek: één keer per maand;2010;3.0
376;Geslacht: mannen;Kerkbezoek: één keer per maand;2011;3.0
377;Geslacht: mannen;Kerkbezoek: één keer per maand;2012;3.0
378;Geslacht: mannen;Kerkbezoek: één keer per maand;2013;3.0
379;Geslacht: mannen;Kerkbezoek: één keer per maand;2014;3.0
380;Geslacht: mannen;Kerkbezoek: één keer per maand;2015;3.0
381;Geslacht: mannen;Kerkbezoek: één keer per maand;2016;3.0
382;Geslacht: mannen;Kerkbezoek: één keer per maand;2017;2.0
383;Geslacht: mannen;Kerkbezoek: één keer per maand;2018;2.0
384;Geslacht: mannen;Kerkbezoek: één keer per maand;2019;2.0
385;Geslacht: mannen;Kerkbezoek: één keer per maand;2020;2.0
386;Geslacht: mannen;Kerkbezoek: één keer per maand;2021;2.0
387;Geslacht: mannen;Kerkbezoek: één keer per maand;2022;2.0
388;Geslacht: mannen;Kerkbezoek: één keer per maand;2023;2.0
389;Geslacht: mannen;Kerkbezoek: één keer per maand;2024;2.0
390;Geslacht: mannen;Kerkbezoek: minder dan één keer per mnd;2010;7.0
391;Geslacht: mannen;Kerkbezoek: minder dan één keer per mnd;2011;7.0
392;Geslacht: mannen;Kerkbezoek: minder dan één keer per mnd;2012;6.0
393;Geslacht: mannen;Kerkbezoek: minder dan één keer per mnd;2013;6.0
394;Geslacht: mannen;Kerkbezoek: minder dan één keer per mnd;2014;6.0
395;Geslacht: mannen;Kerkbezoek: minder dan één keer per mnd;2015;6.0
396;Geslacht: mannen;Kerkbezoek: minder dan één keer per mnd;2016;6.0
397;Geslacht: mannen;Kerkbezoek: minder dan één keer per mnd;2017;6.0
398;Geslacht: mannen;Kerkbezoek: minder dan één keer per mnd;2018;6.0
399;Geslacht: mannen;Kerkbezoek: minder dan één keer per mnd;2019;6.0
400;Geslacht: mannen;Kerkbezoek: minder dan één keer per mnd;2020;5.0
401;Geslacht: mannen;Kerkbezoek: minder dan één keer per mnd;2021;4.0
402;Geslacht: mannen;Kerkbezoek: minder dan één keer per mnd;2022;4.0
403;Geslacht: mannen;Kerkbezoek: minder dan één keer per mnd;2023;4.0
404;Geslacht: mannen;Kerkbezoek: minder dan één keer per mnd;2024;4.0
405;Geslacht: mannen;Kerkbezoek: zelden of nooit;2010;76.0
406;Geslacht: mannen;Kerkbezoek: zelden of nooit;2011;77.0
407;Geslacht: mannen;Kerkbezoek: zelden of nooit;2012;78.0
408;Geslacht: mannen;Kerkbezoek: zelden of nooit;2013;78.0
409;Geslacht: mannen;Kerkbezoek: zelden of nooit;2014;78.0
410;Geslacht: mannen;Kerkbezoek: zelden of nooit;2015;79.0
411;Geslacht: mannen;Kerkbezoek: zelden of nooit;2016;79.0
412;Geslacht: mannen;Kerkbezoek: zelden of nooit;2017;80.0
413;Geslacht: mannen;Kerkbezoek: zelden of nooit;2018;79.0
414;Geslacht: mannen;Kerkbezoek: zelden of nooit;2019;81.0
415;Geslacht: mannen;Kerkbezoek: zelden of nooit;2020;83.0
416;Geslacht: mannen;Kerkbezoek: zelden of nooit;2021;83.0
417;Geslacht: mannen;Kerkbezoek: zelden of nooit;2022;84.0
418;Geslacht: mannen;Kerkbezoek: zelden of nooit;2023;83.0
419;Geslacht: mannen;Kerkbezoek: zelden of nooit;2024;82.0
420;Geslacht: vrouwen;Kerkelijke gezindte: geen;2010;43.0
421;Geslacht: vrouwen;Kerkelijke gezindte: geen;2011;45.0
422;Geslacht: vrouwen;Kerkelijke gezindte: geen;2012;45.0
423;Geslacht: vrouwen;Kerkelijke gezindte: geen;2013;45.0
424;Geslacht: vrouwen;Kerkelijke gezindte: geen;2014;47.0
425;Geslacht: vrouwen;Kerkelijke gezindte: geen;2015;48.0
426;Geslacht: vrouwen;Kerkelijke gezindte: geen;2016;47.0
427;Geslacht: vrouwen;Kerkelijke gezindte: geen;2017;48.0
428;Geslacht: vrouwen;Kerkelijke gezindte: geen;2018;52.0
429;Geslacht: vrouwen;Kerkelijke gezindte: geen;2019;52.0
430;Geslacht: vrouwen;Kerkelijke gezindte: geen;2020;53.0
431;Geslacht: vrouwen;Kerkelijke gezindte: geen;2021;55.0
432;Geslacht: vrouwen;Kerkelijke gezindte: geen;2022;54.0
433;Geslacht: vrouwen;Kerkelijke gezindte: geen;2023;56.0
434;Geslacht: vrouwen;Kerkelijke gezindte: geen;2024;54.0
435;Geslacht: vrouwen;Kerkelijke gezindte totaal;2010;57.0
436;Geslacht: vrouwen;Kerkelijke gezindte totaal;2011;56.0
437;Geslacht: vrouwen;Kerkelijke gezindte totaal;2012;55.0
438;Geslacht: vrouwen;Kerkelijke gezindte totaal;2013;56.0
439;Geslacht: vrouwen;Kerkelijke gezindte totaal;2014;53.0
440;Geslacht: vrouwen;Kerkelijke gezindte totaal;2015;52.0
441;Geslacht: vrouwen;Kerkelijke gezindte totaal;2016;53.0
442;Geslacht: vrouwen;Kerkelijke gezindte totaal;2017;52.0
443;Geslacht: vrouwen;Kerkelijke gezindte totaal;2018;48.0
444;Geslacht: vrouwen;Kerkelijke gezindte totaal;2019;48.0
445;Geslacht: vrouwen;Kerkelijke gezindte totaal;2020;47.0
446;Geslacht: vrouwen;Kerkelijke gezindte totaal;2021;45.0
447;Geslacht: vrouwen;Kerkelijke gezindte totaal;2022;46.0
448;Geslacht: vrouwen;Kerkelijke gezindte totaal;2023;44.0
449;Geslacht: vrouwen;Kerkelijke gezindte totaal;2024;46.0
450;Geslacht: vrouwen;Kerkelijke gezindte: rooms-katholiek;2010;28.0
451;Geslacht: vrouwen;Kerkelijke gezindte: rooms-katholiek;2011;28.0
452;Geslacht: vrouwen;Kerkelijke gezindte: rooms-katholiek;2012;27.0
453;Geslacht: vrouwen;Kerkelijke gezindte: rooms-katholiek;2013;27.0
454;Geslacht: vrouwen;Kerkelijke gezindte: rooms-katholiek;2014;25.0
455;Geslacht: vrouwen;Kerkelijke gezindte: rooms-katholiek;2015;25.0
456;Geslacht: vrouwen;Kerkelijke gezindte: rooms-katholiek;2016;25.0
457;Geslacht: vrouwen;Kerkelijke gezindte: rooms-katholiek;2017;24.0
458;Geslacht: vrouwen;Kerkelijke gezindte: rooms-katholiek;2018;23.0
459;Geslacht: vrouwen;Kerkelijke gezindte: rooms-katholiek;2019;22.0
460;Geslacht: vrouwen;Kerkelijke gezindte: rooms-katholiek;2020;21.0
461;Geslacht: vrouwen;Kerkelijke gezindte: rooms-katholiek;2021;20.0
462;Geslacht: vrouwen;Kerkelijke gezindte: rooms-katholiek;2022;20.0
463;Geslacht: vrouwen;Kerkelijke gezindte: rooms-katholiek;2023;18.0
464;Geslacht: vrouwen;Kerkelijke gezindte: rooms-katholiek;2024;18.0
465;Geslacht: vrouwen;Protestants;2010;
466;Geslacht: vrouwen;Protestants;2011;
467;Geslacht: vrouwen;Protestants;2012;
468;Geslacht: vrouwen;Protestants;2013;
469;Geslacht: vrouwen;Protestants;2014;
470;Geslacht: vrouwen;Protestants;2015;
471;Geslacht: vrouwen;Protestants;2016;
472;Geslacht: vrouwen;Protestants;2017;
473;Geslacht: vrouwen;Protestants;2018;
474;Geslacht: vrouwen;Protestants;2019;16.0
475;Geslacht: vrouwen;Protestants;2020;15.0
476;Geslacht: vrouwen;Protestants;2021;14.0
477;Geslacht: vrouwen;Protestants;2022;14.0
478;Geslacht: vrouwen;Protestants;2023;14.0
479;Geslacht: vrouwen;Protestants;2024;15.0
480;Geslacht: vrouwen;Kerkelijke gezindte: PKN;2010;7.0
481;Geslacht: vrouwen;Kerkelijke gezindte: PKN;2011;6.0
482;Geslacht: vrouwen;Kerkelijke gezindte: PKN;2012;6.0
483;Geslacht: vrouwen;Kerkelijke gezindte: PKN;2013;6.0
484;Geslacht: vrouwen;Kerkelijke gezindte: PKN;2014;6.0
485;Geslacht: vrouwen;Kerkelijke gezindte: PKN;2015;6.0
486;Geslacht: vrouwen;Kerkelijke gezindte: PKN;2016;6.0
487;Geslacht: vrouwen;Kerkelijke gezindte: PKN;2017;7.0
488;Geslacht: vrouwen;Kerkelijke gezindte: PKN;2018;6.0
489;Geslacht: vrouwen;Kerkelijke gezindte: PKN;2019;
490;Geslacht: vrouwen;Kerkelijke gezindte: PKN;2020;
491;Geslacht: vrouwen;Kerkelijke gezindte: PKN;2021;
492;Geslacht: vrouwen;Kerkelijke gezindte: PKN;2022;
493;Geslacht: vrouwen;Kerkelijke gezindte: PKN;2023;
494;Geslacht: vrouwen;Kerkelijke gezindte: PKN;2024;
495;Geslacht: vrouwen;Kerkelijke gezindte: Nederlands hervormd;2010;8.0
496;Geslacht: vrouwen;Kerkelijke gezindte: Nederlands hervormd;2011;8.0
497;Geslacht: vrouwen;Kerkelijke gezindte: Nederlands hervormd;2012;8.0
498;Geslacht: vrouwen;Kerkelijke gezindte: Nederlands hervormd;2013;8.0
499;Geslacht: vrouwen;Kerkelijke gezindte: Nederlands hervormd;2014;7.0
500;Geslacht: vrouwen;Kerkelijke gezindte: Nederlands hervormd;2015;7.0
501;Geslacht: vrouwen;Kerkelijke gezindte: Nederlands hervormd;2016;7.0
502;Geslacht: vrouwen;Kerkelijke gezindte: Nederlands hervormd;2017;7.0
503;Geslacht: vrouwen;Kerkelijke gezindte: Nederlands hervormd;2018;6.0
504;Geslacht: vrouwen;Kerkelijke gezindte: Nederlands hervormd;2019;
505;Geslacht: vrouwen;Kerkelijke gezindte: Nederlands hervormd;2020;
506;Geslacht: vrouwen;Kerkelijke gezindte: Nederlands hervormd;2021;
507;Geslacht: vrouwen;Kerkelijke gezindte: Nederlands hervormd;2022;
508;Geslacht: vrouwen;Kerkelijke gezindte: Nederlands hervormd;2023;
509;Geslacht: vrouwen;Kerkelijke gezindte: Nederlands hervormd;2024;
510;Geslacht: vrouwen;Kerkelijke gezindte: gereformeerd;2010;4.0
511;Geslacht: vrouwen;Kerkelijke gezindte: gereformeerd;2011;4.0
512;Geslacht: vrouwen;Kerkelijke gezindte: gereformeerd;2012;4.0
513;Geslacht: vrouwen;Kerkelijke gezindte: gereformeerd;2013;4.0
514;Geslacht: vrouwen;Kerkelijke gezindte: gereformeerd;2014;4.0
515;Geslacht: vrouwen;Kerkelijke gezindte: gereformeerd;2015;3.0
516;Geslacht: vrouwen;Kerkelijke gezindte: gereformeerd;2016;3.0
517;Geslacht: vrouwen;Kerkelijke gezindte: gereformeerd;2017;3.0
518;Geslacht: vrouwen;Kerkelijke gezindte: gereformeerd;2018;3.0
519;Geslacht: vrouwen;Kerkelijke gezindte: gereformeerd;2019;
520;Geslacht: vrouwen;Kerkelijke gezindte: gereformeerd;2020;
521;Geslacht: vrouwen;Kerkelijke gezindte: gereformeerd;2021;
522;Geslacht: vrouwen;Kerkelijke gezindte: gereformeerd;2022;
523;Geslacht: vrouwen;Kerkelijke gezindte: gereformeerd;2023;
524;Geslacht: vrouwen;Kerkelijke gezindte: gereformeerd;2024;
525;Geslacht: vrouwen;Kerkelijke gezindte: Islam;2010;4.0
526;Geslacht: vrouwen;Kerkelijke gezindte: Islam;2011;5.0
527;Geslacht: vrouwen;Kerkelijke gezindte: Islam;2012;5.0
528;Geslacht: vrouwen;Kerkelijke gezindte: Islam;2013;5.0
529;Geslacht: vrouwen;Kerkelijke gezindte: Islam;2014;5.0
530;Geslacht: vrouwen;Kerkelijke gezindte: Islam;2015;5.0
531;Geslacht: vrouwen;Kerkelijke gezindte: Islam;2016;5.0
532;Geslacht: vrouwen;Kerkelijke gezindte: Islam;2017;5.0
533;Geslacht: vrouwen;Kerkelijke gezindte: Islam;2018;4.0
534;Geslacht: vrouwen;Kerkelijke gezindte: Islam;2019;5.0
535;Geslacht: vrouwen;Kerkelijke gezindte: Islam;2020;5.0
536;Geslacht: vrouwen;Kerkelijke gezindte: Islam;2021;4.0
537;Geslacht: vrouwen;Kerkelijke gezindte: Islam;2022;5.0
538;Geslacht: vrouwen;Kerkelijke gezindte: Islam;2023;6.0
539;Geslacht: vrouwen;Kerkelijke gezindte: Islam;2024;6.0
540;Geslacht: vrouwen;Kerkelijke gezindte: overige;2010;6.0
541;Geslacht: vrouwen;Kerkelijke gezindte: overige;2011;6.0
542;Geslacht: vrouwen;Kerkelijke gezindte: overige;2012;6.0
543;Geslacht: vrouwen;Kerkelijke gezindte: overige;2013;7.0
544;Geslacht: vrouwen;Kerkelijke gezindte: overige;2014;6.0
545;Geslacht: vrouwen;Kerkelijke gezindte: overige;2015;6.0
546;Geslacht: vrouwen;Kerkelijke gezindte: overige;2016;6.0
547;Geslacht: vrouwen;Kerkelijke gezindte: overige;2017;6.0
548;Geslacht: vrouwen;Kerkelijke gezindte: overige;2018;6.0
549;Geslacht: vrouwen;Kerkelijke gezindte: overige;2019;5.0
550;Geslacht: vrouwen;Kerkelijke gezindte: overige;2020;6.0
551;Geslacht: vrouwen;Kerkelijke gezindte: overige;2021;7.0
552;Geslacht: vrouwen;Kerkelijke gezindte: overige;2022;7.0
553;Geslacht: vrouwen;Kerkelijke gezindte: overige;2023;6.0
554;Geslacht: vrouwen;Kerkelijke gezindte: overige;2024;7.0
555;Geslacht: vrouwen;Kerkbezoek: één keer per week of vaker;2010;10.0
556;Geslacht: vrouwen;Kerkbezoek: één keer per week of vaker;2011;11.0
557;Geslacht: vrouwen;Kerkbezoek: één keer per week of vaker;2012;10.0
558;Geslacht: vrouwen;Kerkbezoek: één keer per week of vaker;2013;10.0
559;Geslacht: vrouwen;Kerkbezoek: één keer per week of vaker;2014;10.0
560;Geslacht: vrouwen;Kerkbezoek: één keer per week of vaker;2015;10.0
561;Geslacht: vrouwen;Kerkbezoek: één keer per week of vaker;2016;10.0
562;Geslacht: vrouwen;Kerkbezoek: één keer per week of vaker;2017;11.0
563;Geslacht: vrouwen;Kerkbezoek: één keer per week of vaker;2018;8.0
564;Geslacht: vrouwen;Kerkbezoek: één keer per week of vaker;2019;9.0
565;Geslacht: vrouwen;Kerkbezoek: één keer per week of vaker;2020;8.0
566;Geslacht: vrouwen;Kerkbezoek: één keer per week of vaker;2021;8.0
567;Geslacht: vrouwen;Kerkbezoek: één keer per week of vaker;2022;7.0
568;Geslacht: vrouwen;Kerkbezoek: één keer per week of vaker;2023;7.0
569;Geslacht: vrouwen;Kerkbezoek: één keer per week of vaker;2024;7.0
570;Geslacht: vrouwen;Kerkbezoek: twee tot drie keer per maand;2010;4.0
571;Geslacht: vrouwen;Kerkbezoek: twee tot drie keer per maand;2011;4.0
572;Geslacht: vrouwen;Kerkbezoek: twee tot drie keer per maand;2012;4.0
573;Geslacht: vrouwen;Kerkbezoek: twee tot drie keer per maand;2013;4.0
574;Geslacht: vrouwen;Kerkbezoek: twee tot drie keer per maand;2014;4.0
575;Geslacht: vrouwen;Kerkbezoek: twee tot drie keer per maand;2015;4.0
576;Geslacht: vrouwen;Kerkbezoek: twee tot drie keer per maand;2016;4.0
577;Geslacht: vrouwen;Kerkbezoek: twee tot drie keer per maand;2017;3.0
578;Geslacht: vrouwen;Kerkbezoek: twee tot drie keer per maand;2018;4.0
579;Geslacht: vrouwen;Kerkbezoek: twee tot drie keer per maand;2019;3.0
580;Geslacht: vrouwen;Kerkbezoek: twee tot drie keer per maand;2020;3.0
581;Geslacht: vrouwen;Kerkbezoek: twee tot drie keer per maand;2021;3.0
582;Geslacht: vrouwen;Kerkbezoek: twee tot drie keer per maand;2022;3.0
583;Geslacht: vrouwen;Kerkbezoek: twee tot drie keer per maand;2023;3.0
584;Geslacht: vrouwen;Kerkbezoek: twee tot drie keer per maand;2024;3.0
585;Geslacht: vrouwen;Kerkbezoek: één keer per maand;2010;4.0
586;Geslacht: vrouwen;Kerkbezoek: één keer per maand;2011;4.0
587;Geslacht: vrouwen;Kerkbezoek: één keer per maand;2012;4.0
588;Geslacht: vrouwen;Kerkbezoek: één keer per maand;2013;3.0
589;Geslacht: vrouwen;Kerkbezoek: één keer per maand;2014;3.0
590;Geslacht: vrouwen;Kerkbezoek: één keer per maand;2015;4.0
591;Geslacht: vrouwen;Kerkbezoek: één keer per maand;2016;3.0
592;Geslacht: vrouwen;Kerkbezoek: één keer per maand;2017;3.0
593;Geslacht: vrouwen;Kerkbezoek: één keer per maand;2018;3.0
594;Geslacht: vrouwen;Kerkbezoek: één keer per maand;2019;2.0
595;Geslacht: vrouwen;Kerkbezoek: één keer per maand;2020;2.0
596;Geslacht: vrouwen;Kerkbezoek: één keer per maand;2021;2.0
597;Geslacht: vrouwen;Kerkbezoek: één keer per maand;2022;2.0
598;Geslacht: vrouwen;Kerkbezoek: één keer per maand;2023;2.0
599;Geslacht: vrouwen;Kerkbezoek: één keer per maand;2024;2.0
600;Geslacht: vrouwen;Kerkbezoek: minder dan één keer per mnd;2010;9.0
601;Geslacht: vrouwen;Kerkbezoek: minder dan één keer per mnd;2011;8.0
602;Geslacht: vrouwen;Kerkbezoek: minder dan één keer per mnd;2012;7.0
603;Geslacht: vrouwen;Kerkbezoek: minder dan één keer per mnd;2013;8.0
604;Geslacht: vrouwen;Kerkbezoek: minder dan één keer per mnd;2014;8.0
605;Geslacht: vrouwen;Kerkbezoek: minder dan één keer per mnd;2015;7.0
606;Geslacht: vrouwen;Kerkbezoek: minder dan één keer per mnd;2016;8.0
607;Geslacht: vrouwen;Kerkbezoek: minder dan één keer per mnd;2017;7.0
608;Geslacht: vrouwen;Kerkbezoek: minder dan één keer per mnd;2018;8.0
609;Geslacht: vrouwen;Kerkbezoek: minder dan één keer per mnd;2019;7.0
610;Geslacht: vrouwen;Kerkbezoek: minder dan één keer per mnd;2020;6.0
611;Geslacht: vrouwen;Kerkbezoek: minder dan één keer per mnd;2021;5.0
612;Geslacht: vrouwen;Kerkbezoek: minder dan één keer per mnd;2022;6.0
613;Geslacht: vrouwen;Kerkbezoek: minder dan één keer per mnd;2023;5.0
614;Geslacht: vrouwen;Kerkbezoek: minder dan één keer per mnd;2024;7.0
615;Geslacht: vrouwen;Kerkbezoek: zelden of nooit;2010;72.0
616;Geslacht: vrouwen;Kerkbezoek: zelden of nooit;2011;74.0
617;Geslacht: vrouwen;Kerkbezoek: zelden of nooit;2012;75.0
618;Geslacht: vrouwen;Kerkbezoek: zelden of nooit;2013;75.0
619;Geslacht: vrouwen;Kerkbezoek: zelden of nooit;2014;75.0
620;Geslacht: vrouwen;Kerkbezoek: zelden of nooit;2015;76.0
621;Geslacht: vrouwen;Kerkbezoek: zelden of nooit;2016;76.0
622;Geslacht: vrouwen;Kerkbezoek: zelden of nooit;2017;76.0
623;Geslacht: vrouwen;Kerkbezoek: zelden of nooit;2018;78.0
624;Geslacht: vrouwen;Kerkbezoek: zelden of nooit;2019;78.0
625;Geslacht: vrouwen;Kerkbezoek: zelden of nooit;2020;81.0
626;Geslacht: vrouwen;Kerkbezoek: zelden of nooit;2021;82.0
627;Geslacht: vrouwen;Kerkbezoek: zelden of nooit;2022;82.0
628;Geslacht: vrouwen;Kerkbezoek: zelden of nooit;2023;83.0
629;Geslacht: vrouwen;Kerkbezoek: zelden of nooit;2024;80.0
630;Leeftijd: 15 tot 18 jaar;Kerkelijke gezindte: geen;2010;49.0
631;Leeftijd: 15 tot 18 jaar;Kerkelijke gezindte: geen;2011;52.0
632;Leeftijd: 15 tot 18 jaar;Kerkelijke gezindte: geen;2012;53.0
633;Leeftijd: 15 tot 18 jaar;Kerkelijke gezindte: geen;2013;53.0
634;Leeftijd: 15 tot 18 jaar;Kerkelijke gezindte: geen;2014;55.0
635;Leeftijd: 15 tot 18 jaar;Kerkelijke gezindte: geen;2015;55.0
636;Leeftijd: 15 tot 18 jaar;Kerkelijke gezindte: geen;2016;56.0
637;Leeftijd: 15 tot 18 jaar;Kerkelijke gezindte: geen;2017;56.0
638;Leeftijd: 15 tot 18 jaar;Kerkelijke gezindte: geen;2018;62.0
639;Leeftijd: 15 tot 18 jaar;Kerkelijke gezindte: geen;2019;60.0
640;Leeftijd: 15 tot 18 jaar;Kerkelijke gezindte: geen;2020;64.0
641;Leeftijd: 15 tot 18 jaar;Kerkelijke gezindte: geen;2021;59.0
642;Leeftijd: 15 tot 18 jaar;Kerkelijke gezindte: geen;2022;66.0
643;Leeftijd: 15 tot 18 jaar;Kerkelijke gezindte: geen;2023;65.0
644;Leeftijd: 15 tot 18 jaar;Kerkelijke gezindte: geen;2024;59.0
645;Leeftijd: 15 tot 18 jaar;Kerkelijke gezindte totaal;2010;51.0
646;Leeftijd: 15 tot 18 jaar;Kerkelijke gezindte totaal;2011;48.0
647;Leeftijd: 15 tot 18 jaar;Kerkelijke gezindte totaal;2012;47.0
648;Leeftijd: 15 tot 18 jaar;Kerkelijke gezindte totaal;2013;48.0
649;Leeftijd: 15 tot 18 jaar;Kerkelijke gezindte totaal;2014;45.0
650;Leeftijd: 15 tot 18 jaar;Kerkelijke gezindte totaal;2015;45.0
651;Leeftijd: 15 tot 18 jaar;Kerkelijke gezindte totaal;2016;44.0
652;Leeftijd: 15 tot 18 jaar;Kerkelijke gezindte totaal;2017;44.0
653;Leeftijd: 15 tot 18 jaar;Kerkelijke gezindte totaal;2018;38.0
654;Leeftijd: 15 tot 18 jaar;Kerkelijke gezindte totaal;2019;40.0
655;Leeftijd: 15 tot 18 jaar;Kerkelijke gezindte totaal;2020;36.0
656;Leeftijd: 15 tot 18 jaar;Kerkelijke gezindte totaal;2021;41.0
657;Leeftijd: 15 tot 18 jaar;Kerkelijke gezindte totaal;2022;34.0
658;Leeftijd: 15 tot 18 jaar;Kerkelijke gezindte totaal;2023;35.0
659;Leeftijd: 15 tot 18 jaar;Kerkelijke gezindte totaal;2024;41.0
660;Leeftijd: 15 tot 18 jaar;Kerkelijke gezindte: rooms-katholiek;2010;22.0
661;Leeftijd: 15 tot 18 jaar;Kerkelijke gezindte: rooms-katholiek;2011;21.0
662;Leeftijd: 15 tot 18 jaar;Kerkelijke gezindte: rooms-katholiek;2012;19.0
663;Leeftijd: 15 tot 18 jaar;Kerkelijke gezindte: rooms-katholiek;2013;20.0
664;Leeftijd: 15 tot 18 jaar;Kerkelijke gezindte: rooms-katholiek;2014;18.0
665;Leeftijd: 15 tot 18 jaar;Kerkelijke gezindte: rooms-katholiek;2015;18.0
666;Leeftijd: 15 tot 18 jaar;Kerkelijke gezindte: rooms-katholiek;2016;15.0
667;Leeftijd: 15 tot 18 jaar;Kerkelijke gezindte: rooms-katholiek;2017;16.0
668;Leeftijd: 15 tot 18 jaar;Kerkelijke gezindte: rooms-katholiek;2018;11.0
669;Leeftijd: 15 tot 18 jaar;Kerkelijke gezindte: rooms-katholiek;2019;14.0
670;Leeftijd: 15 tot 18 jaar;Kerkelijke gezindte: rooms-katholiek;2020;8.0
671;Leeftijd: 15 tot 18 jaar;Kerkelijke gezindte: rooms-katholiek;2021;8.0
672;Leeftijd: 15 tot 18 jaar;Kerkelijke gezindte: rooms-katholiek;2022;6.0
673;Leeftijd: 15 tot 18 jaar;Kerkelijke gezindte: rooms-katholiek;2023;8.0
674;Leeftijd: 15 tot 18 jaar;Kerkelijke gezindte: rooms-katholiek;2024;7.0
675;Leeftijd: 15 tot 18 jaar;Protestants;2010;
676;Leeftijd: 15 tot 18 jaar;Protestants;2011;
677;Leeftijd: 15 tot 18 jaar;Protestants;2012;
678;Leeftijd: 15 tot 18 jaar;Protestants;2013;
679;Leeftijd: 15 tot 18 jaar;Protestants;2014;
680;Leeftijd: 15 tot 18 jaar;Protestants;2015;
681;Leeftijd: 15 tot 18 jaar;Protestants;2016;
682;Leeftijd: 15 tot 18 jaar;Protestants;2017;
683;Leeftijd: 15 tot 18 jaar;Protestants;2018;
684;Leeftijd: 15 tot 18 jaar;Protestants;2019;10.0
685;Leeftijd: 15 tot 18 jaar;Protestants;2020;12.0
686;Leeftijd: 15 tot 18 jaar;Protestants;2021;13.0
687;Leeftijd: 15 tot 18 jaar;Protestants;2022;10.0
688;Leeftijd: 15 tot 18 jaar;Protestants;2023;8.0
689;Leeftijd: 15 tot 18 jaar;Protestants;2024;14.0
690;Leeftijd: 15 tot 18 jaar;Kerkelijke gezindte: PKN;2010;6.0
691;Leeftijd: 15 tot 18 jaar;Kerkelijke gezindte: PKN;2011;5.0
692;Leeftijd: 15 tot 18 jaar;Kerkelijke gezindte: PKN;2012;6.0
693;Leeftijd: 15 tot 18 jaar;Kerkelijke gezindte: PKN;2013;4.0
694;Leeftijd: 15 tot 18 jaar;Kerkelijke gezindte: PKN;2014;5.0
695;Leeftijd: 15 tot 18 jaar;Kerkelijke gezindte: PKN;2015;6.0
696;Leeftijd: 15 tot 18 jaar;Kerkelijke gezindte: PKN;2016;6.0
697;Leeftijd: 15 tot 18 jaar;Kerkelijke gezindte: PKN;2017;7.0
698;Leeftijd: 15 tot 18 jaar;Kerkelijke gezindte: PKN;2018;5.0
699;Leeftijd: 15 tot 18 jaar;Kerkelijke gezindte: PKN;2019;
700;Leeftijd: 15 tot 18 jaar;Kerkelijke gezindte: PKN;2020;
701;Leeftijd: 15 tot 18 jaar;Kerkelijke gezindte: PKN;2021;
702;Leeftijd: 15 tot 18 jaar;Kerkelijke gezindte: PKN;2022;
703;Leeftijd: 15 tot 18 jaar;Kerkelijke gezindte: PKN;2023;
704;Leeftijd: 15 tot 18 jaar;Kerkelijke gezindte: PKN;2024;
705;Leeftijd: 15 tot 18 jaar;Kerkelijke gezindte: Nederlands hervormd;2010;5.0
706;Leeftijd: 15 tot 18 jaar;Kerkelijke gezindte: Nederlands hervormd;2011;4.0
707;Leeftijd: 15 tot 18 jaar;Kerkelijke gezindte: Nederlands hervormd;2012;4.0
708;Leeftijd: 15 tot 18 jaar;Kerkelijke gezindte: Nederlands hervormd;2013;4.0
709;Leeftijd: 15 tot 18 jaar;Kerkelijke gezindte: Nederlands hervormd;2014;4.0
710;Leeftijd: 15 tot 18 jaar;Kerkelijke gezindte: Nederlands hervormd;2015;4.0
711;Leeftijd: 15 tot 18 jaar;Kerkelijke gezindte: Nederlands hervormd;2016;2.0
712;Leeftijd: 15 tot 18 jaar;Kerkelijke gezindte: Nederlands hervormd;2017;2.0
713;Leeftijd: 15 tot 18 jaar;Kerkelijke gezindte: Nederlands hervormd;2018;5.0
714;Leeftijd: 15 tot 18 jaar;Kerkelijke gezindte: Nederlands hervormd;2019;
715;Leeftijd: 15 tot 18 jaar;Kerkelijke gezindte: Nederlands hervormd;2020;
716;Leeftijd: 15 tot 18 jaar;Kerkelijke gezindte: Nederlands hervormd;2021;
717;Leeftijd: 15 tot 18 jaar;Kerkelijke gezindte: Nederlands hervormd;2022;
718;Leeftijd: 15 tot 18 jaar;Kerkelijke gezindte: Nederlands hervormd;2023;
719;Leeftijd: 15 tot 18 jaar;Kerkelijke gezindte: Nederlands hervormd;2024;
720;Leeftijd: 15 tot 18 jaar;Kerkelijke gezindte: gereformeerd;2010;4.0
721;Leeftijd: 15 tot 18 jaar;Kerkelijke gezindte: gereformeerd;2011;4.0
722;Leeftijd: 15 tot 18 jaar;Kerkelijke gezindte: gereformeerd;2012;4.0
723;Leeftijd: 15 tot 18 jaar;Kerkelijke gezindte: gereformeerd;2013;4.0
724;Leeftijd: 15 tot 18 jaar;Kerkelijke gezindte: gereformeerd;2014;3.0
725;Leeftijd: 15 tot 18 jaar;Kerkelijke gezindte: gereformeerd;2015;3.0
726;Leeftijd: 15 tot 18 jaar;Kerkelijke gezindte: gereformeerd;2016;4.0
727;Leeftijd: 15 tot 18 jaar;Kerkelijke gezindte: gereformeerd;2017;3.0
728;Leeftijd: 15 tot 18 jaar;Kerkelijke gezindte: gereformeerd;2018;3.0
729;Leeftijd: 15 tot 18 jaar;Kerkelijke gezindte: gereformeerd;2019;
730;Leeftijd: 15 tot 18 jaar;Kerkelijke gezindte: gereformeerd;2020;
731;Leeftijd: 15 tot 18 jaar;Kerkelijke gezindte: gereformeerd;2021;
732;Leeftijd: 15 tot 18 jaar;Kerkelijke gezindte: gereformeerd;2022;
733;Leeftijd: 15 tot 18 jaar;Kerkelijke gezindte: gereformeerd;2023;
734;Leeftijd: 15 tot 18 jaar;Kerkelijke gezindte: gereformeerd;2024;
735;Leeftijd: 15 tot 18 jaar;Kerkelijke gezindte: Islam;2010;9.0
736;Leeftijd: 15 tot 18 jaar;Kerkelijke gezindte: Islam;2011;8.0
737;Leeftijd: 15 tot 18 jaar;Kerkelijke gezindte: Islam;2012;8.0
738;Leeftijd: 15 tot 18 jaar;Kerkelijke gezindte: Islam;2013;9.0
739;Leeftijd: 15 tot 18 jaar;Kerkelijke gezindte: Islam;2014;9.0
740;Leeftijd: 15 tot 18 jaar;Kerkelijke gezindte: Islam;2015;9.0
741;Leeftijd: 15 tot 18 jaar;Kerkelijke gezindte: Islam;2016;12.0
742;Leeftijd: 15 tot 18 jaar;Kerkelijke gezindte: Islam;2017;8.0
743;Leeftijd: 15 tot 18 jaar;Kerkelijke gezindte: Islam;2018;11.0
744;Leeftijd: 15 tot 18 jaar;Kerkelijke gezindte: Islam;2019;10.0
745;Leeftijd: 15 tot 18 jaar;Kerkelijke gezindte: Islam;2020;12.0
746;Leeftijd: 15 tot 18 jaar;Kerkelijke gezindte: Islam;2021;15.0
747;Leeftijd: 15 tot 18 jaar;Kerkelijke gezindte: Islam;2022;12.0
748;Leeftijd: 15 tot 18 jaar;Kerkelijke gezindte: Islam;2023;14.0
749;Leeftijd: 15 tot 18 jaar;Kerkelijke gezindte: Islam;2024;14.0
750;Leeftijd: 15 tot 18 jaar;Kerkelijke gezindte: overige;2010;5.0
751;Leeftijd: 15 tot 18 jaar;Kerkelijke gezindte: overige;2011;5.0
752;Leeftijd: 15 tot 18 jaar;Kerkelijke gezindte: overige;2012;5.0
753;Leeftijd: 15 tot 18 jaar;Kerkelijke gezindte: overige;2013;6.0
754;Leeftijd: 15 tot 18 jaar;Kerkelijke gezindte: overige;2014;5.0
755;Leeftijd: 15 tot 18 jaar;Kerkelijke gezindte: overige;2015;5.0
756;Leeftijd: 15 tot 18 jaar;Kerkelijke gezindte: overige;2016;5.0
757;Leeftijd: 15 tot 18 jaar;Kerkelijke gezindte: overige;2017;7.0
758;Leeftijd: 15 tot 18 jaar;Kerkelijke gezindte: overige;2018;4.0
759;Leeftijd: 15 tot 18 jaar;Kerkelijke gezindte: overige;2019;6.0
760;Leeftijd: 15 tot 18 jaar;Kerkelijke gezindte: overige;2020;4.0
761;Leeftijd: 15 tot 18 jaar;Kerkelijke gezindte: overige;2021;4.0
762;Leeftijd: 15 tot 18 jaar;Kerkelijke gezindte: overige;2022;5.0
763;Leeftijd: 15 tot 18 jaar;Kerkelijke gezindte: overige;2023;5.0
764;Leeftijd: 15 tot 18 jaar;Kerkelijke gezindte: overige;2024;6.0
765;Leeftijd: 15 tot 18 jaar;Kerkbezoek: één keer per week of vaker;2010;10.0
766;Leeftijd: 15 tot 18 jaar;Kerkbezoek: één keer per week of vaker;2011;10.0
767;Leeftijd: 15 tot 18 jaar;Kerkbezoek: één keer per week of vaker;2012;10.0
768;Leeftijd: 15 tot 18 jaar;Kerkbezoek: één keer per week of vaker;2013;11.0
769;Leeftijd: 15 tot 18 jaar;Kerkbezoek: één keer per week of vaker;2014;11.0
770;Leeftijd: 15 tot 18 jaar;Kerkbezoek: één keer per week of vaker;2015;10.0
771;Leeftijd: 15 tot 18 jaar;Kerkbezoek: één keer per week of vaker;2016;13.0
772;Leeftijd: 15 tot 18 jaar;Kerkbezoek: één keer per week of vaker;2017;10.0
773;Leeftijd: 15 tot 18 jaar;Kerkbezoek: één keer per week of vaker;2018;18.0
774;Leeftijd: 15 tot 18 jaar;Kerkbezoek: één keer per week of vaker;2019;10.0
775;Leeftijd: 15 tot 18 jaar;Kerkbezoek: één keer per week of vaker;2020;12.0
776;Leeftijd: 15 tot 18 jaar;Kerkbezoek: één keer per week of vaker;2021;9.0
777;Leeftijd: 15 tot 18 jaar;Kerkbezoek: één keer per week of vaker;2022;9.0
778;Leeftijd: 15 tot 18 jaar;Kerkbezoek: één keer per week of vaker;2023;8.0
779;Leeftijd: 15 tot 18 jaar;Kerkbezoek: één keer per week of vaker;2024;14.0
780;Leeftijd: 15 tot 18 jaar;Kerkbezoek: twee tot drie keer per maand;2010;3.0
781;Leeftijd: 15 tot 18 jaar;Kerkbezoek: twee tot drie keer per maand;2011;2.0
782;Leeftijd: 15 tot 18 jaar;Kerkbezoek: twee tot drie keer per maand;2012;3.0
783;Leeftijd: 15 tot 18 jaar;Kerkbezoek: twee tot drie keer per maand;2013;2.0
784;Leeftijd: 15 tot 18 jaar;Kerkbezoek: twee tot drie keer per maand;2014;2.0
785;Leeftijd: 15 tot 18 jaar;Kerkbezoek: twee tot drie keer per maand;2015;3.0
786;Leeftijd: 15 tot 18 jaar;Kerkbezoek: twee tot drie keer per maand;2016;2.0
787;Leeftijd: 15 tot 18 jaar;Kerkbezoek: twee tot drie keer per maand;2017;4.0
788;Leeftijd: 15 tot 18 jaar;Kerkbezoek: twee tot drie keer per maand;2018;1.0
789;Leeftijd: 15 tot 18 jaar;Kerkbezoek: twee tot drie keer per maand;2019;3.0
790;Leeftijd: 15 tot 18 jaar;Kerkbezoek: twee tot drie keer per maand;2020;2.0
791;Leeftijd: 15 tot 18 jaar;Kerkbezoek: twee tot drie keer per maand;2021;5.0
792;Leeftijd: 15 tot 18 jaar;Kerkbezoek: twee tot drie keer per maand;2022;4.0
793;Leeftijd: 15 tot 18 jaar;Kerkbezoek: twee tot drie keer per maand;2023;3.0
794;Leeftijd: 15 tot 18 jaar;Kerkbezoek: twee tot drie keer per maand;2024;4.0
795;Leeftijd: 15 tot 18 jaar;Kerkbezoek: één keer per maand;2010;3.0
796;Leeftijd: 15 tot 18 jaar;Kerkbezoek: één keer per maand;2011;3.0
797;Leeftijd: 15 tot 18 jaar;Kerkbezoek: één keer per maand;2012;3.0
798;Leeftijd: 15 tot 18 jaar;Kerkbezoek: één keer per maand;2013;2.0
799;Leeftijd: 15 tot 18 jaar;Kerkbezoek: één keer per maand;2014;3.0
800;Leeftijd: 15 tot 18 jaar;Kerkbezoek: één keer per maand;2015;2.0
801;Leeftijd: 15 tot 18 jaar;Kerkbezoek: één keer per maand;2016;2.0
802;Leeftijd: 15 tot 18 jaar;Kerkbezoek: één keer per maand;2017;5.0
803;Leeftijd: 15 tot 18 jaar;Kerkbezoek: één keer per maand;2018;1.0
804;Leeftijd: 15 tot 18 jaar;Kerkbezoek: één keer per maand;2019;3.0
805;Leeftijd: 15 tot 18 jaar;Kerkbezoek: één keer per maand;2020;3.0
806;Leeftijd: 15 tot 18 jaar;Kerkbezoek: één keer per maand;2021;5.0
807;Leeftijd: 15 tot 18 jaar;Kerkbezoek: één keer per maand;2022;2.0
808;Leeftijd: 15 tot 18 jaar;Kerkbezoek: één keer per maand;2023;2.0
809;Leeftijd: 15 tot 18 jaar;Kerkbezoek: één keer per maand;2024;3.0
810;Leeftijd: 15 tot 18 jaar;Kerkbezoek: minder dan één keer per mnd;2010;7.0
811;Leeftijd: 15 tot 18 jaar;Kerkbezoek: minder dan één keer per mnd;2011;6.0
812;Leeftijd: 15 tot 18 jaar;Kerkbezoek: minder dan één keer per mnd;2012;5.0
813;Leeftijd: 15 tot 18 jaar;Kerkbezoek: minder dan één keer per mnd;2013;6.0
814;Leeftijd: 15 tot 18 jaar;Kerkbezoek: minder dan één keer per mnd;2014;6.0
815;Leeftijd: 15 tot 18 jaar;Kerkbezoek: minder dan één keer per mnd;2015;5.0
816;Leeftijd: 15 tot 18 jaar;Kerkbezoek: minder dan één keer per mnd;2016;5.0
817;Leeftijd: 15 tot 18 jaar;Kerkbezoek: minder dan één keer per mnd;2017;5.0
818;Leeftijd: 15 tot 18 jaar;Kerkbezoek: minder dan één keer per mnd;2018;3.0
819;Leeftijd: 15 tot 18 jaar;Kerkbezoek: minder dan één keer per mnd;2019;4.0
820;Leeftijd: 15 tot 18 jaar;Kerkbezoek: minder dan één keer per mnd;2020;5.0
821;Leeftijd: 15 tot 18 jaar;Kerkbezoek: minder dan één keer per mnd;2021;2.0
822;Leeftijd: 15 tot 18 jaar;Kerkbezoek: minder dan één keer per mnd;2022;4.0
823;Leeftijd: 15 tot 18 jaar;Kerkbezoek: minder dan één keer per mnd;2023;6.0
824;Leeftijd: 15 tot 18 jaar;Kerkbezoek: minder dan één keer per mnd;2024;4.0
825;Leeftijd: 15 tot 18 jaar;Kerkbezoek: zelden of nooit;2010;76.0
826;Leeftijd: 15 tot 18 jaar;Kerkbezoek: zelden of nooit;2011;79.0
827;Leeftijd: 15 tot 18 jaar;Kerkbezoek: zelden of nooit;2012;79.0
828;Leeftijd: 15 tot 18 jaar;Kerkbezoek: zelden of nooit;2013;79.0
829;Leeftijd: 15 tot 18 jaar;Kerkbezoek: zelden of nooit;2014;79.0
830;Leeftijd: 15 tot 18 jaar;Kerkbezoek: zelden of nooit;2015;80.0
831;Leeftijd: 15 tot 18 jaar;Kerkbezoek: zelden of nooit;2016;78.0
832;Leeftijd: 15 tot 18 jaar;Kerkbezoek: zelden of nooit;2017;77.0
833;Leeftijd: 15 tot 18 jaar;Kerkbezoek: zelden of nooit;2018;77.0
834;Leeftijd: 15 tot 18 jaar;Kerkbezoek: zelden of nooit;2019;79.0
835;Leeftijd: 15 tot 18 jaar;Kerkbezoek: zelden of nooit;2020;78.0
836;Leeftijd: 15 tot 18 jaar;Kerkbezoek: zelden of nooit;2021;79.0
837;Leeftijd: 15 tot 18 jaar;Kerkbezoek: zelden of nooit;2022;81.0
838;Leeftijd: 15 tot 18 jaar;Kerkbezoek: zelden of nooit;2023;81.0
839;Leeftijd: 15 tot 18 jaar;Kerkbezoek: zelden of nooit;2024;74.0
840;Leeftijd: 18 tot 25 jaar;Kerkelijke gezindte: geen;2010;52.0
841;Leeftijd: 18 tot 25 jaar;Kerkelijke gezindte: geen;2011;55.0
842;Leeftijd: 18 tot 25 jaar;Kerkelijke gezindte: geen;2012;56.0
843;Leeftijd: 18 tot 25 jaar;Kerkelijke gezindte: geen;2013;55.0
844;Leeftijd: 18 tot 25 jaar;Kerkelijke gezindte: geen;2014;59.0
845;Leeftijd: 18 tot 25 jaar;Kerkelijke gezindte: geen;2015;60.0
846;Leeftijd: 18 tot 25 jaar;Kerkelijke gezindte: geen;2016;63.0
847;Leeftijd: 18 tot 25 jaar;Kerkelijke gezindte: geen;2017;67.0
848;Leeftijd: 18 tot 25 jaar;Kerkelijke gezindte: geen;2018;65.0
849;Leeftijd: 18 tot 25 jaar;Kerkelijke gezindte: geen;2019;66.0
850;Leeftijd: 18 tot 25 jaar;Kerkelijke gezindte: geen;2020;72.0
851;Leeftijd: 18 tot 25 jaar;Kerkelijke gezindte: geen;2021;72.0
852;Leeftijd: 18 tot 25 jaar;Kerkelijke gezindte: geen;2022;69.0
853;Leeftijd: 18 tot 25 jaar;Kerkelijke gezindte: geen;2023;70.0
854;Leeftijd: 18 tot 25 jaar;Kerkelijke gezindte: geen;2024;68.0
855;Leeftijd: 18 tot 25 jaar;Kerkelijke gezindte totaal;2010;48.0
856;Leeftijd: 18 tot 25 jaar;Kerkelijke gezindte totaal;2011;45.0
857;Leeftijd: 18 tot 25 jaar;Kerkelijke gezindte totaal;2012;44.0
858;Leeftijd: 18 tot 25 jaar;Kerkelijke gezindte totaal;2013;45.0
859;Leeftijd: 18 tot 25 jaar;Kerkelijke gezindte totaal;2014;41.0
860;Leeftijd: 18 tot 25 jaar;Kerkelijke gezindte totaal;2015;40.0
861;Leeftijd: 18 tot 25 jaar;Kerkelijke gezindte totaal;2016;37.0
862;Leeftijd: 18 tot 25 jaar;Kerkelijke gezindte totaal;2017;33.0
863;Leeftijd: 18 tot 25 jaar;Kerkelijke gezindte totaal;2018;35.0
864;Leeftijd: 18 tot 25 jaar;Kerkelijke gezindte totaal;2019;34.0
865;Leeftijd: 18 tot 25 jaar;Kerkelijke gezindte totaal;2020;28.0
866;Leeftijd: 18 tot 25 jaar;Kerkelijke gezindte totaal;2021;28.0
867;Leeftijd: 18 tot 25 jaar;Kerkelijke gezindte totaal;2022;31.0
868;Leeftijd: 18 tot 25 jaar;Kerkelijke gezindte totaal;2023;30.0
869;Leeftijd: 18 tot 25 jaar;Kerkelijke gezindte totaal;2024;32.0
870;Leeftijd: 18 tot 25 jaar;Kerkelijke gezindte: rooms-katholiek;2010;21.0
871;Leeftijd: 18 tot 25 jaar;Kerkelijke gezindte: rooms-katholiek;2011;20.0
872;Leeftijd: 18 tot 25 jaar;Kerkelijke gezindte: rooms-katholiek;2012;19.0
873;Leeftijd: 18 tot 25 jaar;Kerkelijke gezindte: rooms-katholiek;2013;20.0
874;Leeftijd: 18 tot 25 jaar;Kerkelijke gezindte: rooms-katholiek;2014;17.0
875;Leeftijd: 18 tot 25 jaar;Kerkelijke gezindte: rooms-katholiek;2015;16.0
876;Leeftijd: 18 tot 25 jaar;Kerkelijke gezindte: rooms-katholiek;2016;13.0
877;Leeftijd: 18 tot 25 jaar;Kerkelijke gezindte: rooms-katholiek;2017;11.0
878;Leeftijd: 18 tot 25 jaar;Kerkelijke gezindte: rooms-katholiek;2018;14.0
879;Leeftijd: 18 tot 25 jaar;Kerkelijke gezindte: rooms-katholiek;2019;11.0
880;Leeftijd: 18 tot 25 jaar;Kerkelijke gezindte: rooms-katholiek;2020;7.0
881;Leeftijd: 18 tot 25 jaar;Kerkelijke gezindte: rooms-katholiek;2021;7.0
882;Leeftijd: 18 tot 25 jaar;Kerkelijke gezindte: rooms-katholiek;2022;7.0
883;Leeftijd: 18 tot 25 jaar;Kerkelijke gezindte: rooms-katholiek;2023;6.0
884;Leeftijd: 18 tot 25 jaar;Kerkelijke gezindte: rooms-katholiek;2024;4.0
885;Leeftijd: 18 tot 25 jaar;Protestants;2010;
886;Leeftijd: 18 tot 25 jaar;Protestants;2011;
887;Leeftijd: 18 tot 25 jaar;Protestants;2012;
888;Leeftijd: 18 tot 25 jaar;Protestants;2013;
889;Leeftijd: 18 tot 25 jaar;Protestants;2014;
890;Leeftijd: 18 tot 25 jaar;Protestants;2015;
891;Leeftijd: 18 tot 25 jaar;Protestants;2016;
892;Leeftijd: 18 tot 25 jaar;Protestants;2017;
893;Leeftijd: 18 tot 25 jaar;Protestants;2018;
894;Leeftijd: 18 tot 25 jaar;Protestants;2019;12.0
895;Leeftijd: 18 tot 25 jaar;Protestants;2020;10.0
896;Leeftijd: 18 tot 25 jaar;Protestants;2021;9.0
897;Leeftijd: 18 tot 25 jaar;Protestants;2022;9.0
898;Leeftijd: 18 tot 25 jaar;Protestants;2023;9.0
899;Leeftijd: 18 tot 25 jaar;Protestants;2024;10.0
900;Leeftijd: 18 tot 25 jaar;Kerkelijke gezindte: PKN;2010;6.0
901;Leeftijd: 18 tot 25 jaar;Kerkelijke gezindte: PKN;2011;5.0
902;Leeftijd: 18 tot 25 jaar;Kerkelijke gezindte: PKN;2012;5.0
903;Leeftijd: 18 tot 25 jaar;Kerkelijke gezindte: PKN;2013;5.0
904;Leeftijd: 18 tot 25 jaar;Kerkelijke gezindte: PKN;2014;5.0
905;Leeftijd: 18 tot 25 jaar;Kerkelijke gezindte: PKN;2015;5.0
906;Leeftijd: 18 tot 25 jaar;Kerkelijke gezindte: PKN;2016;5.0
907;Leeftijd: 18 tot 25 jaar;Kerkelijke gezindte: PKN;2017;5.0
908;Leeftijd: 18 tot 25 jaar;Kerkelijke gezindte: PKN;2018;4.0
909;Leeftijd: 18 tot 25 jaar;Kerkelijke gezindte: PKN;2019;
910;Leeftijd: 18 tot 25 jaar;Kerkelijke gezindte: PKN;2020;
911;Leeftijd: 18 tot 25 jaar;Kerkelijke gezindte: PKN;2021;
912;Leeftijd: 18 tot 25 jaar;Kerkelijke gezindte: PKN;2022;
913;Leeftijd: 18 tot 25 jaar;Kerkelijke gezindte: PKN;2023;
914;Leeftijd: 18 tot 25 jaar;Kerkelijke gezindte: PKN;2024;
915;Leeftijd: 18 tot 25 jaar;Kerkelijke gezindte: Nederlands hervormd;2010;5.0
916;Leeftijd: 18 tot 25 jaar;Kerkelijke gezindte: Nederlands hervormd;2011;4.0
917;Leeftijd: 18 tot 25 jaar;Kerkelijke gezindte: Nederlands hervormd;2012;4.0
918;Leeftijd: 18 tot 25 jaar;Kerkelijke gezindte: Nederlands hervormd;2013;4.0
919;Leeftijd: 18 tot 25 jaar;Kerkelijke gezindte: Nederlands hervormd;2014;3.0
920;Leeftijd: 18 tot 25 jaar;Kerkelijke gezindte: Nederlands hervormd;2015;3.0
921;Leeftijd: 18 tot 25 jaar;Kerkelijke gezindte: Nederlands hervormd;2016;1.0
922;Leeftijd: 18 tot 25 jaar;Kerkelijke gezindte: Nederlands hervormd;2017;2.0
923;Leeftijd: 18 tot 25 jaar;Kerkelijke gezindte: Nederlands hervormd;2018;2.0
924;Leeftijd: 18 tot 25 jaar;Kerkelijke gezindte: Nederlands hervormd;2019;
925;Leeftijd: 18 tot 25 jaar;Kerkelijke gezindte: Nederlands hervormd;2020;
926;Leeftijd: 18 tot 25 jaar;Kerkelijke gezindte: Nederlands hervormd;2021;
927;Leeftijd: 18 tot 25 jaar;Kerkelijke gezindte: Nederlands hervormd;2022;
928;Leeftijd: 18 tot 25 jaar;Kerkelijke gezindte: Nederlands hervormd;2023;
929;Leeftijd: 18 tot 25 jaar;Kerkelijke gezindte: Nederlands hervormd;2024;
930;Leeftijd: 18 tot 25 jaar;Kerkelijke gezindte: gereformeerd;2010;4.0
931;Leeftijd: 18 tot 25 jaar;Kerkelijke gezindte: gereformeerd;2011;4.0
932;Leeftijd: 18 tot 25 jaar;Kerkelijke gezindte: gereformeerd;2012;4.0
933;Leeftijd: 18 tot 25 jaar;Kerkelijke gezindte: gereformeerd;2013;4.0
934;Leeftijd: 18 tot 25 jaar;Kerkelijke gezindte: gereformeerd;2014;4.0
935;Leeftijd: 18 tot 25 jaar;Kerkelijke gezindte: gereformeerd;2015;3.0
936;Leeftijd: 18 tot 25 jaar;Kerkelijke gezindte: gereformeerd;2016;4.0
937;Leeftijd: 18 tot 25 jaar;Kerkelijke gezindte: gereformeerd;2017;2.0
938;Leeftijd: 18 tot 25 jaar;Kerkelijke gezindte: gereformeerd;2018;3.0
939;Leeftijd: 18 tot 25 jaar;Kerkelijke gezindte: gereformeerd;2019;
940;Leeftijd: 18 tot 25 jaar;Kerkelijke gezindte: gereformeerd;2020;
941;Leeftijd: 18 tot 25 jaar;Kerkelijke gezindte: gereformeerd;2021;
942;Leeftijd: 18 tot 25 jaar;Kerkelijke gezindte: gereformeerd;2022;
943;Leeftijd: 18 tot 25 jaar;Kerkelijke gezindte: gereformeerd;2023;
944;Leeftijd: 18 tot 25 jaar;Kerkelijke gezindte: gereformeerd;2024;
945;Leeftijd: 18 tot 25 jaar;Kerkelijke gezindte: Islam;2010;7.0
946;Leeftijd: 18 tot 25 jaar;Kerkelijke gezindte: Islam;2011;7.0
947;Leeftijd: 18 tot 25 jaar;Kerkelijke gezindte: Islam;2012;7.0
948;Leeftijd: 18 tot 25 jaar;Kerkelijke gezindte: Islam;2013;7.0
949;Leeftijd: 18 tot 25 jaar;Kerkelijke gezindte: Islam;2014;8.0
950;Leeftijd: 18 tot 25 jaar;Kerkelijke gezindte: Islam;2015;8.0
951;Leeftijd: 18 tot 25 jaar;Kerkelijke gezindte: Islam;2016;9.0
952;Leeftijd: 18 tot 25 jaar;Kerkelijke gezindte: Islam;2017;7.0
953;Leeftijd: 18 tot 25 jaar;Kerkelijke gezindte: Islam;2018;11.0
954;Leeftijd: 18 tot 25 jaar;Kerkelijke gezindte: Islam;2019;8.0
955;Leeftijd: 18 tot 25 jaar;Kerkelijke gezindte: Islam;2020;6.0
956;Leeftijd: 18 tot 25 jaar;Kerkelijke gezindte: Islam;2021;7.0
957;Leeftijd: 18 tot 25 jaar;Kerkelijke gezindte: Islam;2022;9.0
958;Leeftijd: 18 tot 25 jaar;Kerkelijke gezindte: Islam;2023;10.0
959;Leeftijd: 18 tot 25 jaar;Kerkelijke gezindte: Islam;2024;13.0
960;Leeftijd: 18 tot 25 jaar;Kerkelijke gezindte: overige;2010;6.0
961;Leeftijd: 18 tot 25 jaar;Kerkelijke gezindte: overige;2011;5.0
962;Leeftijd: 18 tot 25 jaar;Kerkelijke gezindte: overige;2012;5.0
963;Leeftijd: 18 tot 25 jaar;Kerkelijke gezindte: overige;2013;6.0
964;Leeftijd: 18 tot 25 jaar;Kerkelijke gezindte: overige;2014;5.0
965;Leeftijd: 18 tot 25 jaar;Kerkelijke gezindte: overige;2015;5.0
966;Leeftijd: 18 tot 25 jaar;Kerkelijke gezindte: overige;2016;6.0
967;Leeftijd: 18 tot 25 jaar;Kerkelijke gezindte: overige;2017;6.0
968;Leeftijd: 18 tot 25 jaar;Kerkelijke gezindte: overige;2018;2.0
969;Leeftijd: 18 tot 25 jaar;Kerkelijke gezindte: overige;2019;4.0
970;Leeftijd: 18 tot 25 jaar;Kerkelijke gezindte: overige;2020;5.0
971;Leeftijd: 18 tot 25 jaar;Kerkelijke gezindte: overige;2021;5.0
972;Leeftijd: 18 tot 25 jaar;Kerkelijke gezindte: overige;2022;6.0
973;Leeftijd: 18 tot 25 jaar;Kerkelijke gezindte: overige;2023;5.0
974;Leeftijd: 18 tot 25 jaar;Kerkelijke gezindte: overige;2024;5.0
975;Leeftijd: 18 tot 25 jaar;Kerkbezoek: één keer per week of vaker;2010;8.0
976;Leeftijd: 18 tot 25 jaar;Kerkbezoek: één keer per week of vaker;2011;8.0
977;Leeftijd: 18 tot 25 jaar;Kerkbezoek: één keer per week of vaker;2012;8.0
978;Leeftijd: 18 tot 25 jaar;Kerkbezoek: één keer per week of vaker;2013;8.0
979;Leeftijd: 18 tot 25 jaar;Kerkbezoek: één keer per week of vaker;2014;9.0
980;Leeftijd: 18 tot 25 jaar;Kerkbezoek: één keer per week of vaker;2015;8.0
981;Leeftijd: 18 tot 25 jaar;Kerkbezoek: één keer per week of vaker;2016;7.0
982;Leeftijd: 18 tot 25 jaar;Kerkbezoek: één keer per week of vaker;2017;8.0
983;Leeftijd: 18 tot 25 jaar;Kerkbezoek: één keer per week of vaker;2018;5.0
984;Leeftijd: 18 tot 25 jaar;Kerkbezoek: één keer per week of vaker;2019;5.0
985;Leeftijd: 18 tot 25 jaar;Kerkbezoek: één keer per week of vaker;2020;7.0
986;Leeftijd: 18 tot 25 jaar;Kerkbezoek: één keer per week of vaker;2021;7.0
987;Leeftijd: 18 tot 25 jaar;Kerkbezoek: één keer per week of vaker;2022;6.0
988;Leeftijd: 18 tot 25 jaar;Kerkbezoek: één keer per week of vaker;2023;9.0
989;Leeftijd: 18 tot 25 jaar;Kerkbezoek: één keer per week of vaker;2024;8.0
990;Leeftijd: 18 tot 25 jaar;Kerkbezoek: twee tot drie keer per maand;2010;2.0
991;Leeftijd: 18 tot 25 jaar;Kerkbezoek: twee tot drie keer per maand;2011;2.0
992;Leeftijd: 18 tot 25 jaar;Kerkbezoek: twee tot drie keer per maand;2012;2.0
993;Leeftijd: 18 tot 25 jaar;Kerkbezoek: twee tot drie keer per maand;2013;2.0
994;Leeftijd: 18 tot 25 jaar;Kerkbezoek: twee tot drie keer per maand;2014;2.0
995;Leeftijd: 18 tot 25 jaar;Kerkbezoek: twee tot drie keer per maand;2015;2.0
996;Leeftijd: 18 tot 25 jaar;Kerkbezoek: twee tot drie keer per maand;2016;2.0
997;Leeftijd: 18 tot 25 jaar;Kerkbezoek: twee tot drie keer per maand;2017;2.0
998;Leeftijd: 18 tot 25 jaar;Kerkbezoek: twee tot drie keer per maand;2018;5.0
999;Leeftijd: 18 tot 25 jaar;Kerkbezoek: twee tot drie keer per maand;2019;3.0
1000;Leeftijd: 18 tot 25 jaar;Kerkbezoek: twee tot drie keer per maand;2020;2.0
1001;Leeftijd: 18 tot 25 jaar;Kerkbezoek: twee tot drie keer per maand;2021;1.0
1002;Leeftijd: 18 tot 25 jaar;Kerkbezoek: twee tot drie keer per maand;2022;3.0
1003;Leeftijd: 18 tot 25 jaar;Kerkbezoek: twee tot drie keer per maand;2023;3.0
1004;Leeftijd: 18 tot 25 jaar;Kerkbezoek: twee tot drie keer per maand;2024;3.0
1005;Leeftijd: 18 tot 25 jaar;Kerkbezoek: één keer per maand;2010;2.0
1006;Leeftijd: 18 tot 25 jaar;Kerkbezoek: één keer per maand;2011;2.0
1007;Leeftijd: 18 tot 25 jaar;Kerkbezoek: één keer per maand;2012;2.0
1008;Leeftijd: 18 tot 25 jaar;Kerkbezoek: één keer per maand;2013;2.0
1009;Leeftijd: 18 tot 25 jaar;Kerkbezoek: één keer per maand;2014;2.0
1010;Leeftijd: 18 tot 25 jaar;Kerkbezoek: één keer per maand;2015;2.0
1011;Leeftijd: 18 tot 25 jaar;Kerkbezoek: één keer per maand;2016;3.0
1012;Leeftijd: 18 tot 25 jaar;Kerkbezoek: één keer per maand;2017;3.0
1013;Leeftijd: 18 tot 25 jaar;Kerkbezoek: één keer per maand;2018;3.0
1014;Leeftijd: 18 tot 25 jaar;Kerkbezoek: één keer per maand;2019;1.0
1015;Leeftijd: 18 tot 25 jaar;Kerkbezoek: één keer per maand;2020;1.0
1016;Leeftijd: 18 tot 25 jaar;Kerkbezoek: één keer per maand;2021;1.0
1017;Leeftijd: 18 tot 25 jaar;Kerkbezoek: één keer per maand;2022;3.0
1018;Leeftijd: 18 tot 25 jaar;Kerkbezoek: één keer per maand;2023;1.0
1019;Leeftijd: 18 tot 25 jaar;Kerkbezoek: één keer per maand;2024;2.0
1020;Leeftijd: 18 tot 25 jaar;Kerkbezoek: minder dan één keer per mnd;2010;6.0
1021;Leeftijd: 18 tot 25 jaar;Kerkbezoek: minder dan één keer per mnd;2011;6.0
1022;Leeftijd: 18 tot 25 jaar;Kerkbezoek: minder dan één keer per mnd;2012;5.0
1023;Leeftijd: 18 tot 25 jaar;Kerkbezoek: minder dan één keer per mnd;2013;5.0
1024;Leeftijd: 18 tot 25 jaar;Kerkbezoek: minder dan één keer per mnd;2014;5.0
1025;Leeftijd: 18 tot 25 jaar;Kerkbezoek: minder dan één keer per mnd;2015;4.0
1026;Leeftijd: 18 tot 25 jaar;Kerkbezoek: minder dan één keer per mnd;2016;5.0
1027;Leeftijd: 18 tot 25 jaar;Kerkbezoek: minder dan één keer per mnd;2017;4.0
1028;Leeftijd: 18 tot 25 jaar;Kerkbezoek: minder dan één keer per mnd;2018;4.0
1029;Leeftijd: 18 tot 25 jaar;Kerkbezoek: minder dan één keer per mnd;2019;6.0
1030;Leeftijd: 18 tot 25 jaar;Kerkbezoek: minder dan één keer per mnd;2020;3.0
1031;Leeftijd: 18 tot 25 jaar;Kerkbezoek: minder dan één keer per mnd;2021;3.0
1032;Leeftijd: 18 tot 25 jaar;Kerkbezoek: minder dan één keer per mnd;2022;4.0
1033;Leeftijd: 18 tot 25 jaar;Kerkbezoek: minder dan één keer per mnd;2023;3.0
1034;Leeftijd: 18 tot 25 jaar;Kerkbezoek: minder dan één keer per mnd;2024;4.0
1035;Leeftijd: 18 tot 25 jaar;Kerkbezoek: zelden of nooit;2010;81.0
1036;Leeftijd: 18 tot 25 jaar;Kerkbezoek: zelden of nooit;2011;82.0
1037;Leeftijd: 18 tot 25 jaar;Kerkbezoek: zelden of nooit;2012;83.0
1038;Leeftijd: 18 tot 25 jaar;Kerkbezoek: zelden of nooit;2013;82.0
1039;Leeftijd: 18 tot 25 jaar;Kerkbezoek: zelden of nooit;2014;82.0
1040;Leeftijd: 18 tot 25 jaar;Kerkbezoek: zelden of nooit;2015;84.0
1041;Leeftijd: 18 tot 25 jaar;Kerkbezoek: zelden of nooit;2016;83.0
1042;Leeftijd: 18 tot 25 jaar;Kerkbezoek: zelden of nooit;2017;83.0
1043;Leeftijd: 18 tot 25 jaar;Kerkbezoek: zelden of nooit;2018;84.0
1044;Leeftijd: 18 tot 25 jaar;Kerkbezoek: zelden of nooit;2019;84.0
1045;Leeftijd: 18 tot 25 jaar;Kerkbezoek: zelden of nooit;2020;86.0
1046;Leeftijd: 18 tot 25 jaar;Kerkbezoek: zelden of nooit;2021;88.0
1047;Leeftijd: 18 tot 25 jaar;Kerkbezoek: zelden of nooit;2022;85.0
1048;Leeftijd: 18 tot 25 jaar;Kerkbezoek: zelden of nooit;2023;85.0
1049;Leeftijd: 18 tot 25 jaar;Kerkbezoek: zelden of nooit;2024;83.0
1050;Leeftijd: 25 tot 35 jaar;Kerkelijke gezindte: geen;2010;53.0
1051;Leeftijd: 25 tot 35 jaar;Kerkelijke gezindte: geen;2011;56.0
1052;Leeftijd: 25 tot 35 jaar;Kerkelijke gezindte: geen;2012;57.0
1053;Leeftijd: 25 tot 35 jaar;Kerkelijke gezindte: geen;2013;57.0
1054;Leeftijd: 25 tot 35 jaar;Kerkelijke gezindte: geen;2014;60.0
1055;Leeftijd: 25 tot 35 jaar;Kerkelijke gezindte: geen;2015;60.0
1056;Leeftijd: 25 tot 35 jaar;Kerkelijke gezindte: geen;2016;59.0
1057;Leeftijd: 25 tot 35 jaar;Kerkelijke gezindte: geen;2017;60.0
1058;Leeftijd: 25 tot 35 jaar;Kerkelijke gezindte: geen;2018;63.0
1059;Leeftijd: 25 tot 35 jaar;Kerkelijke gezindte: geen;2019;65.0
1060;Leeftijd: 25 tot 35 jaar;Kerkelijke gezindte: geen;2020;68.0
1061;Leeftijd: 25 tot 35 jaar;Kerkelijke gezindte: geen;2021;68.0
1062;Leeftijd: 25 tot 35 jaar;Kerkelijke gezindte: geen;2022;69.0
1063;Leeftijd: 25 tot 35 jaar;Kerkelijke gezindte: geen;2023;71.0
1064;Leeftijd: 25 tot 35 jaar;Kerkelijke gezindte: geen;2024;66.0
1065;Leeftijd: 25 tot 35 jaar;Kerkelijke gezindte totaal;2010;47.0
1066;Leeftijd: 25 tot 35 jaar;Kerkelijke gezindte totaal;2011;44.0
1067;Leeftijd: 25 tot 35 jaar;Kerkelijke gezindte totaal;2012;43.0
1068;Leeftijd: 25 tot 35 jaar;Kerkelijke gezindte totaal;2013;43.0
1069;Leeftijd: 25 tot 35 jaar;Kerkelijke gezindte totaal;2014;40.0
1070;Leeftijd: 25 tot 35 jaar;Kerkelijke gezindte totaal;2015;40.0
1071;Leeftijd: 25 tot 35 jaar;Kerkelijke gezindte totaal;2016;41.0
1072;Leeftijd: 25 tot 35 jaar;Kerkelijke gezindte totaal;2017;40.0
1073;Leeftijd: 25 tot 35 jaar;Kerkelijke gezindte totaal;2018;37.0
1074;Leeftijd: 25 tot 35 jaar;Kerkelijke gezindte totaal;2019;35.0
1075;Leeftijd: 25 tot 35 jaar;Kerkelijke gezindte totaal;2020;32.0
1076;Leeftijd: 25 tot 35 jaar;Kerkelijke gezindte totaal;2021;32.0
1077;Leeftijd: 25 tot 35 jaar;Kerkelijke gezindte totaal;2022;31.0
1078;Leeftijd: 25 tot 35 jaar;Kerkelijke gezindte totaal;2023;29.0
1079;Leeftijd: 25 tot 35 jaar;Kerkelijke gezindte totaal;2024;34.0
1080;Leeftijd: 25 tot 35 jaar;Kerkelijke gezindte: rooms-katholiek;2010;19.0
1081;Leeftijd: 25 tot 35 jaar;Kerkelijke gezindte: rooms-katholiek;2011;17.0
1082;Leeftijd: 25 tot 35 jaar;Kerkelijke gezindte: rooms-katholiek;2012;18.0
1083;Leeftijd: 25 tot 35 jaar;Kerkelijke gezindte: rooms-katholiek;2013;17.0
1084;Leeftijd: 25 tot 35 jaar;Kerkelijke gezindte: rooms-katholiek;2014;15.0
1085;Leeftijd: 25 tot 35 jaar;Kerkelijke gezindte: rooms-katholiek;2015;15.0
1086;Leeftijd: 25 tot 35 jaar;Kerkelijke gezindte: rooms-katholiek;2016;17.0
1087;Leeftijd: 25 tot 35 jaar;Kerkelijke gezindte: rooms-katholiek;2017;15.0
1088;Leeftijd: 25 tot 35 jaar;Kerkelijke gezindte: rooms-katholiek;2018;13.0
1089;Leeftijd: 25 tot 35 jaar;Kerkelijke gezindte: rooms-katholiek;2019;11.0
1090;Leeftijd: 25 tot 35 jaar;Kerkelijke gezindte: rooms-katholiek;2020;9.0
1091;Leeftijd: 25 tot 35 jaar;Kerkelijke gezindte: rooms-katholiek;2021;9.0
1092;Leeftijd: 25 tot 35 jaar;Kerkelijke gezindte: rooms-katholiek;2022;9.0
1093;Leeftijd: 25 tot 35 jaar;Kerkelijke gezindte: rooms-katholiek;2023;6.0
1094;Leeftijd: 25 tot 35 jaar;Kerkelijke gezindte: rooms-katholiek;2024;7.0
1095;Leeftijd: 25 tot 35 jaar;Protestants;2010;
1096;Leeftijd: 25 tot 35 jaar;Protestants;2011;
1097;Leeftijd: 25 tot 35 jaar;Protestants;2012;
1098;Leeftijd: 25 tot 35 jaar;Protestants;2013;
1099;Leeftijd: 25 tot 35 jaar;Protestants;2014;
1100;Leeftijd: 25 tot 35 jaar;Protestants;2015;
1101;Leeftijd: 25 tot 35 jaar;Protestants;2016;
1102;Leeftijd: 25 tot 35 jaar;Protestants;2017;
1103;Leeftijd: 25 tot 35 jaar;Protestants;2018;
1104;Leeftijd: 25 tot 35 jaar;Protestants;2019;11.0
1105;Leeftijd: 25 tot 35 jaar;Protestants;2020;10.0
1106;Leeftijd: 25 tot 35 jaar;Protestants;2021;10.0
1107;Leeftijd: 25 tot 35 jaar;Protestants;2022;10.0
1108;Leeftijd: 25 tot 35 jaar;Protestants;2023;9.0
1109;Leeftijd: 25 tot 35 jaar;Protestants;2024;11.0
1110;Leeftijd: 25 tot 35 jaar;Kerkelijke gezindte: PKN;2010;5.0
1111;Leeftijd: 25 tot 35 jaar;Kerkelijke gezindte: PKN;2011;5.0
1112;Leeftijd: 25 tot 35 jaar;Kerkelijke gezindte: PKN;2012;4.0
1113;Leeftijd: 25 tot 35 jaar;Kerkelijke gezindte: PKN;2013;5.0
1114;Leeftijd: 25 tot 35 jaar;Kerkelijke gezindte: PKN;2014;5.0
1115;Leeftijd: 25 tot 35 jaar;Kerkelijke gezindte: PKN;2015;4.0
1116;Leeftijd: 25 tot 35 jaar;Kerkelijke gezindte: PKN;2016;4.0
1117;Leeftijd: 25 tot 35 jaar;Kerkelijke gezindte: PKN;2017;5.0
1118;Leeftijd: 25 tot 35 jaar;Kerkelijke gezindte: PKN;2018;4.0
1119;Leeftijd: 25 tot 35 jaar;Kerkelijke gezindte: PKN;2019;
1120;Leeftijd: 25 tot 35 jaar;Kerkelijke gezindte: PKN;2020;
1121;Leeftijd: 25 tot 35 jaar;Kerkelijke gezindte: PKN;2021;
1122;Leeftijd: 25 tot 35 jaar;Kerkelijke gezindte: PKN;2022;
1123;Leeftijd: 25 tot 35 jaar;Kerkelijke gezindte: PKN;2023;
1124;Leeftijd: 25 tot 35 jaar;Kerkelijke gezindte: PKN;2024;
1125;Leeftijd: 25 tot 35 jaar;Kerkelijke gezindte: Nederlands hervormd;2010;4.0
1126;Leeftijd: 25 tot 35 jaar;Kerkelijke gezindte: Nederlands hervormd;2011;3.0
1127;Leeftijd: 25 tot 35 jaar;Kerkelijke gezindte: Nederlands hervormd;2012;4.0
1128;Leeftijd: 25 tot 35 jaar;Kerkelijke gezindte: Nederlands hervormd;2013;4.0
1129;Leeftijd: 25 tot 35 jaar;Kerkelijke gezindte: Nederlands hervormd;2014;3.0
1130;Leeftijd: 25 tot 35 jaar;Kerkelijke gezindte: Nederlands hervormd;2015;3.0
1131;Leeftijd: 25 tot 35 jaar;Kerkelijke gezindte: Nederlands hervormd;2016;3.0
1132;Leeftijd: 25 tot 35 jaar;Kerkelijke gezindte: Nederlands hervormd;2017;3.0
1133;Leeftijd: 25 tot 35 jaar;Kerkelijke gezindte: Nederlands hervormd;2018;3.0
1134;Leeftijd: 25 tot 35 jaar;Kerkelijke gezindte: Nederlands hervormd;2019;
1135;Leeftijd: 25 tot 35 jaar;Kerkelijke gezindte: Nederlands hervormd;2020;
1136;Leeftijd: 25 tot 35 jaar;Kerkelijke gezindte: Nederlands hervormd;2021;
1137;Leeftijd: 25 tot 35 jaar;Kerkelijke gezindte: Nederlands hervormd;2022;
1138;Leeftijd: 25 tot 35 jaar;Kerkelijke gezindte: Nederlands hervormd;2023;
1139;Leeftijd: 25 tot 35 jaar;Kerkelijke gezindte: Nederlands hervormd;2024;
1140;Leeftijd: 25 tot 35 jaar;Kerkelijke gezindte: gereformeerd;2010;4.0
1141;Leeftijd: 25 tot 35 jaar;Kerkelijke gezindte: gereformeerd;2011;4.0
1142;Leeftijd: 25 tot 35 jaar;Kerkelijke gezindte: gereformeerd;2012;3.0
1143;Leeftijd: 25 tot 35 jaar;Kerkelijke gezindte: gereformeerd;2013;4.0
1144;Leeftijd: 25 tot 35 jaar;Kerkelijke gezindte: gereformeerd;2014;3.0
1145;Leeftijd: 25 tot 35 jaar;Kerkelijke gezindte: gereformeerd;2015;3.0
1146;Leeftijd: 25 tot 35 jaar;Kerkelijke gezindte: gereformeerd;2016;3.0
1147;Leeftijd: 25 tot 35 jaar;Kerkelijke gezindte: gereformeerd;2017;3.0
1148;Leeftijd: 25 tot 35 jaar;Kerkelijke gezindte: gereformeerd;2018;3.0
1149;Leeftijd: 25 tot 35 jaar;Kerkelijke gezindte: gereformeerd;2019;
1150;Leeftijd: 25 tot 35 jaar;Kerkelijke gezindte: gereformeerd;2020;
1151;Leeftijd: 25 tot 35 jaar;Kerkelijke gezindte: gereformeerd;2021;
1152;Leeftijd: 25 tot 35 jaar;Kerkelijke gezindte: gereformeerd;2022;
1153;Leeftijd: 25 tot 35 jaar;Kerkelijke gezindte: gereformeerd;2023;
1154;Leeftijd: 25 tot 35 jaar;Kerkelijke gezindte: gereformeerd;2024;
1155;Leeftijd: 25 tot 35 jaar;Kerkelijke gezindte: Islam;2010;8.0
1156;Leeftijd: 25 tot 35 jaar;Kerkelijke gezindte: Islam;2011;9.0
1157;Leeftijd: 25 tot 35 jaar;Kerkelijke gezindte: Islam;2012;8.0
1158;Leeftijd: 25 tot 35 jaar;Kerkelijke gezindte: Islam;2013;8.0
1159;Leeftijd: 25 tot 35 jaar;Kerkelijke gezindte: Islam;2014;8.0
1160;Leeftijd: 25 tot 35 jaar;Kerkelijke gezindte: Islam;2015;8.0
1161;Leeftijd: 25 tot 35 jaar;Kerkelijke gezindte: Islam;2016;7.0
1162;Leeftijd: 25 tot 35 jaar;Kerkelijke gezindte: Islam;2017;9.0
1163;Leeftijd: 25 tot 35 jaar;Kerkelijke gezindte: Islam;2018;7.0
1164;Leeftijd: 25 tot 35 jaar;Kerkelijke gezindte: Islam;2019;8.0
1165;Leeftijd: 25 tot 35 jaar;Kerkelijke gezindte: Islam;2020;7.0
1166;Leeftijd: 25 tot 35 jaar;Kerkelijke gezindte: Islam;2021;6.0
1167;Leeftijd: 25 tot 35 jaar;Kerkelijke gezindte: Islam;2022;7.0
1168;Leeftijd: 25 tot 35 jaar;Kerkelijke gezindte: Islam;2023;8.0
1169;Leeftijd: 25 tot 35 jaar;Kerkelijke gezindte: Islam;2024;9.0
1170;Leeftijd: 25 tot 35 jaar;Kerkelijke gezindte: overige;2010;6.0
1171;Leeftijd: 25 tot 35 jaar;Kerkelijke gezindte: overige;2011;6.0
1172;Leeftijd: 25 tot 35 jaar;Kerkelijke gezindte: overige;2012;6.0
1173;Leeftijd: 25 tot 35 jaar;Kerkelijke gezindte: overige;2013;7.0
1174;Leeftijd: 25 tot 35 jaar;Kerkelijke gezindte: overige;2014;7.0
1175;Leeftijd: 25 tot 35 jaar;Kerkelijke gezindte: overige;2015;7.0
1176;Leeftijd: 25 tot 35 jaar;Kerkelijke gezindte: overige;2016;7.0
1177;Leeftijd: 25 tot 35 jaar;Kerkelijke gezindte: overige;2017;6.0
1178;Leeftijd: 25 tot 35 jaar;Kerkelijke gezindte: overige;2018;8.0
1179;Leeftijd: 25 tot 35 jaar;Kerkelijke gezindte: overige;2019;5.0
1180;Leeftijd: 25 tot 35 jaar;Kerkelijke gezindte: overige;2020;5.0
1181;Leeftijd: 25 tot 35 jaar;Kerkelijke gezindte: overige;2021;6.0
1182;Leeftijd: 25 tot 35 jaar;Kerkelijke gezindte: overige;2022;6.0
1183;Leeftijd: 25 tot 35 jaar;Kerkelijke gezindte: overige;2023;6.0
1184;Leeftijd: 25 tot 35 jaar;Kerkelijke gezindte: overige;2024;7.0
1185;Leeftijd: 25 tot 35 jaar;Kerkbezoek: één keer per week of vaker;2010;8.0
1186;Leeftijd: 25 tot 35 jaar;Kerkbezoek: één keer per week of vaker;2011;9.0
1187;Leeftijd: 25 tot 35 jaar;Kerkbezoek: één keer per week of vaker;2012;8.0
1188;Leeftijd: 25 tot 35 jaar;Kerkbezoek: één keer per week of vaker;2013;9.0
1189;Leeftijd: 25 tot 35 jaar;Kerkbezoek: één keer per week of vaker;2014;8.0
1190;Leeftijd: 25 tot 35 jaar;Kerkbezoek: één keer per week of vaker;2015;9.0
1191;Leeftijd: 25 tot 35 jaar;Kerkbezoek: één keer per week of vaker;2016;8.0
1192;Leeftijd: 25 tot 35 jaar;Kerkbezoek: één keer per week of vaker;2017;8.0
1193;Leeftijd: 25 tot 35 jaar;Kerkbezoek: één keer per week of vaker;2018;6.0
1194;Leeftijd: 25 tot 35 jaar;Kerkbezoek: één keer per week of vaker;2019;7.0
1195;Leeftijd: 25 tot 35 jaar;Kerkbezoek: één keer per week of vaker;2020;6.0
1196;Leeftijd: 25 tot 35 jaar;Kerkbezoek: één keer per week of vaker;2021;6.0
1197;Leeftijd: 25 tot 35 jaar;Kerkbezoek: één keer per week of vaker;2022;6.0
1198;Leeftijd: 25 tot 35 jaar;Kerkbezoek: één keer per week of vaker;2023;7.0
1199;Leeftijd: 25 tot 35 jaar;Kerkbezoek: één keer per week of vaker;2024;6.0
1200;Leeftijd: 25 tot 35 jaar;Kerkbezoek: twee tot drie keer per maand;2010;3.0
1201;Leeftijd: 25 tot 35 jaar;Kerkbezoek: twee tot drie keer per maand;2011;3.0
1202;Leeftijd: 25 tot 35 jaar;Kerkbezoek: twee tot drie keer per maand;2012;2.0
1203;Leeftijd: 25 tot 35 jaar;Kerkbezoek: twee tot drie keer per maand;2013;3.0
1204;Leeftijd: 25 tot 35 jaar;Kerkbezoek: twee tot drie keer per maand;2014;2.0
1205;Leeftijd: 25 tot 35 jaar;Kerkbezoek: twee tot drie keer per maand;2015;3.0
1206;Leeftijd: 25 tot 35 jaar;Kerkbezoek: twee tot drie keer per maand;2016;2.0
1207;Leeftijd: 25 tot 35 jaar;Kerkbezoek: twee tot drie keer per maand;2017;2.0
1208;Leeftijd: 25 tot 35 jaar;Kerkbezoek: twee tot drie keer per maand;2018;3.0
1209;Leeftijd: 25 tot 35 jaar;Kerkbezoek: twee tot drie keer per maand;2019;2.0
1210;Leeftijd: 25 tot 35 jaar;Kerkbezoek: twee tot drie keer per maand;2020;3.0
1211;Leeftijd: 25 tot 35 jaar;Kerkbezoek: twee tot drie keer per maand;2021;2.0
1212;Leeftijd: 25 tot 35 jaar;Kerkbezoek: twee tot drie keer per maand;2022;3.0
1213;Leeftijd: 25 tot 35 jaar;Kerkbezoek: twee tot drie keer per maand;2023;1.0
1214;Leeftijd: 25 tot 35 jaar;Kerkbezoek: twee tot drie keer per maand;2024;3.0
1215;Leeftijd: 25 tot 35 jaar;Kerkbezoek: één keer per maand;2010;3.0
1216;Leeftijd: 25 tot 35 jaar;Kerkbezoek: één keer per maand;2011;2.0
1217;Leeftijd: 25 tot 35 jaar;Kerkbezoek: één keer per maand;2012;3.0
1218;Leeftijd: 25 tot 35 jaar;Kerkbezoek: één keer per maand;2013;3.0
1219;Leeftijd: 25 tot 35 jaar;Kerkbezoek: één keer per maand;2014;2.0
1220;Leeftijd: 25 tot 35 jaar;Kerkbezoek: één keer per maand;2015;3.0
1221;Leeftijd: 25 tot 35 jaar;Kerkbezoek: één keer per maand;2016;2.0
1222;Leeftijd: 25 tot 35 jaar;Kerkbezoek: één keer per maand;2017;2.0
1223;Leeftijd: 25 tot 35 jaar;Kerkbezoek: één keer per maand;2018;2.0
1224;Leeftijd: 25 tot 35 jaar;Kerkbezoek: één keer per maand;2019;1.0
1225;Leeftijd: 25 tot 35 jaar;Kerkbezoek: één keer per maand;2020;1.0
1226;Leeftijd: 25 tot 35 jaar;Kerkbezoek: één keer per maand;2021;2.0
1227;Leeftijd: 25 tot 35 jaar;Kerkbezoek: één keer per maand;2022;2.0
1228;Leeftijd: 25 tot 35 jaar;Kerkbezoek: één keer per maand;2023;2.0
1229;Leeftijd: 25 tot 35 jaar;Kerkbezoek: één keer per maand;2024;2.0
1230;Leeftijd: 25 tot 35 jaar;Kerkbezoek: minder dan één keer per mnd;2010;7.0
1231;Leeftijd: 25 tot 35 jaar;Kerkbezoek: minder dan één keer per mnd;2011;6.0
1232;Leeftijd: 25 tot 35 jaar;Kerkbezoek: minder dan één keer per mnd;2012;6.0
1233;Leeftijd: 25 tot 35 jaar;Kerkbezoek: minder dan één keer per mnd;2013;5.0
1234;Leeftijd: 25 tot 35 jaar;Kerkbezoek: minder dan één keer per mnd;2014;5.0
1235;Leeftijd: 25 tot 35 jaar;Kerkbezoek: minder dan één keer per mnd;2015;5.0
1236;Leeftijd: 25 tot 35 jaar;Kerkbezoek: minder dan één keer per mnd;2016;6.0
1237;Leeftijd: 25 tot 35 jaar;Kerkbezoek: minder dan één keer per mnd;2017;6.0
1238;Leeftijd: 25 tot 35 jaar;Kerkbezoek: minder dan één keer per mnd;2018;5.0
1239;Leeftijd: 25 tot 35 jaar;Kerkbezoek: minder dan één keer per mnd;2019;6.0
1240;Leeftijd: 25 tot 35 jaar;Kerkbezoek: minder dan één keer per mnd;2020;4.0
1241;Leeftijd: 25 tot 35 jaar;Kerkbezoek: minder dan één keer per mnd;2021;5.0
1242;Leeftijd: 25 tot 35 jaar;Kerkbezoek: minder dan één keer per mnd;2022;4.0
1243;Leeftijd: 25 tot 35 jaar;Kerkbezoek: minder dan één keer per mnd;2023;3.0
1244;Leeftijd: 25 tot 35 jaar;Kerkbezoek: minder dan één keer per mnd;2024;5.0
1245;Leeftijd: 25 tot 35 jaar;Kerkbezoek: zelden of nooit;2010;80.0
1246;Leeftijd: 25 tot 35 jaar;Kerkbezoek: zelden of nooit;2011;81.0
1247;Leeftijd: 25 tot 35 jaar;Kerkbezoek: zelden of nooit;2012;82.0
1248;Leeftijd: 25 tot 35 jaar;Kerkbezoek: zelden of nooit;2013;81.0
1249;Leeftijd: 25 tot 35 jaar;Kerkbezoek: zelden of nooit;2014;82.0
1250;Leeftijd: 25 tot 35 jaar;Kerkbezoek: zelden of nooit;2015;81.0
1251;Leeftijd: 25 tot 35 jaar;Kerkbezoek: zelden of nooit;2016;82.0
1252;Leeftijd: 25 tot 35 jaar;Kerkbezoek: zelden of nooit;2017;82.0
1253;Leeftijd: 25 tot 35 jaar;Kerkbezoek: zelden of nooit;2018;84.0
1254;Leeftijd: 25 tot 35 jaar;Kerkbezoek: zelden of nooit;2019;83.0
1255;Leeftijd: 25 tot 35 jaar;Kerkbezoek: zelden of nooit;2020;85.0
1256;Leeftijd: 25 tot 35 jaar;Kerkbezoek: zelden of nooit;2021;85.0
1257;Leeftijd: 25 tot 35 jaar;Kerkbezoek: zelden of nooit;2022;85.0
1258;Leeftijd: 25 tot 35 jaar;Kerkbezoek: zelden of nooit;2023;86.0
1259;Leeftijd: 25 tot 35 jaar;Kerkbezoek: zelden of nooit;2024;83.0
1260;Leeftijd: 35 tot 45 jaar;Kerkelijke gezindte: geen;2010;51.0
1261;Leeftijd: 35 tot 45 jaar;Kerkelijke gezindte: geen;2011;53.0
1262;Leeftijd: 35 tot 45 jaar;Kerkelijke gezindte: geen;2012;52.0
1263;Leeftijd: 35 tot 45 jaar;Kerkelijke gezindte: geen;2013;52.0
1264;Leeftijd: 35 tot 45 jaar;Kerkelijke gezindte: geen;2014;54.0
1265;Leeftijd: 35 tot 45 jaar;Kerkelijke gezindte: geen;2015;56.0
1266;Leeftijd: 35 tot 45 jaar;Kerkelijke gezindte: geen;2016;57.0
1267;Leeftijd: 35 tot 45 jaar;Kerkelijke gezindte: geen;2017;53.0
1268;Leeftijd: 35 tot 45 jaar;Kerkelijke gezindte: geen;2018;61.0
1269;Leeftijd: 35 tot 45 jaar;Kerkelijke gezindte: geen;2019;61.0
1270;Leeftijd: 35 tot 45 jaar;Kerkelijke gezindte: geen;2020;61.0
1271;Leeftijd: 35 tot 45 jaar;Kerkelijke gezindte: geen;2021;61.0
1272;Leeftijd: 35 tot 45 jaar;Kerkelijke gezindte: geen;2022;61.0
1273;Leeftijd: 35 tot 45 jaar;Kerkelijke gezindte: geen;2023;63.0
1274;Leeftijd: 35 tot 45 jaar;Kerkelijke gezindte: geen;2024;59.0
1275;Leeftijd: 35 tot 45 jaar;Kerkelijke gezindte totaal;2010;49.0
1276;Leeftijd: 35 tot 45 jaar;Kerkelijke gezindte totaal;2011;48.0
1277;Leeftijd: 35 tot 45 jaar;Kerkelijke gezindte totaal;2012;48.0
1278;Leeftijd: 35 tot 45 jaar;Kerkelijke gezindte totaal;2013;49.0
1279;Leeftijd: 35 tot 45 jaar;Kerkelijke gezindte totaal;2014;46.0
1280;Leeftijd: 35 tot 45 jaar;Kerkelijke gezindte totaal;2015;44.0
1281;Leeftijd: 35 tot 45 jaar;Kerkelijke gezindte totaal;2016;43.0
1282;Leeftijd: 35 tot 45 jaar;Kerkelijke gezindte totaal;2017;47.0
1283;Leeftijd: 35 tot 45 jaar;Kerkelijke gezindte totaal;2018;39.0
1284;Leeftijd: 35 tot 45 jaar;Kerkelijke gezindte totaal;2019;39.0
1285;Leeftijd: 35 tot 45 jaar;Kerkelijke gezindte totaal;2020;39.0
1286;Leeftijd: 35 tot 45 jaar;Kerkelijke gezindte totaal;2021;39.0
1287;Leeftijd: 35 tot 45 jaar;Kerkelijke gezindte totaal;2022;39.0
1288;Leeftijd: 35 tot 45 jaar;Kerkelijke gezindte totaal;2023;37.0
1289;Leeftijd: 35 tot 45 jaar;Kerkelijke gezindte totaal;2024;41.0
1290;Leeftijd: 35 tot 45 jaar;Kerkelijke gezindte: rooms-katholiek;2010;24.0
1291;Leeftijd: 35 tot 45 jaar;Kerkelijke gezindte: rooms-katholiek;2011;22.0
1292;Leeftijd: 35 tot 45 jaar;Kerkelijke gezindte: rooms-katholiek;2012;22.0
1293;Leeftijd: 35 tot 45 jaar;Kerkelijke gezindte: rooms-katholiek;2013;21.0
1294;Leeftijd: 35 tot 45 jaar;Kerkelijke gezindte: rooms-katholiek;2014;20.0
1295;Leeftijd: 35 tot 45 jaar;Kerkelijke gezindte: rooms-katholiek;2015;18.0
1296;Leeftijd: 35 tot 45 jaar;Kerkelijke gezindte: rooms-katholiek;2016;18.0
1297;Leeftijd: 35 tot 45 jaar;Kerkelijke gezindte: rooms-katholiek;2017;20.0
1298;Leeftijd: 35 tot 45 jaar;Kerkelijke gezindte: rooms-katholiek;2018;14.0
1299;Leeftijd: 35 tot 45 jaar;Kerkelijke gezindte: rooms-katholiek;2019;13.0
1300;Leeftijd: 35 tot 45 jaar;Kerkelijke gezindte: rooms-katholiek;2020;14.0
1301;Leeftijd: 35 tot 45 jaar;Kerkelijke gezindte: rooms-katholiek;2021;13.0
1302;Leeftijd: 35 tot 45 jaar;Kerkelijke gezindte: rooms-katholiek;2022;12.0
1303;Leeftijd: 35 tot 45 jaar;Kerkelijke gezindte: rooms-katholiek;2023;11.0
1304;Leeftijd: 35 tot 45 jaar;Kerkelijke gezindte: rooms-katholiek;2024;12.0
1305;Leeftijd: 35 tot 45 jaar;Protestants;2010;
1306;Leeftijd: 35 tot 45 jaar;Protestants;2011;
1307;Leeftijd: 35 tot 45 jaar;Protestants;2012;
1308;Leeftijd: 35 tot 45 jaar;Protestants;2013;
1309;Leeftijd: 35 tot 45 jaar;Protestants;2014;
1310;Leeftijd: 35 tot 45 jaar;Protestants;2015;
1311;Leeftijd: 35 tot 45 jaar;Protestants;2016;
1312;Leeftijd: 35 tot 45 jaar;Protestants;2017;
1313;Leeftijd: 35 tot 45 jaar;Protestants;2018;
1314;Leeftijd: 35 tot 45 jaar;Protestants;2019;11.0
1315;Leeftijd: 35 tot 45 jaar;Protestants;2020;12.0
1316;Leeftijd: 35 tot 45 jaar;Protestants;2021;12.0
1317;Leeftijd: 35 tot 45 jaar;Protestants;2022;11.0
1318;Leeftijd: 35 tot 45 jaar;Protestants;2023;9.0
1319;Leeftijd: 35 tot 45 jaar;Protestants;2024;13.0
1320;Leeftijd: 35 tot 45 jaar;Kerkelijke gezindte: PKN;2010;4.0
1321;Leeftijd: 35 tot 45 jaar;Kerkelijke gezindte: PKN;2011;5.0
1322;Leeftijd: 35 tot 45 jaar;Kerkelijke gezindte: PKN;2012;5.0
1323;Leeftijd: 35 tot 45 jaar;Kerkelijke gezindte: PKN;2013;4.0
1324;Leeftijd: 35 tot 45 jaar;Kerkelijke gezindte: PKN;2014;4.0
1325;Leeftijd: 35 tot 45 jaar;Kerkelijke gezindte: PKN;2015;5.0
1326;Leeftijd: 35 tot 45 jaar;Kerkelijke gezindte: PKN;2016;4.0
1327;Leeftijd: 35 tot 45 jaar;Kerkelijke gezindte: PKN;2017;4.0
1328;Leeftijd: 35 tot 45 jaar;Kerkelijke gezindte: PKN;2018;4.0
1329;Leeftijd: 35 tot 45 jaar;Kerkelijke gezindte: PKN;2019;
1330;Leeftijd: 35 tot 45 jaar;Kerkelijke gezindte: PKN;2020;
1331;Leeftijd: 35 tot 45 jaar;Kerkelijke gezindte: PKN;2021;
1332;Leeftijd: 35 tot 45 jaar;Kerkelijke gezindte: PKN;2022;
1333;Leeftijd: 35 tot 45 jaar;Kerkelijke gezindte: PKN;2023;
1334;Leeftijd: 35 tot 45 jaar;Kerkelijke gezindte: PKN;2024;
1335;Leeftijd: 35 tot 45 jaar;Kerkelijke gezindte: Nederlands hervormd;2010;6.0
1336;Leeftijd: 35 tot 45 jaar;Kerkelijke gezindte: Nederlands hervormd;2011;5.0
1337;Leeftijd: 35 tot 45 jaar;Kerkelijke gezindte: Nederlands hervormd;2012;5.0
1338;Leeftijd: 35 tot 45 jaar;Kerkelijke gezindte: Nederlands hervormd;2013;5.0
1339;Leeftijd: 35 tot 45 jaar;Kerkelijke gezindte: Nederlands hervormd;2014;4.0
1340;Leeftijd: 35 tot 45 jaar;Kerkelijke gezindte: Nederlands hervormd;2015;4.0
1341;Leeftijd: 35 tot 45 jaar;Kerkelijke gezindte: Nederlands hervormd;2016;3.0
1342;Leeftijd: 35 tot 45 jaar;Kerkelijke gezindte: Nederlands hervormd;2017;4.0
1343;Leeftijd: 35 tot 45 jaar;Kerkelijke gezindte: Nederlands hervormd;2018;5.0
1344;Leeftijd: 35 tot 45 jaar;Kerkelijke gezindte: Nederlands hervormd;2019;
1345;Leeftijd: 35 tot 45 jaar;Kerkelijke gezindte: Nederlands hervormd;2020;
1346;Leeftijd: 35 tot 45 jaar;Kerkelijke gezindte: Nederlands hervormd;2021;
1347;Leeftijd: 35 tot 45 jaar;Kerkelijke gezindte: Nederlands hervormd;2022;
1348;Leeftijd: 35 tot 45 jaar;Kerkelijke gezindte: Nederlands hervormd;2023;
1349;Leeftijd: 35 tot 45 jaar;Kerkelijke gezindte: Nederlands hervormd;2024;
1350;Leeftijd: 35 tot 45 jaar;Kerkelijke gezindte: gereformeerd;2010;4.0
1351;Leeftijd: 35 tot 45 jaar;Kerkelijke gezindte: gereformeerd;2011;4.0
1352;Leeftijd: 35 tot 45 jaar;Kerkelijke gezindte: gereformeerd;2012;3.0
1353;Leeftijd: 35 tot 45 jaar;Kerkelijke gezindte: gereformeerd;2013;3.0
1354;Leeftijd: 35 tot 45 jaar;Kerkelijke gezindte: gereformeerd;2014;3.0
1355;Leeftijd: 35 tot 45 jaar;Kerkelijke gezindte: gereformeerd;2015;3.0
1356;Leeftijd: 35 tot 45 jaar;Kerkelijke gezindte: gereformeerd;2016;4.0
1357;Leeftijd: 35 tot 45 jaar;Kerkelijke gezindte: gereformeerd;2017;4.0
1358;Leeftijd: 35 tot 45 jaar;Kerkelijke gezindte: gereformeerd;2018;3.0
1359;Leeftijd: 35 tot 45 jaar;Kerkelijke gezindte: gereformeerd;2019;
1360;Leeftijd: 35 tot 45 jaar;Kerkelijke gezindte: gereformeerd;2020;
1361;Leeftijd: 35 tot 45 jaar;Kerkelijke gezindte: gereformeerd;2021;
1362;Leeftijd: 35 tot 45 jaar;Kerkelijke gezindte: gereformeerd;2022;
1363;Leeftijd: 35 tot 45 jaar;Kerkelijke gezindte: gereformeerd;2023;
1364;Leeftijd: 35 tot 45 jaar;Kerkelijke gezindte: gereformeerd;2024;
1365;Leeftijd: 35 tot 45 jaar;Kerkelijke gezindte: Islam;2010;7.0
1366;Leeftijd: 35 tot 45 jaar;Kerkelijke gezindte: Islam;2011;7.0
1367;Leeftijd: 35 tot 45 jaar;Kerkelijke gezindte: Islam;2012;8.0
1368;Leeftijd: 35 tot 45 jaar;Kerkelijke gezindte: Islam;2013;8.0
1369;Leeftijd: 35 tot 45 jaar;Kerkelijke gezindte: Islam;2014;8.0
1370;Leeftijd: 35 tot 45 jaar;Kerkelijke gezindte: Islam;2015;8.0
1371;Leeftijd: 35 tot 45 jaar;Kerkelijke gezindte: Islam;2016;8.0
1372;Leeftijd: 35 tot 45 jaar;Kerkelijke gezindte: Islam;2017;8.0
1373;Leeftijd: 35 tot 45 jaar;Kerkelijke gezindte: Islam;2018;7.0
1374;Leeftijd: 35 tot 45 jaar;Kerkelijke gezindte: Islam;2019;8.0
1375;Leeftijd: 35 tot 45 jaar;Kerkelijke gezindte: Islam;2020;9.0
1376;Leeftijd: 35 tot 45 jaar;Kerkelijke gezindte: Islam;2021;7.0
1377;Leeftijd: 35 tot 45 jaar;Kerkelijke gezindte: Islam;2022;10.0
1378;Leeftijd: 35 tot 45 jaar;Kerkelijke gezindte: Islam;2023;11.0
1379;Leeftijd: 35 tot 45 jaar;Kerkelijke gezindte: Islam;2024;8.0
1380;Leeftijd: 35 tot 45 jaar;Kerkelijke gezindte: overige;2010;6.0
1381;Leeftijd: 35 tot 45 jaar;Kerkelijke gezindte: overige;2011;6.0
1382;Leeftijd: 35 tot 45 jaar;Kerkelijke gezindte: overige;2012;6.0
1383;Leeftijd: 35 tot 45 jaar;Kerkelijke gezindte: overige;2013;7.0
1384;Leeftijd: 35 tot 45 jaar;Kerkelijke gezindte: overige;2014;7.0
1385;Leeftijd: 35 tot 45 jaar;Kerkelijke gezindte: overige;2015;7.0
1386;Leeftijd: 35 tot 45 jaar;Kerkelijke gezindte: overige;2016;6.0
1387;Leeftijd: 35 tot 45 jaar;Kerkelijke gezindte: overige;2017;7.0
1388;Leeftijd: 35 tot 45 jaar;Kerkelijke gezindte: overige;2018;6.0
1389;Leeftijd: 35 tot 45 jaar;Kerkelijke gezindte: overige;2019;6.0
1390;Leeftijd: 35 tot 45 jaar;Kerkelijke gezindte: overige;2020;4.0
1391;Leeftijd: 35 tot 45 jaar;Kerkelijke gezindte: overige;2021;7.0
1392;Leeftijd: 35 tot 45 jaar;Kerkelijke gezindte: overige;2022;5.0
1393;Leeftijd: 35 tot 45 jaar;Kerkelijke gezindte: overige;2023;6.0
1394;Leeftijd: 35 tot 45 jaar;Kerkelijke gezindte: overige;2024;8.0
1395;Leeftijd: 35 tot 45 jaar;Kerkbezoek: één keer per week of vaker;2010;8.0
1396;Leeftijd: 35 tot 45 jaar;Kerkbezoek: één keer per week of vaker;2011;8.0
1397;Leeftijd: 35 tot 45 jaar;Kerkbezoek: één keer per week of vaker;2012;8.0
1398;Leeftijd: 35 tot 45 jaar;Kerkbezoek: één keer per week of vaker;2013;9.0
1399;Leeftijd: 35 tot 45 jaar;Kerkbezoek: één keer per week of vaker;2014;9.0
1400;Leeftijd: 35 tot 45 jaar;Kerkbezoek: één keer per week of vaker;2015;8.0
1401;Leeftijd: 35 tot 45 jaar;Kerkbezoek: één keer per week of vaker;2016;8.0
1402;Leeftijd: 35 tot 45 jaar;Kerkbezoek: één keer per week of vaker;2017;9.0
1403;Leeftijd: 35 tot 45 jaar;Kerkbezoek: één keer per week of vaker;2018;6.0
1404;Leeftijd: 35 tot 45 jaar;Kerkbezoek: één keer per week of vaker;2019;8.0
1405;Leeftijd: 35 tot 45 jaar;Kerkbezoek: één keer per week of vaker;2020;7.0
1406;Leeftijd: 35 tot 45 jaar;Kerkbezoek: één keer per week of vaker;2021;9.0
1407;Leeftijd: 35 tot 45 jaar;Kerkbezoek: één keer per week of vaker;2022;7.0
1408;Leeftijd: 35 tot 45 jaar;Kerkbezoek: één keer per week of vaker;2023;7.0
1409;Leeftijd: 35 tot 45 jaar;Kerkbezoek: één keer per week of vaker;2024;8.0
1410;Leeftijd: 35 tot 45 jaar;Kerkbezoek: twee tot drie keer per maand;2010;3.0
1411;Leeftijd: 35 tot 45 jaar;Kerkbezoek: twee tot drie keer per maand;2011;3.0
1412;Leeftijd: 35 tot 45 jaar;Kerkbezoek: twee tot drie keer per maand;2012;3.0
1413;Leeftijd: 35 tot 45 jaar;Kerkbezoek: twee tot drie keer per maand;2013;3.0
1414;Leeftijd: 35 tot 45 jaar;Kerkbezoek: twee tot drie keer per maand;2014;3.0
1415;Leeftijd: 35 tot 45 jaar;Kerkbezoek: twee tot drie keer per maand;2015;3.0
1416;Leeftijd: 35 tot 45 jaar;Kerkbezoek: twee tot drie keer per maand;2016;2.0
1417;Leeftijd: 35 tot 45 jaar;Kerkbezoek: twee tot drie keer per maand;2017;3.0
1418;Leeftijd: 35 tot 45 jaar;Kerkbezoek: twee tot drie keer per maand;2018;2.0
1419;Leeftijd: 35 tot 45 jaar;Kerkbezoek: twee tot drie keer per maand;2019;2.0
1420;Leeftijd: 35 tot 45 jaar;Kerkbezoek: twee tot drie keer per maand;2020;2.0
1421;Leeftijd: 35 tot 45 jaar;Kerkbezoek: twee tot drie keer per maand;2021;3.0
1422;Leeftijd: 35 tot 45 jaar;Kerkbezoek: twee tot drie keer per maand;2022;3.0
1423;Leeftijd: 35 tot 45 jaar;Kerkbezoek: twee tot drie keer per maand;2023;2.0
1424;Leeftijd: 35 tot 45 jaar;Kerkbezoek: twee tot drie keer per maand;2024;4.0
1425;Leeftijd: 35 tot 45 jaar;Kerkbezoek: één keer per maand;2010;3.0
1426;Leeftijd: 35 tot 45 jaar;Kerkbezoek: één keer per maand;2011;3.0
1427;Leeftijd: 35 tot 45 jaar;Kerkbezoek: één keer per maand;2012;3.0
1428;Leeftijd: 35 tot 45 jaar;Kerkbezoek: één keer per maand;2013;3.0
1429;Leeftijd: 35 tot 45 jaar;Kerkbezoek: één keer per maand;2014;3.0
1430;Leeftijd: 35 tot 45 jaar;Kerkbezoek: één keer per maand;2015;3.0
1431;Leeftijd: 35 tot 45 jaar;Kerkbezoek: één keer per maand;2016;3.0
1432;Leeftijd: 35 tot 45 jaar;Kerkbezoek: één keer per maand;2017;3.0
1433;Leeftijd: 35 tot 45 jaar;Kerkbezoek: één keer per maand;2018;4.0
1434;Leeftijd: 35 tot 45 jaar;Kerkbezoek: één keer per maand;2019;2.0
1435;Leeftijd: 35 tot 45 jaar;Kerkbezoek: één keer per maand;2020;3.0
1436;Leeftijd: 35 tot 45 jaar;Kerkbezoek: één keer per maand;2021;1.0
1437;Leeftijd: 35 tot 45 jaar;Kerkbezoek: één keer per maand;2022;2.0
1438;Leeftijd: 35 tot 45 jaar;Kerkbezoek: één keer per maand;2023;2.0
1439;Leeftijd: 35 tot 45 jaar;Kerkbezoek: één keer per maand;2024;3.0
1440;Leeftijd: 35 tot 45 jaar;Kerkbezoek: minder dan één keer per mnd;2010;8.0
1441;Leeftijd: 35 tot 45 jaar;Kerkbezoek: minder dan één keer per mnd;2011;7.0
1442;Leeftijd: 35 tot 45 jaar;Kerkbezoek: minder dan één keer per mnd;2012;7.0
1443;Leeftijd: 35 tot 45 jaar;Kerkbezoek: minder dan één keer per mnd;2013;6.0
1444;Leeftijd: 35 tot 45 jaar;Kerkbezoek: minder dan één keer per mnd;2014;6.0
1445;Leeftijd: 35 tot 45 jaar;Kerkbezoek: minder dan één keer per mnd;2015;6.0
1446;Leeftijd: 35 tot 45 jaar;Kerkbezoek: minder dan één keer per mnd;2016;7.0
1447;Leeftijd: 35 tot 45 jaar;Kerkbezoek: minder dan één keer per mnd;2017;8.0
1448;Leeftijd: 35 tot 45 jaar;Kerkbezoek: minder dan één keer per mnd;2018;7.0
1449;Leeftijd: 35 tot 45 jaar;Kerkbezoek: minder dan één keer per mnd;2019;6.0
1450;Leeftijd: 35 tot 45 jaar;Kerkbezoek: minder dan één keer per mnd;2020;4.0
1451;Leeftijd: 35 tot 45 jaar;Kerkbezoek: minder dan één keer per mnd;2021;4.0
1452;Leeftijd: 35 tot 45 jaar;Kerkbezoek: minder dan één keer per mnd;2022;5.0
1453;Leeftijd: 35 tot 45 jaar;Kerkbezoek: minder dan één keer per mnd;2023;4.0
1454;Leeftijd: 35 tot 45 jaar;Kerkbezoek: minder dan één keer per mnd;2024;5.0
1455;Leeftijd: 35 tot 45 jaar;Kerkbezoek: zelden of nooit;2010;78.0
1456;Leeftijd: 35 tot 45 jaar;Kerkbezoek: zelden of nooit;2011;79.0
1457;Leeftijd: 35 tot 45 jaar;Kerkbezoek: zelden of nooit;2012;80.0
1458;Leeftijd: 35 tot 45 jaar;Kerkbezoek: zelden of nooit;2013;80.0
1459;Leeftijd: 35 tot 45 jaar;Kerkbezoek: zelden of nooit;2014;80.0
1460;Leeftijd: 35 tot 45 jaar;Kerkbezoek: zelden of nooit;2015;80.0
1461;Leeftijd: 35 tot 45 jaar;Kerkbezoek: zelden of nooit;2016;80.0
1462;Leeftijd: 35 tot 45 jaar;Kerkbezoek: zelden of nooit;2017;78.0
1463;Leeftijd: 35 tot 45 jaar;Kerkbezoek: zelden of nooit;2018;81.0
1464;Leeftijd: 35 tot 45 jaar;Kerkbezoek: zelden of nooit;2019;82.0
1465;Leeftijd: 35 tot 45 jaar;Kerkbezoek: zelden of nooit;2020;85.0
1466;Leeftijd: 35 tot 45 jaar;Kerkbezoek: zelden of nooit;2021;83.0
1467;Leeftijd: 35 tot 45 jaar;Kerkbezoek: zelden of nooit;2022;83.0
1468;Leeftijd: 35 tot 45 jaar;Kerkbezoek: zelden of nooit;2023;85.0
1469;Leeftijd: 35 tot 45 jaar;Kerkbezoek: zelden of nooit;2024;81.0
1470;Leeftijd: 45 tot 55 jaar;Kerkelijke gezindte: geen;2010;46.0
1471;Leeftijd: 45 tot 55 jaar;Kerkelijke gezindte: geen;2011;48.0
1472;Leeftijd: 45 tot 55 jaar;Kerkelijke gezindte: geen;2012;48.0
1473;Leeftijd: 45 tot 55 jaar;Kerkelijke gezindte: geen;2013;48.0
1474;Leeftijd: 45 tot 55 jaar;Kerkelijke gezindte: geen;2014;51.0
1475;Leeftijd: 45 tot 55 jaar;Kerkelijke gezindte: geen;2015;52.0
1476;Leeftijd: 45 tot 55 jaar;Kerkelijke gezindte: geen;2016;52.0
1477;Leeftijd: 45 tot 55 jaar;Kerkelijke gezindte: geen;2017;51.0
1478;Leeftijd: 45 tot 55 jaar;Kerkelijke gezindte: geen;2018;48.0
1479;Leeftijd: 45 tot 55 jaar;Kerkelijke gezindte: geen;2019;59.0
1480;Leeftijd: 45 tot 55 jaar;Kerkelijke gezindte: geen;2020;55.0
1481;Leeftijd: 45 tot 55 jaar;Kerkelijke gezindte: geen;2021;61.0
1482;Leeftijd: 45 tot 55 jaar;Kerkelijke gezindte: geen;2022;57.0
1483;Leeftijd: 45 tot 55 jaar;Kerkelijke gezindte: geen;2023;59.0
1484;Leeftijd: 45 tot 55 jaar;Kerkelijke gezindte: geen;2024;57.0
1485;Leeftijd: 45 tot 55 jaar;Kerkelijke gezindte totaal;2010;54.0
1486;Leeftijd: 45 tot 55 jaar;Kerkelijke gezindte totaal;2011;52.0
1487;Leeftijd: 45 tot 55 jaar;Kerkelijke gezindte totaal;2012;52.0
1488;Leeftijd: 45 tot 55 jaar;Kerkelijke gezindte totaal;2013;53.0
1489;Leeftijd: 45 tot 55 jaar;Kerkelijke gezindte totaal;2014;49.0
1490;Leeftijd: 45 tot 55 jaar;Kerkelijke gezindte totaal;2015;48.0
1491;Leeftijd: 45 tot 55 jaar;Kerkelijke gezindte totaal;2016;48.0
1492;Leeftijd: 45 tot 55 jaar;Kerkelijke gezindte totaal;2017;49.0
1493;Leeftijd: 45 tot 55 jaar;Kerkelijke gezindte totaal;2018;52.0
1494;Leeftijd: 45 tot 55 jaar;Kerkelijke gezindte totaal;2019;41.0
1495;Leeftijd: 45 tot 55 jaar;Kerkelijke gezindte totaal;2020;45.0
1496;Leeftijd: 45 tot 55 jaar;Kerkelijke gezindte totaal;2021;39.0
1497;Leeftijd: 45 tot 55 jaar;Kerkelijke gezindte totaal;2022;43.0
1498;Leeftijd: 45 tot 55 jaar;Kerkelijke gezindte totaal;2023;41.0
1499;Leeftijd: 45 tot 55 jaar;Kerkelijke gezindte totaal;2024;43.0
1500;Leeftijd: 45 tot 55 jaar;Kerkelijke gezindte: rooms-katholiek;2010;28.0
1501;Leeftijd: 45 tot 55 jaar;Kerkelijke gezindte: rooms-katholiek;2011;27.0
1502;Leeftijd: 45 tot 55 jaar;Kerkelijke gezindte: rooms-katholiek;2012;27.0
1503;Leeftijd: 45 tot 55 jaar;Kerkelijke gezindte: rooms-katholiek;2013;28.0
1504;Leeftijd: 45 tot 55 jaar;Kerkelijke gezindte: rooms-katholiek;2014;25.0
1505;Leeftijd: 45 tot 55 jaar;Kerkelijke gezindte: rooms-katholiek;2015;24.0
1506;Leeftijd: 45 tot 55 jaar;Kerkelijke gezindte: rooms-katholiek;2016;25.0
1507;Leeftijd: 45 tot 55 jaar;Kerkelijke gezindte: rooms-katholiek;2017;27.0
1508;Leeftijd: 45 tot 55 jaar;Kerkelijke gezindte: rooms-katholiek;2018;25.0
1509;Leeftijd: 45 tot 55 jaar;Kerkelijke gezindte: rooms-katholiek;2019;18.0
1510;Leeftijd: 45 tot 55 jaar;Kerkelijke gezindte: rooms-katholiek;2020;21.0
1511;Leeftijd: 45 tot 55 jaar;Kerkelijke gezindte: rooms-katholiek;2021;17.0
1512;Leeftijd: 45 tot 55 jaar;Kerkelijke gezindte: rooms-katholiek;2022;19.0
1513;Leeftijd: 45 tot 55 jaar;Kerkelijke gezindte: rooms-katholiek;2023;17.0
1514;Leeftijd: 45 tot 55 jaar;Kerkelijke gezindte: rooms-katholiek;2024;16.0
1515;Leeftijd: 45 tot 55 jaar;Protestants;2010;
1516;Leeftijd: 45 tot 55 jaar;Protestants;2011;
1517;Leeftijd: 45 tot 55 jaar;Protestants;2012;
1518;Leeftijd: 45 tot 55 jaar;Protestants;2013;
1519;Leeftijd: 45 tot 55 jaar;Protestants;2014;
1520;Leeftijd: 45 tot 55 jaar;Protestants;2015;
1521;Leeftijd: 45 tot 55 jaar;Protestants;2016;
1522;Leeftijd: 45 tot 55 jaar;Protestants;2017;
1523;Leeftijd: 45 tot 55 jaar;Protestants;2018;
1524;Leeftijd: 45 tot 55 jaar;Protestants;2019;12.0
1525;Leeftijd: 45 tot 55 jaar;Protestants;2020;12.0
1526;Leeftijd: 45 tot 55 jaar;Protestants;2021;12.0
1527;Leeftijd: 45 tot 55 jaar;Protestants;2022;13.0
1528;Leeftijd: 45 tot 55 jaar;Protestants;2023;12.0
1529;Leeftijd: 45 tot 55 jaar;Protestants;2024;13.0
1530;Leeftijd: 45 tot 55 jaar;Kerkelijke gezindte: PKN;2010;5.0
1531;Leeftijd: 45 tot 55 jaar;Kerkelijke gezindte: PKN;2011;5.0
1532;Leeftijd: 45 tot 55 jaar;Kerkelijke gezindte: PKN;2012;5.0
1533;Leeftijd: 45 tot 55 jaar;Kerkelijke gezindte: PKN;2013;5.0
1534;Leeftijd: 45 tot 55 jaar;Kerkelijke gezindte: PKN;2014;5.0
1535;Leeftijd: 45 tot 55 jaar;Kerkelijke gezindte: PKN;2015;5.0
1536;Leeftijd: 45 tot 55 jaar;Kerkelijke gezindte: PKN;2016;5.0
1537;Leeftijd: 45 tot 55 jaar;Kerkelijke gezindte: PKN;2017;5.0
1538;Leeftijd: 45 tot 55 jaar;Kerkelijke gezindte: PKN;2018;8.0
1539;Leeftijd: 45 tot 55 jaar;Kerkelijke gezindte: PKN;2019;
1540;Leeftijd: 45 tot 55 jaar;Kerkelijke gezindte: PKN;2020;
1541;Leeftijd: 45 tot 55 jaar;Kerkelijke gezindte: PKN;2021;
1542;Leeftijd: 45 tot 55 jaar;Kerkelijke gezindte: PKN;2022;
1543;Leeftijd: 45 tot 55 jaar;Kerkelijke gezindte: PKN;2023;
1544;Leeftijd: 45 tot 55 jaar;Kerkelijke gezindte: PKN;2024;
1545;Leeftijd: 45 tot 55 jaar;Kerkelijke gezindte: Nederlands hervormd;2010;7.0
1546;Leeftijd: 45 tot 55 jaar;Kerkelijke gezindte: Nederlands hervormd;2011;6.0
1547;Leeftijd: 45 tot 55 jaar;Kerkelijke gezindte: Nederlands hervormd;2012;7.0
1548;Leeftijd: 45 tot 55 jaar;Kerkelijke gezindte: Nederlands hervormd;2013;7.0
1549;Leeftijd: 45 tot 55 jaar;Kerkelijke gezindte: Nederlands hervormd;2014;6.0
1550;Leeftijd: 45 tot 55 jaar;Kerkelijke gezindte: Nederlands hervormd;2015;5.0
1551;Leeftijd: 45 tot 55 jaar;Kerkelijke gezindte: Nederlands hervormd;2016;5.0
1552;Leeftijd: 45 tot 55 jaar;Kerkelijke gezindte: Nederlands hervormd;2017;6.0
1553;Leeftijd: 45 tot 55 jaar;Kerkelijke gezindte: Nederlands hervormd;2018;8.0
1554;Leeftijd: 45 tot 55 jaar;Kerkelijke gezindte: Nederlands hervormd;2019;
1555;Leeftijd: 45 tot 55 jaar;Kerkelijke gezindte: Nederlands hervormd;2020;
1556;Leeftijd: 45 tot 55 jaar;Kerkelijke gezindte: Nederlands hervormd;2021;
1557;Leeftijd: 45 tot 55 jaar;Kerkelijke gezindte: Nederlands hervormd;2022;
1558;Leeftijd: 45 tot 55 jaar;Kerkelijke gezindte: Nederlands hervormd;2023;
1559;Leeftijd: 45 tot 55 jaar;Kerkelijke gezindte: Nederlands hervormd;2024;
1560;Leeftijd: 45 tot 55 jaar;Kerkelijke gezindte: gereformeerd;2010;4.0
1561;Leeftijd: 45 tot 55 jaar;Kerkelijke gezindte: gereformeerd;2011;3.0
1562;Leeftijd: 45 tot 55 jaar;Kerkelijke gezindte: gereformeerd;2012;3.0
1563;Leeftijd: 45 tot 55 jaar;Kerkelijke gezindte: gereformeerd;2013;3.0
1564;Leeftijd: 45 tot 55 jaar;Kerkelijke gezindte: gereformeerd;2014;3.0
1565;Leeftijd: 45 tot 55 jaar;Kerkelijke gezindte: gereformeerd;2015;3.0
1566;Leeftijd: 45 tot 55 jaar;Kerkelijke gezindte: gereformeerd;2016;3.0
1567;Leeftijd: 45 tot 55 jaar;Kerkelijke gezindte: gereformeerd;2017;2.0
1568;Leeftijd: 45 tot 55 jaar;Kerkelijke gezindte: gereformeerd;2018;2.0
1569;Leeftijd: 45 tot 55 jaar;Kerkelijke gezindte: gereformeerd;2019;
1570;Leeftijd: 45 tot 55 jaar;Kerkelijke gezindte: gereformeerd;2020;
1571;Leeftijd: 45 tot 55 jaar;Kerkelijke gezindte: gereformeerd;2021;
1572;Leeftijd: 45 tot 55 jaar;Kerkelijke gezindte: gereformeerd;2022;
1573;Leeftijd: 45 tot 55 jaar;Kerkelijke gezindte: gereformeerd;2023;
1574;Leeftijd: 45 tot 55 jaar;Kerkelijke gezindte: gereformeerd;2024;
1575;Leeftijd: 45 tot 55 jaar;Kerkelijke gezindte: Islam;2010;4.0
1576;Leeftijd: 45 tot 55 jaar;Kerkelijke gezindte: Islam;2011;5.0
1577;Leeftijd: 45 tot 55 jaar;Kerkelijke gezindte: Islam;2012;4.0
1578;Leeftijd: 45 tot 55 jaar;Kerkelijke gezindte: Islam;2013;5.0
1579;Leeftijd: 45 tot 55 jaar;Kerkelijke gezindte: Islam;2014;5.0
1580;Leeftijd: 45 tot 55 jaar;Kerkelijke gezindte: Islam;2015;5.0
1581;Leeftijd: 45 tot 55 jaar;Kerkelijke gezindte: Islam;2016;5.0
1582;Leeftijd: 45 tot 55 jaar;Kerkelijke gezindte: Islam;2017;5.0
1583;Leeftijd: 45 tot 55 jaar;Kerkelijke gezindte: Islam;2018;4.0
1584;Leeftijd: 45 tot 55 jaar;Kerkelijke gezindte: Islam;2019;5.0
1585;Leeftijd: 45 tot 55 jaar;Kerkelijke gezindte: Islam;2020;5.0
1586;Leeftijd: 45 tot 55 jaar;Kerkelijke gezindte: Islam;2021;3.0
1587;Leeftijd: 45 tot 55 jaar;Kerkelijke gezindte: Islam;2022;5.0
1588;Leeftijd: 45 tot 55 jaar;Kerkelijke gezindte: Islam;2023;6.0
1589;Leeftijd: 45 tot 55 jaar;Kerkelijke gezindte: Islam;2024;7.0
1590;Leeftijd: 45 tot 55 jaar;Kerkelijke gezindte: overige;2010;5.0
1591;Leeftijd: 45 tot 55 jaar;Kerkelijke gezindte: overige;2011;5.0
1592;Leeftijd: 45 tot 55 jaar;Kerkelijke gezindte: overige;2012;5.0
1593;Leeftijd: 45 tot 55 jaar;Kerkelijke gezindte: overige;2013;6.0
1594;Leeftijd: 45 tot 55 jaar;Kerkelijke gezindte: overige;2014;6.0
1595;Leeftijd: 45 tot 55 jaar;Kerkelijke gezindte: overige;2015;6.0
1596;Leeftijd: 45 tot 55 jaar;Kerkelijke gezindte: overige;2016;5.0
1597;Leeftijd: 45 tot 55 jaar;Kerkelijke gezindte: overige;2017;5.0
1598;Leeftijd: 45 tot 55 jaar;Kerkelijke gezindte: overige;2018;6.0
1599;Leeftijd: 45 tot 55 jaar;Kerkelijke gezindte: overige;2019;6.0
1600;Leeftijd: 45 tot 55 jaar;Kerkelijke gezindte: overige;2020;6.0
1601;Leeftijd: 45 tot 55 jaar;Kerkelijke gezindte: overige;2021;7.0
1602;Leeftijd: 45 tot 55 jaar;Kerkelijke gezindte: overige;2022;6.0
1603;Leeftijd: 45 tot 55 jaar;Kerkelijke gezindte: overige;2023;6.0
1604;Leeftijd: 45 tot 55 jaar;Kerkelijke gezindte: overige;2024;7.0
1605;Leeftijd: 45 tot 55 jaar;Kerkbezoek: één keer per week of vaker;2010;8.0
1606;Leeftijd: 45 tot 55 jaar;Kerkbezoek: één keer per week of vaker;2011;9.0
1607;Leeftijd: 45 tot 55 jaar;Kerkbezoek: één keer per week of vaker;2012;9.0
1608;Leeftijd: 45 tot 55 jaar;Kerkbezoek: één keer per week of vaker;2013;8.0
1609;Leeftijd: 45 tot 55 jaar;Kerkbezoek: één keer per week of vaker;2014;8.0
1610;Leeftijd: 45 tot 55 jaar;Kerkbezoek: één keer per week of vaker;2015;8.0
1611;Leeftijd: 45 tot 55 jaar;Kerkbezoek: één keer per week of vaker;2016;7.0
1612;Leeftijd: 45 tot 55 jaar;Kerkbezoek: één keer per week of vaker;2017;8.0
1613;Leeftijd: 45 tot 55 jaar;Kerkbezoek: één keer per week of vaker;2018;9.0
1614;Leeftijd: 45 tot 55 jaar;Kerkbezoek: één keer per week of vaker;2019;8.0
1615;Leeftijd: 45 tot 55 jaar;Kerkbezoek: één keer per week of vaker;2020;7.0
1616;Leeftijd: 45 tot 55 jaar;Kerkbezoek: één keer per week of vaker;2021;7.0
1617;Leeftijd: 45 tot 55 jaar;Kerkbezoek: één keer per week of vaker;2022;5.0
1618;Leeftijd: 45 tot 55 jaar;Kerkbezoek: één keer per week of vaker;2023;7.0
1619;Leeftijd: 45 tot 55 jaar;Kerkbezoek: één keer per week of vaker;2024;9.0
1620;Leeftijd: 45 tot 55 jaar;Kerkbezoek: twee tot drie keer per maand;2010;4.0
1621;Leeftijd: 45 tot 55 jaar;Kerkbezoek: twee tot drie keer per maand;2011;3.0
1622;Leeftijd: 45 tot 55 jaar;Kerkbezoek: twee tot drie keer per maand;2012;3.0
1623;Leeftijd: 45 tot 55 jaar;Kerkbezoek: twee tot drie keer per maand;2013;3.0
1624;Leeftijd: 45 tot 55 jaar;Kerkbezoek: twee tot drie keer per maand;2014;3.0
1625;Leeftijd: 45 tot 55 jaar;Kerkbezoek: twee tot drie keer per maand;2015;3.0
1626;Leeftijd: 45 tot 55 jaar;Kerkbezoek: twee tot drie keer per maand;2016;3.0
1627;Leeftijd: 45 tot 55 jaar;Kerkbezoek: twee tot drie keer per maand;2017;2.0
1628;Leeftijd: 45 tot 55 jaar;Kerkbezoek: twee tot drie keer per maand;2018;3.0
1629;Leeftijd: 45 tot 55 jaar;Kerkbezoek: twee tot drie keer per maand;2019;2.0
1630;Leeftijd: 45 tot 55 jaar;Kerkbezoek: twee tot drie keer per maand;2020;2.0
1631;Leeftijd: 45 tot 55 jaar;Kerkbezoek: twee tot drie keer per maand;2021;2.0
1632;Leeftijd: 45 tot 55 jaar;Kerkbezoek: twee tot drie keer per maand;2022;3.0
1633;Leeftijd: 45 tot 55 jaar;Kerkbezoek: twee tot drie keer per maand;2023;3.0
1634;Leeftijd: 45 tot 55 jaar;Kerkbezoek: twee tot drie keer per maand;2024;3.0
1635;Leeftijd: 45 tot 55 jaar;Kerkbezoek: één keer per maand;2010;4.0
1636;Leeftijd: 45 tot 55 jaar;Kerkbezoek: één keer per maand;2011;3.0
1637;Leeftijd: 45 tot 55 jaar;Kerkbezoek: één keer per maand;2012;3.0
1638;Leeftijd: 45 tot 55 jaar;Kerkbezoek: één keer per maand;2013;3.0
1639;Leeftijd: 45 tot 55 jaar;Kerkbezoek: één keer per maand;2014;3.0
1640;Leeftijd: 45 tot 55 jaar;Kerkbezoek: één keer per maand;2015;3.0
1641;Leeftijd: 45 tot 55 jaar;Kerkbezoek: één keer per maand;2016;2.0
1642;Leeftijd: 45 tot 55 jaar;Kerkbezoek: één keer per maand;2017;1.0
1643;Leeftijd: 45 tot 55 jaar;Kerkbezoek: één keer per maand;2018;2.0
1644;Leeftijd: 45 tot 55 jaar;Kerkbezoek: één keer per maand;2019;2.0
1645;Leeftijd: 45 tot 55 jaar;Kerkbezoek: één keer per maand;2020;1.0
1646;Leeftijd: 45 tot 55 jaar;Kerkbezoek: één keer per maand;2021;2.0
1647;Leeftijd: 45 tot 55 jaar;Kerkbezoek: één keer per maand;2022;2.0
1648;Leeftijd: 45 tot 55 jaar;Kerkbezoek: één keer per maand;2023;2.0
1649;Leeftijd: 45 tot 55 jaar;Kerkbezoek: één keer per maand;2024;1.0
1650;Leeftijd: 45 tot 55 jaar;Kerkbezoek: minder dan één keer per mnd;2010;8.0
1651;Leeftijd: 45 tot 55 jaar;Kerkbezoek: minder dan één keer per mnd;2011;8.0
1652;Leeftijd: 45 tot 55 jaar;Kerkbezoek: minder dan één keer per mnd;2012;7.0
1653;Leeftijd: 45 tot 55 jaar;Kerkbezoek: minder dan één keer per mnd;2013;7.0
1654;Leeftijd: 45 tot 55 jaar;Kerkbezoek: minder dan één keer per mnd;2014;7.0
1655;Leeftijd: 45 tot 55 jaar;Kerkbezoek: minder dan één keer per mnd;2015;6.0
1656;Leeftijd: 45 tot 55 jaar;Kerkbezoek: minder dan één keer per mnd;2016;6.0
1657;Leeftijd: 45 tot 55 jaar;Kerkbezoek: minder dan één keer per mnd;2017;6.0
1658;Leeftijd: 45 tot 55 jaar;Kerkbezoek: minder dan één keer per mnd;2018;7.0
1659;Leeftijd: 45 tot 55 jaar;Kerkbezoek: minder dan één keer per mnd;2019;4.0
1660;Leeftijd: 45 tot 55 jaar;Kerkbezoek: minder dan één keer per mnd;2020;5.0
1661;Leeftijd: 45 tot 55 jaar;Kerkbezoek: minder dan één keer per mnd;2021;4.0
1662;Leeftijd: 45 tot 55 jaar;Kerkbezoek: minder dan één keer per mnd;2022;5.0
1663;Leeftijd: 45 tot 55 jaar;Kerkbezoek: minder dan één keer per mnd;2023;5.0
1664;Leeftijd: 45 tot 55 jaar;Kerkbezoek: minder dan één keer per mnd;2024;6.0
1665;Leeftijd: 45 tot 55 jaar;Kerkbezoek: zelden of nooit;2010;77.0
1666;Leeftijd: 45 tot 55 jaar;Kerkbezoek: zelden of nooit;2011;78.0
1667;Leeftijd: 45 tot 55 jaar;Kerkbezoek: zelden of nooit;2012;78.0
1668;Leeftijd: 45 tot 55 jaar;Kerkbezoek: zelden of nooit;2013;79.0
1669;Leeftijd: 45 tot 55 jaar;Kerkbezoek: zelden of nooit;2014;79.0
1670;Leeftijd: 45 tot 55 jaar;Kerkbezoek: zelden of nooit;2015;81.0
1671;Leeftijd: 45 tot 55 jaar;Kerkbezoek: zelden of nooit;2016;83.0
1672;Leeftijd: 45 tot 55 jaar;Kerkbezoek: zelden of nooit;2017;83.0
1673;Leeftijd: 45 tot 55 jaar;Kerkbezoek: zelden of nooit;2018;79.0
1674;Leeftijd: 45 tot 55 jaar;Kerkbezoek: zelden of nooit;2019;85.0
1675;Leeftijd: 45 tot 55 jaar;Kerkbezoek: zelden of nooit;2020;85.0
1676;Leeftijd: 45 tot 55 jaar;Kerkbezoek: zelden of nooit;2021;86.0
1677;Leeftijd: 45 tot 55 jaar;Kerkbezoek: zelden of nooit;2022;84.0
1678;Leeftijd: 45 tot 55 jaar;Kerkbezoek: zelden of nooit;2023;84.0
1679;Leeftijd: 45 tot 55 jaar;Kerkbezoek: zelden of nooit;2024;81.0
1680;Leeftijd: 55 tot 65 jaar;Kerkelijke gezindte: geen;2010;43.0
1681;Leeftijd: 55 tot 65 jaar;Kerkelijke gezindte: geen;2011;43.0
1682;Leeftijd: 55 tot 65 jaar;Kerkelijke gezindte: geen;2012;45.0
1683;Leeftijd: 55 tot 65 jaar;Kerkelijke gezindte: geen;2013;43.0
1684;Leeftijd: 55 tot 65 jaar;Kerkelijke gezindte: geen;2014;46.0
1685;Leeftijd: 55 tot 65 jaar;Kerkelijke gezindte: geen;2015;47.0
1686;Leeftijd: 55 tot 65 jaar;Kerkelijke gezindte: geen;2016;42.0
1687;Leeftijd: 55 tot 65 jaar;Kerkelijke gezindte: geen;2017;48.0
1688;Leeftijd: 55 tot 65 jaar;Kerkelijke gezindte: geen;2018;48.0
1689;Leeftijd: 55 tot 65 jaar;Kerkelijke gezindte: geen;2019;47.0
1690;Leeftijd: 55 tot 65 jaar;Kerkelijke gezindte: geen;2020;49.0
1691;Leeftijd: 55 tot 65 jaar;Kerkelijke gezindte: geen;2021;54.0
1692;Leeftijd: 55 tot 65 jaar;Kerkelijke gezindte: geen;2022;54.0
1693;Leeftijd: 55 tot 65 jaar;Kerkelijke gezindte: geen;2023;55.0
1694;Leeftijd: 55 tot 65 jaar;Kerkelijke gezindte: geen;2024;52.0
1695;Leeftijd: 55 tot 65 jaar;Kerkelijke gezindte totaal;2010;57.0
1696;Leeftijd: 55 tot 65 jaar;Kerkelijke gezindte totaal;2011;57.0
1697;Leeftijd: 55 tot 65 jaar;Kerkelijke gezindte totaal;2012;55.0
1698;Leeftijd: 55 tot 65 jaar;Kerkelijke gezindte totaal;2013;57.0
1699;Leeftijd: 55 tot 65 jaar;Kerkelijke gezindte totaal;2014;54.0
1700;Leeftijd: 55 tot 65 jaar;Kerkelijke gezindte totaal;2015;53.0
1701;Leeftijd: 55 tot 65 jaar;Kerkelijke gezindte totaal;2016;58.0
1702;Leeftijd: 55 tot 65 jaar;Kerkelijke gezindte totaal;2017;52.0
1703;Leeftijd: 55 tot 65 jaar;Kerkelijke gezindte totaal;2018;52.0
1704;Leeftijd: 55 tot 65 jaar;Kerkelijke gezindte totaal;2019;53.0
1705;Leeftijd: 55 tot 65 jaar;Kerkelijke gezindte totaal;2020;51.0
1706;Leeftijd: 55 tot 65 jaar;Kerkelijke gezindte totaal;2021;46.0
1707;Leeftijd: 55 tot 65 jaar;Kerkelijke gezindte totaal;2022;46.0
1708;Leeftijd: 55 tot 65 jaar;Kerkelijke gezindte totaal;2023;45.0
1709;Leeftijd: 55 tot 65 jaar;Kerkelijke gezindte totaal;2024;48.0
1710;Leeftijd: 55 tot 65 jaar;Kerkelijke gezindte: rooms-katholiek;2010;31.0
1711;Leeftijd: 55 tot 65 jaar;Kerkelijke gezindte: rooms-katholiek;2011;31.0
1712;Leeftijd: 55 tot 65 jaar;Kerkelijke gezindte: rooms-katholiek;2012;30.0
1713;Leeftijd: 55 tot 65 jaar;Kerkelijke gezindte: rooms-katholiek;2013;31.0
1714;Leeftijd: 55 tot 65 jaar;Kerkelijke gezindte: rooms-katholiek;2014;29.0
1715;Leeftijd: 55 tot 65 jaar;Kerkelijke gezindte: rooms-katholiek;2015;28.0
1716;Leeftijd: 55 tot 65 jaar;Kerkelijke gezindte: rooms-katholiek;2016;32.0
1717;Leeftijd: 55 tot 65 jaar;Kerkelijke gezindte: rooms-katholiek;2017;28.0
1718;Leeftijd: 55 tot 65 jaar;Kerkelijke gezindte: rooms-katholiek;2018;31.0
1719;Leeftijd: 55 tot 65 jaar;Kerkelijke gezindte: rooms-katholiek;2019;27.0
1720;Leeftijd: 55 tot 65 jaar;Kerkelijke gezindte: rooms-katholiek;2020;26.0
1721;Leeftijd: 55 tot 65 jaar;Kerkelijke gezindte: rooms-katholiek;2021;23.0
1722;Leeftijd: 55 tot 65 jaar;Kerkelijke gezindte: rooms-katholiek;2022;24.0
1723;Leeftijd: 55 tot 65 jaar;Kerkelijke gezindte: rooms-katholiek;2023;22.0
1724;Leeftijd: 55 tot 65 jaar;Kerkelijke gezindte: rooms-katholiek;2024;21.0
1725;Leeftijd: 55 tot 65 jaar;Protestants;2010;
1726;Leeftijd: 55 tot 65 jaar;Protestants;2011;
1727;Leeftijd: 55 tot 65 jaar;Protestants;2012;
1728;Leeftijd: 55 tot 65 jaar;Protestants;2013;
1729;Leeftijd: 55 tot 65 jaar;Protestants;2014;
1730;Leeftijd: 55 tot 65 jaar;Protestants;2015;
1731;Leeftijd: 55 tot 65 jaar;Protestants;2016;
1732;Leeftijd: 55 tot 65 jaar;Protestants;2017;
1733;Leeftijd: 55 tot 65 jaar;Protestants;2018;
1734;Leeftijd: 55 tot 65 jaar;Protestants;2019;17.0
1735;Leeftijd: 55 tot 65 jaar;Protestants;2020;16.0
1736;Leeftijd: 55 tot 65 jaar;Protestants;2021;13.0
1737;Leeftijd: 55 tot 65 jaar;Protestants;2022;13.0
1738;Leeftijd: 55 tot 65 jaar;Protestants;2023;13.0
1739;Leeftijd: 55 tot 65 jaar;Protestants;2024;15.0
1740;Leeftijd: 55 tot 65 jaar;Kerkelijke gezindte: PKN;2010;7.0
1741;Leeftijd: 55 tot 65 jaar;Kerkelijke gezindte: PKN;2011;7.0
1742;Leeftijd: 55 tot 65 jaar;Kerkelijke gezindte: PKN;2012;6.0
1743;Leeftijd: 55 tot 65 jaar;Kerkelijke gezindte: PKN;2013;6.0
1744;Leeftijd: 55 tot 65 jaar;Kerkelijke gezindte: PKN;2014;6.0
1745;Leeftijd: 55 tot 65 jaar;Kerkelijke gezindte: PKN;2015;6.0
1746;Leeftijd: 55 tot 65 jaar;Kerkelijke gezindte: PKN;2016;6.0
1747;Leeftijd: 55 tot 65 jaar;Kerkelijke gezindte: PKN;2017;6.0
1748;Leeftijd: 55 tot 65 jaar;Kerkelijke gezindte: PKN;2018;5.0
1749;Leeftijd: 55 tot 65 jaar;Kerkelijke gezindte: PKN;2019;
1750;Leeftijd: 55 tot 65 jaar;Kerkelijke gezindte: PKN;2020;
1751;Leeftijd: 55 tot 65 jaar;Kerkelijke gezindte: PKN;2021;
1752;Leeftijd: 55 tot 65 jaar;Kerkelijke gezindte: PKN;2022;
1753;Leeftijd: 55 tot 65 jaar;Kerkelijke gezindte: PKN;2023;
1754;Leeftijd: 55 tot 65 jaar;Kerkelijke gezindte: PKN;2024;
1755;Leeftijd: 55 tot 65 jaar;Kerkelijke gezindte: Nederlands hervormd;2010;10.0
1756;Leeftijd: 55 tot 65 jaar;Kerkelijke gezindte: Nederlands hervormd;2011;9.0
1757;Leeftijd: 55 tot 65 jaar;Kerkelijke gezindte: Nederlands hervormd;2012;9.0
1758;Leeftijd: 55 tot 65 jaar;Kerkelijke gezindte: Nederlands hervormd;2013;9.0
1759;Leeftijd: 55 tot 65 jaar;Kerkelijke gezindte: Nederlands hervormd;2014;8.0
1760;Leeftijd: 55 tot 65 jaar;Kerkelijke gezindte: Nederlands hervormd;2015;8.0
1761;Leeftijd: 55 tot 65 jaar;Kerkelijke gezindte: Nederlands hervormd;2016;9.0
1762;Leeftijd: 55 tot 65 jaar;Kerkelijke gezindte: Nederlands hervormd;2017;8.0
1763;Leeftijd: 55 tot 65 jaar;Kerkelijke gezindte: Nederlands hervormd;2018;7.0
1764;Leeftijd: 55 tot 65 jaar;Kerkelijke gezindte: Nederlands hervormd;2019;
1765;Leeftijd: 55 tot 65 jaar;Kerkelijke gezindte: Nederlands hervormd;2020;
1766;Leeftijd: 55 tot 65 jaar;Kerkelijke gezindte: Nederlands hervormd;2021;
1767;Leeftijd: 55 tot 65 jaar;Kerkelijke gezindte: Nederlands hervormd;2022;
1768;Leeftijd: 55 tot 65 jaar;Kerkelijke gezindte: Nederlands hervormd;2023;
1769;Leeftijd: 55 tot 65 jaar;Kerkelijke gezindte: Nederlands hervormd;2024;
1770;Leeftijd: 55 tot 65 jaar;Kerkelijke gezindte: gereformeerd;2010;3.0
1771;Leeftijd: 55 tot 65 jaar;Kerkelijke gezindte: gereformeerd;2011;3.0
1772;Leeftijd: 55 tot 65 jaar;Kerkelijke gezindte: gereformeerd;2012;3.0
1773;Leeftijd: 55 tot 65 jaar;Kerkelijke gezindte: gereformeerd;2013;3.0
1774;Leeftijd: 55 tot 65 jaar;Kerkelijke gezindte: gereformeerd;2014;3.0
1775;Leeftijd: 55 tot 65 jaar;Kerkelijke gezindte: gereformeerd;2015;3.0
1776;Leeftijd: 55 tot 65 jaar;Kerkelijke gezindte: gereformeerd;2016;4.0
1777;Leeftijd: 55 tot 65 jaar;Kerkelijke gezindte: gereformeerd;2017;3.0
1778;Leeftijd: 55 tot 65 jaar;Kerkelijke gezindte: gereformeerd;2018;4.0
1779;Leeftijd: 55 tot 65 jaar;Kerkelijke gezindte: gereformeerd;2019;
1780;Leeftijd: 55 tot 65 jaar;Kerkelijke gezindte: gereformeerd;2020;
1781;Leeftijd: 55 tot 65 jaar;Kerkelijke gezindte: gereformeerd;2021;
1782;Leeftijd: 55 tot 65 jaar;Kerkelijke gezindte: gereformeerd;2022;
1783;Leeftijd: 55 tot 65 jaar;Kerkelijke gezindte: gereformeerd;2023;
1784;Leeftijd: 55 tot 65 jaar;Kerkelijke gezindte: gereformeerd;2024;
1785;Leeftijd: 55 tot 65 jaar;Kerkelijke gezindte: Islam;2010;2.0
1786;Leeftijd: 55 tot 65 jaar;Kerkelijke gezindte: Islam;2011;2.0
1787;Leeftijd: 55 tot 65 jaar;Kerkelijke gezindte: Islam;2012;2.0
1788;Leeftijd: 55 tot 65 jaar;Kerkelijke gezindte: Islam;2013;2.0
1789;Leeftijd: 55 tot 65 jaar;Kerkelijke gezindte: Islam;2014;2.0
1790;Leeftijd: 55 tot 65 jaar;Kerkelijke gezindte: Islam;2015;2.0
1791;Leeftijd: 55 tot 65 jaar;Kerkelijke gezindte: Islam;2016;2.0
1792;Leeftijd: 55 tot 65 jaar;Kerkelijke gezindte: Islam;2017;2.0
1793;Leeftijd: 55 tot 65 jaar;Kerkelijke gezindte: Islam;2018;2.0
1794;Leeftijd: 55 tot 65 jaar;Kerkelijke gezindte: Islam;2019;2.0
1795;Leeftijd: 55 tot 65 jaar;Kerkelijke gezindte: Islam;2020;3.0
1796;Leeftijd: 55 tot 65 jaar;Kerkelijke gezindte: Islam;2021;3.0
1797;Leeftijd: 55 tot 65 jaar;Kerkelijke gezindte: Islam;2022;3.0
1798;Leeftijd: 55 tot 65 jaar;Kerkelijke gezindte: Islam;2023;3.0
1799;Leeftijd: 55 tot 65 jaar;Kerkelijke gezindte: Islam;2024;4.0
1800;Leeftijd: 55 tot 65 jaar;Kerkelijke gezindte: overige;2010;5.0
1801;Leeftijd: 55 tot 65 jaar;Kerkelijke gezindte: overige;2011;5.0
1802;Leeftijd: 55 tot 65 jaar;Kerkelijke gezindte: overige;2012;5.0
1803;Leeftijd: 55 tot 65 jaar;Kerkelijke gezindte: overige;2013;6.0
1804;Leeftijd: 55 tot 65 jaar;Kerkelijke gezindte: overige;2014;6.0
1805;Leeftijd: 55 tot 65 jaar;Kerkelijke gezindte: overige;2015;6.0
1806;Leeftijd: 55 tot 65 jaar;Kerkelijke gezindte: overige;2016;6.0
1807;Leeftijd: 55 tot 65 jaar;Kerkelijke gezindte: overige;2017;5.0
1808;Leeftijd: 55 tot 65 jaar;Kerkelijke gezindte: overige;2018;4.0
1809;Leeftijd: 55 tot 65 jaar;Kerkelijke gezindte: overige;2019;6.0
1810;Leeftijd: 55 tot 65 jaar;Kerkelijke gezindte: overige;2020;5.0
1811;Leeftijd: 55 tot 65 jaar;Kerkelijke gezindte: overige;2021;6.0
1812;Leeftijd: 55 tot 65 jaar;Kerkelijke gezindte: overige;2022;7.0
1813;Leeftijd: 55 tot 65 jaar;Kerkelijke gezindte: overige;2023;7.0
1814;Leeftijd: 55 tot 65 jaar;Kerkelijke gezindte: overige;2024;8.0
1815;Leeftijd: 55 tot 65 jaar;Kerkbezoek: één keer per week of vaker;2010;9.0
1816;Leeftijd: 55 tot 65 jaar;Kerkbezoek: één keer per week of vaker;2011;10.0
1817;Leeftijd: 55 tot 65 jaar;Kerkbezoek: één keer per week of vaker;2012;8.0
1818;Leeftijd: 55 tot 65 jaar;Kerkbezoek: één keer per week of vaker;2013;9.0
1819;Leeftijd: 55 tot 65 jaar;Kerkbezoek: één keer per week of vaker;2014;9.0
1820;Leeftijd: 55 tot 65 jaar;Kerkbezoek: één keer per week of vaker;2015;9.0
1821;Leeftijd: 55 tot 65 jaar;Kerkbezoek: één keer per week of vaker;2016;8.0
1822;Leeftijd: 55 tot 65 jaar;Kerkbezoek: één keer per week of vaker;2017;8.0
1823;Leeftijd: 55 tot 65 jaar;Kerkbezoek: één keer per week of vaker;2018;6.0
1824;Leeftijd: 55 tot 65 jaar;Kerkbezoek: één keer per week of vaker;2019;8.0
1825;Leeftijd: 55 tot 65 jaar;Kerkbezoek: één keer per week of vaker;2020;8.0
1826;Leeftijd: 55 tot 65 jaar;Kerkbezoek: één keer per week of vaker;2021;6.0
1827;Leeftijd: 55 tot 65 jaar;Kerkbezoek: één keer per week of vaker;2022;5.0
1828;Leeftijd: 55 tot 65 jaar;Kerkbezoek: één keer per week of vaker;2023;6.0
1829;Leeftijd: 55 tot 65 jaar;Kerkbezoek: één keer per week of vaker;2024;8.0
1830;Leeftijd: 55 tot 65 jaar;Kerkbezoek: twee tot drie keer per maand;2010;4.0
1831;Leeftijd: 55 tot 65 jaar;Kerkbezoek: twee tot drie keer per maand;2011;4.0
1832;Leeftijd: 55 tot 65 jaar;Kerkbezoek: twee tot drie keer per maand;2012;4.0
1833;Leeftijd: 55 tot 65 jaar;Kerkbezoek: twee tot drie keer per maand;2013;4.0
1834;Leeftijd: 55 tot 65 jaar;Kerkbezoek: twee tot drie keer per maand;2014;4.0
1835;Leeftijd: 55 tot 65 jaar;Kerkbezoek: twee tot drie keer per maand;2015;4.0
1836;Leeftijd: 55 tot 65 jaar;Kerkbezoek: twee tot drie keer per maand;2016;4.0
1837;Leeftijd: 55 tot 65 jaar;Kerkbezoek: twee tot drie keer per maand;2017;3.0
1838;Leeftijd: 55 tot 65 jaar;Kerkbezoek: twee tot drie keer per maand;2018;3.0
1839;Leeftijd: 55 tot 65 jaar;Kerkbezoek: twee tot drie keer per maand;2019;3.0
1840;Leeftijd: 55 tot 65 jaar;Kerkbezoek: twee tot drie keer per maand;2020;2.0
1841;Leeftijd: 55 tot 65 jaar;Kerkbezoek: twee tot drie keer per maand;2021;3.0
1842;Leeftijd: 55 tot 65 jaar;Kerkbezoek: twee tot drie keer per maand;2022;2.0
1843;Leeftijd: 55 tot 65 jaar;Kerkbezoek: twee tot drie keer per maand;2023;2.0
1844;Leeftijd: 55 tot 65 jaar;Kerkbezoek: twee tot drie keer per maand;2024;3.0
1845;Leeftijd: 55 tot 65 jaar;Kerkbezoek: één keer per maand;2010;5.0
1846;Leeftijd: 55 tot 65 jaar;Kerkbezoek: één keer per maand;2011;4.0
1847;Leeftijd: 55 tot 65 jaar;Kerkbezoek: één keer per maand;2012;4.0
1848;Leeftijd: 55 tot 65 jaar;Kerkbezoek: één keer per maand;2013;3.0
1849;Leeftijd: 55 tot 65 jaar;Kerkbezoek: één keer per maand;2014;3.0
1850;Leeftijd: 55 tot 65 jaar;Kerkbezoek: één keer per maand;2015;3.0
1851;Leeftijd: 55 tot 65 jaar;Kerkbezoek: één keer per maand;2016;4.0
1852;Leeftijd: 55 tot 65 jaar;Kerkbezoek: één keer per maand;2017;2.0
1853;Leeftijd: 55 tot 65 jaar;Kerkbezoek: één keer per maand;2018;2.0
1854;Leeftijd: 55 tot 65 jaar;Kerkbezoek: één keer per maand;2019;2.0
1855;Leeftijd: 55 tot 65 jaar;Kerkbezoek: één keer per maand;2020;2.0
1856;Leeftijd: 55 tot 65 jaar;Kerkbezoek: één keer per maand;2021;2.0
1857;Leeftijd: 55 tot 65 jaar;Kerkbezoek: één keer per maand;2022;2.0
1858;Leeftijd: 55 tot 65 jaar;Kerkbezoek: één keer per maand;2023;2.0
1859;Leeftijd: 55 tot 65 jaar;Kerkbezoek: één keer per maand;2024;2.0
1860;Leeftijd: 55 tot 65 jaar;Kerkbezoek: minder dan één keer per mnd;2010;10.0
1861;Leeftijd: 55 tot 65 jaar;Kerkbezoek: minder dan één keer per mnd;2011;9.0
1862;Leeftijd: 55 tot 65 jaar;Kerkbezoek: minder dan één keer per mnd;2012;8.0
1863;Leeftijd: 55 tot 65 jaar;Kerkbezoek: minder dan één keer per mnd;2013;8.0
1864;Leeftijd: 55 tot 65 jaar;Kerkbezoek: minder dan één keer per mnd;2014;8.0
1865;Leeftijd: 55 tot 65 jaar;Kerkbezoek: minder dan één keer per mnd;2015;7.0
1866;Leeftijd: 55 tot 65 jaar;Kerkbezoek: minder dan één keer per mnd;2016;8.0
1867;Leeftijd: 55 tot 65 jaar;Kerkbezoek: minder dan één keer per mnd;2017;7.0
1868;Leeftijd: 55 tot 65 jaar;Kerkbezoek: minder dan één keer per mnd;2018;9.0
1869;Leeftijd: 55 tot 65 jaar;Kerkbezoek: minder dan één keer per mnd;2019;7.0
1870;Leeftijd: 55 tot 65 jaar;Kerkbezoek: minder dan één keer per mnd;2020;6.0
1871;Leeftijd: 55 tot 65 jaar;Kerkbezoek: minder dan één keer per mnd;2021;5.0
1872;Leeftijd: 55 tot 65 jaar;Kerkbezoek: minder dan één keer per mnd;2022;5.0
1873;Leeftijd: 55 tot 65 jaar;Kerkbezoek: minder dan één keer per mnd;2023;5.0
1874;Leeftijd: 55 tot 65 jaar;Kerkbezoek: minder dan één keer per mnd;2024;5.0
1875;Leeftijd: 55 tot 65 jaar;Kerkbezoek: zelden of nooit;2010;72.0
1876;Leeftijd: 55 tot 65 jaar;Kerkbezoek: zelden of nooit;2011;73.0
1877;Leeftijd: 55 tot 65 jaar;Kerkbezoek: zelden of nooit;2012;76.0
1878;Leeftijd: 55 tot 65 jaar;Kerkbezoek: zelden of nooit;2013;76.0
1879;Leeftijd: 55 tot 65 jaar;Kerkbezoek: zelden of nooit;2014;76.0
1880;Leeftijd: 55 tot 65 jaar;Kerkbezoek: zelden of nooit;2015;77.0
1881;Leeftijd: 55 tot 65 jaar;Kerkbezoek: zelden of nooit;2016;76.0
1882;Leeftijd: 55 tot 65 jaar;Kerkbezoek: zelden of nooit;2017;79.0
1883;Leeftijd: 55 tot 65 jaar;Kerkbezoek: zelden of nooit;2018;80.0
1884;Leeftijd: 55 tot 65 jaar;Kerkbezoek: zelden of nooit;2019;80.0
1885;Leeftijd: 55 tot 65 jaar;Kerkbezoek: zelden of nooit;2020;82.0
1886;Leeftijd: 55 tot 65 jaar;Kerkbezoek: zelden of nooit;2021;84.0
1887;Leeftijd: 55 tot 65 jaar;Kerkbezoek: zelden of nooit;2022;86.0
1888;Leeftijd: 55 tot 65 jaar;Kerkbezoek: zelden of nooit;2023;84.0
1889;Leeftijd: 55 tot 65 jaar;Kerkbezoek: zelden of nooit;2024;83.0
1890;Leeftijd: 65 tot 75 jaar;Kerkelijke gezindte: geen;2010;34.0
1891;Leeftijd: 65 tot 75 jaar;Kerkelijke gezindte: geen;2011;34.0
1892;Leeftijd: 65 tot 75 jaar;Kerkelijke gezindte: geen;2012;36.0
1893;Leeftijd: 65 tot 75 jaar;Kerkelijke gezindte: geen;2013;36.0
1894;Leeftijd: 65 tot 75 jaar;Kerkelijke gezindte: geen;2014;38.0
1895;Leeftijd: 65 tot 75 jaar;Kerkelijke gezindte: geen;2015;39.0
1896;Leeftijd: 65 tot 75 jaar;Kerkelijke gezindte: geen;2016;39.0
1897;Leeftijd: 65 tot 75 jaar;Kerkelijke gezindte: geen;2017;42.0
1898;Leeftijd: 65 tot 75 jaar;Kerkelijke gezindte: geen;2018;43.0
1899;Leeftijd: 65 tot 75 jaar;Kerkelijke gezindte: geen;2019;43.0
1900;Leeftijd: 65 tot 75 jaar;Kerkelijke gezindte: geen;2020;45.0
1901;Leeftijd: 65 tot 75 jaar;Kerkelijke gezindte: geen;2021;45.0
1902;Leeftijd: 65 tot 75 jaar;Kerkelijke gezindte: geen;2022;47.0
1903;Leeftijd: 65 tot 75 jaar;Kerkelijke gezindte: geen;2023;47.0
1904;Leeftijd: 65 tot 75 jaar;Kerkelijke gezindte: geen;2024;49.0
1905;Leeftijd: 65 tot 75 jaar;Kerkelijke gezindte totaal;2010;66.0
1906;Leeftijd: 65 tot 75 jaar;Kerkelijke gezindte totaal;2011;66.0
1907;Leeftijd: 65 tot 75 jaar;Kerkelijke gezindte totaal;2012;64.0
1908;Leeftijd: 65 tot 75 jaar;Kerkelijke gezindte totaal;2013;64.0
1909;Leeftijd: 65 tot 75 jaar;Kerkelijke gezindte totaal;2014;62.0
1910;Leeftijd: 65 tot 75 jaar;Kerkelijke gezindte totaal;2015;61.0
1911;Leeftijd: 65 tot 75 jaar;Kerkelijke gezindte totaal;2016;61.0
1912;Leeftijd: 65 tot 75 jaar;Kerkelijke gezindte totaal;2017;58.0
1913;Leeftijd: 65 tot 75 jaar;Kerkelijke gezindte totaal;2018;57.0
1914;Leeftijd: 65 tot 75 jaar;Kerkelijke gezindte totaal;2019;57.0
1915;Leeftijd: 65 tot 75 jaar;Kerkelijke gezindte totaal;2020;55.0
1916;Leeftijd: 65 tot 75 jaar;Kerkelijke gezindte totaal;2021;55.0
1917;Leeftijd: 65 tot 75 jaar;Kerkelijke gezindte totaal;2022;53.0
1918;Leeftijd: 65 tot 75 jaar;Kerkelijke gezindte totaal;2023;53.0
1919;Leeftijd: 65 tot 75 jaar;Kerkelijke gezindte totaal;2024;51.0
1920;Leeftijd: 65 tot 75 jaar;Kerkelijke gezindte: rooms-katholiek;2010;36.0
1921;Leeftijd: 65 tot 75 jaar;Kerkelijke gezindte: rooms-katholiek;2011;36.0
1922;Leeftijd: 65 tot 75 jaar;Kerkelijke gezindte: rooms-katholiek;2012;34.0
1923;Leeftijd: 65 tot 75 jaar;Kerkelijke gezindte: rooms-katholiek;2013;35.0
1924;Leeftijd: 65 tot 75 jaar;Kerkelijke gezindte: rooms-katholiek;2014;35.0
1925;Leeftijd: 65 tot 75 jaar;Kerkelijke gezindte: rooms-katholiek;2015;32.0
1926;Leeftijd: 65 tot 75 jaar;Kerkelijke gezindte: rooms-katholiek;2016;33.0
1927;Leeftijd: 65 tot 75 jaar;Kerkelijke gezindte: rooms-katholiek;2017;32.0
1928;Leeftijd: 65 tot 75 jaar;Kerkelijke gezindte: rooms-katholiek;2018;31.0
1929;Leeftijd: 65 tot 75 jaar;Kerkelijke gezindte: rooms-katholiek;2019;30.0
1930;Leeftijd: 65 tot 75 jaar;Kerkelijke gezindte: rooms-katholiek;2020;30.0
1931;Leeftijd: 65 tot 75 jaar;Kerkelijke gezindte: rooms-katholiek;2021;28.0
1932;Leeftijd: 65 tot 75 jaar;Kerkelijke gezindte: rooms-katholiek;2022;28.0
1933;Leeftijd: 65 tot 75 jaar;Kerkelijke gezindte: rooms-katholiek;2023;29.0
1934;Leeftijd: 65 tot 75 jaar;Kerkelijke gezindte: rooms-katholiek;2024;28.0
1935;Leeftijd: 65 tot 75 jaar;Protestants;2010;
1936;Leeftijd: 65 tot 75 jaar;Protestants;2011;
1937;Leeftijd: 65 tot 75 jaar;Protestants;2012;
1938;Leeftijd: 65 tot 75 jaar;Protestants;2013;
1939;Leeftijd: 65 tot 75 jaar;Protestants;2014;
1940;Leeftijd: 65 tot 75 jaar;Protestants;2015;
1941;Leeftijd: 65 tot 75 jaar;Protestants;2016;
1942;Leeftijd: 65 tot 75 jaar;Protestants;2017;
1943;Leeftijd: 65 tot 75 jaar;Protestants;2018;
1944;Leeftijd: 65 tot 75 jaar;Protestants;2019;21.0
1945;Leeftijd: 65 tot 75 jaar;Protestants;2020;18.0
1946;Leeftijd: 65 tot 75 jaar;Protestants;2021;19.0
1947;Leeftijd: 65 tot 75 jaar;Protestants;2022;17.0
1948;Leeftijd: 65 tot 75 jaar;Protestants;2023;17.0
1949;Leeftijd: 65 tot 75 jaar;Protestants;2024;16.0
1950;Leeftijd: 65 tot 75 jaar;Kerkelijke gezindte: PKN;2010;9.0
1951;Leeftijd: 65 tot 75 jaar;Kerkelijke gezindte: PKN;2011;8.0
1952;Leeftijd: 65 tot 75 jaar;Kerkelijke gezindte: PKN;2012;9.0
1953;Leeftijd: 65 tot 75 jaar;Kerkelijke gezindte: PKN;2013;7.0
1954;Leeftijd: 65 tot 75 jaar;Kerkelijke gezindte: PKN;2014;8.0
1955;Leeftijd: 65 tot 75 jaar;Kerkelijke gezindte: PKN;2015;8.0
1956;Leeftijd: 65 tot 75 jaar;Kerkelijke gezindte: PKN;2016;8.0
1957;Leeftijd: 65 tot 75 jaar;Kerkelijke gezindte: PKN;2017;6.0
1958;Leeftijd: 65 tot 75 jaar;Kerkelijke gezindte: PKN;2018;7.0
1959;Leeftijd: 65 tot 75 jaar;Kerkelijke gezindte: PKN;2019;
1960;Leeftijd: 65 tot 75 jaar;Kerkelijke gezindte: PKN;2020;
1961;Leeftijd: 65 tot 75 jaar;Kerkelijke gezindte: PKN;2021;
1962;Leeftijd: 65 tot 75 jaar;Kerkelijke gezindte: PKN;2022;
1963;Leeftijd: 65 tot 75 jaar;Kerkelijke gezindte: PKN;2023;
1964;Leeftijd: 65 tot 75 jaar;Kerkelijke gezindte: PKN;2024;
1965;Leeftijd: 65 tot 75 jaar;Kerkelijke gezindte: Nederlands hervormd;2010;13.0
1966;Leeftijd: 65 tot 75 jaar;Kerkelijke gezindte: Nederlands hervormd;2011;12.0
1967;Leeftijd: 65 tot 75 jaar;Kerkelijke gezindte: Nederlands hervormd;2012;12.0
1968;Leeftijd: 65 tot 75 jaar;Kerkelijke gezindte: Nederlands hervormd;2013;12.0
1969;Leeftijd: 65 tot 75 jaar;Kerkelijke gezindte: Nederlands hervormd;2014;11.0
1970;Leeftijd: 65 tot 75 jaar;Kerkelijke gezindte: Nederlands hervormd;2015;11.0
1971;Leeftijd: 65 tot 75 jaar;Kerkelijke gezindte: Nederlands hervormd;2016;11.0
1972;Leeftijd: 65 tot 75 jaar;Kerkelijke gezindte: Nederlands hervormd;2017;11.0
1973;Leeftijd: 65 tot 75 jaar;Kerkelijke gezindte: Nederlands hervormd;2018;9.0
1974;Leeftijd: 65 tot 75 jaar;Kerkelijke gezindte: Nederlands hervormd;2019;
1975;Leeftijd: 65 tot 75 jaar;Kerkelijke gezindte: Nederlands hervormd;2020;
1976;Leeftijd: 65 tot 75 jaar;Kerkelijke gezindte: Nederlands hervormd;2021;
1977;Leeftijd: 65 tot 75 jaar;Kerkelijke gezindte: Nederlands hervormd;2022;
1978;Leeftijd: 65 tot 75 jaar;Kerkelijke gezindte: Nederlands hervormd;2023;
1979;Leeftijd: 65 tot 75 jaar;Kerkelijke gezindte: Nederlands hervormd;2024;
1980;Leeftijd: 65 tot 75 jaar;Kerkelijke gezindte: gereformeerd;2010;4.0
1981;Leeftijd: 65 tot 75 jaar;Kerkelijke gezindte: gereformeerd;2011;5.0
1982;Leeftijd: 65 tot 75 jaar;Kerkelijke gezindte: gereformeerd;2012;3.0
1983;Leeftijd: 65 tot 75 jaar;Kerkelijke gezindte: gereformeerd;2013;4.0
1984;Leeftijd: 65 tot 75 jaar;Kerkelijke gezindte: gereformeerd;2014;3.0
1985;Leeftijd: 65 tot 75 jaar;Kerkelijke gezindte: gereformeerd;2015;4.0
1986;Leeftijd: 65 tot 75 jaar;Kerkelijke gezindte: gereformeerd;2016;3.0
1987;Leeftijd: 65 tot 75 jaar;Kerkelijke gezindte: gereformeerd;2017;3.0
1988;Leeftijd: 65 tot 75 jaar;Kerkelijke gezindte: gereformeerd;2018;3.0
1989;Leeftijd: 65 tot 75 jaar;Kerkelijke gezindte: gereformeerd;2019;
1990;Leeftijd: 65 tot 75 jaar;Kerkelijke gezindte: gereformeerd;2020;
1991;Leeftijd: 65 tot 75 jaar;Kerkelijke gezindte: gereformeerd;2021;
1992;Leeftijd: 65 tot 75 jaar;Kerkelijke gezindte: gereformeerd;2022;
1993;Leeftijd: 65 tot 75 jaar;Kerkelijke gezindte: gereformeerd;2023;
1994;Leeftijd: 65 tot 75 jaar;Kerkelijke gezindte: gereformeerd;2024;
1995;Leeftijd: 65 tot 75 jaar;Kerkelijke gezindte: Islam;2010;1.0
1996;Leeftijd: 65 tot 75 jaar;Kerkelijke gezindte: Islam;2011;1.0
1997;Leeftijd: 65 tot 75 jaar;Kerkelijke gezindte: Islam;2012;1.0
1998;Leeftijd: 65 tot 75 jaar;Kerkelijke gezindte: Islam;2013;1.0
1999;Leeftijd: 65 tot 75 jaar;Kerkelijke gezindte: Islam;2014;1.0
2000;Leeftijd: 65 tot 75 jaar;Kerkelijke gezindte: Islam;2015;1.0
2001;Leeftijd: 65 tot 75 jaar;Kerkelijke gezindte: Islam;2016;1.0
2002;Leeftijd: 65 tot 75 jaar;Kerkelijke gezindte: Islam;2017;1.0
2003;Leeftijd: 65 tot 75 jaar;Kerkelijke gezindte: Islam;2018;0.0
2004;Leeftijd: 65 tot 75 jaar;Kerkelijke gezindte: Islam;2019;1.0
2005;Leeftijd: 65 tot 75 jaar;Kerkelijke gezindte: Islam;2020;1.0
2006;Leeftijd: 65 tot 75 jaar;Kerkelijke gezindte: Islam;2021;1.0
2007;Leeftijd: 65 tot 75 jaar;Kerkelijke gezindte: Islam;2022;1.0
2008;Leeftijd: 65 tot 75 jaar;Kerkelijke gezindte: Islam;2023;1.0
2009;Leeftijd: 65 tot 75 jaar;Kerkelijke gezindte: Islam;2024;1.0
2010;Leeftijd: 65 tot 75 jaar;Kerkelijke gezindte: overige;2010;4.0
2011;Leeftijd: 65 tot 75 jaar;Kerkelijke gezindte: overige;2011;4.0
2012;Leeftijd: 65 tot 75 jaar;Kerkelijke gezindte: overige;2012;5.0
2013;Leeftijd: 65 tot 75 jaar;Kerkelijke gezindte: overige;2013;5.0
2014;Leeftijd: 65 tot 75 jaar;Kerkelijke gezindte: overige;2014;4.0
2015;Leeftijd: 65 tot 75 jaar;Kerkelijke gezindte: overige;2015;5.0
2016;Leeftijd: 65 tot 75 jaar;Kerkelijke gezindte: overige;2016;5.0
2017;Leeftijd: 65 tot 75 jaar;Kerkelijke gezindte: overige;2017;5.0
2018;Leeftijd: 65 tot 75 jaar;Kerkelijke gezindte: overige;2018;6.0
2019;Leeftijd: 65 tot 75 jaar;Kerkelijke gezindte: overige;2019;4.0
2020;Leeftijd: 65 tot 75 jaar;Kerkelijke gezindte: overige;2020;5.0
2021;Leeftijd: 65 tot 75 jaar;Kerkelijke gezindte: overige;2021;7.0
2022;Leeftijd: 65 tot 75 jaar;Kerkelijke gezindte: overige;2022;7.0
2023;Leeftijd: 65 tot 75 jaar;Kerkelijke gezindte: overige;2023;6.0
2024;Leeftijd: 65 tot 75 jaar;Kerkelijke gezindte: overige;2024;7.0
2025;Leeftijd: 65 tot 75 jaar;Kerkbezoek: één keer per week of vaker;2010;14.0
2026;Leeftijd: 65 tot 75 jaar;Kerkbezoek: één keer per week of vaker;2011;14.0
2027;Leeftijd: 65 tot 75 jaar;Kerkbezoek: één keer per week of vaker;2012;14.0
2028;Leeftijd: 65 tot 75 jaar;Kerkbezoek: één keer per week of vaker;2013;13.0
2029;Leeftijd: 65 tot 75 jaar;Kerkbezoek: één keer per week of vaker;2014;11.0
2030;Leeftijd: 65 tot 75 jaar;Kerkbezoek: één keer per week of vaker;2015;12.0
2031;Leeftijd: 65 tot 75 jaar;Kerkbezoek: één keer per week of vaker;2016;10.0
2032;Leeftijd: 65 tot 75 jaar;Kerkbezoek: één keer per week of vaker;2017;10.0
2033;Leeftijd: 65 tot 75 jaar;Kerkbezoek: één keer per week of vaker;2018;10.0
2034;Leeftijd: 65 tot 75 jaar;Kerkbezoek: één keer per week of vaker;2019;11.0
2035;Leeftijd: 65 tot 75 jaar;Kerkbezoek: één keer per week of vaker;2020;9.0
2036;Leeftijd: 65 tot 75 jaar;Kerkbezoek: één keer per week of vaker;2021;9.0
2037;Leeftijd: 65 tot 75 jaar;Kerkbezoek: één keer per week of vaker;2022;8.0
2038;Leeftijd: 65 tot 75 jaar;Kerkbezoek: één keer per week of vaker;2023;8.0
2039;Leeftijd: 65 tot 75 jaar;Kerkbezoek: één keer per week of vaker;2024;7.0
2040;Leeftijd: 65 tot 75 jaar;Kerkbezoek: twee tot drie keer per maand;2010;7.0
2041;Leeftijd: 65 tot 75 jaar;Kerkbezoek: twee tot drie keer per maand;2011;6.0
2042;Leeftijd: 65 tot 75 jaar;Kerkbezoek: twee tot drie keer per maand;2012;6.0
2043;Leeftijd: 65 tot 75 jaar;Kerkbezoek: twee tot drie keer per maand;2013;6.0
2044;Leeftijd: 65 tot 75 jaar;Kerkbezoek: twee tot drie keer per maand;2014;5.0
2045;Leeftijd: 65 tot 75 jaar;Kerkbezoek: twee tot drie keer per maand;2015;5.0
2046;Leeftijd: 65 tot 75 jaar;Kerkbezoek: twee tot drie keer per maand;2016;6.0
2047;Leeftijd: 65 tot 75 jaar;Kerkbezoek: twee tot drie keer per maand;2017;4.0
2048;Leeftijd: 65 tot 75 jaar;Kerkbezoek: twee tot drie keer per maand;2018;6.0
2049;Leeftijd: 65 tot 75 jaar;Kerkbezoek: twee tot drie keer per maand;2019;4.0
2050;Leeftijd: 65 tot 75 jaar;Kerkbezoek: twee tot drie keer per maand;2020;3.0
2051;Leeftijd: 65 tot 75 jaar;Kerkbezoek: twee tot drie keer per maand;2021;3.0
2052;Leeftijd: 65 tot 75 jaar;Kerkbezoek: twee tot drie keer per maand;2022;4.0
2053;Leeftijd: 65 tot 75 jaar;Kerkbezoek: twee tot drie keer per maand;2023;3.0
2054;Leeftijd: 65 tot 75 jaar;Kerkbezoek: twee tot drie keer per maand;2024;3.0
2055;Leeftijd: 65 tot 75 jaar;Kerkbezoek: één keer per maand;2010;6.0
2056;Leeftijd: 65 tot 75 jaar;Kerkbezoek: één keer per maand;2011;5.0
2057;Leeftijd: 65 tot 75 jaar;Kerkbezoek: één keer per maand;2012;5.0
2058;Leeftijd: 65 tot 75 jaar;Kerkbezoek: één keer per maand;2013;5.0
2059;Leeftijd: 65 tot 75 jaar;Kerkbezoek: één keer per maand;2014;5.0
2060;Leeftijd: 65 tot 75 jaar;Kerkbezoek: één keer per maand;2015;5.0
2061;Leeftijd: 65 tot 75 jaar;Kerkbezoek: één keer per maand;2016;3.0
2062;Leeftijd: 65 tot 75 jaar;Kerkbezoek: één keer per maand;2017;3.0
2063;Leeftijd: 65 tot 75 jaar;Kerkbezoek: één keer per maand;2018;2.0
2064;Leeftijd: 65 tot 75 jaar;Kerkbezoek: één keer per maand;2019;3.0
2065;Leeftijd: 65 tot 75 jaar;Kerkbezoek: één keer per maand;2020;3.0
2066;Leeftijd: 65 tot 75 jaar;Kerkbezoek: één keer per maand;2021;3.0
2067;Leeftijd: 65 tot 75 jaar;Kerkbezoek: één keer per maand;2022;3.0
2068;Leeftijd: 65 tot 75 jaar;Kerkbezoek: één keer per maand;2023;2.0
2069;Leeftijd: 65 tot 75 jaar;Kerkbezoek: één keer per maand;2024;3.0
2070;Leeftijd: 65 tot 75 jaar;Kerkbezoek: minder dan één keer per mnd;2010;11.0
2071;Leeftijd: 65 tot 75 jaar;Kerkbezoek: minder dan één keer per mnd;2011;10.0
2072;Leeftijd: 65 tot 75 jaar;Kerkbezoek: minder dan één keer per mnd;2012;8.0
2073;Leeftijd: 65 tot 75 jaar;Kerkbezoek: minder dan één keer per mnd;2013;9.0
2074;Leeftijd: 65 tot 75 jaar;Kerkbezoek: minder dan één keer per mnd;2014;10.0
2075;Leeftijd: 65 tot 75 jaar;Kerkbezoek: minder dan één keer per mnd;2015;9.0
2076;Leeftijd: 65 tot 75 jaar;Kerkbezoek: minder dan één keer per mnd;2016;11.0
2077;Leeftijd: 65 tot 75 jaar;Kerkbezoek: minder dan één keer per mnd;2017;9.0
2078;Leeftijd: 65 tot 75 jaar;Kerkbezoek: minder dan één keer per mnd;2018;8.0
2079;Leeftijd: 65 tot 75 jaar;Kerkbezoek: minder dan één keer per mnd;2019;9.0
2080;Leeftijd: 65 tot 75 jaar;Kerkbezoek: minder dan één keer per mnd;2020;6.0
2081;Leeftijd: 65 tot 75 jaar;Kerkbezoek: minder dan één keer per mnd;2021;5.0
2082;Leeftijd: 65 tot 75 jaar;Kerkbezoek: minder dan één keer per mnd;2022;5.0
2083;Leeftijd: 65 tot 75 jaar;Kerkbezoek: minder dan één keer per mnd;2023;5.0
2084;Leeftijd: 65 tot 75 jaar;Kerkbezoek: minder dan één keer per mnd;2024;7.0
2085;Leeftijd: 65 tot 75 jaar;Kerkbezoek: zelden of nooit;2010;61.0
2086;Leeftijd: 65 tot 75 jaar;Kerkbezoek: zelden of nooit;2011;65.0
2087;Leeftijd: 65 tot 75 jaar;Kerkbezoek: zelden of nooit;2012;67.0
2088;Leeftijd: 65 tot 75 jaar;Kerkbezoek: zelden of nooit;2013;67.0
2089;Leeftijd: 65 tot 75 jaar;Kerkbezoek: zelden of nooit;2014;69.0
2090;Leeftijd: 65 tot 75 jaar;Kerkbezoek: zelden of nooit;2015;69.0
2091;Leeftijd: 65 tot 75 jaar;Kerkbezoek: zelden of nooit;2016;70.0
2092;Leeftijd: 65 tot 75 jaar;Kerkbezoek: zelden of nooit;2017;74.0
2093;Leeftijd: 65 tot 75 jaar;Kerkbezoek: zelden of nooit;2018;75.0
2094;Leeftijd: 65 tot 75 jaar;Kerkbezoek: zelden of nooit;2019;73.0
2095;Leeftijd: 65 tot 75 jaar;Kerkbezoek: zelden of nooit;2020;80.0
2096;Leeftijd: 65 tot 75 jaar;Kerkbezoek: zelden of nooit;2021;79.0
2097;Leeftijd: 65 tot 75 jaar;Kerkbezoek: zelden of nooit;2022;81.0
2098;Leeftijd: 65 tot 75 jaar;Kerkbezoek: zelden of nooit;2023;82.0
2099;Leeftijd: 65 tot 75 jaar;Kerkbezoek: zelden of nooit;2024;81.0
2100;Leeftijd: 75 jaar of ouder;Kerkelijke gezindte: geen;2010;27.0
2101;Leeftijd: 75 jaar of ouder;Kerkelijke gezindte: geen;2011;26.0
2102;Leeftijd: 75 jaar of ouder;Kerkelijke gezindte: geen;2012;27.0
2103;Leeftijd: 75 jaar of ouder;Kerkelijke gezindte: geen;2013;29.0
2104;Leeftijd: 75 jaar of ouder;Kerkelijke gezindte: geen;2014;28.0
2105;Leeftijd: 75 jaar of ouder;Kerkelijke gezindte: geen;2015;29.0
2106;Leeftijd: 75 jaar of ouder;Kerkelijke gezindte: geen;2016;28.0
2107;Leeftijd: 75 jaar of ouder;Kerkelijke gezindte: geen;2017;29.0
2108;Leeftijd: 75 jaar of ouder;Kerkelijke gezindte: geen;2018;34.0
2109;Leeftijd: 75 jaar of ouder;Kerkelijke gezindte: geen;2019;32.0
2110;Leeftijd: 75 jaar of ouder;Kerkelijke gezindte: geen;2020;29.0
2111;Leeftijd: 75 jaar of ouder;Kerkelijke gezindte: geen;2021;36.0
2112;Leeftijd: 75 jaar of ouder;Kerkelijke gezindte: geen;2022;36.0
2113;Leeftijd: 75 jaar of ouder;Kerkelijke gezindte: geen;2023;37.0
2114;Leeftijd: 75 jaar of ouder;Kerkelijke gezindte: geen;2024;38.0
2115;Leeftijd: 75 jaar of ouder;Kerkelijke gezindte totaal;2010;73.0
2116;Leeftijd: 75 jaar of ouder;Kerkelijke gezindte totaal;2011;74.0
2117;Leeftijd: 75 jaar of ouder;Kerkelijke gezindte totaal;2012;73.0
2118;Leeftijd: 75 jaar of ouder;Kerkelijke gezindte totaal;2013;71.0
2119;Leeftijd: 75 jaar of ouder;Kerkelijke gezindte totaal;2014;72.0
2120;Leeftijd: 75 jaar of ouder;Kerkelijke gezindte totaal;2015;71.0
2121;Leeftijd: 75 jaar of ouder;Kerkelijke gezindte totaal;2016;72.0
2122;Leeftijd: 75 jaar of ouder;Kerkelijke gezindte totaal;2017;71.0
2123;Leeftijd: 75 jaar of ouder;Kerkelijke gezindte totaal;2018;66.0
2124;Leeftijd: 75 jaar of ouder;Kerkelijke gezindte totaal;2019;68.0
2125;Leeftijd: 75 jaar of ouder;Kerkelijke gezindte totaal;2020;71.0
2126;Leeftijd: 75 jaar of ouder;Kerkelijke gezindte totaal;2021;64.0
2127;Leeftijd: 75 jaar of ouder;Kerkelijke gezindte totaal;2022;64.0
2128;Leeftijd: 75 jaar of ouder;Kerkelijke gezindte totaal;2023;63.0
2129;Leeftijd: 75 jaar of ouder;Kerkelijke gezindte totaal;2024;62.0
2130;Leeftijd: 75 jaar of ouder;Kerkelijke gezindte: rooms-katholiek;2010;36.0
2131;Leeftijd: 75 jaar of ouder;Kerkelijke gezindte: rooms-katholiek;2011;38.0
2132;Leeftijd: 75 jaar of ouder;Kerkelijke gezindte: rooms-katholiek;2012;35.0
2133;Leeftijd: 75 jaar of ouder;Kerkelijke gezindte: rooms-katholiek;2013;37.0
2134;Leeftijd: 75 jaar of ouder;Kerkelijke gezindte: rooms-katholiek;2014;37.0
2135;Leeftijd: 75 jaar of ouder;Kerkelijke gezindte: rooms-katholiek;2015;37.0
2136;Leeftijd: 75 jaar of ouder;Kerkelijke gezindte: rooms-katholiek;2016;36.0
2137;Leeftijd: 75 jaar of ouder;Kerkelijke gezindte: rooms-katholiek;2017;37.0
2138;Leeftijd: 75 jaar of ouder;Kerkelijke gezindte: rooms-katholiek;2018;34.0
2139;Leeftijd: 75 jaar of ouder;Kerkelijke gezindte: rooms-katholiek;2019;38.0
2140;Leeftijd: 75 jaar of ouder;Kerkelijke gezindte: rooms-katholiek;2020;36.0
2141;Leeftijd: 75 jaar of ouder;Kerkelijke gezindte: rooms-katholiek;2021;37.0
2142;Leeftijd: 75 jaar of ouder;Kerkelijke gezindte: rooms-katholiek;2022;34.0
2143;Leeftijd: 75 jaar of ouder;Kerkelijke gezindte: rooms-katholiek;2023;34.0
2144;Leeftijd: 75 jaar of ouder;Kerkelijke gezindte: rooms-katholiek;2024;34.0
2145;Leeftijd: 75 jaar of ouder;Protestants;2010;
2146;Leeftijd: 75 jaar of ouder;Protestants;2011;
2147;Leeftijd: 75 jaar of ouder;Protestants;2012;
2148;Leeftijd: 75 jaar of ouder;Protestants;2013;
2149;Leeftijd: 75 jaar of ouder;Protestants;2014;
2150;Leeftijd: 75 jaar of ouder;Protestants;2015;
2151;Leeftijd: 75 jaar of ouder;Protestants;2016;
2152;Leeftijd: 75 jaar of ouder;Protestants;2017;
2153;Leeftijd: 75 jaar of ouder;Protestants;2018;
2154;Leeftijd: 75 jaar of ouder;Protestants;2019;25.0
2155;Leeftijd: 75 jaar of ouder;Protestants;2020;27.0
2156;Leeftijd: 75 jaar of ouder;Protestants;2021;22.0
2157;Leeftijd: 75 jaar of ouder;Protestants;2022;23.0
2158;Leeftijd: 75 jaar of ouder;Protestants;2023;23.0
2159;Leeftijd: 75 jaar of ouder;Protestants;2024;23.0
2160;Leeftijd: 75 jaar of ouder;Kerkelijke gezindte: PKN;2010;12.0
2161;Leeftijd: 75 jaar of ouder;Kerkelijke gezindte: PKN;2011;9.0
2162;Leeftijd: 75 jaar of ouder;Kerkelijke gezindte: PKN;2012;10.0
2163;Leeftijd: 75 jaar of ouder;Kerkelijke gezindte: PKN;2013;9.0
2164;Leeftijd: 75 jaar of ouder;Kerkelijke gezindte: PKN;2014;9.0
2165;Leeftijd: 75 jaar of ouder;Kerkelijke gezindte: PKN;2015;11.0
2166;Leeftijd: 75 jaar of ouder;Kerkelijke gezindte: PKN;2016;10.0
2167;Leeftijd: 75 jaar of ouder;Kerkelijke gezindte: PKN;2017;10.0
2168;Leeftijd: 75 jaar of ouder;Kerkelijke gezindte: PKN;2018;11.0
2169;Leeftijd: 75 jaar of ouder;Kerkelijke gezindte: PKN;2019;
2170;Leeftijd: 75 jaar of ouder;Kerkelijke gezindte: PKN;2020;
2171;Leeftijd: 75 jaar of ouder;Kerkelijke gezindte: PKN;2021;
2172;Leeftijd: 75 jaar of ouder;Kerkelijke gezindte: PKN;2022;
2173;Leeftijd: 75 jaar of ouder;Kerkelijke gezindte: PKN;2023;
2174;Leeftijd: 75 jaar of ouder;Kerkelijke gezindte: PKN;2024;
2175;Leeftijd: 75 jaar of ouder;Kerkelijke gezindte: Nederlands hervormd;2010;15.0
2176;Leeftijd: 75 jaar of ouder;Kerkelijke gezindte: Nederlands hervormd;2011;17.0
2177;Leeftijd: 75 jaar of ouder;Kerkelijke gezindte: Nederlands hervormd;2012;17.0
2178;Leeftijd: 75 jaar of ouder;Kerkelijke gezindte: Nederlands hervormd;2013;16.0
2179;Leeftijd: 75 jaar of ouder;Kerkelijke gezindte: Nederlands hervormd;2014;16.0
2180;Leeftijd: 75 jaar of ouder;Kerkelijke gezindte: Nederlands hervormd;2015;15.0
2181;Leeftijd: 75 jaar of ouder;Kerkelijke gezindte: Nederlands hervormd;2016;16.0
2182;Leeftijd: 75 jaar of ouder;Kerkelijke gezindte: Nederlands hervormd;2017;15.0
2183;Leeftijd: 75 jaar of ouder;Kerkelijke gezindte: Nederlands hervormd;2018;11.0
2184;Leeftijd: 75 jaar of ouder;Kerkelijke gezindte: Nederlands hervormd;2019;
2185;Leeftijd: 75 jaar of ouder;Kerkelijke gezindte: Nederlands hervormd;2020;
2186;Leeftijd: 75 jaar of ouder;Kerkelijke gezindte: Nederlands hervormd;2021;
2187;Leeftijd: 75 jaar of ouder;Kerkelijke gezindte: Nederlands hervormd;2022;
2188;Leeftijd: 75 jaar of ouder;Kerkelijke gezindte: Nederlands hervormd;2023;
2189;Leeftijd: 75 jaar of ouder;Kerkelijke gezindte: Nederlands hervormd;2024;
2190;Leeftijd: 75 jaar of ouder;Kerkelijke gezindte: gereformeerd;2010;5.0
2191;Leeftijd: 75 jaar of ouder;Kerkelijke gezindte: gereformeerd;2011;5.0
2192;Leeftijd: 75 jaar of ouder;Kerkelijke gezindte: gereformeerd;2012;5.0
2193;Leeftijd: 75 jaar of ouder;Kerkelijke gezindte: gereformeerd;2013;4.0
2194;Leeftijd: 75 jaar of ouder;Kerkelijke gezindte: gereformeerd;2014;5.0
2195;Leeftijd: 75 jaar of ouder;Kerkelijke gezindte: gereformeerd;2015;4.0
2196;Leeftijd: 75 jaar of ouder;Kerkelijke gezindte: gereformeerd;2016;5.0
2197;Leeftijd: 75 jaar of ouder;Kerkelijke gezindte: gereformeerd;2017;4.0
2198;Leeftijd: 75 jaar of ouder;Kerkelijke gezindte: gereformeerd;2018;4.0
2199;Leeftijd: 75 jaar of ouder;Kerkelijke gezindte: gereformeerd;2019;
2200;Leeftijd: 75 jaar of ouder;Kerkelijke gezindte: gereformeerd;2020;
2201;Leeftijd: 75 jaar of ouder;Kerkelijke gezindte: gereformeerd;2021;
2202;Leeftijd: 75 jaar of ouder;Kerkelijke gezindte: gereformeerd;2022;
2203;Leeftijd: 75 jaar of ouder;Kerkelijke gezindte: gereformeerd;2023;
2204;Leeftijd: 75 jaar of ouder;Kerkelijke gezindte: gereformeerd;2024;
2205;Leeftijd: 75 jaar of ouder;Kerkelijke gezindte: Islam;2010;0.0
2206;Leeftijd: 75 jaar of ouder;Kerkelijke gezindte: Islam;2011;0.0
2207;Leeftijd: 75 jaar of ouder;Kerkelijke gezindte: Islam;2012;0.0
2208;Leeftijd: 75 jaar of ouder;Kerkelijke gezindte: Islam;2013;0.0
2209;Leeftijd: 75 jaar of ouder;Kerkelijke gezindte: Islam;2014;1.0
2210;Leeftijd: 75 jaar of ouder;Kerkelijke gezindte: Islam;2015;1.0
2211;Leeftijd: 75 jaar of ouder;Kerkelijke gezindte: Islam;2016;0.0
2212;Leeftijd: 75 jaar of ouder;Kerkelijke gezindte: Islam;2017;1.0
2213;Leeftijd: 75 jaar of ouder;Kerkelijke gezindte: Islam;2018;1.0
2214;Leeftijd: 75 jaar of ouder;Kerkelijke gezindte: Islam;2019;0.0
2215;Leeftijd: 75 jaar of ouder;Kerkelijke gezindte: Islam;2020;1.0
2216;Leeftijd: 75 jaar of ouder;Kerkelijke gezindte: Islam;2021;1.0
2217;Leeftijd: 75 jaar of ouder;Kerkelijke gezindte: Islam;2022;1.0
2218;Leeftijd: 75 jaar of ouder;Kerkelijke gezindte: Islam;2023;1.0
2219;Leeftijd: 75 jaar of ouder;Kerkelijke gezindte: Islam;2024;1.0
2220;Leeftijd: 75 jaar of ouder;Kerkelijke gezindte: overige;2010;4.0
2221;Leeftijd: 75 jaar of ouder;Kerkelijke gezindte: overige;2011;4.0
2222;Leeftijd: 75 jaar of ouder;Kerkelijke gezindte: overige;2012;5.0
2223;Leeftijd: 75 jaar of ouder;Kerkelijke gezindte: overige;2013;5.0
2224;Leeftijd: 75 jaar of ouder;Kerkelijke gezindte: overige;2014;5.0
2225;Leeftijd: 75 jaar of ouder;Kerkelijke gezindte: overige;2015;4.0
2226;Leeftijd: 75 jaar of ouder;Kerkelijke gezindte: overige;2016;5.0
2227;Leeftijd: 75 jaar of ouder;Kerkelijke gezindte: overige;2017;3.0
2228;Leeftijd: 75 jaar of ouder;Kerkelijke gezindte: overige;2018;5.0
2229;Leeftijd: 75 jaar of ouder;Kerkelijke gezindte: overige;2019;5.0
2230;Leeftijd: 75 jaar of ouder;Kerkelijke gezindte: overige;2020;7.0
2231;Leeftijd: 75 jaar of ouder;Kerkelijke gezindte: overige;2021;5.0
2232;Leeftijd: 75 jaar of ouder;Kerkelijke gezindte: overige;2022;6.0
2233;Leeftijd: 75 jaar of ouder;Kerkelijke gezindte: overige;2023;4.0
2234;Leeftijd: 75 jaar of ouder;Kerkelijke gezindte: overige;2024;4.0
2235;Leeftijd: 75 jaar of ouder;Kerkbezoek: één keer per week of vaker;2010;23.0
2236;Leeftijd: 75 jaar of ouder;Kerkbezoek: één keer per week of vaker;2011;23.0
2237;Leeftijd: 75 jaar of ouder;Kerkbezoek: één keer per week of vaker;2012;22.0
2238;Leeftijd: 75 jaar of ouder;Kerkbezoek: één keer per week of vaker;2013;21.0
2239;Leeftijd: 75 jaar of ouder;Kerkbezoek: één keer per week of vaker;2014;20.0
2240;Leeftijd: 75 jaar of ouder;Kerkbezoek: één keer per week of vaker;2015;20.0
2241;Leeftijd: 75 jaar of ouder;Kerkbezoek: één keer per week of vaker;2016;20.0
2242;Leeftijd: 75 jaar of ouder;Kerkbezoek: één keer per week of vaker;2017;20.0
2243;Leeftijd: 75 jaar of ouder;Kerkbezoek: één keer per week of vaker;2018;17.0
2244;Leeftijd: 75 jaar of ouder;Kerkbezoek: één keer per week of vaker;2019;16.0
2245;Leeftijd: 75 jaar of ouder;Kerkbezoek: één keer per week of vaker;2020;17.0
2246;Leeftijd: 75 jaar of ouder;Kerkbezoek: één keer per week of vaker;2021;15.0
2247;Leeftijd: 75 jaar of ouder;Kerkbezoek: één keer per week of vaker;2022;11.0
2248;Leeftijd: 75 jaar of ouder;Kerkbezoek: één keer per week of vaker;2023;11.0
2249;Leeftijd: 75 jaar of ouder;Kerkbezoek: één keer per week of vaker;2024;12.0
2250;Leeftijd: 75 jaar of ouder;Kerkbezoek: twee tot drie keer per maand;2010;7.0
2251;Leeftijd: 75 jaar of ouder;Kerkbezoek: twee tot drie keer per maand;2011;8.0
2252;Leeftijd: 75 jaar of ouder;Kerkbezoek: twee tot drie keer per maand;2012;6.0
2253;Leeftijd: 75 jaar of ouder;Kerkbezoek: twee tot drie keer per maand;2013;6.0
2254;Leeftijd: 75 jaar of ouder;Kerkbezoek: twee tot drie keer per maand;2014;7.0
2255;Leeftijd: 75 jaar of ouder;Kerkbezoek: twee tot drie keer per maand;2015;6.0
2256;Leeftijd: 75 jaar of ouder;Kerkbezoek: twee tot drie keer per maand;2016;6.0
2257;Leeftijd: 75 jaar of ouder;Kerkbezoek: twee tot drie keer per maand;2017;8.0
2258;Leeftijd: 75 jaar of ouder;Kerkbezoek: twee tot drie keer per maand;2018;5.0
2259;Leeftijd: 75 jaar of ouder;Kerkbezoek: twee tot drie keer per maand;2019;5.0
2260;Leeftijd: 75 jaar of ouder;Kerkbezoek: twee tot drie keer per maand;2020;6.0
2261;Leeftijd: 75 jaar of ouder;Kerkbezoek: twee tot drie keer per maand;2021;4.0
2262;Leeftijd: 75 jaar of ouder;Kerkbezoek: twee tot drie keer per maand;2022;4.0
2263;Leeftijd: 75 jaar of ouder;Kerkbezoek: twee tot drie keer per maand;2023;6.0
2264;Leeftijd: 75 jaar of ouder;Kerkbezoek: twee tot drie keer per maand;2024;4.0
2265;Leeftijd: 75 jaar of ouder;Kerkbezoek: één keer per maand;2010;4.0
2266;Leeftijd: 75 jaar of ouder;Kerkbezoek: één keer per maand;2011;4.0
2267;Leeftijd: 75 jaar of ouder;Kerkbezoek: één keer per maand;2012;5.0
2268;Leeftijd: 75 jaar of ouder;Kerkbezoek: één keer per maand;2013;5.0
2269;Leeftijd: 75 jaar of ouder;Kerkbezoek: één keer per maand;2014;4.0
2270;Leeftijd: 75 jaar of ouder;Kerkbezoek: één keer per maand;2015;5.0
2271;Leeftijd: 75 jaar of ouder;Kerkbezoek: één keer per maand;2016;5.0
2272;Leeftijd: 75 jaar of ouder;Kerkbezoek: één keer per maand;2017;6.0
2273;Leeftijd: 75 jaar of ouder;Kerkbezoek: één keer per maand;2018;6.0
2274;Leeftijd: 75 jaar of ouder;Kerkbezoek: één keer per maand;2019;3.0
2275;Leeftijd: 75 jaar of ouder;Kerkbezoek: één keer per maand;2020;3.0
2276;Leeftijd: 75 jaar of ouder;Kerkbezoek: één keer per maand;2021;2.0
2277;Leeftijd: 75 jaar of ouder;Kerkbezoek: één keer per maand;2022;4.0
2278;Leeftijd: 75 jaar of ouder;Kerkbezoek: één keer per maand;2023;4.0
2279;Leeftijd: 75 jaar of ouder;Kerkbezoek: één keer per maand;2024;3.0
2280;Leeftijd: 75 jaar of ouder;Kerkbezoek: minder dan één keer per mnd;2010;7.0
2281;Leeftijd: 75 jaar of ouder;Kerkbezoek: minder dan één keer per mnd;2011;7.0
2282;Leeftijd: 75 jaar of ouder;Kerkbezoek: minder dan één keer per mnd;2012;7.0
2283;Leeftijd: 75 jaar of ouder;Kerkbezoek: minder dan één keer per mnd;2013;7.0
2284;Leeftijd: 75 jaar of ouder;Kerkbezoek: minder dan één keer per mnd;2014;8.0
2285;Leeftijd: 75 jaar of ouder;Kerkbezoek: minder dan één keer per mnd;2015;7.0
2286;Leeftijd: 75 jaar of ouder;Kerkbezoek: minder dan één keer per mnd;2016;7.0
2287;Leeftijd: 75 jaar of ouder;Kerkbezoek: minder dan één keer per mnd;2017;7.0
2288;Leeftijd: 75 jaar of ouder;Kerkbezoek: minder dan één keer per mnd;2018;9.0
2289;Leeftijd: 75 jaar of ouder;Kerkbezoek: minder dan één keer per mnd;2019;9.0
2290;Leeftijd: 75 jaar of ouder;Kerkbezoek: minder dan één keer per mnd;2020;9.0
2291;Leeftijd: 75 jaar of ouder;Kerkbezoek: minder dan één keer per mnd;2021;6.0
2292;Leeftijd: 75 jaar of ouder;Kerkbezoek: minder dan één keer per mnd;2022;8.0
2293;Leeftijd: 75 jaar of ouder;Kerkbezoek: minder dan één keer per mnd;2023;8.0
2294;Leeftijd: 75 jaar of ouder;Kerkbezoek: minder dan één keer per mnd;2024;7.0
2295;Leeftijd: 75 jaar of ouder;Kerkbezoek: zelden of nooit;2010;59.0
2296;Leeftijd: 75 jaar of ouder;Kerkbezoek: zelden of nooit;2011;59.0
2297;Leeftijd: 75 jaar of ouder;Kerkbezoek: zelden of nooit;2012;60.0
2298;Leeftijd: 75 jaar of ouder;Kerkbezoek: zelden of nooit;2013;62.0
2299;Leeftijd: 75 jaar of ouder;Kerkbezoek: zelden of nooit;2014;61.0
2300;Leeftijd: 75 jaar of ouder;Kerkbezoek: zelden of nooit;2015;61.0
2301;Leeftijd: 75 jaar of ouder;Kerkbezoek: zelden of nooit;2016;62.0
2302;Leeftijd: 75 jaar of ouder;Kerkbezoek: zelden of nooit;2017;59.0
2303;Leeftijd: 75 jaar of ouder;Kerkbezoek: zelden of nooit;2018;64.0
2304;Leeftijd: 75 jaar of ouder;Kerkbezoek: zelden of nooit;2019;66.0
2305;Leeftijd: 75 jaar of ouder;Kerkbezoek: zelden of nooit;2020;66.0
2306;Leeftijd: 75 jaar of ouder;Kerkbezoek: zelden of nooit;2021;73.0
2307;Leeftijd: 75 jaar of ouder;Kerkbezoek: zelden of nooit;2022;74.0
2308;Leeftijd: 75 jaar of ouder;Kerkbezoek: zelden of nooit;2023;72.0
2309;Leeftijd: 75 jaar of ouder;Kerkbezoek: zelden of nooit;2024;73.0
2310;Onderwijsniveau: 11 Basisonderwijs;Kerkelijke gezindte: geen;2010;36.0
2311;Onderwijsniveau: 11 Basisonderwijs;Kerkelijke gezindte: geen;2011;36.0
2312;Onderwijsniveau: 11 Basisonderwijs;Kerkelijke gezindte: geen;2012;38.0
2313;Onderwijsniveau: 11 Basisonderwijs;Kerkelijke gezindte: geen;2013;36.0
2314;Onderwijsniveau: 11 Basisonderwijs;Kerkelijke gezindte: geen;2014;38.0
2315;Onderwijsniveau: 11 Basisonderwijs;Kerkelijke gezindte: geen;2015;39.0
2316;Onderwijsniveau: 11 Basisonderwijs;Kerkelijke gezindte: geen;2016;38.0
2317;Onderwijsniveau: 11 Basisonderwijs;Kerkelijke gezindte: geen;2017;36.0
2318;Onderwijsniveau: 11 Basisonderwijs;Kerkelijke gezindte: geen;2018;42.0
2319;Onderwijsniveau: 11 Basisonderwijs;Kerkelijke gezindte: geen;2019;40.0
2320;Onderwijsniveau: 11 Basisonderwijs;Kerkelijke gezindte: geen;2020;41.0
2321;Onderwijsniveau: 11 Basisonderwijs;Kerkelijke gezindte: geen;2021;44.0
2322;Onderwijsniveau: 11 Basisonderwijs;Kerkelijke gezindte: geen;2022;48.0
2323;Onderwijsniveau: 11 Basisonderwijs;Kerkelijke gezindte: geen;2023;44.0
2324;Onderwijsniveau: 11 Basisonderwijs;Kerkelijke gezindte: geen;2024;38.0
2325;Onderwijsniveau: 11 Basisonderwijs;Kerkelijke gezindte totaal;2010;64.0
2326;Onderwijsniveau: 11 Basisonderwijs;Kerkelijke gezindte totaal;2011;64.0
2327;Onderwijsniveau: 11 Basisonderwijs;Kerkelijke gezindte totaal;2012;62.0
2328;Onderwijsniveau: 11 Basisonderwijs;Kerkelijke gezindte totaal;2013;64.0
2329;Onderwijsniveau: 11 Basisonderwijs;Kerkelijke gezindte totaal;2014;62.0
2330;Onderwijsniveau: 11 Basisonderwijs;Kerkelijke gezindte totaal;2015;61.0
2331;Onderwijsniveau: 11 Basisonderwijs;Kerkelijke gezindte totaal;2016;62.0
2332;Onderwijsniveau: 11 Basisonderwijs;Kerkelijke gezindte totaal;2017;64.0
2333;Onderwijsniveau: 11 Basisonderwijs;Kerkelijke gezindte totaal;2018;58.0
2334;Onderwijsniveau: 11 Basisonderwijs;Kerkelijke gezindte totaal;2019;60.0
2335;Onderwijsniveau: 11 Basisonderwijs;Kerkelijke gezindte totaal;2020;59.0
2336;Onderwijsniveau: 11 Basisonderwijs;Kerkelijke gezindte totaal;2021;56.0
2337;Onderwijsniveau: 11 Basisonderwijs;Kerkelijke gezindte totaal;2022;52.0
2338;Onderwijsniveau: 11 Basisonderwijs;Kerkelijke gezindte totaal;2023;56.0
2339;Onderwijsniveau: 11 Basisonderwijs;Kerkelijke gezindte totaal;2024;62.0
2340;Onderwijsniveau: 11 Basisonderwijs;Kerkelijke gezindte: rooms-katholiek;2010;30.0
2341;Onderwijsniveau: 11 Basisonderwijs;Kerkelijke gezindte: rooms-katholiek;2011;29.0
2342;Onderwijsniveau: 11 Basisonderwijs;Kerkelijke gezindte: rooms-katholiek;2012;29.0
2343;Onderwijsniveau: 11 Basisonderwijs;Kerkelijke gezindte: rooms-katholiek;2013;30.0
2344;Onderwijsniveau: 11 Basisonderwijs;Kerkelijke gezindte: rooms-katholiek;2014;28.0
2345;Onderwijsniveau: 11 Basisonderwijs;Kerkelijke gezindte: rooms-katholiek;2015;27.0
2346;Onderwijsniveau: 11 Basisonderwijs;Kerkelijke gezindte: rooms-katholiek;2016;29.0
2347;Onderwijsniveau: 11 Basisonderwijs;Kerkelijke gezindte: rooms-katholiek;2017;29.0
2348;Onderwijsniveau: 11 Basisonderwijs;Kerkelijke gezindte: rooms-katholiek;2018;24.0
2349;Onderwijsniveau: 11 Basisonderwijs;Kerkelijke gezindte: rooms-katholiek;2019;27.0
2350;Onderwijsniveau: 11 Basisonderwijs;Kerkelijke gezindte: rooms-katholiek;2020;24.0
2351;Onderwijsniveau: 11 Basisonderwijs;Kerkelijke gezindte: rooms-katholiek;2021;24.0
2352;Onderwijsniveau: 11 Basisonderwijs;Kerkelijke gezindte: rooms-katholiek;2022;24.0
2353;Onderwijsniveau: 11 Basisonderwijs;Kerkelijke gezindte: rooms-katholiek;2023;26.0
2354;Onderwijsniveau: 11 Basisonderwijs;Kerkelijke gezindte: rooms-katholiek;2024;24.0
2355;Onderwijsniveau: 11 Basisonderwijs;Protestants;2010;
2356;Onderwijsniveau: 11 Basisonderwijs;Protestants;2011;
2357;Onderwijsniveau: 11 Basisonderwijs;Protestants;2012;
2358;Onderwijsniveau: 11 Basisonderwijs;Protestants;2013;
2359;Onderwijsniveau: 11 Basisonderwijs;Protestants;2014;
2360;Onderwijsniveau: 11 Basisonderwijs;Protestants;2015;
2361;Onderwijsniveau: 11 Basisonderwijs;Protestants;2016;
2362;Onderwijsniveau: 11 Basisonderwijs;Protestants;2017;
2363;Onderwijsniveau: 11 Basisonderwijs;Protestants;2018;
2364;Onderwijsniveau: 11 Basisonderwijs;Protestants;2019;15.0
2365;Onderwijsniveau: 11 Basisonderwijs;Protestants;2020;12.0
2366;Onderwijsniveau: 11 Basisonderwijs;Protestants;2021;13.0
2367;Onderwijsniveau: 11 Basisonderwijs;Protestants;2022;14.0
2368;Onderwijsniveau: 11 Basisonderwijs;Protestants;2023;14.0
2369;Onderwijsniveau: 11 Basisonderwijs;Protestants;2024;16.0
2370;Onderwijsniveau: 11 Basisonderwijs;Kerkelijke gezindte: PKN;2010;4.0
2371;Onderwijsniveau: 11 Basisonderwijs;Kerkelijke gezindte: PKN;2011;4.0
2372;Onderwijsniveau: 11 Basisonderwijs;Kerkelijke gezindte: PKN;2012;4.0
2373;Onderwijsniveau: 11 Basisonderwijs;Kerkelijke gezindte: PKN;2013;3.0
2374;Onderwijsniveau: 11 Basisonderwijs;Kerkelijke gezindte: PKN;2014;5.0
2375;Onderwijsniveau: 11 Basisonderwijs;Kerkelijke gezindte: PKN;2015;4.0
2376;Onderwijsniveau: 11 Basisonderwijs;Kerkelijke gezindte: PKN;2016;4.0
2377;Onderwijsniveau: 11 Basisonderwijs;Kerkelijke gezindte: PKN;2017;3.0
2378;Onderwijsniveau: 11 Basisonderwijs;Kerkelijke gezindte: PKN;2018;3.0
2379;Onderwijsniveau: 11 Basisonderwijs;Kerkelijke gezindte: PKN;2019;
2380;Onderwijsniveau: 11 Basisonderwijs;Kerkelijke gezindte: PKN;2020;
2381;Onderwijsniveau: 11 Basisonderwijs;Kerkelijke gezindte: PKN;2021;
2382;Onderwijsniveau: 11 Basisonderwijs;Kerkelijke gezindte: PKN;2022;
2383;Onderwijsniveau: 11 Basisonderwijs;Kerkelijke gezindte: PKN;2023;
2384;Onderwijsniveau: 11 Basisonderwijs;Kerkelijke gezindte: PKN;2024;
2385;Onderwijsniveau: 11 Basisonderwijs;Kerkelijke gezindte: Nederlands hervormd;2010;9.0
2386;Onderwijsniveau: 11 Basisonderwijs;Kerkelijke gezindte: Nederlands hervormd;2011;9.0
2387;Onderwijsniveau: 11 Basisonderwijs;Kerkelijke gezindte: Nederlands hervormd;2012;9.0
2388;Onderwijsniveau: 11 Basisonderwijs;Kerkelijke gezindte: Nederlands hervormd;2013;10.0
2389;Onderwijsniveau: 11 Basisonderwijs;Kerkelijke gezindte: Nederlands hervormd;2014;8.0
2390;Onderwijsniveau: 11 Basisonderwijs;Kerkelijke gezindte: Nederlands hervormd;2015;8.0
2391;Onderwijsniveau: 11 Basisonderwijs;Kerkelijke gezindte: Nederlands hervormd;2016;7.0
2392;Onderwijsniveau: 11 Basisonderwijs;Kerkelijke gezindte: Nederlands hervormd;2017;9.0
2393;Onderwijsniveau: 11 Basisonderwijs;Kerkelijke gezindte: Nederlands hervormd;2018;6.0
2394;Onderwijsniveau: 11 Basisonderwijs;Kerkelijke gezindte: Nederlands hervormd;2019;
2395;Onderwijsniveau: 11 Basisonderwijs;Kerkelijke gezindte: Nederlands hervormd;2020;
2396;Onderwijsniveau: 11 Basisonderwijs;Kerkelijke gezindte: Nederlands hervormd;2021;
2397;Onderwijsniveau: 11 Basisonderwijs;Kerkelijke gezindte: Nederlands hervormd;2022;
2398;Onderwijsniveau: 11 Basisonderwijs;Kerkelijke gezindte: Nederlands hervormd;2023;
2399;Onderwijsniveau: 11 Basisonderwijs;Kerkelijke gezindte: Nederlands hervormd;2024;
2400;Onderwijsniveau: 11 Basisonderwijs;Kerkelijke gezindte: gereformeerd;2010;3.0
2401;Onderwijsniveau: 11 Basisonderwijs;Kerkelijke gezindte: gereformeerd;2011;3.0
2402;Onderwijsniveau: 11 Basisonderwijs;Kerkelijke gezindte: gereformeerd;2012;3.0
2403;Onderwijsniveau: 11 Basisonderwijs;Kerkelijke gezindte: gereformeerd;2013;4.0
2404;Onderwijsniveau: 11 Basisonderwijs;Kerkelijke gezindte: gereformeerd;2014;3.0
2405;Onderwijsniveau: 11 Basisonderwijs;Kerkelijke gezindte: gereformeerd;2015;3.0
2406;Onderwijsniveau: 11 Basisonderwijs;Kerkelijke gezindte: gereformeerd;2016;3.0
2407;Onderwijsniveau: 11 Basisonderwijs;Kerkelijke gezindte: gereformeerd;2017;3.0
2408;Onderwijsniveau: 11 Basisonderwijs;Kerkelijke gezindte: gereformeerd;2018;2.0
2409;Onderwijsniveau: 11 Basisonderwijs;Kerkelijke gezindte: gereformeerd;2019;
2410;Onderwijsniveau: 11 Basisonderwijs;Kerkelijke gezindte: gereformeerd;2020;
2411;Onderwijsniveau: 11 Basisonderwijs;Kerkelijke gezindte: gereformeerd;2021;
2412;Onderwijsniveau: 11 Basisonderwijs;Kerkelijke gezindte: gereformeerd;2022;
2413;Onderwijsniveau: 11 Basisonderwijs;Kerkelijke gezindte: gereformeerd;2023;
2414;Onderwijsniveau: 11 Basisonderwijs;Kerkelijke gezindte: gereformeerd;2024;
2415;Onderwijsniveau: 11 Basisonderwijs;Kerkelijke gezindte: Islam;2010;12.0
2416;Onderwijsniveau: 11 Basisonderwijs;Kerkelijke gezindte: Islam;2011;13.0
2417;Onderwijsniveau: 11 Basisonderwijs;Kerkelijke gezindte: Islam;2012;11.0
2418;Onderwijsniveau: 11 Basisonderwijs;Kerkelijke gezindte: Islam;2013;11.0
2419;Onderwijsniveau: 11 Basisonderwijs;Kerkelijke gezindte: Islam;2014;13.0
2420;Onderwijsniveau: 11 Basisonderwijs;Kerkelijke gezindte: Islam;2015;13.0
2421;Onderwijsniveau: 11 Basisonderwijs;Kerkelijke gezindte: Islam;2016;14.0
2422;Onderwijsniveau: 11 Basisonderwijs;Kerkelijke gezindte: Islam;2017;11.0
2423;Onderwijsniveau: 11 Basisonderwijs;Kerkelijke gezindte: Islam;2018;10.0
2424;Onderwijsniveau: 11 Basisonderwijs;Kerkelijke gezindte: Islam;2019;12.0
2425;Onderwijsniveau: 11 Basisonderwijs;Kerkelijke gezindte: Islam;2020;15.0
2426;Onderwijsniveau: 11 Basisonderwijs;Kerkelijke gezindte: Islam;2021;12.0
2427;Onderwijsniveau: 11 Basisonderwijs;Kerkelijke gezindte: Islam;2022;8.0
2428;Onderwijsniveau: 11 Basisonderwijs;Kerkelijke gezindte: Islam;2023;8.0
2429;Onderwijsniveau: 11 Basisonderwijs;Kerkelijke gezindte: Islam;2024;14.0
2430;Onderwijsniveau: 11 Basisonderwijs;Kerkelijke gezindte: overige;2010;6.0
2431;Onderwijsniveau: 11 Basisonderwijs;Kerkelijke gezindte: overige;2011;6.0
2432;Onderwijsniveau: 11 Basisonderwijs;Kerkelijke gezindte: overige;2012;5.0
2433;Onderwijsniveau: 11 Basisonderwijs;Kerkelijke gezindte: overige;2013;6.0
2434;Onderwijsniveau: 11 Basisonderwijs;Kerkelijke gezindte: overige;2014;6.0
2435;Onderwijsniveau: 11 Basisonderwijs;Kerkelijke gezindte: overige;2015;6.0
2436;Onderwijsniveau: 11 Basisonderwijs;Kerkelijke gezindte: overige;2016;5.0
2437;Onderwijsniveau: 11 Basisonderwijs;Kerkelijke gezindte: overige;2017;7.0
2438;Onderwijsniveau: 11 Basisonderwijs;Kerkelijke gezindte: overige;2018;12.0
2439;Onderwijsniveau: 11 Basisonderwijs;Kerkelijke gezindte: overige;2019;6.0
2440;Onderwijsniveau: 11 Basisonderwijs;Kerkelijke gezindte: overige;2020;8.0
2441;Onderwijsniveau: 11 Basisonderwijs;Kerkelijke gezindte: overige;2021;7.0
2442;Onderwijsniveau: 11 Basisonderwijs;Kerkelijke gezindte: overige;2022;6.0
2443;Onderwijsniveau: 11 Basisonderwijs;Kerkelijke gezindte: overige;2023;8.0
2444;Onderwijsniveau: 11 Basisonderwijs;Kerkelijke gezindte: overige;2024;8.0
2445;Onderwijsniveau: 11 Basisonderwijs;Kerkbezoek: één keer per week of vaker;2010;14.0
2446;Onderwijsniveau: 11 Basisonderwijs;Kerkbezoek: één keer per week of vaker;2011;13.0
2447;Onderwijsniveau: 11 Basisonderwijs;Kerkbezoek: één keer per week of vaker;2012;13.0
2448;Onderwijsniveau: 11 Basisonderwijs;Kerkbezoek: één keer per week of vaker;2013;13.0
2449;Onderwijsniveau: 11 Basisonderwijs;Kerkbezoek: één keer per week of vaker;2014;13.0
2450;Onderwijsniveau: 11 Basisonderwijs;Kerkbezoek: één keer per week of vaker;2015;13.0
2451;Onderwijsniveau: 11 Basisonderwijs;Kerkbezoek: één keer per week of vaker;2016;12.0
2452;Onderwijsniveau: 11 Basisonderwijs;Kerkbezoek: één keer per week of vaker;2017;13.0
2453;Onderwijsniveau: 11 Basisonderwijs;Kerkbezoek: één keer per week of vaker;2018;12.0
2454;Onderwijsniveau: 11 Basisonderwijs;Kerkbezoek: één keer per week of vaker;2019;14.0
2455;Onderwijsniveau: 11 Basisonderwijs;Kerkbezoek: één keer per week of vaker;2020;16.0
2456;Onderwijsniveau: 11 Basisonderwijs;Kerkbezoek: één keer per week of vaker;2021;12.0
2457;Onderwijsniveau: 11 Basisonderwijs;Kerkbezoek: één keer per week of vaker;2022;8.0
2458;Onderwijsniveau: 11 Basisonderwijs;Kerkbezoek: één keer per week of vaker;2023;9.0
2459;Onderwijsniveau: 11 Basisonderwijs;Kerkbezoek: één keer per week of vaker;2024;13.0
2460;Onderwijsniveau: 11 Basisonderwijs;Kerkbezoek: twee tot drie keer per maand;2010;4.0
2461;Onderwijsniveau: 11 Basisonderwijs;Kerkbezoek: twee tot drie keer per maand;2011;4.0
2462;Onderwijsniveau: 11 Basisonderwijs;Kerkbezoek: twee tot drie keer per maand;2012;4.0
2463;Onderwijsniveau: 11 Basisonderwijs;Kerkbezoek: twee tot drie keer per maand;2013;3.0
2464;Onderwijsniveau: 11 Basisonderwijs;Kerkbezoek: twee tot drie keer per maand;2014;4.0
2465;Onderwijsniveau: 11 Basisonderwijs;Kerkbezoek: twee tot drie keer per maand;2015;3.0
2466;Onderwijsniveau: 11 Basisonderwijs;Kerkbezoek: twee tot drie keer per maand;2016;4.0
2467;Onderwijsniveau: 11 Basisonderwijs;Kerkbezoek: twee tot drie keer per maand;2017;4.0
2468;Onderwijsniveau: 11 Basisonderwijs;Kerkbezoek: twee tot drie keer per maand;2018;6.0
2469;Onderwijsniveau: 11 Basisonderwijs;Kerkbezoek: twee tot drie keer per maand;2019;2.0
2470;Onderwijsniveau: 11 Basisonderwijs;Kerkbezoek: twee tot drie keer per maand;2020;1.0
2471;Onderwijsniveau: 11 Basisonderwijs;Kerkbezoek: twee tot drie keer per maand;2021;3.0
2472;Onderwijsniveau: 11 Basisonderwijs;Kerkbezoek: twee tot drie keer per maand;2022;2.0
2473;Onderwijsniveau: 11 Basisonderwijs;Kerkbezoek: twee tot drie keer per maand;2023;4.0
2474;Onderwijsniveau: 11 Basisonderwijs;Kerkbezoek: twee tot drie keer per maand;2024;6.0
2475;Onderwijsniveau: 11 Basisonderwijs;Kerkbezoek: één keer per maand;2010;4.0
2476;Onderwijsniveau: 11 Basisonderwijs;Kerkbezoek: één keer per maand;2011;3.0
2477;Onderwijsniveau: 11 Basisonderwijs;Kerkbezoek: één keer per maand;2012;3.0
2478;Onderwijsniveau: 11 Basisonderwijs;Kerkbezoek: één keer per maand;2013;3.0
2479;Onderwijsniveau: 11 Basisonderwijs;Kerkbezoek: één keer per maand;2014;3.0
2480;Onderwijsniveau: 11 Basisonderwijs;Kerkbezoek: één keer per maand;2015;3.0
2481;Onderwijsniveau: 11 Basisonderwijs;Kerkbezoek: één keer per maand;2016;3.0
2482;Onderwijsniveau: 11 Basisonderwijs;Kerkbezoek: één keer per maand;2017;3.0
2483;Onderwijsniveau: 11 Basisonderwijs;Kerkbezoek: één keer per maand;2018;2.0
2484;Onderwijsniveau: 11 Basisonderwijs;Kerkbezoek: één keer per maand;2019;3.0
2485;Onderwijsniveau: 11 Basisonderwijs;Kerkbezoek: één keer per maand;2020;3.0
2486;Onderwijsniveau: 11 Basisonderwijs;Kerkbezoek: één keer per maand;2021;3.0
2487;Onderwijsniveau: 11 Basisonderwijs;Kerkbezoek: één keer per maand;2022;3.0
2488;Onderwijsniveau: 11 Basisonderwijs;Kerkbezoek: één keer per maand;2023;3.0
2489;Onderwijsniveau: 11 Basisonderwijs;Kerkbezoek: één keer per maand;2024;5.0
2490;Onderwijsniveau: 11 Basisonderwijs;Kerkbezoek: minder dan één keer per mnd;2010;8.0
2491;Onderwijsniveau: 11 Basisonderwijs;Kerkbezoek: minder dan één keer per mnd;2011;7.0
2492;Onderwijsniveau: 11 Basisonderwijs;Kerkbezoek: minder dan één keer per mnd;2012;6.0
2493;Onderwijsniveau: 11 Basisonderwijs;Kerkbezoek: minder dan één keer per mnd;2013;6.0
2494;Onderwijsniveau: 11 Basisonderwijs;Kerkbezoek: minder dan één keer per mnd;2014;7.0
2495;Onderwijsniveau: 11 Basisonderwijs;Kerkbezoek: minder dan één keer per mnd;2015;7.0
2496;Onderwijsniveau: 11 Basisonderwijs;Kerkbezoek: minder dan één keer per mnd;2016;7.0
2497;Onderwijsniveau: 11 Basisonderwijs;Kerkbezoek: minder dan één keer per mnd;2017;8.0
2498;Onderwijsniveau: 11 Basisonderwijs;Kerkbezoek: minder dan één keer per mnd;2018;8.0
2499;Onderwijsniveau: 11 Basisonderwijs;Kerkbezoek: minder dan één keer per mnd;2019;7.0
2500;Onderwijsniveau: 11 Basisonderwijs;Kerkbezoek: minder dan één keer per mnd;2020;5.0
2501;Onderwijsniveau: 11 Basisonderwijs;Kerkbezoek: minder dan één keer per mnd;2021;4.0
2502;Onderwijsniveau: 11 Basisonderwijs;Kerkbezoek: minder dan één keer per mnd;2022;5.0
2503;Onderwijsniveau: 11 Basisonderwijs;Kerkbezoek: minder dan één keer per mnd;2023;5.0
2504;Onderwijsniveau: 11 Basisonderwijs;Kerkbezoek: minder dan één keer per mnd;2024;4.0
2505;Onderwijsniveau: 11 Basisonderwijs;Kerkbezoek: zelden of nooit;2010;72.0
2506;Onderwijsniveau: 11 Basisonderwijs;Kerkbezoek: zelden of nooit;2011;74.0
2507;Onderwijsniveau: 11 Basisonderwijs;Kerkbezoek: zelden of nooit;2012;75.0
2508;Onderwijsniveau: 11 Basisonderwijs;Kerkbezoek: zelden of nooit;2013;75.0
2509;Onderwijsniveau: 11 Basisonderwijs;Kerkbezoek: zelden of nooit;2014;74.0
2510;Onderwijsniveau: 11 Basisonderwijs;Kerkbezoek: zelden of nooit;2015;74.0
2511;Onderwijsniveau: 11 Basisonderwijs;Kerkbezoek: zelden of nooit;2016;75.0
2512;Onderwijsniveau: 11 Basisonderwijs;Kerkbezoek: zelden of nooit;2017;73.0
2513;Onderwijsniveau: 11 Basisonderwijs;Kerkbezoek: zelden of nooit;2018;74.0
2514;Onderwijsniveau: 11 Basisonderwijs;Kerkbezoek: zelden of nooit;2019;74.0
2515;Onderwijsniveau: 11 Basisonderwijs;Kerkbezoek: zelden of nooit;2020;75.0
2516;Onderwijsniveau: 11 Basisonderwijs;Kerkbezoek: zelden of nooit;2021;78.0
2517;Onderwijsniveau: 11 Basisonderwijs;Kerkbezoek: zelden of nooit;2022;83.0
2518;Onderwijsniveau: 11 Basisonderwijs;Kerkbezoek: zelden of nooit;2023;79.0
2519;Onderwijsniveau: 11 Basisonderwijs;Kerkbezoek: zelden of nooit;2024;71.0
2520;Onderwijsniveau: 12 Vmbo, mbo1, ...;Kerkelijke gezindte: geen;2010;40.0
2521;Onderwijsniveau: 12 Vmbo, mbo1, ...;Kerkelijke gezindte: geen;2011;41.0
2522;Onderwijsniveau: 12 Vmbo, mbo1, ...;Kerkelijke gezindte: geen;2012;42.0
2523;Onderwijsniveau: 12 Vmbo, mbo1, ...;Kerkelijke gezindte: geen;2013;42.0
2524;Onderwijsniveau: 12 Vmbo, mbo1, ...;Kerkelijke gezindte: geen;2014;44.0
2525;Onderwijsniveau: 12 Vmbo, mbo1, ...;Kerkelijke gezindte: geen;2015;44.0
2526;Onderwijsniveau: 12 Vmbo, mbo1, ...;Kerkelijke gezindte: geen;2016;42.0
2527;Onderwijsniveau: 12 Vmbo, mbo1, ...;Kerkelijke gezindte: geen;2017;43.0
2528;Onderwijsniveau: 12 Vmbo, mbo1, ...;Kerkelijke gezindte: geen;2018;47.0
2529;Onderwijsniveau: 12 Vmbo, mbo1, ...;Kerkelijke gezindte: geen;2019;46.0
2530;Onderwijsniveau: 12 Vmbo, mbo1, ...;Kerkelijke gezindte: geen;2020;48.0
2531;Onderwijsniveau: 12 Vmbo, mbo1, ...;Kerkelijke gezindte: geen;2021;49.0
2532;Onderwijsniveau: 12 Vmbo, mbo1, ...;Kerkelijke gezindte: geen;2022;49.0
2533;Onderwijsniveau: 12 Vmbo, mbo1, ...;Kerkelijke gezindte: geen;2023;49.0
2534;Onderwijsniveau: 12 Vmbo, mbo1, ...;Kerkelijke gezindte: geen;2024;51.0
2535;Onderwijsniveau: 12 Vmbo, mbo1, ...;Kerkelijke gezindte totaal;2010;61.0
2536;Onderwijsniveau: 12 Vmbo, mbo1, ...;Kerkelijke gezindte totaal;2011;59.0
2537;Onderwijsniveau: 12 Vmbo, mbo1, ...;Kerkelijke gezindte totaal;2012;58.0
2538;Onderwijsniveau: 12 Vmbo, mbo1, ...;Kerkelijke gezindte totaal;2013;57.0
2539;Onderwijsniveau: 12 Vmbo, mbo1, ...;Kerkelijke gezindte totaal;2014;56.0
2540;Onderwijsniveau: 12 Vmbo, mbo1, ...;Kerkelijke gezindte totaal;2015;56.0
2541;Onderwijsniveau: 12 Vmbo, mbo1, ...;Kerkelijke gezindte totaal;2016;58.0
2542;Onderwijsniveau: 12 Vmbo, mbo1, ...;Kerkelijke gezindte totaal;2017;57.0
2543;Onderwijsniveau: 12 Vmbo, mbo1, ...;Kerkelijke gezindte totaal;2018;53.0
2544;Onderwijsniveau: 12 Vmbo, mbo1, ...;Kerkelijke gezindte totaal;2019;54.0
2545;Onderwijsniveau: 12 Vmbo, mbo1, ...;Kerkelijke gezindte totaal;2020;52.0
2546;Onderwijsniveau: 12 Vmbo, mbo1, ...;Kerkelijke gezindte totaal;2021;51.0
2547;Onderwijsniveau: 12 Vmbo, mbo1, ...;Kerkelijke gezindte totaal;2022;51.0
2548;Onderwijsniveau: 12 Vmbo, mbo1, ...;Kerkelijke gezindte totaal;2023;51.0
2549;Onderwijsniveau: 12 Vmbo, mbo1, ...;Kerkelijke gezindte totaal;2024;49.0
2550;Onderwijsniveau: 12 Vmbo, mbo1, ...;Kerkelijke gezindte: rooms-katholiek;2010;31.0
2551;Onderwijsniveau: 12 Vmbo, mbo1, ...;Kerkelijke gezindte: rooms-katholiek;2011;30.0
2552;Onderwijsniveau: 12 Vmbo, mbo1, ...;Kerkelijke gezindte: rooms-katholiek;2012;28.0
2553;Onderwijsniveau: 12 Vmbo, mbo1, ...;Kerkelijke gezindte: rooms-katholiek;2013;30.0
2554;Onderwijsniveau: 12 Vmbo, mbo1, ...;Kerkelijke gezindte: rooms-katholiek;2014;28.0
2555;Onderwijsniveau: 12 Vmbo, mbo1, ...;Kerkelijke gezindte: rooms-katholiek;2015;29.0
2556;Onderwijsniveau: 12 Vmbo, mbo1, ...;Kerkelijke gezindte: rooms-katholiek;2016;28.0
2557;Onderwijsniveau: 12 Vmbo, mbo1, ...;Kerkelijke gezindte: rooms-katholiek;2017;29.0
2558;Onderwijsniveau: 12 Vmbo, mbo1, ...;Kerkelijke gezindte: rooms-katholiek;2018;26.0
2559;Onderwijsniveau: 12 Vmbo, mbo1, ...;Kerkelijke gezindte: rooms-katholiek;2019;26.0
2560;Onderwijsniveau: 12 Vmbo, mbo1, ...;Kerkelijke gezindte: rooms-katholiek;2020;27.0
2561;Onderwijsniveau: 12 Vmbo, mbo1, ...;Kerkelijke gezindte: rooms-katholiek;2021;22.0
2562;Onderwijsniveau: 12 Vmbo, mbo1, ...;Kerkelijke gezindte: rooms-katholiek;2022;24.0
2563;Onderwijsniveau: 12 Vmbo, mbo1, ...;Kerkelijke gezindte: rooms-katholiek;2023;24.0
2564;Onderwijsniveau: 12 Vmbo, mbo1, ...;Kerkelijke gezindte: rooms-katholiek;2024;20.0
2565;Onderwijsniveau: 12 Vmbo, mbo1, ...;Protestants;2010;
2566;Onderwijsniveau: 12 Vmbo, mbo1, ...;Protestants;2011;
2567;Onderwijsniveau: 12 Vmbo, mbo1, ...;Protestants;2012;
2568;Onderwijsniveau: 12 Vmbo, mbo1, ...;Protestants;2013;
2569;Onderwijsniveau: 12 Vmbo, mbo1, ...;Protestants;2014;
2570;Onderwijsniveau: 12 Vmbo, mbo1, ...;Protestants;2015;
2571;Onderwijsniveau: 12 Vmbo, mbo1, ...;Protestants;2016;
2572;Onderwijsniveau: 12 Vmbo, mbo1, ...;Protestants;2017;
2573;Onderwijsniveau: 12 Vmbo, mbo1, ...;Protestants;2018;
2574;Onderwijsniveau: 12 Vmbo, mbo1, ...;Protestants;2019;17.0
2575;Onderwijsniveau: 12 Vmbo, mbo1, ...;Protestants;2020;17.0
2576;Onderwijsniveau: 12 Vmbo, mbo1, ...;Protestants;2021;16.0
2577;Onderwijsniveau: 12 Vmbo, mbo1, ...;Protestants;2022;14.0
2578;Onderwijsniveau: 12 Vmbo, mbo1, ...;Protestants;2023;14.0
2579;Onderwijsniveau: 12 Vmbo, mbo1, ...;Protestants;2024;16.0
2580;Onderwijsniveau: 12 Vmbo, mbo1, ...;Kerkelijke gezindte: PKN;2010;6.0
2581;Onderwijsniveau: 12 Vmbo, mbo1, ...;Kerkelijke gezindte: PKN;2011;5.0
2582;Onderwijsniveau: 12 Vmbo, mbo1, ...;Kerkelijke gezindte: PKN;2012;6.0
2583;Onderwijsniveau: 12 Vmbo, mbo1, ...;Kerkelijke gezindte: PKN;2013;5.0
2584;Onderwijsniveau: 12 Vmbo, mbo1, ...;Kerkelijke gezindte: PKN;2014;5.0
2585;Onderwijsniveau: 12 Vmbo, mbo1, ...;Kerkelijke gezindte: PKN;2015;6.0
2586;Onderwijsniveau: 12 Vmbo, mbo1, ...;Kerkelijke gezindte: PKN;2016;6.0
2587;Onderwijsniveau: 12 Vmbo, mbo1, ...;Kerkelijke gezindte: PKN;2017;5.0
2588;Onderwijsniveau: 12 Vmbo, mbo1, ...;Kerkelijke gezindte: PKN;2018;5.0
2589;Onderwijsniveau: 12 Vmbo, mbo1, ...;Kerkelijke gezindte: PKN;2019;
2590;Onderwijsniveau: 12 Vmbo, mbo1, ...;Kerkelijke gezindte: PKN;2020;
2591;Onderwijsniveau: 12 Vmbo, mbo1, ...;Kerkelijke gezindte: PKN;2021;
2592;Onderwijsniveau: 12 Vmbo, mbo1, ...;Kerkelijke gezindte: PKN;2022;
2593;Onderwijsniveau: 12 Vmbo, mbo1, ...;Kerkelijke gezindte: PKN;2023;
2594;Onderwijsniveau: 12 Vmbo, mbo1, ...;Kerkelijke gezindte: PKN;2024;
2595;Onderwijsniveau: 12 Vmbo, mbo1, ...;Kerkelijke gezindte: Nederlands hervormd;2010;9.0
2596;Onderwijsniveau: 12 Vmbo, mbo1, ...;Kerkelijke gezindte: Nederlands hervormd;2011;9.0
2597;Onderwijsniveau: 12 Vmbo, mbo1, ...;Kerkelijke gezindte: Nederlands hervormd;2012;10.0
2598;Onderwijsniveau: 12 Vmbo, mbo1, ...;Kerkelijke gezindte: Nederlands hervormd;2013;9.0
2599;Onderwijsniveau: 12 Vmbo, mbo1, ...;Kerkelijke gezindte: Nederlands hervormd;2014;9.0
2600;Onderwijsniveau: 12 Vmbo, mbo1, ...;Kerkelijke gezindte: Nederlands hervormd;2015;9.0
2601;Onderwijsniveau: 12 Vmbo, mbo1, ...;Kerkelijke gezindte: Nederlands hervormd;2016;9.0
2602;Onderwijsniveau: 12 Vmbo, mbo1, ...;Kerkelijke gezindte: Nederlands hervormd;2017;8.0
2603;Onderwijsniveau: 12 Vmbo, mbo1, ...;Kerkelijke gezindte: Nederlands hervormd;2018;8.0
2604;Onderwijsniveau: 12 Vmbo, mbo1, ...;Kerkelijke gezindte: Nederlands hervormd;2019;
2605;Onderwijsniveau: 12 Vmbo, mbo1, ...;Kerkelijke gezindte: Nederlands hervormd;2020;
2606;Onderwijsniveau: 12 Vmbo, mbo1, ...;Kerkelijke gezindte: Nederlands hervormd;2021;
2607;Onderwijsniveau: 12 Vmbo, mbo1, ...;Kerkelijke gezindte: Nederlands hervormd;2022;
2608;Onderwijsniveau: 12 Vmbo, mbo1, ...;Kerkelijke gezindte: Nederlands hervormd;2023;
2609;Onderwijsniveau: 12 Vmbo, mbo1, ...;Kerkelijke gezindte: Nederlands hervormd;2024;
2610;Onderwijsniveau: 12 Vmbo, mbo1, ...;Kerkelijke gezindte: gereformeerd;2010;4.0
2611;Onderwijsniveau: 12 Vmbo, mbo1, ...;Kerkelijke gezindte: gereformeerd;2011;4.0
2612;Onderwijsniveau: 12 Vmbo, mbo1, ...;Kerkelijke gezindte: gereformeerd;2012;4.0
2613;Onderwijsniveau: 12 Vmbo, mbo1, ...;Kerkelijke gezindte: gereformeerd;2013;4.0
2614;Onderwijsniveau: 12 Vmbo, mbo1, ...;Kerkelijke gezindte: gereformeerd;2014;4.0
2615;Onderwijsniveau: 12 Vmbo, mbo1, ...;Kerkelijke gezindte: gereformeerd;2015;4.0
2616;Onderwijsniveau: 12 Vmbo, mbo1, ...;Kerkelijke gezindte: gereformeerd;2016;4.0
2617;Onderwijsniveau: 12 Vmbo, mbo1, ...;Kerkelijke gezindte: gereformeerd;2017;4.0
2618;Onderwijsniveau: 12 Vmbo, mbo1, ...;Kerkelijke gezindte: gereformeerd;2018;3.0
2619;Onderwijsniveau: 12 Vmbo, mbo1, ...;Kerkelijke gezindte: gereformeerd;2019;
2620;Onderwijsniveau: 12 Vmbo, mbo1, ...;Kerkelijke gezindte: gereformeerd;2020;
2621;Onderwijsniveau: 12 Vmbo, mbo1, ...;Kerkelijke gezindte: gereformeerd;2021;
2622;Onderwijsniveau: 12 Vmbo, mbo1, ...;Kerkelijke gezindte: gereformeerd;2022;
2623;Onderwijsniveau: 12 Vmbo, mbo1, ...;Kerkelijke gezindte: gereformeerd;2023;
2624;Onderwijsniveau: 12 Vmbo, mbo1, ...;Kerkelijke gezindte: gereformeerd;2024;
2625;Onderwijsniveau: 12 Vmbo, mbo1, ...;Kerkelijke gezindte: Islam;2010;5.0
2626;Onderwijsniveau: 12 Vmbo, mbo1, ...;Kerkelijke gezindte: Islam;2011;6.0
2627;Onderwijsniveau: 12 Vmbo, mbo1, ...;Kerkelijke gezindte: Islam;2012;6.0
2628;Onderwijsniveau: 12 Vmbo, mbo1, ...;Kerkelijke gezindte: Islam;2013;5.0
2629;Onderwijsniveau: 12 Vmbo, mbo1, ...;Kerkelijke gezindte: Islam;2014;6.0
2630;Onderwijsniveau: 12 Vmbo, mbo1, ...;Kerkelijke gezindte: Islam;2015;5.0
2631;Onderwijsniveau: 12 Vmbo, mbo1, ...;Kerkelijke gezindte: Islam;2016;6.0
2632;Onderwijsniveau: 12 Vmbo, mbo1, ...;Kerkelijke gezindte: Islam;2017;5.0
2633;Onderwijsniveau: 12 Vmbo, mbo1, ...;Kerkelijke gezindte: Islam;2018;6.0
2634;Onderwijsniveau: 12 Vmbo, mbo1, ...;Kerkelijke gezindte: Islam;2019;5.0
2635;Onderwijsniveau: 12 Vmbo, mbo1, ...;Kerkelijke gezindte: Islam;2020;5.0
2636;Onderwijsniveau: 12 Vmbo, mbo1, ...;Kerkelijke gezindte: Islam;2021;7.0
2637;Onderwijsniveau: 12 Vmbo, mbo1, ...;Kerkelijke gezindte: Islam;2022;7.0
2638;Onderwijsniveau: 12 Vmbo, mbo1, ...;Kerkelijke gezindte: Islam;2023;8.0
2639;Onderwijsniveau: 12 Vmbo, mbo1, ...;Kerkelijke gezindte: Islam;2024;8.0
2640;Onderwijsniveau: 12 Vmbo, mbo1, ...;Kerkelijke gezindte: overige;2010;5.0
2641;Onderwijsniveau: 12 Vmbo, mbo1, ...;Kerkelijke gezindte: overige;2011;5.0
2642;Onderwijsniveau: 12 Vmbo, mbo1, ...;Kerkelijke gezindte: overige;2012;5.0
2643;Onderwijsniveau: 12 Vmbo, mbo1, ...;Kerkelijke gezindte: overige;2013;5.0
2644;Onderwijsniveau: 12 Vmbo, mbo1, ...;Kerkelijke gezindte: overige;2014;4.0
2645;Onderwijsniveau: 12 Vmbo, mbo1, ...;Kerkelijke gezindte: overige;2015;5.0
2646;Onderwijsniveau: 12 Vmbo, mbo1, ...;Kerkelijke gezindte: overige;2016;6.0
2647;Onderwijsniveau: 12 Vmbo, mbo1, ...;Kerkelijke gezindte: overige;2017;5.0
2648;Onderwijsniveau: 12 Vmbo, mbo1, ...;Kerkelijke gezindte: overige;2018;4.0
2649;Onderwijsniveau: 12 Vmbo, mbo1, ...;Kerkelijke gezindte: overige;2019;6.0
2650;Onderwijsniveau: 12 Vmbo, mbo1, ...;Kerkelijke gezindte: overige;2020;3.0
2651;Onderwijsniveau: 12 Vmbo, mbo1, ...;Kerkelijke gezindte: overige;2021;5.0
2652;Onderwijsniveau: 12 Vmbo, mbo1, ...;Kerkelijke gezindte: overige;2022;7.0
2653;Onderwijsniveau: 12 Vmbo, mbo1, ...;Kerkelijke gezindte: overige;2023;5.0
2654;Onderwijsniveau: 12 Vmbo, mbo1, ...;Kerkelijke gezindte: overige;2024;5.0
2655;Onderwijsniveau: 12 Vmbo, mbo1, ...;Kerkbezoek: één keer per week of vaker;2010;12.0
2656;Onderwijsniveau: 12 Vmbo, mbo1, ...;Kerkbezoek: één keer per week of vaker;2011;12.0
2657;Onderwijsniveau: 12 Vmbo, mbo1, ...;Kerkbezoek: één keer per week of vaker;2012;12.0
2658;Onderwijsniveau: 12 Vmbo, mbo1, ...;Kerkbezoek: één keer per week of vaker;2013;12.0
2659;Onderwijsniveau: 12 Vmbo, mbo1, ...;Kerkbezoek: één keer per week of vaker;2014;11.0
2660;Onderwijsniveau: 12 Vmbo, mbo1, ...;Kerkbezoek: één keer per week of vaker;2015;11.0
2661;Onderwijsniveau: 12 Vmbo, mbo1, ...;Kerkbezoek: één keer per week of vaker;2016;12.0
2662;Onderwijsniveau: 12 Vmbo, mbo1, ...;Kerkbezoek: één keer per week of vaker;2017;11.0
2663;Onderwijsniveau: 12 Vmbo, mbo1, ...;Kerkbezoek: één keer per week of vaker;2018;12.0
2664;Onderwijsniveau: 12 Vmbo, mbo1, ...;Kerkbezoek: één keer per week of vaker;2019;12.0
2665;Onderwijsniveau: 12 Vmbo, mbo1, ...;Kerkbezoek: één keer per week of vaker;2020;10.0
2666;Onderwijsniveau: 12 Vmbo, mbo1, ...;Kerkbezoek: één keer per week of vaker;2021;9.0
2667;Onderwijsniveau: 12 Vmbo, mbo1, ...;Kerkbezoek: één keer per week of vaker;2022;9.0
2668;Onderwijsniveau: 12 Vmbo, mbo1, ...;Kerkbezoek: één keer per week of vaker;2023;8.0
2669;Onderwijsniveau: 12 Vmbo, mbo1, ...;Kerkbezoek: één keer per week of vaker;2024;10.0
2670;Onderwijsniveau: 12 Vmbo, mbo1, ...;Kerkbezoek: twee tot drie keer per maand;2010;4.0
2671;Onderwijsniveau: 12 Vmbo, mbo1, ...;Kerkbezoek: twee tot drie keer per maand;2011;4.0
2672;Onderwijsniveau: 12 Vmbo, mbo1, ...;Kerkbezoek: twee tot drie keer per maand;2012;4.0
2673;Onderwijsniveau: 12 Vmbo, mbo1, ...;Kerkbezoek: twee tot drie keer per maand;2013;4.0
2674;Onderwijsniveau: 12 Vmbo, mbo1, ...;Kerkbezoek: twee tot drie keer per maand;2014;4.0
2675;Onderwijsniveau: 12 Vmbo, mbo1, ...;Kerkbezoek: twee tot drie keer per maand;2015;4.0
2676;Onderwijsniveau: 12 Vmbo, mbo1, ...;Kerkbezoek: twee tot drie keer per maand;2016;4.0
2677;Onderwijsniveau: 12 Vmbo, mbo1, ...;Kerkbezoek: twee tot drie keer per maand;2017;4.0
2678;Onderwijsniveau: 12 Vmbo, mbo1, ...;Kerkbezoek: twee tot drie keer per maand;2018;4.0
2679;Onderwijsniveau: 12 Vmbo, mbo1, ...;Kerkbezoek: twee tot drie keer per maand;2019;3.0
2680;Onderwijsniveau: 12 Vmbo, mbo1, ...;Kerkbezoek: twee tot drie keer per maand;2020;3.0
2681;Onderwijsniveau: 12 Vmbo, mbo1, ...;Kerkbezoek: twee tot drie keer per maand;2021;3.0
2682;Onderwijsniveau: 12 Vmbo, mbo1, ...;Kerkbezoek: twee tot drie keer per maand;2022;3.0
2683;Onderwijsniveau: 12 Vmbo, mbo1, ...;Kerkbezoek: twee tot drie keer per maand;2023;3.0
2684;Onderwijsniveau: 12 Vmbo, mbo1, ...;Kerkbezoek: twee tot drie keer per maand;2024;3.0
2685;Onderwijsniveau: 12 Vmbo, mbo1, ...;Kerkbezoek: één keer per maand;2010;4.0
2686;Onderwijsniveau: 12 Vmbo, mbo1, ...;Kerkbezoek: één keer per maand;2011;4.0
2687;Onderwijsniveau: 12 Vmbo, mbo1, ...;Kerkbezoek: één keer per maand;2012;4.0
2688;Onderwijsniveau: 12 Vmbo, mbo1, ...;Kerkbezoek: één keer per maand;2013;3.0
2689;Onderwijsniveau: 12 Vmbo, mbo1, ...;Kerkbezoek: één keer per maand;2014;3.0
2690;Onderwijsniveau: 12 Vmbo, mbo1, ...;Kerkbezoek: één keer per maand;2015;4.0
2691;Onderwijsniveau: 12 Vmbo, mbo1, ...;Kerkbezoek: één keer per maand;2016;3.0
2692;Onderwijsniveau: 12 Vmbo, mbo1, ...;Kerkbezoek: één keer per maand;2017;4.0
2693;Onderwijsniveau: 12 Vmbo, mbo1, ...;Kerkbezoek: één keer per maand;2018;1.0
2694;Onderwijsniveau: 12 Vmbo, mbo1, ...;Kerkbezoek: één keer per maand;2019;3.0
2695;Onderwijsniveau: 12 Vmbo, mbo1, ...;Kerkbezoek: één keer per maand;2020;3.0
2696;Onderwijsniveau: 12 Vmbo, mbo1, ...;Kerkbezoek: één keer per maand;2021;2.0
2697;Onderwijsniveau: 12 Vmbo, mbo1, ...;Kerkbezoek: één keer per maand;2022;3.0
2698;Onderwijsniveau: 12 Vmbo, mbo1, ...;Kerkbezoek: één keer per maand;2023;3.0
2699;Onderwijsniveau: 12 Vmbo, mbo1, ...;Kerkbezoek: één keer per maand;2024;3.0
2700;Onderwijsniveau: 12 Vmbo, mbo1, ...;Kerkbezoek: minder dan één keer per mnd;2010;8.0
2701;Onderwijsniveau: 12 Vmbo, mbo1, ...;Kerkbezoek: minder dan één keer per mnd;2011;8.0
2702;Onderwijsniveau: 12 Vmbo, mbo1, ...;Kerkbezoek: minder dan één keer per mnd;2012;7.0
2703;Onderwijsniveau: 12 Vmbo, mbo1, ...;Kerkbezoek: minder dan één keer per mnd;2013;7.0
2704;Onderwijsniveau: 12 Vmbo, mbo1, ...;Kerkbezoek: minder dan één keer per mnd;2014;7.0
2705;Onderwijsniveau: 12 Vmbo, mbo1, ...;Kerkbezoek: minder dan één keer per mnd;2015;7.0
2706;Onderwijsniveau: 12 Vmbo, mbo1, ...;Kerkbezoek: minder dan één keer per mnd;2016;7.0
2707;Onderwijsniveau: 12 Vmbo, mbo1, ...;Kerkbezoek: minder dan één keer per mnd;2017;8.0
2708;Onderwijsniveau: 12 Vmbo, mbo1, ...;Kerkbezoek: minder dan één keer per mnd;2018;6.0
2709;Onderwijsniveau: 12 Vmbo, mbo1, ...;Kerkbezoek: minder dan één keer per mnd;2019;7.0
2710;Onderwijsniveau: 12 Vmbo, mbo1, ...;Kerkbezoek: minder dan één keer per mnd;2020;6.0
2711;Onderwijsniveau: 12 Vmbo, mbo1, ...;Kerkbezoek: minder dan één keer per mnd;2021;5.0
2712;Onderwijsniveau: 12 Vmbo, mbo1, ...;Kerkbezoek: minder dan één keer per mnd;2022;5.0
2713;Onderwijsniveau: 12 Vmbo, mbo1, ...;Kerkbezoek: minder dan één keer per mnd;2023;6.0
2714;Onderwijsniveau: 12 Vmbo, mbo1, ...;Kerkbezoek: minder dan één keer per mnd;2024;5.0
2715;Onderwijsniveau: 12 Vmbo, mbo1, ...;Kerkbezoek: zelden of nooit;2010;71.0
2716;Onderwijsniveau: 12 Vmbo, mbo1, ...;Kerkbezoek: zelden of nooit;2011;72.0
2717;Onderwijsniveau: 12 Vmbo, mbo1, ...;Kerkbezoek: zelden of nooit;2012;74.0
2718;Onderwijsniveau: 12 Vmbo, mbo1, ...;Kerkbezoek: zelden of nooit;2013;75.0
2719;Onderwijsniveau: 12 Vmbo, mbo1, ...;Kerkbezoek: zelden of nooit;2014;75.0
2720;Onderwijsniveau: 12 Vmbo, mbo1, ...;Kerkbezoek: zelden of nooit;2015;75.0
2721;Onderwijsniveau: 12 Vmbo, mbo1, ...;Kerkbezoek: zelden of nooit;2016;74.0
2722;Onderwijsniveau: 12 Vmbo, mbo1, ...;Kerkbezoek: zelden of nooit;2017;74.0
2723;Onderwijsniveau: 12 Vmbo, mbo1, ...;Kerkbezoek: zelden of nooit;2018;77.0
2724;Onderwijsniveau: 12 Vmbo, mbo1, ...;Kerkbezoek: zelden of nooit;2019;75.0
2725;Onderwijsniveau: 12 Vmbo, mbo1, ...;Kerkbezoek: zelden of nooit;2020;79.0
2726;Onderwijsniveau: 12 Vmbo, mbo1, ...;Kerkbezoek: zelden of nooit;2021;81.0
2727;Onderwijsniveau: 12 Vmbo, mbo1, ...;Kerkbezoek: zelden of nooit;2022;79.0
2728;Onderwijsniveau: 12 Vmbo, mbo1, ...;Kerkbezoek: zelden of nooit;2023;80.0
2729;Onderwijsniveau: 12 Vmbo, mbo1, ...;Kerkbezoek: zelden of nooit;2024;80.0
2730;Onderwijsniveau: 21 Havo, vwo, mbo2-4;Kerkelijke gezindte: geen;2010;47.0
2731;Onderwijsniveau: 21 Havo, vwo, mbo2-4;Kerkelijke gezindte: geen;2011;48.0
2732;Onderwijsniveau: 21 Havo, vwo, mbo2-4;Kerkelijke gezindte: geen;2012;48.0
2733;Onderwijsniveau: 21 Havo, vwo, mbo2-4;Kerkelijke gezindte: geen;2013;47.0
2734;Onderwijsniveau: 21 Havo, vwo, mbo2-4;Kerkelijke gezindte: geen;2014;50.0
2735;Onderwijsniveau: 21 Havo, vwo, mbo2-4;Kerkelijke gezindte: geen;2015;51.0
2736;Onderwijsniveau: 21 Havo, vwo, mbo2-4;Kerkelijke gezindte: geen;2016;51.0
2737;Onderwijsniveau: 21 Havo, vwo, mbo2-4;Kerkelijke gezindte: geen;2017;52.0
2738;Onderwijsniveau: 21 Havo, vwo, mbo2-4;Kerkelijke gezindte: geen;2018;52.0
2739;Onderwijsniveau: 21 Havo, vwo, mbo2-4;Kerkelijke gezindte: geen;2019;57.0
2740;Onderwijsniveau: 21 Havo, vwo, mbo2-4;Kerkelijke gezindte: geen;2020;56.0
2741;Onderwijsniveau: 21 Havo, vwo, mbo2-4;Kerkelijke gezindte: geen;2021;59.0
2742;Onderwijsniveau: 21 Havo, vwo, mbo2-4;Kerkelijke gezindte: geen;2022;59.0
2743;Onderwijsniveau: 21 Havo, vwo, mbo2-4;Kerkelijke gezindte: geen;2023;59.0
2744;Onderwijsniveau: 21 Havo, vwo, mbo2-4;Kerkelijke gezindte: geen;2024;57.0
2745;Onderwijsniveau: 21 Havo, vwo, mbo2-4;Kerkelijke gezindte totaal;2010;54.0
2746;Onderwijsniveau: 21 Havo, vwo, mbo2-4;Kerkelijke gezindte totaal;2011;52.0
2747;Onderwijsniveau: 21 Havo, vwo, mbo2-4;Kerkelijke gezindte totaal;2012;52.0
2748;Onderwijsniveau: 21 Havo, vwo, mbo2-4;Kerkelijke gezindte totaal;2013;53.0
2749;Onderwijsniveau: 21 Havo, vwo, mbo2-4;Kerkelijke gezindte totaal;2014;50.0
2750;Onderwijsniveau: 21 Havo, vwo, mbo2-4;Kerkelijke gezindte totaal;2015;49.0
2751;Onderwijsniveau: 21 Havo, vwo, mbo2-4;Kerkelijke gezindte totaal;2016;49.0
2752;Onderwijsniveau: 21 Havo, vwo, mbo2-4;Kerkelijke gezindte totaal;2017;48.0
2753;Onderwijsniveau: 21 Havo, vwo, mbo2-4;Kerkelijke gezindte totaal;2018;48.0
2754;Onderwijsniveau: 21 Havo, vwo, mbo2-4;Kerkelijke gezindte totaal;2019;43.0
2755;Onderwijsniveau: 21 Havo, vwo, mbo2-4;Kerkelijke gezindte totaal;2020;44.0
2756;Onderwijsniveau: 21 Havo, vwo, mbo2-4;Kerkelijke gezindte totaal;2021;41.0
2757;Onderwijsniveau: 21 Havo, vwo, mbo2-4;Kerkelijke gezindte totaal;2022;41.0
2758;Onderwijsniveau: 21 Havo, vwo, mbo2-4;Kerkelijke gezindte totaal;2023;41.0
2759;Onderwijsniveau: 21 Havo, vwo, mbo2-4;Kerkelijke gezindte totaal;2024;43.0
2760;Onderwijsniveau: 21 Havo, vwo, mbo2-4;Kerkelijke gezindte: rooms-katholiek;2010;27.0
2761;Onderwijsniveau: 21 Havo, vwo, mbo2-4;Kerkelijke gezindte: rooms-katholiek;2011;27.0
2762;Onderwijsniveau: 21 Havo, vwo, mbo2-4;Kerkelijke gezindte: rooms-katholiek;2012;26.0
2763;Onderwijsniveau: 21 Havo, vwo, mbo2-4;Kerkelijke gezindte: rooms-katholiek;2013;26.0
2764;Onderwijsniveau: 21 Havo, vwo, mbo2-4;Kerkelijke gezindte: rooms-katholiek;2014;25.0
2765;Onderwijsniveau: 21 Havo, vwo, mbo2-4;Kerkelijke gezindte: rooms-katholiek;2015;23.0
2766;Onderwijsniveau: 21 Havo, vwo, mbo2-4;Kerkelijke gezindte: rooms-katholiek;2016;24.0
2767;Onderwijsniveau: 21 Havo, vwo, mbo2-4;Kerkelijke gezindte: rooms-katholiek;2017;24.0
2768;Onderwijsniveau: 21 Havo, vwo, mbo2-4;Kerkelijke gezindte: rooms-katholiek;2018;23.0
2769;Onderwijsniveau: 21 Havo, vwo, mbo2-4;Kerkelijke gezindte: rooms-katholiek;2019;19.0
2770;Onderwijsniveau: 21 Havo, vwo, mbo2-4;Kerkelijke gezindte: rooms-katholiek;2020;20.0
2771;Onderwijsniveau: 21 Havo, vwo, mbo2-4;Kerkelijke gezindte: rooms-katholiek;2021;19.0
2772;Onderwijsniveau: 21 Havo, vwo, mbo2-4;Kerkelijke gezindte: rooms-katholiek;2022;17.0
2773;Onderwijsniveau: 21 Havo, vwo, mbo2-4;Kerkelijke gezindte: rooms-katholiek;2023;16.0
2774;Onderwijsniveau: 21 Havo, vwo, mbo2-4;Kerkelijke gezindte: rooms-katholiek;2024;16.0
2775;Onderwijsniveau: 21 Havo, vwo, mbo2-4;Protestants;2010;
2776;Onderwijsniveau: 21 Havo, vwo, mbo2-4;Protestants;2011;
2777;Onderwijsniveau: 21 Havo, vwo, mbo2-4;Protestants;2012;
2778;Onderwijsniveau: 21 Havo, vwo, mbo2-4;Protestants;2013;
2779;Onderwijsniveau: 21 Havo, vwo, mbo2-4;Protestants;2014;
2780;Onderwijsniveau: 21 Havo, vwo, mbo2-4;Protestants;2015;
2781;Onderwijsniveau: 21 Havo, vwo, mbo2-4;Protestants;2016;
2782;Onderwijsniveau: 21 Havo, vwo, mbo2-4;Protestants;2017;
2783;Onderwijsniveau: 21 Havo, vwo, mbo2-4;Protestants;2018;
2784;Onderwijsniveau: 21 Havo, vwo, mbo2-4;Protestants;2019;15.0
2785;Onderwijsniveau: 21 Havo, vwo, mbo2-4;Protestants;2020;16.0
2786;Onderwijsniveau: 21 Havo, vwo, mbo2-4;Protestants;2021;13.0
2787;Onderwijsniveau: 21 Havo, vwo, mbo2-4;Protestants;2022;14.0
2788;Onderwijsniveau: 21 Havo, vwo, mbo2-4;Protestants;2023;13.0
2789;Onderwijsniveau: 21 Havo, vwo, mbo2-4;Protestants;2024;14.0
2790;Onderwijsniveau: 21 Havo, vwo, mbo2-4;Kerkelijke gezindte: PKN;2010;6.0
2791;Onderwijsniveau: 21 Havo, vwo, mbo2-4;Kerkelijke gezindte: PKN;2011;6.0
2792;Onderwijsniveau: 21 Havo, vwo, mbo2-4;Kerkelijke gezindte: PKN;2012;6.0
2793;Onderwijsniveau: 21 Havo, vwo, mbo2-4;Kerkelijke gezindte: PKN;2013;5.0
2794;Onderwijsniveau: 21 Havo, vwo, mbo2-4;Kerkelijke gezindte: PKN;2014;6.0
2795;Onderwijsniveau: 21 Havo, vwo, mbo2-4;Kerkelijke gezindte: PKN;2015;6.0
2796;Onderwijsniveau: 21 Havo, vwo, mbo2-4;Kerkelijke gezindte: PKN;2016;6.0
2797;Onderwijsniveau: 21 Havo, vwo, mbo2-4;Kerkelijke gezindte: PKN;2017;5.0
2798;Onderwijsniveau: 21 Havo, vwo, mbo2-4;Kerkelijke gezindte: PKN;2018;7.0
2799;Onderwijsniveau: 21 Havo, vwo, mbo2-4;Kerkelijke gezindte: PKN;2019;
2800;Onderwijsniveau: 21 Havo, vwo, mbo2-4;Kerkelijke gezindte: PKN;2020;
2801;Onderwijsniveau: 21 Havo, vwo, mbo2-4;Kerkelijke gezindte: PKN;2021;
2802;Onderwijsniveau: 21 Havo, vwo, mbo2-4;Kerkelijke gezindte: PKN;2022;
2803;Onderwijsniveau: 21 Havo, vwo, mbo2-4;Kerkelijke gezindte: PKN;2023;
2804;Onderwijsniveau: 21 Havo, vwo, mbo2-4;Kerkelijke gezindte: PKN;2024;
2805;Onderwijsniveau: 21 Havo, vwo, mbo2-4;Kerkelijke gezindte: Nederlands hervormd;2010;8.0
2806;Onderwijsniveau: 21 Havo, vwo, mbo2-4;Kerkelijke gezindte: Nederlands hervormd;2011;7.0
2807;Onderwijsniveau: 21 Havo, vwo, mbo2-4;Kerkelijke gezindte: Nederlands hervormd;2012;7.0
2808;Onderwijsniveau: 21 Havo, vwo, mbo2-4;Kerkelijke gezindte: Nederlands hervormd;2013;7.0
2809;Onderwijsniveau: 21 Havo, vwo, mbo2-4;Kerkelijke gezindte: Nederlands hervormd;2014;6.0
2810;Onderwijsniveau: 21 Havo, vwo, mbo2-4;Kerkelijke gezindte: Nederlands hervormd;2015;6.0
2811;Onderwijsniveau: 21 Havo, vwo, mbo2-4;Kerkelijke gezindte: Nederlands hervormd;2016;6.0
2812;Onderwijsniveau: 21 Havo, vwo, mbo2-4;Kerkelijke gezindte: Nederlands hervormd;2017;6.0
2813;Onderwijsniveau: 21 Havo, vwo, mbo2-4;Kerkelijke gezindte: Nederlands hervormd;2018;7.0
2814;Onderwijsniveau: 21 Havo, vwo, mbo2-4;Kerkelijke gezindte: Nederlands hervormd;2019;
2815;Onderwijsniveau: 21 Havo, vwo, mbo2-4;Kerkelijke gezindte: Nederlands hervormd;2020;
2816;Onderwijsniveau: 21 Havo, vwo, mbo2-4;Kerkelijke gezindte: Nederlands hervormd;2021;
2817;Onderwijsniveau: 21 Havo, vwo, mbo2-4;Kerkelijke gezindte: Nederlands hervormd;2022;
2818;Onderwijsniveau: 21 Havo, vwo, mbo2-4;Kerkelijke gezindte: Nederlands hervormd;2023;
2819;Onderwijsniveau: 21 Havo, vwo, mbo2-4;Kerkelijke gezindte: Nederlands hervormd;2024;
2820;Onderwijsniveau: 21 Havo, vwo, mbo2-4;Kerkelijke gezindte: gereformeerd;2010;4.0
2821;Onderwijsniveau: 21 Havo, vwo, mbo2-4;Kerkelijke gezindte: gereformeerd;2011;4.0
2822;Onderwijsniveau: 21 Havo, vwo, mbo2-4;Kerkelijke gezindte: gereformeerd;2012;4.0
2823;Onderwijsniveau: 21 Havo, vwo, mbo2-4;Kerkelijke gezindte: gereformeerd;2013;4.0
2824;Onderwijsniveau: 21 Havo, vwo, mbo2-4;Kerkelijke gezindte: gereformeerd;2014;3.0
2825;Onderwijsniveau: 21 Havo, vwo, mbo2-4;Kerkelijke gezindte: gereformeerd;2015;4.0
2826;Onderwijsniveau: 21 Havo, vwo, mbo2-4;Kerkelijke gezindte: gereformeerd;2016;4.0
2827;Onderwijsniveau: 21 Havo, vwo, mbo2-4;Kerkelijke gezindte: gereformeerd;2017;3.0
2828;Onderwijsniveau: 21 Havo, vwo, mbo2-4;Kerkelijke gezindte: gereformeerd;2018;3.0
2829;Onderwijsniveau: 21 Havo, vwo, mbo2-4;Kerkelijke gezindte: gereformeerd;2019;
2830;Onderwijsniveau: 21 Havo, vwo, mbo2-4;Kerkelijke gezindte: gereformeerd;2020;
2831;Onderwijsniveau: 21 Havo, vwo, mbo2-4;Kerkelijke gezindte: gereformeerd;2021;
2832;Onderwijsniveau: 21 Havo, vwo, mbo2-4;Kerkelijke gezindte: gereformeerd;2022;
2833;Onderwijsniveau: 21 Havo, vwo, mbo2-4;Kerkelijke gezindte: gereformeerd;2023;
2834;Onderwijsniveau: 21 Havo, vwo, mbo2-4;Kerkelijke gezindte: gereformeerd;2024;
2835;Onderwijsniveau: 21 Havo, vwo, mbo2-4;Kerkelijke gezindte: Islam;2010;4.0
2836;Onderwijsniveau: 21 Havo, vwo, mbo2-4;Kerkelijke gezindte: Islam;2011;4.0
2837;Onderwijsniveau: 21 Havo, vwo, mbo2-4;Kerkelijke gezindte: Islam;2012;4.0
2838;Onderwijsniveau: 21 Havo, vwo, mbo2-4;Kerkelijke gezindte: Islam;2013;5.0
2839;Onderwijsniveau: 21 Havo, vwo, mbo2-4;Kerkelijke gezindte: Islam;2014;5.0
2840;Onderwijsniveau: 21 Havo, vwo, mbo2-4;Kerkelijke gezindte: Islam;2015;4.0
2841;Onderwijsniveau: 21 Havo, vwo, mbo2-4;Kerkelijke gezindte: Islam;2016;5.0
2842;Onderwijsniveau: 21 Havo, vwo, mbo2-4;Kerkelijke gezindte: Islam;2017;5.0
2843;Onderwijsniveau: 21 Havo, vwo, mbo2-4;Kerkelijke gezindte: Islam;2018;4.0
2844;Onderwijsniveau: 21 Havo, vwo, mbo2-4;Kerkelijke gezindte: Islam;2019;4.0
2845;Onderwijsniveau: 21 Havo, vwo, mbo2-4;Kerkelijke gezindte: Islam;2020;4.0
2846;Onderwijsniveau: 21 Havo, vwo, mbo2-4;Kerkelijke gezindte: Islam;2021;3.0
2847;Onderwijsniveau: 21 Havo, vwo, mbo2-4;Kerkelijke gezindte: Islam;2022;6.0
2848;Onderwijsniveau: 21 Havo, vwo, mbo2-4;Kerkelijke gezindte: Islam;2023;5.0
2849;Onderwijsniveau: 21 Havo, vwo, mbo2-4;Kerkelijke gezindte: Islam;2024;6.0
2850;Onderwijsniveau: 21 Havo, vwo, mbo2-4;Kerkelijke gezindte: overige;2010;5.0
2851;Onderwijsniveau: 21 Havo, vwo, mbo2-4;Kerkelijke gezindte: overige;2011;5.0
2852;Onderwijsniveau: 21 Havo, vwo, mbo2-4;Kerkelijke gezindte: overige;2012;5.0
2853;Onderwijsniveau: 21 Havo, vwo, mbo2-4;Kerkelijke gezindte: overige;2013;6.0
2854;Onderwijsniveau: 21 Havo, vwo, mbo2-4;Kerkelijke gezindte: overige;2014;6.0
2855;Onderwijsniveau: 21 Havo, vwo, mbo2-4;Kerkelijke gezindte: overige;2015;6.0
2856;Onderwijsniveau: 21 Havo, vwo, mbo2-4;Kerkelijke gezindte: overige;2016;5.0
2857;Onderwijsniveau: 21 Havo, vwo, mbo2-4;Kerkelijke gezindte: overige;2017;5.0
2858;Onderwijsniveau: 21 Havo, vwo, mbo2-4;Kerkelijke gezindte: overige;2018;4.0
2859;Onderwijsniveau: 21 Havo, vwo, mbo2-4;Kerkelijke gezindte: overige;2019;5.0
2860;Onderwijsniveau: 21 Havo, vwo, mbo2-4;Kerkelijke gezindte: overige;2020;5.0
2861;Onderwijsniveau: 21 Havo, vwo, mbo2-4;Kerkelijke gezindte: overige;2021;6.0
2862;Onderwijsniveau: 21 Havo, vwo, mbo2-4;Kerkelijke gezindte: overige;2022;5.0
2863;Onderwijsniveau: 21 Havo, vwo, mbo2-4;Kerkelijke gezindte: overige;2023;6.0
2864;Onderwijsniveau: 21 Havo, vwo, mbo2-4;Kerkelijke gezindte: overige;2024;7.0
2865;Onderwijsniveau: 21 Havo, vwo, mbo2-4;Kerkbezoek: één keer per week of vaker;2010;9.0
2866;Onderwijsniveau: 21 Havo, vwo, mbo2-4;Kerkbezoek: één keer per week of vaker;2011;10.0
2867;Onderwijsniveau: 21 Havo, vwo, mbo2-4;Kerkbezoek: één keer per week of vaker;2012;10.0
2868;Onderwijsniveau: 21 Havo, vwo, mbo2-4;Kerkbezoek: één keer per week of vaker;2013;10.0
2869;Onderwijsniveau: 21 Havo, vwo, mbo2-4;Kerkbezoek: één keer per week of vaker;2014;10.0
2870;Onderwijsniveau: 21 Havo, vwo, mbo2-4;Kerkbezoek: één keer per week of vaker;2015;10.0
2871;Onderwijsniveau: 21 Havo, vwo, mbo2-4;Kerkbezoek: één keer per week of vaker;2016;9.0
2872;Onderwijsniveau: 21 Havo, vwo, mbo2-4;Kerkbezoek: één keer per week of vaker;2017;8.0
2873;Onderwijsniveau: 21 Havo, vwo, mbo2-4;Kerkbezoek: één keer per week of vaker;2018;8.0
2874;Onderwijsniveau: 21 Havo, vwo, mbo2-4;Kerkbezoek: één keer per week of vaker;2019;7.0
2875;Onderwijsniveau: 21 Havo, vwo, mbo2-4;Kerkbezoek: één keer per week of vaker;2020;8.0
2876;Onderwijsniveau: 21 Havo, vwo, mbo2-4;Kerkbezoek: één keer per week of vaker;2021;8.0
2877;Onderwijsniveau: 21 Havo, vwo, mbo2-4;Kerkbezoek: één keer per week of vaker;2022;6.0
2878;Onderwijsniveau: 21 Havo, vwo, mbo2-4;Kerkbezoek: één keer per week of vaker;2023;8.0
2879;Onderwijsniveau: 21 Havo, vwo, mbo2-4;Kerkbezoek: één keer per week of vaker;2024;8.0
2880;Onderwijsniveau: 21 Havo, vwo, mbo2-4;Kerkbezoek: twee tot drie keer per maand;2010;4.0
2881;Onderwijsniveau: 21 Havo, vwo, mbo2-4;Kerkbezoek: twee tot drie keer per maand;2011;3.0
2882;Onderwijsniveau: 21 Havo, vwo, mbo2-4;Kerkbezoek: twee tot drie keer per maand;2012;3.0
2883;Onderwijsniveau: 21 Havo, vwo, mbo2-4;Kerkbezoek: twee tot drie keer per maand;2013;4.0
2884;Onderwijsniveau: 21 Havo, vwo, mbo2-4;Kerkbezoek: twee tot drie keer per maand;2014;3.0
2885;Onderwijsniveau: 21 Havo, vwo, mbo2-4;Kerkbezoek: twee tot drie keer per maand;2015;3.0
2886;Onderwijsniveau: 21 Havo, vwo, mbo2-4;Kerkbezoek: twee tot drie keer per maand;2016;3.0
2887;Onderwijsniveau: 21 Havo, vwo, mbo2-4;Kerkbezoek: twee tot drie keer per maand;2017;3.0
2888;Onderwijsniveau: 21 Havo, vwo, mbo2-4;Kerkbezoek: twee tot drie keer per maand;2018;4.0
2889;Onderwijsniveau: 21 Havo, vwo, mbo2-4;Kerkbezoek: twee tot drie keer per maand;2019;3.0
2890;Onderwijsniveau: 21 Havo, vwo, mbo2-4;Kerkbezoek: twee tot drie keer per maand;2020;3.0
2891;Onderwijsniveau: 21 Havo, vwo, mbo2-4;Kerkbezoek: twee tot drie keer per maand;2021;2.0
2892;Onderwijsniveau: 21 Havo, vwo, mbo2-4;Kerkbezoek: twee tot drie keer per maand;2022;3.0
2893;Onderwijsniveau: 21 Havo, vwo, mbo2-4;Kerkbezoek: twee tot drie keer per maand;2023;2.0
2894;Onderwijsniveau: 21 Havo, vwo, mbo2-4;Kerkbezoek: twee tot drie keer per maand;2024;3.0
2895;Onderwijsniveau: 21 Havo, vwo, mbo2-4;Kerkbezoek: één keer per maand;2010;4.0
2896;Onderwijsniveau: 21 Havo, vwo, mbo2-4;Kerkbezoek: één keer per maand;2011;3.0
2897;Onderwijsniveau: 21 Havo, vwo, mbo2-4;Kerkbezoek: één keer per maand;2012;3.0
2898;Onderwijsniveau: 21 Havo, vwo, mbo2-4;Kerkbezoek: één keer per maand;2013;3.0
2899;Onderwijsniveau: 21 Havo, vwo, mbo2-4;Kerkbezoek: één keer per maand;2014;3.0
2900;Onderwijsniveau: 21 Havo, vwo, mbo2-4;Kerkbezoek: één keer per maand;2015;3.0
2901;Onderwijsniveau: 21 Havo, vwo, mbo2-4;Kerkbezoek: één keer per maand;2016;3.0
2902;Onderwijsniveau: 21 Havo, vwo, mbo2-4;Kerkbezoek: één keer per maand;2017;3.0
2903;Onderwijsniveau: 21 Havo, vwo, mbo2-4;Kerkbezoek: één keer per maand;2018;3.0
2904;Onderwijsniveau: 21 Havo, vwo, mbo2-4;Kerkbezoek: één keer per maand;2019;2.0
2905;Onderwijsniveau: 21 Havo, vwo, mbo2-4;Kerkbezoek: één keer per maand;2020;2.0
2906;Onderwijsniveau: 21 Havo, vwo, mbo2-4;Kerkbezoek: één keer per maand;2021;2.0
2907;Onderwijsniveau: 21 Havo, vwo, mbo2-4;Kerkbezoek: één keer per maand;2022;2.0
2908;Onderwijsniveau: 21 Havo, vwo, mbo2-4;Kerkbezoek: één keer per maand;2023;2.0
2909;Onderwijsniveau: 21 Havo, vwo, mbo2-4;Kerkbezoek: één keer per maand;2024;2.0
2910;Onderwijsniveau: 21 Havo, vwo, mbo2-4;Kerkbezoek: minder dan één keer per mnd;2010;8.0
2911;Onderwijsniveau: 21 Havo, vwo, mbo2-4;Kerkbezoek: minder dan één keer per mnd;2011;8.0
2912;Onderwijsniveau: 21 Havo, vwo, mbo2-4;Kerkbezoek: minder dan één keer per mnd;2012;7.0
2913;Onderwijsniveau: 21 Havo, vwo, mbo2-4;Kerkbezoek: minder dan één keer per mnd;2013;7.0
2914;Onderwijsniveau: 21 Havo, vwo, mbo2-4;Kerkbezoek: minder dan één keer per mnd;2014;7.0
2915;Onderwijsniveau: 21 Havo, vwo, mbo2-4;Kerkbezoek: minder dan één keer per mnd;2015;6.0
2916;Onderwijsniveau: 21 Havo, vwo, mbo2-4;Kerkbezoek: minder dan één keer per mnd;2016;7.0
2917;Onderwijsniveau: 21 Havo, vwo, mbo2-4;Kerkbezoek: minder dan één keer per mnd;2017;6.0
2918;Onderwijsniveau: 21 Havo, vwo, mbo2-4;Kerkbezoek: minder dan één keer per mnd;2018;7.0
2919;Onderwijsniveau: 21 Havo, vwo, mbo2-4;Kerkbezoek: minder dan één keer per mnd;2019;6.0
2920;Onderwijsniveau: 21 Havo, vwo, mbo2-4;Kerkbezoek: minder dan één keer per mnd;2020;5.0
2921;Onderwijsniveau: 21 Havo, vwo, mbo2-4;Kerkbezoek: minder dan één keer per mnd;2021;5.0
2922;Onderwijsniveau: 21 Havo, vwo, mbo2-4;Kerkbezoek: minder dan één keer per mnd;2022;5.0
2923;Onderwijsniveau: 21 Havo, vwo, mbo2-4;Kerkbezoek: minder dan één keer per mnd;2023;4.0
2924;Onderwijsniveau: 21 Havo, vwo, mbo2-4;Kerkbezoek: minder dan één keer per mnd;2024;5.0
2925;Onderwijsniveau: 21 Havo, vwo, mbo2-4;Kerkbezoek: zelden of nooit;2010;75.0
2926;Onderwijsniveau: 21 Havo, vwo, mbo2-4;Kerkbezoek: zelden of nooit;2011;76.0
2927;Onderwijsniveau: 21 Havo, vwo, mbo2-4;Kerkbezoek: zelden of nooit;2012;77.0
2928;Onderwijsniveau: 21 Havo, vwo, mbo2-4;Kerkbezoek: zelden of nooit;2013;77.0
2929;Onderwijsniveau: 21 Havo, vwo, mbo2-4;Kerkbezoek: zelden of nooit;2014;77.0
2930;Onderwijsniveau: 21 Havo, vwo, mbo2-4;Kerkbezoek: zelden of nooit;2015;78.0
2931;Onderwijsniveau: 21 Havo, vwo, mbo2-4;Kerkbezoek: zelden of nooit;2016;78.0
2932;Onderwijsniveau: 21 Havo, vwo, mbo2-4;Kerkbezoek: zelden of nooit;2017;80.0
2933;Onderwijsniveau: 21 Havo, vwo, mbo2-4;Kerkbezoek: zelden of nooit;2018;79.0
2934;Onderwijsniveau: 21 Havo, vwo, mbo2-4;Kerkbezoek: zelden of nooit;2019;82.0
2935;Onderwijsniveau: 21 Havo, vwo, mbo2-4;Kerkbezoek: zelden of nooit;2020;83.0
2936;Onderwijsniveau: 21 Havo, vwo, mbo2-4;Kerkbezoek: zelden of nooit;2021;84.0
2937;Onderwijsniveau: 21 Havo, vwo, mbo2-4;Kerkbezoek: zelden of nooit;2022;84.0
2938;Onderwijsniveau: 21 Havo, vwo, mbo2-4;Kerkbezoek: zelden of nooit;2023;83.0
2939;Onderwijsniveau: 21 Havo, vwo, mbo2-4;Kerkbezoek: zelden of nooit;2024;82.0
2940;Onderwijsniveau: 31 Hbo-, wo-bachelor;Kerkelijke gezindte: geen;2010;51.0
2941;Onderwijsniveau: 31 Hbo-, wo-bachelor;Kerkelijke gezindte: geen;2011;54.0
2942;Onderwijsniveau: 31 Hbo-, wo-bachelor;Kerkelijke gezindte: geen;2012;55.0
2943;Onderwijsniveau: 31 Hbo-, wo-bachelor;Kerkelijke gezindte: geen;2013;55.0
2944;Onderwijsniveau: 31 Hbo-, wo-bachelor;Kerkelijke gezindte: geen;2014;57.0
2945;Onderwijsniveau: 31 Hbo-, wo-bachelor;Kerkelijke gezindte: geen;2015;58.0
2946;Onderwijsniveau: 31 Hbo-, wo-bachelor;Kerkelijke gezindte: geen;2016;56.0
2947;Onderwijsniveau: 31 Hbo-, wo-bachelor;Kerkelijke gezindte: geen;2017;58.0
2948;Onderwijsniveau: 31 Hbo-, wo-bachelor;Kerkelijke gezindte: geen;2018;59.0
2949;Onderwijsniveau: 31 Hbo-, wo-bachelor;Kerkelijke gezindte: geen;2019;60.0
2950;Onderwijsniveau: 31 Hbo-, wo-bachelor;Kerkelijke gezindte: geen;2020;63.0
2951;Onderwijsniveau: 31 Hbo-, wo-bachelor;Kerkelijke gezindte: geen;2021;63.0
2952;Onderwijsniveau: 31 Hbo-, wo-bachelor;Kerkelijke gezindte: geen;2022;62.0
2953;Onderwijsniveau: 31 Hbo-, wo-bachelor;Kerkelijke gezindte: geen;2023;67.0
2954;Onderwijsniveau: 31 Hbo-, wo-bachelor;Kerkelijke gezindte: geen;2024;61.0
2955;Onderwijsniveau: 31 Hbo-, wo-bachelor;Kerkelijke gezindte totaal;2010;49.0
2956;Onderwijsniveau: 31 Hbo-, wo-bachelor;Kerkelijke gezindte totaal;2011;46.0
2957;Onderwijsniveau: 31 Hbo-, wo-bachelor;Kerkelijke gezindte totaal;2012;45.0
2958;Onderwijsniveau: 31 Hbo-, wo-bachelor;Kerkelijke gezindte totaal;2013;46.0
2959;Onderwijsniveau: 31 Hbo-, wo-bachelor;Kerkelijke gezindte totaal;2014;43.0
2960;Onderwijsniveau: 31 Hbo-, wo-bachelor;Kerkelijke gezindte totaal;2015;42.0
2961;Onderwijsniveau: 31 Hbo-, wo-bachelor;Kerkelijke gezindte totaal;2016;44.0
2962;Onderwijsniveau: 31 Hbo-, wo-bachelor;Kerkelijke gezindte totaal;2017;42.0
2963;Onderwijsniveau: 31 Hbo-, wo-bachelor;Kerkelijke gezindte totaal;2018;41.0
2964;Onderwijsniveau: 31 Hbo-, wo-bachelor;Kerkelijke gezindte totaal;2019;40.0
2965;Onderwijsniveau: 31 Hbo-, wo-bachelor;Kerkelijke gezindte totaal;2020;37.0
2966;Onderwijsniveau: 31 Hbo-, wo-bachelor;Kerkelijke gezindte totaal;2021;37.0
2967;Onderwijsniveau: 31 Hbo-, wo-bachelor;Kerkelijke gezindte totaal;2022;38.0
2968;Onderwijsniveau: 31 Hbo-, wo-bachelor;Kerkelijke gezindte totaal;2023;33.0
2969;Onderwijsniveau: 31 Hbo-, wo-bachelor;Kerkelijke gezindte totaal;2024;39.0
2970;Onderwijsniveau: 31 Hbo-, wo-bachelor;Kerkelijke gezindte: rooms-katholiek;2010;24.0
2971;Onderwijsniveau: 31 Hbo-, wo-bachelor;Kerkelijke gezindte: rooms-katholiek;2011;22.0
2972;Onderwijsniveau: 31 Hbo-, wo-bachelor;Kerkelijke gezindte: rooms-katholiek;2012;22.0
2973;Onderwijsniveau: 31 Hbo-, wo-bachelor;Kerkelijke gezindte: rooms-katholiek;2013;22.0
2974;Onderwijsniveau: 31 Hbo-, wo-bachelor;Kerkelijke gezindte: rooms-katholiek;2014;20.0
2975;Onderwijsniveau: 31 Hbo-, wo-bachelor;Kerkelijke gezindte: rooms-katholiek;2015;19.0
2976;Onderwijsniveau: 31 Hbo-, wo-bachelor;Kerkelijke gezindte: rooms-katholiek;2016;21.0
2977;Onderwijsniveau: 31 Hbo-, wo-bachelor;Kerkelijke gezindte: rooms-katholiek;2017;18.0
2978;Onderwijsniveau: 31 Hbo-, wo-bachelor;Kerkelijke gezindte: rooms-katholiek;2018;19.0
2979;Onderwijsniveau: 31 Hbo-, wo-bachelor;Kerkelijke gezindte: rooms-katholiek;2019;18.0
2980;Onderwijsniveau: 31 Hbo-, wo-bachelor;Kerkelijke gezindte: rooms-katholiek;2020;15.0
2981;Onderwijsniveau: 31 Hbo-, wo-bachelor;Kerkelijke gezindte: rooms-katholiek;2021;15.0
2982;Onderwijsniveau: 31 Hbo-, wo-bachelor;Kerkelijke gezindte: rooms-katholiek;2022;15.0
2983;Onderwijsniveau: 31 Hbo-, wo-bachelor;Kerkelijke gezindte: rooms-katholiek;2023;12.0
2984;Onderwijsniveau: 31 Hbo-, wo-bachelor;Kerkelijke gezindte: rooms-katholiek;2024;15.0
2985;Onderwijsniveau: 31 Hbo-, wo-bachelor;Protestants;2010;
2986;Onderwijsniveau: 31 Hbo-, wo-bachelor;Protestants;2011;
2987;Onderwijsniveau: 31 Hbo-, wo-bachelor;Protestants;2012;
2988;Onderwijsniveau: 31 Hbo-, wo-bachelor;Protestants;2013;
2989;Onderwijsniveau: 31 Hbo-, wo-bachelor;Protestants;2014;
2990;Onderwijsniveau: 31 Hbo-, wo-bachelor;Protestants;2015;
2991;Onderwijsniveau: 31 Hbo-, wo-bachelor;Protestants;2016;
2992;Onderwijsniveau: 31 Hbo-, wo-bachelor;Protestants;2017;
2993;Onderwijsniveau: 31 Hbo-, wo-bachelor;Protestants;2018;
2994;Onderwijsniveau: 31 Hbo-, wo-bachelor;Protestants;2019;15.0
2995;Onderwijsniveau: 31 Hbo-, wo-bachelor;Protestants;2020;12.0
2996;Onderwijsniveau: 31 Hbo-, wo-bachelor;Protestants;2021;13.0
2997;Onderwijsniveau: 31 Hbo-, wo-bachelor;Protestants;2022;13.0
2998;Onderwijsniveau: 31 Hbo-, wo-bachelor;Protestants;2023;12.0
2999;Onderwijsniveau: 31 Hbo-, wo-bachelor;Protestants;2024;13.0
3000;Onderwijsniveau: 31 Hbo-, wo-bachelor;Kerkelijke gezindte: PKN;2010;8.0
3001;Onderwijsniveau: 31 Hbo-, wo-bachelor;Kerkelijke gezindte: PKN;2011;8.0
3002;Onderwijsniveau: 31 Hbo-, wo-bachelor;Kerkelijke gezindte: PKN;2012;7.0
3003;Onderwijsniveau: 31 Hbo-, wo-bachelor;Kerkelijke gezindte: PKN;2013;7.0
3004;Onderwijsniveau: 31 Hbo-, wo-bachelor;Kerkelijke gezindte: PKN;2014;7.0
3005;Onderwijsniveau: 31 Hbo-, wo-bachelor;Kerkelijke gezindte: PKN;2015;7.0
3006;Onderwijsniveau: 31 Hbo-, wo-bachelor;Kerkelijke gezindte: PKN;2016;7.0
3007;Onderwijsniveau: 31 Hbo-, wo-bachelor;Kerkelijke gezindte: PKN;2017;7.0
3008;Onderwijsniveau: 31 Hbo-, wo-bachelor;Kerkelijke gezindte: PKN;2018;7.0
3009;Onderwijsniveau: 31 Hbo-, wo-bachelor;Kerkelijke gezindte: PKN;2019;
3010;Onderwijsniveau: 31 Hbo-, wo-bachelor;Kerkelijke gezindte: PKN;2020;
3011;Onderwijsniveau: 31 Hbo-, wo-bachelor;Kerkelijke gezindte: PKN;2021;
3012;Onderwijsniveau: 31 Hbo-, wo-bachelor;Kerkelijke gezindte: PKN;2022;
3013;Onderwijsniveau: 31 Hbo-, wo-bachelor;Kerkelijke gezindte: PKN;2023;
3014;Onderwijsniveau: 31 Hbo-, wo-bachelor;Kerkelijke gezindte: PKN;2024;
3015;Onderwijsniveau: 31 Hbo-, wo-bachelor;Kerkelijke gezindte: Nederlands hervormd;2010;6.0
3016;Onderwijsniveau: 31 Hbo-, wo-bachelor;Kerkelijke gezindte: Nederlands hervormd;2011;5.0
3017;Onderwijsniveau: 31 Hbo-, wo-bachelor;Kerkelijke gezindte: Nederlands hervormd;2012;5.0
3018;Onderwijsniveau: 31 Hbo-, wo-bachelor;Kerkelijke gezindte: Nederlands hervormd;2013;6.0
3019;Onderwijsniveau: 31 Hbo-, wo-bachelor;Kerkelijke gezindte: Nederlands hervormd;2014;5.0
3020;Onderwijsniveau: 31 Hbo-, wo-bachelor;Kerkelijke gezindte: Nederlands hervormd;2015;5.0
3021;Onderwijsniveau: 31 Hbo-, wo-bachelor;Kerkelijke gezindte: Nederlands hervormd;2016;5.0
3022;Onderwijsniveau: 31 Hbo-, wo-bachelor;Kerkelijke gezindte: Nederlands hervormd;2017;5.0
3023;Onderwijsniveau: 31 Hbo-, wo-bachelor;Kerkelijke gezindte: Nederlands hervormd;2018;5.0
3024;Onderwijsniveau: 31 Hbo-, wo-bachelor;Kerkelijke gezindte: Nederlands hervormd;2019;
3025;Onderwijsniveau: 31 Hbo-, wo-bachelor;Kerkelijke gezindte: Nederlands hervormd;2020;
3026;Onderwijsniveau: 31 Hbo-, wo-bachelor;Kerkelijke gezindte: Nederlands hervormd;2021;
3027;Onderwijsniveau: 31 Hbo-, wo-bachelor;Kerkelijke gezindte: Nederlands hervormd;2022;
3028;Onderwijsniveau: 31 Hbo-, wo-bachelor;Kerkelijke gezindte: Nederlands hervormd;2023;
3029;Onderwijsniveau: 31 Hbo-, wo-bachelor;Kerkelijke gezindte: Nederlands hervormd;2024;
3030;Onderwijsniveau: 31 Hbo-, wo-bachelor;Kerkelijke gezindte: gereformeerd;2010;4.0
3031;Onderwijsniveau: 31 Hbo-, wo-bachelor;Kerkelijke gezindte: gereformeerd;2011;4.0
3032;Onderwijsniveau: 31 Hbo-, wo-bachelor;Kerkelijke gezindte: gereformeerd;2012;3.0
3033;Onderwijsniveau: 31 Hbo-, wo-bachelor;Kerkelijke gezindte: gereformeerd;2013;3.0
3034;Onderwijsniveau: 31 Hbo-, wo-bachelor;Kerkelijke gezindte: gereformeerd;2014;4.0
3035;Onderwijsniveau: 31 Hbo-, wo-bachelor;Kerkelijke gezindte: gereformeerd;2015;3.0
3036;Onderwijsniveau: 31 Hbo-, wo-bachelor;Kerkelijke gezindte: gereformeerd;2016;3.0
3037;Onderwijsniveau: 31 Hbo-, wo-bachelor;Kerkelijke gezindte: gereformeerd;2017;2.0
3038;Onderwijsniveau: 31 Hbo-, wo-bachelor;Kerkelijke gezindte: gereformeerd;2018;3.0
3039;Onderwijsniveau: 31 Hbo-, wo-bachelor;Kerkelijke gezindte: gereformeerd;2019;
3040;Onderwijsniveau: 31 Hbo-, wo-bachelor;Kerkelijke gezindte: gereformeerd;2020;
3041;Onderwijsniveau: 31 Hbo-, wo-bachelor;Kerkelijke gezindte: gereformeerd;2021;
3042;Onderwijsniveau: 31 Hbo-, wo-bachelor;Kerkelijke gezindte: gereformeerd;2022;
3043;Onderwijsniveau: 31 Hbo-, wo-bachelor;Kerkelijke gezindte: gereformeerd;2023;
3044;Onderwijsniveau: 31 Hbo-, wo-bachelor;Kerkelijke gezindte: gereformeerd;2024;
3045;Onderwijsniveau: 31 Hbo-, wo-bachelor;Kerkelijke gezindte: Islam;2010;2.0
3046;Onderwijsniveau: 31 Hbo-, wo-bachelor;Kerkelijke gezindte: Islam;2011;2.0
3047;Onderwijsniveau: 31 Hbo-, wo-bachelor;Kerkelijke gezindte: Islam;2012;2.0
3048;Onderwijsniveau: 31 Hbo-, wo-bachelor;Kerkelijke gezindte: Islam;2013;2.0
3049;Onderwijsniveau: 31 Hbo-, wo-bachelor;Kerkelijke gezindte: Islam;2014;2.0
3050;Onderwijsniveau: 31 Hbo-, wo-bachelor;Kerkelijke gezindte: Islam;2015;2.0
3051;Onderwijsniveau: 31 Hbo-, wo-bachelor;Kerkelijke gezindte: Islam;2016;3.0
3052;Onderwijsniveau: 31 Hbo-, wo-bachelor;Kerkelijke gezindte: Islam;2017;3.0
3053;Onderwijsniveau: 31 Hbo-, wo-bachelor;Kerkelijke gezindte: Islam;2018;2.0
3054;Onderwijsniveau: 31 Hbo-, wo-bachelor;Kerkelijke gezindte: Islam;2019;3.0
3055;Onderwijsniveau: 31 Hbo-, wo-bachelor;Kerkelijke gezindte: Islam;2020;3.0
3056;Onderwijsniveau: 31 Hbo-, wo-bachelor;Kerkelijke gezindte: Islam;2021;3.0
3057;Onderwijsniveau: 31 Hbo-, wo-bachelor;Kerkelijke gezindte: Islam;2022;4.0
3058;Onderwijsniveau: 31 Hbo-, wo-bachelor;Kerkelijke gezindte: Islam;2023;4.0
3059;Onderwijsniveau: 31 Hbo-, wo-bachelor;Kerkelijke gezindte: Islam;2024;4.0
3060;Onderwijsniveau: 31 Hbo-, wo-bachelor;Kerkelijke gezindte: overige;2010;5.0
3061;Onderwijsniveau: 31 Hbo-, wo-bachelor;Kerkelijke gezindte: overige;2011;6.0
3062;Onderwijsniveau: 31 Hbo-, wo-bachelor;Kerkelijke gezindte: overige;2012;6.0
3063;Onderwijsniveau: 31 Hbo-, wo-bachelor;Kerkelijke gezindte: overige;2013;6.0
3064;Onderwijsniveau: 31 Hbo-, wo-bachelor;Kerkelijke gezindte: overige;2014;6.0
3065;Onderwijsniveau: 31 Hbo-, wo-bachelor;Kerkelijke gezindte: overige;2015;6.0
3066;Onderwijsniveau: 31 Hbo-, wo-bachelor;Kerkelijke gezindte: overige;2016;5.0
3067;Onderwijsniveau: 31 Hbo-, wo-bachelor;Kerkelijke gezindte: overige;2017;6.0
3068;Onderwijsniveau: 31 Hbo-, wo-bachelor;Kerkelijke gezindte: overige;2018;6.0
3069;Onderwijsniveau: 31 Hbo-, wo-bachelor;Kerkelijke gezindte: overige;2019;4.0
3070;Onderwijsniveau: 31 Hbo-, wo-bachelor;Kerkelijke gezindte: overige;2020;6.0
3071;Onderwijsniveau: 31 Hbo-, wo-bachelor;Kerkelijke gezindte: overige;2021;6.0
3072;Onderwijsniveau: 31 Hbo-, wo-bachelor;Kerkelijke gezindte: overige;2022;6.0
3073;Onderwijsniveau: 31 Hbo-, wo-bachelor;Kerkelijke gezindte: overige;2023;6.0
3074;Onderwijsniveau: 31 Hbo-, wo-bachelor;Kerkelijke gezindte: overige;2024;7.0
3075;Onderwijsniveau: 31 Hbo-, wo-bachelor;Kerkbezoek: één keer per week of vaker;2010;9.0
3076;Onderwijsniveau: 31 Hbo-, wo-bachelor;Kerkbezoek: één keer per week of vaker;2011;9.0
3077;Onderwijsniveau: 31 Hbo-, wo-bachelor;Kerkbezoek: één keer per week of vaker;2012;8.0
3078;Onderwijsniveau: 31 Hbo-, wo-bachelor;Kerkbezoek: één keer per week of vaker;2013;8.0
3079;Onderwijsniveau: 31 Hbo-, wo-bachelor;Kerkbezoek: één keer per week of vaker;2014;8.0
3080;Onderwijsniveau: 31 Hbo-, wo-bachelor;Kerkbezoek: één keer per week of vaker;2015;8.0
3081;Onderwijsniveau: 31 Hbo-, wo-bachelor;Kerkbezoek: één keer per week of vaker;2016;8.0
3082;Onderwijsniveau: 31 Hbo-, wo-bachelor;Kerkbezoek: één keer per week of vaker;2017;8.0
3083;Onderwijsniveau: 31 Hbo-, wo-bachelor;Kerkbezoek: één keer per week of vaker;2018;6.0
3084;Onderwijsniveau: 31 Hbo-, wo-bachelor;Kerkbezoek: één keer per week of vaker;2019;8.0
3085;Onderwijsniveau: 31 Hbo-, wo-bachelor;Kerkbezoek: één keer per week of vaker;2020;6.0
3086;Onderwijsniveau: 31 Hbo-, wo-bachelor;Kerkbezoek: één keer per week of vaker;2021;7.0
3087;Onderwijsniveau: 31 Hbo-, wo-bachelor;Kerkbezoek: één keer per week of vaker;2022;6.0
3088;Onderwijsniveau: 31 Hbo-, wo-bachelor;Kerkbezoek: één keer per week of vaker;2023;6.0
3089;Onderwijsniveau: 31 Hbo-, wo-bachelor;Kerkbezoek: één keer per week of vaker;2024;6.0
3090;Onderwijsniveau: 31 Hbo-, wo-bachelor;Kerkbezoek: twee tot drie keer per maand;2010;4.0
3091;Onderwijsniveau: 31 Hbo-, wo-bachelor;Kerkbezoek: twee tot drie keer per maand;2011;4.0
3092;Onderwijsniveau: 31 Hbo-, wo-bachelor;Kerkbezoek: twee tot drie keer per maand;2012;3.0
3093;Onderwijsniveau: 31 Hbo-, wo-bachelor;Kerkbezoek: twee tot drie keer per maand;2013;4.0
3094;Onderwijsniveau: 31 Hbo-, wo-bachelor;Kerkbezoek: twee tot drie keer per maand;2014;4.0
3095;Onderwijsniveau: 31 Hbo-, wo-bachelor;Kerkbezoek: twee tot drie keer per maand;2015;4.0
3096;Onderwijsniveau: 31 Hbo-, wo-bachelor;Kerkbezoek: twee tot drie keer per maand;2016;3.0
3097;Onderwijsniveau: 31 Hbo-, wo-bachelor;Kerkbezoek: twee tot drie keer per maand;2017;3.0
3098;Onderwijsniveau: 31 Hbo-, wo-bachelor;Kerkbezoek: twee tot drie keer per maand;2018;3.0
3099;Onderwijsniveau: 31 Hbo-, wo-bachelor;Kerkbezoek: twee tot drie keer per maand;2019;3.0
3100;Onderwijsniveau: 31 Hbo-, wo-bachelor;Kerkbezoek: twee tot drie keer per maand;2020;3.0
3101;Onderwijsniveau: 31 Hbo-, wo-bachelor;Kerkbezoek: twee tot drie keer per maand;2021;3.0
3102;Onderwijsniveau: 31 Hbo-, wo-bachelor;Kerkbezoek: twee tot drie keer per maand;2022;3.0
3103;Onderwijsniveau: 31 Hbo-, wo-bachelor;Kerkbezoek: twee tot drie keer per maand;2023;3.0
3104;Onderwijsniveau: 31 Hbo-, wo-bachelor;Kerkbezoek: twee tot drie keer per maand;2024;3.0
3105;Onderwijsniveau: 31 Hbo-, wo-bachelor;Kerkbezoek: één keer per maand;2010;4.0
3106;Onderwijsniveau: 31 Hbo-, wo-bachelor;Kerkbezoek: één keer per maand;2011;4.0
3107;Onderwijsniveau: 31 Hbo-, wo-bachelor;Kerkbezoek: één keer per maand;2012;3.0
3108;Onderwijsniveau: 31 Hbo-, wo-bachelor;Kerkbezoek: één keer per maand;2013;3.0
3109;Onderwijsniveau: 31 Hbo-, wo-bachelor;Kerkbezoek: één keer per maand;2014;3.0
3110;Onderwijsniveau: 31 Hbo-, wo-bachelor;Kerkbezoek: één keer per maand;2015;3.0
3111;Onderwijsniveau: 31 Hbo-, wo-bachelor;Kerkbezoek: één keer per maand;2016;3.0
3112;Onderwijsniveau: 31 Hbo-, wo-bachelor;Kerkbezoek: één keer per maand;2017;2.0
3113;Onderwijsniveau: 31 Hbo-, wo-bachelor;Kerkbezoek: één keer per maand;2018;3.0
3114;Onderwijsniveau: 31 Hbo-, wo-bachelor;Kerkbezoek: één keer per maand;2019;2.0
3115;Onderwijsniveau: 31 Hbo-, wo-bachelor;Kerkbezoek: één keer per maand;2020;2.0
3116;Onderwijsniveau: 31 Hbo-, wo-bachelor;Kerkbezoek: één keer per maand;2021;2.0
3117;Onderwijsniveau: 31 Hbo-, wo-bachelor;Kerkbezoek: één keer per maand;2022;2.0
3118;Onderwijsniveau: 31 Hbo-, wo-bachelor;Kerkbezoek: één keer per maand;2023;1.0
3119;Onderwijsniveau: 31 Hbo-, wo-bachelor;Kerkbezoek: één keer per maand;2024;2.0
3120;Onderwijsniveau: 31 Hbo-, wo-bachelor;Kerkbezoek: minder dan één keer per mnd;2010;9.0
3121;Onderwijsniveau: 31 Hbo-, wo-bachelor;Kerkbezoek: minder dan één keer per mnd;2011;7.0
3122;Onderwijsniveau: 31 Hbo-, wo-bachelor;Kerkbezoek: minder dan één keer per mnd;2012;7.0
3123;Onderwijsniveau: 31 Hbo-, wo-bachelor;Kerkbezoek: minder dan één keer per mnd;2013;7.0
3124;Onderwijsniveau: 31 Hbo-, wo-bachelor;Kerkbezoek: minder dan één keer per mnd;2014;7.0
3125;Onderwijsniveau: 31 Hbo-, wo-bachelor;Kerkbezoek: minder dan één keer per mnd;2015;6.0
3126;Onderwijsniveau: 31 Hbo-, wo-bachelor;Kerkbezoek: minder dan één keer per mnd;2016;7.0
3127;Onderwijsniveau: 31 Hbo-, wo-bachelor;Kerkbezoek: minder dan één keer per mnd;2017;6.0
3128;Onderwijsniveau: 31 Hbo-, wo-bachelor;Kerkbezoek: minder dan één keer per mnd;2018;8.0
3129;Onderwijsniveau: 31 Hbo-, wo-bachelor;Kerkbezoek: minder dan één keer per mnd;2019;7.0
3130;Onderwijsniveau: 31 Hbo-, wo-bachelor;Kerkbezoek: minder dan één keer per mnd;2020;6.0
3131;Onderwijsniveau: 31 Hbo-, wo-bachelor;Kerkbezoek: minder dan één keer per mnd;2021;4.0
3132;Onderwijsniveau: 31 Hbo-, wo-bachelor;Kerkbezoek: minder dan één keer per mnd;2022;5.0
3133;Onderwijsniveau: 31 Hbo-, wo-bachelor;Kerkbezoek: minder dan één keer per mnd;2023;5.0
3134;Onderwijsniveau: 31 Hbo-, wo-bachelor;Kerkbezoek: minder dan één keer per mnd;2024;6.0
3135;Onderwijsniveau: 31 Hbo-, wo-bachelor;Kerkbezoek: zelden of nooit;2010;75.0
3136;Onderwijsniveau: 31 Hbo-, wo-bachelor;Kerkbezoek: zelden of nooit;2011;77.0
3137;Onderwijsniveau: 31 Hbo-, wo-bachelor;Kerkbezoek: zelden of nooit;2012;78.0
3138;Onderwijsniveau: 31 Hbo-, wo-bachelor;Kerkbezoek: zelden of nooit;2013;78.0
3139;Onderwijsniveau: 31 Hbo-, wo-bachelor;Kerkbezoek: zelden of nooit;2014;78.0
3140;Onderwijsniveau: 31 Hbo-, wo-bachelor;Kerkbezoek: zelden of nooit;2015;79.0
3141;Onderwijsniveau: 31 Hbo-, wo-bachelor;Kerkbezoek: zelden of nooit;2016;79.0
3142;Onderwijsniveau: 31 Hbo-, wo-bachelor;Kerkbezoek: zelden of nooit;2017;80.0
3143;Onderwijsniveau: 31 Hbo-, wo-bachelor;Kerkbezoek: zelden of nooit;2018;80.0
3144;Onderwijsniveau: 31 Hbo-, wo-bachelor;Kerkbezoek: zelden of nooit;2019;80.0
3145;Onderwijsniveau: 31 Hbo-, wo-bachelor;Kerkbezoek: zelden of nooit;2020;83.0
3146;Onderwijsniveau: 31 Hbo-, wo-bachelor;Kerkbezoek: zelden of nooit;2021;84.0
3147;Onderwijsniveau: 31 Hbo-, wo-bachelor;Kerkbezoek: zelden of nooit;2022;83.0
3148;Onderwijsniveau: 31 Hbo-, wo-bachelor;Kerkbezoek: zelden of nooit;2023;86.0
3149;Onderwijsniveau: 31 Hbo-, wo-bachelor;Kerkbezoek: zelden of nooit;2024;83.0
3150;Onderwijsniveau: 32 Hbo-, wo-master;Kerkelijke gezindte: geen;2010;60.0
3151;Onderwijsniveau: 32 Hbo-, wo-master;Kerkelijke gezindte: geen;2011;60.0
3152;Onderwijsniveau: 32 Hbo-, wo-master;Kerkelijke gezindte: geen;2012;61.0
3153;Onderwijsniveau: 32 Hbo-, wo-master;Kerkelijke gezindte: geen;2013;61.0
3154;Onderwijsniveau: 32 Hbo-, wo-master;Kerkelijke gezindte: geen;2014;62.0
3155;Onderwijsniveau: 32 Hbo-, wo-master;Kerkelijke gezindte: geen;2015;64.0
3156;Onderwijsniveau: 32 Hbo-, wo-master;Kerkelijke gezindte: geen;2016;64.0
3157;Onderwijsniveau: 32 Hbo-, wo-master;Kerkelijke gezindte: geen;2017;63.0
3158;Onderwijsniveau: 32 Hbo-, wo-master;Kerkelijke gezindte: geen;2018;68.0
3159;Onderwijsniveau: 32 Hbo-, wo-master;Kerkelijke gezindte: geen;2019;66.0
3160;Onderwijsniveau: 32 Hbo-, wo-master;Kerkelijke gezindte: geen;2020;65.0
3161;Onderwijsniveau: 32 Hbo-, wo-master;Kerkelijke gezindte: geen;2021;65.0
3162;Onderwijsniveau: 32 Hbo-, wo-master;Kerkelijke gezindte: geen;2022;67.0
3163;Onderwijsniveau: 32 Hbo-, wo-master;Kerkelijke gezindte: geen;2023;69.0
3164;Onderwijsniveau: 32 Hbo-, wo-master;Kerkelijke gezindte: geen;2024;64.0
3165;Onderwijsniveau: 32 Hbo-, wo-master;Kerkelijke gezindte totaal;2010;41.0
3166;Onderwijsniveau: 32 Hbo-, wo-master;Kerkelijke gezindte totaal;2011;40.0
3167;Onderwijsniveau: 32 Hbo-, wo-master;Kerkelijke gezindte totaal;2012;39.0
3168;Onderwijsniveau: 32 Hbo-, wo-master;Kerkelijke gezindte totaal;2013;39.0
3169;Onderwijsniveau: 32 Hbo-, wo-master;Kerkelijke gezindte totaal;2014;38.0
3170;Onderwijsniveau: 32 Hbo-, wo-master;Kerkelijke gezindte totaal;2015;36.0
3171;Onderwijsniveau: 32 Hbo-, wo-master;Kerkelijke gezindte totaal;2016;36.0
3172;Onderwijsniveau: 32 Hbo-, wo-master;Kerkelijke gezindte totaal;2017;37.0
3173;Onderwijsniveau: 32 Hbo-, wo-master;Kerkelijke gezindte totaal;2018;32.0
3174;Onderwijsniveau: 32 Hbo-, wo-master;Kerkelijke gezindte totaal;2019;34.0
3175;Onderwijsniveau: 32 Hbo-, wo-master;Kerkelijke gezindte totaal;2020;35.0
3176;Onderwijsniveau: 32 Hbo-, wo-master;Kerkelijke gezindte totaal;2021;35.0
3177;Onderwijsniveau: 32 Hbo-, wo-master;Kerkelijke gezindte totaal;2022;33.0
3178;Onderwijsniveau: 32 Hbo-, wo-master;Kerkelijke gezindte totaal;2023;31.0
3179;Onderwijsniveau: 32 Hbo-, wo-master;Kerkelijke gezindte totaal;2024;36.0
3180;Onderwijsniveau: 32 Hbo-, wo-master;Kerkelijke gezindte: rooms-katholiek;2010;19.0
3181;Onderwijsniveau: 32 Hbo-, wo-master;Kerkelijke gezindte: rooms-katholiek;2011;19.0
3182;Onderwijsniveau: 32 Hbo-, wo-master;Kerkelijke gezindte: rooms-katholiek;2012;18.0
3183;Onderwijsniveau: 32 Hbo-, wo-master;Kerkelijke gezindte: rooms-katholiek;2013;19.0
3184;Onderwijsniveau: 32 Hbo-, wo-master;Kerkelijke gezindte: rooms-katholiek;2014;17.0
3185;Onderwijsniveau: 32 Hbo-, wo-master;Kerkelijke gezindte: rooms-katholiek;2015;16.0
3186;Onderwijsniveau: 32 Hbo-, wo-master;Kerkelijke gezindte: rooms-katholiek;2016;18.0
3187;Onderwijsniveau: 32 Hbo-, wo-master;Kerkelijke gezindte: rooms-katholiek;2017;17.0
3188;Onderwijsniveau: 32 Hbo-, wo-master;Kerkelijke gezindte: rooms-katholiek;2018;16.0
3189;Onderwijsniveau: 32 Hbo-, wo-master;Kerkelijke gezindte: rooms-katholiek;2019;13.0
3190;Onderwijsniveau: 32 Hbo-, wo-master;Kerkelijke gezindte: rooms-katholiek;2020;13.0
3191;Onderwijsniveau: 32 Hbo-, wo-master;Kerkelijke gezindte: rooms-katholiek;2021;13.0
3192;Onderwijsniveau: 32 Hbo-, wo-master;Kerkelijke gezindte: rooms-katholiek;2022;13.0
3193;Onderwijsniveau: 32 Hbo-, wo-master;Kerkelijke gezindte: rooms-katholiek;2023;11.0
3194;Onderwijsniveau: 32 Hbo-, wo-master;Kerkelijke gezindte: rooms-katholiek;2024;14.0
3195;Onderwijsniveau: 32 Hbo-, wo-master;Protestants;2010;
3196;Onderwijsniveau: 32 Hbo-, wo-master;Protestants;2011;
3197;Onderwijsniveau: 32 Hbo-, wo-master;Protestants;2012;
3198;Onderwijsniveau: 32 Hbo-, wo-master;Protestants;2013;
3199;Onderwijsniveau: 32 Hbo-, wo-master;Protestants;2014;
3200;Onderwijsniveau: 32 Hbo-, wo-master;Protestants;2015;
3201;Onderwijsniveau: 32 Hbo-, wo-master;Protestants;2016;
3202;Onderwijsniveau: 32 Hbo-, wo-master;Protestants;2017;
3203;Onderwijsniveau: 32 Hbo-, wo-master;Protestants;2018;
3204;Onderwijsniveau: 32 Hbo-, wo-master;Protestants;2019;11.0
3205;Onderwijsniveau: 32 Hbo-, wo-master;Protestants;2020;11.0
3206;Onderwijsniveau: 32 Hbo-, wo-master;Protestants;2021;12.0
3207;Onderwijsniveau: 32 Hbo-, wo-master;Protestants;2022;11.0
3208;Onderwijsniveau: 32 Hbo-, wo-master;Protestants;2023;11.0
3209;Onderwijsniveau: 32 Hbo-, wo-master;Protestants;2024;12.0
3210;Onderwijsniveau: 32 Hbo-, wo-master;Kerkelijke gezindte: PKN;2010;7.0
3211;Onderwijsniveau: 32 Hbo-, wo-master;Kerkelijke gezindte: PKN;2011;7.0
3212;Onderwijsniveau: 32 Hbo-, wo-master;Kerkelijke gezindte: PKN;2012;7.0
3213;Onderwijsniveau: 32 Hbo-, wo-master;Kerkelijke gezindte: PKN;2013;6.0
3214;Onderwijsniveau: 32 Hbo-, wo-master;Kerkelijke gezindte: PKN;2014;7.0
3215;Onderwijsniveau: 32 Hbo-, wo-master;Kerkelijke gezindte: PKN;2015;7.0
3216;Onderwijsniveau: 32 Hbo-, wo-master;Kerkelijke gezindte: PKN;2016;6.0
3217;Onderwijsniveau: 32 Hbo-, wo-master;Kerkelijke gezindte: PKN;2017;6.0
3218;Onderwijsniveau: 32 Hbo-, wo-master;Kerkelijke gezindte: PKN;2018;5.0
3219;Onderwijsniveau: 32 Hbo-, wo-master;Kerkelijke gezindte: PKN;2019;
3220;Onderwijsniveau: 32 Hbo-, wo-master;Kerkelijke gezindte: PKN;2020;
3221;Onderwijsniveau: 32 Hbo-, wo-master;Kerkelijke gezindte: PKN;2021;
3222;Onderwijsniveau: 32 Hbo-, wo-master;Kerkelijke gezindte: PKN;2022;
3223;Onderwijsniveau: 32 Hbo-, wo-master;Kerkelijke gezindte: PKN;2023;
3224;Onderwijsniveau: 32 Hbo-, wo-master;Kerkelijke gezindte: PKN;2024;
3225;Onderwijsniveau: 32 Hbo-, wo-master;Kerkelijke gezindte: Nederlands hervormd;2010;4.0
3226;Onderwijsniveau: 32 Hbo-, wo-master;Kerkelijke gezindte: Nederlands hervormd;2011;4.0
3227;Onderwijsniveau: 32 Hbo-, wo-master;Kerkelijke gezindte: Nederlands hervormd;2012;3.0
3228;Onderwijsniveau: 32 Hbo-, wo-master;Kerkelijke gezindte: Nederlands hervormd;2013;4.0
3229;Onderwijsniveau: 32 Hbo-, wo-master;Kerkelijke gezindte: Nederlands hervormd;2014;3.0
3230;Onderwijsniveau: 32 Hbo-, wo-master;Kerkelijke gezindte: Nederlands hervormd;2015;3.0
3231;Onderwijsniveau: 32 Hbo-, wo-master;Kerkelijke gezindte: Nederlands hervormd;2016;3.0
3232;Onderwijsniveau: 32 Hbo-, wo-master;Kerkelijke gezindte: Nederlands hervormd;2017;3.0
3233;Onderwijsniveau: 32 Hbo-, wo-master;Kerkelijke gezindte: Nederlands hervormd;2018;5.0
3234;Onderwijsniveau: 32 Hbo-, wo-master;Kerkelijke gezindte: Nederlands hervormd;2019;
3235;Onderwijsniveau: 32 Hbo-, wo-master;Kerkelijke gezindte: Nederlands hervormd;2020;
3236;Onderwijsniveau: 32 Hbo-, wo-master;Kerkelijke gezindte: Nederlands hervormd;2021;
3237;Onderwijsniveau: 32 Hbo-, wo-master;Kerkelijke gezindte: Nederlands hervormd;2022;
3238;Onderwijsniveau: 32 Hbo-, wo-master;Kerkelijke gezindte: Nederlands hervormd;2023;
3239;Onderwijsniveau: 32 Hbo-, wo-master;Kerkelijke gezindte: Nederlands hervormd;2024;
3240;Onderwijsniveau: 32 Hbo-, wo-master;Kerkelijke gezindte: gereformeerd;2010;3.0
3241;Onderwijsniveau: 32 Hbo-, wo-master;Kerkelijke gezindte: gereformeerd;2011;2.0
3242;Onderwijsniveau: 32 Hbo-, wo-master;Kerkelijke gezindte: gereformeerd;2012;2.0
3243;Onderwijsniveau: 32 Hbo-, wo-master;Kerkelijke gezindte: gereformeerd;2013;2.0
3244;Onderwijsniveau: 32 Hbo-, wo-master;Kerkelijke gezindte: gereformeerd;2014;2.0
3245;Onderwijsniveau: 32 Hbo-, wo-master;Kerkelijke gezindte: gereformeerd;2015;2.0
3246;Onderwijsniveau: 32 Hbo-, wo-master;Kerkelijke gezindte: gereformeerd;2016;2.0
3247;Onderwijsniveau: 32 Hbo-, wo-master;Kerkelijke gezindte: gereformeerd;2017;3.0
3248;Onderwijsniveau: 32 Hbo-, wo-master;Kerkelijke gezindte: gereformeerd;2018;2.0
3249;Onderwijsniveau: 32 Hbo-, wo-master;Kerkelijke gezindte: gereformeerd;2019;
3250;Onderwijsniveau: 32 Hbo-, wo-master;Kerkelijke gezindte: gereformeerd;2020;
3251;Onderwijsniveau: 32 Hbo-, wo-master;Kerkelijke gezindte: gereformeerd;2021;
3252;Onderwijsniveau: 32 Hbo-, wo-master;Kerkelijke gezindte: gereformeerd;2022;
3253;Onderwijsniveau: 32 Hbo-, wo-master;Kerkelijke gezindte: gereformeerd;2023;
3254;Onderwijsniveau: 32 Hbo-, wo-master;Kerkelijke gezindte: gereformeerd;2024;
3255;Onderwijsniveau: 32 Hbo-, wo-master;Kerkelijke gezindte: Islam;2010;3.0
3256;Onderwijsniveau: 32 Hbo-, wo-master;Kerkelijke gezindte: Islam;2011;3.0
3257;Onderwijsniveau: 32 Hbo-, wo-master;Kerkelijke gezindte: Islam;2012;3.0
3258;Onderwijsniveau: 32 Hbo-, wo-master;Kerkelijke gezindte: Islam;2013;2.0
3259;Onderwijsniveau: 32 Hbo-, wo-master;Kerkelijke gezindte: Islam;2014;2.0
3260;Onderwijsniveau: 32 Hbo-, wo-master;Kerkelijke gezindte: Islam;2015;2.0
3261;Onderwijsniveau: 32 Hbo-, wo-master;Kerkelijke gezindte: Islam;2016;2.0
3262;Onderwijsniveau: 32 Hbo-, wo-master;Kerkelijke gezindte: Islam;2017;2.0
3263;Onderwijsniveau: 32 Hbo-, wo-master;Kerkelijke gezindte: Islam;2018;1.0
3264;Onderwijsniveau: 32 Hbo-, wo-master;Kerkelijke gezindte: Islam;2019;3.0
3265;Onderwijsniveau: 32 Hbo-, wo-master;Kerkelijke gezindte: Islam;2020;4.0
3266;Onderwijsniveau: 32 Hbo-, wo-master;Kerkelijke gezindte: Islam;2021;2.0
3267;Onderwijsniveau: 32 Hbo-, wo-master;Kerkelijke gezindte: Islam;2022;2.0
3268;Onderwijsniveau: 32 Hbo-, wo-master;Kerkelijke gezindte: Islam;2023;4.0
3269;Onderwijsniveau: 32 Hbo-, wo-master;Kerkelijke gezindte: Islam;2024;2.0
3270;Onderwijsniveau: 32 Hbo-, wo-master;Kerkelijke gezindte: overige;2010;6.0
3271;Onderwijsniveau: 32 Hbo-, wo-master;Kerkelijke gezindte: overige;2011;6.0
3272;Onderwijsniveau: 32 Hbo-, wo-master;Kerkelijke gezindte: overige;2012;6.0
3273;Onderwijsniveau: 32 Hbo-, wo-master;Kerkelijke gezindte: overige;2013;7.0
3274;Onderwijsniveau: 32 Hbo-, wo-master;Kerkelijke gezindte: overige;2014;6.0
3275;Onderwijsniveau: 32 Hbo-, wo-master;Kerkelijke gezindte: overige;2015;6.0
3276;Onderwijsniveau: 32 Hbo-, wo-master;Kerkelijke gezindte: overige;2016;6.0
3277;Onderwijsniveau: 32 Hbo-, wo-master;Kerkelijke gezindte: overige;2017;5.0
3278;Onderwijsniveau: 32 Hbo-, wo-master;Kerkelijke gezindte: overige;2018;5.0
3279;Onderwijsniveau: 32 Hbo-, wo-master;Kerkelijke gezindte: overige;2019;6.0
3280;Onderwijsniveau: 32 Hbo-, wo-master;Kerkelijke gezindte: overige;2020;7.0
3281;Onderwijsniveau: 32 Hbo-, wo-master;Kerkelijke gezindte: overige;2021;7.0
3282;Onderwijsniveau: 32 Hbo-, wo-master;Kerkelijke gezindte: overige;2022;6.0
3283;Onderwijsniveau: 32 Hbo-, wo-master;Kerkelijke gezindte: overige;2023;5.0
3284;Onderwijsniveau: 32 Hbo-, wo-master;Kerkelijke gezindte: overige;2024;7.0
3285;Onderwijsniveau: 32 Hbo-, wo-master;Kerkbezoek: één keer per week of vaker;2010;7.0
3286;Onderwijsniveau: 32 Hbo-, wo-master;Kerkbezoek: één keer per week of vaker;2011;7.0
3287;Onderwijsniveau: 32 Hbo-, wo-master;Kerkbezoek: één keer per week of vaker;2012;6.0
3288;Onderwijsniveau: 32 Hbo-, wo-master;Kerkbezoek: één keer per week of vaker;2013;7.0
3289;Onderwijsniveau: 32 Hbo-, wo-master;Kerkbezoek: één keer per week of vaker;2014;7.0
3290;Onderwijsniveau: 32 Hbo-, wo-master;Kerkbezoek: één keer per week of vaker;2015;6.0
3291;Onderwijsniveau: 32 Hbo-, wo-master;Kerkbezoek: één keer per week of vaker;2016;5.0
3292;Onderwijsniveau: 32 Hbo-, wo-master;Kerkbezoek: één keer per week of vaker;2017;7.0
3293;Onderwijsniveau: 32 Hbo-, wo-master;Kerkbezoek: één keer per week of vaker;2018;4.0
3294;Onderwijsniveau: 32 Hbo-, wo-master;Kerkbezoek: één keer per week of vaker;2019;5.0
3295;Onderwijsniveau: 32 Hbo-, wo-master;Kerkbezoek: één keer per week of vaker;2020;4.0
3296;Onderwijsniveau: 32 Hbo-, wo-master;Kerkbezoek: één keer per week of vaker;2021;6.0
3297;Onderwijsniveau: 32 Hbo-, wo-master;Kerkbezoek: één keer per week of vaker;2022;4.0
3298;Onderwijsniveau: 32 Hbo-, wo-master;Kerkbezoek: één keer per week of vaker;2023;5.0
3299;Onderwijsniveau: 32 Hbo-, wo-master;Kerkbezoek: één keer per week of vaker;2024;7.0
3300;Onderwijsniveau: 32 Hbo-, wo-master;Kerkbezoek: twee tot drie keer per maand;2010;3.0
3301;Onderwijsniveau: 32 Hbo-, wo-master;Kerkbezoek: twee tot drie keer per maand;2011;3.0
3302;Onderwijsniveau: 32 Hbo-, wo-master;Kerkbezoek: twee tot drie keer per maand;2012;3.0
3303;Onderwijsniveau: 32 Hbo-, wo-master;Kerkbezoek: twee tot drie keer per maand;2013;4.0
3304;Onderwijsniveau: 32 Hbo-, wo-master;Kerkbezoek: twee tot drie keer per maand;2014;3.0
3305;Onderwijsniveau: 32 Hbo-, wo-master;Kerkbezoek: twee tot drie keer per maand;2015;3.0
3306;Onderwijsniveau: 32 Hbo-, wo-master;Kerkbezoek: twee tot drie keer per maand;2016;3.0
3307;Onderwijsniveau: 32 Hbo-, wo-master;Kerkbezoek: twee tot drie keer per maand;2017;3.0
3308;Onderwijsniveau: 32 Hbo-, wo-master;Kerkbezoek: twee tot drie keer per maand;2018;3.0
3309;Onderwijsniveau: 32 Hbo-, wo-master;Kerkbezoek: twee tot drie keer per maand;2019;2.0
3310;Onderwijsniveau: 32 Hbo-, wo-master;Kerkbezoek: twee tot drie keer per maand;2020;3.0
3311;Onderwijsniveau: 32 Hbo-, wo-master;Kerkbezoek: twee tot drie keer per maand;2021;3.0
3312;Onderwijsniveau: 32 Hbo-, wo-master;Kerkbezoek: twee tot drie keer per maand;2022;2.0
3313;Onderwijsniveau: 32 Hbo-, wo-master;Kerkbezoek: twee tot drie keer per maand;2023;2.0
3314;Onderwijsniveau: 32 Hbo-, wo-master;Kerkbezoek: twee tot drie keer per maand;2024;2.0
3315;Onderwijsniveau: 32 Hbo-, wo-master;Kerkbezoek: één keer per maand;2010;3.0
3316;Onderwijsniveau: 32 Hbo-, wo-master;Kerkbezoek: één keer per maand;2011;3.0
3317;Onderwijsniveau: 32 Hbo-, wo-master;Kerkbezoek: één keer per maand;2012;3.0
3318;Onderwijsniveau: 32 Hbo-, wo-master;Kerkbezoek: één keer per maand;2013;3.0
3319;Onderwijsniveau: 32 Hbo-, wo-master;Kerkbezoek: één keer per maand;2014;2.0
3320;Onderwijsniveau: 32 Hbo-, wo-master;Kerkbezoek: één keer per maand;2015;2.0
3321;Onderwijsniveau: 32 Hbo-, wo-master;Kerkbezoek: één keer per maand;2016;2.0
3322;Onderwijsniveau: 32 Hbo-, wo-master;Kerkbezoek: één keer per maand;2017;2.0
3323;Onderwijsniveau: 32 Hbo-, wo-master;Kerkbezoek: één keer per maand;2018;3.0
3324;Onderwijsniveau: 32 Hbo-, wo-master;Kerkbezoek: één keer per maand;2019;2.0
3325;Onderwijsniveau: 32 Hbo-, wo-master;Kerkbezoek: één keer per maand;2020;2.0
3326;Onderwijsniveau: 32 Hbo-, wo-master;Kerkbezoek: één keer per maand;2021;2.0
3327;Onderwijsniveau: 32 Hbo-, wo-master;Kerkbezoek: één keer per maand;2022;2.0
3328;Onderwijsniveau: 32 Hbo-, wo-master;Kerkbezoek: één keer per maand;2023;2.0
3329;Onderwijsniveau: 32 Hbo-, wo-master;Kerkbezoek: één keer per maand;2024;1.0
3330;Onderwijsniveau: 32 Hbo-, wo-master;Kerkbezoek: minder dan één keer per mnd;2010;7.0
3331;Onderwijsniveau: 32 Hbo-, wo-master;Kerkbezoek: minder dan één keer per mnd;2011;6.0
3332;Onderwijsniveau: 32 Hbo-, wo-master;Kerkbezoek: minder dan één keer per mnd;2012;7.0
3333;Onderwijsniveau: 32 Hbo-, wo-master;Kerkbezoek: minder dan één keer per mnd;2013;6.0
3334;Onderwijsniveau: 32 Hbo-, wo-master;Kerkbezoek: minder dan één keer per mnd;2014;7.0
3335;Onderwijsniveau: 32 Hbo-, wo-master;Kerkbezoek: minder dan één keer per mnd;2015;6.0
3336;Onderwijsniveau: 32 Hbo-, wo-master;Kerkbezoek: minder dan één keer per mnd;2016;8.0
3337;Onderwijsniveau: 32 Hbo-, wo-master;Kerkbezoek: minder dan één keer per mnd;2017;7.0
3338;Onderwijsniveau: 32 Hbo-, wo-master;Kerkbezoek: minder dan één keer per mnd;2018;5.0
3339;Onderwijsniveau: 32 Hbo-, wo-master;Kerkbezoek: minder dan één keer per mnd;2019;5.0
3340;Onderwijsniveau: 32 Hbo-, wo-master;Kerkbezoek: minder dan één keer per mnd;2020;5.0
3341;Onderwijsniveau: 32 Hbo-, wo-master;Kerkbezoek: minder dan één keer per mnd;2021;4.0
3342;Onderwijsniveau: 32 Hbo-, wo-master;Kerkbezoek: minder dan één keer per mnd;2022;5.0
3343;Onderwijsniveau: 32 Hbo-, wo-master;Kerkbezoek: minder dan één keer per mnd;2023;4.0
3344;Onderwijsniveau: 32 Hbo-, wo-master;Kerkbezoek: minder dan één keer per mnd;2024;6.0
3345;Onderwijsniveau: 32 Hbo-, wo-master;Kerkbezoek: zelden of nooit;2010;80.0
3346;Onderwijsniveau: 32 Hbo-, wo-master;Kerkbezoek: zelden of nooit;2011;81.0
3347;Onderwijsniveau: 32 Hbo-, wo-master;Kerkbezoek: zelden of nooit;2012;82.0
3348;Onderwijsniveau: 32 Hbo-, wo-master;Kerkbezoek: zelden of nooit;2013;81.0
3349;Onderwijsniveau: 32 Hbo-, wo-master;Kerkbezoek: zelden of nooit;2014;80.0
3350;Onderwijsniveau: 32 Hbo-, wo-master;Kerkbezoek: zelden of nooit;2015;82.0
3351;Onderwijsniveau: 32 Hbo-, wo-master;Kerkbezoek: zelden of nooit;2016;82.0
3352;Onderwijsniveau: 32 Hbo-, wo-master;Kerkbezoek: zelden of nooit;2017;82.0
3353;Onderwijsniveau: 32 Hbo-, wo-master;Kerkbezoek: zelden of nooit;2018;86.0
3354;Onderwijsniveau: 32 Hbo-, wo-master;Kerkbezoek: zelden of nooit;2019;85.0
3355;Onderwijsniveau: 32 Hbo-, wo-master;Kerkbezoek: zelden of nooit;2020;87.0
3356;Onderwijsniveau: 32 Hbo-, wo-master;Kerkbezoek: zelden of nooit;2021;84.0
3357;Onderwijsniveau: 32 Hbo-, wo-master;Kerkbezoek: zelden of nooit;2022;87.0
3358;Onderwijsniveau: 32 Hbo-, wo-master;Kerkbezoek: zelden of nooit;2023;87.0
3359;Onderwijsniveau: 32 Hbo-, wo-master;Kerkbezoek: zelden of nooit;2024;84.0
