ID;Geslacht;Leeftijd;MboSectoren;BedrijfstakkenSBI20081JaarEerder;Perioden;InstromersTotaal_1;Entreeopleiding_2;Niveau2_3;Niveau3_4;Niveau4_5;BeroepsopleidendeLeerwegBol_6;BeroepsbegeleidendeLeerwegBbl_7;BolEntreeopleiding_8;BolNiveau2_9;BolNiveau3_10;BolNiveau4_11;BblEntreeopleiding_12;BblNiveau2_13;BblNiveau3_14;BblNiveau4_15
0;Totaal mannen en vrouwen;Totaal leeftijd;Totaal;A-U Alle economische activiteiten;2009/'10;37327;6819;15441;8082;6985;4825;32502;546;1411;1034;1834;6273;14030;7048;5151
1;Totaal mannen en vrouwen;Totaal leeftijd;Totaal;A-U Alle economische activiteiten;2010/'11;27689;6055;9711;6471;5452;3827;23862;424;938;758;1707;5631;8773;5713;3745
2;Totaal mannen en vrouwen;Totaal leeftijd;Totaal;A-U Alle economische activiteiten;2011/'12;24167;4758;9987;5320;4102;3213;20954;346;882;656;1329;4412;9105;4664;2773
3;Totaal mannen en vrouwen;Totaal leeftijd;Totaal;A-U Alle economische activiteiten;2012/'13;21335;4390;7927;5022;3996;2878;18457;386;678;518;1296;4004;7249;4504;2700
4;Totaal mannen en vrouwen;Totaal leeftijd;Totaal;A-U Alle economische activiteiten;2013/'14;10809;1628;3276;2729;3176;2597;8212;332;526;355;1384;1296;2750;2374;1792
5;Totaal mannen en vrouwen;Totaal leeftijd;Totaal;A-U Alle economische activiteiten;2014/'15;8088;1148;2126;2263;2551;2097;5991;323;359;240;1175;825;1767;2023;1376
6;Totaal mannen en vrouwen;Totaal leeftijd;Totaal;A-U Alle economische activiteiten;2015/'16;8052;1095;2218;2425;2314;2043;6009;349;352;249;1093;746;1866;2176;1221
7;Totaal mannen en vrouwen;Totaal leeftijd;Totaal;A-U Alle economische activiteiten;2016/'17;9906;817;2426;3394;3269;1621;8285;242;180;171;1028;575;2246;3223;2241
8;Totaal mannen en vrouwen;Totaal leeftijd;Totaal;A-U Alle economische activiteiten;2017/'18;9868;687;2191;3616;3374;1608;8260;262;152;196;998;425;2039;3420;2376
9;Totaal mannen en vrouwen;Totaal leeftijd;Totaal;A-U Alle economische activiteiten;2018/'19;11628;978;2827;3900;3923;1802;9826;413;174;159;1056;565;2653;3741;2867
10;Totaal mannen en vrouwen;Totaal leeftijd;Totaal;A-U Alle economische activiteiten;2019/'20;11455;1209;2635;3514;4097;1933;9522;488;206;173;1066;721;2429;3341;3031
11;Totaal mannen en vrouwen;Totaal leeftijd;Totaal;A-U Alle economische activiteiten;2020/'21;11026;1351;2306;3272;4097;2288;8738;660;226;161;1241;691;2080;3111;2856
12;Totaal mannen en vrouwen;Totaal leeftijd;Totaal;A Landbouw, bosbouw en visserij;2009/'10;202;19;80;54;49;52;150;7;15;10;20;12;65;44;29
13;Totaal mannen en vrouwen;Totaal leeftijd;Totaal;A Landbouw, bosbouw en visserij;2010/'11;179;31;74;44;30;45;134;6;11;8;20;25;63;36;10
14;Totaal mannen en vrouwen;Totaal leeftijd;Totaal;A Landbouw, bosbouw en visserij;2011/'12;171;22;89;35;25;45;126;7;11;8;19;15;78;27;6
15;Totaal mannen en vrouwen;Totaal leeftijd;Totaal;A Landbouw, bosbouw en visserij;2012/'13;157;41;45;40;31;33;124;2;7;5;19;39;38;35;12
16;Totaal mannen en vrouwen;Totaal leeftijd;Totaal;A Landbouw, bosbouw en visserij;2013/'14;90;14;30;19;27;44;46;2;11;10;21;12;19;9;6
17;Totaal mannen en vrouwen;Totaal leeftijd;Totaal;A Landbouw, bosbouw en visserij;2014/'15;76;14;18;17;27;35;41;6;4;5;20;8;14;12;7
18;Totaal mannen en vrouwen;Totaal leeftijd;Totaal;A Landbouw, bosbouw en visserij;2015/'16;88;15;14;30;29;47;41;7;9;7;24;8;5;23;5
19;Totaal mannen en vrouwen;Totaal leeftijd;Totaal;A Landbouw, bosbouw en visserij;2016/'17;73;5;16;24;28;25;48;2;3;3;17;3;13;21;11
20;Totaal mannen en vrouwen;Totaal leeftijd;Totaal;A Landbouw, bosbouw en visserij;2017/'18;93;10;19;32;32;32;61;3;3;2;24;7;16;30;8
21;Totaal mannen en vrouwen;Totaal leeftijd;Totaal;A Landbouw, bosbouw en visserij;2018/'19;92;9;16;35;32;24;68;2;3;1;18;7;13;34;14
22;Totaal mannen en vrouwen;Totaal leeftijd;Totaal;A Landbouw, bosbouw en visserij;2019/'20;109;12;25;36;36;31;78;7;4;2;18;5;21;34;18
23;Totaal mannen en vrouwen;Totaal leeftijd;Totaal;A Landbouw, bosbouw en visserij;2020/'21;112;17;23;41;31;21;91;4;0;4;13;13;23;37;18
24;Totaal mannen en vrouwen;Totaal leeftijd;Totaal;B-E Nijverheid (geen bouw) en energie;2009/'10;7466;4010;2007;940;509;313;7153;25;116;70;102;3985;1891;870;407
25;Totaal mannen en vrouwen;Totaal leeftijd;Totaal;B-E Nijverheid (geen bouw) en energie;2010/'11;6289;3838;1442;637;372;176;6113;17;55;39;65;3821;1387;598;307
26;Totaal mannen en vrouwen;Totaal leeftijd;Totaal;B-E Nijverheid (geen bouw) en energie;2011/'12;4548;2557;1263;513;215;146;4402;27;45;25;49;2530;1218;488;166
27;Totaal mannen en vrouwen;Totaal leeftijd;Totaal;B-E Nijverheid (geen bouw) en energie;2012/'13;3916;2007;1237;488;184;116;3800;16;34;17;49;1991;1203;471;135
28;Totaal mannen en vrouwen;Totaal leeftijd;Totaal;B-E Nijverheid (geen bouw) en energie;2013/'14;1582;661;476;297;148;72;1510;12;16;13;31;649;460;284;117
29;Totaal mannen en vrouwen;Totaal leeftijd;Totaal;B-E Nijverheid (geen bouw) en energie;2014/'15;946;370;262;207;107;53;893;10;7;4;32;360;255;203;75
30;Totaal mannen en vrouwen;Totaal leeftijd;Totaal;B-E Nijverheid (geen bouw) en energie;2015/'16;1145;336;430;268;111;55;1090;15;14;3;23;321;416;265;88
31;Totaal mannen en vrouwen;Totaal leeftijd;Totaal;B-E Nijverheid (geen bouw) en energie;2016/'17;1136;288;421;297;130;53;1083;18;6;8;21;270;415;289;109
32;Totaal mannen en vrouwen;Totaal leeftijd;Totaal;B-E Nijverheid (geen bouw) en energie;2017/'18;727;99;208;284;136;35;692;7;1;8;19;92;207;276;117
33;Totaal mannen en vrouwen;Totaal leeftijd;Totaal;B-E Nijverheid (geen bouw) en energie;2018/'19;820;83;301;286;150;48;772;8;10;3;27;75;291;283;123
34;Totaal mannen en vrouwen;Totaal leeftijd;Totaal;B-E Nijverheid (geen bouw) en energie;2019/'20;863;141;233;289;200;66;797;23;10;7;26;118;223;282;174
35;Totaal mannen en vrouwen;Totaal leeftijd;Totaal;B-E Nijverheid (geen bouw) en energie;2020/'21;667;76;179;237;175;67;600;18;6;7;36;58;173;230;139
36;Totaal mannen en vrouwen;Totaal leeftijd;Totaal;F Bouwnijverheid;2009/'10;1860;52;792;571;445;105;1755;19;32;22;32;33;760;549;413
37;Totaal mannen en vrouwen;Totaal leeftijd;Totaal;F Bouwnijverheid;2010/'11;946;38;527;229;152;71;875;7;22;11;31;31;505;218;121
38;Totaal mannen en vrouwen;Totaal leeftijd;Totaal;F Bouwnijverheid;2011/'12;733;43;374;197;119;43;690;4;15;12;12;39;359;185;107
39;Totaal mannen en vrouwen;Totaal leeftijd;Totaal;F Bouwnijverheid;2012/'13;591;21;302;151;117;43;548;4;18;10;11;17;284;141;106
40;Totaal mannen en vrouwen;Totaal leeftijd;Totaal;F Bouwnijverheid;2013/'14;253;15;97;65;76;26;227;4;4;5;13;11;93;60;63
41;Totaal mannen en vrouwen;Totaal leeftijd;Totaal;F Bouwnijverheid;2014/'15;151;10;67;39;35;19;132;3;7;2;7;7;60;37;28
42;Totaal mannen en vrouwen;Totaal leeftijd;Totaal;F Bouwnijverheid;2015/'16;191;14;66;71;40;26;165;5;5;2;14;9;61;69;26
43;Totaal mannen en vrouwen;Totaal leeftijd;Totaal;F Bouwnijverheid;2016/'17;235;6;70;79;80;20;215;2;6;1;11;4;64;78;69
44;Totaal mannen en vrouwen;Totaal leeftijd;Totaal;F Bouwnijverheid;2017/'18;232;9;67;88;68;15;217;2;6;4;3;7;61;84;65
45;Totaal mannen en vrouwen;Totaal leeftijd;Totaal;F Bouwnijverheid;2018/'19;315;23;112;98;82;22;293;10;2;1;9;13;110;97;73
46;Totaal mannen en vrouwen;Totaal leeftijd;Totaal;F Bouwnijverheid;2019/'20;296;19;106;95;76;17;279;4;2;1;10;15;104;94;66
47;Totaal mannen en vrouwen;Totaal leeftijd;Totaal;F Bouwnijverheid;2020/'21;278;19;122;78;59;17;261;4;5;2;6;15;117;76;53
48;Totaal mannen en vrouwen;Totaal leeftijd;Totaal;G-I Handel, vervoer en horeca;2009/'10;11241;767;7117;1796;1561;1599;9642;191;425;306;677;576;6692;1490;884
49;Totaal mannen en vrouwen;Totaal leeftijd;Totaal;G-I Handel, vervoer en horeca;2010/'11;7243;638;3937;1300;1368;1418;5825;166;333;269;650;472;3604;1031;718
50;Totaal mannen en vrouwen;Totaal leeftijd;Totaal;G-I Handel, vervoer en horeca;2011/'12;7162;546;4159;1208;1249;1355;5807;131;335;248;641;415;3824;960;608
51;Totaal mannen en vrouwen;Totaal leeftijd;Totaal;G-I Handel, vervoer en horeca;2012/'13;6204;703;3005;1214;1282;1355;4849;197;262;210;686;506;2743;1004;596
52;Totaal mannen en vrouwen;Totaal leeftijd;Totaal;G-I Handel, vervoer en horeca;2013/'14;2987;258;884;608;1237;1451;1536;167;273;199;812;91;611;409;425
53;Totaal mannen en vrouwen;Totaal leeftijd;Totaal;G-I Handel, vervoer en horeca;2014/'15;2615;279;690;517;1129;1311;1304;196;224;137;754;83;466;380;375
54;Totaal mannen en vrouwen;Totaal leeftijd;Totaal;G-I Handel, vervoer en horeca;2015/'16;2509;270;677;508;1054;1275;1234;191;228;155;701;79;449;353;353
55;Totaal mannen en vrouwen;Totaal leeftijd;Totaal;G-I Handel, vervoer en horeca;2016/'17;2525;203;561;618;1143;975;1550;125;89;93;668;78;472;525;475
56;Totaal mannen en vrouwen;Totaal leeftijd;Totaal;G-I Handel, vervoer en horeca;2017/'18;2677;233;587;793;1064;943;1734;152;83;105;603;81;504;688;461
57;Totaal mannen en vrouwen;Totaal leeftijd;Totaal;G-I Handel, vervoer en horeca;2018/'19;3518;340;769;1062;1347;1032;2486;216;82;77;657;124;687;985;690
58;Totaal mannen en vrouwen;Totaal leeftijd;Totaal;G-I Handel, vervoer en horeca;2019/'20;3699;398;774;1088;1439;1121;2578;229;109;112;671;169;665;976;768
59;Totaal mannen en vrouwen;Totaal leeftijd;Totaal;G-I Handel, vervoer en horeca;2020/'21;3632;463;613;980;1576;1289;2343;328;117;84;760;135;496;896;816
60;Totaal mannen en vrouwen;Totaal leeftijd;Totaal;J Informatie en communicatie;2009/'10;301;8;83;99;111;57;244;4;17;14;22;4;66;85;89
61;Totaal mannen en vrouwen;Totaal leeftijd;Totaal;J Informatie en communicatie;2010/'11;173;9;48;58;58;42;131;3;14;5;20;6;34;53;38
62;Totaal mannen en vrouwen;Totaal leeftijd;Totaal;J Informatie en communicatie;2011/'12;165;10;43;74;38;34;131;1;13;9;11;9;30;65;27
63;Totaal mannen en vrouwen;Totaal leeftijd;Totaal;J Informatie en communicatie;2012/'13;120;8;26;38;48;26;94;2;4;4;16;6;22;34;32
64;Totaal mannen en vrouwen;Totaal leeftijd;Totaal;J Informatie en communicatie;2013/'14;62;2;16;9;35;25;37;2;4;2;17;0;12;7;18
65;Totaal mannen en vrouwen;Totaal leeftijd;Totaal;J Informatie en communicatie;2014/'15;35;1;12;7;15;9;26;1;1;0;7;0;11;7;8
66;Totaal mannen en vrouwen;Totaal leeftijd;Totaal;J Informatie en communicatie;2015/'16;30;1;10;4;15;10;20;1;0;0;9;0;10;4;6
67;Totaal mannen en vrouwen;Totaal leeftijd;Totaal;J Informatie en communicatie;2016/'17;51;2;14;14;21;10;41;1;3;0;6;1;11;14;15
68;Totaal mannen en vrouwen;Totaal leeftijd;Totaal;J Informatie en communicatie;2017/'18;67;1;12;24;30;13;54;0;0;1;12;1;12;23;18
69;Totaal mannen en vrouwen;Totaal leeftijd;Totaal;J Informatie en communicatie;2018/'19;96;5;20;38;33;15;81;2;0;3;10;3;20;35;23
70;Totaal mannen en vrouwen;Totaal leeftijd;Totaal;J Informatie en communicatie;2019/'20;105;6;13;38;48;17;88;4;2;0;11;2;11;38;37
71;Totaal mannen en vrouwen;Totaal leeftijd;Totaal;J Informatie en communicatie;2020/'21;101;2;19;37;43;14;87;1;0;0;13;1;19;37;30
72;Totaal mannen en vrouwen;Totaal leeftijd;Totaal;K Financiële dienstverlening;2009/'10;793;21;74;61;637;61;732;3;10;18;30;18;64;43;607
73;Totaal mannen en vrouwen;Totaal leeftijd;Totaal;K Financiële dienstverlening;2010/'11;336;44;36;38;218;42;294;2;7;9;24;42;29;29;194
74;Totaal mannen en vrouwen;Totaal leeftijd;Totaal;K Financiële dienstverlening;2011/'12;316;3;54;64;195;47;269;0;12;12;23;3;42;52;172
75;Totaal mannen en vrouwen;Totaal leeftijd;Totaal;K Financiële dienstverlening;2012/'13;205;1;32;30;142;26;179;0;9;3;14;1;23;27;128
76;Totaal mannen en vrouwen;Totaal leeftijd;Totaal;K Financiële dienstverlening;2013/'14;84;0;15;16;53;19;65;0;6;1;12;0;9;15;41
77;Totaal mannen en vrouwen;Totaal leeftijd;Totaal;K Financiële dienstverlening;2014/'15;43;3;13;10;17;6;37;1;0;0;5;2;13;10;12
78;Totaal mannen en vrouwen;Totaal leeftijd;Totaal;K Financiële dienstverlening;2015/'16;42;1;15;12;14;6;36;0;1;1;4;1;14;11;10
79;Totaal mannen en vrouwen;Totaal leeftijd;Totaal;K Financiële dienstverlening;2016/'17;49;1;6;25;17;5;44;0;0;2;3;1;6;23;14
80;Totaal mannen en vrouwen;Totaal leeftijd;Totaal;K Financiële dienstverlening;2017/'18;141;2;13;43;83;6;135;0;1;1;4;2;12;42;79
81;Totaal mannen en vrouwen;Totaal leeftijd;Totaal;K Financiële dienstverlening;2018/'19;123;0;17;45;61;4;119;0;0;1;3;0;17;44;58
82;Totaal mannen en vrouwen;Totaal leeftijd;Totaal;K Financiële dienstverlening;2019/'20;131;5;6;38;82;8;123;2;0;0;6;3;6;38;76
83;Totaal mannen en vrouwen;Totaal leeftijd;Totaal;K Financiële dienstverlening;2020/'21;58;3;8;24;23;9;49;2;1;2;4;1;7;22;19
84;Totaal mannen en vrouwen;Totaal leeftijd;Totaal;L Verhuur en handel van onroerend goed;2009/'10;164;29;66;44;25;19;145;2;5;7;5;27;61;37;20
85;Totaal mannen en vrouwen;Totaal leeftijd;Totaal;L Verhuur en handel van onroerend goed;2010/'11;115;6;26;43;40;16;99;0;3;4;9;6;23;39;31
86;Totaal mannen en vrouwen;Totaal leeftijd;Totaal;L Verhuur en handel van onroerend goed;2011/'12;82;4;55;14;9;9;73;1;0;5;3;3;55;9;6
87;Totaal mannen en vrouwen;Totaal leeftijd;Totaal;L Verhuur en handel van onroerend goed;2012/'13;77;2;48;19;8;11;66;2;4;2;3;0;44;17;5
88;Totaal mannen en vrouwen;Totaal leeftijd;Totaal;L Verhuur en handel van onroerend goed;2013/'14;58;3;40;7;8;8;50;2;3;0;3;1;37;7;5
89;Totaal mannen en vrouwen;Totaal leeftijd;Totaal;L Verhuur en handel van onroerend goed;2014/'15;29;1;13;9;6;9;20;1;3;2;3;0;10;7;3
90;Totaal mannen en vrouwen;Totaal leeftijd;Totaal;L Verhuur en handel van onroerend goed;2015/'16;29;2;21;2;4;5;24;2;0;0;3;0;21;2;1
91;Totaal mannen en vrouwen;Totaal leeftijd;Totaal;L Verhuur en handel van onroerend goed;2016/'17;51;2;28;17;4;3;48;0;0;0;3;2;28;17;1
92;Totaal mannen en vrouwen;Totaal leeftijd;Totaal;L Verhuur en handel van onroerend goed;2017/'18;35;0;5;18;12;2;33;0;0;0;2;0;5;18;10
93;Totaal mannen en vrouwen;Totaal leeftijd;Totaal;L Verhuur en handel van onroerend goed;2018/'19;44;0;16;19;9;5;39;0;1;0;4;0;15;19;5
94;Totaal mannen en vrouwen;Totaal leeftijd;Totaal;L Verhuur en handel van onroerend goed;2019/'20;40;3;5;15;17;2;38;2;0;0;0;1;5;15;17
95;Totaal mannen en vrouwen;Totaal leeftijd;Totaal;L Verhuur en handel van onroerend goed;2020/'21;28;2;0;14;12;6;22;2;0;0;4;0;0;14;8
96;Totaal mannen en vrouwen;Totaal leeftijd;Totaal;M-N Zakelijke dienstverlening;2009/'10;6047;1086;2287;1400;1274;1362;4685;242;435;240;445;844;1852;1160;829
97;Totaal mannen en vrouwen;Totaal leeftijd;Totaal;M-N Zakelijke dienstverlening;2010/'11;4693;833;1498;1606;756;980;3713;178;264;141;397;655;1234;1465;359
98;Totaal mannen en vrouwen;Totaal leeftijd;Totaal;M-N Zakelijke dienstverlening;2011/'12;3608;687;1541;824;556;720;2888;122;235;99;264;565;1306;725;292
99;Totaal mannen en vrouwen;Totaal leeftijd;Totaal;M-N Zakelijke dienstverlening;2012/'13;3151;904;1104;635;508;658;2493;126;185;84;263;778;919;551;245
100;Totaal mannen en vrouwen;Totaal leeftijd;Totaal;M-N Zakelijke dienstverlening;2013/'14;1611;354;524;288;445;558;1053;105;134;46;273;249;390;242;172
101;Totaal mannen en vrouwen;Totaal leeftijd;Totaal;M-N Zakelijke dienstverlening;2014/'15;1324;309;412;215;388;437;887;78;76;56;227;231;336;159;161
102;Totaal mannen en vrouwen;Totaal leeftijd;Totaal;M-N Zakelijke dienstverlening;2015/'16;1314;280;431;276;327;429;885;106;68;44;211;174;363;232;116
103;Totaal mannen en vrouwen;Totaal leeftijd;Totaal;M-N Zakelijke dienstverlening;2016/'17;1578;243;554;407;374;381;1197;83;50;32;216;160;504;375;158
104;Totaal mannen en vrouwen;Totaal leeftijd;Totaal;M-N Zakelijke dienstverlening;2017/'18;1887;235;571;626;455;396;1491;85;45;39;227;150;526;587;228
105;Totaal mannen en vrouwen;Totaal leeftijd;Totaal;M-N Zakelijke dienstverlening;2018/'19;2433;419;689;743;582;486;1947;150;53;47;236;269;636;696;346
106;Totaal mannen en vrouwen;Totaal leeftijd;Totaal;M-N Zakelijke dienstverlening;2019/'20;2393;463;651;641;638;542;1851;195;64;39;244;268;587;602;394
107;Totaal mannen en vrouwen;Totaal leeftijd;Totaal;M-N Zakelijke dienstverlening;2020/'21;2304;615;500;524;665;653;1651;252;72;37;292;363;428;487;373
108;Totaal mannen en vrouwen;Totaal leeftijd;Totaal;O-Q Overheid en zorg;2009/'10;7670;740;2196;2750;1984;907;6763;39;217;270;381;701;1979;2480;1603
109;Totaal mannen en vrouwen;Totaal leeftijd;Totaal;O-Q Overheid en zorg;2010/'11;6622;531;1698;2252;2141;770;5852;35;145;216;374;496;1553;2036;1767
110;Totaal mannen en vrouwen;Totaal leeftijd;Totaal;O-Q Overheid en zorg;2011/'12;6010;485;1930;2146;1449;607;5403;38;148;196;225;447;1782;1950;1224
111;Totaal mannen en vrouwen;Totaal leeftijd;Totaal;O-Q Overheid en zorg;2012/'13;5805;422;1733;2192;1458;427;5378;20;98;157;152;402;1635;2035;1306
112;Totaal mannen en vrouwen;Totaal leeftijd;Totaal;O-Q Overheid en zorg;2013/'14;3602;270;1050;1308;974;266;3336;21;51;61;133;249;999;1247;841
113;Totaal mannen en vrouwen;Totaal leeftijd;Totaal;O-Q Overheid en zorg;2014/'15;2584;117;556;1188;723;121;2463;9;19;26;67;108;537;1162;656
114;Totaal mannen en vrouwen;Totaal leeftijd;Totaal;O-Q Overheid en zorg;2015/'16;2466;156;462;1198;650;125;2341;10;12;33;70;146;450;1165;580
115;Totaal mannen en vrouwen;Totaal leeftijd;Totaal;O-Q Overheid en zorg;2016/'17;3916;57;684;1817;1358;79;3837;5;16;23;35;52;668;1794;1323
116;Totaal mannen en vrouwen;Totaal leeftijd;Totaal;O-Q Overheid en zorg;2017/'18;3616;82;631;1537;1366;106;3510;7;9;29;61;75;622;1508;1305
117;Totaal mannen en vrouwen;Totaal leeftijd;Totaal;O-Q Overheid en zorg;2018/'19;3666;75;780;1357;1454;91;3575;13;13;18;47;62;767;1339;1407
118;Totaal mannen en vrouwen;Totaal leeftijd;Totaal;O-Q Overheid en zorg;2019/'20;3319;129;731;1087;1372;54;3265;6;8;6;34;123;723;1081;1338
119;Totaal mannen en vrouwen;Totaal leeftijd;Totaal;O-Q Overheid en zorg;2020/'21;3291;107;750;1110;1324;116;3175;24;15;11;66;83;735;1099;1258
120;Totaal mannen en vrouwen;Totaal leeftijd;Totaal;R-U Cultuur, recreatie, overige diensten;2009/'10;874;56;312;230;276;171;703;8;44;46;73;48;268;184;203
121;Totaal mannen en vrouwen;Totaal leeftijd;Totaal;R-U Cultuur, recreatie, overige diensten;2010/'11;602;66;155;166;215;158;444;8;34;41;75;58;121;125;140
122;Totaal mannen en vrouwen;Totaal leeftijd;Totaal;R-U Cultuur, recreatie, overige diensten;2011/'12;932;378;263;129;162;136;796;12;39;25;60;366;224;104;102
123;Totaal mannen en vrouwen;Totaal leeftijd;Totaal;R-U Cultuur, recreatie, overige diensten;2012/'13;728;254;230;113;131;114;614;12;34;16;52;242;196;97;79
124;Totaal mannen en vrouwen;Totaal leeftijd;Totaal;R-U Cultuur, recreatie, overige diensten;2013/'14;249;40;62;54;93;81;168;14;11;9;47;26;51;45;46
125;Totaal mannen en vrouwen;Totaal leeftijd;Totaal;R-U Cultuur, recreatie, overige diensten;2014/'15;163;33;38;28;64;71;92;10;10;7;44;23;28;21;20
126;Totaal mannen en vrouwen;Totaal leeftijd;Totaal;R-U Cultuur, recreatie, overige diensten;2015/'16;200;13;84;45;58;56;144;7;15;4;30;6;69;41;28
127;Totaal mannen en vrouwen;Totaal leeftijd;Totaal;R-U Cultuur, recreatie, overige diensten;2016/'17;236;7;58;75;96;63;173;5;7;6;45;2;51;69;51
128;Totaal mannen en vrouwen;Totaal leeftijd;Totaal;R-U Cultuur, recreatie, overige diensten;2017/'18;325;14;60;140;111;53;272;5;2;7;39;9;58;133;72
129;Totaal mannen en vrouwen;Totaal leeftijd;Totaal;R-U Cultuur, recreatie, overige diensten;2018/'19;432;20;81;177;154;68;364;11;10;8;39;9;71;169;115
130;Totaal mannen en vrouwen;Totaal leeftijd;Totaal;R-U Cultuur, recreatie, overige diensten;2019/'20;429;27;76;154;172;67;362;14;5;5;43;13;71;149;129
131;Totaal mannen en vrouwen;Totaal leeftijd;Totaal;R-U Cultuur, recreatie, overige diensten;2020/'21;501;42;83;204;172;86;415;24;10;10;42;18;73;194;130
132;Totaal mannen en vrouwen;Totaal leeftijd;Totaal;SBI-code onbekend;2009/'10;709;31;427;137;114;179;530;6;95;31;47;25;332;106;67
133;Totaal mannen en vrouwen;Totaal leeftijd;Totaal;SBI-code onbekend;2010/'11;491;21;270;98;102;109;382;2;50;15;42;19;220;83;60
134;Totaal mannen en vrouwen;Totaal leeftijd;Totaal;SBI-code onbekend;2011/'12;440;23;216;116;85;71;369;3;29;17;22;20;187;99;63
135;Totaal mannen en vrouwen;Totaal leeftijd;Totaal;SBI-code onbekend;2012/'13;381;27;165;102;87;69;312;5;23;10;31;22;142;92;56
136;Totaal mannen en vrouwen;Totaal leeftijd;Totaal;SBI-code onbekend;2013/'14;231;11;82;58;80;47;184;3;13;9;22;8;69;49;58
137;Totaal mannen en vrouwen;Totaal leeftijd;Totaal;SBI-code onbekend;2014/'15;122;11;45;26;40;26;96;8;8;1;9;3;37;25;31
138;Totaal mannen en vrouwen;Totaal leeftijd;Totaal;SBI-code onbekend;2015/'16;38;7;8;11;12;9;29;5;0;0;4;2;8;11;8
139;Totaal mannen en vrouwen;Totaal leeftijd;Totaal;SBI-code onbekend;2016/'17;56;3;14;21;18;7;49;1;0;3;3;2;14;18;15
140;Totaal mannen en vrouwen;Totaal leeftijd;Totaal;SBI-code onbekend;2017/'18;68;2;18;31;17;7;61;1;2;0;4;1;16;31;13
141;Totaal mannen en vrouwen;Totaal leeftijd;Totaal;SBI-code onbekend;2018/'19;89;4;26;40;19;7;82;1;0;0;6;3;26;40;13
142;Totaal mannen en vrouwen;Totaal leeftijd;Totaal;SBI-code onbekend;2019/'20;71;6;15;33;17;8;63;2;2;1;3;4;13;32;14
143;Totaal mannen en vrouwen;Totaal leeftijd;Totaal;SBI-code onbekend;2020/'21;54;5;9;23;17;10;44;1;0;4;5;4;9;19;12
144;Totaal mannen en vrouwen;Totaal leeftijd;Sector landbouw;A-U Alle economische activiteiten;2009/'10;2994;1569;695;520;210;145;2849;10;24;25;86;1559;671;495;124
145;Totaal mannen en vrouwen;Totaal leeftijd;Sector landbouw;A-U Alle economische activiteiten;2010/'11;2945;1782;665;345;153;103;2842;7;16;23;57;1775;649;322;96
146;Totaal mannen en vrouwen;Totaal leeftijd;Sector landbouw;A-U Alle economische activiteiten;2011/'12;2689;1512;634;378;165;124;2565;10;17;22;75;1502;617;356;90
147;Totaal mannen en vrouwen;Totaal leeftijd;Sector landbouw;A-U Alle economische activiteiten;2012/'13;2442;1410;549;361;122;101;2341;4;12;23;62;1406;537;338;60
148;Totaal mannen en vrouwen;Totaal leeftijd;Sector landbouw;A-U Alle economische activiteiten;2013/'14;915;377;262;140;136;125;790;4;8;19;94;373;254;121;42
149;Totaal mannen en vrouwen;Totaal leeftijd;Sector landbouw;A-U Alle economische activiteiten;2014/'15;649;211;180;147;111;104;545;3;9;14;78;208;171;133;33
150;Totaal mannen en vrouwen;Totaal leeftijd;Sector landbouw;A-U Alle economische activiteiten;2015/'16;653;159;157;251;86;84;569;3;15;16;50;156;142;235;36
151;Totaal mannen en vrouwen;Totaal leeftijd;Sector landbouw;A-U Alle economische activiteiten;2016/'17;414;14;181;120;99;57;357;0;5;2;50;14;176;118;49
152;Totaal mannen en vrouwen;Totaal leeftijd;Sector landbouw;A-U Alle economische activiteiten;2017/'18;395;0;124;158;113;75;320;0;7;5;63;0;117;153;50
153;Totaal mannen en vrouwen;Totaal leeftijd;Sector landbouw;A-U Alle economische activiteiten;2018/'19;304;0;80;130;94;54;250;0;3;4;47;0;77;126;47
154;Totaal mannen en vrouwen;Totaal leeftijd;Sector landbouw;A-U Alle economische activiteiten;2019/'20;321;0;66;149;106;68;253;0;4;3;61;0;62;146;45
155;Totaal mannen en vrouwen;Totaal leeftijd;Sector landbouw;A-U Alle economische activiteiten;2020/'21;374;182;23;82;87;83;291;2;5;2;74;180;18;80;13
156;Totaal mannen en vrouwen;Totaal leeftijd;Sector landbouw;A Landbouw, bosbouw en visserij;2009/'10;66;4;22;27;13;7;59;2;0;2;3;2;22;25;10
157;Totaal mannen en vrouwen;Totaal leeftijd;Sector landbouw;A Landbouw, bosbouw en visserij;2010/'11;45;13;15;12;5;5;40;0;1;0;4;13;14;12;1
158;Totaal mannen en vrouwen;Totaal leeftijd;Sector landbouw;A Landbouw, bosbouw en visserij;2011/'12;26;8;5;9;4;6;20;1;1;2;2;7;4;7;2
159;Totaal mannen en vrouwen;Totaal leeftijd;Sector landbouw;A Landbouw, bosbouw en visserij;2012/'13;69;34;11;17;7;5;64;0;2;1;2;34;9;16;5
160;Totaal mannen en vrouwen;Totaal leeftijd;Sector landbouw;A Landbouw, bosbouw en visserij;2013/'14;18;6;6;6;0;2;16;0;0;2;0;6;6;4;0
161;Totaal mannen en vrouwen;Totaal leeftijd;Sector landbouw;A Landbouw, bosbouw en visserij;2014/'15;22;5;2;9;6;6;16;0;0;3;3;5;2;6;3
162;Totaal mannen en vrouwen;Totaal leeftijd;Sector landbouw;A Landbouw, bosbouw en visserij;2015/'16;19;3;0;9;7;7;12;0;0;1;6;3;0;8;1
163;Totaal mannen en vrouwen;Totaal leeftijd;Sector landbouw;A Landbouw, bosbouw en visserij;2016/'17;7;0;0;4;3;2;5;0;0;0;2;0;0;4;1
164;Totaal mannen en vrouwen;Totaal leeftijd;Sector landbouw;A Landbouw, bosbouw en visserij;2017/'18;14;0;2;4;8;7;7;0;1;0;6;0;1;4;2
165;Totaal mannen en vrouwen;Totaal leeftijd;Sector landbouw;A Landbouw, bosbouw en visserij;2018/'19;6;0;1;2;3;3;3;0;0;1;2;0;1;1;1
166;Totaal mannen en vrouwen;Totaal leeftijd;Sector landbouw;A Landbouw, bosbouw en visserij;2019/'20;7;0;1;3;3;2;5;0;0;0;2;0;1;3;1
167;Totaal mannen en vrouwen;Totaal leeftijd;Sector landbouw;A Landbouw, bosbouw en visserij;2020/'21;19;10;0;6;3;2;17;0;0;0;2;10;0;6;1
168;Totaal mannen en vrouwen;Totaal leeftijd;Sector landbouw;B-E Nijverheid (geen bouw) en energie;2009/'10;1709;1201;227;241;40;8;1701;1;1;0;6;1200;226;241;34
169;Totaal mannen en vrouwen;Totaal leeftijd;Sector landbouw;B-E Nijverheid (geen bouw) en energie;2010/'11;1958;1430;355;142;31;4;1954;0;2;2;0;1430;353;140;31
170;Totaal mannen en vrouwen;Totaal leeftijd;Sector landbouw;B-E Nijverheid (geen bouw) en energie;2011/'12;1625;1174;320;121;10;7;1618;1;2;1;3;1173;318;120;7
171;Totaal mannen en vrouwen;Totaal leeftijd;Sector landbouw;B-E Nijverheid (geen bouw) en energie;2012/'13;1177;858;203;109;7;8;1169;3;1;0;4;855;202;109;3
172;Totaal mannen en vrouwen;Totaal leeftijd;Sector landbouw;B-E Nijverheid (geen bouw) en energie;2013/'14;506;290;156;43;17;4;502;1;0;1;2;289;156;42;15
173;Totaal mannen en vrouwen;Totaal leeftijd;Sector landbouw;B-E Nijverheid (geen bouw) en energie;2014/'15;230;140;60;23;7;4;226;0;0;0;4;140;60;23;3
174;Totaal mannen en vrouwen;Totaal leeftijd;Sector landbouw;B-E Nijverheid (geen bouw) en energie;2015/'16;243;116;50;57;20;2;241;0;1;0;1;116;49;57;19
175;Totaal mannen en vrouwen;Totaal leeftijd;Sector landbouw;B-E Nijverheid (geen bouw) en energie;2016/'17;98;0;60;25;13;3;95;0;0;1;2;0;60;24;11
176;Totaal mannen en vrouwen;Totaal leeftijd;Sector landbouw;B-E Nijverheid (geen bouw) en energie;2017/'18;100;0;35;47;18;4;96;0;0;1;3;0;35;46;15
177;Totaal mannen en vrouwen;Totaal leeftijd;Sector landbouw;B-E Nijverheid (geen bouw) en energie;2018/'19;61;0;33;17;11;2;59;0;0;0;2;0;33;17;9
178;Totaal mannen en vrouwen;Totaal leeftijd;Sector landbouw;B-E Nijverheid (geen bouw) en energie;2019/'20;52;0;17;23;12;2;50;0;0;0;2;0;17;23;10
179;Totaal mannen en vrouwen;Totaal leeftijd;Sector landbouw;B-E Nijverheid (geen bouw) en energie;2020/'21;31;14;4;8;5;4;27;0;0;0;4;14;4;8;1
180;Totaal mannen en vrouwen;Totaal leeftijd;Sector landbouw;F Bouwnijverheid;2009/'10;22;5;7;9;1;0;22;0;0;0;0;5;7;9;1
181;Totaal mannen en vrouwen;Totaal leeftijd;Sector landbouw;F Bouwnijverheid;2010/'11;17;8;4;4;1;2;15;1;0;0;1;7;4;4;0
182;Totaal mannen en vrouwen;Totaal leeftijd;Sector landbouw;F Bouwnijverheid;2011/'12;7;3;2;1;1;1;6;0;0;0;1;3;2;1;0
183;Totaal mannen en vrouwen;Totaal leeftijd;Sector landbouw;F Bouwnijverheid;2012/'13;13;3;7;3;0;2;11;0;0;2;0;3;7;1;0
184;Totaal mannen en vrouwen;Totaal leeftijd;Sector landbouw;F Bouwnijverheid;2013/'14;9;3;1;3;2;2;7;0;0;0;2;3;1;3;0
185;Totaal mannen en vrouwen;Totaal leeftijd;Sector landbouw;F Bouwnijverheid;2014/'15;4;1;1;2;0;1;3;0;1;0;0;1;0;2;0
186;Totaal mannen en vrouwen;Totaal leeftijd;Sector landbouw;F Bouwnijverheid;2015/'16;4;0;1;2;1;1;3;0;0;0;1;0;1;2;0
187;Totaal mannen en vrouwen;Totaal leeftijd;Sector landbouw;F Bouwnijverheid;2016/'17;5;0;1;2;2;0;5;0;0;0;0;0;1;2;2
188;Totaal mannen en vrouwen;Totaal leeftijd;Sector landbouw;F Bouwnijverheid;2017/'18;1;0;0;0;1;0;1;0;0;0;0;0;0;0;1
189;Totaal mannen en vrouwen;Totaal leeftijd;Sector landbouw;F Bouwnijverheid;2018/'19;2;0;1;0;1;1;1;0;0;0;1;0;1;0;0
190;Totaal mannen en vrouwen;Totaal leeftijd;Sector landbouw;F Bouwnijverheid;2019/'20;5;0;0;2;3;1;4;0;0;0;1;0;0;2;2
191;Totaal mannen en vrouwen;Totaal leeftijd;Sector landbouw;F Bouwnijverheid;2020/'21;3;0;1;1;1;1;2;0;0;0;1;0;1;1;0
192;Totaal mannen en vrouwen;Totaal leeftijd;Sector landbouw;G-I Handel, vervoer en horeca;2009/'10;276;60;111;48;57;50;226;4;10;3;33;56;101;45;24
193;Totaal mannen en vrouwen;Totaal leeftijd;Sector landbouw;G-I Handel, vervoer en horeca;2010/'11;274;69;106;58;41;47;227;5;7;7;28;64;99;51;13
194;Totaal mannen en vrouwen;Totaal leeftijd;Sector landbouw;G-I Handel, vervoer en horeca;2011/'12;340;98;150;51;41;58;282;3;12;9;34;95;138;42;7
195;Totaal mannen en vrouwen;Totaal leeftijd;Sector landbouw;G-I Handel, vervoer en horeca;2012/'13;346;89;139;76;42;47;299;0;8;8;31;89;131;68;11
196;Totaal mannen en vrouwen;Totaal leeftijd;Sector landbouw;G-I Handel, vervoer en horeca;2013/'14;121;12;18;23;68;76;45;2;6;9;59;10;12;14;9
197;Totaal mannen en vrouwen;Totaal leeftijd;Sector landbouw;G-I Handel, vervoer en horeca;2014/'15;113;10;21;29;53;62;51;1;5;8;48;9;16;21;5
198;Totaal mannen en vrouwen;Totaal leeftijd;Sector landbouw;G-I Handel, vervoer en horeca;2015/'16;92;8;22;30;32;50;42;1;11;9;29;7;11;21;3
199;Totaal mannen en vrouwen;Totaal leeftijd;Sector landbouw;G-I Handel, vervoer en horeca;2016/'17;73;0;15;24;34;35;38;0;4;1;30;0;11;23;4
200;Totaal mannen en vrouwen;Totaal leeftijd;Sector landbouw;G-I Handel, vervoer en horeca;2017/'18;74;0;20;18;36;37;37;0;4;3;30;0;16;15;6
201;Totaal mannen en vrouwen;Totaal leeftijd;Sector landbouw;G-I Handel, vervoer en horeca;2018/'19;71;0;13;19;39;31;40;0;1;1;29;0;12;18;10
202;Totaal mannen en vrouwen;Totaal leeftijd;Sector landbouw;G-I Handel, vervoer en horeca;2019/'20;81;0;9;21;51;43;38;0;2;2;39;0;7;19;12
203;Totaal mannen en vrouwen;Totaal leeftijd;Sector landbouw;G-I Handel, vervoer en horeca;2020/'21;65;4;3;15;43;46;19;1;2;1;42;3;1;14;1
204;Totaal mannen en vrouwen;Totaal leeftijd;Sector landbouw;J Informatie en communicatie;2009/'10;2;0;0;1;1;2;0;0;0;1;1;0;0;0;0
205;Totaal mannen en vrouwen;Totaal leeftijd;Sector landbouw;J Informatie en communicatie;2010/'11;3;0;1;2;0;1;2;0;0;1;0;0;1;1;0
206;Totaal mannen en vrouwen;Totaal leeftijd;Sector landbouw;J Informatie en communicatie;2011/'12;4;0;2;2;0;1;3;0;0;1;0;0;2;1;0
207;Totaal mannen en vrouwen;Totaal leeftijd;Sector landbouw;J Informatie en communicatie;2012/'13;9;5;3;1;0;0;9;0;0;0;0;5;3;1;0
208;Totaal mannen en vrouwen;Totaal leeftijd;Sector landbouw;J Informatie en communicatie;2013/'14;2;0;2;0;0;0;2;0;0;0;0;0;2;0;0
209;Totaal mannen en vrouwen;Totaal leeftijd;Sector landbouw;J Informatie en communicatie;2014/'15;3;0;1;0;2;2;1;0;0;0;2;0;1;0;0
210;Totaal mannen en vrouwen;Totaal leeftijd;Sector landbouw;J Informatie en communicatie;2015/'16;1;0;1;0;0;0;1;0;0;0;0;0;1;0;0
211;Totaal mannen en vrouwen;Totaal leeftijd;Sector landbouw;J Informatie en communicatie;2016/'17;4;1;2;1;0;0;4;0;0;0;0;1;2;1;0
212;Totaal mannen en vrouwen;Totaal leeftijd;Sector landbouw;J Informatie en communicatie;2017/'18;0;0;0;0;0;0;0;0;0;0;0;0;0;0;0
213;Totaal mannen en vrouwen;Totaal leeftijd;Sector landbouw;J Informatie en communicatie;2018/'19;3;0;0;2;1;1;2;0;0;0;1;0;0;2;0
214;Totaal mannen en vrouwen;Totaal leeftijd;Sector landbouw;J Informatie en communicatie;2019/'20;4;0;1;2;1;1;3;0;0;0;1;0;1;2;0
215;Totaal mannen en vrouwen;Totaal leeftijd;Sector landbouw;J Informatie en communicatie;2020/'21;3;0;0;2;1;1;2;0;0;0;1;0;0;2;0
216;Totaal mannen en vrouwen;Totaal leeftijd;Sector landbouw;K Financiële dienstverlening;2009/'10;3;0;2;0;1;1;2;0;0;0;1;0;2;0;0
217;Totaal mannen en vrouwen;Totaal leeftijd;Sector landbouw;K Financiële dienstverlening;2010/'11;4;1;1;2;0;1;3;0;0;1;0;1;1;1;0
218;Totaal mannen en vrouwen;Totaal leeftijd;Sector landbouw;K Financiële dienstverlening;2011/'12;2;0;2;0;0;0;2;0;0;0;0;0;2;0;0
219;Totaal mannen en vrouwen;Totaal leeftijd;Sector landbouw;K Financiële dienstverlening;2012/'13;5;1;2;1;1;1;4;0;0;0;1;1;2;1;0
220;Totaal mannen en vrouwen;Totaal leeftijd;Sector landbouw;K Financiële dienstverlening;2013/'14;2;0;1;1;0;0;2;0;0;0;0;0;1;1;0
221;Totaal mannen en vrouwen;Totaal leeftijd;Sector landbouw;K Financiële dienstverlening;2014/'15;3;0;2;1;0;0;3;0;0;0;0;0;2;1;0
222;Totaal mannen en vrouwen;Totaal leeftijd;Sector landbouw;K Financiële dienstverlening;2015/'16;3;0;2;1;0;0;3;0;0;0;0;0;2;1;0
223;Totaal mannen en vrouwen;Totaal leeftijd;Sector landbouw;K Financiële dienstverlening;2016/'17;2;0;1;0;1;1;1;0;0;0;1;0;1;0;0
224;Totaal mannen en vrouwen;Totaal leeftijd;Sector landbouw;K Financiële dienstverlening;2017/'18;2;0;0;2;0;0;2;0;0;0;0;0;0;2;0
225;Totaal mannen en vrouwen;Totaal leeftijd;Sector landbouw;K Financiële dienstverlening;2018/'19;5;0;0;3;2;0;5;0;0;0;0;0;0;3;2
226;Totaal mannen en vrouwen;Totaal leeftijd;Sector landbouw;K Financiële dienstverlening;2019/'20;2;0;0;1;1;0;2;0;0;0;0;0;0;1;1
227;Totaal mannen en vrouwen;Totaal leeftijd;Sector landbouw;K Financiële dienstverlening;2020/'21;5;0;1;4;0;1;4;0;1;0;0;0;0;4;0
228;Totaal mannen en vrouwen;Totaal leeftijd;Sector landbouw;L Verhuur en handel van onroerend goed;2009/'10;8;1;1;6;0;0;8;0;0;0;0;1;1;6;0
229;Totaal mannen en vrouwen;Totaal leeftijd;Sector landbouw;L Verhuur en handel van onroerend goed;2010/'11;8;0;0;8;0;0;8;0;0;0;0;0;0;8;0
230;Totaal mannen en vrouwen;Totaal leeftijd;Sector landbouw;L Verhuur en handel van onroerend goed;2011/'12;3;0;1;2;0;1;2;0;0;1;0;0;1;1;0
231;Totaal mannen en vrouwen;Totaal leeftijd;Sector landbouw;L Verhuur en handel van onroerend goed;2012/'13;2;0;0;2;0;0;2;0;0;0;0;0;0;2;0
232;Totaal mannen en vrouwen;Totaal leeftijd;Sector landbouw;L Verhuur en handel van onroerend goed;2013/'14;4;0;1;3;0;0;4;0;0;0;0;0;1;3;0
233;Totaal mannen en vrouwen;Totaal leeftijd;Sector landbouw;L Verhuur en handel van onroerend goed;2014/'15;3;0;1;2;0;0;3;0;0;0;0;0;1;2;0
234;Totaal mannen en vrouwen;Totaal leeftijd;Sector landbouw;L Verhuur en handel van onroerend goed;2015/'16;0;0;0;0;0;0;0;0;0;0;0;0;0;0;0
235;Totaal mannen en vrouwen;Totaal leeftijd;Sector landbouw;L Verhuur en handel van onroerend goed;2016/'17;1;0;0;0;1;1;0;0;0;0;1;0;0;0;0
236;Totaal mannen en vrouwen;Totaal leeftijd;Sector landbouw;L Verhuur en handel van onroerend goed;2017/'18;0;0;0;0;0;0;0;0;0;0;0;0;0;0;0
237;Totaal mannen en vrouwen;Totaal leeftijd;Sector landbouw;L Verhuur en handel van onroerend goed;2018/'19;2;0;0;2;0;0;2;0;0;0;0;0;0;2;0
238;Totaal mannen en vrouwen;Totaal leeftijd;Sector landbouw;L Verhuur en handel van onroerend goed;2019/'20;0;0;0;0;0;0;0;0;0;0;0;0;0;0;0
239;Totaal mannen en vrouwen;Totaal leeftijd;Sector landbouw;L Verhuur en handel van onroerend goed;2020/'21;0;0;0;0;0;0;0;0;0;0;0;0;0;0;0
240;Totaal mannen en vrouwen;Totaal leeftijd;Sector landbouw;M-N Zakelijke dienstverlening;2009/'10;530;225;181;72;52;49;481;3;10;5;31;222;171;67;21
241;Totaal mannen en vrouwen;Totaal leeftijd;Sector landbouw;M-N Zakelijke dienstverlening;2010/'11;394;170;119;67;38;24;370;1;5;2;16;169;114;65;22
242;Totaal mannen en vrouwen;Totaal leeftijd;Sector landbouw;M-N Zakelijke dienstverlening;2011/'12;412;150;111;102;49;25;387;4;1;1;19;146;110;101;30
243;Totaal mannen en vrouwen;Totaal leeftijd;Sector landbouw;M-N Zakelijke dienstverlening;2012/'13;599;380;110;83;26;16;583;0;1;4;11;380;109;79;15
244;Totaal mannen en vrouwen;Totaal leeftijd;Sector landbouw;M-N Zakelijke dienstverlening;2013/'14;161;50;40;42;29;21;140;0;2;3;16;50;38;39;13
245;Totaal mannen en vrouwen;Totaal leeftijd;Sector landbouw;M-N Zakelijke dienstverlening;2014/'15;166;50;72;21;23;23;143;1;3;2;17;49;69;19;6
246;Totaal mannen en vrouwen;Totaal leeftijd;Sector landbouw;M-N Zakelijke dienstverlening;2015/'16;136;28;35;63;10;14;122;1;2;5;6;27;33;58;4
247;Totaal mannen en vrouwen;Totaal leeftijd;Sector landbouw;M-N Zakelijke dienstverlening;2016/'17;154;13;90;27;24;10;144;0;0;0;10;13;90;27;14
248;Totaal mannen en vrouwen;Totaal leeftijd;Sector landbouw;M-N Zakelijke dienstverlening;2017/'18;146;0;53;60;33;17;129;0;1;1;15;0;52;59;18
249;Totaal mannen en vrouwen;Totaal leeftijd;Sector landbouw;M-N Zakelijke dienstverlening;2018/'19;103;0;25;51;27;12;91;0;2;2;8;0;23;49;19
250;Totaal mannen en vrouwen;Totaal leeftijd;Sector landbouw;M-N Zakelijke dienstverlening;2019/'20;87;0;31;37;19;11;76;0;2;0;9;0;29;37;10
251;Totaal mannen en vrouwen;Totaal leeftijd;Sector landbouw;M-N Zakelijke dienstverlening;2020/'21;193;149;7;19;18;15;178;1;1;1;12;148;6;18;6
252;Totaal mannen en vrouwen;Totaal leeftijd;Sector landbouw;O-Q Overheid en zorg;2009/'10;164;44;25;67;28;12;152;0;1;5;6;44;24;62;22
253;Totaal mannen en vrouwen;Totaal leeftijd;Sector landbouw;O-Q Overheid en zorg;2010/'11;167;54;50;39;24;13;154;0;0;8;5;54;50;31;19
254;Totaal mannen en vrouwen;Totaal leeftijd;Sector landbouw;O-Q Overheid en zorg;2011/'12;197;61;17;70;49;11;186;0;0;2;9;61;17;68;40
255;Totaal mannen en vrouwen;Totaal leeftijd;Sector landbouw;O-Q Overheid en zorg;2012/'13;165;28;48;56;33;17;148;0;0;5;12;28;48;51;21
256;Totaal mannen en vrouwen;Totaal leeftijd;Sector landbouw;O-Q Overheid en zorg;2013/'14;51;11;21;9;10;13;38;1;0;3;9;10;21;6;1
257;Totaal mannen en vrouwen;Totaal leeftijd;Sector landbouw;O-Q Overheid en zorg;2014/'15;85;2;12;56;15;1;84;0;0;0;1;2;12;56;14
258;Totaal mannen en vrouwen;Totaal leeftijd;Sector landbouw;O-Q Overheid en zorg;2015/'16;136;2;39;82;13;6;130;0;0;1;5;2;39;81;8
259;Totaal mannen en vrouwen;Totaal leeftijd;Sector landbouw;O-Q Overheid en zorg;2016/'17;51;0;6;28;17;2;49;0;0;0;2;0;6;28;15
260;Totaal mannen en vrouwen;Totaal leeftijd;Sector landbouw;O-Q Overheid en zorg;2017/'18;45;0;11;22;12;7;38;0;1;0;6;0;10;22;6
261;Totaal mannen en vrouwen;Totaal leeftijd;Sector landbouw;O-Q Overheid en zorg;2018/'19;39;0;6;25;8;2;37;0;0;0;2;0;6;25;6
262;Totaal mannen en vrouwen;Totaal leeftijd;Sector landbouw;O-Q Overheid en zorg;2019/'20;59;0;4;46;9;2;57;0;0;1;1;0;4;45;8
263;Totaal mannen en vrouwen;Totaal leeftijd;Sector landbouw;O-Q Overheid en zorg;2020/'21;38;2;4;21;11;7;31;0;0;0;7;2;4;21;4
264;Totaal mannen en vrouwen;Totaal leeftijd;Sector landbouw;R-U Cultuur, recreatie, overige diensten;2009/'10;174;24;112;31;7;7;167;0;0;4;3;24;112;27;4
265;Totaal mannen en vrouwen;Totaal leeftijd;Sector landbouw;R-U Cultuur, recreatie, overige diensten;2010/'11;48;32;8;2;6;3;45;0;1;1;1;32;7;1;5
266;Totaal mannen en vrouwen;Totaal leeftijd;Sector landbouw;R-U Cultuur, recreatie, overige diensten;2011/'12;40;13;13;6;8;10;30;1;1;2;6;12;12;4;2
267;Totaal mannen en vrouwen;Totaal leeftijd;Sector landbouw;R-U Cultuur, recreatie, overige diensten;2012/'13;20;6;10;3;1;4;16;1;0;2;1;5;10;1;0
268;Totaal mannen en vrouwen;Totaal leeftijd;Sector landbouw;R-U Cultuur, recreatie, overige diensten;2013/'14;16;3;5;3;5;5;11;0;0;1;4;3;5;2;1
269;Totaal mannen en vrouwen;Totaal leeftijd;Sector landbouw;R-U Cultuur, recreatie, overige diensten;2014/'15;14;3;5;2;4;4;10;1;0;1;2;2;5;1;2
270;Totaal mannen en vrouwen;Totaal leeftijd;Sector landbouw;R-U Cultuur, recreatie, overige diensten;2015/'16;19;2;7;7;3;4;15;1;1;0;2;1;6;7;1
271;Totaal mannen en vrouwen;Totaal leeftijd;Sector landbouw;R-U Cultuur, recreatie, overige diensten;2016/'17;14;0;5;5;4;3;11;0;1;0;2;0;4;5;2
272;Totaal mannen en vrouwen;Totaal leeftijd;Sector landbouw;R-U Cultuur, recreatie, overige diensten;2017/'18;11;0;2;5;4;2;9;0;0;0;2;0;2;5;2
273;Totaal mannen en vrouwen;Totaal leeftijd;Sector landbouw;R-U Cultuur, recreatie, overige diensten;2018/'19;9;0;1;6;2;2;7;0;0;0;2;0;1;6;0
274;Totaal mannen en vrouwen;Totaal leeftijd;Sector landbouw;R-U Cultuur, recreatie, overige diensten;2019/'20;20;0;2;11;7;6;14;0;0;0;6;0;2;11;1
275;Totaal mannen en vrouwen;Totaal leeftijd;Sector landbouw;R-U Cultuur, recreatie, overige diensten;2020/'21;13;1;2;6;4;5;8;0;1;0;4;1;1;6;0
276;Totaal mannen en vrouwen;Totaal leeftijd;Sector landbouw;SBI-code onbekend;2009/'10;40;5;7;18;10;9;31;0;2;5;2;5;5;13;8
277;Totaal mannen en vrouwen;Totaal leeftijd;Sector landbouw;SBI-code onbekend;2010/'11;27;5;6;9;7;3;24;0;0;1;2;5;6;8;5
278;Totaal mannen en vrouwen;Totaal leeftijd;Sector landbouw;SBI-code onbekend;2011/'12;33;5;11;14;3;4;29;0;0;3;1;5;11;11;2
279;Totaal mannen en vrouwen;Totaal leeftijd;Sector landbouw;SBI-code onbekend;2012/'13;37;6;16;10;5;1;36;0;0;1;0;6;16;9;5
280;Totaal mannen en vrouwen;Totaal leeftijd;Sector landbouw;SBI-code onbekend;2013/'14;25;2;11;7;5;2;23;0;0;0;2;2;11;7;3
281;Totaal mannen en vrouwen;Totaal leeftijd;Sector landbouw;SBI-code onbekend;2014/'15;6;0;3;2;1;1;5;0;0;0;1;0;3;2;0
282;Totaal mannen en vrouwen;Totaal leeftijd;Sector landbouw;SBI-code onbekend;2015/'16;0;0;0;0;0;0;0;0;0;0;0;0;0;0;0
283;Totaal mannen en vrouwen;Totaal leeftijd;Sector landbouw;SBI-code onbekend;2016/'17;5;0;1;4;0;0;5;0;0;0;0;0;1;4;0
284;Totaal mannen en vrouwen;Totaal leeftijd;Sector landbouw;SBI-code onbekend;2017/'18;2;0;1;0;1;1;1;0;0;0;1;0;1;0;0
285;Totaal mannen en vrouwen;Totaal leeftijd;Sector landbouw;SBI-code onbekend;2018/'19;3;0;0;3;0;0;3;0;0;0;0;0;0;3;0
286;Totaal mannen en vrouwen;Totaal leeftijd;Sector landbouw;SBI-code onbekend;2019/'20;4;0;1;3;0;0;4;0;0;0;0;0;1;3;0
287;Totaal mannen en vrouwen;Totaal leeftijd;Sector landbouw;SBI-code onbekend;2020/'21;4;2;1;0;1;1;3;0;0;0;1;2;1;0;0
288;Totaal mannen en vrouwen;Totaal leeftijd;Sector economie;A-U Alle economische activiteiten;2009/'10;8852;707;3602;2145;2398;1222;7630;54;438;218;512;653;3164;1927;1886
289;Totaal mannen en vrouwen;Totaal leeftijd;Sector economie;A-U Alle economische activiteiten;2010/'11;6660;631;2759;1887;1383;1020;5640;51;282;202;485;580;2477;1685;898
290;Totaal mannen en vrouwen;Totaal leeftijd;Sector economie;A-U Alle economische activiteiten;2011/'12;5168;619;2502;1046;1001;867;4301;38;292;170;367;581;2210;876;634
291;Totaal mannen en vrouwen;Totaal leeftijd;Sector economie;A-U Alle economische activiteiten;2012/'13;4676;513;1819;1217;1127;764;3912;32;187;191;354;481;1632;1026;773
292;Totaal mannen en vrouwen;Totaal leeftijd;Sector economie;A-U Alle economische activiteiten;2013/'14;2424;101;927;543;853;752;1672;26;201;123;402;75;726;420;451
293;Totaal mannen en vrouwen;Totaal leeftijd;Sector economie;A-U Alle economische activiteiten;2014/'15;2101;34;753;490;824;707;1394;15;162;84;446;19;591;406;378
294;Totaal mannen en vrouwen;Totaal leeftijd;Sector economie;A-U Alle economische activiteiten;2015/'16;1872;49;776;388;659;633;1239;11;157;85;380;38;619;303;279
295;Totaal mannen en vrouwen;Totaal leeftijd;Sector economie;A-U Alle economische activiteiten;2016/'17;1803;0;673;362;768;516;1287;0;68;60;388;0;605;302;380
296;Totaal mannen en vrouwen;Totaal leeftijd;Sector economie;A-U Alle economische activiteiten;2017/'18;1608;0;645;269;694;497;1111;0;64;56;377;0;581;213;317
297;Totaal mannen en vrouwen;Totaal leeftijd;Sector economie;A-U Alle economische activiteiten;2018/'19;1786;0;758;300;728;540;1246;0;66;68;406;0;692;232;322
298;Totaal mannen en vrouwen;Totaal leeftijd;Sector economie;A-U Alle economische activiteiten;2019/'20;1667;0;627;278;762;590;1077;0;98;81;411;0;529;197;351
299;Totaal mannen en vrouwen;Totaal leeftijd;Sector economie;A-U Alle economische activiteiten;2020/'21;1504;0;467;273;764;570;934;0;80;56;434;0;387;217;330
300;Totaal mannen en vrouwen;Totaal leeftijd;Sector economie;A Landbouw, bosbouw en visserij;2009/'10;34;2;19;7;6;12;22;0;4;4;4;2;15;3;2
301;Totaal mannen en vrouwen;Totaal leeftijd;Sector economie;A Landbouw, bosbouw en visserij;2010/'11;28;3;14;3;8;16;12;1;7;2;6;2;7;1;2
302;Totaal mannen en vrouwen;Totaal leeftijd;Sector economie;A Landbouw, bosbouw en visserij;2011/'12;32;1;21;4;6;16;16;0;8;2;6;1;13;2;0
303;Totaal mannen en vrouwen;Totaal leeftijd;Sector economie;A Landbouw, bosbouw en visserij;2012/'13;17;1;9;2;5;10;7;1;3;2;4;0;6;0;1
304;Totaal mannen en vrouwen;Totaal leeftijd;Sector economie;A Landbouw, bosbouw en visserij;2013/'14;10;0;4;3;3;7;3;0;1;3;3;0;3;0;0
305;Totaal mannen en vrouwen;Totaal leeftijd;Sector economie;A Landbouw, bosbouw en visserij;2014/'15;15;1;6;0;8;12;3;1;3;0;8;0;3;0;0
306;Totaal mannen en vrouwen;Totaal leeftijd;Sector economie;A Landbouw, bosbouw en visserij;2015/'16;13;0;6;3;4;10;3;0;4;3;3;0;2;0;1
307;Totaal mannen en vrouwen;Totaal leeftijd;Sector economie;A Landbouw, bosbouw en visserij;2016/'17;13;0;3;1;9;9;4;0;1;0;8;0;2;1;1
308;Totaal mannen en vrouwen;Totaal leeftijd;Sector economie;A Landbouw, bosbouw en visserij;2017/'18;11;0;2;1;8;9;2;0;0;1;8;0;2;0;0
309;Totaal mannen en vrouwen;Totaal leeftijd;Sector economie;A Landbouw, bosbouw en visserij;2018/'19;10;0;5;2;3;3;7;0;0;0;3;0;5;2;0
310;Totaal mannen en vrouwen;Totaal leeftijd;Sector economie;A Landbouw, bosbouw en visserij;2019/'20;10;0;4;2;4;5;5;0;2;0;3;0;2;2;1
311;Totaal mannen en vrouwen;Totaal leeftijd;Sector economie;A Landbouw, bosbouw en visserij;2020/'21;11;0;2;3;6;5;6;0;0;0;5;0;2;3;1
312;Totaal mannen en vrouwen;Totaal leeftijd;Sector economie;B-E Nijverheid (geen bouw) en energie;2009/'10;700;115;381;145;59;77;623;3;38;6;30;112;343;139;29
313;Totaal mannen en vrouwen;Totaal leeftijd;Sector economie;B-E Nijverheid (geen bouw) en energie;2010/'11;461;126;186;100;49;40;421;5;14;4;17;121;172;96;32
314;Totaal mannen en vrouwen;Totaal leeftijd;Sector economie;B-E Nijverheid (geen bouw) en energie;2011/'12;295;63;187;29;16;27;268;1;15;4;7;62;172;25;9
315;Totaal mannen en vrouwen;Totaal leeftijd;Sector economie;B-E Nijverheid (geen bouw) en energie;2012/'13;384;136;168;63;17;25;359;1;13;4;7;135;155;59;10
316;Totaal mannen en vrouwen;Totaal leeftijd;Sector economie;B-E Nijverheid (geen bouw) en energie;2013/'14;110;27;56;12;15;18;92;1;5;3;9;26;51;9;6
317;Totaal mannen en vrouwen;Totaal leeftijd;Sector economie;B-E Nijverheid (geen bouw) en energie;2014/'15;75;3;39;17;16;12;63;0;3;0;9;3;36;17;7
318;Totaal mannen en vrouwen;Totaal leeftijd;Sector economie;B-E Nijverheid (geen bouw) en energie;2015/'16;91;17;54;12;8;14;77;0;7;0;7;17;47;12;1
319;Totaal mannen en vrouwen;Totaal leeftijd;Sector economie;B-E Nijverheid (geen bouw) en energie;2016/'17;74;0;29;26;19;7;67;0;2;1;4;0;27;25;15
320;Totaal mannen en vrouwen;Totaal leeftijd;Sector economie;B-E Nijverheid (geen bouw) en energie;2017/'18;48;0;21;11;16;6;42;0;0;1;5;0;21;10;11
321;Totaal mannen en vrouwen;Totaal leeftijd;Sector economie;B-E Nijverheid (geen bouw) en energie;2018/'19;65;0;28;12;25;13;52;0;2;1;10;0;26;11;15
322;Totaal mannen en vrouwen;Totaal leeftijd;Sector economie;B-E Nijverheid (geen bouw) en energie;2019/'20;84;0;33;16;35;17;67;0;4;4;9;0;29;12;26
323;Totaal mannen en vrouwen;Totaal leeftijd;Sector economie;B-E Nijverheid (geen bouw) en energie;2020/'21;71;0;30;14;27;12;59;0;1;3;8;0;29;11;19
324;Totaal mannen en vrouwen;Totaal leeftijd;Sector economie;F Bouwnijverheid;2009/'10;112;2;89;10;11;29;83;2;15;5;7;0;74;5;4
325;Totaal mannen en vrouwen;Totaal leeftijd;Sector economie;F Bouwnijverheid;2010/'11;70;3;51;13;3;14;56;0;7;5;2;3;44;8;1
326;Totaal mannen en vrouwen;Totaal leeftijd;Sector economie;F Bouwnijverheid;2011/'12;58;2;45;8;3;11;47;0;7;2;2;2;38;6;1
327;Totaal mannen en vrouwen;Totaal leeftijd;Sector economie;F Bouwnijverheid;2012/'13;51;2;37;11;1;6;45;1;4;0;1;1;33;11;0
328;Totaal mannen en vrouwen;Totaal leeftijd;Sector economie;F Bouwnijverheid;2013/'14;21;0;16;1;4;4;17;0;1;0;3;0;15;1;1
329;Totaal mannen en vrouwen;Totaal leeftijd;Sector economie;F Bouwnijverheid;2014/'15;7;0;4;1;2;2;5;0;1;0;1;0;3;1;1
330;Totaal mannen en vrouwen;Totaal leeftijd;Sector economie;F Bouwnijverheid;2015/'16;16;0;13;1;2;4;12;0;2;0;2;0;11;1;0
331;Totaal mannen en vrouwen;Totaal leeftijd;Sector economie;F Bouwnijverheid;2016/'17;27;0;5;3;19;4;23;0;1;1;2;0;4;2;17
332;Totaal mannen en vrouwen;Totaal leeftijd;Sector economie;F Bouwnijverheid;2017/'18;25;0;5;1;19;2;23;0;1;0;1;0;4;1;18
333;Totaal mannen en vrouwen;Totaal leeftijd;Sector economie;F Bouwnijverheid;2018/'19;23;0;9;1;13;2;21;0;1;0;1;0;8;1;12
334;Totaal mannen en vrouwen;Totaal leeftijd;Sector economie;F Bouwnijverheid;2019/'20;26;0;10;1;15;3;23;0;0;0;3;0;10;1;12
335;Totaal mannen en vrouwen;Totaal leeftijd;Sector economie;F Bouwnijverheid;2020/'21;28;0;8;2;18;6;22;0;3;0;3;0;5;2;15
336;Totaal mannen en vrouwen;Totaal leeftijd;Sector economie;G-I Handel, vervoer en horeca;2009/'10;3408;271;1651;876;610;488;2920;26;166;88;208;245;1485;788;402
337;Totaal mannen en vrouwen;Totaal leeftijd;Sector economie;G-I Handel, vervoer en horeca;2010/'11;2735;274;1417;525;519;463;2272;24;128;98;213;250;1289;427;306
338;Totaal mannen en vrouwen;Totaal leeftijd;Sector economie;G-I Handel, vervoer en horeca;2011/'12;2343;201;1187;500;455;467;1876;17;143;91;216;184;1044;409;239
339;Totaal mannen en vrouwen;Totaal leeftijd;Sector economie;G-I Handel, vervoer en horeca;2012/'13;1908;109;803;524;472;411;1497;20;103;80;208;89;700;444;264
340;Totaal mannen en vrouwen;Totaal leeftijd;Sector economie;G-I Handel, vervoer en horeca;2013/'14;1225;39;449;282;455;494;731;17;122;88;267;22;327;194;188
341;Totaal mannen en vrouwen;Totaal leeftijd;Sector economie;G-I Handel, vervoer en horeca;2014/'15;1098;21;371;241;465;466;632;11;111;63;281;10;260;178;184
342;Totaal mannen en vrouwen;Totaal leeftijd;Sector economie;G-I Handel, vervoer en horeca;2015/'16;1084;19;400;234;431;423;661;6;101;69;247;13;299;165;184
343;Totaal mannen en vrouwen;Totaal leeftijd;Sector economie;G-I Handel, vervoer en horeca;2016/'17;991;0;337;201;453;349;642;0;35;39;275;0;302;162;178
344;Totaal mannen en vrouwen;Totaal leeftijd;Sector economie;G-I Handel, vervoer en horeca;2017/'18;866;0;326;170;370;330;536;0;42;42;246;0;284;128;124
345;Totaal mannen en vrouwen;Totaal leeftijd;Sector economie;G-I Handel, vervoer en horeca;2018/'19;1047;0;389;176;482;363;684;0;40;40;283;0;349;136;199
346;Totaal mannen en vrouwen;Totaal leeftijd;Sector economie;G-I Handel, vervoer en horeca;2019/'20;967;0;339;181;447;388;579;0;59;57;272;0;280;124;175
347;Totaal mannen en vrouwen;Totaal leeftijd;Sector economie;G-I Handel, vervoer en horeca;2020/'21;829;0;215;151;463;367;462;0;47;31;289;0;168;120;174
348;Totaal mannen en vrouwen;Totaal leeftijd;Sector economie;J Informatie en communicatie;2009/'10;175;1;38;67;69;19;156;1;6;4;8;0;32;63;61
349;Totaal mannen en vrouwen;Totaal leeftijd;Sector economie;J Informatie en communicatie;2010/'11;63;1;15;29;18;9;54;0;3;1;5;1;12;28;13
350;Totaal mannen en vrouwen;Totaal leeftijd;Sector economie;J Informatie en communicatie;2011/'12;47;1;11;25;10;7;40;0;2;2;3;1;9;23;7
351;Totaal mannen en vrouwen;Totaal leeftijd;Sector economie;J Informatie en communicatie;2012/'13;58;0;12;19;27;2;56;0;0;1;1;0;12;18;26
352;Totaal mannen en vrouwen;Totaal leeftijd;Sector economie;J Informatie en communicatie;2013/'14;22;1;6;3;12;9;13;1;2;0;6;0;4;3;6
353;Totaal mannen en vrouwen;Totaal leeftijd;Sector economie;J Informatie en communicatie;2014/'15;10;0;4;1;5;4;6;0;0;0;4;0;4;1;1
354;Totaal mannen en vrouwen;Totaal leeftijd;Sector economie;J Informatie en communicatie;2015/'16;13;0;7;1;5;5;8;0;0;0;5;0;7;1;0
355;Totaal mannen en vrouwen;Totaal leeftijd;Sector economie;J Informatie en communicatie;2016/'17;11;0;7;1;3;2;9;0;2;0;0;0;5;1;3
356;Totaal mannen en vrouwen;Totaal leeftijd;Sector economie;J Informatie en communicatie;2017/'18;16;0;6;3;7;7;9;0;0;1;6;0;6;2;1
357;Totaal mannen en vrouwen;Totaal leeftijd;Sector economie;J Informatie en communicatie;2018/'19;16;0;13;1;2;2;14;0;0;0;2;0;13;1;0
358;Totaal mannen en vrouwen;Totaal leeftijd;Sector economie;J Informatie en communicatie;2019/'20;22;0;4;3;15;5;17;0;1;0;4;0;3;3;11
359;Totaal mannen en vrouwen;Totaal leeftijd;Sector economie;J Informatie en communicatie;2020/'21;14;0;6;2;6;2;12;0;0;0;2;0;6;2;4
360;Totaal mannen en vrouwen;Totaal leeftijd;Sector economie;K Financiële dienstverlening;2009/'10;624;0;26;18;580;13;611;0;3;3;7;0;23;15;573
361;Totaal mannen en vrouwen;Totaal leeftijd;Sector economie;K Financiële dienstverlening;2010/'11;188;0;13;8;167;8;180;0;1;2;5;0;12;6;162
362;Totaal mannen en vrouwen;Totaal leeftijd;Sector economie;K Financiële dienstverlening;2011/'12;175;0;17;9;149;8;167;0;3;1;4;0;14;8;145
363;Totaal mannen en vrouwen;Totaal leeftijd;Sector economie;K Financiële dienstverlening;2012/'13;128;0;13;3;112;1;127;0;0;0;1;0;13;3;111
364;Totaal mannen en vrouwen;Totaal leeftijd;Sector economie;K Financiële dienstverlening;2013/'14;42;0;9;1;32;10;32;0;6;0;4;0;3;1;28
365;Totaal mannen en vrouwen;Totaal leeftijd;Sector economie;K Financiële dienstverlening;2014/'15;17;0;8;2;7;2;15;0;0;0;2;0;8;2;5
366;Totaal mannen en vrouwen;Totaal leeftijd;Sector economie;K Financiële dienstverlening;2015/'16;16;0;11;2;3;2;14;0;1;0;1;0;10;2;2
367;Totaal mannen en vrouwen;Totaal leeftijd;Sector economie;K Financiële dienstverlening;2016/'17;10;0;4;3;3;1;9;0;0;0;1;0;4;3;2
368;Totaal mannen en vrouwen;Totaal leeftijd;Sector economie;K Financiële dienstverlening;2017/'18;65;0;9;0;56;2;63;0;1;0;1;0;8;0;55
369;Totaal mannen en vrouwen;Totaal leeftijd;Sector economie;K Financiële dienstverlening;2018/'19;37;0;9;2;26;2;35;0;0;0;2;0;9;2;24
370;Totaal mannen en vrouwen;Totaal leeftijd;Sector economie;K Financiële dienstverlening;2019/'20;23;0;2;1;20;2;21;0;0;0;2;0;2;1;18
371;Totaal mannen en vrouwen;Totaal leeftijd;Sector economie;K Financiële dienstverlening;2020/'21;8;0;2;2;4;5;3;0;0;2;3;0;2;0;1
372;Totaal mannen en vrouwen;Totaal leeftijd;Sector economie;L Verhuur en handel van onroerend goed;2009/'10;30;1;14;10;5;4;26;0;2;0;2;1;12;10;3
373;Totaal mannen en vrouwen;Totaal leeftijd;Sector economie;L Verhuur en handel van onroerend goed;2010/'11;18;0;9;2;7;6;12;0;0;2;4;0;9;0;3
374;Totaal mannen en vrouwen;Totaal leeftijd;Sector economie;L Verhuur en handel van onroerend goed;2011/'12;32;1;29;0;2;1;31;0;0;0;1;1;29;0;1
375;Totaal mannen en vrouwen;Totaal leeftijd;Sector economie;L Verhuur en handel van onroerend goed;2012/'13;27;0;17;7;3;1;26;0;0;0;1;0;17;7;2
376;Totaal mannen en vrouwen;Totaal leeftijd;Sector economie;L Verhuur en handel van onroerend goed;2013/'14;15;0;12;1;2;2;13;0;1;0;1;0;11;1;1
377;Totaal mannen en vrouwen;Totaal leeftijd;Sector economie;L Verhuur en handel van onroerend goed;2014/'15;12;0;7;3;2;2;10;0;0;0;2;0;7;3;0
378;Totaal mannen en vrouwen;Totaal leeftijd;Sector economie;L Verhuur en handel van onroerend goed;2015/'16;12;0;12;0;0;0;12;0;0;0;0;0;12;0;0
379;Totaal mannen en vrouwen;Totaal leeftijd;Sector economie;L Verhuur en handel van onroerend goed;2016/'17;24;0;24;0;0;0;24;0;0;0;0;0;24;0;0
380;Totaal mannen en vrouwen;Totaal leeftijd;Sector economie;L Verhuur en handel van onroerend goed;2017/'18;11;0;1;8;2;1;10;0;0;0;1;0;1;8;1
381;Totaal mannen en vrouwen;Totaal leeftijd;Sector economie;L Verhuur en handel van onroerend goed;2018/'19;13;0;12;0;1;1;12;0;0;0;1;0;12;0;0
382;Totaal mannen en vrouwen;Totaal leeftijd;Sector economie;L Verhuur en handel van onroerend goed;2019/'20;3;0;0;1;2;0;3;0;0;0;0;0;0;1;2
383;Totaal mannen en vrouwen;Totaal leeftijd;Sector economie;L Verhuur en handel van onroerend goed;2020/'21;1;0;0;0;1;1;0;0;0;0;1;0;0;0;0
384;Totaal mannen en vrouwen;Totaal leeftijd;Sector economie;M-N Zakelijke dienstverlening;2009/'10;2264;231;764;641;628;380;1884;18;158;65;139;213;606;576;489
385;Totaal mannen en vrouwen;Totaal leeftijd;Sector economie;M-N Zakelijke dienstverlening;2010/'11;1847;128;496;965;258;258;1589;13;85;44;116;115;411;921;142
386;Totaal mannen en vrouwen;Totaal leeftijd;Sector economie;M-N Zakelijke dienstverlening;2011/'12;869;106;373;244;146;197;672;15;70;29;83;91;303;215;63
387;Totaal mannen en vrouwen;Totaal leeftijd;Sector economie;M-N Zakelijke dienstverlening;2012/'13;669;85;315;134;135;170;499;8;46;26;90;77;269;108;45
388;Totaal mannen en vrouwen;Totaal leeftijd;Sector economie;M-N Zakelijke dienstverlening;2013/'14;386;26;154;69;137;148;238;3;43;20;82;23;111;49;55
389;Totaal mannen en vrouwen;Totaal leeftijd;Sector economie;M-N Zakelijke dienstverlening;2014/'15;360;5;127;56;172;153;207;2;29;17;105;3;98;39;67
390;Totaal mannen en vrouwen;Totaal leeftijd;Sector economie;M-N Zakelijke dienstverlening;2015/'16;329;9;145;50;125;135;194;4;30;11;90;5;115;39;35
391;Totaal mannen en vrouwen;Totaal leeftijd;Sector economie;M-N Zakelijke dienstverlening;2016/'17;309;0;147;57;105;113;196;0;21;15;77;0;126;42;28
392;Totaal mannen en vrouwen;Totaal leeftijd;Sector economie;M-N Zakelijke dienstverlening;2017/'18;288;0;144;34;110;113;175;0;19;9;85;0;125;25;25
393;Totaal mannen en vrouwen;Totaal leeftijd;Sector economie;M-N Zakelijke dienstverlening;2018/'19;377;0;198;65;114;120;257;0;18;21;81;0;180;44;33
394;Totaal mannen en vrouwen;Totaal leeftijd;Sector economie;M-N Zakelijke dienstverlening;2019/'20;358;0;166;47;145;146;212;0;28;17;101;0;138;30;44
395;Totaal mannen en vrouwen;Totaal leeftijd;Sector economie;M-N Zakelijke dienstverlening;2020/'21;344;0;143;52;149;134;210;0;22;14;98;0;121;38;51
396;Totaal mannen en vrouwen;Totaal leeftijd;Sector economie;O-Q Overheid en zorg;2009/'10;1063;80;464;267;252;151;912;2;35;36;78;78;429;231;174
397;Totaal mannen en vrouwen;Totaal leeftijd;Sector economie;O-Q Overheid en zorg;2010/'11;940;86;424;174;256;153;787;7;21;31;94;79;403;143;162
398;Totaal mannen en vrouwen;Totaal leeftijd;Sector economie;O-Q Overheid en zorg;2011/'12;810;43;426;195;146;97;713;4;30;35;28;39;396;160;118
399;Totaal mannen en vrouwen;Totaal leeftijd;Sector economie;O-Q Overheid en zorg;2012/'13;1058;15;298;434;311;108;950;0;8;76;24;15;290;358;287
400;Totaal mannen en vrouwen;Totaal leeftijd;Sector economie;O-Q Overheid en zorg;2013/'14;489;2;167;160;160;29;460;2;10;5;12;0;157;155;148
401;Totaal mannen en vrouwen;Totaal leeftijd;Sector economie;O-Q Overheid en zorg;2014/'15;434;2;151;161;120;23;411;0;6;3;14;2;145;158;106
402;Totaal mannen en vrouwen;Totaal leeftijd;Sector economie;O-Q Overheid en zorg;2015/'16;215;4;74;70;67;20;195;1;5;1;13;3;69;69;54
403;Totaal mannen en vrouwen;Totaal leeftijd;Sector economie;O-Q Overheid en zorg;2016/'17;270;0;85;59;126;10;260;0;4;3;3;0;81;56;123
404;Totaal mannen en vrouwen;Totaal leeftijd;Sector economie;O-Q Overheid en zorg;2017/'18;228;0;106;32;90;13;215;0;1;1;11;0;105;31;79
405;Totaal mannen en vrouwen;Totaal leeftijd;Sector economie;O-Q Overheid en zorg;2018/'19;132;0;59;29;44;10;122;0;0;1;9;0;59;28;35
406;Totaal mannen en vrouwen;Totaal leeftijd;Sector economie;O-Q Overheid en zorg;2019/'20;124;0;51;15;58;6;118;0;2;1;3;0;49;14;55
407;Totaal mannen en vrouwen;Totaal leeftijd;Sector economie;O-Q Overheid en zorg;2020/'21;141;0;38;33;70;17;124;0;3;3;11;0;35;30;59
408;Totaal mannen en vrouwen;Totaal leeftijd;Sector economie;R-U Cultuur, recreatie, overige diensten;2009/'10;343;3;95;82;163;36;307;2;5;7;22;1;90;75;141
409;Totaal mannen en vrouwen;Totaal leeftijd;Sector economie;R-U Cultuur, recreatie, overige diensten;2010/'11;210;6;54;59;91;34;176;0;6;11;17;6;48;48;74
410;Totaal mannen en vrouwen;Totaal leeftijd;Sector economie;R-U Cultuur, recreatie, overige diensten;2011/'12;409;200;140;23;46;29;380;1;9;3;16;199;131;20;30
411;Totaal mannen en vrouwen;Totaal leeftijd;Sector economie;R-U Cultuur, recreatie, overige diensten;2012/'13;317;162;107;11;37;26;291;1;9;2;14;161;98;9;23
412;Totaal mannen en vrouwen;Totaal leeftijd;Sector economie;R-U Cultuur, recreatie, overige diensten;2013/'14;63;5;28;5;25;22;41;2;5;2;13;3;23;3;12
413;Totaal mannen en vrouwen;Totaal leeftijd;Sector economie;R-U Cultuur, recreatie, overige diensten;2014/'15;43;1;16;5;21;23;20;0;6;1;16;1;10;4;5
414;Totaal mannen en vrouwen;Totaal leeftijd;Sector economie;R-U Cultuur, recreatie, overige diensten;2015/'16;72;0;47;12;13;19;53;0;7;1;11;0;40;11;2
415;Totaal mannen en vrouwen;Totaal leeftijd;Sector economie;R-U Cultuur, recreatie, overige diensten;2016/'17;66;0;26;11;29;20;46;0;2;1;17;0;24;10;12
416;Totaal mannen en vrouwen;Totaal leeftijd;Sector economie;R-U Cultuur, recreatie, overige diensten;2017/'18;44;0;22;7;15;14;30;0;0;1;13;0;22;6;2
417;Totaal mannen en vrouwen;Totaal leeftijd;Sector economie;R-U Cultuur, recreatie, overige diensten;2018/'19;58;0;29;12;17;23;35;0;5;5;13;0;24;7;4
418;Totaal mannen en vrouwen;Totaal leeftijd;Sector economie;R-U Cultuur, recreatie, overige diensten;2019/'20;45;0;15;10;20;17;28;0;2;2;13;0;13;8;7
419;Totaal mannen en vrouwen;Totaal leeftijd;Sector economie;R-U Cultuur, recreatie, overige diensten;2020/'21;52;0;22;13;17;19;33;0;4;3;12;0;18;10;5
420;Totaal mannen en vrouwen;Totaal leeftijd;Sector economie;SBI-code onbekend;2009/'10;99;1;61;22;15;13;86;0;6;0;7;1;55;22;8
421;Totaal mannen en vrouwen;Totaal leeftijd;Sector economie;SBI-code onbekend;2010/'11;100;4;80;9;7;19;81;1;10;2;6;3;70;7;1
422;Totaal mannen en vrouwen;Totaal leeftijd;Sector economie;SBI-code onbekend;2011/'12;98;1;66;9;22;7;91;0;5;1;1;1;61;8;21
423;Totaal mannen en vrouwen;Totaal leeftijd;Sector economie;SBI-code onbekend;2012/'13;59;3;40;9;7;4;55;0;1;0;3;3;39;9;4
424;Totaal mannen en vrouwen;Totaal leeftijd;Sector economie;SBI-code onbekend;2013/'14;41;1;26;6;8;9;32;0;5;2;2;1;21;4;6
425;Totaal mannen en vrouwen;Totaal leeftijd;Sector economie;SBI-code onbekend;2014/'15;30;1;20;3;6;8;22;1;3;0;4;0;17;3;2
426;Totaal mannen en vrouwen;Totaal leeftijd;Sector economie;SBI-code onbekend;2015/'16;11;0;7;3;1;1;10;0;0;0;1;0;7;3;0
427;Totaal mannen en vrouwen;Totaal leeftijd;Sector economie;SBI-code onbekend;2016/'17;8;0;6;0;2;1;7;0;0;0;1;0;6;0;1
428;Totaal mannen en vrouwen;Totaal leeftijd;Sector economie;SBI-code onbekend;2017/'18;6;0;3;2;1;0;6;0;0;0;0;0;3;2;1
429;Totaal mannen en vrouwen;Totaal leeftijd;Sector economie;SBI-code onbekend;2018/'19;8;0;7;0;1;1;7;0;0;0;1;0;7;0;0
430;Totaal mannen en vrouwen;Totaal leeftijd;Sector economie;SBI-code onbekend;2019/'20;5;0;3;1;1;1;4;0;0;0;1;0;3;1;0
431;Totaal mannen en vrouwen;Totaal leeftijd;Sector economie;SBI-code onbekend;2020/'21;5;0;1;1;3;2;3;0;0;0;2;0;1;1;1
432;Totaal mannen en vrouwen;Totaal leeftijd;Sector techniek;A-U Alle economische activiteiten;2009/'10;13324;2080;8438;1425;1381;926;12398;52;253;140;481;2028;8185;1285;900
433;Totaal mannen en vrouwen;Totaal leeftijd;Sector techniek;A-U Alle economische activiteiten;2010/'11;7705;1371;4333;1004;997;803;6902;30;212;105;456;1341;4121;899;541
434;Totaal mannen en vrouwen;Totaal leeftijd;Sector techniek;A-U Alle economische activiteiten;2011/'12;7249;640;4825;876;908;728;6521;29;232;106;361;611;4593;770;547
435;Totaal mannen en vrouwen;Totaal leeftijd;Sector techniek;A-U Alle economische activiteiten;2012/'13;6431;990;3748;828;865;712;5719;44;185;83;400;946;3563;745;465
436;Totaal mannen en vrouwen;Totaal leeftijd;Sector techniek;A-U Alle economische activiteiten;2013/'14;2527;212;1018;513;784;659;1868;38;142;57;422;174;876;456;362
437;Totaal mannen en vrouwen;Totaal leeftijd;Sector techniek;A-U Alle economische activiteiten;2014/'15;2225;431;677;462;655;666;1559;173;84;57;352;258;593;405;303
438;Totaal mannen en vrouwen;Totaal leeftijd;Sector techniek;A-U Alle economische activiteiten;2015/'16;2569;485;895;555;634;686;1883;171;99;57;359;314;796;498;275
439;Totaal mannen en vrouwen;Totaal leeftijd;Sector techniek;A-U Alle economische activiteiten;2016/'17;2499;31;1006;799;663;352;2147;1;44;39;268;30;962;760;395
440;Totaal mannen en vrouwen;Totaal leeftijd;Sector techniek;A-U Alle economische activiteiten;2017/'18;2109;0;770;724;615;314;1795;0;31;37;246;0;739;687;369
441;Totaal mannen en vrouwen;Totaal leeftijd;Sector techniek;A-U Alle economische activiteiten;2018/'19;2344;0;869;769;706;356;1988;0;36;27;293;0;833;742;413
442;Totaal mannen en vrouwen;Totaal leeftijd;Sector techniek;A-U Alle economische activiteiten;2019/'20;2191;0;788;743;660;344;1847;0;40;25;279;0;748;718;381
443;Totaal mannen en vrouwen;Totaal leeftijd;Sector techniek;A-U Alle economische activiteiten;2020/'21;1925;0;663;566;696;435;1490;0;46;40;349;0;617;526;347
444;Totaal mannen en vrouwen;Totaal leeftijd;Sector techniek;A Landbouw, bosbouw en visserij;2009/'10;52;5;28;8;11;14;38;0;5;1;8;5;23;7;3
445;Totaal mannen en vrouwen;Totaal leeftijd;Sector techniek;A Landbouw, bosbouw en visserij;2010/'11;58;8;35;9;6;7;51;0;1;2;4;8;34;7;2
446;Totaal mannen en vrouwen;Totaal leeftijd;Sector techniek;A Landbouw, bosbouw en visserij;2011/'12;79;7;58;5;9;10;69;2;1;0;7;5;57;5;2
447;Totaal mannen en vrouwen;Totaal leeftijd;Sector techniek;A Landbouw, bosbouw en visserij;2012/'13;41;4;17;6;14;11;30;0;0;0;11;4;17;6;3
448;Totaal mannen en vrouwen;Totaal leeftijd;Sector techniek;A Landbouw, bosbouw en visserij;2013/'14;40;4;17;6;13;22;18;0;8;5;9;4;9;1;4
449;Totaal mannen en vrouwen;Totaal leeftijd;Sector techniek;A Landbouw, bosbouw en visserij;2014/'15;25;4;10;5;6;10;15;2;1;2;5;2;9;3;1
450;Totaal mannen en vrouwen;Totaal leeftijd;Sector techniek;A Landbouw, bosbouw en visserij;2015/'16;29;2;6;8;13;19;10;2;3;2;12;0;3;6;1
451;Totaal mannen en vrouwen;Totaal leeftijd;Sector techniek;A Landbouw, bosbouw en visserij;2016/'17;21;0;8;7;6;3;18;0;0;1;2;0;8;6;4
452;Totaal mannen en vrouwen;Totaal leeftijd;Sector techniek;A Landbouw, bosbouw en visserij;2017/'18;20;0;10;4;6;7;13;0;1;0;6;0;9;4;0
453;Totaal mannen en vrouwen;Totaal leeftijd;Sector techniek;A Landbouw, bosbouw en visserij;2018/'19;22;0;7;4;11;10;12;0;2;0;8;0;5;4;3
454;Totaal mannen en vrouwen;Totaal leeftijd;Sector techniek;A Landbouw, bosbouw en visserij;2019/'20;30;0;13;7;10;10;20;0;2;1;7;0;11;6;3
455;Totaal mannen en vrouwen;Totaal leeftijd;Sector techniek;A Landbouw, bosbouw en visserij;2020/'21;21;0;7;9;5;6;15;0;0;3;3;0;7;6;2
456;Totaal mannen en vrouwen;Totaal leeftijd;Sector techniek;B-E Nijverheid (geen bouw) en energie;2009/'10;3193;1631;1071;312;179;96;3097;2;31;27;36;1629;1040;285;143
457;Totaal mannen en vrouwen;Totaal leeftijd;Sector techniek;B-E Nijverheid (geen bouw) en energie;2010/'11;2223;1068;745;254;156;46;2177;0;13;9;24;1068;732;245;132
458;Totaal mannen en vrouwen;Totaal leeftijd;Sector techniek;B-E Nijverheid (geen bouw) en energie;2011/'12;1289;290;639;240;120;46;1243;3;12;5;26;287;627;235;94
459;Totaal mannen en vrouwen;Totaal leeftijd;Sector techniek;B-E Nijverheid (geen bouw) en energie;2012/'13;1639;466;811;248;114;37;1602;2;7;6;22;464;804;242;92
460;Totaal mannen en vrouwen;Totaal leeftijd;Sector techniek;B-E Nijverheid (geen bouw) en energie;2013/'14;605;87;228;204;86;22;583;3;8;2;9;84;220;202;77
461;Totaal mannen en vrouwen;Totaal leeftijd;Sector techniek;B-E Nijverheid (geen bouw) en energie;2014/'15;534;147;159;156;72;30;504;10;2;3;15;137;157;153;57
462;Totaal mannen en vrouwen;Totaal leeftijd;Sector techniek;B-E Nijverheid (geen bouw) en energie;2015/'16;688;119;317;188;64;20;668;7;2;1;10;112;315;187;54
463;Totaal mannen en vrouwen;Totaal leeftijd;Sector techniek;B-E Nijverheid (geen bouw) en energie;2016/'17;633;21;329;214;69;12;621;0;3;2;7;21;326;212;62
464;Totaal mannen en vrouwen;Totaal leeftijd;Sector techniek;B-E Nijverheid (geen bouw) en energie;2017/'18;365;0;144;161;60;7;358;0;0;2;5;0;144;159;55
465;Totaal mannen en vrouwen;Totaal leeftijd;Sector techniek;B-E Nijverheid (geen bouw) en energie;2018/'19;435;0;201;160;74;13;422;0;0;2;11;0;201;158;63
466;Totaal mannen en vrouwen;Totaal leeftijd;Sector techniek;B-E Nijverheid (geen bouw) en energie;2019/'20;385;0;153;150;82;16;369;0;4;1;11;0;149;149;71
467;Totaal mannen en vrouwen;Totaal leeftijd;Sector techniek;B-E Nijverheid (geen bouw) en energie;2020/'21;308;0;115;124;69;17;291;0;2;3;12;0;113;121;57
468;Totaal mannen en vrouwen;Totaal leeftijd;Sector techniek;F Bouwnijverheid;2009/'10;1622;19;679;519;405;31;1591;2;9;5;15;17;670;514;390
469;Totaal mannen en vrouwen;Totaal leeftijd;Sector techniek;F Bouwnijverheid;2010/'11;783;16;461;180;126;32;751;1;11;1;19;15;450;179;107
470;Totaal mannen en vrouwen;Totaal leeftijd;Sector techniek;F Bouwnijverheid;2011/'12;588;10;322;154;102;17;571;0;6;3;8;10;316;151;94
471;Totaal mannen en vrouwen;Totaal leeftijd;Sector techniek;F Bouwnijverheid;2012/'13;461;12;249;98;102;20;441;2;13;1;4;10;236;97;98
472;Totaal mannen en vrouwen;Totaal leeftijd;Sector techniek;F Bouwnijverheid;2013/'14;186;6;79;43;58;11;175;0;3;3;5;6;76;40;53
473;Totaal mannen en vrouwen;Totaal leeftijd;Sector techniek;F Bouwnijverheid;2014/'15;121;7;60;24;30;13;108;2;5;0;6;5;55;24;24
474;Totaal mannen en vrouwen;Totaal leeftijd;Sector techniek;F Bouwnijverheid;2015/'16;146;8;50;60;28;14;132;1;3;2;8;7;47;58;20
475;Totaal mannen en vrouwen;Totaal leeftijd;Sector techniek;F Bouwnijverheid;2016/'17;174;0;63;63;48;11;163;0;5;0;6;0;58;63;42
476;Totaal mannen en vrouwen;Totaal leeftijd;Sector techniek;F Bouwnijverheid;2017/'18;160;0;60;62;38;10;150;0;5;3;2;0;55;59;36
477;Totaal mannen en vrouwen;Totaal leeftijd;Sector techniek;F Bouwnijverheid;2018/'19;202;0;90;69;43;7;195;0;1;1;5;0;89;68;38
478;Totaal mannen en vrouwen;Totaal leeftijd;Sector techniek;F Bouwnijverheid;2019/'20;176;0;87;57;32;7;169;0;2;1;4;0;85;56;28
479;Totaal mannen en vrouwen;Totaal leeftijd;Sector techniek;F Bouwnijverheid;2020/'21;168;0;103;40;25;4;164;0;1;1;2;0;102;39;23
480;Totaal mannen en vrouwen;Totaal leeftijd;Sector techniek;G-I Handel, vervoer en horeca;2009/'10;5741;191;4941;234;375;325;5416;19;63;35;208;172;4878;199;167
481;Totaal mannen en vrouwen;Totaal leeftijd;Sector techniek;G-I Handel, vervoer en horeca;2010/'11;2693;82;2051;178;382;308;2385;13;65;37;193;69;1986;141;189
482;Totaal mannen en vrouwen;Totaal leeftijd;Sector techniek;G-I Handel, vervoer en horeca;2011/'12;3159;51;2568;169;371;311;2848;9;76;36;190;42;2492;133;181
483;Totaal mannen en vrouwen;Totaal leeftijd;Sector techniek;G-I Handel, vervoer en horeca;2012/'13;2739;285;1862;201;391;367;2372;20;64;34;249;265;1798;167;142
484;Totaal mannen en vrouwen;Totaal leeftijd;Sector techniek;G-I Handel, vervoer en horeca;2013/'14;843;35;322;121;365;360;483;14;71;29;246;21;251;92;119
485;Totaal mannen en vrouwen;Totaal leeftijd;Sector techniek;G-I Handel, vervoer en horeca;2014/'15;855;135;235;139;346;405;450;96;57;22;230;39;178;117;116
486;Totaal mannen en vrouwen;Totaal leeftijd;Sector techniek;G-I Handel, vervoer en horeca;2015/'16;770;116;195;122;337;412;358;95;68;24;225;21;127;98;112
487;Totaal mannen en vrouwen;Totaal leeftijd;Sector techniek;G-I Handel, vervoer en horeca;2016/'17;697;9;156;211;321;196;501;1;16;23;156;8;140;188;165
488;Totaal mannen en vrouwen;Totaal leeftijd;Sector techniek;G-I Handel, vervoer en horeca;2017/'18;639;0;172;173;294;173;466;0;15;18;140;0;157;155;154
489;Totaal mannen en vrouwen;Totaal leeftijd;Sector techniek;G-I Handel, vervoer en horeca;2018/'19;758;0;207;212;339;198;560;0;14;9;175;0;193;203;164
490;Totaal mannen en vrouwen;Totaal leeftijd;Sector techniek;G-I Handel, vervoer en horeca;2019/'20;739;0;207;216;316;200;539;0;15;17;168;0;192;199;148
491;Totaal mannen en vrouwen;Totaal leeftijd;Sector techniek;G-I Handel, vervoer en horeca;2020/'21;741;0;171;190;380;261;480;0;22;22;217;0;149;168;163
492;Totaal mannen en vrouwen;Totaal leeftijd;Sector techniek;J Informatie en communicatie;2009/'10;47;1;31;5;10;13;34;0;3;3;7;1;28;2;3
493;Totaal mannen en vrouwen;Totaal leeftijd;Sector techniek;J Informatie en communicatie;2010/'11;43;4;22;3;14;13;30;0;4;0;9;4;18;3;5
494;Totaal mannen en vrouwen;Totaal leeftijd;Sector techniek;J Informatie en communicatie;2011/'12;38;7;19;4;8;12;26;0;7;3;2;7;12;1;6
495;Totaal mannen en vrouwen;Totaal leeftijd;Sector techniek;J Informatie en communicatie;2012/'13;19;1;8;3;7;7;12;0;2;0;5;1;6;3;2
496;Totaal mannen en vrouwen;Totaal leeftijd;Sector techniek;J Informatie en communicatie;2013/'14;12;0;6;1;5;4;8;0;0;0;4;0;6;1;1
497;Totaal mannen en vrouwen;Totaal leeftijd;Sector techniek;J Informatie en communicatie;2014/'15;11;0;5;4;2;1;10;0;0;0;1;0;5;4;1
498;Totaal mannen en vrouwen;Totaal leeftijd;Sector techniek;J Informatie en communicatie;2015/'16;9;1;2;1;5;3;6;1;0;0;2;0;2;1;3
499;Totaal mannen en vrouwen;Totaal leeftijd;Sector techniek;J Informatie en communicatie;2016/'17;15;0;4;4;7;4;11;0;0;0;4;0;4;4;3
500;Totaal mannen en vrouwen;Totaal leeftijd;Sector techniek;J Informatie en communicatie;2017/'18;15;0;3;6;6;2;13;0;0;0;2;0;3;6;4
501;Totaal mannen en vrouwen;Totaal leeftijd;Sector techniek;J Informatie en communicatie;2018/'19;15;0;2;6;7;4;11;0;0;1;3;0;2;5;4
502;Totaal mannen en vrouwen;Totaal leeftijd;Sector techniek;J Informatie en communicatie;2019/'20;24;0;5;11;8;4;20;0;0;0;4;0;5;11;4
503;Totaal mannen en vrouwen;Totaal leeftijd;Sector techniek;J Informatie en communicatie;2020/'21;20;0;9;0;11;7;13;0;0;0;7;0;9;0;4
504;Totaal mannen en vrouwen;Totaal leeftijd;Sector techniek;K Financiële dienstverlening;2009/'10;56;17;33;1;5;5;51;0;2;0;3;17;31;1;2
505;Totaal mannen en vrouwen;Totaal leeftijd;Sector techniek;K Financiële dienstverlening;2010/'11;19;0;9;3;7;7;12;0;3;1;3;0;6;2;4
506;Totaal mannen en vrouwen;Totaal leeftijd;Sector techniek;K Financiële dienstverlening;2011/'12;24;0;19;3;2;8;16;0;6;2;0;0;13;1;2
507;Totaal mannen en vrouwen;Totaal leeftijd;Sector techniek;K Financiële dienstverlening;2012/'13;12;0;10;0;2;4;8;0;3;0;1;0;7;0;1
508;Totaal mannen en vrouwen;Totaal leeftijd;Sector techniek;K Financiële dienstverlening;2013/'14;6;0;3;0;3;2;4;0;0;0;2;0;3;0;1
509;Totaal mannen en vrouwen;Totaal leeftijd;Sector techniek;K Financiële dienstverlening;2014/'15;6;3;1;1;1;1;5;1;0;0;0;2;1;1;1
510;Totaal mannen en vrouwen;Totaal leeftijd;Sector techniek;K Financiële dienstverlening;2015/'16;11;1;1;3;6;4;7;0;0;1;3;1;1;2;3
511;Totaal mannen en vrouwen;Totaal leeftijd;Sector techniek;K Financiële dienstverlening;2016/'17;9;0;1;3;5;2;7;0;0;1;1;0;1;2;4
512;Totaal mannen en vrouwen;Totaal leeftijd;Sector techniek;K Financiële dienstverlening;2017/'18;14;0;3;4;7;3;11;0;0;0;3;0;3;4;4
513;Totaal mannen en vrouwen;Totaal leeftijd;Sector techniek;K Financiële dienstverlening;2018/'19;11;0;3;1;7;0;11;0;0;0;0;0;3;1;7
514;Totaal mannen en vrouwen;Totaal leeftijd;Sector techniek;K Financiële dienstverlening;2019/'20;14;0;2;2;10;1;13;0;0;0;1;0;2;2;9
515;Totaal mannen en vrouwen;Totaal leeftijd;Sector techniek;K Financiële dienstverlening;2020/'21;8;0;4;3;1;0;8;0;0;0;0;0;4;3;1
516;Totaal mannen en vrouwen;Totaal leeftijd;Sector techniek;L Verhuur en handel van onroerend goed;2009/'10;51;0;44;5;2;4;47;0;2;1;1;0;42;4;1
517;Totaal mannen en vrouwen;Totaal leeftijd;Sector techniek;L Verhuur en handel van onroerend goed;2010/'11;17;0;10;1;6;5;12;0;2;0;3;0;8;1;3
518;Totaal mannen en vrouwen;Totaal leeftijd;Sector techniek;L Verhuur en handel van onroerend goed;2011/'12;28;1;23;2;2;2;26;0;0;0;2;1;23;2;0
519;Totaal mannen en vrouwen;Totaal leeftijd;Sector techniek;L Verhuur en handel van onroerend goed;2012/'13;33;0;28;2;3;6;27;0;4;0;2;0;24;2;1
520;Totaal mannen en vrouwen;Totaal leeftijd;Sector techniek;L Verhuur en handel van onroerend goed;2013/'14;31;0;26;2;3;2;29;0;1;0;1;0;25;2;2
521;Totaal mannen en vrouwen;Totaal leeftijd;Sector techniek;L Verhuur en handel van onroerend goed;2014/'15;5;0;3;0;2;2;3;0;1;0;1;0;2;0;1
522;Totaal mannen en vrouwen;Totaal leeftijd;Sector techniek;L Verhuur en handel van onroerend goed;2015/'16;14;2;9;1;2;4;10;2;0;0;2;0;9;1;0
523;Totaal mannen en vrouwen;Totaal leeftijd;Sector techniek;L Verhuur en handel van onroerend goed;2016/'17;17;0;4;12;1;1;16;0;0;0;1;0;4;12;0
524;Totaal mannen en vrouwen;Totaal leeftijd;Sector techniek;L Verhuur en handel van onroerend goed;2017/'18;9;0;2;3;4;1;8;0;0;0;1;0;2;3;3
525;Totaal mannen en vrouwen;Totaal leeftijd;Sector techniek;L Verhuur en handel van onroerend goed;2018/'19;7;0;1;5;1;1;6;0;0;0;1;0;1;5;0
526;Totaal mannen en vrouwen;Totaal leeftijd;Sector techniek;L Verhuur en handel van onroerend goed;2019/'20;10;0;3;7;0;0;10;0;0;0;0;0;3;7;0
527;Totaal mannen en vrouwen;Totaal leeftijd;Sector techniek;L Verhuur en handel van onroerend goed;2020/'21;7;0;0;5;2;1;6;0;0;0;1;0;0;5;1
528;Totaal mannen en vrouwen;Totaal leeftijd;Sector techniek;M-N Zakelijke dienstverlening;2009/'10;1553;191;925;216;221;243;1310;27;64;27;125;164;861;189;96
529;Totaal mannen en vrouwen;Totaal leeftijd;Sector techniek;M-N Zakelijke dienstverlening;2010/'11;1215;170;611;266;168;197;1018;14;44;16;123;156;567;250;45
530;Totaal mannen en vrouwen;Totaal leeftijd;Sector techniek;M-N Zakelijke dienstverlening;2011/'12;1291;133;793;183;182;174;1117;11;57;20;86;122;736;163;96
531;Totaal mannen en vrouwen;Totaal leeftijd;Sector techniek;M-N Zakelijke dienstverlening;2012/'13;930;157;478;155;140;150;780;19;45;16;70;138;433;139;70
532;Totaal mannen en vrouwen;Totaal leeftijd;Sector techniek;M-N Zakelijke dienstverlening;2013/'14;512;58;224;83;147;163;349;16;34;4;109;42;190;79;38
533;Totaal mannen en vrouwen;Totaal leeftijd;Sector techniek;M-N Zakelijke dienstverlening;2014/'15;452;100;159;81;112;139;313;44;14;16;65;56;145;65;47
534;Totaal mannen en vrouwen;Totaal leeftijd;Sector techniek;M-N Zakelijke dienstverlening;2015/'16;534;114;214;100;106;153;381;57;18;8;70;57;196;92;36
535;Totaal mannen en vrouwen;Totaal leeftijd;Sector techniek;M-N Zakelijke dienstverlening;2016/'17;559;1;249;190;119;91;468;0;16;5;70;1;233;185;49
536;Totaal mannen en vrouwen;Totaal leeftijd;Sector techniek;M-N Zakelijke dienstverlening;2017/'18;650;0;291;235;124;75;575;0;7;4;64;0;284;231;60
537;Totaal mannen en vrouwen;Totaal leeftijd;Sector techniek;M-N Zakelijke dienstverlening;2018/'19;684;0;293;240;151;91;593;0;13;7;71;0;280;233;80
538;Totaal mannen en vrouwen;Totaal leeftijd;Sector techniek;M-N Zakelijke dienstverlening;2019/'20;597;0;247;210;140;83;514;0;14;3;66;0;233;207;74
539;Totaal mannen en vrouwen;Totaal leeftijd;Sector techniek;M-N Zakelijke dienstverlening;2020/'21;449;0;179;131;139;99;350;0;13;4;82;0;166;127;57
540;Totaal mannen en vrouwen;Totaal leeftijd;Sector techniek;O-Q Overheid en zorg;2009/'10;621;12;378;103;128;144;477;0;55;36;53;12;323;67;75
541;Totaal mannen en vrouwen;Totaal leeftijd;Sector techniek;O-Q Overheid en zorg;2010/'11;397;15;213;86;83;123;274;2;40;34;47;13;173;52;36
542;Totaal mannen en vrouwen;Totaal leeftijd;Sector techniek;O-Q Overheid en zorg;2011/'12;391;6;214;102;69;91;300;1;35;33;22;5;179;69;47
543;Totaal mannen en vrouwen;Totaal leeftijd;Sector techniek;O-Q Overheid en zorg;2012/'13;324;19;149;93;63;70;254;0;27;21;22;19;122;72;41
544;Totaal mannen en vrouwen;Totaal leeftijd;Sector techniek;O-Q Overheid en zorg;2013/'14;189;16;69;41;63;38;151;1;10;11;16;15;59;30;47
545;Totaal mannen en vrouwen;Totaal leeftijd;Sector techniek;O-Q Overheid en zorg;2014/'15;143;20;27;42;54;37;106;6;2;13;16;14;25;29;38
546;Totaal mannen en vrouwen;Totaal leeftijd;Sector techniek;O-Q Overheid en zorg;2015/'16;321;117;88;67;49;38;283;4;0;19;15;113;88;48;34
547;Totaal mannen en vrouwen;Totaal leeftijd;Sector techniek;O-Q Overheid en zorg;2016/'17;304;0;172;79;53;15;289;0;4;5;6;0;168;74;47
548;Totaal mannen en vrouwen;Totaal leeftijd;Sector techniek;O-Q Overheid en zorg;2017/'18;160;0;52;56;52;22;138;0;1;9;12;0;51;47;40
549;Totaal mannen en vrouwen;Totaal leeftijd;Sector techniek;O-Q Overheid en zorg;2018/'19;144;0;42;56;46;18;126;0;4;7;7;0;38;49;39
550;Totaal mannen en vrouwen;Totaal leeftijd;Sector techniek;O-Q Overheid en zorg;2019/'20;159;0;53;64;42;8;151;0;2;1;5;0;51;63;37
551;Totaal mannen en vrouwen;Totaal leeftijd;Sector techniek;O-Q Overheid en zorg;2020/'21;154;0;62;51;41;23;131;0;6;4;13;0;56;47;28
552;Totaal mannen en vrouwen;Totaal leeftijd;Sector techniek;R-U Cultuur, recreatie, overige diensten;2009/'10;65;4;37;4;20;17;48;0;3;0;14;4;34;4;6
553;Totaal mannen en vrouwen;Totaal leeftijd;Sector techniek;R-U Cultuur, recreatie, overige diensten;2010/'11;66;5;33;8;20;27;39;0;6;3;18;5;27;5;2
554;Totaal mannen en vrouwen;Totaal leeftijd;Sector techniek;R-U Cultuur, recreatie, overige diensten;2011/'12;215;131;56;5;23;36;179;3;15;2;16;128;41;3;7
555;Totaal mannen en vrouwen;Totaal leeftijd;Sector techniek;R-U Cultuur, recreatie, overige diensten;2012/'13;120;41;56;8;15;24;96;1;9;3;11;40;47;5;4
556;Totaal mannen en vrouwen;Totaal leeftijd;Sector techniek;R-U Cultuur, recreatie, overige diensten;2013/'14;42;4;13;6;19;20;22;3;2;2;13;1;11;4;6
557;Totaal mannen en vrouwen;Totaal leeftijd;Sector techniek;R-U Cultuur, recreatie, overige diensten;2014/'15;29;8;4;3;14;17;12;6;1;0;10;2;3;3;4
558;Totaal mannen en vrouwen;Totaal leeftijd;Sector techniek;R-U Cultuur, recreatie, overige diensten;2015/'16;42;5;12;4;21;18;24;2;5;0;11;3;7;4;10
559;Totaal mannen en vrouwen;Totaal leeftijd;Sector techniek;R-U Cultuur, recreatie, overige diensten;2016/'17;54;0;14;11;29;14;40;0;0;0;14;0;14;11;15
560;Totaal mannen en vrouwen;Totaal leeftijd;Sector techniek;R-U Cultuur, recreatie, overige diensten;2017/'18;59;0;25;14;20;11;48;0;1;1;9;0;24;13;11
561;Totaal mannen en vrouwen;Totaal leeftijd;Sector techniek;R-U Cultuur, recreatie, overige diensten;2018/'19;47;0;16;10;21;12;35;0;2;0;10;0;14;10;11
562;Totaal mannen en vrouwen;Totaal leeftijd;Sector techniek;R-U Cultuur, recreatie, overige diensten;2019/'20;40;0;12;11;17;11;29;0;0;0;11;0;12;11;6
563;Totaal mannen en vrouwen;Totaal leeftijd;Sector techniek;R-U Cultuur, recreatie, overige diensten;2020/'21;40;0;11;8;21;15;25;0;2;1;12;0;9;7;9
564;Totaal mannen en vrouwen;Totaal leeftijd;Sector techniek;SBI-code onbekend;2009/'10;323;9;271;18;25;34;289;2;16;5;11;7;255;13;14
565;Totaal mannen en vrouwen;Totaal leeftijd;Sector techniek;SBI-code onbekend;2010/'11;191;3;143;16;29;38;153;0;23;2;13;3;120;14;16
566;Totaal mannen en vrouwen;Totaal leeftijd;Sector techniek;SBI-code onbekend;2011/'12;147;4;114;9;20;21;126;0;17;2;2;4;97;7;18
567;Totaal mannen en vrouwen;Totaal leeftijd;Sector techniek;SBI-code onbekend;2012/'13;113;5;80;14;14;16;97;0;11;2;3;5;69;12;11
568;Totaal mannen en vrouwen;Totaal leeftijd;Sector techniek;SBI-code onbekend;2013/'14;61;2;31;6;22;15;46;1;5;1;8;1;26;5;14
569;Totaal mannen en vrouwen;Totaal leeftijd;Sector techniek;SBI-code onbekend;2014/'15;44;7;14;7;16;11;33;6;1;1;3;1;13;6;13
570;Totaal mannen en vrouwen;Totaal leeftijd;Sector techniek;SBI-code onbekend;2015/'16;5;0;1;1;3;1;4;0;0;0;1;0;1;1;2
571;Totaal mannen en vrouwen;Totaal leeftijd;Sector techniek;SBI-code onbekend;2016/'17;16;0;6;5;5;3;13;0;0;2;1;0;6;3;4
572;Totaal mannen en vrouwen;Totaal leeftijd;Sector techniek;SBI-code onbekend;2017/'18;18;0;8;6;4;3;15;0;1;0;2;0;7;6;2
573;Totaal mannen en vrouwen;Totaal leeftijd;Sector techniek;SBI-code onbekend;2018/'19;19;0;7;6;6;2;17;0;0;0;2;0;7;6;4
574;Totaal mannen en vrouwen;Totaal leeftijd;Sector techniek;SBI-code onbekend;2019/'20;17;0;6;8;3;4;13;0;1;1;2;0;5;7;1
575;Totaal mannen en vrouwen;Totaal leeftijd;Sector techniek;SBI-code onbekend;2020/'21;9;0;2;5;2;2;7;0;0;2;0;0;2;3;2
576;Totaal mannen en vrouwen;Totaal leeftijd;Sector zorg en welzijn;A-U Alle economische activiteiten;2009/'10;9848;410;2513;3945;2980;2138;7710;48;684;651;755;362;1829;3294;2225
577;Totaal mannen en vrouwen;Totaal leeftijd;Sector zorg en welzijn;A-U Alle economische activiteiten;2010/'11;8323;338;1849;3220;2916;1617;6706;53;427;428;709;285;1422;2792;2207
578;Totaal mannen en vrouwen;Totaal leeftijd;Sector zorg en welzijn;A-U Alle economische activiteiten;2011/'12;7239;315;1949;2966;2009;1245;5994;37;337;358;513;278;1612;2608;1496
579;Totaal mannen en vrouwen;Totaal leeftijd;Sector zorg en welzijn;A-U Alle economische activiteiten;2012/'13;6506;240;1786;2616;1864;1012;5494;36;293;221;462;204;1493;2395;1402
580;Totaal mannen en vrouwen;Totaal leeftijd;Sector zorg en welzijn;A-U Alle economische activiteiten;2013/'14;4093;106;1066;1533;1388;813;3280;33;173;156;451;73;893;1377;937
581;Totaal mannen en vrouwen;Totaal leeftijd;Sector zorg en welzijn;A-U Alle economische activiteiten;2014/'15;2666;44;513;1163;946;488;2178;19;101;84;284;25;412;1079;662
582;Totaal mannen en vrouwen;Totaal leeftijd;Sector zorg en welzijn;A-U Alle economische activiteiten;2015/'16;2555;20;388;1231;916;462;2093;5;81;91;285;15;307;1140;631
583;Totaal mannen en vrouwen;Totaal leeftijd;Sector zorg en welzijn;A-U Alle economische activiteiten;2016/'17;4421;3;566;2113;1739;458;3963;3;63;70;322;0;503;2043;1417
584;Totaal mannen en vrouwen;Totaal leeftijd;Sector zorg en welzijn;A-U Alle economische activiteiten;2017/'18;5069;0;652;2465;1952;460;4609;0;50;98;312;0;602;2367;1640
585;Totaal mannen en vrouwen;Totaal leeftijd;Sector zorg en welzijn;A-U Alle economische activiteiten;2018/'19;6198;0;1102;2701;2395;435;5763;0;65;60;310;0;1037;2641;2085
586;Totaal mannen en vrouwen;Totaal leeftijd;Sector zorg en welzijn;A-U Alle economische activiteiten;2019/'20;6039;0;1130;2344;2565;431;5608;0;56;64;311;0;1074;2280;2254
587;Totaal mannen en vrouwen;Totaal leeftijd;Sector zorg en welzijn;A-U Alle economische activiteiten;2020/'21;6023;0;1127;2350;2546;526;5497;0;84;62;380;0;1043;2288;2166
588;Totaal mannen en vrouwen;Totaal leeftijd;Sector zorg en welzijn;A Landbouw, bosbouw en visserij;2009/'10;42;0;11;12;19;14;28;0;6;3;5;0;5;9;14
589;Totaal mannen en vrouwen;Totaal leeftijd;Sector zorg en welzijn;A Landbouw, bosbouw en visserij;2010/'11;42;1;10;20;11;12;30;0;2;4;6;1;8;16;5
590;Totaal mannen en vrouwen;Totaal leeftijd;Sector zorg en welzijn;A Landbouw, bosbouw en visserij;2011/'12;30;2;5;17;6;9;21;0;1;4;4;2;4;13;2
591;Totaal mannen en vrouwen;Totaal leeftijd;Sector zorg en welzijn;A Landbouw, bosbouw en visserij;2012/'13;28;0;8;15;5;6;22;0;2;2;2;0;6;13;3
592;Totaal mannen en vrouwen;Totaal leeftijd;Sector zorg en welzijn;A Landbouw, bosbouw en visserij;2013/'14;18;0;3;4;11;11;7;0;2;0;9;0;1;4;2
593;Totaal mannen en vrouwen;Totaal leeftijd;Sector zorg en welzijn;A Landbouw, bosbouw en visserij;2014/'15;11;1;0;3;7;5;6;1;0;0;4;0;0;3;3
594;Totaal mannen en vrouwen;Totaal leeftijd;Sector zorg en welzijn;A Landbouw, bosbouw en visserij;2015/'16;20;3;2;10;5;7;13;1;2;1;3;2;0;9;2
595;Totaal mannen en vrouwen;Totaal leeftijd;Sector zorg en welzijn;A Landbouw, bosbouw en visserij;2016/'17;27;0;5;12;10;9;18;0;2;2;5;0;3;10;5
596;Totaal mannen en vrouwen;Totaal leeftijd;Sector zorg en welzijn;A Landbouw, bosbouw en visserij;2017/'18;38;0;5;23;10;6;32;0;1;1;4;0;4;22;6
597;Totaal mannen en vrouwen;Totaal leeftijd;Sector zorg en welzijn;A Landbouw, bosbouw en visserij;2018/'19;45;0;3;27;15;6;39;0;1;0;5;0;2;27;10
598;Totaal mannen en vrouwen;Totaal leeftijd;Sector zorg en welzijn;A Landbouw, bosbouw en visserij;2019/'20;50;0;7;24;19;7;43;0;0;1;6;0;7;23;13
599;Totaal mannen en vrouwen;Totaal leeftijd;Sector zorg en welzijn;A Landbouw, bosbouw en visserij;2020/'21;52;0;12;23;17;4;48;0;0;1;3;0;12;22;14
600;Totaal mannen en vrouwen;Totaal leeftijd;Sector zorg en welzijn;B-E Nijverheid (geen bouw) en energie;2009/'10;654;11;190;222;231;114;540;3;44;37;30;8;146;185;201
601;Totaal mannen en vrouwen;Totaal leeftijd;Sector zorg en welzijn;B-E Nijverheid (geen bouw) en energie;2010/'11;404;5;129;135;135;74;330;0;26;24;24;5;103;111;111
602;Totaal mannen en vrouwen;Totaal leeftijd;Sector zorg en welzijn;B-E Nijverheid (geen bouw) en energie;2011/'12;269;13;79;108;69;47;222;3;16;15;13;10;63;93;56
603;Totaal mannen en vrouwen;Totaal leeftijd;Sector zorg en welzijn;B-E Nijverheid (geen bouw) en energie;2012/'13;175;7;54;68;46;37;138;1;13;7;16;6;41;61;30
604;Totaal mannen en vrouwen;Totaal leeftijd;Sector zorg en welzijn;B-E Nijverheid (geen bouw) en energie;2013/'14;108;5;36;38;29;20;88;0;3;7;10;5;33;31;19
605;Totaal mannen en vrouwen;Totaal leeftijd;Sector zorg en welzijn;B-E Nijverheid (geen bouw) en energie;2014/'15;27;0;4;11;12;7;20;0;2;1;4;0;2;10;8
606;Totaal mannen en vrouwen;Totaal leeftijd;Sector zorg en welzijn;B-E Nijverheid (geen bouw) en energie;2015/'16;40;1;9;11;19;11;29;0;4;2;5;1;5;9;14
607;Totaal mannen en vrouwen;Totaal leeftijd;Sector zorg en welzijn;B-E Nijverheid (geen bouw) en energie;2016/'17;64;0;3;32;29;13;51;0;1;4;8;0;2;28;21
608;Totaal mannen en vrouwen;Totaal leeftijd;Sector zorg en welzijn;B-E Nijverheid (geen bouw) en energie;2017/'18;115;0;8;65;42;11;104;0;1;4;6;0;7;61;36
609;Totaal mannen en vrouwen;Totaal leeftijd;Sector zorg en welzijn;B-E Nijverheid (geen bouw) en energie;2018/'19;169;0;32;97;40;12;157;0;8;0;4;0;24;97;36
610;Totaal mannen en vrouwen;Totaal leeftijd;Sector zorg en welzijn;B-E Nijverheid (geen bouw) en energie;2019/'20;200;0;29;100;71;8;192;0;2;2;4;0;27;98;67
611;Totaal mannen en vrouwen;Totaal leeftijd;Sector zorg en welzijn;B-E Nijverheid (geen bouw) en energie;2020/'21;190;0;25;91;74;16;174;0;3;1;12;0;22;90;62
612;Totaal mannen en vrouwen;Totaal leeftijd;Sector zorg en welzijn;F Bouwnijverheid;2009/'10;78;1;17;32;28;31;47;1;8;12;10;0;9;20;18
613;Totaal mannen en vrouwen;Totaal leeftijd;Sector zorg en welzijn;F Bouwnijverheid;2010/'11;65;0;11;32;22;18;47;0;4;5;9;0;7;27;13
614;Totaal mannen en vrouwen;Totaal leeftijd;Sector zorg en welzijn;F Bouwnijverheid;2011/'12;53;1;5;34;13;10;43;0;2;7;1;1;3;27;12
615;Totaal mannen en vrouwen;Totaal leeftijd;Sector zorg en welzijn;F Bouwnijverheid;2012/'13;62;1;8;39;14;14;48;0;1;7;6;1;7;32;8
616;Totaal mannen en vrouwen;Totaal leeftijd;Sector zorg en welzijn;F Bouwnijverheid;2013/'14;31;0;1;18;12;5;26;0;0;2;3;0;1;16;9
617;Totaal mannen en vrouwen;Totaal leeftijd;Sector zorg en welzijn;F Bouwnijverheid;2014/'15;17;0;2;12;3;2;15;0;0;2;0;0;2;10;3
618;Totaal mannen en vrouwen;Totaal leeftijd;Sector zorg en welzijn;F Bouwnijverheid;2015/'16;19;0;2;8;9;3;16;0;0;0;3;0;2;8;6
619;Totaal mannen en vrouwen;Totaal leeftijd;Sector zorg en welzijn;F Bouwnijverheid;2016/'17;23;0;1;11;11;3;20;0;0;0;3;0;1;11;8
620;Totaal mannen en vrouwen;Totaal leeftijd;Sector zorg en welzijn;F Bouwnijverheid;2017/'18;37;0;2;25;10;1;36;0;0;1;0;0;2;24;10
621;Totaal mannen en vrouwen;Totaal leeftijd;Sector zorg en welzijn;F Bouwnijverheid;2018/'19;65;0;12;28;25;2;63;0;0;0;2;0;12;28;23
622;Totaal mannen en vrouwen;Totaal leeftijd;Sector zorg en welzijn;F Bouwnijverheid;2019/'20;70;0;9;35;26;2;68;0;0;0;2;0;9;35;24
623;Totaal mannen en vrouwen;Totaal leeftijd;Sector zorg en welzijn;F Bouwnijverheid;2020/'21;60;0;10;35;15;2;58;0;1;1;0;0;9;34;15
624;Totaal mannen en vrouwen;Totaal leeftijd;Sector zorg en welzijn;G-I Handel, vervoer en horeca;2009/'10;1547;36;380;627;504;607;940;15;184;180;228;21;196;447;276
625;Totaal mannen en vrouwen;Totaal leeftijd;Sector zorg en welzijn;G-I Handel, vervoer en horeca;2010/'11;1312;52;302;533;425;495;817;19;133;127;216;33;169;406;209
626;Totaal mannen en vrouwen;Totaal leeftijd;Sector zorg en welzijn;G-I Handel, vervoer en horeca;2011/'12;1135;46;238;480;371;421;714;16;101;112;192;30;137;368;179
627;Totaal mannen en vrouwen;Totaal leeftijd;Sector zorg en welzijn;G-I Handel, vervoer en horeca;2012/'13;992;25;187;413;367;377;615;15;86;88;188;10;101;325;179
628;Totaal mannen en vrouwen;Totaal leeftijd;Sector zorg en welzijn;G-I Handel, vervoer en horeca;2013/'14;636;21;93;182;340;394;242;18;72;73;231;3;21;109;109
629;Totaal mannen en vrouwen;Totaal leeftijd;Sector zorg en welzijn;G-I Handel, vervoer en horeca;2014/'15;435;12;62;108;253;287;148;10;50;44;183;2;12;64;70
630;Totaal mannen en vrouwen;Totaal leeftijd;Sector zorg en welzijn;G-I Handel, vervoer en horeca;2015/'16;422;3;58;122;239;288;134;2;48;53;185;1;10;69;54
631;Totaal mannen en vrouwen;Totaal leeftijd;Sector zorg en welzijn;G-I Handel, vervoer en horeca;2016/'17;570;0;53;182;335;271;299;0;34;30;207;0;19;152;128
632;Totaal mannen en vrouwen;Totaal leeftijd;Sector zorg en welzijn;G-I Handel, vervoer en horeca;2017/'18;865;0;69;432;364;251;614;0;22;42;187;0;47;390;177
633;Totaal mannen en vrouwen;Totaal leeftijd;Sector zorg en welzijn;G-I Handel, vervoer en horeca;2018/'19;1300;0;158;655;487;222;1078;0;25;27;170;0;133;628;317
634;Totaal mannen en vrouwen;Totaal leeftijd;Sector zorg en welzijn;G-I Handel, vervoer en horeca;2019/'20;1505;0;214;670;621;253;1252;0;29;36;188;0;185;634;433
635;Totaal mannen en vrouwen;Totaal leeftijd;Sector zorg en welzijn;G-I Handel, vervoer en horeca;2020/'21;1530;0;218;623;689;280;1250;0;40;29;211;0;178;594;478
636;Totaal mannen en vrouwen;Totaal leeftijd;Sector zorg en welzijn;J Informatie en communicatie;2009/'10;73;2;14;26;31;20;53;0;8;6;6;2;6;20;25
637;Totaal mannen en vrouwen;Totaal leeftijd;Sector zorg en welzijn;J Informatie en communicatie;2010/'11;62;2;10;24;26;17;45;1;7;3;6;1;3;21;20
638;Totaal mannen en vrouwen;Totaal leeftijd;Sector zorg en welzijn;J Informatie en communicatie;2011/'12;52;1;8;23;20;13;39;0;4;3;6;1;4;20;14
639;Totaal mannen en vrouwen;Totaal leeftijd;Sector zorg en welzijn;J Informatie en communicatie;2012/'13;32;0;3;15;14;15;17;0;2;3;10;0;1;12;4
640;Totaal mannen en vrouwen;Totaal leeftijd;Sector zorg en welzijn;J Informatie en communicatie;2013/'14;26;1;2;5;18;12;14;1;2;2;7;0;0;3;11
641;Totaal mannen en vrouwen;Totaal leeftijd;Sector zorg en welzijn;J Informatie en communicatie;2014/'15;10;0;2;2;6;1;9;0;1;0;0;0;1;2;6
642;Totaal mannen en vrouwen;Totaal leeftijd;Sector zorg en welzijn;J Informatie en communicatie;2015/'16;7;0;0;2;5;2;5;0;0;0;2;0;0;2;3
643;Totaal mannen en vrouwen;Totaal leeftijd;Sector zorg en welzijn;J Informatie en communicatie;2016/'17;20;0;1;8;11;3;17;0;1;0;2;0;0;8;9
644;Totaal mannen en vrouwen;Totaal leeftijd;Sector zorg en welzijn;J Informatie en communicatie;2017/'18;35;0;3;15;17;4;31;0;0;0;4;0;3;15;13
645;Totaal mannen en vrouwen;Totaal leeftijd;Sector zorg en welzijn;J Informatie en communicatie;2018/'19;57;0;5;29;23;6;51;0;0;2;4;0;5;27;19
646;Totaal mannen en vrouwen;Totaal leeftijd;Sector zorg en welzijn;J Informatie en communicatie;2019/'20;49;0;3;22;24;3;46;0;1;0;2;0;2;22;22
647;Totaal mannen en vrouwen;Totaal leeftijd;Sector zorg en welzijn;J Informatie en communicatie;2020/'21;61;0;3;33;25;3;58;0;0;0;3;0;3;33;22
648;Totaal mannen en vrouwen;Totaal leeftijd;Sector zorg en welzijn;K Financiële dienstverlening;2009/'10;108;2;13;42;51;40;68;1;5;15;19;1;8;27;32
649;Totaal mannen en vrouwen;Totaal leeftijd;Sector zorg en welzijn;K Financiële dienstverlening;2010/'11;83;1;13;25;44;25;58;1;3;5;16;0;10;20;28
650;Totaal mannen en vrouwen;Totaal leeftijd;Sector zorg en welzijn;K Financiële dienstverlening;2011/'12;108;0;12;52;44;31;77;0;3;9;19;0;9;43;25
651;Totaal mannen en vrouwen;Totaal leeftijd;Sector zorg en welzijn;K Financiële dienstverlening;2012/'13;60;0;7;26;27;20;40;0;6;3;11;0;1;23;16
652;Totaal mannen en vrouwen;Totaal leeftijd;Sector zorg en welzijn;K Financiële dienstverlening;2013/'14;34;0;2;14;18;7;27;0;0;1;6;0;2;13;12
653;Totaal mannen en vrouwen;Totaal leeftijd;Sector zorg en welzijn;K Financiële dienstverlening;2014/'15;17;0;2;6;9;3;14;0;0;0;3;0;2;6;6
654;Totaal mannen en vrouwen;Totaal leeftijd;Sector zorg en welzijn;K Financiële dienstverlening;2015/'16;12;0;1;6;5;0;12;0;0;0;0;0;1;6;5
655;Totaal mannen en vrouwen;Totaal leeftijd;Sector zorg en welzijn;K Financiële dienstverlening;2016/'17;27;0;0;19;8;1;26;0;0;1;0;0;0;18;8
656;Totaal mannen en vrouwen;Totaal leeftijd;Sector zorg en welzijn;K Financiële dienstverlening;2017/'18;58;0;1;37;20;1;57;0;0;1;0;0;1;36;20
657;Totaal mannen en vrouwen;Totaal leeftijd;Sector zorg en welzijn;K Financiële dienstverlening;2018/'19;70;0;5;39;26;2;68;0;0;1;1;0;5;38;25
658;Totaal mannen en vrouwen;Totaal leeftijd;Sector zorg en welzijn;K Financiële dienstverlening;2019/'20;87;0;2;34;51;3;84;0;0;0;3;0;2;34;48
659;Totaal mannen en vrouwen;Totaal leeftijd;Sector zorg en welzijn;K Financiële dienstverlening;2020/'21;34;0;1;15;18;1;33;0;0;0;1;0;1;15;17
660;Totaal mannen en vrouwen;Totaal leeftijd;Sector zorg en welzijn;L Verhuur en handel van onroerend goed;2009/'10;48;0;7;23;18;9;39;0;1;6;2;0;6;17;16
661;Totaal mannen en vrouwen;Totaal leeftijd;Sector zorg en welzijn;L Verhuur en handel van onroerend goed;2010/'11;68;2;7;32;27;5;63;0;1;2;2;2;6;30;25
662;Totaal mannen en vrouwen;Totaal leeftijd;Sector zorg en welzijn;L Verhuur en handel van onroerend goed;2011/'12;17;0;2;10;5;4;13;0;0;4;0;0;2;6;5
663;Totaal mannen en vrouwen;Totaal leeftijd;Sector zorg en welzijn;L Verhuur en handel van onroerend goed;2012/'13;13;0;3;8;2;2;11;0;0;2;0;0;3;6;2
664;Totaal mannen en vrouwen;Totaal leeftijd;Sector zorg en welzijn;L Verhuur en handel van onroerend goed;2013/'14;6;1;1;1;3;3;3;1;1;0;1;0;0;1;2
665;Totaal mannen en vrouwen;Totaal leeftijd;Sector zorg en welzijn;L Verhuur en handel van onroerend goed;2014/'15;7;0;1;4;2;3;4;0;1;2;0;0;0;2;2
666;Totaal mannen en vrouwen;Totaal leeftijd;Sector zorg en welzijn;L Verhuur en handel van onroerend goed;2015/'16;3;0;0;1;2;1;2;0;0;0;1;0;0;1;1
667;Totaal mannen en vrouwen;Totaal leeftijd;Sector zorg en welzijn;L Verhuur en handel van onroerend goed;2016/'17;7;0;0;5;2;1;6;0;0;0;1;0;0;5;1
668;Totaal mannen en vrouwen;Totaal leeftijd;Sector zorg en welzijn;L Verhuur en handel van onroerend goed;2017/'18;15;0;2;7;6;0;15;0;0;0;0;0;2;7;6
669;Totaal mannen en vrouwen;Totaal leeftijd;Sector zorg en welzijn;L Verhuur en handel van onroerend goed;2018/'19;22;0;3;12;7;3;19;0;1;0;2;0;2;12;5
670;Totaal mannen en vrouwen;Totaal leeftijd;Sector zorg en welzijn;L Verhuur en handel van onroerend goed;2019/'20;24;0;2;7;15;0;24;0;0;0;0;0;2;7;15
671;Totaal mannen en vrouwen;Totaal leeftijd;Sector zorg en welzijn;L Verhuur en handel van onroerend goed;2020/'21;18;0;0;9;9;2;16;0;0;0;2;0;0;9;7
672;Totaal mannen en vrouwen;Totaal leeftijd;Sector zorg en welzijn;M-N Zakelijke dienstverlening;2009/'10;1290;55;397;466;372;513;777;25;195;143;150;30;202;323;222
673;Totaal mannen en vrouwen;Totaal leeftijd;Sector zorg en welzijn;M-N Zakelijke dienstverlening;2010/'11;919;63;257;308;291;376;543;26;129;79;142;37;128;229;149
674;Totaal mannen en vrouwen;Totaal leeftijd;Sector zorg en welzijn;M-N Zakelijke dienstverlening;2011/'12;772;62;250;287;173;237;535;10;106;49;72;52;144;238;101
675;Totaal mannen en vrouwen;Totaal leeftijd;Sector zorg en welzijn;M-N Zakelijke dienstverlening;2012/'13;684;24;194;263;203;233;451;14;93;38;88;10;101;225;115
676;Totaal mannen en vrouwen;Totaal leeftijd;Sector zorg en welzijn;M-N Zakelijke dienstverlening;2013/'14;336;10;105;94;127;141;195;6;55;19;61;4;50;75;66
677;Totaal mannen en vrouwen;Totaal leeftijd;Sector zorg en welzijn;M-N Zakelijke dienstverlening;2014/'15;196;7;53;57;79;93;103;5;29;21;38;2;24;36;41
678;Totaal mannen en vrouwen;Totaal leeftijd;Sector zorg en welzijn;M-N Zakelijke dienstverlening;2015/'16;186;4;37;63;82;79;107;0;18;20;41;4;19;43;41
679;Totaal mannen en vrouwen;Totaal leeftijd;Sector zorg en welzijn;M-N Zakelijke dienstverlening;2016/'17;330;3;68;133;126;87;243;3;13;12;59;0;55;121;67
680;Totaal mannen en vrouwen;Totaal leeftijd;Sector zorg en welzijn;M-N Zakelijke dienstverlening;2017/'18;568;0;83;297;188;106;462;0;18;25;63;0;65;272;125
681;Totaal mannen en vrouwen;Totaal leeftijd;Sector zorg en welzijn;M-N Zakelijke dienstverlening;2018/'19;848;0;171;387;290;111;737;0;18;17;76;0;153;370;214
682;Totaal mannen en vrouwen;Totaal leeftijd;Sector zorg en welzijn;M-N Zakelijke dienstverlening;2019/'20;882;0;201;347;334;103;779;0;16;19;68;0;185;328;266
683;Totaal mannen en vrouwen;Totaal leeftijd;Sector zorg en welzijn;M-N Zakelijke dienstverlening;2020/'21;844;0;164;322;358;149;695;0;32;18;99;0;132;304;259
684;Totaal mannen en vrouwen;Totaal leeftijd;Sector zorg en welzijn;O-Q Overheid en zorg;2009/'10;5503;296;1328;2303;1576;564;4939;1;126;193;244;295;1202;2110;1332
685;Totaal mannen en vrouwen;Totaal leeftijd;Sector zorg en welzijn;O-Q Overheid en zorg;2010/'11;4940;201;1011;1950;1778;460;4480;5;84;143;228;196;927;1807;1550
686;Totaal mannen en vrouwen;Totaal leeftijd;Sector zorg en welzijn;O-Q Overheid en zorg;2011/'12;4408;176;1273;1776;1183;381;4027;6;83;126;166;170;1190;1650;1017
687;Totaal mannen en vrouwen;Totaal leeftijd;Sector zorg en welzijn;O-Q Overheid en zorg;2012/'13;4048;154;1237;1609;1048;214;3834;5;63;55;91;149;1174;1554;957
688;Totaal mannen en vrouwen;Totaal leeftijd;Sector zorg en welzijn;O-Q Overheid en zorg;2013/'14;2679;47;793;1098;741;174;2505;5;31;42;96;42;762;1056;645
689;Totaal mannen en vrouwen;Totaal leeftijd;Sector zorg en welzijn;O-Q Overheid en zorg;2014/'15;1832;5;366;928;533;57;1775;2;11;9;35;3;355;919;498
690;Totaal mannen en vrouwen;Totaal leeftijd;Sector zorg en welzijn;O-Q Overheid en zorg;2015/'16;1768;7;261;979;521;56;1712;0;7;12;37;7;254;967;484
691;Totaal mannen en vrouwen;Totaal leeftijd;Sector zorg en welzijn;O-Q Overheid en zorg;2016/'17;3234;0;421;1651;1162;47;3187;0;8;15;24;0;413;1636;1138
692;Totaal mannen en vrouwen;Totaal leeftijd;Sector zorg en welzijn;O-Q Overheid en zorg;2017/'18;3101;0;462;1427;1212;57;3044;0;6;19;32;0;456;1408;1180
693;Totaal mannen en vrouwen;Totaal leeftijd;Sector zorg en welzijn;O-Q Overheid en zorg;2018/'19;3270;0;667;1247;1356;48;3222;0;9;10;29;0;658;1237;1327
694;Totaal mannen en vrouwen;Totaal leeftijd;Sector zorg en welzijn;O-Q Overheid en zorg;2019/'20;2836;0;611;962;1263;32;2804;0;4;3;25;0;607;959;1238
695;Totaal mannen en vrouwen;Totaal leeftijd;Sector zorg en welzijn;O-Q Overheid en zorg;2020/'21;2848;0;642;1005;1201;44;2804;0;6;4;34;0;636;1001;1167
696;Totaal mannen en vrouwen;Totaal leeftijd;Sector zorg en welzijn;R-U Cultuur, recreatie, overige diensten;2009/'10;270;3;68;113;86;106;164;1;36;35;34;2;32;78;52
697;Totaal mannen en vrouwen;Totaal leeftijd;Sector zorg en welzijn;R-U Cultuur, recreatie, overige diensten;2010/'11;260;6;59;97;98;87;173;1;21;26;39;5;38;71;59
698;Totaal mannen en vrouwen;Totaal leeftijd;Sector zorg en welzijn;R-U Cultuur, recreatie, overige diensten;2011/'12;240;7;53;95;85;55;185;1;14;18;22;6;39;77;63
699;Totaal mannen en vrouwen;Totaal leeftijd;Sector zorg en welzijn;R-U Cultuur, recreatie, overige diensten;2012/'13;252;27;56;91;78;51;201;0;16;9;26;27;40;82;52
700;Totaal mannen en vrouwen;Totaal leeftijd;Sector zorg en welzijn;R-U Cultuur, recreatie, overige diensten;2013/'14;120;20;16;40;44;27;93;2;4;4;17;18;12;36;27
701;Totaal mannen en vrouwen;Totaal leeftijd;Sector zorg en welzijn;R-U Cultuur, recreatie, overige diensten;2014/'15;73;17;13;18;25;25;48;1;3;5;16;16;10;13;9
702;Totaal mannen en vrouwen;Totaal leeftijd;Sector zorg en welzijn;R-U Cultuur, recreatie, overige diensten;2015/'16;61;0;18;22;21;11;50;0;2;3;6;0;16;19;15
703;Totaal mannen en vrouwen;Totaal leeftijd;Sector zorg en welzijn;R-U Cultuur, recreatie, overige diensten;2016/'17;95;0;13;48;34;21;74;0;4;5;12;0;9;43;22
704;Totaal mannen en vrouwen;Totaal leeftijd;Sector zorg en welzijn;R-U Cultuur, recreatie, overige diensten;2017/'18;197;0;11;114;72;21;176;0;1;5;15;0;10;109;57
705;Totaal mannen en vrouwen;Totaal leeftijd;Sector zorg en welzijn;R-U Cultuur, recreatie, overige diensten;2018/'19;297;0;34;149;114;20;277;0;3;3;14;0;31;146;100
706;Totaal mannen en vrouwen;Totaal leeftijd;Sector zorg en welzijn;R-U Cultuur, recreatie, overige diensten;2019/'20;297;0;47;122;128;19;278;0;3;3;13;0;44;119;115
707;Totaal mannen en vrouwen;Totaal leeftijd;Sector zorg en welzijn;R-U Cultuur, recreatie, overige diensten;2020/'21;353;0;47;177;129;21;332;0;2;6;13;0;45;171;116
708;Totaal mannen en vrouwen;Totaal leeftijd;Sector zorg en welzijn;SBI-code onbekend;2009/'10;235;4;88;79;64;120;115;1;71;21;27;3;17;58;37
709;Totaal mannen en vrouwen;Totaal leeftijd;Sector zorg en welzijn;SBI-code onbekend;2010/'11;168;5;40;64;59;48;120;0;17;10;21;5;23;54;38
710;Totaal mannen en vrouwen;Totaal leeftijd;Sector zorg en welzijn;SBI-code onbekend;2011/'12;155;7;24;84;40;37;118;1;7;11;18;6;17;73;22
711;Totaal mannen en vrouwen;Totaal leeftijd;Sector zorg en welzijn;SBI-code onbekend;2012/'13;160;2;29;69;60;43;117;1;11;7;24;1;18;62;36
712;Totaal mannen en vrouwen;Totaal leeftijd;Sector zorg en welzijn;SBI-code onbekend;2013/'14;99;1;14;39;45;19;80;0;3;6;10;1;11;33;35
713;Totaal mannen en vrouwen;Totaal leeftijd;Sector zorg en welzijn;SBI-code onbekend;2014/'15;41;2;8;14;17;5;36;0;4;0;1;2;4;14;16
714;Totaal mannen en vrouwen;Totaal leeftijd;Sector zorg en welzijn;SBI-code onbekend;2015/'16;17;2;0;7;8;4;13;2;0;0;2;0;0;7;6
715;Totaal mannen en vrouwen;Totaal leeftijd;Sector zorg en welzijn;SBI-code onbekend;2016/'17;24;0;1;12;11;2;22;0;0;1;1;0;1;11;10
716;Totaal mannen en vrouwen;Totaal leeftijd;Sector zorg en welzijn;SBI-code onbekend;2017/'18;40;0;6;23;11;2;38;0;1;0;1;0;5;23;10
717;Totaal mannen en vrouwen;Totaal leeftijd;Sector zorg en welzijn;SBI-code onbekend;2018/'19;55;0;12;31;12;3;52;0;0;0;3;0;12;31;9
718;Totaal mannen en vrouwen;Totaal leeftijd;Sector zorg en welzijn;SBI-code onbekend;2019/'20;39;0;5;21;13;1;38;0;1;0;0;0;4;21;13
719;Totaal mannen en vrouwen;Totaal leeftijd;Sector zorg en welzijn;SBI-code onbekend;2020/'21;33;0;5;17;11;4;29;0;0;2;2;0;5;15;9
720;Totaal mannen en vrouwen;Totaal leeftijd;Combinatie van sectoren;A-U Alle economische activiteiten;2009/'10;2309;2053;193;47;16;394;1915;382;12;0;0;1671;181;47;16
721;Totaal mannen en vrouwen;Totaal leeftijd;Combinatie van sectoren;A-U Alle economische activiteiten;2010/'11;2056;1933;105;15;3;284;1772;283;1;0;0;1650;104;15;3
722;Totaal mannen en vrouwen;Totaal leeftijd;Combinatie van sectoren;A-U Alle economische activiteiten;2011/'12;1822;1672;77;54;19;249;1573;232;4;0;13;1440;73;54;6
723;Totaal mannen en vrouwen;Totaal leeftijd;Combinatie van sectoren;A-U Alle economische activiteiten;2012/'13;1280;1237;25;0;18;289;991;270;1;0;18;967;24;0;0
724;Totaal mannen en vrouwen;Totaal leeftijd;Combinatie van sectoren;A-U Alle economische activiteiten;2013/'14;850;832;3;0;15;248;602;231;2;0;15;601;1;0;0
725;Totaal mannen en vrouwen;Totaal leeftijd;Combinatie van sectoren;A-U Alle economische activiteiten;2014/'15;447;428;3;1;15;132;315;113;3;1;15;315;0;0;0
726;Totaal mannen en vrouwen;Totaal leeftijd;Combinatie van sectoren;A-U Alle economische activiteiten;2015/'16;403;382;2;0;19;178;225;159;0;0;19;223;2;0;0
727;Totaal mannen en vrouwen;Totaal leeftijd;Combinatie van sectoren;A-U Alle economische activiteiten;2016/'17;769;769;0;0;0;238;531;238;0;0;0;531;0;0;0
728;Totaal mannen en vrouwen;Totaal leeftijd;Combinatie van sectoren;A-U Alle economische activiteiten;2017/'18;687;687;0;0;0;262;425;262;0;0;0;425;0;0;0
729;Totaal mannen en vrouwen;Totaal leeftijd;Combinatie van sectoren;A-U Alle economische activiteiten;2018/'19;996;978;18;0;0;417;579;413;4;0;0;565;14;0;0
730;Totaal mannen en vrouwen;Totaal leeftijd;Combinatie van sectoren;A-U Alle economische activiteiten;2019/'20;1237;1209;24;0;4;500;737;488;8;0;4;721;16;0;0
731;Totaal mannen en vrouwen;Totaal leeftijd;Combinatie van sectoren;A-U Alle economische activiteiten;2020/'21;1200;1169;26;1;4;674;526;658;11;1;4;511;15;0;0
732;Totaal mannen en vrouwen;Totaal leeftijd;Combinatie van sectoren;A Landbouw, bosbouw en visserij;2009/'10;8;8;0;0;0;5;3;5;0;0;0;3;0;0;0
733;Totaal mannen en vrouwen;Totaal leeftijd;Combinatie van sectoren;A Landbouw, bosbouw en visserij;2010/'11;6;6;0;0;0;5;1;5;0;0;0;1;0;0;0
734;Totaal mannen en vrouwen;Totaal leeftijd;Combinatie van sectoren;A Landbouw, bosbouw en visserij;2011/'12;4;4;0;0;0;4;0;4;0;0;0;0;0;0;0
735;Totaal mannen en vrouwen;Totaal leeftijd;Combinatie van sectoren;A Landbouw, bosbouw en visserij;2012/'13;2;2;0;0;0;1;1;1;0;0;0;1;0;0;0
736;Totaal mannen en vrouwen;Totaal leeftijd;Combinatie van sectoren;A Landbouw, bosbouw en visserij;2013/'14;4;4;0;0;0;2;2;2;0;0;0;2;0;0;0
737;Totaal mannen en vrouwen;Totaal leeftijd;Combinatie van sectoren;A Landbouw, bosbouw en visserij;2014/'15;3;3;0;0;0;2;1;2;0;0;0;1;0;0;0
738;Totaal mannen en vrouwen;Totaal leeftijd;Combinatie van sectoren;A Landbouw, bosbouw en visserij;2015/'16;7;7;0;0;0;4;3;4;0;0;0;3;0;0;0
739;Totaal mannen en vrouwen;Totaal leeftijd;Combinatie van sectoren;A Landbouw, bosbouw en visserij;2016/'17;5;5;0;0;0;2;3;2;0;0;0;3;0;0;0
740;Totaal mannen en vrouwen;Totaal leeftijd;Combinatie van sectoren;A Landbouw, bosbouw en visserij;2017/'18;10;10;0;0;0;3;7;3;0;0;0;7;0;0;0
741;Totaal mannen en vrouwen;Totaal leeftijd;Combinatie van sectoren;A Landbouw, bosbouw en visserij;2018/'19;9;9;0;0;0;2;7;2;0;0;0;7;0;0;0
742;Totaal mannen en vrouwen;Totaal leeftijd;Combinatie van sectoren;A Landbouw, bosbouw en visserij;2019/'20;12;12;0;0;0;7;5;7;0;0;0;5;0;0;0
743;Totaal mannen en vrouwen;Totaal leeftijd;Combinatie van sectoren;A Landbouw, bosbouw en visserij;2020/'21;9;7;2;0;0;4;5;4;0;0;0;3;2;0;0
744;Totaal mannen en vrouwen;Totaal leeftijd;Combinatie van sectoren;B-E Nijverheid (geen bouw) en energie;2009/'10;1210;1052;138;20;0;18;1192;16;2;0;0;1036;136;20;0
745;Totaal mannen en vrouwen;Totaal leeftijd;Combinatie van sectoren;B-E Nijverheid (geen bouw) en energie;2010/'11;1243;1209;27;6;1;12;1231;12;0;0;0;1197;27;6;1
746;Totaal mannen en vrouwen;Totaal leeftijd;Combinatie van sectoren;B-E Nijverheid (geen bouw) en energie;2011/'12;1070;1017;38;15;0;19;1051;19;0;0;0;998;38;15;0
747;Totaal mannen en vrouwen;Totaal leeftijd;Combinatie van sectoren;B-E Nijverheid (geen bouw) en energie;2012/'13;541;540;1;0;0;9;532;9;0;0;0;531;1;0;0
748;Totaal mannen en vrouwen;Totaal leeftijd;Combinatie van sectoren;B-E Nijverheid (geen bouw) en energie;2013/'14;253;252;0;0;1;8;245;7;0;0;1;245;0;0;0
749;Totaal mannen en vrouwen;Totaal leeftijd;Combinatie van sectoren;B-E Nijverheid (geen bouw) en energie;2014/'15;80;80;0;0;0;0;80;0;0;0;0;80;0;0;0
750;Totaal mannen en vrouwen;Totaal leeftijd;Combinatie van sectoren;B-E Nijverheid (geen bouw) en energie;2015/'16;83;83;0;0;0;8;75;8;0;0;0;75;0;0;0
751;Totaal mannen en vrouwen;Totaal leeftijd;Combinatie van sectoren;B-E Nijverheid (geen bouw) en energie;2016/'17;267;267;0;0;0;18;249;18;0;0;0;249;0;0;0
752;Totaal mannen en vrouwen;Totaal leeftijd;Combinatie van sectoren;B-E Nijverheid (geen bouw) en energie;2017/'18;99;99;0;0;0;7;92;7;0;0;0;92;0;0;0
753;Totaal mannen en vrouwen;Totaal leeftijd;Combinatie van sectoren;B-E Nijverheid (geen bouw) en energie;2018/'19;90;83;7;0;0;8;82;8;0;0;0;75;7;0;0
754;Totaal mannen en vrouwen;Totaal leeftijd;Combinatie van sectoren;B-E Nijverheid (geen bouw) en energie;2019/'20;142;141;1;0;0;23;119;23;0;0;0;118;1;0;0
755;Totaal mannen en vrouwen;Totaal leeftijd;Combinatie van sectoren;B-E Nijverheid (geen bouw) en energie;2020/'21;67;62;5;0;0;18;49;18;0;0;0;44;5;0;0
756;Totaal mannen en vrouwen;Totaal leeftijd;Combinatie van sectoren;F Bouwnijverheid;2009/'10;26;25;0;1;0;14;12;14;0;0;0;11;0;1;0
757;Totaal mannen en vrouwen;Totaal leeftijd;Combinatie van sectoren;F Bouwnijverheid;2010/'11;11;11;0;0;0;5;6;5;0;0;0;6;0;0;0
758;Totaal mannen en vrouwen;Totaal leeftijd;Combinatie van sectoren;F Bouwnijverheid;2011/'12;27;27;0;0;0;4;23;4;0;0;0;23;0;0;0
759;Totaal mannen en vrouwen;Totaal leeftijd;Combinatie van sectoren;F Bouwnijverheid;2012/'13;4;3;1;0;0;1;3;1;0;0;0;2;1;0;0
760;Totaal mannen en vrouwen;Totaal leeftijd;Combinatie van sectoren;F Bouwnijverheid;2013/'14;6;6;0;0;0;4;2;4;0;0;0;2;0;0;0
761;Totaal mannen en vrouwen;Totaal leeftijd;Combinatie van sectoren;F Bouwnijverheid;2014/'15;2;2;0;0;0;1;1;1;0;0;0;1;0;0;0
762;Totaal mannen en vrouwen;Totaal leeftijd;Combinatie van sectoren;F Bouwnijverheid;2015/'16;6;6;0;0;0;4;2;4;0;0;0;2;0;0;0
763;Totaal mannen en vrouwen;Totaal leeftijd;Combinatie van sectoren;F Bouwnijverheid;2016/'17;6;6;0;0;0;2;4;2;0;0;0;4;0;0;0
764;Totaal mannen en vrouwen;Totaal leeftijd;Combinatie van sectoren;F Bouwnijverheid;2017/'18;9;9;0;0;0;2;7;2;0;0;0;7;0;0;0
765;Totaal mannen en vrouwen;Totaal leeftijd;Combinatie van sectoren;F Bouwnijverheid;2018/'19;23;23;0;0;0;10;13;10;0;0;0;13;0;0;0
766;Totaal mannen en vrouwen;Totaal leeftijd;Combinatie van sectoren;F Bouwnijverheid;2019/'20;19;19;0;0;0;4;15;4;0;0;0;15;0;0;0
767;Totaal mannen en vrouwen;Totaal leeftijd;Combinatie van sectoren;F Bouwnijverheid;2020/'21;19;19;0;0;0;4;15;4;0;0;0;15;0;0;0
768;Totaal mannen en vrouwen;Totaal leeftijd;Combinatie van sectoren;G-I Handel, vervoer en horeca;2009/'10;269;209;34;11;15;129;140;127;2;0;0;82;32;11;15
769;Totaal mannen en vrouwen;Totaal leeftijd;Combinatie van sectoren;G-I Handel, vervoer en horeca;2010/'11;229;161;61;6;1;105;124;105;0;0;0;56;61;6;1
770;Totaal mannen en vrouwen;Totaal leeftijd;Combinatie van sectoren;G-I Handel, vervoer en horeca;2011/'12;185;150;16;8;11;98;87;86;3;0;9;64;13;8;2
771;Totaal mannen en vrouwen;Totaal leeftijd;Combinatie van sectoren;G-I Handel, vervoer en horeca;2012/'13;219;195;14;0;10;153;66;142;1;0;10;53;13;0;0
772;Totaal mannen en vrouwen;Totaal leeftijd;Combinatie van sectoren;G-I Handel, vervoer en horeca;2013/'14;162;151;2;0;9;127;35;116;2;0;9;35;0;0;0
773;Totaal mannen en vrouwen;Totaal leeftijd;Combinatie van sectoren;G-I Handel, vervoer en horeca;2014/'15;114;101;1;0;12;91;23;78;1;0;12;23;0;0;0
774;Totaal mannen en vrouwen;Totaal leeftijd;Combinatie van sectoren;G-I Handel, vervoer en horeca;2015/'16;141;124;2;0;15;102;39;87;0;0;15;37;2;0;0
775;Totaal mannen en vrouwen;Totaal leeftijd;Combinatie van sectoren;G-I Handel, vervoer en horeca;2016/'17;194;194;0;0;0;124;70;124;0;0;0;70;0;0;0
776;Totaal mannen en vrouwen;Totaal leeftijd;Combinatie van sectoren;G-I Handel, vervoer en horeca;2017/'18;233;233;0;0;0;152;81;152;0;0;0;81;0;0;0
777;Totaal mannen en vrouwen;Totaal leeftijd;Combinatie van sectoren;G-I Handel, vervoer en horeca;2018/'19;342;340;2;0;0;218;124;216;2;0;0;124;0;0;0
778;Totaal mannen en vrouwen;Totaal leeftijd;Combinatie van sectoren;G-I Handel, vervoer en horeca;2019/'20;407;398;5;0;4;237;170;229;4;0;4;169;1;0;0
779;Totaal mannen en vrouwen;Totaal leeftijd;Combinatie van sectoren;G-I Handel, vervoer en horeca;2020/'21;467;459;6;1;1;335;132;327;6;1;1;132;0;0;0
780;Totaal mannen en vrouwen;Totaal leeftijd;Combinatie van sectoren;J Informatie en communicatie;2009/'10;4;4;0;0;0;3;1;3;0;0;0;1;0;0;0
781;Totaal mannen en vrouwen;Totaal leeftijd;Combinatie van sectoren;J Informatie en communicatie;2010/'11;2;2;0;0;0;2;0;2;0;0;0;0;0;0;0
782;Totaal mannen en vrouwen;Totaal leeftijd;Combinatie van sectoren;J Informatie en communicatie;2011/'12;24;1;3;20;0;1;23;1;0;0;0;0;3;20;0
783;Totaal mannen en vrouwen;Totaal leeftijd;Combinatie van sectoren;J Informatie en communicatie;2012/'13;2;2;0;0;0;2;0;2;0;0;0;0;0;0;0
784;Totaal mannen en vrouwen;Totaal leeftijd;Combinatie van sectoren;J Informatie en communicatie;2013/'14;0;0;0;0;0;0;0;0;0;0;0;0;0;0;0
785;Totaal mannen en vrouwen;Totaal leeftijd;Combinatie van sectoren;J Informatie en communicatie;2014/'15;1;1;0;0;0;1;0;1;0;0;0;0;0;0;0
786;Totaal mannen en vrouwen;Totaal leeftijd;Combinatie van sectoren;J Informatie en communicatie;2015/'16;0;0;0;0;0;0;0;0;0;0;0;0;0;0;0
787;Totaal mannen en vrouwen;Totaal leeftijd;Combinatie van sectoren;J Informatie en communicatie;2016/'17;1;1;0;0;0;1;0;1;0;0;0;0;0;0;0
788;Totaal mannen en vrouwen;Totaal leeftijd;Combinatie van sectoren;J Informatie en communicatie;2017/'18;1;1;0;0;0;0;1;0;0;0;0;1;0;0;0
789;Totaal mannen en vrouwen;Totaal leeftijd;Combinatie van sectoren;J Informatie en communicatie;2018/'19;5;5;0;0;0;2;3;2;0;0;0;3;0;0;0
790;Totaal mannen en vrouwen;Totaal leeftijd;Combinatie van sectoren;J Informatie en communicatie;2019/'20;6;6;0;0;0;4;2;4;0;0;0;2;0;0;0
791;Totaal mannen en vrouwen;Totaal leeftijd;Combinatie van sectoren;J Informatie en communicatie;2020/'21;3;2;1;0;0;1;2;1;0;0;0;1;1;0;0
792;Totaal mannen en vrouwen;Totaal leeftijd;Combinatie van sectoren;K Financiële dienstverlening;2009/'10;2;2;0;0;0;2;0;2;0;0;0;0;0;0;0
793;Totaal mannen en vrouwen;Totaal leeftijd;Combinatie van sectoren;K Financiële dienstverlening;2010/'11;42;42;0;0;0;1;41;1;0;0;0;41;0;0;0
794;Totaal mannen en vrouwen;Totaal leeftijd;Combinatie van sectoren;K Financiële dienstverlening;2011/'12;7;3;4;0;0;0;7;0;0;0;0;3;4;0;0
795;Totaal mannen en vrouwen;Totaal leeftijd;Combinatie van sectoren;K Financiële dienstverlening;2012/'13;0;0;0;0;0;0;0;0;0;0;0;0;0;0;0
796;Totaal mannen en vrouwen;Totaal leeftijd;Combinatie van sectoren;K Financiële dienstverlening;2013/'14;0;0;0;0;0;0;0;0;0;0;0;0;0;0;0
797;Totaal mannen en vrouwen;Totaal leeftijd;Combinatie van sectoren;K Financiële dienstverlening;2014/'15;0;0;0;0;0;0;0;0;0;0;0;0;0;0;0
798;Totaal mannen en vrouwen;Totaal leeftijd;Combinatie van sectoren;K Financiële dienstverlening;2015/'16;0;0;0;0;0;0;0;0;0;0;0;0;0;0;0
799;Totaal mannen en vrouwen;Totaal leeftijd;Combinatie van sectoren;K Financiële dienstverlening;2016/'17;1;1;0;0;0;0;1;0;0;0;0;1;0;0;0
800;Totaal mannen en vrouwen;Totaal leeftijd;Combinatie van sectoren;K Financiële dienstverlening;2017/'18;2;2;0;0;0;0;2;0;0;0;0;2;0;0;0
801;Totaal mannen en vrouwen;Totaal leeftijd;Combinatie van sectoren;K Financiële dienstverlening;2018/'19;0;0;0;0;0;0;0;0;0;0;0;0;0;0;0
802;Totaal mannen en vrouwen;Totaal leeftijd;Combinatie van sectoren;K Financiële dienstverlening;2019/'20;5;5;0;0;0;2;3;2;0;0;0;3;0;0;0
803;Totaal mannen en vrouwen;Totaal leeftijd;Combinatie van sectoren;K Financiële dienstverlening;2020/'21;3;3;0;0;0;2;1;2;0;0;0;1;0;0;0
804;Totaal mannen en vrouwen;Totaal leeftijd;Combinatie van sectoren;L Verhuur en handel van onroerend goed;2009/'10;27;27;0;0;0;2;25;2;0;0;0;25;0;0;0
805;Totaal mannen en vrouwen;Totaal leeftijd;Combinatie van sectoren;L Verhuur en handel van onroerend goed;2010/'11;4;4;0;0;0;0;4;0;0;0;0;4;0;0;0
806;Totaal mannen en vrouwen;Totaal leeftijd;Combinatie van sectoren;L Verhuur en handel van onroerend goed;2011/'12;2;2;0;0;0;1;1;1;0;0;0;1;0;0;0
807;Totaal mannen en vrouwen;Totaal leeftijd;Combinatie van sectoren;L Verhuur en handel van onroerend goed;2012/'13;2;2;0;0;0;2;0;2;0;0;0;0;0;0;0
808;Totaal mannen en vrouwen;Totaal leeftijd;Combinatie van sectoren;L Verhuur en handel van onroerend goed;2013/'14;2;2;0;0;0;1;1;1;0;0;0;1;0;0;0
809;Totaal mannen en vrouwen;Totaal leeftijd;Combinatie van sectoren;L Verhuur en handel van onroerend goed;2014/'15;2;1;1;0;0;2;0;1;1;0;0;0;0;0;0
810;Totaal mannen en vrouwen;Totaal leeftijd;Combinatie van sectoren;L Verhuur en handel van onroerend goed;2015/'16;0;0;0;0;0;0;0;0;0;0;0;0;0;0;0
811;Totaal mannen en vrouwen;Totaal leeftijd;Combinatie van sectoren;L Verhuur en handel van onroerend goed;2016/'17;2;2;0;0;0;0;2;0;0;0;0;2;0;0;0
812;Totaal mannen en vrouwen;Totaal leeftijd;Combinatie van sectoren;L Verhuur en handel van onroerend goed;2017/'18;0;0;0;0;0;0;0;0;0;0;0;0;0;0;0
813;Totaal mannen en vrouwen;Totaal leeftijd;Combinatie van sectoren;L Verhuur en handel van onroerend goed;2018/'19;0;0;0;0;0;0;0;0;0;0;0;0;0;0;0
814;Totaal mannen en vrouwen;Totaal leeftijd;Combinatie van sectoren;L Verhuur en handel van onroerend goed;2019/'20;3;3;0;0;0;2;1;2;0;0;0;1;0;0;0
815;Totaal mannen en vrouwen;Totaal leeftijd;Combinatie van sectoren;L Verhuur en handel van onroerend goed;2020/'21;2;2;0;0;0;2;0;2;0;0;0;0;0;0;0
816;Totaal mannen en vrouwen;Totaal leeftijd;Combinatie van sectoren;M-N Zakelijke dienstverlening;2009/'10;410;384;20;5;1;177;233;169;8;0;0;215;12;5;1
817;Totaal mannen en vrouwen;Totaal leeftijd;Combinatie van sectoren;M-N Zakelijke dienstverlening;2010/'11;318;302;15;0;1;125;193;124;1;0;0;178;14;0;1
818;Totaal mannen en vrouwen;Totaal leeftijd;Combinatie van sectoren;M-N Zakelijke dienstverlening;2011/'12;264;236;14;8;6;87;177;82;1;0;4;154;13;8;2
819;Totaal mannen en vrouwen;Totaal leeftijd;Combinatie van sectoren;M-N Zakelijke dienstverlening;2012/'13;269;258;7;0;4;89;180;85;0;0;4;173;7;0;0
820;Totaal mannen en vrouwen;Totaal leeftijd;Combinatie van sectoren;M-N Zakelijke dienstverlening;2013/'14;216;210;1;0;5;85;131;80;0;0;5;130;1;0;0
821;Totaal mannen en vrouwen;Totaal leeftijd;Combinatie van sectoren;M-N Zakelijke dienstverlening;2014/'15;150;147;1;0;2;29;121;26;1;0;2;121;0;0;0
822;Totaal mannen en vrouwen;Totaal leeftijd;Combinatie van sectoren;M-N Zakelijke dienstverlening;2015/'16;129;125;0;0;4;48;81;44;0;0;4;81;0;0;0
823;Totaal mannen en vrouwen;Totaal leeftijd;Combinatie van sectoren;M-N Zakelijke dienstverlening;2016/'17;226;226;0;0;0;80;146;80;0;0;0;146;0;0;0
824;Totaal mannen en vrouwen;Totaal leeftijd;Combinatie van sectoren;M-N Zakelijke dienstverlening;2017/'18;235;235;0;0;0;85;150;85;0;0;0;150;0;0;0
825;Totaal mannen en vrouwen;Totaal leeftijd;Combinatie van sectoren;M-N Zakelijke dienstverlening;2018/'19;421;419;2;0;0;152;269;150;2;0;0;269;0;0;0
826;Totaal mannen en vrouwen;Totaal leeftijd;Combinatie van sectoren;M-N Zakelijke dienstverlening;2019/'20;469;463;6;0;0;199;270;195;4;0;0;268;2;0;0
827;Totaal mannen en vrouwen;Totaal leeftijd;Combinatie van sectoren;M-N Zakelijke dienstverlening;2020/'21;474;466;7;0;1;256;218;251;4;0;1;215;3;0;0
828;Totaal mannen en vrouwen;Totaal leeftijd;Combinatie van sectoren;O-Q Overheid en zorg;2009/'10;319;308;1;10;0;36;283;36;0;0;0;272;1;10;0
829;Totaal mannen en vrouwen;Totaal leeftijd;Combinatie van sectoren;O-Q Overheid en zorg;2010/'11;178;175;0;3;0;21;157;21;0;0;0;154;0;3;0
830;Totaal mannen en vrouwen;Totaal leeftijd;Combinatie van sectoren;O-Q Overheid en zorg;2011/'12;204;199;0;3;2;27;177;27;0;0;0;172;0;3;2
831;Totaal mannen en vrouwen;Totaal leeftijd;Combinatie van sectoren;O-Q Overheid en zorg;2012/'13;210;206;1;0;3;18;192;15;0;0;3;191;1;0;0
832;Totaal mannen en vrouwen;Totaal leeftijd;Combinatie van sectoren;O-Q Overheid en zorg;2013/'14;194;194;0;0;0;12;182;12;0;0;0;182;0;0;0
833;Totaal mannen en vrouwen;Totaal leeftijd;Combinatie van sectoren;O-Q Overheid en zorg;2014/'15;90;88;0;1;1;3;87;1;0;1;1;87;0;0;0
834;Totaal mannen en vrouwen;Totaal leeftijd;Combinatie van sectoren;O-Q Overheid en zorg;2015/'16;26;26;0;0;0;5;21;5;0;0;0;21;0;0;0
835;Totaal mannen en vrouwen;Totaal leeftijd;Combinatie van sectoren;O-Q Overheid en zorg;2016/'17;57;57;0;0;0;5;52;5;0;0;0;52;0;0;0
836;Totaal mannen en vrouwen;Totaal leeftijd;Combinatie van sectoren;O-Q Overheid en zorg;2017/'18;82;82;0;0;0;7;75;7;0;0;0;75;0;0;0
837;Totaal mannen en vrouwen;Totaal leeftijd;Combinatie van sectoren;O-Q Overheid en zorg;2018/'19;81;75;6;0;0;13;68;13;0;0;0;62;6;0;0
838;Totaal mannen en vrouwen;Totaal leeftijd;Combinatie van sectoren;O-Q Overheid en zorg;2019/'20;141;129;12;0;0;6;135;6;0;0;0;123;12;0;0
839;Totaal mannen en vrouwen;Totaal leeftijd;Combinatie van sectoren;O-Q Overheid en zorg;2020/'21;110;105;4;0;1;25;85;24;0;0;1;81;4;0;0
840;Totaal mannen en vrouwen;Totaal leeftijd;Combinatie van sectoren;R-U Cultuur, recreatie, overige diensten;2009/'10;22;22;0;0;0;5;17;5;0;0;0;17;0;0;0
841;Totaal mannen en vrouwen;Totaal leeftijd;Combinatie van sectoren;R-U Cultuur, recreatie, overige diensten;2010/'11;18;17;1;0;0;7;11;7;0;0;0;10;1;0;0
842;Totaal mannen en vrouwen;Totaal leeftijd;Combinatie van sectoren;R-U Cultuur, recreatie, overige diensten;2011/'12;28;27;1;0;0;6;22;6;0;0;0;21;1;0;0
843;Totaal mannen en vrouwen;Totaal leeftijd;Combinatie van sectoren;R-U Cultuur, recreatie, overige diensten;2012/'13;19;18;1;0;0;9;10;9;0;0;0;9;1;0;0
844;Totaal mannen en vrouwen;Totaal leeftijd;Combinatie van sectoren;R-U Cultuur, recreatie, overige diensten;2013/'14;8;8;0;0;0;7;1;7;0;0;0;1;0;0;0
845;Totaal mannen en vrouwen;Totaal leeftijd;Combinatie van sectoren;R-U Cultuur, recreatie, overige diensten;2014/'15;4;4;0;0;0;2;2;2;0;0;0;2;0;0;0
846;Totaal mannen en vrouwen;Totaal leeftijd;Combinatie van sectoren;R-U Cultuur, recreatie, overige diensten;2015/'16;6;6;0;0;0;4;2;4;0;0;0;2;0;0;0
847;Totaal mannen en vrouwen;Totaal leeftijd;Combinatie van sectoren;R-U Cultuur, recreatie, overige diensten;2016/'17;7;7;0;0;0;5;2;5;0;0;0;2;0;0;0
848;Totaal mannen en vrouwen;Totaal leeftijd;Combinatie van sectoren;R-U Cultuur, recreatie, overige diensten;2017/'18;14;14;0;0;0;5;9;5;0;0;0;9;0;0;0
849;Totaal mannen en vrouwen;Totaal leeftijd;Combinatie van sectoren;R-U Cultuur, recreatie, overige diensten;2018/'19;21;20;1;0;0;11;10;11;0;0;0;9;1;0;0
850;Totaal mannen en vrouwen;Totaal leeftijd;Combinatie van sectoren;R-U Cultuur, recreatie, overige diensten;2019/'20;27;27;0;0;0;14;13;14;0;0;0;13;0;0;0
851;Totaal mannen en vrouwen;Totaal leeftijd;Combinatie van sectoren;R-U Cultuur, recreatie, overige diensten;2020/'21;43;41;1;0;1;26;17;24;1;0;1;17;0;0;0
852;Totaal mannen en vrouwen;Totaal leeftijd;Combinatie van sectoren;SBI-code onbekend;2009/'10;12;12;0;0;0;3;9;3;0;0;0;9;0;0;0
853;Totaal mannen en vrouwen;Totaal leeftijd;Combinatie van sectoren;SBI-code onbekend;2010/'11;5;4;1;0;0;1;4;1;0;0;0;3;1;0;0
854;Totaal mannen en vrouwen;Totaal leeftijd;Combinatie van sectoren;SBI-code onbekend;2011/'12;7;6;1;0;0;2;5;2;0;0;0;4;1;0;0
855;Totaal mannen en vrouwen;Totaal leeftijd;Combinatie van sectoren;SBI-code onbekend;2012/'13;12;11;0;0;1;5;7;4;0;0;1;7;0;0;0
856;Totaal mannen en vrouwen;Totaal leeftijd;Combinatie van sectoren;SBI-code onbekend;2013/'14;5;5;0;0;0;2;3;2;0;0;0;3;0;0;0
857;Totaal mannen en vrouwen;Totaal leeftijd;Combinatie van sectoren;SBI-code onbekend;2014/'15;1;1;0;0;0;1;0;1;0;0;0;0;0;0;0
858;Totaal mannen en vrouwen;Totaal leeftijd;Combinatie van sectoren;SBI-code onbekend;2015/'16;5;5;0;0;0;3;2;3;0;0;0;2;0;0;0
859;Totaal mannen en vrouwen;Totaal leeftijd;Combinatie van sectoren;SBI-code onbekend;2016/'17;3;3;0;0;0;1;2;1;0;0;0;2;0;0;0
860;Totaal mannen en vrouwen;Totaal leeftijd;Combinatie van sectoren;SBI-code onbekend;2017/'18;2;2;0;0;0;1;1;1;0;0;0;1;0;0;0
861;Totaal mannen en vrouwen;Totaal leeftijd;Combinatie van sectoren;SBI-code onbekend;2018/'19;4;4;0;0;0;1;3;1;0;0;0;3;0;0;0
862;Totaal mannen en vrouwen;Totaal leeftijd;Combinatie van sectoren;SBI-code onbekend;2019/'20;6;6;0;0;0;2;4;2;0;0;0;4;0;0;0
863;Totaal mannen en vrouwen;Totaal leeftijd;Combinatie van sectoren;SBI-code onbekend;2020/'21;3;3;0;0;0;1;2;1;0;0;0;2;0;0;0
864;Totaal mannen en vrouwen;15 tot 20 jaar;Totaal;A-U Alle economische activiteiten;2009/'10;1713;292;623;273;525;1148;565;207;286;175;480;85;337;98;45
865;Totaal mannen en vrouwen;15 tot 20 jaar;Totaal;A-U Alle economische activiteiten;2010/'11;1464;227;506;263;468;964;500;133;225;181;425;94;281;82;43
866;Totaal mannen en vrouwen;15 tot 20 jaar;Totaal;A-U Alle economische activiteiten;2011/'12;1366;206;479;227;454;931;435;120;240;162;409;86;239;65;45
867;Totaal mannen en vrouwen;15 tot 20 jaar;Totaal;A-U Alle economische activiteiten;2012/'13;1359;243;412;218;486;996;363;172;212;146;466;71;200;72;20
868;Totaal mannen en vrouwen;15 tot 20 jaar;Totaal;A-U Alle economische activiteiten;2013/'14;1311;205;374;209;523;1027;284;152;226;164;485;53;148;45;38
869;Totaal mannen en vrouwen;15 tot 20 jaar;Totaal;A-U Alle economische activiteiten;2014/'15;1201;213;345;159;484;943;258;165;216;113;449;48;129;46;35
870;Totaal mannen en vrouwen;15 tot 20 jaar;Totaal;A-U Alle economische activiteiten;2015/'16;1292;230;359;207;496;1056;236;184;247;154;471;46;112;53;25
871;Totaal mannen en vrouwen;15 tot 20 jaar;Totaal;A-U Alle economische activiteiten;2016/'17;806;108;159;129;410;605;201;75;78;64;388;33;81;65;22
872;Totaal mannen en vrouwen;15 tot 20 jaar;Totaal;A-U Alle economische activiteiten;2017/'18;855;121;156;133;445;640;215;79;78;71;412;42;78;62;33
873;Totaal mannen en vrouwen;15 tot 20 jaar;Totaal;A-U Alle economische activiteiten;2018/'19;931;145;171;125;490;673;258;92;76;60;445;53;95;65;45
874;Totaal mannen en vrouwen;15 tot 20 jaar;Totaal;A-U Alle economische activiteiten;2019/'20;928;181;166;113;468;649;279;102;83;53;411;79;83;60;57
875;Totaal mannen en vrouwen;15 tot 20 jaar;Totaal;A-U Alle economische activiteiten;2020/'21;1042;211;146;120;565;786;256;153;77;49;507;58;69;71;58
876;Totaal mannen en vrouwen;15 tot 20 jaar;Totaal;A Landbouw, bosbouw en visserij;2009/'10;49;6;18;9;16;34;15;5;6;7;16;1;12;2;0
877;Totaal mannen en vrouwen;15 tot 20 jaar;Totaal;A Landbouw, bosbouw en visserij;2010/'11;38;6;17;7;8;17;21;2;6;3;6;4;11;4;2
878;Totaal mannen en vrouwen;15 tot 20 jaar;Totaal;A Landbouw, bosbouw en visserij;2011/'12;47;7;22;4;14;29;18;6;7;3;13;1;15;1;1
879;Totaal mannen en vrouwen;15 tot 20 jaar;Totaal;A Landbouw, bosbouw en visserij;2012/'13;41;6;14;7;14;22;19;1;5;3;13;5;9;4;1
880;Totaal mannen en vrouwen;15 tot 20 jaar;Totaal;A Landbouw, bosbouw en visserij;2013/'14;45;3;18;9;15;33;12;0;10;8;15;3;8;1;0
881;Totaal mannen en vrouwen;15 tot 20 jaar;Totaal;A Landbouw, bosbouw en visserij;2014/'15;26;5;4;4;13;22;4;3;3;3;13;2;1;1;0
882;Totaal mannen en vrouwen;15 tot 20 jaar;Totaal;A Landbouw, bosbouw en visserij;2015/'16;42;5;10;13;14;31;11;4;7;6;14;1;3;7;0
883;Totaal mannen en vrouwen;15 tot 20 jaar;Totaal;A Landbouw, bosbouw en visserij;2016/'17;18;2;2;5;9;13;5;2;2;2;7;0;0;3;2
884;Totaal mannen en vrouwen;15 tot 20 jaar;Totaal;A Landbouw, bosbouw en visserij;2017/'18;24;4;6;4;10;14;10;2;2;1;9;2;4;3;1
885;Totaal mannen en vrouwen;15 tot 20 jaar;Totaal;A Landbouw, bosbouw en visserij;2018/'19;20;3;3;3;11;14;6;1;2;1;10;2;1;2;1
886;Totaal mannen en vrouwen;15 tot 20 jaar;Totaal;A Landbouw, bosbouw en visserij;2019/'20;22;2;5;2;13;14;8;2;2;1;9;0;3;1;4
887;Totaal mannen en vrouwen;15 tot 20 jaar;Totaal;A Landbouw, bosbouw en visserij;2020/'21;21;5;2;4;10;15;6;3;0;3;9;2;2;1;1
888;Totaal mannen en vrouwen;15 tot 20 jaar;Totaal;B-E Nijverheid (geen bouw) en energie;2009/'10;93;24;34;12;23;34;59;6;5;6;17;18;29;6;6
889;Totaal mannen en vrouwen;15 tot 20 jaar;Totaal;B-E Nijverheid (geen bouw) en energie;2010/'11;56;21;23;5;7;18;38;3;6;4;5;18;17;1;2
890;Totaal mannen en vrouwen;15 tot 20 jaar;Totaal;B-E Nijverheid (geen bouw) en energie;2011/'12;61;25;19;6;11;34;27;11;9;5;9;14;10;1;2
891;Totaal mannen en vrouwen;15 tot 20 jaar;Totaal;B-E Nijverheid (geen bouw) en energie;2012/'13;49;14;16;5;14;27;22;4;7;3;13;10;9;2;1
892;Totaal mannen en vrouwen;15 tot 20 jaar;Totaal;B-E Nijverheid (geen bouw) en energie;2013/'14;51;15;17;6;13;28;23;6;6;5;11;9;11;1;2
893;Totaal mannen en vrouwen;15 tot 20 jaar;Totaal;B-E Nijverheid (geen bouw) en energie;2014/'15;35;11;12;1;11;19;16;4;5;1;9;7;7;0;2
894;Totaal mannen en vrouwen;15 tot 20 jaar;Totaal;B-E Nijverheid (geen bouw) en energie;2015/'16;42;13;13;3;13;26;16;8;6;1;11;5;7;2;2
895;Totaal mannen en vrouwen;15 tot 20 jaar;Totaal;B-E Nijverheid (geen bouw) en energie;2016/'17;25;7;5;8;5;19;6;6;3;5;5;1;2;3;0
896;Totaal mannen en vrouwen;15 tot 20 jaar;Totaal;B-E Nijverheid (geen bouw) en energie;2017/'18;22;8;2;5;7;8;14;2;0;2;4;6;2;3;3
897;Totaal mannen en vrouwen;15 tot 20 jaar;Totaal;B-E Nijverheid (geen bouw) en energie;2018/'19;30;4;5;7;14;15;15;0;1;2;12;4;4;5;2
898;Totaal mannen en vrouwen;15 tot 20 jaar;Totaal;B-E Nijverheid (geen bouw) en energie;2019/'20;42;13;9;7;13;20;22;2;4;3;11;11;5;4;2
899;Totaal mannen en vrouwen;15 tot 20 jaar;Totaal;B-E Nijverheid (geen bouw) en energie;2020/'21;35;7;3;7;18;25;10;5;1;3;16;2;2;4;2
900;Totaal mannen en vrouwen;15 tot 20 jaar;Totaal;F Bouwnijverheid;2009/'10;55;17;30;5;3;21;34;12;4;2;3;5;26;3;0
901;Totaal mannen en vrouwen;15 tot 20 jaar;Totaal;F Bouwnijverheid;2010/'11;37;9;19;6;3;14;23;3;5;3;3;6;14;3;0
902;Totaal mannen en vrouwen;15 tot 20 jaar;Totaal;F Bouwnijverheid;2011/'12;31;5;14;5;7;9;22;0;2;1;6;5;12;4;1
903;Totaal mannen en vrouwen;15 tot 20 jaar;Totaal;F Bouwnijverheid;2012/'13;31;6;18;3;4;13;18;1;6;2;4;5;12;1;0
904;Totaal mannen en vrouwen;15 tot 20 jaar;Totaal;F Bouwnijverheid;2013/'14;15;2;7;1;5;9;6;1;3;1;4;1;4;0;1
905;Totaal mannen en vrouwen;15 tot 20 jaar;Totaal;F Bouwnijverheid;2014/'15;18;5;9;0;4;10;8;2;4;0;4;3;5;0;0
906;Totaal mannen en vrouwen;15 tot 20 jaar;Totaal;F Bouwnijverheid;2015/'16;13;1;4;4;4;10;3;1;4;1;4;0;0;3;0
907;Totaal mannen en vrouwen;15 tot 20 jaar;Totaal;F Bouwnijverheid;2016/'17;15;2;4;4;5;5;10;0;0;1;4;2;4;3;1
908;Totaal mannen en vrouwen;15 tot 20 jaar;Totaal;F Bouwnijverheid;2017/'18;14;2;6;3;3;2;12;0;1;0;1;2;5;3;2
909;Totaal mannen en vrouwen;15 tot 20 jaar;Totaal;F Bouwnijverheid;2018/'19;17;3;6;2;6;8;9;1;1;0;6;2;5;2;0
910;Totaal mannen en vrouwen;15 tot 20 jaar;Totaal;F Bouwnijverheid;2019/'20;17;3;7;2;5;6;11;0;1;0;5;3;6;2;0
911;Totaal mannen en vrouwen;15 tot 20 jaar;Totaal;F Bouwnijverheid;2020/'21;27;6;12;4;5;6;21;2;2;1;1;4;10;3;4
912;Totaal mannen en vrouwen;15 tot 20 jaar;Totaal;G-I Handel, vervoer en horeca;2009/'10;942;140;347;145;310;655;287;105;171;94;285;35;176;51;25
913;Totaal mannen en vrouwen;15 tot 20 jaar;Totaal;G-I Handel, vervoer en horeca;2010/'11;906;122;313;172;299;628;278;82;155;118;273;40;158;54;26
914;Totaal mannen en vrouwen;15 tot 20 jaar;Totaal;G-I Handel, vervoer en horeca;2011/'12;857;112;301;154;290;617;240;68;166;113;270;44;135;41;20
915;Totaal mannen en vrouwen;15 tot 20 jaar;Totaal;G-I Handel, vervoer en horeca;2012/'13;932;161;284;150;337;704;228;122;150;106;326;39;134;44;11
916;Totaal mannen en vrouwen;15 tot 20 jaar;Totaal;G-I Handel, vervoer en horeca;2013/'14;939;134;265;158;382;761;178;109;169;125;358;25;96;33;24
917;Totaal mannen en vrouwen;15 tot 20 jaar;Totaal;G-I Handel, vervoer en horeca;2014/'15;895;142;260;124;369;718;177;120;168;88;342;22;92;36;27
918;Totaal mannen en vrouwen;15 tot 20 jaar;Totaal;G-I Handel, vervoer en horeca;2015/'16;925;157;259;146;363;763;162;125;180;116;342;32;79;30;21
919;Totaal mannen en vrouwen;15 tot 20 jaar;Totaal;G-I Handel, vervoer en horeca;2016/'17;598;68;116;90;324;457;141;49;58;43;307;19;58;47;17
920;Totaal mannen en vrouwen;15 tot 20 jaar;Totaal;G-I Handel, vervoer en horeca;2017/'18;580;69;108;96;307;451;129;50;58;58;285;19;50;38;22
921;Totaal mannen en vrouwen;15 tot 20 jaar;Totaal;G-I Handel, vervoer en horeca;2018/'19;611;84;101;76;350;454;157;54;44;35;321;30;57;41;29
922;Totaal mannen en vrouwen;15 tot 20 jaar;Totaal;G-I Handel, vervoer en horeca;2019/'20;624;109;104;84;327;457;167;65;55;42;295;44;49;42;32
923;Totaal mannen en vrouwen;15 tot 20 jaar;Totaal;G-I Handel, vervoer en horeca;2020/'21;672;121;84;78;389;517;155;91;50;28;348;30;34;50;41
924;Totaal mannen en vrouwen;15 tot 20 jaar;Totaal;J Informatie en communicatie;2009/'10;9;3;1;2;3;7;2;3;1;2;1;0;0;0;2
925;Totaal mannen en vrouwen;15 tot 20 jaar;Totaal;J Informatie en communicatie;2010/'11;8;1;1;2;4;6;2;1;0;1;4;0;1;1;0
926;Totaal mannen en vrouwen;15 tot 20 jaar;Totaal;J Informatie en communicatie;2011/'12;4;0;1;1;2;4;0;0;1;1;2;0;0;0;0
927;Totaal mannen en vrouwen;15 tot 20 jaar;Totaal;J Informatie en communicatie;2012/'13;4;1;2;0;1;3;1;1;1;0;1;0;1;0;0
928;Totaal mannen en vrouwen;15 tot 20 jaar;Totaal;J Informatie en communicatie;2013/'14;14;1;2;3;8;9;5;1;0;1;7;0;2;2;1
929;Totaal mannen en vrouwen;15 tot 20 jaar;Totaal;J Informatie en communicatie;2014/'15;3;1;0;0;2;3;0;1;0;0;2;0;0;0;0
930;Totaal mannen en vrouwen;15 tot 20 jaar;Totaal;J Informatie en communicatie;2015/'16;2;0;0;0;2;2;0;0;0;0;2;0;0;0;0
931;Totaal mannen en vrouwen;15 tot 20 jaar;Totaal;J Informatie en communicatie;2016/'17;2;0;0;0;2;2;0;0;0;0;2;0;0;0;0
932;Totaal mannen en vrouwen;15 tot 20 jaar;Totaal;J Informatie en communicatie;2017/'18;3;0;0;0;3;3;0;0;0;0;3;0;0;0;0
933;Totaal mannen en vrouwen;15 tot 20 jaar;Totaal;J Informatie en communicatie;2018/'19;9;2;0;1;6;7;2;1;0;0;6;1;0;1;0
934;Totaal mannen en vrouwen;15 tot 20 jaar;Totaal;J Informatie en communicatie;2019/'20;8;1;2;2;3;5;3;1;1;0;3;0;1;2;0
935;Totaal mannen en vrouwen;15 tot 20 jaar;Totaal;J Informatie en communicatie;2020/'21;4;0;1;0;3;3;1;0;0;0;3;0;1;0;0
936;Totaal mannen en vrouwen;15 tot 20 jaar;Totaal;K Financiële dienstverlening;2009/'10;2;0;0;2;0;2;0;0;0;2;0;0;0;0;0
937;Totaal mannen en vrouwen;15 tot 20 jaar;Totaal;K Financiële dienstverlening;2010/'11;2;0;1;1;0;1;1;0;0;1;0;0;1;0;0
938;Totaal mannen en vrouwen;15 tot 20 jaar;Totaal;K Financiële dienstverlening;2011/'12;3;0;2;1;0;2;1;0;1;1;0;0;1;0;0
939;Totaal mannen en vrouwen;15 tot 20 jaar;Totaal;K Financiële dienstverlening;2012/'13;0;0;0;0;0;0;0;0;0;0;0;0;0;0;0
940;Totaal mannen en vrouwen;15 tot 20 jaar;Totaal;K Financiële dienstverlening;2013/'14;6;0;2;0;4;4;2;0;1;0;3;0;1;0;1
941;Totaal mannen en vrouwen;15 tot 20 jaar;Totaal;K Financiële dienstverlening;2014/'15;1;0;0;0;1;0;1;0;0;0;0;0;0;0;1
942;Totaal mannen en vrouwen;15 tot 20 jaar;Totaal;K Financiële dienstverlening;2015/'16;3;0;1;1;1;3;0;0;1;1;1;0;0;0;0
943;Totaal mannen en vrouwen;15 tot 20 jaar;Totaal;K Financiële dienstverlening;2016/'17;0;0;0;0;0;0;0;0;0;0;0;0;0;0;0
944;Totaal mannen en vrouwen;15 tot 20 jaar;Totaal;K Financiële dienstverlening;2017/'18;3;2;0;0;1;1;2;0;0;0;1;2;0;0;0
945;Totaal mannen en vrouwen;15 tot 20 jaar;Totaal;K Financiële dienstverlening;2018/'19;1;0;0;1;0;0;1;0;0;0;0;0;0;1;0
946;Totaal mannen en vrouwen;15 tot 20 jaar;Totaal;K Financiële dienstverlening;2019/'20;1;0;0;0;1;1;0;0;0;0;1;0;0;0;0
947;Totaal mannen en vrouwen;15 tot 20 jaar;Totaal;K Financiële dienstverlening;2020/'21;3;1;0;0;2;3;0;1;0;0;2;0;0;0;0
948;Totaal mannen en vrouwen;15 tot 20 jaar;Totaal;L Verhuur en handel van onroerend goed;2009/'10;3;0;0;2;1;1;2;0;0;0;1;0;0;2;0
949;Totaal mannen en vrouwen;15 tot 20 jaar;Totaal;L Verhuur en handel van onroerend goed;2010/'11;4;0;1;2;1;1;3;0;0;0;1;0;1;2;0
950;Totaal mannen en vrouwen;15 tot 20 jaar;Totaal;L Verhuur en handel van onroerend goed;2011/'12;3;0;0;1;2;3;0;0;0;1;2;0;0;0;0
951;Totaal mannen en vrouwen;15 tot 20 jaar;Totaal;L Verhuur en handel van onroerend goed;2012/'13;2;0;0;1;1;1;1;0;0;0;1;0;0;1;0
952;Totaal mannen en vrouwen;15 tot 20 jaar;Totaal;L Verhuur en handel van onroerend goed;2013/'14;1;1;0;0;0;1;0;1;0;0;0;0;0;0;0
953;Totaal mannen en vrouwen;15 tot 20 jaar;Totaal;L Verhuur en handel van onroerend goed;2014/'15;4;1;1;1;1;3;1;1;1;0;1;0;0;1;0
954;Totaal mannen en vrouwen;15 tot 20 jaar;Totaal;L Verhuur en handel van onroerend goed;2015/'16;5;2;1;0;2;4;1;2;0;0;2;0;1;0;0
955;Totaal mannen en vrouwen;15 tot 20 jaar;Totaal;L Verhuur en handel van onroerend goed;2016/'17;0;0;0;0;0;0;0;0;0;0;0;0;0;0;0
956;Totaal mannen en vrouwen;15 tot 20 jaar;Totaal;L Verhuur en handel van onroerend goed;2017/'18;1;0;0;1;0;0;1;0;0;0;0;0;0;1;0
957;Totaal mannen en vrouwen;15 tot 20 jaar;Totaal;L Verhuur en handel van onroerend goed;2018/'19;0;0;0;0;0;0;0;0;0;0;0;0;0;0;0
958;Totaal mannen en vrouwen;15 tot 20 jaar;Totaal;L Verhuur en handel van onroerend goed;2019/'20;1;0;0;1;0;0;1;0;0;0;0;0;0;1;0
959;Totaal mannen en vrouwen;15 tot 20 jaar;Totaal;L Verhuur en handel van onroerend goed;2020/'21;3;0;0;0;3;3;0;0;0;0;3;0;0;0;0
960;Totaal mannen en vrouwen;15 tot 20 jaar;Totaal;M-N Zakelijke dienstverlening;2009/'10;419;78;154;66;121;304;115;57;84;46;117;21;70;20;4
961;Totaal mannen en vrouwen;15 tot 20 jaar;Totaal;M-N Zakelijke dienstverlening;2010/'11;263;47;87;31;98;182;81;28;38;25;91;19;49;6;7
962;Totaal mannen en vrouwen;15 tot 20 jaar;Totaal;M-N Zakelijke dienstverlening;2011/'12;227;41;76;28;82;155;72;26;35;20;74;15;41;8;8
963;Totaal mannen en vrouwen;15 tot 20 jaar;Totaal;M-N Zakelijke dienstverlening;2012/'13;201;40;60;30;71;157;44;33;34;19;71;7;26;11;0
964;Totaal mannen en vrouwen;15 tot 20 jaar;Totaal;M-N Zakelijke dienstverlening;2013/'14;154;36;40;19;59;122;32;26;26;14;56;10;14;5;3
965;Totaal mannen en vrouwen;15 tot 20 jaar;Totaal;M-N Zakelijke dienstverlening;2014/'15;150;32;45;23;50;114;36;24;25;17;48;8;20;6;2
966;Totaal mannen en vrouwen;15 tot 20 jaar;Totaal;M-N Zakelijke dienstverlening;2015/'16;197;40;53;33;71;164;33;34;37;24;69;6;16;9;2
967;Totaal mannen en vrouwen;15 tot 20 jaar;Totaal;M-N Zakelijke dienstverlening;2016/'17;114;26;27;16;45;84;30;16;15;9;44;10;12;7;1
968;Totaal mannen en vrouwen;15 tot 20 jaar;Totaal;M-N Zakelijke dienstverlening;2017/'18;159;33;32;14;80;123;36;23;16;8;76;10;16;6;4
969;Totaal mannen en vrouwen;15 tot 20 jaar;Totaal;M-N Zakelijke dienstverlening;2018/'19;194;45;45;29;75;140;54;32;23;19;66;13;22;10;9
970;Totaal mannen en vrouwen;15 tot 20 jaar;Totaal;M-N Zakelijke dienstverlening;2019/'20;165;45;32;10;78;112;53;29;15;5;63;16;17;5;15
971;Totaal mannen en vrouwen;15 tot 20 jaar;Totaal;M-N Zakelijke dienstverlening;2020/'21;203;56;38;19;90;155;48;42;19;10;84;14;19;9;6
972;Totaal mannen en vrouwen;15 tot 20 jaar;Totaal;O-Q Overheid en zorg;2009/'10;88;18;27;17;26;55;33;14;11;9;21;4;16;8;5
973;Totaal mannen en vrouwen;15 tot 20 jaar;Totaal;O-Q Overheid en zorg;2010/'11;97;16;31;22;28;60;37;11;9;16;24;5;22;6;4
974;Totaal mannen en vrouwen;15 tot 20 jaar;Totaal;O-Q Overheid en zorg;2011/'12;90;7;31;20;32;50;40;5;13;12;20;2;18;8;12
975;Totaal mannen en vrouwen;15 tot 20 jaar;Totaal;O-Q Overheid en zorg;2012/'13;61;9;9;12;31;38;23;6;4;4;24;3;5;8;7
976;Totaal mannen en vrouwen;15 tot 20 jaar;Totaal;O-Q Overheid en zorg;2013/'14;39;3;12;9;15;28;11;2;6;7;13;1;6;2;2
977;Totaal mannen en vrouwen;15 tot 20 jaar;Totaal;O-Q Overheid en zorg;2014/'15;33;9;8;3;13;23;10;4;6;1;12;5;2;2;1
978;Totaal mannen en vrouwen;15 tot 20 jaar;Totaal;O-Q Overheid en zorg;2015/'16;30;6;6;2;16;26;4;5;3;2;16;1;3;0;0
979;Totaal mannen en vrouwen;15 tot 20 jaar;Totaal;O-Q Overheid en zorg;2016/'17;12;2;2;3;5;7;5;1;0;2;4;1;2;1;1
980;Totaal mannen en vrouwen;15 tot 20 jaar;Totaal;O-Q Overheid en zorg;2017/'18;28;2;2;8;16;20;8;2;1;1;16;0;1;7;0
981;Totaal mannen en vrouwen;15 tot 20 jaar;Totaal;O-Q Overheid en zorg;2018/'19;22;0;2;4;16;16;6;0;1;1;14;0;1;3;2
982;Totaal mannen en vrouwen;15 tot 20 jaar;Totaal;O-Q Overheid en zorg;2019/'20;20;4;3;2;11;13;7;1;2;1;9;3;1;1;2
983;Totaal mannen en vrouwen;15 tot 20 jaar;Totaal;O-Q Overheid en zorg;2020/'21;38;7;1;3;27;30;8;3;1;0;26;4;0;3;1
984;Totaal mannen en vrouwen;15 tot 20 jaar;Totaal;R-U Cultuur, recreatie, overige diensten;2009/'10;50;5;10;13;22;33;17;4;3;7;19;1;7;6;3
985;Totaal mannen en vrouwen;15 tot 20 jaar;Totaal;R-U Cultuur, recreatie, overige diensten;2010/'11;49;5;12;15;17;34;15;3;5;10;16;2;7;5;1
986;Totaal mannen en vrouwen;15 tot 20 jaar;Totaal;R-U Cultuur, recreatie, overige diensten;2011/'12;39;7;12;7;13;26;13;3;6;5;12;4;6;2;1
987;Totaal mannen en vrouwen;15 tot 20 jaar;Totaal;R-U Cultuur, recreatie, overige diensten;2012/'13;36;6;9;10;11;29;7;4;5;9;11;2;4;1;0
988;Totaal mannen en vrouwen;15 tot 20 jaar;Totaal;R-U Cultuur, recreatie, overige diensten;2013/'14;43;10;11;3;19;28;15;6;5;2;15;4;6;1;4
989;Totaal mannen en vrouwen;15 tot 20 jaar;Totaal;R-U Cultuur, recreatie, overige diensten;2014/'15;32;3;6;3;20;28;4;3;4;3;18;0;2;0;2
990;Totaal mannen en vrouwen;15 tot 20 jaar;Totaal;R-U Cultuur, recreatie, overige diensten;2015/'16;32;5;12;5;10;26;6;4;9;3;10;1;3;2;0
991;Totaal mannen en vrouwen;15 tot 20 jaar;Totaal;R-U Cultuur, recreatie, overige diensten;2016/'17;19;1;3;3;12;15;4;1;0;2;12;0;3;1;0
992;Totaal mannen en vrouwen;15 tot 20 jaar;Totaal;R-U Cultuur, recreatie, overige diensten;2017/'18;20;1;0;2;17;17;3;0;0;1;16;1;0;1;1
993;Totaal mannen en vrouwen;15 tot 20 jaar;Totaal;R-U Cultuur, recreatie, overige diensten;2018/'19;25;4;9;2;10;18;7;3;4;2;9;1;5;0;1
994;Totaal mannen en vrouwen;15 tot 20 jaar;Totaal;R-U Cultuur, recreatie, overige diensten;2019/'20;27;3;4;3;17;21;6;2;3;1;15;1;1;2;2
995;Totaal mannen en vrouwen;15 tot 20 jaar;Totaal;R-U Cultuur, recreatie, overige diensten;2020/'21;34;8;5;4;17;27;7;6;4;3;14;2;1;1;3
996;Totaal mannen en vrouwen;15 tot 20 jaar;Totaal;SBI-code onbekend;2009/'10;3;1;2;0;0;2;1;1;1;0;0;0;1;0;0
997;Totaal mannen en vrouwen;15 tot 20 jaar;Totaal;SBI-code onbekend;2010/'11;4;0;1;0;3;3;1;0;1;0;2;0;0;0;1
998;Totaal mannen en vrouwen;15 tot 20 jaar;Totaal;SBI-code onbekend;2011/'12;4;2;1;0;1;2;2;1;0;0;1;1;1;0;0
999;Totaal mannen en vrouwen;15 tot 20 jaar;Totaal;SBI-code onbekend;2012/'13;2;0;0;0;2;2;0;0;0;0;2;0;0;0;0
1000;Totaal mannen en vrouwen;15 tot 20 jaar;Totaal;SBI-code onbekend;2013/'14;4;0;0;1;3;4;0;0;0;1;3;0;0;0;0
1001;Totaal mannen en vrouwen;15 tot 20 jaar;Totaal;SBI-code onbekend;2014/'15;4;4;0;0;0;3;1;3;0;0;0;1;0;0;0
1002;Totaal mannen en vrouwen;15 tot 20 jaar;Totaal;SBI-code onbekend;2015/'16;1;1;0;0;0;1;0;1;0;0;0;0;0;0;0
1003;Totaal mannen en vrouwen;15 tot 20 jaar;Totaal;SBI-code onbekend;2016/'17;3;0;0;0;3;3;0;0;0;0;3;0;0;0;0
1004;Totaal mannen en vrouwen;15 tot 20 jaar;Totaal;SBI-code onbekend;2017/'18;1;0;0;0;1;1;0;0;0;0;1;0;0;0;0
1005;Totaal mannen en vrouwen;15 tot 20 jaar;Totaal;SBI-code onbekend;2018/'19;2;0;0;0;2;1;1;0;0;0;1;0;0;0;1
1006;Totaal mannen en vrouwen;15 tot 20 jaar;Totaal;SBI-code onbekend;2019/'20;1;1;0;0;0;0;1;0;0;0;0;1;0;0;0
1007;Totaal mannen en vrouwen;15 tot 20 jaar;Totaal;SBI-code onbekend;2020/'21;2;0;0;1;1;2;0;0;0;1;1;0;0;0;0
1008;Totaal mannen en vrouwen;15 tot 20 jaar;Sector landbouw;A-U Alle economische activiteiten;2009/'10;83;21;32;8;22;50;33;6;16;6;22;15;16;2;0
1009;Totaal mannen en vrouwen;15 tot 20 jaar;Sector landbouw;A-U Alle economische activiteiten;2010/'11;66;24;19;9;14;30;36;4;9;3;14;20;10;6;0
1010;Totaal mannen en vrouwen;15 tot 20 jaar;Sector landbouw;A-U Alle economische activiteiten;2011/'12;91;24;24;12;31;60;31;7;15;10;28;17;9;2;3
1011;Totaal mannen en vrouwen;15 tot 20 jaar;Sector landbouw;A-U Alle economische activiteiten;2012/'13;67;11;16;14;26;45;22;1;7;11;26;10;9;3;0
1012;Totaal mannen en vrouwen;15 tot 20 jaar;Sector landbouw;A-U Alle economische activiteiten;2013/'14;70;12;13;13;32;52;18;3;6;11;32;9;7;2;0
1013;Totaal mannen en vrouwen;15 tot 20 jaar;Sector landbouw;A-U Alle economische activiteiten;2014/'15;64;9;7;14;34;55;9;3;7;11;34;6;0;3;0
1014;Totaal mannen en vrouwen;15 tot 20 jaar;Sector landbouw;A-U Alle economische activiteiten;2015/'16;75;12;15;22;26;53;22;3;12;14;24;9;3;8;2
1015;Totaal mannen en vrouwen;15 tot 20 jaar;Sector landbouw;A-U Alle economische activiteiten;2016/'17;31;0;9;4;18;23;8;0;4;1;18;0;5;3;0
1016;Totaal mannen en vrouwen;15 tot 20 jaar;Sector landbouw;A-U Alle economische activiteiten;2017/'18;42;0;4;9;29;33;9;0;2;4;27;0;2;5;2
1017;Totaal mannen en vrouwen;15 tot 20 jaar;Sector landbouw;A-U Alle economische activiteiten;2018/'19;29;0;6;4;19;23;6;0;2;2;19;0;4;2;0
1018;Totaal mannen en vrouwen;15 tot 20 jaar;Sector landbouw;A-U Alle economische activiteiten;2019/'20;33;0;6;4;23;26;7;0;3;2;21;0;3;2;2
1019;Totaal mannen en vrouwen;15 tot 20 jaar;Sector landbouw;A-U Alle economische activiteiten;2020/'21;34;6;4;2;22;27;7;1;4;0;22;5;0;2;0
1020;Totaal mannen en vrouwen;15 tot 20 jaar;Sector landbouw;A Landbouw, bosbouw en visserij;2009/'10;10;2;3;2;3;7;3;2;0;2;3;0;3;0;0
1021;Totaal mannen en vrouwen;15 tot 20 jaar;Sector landbouw;A Landbouw, bosbouw en visserij;2010/'11;1;0;0;0;1;1;0;0;0;0;1;0;0;0;0
1022;Totaal mannen en vrouwen;15 tot 20 jaar;Sector landbouw;A Landbouw, bosbouw en visserij;2011/'12;9;1;4;1;3;5;4;1;1;1;2;0;3;0;1
1023;Totaal mannen en vrouwen;15 tot 20 jaar;Sector landbouw;A Landbouw, bosbouw en visserij;2012/'13;9;1;4;2;2;5;4;0;2;1;2;1;2;1;0
1024;Totaal mannen en vrouwen;15 tot 20 jaar;Sector landbouw;A Landbouw, bosbouw en visserij;2013/'14;5;0;2;3;0;2;3;0;0;2;0;0;2;1;0
1025;Totaal mannen en vrouwen;15 tot 20 jaar;Sector landbouw;A Landbouw, bosbouw en visserij;2014/'15;5;0;0;3;2;4;1;0;0;2;2;0;0;1;0
1026;Totaal mannen en vrouwen;15 tot 20 jaar;Sector landbouw;A Landbouw, bosbouw en visserij;2015/'16;11;1;0;6;4;5;6;0;0;1;4;1;0;5;0
1027;Totaal mannen en vrouwen;15 tot 20 jaar;Sector landbouw;A Landbouw, bosbouw en visserij;2016/'17;2;0;0;0;2;2;0;0;0;0;2;0;0;0;0
1028;Totaal mannen en vrouwen;15 tot 20 jaar;Sector landbouw;A Landbouw, bosbouw en visserij;2017/'18;8;0;2;2;4;4;4;0;1;0;3;0;1;2;1
1029;Totaal mannen en vrouwen;15 tot 20 jaar;Sector landbouw;A Landbouw, bosbouw en visserij;2018/'19;3;0;0;1;2;3;0;0;0;1;2;0;0;0;0
1030;Totaal mannen en vrouwen;15 tot 20 jaar;Sector landbouw;A Landbouw, bosbouw en visserij;2019/'20;2;0;0;0;2;2;0;0;0;0;2;0;0;0;0
1031;Totaal mannen en vrouwen;15 tot 20 jaar;Sector landbouw;A Landbouw, bosbouw en visserij;2020/'21;3;0;0;1;2;2;1;0;0;0;2;0;0;1;0
1032;Totaal mannen en vrouwen;15 tot 20 jaar;Sector landbouw;B-E Nijverheid (geen bouw) en energie;2009/'10;11;8;2;0;1;1;10;0;0;0;1;8;2;0;0
1033;Totaal mannen en vrouwen;15 tot 20 jaar;Sector landbouw;B-E Nijverheid (geen bouw) en energie;2010/'11;13;11;2;0;0;1;12;0;1;0;0;11;1;0;0
1034;Totaal mannen en vrouwen;15 tot 20 jaar;Sector landbouw;B-E Nijverheid (geen bouw) en energie;2011/'12;14;11;2;0;1;4;10;1;2;0;1;10;0;0;0
1035;Totaal mannen en vrouwen;15 tot 20 jaar;Sector landbouw;B-E Nijverheid (geen bouw) en energie;2012/'13;8;6;2;0;0;1;7;0;1;0;0;6;1;0;0
1036;Totaal mannen en vrouwen;15 tot 20 jaar;Sector landbouw;B-E Nijverheid (geen bouw) en energie;2013/'14;11;8;1;1;1;3;8;1;0;1;1;7;1;0;0
1037;Totaal mannen en vrouwen;15 tot 20 jaar;Sector landbouw;B-E Nijverheid (geen bouw) en energie;2014/'15;6;3;0;0;3;3;3;0;0;0;3;3;0;0;0
1038;Totaal mannen en vrouwen;15 tot 20 jaar;Sector landbouw;B-E Nijverheid (geen bouw) en energie;2015/'16;5;3;1;0;1;2;3;0;1;0;1;3;0;0;0
1039;Totaal mannen en vrouwen;15 tot 20 jaar;Sector landbouw;B-E Nijverheid (geen bouw) en energie;2016/'17;2;0;0;1;1;2;0;0;0;1;1;0;0;0;0
1040;Totaal mannen en vrouwen;15 tot 20 jaar;Sector landbouw;B-E Nijverheid (geen bouw) en energie;2017/'18;2;0;0;1;1;2;0;0;0;1;1;0;0;0;0
1041;Totaal mannen en vrouwen;15 tot 20 jaar;Sector landbouw;B-E Nijverheid (geen bouw) en energie;2018/'19;1;0;0;0;1;1;0;0;0;0;1;0;0;0;0
1042;Totaal mannen en vrouwen;15 tot 20 jaar;Sector landbouw;B-E Nijverheid (geen bouw) en energie;2019/'20;0;0;0;0;0;0;0;0;0;0;0;0;0;0;0
1043;Totaal mannen en vrouwen;15 tot 20 jaar;Sector landbouw;B-E Nijverheid (geen bouw) en energie;2020/'21;1;0;0;0;1;1;0;0;0;0;1;0;0;0;0
1044;Totaal mannen en vrouwen;15 tot 20 jaar;Sector landbouw;F Bouwnijverheid;2009/'10;0;0;0;0;0;0;0;0;0;0;0;0;0;0;0
1045;Totaal mannen en vrouwen;15 tot 20 jaar;Sector landbouw;F Bouwnijverheid;2010/'11;3;3;0;0;0;1;2;1;0;0;0;2;0;0;0
1046;Totaal mannen en vrouwen;15 tot 20 jaar;Sector landbouw;F Bouwnijverheid;2011/'12;1;0;0;0;1;1;0;0;0;0;1;0;0;0;0
1047;Totaal mannen en vrouwen;15 tot 20 jaar;Sector landbouw;F Bouwnijverheid;2012/'13;1;0;0;1;0;1;0;0;0;1;0;0;0;0;0
1048;Totaal mannen en vrouwen;15 tot 20 jaar;Sector landbouw;F Bouwnijverheid;2013/'14;2;1;0;0;1;1;1;0;0;0;1;1;0;0;0
1049;Totaal mannen en vrouwen;15 tot 20 jaar;Sector landbouw;F Bouwnijverheid;2014/'15;1;0;1;0;0;1;0;0;1;0;0;0;0;0;0
1050;Totaal mannen en vrouwen;15 tot 20 jaar;Sector landbouw;F Bouwnijverheid;2015/'16;1;0;0;0;1;1;0;0;0;0;1;0;0;0;0
1051;Totaal mannen en vrouwen;15 tot 20 jaar;Sector landbouw;F Bouwnijverheid;2016/'17;1;0;0;1;0;0;1;0;0;0;0;0;0;1;0
1052;Totaal mannen en vrouwen;15 tot 20 jaar;Sector landbouw;F Bouwnijverheid;2017/'18;0;0;0;0;0;0;0;0;0;0;0;0;0;0;0
1053;Totaal mannen en vrouwen;15 tot 20 jaar;Sector landbouw;F Bouwnijverheid;2018/'19;0;0;0;0;0;0;0;0;0;0;0;0;0;0;0
1054;Totaal mannen en vrouwen;15 tot 20 jaar;Sector landbouw;F Bouwnijverheid;2019/'20;0;0;0;0;0;0;0;0;0;0;0;0;0;0;0
1055;Totaal mannen en vrouwen;15 tot 20 jaar;Sector landbouw;F Bouwnijverheid;2020/'21;0;0;0;0;0;0;0;0;0;0;0;0;0;0;0
1056;Totaal mannen en vrouwen;15 tot 20 jaar;Sector landbouw;G-I Handel, vervoer en horeca;2009/'10;29;5;15;1;8;20;9;3;8;1;8;2;7;0;0
1057;Totaal mannen en vrouwen;15 tot 20 jaar;Sector landbouw;G-I Handel, vervoer en horeca;2010/'11;32;6;13;3;10;21;11;3;6;2;10;3;7;1;0
1058;Totaal mannen en vrouwen;15 tot 20 jaar;Sector landbouw;G-I Handel, vervoer en horeca;2011/'12;41;5;12;7;17;35;6;2;10;7;16;3;2;0;1
1059;Totaal mannen en vrouwen;15 tot 20 jaar;Sector landbouw;G-I Handel, vervoer en horeca;2012/'13;34;2;9;7;16;26;8;0;4;6;16;2;5;1;0
1060;Totaal mannen en vrouwen;15 tot 20 jaar;Sector landbouw;G-I Handel, vervoer en horeca;2013/'14;42;2;5;9;26;41;1;2;5;8;26;0;0;1;0
1061;Totaal mannen en vrouwen;15 tot 20 jaar;Sector landbouw;G-I Handel, vervoer en horeca;2014/'15;38;3;3;8;24;35;3;1;3;7;24;2;0;1;0
1062;Totaal mannen en vrouwen;15 tot 20 jaar;Sector landbouw;G-I Handel, vervoer en horeca;2015/'16;42;3;11;12;16;33;9;1;9;9;14;2;2;3;2
1063;Totaal mannen en vrouwen;15 tot 20 jaar;Sector landbouw;G-I Handel, vervoer en horeca;2016/'17;20;0;5;2;13;17;3;0;4;0;13;0;1;2;0
1064;Totaal mannen en vrouwen;15 tot 20 jaar;Sector landbouw;G-I Handel, vervoer en horeca;2017/'18;18;0;1;4;13;16;2;0;1;2;13;0;0;2;0
1065;Totaal mannen en vrouwen;15 tot 20 jaar;Sector landbouw;G-I Handel, vervoer en horeca;2018/'19;13;0;2;0;11;12;1;0;1;0;11;0;1;0;0
1066;Totaal mannen en vrouwen;15 tot 20 jaar;Sector landbouw;G-I Handel, vervoer en horeca;2019/'20;21;0;2;2;17;18;3;0;1;1;16;0;1;1;1
1067;Totaal mannen en vrouwen;15 tot 20 jaar;Sector landbouw;G-I Handel, vervoer en horeca;2020/'21;18;3;2;1;12;15;3;1;2;0;12;2;0;1;0
1068;Totaal mannen en vrouwen;15 tot 20 jaar;Sector landbouw;J Informatie en communicatie;2009/'10;0;0;0;0;0;0;0;0;0;0;0;0;0;0;0
1069;Totaal mannen en vrouwen;15 tot 20 jaar;Sector landbouw;J Informatie en communicatie;2010/'11;0;0;0;0;0;0;0;0;0;0;0;0;0;0;0
1070;Totaal mannen en vrouwen;15 tot 20 jaar;Sector landbouw;J Informatie en communicatie;2011/'12;0;0;0;0;0;0;0;0;0;0;0;0;0;0;0
1071;Totaal mannen en vrouwen;15 tot 20 jaar;Sector landbouw;J Informatie en communicatie;2012/'13;0;0;0;0;0;0;0;0;0;0;0;0;0;0;0
1072;Totaal mannen en vrouwen;15 tot 20 jaar;Sector landbouw;J Informatie en communicatie;2013/'14;0;0;0;0;0;0;0;0;0;0;0;0;0;0;0
1073;Totaal mannen en vrouwen;15 tot 20 jaar;Sector landbouw;J Informatie en communicatie;2014/'15;0;0;0;0;0;0;0;0;0;0;0;0;0;0;0
1074;Totaal mannen en vrouwen;15 tot 20 jaar;Sector landbouw;J Informatie en communicatie;2015/'16;0;0;0;0;0;0;0;0;0;0;0;0;0;0;0
1075;Totaal mannen en vrouwen;15 tot 20 jaar;Sector landbouw;J Informatie en communicatie;2016/'17;0;0;0;0;0;0;0;0;0;0;0;0;0;0;0
1076;Totaal mannen en vrouwen;15 tot 20 jaar;Sector landbouw;J Informatie en communicatie;2017/'18;0;0;0;0;0;0;0;0;0;0;0;0;0;0;0
1077;Totaal mannen en vrouwen;15 tot 20 jaar;Sector landbouw;J Informatie en communicatie;2018/'19;0;0;0;0;0;0;0;0;0;0;0;0;0;0;0
1078;Totaal mannen en vrouwen;15 tot 20 jaar;Sector landbouw;J Informatie en communicatie;2019/'20;0;0;0;0;0;0;0;0;0;0;0;0;0;0;0
1079;Totaal mannen en vrouwen;15 tot 20 jaar;Sector landbouw;J Informatie en communicatie;2020/'21;0;0;0;0;0;0;0;0;0;0;0;0;0;0;0
1080;Totaal mannen en vrouwen;15 tot 20 jaar;Sector landbouw;K Financiële dienstverlening;2009/'10;0;0;0;0;0;0;0;0;0;0;0;0;0;0;0
1081;Totaal mannen en vrouwen;15 tot 20 jaar;Sector landbouw;K Financiële dienstverlening;2010/'11;0;0;0;0;0;0;0;0;0;0;0;0;0;0;0
1082;Totaal mannen en vrouwen;15 tot 20 jaar;Sector landbouw;K Financiële dienstverlening;2011/'12;0;0;0;0;0;0;0;0;0;0;0;0;0;0;0
1083;Totaal mannen en vrouwen;15 tot 20 jaar;Sector landbouw;K Financiële dienstverlening;2012/'13;0;0;0;0;0;0;0;0;0;0;0;0;0;0;0
1084;Totaal mannen en vrouwen;15 tot 20 jaar;Sector landbouw;K Financiële dienstverlening;2013/'14;0;0;0;0;0;0;0;0;0;0;0;0;0;0;0
1085;Totaal mannen en vrouwen;15 tot 20 jaar;Sector landbouw;K Financiële dienstverlening;2014/'15;0;0;0;0;0;0;0;0;0;0;0;0;0;0;0
1086;Totaal mannen en vrouwen;15 tot 20 jaar;Sector landbouw;K Financiële dienstverlening;2015/'16;0;0;0;0;0;0;0;0;0;0;0;0;0;0;0
1087;Totaal mannen en vrouwen;15 tot 20 jaar;Sector landbouw;K Financiële dienstverlening;2016/'17;0;0;0;0;0;0;0;0;0;0;0;0;0;0;0
1088;Totaal mannen en vrouwen;15 tot 20 jaar;Sector landbouw;K Financiële dienstverlening;2017/'18;0;0;0;0;0;0;0;0;0;0;0;0;0;0;0
1089;Totaal mannen en vrouwen;15 tot 20 jaar;Sector landbouw;K Financiële dienstverlening;2018/'19;0;0;0;0;0;0;0;0;0;0;0;0;0;0;0
1090;Totaal mannen en vrouwen;15 tot 20 jaar;Sector landbouw;K Financiële dienstverlening;2019/'20;0;0;0;0;0;0;0;0;0;0;0;0;0;0;0
1091;Totaal mannen en vrouwen;15 tot 20 jaar;Sector landbouw;K Financiële dienstverlening;2020/'21;0;0;0;0;0;0;0;0;0;0;0;0;0;0;0
1092;Totaal mannen en vrouwen;15 tot 20 jaar;Sector landbouw;L Verhuur en handel van onroerend goed;2009/'10;0;0;0;0;0;0;0;0;0;0;0;0;0;0;0
1093;Totaal mannen en vrouwen;15 tot 20 jaar;Sector landbouw;L Verhuur en handel van onroerend goed;2010/'11;0;0;0;0;0;0;0;0;0;0;0;0;0;0;0
1094;Totaal mannen en vrouwen;15 tot 20 jaar;Sector landbouw;L Verhuur en handel van onroerend goed;2011/'12;1;0;0;1;0;1;0;0;0;1;0;0;0;0;0
1095;Totaal mannen en vrouwen;15 tot 20 jaar;Sector landbouw;L Verhuur en handel van onroerend goed;2012/'13;1;0;0;1;0;0;1;0;0;0;0;0;0;1;0
1096;Totaal mannen en vrouwen;15 tot 20 jaar;Sector landbouw;L Verhuur en handel van onroerend goed;2013/'14;0;0;0;0;0;0;0;0;0;0;0;0;0;0;0
1097;Totaal mannen en vrouwen;15 tot 20 jaar;Sector landbouw;L Verhuur en handel van onroerend goed;2014/'15;0;0;0;0;0;0;0;0;0;0;0;0;0;0;0
1098;Totaal mannen en vrouwen;15 tot 20 jaar;Sector landbouw;L Verhuur en handel van onroerend goed;2015/'16;0;0;0;0;0;0;0;0;0;0;0;0;0;0;0
1099;Totaal mannen en vrouwen;15 tot 20 jaar;Sector landbouw;L Verhuur en handel van onroerend goed;2016/'17;0;0;0;0;0;0;0;0;0;0;0;0;0;0;0
1100;Totaal mannen en vrouwen;15 tot 20 jaar;Sector landbouw;L Verhuur en handel van onroerend goed;2017/'18;0;0;0;0;0;0;0;0;0;0;0;0;0;0;0
1101;Totaal mannen en vrouwen;15 tot 20 jaar;Sector landbouw;L Verhuur en handel van onroerend goed;2018/'19;0;0;0;0;0;0;0;0;0;0;0;0;0;0;0
1102;Totaal mannen en vrouwen;15 tot 20 jaar;Sector landbouw;L Verhuur en handel van onroerend goed;2019/'20;0;0;0;0;0;0;0;0;0;0;0;0;0;0;0
1103;Totaal mannen en vrouwen;15 tot 20 jaar;Sector landbouw;L Verhuur en handel van onroerend goed;2020/'21;0;0;0;0;0;0;0;0;0;0;0;0;0;0;0
1104;Totaal mannen en vrouwen;15 tot 20 jaar;Sector landbouw;M-N Zakelijke dienstverlening;2009/'10;29;4;11;5;9;21;8;1;8;3;9;3;3;2;0
1105;Totaal mannen en vrouwen;15 tot 20 jaar;Sector landbouw;M-N Zakelijke dienstverlening;2010/'11;12;1;4;4;3;6;6;0;2;1;3;1;2;3;0
1106;Totaal mannen en vrouwen;15 tot 20 jaar;Sector landbouw;M-N Zakelijke dienstverlening;2011/'12;19;7;5;3;4;9;10;3;1;1;4;4;4;2;0
1107;Totaal mannen en vrouwen;15 tot 20 jaar;Sector landbouw;M-N Zakelijke dienstverlening;2012/'13;9;1;1;1;6;7;2;0;0;1;6;1;1;0;0
1108;Totaal mannen en vrouwen;15 tot 20 jaar;Sector landbouw;M-N Zakelijke dienstverlening;2013/'14;7;0;4;0;3;4;3;0;1;0;3;0;3;0;0
1109;Totaal mannen en vrouwen;15 tot 20 jaar;Sector landbouw;M-N Zakelijke dienstverlening;2014/'15;11;1;3;3;4;10;1;1;3;2;4;0;0;1;0
1110;Totaal mannen en vrouwen;15 tot 20 jaar;Sector landbouw;M-N Zakelijke dienstverlening;2015/'16;10;3;2;4;1;7;3;1;1;4;1;2;1;0;0
1111;Totaal mannen en vrouwen;15 tot 20 jaar;Sector landbouw;M-N Zakelijke dienstverlening;2016/'17;4;0;3;0;1;1;3;0;0;0;1;0;3;0;0
1112;Totaal mannen en vrouwen;15 tot 20 jaar;Sector landbouw;M-N Zakelijke dienstverlening;2017/'18;12;0;1;1;10;10;2;0;0;1;9;0;1;0;1
1113;Totaal mannen en vrouwen;15 tot 20 jaar;Sector landbouw;M-N Zakelijke dienstverlening;2018/'19;12;0;4;3;5;7;5;0;1;1;5;0;3;2;0
1114;Totaal mannen en vrouwen;15 tot 20 jaar;Sector landbouw;M-N Zakelijke dienstverlening;2019/'20;7;0;4;1;2;3;4;0;2;0;1;0;2;1;1
1115;Totaal mannen en vrouwen;15 tot 20 jaar;Sector landbouw;M-N Zakelijke dienstverlening;2020/'21;5;2;1;0;2;3;2;0;1;0;2;2;0;0;0
1116;Totaal mannen en vrouwen;15 tot 20 jaar;Sector landbouw;O-Q Overheid en zorg;2009/'10;2;1;1;0;0;0;2;0;0;0;0;1;1;0;0
1117;Totaal mannen en vrouwen;15 tot 20 jaar;Sector landbouw;O-Q Overheid en zorg;2010/'11;4;2;0;2;0;0;4;0;0;0;0;2;0;2;0
1118;Totaal mannen en vrouwen;15 tot 20 jaar;Sector landbouw;O-Q Overheid en zorg;2011/'12;1;0;0;0;1;0;1;0;0;0;0;0;0;0;1
1119;Totaal mannen en vrouwen;15 tot 20 jaar;Sector landbouw;O-Q Overheid en zorg;2012/'13;2;0;0;0;2;2;0;0;0;0;2;0;0;0;0
1120;Totaal mannen en vrouwen;15 tot 20 jaar;Sector landbouw;O-Q Overheid en zorg;2013/'14;2;0;1;0;1;1;1;0;0;0;1;0;1;0;0
1121;Totaal mannen en vrouwen;15 tot 20 jaar;Sector landbouw;O-Q Overheid en zorg;2014/'15;1;1;0;0;0;0;1;0;0;0;0;1;0;0;0
1122;Totaal mannen en vrouwen;15 tot 20 jaar;Sector landbouw;O-Q Overheid en zorg;2015/'16;2;1;0;0;1;1;1;0;0;0;1;1;0;0;0
1123;Totaal mannen en vrouwen;15 tot 20 jaar;Sector landbouw;O-Q Overheid en zorg;2016/'17;1;0;1;0;0;0;1;0;0;0;0;0;1;0;0
1124;Totaal mannen en vrouwen;15 tot 20 jaar;Sector landbouw;O-Q Overheid en zorg;2017/'18;1;0;0;1;0;0;1;0;0;0;0;0;0;1;0
1125;Totaal mannen en vrouwen;15 tot 20 jaar;Sector landbouw;O-Q Overheid en zorg;2018/'19;0;0;0;0;0;0;0;0;0;0;0;0;0;0;0
1126;Totaal mannen en vrouwen;15 tot 20 jaar;Sector landbouw;O-Q Overheid en zorg;2019/'20;1;0;0;1;0;1;0;0;0;1;0;0;0;0;0
1127;Totaal mannen en vrouwen;15 tot 20 jaar;Sector landbouw;O-Q Overheid en zorg;2020/'21;2;0;0;0;2;2;0;0;0;0;2;0;0;0;0
1128;Totaal mannen en vrouwen;15 tot 20 jaar;Sector landbouw;R-U Cultuur, recreatie, overige diensten;2009/'10;2;1;0;0;1;1;1;0;0;0;1;1;0;0;0
1129;Totaal mannen en vrouwen;15 tot 20 jaar;Sector landbouw;R-U Cultuur, recreatie, overige diensten;2010/'11;1;1;0;0;0;0;1;0;0;0;0;1;0;0;0
1130;Totaal mannen en vrouwen;15 tot 20 jaar;Sector landbouw;R-U Cultuur, recreatie, overige diensten;2011/'12;4;0;1;0;3;4;0;0;1;0;3;0;0;0;0
1131;Totaal mannen en vrouwen;15 tot 20 jaar;Sector landbouw;R-U Cultuur, recreatie, overige diensten;2012/'13;3;1;0;2;0;3;0;1;0;2;0;0;0;0;0
1132;Totaal mannen en vrouwen;15 tot 20 jaar;Sector landbouw;R-U Cultuur, recreatie, overige diensten;2013/'14;1;1;0;0;0;0;1;0;0;0;0;1;0;0;0
1133;Totaal mannen en vrouwen;15 tot 20 jaar;Sector landbouw;R-U Cultuur, recreatie, overige diensten;2014/'15;2;1;0;0;1;2;0;1;0;0;1;0;0;0;0
1134;Totaal mannen en vrouwen;15 tot 20 jaar;Sector landbouw;R-U Cultuur, recreatie, overige diensten;2015/'16;4;1;1;0;2;4;0;1;1;0;2;0;0;0;0
1135;Totaal mannen en vrouwen;15 tot 20 jaar;Sector landbouw;R-U Cultuur, recreatie, overige diensten;2016/'17;1;0;0;0;1;1;0;0;0;0;1;0;0;0;0
1136;Totaal mannen en vrouwen;15 tot 20 jaar;Sector landbouw;R-U Cultuur, recreatie, overige diensten;2017/'18;1;0;0;0;1;1;0;0;0;0;1;0;0;0;0
1137;Totaal mannen en vrouwen;15 tot 20 jaar;Sector landbouw;R-U Cultuur, recreatie, overige diensten;2018/'19;0;0;0;0;0;0;0;0;0;0;0;0;0;0;0
1138;Totaal mannen en vrouwen;15 tot 20 jaar;Sector landbouw;R-U Cultuur, recreatie, overige diensten;2019/'20;2;0;0;0;2;2;0;0;0;0;2;0;0;0;0
1139;Totaal mannen en vrouwen;15 tot 20 jaar;Sector landbouw;R-U Cultuur, recreatie, overige diensten;2020/'21;4;1;1;0;2;3;1;0;1;0;2;1;0;0;0
1140;Totaal mannen en vrouwen;15 tot 20 jaar;Sector landbouw;SBI-code onbekend;2009/'10;0;0;0;0;0;0;0;0;0;0;0;0;0;0;0
1141;Totaal mannen en vrouwen;15 tot 20 jaar;Sector landbouw;SBI-code onbekend;2010/'11;0;0;0;0;0;0;0;0;0;0;0;0;0;0;0
1142;Totaal mannen en vrouwen;15 tot 20 jaar;Sector landbouw;SBI-code onbekend;2011/'12;1;0;0;0;1;1;0;0;0;0;1;0;0;0;0
1143;Totaal mannen en vrouwen;15 tot 20 jaar;Sector landbouw;SBI-code onbekend;2012/'13;0;0;0;0;0;0;0;0;0;0;0;0;0;0;0
1144;Totaal mannen en vrouwen;15 tot 20 jaar;Sector landbouw;SBI-code onbekend;2013/'14;0;0;0;0;0;0;0;0;0;0;0;0;0;0;0
1145;Totaal mannen en vrouwen;15 tot 20 jaar;Sector landbouw;SBI-code onbekend;2014/'15;0;0;0;0;0;0;0;0;0;0;0;0;0;0;0
1146;Totaal mannen en vrouwen;15 tot 20 jaar;Sector landbouw;SBI-code onbekend;2015/'16;0;0;0;0;0;0;0;0;0;0;0;0;0;0;0
1147;Totaal mannen en vrouwen;15 tot 20 jaar;Sector landbouw;SBI-code onbekend;2016/'17;0;0;0;0;0;0;0;0;0;0;0;0;0;0;0
1148;Totaal mannen en vrouwen;15 tot 20 jaar;Sector landbouw;SBI-code onbekend;2017/'18;0;0;0;0;0;0;0;0;0;0;0;0;0;0;0
1149;Totaal mannen en vrouwen;15 tot 20 jaar;Sector landbouw;SBI-code onbekend;2018/'19;0;0;0;0;0;0;0;0;0;0;0;0;0;0;0
1150;Totaal mannen en vrouwen;15 tot 20 jaar;Sector landbouw;SBI-code onbekend;2019/'20;0;0;0;0;0;0;0;0;0;0;0;0;0;0;0
1151;Totaal mannen en vrouwen;15 tot 20 jaar;Sector landbouw;SBI-code onbekend;2020/'21;1;0;0;0;1;1;0;0;0;0;1;0;0;0;0
1152;Totaal mannen en vrouwen;15 tot 20 jaar;Sector economie;A-U Alle economische activiteiten;2009/'10;647;42;279;136;190;426;221;23;144;83;176;19;135;53;14
1153;Totaal mannen en vrouwen;15 tot 20 jaar;Sector economie;A-U Alle economische activiteiten;2010/'11;548;40;205;127;176;370;178;19;106;89;156;21;99;38;20
1154;Totaal mannen en vrouwen;15 tot 20 jaar;Sector economie;A-U Alle economische activiteiten;2011/'12;501;40;207;97;157;361;140;18;123;76;144;22;84;21;13
1155;Totaal mannen en vrouwen;15 tot 20 jaar;Sector economie;A-U Alle economische activiteiten;2012/'13;492;47;192;98;155;335;157;24;100;61;150;23;92;37;5
1156;Totaal mannen en vrouwen;15 tot 20 jaar;Sector economie;A-U Alle economische activiteiten;2013/'14;498;35;183;104;176;362;136;19;114;72;157;16;69;32;19
1157;Totaal mannen en vrouwen;15 tot 20 jaar;Sector economie;A-U Alle economische activiteiten;2014/'15;470;21;168;81;200;351;119;12;109;54;176;9;59;27;24
1158;Totaal mannen en vrouwen;15 tot 20 jaar;Sector economie;A-U Alle economische activiteiten;2015/'16;452;11;154;92;195;359;93;6;110;64;179;5;44;28;16
1159;Totaal mannen en vrouwen;15 tot 20 jaar;Sector economie;A-U Alle economische activiteiten;2016/'17;288;0;75;55;158;213;75;0;34;31;148;0;41;24;10
1160;Totaal mannen en vrouwen;15 tot 20 jaar;Sector economie;A-U Alle economische activiteiten;2017/'18;300;0;73;52;175;227;73;0;37;33;157;0;36;19;18
1161;Totaal mannen en vrouwen;15 tot 20 jaar;Sector economie;A-U Alle economische activiteiten;2018/'19;351;0;86;56;209;254;97;0;39;32;183;0;47;24;26
1162;Totaal mannen en vrouwen;15 tot 20 jaar;Sector economie;A-U Alle economische activiteiten;2019/'20;330;0;75;45;210;242;88;0;40;24;178;0;35;21;32
1163;Totaal mannen en vrouwen;15 tot 20 jaar;Sector economie;A-U Alle economische activiteiten;2020/'21;336;0;49;60;227;249;87;0;28;21;200;0;21;39;27
1164;Totaal mannen en vrouwen;15 tot 20 jaar;Sector economie;A Landbouw, bosbouw en visserij;2009/'10;13;0;6;3;4;11;2;0;4;3;4;0;2;0;0
1165;Totaal mannen en vrouwen;15 tot 20 jaar;Sector economie;A Landbouw, bosbouw en visserij;2010/'11;14;2;6;2;4;11;3;1;5;2;3;1;1;0;1
1166;Totaal mannen en vrouwen;15 tot 20 jaar;Sector economie;A Landbouw, bosbouw en visserij;2011/'12;13;0;7;2;4;11;2;0;5;2;4;0;2;0;0
1167;Totaal mannen en vrouwen;15 tot 20 jaar;Sector economie;A Landbouw, bosbouw en visserij;2012/'13;11;1;3;2;5;9;2;1;2;2;4;0;1;0;1
1168;Totaal mannen en vrouwen;15 tot 20 jaar;Sector economie;A Landbouw, bosbouw en visserij;2013/'14;9;0;4;3;2;6;3;0;1;3;2;0;3;0;0
1169;Totaal mannen en vrouwen;15 tot 20 jaar;Sector economie;A Landbouw, bosbouw en visserij;2014/'15;9;1;2;0;6;9;0;1;2;0;6;0;0;0;0
1170;Totaal mannen en vrouwen;15 tot 20 jaar;Sector economie;A Landbouw, bosbouw en visserij;2015/'16;8;0;4;2;2;8;0;0;4;2;2;0;0;0;0
1171;Totaal mannen en vrouwen;15 tot 20 jaar;Sector economie;A Landbouw, bosbouw en visserij;2016/'17;3;0;1;0;2;3;0;0;1;0;2;0;0;0;0
1172;Totaal mannen en vrouwen;15 tot 20 jaar;Sector economie;A Landbouw, bosbouw en visserij;2017/'18;4;0;0;1;3;4;0;0;0;1;3;0;0;0;0
1173;Totaal mannen en vrouwen;15 tot 20 jaar;Sector economie;A Landbouw, bosbouw en visserij;2018/'19;3;0;1;2;0;0;3;0;0;0;0;0;1;2;0
1174;Totaal mannen en vrouwen;15 tot 20 jaar;Sector economie;A Landbouw, bosbouw en visserij;2019/'20;5;0;2;0;3;3;2;0;1;0;2;0;1;0;1
1175;Totaal mannen en vrouwen;15 tot 20 jaar;Sector economie;A Landbouw, bosbouw en visserij;2020/'21;5;0;0;0;5;4;1;0;0;0;4;0;0;0;1
1176;Totaal mannen en vrouwen;15 tot 20 jaar;Sector economie;B-E Nijverheid (geen bouw) en energie;2009/'10;21;4;6;3;8;13;8;1;1;3;8;3;5;0;0
1177;Totaal mannen en vrouwen;15 tot 20 jaar;Sector economie;B-E Nijverheid (geen bouw) en energie;2010/'11;8;2;4;2;0;3;5;1;1;1;0;1;3;1;0
1178;Totaal mannen en vrouwen;15 tot 20 jaar;Sector economie;B-E Nijverheid (geen bouw) en energie;2011/'12;11;1;6;2;2;8;3;1;4;1;2;0;2;1;0
1179;Totaal mannen en vrouwen;15 tot 20 jaar;Sector economie;B-E Nijverheid (geen bouw) en energie;2012/'13;9;1;6;1;1;7;2;1;5;0;1;0;1;1;0
1180;Totaal mannen en vrouwen;15 tot 20 jaar;Sector economie;B-E Nijverheid (geen bouw) en energie;2013/'14;7;0;3;1;3;7;0;0;3;1;3;0;0;0;0
1181;Totaal mannen en vrouwen;15 tot 20 jaar;Sector economie;B-E Nijverheid (geen bouw) en energie;2014/'15;7;1;3;0;3;3;4;0;1;0;2;1;2;0;1
1182;Totaal mannen en vrouwen;15 tot 20 jaar;Sector economie;B-E Nijverheid (geen bouw) en energie;2015/'16;7;0;3;2;2;3;4;0;1;0;2;0;2;2;0
1183;Totaal mannen en vrouwen;15 tot 20 jaar;Sector economie;B-E Nijverheid (geen bouw) en energie;2016/'17;4;0;2;2;0;3;1;0;2;1;0;0;0;1;0
1184;Totaal mannen en vrouwen;15 tot 20 jaar;Sector economie;B-E Nijverheid (geen bouw) en energie;2017/'18;2;0;0;1;1;2;0;0;0;1;1;0;0;0;0
1185;Totaal mannen en vrouwen;15 tot 20 jaar;Sector economie;B-E Nijverheid (geen bouw) en energie;2018/'19;11;0;1;3;7;7;4;0;1;1;5;0;0;2;2
1186;Totaal mannen en vrouwen;15 tot 20 jaar;Sector economie;B-E Nijverheid (geen bouw) en energie;2019/'20;11;0;5;1;5;8;3;0;2;1;5;0;3;0;0
1187;Totaal mannen en vrouwen;15 tot 20 jaar;Sector economie;B-E Nijverheid (geen bouw) en energie;2020/'21;7;0;0;2;5;7;0;0;0;2;5;0;0;0;0
1188;Totaal mannen en vrouwen;15 tot 20 jaar;Sector economie;F Bouwnijverheid;2009/'10;10;1;6;1;2;7;3;1;4;0;2;0;2;1;0
1189;Totaal mannen en vrouwen;15 tot 20 jaar;Sector economie;F Bouwnijverheid;2010/'11;8;1;3;4;0;5;3;0;2;3;0;1;1;1;0
1190;Totaal mannen en vrouwen;15 tot 20 jaar;Sector economie;F Bouwnijverheid;2011/'12;6;1;2;2;1;4;2;0;2;1;1;1;0;1;0
1191;Totaal mannen en vrouwen;15 tot 20 jaar;Sector economie;F Bouwnijverheid;2012/'13;6;0;5;0;1;3;3;0;2;0;1;0;3;0;0
1192;Totaal mannen en vrouwen;15 tot 20 jaar;Sector economie;F Bouwnijverheid;2013/'14;4;0;2;0;2;3;1;0;1;0;2;0;1;0;0
1193;Totaal mannen en vrouwen;15 tot 20 jaar;Sector economie;F Bouwnijverheid;2014/'15;2;0;1;0;1;2;0;0;1;0;1;0;0;0;0
1194;Totaal mannen en vrouwen;15 tot 20 jaar;Sector economie;F Bouwnijverheid;2015/'16;2;0;2;0;0;2;0;0;2;0;0;0;0;0;0
1195;Totaal mannen en vrouwen;15 tot 20 jaar;Sector economie;F Bouwnijverheid;2016/'17;1;0;0;1;0;1;0;0;0;1;0;0;0;0;0
1196;Totaal mannen en vrouwen;15 tot 20 jaar;Sector economie;F Bouwnijverheid;2017/'18;2;0;1;1;0;1;1;0;1;0;0;0;0;1;0
1197;Totaal mannen en vrouwen;15 tot 20 jaar;Sector economie;F Bouwnijverheid;2018/'19;1;0;1;0;0;1;0;0;1;0;0;0;0;0;0
1198;Totaal mannen en vrouwen;15 tot 20 jaar;Sector economie;F Bouwnijverheid;2019/'20;1;0;0;0;1;1;0;0;0;0;1;0;0;0;0
1199;Totaal mannen en vrouwen;15 tot 20 jaar;Sector economie;F Bouwnijverheid;2020/'21;3;0;2;0;1;0;3;0;0;0;0;0;2;0;1
1200;Totaal mannen en vrouwen;15 tot 20 jaar;Sector economie;G-I Handel, vervoer en horeca;2009/'10;378;24;173;71;110;238;140;12;87;39;100;12;86;32;10
1201;Totaal mannen en vrouwen;15 tot 20 jaar;Sector economie;G-I Handel, vervoer en horeca;2010/'11;370;21;146;90;113;241;129;10;74;58;99;11;72;32;14
1202;Totaal mannen en vrouwen;15 tot 20 jaar;Sector economie;G-I Handel, vervoer en horeca;2011/'12;350;25;150;68;107;244;106;9;87;51;97;16;63;17;10
1203;Totaal mannen en vrouwen;15 tot 20 jaar;Sector economie;G-I Handel, vervoer en horeca;2012/'13;364;38;143;73;110;242;122;18;73;45;106;20;70;28;4
1204;Totaal mannen en vrouwen;15 tot 20 jaar;Sector economie;G-I Handel, vervoer en horeca;2013/'14;386;24;147;88;127;275;111;13;89;60;113;11;58;28;14
1205;Totaal mannen en vrouwen;15 tot 20 jaar;Sector economie;G-I Handel, vervoer en horeca;2014/'15;375;15;136;72;152;274;101;8;87;47;132;7;49;25;20
1206;Totaal mannen en vrouwen;15 tot 20 jaar;Sector economie;G-I Handel, vervoer en horeca;2015/'16;346;8;119;71;148;270;76;3;81;53;133;5;38;18;15
1207;Totaal mannen en vrouwen;15 tot 20 jaar;Sector economie;G-I Handel, vervoer en horeca;2016/'17;233;0;60;41;132;166;67;0;22;21;123;0;38;20;9
1208;Totaal mannen en vrouwen;15 tot 20 jaar;Sector economie;G-I Handel, vervoer en horeca;2017/'18;237;0;61;46;130;174;63;0;30;30;114;0;31;16;16
1209;Totaal mannen en vrouwen;15 tot 20 jaar;Sector economie;G-I Handel, vervoer en horeca;2018/'19;265;0;63;38;164;190;75;0;26;20;144;0;37;18;20
1210;Totaal mannen en vrouwen;15 tot 20 jaar;Sector economie;G-I Handel, vervoer en horeca;2019/'20;241;0;54;37;150;176;65;0;28;19;129;0;26;18;21
1211;Totaal mannen en vrouwen;15 tot 20 jaar;Sector economie;G-I Handel, vervoer en horeca;2020/'21;250;0;36;43;171;182;68;0;21;10;151;0;15;33;20
1212;Totaal mannen en vrouwen;15 tot 20 jaar;Sector economie;J Informatie en communicatie;2009/'10;5;1;1;2;1;4;1;1;1;2;0;0;0;0;1
1213;Totaal mannen en vrouwen;15 tot 20 jaar;Sector economie;J Informatie en communicatie;2010/'11;2;0;0;1;1;1;1;0;0;0;1;0;0;1;0
1214;Totaal mannen en vrouwen;15 tot 20 jaar;Sector economie;J Informatie en communicatie;2011/'12;3;0;1;1;1;3;0;0;1;1;1;0;0;0;0
1215;Totaal mannen en vrouwen;15 tot 20 jaar;Sector economie;J Informatie en communicatie;2012/'13;1;0;1;0;0;0;1;0;0;0;0;0;1;0;0
1216;Totaal mannen en vrouwen;15 tot 20 jaar;Sector economie;J Informatie en communicatie;2013/'14;6;1;1;2;2;2;4;1;0;0;1;0;1;2;1
1217;Totaal mannen en vrouwen;15 tot 20 jaar;Sector economie;J Informatie en communicatie;2014/'15;2;0;0;0;2;2;0;0;0;0;2;0;0;0;0
1218;Totaal mannen en vrouwen;15 tot 20 jaar;Sector economie;J Informatie en communicatie;2015/'16;1;0;0;0;1;1;0;0;0;0;1;0;0;0;0
1219;Totaal mannen en vrouwen;15 tot 20 jaar;Sector economie;J Informatie en communicatie;2016/'17;0;0;0;0;0;0;0;0;0;0;0;0;0;0;0
1220;Totaal mannen en vrouwen;15 tot 20 jaar;Sector economie;J Informatie en communicatie;2017/'18;3;0;0;0;3;3;0;0;0;0;3;0;0;0;0
1221;Totaal mannen en vrouwen;15 tot 20 jaar;Sector economie;J Informatie en communicatie;2018/'19;1;0;0;0;1;1;0;0;0;0;1;0;0;0;0
1222;Totaal mannen en vrouwen;15 tot 20 jaar;Sector economie;J Informatie en communicatie;2019/'20;3;0;1;1;1;2;1;0;1;0;1;0;0;1;0
1223;Totaal mannen en vrouwen;15 tot 20 jaar;Sector economie;J Informatie en communicatie;2020/'21;0;0;0;0;0;0;0;0;0;0;0;0;0;0;0
1224;Totaal mannen en vrouwen;15 tot 20 jaar;Sector economie;K Financiële dienstverlening;2009/'10;2;0;0;2;0;2;0;0;0;2;0;0;0;0;0
1225;Totaal mannen en vrouwen;15 tot 20 jaar;Sector economie;K Financiële dienstverlening;2010/'11;1;0;1;0;0;0;1;0;0;0;0;0;1;0;0
1226;Totaal mannen en vrouwen;15 tot 20 jaar;Sector economie;K Financiële dienstverlening;2011/'12;3;0;2;1;0;2;1;0;1;1;0;0;1;0;0
1227;Totaal mannen en vrouwen;15 tot 20 jaar;Sector economie;K Financiële dienstverlening;2012/'13;0;0;0;0;0;0;0;0;0;0;0;0;0;0;0
1228;Totaal mannen en vrouwen;15 tot 20 jaar;Sector economie;K Financiële dienstverlening;2013/'14;3;0;1;0;2;3;0;0;1;0;2;0;0;0;0
1229;Totaal mannen en vrouwen;15 tot 20 jaar;Sector economie;K Financiële dienstverlening;2014/'15;1;0;0;0;1;0;1;0;0;0;0;0;0;0;1
1230;Totaal mannen en vrouwen;15 tot 20 jaar;Sector economie;K Financiële dienstverlening;2015/'16;1;0;1;0;0;1;0;0;1;0;0;0;0;0;0
1231;Totaal mannen en vrouwen;15 tot 20 jaar;Sector economie;K Financiële dienstverlening;2016/'17;0;0;0;0;0;0;0;0;0;0;0;0;0;0;0
1232;Totaal mannen en vrouwen;15 tot 20 jaar;Sector economie;K Financiële dienstverlening;2017/'18;0;0;0;0;0;0;0;0;0;0;0;0;0;0;0
1233;Totaal mannen en vrouwen;15 tot 20 jaar;Sector economie;K Financiële dienstverlening;2018/'19;0;0;0;0;0;0;0;0;0;0;0;0;0;0;0
1234;Totaal mannen en vrouwen;15 tot 20 jaar;Sector economie;K Financiële dienstverlening;2019/'20;1;0;0;0;1;1;0;0;0;0;1;0;0;0;0
1235;Totaal mannen en vrouwen;15 tot 20 jaar;Sector economie;K Financiële dienstverlening;2020/'21;1;0;0;0;1;1;0;0;0;0;1;0;0;0;0
1236;Totaal mannen en vrouwen;15 tot 20 jaar;Sector economie;L Verhuur en handel van onroerend goed;2009/'10;2;0;0;2;0;0;2;0;0;0;0;0;0;2;0
1237;Totaal mannen en vrouwen;15 tot 20 jaar;Sector economie;L Verhuur en handel van onroerend goed;2010/'11;1;0;0;0;1;1;0;0;0;0;1;0;0;0;0
1238;Totaal mannen en vrouwen;15 tot 20 jaar;Sector economie;L Verhuur en handel van onroerend goed;2011/'12;0;0;0;0;0;0;0;0;0;0;0;0;0;0;0
1239;Totaal mannen en vrouwen;15 tot 20 jaar;Sector economie;L Verhuur en handel van onroerend goed;2012/'13;0;0;0;0;0;0;0;0;0;0;0;0;0;0;0
1240;Totaal mannen en vrouwen;15 tot 20 jaar;Sector economie;L Verhuur en handel van onroerend goed;2013/'14;0;0;0;0;0;0;0;0;0;0;0;0;0;0;0
1241;Totaal mannen en vrouwen;15 tot 20 jaar;Sector economie;L Verhuur en handel van onroerend goed;2014/'15;1;0;0;0;1;1;0;0;0;0;1;0;0;0;0
1242;Totaal mannen en vrouwen;15 tot 20 jaar;Sector economie;L Verhuur en handel van onroerend goed;2015/'16;0;0;0;0;0;0;0;0;0;0;0;0;0;0;0
1243;Totaal mannen en vrouwen;15 tot 20 jaar;Sector economie;L Verhuur en handel van onroerend goed;2016/'17;0;0;0;0;0;0;0;0;0;0;0;0;0;0;0
1244;Totaal mannen en vrouwen;15 tot 20 jaar;Sector economie;L Verhuur en handel van onroerend goed;2017/'18;0;0;0;0;0;0;0;0;0;0;0;0;0;0;0
1245;Totaal mannen en vrouwen;15 tot 20 jaar;Sector economie;L Verhuur en handel van onroerend goed;2018/'19;0;0;0;0;0;0;0;0;0;0;0;0;0;0;0
1246;Totaal mannen en vrouwen;15 tot 20 jaar;Sector economie;L Verhuur en handel van onroerend goed;2019/'20;1;0;0;1;0;0;1;0;0;0;0;0;0;1;0
1247;Totaal mannen en vrouwen;15 tot 20 jaar;Sector economie;L Verhuur en handel van onroerend goed;2020/'21;1;0;0;0;1;1;0;0;0;0;1;0;0;0;0
1248;Totaal mannen en vrouwen;15 tot 20 jaar;Sector economie;M-N Zakelijke dienstverlening;2009/'10;172;9;72;42;49;123;49;5;42;29;47;4;30;13;2
1249;Totaal mannen en vrouwen;15 tot 20 jaar;Sector economie;M-N Zakelijke dienstverlening;2010/'11;92;10;30;14;38;68;24;4;16;12;36;6;14;2;2
1250;Totaal mannen en vrouwen;15 tot 20 jaar;Sector economie;M-N Zakelijke dienstverlening;2011/'12;78;9;23;14;32;62;16;5;14;12;31;4;9;2;1
1251;Totaal mannen en vrouwen;15 tot 20 jaar;Sector economie;M-N Zakelijke dienstverlening;2012/'13;68;5;23;14;26;50;18;3;12;9;26;2;11;5;0
1252;Totaal mannen en vrouwen;15 tot 20 jaar;Sector economie;M-N Zakelijke dienstverlening;2013/'14;56;5;18;7;26;45;11;1;15;5;24;4;3;2;2
1253;Totaal mannen en vrouwen;15 tot 20 jaar;Sector economie;M-N Zakelijke dienstverlening;2014/'15;53;2;20;7;24;44;9;2;14;6;22;0;6;1;2
1254;Totaal mannen en vrouwen;15 tot 20 jaar;Sector economie;M-N Zakelijke dienstverlening;2015/'16;70;2;20;15;33;57;13;2;16;7;32;0;4;8;1
1255;Totaal mannen en vrouwen;15 tot 20 jaar;Sector economie;M-N Zakelijke dienstverlening;2016/'17;39;0;12;10;17;33;6;0;9;7;17;0;3;3;0
1256;Totaal mannen en vrouwen;15 tot 20 jaar;Sector economie;M-N Zakelijke dienstverlening;2017/'18;41;0;10;2;29;33;8;0;5;1;27;0;5;1;2
1257;Totaal mannen en vrouwen;15 tot 20 jaar;Sector economie;M-N Zakelijke dienstverlening;2018/'19;56;0;16;11;29;42;14;0;8;9;25;0;8;2;4
1258;Totaal mannen en vrouwen;15 tot 20 jaar;Sector economie;M-N Zakelijke dienstverlening;2019/'20;58;0;10;4;44;43;15;0;6;3;34;0;4;1;10
1259;Totaal mannen en vrouwen;15 tot 20 jaar;Sector economie;M-N Zakelijke dienstverlening;2020/'21;53;0;10;11;32;42;11;0;6;8;28;0;4;3;4
1260;Totaal mannen en vrouwen;15 tot 20 jaar;Sector economie;O-Q Overheid en zorg;2009/'10;22;1;11;5;5;14;8;1;5;3;5;0;6;2;0
1261;Totaal mannen en vrouwen;15 tot 20 jaar;Sector economie;O-Q Overheid en zorg;2010/'11;30;4;8;9;9;22;8;3;4;8;7;1;4;1;2
1262;Totaal mannen en vrouwen;15 tot 20 jaar;Sector economie;O-Q Overheid en zorg;2011/'12;23;2;11;5;5;16;7;2;6;5;3;0;5;0;2
1263;Totaal mannen en vrouwen;15 tot 20 jaar;Sector economie;O-Q Overheid en zorg;2012/'13;18;0;5;6;7;12;6;0;2;3;7;0;3;3;0
1264;Totaal mannen en vrouwen;15 tot 20 jaar;Sector economie;O-Q Overheid en zorg;2013/'14;5;2;1;1;1;5;0;2;1;1;1;0;0;0;0
1265;Totaal mannen en vrouwen;15 tot 20 jaar;Sector economie;O-Q Overheid en zorg;2014/'15;5;1;2;1;1;3;2;0;2;0;1;1;0;1;0
1266;Totaal mannen en vrouwen;15 tot 20 jaar;Sector economie;O-Q Overheid en zorg;2015/'16;8;1;1;1;5;8;0;1;1;1;5;0;0;0;0
1267;Totaal mannen en vrouwen;15 tot 20 jaar;Sector economie;O-Q Overheid en zorg;2016/'17;3;0;0;1;2;2;1;0;0;1;1;0;0;0;1
1268;Totaal mannen en vrouwen;15 tot 20 jaar;Sector economie;O-Q Overheid en zorg;2017/'18;5;0;1;1;3;4;1;0;1;0;3;0;0;1;0
1269;Totaal mannen en vrouwen;15 tot 20 jaar;Sector economie;O-Q Overheid en zorg;2018/'19;5;0;1;0;4;4;1;0;0;0;4;0;1;0;0
1270;Totaal mannen en vrouwen;15 tot 20 jaar;Sector economie;O-Q Overheid en zorg;2019/'20;3;0;2;0;1;2;1;0;1;0;1;0;1;0;0
1271;Totaal mannen en vrouwen;15 tot 20 jaar;Sector economie;O-Q Overheid en zorg;2020/'21;6;0;0;2;4;4;2;0;0;0;4;0;0;2;0
1272;Totaal mannen en vrouwen;15 tot 20 jaar;Sector economie;R-U Cultuur, recreatie, overige diensten;2009/'10;22;2;4;5;11;14;8;2;0;2;10;0;4;3;1
1273;Totaal mannen en vrouwen;15 tot 20 jaar;Sector economie;R-U Cultuur, recreatie, overige diensten;2010/'11;19;0;6;5;8;16;3;0;3;5;8;0;3;0;0
1274;Totaal mannen en vrouwen;15 tot 20 jaar;Sector economie;R-U Cultuur, recreatie, overige diensten;2011/'12;13;2;4;2;5;11;2;1;3;2;5;1;1;0;0
1275;Totaal mannen en vrouwen;15 tot 20 jaar;Sector economie;R-U Cultuur, recreatie, overige diensten;2012/'13;14;2;6;2;4;11;3;1;4;2;4;1;2;0;0
1276;Totaal mannen en vrouwen;15 tot 20 jaar;Sector economie;R-U Cultuur, recreatie, overige diensten;2013/'14;21;3;6;1;11;15;6;2;3;1;9;1;3;0;2
1277;Totaal mannen en vrouwen;15 tot 20 jaar;Sector economie;R-U Cultuur, recreatie, overige diensten;2014/'15;14;0;4;1;9;12;2;0;2;1;9;0;2;0;0
1278;Totaal mannen en vrouwen;15 tot 20 jaar;Sector economie;R-U Cultuur, recreatie, overige diensten;2015/'16;9;0;4;1;4;9;0;0;4;1;4;0;0;0;0
1279;Totaal mannen en vrouwen;15 tot 20 jaar;Sector economie;R-U Cultuur, recreatie, overige diensten;2016/'17;4;0;0;0;4;4;0;0;0;0;4;0;0;0;0
1280;Totaal mannen en vrouwen;15 tot 20 jaar;Sector economie;R-U Cultuur, recreatie, overige diensten;2017/'18;6;0;0;0;6;6;0;0;0;0;6;0;0;0;0
1281;Totaal mannen en vrouwen;15 tot 20 jaar;Sector economie;R-U Cultuur, recreatie, overige diensten;2018/'19;9;0;3;2;4;9;0;0;3;2;4;0;0;0;0
1282;Totaal mannen en vrouwen;15 tot 20 jaar;Sector economie;R-U Cultuur, recreatie, overige diensten;2019/'20;6;0;1;1;4;6;0;0;1;1;4;0;0;0;0
1283;Totaal mannen en vrouwen;15 tot 20 jaar;Sector economie;R-U Cultuur, recreatie, overige diensten;2020/'21;10;0;1;2;7;8;2;0;1;1;6;0;0;1;1
1284;Totaal mannen en vrouwen;15 tot 20 jaar;Sector economie;SBI-code onbekend;2009/'10;0;0;0;0;0;0;0;0;0;0;0;0;0;0;0
1285;Totaal mannen en vrouwen;15 tot 20 jaar;Sector economie;SBI-code onbekend;2010/'11;3;0;1;0;2;2;1;0;1;0;1;0;0;0;1
1286;Totaal mannen en vrouwen;15 tot 20 jaar;Sector economie;SBI-code onbekend;2011/'12;1;0;1;0;0;0;1;0;0;0;0;0;1;0;0
1287;Totaal mannen en vrouwen;15 tot 20 jaar;Sector economie;SBI-code onbekend;2012/'13;1;0;0;0;1;1;0;0;0;0;1;0;0;0;0
1288;Totaal mannen en vrouwen;15 tot 20 jaar;Sector economie;SBI-code onbekend;2013/'14;1;0;0;1;0;1;0;0;0;1;0;0;0;0;0
1289;Totaal mannen en vrouwen;15 tot 20 jaar;Sector economie;SBI-code onbekend;2014/'15;1;1;0;0;0;1;0;1;0;0;0;0;0;0;0
1290;Totaal mannen en vrouwen;15 tot 20 jaar;Sector economie;SBI-code onbekend;2015/'16;0;0;0;0;0;0;0;0;0;0;0;0;0;0;0
1291;Totaal mannen en vrouwen;15 tot 20 jaar;Sector economie;SBI-code onbekend;2016/'17;1;0;0;0;1;1;0;0;0;0;1;0;0;0;0
1292;Totaal mannen en vrouwen;15 tot 20 jaar;Sector economie;SBI-code onbekend;2017/'18;0;0;0;0;0;0;0;0;0;0;0;0;0;0;0
1293;Totaal mannen en vrouwen;15 tot 20 jaar;Sector economie;SBI-code onbekend;2018/'19;0;0;0;0;0;0;0;0;0;0;0;0;0;0;0
1294;Totaal mannen en vrouwen;15 tot 20 jaar;Sector economie;SBI-code onbekend;2019/'20;0;0;0;0;0;0;0;0;0;0;0;0;0;0;0
1295;Totaal mannen en vrouwen;15 tot 20 jaar;Sector economie;SBI-code onbekend;2020/'21;0;0;0;0;0;0;0;0;0;0;0;0;0;0;0
1296;Totaal mannen en vrouwen;15 tot 20 jaar;Sector techniek;A-U Alle economische activiteiten;2009/'10;484;45;214;42;183;261;223;15;53;20;173;30;161;22;10
1297;Totaal mannen en vrouwen;15 tot 20 jaar;Sector techniek;A-U Alle economische activiteiten;2010/'11;419;40;192;37;150;223;196;14;46;20;143;26;146;17;7
1298;Totaal mannen en vrouwen;15 tot 20 jaar;Sector techniek;A-U Alle economische activiteiten;2011/'12;412;46;182;41;143;222;190;15;51;20;136;31;131;21;7
1299;Totaal mannen en vrouwen;15 tot 20 jaar;Sector techniek;A-U Alle economische activiteiten;2012/'13;397;37;147;37;176;269;128;19;55;23;172;18;92;14;4
1300;Totaal mannen en vrouwen;15 tot 20 jaar;Sector techniek;A-U Alle economische activiteiten;2013/'14;355;26;136;25;168;262;93;13;66;20;163;13;70;5;5
1301;Totaal mannen en vrouwen;15 tot 20 jaar;Sector techniek;A-U Alle economische activiteiten;2014/'15;393;106;118;26;143;295;98;87;51;18;139;19;67;8;4
1302;Totaal mannen en vrouwen;15 tot 20 jaar;Sector techniek;A-U Alle economische activiteiten;2015/'16;442;112;140;36;154;350;92;98;78;22;152;14;62;14;2
1303;Totaal mannen en vrouwen;15 tot 20 jaar;Sector techniek;A-U Alle economische activiteiten;2016/'17;193;2;43;44;104;123;70;1;12;13;97;1;31;31;7
1304;Totaal mannen en vrouwen;15 tot 20 jaar;Sector techniek;A-U Alle economische activiteiten;2017/'18;202;0;53;40;109;131;71;0;17;12;102;0;36;28;7
1305;Totaal mannen en vrouwen;15 tot 20 jaar;Sector techniek;A-U Alle economische activiteiten;2018/'19;205;0;47;35;123;128;77;0;8;8;112;0;39;27;11
1306;Totaal mannen en vrouwen;15 tot 20 jaar;Sector techniek;A-U Alle economische activiteiten;2019/'20;201;0;59;34;108;120;81;0;15;9;96;0;44;25;12
1307;Totaal mannen en vrouwen;15 tot 20 jaar;Sector techniek;A-U Alle economische activiteiten;2020/'21;259;0;64;43;152;172;87;0;20;17;135;0;44;26;17
1308;Totaal mannen en vrouwen;15 tot 20 jaar;Sector techniek;A Landbouw, bosbouw en visserij;2009/'10;19;1;8;3;7;9;10;0;1;1;7;1;7;2;0
1309;Totaal mannen en vrouwen;15 tot 20 jaar;Sector techniek;A Landbouw, bosbouw en visserij;2010/'11;17;3;11;3;0;1;16;0;1;0;0;3;10;3;0
1310;Totaal mannen en vrouwen;15 tot 20 jaar;Sector techniek;A Landbouw, bosbouw en visserij;2011/'12;16;3;9;1;3;5;11;2;0;0;3;1;9;1;0
1311;Totaal mannen en vrouwen;15 tot 20 jaar;Sector techniek;A Landbouw, bosbouw en visserij;2012/'13;18;3;6;3;6;6;12;0;0;0;6;3;6;3;0
1312;Totaal mannen en vrouwen;15 tot 20 jaar;Sector techniek;A Landbouw, bosbouw en visserij;2013/'14;24;3;10;3;8;18;6;0;7;3;8;3;3;0;0
1313;Totaal mannen en vrouwen;15 tot 20 jaar;Sector techniek;A Landbouw, bosbouw en visserij;2014/'15;8;3;2;1;2;5;3;1;1;1;2;2;1;0;0
1314;Totaal mannen en vrouwen;15 tot 20 jaar;Sector techniek;A Landbouw, bosbouw en visserij;2015/'16;17;1;5;4;7;12;5;1;2;2;7;0;3;2;0
1315;Totaal mannen en vrouwen;15 tot 20 jaar;Sector techniek;A Landbouw, bosbouw en visserij;2016/'17;7;0;0;4;3;2;5;0;0;1;1;0;0;3;2
1316;Totaal mannen en vrouwen;15 tot 20 jaar;Sector techniek;A Landbouw, bosbouw en visserij;2017/'18;6;0;3;1;2;2;4;0;0;0;2;0;3;1;0
1317;Totaal mannen en vrouwen;15 tot 20 jaar;Sector techniek;A Landbouw, bosbouw en visserij;2018/'19;7;0;1;0;6;6;1;0;1;0;5;0;0;0;1
1318;Totaal mannen en vrouwen;15 tot 20 jaar;Sector techniek;A Landbouw, bosbouw en visserij;2019/'20;9;0;3;2;4;4;5;0;1;1;2;0;2;1;2
1319;Totaal mannen en vrouwen;15 tot 20 jaar;Sector techniek;A Landbouw, bosbouw en visserij;2020/'21;7;0;2;3;2;5;2;0;0;3;2;0;2;0;0
1320;Totaal mannen en vrouwen;15 tot 20 jaar;Sector techniek;B-E Nijverheid (geen bouw) en energie;2009/'10;43;4;24;5;10;9;34;1;2;0;6;3;22;5;4
1321;Totaal mannen en vrouwen;15 tot 20 jaar;Sector techniek;B-E Nijverheid (geen bouw) en energie;2010/'11;21;2;13;2;4;6;15;0;1;2;3;2;12;0;1
1322;Totaal mannen en vrouwen;15 tot 20 jaar;Sector techniek;B-E Nijverheid (geen bouw) en energie;2011/'12;24;4;10;2;8;12;12;2;2;2;6;2;8;0;2
1323;Totaal mannen en vrouwen;15 tot 20 jaar;Sector techniek;B-E Nijverheid (geen bouw) en energie;2012/'13;21;2;8;2;9;10;11;0;1;1;8;2;7;1;1
1324;Totaal mannen en vrouwen;15 tot 20 jaar;Sector techniek;B-E Nijverheid (geen bouw) en energie;2013/'14;24;4;13;1;6;9;15;2;3;0;4;2;10;1;2
1325;Totaal mannen en vrouwen;15 tot 20 jaar;Sector techniek;B-E Nijverheid (geen bouw) en energie;2014/'15;18;6;7;1;4;10;8;4;2;1;3;2;5;0;1
1326;Totaal mannen en vrouwen;15 tot 20 jaar;Sector techniek;B-E Nijverheid (geen bouw) en energie;2015/'16;21;5;7;1;8;13;8;4;2;1;6;1;5;0;2
1327;Totaal mannen en vrouwen;15 tot 20 jaar;Sector techniek;B-E Nijverheid (geen bouw) en energie;2016/'17;7;0;3;2;2;3;4;0;1;0;2;0;2;2;0
1328;Totaal mannen en vrouwen;15 tot 20 jaar;Sector techniek;B-E Nijverheid (geen bouw) en energie;2017/'18;7;0;1;3;3;2;5;0;0;0;2;0;1;3;1
1329;Totaal mannen en vrouwen;15 tot 20 jaar;Sector techniek;B-E Nijverheid (geen bouw) en energie;2018/'19;12;0;4;4;4;5;7;0;0;1;4;0;4;3;0
1330;Totaal mannen en vrouwen;15 tot 20 jaar;Sector techniek;B-E Nijverheid (geen bouw) en energie;2019/'20;13;0;4;4;5;7;6;0;2;1;4;0;2;3;1
1331;Totaal mannen en vrouwen;15 tot 20 jaar;Sector techniek;B-E Nijverheid (geen bouw) en energie;2020/'21;15;0;2;5;8;7;8;0;0;1;6;0;2;4;2
1332;Totaal mannen en vrouwen;15 tot 20 jaar;Sector techniek;F Bouwnijverheid;2009/'10;35;6;24;4;1;5;30;2;0;2;1;4;24;2;0
1333;Totaal mannen en vrouwen;15 tot 20 jaar;Sector techniek;F Bouwnijverheid;2010/'11;20;2;15;2;1;3;17;0;2;0;1;2;13;2;0
1334;Totaal mannen en vrouwen;15 tot 20 jaar;Sector techniek;F Bouwnijverheid;2011/'12;24;4;12;3;5;4;20;0;0;0;4;4;12;3;1
1335;Totaal mannen en vrouwen;15 tot 20 jaar;Sector techniek;F Bouwnijverheid;2012/'13;21;5;13;1;2;7;14;1;4;0;2;4;9;1;0
1336;Totaal mannen en vrouwen;15 tot 20 jaar;Sector techniek;F Bouwnijverheid;2013/'14;8;0;5;1;2;4;4;0;2;1;1;0;3;0;1
1337;Totaal mannen en vrouwen;15 tot 20 jaar;Sector techniek;F Bouwnijverheid;2014/'15;14;4;7;0;3;6;8;1;2;0;3;3;5;0;0
1338;Totaal mannen en vrouwen;15 tot 20 jaar;Sector techniek;F Bouwnijverheid;2015/'16;8;1;2;4;1;5;3;1;2;1;1;0;0;3;0
1339;Totaal mannen en vrouwen;15 tot 20 jaar;Sector techniek;F Bouwnijverheid;2016/'17;11;0;4;2;5;4;7;0;0;0;4;0;4;2;1
1340;Totaal mannen en vrouwen;15 tot 20 jaar;Sector techniek;F Bouwnijverheid;2017/'18;10;0;5;2;3;1;9;0;0;0;1;0;5;2;2
1341;Totaal mannen en vrouwen;15 tot 20 jaar;Sector techniek;F Bouwnijverheid;2018/'19;11;0;5;2;4;4;7;0;0;0;4;0;5;2;0
1342;Totaal mannen en vrouwen;15 tot 20 jaar;Sector techniek;F Bouwnijverheid;2019/'20;11;0;7;2;2;3;8;0;1;0;2;0;6;2;0
1343;Totaal mannen en vrouwen;15 tot 20 jaar;Sector techniek;F Bouwnijverheid;2020/'21;17;0;9;4;4;3;14;0;1;1;1;0;8;3;3
1344;Totaal mannen en vrouwen;15 tot 20 jaar;Sector techniek;G-I Handel, vervoer en horeca;2009/'10;251;20;96;23;112;161;90;6;30;16;109;14;66;7;3
1345;Totaal mannen en vrouwen;15 tot 20 jaar;Sector techniek;G-I Handel, vervoer en horeca;2010/'11;235;19;92;26;98;146;89;8;28;16;94;11;64;10;4
1346;Totaal mannen en vrouwen;15 tot 20 jaar;Sector techniek;G-I Handel, vervoer en horeca;2011/'12;237;24;96;28;89;145;92;7;36;14;88;17;60;14;1
1347;Totaal mannen en vrouwen;15 tot 20 jaar;Sector techniek;G-I Handel, vervoer en horeca;2012/'13;253;20;89;20;124;183;70;13;34;15;121;7;55;5;3
1348;Totaal mannen en vrouwen;15 tot 20 jaar;Sector techniek;G-I Handel, vervoer en horeca;2013/'14;225;11;82;17;115;182;43;7;45;15;115;4;37;2;0
1349;Totaal mannen en vrouwen;15 tot 20 jaar;Sector techniek;G-I Handel, vervoer en horeca;2014/'15;275;71;80;15;109;220;55;64;39;11;106;7;41;4;3
1350;Totaal mannen en vrouwen;15 tot 20 jaar;Sector techniek;G-I Handel, vervoer en horeca;2015/'16;292;77;91;21;103;238;54;67;54;14;103;10;37;7;0
1351;Totaal mannen en vrouwen;15 tot 20 jaar;Sector techniek;G-I Handel, vervoer en horeca;2016/'17;133;1;27;31;74;91;42;1;9;11;70;0;18;20;4
1352;Totaal mannen en vrouwen;15 tot 20 jaar;Sector techniek;G-I Handel, vervoer en horeca;2017/'18;122;0;32;27;63;85;37;0;15;10;60;0;17;17;3
1353;Totaal mannen en vrouwen;15 tot 20 jaar;Sector techniek;G-I Handel, vervoer en horeca;2018/'19;124;0;19;19;86;88;36;0;3;5;80;0;16;14;6
1354;Totaal mannen en vrouwen;15 tot 20 jaar;Sector techniek;G-I Handel, vervoer en horeca;2019/'20;120;0;28;21;71;79;41;0;7;6;66;0;21;15;5
1355;Totaal mannen en vrouwen;15 tot 20 jaar;Sector techniek;G-I Handel, vervoer en horeca;2020/'21;160;0;29;23;108;118;42;0;12;10;96;0;17;13;12
1356;Totaal mannen en vrouwen;15 tot 20 jaar;Sector techniek;J Informatie en communicatie;2009/'10;2;0;0;0;2;1;1;0;0;0;1;0;0;0;1
1357;Totaal mannen en vrouwen;15 tot 20 jaar;Sector techniek;J Informatie en communicatie;2010/'11;3;0;1;0;2;2;1;0;0;0;2;0;1;0;0
1358;Totaal mannen en vrouwen;15 tot 20 jaar;Sector techniek;J Informatie en communicatie;2011/'12;0;0;0;0;0;0;0;0;0;0;0;0;0;0;0
1359;Totaal mannen en vrouwen;15 tot 20 jaar;Sector techniek;J Informatie en communicatie;2012/'13;2;0;1;0;1;2;0;0;1;0;1;0;0;0;0
1360;Totaal mannen en vrouwen;15 tot 20 jaar;Sector techniek;J Informatie en communicatie;2013/'14;4;0;1;0;3;3;1;0;0;0;3;0;1;0;0
1361;Totaal mannen en vrouwen;15 tot 20 jaar;Sector techniek;J Informatie en communicatie;2014/'15;0;0;0;0;0;0;0;0;0;0;0;0;0;0;0
1362;Totaal mannen en vrouwen;15 tot 20 jaar;Sector techniek;J Informatie en communicatie;2015/'16;1;0;0;0;1;1;0;0;0;0;1;0;0;0;0
1363;Totaal mannen en vrouwen;15 tot 20 jaar;Sector techniek;J Informatie en communicatie;2016/'17;1;0;0;0;1;1;0;0;0;0;1;0;0;0;0
1364;Totaal mannen en vrouwen;15 tot 20 jaar;Sector techniek;J Informatie en communicatie;2017/'18;0;0;0;0;0;0;0;0;0;0;0;0;0;0;0
1365;Totaal mannen en vrouwen;15 tot 20 jaar;Sector techniek;J Informatie en communicatie;2018/'19;3;0;0;1;2;2;1;0;0;0;2;0;0;1;0
1366;Totaal mannen en vrouwen;15 tot 20 jaar;Sector techniek;J Informatie en communicatie;2019/'20;4;0;1;1;2;2;2;0;0;0;2;0;1;1;0
1367;Totaal mannen en vrouwen;15 tot 20 jaar;Sector techniek;J Informatie en communicatie;2020/'21;2;0;1;0;1;1;1;0;0;0;1;0;1;0;0
1368;Totaal mannen en vrouwen;15 tot 20 jaar;Sector techniek;K Financiële dienstverlening;2009/'10;0;0;0;0;0;0;0;0;0;0;0;0;0;0;0
1369;Totaal mannen en vrouwen;15 tot 20 jaar;Sector techniek;K Financiële dienstverlening;2010/'11;0;0;0;0;0;0;0;0;0;0;0;0;0;0;0
1370;Totaal mannen en vrouwen;15 tot 20 jaar;Sector techniek;K Financiële dienstverlening;2011/'12;0;0;0;0;0;0;0;0;0;0;0;0;0;0;0
1371;Totaal mannen en vrouwen;15 tot 20 jaar;Sector techniek;K Financiële dienstverlening;2012/'13;0;0;0;0;0;0;0;0;0;0;0;0;0;0;0
1372;Totaal mannen en vrouwen;15 tot 20 jaar;Sector techniek;K Financiële dienstverlening;2013/'14;3;0;1;0;2;1;2;0;0;0;1;0;1;0;1
1373;Totaal mannen en vrouwen;15 tot 20 jaar;Sector techniek;K Financiële dienstverlening;2014/'15;0;0;0;0;0;0;0;0;0;0;0;0;0;0;0
1374;Totaal mannen en vrouwen;15 tot 20 jaar;Sector techniek;K Financiële dienstverlening;2015/'16;2;0;0;1;1;2;0;0;0;1;1;0;0;0;0
1375;Totaal mannen en vrouwen;15 tot 20 jaar;Sector techniek;K Financiële dienstverlening;2016/'17;0;0;0;0;0;0;0;0;0;0;0;0;0;0;0
1376;Totaal mannen en vrouwen;15 tot 20 jaar;Sector techniek;K Financiële dienstverlening;2017/'18;1;0;0;0;1;1;0;0;0;0;1;0;0;0;0
1377;Totaal mannen en vrouwen;15 tot 20 jaar;Sector techniek;K Financiële dienstverlening;2018/'19;0;0;0;0;0;0;0;0;0;0;0;0;0;0;0
1378;Totaal mannen en vrouwen;15 tot 20 jaar;Sector techniek;K Financiële dienstverlening;2019/'20;0;0;0;0;0;0;0;0;0;0;0;0;0;0;0
1379;Totaal mannen en vrouwen;15 tot 20 jaar;Sector techniek;K Financiële dienstverlening;2020/'21;0;0;0;0;0;0;0;0;0;0;0;0;0;0;0
1380;Totaal mannen en vrouwen;15 tot 20 jaar;Sector techniek;L Verhuur en handel van onroerend goed;2009/'10;0;0;0;0;0;0;0;0;0;0;0;0;0;0;0
1381;Totaal mannen en vrouwen;15 tot 20 jaar;Sector techniek;L Verhuur en handel van onroerend goed;2010/'11;1;0;1;0;0;0;1;0;0;0;0;0;1;0;0
1382;Totaal mannen en vrouwen;15 tot 20 jaar;Sector techniek;L Verhuur en handel van onroerend goed;2011/'12;2;0;0;0;2;2;0;0;0;0;2;0;0;0;0
1383;Totaal mannen en vrouwen;15 tot 20 jaar;Sector techniek;L Verhuur en handel van onroerend goed;2012/'13;1;0;0;0;1;1;0;0;0;0;1;0;0;0;0
1384;Totaal mannen en vrouwen;15 tot 20 jaar;Sector techniek;L Verhuur en handel van onroerend goed;2013/'14;0;0;0;0;0;0;0;0;0;0;0;0;0;0;0
1385;Totaal mannen en vrouwen;15 tot 20 jaar;Sector techniek;L Verhuur en handel van onroerend goed;2014/'15;0;0;0;0;0;0;0;0;0;0;0;0;0;0;0
1386;Totaal mannen en vrouwen;15 tot 20 jaar;Sector techniek;L Verhuur en handel van onroerend goed;2015/'16;5;2;1;0;2;4;1;2;0;0;2;0;1;0;0
1387;Totaal mannen en vrouwen;15 tot 20 jaar;Sector techniek;L Verhuur en handel van onroerend goed;2016/'17;0;0;0;0;0;0;0;0;0;0;0;0;0;0;0
1388;Totaal mannen en vrouwen;15 tot 20 jaar;Sector techniek;L Verhuur en handel van onroerend goed;2017/'18;0;0;0;0;0;0;0;0;0;0;0;0;0;0;0
1389;Totaal mannen en vrouwen;15 tot 20 jaar;Sector techniek;L Verhuur en handel van onroerend goed;2018/'19;0;0;0;0;0;0;0;0;0;0;0;0;0;0;0
1390;Totaal mannen en vrouwen;15 tot 20 jaar;Sector techniek;L Verhuur en handel van onroerend goed;2019/'20;0;0;0;0;0;0;0;0;0;0;0;0;0;0;0
1391;Totaal mannen en vrouwen;15 tot 20 jaar;Sector techniek;L Verhuur en handel van onroerend goed;2020/'21;1;0;0;0;1;1;0;0;0;0;1;0;0;0;0
1392;Totaal mannen en vrouwen;15 tot 20 jaar;Sector techniek;M-N Zakelijke dienstverlening;2009/'10;104;11;47;4;42;62;42;5;15;1;41;6;32;3;1
1393;Totaal mannen en vrouwen;15 tot 20 jaar;Sector techniek;M-N Zakelijke dienstverlening;2010/'11;86;12;41;1;32;45;41;4;11;0;30;8;30;1;2
1394;Totaal mannen en vrouwen;15 tot 20 jaar;Sector techniek;M-N Zakelijke dienstverlening;2011/'12;76;7;37;3;29;41;35;3;10;2;26;4;27;1;3
1395;Totaal mannen en vrouwen;15 tot 20 jaar;Sector techniek;M-N Zakelijke dienstverlening;2012/'13;67;7;27;11;22;48;19;5;14;7;22;2;13;4;0
1396;Totaal mannen en vrouwen;15 tot 20 jaar;Sector techniek;M-N Zakelijke dienstverlening;2013/'14;43;7;13;3;20;29;14;4;5;1;19;3;8;2;1
1397;Totaal mannen en vrouwen;15 tot 20 jaar;Sector techniek;M-N Zakelijke dienstverlening;2014/'15;60;17;18;9;16;38;22;13;4;5;16;4;14;4;0
1398;Totaal mannen en vrouwen;15 tot 20 jaar;Sector techniek;M-N Zakelijke dienstverlening;2015/'16;72;21;25;4;22;58;14;19;14;3;22;2;11;1;0
1399;Totaal mannen en vrouwen;15 tot 20 jaar;Sector techniek;M-N Zakelijke dienstverlening;2016/'17;29;1;7;5;16;19;10;0;2;1;16;1;5;4;0
1400;Totaal mannen en vrouwen;15 tot 20 jaar;Sector techniek;M-N Zakelijke dienstverlening;2017/'18;45;0;12;6;27;30;15;0;2;2;26;0;10;4;1
1401;Totaal mannen en vrouwen;15 tot 20 jaar;Sector techniek;M-N Zakelijke dienstverlening;2018/'19;38;0;15;8;15;17;21;0;4;2;11;0;11;6;4
1402;Totaal mannen en vrouwen;15 tot 20 jaar;Sector techniek;M-N Zakelijke dienstverlening;2019/'20;39;0;15;4;20;21;18;0;4;1;16;0;11;3;4
1403;Totaal mannen en vrouwen;15 tot 20 jaar;Sector techniek;M-N Zakelijke dienstverlening;2020/'21;49;0;19;7;23;29;20;0;5;1;23;0;14;6;0
1404;Totaal mannen en vrouwen;15 tot 20 jaar;Sector techniek;O-Q Overheid en zorg;2009/'10;20;2;12;2;4;8;12;0;4;0;4;2;8;2;0
1405;Totaal mannen en vrouwen;15 tot 20 jaar;Sector techniek;O-Q Overheid en zorg;2010/'11;26;2;15;1;8;13;13;2;2;1;8;0;13;0;0
1406;Totaal mannen en vrouwen;15 tot 20 jaar;Sector techniek;O-Q Overheid en zorg;2011/'12;21;1;12;3;5;7;14;0;1;1;5;1;11;2;0
1407;Totaal mannen en vrouwen;15 tot 20 jaar;Sector techniek;O-Q Overheid en zorg;2012/'13;8;0;0;0;8;8;0;0;0;0;8;0;0;0;0
1408;Totaal mannen en vrouwen;15 tot 20 jaar;Sector techniek;O-Q Overheid en zorg;2013/'14;12;0;8;0;4;7;5;0;3;0;4;0;5;0;0
1409;Totaal mannen en vrouwen;15 tot 20 jaar;Sector techniek;O-Q Overheid en zorg;2014/'15;10;2;3;0;5;9;1;2;2;0;5;0;1;0;0
1410;Totaal mannen en vrouwen;15 tot 20 jaar;Sector techniek;O-Q Overheid en zorg;2015/'16;10;2;3;0;5;7;3;2;0;0;5;0;3;0;0
1411;Totaal mannen en vrouwen;15 tot 20 jaar;Sector techniek;O-Q Overheid en zorg;2016/'17;0;0;0;0;0;0;0;0;0;0;0;0;0;0;0
1412;Totaal mannen en vrouwen;15 tot 20 jaar;Sector techniek;O-Q Overheid en zorg;2017/'18;6;0;0;1;5;5;1;0;0;0;5;0;0;1;0
1413;Totaal mannen en vrouwen;15 tot 20 jaar;Sector techniek;O-Q Overheid en zorg;2018/'19;4;0;0;1;3;3;1;0;0;0;3;0;0;1;0
1414;Totaal mannen en vrouwen;15 tot 20 jaar;Sector techniek;O-Q Overheid en zorg;2019/'20;1;0;0;0;1;1;0;0;0;0;1;0;0;0;0
1415;Totaal mannen en vrouwen;15 tot 20 jaar;Sector techniek;O-Q Overheid en zorg;2020/'21;2;0;0;0;2;2;0;0;0;0;2;0;0;0;0
1416;Totaal mannen en vrouwen;15 tot 20 jaar;Sector techniek;R-U Cultuur, recreatie, overige diensten;2009/'10;7;0;1;1;5;4;3;0;0;0;4;0;1;1;1
1417;Totaal mannen en vrouwen;15 tot 20 jaar;Sector techniek;R-U Cultuur, recreatie, overige diensten;2010/'11;9;0;3;2;4;6;3;0;1;1;4;0;2;1;0
1418;Totaal mannen en vrouwen;15 tot 20 jaar;Sector techniek;R-U Cultuur, recreatie, overige diensten;2011/'12;11;2;6;1;2;6;5;1;2;1;2;1;4;0;0
1419;Totaal mannen en vrouwen;15 tot 20 jaar;Sector techniek;R-U Cultuur, recreatie, overige diensten;2012/'13;5;0;3;0;2;3;2;0;1;0;2;0;2;0;0
1420;Totaal mannen en vrouwen;15 tot 20 jaar;Sector techniek;R-U Cultuur, recreatie, overige diensten;2013/'14;9;1;3;0;5;6;3;0;1;0;5;1;2;0;0
1421;Totaal mannen en vrouwen;15 tot 20 jaar;Sector techniek;R-U Cultuur, recreatie, overige diensten;2014/'15;5;0;1;0;4;5;0;0;1;0;4;0;0;0;0
1422;Totaal mannen en vrouwen;15 tot 20 jaar;Sector techniek;R-U Cultuur, recreatie, overige diensten;2015/'16;14;3;6;1;4;10;4;2;4;0;4;1;2;1;0
1423;Totaal mannen en vrouwen;15 tot 20 jaar;Sector techniek;R-U Cultuur, recreatie, overige diensten;2016/'17;4;0;2;0;2;2;2;0;0;0;2;0;2;0;0
1424;Totaal mannen en vrouwen;15 tot 20 jaar;Sector techniek;R-U Cultuur, recreatie, overige diensten;2017/'18;4;0;0;0;4;4;0;0;0;0;4;0;0;0;0
1425;Totaal mannen en vrouwen;15 tot 20 jaar;Sector techniek;R-U Cultuur, recreatie, overige diensten;2018/'19;6;0;3;0;3;3;3;0;0;0;3;0;3;0;0
1426;Totaal mannen en vrouwen;15 tot 20 jaar;Sector techniek;R-U Cultuur, recreatie, overige diensten;2019/'20;4;0;1;0;3;3;1;0;0;0;3;0;1;0;0
1427;Totaal mannen en vrouwen;15 tot 20 jaar;Sector techniek;R-U Cultuur, recreatie, overige diensten;2020/'21;5;0;2;0;3;5;0;0;2;0;3;0;0;0;0
1428;Totaal mannen en vrouwen;15 tot 20 jaar;Sector techniek;SBI-code onbekend;2009/'10;3;1;2;0;0;2;1;1;1;0;0;0;1;0;0
1429;Totaal mannen en vrouwen;15 tot 20 jaar;Sector techniek;SBI-code onbekend;2010/'11;1;0;0;0;1;1;0;0;0;0;1;0;0;0;0
1430;Totaal mannen en vrouwen;15 tot 20 jaar;Sector techniek;SBI-code onbekend;2011/'12;1;1;0;0;0;0;1;0;0;0;0;1;0;0;0
1431;Totaal mannen en vrouwen;15 tot 20 jaar;Sector techniek;SBI-code onbekend;2012/'13;1;0;0;0;1;1;0;0;0;0;1;0;0;0;0
1432;Totaal mannen en vrouwen;15 tot 20 jaar;Sector techniek;SBI-code onbekend;2013/'14;3;0;0;0;3;3;0;0;0;0;3;0;0;0;0
1433;Totaal mannen en vrouwen;15 tot 20 jaar;Sector techniek;SBI-code onbekend;2014/'15;3;3;0;0;0;2;1;2;0;0;0;1;0;0;0
1434;Totaal mannen en vrouwen;15 tot 20 jaar;Sector techniek;SBI-code onbekend;2015/'16;0;0;0;0;0;0;0;0;0;0;0;0;0;0;0
1435;Totaal mannen en vrouwen;15 tot 20 jaar;Sector techniek;SBI-code onbekend;2016/'17;1;0;0;0;1;1;0;0;0;0;1;0;0;0;0
1436;Totaal mannen en vrouwen;15 tot 20 jaar;Sector techniek;SBI-code onbekend;2017/'18;1;0;0;0;1;1;0;0;0;0;1;0;0;0;0
1437;Totaal mannen en vrouwen;15 tot 20 jaar;Sector techniek;SBI-code onbekend;2018/'19;0;0;0;0;0;0;0;0;0;0;0;0;0;0;0
1438;Totaal mannen en vrouwen;15 tot 20 jaar;Sector techniek;SBI-code onbekend;2019/'20;0;0;0;0;0;0;0;0;0;0;0;0;0;0;0
1439;Totaal mannen en vrouwen;15 tot 20 jaar;Sector techniek;SBI-code onbekend;2020/'21;1;0;0;1;0;1;0;0;0;1;0;0;0;0;0
1440;Totaal mannen en vrouwen;15 tot 20 jaar;Sector zorg en welzijn;A-U Alle economische activiteiten;2009/'10;317;14;86;87;130;255;62;13;67;66;109;1;19;21;21
1441;Totaal mannen en vrouwen;15 tot 20 jaar;Sector zorg en welzijn;A-U Alle economische activiteiten;2010/'11;314;14;82;90;128;259;55;14;64;69;112;0;18;21;16
1442;Totaal mannen en vrouwen;15 tot 20 jaar;Sector zorg en welzijn;A-U Alle economische activiteiten;2011/'12;263;8;60;77;118;206;57;6;48;56;96;2;12;21;22
1443;Totaal mannen en vrouwen;15 tot 20 jaar;Sector zorg en welzijn;A-U Alle economische activiteiten;2012/'13;259;13;57;69;120;218;41;8;50;51;109;5;7;18;11
1444;Totaal mannen en vrouwen;15 tot 20 jaar;Sector zorg en welzijn;A-U Alle economische activiteiten;2013/'14;257;10;41;67;139;235;22;10;39;61;125;0;2;6;14
1445;Totaal mannen en vrouwen;15 tot 20 jaar;Sector zorg en welzijn;A-U Alle economische activiteiten;2014/'15;197;9;50;38;100;179;18;9;47;30;93;0;3;8;7
1446;Totaal mannen en vrouwen;15 tot 20 jaar;Sector zorg en welzijn;A-U Alle economische activiteiten;2015/'16;217;0;48;57;112;208;9;0;47;54;107;0;1;3;5
1447;Totaal mannen en vrouwen;15 tot 20 jaar;Sector zorg en welzijn;A-U Alle economische activiteiten;2016/'17;188;0;32;26;130;172;16;0;28;19;125;0;4;7;5
1448;Totaal mannen en vrouwen;15 tot 20 jaar;Sector zorg en welzijn;A-U Alle economische activiteiten;2017/'18;190;0;26;32;132;170;20;0;22;22;126;0;4;10;6
1449;Totaal mannen en vrouwen;15 tot 20 jaar;Sector zorg en welzijn;A-U Alle economische activiteiten;2018/'19;200;0;31;30;139;175;25;0;26;18;131;0;5;12;8
1450;Totaal mannen en vrouwen;15 tot 20 jaar;Sector zorg en welzijn;A-U Alle economische activiteiten;2019/'20;176;0;21;30;125;152;24;0;20;18;114;0;1;12;11
1451;Totaal mannen en vrouwen;15 tot 20 jaar;Sector zorg en welzijn;A-U Alle economische activiteiten;2020/'21;202;0;26;14;162;180;22;0;22;10;148;0;4;4;14
1452;Totaal mannen en vrouwen;15 tot 20 jaar;Sector zorg en welzijn;A Landbouw, bosbouw en visserij;2009/'10;4;0;1;1;2;4;0;0;1;1;2;0;0;0;0
1453;Totaal mannen en vrouwen;15 tot 20 jaar;Sector zorg en welzijn;A Landbouw, bosbouw en visserij;2010/'11;5;0;0;2;3;3;2;0;0;1;2;0;0;1;1
1454;Totaal mannen en vrouwen;15 tot 20 jaar;Sector zorg en welzijn;A Landbouw, bosbouw en visserij;2011/'12;6;0;2;0;4;5;1;0;1;0;4;0;1;0;0
1455;Totaal mannen en vrouwen;15 tot 20 jaar;Sector zorg en welzijn;A Landbouw, bosbouw en visserij;2012/'13;2;0;1;0;1;2;0;0;1;0;1;0;0;0;0
1456;Totaal mannen en vrouwen;15 tot 20 jaar;Sector zorg en welzijn;A Landbouw, bosbouw en visserij;2013/'14;7;0;2;0;5;7;0;0;2;0;5;0;0;0;0
1457;Totaal mannen en vrouwen;15 tot 20 jaar;Sector zorg en welzijn;A Landbouw, bosbouw en visserij;2014/'15;4;1;0;0;3;4;0;1;0;0;3;0;0;0;0
1458;Totaal mannen en vrouwen;15 tot 20 jaar;Sector zorg en welzijn;A Landbouw, bosbouw en visserij;2015/'16;3;0;1;1;1;3;0;0;1;1;1;0;0;0;0
1459;Totaal mannen en vrouwen;15 tot 20 jaar;Sector zorg en welzijn;A Landbouw, bosbouw en visserij;2016/'17;4;0;1;1;2;4;0;0;1;1;2;0;0;0;0
1460;Totaal mannen en vrouwen;15 tot 20 jaar;Sector zorg en welzijn;A Landbouw, bosbouw en visserij;2017/'18;2;0;1;0;1;2;0;0;1;0;1;0;0;0;0
1461;Totaal mannen en vrouwen;15 tot 20 jaar;Sector zorg en welzijn;A Landbouw, bosbouw en visserij;2018/'19;4;0;1;0;3;4;0;0;1;0;3;0;0;0;0
1462;Totaal mannen en vrouwen;15 tot 20 jaar;Sector zorg en welzijn;A Landbouw, bosbouw en visserij;2019/'20;4;0;0;0;4;3;1;0;0;0;3;0;0;0;1
1463;Totaal mannen en vrouwen;15 tot 20 jaar;Sector zorg en welzijn;A Landbouw, bosbouw en visserij;2020/'21;1;0;0;0;1;1;0;0;0;0;1;0;0;0;0
1464;Totaal mannen en vrouwen;15 tot 20 jaar;Sector zorg en welzijn;B-E Nijverheid (geen bouw) en energie;2009/'10;10;0;2;4;4;7;3;0;2;3;2;0;0;1;2
1465;Totaal mannen en vrouwen;15 tot 20 jaar;Sector zorg en welzijn;B-E Nijverheid (geen bouw) en energie;2010/'11;7;0;3;1;3;6;1;0;3;1;2;0;0;0;1
1466;Totaal mannen en vrouwen;15 tot 20 jaar;Sector zorg en welzijn;B-E Nijverheid (geen bouw) en energie;2011/'12;4;1;1;2;0;4;0;1;1;2;0;0;0;0;0
1467;Totaal mannen en vrouwen;15 tot 20 jaar;Sector zorg en welzijn;B-E Nijverheid (geen bouw) en energie;2012/'13;7;1;0;2;4;6;1;0;0;2;4;1;0;0;0
1468;Totaal mannen en vrouwen;15 tot 20 jaar;Sector zorg en welzijn;B-E Nijverheid (geen bouw) en energie;2013/'14;5;0;0;3;2;5;0;0;0;3;2;0;0;0;0
1469;Totaal mannen en vrouwen;15 tot 20 jaar;Sector zorg en welzijn;B-E Nijverheid (geen bouw) en energie;2014/'15;3;0;2;0;1;3;0;0;2;0;1;0;0;0;0
1470;Totaal mannen en vrouwen;15 tot 20 jaar;Sector zorg en welzijn;B-E Nijverheid (geen bouw) en energie;2015/'16;4;0;2;0;2;4;0;0;2;0;2;0;0;0;0
1471;Totaal mannen en vrouwen;15 tot 20 jaar;Sector zorg en welzijn;B-E Nijverheid (geen bouw) en energie;2016/'17;5;0;0;3;2;5;0;0;0;3;2;0;0;0;0
1472;Totaal mannen en vrouwen;15 tot 20 jaar;Sector zorg en welzijn;B-E Nijverheid (geen bouw) en energie;2017/'18;3;0;1;0;2;0;3;0;0;0;0;0;1;0;2
1473;Totaal mannen en vrouwen;15 tot 20 jaar;Sector zorg en welzijn;B-E Nijverheid (geen bouw) en energie;2018/'19;2;0;0;0;2;2;0;0;0;0;2;0;0;0;0
1474;Totaal mannen en vrouwen;15 tot 20 jaar;Sector zorg en welzijn;B-E Nijverheid (geen bouw) en energie;2019/'20;5;0;0;2;3;3;2;0;0;1;2;0;0;1;1
1475;Totaal mannen en vrouwen;15 tot 20 jaar;Sector zorg en welzijn;B-E Nijverheid (geen bouw) en energie;2020/'21;5;0;1;0;4;5;0;0;1;0;4;0;0;0;0
1476;Totaal mannen en vrouwen;15 tot 20 jaar;Sector zorg en welzijn;F Bouwnijverheid;2009/'10;1;1;0;0;0;1;0;1;0;0;0;0;0;0;0
1477;Totaal mannen en vrouwen;15 tot 20 jaar;Sector zorg en welzijn;F Bouwnijverheid;2010/'11;3;0;1;0;2;3;0;0;1;0;2;0;0;0;0
1478;Totaal mannen en vrouwen;15 tot 20 jaar;Sector zorg en welzijn;F Bouwnijverheid;2011/'12;0;0;0;0;0;0;0;0;0;0;0;0;0;0;0
1479;Totaal mannen en vrouwen;15 tot 20 jaar;Sector zorg en welzijn;F Bouwnijverheid;2012/'13;2;0;0;1;1;2;0;0;0;1;1;0;0;0;0
1480;Totaal mannen en vrouwen;15 tot 20 jaar;Sector zorg en welzijn;F Bouwnijverheid;2013/'14;0;0;0;0;0;0;0;0;0;0;0;0;0;0;0
1481;Totaal mannen en vrouwen;15 tot 20 jaar;Sector zorg en welzijn;F Bouwnijverheid;2014/'15;0;0;0;0;0;0;0;0;0;0;0;0;0;0;0
1482;Totaal mannen en vrouwen;15 tot 20 jaar;Sector zorg en welzijn;F Bouwnijverheid;2015/'16;2;0;0;0;2;2;0;0;0;0;2;0;0;0;0
1483;Totaal mannen en vrouwen;15 tot 20 jaar;Sector zorg en welzijn;F Bouwnijverheid;2016/'17;0;0;0;0;0;0;0;0;0;0;0;0;0;0;0
1484;Totaal mannen en vrouwen;15 tot 20 jaar;Sector zorg en welzijn;F Bouwnijverheid;2017/'18;0;0;0;0;0;0;0;0;0;0;0;0;0;0;0
1485;Totaal mannen en vrouwen;15 tot 20 jaar;Sector zorg en welzijn;F Bouwnijverheid;2018/'19;2;0;0;0;2;2;0;0;0;0;2;0;0;0;0
1486;Totaal mannen en vrouwen;15 tot 20 jaar;Sector zorg en welzijn;F Bouwnijverheid;2019/'20;2;0;0;0;2;2;0;0;0;0;2;0;0;0;0
1487;Totaal mannen en vrouwen;15 tot 20 jaar;Sector zorg en welzijn;F Bouwnijverheid;2020/'21;1;0;1;0;0;1;0;0;1;0;0;0;0;0;0
1488;Totaal mannen en vrouwen;15 tot 20 jaar;Sector zorg en welzijn;G-I Handel, vervoer en horeca;2009/'10;194;7;57;50;80;157;37;7;44;38;68;0;13;12;12
1489;Totaal mannen en vrouwen;15 tot 20 jaar;Sector zorg en welzijn;G-I Handel, vervoer en horeca;2010/'11;201;13;57;53;78;172;29;13;47;42;70;0;10;11;8
1490;Totaal mannen en vrouwen;15 tot 20 jaar;Sector zorg en welzijn;G-I Handel, vervoer en horeca;2011/'12;165;5;37;51;72;138;27;3;30;41;64;2;7;10;8
1491;Totaal mannen en vrouwen;15 tot 20 jaar;Sector zorg en welzijn;G-I Handel, vervoer en horeca;2012/'13;181;8;43;50;80;162;19;7;39;40;76;1;4;10;4
1492;Totaal mannen en vrouwen;15 tot 20 jaar;Sector zorg en welzijn;G-I Handel, vervoer en horeca;2013/'14;192;10;30;44;108;179;13;10;29;42;98;0;1;2;10
1493;Totaal mannen en vrouwen;15 tot 20 jaar;Sector zorg en welzijn;G-I Handel, vervoer en horeca;2014/'15;149;2;40;29;78;137;12;2;38;23;74;0;2;6;4
1494;Totaal mannen en vrouwen;15 tot 20 jaar;Sector zorg en welzijn;G-I Handel, vervoer en horeca;2015/'16;167;0;36;42;89;161;6;0;36;40;85;0;0;2;4
1495;Totaal mannen en vrouwen;15 tot 20 jaar;Sector zorg en welzijn;G-I Handel, vervoer en horeca;2016/'17;145;0;24;16;105;135;10;0;23;11;101;0;1;5;4
1496;Totaal mannen en vrouwen;15 tot 20 jaar;Sector zorg en welzijn;G-I Handel, vervoer en horeca;2017/'18;134;0;14;19;101;126;8;0;12;16;98;0;2;3;3
1497;Totaal mannen en vrouwen;15 tot 20 jaar;Sector zorg en welzijn;G-I Handel, vervoer en horeca;2018/'19;125;0;17;19;89;110;15;0;14;10;86;0;3;9;3
1498;Totaal mannen en vrouwen;15 tot 20 jaar;Sector zorg en welzijn;G-I Handel, vervoer en horeca;2019/'20;128;0;17;24;87;114;14;0;16;16;82;0;1;8;5
1499;Totaal mannen en vrouwen;15 tot 20 jaar;Sector zorg en welzijn;G-I Handel, vervoer en horeca;2020/'21;123;0;15;10;98;109;14;0;13;7;89;0;2;3;9
1500;Totaal mannen en vrouwen;15 tot 20 jaar;Sector zorg en welzijn;J Informatie en communicatie;2009/'10;0;0;0;0;0;0;0;0;0;0;0;0;0;0;0
1501;Totaal mannen en vrouwen;15 tot 20 jaar;Sector zorg en welzijn;J Informatie en communicatie;2010/'11;2;0;0;1;1;2;0;0;0;1;1;0;0;0;0
1502;Totaal mannen en vrouwen;15 tot 20 jaar;Sector zorg en welzijn;J Informatie en communicatie;2011/'12;1;0;0;0;1;1;0;0;0;0;1;0;0;0;0
1503;Totaal mannen en vrouwen;15 tot 20 jaar;Sector zorg en welzijn;J Informatie en communicatie;2012/'13;0;0;0;0;0;0;0;0;0;0;0;0;0;0;0
1504;Totaal mannen en vrouwen;15 tot 20 jaar;Sector zorg en welzijn;J Informatie en communicatie;2013/'14;4;0;0;1;3;4;0;0;0;1;3;0;0;0;0
1505;Totaal mannen en vrouwen;15 tot 20 jaar;Sector zorg en welzijn;J Informatie en communicatie;2014/'15;0;0;0;0;0;0;0;0;0;0;0;0;0;0;0
1506;Totaal mannen en vrouwen;15 tot 20 jaar;Sector zorg en welzijn;J Informatie en communicatie;2015/'16;0;0;0;0;0;0;0;0;0;0;0;0;0;0;0
1507;Totaal mannen en vrouwen;15 tot 20 jaar;Sector zorg en welzijn;J Informatie en communicatie;2016/'17;1;0;0;0;1;1;0;0;0;0;1;0;0;0;0
1508;Totaal mannen en vrouwen;15 tot 20 jaar;Sector zorg en welzijn;J Informatie en communicatie;2017/'18;0;0;0;0;0;0;0;0;0;0;0;0;0;0;0
1509;Totaal mannen en vrouwen;15 tot 20 jaar;Sector zorg en welzijn;J Informatie en communicatie;2018/'19;3;0;0;0;3;3;0;0;0;0;3;0;0;0;0
1510;Totaal mannen en vrouwen;15 tot 20 jaar;Sector zorg en welzijn;J Informatie en communicatie;2019/'20;0;0;0;0;0;0;0;0;0;0;0;0;0;0;0
1511;Totaal mannen en vrouwen;15 tot 20 jaar;Sector zorg en welzijn;J Informatie en communicatie;2020/'21;2;0;0;0;2;2;0;0;0;0;2;0;0;0;0
1512;Totaal mannen en vrouwen;15 tot 20 jaar;Sector zorg en welzijn;K Financiële dienstverlening;2009/'10;0;0;0;0;0;0;0;0;0;0;0;0;0;0;0
1513;Totaal mannen en vrouwen;15 tot 20 jaar;Sector zorg en welzijn;K Financiële dienstverlening;2010/'11;1;0;0;1;0;1;0;0;0;1;0;0;0;0;0
1514;Totaal mannen en vrouwen;15 tot 20 jaar;Sector zorg en welzijn;K Financiële dienstverlening;2011/'12;0;0;0;0;0;0;0;0;0;0;0;0;0;0;0
1515;Totaal mannen en vrouwen;15 tot 20 jaar;Sector zorg en welzijn;K Financiële dienstverlening;2012/'13;0;0;0;0;0;0;0;0;0;0;0;0;0;0;0
1516;Totaal mannen en vrouwen;15 tot 20 jaar;Sector zorg en welzijn;K Financiële dienstverlening;2013/'14;0;0;0;0;0;0;0;0;0;0;0;0;0;0;0
1517;Totaal mannen en vrouwen;15 tot 20 jaar;Sector zorg en welzijn;K Financiële dienstverlening;2014/'15;0;0;0;0;0;0;0;0;0;0;0;0;0;0;0
1518;Totaal mannen en vrouwen;15 tot 20 jaar;Sector zorg en welzijn;K Financiële dienstverlening;2015/'16;0;0;0;0;0;0;0;0;0;0;0;0;0;0;0
1519;Totaal mannen en vrouwen;15 tot 20 jaar;Sector zorg en welzijn;K Financiële dienstverlening;2016/'17;0;0;0;0;0;0;0;0;0;0;0;0;0;0;0
1520;Totaal mannen en vrouwen;15 tot 20 jaar;Sector zorg en welzijn;K Financiële dienstverlening;2017/'18;0;0;0;0;0;0;0;0;0;0;0;0;0;0;0
1521;Totaal mannen en vrouwen;15 tot 20 jaar;Sector zorg en welzijn;K Financiële dienstverlening;2018/'19;1;0;0;1;0;0;1;0;0;0;0;0;0;1;0
1522;Totaal mannen en vrouwen;15 tot 20 jaar;Sector zorg en welzijn;K Financiële dienstverlening;2019/'20;0;0;0;0;0;0;0;0;0;0;0;0;0;0;0
1523;Totaal mannen en vrouwen;15 tot 20 jaar;Sector zorg en welzijn;K Financiële dienstverlening;2020/'21;1;0;0;0;1;1;0;0;0;0;1;0;0;0;0
1524;Totaal mannen en vrouwen;15 tot 20 jaar;Sector zorg en welzijn;L Verhuur en handel van onroerend goed;2009/'10;1;0;0;0;1;1;0;0;0;0;1;0;0;0;0
1525;Totaal mannen en vrouwen;15 tot 20 jaar;Sector zorg en welzijn;L Verhuur en handel van onroerend goed;2010/'11;2;0;0;2;0;0;2;0;0;0;0;0;0;2;0
1526;Totaal mannen en vrouwen;15 tot 20 jaar;Sector zorg en welzijn;L Verhuur en handel van onroerend goed;2011/'12;0;0;0;0;0;0;0;0;0;0;0;0;0;0;0
1527;Totaal mannen en vrouwen;15 tot 20 jaar;Sector zorg en welzijn;L Verhuur en handel van onroerend goed;2012/'13;0;0;0;0;0;0;0;0;0;0;0;0;0;0;0
1528;Totaal mannen en vrouwen;15 tot 20 jaar;Sector zorg en welzijn;L Verhuur en handel van onroerend goed;2013/'14;0;0;0;0;0;0;0;0;0;0;0;0;0;0;0
1529;Totaal mannen en vrouwen;15 tot 20 jaar;Sector zorg en welzijn;L Verhuur en handel van onroerend goed;2014/'15;1;0;0;1;0;0;1;0;0;0;0;0;0;1;0
1530;Totaal mannen en vrouwen;15 tot 20 jaar;Sector zorg en welzijn;L Verhuur en handel van onroerend goed;2015/'16;0;0;0;0;0;0;0;0;0;0;0;0;0;0;0
1531;Totaal mannen en vrouwen;15 tot 20 jaar;Sector zorg en welzijn;L Verhuur en handel van onroerend goed;2016/'17;0;0;0;0;0;0;0;0;0;0;0;0;0;0;0
1532;Totaal mannen en vrouwen;15 tot 20 jaar;Sector zorg en welzijn;L Verhuur en handel van onroerend goed;2017/'18;1;0;0;1;0;0;1;0;0;0;0;0;0;1;0
1533;Totaal mannen en vrouwen;15 tot 20 jaar;Sector zorg en welzijn;L Verhuur en handel van onroerend goed;2018/'19;0;0;0;0;0;0;0;0;0;0;0;0;0;0;0
1534;Totaal mannen en vrouwen;15 tot 20 jaar;Sector zorg en welzijn;L Verhuur en handel van onroerend goed;2019/'20;0;0;0;0;0;0;0;0;0;0;0;0;0;0;0
1535;Totaal mannen en vrouwen;15 tot 20 jaar;Sector zorg en welzijn;L Verhuur en handel van onroerend goed;2020/'21;1;0;0;0;1;1;0;0;0;0;1;0;0;0;0
1536;Totaal mannen en vrouwen;15 tot 20 jaar;Sector zorg en welzijn;M-N Zakelijke dienstverlening;2009/'10;58;4;18;15;21;52;6;4;15;13;20;0;3;2;1
1537;Totaal mannen en vrouwen;15 tot 20 jaar;Sector zorg en welzijn;M-N Zakelijke dienstverlening;2010/'11;48;0;11;12;25;43;5;0;9;12;22;0;2;0;3
1538;Totaal mannen en vrouwen;15 tot 20 jaar;Sector zorg en welzijn;M-N Zakelijke dienstverlening;2011/'12;37;1;11;8;17;29;8;1;10;5;13;0;1;3;4
1539;Totaal mannen en vrouwen;15 tot 20 jaar;Sector zorg en welzijn;M-N Zakelijke dienstverlening;2012/'13;28;0;9;4;15;25;3;0;8;2;15;0;1;2;0
1540;Totaal mannen en vrouwen;15 tot 20 jaar;Sector zorg en welzijn;M-N Zakelijke dienstverlening;2013/'14;23;0;5;9;9;22;1;0;5;8;9;0;0;1;0
1541;Totaal mannen en vrouwen;15 tot 20 jaar;Sector zorg en welzijn;M-N Zakelijke dienstverlening;2014/'15;17;3;4;4;6;17;0;3;4;4;6;0;0;0;0
1542;Totaal mannen en vrouwen;15 tot 20 jaar;Sector zorg en welzijn;M-N Zakelijke dienstverlening;2015/'16;29;0;6;10;13;28;1;0;6;10;12;0;0;0;1
1543;Totaal mannen en vrouwen;15 tot 20 jaar;Sector zorg en welzijn;M-N Zakelijke dienstverlening;2016/'17;17;0;5;1;11;15;2;0;4;1;10;0;1;0;1
1544;Totaal mannen en vrouwen;15 tot 20 jaar;Sector zorg en welzijn;M-N Zakelijke dienstverlening;2017/'18;28;0;9;5;14;27;1;0;9;4;14;0;0;1;0
1545;Totaal mannen en vrouwen;15 tot 20 jaar;Sector zorg en welzijn;M-N Zakelijke dienstverlening;2018/'19;42;0;9;7;26;41;1;0;9;7;25;0;0;0;1
1546;Totaal mannen en vrouwen;15 tot 20 jaar;Sector zorg en welzijn;M-N Zakelijke dienstverlening;2019/'20;14;0;1;1;12;14;0;0;1;1;12;0;0;0;0
1547;Totaal mannen en vrouwen;15 tot 20 jaar;Sector zorg en welzijn;M-N Zakelijke dienstverlening;2020/'21;40;0;7;1;32;37;3;0;6;1;30;0;1;0;2
1548;Totaal mannen en vrouwen;15 tot 20 jaar;Sector zorg en welzijn;O-Q Overheid en zorg;2009/'10;31;1;3;10;17;20;11;0;2;6;12;1;1;4;5
1549;Totaal mannen en vrouwen;15 tot 20 jaar;Sector zorg en welzijn;O-Q Overheid en zorg;2010/'11;30;1;8;10;11;20;10;1;3;7;9;0;5;3;2
1550;Totaal mannen en vrouwen;15 tot 20 jaar;Sector zorg en welzijn;O-Q Overheid en zorg;2011/'12;42;1;8;12;21;25;17;1;6;6;12;0;2;6;9
1551;Totaal mannen en vrouwen;15 tot 20 jaar;Sector zorg en welzijn;O-Q Overheid en zorg;2012/'13;27;3;4;6;14;11;16;1;2;1;7;2;2;5;7
1552;Totaal mannen en vrouwen;15 tot 20 jaar;Sector zorg en welzijn;O-Q Overheid en zorg;2013/'14;19;0;2;8;9;15;4;0;2;6;7;0;0;2;2
1553;Totaal mannen en vrouwen;15 tot 20 jaar;Sector zorg en welzijn;O-Q Overheid en zorg;2014/'15;13;2;3;2;6;10;3;2;2;1;5;0;1;1;1
1554;Totaal mannen en vrouwen;15 tot 20 jaar;Sector zorg en welzijn;O-Q Overheid en zorg;2015/'16;8;0;2;1;5;8;0;0;2;1;5;0;0;0;0
1555;Totaal mannen en vrouwen;15 tot 20 jaar;Sector zorg en welzijn;O-Q Overheid en zorg;2016/'17;6;0;1;2;3;4;2;0;0;1;3;0;1;1;0
1556;Totaal mannen en vrouwen;15 tot 20 jaar;Sector zorg en welzijn;O-Q Overheid en zorg;2017/'18;14;0;1;5;8;9;5;0;0;1;8;0;1;4;0
1557;Totaal mannen en vrouwen;15 tot 20 jaar;Sector zorg en welzijn;O-Q Overheid en zorg;2018/'19;13;0;1;3;9;9;4;0;1;1;7;0;0;2;2
1558;Totaal mannen en vrouwen;15 tot 20 jaar;Sector zorg en welzijn;O-Q Overheid en zorg;2019/'20;11;0;1;1;9;8;3;0;1;0;7;0;0;1;2
1559;Totaal mannen en vrouwen;15 tot 20 jaar;Sector zorg en welzijn;O-Q Overheid en zorg;2020/'21;20;0;1;1;18;18;2;0;1;0;17;0;0;1;1
1560;Totaal mannen en vrouwen;15 tot 20 jaar;Sector zorg en welzijn;R-U Cultuur, recreatie, overige diensten;2009/'10;18;1;5;7;5;13;5;1;3;5;4;0;2;2;1
1561;Totaal mannen en vrouwen;15 tot 20 jaar;Sector zorg en welzijn;R-U Cultuur, recreatie, overige diensten;2010/'11;15;0;2;8;5;9;6;0;1;4;4;0;1;4;1
1562;Totaal mannen en vrouwen;15 tot 20 jaar;Sector zorg en welzijn;R-U Cultuur, recreatie, overige diensten;2011/'12;8;0;1;4;3;4;4;0;0;2;2;0;1;2;1
1563;Totaal mannen en vrouwen;15 tot 20 jaar;Sector zorg en welzijn;R-U Cultuur, recreatie, overige diensten;2012/'13;12;1;0;6;5;10;2;0;0;5;5;1;0;1;0
1564;Totaal mannen en vrouwen;15 tot 20 jaar;Sector zorg en welzijn;R-U Cultuur, recreatie, overige diensten;2013/'14;7;0;2;2;3;3;4;0;1;1;1;0;1;1;2
1565;Totaal mannen en vrouwen;15 tot 20 jaar;Sector zorg en welzijn;R-U Cultuur, recreatie, overige diensten;2014/'15;10;1;1;2;6;8;2;1;1;2;4;0;0;0;2
1566;Totaal mannen en vrouwen;15 tot 20 jaar;Sector zorg en welzijn;R-U Cultuur, recreatie, overige diensten;2015/'16;4;0;1;3;0;2;2;0;0;2;0;0;1;1;0
1567;Totaal mannen en vrouwen;15 tot 20 jaar;Sector zorg en welzijn;R-U Cultuur, recreatie, overige diensten;2016/'17;9;0;1;3;5;7;2;0;0;2;5;0;1;1;0
1568;Totaal mannen en vrouwen;15 tot 20 jaar;Sector zorg en welzijn;R-U Cultuur, recreatie, overige diensten;2017/'18;8;0;0;2;6;6;2;0;0;1;5;0;0;1;1
1569;Totaal mannen en vrouwen;15 tot 20 jaar;Sector zorg en welzijn;R-U Cultuur, recreatie, overige diensten;2018/'19;6;0;3;0;3;3;3;0;1;0;2;0;2;0;1
1570;Totaal mannen en vrouwen;15 tot 20 jaar;Sector zorg en welzijn;R-U Cultuur, recreatie, overige diensten;2019/'20;12;0;2;2;8;8;4;0;2;0;6;0;0;2;2
1571;Totaal mannen en vrouwen;15 tot 20 jaar;Sector zorg en welzijn;R-U Cultuur, recreatie, overige diensten;2020/'21;8;0;1;2;5;5;3;0;0;2;3;0;1;0;2
1572;Totaal mannen en vrouwen;15 tot 20 jaar;Sector zorg en welzijn;SBI-code onbekend;2009/'10;0;0;0;0;0;0;0;0;0;0;0;0;0;0;0
1573;Totaal mannen en vrouwen;15 tot 20 jaar;Sector zorg en welzijn;SBI-code onbekend;2010/'11;0;0;0;0;0;0;0;0;0;0;0;0;0;0;0
1574;Totaal mannen en vrouwen;15 tot 20 jaar;Sector zorg en welzijn;SBI-code onbekend;2011/'12;0;0;0;0;0;0;0;0;0;0;0;0;0;0;0
1575;Totaal mannen en vrouwen;15 tot 20 jaar;Sector zorg en welzijn;SBI-code onbekend;2012/'13;0;0;0;0;0;0;0;0;0;0;0;0;0;0;0
1576;Totaal mannen en vrouwen;15 tot 20 jaar;Sector zorg en welzijn;SBI-code onbekend;2013/'14;0;0;0;0;0;0;0;0;0;0;0;0;0;0;0
1577;Totaal mannen en vrouwen;15 tot 20 jaar;Sector zorg en welzijn;SBI-code onbekend;2014/'15;0;0;0;0;0;0;0;0;0;0;0;0;0;0;0
1578;Totaal mannen en vrouwen;15 tot 20 jaar;Sector zorg en welzijn;SBI-code onbekend;2015/'16;0;0;0;0;0;0;0;0;0;0;0;0;0;0;0
1579;Totaal mannen en vrouwen;15 tot 20 jaar;Sector zorg en welzijn;SBI-code onbekend;2016/'17;1;0;0;0;1;1;0;0;0;0;1;0;0;0;0
1580;Totaal mannen en vrouwen;15 tot 20 jaar;Sector zorg en welzijn;SBI-code onbekend;2017/'18;0;0;0;0;0;0;0;0;0;0;0;0;0;0;0
1581;Totaal mannen en vrouwen;15 tot 20 jaar;Sector zorg en welzijn;SBI-code onbekend;2018/'19;2;0;0;0;2;1;1;0;0;0;1;0;0;0;1
1582;Totaal mannen en vrouwen;15 tot 20 jaar;Sector zorg en welzijn;SBI-code onbekend;2019/'20;0;0;0;0;0;0;0;0;0;0;0;0;0;0;0
1583;Totaal mannen en vrouwen;15 tot 20 jaar;Sector zorg en welzijn;SBI-code onbekend;2020/'21;0;0;0;0;0;0;0;0;0;0;0;0;0;0;0
1584;Totaal mannen en vrouwen;15 tot 20 jaar;Combinatie van sectoren;A-U Alle economische activiteiten;2009/'10;182;170;12;0;0;156;26;150;6;0;0;20;6;0;0
1585;Totaal mannen en vrouwen;15 tot 20 jaar;Combinatie van sectoren;A-U Alle economische activiteiten;2010/'11;117;109;8;0;0;82;35;82;0;0;0;27;8;0;0
1586;Totaal mannen en vrouwen;15 tot 20 jaar;Combinatie van sectoren;A-U Alle economische activiteiten;2011/'12;99;88;6;0;5;82;17;74;3;0;5;14;3;0;0
1587;Totaal mannen en vrouwen;15 tot 20 jaar;Combinatie van sectoren;A-U Alle economische activiteiten;2012/'13;144;135;0;0;9;129;15;120;0;0;9;15;0;0;0
1588;Totaal mannen en vrouwen;15 tot 20 jaar;Combinatie van sectoren;A-U Alle economische activiteiten;2013/'14;131;122;1;0;8;116;15;107;1;0;8;15;0;0;0
1589;Totaal mannen en vrouwen;15 tot 20 jaar;Combinatie van sectoren;A-U Alle economische activiteiten;2014/'15;77;68;2;0;7;63;14;54;2;0;7;14;0;0;0
1590;Totaal mannen en vrouwen;15 tot 20 jaar;Combinatie van sectoren;A-U Alle economische activiteiten;2015/'16;106;95;2;0;9;86;20;77;0;0;9;18;2;0;0
1591;Totaal mannen en vrouwen;15 tot 20 jaar;Combinatie van sectoren;A-U Alle economische activiteiten;2016/'17;106;106;0;0;0;74;32;74;0;0;0;32;0;0;0
1592;Totaal mannen en vrouwen;15 tot 20 jaar;Combinatie van sectoren;A-U Alle economische activiteiten;2017/'18;121;121;0;0;0;79;42;79;0;0;0;42;0;0;0
1593;Totaal mannen en vrouwen;15 tot 20 jaar;Combinatie van sectoren;A-U Alle economische activiteiten;2018/'19;146;145;1;0;0;93;53;92;1;0;0;53;0;0;0
1594;Totaal mannen en vrouwen;15 tot 20 jaar;Combinatie van sectoren;A-U Alle economische activiteiten;2019/'20;188;181;5;0;2;109;79;102;5;0;2;79;0;0;0
1595;Totaal mannen en vrouwen;15 tot 20 jaar;Combinatie van sectoren;A-U Alle economische activiteiten;2020/'21;211;205;3;1;2;158;53;152;3;1;2;53;0;0;0
1596;Totaal mannen en vrouwen;15 tot 20 jaar;Combinatie van sectoren;A Landbouw, bosbouw en visserij;2009/'10;3;3;0;0;0;3;0;3;0;0;0;0;0;0;0
1597;Totaal mannen en vrouwen;15 tot 20 jaar;Combinatie van sectoren;A Landbouw, bosbouw en visserij;2010/'11;1;1;0;0;0;1;0;1;0;0;0;0;0;0;0
1598;Totaal mannen en vrouwen;15 tot 20 jaar;Combinatie van sectoren;A Landbouw, bosbouw en visserij;2011/'12;3;3;0;0;0;3;0;3;0;0;0;0;0;0;0
1599;Totaal mannen en vrouwen;15 tot 20 jaar;Combinatie van sectoren;A Landbouw, bosbouw en visserij;2012/'13;1;1;0;0;0;0;1;0;0;0;0;1;0;0;0
1600;Totaal mannen en vrouwen;15 tot 20 jaar;Combinatie van sectoren;A Landbouw, bosbouw en visserij;2013/'14;0;0;0;0;0;0;0;0;0;0;0;0;0;0;0
1601;Totaal mannen en vrouwen;15 tot 20 jaar;Combinatie van sectoren;A Landbouw, bosbouw en visserij;2014/'15;0;0;0;0;0;0;0;0;0;0;0;0;0;0;0
1602;Totaal mannen en vrouwen;15 tot 20 jaar;Combinatie van sectoren;A Landbouw, bosbouw en visserij;2015/'16;3;3;0;0;0;3;0;3;0;0;0;0;0;0;0
1603;Totaal mannen en vrouwen;15 tot 20 jaar;Combinatie van sectoren;A Landbouw, bosbouw en visserij;2016/'17;2;2;0;0;0;2;0;2;0;0;0;0;0;0;0
1604;Totaal mannen en vrouwen;15 tot 20 jaar;Combinatie van sectoren;A Landbouw, bosbouw en visserij;2017/'18;4;4;0;0;0;2;2;2;0;0;0;2;0;0;0
1605;Totaal mannen en vrouwen;15 tot 20 jaar;Combinatie van sectoren;A Landbouw, bosbouw en visserij;2018/'19;3;3;0;0;0;1;2;1;0;0;0;2;0;0;0
1606;Totaal mannen en vrouwen;15 tot 20 jaar;Combinatie van sectoren;A Landbouw, bosbouw en visserij;2019/'20;2;2;0;0;0;2;0;2;0;0;0;0;0;0;0
1607;Totaal mannen en vrouwen;15 tot 20 jaar;Combinatie van sectoren;A Landbouw, bosbouw en visserij;2020/'21;5;5;0;0;0;3;2;3;0;0;0;2;0;0;0
1608;Totaal mannen en vrouwen;15 tot 20 jaar;Combinatie van sectoren;B-E Nijverheid (geen bouw) en energie;2009/'10;8;8;0;0;0;4;4;4;0;0;0;4;0;0;0
1609;Totaal mannen en vrouwen;15 tot 20 jaar;Combinatie van sectoren;B-E Nijverheid (geen bouw) en energie;2010/'11;7;6;1;0;0;2;5;2;0;0;0;4;1;0;0
1610;Totaal mannen en vrouwen;15 tot 20 jaar;Combinatie van sectoren;B-E Nijverheid (geen bouw) en energie;2011/'12;8;8;0;0;0;6;2;6;0;0;0;2;0;0;0
1611;Totaal mannen en vrouwen;15 tot 20 jaar;Combinatie van sectoren;B-E Nijverheid (geen bouw) en energie;2012/'13;4;4;0;0;0;3;1;3;0;0;0;1;0;0;0
1612;Totaal mannen en vrouwen;15 tot 20 jaar;Combinatie van sectoren;B-E Nijverheid (geen bouw) en energie;2013/'14;4;3;0;0;1;4;0;3;0;0;1;0;0;0;0
1613;Totaal mannen en vrouwen;15 tot 20 jaar;Combinatie van sectoren;B-E Nijverheid (geen bouw) en energie;2014/'15;1;1;0;0;0;0;1;0;0;0;0;1;0;0;0
1614;Totaal mannen en vrouwen;15 tot 20 jaar;Combinatie van sectoren;B-E Nijverheid (geen bouw) en energie;2015/'16;5;5;0;0;0;4;1;4;0;0;0;1;0;0;0
1615;Totaal mannen en vrouwen;15 tot 20 jaar;Combinatie van sectoren;B-E Nijverheid (geen bouw) en energie;2016/'17;7;7;0;0;0;6;1;6;0;0;0;1;0;0;0
1616;Totaal mannen en vrouwen;15 tot 20 jaar;Combinatie van sectoren;B-E Nijverheid (geen bouw) en energie;2017/'18;8;8;0;0;0;2;6;2;0;0;0;6;0;0;0
1617;Totaal mannen en vrouwen;15 tot 20 jaar;Combinatie van sectoren;B-E Nijverheid (geen bouw) en energie;2018/'19;4;4;0;0;0;0;4;0;0;0;0;4;0;0;0
1618;Totaal mannen en vrouwen;15 tot 20 jaar;Combinatie van sectoren;B-E Nijverheid (geen bouw) en energie;2019/'20;13;13;0;0;0;2;11;2;0;0;0;11;0;0;0
1619;Totaal mannen en vrouwen;15 tot 20 jaar;Combinatie van sectoren;B-E Nijverheid (geen bouw) en energie;2020/'21;7;7;0;0;0;5;2;5;0;0;0;2;0;0;0
1620;Totaal mannen en vrouwen;15 tot 20 jaar;Combinatie van sectoren;F Bouwnijverheid;2009/'10;9;9;0;0;0;8;1;8;0;0;0;1;0;0;0
1621;Totaal mannen en vrouwen;15 tot 20 jaar;Combinatie van sectoren;F Bouwnijverheid;2010/'11;3;3;0;0;0;2;1;2;0;0;0;1;0;0;0
1622;Totaal mannen en vrouwen;15 tot 20 jaar;Combinatie van sectoren;F Bouwnijverheid;2011/'12;0;0;0;0;0;0;0;0;0;0;0;0;0;0;0
1623;Totaal mannen en vrouwen;15 tot 20 jaar;Combinatie van sectoren;F Bouwnijverheid;2012/'13;1;1;0;0;0;0;1;0;0;0;0;1;0;0;0
1624;Totaal mannen en vrouwen;15 tot 20 jaar;Combinatie van sectoren;F Bouwnijverheid;2013/'14;1;1;0;0;0;1;0;1;0;0;0;0;0;0;0
1625;Totaal mannen en vrouwen;15 tot 20 jaar;Combinatie van sectoren;F Bouwnijverheid;2014/'15;1;1;0;0;0;1;0;1;0;0;0;0;0;0;0
1626;Totaal mannen en vrouwen;15 tot 20 jaar;Combinatie van sectoren;F Bouwnijverheid;2015/'16;0;0;0;0;0;0;0;0;0;0;0;0;0;0;0
1627;Totaal mannen en vrouwen;15 tot 20 jaar;Combinatie van sectoren;F Bouwnijverheid;2016/'17;2;2;0;0;0;0;2;0;0;0;0;2;0;0;0
1628;Totaal mannen en vrouwen;15 tot 20 jaar;Combinatie van sectoren;F Bouwnijverheid;2017/'18;2;2;0;0;0;0;2;0;0;0;0;2;0;0;0
1629;Totaal mannen en vrouwen;15 tot 20 jaar;Combinatie van sectoren;F Bouwnijverheid;2018/'19;3;3;0;0;0;1;2;1;0;0;0;2;0;0;0
1630;Totaal mannen en vrouwen;15 tot 20 jaar;Combinatie van sectoren;F Bouwnijverheid;2019/'20;3;3;0;0;0;0;3;0;0;0;0;3;0;0;0
1631;Totaal mannen en vrouwen;15 tot 20 jaar;Combinatie van sectoren;F Bouwnijverheid;2020/'21;6;6;0;0;0;2;4;2;0;0;0;4;0;0;0
1632;Totaal mannen en vrouwen;15 tot 20 jaar;Combinatie van sectoren;G-I Handel, vervoer en horeca;2009/'10;90;84;6;0;0;79;11;77;2;0;0;7;4;0;0
1633;Totaal mannen en vrouwen;15 tot 20 jaar;Combinatie van sectoren;G-I Handel, vervoer en horeca;2010/'11;68;63;5;0;0;48;20;48;0;0;0;15;5;0;0
1634;Totaal mannen en vrouwen;15 tot 20 jaar;Combinatie van sectoren;G-I Handel, vervoer en horeca;2011/'12;64;53;6;0;5;55;9;47;3;0;5;6;3;0;0
1635;Totaal mannen en vrouwen;15 tot 20 jaar;Combinatie van sectoren;G-I Handel, vervoer en horeca;2012/'13;100;93;0;0;7;91;9;84;0;0;7;9;0;0;0
1636;Totaal mannen en vrouwen;15 tot 20 jaar;Combinatie van sectoren;G-I Handel, vervoer en horeca;2013/'14;94;87;1;0;6;84;10;77;1;0;6;10;0;0;0
1637;Totaal mannen en vrouwen;15 tot 20 jaar;Combinatie van sectoren;G-I Handel, vervoer en horeca;2014/'15;58;51;1;0;6;52;6;45;1;0;6;6;0;0;0
1638;Totaal mannen en vrouwen;15 tot 20 jaar;Combinatie van sectoren;G-I Handel, vervoer en horeca;2015/'16;78;69;2;0;7;61;17;54;0;0;7;15;2;0;0
1639;Totaal mannen en vrouwen;15 tot 20 jaar;Combinatie van sectoren;G-I Handel, vervoer en horeca;2016/'17;67;67;0;0;0;48;19;48;0;0;0;19;0;0;0
1640;Totaal mannen en vrouwen;15 tot 20 jaar;Combinatie van sectoren;G-I Handel, vervoer en horeca;2017/'18;69;69;0;0;0;50;19;50;0;0;0;19;0;0;0
1641;Totaal mannen en vrouwen;15 tot 20 jaar;Combinatie van sectoren;G-I Handel, vervoer en horeca;2018/'19;84;84;0;0;0;54;30;54;0;0;0;30;0;0;0
1642;Totaal mannen en vrouwen;15 tot 20 jaar;Combinatie van sectoren;G-I Handel, vervoer en horeca;2019/'20;114;109;3;0;2;70;44;65;3;0;2;44;0;0;0
1643;Totaal mannen en vrouwen;15 tot 20 jaar;Combinatie van sectoren;G-I Handel, vervoer en horeca;2020/'21;121;118;2;1;0;93;28;90;2;1;0;28;0;0;0
1644;Totaal mannen en vrouwen;15 tot 20 jaar;Combinatie van sectoren;J Informatie en communicatie;2009/'10;2;2;0;0;0;2;0;2;0;0;0;0;0;0;0
1645;Totaal mannen en vrouwen;15 tot 20 jaar;Combinatie van sectoren;J Informatie en communicatie;2010/'11;1;1;0;0;0;1;0;1;0;0;0;0;0;0;0
1646;Totaal mannen en vrouwen;15 tot 20 jaar;Combinatie van sectoren;J Informatie en communicatie;2011/'12;0;0;0;0;0;0;0;0;0;0;0;0;0;0;0
1647;Totaal mannen en vrouwen;15 tot 20 jaar;Combinatie van sectoren;J Informatie en communicatie;2012/'13;1;1;0;0;0;1;0;1;0;0;0;0;0;0;0
1648;Totaal mannen en vrouwen;15 tot 20 jaar;Combinatie van sectoren;J Informatie en communicatie;2013/'14;0;0;0;0;0;0;0;0;0;0;0;0;0;0;0
1649;Totaal mannen en vrouwen;15 tot 20 jaar;Combinatie van sectoren;J Informatie en communicatie;2014/'15;1;1;0;0;0;1;0;1;0;0;0;0;0;0;0
1650;Totaal mannen en vrouwen;15 tot 20 jaar;Combinatie van sectoren;J Informatie en communicatie;2015/'16;0;0;0;0;0;0;0;0;0;0;0;0;0;0;0
1651;Totaal mannen en vrouwen;15 tot 20 jaar;Combinatie van sectoren;J Informatie en communicatie;2016/'17;0;0;0;0;0;0;0;0;0;0;0;0;0;0;0
1652;Totaal mannen en vrouwen;15 tot 20 jaar;Combinatie van sectoren;J Informatie en communicatie;2017/'18;0;0;0;0;0;0;0;0;0;0;0;0;0;0;0
1653;Totaal mannen en vrouwen;15 tot 20 jaar;Combinatie van sectoren;J Informatie en communicatie;2018/'19;2;2;0;0;0;1;1;1;0;0;0;1;0;0;0
1654;Totaal mannen en vrouwen;15 tot 20 jaar;Combinatie van sectoren;J Informatie en communicatie;2019/'20;1;1;0;0;0;1;0;1;0;0;0;0;0;0;0
1655;Totaal mannen en vrouwen;15 tot 20 jaar;Combinatie van sectoren;J Informatie en communicatie;2020/'21;0;0;0;0;0;0;0;0;0;0;0;0;0;0;0
1656;Totaal mannen en vrouwen;15 tot 20 jaar;Combinatie van sectoren;K Financiële dienstverlening;2009/'10;0;0;0;0;0;0;0;0;0;0;0;0;0;0;0
1657;Totaal mannen en vrouwen;15 tot 20 jaar;Combinatie van sectoren;K Financiële dienstverlening;2010/'11;0;0;0;0;0;0;0;0;0;0;0;0;0;0;0
1658;Totaal mannen en vrouwen;15 tot 20 jaar;Combinatie van sectoren;K Financiële dienstverlening;2011/'12;0;0;0;0;0;0;0;0;0;0;0;0;0;0;0
1659;Totaal mannen en vrouwen;15 tot 20 jaar;Combinatie van sectoren;K Financiële dienstverlening;2012/'13;0;0;0;0;0;0;0;0;0;0;0;0;0;0;0
1660;Totaal mannen en vrouwen;15 tot 20 jaar;Combinatie van sectoren;K Financiële dienstverlening;2013/'14;0;0;0;0;0;0;0;0;0;0;0;0;0;0;0
1661;Totaal mannen en vrouwen;15 tot 20 jaar;Combinatie van sectoren;K Financiële dienstverlening;2014/'15;0;0;0;0;0;0;0;0;0;0;0;0;0;0;0
1662;Totaal mannen en vrouwen;15 tot 20 jaar;Combinatie van sectoren;K Financiële dienstverlening;2015/'16;0;0;0;0;0;0;0;0;0;0;0;0;0;0;0
1663;Totaal mannen en vrouwen;15 tot 20 jaar;Combinatie van sectoren;K Financiële dienstverlening;2016/'17;0;0;0;0;0;0;0;0;0;0;0;0;0;0;0
1664;Totaal mannen en vrouwen;15 tot 20 jaar;Combinatie van sectoren;K Financiële dienstverlening;2017/'18;2;2;0;0;0;0;2;0;0;0;0;2;0;0;0
1665;Totaal mannen en vrouwen;15 tot 20 jaar;Combinatie van sectoren;K Financiële dienstverlening;2018/'19;0;0;0;0;0;0;0;0;0;0;0;0;0;0;0
1666;Totaal mannen en vrouwen;15 tot 20 jaar;Combinatie van sectoren;K Financiële dienstverlening;2019/'20;0;0;0;0;0;0;0;0;0;0;0;0;0;0;0
1667;Totaal mannen en vrouwen;15 tot 20 jaar;Combinatie van sectoren;K Financiële dienstverlening;2020/'21;1;1;0;0;0;1;0;1;0;0;0;0;0;0;0
1668;Totaal mannen en vrouwen;15 tot 20 jaar;Combinatie van sectoren;L Verhuur en handel van onroerend goed;2009/'10;0;0;0;0;0;0;0;0;0;0;0;0;0;0;0
1669;Totaal mannen en vrouwen;15 tot 20 jaar;Combinatie van sectoren;L Verhuur en handel van onroerend goed;2010/'11;0;0;0;0;0;0;0;0;0;0;0;0;0;0;0
1670;Totaal mannen en vrouwen;15 tot 20 jaar;Combinatie van sectoren;L Verhuur en handel van onroerend goed;2011/'12;0;0;0;0;0;0;0;0;0;0;0;0;0;0;0
1671;Totaal mannen en vrouwen;15 tot 20 jaar;Combinatie van sectoren;L Verhuur en handel van onroerend goed;2012/'13;0;0;0;0;0;0;0;0;0;0;0;0;0;0;0
1672;Totaal mannen en vrouwen;15 tot 20 jaar;Combinatie van sectoren;L Verhuur en handel van onroerend goed;2013/'14;1;1;0;0;0;1;0;1;0;0;0;0;0;0;0
1673;Totaal mannen en vrouwen;15 tot 20 jaar;Combinatie van sectoren;L Verhuur en handel van onroerend goed;2014/'15;2;1;1;0;0;2;0;1;1;0;0;0;0;0;0
1674;Totaal mannen en vrouwen;15 tot 20 jaar;Combinatie van sectoren;L Verhuur en handel van onroerend goed;2015/'16;0;0;0;0;0;0;0;0;0;0;0;0;0;0;0
1675;Totaal mannen en vrouwen;15 tot 20 jaar;Combinatie van sectoren;L Verhuur en handel van onroerend goed;2016/'17;0;0;0;0;0;0;0;0;0;0;0;0;0;0;0
1676;Totaal mannen en vrouwen;15 tot 20 jaar;Combinatie van sectoren;L Verhuur en handel van onroerend goed;2017/'18;0;0;0;0;0;0;0;0;0;0;0;0;0;0;0
1677;Totaal mannen en vrouwen;15 tot 20 jaar;Combinatie van sectoren;L Verhuur en handel van onroerend goed;2018/'19;0;0;0;0;0;0;0;0;0;0;0;0;0;0;0
1678;Totaal mannen en vrouwen;15 tot 20 jaar;Combinatie van sectoren;L Verhuur en handel van onroerend goed;2019/'20;0;0;0;0;0;0;0;0;0;0;0;0;0;0;0
1679;Totaal mannen en vrouwen;15 tot 20 jaar;Combinatie van sectoren;L Verhuur en handel van onroerend goed;2020/'21;0;0;0;0;0;0;0;0;0;0;0;0;0;0;0
1680;Totaal mannen en vrouwen;15 tot 20 jaar;Combinatie van sectoren;M-N Zakelijke dienstverlening;2009/'10;56;50;6;0;0;46;10;42;4;0;0;8;2;0;0
1681;Totaal mannen en vrouwen;15 tot 20 jaar;Combinatie van sectoren;M-N Zakelijke dienstverlening;2010/'11;25;24;1;0;0;20;5;20;0;0;0;4;1;0;0
1682;Totaal mannen en vrouwen;15 tot 20 jaar;Combinatie van sectoren;M-N Zakelijke dienstverlening;2011/'12;17;17;0;0;0;14;3;14;0;0;0;3;0;0;0
1683;Totaal mannen en vrouwen;15 tot 20 jaar;Combinatie van sectoren;M-N Zakelijke dienstverlening;2012/'13;29;27;0;0;2;27;2;25;0;0;2;2;0;0;0
1684;Totaal mannen en vrouwen;15 tot 20 jaar;Combinatie van sectoren;M-N Zakelijke dienstverlening;2013/'14;25;24;0;0;1;22;3;21;0;0;1;3;0;0;0
1685;Totaal mannen en vrouwen;15 tot 20 jaar;Combinatie van sectoren;M-N Zakelijke dienstverlening;2014/'15;9;9;0;0;0;5;4;5;0;0;0;4;0;0;0
1686;Totaal mannen en vrouwen;15 tot 20 jaar;Combinatie van sectoren;M-N Zakelijke dienstverlening;2015/'16;16;14;0;0;2;14;2;12;0;0;2;2;0;0;0
1687;Totaal mannen en vrouwen;15 tot 20 jaar;Combinatie van sectoren;M-N Zakelijke dienstverlening;2016/'17;25;25;0;0;0;16;9;16;0;0;0;9;0;0;0
1688;Totaal mannen en vrouwen;15 tot 20 jaar;Combinatie van sectoren;M-N Zakelijke dienstverlening;2017/'18;33;33;0;0;0;23;10;23;0;0;0;10;0;0;0
1689;Totaal mannen en vrouwen;15 tot 20 jaar;Combinatie van sectoren;M-N Zakelijke dienstverlening;2018/'19;46;45;1;0;0;33;13;32;1;0;0;13;0;0;0
1690;Totaal mannen en vrouwen;15 tot 20 jaar;Combinatie van sectoren;M-N Zakelijke dienstverlening;2019/'20;47;45;2;0;0;31;16;29;2;0;0;16;0;0;0
1691;Totaal mannen en vrouwen;15 tot 20 jaar;Combinatie van sectoren;M-N Zakelijke dienstverlening;2020/'21;56;54;1;0;1;44;12;42;1;0;1;12;0;0;0
1692;Totaal mannen en vrouwen;15 tot 20 jaar;Combinatie van sectoren;O-Q Overheid en zorg;2009/'10;13;13;0;0;0;13;0;13;0;0;0;0;0;0;0
1693;Totaal mannen en vrouwen;15 tot 20 jaar;Combinatie van sectoren;O-Q Overheid en zorg;2010/'11;7;7;0;0;0;5;2;5;0;0;0;2;0;0;0
1694;Totaal mannen en vrouwen;15 tot 20 jaar;Combinatie van sectoren;O-Q Overheid en zorg;2011/'12;3;3;0;0;0;2;1;2;0;0;0;1;0;0;0
1695;Totaal mannen en vrouwen;15 tot 20 jaar;Combinatie van sectoren;O-Q Overheid en zorg;2012/'13;6;6;0;0;0;5;1;5;0;0;0;1;0;0;0
1696;Totaal mannen en vrouwen;15 tot 20 jaar;Combinatie van sectoren;O-Q Overheid en zorg;2013/'14;1;1;0;0;0;0;1;0;0;0;0;1;0;0;0
1697;Totaal mannen en vrouwen;15 tot 20 jaar;Combinatie van sectoren;O-Q Overheid en zorg;2014/'15;4;3;0;0;1;1;3;0;0;0;1;3;0;0;0
1698;Totaal mannen en vrouwen;15 tot 20 jaar;Combinatie van sectoren;O-Q Overheid en zorg;2015/'16;2;2;0;0;0;2;0;2;0;0;0;0;0;0;0
1699;Totaal mannen en vrouwen;15 tot 20 jaar;Combinatie van sectoren;O-Q Overheid en zorg;2016/'17;2;2;0;0;0;1;1;1;0;0;0;1;0;0;0
1700;Totaal mannen en vrouwen;15 tot 20 jaar;Combinatie van sectoren;O-Q Overheid en zorg;2017/'18;2;2;0;0;0;2;0;2;0;0;0;0;0;0;0
1701;Totaal mannen en vrouwen;15 tot 20 jaar;Combinatie van sectoren;O-Q Overheid en zorg;2018/'19;0;0;0;0;0;0;0;0;0;0;0;0;0;0;0
1702;Totaal mannen en vrouwen;15 tot 20 jaar;Combinatie van sectoren;O-Q Overheid en zorg;2019/'20;4;4;0;0;0;1;3;1;0;0;0;3;0;0;0
1703;Totaal mannen en vrouwen;15 tot 20 jaar;Combinatie van sectoren;O-Q Overheid en zorg;2020/'21;8;7;0;0;1;4;4;3;0;0;1;4;0;0;0
1704;Totaal mannen en vrouwen;15 tot 20 jaar;Combinatie van sectoren;R-U Cultuur, recreatie, overige diensten;2009/'10;1;1;0;0;0;1;0;1;0;0;0;0;0;0;0
1705;Totaal mannen en vrouwen;15 tot 20 jaar;Combinatie van sectoren;R-U Cultuur, recreatie, overige diensten;2010/'11;5;4;1;0;0;3;2;3;0;0;0;1;1;0;0
1706;Totaal mannen en vrouwen;15 tot 20 jaar;Combinatie van sectoren;R-U Cultuur, recreatie, overige diensten;2011/'12;3;3;0;0;0;1;2;1;0;0;0;2;0;0;0
1707;Totaal mannen en vrouwen;15 tot 20 jaar;Combinatie van sectoren;R-U Cultuur, recreatie, overige diensten;2012/'13;2;2;0;0;0;2;0;2;0;0;0;0;0;0;0
1708;Totaal mannen en vrouwen;15 tot 20 jaar;Combinatie van sectoren;R-U Cultuur, recreatie, overige diensten;2013/'14;5;5;0;0;0;4;1;4;0;0;0;1;0;0;0
1709;Totaal mannen en vrouwen;15 tot 20 jaar;Combinatie van sectoren;R-U Cultuur, recreatie, overige diensten;2014/'15;1;1;0;0;0;1;0;1;0;0;0;0;0;0;0
1710;Totaal mannen en vrouwen;15 tot 20 jaar;Combinatie van sectoren;R-U Cultuur, recreatie, overige diensten;2015/'16;1;1;0;0;0;1;0;1;0;0;0;0;0;0;0
1711;Totaal mannen en vrouwen;15 tot 20 jaar;Combinatie van sectoren;R-U Cultuur, recreatie, overige diensten;2016/'17;1;1;0;0;0;1;0;1;0;0;0;0;0;0;0
1712;Totaal mannen en vrouwen;15 tot 20 jaar;Combinatie van sectoren;R-U Cultuur, recreatie, overige diensten;2017/'18;1;1;0;0;0;0;1;0;0;0;0;1;0;0;0
1713;Totaal mannen en vrouwen;15 tot 20 jaar;Combinatie van sectoren;R-U Cultuur, recreatie, overige diensten;2018/'19;4;4;0;0;0;3;1;3;0;0;0;1;0;0;0
1714;Totaal mannen en vrouwen;15 tot 20 jaar;Combinatie van sectoren;R-U Cultuur, recreatie, overige diensten;2019/'20;3;3;0;0;0;2;1;2;0;0;0;1;0;0;0
1715;Totaal mannen en vrouwen;15 tot 20 jaar;Combinatie van sectoren;R-U Cultuur, recreatie, overige diensten;2020/'21;7;7;0;0;0;6;1;6;0;0;0;1;0;0;0
1716;Totaal mannen en vrouwen;15 tot 20 jaar;Combinatie van sectoren;SBI-code onbekend;2009/'10;0;0;0;0;0;0;0;0;0;0;0;0;0;0;0
1717;Totaal mannen en vrouwen;15 tot 20 jaar;Combinatie van sectoren;SBI-code onbekend;2010/'11;0;0;0;0;0;0;0;0;0;0;0;0;0;0;0
1718;Totaal mannen en vrouwen;15 tot 20 jaar;Combinatie van sectoren;SBI-code onbekend;2011/'12;1;1;0;0;0;1;0;1;0;0;0;0;0;0;0
1719;Totaal mannen en vrouwen;15 tot 20 jaar;Combinatie van sectoren;SBI-code onbekend;2012/'13;0;0;0;0;0;0;0;0;0;0;0;0;0;0;0
1720;Totaal mannen en vrouwen;15 tot 20 jaar;Combinatie van sectoren;SBI-code onbekend;2013/'14;0;0;0;0;0;0;0;0;0;0;0;0;0;0;0
1721;Totaal mannen en vrouwen;15 tot 20 jaar;Combinatie van sectoren;SBI-code onbekend;2014/'15;0;0;0;0;0;0;0;0;0;0;0;0;0;0;0
1722;Totaal mannen en vrouwen;15 tot 20 jaar;Combinatie van sectoren;SBI-code onbekend;2015/'16;1;1;0;0;0;1;0;1;0;0;0;0;0;0;0
1723;Totaal mannen en vrouwen;15 tot 20 jaar;Combinatie van sectoren;SBI-code onbekend;2016/'17;0;0;0;0;0;0;0;0;0;0;0;0;0;0;0
1724;Totaal mannen en vrouwen;15 tot 20 jaar;Combinatie van sectoren;SBI-code onbekend;2017/'18;0;0;0;0;0;0;0;0;0;0;0;0;0;0;0
1725;Totaal mannen en vrouwen;15 tot 20 jaar;Combinatie van sectoren;SBI-code onbekend;2018/'19;0;0;0;0;0;0;0;0;0;0;0;0;0;0;0
1726;Totaal mannen en vrouwen;15 tot 20 jaar;Combinatie van sectoren;SBI-code onbekend;2019/'20;1;1;0;0;0;0;1;0;0;0;0;1;0;0;0
1727;Totaal mannen en vrouwen;15 tot 20 jaar;Combinatie van sectoren;SBI-code onbekend;2020/'21;0;0;0;0;0;0;0;0;0;0;0;0;0;0;0
1728;Totaal mannen en vrouwen;20 tot 25 jaar;Totaal;A-U Alle economische activiteiten;2009/'10;3144;516;1150;648;830;1129;2015;138;225;193;573;378;925;455;257
1729;Totaal mannen en vrouwen;20 tot 25 jaar;Totaal;A-U Alle economische activiteiten;2010/'11;2469;497;767;494;711;942;1527;117;145;168;512;380;622;326;199
1730;Totaal mannen en vrouwen;20 tot 25 jaar;Totaal;A-U Alle economische activiteiten;2011/'12;2196;421;644;403;728;856;1340;108;112;137;499;313;532;266;229
1731;Totaal mannen en vrouwen;20 tot 25 jaar;Totaal;A-U Alle economische activiteiten;2012/'13;1968;368;435;391;774;878;1090;116;110;119;533;252;325;272;241
1732;Totaal mannen en vrouwen;20 tot 25 jaar;Totaal;A-U Alle economische activiteiten;2013/'14;1757;242;335;276;904;1024;733;119;115;98;692;123;220;178;212
1733;Totaal mannen en vrouwen;20 tot 25 jaar;Totaal;A-U Alle economische activiteiten;2014/'15;1463;198;251;221;793;879;584;103;73;74;629;95;178;147;164
1734;Totaal mannen en vrouwen;20 tot 25 jaar;Totaal;A-U Alle economische activiteiten;2015/'16;1344;214;224;202;704;758;586;98;67;63;530;116;157;139;174
1735;Totaal mannen en vrouwen;20 tot 25 jaar;Totaal;A-U Alle economische activiteiten;2016/'17;1390;204;246;251;689;762;628;108;57;60;537;96;189;191;152
1736;Totaal mannen en vrouwen;20 tot 25 jaar;Totaal;A-U Alle economische activiteiten;2017/'18;1317;208;243;219;647;712;605;123;44;53;492;85;199;166;155
1737;Totaal mannen en vrouwen;20 tot 25 jaar;Totaal;A-U Alle economische activiteiten;2018/'19;1570;354;258;259;699;828;742;201;56;46;525;153;202;213;174
1738;Totaal mannen en vrouwen;20 tot 25 jaar;Totaal;A-U Alle economische activiteiten;2019/'20;1722;424;266;276;756;940;782;266;73;62;539;158;193;214;217
1739;Totaal mannen en vrouwen;20 tot 25 jaar;Totaal;A-U Alle economische activiteiten;2020/'21;1831;491;258;261;821;1095;736;337;90;61;607;154;168;200;214
1740;Totaal mannen en vrouwen;20 tot 25 jaar;Totaal;A Landbouw, bosbouw en visserij;2009/'10;32;3;8;11;10;5;27;0;0;2;3;3;8;9;7
1741;Totaal mannen en vrouwen;20 tot 25 jaar;Totaal;A Landbouw, bosbouw en visserij;2010/'11;30;6;8;8;8;14;16;2;2;3;7;4;6;5;1
1742;Totaal mannen en vrouwen;20 tot 25 jaar;Totaal;A Landbouw, bosbouw en visserij;2011/'12;28;6;13;3;6;9;19;1;3;0;5;5;10;3;1
1743;Totaal mannen en vrouwen;20 tot 25 jaar;Totaal;A Landbouw, bosbouw en visserij;2012/'13;26;7;5;5;9;6;20;1;0;0;5;6;5;5;4
1744;Totaal mannen en vrouwen;20 tot 25 jaar;Totaal;A Landbouw, bosbouw en visserij;2013/'14;17;3;5;3;6;11;6;2;1;2;6;1;4;1;0
1745;Totaal mannen en vrouwen;20 tot 25 jaar;Totaal;A Landbouw, bosbouw en visserij;2014/'15;21;5;4;3;9;12;9;3;1;1;7;2;3;2;2
1746;Totaal mannen en vrouwen;20 tot 25 jaar;Totaal;A Landbouw, bosbouw en visserij;2015/'16;25;7;1;5;12;14;11;3;1;1;9;4;0;4;3
1747;Totaal mannen en vrouwen;20 tot 25 jaar;Totaal;A Landbouw, bosbouw en visserij;2016/'17;20;1;5;2;12;11;9;0;1;1;9;1;4;1;3
1748;Totaal mannen en vrouwen;20 tot 25 jaar;Totaal;A Landbouw, bosbouw en visserij;2017/'18;23;2;2;4;15;16;7;1;1;0;14;1;1;4;1
1749;Totaal mannen en vrouwen;20 tot 25 jaar;Totaal;A Landbouw, bosbouw en visserij;2018/'19;17;4;2;2;9;9;8;1;1;0;7;3;1;2;2
1750;Totaal mannen en vrouwen;20 tot 25 jaar;Totaal;A Landbouw, bosbouw en visserij;2019/'20;17;3;1;4;9;10;7;2;0;0;8;1;1;4;1
1751;Totaal mannen en vrouwen;20 tot 25 jaar;Totaal;A Landbouw, bosbouw en visserij;2020/'21;13;3;1;6;3;4;9;1;0;0;3;2;1;6;0
1752;Totaal mannen en vrouwen;20 tot 25 jaar;Totaal;B-E Nijverheid (geen bouw) en energie;2009/'10;391;230;104;23;34;42;349;5;11;5;21;225;93;18;13
1753;Totaal mannen en vrouwen;20 tot 25 jaar;Totaal;B-E Nijverheid (geen bouw) en energie;2010/'11;335;234;56;21;24;31;304;4;9;5;13;230;47;16;11
1754;Totaal mannen en vrouwen;20 tot 25 jaar;Totaal;B-E Nijverheid (geen bouw) en energie;2011/'12;261;183;39;18;21;32;229;7;8;5;12;176;31;13;9
1755;Totaal mannen en vrouwen;20 tot 25 jaar;Totaal;B-E Nijverheid (geen bouw) en energie;2012/'13;183;116;29;13;25;32;151;7;4;2;19;109;25;11;6
1756;Totaal mannen en vrouwen;20 tot 25 jaar;Totaal;B-E Nijverheid (geen bouw) en energie;2013/'14;95;50;18;9;18;23;72;4;3;4;12;46;15;5;6
1757;Totaal mannen en vrouwen;20 tot 25 jaar;Totaal;B-E Nijverheid (geen bouw) en energie;2014/'15;82;34;12;8;28;25;57;3;1;1;20;31;11;7;8
1758;Totaal mannen en vrouwen;20 tot 25 jaar;Totaal;B-E Nijverheid (geen bouw) en energie;2015/'16;95;50;22;8;15;20;75;5;3;2;10;45;19;6;5
1759;Totaal mannen en vrouwen;20 tot 25 jaar;Totaal;B-E Nijverheid (geen bouw) en energie;2016/'17;82;38;11;18;15;23;59;9;2;1;11;29;9;17;4
1760;Totaal mannen en vrouwen;20 tot 25 jaar;Totaal;B-E Nijverheid (geen bouw) en energie;2017/'18;57;13;13;13;18;16;41;2;0;2;12;11;13;11;6
1761;Totaal mannen en vrouwen;20 tot 25 jaar;Totaal;B-E Nijverheid (geen bouw) en energie;2018/'19;66;25;11;8;22;23;43;8;1;0;14;17;10;8;8
1762;Totaal mannen en vrouwen;20 tot 25 jaar;Totaal;B-E Nijverheid (geen bouw) en energie;2019/'20;101;36;21;18;26;30;71;13;4;2;11;23;17;16;15
1763;Totaal mannen en vrouwen;20 tot 25 jaar;Totaal;B-E Nijverheid (geen bouw) en energie;2020/'21;88;28;17;19;24;28;60;8;2;2;16;20;15;17;8
1764;Totaal mannen en vrouwen;20 tot 25 jaar;Totaal;F Bouwnijverheid;2009/'10;148;13;103;21;11;26;122;5;8;5;8;8;95;16;3
1765;Totaal mannen en vrouwen;20 tot 25 jaar;Totaal;F Bouwnijverheid;2010/'11;89;9;60;14;6;13;76;2;4;3;4;7;56;11;2
1766;Totaal mannen en vrouwen;20 tot 25 jaar;Totaal;F Bouwnijverheid;2011/'12;47;7;25;9;6;7;40;3;0;3;1;4;25;6;5
1767;Totaal mannen en vrouwen;20 tot 25 jaar;Totaal;F Bouwnijverheid;2012/'13;47;3;26;8;10;12;35;2;3;3;4;1;23;5;6
1768;Totaal mannen en vrouwen;20 tot 25 jaar;Totaal;F Bouwnijverheid;2013/'14;30;8;9;6;7;6;24;3;0;0;3;5;9;6;4
1769;Totaal mannen en vrouwen;20 tot 25 jaar;Totaal;F Bouwnijverheid;2014/'15;21;2;11;5;3;2;19;1;0;0;1;1;11;5;2
1770;Totaal mannen en vrouwen;20 tot 25 jaar;Totaal;F Bouwnijverheid;2015/'16;28;5;8;3;12;11;17;4;0;0;7;1;8;3;5
1771;Totaal mannen en vrouwen;20 tot 25 jaar;Totaal;F Bouwnijverheid;2016/'17;23;2;12;4;5;5;18;0;2;0;3;2;10;4;2
1772;Totaal mannen en vrouwen;20 tot 25 jaar;Totaal;F Bouwnijverheid;2017/'18;19;6;4;4;5;5;14;2;0;1;2;4;4;3;3
1773;Totaal mannen en vrouwen;20 tot 25 jaar;Totaal;F Bouwnijverheid;2018/'19;29;9;8;5;7;5;24;3;0;0;2;6;8;5;5
1774;Totaal mannen en vrouwen;20 tot 25 jaar;Totaal;F Bouwnijverheid;2019/'20;37;10;10;10;7;8;29;3;0;0;5;7;10;10;2
1775;Totaal mannen en vrouwen;20 tot 25 jaar;Totaal;F Bouwnijverheid;2020/'21;33;5;17;3;8;8;25;1;2;0;5;4;15;3;3
1776;Totaal mannen en vrouwen;20 tot 25 jaar;Totaal;G-I Handel, vervoer en horeca;2009/'10;1114;73;407;287;347;403;711;32;64;71;236;41;343;216;111
1777;Totaal mannen en vrouwen;20 tot 25 jaar;Totaal;G-I Handel, vervoer en horeca;2010/'11;908;88;292;197;331;385;523;40;50;61;234;48;242;136;97
1778;Totaal mannen en vrouwen;20 tot 25 jaar;Totaal;G-I Handel, vervoer en horeca;2011/'12;896;80;259;177;380;421;475;42;43;62;274;38;216;115;106
1779;Totaal mannen en vrouwen;20 tot 25 jaar;Totaal;G-I Handel, vervoer en horeca;2012/'13;849;91;170;195;393;453;396;51;45;66;291;40;125;129;102
1780;Totaal mannen en vrouwen;20 tot 25 jaar;Totaal;G-I Handel, vervoer en horeca;2013/'14;887;69;159;144;515;556;331;45;59;52;400;24;100;92;115
1781;Totaal mannen en vrouwen;20 tot 25 jaar;Totaal;G-I Handel, vervoer en horeca;2014/'15;773;81;137;95;460;508;265;58;40;35;375;23;97;60;85
1782;Totaal mannen en vrouwen;20 tot 25 jaar;Totaal;G-I Handel, vervoer en horeca;2015/'16;709;64;123;98;424;435;274;43;37;34;321;21;86;64;103
1783;Totaal mannen en vrouwen;20 tot 25 jaar;Totaal;G-I Handel, vervoer en horeca;2016/'17;718;77;113;124;404;427;291;51;20;38;318;26;93;86;86
1784;Totaal mannen en vrouwen;20 tot 25 jaar;Totaal;G-I Handel, vervoer en horeca;2017/'18;718;105;127;110;376;404;314;74;19;27;284;31;108;83;92
1785;Totaal mannen en vrouwen;20 tot 25 jaar;Totaal;G-I Handel, vervoer en horeca;2018/'19;827;153;134;138;402;463;364;105;30;27;301;48;104;111;101
1786;Totaal mannen en vrouwen;20 tot 25 jaar;Totaal;G-I Handel, vervoer en horeca;2019/'20;896;166;126;154;450;518;378;114;35;43;326;52;91;111;124
1787;Totaal mannen en vrouwen;20 tot 25 jaar;Totaal;G-I Handel, vervoer en horeca;2020/'21;936;215;116;129;476;599;337;171;44;36;348;44;72;93;128
1788;Totaal mannen en vrouwen;20 tot 25 jaar;Totaal;J Informatie en communicatie;2009/'10;32;0;8;8;16;15;17;0;1;3;11;0;7;5;5
1789;Totaal mannen en vrouwen;20 tot 25 jaar;Totaal;J Informatie en communicatie;2010/'11;15;1;1;3;10;9;6;1;1;2;5;0;0;1;5
1790;Totaal mannen en vrouwen;20 tot 25 jaar;Totaal;J Informatie en communicatie;2011/'12;14;0;6;4;4;7;7;0;1;2;4;0;5;2;0
1791;Totaal mannen en vrouwen;20 tot 25 jaar;Totaal;J Informatie en communicatie;2012/'13;12;0;1;3;8;5;7;0;0;0;5;0;1;3;3
1792;Totaal mannen en vrouwen;20 tot 25 jaar;Totaal;J Informatie en communicatie;2013/'14;13;1;2;1;9;10;3;1;2;0;7;0;0;1;2
1793;Totaal mannen en vrouwen;20 tot 25 jaar;Totaal;J Informatie en communicatie;2014/'15;7;0;1;1;5;5;2;0;0;0;5;0;1;1;0
1794;Totaal mannen en vrouwen;20 tot 25 jaar;Totaal;J Informatie en communicatie;2015/'16;4;0;0;0;4;4;0;0;0;0;4;0;0;0;0
1795;Totaal mannen en vrouwen;20 tot 25 jaar;Totaal;J Informatie en communicatie;2016/'17;6;0;1;0;5;4;2;0;1;0;3;0;0;0;2
1796;Totaal mannen en vrouwen;20 tot 25 jaar;Totaal;J Informatie en communicatie;2017/'18;13;0;0;1;12;9;4;0;0;1;8;0;0;0;4
1797;Totaal mannen en vrouwen;20 tot 25 jaar;Totaal;J Informatie en communicatie;2018/'19;7;0;1;1;5;4;3;0;0;0;4;0;1;1;1
1798;Totaal mannen en vrouwen;20 tot 25 jaar;Totaal;J Informatie en communicatie;2019/'20;15;1;2;0;12;8;7;1;0;0;7;0;2;0;5
1799;Totaal mannen en vrouwen;20 tot 25 jaar;Totaal;J Informatie en communicatie;2020/'21;14;2;2;1;9;9;5;1;0;0;8;1;2;1;1
1800;Totaal mannen en vrouwen;20 tot 25 jaar;Totaal;K Financiële dienstverlening;2009/'10;24;1;5;4;14;5;19;1;1;1;2;0;4;3;12
1801;Totaal mannen en vrouwen;20 tot 25 jaar;Totaal;K Financiële dienstverlening;2010/'11;8;1;3;2;2;2;6;1;1;0;0;0;2;2;2
1802;Totaal mannen en vrouwen;20 tot 25 jaar;Totaal;K Financiële dienstverlening;2011/'12;5;0;4;0;1;1;4;0;0;0;1;0;4;0;0
1803;Totaal mannen en vrouwen;20 tot 25 jaar;Totaal;K Financiële dienstverlening;2012/'13;3;0;1;0;2;2;1;0;0;0;2;0;1;0;0
1804;Totaal mannen en vrouwen;20 tot 25 jaar;Totaal;K Financiële dienstverlening;2013/'14;4;0;1;0;3;1;3;0;0;0;1;0;1;0;2
1805;Totaal mannen en vrouwen;20 tot 25 jaar;Totaal;K Financiële dienstverlening;2014/'15;3;1;0;0;2;3;0;1;0;0;2;0;0;0;0
1806;Totaal mannen en vrouwen;20 tot 25 jaar;Totaal;K Financiële dienstverlening;2015/'16;3;0;0;0;3;2;1;0;0;0;2;0;0;0;1
1807;Totaal mannen en vrouwen;20 tot 25 jaar;Totaal;K Financiële dienstverlening;2016/'17;6;1;0;2;3;2;4;0;0;0;2;1;0;2;1
1808;Totaal mannen en vrouwen;20 tot 25 jaar;Totaal;K Financiële dienstverlening;2017/'18;4;0;1;1;2;3;1;0;1;0;2;0;0;1;0
1809;Totaal mannen en vrouwen;20 tot 25 jaar;Totaal;K Financiële dienstverlening;2018/'19;3;0;0;0;3;2;1;0;0;0;2;0;0;0;1
1810;Totaal mannen en vrouwen;20 tot 25 jaar;Totaal;K Financiële dienstverlening;2019/'20;4;1;0;1;2;2;2;0;0;0;2;1;0;1;0
1811;Totaal mannen en vrouwen;20 tot 25 jaar;Totaal;K Financiële dienstverlening;2020/'21;8;2;1;3;2;6;2;1;1;2;2;1;0;1;0
1812;Totaal mannen en vrouwen;20 tot 25 jaar;Totaal;L Verhuur en handel van onroerend goed;2009/'10;8;2;2;2;2;4;4;2;0;1;1;0;2;1;1
1813;Totaal mannen en vrouwen;20 tot 25 jaar;Totaal;L Verhuur en handel van onroerend goed;2010/'11;13;0;5;2;6;5;8;0;0;1;4;0;5;1;2
1814;Totaal mannen en vrouwen;20 tot 25 jaar;Totaal;L Verhuur en handel van onroerend goed;2011/'12;4;0;2;1;1;2;2;0;0;1;1;0;2;0;0
1815;Totaal mannen en vrouwen;20 tot 25 jaar;Totaal;L Verhuur en handel van onroerend goed;2012/'13;9;2;2;2;3;5;4;2;0;1;2;0;2;1;1
1816;Totaal mannen en vrouwen;20 tot 25 jaar;Totaal;L Verhuur en handel van onroerend goed;2013/'14;4;1;0;1;2;3;1;1;0;0;2;0;0;1;0
1817;Totaal mannen en vrouwen;20 tot 25 jaar;Totaal;L Verhuur en handel van onroerend goed;2014/'15;3;0;0;1;2;3;0;0;0;1;2;0;0;0;0
1818;Totaal mannen en vrouwen;20 tot 25 jaar;Totaal;L Verhuur en handel van onroerend goed;2015/'16;1;0;0;0;1;1;0;0;0;0;1;0;0;0;0
1819;Totaal mannen en vrouwen;20 tot 25 jaar;Totaal;L Verhuur en handel van onroerend goed;2016/'17;3;0;0;0;3;3;0;0;0;0;3;0;0;0;0
1820;Totaal mannen en vrouwen;20 tot 25 jaar;Totaal;L Verhuur en handel van onroerend goed;2017/'18;5;0;2;0;3;2;3;0;0;0;2;0;2;0;1
1821;Totaal mannen en vrouwen;20 tot 25 jaar;Totaal;L Verhuur en handel van onroerend goed;2018/'19;4;0;0;1;3;3;1;0;0;0;3;0;0;1;0
1822;Totaal mannen en vrouwen;20 tot 25 jaar;Totaal;L Verhuur en handel van onroerend goed;2019/'20;4;1;2;0;1;1;3;1;0;0;0;0;2;0;1
1823;Totaal mannen en vrouwen;20 tot 25 jaar;Totaal;L Verhuur en handel van onroerend goed;2020/'21;3;1;0;0;2;2;1;1;0;0;1;0;0;0;1
1824;Totaal mannen en vrouwen;20 tot 25 jaar;Totaal;M-N Zakelijke dienstverlening;2009/'10;890;158;339;157;236;419;471;79;106;54;180;79;233;103;56
1825;Totaal mannen en vrouwen;20 tot 25 jaar;Totaal;M-N Zakelijke dienstverlening;2010/'11;636;121;215;119;181;299;337;55;57;36;151;66;158;83;30
1826;Totaal mannen en vrouwen;20 tot 25 jaar;Totaal;M-N Zakelijke dienstverlening;2011/'12;548;91;193;88;176;237;311;35;45;27;130;56;148;61;46
1827;Totaal mannen en vrouwen;20 tot 25 jaar;Totaal;M-N Zakelijke dienstverlening;2012/'13;500;119;126;87;168;237;263;42;43;28;124;77;83;59;44
1828;Totaal mannen en vrouwen;20 tot 25 jaar;Totaal;M-N Zakelijke dienstverlening;2013/'14;433;85;95;53;200;281;152;45;42;19;175;40;53;34;25
1829;Totaal mannen en vrouwen;20 tot 25 jaar;Totaal;M-N Zakelijke dienstverlening;2014/'15;356;66;64;51;175;224;132;31;24;23;146;35;40;28;29
1830;Totaal mannen en vrouwen;20 tot 25 jaar;Totaal;M-N Zakelijke dienstverlening;2015/'16;322;78;50;47;147;193;129;41;19;13;120;37;31;34;27
1831;Totaal mannen en vrouwen;20 tot 25 jaar;Totaal;M-N Zakelijke dienstverlening;2016/'17;387;76;75;62;174;223;164;43;22;12;146;33;53;50;28
1832;Totaal mannen en vrouwen;20 tot 25 jaar;Totaal;M-N Zakelijke dienstverlening;2017/'18;339;68;74;59;138;189;150;39;17;14;119;29;57;45;19
1833;Totaal mannen en vrouwen;20 tot 25 jaar;Totaal;M-N Zakelijke dienstverlening;2018/'19;465;136;78;72;179;246;219;71;17;15;143;65;61;57;36
1834;Totaal mannen en vrouwen;20 tot 25 jaar;Totaal;M-N Zakelijke dienstverlening;2019/'20;501;179;82;60;180;304;197;121;31;13;139;58;51;47;41
1835;Totaal mannen en vrouwen;20 tot 25 jaar;Totaal;M-N Zakelijke dienstverlening;2020/'21;549;202;74;60;213;350;199;131;32;15;172;71;42;45;41
1836;Totaal mannen en vrouwen;20 tot 25 jaar;Totaal;O-Q Overheid en zorg;2009/'10;396;25;134;108;129;166;230;12;23;44;87;13;111;64;42
1837;Totaal mannen en vrouwen;20 tot 25 jaar;Totaal;O-Q Overheid en zorg;2010/'11;352;31;98;112;111;144;208;10;12;52;70;21;86;60;41
1838;Totaal mannen en vrouwen;20 tot 25 jaar;Totaal;O-Q Overheid en zorg;2011/'12;306;41;80;87;98;99;207;15;6;31;47;26;74;56;51
1839;Totaal mannen en vrouwen;20 tot 25 jaar;Totaal;O-Q Overheid en zorg;2012/'13;268;19;56;70;123;83;185;6;8;17;52;13;48;53;71
1840;Totaal mannen en vrouwen;20 tot 25 jaar;Totaal;O-Q Overheid en zorg;2013/'14;205;16;34;49;106;89;116;11;5;15;58;5;29;34;48
1841;Totaal mannen en vrouwen;20 tot 25 jaar;Totaal;O-Q Overheid en zorg;2014/'15;139;2;14;50;73;53;86;1;2;12;38;1;12;38;35
1842;Totaal mannen en vrouwen;20 tot 25 jaar;Totaal;O-Q Overheid en zorg;2015/'16;121;8;14;36;63;53;68;2;4;13;34;6;10;23;29
1843;Totaal mannen en vrouwen;20 tot 25 jaar;Totaal;O-Q Overheid en zorg;2016/'17;92;6;21;28;37;27;65;2;4;5;16;4;17;23;21
1844;Totaal mannen en vrouwen;20 tot 25 jaar;Totaal;O-Q Overheid en zorg;2017/'18;89;11;15;18;45;40;49;3;6;5;26;8;9;13;19
1845;Totaal mannen en vrouwen;20 tot 25 jaar;Totaal;O-Q Overheid en zorg;2018/'19;86;21;11;22;32;33;53;9;3;3;18;12;8;19;14
1846;Totaal mannen en vrouwen;20 tot 25 jaar;Totaal;O-Q Overheid en zorg;2019/'20;83;16;15;17;35;20;63;2;2;1;15;14;13;16;20
1847;Totaal mannen en vrouwen;20 tot 25 jaar;Totaal;O-Q Overheid en zorg;2020/'21;111;15;23;25;48;46;65;10;7;4;25;5;16;21;23
1848;Totaal mannen en vrouwen;20 tot 25 jaar;Totaal;R-U Cultuur, recreatie, overige diensten;2009/'10;74;6;21;23;24;31;43;1;4;7;19;5;17;16;5
1849;Totaal mannen en vrouwen;20 tot 25 jaar;Totaal;R-U Cultuur, recreatie, overige diensten;2010/'11;62;5;17;14;26;31;31;2;7;4;18;3;10;10;8
1850;Totaal mannen en vrouwen;20 tot 25 jaar;Totaal;R-U Cultuur, recreatie, overige diensten;2011/'12;76;12;19;13;32;38;38;5;5;5;23;7;14;8;9
1851;Totaal mannen en vrouwen;20 tot 25 jaar;Totaal;R-U Cultuur, recreatie, overige diensten;2012/'13;58;8;14;6;30;38;20;4;6;2;26;4;8;4;4
1852;Totaal mannen en vrouwen;20 tot 25 jaar;Totaal;R-U Cultuur, recreatie, overige diensten;2013/'14;50;6;8;7;29;30;20;4;2;3;21;2;6;4;8
1853;Totaal mannen en vrouwen;20 tot 25 jaar;Totaal;R-U Cultuur, recreatie, overige diensten;2014/'15;43;4;5;6;28;32;11;3;3;1;25;1;2;5;3
1854;Totaal mannen en vrouwen;20 tot 25 jaar;Totaal;R-U Cultuur, recreatie, overige diensten;2015/'16;31;2;6;5;18;21;10;0;3;0;18;2;3;5;0
1855;Totaal mannen en vrouwen;20 tot 25 jaar;Totaal;R-U Cultuur, recreatie, overige diensten;2016/'17;51;2;8;10;31;35;16;2;5;2;26;0;3;8;5
1856;Totaal mannen en vrouwen;20 tot 25 jaar;Totaal;R-U Cultuur, recreatie, overige diensten;2017/'18;47;3;5;8;31;27;20;2;0;3;22;1;5;5;9
1857;Totaal mannen en vrouwen;20 tot 25 jaar;Totaal;R-U Cultuur, recreatie, overige diensten;2018/'19;61;5;12;10;34;37;24;4;4;1;28;1;8;9;6
1858;Totaal mannen en vrouwen;20 tot 25 jaar;Totaal;R-U Cultuur, recreatie, overige diensten;2019/'20;58;10;6;11;31;37;21;8;1;3;25;2;5;8;6
1859;Totaal mannen en vrouwen;20 tot 25 jaar;Totaal;R-U Cultuur, recreatie, overige diensten;2020/'21;71;17;7;14;33;40;31;11;2;2;25;6;5;12;8
1860;Totaal mannen en vrouwen;20 tot 25 jaar;Totaal;SBI-code onbekend;2009/'10;35;5;19;4;7;13;22;1;7;0;5;4;12;4;2
1861;Totaal mannen en vrouwen;20 tot 25 jaar;Totaal;SBI-code onbekend;2010/'11;21;1;12;2;6;9;12;0;2;1;6;1;10;1;0
1862;Totaal mannen en vrouwen;20 tot 25 jaar;Totaal;SBI-code onbekend;2011/'12;11;1;4;3;3;3;8;0;1;1;1;1;3;2;2
1863;Totaal mannen en vrouwen;20 tot 25 jaar;Totaal;SBI-code onbekend;2012/'13;13;3;5;2;3;5;8;1;1;0;3;2;4;2;0
1864;Totaal mannen en vrouwen;20 tot 25 jaar;Totaal;SBI-code onbekend;2013/'14;19;3;4;3;9;14;5;3;1;3;7;0;3;0;2
1865;Totaal mannen en vrouwen;20 tot 25 jaar;Totaal;SBI-code onbekend;2014/'15;15;3;3;1;8;12;3;2;2;0;8;1;1;1;0
1866;Totaal mannen en vrouwen;20 tot 25 jaar;Totaal;SBI-code onbekend;2015/'16;5;0;0;0;5;4;1;0;0;0;4;0;0;0;1
1867;Totaal mannen en vrouwen;20 tot 25 jaar;Totaal;SBI-code onbekend;2016/'17;2;1;0;1;0;2;0;1;0;1;0;0;0;0;0
1868;Totaal mannen en vrouwen;20 tot 25 jaar;Totaal;SBI-code onbekend;2017/'18;3;0;0;1;2;1;2;0;0;0;1;0;0;1;1
1869;Totaal mannen en vrouwen;20 tot 25 jaar;Totaal;SBI-code onbekend;2018/'19;5;1;1;0;3;3;2;0;0;0;3;1;1;0;0
1870;Totaal mannen en vrouwen;20 tot 25 jaar;Totaal;SBI-code onbekend;2019/'20;6;1;1;1;3;2;4;1;0;0;1;0;1;1;2
1871;Totaal mannen en vrouwen;20 tot 25 jaar;Totaal;SBI-code onbekend;2020/'21;5;1;0;1;3;3;2;1;0;0;2;0;0;1;1
1872;Totaal mannen en vrouwen;20 tot 25 jaar;Sector landbouw;A-U Alle economische activiteiten;2009/'10;254;150;44;16;44;49;205;3;4;2;40;147;40;14;4
1873;Totaal mannen en vrouwen;20 tot 25 jaar;Sector landbouw;A-U Alle economische activiteiten;2010/'11;236;166;24;15;31;36;200;0;5;5;26;166;19;10;5
1874;Totaal mannen en vrouwen;20 tot 25 jaar;Sector landbouw;A-U Alle economische activiteiten;2011/'12;206;140;17;13;36;37;169;2;1;1;33;138;16;12;3
1875;Totaal mannen en vrouwen;20 tot 25 jaar;Sector landbouw;A-U Alle economische activiteiten;2012/'13;189;128;15;14;32;34;155;2;5;2;25;126;10;12;7
1876;Totaal mannen en vrouwen;20 tot 25 jaar;Sector landbouw;A-U Alle economische activiteiten;2013/'14;118;46;10;14;48;45;73;1;0;2;42;45;10;12;6
1877;Totaal mannen en vrouwen;20 tot 25 jaar;Sector landbouw;A-U Alle economische activiteiten;2014/'15;92;27;10;10;45;46;46;0;2;1;43;27;8;9;2
1878;Totaal mannen en vrouwen;20 tot 25 jaar;Sector landbouw;A-U Alle economische activiteiten;2015/'16;63;26;6;9;22;25;38;0;3;0;22;26;3;9;0
1879;Totaal mannen en vrouwen;20 tot 25 jaar;Sector landbouw;A-U Alle economische activiteiten;2016/'17;55;0;10;7;38;33;22;0;1;1;31;0;9;6;7
1880;Totaal mannen en vrouwen;20 tot 25 jaar;Sector landbouw;A-U Alle economische activiteiten;2017/'18;51;0;7;8;36;37;14;0;3;1;33;0;4;7;3
1881;Totaal mannen en vrouwen;20 tot 25 jaar;Sector landbouw;A-U Alle economische activiteiten;2018/'19;45;0;7;7;31;30;15;0;1;2;27;0;6;5;4
1882;Totaal mannen en vrouwen;20 tot 25 jaar;Sector landbouw;A-U Alle economische activiteiten;2019/'20;58;0;3;9;46;40;18;0;1;1;38;0;2;8;8
1883;Totaal mannen en vrouwen;20 tot 25 jaar;Sector landbouw;A-U Alle economische activiteiten;2020/'21;93;35;1;7;50;50;43;1;1;2;46;34;0;5;4
1884;Totaal mannen en vrouwen;20 tot 25 jaar;Sector landbouw;A Landbouw, bosbouw en visserij;2009/'10;11;1;4;3;3;0;11;0;0;0;0;1;4;3;3
1885;Totaal mannen en vrouwen;20 tot 25 jaar;Sector landbouw;A Landbouw, bosbouw en visserij;2010/'11;11;4;3;3;1;2;9;0;1;0;1;4;2;3;0
1886;Totaal mannen en vrouwen;20 tot 25 jaar;Sector landbouw;A Landbouw, bosbouw en visserij;2011/'12;7;5;1;1;0;0;7;0;0;0;0;5;1;1;0
1887;Totaal mannen en vrouwen;20 tot 25 jaar;Sector landbouw;A Landbouw, bosbouw en visserij;2012/'13;10;5;0;3;2;0;10;0;0;0;0;5;0;3;2
1888;Totaal mannen en vrouwen;20 tot 25 jaar;Sector landbouw;A Landbouw, bosbouw en visserij;2013/'14;3;1;1;1;0;0;3;0;0;0;0;1;1;1;0
1889;Totaal mannen en vrouwen;20 tot 25 jaar;Sector landbouw;A Landbouw, bosbouw en visserij;2014/'15;5;1;1;1;2;2;3;0;0;1;1;1;1;0;1
1890;Totaal mannen en vrouwen;20 tot 25 jaar;Sector landbouw;A Landbouw, bosbouw en visserij;2015/'16;6;2;0;2;2;2;4;0;0;0;2;2;0;2;0
1891;Totaal mannen en vrouwen;20 tot 25 jaar;Sector landbouw;A Landbouw, bosbouw en visserij;2016/'17;1;0;0;0;1;0;1;0;0;0;0;0;0;0;1
1892;Totaal mannen en vrouwen;20 tot 25 jaar;Sector landbouw;A Landbouw, bosbouw en visserij;2017/'18;5;0;0;1;4;3;2;0;0;0;3;0;0;1;1
1893;Totaal mannen en vrouwen;20 tot 25 jaar;Sector landbouw;A Landbouw, bosbouw en visserij;2018/'19;2;0;0;1;1;0;2;0;0;0;0;0;0;1;1
1894;Totaal mannen en vrouwen;20 tot 25 jaar;Sector landbouw;A Landbouw, bosbouw en visserij;2019/'20;3;0;0;2;1;0;3;0;0;0;0;0;0;2;1
1895;Totaal mannen en vrouwen;20 tot 25 jaar;Sector landbouw;A Landbouw, bosbouw en visserij;2020/'21;2;1;0;1;0;0;2;0;0;0;0;1;0;1;0
1896;Totaal mannen en vrouwen;20 tot 25 jaar;Sector landbouw;B-E Nijverheid (geen bouw) en energie;2009/'10;128;117;9;0;2;3;125;0;1;0;2;117;8;0;0
1897;Totaal mannen en vrouwen;20 tot 25 jaar;Sector landbouw;B-E Nijverheid (geen bouw) en energie;2010/'11;132;127;4;1;0;1;131;0;0;1;0;127;4;0;0
1898;Totaal mannen en vrouwen;20 tot 25 jaar;Sector landbouw;B-E Nijverheid (geen bouw) en energie;2011/'12;103;99;3;0;1;1;102;0;0;0;1;99;3;0;0
1899;Totaal mannen en vrouwen;20 tot 25 jaar;Sector landbouw;B-E Nijverheid (geen bouw) en energie;2012/'13;69;65;2;0;2;4;65;2;0;0;2;63;2;0;0
1900;Totaal mannen en vrouwen;20 tot 25 jaar;Sector landbouw;B-E Nijverheid (geen bouw) en energie;2013/'14;34;28;4;2;0;0;34;0;0;0;0;28;4;2;0
1901;Totaal mannen en vrouwen;20 tot 25 jaar;Sector landbouw;B-E Nijverheid (geen bouw) en energie;2014/'15;21;18;1;1;1;1;20;0;0;0;1;18;1;1;0
1902;Totaal mannen en vrouwen;20 tot 25 jaar;Sector landbouw;B-E Nijverheid (geen bouw) en energie;2015/'16;15;14;0;1;0;0;15;0;0;0;0;14;0;1;0
1903;Totaal mannen en vrouwen;20 tot 25 jaar;Sector landbouw;B-E Nijverheid (geen bouw) en energie;2016/'17;4;0;2;1;1;1;3;0;0;0;1;0;2;1;0
1904;Totaal mannen en vrouwen;20 tot 25 jaar;Sector landbouw;B-E Nijverheid (geen bouw) en energie;2017/'18;7;0;1;3;3;2;5;0;0;0;2;0;1;3;1
1905;Totaal mannen en vrouwen;20 tot 25 jaar;Sector landbouw;B-E Nijverheid (geen bouw) en energie;2018/'19;2;0;0;0;2;1;1;0;0;0;1;0;0;0;1
1906;Totaal mannen en vrouwen;20 tot 25 jaar;Sector landbouw;B-E Nijverheid (geen bouw) en energie;2019/'20;3;0;0;1;2;1;2;0;0;0;1;0;0;1;1
1907;Totaal mannen en vrouwen;20 tot 25 jaar;Sector landbouw;B-E Nijverheid (geen bouw) en energie;2020/'21;8;5;0;0;3;3;5;0;0;0;3;5;0;0;0
1908;Totaal mannen en vrouwen;20 tot 25 jaar;Sector landbouw;F Bouwnijverheid;2009/'10;4;1;1;2;0;0;4;0;0;0;0;1;1;2;0
1909;Totaal mannen en vrouwen;20 tot 25 jaar;Sector landbouw;F Bouwnijverheid;2010/'11;3;2;0;1;0;0;3;0;0;0;0;2;0;1;0
1910;Totaal mannen en vrouwen;20 tot 25 jaar;Sector landbouw;F Bouwnijverheid;2011/'12;1;1;0;0;0;0;1;0;0;0;0;1;0;0;0
1911;Totaal mannen en vrouwen;20 tot 25 jaar;Sector landbouw;F Bouwnijverheid;2012/'13;0;0;0;0;0;0;0;0;0;0;0;0;0;0;0
1912;Totaal mannen en vrouwen;20 tot 25 jaar;Sector landbouw;F Bouwnijverheid;2013/'14;2;1;0;1;0;0;2;0;0;0;0;1;0;1;0
1913;Totaal mannen en vrouwen;20 tot 25 jaar;Sector landbouw;F Bouwnijverheid;2014/'15;0;0;0;0;0;0;0;0;0;0;0;0;0;0;0
1914;Totaal mannen en vrouwen;20 tot 25 jaar;Sector landbouw;F Bouwnijverheid;2015/'16;0;0;0;0;0;0;0;0;0;0;0;0;0;0;0
1915;Totaal mannen en vrouwen;20 tot 25 jaar;Sector landbouw;F Bouwnijverheid;2016/'17;1;0;1;0;0;0;1;0;0;0;0;0;1;0;0
1916;Totaal mannen en vrouwen;20 tot 25 jaar;Sector landbouw;F Bouwnijverheid;2017/'18;0;0;0;0;0;0;0;0;0;0;0;0;0;0;0
1917;Totaal mannen en vrouwen;20 tot 25 jaar;Sector landbouw;F Bouwnijverheid;2018/'19;1;0;0;0;1;1;0;0;0;0;1;0;0;0;0
1918;Totaal mannen en vrouwen;20 tot 25 jaar;Sector landbouw;F Bouwnijverheid;2019/'20;1;0;0;0;1;1;0;0;0;0;1;0;0;0;0
1919;Totaal mannen en vrouwen;20 tot 25 jaar;Sector landbouw;F Bouwnijverheid;2020/'21;1;0;0;0;1;1;0;0;0;0;1;0;0;0;0
1920;Totaal mannen en vrouwen;20 tot 25 jaar;Sector landbouw;G-I Handel, vervoer en horeca;2009/'10;40;7;8;4;21;23;17;1;1;0;21;6;7;4;0
1921;Totaal mannen en vrouwen;20 tot 25 jaar;Sector landbouw;G-I Handel, vervoer en horeca;2010/'11;35;7;5;5;18;18;17;0;0;3;15;7;5;2;3
1922;Totaal mannen en vrouwen;20 tot 25 jaar;Sector landbouw;G-I Handel, vervoer en horeca;2011/'12;33;11;5;3;14;15;18;1;1;0;13;10;4;3;1
1923;Totaal mannen en vrouwen;20 tot 25 jaar;Sector landbouw;G-I Handel, vervoer en horeca;2012/'13;34;8;6;5;15;17;17;0;4;0;13;8;2;5;2
1924;Totaal mannen en vrouwen;20 tot 25 jaar;Sector landbouw;G-I Handel, vervoer en horeca;2013/'14;43;4;3;5;31;29;14;0;0;1;28;4;3;4;3
1925;Totaal mannen en vrouwen;20 tot 25 jaar;Sector landbouw;G-I Handel, vervoer en horeca;2014/'15;33;2;3;3;25;26;7;0;2;0;24;2;1;3;1
1926;Totaal mannen en vrouwen;20 tot 25 jaar;Sector landbouw;G-I Handel, vervoer en horeca;2015/'16;21;3;4;0;14;16;5;0;2;0;14;3;2;0;0
1927;Totaal mannen en vrouwen;20 tot 25 jaar;Sector landbouw;G-I Handel, vervoer en horeca;2016/'17;26;0;1;4;21;18;8;0;0;1;17;0;1;3;4
1928;Totaal mannen en vrouwen;20 tot 25 jaar;Sector landbouw;G-I Handel, vervoer en horeca;2017/'18;17;0;1;1;15;16;1;0;1;1;14;0;0;0;1
1929;Totaal mannen en vrouwen;20 tot 25 jaar;Sector landbouw;G-I Handel, vervoer en horeca;2018/'19;25;0;3;2;20;19;6;0;0;1;18;0;3;1;2
1930;Totaal mannen en vrouwen;20 tot 25 jaar;Sector landbouw;G-I Handel, vervoer en horeca;2019/'20;31;0;1;3;27;24;7;0;1;1;22;0;0;2;5
1931;Totaal mannen en vrouwen;20 tot 25 jaar;Sector landbouw;G-I Handel, vervoer en horeca;2020/'21;31;1;0;2;28;28;3;0;0;1;27;1;0;1;1
1932;Totaal mannen en vrouwen;20 tot 25 jaar;Sector landbouw;J Informatie en communicatie;2009/'10;0;0;0;0;0;0;0;0;0;0;0;0;0;0;0
1933;Totaal mannen en vrouwen;20 tot 25 jaar;Sector landbouw;J Informatie en communicatie;2010/'11;0;0;0;0;0;0;0;0;0;0;0;0;0;0;0
1934;Totaal mannen en vrouwen;20 tot 25 jaar;Sector landbouw;J Informatie en communicatie;2011/'12;1;0;0;1;0;0;1;0;0;0;0;0;0;1;0
1935;Totaal mannen en vrouwen;20 tot 25 jaar;Sector landbouw;J Informatie en communicatie;2012/'13;0;0;0;0;0;0;0;0;0;0;0;0;0;0;0
1936;Totaal mannen en vrouwen;20 tot 25 jaar;Sector landbouw;J Informatie en communicatie;2013/'14;0;0;0;0;0;0;0;0;0;0;0;0;0;0;0
1937;Totaal mannen en vrouwen;20 tot 25 jaar;Sector landbouw;J Informatie en communicatie;2014/'15;2;0;0;0;2;2;0;0;0;0;2;0;0;0;0
1938;Totaal mannen en vrouwen;20 tot 25 jaar;Sector landbouw;J Informatie en communicatie;2015/'16;0;0;0;0;0;0;0;0;0;0;0;0;0;0;0
1939;Totaal mannen en vrouwen;20 tot 25 jaar;Sector landbouw;J Informatie en communicatie;2016/'17;0;0;0;0;0;0;0;0;0;0;0;0;0;0;0
1940;Totaal mannen en vrouwen;20 tot 25 jaar;Sector landbouw;J Informatie en communicatie;2017/'18;0;0;0;0;0;0;0;0;0;0;0;0;0;0;0
1941;Totaal mannen en vrouwen;20 tot 25 jaar;Sector landbouw;J Informatie en communicatie;2018/'19;1;0;0;0;1;1;0;0;0;0;1;0;0;0;0
1942;Totaal mannen en vrouwen;20 tot 25 jaar;Sector landbouw;J Informatie en communicatie;2019/'20;1;0;0;0;1;1;0;0;0;0;1;0;0;0;0
1943;Totaal mannen en vrouwen;20 tot 25 jaar;Sector landbouw;J Informatie en communicatie;2020/'21;1;0;0;0;1;1;0;0;0;0;1;0;0;0;0
1944;Totaal mannen en vrouwen;20 tot 25 jaar;Sector landbouw;K Financiële dienstverlening;2009/'10;0;0;0;0;0;0;0;0;0;0;0;0;0;0;0
1945;Totaal mannen en vrouwen;20 tot 25 jaar;Sector landbouw;K Financiële dienstverlening;2010/'11;1;0;1;0;0;0;1;0;0;0;0;0;1;0;0
1946;Totaal mannen en vrouwen;20 tot 25 jaar;Sector landbouw;K Financiële dienstverlening;2011/'12;0;0;0;0;0;0;0;0;0;0;0;0;0;0;0
1947;Totaal mannen en vrouwen;20 tot 25 jaar;Sector landbouw;K Financiële dienstverlening;2012/'13;0;0;0;0;0;0;0;0;0;0;0;0;0;0;0
1948;Totaal mannen en vrouwen;20 tot 25 jaar;Sector landbouw;K Financiële dienstverlening;2013/'14;0;0;0;0;0;0;0;0;0;0;0;0;0;0;0
1949;Totaal mannen en vrouwen;20 tot 25 jaar;Sector landbouw;K Financiële dienstverlening;2014/'15;0;0;0;0;0;0;0;0;0;0;0;0;0;0;0
1950;Totaal mannen en vrouwen;20 tot 25 jaar;Sector landbouw;K Financiële dienstverlening;2015/'16;0;0;0;0;0;0;0;0;0;0;0;0;0;0;0
1951;Totaal mannen en vrouwen;20 tot 25 jaar;Sector landbouw;K Financiële dienstverlening;2016/'17;1;0;0;0;1;1;0;0;0;0;1;0;0;0;0
1952;Totaal mannen en vrouwen;20 tot 25 jaar;Sector landbouw;K Financiële dienstverlening;2017/'18;0;0;0;0;0;0;0;0;0;0;0;0;0;0;0
1953;Totaal mannen en vrouwen;20 tot 25 jaar;Sector landbouw;K Financiële dienstverlening;2018/'19;0;0;0;0;0;0;0;0;0;0;0;0;0;0;0
1954;Totaal mannen en vrouwen;20 tot 25 jaar;Sector landbouw;K Financiële dienstverlening;2019/'20;0;0;0;0;0;0;0;0;0;0;0;0;0;0;0
1955;Totaal mannen en vrouwen;20 tot 25 jaar;Sector landbouw;K Financiële dienstverlening;2020/'21;1;0;1;0;0;1;0;0;1;0;0;0;0;0;0
1956;Totaal mannen en vrouwen;20 tot 25 jaar;Sector landbouw;L Verhuur en handel van onroerend goed;2009/'10;1;0;1;0;0;0;1;0;0;0;0;0;1;0;0
1957;Totaal mannen en vrouwen;20 tot 25 jaar;Sector landbouw;L Verhuur en handel van onroerend goed;2010/'11;0;0;0;0;0;0;0;0;0;0;0;0;0;0;0
1958;Totaal mannen en vrouwen;20 tot 25 jaar;Sector landbouw;L Verhuur en handel van onroerend goed;2011/'12;0;0;0;0;0;0;0;0;0;0;0;0;0;0;0
1959;Totaal mannen en vrouwen;20 tot 25 jaar;Sector landbouw;L Verhuur en handel van onroerend goed;2012/'13;0;0;0;0;0;0;0;0;0;0;0;0;0;0;0
1960;Totaal mannen en vrouwen;20 tot 25 jaar;Sector landbouw;L Verhuur en handel van onroerend goed;2013/'14;0;0;0;0;0;0;0;0;0;0;0;0;0;0;0
1961;Totaal mannen en vrouwen;20 tot 25 jaar;Sector landbouw;L Verhuur en handel van onroerend goed;2014/'15;0;0;0;0;0;0;0;0;0;0;0;0;0;0;0
1962;Totaal mannen en vrouwen;20 tot 25 jaar;Sector landbouw;L Verhuur en handel van onroerend goed;2015/'16;0;0;0;0;0;0;0;0;0;0;0;0;0;0;0
1963;Totaal mannen en vrouwen;20 tot 25 jaar;Sector landbouw;L Verhuur en handel van onroerend goed;2016/'17;1;0;0;0;1;1;0;0;0;0;1;0;0;0;0
1964;Totaal mannen en vrouwen;20 tot 25 jaar;Sector landbouw;L Verhuur en handel van onroerend goed;2017/'18;0;0;0;0;0;0;0;0;0;0;0;0;0;0;0
1965;Totaal mannen en vrouwen;20 tot 25 jaar;Sector landbouw;L Verhuur en handel van onroerend goed;2018/'19;0;0;0;0;0;0;0;0;0;0;0;0;0;0;0
1966;Totaal mannen en vrouwen;20 tot 25 jaar;Sector landbouw;L Verhuur en handel van onroerend goed;2019/'20;0;0;0;0;0;0;0;0;0;0;0;0;0;0;0
1967;Totaal mannen en vrouwen;20 tot 25 jaar;Sector landbouw;L Verhuur en handel van onroerend goed;2020/'21;0;0;0;0;0;0;0;0;0;0;0;0;0;0;0
1968;Totaal mannen en vrouwen;20 tot 25 jaar;Sector landbouw;M-N Zakelijke dienstverlening;2009/'10;54;18;18;5;13;16;38;2;1;1;12;16;17;4;1
1969;Totaal mannen en vrouwen;20 tot 25 jaar;Sector landbouw;M-N Zakelijke dienstverlening;2010/'11;38;17;8;5;8;12;26;0;3;1;8;17;5;4;0
1970;Totaal mannen en vrouwen;20 tot 25 jaar;Sector landbouw;M-N Zakelijke dienstverlening;2011/'12;44;18;7;5;14;12;32;0;0;0;12;18;7;5;2
1971;Totaal mannen en vrouwen;20 tot 25 jaar;Sector landbouw;M-N Zakelijke dienstverlening;2012/'13;58;46;4;5;3;4;54;0;1;1;2;46;3;4;1
1972;Totaal mannen en vrouwen;20 tot 25 jaar;Sector landbouw;M-N Zakelijke dienstverlening;2013/'14;28;10;1;4;13;11;17;0;0;1;10;10;1;3;3
1973;Totaal mannen en vrouwen;20 tot 25 jaar;Sector landbouw;M-N Zakelijke dienstverlening;2014/'15;25;6;5;2;12;12;13;0;0;0;12;6;5;2;0
1974;Totaal mannen en vrouwen;20 tot 25 jaar;Sector landbouw;M-N Zakelijke dienstverlening;2015/'16;17;6;2;6;3;4;13;0;1;0;3;6;1;6;0
1975;Totaal mannen en vrouwen;20 tot 25 jaar;Sector landbouw;M-N Zakelijke dienstverlening;2016/'17;16;0;5;2;9;8;8;0;0;0;8;0;5;2;1
1976;Totaal mannen en vrouwen;20 tot 25 jaar;Sector landbouw;M-N Zakelijke dienstverlening;2017/'18;11;0;3;2;6;7;4;0;1;0;6;0;2;2;0
1977;Totaal mannen en vrouwen;20 tot 25 jaar;Sector landbouw;M-N Zakelijke dienstverlening;2018/'19;8;0;3;3;2;4;4;0;1;1;2;0;2;2;0
1978;Totaal mannen en vrouwen;20 tot 25 jaar;Sector landbouw;M-N Zakelijke dienstverlening;2019/'20;14;0;2;3;9;8;6;0;0;0;8;0;2;3;1
1979;Totaal mannen en vrouwen;20 tot 25 jaar;Sector landbouw;M-N Zakelijke dienstverlening;2020/'21;42;27;0;3;12;11;31;1;0;1;9;26;0;2;3
1980;Totaal mannen en vrouwen;20 tot 25 jaar;Sector landbouw;O-Q Overheid en zorg;2009/'10;8;2;2;0;4;5;3;0;1;0;4;2;1;0;0
1981;Totaal mannen en vrouwen;20 tot 25 jaar;Sector landbouw;O-Q Overheid en zorg;2010/'11;11;7;1;0;3;2;9;0;0;0;2;7;1;0;1
1982;Totaal mannen en vrouwen;20 tot 25 jaar;Sector landbouw;O-Q Overheid en zorg;2011/'12;13;5;1;1;6;6;7;0;0;0;6;5;1;1;0
1983;Totaal mannen en vrouwen;20 tot 25 jaar;Sector landbouw;O-Q Overheid en zorg;2012/'13;13;2;1;1;9;8;5;0;0;1;7;2;1;0;2
1984;Totaal mannen en vrouwen;20 tot 25 jaar;Sector landbouw;O-Q Overheid en zorg;2013/'14;5;2;0;0;3;4;1;1;0;0;3;1;0;0;0
1985;Totaal mannen en vrouwen;20 tot 25 jaar;Sector landbouw;O-Q Overheid en zorg;2014/'15;3;0;0;2;1;1;2;0;0;0;1;0;0;2;0
1986;Totaal mannen en vrouwen;20 tot 25 jaar;Sector landbouw;O-Q Overheid en zorg;2015/'16;3;0;0;0;3;3;0;0;0;0;3;0;0;0;0
1987;Totaal mannen en vrouwen;20 tot 25 jaar;Sector landbouw;O-Q Overheid en zorg;2016/'17;3;0;0;0;3;2;1;0;0;0;2;0;0;0;1
1988;Totaal mannen en vrouwen;20 tot 25 jaar;Sector landbouw;O-Q Overheid en zorg;2017/'18;8;0;1;1;6;7;1;0;1;0;6;0;0;1;0
1989;Totaal mannen en vrouwen;20 tot 25 jaar;Sector landbouw;O-Q Overheid en zorg;2018/'19;3;0;0;1;2;2;1;0;0;0;2;0;0;1;0
1990;Totaal mannen en vrouwen;20 tot 25 jaar;Sector landbouw;O-Q Overheid en zorg;2019/'20;1;0;0;0;1;1;0;0;0;0;1;0;0;0;0
1991;Totaal mannen en vrouwen;20 tot 25 jaar;Sector landbouw;O-Q Overheid en zorg;2020/'21;5;1;0;1;3;3;2;0;0;0;3;1;0;1;0
1992;Totaal mannen en vrouwen;20 tot 25 jaar;Sector landbouw;R-U Cultuur, recreatie, overige diensten;2009/'10;5;2;1;2;0;1;4;0;0;1;0;2;1;1;0
1993;Totaal mannen en vrouwen;20 tot 25 jaar;Sector landbouw;R-U Cultuur, recreatie, overige diensten;2010/'11;5;2;2;0;1;1;4;0;1;0;0;2;1;0;1
1994;Totaal mannen en vrouwen;20 tot 25 jaar;Sector landbouw;R-U Cultuur, recreatie, overige diensten;2011/'12;4;1;0;2;1;3;1;1;0;1;1;0;0;1;0
1995;Totaal mannen en vrouwen;20 tot 25 jaar;Sector landbouw;R-U Cultuur, recreatie, overige diensten;2012/'13;2;1;0;0;1;1;1;0;0;0;1;1;0;0;0
1996;Totaal mannen en vrouwen;20 tot 25 jaar;Sector landbouw;R-U Cultuur, recreatie, overige diensten;2013/'14;3;0;1;1;1;1;2;0;0;0;1;0;1;1;0
1997;Totaal mannen en vrouwen;20 tot 25 jaar;Sector landbouw;R-U Cultuur, recreatie, overige diensten;2014/'15;1;0;0;0;1;1;0;0;0;0;1;0;0;0;0
1998;Totaal mannen en vrouwen;20 tot 25 jaar;Sector landbouw;R-U Cultuur, recreatie, overige diensten;2015/'16;1;1;0;0;0;0;1;0;0;0;0;1;0;0;0
1999;Totaal mannen en vrouwen;20 tot 25 jaar;Sector landbouw;R-U Cultuur, recreatie, overige diensten;2016/'17;2;0;1;0;1;2;0;0;1;0;1;0;0;0;0
2000;Totaal mannen en vrouwen;20 tot 25 jaar;Sector landbouw;R-U Cultuur, recreatie, overige diensten;2017/'18;2;0;1;0;1;1;1;0;0;0;1;0;1;0;0
2001;Totaal mannen en vrouwen;20 tot 25 jaar;Sector landbouw;R-U Cultuur, recreatie, overige diensten;2018/'19;3;0;1;0;2;2;1;0;0;0;2;0;1;0;0
2002;Totaal mannen en vrouwen;20 tot 25 jaar;Sector landbouw;R-U Cultuur, recreatie, overige diensten;2019/'20;4;0;0;0;4;4;0;0;0;0;4;0;0;0;0
2003;Totaal mannen en vrouwen;20 tot 25 jaar;Sector landbouw;R-U Cultuur, recreatie, overige diensten;2020/'21;2;0;0;0;2;2;0;0;0;0;2;0;0;0;0
2004;Totaal mannen en vrouwen;20 tot 25 jaar;Sector landbouw;SBI-code onbekend;2009/'10;3;2;0;0;1;1;2;0;0;0;1;2;0;0;0
2005;Totaal mannen en vrouwen;20 tot 25 jaar;Sector landbouw;SBI-code onbekend;2010/'11;0;0;0;0;0;0;0;0;0;0;0;0;0;0;0
2006;Totaal mannen en vrouwen;20 tot 25 jaar;Sector landbouw;SBI-code onbekend;2011/'12;0;0;0;0;0;0;0;0;0;0;0;0;0;0;0
2007;Totaal mannen en vrouwen;20 tot 25 jaar;Sector landbouw;SBI-code onbekend;2012/'13;3;1;2;0;0;0;3;0;0;0;0;1;2;0;0
2008;Totaal mannen en vrouwen;20 tot 25 jaar;Sector landbouw;SBI-code onbekend;2013/'14;0;0;0;0;0;0;0;0;0;0;0;0;0;0;0
2009;Totaal mannen en vrouwen;20 tot 25 jaar;Sector landbouw;SBI-code onbekend;2014/'15;2;0;0;1;1;1;1;0;0;0;1;0;0;1;0
2010;Totaal mannen en vrouwen;20 tot 25 jaar;Sector landbouw;SBI-code onbekend;2015/'16;0;0;0;0;0;0;0;0;0;0;0;0;0;0;0
2011;Totaal mannen en vrouwen;20 tot 25 jaar;Sector landbouw;SBI-code onbekend;2016/'17;0;0;0;0;0;0;0;0;0;0;0;0;0;0;0
2012;Totaal mannen en vrouwen;20 tot 25 jaar;Sector landbouw;SBI-code onbekend;2017/'18;1;0;0;0;1;1;0;0;0;0;1;0;0;0;0
2013;Totaal mannen en vrouwen;20 tot 25 jaar;Sector landbouw;SBI-code onbekend;2018/'19;0;0;0;0;0;0;0;0;0;0;0;0;0;0;0
2014;Totaal mannen en vrouwen;20 tot 25 jaar;Sector landbouw;SBI-code onbekend;2019/'20;0;0;0;0;0;0;0;0;0;0;0;0;0;0;0
2015;Totaal mannen en vrouwen;20 tot 25 jaar;Sector landbouw;SBI-code onbekend;2020/'21;0;0;0;0;0;0;0;0;0;0;0;0;0;0;0
2016;Totaal mannen en vrouwen;20 tot 25 jaar;Sector economie;A-U Alle economische activiteiten;2009/'10;1122;67;495;273;287;346;776;14;90;64;178;53;405;209;109
2017;Totaal mannen en vrouwen;20 tot 25 jaar;Sector economie;A-U Alle economische activiteiten;2010/'11;820;68;333;170;249;300;520;10;70;45;175;58;263;125;74
2018;Totaal mannen en vrouwen;20 tot 25 jaar;Sector economie;A-U Alle economische activiteiten;2011/'12;725;46;282;153;244;282;443;11;56;45;170;35;226;108;74
2019;Totaal mannen en vrouwen;20 tot 25 jaar;Sector economie;A-U Alle economische activiteiten;2012/'13;641;31;217;158;235;269;372;5;48;51;165;26;169;107;70
2020;Totaal mannen en vrouwen;20 tot 25 jaar;Sector economie;A-U Alle economische activiteiten;2013/'14;588;23;141;121;303;307;281;5;40;41;221;18;101;80;82
2021;Totaal mannen en vrouwen;20 tot 25 jaar;Sector economie;A-U Alle economische activiteiten;2014/'15;529;8;124;88;309;310;219;3;39;26;242;5;85;62;67
2022;Totaal mannen en vrouwen;20 tot 25 jaar;Sector economie;A-U Alle economische activiteiten;2015/'16;481;12;120;79;270;235;246;2;33;19;181;10;87;60;89
2023;Totaal mannen en vrouwen;20 tot 25 jaar;Sector economie;A-U Alle economische activiteiten;2016/'17;502;0;125;99;278;270;232;0;24;27;219;0;101;72;59
2024;Totaal mannen en vrouwen;20 tot 25 jaar;Sector economie;A-U Alle economische activiteiten;2017/'18;446;0;123;74;249;241;205;0;25;21;195;0;98;53;54
2025;Totaal mannen en vrouwen;20 tot 25 jaar;Sector economie;A-U Alle economische activiteiten;2018/'19;466;0;111;87;268;256;210;0;21;28;207;0;90;59;61
2026;Totaal mannen en vrouwen;20 tot 25 jaar;Sector economie;A-U Alle economische activiteiten;2019/'20;492;0;124;98;270;278;214;0;44;39;195;0;80;59;75
2027;Totaal mannen en vrouwen;20 tot 25 jaar;Sector economie;A-U Alle economische activiteiten;2020/'21;451;0;94;87;270;260;191;0;39;27;194;0;55;60;76
2028;Totaal mannen en vrouwen;20 tot 25 jaar;Sector economie;A Landbouw, bosbouw en visserij;2009/'10;7;1;1;3;2;1;6;0;0;1;0;1;1;2;2
2029;Totaal mannen en vrouwen;20 tot 25 jaar;Sector economie;A Landbouw, bosbouw en visserij;2010/'11;4;0;2;0;2;3;1;0;1;0;2;0;1;0;0
2030;Totaal mannen en vrouwen;20 tot 25 jaar;Sector economie;A Landbouw, bosbouw en visserij;2011/'12;8;0;6;0;2;4;4;0;2;0;2;0;4;0;0
2031;Totaal mannen en vrouwen;20 tot 25 jaar;Sector economie;A Landbouw, bosbouw en visserij;2012/'13;0;0;0;0;0;0;0;0;0;0;0;0;0;0;0
2032;Totaal mannen en vrouwen;20 tot 25 jaar;Sector economie;A Landbouw, bosbouw en visserij;2013/'14;1;0;0;0;1;1;0;0;0;0;1;0;0;0;0
2033;Totaal mannen en vrouwen;20 tot 25 jaar;Sector economie;A Landbouw, bosbouw en visserij;2014/'15;4;0;2;0;2;3;1;0;1;0;2;0;1;0;0
2034;Totaal mannen en vrouwen;20 tot 25 jaar;Sector economie;A Landbouw, bosbouw en visserij;2015/'16;3;0;0;1;2;2;1;0;0;1;1;0;0;0;1
2035;Totaal mannen en vrouwen;20 tot 25 jaar;Sector economie;A Landbouw, bosbouw en visserij;2016/'17;7;0;2;0;5;5;2;0;0;0;5;0;2;0;0
2036;Totaal mannen en vrouwen;20 tot 25 jaar;Sector economie;A Landbouw, bosbouw en visserij;2017/'18;5;0;0;0;5;5;0;0;0;0;5;0;0;0;0
2037;Totaal mannen en vrouwen;20 tot 25 jaar;Sector economie;A Landbouw, bosbouw en visserij;2018/'19;3;0;0;0;3;3;0;0;0;0;3;0;0;0;0
2038;Totaal mannen en vrouwen;20 tot 25 jaar;Sector economie;A Landbouw, bosbouw en visserij;2019/'20;2;0;0;1;1;1;1;0;0;0;1;0;0;1;0
2039;Totaal mannen en vrouwen;20 tot 25 jaar;Sector economie;A Landbouw, bosbouw en visserij;2020/'21;2;0;0;1;1;1;1;0;0;0;1;0;0;1;0
2040;Totaal mannen en vrouwen;20 tot 25 jaar;Sector economie;B-E Nijverheid (geen bouw) en energie;2009/'10;52;9;31;7;5;10;42;0;5;1;4;9;26;6;1
2041;Totaal mannen en vrouwen;20 tot 25 jaar;Sector economie;B-E Nijverheid (geen bouw) en energie;2010/'11;32;10;13;3;6;10;22;1;5;0;4;9;8;3;2
2042;Totaal mannen en vrouwen;20 tot 25 jaar;Sector economie;B-E Nijverheid (geen bouw) en energie;2011/'12;26;3;12;5;6;9;17;0;4;2;3;3;8;3;3
2043;Totaal mannen en vrouwen;20 tot 25 jaar;Sector economie;B-E Nijverheid (geen bouw) en energie;2012/'13;21;4;9;2;6;8;13;0;1;1;6;4;8;1;0
2044;Totaal mannen en vrouwen;20 tot 25 jaar;Sector economie;B-E Nijverheid (geen bouw) en energie;2013/'14;14;3;4;2;5;7;7;1;1;1;4;2;3;1;1
2045;Totaal mannen en vrouwen;20 tot 25 jaar;Sector economie;B-E Nijverheid (geen bouw) en energie;2014/'15;13;1;3;1;8;8;5;0;1;0;7;1;2;1;1
2046;Totaal mannen en vrouwen;20 tot 25 jaar;Sector economie;B-E Nijverheid (geen bouw) en energie;2015/'16;19;3;10;2;4;6;13;0;2;0;4;3;8;2;0
2047;Totaal mannen en vrouwen;20 tot 25 jaar;Sector economie;B-E Nijverheid (geen bouw) en energie;2016/'17;8;0;1;3;4;4;4;0;0;0;4;0;1;3;0
2048;Totaal mannen en vrouwen;20 tot 25 jaar;Sector economie;B-E Nijverheid (geen bouw) en energie;2017/'18;6;0;2;0;4;4;2;0;0;0;4;0;2;0;0
2049;Totaal mannen en vrouwen;20 tot 25 jaar;Sector economie;B-E Nijverheid (geen bouw) en energie;2018/'19;10;0;3;2;5;5;5;0;0;0;5;0;3;2;0
2050;Totaal mannen en vrouwen;20 tot 25 jaar;Sector economie;B-E Nijverheid (geen bouw) en energie;2019/'20;16;0;6;3;7;6;10;0;1;2;3;0;5;1;4
2051;Totaal mannen en vrouwen;20 tot 25 jaar;Sector economie;B-E Nijverheid (geen bouw) en energie;2020/'21;9;0;2;3;4;4;5;0;1;1;2;0;1;2;2
2052;Totaal mannen en vrouwen;20 tot 25 jaar;Sector economie;F Bouwnijverheid;2009/'10;19;1;11;3;4;9;10;1;4;1;3;0;7;2;1
2053;Totaal mannen en vrouwen;20 tot 25 jaar;Sector economie;F Bouwnijverheid;2010/'11;11;0;9;2;0;4;7;0;2;2;0;0;7;0;0
2054;Totaal mannen en vrouwen;20 tot 25 jaar;Sector economie;F Bouwnijverheid;2011/'12;4;0;2;1;1;2;2;0;0;1;1;0;2;0;0
2055;Totaal mannen en vrouwen;20 tot 25 jaar;Sector economie;F Bouwnijverheid;2012/'13;3;0;3;0;0;1;2;0;1;0;0;0;2;0;0
2056;Totaal mannen en vrouwen;20 tot 25 jaar;Sector economie;F Bouwnijverheid;2013/'14;2;0;2;0;0;0;2;0;0;0;0;0;2;0;0
2057;Totaal mannen en vrouwen;20 tot 25 jaar;Sector economie;F Bouwnijverheid;2014/'15;1;0;0;1;0;0;1;0;0;0;0;0;0;1;0
2058;Totaal mannen en vrouwen;20 tot 25 jaar;Sector economie;F Bouwnijverheid;2015/'16;2;0;0;0;2;2;0;0;0;0;2;0;0;0;0
2059;Totaal mannen en vrouwen;20 tot 25 jaar;Sector economie;F Bouwnijverheid;2016/'17;3;0;1;0;2;3;0;0;1;0;2;0;0;0;0
2060;Totaal mannen en vrouwen;20 tot 25 jaar;Sector economie;F Bouwnijverheid;2017/'18;1;0;0;0;1;1;0;0;0;0;1;0;0;0;0
2061;Totaal mannen en vrouwen;20 tot 25 jaar;Sector economie;F Bouwnijverheid;2018/'19;1;0;0;0;1;1;0;0;0;0;1;0;0;0;0
2062;Totaal mannen en vrouwen;20 tot 25 jaar;Sector economie;F Bouwnijverheid;2019/'20;2;0;0;0;2;2;0;0;0;0;2;0;0;0;0
2063;Totaal mannen en vrouwen;20 tot 25 jaar;Sector economie;F Bouwnijverheid;2020/'21;7;0;4;0;3;5;2;0;2;0;3;0;2;0;0
2064;Totaal mannen en vrouwen;20 tot 25 jaar;Sector economie;G-I Handel, vervoer en horeca;2009/'10;578;16;251;162;149;145;433;3;25;33;84;13;226;129;65
2065;Totaal mannen en vrouwen;20 tot 25 jaar;Sector economie;G-I Handel, vervoer en horeca;2010/'11;434;29;168;95;142;141;293;4;25;20;92;25;143;75;50
2066;Totaal mannen en vrouwen;20 tot 25 jaar;Sector economie;G-I Handel, vervoer en horeca;2011/'12;428;17;151;101;159;157;271;5;20;27;105;12;131;74;54
2067;Totaal mannen en vrouwen;20 tot 25 jaar;Sector economie;G-I Handel, vervoer en horeca;2012/'13;371;12;114;104;141;145;226;2;21;31;91;10;93;73;50
2068;Totaal mannen en vrouwen;20 tot 25 jaar;Sector economie;G-I Handel, vervoer en horeca;2013/'14;391;11;88;87;205;200;191;3;22;26;149;8;66;61;56
2069;Totaal mannen en vrouwen;20 tot 25 jaar;Sector economie;G-I Handel, vervoer en horeca;2014/'15;334;6;85;56;187;173;161;3;19;14;137;3;66;42;50
2070;Totaal mannen en vrouwen;20 tot 25 jaar;Sector economie;G-I Handel, vervoer en horeca;2015/'16;308;4;78;55;171;137;171;1;17;15;104;3;61;40;67
2071;Totaal mannen en vrouwen;20 tot 25 jaar;Sector economie;G-I Handel, vervoer en horeca;2016/'17;337;0;82;66;189;172;165;0;12;17;143;0;70;49;46
2072;Totaal mannen en vrouwen;20 tot 25 jaar;Sector economie;G-I Handel, vervoer en horeca;2017/'18;307;0;89;55;163;144;163;0;12;11;121;0;77;44;42
2073;Totaal mannen en vrouwen;20 tot 25 jaar;Sector economie;G-I Handel, vervoer en horeca;2018/'19;319;0;73;60;186;160;159;0;13;16;131;0;60;44;55
2074;Totaal mannen en vrouwen;20 tot 25 jaar;Sector economie;G-I Handel, vervoer en horeca;2019/'20;330;0;84;73;173;177;153;0;25;29;123;0;59;44;50
2075;Totaal mannen en vrouwen;20 tot 25 jaar;Sector economie;G-I Handel, vervoer en horeca;2020/'21;277;0;50;57;170;154;123;0;21;16;117;0;29;41;53
2076;Totaal mannen en vrouwen;20 tot 25 jaar;Sector economie;J Informatie en communicatie;2009/'10;19;0;6;5;8;6;13;0;1;0;5;0;5;5;3
2077;Totaal mannen en vrouwen;20 tot 25 jaar;Sector economie;J Informatie en communicatie;2010/'11;5;0;1;1;3;2;3;0;1;0;1;0;0;1;2
2078;Totaal mannen en vrouwen;20 tot 25 jaar;Sector economie;J Informatie en communicatie;2011/'12;7;0;4;1;2;3;4;0;1;0;2;0;3;1;0
2079;Totaal mannen en vrouwen;20 tot 25 jaar;Sector economie;J Informatie en communicatie;2012/'13;5;0;1;2;2;0;5;0;0;0;0;0;1;2;2
2080;Totaal mannen en vrouwen;20 tot 25 jaar;Sector economie;J Informatie en communicatie;2013/'14;6;0;1;1;4;4;2;0;1;0;3;0;0;1;1
2081;Totaal mannen en vrouwen;20 tot 25 jaar;Sector economie;J Informatie en communicatie;2014/'15;2;0;0;0;2;2;0;0;0;0;2;0;0;0;0
2082;Totaal mannen en vrouwen;20 tot 25 jaar;Sector economie;J Informatie en communicatie;2015/'16;2;0;0;0;2;2;0;0;0;0;2;0;0;0;0
2083;Totaal mannen en vrouwen;20 tot 25 jaar;Sector economie;J Informatie en communicatie;2016/'17;2;0;1;0;1;1;1;0;1;0;0;0;0;0;1
2084;Totaal mannen en vrouwen;20 tot 25 jaar;Sector economie;J Informatie en communicatie;2017/'18;5;0;0;1;4;4;1;0;0;1;3;0;0;0;1
2085;Totaal mannen en vrouwen;20 tot 25 jaar;Sector economie;J Informatie en communicatie;2018/'19;2;0;1;0;1;1;1;0;0;0;1;0;1;0;0
2086;Totaal mannen en vrouwen;20 tot 25 jaar;Sector economie;J Informatie en communicatie;2019/'20;8;0;1;0;7;3;5;0;0;0;3;0;1;0;4
2087;Totaal mannen en vrouwen;20 tot 25 jaar;Sector economie;J Informatie en communicatie;2020/'21;2;0;0;1;1;1;1;0;0;0;1;0;0;1;0
2088;Totaal mannen en vrouwen;20 tot 25 jaar;Sector economie;K Financiële dienstverlening;2009/'10;18;0;5;1;12;2;16;0;1;0;1;0;4;1;11
2089;Totaal mannen en vrouwen;20 tot 25 jaar;Sector economie;K Financiële dienstverlening;2010/'11;4;0;1;2;1;0;4;0;0;0;0;0;1;2;1
2090;Totaal mannen en vrouwen;20 tot 25 jaar;Sector economie;K Financiële dienstverlening;2011/'12;2;0;1;0;1;1;1;0;0;0;1;0;1;0;0
2091;Totaal mannen en vrouwen;20 tot 25 jaar;Sector economie;K Financiële dienstverlening;2012/'13;1;0;1;0;0;0;1;0;0;0;0;0;1;0;0
2092;Totaal mannen en vrouwen;20 tot 25 jaar;Sector economie;K Financiële dienstverlening;2013/'14;1;0;1;0;0;0;1;0;0;0;0;0;1;0;0
2093;Totaal mannen en vrouwen;20 tot 25 jaar;Sector economie;K Financiële dienstverlening;2014/'15;2;0;0;0;2;2;0;0;0;0;2;0;0;0;0
2094;Totaal mannen en vrouwen;20 tot 25 jaar;Sector economie;K Financiële dienstverlening;2015/'16;2;0;0;0;2;1;1;0;0;0;1;0;0;0;1
2095;Totaal mannen en vrouwen;20 tot 25 jaar;Sector economie;K Financiële dienstverlening;2016/'17;4;0;0;2;2;1;3;0;0;0;1;0;0;2;1
2096;Totaal mannen en vrouwen;20 tot 25 jaar;Sector economie;K Financiële dienstverlening;2017/'18;2;0;1;0;1;2;0;0;1;0;1;0;0;0;0
2097;Totaal mannen en vrouwen;20 tot 25 jaar;Sector economie;K Financiële dienstverlening;2018/'19;2;0;0;0;2;2;0;0;0;0;2;0;0;0;0
2098;Totaal mannen en vrouwen;20 tot 25 jaar;Sector economie;K Financiële dienstverlening;2019/'20;1;0;0;0;1;1;0;0;0;0;1;0;0;0;0
2099;Totaal mannen en vrouwen;20 tot 25 jaar;Sector economie;K Financiële dienstverlening;2020/'21;4;0;0;2;2;4;0;0;0;2;2;0;0;0;0
2100;Totaal mannen en vrouwen;20 tot 25 jaar;Sector economie;L Verhuur en handel van onroerend goed;2009/'10;3;0;1;1;1;1;2;0;0;0;1;0;1;1;0
2101;Totaal mannen en vrouwen;20 tot 25 jaar;Sector economie;L Verhuur en handel van onroerend goed;2010/'11;6;0;3;1;2;3;3;0;0;1;2;0;3;0;0
2102;Totaal mannen en vrouwen;20 tot 25 jaar;Sector economie;L Verhuur en handel van onroerend goed;2011/'12;2;0;1;0;1;1;1;0;0;0;1;0;1;0;0
2103;Totaal mannen en vrouwen;20 tot 25 jaar;Sector economie;L Verhuur en handel van onroerend goed;2012/'13;1;0;0;0;1;1;0;0;0;0;1;0;0;0;0
2104;Totaal mannen en vrouwen;20 tot 25 jaar;Sector economie;L Verhuur en handel van onroerend goed;2013/'14;2;0;0;1;1;1;1;0;0;0;1;0;0;1;0
2105;Totaal mannen en vrouwen;20 tot 25 jaar;Sector economie;L Verhuur en handel van onroerend goed;2014/'15;1;0;0;0;1;1;0;0;0;0;1;0;0;0;0
2106;Totaal mannen en vrouwen;20 tot 25 jaar;Sector economie;L Verhuur en handel van onroerend goed;2015/'16;0;0;0;0;0;0;0;0;0;0;0;0;0;0;0
2107;Totaal mannen en vrouwen;20 tot 25 jaar;Sector economie;L Verhuur en handel van onroerend goed;2016/'17;0;0;0;0;0;0;0;0;0;0;0;0;0;0;0
2108;Totaal mannen en vrouwen;20 tot 25 jaar;Sector economie;L Verhuur en handel van onroerend goed;2017/'18;1;0;0;0;1;1;0;0;0;0;1;0;0;0;0
2109;Totaal mannen en vrouwen;20 tot 25 jaar;Sector economie;L Verhuur en handel van onroerend goed;2018/'19;1;0;0;0;1;1;0;0;0;0;1;0;0;0;0
2110;Totaal mannen en vrouwen;20 tot 25 jaar;Sector economie;L Verhuur en handel van onroerend goed;2019/'20;1;0;0;0;1;0;1;0;0;0;0;0;0;0;1
2111;Totaal mannen en vrouwen;20 tot 25 jaar;Sector economie;L Verhuur en handel van onroerend goed;2020/'21;0;0;0;0;0;0;0;0;0;0;0;0;0;0;0
2112;Totaal mannen en vrouwen;20 tot 25 jaar;Sector economie;M-N Zakelijke dienstverlening;2009/'10;310;39;127;66;78;133;177;9;48;18;58;30;79;48;20
2113;Totaal mannen en vrouwen;20 tot 25 jaar;Sector economie;M-N Zakelijke dienstverlening;2010/'11;217;24;77;48;68;102;115;4;29;13;56;20;48;35;12
2114;Totaal mannen en vrouwen;20 tot 25 jaar;Sector economie;M-N Zakelijke dienstverlening;2011/'12;168;19;64;31;54;81;87;5;24;9;43;14;40;22;11
2115;Totaal mannen en vrouwen;20 tot 25 jaar;Sector economie;M-N Zakelijke dienstverlening;2012/'13;158;12;52;35;59;83;75;3;20;13;47;9;32;22;12
2116;Totaal mannen en vrouwen;20 tot 25 jaar;Sector economie;M-N Zakelijke dienstverlening;2013/'14;109;7;28;15;59;71;38;1;13;10;47;6;15;5;12
2117;Totaal mannen en vrouwen;20 tot 25 jaar;Sector economie;M-N Zakelijke dienstverlening;2014/'15;119;0;21;17;81;92;27;0;13;9;70;0;8;8;11
2118;Totaal mannen en vrouwen;20 tot 25 jaar;Sector economie;M-N Zakelijke dienstverlening;2015/'16;103;3;21;13;66;67;36;1;10;3;53;2;11;10;13
2119;Totaal mannen en vrouwen;20 tot 25 jaar;Sector economie;M-N Zakelijke dienstverlening;2016/'17;107;0;24;22;61;66;41;0;7;7;52;0;17;15;9
2120;Totaal mannen en vrouwen;20 tot 25 jaar;Sector economie;M-N Zakelijke dienstverlening;2017/'18;97;0;28;15;54;67;30;0;12;8;47;0;16;7;7
2121;Totaal mannen en vrouwen;20 tot 25 jaar;Sector economie;M-N Zakelijke dienstverlening;2018/'19;102;0;27;20;55;67;35;0;7;10;50;0;20;10;5
2122;Totaal mannen en vrouwen;20 tot 25 jaar;Sector economie;M-N Zakelijke dienstverlening;2019/'20;109;0;27;18;64;75;34;0;16;7;52;0;11;11;12
2123;Totaal mannen en vrouwen;20 tot 25 jaar;Sector economie;M-N Zakelijke dienstverlening;2020/'21;122;0;31;17;74;74;48;0;12;5;57;0;19;12;17
2124;Totaal mannen en vrouwen;20 tot 25 jaar;Sector economie;O-Q Overheid en zorg;2009/'10;84;1;50;14;19;27;57;1;3;8;15;0;47;6;4
2125;Totaal mannen en vrouwen;20 tot 25 jaar;Sector economie;O-Q Overheid en zorg;2010/'11;84;5;49;13;17;25;59;1;4;7;13;4;45;6;4
2126;Totaal mannen en vrouwen;20 tot 25 jaar;Sector economie;O-Q Overheid en zorg;2011/'12;51;3;26;11;11;12;39;1;1;4;6;2;25;7;5
2127;Totaal mannen en vrouwen;20 tot 25 jaar;Sector economie;O-Q Overheid en zorg;2012/'13;58;1;30;12;15;19;39;0;2;6;11;1;28;6;4
2128;Totaal mannen en vrouwen;20 tot 25 jaar;Sector economie;O-Q Overheid en zorg;2013/'14;41;0;14;11;16;15;26;0;3;2;10;0;11;9;6
2129;Totaal mannen en vrouwen;20 tot 25 jaar;Sector economie;O-Q Overheid en zorg;2014/'15;32;0;8;10;14;14;18;0;1;3;10;0;7;7;4
2130;Totaal mannen en vrouwen;20 tot 25 jaar;Sector economie;O-Q Overheid en zorg;2015/'16;27;2;7;5;13;9;18;0;3;0;6;2;4;5;7
2131;Totaal mannen en vrouwen;20 tot 25 jaar;Sector economie;O-Q Overheid en zorg;2016/'17;17;0;11;4;2;4;13;0;1;2;1;0;10;2;1
2132;Totaal mannen en vrouwen;20 tot 25 jaar;Sector economie;O-Q Overheid en zorg;2017/'18;12;0;2;1;9;6;6;0;0;0;6;0;2;1;3
2133;Totaal mannen en vrouwen;20 tot 25 jaar;Sector economie;O-Q Overheid en zorg;2018/'19;9;0;3;2;4;5;4;0;0;1;4;0;3;1;0
2134;Totaal mannen en vrouwen;20 tot 25 jaar;Sector economie;O-Q Overheid en zorg;2019/'20;7;0;4;0;3;2;5;0;1;0;1;0;3;0;2
2135;Totaal mannen en vrouwen;20 tot 25 jaar;Sector economie;O-Q Overheid en zorg;2020/'21;11;0;3;2;6;6;5;0;2;1;3;0;1;1;3
2136;Totaal mannen en vrouwen;20 tot 25 jaar;Sector economie;R-U Cultuur, recreatie, overige diensten;2009/'10;24;0;6;10;8;9;15;0;1;2;6;0;5;8;2
2137;Totaal mannen en vrouwen;20 tot 25 jaar;Sector economie;R-U Cultuur, recreatie, overige diensten;2010/'11;16;0;6;3;7;7;9;0;2;1;4;0;4;2;3
2138;Totaal mannen en vrouwen;20 tot 25 jaar;Sector economie;R-U Cultuur, recreatie, overige diensten;2011/'12;24;3;13;2;6;10;14;0;3;1;6;3;10;1;0
2139;Totaal mannen en vrouwen;20 tot 25 jaar;Sector economie;R-U Cultuur, recreatie, overige diensten;2012/'13;19;1;6;2;10;11;8;0;3;0;8;1;3;2;2
2140;Totaal mannen en vrouwen;20 tot 25 jaar;Sector economie;R-U Cultuur, recreatie, overige diensten;2013/'14;16;2;3;3;8;5;11;0;0;1;4;2;3;2;4
2141;Totaal mannen en vrouwen;20 tot 25 jaar;Sector economie;R-U Cultuur, recreatie, overige diensten;2014/'15;16;1;4;3;8;10;6;0;3;0;7;1;1;3;1
2142;Totaal mannen en vrouwen;20 tot 25 jaar;Sector economie;R-U Cultuur, recreatie, overige diensten;2015/'16;14;0;4;3;7;8;6;0;1;0;7;0;3;3;0
2143;Totaal mannen en vrouwen;20 tot 25 jaar;Sector economie;R-U Cultuur, recreatie, overige diensten;2016/'17;17;0;3;2;12;14;3;0;2;1;11;0;1;1;1
2144;Totaal mannen en vrouwen;20 tot 25 jaar;Sector economie;R-U Cultuur, recreatie, overige diensten;2017/'18;8;0;1;1;6;7;1;0;0;1;6;0;1;0;0
2145;Totaal mannen en vrouwen;20 tot 25 jaar;Sector economie;R-U Cultuur, recreatie, overige diensten;2018/'19;17;0;4;3;10;11;6;0;1;1;9;0;3;2;1
2146;Totaal mannen en vrouwen;20 tot 25 jaar;Sector economie;R-U Cultuur, recreatie, overige diensten;2019/'20;15;0;2;3;10;10;5;0;1;1;8;0;1;2;2
2147;Totaal mannen en vrouwen;20 tot 25 jaar;Sector economie;R-U Cultuur, recreatie, overige diensten;2020/'21;15;0;4;4;7;9;6;0;1;2;6;0;3;2;1
2148;Totaal mannen en vrouwen;20 tot 25 jaar;Sector economie;SBI-code onbekend;2009/'10;8;0;6;1;1;3;5;0;2;0;1;0;4;1;0
2149;Totaal mannen en vrouwen;20 tot 25 jaar;Sector economie;SBI-code onbekend;2010/'11;7;0;4;2;1;3;4;0;1;1;1;0;3;1;0
2150;Totaal mannen en vrouwen;20 tot 25 jaar;Sector economie;SBI-code onbekend;2011/'12;5;1;2;1;1;2;3;0;1;1;0;1;1;0;1
2151;Totaal mannen en vrouwen;20 tot 25 jaar;Sector economie;SBI-code onbekend;2012/'13;4;1;1;1;1;1;3;0;0;0;1;1;1;1;0
2152;Totaal mannen en vrouwen;20 tot 25 jaar;Sector economie;SBI-code onbekend;2013/'14;5;0;0;1;4;3;2;0;0;1;2;0;0;0;2
2153;Totaal mannen en vrouwen;20 tot 25 jaar;Sector economie;SBI-code onbekend;2014/'15;5;0;1;0;4;5;0;0;1;0;4;0;0;0;0
2154;Totaal mannen en vrouwen;20 tot 25 jaar;Sector economie;SBI-code onbekend;2015/'16;1;0;0;0;1;1;0;0;0;0;1;0;0;0;0
2155;Totaal mannen en vrouwen;20 tot 25 jaar;Sector economie;SBI-code onbekend;2016/'17;0;0;0;0;0;0;0;0;0;0;0;0;0;0;0
2156;Totaal mannen en vrouwen;20 tot 25 jaar;Sector economie;SBI-code onbekend;2017/'18;2;0;0;1;1;0;2;0;0;0;0;0;0;1;1
2157;Totaal mannen en vrouwen;20 tot 25 jaar;Sector economie;SBI-code onbekend;2018/'19;0;0;0;0;0;0;0;0;0;0;0;0;0;0;0
2158;Totaal mannen en vrouwen;20 tot 25 jaar;Sector economie;SBI-code onbekend;2019/'20;1;0;0;0;1;1;0;0;0;0;1;0;0;0;0
2159;Totaal mannen en vrouwen;20 tot 25 jaar;Sector economie;SBI-code onbekend;2020/'21;2;0;0;0;2;2;0;0;0;0;2;0;0;0;0
2160;Totaal mannen en vrouwen;20 tot 25 jaar;Sector techniek;A-U Alle economische activiteiten;2009/'10;861;87;461;91;222;271;590;15;43;30;183;72;418;61;39
2161;Totaal mannen en vrouwen;20 tot 25 jaar;Sector techniek;A-U Alle economische activiteiten;2010/'11;654;48;301;103;202;250;404;12;26;40;172;36;275;63;30
2162;Totaal mannen en vrouwen;20 tot 25 jaar;Sector techniek;A-U Alle economische activiteiten;2011/'12;627;40;278;91;218;233;394;6;22;33;172;34;256;58;46
2163;Totaal mannen en vrouwen;20 tot 25 jaar;Sector techniek;A-U Alle economische activiteiten;2012/'13;502;39;153;81;229;250;252;13;24;23;190;26;129;58;39
2164;Totaal mannen en vrouwen;20 tot 25 jaar;Sector techniek;A-U Alle economische activiteiten;2013/'14;503;29;138;67;269;308;195;18;41;18;231;11;97;49;38
2165;Totaal mannen en vrouwen;20 tot 25 jaar;Sector techniek;A-U Alle economische activiteiten;2014/'15;462;75;101;63;223;275;187;48;19;23;185;27;82;40;38
2166;Totaal mannen en vrouwen;20 tot 25 jaar;Sector techniek;A-U Alle economische activiteiten;2015/'16;441;71;81;67;222;266;175;47;17;23;179;24;64;44;43
2167;Totaal mannen en vrouwen;20 tot 25 jaar;Sector techniek;A-U Alle economische activiteiten;2016/'17;360;1;86;89;184;166;194;0;12;16;138;1;74;73;46
2168;Totaal mannen en vrouwen;20 tot 25 jaar;Sector techniek;A-U Alle economische activiteiten;2017/'18;335;0;87;82;166;138;197;0;3;13;122;0;84;69;44
2169;Totaal mannen en vrouwen;20 tot 25 jaar;Sector techniek;A-U Alle economische activiteiten;2018/'19;405;0;103;104;198;174;231;0;15;7;152;0;88;97;46
2170;Totaal mannen en vrouwen;20 tot 25 jaar;Sector techniek;A-U Alle economische activiteiten;2019/'20;430;0;110;114;206;185;245;0;16;10;159;0;94;104;47
2171;Totaal mannen en vrouwen;20 tot 25 jaar;Sector techniek;A-U Alle economische activiteiten;2020/'21;456;0;111;102;243;218;238;0;16;12;190;0;95;90;53
2172;Totaal mannen en vrouwen;20 tot 25 jaar;Sector techniek;A Landbouw, bosbouw en visserij;2009/'10;7;0;3;3;1;1;6;0;0;0;1;0;3;3;0
2173;Totaal mannen en vrouwen;20 tot 25 jaar;Sector techniek;A Landbouw, bosbouw en visserij;2010/'11;8;0;2;2;4;5;3;0;0;1;4;0;2;1;0
2174;Totaal mannen en vrouwen;20 tot 25 jaar;Sector techniek;A Landbouw, bosbouw en visserij;2011/'12;12;0;6;2;4;4;8;0;1;0;3;0;5;2;1
2175;Totaal mannen en vrouwen;20 tot 25 jaar;Sector techniek;A Landbouw, bosbouw en visserij;2012/'13;11;1;5;0;5;5;6;0;0;0;5;1;5;0;0
2176;Totaal mannen en vrouwen;20 tot 25 jaar;Sector techniek;A Landbouw, bosbouw en visserij;2013/'14;7;0;4;2;1;4;3;0;1;2;1;0;3;0;0
2177;Totaal mannen en vrouwen;20 tot 25 jaar;Sector techniek;A Landbouw, bosbouw en visserij;2014/'15;7;1;1;2;3;4;3;1;0;0;3;0;1;2;0
2178;Totaal mannen en vrouwen;20 tot 25 jaar;Sector techniek;A Landbouw, bosbouw en visserij;2015/'16;10;1;1;2;6;7;3;1;1;0;5;0;0;2;1
2179;Totaal mannen en vrouwen;20 tot 25 jaar;Sector techniek;A Landbouw, bosbouw en visserij;2016/'17;6;0;2;1;3;1;5;0;0;0;1;0;2;1;2
2180;Totaal mannen en vrouwen;20 tot 25 jaar;Sector techniek;A Landbouw, bosbouw en visserij;2017/'18;6;0;1;2;3;4;2;0;1;0;3;0;0;2;0
2181;Totaal mannen en vrouwen;20 tot 25 jaar;Sector techniek;A Landbouw, bosbouw en visserij;2018/'19;7;0;2;1;4;4;3;0;1;0;3;0;1;1;1
2182;Totaal mannen en vrouwen;20 tot 25 jaar;Sector techniek;A Landbouw, bosbouw en visserij;2019/'20;7;0;1;1;5;5;2;0;0;0;5;0;1;1;0
2183;Totaal mannen en vrouwen;20 tot 25 jaar;Sector techniek;A Landbouw, bosbouw en visserij;2020/'21;6;0;1;4;1;1;5;0;0;0;1;0;1;4;0
2184;Totaal mannen en vrouwen;20 tot 25 jaar;Sector techniek;B-E Nijverheid (geen bouw) en energie;2009/'10;120;37;59;6;18;16;104;0;4;1;11;37;55;5;7
2185;Totaal mannen en vrouwen;20 tot 25 jaar;Sector techniek;B-E Nijverheid (geen bouw) en energie;2010/'11;66;11;32;12;11;10;56;0;3;2;5;11;29;10;6
2186;Totaal mannen en vrouwen;20 tot 25 jaar;Sector techniek;B-E Nijverheid (geen bouw) en energie;2011/'12;57;15;22;9;11;9;48;0;2;1;6;15;20;8;5
2187;Totaal mannen en vrouwen;20 tot 25 jaar;Sector techniek;B-E Nijverheid (geen bouw) en energie;2012/'13;43;11;15;5;12;8;35;1;1;0;6;10;14;5;6
2188;Totaal mannen en vrouwen;20 tot 25 jaar;Sector techniek;B-E Nijverheid (geen bouw) en energie;2013/'14;20;3;9;2;6;7;13;1;1;1;4;2;8;1;2
2189;Totaal mannen en vrouwen;20 tot 25 jaar;Sector techniek;B-E Nijverheid (geen bouw) en energie;2014/'15;39;8;8;6;17;14;25;3;0;1;10;5;8;5;7
2190;Totaal mannen en vrouwen;20 tot 25 jaar;Sector techniek;B-E Nijverheid (geen bouw) en energie;2015/'16;32;11;10;2;9;6;26;2;0;0;4;9;10;2;5
2191;Totaal mannen en vrouwen;20 tot 25 jaar;Sector techniek;B-E Nijverheid (geen bouw) en energie;2016/'17;25;0;7;12;6;4;21;0;1;1;2;0;6;11;4
2192;Totaal mannen en vrouwen;20 tot 25 jaar;Sector techniek;B-E Nijverheid (geen bouw) en energie;2017/'18;25;0;10;8;7;4;21;0;0;1;3;0;10;7;4
2193;Totaal mannen en vrouwen;20 tot 25 jaar;Sector techniek;B-E Nijverheid (geen bouw) en energie;2018/'19;25;0;7;5;13;7;18;0;0;0;7;0;7;5;6
2194;Totaal mannen en vrouwen;20 tot 25 jaar;Sector techniek;B-E Nijverheid (geen bouw) en energie;2019/'20;40;0;14;11;15;8;32;0;2;0;6;0;12;11;9
2195;Totaal mannen en vrouwen;20 tot 25 jaar;Sector techniek;B-E Nijverheid (geen bouw) en energie;2020/'21;43;0;15;16;12;8;35;0;1;1;6;0;14;15;6
2196;Totaal mannen en vrouwen;20 tot 25 jaar;Sector techniek;F Bouwnijverheid;2009/'10;114;7;88;12;7;6;108;0;1;0;5;7;87;12;2
2197;Totaal mannen en vrouwen;20 tot 25 jaar;Sector techniek;F Bouwnijverheid;2010/'11;63;3;49;7;4;3;60;1;0;0;2;2;49;7;2
2198;Totaal mannen en vrouwen;20 tot 25 jaar;Sector techniek;F Bouwnijverheid;2011/'12;35;3;23;6;3;1;34;0;0;1;0;3;23;5;3
2199;Totaal mannen en vrouwen;20 tot 25 jaar;Sector techniek;F Bouwnijverheid;2012/'13;33;1;21;4;7;4;29;1;1;0;2;0;20;4;5
2200;Totaal mannen en vrouwen;20 tot 25 jaar;Sector techniek;F Bouwnijverheid;2013/'14;23;4;7;5;7;3;20;0;0;0;3;4;7;5;4
2201;Totaal mannen en vrouwen;20 tot 25 jaar;Sector techniek;F Bouwnijverheid;2014/'15;19;2;11;4;2;2;17;1;0;0;1;1;11;4;1
2202;Totaal mannen en vrouwen;20 tot 25 jaar;Sector techniek;F Bouwnijverheid;2015/'16;21;1;8;3;9;4;17;0;0;0;4;1;8;3;5
2203;Totaal mannen en vrouwen;20 tot 25 jaar;Sector techniek;F Bouwnijverheid;2016/'17;15;0;10;3;2;1;14;0;1;0;0;0;9;3;2
2204;Totaal mannen en vrouwen;20 tot 25 jaar;Sector techniek;F Bouwnijverheid;2017/'18;11;0;4;3;4;1;10;0;0;0;1;0;4;3;3
2205;Totaal mannen en vrouwen;20 tot 25 jaar;Sector techniek;F Bouwnijverheid;2018/'19;18;0;8;5;5;0;18;0;0;0;0;0;8;5;5
2206;Totaal mannen en vrouwen;20 tot 25 jaar;Sector techniek;F Bouwnijverheid;2019/'20;22;0;10;9;3;2;20;0;0;0;2;0;10;9;1
2207;Totaal mannen en vrouwen;20 tot 25 jaar;Sector techniek;F Bouwnijverheid;2020/'21;18;0;13;3;2;1;17;0;0;0;1;0;13;3;1
2208;Totaal mannen en vrouwen;20 tot 25 jaar;Sector techniek;G-I Handel, vervoer en horeca;2009/'10;228;17;96;23;92;92;136;7;5;7;73;10;91;16;19
2209;Totaal mannen en vrouwen;20 tot 25 jaar;Sector techniek;G-I Handel, vervoer en horeca;2010/'11;213;12;84;28;89;97;116;3;10;11;73;9;74;17;16
2210;Totaal mannen en vrouwen;20 tot 25 jaar;Sector techniek;G-I Handel, vervoer en horeca;2011/'12;218;5;77;28;108;109;109;2;7;11;89;3;70;17;19
2211;Totaal mannen en vrouwen;20 tot 25 jaar;Sector techniek;G-I Handel, vervoer en horeca;2012/'13;213;13;36;32;132;141;72;5;8;13;115;8;28;19;17
2212;Totaal mannen en vrouwen;20 tot 25 jaar;Sector techniek;G-I Handel, vervoer en horeca;2013/'14;226;8;49;26;143;156;70;6;21;8;121;2;28;18;22
2213;Totaal mannen en vrouwen;20 tot 25 jaar;Sector techniek;G-I Handel, vervoer en horeca;2014/'15;222;37;42;17;126;156;66;23;14;8;111;14;28;9;15
2214;Totaal mannen en vrouwen;20 tot 25 jaar;Sector techniek;G-I Handel, vervoer en horeca;2015/'16;210;24;34;24;128;144;66;19;11;8;106;5;23;16;22
2215;Totaal mannen en vrouwen;20 tot 25 jaar;Sector techniek;G-I Handel, vervoer en horeca;2016/'17;153;1;23;34;95;83;70;0;1;9;73;1;22;25;22
2216;Totaal mannen en vrouwen;20 tot 25 jaar;Sector techniek;G-I Handel, vervoer en horeca;2017/'18;155;0;27;33;95;79;76;0;0;6;73;0;27;27;22
2217;Totaal mannen en vrouwen;20 tot 25 jaar;Sector techniek;G-I Handel, vervoer en horeca;2018/'19;188;0;41;49;98;91;97;0;8;3;80;0;33;46;18
2218;Totaal mannen en vrouwen;20 tot 25 jaar;Sector techniek;G-I Handel, vervoer en horeca;2019/'20;200;0;31;53;116;105;95;0;4;8;93;0;27;45;23
2219;Totaal mannen en vrouwen;20 tot 25 jaar;Sector techniek;G-I Handel, vervoer en horeca;2020/'21;217;0;40;38;139;118;99;0;5;7;106;0;35;31;33
2220;Totaal mannen en vrouwen;20 tot 25 jaar;Sector techniek;J Informatie en communicatie;2009/'10;8;0;2;2;4;6;2;0;0;2;4;0;2;0;0
2221;Totaal mannen en vrouwen;20 tot 25 jaar;Sector techniek;J Informatie en communicatie;2010/'11;4;0;0;0;4;4;0;0;0;0;4;0;0;0;0
2222;Totaal mannen en vrouwen;20 tot 25 jaar;Sector techniek;J Informatie en communicatie;2011/'12;3;0;1;0;2;2;1;0;0;0;2;0;1;0;0
2223;Totaal mannen en vrouwen;20 tot 25 jaar;Sector techniek;J Informatie en communicatie;2012/'13;3;0;0;0;3;3;0;0;0;0;3;0;0;0;0
2224;Totaal mannen en vrouwen;20 tot 25 jaar;Sector techniek;J Informatie en communicatie;2013/'14;1;0;0;0;1;1;0;0;0;0;1;0;0;0;0
2225;Totaal mannen en vrouwen;20 tot 25 jaar;Sector techniek;J Informatie en communicatie;2014/'15;2;0;1;0;1;1;1;0;0;0;1;0;1;0;0
2226;Totaal mannen en vrouwen;20 tot 25 jaar;Sector techniek;J Informatie en communicatie;2015/'16;1;0;0;0;1;1;0;0;0;0;1;0;0;0;0
2227;Totaal mannen en vrouwen;20 tot 25 jaar;Sector techniek;J Informatie en communicatie;2016/'17;2;0;0;0;2;2;0;0;0;0;2;0;0;0;0
2228;Totaal mannen en vrouwen;20 tot 25 jaar;Sector techniek;J Informatie en communicatie;2017/'18;3;0;0;0;3;2;1;0;0;0;2;0;0;0;1
2229;Totaal mannen en vrouwen;20 tot 25 jaar;Sector techniek;J Informatie en communicatie;2018/'19;1;0;0;0;1;1;0;0;0;0;1;0;0;0;0
2230;Totaal mannen en vrouwen;20 tot 25 jaar;Sector techniek;J Informatie en communicatie;2019/'20;3;0;1;0;2;2;1;0;0;0;2;0;1;0;0
2231;Totaal mannen en vrouwen;20 tot 25 jaar;Sector techniek;J Informatie en communicatie;2020/'21;7;0;2;0;5;5;2;0;0;0;5;0;2;0;0
2232;Totaal mannen en vrouwen;20 tot 25 jaar;Sector techniek;K Financiële dienstverlening;2009/'10;1;0;0;0;1;1;0;0;0;0;1;0;0;0;0
2233;Totaal mannen en vrouwen;20 tot 25 jaar;Sector techniek;K Financiële dienstverlening;2010/'11;1;0;1;0;0;1;0;0;1;0;0;0;0;0;0
2234;Totaal mannen en vrouwen;20 tot 25 jaar;Sector techniek;K Financiële dienstverlening;2011/'12;2;0;2;0;0;0;2;0;0;0;0;0;2;0;0
2235;Totaal mannen en vrouwen;20 tot 25 jaar;Sector techniek;K Financiële dienstverlening;2012/'13;0;0;0;0;0;0;0;0;0;0;0;0;0;0;0
2236;Totaal mannen en vrouwen;20 tot 25 jaar;Sector techniek;K Financiële dienstverlening;2013/'14;1;0;0;0;1;1;0;0;0;0;1;0;0;0;0
2237;Totaal mannen en vrouwen;20 tot 25 jaar;Sector techniek;K Financiële dienstverlening;2014/'15;1;1;0;0;0;1;0;1;0;0;0;0;0;0;0
2238;Totaal mannen en vrouwen;20 tot 25 jaar;Sector techniek;K Financiële dienstverlening;2015/'16;1;0;0;0;1;1;0;0;0;0;1;0;0;0;0
2239;Totaal mannen en vrouwen;20 tot 25 jaar;Sector techniek;K Financiële dienstverlening;2016/'17;0;0;0;0;0;0;0;0;0;0;0;0;0;0;0
2240;Totaal mannen en vrouwen;20 tot 25 jaar;Sector techniek;K Financiële dienstverlening;2017/'18;2;0;0;1;1;1;1;0;0;0;1;0;0;1;0
2241;Totaal mannen en vrouwen;20 tot 25 jaar;Sector techniek;K Financiële dienstverlening;2018/'19;1;0;0;0;1;0;1;0;0;0;0;0;0;0;1
2242;Totaal mannen en vrouwen;20 tot 25 jaar;Sector techniek;K Financiële dienstverlening;2019/'20;2;0;0;1;1;1;1;0;0;0;1;0;0;1;0
2243;Totaal mannen en vrouwen;20 tot 25 jaar;Sector techniek;K Financiële dienstverlening;2020/'21;1;0;0;1;0;0;1;0;0;0;0;0;0;1;0
2244;Totaal mannen en vrouwen;20 tot 25 jaar;Sector techniek;L Verhuur en handel van onroerend goed;2009/'10;0;0;0;0;0;0;0;0;0;0;0;0;0;0;0
2245;Totaal mannen en vrouwen;20 tot 25 jaar;Sector techniek;L Verhuur en handel van onroerend goed;2010/'11;2;0;1;0;1;1;1;0;0;0;1;0;1;0;0
2246;Totaal mannen en vrouwen;20 tot 25 jaar;Sector techniek;L Verhuur en handel van onroerend goed;2011/'12;1;0;1;0;0;0;1;0;0;0;0;0;1;0;0
2247;Totaal mannen en vrouwen;20 tot 25 jaar;Sector techniek;L Verhuur en handel van onroerend goed;2012/'13;3;0;1;1;1;1;2;0;0;0;1;0;1;1;0
2248;Totaal mannen en vrouwen;20 tot 25 jaar;Sector techniek;L Verhuur en handel van onroerend goed;2013/'14;1;0;0;0;1;1;0;0;0;0;1;0;0;0;0
2249;Totaal mannen en vrouwen;20 tot 25 jaar;Sector techniek;L Verhuur en handel van onroerend goed;2014/'15;1;0;0;0;1;1;0;0;0;0;1;0;0;0;0
2250;Totaal mannen en vrouwen;20 tot 25 jaar;Sector techniek;L Verhuur en handel van onroerend goed;2015/'16;0;0;0;0;0;0;0;0;0;0;0;0;0;0;0
2251;Totaal mannen en vrouwen;20 tot 25 jaar;Sector techniek;L Verhuur en handel van onroerend goed;2016/'17;1;0;0;0;1;1;0;0;0;0;1;0;0;0;0
2252;Totaal mannen en vrouwen;20 tot 25 jaar;Sector techniek;L Verhuur en handel van onroerend goed;2017/'18;2;0;1;0;1;1;1;0;0;0;1;0;1;0;0
2253;Totaal mannen en vrouwen;20 tot 25 jaar;Sector techniek;L Verhuur en handel van onroerend goed;2018/'19;1;0;0;0;1;1;0;0;0;0;1;0;0;0;0
2254;Totaal mannen en vrouwen;20 tot 25 jaar;Sector techniek;L Verhuur en handel van onroerend goed;2019/'20;2;0;2;0;0;0;2;0;0;0;0;0;2;0;0
2255;Totaal mannen en vrouwen;20 tot 25 jaar;Sector techniek;L Verhuur en handel van onroerend goed;2020/'21;0;0;0;0;0;0;0;0;0;0;0;0;0;0;0
2256;Totaal mannen en vrouwen;20 tot 25 jaar;Sector techniek;M-N Zakelijke dienstverlening;2009/'10;257;21;144;22;70;105;152;8;23;11;63;13;121;11;7
2257;Totaal mannen en vrouwen;20 tot 25 jaar;Sector techniek;M-N Zakelijke dienstverlening;2010/'11;195;19;98;20;58;74;121;8;8;5;53;11;90;15;5
2258;Totaal mannen en vrouwen;20 tot 25 jaar;Sector techniek;M-N Zakelijke dienstverlening;2011/'12;205;12;104;28;61;72;133;2;9;10;51;10;95;18;10
2259;Totaal mannen en vrouwen;20 tot 25 jaar;Sector techniek;M-N Zakelijke dienstverlening;2012/'13;139;10;57;24;48;61;78;5;11;4;41;5;46;20;7
2260;Totaal mannen en vrouwen;20 tot 25 jaar;Sector techniek;M-N Zakelijke dienstverlening;2013/'14;164;10;50;21;83;103;61;7;16;1;79;3;34;20;4
2261;Totaal mannen en vrouwen;20 tot 25 jaar;Sector techniek;M-N Zakelijke dienstverlening;2014/'15;124;20;32;23;49;66;58;14;5;7;40;6;27;16;9
2262;Totaal mannen en vrouwen;20 tot 25 jaar;Sector techniek;M-N Zakelijke dienstverlening;2015/'16;121;31;23;19;48;74;47;25;4;3;42;6;19;16;6
2263;Totaal mannen en vrouwen;20 tot 25 jaar;Sector techniek;M-N Zakelijke dienstverlening;2016/'17;121;0;37;28;56;57;64;0;9;3;45;0;28;25;11
2264;Totaal mannen en vrouwen;20 tot 25 jaar;Sector techniek;M-N Zakelijke dienstverlening;2017/'18;106;0;39;30;37;31;75;0;1;2;28;0;38;28;9
2265;Totaal mannen en vrouwen;20 tot 25 jaar;Sector techniek;M-N Zakelijke dienstverlening;2018/'19;133;0;37;36;60;54;79;0;4;2;48;0;33;34;12
2266;Totaal mannen en vrouwen;20 tot 25 jaar;Sector techniek;M-N Zakelijke dienstverlening;2019/'20;126;0;44;30;52;49;77;0;9;1;39;0;35;29;13
2267;Totaal mannen en vrouwen;20 tot 25 jaar;Sector techniek;M-N Zakelijke dienstverlening;2020/'21;121;0;29;29;63;63;58;0;8;3;52;0;21;26;11
2268;Totaal mannen en vrouwen;20 tot 25 jaar;Sector techniek;O-Q Overheid en zorg;2009/'10;94;2;50;22;20;35;59;0;8;9;18;2;42;13;2
2269;Totaal mannen en vrouwen;20 tot 25 jaar;Sector techniek;O-Q Overheid en zorg;2010/'11;78;2;24;33;19;40;38;0;2;20;18;2;22;13;1
2270;Totaal mannen en vrouwen;20 tot 25 jaar;Sector techniek;O-Q Overheid en zorg;2011/'12;70;3;34;17;16;22;48;1;1;10;10;2;33;7;6
2271;Totaal mannen en vrouwen;20 tot 25 jaar;Sector techniek;O-Q Overheid en zorg;2012/'13;38;1;10;14;13;14;24;0;0;5;9;1;10;9;4
2272;Totaal mannen en vrouwen;20 tot 25 jaar;Sector techniek;O-Q Overheid en zorg;2013/'14;38;1;13;10;14;16;22;1;1;6;8;0;12;4;6
2273;Totaal mannen en vrouwen;20 tot 25 jaar;Sector techniek;O-Q Overheid en zorg;2014/'15;29;2;4;9;14;18;11;1;0;7;10;1;4;2;4
2274;Totaal mannen en vrouwen;20 tot 25 jaar;Sector techniek;O-Q Overheid en zorg;2015/'16;34;2;4;16;12;20;14;0;0;12;8;2;4;4;4
2275;Totaal mannen en vrouwen;20 tot 25 jaar;Sector techniek;O-Q Overheid en zorg;2016/'17;18;0;5;6;7;6;12;0;0;2;4;0;5;4;3
2276;Totaal mannen en vrouwen;20 tot 25 jaar;Sector techniek;O-Q Overheid en zorg;2017/'18;16;0;3;5;8;10;6;0;1;4;5;0;2;1;3
2277;Totaal mannen en vrouwen;20 tot 25 jaar;Sector techniek;O-Q Overheid en zorg;2018/'19;15;0;4;7;4;6;9;0;1;2;3;0;3;5;1
2278;Totaal mannen en vrouwen;20 tot 25 jaar;Sector techniek;O-Q Overheid en zorg;2019/'20;14;0;4;6;4;5;9;0;1;1;3;0;3;5;1
2279;Totaal mannen en vrouwen;20 tot 25 jaar;Sector techniek;O-Q Overheid en zorg;2020/'21;29;0;10;9;10;13;16;0;2;1;10;0;8;8;0
2280;Totaal mannen en vrouwen;20 tot 25 jaar;Sector techniek;R-U Cultuur, recreatie, overige diensten;2009/'10;19;2;9;0;8;6;13;0;0;0;6;2;9;0;2
2281;Totaal mannen en vrouwen;20 tot 25 jaar;Sector techniek;R-U Cultuur, recreatie, overige diensten;2010/'11;12;0;4;1;7;9;3;0;1;1;7;0;3;0;0
2282;Totaal mannen en vrouwen;20 tot 25 jaar;Sector techniek;R-U Cultuur, recreatie, overige diensten;2011/'12;21;2;6;1;12;13;8;1;2;0;10;1;4;1;2
2283;Totaal mannen en vrouwen;20 tot 25 jaar;Sector techniek;R-U Cultuur, recreatie, overige diensten;2012/'13;17;2;7;1;7;12;5;1;3;1;7;1;4;0;0
2284;Totaal mannen en vrouwen;20 tot 25 jaar;Sector techniek;R-U Cultuur, recreatie, overige diensten;2013/'14;12;2;2;1;7;9;3;2;0;0;7;0;2;1;0
2285;Totaal mannen en vrouwen;20 tot 25 jaar;Sector techniek;R-U Cultuur, recreatie, overige diensten;2014/'15;13;2;1;2;8;8;5;2;0;0;6;0;1;2;2
2286;Totaal mannen en vrouwen;20 tot 25 jaar;Sector techniek;R-U Cultuur, recreatie, overige diensten;2015/'16;10;1;1;1;7;8;2;0;1;0;7;1;0;1;0
2287;Totaal mannen en vrouwen;20 tot 25 jaar;Sector techniek;R-U Cultuur, recreatie, overige diensten;2016/'17;18;0;2;4;12;10;8;0;0;0;10;0;2;4;2
2288;Totaal mannen en vrouwen;20 tot 25 jaar;Sector techniek;R-U Cultuur, recreatie, overige diensten;2017/'18;9;0;2;0;7;5;4;0;0;0;5;0;2;0;2
2289;Totaal mannen en vrouwen;20 tot 25 jaar;Sector techniek;R-U Cultuur, recreatie, overige diensten;2018/'19;13;0;3;1;9;8;5;0;1;0;7;0;2;1;2
2290;Totaal mannen en vrouwen;20 tot 25 jaar;Sector techniek;R-U Cultuur, recreatie, overige diensten;2019/'20;12;0;2;2;8;8;4;0;0;0;8;0;2;2;0
2291;Totaal mannen en vrouwen;20 tot 25 jaar;Sector techniek;R-U Cultuur, recreatie, overige diensten;2020/'21;14;0;1;2;11;9;5;0;0;0;9;0;1;2;2
2292;Totaal mannen en vrouwen;20 tot 25 jaar;Sector techniek;SBI-code onbekend;2009/'10;13;1;10;1;1;3;10;0;2;0;1;1;8;1;0
2293;Totaal mannen en vrouwen;20 tot 25 jaar;Sector techniek;SBI-code onbekend;2010/'11;12;1;6;0;5;6;6;0;1;0;5;1;5;0;0
2294;Totaal mannen en vrouwen;20 tot 25 jaar;Sector techniek;SBI-code onbekend;2011/'12;3;0;2;0;1;1;2;0;0;0;1;0;2;0;0
2295;Totaal mannen en vrouwen;20 tot 25 jaar;Sector techniek;SBI-code onbekend;2012/'13;2;0;1;0;1;1;1;0;0;0;1;0;1;0;0
2296;Totaal mannen en vrouwen;20 tot 25 jaar;Sector techniek;SBI-code onbekend;2013/'14;10;1;4;0;5;7;3;1;1;0;5;0;3;0;0
2297;Totaal mannen en vrouwen;20 tot 25 jaar;Sector techniek;SBI-code onbekend;2014/'15;5;2;1;0;2;4;1;2;0;0;2;0;1;0;0
2298;Totaal mannen en vrouwen;20 tot 25 jaar;Sector techniek;SBI-code onbekend;2015/'16;1;0;0;0;1;1;0;0;0;0;1;0;0;0;0
2299;Totaal mannen en vrouwen;20 tot 25 jaar;Sector techniek;SBI-code onbekend;2016/'17;1;0;0;1;0;1;0;0;0;1;0;0;0;0;0
2300;Totaal mannen en vrouwen;20 tot 25 jaar;Sector techniek;SBI-code onbekend;2017/'18;0;0;0;0;0;0;0;0;0;0;0;0;0;0;0
2301;Totaal mannen en vrouwen;20 tot 25 jaar;Sector techniek;SBI-code onbekend;2018/'19;3;0;1;0;2;2;1;0;0;0;2;0;1;0;0
2302;Totaal mannen en vrouwen;20 tot 25 jaar;Sector techniek;SBI-code onbekend;2019/'20;2;0;1;1;0;0;2;0;0;0;0;0;1;1;0
2303;Totaal mannen en vrouwen;20 tot 25 jaar;Sector techniek;SBI-code onbekend;2020/'21;0;0;0;0;0;0;0;0;0;0;0;0;0;0;0
2304;Totaal mannen en vrouwen;20 tot 25 jaar;Sector zorg en welzijn;A-U Alle economische activiteiten;2009/'10;700;16;143;266;275;361;339;7;85;97;172;9;58;169;103
2305;Totaal mannen en vrouwen;20 tot 25 jaar;Sector zorg en welzijn;A-U Alle economische activiteiten;2010/'11;547;18;96;205;228;272;275;11;44;78;139;7;52;127;89
2306;Totaal mannen en vrouwen;20 tot 25 jaar;Sector zorg en welzijn;A-U Alle economische activiteiten;2011/'12;451;21;64;146;220;219;232;13;32;58;116;8;32;88;104
2307;Totaal mannen en vrouwen;20 tot 25 jaar;Sector zorg en welzijn;A-U Alle economische activiteiten;2012/'13;478;20;48;138;272;234;244;12;32;43;147;8;16;95;125
2308;Totaal mannen en vrouwen;20 tot 25 jaar;Sector zorg en welzijn;A-U Alle economische activiteiten;2013/'14;413;17;45;74;277;275;138;14;33;37;191;3;12;37;86
2309;Totaal mannen en vrouwen;20 tot 25 jaar;Sector zorg en welzijn;A-U Alle economische activiteiten;2014/'15;293;9;15;60;209;195;98;7;12;24;152;2;3;36;57
2310;Totaal mannen en vrouwen;20 tot 25 jaar;Sector zorg en welzijn;A-U Alle economische activiteiten;2015/'16;248;4;17;47;180;176;72;3;14;21;138;1;3;26;42
2311;Totaal mannen en vrouwen;20 tot 25 jaar;Sector zorg en welzijn;A-U Alle economische activiteiten;2016/'17;272;2;25;56;189;187;85;2;20;16;149;0;5;40;40
2312;Totaal mannen en vrouwen;20 tot 25 jaar;Sector zorg en welzijn;A-U Alle economische activiteiten;2017/'18;277;0;26;55;196;173;104;0;13;18;142;0;13;37;54
2313;Totaal mannen en vrouwen;20 tot 25 jaar;Sector zorg en welzijn;A-U Alle economische activiteiten;2018/'19;297;0;34;61;202;164;133;0;16;9;139;0;18;52;63
2314;Totaal mannen en vrouwen;20 tot 25 jaar;Sector zorg en welzijn;A-U Alle economische activiteiten;2019/'20;315;0;28;55;232;168;147;0;11;12;145;0;17;43;87
2315;Totaal mannen en vrouwen;20 tot 25 jaar;Sector zorg en welzijn;A-U Alle economische activiteiten;2020/'21;368;0;46;65;257;224;144;0;28;20;176;0;18;45;81
2316;Totaal mannen en vrouwen;20 tot 25 jaar;Sector zorg en welzijn;A Landbouw, bosbouw en visserij;2009/'10;6;0;0;2;4;3;3;0;0;1;2;0;0;1;2
2317;Totaal mannen en vrouwen;20 tot 25 jaar;Sector zorg en welzijn;A Landbouw, bosbouw en visserij;2010/'11;5;0;1;3;1;2;3;0;0;2;0;0;1;1;1
2318;Totaal mannen en vrouwen;20 tot 25 jaar;Sector zorg en welzijn;A Landbouw, bosbouw en visserij;2011/'12;0;0;0;0;0;0;0;0;0;0;0;0;0;0;0
2319;Totaal mannen en vrouwen;20 tot 25 jaar;Sector zorg en welzijn;A Landbouw, bosbouw en visserij;2012/'13;4;0;0;2;2;0;4;0;0;0;0;0;0;2;2
2320;Totaal mannen en vrouwen;20 tot 25 jaar;Sector zorg en welzijn;A Landbouw, bosbouw en visserij;2013/'14;4;0;0;0;4;4;0;0;0;0;4;0;0;0;0
2321;Totaal mannen en vrouwen;20 tot 25 jaar;Sector zorg en welzijn;A Landbouw, bosbouw en visserij;2014/'15;2;0;0;0;2;1;1;0;0;0;1;0;0;0;1
2322;Totaal mannen en vrouwen;20 tot 25 jaar;Sector zorg en welzijn;A Landbouw, bosbouw en visserij;2015/'16;3;1;0;0;2;2;1;1;0;0;1;0;0;0;1
2323;Totaal mannen en vrouwen;20 tot 25 jaar;Sector zorg en welzijn;A Landbouw, bosbouw en visserij;2016/'17;5;0;1;1;3;5;0;0;1;1;3;0;0;0;0
2324;Totaal mannen en vrouwen;20 tot 25 jaar;Sector zorg en welzijn;A Landbouw, bosbouw en visserij;2017/'18;5;0;1;1;3;3;2;0;0;0;3;0;1;1;0
2325;Totaal mannen en vrouwen;20 tot 25 jaar;Sector zorg en welzijn;A Landbouw, bosbouw en visserij;2018/'19;1;0;0;0;1;1;0;0;0;0;1;0;0;0;0
2326;Totaal mannen en vrouwen;20 tot 25 jaar;Sector zorg en welzijn;A Landbouw, bosbouw en visserij;2019/'20;2;0;0;0;2;2;0;0;0;0;2;0;0;0;0
2327;Totaal mannen en vrouwen;20 tot 25 jaar;Sector zorg en welzijn;A Landbouw, bosbouw en visserij;2020/'21;1;0;0;0;1;1;0;0;0;0;1;0;0;0;0
2328;Totaal mannen en vrouwen;20 tot 25 jaar;Sector zorg en welzijn;B-E Nijverheid (geen bouw) en energie;2009/'10;25;2;4;10;9;10;15;2;1;3;4;0;3;7;5
2329;Totaal mannen en vrouwen;20 tot 25 jaar;Sector zorg en welzijn;B-E Nijverheid (geen bouw) en energie;2010/'11;17;0;5;5;7;7;10;0;1;2;4;0;4;3;3
2330;Totaal mannen en vrouwen;20 tot 25 jaar;Sector zorg en welzijn;B-E Nijverheid (geen bouw) en energie;2011/'12;9;0;2;4;3;6;3;0;2;2;2;0;0;2;1
2331;Totaal mannen en vrouwen;20 tot 25 jaar;Sector zorg en welzijn;B-E Nijverheid (geen bouw) en energie;2012/'13;16;2;3;6;5;8;8;0;2;1;5;2;1;5;0
2332;Totaal mannen en vrouwen;20 tot 25 jaar;Sector zorg en welzijn;B-E Nijverheid (geen bouw) en energie;2013/'14;12;1;1;3;7;7;5;0;1;2;4;1;0;1;3
2333;Totaal mannen en vrouwen;20 tot 25 jaar;Sector zorg en welzijn;B-E Nijverheid (geen bouw) en energie;2014/'15;2;0;0;0;2;2;0;0;0;0;2;0;0;0;0
2334;Totaal mannen en vrouwen;20 tot 25 jaar;Sector zorg en welzijn;B-E Nijverheid (geen bouw) en energie;2015/'16;7;0;2;3;2;5;2;0;1;2;2;0;1;1;0
2335;Totaal mannen en vrouwen;20 tot 25 jaar;Sector zorg en welzijn;B-E Nijverheid (geen bouw) en energie;2016/'17;7;0;1;2;4;5;2;0;1;0;4;0;0;2;0
2336;Totaal mannen en vrouwen;20 tot 25 jaar;Sector zorg en welzijn;B-E Nijverheid (geen bouw) en energie;2017/'18;6;0;0;2;4;4;2;0;0;1;3;0;0;1;1
2337;Totaal mannen en vrouwen;20 tot 25 jaar;Sector zorg en welzijn;B-E Nijverheid (geen bouw) en energie;2018/'19;4;0;1;1;2;2;2;0;1;0;1;0;0;1;1
2338;Totaal mannen en vrouwen;20 tot 25 jaar;Sector zorg en welzijn;B-E Nijverheid (geen bouw) en energie;2019/'20;6;0;1;3;2;2;4;0;1;0;1;0;0;3;1
2339;Totaal mannen en vrouwen;20 tot 25 jaar;Sector zorg en welzijn;B-E Nijverheid (geen bouw) en energie;2020/'21;5;0;0;0;5;5;0;0;0;0;5;0;0;0;0
2340;Totaal mannen en vrouwen;20 tot 25 jaar;Sector zorg en welzijn;F Bouwnijverheid;2009/'10;7;0;3;4;0;7;0;0;3;4;0;0;0;0;0
2341;Totaal mannen en vrouwen;20 tot 25 jaar;Sector zorg en welzijn;F Bouwnijverheid;2010/'11;8;0;2;4;2;5;3;0;2;1;2;0;0;3;0
2342;Totaal mannen en vrouwen;20 tot 25 jaar;Sector zorg en welzijn;F Bouwnijverheid;2011/'12;4;0;0;2;2;1;3;0;0;1;0;0;0;1;2
2343;Totaal mannen en vrouwen;20 tot 25 jaar;Sector zorg en welzijn;F Bouwnijverheid;2012/'13;9;0;2;4;3;6;3;0;1;3;2;0;1;1;1
2344;Totaal mannen en vrouwen;20 tot 25 jaar;Sector zorg en welzijn;F Bouwnijverheid;2013/'14;0;0;0;0;0;0;0;0;0;0;0;0;0;0;0
2345;Totaal mannen en vrouwen;20 tot 25 jaar;Sector zorg en welzijn;F Bouwnijverheid;2014/'15;1;0;0;0;1;0;1;0;0;0;0;0;0;0;1
2346;Totaal mannen en vrouwen;20 tot 25 jaar;Sector zorg en welzijn;F Bouwnijverheid;2015/'16;1;0;0;0;1;1;0;0;0;0;1;0;0;0;0
2347;Totaal mannen en vrouwen;20 tot 25 jaar;Sector zorg en welzijn;F Bouwnijverheid;2016/'17;2;0;0;1;1;1;1;0;0;0;1;0;0;1;0
2348;Totaal mannen en vrouwen;20 tot 25 jaar;Sector zorg en welzijn;F Bouwnijverheid;2017/'18;1;0;0;1;0;1;0;0;0;1;0;0;0;0;0
2349;Totaal mannen en vrouwen;20 tot 25 jaar;Sector zorg en welzijn;F Bouwnijverheid;2018/'19;0;0;0;0;0;0;0;0;0;0;0;0;0;0;0
2350;Totaal mannen en vrouwen;20 tot 25 jaar;Sector zorg en welzijn;F Bouwnijverheid;2019/'20;2;0;0;1;1;0;2;0;0;0;0;0;0;1;1
2351;Totaal mannen en vrouwen;20 tot 25 jaar;Sector zorg en welzijn;F Bouwnijverheid;2020/'21;2;0;0;0;2;0;2;0;0;0;0;0;0;0;2
2352;Totaal mannen en vrouwen;20 tot 25 jaar;Sector zorg en welzijn;G-I Handel, vervoer en horeca;2009/'10;234;1;51;98;84;123;111;1;33;31;58;0;18;67;26
2353;Totaal mannen en vrouwen;20 tot 25 jaar;Sector zorg en welzijn;G-I Handel, vervoer en horeca;2010/'11;184;4;29;69;82;98;86;2;15;27;54;2;14;42;28
2354;Totaal mannen en vrouwen;20 tot 25 jaar;Sector zorg en welzijn;G-I Handel, vervoer en horeca;2011/'12;173;8;26;45;94;110;63;8;15;24;63;0;11;21;31
2355;Totaal mannen en vrouwen;20 tot 25 jaar;Sector zorg en welzijn;G-I Handel, vervoer en horeca;2012/'13;173;4;12;54;103;106;67;3;11;22;70;1;1;32;33
2356;Totaal mannen en vrouwen;20 tot 25 jaar;Sector zorg en welzijn;G-I Handel, vervoer en horeca;2013/'14;185;8;18;26;133;138;47;7;15;17;99;1;3;9;34
2357;Totaal mannen en vrouwen;20 tot 25 jaar;Sector zorg en welzijn;G-I Handel, vervoer en horeca;2014/'15;150;7;7;19;117;122;28;6;5;13;98;1;2;6;19
2358;Totaal mannen en vrouwen;20 tot 25 jaar;Sector zorg en welzijn;G-I Handel, vervoer en horeca;2015/'16;131;2;7;19;103;109;22;2;7;11;89;0;0;8;14
2359;Totaal mannen en vrouwen;20 tot 25 jaar;Sector zorg en welzijn;G-I Handel, vervoer en horeca;2016/'17;126;0;7;20;99;103;23;0;7;11;85;0;0;9;14
2360;Totaal mannen en vrouwen;20 tot 25 jaar;Sector zorg en welzijn;G-I Handel, vervoer en horeca;2017/'18;134;0;10;21;103;91;43;0;6;9;76;0;4;12;27
2361;Totaal mannen en vrouwen;20 tot 25 jaar;Sector zorg en welzijn;G-I Handel, vervoer en horeca;2018/'19;140;0;15;27;98;86;54;0;7;7;72;0;8;20;26
2362;Totaal mannen en vrouwen;20 tot 25 jaar;Sector zorg en welzijn;G-I Handel, vervoer en horeca;2019/'20;167;0;10;25;132;96;71;0;5;5;86;0;5;20;46
2363;Totaal mannen en vrouwen;20 tot 25 jaar;Sector zorg en welzijn;G-I Handel, vervoer en horeca;2020/'21;193;0;23;32;138;124;69;0;15;12;97;0;8;20;41
2364;Totaal mannen en vrouwen;20 tot 25 jaar;Sector zorg en welzijn;J Informatie en communicatie;2009/'10;5;0;0;1;4;3;2;0;0;1;2;0;0;0;2
2365;Totaal mannen en vrouwen;20 tot 25 jaar;Sector zorg en welzijn;J Informatie en communicatie;2010/'11;5;0;0;2;3;2;3;0;0;2;0;0;0;0;3
2366;Totaal mannen en vrouwen;20 tot 25 jaar;Sector zorg en welzijn;J Informatie en communicatie;2011/'12;2;0;0;2;0;2;0;0;0;2;0;0;0;0;0
2367;Totaal mannen en vrouwen;20 tot 25 jaar;Sector zorg en welzijn;J Informatie en communicatie;2012/'13;4;0;0;1;3;2;2;0;0;0;2;0;0;1;1
2368;Totaal mannen en vrouwen;20 tot 25 jaar;Sector zorg en welzijn;J Informatie en communicatie;2013/'14;6;1;1;0;4;5;1;1;1;0;3;0;0;0;1
2369;Totaal mannen en vrouwen;20 tot 25 jaar;Sector zorg en welzijn;J Informatie en communicatie;2014/'15;1;0;0;1;0;0;1;0;0;0;0;0;0;1;0
2370;Totaal mannen en vrouwen;20 tot 25 jaar;Sector zorg en welzijn;J Informatie en communicatie;2015/'16;1;0;0;0;1;1;0;0;0;0;1;0;0;0;0
2371;Totaal mannen en vrouwen;20 tot 25 jaar;Sector zorg en welzijn;J Informatie en communicatie;2016/'17;2;0;0;0;2;1;1;0;0;0;1;0;0;0;1
2372;Totaal mannen en vrouwen;20 tot 25 jaar;Sector zorg en welzijn;J Informatie en communicatie;2017/'18;5;0;0;0;5;3;2;0;0;0;3;0;0;0;2
2373;Totaal mannen en vrouwen;20 tot 25 jaar;Sector zorg en welzijn;J Informatie en communicatie;2018/'19;3;0;0;1;2;1;2;0;0;0;1;0;0;1;1
2374;Totaal mannen en vrouwen;20 tot 25 jaar;Sector zorg en welzijn;J Informatie en communicatie;2019/'20;2;0;0;0;2;1;1;0;0;0;1;0;0;0;1
2375;Totaal mannen en vrouwen;20 tot 25 jaar;Sector zorg en welzijn;J Informatie en communicatie;2020/'21;2;0;0;0;2;1;1;0;0;0;1;0;0;0;1
2376;Totaal mannen en vrouwen;20 tot 25 jaar;Sector zorg en welzijn;K Financiële dienstverlening;2009/'10;4;0;0;3;1;1;3;0;0;1;0;0;0;2;1
2377;Totaal mannen en vrouwen;20 tot 25 jaar;Sector zorg en welzijn;K Financiële dienstverlening;2010/'11;1;0;0;0;1;0;1;0;0;0;0;0;0;0;1
2378;Totaal mannen en vrouwen;20 tot 25 jaar;Sector zorg en welzijn;K Financiële dienstverlening;2011/'12;1;0;1;0;0;0;1;0;0;0;0;0;1;0;0
2379;Totaal mannen en vrouwen;20 tot 25 jaar;Sector zorg en welzijn;K Financiële dienstverlening;2012/'13;2;0;0;0;2;2;0;0;0;0;2;0;0;0;0
2380;Totaal mannen en vrouwen;20 tot 25 jaar;Sector zorg en welzijn;K Financiële dienstverlening;2013/'14;2;0;0;0;2;0;2;0;0;0;0;0;0;0;2
2381;Totaal mannen en vrouwen;20 tot 25 jaar;Sector zorg en welzijn;K Financiële dienstverlening;2014/'15;0;0;0;0;0;0;0;0;0;0;0;0;0;0;0
2382;Totaal mannen en vrouwen;20 tot 25 jaar;Sector zorg en welzijn;K Financiële dienstverlening;2015/'16;0;0;0;0;0;0;0;0;0;0;0;0;0;0;0
2383;Totaal mannen en vrouwen;20 tot 25 jaar;Sector zorg en welzijn;K Financiële dienstverlening;2016/'17;0;0;0;0;0;0;0;0;0;0;0;0;0;0;0
2384;Totaal mannen en vrouwen;20 tot 25 jaar;Sector zorg en welzijn;K Financiële dienstverlening;2017/'18;0;0;0;0;0;0;0;0;0;0;0;0;0;0;0
2385;Totaal mannen en vrouwen;20 tot 25 jaar;Sector zorg en welzijn;K Financiële dienstverlening;2018/'19;0;0;0;0;0;0;0;0;0;0;0;0;0;0;0
2386;Totaal mannen en vrouwen;20 tot 25 jaar;Sector zorg en welzijn;K Financiële dienstverlening;2019/'20;0;0;0;0;0;0;0;0;0;0;0;0;0;0;0
2387;Totaal mannen en vrouwen;20 tot 25 jaar;Sector zorg en welzijn;K Financiële dienstverlening;2020/'21;0;0;0;0;0;0;0;0;0;0;0;0;0;0;0
2388;Totaal mannen en vrouwen;20 tot 25 jaar;Sector zorg en welzijn;L Verhuur en handel van onroerend goed;2009/'10;2;0;0;1;1;1;1;0;0;1;0;0;0;0;1
2389;Totaal mannen en vrouwen;20 tot 25 jaar;Sector zorg en welzijn;L Verhuur en handel van onroerend goed;2010/'11;5;0;1;1;3;1;4;0;0;0;1;0;1;1;2
2390;Totaal mannen en vrouwen;20 tot 25 jaar;Sector zorg en welzijn;L Verhuur en handel van onroerend goed;2011/'12;1;0;0;1;0;1;0;0;0;1;0;0;0;0;0
2391;Totaal mannen en vrouwen;20 tot 25 jaar;Sector zorg en welzijn;L Verhuur en handel van onroerend goed;2012/'13;3;0;1;1;1;1;2;0;0;1;0;0;1;0;1
2392;Totaal mannen en vrouwen;20 tot 25 jaar;Sector zorg en welzijn;L Verhuur en handel van onroerend goed;2013/'14;1;1;0;0;0;1;0;1;0;0;0;0;0;0;0
2393;Totaal mannen en vrouwen;20 tot 25 jaar;Sector zorg en welzijn;L Verhuur en handel van onroerend goed;2014/'15;1;0;0;1;0;1;0;0;0;1;0;0;0;0;0
2394;Totaal mannen en vrouwen;20 tot 25 jaar;Sector zorg en welzijn;L Verhuur en handel van onroerend goed;2015/'16;1;0;0;0;1;1;0;0;0;0;1;0;0;0;0
2395;Totaal mannen en vrouwen;20 tot 25 jaar;Sector zorg en welzijn;L Verhuur en handel van onroerend goed;2016/'17;1;0;0;0;1;1;0;0;0;0;1;0;0;0;0
2396;Totaal mannen en vrouwen;20 tot 25 jaar;Sector zorg en welzijn;L Verhuur en handel van onroerend goed;2017/'18;2;0;1;0;1;0;2;0;0;0;0;0;1;0;1
2397;Totaal mannen en vrouwen;20 tot 25 jaar;Sector zorg en welzijn;L Verhuur en handel van onroerend goed;2018/'19;2;0;0;1;1;1;1;0;0;0;1;0;0;1;0
2398;Totaal mannen en vrouwen;20 tot 25 jaar;Sector zorg en welzijn;L Verhuur en handel van onroerend goed;2019/'20;0;0;0;0;0;0;0;0;0;0;0;0;0;0;0
2399;Totaal mannen en vrouwen;20 tot 25 jaar;Sector zorg en welzijn;L Verhuur en handel van onroerend goed;2020/'21;2;0;0;0;2;1;1;0;0;0;1;0;0;0;1
2400;Totaal mannen en vrouwen;20 tot 25 jaar;Sector zorg en welzijn;M-N Zakelijke dienstverlening;2009/'10;190;7;46;63;74;106;84;4;31;24;47;3;15;39;27
2401;Totaal mannen en vrouwen;20 tot 25 jaar;Sector zorg en welzijn;M-N Zakelijke dienstverlening;2010/'11;127;7;28;46;46;74;53;6;17;17;34;1;11;29;12
2402;Totaal mannen en vrouwen;20 tot 25 jaar;Sector zorg en welzijn;M-N Zakelijke dienstverlening;2011/'12;86;4;16;24;42;42;44;3;11;8;20;1;5;16;22
2403;Totaal mannen en vrouwen;20 tot 25 jaar;Sector zorg en welzijn;M-N Zakelijke dienstverlening;2012/'13;99;6;13;23;57;60;39;6;11;10;33;0;2;13;24
2404;Totaal mannen en vrouwen;20 tot 25 jaar;Sector zorg en welzijn;M-N Zakelijke dienstverlening;2013/'14;70;0;16;13;41;55;15;0;13;7;35;0;3;6;6
2405;Totaal mannen en vrouwen;20 tot 25 jaar;Sector zorg en welzijn;M-N Zakelijke dienstverlening;2014/'15;46;1;5;9;31;35;11;1;5;7;22;0;0;2;9
2406;Totaal mannen en vrouwen;20 tot 25 jaar;Sector zorg en welzijn;M-N Zakelijke dienstverlening;2015/'16;42;1;4;9;28;31;11;0;4;7;20;1;0;2;8
2407;Totaal mannen en vrouwen;20 tot 25 jaar;Sector zorg en welzijn;M-N Zakelijke dienstverlening;2016/'17;69;2;9;10;48;51;18;2;6;2;41;0;3;8;7
2408;Totaal mannen en vrouwen;20 tot 25 jaar;Sector zorg en welzijn;M-N Zakelijke dienstverlening;2017/'18;57;0;4;12;41;45;12;0;3;4;38;0;1;8;3
2409;Totaal mannen en vrouwen;20 tot 25 jaar;Sector zorg en welzijn;M-N Zakelijke dienstverlening;2018/'19;85;0;10;13;62;49;36;0;4;2;43;0;6;11;19
2410;Totaal mannen en vrouwen;20 tot 25 jaar;Sector zorg en welzijn;M-N Zakelijke dienstverlening;2019/'20;72;0;8;9;55;50;22;0;5;5;40;0;3;4;15
2411;Totaal mannen en vrouwen;20 tot 25 jaar;Sector zorg en welzijn;M-N Zakelijke dienstverlening;2020/'21;87;0;12;11;64;70;17;0;10;6;54;0;2;5;10
2412;Totaal mannen en vrouwen;20 tot 25 jaar;Sector zorg en welzijn;O-Q Overheid en zorg;2009/'10;193;5;31;71;86;88;105;0;11;27;50;5;20;44;36
2413;Totaal mannen en vrouwen;20 tot 25 jaar;Sector zorg en welzijn;O-Q Overheid en zorg;2010/'11;166;5;24;65;72;70;96;2;6;25;37;3;18;40;35
2414;Totaal mannen en vrouwen;20 tot 25 jaar;Sector zorg en welzijn;O-Q Overheid en zorg;2011/'12;149;7;19;58;65;47;102;1;4;17;25;6;15;41;40
2415;Totaal mannen en vrouwen;20 tot 25 jaar;Sector zorg en welzijn;O-Q Overheid en zorg;2012/'13;150;8;15;43;84;37;113;3;6;5;23;5;9;38;61
2416;Totaal mannen en vrouwen;20 tot 25 jaar;Sector zorg en welzijn;O-Q Overheid en zorg;2013/'14;113;5;7;28;73;49;64;4;1;7;37;1;6;21;36
2417;Totaal mannen en vrouwen;20 tot 25 jaar;Sector zorg en welzijn;O-Q Overheid en zorg;2014/'15;75;0;2;29;44;20;55;0;1;2;17;0;1;27;27
2418;Totaal mannen en vrouwen;20 tot 25 jaar;Sector zorg en welzijn;O-Q Overheid en zorg;2015/'16;53;0;3;15;35;19;34;0;1;1;17;0;2;14;18
2419;Totaal mannen en vrouwen;20 tot 25 jaar;Sector zorg en welzijn;O-Q Overheid en zorg;2016/'17;48;0;5;18;25;13;35;0;3;1;9;0;2;17;16
2420;Totaal mannen en vrouwen;20 tot 25 jaar;Sector zorg en welzijn;O-Q Overheid en zorg;2017/'18;42;0;9;11;22;14;28;0;4;1;9;0;5;10;13
2421;Totaal mannen en vrouwen;20 tot 25 jaar;Sector zorg en welzijn;O-Q Overheid en zorg;2018/'19;38;0;4;12;22;11;27;0;2;0;9;0;2;12;13
2422;Totaal mannen en vrouwen;20 tot 25 jaar;Sector zorg en welzijn;O-Q Overheid en zorg;2019/'20;45;0;7;11;27;10;35;0;0;0;10;0;7;11;17
2423;Totaal mannen en vrouwen;20 tot 25 jaar;Sector zorg en welzijn;O-Q Overheid en zorg;2020/'21;52;0;10;13;29;14;38;0;3;2;9;0;7;11;20
2424;Totaal mannen en vrouwen;20 tot 25 jaar;Sector zorg en welzijn;R-U Cultuur, recreatie, overige diensten;2009/'10;24;0;5;11;8;14;10;0;3;4;7;0;2;7;1
2425;Totaal mannen en vrouwen;20 tot 25 jaar;Sector zorg en welzijn;R-U Cultuur, recreatie, overige diensten;2010/'11;28;2;5;10;11;13;15;1;3;2;7;1;2;8;4
2426;Totaal mannen en vrouwen;20 tot 25 jaar;Sector zorg en welzijn;R-U Cultuur, recreatie, overige diensten;2011/'12;23;2;0;8;13;10;13;1;0;3;6;1;0;5;7
2427;Totaal mannen en vrouwen;20 tot 25 jaar;Sector zorg en welzijn;R-U Cultuur, recreatie, overige diensten;2012/'13;16;0;1;3;12;11;5;0;0;1;10;0;1;2;2
2428;Totaal mannen en vrouwen;20 tot 25 jaar;Sector zorg en welzijn;R-U Cultuur, recreatie, overige diensten;2013/'14;18;1;2;2;13;14;4;1;2;2;9;0;0;0;4
2429;Totaal mannen en vrouwen;20 tot 25 jaar;Sector zorg en welzijn;R-U Cultuur, recreatie, overige diensten;2014/'15;12;0;0;1;11;12;0;0;0;1;11;0;0;0;0
2430;Totaal mannen en vrouwen;20 tot 25 jaar;Sector zorg en welzijn;R-U Cultuur, recreatie, overige diensten;2015/'16;6;0;1;1;4;5;1;0;1;0;4;0;0;1;0
2431;Totaal mannen en vrouwen;20 tot 25 jaar;Sector zorg en welzijn;R-U Cultuur, recreatie, overige diensten;2016/'17;12;0;2;4;6;7;5;0;2;1;4;0;0;3;2
2432;Totaal mannen en vrouwen;20 tot 25 jaar;Sector zorg en welzijn;R-U Cultuur, recreatie, overige diensten;2017/'18;25;0;1;7;17;12;13;0;0;2;10;0;1;5;7
2433;Totaal mannen en vrouwen;20 tot 25 jaar;Sector zorg en welzijn;R-U Cultuur, recreatie, overige diensten;2018/'19;23;0;4;6;13;12;11;0;2;0;10;0;2;6;3
2434;Totaal mannen en vrouwen;20 tot 25 jaar;Sector zorg en welzijn;R-U Cultuur, recreatie, overige diensten;2019/'20;17;0;2;6;9;7;10;0;0;2;5;0;2;4;4
2435;Totaal mannen en vrouwen;20 tot 25 jaar;Sector zorg en welzijn;R-U Cultuur, recreatie, overige diensten;2020/'21;22;0;1;8;13;8;14;0;0;0;8;0;1;8;5
2436;Totaal mannen en vrouwen;20 tot 25 jaar;Sector zorg en welzijn;SBI-code onbekend;2009/'10;10;1;3;2;4;5;5;0;3;0;2;1;0;2;2
2437;Totaal mannen en vrouwen;20 tot 25 jaar;Sector zorg en welzijn;SBI-code onbekend;2010/'11;1;0;1;0;0;0;1;0;0;0;0;0;1;0;0
2438;Totaal mannen en vrouwen;20 tot 25 jaar;Sector zorg en welzijn;SBI-code onbekend;2011/'12;3;0;0;2;1;0;3;0;0;0;0;0;0;2;1
2439;Totaal mannen en vrouwen;20 tot 25 jaar;Sector zorg en welzijn;SBI-code onbekend;2012/'13;2;0;1;1;0;1;1;0;1;0;0;0;0;1;0
2440;Totaal mannen en vrouwen;20 tot 25 jaar;Sector zorg en welzijn;SBI-code onbekend;2013/'14;2;0;0;2;0;2;0;0;0;2;0;0;0;0;0
2441;Totaal mannen en vrouwen;20 tot 25 jaar;Sector zorg en welzijn;SBI-code onbekend;2014/'15;3;1;1;0;1;2;1;0;1;0;1;1;0;0;0
2442;Totaal mannen en vrouwen;20 tot 25 jaar;Sector zorg en welzijn;SBI-code onbekend;2015/'16;3;0;0;0;3;2;1;0;0;0;2;0;0;0;1
2443;Totaal mannen en vrouwen;20 tot 25 jaar;Sector zorg en welzijn;SBI-code onbekend;2016/'17;0;0;0;0;0;0;0;0;0;0;0;0;0;0;0
2444;Totaal mannen en vrouwen;20 tot 25 jaar;Sector zorg en welzijn;SBI-code onbekend;2017/'18;0;0;0;0;0;0;0;0;0;0;0;0;0;0;0
2445;Totaal mannen en vrouwen;20 tot 25 jaar;Sector zorg en welzijn;SBI-code onbekend;2018/'19;1;0;0;0;1;1;0;0;0;0;1;0;0;0;0
2446;Totaal mannen en vrouwen;20 tot 25 jaar;Sector zorg en welzijn;SBI-code onbekend;2019/'20;2;0;0;0;2;0;2;0;0;0;0;0;0;0;2
2447;Totaal mannen en vrouwen;20 tot 25 jaar;Sector zorg en welzijn;SBI-code onbekend;2020/'21;2;0;0;1;1;0;2;0;0;0;0;0;0;1;1
2448;Totaal mannen en vrouwen;20 tot 25 jaar;Combinatie van sectoren;A-U Alle economische activiteiten;2009/'10;207;196;7;2;2;102;105;99;3;0;0;97;4;2;2
2449;Totaal mannen en vrouwen;20 tot 25 jaar;Combinatie van sectoren;A-U Alle economische activiteiten;2010/'11;212;197;13;1;1;84;128;84;0;0;0;113;13;1;1
2450;Totaal mannen en vrouwen;20 tot 25 jaar;Combinatie van sectoren;A-U Alle economische activiteiten;2011/'12;187;174;3;0;10;85;102;76;1;0;8;98;2;0;2
2451;Totaal mannen en vrouwen;20 tot 25 jaar;Combinatie van sectoren;A-U Alle economische activiteiten;2012/'13;158;150;2;0;6;91;67;84;1;0;6;66;1;0;0
2452;Totaal mannen en vrouwen;20 tot 25 jaar;Combinatie van sectoren;A-U Alle economische activiteiten;2013/'14;135;127;1;0;7;89;46;81;1;0;7;46;0;0;0
2453;Totaal mannen en vrouwen;20 tot 25 jaar;Combinatie van sectoren;A-U Alle economische activiteiten;2014/'15;87;79;1;0;7;53;34;45;1;0;7;34;0;0;0
2454;Totaal mannen en vrouwen;20 tot 25 jaar;Combinatie van sectoren;A-U Alle economische activiteiten;2015/'16;111;101;0;0;10;56;55;46;0;0;10;55;0;0;0
2455;Totaal mannen en vrouwen;20 tot 25 jaar;Combinatie van sectoren;A-U Alle economische activiteiten;2016/'17;201;201;0;0;0;106;95;106;0;0;0;95;0;0;0
2456;Totaal mannen en vrouwen;20 tot 25 jaar;Combinatie van sectoren;A-U Alle economische activiteiten;2017/'18;208;208;0;0;0;123;85;123;0;0;0;85;0;0;0
2457;Totaal mannen en vrouwen;20 tot 25 jaar;Combinatie van sectoren;A-U Alle economische activiteiten;2018/'19;357;354;3;0;0;204;153;201;3;0;0;153;0;0;0
2458;Totaal mannen en vrouwen;20 tot 25 jaar;Combinatie van sectoren;A-U Alle economische activiteiten;2019/'20;427;424;1;0;2;269;158;266;1;0;2;158;0;0;0
2459;Totaal mannen en vrouwen;20 tot 25 jaar;Combinatie van sectoren;A-U Alle economische activiteiten;2020/'21;463;456;6;0;1;343;120;336;6;0;1;120;0;0;0
2460;Totaal mannen en vrouwen;20 tot 25 jaar;Combinatie van sectoren;A Landbouw, bosbouw en visserij;2009/'10;1;1;0;0;0;0;1;0;0;0;0;1;0;0;0
2461;Totaal mannen en vrouwen;20 tot 25 jaar;Combinatie van sectoren;A Landbouw, bosbouw en visserij;2010/'11;2;2;0;0;0;2;0;2;0;0;0;0;0;0;0
2462;Totaal mannen en vrouwen;20 tot 25 jaar;Combinatie van sectoren;A Landbouw, bosbouw en visserij;2011/'12;1;1;0;0;0;1;0;1;0;0;0;0;0;0;0
2463;Totaal mannen en vrouwen;20 tot 25 jaar;Combinatie van sectoren;A Landbouw, bosbouw en visserij;2012/'13;1;1;0;0;0;1;0;1;0;0;0;0;0;0;0
2464;Totaal mannen en vrouwen;20 tot 25 jaar;Combinatie van sectoren;A Landbouw, bosbouw en visserij;2013/'14;2;2;0;0;0;2;0;2;0;0;0;0;0;0;0
2465;Totaal mannen en vrouwen;20 tot 25 jaar;Combinatie van sectoren;A Landbouw, bosbouw en visserij;2014/'15;3;3;0;0;0;2;1;2;0;0;0;1;0;0;0
2466;Totaal mannen en vrouwen;20 tot 25 jaar;Combinatie van sectoren;A Landbouw, bosbouw en visserij;2015/'16;3;3;0;0;0;1;2;1;0;0;0;2;0;0;0
2467;Totaal mannen en vrouwen;20 tot 25 jaar;Combinatie van sectoren;A Landbouw, bosbouw en visserij;2016/'17;1;1;0;0;0;0;1;0;0;0;0;1;0;0;0
2468;Totaal mannen en vrouwen;20 tot 25 jaar;Combinatie van sectoren;A Landbouw, bosbouw en visserij;2017/'18;2;2;0;0;0;1;1;1;0;0;0;1;0;0;0
2469;Totaal mannen en vrouwen;20 tot 25 jaar;Combinatie van sectoren;A Landbouw, bosbouw en visserij;2018/'19;4;4;0;0;0;1;3;1;0;0;0;3;0;0;0
2470;Totaal mannen en vrouwen;20 tot 25 jaar;Combinatie van sectoren;A Landbouw, bosbouw en visserij;2019/'20;3;3;0;0;0;2;1;2;0;0;0;1;0;0;0
2471;Totaal mannen en vrouwen;20 tot 25 jaar;Combinatie van sectoren;A Landbouw, bosbouw en visserij;2020/'21;2;2;0;0;0;1;1;1;0;0;0;1;0;0;0
2472;Totaal mannen en vrouwen;20 tot 25 jaar;Combinatie van sectoren;B-E Nijverheid (geen bouw) en energie;2009/'10;66;65;1;0;0;3;63;3;0;0;0;62;1;0;0
2473;Totaal mannen en vrouwen;20 tot 25 jaar;Combinatie van sectoren;B-E Nijverheid (geen bouw) en energie;2010/'11;88;86;2;0;0;3;85;3;0;0;0;83;2;0;0
2474;Totaal mannen en vrouwen;20 tot 25 jaar;Combinatie van sectoren;B-E Nijverheid (geen bouw) en energie;2011/'12;66;66;0;0;0;7;59;7;0;0;0;59;0;0;0
2475;Totaal mannen en vrouwen;20 tot 25 jaar;Combinatie van sectoren;B-E Nijverheid (geen bouw) en energie;2012/'13;34;34;0;0;0;4;30;4;0;0;0;30;0;0;0
2476;Totaal mannen en vrouwen;20 tot 25 jaar;Combinatie van sectoren;B-E Nijverheid (geen bouw) en energie;2013/'14;15;15;0;0;0;2;13;2;0;0;0;13;0;0;0
2477;Totaal mannen en vrouwen;20 tot 25 jaar;Combinatie van sectoren;B-E Nijverheid (geen bouw) en energie;2014/'15;7;7;0;0;0;0;7;0;0;0;0;7;0;0;0
2478;Totaal mannen en vrouwen;20 tot 25 jaar;Combinatie van sectoren;B-E Nijverheid (geen bouw) en energie;2015/'16;22;22;0;0;0;3;19;3;0;0;0;19;0;0;0
2479;Totaal mannen en vrouwen;20 tot 25 jaar;Combinatie van sectoren;B-E Nijverheid (geen bouw) en energie;2016/'17;38;38;0;0;0;9;29;9;0;0;0;29;0;0;0
2480;Totaal mannen en vrouwen;20 tot 25 jaar;Combinatie van sectoren;B-E Nijverheid (geen bouw) en energie;2017/'18;13;13;0;0;0;2;11;2;0;0;0;11;0;0;0
2481;Totaal mannen en vrouwen;20 tot 25 jaar;Combinatie van sectoren;B-E Nijverheid (geen bouw) en energie;2018/'19;25;25;0;0;0;8;17;8;0;0;0;17;0;0;0
2482;Totaal mannen en vrouwen;20 tot 25 jaar;Combinatie van sectoren;B-E Nijverheid (geen bouw) en energie;2019/'20;36;36;0;0;0;13;23;13;0;0;0;23;0;0;0
2483;Totaal mannen en vrouwen;20 tot 25 jaar;Combinatie van sectoren;B-E Nijverheid (geen bouw) en energie;2020/'21;23;23;0;0;0;8;15;8;0;0;0;15;0;0;0
2484;Totaal mannen en vrouwen;20 tot 25 jaar;Combinatie van sectoren;F Bouwnijverheid;2009/'10;4;4;0;0;0;4;0;4;0;0;0;0;0;0;0
2485;Totaal mannen en vrouwen;20 tot 25 jaar;Combinatie van sectoren;F Bouwnijverheid;2010/'11;4;4;0;0;0;1;3;1;0;0;0;3;0;0;0
2486;Totaal mannen en vrouwen;20 tot 25 jaar;Combinatie van sectoren;F Bouwnijverheid;2011/'12;3;3;0;0;0;3;0;3;0;0;0;0;0;0;0
2487;Totaal mannen en vrouwen;20 tot 25 jaar;Combinatie van sectoren;F Bouwnijverheid;2012/'13;2;2;0;0;0;1;1;1;0;0;0;1;0;0;0
2488;Totaal mannen en vrouwen;20 tot 25 jaar;Combinatie van sectoren;F Bouwnijverheid;2013/'14;3;3;0;0;0;3;0;3;0;0;0;0;0;0;0
2489;Totaal mannen en vrouwen;20 tot 25 jaar;Combinatie van sectoren;F Bouwnijverheid;2014/'15;0;0;0;0;0;0;0;0;0;0;0;0;0;0;0
2490;Totaal mannen en vrouwen;20 tot 25 jaar;Combinatie van sectoren;F Bouwnijverheid;2015/'16;4;4;0;0;0;4;0;4;0;0;0;0;0;0;0
2491;Totaal mannen en vrouwen;20 tot 25 jaar;Combinatie van sectoren;F Bouwnijverheid;2016/'17;2;2;0;0;0;0;2;0;0;0;0;2;0;0;0
2492;Totaal mannen en vrouwen;20 tot 25 jaar;Combinatie van sectoren;F Bouwnijverheid;2017/'18;6;6;0;0;0;2;4;2;0;0;0;4;0;0;0
2493;Totaal mannen en vrouwen;20 tot 25 jaar;Combinatie van sectoren;F Bouwnijverheid;2018/'19;9;9;0;0;0;3;6;3;0;0;0;6;0;0;0
2494;Totaal mannen en vrouwen;20 tot 25 jaar;Combinatie van sectoren;F Bouwnijverheid;2019/'20;10;10;0;0;0;3;7;3;0;0;0;7;0;0;0
2495;Totaal mannen en vrouwen;20 tot 25 jaar;Combinatie van sectoren;F Bouwnijverheid;2020/'21;5;5;0;0;0;1;4;1;0;0;0;4;0;0;0
2496;Totaal mannen en vrouwen;20 tot 25 jaar;Combinatie van sectoren;G-I Handel, vervoer en horeca;2009/'10;34;32;1;0;1;20;14;20;0;0;0;12;1;0;1
2497;Totaal mannen en vrouwen;20 tot 25 jaar;Combinatie van sectoren;G-I Handel, vervoer en horeca;2010/'11;42;36;6;0;0;31;11;31;0;0;0;5;6;0;0
2498;Totaal mannen en vrouwen;20 tot 25 jaar;Combinatie van sectoren;G-I Handel, vervoer en horeca;2011/'12;44;39;0;0;5;30;14;26;0;0;4;13;0;0;1
2499;Totaal mannen en vrouwen;20 tot 25 jaar;Combinatie van sectoren;G-I Handel, vervoer en horeca;2012/'13;58;54;2;0;2;44;14;41;1;0;2;13;1;0;0
2500;Totaal mannen en vrouwen;20 tot 25 jaar;Combinatie van sectoren;G-I Handel, vervoer en horeca;2013/'14;42;38;1;0;3;33;9;29;1;0;3;9;0;0;0
2501;Totaal mannen en vrouwen;20 tot 25 jaar;Combinatie van sectoren;G-I Handel, vervoer en horeca;2014/'15;34;29;0;0;5;31;3;26;0;0;5;3;0;0;0
2502;Totaal mannen en vrouwen;20 tot 25 jaar;Combinatie van sectoren;G-I Handel, vervoer en horeca;2015/'16;39;31;0;0;8;29;10;21;0;0;8;10;0;0;0
2503;Totaal mannen en vrouwen;20 tot 25 jaar;Combinatie van sectoren;G-I Handel, vervoer en horeca;2016/'17;76;76;0;0;0;51;25;51;0;0;0;25;0;0;0
2504;Totaal mannen en vrouwen;20 tot 25 jaar;Combinatie van sectoren;G-I Handel, vervoer en horeca;2017/'18;105;105;0;0;0;74;31;74;0;0;0;31;0;0;0
2505;Totaal mannen en vrouwen;20 tot 25 jaar;Combinatie van sectoren;G-I Handel, vervoer en horeca;2018/'19;155;153;2;0;0;107;48;105;2;0;0;48;0;0;0
2506;Totaal mannen en vrouwen;20 tot 25 jaar;Combinatie van sectoren;G-I Handel, vervoer en horeca;2019/'20;168;166;0;0;2;116;52;114;0;0;2;52;0;0;0
2507;Totaal mannen en vrouwen;20 tot 25 jaar;Combinatie van sectoren;G-I Handel, vervoer en horeca;2020/'21;218;214;3;0;1;175;43;171;3;0;1;43;0;0;0
2508;Totaal mannen en vrouwen;20 tot 25 jaar;Combinatie van sectoren;J Informatie en communicatie;2009/'10;0;0;0;0;0;0;0;0;0;0;0;0;0;0;0
2509;Totaal mannen en vrouwen;20 tot 25 jaar;Combinatie van sectoren;J Informatie en communicatie;2010/'11;1;1;0;0;0;1;0;1;0;0;0;0;0;0;0
2510;Totaal mannen en vrouwen;20 tot 25 jaar;Combinatie van sectoren;J Informatie en communicatie;2011/'12;1;0;1;0;0;0;1;0;0;0;0;0;1;0;0
2511;Totaal mannen en vrouwen;20 tot 25 jaar;Combinatie van sectoren;J Informatie en communicatie;2012/'13;0;0;0;0;0;0;0;0;0;0;0;0;0;0;0
2512;Totaal mannen en vrouwen;20 tot 25 jaar;Combinatie van sectoren;J Informatie en communicatie;2013/'14;0;0;0;0;0;0;0;0;0;0;0;0;0;0;0
2513;Totaal mannen en vrouwen;20 tot 25 jaar;Combinatie van sectoren;J Informatie en communicatie;2014/'15;0;0;0;0;0;0;0;0;0;0;0;0;0;0;0
2514;Totaal mannen en vrouwen;20 tot 25 jaar;Combinatie van sectoren;J Informatie en communicatie;2015/'16;0;0;0;0;0;0;0;0;0;0;0;0;0;0;0
2515;Totaal mannen en vrouwen;20 tot 25 jaar;Combinatie van sectoren;J Informatie en communicatie;2016/'17;0;0;0;0;0;0;0;0;0;0;0;0;0;0;0
2516;Totaal mannen en vrouwen;20 tot 25 jaar;Combinatie van sectoren;J Informatie en communicatie;2017/'18;0;0;0;0;0;0;0;0;0;0;0;0;0;0;0
2517;Totaal mannen en vrouwen;20 tot 25 jaar;Combinatie van sectoren;J Informatie en communicatie;2018/'19;0;0;0;0;0;0;0;0;0;0;0;0;0;0;0
2518;Totaal mannen en vrouwen;20 tot 25 jaar;Combinatie van sectoren;J Informatie en communicatie;2019/'20;1;1;0;0;0;1;0;1;0;0;0;0;0;0;0
2519;Totaal mannen en vrouwen;20 tot 25 jaar;Combinatie van sectoren;J Informatie en communicatie;2020/'21;2;2;0;0;0;1;1;1;0;0;0;1;0;0;0
2520;Totaal mannen en vrouwen;20 tot 25 jaar;Combinatie van sectoren;K Financiële dienstverlening;2009/'10;1;1;0;0;0;1;0;1;0;0;0;0;0;0;0
2521;Totaal mannen en vrouwen;20 tot 25 jaar;Combinatie van sectoren;K Financiële dienstverlening;2010/'11;1;1;0;0;0;1;0;1;0;0;0;0;0;0;0
2522;Totaal mannen en vrouwen;20 tot 25 jaar;Combinatie van sectoren;K Financiële dienstverlening;2011/'12;0;0;0;0;0;0;0;0;0;0;0;0;0;0;0
2523;Totaal mannen en vrouwen;20 tot 25 jaar;Combinatie van sectoren;K Financiële dienstverlening;2012/'13;0;0;0;0;0;0;0;0;0;0;0;0;0;0;0
2524;Totaal mannen en vrouwen;20 tot 25 jaar;Combinatie van sectoren;K Financiële dienstverlening;2013/'14;0;0;0;0;0;0;0;0;0;0;0;0;0;0;0
2525;Totaal mannen en vrouwen;20 tot 25 jaar;Combinatie van sectoren;K Financiële dienstverlening;2014/'15;0;0;0;0;0;0;0;0;0;0;0;0;0;0;0
2526;Totaal mannen en vrouwen;20 tot 25 jaar;Combinatie van sectoren;K Financiële dienstverlening;2015/'16;0;0;0;0;0;0;0;0;0;0;0;0;0;0;0
2527;Totaal mannen en vrouwen;20 tot 25 jaar;Combinatie van sectoren;K Financiële dienstverlening;2016/'17;1;1;0;0;0;0;1;0;0;0;0;1;0;0;0
2528;Totaal mannen en vrouwen;20 tot 25 jaar;Combinatie van sectoren;K Financiële dienstverlening;2017/'18;0;0;0;0;0;0;0;0;0;0;0;0;0;0;0
2529;Totaal mannen en vrouwen;20 tot 25 jaar;Combinatie van sectoren;K Financiële dienstverlening;2018/'19;0;0;0;0;0;0;0;0;0;0;0;0;0;0;0
2530;Totaal mannen en vrouwen;20 tot 25 jaar;Combinatie van sectoren;K Financiële dienstverlening;2019/'20;1;1;0;0;0;0;1;0;0;0;0;1;0;0;0
2531;Totaal mannen en vrouwen;20 tot 25 jaar;Combinatie van sectoren;K Financiële dienstverlening;2020/'21;2;2;0;0;0;1;1;1;0;0;0;1;0;0;0
2532;Totaal mannen en vrouwen;20 tot 25 jaar;Combinatie van sectoren;L Verhuur en handel van onroerend goed;2009/'10;2;2;0;0;0;2;0;2;0;0;0;0;0;0;0
2533;Totaal mannen en vrouwen;20 tot 25 jaar;Combinatie van sectoren;L Verhuur en handel van onroerend goed;2010/'11;0;0;0;0;0;0;0;0;0;0;0;0;0;0;0
2534;Totaal mannen en vrouwen;20 tot 25 jaar;Combinatie van sectoren;L Verhuur en handel van onroerend goed;2011/'12;0;0;0;0;0;0;0;0;0;0;0;0;0;0;0
2535;Totaal mannen en vrouwen;20 tot 25 jaar;Combinatie van sectoren;L Verhuur en handel van onroerend goed;2012/'13;2;2;0;0;0;2;0;2;0;0;0;0;0;0;0
2536;Totaal mannen en vrouwen;20 tot 25 jaar;Combinatie van sectoren;L Verhuur en handel van onroerend goed;2013/'14;0;0;0;0;0;0;0;0;0;0;0;0;0;0;0
2537;Totaal mannen en vrouwen;20 tot 25 jaar;Combinatie van sectoren;L Verhuur en handel van onroerend goed;2014/'15;0;0;0;0;0;0;0;0;0;0;0;0;0;0;0
2538;Totaal mannen en vrouwen;20 tot 25 jaar;Combinatie van sectoren;L Verhuur en handel van onroerend goed;2015/'16;0;0;0;0;0;0;0;0;0;0;0;0;0;0;0
2539;Totaal mannen en vrouwen;20 tot 25 jaar;Combinatie van sectoren;L Verhuur en handel van onroerend goed;2016/'17;0;0;0;0;0;0;0;0;0;0;0;0;0;0;0
2540;Totaal mannen en vrouwen;20 tot 25 jaar;Combinatie van sectoren;L Verhuur en handel van onroerend goed;2017/'18;0;0;0;0;0;0;0;0;0;0;0;0;0;0;0
2541;Totaal mannen en vrouwen;20 tot 25 jaar;Combinatie van sectoren;L Verhuur en handel van onroerend goed;2018/'19;0;0;0;0;0;0;0;0;0;0;0;0;0;0;0
2542;Totaal mannen en vrouwen;20 tot 25 jaar;Combinatie van sectoren;L Verhuur en handel van onroerend goed;2019/'20;1;1;0;0;0;1;0;1;0;0;0;0;0;0;0
2543;Totaal mannen en vrouwen;20 tot 25 jaar;Combinatie van sectoren;L Verhuur en handel van onroerend goed;2020/'21;1;1;0;0;0;1;0;1;0;0;0;0;0;0;0
2544;Totaal mannen en vrouwen;20 tot 25 jaar;Combinatie van sectoren;M-N Zakelijke dienstverlening;2009/'10;79;73;4;1;1;59;20;56;3;0;0;17;1;1;1
2545;Totaal mannen en vrouwen;20 tot 25 jaar;Combinatie van sectoren;M-N Zakelijke dienstverlening;2010/'11;59;54;4;0;1;37;22;37;0;0;0;17;4;0;1
2546;Totaal mannen en vrouwen;20 tot 25 jaar;Combinatie van sectoren;M-N Zakelijke dienstverlening;2011/'12;45;38;2;0;5;30;15;25;1;0;4;13;1;0;1
2547;Totaal mannen en vrouwen;20 tot 25 jaar;Combinatie van sectoren;M-N Zakelijke dienstverlening;2012/'13;46;45;0;0;1;29;17;28;0;0;1;17;0;0;0
2548;Totaal mannen en vrouwen;20 tot 25 jaar;Combinatie van sectoren;M-N Zakelijke dienstverlening;2013/'14;62;58;0;0;4;41;21;37;0;0;4;21;0;0;0
2549;Totaal mannen en vrouwen;20 tot 25 jaar;Combinatie van sectoren;M-N Zakelijke dienstverlening;2014/'15;42;39;1;0;2;19;23;16;1;0;2;23;0;0;0
2550;Totaal mannen en vrouwen;20 tot 25 jaar;Combinatie van sectoren;M-N Zakelijke dienstverlening;2015/'16;39;37;0;0;2;17;22;15;0;0;2;22;0;0;0
2551;Totaal mannen en vrouwen;20 tot 25 jaar;Combinatie van sectoren;M-N Zakelijke dienstverlening;2016/'17;74;74;0;0;0;41;33;41;0;0;0;33;0;0;0
2552;Totaal mannen en vrouwen;20 tot 25 jaar;Combinatie van sectoren;M-N Zakelijke dienstverlening;2017/'18;68;68;0;0;0;39;29;39;0;0;0;29;0;0;0
2553;Totaal mannen en vrouwen;20 tot 25 jaar;Combinatie van sectoren;M-N Zakelijke dienstverlening;2018/'19;137;136;1;0;0;72;65;71;1;0;0;65;0;0;0
2554;Totaal mannen en vrouwen;20 tot 25 jaar;Combinatie van sectoren;M-N Zakelijke dienstverlening;2019/'20;180;179;1;0;0;122;58;121;1;0;0;58;0;0;0
2555;Totaal mannen en vrouwen;20 tot 25 jaar;Combinatie van sectoren;M-N Zakelijke dienstverlening;2020/'21;177;175;2;0;0;132;45;130;2;0;0;45;0;0;0
2556;Totaal mannen en vrouwen;20 tot 25 jaar;Combinatie van sectoren;O-Q Overheid en zorg;2009/'10;17;15;1;1;0;11;6;11;0;0;0;4;1;1;0
2557;Totaal mannen en vrouwen;20 tot 25 jaar;Combinatie van sectoren;O-Q Overheid en zorg;2010/'11;13;12;0;1;0;7;6;7;0;0;0;5;0;1;0
2558;Totaal mannen en vrouwen;20 tot 25 jaar;Combinatie van sectoren;O-Q Overheid en zorg;2011/'12;23;23;0;0;0;12;11;12;0;0;0;11;0;0;0
2559;Totaal mannen en vrouwen;20 tot 25 jaar;Combinatie van sectoren;O-Q Overheid en zorg;2012/'13;9;7;0;0;2;5;4;3;0;0;2;4;0;0;0
2560;Totaal mannen en vrouwen;20 tot 25 jaar;Combinatie van sectoren;O-Q Overheid en zorg;2013/'14;8;8;0;0;0;5;3;5;0;0;0;3;0;0;0
2561;Totaal mannen en vrouwen;20 tot 25 jaar;Combinatie van sectoren;O-Q Overheid en zorg;2014/'15;0;0;0;0;0;0;0;0;0;0;0;0;0;0;0
2562;Totaal mannen en vrouwen;20 tot 25 jaar;Combinatie van sectoren;O-Q Overheid en zorg;2015/'16;4;4;0;0;0;2;2;2;0;0;0;2;0;0;0
2563;Totaal mannen en vrouwen;20 tot 25 jaar;Combinatie van sectoren;O-Q Overheid en zorg;2016/'17;6;6;0;0;0;2;4;2;0;0;0;4;0;0;0
2564;Totaal mannen en vrouwen;20 tot 25 jaar;Combinatie van sectoren;O-Q Overheid en zorg;2017/'18;11;11;0;0;0;3;8;3;0;0;0;8;0;0;0
2565;Totaal mannen en vrouwen;20 tot 25 jaar;Combinatie van sectoren;O-Q Overheid en zorg;2018/'19;21;21;0;0;0;9;12;9;0;0;0;12;0;0;0
2566;Totaal mannen en vrouwen;20 tot 25 jaar;Combinatie van sectoren;O-Q Overheid en zorg;2019/'20;16;16;0;0;0;2;14;2;0;0;0;14;0;0;0
2567;Totaal mannen en vrouwen;20 tot 25 jaar;Combinatie van sectoren;O-Q Overheid en zorg;2020/'21;14;14;0;0;0;10;4;10;0;0;0;4;0;0;0
2568;Totaal mannen en vrouwen;20 tot 25 jaar;Combinatie van sectoren;R-U Cultuur, recreatie, overige diensten;2009/'10;2;2;0;0;0;1;1;1;0;0;0;1;0;0;0
2569;Totaal mannen en vrouwen;20 tot 25 jaar;Combinatie van sectoren;R-U Cultuur, recreatie, overige diensten;2010/'11;1;1;0;0;0;1;0;1;0;0;0;0;0;0;0
2570;Totaal mannen en vrouwen;20 tot 25 jaar;Combinatie van sectoren;R-U Cultuur, recreatie, overige diensten;2011/'12;4;4;0;0;0;2;2;2;0;0;0;2;0;0;0
2571;Totaal mannen en vrouwen;20 tot 25 jaar;Combinatie van sectoren;R-U Cultuur, recreatie, overige diensten;2012/'13;4;4;0;0;0;3;1;3;0;0;0;1;0;0;0
2572;Totaal mannen en vrouwen;20 tot 25 jaar;Combinatie van sectoren;R-U Cultuur, recreatie, overige diensten;2013/'14;1;1;0;0;0;1;0;1;0;0;0;0;0;0;0
2573;Totaal mannen en vrouwen;20 tot 25 jaar;Combinatie van sectoren;R-U Cultuur, recreatie, overige diensten;2014/'15;1;1;0;0;0;1;0;1;0;0;0;0;0;0;0
2574;Totaal mannen en vrouwen;20 tot 25 jaar;Combinatie van sectoren;R-U Cultuur, recreatie, overige diensten;2015/'16;0;0;0;0;0;0;0;0;0;0;0;0;0;0;0
2575;Totaal mannen en vrouwen;20 tot 25 jaar;Combinatie van sectoren;R-U Cultuur, recreatie, overige diensten;2016/'17;2;2;0;0;0;2;0;2;0;0;0;0;0;0;0
2576;Totaal mannen en vrouwen;20 tot 25 jaar;Combinatie van sectoren;R-U Cultuur, recreatie, overige diensten;2017/'18;3;3;0;0;0;2;1;2;0;0;0;1;0;0;0
2577;Totaal mannen en vrouwen;20 tot 25 jaar;Combinatie van sectoren;R-U Cultuur, recreatie, overige diensten;2018/'19;5;5;0;0;0;4;1;4;0;0;0;1;0;0;0
2578;Totaal mannen en vrouwen;20 tot 25 jaar;Combinatie van sectoren;R-U Cultuur, recreatie, overige diensten;2019/'20;10;10;0;0;0;8;2;8;0;0;0;2;0;0;0
2579;Totaal mannen en vrouwen;20 tot 25 jaar;Combinatie van sectoren;R-U Cultuur, recreatie, overige diensten;2020/'21;18;17;1;0;0;12;6;11;1;0;0;6;0;0;0
2580;Totaal mannen en vrouwen;20 tot 25 jaar;Combinatie van sectoren;SBI-code onbekend;2009/'10;1;1;0;0;0;1;0;1;0;0;0;0;0;0;0
2581;Totaal mannen en vrouwen;20 tot 25 jaar;Combinatie van sectoren;SBI-code onbekend;2010/'11;1;0;1;0;0;0;1;0;0;0;0;0;1;0;0
2582;Totaal mannen en vrouwen;20 tot 25 jaar;Combinatie van sectoren;SBI-code onbekend;2011/'12;0;0;0;0;0;0;0;0;0;0;0;0;0;0;0
2583;Totaal mannen en vrouwen;20 tot 25 jaar;Combinatie van sectoren;SBI-code onbekend;2012/'13;2;1;0;0;1;2;0;1;0;0;1;0;0;0;0
2584;Totaal mannen en vrouwen;20 tot 25 jaar;Combinatie van sectoren;SBI-code onbekend;2013/'14;2;2;0;0;0;2;0;2;0;0;0;0;0;0;0
2585;Totaal mannen en vrouwen;20 tot 25 jaar;Combinatie van sectoren;SBI-code onbekend;2014/'15;0;0;0;0;0;0;0;0;0;0;0;0;0;0;0
2586;Totaal mannen en vrouwen;20 tot 25 jaar;Combinatie van sectoren;SBI-code onbekend;2015/'16;0;0;0;0;0;0;0;0;0;0;0;0;0;0;0
2587;Totaal mannen en vrouwen;20 tot 25 jaar;Combinatie van sectoren;SBI-code onbekend;2016/'17;1;1;0;0;0;1;0;1;0;0;0;0;0;0;0
2588;Totaal mannen en vrouwen;20 tot 25 jaar;Combinatie van sectoren;SBI-code onbekend;2017/'18;0;0;0;0;0;0;0;0;0;0;0;0;0;0;0
2589;Totaal mannen en vrouwen;20 tot 25 jaar;Combinatie van sectoren;SBI-code onbekend;2018/'19;1;1;0;0;0;0;1;0;0;0;0;1;0;0;0
2590;Totaal mannen en vrouwen;20 tot 25 jaar;Combinatie van sectoren;SBI-code onbekend;2019/'20;1;1;0;0;0;1;0;1;0;0;0;0;0;0;0
2591;Totaal mannen en vrouwen;20 tot 25 jaar;Combinatie van sectoren;SBI-code onbekend;2020/'21;1;1;0;0;0;1;0;1;0;0;0;0;0;0;0
2592;Totaal mannen en vrouwen;25 tot 30 jaar;Totaal;A-U Alle economische activiteiten;2009/'10;4160;736;1599;1005;820;696;3464;85;204;170;237;651;1395;835;583
2593;Totaal mannen en vrouwen;25 tot 30 jaar;Totaal;A-U Alle economische activiteiten;2010/'11;3187;602;1143;799;643;586;2601;77;146;135;228;525;997;664;415
2594;Totaal mannen en vrouwen;25 tot 30 jaar;Totaal;A-U Alle economische activiteiten;2011/'12;2576;516;980;617;463;400;2176;60;120;106;114;456;860;511;349
2595;Totaal mannen en vrouwen;25 tot 30 jaar;Totaal;A-U Alle economische activiteiten;2012/'13;1924;425;651;456;392;321;1603;64;92;78;87;361;559;378;305
2596;Totaal mannen en vrouwen;25 tot 30 jaar;Totaal;A-U Alle economische activiteiten;2013/'14;947;167;311;200;269;217;730;41;67;31;78;126;244;169;191
2597;Totaal mannen en vrouwen;25 tot 30 jaar;Totaal;A-U Alle economische activiteiten;2014/'15;700;129;174;173;224;179;521;39;36;29;75;90;138;144;149
2598;Totaal mannen en vrouwen;25 tot 30 jaar;Totaal;A-U Alle economische activiteiten;2015/'16;666;119;146;182;219;137;529;47;15;12;63;72;131;170;156
2599;Totaal mannen en vrouwen;25 tot 30 jaar;Totaal;A-U Alle economische activiteiten;2016/'17;655;105;153;154;243;138;517;45;11;10;72;60;142;144;171
2600;Totaal mannen en vrouwen;25 tot 30 jaar;Totaal;A-U Alle economische activiteiten;2017/'18;666;113;137;189;227;125;541;45;6;15;59;68;131;174;168
2601;Totaal mannen en vrouwen;25 tot 30 jaar;Totaal;A-U Alle economische activiteiten;2018/'19;841;163;171;223;284;180;661;88;14;19;59;75;157;204;225
2602;Totaal mannen en vrouwen;25 tot 30 jaar;Totaal;A-U Alle economische activiteiten;2019/'20;898;176;186;227;309;229;669;92;26;26;85;84;160;201;224
2603;Totaal mannen en vrouwen;25 tot 30 jaar;Totaal;A-U Alle economische activiteiten;2020/'21;876;222;155;200;299;249;627;121;25;21;82;101;130;179;217
2604;Totaal mannen en vrouwen;25 tot 30 jaar;Totaal;A Landbouw, bosbouw en visserij;2009/'10;17;1;11;4;1;3;14;0;2;0;1;1;9;4;0
2605;Totaal mannen en vrouwen;25 tot 30 jaar;Totaal;A Landbouw, bosbouw en visserij;2010/'11;21;5;8;2;6;4;17;1;1;0;2;4;7;2;4
2606;Totaal mannen en vrouwen;25 tot 30 jaar;Totaal;A Landbouw, bosbouw en visserij;2011/'12;13;1;7;5;0;0;13;0;0;0;0;1;7;5;0
2607;Totaal mannen en vrouwen;25 tot 30 jaar;Totaal;A Landbouw, bosbouw en visserij;2012/'13;12;6;1;5;0;0;12;0;0;0;0;6;1;5;0
2608;Totaal mannen en vrouwen;25 tot 30 jaar;Totaal;A Landbouw, bosbouw en visserij;2013/'14;2;1;1;0;0;0;2;0;0;0;0;1;1;0;0
2609;Totaal mannen en vrouwen;25 tot 30 jaar;Totaal;A Landbouw, bosbouw en visserij;2014/'15;6;1;3;2;0;1;5;0;0;1;0;1;3;1;0
2610;Totaal mannen en vrouwen;25 tot 30 jaar;Totaal;A Landbouw, bosbouw en visserij;2015/'16;2;0;1;1;0;1;1;0;1;0;0;0;0;1;0
2611;Totaal mannen en vrouwen;25 tot 30 jaar;Totaal;A Landbouw, bosbouw en visserij;2016/'17;8;0;2;2;4;1;7;0;0;0;1;0;2;2;3
2612;Totaal mannen en vrouwen;25 tot 30 jaar;Totaal;A Landbouw, bosbouw en visserij;2017/'18;4;3;0;0;1;1;3;0;0;0;1;3;0;0;0
2613;Totaal mannen en vrouwen;25 tot 30 jaar;Totaal;A Landbouw, bosbouw en visserij;2018/'19;5;0;0;3;2;1;4;0;0;0;1;0;0;3;1
2614;Totaal mannen en vrouwen;25 tot 30 jaar;Totaal;A Landbouw, bosbouw en visserij;2019/'20;10;4;1;2;3;4;6;3;0;0;1;1;1;2;2
2615;Totaal mannen en vrouwen;25 tot 30 jaar;Totaal;A Landbouw, bosbouw en visserij;2020/'21;4;1;1;1;1;0;4;0;0;0;0;1;1;1;1
2616;Totaal mannen en vrouwen;25 tot 30 jaar;Totaal;B-E Nijverheid (geen bouw) en energie;2009/'10;685;354;209;77;45;40;645;3;15;4;18;351;194;73;27
2617;Totaal mannen en vrouwen;25 tot 30 jaar;Totaal;B-E Nijverheid (geen bouw) en energie;2010/'11;518;324;107;63;24;27;491;4;6;6;11;320;101;57;13
2618;Totaal mannen en vrouwen;25 tot 30 jaar;Totaal;B-E Nijverheid (geen bouw) en energie;2011/'12;435;253;118;42;22;23;412;4;6;6;7;249;112;36;15
2619;Totaal mannen en vrouwen;25 tot 30 jaar;Totaal;B-E Nijverheid (geen bouw) en energie;2012/'13;257;160;66;19;12;12;245;4;3;1;4;156;63;18;8
2620;Totaal mannen en vrouwen;25 tot 30 jaar;Totaal;B-E Nijverheid (geen bouw) en energie;2013/'14;110;61;27;14;8;5;105;2;1;0;2;59;26;14;6
2621;Totaal mannen en vrouwen;25 tot 30 jaar;Totaal;B-E Nijverheid (geen bouw) en energie;2014/'15;55;24;18;7;6;6;49;2;1;0;3;22;17;7;3
2622;Totaal mannen en vrouwen;25 tot 30 jaar;Totaal;B-E Nijverheid (geen bouw) en energie;2015/'16;75;33;15;18;9;2;73;1;0;0;1;32;15;18;8
2623;Totaal mannen en vrouwen;25 tot 30 jaar;Totaal;B-E Nijverheid (geen bouw) en energie;2016/'17;61;20;13;10;18;7;54;3;0;0;4;17;13;10;14
2624;Totaal mannen en vrouwen;25 tot 30 jaar;Totaal;B-E Nijverheid (geen bouw) en energie;2017/'18;44;13;9;15;7;2;42;1;0;0;1;12;9;15;6
2625;Totaal mannen en vrouwen;25 tot 30 jaar;Totaal;B-E Nijverheid (geen bouw) en energie;2018/'19;51;6;16;16;13;3;48;0;1;1;1;6;15;15;12
2626;Totaal mannen en vrouwen;25 tot 30 jaar;Totaal;B-E Nijverheid (geen bouw) en energie;2019/'20;78;17;17;27;17;11;67;7;0;1;3;10;17;26;14
2627;Totaal mannen en vrouwen;25 tot 30 jaar;Totaal;B-E Nijverheid (geen bouw) en energie;2020/'21;53;9;10;20;14;5;48;3;0;1;1;6;10;19;13
2628;Totaal mannen en vrouwen;25 tot 30 jaar;Totaal;F Bouwnijverheid;2009/'10;219;12;125;50;32;14;205;2;5;3;4;10;120;47;28
2629;Totaal mannen en vrouwen;25 tot 30 jaar;Totaal;F Bouwnijverheid;2010/'11;146;6;93;28;19;14;132;1;4;2;7;5;89;26;12
2630;Totaal mannen en vrouwen;25 tot 30 jaar;Totaal;F Bouwnijverheid;2011/'12;113;3;69;28;13;2;111;0;0;1;1;3;69;27;12
2631;Totaal mannen en vrouwen;25 tot 30 jaar;Totaal;F Bouwnijverheid;2012/'13;58;5;36;12;5;3;55;1;2;0;0;4;34;12;5
2632;Totaal mannen en vrouwen;25 tot 30 jaar;Totaal;F Bouwnijverheid;2013/'14;27;3;12;6;6;0;27;0;0;0;0;3;12;6;6
2633;Totaal mannen en vrouwen;25 tot 30 jaar;Totaal;F Bouwnijverheid;2014/'15;17;1;7;7;2;3;14;0;1;1;1;1;6;6;1
2634;Totaal mannen en vrouwen;25 tot 30 jaar;Totaal;F Bouwnijverheid;2015/'16;18;3;9;4;2;0;18;0;0;0;0;3;9;4;2
2635;Totaal mannen en vrouwen;25 tot 30 jaar;Totaal;F Bouwnijverheid;2016/'17;13;2;2;3;6;4;9;2;0;0;2;0;2;3;4
2636;Totaal mannen en vrouwen;25 tot 30 jaar;Totaal;F Bouwnijverheid;2017/'18;9;1;6;1;1;0;9;0;0;0;0;1;6;1;1
2637;Totaal mannen en vrouwen;25 tot 30 jaar;Totaal;F Bouwnijverheid;2018/'19;32;5;13;6;8;5;27;5;0;0;0;0;13;6;8
2638;Totaal mannen en vrouwen;25 tot 30 jaar;Totaal;F Bouwnijverheid;2019/'20;20;4;8;4;4;1;19;1;0;0;0;3;8;4;4
2639;Totaal mannen en vrouwen;25 tot 30 jaar;Totaal;F Bouwnijverheid;2020/'21;19;1;14;2;2;0;19;0;0;0;0;1;14;2;2
2640;Totaal mannen en vrouwen;25 tot 30 jaar;Totaal;G-I Handel, vervoer en horeca;2009/'10;1129;91;553;279;206;146;983;16;38;41;51;75;515;238;155
2641;Totaal mannen en vrouwen;25 tot 30 jaar;Totaal;G-I Handel, vervoer en horeca;2010/'11;916;66;434;231;185;162;754;20;51;39;52;46;383;192;133
2642;Totaal mannen en vrouwen;25 tot 30 jaar;Totaal;G-I Handel, vervoer en horeca;2011/'12;718;69;323;178;148;99;619;12;30;21;36;57;293;157;112
2643;Totaal mannen en vrouwen;25 tot 30 jaar;Totaal;G-I Handel, vervoer en horeca;2012/'13;529;48;223;129;129;84;445;19;21;13;31;29;202;116;98
2644;Totaal mannen en vrouwen;25 tot 30 jaar;Totaal;G-I Handel, vervoer en horeca;2013/'14;257;18;99;45;95;69;188;9;20;8;32;9;79;37;63
2645;Totaal mannen en vrouwen;25 tot 30 jaar;Totaal;G-I Handel, vervoer en horeca;2014/'15;209;25;54;45;85;65;144;17;11;7;30;8;43;38;55
2646;Totaal mannen en vrouwen;25 tot 30 jaar;Totaal;G-I Handel, vervoer en horeca;2015/'16;214;19;43;58;94;53;161;16;5;1;31;3;38;57;63
2647;Totaal mannen en vrouwen;25 tot 30 jaar;Totaal;G-I Handel, vervoer en horeca;2016/'17;225;23;55;56;91;58;167;17;4;4;33;6;51;52;58
2648;Totaal mannen en vrouwen;25 tot 30 jaar;Totaal;G-I Handel, vervoer en horeca;2017/'18;229;29;51;65;84;52;177;20;1;7;24;9;50;58;60
2649;Totaal mannen en vrouwen;25 tot 30 jaar;Totaal;G-I Handel, vervoer en horeca;2018/'19;302;58;52;73;119;78;224;42;6;5;25;16;46;68;94
2650;Totaal mannen en vrouwen;25 tot 30 jaar;Totaal;G-I Handel, vervoer en horeca;2019/'20;341;52;72;82;135;94;247;38;9;10;37;14;63;72;98
2651;Totaal mannen en vrouwen;25 tot 30 jaar;Totaal;G-I Handel, vervoer en horeca;2020/'21;335;69;47;89;130;120;215;49;14;11;46;20;33;78;84
2652;Totaal mannen en vrouwen;25 tot 30 jaar;Totaal;J Informatie en communicatie;2009/'10;63;1;13;22;27;14;49;1;4;3;6;0;9;19;21
2653;Totaal mannen en vrouwen;25 tot 30 jaar;Totaal;J Informatie en communicatie;2010/'11;18;1;2;7;8;6;12;0;1;0;5;1;1;7;3
2654;Totaal mannen en vrouwen;25 tot 30 jaar;Totaal;J Informatie en communicatie;2011/'12;24;1;5;14;4;4;20;0;1;3;0;1;4;11;4
2655;Totaal mannen en vrouwen;25 tot 30 jaar;Totaal;J Informatie en communicatie;2012/'13;21;2;3;4;12;6;15;1;0;1;4;1;3;3;8
2656;Totaal mannen en vrouwen;25 tot 30 jaar;Totaal;J Informatie en communicatie;2013/'14;3;0;0;0;3;1;2;0;0;0;1;0;0;0;2
2657;Totaal mannen en vrouwen;25 tot 30 jaar;Totaal;J Informatie en communicatie;2014/'15;3;0;0;0;3;0;3;0;0;0;0;0;0;0;3
2658;Totaal mannen en vrouwen;25 tot 30 jaar;Totaal;J Informatie en communicatie;2015/'16;8;1;1;2;4;4;4;1;0;0;3;0;1;2;1
2659;Totaal mannen en vrouwen;25 tot 30 jaar;Totaal;J Informatie en communicatie;2016/'17;7;1;3;0;3;2;5;1;0;0;1;0;3;0;2
2660;Totaal mannen en vrouwen;25 tot 30 jaar;Totaal;J Informatie en communicatie;2017/'18;3;0;0;1;2;0;3;0;0;0;0;0;0;1;2
2661;Totaal mannen en vrouwen;25 tot 30 jaar;Totaal;J Informatie en communicatie;2018/'19;8;1;0;3;4;1;7;1;0;0;0;0;0;3;4
2662;Totaal mannen en vrouwen;25 tot 30 jaar;Totaal;J Informatie en communicatie;2019/'20;11;3;0;4;4;2;9;1;0;0;1;2;0;4;3
2663;Totaal mannen en vrouwen;25 tot 30 jaar;Totaal;J Informatie en communicatie;2020/'21;11;0;3;1;7;2;9;0;0;0;2;0;3;1;5
2664;Totaal mannen en vrouwen;25 tot 30 jaar;Totaal;K Financiële dienstverlening;2009/'10;52;3;5;11;33;8;44;1;2;2;3;2;3;9;30
2665;Totaal mannen en vrouwen;25 tot 30 jaar;Totaal;K Financiële dienstverlening;2010/'11;24;1;3;5;15;6;18;0;0;2;4;1;3;3;11
2666;Totaal mannen en vrouwen;25 tot 30 jaar;Totaal;K Financiële dienstverlening;2011/'12;25;1;6;3;15;3;22;0;1;0;2;1;5;3;13
2667;Totaal mannen en vrouwen;25 tot 30 jaar;Totaal;K Financiële dienstverlening;2012/'13;11;0;2;2;7;0;11;0;0;0;0;0;2;2;7
2668;Totaal mannen en vrouwen;25 tot 30 jaar;Totaal;K Financiële dienstverlening;2013/'14;5;0;1;2;2;1;4;0;1;0;0;0;0;2;2
2669;Totaal mannen en vrouwen;25 tot 30 jaar;Totaal;K Financiële dienstverlening;2014/'15;1;0;1;0;0;0;1;0;0;0;0;0;1;0;0
2670;Totaal mannen en vrouwen;25 tot 30 jaar;Totaal;K Financiële dienstverlening;2015/'16;4;0;1;1;2;0;4;0;0;0;0;0;1;1;2
2671;Totaal mannen en vrouwen;25 tot 30 jaar;Totaal;K Financiële dienstverlening;2016/'17;1;0;0;1;0;1;0;0;0;1;0;0;0;0;0
2672;Totaal mannen en vrouwen;25 tot 30 jaar;Totaal;K Financiële dienstverlening;2017/'18;6;0;2;0;4;0;6;0;0;0;0;0;2;0;4
2673;Totaal mannen en vrouwen;25 tot 30 jaar;Totaal;K Financiële dienstverlening;2018/'19;3;0;0;2;1;0;3;0;0;0;0;0;0;2;1
2674;Totaal mannen en vrouwen;25 tot 30 jaar;Totaal;K Financiële dienstverlening;2019/'20;7;3;0;1;3;3;4;2;0;0;1;1;0;1;2
2675;Totaal mannen en vrouwen;25 tot 30 jaar;Totaal;K Financiële dienstverlening;2020/'21;3;0;1;1;1;0;3;0;0;0;0;0;1;1;1
2676;Totaal mannen en vrouwen;25 tot 30 jaar;Totaal;L Verhuur en handel van onroerend goed;2009/'10;18;1;6;7;4;2;16;0;0;2;0;1;6;5;4
2677;Totaal mannen en vrouwen;25 tot 30 jaar;Totaal;L Verhuur en handel van onroerend goed;2010/'11;7;0;0;3;4;0;7;0;0;0;0;0;0;3;4
2678;Totaal mannen en vrouwen;25 tot 30 jaar;Totaal;L Verhuur en handel van onroerend goed;2011/'12;7;1;4;1;1;0;7;0;0;0;0;1;4;1;1
2679;Totaal mannen en vrouwen;25 tot 30 jaar;Totaal;L Verhuur en handel van onroerend goed;2012/'13;5;0;2;2;1;0;5;0;0;0;0;0;2;2;1
2680;Totaal mannen en vrouwen;25 tot 30 jaar;Totaal;L Verhuur en handel van onroerend goed;2013/'14;5;1;3;1;0;1;4;0;1;0;0;1;2;1;0
2681;Totaal mannen en vrouwen;25 tot 30 jaar;Totaal;L Verhuur en handel van onroerend goed;2014/'15;3;0;2;1;0;3;0;0;2;1;0;0;0;0;0
2682;Totaal mannen en vrouwen;25 tot 30 jaar;Totaal;L Verhuur en handel van onroerend goed;2015/'16;0;0;0;0;0;0;0;0;0;0;0;0;0;0;0
2683;Totaal mannen en vrouwen;25 tot 30 jaar;Totaal;L Verhuur en handel van onroerend goed;2016/'17;1;0;0;1;0;0;1;0;0;0;0;0;0;1;0
2684;Totaal mannen en vrouwen;25 tot 30 jaar;Totaal;L Verhuur en handel van onroerend goed;2017/'18;3;0;0;2;1;0;3;0;0;0;0;0;0;2;1
2685;Totaal mannen en vrouwen;25 tot 30 jaar;Totaal;L Verhuur en handel van onroerend goed;2018/'19;1;0;1;0;0;0;1;0;0;0;0;0;1;0;0
2686;Totaal mannen en vrouwen;25 tot 30 jaar;Totaal;L Verhuur en handel van onroerend goed;2019/'20;5;1;0;1;3;1;4;1;0;0;0;0;0;1;3
2687;Totaal mannen en vrouwen;25 tot 30 jaar;Totaal;L Verhuur en handel van onroerend goed;2020/'21;1;0;0;0;1;0;1;0;0;0;0;0;0;0;1
2688;Totaal mannen en vrouwen;25 tot 30 jaar;Totaal;M-N Zakelijke dienstverlening;2009/'10;1100;227;426;258;189;252;848;54;92;43;63;173;334;215;126
2689;Totaal mannen en vrouwen;25 tot 30 jaar;Totaal;M-N Zakelijke dienstverlening;2010/'11;843;155;303;249;136;211;632;42;62;32;75;113;241;217;61
2690;Totaal mannen en vrouwen;25 tot 30 jaar;Totaal;M-N Zakelijke dienstverlening;2011/'12;601;132;248;148;73;128;473;33;52;22;21;99;196;126;52
2691;Totaal mannen en vrouwen;25 tot 30 jaar;Totaal;M-N Zakelijke dienstverlening;2012/'13;495;156;171;96;72;118;377;32;43;11;32;124;128;85;40
2692;Totaal mannen en vrouwen;25 tot 30 jaar;Totaal;M-N Zakelijke dienstverlening;2013/'14;250;61;100;36;53;90;160;26;35;8;21;35;65;28;32
2693;Totaal mannen en vrouwen;25 tot 30 jaar;Totaal;M-N Zakelijke dienstverlening;2014/'15;226;70;61;29;66;63;163;14;12;9;28;56;49;20;38
2694;Totaal mannen en vrouwen;25 tot 30 jaar;Totaal;M-N Zakelijke dienstverlening;2015/'16;182;57;54;32;39;52;130;25;7;3;17;32;47;29;22
2695;Totaal mannen en vrouwen;25 tot 30 jaar;Totaal;M-N Zakelijke dienstverlening;2016/'17;201;54;57;40;50;51;150;19;6;4;22;35;51;36;28
2696;Totaal mannen en vrouwen;25 tot 30 jaar;Totaal;M-N Zakelijke dienstverlening;2017/'18;214;54;49;45;66;51;163;20;4;1;26;34;45;44;40
2697;Totaal mannen en vrouwen;25 tot 30 jaar;Totaal;M-N Zakelijke dienstverlening;2018/'19;284;80;63;70;71;66;218;35;4;5;22;45;59;65;49
2698;Totaal mannen en vrouwen;25 tot 30 jaar;Totaal;M-N Zakelijke dienstverlening;2019/'20;295;84;68;64;79;98;197;35;15;12;36;49;53;52;43
2699;Totaal mannen en vrouwen;25 tot 30 jaar;Totaal;M-N Zakelijke dienstverlening;2020/'21;303;127;56;39;81;99;204;61;8;5;25;66;48;34;56
2700;Totaal mannen en vrouwen;25 tot 30 jaar;Totaal;O-Q Overheid en zorg;2009/'10;724;36;195;253;240;175;549;5;31;64;75;31;164;189;165
2701;Totaal mannen en vrouwen;25 tot 30 jaar;Totaal;O-Q Overheid en zorg;2010/'11;561;35;137;180;209;127;434;8;13;46;60;27;124;134;149
2702;Totaal mannen en vrouwen;25 tot 30 jaar;Totaal;O-Q Overheid en zorg;2011/'12;510;30;149;181;150;111;399;7;18;52;34;23;131;129;116
2703;Totaal mannen en vrouwen;25 tot 30 jaar;Totaal;O-Q Overheid en zorg;2012/'13;429;27;108;166;128;70;359;3;11;47;9;24;97;119;119
2704;Totaal mannen en vrouwen;25 tot 30 jaar;Totaal;O-Q Overheid en zorg;2013/'14;250;20;57;87;86;34;216;2;5;11;16;18;52;76;70
2705;Totaal mannen en vrouwen;25 tot 30 jaar;Totaal;O-Q Overheid en zorg;2014/'15;159;3;20;78;58;28;131;2;5;8;13;1;15;70;45
2706;Totaal mannen en vrouwen;25 tot 30 jaar;Totaal;O-Q Overheid en zorg;2015/'16;141;1;17;62;61;20;121;0;2;8;10;1;15;54;51
2707;Totaal mannen en vrouwen;25 tot 30 jaar;Totaal;O-Q Overheid en zorg;2016/'17;115;3;14;36;62;10;105;1;0;1;8;2;14;35;54
2708;Totaal mannen en vrouwen;25 tot 30 jaar;Totaal;O-Q Overheid en zorg;2017/'18;116;8;12;48;48;13;103;1;0;6;6;7;12;42;42
2709;Totaal mannen en vrouwen;25 tot 30 jaar;Totaal;O-Q Overheid en zorg;2018/'19;117;6;19;39;53;17;100;2;1;7;7;4;18;32;46
2710;Totaal mannen en vrouwen;25 tot 30 jaar;Totaal;O-Q Overheid en zorg;2019/'20;97;3;15;34;45;7;90;0;2;2;3;3;13;32;42
2711;Totaal mannen en vrouwen;25 tot 30 jaar;Totaal;O-Q Overheid en zorg;2020/'21;111;9;13;33;56;14;97;5;1;2;6;4;12;31;50
2712;Totaal mannen en vrouwen;25 tot 30 jaar;Totaal;R-U Cultuur, recreatie, overige diensten;2009/'10;93;7;24;32;30;22;71;2;7;3;10;5;17;29;20
2713;Totaal mannen en vrouwen;25 tot 30 jaar;Totaal;R-U Cultuur, recreatie, overige diensten;2010/'11;81;6;23;22;30;21;60;1;3;7;10;5;20;15;20
2714;Totaal mannen en vrouwen;25 tot 30 jaar;Totaal;R-U Cultuur, recreatie, overige diensten;2011/'12;90;24;29;5;32;21;69;4;7;0;10;20;22;5;22
2715;Totaal mannen en vrouwen;25 tot 30 jaar;Totaal;R-U Cultuur, recreatie, overige diensten;2012/'13;79;19;27;14;19;21;58;4;9;3;5;15;18;11;14
2716;Totaal mannen en vrouwen;25 tot 30 jaar;Totaal;R-U Cultuur, recreatie, overige diensten;2013/'14;22;2;3;4;13;10;12;2;1;2;5;0;2;2;8
2717;Totaal mannen en vrouwen;25 tot 30 jaar;Totaal;R-U Cultuur, recreatie, overige diensten;2014/'15;11;4;2;2;3;5;6;3;1;1;0;1;1;1;3
2718;Totaal mannen en vrouwen;25 tot 30 jaar;Totaal;R-U Cultuur, recreatie, overige diensten;2015/'16;16;0;5;3;8;1;15;0;0;0;1;0;5;3;7
2719;Totaal mannen en vrouwen;25 tot 30 jaar;Totaal;R-U Cultuur, recreatie, overige diensten;2016/'17;19;2;6;3;8;4;15;2;1;0;1;0;5;3;7
2720;Totaal mannen en vrouwen;25 tot 30 jaar;Totaal;R-U Cultuur, recreatie, overige diensten;2017/'18;33;5;7;10;11;6;27;3;1;1;1;2;6;9;10
2721;Totaal mannen en vrouwen;25 tot 30 jaar;Totaal;R-U Cultuur, recreatie, overige diensten;2018/'19;34;6;7;11;10;6;28;2;2;1;1;4;5;10;9
2722;Totaal mannen en vrouwen;25 tot 30 jaar;Totaal;R-U Cultuur, recreatie, overige diensten;2019/'20;28;5;2;6;15;7;21;4;0;0;3;1;2;6;12
2723;Totaal mannen en vrouwen;25 tot 30 jaar;Totaal;R-U Cultuur, recreatie, overige diensten;2020/'21;30;5;8;13;4;8;22;3;2;2;1;2;6;11;3
2724;Totaal mannen en vrouwen;25 tot 30 jaar;Totaal;SBI-code onbekend;2009/'10;60;3;32;12;13;20;40;1;8;5;6;2;24;7;7
2725;Totaal mannen en vrouwen;25 tot 30 jaar;Totaal;SBI-code onbekend;2010/'11;52;3;33;9;7;8;44;0;5;1;2;3;28;8;5
2726;Totaal mannen en vrouwen;25 tot 30 jaar;Totaal;SBI-code onbekend;2011/'12;40;1;22;12;5;9;31;0;5;1;3;1;17;11;2
2727;Totaal mannen en vrouwen;25 tot 30 jaar;Totaal;SBI-code onbekend;2012/'13;28;2;12;7;7;7;21;0;3;2;2;2;9;5;5
2728;Totaal mannen en vrouwen;25 tot 30 jaar;Totaal;SBI-code onbekend;2013/'14;16;0;8;5;3;6;10;0;3;2;1;0;5;3;2
2729;Totaal mannen en vrouwen;25 tot 30 jaar;Totaal;SBI-code onbekend;2014/'15;10;1;6;2;1;5;5;1;3;1;0;0;3;1;1
2730;Totaal mannen en vrouwen;25 tot 30 jaar;Totaal;SBI-code onbekend;2015/'16;6;5;0;1;0;4;2;4;0;0;0;1;0;1;0
2731;Totaal mannen en vrouwen;25 tot 30 jaar;Totaal;SBI-code onbekend;2016/'17;4;0;1;2;1;0;4;0;0;0;0;0;1;2;1
2732;Totaal mannen en vrouwen;25 tot 30 jaar;Totaal;SBI-code onbekend;2017/'18;5;0;1;2;2;0;5;0;0;0;0;0;1;2;2
2733;Totaal mannen en vrouwen;25 tot 30 jaar;Totaal;SBI-code onbekend;2018/'19;4;1;0;0;3;3;1;1;0;0;2;0;0;0;1
2734;Totaal mannen en vrouwen;25 tot 30 jaar;Totaal;SBI-code onbekend;2019/'20;6;0;3;2;1;1;5;0;0;1;0;0;3;1;1
2735;Totaal mannen en vrouwen;25 tot 30 jaar;Totaal;SBI-code onbekend;2020/'21;6;1;2;1;2;1;5;0;0;0;1;1;2;1;1
2736;Totaal mannen en vrouwen;25 tot 30 jaar;Sector landbouw;A-U Alle economische activiteiten;2009/'10;329;172;84;47;26;20;309;1;3;1;15;171;81;46;11
2737;Totaal mannen en vrouwen;25 tot 30 jaar;Sector landbouw;A-U Alle economische activiteiten;2010/'11;279;161;64;41;13;11;268;2;1;1;7;159;63;40;6
2738;Totaal mannen en vrouwen;25 tot 30 jaar;Sector landbouw;A-U Alle economische activiteiten;2011/'12;286;176;63;34;13;8;278;1;1;0;6;175;62;34;7
2739;Totaal mannen en vrouwen;25 tot 30 jaar;Sector landbouw;A-U Alle economische activiteiten;2012/'13;253;159;44;38;12;10;243;0;0;5;5;159;44;33;7
2740;Totaal mannen en vrouwen;25 tot 30 jaar;Sector landbouw;A-U Alle economische activiteiten;2013/'14;89;27;32;13;17;16;73;0;2;2;12;27;30;11;5
2741;Totaal mannen en vrouwen;25 tot 30 jaar;Sector landbouw;A-U Alle economische activiteiten;2014/'15;64;26;21;10;7;3;61;0;0;2;1;26;21;8;6
2742;Totaal mannen en vrouwen;25 tot 30 jaar;Sector landbouw;A-U Alle economische activiteiten;2015/'16;52;17;12;15;8;4;48;0;0;0;4;17;12;15;4
2743;Totaal mannen en vrouwen;25 tot 30 jaar;Sector landbouw;A-U Alle economische activiteiten;2016/'17;48;5;21;14;8;1;47;0;0;0;1;5;21;14;7
2744;Totaal mannen en vrouwen;25 tot 30 jaar;Sector landbouw;A-U Alle economische activiteiten;2017/'18;41;0;19;12;10;3;38;0;1;0;2;0;18;12;8
2745;Totaal mannen en vrouwen;25 tot 30 jaar;Sector landbouw;A-U Alle economische activiteiten;2018/'19;23;0;5;16;2;1;22;0;0;0;1;0;5;16;1
2746;Totaal mannen en vrouwen;25 tot 30 jaar;Sector landbouw;A-U Alle economische activiteiten;2019/'20;29;0;4;16;9;1;28;0;0;0;1;0;4;16;8
2747;Totaal mannen en vrouwen;25 tot 30 jaar;Sector landbouw;A-U Alle economische activiteiten;2020/'21;57;42;1;8;6;5;52;0;0;0;5;42;1;8;1
2748;Totaal mannen en vrouwen;25 tot 30 jaar;Sector landbouw;A Landbouw, bosbouw en visserij;2009/'10;6;1;3;2;0;0;6;0;0;0;0;1;3;2;0
2749;Totaal mannen en vrouwen;25 tot 30 jaar;Sector landbouw;A Landbouw, bosbouw en visserij;2010/'11;8;2;2;2;2;1;7;0;0;0;1;2;2;2;1
2750;Totaal mannen en vrouwen;25 tot 30 jaar;Sector landbouw;A Landbouw, bosbouw en visserij;2011/'12;3;1;0;2;0;0;3;0;0;0;0;1;0;2;0
2751;Totaal mannen en vrouwen;25 tot 30 jaar;Sector landbouw;A Landbouw, bosbouw en visserij;2012/'13;10;6;0;4;0;0;10;0;0;0;0;6;0;4;0
2752;Totaal mannen en vrouwen;25 tot 30 jaar;Sector landbouw;A Landbouw, bosbouw en visserij;2013/'14;2;1;1;0;0;0;2;0;0;0;0;1;1;0;0
2753;Totaal mannen en vrouwen;25 tot 30 jaar;Sector landbouw;A Landbouw, bosbouw en visserij;2014/'15;3;1;1;1;0;0;3;0;0;0;0;1;1;1;0
2754;Totaal mannen en vrouwen;25 tot 30 jaar;Sector landbouw;A Landbouw, bosbouw en visserij;2015/'16;0;0;0;0;0;0;0;0;0;0;0;0;0;0;0
2755;Totaal mannen en vrouwen;25 tot 30 jaar;Sector landbouw;A Landbouw, bosbouw en visserij;2016/'17;2;0;0;2;0;0;2;0;0;0;0;0;0;2;0
2756;Totaal mannen en vrouwen;25 tot 30 jaar;Sector landbouw;A Landbouw, bosbouw en visserij;2017/'18;0;0;0;0;0;0;0;0;0;0;0;0;0;0;0
2757;Totaal mannen en vrouwen;25 tot 30 jaar;Sector landbouw;A Landbouw, bosbouw en visserij;2018/'19;0;0;0;0;0;0;0;0;0;0;0;0;0;0;0
2758;Totaal mannen en vrouwen;25 tot 30 jaar;Sector landbouw;A Landbouw, bosbouw en visserij;2019/'20;1;0;0;1;0;0;1;0;0;0;0;0;0;1;0
2759;Totaal mannen en vrouwen;25 tot 30 jaar;Sector landbouw;A Landbouw, bosbouw en visserij;2020/'21;2;1;0;1;0;0;2;0;0;0;0;1;0;1;0
2760;Totaal mannen en vrouwen;25 tot 30 jaar;Sector landbouw;B-E Nijverheid (geen bouw) en energie;2009/'10;161;128;16;12;5;4;157;1;0;0;3;127;16;12;2
2761;Totaal mannen en vrouwen;25 tot 30 jaar;Sector landbouw;B-E Nijverheid (geen bouw) en energie;2010/'11;144;120;15;9;0;1;143;0;1;0;0;120;14;9;0
2762;Totaal mannen en vrouwen;25 tot 30 jaar;Sector landbouw;B-E Nijverheid (geen bouw) en energie;2011/'12;148;122;21;5;0;0;148;0;0;0;0;122;21;5;0
2763;Totaal mannen en vrouwen;25 tot 30 jaar;Sector landbouw;B-E Nijverheid (geen bouw) en energie;2012/'13;87;77;8;1;1;1;86;0;0;0;1;77;8;1;0
2764;Totaal mannen en vrouwen;25 tot 30 jaar;Sector landbouw;B-E Nijverheid (geen bouw) en energie;2013/'14;30;14;11;3;2;0;30;0;0;0;0;14;11;3;2
2765;Totaal mannen en vrouwen;25 tot 30 jaar;Sector landbouw;B-E Nijverheid (geen bouw) en energie;2014/'15;17;11;3;2;1;0;17;0;0;0;0;11;3;2;1
2766;Totaal mannen en vrouwen;25 tot 30 jaar;Sector landbouw;B-E Nijverheid (geen bouw) en energie;2015/'16;25;14;4;4;3;0;25;0;0;0;0;14;4;4;3
2767;Totaal mannen en vrouwen;25 tot 30 jaar;Sector landbouw;B-E Nijverheid (geen bouw) en energie;2016/'17;7;0;2;3;2;0;7;0;0;0;0;0;2;3;2
2768;Totaal mannen en vrouwen;25 tot 30 jaar;Sector landbouw;B-E Nijverheid (geen bouw) en energie;2017/'18;4;0;1;3;0;0;4;0;0;0;0;0;1;3;0
2769;Totaal mannen en vrouwen;25 tot 30 jaar;Sector landbouw;B-E Nijverheid (geen bouw) en energie;2018/'19;3;0;1;1;1;0;3;0;0;0;0;0;1;1;1
2770;Totaal mannen en vrouwen;25 tot 30 jaar;Sector landbouw;B-E Nijverheid (geen bouw) en energie;2019/'20;4;0;1;1;2;0;4;0;0;0;0;0;1;1;2
2771;Totaal mannen en vrouwen;25 tot 30 jaar;Sector landbouw;B-E Nijverheid (geen bouw) en energie;2020/'21;3;3;0;0;0;0;3;0;0;0;0;3;0;0;0
2772;Totaal mannen en vrouwen;25 tot 30 jaar;Sector landbouw;F Bouwnijverheid;2009/'10;7;3;2;1;1;0;7;0;0;0;0;3;2;1;1
2773;Totaal mannen en vrouwen;25 tot 30 jaar;Sector landbouw;F Bouwnijverheid;2010/'11;5;1;3;0;1;1;4;0;0;0;1;1;3;0;0
2774;Totaal mannen en vrouwen;25 tot 30 jaar;Sector landbouw;F Bouwnijverheid;2011/'12;2;0;1;1;0;0;2;0;0;0;0;0;1;1;0
2775;Totaal mannen en vrouwen;25 tot 30 jaar;Sector landbouw;F Bouwnijverheid;2012/'13;2;0;2;0;0;0;2;0;0;0;0;0;2;0;0
2776;Totaal mannen en vrouwen;25 tot 30 jaar;Sector landbouw;F Bouwnijverheid;2013/'14;2;1;1;0;0;0;2;0;0;0;0;1;1;0;0
2777;Totaal mannen en vrouwen;25 tot 30 jaar;Sector landbouw;F Bouwnijverheid;2014/'15;1;1;0;0;0;0;1;0;0;0;0;1;0;0;0
2778;Totaal mannen en vrouwen;25 tot 30 jaar;Sector landbouw;F Bouwnijverheid;2015/'16;0;0;0;0;0;0;0;0;0;0;0;0;0;0;0
2779;Totaal mannen en vrouwen;25 tot 30 jaar;Sector landbouw;F Bouwnijverheid;2016/'17;2;0;0;1;1;0;2;0;0;0;0;0;0;1;1
2780;Totaal mannen en vrouwen;25 tot 30 jaar;Sector landbouw;F Bouwnijverheid;2017/'18;0;0;0;0;0;0;0;0;0;0;0;0;0;0;0
2781;Totaal mannen en vrouwen;25 tot 30 jaar;Sector landbouw;F Bouwnijverheid;2018/'19;0;0;0;0;0;0;0;0;0;0;0;0;0;0;0
2782;Totaal mannen en vrouwen;25 tot 30 jaar;Sector landbouw;F Bouwnijverheid;2019/'20;1;0;0;1;0;0;1;0;0;0;0;0;0;1;0
2783;Totaal mannen en vrouwen;25 tot 30 jaar;Sector landbouw;F Bouwnijverheid;2020/'21;0;0;0;0;0;0;0;0;0;0;0;0;0;0;0
2784;Totaal mannen en vrouwen;25 tot 30 jaar;Sector landbouw;G-I Handel, vervoer en horeca;2009/'10;43;11;21;7;4;4;39;0;1;1;2;11;20;6;2
2785;Totaal mannen en vrouwen;25 tot 30 jaar;Sector landbouw;G-I Handel, vervoer en horeca;2010/'11;39;7;18;13;1;2;37;1;0;1;0;6;18;12;1
2786;Totaal mannen en vrouwen;25 tot 30 jaar;Sector landbouw;G-I Handel, vervoer en horeca;2011/'12;37;11;17;4;5;4;33;0;1;0;3;11;16;4;2
2787;Totaal mannen en vrouwen;25 tot 30 jaar;Sector landbouw;G-I Handel, vervoer en horeca;2012/'13;38;10;11;13;4;3;35;0;0;2;1;10;11;11;3
2788;Totaal mannen en vrouwen;25 tot 30 jaar;Sector landbouw;G-I Handel, vervoer en horeca;2013/'14;14;2;5;0;7;5;9;0;1;0;4;2;4;0;3
2789;Totaal mannen en vrouwen;25 tot 30 jaar;Sector landbouw;G-I Handel, vervoer en horeca;2014/'15;7;1;2;3;1;1;6;0;0;1;0;1;2;2;1
2790;Totaal mannen en vrouwen;25 tot 30 jaar;Sector landbouw;G-I Handel, vervoer en horeca;2015/'16;8;1;1;5;1;1;7;0;0;0;1;1;1;5;0
2791;Totaal mannen en vrouwen;25 tot 30 jaar;Sector landbouw;G-I Handel, vervoer en horeca;2016/'17;6;0;2;4;0;0;6;0;0;0;0;0;2;4;0
2792;Totaal mannen en vrouwen;25 tot 30 jaar;Sector landbouw;G-I Handel, vervoer en horeca;2017/'18;10;0;6;1;3;3;7;0;1;0;2;0;5;1;1
2793;Totaal mannen en vrouwen;25 tot 30 jaar;Sector landbouw;G-I Handel, vervoer en horeca;2018/'19;3;0;1;2;0;0;3;0;0;0;0;0;1;2;0
2794;Totaal mannen en vrouwen;25 tot 30 jaar;Sector landbouw;G-I Handel, vervoer en horeca;2019/'20;8;0;0;4;4;1;7;0;0;0;1;0;0;4;3
2795;Totaal mannen en vrouwen;25 tot 30 jaar;Sector landbouw;G-I Handel, vervoer en horeca;2020/'21;5;0;0;3;2;2;3;0;0;0;2;0;0;3;0
2796;Totaal mannen en vrouwen;25 tot 30 jaar;Sector landbouw;J Informatie en communicatie;2009/'10;1;0;0;0;1;1;0;0;0;0;1;0;0;0;0
2797;Totaal mannen en vrouwen;25 tot 30 jaar;Sector landbouw;J Informatie en communicatie;2010/'11;0;0;0;0;0;0;0;0;0;0;0;0;0;0;0
2798;Totaal mannen en vrouwen;25 tot 30 jaar;Sector landbouw;J Informatie en communicatie;2011/'12;0;0;0;0;0;0;0;0;0;0;0;0;0;0;0
2799;Totaal mannen en vrouwen;25 tot 30 jaar;Sector landbouw;J Informatie en communicatie;2012/'13;2;1;0;1;0;0;2;0;0;0;0;1;0;1;0
2800;Totaal mannen en vrouwen;25 tot 30 jaar;Sector landbouw;J Informatie en communicatie;2013/'14;0;0;0;0;0;0;0;0;0;0;0;0;0;0;0
2801;Totaal mannen en vrouwen;25 tot 30 jaar;Sector landbouw;J Informatie en communicatie;2014/'15;0;0;0;0;0;0;0;0;0;0;0;0;0;0;0
2802;Totaal mannen en vrouwen;25 tot 30 jaar;Sector landbouw;J Informatie en communicatie;2015/'16;0;0;0;0;0;0;0;0;0;0;0;0;0;0;0
2803;Totaal mannen en vrouwen;25 tot 30 jaar;Sector landbouw;J Informatie en communicatie;2016/'17;1;0;1;0;0;0;1;0;0;0;0;0;1;0;0
2804;Totaal mannen en vrouwen;25 tot 30 jaar;Sector landbouw;J Informatie en communicatie;2017/'18;0;0;0;0;0;0;0;0;0;0;0;0;0;0;0
2805;Totaal mannen en vrouwen;25 tot 30 jaar;Sector landbouw;J Informatie en communicatie;2018/'19;1;0;0;1;0;0;1;0;0;0;0;0;0;1;0
2806;Totaal mannen en vrouwen;25 tot 30 jaar;Sector landbouw;J Informatie en communicatie;2019/'20;0;0;0;0;0;0;0;0;0;0;0;0;0;0;0
2807;Totaal mannen en vrouwen;25 tot 30 jaar;Sector landbouw;J Informatie en communicatie;2020/'21;0;0;0;0;0;0;0;0;0;0;0;0;0;0;0
2808;Totaal mannen en vrouwen;25 tot 30 jaar;Sector landbouw;K Financiële dienstverlening;2009/'10;0;0;0;0;0;0;0;0;0;0;0;0;0;0;0
2809;Totaal mannen en vrouwen;25 tot 30 jaar;Sector landbouw;K Financiële dienstverlening;2010/'11;0;0;0;0;0;0;0;0;0;0;0;0;0;0;0
2810;Totaal mannen en vrouwen;25 tot 30 jaar;Sector landbouw;K Financiële dienstverlening;2011/'12;2;0;2;0;0;0;2;0;0;0;0;0;2;0;0
2811;Totaal mannen en vrouwen;25 tot 30 jaar;Sector landbouw;K Financiële dienstverlening;2012/'13;0;0;0;0;0;0;0;0;0;0;0;0;0;0;0
2812;Totaal mannen en vrouwen;25 tot 30 jaar;Sector landbouw;K Financiële dienstverlening;2013/'14;0;0;0;0;0;0;0;0;0;0;0;0;0;0;0
2813;Totaal mannen en vrouwen;25 tot 30 jaar;Sector landbouw;K Financiële dienstverlening;2014/'15;1;0;1;0;0;0;1;0;0;0;0;0;1;0;0
2814;Totaal mannen en vrouwen;25 tot 30 jaar;Sector landbouw;K Financiële dienstverlening;2015/'16;0;0;0;0;0;0;0;0;0;0;0;0;0;0;0
2815;Totaal mannen en vrouwen;25 tot 30 jaar;Sector landbouw;K Financiële dienstverlening;2016/'17;0;0;0;0;0;0;0;0;0;0;0;0;0;0;0
2816;Totaal mannen en vrouwen;25 tot 30 jaar;Sector landbouw;K Financiële dienstverlening;2017/'18;0;0;0;0;0;0;0;0;0;0;0;0;0;0;0
2817;Totaal mannen en vrouwen;25 tot 30 jaar;Sector landbouw;K Financiële dienstverlening;2018/'19;1;0;0;1;0;0;1;0;0;0;0;0;0;1;0
2818;Totaal mannen en vrouwen;25 tot 30 jaar;Sector landbouw;K Financiële dienstverlening;2019/'20;0;0;0;0;0;0;0;0;0;0;0;0;0;0;0
2819;Totaal mannen en vrouwen;25 tot 30 jaar;Sector landbouw;K Financiële dienstverlening;2020/'21;0;0;0;0;0;0;0;0;0;0;0;0;0;0;0
2820;Totaal mannen en vrouwen;25 tot 30 jaar;Sector landbouw;L Verhuur en handel van onroerend goed;2009/'10;1;1;0;0;0;0;1;0;0;0;0;1;0;0;0
2821;Totaal mannen en vrouwen;25 tot 30 jaar;Sector landbouw;L Verhuur en handel van onroerend goed;2010/'11;0;0;0;0;0;0;0;0;0;0;0;0;0;0;0
2822;Totaal mannen en vrouwen;25 tot 30 jaar;Sector landbouw;L Verhuur en handel van onroerend goed;2011/'12;0;0;0;0;0;0;0;0;0;0;0;0;0;0;0
2823;Totaal mannen en vrouwen;25 tot 30 jaar;Sector landbouw;L Verhuur en handel van onroerend goed;2012/'13;0;0;0;0;0;0;0;0;0;0;0;0;0;0;0
2824;Totaal mannen en vrouwen;25 tot 30 jaar;Sector landbouw;L Verhuur en handel van onroerend goed;2013/'14;1;0;1;0;0;0;1;0;0;0;0;0;1;0;0
2825;Totaal mannen en vrouwen;25 tot 30 jaar;Sector landbouw;L Verhuur en handel van onroerend goed;2014/'15;0;0;0;0;0;0;0;0;0;0;0;0;0;0;0
2826;Totaal mannen en vrouwen;25 tot 30 jaar;Sector landbouw;L Verhuur en handel van onroerend goed;2015/'16;0;0;0;0;0;0;0;0;0;0;0;0;0;0;0
2827;Totaal mannen en vrouwen;25 tot 30 jaar;Sector landbouw;L Verhuur en handel van onroerend goed;2016/'17;0;0;0;0;0;0;0;0;0;0;0;0;0;0;0
2828;Totaal mannen en vrouwen;25 tot 30 jaar;Sector landbouw;L Verhuur en handel van onroerend goed;2017/'18;0;0;0;0;0;0;0;0;0;0;0;0;0;0;0
2829;Totaal mannen en vrouwen;25 tot 30 jaar;Sector landbouw;L Verhuur en handel van onroerend goed;2018/'19;0;0;0;0;0;0;0;0;0;0;0;0;0;0;0
2830;Totaal mannen en vrouwen;25 tot 30 jaar;Sector landbouw;L Verhuur en handel van onroerend goed;2019/'20;0;0;0;0;0;0;0;0;0;0;0;0;0;0;0
2831;Totaal mannen en vrouwen;25 tot 30 jaar;Sector landbouw;L Verhuur en handel van onroerend goed;2020/'21;0;0;0;0;0;0;0;0;0;0;0;0;0;0;0
2832;Totaal mannen en vrouwen;25 tot 30 jaar;Sector landbouw;M-N Zakelijke dienstverlening;2009/'10;79;22;31;15;11;7;72;0;1;0;6;22;30;15;5
2833;Totaal mannen en vrouwen;25 tot 30 jaar;Sector landbouw;M-N Zakelijke dienstverlening;2010/'11;65;26;20;13;6;4;61;1;0;0;3;25;20;13;3
2834;Totaal mannen en vrouwen;25 tot 30 jaar;Sector landbouw;M-N Zakelijke dienstverlening;2011/'12;64;33;15;13;3;2;62;1;0;0;1;32;15;13;2
2835;Totaal mannen en vrouwen;25 tot 30 jaar;Sector landbouw;M-N Zakelijke dienstverlening;2012/'13;98;63;15;15;5;4;94;0;0;1;3;63;15;14;2
2836;Totaal mannen en vrouwen;25 tot 30 jaar;Sector landbouw;M-N Zakelijke dienstverlening;2013/'14;27;8;9;8;2;3;24;0;1;0;2;8;8;8;0
2837;Totaal mannen en vrouwen;25 tot 30 jaar;Sector landbouw;M-N Zakelijke dienstverlening;2014/'15;29;12;11;2;4;1;28;0;0;0;1;12;11;2;3
2838;Totaal mannen en vrouwen;25 tot 30 jaar;Sector landbouw;M-N Zakelijke dienstverlening;2015/'16;13;2;4;4;3;2;11;0;0;0;2;2;4;4;1
2839;Totaal mannen en vrouwen;25 tot 30 jaar;Sector landbouw;M-N Zakelijke dienstverlening;2016/'17;25;5;14;3;3;1;24;0;0;0;1;5;14;3;2
2840;Totaal mannen en vrouwen;25 tot 30 jaar;Sector landbouw;M-N Zakelijke dienstverlening;2017/'18;18;0;9;7;2;0;18;0;0;0;0;0;9;7;2
2841;Totaal mannen en vrouwen;25 tot 30 jaar;Sector landbouw;M-N Zakelijke dienstverlening;2018/'19;9;0;2;6;1;1;8;0;0;0;1;0;2;6;0
2842;Totaal mannen en vrouwen;25 tot 30 jaar;Sector landbouw;M-N Zakelijke dienstverlening;2019/'20;11;0;2;6;3;0;11;0;0;0;0;0;2;6;3
2843;Totaal mannen en vrouwen;25 tot 30 jaar;Sector landbouw;M-N Zakelijke dienstverlening;2020/'21;42;38;0;2;2;1;41;0;0;0;1;38;0;2;1
2844;Totaal mannen en vrouwen;25 tot 30 jaar;Sector landbouw;O-Q Overheid en zorg;2009/'10;13;2;4;6;1;1;12;0;0;0;1;2;4;6;0
2845;Totaal mannen en vrouwen;25 tot 30 jaar;Sector landbouw;O-Q Overheid en zorg;2010/'11;8;1;4;3;0;0;8;0;0;0;0;1;4;3;0
2846;Totaal mannen en vrouwen;25 tot 30 jaar;Sector landbouw;O-Q Overheid en zorg;2011/'12;22;6;4;8;4;2;20;0;0;0;2;6;4;8;2
2847;Totaal mannen en vrouwen;25 tot 30 jaar;Sector landbouw;O-Q Overheid en zorg;2012/'13;11;1;4;4;2;2;9;0;0;2;0;1;4;2;2
2848;Totaal mannen en vrouwen;25 tot 30 jaar;Sector landbouw;O-Q Overheid en zorg;2013/'14;8;1;3;1;3;4;4;0;0;1;3;1;3;0;0
2849;Totaal mannen en vrouwen;25 tot 30 jaar;Sector landbouw;O-Q Overheid en zorg;2014/'15;4;0;3;1;0;0;4;0;0;0;0;0;3;1;0
2850;Totaal mannen en vrouwen;25 tot 30 jaar;Sector landbouw;O-Q Overheid en zorg;2015/'16;3;0;1;1;1;1;2;0;0;0;1;0;1;1;0
2851;Totaal mannen en vrouwen;25 tot 30 jaar;Sector landbouw;O-Q Overheid en zorg;2016/'17;3;0;1;1;1;0;3;0;0;0;0;0;1;1;1
2852;Totaal mannen en vrouwen;25 tot 30 jaar;Sector landbouw;O-Q Overheid en zorg;2017/'18;5;0;2;0;3;0;5;0;0;0;0;0;2;0;3
2853;Totaal mannen en vrouwen;25 tot 30 jaar;Sector landbouw;O-Q Overheid en zorg;2018/'19;3;0;1;2;0;0;3;0;0;0;0;0;1;2;0
2854;Totaal mannen en vrouwen;25 tot 30 jaar;Sector landbouw;O-Q Overheid en zorg;2019/'20;1;0;0;1;0;0;1;0;0;0;0;0;0;1;0
2855;Totaal mannen en vrouwen;25 tot 30 jaar;Sector landbouw;O-Q Overheid en zorg;2020/'21;3;0;0;1;2;2;1;0;0;0;2;0;0;1;0
2856;Totaal mannen en vrouwen;25 tot 30 jaar;Sector landbouw;R-U Cultuur, recreatie, overige diensten;2009/'10;14;4;5;3;2;2;12;0;0;0;2;4;5;3;0
2857;Totaal mannen en vrouwen;25 tot 30 jaar;Sector landbouw;R-U Cultuur, recreatie, overige diensten;2010/'11;6;2;2;0;2;1;5;0;0;0;1;2;2;0;1
2858;Totaal mannen en vrouwen;25 tot 30 jaar;Sector landbouw;R-U Cultuur, recreatie, overige diensten;2011/'12;6;3;2;0;1;0;6;0;0;0;0;3;2;0;1
2859;Totaal mannen en vrouwen;25 tot 30 jaar;Sector landbouw;R-U Cultuur, recreatie, overige diensten;2012/'13;4;1;3;0;0;0;4;0;0;0;0;1;3;0;0
2860;Totaal mannen en vrouwen;25 tot 30 jaar;Sector landbouw;R-U Cultuur, recreatie, overige diensten;2013/'14;4;0;0;1;3;4;0;0;0;1;3;0;0;0;0
2861;Totaal mannen en vrouwen;25 tot 30 jaar;Sector landbouw;R-U Cultuur, recreatie, overige diensten;2014/'15;2;0;0;1;1;1;1;0;0;1;0;0;0;0;1
2862;Totaal mannen en vrouwen;25 tot 30 jaar;Sector landbouw;R-U Cultuur, recreatie, overige diensten;2015/'16;3;0;2;1;0;0;3;0;0;0;0;0;2;1;0
2863;Totaal mannen en vrouwen;25 tot 30 jaar;Sector landbouw;R-U Cultuur, recreatie, overige diensten;2016/'17;2;0;1;0;1;0;2;0;0;0;0;0;1;0;1
2864;Totaal mannen en vrouwen;25 tot 30 jaar;Sector landbouw;R-U Cultuur, recreatie, overige diensten;2017/'18;3;0;0;1;2;0;3;0;0;0;0;0;0;1;2
2865;Totaal mannen en vrouwen;25 tot 30 jaar;Sector landbouw;R-U Cultuur, recreatie, overige diensten;2018/'19;3;0;0;3;0;0;3;0;0;0;0;0;0;3;0
2866;Totaal mannen en vrouwen;25 tot 30 jaar;Sector landbouw;R-U Cultuur, recreatie, overige diensten;2019/'20;2;0;0;2;0;0;2;0;0;0;0;0;0;2;0
2867;Totaal mannen en vrouwen;25 tot 30 jaar;Sector landbouw;R-U Cultuur, recreatie, overige diensten;2020/'21;1;0;0;1;0;0;1;0;0;0;0;0;0;1;0
2868;Totaal mannen en vrouwen;25 tot 30 jaar;Sector landbouw;SBI-code onbekend;2009/'10;4;0;2;1;1;1;3;0;1;0;0;0;1;1;1
2869;Totaal mannen en vrouwen;25 tot 30 jaar;Sector landbouw;SBI-code onbekend;2010/'11;4;2;0;1;1;1;3;0;0;0;1;2;0;1;0
2870;Totaal mannen en vrouwen;25 tot 30 jaar;Sector landbouw;SBI-code onbekend;2011/'12;2;0;1;1;0;0;2;0;0;0;0;0;1;1;0
2871;Totaal mannen en vrouwen;25 tot 30 jaar;Sector landbouw;SBI-code onbekend;2012/'13;1;0;1;0;0;0;1;0;0;0;0;0;1;0;0
2872;Totaal mannen en vrouwen;25 tot 30 jaar;Sector landbouw;SBI-code onbekend;2013/'14;1;0;1;0;0;0;1;0;0;0;0;0;1;0;0
2873;Totaal mannen en vrouwen;25 tot 30 jaar;Sector landbouw;SBI-code onbekend;2014/'15;0;0;0;0;0;0;0;0;0;0;0;0;0;0;0
2874;Totaal mannen en vrouwen;25 tot 30 jaar;Sector landbouw;SBI-code onbekend;2015/'16;0;0;0;0;0;0;0;0;0;0;0;0;0;0;0
2875;Totaal mannen en vrouwen;25 tot 30 jaar;Sector landbouw;SBI-code onbekend;2016/'17;0;0;0;0;0;0;0;0;0;0;0;0;0;0;0
2876;Totaal mannen en vrouwen;25 tot 30 jaar;Sector landbouw;SBI-code onbekend;2017/'18;1;0;1;0;0;0;1;0;0;0;0;0;1;0;0
2877;Totaal mannen en vrouwen;25 tot 30 jaar;Sector landbouw;SBI-code onbekend;2018/'19;0;0;0;0;0;0;0;0;0;0;0;0;0;0;0
2878;Totaal mannen en vrouwen;25 tot 30 jaar;Sector landbouw;SBI-code onbekend;2019/'20;1;0;1;0;0;0;1;0;0;0;0;0;1;0;0
2879;Totaal mannen en vrouwen;25 tot 30 jaar;Sector landbouw;SBI-code onbekend;2020/'21;1;0;1;0;0;0;1;0;0;0;0;0;1;0;0
2880;Totaal mannen en vrouwen;25 tot 30 jaar;Sector economie;A-U Alle economische activiteiten;2009/'10;1289;114;598;323;254;159;1130;4;69;32;54;110;529;291;200
2881;Totaal mannen en vrouwen;25 tot 30 jaar;Sector economie;A-U Alle economische activiteiten;2010/'11;927;75;417;280;155;157;770;10;56;36;55;65;361;244;100
2882;Totaal mannen en vrouwen;25 tot 30 jaar;Sector economie;A-U Alle economische activiteiten;2011/'12;711;76;343;180;112;81;630;6;27;24;24;70;316;156;88
2883;Totaal mannen en vrouwen;25 tot 30 jaar;Sector economie;A-U Alle economische activiteiten;2012/'13;522;52;221;153;96;85;437;3;20;39;23;49;201;114;73
2884;Totaal mannen en vrouwen;25 tot 30 jaar;Sector economie;A-U Alle economische activiteiten;2013/'14;268;20;112;67;69;44;224;1;23;7;13;19;89;60;56
2885;Totaal mannen en vrouwen;25 tot 30 jaar;Sector economie;A-U Alle economische activiteiten;2014/'15;209;2;69;65;73;38;171;0;11;4;23;2;58;61;50
2886;Totaal mannen en vrouwen;25 tot 30 jaar;Sector economie;A-U Alle economische activiteiten;2015/'16;173;5;53;56;59;24;149;2;2;2;18;3;51;54;41
2887;Totaal mannen en vrouwen;25 tot 30 jaar;Sector economie;A-U Alle economische activiteiten;2016/'17;157;0;64;40;53;23;134;0;3;2;18;0;61;38;35
2888;Totaal mannen en vrouwen;25 tot 30 jaar;Sector economie;A-U Alle economische activiteiten;2017/'18;130;0;47;28;55;23;107;0;0;1;22;0;47;27;33
2889;Totaal mannen en vrouwen;25 tot 30 jaar;Sector economie;A-U Alle economische activiteiten;2018/'19;163;0;66;36;61;22;141;0;4;4;14;0;62;32;47
2890;Totaal mannen en vrouwen;25 tot 30 jaar;Sector economie;A-U Alle economische activiteiten;2019/'20;183;0;64;44;75;59;124;0;10;15;34;0;54;29;41
2891;Totaal mannen en vrouwen;25 tot 30 jaar;Sector economie;A-U Alle economische activiteiten;2020/'21;141;0;44;35;62;49;92;0;11;8;30;0;33;27;32
2892;Totaal mannen en vrouwen;25 tot 30 jaar;Sector economie;A Landbouw, bosbouw en visserij;2009/'10;6;0;5;1;0;0;6;0;0;0;0;0;5;1;0
2893;Totaal mannen en vrouwen;25 tot 30 jaar;Sector economie;A Landbouw, bosbouw en visserij;2010/'11;5;1;3;0;1;2;3;0;1;0;1;1;2;0;0
2894;Totaal mannen en vrouwen;25 tot 30 jaar;Sector economie;A Landbouw, bosbouw en visserij;2011/'12;2;0;2;0;0;0;2;0;0;0;0;0;2;0;0
2895;Totaal mannen en vrouwen;25 tot 30 jaar;Sector economie;A Landbouw, bosbouw en visserij;2012/'13;0;0;0;0;0;0;0;0;0;0;0;0;0;0;0
2896;Totaal mannen en vrouwen;25 tot 30 jaar;Sector economie;A Landbouw, bosbouw en visserij;2013/'14;0;0;0;0;0;0;0;0;0;0;0;0;0;0;0
2897;Totaal mannen en vrouwen;25 tot 30 jaar;Sector economie;A Landbouw, bosbouw en visserij;2014/'15;1;0;1;0;0;0;1;0;0;0;0;0;1;0;0
2898;Totaal mannen en vrouwen;25 tot 30 jaar;Sector economie;A Landbouw, bosbouw en visserij;2015/'16;0;0;0;0;0;0;0;0;0;0;0;0;0;0;0
2899;Totaal mannen en vrouwen;25 tot 30 jaar;Sector economie;A Landbouw, bosbouw en visserij;2016/'17;1;0;0;0;1;1;0;0;0;0;1;0;0;0;0
2900;Totaal mannen en vrouwen;25 tot 30 jaar;Sector economie;A Landbouw, bosbouw en visserij;2017/'18;0;0;0;0;0;0;0;0;0;0;0;0;0;0;0
2901;Totaal mannen en vrouwen;25 tot 30 jaar;Sector economie;A Landbouw, bosbouw en visserij;2018/'19;0;0;0;0;0;0;0;0;0;0;0;0;0;0;0
2902;Totaal mannen en vrouwen;25 tot 30 jaar;Sector economie;A Landbouw, bosbouw en visserij;2019/'20;1;0;1;0;0;0;1;0;0;0;0;0;1;0;0
2903;Totaal mannen en vrouwen;25 tot 30 jaar;Sector economie;A Landbouw, bosbouw en visserij;2020/'21;0;0;0;0;0;0;0;0;0;0;0;0;0;0;0
2904;Totaal mannen en vrouwen;25 tot 30 jaar;Sector economie;B-E Nijverheid (geen bouw) en energie;2009/'10;94;15;60;15;4;8;86;0;6;0;2;15;54;15;2
2905;Totaal mannen en vrouwen;25 tot 30 jaar;Sector economie;B-E Nijverheid (geen bouw) en energie;2010/'11;46;14;16;12;4;7;39;1;2;1;3;13;14;11;1
2906;Totaal mannen en vrouwen;25 tot 30 jaar;Sector economie;B-E Nijverheid (geen bouw) en energie;2011/'12;29;3;19;5;2;3;26;0;1;1;1;3;18;4;1
2907;Totaal mannen en vrouwen;25 tot 30 jaar;Sector economie;B-E Nijverheid (geen bouw) en energie;2012/'13;31;10;15;6;0;0;31;0;0;0;0;10;15;6;0
2908;Totaal mannen en vrouwen;25 tot 30 jaar;Sector economie;B-E Nijverheid (geen bouw) en energie;2013/'14;17;11;4;1;1;1;16;0;0;0;1;11;4;1;0
2909;Totaal mannen en vrouwen;25 tot 30 jaar;Sector economie;B-E Nijverheid (geen bouw) en energie;2014/'15;9;0;8;1;0;1;8;0;1;0;0;0;7;1;0
2910;Totaal mannen en vrouwen;25 tot 30 jaar;Sector economie;B-E Nijverheid (geen bouw) en energie;2015/'16;10;3;5;1;1;1;9;0;0;0;1;3;5;1;0
2911;Totaal mannen en vrouwen;25 tot 30 jaar;Sector economie;B-E Nijverheid (geen bouw) en energie;2016/'17;5;0;2;0;3;0;5;0;0;0;0;0;2;0;3
2912;Totaal mannen en vrouwen;25 tot 30 jaar;Sector economie;B-E Nijverheid (geen bouw) en energie;2017/'18;2;0;0;1;1;0;2;0;0;0;0;0;0;1;1
2913;Totaal mannen en vrouwen;25 tot 30 jaar;Sector economie;B-E Nijverheid (geen bouw) en energie;2018/'19;3;0;1;1;1;1;2;0;1;0;0;0;0;1;1
2914;Totaal mannen en vrouwen;25 tot 30 jaar;Sector economie;B-E Nijverheid (geen bouw) en energie;2019/'20;9;0;4;3;2;2;7;0;0;1;1;0;4;2;1
2915;Totaal mannen en vrouwen;25 tot 30 jaar;Sector economie;B-E Nijverheid (geen bouw) en energie;2020/'21;6;0;2;1;3;0;6;0;0;0;0;0;2;1;3
2916;Totaal mannen en vrouwen;25 tot 30 jaar;Sector economie;F Bouwnijverheid;2009/'10;15;0;12;1;2;4;11;0;2;1;1;0;10;0;1
2917;Totaal mannen en vrouwen;25 tot 30 jaar;Sector economie;F Bouwnijverheid;2010/'11;11;0;8;3;0;2;9;0;2;0;0;0;6;3;0
2918;Totaal mannen en vrouwen;25 tot 30 jaar;Sector economie;F Bouwnijverheid;2011/'12;9;0;8;1;0;0;9;0;0;0;0;0;8;1;0
2919;Totaal mannen en vrouwen;25 tot 30 jaar;Sector economie;F Bouwnijverheid;2012/'13;5;2;3;0;0;1;4;1;0;0;0;1;3;0;0
2920;Totaal mannen en vrouwen;25 tot 30 jaar;Sector economie;F Bouwnijverheid;2013/'14;0;0;0;0;0;0;0;0;0;0;0;0;0;0;0
2921;Totaal mannen en vrouwen;25 tot 30 jaar;Sector economie;F Bouwnijverheid;2014/'15;0;0;0;0;0;0;0;0;0;0;0;0;0;0;0
2922;Totaal mannen en vrouwen;25 tot 30 jaar;Sector economie;F Bouwnijverheid;2015/'16;2;0;1;1;0;0;2;0;0;0;0;0;1;1;0
2923;Totaal mannen en vrouwen;25 tot 30 jaar;Sector economie;F Bouwnijverheid;2016/'17;0;0;0;0;0;0;0;0;0;0;0;0;0;0;0
2924;Totaal mannen en vrouwen;25 tot 30 jaar;Sector economie;F Bouwnijverheid;2017/'18;0;0;0;0;0;0;0;0;0;0;0;0;0;0;0
2925;Totaal mannen en vrouwen;25 tot 30 jaar;Sector economie;F Bouwnijverheid;2018/'19;2;0;1;0;1;0;2;0;0;0;0;0;1;0;1
2926;Totaal mannen en vrouwen;25 tot 30 jaar;Sector economie;F Bouwnijverheid;2019/'20;1;0;1;0;0;0;1;0;0;0;0;0;1;0;0
2927;Totaal mannen en vrouwen;25 tot 30 jaar;Sector economie;F Bouwnijverheid;2020/'21;0;0;0;0;0;0;0;0;0;0;0;0;0;0;0
2928;Totaal mannen en vrouwen;25 tot 30 jaar;Sector economie;G-I Handel, vervoer en horeca;2009/'10;508;37;266;132;73;33;475;2;13;8;10;35;253;124;63
2929;Totaal mannen en vrouwen;25 tot 30 jaar;Sector economie;G-I Handel, vervoer en horeca;2010/'11;395;26;206;104;59;50;345;4;17;15;14;22;189;89;45
2930;Totaal mannen en vrouwen;25 tot 30 jaar;Sector economie;G-I Handel, vervoer en horeca;2011/'12;317;31;146;91;49;21;296;3;4;7;7;28;142;84;42
2931;Totaal mannen en vrouwen;25 tot 30 jaar;Sector economie;G-I Handel, vervoer en horeca;2012/'13;206;8;96;55;47;15;191;0;5;2;8;8;91;53;39
2932;Totaal mannen en vrouwen;25 tot 30 jaar;Sector economie;G-I Handel, vervoer en horeca;2013/'14;110;3;54;27;26;14;96;1;8;2;3;2;46;25;23
2933;Totaal mannen en vrouwen;25 tot 30 jaar;Sector economie;G-I Handel, vervoer en horeca;2014/'15;87;0;32;25;30;16;71;0;5;2;9;0;27;23;21
2934;Totaal mannen en vrouwen;25 tot 30 jaar;Sector economie;G-I Handel, vervoer en horeca;2015/'16;93;1;26;30;36;10;83;1;0;1;8;0;26;29;28
2935;Totaal mannen en vrouwen;25 tot 30 jaar;Sector economie;G-I Handel, vervoer en horeca;2016/'17;91;0;39;25;27;9;82;0;0;1;8;0;39;24;19
2936;Totaal mannen en vrouwen;25 tot 30 jaar;Sector economie;G-I Handel, vervoer en horeca;2017/'18;74;0;28;19;27;8;66;0;0;0;8;0;28;19;19
2937;Totaal mannen en vrouwen;25 tot 30 jaar;Sector economie;G-I Handel, vervoer en horeca;2018/'19;92;0;30;21;41;10;82;0;1;2;7;0;29;19;34
2938;Totaal mannen en vrouwen;25 tot 30 jaar;Sector economie;G-I Handel, vervoer en horeca;2019/'20;105;0;36;21;48;29;76;0;4;6;19;0;32;15;29
2939;Totaal mannen en vrouwen;25 tot 30 jaar;Sector economie;G-I Handel, vervoer en horeca;2020/'21;75;0;18;22;35;28;47;0;5;5;18;0;13;17;17
2940;Totaal mannen en vrouwen;25 tot 30 jaar;Sector economie;J Informatie en communicatie;2009/'10;40;0;6;15;19;5;35;0;2;1;2;0;4;14;17
2941;Totaal mannen en vrouwen;25 tot 30 jaar;Sector economie;J Informatie en communicatie;2010/'11;8;0;1;5;2;2;6;0;0;0;2;0;1;5;0
2942;Totaal mannen en vrouwen;25 tot 30 jaar;Sector economie;J Informatie en communicatie;2011/'12;12;0;0;8;4;1;11;0;0;1;0;0;0;7;4
2943;Totaal mannen en vrouwen;25 tot 30 jaar;Sector economie;J Informatie en communicatie;2012/'13;11;0;3;3;5;2;9;0;0;1;1;0;3;2;4
2944;Totaal mannen en vrouwen;25 tot 30 jaar;Sector economie;J Informatie en communicatie;2013/'14;2;0;0;0;2;1;1;0;0;0;1;0;0;0;1
2945;Totaal mannen en vrouwen;25 tot 30 jaar;Sector economie;J Informatie en communicatie;2014/'15;1;0;0;0;1;0;1;0;0;0;0;0;0;0;1
2946;Totaal mannen en vrouwen;25 tot 30 jaar;Sector economie;J Informatie en communicatie;2015/'16;3;0;0;1;2;2;1;0;0;0;2;0;0;1;0
2947;Totaal mannen en vrouwen;25 tot 30 jaar;Sector economie;J Informatie en communicatie;2016/'17;1;0;1;0;0;0;1;0;0;0;0;0;1;0;0
2948;Totaal mannen en vrouwen;25 tot 30 jaar;Sector economie;J Informatie en communicatie;2017/'18;0;0;0;0;0;0;0;0;0;0;0;0;0;0;0
2949;Totaal mannen en vrouwen;25 tot 30 jaar;Sector economie;J Informatie en communicatie;2018/'19;0;0;0;0;0;0;0;0;0;0;0;0;0;0;0
2950;Totaal mannen en vrouwen;25 tot 30 jaar;Sector economie;J Informatie en communicatie;2019/'20;3;0;0;1;2;0;3;0;0;0;0;0;0;1;2
2951;Totaal mannen en vrouwen;25 tot 30 jaar;Sector economie;J Informatie en communicatie;2020/'21;3;0;1;0;2;1;2;0;0;0;1;0;1;0;1
2952;Totaal mannen en vrouwen;25 tot 30 jaar;Sector economie;K Financiële dienstverlening;2009/'10;31;0;0;3;28;1;30;0;0;0;1;0;0;3;27
2953;Totaal mannen en vrouwen;25 tot 30 jaar;Sector economie;K Financiële dienstverlening;2010/'11;11;0;2;2;7;1;10;0;0;1;0;0;2;1;7
2954;Totaal mannen en vrouwen;25 tot 30 jaar;Sector economie;K Financiële dienstverlening;2011/'12;9;0;1;1;7;0;9;0;0;0;0;0;1;1;7
2955;Totaal mannen en vrouwen;25 tot 30 jaar;Sector economie;K Financiële dienstverlening;2012/'13;7;0;1;1;5;0;7;0;0;0;0;0;1;1;5
2956;Totaal mannen en vrouwen;25 tot 30 jaar;Sector economie;K Financiële dienstverlening;2013/'14;2;0;1;1;0;1;1;0;1;0;0;0;0;1;0
2957;Totaal mannen en vrouwen;25 tot 30 jaar;Sector economie;K Financiële dienstverlening;2014/'15;0;0;0;0;0;0;0;0;0;0;0;0;0;0;0
2958;Totaal mannen en vrouwen;25 tot 30 jaar;Sector economie;K Financiële dienstverlening;2015/'16;1;0;1;0;0;0;1;0;0;0;0;0;1;0;0
2959;Totaal mannen en vrouwen;25 tot 30 jaar;Sector economie;K Financiële dienstverlening;2016/'17;0;0;0;0;0;0;0;0;0;0;0;0;0;0;0
2960;Totaal mannen en vrouwen;25 tot 30 jaar;Sector economie;K Financiële dienstverlening;2017/'18;2;0;1;0;1;0;2;0;0;0;0;0;1;0;1
2961;Totaal mannen en vrouwen;25 tot 30 jaar;Sector economie;K Financiële dienstverlening;2018/'19;1;0;0;1;0;0;1;0;0;0;0;0;0;1;0
2962;Totaal mannen en vrouwen;25 tot 30 jaar;Sector economie;K Financiële dienstverlening;2019/'20;0;0;0;0;0;0;0;0;0;0;0;0;0;0;0
2963;Totaal mannen en vrouwen;25 tot 30 jaar;Sector economie;K Financiële dienstverlening;2020/'21;0;0;0;0;0;0;0;0;0;0;0;0;0;0;0
2964;Totaal mannen en vrouwen;25 tot 30 jaar;Sector economie;L Verhuur en handel van onroerend goed;2009/'10;6;0;2;3;1;0;6;0;0;0;0;0;2;3;1
2965;Totaal mannen en vrouwen;25 tot 30 jaar;Sector economie;L Verhuur en handel van onroerend goed;2010/'11;0;0;0;0;0;0;0;0;0;0;0;0;0;0;0
2966;Totaal mannen en vrouwen;25 tot 30 jaar;Sector economie;L Verhuur en handel van onroerend goed;2011/'12;2;0;2;0;0;0;2;0;0;0;0;0;2;0;0
2967;Totaal mannen en vrouwen;25 tot 30 jaar;Sector economie;L Verhuur en handel van onroerend goed;2012/'13;1;0;1;0;0;0;1;0;0;0;0;0;1;0;0
2968;Totaal mannen en vrouwen;25 tot 30 jaar;Sector economie;L Verhuur en handel van onroerend goed;2013/'14;1;0;1;0;0;1;0;0;1;0;0;0;0;0;0
2969;Totaal mannen en vrouwen;25 tot 30 jaar;Sector economie;L Verhuur en handel van onroerend goed;2014/'15;0;0;0;0;0;0;0;0;0;0;0;0;0;0;0
2970;Totaal mannen en vrouwen;25 tot 30 jaar;Sector economie;L Verhuur en handel van onroerend goed;2015/'16;0;0;0;0;0;0;0;0;0;0;0;0;0;0;0
2971;Totaal mannen en vrouwen;25 tot 30 jaar;Sector economie;L Verhuur en handel van onroerend goed;2016/'17;0;0;0;0;0;0;0;0;0;0;0;0;0;0;0
2972;Totaal mannen en vrouwen;25 tot 30 jaar;Sector economie;L Verhuur en handel van onroerend goed;2017/'18;0;0;0;0;0;0;0;0;0;0;0;0;0;0;0
2973;Totaal mannen en vrouwen;25 tot 30 jaar;Sector economie;L Verhuur en handel van onroerend goed;2018/'19;1;0;1;0;0;0;1;0;0;0;0;0;1;0;0
2974;Totaal mannen en vrouwen;25 tot 30 jaar;Sector economie;L Verhuur en handel van onroerend goed;2019/'20;1;0;0;0;1;0;1;0;0;0;0;0;0;0;1
2975;Totaal mannen en vrouwen;25 tot 30 jaar;Sector economie;L Verhuur en handel van onroerend goed;2020/'21;0;0;0;0;0;0;0;0;0;0;0;0;0;0;0
2976;Totaal mannen en vrouwen;25 tot 30 jaar;Sector economie;M-N Zakelijke dienstverlening;2009/'10;405;58;154;113;80;68;337;2;37;10;19;56;117;103;61
2977;Totaal mannen en vrouwen;25 tot 30 jaar;Sector economie;M-N Zakelijke dienstverlening;2010/'11;312;27;107;139;39;55;257;2;26;11;16;25;81;128;23
2978;Totaal mannen en vrouwen;25 tot 30 jaar;Sector economie;M-N Zakelijke dienstverlening;2011/'12;178;32;76;50;20;28;150;3;15;5;5;29;61;45;15
2979;Totaal mannen en vrouwen;25 tot 30 jaar;Sector economie;M-N Zakelijke dienstverlening;2012/'13;117;26;51;22;18;24;93;2;10;2;10;24;41;20;8
2980;Totaal mannen en vrouwen;25 tot 30 jaar;Sector economie;M-N Zakelijke dienstverlening;2013/'14;67;6;26;9;26;20;47;0;8;4;8;6;18;5;18
2981;Totaal mannen en vrouwen;25 tot 30 jaar;Sector economie;M-N Zakelijke dienstverlening;2014/'15;57;2;17;9;29;15;42;0;1;2;12;2;16;7;17
2982;Totaal mannen en vrouwen;25 tot 30 jaar;Sector economie;M-N Zakelijke dienstverlening;2015/'16;31;1;13;7;10;8;23;1;1;1;5;0;12;6;5
2983;Totaal mannen en vrouwen;25 tot 30 jaar;Sector economie;M-N Zakelijke dienstverlening;2016/'17;32;0;13;6;13;11;21;0;3;1;7;0;10;5;6
2984;Totaal mannen en vrouwen;25 tot 30 jaar;Sector economie;M-N Zakelijke dienstverlening;2017/'18;30;0;13;1;16;11;19;0;0;0;11;0;13;1;5
2985;Totaal mannen en vrouwen;25 tot 30 jaar;Sector economie;M-N Zakelijke dienstverlening;2018/'19;45;0;23;11;11;7;38;0;1;1;5;0;22;10;6
2986;Totaal mannen en vrouwen;25 tot 30 jaar;Sector economie;M-N Zakelijke dienstverlening;2019/'20;51;0;19;15;17;26;25;0;6;7;13;0;13;8;4
2987;Totaal mannen en vrouwen;25 tot 30 jaar;Sector economie;M-N Zakelijke dienstverlening;2020/'21;40;0;16;7;17;14;26;0;4;1;9;0;12;6;8
2988;Totaal mannen en vrouwen;25 tot 30 jaar;Sector economie;O-Q Overheid en zorg;2009/'10;146;4;78;28;36;32;114;0;5;12;15;4;73;16;21
2989;Totaal mannen en vrouwen;25 tot 30 jaar;Sector economie;O-Q Overheid en zorg;2010/'11;107;6;56;9;36;30;77;3;5;5;17;3;51;4;19
2990;Totaal mannen en vrouwen;25 tot 30 jaar;Sector economie;O-Q Overheid en zorg;2011/'12;106;0;66;21;19;22;84;0;5;10;7;0;61;11;12
2991;Totaal mannen en vrouwen;25 tot 30 jaar;Sector economie;O-Q Overheid en zorg;2012/'13;118;0;37;65;16;37;81;0;2;34;1;0;35;31;15
2992;Totaal mannen en vrouwen;25 tot 30 jaar;Sector economie;O-Q Overheid en zorg;2013/'14;58;0;19;28;11;3;55;0;2;1;0;0;17;27;11
2993;Totaal mannen en vrouwen;25 tot 30 jaar;Sector economie;O-Q Overheid en zorg;2014/'15;46;0;6;30;10;3;43;0;1;0;2;0;5;30;8
2994;Totaal mannen en vrouwen;25 tot 30 jaar;Sector economie;O-Q Overheid en zorg;2015/'16;28;0;5;14;9;3;25;0;1;0;2;0;4;14;7
2995;Totaal mannen en vrouwen;25 tot 30 jaar;Sector economie;O-Q Overheid en zorg;2016/'17;22;0;7;8;7;1;21;0;0;0;1;0;7;8;6
2996;Totaal mannen en vrouwen;25 tot 30 jaar;Sector economie;O-Q Overheid en zorg;2017/'18;15;0;3;4;8;3;12;0;0;1;2;0;3;3;6
2997;Totaal mannen en vrouwen;25 tot 30 jaar;Sector economie;O-Q Overheid en zorg;2018/'19;11;0;6;0;5;1;10;0;0;0;1;0;6;0;4
2998;Totaal mannen en vrouwen;25 tot 30 jaar;Sector economie;O-Q Overheid en zorg;2019/'20;8;0;3;3;2;1;7;0;0;1;0;0;3;2;2
2999;Totaal mannen en vrouwen;25 tot 30 jaar;Sector economie;O-Q Overheid en zorg;2020/'21;13;0;4;4;5;5;8;0;1;2;2;0;3;2;3
3000;Totaal mannen en vrouwen;25 tot 30 jaar;Sector economie;R-U Cultuur, recreatie, overige diensten;2009/'10;28;0;8;11;9;6;22;0;3;0;3;0;5;11;6
3001;Totaal mannen en vrouwen;25 tot 30 jaar;Sector economie;R-U Cultuur, recreatie, overige diensten;2010/'11;19;1;5;6;7;5;14;0;0;3;2;1;5;3;5
3002;Totaal mannen en vrouwen;25 tot 30 jaar;Sector economie;R-U Cultuur, recreatie, overige diensten;2011/'12;36;10;15;1;10;4;32;0;1;0;3;10;14;1;7
3003;Totaal mannen en vrouwen;25 tot 30 jaar;Sector economie;R-U Cultuur, recreatie, overige diensten;2012/'13;20;6;10;1;3;4;16;0;2;0;2;6;8;1;1
3004;Totaal mannen en vrouwen;25 tot 30 jaar;Sector economie;R-U Cultuur, recreatie, overige diensten;2013/'14;6;0;3;1;2;1;5;0;1;0;0;0;2;1;2
3005;Totaal mannen en vrouwen;25 tot 30 jaar;Sector economie;R-U Cultuur, recreatie, overige diensten;2014/'15;4;0;2;0;2;1;3;0;1;0;0;0;1;0;2
3006;Totaal mannen en vrouwen;25 tot 30 jaar;Sector economie;R-U Cultuur, recreatie, overige diensten;2015/'16;4;0;2;1;1;0;4;0;0;0;0;0;2;1;1
3007;Totaal mannen en vrouwen;25 tot 30 jaar;Sector economie;R-U Cultuur, recreatie, overige diensten;2016/'17;5;0;2;1;2;1;4;0;0;0;1;0;2;1;1
3008;Totaal mannen en vrouwen;25 tot 30 jaar;Sector economie;R-U Cultuur, recreatie, overige diensten;2017/'18;6;0;2;2;2;1;5;0;0;0;1;0;2;2;1
3009;Totaal mannen en vrouwen;25 tot 30 jaar;Sector economie;R-U Cultuur, recreatie, overige diensten;2018/'19;7;0;4;2;1;2;5;0;1;1;0;0;3;1;1
3010;Totaal mannen en vrouwen;25 tot 30 jaar;Sector economie;R-U Cultuur, recreatie, overige diensten;2019/'20;4;0;0;1;3;1;3;0;0;0;1;0;0;1;2
3011;Totaal mannen en vrouwen;25 tot 30 jaar;Sector economie;R-U Cultuur, recreatie, overige diensten;2020/'21;3;0;3;0;0;1;2;0;1;0;0;0;2;0;0
3012;Totaal mannen en vrouwen;25 tot 30 jaar;Sector economie;SBI-code onbekend;2009/'10;10;0;7;1;2;2;8;0;1;0;1;0;6;1;1
3013;Totaal mannen en vrouwen;25 tot 30 jaar;Sector economie;SBI-code onbekend;2010/'11;13;0;13;0;0;3;10;0;3;0;0;0;10;0;0
3014;Totaal mannen en vrouwen;25 tot 30 jaar;Sector economie;SBI-code onbekend;2011/'12;11;0;8;2;1;2;9;0;1;0;1;0;7;2;0
3015;Totaal mannen en vrouwen;25 tot 30 jaar;Sector economie;SBI-code onbekend;2012/'13;6;0;4;0;2;2;4;0;1;0;1;0;3;0;1
3016;Totaal mannen en vrouwen;25 tot 30 jaar;Sector economie;SBI-code onbekend;2013/'14;5;0;4;0;1;2;3;0;2;0;0;0;2;0;1
3017;Totaal mannen en vrouwen;25 tot 30 jaar;Sector economie;SBI-code onbekend;2014/'15;4;0;3;0;1;2;2;0;2;0;0;0;1;0;1
3018;Totaal mannen en vrouwen;25 tot 30 jaar;Sector economie;SBI-code onbekend;2015/'16;1;0;0;1;0;0;1;0;0;0;0;0;0;1;0
3019;Totaal mannen en vrouwen;25 tot 30 jaar;Sector economie;SBI-code onbekend;2016/'17;0;0;0;0;0;0;0;0;0;0;0;0;0;0;0
3020;Totaal mannen en vrouwen;25 tot 30 jaar;Sector economie;SBI-code onbekend;2017/'18;1;0;0;1;0;0;1;0;0;0;0;0;0;1;0
3021;Totaal mannen en vrouwen;25 tot 30 jaar;Sector economie;SBI-code onbekend;2018/'19;1;0;0;0;1;1;0;0;0;0;1;0;0;0;0
3022;Totaal mannen en vrouwen;25 tot 30 jaar;Sector economie;SBI-code onbekend;2019/'20;0;0;0;0;0;0;0;0;0;0;0;0;0;0;0
3023;Totaal mannen en vrouwen;25 tot 30 jaar;Sector economie;SBI-code onbekend;2020/'21;1;0;0;1;0;0;1;0;0;0;0;0;0;1;0
3024;Totaal mannen en vrouwen;25 tot 30 jaar;Sector techniek;A-U Alle economische activiteiten;2009/'10;1195;182;697;176;140;115;1080;14;41;21;39;168;656;155;101
3025;Totaal mannen en vrouwen;25 tot 30 jaar;Sector techniek;A-U Alle economische activiteiten;2010/'11;921;125;510;156;130;117;804;3;35;21;58;122;475;135;72
3026;Totaal mannen en vrouwen;25 tot 30 jaar;Sector techniek;A-U Alle economische activiteiten;2011/'12;745;57;450;135;103;90;655;7;42;18;23;50;408;117;80
3027;Totaal mannen en vrouwen;25 tot 30 jaar;Sector techniek;A-U Alle economische activiteiten;2012/'13;515;77;266;91;81;69;446;10;21;14;24;67;245;77;57
3028;Totaal mannen en vrouwen;25 tot 30 jaar;Sector techniek;A-U Alle economische activiteiten;2013/'14;238;19;107;51;61;49;189;7;12;9;21;12;95;42;40
3029;Totaal mannen en vrouwen;25 tot 30 jaar;Sector techniek;A-U Alle economische activiteiten;2014/'15;215;45;60;46;64;69;146;26;7;13;23;19;53;33;41
3030;Totaal mannen en vrouwen;25 tot 30 jaar;Sector techniek;A-U Alle economische activiteiten;2015/'16;239;39;61;67;72;48;191;19;2;8;19;20;59;59;53
3031;Totaal mannen en vrouwen;25 tot 30 jaar;Sector techniek;A-U Alle economische activiteiten;2016/'17;196;0;57;68;71;33;163;0;3;6;24;0;54;62;47
3032;Totaal mannen en vrouwen;25 tot 30 jaar;Sector techniek;A-U Alle economische activiteiten;2017/'18;189;0;65;70;54;24;165;0;4;5;15;0;61;65;39
3033;Totaal mannen en vrouwen;25 tot 30 jaar;Sector techniek;A-U Alle economische activiteiten;2018/'19;267;0;77;96;94;37;230;0;6;6;25;0;71;90;69
3034;Totaal mannen en vrouwen;25 tot 30 jaar;Sector techniek;A-U Alle economische activiteiten;2019/'20;247;0;79;108;60;23;224;0;3;3;17;0;76;105;43
3035;Totaal mannen en vrouwen;25 tot 30 jaar;Sector techniek;A-U Alle economische activiteiten;2020/'21;212;0;69;79;64;26;186;0;1;6;19;0;68;73;45
3036;Totaal mannen en vrouwen;25 tot 30 jaar;Sector techniek;A Landbouw, bosbouw en visserij;2009/'10;4;0;3;1;0;2;2;0;2;0;0;0;1;1;0
3037;Totaal mannen en vrouwen;25 tot 30 jaar;Sector techniek;A Landbouw, bosbouw en visserij;2010/'11;5;1;3;0;1;0;5;0;0;0;0;1;3;0;1
3038;Totaal mannen en vrouwen;25 tot 30 jaar;Sector techniek;A Landbouw, bosbouw en visserij;2011/'12;6;0;5;1;0;0;6;0;0;0;0;0;5;1;0
3039;Totaal mannen en vrouwen;25 tot 30 jaar;Sector techniek;A Landbouw, bosbouw en visserij;2012/'13;1;0;1;0;0;0;1;0;0;0;0;0;1;0;0
3040;Totaal mannen en vrouwen;25 tot 30 jaar;Sector techniek;A Landbouw, bosbouw en visserij;2013/'14;0;0;0;0;0;0;0;0;0;0;0;0;0;0;0
3041;Totaal mannen en vrouwen;25 tot 30 jaar;Sector techniek;A Landbouw, bosbouw en visserij;2014/'15;2;0;1;1;0;1;1;0;0;1;0;0;1;0;0
3042;Totaal mannen en vrouwen;25 tot 30 jaar;Sector techniek;A Landbouw, bosbouw en visserij;2015/'16;0;0;0;0;0;0;0;0;0;0;0;0;0;0;0
3043;Totaal mannen en vrouwen;25 tot 30 jaar;Sector techniek;A Landbouw, bosbouw en visserij;2016/'17;2;0;2;0;0;0;2;0;0;0;0;0;2;0;0
3044;Totaal mannen en vrouwen;25 tot 30 jaar;Sector techniek;A Landbouw, bosbouw en visserij;2017/'18;1;0;0;0;1;1;0;0;0;0;1;0;0;0;0
3045;Totaal mannen en vrouwen;25 tot 30 jaar;Sector techniek;A Landbouw, bosbouw en visserij;2018/'19;1;0;0;1;0;0;1;0;0;0;0;0;0;1;0
3046;Totaal mannen en vrouwen;25 tot 30 jaar;Sector techniek;A Landbouw, bosbouw en visserij;2019/'20;2;0;0;1;1;0;2;0;0;0;0;0;0;1;1
3047;Totaal mannen en vrouwen;25 tot 30 jaar;Sector techniek;A Landbouw, bosbouw en visserij;2020/'21;2;0;1;0;1;0;2;0;0;0;0;0;1;0;1
3048;Totaal mannen en vrouwen;25 tot 30 jaar;Sector techniek;B-E Nijverheid (geen bouw) en energie;2009/'10;257;105;100;32;20;10;247;0;1;1;8;105;99;31;12
3049;Totaal mannen en vrouwen;25 tot 30 jaar;Sector techniek;B-E Nijverheid (geen bouw) en energie;2010/'11;185;80;67;26;12;6;179;0;1;1;4;80;66;25;8
3050;Totaal mannen en vrouwen;25 tot 30 jaar;Sector techniek;B-E Nijverheid (geen bouw) en energie;2011/'12;124;20;72;17;15;6;118;1;3;0;2;19;69;17;13
3051;Totaal mannen en vrouwen;25 tot 30 jaar;Sector techniek;B-E Nijverheid (geen bouw) en energie;2012/'13;80;25;37;8;10;6;74;1;2;0;3;24;35;8;7
3052;Totaal mannen en vrouwen;25 tot 30 jaar;Sector techniek;B-E Nijverheid (geen bouw) en energie;2013/'14;27;5;9;9;4;1;26;0;0;0;1;5;9;9;3
3053;Totaal mannen en vrouwen;25 tot 30 jaar;Sector techniek;B-E Nijverheid (geen bouw) en energie;2014/'15;23;9;7;4;3;4;19;2;0;0;2;7;7;4;1
3054;Totaal mannen en vrouwen;25 tot 30 jaar;Sector techniek;B-E Nijverheid (geen bouw) en energie;2015/'16;32;9;6;13;4;1;31;1;0;0;0;8;6;13;4
3055;Totaal mannen en vrouwen;25 tot 30 jaar;Sector techniek;B-E Nijverheid (geen bouw) en energie;2016/'17;26;0;9;7;10;2;24;0;0;0;2;0;9;7;8
3056;Totaal mannen en vrouwen;25 tot 30 jaar;Sector techniek;B-E Nijverheid (geen bouw) en energie;2017/'18;21;0;8;10;3;0;21;0;0;0;0;0;8;10;3
3057;Totaal mannen en vrouwen;25 tot 30 jaar;Sector techniek;B-E Nijverheid (geen bouw) en energie;2018/'19;33;0;12;13;8;1;32;0;0;1;0;0;12;12;8
3058;Totaal mannen en vrouwen;25 tot 30 jaar;Sector techniek;B-E Nijverheid (geen bouw) en energie;2019/'20;38;0;12;22;4;1;37;0;0;0;1;0;12;22;3
3059;Totaal mannen en vrouwen;25 tot 30 jaar;Sector techniek;B-E Nijverheid (geen bouw) en energie;2020/'21;29;0;8;16;5;1;28;0;0;1;0;0;8;15;5
3060;Totaal mannen en vrouwen;25 tot 30 jaar;Sector techniek;F Bouwnijverheid;2009/'10;175;2;108;42;23;2;173;0;2;0;0;2;106;42;23
3061;Totaal mannen en vrouwen;25 tot 30 jaar;Sector techniek;F Bouwnijverheid;2010/'11;115;2;81;20;12;6;109;0;2;0;4;2;79;20;8
3062;Totaal mannen en vrouwen;25 tot 30 jaar;Sector techniek;F Bouwnijverheid;2011/'12;93;2;59;21;11;1;92;0;0;0;1;2;59;21;10
3063;Totaal mannen en vrouwen;25 tot 30 jaar;Sector techniek;F Bouwnijverheid;2012/'13;47;3;30;9;5;2;45;0;2;0;0;3;28;9;5
3064;Totaal mannen en vrouwen;25 tot 30 jaar;Sector techniek;F Bouwnijverheid;2013/'14;22;1;11;4;6;0;22;0;0;0;0;1;11;4;6
3065;Totaal mannen en vrouwen;25 tot 30 jaar;Sector techniek;F Bouwnijverheid;2014/'15;11;0;7;3;1;2;9;0;1;0;1;0;6;3;0
3066;Totaal mannen en vrouwen;25 tot 30 jaar;Sector techniek;F Bouwnijverheid;2015/'16;15;2;8;3;2;0;15;0;0;0;0;2;8;3;2
3067;Totaal mannen en vrouwen;25 tot 30 jaar;Sector techniek;F Bouwnijverheid;2016/'17;7;0;2;2;3;1;6;0;0;0;1;0;2;2;2
3068;Totaal mannen en vrouwen;25 tot 30 jaar;Sector techniek;F Bouwnijverheid;2017/'18;8;0;6;1;1;0;8;0;0;0;0;0;6;1;1
3069;Totaal mannen en vrouwen;25 tot 30 jaar;Sector techniek;F Bouwnijverheid;2018/'19;23;0;12;6;5;0;23;0;0;0;0;0;12;6;5
3070;Totaal mannen en vrouwen;25 tot 30 jaar;Sector techniek;F Bouwnijverheid;2019/'20;12;0;7;2;3;0;12;0;0;0;0;0;7;2;3
3071;Totaal mannen en vrouwen;25 tot 30 jaar;Sector techniek;F Bouwnijverheid;2020/'21;18;0;14;2;2;0;18;0;0;0;0;0;14;2;2
3072;Totaal mannen en vrouwen;25 tot 30 jaar;Sector techniek;G-I Handel, vervoer en horeca;2009/'10;325;22;224;31;48;28;297;4;7;3;14;18;217;28;34
3073;Totaal mannen en vrouwen;25 tot 30 jaar;Sector techniek;G-I Handel, vervoer en horeca;2010/'11;257;10;164;29;54;36;221;1;14;6;15;9;150;23;39
3074;Totaal mannen en vrouwen;25 tot 30 jaar;Sector techniek;G-I Handel, vervoer en horeca;2011/'12;210;6;143;24;37;22;188;0;12;3;7;6;131;21;30
3075;Totaal mannen en vrouwen;25 tot 30 jaar;Sector techniek;G-I Handel, vervoer en horeca;2012/'13;151;8;94;21;28;20;131;1;6;3;10;7;88;18;18
3076;Totaal mannen en vrouwen;25 tot 30 jaar;Sector techniek;G-I Handel, vervoer en horeca;2013/'14;68;2;29;10;27;15;53;1;3;3;8;1;26;7;19
3077;Totaal mannen en vrouwen;25 tot 30 jaar;Sector techniek;G-I Handel, vervoer en horeca;2014/'15;69;11;14;12;32;22;47;8;2;2;10;3;12;10;22
3078;Totaal mannen en vrouwen;25 tot 30 jaar;Sector techniek;G-I Handel, vervoer en horeca;2015/'16;72;5;13;18;36;21;51;5;2;0;14;0;11;18;22
3079;Totaal mannen en vrouwen;25 tot 30 jaar;Sector techniek;G-I Handel, vervoer en horeca;2016/'17;57;0;10;19;28;15;42;0;1;3;11;0;9;16;17
3080;Totaal mannen en vrouwen;25 tot 30 jaar;Sector techniek;G-I Handel, vervoer en horeca;2017/'18;58;0;17;19;22;6;52;0;0;1;5;0;17;18;17
3081;Totaal mannen en vrouwen;25 tot 30 jaar;Sector techniek;G-I Handel, vervoer en horeca;2018/'19;84;0;15;28;41;14;70;0;1;0;13;0;14;28;28
3082;Totaal mannen en vrouwen;25 tot 30 jaar;Sector techniek;G-I Handel, vervoer en horeca;2019/'20;84;0;25;34;25;10;74;0;2;2;6;0;23;32;19
3083;Totaal mannen en vrouwen;25 tot 30 jaar;Sector techniek;G-I Handel, vervoer en horeca;2020/'21;77;0;13;36;28;17;60;0;1;5;11;0;12;31;17
3084;Totaal mannen en vrouwen;25 tot 30 jaar;Sector techniek;J Informatie en communicatie;2009/'10;8;0;5;1;2;1;7;0;0;0;1;0;5;1;1
3085;Totaal mannen en vrouwen;25 tot 30 jaar;Sector techniek;J Informatie en communicatie;2010/'11;4;1;0;0;3;3;1;0;0;0;3;1;0;0;0
3086;Totaal mannen en vrouwen;25 tot 30 jaar;Sector techniek;J Informatie en communicatie;2011/'12;5;1;3;1;0;2;3;0;1;1;0;1;2;0;0
3087;Totaal mannen en vrouwen;25 tot 30 jaar;Sector techniek;J Informatie en communicatie;2012/'13;2;0;0;0;2;1;1;0;0;0;1;0;0;0;1
3088;Totaal mannen en vrouwen;25 tot 30 jaar;Sector techniek;J Informatie en communicatie;2013/'14;0;0;0;0;0;0;0;0;0;0;0;0;0;0;0
3089;Totaal mannen en vrouwen;25 tot 30 jaar;Sector techniek;J Informatie en communicatie;2014/'15;0;0;0;0;0;0;0;0;0;0;0;0;0;0;0
3090;Totaal mannen en vrouwen;25 tot 30 jaar;Sector techniek;J Informatie en communicatie;2015/'16;4;1;1;1;1;1;3;1;0;0;0;0;1;1;1
3091;Totaal mannen en vrouwen;25 tot 30 jaar;Sector techniek;J Informatie en communicatie;2016/'17;3;0;1;0;2;1;2;0;0;0;1;0;1;0;1
3092;Totaal mannen en vrouwen;25 tot 30 jaar;Sector techniek;J Informatie en communicatie;2017/'18;0;0;0;0;0;0;0;0;0;0;0;0;0;0;0
3093;Totaal mannen en vrouwen;25 tot 30 jaar;Sector techniek;J Informatie en communicatie;2018/'19;3;0;0;1;2;0;3;0;0;0;0;0;0;1;2
3094;Totaal mannen en vrouwen;25 tot 30 jaar;Sector techniek;J Informatie en communicatie;2019/'20;3;0;0;3;0;0;3;0;0;0;0;0;0;3;0
3095;Totaal mannen en vrouwen;25 tot 30 jaar;Sector techniek;J Informatie en communicatie;2020/'21;4;0;2;0;2;1;3;0;0;0;1;0;2;0;1
3096;Totaal mannen en vrouwen;25 tot 30 jaar;Sector techniek;K Financiële dienstverlening;2009/'10;6;2;4;0;0;1;5;0;1;0;0;2;3;0;0
3097;Totaal mannen en vrouwen;25 tot 30 jaar;Sector techniek;K Financiële dienstverlening;2010/'11;2;0;0;1;1;1;1;0;0;0;1;0;0;1;0
3098;Totaal mannen en vrouwen;25 tot 30 jaar;Sector techniek;K Financiële dienstverlening;2011/'12;2;0;2;0;0;1;1;0;1;0;0;0;1;0;0
3099;Totaal mannen en vrouwen;25 tot 30 jaar;Sector techniek;K Financiële dienstverlening;2012/'13;0;0;0;0;0;0;0;0;0;0;0;0;0;0;0
3100;Totaal mannen en vrouwen;25 tot 30 jaar;Sector techniek;K Financiële dienstverlening;2013/'14;0;0;0;0;0;0;0;0;0;0;0;0;0;0;0
3101;Totaal mannen en vrouwen;25 tot 30 jaar;Sector techniek;K Financiële dienstverlening;2014/'15;0;0;0;0;0;0;0;0;0;0;0;0;0;0;0
3102;Totaal mannen en vrouwen;25 tot 30 jaar;Sector techniek;K Financiële dienstverlening;2015/'16;3;0;0;1;2;0;3;0;0;0;0;0;0;1;2
3103;Totaal mannen en vrouwen;25 tot 30 jaar;Sector techniek;K Financiële dienstverlening;2016/'17;1;0;0;1;0;1;0;0;0;1;0;0;0;0;0
3104;Totaal mannen en vrouwen;25 tot 30 jaar;Sector techniek;K Financiële dienstverlening;2017/'18;1;0;1;0;0;0;1;0;0;0;0;0;1;0;0
3105;Totaal mannen en vrouwen;25 tot 30 jaar;Sector techniek;K Financiële dienstverlening;2018/'19;0;0;0;0;0;0;0;0;0;0;0;0;0;0;0
3106;Totaal mannen en vrouwen;25 tot 30 jaar;Sector techniek;K Financiële dienstverlening;2019/'20;1;0;0;1;0;0;1;0;0;0;0;0;0;1;0
3107;Totaal mannen en vrouwen;25 tot 30 jaar;Sector techniek;K Financiële dienstverlening;2020/'21;2;0;1;1;0;0;2;0;0;0;0;0;1;1;0
3108;Totaal mannen en vrouwen;25 tot 30 jaar;Sector techniek;L Verhuur en handel van onroerend goed;2009/'10;6;0;4;1;1;1;5;0;0;1;0;0;4;0;1
3109;Totaal mannen en vrouwen;25 tot 30 jaar;Sector techniek;L Verhuur en handel van onroerend goed;2010/'11;0;0;0;0;0;0;0;0;0;0;0;0;0;0;0
3110;Totaal mannen en vrouwen;25 tot 30 jaar;Sector techniek;L Verhuur en handel van onroerend goed;2011/'12;3;1;2;0;0;0;3;0;0;0;0;1;2;0;0
3111;Totaal mannen en vrouwen;25 tot 30 jaar;Sector techniek;L Verhuur en handel van onroerend goed;2012/'13;3;0;1;1;1;0;3;0;0;0;0;0;1;1;1
3112;Totaal mannen en vrouwen;25 tot 30 jaar;Sector techniek;L Verhuur en handel van onroerend goed;2013/'14;2;0;1;1;0;0;2;0;0;0;0;0;1;1;0
3113;Totaal mannen en vrouwen;25 tot 30 jaar;Sector techniek;L Verhuur en handel van onroerend goed;2014/'15;1;0;1;0;0;1;0;0;1;0;0;0;0;0;0
3114;Totaal mannen en vrouwen;25 tot 30 jaar;Sector techniek;L Verhuur en handel van onroerend goed;2015/'16;0;0;0;0;0;0;0;0;0;0;0;0;0;0;0
3115;Totaal mannen en vrouwen;25 tot 30 jaar;Sector techniek;L Verhuur en handel van onroerend goed;2016/'17;0;0;0;0;0;0;0;0;0;0;0;0;0;0;0
3116;Totaal mannen en vrouwen;25 tot 30 jaar;Sector techniek;L Verhuur en handel van onroerend goed;2017/'18;0;0;0;0;0;0;0;0;0;0;0;0;0;0;0
3117;Totaal mannen en vrouwen;25 tot 30 jaar;Sector techniek;L Verhuur en handel van onroerend goed;2018/'19;0;0;0;0;0;0;0;0;0;0;0;0;0;0;0
3118;Totaal mannen en vrouwen;25 tot 30 jaar;Sector techniek;L Verhuur en handel van onroerend goed;2019/'20;1;0;0;1;0;0;1;0;0;0;0;0;0;1;0
3119;Totaal mannen en vrouwen;25 tot 30 jaar;Sector techniek;L Verhuur en handel van onroerend goed;2020/'21;0;0;0;0;0;0;0;0;0;0;0;0;0;0;0
3120;Totaal mannen en vrouwen;25 tot 30 jaar;Sector techniek;M-N Zakelijke dienstverlening;2009/'10;286;49;171;39;27;34;252;10;11;4;9;39;160;35;18
3121;Totaal mannen en vrouwen;25 tot 30 jaar;Sector techniek;M-N Zakelijke dienstverlening;2010/'11;241;29;138;46;28;39;202;2;10;5;22;27;128;41;6
3122;Totaal mannen en vrouwen;25 tot 30 jaar;Sector techniek;M-N Zakelijke dienstverlening;2011/'12;196;23;121;36;16;29;167;5;15;5;4;18;106;31;12
3123;Totaal mannen en vrouwen;25 tot 30 jaar;Sector techniek;M-N Zakelijke dienstverlening;2012/'13;144;29;72;26;17;22;122;8;6;2;6;21;66;24;11
3124;Totaal mannen en vrouwen;25 tot 30 jaar;Sector techniek;M-N Zakelijke dienstverlening;2013/'14;81;10;45;13;13;22;59;5;7;2;8;5;38;11;5
3125;Totaal mannen en vrouwen;25 tot 30 jaar;Sector techniek;M-N Zakelijke dienstverlening;2014/'15;76;19;25;12;20;25;51;10;3;3;9;9;22;9;11
3126;Totaal mannen en vrouwen;25 tot 30 jaar;Sector techniek;M-N Zakelijke dienstverlening;2015/'16;78;22;28;17;11;18;60;12;0;2;4;10;28;15;7
3127;Totaal mannen en vrouwen;25 tot 30 jaar;Sector techniek;M-N Zakelijke dienstverlening;2016/'17;64;0;27;22;15;11;53;0;2;1;8;0;25;21;7
3128;Totaal mannen en vrouwen;25 tot 30 jaar;Sector techniek;M-N Zakelijke dienstverlening;2017/'18;62;0;23;20;19;10;52;0;3;0;7;0;20;20;12
3129;Totaal mannen en vrouwen;25 tot 30 jaar;Sector techniek;M-N Zakelijke dienstverlening;2018/'19;98;0;31;37;30;16;82;0;3;2;11;0;28;35;19
3130;Totaal mannen en vrouwen;25 tot 30 jaar;Sector techniek;M-N Zakelijke dienstverlening;2019/'20;76;0;29;28;19;10;66;0;1;0;9;0;28;28;10
3131;Totaal mannen en vrouwen;25 tot 30 jaar;Sector techniek;M-N Zakelijke dienstverlening;2020/'21;63;0;25;18;20;7;56;0;0;0;7;0;25;18;13
3132;Totaal mannen en vrouwen;25 tot 30 jaar;Sector techniek;O-Q Overheid en zorg;2009/'10;95;0;55;25;15;28;67;0;12;11;5;0;43;14;10
3133;Totaal mannen en vrouwen;25 tot 30 jaar;Sector techniek;O-Q Overheid en zorg;2010/'11;74;1;30;32;11;17;57;0;3;9;5;1;27;23;6
3134;Totaal mannen en vrouwen;25 tot 30 jaar;Sector techniek;O-Q Overheid en zorg;2011/'12;77;0;26;33;18;18;59;0;4;9;5;0;22;24;13
3135;Totaal mannen en vrouwen;25 tot 30 jaar;Sector techniek;O-Q Overheid en zorg;2012/'13;56;3;21;20;12;13;43;0;4;6;3;3;17;14;9
3136;Totaal mannen en vrouwen;25 tot 30 jaar;Sector techniek;O-Q Overheid en zorg;2013/'14;28;0;9;11;8;7;21;0;1;3;3;0;8;8;5
3137;Totaal mannen en vrouwen;25 tot 30 jaar;Sector techniek;O-Q Overheid en zorg;2014/'15;26;2;3;13;8;9;17;2;0;6;1;0;3;7;7
3138;Totaal mannen en vrouwen;25 tot 30 jaar;Sector techniek;O-Q Overheid en zorg;2015/'16;33;0;5;14;14;7;26;0;0;6;1;0;5;8;13
3139;Totaal mannen en vrouwen;25 tot 30 jaar;Sector techniek;O-Q Overheid en zorg;2016/'17;27;0;4;14;9;2;25;0;0;1;1;0;4;13;8
3140;Totaal mannen en vrouwen;25 tot 30 jaar;Sector techniek;O-Q Overheid en zorg;2017/'18;25;0;5;14;6;5;20;0;0;3;2;0;5;11;4
3141;Totaal mannen en vrouwen;25 tot 30 jaar;Sector techniek;O-Q Overheid en zorg;2018/'19;18;0;4;7;7;5;13;0;1;3;1;0;3;4;6
3142;Totaal mannen en vrouwen;25 tot 30 jaar;Sector techniek;O-Q Overheid en zorg;2019/'20;24;0;4;14;6;1;23;0;0;0;1;0;4;14;5
3143;Totaal mannen en vrouwen;25 tot 30 jaar;Sector techniek;O-Q Overheid en zorg;2020/'21;10;0;1;5;4;0;10;0;0;0;0;0;1;5;4
3144;Totaal mannen en vrouwen;25 tot 30 jaar;Sector techniek;R-U Cultuur, recreatie, overige diensten;2009/'10;6;1;4;0;1;3;3;0;2;0;1;1;2;0;0
3145;Totaal mannen en vrouwen;25 tot 30 jaar;Sector techniek;R-U Cultuur, recreatie, overige diensten;2010/'11;19;1;11;2;5;7;12;0;3;0;4;1;8;2;1
3146;Totaal mannen en vrouwen;25 tot 30 jaar;Sector techniek;R-U Cultuur, recreatie, overige diensten;2011/'12;15;4;7;0;4;7;8;1;3;0;3;3;4;0;1
3147;Totaal mannen en vrouwen;25 tot 30 jaar;Sector techniek;R-U Cultuur, recreatie, overige diensten;2012/'13;18;8;4;3;3;3;15;0;0;2;1;8;4;1;2
3148;Totaal mannen en vrouwen;25 tot 30 jaar;Sector techniek;R-U Cultuur, recreatie, overige diensten;2013/'14;6;1;0;2;3;3;3;1;0;1;1;0;0;1;2
3149;Totaal mannen en vrouwen;25 tot 30 jaar;Sector techniek;R-U Cultuur, recreatie, overige diensten;2014/'15;3;3;0;0;0;3;0;3;0;0;0;0;0;0;0
3150;Totaal mannen en vrouwen;25 tot 30 jaar;Sector techniek;R-U Cultuur, recreatie, overige diensten;2015/'16;2;0;0;0;2;0;2;0;0;0;0;0;0;0;2
3151;Totaal mannen en vrouwen;25 tot 30 jaar;Sector techniek;R-U Cultuur, recreatie, overige diensten;2016/'17;7;0;1;2;4;0;7;0;0;0;0;0;1;2;4
3152;Totaal mannen en vrouwen;25 tot 30 jaar;Sector techniek;R-U Cultuur, recreatie, overige diensten;2017/'18;11;0;5;5;1;2;9;0;1;1;0;0;4;4;1
3153;Totaal mannen en vrouwen;25 tot 30 jaar;Sector techniek;R-U Cultuur, recreatie, overige diensten;2018/'19;7;0;3;3;1;1;6;0;1;0;0;0;2;3;1
3154;Totaal mannen en vrouwen;25 tot 30 jaar;Sector techniek;R-U Cultuur, recreatie, overige diensten;2019/'20;1;0;0;0;1;0;1;0;0;0;0;0;0;0;1
3155;Totaal mannen en vrouwen;25 tot 30 jaar;Sector techniek;R-U Cultuur, recreatie, overige diensten;2020/'21;5;0;3;1;1;0;5;0;0;0;0;0;3;1;1
3156;Totaal mannen en vrouwen;25 tot 30 jaar;Sector techniek;SBI-code onbekend;2009/'10;27;1;19;4;3;5;22;0;3;1;1;1;16;3;2
3157;Totaal mannen en vrouwen;25 tot 30 jaar;Sector techniek;SBI-code onbekend;2010/'11;19;0;16;0;3;2;17;0;2;0;0;0;14;0;3
3158;Totaal mannen en vrouwen;25 tot 30 jaar;Sector techniek;SBI-code onbekend;2011/'12;14;0;10;2;2;4;10;0;3;0;1;0;7;2;1
3159;Totaal mannen en vrouwen;25 tot 30 jaar;Sector techniek;SBI-code onbekend;2012/'13;13;1;6;3;3;2;11;0;1;1;0;1;5;2;3
3160;Totaal mannen en vrouwen;25 tot 30 jaar;Sector techniek;SBI-code onbekend;2013/'14;4;0;3;1;0;1;3;0;1;0;0;0;2;1;0
3161;Totaal mannen en vrouwen;25 tot 30 jaar;Sector techniek;SBI-code onbekend;2014/'15;4;1;2;1;0;2;2;1;0;1;0;0;2;0;0
3162;Totaal mannen en vrouwen;25 tot 30 jaar;Sector techniek;SBI-code onbekend;2015/'16;0;0;0;0;0;0;0;0;0;0;0;0;0;0;0
3163;Totaal mannen en vrouwen;25 tot 30 jaar;Sector techniek;SBI-code onbekend;2016/'17;2;0;1;1;0;0;2;0;0;0;0;0;1;1;0
3164;Totaal mannen en vrouwen;25 tot 30 jaar;Sector techniek;SBI-code onbekend;2017/'18;2;0;0;1;1;0;2;0;0;0;0;0;0;1;1
3165;Totaal mannen en vrouwen;25 tot 30 jaar;Sector techniek;SBI-code onbekend;2018/'19;0;0;0;0;0;0;0;0;0;0;0;0;0;0;0
3166;Totaal mannen en vrouwen;25 tot 30 jaar;Sector techniek;SBI-code onbekend;2019/'20;5;0;2;2;1;1;4;0;0;1;0;0;2;1;1
3167;Totaal mannen en vrouwen;25 tot 30 jaar;Sector techniek;SBI-code onbekend;2020/'21;2;0;1;0;1;0;2;0;0;0;0;0;1;0;1
3168;Totaal mannen en vrouwen;25 tot 30 jaar;Sector zorg en welzijn;A-U Alle economische activiteiten;2009/'10;1075;27;197;452;399;343;732;9;89;116;129;18;108;336;270
3169;Totaal mannen en vrouwen;25 tot 30 jaar;Sector zorg en welzijn;A-U Alle economische activiteiten;2010/'11;844;32;147;321;344;248;596;10;53;77;108;22;94;244;236
3170;Totaal mannen en vrouwen;25 tot 30 jaar;Sector zorg en welzijn;A-U Alle economische activiteiten;2011/'12;635;21;119;262;233;184;451;9;50;64;61;12;69;198;172
3171;Totaal mannen en vrouwen;25 tot 30 jaar;Sector zorg en welzijn;A-U Alle economische activiteiten;2012/'13;512;17;120;174;201;115;397;11;51;20;33;6;69;154;168
3172;Totaal mannen en vrouwen;25 tot 30 jaar;Sector zorg en welzijn;A-U Alle economische activiteiten;2013/'14;264;13;60;69;122;82;182;7;30;13;32;6;30;56;90
3173;Totaal mannen en vrouwen;25 tot 30 jaar;Sector zorg en welzijn;A-U Alle economische activiteiten;2014/'15;157;3;24;51;79;56;101;2;18;9;27;1;6;42;52
3174;Totaal mannen en vrouwen;25 tot 30 jaar;Sector zorg en welzijn;A-U Alle economische activiteiten;2015/'16;149;5;20;44;80;37;112;2;11;2;22;3;9;42;58
3175;Totaal mannen en vrouwen;25 tot 30 jaar;Sector zorg en welzijn;A-U Alle economische activiteiten;2016/'17;155;1;11;32;111;37;118;1;5;2;29;0;6;30;82
3176;Totaal mannen en vrouwen;25 tot 30 jaar;Sector zorg en welzijn;A-U Alle economische activiteiten;2017/'18;193;0;6;79;108;30;163;0;1;9;20;0;5;70;88
3177;Totaal mannen en vrouwen;25 tot 30 jaar;Sector zorg en welzijn;A-U Alle economische activiteiten;2018/'19;223;0;21;75;127;32;191;0;4;9;19;0;17;66;108
3178;Totaal mannen en vrouwen;25 tot 30 jaar;Sector zorg en welzijn;A-U Alle economische activiteiten;2019/'20;261;0;37;59;165;53;208;0;12;8;33;0;25;51;132
3179;Totaal mannen en vrouwen;25 tot 30 jaar;Sector zorg en welzijn;A-U Alle economische activiteiten;2020/'21;282;0;38;78;166;45;237;0;11;7;27;0;27;71;139
3180;Totaal mannen en vrouwen;25 tot 30 jaar;Sector zorg en welzijn;A Landbouw, bosbouw en visserij;2009/'10;1;0;0;0;1;1;0;0;0;0;1;0;0;0;0
3181;Totaal mannen en vrouwen;25 tot 30 jaar;Sector zorg en welzijn;A Landbouw, bosbouw en visserij;2010/'11;2;0;0;0;2;0;2;0;0;0;0;0;0;0;2
3182;Totaal mannen en vrouwen;25 tot 30 jaar;Sector zorg en welzijn;A Landbouw, bosbouw en visserij;2011/'12;2;0;0;2;0;0;2;0;0;0;0;0;0;2;0
3183;Totaal mannen en vrouwen;25 tot 30 jaar;Sector zorg en welzijn;A Landbouw, bosbouw en visserij;2012/'13;1;0;0;1;0;0;1;0;0;0;0;0;0;1;0
3184;Totaal mannen en vrouwen;25 tot 30 jaar;Sector zorg en welzijn;A Landbouw, bosbouw en visserij;2013/'14;0;0;0;0;0;0;0;0;0;0;0;0;0;0;0
3185;Totaal mannen en vrouwen;25 tot 30 jaar;Sector zorg en welzijn;A Landbouw, bosbouw en visserij;2014/'15;0;0;0;0;0;0;0;0;0;0;0;0;0;0;0
3186;Totaal mannen en vrouwen;25 tot 30 jaar;Sector zorg en welzijn;A Landbouw, bosbouw en visserij;2015/'16;2;0;1;1;0;1;1;0;1;0;0;0;0;1;0
3187;Totaal mannen en vrouwen;25 tot 30 jaar;Sector zorg en welzijn;A Landbouw, bosbouw en visserij;2016/'17;3;0;0;0;3;0;3;0;0;0;0;0;0;0;3
3188;Totaal mannen en vrouwen;25 tot 30 jaar;Sector zorg en welzijn;A Landbouw, bosbouw en visserij;2017/'18;0;0;0;0;0;0;0;0;0;0;0;0;0;0;0
3189;Totaal mannen en vrouwen;25 tot 30 jaar;Sector zorg en welzijn;A Landbouw, bosbouw en visserij;2018/'19;4;0;0;2;2;1;3;0;0;0;1;0;0;2;1
3190;Totaal mannen en vrouwen;25 tot 30 jaar;Sector zorg en welzijn;A Landbouw, bosbouw en visserij;2019/'20;2;0;0;0;2;1;1;0;0;0;1;0;0;0;1
3191;Totaal mannen en vrouwen;25 tot 30 jaar;Sector zorg en welzijn;A Landbouw, bosbouw en visserij;2020/'21;0;0;0;0;0;0;0;0;0;0;0;0;0;0;0
3192;Totaal mannen en vrouwen;25 tot 30 jaar;Sector zorg en welzijn;B-E Nijverheid (geen bouw) en energie;2009/'10;54;1;20;17;16;15;39;0;7;3;5;1;13;14;11
3193;Totaal mannen en vrouwen;25 tot 30 jaar;Sector zorg en welzijn;B-E Nijverheid (geen bouw) en energie;2010/'11;36;4;8;16;8;10;26;0;2;4;4;4;6;12;4
3194;Totaal mannen en vrouwen;25 tot 30 jaar;Sector zorg en welzijn;B-E Nijverheid (geen bouw) en energie;2011/'12;25;3;4;13;5;13;12;2;2;5;4;1;2;8;1
3195;Totaal mannen en vrouwen;25 tot 30 jaar;Sector zorg en welzijn;B-E Nijverheid (geen bouw) en energie;2012/'13;12;1;6;4;1;3;9;1;1;1;0;0;5;3;1
3196;Totaal mannen en vrouwen;25 tot 30 jaar;Sector zorg en welzijn;B-E Nijverheid (geen bouw) en energie;2013/'14;7;2;3;1;1;1;6;0;1;0;0;2;2;1;1
3197;Totaal mannen en vrouwen;25 tot 30 jaar;Sector zorg en welzijn;B-E Nijverheid (geen bouw) en energie;2014/'15;2;0;0;0;2;1;1;0;0;0;1;0;0;0;1
3198;Totaal mannen en vrouwen;25 tot 30 jaar;Sector zorg en welzijn;B-E Nijverheid (geen bouw) en energie;2015/'16;2;1;0;0;1;0;2;0;0;0;0;1;0;0;1
3199;Totaal mannen en vrouwen;25 tot 30 jaar;Sector zorg en welzijn;B-E Nijverheid (geen bouw) en energie;2016/'17;3;0;0;0;3;2;1;0;0;0;2;0;0;0;1
3200;Totaal mannen en vrouwen;25 tot 30 jaar;Sector zorg en welzijn;B-E Nijverheid (geen bouw) en energie;2017/'18;4;0;0;1;3;1;3;0;0;0;1;0;0;1;2
3201;Totaal mannen en vrouwen;25 tot 30 jaar;Sector zorg en welzijn;B-E Nijverheid (geen bouw) en energie;2018/'19;4;0;0;1;3;1;3;0;0;0;1;0;0;1;2
3202;Totaal mannen en vrouwen;25 tot 30 jaar;Sector zorg en welzijn;B-E Nijverheid (geen bouw) en energie;2019/'20;10;0;0;1;9;1;9;0;0;0;1;0;0;1;8
3203;Totaal mannen en vrouwen;25 tot 30 jaar;Sector zorg en welzijn;B-E Nijverheid (geen bouw) en energie;2020/'21;9;0;0;3;6;1;8;0;0;0;1;0;0;3;5
3204;Totaal mannen en vrouwen;25 tot 30 jaar;Sector zorg en welzijn;F Bouwnijverheid;2009/'10;15;0;3;6;6;6;9;0;1;2;3;0;2;4;3
3205;Totaal mannen en vrouwen;25 tot 30 jaar;Sector zorg en welzijn;F Bouwnijverheid;2010/'11;12;0;1;5;6;4;8;0;0;2;2;0;1;3;4
3206;Totaal mannen en vrouwen;25 tot 30 jaar;Sector zorg en welzijn;F Bouwnijverheid;2011/'12;8;0;1;5;2;1;7;0;0;1;0;0;1;4;2
3207;Totaal mannen en vrouwen;25 tot 30 jaar;Sector zorg en welzijn;F Bouwnijverheid;2012/'13;4;0;1;3;0;0;4;0;0;0;0;0;1;3;0
3208;Totaal mannen en vrouwen;25 tot 30 jaar;Sector zorg en welzijn;F Bouwnijverheid;2013/'14;2;0;0;2;0;0;2;0;0;0;0;0;0;2;0
3209;Totaal mannen en vrouwen;25 tot 30 jaar;Sector zorg en welzijn;F Bouwnijverheid;2014/'15;5;0;0;4;1;1;4;0;0;1;0;0;0;3;1
3210;Totaal mannen en vrouwen;25 tot 30 jaar;Sector zorg en welzijn;F Bouwnijverheid;2015/'16;0;0;0;0;0;0;0;0;0;0;0;0;0;0;0
3211;Totaal mannen en vrouwen;25 tot 30 jaar;Sector zorg en welzijn;F Bouwnijverheid;2016/'17;2;0;0;0;2;1;1;0;0;0;1;0;0;0;1
3212;Totaal mannen en vrouwen;25 tot 30 jaar;Sector zorg en welzijn;F Bouwnijverheid;2017/'18;0;0;0;0;0;0;0;0;0;0;0;0;0;0;0
3213;Totaal mannen en vrouwen;25 tot 30 jaar;Sector zorg en welzijn;F Bouwnijverheid;2018/'19;2;0;0;0;2;0;2;0;0;0;0;0;0;0;2
3214;Totaal mannen en vrouwen;25 tot 30 jaar;Sector zorg en welzijn;F Bouwnijverheid;2019/'20;2;0;0;1;1;0;2;0;0;0;0;0;0;1;1
3215;Totaal mannen en vrouwen;25 tot 30 jaar;Sector zorg en welzijn;F Bouwnijverheid;2020/'21;0;0;0;0;0;0;0;0;0;0;0;0;0;0;0
3216;Totaal mannen en vrouwen;25 tot 30 jaar;Sector zorg en welzijn;G-I Handel, vervoer en horeca;2009/'10;227;3;37;107;80;71;156;0;17;29;25;3;20;78;55
3217;Totaal mannen en vrouwen;25 tot 30 jaar;Sector zorg en welzijn;G-I Handel, vervoer en horeca;2010/'11;202;4;43;85;70;61;141;1;20;17;23;3;23;68;47
3218;Totaal mannen en vrouwen;25 tot 30 jaar;Sector zorg en welzijn;G-I Handel, vervoer en horeca;2011/'12;133;4;16;57;56;46;87;3;13;11;19;1;3;46;37
3219;Totaal mannen en vrouwen;25 tot 30 jaar;Sector zorg en welzijn;G-I Handel, vervoer en horeca;2012/'13;115;4;22;40;49;31;84;4;10;6;11;0;12;34;38
3220;Totaal mannen en vrouwen;25 tot 30 jaar;Sector zorg en welzijn;G-I Handel, vervoer en horeca;2013/'14;55;1;11;8;35;29;26;1;8;3;17;0;3;5;18
3221;Totaal mannen en vrouwen;25 tot 30 jaar;Sector zorg en welzijn;G-I Handel, vervoer en horeca;2014/'15;34;2;6;5;21;18;16;2;4;2;10;0;2;3;11
3222;Totaal mannen en vrouwen;25 tot 30 jaar;Sector zorg en welzijn;G-I Handel, vervoer en horeca;2015/'16;29;0;3;5;21;11;18;0;3;0;8;0;0;5;13
3223;Totaal mannen en vrouwen;25 tot 30 jaar;Sector zorg en welzijn;G-I Handel, vervoer en horeca;2016/'17;48;0;4;8;36;17;31;0;3;0;14;0;1;8;22
3224;Totaal mannen en vrouwen;25 tot 30 jaar;Sector zorg en welzijn;G-I Handel, vervoer en horeca;2017/'18;58;0;0;26;32;15;43;0;0;6;9;0;0;20;23
3225;Totaal mannen en vrouwen;25 tot 30 jaar;Sector zorg en welzijn;G-I Handel, vervoer en horeca;2018/'19;65;0;6;22;37;12;53;0;4;3;5;0;2;19;32
3226;Totaal mannen en vrouwen;25 tot 30 jaar;Sector zorg en welzijn;G-I Handel, vervoer en horeca;2019/'20;91;0;10;23;58;16;75;0;3;2;11;0;7;21;47
3227;Totaal mannen en vrouwen;25 tot 30 jaar;Sector zorg en welzijn;G-I Handel, vervoer en horeca;2020/'21;108;0;15;28;65;23;85;0;7;1;15;0;8;27;50
3228;Totaal mannen en vrouwen;25 tot 30 jaar;Sector zorg en welzijn;J Informatie en communicatie;2009/'10;13;0;2;6;5;6;7;0;2;2;2;0;0;4;3
3229;Totaal mannen en vrouwen;25 tot 30 jaar;Sector zorg en welzijn;J Informatie en communicatie;2010/'11;6;0;1;2;3;1;5;0;1;0;0;0;0;2;3
3230;Totaal mannen en vrouwen;25 tot 30 jaar;Sector zorg en welzijn;J Informatie en communicatie;2011/'12;6;0;2;4;0;1;5;0;0;1;0;0;2;3;0
3231;Totaal mannen en vrouwen;25 tot 30 jaar;Sector zorg en welzijn;J Informatie en communicatie;2012/'13;5;0;0;0;5;2;3;0;0;0;2;0;0;0;3
3232;Totaal mannen en vrouwen;25 tot 30 jaar;Sector zorg en welzijn;J Informatie en communicatie;2013/'14;1;0;0;0;1;0;1;0;0;0;0;0;0;0;1
3233;Totaal mannen en vrouwen;25 tot 30 jaar;Sector zorg en welzijn;J Informatie en communicatie;2014/'15;2;0;0;0;2;0;2;0;0;0;0;0;0;0;2
3234;Totaal mannen en vrouwen;25 tot 30 jaar;Sector zorg en welzijn;J Informatie en communicatie;2015/'16;1;0;0;0;1;1;0;0;0;0;1;0;0;0;0
3235;Totaal mannen en vrouwen;25 tot 30 jaar;Sector zorg en welzijn;J Informatie en communicatie;2016/'17;1;0;0;0;1;0;1;0;0;0;0;0;0;0;1
3236;Totaal mannen en vrouwen;25 tot 30 jaar;Sector zorg en welzijn;J Informatie en communicatie;2017/'18;3;0;0;1;2;0;3;0;0;0;0;0;0;1;2
3237;Totaal mannen en vrouwen;25 tot 30 jaar;Sector zorg en welzijn;J Informatie en communicatie;2018/'19;3;0;0;1;2;0;3;0;0;0;0;0;0;1;2
3238;Totaal mannen en vrouwen;25 tot 30 jaar;Sector zorg en welzijn;J Informatie en communicatie;2019/'20;2;0;0;0;2;1;1;0;0;0;1;0;0;0;1
3239;Totaal mannen en vrouwen;25 tot 30 jaar;Sector zorg en welzijn;J Informatie en communicatie;2020/'21;4;0;0;1;3;0;4;0;0;0;0;0;0;1;3
3240;Totaal mannen en vrouwen;25 tot 30 jaar;Sector zorg en welzijn;K Financiële dienstverlening;2009/'10;14;0;1;8;5;5;9;0;1;2;2;0;0;6;3
3241;Totaal mannen en vrouwen;25 tot 30 jaar;Sector zorg en welzijn;K Financiële dienstverlening;2010/'11;10;0;1;2;7;4;6;0;0;1;3;0;1;1;4
3242;Totaal mannen en vrouwen;25 tot 30 jaar;Sector zorg en welzijn;K Financiële dienstverlening;2011/'12;11;0;1;2;8;2;9;0;0;0;2;0;1;2;6
3243;Totaal mannen en vrouwen;25 tot 30 jaar;Sector zorg en welzijn;K Financiële dienstverlening;2012/'13;4;0;1;1;2;0;4;0;0;0;0;0;1;1;2
3244;Totaal mannen en vrouwen;25 tot 30 jaar;Sector zorg en welzijn;K Financiële dienstverlening;2013/'14;3;0;0;1;2;0;3;0;0;0;0;0;0;1;2
3245;Totaal mannen en vrouwen;25 tot 30 jaar;Sector zorg en welzijn;K Financiële dienstverlening;2014/'15;0;0;0;0;0;0;0;0;0;0;0;0;0;0;0
3246;Totaal mannen en vrouwen;25 tot 30 jaar;Sector zorg en welzijn;K Financiële dienstverlening;2015/'16;0;0;0;0;0;0;0;0;0;0;0;0;0;0;0
3247;Totaal mannen en vrouwen;25 tot 30 jaar;Sector zorg en welzijn;K Financiële dienstverlening;2016/'17;0;0;0;0;0;0;0;0;0;0;0;0;0;0;0
3248;Totaal mannen en vrouwen;25 tot 30 jaar;Sector zorg en welzijn;K Financiële dienstverlening;2017/'18;3;0;0;0;3;0;3;0;0;0;0;0;0;0;3
3249;Totaal mannen en vrouwen;25 tot 30 jaar;Sector zorg en welzijn;K Financiële dienstverlening;2018/'19;1;0;0;0;1;0;1;0;0;0;0;0;0;0;1
3250;Totaal mannen en vrouwen;25 tot 30 jaar;Sector zorg en welzijn;K Financiële dienstverlening;2019/'20;3;0;0;0;3;1;2;0;0;0;1;0;0;0;2
3251;Totaal mannen en vrouwen;25 tot 30 jaar;Sector zorg en welzijn;K Financiële dienstverlening;2020/'21;1;0;0;0;1;0;1;0;0;0;0;0;0;0;1
3252;Totaal mannen en vrouwen;25 tot 30 jaar;Sector zorg en welzijn;L Verhuur en handel van onroerend goed;2009/'10;5;0;0;3;2;1;4;0;0;1;0;0;0;2;2
3253;Totaal mannen en vrouwen;25 tot 30 jaar;Sector zorg en welzijn;L Verhuur en handel van onroerend goed;2010/'11;7;0;0;3;4;0;7;0;0;0;0;0;0;3;4
3254;Totaal mannen en vrouwen;25 tot 30 jaar;Sector zorg en welzijn;L Verhuur en handel van onroerend goed;2011/'12;2;0;0;1;1;0;2;0;0;0;0;0;0;1;1
3255;Totaal mannen en vrouwen;25 tot 30 jaar;Sector zorg en welzijn;L Verhuur en handel van onroerend goed;2012/'13;1;0;0;1;0;0;1;0;0;0;0;0;0;1;0
3256;Totaal mannen en vrouwen;25 tot 30 jaar;Sector zorg en welzijn;L Verhuur en handel van onroerend goed;2013/'14;0;0;0;0;0;0;0;0;0;0;0;0;0;0;0
3257;Totaal mannen en vrouwen;25 tot 30 jaar;Sector zorg en welzijn;L Verhuur en handel van onroerend goed;2014/'15;2;0;1;1;0;2;0;0;1;1;0;0;0;0;0
3258;Totaal mannen en vrouwen;25 tot 30 jaar;Sector zorg en welzijn;L Verhuur en handel van onroerend goed;2015/'16;0;0;0;0;0;0;0;0;0;0;0;0;0;0;0
3259;Totaal mannen en vrouwen;25 tot 30 jaar;Sector zorg en welzijn;L Verhuur en handel van onroerend goed;2016/'17;1;0;0;1;0;0;1;0;0;0;0;0;0;1;0
3260;Totaal mannen en vrouwen;25 tot 30 jaar;Sector zorg en welzijn;L Verhuur en handel van onroerend goed;2017/'18;3;0;0;2;1;0;3;0;0;0;0;0;0;2;1
3261;Totaal mannen en vrouwen;25 tot 30 jaar;Sector zorg en welzijn;L Verhuur en handel van onroerend goed;2018/'19;0;0;0;0;0;0;0;0;0;0;0;0;0;0;0
3262;Totaal mannen en vrouwen;25 tot 30 jaar;Sector zorg en welzijn;L Verhuur en handel van onroerend goed;2019/'20;2;0;0;0;2;0;2;0;0;0;0;0;0;0;2
3263;Totaal mannen en vrouwen;25 tot 30 jaar;Sector zorg en welzijn;L Verhuur en handel van onroerend goed;2020/'21;1;0;0;0;1;0;1;0;0;0;0;0;0;0;1
3264;Totaal mannen en vrouwen;25 tot 30 jaar;Sector zorg en welzijn;M-N Zakelijke dienstverlening;2009/'10;238;12;65;90;71;109;129;9;42;29;29;3;23;61;42
3265;Totaal mannen en vrouwen;25 tot 30 jaar;Sector zorg en welzijn;M-N Zakelijke dienstverlening;2010/'11;162;11;37;51;63;84;78;9;25;16;34;2;12;35;29
3266;Totaal mannen en vrouwen;25 tot 30 jaar;Sector zorg en welzijn;M-N Zakelijke dienstverlening;2011/'12;124;7;36;48;33;46;78;1;22;12;11;6;14;36;22
3267;Totaal mannen en vrouwen;25 tot 30 jaar;Sector zorg en welzijn;M-N Zakelijke dienstverlening;2012/'13;104;6;33;33;32;51;53;5;27;6;13;1;6;27;19
3268;Totaal mannen en vrouwen;25 tot 30 jaar;Sector zorg en welzijn;M-N Zakelijke dienstverlening;2013/'14;43;5;20;6;12;29;14;5;19;2;3;0;1;4;9
3269;Totaal mannen en vrouwen;25 tot 30 jaar;Sector zorg en welzijn;M-N Zakelijke dienstverlening;2014/'15;28;1;8;6;13;18;10;0;8;4;6;1;0;2;7
3270;Totaal mannen en vrouwen;25 tot 30 jaar;Sector zorg en welzijn;M-N Zakelijke dienstverlening;2015/'16;29;1;9;4;15;12;17;0;6;0;6;1;3;4;9
3271;Totaal mannen en vrouwen;25 tot 30 jaar;Sector zorg en welzijn;M-N Zakelijke dienstverlening;2016/'17;32;1;3;9;19;10;22;1;1;2;6;0;2;7;13
3272;Totaal mannen en vrouwen;25 tot 30 jaar;Sector zorg en welzijn;M-N Zakelijke dienstverlening;2017/'18;50;0;4;17;29;10;40;0;1;1;8;0;3;16;21
3273;Totaal mannen en vrouwen;25 tot 30 jaar;Sector zorg en welzijn;M-N Zakelijke dienstverlening;2018/'19;52;0;7;16;29;7;45;0;0;2;5;0;7;14;24
3274;Totaal mannen en vrouwen;25 tot 30 jaar;Sector zorg en welzijn;M-N Zakelijke dienstverlening;2019/'20;72;0;17;15;40;26;46;0;7;5;14;0;10;10;26
3275;Totaal mannen en vrouwen;25 tot 30 jaar;Sector zorg en welzijn;M-N Zakelijke dienstverlening;2020/'21;67;0;13;12;42;15;52;0;3;4;8;0;10;8;34
3276;Totaal mannen en vrouwen;25 tot 30 jaar;Sector zorg en welzijn;O-Q Overheid en zorg;2009/'10;448;11;58;191;188;109;339;0;14;41;54;11;44;150;134
3277;Totaal mannen en vrouwen;25 tot 30 jaar;Sector zorg en welzijn;O-Q Overheid en zorg;2010/'11;356;12;47;135;162;75;281;0;5;32;38;12;42;103;124
3278;Totaal mannen en vrouwen;25 tot 30 jaar;Sector zorg en welzijn;O-Q Overheid en zorg;2011/'12;288;7;53;119;109;65;223;3;9;33;20;4;44;86;89
3279;Totaal mannen en vrouwen;25 tot 30 jaar;Sector zorg en welzijn;O-Q Overheid en zorg;2012/'13;226;6;46;77;97;15;211;1;5;5;4;5;41;72;93
3280;Totaal mannen en vrouwen;25 tot 30 jaar;Sector zorg en welzijn;O-Q Overheid en zorg;2013/'14;141;4;26;47;64;18;123;0;2;6;10;4;24;41;54
3281;Totaal mannen en vrouwen;25 tot 30 jaar;Sector zorg en welzijn;O-Q Overheid en zorg;2014/'15;81;0;8;33;40;15;66;0;4;1;10;0;4;32;30
3282;Totaal mannen en vrouwen;25 tot 30 jaar;Sector zorg en welzijn;O-Q Overheid en zorg;2015/'16;77;1;6;33;37;9;68;0;1;2;6;1;5;31;31
3283;Totaal mannen en vrouwen;25 tot 30 jaar;Sector zorg en welzijn;O-Q Overheid en zorg;2016/'17;60;0;2;13;45;6;54;0;0;0;6;0;2;13;39
3284;Totaal mannen en vrouwen;25 tot 30 jaar;Sector zorg en welzijn;O-Q Overheid en zorg;2017/'18;63;0;2;30;31;4;59;0;0;2;2;0;2;28;29
3285;Totaal mannen en vrouwen;25 tot 30 jaar;Sector zorg en welzijn;O-Q Overheid en zorg;2018/'19;79;0;8;30;41;9;70;0;0;4;5;0;8;26;36
3286;Totaal mannen en vrouwen;25 tot 30 jaar;Sector zorg en welzijn;O-Q Overheid en zorg;2019/'20;61;0;8;16;37;5;56;0;2;1;2;0;6;15;35
3287;Totaal mannen en vrouwen;25 tot 30 jaar;Sector zorg en welzijn;O-Q Overheid en zorg;2020/'21;76;0;8;23;45;2;74;0;0;0;2;0;8;23;43
3288;Totaal mannen en vrouwen;25 tot 30 jaar;Sector zorg en welzijn;R-U Cultuur, recreatie, overige diensten;2009/'10;43;0;7;18;18;9;34;0;2;3;4;0;5;15;14
3289;Totaal mannen en vrouwen;25 tot 30 jaar;Sector zorg en welzijn;R-U Cultuur, recreatie, overige diensten;2010/'11;35;0;5;14;16;7;28;0;0;4;3;0;5;10;13
3290;Totaal mannen en vrouwen;25 tot 30 jaar;Sector zorg en welzijn;R-U Cultuur, recreatie, overige diensten;2011/'12;25;0;4;4;17;7;18;0;3;0;4;0;1;4;13
3291;Totaal mannen en vrouwen;25 tot 30 jaar;Sector zorg en welzijn;R-U Cultuur, recreatie, overige diensten;2012/'13;33;0;10;10;13;10;23;0;7;1;2;0;3;9;11
3292;Totaal mannen en vrouwen;25 tot 30 jaar;Sector zorg en welzijn;R-U Cultuur, recreatie, overige diensten;2013/'14;6;1;0;0;5;2;4;1;0;0;1;0;0;0;4
3293;Totaal mannen en vrouwen;25 tot 30 jaar;Sector zorg en welzijn;R-U Cultuur, recreatie, overige diensten;2014/'15;1;0;0;1;0;0;1;0;0;0;0;0;0;1;0
3294;Totaal mannen en vrouwen;25 tot 30 jaar;Sector zorg en welzijn;R-U Cultuur, recreatie, overige diensten;2015/'16;7;0;1;1;5;1;6;0;0;0;1;0;1;1;4
3295;Totaal mannen en vrouwen;25 tot 30 jaar;Sector zorg en welzijn;R-U Cultuur, recreatie, overige diensten;2016/'17;3;0;2;0;1;1;2;0;1;0;0;0;1;0;1
3296;Totaal mannen en vrouwen;25 tot 30 jaar;Sector zorg en welzijn;R-U Cultuur, recreatie, overige diensten;2017/'18;8;0;0;2;6;0;8;0;0;0;0;0;0;2;6
3297;Totaal mannen en vrouwen;25 tot 30 jaar;Sector zorg en welzijn;R-U Cultuur, recreatie, overige diensten;2018/'19;11;0;0;3;8;1;10;0;0;0;1;0;0;3;7
3298;Totaal mannen en vrouwen;25 tot 30 jaar;Sector zorg en welzijn;R-U Cultuur, recreatie, overige diensten;2019/'20;16;0;2;3;11;2;14;0;0;0;2;0;2;3;9
3299;Totaal mannen en vrouwen;25 tot 30 jaar;Sector zorg en welzijn;R-U Cultuur, recreatie, overige diensten;2020/'21;15;0;2;11;2;3;12;0;1;2;0;0;1;9;2
3300;Totaal mannen en vrouwen;25 tot 30 jaar;Sector zorg en welzijn;SBI-code onbekend;2009/'10;17;0;4;6;7;11;6;0;3;4;4;0;1;2;3
3301;Totaal mannen en vrouwen;25 tot 30 jaar;Sector zorg en welzijn;SBI-code onbekend;2010/'11;16;1;4;8;3;2;14;0;0;1;1;1;4;7;2
3302;Totaal mannen en vrouwen;25 tot 30 jaar;Sector zorg en welzijn;SBI-code onbekend;2011/'12;11;0;2;7;2;3;8;0;1;1;1;0;1;6;1
3303;Totaal mannen en vrouwen;25 tot 30 jaar;Sector zorg en welzijn;SBI-code onbekend;2012/'13;7;0;1;4;2;3;4;0;1;1;1;0;0;3;1
3304;Totaal mannen en vrouwen;25 tot 30 jaar;Sector zorg en welzijn;SBI-code onbekend;2013/'14;6;0;0;4;2;3;3;0;0;2;1;0;0;2;1
3305;Totaal mannen en vrouwen;25 tot 30 jaar;Sector zorg en welzijn;SBI-code onbekend;2014/'15;2;0;1;1;0;1;1;0;1;0;0;0;0;1;0
3306;Totaal mannen en vrouwen;25 tot 30 jaar;Sector zorg en welzijn;SBI-code onbekend;2015/'16;2;2;0;0;0;2;0;2;0;0;0;0;0;0;0
3307;Totaal mannen en vrouwen;25 tot 30 jaar;Sector zorg en welzijn;SBI-code onbekend;2016/'17;2;0;0;1;1;0;2;0;0;0;0;0;0;1;1
3308;Totaal mannen en vrouwen;25 tot 30 jaar;Sector zorg en welzijn;SBI-code onbekend;2017/'18;1;0;0;0;1;0;1;0;0;0;0;0;0;0;1
3309;Totaal mannen en vrouwen;25 tot 30 jaar;Sector zorg en welzijn;SBI-code onbekend;2018/'19;2;0;0;0;2;1;1;0;0;0;1;0;0;0;1
3310;Totaal mannen en vrouwen;25 tot 30 jaar;Sector zorg en welzijn;SBI-code onbekend;2019/'20;0;0;0;0;0;0;0;0;0;0;0;0;0;0;0
3311;Totaal mannen en vrouwen;25 tot 30 jaar;Sector zorg en welzijn;SBI-code onbekend;2020/'21;1;0;0;0;1;1;0;0;0;0;1;0;0;0;0
3312;Totaal mannen en vrouwen;25 tot 30 jaar;Combinatie van sectoren;A-U Alle economische activiteiten;2009/'10;272;241;23;7;1;59;213;57;2;0;0;184;21;7;1
3313;Totaal mannen en vrouwen;25 tot 30 jaar;Combinatie van sectoren;A-U Alle economische activiteiten;2010/'11;216;209;5;1;1;53;163;52;1;0;0;157;4;1;1
3314;Totaal mannen en vrouwen;25 tot 30 jaar;Combinatie van sectoren;A-U Alle economische activiteiten;2011/'12;199;186;5;6;2;37;162;37;0;0;0;149;5;6;2
3315;Totaal mannen en vrouwen;25 tot 30 jaar;Combinatie van sectoren;A-U Alle economische activiteiten;2012/'13;122;120;0;0;2;42;80;40;0;0;2;80;0;0;0
3316;Totaal mannen en vrouwen;25 tot 30 jaar;Combinatie van sectoren;A-U Alle economische activiteiten;2013/'14;88;88;0;0;0;26;62;26;0;0;0;62;0;0;0
3317;Totaal mannen en vrouwen;25 tot 30 jaar;Combinatie van sectoren;A-U Alle economische activiteiten;2014/'15;55;53;0;1;1;13;42;11;0;1;1;42;0;0;0
3318;Totaal mannen en vrouwen;25 tot 30 jaar;Combinatie van sectoren;A-U Alle economische activiteiten;2015/'16;53;53;0;0;0;24;29;24;0;0;0;29;0;0;0
3319;Totaal mannen en vrouwen;25 tot 30 jaar;Combinatie van sectoren;A-U Alle economische activiteiten;2016/'17;99;99;0;0;0;44;55;44;0;0;0;55;0;0;0
3320;Totaal mannen en vrouwen;25 tot 30 jaar;Combinatie van sectoren;A-U Alle economische activiteiten;2017/'18;113;113;0;0;0;45;68;45;0;0;0;68;0;0;0
3321;Totaal mannen en vrouwen;25 tot 30 jaar;Combinatie van sectoren;A-U Alle economische activiteiten;2018/'19;165;163;2;0;0;88;77;88;0;0;0;75;2;0;0
3322;Totaal mannen en vrouwen;25 tot 30 jaar;Combinatie van sectoren;A-U Alle economische activiteiten;2019/'20;178;176;2;0;0;93;85;92;1;0;0;84;1;0;0
3323;Totaal mannen en vrouwen;25 tot 30 jaar;Combinatie van sectoren;A-U Alle economische activiteiten;2020/'21;184;180;3;0;1;124;60;121;2;0;1;59;1;0;0
3324;Totaal mannen en vrouwen;25 tot 30 jaar;Combinatie van sectoren;A Landbouw, bosbouw en visserij;2009/'10;0;0;0;0;0;0;0;0;0;0;0;0;0;0;0
3325;Totaal mannen en vrouwen;25 tot 30 jaar;Combinatie van sectoren;A Landbouw, bosbouw en visserij;2010/'11;1;1;0;0;0;1;0;1;0;0;0;0;0;0;0
3326;Totaal mannen en vrouwen;25 tot 30 jaar;Combinatie van sectoren;A Landbouw, bosbouw en visserij;2011/'12;0;0;0;0;0;0;0;0;0;0;0;0;0;0;0
3327;Totaal mannen en vrouwen;25 tot 30 jaar;Combinatie van sectoren;A Landbouw, bosbouw en visserij;2012/'13;0;0;0;0;0;0;0;0;0;0;0;0;0;0;0
3328;Totaal mannen en vrouwen;25 tot 30 jaar;Combinatie van sectoren;A Landbouw, bosbouw en visserij;2013/'14;0;0;0;0;0;0;0;0;0;0;0;0;0;0;0
3329;Totaal mannen en vrouwen;25 tot 30 jaar;Combinatie van sectoren;A Landbouw, bosbouw en visserij;2014/'15;0;0;0;0;0;0;0;0;0;0;0;0;0;0;0
3330;Totaal mannen en vrouwen;25 tot 30 jaar;Combinatie van sectoren;A Landbouw, bosbouw en visserij;2015/'16;0;0;0;0;0;0;0;0;0;0;0;0;0;0;0
3331;Totaal mannen en vrouwen;25 tot 30 jaar;Combinatie van sectoren;A Landbouw, bosbouw en visserij;2016/'17;0;0;0;0;0;0;0;0;0;0;0;0;0;0;0
3332;Totaal mannen en vrouwen;25 tot 30 jaar;Combinatie van sectoren;A Landbouw, bosbouw en visserij;2017/'18;3;3;0;0;0;0;3;0;0;0;0;3;0;0;0
3333;Totaal mannen en vrouwen;25 tot 30 jaar;Combinatie van sectoren;A Landbouw, bosbouw en visserij;2018/'19;0;0;0;0;0;0;0;0;0;0;0;0;0;0;0
3334;Totaal mannen en vrouwen;25 tot 30 jaar;Combinatie van sectoren;A Landbouw, bosbouw en visserij;2019/'20;4;4;0;0;0;3;1;3;0;0;0;1;0;0;0
3335;Totaal mannen en vrouwen;25 tot 30 jaar;Combinatie van sectoren;A Landbouw, bosbouw en visserij;2020/'21;0;0;0;0;0;0;0;0;0;0;0;0;0;0;0
3336;Totaal mannen en vrouwen;25 tot 30 jaar;Combinatie van sectoren;B-E Nijverheid (geen bouw) en energie;2009/'10;119;105;13;1;0;3;116;2;1;0;0;103;12;1;0
3337;Totaal mannen en vrouwen;25 tot 30 jaar;Combinatie van sectoren;B-E Nijverheid (geen bouw) en energie;2010/'11;107;106;1;0;0;3;104;3;0;0;0;103;1;0;0
3338;Totaal mannen en vrouwen;25 tot 30 jaar;Combinatie van sectoren;B-E Nijverheid (geen bouw) en energie;2011/'12;109;105;2;2;0;1;108;1;0;0;0;104;2;2;0
3339;Totaal mannen en vrouwen;25 tot 30 jaar;Combinatie van sectoren;B-E Nijverheid (geen bouw) en energie;2012/'13;47;47;0;0;0;2;45;2;0;0;0;45;0;0;0
3340;Totaal mannen en vrouwen;25 tot 30 jaar;Combinatie van sectoren;B-E Nijverheid (geen bouw) en energie;2013/'14;29;29;0;0;0;2;27;2;0;0;0;27;0;0;0
3341;Totaal mannen en vrouwen;25 tot 30 jaar;Combinatie van sectoren;B-E Nijverheid (geen bouw) en energie;2014/'15;4;4;0;0;0;0;4;0;0;0;0;4;0;0;0
3342;Totaal mannen en vrouwen;25 tot 30 jaar;Combinatie van sectoren;B-E Nijverheid (geen bouw) en energie;2015/'16;6;6;0;0;0;0;6;0;0;0;0;6;0;0;0
3343;Totaal mannen en vrouwen;25 tot 30 jaar;Combinatie van sectoren;B-E Nijverheid (geen bouw) en energie;2016/'17;20;20;0;0;0;3;17;3;0;0;0;17;0;0;0
3344;Totaal mannen en vrouwen;25 tot 30 jaar;Combinatie van sectoren;B-E Nijverheid (geen bouw) en energie;2017/'18;13;13;0;0;0;1;12;1;0;0;0;12;0;0;0
3345;Totaal mannen en vrouwen;25 tot 30 jaar;Combinatie van sectoren;B-E Nijverheid (geen bouw) en energie;2018/'19;8;6;2;0;0;0;8;0;0;0;0;6;2;0;0
3346;Totaal mannen en vrouwen;25 tot 30 jaar;Combinatie van sectoren;B-E Nijverheid (geen bouw) en energie;2019/'20;17;17;0;0;0;7;10;7;0;0;0;10;0;0;0
3347;Totaal mannen en vrouwen;25 tot 30 jaar;Combinatie van sectoren;B-E Nijverheid (geen bouw) en energie;2020/'21;6;6;0;0;0;3;3;3;0;0;0;3;0;0;0
3348;Totaal mannen en vrouwen;25 tot 30 jaar;Combinatie van sectoren;F Bouwnijverheid;2009/'10;7;7;0;0;0;2;5;2;0;0;0;5;0;0;0
3349;Totaal mannen en vrouwen;25 tot 30 jaar;Combinatie van sectoren;F Bouwnijverheid;2010/'11;3;3;0;0;0;1;2;1;0;0;0;2;0;0;0
3350;Totaal mannen en vrouwen;25 tot 30 jaar;Combinatie van sectoren;F Bouwnijverheid;2011/'12;1;1;0;0;0;0;1;0;0;0;0;1;0;0;0
3351;Totaal mannen en vrouwen;25 tot 30 jaar;Combinatie van sectoren;F Bouwnijverheid;2012/'13;0;0;0;0;0;0;0;0;0;0;0;0;0;0;0
3352;Totaal mannen en vrouwen;25 tot 30 jaar;Combinatie van sectoren;F Bouwnijverheid;2013/'14;1;1;0;0;0;0;1;0;0;0;0;1;0;0;0
3353;Totaal mannen en vrouwen;25 tot 30 jaar;Combinatie van sectoren;F Bouwnijverheid;2014/'15;0;0;0;0;0;0;0;0;0;0;0;0;0;0;0
3354;Totaal mannen en vrouwen;25 tot 30 jaar;Combinatie van sectoren;F Bouwnijverheid;2015/'16;1;1;0;0;0;0;1;0;0;0;0;1;0;0;0
3355;Totaal mannen en vrouwen;25 tot 30 jaar;Combinatie van sectoren;F Bouwnijverheid;2016/'17;2;2;0;0;0;2;0;2;0;0;0;0;0;0;0
3356;Totaal mannen en vrouwen;25 tot 30 jaar;Combinatie van sectoren;F Bouwnijverheid;2017/'18;1;1;0;0;0;0;1;0;0;0;0;1;0;0;0
3357;Totaal mannen en vrouwen;25 tot 30 jaar;Combinatie van sectoren;F Bouwnijverheid;2018/'19;5;5;0;0;0;5;0;5;0;0;0;0;0;0;0
3358;Totaal mannen en vrouwen;25 tot 30 jaar;Combinatie van sectoren;F Bouwnijverheid;2019/'20;4;4;0;0;0;1;3;1;0;0;0;3;0;0;0
3359;Totaal mannen en vrouwen;25 tot 30 jaar;Combinatie van sectoren;F Bouwnijverheid;2020/'21;1;1;0;0;0;0;1;0;0;0;0;1;0;0;0
3360;Totaal mannen en vrouwen;25 tot 30 jaar;Combinatie van sectoren;G-I Handel, vervoer en horeca;2009/'10;26;18;5;2;1;10;16;10;0;0;0;8;5;2;1
3361;Totaal mannen en vrouwen;25 tot 30 jaar;Combinatie van sectoren;G-I Handel, vervoer en horeca;2010/'11;23;19;3;0;1;13;10;13;0;0;0;6;3;0;1
3362;Totaal mannen en vrouwen;25 tot 30 jaar;Combinatie van sectoren;G-I Handel, vervoer en horeca;2011/'12;21;17;1;2;1;6;15;6;0;0;0;11;1;2;1
3363;Totaal mannen en vrouwen;25 tot 30 jaar;Combinatie van sectoren;G-I Handel, vervoer en horeca;2012/'13;19;18;0;0;1;15;4;14;0;0;1;4;0;0;0
3364;Totaal mannen en vrouwen;25 tot 30 jaar;Combinatie van sectoren;G-I Handel, vervoer en horeca;2013/'14;10;10;0;0;0;6;4;6;0;0;0;4;0;0;0
3365;Totaal mannen en vrouwen;25 tot 30 jaar;Combinatie van sectoren;G-I Handel, vervoer en horeca;2014/'15;12;11;0;0;1;8;4;7;0;0;1;4;0;0;0
3366;Totaal mannen en vrouwen;25 tot 30 jaar;Combinatie van sectoren;G-I Handel, vervoer en horeca;2015/'16;12;12;0;0;0;10;2;10;0;0;0;2;0;0;0
3367;Totaal mannen en vrouwen;25 tot 30 jaar;Combinatie van sectoren;G-I Handel, vervoer en horeca;2016/'17;23;23;0;0;0;17;6;17;0;0;0;6;0;0;0
3368;Totaal mannen en vrouwen;25 tot 30 jaar;Combinatie van sectoren;G-I Handel, vervoer en horeca;2017/'18;29;29;0;0;0;20;9;20;0;0;0;9;0;0;0
3369;Totaal mannen en vrouwen;25 tot 30 jaar;Combinatie van sectoren;G-I Handel, vervoer en horeca;2018/'19;58;58;0;0;0;42;16;42;0;0;0;16;0;0;0
3370;Totaal mannen en vrouwen;25 tot 30 jaar;Combinatie van sectoren;G-I Handel, vervoer en horeca;2019/'20;53;52;1;0;0;38;15;38;0;0;0;14;1;0;0
3371;Totaal mannen en vrouwen;25 tot 30 jaar;Combinatie van sectoren;G-I Handel, vervoer en horeca;2020/'21;70;69;1;0;0;50;20;49;1;0;0;20;0;0;0
3372;Totaal mannen en vrouwen;25 tot 30 jaar;Combinatie van sectoren;J Informatie en communicatie;2009/'10;1;1;0;0;0;1;0;1;0;0;0;0;0;0;0
3373;Totaal mannen en vrouwen;25 tot 30 jaar;Combinatie van sectoren;J Informatie en communicatie;2010/'11;0;0;0;0;0;0;0;0;0;0;0;0;0;0;0
3374;Totaal mannen en vrouwen;25 tot 30 jaar;Combinatie van sectoren;J Informatie en communicatie;2011/'12;1;0;0;1;0;0;1;0;0;0;0;0;0;1;0
3375;Totaal mannen en vrouwen;25 tot 30 jaar;Combinatie van sectoren;J Informatie en communicatie;2012/'13;1;1;0;0;0;1;0;1;0;0;0;0;0;0;0
3376;Totaal mannen en vrouwen;25 tot 30 jaar;Combinatie van sectoren;J Informatie en communicatie;2013/'14;0;0;0;0;0;0;0;0;0;0;0;0;0;0;0
3377;Totaal mannen en vrouwen;25 tot 30 jaar;Combinatie van sectoren;J Informatie en communicatie;2014/'15;0;0;0;0;0;0;0;0;0;0;0;0;0;0;0
3378;Totaal mannen en vrouwen;25 tot 30 jaar;Combinatie van sectoren;J Informatie en communicatie;2015/'16;0;0;0;0;0;0;0;0;0;0;0;0;0;0;0
3379;Totaal mannen en vrouwen;25 tot 30 jaar;Combinatie van sectoren;J Informatie en communicatie;2016/'17;1;1;0;0;0;1;0;1;0;0;0;0;0;0;0
3380;Totaal mannen en vrouwen;25 tot 30 jaar;Combinatie van sectoren;J Informatie en communicatie;2017/'18;0;0;0;0;0;0;0;0;0;0;0;0;0;0;0
3381;Totaal mannen en vrouwen;25 tot 30 jaar;Combinatie van sectoren;J Informatie en communicatie;2018/'19;1;1;0;0;0;1;0;1;0;0;0;0;0;0;0
3382;Totaal mannen en vrouwen;25 tot 30 jaar;Combinatie van sectoren;J Informatie en communicatie;2019/'20;3;3;0;0;0;1;2;1;0;0;0;2;0;0;0
3383;Totaal mannen en vrouwen;25 tot 30 jaar;Combinatie van sectoren;J Informatie en communicatie;2020/'21;0;0;0;0;0;0;0;0;0;0;0;0;0;0;0
3384;Totaal mannen en vrouwen;25 tot 30 jaar;Combinatie van sectoren;K Financiële dienstverlening;2009/'10;1;1;0;0;0;1;0;1;0;0;0;0;0;0;0
3385;Totaal mannen en vrouwen;25 tot 30 jaar;Combinatie van sectoren;K Financiële dienstverlening;2010/'11;1;1;0;0;0;0;1;0;0;0;0;1;0;0;0
3386;Totaal mannen en vrouwen;25 tot 30 jaar;Combinatie van sectoren;K Financiële dienstverlening;2011/'12;1;1;0;0;0;0;1;0;0;0;0;1;0;0;0
3387;Totaal mannen en vrouwen;25 tot 30 jaar;Combinatie van sectoren;K Financiële dienstverlening;2012/'13;0;0;0;0;0;0;0;0;0;0;0;0;0;0;0
3388;Totaal mannen en vrouwen;25 tot 30 jaar;Combinatie van sectoren;K Financiële dienstverlening;2013/'14;0;0;0;0;0;0;0;0;0;0;0;0;0;0;0
3389;Totaal mannen en vrouwen;25 tot 30 jaar;Combinatie van sectoren;K Financiële dienstverlening;2014/'15;0;0;0;0;0;0;0;0;0;0;0;0;0;0;0
3390;Totaal mannen en vrouwen;25 tot 30 jaar;Combinatie van sectoren;K Financiële dienstverlening;2015/'16;0;0;0;0;0;0;0;0;0;0;0;0;0;0;0
3391;Totaal mannen en vrouwen;25 tot 30 jaar;Combinatie van sectoren;K Financiële dienstverlening;2016/'17;0;0;0;0;0;0;0;0;0;0;0;0;0;0;0
3392;Totaal mannen en vrouwen;25 tot 30 jaar;Combinatie van sectoren;K Financiële dienstverlening;2017/'18;0;0;0;0;0;0;0;0;0;0;0;0;0;0;0
3393;Totaal mannen en vrouwen;25 tot 30 jaar;Combinatie van sectoren;K Financiële dienstverlening;2018/'19;0;0;0;0;0;0;0;0;0;0;0;0;0;0;0
3394;Totaal mannen en vrouwen;25 tot 30 jaar;Combinatie van sectoren;K Financiële dienstverlening;2019/'20;3;3;0;0;0;2;1;2;0;0;0;1;0;0;0
3395;Totaal mannen en vrouwen;25 tot 30 jaar;Combinatie van sectoren;K Financiële dienstverlening;2020/'21;0;0;0;0;0;0;0;0;0;0;0;0;0;0;0
3396;Totaal mannen en vrouwen;25 tot 30 jaar;Combinatie van sectoren;L Verhuur en handel van onroerend goed;2009/'10;0;0;0;0;0;0;0;0;0;0;0;0;0;0;0
3397;Totaal mannen en vrouwen;25 tot 30 jaar;Combinatie van sectoren;L Verhuur en handel van onroerend goed;2010/'11;0;0;0;0;0;0;0;0;0;0;0;0;0;0;0
3398;Totaal mannen en vrouwen;25 tot 30 jaar;Combinatie van sectoren;L Verhuur en handel van onroerend goed;2011/'12;0;0;0;0;0;0;0;0;0;0;0;0;0;0;0
3399;Totaal mannen en vrouwen;25 tot 30 jaar;Combinatie van sectoren;L Verhuur en handel van onroerend goed;2012/'13;0;0;0;0;0;0;0;0;0;0;0;0;0;0;0
3400;Totaal mannen en vrouwen;25 tot 30 jaar;Combinatie van sectoren;L Verhuur en handel van onroerend goed;2013/'14;1;1;0;0;0;0;1;0;0;0;0;1;0;0;0
3401;Totaal mannen en vrouwen;25 tot 30 jaar;Combinatie van sectoren;L Verhuur en handel van onroerend goed;2014/'15;0;0;0;0;0;0;0;0;0;0;0;0;0;0;0
3402;Totaal mannen en vrouwen;25 tot 30 jaar;Combinatie van sectoren;L Verhuur en handel van onroerend goed;2015/'16;0;0;0;0;0;0;0;0;0;0;0;0;0;0;0
3403;Totaal mannen en vrouwen;25 tot 30 jaar;Combinatie van sectoren;L Verhuur en handel van onroerend goed;2016/'17;0;0;0;0;0;0;0;0;0;0;0;0;0;0;0
3404;Totaal mannen en vrouwen;25 tot 30 jaar;Combinatie van sectoren;L Verhuur en handel van onroerend goed;2017/'18;0;0;0;0;0;0;0;0;0;0;0;0;0;0;0
3405;Totaal mannen en vrouwen;25 tot 30 jaar;Combinatie van sectoren;L Verhuur en handel van onroerend goed;2018/'19;0;0;0;0;0;0;0;0;0;0;0;0;0;0;0
3406;Totaal mannen en vrouwen;25 tot 30 jaar;Combinatie van sectoren;L Verhuur en handel van onroerend goed;2019/'20;1;1;0;0;0;1;0;1;0;0;0;0;0;0;0
3407;Totaal mannen en vrouwen;25 tot 30 jaar;Combinatie van sectoren;L Verhuur en handel van onroerend goed;2020/'21;0;0;0;0;0;0;0;0;0;0;0;0;0;0;0
3408;Totaal mannen en vrouwen;25 tot 30 jaar;Combinatie van sectoren;M-N Zakelijke dienstverlening;2009/'10;92;86;5;1;0;34;58;33;1;0;0;53;4;1;0
3409;Totaal mannen en vrouwen;25 tot 30 jaar;Combinatie van sectoren;M-N Zakelijke dienstverlening;2010/'11;63;62;1;0;0;29;34;28;1;0;0;34;0;0;0
3410;Totaal mannen en vrouwen;25 tot 30 jaar;Combinatie van sectoren;M-N Zakelijke dienstverlening;2011/'12;39;37;0;1;1;23;16;23;0;0;0;14;0;1;1
3411;Totaal mannen en vrouwen;25 tot 30 jaar;Combinatie van sectoren;M-N Zakelijke dienstverlening;2012/'13;32;32;0;0;0;17;15;17;0;0;0;15;0;0;0
3412;Totaal mannen en vrouwen;25 tot 30 jaar;Combinatie van sectoren;M-N Zakelijke dienstverlening;2013/'14;32;32;0;0;0;16;16;16;0;0;0;16;0;0;0
3413;Totaal mannen en vrouwen;25 tot 30 jaar;Combinatie van sectoren;M-N Zakelijke dienstverlening;2014/'15;36;36;0;0;0;4;32;4;0;0;0;32;0;0;0
3414;Totaal mannen en vrouwen;25 tot 30 jaar;Combinatie van sectoren;M-N Zakelijke dienstverlening;2015/'16;31;31;0;0;0;12;19;12;0;0;0;19;0;0;0
3415;Totaal mannen en vrouwen;25 tot 30 jaar;Combinatie van sectoren;M-N Zakelijke dienstverlening;2016/'17;48;48;0;0;0;18;30;18;0;0;0;30;0;0;0
3416;Totaal mannen en vrouwen;25 tot 30 jaar;Combinatie van sectoren;M-N Zakelijke dienstverlening;2017/'18;54;54;0;0;0;20;34;20;0;0;0;34;0;0;0
3417;Totaal mannen en vrouwen;25 tot 30 jaar;Combinatie van sectoren;M-N Zakelijke dienstverlening;2018/'19;80;80;0;0;0;35;45;35;0;0;0;45;0;0;0
3418;Totaal mannen en vrouwen;25 tot 30 jaar;Combinatie van sectoren;M-N Zakelijke dienstverlening;2019/'20;85;84;1;0;0;36;49;35;1;0;0;49;0;0;0
3419;Totaal mannen en vrouwen;25 tot 30 jaar;Combinatie van sectoren;M-N Zakelijke dienstverlening;2020/'21;91;89;2;0;0;62;29;61;1;0;0;28;1;0;0
3420;Totaal mannen en vrouwen;25 tot 30 jaar;Combinatie van sectoren;O-Q Overheid en zorg;2009/'10;22;19;0;3;0;5;17;5;0;0;0;14;0;3;0
3421;Totaal mannen en vrouwen;25 tot 30 jaar;Combinatie van sectoren;O-Q Overheid en zorg;2010/'11;16;15;0;1;0;5;11;5;0;0;0;10;0;1;0
3422;Totaal mannen en vrouwen;25 tot 30 jaar;Combinatie van sectoren;O-Q Overheid en zorg;2011/'12;17;17;0;0;0;4;13;4;0;0;0;13;0;0;0
3423;Totaal mannen en vrouwen;25 tot 30 jaar;Combinatie van sectoren;O-Q Overheid en zorg;2012/'13;18;17;0;0;1;3;15;2;0;0;1;15;0;0;0
3424;Totaal mannen en vrouwen;25 tot 30 jaar;Combinatie van sectoren;O-Q Overheid en zorg;2013/'14;15;15;0;0;0;2;13;2;0;0;0;13;0;0;0
3425;Totaal mannen en vrouwen;25 tot 30 jaar;Combinatie van sectoren;O-Q Overheid en zorg;2014/'15;2;1;0;1;0;1;1;0;0;1;0;1;0;0;0
3426;Totaal mannen en vrouwen;25 tot 30 jaar;Combinatie van sectoren;O-Q Overheid en zorg;2015/'16;0;0;0;0;0;0;0;0;0;0;0;0;0;0;0
3427;Totaal mannen en vrouwen;25 tot 30 jaar;Combinatie van sectoren;O-Q Overheid en zorg;2016/'17;3;3;0;0;0;1;2;1;0;0;0;2;0;0;0
3428;Totaal mannen en vrouwen;25 tot 30 jaar;Combinatie van sectoren;O-Q Overheid en zorg;2017/'18;8;8;0;0;0;1;7;1;0;0;0;7;0;0;0
3429;Totaal mannen en vrouwen;25 tot 30 jaar;Combinatie van sectoren;O-Q Overheid en zorg;2018/'19;6;6;0;0;0;2;4;2;0;0;0;4;0;0;0
3430;Totaal mannen en vrouwen;25 tot 30 jaar;Combinatie van sectoren;O-Q Overheid en zorg;2019/'20;3;3;0;0;0;0;3;0;0;0;0;3;0;0;0
3431;Totaal mannen en vrouwen;25 tot 30 jaar;Combinatie van sectoren;O-Q Overheid en zorg;2020/'21;9;9;0;0;0;5;4;5;0;0;0;4;0;0;0
3432;Totaal mannen en vrouwen;25 tot 30 jaar;Combinatie van sectoren;R-U Cultuur, recreatie, overige diensten;2009/'10;2;2;0;0;0;2;0;2;0;0;0;0;0;0;0
3433;Totaal mannen en vrouwen;25 tot 30 jaar;Combinatie van sectoren;R-U Cultuur, recreatie, overige diensten;2010/'11;2;2;0;0;0;1;1;1;0;0;0;1;0;0;0
3434;Totaal mannen en vrouwen;25 tot 30 jaar;Combinatie van sectoren;R-U Cultuur, recreatie, overige diensten;2011/'12;8;7;1;0;0;3;5;3;0;0;0;4;1;0;0
3435;Totaal mannen en vrouwen;25 tot 30 jaar;Combinatie van sectoren;R-U Cultuur, recreatie, overige diensten;2012/'13;4;4;0;0;0;4;0;4;0;0;0;0;0;0;0
3436;Totaal mannen en vrouwen;25 tot 30 jaar;Combinatie van sectoren;R-U Cultuur, recreatie, overige diensten;2013/'14;0;0;0;0;0;0;0;0;0;0;0;0;0;0;0
3437;Totaal mannen en vrouwen;25 tot 30 jaar;Combinatie van sectoren;R-U Cultuur, recreatie, overige diensten;2014/'15;1;1;0;0;0;0;1;0;0;0;0;1;0;0;0
3438;Totaal mannen en vrouwen;25 tot 30 jaar;Combinatie van sectoren;R-U Cultuur, recreatie, overige diensten;2015/'16;0;0;0;0;0;0;0;0;0;0;0;0;0;0;0
3439;Totaal mannen en vrouwen;25 tot 30 jaar;Combinatie van sectoren;R-U Cultuur, recreatie, overige diensten;2016/'17;2;2;0;0;0;2;0;2;0;0;0;0;0;0;0
3440;Totaal mannen en vrouwen;25 tot 30 jaar;Combinatie van sectoren;R-U Cultuur, recreatie, overige diensten;2017/'18;5;5;0;0;0;3;2;3;0;0;0;2;0;0;0
3441;Totaal mannen en vrouwen;25 tot 30 jaar;Combinatie van sectoren;R-U Cultuur, recreatie, overige diensten;2018/'19;6;6;0;0;0;2;4;2;0;0;0;4;0;0;0
3442;Totaal mannen en vrouwen;25 tot 30 jaar;Combinatie van sectoren;R-U Cultuur, recreatie, overige diensten;2019/'20;5;5;0;0;0;4;1;4;0;0;0;1;0;0;0
3443;Totaal mannen en vrouwen;25 tot 30 jaar;Combinatie van sectoren;R-U Cultuur, recreatie, overige diensten;2020/'21;6;5;0;0;1;4;2;3;0;0;1;2;0;0;0
3444;Totaal mannen en vrouwen;25 tot 30 jaar;Combinatie van sectoren;SBI-code onbekend;2009/'10;2;2;0;0;0;1;1;1;0;0;0;1;0;0;0
3445;Totaal mannen en vrouwen;25 tot 30 jaar;Combinatie van sectoren;SBI-code onbekend;2010/'11;0;0;0;0;0;0;0;0;0;0;0;0;0;0;0
3446;Totaal mannen en vrouwen;25 tot 30 jaar;Combinatie van sectoren;SBI-code onbekend;2011/'12;2;1;1;0;0;0;2;0;0;0;0;1;1;0;0
3447;Totaal mannen en vrouwen;25 tot 30 jaar;Combinatie van sectoren;SBI-code onbekend;2012/'13;1;1;0;0;0;0;1;0;0;0;0;1;0;0;0
3448;Totaal mannen en vrouwen;25 tot 30 jaar;Combinatie van sectoren;SBI-code onbekend;2013/'14;0;0;0;0;0;0;0;0;0;0;0;0;0;0;0
3449;Totaal mannen en vrouwen;25 tot 30 jaar;Combinatie van sectoren;SBI-code onbekend;2014/'15;0;0;0;0;0;0;0;0;0;0;0;0;0;0;0
3450;Totaal mannen en vrouwen;25 tot 30 jaar;Combinatie van sectoren;SBI-code onbekend;2015/'16;3;3;0;0;0;2;1;2;0;0;0;1;0;0;0
3451;Totaal mannen en vrouwen;25 tot 30 jaar;Combinatie van sectoren;SBI-code onbekend;2016/'17;0;0;0;0;0;0;0;0;0;0;0;0;0;0;0
3452;Totaal mannen en vrouwen;25 tot 30 jaar;Combinatie van sectoren;SBI-code onbekend;2017/'18;0;0;0;0;0;0;0;0;0;0;0;0;0;0;0
3453;Totaal mannen en vrouwen;25 tot 30 jaar;Combinatie van sectoren;SBI-code onbekend;2018/'19;1;1;0;0;0;1;0;1;0;0;0;0;0;0;0
3454;Totaal mannen en vrouwen;25 tot 30 jaar;Combinatie van sectoren;SBI-code onbekend;2019/'20;0;0;0;0;0;0;0;0;0;0;0;0;0;0;0
3455;Totaal mannen en vrouwen;25 tot 30 jaar;Combinatie van sectoren;SBI-code onbekend;2020/'21;1;1;0;0;0;0;1;0;0;0;0;1;0;0;0
3456;Totaal mannen en vrouwen;30 tot 35 jaar;Totaal;A-U Alle economische activiteiten;2009/'10;3915;712;1459;910;834;378;3537;38;112;108;120;674;1347;802;714
3457;Totaal mannen en vrouwen;30 tot 35 jaar;Totaal;A-U Alle economische activiteiten;2010/'11;3107;635;1052;782;638;305;2802;39;103;65;98;596;949;717;540
3458;Totaal mannen en vrouwen;30 tot 35 jaar;Totaal;A-U Alle economische activiteiten;2011/'12;2718;469;1125;649;475;246;2472;17;115;54;60;452;1010;595;415
3459;Totaal mannen en vrouwen;30 tot 35 jaar;Totaal;A-U Alle economische activiteiten;2012/'13;2415;449;900;615;451;187;2228;7;67;58;55;442;833;557;396
3460;Totaal mannen en vrouwen;30 tot 35 jaar;Totaal;A-U Alle economische activiteiten;2013/'14;1114;151;319;322;322;93;1021;7;35;14;37;144;284;308;285
3461;Totaal mannen en vrouwen;30 tot 35 jaar;Totaal;A-U Alle economische activiteiten;2014/'15;777;89;231;266;191;38;739;7;14;6;11;82;217;260;180
3462;Totaal mannen en vrouwen;30 tot 35 jaar;Totaal;A-U Alle economische activiteiten;2015/'16;715;90;221;235;169;34;681;9;7;4;14;81;214;231;155
3463;Totaal mannen en vrouwen;30 tot 35 jaar;Totaal;A-U Alle economische activiteiten;2016/'17;908;74;296;279;259;43;865;8;10;9;16;66;286;270;243
3464;Totaal mannen en vrouwen;30 tot 35 jaar;Totaal;A-U Alle economische activiteiten;2017/'18;745;47;227;276;195;32;713;8;5;9;10;39;222;267;185
3465;Totaal mannen en vrouwen;30 tot 35 jaar;Totaal;A-U Alle economische activiteiten;2018/'19;817;86;252;263;216;30;787;18;6;2;4;68;246;261;212
3466;Totaal mannen en vrouwen;30 tot 35 jaar;Totaal;A-U Alle economische activiteiten;2019/'20;695;91;194;218;192;29;666;11;4;5;9;80;190;213;183
3467;Totaal mannen en vrouwen;30 tot 35 jaar;Totaal;A-U Alle economische activiteiten;2020/'21;615;108;150;155;202;53;562;26;8;5;14;82;142;150;188
3468;Totaal mannen en vrouwen;30 tot 35 jaar;Totaal;A Landbouw, bosbouw en visserij;2009/'10;22;3;8;6;5;2;20;1;1;0;0;2;7;6;5
3469;Totaal mannen en vrouwen;30 tot 35 jaar;Totaal;A Landbouw, bosbouw en visserij;2010/'11;13;4;7;2;0;1;12;0;1;0;0;4;6;2;0
3470;Totaal mannen en vrouwen;30 tot 35 jaar;Totaal;A Landbouw, bosbouw en visserij;2011/'12;15;1;7;7;0;0;15;0;0;0;0;1;7;7;0
3471;Totaal mannen en vrouwen;30 tot 35 jaar;Totaal;A Landbouw, bosbouw en visserij;2012/'13;23;10;5;4;4;0;23;0;0;0;0;10;5;4;4
3472;Totaal mannen en vrouwen;30 tot 35 jaar;Totaal;A Landbouw, bosbouw en visserij;2013/'14;9;0;4;2;3;0;9;0;0;0;0;0;4;2;3
3473;Totaal mannen en vrouwen;30 tot 35 jaar;Totaal;A Landbouw, bosbouw en visserij;2014/'15;9;1;2;5;1;0;9;0;0;0;0;1;2;5;1
3474;Totaal mannen en vrouwen;30 tot 35 jaar;Totaal;A Landbouw, bosbouw en visserij;2015/'16;4;0;0;2;2;0;4;0;0;0;0;0;0;2;2
3475;Totaal mannen en vrouwen;30 tot 35 jaar;Totaal;A Landbouw, bosbouw en visserij;2016/'17;4;0;2;1;1;0;4;0;0;0;0;0;2;1;1
3476;Totaal mannen en vrouwen;30 tot 35 jaar;Totaal;A Landbouw, bosbouw en visserij;2017/'18;4;1;0;2;1;0;4;0;0;0;0;1;0;2;1
3477;Totaal mannen en vrouwen;30 tot 35 jaar;Totaal;A Landbouw, bosbouw en visserij;2018/'19;6;1;2;1;2;0;6;0;0;0;0;1;2;1;2
3478;Totaal mannen en vrouwen;30 tot 35 jaar;Totaal;A Landbouw, bosbouw en visserij;2019/'20;7;1;4;2;0;1;6;0;1;0;0;1;3;2;0
3479;Totaal mannen en vrouwen;30 tot 35 jaar;Totaal;A Landbouw, bosbouw en visserij;2020/'21;7;1;2;2;2;1;6;0;0;1;0;1;2;1;2
3480;Totaal mannen en vrouwen;30 tot 35 jaar;Totaal;B-E Nijverheid (geen bouw) en energie;2009/'10;803;415;229;105;54;37;766;4;14;10;9;411;215;95;45
3481;Totaal mannen en vrouwen;30 tot 35 jaar;Totaal;B-E Nijverheid (geen bouw) en energie;2010/'11;643;380;138;79;46;15;628;2;5;2;6;378;133;77;40
3482;Totaal mannen en vrouwen;30 tot 35 jaar;Totaal;B-E Nijverheid (geen bouw) en energie;2011/'12;475;241;143;63;28;19;456;3;7;2;7;238;136;61;21
3483;Totaal mannen en vrouwen;30 tot 35 jaar;Totaal;B-E Nijverheid (geen bouw) en energie;2012/'13;416;193;135;65;23;5;411;0;2;2;1;193;133;63;22
3484;Totaal mannen en vrouwen;30 tot 35 jaar;Totaal;B-E Nijverheid (geen bouw) en energie;2013/'14;202;79;51;52;20;6;196;0;2;1;3;79;49;51;17
3485;Totaal mannen en vrouwen;30 tot 35 jaar;Totaal;B-E Nijverheid (geen bouw) en energie;2014/'15;116;35;36;35;10;2;114;1;0;1;0;34;36;34;10
3486;Totaal mannen en vrouwen;30 tot 35 jaar;Totaal;B-E Nijverheid (geen bouw) en energie;2015/'16;124;33;53;27;11;1;123;0;1;0;0;33;52;27;11
3487;Totaal mannen en vrouwen;30 tot 35 jaar;Totaal;B-E Nijverheid (geen bouw) en energie;2016/'17;123;31;56;28;8;1;122;0;0;1;0;31;56;27;8
3488;Totaal mannen en vrouwen;30 tot 35 jaar;Totaal;B-E Nijverheid (geen bouw) en energie;2017/'18;75;12;27;32;4;3;72;1;1;1;0;11;26;31;4
3489;Totaal mannen en vrouwen;30 tot 35 jaar;Totaal;B-E Nijverheid (geen bouw) en energie;2018/'19;75;8;30;27;10;0;75;0;0;0;0;8;30;27;10
3490;Totaal mannen en vrouwen;30 tot 35 jaar;Totaal;B-E Nijverheid (geen bouw) en energie;2019/'20;55;15;21;13;6;1;54;0;0;0;1;15;21;13;5
3491;Totaal mannen en vrouwen;30 tot 35 jaar;Totaal;B-E Nijverheid (geen bouw) en energie;2020/'21;45;6;17;12;10;2;43;1;0;0;1;5;17;12;9
3492;Totaal mannen en vrouwen;30 tot 35 jaar;Totaal;F Bouwnijverheid;2009/'10;222;1;91;68;62;10;212;0;2;3;5;1;89;65;57
3493;Totaal mannen en vrouwen;30 tot 35 jaar;Totaal;F Bouwnijverheid;2010/'11;119;4;63;28;24;10;109;0;4;1;5;4;59;27;19
3494;Totaal mannen en vrouwen;30 tot 35 jaar;Totaal;F Bouwnijverheid;2011/'12;119;4;61;34;20;7;112;0;5;2;0;4;56;32;20
3495;Totaal mannen en vrouwen;30 tot 35 jaar;Totaal;F Bouwnijverheid;2012/'13;90;5;34;32;19;4;86;0;3;1;0;5;31;31;19
3496;Totaal mannen en vrouwen;30 tot 35 jaar;Totaal;F Bouwnijverheid;2013/'14;42;2;10;15;15;3;39;0;0;2;1;2;10;13;14
3497;Totaal mannen en vrouwen;30 tot 35 jaar;Totaal;F Bouwnijverheid;2014/'15;18;1;8;5;4;2;16;0;2;0;0;1;6;5;4
3498;Totaal mannen en vrouwen;30 tot 35 jaar;Totaal;F Bouwnijverheid;2015/'16;26;0;14;10;2;2;24;0;0;0;2;0;14;10;0
3499;Totaal mannen en vrouwen;30 tot 35 jaar;Totaal;F Bouwnijverheid;2016/'17;22;0;9;8;5;0;22;0;0;0;0;0;9;8;5
3500;Totaal mannen en vrouwen;30 tot 35 jaar;Totaal;F Bouwnijverheid;2017/'18;32;0;14;12;6;0;32;0;0;0;0;0;14;12;6
3501;Totaal mannen en vrouwen;30 tot 35 jaar;Totaal;F Bouwnijverheid;2018/'19;37;3;16;10;8;1;36;1;0;0;0;2;16;10;8
3502;Totaal mannen en vrouwen;30 tot 35 jaar;Totaal;F Bouwnijverheid;2019/'20;26;2;16;6;2;0;26;0;0;0;0;2;16;6;2
3503;Totaal mannen en vrouwen;30 tot 35 jaar;Totaal;F Bouwnijverheid;2020/'21;29;3;13;7;6;2;27;1;1;0;0;2;12;7;6
3504;Totaal mannen en vrouwen;30 tot 35 jaar;Totaal;G-I Handel, vervoer en horeca;2009/'10;1086;71;606;231;178;94;992;8;33;26;27;63;573;205;151
3505;Totaal mannen en vrouwen;30 tot 35 jaar;Totaal;G-I Handel, vervoer en horeca;2010/'11;761;77;405;148;131;64;697;13;18;12;21;64;387;136;110
3506;Totaal mannen en vrouwen;30 tot 35 jaar;Totaal;G-I Handel, vervoer en horeca;2011/'12;757;55;427;156;119;57;700;5;26;11;15;50;401;145;104
3507;Totaal mannen en vrouwen;30 tot 35 jaar;Totaal;G-I Handel, vervoer en horeca;2012/'13;656;47;344;150;115;41;615;2;19;3;17;45;325;147;98
3508;Totaal mannen en vrouwen;30 tot 35 jaar;Totaal;G-I Handel, vervoer en horeca;2013/'14;198;6;70;53;69;18;180;2;8;1;7;4;62;52;62
3509;Totaal mannen en vrouwen;30 tot 35 jaar;Totaal;G-I Handel, vervoer en horeca;2014/'15;191;9;67;58;57;8;183;0;1;2;5;9;66;56;52
3510;Totaal mannen en vrouwen;30 tot 35 jaar;Totaal;G-I Handel, vervoer en horeca;2015/'16;162;12;55;43;52;14;148;5;3;2;4;7;52;41;48
3511;Totaal mannen en vrouwen;30 tot 35 jaar;Totaal;G-I Handel, vervoer en horeca;2016/'17;223;12;65;80;66;19;204;5;3;3;8;7;62;77;58
3512;Totaal mannen en vrouwen;30 tot 35 jaar;Totaal;G-I Handel, vervoer en horeca;2017/'18;177;9;57;62;49;13;164;6;0;2;5;3;57;60;44
3513;Totaal mannen en vrouwen;30 tot 35 jaar;Totaal;G-I Handel, vervoer en horeca;2018/'19;235;17;70;69;79;12;223;9;0;0;3;8;70;69;76
3514;Totaal mannen en vrouwen;30 tot 35 jaar;Totaal;G-I Handel, vervoer en horeca;2019/'20;228;17;64;74;73;17;211;5;3;5;4;12;61;69;69
3515;Totaal mannen en vrouwen;30 tot 35 jaar;Totaal;G-I Handel, vervoer en horeca;2020/'21;200;26;53;46;75;24;176;11;4;1;8;15;49;45;67
3516;Totaal mannen en vrouwen;30 tot 35 jaar;Totaal;J Informatie en communicatie;2009/'10;48;1;14;19;14;6;42;0;1;2;3;1;13;17;11
3517;Totaal mannen en vrouwen;30 tot 35 jaar;Totaal;J Informatie en communicatie;2010/'11;31;2;8;12;9;4;27;1;1;1;1;1;7;11;8
3518;Totaal mannen en vrouwen;30 tot 35 jaar;Totaal;J Informatie en communicatie;2011/'12;27;1;6;8;12;4;23;1;2;0;1;0;4;8;11
3519;Totaal mannen en vrouwen;30 tot 35 jaar;Totaal;J Informatie en communicatie;2012/'13;16;1;3;4;8;1;15;0;1;0;0;1;2;4;8
3520;Totaal mannen en vrouwen;30 tot 35 jaar;Totaal;J Informatie en communicatie;2013/'14;10;0;2;1;7;3;7;0;1;0;2;0;1;1;5
3521;Totaal mannen en vrouwen;30 tot 35 jaar;Totaal;J Informatie en communicatie;2014/'15;3;0;3;0;0;1;2;0;1;0;0;0;2;0;0
3522;Totaal mannen en vrouwen;30 tot 35 jaar;Totaal;J Informatie en communicatie;2015/'16;7;0;4;0;3;0;7;0;0;0;0;0;4;0;3
3523;Totaal mannen en vrouwen;30 tot 35 jaar;Totaal;J Informatie en communicatie;2016/'17;2;0;1;0;1;0;2;0;0;0;0;0;1;0;1
3524;Totaal mannen en vrouwen;30 tot 35 jaar;Totaal;J Informatie en communicatie;2017/'18;6;0;0;6;0;0;6;0;0;0;0;0;0;6;0
3525;Totaal mannen en vrouwen;30 tot 35 jaar;Totaal;J Informatie en communicatie;2018/'19;7;1;2;2;2;0;7;0;0;0;0;1;2;2;2
3526;Totaal mannen en vrouwen;30 tot 35 jaar;Totaal;J Informatie en communicatie;2019/'20;12;0;0;5;7;0;12;0;0;0;0;0;0;5;7
3527;Totaal mannen en vrouwen;30 tot 35 jaar;Totaal;J Informatie en communicatie;2020/'21;8;0;2;3;3;0;8;0;0;0;0;0;2;3;3
3528;Totaal mannen en vrouwen;30 tot 35 jaar;Totaal;K Financiële dienstverlening;2009/'10;74;4;8;11;51;9;65;0;0;5;4;4;8;6;47
3529;Totaal mannen en vrouwen;30 tot 35 jaar;Totaal;K Financiële dienstverlening;2010/'11;30;3;2;4;21;4;26;1;2;1;0;2;0;3;21
3530;Totaal mannen en vrouwen;30 tot 35 jaar;Totaal;K Financiële dienstverlening;2011/'12;37;0;9;9;19;7;30;0;5;2;0;0;4;7;19
3531;Totaal mannen en vrouwen;30 tot 35 jaar;Totaal;K Financiële dienstverlening;2012/'13;25;1;7;2;15;3;22;0;1;0;2;1;6;2;13
3532;Totaal mannen en vrouwen;30 tot 35 jaar;Totaal;K Financiële dienstverlening;2013/'14;8;0;2;1;5;2;6;0;1;0;1;0;1;1;4
3533;Totaal mannen en vrouwen;30 tot 35 jaar;Totaal;K Financiële dienstverlening;2014/'15;3;0;2;1;0;0;3;0;0;0;0;0;2;1;0
3534;Totaal mannen en vrouwen;30 tot 35 jaar;Totaal;K Financiële dienstverlening;2015/'16;5;0;3;1;1;0;5;0;0;0;0;0;3;1;1
3535;Totaal mannen en vrouwen;30 tot 35 jaar;Totaal;K Financiële dienstverlening;2016/'17;6;0;1;2;3;0;6;0;0;0;0;0;1;2;3
3536;Totaal mannen en vrouwen;30 tot 35 jaar;Totaal;K Financiële dienstverlening;2017/'18;3;0;0;2;1;0;3;0;0;0;0;0;0;2;1
3537;Totaal mannen en vrouwen;30 tot 35 jaar;Totaal;K Financiële dienstverlening;2018/'19;8;0;3;1;4;0;8;0;0;0;0;0;3;1;4
3538;Totaal mannen en vrouwen;30 tot 35 jaar;Totaal;K Financiële dienstverlening;2019/'20;5;0;1;0;4;0;5;0;0;0;0;0;1;0;4
3539;Totaal mannen en vrouwen;30 tot 35 jaar;Totaal;K Financiële dienstverlening;2020/'21;5;0;2;3;0;0;5;0;0;0;0;0;2;3;0
3540;Totaal mannen en vrouwen;30 tot 35 jaar;Totaal;L Verhuur en handel van onroerend goed;2009/'10;22;1;9;5;7;1;21;0;0;1;0;1;9;4;7
3541;Totaal mannen en vrouwen;30 tot 35 jaar;Totaal;L Verhuur en handel van onroerend goed;2010/'11;11;1;3;2;5;2;9;0;1;1;0;1;2;1;5
3542;Totaal mannen en vrouwen;30 tot 35 jaar;Totaal;L Verhuur en handel van onroerend goed;2011/'12;17;2;8;5;2;2;15;1;0;1;0;1;8;4;2
3543;Totaal mannen en vrouwen;30 tot 35 jaar;Totaal;L Verhuur en handel van onroerend goed;2012/'13;10;0;7;2;1;2;8;0;2;0;0;0;5;2;1
3544;Totaal mannen en vrouwen;30 tot 35 jaar;Totaal;L Verhuur en handel van onroerend goed;2013/'14;5;0;3;0;2;1;4;0;1;0;0;0;2;0;2
3545;Totaal mannen en vrouwen;30 tot 35 jaar;Totaal;L Verhuur en handel van onroerend goed;2014/'15;2;0;1;1;0;0;2;0;0;0;0;0;1;1;0
3546;Totaal mannen en vrouwen;30 tot 35 jaar;Totaal;L Verhuur en handel van onroerend goed;2015/'16;1;0;0;1;0;0;1;0;0;0;0;0;0;1;0
3547;Totaal mannen en vrouwen;30 tot 35 jaar;Totaal;L Verhuur en handel van onroerend goed;2016/'17;2;0;1;1;0;0;2;0;0;0;0;0;1;1;0
3548;Totaal mannen en vrouwen;30 tot 35 jaar;Totaal;L Verhuur en handel van onroerend goed;2017/'18;0;0;0;0;0;0;0;0;0;0;0;0;0;0;0
3549;Totaal mannen en vrouwen;30 tot 35 jaar;Totaal;L Verhuur en handel van onroerend goed;2018/'19;1;0;1;0;0;0;1;0;0;0;0;0;1;0;0
3550;Totaal mannen en vrouwen;30 tot 35 jaar;Totaal;L Verhuur en handel van onroerend goed;2019/'20;2;1;1;0;0;0;2;0;0;0;0;1;1;0;0
3551;Totaal mannen en vrouwen;30 tot 35 jaar;Totaal;L Verhuur en handel van onroerend goed;2020/'21;2;1;0;0;1;1;1;1;0;0;0;0;0;0;1
3552;Totaal mannen en vrouwen;30 tot 35 jaar;Totaal;M-N Zakelijke dienstverlening;2009/'10;769;151;284;186;148;110;659;22;35;26;27;129;249;160;121
3553;Totaal mannen en vrouwen;30 tot 35 jaar;Totaal;M-N Zakelijke dienstverlening;2010/'11;686;114;244;244;84;97;589;21;41;16;19;93;203;228;65
3554;Totaal mannen en vrouwen;30 tot 35 jaar;Totaal;M-N Zakelijke dienstverlening;2011/'12;530;95;243;127;65;69;461;6;37;13;13;89;206;114;52
3555;Totaal mannen en vrouwen;30 tot 35 jaar;Totaal;M-N Zakelijke dienstverlening;2012/'13;477;137;171;92;77;52;425;4;21;8;19;133;150;84;58
3556;Totaal mannen en vrouwen;30 tot 35 jaar;Totaal;M-N Zakelijke dienstverlening;2013/'14;225;32;89;51;53;30;195;3;16;2;9;29;73;49;44
3557;Totaal mannen en vrouwen;30 tot 35 jaar;Totaal;M-N Zakelijke dienstverlening;2014/'15;166;33;67;33;33;13;153;3;4;2;4;30;63;31;29
3558;Totaal mannen en vrouwen;30 tot 35 jaar;Totaal;M-N Zakelijke dienstverlening;2015/'16;151;31;55;42;23;8;143;3;1;1;3;28;54;41;20
3559;Totaal mannen en vrouwen;30 tot 35 jaar;Totaal;M-N Zakelijke dienstverlening;2016/'17;190;25;100;46;19;9;181;2;2;2;3;23;98;44;16
3560;Totaal mannen en vrouwen;30 tot 35 jaar;Totaal;M-N Zakelijke dienstverlening;2017/'18;201;16;87;62;36;10;191;0;2;5;3;16;85;57;33
3561;Totaal mannen en vrouwen;30 tot 35 jaar;Totaal;M-N Zakelijke dienstverlening;2018/'19;232;45;85;65;37;11;221;6;4;1;0;39;81;64;37
3562;Totaal mannen en vrouwen;30 tot 35 jaar;Totaal;M-N Zakelijke dienstverlening;2019/'20;179;42;53;55;29;5;174;4;0;0;1;38;53;55;28
3563;Totaal mannen en vrouwen;30 tot 35 jaar;Totaal;M-N Zakelijke dienstverlening;2020/'21;179;62;40;38;39;18;161;9;2;2;5;53;38;36;34
3564;Totaal mannen en vrouwen;30 tot 35 jaar;Totaal;O-Q Overheid en zorg;2009/'10;717;58;156;229;274;85;632;3;17;26;39;55;139;203;235
3565;Totaal mannen en vrouwen;30 tot 35 jaar;Totaal;O-Q Overheid en zorg;2010/'11;689;42;135;232;280;84;605;0;24;23;37;42;111;209;243
3566;Totaal mannen en vrouwen;30 tot 35 jaar;Totaal;O-Q Overheid en zorg;2011/'12;575;32;167;205;171;63;512;1;23;20;19;31;144;185;152
3567;Totaal mannen en vrouwen;30 tot 35 jaar;Totaal;O-Q Overheid en zorg;2012/'13;570;36;137;237;160;61;509;0;11;42;8;36;126;195;152
3568;Totaal mannen en vrouwen;30 tot 35 jaar;Totaal;O-Q Overheid en zorg;2013/'14;362;29;73;131;129;26;336;2;5;7;12;27;68;124;117
3569;Totaal mannen en vrouwen;30 tot 35 jaar;Totaal;O-Q Overheid en zorg;2014/'15;234;5;30;124;75;5;229;0;4;1;0;5;26;123;75
3570;Totaal mannen en vrouwen;30 tot 35 jaar;Totaal;O-Q Overheid en zorg;2015/'16;214;14;27;106;67;7;207;1;1;1;4;13;26;105;63
3571;Totaal mannen en vrouwen;30 tot 35 jaar;Totaal;O-Q Overheid en zorg;2016/'17;301;6;44;104;147;10;291;1;4;3;2;5;40;101;145
3572;Totaal mannen en vrouwen;30 tot 35 jaar;Totaal;O-Q Overheid en zorg;2017/'18;211;6;32;81;92;2;209;0;0;1;1;6;32;80;91
3573;Totaal mannen en vrouwen;30 tot 35 jaar;Totaal;O-Q Overheid en zorg;2018/'19;185;9;36;74;66;6;179;2;2;1;1;7;34;73;65
3574;Totaal mannen en vrouwen;30 tot 35 jaar;Totaal;O-Q Overheid en zorg;2019/'20;145;10;31;50;54;3;142;1;0;0;2;9;31;50;52
3575;Totaal mannen en vrouwen;30 tot 35 jaar;Totaal;O-Q Overheid en zorg;2020/'21;106;6;18;29;53;2;104;2;0;0;0;4;18;29;53
3576;Totaal mannen en vrouwen;30 tot 35 jaar;Totaal;R-U Cultuur, recreatie, overige diensten;2009/'10;85;6;24;30;25;10;75;0;3;4;3;6;21;26;22
3577;Totaal mannen en vrouwen;30 tot 35 jaar;Totaal;R-U Cultuur, recreatie, overige diensten;2010/'11;66;3;17;17;29;16;50;0;4;5;7;3;13;12;22
3578;Totaal mannen en vrouwen;30 tot 35 jaar;Totaal;R-U Cultuur, recreatie, overige diensten;2011/'12;103;35;26;20;22;7;96;0;2;3;2;35;24;17;20
3579;Totaal mannen en vrouwen;30 tot 35 jaar;Totaal;R-U Cultuur, recreatie, overige diensten;2012/'13;75;16;31;12;16;7;68;0;2;0;5;16;29;12;11
3580;Totaal mannen en vrouwen;30 tot 35 jaar;Totaal;R-U Cultuur, recreatie, overige diensten;2013/'14;22;1;3;7;11;3;19;0;0;1;2;1;3;6;9
3581;Totaal mannen en vrouwen;30 tot 35 jaar;Totaal;R-U Cultuur, recreatie, overige diensten;2014/'15;16;2;8;2;4;3;13;1;1;0;1;1;7;2;3
3582;Totaal mannen en vrouwen;30 tot 35 jaar;Totaal;R-U Cultuur, recreatie, overige diensten;2015/'16;14;0;6;3;5;2;12;0;1;0;1;0;5;3;4
3583;Totaal mannen en vrouwen;30 tot 35 jaar;Totaal;R-U Cultuur, recreatie, overige diensten;2016/'17;29;0;13;8;8;4;25;0;1;0;3;0;12;8;5
3584;Totaal mannen en vrouwen;30 tot 35 jaar;Totaal;R-U Cultuur, recreatie, overige diensten;2017/'18;23;2;3;14;4;0;23;0;0;0;0;2;3;14;4
3585;Totaal mannen en vrouwen;30 tot 35 jaar;Totaal;R-U Cultuur, recreatie, overige diensten;2018/'19;22;2;5;8;7;0;22;0;0;0;0;2;5;8;7
3586;Totaal mannen en vrouwen;30 tot 35 jaar;Totaal;R-U Cultuur, recreatie, overige diensten;2019/'20;32;2;3;12;15;0;32;0;0;0;0;2;3;12;15
3587;Totaal mannen en vrouwen;30 tot 35 jaar;Totaal;R-U Cultuur, recreatie, overige diensten;2020/'21;31;3;3;14;11;3;28;1;1;1;0;2;2;13;11
3588;Totaal mannen en vrouwen;30 tot 35 jaar;Totaal;SBI-code onbekend;2009/'10;67;1;30;20;16;14;53;0;6;5;3;1;24;15;13
3589;Totaal mannen en vrouwen;30 tot 35 jaar;Totaal;SBI-code onbekend;2010/'11;58;5;30;14;9;8;50;1;2;3;2;4;28;11;7
3590;Totaal mannen en vrouwen;30 tot 35 jaar;Totaal;SBI-code onbekend;2011/'12;63;3;28;15;17;11;52;0;8;0;3;3;20;15;14
3591;Totaal mannen en vrouwen;30 tot 35 jaar;Totaal;SBI-code onbekend;2012/'13;57;3;26;15;13;11;46;1;5;2;3;2;21;13;10
3592;Totaal mannen en vrouwen;30 tot 35 jaar;Totaal;SBI-code onbekend;2013/'14;31;2;12;9;8;1;30;0;1;0;0;2;11;9;8
3593;Totaal mannen en vrouwen;30 tot 35 jaar;Totaal;SBI-code onbekend;2014/'15;19;3;7;2;7;4;15;2;1;0;1;1;6;2;6
3594;Totaal mannen en vrouwen;30 tot 35 jaar;Totaal;SBI-code onbekend;2015/'16;7;0;4;0;3;0;7;0;0;0;0;0;4;0;3
3595;Totaal mannen en vrouwen;30 tot 35 jaar;Totaal;SBI-code onbekend;2016/'17;6;0;4;1;1;0;6;0;0;0;0;0;4;1;1
3596;Totaal mannen en vrouwen;30 tot 35 jaar;Totaal;SBI-code onbekend;2017/'18;13;1;7;3;2;4;9;1;2;0;1;0;5;3;1
3597;Totaal mannen en vrouwen;30 tot 35 jaar;Totaal;SBI-code onbekend;2018/'19;9;0;2;6;1;0;9;0;0;0;0;0;2;6;1
3598;Totaal mannen en vrouwen;30 tot 35 jaar;Totaal;SBI-code onbekend;2019/'20;4;1;0;1;2;2;2;1;0;0;1;0;0;1;1
3599;Totaal mannen en vrouwen;30 tot 35 jaar;Totaal;SBI-code onbekend;2020/'21;3;0;0;1;2;0;3;0;0;0;0;0;0;1;2
3600;Totaal mannen en vrouwen;30 tot 35 jaar;Sector landbouw;A-U Alle economische activiteiten;2009/'10;339;180;76;56;27;5;334;0;0;1;4;180;76;55;23
3601;Totaal mannen en vrouwen;30 tot 35 jaar;Sector landbouw;A-U Alle economische activiteiten;2010/'11;303;168;64;55;16;10;293;0;1;4;5;168;63;51;11
3602;Totaal mannen en vrouwen;30 tot 35 jaar;Sector landbouw;A-U Alle economische activiteiten;2011/'12;273;151;58;50;14;5;268;0;0;0;5;151;58;50;9
3603;Totaal mannen en vrouwen;30 tot 35 jaar;Sector landbouw;A-U Alle economische activiteiten;2012/'13;307;168;77;47;15;1;306;0;0;0;1;168;77;47;14
3604;Totaal mannen en vrouwen;30 tot 35 jaar;Sector landbouw;A-U Alle economische activiteiten;2013/'14;106;38;37;26;5;0;106;0;0;0;0;38;37;26;5
3605;Totaal mannen en vrouwen;30 tot 35 jaar;Sector landbouw;A-U Alle economische activiteiten;2014/'15;89;26;38;21;4;0;89;0;0;0;0;26;38;21;4
3606;Totaal mannen en vrouwen;30 tot 35 jaar;Sector landbouw;A-U Alle economische activiteiten;2015/'16;69;18;16;30;5;1;68;0;0;1;0;18;16;29;5
3607;Totaal mannen en vrouwen;30 tot 35 jaar;Sector landbouw;A-U Alle economische activiteiten;2016/'17;51;2;31;16;2;0;51;0;0;0;0;2;31;16;2
3608;Totaal mannen en vrouwen;30 tot 35 jaar;Sector landbouw;A-U Alle economische activiteiten;2017/'18;35;0;16;14;5;1;34;0;0;0;1;0;16;14;4
3609;Totaal mannen en vrouwen;30 tot 35 jaar;Sector landbouw;A-U Alle economische activiteiten;2018/'19;32;0;7;16;9;0;32;0;0;0;0;0;7;16;9
3610;Totaal mannen en vrouwen;30 tot 35 jaar;Sector landbouw;A-U Alle economische activiteiten;2019/'20;34;0;16;15;3;1;33;0;0;0;1;0;16;15;2
3611;Totaal mannen en vrouwen;30 tot 35 jaar;Sector landbouw;A-U Alle economische activiteiten;2020/'21;43;25;3;12;3;1;42;0;0;0;1;25;3;12;2
3612;Totaal mannen en vrouwen;30 tot 35 jaar;Sector landbouw;A Landbouw, bosbouw en visserij;2009/'10;9;0;2;5;2;0;9;0;0;0;0;0;2;5;2
3613;Totaal mannen en vrouwen;30 tot 35 jaar;Sector landbouw;A Landbouw, bosbouw en visserij;2010/'11;6;4;1;1;0;0;6;0;0;0;0;4;1;1;0
3614;Totaal mannen en vrouwen;30 tot 35 jaar;Sector landbouw;A Landbouw, bosbouw en visserij;2011/'12;2;0;0;2;0;0;2;0;0;0;0;0;0;2;0
3615;Totaal mannen en vrouwen;30 tot 35 jaar;Sector landbouw;A Landbouw, bosbouw en visserij;2012/'13;15;10;2;1;2;0;15;0;0;0;0;10;2;1;2
3616;Totaal mannen en vrouwen;30 tot 35 jaar;Sector landbouw;A Landbouw, bosbouw en visserij;2013/'14;2;0;1;1;0;0;2;0;0;0;0;0;1;1;0
3617;Totaal mannen en vrouwen;30 tot 35 jaar;Sector landbouw;A Landbouw, bosbouw en visserij;2014/'15;4;1;0;3;0;0;4;0;0;0;0;1;0;3;0
3618;Totaal mannen en vrouwen;30 tot 35 jaar;Sector landbouw;A Landbouw, bosbouw en visserij;2015/'16;1;0;0;0;1;0;1;0;0;0;0;0;0;0;1
3619;Totaal mannen en vrouwen;30 tot 35 jaar;Sector landbouw;A Landbouw, bosbouw en visserij;2016/'17;0;0;0;0;0;0;0;0;0;0;0;0;0;0;0
3620;Totaal mannen en vrouwen;30 tot 35 jaar;Sector landbouw;A Landbouw, bosbouw en visserij;2017/'18;0;0;0;0;0;0;0;0;0;0;0;0;0;0;0
3621;Totaal mannen en vrouwen;30 tot 35 jaar;Sector landbouw;A Landbouw, bosbouw en visserij;2018/'19;0;0;0;0;0;0;0;0;0;0;0;0;0;0;0
3622;Totaal mannen en vrouwen;30 tot 35 jaar;Sector landbouw;A Landbouw, bosbouw en visserij;2019/'20;0;0;0;0;0;0;0;0;0;0;0;0;0;0;0
3623;Totaal mannen en vrouwen;30 tot 35 jaar;Sector landbouw;A Landbouw, bosbouw en visserij;2020/'21;1;1;0;0;0;0;1;0;0;0;0;1;0;0;0
3624;Totaal mannen en vrouwen;30 tot 35 jaar;Sector landbouw;B-E Nijverheid (geen bouw) en energie;2009/'10;183;141;17;21;4;0;183;0;0;0;0;141;17;21;4
3625;Totaal mannen en vrouwen;30 tot 35 jaar;Sector landbouw;B-E Nijverheid (geen bouw) en energie;2010/'11;178;132;27;17;2;0;178;0;0;0;0;132;27;17;2
3626;Totaal mannen en vrouwen;30 tot 35 jaar;Sector landbouw;B-E Nijverheid (geen bouw) en energie;2011/'12;163;121;27;13;2;1;162;0;0;0;1;121;27;13;1
3627;Totaal mannen en vrouwen;30 tot 35 jaar;Sector landbouw;B-E Nijverheid (geen bouw) en energie;2012/'13;125;77;28;18;2;0;125;0;0;0;0;77;28;18;2
3628;Totaal mannen en vrouwen;30 tot 35 jaar;Sector landbouw;B-E Nijverheid (geen bouw) en energie;2013/'14;54;33;12;9;0;0;54;0;0;0;0;33;12;9;0
3629;Totaal mannen en vrouwen;30 tot 35 jaar;Sector landbouw;B-E Nijverheid (geen bouw) en energie;2014/'15;34;15;14;4;1;0;34;0;0;0;0;15;14;4;1
3630;Totaal mannen en vrouwen;30 tot 35 jaar;Sector landbouw;B-E Nijverheid (geen bouw) en energie;2015/'16;29;11;9;7;2;0;29;0;0;0;0;11;9;7;2
3631;Totaal mannen en vrouwen;30 tot 35 jaar;Sector landbouw;B-E Nijverheid (geen bouw) en energie;2016/'17;10;0;7;3;0;0;10;0;0;0;0;0;7;3;0
3632;Totaal mannen en vrouwen;30 tot 35 jaar;Sector landbouw;B-E Nijverheid (geen bouw) en energie;2017/'18;11;0;7;3;1;0;11;0;0;0;0;0;7;3;1
3633;Totaal mannen en vrouwen;30 tot 35 jaar;Sector landbouw;B-E Nijverheid (geen bouw) en energie;2018/'19;11;0;4;4;3;0;11;0;0;0;0;0;4;4;3
3634;Totaal mannen en vrouwen;30 tot 35 jaar;Sector landbouw;B-E Nijverheid (geen bouw) en energie;2019/'20;5;0;4;0;1;1;4;0;0;0;1;0;4;0;0
3635;Totaal mannen en vrouwen;30 tot 35 jaar;Sector landbouw;B-E Nijverheid (geen bouw) en energie;2020/'21;1;0;0;0;1;0;1;0;0;0;0;0;0;0;1
3636;Totaal mannen en vrouwen;30 tot 35 jaar;Sector landbouw;F Bouwnijverheid;2009/'10;0;0;0;0;0;0;0;0;0;0;0;0;0;0;0
3637;Totaal mannen en vrouwen;30 tot 35 jaar;Sector landbouw;F Bouwnijverheid;2010/'11;2;1;0;1;0;0;2;0;0;0;0;1;0;1;0
3638;Totaal mannen en vrouwen;30 tot 35 jaar;Sector landbouw;F Bouwnijverheid;2011/'12;0;0;0;0;0;0;0;0;0;0;0;0;0;0;0
3639;Totaal mannen en vrouwen;30 tot 35 jaar;Sector landbouw;F Bouwnijverheid;2012/'13;3;2;0;1;0;0;3;0;0;0;0;2;0;1;0
3640;Totaal mannen en vrouwen;30 tot 35 jaar;Sector landbouw;F Bouwnijverheid;2013/'14;1;0;0;1;0;0;1;0;0;0;0;0;0;1;0
3641;Totaal mannen en vrouwen;30 tot 35 jaar;Sector landbouw;F Bouwnijverheid;2014/'15;1;0;0;1;0;0;1;0;0;0;0;0;0;1;0
3642;Totaal mannen en vrouwen;30 tot 35 jaar;Sector landbouw;F Bouwnijverheid;2015/'16;0;0;0;0;0;0;0;0;0;0;0;0;0;0;0
3643;Totaal mannen en vrouwen;30 tot 35 jaar;Sector landbouw;F Bouwnijverheid;2016/'17;1;0;0;0;1;0;1;0;0;0;0;0;0;0;1
3644;Totaal mannen en vrouwen;30 tot 35 jaar;Sector landbouw;F Bouwnijverheid;2017/'18;0;0;0;0;0;0;0;0;0;0;0;0;0;0;0
3645;Totaal mannen en vrouwen;30 tot 35 jaar;Sector landbouw;F Bouwnijverheid;2018/'19;0;0;0;0;0;0;0;0;0;0;0;0;0;0;0
3646;Totaal mannen en vrouwen;30 tot 35 jaar;Sector landbouw;F Bouwnijverheid;2019/'20;0;0;0;0;0;0;0;0;0;0;0;0;0;0;0
3647;Totaal mannen en vrouwen;30 tot 35 jaar;Sector landbouw;F Bouwnijverheid;2020/'21;1;0;1;0;0;0;1;0;0;0;0;0;1;0;0
3648;Totaal mannen en vrouwen;30 tot 35 jaar;Sector landbouw;G-I Handel, vervoer en horeca;2009/'10;38;6;19;5;8;2;36;0;0;0;2;6;19;5;6
3649;Totaal mannen en vrouwen;30 tot 35 jaar;Sector landbouw;G-I Handel, vervoer en horeca;2010/'11;37;3;15;15;4;4;33;0;1;0;3;3;14;15;1
3650;Totaal mannen en vrouwen;30 tot 35 jaar;Sector landbouw;G-I Handel, vervoer en horeca;2011/'12;32;9;16;4;3;2;30;0;0;0;2;9;16;4;1
3651;Totaal mannen en vrouwen;30 tot 35 jaar;Sector landbouw;G-I Handel, vervoer en horeca;2012/'13;52;14;19;16;3;1;51;0;0;0;1;14;19;16;2
3652;Totaal mannen en vrouwen;30 tot 35 jaar;Sector landbouw;G-I Handel, vervoer en horeca;2013/'14;8;0;3;3;2;0;8;0;0;0;0;0;3;3;2
3653;Totaal mannen en vrouwen;30 tot 35 jaar;Sector landbouw;G-I Handel, vervoer en horeca;2014/'15;11;1;7;2;1;0;11;0;0;0;0;1;7;2;1
3654;Totaal mannen en vrouwen;30 tot 35 jaar;Sector landbouw;G-I Handel, vervoer en horeca;2015/'16;6;1;3;2;0;0;6;0;0;0;0;1;3;2;0
3655;Totaal mannen en vrouwen;30 tot 35 jaar;Sector landbouw;G-I Handel, vervoer en horeca;2016/'17;6;0;2;4;0;0;6;0;0;0;0;0;2;4;0
3656;Totaal mannen en vrouwen;30 tot 35 jaar;Sector landbouw;G-I Handel, vervoer en horeca;2017/'18;7;0;2;2;3;1;6;0;0;0;1;0;2;2;2
3657;Totaal mannen en vrouwen;30 tot 35 jaar;Sector landbouw;G-I Handel, vervoer en horeca;2018/'19;8;0;2;3;3;0;8;0;0;0;0;0;2;3;3
3658;Totaal mannen en vrouwen;30 tot 35 jaar;Sector landbouw;G-I Handel, vervoer en horeca;2019/'20;6;0;2;4;0;0;6;0;0;0;0;0;2;4;0
3659;Totaal mannen en vrouwen;30 tot 35 jaar;Sector landbouw;G-I Handel, vervoer en horeca;2020/'21;3;0;0;2;1;1;2;0;0;0;1;0;0;2;0
3660;Totaal mannen en vrouwen;30 tot 35 jaar;Sector landbouw;J Informatie en communicatie;2009/'10;0;0;0;0;0;0;0;0;0;0;0;0;0;0;0
3661;Totaal mannen en vrouwen;30 tot 35 jaar;Sector landbouw;J Informatie en communicatie;2010/'11;3;0;1;2;0;1;2;0;0;1;0;0;1;1;0
3662;Totaal mannen en vrouwen;30 tot 35 jaar;Sector landbouw;J Informatie en communicatie;2011/'12;0;0;0;0;0;0;0;0;0;0;0;0;0;0;0
3663;Totaal mannen en vrouwen;30 tot 35 jaar;Sector landbouw;J Informatie en communicatie;2012/'13;2;0;2;0;0;0;2;0;0;0;0;0;2;0;0
3664;Totaal mannen en vrouwen;30 tot 35 jaar;Sector landbouw;J Informatie en communicatie;2013/'14;0;0;0;0;0;0;0;0;0;0;0;0;0;0;0
3665;Totaal mannen en vrouwen;30 tot 35 jaar;Sector landbouw;J Informatie en communicatie;2014/'15;0;0;0;0;0;0;0;0;0;0;0;0;0;0;0
3666;Totaal mannen en vrouwen;30 tot 35 jaar;Sector landbouw;J Informatie en communicatie;2015/'16;0;0;0;0;0;0;0;0;0;0;0;0;0;0;0
3667;Totaal mannen en vrouwen;30 tot 35 jaar;Sector landbouw;J Informatie en communicatie;2016/'17;0;0;0;0;0;0;0;0;0;0;0;0;0;0;0
3668;Totaal mannen en vrouwen;30 tot 35 jaar;Sector landbouw;J Informatie en communicatie;2017/'18;0;0;0;0;0;0;0;0;0;0;0;0;0;0;0
3669;Totaal mannen en vrouwen;30 tot 35 jaar;Sector landbouw;J Informatie en communicatie;2018/'19;1;0;0;1;0;0;1;0;0;0;0;0;0;1;0
3670;Totaal mannen en vrouwen;30 tot 35 jaar;Sector landbouw;J Informatie en communicatie;2019/'20;1;0;0;1;0;0;1;0;0;0;0;0;0;1;0
3671;Totaal mannen en vrouwen;30 tot 35 jaar;Sector landbouw;J Informatie en communicatie;2020/'21;2;0;0;2;0;0;2;0;0;0;0;0;0;2;0
3672;Totaal mannen en vrouwen;30 tot 35 jaar;Sector landbouw;K Financiële dienstverlening;2009/'10;1;0;0;0;1;1;0;0;0;0;1;0;0;0;0
3673;Totaal mannen en vrouwen;30 tot 35 jaar;Sector landbouw;K Financiële dienstverlening;2010/'11;1;0;0;1;0;1;0;0;0;1;0;0;0;0;0
3674;Totaal mannen en vrouwen;30 tot 35 jaar;Sector landbouw;K Financiële dienstverlening;2011/'12;0;0;0;0;0;0;0;0;0;0;0;0;0;0;0
3675;Totaal mannen en vrouwen;30 tot 35 jaar;Sector landbouw;K Financiële dienstverlening;2012/'13;2;1;1;0;0;0;2;0;0;0;0;1;1;0;0
3676;Totaal mannen en vrouwen;30 tot 35 jaar;Sector landbouw;K Financiële dienstverlening;2013/'14;0;0;0;0;0;0;0;0;0;0;0;0;0;0;0
3677;Totaal mannen en vrouwen;30 tot 35 jaar;Sector landbouw;K Financiële dienstverlening;2014/'15;1;0;0;1;0;0;1;0;0;0;0;0;0;1;0
3678;Totaal mannen en vrouwen;30 tot 35 jaar;Sector landbouw;K Financiële dienstverlening;2015/'16;0;0;0;0;0;0;0;0;0;0;0;0;0;0;0
3679;Totaal mannen en vrouwen;30 tot 35 jaar;Sector landbouw;K Financiële dienstverlening;2016/'17;0;0;0;0;0;0;0;0;0;0;0;0;0;0;0
3680;Totaal mannen en vrouwen;30 tot 35 jaar;Sector landbouw;K Financiële dienstverlening;2017/'18;1;0;0;1;0;0;1;0;0;0;0;0;0;1;0
3681;Totaal mannen en vrouwen;30 tot 35 jaar;Sector landbouw;K Financiële dienstverlening;2018/'19;0;0;0;0;0;0;0;0;0;0;0;0;0;0;0
3682;Totaal mannen en vrouwen;30 tot 35 jaar;Sector landbouw;K Financiële dienstverlening;2019/'20;1;0;0;0;1;0;1;0;0;0;0;0;0;0;1
3683;Totaal mannen en vrouwen;30 tot 35 jaar;Sector landbouw;K Financiële dienstverlening;2020/'21;1;0;0;1;0;0;1;0;0;0;0;0;0;1;0
3684;Totaal mannen en vrouwen;30 tot 35 jaar;Sector landbouw;L Verhuur en handel van onroerend goed;2009/'10;0;0;0;0;0;0;0;0;0;0;0;0;0;0;0
3685;Totaal mannen en vrouwen;30 tot 35 jaar;Sector landbouw;L Verhuur en handel van onroerend goed;2010/'11;1;0;0;1;0;0;1;0;0;0;0;0;0;1;0
3686;Totaal mannen en vrouwen;30 tot 35 jaar;Sector landbouw;L Verhuur en handel van onroerend goed;2011/'12;1;0;0;1;0;0;1;0;0;0;0;0;0;1;0
3687;Totaal mannen en vrouwen;30 tot 35 jaar;Sector landbouw;L Verhuur en handel van onroerend goed;2012/'13;0;0;0;0;0;0;0;0;0;0;0;0;0;0;0
3688;Totaal mannen en vrouwen;30 tot 35 jaar;Sector landbouw;L Verhuur en handel van onroerend goed;2013/'14;0;0;0;0;0;0;0;0;0;0;0;0;0;0;0
3689;Totaal mannen en vrouwen;30 tot 35 jaar;Sector landbouw;L Verhuur en handel van onroerend goed;2014/'15;0;0;0;0;0;0;0;0;0;0;0;0;0;0;0
3690;Totaal mannen en vrouwen;30 tot 35 jaar;Sector landbouw;L Verhuur en handel van onroerend goed;2015/'16;0;0;0;0;0;0;0;0;0;0;0;0;0;0;0
3691;Totaal mannen en vrouwen;30 tot 35 jaar;Sector landbouw;L Verhuur en handel van onroerend goed;2016/'17;0;0;0;0;0;0;0;0;0;0;0;0;0;0;0
3692;Totaal mannen en vrouwen;30 tot 35 jaar;Sector landbouw;L Verhuur en handel van onroerend goed;2017/'18;0;0;0;0;0;0;0;0;0;0;0;0;0;0;0
3693;Totaal mannen en vrouwen;30 tot 35 jaar;Sector landbouw;L Verhuur en handel van onroerend goed;2018/'19;0;0;0;0;0;0;0;0;0;0;0;0;0;0;0
3694;Totaal mannen en vrouwen;30 tot 35 jaar;Sector landbouw;L Verhuur en handel van onroerend goed;2019/'20;0;0;0;0;0;0;0;0;0;0;0;0;0;0;0
3695;Totaal mannen en vrouwen;30 tot 35 jaar;Sector landbouw;L Verhuur en handel van onroerend goed;2020/'21;0;0;0;0;0;0;0;0;0;0;0;0;0;0;0
3696;Totaal mannen en vrouwen;30 tot 35 jaar;Sector landbouw;M-N Zakelijke dienstverlening;2009/'10;74;30;25;12;7;1;73;0;0;0;1;30;25;12;6
3697;Totaal mannen en vrouwen;30 tot 35 jaar;Sector landbouw;M-N Zakelijke dienstverlening;2010/'11;60;24;19;10;7;1;59;0;0;0;1;24;19;10;6
3698;Totaal mannen en vrouwen;30 tot 35 jaar;Sector landbouw;M-N Zakelijke dienstverlening;2011/'12;51;17;10;19;5;1;50;0;0;0;1;17;10;19;4
3699;Totaal mannen en vrouwen;30 tot 35 jaar;Sector landbouw;M-N Zakelijke dienstverlening;2012/'13;89;58;18;8;5;0;89;0;0;0;0;58;18;8;5
3700;Totaal mannen en vrouwen;30 tot 35 jaar;Sector landbouw;M-N Zakelijke dienstverlening;2013/'14;24;5;10;8;1;0;24;0;0;0;0;5;10;8;1
3701;Totaal mannen en vrouwen;30 tot 35 jaar;Sector landbouw;M-N Zakelijke dienstverlening;2014/'15;29;9;13;6;1;0;29;0;0;0;0;9;13;6;1
3702;Totaal mannen en vrouwen;30 tot 35 jaar;Sector landbouw;M-N Zakelijke dienstverlening;2015/'16;22;6;1;15;0;1;21;0;0;1;0;6;1;14;0
3703;Totaal mannen en vrouwen;30 tot 35 jaar;Sector landbouw;M-N Zakelijke dienstverlening;2016/'17;27;2;19;6;0;0;27;0;0;0;0;2;19;6;0
3704;Totaal mannen en vrouwen;30 tot 35 jaar;Sector landbouw;M-N Zakelijke dienstverlening;2017/'18;13;0;6;6;1;0;13;0;0;0;0;0;6;6;1
3705;Totaal mannen en vrouwen;30 tot 35 jaar;Sector landbouw;M-N Zakelijke dienstverlening;2018/'19;9;0;1;5;3;0;9;0;0;0;0;0;1;5;3
3706;Totaal mannen en vrouwen;30 tot 35 jaar;Sector landbouw;M-N Zakelijke dienstverlening;2019/'20;11;0;8;3;0;0;11;0;0;0;0;0;8;3;0
3707;Totaal mannen en vrouwen;30 tot 35 jaar;Sector landbouw;M-N Zakelijke dienstverlening;2020/'21;29;24;2;3;0;0;29;0;0;0;0;24;2;3;0
3708;Totaal mannen en vrouwen;30 tot 35 jaar;Sector landbouw;O-Q Overheid en zorg;2009/'10;18;1;6;8;3;0;18;0;0;0;0;1;6;8;3
3709;Totaal mannen en vrouwen;30 tot 35 jaar;Sector landbouw;O-Q Overheid en zorg;2010/'11;9;2;1;4;2;3;6;0;0;2;1;2;1;2;1
3710;Totaal mannen en vrouwen;30 tot 35 jaar;Sector landbouw;O-Q Overheid en zorg;2011/'12;16;4;2;7;3;0;16;0;0;0;0;4;2;7;3
3711;Totaal mannen en vrouwen;30 tot 35 jaar;Sector landbouw;O-Q Overheid en zorg;2012/'13;11;5;2;2;2;0;11;0;0;0;0;5;2;2;2
3712;Totaal mannen en vrouwen;30 tot 35 jaar;Sector landbouw;O-Q Overheid en zorg;2013/'14;9;0;7;2;0;0;9;0;0;0;0;0;7;2;0
3713;Totaal mannen en vrouwen;30 tot 35 jaar;Sector landbouw;O-Q Overheid en zorg;2014/'15;5;0;1;3;1;0;5;0;0;0;0;0;1;3;1
3714;Totaal mannen en vrouwen;30 tot 35 jaar;Sector landbouw;O-Q Overheid en zorg;2015/'16;10;0;3;6;1;0;10;0;0;0;0;0;3;6;1
3715;Totaal mannen en vrouwen;30 tot 35 jaar;Sector landbouw;O-Q Overheid en zorg;2016/'17;2;0;0;1;1;0;2;0;0;0;0;0;0;1;1
3716;Totaal mannen en vrouwen;30 tot 35 jaar;Sector landbouw;O-Q Overheid en zorg;2017/'18;2;0;1;1;0;0;2;0;0;0;0;0;1;1;0
3717;Totaal mannen en vrouwen;30 tot 35 jaar;Sector landbouw;O-Q Overheid en zorg;2018/'19;0;0;0;0;0;0;0;0;0;0;0;0;0;0;0
3718;Totaal mannen en vrouwen;30 tot 35 jaar;Sector landbouw;O-Q Overheid en zorg;2019/'20;6;0;2;3;1;0;6;0;0;0;0;0;2;3;1
3719;Totaal mannen en vrouwen;30 tot 35 jaar;Sector landbouw;O-Q Overheid en zorg;2020/'21;4;0;0;3;1;0;4;0;0;0;0;0;0;3;1
3720;Totaal mannen en vrouwen;30 tot 35 jaar;Sector landbouw;R-U Cultuur, recreatie, overige diensten;2009/'10;14;2;6;4;2;0;14;0;0;0;0;2;6;4;2
3721;Totaal mannen en vrouwen;30 tot 35 jaar;Sector landbouw;R-U Cultuur, recreatie, overige diensten;2010/'11;3;2;0;0;1;0;3;0;0;0;0;2;0;0;1
3722;Totaal mannen en vrouwen;30 tot 35 jaar;Sector landbouw;R-U Cultuur, recreatie, overige diensten;2011/'12;6;0;3;2;1;1;5;0;0;0;1;0;3;2;0
3723;Totaal mannen en vrouwen;30 tot 35 jaar;Sector landbouw;R-U Cultuur, recreatie, overige diensten;2012/'13;4;0;4;0;0;0;4;0;0;0;0;0;4;0;0
3724;Totaal mannen en vrouwen;30 tot 35 jaar;Sector landbouw;R-U Cultuur, recreatie, overige diensten;2013/'14;1;0;0;0;1;0;1;0;0;0;0;0;0;0;1
3725;Totaal mannen en vrouwen;30 tot 35 jaar;Sector landbouw;R-U Cultuur, recreatie, overige diensten;2014/'15;2;0;2;0;0;0;2;0;0;0;0;0;2;0;0
3726;Totaal mannen en vrouwen;30 tot 35 jaar;Sector landbouw;R-U Cultuur, recreatie, overige diensten;2015/'16;1;0;0;0;1;0;1;0;0;0;0;0;0;0;1
3727;Totaal mannen en vrouwen;30 tot 35 jaar;Sector landbouw;R-U Cultuur, recreatie, overige diensten;2016/'17;3;0;2;1;0;0;3;0;0;0;0;0;2;1;0
3728;Totaal mannen en vrouwen;30 tot 35 jaar;Sector landbouw;R-U Cultuur, recreatie, overige diensten;2017/'18;1;0;0;1;0;0;1;0;0;0;0;0;0;1;0
3729;Totaal mannen en vrouwen;30 tot 35 jaar;Sector landbouw;R-U Cultuur, recreatie, overige diensten;2018/'19;0;0;0;0;0;0;0;0;0;0;0;0;0;0;0
3730;Totaal mannen en vrouwen;30 tot 35 jaar;Sector landbouw;R-U Cultuur, recreatie, overige diensten;2019/'20;3;0;0;3;0;0;3;0;0;0;0;0;0;3;0
3731;Totaal mannen en vrouwen;30 tot 35 jaar;Sector landbouw;R-U Cultuur, recreatie, overige diensten;2020/'21;1;0;0;1;0;0;1;0;0;0;0;0;0;1;0
3732;Totaal mannen en vrouwen;30 tot 35 jaar;Sector landbouw;SBI-code onbekend;2009/'10;2;0;1;1;0;1;1;0;0;1;0;0;1;0;0
3733;Totaal mannen en vrouwen;30 tot 35 jaar;Sector landbouw;SBI-code onbekend;2010/'11;3;0;0;3;0;0;3;0;0;0;0;0;0;3;0
3734;Totaal mannen en vrouwen;30 tot 35 jaar;Sector landbouw;SBI-code onbekend;2011/'12;2;0;0;2;0;0;2;0;0;0;0;0;0;2;0
3735;Totaal mannen en vrouwen;30 tot 35 jaar;Sector landbouw;SBI-code onbekend;2012/'13;4;1;1;1;1;0;4;0;0;0;0;1;1;1;1
3736;Totaal mannen en vrouwen;30 tot 35 jaar;Sector landbouw;SBI-code onbekend;2013/'14;7;0;4;2;1;0;7;0;0;0;0;0;4;2;1
3737;Totaal mannen en vrouwen;30 tot 35 jaar;Sector landbouw;SBI-code onbekend;2014/'15;2;0;1;1;0;0;2;0;0;0;0;0;1;1;0
3738;Totaal mannen en vrouwen;30 tot 35 jaar;Sector landbouw;SBI-code onbekend;2015/'16;0;0;0;0;0;0;0;0;0;0;0;0;0;0;0
3739;Totaal mannen en vrouwen;30 tot 35 jaar;Sector landbouw;SBI-code onbekend;2016/'17;2;0;1;1;0;0;2;0;0;0;0;0;1;1;0
3740;Totaal mannen en vrouwen;30 tot 35 jaar;Sector landbouw;SBI-code onbekend;2017/'18;0;0;0;0;0;0;0;0;0;0;0;0;0;0;0
3741;Totaal mannen en vrouwen;30 tot 35 jaar;Sector landbouw;SBI-code onbekend;2018/'19;3;0;0;3;0;0;3;0;0;0;0;0;0;3;0
3742;Totaal mannen en vrouwen;30 tot 35 jaar;Sector landbouw;SBI-code onbekend;2019/'20;1;0;0;1;0;0;1;0;0;0;0;0;0;1;0
3743;Totaal mannen en vrouwen;30 tot 35 jaar;Sector landbouw;SBI-code onbekend;2020/'21;0;0;0;0;0;0;0;0;0;0;0;0;0;0;0
3744;Totaal mannen en vrouwen;30 tot 35 jaar;Sector economie;A-U Alle economische activiteiten;2009/'10;969;90;403;248;228;61;908;6;22;10;23;84;381;238;205
3745;Totaal mannen en vrouwen;30 tot 35 jaar;Sector economie;A-U Alle economische activiteiten;2010/'11;757;90;303;240;124;44;713;7;12;10;15;83;291;230;109
3746;Totaal mannen en vrouwen;30 tot 35 jaar;Sector economie;A-U Alle economische activiteiten;2011/'12;620;72;319;134;95;36;584;0;19;9;8;72;300;125;87
3747;Totaal mannen en vrouwen;30 tot 35 jaar;Sector economie;A-U Alle economische activiteiten;2012/'13;536;56;227;152;101;40;496;0;3;29;8;56;224;123;93
3748;Totaal mannen en vrouwen;30 tot 35 jaar;Sector economie;A-U Alle economische activiteiten;2013/'14;220;7;86;66;61;14;206;0;6;2;6;7;80;64;55
3749;Totaal mannen en vrouwen;30 tot 35 jaar;Sector economie;A-U Alle economische activiteiten;2014/'15;200;1;70;74;55;6;194;0;2;0;4;1;68;74;51
3750;Totaal mannen en vrouwen;30 tot 35 jaar;Sector economie;A-U Alle economische activiteiten;2015/'16;166;2;79;42;43;6;160;1;3;0;2;1;76;42;41
3751;Totaal mannen en vrouwen;30 tot 35 jaar;Sector economie;A-U Alle economische activiteiten;2016/'17;163;0;79;38;46;5;158;0;2;0;3;0;77;38;43
3752;Totaal mannen en vrouwen;30 tot 35 jaar;Sector economie;A-U Alle economische activiteiten;2017/'18;106;0;55;27;24;1;105;0;0;0;1;0;55;27;23
3753;Totaal mannen en vrouwen;30 tot 35 jaar;Sector economie;A-U Alle economische activiteiten;2018/'19;119;0;63;23;33;1;118;0;1;0;0;0;62;23;33
3754;Totaal mannen en vrouwen;30 tot 35 jaar;Sector economie;A-U Alle economische activiteiten;2019/'20;89;0;37;19;33;5;84;0;1;2;2;0;36;17;31
3755;Totaal mannen en vrouwen;30 tot 35 jaar;Sector economie;A-U Alle economische activiteiten;2020/'21;74;0;33;12;29;6;68;0;1;0;5;0;32;12;24
3756;Totaal mannen en vrouwen;30 tot 35 jaar;Sector economie;A Landbouw, bosbouw en visserij;2009/'10;2;0;2;0;0;0;2;0;0;0;0;0;2;0;0
3757;Totaal mannen en vrouwen;30 tot 35 jaar;Sector economie;A Landbouw, bosbouw en visserij;2010/'11;1;0;1;0;0;0;1;0;0;0;0;0;1;0;0
3758;Totaal mannen en vrouwen;30 tot 35 jaar;Sector economie;A Landbouw, bosbouw en visserij;2011/'12;4;1;2;1;0;0;4;0;0;0;0;1;2;1;0
3759;Totaal mannen en vrouwen;30 tot 35 jaar;Sector economie;A Landbouw, bosbouw en visserij;2012/'13;1;0;1;0;0;0;1;0;0;0;0;0;1;0;0
3760;Totaal mannen en vrouwen;30 tot 35 jaar;Sector economie;A Landbouw, bosbouw en visserij;2013/'14;0;0;0;0;0;0;0;0;0;0;0;0;0;0;0
3761;Totaal mannen en vrouwen;30 tot 35 jaar;Sector economie;A Landbouw, bosbouw en visserij;2014/'15;1;0;1;0;0;0;1;0;0;0;0;0;1;0;0
3762;Totaal mannen en vrouwen;30 tot 35 jaar;Sector economie;A Landbouw, bosbouw en visserij;2015/'16;0;0;0;0;0;0;0;0;0;0;0;0;0;0;0
3763;Totaal mannen en vrouwen;30 tot 35 jaar;Sector economie;A Landbouw, bosbouw en visserij;2016/'17;1;0;0;0;1;0;1;0;0;0;0;0;0;0;1
3764;Totaal mannen en vrouwen;30 tot 35 jaar;Sector economie;A Landbouw, bosbouw en visserij;2017/'18;0;0;0;0;0;0;0;0;0;0;0;0;0;0;0
3765;Totaal mannen en vrouwen;30 tot 35 jaar;Sector economie;A Landbouw, bosbouw en visserij;2018/'19;1;0;1;0;0;0;1;0;0;0;0;0;1;0;0
3766;Totaal mannen en vrouwen;30 tot 35 jaar;Sector economie;A Landbouw, bosbouw en visserij;2019/'20;1;0;1;0;0;1;0;0;1;0;0;0;0;0;0
3767;Totaal mannen en vrouwen;30 tot 35 jaar;Sector economie;A Landbouw, bosbouw en visserij;2020/'21;1;0;0;1;0;0;1;0;0;0;0;0;0;1;0
3768;Totaal mannen en vrouwen;30 tot 35 jaar;Sector economie;B-E Nijverheid (geen bouw) en energie;2009/'10;90;17;51;16;6;9;81;1;5;0;3;16;46;16;3
3769;Totaal mannen en vrouwen;30 tot 35 jaar;Sector economie;B-E Nijverheid (geen bouw) en energie;2010/'11;59;18;20;16;5;2;57;1;0;0;1;17;20;16;4
3770;Totaal mannen en vrouwen;30 tot 35 jaar;Sector economie;B-E Nijverheid (geen bouw) en energie;2011/'12;30;5;18;5;2;1;29;0;1;0;0;5;17;5;2
3771;Totaal mannen en vrouwen;30 tot 35 jaar;Sector economie;B-E Nijverheid (geen bouw) en energie;2012/'13;39;15;13;9;2;1;38;0;0;1;0;15;13;8;2
3772;Totaal mannen en vrouwen;30 tot 35 jaar;Sector economie;B-E Nijverheid (geen bouw) en energie;2013/'14;18;5;6;5;2;2;16;0;0;1;1;5;6;4;1
3773;Totaal mannen en vrouwen;30 tot 35 jaar;Sector economie;B-E Nijverheid (geen bouw) en energie;2014/'15;8;0;2;4;2;0;8;0;0;0;0;0;2;4;2
3774;Totaal mannen en vrouwen;30 tot 35 jaar;Sector economie;B-E Nijverheid (geen bouw) en energie;2015/'16;6;0;5;1;0;1;5;0;1;0;0;0;4;1;0
3775;Totaal mannen en vrouwen;30 tot 35 jaar;Sector economie;B-E Nijverheid (geen bouw) en energie;2016/'17;9;0;5;4;0;0;9;0;0;0;0;0;5;4;0
3776;Totaal mannen en vrouwen;30 tot 35 jaar;Sector economie;B-E Nijverheid (geen bouw) en energie;2017/'18;6;0;1;5;0;0;6;0;0;0;0;0;1;5;0
3777;Totaal mannen en vrouwen;30 tot 35 jaar;Sector economie;B-E Nijverheid (geen bouw) en energie;2018/'19;7;0;4;3;0;0;7;0;0;0;0;0;4;3;0
3778;Totaal mannen en vrouwen;30 tot 35 jaar;Sector economie;B-E Nijverheid (geen bouw) en energie;2019/'20;1;0;0;1;0;0;1;0;0;0;0;0;0;1;0
3779;Totaal mannen en vrouwen;30 tot 35 jaar;Sector economie;B-E Nijverheid (geen bouw) en energie;2020/'21;5;0;3;1;1;0;5;0;0;0;0;0;3;1;1
3780;Totaal mannen en vrouwen;30 tot 35 jaar;Sector economie;F Bouwnijverheid;2009/'10;11;0;10;1;0;1;10;0;0;1;0;0;10;0;0
3781;Totaal mannen en vrouwen;30 tot 35 jaar;Sector economie;F Bouwnijverheid;2010/'11;12;1;7;2;2;3;9;0;1;0;2;1;6;2;0
3782;Totaal mannen en vrouwen;30 tot 35 jaar;Sector economie;F Bouwnijverheid;2011/'12;5;0;3;2;0;0;5;0;0;0;0;0;3;2;0
3783;Totaal mannen en vrouwen;30 tot 35 jaar;Sector economie;F Bouwnijverheid;2012/'13;5;0;4;1;0;0;5;0;0;0;0;0;4;1;0
3784;Totaal mannen en vrouwen;30 tot 35 jaar;Sector economie;F Bouwnijverheid;2013/'14;3;0;2;0;1;0;3;0;0;0;0;0;2;0;1
3785;Totaal mannen en vrouwen;30 tot 35 jaar;Sector economie;F Bouwnijverheid;2014/'15;0;0;0;0;0;0;0;0;0;0;0;0;0;0;0
3786;Totaal mannen en vrouwen;30 tot 35 jaar;Sector economie;F Bouwnijverheid;2015/'16;2;0;2;0;0;0;2;0;0;0;0;0;2;0;0
3787;Totaal mannen en vrouwen;30 tot 35 jaar;Sector economie;F Bouwnijverheid;2016/'17;2;0;1;1;0;0;2;0;0;0;0;0;1;1;0
3788;Totaal mannen en vrouwen;30 tot 35 jaar;Sector economie;F Bouwnijverheid;2017/'18;0;0;0;0;0;0;0;0;0;0;0;0;0;0;0
3789;Totaal mannen en vrouwen;30 tot 35 jaar;Sector economie;F Bouwnijverheid;2018/'19;2;0;1;0;1;0;2;0;0;0;0;0;1;0;1
3790;Totaal mannen en vrouwen;30 tot 35 jaar;Sector economie;F Bouwnijverheid;2019/'20;1;0;1;0;0;0;1;0;0;0;0;0;1;0;0
3791;Totaal mannen en vrouwen;30 tot 35 jaar;Sector economie;F Bouwnijverheid;2020/'21;1;0;1;0;0;1;0;0;1;0;0;0;0;0;0
3792;Totaal mannen en vrouwen;30 tot 35 jaar;Sector economie;G-I Handel, vervoer en horeca;2009/'10;370;32;177;101;60;16;354;4;6;3;3;28;171;98;57
3793;Totaal mannen en vrouwen;30 tot 35 jaar;Sector economie;G-I Handel, vervoer en horeca;2010/'11;278;41;138;51;48;11;267;4;3;1;3;37;135;50;45
3794;Totaal mannen en vrouwen;30 tot 35 jaar;Sector economie;G-I Handel, vervoer en horeca;2011/'12;268;23;144;65;36;15;253;0;8;1;6;23;136;64;30
3795;Totaal mannen en vrouwen;30 tot 35 jaar;Sector economie;G-I Handel, vervoer en horeca;2012/'13;199;9;94;57;39;7;192;0;3;1;3;9;91;56;36
3796;Totaal mannen en vrouwen;30 tot 35 jaar;Sector economie;G-I Handel, vervoer en horeca;2013/'14;75;0;32;20;23;1;74;0;0;0;1;0;32;20;22
3797;Totaal mannen en vrouwen;30 tot 35 jaar;Sector economie;G-I Handel, vervoer en horeca;2014/'15;84;0;32;27;25;3;81;0;0;0;3;0;32;27;22
3798;Totaal mannen en vrouwen;30 tot 35 jaar;Sector economie;G-I Handel, vervoer en horeca;2015/'16;78;1;34;18;25;4;74;1;1;0;2;0;33;18;23
3799;Totaal mannen en vrouwen;30 tot 35 jaar;Sector economie;G-I Handel, vervoer en horeca;2016/'17;76;0;33;23;20;2;74;0;1;0;1;0;32;23;19
3800;Totaal mannen en vrouwen;30 tot 35 jaar;Sector economie;G-I Handel, vervoer en horeca;2017/'18;49;0;26;12;11;1;48;0;0;0;1;0;26;12;10
3801;Totaal mannen en vrouwen;30 tot 35 jaar;Sector economie;G-I Handel, vervoer en horeca;2018/'19;54;0;26;11;17;0;54;0;0;0;0;0;26;11;17
3802;Totaal mannen en vrouwen;30 tot 35 jaar;Sector economie;G-I Handel, vervoer en horeca;2019/'20;47;0;18;10;19;3;44;0;0;2;1;0;18;8;18
3803;Totaal mannen en vrouwen;30 tot 35 jaar;Sector economie;G-I Handel, vervoer en horeca;2020/'21;38;0;18;7;13;2;36;0;0;0;2;0;18;7;11
3804;Totaal mannen en vrouwen;30 tot 35 jaar;Sector economie;J Informatie en communicatie;2009/'10;27;0;7;13;7;1;26;0;0;0;1;0;7;13;6
3805;Totaal mannen en vrouwen;30 tot 35 jaar;Sector economie;J Informatie en communicatie;2010/'11;13;1;3;8;1;0;13;0;0;0;0;1;3;8;1
3806;Totaal mannen en vrouwen;30 tot 35 jaar;Sector economie;J Informatie en communicatie;2011/'12;4;0;1;1;2;0;4;0;0;0;0;0;1;1;2
3807;Totaal mannen en vrouwen;30 tot 35 jaar;Sector economie;J Informatie en communicatie;2012/'13;10;0;0;3;7;0;10;0;0;0;0;0;0;3;7
3808;Totaal mannen en vrouwen;30 tot 35 jaar;Sector economie;J Informatie en communicatie;2013/'14;3;0;1;0;2;2;1;0;1;0;1;0;0;0;1
3809;Totaal mannen en vrouwen;30 tot 35 jaar;Sector economie;J Informatie en communicatie;2014/'15;1;0;1;0;0;0;1;0;0;0;0;0;1;0;0
3810;Totaal mannen en vrouwen;30 tot 35 jaar;Sector economie;J Informatie en communicatie;2015/'16;4;0;4;0;0;0;4;0;0;0;0;0;4;0;0
3811;Totaal mannen en vrouwen;30 tot 35 jaar;Sector economie;J Informatie en communicatie;2016/'17;0;0;0;0;0;0;0;0;0;0;0;0;0;0;0
3812;Totaal mannen en vrouwen;30 tot 35 jaar;Sector economie;J Informatie en communicatie;2017/'18;0;0;0;0;0;0;0;0;0;0;0;0;0;0;0
3813;Totaal mannen en vrouwen;30 tot 35 jaar;Sector economie;J Informatie en communicatie;2018/'19;1;0;1;0;0;0;1;0;0;0;0;0;1;0;0
3814;Totaal mannen en vrouwen;30 tot 35 jaar;Sector economie;J Informatie en communicatie;2019/'20;2;0;0;0;2;0;2;0;0;0;0;0;0;0;2
3815;Totaal mannen en vrouwen;30 tot 35 jaar;Sector economie;J Informatie en communicatie;2020/'21;1;0;0;0;1;0;1;0;0;0;0;0;0;0;1
3816;Totaal mannen en vrouwen;30 tot 35 jaar;Sector economie;K Financiële dienstverlening;2009/'10;51;0;4;3;44;0;51;0;0;0;0;0;4;3;44
3817;Totaal mannen en vrouwen;30 tot 35 jaar;Sector economie;K Financiële dienstverlening;2010/'11;18;0;0;0;18;0;18;0;0;0;0;0;0;0;18
3818;Totaal mannen en vrouwen;30 tot 35 jaar;Sector economie;K Financiële dienstverlening;2011/'12;23;0;5;2;16;2;21;0;2;0;0;0;3;2;16
3819;Totaal mannen en vrouwen;30 tot 35 jaar;Sector economie;K Financiële dienstverlening;2012/'13;16;0;4;1;11;0;16;0;0;0;0;0;4;1;11
3820;Totaal mannen en vrouwen;30 tot 35 jaar;Sector economie;K Financiële dienstverlening;2013/'14;5;0;2;0;3;2;3;0;1;0;1;0;1;0;2
3821;Totaal mannen en vrouwen;30 tot 35 jaar;Sector economie;K Financiële dienstverlening;2014/'15;2;0;2;0;0;0;2;0;0;0;0;0;2;0;0
3822;Totaal mannen en vrouwen;30 tot 35 jaar;Sector economie;K Financiële dienstverlening;2015/'16;3;0;2;1;0;0;3;0;0;0;0;0;2;1;0
3823;Totaal mannen en vrouwen;30 tot 35 jaar;Sector economie;K Financiële dienstverlening;2016/'17;1;0;1;0;0;0;1;0;0;0;0;0;1;0;0
3824;Totaal mannen en vrouwen;30 tot 35 jaar;Sector economie;K Financiële dienstverlening;2017/'18;0;0;0;0;0;0;0;0;0;0;0;0;0;0;0
3825;Totaal mannen en vrouwen;30 tot 35 jaar;Sector economie;K Financiële dienstverlening;2018/'19;3;0;1;0;2;0;3;0;0;0;0;0;1;0;2
3826;Totaal mannen en vrouwen;30 tot 35 jaar;Sector economie;K Financiële dienstverlening;2019/'20;0;0;0;0;0;0;0;0;0;0;0;0;0;0;0
3827;Totaal mannen en vrouwen;30 tot 35 jaar;Sector economie;K Financiële dienstverlening;2020/'21;1;0;1;0;0;0;1;0;0;0;0;0;1;0;0
3828;Totaal mannen en vrouwen;30 tot 35 jaar;Sector economie;L Verhuur en handel van onroerend goed;2009/'10;5;0;1;2;2;0;5;0;0;0;0;0;1;2;2
3829;Totaal mannen en vrouwen;30 tot 35 jaar;Sector economie;L Verhuur en handel van onroerend goed;2010/'11;2;0;1;0;1;0;2;0;0;0;0;0;1;0;1
3830;Totaal mannen en vrouwen;30 tot 35 jaar;Sector economie;L Verhuur en handel van onroerend goed;2011/'12;2;1;0;0;1;0;2;0;0;0;0;1;0;0;1
3831;Totaal mannen en vrouwen;30 tot 35 jaar;Sector economie;L Verhuur en handel van onroerend goed;2012/'13;4;0;3;1;0;0;4;0;0;0;0;0;3;1;0
3832;Totaal mannen en vrouwen;30 tot 35 jaar;Sector economie;L Verhuur en handel van onroerend goed;2013/'14;0;0;0;0;0;0;0;0;0;0;0;0;0;0;0
3833;Totaal mannen en vrouwen;30 tot 35 jaar;Sector economie;L Verhuur en handel van onroerend goed;2014/'15;2;0;1;1;0;0;2;0;0;0;0;0;1;1;0
3834;Totaal mannen en vrouwen;30 tot 35 jaar;Sector economie;L Verhuur en handel van onroerend goed;2015/'16;0;0;0;0;0;0;0;0;0;0;0;0;0;0;0
3835;Totaal mannen en vrouwen;30 tot 35 jaar;Sector economie;L Verhuur en handel van onroerend goed;2016/'17;1;0;1;0;0;0;1;0;0;0;0;0;1;0;0
3836;Totaal mannen en vrouwen;30 tot 35 jaar;Sector economie;L Verhuur en handel van onroerend goed;2017/'18;0;0;0;0;0;0;0;0;0;0;0;0;0;0;0
3837;Totaal mannen en vrouwen;30 tot 35 jaar;Sector economie;L Verhuur en handel van onroerend goed;2018/'19;1;0;1;0;0;0;1;0;0;0;0;0;1;0;0
3838;Totaal mannen en vrouwen;30 tot 35 jaar;Sector economie;L Verhuur en handel van onroerend goed;2019/'20;0;0;0;0;0;0;0;0;0;0;0;0;0;0;0
3839;Totaal mannen en vrouwen;30 tot 35 jaar;Sector economie;L Verhuur en handel van onroerend goed;2020/'21;0;0;0;0;0;0;0;0;0;0;0;0;0;0;0
3840;Totaal mannen en vrouwen;30 tot 35 jaar;Sector economie;M-N Zakelijke dienstverlening;2009/'10;268;36;84;82;66;16;252;1;8;3;4;35;76;79;62
3841;Totaal mannen en vrouwen;30 tot 35 jaar;Sector economie;M-N Zakelijke dienstverlening;2010/'11;251;20;73;140;18;13;238;2;7;3;1;18;66;137;17
3842;Totaal mannen en vrouwen;30 tot 35 jaar;Sector economie;M-N Zakelijke dienstverlening;2011/'12;128;15;63;35;15;8;120;0;5;2;1;15;58;33;14
3843;Totaal mannen en vrouwen;30 tot 35 jaar;Sector economie;M-N Zakelijke dienstverlening;2012/'13;108;21;50;24;13;5;103;0;0;2;3;21;50;22;10
3844;Totaal mannen en vrouwen;30 tot 35 jaar;Sector economie;M-N Zakelijke dienstverlening;2013/'14;53;2;25;12;14;7;46;0;4;1;2;2;21;11;12
3845;Totaal mannen en vrouwen;30 tot 35 jaar;Sector economie;M-N Zakelijke dienstverlening;2014/'15;39;1;15;7;16;1;38;0;0;0;1;1;15;7;15
3846;Totaal mannen en vrouwen;30 tot 35 jaar;Sector economie;M-N Zakelijke dienstverlening;2015/'16;21;1;14;3;3;1;20;0;1;0;0;1;13;3;3
3847;Totaal mannen en vrouwen;30 tot 35 jaar;Sector economie;M-N Zakelijke dienstverlening;2016/'17;26;0;23;0;3;1;25;0;0;0;1;0;23;0;2
3848;Totaal mannen en vrouwen;30 tot 35 jaar;Sector economie;M-N Zakelijke dienstverlening;2017/'18;27;0;17;3;7;0;27;0;0;0;0;0;17;3;7
3849;Totaal mannen en vrouwen;30 tot 35 jaar;Sector economie;M-N Zakelijke dienstverlening;2018/'19;29;0;22;3;4;1;28;0;1;0;0;0;21;3;4
3850;Totaal mannen en vrouwen;30 tot 35 jaar;Sector economie;M-N Zakelijke dienstverlening;2019/'20;21;0;12;5;4;0;21;0;0;0;0;0;12;5;4
3851;Totaal mannen en vrouwen;30 tot 35 jaar;Sector economie;M-N Zakelijke dienstverlening;2020/'21;14;0;4;1;9;3;11;0;0;0;3;0;4;1;6
3852;Totaal mannen en vrouwen;30 tot 35 jaar;Sector economie;O-Q Overheid en zorg;2009/'10;100;4;50;17;29;15;85;0;2;2;11;4;48;15;18
3853;Totaal mannen en vrouwen;30 tot 35 jaar;Sector economie;O-Q Overheid en zorg;2010/'11;91;8;45;16;22;12;79;0;1;4;7;8;44;12;15
3854;Totaal mannen en vrouwen;30 tot 35 jaar;Sector economie;O-Q Overheid en zorg;2011/'12;101;4;63;18;16;10;91;0;3;6;1;4;60;12;15
3855;Totaal mannen en vrouwen;30 tot 35 jaar;Sector economie;O-Q Overheid en zorg;2012/'13;118;1;37;54;26;27;91;0;0;25;2;1;37;29;24
3856;Totaal mannen en vrouwen;30 tot 35 jaar;Sector economie;O-Q Overheid en zorg;2013/'14;56;0;14;27;15;0;56;0;0;0;0;0;14;27;15
3857;Totaal mannen en vrouwen;30 tot 35 jaar;Sector economie;O-Q Overheid en zorg;2014/'15;58;0;11;35;12;2;56;0;2;0;0;0;9;35;12
3858;Totaal mannen en vrouwen;30 tot 35 jaar;Sector economie;O-Q Overheid en zorg;2015/'16;41;0;9;18;14;0;41;0;0;0;0;0;9;18;14
3859;Totaal mannen en vrouwen;30 tot 35 jaar;Sector economie;O-Q Overheid en zorg;2016/'17;37;0;8;8;21;1;36;0;1;0;0;0;7;8;21
3860;Totaal mannen en vrouwen;30 tot 35 jaar;Sector economie;O-Q Overheid en zorg;2017/'18;21;0;9;6;6;0;21;0;0;0;0;0;9;6;6
3861;Totaal mannen en vrouwen;30 tot 35 jaar;Sector economie;O-Q Overheid en zorg;2018/'19;17;0;3;6;8;0;17;0;0;0;0;0;3;6;8
3862;Totaal mannen en vrouwen;30 tot 35 jaar;Sector economie;O-Q Overheid en zorg;2019/'20;13;0;5;1;7;1;12;0;0;0;1;0;5;1;6
3863;Totaal mannen en vrouwen;30 tot 35 jaar;Sector economie;O-Q Overheid en zorg;2020/'21;11;0;6;0;5;0;11;0;0;0;0;0;6;0;5
3864;Totaal mannen en vrouwen;30 tot 35 jaar;Sector economie;R-U Cultuur, recreatie, overige diensten;2009/'10;33;1;11;9;12;2;31;0;0;1;1;1;11;8;11
3865;Totaal mannen en vrouwen;30 tot 35 jaar;Sector economie;R-U Cultuur, recreatie, overige diensten;2010/'11;20;0;6;6;8;1;19;0;0;1;0;0;6;5;8
3866;Totaal mannen en vrouwen;30 tot 35 jaar;Sector economie;R-U Cultuur, recreatie, overige diensten;2011/'12;45;23;14;3;5;0;45;0;0;0;0;23;14;3;5
3867;Totaal mannen en vrouwen;30 tot 35 jaar;Sector economie;R-U Cultuur, recreatie, overige diensten;2012/'13;26;9;16;0;1;0;26;0;0;0;0;9;16;0;1
3868;Totaal mannen en vrouwen;30 tot 35 jaar;Sector economie;R-U Cultuur, recreatie, overige diensten;2013/'14;2;0;1;0;1;0;2;0;0;0;0;0;1;0;1
3869;Totaal mannen en vrouwen;30 tot 35 jaar;Sector economie;R-U Cultuur, recreatie, overige diensten;2014/'15;2;0;2;0;0;0;2;0;0;0;0;0;2;0;0
3870;Totaal mannen en vrouwen;30 tot 35 jaar;Sector economie;R-U Cultuur, recreatie, overige diensten;2015/'16;7;0;5;1;1;0;7;0;0;0;0;0;5;1;1
3871;Totaal mannen en vrouwen;30 tot 35 jaar;Sector economie;R-U Cultuur, recreatie, overige diensten;2016/'17;9;0;6;2;1;1;8;0;0;0;1;0;6;2;0
3872;Totaal mannen en vrouwen;30 tot 35 jaar;Sector economie;R-U Cultuur, recreatie, overige diensten;2017/'18;3;0;2;1;0;0;3;0;0;0;0;0;2;1;0
3873;Totaal mannen en vrouwen;30 tot 35 jaar;Sector economie;R-U Cultuur, recreatie, overige diensten;2018/'19;4;0;3;0;1;0;4;0;0;0;0;0;3;0;1
3874;Totaal mannen en vrouwen;30 tot 35 jaar;Sector economie;R-U Cultuur, recreatie, overige diensten;2019/'20;3;0;0;2;1;0;3;0;0;0;0;0;0;2;1
3875;Totaal mannen en vrouwen;30 tot 35 jaar;Sector economie;R-U Cultuur, recreatie, overige diensten;2020/'21;2;0;0;2;0;0;2;0;0;0;0;0;0;2;0
3876;Totaal mannen en vrouwen;30 tot 35 jaar;Sector economie;SBI-code onbekend;2009/'10;12;0;6;4;2;1;11;0;1;0;0;0;5;4;2
3877;Totaal mannen en vrouwen;30 tot 35 jaar;Sector economie;SBI-code onbekend;2010/'11;12;1;9;1;1;2;10;0;0;1;1;1;9;0;0
3878;Totaal mannen en vrouwen;30 tot 35 jaar;Sector economie;SBI-code onbekend;2011/'12;10;0;6;2;2;0;10;0;0;0;0;0;6;2;2
3879;Totaal mannen en vrouwen;30 tot 35 jaar;Sector economie;SBI-code onbekend;2012/'13;10;1;5;2;2;0;10;0;0;0;0;1;5;2;2
3880;Totaal mannen en vrouwen;30 tot 35 jaar;Sector economie;SBI-code onbekend;2013/'14;5;0;3;2;0;0;5;0;0;0;0;0;3;2;0
3881;Totaal mannen en vrouwen;30 tot 35 jaar;Sector economie;SBI-code onbekend;2014/'15;3;0;3;0;0;0;3;0;0;0;0;0;3;0;0
3882;Totaal mannen en vrouwen;30 tot 35 jaar;Sector economie;SBI-code onbekend;2015/'16;4;0;4;0;0;0;4;0;0;0;0;0;4;0;0
3883;Totaal mannen en vrouwen;30 tot 35 jaar;Sector economie;SBI-code onbekend;2016/'17;1;0;1;0;0;0;1;0;0;0;0;0;1;0;0
3884;Totaal mannen en vrouwen;30 tot 35 jaar;Sector economie;SBI-code onbekend;2017/'18;0;0;0;0;0;0;0;0;0;0;0;0;0;0;0
3885;Totaal mannen en vrouwen;30 tot 35 jaar;Sector economie;SBI-code onbekend;2018/'19;0;0;0;0;0;0;0;0;0;0;0;0;0;0;0
3886;Totaal mannen en vrouwen;30 tot 35 jaar;Sector economie;SBI-code onbekend;2019/'20;0;0;0;0;0;0;0;0;0;0;0;0;0;0;0
3887;Totaal mannen en vrouwen;30 tot 35 jaar;Sector economie;SBI-code onbekend;2020/'21;0;0;0;0;0;0;0;0;0;0;0;0;0;0;0
3888;Totaal mannen en vrouwen;30 tot 35 jaar;Sector techniek;A-U Alle economische activiteiten;2009/'10;1299;212;751;187;149;60;1239;4;27;11;18;208;724;176;131
3889;Totaal mannen en vrouwen;30 tot 35 jaar;Sector techniek;A-U Alle economische activiteiten;2010/'11;869;133;497;128;111;51;818;1;25;3;22;132;472;125;89
3890;Totaal mannen en vrouwen;30 tot 35 jaar;Sector techniek;A-U Alle economische activiteiten;2011/'12;885;62;578;126;119;65;820;0;46;11;8;62;532;115;111
3891;Totaal mannen en vrouwen;30 tot 35 jaar;Sector techniek;A-U Alle economische activiteiten;2012/'13;775;108;444;136;87;45;730;1;28;9;7;107;416;127;80
3892;Totaal mannen en vrouwen;30 tot 35 jaar;Sector techniek;A-U Alle economische activiteiten;2013/'14;312;17;133;87;75;17;295;0;9;5;3;17;124;82;72
3893;Totaal mannen en vrouwen;30 tot 35 jaar;Sector techniek;A-U Alle economische activiteiten;2014/'15;245;35;96;69;45;14;231;6;3;2;3;29;93;67;42
3894;Totaal mannen en vrouwen;30 tot 35 jaar;Sector techniek;A-U Alle economische activiteiten;2015/'16;258;35;109;74;40;10;248;3;1;2;4;32;108;72;36
3895;Totaal mannen en vrouwen;30 tot 35 jaar;Sector techniek;A-U Alle economische activiteiten;2016/'17;322;2;152;119;49;10;312;0;4;3;3;2;148;116;46
3896;Totaal mannen en vrouwen;30 tot 35 jaar;Sector techniek;A-U Alle economische activiteiten;2017/'18;251;0;115;102;34;7;244;0;2;2;3;0;113;100;31
3897;Totaal mannen en vrouwen;30 tot 35 jaar;Sector techniek;A-U Alle economische activiteiten;2018/'19;249;0;120;87;42;4;245;0;3;1;0;0;117;86;42
3898;Totaal mannen en vrouwen;30 tot 35 jaar;Sector techniek;A-U Alle economische activiteiten;2019/'20;208;0;88;84;36;3;205;0;1;0;2;0;87;84;34
3899;Totaal mannen en vrouwen;30 tot 35 jaar;Sector techniek;A-U Alle economische activiteiten;2020/'21;170;0;81;40;49;7;163;0;2;1;4;0;79;39;45
3900;Totaal mannen en vrouwen;30 tot 35 jaar;Sector techniek;A Landbouw, bosbouw en visserij;2009/'10;5;1;3;0;1;1;4;0;1;0;0;1;2;0;1
3901;Totaal mannen en vrouwen;30 tot 35 jaar;Sector techniek;A Landbouw, bosbouw en visserij;2010/'11;3;0;3;0;0;0;3;0;0;0;0;0;3;0;0
3902;Totaal mannen en vrouwen;30 tot 35 jaar;Sector techniek;A Landbouw, bosbouw en visserij;2011/'12;5;0;4;1;0;0;5;0;0;0;0;0;4;1;0
3903;Totaal mannen en vrouwen;30 tot 35 jaar;Sector techniek;A Landbouw, bosbouw en visserij;2012/'13;5;0;1;2;2;0;5;0;0;0;0;0;1;2;2
3904;Totaal mannen en vrouwen;30 tot 35 jaar;Sector techniek;A Landbouw, bosbouw en visserij;2013/'14;5;0;2;1;2;0;5;0;0;0;0;0;2;1;2
3905;Totaal mannen en vrouwen;30 tot 35 jaar;Sector techniek;A Landbouw, bosbouw en visserij;2014/'15;3;0;1;1;1;0;3;0;0;0;0;0;1;1;1
3906;Totaal mannen en vrouwen;30 tot 35 jaar;Sector techniek;A Landbouw, bosbouw en visserij;2015/'16;2;0;0;2;0;0;2;0;0;0;0;0;0;2;0
3907;Totaal mannen en vrouwen;30 tot 35 jaar;Sector techniek;A Landbouw, bosbouw en visserij;2016/'17;2;0;2;0;0;0;2;0;0;0;0;0;2;0;0
3908;Totaal mannen en vrouwen;30 tot 35 jaar;Sector techniek;A Landbouw, bosbouw en visserij;2017/'18;1;0;0;1;0;0;1;0;0;0;0;0;0;1;0
3909;Totaal mannen en vrouwen;30 tot 35 jaar;Sector techniek;A Landbouw, bosbouw en visserij;2018/'19;1;0;1;0;0;0;1;0;0;0;0;0;1;0;0
3910;Totaal mannen en vrouwen;30 tot 35 jaar;Sector techniek;A Landbouw, bosbouw en visserij;2019/'20;4;0;3;1;0;0;4;0;0;0;0;0;3;1;0
3911;Totaal mannen en vrouwen;30 tot 35 jaar;Sector techniek;A Landbouw, bosbouw en visserij;2020/'21;2;0;1;0;1;0;2;0;0;0;0;0;1;0;1
3912;Totaal mannen en vrouwen;30 tot 35 jaar;Sector techniek;B-E Nijverheid (geen bouw) en energie;2009/'10;332;150;124;36;22;9;323;0;5;1;3;150;119;35;19
3913;Totaal mannen en vrouwen;30 tot 35 jaar;Sector techniek;B-E Nijverheid (geen bouw) en energie;2010/'11;238;95;80;37;26;5;233;0;1;0;4;95;79;37;22
3914;Totaal mannen en vrouwen;30 tot 35 jaar;Sector techniek;B-E Nijverheid (geen bouw) en energie;2011/'12;151;18;84;31;18;8;143;0;2;2;4;18;82;29;14
3915;Totaal mannen en vrouwen;30 tot 35 jaar;Sector techniek;B-E Nijverheid (geen bouw) en energie;2012/'13;187;51;91;32;13;3;184;0;1;1;1;51;90;31;12
3916;Totaal mannen en vrouwen;30 tot 35 jaar;Sector techniek;B-E Nijverheid (geen bouw) en energie;2013/'14;83;10;32;28;13;2;81;0;2;0;0;10;30;28;13
3917;Totaal mannen en vrouwen;30 tot 35 jaar;Sector techniek;B-E Nijverheid (geen bouw) en energie;2014/'15;69;16;20;26;7;2;67;1;0;1;0;15;20;25;7
3918;Totaal mannen en vrouwen;30 tot 35 jaar;Sector techniek;B-E Nijverheid (geen bouw) en energie;2015/'16;76;12;38;18;8;0;76;0;0;0;0;12;38;18;8
3919;Totaal mannen en vrouwen;30 tot 35 jaar;Sector techniek;B-E Nijverheid (geen bouw) en energie;2016/'17;71;2;43;19;7;1;70;0;0;1;0;2;43;18;7
3920;Totaal mannen en vrouwen;30 tot 35 jaar;Sector techniek;B-E Nijverheid (geen bouw) en energie;2017/'18;38;0;17;20;1;1;37;0;0;1;0;0;17;19;1
3921;Totaal mannen en vrouwen;30 tot 35 jaar;Sector techniek;B-E Nijverheid (geen bouw) en energie;2018/'19;38;0;18;15;5;0;38;0;0;0;0;0;18;15;5
3922;Totaal mannen en vrouwen;30 tot 35 jaar;Sector techniek;B-E Nijverheid (geen bouw) en energie;2019/'20;30;0;16;11;3;0;30;0;0;0;0;0;16;11;3
3923;Totaal mannen en vrouwen;30 tot 35 jaar;Sector techniek;B-E Nijverheid (geen bouw) en energie;2020/'21;28;0;14;7;7;0;28;0;0;0;0;0;14;7;7
3924;Totaal mannen en vrouwen;30 tot 35 jaar;Sector techniek;F Bouwnijverheid;2009/'10;196;0;77;63;56;3;193;0;0;0;3;0;77;63;53
3925;Totaal mannen en vrouwen;30 tot 35 jaar;Sector techniek;F Bouwnijverheid;2010/'11;95;2;55;21;17;5;90;0;2;0;3;2;53;21;14
3926;Totaal mannen en vrouwen;30 tot 35 jaar;Sector techniek;F Bouwnijverheid;2011/'12;104;0;57;28;19;4;100;0;4;0;0;0;53;28;19
3927;Totaal mannen en vrouwen;30 tot 35 jaar;Sector techniek;F Bouwnijverheid;2012/'13;73;3;30;23;17;4;69;0;3;1;0;3;27;22;17
3928;Totaal mannen en vrouwen;30 tot 35 jaar;Sector techniek;F Bouwnijverheid;2013/'14;31;1;8;11;11;3;28;0;0;2;1;1;8;9;10
3929;Totaal mannen en vrouwen;30 tot 35 jaar;Sector techniek;F Bouwnijverheid;2014/'15;15;1;8;2;4;2;13;0;2;0;0;1;6;2;4
3930;Totaal mannen en vrouwen;30 tot 35 jaar;Sector techniek;F Bouwnijverheid;2015/'16;23;0;12;9;2;2;21;0;0;0;2;0;12;9;0
3931;Totaal mannen en vrouwen;30 tot 35 jaar;Sector techniek;F Bouwnijverheid;2016/'17;19;0;8;7;4;0;19;0;0;0;0;0;8;7;4
3932;Totaal mannen en vrouwen;30 tot 35 jaar;Sector techniek;F Bouwnijverheid;2017/'18;27;0;14;8;5;0;27;0;0;0;0;0;14;8;5
3933;Totaal mannen en vrouwen;30 tot 35 jaar;Sector techniek;F Bouwnijverheid;2018/'19;30;0;15;10;5;0;30;0;0;0;0;0;15;10;5
3934;Totaal mannen en vrouwen;30 tot 35 jaar;Sector techniek;F Bouwnijverheid;2019/'20;21;0;14;6;1;0;21;0;0;0;0;0;14;6;1
3935;Totaal mannen en vrouwen;30 tot 35 jaar;Sector techniek;F Bouwnijverheid;2020/'21;19;0;11;4;4;0;19;0;0;0;0;0;11;4;4
3936;Totaal mannen en vrouwen;30 tot 35 jaar;Sector techniek;G-I Handel, vervoer en horeca;2009/'10;448;13;359;46;30;12;436;0;5;4;3;13;354;42;27
3937;Totaal mannen en vrouwen;30 tot 35 jaar;Sector techniek;G-I Handel, vervoer en horeca;2010/'11;281;11;217;21;32;7;274;1;3;1;2;10;214;20;30
3938;Totaal mannen en vrouwen;30 tot 35 jaar;Sector techniek;G-I Handel, vervoer en horeca;2011/'12;318;5;240;25;48;7;311;0;6;1;0;5;234;24;48
3939;Totaal mannen en vrouwen;30 tot 35 jaar;Sector techniek;G-I Handel, vervoer en horeca;2012/'13;283;17;210;32;24;12;271;1;8;1;2;16;202;31;22
3940;Totaal mannen en vrouwen;30 tot 35 jaar;Sector techniek;G-I Handel, vervoer en horeca;2013/'14;69;1;27;17;24;1;68;0;0;0;1;1;27;17;23
3941;Totaal mannen en vrouwen;30 tot 35 jaar;Sector techniek;G-I Handel, vervoer en horeca;2014/'15;64;3;27;16;18;2;62;0;0;0;2;3;27;16;16
3942;Totaal mannen en vrouwen;30 tot 35 jaar;Sector techniek;G-I Handel, vervoer en horeca;2015/'16;48;6;14;13;15;6;42;3;1;1;1;3;13;12;14
3943;Totaal mannen en vrouwen;30 tot 35 jaar;Sector techniek;G-I Handel, vervoer en horeca;2016/'17;77;0;28;32;17;2;75;0;1;0;1;0;27;32;16
3944;Totaal mannen en vrouwen;30 tot 35 jaar;Sector techniek;G-I Handel, vervoer en horeca;2017/'18;51;0;20;19;12;1;50;0;0;0;1;0;20;19;11
3945;Totaal mannen en vrouwen;30 tot 35 jaar;Sector techniek;G-I Handel, vervoer en horeca;2018/'19;56;0;28;15;13;0;56;0;0;0;0;0;28;15;13
3946;Totaal mannen en vrouwen;30 tot 35 jaar;Sector techniek;G-I Handel, vervoer en horeca;2019/'20;69;0;29;21;19;1;68;0;1;0;0;0;28;21;19
3947;Totaal mannen en vrouwen;30 tot 35 jaar;Sector techniek;G-I Handel, vervoer en horeca;2020/'21;63;0;26;14;23;6;57;0;2;0;4;0;24;14;19
3948;Totaal mannen en vrouwen;30 tot 35 jaar;Sector techniek;J Informatie en communicatie;2009/'10;7;0;5;1;1;2;5;0;0;1;1;0;5;0;0
3949;Totaal mannen en vrouwen;30 tot 35 jaar;Sector techniek;J Informatie en communicatie;2010/'11;6;0;2;1;3;0;6;0;0;0;0;0;2;1;3
3950;Totaal mannen en vrouwen;30 tot 35 jaar;Sector techniek;J Informatie en communicatie;2011/'12;7;0;4;0;3;1;6;0;1;0;0;0;3;0;3
3951;Totaal mannen en vrouwen;30 tot 35 jaar;Sector techniek;J Informatie en communicatie;2012/'13;3;1;0;1;1;0;3;0;0;0;0;1;0;1;1
3952;Totaal mannen en vrouwen;30 tot 35 jaar;Sector techniek;J Informatie en communicatie;2013/'14;1;0;1;0;0;0;1;0;0;0;0;0;1;0;0
3953;Totaal mannen en vrouwen;30 tot 35 jaar;Sector techniek;J Informatie en communicatie;2014/'15;0;0;0;0;0;0;0;0;0;0;0;0;0;0;0
3954;Totaal mannen en vrouwen;30 tot 35 jaar;Sector techniek;J Informatie en communicatie;2015/'16;1;0;0;0;1;0;1;0;0;0;0;0;0;0;1
3955;Totaal mannen en vrouwen;30 tot 35 jaar;Sector techniek;J Informatie en communicatie;2016/'17;1;0;1;0;0;0;1;0;0;0;0;0;1;0;0
3956;Totaal mannen en vrouwen;30 tot 35 jaar;Sector techniek;J Informatie en communicatie;2017/'18;2;0;0;2;0;0;2;0;0;0;0;0;0;2;0
3957;Totaal mannen en vrouwen;30 tot 35 jaar;Sector techniek;J Informatie en communicatie;2018/'19;1;0;0;1;0;0;1;0;0;0;0;0;0;1;0
3958;Totaal mannen en vrouwen;30 tot 35 jaar;Sector techniek;J Informatie en communicatie;2019/'20;5;0;0;3;2;0;5;0;0;0;0;0;0;3;2
3959;Totaal mannen en vrouwen;30 tot 35 jaar;Sector techniek;J Informatie en communicatie;2020/'21;3;0;2;0;1;0;3;0;0;0;0;0;2;0;1
3960;Totaal mannen en vrouwen;30 tot 35 jaar;Sector techniek;K Financiële dienstverlening;2009/'10;9;4;4;1;0;0;9;0;0;0;0;4;4;1;0
3961;Totaal mannen en vrouwen;30 tot 35 jaar;Sector techniek;K Financiële dienstverlening;2010/'11;1;0;0;1;0;0;1;0;0;0;0;0;0;1;0
3962;Totaal mannen en vrouwen;30 tot 35 jaar;Sector techniek;K Financiële dienstverlening;2011/'12;4;0;4;0;0;3;1;0;3;0;0;0;1;0;0
3963;Totaal mannen en vrouwen;30 tot 35 jaar;Sector techniek;K Financiële dienstverlening;2012/'13;3;0;2;0;1;2;1;0;1;0;1;0;1;0;0
3964;Totaal mannen en vrouwen;30 tot 35 jaar;Sector techniek;K Financiële dienstverlening;2013/'14;0;0;0;0;0;0;0;0;0;0;0;0;0;0;0
3965;Totaal mannen en vrouwen;30 tot 35 jaar;Sector techniek;K Financiële dienstverlening;2014/'15;0;0;0;0;0;0;0;0;0;0;0;0;0;0;0
3966;Totaal mannen en vrouwen;30 tot 35 jaar;Sector techniek;K Financiële dienstverlening;2015/'16;1;0;1;0;0;0;1;0;0;0;0;0;1;0;0
3967;Totaal mannen en vrouwen;30 tot 35 jaar;Sector techniek;K Financiële dienstverlening;2016/'17;3;0;0;1;2;0;3;0;0;0;0;0;0;1;2
3968;Totaal mannen en vrouwen;30 tot 35 jaar;Sector techniek;K Financiële dienstverlening;2017/'18;0;0;0;0;0;0;0;0;0;0;0;0;0;0;0
3969;Totaal mannen en vrouwen;30 tot 35 jaar;Sector techniek;K Financiële dienstverlening;2018/'19;1;0;1;0;0;0;1;0;0;0;0;0;1;0;0
3970;Totaal mannen en vrouwen;30 tot 35 jaar;Sector techniek;K Financiële dienstverlening;2019/'20;0;0;0;0;0;0;0;0;0;0;0;0;0;0;0
3971;Totaal mannen en vrouwen;30 tot 35 jaar;Sector techniek;K Financiële dienstverlening;2020/'21;1;0;1;0;0;0;1;0;0;0;0;0;1;0;0
3972;Totaal mannen en vrouwen;30 tot 35 jaar;Sector techniek;L Verhuur en handel van onroerend goed;2009/'10;7;0;7;0;0;0;7;0;0;0;0;0;7;0;0
3973;Totaal mannen en vrouwen;30 tot 35 jaar;Sector techniek;L Verhuur en handel van onroerend goed;2010/'11;1;0;0;0;1;0;1;0;0;0;0;0;0;0;1
3974;Totaal mannen en vrouwen;30 tot 35 jaar;Sector techniek;L Verhuur en handel van onroerend goed;2011/'12;9;0;8;1;0;0;9;0;0;0;0;0;8;1;0
3975;Totaal mannen en vrouwen;30 tot 35 jaar;Sector techniek;L Verhuur en handel van onroerend goed;2012/'13;4;0;4;0;0;2;2;0;2;0;0;0;2;0;0
3976;Totaal mannen en vrouwen;30 tot 35 jaar;Sector techniek;L Verhuur en handel van onroerend goed;2013/'14;4;0;3;0;1;1;3;0;1;0;0;0;2;0;1
3977;Totaal mannen en vrouwen;30 tot 35 jaar;Sector techniek;L Verhuur en handel van onroerend goed;2014/'15;0;0;0;0;0;0;0;0;0;0;0;0;0;0;0
3978;Totaal mannen en vrouwen;30 tot 35 jaar;Sector techniek;L Verhuur en handel van onroerend goed;2015/'16;0;0;0;0;0;0;0;0;0;0;0;0;0;0;0
3979;Totaal mannen en vrouwen;30 tot 35 jaar;Sector techniek;L Verhuur en handel van onroerend goed;2016/'17;1;0;0;1;0;0;1;0;0;0;0;0;0;1;0
3980;Totaal mannen en vrouwen;30 tot 35 jaar;Sector techniek;L Verhuur en handel van onroerend goed;2017/'18;0;0;0;0;0;0;0;0;0;0;0;0;0;0;0
3981;Totaal mannen en vrouwen;30 tot 35 jaar;Sector techniek;L Verhuur en handel van onroerend goed;2018/'19;0;0;0;0;0;0;0;0;0;0;0;0;0;0;0
3982;Totaal mannen en vrouwen;30 tot 35 jaar;Sector techniek;L Verhuur en handel van onroerend goed;2019/'20;1;0;1;0;0;0;1;0;0;0;0;0;1;0;0
3983;Totaal mannen en vrouwen;30 tot 35 jaar;Sector techniek;L Verhuur en handel van onroerend goed;2020/'21;1;0;0;0;1;0;1;0;0;0;0;0;0;0;1
3984;Totaal mannen en vrouwen;30 tot 35 jaar;Sector techniek;M-N Zakelijke dienstverlening;2009/'10;199;40;120;22;17;19;180;4;9;1;5;36;111;21;12
3985;Totaal mannen en vrouwen;30 tot 35 jaar;Sector techniek;M-N Zakelijke dienstverlening;2010/'11;175;21;101;36;17;14;161;0;7;1;6;21;94;35;11
3986;Totaal mannen en vrouwen;30 tot 35 jaar;Sector techniek;M-N Zakelijke dienstverlening;2011/'12;204;26;136;26;16;18;186;0;13;3;2;26;123;23;14
3987;Totaal mannen en vrouwen;30 tot 35 jaar;Sector techniek;M-N Zakelijke dienstverlening;2012/'13;135;30;69;19;17;6;129;0;4;1;1;30;65;18;16
3988;Totaal mannen en vrouwen;30 tot 35 jaar;Sector techniek;M-N Zakelijke dienstverlening;2013/'14;73;4;41;15;13;5;68;0;4;0;1;4;37;15;12
3989;Totaal mannen en vrouwen;30 tot 35 jaar;Sector techniek;M-N Zakelijke dienstverlening;2014/'15;60;11;31;15;3;5;55;3;1;1;0;8;30;14;3
3990;Totaal mannen en vrouwen;30 tot 35 jaar;Sector techniek;M-N Zakelijke dienstverlening;2015/'16;70;7;36;17;10;1;69;0;0;0;1;7;36;17;9
3991;Totaal mannen en vrouwen;30 tot 35 jaar;Sector techniek;M-N Zakelijke dienstverlening;2016/'17;85;0;50;28;7;2;83;0;2;0;0;0;48;28;7
3992;Totaal mannen en vrouwen;30 tot 35 jaar;Sector techniek;M-N Zakelijke dienstverlening;2017/'18;97;0;53;34;10;2;95;0;1;0;1;0;52;34;9
3993;Totaal mannen en vrouwen;30 tot 35 jaar;Sector techniek;M-N Zakelijke dienstverlening;2018/'19;97;0;49;33;15;2;95;0;2;0;0;0;47;33;15
3994;Totaal mannen en vrouwen;30 tot 35 jaar;Sector techniek;M-N Zakelijke dienstverlening;2019/'20;54;0;20;29;5;1;53;0;0;0;1;0;20;29;4
3995;Totaal mannen en vrouwen;30 tot 35 jaar;Sector techniek;M-N Zakelijke dienstverlening;2020/'21;34;0;24;7;3;0;34;0;0;0;0;0;24;7;3
3996;Totaal mannen en vrouwen;30 tot 35 jaar;Sector techniek;O-Q Overheid en zorg;2009/'10;64;4;32;13;15;10;54;0;5;3;2;4;27;10;13
3997;Totaal mannen en vrouwen;30 tot 35 jaar;Sector techniek;O-Q Overheid en zorg;2010/'11;36;3;17;8;8;15;21;0;10;1;4;3;7;7;4
3998;Totaal mannen en vrouwen;30 tot 35 jaar;Sector techniek;O-Q Overheid en zorg;2011/'12;39;0;20;13;6;16;23;0;10;5;1;0;10;8;5
3999;Totaal mannen en vrouwen;30 tot 35 jaar;Sector techniek;O-Q Overheid en zorg;2012/'13;50;2;18;22;8;10;40;0;5;4;1;2;13;18;7
4000;Totaal mannen en vrouwen;30 tot 35 jaar;Sector techniek;O-Q Overheid en zorg;2013/'14;31;0;12;11;8;3;28;0;1;2;0;0;11;9;8
4001;Totaal mannen en vrouwen;30 tot 35 jaar;Sector techniek;O-Q Overheid en zorg;2014/'15;21;2;5;7;7;0;21;0;0;0;0;2;5;7;7
4002;Totaal mannen en vrouwen;30 tot 35 jaar;Sector techniek;O-Q Overheid en zorg;2015/'16;33;10;8;13;2;1;32;0;0;1;0;10;8;12;2
4003;Totaal mannen en vrouwen;30 tot 35 jaar;Sector techniek;O-Q Overheid en zorg;2016/'17;51;0;15;29;7;3;48;0;1;2;0;0;14;27;7
4004;Totaal mannen en vrouwen;30 tot 35 jaar;Sector techniek;O-Q Overheid en zorg;2017/'18;23;0;6;13;4;1;22;0;0;1;0;0;6;12;4
4005;Totaal mannen en vrouwen;30 tot 35 jaar;Sector techniek;O-Q Overheid en zorg;2018/'19;19;0;6;10;3;2;17;0;1;1;0;0;5;9;3
4006;Totaal mannen en vrouwen;30 tot 35 jaar;Sector techniek;O-Q Overheid en zorg;2019/'20;15;0;2;10;3;0;15;0;0;0;0;0;2;10;3
4007;Totaal mannen en vrouwen;30 tot 35 jaar;Sector techniek;O-Q Overheid en zorg;2020/'21;14;0;2;6;6;0;14;0;0;0;0;0;2;6;6
4008;Totaal mannen en vrouwen;30 tot 35 jaar;Sector techniek;R-U Cultuur, recreatie, overige diensten;2009/'10;6;0;2;2;2;1;5;0;0;0;1;0;2;2;1
4009;Totaal mannen en vrouwen;30 tot 35 jaar;Sector techniek;R-U Cultuur, recreatie, overige diensten;2010/'11;6;1;3;0;2;2;4;0;0;0;2;1;3;0;0
4010;Totaal mannen en vrouwen;30 tot 35 jaar;Sector techniek;R-U Cultuur, recreatie, overige diensten;2011/'12;21;12;5;1;3;3;18;0;2;0;1;12;3;1;2
4011;Totaal mannen en vrouwen;30 tot 35 jaar;Sector techniek;R-U Cultuur, recreatie, overige diensten;2012/'13;10;4;5;0;1;2;8;0;1;0;1;4;4;0;0
4012;Totaal mannen en vrouwen;30 tot 35 jaar;Sector techniek;R-U Cultuur, recreatie, overige diensten;2013/'14;5;0;2;1;2;1;4;0;0;1;0;0;2;0;2
4013;Totaal mannen en vrouwen;30 tot 35 jaar;Sector techniek;R-U Cultuur, recreatie, overige diensten;2014/'15;5;1;2;1;1;1;4;1;0;0;0;0;2;1;1
4014;Totaal mannen en vrouwen;30 tot 35 jaar;Sector techniek;R-U Cultuur, recreatie, overige diensten;2015/'16;2;0;0;2;0;0;2;0;0;0;0;0;0;2;0
4015;Totaal mannen en vrouwen;30 tot 35 jaar;Sector techniek;R-U Cultuur, recreatie, overige diensten;2016/'17;10;0;3;2;5;2;8;0;0;0;2;0;3;2;3
4016;Totaal mannen en vrouwen;30 tot 35 jaar;Sector techniek;R-U Cultuur, recreatie, overige diensten;2017/'18;5;0;1;3;1;0;5;0;0;0;0;0;1;3;1
4017;Totaal mannen en vrouwen;30 tot 35 jaar;Sector techniek;R-U Cultuur, recreatie, overige diensten;2018/'19;2;0;0;2;0;0;2;0;0;0;0;0;0;2;0
4018;Totaal mannen en vrouwen;30 tot 35 jaar;Sector techniek;R-U Cultuur, recreatie, overige diensten;2019/'20;8;0;3;3;2;0;8;0;0;0;0;0;3;3;2
4019;Totaal mannen en vrouwen;30 tot 35 jaar;Sector techniek;R-U Cultuur, recreatie, overige diensten;2020/'21;4;0;0;2;2;1;3;0;0;1;0;0;0;1;2
4020;Totaal mannen en vrouwen;30 tot 35 jaar;Sector techniek;SBI-code onbekend;2009/'10;26;0;18;3;5;3;23;0;2;1;0;0;16;2;5
4021;Totaal mannen en vrouwen;30 tot 35 jaar;Sector techniek;SBI-code onbekend;2010/'11;27;0;19;3;5;3;24;0;2;0;1;0;17;3;4
4022;Totaal mannen en vrouwen;30 tot 35 jaar;Sector techniek;SBI-code onbekend;2011/'12;23;1;16;0;6;5;18;0;5;0;0;1;11;0;6
4023;Totaal mannen en vrouwen;30 tot 35 jaar;Sector techniek;SBI-code onbekend;2012/'13;22;0;14;5;3;4;18;0;3;1;0;0;11;4;3
4024;Totaal mannen en vrouwen;30 tot 35 jaar;Sector techniek;SBI-code onbekend;2013/'14;10;1;5;3;1;1;9;0;1;0;0;1;4;3;1
4025;Totaal mannen en vrouwen;30 tot 35 jaar;Sector techniek;SBI-code onbekend;2014/'15;8;1;2;1;4;2;6;1;0;0;1;0;2;1;3
4026;Totaal mannen en vrouwen;30 tot 35 jaar;Sector techniek;SBI-code onbekend;2015/'16;2;0;0;0;2;0;2;0;0;0;0;0;0;0;2
4027;Totaal mannen en vrouwen;30 tot 35 jaar;Sector techniek;SBI-code onbekend;2016/'17;2;0;2;0;0;0;2;0;0;0;0;0;2;0;0
4028;Totaal mannen en vrouwen;30 tot 35 jaar;Sector techniek;SBI-code onbekend;2017/'18;7;0;4;2;1;2;5;0;1;0;1;0;3;2;0
4029;Totaal mannen en vrouwen;30 tot 35 jaar;Sector techniek;SBI-code onbekend;2018/'19;4;0;2;1;1;0;4;0;0;0;0;0;2;1;1
4030;Totaal mannen en vrouwen;30 tot 35 jaar;Sector techniek;SBI-code onbekend;2019/'20;1;0;0;0;1;1;0;0;0;0;1;0;0;0;0
4031;Totaal mannen en vrouwen;30 tot 35 jaar;Sector techniek;SBI-code onbekend;2020/'21;1;0;0;0;1;0;1;0;0;0;0;0;0;0;1
4032;Totaal mannen en vrouwen;30 tot 35 jaar;Sector zorg en welzijn;A-U Alle economische activiteiten;2009/'10;1076;28;203;416;429;226;850;3;62;86;75;25;141;330;354
4033;Totaal mannen en vrouwen;30 tot 35 jaar;Sector zorg en welzijn;A-U Alle economische activiteiten;2010/'11;973;45;183;358;387;177;796;8;65;48;56;37;118;310;331
4034;Totaal mannen en vrouwen;30 tot 35 jaar;Sector zorg en welzijn;A-U Alle economische activiteiten;2011/'12;766;25;163;331;247;124;642;1;50;34;39;24;113;297;208
4035;Totaal mannen en vrouwen;30 tot 35 jaar;Sector zorg en welzijn;A-U Alle economische activiteiten;2012/'13;689;14;148;280;247;96;593;2;36;20;38;12;112;260;209
4036;Totaal mannen en vrouwen;30 tot 35 jaar;Sector zorg en welzijn;A-U Alle economische activiteiten;2013/'14;393;7;62;143;181;57;336;2;20;7;28;5;42;136;153
4037;Totaal mannen en vrouwen;30 tot 35 jaar;Sector zorg en welzijn;A-U Alle economische activiteiten;2014/'15;217;1;27;102;87;17;200;0;9;4;4;1;18;98;83
4038;Totaal mannen en vrouwen;30 tot 35 jaar;Sector zorg en welzijn;A-U Alle economische activiteiten;2015/'16;188;1;17;89;81;12;176;0;3;1;8;1;14;88;73
4039;Totaal mannen en vrouwen;30 tot 35 jaar;Sector zorg en welzijn;A-U Alle economische activiteiten;2016/'17;302;0;34;106;162;20;282;0;4;6;10;0;30;100;152
4040;Totaal mannen en vrouwen;30 tot 35 jaar;Sector zorg en welzijn;A-U Alle economische activiteiten;2017/'18;306;0;41;133;132;15;291;0;3;7;5;0;38;126;127
4041;Totaal mannen en vrouwen;30 tot 35 jaar;Sector zorg en welzijn;A-U Alle economische activiteiten;2018/'19;328;0;59;137;132;7;321;0;2;1;4;0;57;136;128
4042;Totaal mannen en vrouwen;30 tot 35 jaar;Sector zorg en welzijn;A-U Alle economische activiteiten;2019/'20;271;0;51;100;120;8;263;0;1;3;4;0;50;97;116
4043;Totaal mannen en vrouwen;30 tot 35 jaar;Sector zorg en welzijn;A-U Alle economische activiteiten;2020/'21;245;0;33;91;121;13;232;0;5;4;4;0;28;87;117
4044;Totaal mannen en vrouwen;30 tot 35 jaar;Sector zorg en welzijn;A Landbouw, bosbouw en visserij;2009/'10;4;0;1;1;2;0;4;0;0;0;0;0;1;1;2
4045;Totaal mannen en vrouwen;30 tot 35 jaar;Sector zorg en welzijn;A Landbouw, bosbouw en visserij;2010/'11;3;0;2;1;0;1;2;0;1;0;0;0;1;1;0
4046;Totaal mannen en vrouwen;30 tot 35 jaar;Sector zorg en welzijn;A Landbouw, bosbouw en visserij;2011/'12;4;0;1;3;0;0;4;0;0;0;0;0;1;3;0
4047;Totaal mannen en vrouwen;30 tot 35 jaar;Sector zorg en welzijn;A Landbouw, bosbouw en visserij;2012/'13;2;0;1;1;0;0;2;0;0;0;0;0;1;1;0
4048;Totaal mannen en vrouwen;30 tot 35 jaar;Sector zorg en welzijn;A Landbouw, bosbouw en visserij;2013/'14;2;0;1;0;1;0;2;0;0;0;0;0;1;0;1
4049;Totaal mannen en vrouwen;30 tot 35 jaar;Sector zorg en welzijn;A Landbouw, bosbouw en visserij;2014/'15;1;0;0;1;0;0;1;0;0;0;0;0;0;1;0
4050;Totaal mannen en vrouwen;30 tot 35 jaar;Sector zorg en welzijn;A Landbouw, bosbouw en visserij;2015/'16;1;0;0;0;1;0;1;0;0;0;0;0;0;0;1
4051;Totaal mannen en vrouwen;30 tot 35 jaar;Sector zorg en welzijn;A Landbouw, bosbouw en visserij;2016/'17;1;0;0;1;0;0;1;0;0;0;0;0;0;1;0
4052;Totaal mannen en vrouwen;30 tot 35 jaar;Sector zorg en welzijn;A Landbouw, bosbouw en visserij;2017/'18;2;0;0;1;1;0;2;0;0;0;0;0;0;1;1
4053;Totaal mannen en vrouwen;30 tot 35 jaar;Sector zorg en welzijn;A Landbouw, bosbouw en visserij;2018/'19;3;0;0;1;2;0;3;0;0;0;0;0;0;1;2
4054;Totaal mannen en vrouwen;30 tot 35 jaar;Sector zorg en welzijn;A Landbouw, bosbouw en visserij;2019/'20;1;0;0;1;0;0;1;0;0;0;0;0;0;1;0
4055;Totaal mannen en vrouwen;30 tot 35 jaar;Sector zorg en welzijn;A Landbouw, bosbouw en visserij;2020/'21;3;0;1;1;1;1;2;0;0;1;0;0;1;0;1
4056;Totaal mannen en vrouwen;30 tot 35 jaar;Sector zorg en welzijn;B-E Nijverheid (geen bouw) en energie;2009/'10;71;1;16;32;22;15;56;0;3;9;3;1;13;23;19
4057;Totaal mannen en vrouwen;30 tot 35 jaar;Sector zorg en welzijn;B-E Nijverheid (geen bouw) en energie;2010/'11;33;1;10;9;13;7;26;0;4;2;1;1;6;7;12
4058;Totaal mannen en vrouwen;30 tot 35 jaar;Sector zorg en welzijn;B-E Nijverheid (geen bouw) en energie;2011/'12;28;1;8;13;6;6;22;0;4;0;2;1;4;13;4
4059;Totaal mannen en vrouwen;30 tot 35 jaar;Sector zorg en welzijn;B-E Nijverheid (geen bouw) en energie;2012/'13;15;0;3;6;6;1;14;0;1;0;0;0;2;6;6
4060;Totaal mannen en vrouwen;30 tot 35 jaar;Sector zorg en welzijn;B-E Nijverheid (geen bouw) en energie;2013/'14;16;0;1;10;5;2;14;0;0;0;2;0;1;10;3
4061;Totaal mannen en vrouwen;30 tot 35 jaar;Sector zorg en welzijn;B-E Nijverheid (geen bouw) en energie;2014/'15;1;0;0;1;0;0;1;0;0;0;0;0;0;1;0
4062;Totaal mannen en vrouwen;30 tot 35 jaar;Sector zorg en welzijn;B-E Nijverheid (geen bouw) en energie;2015/'16;3;0;1;1;1;0;3;0;0;0;0;0;1;1;1
4063;Totaal mannen en vrouwen;30 tot 35 jaar;Sector zorg en welzijn;B-E Nijverheid (geen bouw) en energie;2016/'17;4;0;1;2;1;0;4;0;0;0;0;0;1;2;1
4064;Totaal mannen en vrouwen;30 tot 35 jaar;Sector zorg en welzijn;B-E Nijverheid (geen bouw) en energie;2017/'18;8;0;2;4;2;1;7;0;1;0;0;0;1;4;2
4065;Totaal mannen en vrouwen;30 tot 35 jaar;Sector zorg en welzijn;B-E Nijverheid (geen bouw) en energie;2018/'19;9;0;2;5;2;0;9;0;0;0;0;0;2;5;2
4066;Totaal mannen en vrouwen;30 tot 35 jaar;Sector zorg en welzijn;B-E Nijverheid (geen bouw) en energie;2019/'20;4;0;1;1;2;0;4;0;0;0;0;0;1;1;2
4067;Totaal mannen en vrouwen;30 tot 35 jaar;Sector zorg en welzijn;B-E Nijverheid (geen bouw) en energie;2020/'21;5;0;0;4;1;1;4;0;0;0;1;0;0;4;0
4068;Totaal mannen en vrouwen;30 tot 35 jaar;Sector zorg en welzijn;F Bouwnijverheid;2009/'10;14;0;4;4;6;6;8;0;2;2;2;0;2;2;4
4069;Totaal mannen en vrouwen;30 tot 35 jaar;Sector zorg en welzijn;F Bouwnijverheid;2010/'11;10;0;1;4;5;2;8;0;1;1;0;0;0;3;5
4070;Totaal mannen en vrouwen;30 tot 35 jaar;Sector zorg en welzijn;F Bouwnijverheid;2011/'12;6;0;1;4;1;3;3;0;1;2;0;0;0;2;1
4071;Totaal mannen en vrouwen;30 tot 35 jaar;Sector zorg en welzijn;F Bouwnijverheid;2012/'13;9;0;0;7;2;0;9;0;0;0;0;0;0;7;2
4072;Totaal mannen en vrouwen;30 tot 35 jaar;Sector zorg en welzijn;F Bouwnijverheid;2013/'14;6;0;0;3;3;0;6;0;0;0;0;0;0;3;3
4073;Totaal mannen en vrouwen;30 tot 35 jaar;Sector zorg en welzijn;F Bouwnijverheid;2014/'15;2;0;0;2;0;0;2;0;0;0;0;0;0;2;0
4074;Totaal mannen en vrouwen;30 tot 35 jaar;Sector zorg en welzijn;F Bouwnijverheid;2015/'16;1;0;0;1;0;0;1;0;0;0;0;0;0;1;0
4075;Totaal mannen en vrouwen;30 tot 35 jaar;Sector zorg en welzijn;F Bouwnijverheid;2016/'17;0;0;0;0;0;0;0;0;0;0;0;0;0;0;0
4076;Totaal mannen en vrouwen;30 tot 35 jaar;Sector zorg en welzijn;F Bouwnijverheid;2017/'18;5;0;0;4;1;0;5;0;0;0;0;0;0;4;1
4077;Totaal mannen en vrouwen;30 tot 35 jaar;Sector zorg en welzijn;F Bouwnijverheid;2018/'19;2;0;0;0;2;0;2;0;0;0;0;0;0;0;2
4078;Totaal mannen en vrouwen;30 tot 35 jaar;Sector zorg en welzijn;F Bouwnijverheid;2019/'20;2;0;1;0;1;0;2;0;0;0;0;0;1;0;1
4079;Totaal mannen en vrouwen;30 tot 35 jaar;Sector zorg en welzijn;F Bouwnijverheid;2020/'21;5;0;0;3;2;0;5;0;0;0;0;0;0;3;2
4080;Totaal mannen en vrouwen;30 tot 35 jaar;Sector zorg en welzijn;G-I Handel, vervoer en horeca;2009/'10;208;3;48;78;79;60;148;0;22;19;19;3;26;59;60
4081;Totaal mannen en vrouwen;30 tot 35 jaar;Sector zorg en welzijn;G-I Handel, vervoer en horeca;2010/'11;149;10;31;61;47;36;113;2;11;10;13;8;20;51;34
4082;Totaal mannen en vrouwen;30 tot 35 jaar;Sector zorg en welzijn;G-I Handel, vervoer en horeca;2011/'12;125;5;26;62;32;29;96;1;12;9;7;4;14;53;25
4083;Totaal mannen en vrouwen;30 tot 35 jaar;Sector zorg en welzijn;G-I Handel, vervoer en horeca;2012/'13;115;0;21;45;49;20;95;0;8;1;11;0;13;44;38
4084;Totaal mannen en vrouwen;30 tot 35 jaar;Sector zorg en welzijn;G-I Handel, vervoer en horeca;2013/'14;41;0;8;13;20;14;27;0;8;1;5;0;0;12;15
4085;Totaal mannen en vrouwen;30 tot 35 jaar;Sector zorg en welzijn;G-I Handel, vervoer en horeca;2014/'15;27;0;1;13;13;3;24;0;1;2;0;0;0;11;13
4086;Totaal mannen en vrouwen;30 tot 35 jaar;Sector zorg en welzijn;G-I Handel, vervoer en horeca;2015/'16;26;0;4;10;12;3;23;0;1;1;1;0;3;9;11
4087;Totaal mannen en vrouwen;30 tot 35 jaar;Sector zorg en welzijn;G-I Handel, vervoer en horeca;2016/'17;52;0;2;21;29;10;42;0;1;3;6;0;1;18;23
4088;Totaal mannen en vrouwen;30 tot 35 jaar;Sector zorg en welzijn;G-I Handel, vervoer en horeca;2017/'18;61;0;9;29;23;4;57;0;0;2;2;0;9;27;21
4089;Totaal mannen en vrouwen;30 tot 35 jaar;Sector zorg en welzijn;G-I Handel, vervoer en horeca;2018/'19;100;0;14;40;46;3;97;0;0;0;3;0;14;40;43
4090;Totaal mannen en vrouwen;30 tot 35 jaar;Sector zorg en welzijn;G-I Handel, vervoer en horeca;2019/'20;88;0;14;39;35;7;81;0;1;3;3;0;13;36;32
4091;Totaal mannen en vrouwen;30 tot 35 jaar;Sector zorg en welzijn;G-I Handel, vervoer en horeca;2020/'21;70;0;9;23;38;4;66;0;2;1;1;0;7;22;37
4092;Totaal mannen en vrouwen;30 tot 35 jaar;Sector zorg en welzijn;J Informatie en communicatie;2009/'10;14;1;2;5;6;3;11;0;1;1;1;1;1;4;5
4093;Totaal mannen en vrouwen;30 tot 35 jaar;Sector zorg en welzijn;J Informatie en communicatie;2010/'11;9;1;2;1;5;3;6;1;1;0;1;0;1;1;4
4094;Totaal mannen en vrouwen;30 tot 35 jaar;Sector zorg en welzijn;J Informatie en communicatie;2011/'12;11;0;1;3;7;2;9;0;1;0;1;0;0;3;6
4095;Totaal mannen en vrouwen;30 tot 35 jaar;Sector zorg en welzijn;J Informatie en communicatie;2012/'13;1;0;1;0;0;1;0;0;1;0;0;0;0;0;0
4096;Totaal mannen en vrouwen;30 tot 35 jaar;Sector zorg en welzijn;J Informatie en communicatie;2013/'14;6;0;0;1;5;1;5;0;0;0;1;0;0;1;4
4097;Totaal mannen en vrouwen;30 tot 35 jaar;Sector zorg en welzijn;J Informatie en communicatie;2014/'15;2;0;2;0;0;1;1;0;1;0;0;0;1;0;0
4098;Totaal mannen en vrouwen;30 tot 35 jaar;Sector zorg en welzijn;J Informatie en communicatie;2015/'16;2;0;0;0;2;0;2;0;0;0;0;0;0;0;2
4099;Totaal mannen en vrouwen;30 tot 35 jaar;Sector zorg en welzijn;J Informatie en communicatie;2016/'17;1;0;0;0;1;0;1;0;0;0;0;0;0;0;1
4100;Totaal mannen en vrouwen;30 tot 35 jaar;Sector zorg en welzijn;J Informatie en communicatie;2017/'18;4;0;0;4;0;0;4;0;0;0;0;0;0;4;0
4101;Totaal mannen en vrouwen;30 tot 35 jaar;Sector zorg en welzijn;J Informatie en communicatie;2018/'19;3;0;1;0;2;0;3;0;0;0;0;0;1;0;2
4102;Totaal mannen en vrouwen;30 tot 35 jaar;Sector zorg en welzijn;J Informatie en communicatie;2019/'20;4;0;0;1;3;0;4;0;0;0;0;0;0;1;3
4103;Totaal mannen en vrouwen;30 tot 35 jaar;Sector zorg en welzijn;J Informatie en communicatie;2020/'21;2;0;0;1;1;0;2;0;0;0;0;0;0;1;1
4104;Totaal mannen en vrouwen;30 tot 35 jaar;Sector zorg en welzijn;K Financiële dienstverlening;2009/'10;13;0;0;7;6;8;5;0;0;5;3;0;0;2;3
4105;Totaal mannen en vrouwen;30 tot 35 jaar;Sector zorg en welzijn;K Financiële dienstverlening;2010/'11;8;1;2;2;3;3;5;1;2;0;0;0;0;2;3
4106;Totaal mannen en vrouwen;30 tot 35 jaar;Sector zorg en welzijn;K Financiële dienstverlening;2011/'12;10;0;0;7;3;2;8;0;0;2;0;0;0;5;3
4107;Totaal mannen en vrouwen;30 tot 35 jaar;Sector zorg en welzijn;K Financiële dienstverlening;2012/'13;4;0;0;1;3;1;3;0;0;0;1;0;0;1;2
4108;Totaal mannen en vrouwen;30 tot 35 jaar;Sector zorg en welzijn;K Financiële dienstverlening;2013/'14;3;0;0;1;2;0;3;0;0;0;0;0;0;1;2
4109;Totaal mannen en vrouwen;30 tot 35 jaar;Sector zorg en welzijn;K Financiële dienstverlening;2014/'15;0;0;0;0;0;0;0;0;0;0;0;0;0;0;0
4110;Totaal mannen en vrouwen;30 tot 35 jaar;Sector zorg en welzijn;K Financiële dienstverlening;2015/'16;1;0;0;0;1;0;1;0;0;0;0;0;0;0;1
4111;Totaal mannen en vrouwen;30 tot 35 jaar;Sector zorg en welzijn;K Financiële dienstverlening;2016/'17;2;0;0;1;1;0;2;0;0;0;0;0;0;1;1
4112;Totaal mannen en vrouwen;30 tot 35 jaar;Sector zorg en welzijn;K Financiële dienstverlening;2017/'18;2;0;0;1;1;0;2;0;0;0;0;0;0;1;1
4113;Totaal mannen en vrouwen;30 tot 35 jaar;Sector zorg en welzijn;K Financiële dienstverlening;2018/'19;4;0;1;1;2;0;4;0;0;0;0;0;1;1;2
4114;Totaal mannen en vrouwen;30 tot 35 jaar;Sector zorg en welzijn;K Financiële dienstverlening;2019/'20;4;0;1;0;3;0;4;0;0;0;0;0;1;0;3
4115;Totaal mannen en vrouwen;30 tot 35 jaar;Sector zorg en welzijn;K Financiële dienstverlening;2020/'21;2;0;0;2;0;0;2;0;0;0;0;0;0;2;0
4116;Totaal mannen en vrouwen;30 tot 35 jaar;Sector zorg en welzijn;L Verhuur en handel van onroerend goed;2009/'10;9;0;1;3;5;1;8;0;0;1;0;0;1;2;5
4117;Totaal mannen en vrouwen;30 tot 35 jaar;Sector zorg en welzijn;L Verhuur en handel van onroerend goed;2010/'11;7;1;2;1;3;2;5;0;1;1;0;1;1;0;3
4118;Totaal mannen en vrouwen;30 tot 35 jaar;Sector zorg en welzijn;L Verhuur en handel van onroerend goed;2011/'12;4;0;0;3;1;1;3;0;0;1;0;0;0;2;1
4119;Totaal mannen en vrouwen;30 tot 35 jaar;Sector zorg en welzijn;L Verhuur en handel van onroerend goed;2012/'13;2;0;0;1;1;0;2;0;0;0;0;0;0;1;1
4120;Totaal mannen en vrouwen;30 tot 35 jaar;Sector zorg en welzijn;L Verhuur en handel van onroerend goed;2013/'14;1;0;0;0;1;0;1;0;0;0;0;0;0;0;1
4121;Totaal mannen en vrouwen;30 tot 35 jaar;Sector zorg en welzijn;L Verhuur en handel van onroerend goed;2014/'15;0;0;0;0;0;0;0;0;0;0;0;0;0;0;0
4122;Totaal mannen en vrouwen;30 tot 35 jaar;Sector zorg en welzijn;L Verhuur en handel van onroerend goed;2015/'16;1;0;0;1;0;0;1;0;0;0;0;0;0;1;0
4123;Totaal mannen en vrouwen;30 tot 35 jaar;Sector zorg en welzijn;L Verhuur en handel van onroerend goed;2016/'17;0;0;0;0;0;0;0;0;0;0;0;0;0;0;0
4124;Totaal mannen en vrouwen;30 tot 35 jaar;Sector zorg en welzijn;L Verhuur en handel van onroerend goed;2017/'18;0;0;0;0;0;0;0;0;0;0;0;0;0;0;0
4125;Totaal mannen en vrouwen;30 tot 35 jaar;Sector zorg en welzijn;L Verhuur en handel van onroerend goed;2018/'19;0;0;0;0;0;0;0;0;0;0;0;0;0;0;0
4126;Totaal mannen en vrouwen;30 tot 35 jaar;Sector zorg en welzijn;L Verhuur en handel van onroerend goed;2019/'20;0;0;0;0;0;0;0;0;0;0;0;0;0;0;0
4127;Totaal mannen en vrouwen;30 tot 35 jaar;Sector zorg en welzijn;L Verhuur en handel van onroerend goed;2020/'21;0;0;0;0;0;0;0;0;0;0;0;0;0;0;0
4128;Totaal mannen en vrouwen;30 tot 35 jaar;Sector zorg en welzijn;M-N Zakelijke dienstverlening;2009/'10;188;7;53;70;58;59;129;2;18;22;17;5;35;48;41
4129;Totaal mannen en vrouwen;30 tot 35 jaar;Sector zorg en welzijn;M-N Zakelijke dienstverlening;2010/'11;163;12;51;58;42;54;109;4;27;12;11;8;24;46;31
4130;Totaal mannen en vrouwen;30 tot 35 jaar;Sector zorg en welzijn;M-N Zakelijke dienstverlening;2011/'12;115;7;34;45;29;36;79;0;19;8;9;7;15;37;20
4131;Totaal mannen en vrouwen;30 tot 35 jaar;Sector zorg en welzijn;M-N Zakelijke dienstverlening;2012/'13;114;1;31;41;41;37;77;1;17;5;14;0;14;36;27
4132;Totaal mannen en vrouwen;30 tot 35 jaar;Sector zorg en welzijn;M-N Zakelijke dienstverlening;2013/'14;54;1;12;16;25;16;38;1;8;1;6;0;4;15;19
4133;Totaal mannen en vrouwen;30 tot 35 jaar;Sector zorg en welzijn;M-N Zakelijke dienstverlening;2014/'15;26;0;8;5;13;7;19;0;3;1;3;0;5;4;10
4134;Totaal mannen en vrouwen;30 tot 35 jaar;Sector zorg en welzijn;M-N Zakelijke dienstverlening;2015/'16;21;0;4;7;10;2;19;0;0;0;2;0;4;7;8
4135;Totaal mannen en vrouwen;30 tot 35 jaar;Sector zorg en welzijn;M-N Zakelijke dienstverlening;2016/'17;29;0;8;12;9;4;25;0;0;2;2;0;8;10;7
4136;Totaal mannen en vrouwen;30 tot 35 jaar;Sector zorg en welzijn;M-N Zakelijke dienstverlening;2017/'18;48;0;11;19;18;8;40;0;1;5;2;0;10;14;16
4137;Totaal mannen en vrouwen;30 tot 35 jaar;Sector zorg en welzijn;M-N Zakelijke dienstverlening;2018/'19;52;0;13;24;15;2;50;0;1;1;0;0;12;23;15
4138;Totaal mannen en vrouwen;30 tot 35 jaar;Sector zorg en welzijn;M-N Zakelijke dienstverlening;2019/'20;50;0;12;18;20;0;50;0;0;0;0;0;12;18;20
4139;Totaal mannen en vrouwen;30 tot 35 jaar;Sector zorg en welzijn;M-N Zakelijke dienstverlening;2020/'21;64;0;10;27;27;6;58;0;2;2;2;0;8;25;25
4140;Totaal mannen en vrouwen;30 tot 35 jaar;Sector zorg en welzijn;O-Q Overheid en zorg;2009/'10;500;16;68;189;227;58;442;1;10;21;26;15;58;168;201
4141;Totaal mannen en vrouwen;30 tot 35 jaar;Sector zorg en welzijn;O-Q Overheid en zorg;2010/'11;540;17;72;203;248;54;486;0;13;16;25;17;59;187;223
4142;Totaal mannen en vrouwen;30 tot 35 jaar;Sector zorg en welzijn;O-Q Overheid en zorg;2011/'12;406;12;82;166;146;36;370;0;10;9;17;12;72;157;129
4143;Totaal mannen en vrouwen;30 tot 35 jaar;Sector zorg en welzijn;O-Q Overheid en zorg;2012/'13;373;10;80;159;124;24;349;0;6;13;5;10;74;146;119
4144;Totaal mannen en vrouwen;30 tot 35 jaar;Sector zorg en welzijn;O-Q Overheid en zorg;2013/'14;242;5;40;91;106;22;220;1;4;5;12;4;36;86;94
4145;Totaal mannen en vrouwen;30 tot 35 jaar;Sector zorg en welzijn;O-Q Overheid en zorg;2014/'15;147;0;13;79;55;3;144;0;2;1;0;0;11;78;55
4146;Totaal mannen en vrouwen;30 tot 35 jaar;Sector zorg en welzijn;O-Q Overheid en zorg;2015/'16;127;1;7;69;50;5;122;0;1;0;4;1;6;69;46
4147;Totaal mannen en vrouwen;30 tot 35 jaar;Sector zorg en welzijn;O-Q Overheid en zorg;2016/'17;205;0;21;66;118;5;200;0;2;1;2;0;19;65;116
4148;Totaal mannen en vrouwen;30 tot 35 jaar;Sector zorg en welzijn;O-Q Overheid en zorg;2017/'18;159;0;16;61;82;1;158;0;0;0;1;0;16;61;81
4149;Totaal mannen en vrouwen;30 tot 35 jaar;Sector zorg en welzijn;O-Q Overheid en zorg;2018/'19;139;0;26;58;55;2;137;0;1;0;1;0;25;58;54
4150;Totaal mannen en vrouwen;30 tot 35 jaar;Sector zorg en welzijn;O-Q Overheid en zorg;2019/'20;101;0;22;36;43;1;100;0;0;0;1;0;22;36;42
4151;Totaal mannen en vrouwen;30 tot 35 jaar;Sector zorg en welzijn;O-Q Overheid en zorg;2020/'21;71;0;10;20;41;0;71;0;0;0;0;0;10;20;41
4152;Totaal mannen en vrouwen;30 tot 35 jaar;Sector zorg en welzijn;R-U Cultuur, recreatie, overige diensten;2009/'10;29;0;5;15;9;7;22;0;3;3;1;0;2;12;8
4153;Totaal mannen en vrouwen;30 tot 35 jaar;Sector zorg en welzijn;R-U Cultuur, recreatie, overige diensten;2010/'11;37;0;8;11;18;13;24;0;4;4;5;0;4;7;13
4154;Totaal mannen en vrouwen;30 tot 35 jaar;Sector zorg en welzijn;R-U Cultuur, recreatie, overige diensten;2011/'12;31;0;4;14;13;3;28;0;0;3;0;0;4;11;13
4155;Totaal mannen en vrouwen;30 tot 35 jaar;Sector zorg en welzijn;R-U Cultuur, recreatie, overige diensten;2012/'13;33;2;5;12;14;5;28;0;1;0;4;2;4;12;10
4156;Totaal mannen en vrouwen;30 tot 35 jaar;Sector zorg en welzijn;R-U Cultuur, recreatie, overige diensten;2013/'14;14;1;0;6;7;2;12;0;0;0;2;1;0;6;5
4157;Totaal mannen en vrouwen;30 tot 35 jaar;Sector zorg en welzijn;R-U Cultuur, recreatie, overige diensten;2014/'15;6;0;2;1;3;2;4;0;1;0;1;0;1;1;2
4158;Totaal mannen en vrouwen;30 tot 35 jaar;Sector zorg en welzijn;R-U Cultuur, recreatie, overige diensten;2015/'16;4;0;1;0;3;2;2;0;1;0;1;0;0;0;2
4159;Totaal mannen en vrouwen;30 tot 35 jaar;Sector zorg en welzijn;R-U Cultuur, recreatie, overige diensten;2016/'17;7;0;2;3;2;1;6;0;1;0;0;0;1;3;2
4160;Totaal mannen en vrouwen;30 tot 35 jaar;Sector zorg en welzijn;R-U Cultuur, recreatie, overige diensten;2017/'18;12;0;0;9;3;0;12;0;0;0;0;0;0;9;3
4161;Totaal mannen en vrouwen;30 tot 35 jaar;Sector zorg en welzijn;R-U Cultuur, recreatie, overige diensten;2018/'19;14;0;2;6;6;0;14;0;0;0;0;0;2;6;6
4162;Totaal mannen en vrouwen;30 tot 35 jaar;Sector zorg en welzijn;R-U Cultuur, recreatie, overige diensten;2019/'20;16;0;0;4;12;0;16;0;0;0;0;0;0;4;12
4163;Totaal mannen en vrouwen;30 tot 35 jaar;Sector zorg en welzijn;R-U Cultuur, recreatie, overige diensten;2020/'21;21;0;3;9;9;1;20;0;1;0;0;0;2;9;9
4164;Totaal mannen en vrouwen;30 tot 35 jaar;Sector zorg en welzijn;SBI-code onbekend;2009/'10;26;0;5;12;9;9;17;0;3;3;3;0;2;9;6
4165;Totaal mannen en vrouwen;30 tot 35 jaar;Sector zorg en welzijn;SBI-code onbekend;2010/'11;14;2;2;7;3;2;12;0;0;2;0;2;2;5;3
4166;Totaal mannen en vrouwen;30 tot 35 jaar;Sector zorg en welzijn;SBI-code onbekend;2011/'12;26;0;6;11;9;6;20;0;3;0;3;0;3;11;6
4167;Totaal mannen en vrouwen;30 tot 35 jaar;Sector zorg en welzijn;SBI-code onbekend;2012/'13;21;1;6;7;7;7;14;1;2;1;3;0;4;6;4
4168;Totaal mannen en vrouwen;30 tot 35 jaar;Sector zorg en welzijn;SBI-code onbekend;2013/'14;8;0;0;2;6;0;8;0;0;0;0;0;0;2;6
4169;Totaal mannen en vrouwen;30 tot 35 jaar;Sector zorg en welzijn;SBI-code onbekend;2014/'15;5;1;1;0;3;1;4;0;1;0;0;1;0;0;3
4170;Totaal mannen en vrouwen;30 tot 35 jaar;Sector zorg en welzijn;SBI-code onbekend;2015/'16;1;0;0;0;1;0;1;0;0;0;0;0;0;0;1
4171;Totaal mannen en vrouwen;30 tot 35 jaar;Sector zorg en welzijn;SBI-code onbekend;2016/'17;1;0;0;0;1;0;1;0;0;0;0;0;0;0;1
4172;Totaal mannen en vrouwen;30 tot 35 jaar;Sector zorg en welzijn;SBI-code onbekend;2017/'18;5;0;3;1;1;1;4;0;1;0;0;0;2;1;1
4173;Totaal mannen en vrouwen;30 tot 35 jaar;Sector zorg en welzijn;SBI-code onbekend;2018/'19;2;0;0;2;0;0;2;0;0;0;0;0;0;2;0
4174;Totaal mannen en vrouwen;30 tot 35 jaar;Sector zorg en welzijn;SBI-code onbekend;2019/'20;1;0;0;0;1;0;1;0;0;0;0;0;0;0;1
4175;Totaal mannen en vrouwen;30 tot 35 jaar;Sector zorg en welzijn;SBI-code onbekend;2020/'21;2;0;0;1;1;0;2;0;0;0;0;0;0;1;1
4176;Totaal mannen en vrouwen;30 tot 35 jaar;Combinatie van sectoren;A-U Alle economische activiteiten;2009/'10;232;202;26;3;1;26;206;25;1;0;0;177;25;3;1
4177;Totaal mannen en vrouwen;30 tot 35 jaar;Combinatie van sectoren;A-U Alle economische activiteiten;2010/'11;205;199;5;1;0;23;182;23;0;0;0;176;5;1;0
4178;Totaal mannen en vrouwen;30 tot 35 jaar;Combinatie van sectoren;A-U Alle economische activiteiten;2011/'12;174;159;7;8;0;16;158;16;0;0;0;143;7;8;0
4179;Totaal mannen en vrouwen;30 tot 35 jaar;Combinatie van sectoren;A-U Alle economische activiteiten;2012/'13;108;103;4;0;1;5;103;4;0;0;1;99;4;0;0
4180;Totaal mannen en vrouwen;30 tot 35 jaar;Combinatie van sectoren;A-U Alle economische activiteiten;2013/'14;83;82;1;0;0;5;78;5;0;0;0;77;1;0;0
4181;Totaal mannen en vrouwen;30 tot 35 jaar;Combinatie van sectoren;A-U Alle economische activiteiten;2014/'15;26;26;0;0;0;1;25;1;0;0;0;25;0;0;0
4182;Totaal mannen en vrouwen;30 tot 35 jaar;Combinatie van sectoren;A-U Alle economische activiteiten;2015/'16;34;34;0;0;0;5;29;5;0;0;0;29;0;0;0
4183;Totaal mannen en vrouwen;30 tot 35 jaar;Combinatie van sectoren;A-U Alle economische activiteiten;2016/'17;70;70;0;0;0;8;62;8;0;0;0;62;0;0;0
4184;Totaal mannen en vrouwen;30 tot 35 jaar;Combinatie van sectoren;A-U Alle economische activiteiten;2017/'18;47;47;0;0;0;8;39;8;0;0;0;39;0;0;0
4185;Totaal mannen en vrouwen;30 tot 35 jaar;Combinatie van sectoren;A-U Alle economische activiteiten;2018/'19;89;86;3;0;0;18;71;18;0;0;0;68;3;0;0
4186;Totaal mannen en vrouwen;30 tot 35 jaar;Combinatie van sectoren;A-U Alle economische activiteiten;2019/'20;93;91;2;0;0;12;81;11;1;0;0;80;1;0;0
4187;Totaal mannen en vrouwen;30 tot 35 jaar;Combinatie van sectoren;A-U Alle economische activiteiten;2020/'21;83;83;0;0;0;26;57;26;0;0;0;57;0;0;0
4188;Totaal mannen en vrouwen;30 tot 35 jaar;Combinatie van sectoren;A Landbouw, bosbouw en visserij;2009/'10;2;2;0;0;0;1;1;1;0;0;0;1;0;0;0
4189;Totaal mannen en vrouwen;30 tot 35 jaar;Combinatie van sectoren;A Landbouw, bosbouw en visserij;2010/'11;0;0;0;0;0;0;0;0;0;0;0;0;0;0;0
4190;Totaal mannen en vrouwen;30 tot 35 jaar;Combinatie van sectoren;A Landbouw, bosbouw en visserij;2011/'12;0;0;0;0;0;0;0;0;0;0;0;0;0;0;0
4191;Totaal mannen en vrouwen;30 tot 35 jaar;Combinatie van sectoren;A Landbouw, bosbouw en visserij;2012/'13;0;0;0;0;0;0;0;0;0;0;0;0;0;0;0
4192;Totaal mannen en vrouwen;30 tot 35 jaar;Combinatie van sectoren;A Landbouw, bosbouw en visserij;2013/'14;0;0;0;0;0;0;0;0;0;0;0;0;0;0;0
4193;Totaal mannen en vrouwen;30 tot 35 jaar;Combinatie van sectoren;A Landbouw, bosbouw en visserij;2014/'15;0;0;0;0;0;0;0;0;0;0;0;0;0;0;0
4194;Totaal mannen en vrouwen;30 tot 35 jaar;Combinatie van sectoren;A Landbouw, bosbouw en visserij;2015/'16;0;0;0;0;0;0;0;0;0;0;0;0;0;0;0
4195;Totaal mannen en vrouwen;30 tot 35 jaar;Combinatie van sectoren;A Landbouw, bosbouw en visserij;2016/'17;0;0;0;0;0;0;0;0;0;0;0;0;0;0;0
4196;Totaal mannen en vrouwen;30 tot 35 jaar;Combinatie van sectoren;A Landbouw, bosbouw en visserij;2017/'18;1;1;0;0;0;0;1;0;0;0;0;1;0;0;0
4197;Totaal mannen en vrouwen;30 tot 35 jaar;Combinatie van sectoren;A Landbouw, bosbouw en visserij;2018/'19;1;1;0;0;0;0;1;0;0;0;0;1;0;0;0
4198;Totaal mannen en vrouwen;30 tot 35 jaar;Combinatie van sectoren;A Landbouw, bosbouw en visserij;2019/'20;1;1;0;0;0;0;1;0;0;0;0;1;0;0;0
4199;Totaal mannen en vrouwen;30 tot 35 jaar;Combinatie van sectoren;A Landbouw, bosbouw en visserij;2020/'21;0;0;0;0;0;0;0;0;0;0;0;0;0;0;0
4200;Totaal mannen en vrouwen;30 tot 35 jaar;Combinatie van sectoren;B-E Nijverheid (geen bouw) en energie;2009/'10;127;106;21;0;0;4;123;3;1;0;0;103;20;0;0
4201;Totaal mannen en vrouwen;30 tot 35 jaar;Combinatie van sectoren;B-E Nijverheid (geen bouw) en energie;2010/'11;135;134;1;0;0;1;134;1;0;0;0;133;1;0;0
4202;Totaal mannen en vrouwen;30 tot 35 jaar;Combinatie van sectoren;B-E Nijverheid (geen bouw) en energie;2011/'12;103;96;6;1;0;3;100;3;0;0;0;93;6;1;0
4203;Totaal mannen en vrouwen;30 tot 35 jaar;Combinatie van sectoren;B-E Nijverheid (geen bouw) en energie;2012/'13;50;50;0;0;0;0;50;0;0;0;0;50;0;0;0
4204;Totaal mannen en vrouwen;30 tot 35 jaar;Combinatie van sectoren;B-E Nijverheid (geen bouw) en energie;2013/'14;31;31;0;0;0;0;31;0;0;0;0;31;0;0;0
4205;Totaal mannen en vrouwen;30 tot 35 jaar;Combinatie van sectoren;B-E Nijverheid (geen bouw) en energie;2014/'15;4;4;0;0;0;0;4;0;0;0;0;4;0;0;0
4206;Totaal mannen en vrouwen;30 tot 35 jaar;Combinatie van sectoren;B-E Nijverheid (geen bouw) en energie;2015/'16;10;10;0;0;0;0;10;0;0;0;0;10;0;0;0
4207;Totaal mannen en vrouwen;30 tot 35 jaar;Combinatie van sectoren;B-E Nijverheid (geen bouw) en energie;2016/'17;29;29;0;0;0;0;29;0;0;0;0;29;0;0;0
4208;Totaal mannen en vrouwen;30 tot 35 jaar;Combinatie van sectoren;B-E Nijverheid (geen bouw) en energie;2017/'18;12;12;0;0;0;1;11;1;0;0;0;11;0;0;0
4209;Totaal mannen en vrouwen;30 tot 35 jaar;Combinatie van sectoren;B-E Nijverheid (geen bouw) en energie;2018/'19;10;8;2;0;0;0;10;0;0;0;0;8;2;0;0
4210;Totaal mannen en vrouwen;30 tot 35 jaar;Combinatie van sectoren;B-E Nijverheid (geen bouw) en energie;2019/'20;15;15;0;0;0;0;15;0;0;0;0;15;0;0;0
4211;Totaal mannen en vrouwen;30 tot 35 jaar;Combinatie van sectoren;B-E Nijverheid (geen bouw) en energie;2020/'21;6;6;0;0;0;1;5;1;0;0;0;5;0;0;0
4212;Totaal mannen en vrouwen;30 tot 35 jaar;Combinatie van sectoren;F Bouwnijverheid;2009/'10;1;1;0;0;0;0;1;0;0;0;0;1;0;0;0
4213;Totaal mannen en vrouwen;30 tot 35 jaar;Combinatie van sectoren;F Bouwnijverheid;2010/'11;0;0;0;0;0;0;0;0;0;0;0;0;0;0;0
4214;Totaal mannen en vrouwen;30 tot 35 jaar;Combinatie van sectoren;F Bouwnijverheid;2011/'12;4;4;0;0;0;0;4;0;0;0;0;4;0;0;0
4215;Totaal mannen en vrouwen;30 tot 35 jaar;Combinatie van sectoren;F Bouwnijverheid;2012/'13;0;0;0;0;0;0;0;0;0;0;0;0;0;0;0
4216;Totaal mannen en vrouwen;30 tot 35 jaar;Combinatie van sectoren;F Bouwnijverheid;2013/'14;1;1;0;0;0;0;1;0;0;0;0;1;0;0;0
4217;Totaal mannen en vrouwen;30 tot 35 jaar;Combinatie van sectoren;F Bouwnijverheid;2014/'15;0;0;0;0;0;0;0;0;0;0;0;0;0;0;0
4218;Totaal mannen en vrouwen;30 tot 35 jaar;Combinatie van sectoren;F Bouwnijverheid;2015/'16;0;0;0;0;0;0;0;0;0;0;0;0;0;0;0
4219;Totaal mannen en vrouwen;30 tot 35 jaar;Combinatie van sectoren;F Bouwnijverheid;2016/'17;0;0;0;0;0;0;0;0;0;0;0;0;0;0;0
4220;Totaal mannen en vrouwen;30 tot 35 jaar;Combinatie van sectoren;F Bouwnijverheid;2017/'18;0;0;0;0;0;0;0;0;0;0;0;0;0;0;0
4221;Totaal mannen en vrouwen;30 tot 35 jaar;Combinatie van sectoren;F Bouwnijverheid;2018/'19;3;3;0;0;0;1;2;1;0;0;0;2;0;0;0
4222;Totaal mannen en vrouwen;30 tot 35 jaar;Combinatie van sectoren;F Bouwnijverheid;2019/'20;2;2;0;0;0;0;2;0;0;0;0;2;0;0;0
4223;Totaal mannen en vrouwen;30 tot 35 jaar;Combinatie van sectoren;F Bouwnijverheid;2020/'21;3;3;0;0;0;1;2;1;0;0;0;2;0;0;0
4224;Totaal mannen en vrouwen;30 tot 35 jaar;Combinatie van sectoren;G-I Handel, vervoer en horeca;2009/'10;22;17;3;1;1;4;18;4;0;0;0;13;3;1;1
4225;Totaal mannen en vrouwen;30 tot 35 jaar;Combinatie van sectoren;G-I Handel, vervoer en horeca;2010/'11;16;12;4;0;0;6;10;6;0;0;0;6;4;0;0
4226;Totaal mannen en vrouwen;30 tot 35 jaar;Combinatie van sectoren;G-I Handel, vervoer en horeca;2011/'12;14;13;1;0;0;4;10;4;0;0;0;9;1;0;0
4227;Totaal mannen en vrouwen;30 tot 35 jaar;Combinatie van sectoren;G-I Handel, vervoer en horeca;2012/'13;7;7;0;0;0;1;6;1;0;0;0;6;0;0;0
4228;Totaal mannen en vrouwen;30 tot 35 jaar;Combinatie van sectoren;G-I Handel, vervoer en horeca;2013/'14;5;5;0;0;0;2;3;2;0;0;0;3;0;0;0
4229;Totaal mannen en vrouwen;30 tot 35 jaar;Combinatie van sectoren;G-I Handel, vervoer en horeca;2014/'15;5;5;0;0;0;0;5;0;0;0;0;5;0;0;0
4230;Totaal mannen en vrouwen;30 tot 35 jaar;Combinatie van sectoren;G-I Handel, vervoer en horeca;2015/'16;4;4;0;0;0;1;3;1;0;0;0;3;0;0;0
4231;Totaal mannen en vrouwen;30 tot 35 jaar;Combinatie van sectoren;G-I Handel, vervoer en horeca;2016/'17;12;12;0;0;0;5;7;5;0;0;0;7;0;0;0
4232;Totaal mannen en vrouwen;30 tot 35 jaar;Combinatie van sectoren;G-I Handel, vervoer en horeca;2017/'18;9;9;0;0;0;6;3;6;0;0;0;3;0;0;0
4233;Totaal mannen en vrouwen;30 tot 35 jaar;Combinatie van sectoren;G-I Handel, vervoer en horeca;2018/'19;17;17;0;0;0;9;8;9;0;0;0;8;0;0;0
4234;Totaal mannen en vrouwen;30 tot 35 jaar;Combinatie van sectoren;G-I Handel, vervoer en horeca;2019/'20;18;17;1;0;0;6;12;5;1;0;0;12;0;0;0
4235;Totaal mannen en vrouwen;30 tot 35 jaar;Combinatie van sectoren;G-I Handel, vervoer en horeca;2020/'21;26;26;0;0;0;11;15;11;0;0;0;15;0;0;0
4236;Totaal mannen en vrouwen;30 tot 35 jaar;Combinatie van sectoren;J Informatie en communicatie;2009/'10;0;0;0;0;0;0;0;0;0;0;0;0;0;0;0
4237;Totaal mannen en vrouwen;30 tot 35 jaar;Combinatie van sectoren;J Informatie en communicatie;2010/'11;0;0;0;0;0;0;0;0;0;0;0;0;0;0;0
4238;Totaal mannen en vrouwen;30 tot 35 jaar;Combinatie van sectoren;J Informatie en communicatie;2011/'12;5;1;0;4;0;1;4;1;0;0;0;0;0;4;0
4239;Totaal mannen en vrouwen;30 tot 35 jaar;Combinatie van sectoren;J Informatie en communicatie;2012/'13;0;0;0;0;0;0;0;0;0;0;0;0;0;0;0
4240;Totaal mannen en vrouwen;30 tot 35 jaar;Combinatie van sectoren;J Informatie en communicatie;2013/'14;0;0;0;0;0;0;0;0;0;0;0;0;0;0;0
4241;Totaal mannen en vrouwen;30 tot 35 jaar;Combinatie van sectoren;J Informatie en communicatie;2014/'15;0;0;0;0;0;0;0;0;0;0;0;0;0;0;0
4242;Totaal mannen en vrouwen;30 tot 35 jaar;Combinatie van sectoren;J Informatie en communicatie;2015/'16;0;0;0;0;0;0;0;0;0;0;0;0;0;0;0
4243;Totaal mannen en vrouwen;30 tot 35 jaar;Combinatie van sectoren;J Informatie en communicatie;2016/'17;0;0;0;0;0;0;0;0;0;0;0;0;0;0;0
4244;Totaal mannen en vrouwen;30 tot 35 jaar;Combinatie van sectoren;J Informatie en communicatie;2017/'18;0;0;0;0;0;0;0;0;0;0;0;0;0;0;0
4245;Totaal mannen en vrouwen;30 tot 35 jaar;Combinatie van sectoren;J Informatie en communicatie;2018/'19;1;1;0;0;0;0;1;0;0;0;0;1;0;0;0
4246;Totaal mannen en vrouwen;30 tot 35 jaar;Combinatie van sectoren;J Informatie en communicatie;2019/'20;0;0;0;0;0;0;0;0;0;0;0;0;0;0;0
4247;Totaal mannen en vrouwen;30 tot 35 jaar;Combinatie van sectoren;J Informatie en communicatie;2020/'21;0;0;0;0;0;0;0;0;0;0;0;0;0;0;0
4248;Totaal mannen en vrouwen;30 tot 35 jaar;Combinatie van sectoren;K Financiële dienstverlening;2009/'10;0;0;0;0;0;0;0;0;0;0;0;0;0;0;0
4249;Totaal mannen en vrouwen;30 tot 35 jaar;Combinatie van sectoren;K Financiële dienstverlening;2010/'11;2;2;0;0;0;0;2;0;0;0;0;2;0;0;0
4250;Totaal mannen en vrouwen;30 tot 35 jaar;Combinatie van sectoren;K Financiële dienstverlening;2011/'12;0;0;0;0;0;0;0;0;0;0;0;0;0;0;0
4251;Totaal mannen en vrouwen;30 tot 35 jaar;Combinatie van sectoren;K Financiële dienstverlening;2012/'13;0;0;0;0;0;0;0;0;0;0;0;0;0;0;0
4252;Totaal mannen en vrouwen;30 tot 35 jaar;Combinatie van sectoren;K Financiële dienstverlening;2013/'14;0;0;0;0;0;0;0;0;0;0;0;0;0;0;0
4253;Totaal mannen en vrouwen;30 tot 35 jaar;Combinatie van sectoren;K Financiële dienstverlening;2014/'15;0;0;0;0;0;0;0;0;0;0;0;0;0;0;0
4254;Totaal mannen en vrouwen;30 tot 35 jaar;Combinatie van sectoren;K Financiële dienstverlening;2015/'16;0;0;0;0;0;0;0;0;0;0;0;0;0;0;0
4255;Totaal mannen en vrouwen;30 tot 35 jaar;Combinatie van sectoren;K Financiële dienstverlening;2016/'17;0;0;0;0;0;0;0;0;0;0;0;0;0;0;0
4256;Totaal mannen en vrouwen;30 tot 35 jaar;Combinatie van sectoren;K Financiële dienstverlening;2017/'18;0;0;0;0;0;0;0;0;0;0;0;0;0;0;0
4257;Totaal mannen en vrouwen;30 tot 35 jaar;Combinatie van sectoren;K Financiële dienstverlening;2018/'19;0;0;0;0;0;0;0;0;0;0;0;0;0;0;0
4258;Totaal mannen en vrouwen;30 tot 35 jaar;Combinatie van sectoren;K Financiële dienstverlening;2019/'20;0;0;0;0;0;0;0;0;0;0;0;0;0;0;0
4259;Totaal mannen en vrouwen;30 tot 35 jaar;Combinatie van sectoren;K Financiële dienstverlening;2020/'21;0;0;0;0;0;0;0;0;0;0;0;0;0;0;0
4260;Totaal mannen en vrouwen;30 tot 35 jaar;Combinatie van sectoren;L Verhuur en handel van onroerend goed;2009/'10;1;1;0;0;0;0;1;0;0;0;0;1;0;0;0
4261;Totaal mannen en vrouwen;30 tot 35 jaar;Combinatie van sectoren;L Verhuur en handel van onroerend goed;2010/'11;0;0;0;0;0;0;0;0;0;0;0;0;0;0;0
4262;Totaal mannen en vrouwen;30 tot 35 jaar;Combinatie van sectoren;L Verhuur en handel van onroerend goed;2011/'12;1;1;0;0;0;1;0;1;0;0;0;0;0;0;0
4263;Totaal mannen en vrouwen;30 tot 35 jaar;Combinatie van sectoren;L Verhuur en handel van onroerend goed;2012/'13;0;0;0;0;0;0;0;0;0;0;0;0;0;0;0
4264;Totaal mannen en vrouwen;30 tot 35 jaar;Combinatie van sectoren;L Verhuur en handel van onroerend goed;2013/'14;0;0;0;0;0;0;0;0;0;0;0;0;0;0;0
4265;Totaal mannen en vrouwen;30 tot 35 jaar;Combinatie van sectoren;L Verhuur en handel van onroerend goed;2014/'15;0;0;0;0;0;0;0;0;0;0;0;0;0;0;0
4266;Totaal mannen en vrouwen;30 tot 35 jaar;Combinatie van sectoren;L Verhuur en handel van onroerend goed;2015/'16;0;0;0;0;0;0;0;0;0;0;0;0;0;0;0
4267;Totaal mannen en vrouwen;30 tot 35 jaar;Combinatie van sectoren;L Verhuur en handel van onroerend goed;2016/'17;0;0;0;0;0;0;0;0;0;0;0;0;0;0;0
4268;Totaal mannen en vrouwen;30 tot 35 jaar;Combinatie van sectoren;L Verhuur en handel van onroerend goed;2017/'18;0;0;0;0;0;0;0;0;0;0;0;0;0;0;0
4269;Totaal mannen en vrouwen;30 tot 35 jaar;Combinatie van sectoren;L Verhuur en handel van onroerend goed;2018/'19;0;0;0;0;0;0;0;0;0;0;0;0;0;0;0
4270;Totaal mannen en vrouwen;30 tot 35 jaar;Combinatie van sectoren;L Verhuur en handel van onroerend goed;2019/'20;1;1;0;0;0;0;1;0;0;0;0;1;0;0;0
4271;Totaal mannen en vrouwen;30 tot 35 jaar;Combinatie van sectoren;L Verhuur en handel van onroerend goed;2020/'21;1;1;0;0;0;1;0;1;0;0;0;0;0;0;0
4272;Totaal mannen en vrouwen;30 tot 35 jaar;Combinatie van sectoren;M-N Zakelijke dienstverlening;2009/'10;40;38;2;0;0;15;25;15;0;0;0;23;2;0;0
4273;Totaal mannen en vrouwen;30 tot 35 jaar;Combinatie van sectoren;M-N Zakelijke dienstverlening;2010/'11;37;37;0;0;0;15;22;15;0;0;0;22;0;0;0
4274;Totaal mannen en vrouwen;30 tot 35 jaar;Combinatie van sectoren;M-N Zakelijke dienstverlening;2011/'12;32;30;0;2;0;6;26;6;0;0;0;24;0;2;0
4275;Totaal mannen en vrouwen;30 tot 35 jaar;Combinatie van sectoren;M-N Zakelijke dienstverlening;2012/'13;31;27;3;0;1;4;27;3;0;0;1;24;3;0;0
4276;Totaal mannen en vrouwen;30 tot 35 jaar;Combinatie van sectoren;M-N Zakelijke dienstverlening;2013/'14;21;20;1;0;0;2;19;2;0;0;0;18;1;0;0
4277;Totaal mannen en vrouwen;30 tot 35 jaar;Combinatie van sectoren;M-N Zakelijke dienstverlening;2014/'15;12;12;0;0;0;0;12;0;0;0;0;12;0;0;0
4278;Totaal mannen en vrouwen;30 tot 35 jaar;Combinatie van sectoren;M-N Zakelijke dienstverlening;2015/'16;17;17;0;0;0;3;14;3;0;0;0;14;0;0;0
4279;Totaal mannen en vrouwen;30 tot 35 jaar;Combinatie van sectoren;M-N Zakelijke dienstverlening;2016/'17;23;23;0;0;0;2;21;2;0;0;0;21;0;0;0
4280;Totaal mannen en vrouwen;30 tot 35 jaar;Combinatie van sectoren;M-N Zakelijke dienstverlening;2017/'18;16;16;0;0;0;0;16;0;0;0;0;16;0;0;0
4281;Totaal mannen en vrouwen;30 tot 35 jaar;Combinatie van sectoren;M-N Zakelijke dienstverlening;2018/'19;45;45;0;0;0;6;39;6;0;0;0;39;0;0;0
4282;Totaal mannen en vrouwen;30 tot 35 jaar;Combinatie van sectoren;M-N Zakelijke dienstverlening;2019/'20;43;42;1;0;0;4;39;4;0;0;0;38;1;0;0
4283;Totaal mannen en vrouwen;30 tot 35 jaar;Combinatie van sectoren;M-N Zakelijke dienstverlening;2020/'21;38;38;0;0;0;9;29;9;0;0;0;29;0;0;0
4284;Totaal mannen en vrouwen;30 tot 35 jaar;Combinatie van sectoren;O-Q Overheid en zorg;2009/'10;35;33;0;2;0;2;33;2;0;0;0;31;0;2;0
4285;Totaal mannen en vrouwen;30 tot 35 jaar;Combinatie van sectoren;O-Q Overheid en zorg;2010/'11;13;12;0;1;0;0;13;0;0;0;0;12;0;1;0
4286;Totaal mannen en vrouwen;30 tot 35 jaar;Combinatie van sectoren;O-Q Overheid en zorg;2011/'12;13;12;0;1;0;1;12;1;0;0;0;11;0;1;0
4287;Totaal mannen en vrouwen;30 tot 35 jaar;Combinatie van sectoren;O-Q Overheid en zorg;2012/'13;18;18;0;0;0;0;18;0;0;0;0;18;0;0;0
4288;Totaal mannen en vrouwen;30 tot 35 jaar;Combinatie van sectoren;O-Q Overheid en zorg;2013/'14;24;24;0;0;0;1;23;1;0;0;0;23;0;0;0
4289;Totaal mannen en vrouwen;30 tot 35 jaar;Combinatie van sectoren;O-Q Overheid en zorg;2014/'15;3;3;0;0;0;0;3;0;0;0;0;3;0;0;0
4290;Totaal mannen en vrouwen;30 tot 35 jaar;Combinatie van sectoren;O-Q Overheid en zorg;2015/'16;3;3;0;0;0;1;2;1;0;0;0;2;0;0;0
4291;Totaal mannen en vrouwen;30 tot 35 jaar;Combinatie van sectoren;O-Q Overheid en zorg;2016/'17;6;6;0;0;0;1;5;1;0;0;0;5;0;0;0
4292;Totaal mannen en vrouwen;30 tot 35 jaar;Combinatie van sectoren;O-Q Overheid en zorg;2017/'18;6;6;0;0;0;0;6;0;0;0;0;6;0;0;0
4293;Totaal mannen en vrouwen;30 tot 35 jaar;Combinatie van sectoren;O-Q Overheid en zorg;2018/'19;10;9;1;0;0;2;8;2;0;0;0;7;1;0;0
4294;Totaal mannen en vrouwen;30 tot 35 jaar;Combinatie van sectoren;O-Q Overheid en zorg;2019/'20;10;10;0;0;0;1;9;1;0;0;0;9;0;0;0
4295;Totaal mannen en vrouwen;30 tot 35 jaar;Combinatie van sectoren;O-Q Overheid en zorg;2020/'21;6;6;0;0;0;2;4;2;0;0;0;4;0;0;0
4296;Totaal mannen en vrouwen;30 tot 35 jaar;Combinatie van sectoren;R-U Cultuur, recreatie, overige diensten;2009/'10;3;3;0;0;0;0;3;0;0;0;0;3;0;0;0
4297;Totaal mannen en vrouwen;30 tot 35 jaar;Combinatie van sectoren;R-U Cultuur, recreatie, overige diensten;2010/'11;0;0;0;0;0;0;0;0;0;0;0;0;0;0;0
4298;Totaal mannen en vrouwen;30 tot 35 jaar;Combinatie van sectoren;R-U Cultuur, recreatie, overige diensten;2011/'12;0;0;0;0;0;0;0;0;0;0;0;0;0;0;0
4299;Totaal mannen en vrouwen;30 tot 35 jaar;Combinatie van sectoren;R-U Cultuur, recreatie, overige diensten;2012/'13;2;1;1;0;0;0;2;0;0;0;0;1;1;0;0
4300;Totaal mannen en vrouwen;30 tot 35 jaar;Combinatie van sectoren;R-U Cultuur, recreatie, overige diensten;2013/'14;0;0;0;0;0;0;0;0;0;0;0;0;0;0;0
4301;Totaal mannen en vrouwen;30 tot 35 jaar;Combinatie van sectoren;R-U Cultuur, recreatie, overige diensten;2014/'15;1;1;0;0;0;0;1;0;0;0;0;1;0;0;0
4302;Totaal mannen en vrouwen;30 tot 35 jaar;Combinatie van sectoren;R-U Cultuur, recreatie, overige diensten;2015/'16;0;0;0;0;0;0;0;0;0;0;0;0;0;0;0
4303;Totaal mannen en vrouwen;30 tot 35 jaar;Combinatie van sectoren;R-U Cultuur, recreatie, overige diensten;2016/'17;0;0;0;0;0;0;0;0;0;0;0;0;0;0;0
4304;Totaal mannen en vrouwen;30 tot 35 jaar;Combinatie van sectoren;R-U Cultuur, recreatie, overige diensten;2017/'18;2;2;0;0;0;0;2;0;0;0;0;2;0;0;0
4305;Totaal mannen en vrouwen;30 tot 35 jaar;Combinatie van sectoren;R-U Cultuur, recreatie, overige diensten;2018/'19;2;2;0;0;0;0;2;0;0;0;0;2;0;0;0
4306;Totaal mannen en vrouwen;30 tot 35 jaar;Combinatie van sectoren;R-U Cultuur, recreatie, overige diensten;2019/'20;2;2;0;0;0;0;2;0;0;0;0;2;0;0;0
4307;Totaal mannen en vrouwen;30 tot 35 jaar;Combinatie van sectoren;R-U Cultuur, recreatie, overige diensten;2020/'21;3;3;0;0;0;1;2;1;0;0;0;2;0;0;0
4308;Totaal mannen en vrouwen;30 tot 35 jaar;Combinatie van sectoren;SBI-code onbekend;2009/'10;1;1;0;0;0;0;1;0;0;0;0;1;0;0;0
4309;Totaal mannen en vrouwen;30 tot 35 jaar;Combinatie van sectoren;SBI-code onbekend;2010/'11;2;2;0;0;0;1;1;1;0;0;0;1;0;0;0
4310;Totaal mannen en vrouwen;30 tot 35 jaar;Combinatie van sectoren;SBI-code onbekend;2011/'12;2;2;0;0;0;0;2;0;0;0;0;2;0;0;0
4311;Totaal mannen en vrouwen;30 tot 35 jaar;Combinatie van sectoren;SBI-code onbekend;2012/'13;0;0;0;0;0;0;0;0;0;0;0;0;0;0;0
4312;Totaal mannen en vrouwen;30 tot 35 jaar;Combinatie van sectoren;SBI-code onbekend;2013/'14;1;1;0;0;0;0;1;0;0;0;0;1;0;0;0
4313;Totaal mannen en vrouwen;30 tot 35 jaar;Combinatie van sectoren;SBI-code onbekend;2014/'15;1;1;0;0;0;1;0;1;0;0;0;0;0;0;0
4314;Totaal mannen en vrouwen;30 tot 35 jaar;Combinatie van sectoren;SBI-code onbekend;2015/'16;0;0;0;0;0;0;0;0;0;0;0;0;0;0;0
4315;Totaal mannen en vrouwen;30 tot 35 jaar;Combinatie van sectoren;SBI-code onbekend;2016/'17;0;0;0;0;0;0;0;0;0;0;0;0;0;0;0
4316;Totaal mannen en vrouwen;30 tot 35 jaar;Combinatie van sectoren;SBI-code onbekend;2017/'18;1;1;0;0;0;1;0;1;0;0;0;0;0;0;0
4317;Totaal mannen en vrouwen;30 tot 35 jaar;Combinatie van sectoren;SBI-code onbekend;2018/'19;0;0;0;0;0;0;0;0;0;0;0;0;0;0;0
4318;Totaal mannen en vrouwen;30 tot 35 jaar;Combinatie van sectoren;SBI-code onbekend;2019/'20;1;1;0;0;0;1;0;1;0;0;0;0;0;0;0
4319;Totaal mannen en vrouwen;30 tot 35 jaar;Combinatie van sectoren;SBI-code onbekend;2020/'21;0;0;0;0;0;0;0;0;0;0;0;0;0;0;0
4320;Totaal mannen en vrouwen;35 tot 40 jaar;Totaal;A-U Alle economische activiteiten;2009/'10;4919;925;1888;1158;948;404;4515;29;150;100;125;896;1738;1058;823
4321;Totaal mannen en vrouwen;35 tot 40 jaar;Totaal;A-U Alle economische activiteiten;2010/'11;3496;768;1207;828;693;295;3201;26;93;46;130;742;1114;782;563
4322;Totaal mannen en vrouwen;35 tot 40 jaar;Totaal;A-U Alle economische activiteiten;2011/'12;2880;562;1131;729;458;195;2685;15;76;57;47;547;1055;672;411
4323;Totaal mannen en vrouwen;35 tot 40 jaar;Totaal;A-U Alle economische activiteiten;2012/'13;2435;503;909;626;397;148;2287;13;55;44;36;490;854;582;361
4324;Totaal mannen en vrouwen;35 tot 40 jaar;Totaal;A-U Alle economische activiteiten;2013/'14;1076;157;304;356;259;65;1011;5;25;14;21;152;279;342;238
4325;Totaal mannen en vrouwen;35 tot 40 jaar;Totaal;A-U Alle economische activiteiten;2014/'15;756;98;212;267;179;23;733;3;10;6;4;95;202;261;175
4326;Totaal mannen en vrouwen;35 tot 40 jaar;Totaal;A-U Alle economische activiteiten;2015/'16;692;73;195;267;157;18;674;6;2;2;8;67;193;265;149
4327;Totaal mannen en vrouwen;35 tot 40 jaar;Totaal;A-U Alle economische activiteiten;2016/'17;1251;72;274;524;381;23;1228;5;8;5;5;67;266;519;376
4328;Totaal mannen en vrouwen;35 tot 40 jaar;Totaal;A-U Alle economische activiteiten;2017/'18;1360;39;323;565;433;28;1332;3;8;10;7;36;315;555;426
4329;Totaal mannen en vrouwen;35 tot 40 jaar;Totaal;A-U Alle economische activiteiten;2018/'19;1624;67;366;653;538;30;1594;6;1;12;11;61;365;641;527
4330;Totaal mannen en vrouwen;35 tot 40 jaar;Totaal;A-U Alle economische activiteiten;2019/'20;1483;84;302;528;569;32;1451;10;8;8;6;74;294;520;563
4331;Totaal mannen en vrouwen;35 tot 40 jaar;Totaal;A-U Alle economische activiteiten;2020/'21;1326;102;292;466;466;33;1293;10;7;8;8;92;285;458;458
4332;Totaal mannen en vrouwen;35 tot 40 jaar;Totaal;A Landbouw, bosbouw en visserij;2009/'10;18;2;6;4;6;1;17;0;1;0;0;2;5;4;6
4333;Totaal mannen en vrouwen;35 tot 40 jaar;Totaal;A Landbouw, bosbouw en visserij;2010/'11;20;1;12;2;5;3;17;0;0;0;3;1;12;2;2
4334;Totaal mannen en vrouwen;35 tot 40 jaar;Totaal;A Landbouw, bosbouw en visserij;2011/'12;9;1;1;6;1;0;9;0;0;0;0;1;1;6;1
4335;Totaal mannen en vrouwen;35 tot 40 jaar;Totaal;A Landbouw, bosbouw en visserij;2012/'13;10;1;5;4;0;0;10;0;0;0;0;1;5;4;0
4336;Totaal mannen en vrouwen;35 tot 40 jaar;Totaal;A Landbouw, bosbouw en visserij;2013/'14;6;2;1;0;3;0;6;0;0;0;0;2;1;0;3
4337;Totaal mannen en vrouwen;35 tot 40 jaar;Totaal;A Landbouw, bosbouw en visserij;2014/'15;4;2;0;1;1;0;4;0;0;0;0;2;0;1;1
4338;Totaal mannen en vrouwen;35 tot 40 jaar;Totaal;A Landbouw, bosbouw en visserij;2015/'16;3;1;0;2;0;0;3;0;0;0;0;1;0;2;0
4339;Totaal mannen en vrouwen;35 tot 40 jaar;Totaal;A Landbouw, bosbouw en visserij;2016/'17;3;0;0;3;0;0;3;0;0;0;0;0;0;3;0
4340;Totaal mannen en vrouwen;35 tot 40 jaar;Totaal;A Landbouw, bosbouw en visserij;2017/'18;8;0;6;2;0;0;8;0;0;0;0;0;6;2;0
4341;Totaal mannen en vrouwen;35 tot 40 jaar;Totaal;A Landbouw, bosbouw en visserij;2018/'19;7;1;1;3;2;0;7;0;0;0;0;1;1;3;2
4342;Totaal mannen en vrouwen;35 tot 40 jaar;Totaal;A Landbouw, bosbouw en visserij;2019/'20;10;0;2;5;3;0;10;0;0;0;0;0;2;5;3
4343;Totaal mannen en vrouwen;35 tot 40 jaar;Totaal;A Landbouw, bosbouw en visserij;2020/'21;12;4;2;4;2;0;12;0;0;0;0;4;2;4;2
4344;Totaal mannen en vrouwen;35 tot 40 jaar;Totaal;B-E Nijverheid (geen bouw) en energie;2009/'10;1119;587;304;160;68;41;1078;4;14;12;11;583;290;148;57
4345;Totaal mannen en vrouwen;35 tot 40 jaar;Totaal;B-E Nijverheid (geen bouw) en energie;2010/'11;860;501;190;106;63;24;836;1;6;10;7;500;184;96;56
4346;Totaal mannen en vrouwen;35 tot 40 jaar;Totaal;B-E Nijverheid (geen bouw) en energie;2011/'12;586;316;156;78;36;7;579;0;4;0;3;316;152;78;33
4347;Totaal mannen en vrouwen;35 tot 40 jaar;Totaal;B-E Nijverheid (geen bouw) en energie;2012/'13;510;255;150;69;36;10;500;1;2;2;5;254;148;67;31
4348;Totaal mannen en vrouwen;35 tot 40 jaar;Totaal;B-E Nijverheid (geen bouw) en energie;2013/'14;197;67;51;54;25;2;195;0;1;1;0;67;50;53;25
4349;Totaal mannen en vrouwen;35 tot 40 jaar;Totaal;B-E Nijverheid (geen bouw) en energie;2014/'15;120;39;36;37;8;0;120;0;0;0;0;39;36;37;8
4350;Totaal mannen en vrouwen;35 tot 40 jaar;Totaal;B-E Nijverheid (geen bouw) en energie;2015/'16;130;28;53;38;11;1;129;1;0;0;0;27;53;38;11
4351;Totaal mannen en vrouwen;35 tot 40 jaar;Totaal;B-E Nijverheid (geen bouw) en energie;2016/'17;169;30;63;50;26;0;169;0;0;0;0;30;63;50;26
4352;Totaal mannen en vrouwen;35 tot 40 jaar;Totaal;B-E Nijverheid (geen bouw) en energie;2017/'18;106;6;36;46;18;1;105;0;0;1;0;6;36;45;18
4353;Totaal mannen en vrouwen;35 tot 40 jaar;Totaal;B-E Nijverheid (geen bouw) en energie;2018/'19;158;7;55;70;26;0;158;0;0;0;0;7;55;70;26
4354;Totaal mannen en vrouwen;35 tot 40 jaar;Totaal;B-E Nijverheid (geen bouw) en energie;2019/'20;135;13;40;50;32;2;133;0;2;0;0;13;38;50;32
4355;Totaal mannen en vrouwen;35 tot 40 jaar;Totaal;B-E Nijverheid (geen bouw) en energie;2020/'21;95;11;28;40;16;2;93;1;0;1;0;10;28;39;16
4356;Totaal mannen en vrouwen;35 tot 40 jaar;Totaal;F Bouwnijverheid;2009/'10;289;4;110;90;85;15;274;0;5;2;8;4;105;88;77
4357;Totaal mannen en vrouwen;35 tot 40 jaar;Totaal;F Bouwnijverheid;2010/'11;123;2;68;36;17;3;120;0;1;0;2;2;67;36;15
4358;Totaal mannen en vrouwen;35 tot 40 jaar;Totaal;F Bouwnijverheid;2011/'12;110;7;55;31;17;7;103;1;2;2;2;6;53;29;15
4359;Totaal mannen en vrouwen;35 tot 40 jaar;Totaal;F Bouwnijverheid;2012/'13;92;1;52;25;14;4;88;0;2;2;0;1;50;23;14
4360;Totaal mannen en vrouwen;35 tot 40 jaar;Totaal;F Bouwnijverheid;2013/'14;39;0;12;10;17;0;39;0;0;0;0;0;12;10;17
4361;Totaal mannen en vrouwen;35 tot 40 jaar;Totaal;F Bouwnijverheid;2014/'15;23;1;10;5;7;1;22;0;0;0;1;1;10;5;6
4362;Totaal mannen en vrouwen;35 tot 40 jaar;Totaal;F Bouwnijverheid;2015/'16;25;0;7;12;6;1;24;0;0;1;0;0;7;11;6
4363;Totaal mannen en vrouwen;35 tot 40 jaar;Totaal;F Bouwnijverheid;2016/'17;57;0;16;20;21;1;56;0;0;0;1;0;16;20;20
4364;Totaal mannen en vrouwen;35 tot 40 jaar;Totaal;F Bouwnijverheid;2017/'18;50;0;13;22;15;1;49;0;0;1;0;0;13;21;15
4365;Totaal mannen en vrouwen;35 tot 40 jaar;Totaal;F Bouwnijverheid;2018/'19;58;0;21;21;16;1;57;0;0;1;0;0;21;20;16
4366;Totaal mannen en vrouwen;35 tot 40 jaar;Totaal;F Bouwnijverheid;2019/'20;46;0;10;19;17;0;46;0;0;0;0;0;10;19;17
4367;Totaal mannen en vrouwen;35 tot 40 jaar;Totaal;F Bouwnijverheid;2020/'21;40;3;18;16;3;0;40;0;0;0;0;3;18;16;3
4368;Totaal mannen en vrouwen;35 tot 40 jaar;Totaal;G-I Handel, vervoer en horeca;2009/'10;1287;108;772;235;172;90;1197;11;27;26;26;97;745;209;146
4369;Totaal mannen en vrouwen;35 tot 40 jaar;Totaal;G-I Handel, vervoer en horeca;2010/'11;809;69;486;138;116;61;748;9;22;7;23;60;464;131;93
4370;Totaal mannen en vrouwen;35 tot 40 jaar;Totaal;G-I Handel, vervoer en horeca;2011/'12;697;51;422;134;90;43;654;1;17;16;9;50;405;118;81
4371;Totaal mannen en vrouwen;35 tot 40 jaar;Totaal;G-I Handel, vervoer en horeca;2012/'13;584;75;302;133;74;27;557;2;11;8;6;73;291;125;68
4372;Totaal mannen en vrouwen;35 tot 40 jaar;Totaal;G-I Handel, vervoer en horeca;2013/'14;156;8;66;48;34;14;142;0;8;2;4;8;58;46;30
4373;Totaal mannen en vrouwen;35 tot 40 jaar;Totaal;G-I Handel, vervoer en horeca;2014/'15;143;5;50;45;43;7;136;0;3;4;0;5;47;41;43
4374;Totaal mannen en vrouwen;35 tot 40 jaar;Totaal;G-I Handel, vervoer en horeca;2015/'16;115;5;41;38;31;5;110;2;0;0;3;3;41;38;28
4375;Totaal mannen en vrouwen;35 tot 40 jaar;Totaal;G-I Handel, vervoer en horeca;2016/'17;208;7;46;83;72;5;203;3;1;0;1;4;45;83;71
4376;Totaal mannen en vrouwen;35 tot 40 jaar;Totaal;G-I Handel, vervoer en horeca;2017/'18;288;8;82;115;83;6;282;0;2;3;1;8;80;112;82
4377;Totaal mannen en vrouwen;35 tot 40 jaar;Totaal;G-I Handel, vervoer en horeca;2018/'19;414;9;110;175;120;10;404;3;0;3;4;6;110;172;116
4378;Totaal mannen en vrouwen;35 tot 40 jaar;Totaal;G-I Handel, vervoer en horeca;2019/'20;383;22;94;130;137;14;369;5;3;4;2;17;91;126;135
4379;Totaal mannen en vrouwen;35 tot 40 jaar;Totaal;G-I Handel, vervoer en horeca;2020/'21;334;17;61;126;130;10;324;3;1;4;2;14;60;122;128
4380;Totaal mannen en vrouwen;35 tot 40 jaar;Totaal;J Informatie en communicatie;2009/'10;42;1;8;18;15;2;40;0;1;1;0;1;7;17;15
4381;Totaal mannen en vrouwen;35 tot 40 jaar;Totaal;J Informatie en communicatie;2010/'11;25;1;6;11;7;6;19;0;3;0;3;1;3;11;4
4382;Totaal mannen en vrouwen;35 tot 40 jaar;Totaal;J Informatie en communicatie;2011/'12;19;1;5;10;3;1;18;0;0;1;0;1;5;9;3
4383;Totaal mannen en vrouwen;35 tot 40 jaar;Totaal;J Informatie en communicatie;2012/'13;16;1;2;7;6;0;16;0;0;0;0;1;2;7;6
4384;Totaal mannen en vrouwen;35 tot 40 jaar;Totaal;J Informatie en communicatie;2013/'14;5;0;1;2;2;1;4;0;0;1;0;0;1;1;2
4385;Totaal mannen en vrouwen;35 tot 40 jaar;Totaal;J Informatie en communicatie;2014/'15;4;0;2;1;1;0;4;0;0;0;0;0;2;1;1
4386;Totaal mannen en vrouwen;35 tot 40 jaar;Totaal;J Informatie en communicatie;2015/'16;0;0;0;0;0;0;0;0;0;0;0;0;0;0;0
4387;Totaal mannen en vrouwen;35 tot 40 jaar;Totaal;J Informatie en communicatie;2016/'17;9;1;0;4;4;0;9;0;0;0;0;1;0;4;4
4388;Totaal mannen en vrouwen;35 tot 40 jaar;Totaal;J Informatie en communicatie;2017/'18;8;1;2;1;4;0;8;0;0;0;0;1;2;1;4
4389;Totaal mannen en vrouwen;35 tot 40 jaar;Totaal;J Informatie en communicatie;2018/'19;16;1;5;5;5;0;16;0;0;0;0;1;5;5;5
4390;Totaal mannen en vrouwen;35 tot 40 jaar;Totaal;J Informatie en communicatie;2019/'20;17;0;1;7;9;0;17;0;0;0;0;0;1;7;9
4391;Totaal mannen en vrouwen;35 tot 40 jaar;Totaal;J Informatie en communicatie;2020/'21;13;0;4;7;2;0;13;0;0;0;0;0;4;7;2
4392;Totaal mannen en vrouwen;35 tot 40 jaar;Totaal;K Financiële dienstverlening;2009/'10;105;3;5;9;88;9;96;0;1;6;2;3;4;3;86
4393;Totaal mannen en vrouwen;35 tot 40 jaar;Totaal;K Financiële dienstverlening;2010/'11;43;9;5;0;29;3;40;0;0;0;3;9;5;0;26
4394;Totaal mannen en vrouwen;35 tot 40 jaar;Totaal;K Financiële dienstverlening;2011/'12;53;0;9;11;33;6;47;0;1;4;1;0;8;7;32
4395;Totaal mannen en vrouwen;35 tot 40 jaar;Totaal;K Financiële dienstverlening;2012/'13;32;0;5;6;21;4;28;0;0;2;2;0;5;4;19
4396;Totaal mannen en vrouwen;35 tot 40 jaar;Totaal;K Financiële dienstverlening;2013/'14;10;0;2;2;6;1;9;0;0;1;0;0;2;1;6
4397;Totaal mannen en vrouwen;35 tot 40 jaar;Totaal;K Financiële dienstverlening;2014/'15;5;0;1;0;4;1;4;0;0;0;1;0;1;0;3
4398;Totaal mannen en vrouwen;35 tot 40 jaar;Totaal;K Financiële dienstverlening;2015/'16;3;0;1;0;2;1;2;0;0;0;1;0;1;0;1
4399;Totaal mannen en vrouwen;35 tot 40 jaar;Totaal;K Financiële dienstverlening;2016/'17;7;0;2;3;2;1;6;0;0;0;1;0;2;3;1
4400;Totaal mannen en vrouwen;35 tot 40 jaar;Totaal;K Financiële dienstverlening;2017/'18;14;0;0;4;10;0;14;0;0;0;0;0;0;4;10
4401;Totaal mannen en vrouwen;35 tot 40 jaar;Totaal;K Financiële dienstverlening;2018/'19;10;0;0;4;6;0;10;0;0;0;0;0;0;4;6
4402;Totaal mannen en vrouwen;35 tot 40 jaar;Totaal;K Financiële dienstverlening;2019/'20;17;0;1;3;13;0;17;0;0;0;0;0;1;3;13
4403;Totaal mannen en vrouwen;35 tot 40 jaar;Totaal;K Financiële dienstverlening;2020/'21;6;0;0;2;4;0;6;0;0;0;0;0;0;2;4
4404;Totaal mannen en vrouwen;35 tot 40 jaar;Totaal;L Verhuur en handel van onroerend goed;2009/'10;14;2;7;3;2;3;11;0;2;0;1;2;5;3;1
4405;Totaal mannen en vrouwen;35 tot 40 jaar;Totaal;L Verhuur en handel van onroerend goed;2010/'11;21;1;6;6;8;5;16;0;2;1;2;1;4;5;6
4406;Totaal mannen en vrouwen;35 tot 40 jaar;Totaal;L Verhuur en handel van onroerend goed;2011/'12;9;0;6;3;0;2;7;0;0;2;0;0;6;1;0
4407;Totaal mannen en vrouwen;35 tot 40 jaar;Totaal;L Verhuur en handel van onroerend goed;2012/'13;15;0;10;4;1;2;13;0;1;1;0;0;9;3;1
4408;Totaal mannen en vrouwen;35 tot 40 jaar;Totaal;L Verhuur en handel van onroerend goed;2013/'14;4;0;2;0;2;1;3;0;0;0;1;0;2;0;1
4409;Totaal mannen en vrouwen;35 tot 40 jaar;Totaal;L Verhuur en handel van onroerend goed;2014/'15;2;0;0;1;1;0;2;0;0;0;0;0;0;1;1
4410;Totaal mannen en vrouwen;35 tot 40 jaar;Totaal;L Verhuur en handel van onroerend goed;2015/'16;3;0;2;1;0;0;3;0;0;0;0;0;2;1;0
4411;Totaal mannen en vrouwen;35 tot 40 jaar;Totaal;L Verhuur en handel van onroerend goed;2016/'17;3;0;2;1;0;0;3;0;0;0;0;0;2;1;0
4412;Totaal mannen en vrouwen;35 tot 40 jaar;Totaal;L Verhuur en handel van onroerend goed;2017/'18;6;0;0;2;4;0;6;0;0;0;0;0;0;2;4
4413;Totaal mannen en vrouwen;35 tot 40 jaar;Totaal;L Verhuur en handel van onroerend goed;2018/'19;4;0;0;3;1;1;3;0;0;0;1;0;0;3;0
4414;Totaal mannen en vrouwen;35 tot 40 jaar;Totaal;L Verhuur en handel van onroerend goed;2019/'20;4;0;0;2;2;0;4;0;0;0;0;0;0;2;2
4415;Totaal mannen en vrouwen;35 tot 40 jaar;Totaal;L Verhuur en handel van onroerend goed;2020/'21;2;0;0;0;2;0;2;0;0;0;0;0;0;0;2
4416;Totaal mannen en vrouwen;35 tot 40 jaar;Totaal;M-N Zakelijke dienstverlening;2009/'10;732;116;276;194;146;86;646;12;36;20;18;104;240;174;128
4417;Totaal mannen en vrouwen;35 tot 40 jaar;Totaal;M-N Zakelijke dienstverlening;2010/'11;597;108;176;224;89;66;531;14;24;6;22;94;152;218;67
4418;Totaal mannen en vrouwen;35 tot 40 jaar;Totaal;M-N Zakelijke dienstverlening;2011/'12;486;92;218;136;40;44;442;9;22;5;8;83;196;131;32
4419;Totaal mannen en vrouwen;35 tot 40 jaar;Totaal;M-N Zakelijke dienstverlening;2012/'13;366;107;142;83;34;34;332;5;18;7;4;102;124;76;30
4420;Totaal mannen en vrouwen;35 tot 40 jaar;Totaal;M-N Zakelijke dienstverlening;2013/'14;144;37;46;37;24;15;129;2;7;2;4;35;39;35;20
4421;Totaal mannen en vrouwen;35 tot 40 jaar;Totaal;M-N Zakelijke dienstverlening;2014/'15;131;36;58;18;19;8;123;2;6;0;0;34;52;18;19
4422;Totaal mannen en vrouwen;35 tot 40 jaar;Totaal;M-N Zakelijke dienstverlening;2015/'16;121;19;52;33;17;4;117;1;1;0;2;18;51;33;15
4423;Totaal mannen en vrouwen;35 tot 40 jaar;Totaal;M-N Zakelijke dienstverlening;2016/'17;217;22;75;90;30;7;210;2;4;1;0;20;71;89;30
4424;Totaal mannen en vrouwen;35 tot 40 jaar;Totaal;M-N Zakelijke dienstverlening;2017/'18;272;13;106;109;44;12;260;3;4;3;2;10;102;106;42
4425;Totaal mannen en vrouwen;35 tot 40 jaar;Totaal;M-N Zakelijke dienstverlening;2018/'19;339;38;104;136;61;9;330;2;0;5;2;36;104;131;59
4426;Totaal mannen en vrouwen;35 tot 40 jaar;Totaal;M-N Zakelijke dienstverlening;2019/'20;306;34;82;116;74;12;294;4;2;4;2;30;80;112;72
4427;Totaal mannen en vrouwen;35 tot 40 jaar;Totaal;M-N Zakelijke dienstverlening;2020/'21;271;56;81;77;57;11;260;4;5;1;1;52;76;76;56
4428;Totaal mannen en vrouwen;35 tot 40 jaar;Totaal;O-Q Overheid en zorg;2009/'10;1079;90;291;393;305;107;972;1;38;27;41;89;253;366;264
4429;Totaal mannen en vrouwen;35 tot 40 jaar;Totaal;O-Q Overheid en zorg;2010/'11;845;63;203;260;319;85;760;1;19;15;50;62;184;245;269
4430;Totaal mannen en vrouwen;35 tot 40 jaar;Totaal;O-Q Overheid en zorg;2011/'12;737;56;193;279;209;59;678;4;20;19;16;52;173;260;193
4431;Totaal mannen en vrouwen;35 tot 40 jaar;Totaal;O-Q Overheid en zorg;2012/'13;664;29;183;273;179;49;615;3;13;20;13;26;170;253;166
4432;Totaal mannen en vrouwen;35 tot 40 jaar;Totaal;O-Q Overheid en zorg;2013/'14;458;36;99;192;131;26;432;3;7;7;9;33;92;185;122
4433;Totaal mannen en vrouwen;35 tot 40 jaar;Totaal;O-Q Overheid en zorg;2014/'15;292;14;43;149;86;4;288;1;1;0;2;13;42;149;84
4434;Totaal mannen en vrouwen;35 tot 40 jaar;Totaal;O-Q Overheid en zorg;2015/'16;269;16;31;139;83;3;266;0;0;1;2;16;31;138;81
4435;Totaal mannen en vrouwen;35 tot 40 jaar;Totaal;O-Q Overheid en zorg;2016/'17;540;9;62;252;217;7;533;0;3;3;1;9;59;249;216
4436;Totaal mannen en vrouwen;35 tot 40 jaar;Totaal;O-Q Overheid en zorg;2017/'18;545;10;62;233;240;7;538;0;1;2;4;10;61;231;236
4437;Totaal mannen en vrouwen;35 tot 40 jaar;Totaal;O-Q Overheid en zorg;2018/'19;523;9;57;187;270;5;518;0;1;1;3;9;56;186;267
4438;Totaal mannen en vrouwen;35 tot 40 jaar;Totaal;O-Q Overheid en zorg;2019/'20;487;9;65;157;256;3;484;1;0;0;2;8;65;157;254
4439;Totaal mannen en vrouwen;35 tot 40 jaar;Totaal;O-Q Overheid en zorg;2020/'21;470;8;80;161;221;7;463;1;1;1;4;7;79;160;217
4440;Totaal mannen en vrouwen;35 tot 40 jaar;Totaal;R-U Cultuur, recreatie, overige diensten;2009/'10;115;7;43;26;39;13;102;0;5;4;4;7;38;22;35
4441;Totaal mannen en vrouwen;35 tot 40 jaar;Totaal;R-U Cultuur, recreatie, overige diensten;2010/'11;70;8;16;24;22;14;56;0;2;4;8;8;14;20;14
4442;Totaal mannen en vrouwen;35 tot 40 jaar;Totaal;R-U Cultuur, recreatie, overige diensten;2011/'12;104;37;32;20;15;15;89;0;7;4;4;37;25;16;11
4443;Totaal mannen en vrouwen;35 tot 40 jaar;Totaal;R-U Cultuur, recreatie, overige diensten;2012/'13;80;29;29;9;13;2;78;0;1;0;1;29;28;9;12
4444;Totaal mannen en vrouwen;35 tot 40 jaar;Totaal;R-U Cultuur, recreatie, overige diensten;2013/'14;21;2;11;3;5;1;20;0;0;0;1;2;11;3;4
4445;Totaal mannen en vrouwen;35 tot 40 jaar;Totaal;R-U Cultuur, recreatie, overige diensten;2014/'15;14;1;4;5;4;2;12;0;0;2;0;1;4;3;4
4446;Totaal mannen en vrouwen;35 tot 40 jaar;Totaal;R-U Cultuur, recreatie, overige diensten;2015/'16;20;4;8;3;5;3;17;2;1;0;0;2;7;3;5
4447;Totaal mannen en vrouwen;35 tot 40 jaar;Totaal;R-U Cultuur, recreatie, overige diensten;2016/'17;25;2;6;12;5;1;24;0;0;0;1;2;6;12;4
4448;Totaal mannen en vrouwen;35 tot 40 jaar;Totaal;R-U Cultuur, recreatie, overige diensten;2017/'18;54;1;15;24;14;1;53;0;1;0;0;1;14;24;14
4449;Totaal mannen en vrouwen;35 tot 40 jaar;Totaal;R-U Cultuur, recreatie, overige diensten;2018/'19;80;1;11;40;28;4;76;1;0;2;1;0;11;38;27
4450;Totaal mannen en vrouwen;35 tot 40 jaar;Totaal;R-U Cultuur, recreatie, overige diensten;2019/'20;66;4;6;31;25;1;65;0;1;0;0;4;5;31;25
4451;Totaal mannen en vrouwen;35 tot 40 jaar;Totaal;R-U Cultuur, recreatie, overige diensten;2020/'21;74;2;16;30;26;2;72;1;0;0;1;1;16;30;25
4452;Totaal mannen en vrouwen;35 tot 40 jaar;Totaal;SBI-code onbekend;2009/'10;119;5;66;26;22;37;82;1;20;2;14;4;46;24;8
4453;Totaal mannen en vrouwen;35 tot 40 jaar;Totaal;SBI-code onbekend;2010/'11;83;5;39;21;18;25;58;1;14;3;7;4;25;18;11
4454;Totaal mannen en vrouwen;35 tot 40 jaar;Totaal;SBI-code onbekend;2011/'12;70;1;34;21;14;11;59;0;3;4;4;1;31;17;10
4455;Totaal mannen en vrouwen;35 tot 40 jaar;Totaal;SBI-code onbekend;2012/'13;66;5;29;13;19;16;50;2;7;2;5;3;22;11;14
4456;Totaal mannen en vrouwen;35 tot 40 jaar;Totaal;SBI-code onbekend;2013/'14;36;5;13;8;10;4;32;0;2;0;2;5;11;8;8
4457;Totaal mannen en vrouwen;35 tot 40 jaar;Totaal;SBI-code onbekend;2014/'15;18;0;8;5;5;0;18;0;0;0;0;0;8;5;5
4458;Totaal mannen en vrouwen;35 tot 40 jaar;Totaal;SBI-code onbekend;2015/'16;3;0;0;1;2;0;3;0;0;0;0;0;0;1;2
4459;Totaal mannen en vrouwen;35 tot 40 jaar;Totaal;SBI-code onbekend;2016/'17;13;1;2;6;4;1;12;0;0;1;0;1;2;5;4
4460;Totaal mannen en vrouwen;35 tot 40 jaar;Totaal;SBI-code onbekend;2017/'18;9;0;1;7;1;0;9;0;0;0;0;0;1;7;1
4461;Totaal mannen en vrouwen;35 tot 40 jaar;Totaal;SBI-code onbekend;2018/'19;15;1;2;9;3;0;15;0;0;0;0;1;2;9;3
4462;Totaal mannen en vrouwen;35 tot 40 jaar;Totaal;SBI-code onbekend;2019/'20;12;2;1;8;1;0;12;0;0;0;0;2;1;8;1
4463;Totaal mannen en vrouwen;35 tot 40 jaar;Totaal;SBI-code onbekend;2020/'21;9;1;2;3;3;1;8;0;0;1;0;1;2;2;3
4464;Totaal mannen en vrouwen;35 tot 40 jaar;Sector landbouw;A-U Alle economische activiteiten;2009/'10;423;212;102;82;27;2;421;0;0;0;2;212;102;82;25
4465;Totaal mannen en vrouwen;35 tot 40 jaar;Sector landbouw;A-U Alle economische activiteiten;2010/'11;395;252;82;40;21;6;389;0;0;3;3;252;82;37;18
4466;Totaal mannen en vrouwen;35 tot 40 jaar;Sector landbouw;A-U Alle economische activiteiten;2011/'12;350;186;97;48;19;2;348;0;0;0;2;186;97;48;17
4467;Totaal mannen en vrouwen;35 tot 40 jaar;Sector landbouw;A-U Alle economische activiteiten;2012/'13;294;166;69;45;14;6;288;1;0;2;3;165;69;43;11
4468;Totaal mannen en vrouwen;35 tot 40 jaar;Sector landbouw;A-U Alle economische activiteiten;2013/'14;106;47;24;26;9;8;98;0;0;4;4;47;24;22;5
4469;Totaal mannen en vrouwen;35 tot 40 jaar;Sector landbouw;A-U Alle economische activiteiten;2014/'15;74;31;23;16;4;0;74;0;0;0;0;31;23;16;4
4470;Totaal mannen en vrouwen;35 tot 40 jaar;Sector landbouw;A-U Alle economische activiteiten;2015/'16;68;12;21;32;3;1;67;0;0;1;0;12;21;31;3
4471;Totaal mannen en vrouwen;35 tot 40 jaar;Sector landbouw;A-U Alle economische activiteiten;2016/'17;61;5;31;21;4;0;61;0;0;0;0;5;31;21;4
4472;Totaal mannen en vrouwen;35 tot 40 jaar;Sector landbouw;A-U Alle economische activiteiten;2017/'18;55;0;22;27;6;0;55;0;0;0;0;0;22;27;6
4473;Totaal mannen en vrouwen;35 tot 40 jaar;Sector landbouw;A-U Alle economische activiteiten;2018/'19;43;0;4;27;12;0;43;0;0;0;0;0;4;27;12
4474;Totaal mannen en vrouwen;35 tot 40 jaar;Sector landbouw;A-U Alle economische activiteiten;2019/'20;36;0;7;23;6;0;36;0;0;0;0;0;7;23;6
4475;Totaal mannen en vrouwen;35 tot 40 jaar;Sector landbouw;A-U Alle economische activiteiten;2020/'21;38;27;4;4;3;0;38;0;0;0;0;27;4;4;3
4476;Totaal mannen en vrouwen;35 tot 40 jaar;Sector landbouw;A Landbouw, bosbouw en visserij;2009/'10;5;0;2;2;1;0;5;0;0;0;0;0;2;2;1
4477;Totaal mannen en vrouwen;35 tot 40 jaar;Sector landbouw;A Landbouw, bosbouw en visserij;2010/'11;6;1;3;1;1;1;5;0;0;0;1;1;3;1;0
4478;Totaal mannen en vrouwen;35 tot 40 jaar;Sector landbouw;A Landbouw, bosbouw en visserij;2011/'12;3;1;0;1;1;0;3;0;0;0;0;1;0;1;1
4479;Totaal mannen en vrouwen;35 tot 40 jaar;Sector landbouw;A Landbouw, bosbouw en visserij;2012/'13;5;1;2;2;0;0;5;0;0;0;0;1;2;2;0
4480;Totaal mannen en vrouwen;35 tot 40 jaar;Sector landbouw;A Landbouw, bosbouw en visserij;2013/'14;1;1;0;0;0;0;1;0;0;0;0;1;0;0;0
4481;Totaal mannen en vrouwen;35 tot 40 jaar;Sector landbouw;A Landbouw, bosbouw en visserij;2014/'15;2;2;0;0;0;0;2;0;0;0;0;2;0;0;0
4482;Totaal mannen en vrouwen;35 tot 40 jaar;Sector landbouw;A Landbouw, bosbouw en visserij;2015/'16;1;0;0;1;0;0;1;0;0;0;0;0;0;1;0
4483;Totaal mannen en vrouwen;35 tot 40 jaar;Sector landbouw;A Landbouw, bosbouw en visserij;2016/'17;1;0;0;1;0;0;1;0;0;0;0;0;0;1;0
4484;Totaal mannen en vrouwen;35 tot 40 jaar;Sector landbouw;A Landbouw, bosbouw en visserij;2017/'18;1;0;0;1;0;0;1;0;0;0;0;0;0;1;0
4485;Totaal mannen en vrouwen;35 tot 40 jaar;Sector landbouw;A Landbouw, bosbouw en visserij;2018/'19;0;0;0;0;0;0;0;0;0;0;0;0;0;0;0
4486;Totaal mannen en vrouwen;35 tot 40 jaar;Sector landbouw;A Landbouw, bosbouw en visserij;2019/'20;1;0;1;0;0;0;1;0;0;0;0;0;1;0;0
4487;Totaal mannen en vrouwen;35 tot 40 jaar;Sector landbouw;A Landbouw, bosbouw en visserij;2020/'21;5;4;0;0;1;0;5;0;0;0;0;4;0;0;1
4488;Totaal mannen en vrouwen;35 tot 40 jaar;Sector landbouw;B-E Nijverheid (geen bouw) en energie;2009/'10;251;171;27;47;6;0;251;0;0;0;0;171;27;47;6
4489;Totaal mannen en vrouwen;35 tot 40 jaar;Sector landbouw;B-E Nijverheid (geen bouw) en energie;2010/'11;269;202;36;22;9;1;268;0;0;1;0;202;36;21;9
4490;Totaal mannen en vrouwen;35 tot 40 jaar;Sector landbouw;B-E Nijverheid (geen bouw) en energie;2011/'12;209;141;50;17;1;0;209;0;0;0;0;141;50;17;1
4491;Totaal mannen en vrouwen;35 tot 40 jaar;Sector landbouw;B-E Nijverheid (geen bouw) en energie;2012/'13;141;105;22;14;0;1;140;1;0;0;0;104;22;14;0
4492;Totaal mannen en vrouwen;35 tot 40 jaar;Sector landbouw;B-E Nijverheid (geen bouw) en energie;2013/'14;58;32;10;12;4;0;58;0;0;0;0;32;10;12;4
4493;Totaal mannen en vrouwen;35 tot 40 jaar;Sector landbouw;B-E Nijverheid (geen bouw) en energie;2014/'15;27;17;7;3;0;0;27;0;0;0;0;17;7;3;0
4494;Totaal mannen en vrouwen;35 tot 40 jaar;Sector landbouw;B-E Nijverheid (geen bouw) en energie;2015/'16;31;10;11;8;2;0;31;0;0;0;0;10;11;8;2
4495;Totaal mannen en vrouwen;35 tot 40 jaar;Sector landbouw;B-E Nijverheid (geen bouw) en energie;2016/'17;16;0;10;4;2;0;16;0;0;0;0;0;10;4;2
4496;Totaal mannen en vrouwen;35 tot 40 jaar;Sector landbouw;B-E Nijverheid (geen bouw) en energie;2017/'18;17;0;7;7;3;0;17;0;0;0;0;0;7;7;3
4497;Totaal mannen en vrouwen;35 tot 40 jaar;Sector landbouw;B-E Nijverheid (geen bouw) en energie;2018/'19;8;0;2;4;2;0;8;0;0;0;0;0;2;4;2
4498;Totaal mannen en vrouwen;35 tot 40 jaar;Sector landbouw;B-E Nijverheid (geen bouw) en energie;2019/'20;6;0;1;3;2;0;6;0;0;0;0;0;1;3;2
4499;Totaal mannen en vrouwen;35 tot 40 jaar;Sector landbouw;B-E Nijverheid (geen bouw) en energie;2020/'21;3;1;2;0;0;0;3;0;0;0;0;1;2;0;0
4500;Totaal mannen en vrouwen;35 tot 40 jaar;Sector landbouw;F Bouwnijverheid;2009/'10;2;0;2;0;0;0;2;0;0;0;0;0;2;0;0
4501;Totaal mannen en vrouwen;35 tot 40 jaar;Sector landbouw;F Bouwnijverheid;2010/'11;1;0;1;0;0;0;1;0;0;0;0;0;1;0;0
4502;Totaal mannen en vrouwen;35 tot 40 jaar;Sector landbouw;F Bouwnijverheid;2011/'12;1;1;0;0;0;0;1;0;0;0;0;1;0;0;0
4503;Totaal mannen en vrouwen;35 tot 40 jaar;Sector landbouw;F Bouwnijverheid;2012/'13;3;1;1;1;0;1;2;0;0;1;0;1;1;0;0
4504;Totaal mannen en vrouwen;35 tot 40 jaar;Sector landbouw;F Bouwnijverheid;2013/'14;0;0;0;0;0;0;0;0;0;0;0;0;0;0;0
4505;Totaal mannen en vrouwen;35 tot 40 jaar;Sector landbouw;F Bouwnijverheid;2014/'15;1;0;0;1;0;0;1;0;0;0;0;0;0;1;0
4506;Totaal mannen en vrouwen;35 tot 40 jaar;Sector landbouw;F Bouwnijverheid;2015/'16;2;0;1;1;0;0;2;0;0;0;0;0;1;1;0
4507;Totaal mannen en vrouwen;35 tot 40 jaar;Sector landbouw;F Bouwnijverheid;2016/'17;0;0;0;0;0;0;0;0;0;0;0;0;0;0;0
4508;Totaal mannen en vrouwen;35 tot 40 jaar;Sector landbouw;F Bouwnijverheid;2017/'18;0;0;0;0;0;0;0;0;0;0;0;0;0;0;0
4509;Totaal mannen en vrouwen;35 tot 40 jaar;Sector landbouw;F Bouwnijverheid;2018/'19;0;0;0;0;0;0;0;0;0;0;0;0;0;0;0
4510;Totaal mannen en vrouwen;35 tot 40 jaar;Sector landbouw;F Bouwnijverheid;2019/'20;0;0;0;0;0;0;0;0;0;0;0;0;0;0;0
4511;Totaal mannen en vrouwen;35 tot 40 jaar;Sector landbouw;F Bouwnijverheid;2020/'21;0;0;0;0;0;0;0;0;0;0;0;0;0;0;0
4512;Totaal mannen en vrouwen;35 tot 40 jaar;Sector landbouw;G-I Handel, vervoer en horeca;2009/'10;42;7;21;6;8;0;42;0;0;0;0;7;21;6;8
4513;Totaal mannen en vrouwen;35 tot 40 jaar;Sector landbouw;G-I Handel, vervoer en horeca;2010/'11;32;8;18;4;2;0;32;0;0;0;0;8;18;4;2
4514;Totaal mannen en vrouwen;35 tot 40 jaar;Sector landbouw;G-I Handel, vervoer en horeca;2011/'12;40;17;14;8;1;0;40;0;0;0;0;17;14;8;1
4515;Totaal mannen en vrouwen;35 tot 40 jaar;Sector landbouw;G-I Handel, vervoer en horeca;2012/'13;49;17;18;12;2;0;49;0;0;0;0;17;18;12;2
4516;Totaal mannen en vrouwen;35 tot 40 jaar;Sector landbouw;G-I Handel, vervoer en horeca;2013/'14;4;2;1;1;0;0;4;0;0;0;0;2;1;1;0
4517;Totaal mannen en vrouwen;35 tot 40 jaar;Sector landbouw;G-I Handel, vervoer en horeca;2014/'15;9;1;3;5;0;0;9;0;0;0;0;1;3;5;0
4518;Totaal mannen en vrouwen;35 tot 40 jaar;Sector landbouw;G-I Handel, vervoer en horeca;2015/'16;4;0;1;3;0;0;4;0;0;0;0;0;1;3;0
4519;Totaal mannen en vrouwen;35 tot 40 jaar;Sector landbouw;G-I Handel, vervoer en horeca;2016/'17;8;0;2;6;0;0;8;0;0;0;0;0;2;6;0
4520;Totaal mannen en vrouwen;35 tot 40 jaar;Sector landbouw;G-I Handel, vervoer en horeca;2017/'18;8;0;6;1;1;0;8;0;0;0;0;0;6;1;1
4521;Totaal mannen en vrouwen;35 tot 40 jaar;Sector landbouw;G-I Handel, vervoer en horeca;2018/'19;9;0;1;5;3;0;9;0;0;0;0;0;1;5;3
4522;Totaal mannen en vrouwen;35 tot 40 jaar;Sector landbouw;G-I Handel, vervoer en horeca;2019/'20;3;0;0;2;1;0;3;0;0;0;0;0;0;2;1
4523;Totaal mannen en vrouwen;35 tot 40 jaar;Sector landbouw;G-I Handel, vervoer en horeca;2020/'21;2;0;0;2;0;0;2;0;0;0;0;0;0;2;0
4524;Totaal mannen en vrouwen;35 tot 40 jaar;Sector landbouw;J Informatie en communicatie;2009/'10;0;0;0;0;0;0;0;0;0;0;0;0;0;0;0
4525;Totaal mannen en vrouwen;35 tot 40 jaar;Sector landbouw;J Informatie en communicatie;2010/'11;0;0;0;0;0;0;0;0;0;0;0;0;0;0;0
4526;Totaal mannen en vrouwen;35 tot 40 jaar;Sector landbouw;J Informatie en communicatie;2011/'12;2;0;2;0;0;0;2;0;0;0;0;0;2;0;0
4527;Totaal mannen en vrouwen;35 tot 40 jaar;Sector landbouw;J Informatie en communicatie;2012/'13;1;1;0;0;0;0;1;0;0;0;0;1;0;0;0
4528;Totaal mannen en vrouwen;35 tot 40 jaar;Sector landbouw;J Informatie en communicatie;2013/'14;1;0;1;0;0;0;1;0;0;0;0;0;1;0;0
4529;Totaal mannen en vrouwen;35 tot 40 jaar;Sector landbouw;J Informatie en communicatie;2014/'15;0;0;0;0;0;0;0;0;0;0;0;0;0;0;0
4530;Totaal mannen en vrouwen;35 tot 40 jaar;Sector landbouw;J Informatie en communicatie;2015/'16;0;0;0;0;0;0;0;0;0;0;0;0;0;0;0
4531;Totaal mannen en vrouwen;35 tot 40 jaar;Sector landbouw;J Informatie en communicatie;2016/'17;2;1;0;1;0;0;2;0;0;0;0;1;0;1;0
4532;Totaal mannen en vrouwen;35 tot 40 jaar;Sector landbouw;J Informatie en communicatie;2017/'18;0;0;0;0;0;0;0;0;0;0;0;0;0;0;0
4533;Totaal mannen en vrouwen;35 tot 40 jaar;Sector landbouw;J Informatie en communicatie;2018/'19;0;0;0;0;0;0;0;0;0;0;0;0;0;0;0
4534;Totaal mannen en vrouwen;35 tot 40 jaar;Sector landbouw;J Informatie en communicatie;2019/'20;2;0;1;1;0;0;2;0;0;0;0;0;1;1;0
4535;Totaal mannen en vrouwen;35 tot 40 jaar;Sector landbouw;J Informatie en communicatie;2020/'21;0;0;0;0;0;0;0;0;0;0;0;0;0;0;0
4536;Totaal mannen en vrouwen;35 tot 40 jaar;Sector landbouw;K Financiële dienstverlening;2009/'10;1;0;1;0;0;0;1;0;0;0;0;0;1;0;0
4537;Totaal mannen en vrouwen;35 tot 40 jaar;Sector landbouw;K Financiële dienstverlening;2010/'11;1;1;0;0;0;0;1;0;0;0;0;1;0;0;0
4538;Totaal mannen en vrouwen;35 tot 40 jaar;Sector landbouw;K Financiële dienstverlening;2011/'12;0;0;0;0;0;0;0;0;0;0;0;0;0;0;0
4539;Totaal mannen en vrouwen;35 tot 40 jaar;Sector landbouw;K Financiële dienstverlening;2012/'13;2;0;0;1;1;1;1;0;0;0;1;0;0;1;0
4540;Totaal mannen en vrouwen;35 tot 40 jaar;Sector landbouw;K Financiële dienstverlening;2013/'14;1;0;1;0;0;0;1;0;0;0;0;0;1;0;0
4541;Totaal mannen en vrouwen;35 tot 40 jaar;Sector landbouw;K Financiële dienstverlening;2014/'15;1;0;1;0;0;0;1;0;0;0;0;0;1;0;0
4542;Totaal mannen en vrouwen;35 tot 40 jaar;Sector landbouw;K Financiële dienstverlening;2015/'16;1;0;1;0;0;0;1;0;0;0;0;0;1;0;0
4543;Totaal mannen en vrouwen;35 tot 40 jaar;Sector landbouw;K Financiële dienstverlening;2016/'17;1;0;1;0;0;0;1;0;0;0;0;0;1;0;0
4544;Totaal mannen en vrouwen;35 tot 40 jaar;Sector landbouw;K Financiële dienstverlening;2017/'18;0;0;0;0;0;0;0;0;0;0;0;0;0;0;0
4545;Totaal mannen en vrouwen;35 tot 40 jaar;Sector landbouw;K Financiële dienstverlening;2018/'19;2;0;0;1;1;0;2;0;0;0;0;0;0;1;1
4546;Totaal mannen en vrouwen;35 tot 40 jaar;Sector landbouw;K Financiële dienstverlening;2019/'20;0;0;0;0;0;0;0;0;0;0;0;0;0;0;0
4547;Totaal mannen en vrouwen;35 tot 40 jaar;Sector landbouw;K Financiële dienstverlening;2020/'21;0;0;0;0;0;0;0;0;0;0;0;0;0;0;0
4548;Totaal mannen en vrouwen;35 tot 40 jaar;Sector landbouw;L Verhuur en handel van onroerend goed;2009/'10;0;0;0;0;0;0;0;0;0;0;0;0;0;0;0
4549;Totaal mannen en vrouwen;35 tot 40 jaar;Sector landbouw;L Verhuur en handel van onroerend goed;2010/'11;0;0;0;0;0;0;0;0;0;0;0;0;0;0;0
4550;Totaal mannen en vrouwen;35 tot 40 jaar;Sector landbouw;L Verhuur en handel van onroerend goed;2011/'12;0;0;0;0;0;0;0;0;0;0;0;0;0;0;0
4551;Totaal mannen en vrouwen;35 tot 40 jaar;Sector landbouw;L Verhuur en handel van onroerend goed;2012/'13;0;0;0;0;0;0;0;0;0;0;0;0;0;0;0
4552;Totaal mannen en vrouwen;35 tot 40 jaar;Sector landbouw;L Verhuur en handel van onroerend goed;2013/'14;0;0;0;0;0;0;0;0;0;0;0;0;0;0;0
4553;Totaal mannen en vrouwen;35 tot 40 jaar;Sector landbouw;L Verhuur en handel van onroerend goed;2014/'15;0;0;0;0;0;0;0;0;0;0;0;0;0;0;0
4554;Totaal mannen en vrouwen;35 tot 40 jaar;Sector landbouw;L Verhuur en handel van onroerend goed;2015/'16;0;0;0;0;0;0;0;0;0;0;0;0;0;0;0
4555;Totaal mannen en vrouwen;35 tot 40 jaar;Sector landbouw;L Verhuur en handel van onroerend goed;2016/'17;0;0;0;0;0;0;0;0;0;0;0;0;0;0;0
4556;Totaal mannen en vrouwen;35 tot 40 jaar;Sector landbouw;L Verhuur en handel van onroerend goed;2017/'18;0;0;0;0;0;0;0;0;0;0;0;0;0;0;0
4557;Totaal mannen en vrouwen;35 tot 40 jaar;Sector landbouw;L Verhuur en handel van onroerend goed;2018/'19;1;0;0;1;0;0;1;0;0;0;0;0;0;1;0
4558;Totaal mannen en vrouwen;35 tot 40 jaar;Sector landbouw;L Verhuur en handel van onroerend goed;2019/'20;0;0;0;0;0;0;0;0;0;0;0;0;0;0;0
4559;Totaal mannen en vrouwen;35 tot 40 jaar;Sector landbouw;L Verhuur en handel van onroerend goed;2020/'21;0;0;0;0;0;0;0;0;0;0;0;0;0;0;0
4560;Totaal mannen en vrouwen;35 tot 40 jaar;Sector landbouw;M-N Zakelijke dienstverlening;2009/'10;67;25;29;8;5;0;67;0;0;0;0;25;29;8;5
4561;Totaal mannen en vrouwen;35 tot 40 jaar;Sector landbouw;M-N Zakelijke dienstverlening;2010/'11;55;27;20;4;4;1;54;0;0;0;1;27;20;4;3
4562;Totaal mannen en vrouwen;35 tot 40 jaar;Sector landbouw;M-N Zakelijke dienstverlening;2011/'12;65;17;25;18;5;1;64;0;0;0;1;17;25;18;4
4563;Totaal mannen en vrouwen;35 tot 40 jaar;Sector landbouw;M-N Zakelijke dienstverlening;2012/'13;71;39;22;9;1;0;71;0;0;0;0;39;22;9;1
4564;Totaal mannen en vrouwen;35 tot 40 jaar;Sector landbouw;M-N Zakelijke dienstverlening;2013/'14;25;8;6;9;2;3;22;0;0;2;1;8;6;7;1
4565;Totaal mannen en vrouwen;35 tot 40 jaar;Sector landbouw;M-N Zakelijke dienstverlening;2014/'15;23;11;11;0;1;0;23;0;0;0;0;11;11;0;1
4566;Totaal mannen en vrouwen;35 tot 40 jaar;Sector landbouw;M-N Zakelijke dienstverlening;2015/'16;18;2;4;12;0;0;18;0;0;0;0;2;4;12;0
4567;Totaal mannen en vrouwen;35 tot 40 jaar;Sector landbouw;M-N Zakelijke dienstverlening;2016/'17;28;4;17;5;2;0;28;0;0;0;0;4;17;5;2
4568;Totaal mannen en vrouwen;35 tot 40 jaar;Sector landbouw;M-N Zakelijke dienstverlening;2017/'18;20;0;7;11;2;0;20;0;0;0;0;0;7;11;2
4569;Totaal mannen en vrouwen;35 tot 40 jaar;Sector landbouw;M-N Zakelijke dienstverlening;2018/'19;16;0;1;10;5;0;16;0;0;0;0;0;1;10;5
4570;Totaal mannen en vrouwen;35 tot 40 jaar;Sector landbouw;M-N Zakelijke dienstverlening;2019/'20;11;0;3;7;1;0;11;0;0;0;0;0;3;7;1
4571;Totaal mannen en vrouwen;35 tot 40 jaar;Sector landbouw;M-N Zakelijke dienstverlening;2020/'21;23;21;1;0;1;0;23;0;0;0;0;21;1;0;1
4572;Totaal mannen en vrouwen;35 tot 40 jaar;Sector landbouw;O-Q Overheid en zorg;2009/'10;26;7;3;11;5;1;25;0;0;0;1;7;3;11;4
4573;Totaal mannen en vrouwen;35 tot 40 jaar;Sector landbouw;O-Q Overheid en zorg;2010/'11;18;7;3;5;3;2;16;0;0;1;1;7;3;4;2
4574;Totaal mannen en vrouwen;35 tot 40 jaar;Sector landbouw;O-Q Overheid en zorg;2011/'12;26;9;3;4;10;1;25;0;0;0;1;9;3;4;9
4575;Totaal mannen en vrouwen;35 tot 40 jaar;Sector landbouw;O-Q Overheid en zorg;2012/'13;16;1;2;4;9;2;14;0;0;0;2;1;2;4;7
4576;Totaal mannen en vrouwen;35 tot 40 jaar;Sector landbouw;O-Q Overheid en zorg;2013/'14;9;1;2;4;2;4;5;0;0;2;2;1;2;2;0
4577;Totaal mannen en vrouwen;35 tot 40 jaar;Sector landbouw;O-Q Overheid en zorg;2014/'15;9;0;0;7;2;0;9;0;0;0;0;0;0;7;2
4578;Totaal mannen en vrouwen;35 tot 40 jaar;Sector landbouw;O-Q Overheid en zorg;2015/'16;8;0;1;6;1;1;7;0;0;1;0;0;1;5;1
4579;Totaal mannen en vrouwen;35 tot 40 jaar;Sector landbouw;O-Q Overheid en zorg;2016/'17;3;0;1;2;0;0;3;0;0;0;0;0;1;2;0
4580;Totaal mannen en vrouwen;35 tot 40 jaar;Sector landbouw;O-Q Overheid en zorg;2017/'18;9;0;2;7;0;0;9;0;0;0;0;0;2;7;0
4581;Totaal mannen en vrouwen;35 tot 40 jaar;Sector landbouw;O-Q Overheid en zorg;2018/'19;5;0;0;4;1;0;5;0;0;0;0;0;0;4;1
4582;Totaal mannen en vrouwen;35 tot 40 jaar;Sector landbouw;O-Q Overheid en zorg;2019/'20;9;0;0;8;1;0;9;0;0;0;0;0;0;8;1
4583;Totaal mannen en vrouwen;35 tot 40 jaar;Sector landbouw;O-Q Overheid en zorg;2020/'21;3;0;0;2;1;0;3;0;0;0;0;0;0;2;1
4584;Totaal mannen en vrouwen;35 tot 40 jaar;Sector landbouw;R-U Cultuur, recreatie, overige diensten;2009/'10;21;2;16;2;1;0;21;0;0;0;0;2;16;2;1
4585;Totaal mannen en vrouwen;35 tot 40 jaar;Sector landbouw;R-U Cultuur, recreatie, overige diensten;2010/'11;6;5;0;1;0;0;6;0;0;0;0;5;0;1;0
4586;Totaal mannen en vrouwen;35 tot 40 jaar;Sector landbouw;R-U Cultuur, recreatie, overige diensten;2011/'12;1;0;1;0;0;0;1;0;0;0;0;0;1;0;0
4587;Totaal mannen en vrouwen;35 tot 40 jaar;Sector landbouw;R-U Cultuur, recreatie, overige diensten;2012/'13;0;0;0;0;0;0;0;0;0;0;0;0;0;0;0
4588;Totaal mannen en vrouwen;35 tot 40 jaar;Sector landbouw;R-U Cultuur, recreatie, overige diensten;2013/'14;3;1;2;0;0;0;3;0;0;0;0;1;2;0;0
4589;Totaal mannen en vrouwen;35 tot 40 jaar;Sector landbouw;R-U Cultuur, recreatie, overige diensten;2014/'15;1;0;0;0;1;0;1;0;0;0;0;0;0;0;1
4590;Totaal mannen en vrouwen;35 tot 40 jaar;Sector landbouw;R-U Cultuur, recreatie, overige diensten;2015/'16;3;0;2;1;0;0;3;0;0;0;0;0;2;1;0
4591;Totaal mannen en vrouwen;35 tot 40 jaar;Sector landbouw;R-U Cultuur, recreatie, overige diensten;2016/'17;0;0;0;0;0;0;0;0;0;0;0;0;0;0;0
4592;Totaal mannen en vrouwen;35 tot 40 jaar;Sector landbouw;R-U Cultuur, recreatie, overige diensten;2017/'18;0;0;0;0;0;0;0;0;0;0;0;0;0;0;0
4593;Totaal mannen en vrouwen;35 tot 40 jaar;Sector landbouw;R-U Cultuur, recreatie, overige diensten;2018/'19;2;0;0;2;0;0;2;0;0;0;0;0;0;2;0
4594;Totaal mannen en vrouwen;35 tot 40 jaar;Sector landbouw;R-U Cultuur, recreatie, overige diensten;2019/'20;4;0;1;2;1;0;4;0;0;0;0;0;1;2;1
4595;Totaal mannen en vrouwen;35 tot 40 jaar;Sector landbouw;R-U Cultuur, recreatie, overige diensten;2020/'21;1;0;1;0;0;0;1;0;0;0;0;0;1;0;0
4596;Totaal mannen en vrouwen;35 tot 40 jaar;Sector landbouw;SBI-code onbekend;2009/'10;8;0;1;6;1;1;7;0;0;0;1;0;1;6;0
4597;Totaal mannen en vrouwen;35 tot 40 jaar;Sector landbouw;SBI-code onbekend;2010/'11;7;1;1;3;2;1;6;0;0;1;0;1;1;2;2
4598;Totaal mannen en vrouwen;35 tot 40 jaar;Sector landbouw;SBI-code onbekend;2011/'12;3;0;2;0;1;0;3;0;0;0;0;0;2;0;1
4599;Totaal mannen en vrouwen;35 tot 40 jaar;Sector landbouw;SBI-code onbekend;2012/'13;6;1;2;2;1;1;5;0;0;1;0;1;2;1;1
4600;Totaal mannen en vrouwen;35 tot 40 jaar;Sector landbouw;SBI-code onbekend;2013/'14;4;2;1;0;1;1;3;0;0;0;1;2;1;0;0
4601;Totaal mannen en vrouwen;35 tot 40 jaar;Sector landbouw;SBI-code onbekend;2014/'15;1;0;1;0;0;0;1;0;0;0;0;0;1;0;0
4602;Totaal mannen en vrouwen;35 tot 40 jaar;Sector landbouw;SBI-code onbekend;2015/'16;0;0;0;0;0;0;0;0;0;0;0;0;0;0;0
4603;Totaal mannen en vrouwen;35 tot 40 jaar;Sector landbouw;SBI-code onbekend;2016/'17;2;0;0;2;0;0;2;0;0;0;0;0;0;2;0
4604;Totaal mannen en vrouwen;35 tot 40 jaar;Sector landbouw;SBI-code onbekend;2017/'18;0;0;0;0;0;0;0;0;0;0;0;0;0;0;0
4605;Totaal mannen en vrouwen;35 tot 40 jaar;Sector landbouw;SBI-code onbekend;2018/'19;0;0;0;0;0;0;0;0;0;0;0;0;0;0;0
4606;Totaal mannen en vrouwen;35 tot 40 jaar;Sector landbouw;SBI-code onbekend;2019/'20;0;0;0;0;0;0;0;0;0;0;0;0;0;0;0
4607;Totaal mannen en vrouwen;35 tot 40 jaar;Sector landbouw;SBI-code onbekend;2020/'21;1;1;0;0;0;0;1;0;0;0;0;1;0;0;0
4608;Totaal mannen en vrouwen;35 tot 40 jaar;Sector economie;A-U Alle economische activiteiten;2009/'10;1096;99;428;275;294;62;1034;3;31;6;22;96;397;269;272
4609;Totaal mannen en vrouwen;35 tot 40 jaar;Sector economie;A-U Alle economische activiteiten;2010/'11;822;91;320;265;146;54;768;3;16;7;28;88;304;258;118
4610;Totaal mannen en vrouwen;35 tot 40 jaar;Sector economie;A-U Alle economische activiteiten;2011/'12;525;66;246;129;84;26;499;1;15;7;3;65;231;122;81
4611;Totaal mannen en vrouwen;35 tot 40 jaar;Sector economie;A-U Alle economische activiteiten;2012/'13;455;51;197;117;90;14;441;0;3;8;3;51;194;109;87
4612;Totaal mannen en vrouwen;35 tot 40 jaar;Sector economie;A-U Alle economische activiteiten;2013/'14;169;7;80;39;43;3;166;0;3;0;0;7;77;39;43
4613;Totaal mannen en vrouwen;35 tot 40 jaar;Sector economie;A-U Alle economische activiteiten;2014/'15;169;1;80;45;43;2;167;0;1;0;1;1;79;45;42
4614;Totaal mannen en vrouwen;35 tot 40 jaar;Sector economie;A-U Alle economische activiteiten;2015/'16;122;3;68;30;21;1;121;0;1;0;0;3;67;30;21
4615;Totaal mannen en vrouwen;35 tot 40 jaar;Sector economie;A-U Alle economische activiteiten;2016/'17;158;0;64;40;54;3;155;0;3;0;0;0;61;40;54
4616;Totaal mannen en vrouwen;35 tot 40 jaar;Sector economie;A-U Alle economische activiteiten;2017/'18;152;0;79;26;47;3;149;0;2;0;1;0;77;26;46
4617;Totaal mannen en vrouwen;35 tot 40 jaar;Sector economie;A-U Alle economische activiteiten;2018/'19;185;0;103;31;51;5;180;0;0;3;2;0;103;28;49
4618;Totaal mannen en vrouwen;35 tot 40 jaar;Sector economie;A-U Alle economische activiteiten;2019/'20;146;0;71;16;59;5;141;0;3;1;1;0;68;15;58
4619;Totaal mannen en vrouwen;35 tot 40 jaar;Sector economie;A-U Alle economische activiteiten;2020/'21;136;0;55;24;57;4;132;0;0;0;4;0;55;24;53
4620;Totaal mannen en vrouwen;35 tot 40 jaar;Sector economie;A Landbouw, bosbouw en visserij;2009/'10;1;0;1;0;0;0;1;0;0;0;0;0;1;0;0
4621;Totaal mannen en vrouwen;35 tot 40 jaar;Sector economie;A Landbouw, bosbouw en visserij;2010/'11;2;0;2;0;0;0;2;0;0;0;0;0;2;0;0
4622;Totaal mannen en vrouwen;35 tot 40 jaar;Sector economie;A Landbouw, bosbouw en visserij;2011/'12;2;0;1;1;0;0;2;0;0;0;0;0;1;1;0
4623;Totaal mannen en vrouwen;35 tot 40 jaar;Sector economie;A Landbouw, bosbouw en visserij;2012/'13;2;0;2;0;0;0;2;0;0;0;0;0;2;0;0
4624;Totaal mannen en vrouwen;35 tot 40 jaar;Sector economie;A Landbouw, bosbouw en visserij;2013/'14;0;0;0;0;0;0;0;0;0;0;0;0;0;0;0
4625;Totaal mannen en vrouwen;35 tot 40 jaar;Sector economie;A Landbouw, bosbouw en visserij;2014/'15;0;0;0;0;0;0;0;0;0;0;0;0;0;0;0
4626;Totaal mannen en vrouwen;35 tot 40 jaar;Sector economie;A Landbouw, bosbouw en visserij;2015/'16;0;0;0;0;0;0;0;0;0;0;0;0;0;0;0
4627;Totaal mannen en vrouwen;35 tot 40 jaar;Sector economie;A Landbouw, bosbouw en visserij;2016/'17;0;0;0;0;0;0;0;0;0;0;0;0;0;0;0
4628;Totaal mannen en vrouwen;35 tot 40 jaar;Sector economie;A Landbouw, bosbouw en visserij;2017/'18;0;0;0;0;0;0;0;0;0;0;0;0;0;0;0
4629;Totaal mannen en vrouwen;35 tot 40 jaar;Sector economie;A Landbouw, bosbouw en visserij;2018/'19;0;0;0;0;0;0;0;0;0;0;0;0;0;0;0
4630;Totaal mannen en vrouwen;35 tot 40 jaar;Sector economie;A Landbouw, bosbouw en visserij;2019/'20;0;0;0;0;0;0;0;0;0;0;0;0;0;0;0
4631;Totaal mannen en vrouwen;35 tot 40 jaar;Sector economie;A Landbouw, bosbouw en visserij;2020/'21;0;0;0;0;0;0;0;0;0;0;0;0;0;0;0
4632;Totaal mannen en vrouwen;35 tot 40 jaar;Sector economie;B-E Nijverheid (geen bouw) en energie;2009/'10;96;10;54;23;9;11;85;0;4;1;6;10;50;22;3
4633;Totaal mannen en vrouwen;35 tot 40 jaar;Sector economie;B-E Nijverheid (geen bouw) en energie;2010/'11;73;24;32;12;5;6;67;0;2;1;3;24;30;11;2
4634;Totaal mannen en vrouwen;35 tot 40 jaar;Sector economie;B-E Nijverheid (geen bouw) en energie;2011/'12;25;6;15;4;0;1;24;0;1;0;0;6;14;4;0
4635;Totaal mannen en vrouwen;35 tot 40 jaar;Sector economie;B-E Nijverheid (geen bouw) en energie;2012/'13;51;16;24;8;3;2;49;0;2;0;0;16;22;8;3
4636;Totaal mannen en vrouwen;35 tot 40 jaar;Sector economie;B-E Nijverheid (geen bouw) en energie;2013/'14;9;2;5;1;1;0;9;0;0;0;0;2;5;1;1
4637;Totaal mannen en vrouwen;35 tot 40 jaar;Sector economie;B-E Nijverheid (geen bouw) en energie;2014/'15;12;1;7;3;1;0;12;0;0;0;0;1;7;3;1
4638;Totaal mannen en vrouwen;35 tot 40 jaar;Sector economie;B-E Nijverheid (geen bouw) en energie;2015/'16;7;1;5;1;0;0;7;0;0;0;0;1;5;1;0
4639;Totaal mannen en vrouwen;35 tot 40 jaar;Sector economie;B-E Nijverheid (geen bouw) en energie;2016/'17;13;0;4;4;5;0;13;0;0;0;0;0;4;4;5
4640;Totaal mannen en vrouwen;35 tot 40 jaar;Sector economie;B-E Nijverheid (geen bouw) en energie;2017/'18;3;0;2;0;1;0;3;0;0;0;0;0;2;0;1
4641;Totaal mannen en vrouwen;35 tot 40 jaar;Sector economie;B-E Nijverheid (geen bouw) en energie;2018/'19;9;0;5;1;3;0;9;0;0;0;0;0;5;1;3
4642;Totaal mannen en vrouwen;35 tot 40 jaar;Sector economie;B-E Nijverheid (geen bouw) en energie;2019/'20;11;0;5;2;4;1;10;0;1;0;0;0;4;2;4
4643;Totaal mannen en vrouwen;35 tot 40 jaar;Sector economie;B-E Nijverheid (geen bouw) en energie;2020/'21;5;0;3;2;0;0;5;0;0;0;0;0;3;2;0
4644;Totaal mannen en vrouwen;35 tot 40 jaar;Sector economie;F Bouwnijverheid;2009/'10;15;0;15;0;0;0;15;0;0;0;0;0;15;0;0
4645;Totaal mannen en vrouwen;35 tot 40 jaar;Sector economie;F Bouwnijverheid;2010/'11;3;0;3;0;0;0;3;0;0;0;0;0;3;0;0
4646;Totaal mannen en vrouwen;35 tot 40 jaar;Sector economie;F Bouwnijverheid;2011/'12;10;1;8;1;0;2;8;0;2;0;0;1;6;1;0
4647;Totaal mannen en vrouwen;35 tot 40 jaar;Sector economie;F Bouwnijverheid;2012/'13;8;0;7;1;0;0;8;0;0;0;0;0;7;1;0
4648;Totaal mannen en vrouwen;35 tot 40 jaar;Sector economie;F Bouwnijverheid;2013/'14;2;0;2;0;0;0;2;0;0;0;0;0;2;0;0
4649;Totaal mannen en vrouwen;35 tot 40 jaar;Sector economie;F Bouwnijverheid;2014/'15;2;0;1;0;1;0;2;0;0;0;0;0;1;0;1
4650;Totaal mannen en vrouwen;35 tot 40 jaar;Sector economie;F Bouwnijverheid;2015/'16;2;0;2;0;0;0;2;0;0;0;0;0;2;0;0
4651;Totaal mannen en vrouwen;35 tot 40 jaar;Sector economie;F Bouwnijverheid;2016/'17;5;0;1;0;4;0;5;0;0;0;0;0;1;0;4
4652;Totaal mannen en vrouwen;35 tot 40 jaar;Sector economie;F Bouwnijverheid;2017/'18;6;0;1;0;5;0;6;0;0;0;0;0;1;0;5
4653;Totaal mannen en vrouwen;35 tot 40 jaar;Sector economie;F Bouwnijverheid;2018/'19;4;0;2;0;2;0;4;0;0;0;0;0;2;0;2
4654;Totaal mannen en vrouwen;35 tot 40 jaar;Sector economie;F Bouwnijverheid;2019/'20;5;0;3;0;2;0;5;0;0;0;0;0;3;0;2
4655;Totaal mannen en vrouwen;35 tot 40 jaar;Sector economie;F Bouwnijverheid;2020/'21;1;0;0;1;0;0;1;0;0;0;0;0;0;1;0
4656;Totaal mannen en vrouwen;35 tot 40 jaar;Sector economie;G-I Handel, vervoer en horeca;2009/'10;418;52;199;105;62;17;401;3;9;1;4;49;190;104;58
4657;Totaal mannen en vrouwen;35 tot 40 jaar;Sector economie;G-I Handel, vervoer en horeca;2010/'11;276;37;145;53;41;8;268;2;2;1;3;35;143;52;38
4658;Totaal mannen en vrouwen;35 tot 40 jaar;Sector economie;G-I Handel, vervoer en horeca;2011/'12;213;23;108;49;33;8;205;0;5;2;1;23;103;47;32
4659;Totaal mannen en vrouwen;35 tot 40 jaar;Sector economie;G-I Handel, vervoer en horeca;2012/'13;148;8;69;45;26;1;147;0;0;1;0;8;69;44;26
4660;Totaal mannen en vrouwen;35 tot 40 jaar;Sector economie;G-I Handel, vervoer en horeca;2013/'14;62;1;34;15;12;1;61;0;1;0;0;1;33;15;12
4661;Totaal mannen en vrouwen;35 tot 40 jaar;Sector economie;G-I Handel, vervoer en horeca;2014/'15;62;0;28;16;18;0;62;0;0;0;0;0;28;16;18
4662;Totaal mannen en vrouwen;35 tot 40 jaar;Sector economie;G-I Handel, vervoer en horeca;2015/'16;54;1;30;14;9;0;54;0;0;0;0;1;30;14;9
4663;Totaal mannen en vrouwen;35 tot 40 jaar;Sector economie;G-I Handel, vervoer en horeca;2016/'17;59;0;22;18;19;0;59;0;0;0;0;0;22;18;19
4664;Totaal mannen en vrouwen;35 tot 40 jaar;Sector economie;G-I Handel, vervoer en horeca;2017/'18;69;0;35;17;17;1;68;0;0;0;1;0;35;17;16
4665;Totaal mannen en vrouwen;35 tot 40 jaar;Sector economie;G-I Handel, vervoer en horeca;2018/'19;97;0;51;14;32;2;95;0;0;1;1;0;51;13;31
4666;Totaal mannen en vrouwen;35 tot 40 jaar;Sector economie;G-I Handel, vervoer en horeca;2019/'20;80;0;39;13;28;3;77;0;2;1;0;0;37;12;28
4667;Totaal mannen en vrouwen;35 tot 40 jaar;Sector economie;G-I Handel, vervoer en horeca;2020/'21;65;0;25;7;33;1;64;0;0;0;1;0;25;7;32
4668;Totaal mannen en vrouwen;35 tot 40 jaar;Sector economie;J Informatie en communicatie;2009/'10;25;0;7;10;8;1;24;0;1;0;0;0;6;10;8
4669;Totaal mannen en vrouwen;35 tot 40 jaar;Sector economie;J Informatie en communicatie;2010/'11;8;0;3;4;1;0;8;0;0;0;0;0;3;4;1
4670;Totaal mannen en vrouwen;35 tot 40 jaar;Sector economie;J Informatie en communicatie;2011/'12;4;0;1;2;1;0;4;0;0;0;0;0;1;2;1
4671;Totaal mannen en vrouwen;35 tot 40 jaar;Sector economie;J Informatie en communicatie;2012/'13;11;0;1;4;6;0;11;0;0;0;0;0;1;4;6
4672;Totaal mannen en vrouwen;35 tot 40 jaar;Sector economie;J Informatie en communicatie;2013/'14;0;0;0;0;0;0;0;0;0;0;0;0;0;0;0
4673;Totaal mannen en vrouwen;35 tot 40 jaar;Sector economie;J Informatie en communicatie;2014/'15;0;0;0;0;0;0;0;0;0;0;0;0;0;0;0
4674;Totaal mannen en vrouwen;35 tot 40 jaar;Sector economie;J Informatie en communicatie;2015/'16;0;0;0;0;0;0;0;0;0;0;0;0;0;0;0
4675;Totaal mannen en vrouwen;35 tot 40 jaar;Sector economie;J Informatie en communicatie;2016/'17;2;0;0;1;1;0;2;0;0;0;0;0;0;1;1
4676;Totaal mannen en vrouwen;35 tot 40 jaar;Sector economie;J Informatie en communicatie;2017/'18;0;0;0;0;0;0;0;0;0;0;0;0;0;0;0
4677;Totaal mannen en vrouwen;35 tot 40 jaar;Sector economie;J Informatie en communicatie;2018/'19;2;0;2;0;0;0;2;0;0;0;0;0;2;0;0
4678;Totaal mannen en vrouwen;35 tot 40 jaar;Sector economie;J Informatie en communicatie;2019/'20;3;0;0;0;3;0;3;0;0;0;0;0;0;0;3
4679;Totaal mannen en vrouwen;35 tot 40 jaar;Sector economie;J Informatie en communicatie;2020/'21;4;0;3;1;0;0;4;0;0;0;0;0;3;1;0
4680;Totaal mannen en vrouwen;35 tot 40 jaar;Sector economie;K Financiële dienstverlening;2009/'10;85;0;1;2;82;1;84;0;0;1;0;0;1;1;82
4681;Totaal mannen en vrouwen;35 tot 40 jaar;Sector economie;K Financiële dienstverlening;2010/'11;23;0;3;0;20;0;23;0;0;0;0;0;3;0;20
4682;Totaal mannen en vrouwen;35 tot 40 jaar;Sector economie;K Financiële dienstverlening;2011/'12;30;0;3;0;27;0;30;0;0;0;0;0;3;0;27
4683;Totaal mannen en vrouwen;35 tot 40 jaar;Sector economie;K Financiële dienstverlening;2012/'13;18;0;2;1;15;0;18;0;0;0;0;0;2;1;15
4684;Totaal mannen en vrouwen;35 tot 40 jaar;Sector economie;K Financiële dienstverlening;2013/'14;3;0;0;0;3;0;3;0;0;0;0;0;0;0;3
4685;Totaal mannen en vrouwen;35 tot 40 jaar;Sector economie;K Financiële dienstverlening;2014/'15;1;0;0;0;1;0;1;0;0;0;0;0;0;0;1
4686;Totaal mannen en vrouwen;35 tot 40 jaar;Sector economie;K Financiële dienstverlening;2015/'16;0;0;0;0;0;0;0;0;0;0;0;0;0;0;0
4687;Totaal mannen en vrouwen;35 tot 40 jaar;Sector economie;K Financiële dienstverlening;2016/'17;1;0;1;0;0;0;1;0;0;0;0;0;1;0;0
4688;Totaal mannen en vrouwen;35 tot 40 jaar;Sector economie;K Financiële dienstverlening;2017/'18;6;0;0;0;6;0;6;0;0;0;0;0;0;0;6
4689;Totaal mannen en vrouwen;35 tot 40 jaar;Sector economie;K Financiële dienstverlening;2018/'19;2;0;0;1;1;0;2;0;0;0;0;0;0;1;1
4690;Totaal mannen en vrouwen;35 tot 40 jaar;Sector economie;K Financiële dienstverlening;2019/'20;2;0;0;0;2;0;2;0;0;0;0;0;0;0;2
4691;Totaal mannen en vrouwen;35 tot 40 jaar;Sector economie;K Financiële dienstverlening;2020/'21;0;0;0;0;0;0;0;0;0;0;0;0;0;0;0
4692;Totaal mannen en vrouwen;35 tot 40 jaar;Sector economie;L Verhuur en handel van onroerend goed;2009/'10;0;0;0;0;0;0;0;0;0;0;0;0;0;0;0
4693;Totaal mannen en vrouwen;35 tot 40 jaar;Sector economie;L Verhuur en handel van onroerend goed;2010/'11;5;0;3;1;1;1;4;0;0;1;0;0;3;0;1
4694;Totaal mannen en vrouwen;35 tot 40 jaar;Sector economie;L Verhuur en handel van onroerend goed;2011/'12;1;0;1;0;0;0;1;0;0;0;0;0;1;0;0
4695;Totaal mannen en vrouwen;35 tot 40 jaar;Sector economie;L Verhuur en handel van onroerend goed;2012/'13;6;0;3;2;1;0;6;0;0;0;0;0;3;2;1
4696;Totaal mannen en vrouwen;35 tot 40 jaar;Sector economie;L Verhuur en handel van onroerend goed;2013/'14;0;0;0;0;0;0;0;0;0;0;0;0;0;0;0
4697;Totaal mannen en vrouwen;35 tot 40 jaar;Sector economie;L Verhuur en handel van onroerend goed;2014/'15;1;0;0;1;0;0;1;0;0;0;0;0;0;1;0
4698;Totaal mannen en vrouwen;35 tot 40 jaar;Sector economie;L Verhuur en handel van onroerend goed;2015/'16;1;0;1;0;0;0;1;0;0;0;0;0;1;0;0
4699;Totaal mannen en vrouwen;35 tot 40 jaar;Sector economie;L Verhuur en handel van onroerend goed;2016/'17;2;0;2;0;0;0;2;0;0;0;0;0;2;0;0
4700;Totaal mannen en vrouwen;35 tot 40 jaar;Sector economie;L Verhuur en handel van onroerend goed;2017/'18;0;0;0;0;0;0;0;0;0;0;0;0;0;0;0
4701;Totaal mannen en vrouwen;35 tot 40 jaar;Sector economie;L Verhuur en handel van onroerend goed;2018/'19;0;0;0;0;0;0;0;0;0;0;0;0;0;0;0
4702;Totaal mannen en vrouwen;35 tot 40 jaar;Sector economie;L Verhuur en handel van onroerend goed;2019/'20;0;0;0;0;0;0;0;0;0;0;0;0;0;0;0
4703;Totaal mannen en vrouwen;35 tot 40 jaar;Sector economie;L Verhuur en handel van onroerend goed;2020/'21;0;0;0;0;0;0;0;0;0;0;0;0;0;0;0
4704;Totaal mannen en vrouwen;35 tot 40 jaar;Sector economie;M-N Zakelijke dienstverlening;2009/'10;261;25;78;88;70;12;249;0;8;1;3;25;70;87;67
4705;Totaal mannen en vrouwen;35 tot 40 jaar;Sector economie;M-N Zakelijke dienstverlening;2010/'11;256;19;51;156;30;9;247;0;3;1;5;19;48;155;25
4706;Totaal mannen en vrouwen;35 tot 40 jaar;Sector economie;M-N Zakelijke dienstverlening;2011/'12;103;11;48;38;6;6;97;1;4;0;1;10;44;38;5
4707;Totaal mannen en vrouwen;35 tot 40 jaar;Sector economie;M-N Zakelijke dienstverlening;2012/'13;59;6;30;15;8;4;55;0;1;0;3;6;29;15;5
4708;Totaal mannen en vrouwen;35 tot 40 jaar;Sector economie;M-N Zakelijke dienstverlening;2013/'14;25;3;13;7;2;1;24;0;1;0;0;3;12;7;2
4709;Totaal mannen en vrouwen;35 tot 40 jaar;Sector economie;M-N Zakelijke dienstverlening;2014/'15;29;0;21;3;5;1;28;0;1;0;0;0;20;3;5
4710;Totaal mannen en vrouwen;35 tot 40 jaar;Sector economie;M-N Zakelijke dienstverlening;2015/'16;23;0;16;4;3;0;23;0;0;0;0;0;16;4;3
4711;Totaal mannen en vrouwen;35 tot 40 jaar;Sector economie;M-N Zakelijke dienstverlening;2016/'17;27;0;19;3;5;2;25;0;2;0;0;0;17;3;5
4712;Totaal mannen en vrouwen;35 tot 40 jaar;Sector economie;M-N Zakelijke dienstverlening;2017/'18;27;0;20;5;2;2;25;0;2;0;0;0;18;5;2
4713;Totaal mannen en vrouwen;35 tot 40 jaar;Sector economie;M-N Zakelijke dienstverlening;2018/'19;48;0;31;8;9;2;46;0;0;1;1;0;31;7;8
4714;Totaal mannen en vrouwen;35 tot 40 jaar;Sector economie;M-N Zakelijke dienstverlening;2019/'20;24;0;18;0;6;1;23;0;0;0;1;0;18;0;5
4715;Totaal mannen en vrouwen;35 tot 40 jaar;Sector economie;M-N Zakelijke dienstverlening;2020/'21;29;0;16;7;6;1;28;0;0;0;1;0;16;7;5
4716;Totaal mannen en vrouwen;35 tot 40 jaar;Sector economie;O-Q Overheid en zorg;2009/'10;132;12;50;31;39;16;116;0;7;2;7;12;43;29;32
4717;Totaal mannen en vrouwen;35 tot 40 jaar;Sector economie;O-Q Overheid en zorg;2010/'11;130;10;58;26;36;23;107;0;5;3;15;10;53;23;21
4718;Totaal mannen en vrouwen;35 tot 40 jaar;Sector economie;O-Q Overheid en zorg;2011/'12;79;3;36;27;13;7;72;0;2;5;0;3;34;22;13
4719;Totaal mannen en vrouwen;35 tot 40 jaar;Sector economie;O-Q Overheid en zorg;2012/'13;99;0;32;38;29;7;92;0;0;7;0;0;32;31;29
4720;Totaal mannen en vrouwen;35 tot 40 jaar;Sector economie;O-Q Overheid en zorg;2013/'14;57;0;17;16;24;0;57;0;0;0;0;0;17;16;24
4721;Totaal mannen en vrouwen;35 tot 40 jaar;Sector economie;O-Q Overheid en zorg;2014/'15;54;0;16;22;16;1;53;0;0;0;1;0;16;22;15
4722;Totaal mannen en vrouwen;35 tot 40 jaar;Sector economie;O-Q Overheid en zorg;2015/'16;30;1;10;10;9;0;30;0;0;0;0;1;10;10;9
4723;Totaal mannen en vrouwen;35 tot 40 jaar;Sector economie;O-Q Overheid en zorg;2016/'17;41;0;11;11;19;1;40;0;1;0;0;0;10;11;19
4724;Totaal mannen en vrouwen;35 tot 40 jaar;Sector economie;O-Q Overheid en zorg;2017/'18;33;0;16;2;15;0;33;0;0;0;0;0;16;2;15
4725;Totaal mannen en vrouwen;35 tot 40 jaar;Sector economie;O-Q Overheid en zorg;2018/'19;13;0;6;4;3;0;13;0;0;0;0;0;6;4;3
4726;Totaal mannen en vrouwen;35 tot 40 jaar;Sector economie;O-Q Overheid en zorg;2019/'20;20;0;6;1;13;0;20;0;0;0;0;0;6;1;13
4727;Totaal mannen en vrouwen;35 tot 40 jaar;Sector economie;O-Q Overheid en zorg;2020/'21;24;0;4;5;15;2;22;0;0;0;2;0;4;5;13
4728;Totaal mannen en vrouwen;35 tot 40 jaar;Sector economie;R-U Cultuur, recreatie, overige diensten;2009/'10;40;0;9;11;20;0;40;0;0;0;0;0;9;11;20
4729;Totaal mannen en vrouwen;35 tot 40 jaar;Sector economie;R-U Cultuur, recreatie, overige diensten;2010/'11;26;0;4;11;11;1;25;0;0;0;1;0;4;11;10
4730;Totaal mannen en vrouwen;35 tot 40 jaar;Sector economie;R-U Cultuur, recreatie, overige diensten;2011/'12;44;22;14;4;4;2;42;0;1;0;1;22;13;4;3
4731;Totaal mannen en vrouwen;35 tot 40 jaar;Sector economie;R-U Cultuur, recreatie, overige diensten;2012/'13;43;20;18;3;2;0;43;0;0;0;0;20;18;3;2
4732;Totaal mannen en vrouwen;35 tot 40 jaar;Sector economie;R-U Cultuur, recreatie, overige diensten;2013/'14;4;0;4;0;0;0;4;0;0;0;0;0;4;0;0
4733;Totaal mannen en vrouwen;35 tot 40 jaar;Sector economie;R-U Cultuur, recreatie, overige diensten;2014/'15;3;0;3;0;0;0;3;0;0;0;0;0;3;0;0
4734;Totaal mannen en vrouwen;35 tot 40 jaar;Sector economie;R-U Cultuur, recreatie, overige diensten;2015/'16;4;0;4;0;0;1;3;0;1;0;0;0;3;0;0
4735;Totaal mannen en vrouwen;35 tot 40 jaar;Sector economie;R-U Cultuur, recreatie, overige diensten;2016/'17;5;0;2;3;0;0;5;0;0;0;0;0;2;3;0
4736;Totaal mannen en vrouwen;35 tot 40 jaar;Sector economie;R-U Cultuur, recreatie, overige diensten;2017/'18;8;0;5;2;1;0;8;0;0;0;0;0;5;2;1
4737;Totaal mannen en vrouwen;35 tot 40 jaar;Sector economie;R-U Cultuur, recreatie, overige diensten;2018/'19;8;0;4;3;1;1;7;0;0;1;0;0;4;2;1
4738;Totaal mannen en vrouwen;35 tot 40 jaar;Sector economie;R-U Cultuur, recreatie, overige diensten;2019/'20;1;0;0;0;1;0;1;0;0;0;0;0;0;0;1
4739;Totaal mannen en vrouwen;35 tot 40 jaar;Sector economie;R-U Cultuur, recreatie, overige diensten;2020/'21;7;0;4;1;2;0;7;0;0;0;0;0;4;1;2
4740;Totaal mannen en vrouwen;35 tot 40 jaar;Sector economie;SBI-code onbekend;2009/'10;23;0;14;5;4;4;19;0;2;0;2;0;12;5;2
4741;Totaal mannen en vrouwen;35 tot 40 jaar;Sector economie;SBI-code onbekend;2010/'11;20;1;16;2;1;6;14;1;4;0;1;0;12;2;0
4742;Totaal mannen en vrouwen;35 tot 40 jaar;Sector economie;SBI-code onbekend;2011/'12;14;0;11;3;0;0;14;0;0;0;0;0;11;3;0
4743;Totaal mannen en vrouwen;35 tot 40 jaar;Sector economie;SBI-code onbekend;2012/'13;10;1;9;0;0;0;10;0;0;0;0;1;9;0;0
4744;Totaal mannen en vrouwen;35 tot 40 jaar;Sector economie;SBI-code onbekend;2013/'14;7;1;5;0;1;1;6;0;1;0;0;1;4;0;1
4745;Totaal mannen en vrouwen;35 tot 40 jaar;Sector economie;SBI-code onbekend;2014/'15;5;0;4;0;1;0;5;0;0;0;0;0;4;0;1
4746;Totaal mannen en vrouwen;35 tot 40 jaar;Sector economie;SBI-code onbekend;2015/'16;1;0;0;1;0;0;1;0;0;0;0;0;0;1;0
4747;Totaal mannen en vrouwen;35 tot 40 jaar;Sector economie;SBI-code onbekend;2016/'17;3;0;2;0;1;0;3;0;0;0;0;0;2;0;1
4748;Totaal mannen en vrouwen;35 tot 40 jaar;Sector economie;SBI-code onbekend;2017/'18;0;0;0;0;0;0;0;0;0;0;0;0;0;0;0
4749;Totaal mannen en vrouwen;35 tot 40 jaar;Sector economie;SBI-code onbekend;2018/'19;2;0;2;0;0;0;2;0;0;0;0;0;2;0;0
4750;Totaal mannen en vrouwen;35 tot 40 jaar;Sector economie;SBI-code onbekend;2019/'20;0;0;0;0;0;0;0;0;0;0;0;0;0;0;0
4751;Totaal mannen en vrouwen;35 tot 40 jaar;Sector economie;SBI-code onbekend;2020/'21;1;0;0;0;1;0;1;0;0;0;0;0;0;0;1
4752;Totaal mannen en vrouwen;35 tot 40 jaar;Sector techniek;A-U Alle economische activiteiten;2009/'10;1687;312;972;221;182;52;1635;2;19;13;18;310;953;208;164
4753;Totaal mannen en vrouwen;35 tot 40 jaar;Sector techniek;A-U Alle economische activiteiten;2010/'11;966;145;571;138;112;51;915;0;29;1;21;145;542;137;91
4754;Totaal mannen en vrouwen;35 tot 40 jaar;Sector techniek;A-U Alle economische activiteiten;2011/'12;847;83;540;131;93;36;811;0;22;9;5;83;518;122;88
4755;Totaal mannen en vrouwen;35 tot 40 jaar;Sector techniek;A-U Alle economische activiteiten;2012/'13;778;123;458;124;73;28;750;1;18;5;4;122;440;119;69
4756;Totaal mannen en vrouwen;35 tot 40 jaar;Sector techniek;A-U Alle economische activiteiten;2013/'14;257;25;99;69;64;9;248;0;5;2;2;25;94;67;62
4757;Totaal mannen en vrouwen;35 tot 40 jaar;Sector techniek;A-U Alle economische activiteiten;2014/'15;193;26;72;53;42;6;187;2;2;1;1;24;70;52;41
4758;Totaal mannen en vrouwen;35 tot 40 jaar;Sector techniek;A-U Alle economische activiteiten;2015/'16;231;31;94;65;41;6;225;1;0;1;4;30;94;64;37
4759;Totaal mannen en vrouwen;35 tot 40 jaar;Sector techniek;A-U Alle economische activiteiten;2016/'17;378;2;141;151;84;7;371;0;3;1;3;2;138;150;81
4760;Totaal mannen en vrouwen;35 tot 40 jaar;Sector techniek;A-U Alle economische activiteiten;2017/'18;368;0;157;135;76;3;365;0;0;1;2;0;157;134;74
4761;Totaal mannen en vrouwen;35 tot 40 jaar;Sector techniek;A-U Alle economische activiteiten;2018/'19;401;0;165;173;63;3;398;0;0;3;0;0;165;170;63
4762;Totaal mannen en vrouwen;35 tot 40 jaar;Sector techniek;A-U Alle economische activiteiten;2019/'20;330;0;126;130;74;2;328;0;0;1;1;0;126;129;73
4763;Totaal mannen en vrouwen;35 tot 40 jaar;Sector techniek;A-U Alle economische activiteiten;2020/'21;253;0;105;94;54;4;249;0;1;2;1;0;104;92;53
4764;Totaal mannen en vrouwen;35 tot 40 jaar;Sector techniek;A Landbouw, bosbouw en visserij;2009/'10;4;1;1;0;2;0;4;0;0;0;0;1;1;0;2
4765;Totaal mannen en vrouwen;35 tot 40 jaar;Sector techniek;A Landbouw, bosbouw en visserij;2010/'11;5;0;4;0;1;0;5;0;0;0;0;0;4;0;1
4766;Totaal mannen en vrouwen;35 tot 40 jaar;Sector techniek;A Landbouw, bosbouw en visserij;2011/'12;0;0;0;0;0;0;0;0;0;0;0;0;0;0;0
4767;Totaal mannen en vrouwen;35 tot 40 jaar;Sector techniek;A Landbouw, bosbouw en visserij;2012/'13;0;0;0;0;0;0;0;0;0;0;0;0;0;0;0
4768;Totaal mannen en vrouwen;35 tot 40 jaar;Sector techniek;A Landbouw, bosbouw en visserij;2013/'14;4;1;1;0;2;0;4;0;0;0;0;1;1;0;2
4769;Totaal mannen en vrouwen;35 tot 40 jaar;Sector techniek;A Landbouw, bosbouw en visserij;2014/'15;0;0;0;0;0;0;0;0;0;0;0;0;0;0;0
4770;Totaal mannen en vrouwen;35 tot 40 jaar;Sector techniek;A Landbouw, bosbouw en visserij;2015/'16;0;0;0;0;0;0;0;0;0;0;0;0;0;0;0
4771;Totaal mannen en vrouwen;35 tot 40 jaar;Sector techniek;A Landbouw, bosbouw en visserij;2016/'17;0;0;0;0;0;0;0;0;0;0;0;0;0;0;0
4772;Totaal mannen en vrouwen;35 tot 40 jaar;Sector techniek;A Landbouw, bosbouw en visserij;2017/'18;6;0;6;0;0;0;6;0;0;0;0;0;6;0;0
4773;Totaal mannen en vrouwen;35 tot 40 jaar;Sector techniek;A Landbouw, bosbouw en visserij;2018/'19;3;0;1;1;1;0;3;0;0;0;0;0;1;1;1
4774;Totaal mannen en vrouwen;35 tot 40 jaar;Sector techniek;A Landbouw, bosbouw en visserij;2019/'20;2;0;1;1;0;0;2;0;0;0;0;0;1;1;0
4775;Totaal mannen en vrouwen;35 tot 40 jaar;Sector techniek;A Landbouw, bosbouw en visserij;2020/'21;0;0;0;0;0;0;0;0;0;0;0;0;0;0;0
4776;Totaal mannen en vrouwen;35 tot 40 jaar;Sector techniek;B-E Nijverheid (geen bouw) en energie;2009/'10;502;254;167;56;25;8;494;1;1;4;2;253;166;52;23
4777;Totaal mannen en vrouwen;35 tot 40 jaar;Sector techniek;B-E Nijverheid (geen bouw) en energie;2010/'11;299;112;107;48;32;5;294;0;2;0;3;112;105;48;29
4778;Totaal mannen en vrouwen;35 tot 40 jaar;Sector techniek;B-E Nijverheid (geen bouw) en energie;2011/'12;177;38;74;46;19;3;174;0;1;0;2;38;73;46;17
4779;Totaal mannen en vrouwen;35 tot 40 jaar;Sector techniek;B-E Nijverheid (geen bouw) en energie;2012/'13;227;60;104;40;23;4;223;0;0;1;3;60;104;39;20
4780;Totaal mannen en vrouwen;35 tot 40 jaar;Sector techniek;B-E Nijverheid (geen bouw) en energie;2013/'14;98;10;32;39;17;2;96;0;1;1;0;10;31;38;17
4781;Totaal mannen en vrouwen;35 tot 40 jaar;Sector techniek;B-E Nijverheid (geen bouw) en energie;2014/'15;67;11;22;27;7;0;67;0;0;0;0;11;22;27;7
4782;Totaal mannen en vrouwen;35 tot 40 jaar;Sector techniek;B-E Nijverheid (geen bouw) en energie;2015/'16;82;8;37;29;8;0;82;0;0;0;0;8;37;29;8
4783;Totaal mannen en vrouwen;35 tot 40 jaar;Sector techniek;B-E Nijverheid (geen bouw) en energie;2016/'17;100;0;49;36;15;0;100;0;0;0;0;0;49;36;15
4784;Totaal mannen en vrouwen;35 tot 40 jaar;Sector techniek;B-E Nijverheid (geen bouw) en energie;2017/'18;64;0;25;29;10;0;64;0;0;0;0;0;25;29;10
4785;Totaal mannen en vrouwen;35 tot 40 jaar;Sector techniek;B-E Nijverheid (geen bouw) en energie;2018/'19;100;0;43;43;14;0;100;0;0;0;0;0;43;43;14
4786;Totaal mannen en vrouwen;35 tot 40 jaar;Sector techniek;B-E Nijverheid (geen bouw) en energie;2019/'20;79;0;32;31;16;0;79;0;0;0;0;0;32;31;16
4787;Totaal mannen en vrouwen;35 tot 40 jaar;Sector techniek;B-E Nijverheid (geen bouw) en energie;2020/'21;50;0;21;18;11;0;50;0;0;0;0;0;21;18;11
4788;Totaal mannen en vrouwen;35 tot 40 jaar;Sector techniek;F Bouwnijverheid;2009/'10;254;2;91;86;75;8;246;0;4;0;4;2;87;86;71
4789;Totaal mannen en vrouwen;35 tot 40 jaar;Sector techniek;F Bouwnijverheid;2010/'11;112;2;64;29;17;3;109;0;1;0;2;2;63;29;15
4790;Totaal mannen en vrouwen;35 tot 40 jaar;Sector techniek;F Bouwnijverheid;2011/'12;86;1;46;25;14;2;84;0;0;1;1;1;46;24;13
4791;Totaal mannen en vrouwen;35 tot 40 jaar;Sector techniek;F Bouwnijverheid;2012/'13;76;0;43;19;14;2;74;0;2;0;0;0;41;19;14
4792;Totaal mannen en vrouwen;35 tot 40 jaar;Sector techniek;F Bouwnijverheid;2013/'14;32;0;10;7;15;0;32;0;0;0;0;0;10;7;15
4793;Totaal mannen en vrouwen;35 tot 40 jaar;Sector techniek;F Bouwnijverheid;2014/'15;17;0;9;3;5;1;16;0;0;0;1;0;9;3;4
4794;Totaal mannen en vrouwen;35 tot 40 jaar;Sector techniek;F Bouwnijverheid;2015/'16;18;0;4;10;4;1;17;0;0;1;0;0;4;9;4
4795;Totaal mannen en vrouwen;35 tot 40 jaar;Sector techniek;F Bouwnijverheid;2016/'17;48;0;15;18;15;1;47;0;0;0;1;0;15;18;14
4796;Totaal mannen en vrouwen;35 tot 40 jaar;Sector techniek;F Bouwnijverheid;2017/'18;36;0;11;19;6;1;35;0;0;1;0;0;11;18;6
4797;Totaal mannen en vrouwen;35 tot 40 jaar;Sector techniek;F Bouwnijverheid;2018/'19;44;0;19;16;9;1;43;0;0;1;0;0;19;15;9
4798;Totaal mannen en vrouwen;35 tot 40 jaar;Sector techniek;F Bouwnijverheid;2019/'20;31;0;7;15;9;0;31;0;0;0;0;0;7;15;9
4799;Totaal mannen en vrouwen;35 tot 40 jaar;Sector techniek;F Bouwnijverheid;2020/'21;31;0;16;12;3;0;31;0;0;0;0;0;16;12;3
4800;Totaal mannen en vrouwen;35 tot 40 jaar;Sector techniek;G-I Handel, vervoer en horeca;2009/'10;604;27;509;33;35;8;596;1;3;2;2;26;506;31;33
4801;Totaal mannen en vrouwen;35 tot 40 jaar;Sector techniek;G-I Handel, vervoer en horeca;2010/'11;341;8;277;22;34;10;331;0;5;0;5;8;272;22;29
4802;Totaal mannen en vrouwen;35 tot 40 jaar;Sector techniek;G-I Handel, vervoer en horeca;2011/'12;316;3;265;17;31;9;307;0;5;2;2;3;260;15;29
4803;Totaal mannen en vrouwen;35 tot 40 jaar;Sector techniek;G-I Handel, vervoer en horeca;2012/'13;281;42;197;25;17;3;278;0;2;1;0;42;195;24;17
4804;Totaal mannen en vrouwen;35 tot 40 jaar;Sector techniek;G-I Handel, vervoer en horeca;2013/'14;48;3;23;10;12;3;45;0;1;1;1;3;22;9;11
4805;Totaal mannen en vrouwen;35 tot 40 jaar;Sector techniek;G-I Handel, vervoer en horeca;2014/'15;44;3;15;11;15;2;42;0;1;1;0;3;14;10;15
4806;Totaal mannen en vrouwen;35 tot 40 jaar;Sector techniek;G-I Handel, vervoer en horeca;2015/'16;39;1;10;11;17;2;37;1;0;0;1;0;10;11;16
4807;Totaal mannen en vrouwen;35 tot 40 jaar;Sector techniek;G-I Handel, vervoer en horeca;2016/'17;80;2;18;28;32;2;78;0;1;0;1;2;17;28;31
4808;Totaal mannen en vrouwen;35 tot 40 jaar;Sector techniek;G-I Handel, vervoer en horeca;2017/'18;85;0;33;23;29;0;85;0;0;0;0;0;33;23;29
4809;Totaal mannen en vrouwen;35 tot 40 jaar;Sector techniek;G-I Handel, vervoer en horeca;2018/'19;104;0;43;40;21;1;103;0;0;1;0;0;43;39;21
4810;Totaal mannen en vrouwen;35 tot 40 jaar;Sector techniek;G-I Handel, vervoer en horeca;2019/'20;90;0;34;29;27;1;89;0;0;1;0;0;34;28;27
4811;Totaal mannen en vrouwen;35 tot 40 jaar;Sector techniek;G-I Handel, vervoer en horeca;2020/'21;68;0;24;24;20;0;68;0;0;0;0;0;24;24;20
4812;Totaal mannen en vrouwen;35 tot 40 jaar;Sector techniek;J Informatie en communicatie;2009/'10;3;1;1;1;0;0;3;0;0;0;0;1;1;1;0
4813;Totaal mannen en vrouwen;35 tot 40 jaar;Sector techniek;J Informatie en communicatie;2010/'11;2;0;0;2;0;0;2;0;0;0;0;0;0;2;0
4814;Totaal mannen en vrouwen;35 tot 40 jaar;Sector techniek;J Informatie en communicatie;2011/'12;5;0;2;2;1;1;4;0;0;1;0;0;2;1;1
4815;Totaal mannen en vrouwen;35 tot 40 jaar;Sector techniek;J Informatie en communicatie;2012/'13;1;0;1;0;0;0;1;0;0;0;0;0;1;0;0
4816;Totaal mannen en vrouwen;35 tot 40 jaar;Sector techniek;J Informatie en communicatie;2013/'14;1;0;0;1;0;0;1;0;0;0;0;0;0;1;0
4817;Totaal mannen en vrouwen;35 tot 40 jaar;Sector techniek;J Informatie en communicatie;2014/'15;2;0;2;0;0;0;2;0;0;0;0;0;2;0;0
4818;Totaal mannen en vrouwen;35 tot 40 jaar;Sector techniek;J Informatie en communicatie;2015/'16;0;0;0;0;0;0;0;0;0;0;0;0;0;0;0
4819;Totaal mannen en vrouwen;35 tot 40 jaar;Sector techniek;J Informatie en communicatie;2016/'17;3;0;0;2;1;0;3;0;0;0;0;0;0;2;1
4820;Totaal mannen en vrouwen;35 tot 40 jaar;Sector techniek;J Informatie en communicatie;2017/'18;5;0;2;1;2;0;5;0;0;0;0;0;2;1;2
4821;Totaal mannen en vrouwen;35 tot 40 jaar;Sector techniek;J Informatie en communicatie;2018/'19;2;0;1;1;0;0;2;0;0;0;0;0;1;1;0
4822;Totaal mannen en vrouwen;35 tot 40 jaar;Sector techniek;J Informatie en communicatie;2019/'20;1;0;0;1;0;0;1;0;0;0;0;0;0;1;0
4823;Totaal mannen en vrouwen;35 tot 40 jaar;Sector techniek;J Informatie en communicatie;2020/'21;1;0;0;0;1;0;1;0;0;0;0;0;0;0;1
4824;Totaal mannen en vrouwen;35 tot 40 jaar;Sector techniek;K Financiële dienstverlening;2009/'10;7;3;3;0;1;1;6;0;1;0;0;3;2;0;1
4825;Totaal mannen en vrouwen;35 tot 40 jaar;Sector techniek;K Financiële dienstverlening;2010/'11;1;0;0;0;1;0;1;0;0;0;0;0;0;0;1
4826;Totaal mannen en vrouwen;35 tot 40 jaar;Sector techniek;K Financiële dienstverlening;2011/'12;5;0;4;1;0;2;3;0;1;1;0;0;3;0;0
4827;Totaal mannen en vrouwen;35 tot 40 jaar;Sector techniek;K Financiële dienstverlening;2012/'13;4;0;3;0;1;0;4;0;0;0;0;0;3;0;1
4828;Totaal mannen en vrouwen;35 tot 40 jaar;Sector techniek;K Financiële dienstverlening;2013/'14;1;0;1;0;0;0;1;0;0;0;0;0;1;0;0
4829;Totaal mannen en vrouwen;35 tot 40 jaar;Sector techniek;K Financiële dienstverlening;2014/'15;0;0;0;0;0;0;0;0;0;0;0;0;0;0;0
4830;Totaal mannen en vrouwen;35 tot 40 jaar;Sector techniek;K Financiële dienstverlening;2015/'16;1;0;0;0;1;1;0;0;0;0;1;0;0;0;0
4831;Totaal mannen en vrouwen;35 tot 40 jaar;Sector techniek;K Financiële dienstverlening;2016/'17;2;0;0;1;1;1;1;0;0;0;1;0;0;1;0
4832;Totaal mannen en vrouwen;35 tot 40 jaar;Sector techniek;K Financiële dienstverlening;2017/'18;1;0;0;0;1;0;1;0;0;0;0;0;0;0;1
4833;Totaal mannen en vrouwen;35 tot 40 jaar;Sector techniek;K Financiële dienstverlening;2018/'19;0;0;0;0;0;0;0;0;0;0;0;0;0;0;0
4834;Totaal mannen en vrouwen;35 tot 40 jaar;Sector techniek;K Financiële dienstverlening;2019/'20;1;0;1;0;0;0;1;0;0;0;0;0;1;0;0
4835;Totaal mannen en vrouwen;35 tot 40 jaar;Sector techniek;K Financiële dienstverlening;2020/'21;1;0;0;1;0;0;1;0;0;0;0;0;0;1;0
4836;Totaal mannen en vrouwen;35 tot 40 jaar;Sector techniek;L Verhuur en handel van onroerend goed;2009/'10;5;0;4;0;1;2;3;0;1;0;1;0;3;0;0
4837;Totaal mannen en vrouwen;35 tot 40 jaar;Sector techniek;L Verhuur en handel van onroerend goed;2010/'11;5;0;3;1;1;3;2;0;2;0;1;0;1;1;0
4838;Totaal mannen en vrouwen;35 tot 40 jaar;Sector techniek;L Verhuur en handel van onroerend goed;2011/'12;6;0;5;1;0;0;6;0;0;0;0;0;5;1;0
4839;Totaal mannen en vrouwen;35 tot 40 jaar;Sector techniek;L Verhuur en handel van onroerend goed;2012/'13;7;0;7;0;0;1;6;0;1;0;0;0;6;0;0
4840;Totaal mannen en vrouwen;35 tot 40 jaar;Sector techniek;L Verhuur en handel van onroerend goed;2013/'14;2;0;2;0;0;0;2;0;0;0;0;0;2;0;0
4841;Totaal mannen en vrouwen;35 tot 40 jaar;Sector techniek;L Verhuur en handel van onroerend goed;2014/'15;0;0;0;0;0;0;0;0;0;0;0;0;0;0;0
4842;Totaal mannen en vrouwen;35 tot 40 jaar;Sector techniek;L Verhuur en handel van onroerend goed;2015/'16;2;0;1;1;0;0;2;0;0;0;0;0;1;1;0
4843;Totaal mannen en vrouwen;35 tot 40 jaar;Sector techniek;L Verhuur en handel van onroerend goed;2016/'17;1;0;0;1;0;0;1;0;0;0;0;0;0;1;0
4844;Totaal mannen en vrouwen;35 tot 40 jaar;Sector techniek;L Verhuur en handel van onroerend goed;2017/'18;3;0;0;0;3;0;3;0;0;0;0;0;0;0;3
4845;Totaal mannen en vrouwen;35 tot 40 jaar;Sector techniek;L Verhuur en handel van onroerend goed;2018/'19;0;0;0;0;0;0;0;0;0;0;0;0;0;0;0
4846;Totaal mannen en vrouwen;35 tot 40 jaar;Sector techniek;L Verhuur en handel van onroerend goed;2019/'20;0;0;0;0;0;0;0;0;0;0;0;0;0;0;0
4847;Totaal mannen en vrouwen;35 tot 40 jaar;Sector techniek;L Verhuur en handel van onroerend goed;2020/'21;0;0;0;0;0;0;0;0;0;0;0;0;0;0;0
4848;Totaal mannen en vrouwen;35 tot 40 jaar;Sector techniek;M-N Zakelijke dienstverlening;2009/'10;184;20;110;30;24;10;174;0;1;5;4;20;109;25;20
4849;Totaal mannen en vrouwen;35 tot 40 jaar;Sector techniek;M-N Zakelijke dienstverlening;2010/'11;130;21;65;31;13;10;120;0;4;1;5;21;61;30;8
4850;Totaal mannen en vrouwen;35 tot 40 jaar;Sector techniek;M-N Zakelijke dienstverlening;2011/'12;169;26;101;28;14;3;166;0;3;0;0;26;98;28;14
4851;Totaal mannen en vrouwen;35 tot 40 jaar;Sector techniek;M-N Zakelijke dienstverlening;2012/'13;111;15;62;24;10;6;105;1;4;1;0;14;58;23;10
4852;Totaal mannen en vrouwen;35 tot 40 jaar;Sector techniek;M-N Zakelijke dienstverlening;2013/'14;42;10;19;7;6;3;39;0;2;0;1;10;17;7;5
4853;Totaal mannen en vrouwen;35 tot 40 jaar;Sector techniek;M-N Zakelijke dienstverlening;2014/'15;47;11;21;9;6;3;44;2;1;0;0;9;20;9;6
4854;Totaal mannen en vrouwen;35 tot 40 jaar;Sector techniek;M-N Zakelijke dienstverlening;2015/'16;57;12;31;9;5;1;56;0;0;0;1;12;31;9;4
4855;Totaal mannen en vrouwen;35 tot 40 jaar;Sector techniek;M-N Zakelijke dienstverlening;2016/'17;94;0;35;49;10;1;93;0;1;0;0;0;34;49;10
4856;Totaal mannen en vrouwen;35 tot 40 jaar;Sector techniek;M-N Zakelijke dienstverlening;2017/'18;126;0;66;45;15;2;124;0;0;0;2;0;66;45;13
4857;Totaal mannen en vrouwen;35 tot 40 jaar;Sector techniek;M-N Zakelijke dienstverlening;2018/'19;123;0;53;61;9;1;122;0;0;1;0;0;53;60;9
4858;Totaal mannen en vrouwen;35 tot 40 jaar;Sector techniek;M-N Zakelijke dienstverlening;2019/'20;91;0;42;39;10;1;90;0;0;0;1;0;42;39;9
4859;Totaal mannen en vrouwen;35 tot 40 jaar;Sector techniek;M-N Zakelijke dienstverlening;2020/'21;64;0;28;24;12;0;64;0;0;0;0;0;28;24;12
4860;Totaal mannen en vrouwen;35 tot 40 jaar;Sector techniek;O-Q Overheid en zorg;2009/'10;71;1;47;10;13;11;60;0;8;2;1;1;39;8;12
4861;Totaal mannen en vrouwen;35 tot 40 jaar;Sector techniek;O-Q Overheid en zorg;2010/'11;45;2;31;2;10;12;33;0;8;0;4;2;23;2;6
4862;Totaal mannen en vrouwen;35 tot 40 jaar;Sector techniek;O-Q Overheid en zorg;2011/'12;36;0;18;8;10;9;27;0;7;2;0;0;11;6;10
4863;Totaal mannen en vrouwen;35 tot 40 jaar;Sector techniek;O-Q Overheid en zorg;2012/'13;47;1;26;14;6;9;38;0;6;2;1;1;20;12;5
4864;Totaal mannen en vrouwen;35 tot 40 jaar;Sector techniek;O-Q Overheid en zorg;2013/'14;17;1;6;4;6;0;17;0;0;0;0;1;6;4;6
4865;Totaal mannen en vrouwen;35 tot 40 jaar;Sector techniek;O-Q Overheid en zorg;2014/'15;9;1;1;1;6;0;9;0;0;0;0;1;1;1;6
4866;Totaal mannen en vrouwen;35 tot 40 jaar;Sector techniek;O-Q Overheid en zorg;2015/'16;30;9;11;5;5;1;29;0;0;0;1;9;11;5;4
4867;Totaal mannen en vrouwen;35 tot 40 jaar;Sector techniek;O-Q Overheid en zorg;2016/'17;41;0;21;12;8;1;40;0;1;0;0;0;20;12;8
4868;Totaal mannen en vrouwen;35 tot 40 jaar;Sector techniek;O-Q Overheid en zorg;2017/'18;27;0;7;12;8;0;27;0;0;0;0;0;7;12;8
4869;Totaal mannen en vrouwen;35 tot 40 jaar;Sector techniek;O-Q Overheid en zorg;2018/'19;18;0;4;7;7;0;18;0;0;0;0;0;4;7;7
4870;Totaal mannen en vrouwen;35 tot 40 jaar;Sector techniek;O-Q Overheid en zorg;2019/'20;26;0;6;9;11;0;26;0;0;0;0;0;6;9;11
4871;Totaal mannen en vrouwen;35 tot 40 jaar;Sector techniek;O-Q Overheid en zorg;2020/'21;27;0;13;9;5;3;24;0;1;1;1;0;12;8;4
4872;Totaal mannen en vrouwen;35 tot 40 jaar;Sector techniek;R-U Cultuur, recreatie, overige diensten;2009/'10;8;1;6;0;1;0;8;0;0;0;0;1;6;0;1
4873;Totaal mannen en vrouwen;35 tot 40 jaar;Sector techniek;R-U Cultuur, recreatie, overige diensten;2010/'11;4;0;3;0;1;1;3;0;0;0;1;0;3;0;0
4874;Totaal mannen en vrouwen;35 tot 40 jaar;Sector techniek;R-U Cultuur, recreatie, overige diensten;2011/'12;23;14;6;2;1;3;20;0;2;1;0;14;4;1;1
4875;Totaal mannen en vrouwen;35 tot 40 jaar;Sector techniek;R-U Cultuur, recreatie, overige diensten;2012/'13;11;5;5;1;0;0;11;0;0;0;0;5;5;1;0
4876;Totaal mannen en vrouwen;35 tot 40 jaar;Sector techniek;R-U Cultuur, recreatie, overige diensten;2013/'14;4;0;1;1;2;0;4;0;0;0;0;0;1;1;2
4877;Totaal mannen en vrouwen;35 tot 40 jaar;Sector techniek;R-U Cultuur, recreatie, overige diensten;2014/'15;0;0;0;0;0;0;0;0;0;0;0;0;0;0;0
4878;Totaal mannen en vrouwen;35 tot 40 jaar;Sector techniek;R-U Cultuur, recreatie, overige diensten;2015/'16;2;1;0;0;1;0;2;0;0;0;0;1;0;0;1
4879;Totaal mannen en vrouwen;35 tot 40 jaar;Sector techniek;R-U Cultuur, recreatie, overige diensten;2016/'17;6;0;3;2;1;0;6;0;0;0;0;0;3;2;1
4880;Totaal mannen en vrouwen;35 tot 40 jaar;Sector techniek;R-U Cultuur, recreatie, overige diensten;2017/'18;11;0;6;3;2;0;11;0;0;0;0;0;6;3;2
4881;Totaal mannen en vrouwen;35 tot 40 jaar;Sector techniek;R-U Cultuur, recreatie, overige diensten;2018/'19;2;0;1;1;0;0;2;0;0;0;0;0;1;1;0
4882;Totaal mannen en vrouwen;35 tot 40 jaar;Sector techniek;R-U Cultuur, recreatie, overige diensten;2019/'20;4;0;2;1;1;0;4;0;0;0;0;0;2;1;1
4883;Totaal mannen en vrouwen;35 tot 40 jaar;Sector techniek;R-U Cultuur, recreatie, overige diensten;2020/'21;7;0;2;3;2;0;7;0;0;0;0;0;2;3;2
4884;Totaal mannen en vrouwen;35 tot 40 jaar;Sector techniek;SBI-code onbekend;2009/'10;45;2;33;5;5;4;41;0;0;0;4;2;33;5;1
4885;Totaal mannen en vrouwen;35 tot 40 jaar;Sector techniek;SBI-code onbekend;2010/'11;22;0;17;3;2;7;15;0;7;0;0;0;10;3;2
4886;Totaal mannen en vrouwen;35 tot 40 jaar;Sector techniek;SBI-code onbekend;2011/'12;24;1;19;1;3;4;20;0;3;1;0;1;16;0;3
4887;Totaal mannen en vrouwen;35 tot 40 jaar;Sector techniek;SBI-code onbekend;2012/'13;13;0;10;1;2;3;10;0;3;0;0;0;7;1;2
4888;Totaal mannen en vrouwen;35 tot 40 jaar;Sector techniek;SBI-code onbekend;2013/'14;8;0;4;0;4;1;7;0;1;0;0;0;3;0;4
4889;Totaal mannen en vrouwen;35 tot 40 jaar;Sector techniek;SBI-code onbekend;2014/'15;7;0;2;2;3;0;7;0;0;0;0;0;2;2;3
4890;Totaal mannen en vrouwen;35 tot 40 jaar;Sector techniek;SBI-code onbekend;2015/'16;0;0;0;0;0;0;0;0;0;0;0;0;0;0;0
4891;Totaal mannen en vrouwen;35 tot 40 jaar;Sector techniek;SBI-code onbekend;2016/'17;3;0;0;2;1;1;2;0;0;1;0;0;0;1;1
4892;Totaal mannen en vrouwen;35 tot 40 jaar;Sector techniek;SBI-code onbekend;2017/'18;4;0;1;3;0;0;4;0;0;0;0;0;1;3;0
4893;Totaal mannen en vrouwen;35 tot 40 jaar;Sector techniek;SBI-code onbekend;2018/'19;5;0;0;3;2;0;5;0;0;0;0;0;0;3;2
4894;Totaal mannen en vrouwen;35 tot 40 jaar;Sector techniek;SBI-code onbekend;2019/'20;5;0;1;4;0;0;5;0;0;0;0;0;1;4;0
4895;Totaal mannen en vrouwen;35 tot 40 jaar;Sector techniek;SBI-code onbekend;2020/'21;4;0;1;3;0;1;3;0;0;1;0;0;1;2;0
4896;Totaal mannen en vrouwen;35 tot 40 jaar;Sector zorg en welzijn;A-U Alle economische activiteiten;2009/'10;1418;51;354;571;442;269;1149;5;100;81;83;46;254;490;359
4897;Totaal mannen en vrouwen;35 tot 40 jaar;Sector zorg en welzijn;A-U Alle economische activiteiten;2010/'11;1062;41;224;384;413;167;895;6;48;35;78;35;176;349;335
4898;Totaal mannen en vrouwen;35 tot 40 jaar;Sector zorg en welzijn;A-U Alle economische activiteiten;2011/'12;952;41;234;415;262;120;832;3;39;41;37;38;195;374;225
4899;Totaal mannen en vrouwen;35 tot 40 jaar;Sector zorg en welzijn;A-U Alle economische activiteiten;2012/'13;758;14;184;340;220;90;668;1;34;29;26;13;150;311;194
4900;Totaal mannen en vrouwen;35 tot 40 jaar;Sector zorg en welzijn;A-U Alle economische activiteiten;2013/'14;477;11;101;222;143;40;437;0;17;8;15;11;84;214;128
4901;Totaal mannen en vrouwen;35 tot 40 jaar;Sector zorg en welzijn;A-U Alle economische activiteiten;2014/'15;283;3;37;153;90;14;269;0;7;5;2;3;30;148;88
4902;Totaal mannen en vrouwen;35 tot 40 jaar;Sector zorg en welzijn;A-U Alle economische activiteiten;2015/'16;247;3;12;140;92;5;242;0;1;0;4;3;11;140;88
4903;Totaal mannen en vrouwen;35 tot 40 jaar;Sector zorg en welzijn;A-U Alle economische activiteiten;2016/'17;589;0;38;312;239;8;581;0;2;4;2;0;36;308;237
4904;Totaal mannen en vrouwen;35 tot 40 jaar;Sector zorg en welzijn;A-U Alle economische activiteiten;2017/'18;746;0;65;377;304;19;727;0;6;9;4;0;59;368;300
4905;Totaal mannen en vrouwen;35 tot 40 jaar;Sector zorg en welzijn;A-U Alle economische activiteiten;2018/'19;926;0;92;422;412;16;910;0;1;6;9;0;91;416;403
4906;Totaal mannen en vrouwen;35 tot 40 jaar;Sector zorg en welzijn;A-U Alle economische activiteiten;2019/'20;886;0;97;359;430;15;871;0;5;6;4;0;92;353;426
4907;Totaal mannen en vrouwen;35 tot 40 jaar;Sector zorg en welzijn;A-U Alle economische activiteiten;2020/'21;822;0;126;344;352;15;807;0;6;6;3;0;120;338;349
4908;Totaal mannen en vrouwen;35 tot 40 jaar;Sector zorg en welzijn;A Landbouw, bosbouw en visserij;2009/'10;7;0;2;2;3;1;6;0;1;0;0;0;1;2;3
4909;Totaal mannen en vrouwen;35 tot 40 jaar;Sector zorg en welzijn;A Landbouw, bosbouw en visserij;2010/'11;7;0;3;1;3;2;5;0;0;0;2;0;3;1;1
4910;Totaal mannen en vrouwen;35 tot 40 jaar;Sector zorg en welzijn;A Landbouw, bosbouw en visserij;2011/'12;4;0;0;4;0;0;4;0;0;0;0;0;0;4;0
4911;Totaal mannen en vrouwen;35 tot 40 jaar;Sector zorg en welzijn;A Landbouw, bosbouw en visserij;2012/'13;3;0;1;2;0;0;3;0;0;0;0;0;1;2;0
4912;Totaal mannen en vrouwen;35 tot 40 jaar;Sector zorg en welzijn;A Landbouw, bosbouw en visserij;2013/'14;1;0;0;0;1;0;1;0;0;0;0;0;0;0;1
4913;Totaal mannen en vrouwen;35 tot 40 jaar;Sector zorg en welzijn;A Landbouw, bosbouw en visserij;2014/'15;2;0;0;1;1;0;2;0;0;0;0;0;0;1;1
4914;Totaal mannen en vrouwen;35 tot 40 jaar;Sector zorg en welzijn;A Landbouw, bosbouw en visserij;2015/'16;2;1;0;1;0;0;2;0;0;0;0;1;0;1;0
4915;Totaal mannen en vrouwen;35 tot 40 jaar;Sector zorg en welzijn;A Landbouw, bosbouw en visserij;2016/'17;2;0;0;2;0;0;2;0;0;0;0;0;0;2;0
4916;Totaal mannen en vrouwen;35 tot 40 jaar;Sector zorg en welzijn;A Landbouw, bosbouw en visserij;2017/'18;1;0;0;1;0;0;1;0;0;0;0;0;0;1;0
4917;Totaal mannen en vrouwen;35 tot 40 jaar;Sector zorg en welzijn;A Landbouw, bosbouw en visserij;2018/'19;3;0;0;2;1;0;3;0;0;0;0;0;0;2;1
4918;Totaal mannen en vrouwen;35 tot 40 jaar;Sector zorg en welzijn;A Landbouw, bosbouw en visserij;2019/'20;7;0;0;4;3;0;7;0;0;0;0;0;0;4;3
4919;Totaal mannen en vrouwen;35 tot 40 jaar;Sector zorg en welzijn;A Landbouw, bosbouw en visserij;2020/'21;7;0;2;4;1;0;7;0;0;0;0;0;2;4;1
4920;Totaal mannen en vrouwen;35 tot 40 jaar;Sector zorg en welzijn;B-E Nijverheid (geen bouw) en energie;2009/'10;84;2;24;30;28;19;65;0;9;7;3;2;15;23;25
4921;Totaal mannen en vrouwen;35 tot 40 jaar;Sector zorg en welzijn;B-E Nijverheid (geen bouw) en energie;2010/'11;54;0;14;24;16;11;43;0;2;8;1;0;12;16;15
4922;Totaal mannen en vrouwen;35 tot 40 jaar;Sector zorg en welzijn;B-E Nijverheid (geen bouw) en energie;2011/'12;39;4;8;11;16;3;36;0;2;0;1;4;6;11;15
4923;Totaal mannen en vrouwen;35 tot 40 jaar;Sector zorg en welzijn;B-E Nijverheid (geen bouw) en energie;2012/'13;17;0;0;7;10;3;14;0;0;1;2;0;0;6;8
4924;Totaal mannen en vrouwen;35 tot 40 jaar;Sector zorg en welzijn;B-E Nijverheid (geen bouw) en energie;2013/'14;9;0;4;2;3;0;9;0;0;0;0;0;4;2;3
4925;Totaal mannen en vrouwen;35 tot 40 jaar;Sector zorg en welzijn;B-E Nijverheid (geen bouw) en energie;2014/'15;4;0;0;4;0;0;4;0;0;0;0;0;0;4;0
4926;Totaal mannen en vrouwen;35 tot 40 jaar;Sector zorg en welzijn;B-E Nijverheid (geen bouw) en energie;2015/'16;1;0;0;0;1;0;1;0;0;0;0;0;0;0;1
4927;Totaal mannen en vrouwen;35 tot 40 jaar;Sector zorg en welzijn;B-E Nijverheid (geen bouw) en energie;2016/'17;10;0;0;6;4;0;10;0;0;0;0;0;0;6;4
4928;Totaal mannen en vrouwen;35 tot 40 jaar;Sector zorg en welzijn;B-E Nijverheid (geen bouw) en energie;2017/'18;16;0;2;10;4;1;15;0;0;1;0;0;2;9;4
4929;Totaal mannen en vrouwen;35 tot 40 jaar;Sector zorg en welzijn;B-E Nijverheid (geen bouw) en energie;2018/'19;34;0;5;22;7;0;34;0;0;0;0;0;5;22;7
4930;Totaal mannen en vrouwen;35 tot 40 jaar;Sector zorg en welzijn;B-E Nijverheid (geen bouw) en energie;2019/'20;26;0;2;14;10;1;25;0;1;0;0;0;1;14;10
4931;Totaal mannen en vrouwen;35 tot 40 jaar;Sector zorg en welzijn;B-E Nijverheid (geen bouw) en energie;2020/'21;27;0;2;20;5;1;26;0;0;1;0;0;2;19;5
4932;Totaal mannen en vrouwen;35 tot 40 jaar;Sector zorg en welzijn;F Bouwnijverheid;2009/'10;16;0;2;4;10;7;9;0;1;2;4;0;1;2;6
4933;Totaal mannen en vrouwen;35 tot 40 jaar;Sector zorg en welzijn;F Bouwnijverheid;2010/'11;7;0;0;7;0;0;7;0;0;0;0;0;0;7;0
4934;Totaal mannen en vrouwen;35 tot 40 jaar;Sector zorg en welzijn;F Bouwnijverheid;2011/'12;9;0;1;5;3;2;7;0;0;1;1;0;1;4;2
4935;Totaal mannen en vrouwen;35 tot 40 jaar;Sector zorg en welzijn;F Bouwnijverheid;2012/'13;5;0;1;4;0;1;4;0;0;1;0;0;1;3;0
4936;Totaal mannen en vrouwen;35 tot 40 jaar;Sector zorg en welzijn;F Bouwnijverheid;2013/'14;5;0;0;3;2;0;5;0;0;0;0;0;0;3;2
4937;Totaal mannen en vrouwen;35 tot 40 jaar;Sector zorg en welzijn;F Bouwnijverheid;2014/'15;2;0;0;1;1;0;2;0;0;0;0;0;0;1;1
4938;Totaal mannen en vrouwen;35 tot 40 jaar;Sector zorg en welzijn;F Bouwnijverheid;2015/'16;3;0;0;1;2;0;3;0;0;0;0;0;0;1;2
4939;Totaal mannen en vrouwen;35 tot 40 jaar;Sector zorg en welzijn;F Bouwnijverheid;2016/'17;4;0;0;2;2;0;4;0;0;0;0;0;0;2;2
4940;Totaal mannen en vrouwen;35 tot 40 jaar;Sector zorg en welzijn;F Bouwnijverheid;2017/'18;8;0;1;3;4;0;8;0;0;0;0;0;1;3;4
4941;Totaal mannen en vrouwen;35 tot 40 jaar;Sector zorg en welzijn;F Bouwnijverheid;2018/'19;10;0;0;5;5;0;10;0;0;0;0;0;0;5;5
4942;Totaal mannen en vrouwen;35 tot 40 jaar;Sector zorg en welzijn;F Bouwnijverheid;2019/'20;10;0;0;4;6;0;10;0;0;0;0;0;0;4;6
4943;Totaal mannen en vrouwen;35 tot 40 jaar;Sector zorg en welzijn;F Bouwnijverheid;2020/'21;5;0;2;3;0;0;5;0;0;0;0;0;2;3;0
4944;Totaal mannen en vrouwen;35 tot 40 jaar;Sector zorg en welzijn;G-I Handel, vervoer en horeca;2009/'10;201;6;43;88;64;59;142;1;15;23;20;5;28;65;44
4945;Totaal mannen en vrouwen;35 tot 40 jaar;Sector zorg en welzijn;G-I Handel, vervoer en horeca;2010/'11;141;3;41;58;39;37;104;1;15;6;15;2;26;52;24
4946;Totaal mannen en vrouwen;35 tot 40 jaar;Sector zorg en welzijn;G-I Handel, vervoer en horeca;2011/'12;120;3;32;60;25;25;95;0;7;12;6;3;25;48;19
4947;Totaal mannen en vrouwen;35 tot 40 jaar;Sector zorg en welzijn;G-I Handel, vervoer en horeca;2012/'13;98;1;17;51;29;22;76;1;9;6;6;0;8;45;23
4948;Totaal mannen en vrouwen;35 tot 40 jaar;Sector zorg en welzijn;G-I Handel, vervoer en horeca;2013/'14;40;0;8;22;10;10;30;0;6;1;3;0;2;21;7
4949;Totaal mannen en vrouwen;35 tot 40 jaar;Sector zorg en welzijn;G-I Handel, vervoer en horeca;2014/'15;27;0;4;13;10;5;22;0;2;3;0;0;2;10;10
4950;Totaal mannen en vrouwen;35 tot 40 jaar;Sector zorg en welzijn;G-I Handel, vervoer en horeca;2015/'16;15;0;0;10;5;2;13;0;0;0;2;0;0;10;3
4951;Totaal mannen en vrouwen;35 tot 40 jaar;Sector zorg en welzijn;G-I Handel, vervoer en horeca;2016/'17;56;0;4;31;21;0;56;0;0;0;0;0;4;31;21
4952;Totaal mannen en vrouwen;35 tot 40 jaar;Sector zorg en welzijn;G-I Handel, vervoer en horeca;2017/'18;118;0;8;74;36;5;113;0;2;3;0;0;6;71;36
4953;Totaal mannen en vrouwen;35 tot 40 jaar;Sector zorg en welzijn;G-I Handel, vervoer en horeca;2018/'19;195;0;15;116;64;4;191;0;0;1;3;0;15;115;61
4954;Totaal mannen en vrouwen;35 tot 40 jaar;Sector zorg en welzijn;G-I Handel, vervoer en horeca;2019/'20;188;0;21;86;81;5;183;0;1;2;2;0;20;84;79
4955;Totaal mannen en vrouwen;35 tot 40 jaar;Sector zorg en welzijn;G-I Handel, vervoer en horeca;2020/'21;182;0;12;93;77;6;176;0;1;4;1;0;11;89;76
4956;Totaal mannen en vrouwen;35 tot 40 jaar;Sector zorg en welzijn;J Informatie en communicatie;2009/'10;14;0;0;7;7;1;13;0;0;1;0;0;0;6;7
4957;Totaal mannen en vrouwen;35 tot 40 jaar;Sector zorg en welzijn;J Informatie en communicatie;2010/'11;15;1;3;5;6;6;9;0;3;0;3;1;0;5;3
4958;Totaal mannen en vrouwen;35 tot 40 jaar;Sector zorg en welzijn;J Informatie en communicatie;2011/'12;6;1;0;4;1;0;6;0;0;0;0;1;0;4;1
4959;Totaal mannen en vrouwen;35 tot 40 jaar;Sector zorg en welzijn;J Informatie en communicatie;2012/'13;3;0;0;3;0;0;3;0;0;0;0;0;0;3;0
4960;Totaal mannen en vrouwen;35 tot 40 jaar;Sector zorg en welzijn;J Informatie en communicatie;2013/'14;3;0;0;1;2;1;2;0;0;1;0;0;0;0;2
4961;Totaal mannen en vrouwen;35 tot 40 jaar;Sector zorg en welzijn;J Informatie en communicatie;2014/'15;2;0;0;1;1;0;2;0;0;0;0;0;0;1;1
4962;Totaal mannen en vrouwen;35 tot 40 jaar;Sector zorg en welzijn;J Informatie en communicatie;2015/'16;0;0;0;0;0;0;0;0;0;0;0;0;0;0;0
4963;Totaal mannen en vrouwen;35 tot 40 jaar;Sector zorg en welzijn;J Informatie en communicatie;2016/'17;2;0;0;0;2;0;2;0;0;0;0;0;0;0;2
4964;Totaal mannen en vrouwen;35 tot 40 jaar;Sector zorg en welzijn;J Informatie en communicatie;2017/'18;2;0;0;0;2;0;2;0;0;0;0;0;0;0;2
4965;Totaal mannen en vrouwen;35 tot 40 jaar;Sector zorg en welzijn;J Informatie en communicatie;2018/'19;11;0;2;4;5;0;11;0;0;0;0;0;2;4;5
4966;Totaal mannen en vrouwen;35 tot 40 jaar;Sector zorg en welzijn;J Informatie en communicatie;2019/'20;11;0;0;5;6;0;11;0;0;0;0;0;0;5;6
4967;Totaal mannen en vrouwen;35 tot 40 jaar;Sector zorg en welzijn;J Informatie en communicatie;2020/'21;7;0;0;6;1;0;7;0;0;0;0;0;0;6;1
4968;Totaal mannen en vrouwen;35 tot 40 jaar;Sector zorg en welzijn;K Financiële dienstverlening;2009/'10;12;0;0;7;5;7;5;0;0;5;2;0;0;2;3
4969;Totaal mannen en vrouwen;35 tot 40 jaar;Sector zorg en welzijn;K Financiële dienstverlening;2010/'11;10;0;2;0;8;3;7;0;0;0;3;0;2;0;5
4970;Totaal mannen en vrouwen;35 tot 40 jaar;Sector zorg en welzijn;K Financiële dienstverlening;2011/'12;17;0;1;10;6;4;13;0;0;3;1;0;1;7;5
4971;Totaal mannen en vrouwen;35 tot 40 jaar;Sector zorg en welzijn;K Financiële dienstverlening;2012/'13;8;0;0;4;4;3;5;0;0;2;1;0;0;2;3
4972;Totaal mannen en vrouwen;35 tot 40 jaar;Sector zorg en welzijn;K Financiële dienstverlening;2013/'14;5;0;0;2;3;1;4;0;0;1;0;0;0;1;3
4973;Totaal mannen en vrouwen;35 tot 40 jaar;Sector zorg en welzijn;K Financiële dienstverlening;2014/'15;3;0;0;0;3;1;2;0;0;0;1;0;0;0;2
4974;Totaal mannen en vrouwen;35 tot 40 jaar;Sector zorg en welzijn;K Financiële dienstverlening;2015/'16;1;0;0;0;1;0;1;0;0;0;0;0;0;0;1
4975;Totaal mannen en vrouwen;35 tot 40 jaar;Sector zorg en welzijn;K Financiële dienstverlening;2016/'17;3;0;0;2;1;0;3;0;0;0;0;0;0;2;1
4976;Totaal mannen en vrouwen;35 tot 40 jaar;Sector zorg en welzijn;K Financiële dienstverlening;2017/'18;7;0;0;4;3;0;7;0;0;0;0;0;0;4;3
4977;Totaal mannen en vrouwen;35 tot 40 jaar;Sector zorg en welzijn;K Financiële dienstverlening;2018/'19;6;0;0;2;4;0;6;0;0;0;0;0;0;2;4
4978;Totaal mannen en vrouwen;35 tot 40 jaar;Sector zorg en welzijn;K Financiële dienstverlening;2019/'20;14;0;0;3;11;0;14;0;0;0;0;0;0;3;11
4979;Totaal mannen en vrouwen;35 tot 40 jaar;Sector zorg en welzijn;K Financiële dienstverlening;2020/'21;5;0;0;1;4;0;5;0;0;0;0;0;0;1;4
4980;Totaal mannen en vrouwen;35 tot 40 jaar;Sector zorg en welzijn;L Verhuur en handel van onroerend goed;2009/'10;7;0;3;3;1;1;6;0;1;0;0;0;2;3;1
4981;Totaal mannen en vrouwen;35 tot 40 jaar;Sector zorg en welzijn;L Verhuur en handel van onroerend goed;2010/'11;11;1;0;4;6;1;10;0;0;0;1;1;0;4;5
4982;Totaal mannen en vrouwen;35 tot 40 jaar;Sector zorg en welzijn;L Verhuur en handel van onroerend goed;2011/'12;2;0;0;2;0;2;0;0;0;2;0;0;0;0;0
4983;Totaal mannen en vrouwen;35 tot 40 jaar;Sector zorg en welzijn;L Verhuur en handel van onroerend goed;2012/'13;2;0;0;2;0;1;1;0;0;1;0;0;0;1;0
4984;Totaal mannen en vrouwen;35 tot 40 jaar;Sector zorg en welzijn;L Verhuur en handel van onroerend goed;2013/'14;2;0;0;0;2;1;1;0;0;0;1;0;0;0;1
4985;Totaal mannen en vrouwen;35 tot 40 jaar;Sector zorg en welzijn;L Verhuur en handel van onroerend goed;2014/'15;1;0;0;0;1;0;1;0;0;0;0;0;0;0;1
4986;Totaal mannen en vrouwen;35 tot 40 jaar;Sector zorg en welzijn;L Verhuur en handel van onroerend goed;2015/'16;0;0;0;0;0;0;0;0;0;0;0;0;0;0;0
4987;Totaal mannen en vrouwen;35 tot 40 jaar;Sector zorg en welzijn;L Verhuur en handel van onroerend goed;2016/'17;0;0;0;0;0;0;0;0;0;0;0;0;0;0;0
4988;Totaal mannen en vrouwen;35 tot 40 jaar;Sector zorg en welzijn;L Verhuur en handel van onroerend goed;2017/'18;3;0;0;2;1;0;3;0;0;0;0;0;0;2;1
4989;Totaal mannen en vrouwen;35 tot 40 jaar;Sector zorg en welzijn;L Verhuur en handel van onroerend goed;2018/'19;3;0;0;2;1;1;2;0;0;0;1;0;0;2;0
4990;Totaal mannen en vrouwen;35 tot 40 jaar;Sector zorg en welzijn;L Verhuur en handel van onroerend goed;2019/'20;4;0;0;2;2;0;4;0;0;0;0;0;0;2;2
4991;Totaal mannen en vrouwen;35 tot 40 jaar;Sector zorg en welzijn;L Verhuur en handel van onroerend goed;2020/'21;2;0;0;0;2;0;2;0;0;0;0;0;0;0;2
4992;Totaal mannen en vrouwen;35 tot 40 jaar;Sector zorg en welzijn;M-N Zakelijke dienstverlening;2009/'10;179;5;59;68;47;55;124;3;27;14;11;2;32;54;36
4993;Totaal mannen en vrouwen;35 tot 40 jaar;Sector zorg en welzijn;M-N Zakelijke dienstverlening;2010/'11;123;12;36;33;42;37;86;5;17;4;11;7;19;29;31
4994;Totaal mannen en vrouwen;35 tot 40 jaar;Sector zorg en welzijn;M-N Zakelijke dienstverlening;2011/'12;115;8;43;49;15;29;86;3;15;5;6;5;28;44;9
4995;Totaal mannen en vrouwen;35 tot 40 jaar;Sector zorg en welzijn;M-N Zakelijke dienstverlening;2012/'13;81;3;28;35;15;20;61;0;13;6;1;3;15;29;14
4996;Totaal mannen en vrouwen;35 tot 40 jaar;Sector zorg en welzijn;M-N Zakelijke dienstverlening;2013/'14;36;0;8;14;14;6;30;0;4;0;2;0;4;14;12
4997;Totaal mannen en vrouwen;35 tot 40 jaar;Sector zorg en welzijn;M-N Zakelijke dienstverlening;2014/'15;19;1;5;6;7;4;15;0;4;0;0;1;1;6;7
4998;Totaal mannen en vrouwen;35 tot 40 jaar;Sector zorg en welzijn;M-N Zakelijke dienstverlening;2015/'16;18;0;1;8;9;2;16;0;1;0;1;0;0;8;8
4999;Totaal mannen en vrouwen;35 tot 40 jaar;Sector zorg en welzijn;M-N Zakelijke dienstverlening;2016/'17;50;0;4;33;13;2;48;0;1;1;0;0;3;32;13
5000;Totaal mannen en vrouwen;35 tot 40 jaar;Sector zorg en welzijn;M-N Zakelijke dienstverlening;2017/'18;86;0;13;48;25;5;81;0;2;3;0;0;11;45;25
5001;Totaal mannen en vrouwen;35 tot 40 jaar;Sector zorg en welzijn;M-N Zakelijke dienstverlening;2018/'19;114;0;19;57;38;4;110;0;0;3;1;0;19;54;37
5002;Totaal mannen en vrouwen;35 tot 40 jaar;Sector zorg en welzijn;M-N Zakelijke dienstverlening;2019/'20;146;0;19;70;57;6;140;0;2;4;0;0;17;66;57
5003;Totaal mannen en vrouwen;35 tot 40 jaar;Sector zorg en welzijn;M-N Zakelijke dienstverlening;2020/'21;120;0;36;46;38;6;114;0;5;1;0;0;31;45;38
5004;Totaal mannen en vrouwen;35 tot 40 jaar;Sector zorg en welzijn;O-Q Overheid en zorg;2009/'10;815;37;191;339;248;78;737;0;23;23;32;37;168;316;216
5005;Totaal mannen en vrouwen;35 tot 40 jaar;Sector zorg en welzijn;O-Q Overheid en zorg;2010/'11;630;22;111;227;270;47;583;0;6;11;30;22;105;216;240
5006;Totaal mannen en vrouwen;35 tot 40 jaar;Sector zorg en welzijn;O-Q Overheid en zorg;2011/'12;576;25;136;239;176;38;538;0;11;12;15;25;125;227;161
5007;Totaal mannen en vrouwen;35 tot 40 jaar;Sector zorg en welzijn;O-Q Overheid en zorg;2012/'13;482;7;123;217;135;28;454;0;7;11;10;7;116;206;125
5008;Totaal mannen en vrouwen;35 tot 40 jaar;Sector zorg en welzijn;O-Q Overheid en zorg;2013/'14;350;9;74;168;99;19;331;0;7;5;7;9;67;163;92
5009;Totaal mannen en vrouwen;35 tot 40 jaar;Sector zorg en welzijn;O-Q Overheid en zorg;2014/'15;208;1;26;119;62;2;206;0;1;0;1;1;25;119;61
5010;Totaal mannen en vrouwen;35 tot 40 jaar;Sector zorg en welzijn;O-Q Overheid en zorg;2015/'16;197;2;9;118;68;1;196;0;0;0;1;2;9;118;67
5011;Totaal mannen en vrouwen;35 tot 40 jaar;Sector zorg en welzijn;O-Q Overheid en zorg;2016/'17;446;0;29;227;190;5;441;0;1;3;1;0;28;224;189
5012;Totaal mannen en vrouwen;35 tot 40 jaar;Sector zorg en welzijn;O-Q Overheid en zorg;2017/'18;466;0;37;212;217;7;459;0;1;2;4;0;36;210;213
5013;Totaal mannen en vrouwen;35 tot 40 jaar;Sector zorg en welzijn;O-Q Overheid en zorg;2018/'19;476;0;45;172;259;5;471;0;1;1;3;0;44;171;256
5014;Totaal mannen en vrouwen;35 tot 40 jaar;Sector zorg en welzijn;O-Q Overheid en zorg;2019/'20;422;0;52;139;231;2;420;0;0;0;2;0;52;139;229
5015;Totaal mannen en vrouwen;35 tot 40 jaar;Sector zorg en welzijn;O-Q Overheid en zorg;2020/'21;407;0;62;145;200;1;406;0;0;0;1;0;62;145;199
5016;Totaal mannen en vrouwen;35 tot 40 jaar;Sector zorg en welzijn;R-U Cultuur, recreatie, overige diensten;2009/'10;42;0;12;13;17;13;29;0;5;4;4;0;7;9;13
5017;Totaal mannen en vrouwen;35 tot 40 jaar;Sector zorg en welzijn;R-U Cultuur, recreatie, overige diensten;2010/'11;32;1;9;12;10;12;20;0;2;4;6;1;7;8;4
5018;Totaal mannen en vrouwen;35 tot 40 jaar;Sector zorg en welzijn;R-U Cultuur, recreatie, overige diensten;2011/'12;35;0;11;14;10;10;25;0;4;3;3;0;7;11;7
5019;Totaal mannen en vrouwen;35 tot 40 jaar;Sector zorg en welzijn;R-U Cultuur, recreatie, overige diensten;2012/'13;25;3;6;5;11;2;23;0;1;0;1;3;5;5;10
5020;Totaal mannen en vrouwen;35 tot 40 jaar;Sector zorg en welzijn;R-U Cultuur, recreatie, overige diensten;2013/'14;10;1;4;2;3;1;9;0;0;0;1;1;4;2;2
5021;Totaal mannen en vrouwen;35 tot 40 jaar;Sector zorg en welzijn;R-U Cultuur, recreatie, overige diensten;2014/'15;10;1;1;5;3;2;8;0;0;2;0;1;1;3;3
5022;Totaal mannen en vrouwen;35 tot 40 jaar;Sector zorg en welzijn;R-U Cultuur, recreatie, overige diensten;2015/'16;8;0;2;2;4;0;8;0;0;0;0;0;2;2;4
5023;Totaal mannen en vrouwen;35 tot 40 jaar;Sector zorg en welzijn;R-U Cultuur, recreatie, overige diensten;2016/'17;12;0;1;7;4;1;11;0;0;0;1;0;1;7;3
5024;Totaal mannen en vrouwen;35 tot 40 jaar;Sector zorg en welzijn;R-U Cultuur, recreatie, overige diensten;2017/'18;34;0;4;19;11;1;33;0;1;0;0;0;3;19;11
5025;Totaal mannen en vrouwen;35 tot 40 jaar;Sector zorg en welzijn;R-U Cultuur, recreatie, overige diensten;2018/'19;67;0;6;34;27;2;65;0;0;1;1;0;6;33;26
5026;Totaal mannen en vrouwen;35 tot 40 jaar;Sector zorg en welzijn;R-U Cultuur, recreatie, overige diensten;2019/'20;53;0;3;28;22;1;52;0;1;0;0;0;2;28;22
5027;Totaal mannen en vrouwen;35 tot 40 jaar;Sector zorg en welzijn;R-U Cultuur, recreatie, overige diensten;2020/'21;57;0;9;26;22;1;56;0;0;0;1;0;9;26;21
5028;Totaal mannen en vrouwen;35 tot 40 jaar;Sector zorg en welzijn;SBI-code onbekend;2009/'10;41;1;18;10;12;28;13;1;18;2;7;0;0;8;5
5029;Totaal mannen en vrouwen;35 tot 40 jaar;Sector zorg en welzijn;SBI-code onbekend;2010/'11;32;1;5;13;13;11;21;0;3;2;6;1;2;11;7
5030;Totaal mannen en vrouwen;35 tot 40 jaar;Sector zorg en welzijn;SBI-code onbekend;2011/'12;29;0;2;17;10;7;22;0;0;3;4;0;2;14;6
5031;Totaal mannen en vrouwen;35 tot 40 jaar;Sector zorg en welzijn;SBI-code onbekend;2012/'13;34;0;8;10;16;10;24;0;4;1;5;0;4;9;11
5032;Totaal mannen en vrouwen;35 tot 40 jaar;Sector zorg en welzijn;SBI-code onbekend;2013/'14;16;1;3;8;4;1;15;0;0;0;1;1;3;8;3
5033;Totaal mannen en vrouwen;35 tot 40 jaar;Sector zorg en welzijn;SBI-code onbekend;2014/'15;5;0;1;3;1;0;5;0;0;0;0;0;1;3;1
5034;Totaal mannen en vrouwen;35 tot 40 jaar;Sector zorg en welzijn;SBI-code onbekend;2015/'16;2;0;0;0;2;0;2;0;0;0;0;0;0;0;2
5035;Totaal mannen en vrouwen;35 tot 40 jaar;Sector zorg en welzijn;SBI-code onbekend;2016/'17;4;0;0;2;2;0;4;0;0;0;0;0;0;2;2
5036;Totaal mannen en vrouwen;35 tot 40 jaar;Sector zorg en welzijn;SBI-code onbekend;2017/'18;5;0;0;4;1;0;5;0;0;0;0;0;0;4;1
5037;Totaal mannen en vrouwen;35 tot 40 jaar;Sector zorg en welzijn;SBI-code onbekend;2018/'19;7;0;0;6;1;0;7;0;0;0;0;0;0;6;1
5038;Totaal mannen en vrouwen;35 tot 40 jaar;Sector zorg en welzijn;SBI-code onbekend;2019/'20;5;0;0;4;1;0;5;0;0;0;0;0;0;4;1
5039;Totaal mannen en vrouwen;35 tot 40 jaar;Sector zorg en welzijn;SBI-code onbekend;2020/'21;3;0;1;0;2;0;3;0;0;0;0;0;1;0;2
5040;Totaal mannen en vrouwen;35 tot 40 jaar;Combinatie van sectoren;A-U Alle economische activiteiten;2009/'10;295;251;32;9;3;19;276;19;0;0;0;232;32;9;3
5041;Totaal mannen en vrouwen;35 tot 40 jaar;Combinatie van sectoren;A-U Alle economische activiteiten;2010/'11;251;239;10;1;1;17;234;17;0;0;0;222;10;1;1
5042;Totaal mannen en vrouwen;35 tot 40 jaar;Combinatie van sectoren;A-U Alle economische activiteiten;2011/'12;206;186;14;6;0;11;195;11;0;0;0;175;14;6;0
5043;Totaal mannen en vrouwen;35 tot 40 jaar;Combinatie van sectoren;A-U Alle economische activiteiten;2012/'13;150;149;1;0;0;10;140;10;0;0;0;139;1;0;0
5044;Totaal mannen en vrouwen;35 tot 40 jaar;Combinatie van sectoren;A-U Alle economische activiteiten;2013/'14;67;67;0;0;0;5;62;5;0;0;0;62;0;0;0
5045;Totaal mannen en vrouwen;35 tot 40 jaar;Combinatie van sectoren;A-U Alle economische activiteiten;2014/'15;37;37;0;0;0;1;36;1;0;0;0;36;0;0;0
5046;Totaal mannen en vrouwen;35 tot 40 jaar;Combinatie van sectoren;A-U Alle economische activiteiten;2015/'16;24;24;0;0;0;5;19;5;0;0;0;19;0;0;0
5047;Totaal mannen en vrouwen;35 tot 40 jaar;Combinatie van sectoren;A-U Alle economische activiteiten;2016/'17;65;65;0;0;0;5;60;5;0;0;0;60;0;0;0
5048;Totaal mannen en vrouwen;35 tot 40 jaar;Combinatie van sectoren;A-U Alle economische activiteiten;2017/'18;39;39;0;0;0;3;36;3;0;0;0;36;0;0;0
5049;Totaal mannen en vrouwen;35 tot 40 jaar;Combinatie van sectoren;A-U Alle economische activiteiten;2018/'19;69;67;2;0;0;6;63;6;0;0;0;61;2;0;0
5050;Totaal mannen en vrouwen;35 tot 40 jaar;Combinatie van sectoren;A-U Alle economische activiteiten;2019/'20;85;84;1;0;0;10;75;10;0;0;0;74;1;0;0
5051;Totaal mannen en vrouwen;35 tot 40 jaar;Combinatie van sectoren;A-U Alle economische activiteiten;2020/'21;77;75;2;0;0;10;67;10;0;0;0;65;2;0;0
5052;Totaal mannen en vrouwen;35 tot 40 jaar;Combinatie van sectoren;A Landbouw, bosbouw en visserij;2009/'10;1;1;0;0;0;0;1;0;0;0;0;1;0;0;0
5053;Totaal mannen en vrouwen;35 tot 40 jaar;Combinatie van sectoren;A Landbouw, bosbouw en visserij;2010/'11;0;0;0;0;0;0;0;0;0;0;0;0;0;0;0
5054;Totaal mannen en vrouwen;35 tot 40 jaar;Combinatie van sectoren;A Landbouw, bosbouw en visserij;2011/'12;0;0;0;0;0;0;0;0;0;0;0;0;0;0;0
5055;Totaal mannen en vrouwen;35 tot 40 jaar;Combinatie van sectoren;A Landbouw, bosbouw en visserij;2012/'13;0;0;0;0;0;0;0;0;0;0;0;0;0;0;0
5056;Totaal mannen en vrouwen;35 tot 40 jaar;Combinatie van sectoren;A Landbouw, bosbouw en visserij;2013/'14;0;0;0;0;0;0;0;0;0;0;0;0;0;0;0
5057;Totaal mannen en vrouwen;35 tot 40 jaar;Combinatie van sectoren;A Landbouw, bosbouw en visserij;2014/'15;0;0;0;0;0;0;0;0;0;0;0;0;0;0;0
5058;Totaal mannen en vrouwen;35 tot 40 jaar;Combinatie van sectoren;A Landbouw, bosbouw en visserij;2015/'16;0;0;0;0;0;0;0;0;0;0;0;0;0;0;0
5059;Totaal mannen en vrouwen;35 tot 40 jaar;Combinatie van sectoren;A Landbouw, bosbouw en visserij;2016/'17;0;0;0;0;0;0;0;0;0;0;0;0;0;0;0
5060;Totaal mannen en vrouwen;35 tot 40 jaar;Combinatie van sectoren;A Landbouw, bosbouw en visserij;2017/'18;0;0;0;0;0;0;0;0;0;0;0;0;0;0;0
5061;Totaal mannen en vrouwen;35 tot 40 jaar;Combinatie van sectoren;A Landbouw, bosbouw en visserij;2018/'19;1;1;0;0;0;0;1;0;0;0;0;1;0;0;0
5062;Totaal mannen en vrouwen;35 tot 40 jaar;Combinatie van sectoren;A Landbouw, bosbouw en visserij;2019/'20;0;0;0;0;0;0;0;0;0;0;0;0;0;0;0
5063;Totaal mannen en vrouwen;35 tot 40 jaar;Combinatie van sectoren;A Landbouw, bosbouw en visserij;2020/'21;0;0;0;0;0;0;0;0;0;0;0;0;0;0;0
5064;Totaal mannen en vrouwen;35 tot 40 jaar;Combinatie van sectoren;B-E Nijverheid (geen bouw) en energie;2009/'10;186;150;32;4;0;3;183;3;0;0;0;147;32;4;0
5065;Totaal mannen en vrouwen;35 tot 40 jaar;Combinatie van sectoren;B-E Nijverheid (geen bouw) en energie;2010/'11;165;163;1;0;1;1;164;1;0;0;0;162;1;0;1
5066;Totaal mannen en vrouwen;35 tot 40 jaar;Combinatie van sectoren;B-E Nijverheid (geen bouw) en energie;2011/'12;136;127;9;0;0;0;136;0;0;0;0;127;9;0;0
5067;Totaal mannen en vrouwen;35 tot 40 jaar;Combinatie van sectoren;B-E Nijverheid (geen bouw) en energie;2012/'13;74;74;0;0;0;0;74;0;0;0;0;74;0;0;0
5068;Totaal mannen en vrouwen;35 tot 40 jaar;Combinatie van sectoren;B-E Nijverheid (geen bouw) en energie;2013/'14;23;23;0;0;0;0;23;0;0;0;0;23;0;0;0
5069;Totaal mannen en vrouwen;35 tot 40 jaar;Combinatie van sectoren;B-E Nijverheid (geen bouw) en energie;2014/'15;10;10;0;0;0;0;10;0;0;0;0;10;0;0;0
5070;Totaal mannen en vrouwen;35 tot 40 jaar;Combinatie van sectoren;B-E Nijverheid (geen bouw) en energie;2015/'16;9;9;0;0;0;1;8;1;0;0;0;8;0;0;0
5071;Totaal mannen en vrouwen;35 tot 40 jaar;Combinatie van sectoren;B-E Nijverheid (geen bouw) en energie;2016/'17;30;30;0;0;0;0;30;0;0;0;0;30;0;0;0
5072;Totaal mannen en vrouwen;35 tot 40 jaar;Combinatie van sectoren;B-E Nijverheid (geen bouw) en energie;2017/'18;6;6;0;0;0;0;6;0;0;0;0;6;0;0;0
5073;Totaal mannen en vrouwen;35 tot 40 jaar;Combinatie van sectoren;B-E Nijverheid (geen bouw) en energie;2018/'19;7;7;0;0;0;0;7;0;0;0;0;7;0;0;0
5074;Totaal mannen en vrouwen;35 tot 40 jaar;Combinatie van sectoren;B-E Nijverheid (geen bouw) en energie;2019/'20;13;13;0;0;0;0;13;0;0;0;0;13;0;0;0
5075;Totaal mannen en vrouwen;35 tot 40 jaar;Combinatie van sectoren;B-E Nijverheid (geen bouw) en energie;2020/'21;10;10;0;0;0;1;9;1;0;0;0;9;0;0;0
5076;Totaal mannen en vrouwen;35 tot 40 jaar;Combinatie van sectoren;F Bouwnijverheid;2009/'10;2;2;0;0;0;0;2;0;0;0;0;2;0;0;0
5077;Totaal mannen en vrouwen;35 tot 40 jaar;Combinatie van sectoren;F Bouwnijverheid;2010/'11;0;0;0;0;0;0;0;0;0;0;0;0;0;0;0
5078;Totaal mannen en vrouwen;35 tot 40 jaar;Combinatie van sectoren;F Bouwnijverheid;2011/'12;4;4;0;0;0;1;3;1;0;0;0;3;0;0;0
5079;Totaal mannen en vrouwen;35 tot 40 jaar;Combinatie van sectoren;F Bouwnijverheid;2012/'13;0;0;0;0;0;0;0;0;0;0;0;0;0;0;0
5080;Totaal mannen en vrouwen;35 tot 40 jaar;Combinatie van sectoren;F Bouwnijverheid;2013/'14;0;0;0;0;0;0;0;0;0;0;0;0;0;0;0
5081;Totaal mannen en vrouwen;35 tot 40 jaar;Combinatie van sectoren;F Bouwnijverheid;2014/'15;1;1;0;0;0;0;1;0;0;0;0;1;0;0;0
5082;Totaal mannen en vrouwen;35 tot 40 jaar;Combinatie van sectoren;F Bouwnijverheid;2015/'16;0;0;0;0;0;0;0;0;0;0;0;0;0;0;0
5083;Totaal mannen en vrouwen;35 tot 40 jaar;Combinatie van sectoren;F Bouwnijverheid;2016/'17;0;0;0;0;0;0;0;0;0;0;0;0;0;0;0
5084;Totaal mannen en vrouwen;35 tot 40 jaar;Combinatie van sectoren;F Bouwnijverheid;2017/'18;0;0;0;0;0;0;0;0;0;0;0;0;0;0;0
5085;Totaal mannen en vrouwen;35 tot 40 jaar;Combinatie van sectoren;F Bouwnijverheid;2018/'19;0;0;0;0;0;0;0;0;0;0;0;0;0;0;0
5086;Totaal mannen en vrouwen;35 tot 40 jaar;Combinatie van sectoren;F Bouwnijverheid;2019/'20;0;0;0;0;0;0;0;0;0;0;0;0;0;0;0
5087;Totaal mannen en vrouwen;35 tot 40 jaar;Combinatie van sectoren;F Bouwnijverheid;2020/'21;3;3;0;0;0;0;3;0;0;0;0;3;0;0;0
5088;Totaal mannen en vrouwen;35 tot 40 jaar;Combinatie van sectoren;G-I Handel, vervoer en horeca;2009/'10;22;16;0;3;3;6;16;6;0;0;0;10;0;3;3
5089;Totaal mannen en vrouwen;35 tot 40 jaar;Combinatie van sectoren;G-I Handel, vervoer en horeca;2010/'11;19;13;5;1;0;6;13;6;0;0;0;7;5;1;0
5090;Totaal mannen en vrouwen;35 tot 40 jaar;Combinatie van sectoren;G-I Handel, vervoer en horeca;2011/'12;8;5;3;0;0;1;7;1;0;0;0;4;3;0;0
5091;Totaal mannen en vrouwen;35 tot 40 jaar;Combinatie van sectoren;G-I Handel, vervoer en horeca;2012/'13;8;7;1;0;0;1;7;1;0;0;0;6;1;0;0
5092;Totaal mannen en vrouwen;35 tot 40 jaar;Combinatie van sectoren;G-I Handel, vervoer en horeca;2013/'14;2;2;0;0;0;0;2;0;0;0;0;2;0;0;0
5093;Totaal mannen en vrouwen;35 tot 40 jaar;Combinatie van sectoren;G-I Handel, vervoer en horeca;2014/'15;1;1;0;0;0;0;1;0;0;0;0;1;0;0;0
5094;Totaal mannen en vrouwen;35 tot 40 jaar;Combinatie van sectoren;G-I Handel, vervoer en horeca;2015/'16;3;3;0;0;0;1;2;1;0;0;0;2;0;0;0
5095;Totaal mannen en vrouwen;35 tot 40 jaar;Combinatie van sectoren;G-I Handel, vervoer en horeca;2016/'17;5;5;0;0;0;3;2;3;0;0;0;2;0;0;0
5096;Totaal mannen en vrouwen;35 tot 40 jaar;Combinatie van sectoren;G-I Handel, vervoer en horeca;2017/'18;8;8;0;0;0;0;8;0;0;0;0;8;0;0;0
5097;Totaal mannen en vrouwen;35 tot 40 jaar;Combinatie van sectoren;G-I Handel, vervoer en horeca;2018/'19;9;9;0;0;0;3;6;3;0;0;0;6;0;0;0
5098;Totaal mannen en vrouwen;35 tot 40 jaar;Combinatie van sectoren;G-I Handel, vervoer en horeca;2019/'20;22;22;0;0;0;5;17;5;0;0;0;17;0;0;0
5099;Totaal mannen en vrouwen;35 tot 40 jaar;Combinatie van sectoren;G-I Handel, vervoer en horeca;2020/'21;17;17;0;0;0;3;14;3;0;0;0;14;0;0;0
5100;Totaal mannen en vrouwen;35 tot 40 jaar;Combinatie van sectoren;J Informatie en communicatie;2009/'10;0;0;0;0;0;0;0;0;0;0;0;0;0;0;0
5101;Totaal mannen en vrouwen;35 tot 40 jaar;Combinatie van sectoren;J Informatie en communicatie;2010/'11;0;0;0;0;0;0;0;0;0;0;0;0;0;0;0
5102;Totaal mannen en vrouwen;35 tot 40 jaar;Combinatie van sectoren;J Informatie en communicatie;2011/'12;2;0;0;2;0;0;2;0;0;0;0;0;0;2;0
5103;Totaal mannen en vrouwen;35 tot 40 jaar;Combinatie van sectoren;J Informatie en communicatie;2012/'13;0;0;0;0;0;0;0;0;0;0;0;0;0;0;0
5104;Totaal mannen en vrouwen;35 tot 40 jaar;Combinatie van sectoren;J Informatie en communicatie;2013/'14;0;0;0;0;0;0;0;0;0;0;0;0;0;0;0
5105;Totaal mannen en vrouwen;35 tot 40 jaar;Combinatie van sectoren;J Informatie en communicatie;2014/'15;0;0;0;0;0;0;0;0;0;0;0;0;0;0;0
5106;Totaal mannen en vrouwen;35 tot 40 jaar;Combinatie van sectoren;J Informatie en communicatie;2015/'16;0;0;0;0;0;0;0;0;0;0;0;0;0;0;0
5107;Totaal mannen en vrouwen;35 tot 40 jaar;Combinatie van sectoren;J Informatie en communicatie;2016/'17;0;0;0;0;0;0;0;0;0;0;0;0;0;0;0
5108;Totaal mannen en vrouwen;35 tot 40 jaar;Combinatie van sectoren;J Informatie en communicatie;2017/'18;1;1;0;0;0;0;1;0;0;0;0;1;0;0;0
5109;Totaal mannen en vrouwen;35 tot 40 jaar;Combinatie van sectoren;J Informatie en communicatie;2018/'19;1;1;0;0;0;0;1;0;0;0;0;1;0;0;0
5110;Totaal mannen en vrouwen;35 tot 40 jaar;Combinatie van sectoren;J Informatie en communicatie;2019/'20;0;0;0;0;0;0;0;0;0;0;0;0;0;0;0
5111;Totaal mannen en vrouwen;35 tot 40 jaar;Combinatie van sectoren;J Informatie en communicatie;2020/'21;1;0;1;0;0;0;1;0;0;0;0;0;1;0;0
5112;Totaal mannen en vrouwen;35 tot 40 jaar;Combinatie van sectoren;K Financiële dienstverlening;2009/'10;0;0;0;0;0;0;0;0;0;0;0;0;0;0;0
5113;Totaal mannen en vrouwen;35 tot 40 jaar;Combinatie van sectoren;K Financiële dienstverlening;2010/'11;8;8;0;0;0;0;8;0;0;0;0;8;0;0;0
5114;Totaal mannen en vrouwen;35 tot 40 jaar;Combinatie van sectoren;K Financiële dienstverlening;2011/'12;1;0;1;0;0;0;1;0;0;0;0;0;1;0;0
5115;Totaal mannen en vrouwen;35 tot 40 jaar;Combinatie van sectoren;K Financiële dienstverlening;2012/'13;0;0;0;0;0;0;0;0;0;0;0;0;0;0;0
5116;Totaal mannen en vrouwen;35 tot 40 jaar;Combinatie van sectoren;K Financiële dienstverlening;2013/'14;0;0;0;0;0;0;0;0;0;0;0;0;0;0;0
5117;Totaal mannen en vrouwen;35 tot 40 jaar;Combinatie van sectoren;K Financiële dienstverlening;2014/'15;0;0;0;0;0;0;0;0;0;0;0;0;0;0;0
5118;Totaal mannen en vrouwen;35 tot 40 jaar;Combinatie van sectoren;K Financiële dienstverlening;2015/'16;0;0;0;0;0;0;0;0;0;0;0;0;0;0;0
5119;Totaal mannen en vrouwen;35 tot 40 jaar;Combinatie van sectoren;K Financiële dienstverlening;2016/'17;0;0;0;0;0;0;0;0;0;0;0;0;0;0;0
5120;Totaal mannen en vrouwen;35 tot 40 jaar;Combinatie van sectoren;K Financiële dienstverlening;2017/'18;0;0;0;0;0;0;0;0;0;0;0;0;0;0;0
5121;Totaal mannen en vrouwen;35 tot 40 jaar;Combinatie van sectoren;K Financiële dienstverlening;2018/'19;0;0;0;0;0;0;0;0;0;0;0;0;0;0;0
5122;Totaal mannen en vrouwen;35 tot 40 jaar;Combinatie van sectoren;K Financiële dienstverlening;2019/'20;0;0;0;0;0;0;0;0;0;0;0;0;0;0;0
5123;Totaal mannen en vrouwen;35 tot 40 jaar;Combinatie van sectoren;K Financiële dienstverlening;2020/'21;0;0;0;0;0;0;0;0;0;0;0;0;0;0;0
5124;Totaal mannen en vrouwen;35 tot 40 jaar;Combinatie van sectoren;L Verhuur en handel van onroerend goed;2009/'10;2;2;0;0;0;0;2;0;0;0;0;2;0;0;0
5125;Totaal mannen en vrouwen;35 tot 40 jaar;Combinatie van sectoren;L Verhuur en handel van onroerend goed;2010/'11;0;0;0;0;0;0;0;0;0;0;0;0;0;0;0
5126;Totaal mannen en vrouwen;35 tot 40 jaar;Combinatie van sectoren;L Verhuur en handel van onroerend goed;2011/'12;0;0;0;0;0;0;0;0;0;0;0;0;0;0;0
5127;Totaal mannen en vrouwen;35 tot 40 jaar;Combinatie van sectoren;L Verhuur en handel van onroerend goed;2012/'13;0;0;0;0;0;0;0;0;0;0;0;0;0;0;0
5128;Totaal mannen en vrouwen;35 tot 40 jaar;Combinatie van sectoren;L Verhuur en handel van onroerend goed;2013/'14;0;0;0;0;0;0;0;0;0;0;0;0;0;0;0
5129;Totaal mannen en vrouwen;35 tot 40 jaar;Combinatie van sectoren;L Verhuur en handel van onroerend goed;2014/'15;0;0;0;0;0;0;0;0;0;0;0;0;0;0;0
5130;Totaal mannen en vrouwen;35 tot 40 jaar;Combinatie van sectoren;L Verhuur en handel van onroerend goed;2015/'16;0;0;0;0;0;0;0;0;0;0;0;0;0;0;0
5131;Totaal mannen en vrouwen;35 tot 40 jaar;Combinatie van sectoren;L Verhuur en handel van onroerend goed;2016/'17;0;0;0;0;0;0;0;0;0;0;0;0;0;0;0
5132;Totaal mannen en vrouwen;35 tot 40 jaar;Combinatie van sectoren;L Verhuur en handel van onroerend goed;2017/'18;0;0;0;0;0;0;0;0;0;0;0;0;0;0;0
5133;Totaal mannen en vrouwen;35 tot 40 jaar;Combinatie van sectoren;L Verhuur en handel van onroerend goed;2018/'19;0;0;0;0;0;0;0;0;0;0;0;0;0;0;0
5134;Totaal mannen en vrouwen;35 tot 40 jaar;Combinatie van sectoren;L Verhuur en handel van onroerend goed;2019/'20;0;0;0;0;0;0;0;0;0;0;0;0;0;0;0
5135;Totaal mannen en vrouwen;35 tot 40 jaar;Combinatie van sectoren;L Verhuur en handel van onroerend goed;2020/'21;0;0;0;0;0;0;0;0;0;0;0;0;0;0;0
5136;Totaal mannen en vrouwen;35 tot 40 jaar;Combinatie van sectoren;M-N Zakelijke dienstverlening;2009/'10;41;41;0;0;0;9;32;9;0;0;0;32;0;0;0
5137;Totaal mannen en vrouwen;35 tot 40 jaar;Combinatie van sectoren;M-N Zakelijke dienstverlening;2010/'11;33;29;4;0;0;9;24;9;0;0;0;20;4;0;0
5138;Totaal mannen en vrouwen;35 tot 40 jaar;Combinatie van sectoren;M-N Zakelijke dienstverlening;2011/'12;34;30;1;3;0;5;29;5;0;0;0;25;1;3;0
5139;Totaal mannen en vrouwen;35 tot 40 jaar;Combinatie van sectoren;M-N Zakelijke dienstverlening;2012/'13;44;44;0;0;0;4;40;4;0;0;0;40;0;0;0
5140;Totaal mannen en vrouwen;35 tot 40 jaar;Combinatie van sectoren;M-N Zakelijke dienstverlening;2013/'14;16;16;0;0;0;2;14;2;0;0;0;14;0;0;0
5141;Totaal mannen en vrouwen;35 tot 40 jaar;Combinatie van sectoren;M-N Zakelijke dienstverlening;2014/'15;13;13;0;0;0;0;13;0;0;0;0;13;0;0;0
5142;Totaal mannen en vrouwen;35 tot 40 jaar;Combinatie van sectoren;M-N Zakelijke dienstverlening;2015/'16;5;5;0;0;0;1;4;1;0;0;0;4;0;0;0
5143;Totaal mannen en vrouwen;35 tot 40 jaar;Combinatie van sectoren;M-N Zakelijke dienstverlening;2016/'17;18;18;0;0;0;2;16;2;0;0;0;16;0;0;0
5144;Totaal mannen en vrouwen;35 tot 40 jaar;Combinatie van sectoren;M-N Zakelijke dienstverlening;2017/'18;13;13;0;0;0;3;10;3;0;0;0;10;0;0;0
5145;Totaal mannen en vrouwen;35 tot 40 jaar;Combinatie van sectoren;M-N Zakelijke dienstverlening;2018/'19;38;38;0;0;0;2;36;2;0;0;0;36;0;0;0
5146;Totaal mannen en vrouwen;35 tot 40 jaar;Combinatie van sectoren;M-N Zakelijke dienstverlening;2019/'20;34;34;0;0;0;4;30;4;0;0;0;30;0;0;0
5147;Totaal mannen en vrouwen;35 tot 40 jaar;Combinatie van sectoren;M-N Zakelijke dienstverlening;2020/'21;35;35;0;0;0;4;31;4;0;0;0;31;0;0;0
5148;Totaal mannen en vrouwen;35 tot 40 jaar;Combinatie van sectoren;O-Q Overheid en zorg;2009/'10;35;33;0;2;0;1;34;1;0;0;0;32;0;2;0
5149;Totaal mannen en vrouwen;35 tot 40 jaar;Combinatie van sectoren;O-Q Overheid en zorg;2010/'11;22;22;0;0;0;1;21;1;0;0;0;21;0;0;0
5150;Totaal mannen en vrouwen;35 tot 40 jaar;Combinatie van sectoren;O-Q Overheid en zorg;2011/'12;20;19;0;1;0;4;16;4;0;0;0;15;0;1;0
5151;Totaal mannen en vrouwen;35 tot 40 jaar;Combinatie van sectoren;O-Q Overheid en zorg;2012/'13;20;20;0;0;0;3;17;3;0;0;0;17;0;0;0
5152;Totaal mannen en vrouwen;35 tot 40 jaar;Combinatie van sectoren;O-Q Overheid en zorg;2013/'14;25;25;0;0;0;3;22;3;0;0;0;22;0;0;0
5153;Totaal mannen en vrouwen;35 tot 40 jaar;Combinatie van sectoren;O-Q Overheid en zorg;2014/'15;12;12;0;0;0;1;11;1;0;0;0;11;0;0;0
5154;Totaal mannen en vrouwen;35 tot 40 jaar;Combinatie van sectoren;O-Q Overheid en zorg;2015/'16;4;4;0;0;0;0;4;0;0;0;0;4;0;0;0
5155;Totaal mannen en vrouwen;35 tot 40 jaar;Combinatie van sectoren;O-Q Overheid en zorg;2016/'17;9;9;0;0;0;0;9;0;0;0;0;9;0;0;0
5156;Totaal mannen en vrouwen;35 tot 40 jaar;Combinatie van sectoren;O-Q Overheid en zorg;2017/'18;10;10;0;0;0;0;10;0;0;0;0;10;0;0;0
5157;Totaal mannen en vrouwen;35 tot 40 jaar;Combinatie van sectoren;O-Q Overheid en zorg;2018/'19;11;9;2;0;0;0;11;0;0;0;0;9;2;0;0
5158;Totaal mannen en vrouwen;35 tot 40 jaar;Combinatie van sectoren;O-Q Overheid en zorg;2019/'20;10;9;1;0;0;1;9;1;0;0;0;8;1;0;0
5159;Totaal mannen en vrouwen;35 tot 40 jaar;Combinatie van sectoren;O-Q Overheid en zorg;2020/'21;9;8;1;0;0;1;8;1;0;0;0;7;1;0;0
5160;Totaal mannen en vrouwen;35 tot 40 jaar;Combinatie van sectoren;R-U Cultuur, recreatie, overige diensten;2009/'10;4;4;0;0;0;0;4;0;0;0;0;4;0;0;0
5161;Totaal mannen en vrouwen;35 tot 40 jaar;Combinatie van sectoren;R-U Cultuur, recreatie, overige diensten;2010/'11;2;2;0;0;0;0;2;0;0;0;0;2;0;0;0
5162;Totaal mannen en vrouwen;35 tot 40 jaar;Combinatie van sectoren;R-U Cultuur, recreatie, overige diensten;2011/'12;1;1;0;0;0;0;1;0;0;0;0;1;0;0;0
5163;Totaal mannen en vrouwen;35 tot 40 jaar;Combinatie van sectoren;R-U Cultuur, recreatie, overige diensten;2012/'13;1;1;0;0;0;0;1;0;0;0;0;1;0;0;0
5164;Totaal mannen en vrouwen;35 tot 40 jaar;Combinatie van sectoren;R-U Cultuur, recreatie, overige diensten;2013/'14;0;0;0;0;0;0;0;0;0;0;0;0;0;0;0
5165;Totaal mannen en vrouwen;35 tot 40 jaar;Combinatie van sectoren;R-U Cultuur, recreatie, overige diensten;2014/'15;0;0;0;0;0;0;0;0;0;0;0;0;0;0;0
5166;Totaal mannen en vrouwen;35 tot 40 jaar;Combinatie van sectoren;R-U Cultuur, recreatie, overige diensten;2015/'16;3;3;0;0;0;2;1;2;0;0;0;1;0;0;0
5167;Totaal mannen en vrouwen;35 tot 40 jaar;Combinatie van sectoren;R-U Cultuur, recreatie, overige diensten;2016/'17;2;2;0;0;0;0;2;0;0;0;0;2;0;0;0
5168;Totaal mannen en vrouwen;35 tot 40 jaar;Combinatie van sectoren;R-U Cultuur, recreatie, overige diensten;2017/'18;1;1;0;0;0;0;1;0;0;0;0;1;0;0;0
5169;Totaal mannen en vrouwen;35 tot 40 jaar;Combinatie van sectoren;R-U Cultuur, recreatie, overige diensten;2018/'19;1;1;0;0;0;1;0;1;0;0;0;0;0;0;0
5170;Totaal mannen en vrouwen;35 tot 40 jaar;Combinatie van sectoren;R-U Cultuur, recreatie, overige diensten;2019/'20;4;4;0;0;0;0;4;0;0;0;0;4;0;0;0
5171;Totaal mannen en vrouwen;35 tot 40 jaar;Combinatie van sectoren;R-U Cultuur, recreatie, overige diensten;2020/'21;2;2;0;0;0;1;1;1;0;0;0;1;0;0;0
5172;Totaal mannen en vrouwen;35 tot 40 jaar;Combinatie van sectoren;SBI-code onbekend;2009/'10;2;2;0;0;0;0;2;0;0;0;0;2;0;0;0
5173;Totaal mannen en vrouwen;35 tot 40 jaar;Combinatie van sectoren;SBI-code onbekend;2010/'11;2;2;0;0;0;0;2;0;0;0;0;2;0;0;0
5174;Totaal mannen en vrouwen;35 tot 40 jaar;Combinatie van sectoren;SBI-code onbekend;2011/'12;0;0;0;0;0;0;0;0;0;0;0;0;0;0;0
5175;Totaal mannen en vrouwen;35 tot 40 jaar;Combinatie van sectoren;SBI-code onbekend;2012/'13;3;3;0;0;0;2;1;2;0;0;0;1;0;0;0
5176;Totaal mannen en vrouwen;35 tot 40 jaar;Combinatie van sectoren;SBI-code onbekend;2013/'14;1;1;0;0;0;0;1;0;0;0;0;1;0;0;0
5177;Totaal mannen en vrouwen;35 tot 40 jaar;Combinatie van sectoren;SBI-code onbekend;2014/'15;0;0;0;0;0;0;0;0;0;0;0;0;0;0;0
5178;Totaal mannen en vrouwen;35 tot 40 jaar;Combinatie van sectoren;SBI-code onbekend;2015/'16;0;0;0;0;0;0;0;0;0;0;0;0;0;0;0
5179;Totaal mannen en vrouwen;35 tot 40 jaar;Combinatie van sectoren;SBI-code onbekend;2016/'17;1;1;0;0;0;0;1;0;0;0;0;1;0;0;0
5180;Totaal mannen en vrouwen;35 tot 40 jaar;Combinatie van sectoren;SBI-code onbekend;2017/'18;0;0;0;0;0;0;0;0;0;0;0;0;0;0;0
5181;Totaal mannen en vrouwen;35 tot 40 jaar;Combinatie van sectoren;SBI-code onbekend;2018/'19;1;1;0;0;0;0;1;0;0;0;0;1;0;0;0
5182;Totaal mannen en vrouwen;35 tot 40 jaar;Combinatie van sectoren;SBI-code onbekend;2019/'20;2;2;0;0;0;0;2;0;0;0;0;2;0;0;0
5183;Totaal mannen en vrouwen;35 tot 40 jaar;Combinatie van sectoren;SBI-code onbekend;2020/'21;0;0;0;0;0;0;0;0;0;0;0;0;0;0;0
5184;Totaal mannen en vrouwen;40 tot 45 jaar;Totaal;A-U Alle economische activiteiten;2009/'10;5939;1084;2343;1420;1092;382;5557;20;143;105;114;1064;2200;1315;978
5185;Totaal mannen en vrouwen;40 tot 45 jaar;Totaal;A-U Alle economische activiteiten;2010/'11;4283;942;1474;1103;764;277;4006;17;78;58;124;925;1396;1045;640
5186;Totaal mannen en vrouwen;40 tot 45 jaar;Totaal;A-U Alle economische activiteiten;2011/'12;3730;711;1540;920;559;234;3496;14;85;53;82;697;1455;867;477
5187;Totaal mannen en vrouwen;40 tot 45 jaar;Totaal;A-U Alle economische activiteiten;2012/'13;3348;673;1255;914;506;115;3233;6;42;21;46;667;1213;893;460
5188;Totaal mannen en vrouwen;40 tot 45 jaar;Totaal;A-U Alle economische activiteiten;2013/'14;1366;174;444;458;290;56;1310;6;19;12;19;168;425;446;271
5189;Totaal mannen en vrouwen;40 tot 45 jaar;Totaal;A-U Alle economische activiteiten;2014/'15;888;104;236;322;226;12;876;3;2;5;2;101;234;317;224
5190;Totaal mannen en vrouwen;40 tot 45 jaar;Totaal;A-U Alle economische activiteiten;2015/'16;941;101;280;377;183;10;931;1;3;4;2;100;277;373;181
5191;Totaal mannen en vrouwen;40 tot 45 jaar;Totaal;A-U Alle economische activiteiten;2016/'17;1474;68;330;600;476;19;1455;1;4;9;5;67;326;591;471
5192;Totaal mannen en vrouwen;40 tot 45 jaar;Totaal;A-U Alle economische activiteiten;2017/'18;1425;47;259;665;454;29;1396;3;2;14;10;44;257;651;444
5193;Totaal mannen en vrouwen;40 tot 45 jaar;Totaal;A-U Alle economische activiteiten;2018/'19;1752;55;405;719;573;22;1730;6;6;7;3;49;399;712;570
5194;Totaal mannen en vrouwen;40 tot 45 jaar;Totaal;A-U Alle economische activiteiten;2019/'20;1649;79;363;622;585;18;1631;2;5;7;4;77;358;615;581
5195;Totaal mannen en vrouwen;40 tot 45 jaar;Totaal;A-U Alle economische activiteiten;2020/'21;1593;88;330;624;551;34;1559;6;6;11;11;82;324;613;540
5196;Totaal mannen en vrouwen;40 tot 45 jaar;Totaal;A Landbouw, bosbouw en visserij;2009/'10;21;2;10;6;3;2;19;1;1;0;0;1;9;6;3
5197;Totaal mannen en vrouwen;40 tot 45 jaar;Totaal;A Landbouw, bosbouw en visserij;2010/'11;20;4;8;8;0;3;17;1;1;1;0;3;7;7;0
5198;Totaal mannen en vrouwen;40 tot 45 jaar;Totaal;A Landbouw, bosbouw en visserij;2011/'12;15;2;6;4;3;5;10;0;0;4;1;2;6;0;2
5199;Totaal mannen en vrouwen;40 tot 45 jaar;Totaal;A Landbouw, bosbouw en visserij;2012/'13;21;6;5;8;2;3;18;0;1;1;1;6;4;7;1
5200;Totaal mannen en vrouwen;40 tot 45 jaar;Totaal;A Landbouw, bosbouw en visserij;2013/'14;3;2;0;1;0;0;3;0;0;0;0;2;0;1;0
5201;Totaal mannen en vrouwen;40 tot 45 jaar;Totaal;A Landbouw, bosbouw en visserij;2014/'15;5;0;3;1;1;0;5;0;0;0;0;0;3;1;1
5202;Totaal mannen en vrouwen;40 tot 45 jaar;Totaal;A Landbouw, bosbouw en visserij;2015/'16;5;1;1;3;0;0;5;0;0;0;0;1;1;3;0
5203;Totaal mannen en vrouwen;40 tot 45 jaar;Totaal;A Landbouw, bosbouw en visserij;2016/'17;6;0;0;5;1;0;6;0;0;0;0;0;0;5;1
5204;Totaal mannen en vrouwen;40 tot 45 jaar;Totaal;A Landbouw, bosbouw en visserij;2017/'18;5;0;0;5;0;1;4;0;0;1;0;0;0;4;0
5205;Totaal mannen en vrouwen;40 tot 45 jaar;Totaal;A Landbouw, bosbouw en visserij;2018/'19;13;0;3;9;1;0;13;0;0;0;0;0;3;9;1
5206;Totaal mannen en vrouwen;40 tot 45 jaar;Totaal;A Landbouw, bosbouw en visserij;2019/'20;13;1;3;6;3;0;13;0;0;0;0;1;3;6;3
5207;Totaal mannen en vrouwen;40 tot 45 jaar;Totaal;A Landbouw, bosbouw en visserij;2020/'21;19;2;7;6;4;0;19;0;0;0;0;2;7;6;4
5208;Totaal mannen en vrouwen;40 tot 45 jaar;Totaal;B-E Nijverheid (geen bouw) en energie;2009/'10;1326;707;329;189;101;34;1292;0;14;11;9;707;315;178;92
5209;Totaal mannen en vrouwen;40 tot 45 jaar;Totaal;B-E Nijverheid (geen bouw) en energie;2010/'11;1120;657;276;133;54;26;1094;2;8;5;11;655;268;128;43
5210;Totaal mannen en vrouwen;40 tot 45 jaar;Totaal;B-E Nijverheid (geen bouw) en energie;2011/'12;736;404;202;96;34;10;726;2;2;2;4;402;200;94;30
5211;Totaal mannen en vrouwen;40 tot 45 jaar;Totaal;B-E Nijverheid (geen bouw) en energie;2012/'13;703;344;230;108;21;10;693;0;3;5;2;344;227;103;19
5212;Totaal mannen en vrouwen;40 tot 45 jaar;Totaal;B-E Nijverheid (geen bouw) en energie;2013/'14;254;79;87;62;26;3;251;0;2;1;0;79;85;61;26
5213;Totaal mannen en vrouwen;40 tot 45 jaar;Totaal;B-E Nijverheid (geen bouw) en energie;2014/'15;138;47;45;30;16;1;137;0;0;1;0;47;45;29;16
5214;Totaal mannen en vrouwen;40 tot 45 jaar;Totaal;B-E Nijverheid (geen bouw) en energie;2015/'16;196;44;80;52;20;1;195;0;0;0;1;44;80;52;19
5215;Totaal mannen en vrouwen;40 tot 45 jaar;Totaal;B-E Nijverheid (geen bouw) en energie;2016/'17;189;42;71;49;27;2;187;0;0;1;1;42;71;48;26
5216;Totaal mannen en vrouwen;40 tot 45 jaar;Totaal;B-E Nijverheid (geen bouw) en energie;2017/'18;130;7;39;54;30;1;129;0;0;1;0;7;39;53;30
5217;Totaal mannen en vrouwen;40 tot 45 jaar;Totaal;B-E Nijverheid (geen bouw) en energie;2018/'19;134;10;46;59;19;2;132;0;2;0;0;10;44;59;19
5218;Totaal mannen en vrouwen;40 tot 45 jaar;Totaal;B-E Nijverheid (geen bouw) en energie;2019/'20;137;14;29;61;33;1;136;0;0;1;0;14;29;60;33
5219;Totaal mannen en vrouwen;40 tot 45 jaar;Totaal;B-E Nijverheid (geen bouw) en energie;2020/'21;119;5;32;50;32;1;118;0;1;0;0;5;31;50;32
5220;Totaal mannen en vrouwen;40 tot 45 jaar;Totaal;F Bouwnijverheid;2009/'10;282;1;96;91;94;6;276;0;0;5;1;1;96;86;93
5221;Totaal mannen en vrouwen;40 tot 45 jaar;Totaal;F Bouwnijverheid;2010/'11;138;6;67;39;26;9;129;1;2;1;5;5;65;38;21
5222;Totaal mannen en vrouwen;40 tot 45 jaar;Totaal;F Bouwnijverheid;2011/'12;116;6;46;41;23;5;111;0;3;1;1;6;43;40;22
5223;Totaal mannen en vrouwen;40 tot 45 jaar;Totaal;F Bouwnijverheid;2012/'13;108;1;43;34;30;3;105;0;0;1;2;1;43;33;28
5224;Totaal mannen en vrouwen;40 tot 45 jaar;Totaal;F Bouwnijverheid;2013/'14;49;0;23;11;15;3;46;0;0;0;3;0;23;11;12
5225;Totaal mannen en vrouwen;40 tot 45 jaar;Totaal;F Bouwnijverheid;2014/'15;28;0;9;11;8;1;27;0;0;1;0;0;9;10;8
5226;Totaal mannen en vrouwen;40 tot 45 jaar;Totaal;F Bouwnijverheid;2015/'16;27;3;8;11;5;1;26;0;1;0;0;3;7;11;5
5227;Totaal mannen en vrouwen;40 tot 45 jaar;Totaal;F Bouwnijverheid;2016/'17;50;0;13;23;14;1;49;0;0;0;1;0;13;23;13
5228;Totaal mannen en vrouwen;40 tot 45 jaar;Totaal;F Bouwnijverheid;2017/'18;45;0;8;24;13;1;44;0;1;0;0;0;7;24;13
5229;Totaal mannen en vrouwen;40 tot 45 jaar;Totaal;F Bouwnijverheid;2018/'19;53;0;18;20;15;1;52;0;1;0;0;0;17;20;15
5230;Totaal mannen en vrouwen;40 tot 45 jaar;Totaal;F Bouwnijverheid;2019/'20;67;0;23;26;18;1;66;0;1;0;0;0;22;26;18
5231;Totaal mannen en vrouwen;40 tot 45 jaar;Totaal;F Bouwnijverheid;2020/'21;41;1;19;14;7;0;41;0;0;0;0;1;19;14;7
5232;Totaal mannen en vrouwen;40 tot 45 jaar;Totaal;G-I Handel, vervoer en horeca;2009/'10;1633;105;1097;275;156;87;1546;9;35;20;23;96;1062;255;133
5233;Totaal mannen en vrouwen;40 tot 45 jaar;Totaal;G-I Handel, vervoer en horeca;2010/'11;937;71;550;185;131;47;890;1;15;10;21;70;535;175;110
5234;Totaal mannen en vrouwen;40 tot 45 jaar;Totaal;G-I Handel, vervoer en horeca;2011/'12;958;55;634;176;93;54;904;1;22;13;18;54;612;163;75
5235;Totaal mannen en vrouwen;40 tot 45 jaar;Totaal;G-I Handel, vervoer en horeca;2012/'13;805;85;469;164;87;12;793;1;5;1;5;84;464;163;82
5236;Totaal mannen en vrouwen;40 tot 45 jaar;Totaal;G-I Handel, vervoer en horeca;2013/'14;189;12;82;59;36;13;176;1;5;6;1;11;77;53;35
5237;Totaal mannen en vrouwen;40 tot 45 jaar;Totaal;G-I Handel, vervoer en horeca;2014/'15;140;6;43;51;40;0;140;0;0;0;0;6;43;51;40
5238;Totaal mannen en vrouwen;40 tot 45 jaar;Totaal;G-I Handel, vervoer en horeca;2015/'16;142;7;47;51;37;1;141;0;0;1;0;7;47;50;37
5239;Totaal mannen en vrouwen;40 tot 45 jaar;Totaal;G-I Handel, vervoer en horeca;2016/'17;200;3;58;75;64;4;196;0;1;3;0;3;57;72;64
5240;Totaal mannen en vrouwen;40 tot 45 jaar;Totaal;G-I Handel, vervoer en horeca;2017/'18;248;5;43;139;61;8;240;2;0;4;2;3;43;135;59
5241;Totaal mannen en vrouwen;40 tot 45 jaar;Totaal;G-I Handel, vervoer en horeca;2018/'19;389;11;85;187;106;7;382;3;1;2;1;8;84;185;105
5242;Totaal mannen en vrouwen;40 tot 45 jaar;Totaal;G-I Handel, vervoer en horeca;2019/'20;380;11;90;162;117;5;375;0;1;3;1;11;89;159;116
5243;Totaal mannen en vrouwen;40 tot 45 jaar;Totaal;G-I Handel, vervoer en horeca;2020/'21;376;7;70;180;119;10;366;1;1;3;5;6;69;177;114
5244;Totaal mannen en vrouwen;40 tot 45 jaar;Totaal;J Informatie en communicatie;2009/'10;28;2;7;10;9;4;24;0;3;1;0;2;4;9;9
5245;Totaal mannen en vrouwen;40 tot 45 jaar;Totaal;J Informatie en communicatie;2010/'11;21;0;7;8;6;1;20;0;1;0;0;0;6;8;6
5246;Totaal mannen en vrouwen;40 tot 45 jaar;Totaal;J Informatie en communicatie;2011/'12;22;1;6;10;5;5;17;0;3;1;1;1;3;9;4
5247;Totaal mannen en vrouwen;40 tot 45 jaar;Totaal;J Informatie en communicatie;2012/'13;17;0;4;8;5;4;13;0;1;0;3;0;3;8;2
5248;Totaal mannen en vrouwen;40 tot 45 jaar;Totaal;J Informatie en communicatie;2013/'14;5;0;1;1;3;0;5;0;0;0;0;0;1;1;3
5249;Totaal mannen en vrouwen;40 tot 45 jaar;Totaal;J Informatie en communicatie;2014/'15;4;0;0;1;3;0;4;0;0;0;0;0;0;1;3
5250;Totaal mannen en vrouwen;40 tot 45 jaar;Totaal;J Informatie en communicatie;2015/'16;2;0;1;0;1;0;2;0;0;0;0;0;1;0;1
5251;Totaal mannen en vrouwen;40 tot 45 jaar;Totaal;J Informatie en communicatie;2016/'17;7;0;4;2;1;0;7;0;0;0;0;0;4;2;1
5252;Totaal mannen en vrouwen;40 tot 45 jaar;Totaal;J Informatie en communicatie;2017/'18;8;0;1;3;4;1;7;0;0;0;1;0;1;3;3
5253;Totaal mannen en vrouwen;40 tot 45 jaar;Totaal;J Informatie en communicatie;2018/'19;12;0;1;10;1;1;11;0;0;1;0;0;1;9;1
5254;Totaal mannen en vrouwen;40 tot 45 jaar;Totaal;J Informatie en communicatie;2019/'20;10;1;2;3;4;1;9;1;0;0;0;0;2;3;4
5255;Totaal mannen en vrouwen;40 tot 45 jaar;Totaal;J Informatie en communicatie;2020/'21;15;0;0;6;9;0;15;0;0;0;0;0;0;6;9
5256;Totaal mannen en vrouwen;40 tot 45 jaar;Totaal;K Financiële dienstverlening;2009/'10;154;4;9;6;135;6;148;0;1;0;5;4;8;6;130
5257;Totaal mannen en vrouwen;40 tot 45 jaar;Totaal;K Financiële dienstverlening;2010/'11;64;10;6;7;41;9;55;0;2;0;7;10;4;7;34
5258;Totaal mannen en vrouwen;40 tot 45 jaar;Totaal;K Financiële dienstverlening;2011/'12;58;0;8;14;36;8;50;0;0;1;7;0;8;13;29
5259;Totaal mannen en vrouwen;40 tot 45 jaar;Totaal;K Financiële dienstverlening;2012/'13;36;0;0;6;30;1;35;0;0;0;1;0;0;6;29
5260;Totaal mannen en vrouwen;40 tot 45 jaar;Totaal;K Financiële dienstverlening;2013/'14;15;0;3;3;9;5;10;0;2;0;3;0;1;3;6
5261;Totaal mannen en vrouwen;40 tot 45 jaar;Totaal;K Financiële dienstverlening;2014/'15;7;1;2;3;1;1;6;0;0;0;1;1;2;3;0
5262;Totaal mannen en vrouwen;40 tot 45 jaar;Totaal;K Financiële dienstverlening;2015/'16;3;0;3;0;0;0;3;0;0;0;0;0;3;0;0
5263;Totaal mannen en vrouwen;40 tot 45 jaar;Totaal;K Financiële dienstverlening;2016/'17;7;0;1;3;3;0;7;0;0;0;0;0;1;3;3
5264;Totaal mannen en vrouwen;40 tot 45 jaar;Totaal;K Financiële dienstverlening;2017/'18;21;0;1;9;11;1;20;0;0;1;0;0;1;8;11
5265;Totaal mannen en vrouwen;40 tot 45 jaar;Totaal;K Financiële dienstverlening;2018/'19;19;0;3;5;11;0;19;0;0;0;0;0;3;5;11
5266;Totaal mannen en vrouwen;40 tot 45 jaar;Totaal;K Financiële dienstverlening;2019/'20;24;0;1;6;17;2;22;0;0;0;2;0;1;6;15
5267;Totaal mannen en vrouwen;40 tot 45 jaar;Totaal;K Financiële dienstverlening;2020/'21;5;0;0;1;4;0;5;0;0;0;0;0;0;1;4
5268;Totaal mannen en vrouwen;40 tot 45 jaar;Totaal;L Verhuur en handel van onroerend goed;2009/'10;32;5;13;10;4;3;29;0;0;3;0;5;13;7;4
5269;Totaal mannen en vrouwen;40 tot 45 jaar;Totaal;L Verhuur en handel van onroerend goed;2010/'11;16;1;2;11;2;0;16;0;0;0;0;1;2;11;2
5270;Totaal mannen en vrouwen;40 tot 45 jaar;Totaal;L Verhuur en handel van onroerend goed;2011/'12;15;1;11;2;1;0;15;0;0;0;0;1;11;2;1
5271;Totaal mannen en vrouwen;40 tot 45 jaar;Totaal;L Verhuur en handel van onroerend goed;2012/'13;11;0;8;3;0;1;10;0;1;0;0;0;7;3;0
5272;Totaal mannen en vrouwen;40 tot 45 jaar;Totaal;L Verhuur en handel van onroerend goed;2013/'14;4;0;3;1;0;0;4;0;0;0;0;0;3;1;0
5273;Totaal mannen en vrouwen;40 tot 45 jaar;Totaal;L Verhuur en handel van onroerend goed;2014/'15;7;0;4;2;1;0;7;0;0;0;0;0;4;2;1
5274;Totaal mannen en vrouwen;40 tot 45 jaar;Totaal;L Verhuur en handel van onroerend goed;2015/'16;3;0;3;0;0;0;3;0;0;0;0;0;3;0;0
5275;Totaal mannen en vrouwen;40 tot 45 jaar;Totaal;L Verhuur en handel van onroerend goed;2016/'17;11;1;4;5;1;0;11;0;0;0;0;1;4;5;1
5276;Totaal mannen en vrouwen;40 tot 45 jaar;Totaal;L Verhuur en handel van onroerend goed;2017/'18;5;0;1;3;1;0;5;0;0;0;0;0;1;3;1
5277;Totaal mannen en vrouwen;40 tot 45 jaar;Totaal;L Verhuur en handel van onroerend goed;2018/'19;8;0;3;5;0;0;8;0;0;0;0;0;3;5;0
5278;Totaal mannen en vrouwen;40 tot 45 jaar;Totaal;L Verhuur en handel van onroerend goed;2019/'20;7;0;0;2;5;0;7;0;0;0;0;0;0;2;5
5279;Totaal mannen en vrouwen;40 tot 45 jaar;Totaal;L Verhuur en handel van onroerend goed;2020/'21;2;0;0;1;1;0;2;0;0;0;0;0;0;1;1
5280;Totaal mannen en vrouwen;40 tot 45 jaar;Totaal;M-N Zakelijke dienstverlening;2009/'10;738;122;262;195;159;79;659;7;31;19;22;115;231;176;137
5281;Totaal mannen en vrouwen;40 tot 45 jaar;Totaal;M-N Zakelijke dienstverlening;2010/'11;589;94;172;252;71;53;536;7;17;10;19;87;155;242;52
5282;Totaal mannen en vrouwen;40 tot 45 jaar;Totaal;M-N Zakelijke dienstverlening;2011/'12;429;83;203;101;42;44;385;7;23;5;9;76;180;96;33
5283;Totaal mannen en vrouwen;40 tot 45 jaar;Totaal;M-N Zakelijke dienstverlening;2012/'13;394;110;161;90;33;30;364;4;15;4;7;106;146;86;26
5284;Totaal mannen en vrouwen;40 tot 45 jaar;Totaal;M-N Zakelijke dienstverlening;2013/'14;155;32;58;44;21;8;147;2;4;1;1;30;54;43;20
5285;Totaal mannen en vrouwen;40 tot 45 jaar;Totaal;M-N Zakelijke dienstverlening;2014/'15;109;25;44;25;15;7;102;3;2;1;1;22;42;24;14
5286;Totaal mannen en vrouwen;40 tot 45 jaar;Totaal;M-N Zakelijke dienstverlening;2015/'16;132;28;57;39;8;3;129;0;2;1;0;28;55;38;8
5287;Totaal mannen en vrouwen;40 tot 45 jaar;Totaal;M-N Zakelijke dienstverlening;2016/'17;165;14;76;51;24;3;162;1;0;1;1;13;76;50;23
5288;Totaal mannen en vrouwen;40 tot 45 jaar;Totaal;M-N Zakelijke dienstverlening;2017/'18;213;18;69;89;37;3;210;0;1;2;0;18;68;87;37
5289;Totaal mannen en vrouwen;40 tot 45 jaar;Totaal;M-N Zakelijke dienstverlening;2018/'19;308;30;93;124;61;4;304;2;0;1;1;28;93;123;60
5290;Totaal mannen en vrouwen;40 tot 45 jaar;Totaal;M-N Zakelijke dienstverlening;2019/'20;290;28;92;109;61;5;285;1;1;2;1;27;91;107;60
5291;Totaal mannen en vrouwen;40 tot 45 jaar;Totaal;M-N Zakelijke dienstverlening;2020/'21;270;51;70;87;62;10;260;2;2;3;3;49;68;84;59
5292;Totaal mannen en vrouwen;40 tot 45 jaar;Totaal;O-Q Overheid en zorg;2009/'10;1438;129;382;564;363;108;1330;2;35;33;38;127;347;531;325
5293;Totaal mannen en vrouwen;40 tot 45 jaar;Totaal;O-Q Overheid en zorg;2010/'11;1183;84;305;416;378;88;1095;3;14;25;46;81;291;391;332
5294;Totaal mannen en vrouwen;40 tot 45 jaar;Totaal;O-Q Overheid en zorg;2011/'12;1132;82;336;430;284;77;1055;4;23;17;33;78;313;413;251
5295;Totaal mannen en vrouwen;40 tot 45 jaar;Totaal;O-Q Overheid en zorg;2012/'13;1061;82;273;442;264;40;1021;1;13;9;17;81;260;433;247
5296;Totaal mannen en vrouwen;40 tot 45 jaar;Totaal;O-Q Overheid en zorg;2013/'14;615;45;164;253;153;13;602;1;4;3;5;44;160;250;148
5297;Totaal mannen en vrouwen;40 tot 45 jaar;Totaal;O-Q Overheid en zorg;2014/'15;421;24;79;189;129;2;419;0;0;2;0;24;79;187;129
5298;Totaal mannen en vrouwen;40 tot 45 jaar;Totaal;O-Q Overheid en zorg;2015/'16;400;18;67;209;106;4;396;1;0;2;1;17;67;207;105
5299;Totaal mannen en vrouwen;40 tot 45 jaar;Totaal;O-Q Overheid en zorg;2016/'17;795;8;93;364;330;7;788;0;3;3;1;8;90;361;329
5300;Totaal mannen en vrouwen;40 tot 45 jaar;Totaal;O-Q Overheid en zorg;2017/'18;685;15;83;306;281;13;672;1;0;5;7;14;83;301;274
5301;Totaal mannen en vrouwen;40 tot 45 jaar;Totaal;O-Q Overheid en zorg;2018/'19;728;3;131;260;334;5;723;0;2;2;1;3;129;258;333
5302;Totaal mannen en vrouwen;40 tot 45 jaar;Totaal;O-Q Overheid en zorg;2019/'20;638;22;106;209;301;1;637;0;1;0;0;22;105;209;301
5303;Totaal mannen en vrouwen;40 tot 45 jaar;Totaal;O-Q Overheid en zorg;2020/'21;670;19;122;248;281;10;660;2;2;3;3;17;120;245;278
5304;Totaal mannen en vrouwen;40 tot 45 jaar;Totaal;R-U Cultuur, recreatie, overige diensten;2009/'10;143;3;55;43;42;21;122;1;5;8;7;2;50;35;35
5305;Totaal mannen en vrouwen;40 tot 45 jaar;Totaal;R-U Cultuur, recreatie, overige diensten;2010/'11;93;9;25;28;31;20;73;2;6;6;6;7;19;22;25
5306;Totaal mannen en vrouwen;40 tot 45 jaar;Totaal;R-U Cultuur, recreatie, overige diensten;2011/'12;163;75;47;21;20;12;151;0;4;5;3;75;43;16;17
5307;Totaal mannen en vrouwen;40 tot 45 jaar;Totaal;R-U Cultuur, recreatie, overige diensten;2012/'13;118;41;36;24;17;5;113;0;3;0;2;41;33;24;15
5308;Totaal mannen en vrouwen;40 tot 45 jaar;Totaal;R-U Cultuur, recreatie, overige diensten;2013/'14;29;4;5;13;7;5;24;2;0;1;2;2;5;12;5
5309;Totaal mannen en vrouwen;40 tot 45 jaar;Totaal;R-U Cultuur, recreatie, overige diensten;2014/'15;9;1;3;3;2;0;9;0;0;0;0;1;3;3;2
5310;Totaal mannen en vrouwen;40 tot 45 jaar;Totaal;R-U Cultuur, recreatie, overige diensten;2015/'16;27;0;12;9;6;0;27;0;0;0;0;0;12;9;6
5311;Totaal mannen en vrouwen;40 tot 45 jaar;Totaal;R-U Cultuur, recreatie, overige diensten;2016/'17;36;0;8;19;9;2;34;0;0;1;1;0;8;18;8
5312;Totaal mannen en vrouwen;40 tot 45 jaar;Totaal;R-U Cultuur, recreatie, overige diensten;2017/'18;53;1;11;27;14;0;53;0;0;0;0;1;11;27;14
5313;Totaal mannen en vrouwen;40 tot 45 jaar;Totaal;R-U Cultuur, recreatie, overige diensten;2018/'19;73;1;15;35;22;2;71;1;0;1;0;0;15;34;22
5314;Totaal mannen en vrouwen;40 tot 45 jaar;Totaal;R-U Cultuur, recreatie, overige diensten;2019/'20;71;2;14;29;26;1;70;0;0;1;0;2;14;28;26
5315;Totaal mannen en vrouwen;40 tot 45 jaar;Totaal;R-U Cultuur, recreatie, overige diensten;2020/'21;69;2;9;29;29;2;67;1;0;1;0;1;9;28;29
5316;Totaal mannen en vrouwen;40 tot 45 jaar;Totaal;SBI-code onbekend;2009/'10;144;4;83;31;26;32;112;0;18;5;9;4;65;26;17
5317;Totaal mannen en vrouwen;40 tot 45 jaar;Totaal;SBI-code onbekend;2010/'11;102;6;56;16;24;21;81;0;12;0;9;6;44;16;15
5318;Totaal mannen en vrouwen;40 tot 45 jaar;Totaal;SBI-code onbekend;2011/'12;86;2;41;25;18;14;72;0;5;4;5;2;36;21;13
5319;Totaal mannen en vrouwen;40 tot 45 jaar;Totaal;SBI-code onbekend;2012/'13;74;4;26;27;17;6;68;0;0;0;6;4;26;27;11
5320;Totaal mannen en vrouwen;40 tot 45 jaar;Totaal;SBI-code onbekend;2013/'14;48;0;18;10;20;6;42;0;2;0;4;0;16;10;16
5321;Totaal mannen en vrouwen;40 tot 45 jaar;Totaal;SBI-code onbekend;2014/'15;20;0;4;6;10;0;20;0;0;0;0;0;4;6;10
5322;Totaal mannen en vrouwen;40 tot 45 jaar;Totaal;SBI-code onbekend;2015/'16;4;0;1;3;0;0;4;0;0;0;0;0;1;3;0
5323;Totaal mannen en vrouwen;40 tot 45 jaar;Totaal;SBI-code onbekend;2016/'17;8;0;2;4;2;0;8;0;0;0;0;0;2;4;2
5324;Totaal mannen en vrouwen;40 tot 45 jaar;Totaal;SBI-code onbekend;2017/'18;12;1;3;6;2;0;12;0;0;0;0;1;3;6;2
5325;Totaal mannen en vrouwen;40 tot 45 jaar;Totaal;SBI-code onbekend;2018/'19;15;0;7;5;3;0;15;0;0;0;0;0;7;5;3
5326;Totaal mannen en vrouwen;40 tot 45 jaar;Totaal;SBI-code onbekend;2019/'20;12;0;3;9;0;1;11;0;1;0;0;0;2;9;0
5327;Totaal mannen en vrouwen;40 tot 45 jaar;Totaal;SBI-code onbekend;2020/'21;7;1;1;2;3;1;6;0;0;1;0;1;1;1;3
5328;Totaal mannen en vrouwen;40 tot 45 jaar;Sector landbouw;A-U Alle economische activiteiten;2009/'10;474;246;109;97;22;5;469;0;1;2;2;246;108;95;20
5329;Totaal mannen en vrouwen;40 tot 45 jaar;Sector landbouw;A-U Alle economische activiteiten;2010/'11;458;267;120;59;12;2;456;0;0;2;0;267;120;57;12
5330;Totaal mannen en vrouwen;40 tot 45 jaar;Sector landbouw;A-U Alle economische activiteiten;2011/'12;380;203;96;62;19;6;374;0;0;5;1;203;96;57;18
5331;Totaal mannen en vrouwen;40 tot 45 jaar;Sector landbouw;A-U Alle economische activiteiten;2012/'13;373;210;86;68;9;3;370;0;0;2;1;210;86;66;8
5332;Totaal mannen en vrouwen;40 tot 45 jaar;Sector landbouw;A-U Alle economische activiteiten;2013/'14;113;43;41;18;11;1;112;0;0;0;1;43;41;18;10
5333;Totaal mannen en vrouwen;40 tot 45 jaar;Sector landbouw;A-U Alle economische activiteiten;2014/'15;67;21;24;17;5;0;67;0;0;0;0;21;24;17;5
5334;Totaal mannen en vrouwen;40 tot 45 jaar;Sector landbouw;A-U Alle economische activiteiten;2015/'16;87;24;14;42;7;0;87;0;0;0;0;24;14;42;7
5335;Totaal mannen en vrouwen;40 tot 45 jaar;Sector landbouw;A-U Alle economische activiteiten;2016/'17;51;1;23;18;9;0;51;0;0;0;0;1;23;18;9
5336;Totaal mannen en vrouwen;40 tot 45 jaar;Sector landbouw;A-U Alle economische activiteiten;2017/'18;59;0;18;27;14;0;59;0;0;0;0;0;18;27;14
5337;Totaal mannen en vrouwen;40 tot 45 jaar;Sector landbouw;A-U Alle economische activiteiten;2018/'19;38;0;11;19;8;0;38;0;0;0;0;0;11;19;8
5338;Totaal mannen en vrouwen;40 tot 45 jaar;Sector landbouw;A-U Alle economische activiteiten;2019/'20;45;0;8;27;10;0;45;0;0;0;0;0;8;27;10
5339;Totaal mannen en vrouwen;40 tot 45 jaar;Sector landbouw;A-U Alle economische activiteiten;2020/'21;43;22;2;18;1;0;43;0;0;0;0;22;2;18;1
5340;Totaal mannen en vrouwen;40 tot 45 jaar;Sector landbouw;A Landbouw, bosbouw en visserij;2009/'10;10;0;4;6;0;0;10;0;0;0;0;0;4;6;0
5341;Totaal mannen en vrouwen;40 tot 45 jaar;Sector landbouw;A Landbouw, bosbouw en visserij;2010/'11;4;1;1;2;0;0;4;0;0;0;0;1;1;2;0
5342;Totaal mannen en vrouwen;40 tot 45 jaar;Sector landbouw;A Landbouw, bosbouw en visserij;2011/'12;1;0;0;1;0;1;0;0;0;1;0;0;0;0;0
5343;Totaal mannen en vrouwen;40 tot 45 jaar;Sector landbouw;A Landbouw, bosbouw en visserij;2012/'13;9;6;1;2;0;0;9;0;0;0;0;6;1;2;0
5344;Totaal mannen en vrouwen;40 tot 45 jaar;Sector landbouw;A Landbouw, bosbouw en visserij;2013/'14;1;1;0;0;0;0;1;0;0;0;0;1;0;0;0
5345;Totaal mannen en vrouwen;40 tot 45 jaar;Sector landbouw;A Landbouw, bosbouw en visserij;2014/'15;2;0;0;1;1;0;2;0;0;0;0;0;0;1;1
5346;Totaal mannen en vrouwen;40 tot 45 jaar;Sector landbouw;A Landbouw, bosbouw en visserij;2015/'16;0;0;0;0;0;0;0;0;0;0;0;0;0;0;0
5347;Totaal mannen en vrouwen;40 tot 45 jaar;Sector landbouw;A Landbouw, bosbouw en visserij;2016/'17;1;0;0;1;0;0;1;0;0;0;0;0;0;1;0
5348;Totaal mannen en vrouwen;40 tot 45 jaar;Sector landbouw;A Landbouw, bosbouw en visserij;2017/'18;0;0;0;0;0;0;0;0;0;0;0;0;0;0;0
5349;Totaal mannen en vrouwen;40 tot 45 jaar;Sector landbouw;A Landbouw, bosbouw en visserij;2018/'19;0;0;0;0;0;0;0;0;0;0;0;0;0;0;0
5350;Totaal mannen en vrouwen;40 tot 45 jaar;Sector landbouw;A Landbouw, bosbouw en visserij;2019/'20;0;0;0;0;0;0;0;0;0;0;0;0;0;0;0
5351;Totaal mannen en vrouwen;40 tot 45 jaar;Sector landbouw;A Landbouw, bosbouw en visserij;2020/'21;3;2;0;1;0;0;3;0;0;0;0;2;0;1;0
5352;Totaal mannen en vrouwen;40 tot 45 jaar;Sector landbouw;B-E Nijverheid (geen bouw) en energie;2009/'10;302;194;43;57;8;0;302;0;0;0;0;194;43;57;8
5353;Totaal mannen en vrouwen;40 tot 45 jaar;Sector landbouw;B-E Nijverheid (geen bouw) en energie;2010/'11;319;217;70;30;2;0;319;0;0;0;0;217;70;30;2
5354;Totaal mannen en vrouwen;40 tot 45 jaar;Sector landbouw;B-E Nijverheid (geen bouw) en energie;2011/'12;247;169;52;23;3;0;247;0;0;0;0;169;52;23;3
5355;Totaal mannen en vrouwen;40 tot 45 jaar;Sector landbouw;B-E Nijverheid (geen bouw) en energie;2012/'13;206;137;39;29;1;1;205;0;0;0;1;137;39;29;0
5356;Totaal mannen en vrouwen;40 tot 45 jaar;Sector landbouw;B-E Nijverheid (geen bouw) en energie;2013/'14;73;28;34;7;4;0;73;0;0;0;0;28;34;7;4
5357;Totaal mannen en vrouwen;40 tot 45 jaar;Sector landbouw;B-E Nijverheid (geen bouw) en energie;2014/'15;34;16;13;5;0;0;34;0;0;0;0;16;13;5;0
5358;Totaal mannen en vrouwen;40 tot 45 jaar;Sector landbouw;B-E Nijverheid (geen bouw) en energie;2015/'16;46;19;10;13;4;0;46;0;0;0;0;19;10;13;4
5359;Totaal mannen en vrouwen;40 tot 45 jaar;Sector landbouw;B-E Nijverheid (geen bouw) en energie;2016/'17;17;0;12;3;2;0;17;0;0;0;0;0;12;3;2
5360;Totaal mannen en vrouwen;40 tot 45 jaar;Sector landbouw;B-E Nijverheid (geen bouw) en energie;2017/'18;21;0;7;10;4;0;21;0;0;0;0;0;7;10;4
5361;Totaal mannen en vrouwen;40 tot 45 jaar;Sector landbouw;B-E Nijverheid (geen bouw) en energie;2018/'19;10;0;7;3;0;0;10;0;0;0;0;0;7;3;0
5362;Totaal mannen en vrouwen;40 tot 45 jaar;Sector landbouw;B-E Nijverheid (geen bouw) en energie;2019/'20;10;0;2;7;1;0;10;0;0;0;0;0;2;7;1
5363;Totaal mannen en vrouwen;40 tot 45 jaar;Sector landbouw;B-E Nijverheid (geen bouw) en energie;2020/'21;7;2;1;4;0;0;7;0;0;0;0;2;1;4;0
5364;Totaal mannen en vrouwen;40 tot 45 jaar;Sector landbouw;F Bouwnijverheid;2009/'10;5;0;2;3;0;0;5;0;0;0;0;0;2;3;0
5365;Totaal mannen en vrouwen;40 tot 45 jaar;Sector landbouw;F Bouwnijverheid;2010/'11;0;0;0;0;0;0;0;0;0;0;0;0;0;0;0
5366;Totaal mannen en vrouwen;40 tot 45 jaar;Sector landbouw;F Bouwnijverheid;2011/'12;1;1;0;0;0;0;1;0;0;0;0;1;0;0;0
5367;Totaal mannen en vrouwen;40 tot 45 jaar;Sector landbouw;F Bouwnijverheid;2012/'13;2;0;2;0;0;0;2;0;0;0;0;0;2;0;0
5368;Totaal mannen en vrouwen;40 tot 45 jaar;Sector landbouw;F Bouwnijverheid;2013/'14;1;0;0;0;1;1;0;0;0;0;1;0;0;0;0
5369;Totaal mannen en vrouwen;40 tot 45 jaar;Sector landbouw;F Bouwnijverheid;2014/'15;0;0;0;0;0;0;0;0;0;0;0;0;0;0;0
5370;Totaal mannen en vrouwen;40 tot 45 jaar;Sector landbouw;F Bouwnijverheid;2015/'16;0;0;0;0;0;0;0;0;0;0;0;0;0;0;0
5371;Totaal mannen en vrouwen;40 tot 45 jaar;Sector landbouw;F Bouwnijverheid;2016/'17;0;0;0;0;0;0;0;0;0;0;0;0;0;0;0
5372;Totaal mannen en vrouwen;40 tot 45 jaar;Sector landbouw;F Bouwnijverheid;2017/'18;1;0;0;0;1;0;1;0;0;0;0;0;0;0;1
5373;Totaal mannen en vrouwen;40 tot 45 jaar;Sector landbouw;F Bouwnijverheid;2018/'19;1;0;1;0;0;0;1;0;0;0;0;0;1;0;0
5374;Totaal mannen en vrouwen;40 tot 45 jaar;Sector landbouw;F Bouwnijverheid;2019/'20;2;0;0;0;2;0;2;0;0;0;0;0;0;0;2
5375;Totaal mannen en vrouwen;40 tot 45 jaar;Sector landbouw;F Bouwnijverheid;2020/'21;1;0;0;1;0;0;1;0;0;0;0;0;0;1;0
5376;Totaal mannen en vrouwen;40 tot 45 jaar;Sector landbouw;G-I Handel, vervoer en horeca;2009/'10;26;9;6;8;3;1;25;0;0;1;0;9;6;7;3
5377;Totaal mannen en vrouwen;40 tot 45 jaar;Sector landbouw;G-I Handel, vervoer en horeca;2010/'11;30;9;13;7;1;0;30;0;0;0;0;9;13;7;1
5378;Totaal mannen en vrouwen;40 tot 45 jaar;Sector landbouw;G-I Handel, vervoer en horeca;2011/'12;47;16;23;7;1;1;46;0;0;1;0;16;23;6;1
5379;Totaal mannen en vrouwen;40 tot 45 jaar;Sector landbouw;G-I Handel, vervoer en horeca;2012/'13;44;16;16;12;0;0;44;0;0;0;0;16;16;12;0
5380;Totaal mannen en vrouwen;40 tot 45 jaar;Sector landbouw;G-I Handel, vervoer en horeca;2013/'14;4;2;1;1;0;0;4;0;0;0;0;2;1;1;0
5381;Totaal mannen en vrouwen;40 tot 45 jaar;Sector landbouw;G-I Handel, vervoer en horeca;2014/'15;5;1;2;2;0;0;5;0;0;0;0;1;2;2;0
5382;Totaal mannen en vrouwen;40 tot 45 jaar;Sector landbouw;G-I Handel, vervoer en horeca;2015/'16;5;0;1;3;1;0;5;0;0;0;0;0;1;3;1
5383;Totaal mannen en vrouwen;40 tot 45 jaar;Sector landbouw;G-I Handel, vervoer en horeca;2016/'17;2;0;1;1;0;0;2;0;0;0;0;0;1;1;0
5384;Totaal mannen en vrouwen;40 tot 45 jaar;Sector landbouw;G-I Handel, vervoer en horeca;2017/'18;5;0;1;3;1;0;5;0;0;0;0;0;1;3;1
5385;Totaal mannen en vrouwen;40 tot 45 jaar;Sector landbouw;G-I Handel, vervoer en horeca;2018/'19;5;0;0;3;2;0;5;0;0;0;0;0;0;3;2
5386;Totaal mannen en vrouwen;40 tot 45 jaar;Sector landbouw;G-I Handel, vervoer en horeca;2019/'20;7;0;1;4;2;0;7;0;0;0;0;0;1;4;2
5387;Totaal mannen en vrouwen;40 tot 45 jaar;Sector landbouw;G-I Handel, vervoer en horeca;2020/'21;2;0;0;2;0;0;2;0;0;0;0;0;0;2;0
5388;Totaal mannen en vrouwen;40 tot 45 jaar;Sector landbouw;J Informatie en communicatie;2009/'10;0;0;0;0;0;0;0;0;0;0;0;0;0;0;0
5389;Totaal mannen en vrouwen;40 tot 45 jaar;Sector landbouw;J Informatie en communicatie;2010/'11;0;0;0;0;0;0;0;0;0;0;0;0;0;0;0
5390;Totaal mannen en vrouwen;40 tot 45 jaar;Sector landbouw;J Informatie en communicatie;2011/'12;1;0;0;1;0;1;0;0;0;1;0;0;0;0;0
5391;Totaal mannen en vrouwen;40 tot 45 jaar;Sector landbouw;J Informatie en communicatie;2012/'13;1;0;1;0;0;0;1;0;0;0;0;0;1;0;0
5392;Totaal mannen en vrouwen;40 tot 45 jaar;Sector landbouw;J Informatie en communicatie;2013/'14;0;0;0;0;0;0;0;0;0;0;0;0;0;0;0
5393;Totaal mannen en vrouwen;40 tot 45 jaar;Sector landbouw;J Informatie en communicatie;2014/'15;0;0;0;0;0;0;0;0;0;0;0;0;0;0;0
5394;Totaal mannen en vrouwen;40 tot 45 jaar;Sector landbouw;J Informatie en communicatie;2015/'16;0;0;0;0;0;0;0;0;0;0;0;0;0;0;0
5395;Totaal mannen en vrouwen;40 tot 45 jaar;Sector landbouw;J Informatie en communicatie;2016/'17;0;0;0;0;0;0;0;0;0;0;0;0;0;0;0
5396;Totaal mannen en vrouwen;40 tot 45 jaar;Sector landbouw;J Informatie en communicatie;2017/'18;0;0;0;0;0;0;0;0;0;0;0;0;0;0;0
5397;Totaal mannen en vrouwen;40 tot 45 jaar;Sector landbouw;J Informatie en communicatie;2018/'19;0;0;0;0;0;0;0;0;0;0;0;0;0;0;0
5398;Totaal mannen en vrouwen;40 tot 45 jaar;Sector landbouw;J Informatie en communicatie;2019/'20;0;0;0;0;0;0;0;0;0;0;0;0;0;0;0
5399;Totaal mannen en vrouwen;40 tot 45 jaar;Sector landbouw;J Informatie en communicatie;2020/'21;0;0;0;0;0;0;0;0;0;0;0;0;0;0;0
5400;Totaal mannen en vrouwen;40 tot 45 jaar;Sector landbouw;K Financiële dienstverlening;2009/'10;0;0;0;0;0;0;0;0;0;0;0;0;0;0;0
5401;Totaal mannen en vrouwen;40 tot 45 jaar;Sector landbouw;K Financiële dienstverlening;2010/'11;1;0;0;1;0;0;1;0;0;0;0;0;0;1;0
5402;Totaal mannen en vrouwen;40 tot 45 jaar;Sector landbouw;K Financiële dienstverlening;2011/'12;0;0;0;0;0;0;0;0;0;0;0;0;0;0;0
5403;Totaal mannen en vrouwen;40 tot 45 jaar;Sector landbouw;K Financiële dienstverlening;2012/'13;0;0;0;0;0;0;0;0;0;0;0;0;0;0;0
5404;Totaal mannen en vrouwen;40 tot 45 jaar;Sector landbouw;K Financiële dienstverlening;2013/'14;0;0;0;0;0;0;0;0;0;0;0;0;0;0;0
5405;Totaal mannen en vrouwen;40 tot 45 jaar;Sector landbouw;K Financiële dienstverlening;2014/'15;0;0;0;0;0;0;0;0;0;0;0;0;0;0;0
5406;Totaal mannen en vrouwen;40 tot 45 jaar;Sector landbouw;K Financiële dienstverlening;2015/'16;0;0;0;0;0;0;0;0;0;0;0;0;0;0;0
5407;Totaal mannen en vrouwen;40 tot 45 jaar;Sector landbouw;K Financiële dienstverlening;2016/'17;0;0;0;0;0;0;0;0;0;0;0;0;0;0;0
5408;Totaal mannen en vrouwen;40 tot 45 jaar;Sector landbouw;K Financiële dienstverlening;2017/'18;1;0;0;1;0;0;1;0;0;0;0;0;0;1;0
5409;Totaal mannen en vrouwen;40 tot 45 jaar;Sector landbouw;K Financiële dienstverlening;2018/'19;0;0;0;0;0;0;0;0;0;0;0;0;0;0;0
5410;Totaal mannen en vrouwen;40 tot 45 jaar;Sector landbouw;K Financiële dienstverlening;2019/'20;0;0;0;0;0;0;0;0;0;0;0;0;0;0;0
5411;Totaal mannen en vrouwen;40 tot 45 jaar;Sector landbouw;K Financiële dienstverlening;2020/'21;1;0;0;1;0;0;1;0;0;0;0;0;0;1;0
5412;Totaal mannen en vrouwen;40 tot 45 jaar;Sector landbouw;L Verhuur en handel van onroerend goed;2009/'10;1;0;0;1;0;0;1;0;0;0;0;0;0;1;0
5413;Totaal mannen en vrouwen;40 tot 45 jaar;Sector landbouw;L Verhuur en handel van onroerend goed;2010/'11;1;0;0;1;0;0;1;0;0;0;0;0;0;1;0
5414;Totaal mannen en vrouwen;40 tot 45 jaar;Sector landbouw;L Verhuur en handel van onroerend goed;2011/'12;1;0;1;0;0;0;1;0;0;0;0;0;1;0;0
5415;Totaal mannen en vrouwen;40 tot 45 jaar;Sector landbouw;L Verhuur en handel van onroerend goed;2012/'13;1;0;0;1;0;0;1;0;0;0;0;0;0;1;0
5416;Totaal mannen en vrouwen;40 tot 45 jaar;Sector landbouw;L Verhuur en handel van onroerend goed;2013/'14;0;0;0;0;0;0;0;0;0;0;0;0;0;0;0
5417;Totaal mannen en vrouwen;40 tot 45 jaar;Sector landbouw;L Verhuur en handel van onroerend goed;2014/'15;1;0;1;0;0;0;1;0;0;0;0;0;1;0;0
5418;Totaal mannen en vrouwen;40 tot 45 jaar;Sector landbouw;L Verhuur en handel van onroerend goed;2015/'16;0;0;0;0;0;0;0;0;0;0;0;0;0;0;0
5419;Totaal mannen en vrouwen;40 tot 45 jaar;Sector landbouw;L Verhuur en handel van onroerend goed;2016/'17;0;0;0;0;0;0;0;0;0;0;0;0;0;0;0
5420;Totaal mannen en vrouwen;40 tot 45 jaar;Sector landbouw;L Verhuur en handel van onroerend goed;2017/'18;0;0;0;0;0;0;0;0;0;0;0;0;0;0;0
5421;Totaal mannen en vrouwen;40 tot 45 jaar;Sector landbouw;L Verhuur en handel van onroerend goed;2018/'19;1;0;0;1;0;0;1;0;0;0;0;0;0;1;0
5422;Totaal mannen en vrouwen;40 tot 45 jaar;Sector landbouw;L Verhuur en handel van onroerend goed;2019/'20;0;0;0;0;0;0;0;0;0;0;0;0;0;0;0
5423;Totaal mannen en vrouwen;40 tot 45 jaar;Sector landbouw;L Verhuur en handel van onroerend goed;2020/'21;0;0;0;0;0;0;0;0;0;0;0;0;0;0;0
5424;Totaal mannen en vrouwen;40 tot 45 jaar;Sector landbouw;M-N Zakelijke dienstverlening;2009/'10;68;30;24;10;4;2;66;0;0;0;2;30;24;10;2
5425;Totaal mannen en vrouwen;40 tot 45 jaar;Sector landbouw;M-N Zakelijke dienstverlening;2010/'11;58;28;17;9;4;0;58;0;0;0;0;28;17;9;4
5426;Totaal mannen en vrouwen;40 tot 45 jaar;Sector landbouw;M-N Zakelijke dienstverlening;2011/'12;39;12;12;10;5;0;39;0;0;0;0;12;12;10;5
5427;Totaal mannen en vrouwen;40 tot 45 jaar;Sector landbouw;M-N Zakelijke dienstverlening;2012/'13;73;45;16;9;3;1;72;0;0;1;0;45;16;8;3
5428;Totaal mannen en vrouwen;40 tot 45 jaar;Sector landbouw;M-N Zakelijke dienstverlening;2013/'14;27;10;4;9;4;0;27;0;0;0;0;10;4;9;4
5429;Totaal mannen en vrouwen;40 tot 45 jaar;Sector landbouw;M-N Zakelijke dienstverlening;2014/'15;13;3;6;3;1;0;13;0;0;0;0;3;6;3;1
5430;Totaal mannen en vrouwen;40 tot 45 jaar;Sector landbouw;M-N Zakelijke dienstverlening;2015/'16;15;5;1;8;1;0;15;0;0;0;0;5;1;8;1
5431;Totaal mannen en vrouwen;40 tot 45 jaar;Sector landbouw;M-N Zakelijke dienstverlening;2016/'17;17;1;9;5;2;0;17;0;0;0;0;1;9;5;2
5432;Totaal mannen en vrouwen;40 tot 45 jaar;Sector landbouw;M-N Zakelijke dienstverlening;2017/'18;22;0;9;7;6;0;22;0;0;0;0;0;9;7;6
5433;Totaal mannen en vrouwen;40 tot 45 jaar;Sector landbouw;M-N Zakelijke dienstverlening;2018/'19;13;0;3;6;4;0;13;0;0;0;0;0;3;6;4
5434;Totaal mannen en vrouwen;40 tot 45 jaar;Sector landbouw;M-N Zakelijke dienstverlening;2019/'20;14;0;5;7;2;0;14;0;0;0;0;0;5;7;2
5435;Totaal mannen en vrouwen;40 tot 45 jaar;Sector landbouw;M-N Zakelijke dienstverlening;2020/'21;23;18;1;4;0;0;23;0;0;0;0;18;1;4;0
5436;Totaal mannen en vrouwen;40 tot 45 jaar;Sector landbouw;O-Q Overheid en zorg;2009/'10;30;12;5;9;4;1;29;0;0;1;0;12;5;8;4
5437;Totaal mannen en vrouwen;40 tot 45 jaar;Sector landbouw;O-Q Overheid en zorg;2010/'11;34;7;14;9;4;2;32;0;0;2;0;7;14;7;4
5438;Totaal mannen en vrouwen;40 tot 45 jaar;Sector landbouw;O-Q Overheid en zorg;2011/'12;29;3;1;17;8;1;28;0;0;1;0;3;1;16;8
5439;Totaal mannen en vrouwen;40 tot 45 jaar;Sector landbouw;O-Q Overheid en zorg;2012/'13;28;5;6;13;4;1;27;0;0;1;0;5;6;12;4
5440;Totaal mannen en vrouwen;40 tot 45 jaar;Sector landbouw;O-Q Overheid en zorg;2013/'14;2;1;0;0;1;0;2;0;0;0;0;1;0;0;1
5441;Totaal mannen en vrouwen;40 tot 45 jaar;Sector landbouw;O-Q Overheid en zorg;2014/'15;10;0;2;5;3;0;10;0;0;0;0;0;2;5;3
5442;Totaal mannen en vrouwen;40 tot 45 jaar;Sector landbouw;O-Q Overheid en zorg;2015/'16;18;0;2;15;1;0;18;0;0;0;0;0;2;15;1
5443;Totaal mannen en vrouwen;40 tot 45 jaar;Sector landbouw;O-Q Overheid en zorg;2016/'17;11;0;0;6;5;0;11;0;0;0;0;0;0;6;5
5444;Totaal mannen en vrouwen;40 tot 45 jaar;Sector landbouw;O-Q Overheid en zorg;2017/'18;7;0;1;4;2;0;7;0;0;0;0;0;1;4;2
5445;Totaal mannen en vrouwen;40 tot 45 jaar;Sector landbouw;O-Q Overheid en zorg;2018/'19;8;0;0;6;2;0;8;0;0;0;0;0;0;6;2
5446;Totaal mannen en vrouwen;40 tot 45 jaar;Sector landbouw;O-Q Overheid en zorg;2019/'20;10;0;0;7;3;0;10;0;0;0;0;0;0;7;3
5447;Totaal mannen en vrouwen;40 tot 45 jaar;Sector landbouw;O-Q Overheid en zorg;2020/'21;5;0;0;4;1;0;5;0;0;0;0;0;0;4;1
5448;Totaal mannen en vrouwen;40 tot 45 jaar;Sector landbouw;R-U Cultuur, recreatie, overige diensten;2009/'10;27;0;23;3;1;0;27;0;0;0;0;0;23;3;1
5449;Totaal mannen en vrouwen;40 tot 45 jaar;Sector landbouw;R-U Cultuur, recreatie, overige diensten;2010/'11;5;4;1;0;0;0;5;0;0;0;0;4;1;0;0
5450;Totaal mannen en vrouwen;40 tot 45 jaar;Sector landbouw;R-U Cultuur, recreatie, overige diensten;2011/'12;7;1;4;0;2;1;6;0;0;0;1;1;4;0;1
5451;Totaal mannen en vrouwen;40 tot 45 jaar;Sector landbouw;R-U Cultuur, recreatie, overige diensten;2012/'13;2;1;1;0;0;0;2;0;0;0;0;1;1;0;0
5452;Totaal mannen en vrouwen;40 tot 45 jaar;Sector landbouw;R-U Cultuur, recreatie, overige diensten;2013/'14;2;1;1;0;0;0;2;0;0;0;0;1;1;0;0
5453;Totaal mannen en vrouwen;40 tot 45 jaar;Sector landbouw;R-U Cultuur, recreatie, overige diensten;2014/'15;2;1;0;1;0;0;2;0;0;0;0;1;0;1;0
5454;Totaal mannen en vrouwen;40 tot 45 jaar;Sector landbouw;R-U Cultuur, recreatie, overige diensten;2015/'16;3;0;0;3;0;0;3;0;0;0;0;0;0;3;0
5455;Totaal mannen en vrouwen;40 tot 45 jaar;Sector landbouw;R-U Cultuur, recreatie, overige diensten;2016/'17;3;0;1;2;0;0;3;0;0;0;0;0;1;2;0
5456;Totaal mannen en vrouwen;40 tot 45 jaar;Sector landbouw;R-U Cultuur, recreatie, overige diensten;2017/'18;2;0;0;2;0;0;2;0;0;0;0;0;0;2;0
5457;Totaal mannen en vrouwen;40 tot 45 jaar;Sector landbouw;R-U Cultuur, recreatie, overige diensten;2018/'19;0;0;0;0;0;0;0;0;0;0;0;0;0;0;0
5458;Totaal mannen en vrouwen;40 tot 45 jaar;Sector landbouw;R-U Cultuur, recreatie, overige diensten;2019/'20;2;0;0;2;0;0;2;0;0;0;0;0;0;2;0
5459;Totaal mannen en vrouwen;40 tot 45 jaar;Sector landbouw;R-U Cultuur, recreatie, overige diensten;2020/'21;1;0;0;1;0;0;1;0;0;0;0;0;0;1;0
5460;Totaal mannen en vrouwen;40 tot 45 jaar;Sector landbouw;SBI-code onbekend;2009/'10;5;1;2;0;2;1;4;0;1;0;0;1;1;0;2
5461;Totaal mannen en vrouwen;40 tot 45 jaar;Sector landbouw;SBI-code onbekend;2010/'11;6;1;4;0;1;0;6;0;0;0;0;1;4;0;1
5462;Totaal mannen en vrouwen;40 tot 45 jaar;Sector landbouw;SBI-code onbekend;2011/'12;7;1;3;3;0;1;6;0;0;1;0;1;3;2;0
5463;Totaal mannen en vrouwen;40 tot 45 jaar;Sector landbouw;SBI-code onbekend;2012/'13;7;0;4;2;1;0;7;0;0;0;0;0;4;2;1
5464;Totaal mannen en vrouwen;40 tot 45 jaar;Sector landbouw;SBI-code onbekend;2013/'14;3;0;1;1;1;0;3;0;0;0;0;0;1;1;1
5465;Totaal mannen en vrouwen;40 tot 45 jaar;Sector landbouw;SBI-code onbekend;2014/'15;0;0;0;0;0;0;0;0;0;0;0;0;0;0;0
5466;Totaal mannen en vrouwen;40 tot 45 jaar;Sector landbouw;SBI-code onbekend;2015/'16;0;0;0;0;0;0;0;0;0;0;0;0;0;0;0
5467;Totaal mannen en vrouwen;40 tot 45 jaar;Sector landbouw;SBI-code onbekend;2016/'17;0;0;0;0;0;0;0;0;0;0;0;0;0;0;0
5468;Totaal mannen en vrouwen;40 tot 45 jaar;Sector landbouw;SBI-code onbekend;2017/'18;0;0;0;0;0;0;0;0;0;0;0;0;0;0;0
5469;Totaal mannen en vrouwen;40 tot 45 jaar;Sector landbouw;SBI-code onbekend;2018/'19;0;0;0;0;0;0;0;0;0;0;0;0;0;0;0
5470;Totaal mannen en vrouwen;40 tot 45 jaar;Sector landbouw;SBI-code onbekend;2019/'20;0;0;0;0;0;0;0;0;0;0;0;0;0;0;0
5471;Totaal mannen en vrouwen;40 tot 45 jaar;Sector landbouw;SBI-code onbekend;2020/'21;0;0;0;0;0;0;0;0;0;0;0;0;0;0;0
5472;Totaal mannen en vrouwen;40 tot 45 jaar;Sector economie;A-U Alle economische activiteiten;2009/'10;1264;110;469;329;356;63;1201;1;26;13;23;109;443;316;333
5473;Totaal mannen en vrouwen;40 tot 45 jaar;Sector economie;A-U Alle economische activiteiten;2010/'11;916;94;382;283;157;31;885;1;5;6;19;93;377;277;138
5474;Totaal mannen en vrouwen;40 tot 45 jaar;Sector economie;A-U Alle economische activiteiten;2011/'12;610;87;310;121;92;37;573;2;22;4;9;85;288;117;83
5475;Totaal mannen en vrouwen;40 tot 45 jaar;Sector economie;A-U Alle economische activiteiten;2012/'13;567;71;225;167;104;4;563;0;3;1;0;71;222;166;104
5476;Totaal mannen en vrouwen;40 tot 45 jaar;Sector economie;A-U Alle economische activiteiten;2013/'14;224;3;107;56;58;6;218;0;4;0;2;3;103;56;56
5477;Totaal mannen en vrouwen;40 tot 45 jaar;Sector economie;A-U Alle economische activiteiten;2014/'15;145;1;64;36;44;0;145;0;0;0;0;1;64;36;44
5478;Totaal mannen en vrouwen;40 tot 45 jaar;Sector economie;A-U Alle economische activiteiten;2015/'16;143;5;82;29;27;2;141;0;2;0;0;5;80;29;27
5479;Totaal mannen en vrouwen;40 tot 45 jaar;Sector economie;A-U Alle economische activiteiten;2016/'17;173;0;73;35;65;0;173;0;0;0;0;0;73;35;65
5480;Totaal mannen en vrouwen;40 tot 45 jaar;Sector economie;A-U Alle economische activiteiten;2017/'18;120;0;60;21;39;1;119;0;0;0;1;0;60;21;38
5481;Totaal mannen en vrouwen;40 tot 45 jaar;Sector economie;A-U Alle economische activiteiten;2018/'19;151;0;85;24;42;1;150;0;0;1;0;0;85;23;42
5482;Totaal mannen en vrouwen;40 tot 45 jaar;Sector economie;A-U Alle economische activiteiten;2019/'20;128;0;69;16;43;0;128;0;0;0;0;0;69;16;43
5483;Totaal mannen en vrouwen;40 tot 45 jaar;Sector economie;A-U Alle economische activiteiten;2020/'21;108;0;56;19;33;0;108;0;0;0;0;0;56;19;33
5484;Totaal mannen en vrouwen;40 tot 45 jaar;Sector economie;A Landbouw, bosbouw en visserij;2009/'10;2;1;1;0;0;0;2;0;0;0;0;1;1;0;0
5485;Totaal mannen en vrouwen;40 tot 45 jaar;Sector economie;A Landbouw, bosbouw en visserij;2010/'11;0;0;0;0;0;0;0;0;0;0;0;0;0;0;0
5486;Totaal mannen en vrouwen;40 tot 45 jaar;Sector economie;A Landbouw, bosbouw en visserij;2011/'12;0;0;0;0;0;0;0;0;0;0;0;0;0;0;0
5487;Totaal mannen en vrouwen;40 tot 45 jaar;Sector economie;A Landbouw, bosbouw en visserij;2012/'13;0;0;0;0;0;0;0;0;0;0;0;0;0;0;0
5488;Totaal mannen en vrouwen;40 tot 45 jaar;Sector economie;A Landbouw, bosbouw en visserij;2013/'14;0;0;0;0;0;0;0;0;0;0;0;0;0;0;0
5489;Totaal mannen en vrouwen;40 tot 45 jaar;Sector economie;A Landbouw, bosbouw en visserij;2014/'15;0;0;0;0;0;0;0;0;0;0;0;0;0;0;0
5490;Totaal mannen en vrouwen;40 tot 45 jaar;Sector economie;A Landbouw, bosbouw en visserij;2015/'16;1;0;1;0;0;0;1;0;0;0;0;0;1;0;0
5491;Totaal mannen en vrouwen;40 tot 45 jaar;Sector economie;A Landbouw, bosbouw en visserij;2016/'17;0;0;0;0;0;0;0;0;0;0;0;0;0;0;0
5492;Totaal mannen en vrouwen;40 tot 45 jaar;Sector economie;A Landbouw, bosbouw en visserij;2017/'18;0;0;0;0;0;0;0;0;0;0;0;0;0;0;0
5493;Totaal mannen en vrouwen;40 tot 45 jaar;Sector economie;A Landbouw, bosbouw en visserij;2018/'19;1;0;1;0;0;0;1;0;0;0;0;0;1;0;0
5494;Totaal mannen en vrouwen;40 tot 45 jaar;Sector economie;A Landbouw, bosbouw en visserij;2019/'20;0;0;0;0;0;0;0;0;0;0;0;0;0;0;0
5495;Totaal mannen en vrouwen;40 tot 45 jaar;Sector economie;A Landbouw, bosbouw en visserij;2020/'21;2;0;1;1;0;0;2;0;0;0;0;0;1;1;0
5496;Totaal mannen en vrouwen;40 tot 45 jaar;Sector economie;B-E Nijverheid (geen bouw) en energie;2009/'10;117;22;60;26;9;7;110;0;3;1;3;22;57;25;6
5497;Totaal mannen en vrouwen;40 tot 45 jaar;Sector economie;B-E Nijverheid (geen bouw) en energie;2010/'11;81;26;38;15;2;3;78;1;0;0;2;25;38;15;0
5498;Totaal mannen en vrouwen;40 tot 45 jaar;Sector economie;B-E Nijverheid (geen bouw) en energie;2011/'12;37;9;25;1;2;1;36;0;1;0;0;9;24;1;2
5499;Totaal mannen en vrouwen;40 tot 45 jaar;Sector economie;B-E Nijverheid (geen bouw) en energie;2012/'13;67;21;31;14;1;1;66;0;0;1;0;21;31;13;1
5500;Totaal mannen en vrouwen;40 tot 45 jaar;Sector economie;B-E Nijverheid (geen bouw) en energie;2013/'14;18;2;12;1;3;1;17;0;1;0;0;2;11;1;3
5501;Totaal mannen en vrouwen;40 tot 45 jaar;Sector economie;B-E Nijverheid (geen bouw) en energie;2014/'15;5;0;3;1;1;0;5;0;0;0;0;0;3;1;1
5502;Totaal mannen en vrouwen;40 tot 45 jaar;Sector economie;B-E Nijverheid (geen bouw) en energie;2015/'16;6;1;2;3;0;0;6;0;0;0;0;1;2;3;0
5503;Totaal mannen en vrouwen;40 tot 45 jaar;Sector economie;B-E Nijverheid (geen bouw) en energie;2016/'17;9;0;1;6;2;0;9;0;0;0;0;0;1;6;2
5504;Totaal mannen en vrouwen;40 tot 45 jaar;Sector economie;B-E Nijverheid (geen bouw) en energie;2017/'18;7;0;2;1;4;0;7;0;0;0;0;0;2;1;4
5505;Totaal mannen en vrouwen;40 tot 45 jaar;Sector economie;B-E Nijverheid (geen bouw) en energie;2018/'19;5;0;1;1;3;0;5;0;0;0;0;0;1;1;3
5506;Totaal mannen en vrouwen;40 tot 45 jaar;Sector economie;B-E Nijverheid (geen bouw) en energie;2019/'20;11;0;0;4;7;0;11;0;0;0;0;0;0;4;7
5507;Totaal mannen en vrouwen;40 tot 45 jaar;Sector economie;B-E Nijverheid (geen bouw) en energie;2020/'21;13;0;4;2;7;0;13;0;0;0;0;0;4;2;7
5508;Totaal mannen en vrouwen;40 tot 45 jaar;Sector economie;F Bouwnijverheid;2009/'10;24;0;19;4;1;2;22;0;0;2;0;0;19;2;1
5509;Totaal mannen en vrouwen;40 tot 45 jaar;Sector economie;F Bouwnijverheid;2010/'11;9;1;8;0;0;0;9;0;0;0;0;1;8;0;0
5510;Totaal mannen en vrouwen;40 tot 45 jaar;Sector economie;F Bouwnijverheid;2011/'12;10;0;8;1;1;1;9;0;1;0;0;0;7;1;1
5511;Totaal mannen en vrouwen;40 tot 45 jaar;Sector economie;F Bouwnijverheid;2012/'13;8;0;3;5;0;0;8;0;0;0;0;0;3;5;0
5512;Totaal mannen en vrouwen;40 tot 45 jaar;Sector economie;F Bouwnijverheid;2013/'14;5;0;4;0;1;1;4;0;0;0;1;0;4;0;0
5513;Totaal mannen en vrouwen;40 tot 45 jaar;Sector economie;F Bouwnijverheid;2014/'15;1;0;1;0;0;0;1;0;0;0;0;0;1;0;0
5514;Totaal mannen en vrouwen;40 tot 45 jaar;Sector economie;F Bouwnijverheid;2015/'16;1;0;1;0;0;0;1;0;0;0;0;0;1;0;0
5515;Totaal mannen en vrouwen;40 tot 45 jaar;Sector economie;F Bouwnijverheid;2016/'17;7;0;1;1;5;0;7;0;0;0;0;0;1;1;5
5516;Totaal mannen en vrouwen;40 tot 45 jaar;Sector economie;F Bouwnijverheid;2017/'18;5;0;2;0;3;0;5;0;0;0;0;0;2;0;3
5517;Totaal mannen en vrouwen;40 tot 45 jaar;Sector economie;F Bouwnijverheid;2018/'19;6;0;1;0;5;0;6;0;0;0;0;0;1;0;5
5518;Totaal mannen en vrouwen;40 tot 45 jaar;Sector economie;F Bouwnijverheid;2019/'20;6;0;1;1;4;0;6;0;0;0;0;0;1;1;4
5519;Totaal mannen en vrouwen;40 tot 45 jaar;Sector economie;F Bouwnijverheid;2020/'21;2;0;1;0;1;0;2;0;0;0;0;0;1;0;1
5520;Totaal mannen en vrouwen;40 tot 45 jaar;Sector economie;G-I Handel, vervoer en horeca;2009/'10;450;40;218;133;59;18;432;1;11;2;4;39;207;131;55
5521;Totaal mannen en vrouwen;40 tot 45 jaar;Sector economie;G-I Handel, vervoer en horeca;2010/'11;319;41;182;56;40;4;315;0;2;0;2;41;180;56;38
5522;Totaal mannen en vrouwen;40 tot 45 jaar;Sector economie;G-I Handel, vervoer en horeca;2011/'12;232;23;137;54;18;9;223;0;8;1;0;23;129;53;18
5523;Totaal mannen en vrouwen;40 tot 45 jaar;Sector economie;G-I Handel, vervoer en horeca;2012/'13;200;8;101;60;31;1;199;0;1;0;0;8;100;60;31
5524;Totaal mannen en vrouwen;40 tot 45 jaar;Sector economie;G-I Handel, vervoer en horeca;2013/'14;73;0;39;19;15;2;71;0;1;0;1;0;38;19;14
5525;Totaal mannen en vrouwen;40 tot 45 jaar;Sector economie;G-I Handel, vervoer en horeca;2014/'15;61;0;23;19;19;0;61;0;0;0;0;0;23;19;19
5526;Totaal mannen en vrouwen;40 tot 45 jaar;Sector economie;G-I Handel, vervoer en horeca;2015/'16;70;3;31;18;18;0;70;0;0;0;0;3;31;18;18
5527;Totaal mannen en vrouwen;40 tot 45 jaar;Sector economie;G-I Handel, vervoer en horeca;2016/'17;68;0;32;15;21;0;68;0;0;0;0;0;32;15;21
5528;Totaal mannen en vrouwen;40 tot 45 jaar;Sector economie;G-I Handel, vervoer en horeca;2017/'18;41;0;26;6;9;1;40;0;0;0;1;0;26;6;8
5529;Totaal mannen en vrouwen;40 tot 45 jaar;Sector economie;G-I Handel, vervoer en horeca;2018/'19;68;0;37;14;17;1;67;0;0;1;0;0;37;13;17
5530;Totaal mannen en vrouwen;40 tot 45 jaar;Sector economie;G-I Handel, vervoer en horeca;2019/'20;58;0;38;4;16;0;58;0;0;0;0;0;38;4;16
5531;Totaal mannen en vrouwen;40 tot 45 jaar;Sector economie;G-I Handel, vervoer en horeca;2020/'21;44;0;24;8;12;0;44;0;0;0;0;0;24;8;12
5532;Totaal mannen en vrouwen;40 tot 45 jaar;Sector economie;J Informatie en communicatie;2009/'10;15;0;2;8;5;1;14;0;0;1;0;0;2;7;5
5533;Totaal mannen en vrouwen;40 tot 45 jaar;Sector economie;J Informatie en communicatie;2010/'11;9;0;2;4;3;0;9;0;0;0;0;0;2;4;3
5534;Totaal mannen en vrouwen;40 tot 45 jaar;Sector economie;J Informatie en communicatie;2011/'12;5;0;2;3;0;0;5;0;0;0;0;0;2;3;0
5535;Totaal mannen en vrouwen;40 tot 45 jaar;Sector economie;J Informatie en communicatie;2012/'13;7;0;2;3;2;0;7;0;0;0;0;0;2;3;2
5536;Totaal mannen en vrouwen;40 tot 45 jaar;Sector economie;J Informatie en communicatie;2013/'14;2;0;1;0;1;0;2;0;0;0;0;0;1;0;1
5537;Totaal mannen en vrouwen;40 tot 45 jaar;Sector economie;J Informatie en communicatie;2014/'15;0;0;0;0;0;0;0;0;0;0;0;0;0;0;0
5538;Totaal mannen en vrouwen;40 tot 45 jaar;Sector economie;J Informatie en communicatie;2015/'16;1;0;1;0;0;0;1;0;0;0;0;0;1;0;0
5539;Totaal mannen en vrouwen;40 tot 45 jaar;Sector economie;J Informatie en communicatie;2016/'17;3;0;3;0;0;0;3;0;0;0;0;0;3;0;0
5540;Totaal mannen en vrouwen;40 tot 45 jaar;Sector economie;J Informatie en communicatie;2017/'18;0;0;0;0;0;0;0;0;0;0;0;0;0;0;0
5541;Totaal mannen en vrouwen;40 tot 45 jaar;Sector economie;J Informatie en communicatie;2018/'19;1;0;1;0;0;0;1;0;0;0;0;0;1;0;0
5542;Totaal mannen en vrouwen;40 tot 45 jaar;Sector economie;J Informatie en communicatie;2019/'20;0;0;0;0;0;0;0;0;0;0;0;0;0;0;0
5543;Totaal mannen en vrouwen;40 tot 45 jaar;Sector economie;J Informatie en communicatie;2020/'21;0;0;0;0;0;0;0;0;0;0;0;0;0;0;0
5544;Totaal mannen en vrouwen;40 tot 45 jaar;Sector economie;K Financiële dienstverlening;2009/'10;129;0;3;1;125;3;126;0;0;0;3;0;3;1;122
5545;Totaal mannen en vrouwen;40 tot 45 jaar;Sector economie;K Financiële dienstverlening;2010/'11;34;0;1;2;31;2;32;0;0;0;2;0;1;2;29
5546;Totaal mannen en vrouwen;40 tot 45 jaar;Sector economie;K Financiële dienstverlening;2011/'12;30;0;2;3;25;1;29;0;0;0;1;0;2;3;24
5547;Totaal mannen en vrouwen;40 tot 45 jaar;Sector economie;K Financiële dienstverlening;2012/'13;25;0;0;0;25;0;25;0;0;0;0;0;0;0;25
5548;Totaal mannen en vrouwen;40 tot 45 jaar;Sector economie;K Financiële dienstverlening;2013/'14;8;0;2;0;6;2;6;0;2;0;0;0;0;0;6
5549;Totaal mannen en vrouwen;40 tot 45 jaar;Sector economie;K Financiële dienstverlening;2014/'15;2;0;2;0;0;0;2;0;0;0;0;0;2;0;0
5550;Totaal mannen en vrouwen;40 tot 45 jaar;Sector economie;K Financiële dienstverlening;2015/'16;3;0;3;0;0;0;3;0;0;0;0;0;3;0;0
5551;Totaal mannen en vrouwen;40 tot 45 jaar;Sector economie;K Financiële dienstverlening;2016/'17;0;0;0;0;0;0;0;0;0;0;0;0;0;0;0
5552;Totaal mannen en vrouwen;40 tot 45 jaar;Sector economie;K Financiële dienstverlening;2017/'18;9;0;1;0;8;0;9;0;0;0;0;0;1;0;8
5553;Totaal mannen en vrouwen;40 tot 45 jaar;Sector economie;K Financiële dienstverlening;2018/'19;6;0;1;0;5;0;6;0;0;0;0;0;1;0;5
5554;Totaal mannen en vrouwen;40 tot 45 jaar;Sector economie;K Financiële dienstverlening;2019/'20;2;0;0;1;1;0;2;0;0;0;0;0;0;1;1
5555;Totaal mannen en vrouwen;40 tot 45 jaar;Sector economie;K Financiële dienstverlening;2020/'21;1;0;0;0;1;0;1;0;0;0;0;0;0;0;1
5556;Totaal mannen en vrouwen;40 tot 45 jaar;Sector economie;L Verhuur en handel van onroerend goed;2009/'10;3;1;2;0;0;0;3;0;0;0;0;1;2;0;0
5557;Totaal mannen en vrouwen;40 tot 45 jaar;Sector economie;L Verhuur en handel van onroerend goed;2010/'11;2;0;2;0;0;0;2;0;0;0;0;0;2;0;0
5558;Totaal mannen en vrouwen;40 tot 45 jaar;Sector economie;L Verhuur en handel van onroerend goed;2011/'12;7;0;7;0;0;0;7;0;0;0;0;0;7;0;0
5559;Totaal mannen en vrouwen;40 tot 45 jaar;Sector economie;L Verhuur en handel van onroerend goed;2012/'13;4;0;2;2;0;0;4;0;0;0;0;0;2;2;0
5560;Totaal mannen en vrouwen;40 tot 45 jaar;Sector economie;L Verhuur en handel van onroerend goed;2013/'14;2;0;2;0;0;0;2;0;0;0;0;0;2;0;0
5561;Totaal mannen en vrouwen;40 tot 45 jaar;Sector economie;L Verhuur en handel van onroerend goed;2014/'15;3;0;2;1;0;0;3;0;0;0;0;0;2;1;0
5562;Totaal mannen en vrouwen;40 tot 45 jaar;Sector economie;L Verhuur en handel van onroerend goed;2015/'16;0;0;0;0;0;0;0;0;0;0;0;0;0;0;0
5563;Totaal mannen en vrouwen;40 tot 45 jaar;Sector economie;L Verhuur en handel van onroerend goed;2016/'17;4;0;4;0;0;0;4;0;0;0;0;0;4;0;0
5564;Totaal mannen en vrouwen;40 tot 45 jaar;Sector economie;L Verhuur en handel van onroerend goed;2017/'18;2;0;0;1;1;0;2;0;0;0;0;0;0;1;1
5565;Totaal mannen en vrouwen;40 tot 45 jaar;Sector economie;L Verhuur en handel van onroerend goed;2018/'19;2;0;2;0;0;0;2;0;0;0;0;0;2;0;0
5566;Totaal mannen en vrouwen;40 tot 45 jaar;Sector economie;L Verhuur en handel van onroerend goed;2019/'20;0;0;0;0;0;0;0;0;0;0;0;0;0;0;0
5567;Totaal mannen en vrouwen;40 tot 45 jaar;Sector economie;L Verhuur en handel van onroerend goed;2020/'21;0;0;0;0;0;0;0;0;0;0;0;0;0;0;0
5568;Totaal mannen en vrouwen;40 tot 45 jaar;Sector economie;M-N Zakelijke dienstverlening;2009/'10;287;31;86;82;88;17;270;0;9;3;5;31;77;79;83
5569;Totaal mannen en vrouwen;40 tot 45 jaar;Sector economie;M-N Zakelijke dienstverlening;2010/'11;267;12;57;170;28;6;261;0;2;2;2;12;55;168;26
5570;Totaal mannen en vrouwen;40 tot 45 jaar;Sector economie;M-N Zakelijke dienstverlening;2011/'12;78;6;37;28;7;9;69;1;5;1;2;5;32;27;5
5571;Totaal mannen en vrouwen;40 tot 45 jaar;Sector economie;M-N Zakelijke dienstverlening;2012/'13;52;8;32;10;2;2;50;0;2;0;0;8;30;10;2
5572;Totaal mannen en vrouwen;40 tot 45 jaar;Sector economie;M-N Zakelijke dienstverlening;2013/'14;32;1;17;10;4;0;32;0;0;0;0;1;17;10;4
5573;Totaal mannen en vrouwen;40 tot 45 jaar;Sector economie;M-N Zakelijke dienstverlening;2014/'15;10;0;7;1;2;0;10;0;0;0;0;0;7;1;2
5574;Totaal mannen en vrouwen;40 tot 45 jaar;Sector economie;M-N Zakelijke dienstverlening;2015/'16;24;1;19;3;1;2;22;0;2;0;0;1;17;3;1
5575;Totaal mannen en vrouwen;40 tot 45 jaar;Sector economie;M-N Zakelijke dienstverlening;2016/'17;23;0;18;5;0;0;23;0;0;0;0;0;18;5;0
5576;Totaal mannen en vrouwen;40 tot 45 jaar;Sector economie;M-N Zakelijke dienstverlening;2017/'18;13;0;10;3;0;0;13;0;0;0;0;0;10;3;0
5577;Totaal mannen en vrouwen;40 tot 45 jaar;Sector economie;M-N Zakelijke dienstverlening;2018/'19;28;0;21;5;2;0;28;0;0;0;0;0;21;5;2
5578;Totaal mannen en vrouwen;40 tot 45 jaar;Sector economie;M-N Zakelijke dienstverlening;2019/'20;21;0;17;3;1;0;21;0;0;0;0;0;17;3;1
5579;Totaal mannen en vrouwen;40 tot 45 jaar;Sector economie;M-N Zakelijke dienstverlening;2020/'21;27;0;21;2;4;0;27;0;0;0;0;0;21;2;4
5580;Totaal mannen en vrouwen;40 tot 45 jaar;Sector economie;O-Q Overheid en zorg;2009/'10;160;15;53;51;41;10;150;0;2;3;5;15;51;48;36
5581;Totaal mannen en vrouwen;40 tot 45 jaar;Sector economie;O-Q Overheid en zorg;2010/'11;148;11;71;26;40;15;133;0;1;4;10;11;70;22;30
5582;Totaal mannen en vrouwen;40 tot 45 jaar;Sector economie;O-Q Overheid en zorg;2011/'12;120;6;61;27;26;14;106;1;6;2;5;5;55;25;21
5583;Totaal mannen en vrouwen;40 tot 45 jaar;Sector economie;O-Q Overheid en zorg;2012/'13;144;6;32;69;37;0;144;0;0;0;0;6;32;69;37
5584;Totaal mannen en vrouwen;40 tot 45 jaar;Sector economie;O-Q Overheid en zorg;2013/'14;75;0;23;26;26;0;75;0;0;0;0;0;23;26;26
5585;Totaal mannen en vrouwen;40 tot 45 jaar;Sector economie;O-Q Overheid en zorg;2014/'15;58;1;24;12;21;0;58;0;0;0;0;1;24;12;21
5586;Totaal mannen en vrouwen;40 tot 45 jaar;Sector economie;O-Q Overheid en zorg;2015/'16;26;0;14;4;8;0;26;0;0;0;0;0;14;4;8
5587;Totaal mannen en vrouwen;40 tot 45 jaar;Sector economie;O-Q Overheid en zorg;2016/'17;52;0;10;5;37;0;52;0;0;0;0;0;10;5;37
5588;Totaal mannen en vrouwen;40 tot 45 jaar;Sector economie;O-Q Overheid en zorg;2017/'18;38;0;15;9;14;0;38;0;0;0;0;0;15;9;14
5589;Totaal mannen en vrouwen;40 tot 45 jaar;Sector economie;O-Q Overheid en zorg;2018/'19;28;0;14;4;10;0;28;0;0;0;0;0;14;4;10
5590;Totaal mannen en vrouwen;40 tot 45 jaar;Sector economie;O-Q Overheid en zorg;2019/'20;25;0;9;3;13;0;25;0;0;0;0;0;9;3;13
5591;Totaal mannen en vrouwen;40 tot 45 jaar;Sector economie;O-Q Overheid en zorg;2020/'21;19;0;5;6;8;0;19;0;0;0;0;0;5;6;8
5592;Totaal mannen en vrouwen;40 tot 45 jaar;Sector economie;R-U Cultuur, recreatie, overige diensten;2009/'10;57;0;16;17;24;2;55;0;1;1;0;0;15;16;24
5593;Totaal mannen en vrouwen;40 tot 45 jaar;Sector economie;R-U Cultuur, recreatie, overige diensten;2010/'11;32;1;8;10;13;1;31;0;0;0;1;1;8;10;12
5594;Totaal mannen en vrouwen;40 tot 45 jaar;Sector economie;R-U Cultuur, recreatie, overige diensten;2011/'12;72;43;20;3;6;1;71;0;0;0;1;43;20;3;5
5595;Totaal mannen en vrouwen;40 tot 45 jaar;Sector economie;R-U Cultuur, recreatie, overige diensten;2012/'13;50;28;15;2;5;0;50;0;0;0;0;28;15;2;5
5596;Totaal mannen en vrouwen;40 tot 45 jaar;Sector economie;R-U Cultuur, recreatie, overige diensten;2013/'14;1;0;1;0;0;0;1;0;0;0;0;0;1;0;0
5597;Totaal mannen en vrouwen;40 tot 45 jaar;Sector economie;R-U Cultuur, recreatie, overige diensten;2014/'15;3;0;1;1;1;0;3;0;0;0;0;0;1;1;1
5598;Totaal mannen en vrouwen;40 tot 45 jaar;Sector economie;R-U Cultuur, recreatie, overige diensten;2015/'16;9;0;9;0;0;0;9;0;0;0;0;0;9;0;0
5599;Totaal mannen en vrouwen;40 tot 45 jaar;Sector economie;R-U Cultuur, recreatie, overige diensten;2016/'17;7;0;4;3;0;0;7;0;0;0;0;0;4;3;0
5600;Totaal mannen en vrouwen;40 tot 45 jaar;Sector economie;R-U Cultuur, recreatie, overige diensten;2017/'18;5;0;4;1;0;0;5;0;0;0;0;0;4;1;0
5601;Totaal mannen en vrouwen;40 tot 45 jaar;Sector economie;R-U Cultuur, recreatie, overige diensten;2018/'19;4;0;4;0;0;0;4;0;0;0;0;0;4;0;0
5602;Totaal mannen en vrouwen;40 tot 45 jaar;Sector economie;R-U Cultuur, recreatie, overige diensten;2019/'20;4;0;3;0;1;0;4;0;0;0;0;0;3;0;1
5603;Totaal mannen en vrouwen;40 tot 45 jaar;Sector economie;R-U Cultuur, recreatie, overige diensten;2020/'21;0;0;0;0;0;0;0;0;0;0;0;0;0;0;0
5604;Totaal mannen en vrouwen;40 tot 45 jaar;Sector economie;SBI-code onbekend;2009/'10;20;0;9;7;4;3;17;0;0;0;3;0;9;7;1
5605;Totaal mannen en vrouwen;40 tot 45 jaar;Sector economie;SBI-code onbekend;2010/'11;15;2;13;0;0;0;15;0;0;0;0;2;13;0;0
5606;Totaal mannen en vrouwen;40 tot 45 jaar;Sector economie;SBI-code onbekend;2011/'12;19;0;11;1;7;1;18;0;1;0;0;0;10;1;7
5607;Totaal mannen en vrouwen;40 tot 45 jaar;Sector economie;SBI-code onbekend;2012/'13;10;0;7;2;1;0;10;0;0;0;0;0;7;2;1
5608;Totaal mannen en vrouwen;40 tot 45 jaar;Sector economie;SBI-code onbekend;2013/'14;8;0;6;0;2;0;8;0;0;0;0;0;6;0;2
5609;Totaal mannen en vrouwen;40 tot 45 jaar;Sector economie;SBI-code onbekend;2014/'15;2;0;1;1;0;0;2;0;0;0;0;0;1;1;0
5610;Totaal mannen en vrouwen;40 tot 45 jaar;Sector economie;SBI-code onbekend;2015/'16;2;0;1;1;0;0;2;0;0;0;0;0;1;1;0
5611;Totaal mannen en vrouwen;40 tot 45 jaar;Sector economie;SBI-code onbekend;2016/'17;0;0;0;0;0;0;0;0;0;0;0;0;0;0;0
5612;Totaal mannen en vrouwen;40 tot 45 jaar;Sector economie;SBI-code onbekend;2017/'18;0;0;0;0;0;0;0;0;0;0;0;0;0;0;0
5613;Totaal mannen en vrouwen;40 tot 45 jaar;Sector economie;SBI-code onbekend;2018/'19;2;0;2;0;0;0;2;0;0;0;0;0;2;0;0
5614;Totaal mannen en vrouwen;40 tot 45 jaar;Sector economie;SBI-code onbekend;2019/'20;1;0;1;0;0;0;1;0;0;0;0;0;1;0;0
5615;Totaal mannen en vrouwen;40 tot 45 jaar;Sector economie;SBI-code onbekend;2020/'21;0;0;0;0;0;0;0;0;0;0;0;0;0;0;0
5616;Totaal mannen en vrouwen;40 tot 45 jaar;Sector techniek;A-U Alle economische activiteiten;2009/'10;2123;386;1307;234;196;53;2070;1;30;12;10;385;1277;222;186
5617;Totaal mannen en vrouwen;40 tot 45 jaar;Sector techniek;A-U Alle economische activiteiten;2010/'11;1168;243;649;157;119;45;1123;0;23;3;19;243;626;154;100
5618;Totaal mannen en vrouwen;40 tot 45 jaar;Sector techniek;A-U Alle economische activiteiten;2011/'12;1107;108;766;138;95;31;1076;1;17;6;7;107;749;132;88
5619;Totaal mannen en vrouwen;40 tot 45 jaar;Sector techniek;A-U Alle economische activiteiten;2012/'13;1044;185;633;140;86;18;1026;0;14;4;0;185;619;136;86
5620;Totaal mannen en vrouwen;40 tot 45 jaar;Sector techniek;A-U Alle economische activiteiten;2013/'14;284;26;121;84;53;5;279;0;4;1;0;26;117;83;53
5621;Totaal mannen en vrouwen;40 tot 45 jaar;Sector techniek;A-U Alle economische activiteiten;2014/'15;234;40;82;60;52;2;232;2;0;0;0;38;82;60;52
5622;Totaal mannen en vrouwen;40 tot 45 jaar;Sector techniek;A-U Alle economische activiteiten;2015/'16;297;44;137;79;37;2;295;1;1;0;0;43;136;79;37
5623;Totaal mannen en vrouwen;40 tot 45 jaar;Sector techniek;A-U Alle economische activiteiten;2016/'17;345;4;163;115;63;5;340;0;3;0;2;4;160;115;61
5624;Totaal mannen en vrouwen;40 tot 45 jaar;Sector techniek;A-U Alle economische activiteiten;2017/'18;270;0;99;106;65;1;269;0;1;0;0;0;98;106;65
5625;Totaal mannen en vrouwen;40 tot 45 jaar;Sector techniek;A-U Alle economische activiteiten;2018/'19;297;0;130;104;63;3;294;0;2;0;1;0;128;104;62
5626;Totaal mannen en vrouwen;40 tot 45 jaar;Sector techniek;A-U Alle economische activiteiten;2019/'20;289;0;114;117;58;4;285;0;3;1;0;0;111;116;58
5627;Totaal mannen en vrouwen;40 tot 45 jaar;Sector techniek;A-U Alle economische activiteiten;2020/'21;253;0;101;99;53;4;249;0;3;1;0;0;98;98;53
5628;Totaal mannen en vrouwen;40 tot 45 jaar;Sector techniek;A Landbouw, bosbouw en visserij;2009/'10;4;0;4;0;0;1;3;0;1;0;0;0;3;0;0
5629;Totaal mannen en vrouwen;40 tot 45 jaar;Sector techniek;A Landbouw, bosbouw en visserij;2010/'11;7;2;4;1;0;0;7;0;0;0;0;2;4;1;0
5630;Totaal mannen en vrouwen;40 tot 45 jaar;Sector techniek;A Landbouw, bosbouw en visserij;2011/'12;9;1;6;0;2;1;8;0;0;0;1;1;6;0;1
5631;Totaal mannen en vrouwen;40 tot 45 jaar;Sector techniek;A Landbouw, bosbouw en visserij;2012/'13;4;0;2;1;1;0;4;0;0;0;0;0;2;1;1
5632;Totaal mannen en vrouwen;40 tot 45 jaar;Sector techniek;A Landbouw, bosbouw en visserij;2013/'14;0;0;0;0;0;0;0;0;0;0;0;0;0;0;0
5633;Totaal mannen en vrouwen;40 tot 45 jaar;Sector techniek;A Landbouw, bosbouw en visserij;2014/'15;3;0;3;0;0;0;3;0;0;0;0;0;3;0;0
5634;Totaal mannen en vrouwen;40 tot 45 jaar;Sector techniek;A Landbouw, bosbouw en visserij;2015/'16;0;0;0;0;0;0;0;0;0;0;0;0;0;0;0
5635;Totaal mannen en vrouwen;40 tot 45 jaar;Sector techniek;A Landbouw, bosbouw en visserij;2016/'17;2;0;0;2;0;0;2;0;0;0;0;0;0;2;0
5636;Totaal mannen en vrouwen;40 tot 45 jaar;Sector techniek;A Landbouw, bosbouw en visserij;2017/'18;0;0;0;0;0;0;0;0;0;0;0;0;0;0;0
5637;Totaal mannen en vrouwen;40 tot 45 jaar;Sector techniek;A Landbouw, bosbouw en visserij;2018/'19;2;0;2;0;0;0;2;0;0;0;0;0;2;0;0
5638;Totaal mannen en vrouwen;40 tot 45 jaar;Sector techniek;A Landbouw, bosbouw en visserij;2019/'20;2;0;2;0;0;0;2;0;0;0;0;0;2;0;0
5639;Totaal mannen en vrouwen;40 tot 45 jaar;Sector techniek;A Landbouw, bosbouw en visserij;2020/'21;3;0;1;2;0;0;3;0;0;0;0;0;1;2;0
5640;Totaal mannen en vrouwen;40 tot 45 jaar;Sector techniek;B-E Nijverheid (geen bouw) en energie;2009/'10;598;324;180;60;34;9;589;0;5;3;1;324;175;57;33
5641;Totaal mannen en vrouwen;40 tot 45 jaar;Sector techniek;B-E Nijverheid (geen bouw) en energie;2010/'11;426;200;138;58;30;5;421;0;2;1;2;200;136;57;28
5642;Totaal mannen en vrouwen;40 tot 45 jaar;Sector techniek;B-E Nijverheid (geen bouw) en energie;2011/'12;234;55;112;47;20;4;230;0;1;0;3;55;111;47;17
5643;Totaal mannen en vrouwen;40 tot 45 jaar;Sector techniek;B-E Nijverheid (geen bouw) en energie;2012/'13;303;95;146;51;11;4;299;0;1;3;0;95;145;48;11
5644;Totaal mannen en vrouwen;40 tot 45 jaar;Sector techniek;B-E Nijverheid (geen bouw) en energie;2013/'14;110;17;36;43;14;1;109;0;1;0;0;17;35;43;14
5645;Totaal mannen en vrouwen;40 tot 45 jaar;Sector techniek;B-E Nijverheid (geen bouw) en energie;2014/'15;82;20;29;19;14;0;82;0;0;0;0;20;29;19;14
5646;Totaal mannen en vrouwen;40 tot 45 jaar;Sector techniek;B-E Nijverheid (geen bouw) en energie;2015/'16;131;20;66;35;10;0;131;0;0;0;0;20;66;35;10
5647;Totaal mannen en vrouwen;40 tot 45 jaar;Sector techniek;B-E Nijverheid (geen bouw) en energie;2016/'17;112;3;58;36;15;1;111;0;0;0;1;3;58;36;14
5648;Totaal mannen en vrouwen;40 tot 45 jaar;Sector techniek;B-E Nijverheid (geen bouw) en energie;2017/'18;68;0;29;28;11;0;68;0;0;0;0;0;29;28;11
5649;Totaal mannen en vrouwen;40 tot 45 jaar;Sector techniek;B-E Nijverheid (geen bouw) en energie;2018/'19;72;0;34;28;10;0;72;0;0;0;0;0;34;28;10
5650;Totaal mannen en vrouwen;40 tot 45 jaar;Sector techniek;B-E Nijverheid (geen bouw) en energie;2019/'20;64;0;23;26;15;0;64;0;0;0;0;0;23;26;15
5651;Totaal mannen en vrouwen;40 tot 45 jaar;Sector techniek;B-E Nijverheid (geen bouw) en energie;2020/'21;61;0;25;26;10;1;60;0;1;0;0;0;24;26;10
5652;Totaal mannen en vrouwen;40 tot 45 jaar;Sector techniek;F Bouwnijverheid;2009/'10;242;0;73;80;89;2;240;0;0;2;0;0;73;78;89
5653;Totaal mannen en vrouwen;40 tot 45 jaar;Sector techniek;F Bouwnijverheid;2010/'11;120;4;58;36;22;7;113;0;2;1;4;4;56;35;18
5654;Totaal mannen en vrouwen;40 tot 45 jaar;Sector techniek;F Bouwnijverheid;2011/'12;91;0;38;33;20;3;88;0;2;0;1;0;36;33;19
5655;Totaal mannen en vrouwen;40 tot 45 jaar;Sector techniek;F Bouwnijverheid;2012/'13;79;0;37;19;23;0;79;0;0;0;0;0;37;19;23
5656;Totaal mannen en vrouwen;40 tot 45 jaar;Sector techniek;F Bouwnijverheid;2013/'14;35;0;19;7;9;0;35;0;0;0;0;0;19;7;9
5657;Totaal mannen en vrouwen;40 tot 45 jaar;Sector techniek;F Bouwnijverheid;2014/'15;22;0;7;7;8;0;22;0;0;0;0;0;7;7;8
5658;Totaal mannen en vrouwen;40 tot 45 jaar;Sector techniek;F Bouwnijverheid;2015/'16;22;3;7;9;3;1;21;0;1;0;0;3;6;9;3
5659;Totaal mannen en vrouwen;40 tot 45 jaar;Sector techniek;F Bouwnijverheid;2016/'17;36;0;12;18;6;0;36;0;0;0;0;0;12;18;6
5660;Totaal mannen en vrouwen;40 tot 45 jaar;Sector techniek;F Bouwnijverheid;2017/'18;27;0;6;14;7;1;26;0;1;0;0;0;5;14;7
5661;Totaal mannen en vrouwen;40 tot 45 jaar;Sector techniek;F Bouwnijverheid;2018/'19;34;0;13;15;6;1;33;0;1;0;0;0;12;15;6
5662;Totaal mannen en vrouwen;40 tot 45 jaar;Sector techniek;F Bouwnijverheid;2019/'20;41;0;20;16;5;1;40;0;1;0;0;0;19;16;5
5663;Totaal mannen en vrouwen;40 tot 45 jaar;Sector techniek;F Bouwnijverheid;2020/'21;28;0;18;7;3;0;28;0;0;0;0;0;18;7;3
5664;Totaal mannen en vrouwen;40 tot 45 jaar;Sector techniek;G-I Handel, vervoer en horeca;2009/'10;921;31;823;39;28;13;908;1;7;1;4;30;816;38;24
5665;Totaal mannen en vrouwen;40 tot 45 jaar;Sector techniek;G-I Handel, vervoer en horeca;2010/'11;391;10;321;23;37;6;385;0;4;0;2;10;317;23;35
5666;Totaal mannen en vrouwen;40 tot 45 jaar;Sector techniek;G-I Handel, vervoer en horeca;2011/'12;483;2;435;21;25;5;478;0;2;1;2;2;433;20;23
5667;Totaal mannen en vrouwen;40 tot 45 jaar;Sector techniek;G-I Handel, vervoer en horeca;2012/'13;439;53;325;28;33;2;437;0;2;0;0;53;323;28;33
5668;Totaal mannen en vrouwen;40 tot 45 jaar;Sector techniek;G-I Handel, vervoer en horeca;2013/'14;63;2;33;17;11;1;62;0;0;1;0;2;33;16;11
5669;Totaal mannen en vrouwen;40 tot 45 jaar;Sector techniek;G-I Handel, vervoer en horeca;2014/'15;54;2;18;20;14;0;54;0;0;0;0;2;18;20;14
5670;Totaal mannen en vrouwen;40 tot 45 jaar;Sector techniek;G-I Handel, vervoer en horeca;2015/'16;42;1;14;12;15;0;42;0;0;0;0;1;14;12;15
5671;Totaal mannen en vrouwen;40 tot 45 jaar;Sector techniek;G-I Handel, vervoer en horeca;2016/'17;70;1;20;25;24;1;69;0;1;0;0;1;19;25;24
5672;Totaal mannen en vrouwen;40 tot 45 jaar;Sector techniek;G-I Handel, vervoer en horeca;2017/'18;61;0;13;22;26;0;61;0;0;0;0;0;13;22;26
5673;Totaal mannen en vrouwen;40 tot 45 jaar;Sector techniek;G-I Handel, vervoer en horeca;2018/'19;80;0;27;28;25;2;78;0;1;0;1;0;26;28;24
5674;Totaal mannen en vrouwen;40 tot 45 jaar;Sector techniek;G-I Handel, vervoer en horeca;2019/'20;69;0;27;23;19;1;68;0;1;0;0;0;26;23;19
5675;Totaal mannen en vrouwen;40 tot 45 jaar;Sector techniek;G-I Handel, vervoer en horeca;2020/'21;72;0;17;35;20;1;71;0;1;0;0;0;16;35;20
5676;Totaal mannen en vrouwen;40 tot 45 jaar;Sector techniek;J Informatie en communicatie;2009/'10;4;0;4;0;0;2;2;0;2;0;0;0;2;0;0
5677;Totaal mannen en vrouwen;40 tot 45 jaar;Sector techniek;J Informatie en communicatie;2010/'11;5;0;4;0;1;0;5;0;0;0;0;0;4;0;1
5678;Totaal mannen en vrouwen;40 tot 45 jaar;Sector techniek;J Informatie en communicatie;2011/'12;4;1;2;0;1;1;3;0;1;0;0;1;1;0;1
5679;Totaal mannen en vrouwen;40 tot 45 jaar;Sector techniek;J Informatie en communicatie;2012/'13;1;0;0;1;0;0;1;0;0;0;0;0;0;1;0
5680;Totaal mannen en vrouwen;40 tot 45 jaar;Sector techniek;J Informatie en communicatie;2013/'14;1;0;0;0;1;0;1;0;0;0;0;0;0;0;1
5681;Totaal mannen en vrouwen;40 tot 45 jaar;Sector techniek;J Informatie en communicatie;2014/'15;2;0;0;1;1;0;2;0;0;0;0;0;0;1;1
5682;Totaal mannen en vrouwen;40 tot 45 jaar;Sector techniek;J Informatie en communicatie;2015/'16;1;0;0;0;1;0;1;0;0;0;0;0;0;0;1
5683;Totaal mannen en vrouwen;40 tot 45 jaar;Sector techniek;J Informatie en communicatie;2016/'17;2;0;1;1;0;0;2;0;0;0;0;0;1;1;0
5684;Totaal mannen en vrouwen;40 tot 45 jaar;Sector techniek;J Informatie en communicatie;2017/'18;2;0;0;1;1;0;2;0;0;0;0;0;0;1;1
5685;Totaal mannen en vrouwen;40 tot 45 jaar;Sector techniek;J Informatie en communicatie;2018/'19;0;0;0;0;0;0;0;0;0;0;0;0;0;0;0
5686;Totaal mannen en vrouwen;40 tot 45 jaar;Sector techniek;J Informatie en communicatie;2019/'20;3;0;1;1;1;0;3;0;0;0;0;0;1;1;1
5687;Totaal mannen en vrouwen;40 tot 45 jaar;Sector techniek;J Informatie en communicatie;2020/'21;1;0;0;0;1;0;1;0;0;0;0;0;0;0;1
5688;Totaal mannen en vrouwen;40 tot 45 jaar;Sector techniek;K Financiële dienstverlening;2009/'10;10;4;4;0;2;1;9;0;0;0;1;4;4;0;1
5689;Totaal mannen en vrouwen;40 tot 45 jaar;Sector techniek;K Financiële dienstverlening;2010/'11;3;0;2;0;1;1;2;0;1;0;0;0;1;0;1
5690;Totaal mannen en vrouwen;40 tot 45 jaar;Sector techniek;K Financiële dienstverlening;2011/'12;3;0;1;1;1;0;3;0;0;0;0;0;1;1;1
5691;Totaal mannen en vrouwen;40 tot 45 jaar;Sector techniek;K Financiële dienstverlening;2012/'13;0;0;0;0;0;0;0;0;0;0;0;0;0;0;0
5692;Totaal mannen en vrouwen;40 tot 45 jaar;Sector techniek;K Financiële dienstverlening;2013/'14;1;0;1;0;0;0;1;0;0;0;0;0;1;0;0
5693;Totaal mannen en vrouwen;40 tot 45 jaar;Sector techniek;K Financiële dienstverlening;2014/'15;2;1;0;1;0;0;2;0;0;0;0;1;0;1;0
5694;Totaal mannen en vrouwen;40 tot 45 jaar;Sector techniek;K Financiële dienstverlening;2015/'16;0;0;0;0;0;0;0;0;0;0;0;0;0;0;0
5695;Totaal mannen en vrouwen;40 tot 45 jaar;Sector techniek;K Financiële dienstverlening;2016/'17;1;0;1;0;0;0;1;0;0;0;0;0;1;0;0
5696;Totaal mannen en vrouwen;40 tot 45 jaar;Sector techniek;K Financiële dienstverlening;2017/'18;1;0;0;0;1;0;1;0;0;0;0;0;0;0;1
5697;Totaal mannen en vrouwen;40 tot 45 jaar;Sector techniek;K Financiële dienstverlening;2018/'19;2;0;0;0;2;0;2;0;0;0;0;0;0;0;2
5698;Totaal mannen en vrouwen;40 tot 45 jaar;Sector techniek;K Financiële dienstverlening;2019/'20;4;0;1;0;3;0;4;0;0;0;0;0;1;0;3
5699;Totaal mannen en vrouwen;40 tot 45 jaar;Sector techniek;K Financiële dienstverlening;2020/'21;0;0;0;0;0;0;0;0;0;0;0;0;0;0;0
5700;Totaal mannen en vrouwen;40 tot 45 jaar;Sector techniek;L Verhuur en handel van onroerend goed;2009/'10;12;0;10;2;0;0;12;0;0;0;0;0;10;2;0
5701;Totaal mannen en vrouwen;40 tot 45 jaar;Sector techniek;L Verhuur en handel van onroerend goed;2010/'11;0;0;0;0;0;0;0;0;0;0;0;0;0;0;0
5702;Totaal mannen en vrouwen;40 tot 45 jaar;Sector techniek;L Verhuur en handel van onroerend goed;2011/'12;2;0;2;0;0;0;2;0;0;0;0;0;2;0;0
5703;Totaal mannen en vrouwen;40 tot 45 jaar;Sector techniek;L Verhuur en handel van onroerend goed;2012/'13;5;0;5;0;0;1;4;0;1;0;0;0;4;0;0
5704;Totaal mannen en vrouwen;40 tot 45 jaar;Sector techniek;L Verhuur en handel van onroerend goed;2013/'14;2;0;1;1;0;0;2;0;0;0;0;0;1;1;0
5705;Totaal mannen en vrouwen;40 tot 45 jaar;Sector techniek;L Verhuur en handel van onroerend goed;2014/'15;1;0;1;0;0;0;1;0;0;0;0;0;1;0;0
5706;Totaal mannen en vrouwen;40 tot 45 jaar;Sector techniek;L Verhuur en handel van onroerend goed;2015/'16;3;0;3;0;0;0;3;0;0;0;0;0;3;0;0
5707;Totaal mannen en vrouwen;40 tot 45 jaar;Sector techniek;L Verhuur en handel van onroerend goed;2016/'17;2;0;0;2;0;0;2;0;0;0;0;0;0;2;0
5708;Totaal mannen en vrouwen;40 tot 45 jaar;Sector techniek;L Verhuur en handel van onroerend goed;2017/'18;3;0;1;2;0;0;3;0;0;0;0;0;1;2;0
5709;Totaal mannen en vrouwen;40 tot 45 jaar;Sector techniek;L Verhuur en handel van onroerend goed;2018/'19;3;0;1;2;0;0;3;0;0;0;0;0;1;2;0
5710;Totaal mannen en vrouwen;40 tot 45 jaar;Sector techniek;L Verhuur en handel van onroerend goed;2019/'20;1;0;0;1;0;0;1;0;0;0;0;0;0;1;0
5711;Totaal mannen en vrouwen;40 tot 45 jaar;Sector techniek;L Verhuur en handel van onroerend goed;2020/'21;0;0;0;0;0;0;0;0;0;0;0;0;0;0;0
5712;Totaal mannen en vrouwen;40 tot 45 jaar;Sector techniek;M-N Zakelijke dienstverlening;2009/'10;170;24;99;33;14;6;164;0;4;2;0;24;95;31;14
5713;Totaal mannen en vrouwen;40 tot 45 jaar;Sector techniek;M-N Zakelijke dienstverlening;2010/'11;126;23;60;33;10;7;119;0;3;1;3;23;57;32;7
5714;Totaal mannen en vrouwen;40 tot 45 jaar;Sector techniek;M-N Zakelijke dienstverlening;2011/'12;163;18;111;19;15;4;159;1;3;0;0;17;108;19;15
5715;Totaal mannen en vrouwen;40 tot 45 jaar;Sector techniek;M-N Zakelijke dienstverlening;2012/'13;131;24;79;21;7;6;125;0;6;0;0;24;73;21;7
5716;Totaal mannen en vrouwen;40 tot 45 jaar;Sector techniek;M-N Zakelijke dienstverlening;2013/'14;40;6;19;13;2;0;40;0;0;0;0;6;19;13;2
5717;Totaal mannen en vrouwen;40 tot 45 jaar;Sector techniek;M-N Zakelijke dienstverlening;2014/'15;42;12;19;6;5;2;40;2;0;0;0;10;19;6;5
5718;Totaal mannen en vrouwen;40 tot 45 jaar;Sector techniek;M-N Zakelijke dienstverlening;2015/'16;60;8;31;17;4;0;60;0;0;0;0;8;31;17;4
5719;Totaal mannen en vrouwen;40 tot 45 jaar;Sector techniek;M-N Zakelijke dienstverlening;2016/'17;68;0;39;20;9;1;67;0;0;0;1;0;39;20;8
5720;Totaal mannen en vrouwen;40 tot 45 jaar;Sector techniek;M-N Zakelijke dienstverlening;2017/'18;79;0;37;34;8;0;79;0;0;0;0;0;37;34;8
5721;Totaal mannen en vrouwen;40 tot 45 jaar;Sector techniek;M-N Zakelijke dienstverlening;2018/'19;73;0;41;22;10;0;73;0;0;0;0;0;41;22;10
5722;Totaal mannen en vrouwen;40 tot 45 jaar;Sector techniek;M-N Zakelijke dienstverlening;2019/'20;78;0;32;37;9;1;77;0;0;1;0;0;32;36;9
5723;Totaal mannen en vrouwen;40 tot 45 jaar;Sector techniek;M-N Zakelijke dienstverlening;2020/'21;57;0;25;19;13;0;57;0;0;0;0;0;25;19;13
5724;Totaal mannen en vrouwen;40 tot 45 jaar;Sector techniek;O-Q Overheid en zorg;2009/'10;90;1;50;16;23;12;78;0;7;3;2;1;43;13;21
5725;Totaal mannen en vrouwen;40 tot 45 jaar;Sector techniek;O-Q Overheid en zorg;2010/'11;39;1;27;2;9;6;33;0;3;0;3;1;24;2;6
5726;Totaal mannen en vrouwen;40 tot 45 jaar;Sector techniek;O-Q Overheid en zorg;2011/'12;51;1;30;13;7;7;44;0;3;4;0;1;27;9;7
5727;Totaal mannen en vrouwen;40 tot 45 jaar;Sector techniek;O-Q Overheid en zorg;2012/'13;41;4;16;14;7;3;38;0;2;1;0;4;14;13;7
5728;Totaal mannen en vrouwen;40 tot 45 jaar;Sector techniek;O-Q Overheid en zorg;2013/'14;19;1;5;2;11;2;17;0;2;0;0;1;3;2;11
5729;Totaal mannen en vrouwen;40 tot 45 jaar;Sector techniek;O-Q Overheid en zorg;2014/'15;16;5;3;3;5;0;16;0;0;0;0;5;3;3;5
5730;Totaal mannen en vrouwen;40 tot 45 jaar;Sector techniek;O-Q Overheid en zorg;2015/'16;32;12;13;5;2;1;31;1;0;0;0;11;13;5;2
5731;Totaal mannen en vrouwen;40 tot 45 jaar;Sector techniek;O-Q Overheid en zorg;2016/'17;43;0;29;9;5;2;41;0;2;0;0;0;27;9;5
5732;Totaal mannen en vrouwen;40 tot 45 jaar;Sector techniek;O-Q Overheid en zorg;2017/'18;20;0;7;4;9;0;20;0;0;0;0;0;7;4;9
5733;Totaal mannen en vrouwen;40 tot 45 jaar;Sector techniek;O-Q Overheid en zorg;2018/'19;22;0;8;7;7;0;22;0;0;0;0;0;8;7;7
5734;Totaal mannen en vrouwen;40 tot 45 jaar;Sector techniek;O-Q Overheid en zorg;2019/'20;19;0;6;8;5;1;18;0;1;0;0;0;5;8;5
5735;Totaal mannen en vrouwen;40 tot 45 jaar;Sector techniek;O-Q Overheid en zorg;2020/'21;29;0;13;10;6;2;27;0;1;1;0;0;12;9;6
5736;Totaal mannen en vrouwen;40 tot 45 jaar;Sector techniek;R-U Cultuur, recreatie, overige diensten;2009/'10;9;0;7;1;1;1;8;0;1;0;0;0;6;1;1
5737;Totaal mannen en vrouwen;40 tot 45 jaar;Sector techniek;R-U Cultuur, recreatie, overige diensten;2010/'11;6;1;3;1;1;0;6;0;0;0;0;1;3;1;1
5738;Totaal mannen en vrouwen;40 tot 45 jaar;Sector techniek;R-U Cultuur, recreatie, overige diensten;2011/'12;38;30;8;0;0;2;36;0;2;0;0;30;6;0;0
5739;Totaal mannen en vrouwen;40 tot 45 jaar;Sector techniek;R-U Cultuur, recreatie, overige diensten;2012/'13;19;7;10;0;2;2;17;0;2;0;0;7;8;0;2
5740;Totaal mannen en vrouwen;40 tot 45 jaar;Sector techniek;R-U Cultuur, recreatie, overige diensten;2013/'14;1;0;1;0;0;0;1;0;0;0;0;0;1;0;0
5741;Totaal mannen en vrouwen;40 tot 45 jaar;Sector techniek;R-U Cultuur, recreatie, overige diensten;2014/'15;1;0;0;0;1;0;1;0;0;0;0;0;0;0;1
5742;Totaal mannen en vrouwen;40 tot 45 jaar;Sector techniek;R-U Cultuur, recreatie, overige diensten;2015/'16;5;0;3;0;2;0;5;0;0;0;0;0;3;0;2
5743;Totaal mannen en vrouwen;40 tot 45 jaar;Sector techniek;R-U Cultuur, recreatie, overige diensten;2016/'17;5;0;1;1;3;0;5;0;0;0;0;0;1;1;3
5744;Totaal mannen en vrouwen;40 tot 45 jaar;Sector techniek;R-U Cultuur, recreatie, overige diensten;2017/'18;8;0;5;1;2;0;8;0;0;0;0;0;5;1;2
5745;Totaal mannen en vrouwen;40 tot 45 jaar;Sector techniek;R-U Cultuur, recreatie, overige diensten;2018/'19;7;0;2;2;3;0;7;0;0;0;0;0;2;2;3
5746;Totaal mannen en vrouwen;40 tot 45 jaar;Sector techniek;R-U Cultuur, recreatie, overige diensten;2019/'20;8;0;2;5;1;0;8;0;0;0;0;0;2;5;1
5747;Totaal mannen en vrouwen;40 tot 45 jaar;Sector techniek;R-U Cultuur, recreatie, overige diensten;2020/'21;2;0;2;0;0;0;2;0;0;0;0;0;2;0;0
5748;Totaal mannen en vrouwen;40 tot 45 jaar;Sector techniek;SBI-code onbekend;2009/'10;63;2;53;3;5;6;57;0;3;1;2;2;50;2;3
5749;Totaal mannen en vrouwen;40 tot 45 jaar;Sector techniek;SBI-code onbekend;2010/'11;45;2;32;3;8;13;32;0;8;0;5;2;24;3;3
5750;Totaal mannen en vrouwen;40 tot 45 jaar;Sector techniek;SBI-code onbekend;2011/'12;29;0;21;4;4;4;25;0;3;1;0;0;18;3;4
5751;Totaal mannen en vrouwen;40 tot 45 jaar;Sector techniek;SBI-code onbekend;2012/'13;22;2;13;5;2;0;22;0;0;0;0;2;13;5;2
5752;Totaal mannen en vrouwen;40 tot 45 jaar;Sector techniek;SBI-code onbekend;2013/'14;12;0;6;1;5;1;11;0;1;0;0;0;5;1;5
5753;Totaal mannen en vrouwen;40 tot 45 jaar;Sector techniek;SBI-code onbekend;2014/'15;9;0;2;3;4;0;9;0;0;0;0;0;2;3;4
5754;Totaal mannen en vrouwen;40 tot 45 jaar;Sector techniek;SBI-code onbekend;2015/'16;1;0;0;1;0;0;1;0;0;0;0;0;0;1;0
5755;Totaal mannen en vrouwen;40 tot 45 jaar;Sector techniek;SBI-code onbekend;2016/'17;4;0;2;1;1;0;4;0;0;0;0;0;2;1;1
5756;Totaal mannen en vrouwen;40 tot 45 jaar;Sector techniek;SBI-code onbekend;2017/'18;1;0;1;0;0;0;1;0;0;0;0;0;1;0;0
5757;Totaal mannen en vrouwen;40 tot 45 jaar;Sector techniek;SBI-code onbekend;2018/'19;2;0;2;0;0;0;2;0;0;0;0;0;2;0;0
5758;Totaal mannen en vrouwen;40 tot 45 jaar;Sector techniek;SBI-code onbekend;2019/'20;0;0;0;0;0;0;0;0;0;0;0;0;0;0;0
5759;Totaal mannen en vrouwen;40 tot 45 jaar;Sector techniek;SBI-code onbekend;2020/'21;0;0;0;0;0;0;0;0;0;0;0;0;0;0;0
5760;Totaal mannen en vrouwen;40 tot 45 jaar;Sector zorg en welzijn;A-U Alle economische activiteiten;2009/'10;1783;84;435;751;513;245;1538;2;86;78;79;82;349;673;434
5761;Totaal mannen en vrouwen;40 tot 45 jaar;Sector zorg en welzijn;A-U Alle economische activiteiten;2010/'11;1429;43;310;600;476;184;1245;1;50;47;86;42;260;553;390
5762;Totaal mannen en vrouwen;40 tot 45 jaar;Sector zorg en welzijn;A-U Alle economische activiteiten;2011/'12;1360;60;355;593;352;153;1207;4;46;38;65;56;309;555;287
5763;Totaal mannen en vrouwen;40 tot 45 jaar;Sector zorg en welzijn;A-U Alle economische activiteiten;2012/'13;1190;40;304;539;307;84;1106;0;25;14;45;40;279;525;262
5764;Totaal mannen en vrouwen;40 tot 45 jaar;Sector zorg en welzijn;A-U Alle economische activiteiten;2013/'14;655;12;175;300;168;38;617;0;11;11;16;12;164;289;152
5765;Totaal mannen en vrouwen;40 tot 45 jaar;Sector zorg en welzijn;A-U Alle economische activiteiten;2014/'15;402;2;66;209;125;10;392;1;2;5;2;1;64;204;123
5766;Totaal mannen en vrouwen;40 tot 45 jaar;Sector zorg en welzijn;A-U Alle economische activiteiten;2015/'16;392;6;47;227;112;6;386;0;0;4;2;6;47;223;110
5767;Totaal mannen en vrouwen;40 tot 45 jaar;Sector zorg en welzijn;A-U Alle economische activiteiten;2016/'17;842;0;71;432;339;13;829;0;1;9;3;0;70;423;336
5768;Totaal mannen en vrouwen;40 tot 45 jaar;Sector zorg en welzijn;A-U Alle economische activiteiten;2017/'18;929;0;82;511;336;24;905;0;1;14;9;0;81;497;327
5769;Totaal mannen en vrouwen;40 tot 45 jaar;Sector zorg en welzijn;A-U Alle economische activiteiten;2018/'19;1210;0;178;572;460;12;1198;0;4;6;2;0;174;566;458
5770;Totaal mannen en vrouwen;40 tot 45 jaar;Sector zorg en welzijn;A-U Alle economische activiteiten;2019/'20;1105;0;169;462;474;12;1093;0;2;6;4;0;167;456;470
5771;Totaal mannen en vrouwen;40 tot 45 jaar;Sector zorg en welzijn;A-U Alle economische activiteiten;2020/'21;1120;0;168;488;464;24;1096;0;3;10;11;0;165;478;453
5772;Totaal mannen en vrouwen;40 tot 45 jaar;Sector zorg en welzijn;A Landbouw, bosbouw en visserij;2009/'10;4;0;1;0;3;0;4;0;0;0;0;0;1;0;3
5773;Totaal mannen en vrouwen;40 tot 45 jaar;Sector zorg en welzijn;A Landbouw, bosbouw en visserij;2010/'11;8;0;3;5;0;2;6;0;1;1;0;0;2;4;0
5774;Totaal mannen en vrouwen;40 tot 45 jaar;Sector zorg en welzijn;A Landbouw, bosbouw en visserij;2011/'12;5;1;0;3;1;3;2;0;0;3;0;1;0;0;1
5775;Totaal mannen en vrouwen;40 tot 45 jaar;Sector zorg en welzijn;A Landbouw, bosbouw en visserij;2012/'13;8;0;2;5;1;3;5;0;1;1;1;0;1;4;0
5776;Totaal mannen en vrouwen;40 tot 45 jaar;Sector zorg en welzijn;A Landbouw, bosbouw en visserij;2013/'14;1;0;0;1;0;0;1;0;0;0;0;0;0;1;0
5777;Totaal mannen en vrouwen;40 tot 45 jaar;Sector zorg en welzijn;A Landbouw, bosbouw en visserij;2014/'15;0;0;0;0;0;0;0;0;0;0;0;0;0;0;0
5778;Totaal mannen en vrouwen;40 tot 45 jaar;Sector zorg en welzijn;A Landbouw, bosbouw en visserij;2015/'16;4;1;0;3;0;0;4;0;0;0;0;1;0;3;0
5779;Totaal mannen en vrouwen;40 tot 45 jaar;Sector zorg en welzijn;A Landbouw, bosbouw en visserij;2016/'17;3;0;0;2;1;0;3;0;0;0;0;0;0;2;1
5780;Totaal mannen en vrouwen;40 tot 45 jaar;Sector zorg en welzijn;A Landbouw, bosbouw en visserij;2017/'18;5;0;0;5;0;1;4;0;0;1;0;0;0;4;0
5781;Totaal mannen en vrouwen;40 tot 45 jaar;Sector zorg en welzijn;A Landbouw, bosbouw en visserij;2018/'19;10;0;0;9;1;0;10;0;0;0;0;0;0;9;1
5782;Totaal mannen en vrouwen;40 tot 45 jaar;Sector zorg en welzijn;A Landbouw, bosbouw en visserij;2019/'20;10;0;1;6;3;0;10;0;0;0;0;0;1;6;3
5783;Totaal mannen en vrouwen;40 tot 45 jaar;Sector zorg en welzijn;A Landbouw, bosbouw en visserij;2020/'21;9;0;3;2;4;0;9;0;0;0;0;0;3;2;4
5784;Totaal mannen en vrouwen;40 tot 45 jaar;Sector zorg en welzijn;B-E Nijverheid (geen bouw) en energie;2009/'10;121;4;27;40;50;18;103;0;6;7;5;4;21;33;45
5785;Totaal mannen en vrouwen;40 tot 45 jaar;Sector zorg en welzijn;B-E Nijverheid (geen bouw) en energie;2010/'11;72;0;24;28;20;17;55;0;6;4;7;0;18;24;13
5786;Totaal mannen en vrouwen;40 tot 45 jaar;Sector zorg en welzijn;B-E Nijverheid (geen bouw) en energie;2011/'12;40;2;6;23;9;3;37;0;0;2;1;2;6;21;8
5787;Totaal mannen en vrouwen;40 tot 45 jaar;Sector zorg en welzijn;B-E Nijverheid (geen bouw) en energie;2012/'13;36;0;14;14;8;4;32;0;2;1;1;0;12;13;7
5788;Totaal mannen en vrouwen;40 tot 45 jaar;Sector zorg en welzijn;B-E Nijverheid (geen bouw) en energie;2013/'14;21;0;5;11;5;1;20;0;0;1;0;0;5;10;5
5789;Totaal mannen en vrouwen;40 tot 45 jaar;Sector zorg en welzijn;B-E Nijverheid (geen bouw) en energie;2014/'15;6;0;0;5;1;1;5;0;0;1;0;0;0;4;1
5790;Totaal mannen en vrouwen;40 tot 45 jaar;Sector zorg en welzijn;B-E Nijverheid (geen bouw) en energie;2015/'16;9;0;2;1;6;1;8;0;0;0;1;0;2;1;5
5791;Totaal mannen en vrouwen;40 tot 45 jaar;Sector zorg en welzijn;B-E Nijverheid (geen bouw) en energie;2016/'17;12;0;0;4;8;1;11;0;0;1;0;0;0;3;8
5792;Totaal mannen en vrouwen;40 tot 45 jaar;Sector zorg en welzijn;B-E Nijverheid (geen bouw) en energie;2017/'18;27;0;1;15;11;1;26;0;0;1;0;0;1;14;11
5793;Totaal mannen en vrouwen;40 tot 45 jaar;Sector zorg en welzijn;B-E Nijverheid (geen bouw) en energie;2018/'19;37;0;4;27;6;2;35;0;2;0;0;0;2;27;6
5794;Totaal mannen en vrouwen;40 tot 45 jaar;Sector zorg en welzijn;B-E Nijverheid (geen bouw) en energie;2019/'20;38;0;4;24;10;1;37;0;0;1;0;0;4;23;10
5795;Totaal mannen en vrouwen;40 tot 45 jaar;Sector zorg en welzijn;B-E Nijverheid (geen bouw) en energie;2020/'21;35;0;2;18;15;0;35;0;0;0;0;0;2;18;15
5796;Totaal mannen en vrouwen;40 tot 45 jaar;Sector zorg en welzijn;F Bouwnijverheid;2009/'10;10;0;2;4;4;2;8;0;0;1;1;0;2;3;3
5797;Totaal mannen en vrouwen;40 tot 45 jaar;Sector zorg en welzijn;F Bouwnijverheid;2010/'11;8;0;1;3;4;1;7;0;0;0;1;0;1;3;3
5798;Totaal mannen en vrouwen;40 tot 45 jaar;Sector zorg en welzijn;F Bouwnijverheid;2011/'12;9;0;0;7;2;1;8;0;0;1;0;0;0;6;2
5799;Totaal mannen en vrouwen;40 tot 45 jaar;Sector zorg en welzijn;F Bouwnijverheid;2012/'13;19;1;1;10;7;3;16;0;0;1;2;1;1;9;5
5800;Totaal mannen en vrouwen;40 tot 45 jaar;Sector zorg en welzijn;F Bouwnijverheid;2013/'14;8;0;0;4;4;1;7;0;0;0;1;0;0;4;3
5801;Totaal mannen en vrouwen;40 tot 45 jaar;Sector zorg en welzijn;F Bouwnijverheid;2014/'15;5;0;1;4;0;1;4;0;0;1;0;0;1;3;0
5802;Totaal mannen en vrouwen;40 tot 45 jaar;Sector zorg en welzijn;F Bouwnijverheid;2015/'16;4;0;0;2;2;0;4;0;0;0;0;0;0;2;2
5803;Totaal mannen en vrouwen;40 tot 45 jaar;Sector zorg en welzijn;F Bouwnijverheid;2016/'17;7;0;0;4;3;1;6;0;0;0;1;0;0;4;2
5804;Totaal mannen en vrouwen;40 tot 45 jaar;Sector zorg en welzijn;F Bouwnijverheid;2017/'18;12;0;0;10;2;0;12;0;0;0;0;0;0;10;2
5805;Totaal mannen en vrouwen;40 tot 45 jaar;Sector zorg en welzijn;F Bouwnijverheid;2018/'19;12;0;3;5;4;0;12;0;0;0;0;0;3;5;4
5806;Totaal mannen en vrouwen;40 tot 45 jaar;Sector zorg en welzijn;F Bouwnijverheid;2019/'20;18;0;2;9;7;0;18;0;0;0;0;0;2;9;7
5807;Totaal mannen en vrouwen;40 tot 45 jaar;Sector zorg en welzijn;F Bouwnijverheid;2020/'21;9;0;0;6;3;0;9;0;0;0;0;0;0;6;3
5808;Totaal mannen en vrouwen;40 tot 45 jaar;Sector zorg en welzijn;G-I Handel, vervoer en horeca;2009/'10;206;3;48;94;61;49;157;1;17;16;15;2;31;78;46
5809;Totaal mannen en vrouwen;40 tot 45 jaar;Sector zorg en welzijn;G-I Handel, vervoer en horeca;2010/'11;184;5;29;97;53;36;148;0;9;10;17;5;20;87;36
5810;Totaal mannen en vrouwen;40 tot 45 jaar;Sector zorg en welzijn;G-I Handel, vervoer en horeca;2011/'12;183;4;37;93;49;39;144;1;12;10;16;3;25;83;33
5811;Totaal mannen en vrouwen;40 tot 45 jaar;Sector zorg en welzijn;G-I Handel, vervoer en horeca;2012/'13;113;2;24;64;23;8;105;0;2;1;5;2;22;63;18
5812;Totaal mannen en vrouwen;40 tot 45 jaar;Sector zorg en welzijn;G-I Handel, vervoer en horeca;2013/'14;43;2;9;22;10;9;34;0;4;5;0;2;5;17;10
5813;Totaal mannen en vrouwen;40 tot 45 jaar;Sector zorg en welzijn;G-I Handel, vervoer en horeca;2014/'15;18;1;0;10;7;0;18;0;0;0;0;1;0;10;7
5814;Totaal mannen en vrouwen;40 tot 45 jaar;Sector zorg en welzijn;G-I Handel, vervoer en horeca;2015/'16;23;1;1;18;3;1;22;0;0;1;0;1;1;17;3
5815;Totaal mannen en vrouwen;40 tot 45 jaar;Sector zorg en welzijn;G-I Handel, vervoer en horeca;2016/'17;58;0;5;34;19;3;55;0;0;3;0;0;5;31;19
5816;Totaal mannen en vrouwen;40 tot 45 jaar;Sector zorg en welzijn;G-I Handel, vervoer en horeca;2017/'18;136;0;3;108;25;5;131;0;0;4;1;0;3;104;24
5817;Totaal mannen en vrouwen;40 tot 45 jaar;Sector zorg en welzijn;G-I Handel, vervoer en horeca;2018/'19;225;0;21;142;62;1;224;0;0;1;0;0;21;141;62
5818;Totaal mannen en vrouwen;40 tot 45 jaar;Sector zorg en welzijn;G-I Handel, vervoer en horeca;2019/'20;235;0;24;131;80;4;231;0;0;3;1;0;24;128;79
5819;Totaal mannen en vrouwen;40 tot 45 jaar;Sector zorg en welzijn;G-I Handel, vervoer en horeca;2020/'21;251;0;29;135;87;8;243;0;0;3;5;0;29;132;82
5820;Totaal mannen en vrouwen;40 tot 45 jaar;Sector zorg en welzijn;J Informatie en communicatie;2009/'10;8;1;1;2;4;1;7;0;1;0;0;1;0;2;4
5821;Totaal mannen en vrouwen;40 tot 45 jaar;Sector zorg en welzijn;J Informatie en communicatie;2010/'11;7;0;1;4;2;1;6;0;1;0;0;0;0;4;2
5822;Totaal mannen en vrouwen;40 tot 45 jaar;Sector zorg en welzijn;J Informatie en communicatie;2011/'12;10;0;2;4;4;3;7;0;2;0;1;0;0;4;3
5823;Totaal mannen en vrouwen;40 tot 45 jaar;Sector zorg en welzijn;J Informatie en communicatie;2012/'13;8;0;1;4;3;4;4;0;1;0;3;0;0;4;0
5824;Totaal mannen en vrouwen;40 tot 45 jaar;Sector zorg en welzijn;J Informatie en communicatie;2013/'14;2;0;0;1;1;0;2;0;0;0;0;0;0;1;1
5825;Totaal mannen en vrouwen;40 tot 45 jaar;Sector zorg en welzijn;J Informatie en communicatie;2014/'15;2;0;0;0;2;0;2;0;0;0;0;0;0;0;2
5826;Totaal mannen en vrouwen;40 tot 45 jaar;Sector zorg en welzijn;J Informatie en communicatie;2015/'16;0;0;0;0;0;0;0;0;0;0;0;0;0;0;0
5827;Totaal mannen en vrouwen;40 tot 45 jaar;Sector zorg en welzijn;J Informatie en communicatie;2016/'17;2;0;0;1;1;0;2;0;0;0;0;0;0;1;1
5828;Totaal mannen en vrouwen;40 tot 45 jaar;Sector zorg en welzijn;J Informatie en communicatie;2017/'18;6;0;1;2;3;1;5;0;0;0;1;0;1;2;2
5829;Totaal mannen en vrouwen;40 tot 45 jaar;Sector zorg en welzijn;J Informatie en communicatie;2018/'19;11;0;0;10;1;1;10;0;0;1;0;0;0;9;1
5830;Totaal mannen en vrouwen;40 tot 45 jaar;Sector zorg en welzijn;J Informatie en communicatie;2019/'20;6;0;1;2;3;0;6;0;0;0;0;0;1;2;3
5831;Totaal mannen en vrouwen;40 tot 45 jaar;Sector zorg en welzijn;J Informatie en communicatie;2020/'21;14;0;0;6;8;0;14;0;0;0;0;0;0;6;8
5832;Totaal mannen en vrouwen;40 tot 45 jaar;Sector zorg en welzijn;K Financiële dienstverlening;2009/'10;15;0;2;5;8;2;13;0;1;0;1;0;1;5;7
5833;Totaal mannen en vrouwen;40 tot 45 jaar;Sector zorg en welzijn;K Financiële dienstverlening;2010/'11;16;0;3;4;9;6;10;0;1;0;5;0;2;4;4
5834;Totaal mannen en vrouwen;40 tot 45 jaar;Sector zorg en welzijn;K Financiële dienstverlening;2011/'12;24;0;4;10;10;7;17;0;0;1;6;0;4;9;4
5835;Totaal mannen en vrouwen;40 tot 45 jaar;Sector zorg en welzijn;K Financiële dienstverlening;2012/'13;11;0;0;6;5;1;10;0;0;0;1;0;0;6;4
5836;Totaal mannen en vrouwen;40 tot 45 jaar;Sector zorg en welzijn;K Financiële dienstverlening;2013/'14;6;0;0;3;3;3;3;0;0;0;3;0;0;3;0
5837;Totaal mannen en vrouwen;40 tot 45 jaar;Sector zorg en welzijn;K Financiële dienstverlening;2014/'15;3;0;0;2;1;1;2;0;0;0;1;0;0;2;0
5838;Totaal mannen en vrouwen;40 tot 45 jaar;Sector zorg en welzijn;K Financiële dienstverlening;2015/'16;0;0;0;0;0;0;0;0;0;0;0;0;0;0;0
5839;Totaal mannen en vrouwen;40 tot 45 jaar;Sector zorg en welzijn;K Financiële dienstverlening;2016/'17;6;0;0;3;3;0;6;0;0;0;0;0;0;3;3
5840;Totaal mannen en vrouwen;40 tot 45 jaar;Sector zorg en welzijn;K Financiële dienstverlening;2017/'18;10;0;0;8;2;1;9;0;0;1;0;0;0;7;2
5841;Totaal mannen en vrouwen;40 tot 45 jaar;Sector zorg en welzijn;K Financiële dienstverlening;2018/'19;11;0;2;5;4;0;11;0;0;0;0;0;2;5;4
5842;Totaal mannen en vrouwen;40 tot 45 jaar;Sector zorg en welzijn;K Financiële dienstverlening;2019/'20;18;0;0;5;13;2;16;0;0;0;2;0;0;5;11
5843;Totaal mannen en vrouwen;40 tot 45 jaar;Sector zorg en welzijn;K Financiële dienstverlening;2020/'21;3;0;0;0;3;0;3;0;0;0;0;0;0;0;3
5844;Totaal mannen en vrouwen;40 tot 45 jaar;Sector zorg en welzijn;L Verhuur en handel van onroerend goed;2009/'10;12;0;1;7;4;3;9;0;0;3;0;0;1;4;4
5845;Totaal mannen en vrouwen;40 tot 45 jaar;Sector zorg en welzijn;L Verhuur en handel van onroerend goed;2010/'11;12;0;0;10;2;0;12;0;0;0;0;0;0;10;2
5846;Totaal mannen en vrouwen;40 tot 45 jaar;Sector zorg en welzijn;L Verhuur en handel van onroerend goed;2011/'12;4;0;1;2;1;0;4;0;0;0;0;0;1;2;1
5847;Totaal mannen en vrouwen;40 tot 45 jaar;Sector zorg en welzijn;L Verhuur en handel van onroerend goed;2012/'13;1;0;1;0;0;0;1;0;0;0;0;0;1;0;0
5848;Totaal mannen en vrouwen;40 tot 45 jaar;Sector zorg en welzijn;L Verhuur en handel van onroerend goed;2013/'14;0;0;0;0;0;0;0;0;0;0;0;0;0;0;0
5849;Totaal mannen en vrouwen;40 tot 45 jaar;Sector zorg en welzijn;L Verhuur en handel van onroerend goed;2014/'15;2;0;0;1;1;0;2;0;0;0;0;0;0;1;1
5850;Totaal mannen en vrouwen;40 tot 45 jaar;Sector zorg en welzijn;L Verhuur en handel van onroerend goed;2015/'16;0;0;0;0;0;0;0;0;0;0;0;0;0;0;0
5851;Totaal mannen en vrouwen;40 tot 45 jaar;Sector zorg en welzijn;L Verhuur en handel van onroerend goed;2016/'17;4;0;0;3;1;0;4;0;0;0;0;0;0;3;1
5852;Totaal mannen en vrouwen;40 tot 45 jaar;Sector zorg en welzijn;L Verhuur en handel van onroerend goed;2017/'18;0;0;0;0;0;0;0;0;0;0;0;0;0;0;0
5853;Totaal mannen en vrouwen;40 tot 45 jaar;Sector zorg en welzijn;L Verhuur en handel van onroerend goed;2018/'19;2;0;0;2;0;0;2;0;0;0;0;0;0;2;0
5854;Totaal mannen en vrouwen;40 tot 45 jaar;Sector zorg en welzijn;L Verhuur en handel van onroerend goed;2019/'20;6;0;0;1;5;0;6;0;0;0;0;0;0;1;5
5855;Totaal mannen en vrouwen;40 tot 45 jaar;Sector zorg en welzijn;L Verhuur en handel van onroerend goed;2020/'21;2;0;0;1;1;0;2;0;0;0;0;0;0;1;1
5856;Totaal mannen en vrouwen;40 tot 45 jaar;Sector zorg en welzijn;M-N Zakelijke dienstverlening;2009/'10;180;6;51;70;53;48;132;1;18;14;15;5;33;56;38
5857;Totaal mannen en vrouwen;40 tot 45 jaar;Sector zorg en welzijn;M-N Zakelijke dienstverlening;2010/'11;112;7;36;40;29;33;79;0;12;7;14;7;24;33;15
5858;Totaal mannen en vrouwen;40 tot 45 jaar;Sector zorg en welzijn;M-N Zakelijke dienstverlening;2011/'12;111;13;40;43;15;28;83;2;15;4;7;11;25;39;8
5859;Totaal mannen en vrouwen;40 tot 45 jaar;Sector zorg en welzijn;M-N Zakelijke dienstverlening;2012/'13;104;2;31;50;21;17;87;0;7;3;7;2;24;47;14
5860;Totaal mannen en vrouwen;40 tot 45 jaar;Sector zorg en welzijn;M-N Zakelijke dienstverlening;2013/'14;43;2;18;12;11;6;37;0;4;1;1;2;14;11;10
5861;Totaal mannen en vrouwen;40 tot 45 jaar;Sector zorg en welzijn;M-N Zakelijke dienstverlening;2014/'15;35;1;12;15;7;5;30;1;2;1;1;0;10;14;6
5862;Totaal mannen en vrouwen;40 tot 45 jaar;Sector zorg en welzijn;M-N Zakelijke dienstverlening;2015/'16;21;2;6;11;2;1;20;0;0;1;0;2;6;10;2
5863;Totaal mannen en vrouwen;40 tot 45 jaar;Sector zorg en welzijn;M-N Zakelijke dienstverlening;2016/'17;44;0;10;21;13;1;43;0;0;1;0;0;10;20;13
5864;Totaal mannen en vrouwen;40 tot 45 jaar;Sector zorg en welzijn;M-N Zakelijke dienstverlening;2017/'18;81;0;13;45;23;3;78;0;1;2;0;0;12;43;23
5865;Totaal mannen en vrouwen;40 tot 45 jaar;Sector zorg en welzijn;M-N Zakelijke dienstverlening;2018/'19;164;0;28;91;45;2;162;0;0;1;1;0;28;90;44
5866;Totaal mannen en vrouwen;40 tot 45 jaar;Sector zorg en welzijn;M-N Zakelijke dienstverlening;2019/'20;149;0;38;62;49;3;146;0;1;1;1;0;37;61;48
5867;Totaal mannen en vrouwen;40 tot 45 jaar;Sector zorg en welzijn;M-N Zakelijke dienstverlening;2020/'21;130;0;23;62;45;8;122;0;2;3;3;0;21;59;42
5868;Totaal mannen en vrouwen;40 tot 45 jaar;Sector zorg en welzijn;O-Q Overheid en zorg;2009/'10;1125;70;274;486;295;83;1042;0;26;26;31;70;248;460;264
5869;Totaal mannen en vrouwen;40 tot 45 jaar;Sector zorg en welzijn;O-Q Overheid en zorg;2010/'11;927;30;193;379;325;63;864;1;10;19;33;29;183;360;292
5870;Totaal mannen en vrouwen;40 tot 45 jaar;Sector zorg en welzijn;O-Q Overheid en zorg;2011/'12;898;39;244;373;242;53;845;1;14;10;28;38;230;363;214
5871;Totaal mannen en vrouwen;40 tot 45 jaar;Sector zorg en welzijn;O-Q Overheid en zorg;2012/'13;811;31;218;346;216;35;776;0;11;7;17;31;207;339;199
5872;Totaal mannen en vrouwen;40 tot 45 jaar;Sector zorg en welzijn;O-Q Overheid en zorg;2013/'14;483;7;136;225;115;10;473;0;2;3;5;7;134;222;110
5873;Totaal mannen en vrouwen;40 tot 45 jaar;Sector zorg en welzijn;O-Q Overheid en zorg;2014/'15;319;0;50;169;100;2;317;0;0;2;0;0;50;167;100
5874;Totaal mannen en vrouwen;40 tot 45 jaar;Sector zorg en welzijn;O-Q Overheid en zorg;2015/'16;320;2;38;185;95;3;317;0;0;2;1;2;38;183;94
5875;Totaal mannen en vrouwen;40 tot 45 jaar;Sector zorg en welzijn;O-Q Overheid en zorg;2016/'17;681;0;54;344;283;5;676;0;1;3;1;0;53;341;282
5876;Totaal mannen en vrouwen;40 tot 45 jaar;Sector zorg en welzijn;O-Q Overheid en zorg;2017/'18;605;0;60;289;256;12;593;0;0;5;7;0;60;284;249
5877;Totaal mannen en vrouwen;40 tot 45 jaar;Sector zorg en welzijn;O-Q Overheid en zorg;2018/'19;666;0;108;243;315;5;661;0;2;2;1;0;106;241;314
5878;Totaal mannen en vrouwen;40 tot 45 jaar;Sector zorg en welzijn;O-Q Overheid en zorg;2019/'20;559;0;88;191;280;0;559;0;0;0;0;0;88;191;280
5879;Totaal mannen en vrouwen;40 tot 45 jaar;Sector zorg en welzijn;O-Q Overheid en zorg;2020/'21;597;0;103;228;266;6;591;0;1;2;3;0;102;226;263
5880;Totaal mannen en vrouwen;40 tot 45 jaar;Sector zorg en welzijn;R-U Cultuur, recreatie, overige diensten;2009/'10;47;0;9;22;16;17;30;0;3;7;7;0;6;15;9
5881;Totaal mannen en vrouwen;40 tot 45 jaar;Sector zorg en welzijn;R-U Cultuur, recreatie, overige diensten;2010/'11;47;0;13;17;17;17;30;0;6;6;5;0;7;11;12
5882;Totaal mannen en vrouwen;40 tot 45 jaar;Sector zorg en welzijn;R-U Cultuur, recreatie, overige diensten;2011/'12;45;0;15;18;12;8;37;0;2;5;1;0;13;13;11
5883;Totaal mannen en vrouwen;40 tot 45 jaar;Sector zorg en welzijn;R-U Cultuur, recreatie, overige diensten;2012/'13;46;4;10;22;10;3;43;0;1;0;2;4;9;22;8
5884;Totaal mannen en vrouwen;40 tot 45 jaar;Sector zorg en welzijn;R-U Cultuur, recreatie, overige diensten;2013/'14;23;1;2;13;7;3;20;0;0;1;2;1;2;12;5
5885;Totaal mannen en vrouwen;40 tot 45 jaar;Sector zorg en welzijn;R-U Cultuur, recreatie, overige diensten;2014/'15;3;0;2;1;0;0;3;0;0;0;0;0;2;1;0
5886;Totaal mannen en vrouwen;40 tot 45 jaar;Sector zorg en welzijn;R-U Cultuur, recreatie, overige diensten;2015/'16;10;0;0;6;4;0;10;0;0;0;0;0;0;6;4
5887;Totaal mannen en vrouwen;40 tot 45 jaar;Sector zorg en welzijn;R-U Cultuur, recreatie, overige diensten;2016/'17;21;0;2;13;6;2;19;0;0;1;1;0;2;12;5
5888;Totaal mannen en vrouwen;40 tot 45 jaar;Sector zorg en welzijn;R-U Cultuur, recreatie, overige diensten;2017/'18;37;0;2;23;12;0;37;0;0;0;0;0;2;23;12
5889;Totaal mannen en vrouwen;40 tot 45 jaar;Sector zorg en welzijn;R-U Cultuur, recreatie, overige diensten;2018/'19;61;0;9;33;19;1;60;0;0;1;0;0;9;32;19
5890;Totaal mannen en vrouwen;40 tot 45 jaar;Sector zorg en welzijn;R-U Cultuur, recreatie, overige diensten;2019/'20;55;0;9;22;24;1;54;0;0;1;0;0;9;21;24
5891;Totaal mannen en vrouwen;40 tot 45 jaar;Sector zorg en welzijn;R-U Cultuur, recreatie, overige diensten;2020/'21;64;0;7;28;29;1;63;0;0;1;0;0;7;27;29
5892;Totaal mannen en vrouwen;40 tot 45 jaar;Sector zorg en welzijn;SBI-code onbekend;2009/'10;55;0;19;21;15;22;33;0;14;4;4;0;5;17;11
5893;Totaal mannen en vrouwen;40 tot 45 jaar;Sector zorg en welzijn;SBI-code onbekend;2010/'11;36;1;7;13;15;8;28;0;4;0;4;1;3;13;11
5894;Totaal mannen en vrouwen;40 tot 45 jaar;Sector zorg en welzijn;SBI-code onbekend;2011/'12;31;1;6;17;7;8;23;0;1;2;5;1;5;15;2
5895;Totaal mannen en vrouwen;40 tot 45 jaar;Sector zorg en welzijn;SBI-code onbekend;2012/'13;33;0;2;18;13;6;27;0;0;0;6;0;2;18;7
5896;Totaal mannen en vrouwen;40 tot 45 jaar;Sector zorg en welzijn;SBI-code onbekend;2013/'14;25;0;5;8;12;5;20;0;1;0;4;0;4;8;8
5897;Totaal mannen en vrouwen;40 tot 45 jaar;Sector zorg en welzijn;SBI-code onbekend;2014/'15;9;0;1;2;6;0;9;0;0;0;0;0;1;2;6
5898;Totaal mannen en vrouwen;40 tot 45 jaar;Sector zorg en welzijn;SBI-code onbekend;2015/'16;1;0;0;1;0;0;1;0;0;0;0;0;0;1;0
5899;Totaal mannen en vrouwen;40 tot 45 jaar;Sector zorg en welzijn;SBI-code onbekend;2016/'17;4;0;0;3;1;0;4;0;0;0;0;0;0;3;1
5900;Totaal mannen en vrouwen;40 tot 45 jaar;Sector zorg en welzijn;SBI-code onbekend;2017/'18;10;0;2;6;2;0;10;0;0;0;0;0;2;6;2
5901;Totaal mannen en vrouwen;40 tot 45 jaar;Sector zorg en welzijn;SBI-code onbekend;2018/'19;11;0;3;5;3;0;11;0;0;0;0;0;3;5;3
5902;Totaal mannen en vrouwen;40 tot 45 jaar;Sector zorg en welzijn;SBI-code onbekend;2019/'20;11;0;2;9;0;1;10;0;1;0;0;0;1;9;0
5903;Totaal mannen en vrouwen;40 tot 45 jaar;Sector zorg en welzijn;SBI-code onbekend;2020/'21;6;0;1;2;3;1;5;0;0;1;0;0;1;1;3
5904;Totaal mannen en vrouwen;40 tot 45 jaar;Combinatie van sectoren;A-U Alle economische activiteiten;2009/'10;295;258;23;9;5;16;279;16;0;0;0;242;23;9;5
5905;Totaal mannen en vrouwen;40 tot 45 jaar;Combinatie van sectoren;A-U Alle economische activiteiten;2010/'11;312;295;13;4;0;15;297;15;0;0;0;280;13;4;0
5906;Totaal mannen en vrouwen;40 tot 45 jaar;Combinatie van sectoren;A-U Alle economische activiteiten;2011/'12;273;253;13;6;1;7;266;7;0;0;0;246;13;6;1
5907;Totaal mannen en vrouwen;40 tot 45 jaar;Combinatie van sectoren;A-U Alle economische activiteiten;2012/'13;174;167;7;0;0;6;168;6;0;0;0;161;7;0;0
5908;Totaal mannen en vrouwen;40 tot 45 jaar;Combinatie van sectoren;A-U Alle economische activiteiten;2013/'14;90;90;0;0;0;6;84;6;0;0;0;84;0;0;0
5909;Totaal mannen en vrouwen;40 tot 45 jaar;Combinatie van sectoren;A-U Alle economische activiteiten;2014/'15;40;40;0;0;0;0;40;0;0;0;0;40;0;0;0
5910;Totaal mannen en vrouwen;40 tot 45 jaar;Combinatie van sectoren;A-U Alle economische activiteiten;2015/'16;22;22;0;0;0;0;22;0;0;0;0;22;0;0;0
5911;Totaal mannen en vrouwen;40 tot 45 jaar;Combinatie van sectoren;A-U Alle economische activiteiten;2016/'17;63;63;0;0;0;1;62;1;0;0;0;62;0;0;0
5912;Totaal mannen en vrouwen;40 tot 45 jaar;Combinatie van sectoren;A-U Alle economische activiteiten;2017/'18;47;47;0;0;0;3;44;3;0;0;0;44;0;0;0
5913;Totaal mannen en vrouwen;40 tot 45 jaar;Combinatie van sectoren;A-U Alle economische activiteiten;2018/'19;56;55;1;0;0;6;50;6;0;0;0;49;1;0;0
5914;Totaal mannen en vrouwen;40 tot 45 jaar;Combinatie van sectoren;A-U Alle economische activiteiten;2019/'20;82;79;3;0;0;2;80;2;0;0;0;77;3;0;0
5915;Totaal mannen en vrouwen;40 tot 45 jaar;Combinatie van sectoren;A-U Alle economische activiteiten;2020/'21;69;66;3;0;0;6;63;6;0;0;0;60;3;0;0
5916;Totaal mannen en vrouwen;40 tot 45 jaar;Combinatie van sectoren;A Landbouw, bosbouw en visserij;2009/'10;1;1;0;0;0;1;0;1;0;0;0;0;0;0;0
5917;Totaal mannen en vrouwen;40 tot 45 jaar;Combinatie van sectoren;A Landbouw, bosbouw en visserij;2010/'11;1;1;0;0;0;1;0;1;0;0;0;0;0;0;0
5918;Totaal mannen en vrouwen;40 tot 45 jaar;Combinatie van sectoren;A Landbouw, bosbouw en visserij;2011/'12;0;0;0;0;0;0;0;0;0;0;0;0;0;0;0
5919;Totaal mannen en vrouwen;40 tot 45 jaar;Combinatie van sectoren;A Landbouw, bosbouw en visserij;2012/'13;0;0;0;0;0;0;0;0;0;0;0;0;0;0;0
5920;Totaal mannen en vrouwen;40 tot 45 jaar;Combinatie van sectoren;A Landbouw, bosbouw en visserij;2013/'14;1;1;0;0;0;0;1;0;0;0;0;1;0;0;0
5921;Totaal mannen en vrouwen;40 tot 45 jaar;Combinatie van sectoren;A Landbouw, bosbouw en visserij;2014/'15;0;0;0;0;0;0;0;0;0;0;0;0;0;0;0
5922;Totaal mannen en vrouwen;40 tot 45 jaar;Combinatie van sectoren;A Landbouw, bosbouw en visserij;2015/'16;0;0;0;0;0;0;0;0;0;0;0;0;0;0;0
5923;Totaal mannen en vrouwen;40 tot 45 jaar;Combinatie van sectoren;A Landbouw, bosbouw en visserij;2016/'17;0;0;0;0;0;0;0;0;0;0;0;0;0;0;0
5924;Totaal mannen en vrouwen;40 tot 45 jaar;Combinatie van sectoren;A Landbouw, bosbouw en visserij;2017/'18;0;0;0;0;0;0;0;0;0;0;0;0;0;0;0
5925;Totaal mannen en vrouwen;40 tot 45 jaar;Combinatie van sectoren;A Landbouw, bosbouw en visserij;2018/'19;0;0;0;0;0;0;0;0;0;0;0;0;0;0;0
5926;Totaal mannen en vrouwen;40 tot 45 jaar;Combinatie van sectoren;A Landbouw, bosbouw en visserij;2019/'20;1;1;0;0;0;0;1;0;0;0;0;1;0;0;0
5927;Totaal mannen en vrouwen;40 tot 45 jaar;Combinatie van sectoren;A Landbouw, bosbouw en visserij;2020/'21;2;0;2;0;0;0;2;0;0;0;0;0;2;0;0
5928;Totaal mannen en vrouwen;40 tot 45 jaar;Combinatie van sectoren;B-E Nijverheid (geen bouw) en energie;2009/'10;188;163;19;6;0;0;188;0;0;0;0;163;19;6;0
5929;Totaal mannen en vrouwen;40 tot 45 jaar;Combinatie van sectoren;B-E Nijverheid (geen bouw) en energie;2010/'11;222;214;6;2;0;1;221;1;0;0;0;213;6;2;0
5930;Totaal mannen en vrouwen;40 tot 45 jaar;Combinatie van sectoren;B-E Nijverheid (geen bouw) en energie;2011/'12;178;169;7;2;0;2;176;2;0;0;0;167;7;2;0
5931;Totaal mannen en vrouwen;40 tot 45 jaar;Combinatie van sectoren;B-E Nijverheid (geen bouw) en energie;2012/'13;91;91;0;0;0;0;91;0;0;0;0;91;0;0;0
5932;Totaal mannen en vrouwen;40 tot 45 jaar;Combinatie van sectoren;B-E Nijverheid (geen bouw) en energie;2013/'14;32;32;0;0;0;0;32;0;0;0;0;32;0;0;0
5933;Totaal mannen en vrouwen;40 tot 45 jaar;Combinatie van sectoren;B-E Nijverheid (geen bouw) en energie;2014/'15;11;11;0;0;0;0;11;0;0;0;0;11;0;0;0
5934;Totaal mannen en vrouwen;40 tot 45 jaar;Combinatie van sectoren;B-E Nijverheid (geen bouw) en energie;2015/'16;4;4;0;0;0;0;4;0;0;0;0;4;0;0;0
5935;Totaal mannen en vrouwen;40 tot 45 jaar;Combinatie van sectoren;B-E Nijverheid (geen bouw) en energie;2016/'17;39;39;0;0;0;0;39;0;0;0;0;39;0;0;0
5936;Totaal mannen en vrouwen;40 tot 45 jaar;Combinatie van sectoren;B-E Nijverheid (geen bouw) en energie;2017/'18;7;7;0;0;0;0;7;0;0;0;0;7;0;0;0
5937;Totaal mannen en vrouwen;40 tot 45 jaar;Combinatie van sectoren;B-E Nijverheid (geen bouw) en energie;2018/'19;10;10;0;0;0;0;10;0;0;0;0;10;0;0;0
5938;Totaal mannen en vrouwen;40 tot 45 jaar;Combinatie van sectoren;B-E Nijverheid (geen bouw) en energie;2019/'20;14;14;0;0;0;0;14;0;0;0;0;14;0;0;0
5939;Totaal mannen en vrouwen;40 tot 45 jaar;Combinatie van sectoren;B-E Nijverheid (geen bouw) en energie;2020/'21;3;3;0;0;0;0;3;0;0;0;0;3;0;0;0
5940;Totaal mannen en vrouwen;40 tot 45 jaar;Combinatie van sectoren;F Bouwnijverheid;2009/'10;1;1;0;0;0;0;1;0;0;0;0;1;0;0;0
5941;Totaal mannen en vrouwen;40 tot 45 jaar;Combinatie van sectoren;F Bouwnijverheid;2010/'11;1;1;0;0;0;1;0;1;0;0;0;0;0;0;0
5942;Totaal mannen en vrouwen;40 tot 45 jaar;Combinatie van sectoren;F Bouwnijverheid;2011/'12;5;5;0;0;0;0;5;0;0;0;0;5;0;0;0
5943;Totaal mannen en vrouwen;40 tot 45 jaar;Combinatie van sectoren;F Bouwnijverheid;2012/'13;0;0;0;0;0;0;0;0;0;0;0;0;0;0;0
5944;Totaal mannen en vrouwen;40 tot 45 jaar;Combinatie van sectoren;F Bouwnijverheid;2013/'14;0;0;0;0;0;0;0;0;0;0;0;0;0;0;0
5945;Totaal mannen en vrouwen;40 tot 45 jaar;Combinatie van sectoren;F Bouwnijverheid;2014/'15;0;0;0;0;0;0;0;0;0;0;0;0;0;0;0
5946;Totaal mannen en vrouwen;40 tot 45 jaar;Combinatie van sectoren;F Bouwnijverheid;2015/'16;0;0;0;0;0;0;0;0;0;0;0;0;0;0;0
5947;Totaal mannen en vrouwen;40 tot 45 jaar;Combinatie van sectoren;F Bouwnijverheid;2016/'17;0;0;0;0;0;0;0;0;0;0;0;0;0;0;0
5948;Totaal mannen en vrouwen;40 tot 45 jaar;Combinatie van sectoren;F Bouwnijverheid;2017/'18;0;0;0;0;0;0;0;0;0;0;0;0;0;0;0
5949;Totaal mannen en vrouwen;40 tot 45 jaar;Combinatie van sectoren;F Bouwnijverheid;2018/'19;0;0;0;0;0;0;0;0;0;0;0;0;0;0;0
5950;Totaal mannen en vrouwen;40 tot 45 jaar;Combinatie van sectoren;F Bouwnijverheid;2019/'20;0;0;0;0;0;0;0;0;0;0;0;0;0;0;0
5951;Totaal mannen en vrouwen;40 tot 45 jaar;Combinatie van sectoren;F Bouwnijverheid;2020/'21;1;1;0;0;0;0;1;0;0;0;0;1;0;0;0
5952;Totaal mannen en vrouwen;40 tot 45 jaar;Combinatie van sectoren;G-I Handel, vervoer en horeca;2009/'10;30;22;2;1;5;6;24;6;0;0;0;16;2;1;5
5953;Totaal mannen en vrouwen;40 tot 45 jaar;Combinatie van sectoren;G-I Handel, vervoer en horeca;2010/'11;13;6;5;2;0;1;12;1;0;0;0;5;5;2;0
5954;Totaal mannen en vrouwen;40 tot 45 jaar;Combinatie van sectoren;G-I Handel, vervoer en horeca;2011/'12;13;10;2;1;0;0;13;0;0;0;0;10;2;1;0
5955;Totaal mannen en vrouwen;40 tot 45 jaar;Combinatie van sectoren;G-I Handel, vervoer en horeca;2012/'13;9;6;3;0;0;1;8;1;0;0;0;5;3;0;0
5956;Totaal mannen en vrouwen;40 tot 45 jaar;Combinatie van sectoren;G-I Handel, vervoer en horeca;2013/'14;6;6;0;0;0;1;5;1;0;0;0;5;0;0;0
5957;Totaal mannen en vrouwen;40 tot 45 jaar;Combinatie van sectoren;G-I Handel, vervoer en horeca;2014/'15;2;2;0;0;0;0;2;0;0;0;0;2;0;0;0
5958;Totaal mannen en vrouwen;40 tot 45 jaar;Combinatie van sectoren;G-I Handel, vervoer en horeca;2015/'16;2;2;0;0;0;0;2;0;0;0;0;2;0;0;0
5959;Totaal mannen en vrouwen;40 tot 45 jaar;Combinatie van sectoren;G-I Handel, vervoer en horeca;2016/'17;2;2;0;0;0;0;2;0;0;0;0;2;0;0;0
5960;Totaal mannen en vrouwen;40 tot 45 jaar;Combinatie van sectoren;G-I Handel, vervoer en horeca;2017/'18;5;5;0;0;0;2;3;2;0;0;0;3;0;0;0
5961;Totaal mannen en vrouwen;40 tot 45 jaar;Combinatie van sectoren;G-I Handel, vervoer en horeca;2018/'19;11;11;0;0;0;3;8;3;0;0;0;8;0;0;0
5962;Totaal mannen en vrouwen;40 tot 45 jaar;Combinatie van sectoren;G-I Handel, vervoer en horeca;2019/'20;11;11;0;0;0;0;11;0;0;0;0;11;0;0;0
5963;Totaal mannen en vrouwen;40 tot 45 jaar;Combinatie van sectoren;G-I Handel, vervoer en horeca;2020/'21;7;7;0;0;0;1;6;1;0;0;0;6;0;0;0
5964;Totaal mannen en vrouwen;40 tot 45 jaar;Combinatie van sectoren;J Informatie en communicatie;2009/'10;1;1;0;0;0;0;1;0;0;0;0;1;0;0;0
5965;Totaal mannen en vrouwen;40 tot 45 jaar;Combinatie van sectoren;J Informatie en communicatie;2010/'11;0;0;0;0;0;0;0;0;0;0;0;0;0;0;0
5966;Totaal mannen en vrouwen;40 tot 45 jaar;Combinatie van sectoren;J Informatie en communicatie;2011/'12;2;0;0;2;0;0;2;0;0;0;0;0;0;2;0
5967;Totaal mannen en vrouwen;40 tot 45 jaar;Combinatie van sectoren;J Informatie en communicatie;2012/'13;0;0;0;0;0;0;0;0;0;0;0;0;0;0;0
5968;Totaal mannen en vrouwen;40 tot 45 jaar;Combinatie van sectoren;J Informatie en communicatie;2013/'14;0;0;0;0;0;0;0;0;0;0;0;0;0;0;0
5969;Totaal mannen en vrouwen;40 tot 45 jaar;Combinatie van sectoren;J Informatie en communicatie;2014/'15;0;0;0;0;0;0;0;0;0;0;0;0;0;0;0
5970;Totaal mannen en vrouwen;40 tot 45 jaar;Combinatie van sectoren;J Informatie en communicatie;2015/'16;0;0;0;0;0;0;0;0;0;0;0;0;0;0;0
5971;Totaal mannen en vrouwen;40 tot 45 jaar;Combinatie van sectoren;J Informatie en communicatie;2016/'17;0;0;0;0;0;0;0;0;0;0;0;0;0;0;0
5972;Totaal mannen en vrouwen;40 tot 45 jaar;Combinatie van sectoren;J Informatie en communicatie;2017/'18;0;0;0;0;0;0;0;0;0;0;0;0;0;0;0
5973;Totaal mannen en vrouwen;40 tot 45 jaar;Combinatie van sectoren;J Informatie en communicatie;2018/'19;0;0;0;0;0;0;0;0;0;0;0;0;0;0;0
5974;Totaal mannen en vrouwen;40 tot 45 jaar;Combinatie van sectoren;J Informatie en communicatie;2019/'20;1;1;0;0;0;1;0;1;0;0;0;0;0;0;0
5975;Totaal mannen en vrouwen;40 tot 45 jaar;Combinatie van sectoren;J Informatie en communicatie;2020/'21;0;0;0;0;0;0;0;0;0;0;0;0;0;0;0
5976;Totaal mannen en vrouwen;40 tot 45 jaar;Combinatie van sectoren;K Financiële dienstverlening;2009/'10;0;0;0;0;0;0;0;0;0;0;0;0;0;0;0
5977;Totaal mannen en vrouwen;40 tot 45 jaar;Combinatie van sectoren;K Financiële dienstverlening;2010/'11;10;10;0;0;0;0;10;0;0;0;0;10;0;0;0
5978;Totaal mannen en vrouwen;40 tot 45 jaar;Combinatie van sectoren;K Financiële dienstverlening;2011/'12;1;0;1;0;0;0;1;0;0;0;0;0;1;0;0
5979;Totaal mannen en vrouwen;40 tot 45 jaar;Combinatie van sectoren;K Financiële dienstverlening;2012/'13;0;0;0;0;0;0;0;0;0;0;0;0;0;0;0
5980;Totaal mannen en vrouwen;40 tot 45 jaar;Combinatie van sectoren;K Financiële dienstverlening;2013/'14;0;0;0;0;0;0;0;0;0;0;0;0;0;0;0
5981;Totaal mannen en vrouwen;40 tot 45 jaar;Combinatie van sectoren;K Financiële dienstverlening;2014/'15;0;0;0;0;0;0;0;0;0;0;0;0;0;0;0
5982;Totaal mannen en vrouwen;40 tot 45 jaar;Combinatie van sectoren;K Financiële dienstverlening;2015/'16;0;0;0;0;0;0;0;0;0;0;0;0;0;0;0
5983;Totaal mannen en vrouwen;40 tot 45 jaar;Combinatie van sectoren;K Financiële dienstverlening;2016/'17;0;0;0;0;0;0;0;0;0;0;0;0;0;0;0
5984;Totaal mannen en vrouwen;40 tot 45 jaar;Combinatie van sectoren;K Financiële dienstverlening;2017/'18;0;0;0;0;0;0;0;0;0;0;0;0;0;0;0
5985;Totaal mannen en vrouwen;40 tot 45 jaar;Combinatie van sectoren;K Financiële dienstverlening;2018/'19;0;0;0;0;0;0;0;0;0;0;0;0;0;0;0
5986;Totaal mannen en vrouwen;40 tot 45 jaar;Combinatie van sectoren;K Financiële dienstverlening;2019/'20;0;0;0;0;0;0;0;0;0;0;0;0;0;0;0
5987;Totaal mannen en vrouwen;40 tot 45 jaar;Combinatie van sectoren;K Financiële dienstverlening;2020/'21;0;0;0;0;0;0;0;0;0;0;0;0;0;0;0
5988;Totaal mannen en vrouwen;40 tot 45 jaar;Combinatie van sectoren;L Verhuur en handel van onroerend goed;2009/'10;4;4;0;0;0;0;4;0;0;0;0;4;0;0;0
5989;Totaal mannen en vrouwen;40 tot 45 jaar;Combinatie van sectoren;L Verhuur en handel van onroerend goed;2010/'11;1;1;0;0;0;0;1;0;0;0;0;1;0;0;0
5990;Totaal mannen en vrouwen;40 tot 45 jaar;Combinatie van sectoren;L Verhuur en handel van onroerend goed;2011/'12;1;1;0;0;0;0;1;0;0;0;0;1;0;0;0
5991;Totaal mannen en vrouwen;40 tot 45 jaar;Combinatie van sectoren;L Verhuur en handel van onroerend goed;2012/'13;0;0;0;0;0;0;0;0;0;0;0;0;0;0;0
5992;Totaal mannen en vrouwen;40 tot 45 jaar;Combinatie van sectoren;L Verhuur en handel van onroerend goed;2013/'14;0;0;0;0;0;0;0;0;0;0;0;0;0;0;0
5993;Totaal mannen en vrouwen;40 tot 45 jaar;Combinatie van sectoren;L Verhuur en handel van onroerend goed;2014/'15;0;0;0;0;0;0;0;0;0;0;0;0;0;0;0
5994;Totaal mannen en vrouwen;40 tot 45 jaar;Combinatie van sectoren;L Verhuur en handel van onroerend goed;2015/'16;0;0;0;0;0;0;0;0;0;0;0;0;0;0;0
5995;Totaal mannen en vrouwen;40 tot 45 jaar;Combinatie van sectoren;L Verhuur en handel van onroerend goed;2016/'17;1;1;0;0;0;0;1;0;0;0;0;1;0;0;0
5996;Totaal mannen en vrouwen;40 tot 45 jaar;Combinatie van sectoren;L Verhuur en handel van onroerend goed;2017/'18;0;0;0;0;0;0;0;0;0;0;0;0;0;0;0
5997;Totaal mannen en vrouwen;40 tot 45 jaar;Combinatie van sectoren;L Verhuur en handel van onroerend goed;2018/'19;0;0;0;0;0;0;0;0;0;0;0;0;0;0;0
5998;Totaal mannen en vrouwen;40 tot 45 jaar;Combinatie van sectoren;L Verhuur en handel van onroerend goed;2019/'20;0;0;0;0;0;0;0;0;0;0;0;0;0;0;0
5999;Totaal mannen en vrouwen;40 tot 45 jaar;Combinatie van sectoren;L Verhuur en handel van onroerend goed;2020/'21;0;0;0;0;0;0;0;0;0;0;0;0;0;0;0
6000;Totaal mannen en vrouwen;40 tot 45 jaar;Combinatie van sectoren;M-N Zakelijke dienstverlening;2009/'10;33;31;2;0;0;6;27;6;0;0;0;25;2;0;0
6001;Totaal mannen en vrouwen;40 tot 45 jaar;Combinatie van sectoren;M-N Zakelijke dienstverlening;2010/'11;26;24;2;0;0;7;19;7;0;0;0;17;2;0;0
6002;Totaal mannen en vrouwen;40 tot 45 jaar;Combinatie van sectoren;M-N Zakelijke dienstverlening;2011/'12;38;34;3;1;0;3;35;3;0;0;0;31;3;1;0
6003;Totaal mannen en vrouwen;40 tot 45 jaar;Combinatie van sectoren;M-N Zakelijke dienstverlening;2012/'13;34;31;3;0;0;4;30;4;0;0;0;27;3;0;0
6004;Totaal mannen en vrouwen;40 tot 45 jaar;Combinatie van sectoren;M-N Zakelijke dienstverlening;2013/'14;13;13;0;0;0;2;11;2;0;0;0;11;0;0;0
6005;Totaal mannen en vrouwen;40 tot 45 jaar;Combinatie van sectoren;M-N Zakelijke dienstverlening;2014/'15;9;9;0;0;0;0;9;0;0;0;0;9;0;0;0
6006;Totaal mannen en vrouwen;40 tot 45 jaar;Combinatie van sectoren;M-N Zakelijke dienstverlening;2015/'16;12;12;0;0;0;0;12;0;0;0;0;12;0;0;0
6007;Totaal mannen en vrouwen;40 tot 45 jaar;Combinatie van sectoren;M-N Zakelijke dienstverlening;2016/'17;13;13;0;0;0;1;12;1;0;0;0;12;0;0;0
6008;Totaal mannen en vrouwen;40 tot 45 jaar;Combinatie van sectoren;M-N Zakelijke dienstverlening;2017/'18;18;18;0;0;0;0;18;0;0;0;0;18;0;0;0
6009;Totaal mannen en vrouwen;40 tot 45 jaar;Combinatie van sectoren;M-N Zakelijke dienstverlening;2018/'19;30;30;0;0;0;2;28;2;0;0;0;28;0;0;0
6010;Totaal mannen en vrouwen;40 tot 45 jaar;Combinatie van sectoren;M-N Zakelijke dienstverlening;2019/'20;28;28;0;0;0;1;27;1;0;0;0;27;0;0;0
6011;Totaal mannen en vrouwen;40 tot 45 jaar;Combinatie van sectoren;M-N Zakelijke dienstverlening;2020/'21;33;33;0;0;0;2;31;2;0;0;0;31;0;0;0
6012;Totaal mannen en vrouwen;40 tot 45 jaar;Combinatie van sectoren;O-Q Overheid en zorg;2009/'10;33;31;0;2;0;2;31;2;0;0;0;29;0;2;0
6013;Totaal mannen en vrouwen;40 tot 45 jaar;Combinatie van sectoren;O-Q Overheid en zorg;2010/'11;35;35;0;0;0;2;33;2;0;0;0;33;0;0;0
6014;Totaal mannen en vrouwen;40 tot 45 jaar;Combinatie van sectoren;O-Q Overheid en zorg;2011/'12;34;33;0;0;1;2;32;2;0;0;0;31;0;0;1
6015;Totaal mannen en vrouwen;40 tot 45 jaar;Combinatie van sectoren;O-Q Overheid en zorg;2012/'13;37;36;1;0;0;1;36;1;0;0;0;35;1;0;0
6016;Totaal mannen en vrouwen;40 tot 45 jaar;Combinatie van sectoren;O-Q Overheid en zorg;2013/'14;36;36;0;0;0;1;35;1;0;0;0;35;0;0;0
6017;Totaal mannen en vrouwen;40 tot 45 jaar;Combinatie van sectoren;O-Q Overheid en zorg;2014/'15;18;18;0;0;0;0;18;0;0;0;0;18;0;0;0
6018;Totaal mannen en vrouwen;40 tot 45 jaar;Combinatie van sectoren;O-Q Overheid en zorg;2015/'16;4;4;0;0;0;0;4;0;0;0;0;4;0;0;0
6019;Totaal mannen en vrouwen;40 tot 45 jaar;Combinatie van sectoren;O-Q Overheid en zorg;2016/'17;8;8;0;0;0;0;8;0;0;0;0;8;0;0;0
6020;Totaal mannen en vrouwen;40 tot 45 jaar;Combinatie van sectoren;O-Q Overheid en zorg;2017/'18;15;15;0;0;0;1;14;1;0;0;0;14;0;0;0
6021;Totaal mannen en vrouwen;40 tot 45 jaar;Combinatie van sectoren;O-Q Overheid en zorg;2018/'19;4;3;1;0;0;0;4;0;0;0;0;3;1;0;0
6022;Totaal mannen en vrouwen;40 tot 45 jaar;Combinatie van sectoren;O-Q Overheid en zorg;2019/'20;25;22;3;0;0;0;25;0;0;0;0;22;3;0;0
6023;Totaal mannen en vrouwen;40 tot 45 jaar;Combinatie van sectoren;O-Q Overheid en zorg;2020/'21;20;19;1;0;0;2;18;2;0;0;0;17;1;0;0
6024;Totaal mannen en vrouwen;40 tot 45 jaar;Combinatie van sectoren;R-U Cultuur, recreatie, overige diensten;2009/'10;3;3;0;0;0;1;2;1;0;0;0;2;0;0;0
6025;Totaal mannen en vrouwen;40 tot 45 jaar;Combinatie van sectoren;R-U Cultuur, recreatie, overige diensten;2010/'11;3;3;0;0;0;2;1;2;0;0;0;1;0;0;0
6026;Totaal mannen en vrouwen;40 tot 45 jaar;Combinatie van sectoren;R-U Cultuur, recreatie, overige diensten;2011/'12;1;1;0;0;0;0;1;0;0;0;0;1;0;0;0
6027;Totaal mannen en vrouwen;40 tot 45 jaar;Combinatie van sectoren;R-U Cultuur, recreatie, overige diensten;2012/'13;1;1;0;0;0;0;1;0;0;0;0;1;0;0;0
6028;Totaal mannen en vrouwen;40 tot 45 jaar;Combinatie van sectoren;R-U Cultuur, recreatie, overige diensten;2013/'14;2;2;0;0;0;2;0;2;0;0;0;0;0;0;0
6029;Totaal mannen en vrouwen;40 tot 45 jaar;Combinatie van sectoren;R-U Cultuur, recreatie, overige diensten;2014/'15;0;0;0;0;0;0;0;0;0;0;0;0;0;0;0
6030;Totaal mannen en vrouwen;40 tot 45 jaar;Combinatie van sectoren;R-U Cultuur, recreatie, overige diensten;2015/'16;0;0;0;0;0;0;0;0;0;0;0;0;0;0;0
6031;Totaal mannen en vrouwen;40 tot 45 jaar;Combinatie van sectoren;R-U Cultuur, recreatie, overige diensten;2016/'17;0;0;0;0;0;0;0;0;0;0;0;0;0;0;0
6032;Totaal mannen en vrouwen;40 tot 45 jaar;Combinatie van sectoren;R-U Cultuur, recreatie, overige diensten;2017/'18;1;1;0;0;0;0;1;0;0;0;0;1;0;0;0
6033;Totaal mannen en vrouwen;40 tot 45 jaar;Combinatie van sectoren;R-U Cultuur, recreatie, overige diensten;2018/'19;1;1;0;0;0;1;0;1;0;0;0;0;0;0;0
6034;Totaal mannen en vrouwen;40 tot 45 jaar;Combinatie van sectoren;R-U Cultuur, recreatie, overige diensten;2019/'20;2;2;0;0;0;0;2;0;0;0;0;2;0;0;0
6035;Totaal mannen en vrouwen;40 tot 45 jaar;Combinatie van sectoren;R-U Cultuur, recreatie, overige diensten;2020/'21;2;2;0;0;0;1;1;1;0;0;0;1;0;0;0
6036;Totaal mannen en vrouwen;40 tot 45 jaar;Combinatie van sectoren;SBI-code onbekend;2009/'10;1;1;0;0;0;0;1;0;0;0;0;1;0;0;0
6037;Totaal mannen en vrouwen;40 tot 45 jaar;Combinatie van sectoren;SBI-code onbekend;2010/'11;0;0;0;0;0;0;0;0;0;0;0;0;0;0;0
6038;Totaal mannen en vrouwen;40 tot 45 jaar;Combinatie van sectoren;SBI-code onbekend;2011/'12;0;0;0;0;0;0;0;0;0;0;0;0;0;0;0
6039;Totaal mannen en vrouwen;40 tot 45 jaar;Combinatie van sectoren;SBI-code onbekend;2012/'13;2;2;0;0;0;0;2;0;0;0;0;2;0;0;0
6040;Totaal mannen en vrouwen;40 tot 45 jaar;Combinatie van sectoren;SBI-code onbekend;2013/'14;0;0;0;0;0;0;0;0;0;0;0;0;0;0;0
6041;Totaal mannen en vrouwen;40 tot 45 jaar;Combinatie van sectoren;SBI-code onbekend;2014/'15;0;0;0;0;0;0;0;0;0;0;0;0;0;0;0
6042;Totaal mannen en vrouwen;40 tot 45 jaar;Combinatie van sectoren;SBI-code onbekend;2015/'16;0;0;0;0;0;0;0;0;0;0;0;0;0;0;0
6043;Totaal mannen en vrouwen;40 tot 45 jaar;Combinatie van sectoren;SBI-code onbekend;2016/'17;0;0;0;0;0;0;0;0;0;0;0;0;0;0;0
6044;Totaal mannen en vrouwen;40 tot 45 jaar;Combinatie van sectoren;SBI-code onbekend;2017/'18;1;1;0;0;0;0;1;0;0;0;0;1;0;0;0
6045;Totaal mannen en vrouwen;40 tot 45 jaar;Combinatie van sectoren;SBI-code onbekend;2018/'19;0;0;0;0;0;0;0;0;0;0;0;0;0;0;0
6046;Totaal mannen en vrouwen;40 tot 45 jaar;Combinatie van sectoren;SBI-code onbekend;2019/'20;0;0;0;0;0;0;0;0;0;0;0;0;0;0;0
6047;Totaal mannen en vrouwen;40 tot 45 jaar;Combinatie van sectoren;SBI-code onbekend;2020/'21;1;1;0;0;0;0;1;0;0;0;0;1;0;0;0
6048;Totaal mannen en vrouwen;45 tot 50 jaar;Totaal;A-U Alle economische activiteiten;2009/'10;6365;1074;2940;1343;1008;350;6015;18;133;90;109;1056;2807;1253;899
6049;Totaal mannen en vrouwen;45 tot 50 jaar;Totaal;A-U Alle economische activiteiten;2010/'11;4426;952;1561;1144;769;247;4179;8;73;53;113;944;1488;1091;656
6050;Totaal mannen en vrouwen;45 tot 50 jaar;Totaal;A-U Alle economische activiteiten;2011/'12;3957;747;1719;964;527;192;3765;6;64;47;75;741;1655;917;452
6051;Totaal mannen en vrouwen;45 tot 50 jaar;Totaal;A-U Alle economische activiteiten;2012/'13;3528;717;1370;926;515;112;3416;5;49;18;40;712;1321;908;475
6052;Totaal mannen en vrouwen;45 tot 50 jaar;Totaal;A-U Alle economische activiteiten;2013/'14;1448;195;473;461;319;59;1389;2;17;13;27;193;456;448;292
6053;Totaal mannen en vrouwen;45 tot 50 jaar;Totaal;A-U Alle economische activiteiten;2014/'15;1002;116;265;392;229;16;986;2;6;5;3;114;259;387;226
6054;Totaal mannen en vrouwen;45 tot 50 jaar;Totaal;A-U Alle economische activiteiten;2015/'16;1070;98;296;464;212;19;1051;2;7;6;4;96;289;458;208
6055;Totaal mannen en vrouwen;45 tot 50 jaar;Totaal;A-U Alle economische activiteiten;2016/'17;1568;66;351;701;450;17;1551;0;4;10;3;66;347;691;447
6056;Totaal mannen en vrouwen;45 tot 50 jaar;Totaal;A-U Alle economische activiteiten;2017/'18;1671;44;319;795;513;23;1648;1;3;15;4;43;316;780;509
6057;Totaal mannen en vrouwen;45 tot 50 jaar;Totaal;A-U Alle economische activiteiten;2018/'19;1935;51;482;827;575;20;1915;2;8;7;3;49;474;820;572
6058;Totaal mannen en vrouwen;45 tot 50 jaar;Totaal;A-U Alle economische activiteiten;2019/'20;1853;69;437;733;614;22;1831;3;2;7;10;66;435;726;604
6059;Totaal mannen en vrouwen;45 tot 50 jaar;Totaal;A-U Alle economische activiteiten;2020/'21;1559;61;337;617;544;22;1537;6;8;4;4;55;329;613;540
6060;Totaal mannen en vrouwen;45 tot 50 jaar;Totaal;A Landbouw, bosbouw en visserij;2009/'10;25;0;8;12;5;2;23;0;1;1;0;0;7;11;5
6061;Totaal mannen en vrouwen;45 tot 50 jaar;Totaal;A Landbouw, bosbouw en visserij;2010/'11;21;2;7;10;2;3;18;0;0;1;2;2;7;9;0
6062;Totaal mannen en vrouwen;45 tot 50 jaar;Totaal;A Landbouw, bosbouw en visserij;2011/'12;27;3;20;3;1;0;27;0;0;0;0;3;20;3;1
6063;Totaal mannen en vrouwen;45 tot 50 jaar;Totaal;A Landbouw, bosbouw en visserij;2012/'13;12;3;5;2;2;1;11;0;1;0;0;3;4;2;2
6064;Totaal mannen en vrouwen;45 tot 50 jaar;Totaal;A Landbouw, bosbouw en visserij;2013/'14;3;1;0;2;0;0;3;0;0;0;0;1;0;2;0
6065;Totaal mannen en vrouwen;45 tot 50 jaar;Totaal;A Landbouw, bosbouw en visserij;2014/'15;4;0;2;0;2;0;4;0;0;0;0;0;2;0;2
6066;Totaal mannen en vrouwen;45 tot 50 jaar;Totaal;A Landbouw, bosbouw en visserij;2015/'16;4;1;1;1;1;1;3;0;0;0;1;1;1;1;0
6067;Totaal mannen en vrouwen;45 tot 50 jaar;Totaal;A Landbouw, bosbouw en visserij;2016/'17;8;1;2;4;1;0;8;0;0;0;0;1;2;4;1
6068;Totaal mannen en vrouwen;45 tot 50 jaar;Totaal;A Landbouw, bosbouw en visserij;2017/'18;9;0;2;5;2;0;9;0;0;0;0;0;2;5;2
6069;Totaal mannen en vrouwen;45 tot 50 jaar;Totaal;A Landbouw, bosbouw en visserij;2018/'19;15;0;2;9;4;0;15;0;0;0;0;0;2;9;4
6070;Totaal mannen en vrouwen;45 tot 50 jaar;Totaal;A Landbouw, bosbouw en visserij;2019/'20;15;0;5;5;5;0;15;0;0;0;0;0;5;5;5
6071;Totaal mannen en vrouwen;45 tot 50 jaar;Totaal;A Landbouw, bosbouw en visserij;2020/'21;13;0;3;7;3;0;13;0;0;0;0;0;3;7;3
6072;Totaal mannen en vrouwen;45 tot 50 jaar;Totaal;B-E Nijverheid (geen bouw) en energie;2009/'10;1332;686;394;167;85;39;1293;0;24;8;7;686;370;159;78
6073;Totaal mannen en vrouwen;45 tot 50 jaar;Totaal;B-E Nijverheid (geen bouw) en energie;2010/'11;1136;680;257;129;70;19;1117;0;10;3;6;680;247;126;64
6074;Totaal mannen en vrouwen;45 tot 50 jaar;Totaal;B-E Nijverheid (geen bouw) en energie;2011/'12;869;451;270;116;32;13;856;0;4;4;5;451;266;112;27
6075;Totaal mannen en vrouwen;45 tot 50 jaar;Totaal;B-E Nijverheid (geen bouw) en energie;2012/'13;752;371;237;113;31;10;742;0;7;1;2;371;230;112;29
6076;Totaal mannen en vrouwen;45 tot 50 jaar;Totaal;B-E Nijverheid (geen bouw) en energie;2013/'14;290;104;107;57;22;3;287;0;0;0;3;104;107;57;19
6077;Totaal mannen en vrouwen;45 tot 50 jaar;Totaal;B-E Nijverheid (geen bouw) en energie;2014/'15;180;63;57;39;21;0;180;0;0;0;0;63;57;39;21
6078;Totaal mannen en vrouwen;45 tot 50 jaar;Totaal;B-E Nijverheid (geen bouw) en energie;2015/'16;202;43;84;54;21;4;198;0;4;0;0;43;80;54;21
6079;Totaal mannen en vrouwen;45 tot 50 jaar;Totaal;B-E Nijverheid (geen bouw) en energie;2016/'17;193;38;83;50;22;1;192;0;1;0;0;38;82;50;22
6080;Totaal mannen en vrouwen;45 tot 50 jaar;Totaal;B-E Nijverheid (geen bouw) en energie;2017/'18;145;14;37;61;33;3;142;1;0;0;2;13;37;61;31
6081;Totaal mannen en vrouwen;45 tot 50 jaar;Totaal;B-E Nijverheid (geen bouw) en energie;2018/'19;129;9;43;55;22;1;128;0;1;0;0;9;42;55;22
6082;Totaal mannen en vrouwen;45 tot 50 jaar;Totaal;B-E Nijverheid (geen bouw) en energie;2019/'20;151;13;44;57;37;0;151;0;0;0;0;13;44;57;37
6083;Totaal mannen en vrouwen;45 tot 50 jaar;Totaal;B-E Nijverheid (geen bouw) en energie;2020/'21;93;2;26;47;18;0;93;0;0;0;0;2;26;47;18
6084;Totaal mannen en vrouwen;45 tot 50 jaar;Totaal;F Bouwnijverheid;2009/'10;230;2;81;83;64;5;225;0;1;1;3;2;80;82;61
6085;Totaal mannen en vrouwen;45 tot 50 jaar;Totaal;F Bouwnijverheid;2010/'11;131;0;62;40;29;5;126;0;0;1;4;0;62;39;25
6086;Totaal mannen en vrouwen;45 tot 50 jaar;Totaal;F Bouwnijverheid;2011/'12;94;1;46;26;21;3;91;0;0;2;1;1;46;24;20
6087;Totaal mannen en vrouwen;45 tot 50 jaar;Totaal;F Bouwnijverheid;2012/'13;87;0;44;19;24;3;84;0;1;1;1;0;43;18;23
6088;Totaal mannen en vrouwen;45 tot 50 jaar;Totaal;F Bouwnijverheid;2013/'14;37;0;18;11;8;2;35;0;1;0;1;0;17;11;7
6089;Totaal mannen en vrouwen;45 tot 50 jaar;Totaal;F Bouwnijverheid;2014/'15;13;0;7;3;3;0;13;0;0;0;0;0;7;3;3
6090;Totaal mannen en vrouwen;45 tot 50 jaar;Totaal;F Bouwnijverheid;2015/'16;29;1;7;15;6;1;28;0;0;0;1;1;7;15;5
6091;Totaal mannen en vrouwen;45 tot 50 jaar;Totaal;F Bouwnijverheid;2016/'17;39;0;9;10;20;2;37;0;2;0;0;0;7;10;20
6092;Totaal mannen en vrouwen;45 tot 50 jaar;Totaal;F Bouwnijverheid;2017/'18;39;0;7;14;18;2;37;0;1;1;0;0;6;13;18
6093;Totaal mannen en vrouwen;45 tot 50 jaar;Totaal;F Bouwnijverheid;2018/'19;47;1;15;20;11;0;47;0;0;0;0;1;15;20;11
6094;Totaal mannen en vrouwen;45 tot 50 jaar;Totaal;F Bouwnijverheid;2019/'20;44;0;18;11;15;0;44;0;0;0;0;0;18;11;15
6095;Totaal mannen en vrouwen;45 tot 50 jaar;Totaal;F Bouwnijverheid;2020/'21;44;0;17;13;14;0;44;0;0;0;0;0;17;13;14
6096;Totaal mannen en vrouwen;45 tot 50 jaar;Totaal;G-I Handel, vervoer en horeca;2009/'10;1953;90;1549;203;111;71;1882;8;29;16;18;82;1520;187;93
6097;Totaal mannen en vrouwen;45 tot 50 jaar;Totaal;G-I Handel, vervoer en horeca;2010/'11;959;78;650;145;86;46;913;1;13;15;17;77;637;130;69
6098;Totaal mannen en vrouwen;45 tot 50 jaar;Totaal;G-I Handel, vervoer en horeca;2011/'12;990;68;695;150;77;34;956;1;19;6;8;67;676;144;69
6099;Totaal mannen en vrouwen;45 tot 50 jaar;Totaal;G-I Handel, vervoer en horeca;2012/'13;864;104;510;170;80;17;847;0;4;6;7;104;506;164;73
6100;Totaal mannen en vrouwen;45 tot 50 jaar;Totaal;G-I Handel, vervoer en horeca;2013/'14;171;6;51;56;58;11;160;1;1;4;5;5;50;52;53
6101;Totaal mannen en vrouwen;45 tot 50 jaar;Totaal;G-I Handel, vervoer en horeca;2014/'15;145;6;39;52;48;4;141;1;1;1;1;5;38;51;47
6102;Totaal mannen en vrouwen;45 tot 50 jaar;Totaal;G-I Handel, vervoer en horeca;2015/'16;118;1;41;42;34;3;115;0;2;1;0;1;39;41;34
6103;Totaal mannen en vrouwen;45 tot 50 jaar;Totaal;G-I Handel, vervoer en horeca;2016/'17;182;6;41;68;67;1;181;0;0;1;0;6;41;67;67
6104;Totaal mannen en vrouwen;45 tot 50 jaar;Totaal;G-I Handel, vervoer en horeca;2017/'18;255;4;54;140;57;5;250;0;1;3;1;4;53;137;56
6105;Totaal mannen en vrouwen;45 tot 50 jaar;Totaal;G-I Handel, vervoer en horeca;2018/'19;395;3;100;191;101;5;390;0;1;4;0;3;99;187;101
6106;Totaal mannen en vrouwen;45 tot 50 jaar;Totaal;G-I Handel, vervoer en horeca;2019/'20;406;9;83;209;105;12;394;2;1;3;6;7;82;206;99
6107;Totaal mannen en vrouwen;45 tot 50 jaar;Totaal;G-I Handel, vervoer en horeca;2020/'21;355;6;65;154;130;8;347;2;3;1;2;4;62;153;128
6108;Totaal mannen en vrouwen;45 tot 50 jaar;Totaal;J Informatie en communicatie;2009/'10;35;0;12;14;9;5;30;0;3;1;1;0;9;13;8
6109;Totaal mannen en vrouwen;45 tot 50 jaar;Totaal;J Informatie en communicatie;2010/'11;19;2;5;8;4;3;16;0;2;0;1;2;3;8;3
6110;Totaal mannen en vrouwen;45 tot 50 jaar;Totaal;J Informatie en communicatie;2011/'12;19;1;3;12;3;3;16;0;1;1;1;1;2;11;2
6111;Totaal mannen en vrouwen;45 tot 50 jaar;Totaal;J Informatie en communicatie;2012/'13;20;2;6;7;5;3;17;0;0;2;1;2;6;5;4
6112;Totaal mannen en vrouwen;45 tot 50 jaar;Totaal;J Informatie en communicatie;2013/'14;6;0;2;1;3;0;6;0;0;0;0;0;2;1;3
6113;Totaal mannen en vrouwen;45 tot 50 jaar;Totaal;J Informatie en communicatie;2014/'15;5;0;3;1;1;0;5;0;0;0;0;0;3;1;1
6114;Totaal mannen en vrouwen;45 tot 50 jaar;Totaal;J Informatie en communicatie;2015/'16;6;0;3;2;1;0;6;0;0;0;0;0;3;2;1
6115;Totaal mannen en vrouwen;45 tot 50 jaar;Totaal;J Informatie en communicatie;2016/'17;8;0;1;5;2;1;7;0;1;0;0;0;0;5;2
6116;Totaal mannen en vrouwen;45 tot 50 jaar;Totaal;J Informatie en communicatie;2017/'18;9;0;4;2;3;0;9;0;0;0;0;0;4;2;3
6117;Totaal mannen en vrouwen;45 tot 50 jaar;Totaal;J Informatie en communicatie;2018/'19;12;0;3;7;2;0;12;0;0;0;0;0;3;7;2
6118;Totaal mannen en vrouwen;45 tot 50 jaar;Totaal;J Informatie en communicatie;2019/'20;13;0;4;6;3;1;12;0;1;0;0;0;3;6;3
6119;Totaal mannen en vrouwen;45 tot 50 jaar;Totaal;J Informatie en communicatie;2020/'21;16;0;2;10;4;0;16;0;0;0;0;0;2;10;4
6120;Totaal mannen en vrouwen;45 tot 50 jaar;Totaal;K Financiële dienstverlening;2009/'10;195;4;17;10;164;13;182;0;1;2;10;4;16;8;154
6121;Totaal mannen en vrouwen;45 tot 50 jaar;Totaal;K Financiële dienstverlening;2010/'11;74;4;9;9;52;8;66;0;1;3;4;4;8;6;48
6122;Totaal mannen en vrouwen;45 tot 50 jaar;Totaal;K Financiële dienstverlening;2011/'12;68;1;5;13;49;11;57;0;2;2;7;1;3;11;42
6123;Totaal mannen en vrouwen;45 tot 50 jaar;Totaal;K Financiële dienstverlening;2012/'13;43;0;5;5;33;5;38;0;1;0;4;0;4;5;29
6124;Totaal mannen en vrouwen;45 tot 50 jaar;Totaal;K Financiële dienstverlening;2013/'14;15;0;0;3;12;1;14;0;0;0;1;0;0;3;11
6125;Totaal mannen en vrouwen;45 tot 50 jaar;Totaal;K Financiële dienstverlening;2014/'15;8;0;2;3;3;1;7;0;0;0;1;0;2;3;2
6126;Totaal mannen en vrouwen;45 tot 50 jaar;Totaal;K Financiële dienstverlening;2015/'16;11;0;2;5;4;0;11;0;0;0;0;0;2;5;4
6127;Totaal mannen en vrouwen;45 tot 50 jaar;Totaal;K Financiële dienstverlening;2016/'17;9;0;0;6;3;1;8;0;0;1;0;0;0;5;3
6128;Totaal mannen en vrouwen;45 tot 50 jaar;Totaal;K Financiële dienstverlening;2017/'18;42;0;3;14;25;0;42;0;0;0;0;0;3;14;25
6129;Totaal mannen en vrouwen;45 tot 50 jaar;Totaal;K Financiële dienstverlening;2018/'19;28;0;4;13;11;0;28;0;0;0;0;0;4;13;11
6130;Totaal mannen en vrouwen;45 tot 50 jaar;Totaal;K Financiële dienstverlening;2019/'20;34;0;1;12;21;0;34;0;0;0;0;0;1;12;21
6131;Totaal mannen en vrouwen;45 tot 50 jaar;Totaal;K Financiële dienstverlening;2020/'21;12;0;1;6;5;0;12;0;0;0;0;0;1;6;5
6132;Totaal mannen en vrouwen;45 tot 50 jaar;Totaal;L Verhuur en handel van onroerend goed;2009/'10;37;5;17;11;4;3;34;0;2;0;1;5;15;11;3
6133;Totaal mannen en vrouwen;45 tot 50 jaar;Totaal;L Verhuur en handel van onroerend goed;2010/'11;21;1;3;8;9;1;20;0;0;1;0;1;3;7;9
6134;Totaal mannen en vrouwen;45 tot 50 jaar;Totaal;L Verhuur en handel van onroerend goed;2011/'12;10;0;8;1;1;0;10;0;0;0;0;0;8;1;1
6135;Totaal mannen en vrouwen;45 tot 50 jaar;Totaal;L Verhuur en handel van onroerend goed;2012/'13;10;0;6;4;0;0;10;0;0;0;0;0;6;4;0
6136;Totaal mannen en vrouwen;45 tot 50 jaar;Totaal;L Verhuur en handel van onroerend goed;2013/'14;16;0;11;3;2;0;16;0;0;0;0;0;11;3;2
6137;Totaal mannen en vrouwen;45 tot 50 jaar;Totaal;L Verhuur en handel van onroerend goed;2014/'15;5;0;2;2;1;0;5;0;0;0;0;0;2;2;1
6138;Totaal mannen en vrouwen;45 tot 50 jaar;Totaal;L Verhuur en handel van onroerend goed;2015/'16;4;0;3;0;1;0;4;0;0;0;0;0;3;0;1
6139;Totaal mannen en vrouwen;45 tot 50 jaar;Totaal;L Verhuur en handel van onroerend goed;2016/'17;9;0;4;5;0;0;9;0;0;0;0;0;4;5;0
6140;Totaal mannen en vrouwen;45 tot 50 jaar;Totaal;L Verhuur en handel van onroerend goed;2017/'18;5;0;0;4;1;0;5;0;0;0;0;0;0;4;1
6141;Totaal mannen en vrouwen;45 tot 50 jaar;Totaal;L Verhuur en handel van onroerend goed;2018/'19;10;0;3;4;3;0;10;0;0;0;0;0;3;4;3
6142;Totaal mannen en vrouwen;45 tot 50 jaar;Totaal;L Verhuur en handel van onroerend goed;2019/'20;8;0;2;3;3;0;8;0;0;0;0;0;2;3;3
6143;Totaal mannen en vrouwen;45 tot 50 jaar;Totaal;L Verhuur en handel van onroerend goed;2020/'21;4;0;0;4;0;0;4;0;0;0;0;0;0;4;0
6144;Totaal mannen en vrouwen;45 tot 50 jaar;Totaal;M-N Zakelijke dienstverlening;2009/'10;681;115;249;175;142;59;622;7;24;16;12;108;225;159;130
6145;Totaal mannen en vrouwen;45 tot 50 jaar;Totaal;M-N Zakelijke dienstverlening;2010/'11;517;76;139;259;43;36;481;6;12;7;11;70;127;252;32
6146;Totaal mannen en vrouwen;45 tot 50 jaar;Totaal;M-N Zakelijke dienstverlening;2011/'12;400;73;176;110;41;24;376;4;10;4;6;69;166;106;35
6147;Totaal mannen en vrouwen;45 tot 50 jaar;Totaal;M-N Zakelijke dienstverlening;2012/'13;330;107;116;75;32;16;314;4;8;1;3;103;108;74;29
6148;Totaal mannen en vrouwen;45 tot 50 jaar;Totaal;M-N Zakelijke dienstverlening;2013/'14;114;39;32;27;16;7;107;1;3;0;3;38;29;27;13
6149;Totaal mannen en vrouwen;45 tot 50 jaar;Totaal;M-N Zakelijke dienstverlening;2014/'15;93;24;32;21;16;7;86;1;3;3;0;23;29;18;16
6150;Totaal mannen en vrouwen;45 tot 50 jaar;Totaal;M-N Zakelijke dienstverlening;2015/'16;106;15;54;26;11;2;104;1;0;1;0;14;54;25;11
6151;Totaal mannen en vrouwen;45 tot 50 jaar;Totaal;M-N Zakelijke dienstverlening;2016/'17;159;13;72;53;21;2;157;0;0;2;0;13;72;51;21
6152;Totaal mannen en vrouwen;45 tot 50 jaar;Totaal;M-N Zakelijke dienstverlening;2017/'18;232;12;56;136;28;4;228;0;0;4;0;12;56;132;28
6153;Totaal mannen en vrouwen;45 tot 50 jaar;Totaal;M-N Zakelijke dienstverlening;2018/'19;289;24;103;109;53;9;280;2;4;1;2;22;99;108;51
6154;Totaal mannen en vrouwen;45 tot 50 jaar;Totaal;M-N Zakelijke dienstverlening;2019/'20;304;23;100;107;74;2;302;0;0;2;0;23;100;105;74
6155;Totaal mannen en vrouwen;45 tot 50 jaar;Totaal;M-N Zakelijke dienstverlening;2020/'21;231;35;60;92;44;5;226;3;2;0;0;32;58;92;44
6156;Totaal mannen en vrouwen;45 tot 50 jaar;Totaal;O-Q Overheid en zorg;2009/'10;1600;151;472;614;363;103;1497;2;25;32;44;149;447;582;319
6157;Totaal mannen en vrouwen;45 tot 50 jaar;Totaal;O-Q Overheid en zorg;2010/'11;1387;103;368;495;421;95;1292;1;26;16;52;102;342;479;369
6158;Totaal mannen en vrouwen;45 tot 50 jaar;Totaal;O-Q Overheid en zorg;2011/'12;1249;82;409;492;266;78;1171;0;18;23;37;82;391;469;229
6159;Totaal mannen en vrouwen;45 tot 50 jaar;Totaal;O-Q Overheid en zorg;2012/'13;1223;74;374;496;279;43;1180;0;21;7;15;74;353;489;264
6160;Totaal mannen en vrouwen;45 tot 50 jaar;Totaal;O-Q Overheid en zorg;2013/'14;724;39;230;283;172;26;698;0;7;7;12;39;223;276;160
6161;Totaal mannen en vrouwen;45 tot 50 jaar;Totaal;O-Q Overheid en zorg;2014/'15;530;21;114;265;130;3;527;0;1;1;1;21;113;264;129
6162;Totaal mannen en vrouwen;45 tot 50 jaar;Totaal;O-Q Overheid en zorg;2015/'16;562;34;91;307;130;6;556;0;1;3;2;34;90;304;128
6163;Totaal mannen en vrouwen;45 tot 50 jaar;Totaal;O-Q Overheid en zorg;2016/'17;918;8;132;482;296;6;912;0;0;4;2;8;132;478;294
6164;Totaal mannen en vrouwen;45 tot 50 jaar;Totaal;O-Q Overheid en zorg;2017/'18;874;14;146;384;330;8;866;0;1;7;0;14;145;377;330
6165;Totaal mannen en vrouwen;45 tot 50 jaar;Totaal;O-Q Overheid en zorg;2018/'19;923;14;197;368;344;5;918;0;2;2;1;14;195;366;343
6166;Totaal mannen en vrouwen;45 tot 50 jaar;Totaal;O-Q Overheid en zorg;2019/'20;783;24;158;282;319;6;777;1;0;2;3;23;158;280;316
6167;Totaal mannen en vrouwen;45 tot 50 jaar;Totaal;O-Q Overheid en zorg;2020/'21;692;15;140;235;302;6;686;1;3;1;1;14;137;234;301
6168;Totaal mannen en vrouwen;45 tot 50 jaar;Totaal;R-U Cultuur, recreatie, overige diensten;2009/'10;135;13;54;27;41;20;115;0;6;7;7;13;48;20;34
6169;Totaal mannen en vrouwen;45 tot 50 jaar;Totaal;R-U Cultuur, recreatie, overige diensten;2010/'11;80;6;18;24;32;15;65;0;3;3;9;6;15;21;23
6170;Totaal mannen en vrouwen;45 tot 50 jaar;Totaal;R-U Cultuur, recreatie, overige diensten;2011/'12;151;58;53;21;19;13;138;0;5;2;6;58;48;19;13
6171;Totaal mannen en vrouwen;45 tot 50 jaar;Totaal;R-U Cultuur, recreatie, overige diensten;2012/'13;123;48;36;25;14;5;118;0;3;0;2;48;33;25;12
6172;Totaal mannen en vrouwen;45 tot 50 jaar;Totaal;R-U Cultuur, recreatie, overige diensten;2013/'14;28;5;8;9;6;1;27;0;1;0;0;5;7;9;6
6173;Totaal mannen en vrouwen;45 tot 50 jaar;Totaal;R-U Cultuur, recreatie, overige diensten;2014/'15;7;2;3;2;0;0;7;0;0;0;0;2;3;2;0
6174;Totaal mannen en vrouwen;45 tot 50 jaar;Totaal;R-U Cultuur, recreatie, overige diensten;2015/'16;26;2;9;12;3;2;24;1;0;1;0;1;9;11;3
6175;Totaal mannen en vrouwen;45 tot 50 jaar;Totaal;R-U Cultuur, recreatie, overige diensten;2016/'17;31;0;5;12;14;2;29;0;0;1;1;0;5;11;13
6176;Totaal mannen en vrouwen;45 tot 50 jaar;Totaal;R-U Cultuur, recreatie, overige diensten;2017/'18;49;0;8;29;12;0;49;0;0;0;0;0;8;29;12
6177;Totaal mannen en vrouwen;45 tot 50 jaar;Totaal;R-U Cultuur, recreatie, overige diensten;2018/'19;68;0;8;40;20;0;68;0;0;0;0;0;8;40;20
6178;Totaal mannen en vrouwen;45 tot 50 jaar;Totaal;R-U Cultuur, recreatie, overige diensten;2019/'20;83;0;22;36;25;0;83;0;0;0;0;0;22;36;25
6179;Totaal mannen en vrouwen;45 tot 50 jaar;Totaal;R-U Cultuur, recreatie, overige diensten;2020/'21;91;3;20;46;22;2;89;0;0;1;1;3;20;45;21
6180;Totaal mannen en vrouwen;45 tot 50 jaar;Totaal;SBI-code onbekend;2009/'10;142;8;87;27;20;30;112;1;17;6;6;7;70;21;14
6181;Totaal mannen en vrouwen;45 tot 50 jaar;Totaal;SBI-code onbekend;2010/'11;81;0;43;17;21;16;65;0;6;3;7;0;37;14;14
6182;Totaal mannen en vrouwen;45 tot 50 jaar;Totaal;SBI-code onbekend;2011/'12;80;9;34;20;17;13;67;1;5;3;4;8;29;17;13
6183;Totaal mannen en vrouwen;45 tot 50 jaar;Totaal;SBI-code onbekend;2012/'13;64;8;31;10;15;9;55;1;3;0;5;7;28;10;10
6184;Totaal mannen en vrouwen;45 tot 50 jaar;Totaal;SBI-code onbekend;2013/'14;44;1;14;9;20;8;36;0;4;2;2;1;10;7;18
6185;Totaal mannen en vrouwen;45 tot 50 jaar;Totaal;SBI-code onbekend;2014/'15;12;0;4;4;4;1;11;0;1;0;0;0;3;4;4
6186;Totaal mannen en vrouwen;45 tot 50 jaar;Totaal;SBI-code onbekend;2015/'16;2;1;1;0;0;0;2;0;0;0;0;1;1;0;0
6187;Totaal mannen en vrouwen;45 tot 50 jaar;Totaal;SBI-code onbekend;2016/'17;12;0;2;6;4;1;11;0;0;1;0;0;2;5;4
6188;Totaal mannen en vrouwen;45 tot 50 jaar;Totaal;SBI-code onbekend;2017/'18;12;0;2;6;4;1;11;0;0;0;1;0;2;6;3
6189;Totaal mannen en vrouwen;45 tot 50 jaar;Totaal;SBI-code onbekend;2018/'19;19;0;4;11;4;0;19;0;0;0;0;0;4;11;4
6190;Totaal mannen en vrouwen;45 tot 50 jaar;Totaal;SBI-code onbekend;2019/'20;12;0;0;5;7;1;11;0;0;0;1;0;0;5;6
6191;Totaal mannen en vrouwen;45 tot 50 jaar;Totaal;SBI-code onbekend;2020/'21;8;0;3;3;2;1;7;0;0;1;0;0;3;2;2
6192;Totaal mannen en vrouwen;45 tot 50 jaar;Sector landbouw;A-U Alle economische activiteiten;2009/'10;470;243;120;83;24;6;464;0;0;5;1;243;120;78;23
6193;Totaal mannen en vrouwen;45 tot 50 jaar;Sector landbouw;A-U Alle economische activiteiten;2010/'11;475;286;107;60;22;3;472;1;0;2;0;285;107;58;22
6194;Totaal mannen en vrouwen;45 tot 50 jaar;Sector landbouw;A-U Alle economische activiteiten;2011/'12;435;241;114;69;11;3;432;0;0;3;0;241;114;66;11
6195;Totaal mannen en vrouwen;45 tot 50 jaar;Sector landbouw;A-U Alle economische activiteiten;2012/'13;406;233;101;64;8;1;405;0;0;1;0;233;101;63;8
6196;Totaal mannen en vrouwen;45 tot 50 jaar;Sector landbouw;A-U Alle economische activiteiten;2013/'14;122;50;48;18;6;2;120;0;0;0;2;50;48;18;4
6197;Totaal mannen en vrouwen;45 tot 50 jaar;Sector landbouw;A-U Alle economische activiteiten;2014/'15;87;27;31;22;7;0;87;0;0;0;0;27;31;22;7
6198;Totaal mannen en vrouwen;45 tot 50 jaar;Sector landbouw;A-U Alle economische activiteiten;2015/'16;94;17;29;41;7;0;94;0;0;0;0;17;29;41;7
6199;Totaal mannen en vrouwen;45 tot 50 jaar;Sector landbouw;A-U Alle economische activiteiten;2016/'17;47;1;17;18;11;0;47;0;0;0;0;1;17;18;11
6200;Totaal mannen en vrouwen;45 tot 50 jaar;Sector landbouw;A-U Alle economische activiteiten;2017/'18;50;0;15;28;7;0;50;0;0;0;0;0;15;28;7
6201;Totaal mannen en vrouwen;45 tot 50 jaar;Sector landbouw;A-U Alle economische activiteiten;2018/'19;35;0;14;15;6;0;35;0;0;0;0;0;14;15;6
6202;Totaal mannen en vrouwen;45 tot 50 jaar;Sector landbouw;A-U Alle economische activiteiten;2019/'20;34;0;7;21;6;0;34;0;0;0;0;0;7;21;6
6203;Totaal mannen en vrouwen;45 tot 50 jaar;Sector landbouw;A-U Alle economische activiteiten;2020/'21;25;12;2;10;1;0;25;0;0;0;0;12;2;10;1
6204;Totaal mannen en vrouwen;45 tot 50 jaar;Sector landbouw;A Landbouw, bosbouw en visserij;2009/'10;11;0;2;6;3;0;11;0;0;0;0;0;2;6;3
6205;Totaal mannen en vrouwen;45 tot 50 jaar;Sector landbouw;A Landbouw, bosbouw en visserij;2010/'11;6;1;3;2;0;0;6;0;0;0;0;1;3;2;0
6206;Totaal mannen en vrouwen;45 tot 50 jaar;Sector landbouw;A Landbouw, bosbouw en visserij;2011/'12;1;0;0;1;0;0;1;0;0;0;0;0;0;1;0
6207;Totaal mannen en vrouwen;45 tot 50 jaar;Sector landbouw;A Landbouw, bosbouw en visserij;2012/'13;4;3;0;0;1;0;4;0;0;0;0;3;0;0;1
6208;Totaal mannen en vrouwen;45 tot 50 jaar;Sector landbouw;A Landbouw, bosbouw en visserij;2013/'14;1;0;0;1;0;0;1;0;0;0;0;0;0;1;0
6209;Totaal mannen en vrouwen;45 tot 50 jaar;Sector landbouw;A Landbouw, bosbouw en visserij;2014/'15;1;0;0;0;1;0;1;0;0;0;0;0;0;0;1
6210;Totaal mannen en vrouwen;45 tot 50 jaar;Sector landbouw;A Landbouw, bosbouw en visserij;2015/'16;0;0;0;0;0;0;0;0;0;0;0;0;0;0;0
6211;Totaal mannen en vrouwen;45 tot 50 jaar;Sector landbouw;A Landbouw, bosbouw en visserij;2016/'17;0;0;0;0;0;0;0;0;0;0;0;0;0;0;0
6212;Totaal mannen en vrouwen;45 tot 50 jaar;Sector landbouw;A Landbouw, bosbouw en visserij;2017/'18;0;0;0;0;0;0;0;0;0;0;0;0;0;0;0
6213;Totaal mannen en vrouwen;45 tot 50 jaar;Sector landbouw;A Landbouw, bosbouw en visserij;2018/'19;0;0;0;0;0;0;0;0;0;0;0;0;0;0;0
6214;Totaal mannen en vrouwen;45 tot 50 jaar;Sector landbouw;A Landbouw, bosbouw en visserij;2019/'20;0;0;0;0;0;0;0;0;0;0;0;0;0;0;0
6215;Totaal mannen en vrouwen;45 tot 50 jaar;Sector landbouw;A Landbouw, bosbouw en visserij;2020/'21;1;0;0;1;0;0;1;0;0;0;0;0;0;1;0
6216;Totaal mannen en vrouwen;45 tot 50 jaar;Sector landbouw;B-E Nijverheid (geen bouw) en energie;2009/'10;279;178;57;36;8;0;279;0;0;0;0;178;57;36;8
6217;Totaal mannen en vrouwen;45 tot 50 jaar;Sector landbouw;B-E Nijverheid (geen bouw) en energie;2010/'11;351;236;72;31;12;0;351;0;0;0;0;236;72;31;12
6218;Totaal mannen en vrouwen;45 tot 50 jaar;Sector landbouw;B-E Nijverheid (geen bouw) en energie;2011/'12;287;191;64;31;1;0;287;0;0;0;0;191;64;31;1
6219;Totaal mannen en vrouwen;45 tot 50 jaar;Sector landbouw;B-E Nijverheid (geen bouw) en energie;2012/'13;215;149;39;27;0;0;215;0;0;0;0;149;39;27;0
6220;Totaal mannen en vrouwen;45 tot 50 jaar;Sector landbouw;B-E Nijverheid (geen bouw) en energie;2013/'14;90;42;40;6;2;1;89;0;0;0;1;42;40;6;1
6221;Totaal mannen en vrouwen;45 tot 50 jaar;Sector landbouw;B-E Nijverheid (geen bouw) en energie;2014/'15;38;22;13;2;1;0;38;0;0;0;0;22;13;2;1
6222;Totaal mannen en vrouwen;45 tot 50 jaar;Sector landbouw;B-E Nijverheid (geen bouw) en energie;2015/'16;35;14;6;12;3;0;35;0;0;0;0;14;6;12;3
6223;Totaal mannen en vrouwen;45 tot 50 jaar;Sector landbouw;B-E Nijverheid (geen bouw) en energie;2016/'17;17;0;10;4;3;0;17;0;0;0;0;0;10;4;3
6224;Totaal mannen en vrouwen;45 tot 50 jaar;Sector landbouw;B-E Nijverheid (geen bouw) en energie;2017/'18;17;0;4;9;4;0;17;0;0;0;0;0;4;9;4
6225;Totaal mannen en vrouwen;45 tot 50 jaar;Sector landbouw;B-E Nijverheid (geen bouw) en energie;2018/'19;4;0;3;1;0;0;4;0;0;0;0;0;3;1;0
6226;Totaal mannen en vrouwen;45 tot 50 jaar;Sector landbouw;B-E Nijverheid (geen bouw) en energie;2019/'20;11;0;3;6;2;0;11;0;0;0;0;0;3;6;2
6227;Totaal mannen en vrouwen;45 tot 50 jaar;Sector landbouw;B-E Nijverheid (geen bouw) en energie;2020/'21;3;1;1;1;0;0;3;0;0;0;0;1;1;1;0
6228;Totaal mannen en vrouwen;45 tot 50 jaar;Sector landbouw;F Bouwnijverheid;2009/'10;2;0;0;2;0;0;2;0;0;0;0;0;0;2;0
6229;Totaal mannen en vrouwen;45 tot 50 jaar;Sector landbouw;F Bouwnijverheid;2010/'11;1;0;0;1;0;0;1;0;0;0;0;0;0;1;0
6230;Totaal mannen en vrouwen;45 tot 50 jaar;Sector landbouw;F Bouwnijverheid;2011/'12;1;0;1;0;0;0;1;0;0;0;0;0;1;0;0
6231;Totaal mannen en vrouwen;45 tot 50 jaar;Sector landbouw;F Bouwnijverheid;2012/'13;1;0;1;0;0;0;1;0;0;0;0;0;1;0;0
6232;Totaal mannen en vrouwen;45 tot 50 jaar;Sector landbouw;F Bouwnijverheid;2013/'14;1;0;0;1;0;0;1;0;0;0;0;0;0;1;0
6233;Totaal mannen en vrouwen;45 tot 50 jaar;Sector landbouw;F Bouwnijverheid;2014/'15;0;0;0;0;0;0;0;0;0;0;0;0;0;0;0
6234;Totaal mannen en vrouwen;45 tot 50 jaar;Sector landbouw;F Bouwnijverheid;2015/'16;1;0;0;1;0;0;1;0;0;0;0;0;0;1;0
6235;Totaal mannen en vrouwen;45 tot 50 jaar;Sector landbouw;F Bouwnijverheid;2016/'17;0;0;0;0;0;0;0;0;0;0;0;0;0;0;0
6236;Totaal mannen en vrouwen;45 tot 50 jaar;Sector landbouw;F Bouwnijverheid;2017/'18;0;0;0;0;0;0;0;0;0;0;0;0;0;0;0
6237;Totaal mannen en vrouwen;45 tot 50 jaar;Sector landbouw;F Bouwnijverheid;2018/'19;0;0;0;0;0;0;0;0;0;0;0;0;0;0;0
6238;Totaal mannen en vrouwen;45 tot 50 jaar;Sector landbouw;F Bouwnijverheid;2019/'20;0;0;0;0;0;0;0;0;0;0;0;0;0;0;0
6239;Totaal mannen en vrouwen;45 tot 50 jaar;Sector landbouw;F Bouwnijverheid;2020/'21;0;0;0;0;0;0;0;0;0;0;0;0;0;0;0
6240;Totaal mannen en vrouwen;45 tot 50 jaar;Sector landbouw;G-I Handel, vervoer en horeca;2009/'10;33;10;12;8;3;0;33;0;0;0;0;10;12;8;3
6241;Totaal mannen en vrouwen;45 tot 50 jaar;Sector landbouw;G-I Handel, vervoer en horeca;2010/'11;28;16;7;5;0;2;26;1;0;1;0;15;7;4;0
6242;Totaal mannen en vrouwen;45 tot 50 jaar;Sector landbouw;G-I Handel, vervoer en horeca;2011/'12;49;19;24;6;0;1;48;0;0;1;0;19;24;5;0
6243;Totaal mannen en vrouwen;45 tot 50 jaar;Sector landbouw;G-I Handel, vervoer en horeca;2012/'13;48;11;30;5;2;0;48;0;0;0;0;11;30;5;2
6244;Totaal mannen en vrouwen;45 tot 50 jaar;Sector landbouw;G-I Handel, vervoer en horeca;2013/'14;2;0;0;1;1;0;2;0;0;0;0;0;0;1;1
6245;Totaal mannen en vrouwen;45 tot 50 jaar;Sector landbouw;G-I Handel, vervoer en horeca;2014/'15;6;1;1;3;1;0;6;0;0;0;0;1;1;3;1
6246;Totaal mannen en vrouwen;45 tot 50 jaar;Sector landbouw;G-I Handel, vervoer en horeca;2015/'16;4;0;1;3;0;0;4;0;0;0;0;0;1;3;0
6247;Totaal mannen en vrouwen;45 tot 50 jaar;Sector landbouw;G-I Handel, vervoer en horeca;2016/'17;1;0;1;0;0;0;1;0;0;0;0;0;1;0;0
6248;Totaal mannen en vrouwen;45 tot 50 jaar;Sector landbouw;G-I Handel, vervoer en horeca;2017/'18;3;0;1;2;0;0;3;0;0;0;0;0;1;2;0
6249;Totaal mannen en vrouwen;45 tot 50 jaar;Sector landbouw;G-I Handel, vervoer en horeca;2018/'19;3;0;2;1;0;0;3;0;0;0;0;0;2;1;0
6250;Totaal mannen en vrouwen;45 tot 50 jaar;Sector landbouw;G-I Handel, vervoer en horeca;2019/'20;2;0;1;1;0;0;2;0;0;0;0;0;1;1;0
6251;Totaal mannen en vrouwen;45 tot 50 jaar;Sector landbouw;G-I Handel, vervoer en horeca;2020/'21;1;0;0;1;0;0;1;0;0;0;0;0;0;1;0
6252;Totaal mannen en vrouwen;45 tot 50 jaar;Sector landbouw;J Informatie en communicatie;2009/'10;1;0;0;1;0;1;0;0;0;1;0;0;0;0;0
6253;Totaal mannen en vrouwen;45 tot 50 jaar;Sector landbouw;J Informatie en communicatie;2010/'11;0;0;0;0;0;0;0;0;0;0;0;0;0;0;0
6254;Totaal mannen en vrouwen;45 tot 50 jaar;Sector landbouw;J Informatie en communicatie;2011/'12;0;0;0;0;0;0;0;0;0;0;0;0;0;0;0
6255;Totaal mannen en vrouwen;45 tot 50 jaar;Sector landbouw;J Informatie en communicatie;2012/'13;2;2;0;0;0;0;2;0;0;0;0;2;0;0;0
6256;Totaal mannen en vrouwen;45 tot 50 jaar;Sector landbouw;J Informatie en communicatie;2013/'14;0;0;0;0;0;0;0;0;0;0;0;0;0;0;0
6257;Totaal mannen en vrouwen;45 tot 50 jaar;Sector landbouw;J Informatie en communicatie;2014/'15;0;0;0;0;0;0;0;0;0;0;0;0;0;0;0
6258;Totaal mannen en vrouwen;45 tot 50 jaar;Sector landbouw;J Informatie en communicatie;2015/'16;1;0;1;0;0;0;1;0;0;0;0;0;1;0;0
6259;Totaal mannen en vrouwen;45 tot 50 jaar;Sector landbouw;J Informatie en communicatie;2016/'17;0;0;0;0;0;0;0;0;0;0;0;0;0;0;0
6260;Totaal mannen en vrouwen;45 tot 50 jaar;Sector landbouw;J Informatie en communicatie;2017/'18;0;0;0;0;0;0;0;0;0;0;0;0;0;0;0
6261;Totaal mannen en vrouwen;45 tot 50 jaar;Sector landbouw;J Informatie en communicatie;2018/'19;0;0;0;0;0;0;0;0;0;0;0;0;0;0;0
6262;Totaal mannen en vrouwen;45 tot 50 jaar;Sector landbouw;J Informatie en communicatie;2019/'20;0;0;0;0;0;0;0;0;0;0;0;0;0;0;0
6263;Totaal mannen en vrouwen;45 tot 50 jaar;Sector landbouw;J Informatie en communicatie;2020/'21;0;0;0;0;0;0;0;0;0;0;0;0;0;0;0
6264;Totaal mannen en vrouwen;45 tot 50 jaar;Sector landbouw;K Financiële dienstverlening;2009/'10;1;0;1;0;0;0;1;0;0;0;0;0;1;0;0
6265;Totaal mannen en vrouwen;45 tot 50 jaar;Sector landbouw;K Financiële dienstverlening;2010/'11;0;0;0;0;0;0;0;0;0;0;0;0;0;0;0
6266;Totaal mannen en vrouwen;45 tot 50 jaar;Sector landbouw;K Financiële dienstverlening;2011/'12;0;0;0;0;0;0;0;0;0;0;0;0;0;0;0
6267;Totaal mannen en vrouwen;45 tot 50 jaar;Sector landbouw;K Financiële dienstverlening;2012/'13;1;0;1;0;0;0;1;0;0;0;0;0;1;0;0
6268;Totaal mannen en vrouwen;45 tot 50 jaar;Sector landbouw;K Financiële dienstverlening;2013/'14;0;0;0;0;0;0;0;0;0;0;0;0;0;0;0
6269;Totaal mannen en vrouwen;45 tot 50 jaar;Sector landbouw;K Financiële dienstverlening;2014/'15;0;0;0;0;0;0;0;0;0;0;0;0;0;0;0
6270;Totaal mannen en vrouwen;45 tot 50 jaar;Sector landbouw;K Financiële dienstverlening;2015/'16;0;0;0;0;0;0;0;0;0;0;0;0;0;0;0
6271;Totaal mannen en vrouwen;45 tot 50 jaar;Sector landbouw;K Financiële dienstverlening;2016/'17;0;0;0;0;0;0;0;0;0;0;0;0;0;0;0
6272;Totaal mannen en vrouwen;45 tot 50 jaar;Sector landbouw;K Financiële dienstverlening;2017/'18;0;0;0;0;0;0;0;0;0;0;0;0;0;0;0
6273;Totaal mannen en vrouwen;45 tot 50 jaar;Sector landbouw;K Financiële dienstverlening;2018/'19;2;0;0;1;1;0;2;0;0;0;0;0;0;1;1
6274;Totaal mannen en vrouwen;45 tot 50 jaar;Sector landbouw;K Financiële dienstverlening;2019/'20;1;0;0;1;0;0;1;0;0;0;0;0;0;1;0
6275;Totaal mannen en vrouwen;45 tot 50 jaar;Sector landbouw;K Financiële dienstverlening;2020/'21;2;0;0;2;0;0;2;0;0;0;0;0;0;2;0
6276;Totaal mannen en vrouwen;45 tot 50 jaar;Sector landbouw;L Verhuur en handel van onroerend goed;2009/'10;2;0;0;2;0;0;2;0;0;0;0;0;0;2;0
6277;Totaal mannen en vrouwen;45 tot 50 jaar;Sector landbouw;L Verhuur en handel van onroerend goed;2010/'11;2;0;0;2;0;0;2;0;0;0;0;0;0;2;0
6278;Totaal mannen en vrouwen;45 tot 50 jaar;Sector landbouw;L Verhuur en handel van onroerend goed;2011/'12;0;0;0;0;0;0;0;0;0;0;0;0;0;0;0
6279;Totaal mannen en vrouwen;45 tot 50 jaar;Sector landbouw;L Verhuur en handel van onroerend goed;2012/'13;0;0;0;0;0;0;0;0;0;0;0;0;0;0;0
6280;Totaal mannen en vrouwen;45 tot 50 jaar;Sector landbouw;L Verhuur en handel van onroerend goed;2013/'14;2;0;0;2;0;0;2;0;0;0;0;0;0;2;0
6281;Totaal mannen en vrouwen;45 tot 50 jaar;Sector landbouw;L Verhuur en handel van onroerend goed;2014/'15;2;0;0;2;0;0;2;0;0;0;0;0;0;2;0
6282;Totaal mannen en vrouwen;45 tot 50 jaar;Sector landbouw;L Verhuur en handel van onroerend goed;2015/'16;0;0;0;0;0;0;0;0;0;0;0;0;0;0;0
6283;Totaal mannen en vrouwen;45 tot 50 jaar;Sector landbouw;L Verhuur en handel van onroerend goed;2016/'17;0;0;0;0;0;0;0;0;0;0;0;0;0;0;0
6284;Totaal mannen en vrouwen;45 tot 50 jaar;Sector landbouw;L Verhuur en handel van onroerend goed;2017/'18;0;0;0;0;0;0;0;0;0;0;0;0;0;0;0
6285;Totaal mannen en vrouwen;45 tot 50 jaar;Sector landbouw;L Verhuur en handel van onroerend goed;2018/'19;0;0;0;0;0;0;0;0;0;0;0;0;0;0;0
6286;Totaal mannen en vrouwen;45 tot 50 jaar;Sector landbouw;L Verhuur en handel van onroerend goed;2019/'20;0;0;0;0;0;0;0;0;0;0;0;0;0;0;0
6287;Totaal mannen en vrouwen;45 tot 50 jaar;Sector landbouw;L Verhuur en handel van onroerend goed;2020/'21;0;0;0;0;0;0;0;0;0;0;0;0;0;0;0
6288;Totaal mannen en vrouwen;45 tot 50 jaar;Sector landbouw;M-N Zakelijke dienstverlening;2009/'10;66;35;23;6;2;1;65;0;0;0;1;35;23;6;1
6289;Totaal mannen en vrouwen;45 tot 50 jaar;Sector landbouw;M-N Zakelijke dienstverlening;2010/'11;52;20;14;13;5;0;52;0;0;0;0;20;14;13;5
6290;Totaal mannen en vrouwen;45 tot 50 jaar;Sector landbouw;M-N Zakelijke dienstverlening;2011/'12;58;19;19;17;3;0;58;0;0;0;0;19;19;17;3
6291;Totaal mannen en vrouwen;45 tot 50 jaar;Sector landbouw;M-N Zakelijke dienstverlening;2012/'13;91;57;16;16;2;0;91;0;0;0;0;57;16;16;2
6292;Totaal mannen en vrouwen;45 tot 50 jaar;Sector landbouw;M-N Zakelijke dienstverlening;2013/'14;12;5;2;4;1;0;12;0;0;0;0;5;2;4;1
6293;Totaal mannen en vrouwen;45 tot 50 jaar;Sector landbouw;M-N Zakelijke dienstverlening;2014/'15;18;4;11;3;0;0;18;0;0;0;0;4;11;3;0
6294;Totaal mannen en vrouwen;45 tot 50 jaar;Sector landbouw;M-N Zakelijke dienstverlening;2015/'16;24;3;14;6;1;0;24;0;0;0;0;3;14;6;1
6295;Totaal mannen en vrouwen;45 tot 50 jaar;Sector landbouw;M-N Zakelijke dienstverlening;2016/'17;16;1;6;3;6;0;16;0;0;0;0;1;6;3;6
6296;Totaal mannen en vrouwen;45 tot 50 jaar;Sector landbouw;M-N Zakelijke dienstverlening;2017/'18;22;0;5;15;2;0;22;0;0;0;0;0;5;15;2
6297;Totaal mannen en vrouwen;45 tot 50 jaar;Sector landbouw;M-N Zakelijke dienstverlening;2018/'19;13;0;5;5;3;0;13;0;0;0;0;0;5;5;3
6298;Totaal mannen en vrouwen;45 tot 50 jaar;Sector landbouw;M-N Zakelijke dienstverlening;2019/'20;7;0;1;4;2;0;7;0;0;0;0;0;1;4;2
6299;Totaal mannen en vrouwen;45 tot 50 jaar;Sector landbouw;M-N Zakelijke dienstverlening;2020/'21;15;11;1;2;1;0;15;0;0;0;0;11;1;2;1
6300;Totaal mannen en vrouwen;45 tot 50 jaar;Sector landbouw;O-Q Overheid en zorg;2009/'10;29;10;4;10;5;1;28;0;0;1;0;10;4;9;5
6301;Totaal mannen en vrouwen;45 tot 50 jaar;Sector landbouw;O-Q Overheid en zorg;2010/'11;30;11;9;5;5;0;30;0;0;0;0;11;9;5;5
6302;Totaal mannen en vrouwen;45 tot 50 jaar;Sector landbouw;O-Q Overheid en zorg;2011/'12;27;8;3;10;6;1;26;0;0;1;0;8;3;9;6
6303;Totaal mannen en vrouwen;45 tot 50 jaar;Sector landbouw;O-Q Overheid en zorg;2012/'13;36;8;11;15;2;1;35;0;0;1;0;8;11;14;2
6304;Totaal mannen en vrouwen;45 tot 50 jaar;Sector landbouw;O-Q Overheid en zorg;2013/'14;9;3;6;0;0;0;9;0;0;0;0;3;6;0;0
6305;Totaal mannen en vrouwen;45 tot 50 jaar;Sector landbouw;O-Q Overheid en zorg;2014/'15;19;0;3;12;4;0;19;0;0;0;0;0;3;12;4
6306;Totaal mannen en vrouwen;45 tot 50 jaar;Sector landbouw;O-Q Overheid en zorg;2015/'16;28;0;7;18;3;0;28;0;0;0;0;0;7;18;3
6307;Totaal mannen en vrouwen;45 tot 50 jaar;Sector landbouw;O-Q Overheid en zorg;2016/'17;9;0;0;8;1;0;9;0;0;0;0;0;0;8;1
6308;Totaal mannen en vrouwen;45 tot 50 jaar;Sector landbouw;O-Q Overheid en zorg;2017/'18;7;0;4;2;1;0;7;0;0;0;0;0;4;2;1
6309;Totaal mannen en vrouwen;45 tot 50 jaar;Sector landbouw;O-Q Overheid en zorg;2018/'19;12;0;4;6;2;0;12;0;0;0;0;0;4;6;2
6310;Totaal mannen en vrouwen;45 tot 50 jaar;Sector landbouw;O-Q Overheid en zorg;2019/'20;11;0;1;8;2;0;11;0;0;0;0;0;1;8;2
6311;Totaal mannen en vrouwen;45 tot 50 jaar;Sector landbouw;O-Q Overheid en zorg;2020/'21;2;0;0;2;0;0;2;0;0;0;0;0;0;2;0
6312;Totaal mannen en vrouwen;45 tot 50 jaar;Sector landbouw;R-U Cultuur, recreatie, overige diensten;2009/'10;35;8;21;6;0;1;34;0;0;1;0;8;21;5;0
6313;Totaal mannen en vrouwen;45 tot 50 jaar;Sector landbouw;R-U Cultuur, recreatie, overige diensten;2010/'11;4;2;1;1;0;1;3;0;0;1;0;2;1;0;0
6314;Totaal mannen en vrouwen;45 tot 50 jaar;Sector landbouw;R-U Cultuur, recreatie, overige diensten;2011/'12;4;1;2;1;0;1;3;0;0;1;0;1;2;0;0
6315;Totaal mannen en vrouwen;45 tot 50 jaar;Sector landbouw;R-U Cultuur, recreatie, overige diensten;2012/'13;3;1;1;1;0;0;3;0;0;0;0;1;1;1;0
6316;Totaal mannen en vrouwen;45 tot 50 jaar;Sector landbouw;R-U Cultuur, recreatie, overige diensten;2013/'14;1;0;0;1;0;0;1;0;0;0;0;0;0;1;0
6317;Totaal mannen en vrouwen;45 tot 50 jaar;Sector landbouw;R-U Cultuur, recreatie, overige diensten;2014/'15;3;0;3;0;0;0;3;0;0;0;0;0;3;0;0
6318;Totaal mannen en vrouwen;45 tot 50 jaar;Sector landbouw;R-U Cultuur, recreatie, overige diensten;2015/'16;1;0;0;1;0;0;1;0;0;0;0;0;0;1;0
6319;Totaal mannen en vrouwen;45 tot 50 jaar;Sector landbouw;R-U Cultuur, recreatie, overige diensten;2016/'17;3;0;0;2;1;0;3;0;0;0;0;0;0;2;1
6320;Totaal mannen en vrouwen;45 tot 50 jaar;Sector landbouw;R-U Cultuur, recreatie, overige diensten;2017/'18;1;0;1;0;0;0;1;0;0;0;0;0;1;0;0
6321;Totaal mannen en vrouwen;45 tot 50 jaar;Sector landbouw;R-U Cultuur, recreatie, overige diensten;2018/'19;1;0;0;1;0;0;1;0;0;0;0;0;0;1;0
6322;Totaal mannen en vrouwen;45 tot 50 jaar;Sector landbouw;R-U Cultuur, recreatie, overige diensten;2019/'20;1;0;1;0;0;0;1;0;0;0;0;0;1;0;0
6323;Totaal mannen en vrouwen;45 tot 50 jaar;Sector landbouw;R-U Cultuur, recreatie, overige diensten;2020/'21;1;0;0;1;0;0;1;0;0;0;0;0;0;1;0
6324;Totaal mannen en vrouwen;45 tot 50 jaar;Sector landbouw;SBI-code onbekend;2009/'10;11;2;0;6;3;2;9;0;0;2;0;2;0;4;3
6325;Totaal mannen en vrouwen;45 tot 50 jaar;Sector landbouw;SBI-code onbekend;2010/'11;1;0;1;0;0;0;1;0;0;0;0;0;1;0;0
6326;Totaal mannen en vrouwen;45 tot 50 jaar;Sector landbouw;SBI-code onbekend;2011/'12;8;3;1;3;1;0;8;0;0;0;0;3;1;3;1
6327;Totaal mannen en vrouwen;45 tot 50 jaar;Sector landbouw;SBI-code onbekend;2012/'13;5;2;2;0;1;0;5;0;0;0;0;2;2;0;1
6328;Totaal mannen en vrouwen;45 tot 50 jaar;Sector landbouw;SBI-code onbekend;2013/'14;4;0;0;2;2;1;3;0;0;0;1;0;0;2;1
6329;Totaal mannen en vrouwen;45 tot 50 jaar;Sector landbouw;SBI-code onbekend;2014/'15;0;0;0;0;0;0;0;0;0;0;0;0;0;0;0
6330;Totaal mannen en vrouwen;45 tot 50 jaar;Sector landbouw;SBI-code onbekend;2015/'16;0;0;0;0;0;0;0;0;0;0;0;0;0;0;0
6331;Totaal mannen en vrouwen;45 tot 50 jaar;Sector landbouw;SBI-code onbekend;2016/'17;1;0;0;1;0;0;1;0;0;0;0;0;0;1;0
6332;Totaal mannen en vrouwen;45 tot 50 jaar;Sector landbouw;SBI-code onbekend;2017/'18;0;0;0;0;0;0;0;0;0;0;0;0;0;0;0
6333;Totaal mannen en vrouwen;45 tot 50 jaar;Sector landbouw;SBI-code onbekend;2018/'19;0;0;0;0;0;0;0;0;0;0;0;0;0;0;0
6334;Totaal mannen en vrouwen;45 tot 50 jaar;Sector landbouw;SBI-code onbekend;2019/'20;1;0;0;1;0;0;1;0;0;0;0;0;0;1;0
6335;Totaal mannen en vrouwen;45 tot 50 jaar;Sector landbouw;SBI-code onbekend;2020/'21;0;0;0;0;0;0;0;0;0;0;0;0;0;0;0
6336;Totaal mannen en vrouwen;45 tot 50 jaar;Sector economie;A-U Alle economische activiteiten;2009/'10;1225;89;453;281;402;55;1170;2;28;6;19;87;425;275;383
6337;Totaal mannen en vrouwen;45 tot 50 jaar;Sector economie;A-U Alle economische activiteiten;2010/'11;878;83;360;269;166;32;846;1;7;5;19;82;353;264;147
6338;Totaal mannen en vrouwen;45 tot 50 jaar;Sector economie;A-U Alle economische activiteiten;2011/'12;657;82;334;127;114;25;632;0;18;3;4;82;316;124;110
6339;Totaal mannen en vrouwen;45 tot 50 jaar;Sector economie;A-U Alle economische activiteiten;2012/'13;622;75;216;162;169;9;613;0;6;1;2;75;210;161;167
6340;Totaal mannen en vrouwen;45 tot 50 jaar;Sector economie;A-U Alle economische activiteiten;2013/'14;197;2;90;37;68;7;190;1;4;1;1;1;86;36;67
6341;Totaal mannen en vrouwen;45 tot 50 jaar;Sector economie;A-U Alle economische activiteiten;2014/'15;159;0;59;45;55;0;159;0;0;0;0;0;59;45;55
6342;Totaal mannen en vrouwen;45 tot 50 jaar;Sector economie;A-U Alle economische activiteiten;2015/'16;138;3;76;32;27;4;134;0;4;0;0;3;72;32;27
6343;Totaal mannen en vrouwen;45 tot 50 jaar;Sector economie;A-U Alle economische activiteiten;2016/'17;159;0;75;26;58;0;159;0;0;0;0;0;75;26;58
6344;Totaal mannen en vrouwen;45 tot 50 jaar;Sector economie;A-U Alle economische activiteiten;2017/'18;137;0;64;21;52;1;136;0;0;1;0;0;64;20;52
6345;Totaal mannen en vrouwen;45 tot 50 jaar;Sector economie;A-U Alle economische activiteiten;2018/'19;149;0;100;20;29;1;148;0;1;0;0;0;99;20;29
6346;Totaal mannen en vrouwen;45 tot 50 jaar;Sector economie;A-U Alle economische activiteiten;2019/'20;125;0;65;17;43;0;125;0;0;0;0;0;65;17;43
6347;Totaal mannen en vrouwen;45 tot 50 jaar;Sector economie;A-U Alle economische activiteiten;2020/'21;98;0;47;13;38;0;98;0;0;0;0;0;47;13;38
6348;Totaal mannen en vrouwen;45 tot 50 jaar;Sector economie;A Landbouw, bosbouw en visserij;2009/'10;1;0;1;0;0;0;1;0;0;0;0;0;1;0;0
6349;Totaal mannen en vrouwen;45 tot 50 jaar;Sector economie;A Landbouw, bosbouw en visserij;2010/'11;0;0;0;0;0;0;0;0;0;0;0;0;0;0;0
6350;Totaal mannen en vrouwen;45 tot 50 jaar;Sector economie;A Landbouw, bosbouw en visserij;2011/'12;2;0;2;0;0;0;2;0;0;0;0;0;2;0;0
6351;Totaal mannen en vrouwen;45 tot 50 jaar;Sector economie;A Landbouw, bosbouw en visserij;2012/'13;2;0;2;0;0;1;1;0;1;0;0;0;1;0;0
6352;Totaal mannen en vrouwen;45 tot 50 jaar;Sector economie;A Landbouw, bosbouw en visserij;2013/'14;0;0;0;0;0;0;0;0;0;0;0;0;0;0;0
6353;Totaal mannen en vrouwen;45 tot 50 jaar;Sector economie;A Landbouw, bosbouw en visserij;2014/'15;0;0;0;0;0;0;0;0;0;0;0;0;0;0;0
6354;Totaal mannen en vrouwen;45 tot 50 jaar;Sector economie;A Landbouw, bosbouw en visserij;2015/'16;1;0;1;0;0;0;1;0;0;0;0;0;1;0;0
6355;Totaal mannen en vrouwen;45 tot 50 jaar;Sector economie;A Landbouw, bosbouw en visserij;2016/'17;1;0;0;1;0;0;1;0;0;0;0;0;0;1;0
6356;Totaal mannen en vrouwen;45 tot 50 jaar;Sector economie;A Landbouw, bosbouw en visserij;2017/'18;2;0;2;0;0;0;2;0;0;0;0;0;2;0;0
6357;Totaal mannen en vrouwen;45 tot 50 jaar;Sector economie;A Landbouw, bosbouw en visserij;2018/'19;1;0;1;0;0;0;1;0;0;0;0;0;1;0;0
6358;Totaal mannen en vrouwen;45 tot 50 jaar;Sector economie;A Landbouw, bosbouw en visserij;2019/'20;0;0;0;0;0;0;0;0;0;0;0;0;0;0;0
6359;Totaal mannen en vrouwen;45 tot 50 jaar;Sector economie;A Landbouw, bosbouw en visserij;2020/'21;1;0;1;0;0;0;1;0;0;0;0;0;1;0;0
6360;Totaal mannen en vrouwen;45 tot 50 jaar;Sector economie;B-E Nijverheid (geen bouw) en energie;2009/'10;104;15;58;22;9;7;97;0;7;0;0;15;51;22;9
6361;Totaal mannen en vrouwen;45 tot 50 jaar;Sector economie;B-E Nijverheid (geen bouw) en energie;2010/'11;59;14;19;20;6;4;55;0;3;1;0;14;16;19;6
6362;Totaal mannen en vrouwen;45 tot 50 jaar;Sector economie;B-E Nijverheid (geen bouw) en energie;2011/'12;60;15;40;5;0;1;59;0;1;0;0;15;39;5;0
6363;Totaal mannen en vrouwen;45 tot 50 jaar;Sector economie;B-E Nijverheid (geen bouw) en energie;2012/'13;73;24;34;12;3;3;70;0;3;0;0;24;31;12;3
6364;Totaal mannen en vrouwen;45 tot 50 jaar;Sector economie;B-E Nijverheid (geen bouw) en energie;2013/'14;13;0;12;1;0;0;13;0;0;0;0;0;12;1;0
6365;Totaal mannen en vrouwen;45 tot 50 jaar;Sector economie;B-E Nijverheid (geen bouw) en energie;2014/'15;9;0;3;5;1;0;9;0;0;0;0;0;3;5;1
6366;Totaal mannen en vrouwen;45 tot 50 jaar;Sector economie;B-E Nijverheid (geen bouw) en energie;2015/'16;12;2;10;0;0;3;9;0;3;0;0;2;7;0;0
6367;Totaal mannen en vrouwen;45 tot 50 jaar;Sector economie;B-E Nijverheid (geen bouw) en energie;2016/'17;10;0;5;2;3;0;10;0;0;0;0;0;5;2;3
6368;Totaal mannen en vrouwen;45 tot 50 jaar;Sector economie;B-E Nijverheid (geen bouw) en energie;2017/'18;11;0;5;2;4;0;11;0;0;0;0;0;5;2;4
6369;Totaal mannen en vrouwen;45 tot 50 jaar;Sector economie;B-E Nijverheid (geen bouw) en energie;2018/'19;9;0;6;0;3;0;9;0;0;0;0;0;6;0;3
6370;Totaal mannen en vrouwen;45 tot 50 jaar;Sector economie;B-E Nijverheid (geen bouw) en energie;2019/'20;10;0;3;1;6;0;10;0;0;0;0;0;3;1;6
6371;Totaal mannen en vrouwen;45 tot 50 jaar;Sector economie;B-E Nijverheid (geen bouw) en energie;2020/'21;9;0;6;2;1;0;9;0;0;0;0;0;6;2;1
6372;Totaal mannen en vrouwen;45 tot 50 jaar;Sector economie;F Bouwnijverheid;2009/'10;8;0;7;0;1;1;7;0;0;0;1;0;7;0;0
6373;Totaal mannen en vrouwen;45 tot 50 jaar;Sector economie;F Bouwnijverheid;2010/'11;7;0;5;1;1;0;7;0;0;0;0;0;5;1;1
6374;Totaal mannen en vrouwen;45 tot 50 jaar;Sector economie;F Bouwnijverheid;2011/'12;6;0;6;0;0;0;6;0;0;0;0;0;6;0;0
6375;Totaal mannen en vrouwen;45 tot 50 jaar;Sector economie;F Bouwnijverheid;2012/'13;8;0;5;3;0;0;8;0;0;0;0;0;5;3;0
6376;Totaal mannen en vrouwen;45 tot 50 jaar;Sector economie;F Bouwnijverheid;2013/'14;4;0;3;1;0;0;4;0;0;0;0;0;3;1;0
6377;Totaal mannen en vrouwen;45 tot 50 jaar;Sector economie;F Bouwnijverheid;2014/'15;0;0;0;0;0;0;0;0;0;0;0;0;0;0;0
6378;Totaal mannen en vrouwen;45 tot 50 jaar;Sector economie;F Bouwnijverheid;2015/'16;0;0;0;0;0;0;0;0;0;0;0;0;0;0;0
6379;Totaal mannen en vrouwen;45 tot 50 jaar;Sector economie;F Bouwnijverheid;2016/'17;9;0;1;0;8;0;9;0;0;0;0;0;1;0;8
6380;Totaal mannen en vrouwen;45 tot 50 jaar;Sector economie;F Bouwnijverheid;2017/'18;9;0;0;0;9;0;9;0;0;0;0;0;0;0;9
6381;Totaal mannen en vrouwen;45 tot 50 jaar;Sector economie;F Bouwnijverheid;2018/'19;3;0;1;0;2;0;3;0;0;0;0;0;1;0;2
6382;Totaal mannen en vrouwen;45 tot 50 jaar;Sector economie;F Bouwnijverheid;2019/'20;9;0;3;0;6;0;9;0;0;0;0;0;3;0;6
6383;Totaal mannen en vrouwen;45 tot 50 jaar;Sector economie;F Bouwnijverheid;2020/'21;6;0;0;0;6;0;6;0;0;0;0;0;0;0;6
6384;Totaal mannen en vrouwen;45 tot 50 jaar;Sector economie;G-I Handel, vervoer en horeca;2009/'10;385;43;195;90;57;15;370;1;9;2;3;42;186;88;54
6385;Totaal mannen en vrouwen;45 tot 50 jaar;Sector economie;G-I Handel, vervoer en horeca;2010/'11;315;42;199;47;27;3;312;0;1;2;0;42;198;45;27
6386;Totaal mannen en vrouwen;45 tot 50 jaar;Sector economie;G-I Handel, vervoer en horeca;2011/'12;246;30;139;48;29;6;240;0;6;0;0;30;133;48;29
6387;Totaal mannen en vrouwen;45 tot 50 jaar;Sector economie;G-I Handel, vervoer en horeca;2012/'13;183;10;77;58;38;0;183;0;0;0;0;10;77;58;38
6388;Totaal mannen en vrouwen;45 tot 50 jaar;Sector economie;G-I Handel, vervoer en horeca;2013/'14;57;0;25;8;24;0;57;0;0;0;0;0;25;8;24
6389;Totaal mannen en vrouwen;45 tot 50 jaar;Sector economie;G-I Handel, vervoer en horeca;2014/'15;51;0;16;13;22;0;51;0;0;0;0;0;16;13;22
6390;Totaal mannen en vrouwen;45 tot 50 jaar;Sector economie;G-I Handel, vervoer en horeca;2015/'16;63;0;28;18;17;1;62;0;1;0;0;0;27;18;17
6391;Totaal mannen en vrouwen;45 tot 50 jaar;Sector economie;G-I Handel, vervoer en horeca;2016/'17;60;0;30;7;23;0;60;0;0;0;0;0;30;7;23
6392;Totaal mannen en vrouwen;45 tot 50 jaar;Sector economie;G-I Handel, vervoer en horeca;2017/'18;42;0;22;13;7;1;41;0;0;1;0;0;22;12;7
6393;Totaal mannen en vrouwen;45 tot 50 jaar;Sector economie;G-I Handel, vervoer en horeca;2018/'19;72;0;49;10;13;0;72;0;0;0;0;0;49;10;13
6394;Totaal mannen en vrouwen;45 tot 50 jaar;Sector economie;G-I Handel, vervoer en horeca;2019/'20;38;0;17;10;11;0;38;0;0;0;0;0;17;10;11
6395;Totaal mannen en vrouwen;45 tot 50 jaar;Sector economie;G-I Handel, vervoer en horeca;2020/'21;29;0;15;2;12;0;29;0;0;0;0;0;15;2;12
6396;Totaal mannen en vrouwen;45 tot 50 jaar;Sector economie;J Informatie en communicatie;2009/'10;19;0;4;10;5;1;18;0;1;0;0;0;3;10;5
6397;Totaal mannen en vrouwen;45 tot 50 jaar;Sector economie;J Informatie en communicatie;2010/'11;6;0;1;3;2;1;5;0;0;0;1;0;1;3;1
6398;Totaal mannen en vrouwen;45 tot 50 jaar;Sector economie;J Informatie en communicatie;2011/'12;7;1;1;5;0;0;7;0;0;0;0;1;1;5;0
6399;Totaal mannen en vrouwen;45 tot 50 jaar;Sector economie;J Informatie en communicatie;2012/'13;11;0;4;3;4;0;11;0;0;0;0;0;4;3;4
6400;Totaal mannen en vrouwen;45 tot 50 jaar;Sector economie;J Informatie en communicatie;2013/'14;1;0;0;0;1;0;1;0;0;0;0;0;0;0;1
6401;Totaal mannen en vrouwen;45 tot 50 jaar;Sector economie;J Informatie en communicatie;2014/'15;1;0;1;0;0;0;1;0;0;0;0;0;1;0;0
6402;Totaal mannen en vrouwen;45 tot 50 jaar;Sector economie;J Informatie en communicatie;2015/'16;1;0;1;0;0;0;1;0;0;0;0;0;1;0;0
6403;Totaal mannen en vrouwen;45 tot 50 jaar;Sector economie;J Informatie en communicatie;2016/'17;1;0;0;0;1;0;1;0;0;0;0;0;0;0;1
6404;Totaal mannen en vrouwen;45 tot 50 jaar;Sector economie;J Informatie en communicatie;2017/'18;2;0;2;0;0;0;2;0;0;0;0;0;2;0;0
6405;Totaal mannen en vrouwen;45 tot 50 jaar;Sector economie;J Informatie en communicatie;2018/'19;3;0;2;1;0;0;3;0;0;0;0;0;2;1;0
6406;Totaal mannen en vrouwen;45 tot 50 jaar;Sector economie;J Informatie en communicatie;2019/'20;1;0;1;0;0;0;1;0;0;0;0;0;1;0;0
6407;Totaal mannen en vrouwen;45 tot 50 jaar;Sector economie;J Informatie en communicatie;2020/'21;0;0;0;0;0;0;0;0;0;0;0;0;0;0;0
6408;Totaal mannen en vrouwen;45 tot 50 jaar;Sector economie;K Financiële dienstverlening;2009/'10;161;0;7;4;150;1;160;0;0;0;1;0;7;4;149
6409;Totaal mannen en vrouwen;45 tot 50 jaar;Sector economie;K Financiële dienstverlening;2010/'11;46;0;2;1;43;3;43;0;0;0;3;0;2;1;40
6410;Totaal mannen en vrouwen;45 tot 50 jaar;Sector economie;K Financiële dienstverlening;2011/'12;41;0;1;0;40;1;40;0;0;0;1;0;1;0;39
6411;Totaal mannen en vrouwen;45 tot 50 jaar;Sector economie;K Financiële dienstverlening;2012/'13;30;0;2;0;28;0;30;0;0;0;0;0;2;0;28
6412;Totaal mannen en vrouwen;45 tot 50 jaar;Sector economie;K Financiële dienstverlening;2013/'14;8;0;0;0;8;0;8;0;0;0;0;0;0;0;8
6413;Totaal mannen en vrouwen;45 tot 50 jaar;Sector economie;K Financiële dienstverlening;2014/'15;2;0;1;1;0;0;2;0;0;0;0;0;1;1;0
6414;Totaal mannen en vrouwen;45 tot 50 jaar;Sector economie;K Financiële dienstverlening;2015/'16;2;0;2;0;0;0;2;0;0;0;0;0;2;0;0
6415;Totaal mannen en vrouwen;45 tot 50 jaar;Sector economie;K Financiële dienstverlening;2016/'17;2;0;0;1;1;0;2;0;0;0;0;0;0;1;1
6416;Totaal mannen en vrouwen;45 tot 50 jaar;Sector economie;K Financiële dienstverlening;2017/'18;20;0;2;0;18;0;20;0;0;0;0;0;2;0;18
6417;Totaal mannen en vrouwen;45 tot 50 jaar;Sector economie;K Financiële dienstverlening;2018/'19;8;0;3;0;5;0;8;0;0;0;0;0;3;0;5
6418;Totaal mannen en vrouwen;45 tot 50 jaar;Sector economie;K Financiële dienstverlening;2019/'20;6;0;1;0;5;0;6;0;0;0;0;0;1;0;5
6419;Totaal mannen en vrouwen;45 tot 50 jaar;Sector economie;K Financiële dienstverlening;2020/'21;0;0;0;0;0;0;0;0;0;0;0;0;0;0;0
6420;Totaal mannen en vrouwen;45 tot 50 jaar;Sector economie;L Verhuur en handel van onroerend goed;2009/'10;9;0;6;2;1;3;6;0;2;0;1;0;4;2;0
6421;Totaal mannen en vrouwen;45 tot 50 jaar;Sector economie;L Verhuur en handel van onroerend goed;2010/'11;0;0;0;0;0;0;0;0;0;0;0;0;0;0;0
6422;Totaal mannen en vrouwen;45 tot 50 jaar;Sector economie;L Verhuur en handel van onroerend goed;2011/'12;5;0;5;0;0;0;5;0;0;0;0;0;5;0;0
6423;Totaal mannen en vrouwen;45 tot 50 jaar;Sector economie;L Verhuur en handel van onroerend goed;2012/'13;4;0;3;1;0;0;4;0;0;0;0;0;3;1;0
6424;Totaal mannen en vrouwen;45 tot 50 jaar;Sector economie;L Verhuur en handel van onroerend goed;2013/'14;3;0;2;0;1;0;3;0;0;0;0;0;2;0;1
6425;Totaal mannen en vrouwen;45 tot 50 jaar;Sector economie;L Verhuur en handel van onroerend goed;2014/'15;2;0;2;0;0;0;2;0;0;0;0;0;2;0;0
6426;Totaal mannen en vrouwen;45 tot 50 jaar;Sector economie;L Verhuur en handel van onroerend goed;2015/'16;2;0;2;0;0;0;2;0;0;0;0;0;2;0;0
6427;Totaal mannen en vrouwen;45 tot 50 jaar;Sector economie;L Verhuur en handel van onroerend goed;2016/'17;3;0;3;0;0;0;3;0;0;0;0;0;3;0;0
6428;Totaal mannen en vrouwen;45 tot 50 jaar;Sector economie;L Verhuur en handel van onroerend goed;2017/'18;2;0;0;2;0;0;2;0;0;0;0;0;0;2;0
6429;Totaal mannen en vrouwen;45 tot 50 jaar;Sector economie;L Verhuur en handel van onroerend goed;2018/'19;3;0;3;0;0;0;3;0;0;0;0;0;3;0;0
6430;Totaal mannen en vrouwen;45 tot 50 jaar;Sector economie;L Verhuur en handel van onroerend goed;2019/'20;0;0;0;0;0;0;0;0;0;0;0;0;0;0;0
6431;Totaal mannen en vrouwen;45 tot 50 jaar;Sector economie;L Verhuur en handel van onroerend goed;2020/'21;0;0;0;0;0;0;0;0;0;0;0;0;0;0;0
6432;Totaal mannen en vrouwen;45 tot 50 jaar;Sector economie;M-N Zakelijke dienstverlening;2009/'10;277;19;72;87;99;8;269;1;4;0;3;18;68;87;96
6433;Totaal mannen en vrouwen;45 tot 50 jaar;Sector economie;M-N Zakelijke dienstverlening;2010/'11;229;9;47;160;13;3;226;1;1;1;0;8;46;159;13
6434;Totaal mannen en vrouwen;45 tot 50 jaar;Sector economie;M-N Zakelijke dienstverlening;2011/'12;58;4;24;25;5;2;56;0;2;0;0;4;22;25;5
6435;Totaal mannen en vrouwen;45 tot 50 jaar;Sector economie;M-N Zakelijke dienstverlening;2012/'13;44;2;26;8;8;2;42;0;1;0;1;2;25;8;7
6436;Totaal mannen en vrouwen;45 tot 50 jaar;Sector economie;M-N Zakelijke dienstverlening;2013/'14;22;2;13;5;2;2;20;1;1;0;0;1;12;5;2
6437;Totaal mannen en vrouwen;45 tot 50 jaar;Sector economie;M-N Zakelijke dienstverlening;2014/'15;21;0;6;7;8;0;21;0;0;0;0;0;6;7;8
6438;Totaal mannen en vrouwen;45 tot 50 jaar;Sector economie;M-N Zakelijke dienstverlening;2015/'16;24;1;16;3;4;0;24;0;0;0;0;1;16;3;4
6439;Totaal mannen en vrouwen;45 tot 50 jaar;Sector economie;M-N Zakelijke dienstverlening;2016/'17;24;0;17;5;2;0;24;0;0;0;0;0;17;5;2
6440;Totaal mannen en vrouwen;45 tot 50 jaar;Sector economie;M-N Zakelijke dienstverlening;2017/'18;14;0;12;1;1;0;14;0;0;0;0;0;12;1;1
6441;Totaal mannen en vrouwen;45 tot 50 jaar;Sector economie;M-N Zakelijke dienstverlening;2018/'19;29;0;25;2;2;1;28;0;1;0;0;0;24;2;2
6442;Totaal mannen en vrouwen;45 tot 50 jaar;Sector economie;M-N Zakelijke dienstverlening;2019/'20;29;0;23;1;5;0;29;0;0;0;0;0;23;1;5
6443;Totaal mannen en vrouwen;45 tot 50 jaar;Sector economie;M-N Zakelijke dienstverlening;2020/'21;22;0;16;5;1;0;22;0;0;0;0;0;16;5;1
6444;Totaal mannen en vrouwen;45 tot 50 jaar;Sector economie;O-Q Overheid en zorg;2009/'10;185;12;72;53;48;17;168;0;5;3;9;12;67;50;39
6445;Totaal mannen en vrouwen;45 tot 50 jaar;Sector economie;O-Q Overheid en zorg;2010/'11;169;17;67;29;56;13;156;0;1;0;12;17;66;29;44
6446;Totaal mannen en vrouwen;45 tot 50 jaar;Sector economie;O-Q Overheid en zorg;2011/'12;144;6;69;41;28;12;132;0;6;3;3;6;63;38;25
6447;Totaal mannen en vrouwen;45 tot 50 jaar;Sector economie;O-Q Overheid en zorg;2012/'13;200;4;40;76;80;3;197;0;1;1;1;4;39;75;79
6448;Totaal mannen en vrouwen;45 tot 50 jaar;Sector economie;O-Q Overheid en zorg;2013/'14;79;0;27;22;30;3;76;0;1;1;1;0;26;21;29
6449;Totaal mannen en vrouwen;45 tot 50 jaar;Sector economie;O-Q Overheid en zorg;2014/'15;70;0;28;18;24;0;70;0;0;0;0;0;28;18;24
6450;Totaal mannen en vrouwen;45 tot 50 jaar;Sector economie;O-Q Overheid en zorg;2015/'16;22;0;8;8;6;0;22;0;0;0;0;0;8;8;6
6451;Totaal mannen en vrouwen;45 tot 50 jaar;Sector economie;O-Q Overheid en zorg;2016/'17;43;0;15;10;18;0;43;0;0;0;0;0;15;10;18
6452;Totaal mannen en vrouwen;45 tot 50 jaar;Sector economie;O-Q Overheid en zorg;2017/'18;31;0;15;3;13;0;31;0;0;0;0;0;15;3;13
6453;Totaal mannen en vrouwen;45 tot 50 jaar;Sector economie;O-Q Overheid en zorg;2018/'19;19;0;9;6;4;0;19;0;0;0;0;0;9;6;4
6454;Totaal mannen en vrouwen;45 tot 50 jaar;Sector economie;O-Q Overheid en zorg;2019/'20;24;0;12;2;10;0;24;0;0;0;0;0;12;2;10
6455;Totaal mannen en vrouwen;45 tot 50 jaar;Sector economie;O-Q Overheid en zorg;2020/'21;21;0;2;2;17;0;21;0;0;0;0;0;2;2;17
6456;Totaal mannen en vrouwen;45 tot 50 jaar;Sector economie;R-U Cultuur, recreatie, overige diensten;2009/'10;56;0;17;9;30;2;54;0;0;1;1;0;17;8;29
6457;Totaal mannen en vrouwen;45 tot 50 jaar;Sector economie;R-U Cultuur, recreatie, overige diensten;2010/'11;28;1;5;6;16;2;26;0;0;1;1;1;5;5;15
6458;Totaal mannen en vrouwen;45 tot 50 jaar;Sector economie;R-U Cultuur, recreatie, overige diensten;2011/'12;66;26;32;3;5;1;65;0;1;0;0;26;31;3;5
6459;Totaal mannen en vrouwen;45 tot 50 jaar;Sector economie;R-U Cultuur, recreatie, overige diensten;2012/'13;59;35;16;0;8;0;59;0;0;0;0;35;16;0;8
6460;Totaal mannen en vrouwen;45 tot 50 jaar;Sector economie;R-U Cultuur, recreatie, overige diensten;2013/'14;5;0;3;0;2;0;5;0;0;0;0;0;3;0;2
6461;Totaal mannen en vrouwen;45 tot 50 jaar;Sector economie;R-U Cultuur, recreatie, overige diensten;2014/'15;0;0;0;0;0;0;0;0;0;0;0;0;0;0;0
6462;Totaal mannen en vrouwen;45 tot 50 jaar;Sector economie;R-U Cultuur, recreatie, overige diensten;2015/'16;10;0;7;3;0;0;10;0;0;0;0;0;7;3;0
6463;Totaal mannen en vrouwen;45 tot 50 jaar;Sector economie;R-U Cultuur, recreatie, overige diensten;2016/'17;5;0;3;0;2;0;5;0;0;0;0;0;3;0;2
6464;Totaal mannen en vrouwen;45 tot 50 jaar;Sector economie;R-U Cultuur, recreatie, overige diensten;2017/'18;4;0;4;0;0;0;4;0;0;0;0;0;4;0;0
6465;Totaal mannen en vrouwen;45 tot 50 jaar;Sector economie;R-U Cultuur, recreatie, overige diensten;2018/'19;2;0;1;1;0;0;2;0;0;0;0;0;1;1;0
6466;Totaal mannen en vrouwen;45 tot 50 jaar;Sector economie;R-U Cultuur, recreatie, overige diensten;2019/'20;8;0;5;3;0;0;8;0;0;0;0;0;5;3;0
6467;Totaal mannen en vrouwen;45 tot 50 jaar;Sector economie;R-U Cultuur, recreatie, overige diensten;2020/'21;9;0;6;2;1;0;9;0;0;0;0;0;6;2;1
6468;Totaal mannen en vrouwen;45 tot 50 jaar;Sector economie;SBI-code onbekend;2009/'10;20;0;14;4;2;0;20;0;0;0;0;0;14;4;2
6469;Totaal mannen en vrouwen;45 tot 50 jaar;Sector economie;SBI-code onbekend;2010/'11;19;0;15;2;2;3;16;0;1;0;2;0;14;2;0
6470;Totaal mannen en vrouwen;45 tot 50 jaar;Sector economie;SBI-code onbekend;2011/'12;22;0;15;0;7;2;20;0;2;0;0;0;13;0;7
6471;Totaal mannen en vrouwen;45 tot 50 jaar;Sector economie;SBI-code onbekend;2012/'13;8;0;7;1;0;0;8;0;0;0;0;0;7;1;0
6472;Totaal mannen en vrouwen;45 tot 50 jaar;Sector economie;SBI-code onbekend;2013/'14;5;0;5;0;0;2;3;0;2;0;0;0;3;0;0
6473;Totaal mannen en vrouwen;45 tot 50 jaar;Sector economie;SBI-code onbekend;2014/'15;3;0;2;1;0;0;3;0;0;0;0;0;2;1;0
6474;Totaal mannen en vrouwen;45 tot 50 jaar;Sector economie;SBI-code onbekend;2015/'16;1;0;1;0;0;0;1;0;0;0;0;0;1;0;0
6475;Totaal mannen en vrouwen;45 tot 50 jaar;Sector economie;SBI-code onbekend;2016/'17;1;0;1;0;0;0;1;0;0;0;0;0;1;0;0
6476;Totaal mannen en vrouwen;45 tot 50 jaar;Sector economie;SBI-code onbekend;2017/'18;0;0;0;0;0;0;0;0;0;0;0;0;0;0;0
6477;Totaal mannen en vrouwen;45 tot 50 jaar;Sector economie;SBI-code onbekend;2018/'19;0;0;0;0;0;0;0;0;0;0;0;0;0;0;0
6478;Totaal mannen en vrouwen;45 tot 50 jaar;Sector economie;SBI-code onbekend;2019/'20;0;0;0;0;0;0;0;0;0;0;0;0;0;0;0
6479;Totaal mannen en vrouwen;45 tot 50 jaar;Sector economie;SBI-code onbekend;2020/'21;1;0;1;0;0;0;1;0;0;0;0;0;1;0;0
6480;Totaal mannen en vrouwen;45 tot 50 jaar;Sector techniek;A-U Alle economische activiteiten;2009/'10;2519;363;1804;206;146;59;2460;1;23;16;19;362;1781;190;127
6481;Totaal mannen en vrouwen;45 tot 50 jaar;Sector techniek;A-U Alle economische activiteiten;2010/'11;1165;249;682;142;92;30;1135;0;12;6;12;249;670;136;80
6482;Totaal mannen en vrouwen;45 tot 50 jaar;Sector techniek;A-U Alle economische activiteiten;2011/'12;1157;116;829;124;88;27;1130;0;15;6;6;116;814;118;82
6483;Totaal mannen en vrouwen;45 tot 50 jaar;Sector techniek;A-U Alle economische activiteiten;2012/'13;1042;204;654;114;70;15;1027;0;12;3;0;204;642;111;70
6484;Totaal mannen en vrouwen;45 tot 50 jaar;Sector techniek;A-U Alle economische activiteiten;2013/'14;279;32;114;73;60;5;274;0;3;1;1;32;111;72;59
6485;Totaal mannen en vrouwen;45 tot 50 jaar;Sector techniek;A-U Alle economische activiteiten;2014/'15;235;34;81;66;54;3;232;1;1;0;1;33;80;66;53
6486;Totaal mannen en vrouwen;45 tot 50 jaar;Sector techniek;A-U Alle economische activiteiten;2015/'16;298;49;126;80;43;3;295;1;0;1;1;48;126;79;42
6487;Totaal mannen en vrouwen;45 tot 50 jaar;Sector techniek;A-U Alle economische activiteiten;2016/'17;325;5;154;98;68;4;321;0;3;0;1;5;151;98;67
6488;Totaal mannen en vrouwen;45 tot 50 jaar;Sector techniek;A-U Alle economische activiteiten;2017/'18;265;0;95;106;64;2;263;0;1;1;0;0;94;105;64
6489;Totaal mannen en vrouwen;45 tot 50 jaar;Sector techniek;A-U Alle economische activiteiten;2018/'19;284;0;113;105;66;3;281;0;2;0;1;0;111;105;65
6490;Totaal mannen en vrouwen;45 tot 50 jaar;Sector techniek;A-U Alle economische activiteiten;2019/'20;244;0;96;80;68;4;240;0;0;0;4;0;96;80;64
6491;Totaal mannen en vrouwen;45 tot 50 jaar;Sector techniek;A-U Alle economische activiteiten;2020/'21;163;0;65;56;42;4;159;0;3;1;0;0;62;55;42
6492;Totaal mannen en vrouwen;45 tot 50 jaar;Sector techniek;A Landbouw, bosbouw en visserij;2009/'10;4;0;3;1;0;0;4;0;0;0;0;0;3;1;0
6493;Totaal mannen en vrouwen;45 tot 50 jaar;Sector techniek;A Landbouw, bosbouw en visserij;2010/'11;8;1;4;3;0;1;7;0;0;1;0;1;4;2;0
6494;Totaal mannen en vrouwen;45 tot 50 jaar;Sector techniek;A Landbouw, bosbouw en visserij;2011/'12;18;2;16;0;0;0;18;0;0;0;0;2;16;0;0
6495;Totaal mannen en vrouwen;45 tot 50 jaar;Sector techniek;A Landbouw, bosbouw en visserij;2012/'13;1;0;1;0;0;0;1;0;0;0;0;0;1;0;0
6496;Totaal mannen en vrouwen;45 tot 50 jaar;Sector techniek;A Landbouw, bosbouw en visserij;2013/'14;0;0;0;0;0;0;0;0;0;0;0;0;0;0;0
6497;Totaal mannen en vrouwen;45 tot 50 jaar;Sector techniek;A Landbouw, bosbouw en visserij;2014/'15;2;0;2;0;0;0;2;0;0;0;0;0;2;0;0
6498;Totaal mannen en vrouwen;45 tot 50 jaar;Sector techniek;A Landbouw, bosbouw en visserij;2015/'16;0;0;0;0;0;0;0;0;0;0;0;0;0;0;0
6499;Totaal mannen en vrouwen;45 tot 50 jaar;Sector techniek;A Landbouw, bosbouw en visserij;2016/'17;1;0;1;0;0;0;1;0;0;0;0;0;1;0;0
6500;Totaal mannen en vrouwen;45 tot 50 jaar;Sector techniek;A Landbouw, bosbouw en visserij;2017/'18;0;0;0;0;0;0;0;0;0;0;0;0;0;0;0
6501;Totaal mannen en vrouwen;45 tot 50 jaar;Sector techniek;A Landbouw, bosbouw en visserij;2018/'19;1;0;0;1;0;0;1;0;0;0;0;0;0;1;0
6502;Totaal mannen en vrouwen;45 tot 50 jaar;Sector techniek;A Landbouw, bosbouw en visserij;2019/'20;2;0;1;1;0;0;2;0;0;0;0;0;1;1;0
6503;Totaal mannen en vrouwen;45 tot 50 jaar;Sector techniek;A Landbouw, bosbouw en visserij;2020/'21;1;0;1;0;0;0;1;0;0;0;0;0;1;0;0
6504;Totaal mannen en vrouwen;45 tot 50 jaar;Sector techniek;B-E Nijverheid (geen bouw) en energie;2009/'10;616;318;206;62;30;18;598;0;9;5;4;318;197;57;26
6505;Totaal mannen en vrouwen;45 tot 50 jaar;Sector techniek;B-E Nijverheid (geen bouw) en energie;2010/'11;415;215;133;42;25;4;411;0;1;0;3;215;132;42;22
6506;Totaal mannen en vrouwen;45 tot 50 jaar;Sector techniek;B-E Nijverheid (geen bouw) en energie;2011/'12;277;73;135;51;18;2;275;0;0;0;2;73;135;51;16
6507;Totaal mannen en vrouwen;45 tot 50 jaar;Sector techniek;B-E Nijverheid (geen bouw) en energie;2012/'13;323;95;155;53;20;1;322;0;1;0;0;95;154;53;20
6508;Totaal mannen en vrouwen;45 tot 50 jaar;Sector techniek;B-E Nijverheid (geen bouw) en energie;2013/'14;122;17;46;44;15;0;122;0;0;0;0;17;46;44;15
6509;Totaal mannen en vrouwen;45 tot 50 jaar;Sector techniek;B-E Nijverheid (geen bouw) en energie;2014/'15;113;26;40;32;15;0;113;0;0;0;0;26;40;32;15
6510;Totaal mannen en vrouwen;45 tot 50 jaar;Sector techniek;B-E Nijverheid (geen bouw) en energie;2015/'16;136;16;67;39;14;0;136;0;0;0;0;16;67;39;14
6511;Totaal mannen en vrouwen;45 tot 50 jaar;Sector techniek;B-E Nijverheid (geen bouw) en energie;2016/'17;116;3;67;35;11;1;115;0;1;0;0;3;66;35;11
6512;Totaal mannen en vrouwen;45 tot 50 jaar;Sector techniek;B-E Nijverheid (geen bouw) en energie;2017/'18;73;0;28;30;15;0;73;0;0;0;0;0;28;30;15
6513;Totaal mannen en vrouwen;45 tot 50 jaar;Sector techniek;B-E Nijverheid (geen bouw) en energie;2018/'19;72;0;28;33;11;0;72;0;0;0;0;0;28;33;11
6514;Totaal mannen en vrouwen;45 tot 50 jaar;Sector techniek;B-E Nijverheid (geen bouw) en energie;2019/'20;68;0;28;26;14;0;68;0;0;0;0;0;28;26;14
6515;Totaal mannen en vrouwen;45 tot 50 jaar;Sector techniek;B-E Nijverheid (geen bouw) en energie;2020/'21;36;0;13;18;5;0;36;0;0;0;0;0;13;18;5
6516;Totaal mannen en vrouwen;45 tot 50 jaar;Sector techniek;F Bouwnijverheid;2009/'10;210;2;73;74;61;4;206;0;1;1;2;2;72;73;59
6517;Totaal mannen en vrouwen;45 tot 50 jaar;Sector techniek;F Bouwnijverheid;2010/'11;111;0;54;31;26;3;108;0;0;0;3;0;54;31;23
6518;Totaal mannen en vrouwen;45 tot 50 jaar;Sector techniek;F Bouwnijverheid;2011/'12;74;0;38;18;18;2;72;0;0;1;1;0;38;17;17
6519;Totaal mannen en vrouwen;45 tot 50 jaar;Sector techniek;F Bouwnijverheid;2012/'13;67;0;34;10;23;1;66;0;1;0;0;0;33;10;23
6520;Totaal mannen en vrouwen;45 tot 50 jaar;Sector techniek;F Bouwnijverheid;2013/'14;27;0;14;6;7;1;26;0;1;0;0;0;13;6;7
6521;Totaal mannen en vrouwen;45 tot 50 jaar;Sector techniek;F Bouwnijverheid;2014/'15;13;0;7;3;3;0;13;0;0;0;0;0;7;3;3
6522;Totaal mannen en vrouwen;45 tot 50 jaar;Sector techniek;F Bouwnijverheid;2015/'16;21;0;5;11;5;1;20;0;0;0;1;0;5;11;4
6523;Totaal mannen en vrouwen;45 tot 50 jaar;Sector techniek;F Bouwnijverheid;2016/'17;26;0;8;9;9;2;24;0;2;0;0;0;6;9;9
6524;Totaal mannen en vrouwen;45 tot 50 jaar;Sector techniek;F Bouwnijverheid;2017/'18;25;0;7;10;8;2;23;0;1;1;0;0;6;9;8
6525;Totaal mannen en vrouwen;45 tot 50 jaar;Sector techniek;F Bouwnijverheid;2018/'19;25;0;11;10;4;0;25;0;0;0;0;0;11;10;4
6526;Totaal mannen en vrouwen;45 tot 50 jaar;Sector techniek;F Bouwnijverheid;2019/'20;21;0;11;4;6;0;21;0;0;0;0;0;11;4;6
6527;Totaal mannen en vrouwen;45 tot 50 jaar;Sector techniek;F Bouwnijverheid;2020/'21;22;0;14;3;5;0;22;0;0;0;0;0;14;3;5
6528;Totaal mannen en vrouwen;45 tot 50 jaar;Sector techniek;G-I Handel, vervoer en horeca;2009/'10;1345;20;1283;27;15;6;1339;0;4;2;0;20;1279;25;15
6529;Totaal mannen en vrouwen;45 tot 50 jaar;Sector techniek;G-I Handel, vervoer en horeca;2010/'11;429;8;386;16;19;3;426;0;1;1;1;8;385;15;18
6530;Totaal mannen en vrouwen;45 tot 50 jaar;Sector techniek;G-I Handel, vervoer en horeca;2011/'12;532;3;490;18;21;7;525;0;5;2;0;3;485;16;21
6531;Totaal mannen en vrouwen;45 tot 50 jaar;Sector techniek;G-I Handel, vervoer en horeca;2012/'13;487;76;371;26;14;3;484;0;2;1;0;76;369;25;14
6532;Totaal mannen en vrouwen;45 tot 50 jaar;Sector techniek;G-I Handel, vervoer en horeca;2013/'14;60;4;22;15;19;2;58;0;1;1;0;4;21;14;19
6533;Totaal mannen en vrouwen;45 tot 50 jaar;Sector techniek;G-I Handel, vervoer en horeca;2014/'15;69;4;20;24;21;3;66;1;1;0;1;3;19;24;20
6534;Totaal mannen en vrouwen;45 tot 50 jaar;Sector techniek;G-I Handel, vervoer en horeca;2015/'16;34;0;10;11;13;1;33;0;0;1;0;0;10;10;13
6535;Totaal mannen en vrouwen;45 tot 50 jaar;Sector techniek;G-I Handel, vervoer en horeca;2016/'17;65;2;9;25;29;0;65;0;0;0;0;2;9;25;29
6536;Totaal mannen en vrouwen;45 tot 50 jaar;Sector techniek;G-I Handel, vervoer en horeca;2017/'18;64;0;18;19;27;0;64;0;0;0;0;0;18;19;27
6537;Totaal mannen en vrouwen;45 tot 50 jaar;Sector techniek;G-I Handel, vervoer en horeca;2018/'19;72;0;19;20;33;1;71;0;1;0;0;0;18;20;33
6538;Totaal mannen en vrouwen;45 tot 50 jaar;Sector techniek;G-I Handel, vervoer en horeca;2019/'20;58;0;13;23;22;3;55;0;0;0;3;0;13;23;19
6539;Totaal mannen en vrouwen;45 tot 50 jaar;Sector techniek;G-I Handel, vervoer en horeca;2020/'21;44;0;9;12;23;1;43;0;1;0;0;0;8;12;23
6540;Totaal mannen en vrouwen;45 tot 50 jaar;Sector techniek;J Informatie en communicatie;2009/'10;5;0;4;0;1;1;4;0;1;0;0;0;3;0;1
6541;Totaal mannen en vrouwen;45 tot 50 jaar;Sector techniek;J Informatie en communicatie;2010/'11;6;2;3;0;1;2;4;0;2;0;0;2;1;0;1
6542;Totaal mannen en vrouwen;45 tot 50 jaar;Sector techniek;J Informatie en communicatie;2011/'12;2;0;1;1;0;2;0;0;1;1;0;0;0;0;0
6543;Totaal mannen en vrouwen;45 tot 50 jaar;Sector techniek;J Informatie en communicatie;2012/'13;2;0;1;1;0;0;2;0;0;0;0;0;1;1;0
6544;Totaal mannen en vrouwen;45 tot 50 jaar;Sector techniek;J Informatie en communicatie;2013/'14;2;0;2;0;0;0;2;0;0;0;0;0;2;0;0
6545;Totaal mannen en vrouwen;45 tot 50 jaar;Sector techniek;J Informatie en communicatie;2014/'15;3;0;2;1;0;0;3;0;0;0;0;0;2;1;0
6546;Totaal mannen en vrouwen;45 tot 50 jaar;Sector techniek;J Informatie en communicatie;2015/'16;1;0;1;0;0;0;1;0;0;0;0;0;1;0;0
6547;Totaal mannen en vrouwen;45 tot 50 jaar;Sector techniek;J Informatie en communicatie;2016/'17;1;0;0;0;1;0;1;0;0;0;0;0;0;0;1
6548;Totaal mannen en vrouwen;45 tot 50 jaar;Sector techniek;J Informatie en communicatie;2017/'18;2;0;1;1;0;0;2;0;0;0;0;0;1;1;0
6549;Totaal mannen en vrouwen;45 tot 50 jaar;Sector techniek;J Informatie en communicatie;2018/'19;3;0;1;1;1;0;3;0;0;0;0;0;1;1;1
6550;Totaal mannen en vrouwen;45 tot 50 jaar;Sector techniek;J Informatie en communicatie;2019/'20;4;0;2;1;1;0;4;0;0;0;0;0;2;1;1
6551;Totaal mannen en vrouwen;45 tot 50 jaar;Sector techniek;J Informatie en communicatie;2020/'21;1;0;1;0;0;0;1;0;0;0;0;0;1;0;0
6552;Totaal mannen en vrouwen;45 tot 50 jaar;Sector techniek;K Financiële dienstverlening;2009/'10;10;3;7;0;0;0;10;0;0;0;0;3;7;0;0
6553;Totaal mannen en vrouwen;45 tot 50 jaar;Sector techniek;K Financiële dienstverlening;2010/'11;7;0;4;1;2;2;5;0;1;1;0;0;3;0;2
6554;Totaal mannen en vrouwen;45 tot 50 jaar;Sector techniek;K Financiële dienstverlening;2011/'12;2;0;0;1;1;1;1;0;0;1;0;0;0;0;1
6555;Totaal mannen en vrouwen;45 tot 50 jaar;Sector techniek;K Financiële dienstverlening;2012/'13;2;0;2;0;0;1;1;0;1;0;0;0;1;0;0
6556;Totaal mannen en vrouwen;45 tot 50 jaar;Sector techniek;K Financiële dienstverlening;2013/'14;0;0;0;0;0;0;0;0;0;0;0;0;0;0;0
6557;Totaal mannen en vrouwen;45 tot 50 jaar;Sector techniek;K Financiële dienstverlening;2014/'15;0;0;0;0;0;0;0;0;0;0;0;0;0;0;0
6558;Totaal mannen en vrouwen;45 tot 50 jaar;Sector techniek;K Financiële dienstverlening;2015/'16;1;0;0;0;1;0;1;0;0;0;0;0;0;0;1
6559;Totaal mannen en vrouwen;45 tot 50 jaar;Sector techniek;K Financiële dienstverlening;2016/'17;0;0;0;0;0;0;0;0;0;0;0;0;0;0;0
6560;Totaal mannen en vrouwen;45 tot 50 jaar;Sector techniek;K Financiële dienstverlening;2017/'18;4;0;1;2;1;0;4;0;0;0;0;0;1;2;1
6561;Totaal mannen en vrouwen;45 tot 50 jaar;Sector techniek;K Financiële dienstverlening;2018/'19;3;0;1;1;1;0;3;0;0;0;0;0;1;1;1
6562;Totaal mannen en vrouwen;45 tot 50 jaar;Sector techniek;K Financiële dienstverlening;2019/'20;2;0;0;0;2;0;2;0;0;0;0;0;0;0;2
6563;Totaal mannen en vrouwen;45 tot 50 jaar;Sector techniek;K Financiële dienstverlening;2020/'21;2;0;1;0;1;0;2;0;0;0;0;0;1;0;1
6564;Totaal mannen en vrouwen;45 tot 50 jaar;Sector techniek;L Verhuur en handel van onroerend goed;2009/'10;12;0;10;2;0;0;12;0;0;0;0;0;10;2;0
6565;Totaal mannen en vrouwen;45 tot 50 jaar;Sector techniek;L Verhuur en handel van onroerend goed;2010/'11;3;0;1;0;2;0;3;0;0;0;0;0;1;0;2
6566;Totaal mannen en vrouwen;45 tot 50 jaar;Sector techniek;L Verhuur en handel van onroerend goed;2011/'12;2;0;2;0;0;0;2;0;0;0;0;0;2;0;0
6567;Totaal mannen en vrouwen;45 tot 50 jaar;Sector techniek;L Verhuur en handel van onroerend goed;2012/'13;3;0;3;0;0;0;3;0;0;0;0;0;3;0;0
6568;Totaal mannen en vrouwen;45 tot 50 jaar;Sector techniek;L Verhuur en handel van onroerend goed;2013/'14;10;0;9;0;1;0;10;0;0;0;0;0;9;0;1
6569;Totaal mannen en vrouwen;45 tot 50 jaar;Sector techniek;L Verhuur en handel van onroerend goed;2014/'15;1;0;0;0;1;0;1;0;0;0;0;0;0;0;1
6570;Totaal mannen en vrouwen;45 tot 50 jaar;Sector techniek;L Verhuur en handel van onroerend goed;2015/'16;1;0;1;0;0;0;1;0;0;0;0;0;1;0;0
6571;Totaal mannen en vrouwen;45 tot 50 jaar;Sector techniek;L Verhuur en handel van onroerend goed;2016/'17;6;0;1;5;0;0;6;0;0;0;0;0;1;5;0
6572;Totaal mannen en vrouwen;45 tot 50 jaar;Sector techniek;L Verhuur en handel van onroerend goed;2017/'18;1;0;0;1;0;0;1;0;0;0;0;0;0;1;0
6573;Totaal mannen en vrouwen;45 tot 50 jaar;Sector techniek;L Verhuur en handel van onroerend goed;2018/'19;1;0;0;1;0;0;1;0;0;0;0;0;0;1;0
6574;Totaal mannen en vrouwen;45 tot 50 jaar;Sector techniek;L Verhuur en handel van onroerend goed;2019/'20;1;0;0;1;0;0;1;0;0;0;0;0;0;1;0
6575;Totaal mannen en vrouwen;45 tot 50 jaar;Sector techniek;L Verhuur en handel van onroerend goed;2020/'21;1;0;0;1;0;0;1;0;0;0;0;0;0;1;0
6576;Totaal mannen en vrouwen;45 tot 50 jaar;Sector techniek;M-N Zakelijke dienstverlening;2009/'10;159;17;99;29;14;4;155;0;0;2;2;17;99;27;12
6577;Totaal mannen en vrouwen;45 tot 50 jaar;Sector techniek;M-N Zakelijke dienstverlening;2010/'11;112;21;45;41;5;3;109;0;0;1;2;21;45;40;3
6578;Totaal mannen en vrouwen;45 tot 50 jaar;Sector techniek;M-N Zakelijke dienstverlening;2011/'12;150;13;93;24;20;5;145;0;3;0;2;13;90;24;18
6579;Totaal mannen en vrouwen;45 tot 50 jaar;Sector techniek;M-N Zakelijke dienstverlening;2012/'13;90;22;45;15;8;0;90;0;0;0;0;22;45;15;8
6580;Totaal mannen en vrouwen;45 tot 50 jaar;Sector techniek;M-N Zakelijke dienstverlening;2013/'14;29;9;10;5;5;0;29;0;0;0;0;9;10;5;5
6581;Totaal mannen en vrouwen;45 tot 50 jaar;Sector techniek;M-N Zakelijke dienstverlening;2014/'15;20;3;7;3;7;0;20;0;0;0;0;3;7;3;7
6582;Totaal mannen en vrouwen;45 tot 50 jaar;Sector techniek;M-N Zakelijke dienstverlening;2015/'16;37;5;20;9;3;1;36;1;0;0;0;4;20;9;3
6583;Totaal mannen en vrouwen;45 tot 50 jaar;Sector techniek;M-N Zakelijke dienstverlening;2016/'17;56;0;33;19;4;0;56;0;0;0;0;0;33;19;4
6584;Totaal mannen en vrouwen;45 tot 50 jaar;Sector techniek;M-N Zakelijke dienstverlening;2017/'18;71;0;28;39;4;0;71;0;0;0;0;0;28;39;4
6585;Totaal mannen en vrouwen;45 tot 50 jaar;Sector techniek;M-N Zakelijke dienstverlening;2018/'19;69;0;39;23;7;1;68;0;0;0;1;0;39;23;6
6586;Totaal mannen en vrouwen;45 tot 50 jaar;Sector techniek;M-N Zakelijke dienstverlening;2019/'20;60;0;29;17;14;0;60;0;0;0;0;0;29;17;14
6587;Totaal mannen en vrouwen;45 tot 50 jaar;Sector techniek;M-N Zakelijke dienstverlening;2020/'21;32;0;14;15;3;0;32;0;0;0;0;0;14;15;3
6588;Totaal mannen en vrouwen;45 tot 50 jaar;Sector techniek;O-Q Overheid en zorg;2009/'10;93;1;61;11;20;18;75;0;4;6;8;1;57;5;12
6589;Totaal mannen en vrouwen;45 tot 50 jaar;Sector techniek;O-Q Overheid en zorg;2010/'11;46;2;32;2;10;10;36;0;6;1;3;2;26;1;7
6590;Totaal mannen en vrouwen;45 tot 50 jaar;Sector techniek;O-Q Overheid en zorg;2011/'12;43;1;27;9;6;5;38;0;3;1;1;1;24;8;5
6591;Totaal mannen en vrouwen;45 tot 50 jaar;Sector techniek;O-Q Overheid en zorg;2012/'13;34;2;20;7;5;7;27;0;5;2;0;2;15;5;5
6592;Totaal mannen en vrouwen;45 tot 50 jaar;Sector techniek;O-Q Overheid en zorg;2013/'14;17;2;3;2;10;1;16;0;0;0;1;2;3;2;9
6593;Totaal mannen en vrouwen;45 tot 50 jaar;Sector techniek;O-Q Overheid en zorg;2014/'15;11;1;2;3;5;0;11;0;0;0;0;1;2;3;5
6594;Totaal mannen en vrouwen;45 tot 50 jaar;Sector techniek;O-Q Overheid en zorg;2015/'16;64;28;21;10;5;0;64;0;0;0;0;28;21;10;5
6595;Totaal mannen en vrouwen;45 tot 50 jaar;Sector techniek;O-Q Overheid en zorg;2016/'17;50;0;34;5;11;1;49;0;0;0;1;0;34;5;10
6596;Totaal mannen en vrouwen;45 tot 50 jaar;Sector techniek;O-Q Overheid en zorg;2017/'18;17;0;8;3;6;0;17;0;0;0;0;0;8;3;6
6597;Totaal mannen en vrouwen;45 tot 50 jaar;Sector techniek;O-Q Overheid en zorg;2018/'19;29;0;10;12;7;1;28;0;1;0;0;0;9;12;7
6598;Totaal mannen en vrouwen;45 tot 50 jaar;Sector techniek;O-Q Overheid en zorg;2019/'20;27;0;12;7;8;0;27;0;0;0;0;0;12;7;8
6599;Totaal mannen en vrouwen;45 tot 50 jaar;Sector techniek;O-Q Overheid en zorg;2020/'21;22;0;11;7;4;3;19;0;2;1;0;0;9;6;4
6600;Totaal mannen en vrouwen;45 tot 50 jaar;Sector techniek;R-U Cultuur, recreatie, overige diensten;2009/'10;4;0;3;0;1;1;3;0;0;0;1;0;3;0;0
6601;Totaal mannen en vrouwen;45 tot 50 jaar;Sector techniek;R-U Cultuur, recreatie, overige diensten;2010/'11;4;0;3;1;0;0;4;0;0;0;0;0;3;1;0
6602;Totaal mannen en vrouwen;45 tot 50 jaar;Sector techniek;R-U Cultuur, recreatie, overige diensten;2011/'12;34;23;10;0;1;1;33;0;1;0;0;23;9;0;1
6603;Totaal mannen en vrouwen;45 tot 50 jaar;Sector techniek;R-U Cultuur, recreatie, overige diensten;2012/'13;17;7;8;2;0;1;16;0;1;0;0;7;7;2;0
6604;Totaal mannen en vrouwen;45 tot 50 jaar;Sector techniek;R-U Cultuur, recreatie, overige diensten;2013/'14;3;0;2;1;0;1;2;0;1;0;0;0;1;1;0
6605;Totaal mannen en vrouwen;45 tot 50 jaar;Sector techniek;R-U Cultuur, recreatie, overige diensten;2014/'15;0;0;0;0;0;0;0;0;0;0;0;0;0;0;0
6606;Totaal mannen en vrouwen;45 tot 50 jaar;Sector techniek;R-U Cultuur, recreatie, overige diensten;2015/'16;3;0;1;0;2;0;3;0;0;0;0;0;1;0;2
6607;Totaal mannen en vrouwen;45 tot 50 jaar;Sector techniek;R-U Cultuur, recreatie, overige diensten;2016/'17;2;0;1;0;1;0;2;0;0;0;0;0;1;0;1
6608;Totaal mannen en vrouwen;45 tot 50 jaar;Sector techniek;R-U Cultuur, recreatie, overige diensten;2017/'18;6;0;3;1;2;0;6;0;0;0;0;0;3;1;2
6609;Totaal mannen en vrouwen;45 tot 50 jaar;Sector techniek;R-U Cultuur, recreatie, overige diensten;2018/'19;4;0;2;1;1;0;4;0;0;0;0;0;2;1;1
6610;Totaal mannen en vrouwen;45 tot 50 jaar;Sector techniek;R-U Cultuur, recreatie, overige diensten;2019/'20;0;0;0;0;0;0;0;0;0;0;0;0;0;0;0
6611;Totaal mannen en vrouwen;45 tot 50 jaar;Sector techniek;R-U Cultuur, recreatie, overige diensten;2020/'21;2;0;1;0;1;0;2;0;0;0;0;0;1;0;1
6612;Totaal mannen en vrouwen;45 tot 50 jaar;Sector techniek;SBI-code onbekend;2009/'10;61;2;55;0;4;7;54;1;4;0;2;1;51;0;2
6613;Totaal mannen en vrouwen;45 tot 50 jaar;Sector techniek;SBI-code onbekend;2010/'11;24;0;17;5;2;2;22;0;1;1;0;0;16;4;2
6614;Totaal mannen en vrouwen;45 tot 50 jaar;Sector techniek;SBI-code onbekend;2011/'12;23;1;17;2;3;2;21;0;2;0;0;1;15;2;3
6615;Totaal mannen en vrouwen;45 tot 50 jaar;Sector techniek;SBI-code onbekend;2012/'13;16;2;14;0;0;1;15;0;1;0;0;2;13;0;0
6616;Totaal mannen en vrouwen;45 tot 50 jaar;Sector techniek;SBI-code onbekend;2013/'14;9;0;6;0;3;0;9;0;0;0;0;0;6;0;3
6617;Totaal mannen en vrouwen;45 tot 50 jaar;Sector techniek;SBI-code onbekend;2014/'15;3;0;1;0;2;0;3;0;0;0;0;0;1;0;2
6618;Totaal mannen en vrouwen;45 tot 50 jaar;Sector techniek;SBI-code onbekend;2015/'16;0;0;0;0;0;0;0;0;0;0;0;0;0;0;0
6619;Totaal mannen en vrouwen;45 tot 50 jaar;Sector techniek;SBI-code onbekend;2016/'17;2;0;0;0;2;0;2;0;0;0;0;0;0;0;2
6620;Totaal mannen en vrouwen;45 tot 50 jaar;Sector techniek;SBI-code onbekend;2017/'18;2;0;1;0;1;0;2;0;0;0;0;0;1;0;1
6621;Totaal mannen en vrouwen;45 tot 50 jaar;Sector techniek;SBI-code onbekend;2018/'19;5;0;2;2;1;0;5;0;0;0;0;0;2;2;1
6622;Totaal mannen en vrouwen;45 tot 50 jaar;Sector techniek;SBI-code onbekend;2019/'20;1;0;0;0;1;1;0;0;0;0;1;0;0;0;0
6623;Totaal mannen en vrouwen;45 tot 50 jaar;Sector techniek;SBI-code onbekend;2020/'21;0;0;0;0;0;0;0;0;0;0;0;0;0;0;0
6624;Totaal mannen en vrouwen;45 tot 50 jaar;Sector zorg en welzijn;A-U Alle economische activiteiten;2009/'10;1813;94;525;761;433;221;1592;6;82;63;70;88;443;698;363
6625;Totaal mannen en vrouwen;45 tot 50 jaar;Sector zorg en welzijn;A-U Alle economische activiteiten;2010/'11;1601;53;390;669;489;177;1424;1;54;40;82;52;336;629;407
6626;Totaal mannen en vrouwen;45 tot 50 jaar;Sector zorg en welzijn;A-U Alle economische activiteiten;2011/'12;1445;70;429;633;313;132;1313;1;31;35;65;69;398;598;248
6627;Totaal mannen en vrouwen;45 tot 50 jaar;Sector zorg en welzijn;A-U Alle economische activiteiten;2012/'13;1285;40;391;586;268;83;1202;1;31;13;38;39;360;573;230
6628;Totaal mannen en vrouwen;45 tot 50 jaar;Sector zorg en welzijn;A-U Alle economische activiteiten;2013/'14;752;13;221;333;185;44;708;0;10;11;23;13;211;322;162
6629;Totaal mannen en vrouwen;45 tot 50 jaar;Sector zorg en welzijn;A-U Alle economische activiteiten;2014/'15;469;3;94;259;113;12;457;0;5;5;2;3;89;254;111
6630;Totaal mannen en vrouwen;45 tot 50 jaar;Sector zorg en welzijn;A-U Alle economische activiteiten;2015/'16;511;0;65;311;135;11;500;0;3;5;3;0;62;306;132
6631;Totaal mannen en vrouwen;45 tot 50 jaar;Sector zorg en welzijn;A-U Alle economische activiteiten;2016/'17;977;0;105;559;313;13;964;0;1;10;2;0;104;549;311
6632;Totaal mannen en vrouwen;45 tot 50 jaar;Sector zorg en welzijn;A-U Alle economische activiteiten;2017/'18;1175;0;145;640;390;19;1156;0;2;13;4;0;143;627;386
6633;Totaal mannen en vrouwen;45 tot 50 jaar;Sector zorg en welzijn;A-U Alle economische activiteiten;2018/'19;1415;0;254;687;474;14;1401;0;5;7;2;0;249;680;472
6634;Totaal mannen en vrouwen;45 tot 50 jaar;Sector zorg en welzijn;A-U Alle economische activiteiten;2019/'20;1377;0;265;615;497;15;1362;0;2;7;6;0;263;608;491
6635;Totaal mannen en vrouwen;45 tot 50 jaar;Sector zorg en welzijn;A-U Alle economische activiteiten;2020/'21;1222;0;221;538;463;12;1210;0;5;3;4;0;216;535;459
6636;Totaal mannen en vrouwen;45 tot 50 jaar;Sector zorg en welzijn;A Landbouw, bosbouw en visserij;2009/'10;9;0;2;5;2;2;7;0;1;1;0;0;1;4;2
6637;Totaal mannen en vrouwen;45 tot 50 jaar;Sector zorg en welzijn;A Landbouw, bosbouw en visserij;2010/'11;7;0;0;5;2;2;5;0;0;0;2;0;0;5;0
6638;Totaal mannen en vrouwen;45 tot 50 jaar;Sector zorg en welzijn;A Landbouw, bosbouw en visserij;2011/'12;6;1;2;2;1;0;6;0;0;0;0;1;2;2;1
6639;Totaal mannen en vrouwen;45 tot 50 jaar;Sector zorg en welzijn;A Landbouw, bosbouw en visserij;2012/'13;5;0;2;2;1;0;5;0;0;0;0;0;2;2;1
6640;Totaal mannen en vrouwen;45 tot 50 jaar;Sector zorg en welzijn;A Landbouw, bosbouw en visserij;2013/'14;1;0;0;1;0;0;1;0;0;0;0;0;0;1;0
6641;Totaal mannen en vrouwen;45 tot 50 jaar;Sector zorg en welzijn;A Landbouw, bosbouw en visserij;2014/'15;1;0;0;0;1;0;1;0;0;0;0;0;0;0;1
6642;Totaal mannen en vrouwen;45 tot 50 jaar;Sector zorg en welzijn;A Landbouw, bosbouw en visserij;2015/'16;2;0;0;1;1;1;1;0;0;0;1;0;0;1;0
6643;Totaal mannen en vrouwen;45 tot 50 jaar;Sector zorg en welzijn;A Landbouw, bosbouw en visserij;2016/'17;5;0;1;3;1;0;5;0;0;0;0;0;1;3;1
6644;Totaal mannen en vrouwen;45 tot 50 jaar;Sector zorg en welzijn;A Landbouw, bosbouw en visserij;2017/'18;7;0;0;5;2;0;7;0;0;0;0;0;0;5;2
6645;Totaal mannen en vrouwen;45 tot 50 jaar;Sector zorg en welzijn;A Landbouw, bosbouw en visserij;2018/'19;13;0;1;8;4;0;13;0;0;0;0;0;1;8;4
6646;Totaal mannen en vrouwen;45 tot 50 jaar;Sector zorg en welzijn;A Landbouw, bosbouw en visserij;2019/'20;13;0;4;4;5;0;13;0;0;0;0;0;4;4;5
6647;Totaal mannen en vrouwen;45 tot 50 jaar;Sector zorg en welzijn;A Landbouw, bosbouw en visserij;2020/'21;10;0;1;6;3;0;10;0;0;0;0;0;1;6;3
6648;Totaal mannen en vrouwen;45 tot 50 jaar;Sector zorg en welzijn;B-E Nijverheid (geen bouw) en energie;2009/'10;123;0;44;41;38;14;109;0;8;3;3;0;36;38;35
6649;Totaal mannen en vrouwen;45 tot 50 jaar;Sector zorg en welzijn;B-E Nijverheid (geen bouw) en energie;2010/'11;86;0;25;34;27;11;75;0;6;2;3;0;19;32;24
6650;Totaal mannen en vrouwen;45 tot 50 jaar;Sector zorg en welzijn;B-E Nijverheid (geen bouw) en energie;2011/'12;64;0;25;26;13;10;54;0;3;4;3;0;22;22;10
6651;Totaal mannen en vrouwen;45 tot 50 jaar;Sector zorg en welzijn;B-E Nijverheid (geen bouw) en energie;2012/'13;37;0;8;21;8;6;31;0;3;1;2;0;5;20;6
6652;Totaal mannen en vrouwen;45 tot 50 jaar;Sector zorg en welzijn;B-E Nijverheid (geen bouw) en energie;2013/'14;21;1;9;6;5;2;19;0;0;0;2;1;9;6;3
6653;Totaal mannen en vrouwen;45 tot 50 jaar;Sector zorg en welzijn;B-E Nijverheid (geen bouw) en energie;2014/'15;5;0;1;0;4;0;5;0;0;0;0;0;1;0;4
6654;Totaal mannen en vrouwen;45 tot 50 jaar;Sector zorg en welzijn;B-E Nijverheid (geen bouw) en energie;2015/'16;8;0;1;3;4;1;7;0;1;0;0;0;0;3;4
6655;Totaal mannen en vrouwen;45 tot 50 jaar;Sector zorg en welzijn;B-E Nijverheid (geen bouw) en energie;2016/'17;15;0;1;9;5;0;15;0;0;0;0;0;1;9;5
6656;Totaal mannen en vrouwen;45 tot 50 jaar;Sector zorg en welzijn;B-E Nijverheid (geen bouw) en energie;2017/'18;30;0;0;20;10;2;28;0;0;0;2;0;0;20;8
6657;Totaal mannen en vrouwen;45 tot 50 jaar;Sector zorg en welzijn;B-E Nijverheid (geen bouw) en energie;2018/'19;35;0;6;21;8;1;34;0;1;0;0;0;5;21;8
6658;Totaal mannen en vrouwen;45 tot 50 jaar;Sector zorg en welzijn;B-E Nijverheid (geen bouw) en energie;2019/'20;49;0;10;24;15;0;49;0;0;0;0;0;10;24;15
6659;Totaal mannen en vrouwen;45 tot 50 jaar;Sector zorg en welzijn;B-E Nijverheid (geen bouw) en energie;2020/'21;43;0;5;26;12;0;43;0;0;0;0;0;5;26;12
6660;Totaal mannen en vrouwen;45 tot 50 jaar;Sector zorg en welzijn;F Bouwnijverheid;2009/'10;9;0;1;6;2;0;9;0;0;0;0;0;1;6;2
6661;Totaal mannen en vrouwen;45 tot 50 jaar;Sector zorg en welzijn;F Bouwnijverheid;2010/'11;12;0;3;7;2;2;10;0;0;1;1;0;3;6;1
6662;Totaal mannen en vrouwen;45 tot 50 jaar;Sector zorg en welzijn;F Bouwnijverheid;2011/'12;12;0;1;8;3;1;11;0;0;1;0;0;1;7;3
6663;Totaal mannen en vrouwen;45 tot 50 jaar;Sector zorg en welzijn;F Bouwnijverheid;2012/'13;10;0;3;6;1;2;8;0;0;1;1;0;3;5;0
6664;Totaal mannen en vrouwen;45 tot 50 jaar;Sector zorg en welzijn;F Bouwnijverheid;2013/'14;5;0;1;3;1;1;4;0;0;0;1;0;1;3;0
6665;Totaal mannen en vrouwen;45 tot 50 jaar;Sector zorg en welzijn;F Bouwnijverheid;2014/'15;0;0;0;0;0;0;0;0;0;0;0;0;0;0;0
6666;Totaal mannen en vrouwen;45 tot 50 jaar;Sector zorg en welzijn;F Bouwnijverheid;2015/'16;6;0;2;3;1;0;6;0;0;0;0;0;2;3;1
6667;Totaal mannen en vrouwen;45 tot 50 jaar;Sector zorg en welzijn;F Bouwnijverheid;2016/'17;4;0;0;1;3;0;4;0;0;0;0;0;0;1;3
6668;Totaal mannen en vrouwen;45 tot 50 jaar;Sector zorg en welzijn;F Bouwnijverheid;2017/'18;5;0;0;4;1;0;5;0;0;0;0;0;0;4;1
6669;Totaal mannen en vrouwen;45 tot 50 jaar;Sector zorg en welzijn;F Bouwnijverheid;2018/'19;18;0;3;10;5;0;18;0;0;0;0;0;3;10;5
6670;Totaal mannen en vrouwen;45 tot 50 jaar;Sector zorg en welzijn;F Bouwnijverheid;2019/'20;14;0;4;7;3;0;14;0;0;0;0;0;4;7;3
6671;Totaal mannen en vrouwen;45 tot 50 jaar;Sector zorg en welzijn;F Bouwnijverheid;2020/'21;16;0;3;10;3;0;16;0;0;0;0;0;3;10;3
6672;Totaal mannen en vrouwen;45 tot 50 jaar;Sector zorg en welzijn;G-I Handel, vervoer en horeca;2009/'10;165;6;51;75;33;47;118;4;16;12;15;2;35;63;18
6673;Totaal mannen en vrouwen;45 tot 50 jaar;Sector zorg en welzijn;G-I Handel, vervoer en horeca;2010/'11;169;7;47;75;40;38;131;0;11;11;16;7;36;64;24
6674;Totaal mannen en vrouwen;45 tot 50 jaar;Sector zorg en welzijn;G-I Handel, vervoer en horeca;2011/'12;151;9;40;75;27;19;132;0;8;3;8;9;32;72;19
6675;Totaal mannen en vrouwen;45 tot 50 jaar;Sector zorg en welzijn;G-I Handel, vervoer en horeca;2012/'13;138;4;27;81;26;14;124;0;2;5;7;4;25;76;19
6676;Totaal mannen en vrouwen;45 tot 50 jaar;Sector zorg en welzijn;G-I Handel, vervoer en horeca;2013/'14;50;0;4;32;14;8;42;0;0;3;5;0;4;29;9
6677;Totaal mannen en vrouwen;45 tot 50 jaar;Sector zorg en welzijn;G-I Handel, vervoer en horeca;2014/'15;18;0;2;12;4;1;17;0;0;1;0;0;2;11;4
6678;Totaal mannen en vrouwen;45 tot 50 jaar;Sector zorg en welzijn;G-I Handel, vervoer en horeca;2015/'16;16;0;2;10;4;1;15;0;1;0;0;0;1;10;4
6679;Totaal mannen en vrouwen;45 tot 50 jaar;Sector zorg en welzijn;G-I Handel, vervoer en horeca;2016/'17;52;0;1;36;15;1;51;0;0;1;0;0;1;35;15
6680;Totaal mannen en vrouwen;45 tot 50 jaar;Sector zorg en welzijn;G-I Handel, vervoer en horeca;2017/'18;142;0;13;106;23;4;138;0;1;2;1;0;12;104;22
6681;Totaal mannen en vrouwen;45 tot 50 jaar;Sector zorg en welzijn;G-I Handel, vervoer en horeca;2018/'19;245;0;30;160;55;4;241;0;0;4;0;0;30;156;55
6682;Totaal mannen en vrouwen;45 tot 50 jaar;Sector zorg en welzijn;G-I Handel, vervoer en horeca;2019/'20;299;0;52;175;72;7;292;0;1;3;3;0;51;172;69
6683;Totaal mannen en vrouwen;45 tot 50 jaar;Sector zorg en welzijn;G-I Handel, vervoer en horeca;2020/'21;275;0;41;139;95;5;270;0;2;1;2;0;39;138;93
6684;Totaal mannen en vrouwen;45 tot 50 jaar;Sector zorg en welzijn;J Informatie en communicatie;2009/'10;10;0;4;3;3;2;8;0;1;0;1;0;3;3;2
6685;Totaal mannen en vrouwen;45 tot 50 jaar;Sector zorg en welzijn;J Informatie en communicatie;2010/'11;7;0;1;5;1;0;7;0;0;0;0;0;1;5;1
6686;Totaal mannen en vrouwen;45 tot 50 jaar;Sector zorg en welzijn;J Informatie en communicatie;2011/'12;6;0;1;2;3;1;5;0;0;0;1;0;1;2;2
6687;Totaal mannen en vrouwen;45 tot 50 jaar;Sector zorg en welzijn;J Informatie en communicatie;2012/'13;5;0;1;3;1;3;2;0;0;2;1;0;1;1;0
6688;Totaal mannen en vrouwen;45 tot 50 jaar;Sector zorg en welzijn;J Informatie en communicatie;2013/'14;3;0;0;1;2;0;3;0;0;0;0;0;0;1;2
6689;Totaal mannen en vrouwen;45 tot 50 jaar;Sector zorg en welzijn;J Informatie en communicatie;2014/'15;1;0;0;0;1;0;1;0;0;0;0;0;0;0;1
6690;Totaal mannen en vrouwen;45 tot 50 jaar;Sector zorg en welzijn;J Informatie en communicatie;2015/'16;3;0;0;2;1;0;3;0;0;0;0;0;0;2;1
6691;Totaal mannen en vrouwen;45 tot 50 jaar;Sector zorg en welzijn;J Informatie en communicatie;2016/'17;6;0;1;5;0;1;5;0;1;0;0;0;0;5;0
6692;Totaal mannen en vrouwen;45 tot 50 jaar;Sector zorg en welzijn;J Informatie en communicatie;2017/'18;5;0;1;1;3;0;5;0;0;0;0;0;1;1;3
6693;Totaal mannen en vrouwen;45 tot 50 jaar;Sector zorg en welzijn;J Informatie en communicatie;2018/'19;6;0;0;5;1;0;6;0;0;0;0;0;0;5;1
6694;Totaal mannen en vrouwen;45 tot 50 jaar;Sector zorg en welzijn;J Informatie en communicatie;2019/'20;8;0;1;5;2;1;7;0;1;0;0;0;0;5;2
6695;Totaal mannen en vrouwen;45 tot 50 jaar;Sector zorg en welzijn;J Informatie en communicatie;2020/'21;15;0;1;10;4;0;15;0;0;0;0;0;1;10;4
6696;Totaal mannen en vrouwen;45 tot 50 jaar;Sector zorg en welzijn;K Financiële dienstverlening;2009/'10;23;1;2;6;14;12;11;0;1;2;9;1;1;4;5
6697;Totaal mannen en vrouwen;45 tot 50 jaar;Sector zorg en welzijn;K Financiële dienstverlening;2010/'11;17;0;3;7;7;3;14;0;0;2;1;0;3;5;6
6698;Totaal mannen en vrouwen;45 tot 50 jaar;Sector zorg en welzijn;K Financiële dienstverlening;2011/'12;22;0;2;12;8;9;13;0;2;1;6;0;0;11;2
6699;Totaal mannen en vrouwen;45 tot 50 jaar;Sector zorg en welzijn;K Financiële dienstverlening;2012/'13;10;0;0;5;5;4;6;0;0;0;4;0;0;5;1
6700;Totaal mannen en vrouwen;45 tot 50 jaar;Sector zorg en welzijn;K Financiële dienstverlening;2013/'14;7;0;0;3;4;1;6;0;0;0;1;0;0;3;3
6701;Totaal mannen en vrouwen;45 tot 50 jaar;Sector zorg en welzijn;K Financiële dienstverlening;2014/'15;6;0;1;2;3;1;5;0;0;0;1;0;1;2;2
6702;Totaal mannen en vrouwen;45 tot 50 jaar;Sector zorg en welzijn;K Financiële dienstverlening;2015/'16;8;0;0;5;3;0;8;0;0;0;0;0;0;5;3
6703;Totaal mannen en vrouwen;45 tot 50 jaar;Sector zorg en welzijn;K Financiële dienstverlening;2016/'17;7;0;0;5;2;1;6;0;0;1;0;0;0;4;2
6704;Totaal mannen en vrouwen;45 tot 50 jaar;Sector zorg en welzijn;K Financiële dienstverlening;2017/'18;18;0;0;12;6;0;18;0;0;0;0;0;0;12;6
6705;Totaal mannen en vrouwen;45 tot 50 jaar;Sector zorg en welzijn;K Financiële dienstverlening;2018/'19;15;0;0;11;4;0;15;0;0;0;0;0;0;11;4
6706;Totaal mannen en vrouwen;45 tot 50 jaar;Sector zorg en welzijn;K Financiële dienstverlening;2019/'20;25;0;0;11;14;0;25;0;0;0;0;0;0;11;14
6707;Totaal mannen en vrouwen;45 tot 50 jaar;Sector zorg en welzijn;K Financiële dienstverlening;2020/'21;8;0;0;4;4;0;8;0;0;0;0;0;0;4;4
6708;Totaal mannen en vrouwen;45 tot 50 jaar;Sector zorg en welzijn;L Verhuur en handel van onroerend goed;2009/'10;9;0;1;5;3;0;9;0;0;0;0;0;1;5;3
6709;Totaal mannen en vrouwen;45 tot 50 jaar;Sector zorg en welzijn;L Verhuur en handel van onroerend goed;2010/'11;15;0;2;6;7;1;14;0;0;1;0;0;2;5;7
6710;Totaal mannen en vrouwen;45 tot 50 jaar;Sector zorg en welzijn;L Verhuur en handel van onroerend goed;2011/'12;3;0;1;1;1;0;3;0;0;0;0;0;1;1;1
6711;Totaal mannen en vrouwen;45 tot 50 jaar;Sector zorg en welzijn;L Verhuur en handel van onroerend goed;2012/'13;3;0;0;3;0;0;3;0;0;0;0;0;0;3;0
6712;Totaal mannen en vrouwen;45 tot 50 jaar;Sector zorg en welzijn;L Verhuur en handel van onroerend goed;2013/'14;1;0;0;1;0;0;1;0;0;0;0;0;0;1;0
6713;Totaal mannen en vrouwen;45 tot 50 jaar;Sector zorg en welzijn;L Verhuur en handel van onroerend goed;2014/'15;0;0;0;0;0;0;0;0;0;0;0;0;0;0;0
6714;Totaal mannen en vrouwen;45 tot 50 jaar;Sector zorg en welzijn;L Verhuur en handel van onroerend goed;2015/'16;1;0;0;0;1;0;1;0;0;0;0;0;0;0;1
6715;Totaal mannen en vrouwen;45 tot 50 jaar;Sector zorg en welzijn;L Verhuur en handel van onroerend goed;2016/'17;0;0;0;0;0;0;0;0;0;0;0;0;0;0;0
6716;Totaal mannen en vrouwen;45 tot 50 jaar;Sector zorg en welzijn;L Verhuur en handel van onroerend goed;2017/'18;2;0;0;1;1;0;2;0;0;0;0;0;0;1;1
6717;Totaal mannen en vrouwen;45 tot 50 jaar;Sector zorg en welzijn;L Verhuur en handel van onroerend goed;2018/'19;6;0;0;3;3;0;6;0;0;0;0;0;0;3;3
6718;Totaal mannen en vrouwen;45 tot 50 jaar;Sector zorg en welzijn;L Verhuur en handel van onroerend goed;2019/'20;7;0;2;2;3;0;7;0;0;0;0;0;2;2;3
6719;Totaal mannen en vrouwen;45 tot 50 jaar;Sector zorg en welzijn;L Verhuur en handel van onroerend goed;2020/'21;3;0;0;3;0;0;3;0;0;0;0;0;0;3;0
6720;Totaal mannen en vrouwen;45 tot 50 jaar;Sector zorg en welzijn;M-N Zakelijke dienstverlening;2009/'10;143;11;54;51;27;42;101;2;20;14;6;9;34;37;21
6721;Totaal mannen en vrouwen;45 tot 50 jaar;Sector zorg en welzijn;M-N Zakelijke dienstverlening;2010/'11;97;2;30;45;20;26;71;1;11;5;9;1;19;40;11
6722;Totaal mannen en vrouwen;45 tot 50 jaar;Sector zorg en welzijn;M-N Zakelijke dienstverlening;2011/'12;110;16;37;44;13;13;97;0;5;4;4;16;32;40;9
6723;Totaal mannen en vrouwen;45 tot 50 jaar;Sector zorg en welzijn;M-N Zakelijke dienstverlening;2012/'13;81;3;28;36;14;11;70;1;7;1;2;2;21;35;12
6724;Totaal mannen en vrouwen;45 tot 50 jaar;Sector zorg en welzijn;M-N Zakelijke dienstverlening;2013/'14;29;1;7;13;8;5;24;0;2;0;3;1;5;13;5
6725;Totaal mannen en vrouwen;45 tot 50 jaar;Sector zorg en welzijn;M-N Zakelijke dienstverlening;2014/'15;17;0;8;8;1;6;11;0;3;3;0;0;5;5;1
6726;Totaal mannen en vrouwen;45 tot 50 jaar;Sector zorg en welzijn;M-N Zakelijke dienstverlening;2015/'16;15;0;4;8;3;1;14;0;0;1;0;0;4;7;3
6727;Totaal mannen en vrouwen;45 tot 50 jaar;Sector zorg en welzijn;M-N Zakelijke dienstverlening;2016/'17;51;0;16;26;9;2;49;0;0;2;0;0;16;24;9
6728;Totaal mannen en vrouwen;45 tot 50 jaar;Sector zorg en welzijn;M-N Zakelijke dienstverlening;2017/'18;113;0;11;81;21;4;109;0;0;4;0;0;11;77;21
6729;Totaal mannen en vrouwen;45 tot 50 jaar;Sector zorg en welzijn;M-N Zakelijke dienstverlening;2018/'19;154;0;34;79;41;5;149;0;3;1;1;0;31;78;40
6730;Totaal mannen en vrouwen;45 tot 50 jaar;Sector zorg en welzijn;M-N Zakelijke dienstverlening;2019/'20;185;0;47;85;53;2;183;0;0;2;0;0;47;83;53
6731;Totaal mannen en vrouwen;45 tot 50 jaar;Sector zorg en welzijn;M-N Zakelijke dienstverlening;2020/'21;137;0;28;70;39;2;135;0;2;0;0;0;26;70;39
6732;Totaal mannen en vrouwen;45 tot 50 jaar;Sector zorg en welzijn;O-Q Overheid en zorg;2009/'10;1238;73;335;540;290;65;1173;0;16;22;27;73;319;518;263
6733;Totaal mannen en vrouwen;45 tot 50 jaar;Sector zorg en welzijn;O-Q Overheid en zorg;2010/'11;1112;43;260;459;350;71;1041;0;19;15;37;43;241;444;313
6734;Totaal mannen en vrouwen;45 tot 50 jaar;Sector zorg en welzijn;O-Q Overheid en zorg;2011/'12;1002;36;310;431;225;60;942;0;9;18;33;36;301;413;192
6735;Totaal mannen en vrouwen;45 tot 50 jaar;Sector zorg en welzijn;O-Q Overheid en zorg;2012/'13;921;28;303;398;192;32;889;0;15;3;14;28;288;395;178
6736;Totaal mannen en vrouwen;45 tot 50 jaar;Sector zorg en welzijn;O-Q Overheid en zorg;2013/'14;591;6;194;259;132;22;569;0;6;6;10;6;188;253;122
6737;Totaal mannen en vrouwen;45 tot 50 jaar;Sector zorg en welzijn;O-Q Overheid en zorg;2014/'15;411;1;81;232;97;3;408;0;1;1;1;1;80;231;96
6738;Totaal mannen en vrouwen;45 tot 50 jaar;Sector zorg en welzijn;O-Q Overheid en zorg;2015/'16;442;0;55;271;116;6;436;0;1;3;2;0;54;268;114
6739;Totaal mannen en vrouwen;45 tot 50 jaar;Sector zorg en welzijn;O-Q Overheid en zorg;2016/'17;808;0;83;459;266;5;803;0;0;4;1;0;83;455;265
6740;Totaal mannen en vrouwen;45 tot 50 jaar;Sector zorg en welzijn;O-Q Overheid en zorg;2017/'18;805;0;119;376;310;8;797;0;1;7;0;0;118;369;310
6741;Totaal mannen en vrouwen;45 tot 50 jaar;Sector zorg en welzijn;O-Q Overheid en zorg;2018/'19;849;0;174;344;331;4;845;0;1;2;1;0;173;342;330
6742;Totaal mannen en vrouwen;45 tot 50 jaar;Sector zorg en welzijn;O-Q Overheid en zorg;2019/'20;693;0;129;265;299;5;688;0;0;2;3;0;129;263;296
6743;Totaal mannen en vrouwen;45 tot 50 jaar;Sector zorg en welzijn;O-Q Overheid en zorg;2020/'21;632;0;127;224;281;2;630;0;1;0;1;0;126;224;280
6744;Totaal mannen en vrouwen;45 tot 50 jaar;Sector zorg en welzijn;R-U Cultuur, recreatie, overige diensten;2009/'10;37;2;13;12;10;16;21;0;6;5;5;2;7;7;5
6745;Totaal mannen en vrouwen;45 tot 50 jaar;Sector zorg en welzijn;R-U Cultuur, recreatie, overige diensten;2010/'11;42;1;9;16;16;12;30;0;3;1;8;1;6;15;8
6746;Totaal mannen en vrouwen;45 tot 50 jaar;Sector zorg en welzijn;R-U Cultuur, recreatie, overige diensten;2011/'12;43;4;9;17;13;10;33;0;3;1;6;4;6;16;7
6747;Totaal mannen en vrouwen;45 tot 50 jaar;Sector zorg en welzijn;R-U Cultuur, recreatie, overige diensten;2012/'13;43;4;11;22;6;4;39;0;2;0;2;4;9;22;4
6748;Totaal mannen en vrouwen;45 tot 50 jaar;Sector zorg en welzijn;R-U Cultuur, recreatie, overige diensten;2013/'14;19;5;3;7;4;0;19;0;0;0;0;5;3;7;4
6749;Totaal mannen en vrouwen;45 tot 50 jaar;Sector zorg en welzijn;R-U Cultuur, recreatie, overige diensten;2014/'15;4;2;0;2;0;0;4;0;0;0;0;2;0;2;0
6750;Totaal mannen en vrouwen;45 tot 50 jaar;Sector zorg en welzijn;R-U Cultuur, recreatie, overige diensten;2015/'16;10;0;1;8;1;1;9;0;0;1;0;0;1;7;1
6751;Totaal mannen en vrouwen;45 tot 50 jaar;Sector zorg en welzijn;R-U Cultuur, recreatie, overige diensten;2016/'17;21;0;1;10;10;2;19;0;0;1;1;0;1;9;9
6752;Totaal mannen en vrouwen;45 tot 50 jaar;Sector zorg en welzijn;R-U Cultuur, recreatie, overige diensten;2017/'18;38;0;0;28;10;0;38;0;0;0;0;0;0;28;10
6753;Totaal mannen en vrouwen;45 tot 50 jaar;Sector zorg en welzijn;R-U Cultuur, recreatie, overige diensten;2018/'19;60;0;4;37;19;0;60;0;0;0;0;0;4;37;19
6754;Totaal mannen en vrouwen;45 tot 50 jaar;Sector zorg en welzijn;R-U Cultuur, recreatie, overige diensten;2019/'20;74;0;16;33;25;0;74;0;0;0;0;0;16;33;25
6755;Totaal mannen en vrouwen;45 tot 50 jaar;Sector zorg en welzijn;R-U Cultuur, recreatie, overige diensten;2020/'21;76;0;13;43;20;2;74;0;0;1;1;0;13;42;19
6756;Totaal mannen en vrouwen;45 tot 50 jaar;Sector zorg en welzijn;SBI-code onbekend;2009/'10;47;1;18;17;11;21;26;0;13;4;4;1;5;13;7
6757;Totaal mannen en vrouwen;45 tot 50 jaar;Sector zorg en welzijn;SBI-code onbekend;2010/'11;37;0;10;10;17;11;26;0;4;2;5;0;6;8;12
6758;Totaal mannen en vrouwen;45 tot 50 jaar;Sector zorg en welzijn;SBI-code onbekend;2011/'12;26;4;1;15;6;9;17;1;1;3;4;3;0;12;2
6759;Totaal mannen en vrouwen;45 tot 50 jaar;Sector zorg en welzijn;SBI-code onbekend;2012/'13;32;1;8;9;14;7;25;0;2;0;5;1;6;9;9
6760;Totaal mannen en vrouwen;45 tot 50 jaar;Sector zorg en welzijn;SBI-code onbekend;2013/'14;25;0;3;7;15;5;20;0;2;2;1;0;1;5;14
6761;Totaal mannen en vrouwen;45 tot 50 jaar;Sector zorg en welzijn;SBI-code onbekend;2014/'15;6;0;1;3;2;1;5;0;1;0;0;0;0;3;2
6762;Totaal mannen en vrouwen;45 tot 50 jaar;Sector zorg en welzijn;SBI-code onbekend;2015/'16;0;0;0;0;0;0;0;0;0;0;0;0;0;0;0
6763;Totaal mannen en vrouwen;45 tot 50 jaar;Sector zorg en welzijn;SBI-code onbekend;2016/'17;8;0;1;5;2;1;7;0;0;1;0;0;1;4;2
6764;Totaal mannen en vrouwen;45 tot 50 jaar;Sector zorg en welzijn;SBI-code onbekend;2017/'18;10;0;1;6;3;1;9;0;0;0;1;0;1;6;2
6765;Totaal mannen en vrouwen;45 tot 50 jaar;Sector zorg en welzijn;SBI-code onbekend;2018/'19;14;0;2;9;3;0;14;0;0;0;0;0;2;9;3
6766;Totaal mannen en vrouwen;45 tot 50 jaar;Sector zorg en welzijn;SBI-code onbekend;2019/'20;10;0;0;4;6;0;10;0;0;0;0;0;0;4;6
6767;Totaal mannen en vrouwen;45 tot 50 jaar;Sector zorg en welzijn;SBI-code onbekend;2020/'21;7;0;2;3;2;1;6;0;0;1;0;0;2;2;2
6768;Totaal mannen en vrouwen;45 tot 50 jaar;Combinatie van sectoren;A-U Alle economische activiteiten;2009/'10;338;285;38;12;3;9;329;9;0;0;0;276;38;12;3
6769;Totaal mannen en vrouwen;45 tot 50 jaar;Combinatie van sectoren;A-U Alle economische activiteiten;2010/'11;307;281;22;4;0;5;302;5;0;0;0;276;22;4;0
6770;Totaal mannen en vrouwen;45 tot 50 jaar;Combinatie van sectoren;A-U Alle economische activiteiten;2011/'12;263;238;13;11;1;5;258;5;0;0;0;233;13;11;1
6771;Totaal mannen en vrouwen;45 tot 50 jaar;Combinatie van sectoren;A-U Alle economische activiteiten;2012/'13;173;165;8;0;0;4;169;4;0;0;0;161;8;0;0
6772;Totaal mannen en vrouwen;45 tot 50 jaar;Combinatie van sectoren;A-U Alle economische activiteiten;2013/'14;98;98;0;0;0;1;97;1;0;0;0;97;0;0;0
6773;Totaal mannen en vrouwen;45 tot 50 jaar;Combinatie van sectoren;A-U Alle economische activiteiten;2014/'15;52;52;0;0;0;1;51;1;0;0;0;51;0;0;0
6774;Totaal mannen en vrouwen;45 tot 50 jaar;Combinatie van sectoren;A-U Alle economische activiteiten;2015/'16;29;29;0;0;0;1;28;1;0;0;0;28;0;0;0
6775;Totaal mannen en vrouwen;45 tot 50 jaar;Combinatie van sectoren;A-U Alle economische activiteiten;2016/'17;60;60;0;0;0;0;60;0;0;0;0;60;0;0;0
6776;Totaal mannen en vrouwen;45 tot 50 jaar;Combinatie van sectoren;A-U Alle economische activiteiten;2017/'18;44;44;0;0;0;1;43;1;0;0;0;43;0;0;0
6777;Totaal mannen en vrouwen;45 tot 50 jaar;Combinatie van sectoren;A-U Alle economische activiteiten;2018/'19;52;51;1;0;0;2;50;2;0;0;0;49;1;0;0
6778;Totaal mannen en vrouwen;45 tot 50 jaar;Combinatie van sectoren;A-U Alle economische activiteiten;2019/'20;73;69;4;0;0;3;70;3;0;0;0;66;4;0;0
6779;Totaal mannen en vrouwen;45 tot 50 jaar;Combinatie van sectoren;A-U Alle economische activiteiten;2020/'21;51;49;2;0;0;6;45;6;0;0;0;43;2;0;0
6780;Totaal mannen en vrouwen;45 tot 50 jaar;Combinatie van sectoren;A Landbouw, bosbouw en visserij;2009/'10;0;0;0;0;0;0;0;0;0;0;0;0;0;0;0
6781;Totaal mannen en vrouwen;45 tot 50 jaar;Combinatie van sectoren;A Landbouw, bosbouw en visserij;2010/'11;0;0;0;0;0;0;0;0;0;0;0;0;0;0;0
6782;Totaal mannen en vrouwen;45 tot 50 jaar;Combinatie van sectoren;A Landbouw, bosbouw en visserij;2011/'12;0;0;0;0;0;0;0;0;0;0;0;0;0;0;0
6783;Totaal mannen en vrouwen;45 tot 50 jaar;Combinatie van sectoren;A Landbouw, bosbouw en visserij;2012/'13;0;0;0;0;0;0;0;0;0;0;0;0;0;0;0
6784;Totaal mannen en vrouwen;45 tot 50 jaar;Combinatie van sectoren;A Landbouw, bosbouw en visserij;2013/'14;1;1;0;0;0;0;1;0;0;0;0;1;0;0;0
6785;Totaal mannen en vrouwen;45 tot 50 jaar;Combinatie van sectoren;A Landbouw, bosbouw en visserij;2014/'15;0;0;0;0;0;0;0;0;0;0;0;0;0;0;0
6786;Totaal mannen en vrouwen;45 tot 50 jaar;Combinatie van sectoren;A Landbouw, bosbouw en visserij;2015/'16;1;1;0;0;0;0;1;0;0;0;0;1;0;0;0
6787;Totaal mannen en vrouwen;45 tot 50 jaar;Combinatie van sectoren;A Landbouw, bosbouw en visserij;2016/'17;1;1;0;0;0;0;1;0;0;0;0;1;0;0;0
6788;Totaal mannen en vrouwen;45 tot 50 jaar;Combinatie van sectoren;A Landbouw, bosbouw en visserij;2017/'18;0;0;0;0;0;0;0;0;0;0;0;0;0;0;0
6789;Totaal mannen en vrouwen;45 tot 50 jaar;Combinatie van sectoren;A Landbouw, bosbouw en visserij;2018/'19;0;0;0;0;0;0;0;0;0;0;0;0;0;0;0
6790;Totaal mannen en vrouwen;45 tot 50 jaar;Combinatie van sectoren;A Landbouw, bosbouw en visserij;2019/'20;0;0;0;0;0;0;0;0;0;0;0;0;0;0;0
6791;Totaal mannen en vrouwen;45 tot 50 jaar;Combinatie van sectoren;A Landbouw, bosbouw en visserij;2020/'21;0;0;0;0;0;0;0;0;0;0;0;0;0;0;0
6792;Totaal mannen en vrouwen;45 tot 50 jaar;Combinatie van sectoren;B-E Nijverheid (geen bouw) en energie;2009/'10;210;175;29;6;0;0;210;0;0;0;0;175;29;6;0
6793;Totaal mannen en vrouwen;45 tot 50 jaar;Combinatie van sectoren;B-E Nijverheid (geen bouw) en energie;2010/'11;225;215;8;2;0;0;225;0;0;0;0;215;8;2;0
6794;Totaal mannen en vrouwen;45 tot 50 jaar;Combinatie van sectoren;B-E Nijverheid (geen bouw) en energie;2011/'12;181;172;6;3;0;0;181;0;0;0;0;172;6;3;0
6795;Totaal mannen en vrouwen;45 tot 50 jaar;Combinatie van sectoren;B-E Nijverheid (geen bouw) en energie;2012/'13;104;103;1;0;0;0;104;0;0;0;0;103;1;0;0
6796;Totaal mannen en vrouwen;45 tot 50 jaar;Combinatie van sectoren;B-E Nijverheid (geen bouw) en energie;2013/'14;44;44;0;0;0;0;44;0;0;0;0;44;0;0;0
6797;Totaal mannen en vrouwen;45 tot 50 jaar;Combinatie van sectoren;B-E Nijverheid (geen bouw) en energie;2014/'15;15;15;0;0;0;0;15;0;0;0;0;15;0;0;0
6798;Totaal mannen en vrouwen;45 tot 50 jaar;Combinatie van sectoren;B-E Nijverheid (geen bouw) en energie;2015/'16;11;11;0;0;0;0;11;0;0;0;0;11;0;0;0
6799;Totaal mannen en vrouwen;45 tot 50 jaar;Combinatie van sectoren;B-E Nijverheid (geen bouw) en energie;2016/'17;35;35;0;0;0;0;35;0;0;0;0;35;0;0;0
6800;Totaal mannen en vrouwen;45 tot 50 jaar;Combinatie van sectoren;B-E Nijverheid (geen bouw) en energie;2017/'18;14;14;0;0;0;1;13;1;0;0;0;13;0;0;0
6801;Totaal mannen en vrouwen;45 tot 50 jaar;Combinatie van sectoren;B-E Nijverheid (geen bouw) en energie;2018/'19;9;9;0;0;0;0;9;0;0;0;0;9;0;0;0
6802;Totaal mannen en vrouwen;45 tot 50 jaar;Combinatie van sectoren;B-E Nijverheid (geen bouw) en energie;2019/'20;13;13;0;0;0;0;13;0;0;0;0;13;0;0;0
6803;Totaal mannen en vrouwen;45 tot 50 jaar;Combinatie van sectoren;B-E Nijverheid (geen bouw) en energie;2020/'21;2;1;1;0;0;0;2;0;0;0;0;1;1;0;0
6804;Totaal mannen en vrouwen;45 tot 50 jaar;Combinatie van sectoren;F Bouwnijverheid;2009/'10;1;0;0;1;0;0;1;0;0;0;0;0;0;1;0
6805;Totaal mannen en vrouwen;45 tot 50 jaar;Combinatie van sectoren;F Bouwnijverheid;2010/'11;0;0;0;0;0;0;0;0;0;0;0;0;0;0;0
6806;Totaal mannen en vrouwen;45 tot 50 jaar;Combinatie van sectoren;F Bouwnijverheid;2011/'12;1;1;0;0;0;0;1;0;0;0;0;1;0;0;0
6807;Totaal mannen en vrouwen;45 tot 50 jaar;Combinatie van sectoren;F Bouwnijverheid;2012/'13;1;0;1;0;0;0;1;0;0;0;0;0;1;0;0
6808;Totaal mannen en vrouwen;45 tot 50 jaar;Combinatie van sectoren;F Bouwnijverheid;2013/'14;0;0;0;0;0;0;0;0;0;0;0;0;0;0;0
6809;Totaal mannen en vrouwen;45 tot 50 jaar;Combinatie van sectoren;F Bouwnijverheid;2014/'15;0;0;0;0;0;0;0;0;0;0;0;0;0;0;0
6810;Totaal mannen en vrouwen;45 tot 50 jaar;Combinatie van sectoren;F Bouwnijverheid;2015/'16;1;1;0;0;0;0;1;0;0;0;0;1;0;0;0
6811;Totaal mannen en vrouwen;45 tot 50 jaar;Combinatie van sectoren;F Bouwnijverheid;2016/'17;0;0;0;0;0;0;0;0;0;0;0;0;0;0;0
6812;Totaal mannen en vrouwen;45 tot 50 jaar;Combinatie van sectoren;F Bouwnijverheid;2017/'18;0;0;0;0;0;0;0;0;0;0;0;0;0;0;0
6813;Totaal mannen en vrouwen;45 tot 50 jaar;Combinatie van sectoren;F Bouwnijverheid;2018/'19;1;1;0;0;0;0;1;0;0;0;0;1;0;0;0
6814;Totaal mannen en vrouwen;45 tot 50 jaar;Combinatie van sectoren;F Bouwnijverheid;2019/'20;0;0;0;0;0;0;0;0;0;0;0;0;0;0;0
6815;Totaal mannen en vrouwen;45 tot 50 jaar;Combinatie van sectoren;F Bouwnijverheid;2020/'21;0;0;0;0;0;0;0;0;0;0;0;0;0;0;0
6816;Totaal mannen en vrouwen;45 tot 50 jaar;Combinatie van sectoren;G-I Handel, vervoer en horeca;2009/'10;25;11;8;3;3;3;22;3;0;0;0;8;8;3;3
6817;Totaal mannen en vrouwen;45 tot 50 jaar;Combinatie van sectoren;G-I Handel, vervoer en horeca;2010/'11;18;5;11;2;0;0;18;0;0;0;0;5;11;2;0
6818;Totaal mannen en vrouwen;45 tot 50 jaar;Combinatie van sectoren;G-I Handel, vervoer en horeca;2011/'12;12;7;2;3;0;1;11;1;0;0;0;6;2;3;0
6819;Totaal mannen en vrouwen;45 tot 50 jaar;Combinatie van sectoren;G-I Handel, vervoer en horeca;2012/'13;8;3;5;0;0;0;8;0;0;0;0;3;5;0;0
6820;Totaal mannen en vrouwen;45 tot 50 jaar;Combinatie van sectoren;G-I Handel, vervoer en horeca;2013/'14;2;2;0;0;0;1;1;1;0;0;0;1;0;0;0
6821;Totaal mannen en vrouwen;45 tot 50 jaar;Combinatie van sectoren;G-I Handel, vervoer en horeca;2014/'15;1;1;0;0;0;0;1;0;0;0;0;1;0;0;0
6822;Totaal mannen en vrouwen;45 tot 50 jaar;Combinatie van sectoren;G-I Handel, vervoer en horeca;2015/'16;1;1;0;0;0;0;1;0;0;0;0;1;0;0;0
6823;Totaal mannen en vrouwen;45 tot 50 jaar;Combinatie van sectoren;G-I Handel, vervoer en horeca;2016/'17;4;4;0;0;0;0;4;0;0;0;0;4;0;0;0
6824;Totaal mannen en vrouwen;45 tot 50 jaar;Combinatie van sectoren;G-I Handel, vervoer en horeca;2017/'18;4;4;0;0;0;0;4;0;0;0;0;4;0;0;0
6825;Totaal mannen en vrouwen;45 tot 50 jaar;Combinatie van sectoren;G-I Handel, vervoer en horeca;2018/'19;3;3;0;0;0;0;3;0;0;0;0;3;0;0;0
6826;Totaal mannen en vrouwen;45 tot 50 jaar;Combinatie van sectoren;G-I Handel, vervoer en horeca;2019/'20;9;9;0;0;0;2;7;2;0;0;0;7;0;0;0
6827;Totaal mannen en vrouwen;45 tot 50 jaar;Combinatie van sectoren;G-I Handel, vervoer en horeca;2020/'21;6;6;0;0;0;2;4;2;0;0;0;4;0;0;0
6828;Totaal mannen en vrouwen;45 tot 50 jaar;Combinatie van sectoren;J Informatie en communicatie;2009/'10;0;0;0;0;0;0;0;0;0;0;0;0;0;0;0
6829;Totaal mannen en vrouwen;45 tot 50 jaar;Combinatie van sectoren;J Informatie en communicatie;2010/'11;0;0;0;0;0;0;0;0;0;0;0;0;0;0;0
6830;Totaal mannen en vrouwen;45 tot 50 jaar;Combinatie van sectoren;J Informatie en communicatie;2011/'12;4;0;0;4;0;0;4;0;0;0;0;0;0;4;0
6831;Totaal mannen en vrouwen;45 tot 50 jaar;Combinatie van sectoren;J Informatie en communicatie;2012/'13;0;0;0;0;0;0;0;0;0;0;0;0;0;0;0
6832;Totaal mannen en vrouwen;45 tot 50 jaar;Combinatie van sectoren;J Informatie en communicatie;2013/'14;0;0;0;0;0;0;0;0;0;0;0;0;0;0;0
6833;Totaal mannen en vrouwen;45 tot 50 jaar;Combinatie van sectoren;J Informatie en communicatie;2014/'15;0;0;0;0;0;0;0;0;0;0;0;0;0;0;0
6834;Totaal mannen en vrouwen;45 tot 50 jaar;Combinatie van sectoren;J Informatie en communicatie;2015/'16;0;0;0;0;0;0;0;0;0;0;0;0;0;0;0
6835;Totaal mannen en vrouwen;45 tot 50 jaar;Combinatie van sectoren;J Informatie en communicatie;2016/'17;0;0;0;0;0;0;0;0;0;0;0;0;0;0;0
6836;Totaal mannen en vrouwen;45 tot 50 jaar;Combinatie van sectoren;J Informatie en communicatie;2017/'18;0;0;0;0;0;0;0;0;0;0;0;0;0;0;0
6837;Totaal mannen en vrouwen;45 tot 50 jaar;Combinatie van sectoren;J Informatie en communicatie;2018/'19;0;0;0;0;0;0;0;0;0;0;0;0;0;0;0
6838;Totaal mannen en vrouwen;45 tot 50 jaar;Combinatie van sectoren;J Informatie en communicatie;2019/'20;0;0;0;0;0;0;0;0;0;0;0;0;0;0;0
6839;Totaal mannen en vrouwen;45 tot 50 jaar;Combinatie van sectoren;J Informatie en communicatie;2020/'21;0;0;0;0;0;0;0;0;0;0;0;0;0;0;0
6840;Totaal mannen en vrouwen;45 tot 50 jaar;Combinatie van sectoren;K Financiële dienstverlening;2009/'10;0;0;0;0;0;0;0;0;0;0;0;0;0;0;0
6841;Totaal mannen en vrouwen;45 tot 50 jaar;Combinatie van sectoren;K Financiële dienstverlening;2010/'11;4;4;0;0;0;0;4;0;0;0;0;4;0;0;0
6842;Totaal mannen en vrouwen;45 tot 50 jaar;Combinatie van sectoren;K Financiële dienstverlening;2011/'12;3;1;2;0;0;0;3;0;0;0;0;1;2;0;0
6843;Totaal mannen en vrouwen;45 tot 50 jaar;Combinatie van sectoren;K Financiële dienstverlening;2012/'13;0;0;0;0;0;0;0;0;0;0;0;0;0;0;0
6844;Totaal mannen en vrouwen;45 tot 50 jaar;Combinatie van sectoren;K Financiële dienstverlening;2013/'14;0;0;0;0;0;0;0;0;0;0;0;0;0;0;0
6845;Totaal mannen en vrouwen;45 tot 50 jaar;Combinatie van sectoren;K Financiële dienstverlening;2014/'15;0;0;0;0;0;0;0;0;0;0;0;0;0;0;0
6846;Totaal mannen en vrouwen;45 tot 50 jaar;Combinatie van sectoren;K Financiële dienstverlening;2015/'16;0;0;0;0;0;0;0;0;0;0;0;0;0;0;0
6847;Totaal mannen en vrouwen;45 tot 50 jaar;Combinatie van sectoren;K Financiële dienstverlening;2016/'17;0;0;0;0;0;0;0;0;0;0;0;0;0;0;0
6848;Totaal mannen en vrouwen;45 tot 50 jaar;Combinatie van sectoren;K Financiële dienstverlening;2017/'18;0;0;0;0;0;0;0;0;0;0;0;0;0;0;0
6849;Totaal mannen en vrouwen;45 tot 50 jaar;Combinatie van sectoren;K Financiële dienstverlening;2018/'19;0;0;0;0;0;0;0;0;0;0;0;0;0;0;0
6850;Totaal mannen en vrouwen;45 tot 50 jaar;Combinatie van sectoren;K Financiële dienstverlening;2019/'20;0;0;0;0;0;0;0;0;0;0;0;0;0;0;0
6851;Totaal mannen en vrouwen;45 tot 50 jaar;Combinatie van sectoren;K Financiële dienstverlening;2020/'21;0;0;0;0;0;0;0;0;0;0;0;0;0;0;0
6852;Totaal mannen en vrouwen;45 tot 50 jaar;Combinatie van sectoren;L Verhuur en handel van onroerend goed;2009/'10;5;5;0;0;0;0;5;0;0;0;0;5;0;0;0
6853;Totaal mannen en vrouwen;45 tot 50 jaar;Combinatie van sectoren;L Verhuur en handel van onroerend goed;2010/'11;1;1;0;0;0;0;1;0;0;0;0;1;0;0;0
6854;Totaal mannen en vrouwen;45 tot 50 jaar;Combinatie van sectoren;L Verhuur en handel van onroerend goed;2011/'12;0;0;0;0;0;0;0;0;0;0;0;0;0;0;0
6855;Totaal mannen en vrouwen;45 tot 50 jaar;Combinatie van sectoren;L Verhuur en handel van onroerend goed;2012/'13;0;0;0;0;0;0;0;0;0;0;0;0;0;0;0
6856;Totaal mannen en vrouwen;45 tot 50 jaar;Combinatie van sectoren;L Verhuur en handel van onroerend goed;2013/'14;0;0;0;0;0;0;0;0;0;0;0;0;0;0;0
6857;Totaal mannen en vrouwen;45 tot 50 jaar;Combinatie van sectoren;L Verhuur en handel van onroerend goed;2014/'15;0;0;0;0;0;0;0;0;0;0;0;0;0;0;0
6858;Totaal mannen en vrouwen;45 tot 50 jaar;Combinatie van sectoren;L Verhuur en handel van onroerend goed;2015/'16;0;0;0;0;0;0;0;0;0;0;0;0;0;0;0
6859;Totaal mannen en vrouwen;45 tot 50 jaar;Combinatie van sectoren;L Verhuur en handel van onroerend goed;2016/'17;0;0;0;0;0;0;0;0;0;0;0;0;0;0;0
6860;Totaal mannen en vrouwen;45 tot 50 jaar;Combinatie van sectoren;L Verhuur en handel van onroerend goed;2017/'18;0;0;0;0;0;0;0;0;0;0;0;0;0;0;0
6861;Totaal mannen en vrouwen;45 tot 50 jaar;Combinatie van sectoren;L Verhuur en handel van onroerend goed;2018/'19;0;0;0;0;0;0;0;0;0;0;0;0;0;0;0
6862;Totaal mannen en vrouwen;45 tot 50 jaar;Combinatie van sectoren;L Verhuur en handel van onroerend goed;2019/'20;0;0;0;0;0;0;0;0;0;0;0;0;0;0;0
6863;Totaal mannen en vrouwen;45 tot 50 jaar;Combinatie van sectoren;L Verhuur en handel van onroerend goed;2020/'21;0;0;0;0;0;0;0;0;0;0;0;0;0;0;0
6864;Totaal mannen en vrouwen;45 tot 50 jaar;Combinatie van sectoren;M-N Zakelijke dienstverlening;2009/'10;36;33;1;2;0;4;32;4;0;0;0;29;1;2;0
6865;Totaal mannen en vrouwen;45 tot 50 jaar;Combinatie van sectoren;M-N Zakelijke dienstverlening;2010/'11;27;24;3;0;0;4;23;4;0;0;0;20;3;0;0
6866;Totaal mannen en vrouwen;45 tot 50 jaar;Combinatie van sectoren;M-N Zakelijke dienstverlening;2011/'12;24;21;3;0;0;4;20;4;0;0;0;17;3;0;0
6867;Totaal mannen en vrouwen;45 tot 50 jaar;Combinatie van sectoren;M-N Zakelijke dienstverlening;2012/'13;24;23;1;0;0;3;21;3;0;0;0;20;1;0;0
6868;Totaal mannen en vrouwen;45 tot 50 jaar;Combinatie van sectoren;M-N Zakelijke dienstverlening;2013/'14;22;22;0;0;0;0;22;0;0;0;0;22;0;0;0
6869;Totaal mannen en vrouwen;45 tot 50 jaar;Combinatie van sectoren;M-N Zakelijke dienstverlening;2014/'15;17;17;0;0;0;1;16;1;0;0;0;16;0;0;0
6870;Totaal mannen en vrouwen;45 tot 50 jaar;Combinatie van sectoren;M-N Zakelijke dienstverlening;2015/'16;6;6;0;0;0;0;6;0;0;0;0;6;0;0;0
6871;Totaal mannen en vrouwen;45 tot 50 jaar;Combinatie van sectoren;M-N Zakelijke dienstverlening;2016/'17;12;12;0;0;0;0;12;0;0;0;0;12;0;0;0
6872;Totaal mannen en vrouwen;45 tot 50 jaar;Combinatie van sectoren;M-N Zakelijke dienstverlening;2017/'18;12;12;0;0;0;0;12;0;0;0;0;12;0;0;0
6873;Totaal mannen en vrouwen;45 tot 50 jaar;Combinatie van sectoren;M-N Zakelijke dienstverlening;2018/'19;24;24;0;0;0;2;22;2;0;0;0;22;0;0;0
6874;Totaal mannen en vrouwen;45 tot 50 jaar;Combinatie van sectoren;M-N Zakelijke dienstverlening;2019/'20;23;23;0;0;0;0;23;0;0;0;0;23;0;0;0
6875;Totaal mannen en vrouwen;45 tot 50 jaar;Combinatie van sectoren;M-N Zakelijke dienstverlening;2020/'21;25;24;1;0;0;3;22;3;0;0;0;21;1;0;0
6876;Totaal mannen en vrouwen;45 tot 50 jaar;Combinatie van sectoren;O-Q Overheid en zorg;2009/'10;55;55;0;0;0;2;53;2;0;0;0;53;0;0;0
6877;Totaal mannen en vrouwen;45 tot 50 jaar;Combinatie van sectoren;O-Q Overheid en zorg;2010/'11;30;30;0;0;0;1;29;1;0;0;0;29;0;0;0
6878;Totaal mannen en vrouwen;45 tot 50 jaar;Combinatie van sectoren;O-Q Overheid en zorg;2011/'12;33;31;0;1;1;0;33;0;0;0;0;31;0;1;1
6879;Totaal mannen en vrouwen;45 tot 50 jaar;Combinatie van sectoren;O-Q Overheid en zorg;2012/'13;32;32;0;0;0;0;32;0;0;0;0;32;0;0;0
6880;Totaal mannen en vrouwen;45 tot 50 jaar;Combinatie van sectoren;O-Q Overheid en zorg;2013/'14;28;28;0;0;0;0;28;0;0;0;0;28;0;0;0
6881;Totaal mannen en vrouwen;45 tot 50 jaar;Combinatie van sectoren;O-Q Overheid en zorg;2014/'15;19;19;0;0;0;0;19;0;0;0;0;19;0;0;0
6882;Totaal mannen en vrouwen;45 tot 50 jaar;Combinatie van sectoren;O-Q Overheid en zorg;2015/'16;6;6;0;0;0;0;6;0;0;0;0;6;0;0;0
6883;Totaal mannen en vrouwen;45 tot 50 jaar;Combinatie van sectoren;O-Q Overheid en zorg;2016/'17;8;8;0;0;0;0;8;0;0;0;0;8;0;0;0
6884;Totaal mannen en vrouwen;45 tot 50 jaar;Combinatie van sectoren;O-Q Overheid en zorg;2017/'18;14;14;0;0;0;0;14;0;0;0;0;14;0;0;0
6885;Totaal mannen en vrouwen;45 tot 50 jaar;Combinatie van sectoren;O-Q Overheid en zorg;2018/'19;14;14;0;0;0;0;14;0;0;0;0;14;0;0;0
6886;Totaal mannen en vrouwen;45 tot 50 jaar;Combinatie van sectoren;O-Q Overheid en zorg;2019/'20;28;24;4;0;0;1;27;1;0;0;0;23;4;0;0
6887;Totaal mannen en vrouwen;45 tot 50 jaar;Combinatie van sectoren;O-Q Overheid en zorg;2020/'21;15;15;0;0;0;1;14;1;0;0;0;14;0;0;0
6888;Totaal mannen en vrouwen;45 tot 50 jaar;Combinatie van sectoren;R-U Cultuur, recreatie, overige diensten;2009/'10;3;3;0;0;0;0;3;0;0;0;0;3;0;0;0
6889;Totaal mannen en vrouwen;45 tot 50 jaar;Combinatie van sectoren;R-U Cultuur, recreatie, overige diensten;2010/'11;2;2;0;0;0;0;2;0;0;0;0;2;0;0;0
6890;Totaal mannen en vrouwen;45 tot 50 jaar;Combinatie van sectoren;R-U Cultuur, recreatie, overige diensten;2011/'12;4;4;0;0;0;0;4;0;0;0;0;4;0;0;0
6891;Totaal mannen en vrouwen;45 tot 50 jaar;Combinatie van sectoren;R-U Cultuur, recreatie, overige diensten;2012/'13;1;1;0;0;0;0;1;0;0;0;0;1;0;0;0
6892;Totaal mannen en vrouwen;45 tot 50 jaar;Combinatie van sectoren;R-U Cultuur, recreatie, overige diensten;2013/'14;0;0;0;0;0;0;0;0;0;0;0;0;0;0;0
6893;Totaal mannen en vrouwen;45 tot 50 jaar;Combinatie van sectoren;R-U Cultuur, recreatie, overige diensten;2014/'15;0;0;0;0;0;0;0;0;0;0;0;0;0;0;0
6894;Totaal mannen en vrouwen;45 tot 50 jaar;Combinatie van sectoren;R-U Cultuur, recreatie, overige diensten;2015/'16;2;2;0;0;0;1;1;1;0;0;0;1;0;0;0
6895;Totaal mannen en vrouwen;45 tot 50 jaar;Combinatie van sectoren;R-U Cultuur, recreatie, overige diensten;2016/'17;0;0;0;0;0;0;0;0;0;0;0;0;0;0;0
6896;Totaal mannen en vrouwen;45 tot 50 jaar;Combinatie van sectoren;R-U Cultuur, recreatie, overige diensten;2017/'18;0;0;0;0;0;0;0;0;0;0;0;0;0;0;0
6897;Totaal mannen en vrouwen;45 tot 50 jaar;Combinatie van sectoren;R-U Cultuur, recreatie, overige diensten;2018/'19;1;0;1;0;0;0;1;0;0;0;0;0;1;0;0
6898;Totaal mannen en vrouwen;45 tot 50 jaar;Combinatie van sectoren;R-U Cultuur, recreatie, overige diensten;2019/'20;0;0;0;0;0;0;0;0;0;0;0;0;0;0;0
6899;Totaal mannen en vrouwen;45 tot 50 jaar;Combinatie van sectoren;R-U Cultuur, recreatie, overige diensten;2020/'21;3;3;0;0;0;0;3;0;0;0;0;3;0;0;0
6900;Totaal mannen en vrouwen;45 tot 50 jaar;Combinatie van sectoren;SBI-code onbekend;2009/'10;3;3;0;0;0;0;3;0;0;0;0;3;0;0;0
6901;Totaal mannen en vrouwen;45 tot 50 jaar;Combinatie van sectoren;SBI-code onbekend;2010/'11;0;0;0;0;0;0;0;0;0;0;0;0;0;0;0
6902;Totaal mannen en vrouwen;45 tot 50 jaar;Combinatie van sectoren;SBI-code onbekend;2011/'12;1;1;0;0;0;0;1;0;0;0;0;1;0;0;0
6903;Totaal mannen en vrouwen;45 tot 50 jaar;Combinatie van sectoren;SBI-code onbekend;2012/'13;3;3;0;0;0;1;2;1;0;0;0;2;0;0;0
6904;Totaal mannen en vrouwen;45 tot 50 jaar;Combinatie van sectoren;SBI-code onbekend;2013/'14;1;1;0;0;0;0;1;0;0;0;0;1;0;0;0
6905;Totaal mannen en vrouwen;45 tot 50 jaar;Combinatie van sectoren;SBI-code onbekend;2014/'15;0;0;0;0;0;0;0;0;0;0;0;0;0;0;0
6906;Totaal mannen en vrouwen;45 tot 50 jaar;Combinatie van sectoren;SBI-code onbekend;2015/'16;1;1;0;0;0;0;1;0;0;0;0;1;0;0;0
6907;Totaal mannen en vrouwen;45 tot 50 jaar;Combinatie van sectoren;SBI-code onbekend;2016/'17;0;0;0;0;0;0;0;0;0;0;0;0;0;0;0
6908;Totaal mannen en vrouwen;45 tot 50 jaar;Combinatie van sectoren;SBI-code onbekend;2017/'18;0;0;0;0;0;0;0;0;0;0;0;0;0;0;0
6909;Totaal mannen en vrouwen;45 tot 50 jaar;Combinatie van sectoren;SBI-code onbekend;2018/'19;0;0;0;0;0;0;0;0;0;0;0;0;0;0;0
6910;Totaal mannen en vrouwen;45 tot 50 jaar;Combinatie van sectoren;SBI-code onbekend;2019/'20;0;0;0;0;0;0;0;0;0;0;0;0;0;0;0
6911;Totaal mannen en vrouwen;45 tot 50 jaar;Combinatie van sectoren;SBI-code onbekend;2020/'21;0;0;0;0;0;0;0;0;0;0;0;0;0;0;0
6912;Totaal mannen en vrouwen;50 jaar of ouder;Totaal;A-U Alle economische activiteiten;2009/'10;7172;1480;3439;1325;928;338;6834;11;158;93;76;1469;3281;1232;852
6913;Totaal mannen en vrouwen;50 jaar of ouder;Totaal;A-U Alle economische activiteiten;2010/'11;5257;1432;2001;1058;766;211;5046;7;75;52;77;1425;1926;1006;689
6914;Totaal mannen en vrouwen;50 jaar of ouder;Totaal;A-U Alle economische activiteiten;2011/'12;4744;1126;2369;811;438;159;4585;6;70;40;43;1120;2299;771;395
6915;Totaal mannen en vrouwen;50 jaar of ouder;Totaal;A-U Alle economische activiteiten;2012/'13;4358;1012;1995;876;475;121;4237;3;51;34;33;1009;1944;842;442
6916;Totaal mannen en vrouwen;50 jaar of ouder;Totaal;A-U Alle economische activiteiten;2013/'14;1790;337;716;447;290;56;1734;0;22;9;25;337;694;438;265
6917;Totaal mannen en vrouwen;50 jaar of ouder;Totaal;A-U Alle economische activiteiten;2014/'15;1301;201;412;463;225;7;1294;1;2;2;2;200;410;461;223
6918;Totaal mannen en vrouwen;50 jaar of ouder;Totaal;A-U Alle economische activiteiten;2015/'16;1332;170;497;491;174;11;1321;2;4;4;1;168;493;487;173
6919;Totaal mannen en vrouwen;50 jaar of ouder;Totaal;A-U Alle economische activiteiten;2016/'17;1854;120;617;756;361;14;1840;0;8;4;2;120;609;752;359
6920;Totaal mannen en vrouwen;50 jaar of ouder;Totaal;A-U Alle economische activiteiten;2017/'18;1829;68;527;774;460;19;1810;0;6;9;4;68;521;765;456
6921;Totaal mannen en vrouwen;50 jaar of ouder;Totaal;A-U Alle economische activiteiten;2018/'19;2158;57;722;831;548;19;2139;0;7;6;6;57;715;825;542
6922;Totaal mannen en vrouwen;50 jaar of ouder;Totaal;A-U Alle economische activiteiten;2019/'20;2227;105;721;797;604;14;2213;2;5;5;2;103;716;792;602
6923;Totaal mannen en vrouwen;50 jaar of ouder;Totaal;A-U Alle economische activiteiten;2020/'21;2184;68;638;829;649;16;2168;1;5;2;8;67;633;827;641
6924;Totaal mannen en vrouwen;50 jaar of ouder;Totaal;A Landbouw, bosbouw en visserij;2009/'10;18;2;11;2;3;3;15;0;3;0;0;2;8;2;3
6925;Totaal mannen en vrouwen;50 jaar of ouder;Totaal;A Landbouw, bosbouw en visserij;2010/'11;16;3;7;5;1;0;16;0;0;0;0;3;7;5;1
6926;Totaal mannen en vrouwen;50 jaar of ouder;Totaal;A Landbouw, bosbouw en visserij;2011/'12;17;1;13;3;0;2;15;0;1;1;0;1;12;2;0
6927;Totaal mannen en vrouwen;50 jaar of ouder;Totaal;A Landbouw, bosbouw en visserij;2012/'13;12;2;5;5;0;1;11;0;0;1;0;2;5;4;0
6928;Totaal mannen en vrouwen;50 jaar of ouder;Totaal;A Landbouw, bosbouw en visserij;2013/'14;5;2;1;2;0;0;5;0;0;0;0;2;1;2;0
6929;Totaal mannen en vrouwen;50 jaar of ouder;Totaal;A Landbouw, bosbouw en visserij;2014/'15;1;0;0;1;0;0;1;0;0;0;0;0;0;1;0
6930;Totaal mannen en vrouwen;50 jaar of ouder;Totaal;A Landbouw, bosbouw en visserij;2015/'16;3;0;0;3;0;0;3;0;0;0;0;0;0;3;0
6931;Totaal mannen en vrouwen;50 jaar of ouder;Totaal;A Landbouw, bosbouw en visserij;2016/'17;6;1;3;2;0;0;6;0;0;0;0;1;3;2;0
6932;Totaal mannen en vrouwen;50 jaar of ouder;Totaal;A Landbouw, bosbouw en visserij;2017/'18;16;0;3;10;3;0;16;0;0;0;0;0;3;10;3
6933;Totaal mannen en vrouwen;50 jaar of ouder;Totaal;A Landbouw, bosbouw en visserij;2018/'19;9;0;3;5;1;0;9;0;0;0;0;0;3;5;1
6934;Totaal mannen en vrouwen;50 jaar of ouder;Totaal;A Landbouw, bosbouw en visserij;2019/'20;15;1;4;10;0;2;13;0;1;1;0;1;3;9;0
6935;Totaal mannen en vrouwen;50 jaar of ouder;Totaal;A Landbouw, bosbouw en visserij;2020/'21;23;1;5;11;6;1;22;0;0;0;1;1;5;11;5
6936;Totaal mannen en vrouwen;50 jaar of ouder;Totaal;B-E Nijverheid (geen bouw) en energie;2009/'10;1717;1007;404;207;99;46;1671;3;19;14;10;1004;385;193;89
6937;Totaal mannen en vrouwen;50 jaar of ouder;Totaal;B-E Nijverheid (geen bouw) en energie;2010/'11;1621;1041;395;101;84;16;1605;1;5;4;6;1040;390;97;78
6938;Totaal mannen en vrouwen;50 jaar of ouder;Totaal;B-E Nijverheid (geen bouw) en energie;2011/'12;1125;684;316;94;31;8;1117;0;5;1;2;684;311;93;29
6939;Totaal mannen en vrouwen;50 jaar of ouder;Totaal;B-E Nijverheid (geen bouw) en energie;2012/'13;1046;554;374;96;22;10;1036;0;6;1;3;554;368;95;19
6940;Totaal mannen en vrouwen;50 jaar of ouder;Totaal;B-E Nijverheid (geen bouw) en energie;2013/'14;383;206;118;43;16;2;381;0;1;1;0;206;117;42;16
6941;Totaal mannen en vrouwen;50 jaar of ouder;Totaal;B-E Nijverheid (geen bouw) en energie;2014/'15;220;117;46;50;7;0;220;0;0;0;0;117;46;50;7
6942;Totaal mannen en vrouwen;50 jaar of ouder;Totaal;B-E Nijverheid (geen bouw) en energie;2015/'16;281;92;110;68;11;0;281;0;0;0;0;92;110;68;11
6943;Totaal mannen en vrouwen;50 jaar of ouder;Totaal;B-E Nijverheid (geen bouw) en energie;2016/'17;294;82;119;84;9;0;294;0;0;0;0;82;119;84;9
6944;Totaal mannen en vrouwen;50 jaar of ouder;Totaal;B-E Nijverheid (geen bouw) en energie;2017/'18;148;26;45;58;19;1;147;0;0;1;0;26;45;57;19
6945;Totaal mannen en vrouwen;50 jaar of ouder;Totaal;B-E Nijverheid (geen bouw) en energie;2018/'19;177;14;95;44;24;4;173;0;4;0;0;14;91;44;24
6946;Totaal mannen en vrouwen;50 jaar of ouder;Totaal;B-E Nijverheid (geen bouw) en energie;2019/'20;164;20;52;56;36;1;163;1;0;0;0;19;52;56;36
6947;Totaal mannen en vrouwen;50 jaar of ouder;Totaal;B-E Nijverheid (geen bouw) en energie;2020/'21;139;8;46;42;43;4;135;0;2;0;2;8;44;42;41
6948;Totaal mannen en vrouwen;50 jaar of ouder;Totaal;F Bouwnijverheid;2009/'10;415;2;156;163;94;8;407;0;7;1;0;2;149;162;94
6949;Totaal mannen en vrouwen;50 jaar of ouder;Totaal;F Bouwnijverheid;2010/'11;163;2;95;38;28;3;160;0;2;0;1;2;93;38;27
6950;Totaal mannen en vrouwen;50 jaar of ouder;Totaal;F Bouwnijverheid;2011/'12;103;10;58;23;12;3;100;0;3;0;0;10;55;23;12
6951;Totaal mannen en vrouwen;50 jaar of ouder;Totaal;F Bouwnijverheid;2012/'13;78;0;49;18;11;1;77;0;1;0;0;0;48;18;11
6952;Totaal mannen en vrouwen;50 jaar of ouder;Totaal;F Bouwnijverheid;2013/'14;14;0;6;5;3;3;11;0;0;2;1;0;6;3;2
6953;Totaal mannen en vrouwen;50 jaar of ouder;Totaal;F Bouwnijverheid;2014/'15;13;0;6;3;4;0;13;0;0;0;0;0;6;3;4
6954;Totaal mannen en vrouwen;50 jaar of ouder;Totaal;F Bouwnijverheid;2015/'16;25;1;9;12;3;0;25;0;0;0;0;1;9;12;3
6955;Totaal mannen en vrouwen;50 jaar of ouder;Totaal;F Bouwnijverheid;2016/'17;16;0;5;7;4;2;14;0;2;0;0;0;3;7;4
6956;Totaal mannen en vrouwen;50 jaar of ouder;Totaal;F Bouwnijverheid;2017/'18;24;0;9;8;7;4;20;0;3;1;0;0;6;7;7
6957;Totaal mannen en vrouwen;50 jaar of ouder;Totaal;F Bouwnijverheid;2018/'19;42;2;15;14;11;1;41;0;0;0;1;2;15;14;10
6958;Totaal mannen en vrouwen;50 jaar of ouder;Totaal;F Bouwnijverheid;2019/'20;39;0;14;17;8;1;38;0;0;1;0;0;14;16;8
6959;Totaal mannen en vrouwen;50 jaar of ouder;Totaal;F Bouwnijverheid;2020/'21;45;0;12;19;14;1;44;0;0;1;0;0;12;18;14
6960;Totaal mannen en vrouwen;50 jaar of ouder;Totaal;G-I Handel, vervoer en horeca;2009/'10;2097;89;1786;141;81;53;2044;2;28;12;11;87;1758;129;70
6961;Totaal mannen en vrouwen;50 jaar of ouder;Totaal;G-I Handel, vervoer en horeca;2010/'11;1047;67;807;84;89;25;1022;0;9;7;9;67;798;77;80
6962;Totaal mannen en vrouwen;50 jaar of ouder;Totaal;G-I Handel, vervoer en horeca;2011/'12;1289;56;1098;83;52;30;1259;1;12;6;11;55;1086;77;41
6963;Totaal mannen en vrouwen;50 jaar of ouder;Totaal;G-I Handel, vervoer en horeca;2012/'13;985;92;703;123;67;17;968;0;7;7;3;92;696;116;64
6964;Totaal mannen en vrouwen;50 jaar of ouder;Totaal;G-I Handel, vervoer en horeca;2013/'14;190;5;92;45;48;9;181;0;3;1;5;5;89;44;43
6965;Totaal mannen en vrouwen;50 jaar of ouder;Totaal;G-I Handel, vervoer en horeca;2014/'15;119;5;40;47;27;1;118;0;0;0;1;5;40;47;26
6966;Totaal mannen en vrouwen;50 jaar of ouder;Totaal;G-I Handel, vervoer en horeca;2015/'16;124;5;68;32;19;1;123;0;1;0;0;5;67;32;19
6967;Totaal mannen en vrouwen;50 jaar of ouder;Totaal;G-I Handel, vervoer en horeca;2016/'17;171;7;67;42;55;4;167;0;2;1;1;7;65;41;54
6968;Totaal mannen en vrouwen;50 jaar of ouder;Totaal;G-I Handel, vervoer en horeca;2017/'18;182;4;65;66;47;4;178;0;2;1;1;4;63;65;46
6969;Totaal mannen en vrouwen;50 jaar of ouder;Totaal;G-I Handel, vervoer en horeca;2018/'19;345;5;117;153;70;3;342;0;0;1;2;5;117;152;68
6970;Totaal mannen en vrouwen;50 jaar of ouder;Totaal;G-I Handel, vervoer en horeca;2019/'20;441;12;141;193;95;4;437;0;2;2;0;12;139;191;95
6971;Totaal mannen en vrouwen;50 jaar of ouder;Totaal;G-I Handel, vervoer en horeca;2020/'21;424;2;117;178;127;1;423;0;0;0;1;2;117;178;126
6972;Totaal mannen en vrouwen;50 jaar of ouder;Totaal;J Informatie en communicatie;2009/'10;44;0;20;6;18;4;40;0;3;1;0;0;17;5;18
6973;Totaal mannen en vrouwen;50 jaar of ouder;Totaal;J Informatie en communicatie;2010/'11;36;1;18;7;10;7;29;0;5;1;1;1;13;6;9
6974;Totaal mannen en vrouwen;50 jaar of ouder;Totaal;J Informatie en communicatie;2011/'12;36;5;11;15;5;6;30;0;4;0;2;5;7;15;3
6975;Totaal mannen en vrouwen;50 jaar of ouder;Totaal;J Informatie en communicatie;2012/'13;14;1;5;5;3;4;10;0;1;1;2;1;4;4;1
6976;Totaal mannen en vrouwen;50 jaar of ouder;Totaal;J Informatie en communicatie;2013/'14;6;0;6;0;0;1;5;0;1;0;0;0;5;0;0
6977;Totaal mannen en vrouwen;50 jaar of ouder;Totaal;J Informatie en communicatie;2014/'15;6;0;3;3;0;0;6;0;0;0;0;0;3;3;0
6978;Totaal mannen en vrouwen;50 jaar of ouder;Totaal;J Informatie en communicatie;2015/'16;1;0;1;0;0;0;1;0;0;0;0;0;1;0;0
6979;Totaal mannen en vrouwen;50 jaar of ouder;Totaal;J Informatie en communicatie;2016/'17;10;0;4;3;3;1;9;0;1;0;0;0;3;3;3
6980;Totaal mannen en vrouwen;50 jaar of ouder;Totaal;J Informatie en communicatie;2017/'18;17;0;5;10;2;0;17;0;0;0;0;0;5;10;2
6981;Totaal mannen en vrouwen;50 jaar of ouder;Totaal;J Informatie en communicatie;2018/'19;25;0;8;9;8;2;23;0;0;2;0;0;8;7;8
6982;Totaal mannen en vrouwen;50 jaar of ouder;Totaal;J Informatie en communicatie;2019/'20;19;0;2;11;6;0;19;0;0;0;0;0;2;11;6
6983;Totaal mannen en vrouwen;50 jaar of ouder;Totaal;J Informatie en communicatie;2020/'21;20;0;5;9;6;0;20;0;0;0;0;0;5;9;6
6984;Totaal mannen en vrouwen;50 jaar of ouder;Totaal;K Financiële dienstverlening;2009/'10;187;2;25;8;152;9;178;1;4;0;4;1;21;8;148
6985;Totaal mannen en vrouwen;50 jaar of ouder;Totaal;K Financiële dienstverlening;2010/'11;91;16;7;10;58;9;82;0;1;2;6;16;6;8;52
6986;Totaal mannen en vrouwen;50 jaar of ouder;Totaal;K Financiële dienstverlening;2011/'12;67;1;11;13;42;9;58;0;2;2;5;1;9;11;37
6987;Totaal mannen en vrouwen;50 jaar of ouder;Totaal;K Financiële dienstverlening;2012/'13;55;0;12;9;34;11;44;0;7;1;3;0;5;8;31
6988;Totaal mannen en vrouwen;50 jaar of ouder;Totaal;K Financiële dienstverlening;2013/'14;21;0;4;5;12;4;17;0;1;0;3;0;3;5;9
6989;Totaal mannen en vrouwen;50 jaar of ouder;Totaal;K Financiële dienstverlening;2014/'15;15;1;5;3;6;0;15;0;0;0;0;1;5;3;6
6990;Totaal mannen en vrouwen;50 jaar of ouder;Totaal;K Financiële dienstverlening;2015/'16;10;1;4;4;1;0;10;0;0;0;0;1;4;4;1
6991;Totaal mannen en vrouwen;50 jaar of ouder;Totaal;K Financiële dienstverlening;2016/'17;13;0;2;8;3;0;13;0;0;0;0;0;2;8;3
6992;Totaal mannen en vrouwen;50 jaar of ouder;Totaal;K Financiële dienstverlening;2017/'18;48;0;6;13;29;1;47;0;0;0;1;0;6;13;28
6993;Totaal mannen en vrouwen;50 jaar of ouder;Totaal;K Financiële dienstverlening;2018/'19;51;0;7;19;25;2;49;0;0;1;1;0;7;18;24
6994;Totaal mannen en vrouwen;50 jaar of ouder;Totaal;K Financiële dienstverlening;2019/'20;39;1;2;15;21;0;39;0;0;0;0;1;2;15;21
6995;Totaal mannen en vrouwen;50 jaar of ouder;Totaal;K Financiële dienstverlening;2020/'21;16;0;3;8;5;0;16;0;0;0;0;0;3;8;5
6996;Totaal mannen en vrouwen;50 jaar of ouder;Totaal;L Verhuur en handel van onroerend goed;2009/'10;30;13;12;4;1;2;28;0;1;0;1;13;11;4;0
6997;Totaal mannen en vrouwen;50 jaar of ouder;Totaal;L Verhuur en handel van onroerend goed;2010/'11;22;2;6;9;5;2;20;0;0;0;2;2;6;9;3
6998;Totaal mannen en vrouwen;50 jaar of ouder;Totaal;L Verhuur en handel van onroerend goed;2011/'12;17;0;16;0;1;0;17;0;0;0;0;0;16;0;1
6999;Totaal mannen en vrouwen;50 jaar of ouder;Totaal;L Verhuur en handel van onroerend goed;2012/'13;15;0;13;1;1;0;15;0;0;0;0;0;13;1;1
7000;Totaal mannen en vrouwen;50 jaar of ouder;Totaal;L Verhuur en handel van onroerend goed;2013/'14;19;0;18;1;0;1;18;0;1;0;0;0;17;1;0
7001;Totaal mannen en vrouwen;50 jaar of ouder;Totaal;L Verhuur en handel van onroerend goed;2014/'15;3;0;3;0;0;0;3;0;0;0;0;0;3;0;0
7002;Totaal mannen en vrouwen;50 jaar of ouder;Totaal;L Verhuur en handel van onroerend goed;2015/'16;12;0;12;0;0;0;12;0;0;0;0;0;12;0;0
7003;Totaal mannen en vrouwen;50 jaar of ouder;Totaal;L Verhuur en handel van onroerend goed;2016/'17;22;1;17;4;0;0;22;0;0;0;0;1;17;4;0
7004;Totaal mannen en vrouwen;50 jaar of ouder;Totaal;L Verhuur en handel van onroerend goed;2017/'18;10;0;2;6;2;0;10;0;0;0;0;0;2;6;2
7005;Totaal mannen en vrouwen;50 jaar of ouder;Totaal;L Verhuur en handel van onroerend goed;2018/'19;16;0;8;6;2;1;15;0;1;0;0;0;7;6;2
7006;Totaal mannen en vrouwen;50 jaar of ouder;Totaal;L Verhuur en handel van onroerend goed;2019/'20;9;0;0;6;3;0;9;0;0;0;0;0;0;6;3
7007;Totaal mannen en vrouwen;50 jaar of ouder;Totaal;L Verhuur en handel van onroerend goed;2020/'21;11;0;0;9;2;0;11;0;0;0;0;0;0;9;2
7008;Totaal mannen en vrouwen;50 jaar of ouder;Totaal;M-N Zakelijke dienstverlening;2009/'10;718;119;297;169;133;53;665;4;27;16;6;115;270;153;127
7009;Totaal mannen en vrouwen;50 jaar of ouder;Totaal;M-N Zakelijke dienstverlening;2010/'11;562;118;162;228;54;36;526;5;13;9;9;113;149;219;45
7010;Totaal mannen en vrouwen;50 jaar of ouder;Totaal;M-N Zakelijke dienstverlening;2011/'12;387;80;184;86;37;19;368;2;11;3;3;78;173;83;34
7011;Totaal mannen en vrouwen;50 jaar of ouder;Totaal;M-N Zakelijke dienstverlening;2012/'13;388;128;157;82;21;14;374;2;3;6;3;126;154;76;18
7012;Totaal mannen en vrouwen;50 jaar of ouder;Totaal;M-N Zakelijke dienstverlening;2013/'14;136;32;64;21;19;5;131;0;1;0;4;32;63;21;15
7013;Totaal mannen en vrouwen;50 jaar of ouder;Totaal;M-N Zakelijke dienstverlening;2014/'15;93;23;41;15;14;1;92;0;0;1;0;23;41;14;14
7014;Totaal mannen en vrouwen;50 jaar of ouder;Totaal;M-N Zakelijke dienstverlening;2015/'16;103;12;56;24;11;3;100;1;1;1;0;11;55;23;11
7015;Totaal mannen en vrouwen;50 jaar of ouder;Totaal;M-N Zakelijke dienstverlening;2016/'17;145;13;72;49;11;2;143;0;1;1;0;13;71;48;11
7016;Totaal mannen en vrouwen;50 jaar of ouder;Totaal;M-N Zakelijke dienstverlening;2017/'18;257;21;98;112;26;4;253;0;1;2;1;21;97;110;25
7017;Totaal mannen en vrouwen;50 jaar of ouder;Totaal;M-N Zakelijke dienstverlening;2018/'19;322;21;118;138;45;1;321;0;1;0;0;21;117;138;45
7018;Totaal mannen en vrouwen;50 jaar of ouder;Totaal;M-N Zakelijke dienstverlening;2019/'20;353;28;142;120;63;4;349;1;0;1;2;27;142;119;61
7019;Totaal mannen en vrouwen;50 jaar of ouder;Totaal;M-N Zakelijke dienstverlening;2020/'21;298;26;81;112;79;5;293;0;2;1;2;26;79;111;77
7020;Totaal mannen en vrouwen;50 jaar of ouder;Totaal;O-Q Overheid en zorg;2009/'10;1628;233;539;572;284;108;1520;0;37;35;36;233;502;537;248
7021;Totaal mannen en vrouwen;50 jaar of ouder;Totaal;O-Q Overheid en zorg;2010/'11;1508;157;421;535;395;87;1421;1;28;23;35;156;393;512;360
7022;Totaal mannen en vrouwen;50 jaar of ouder;Totaal;O-Q Overheid en zorg;2011/'12;1411;155;565;452;239;70;1341;2;27;22;19;153;538;430;220
7023;Totaal mannen en vrouwen;50 jaar of ouder;Totaal;O-Q Overheid en zorg;2012/'13;1529;146;593;496;294;43;1486;1;17;11;14;145;576;485;280
7024;Totaal mannen en vrouwen;50 jaar of ouder;Totaal;O-Q Overheid en zorg;2013/'14;949;82;381;304;182;24;925;0;12;4;8;82;369;300;174
7025;Totaal mannen en vrouwen;50 jaar of ouder;Totaal;O-Q Overheid en zorg;2014/'15;776;39;248;330;159;3;773;1;0;1;1;38;248;329;158
7026;Totaal mannen en vrouwen;50 jaar of ouder;Totaal;O-Q Overheid en zorg;2015/'16;729;59;209;337;124;6;723;1;1;3;1;58;208;334;123
7027;Totaal mannen en vrouwen;50 jaar of ouder;Totaal;O-Q Overheid en zorg;2016/'17;1143;15;316;548;264;5;1138;0;2;2;1;15;314;546;263
7028;Totaal mannen en vrouwen;50 jaar of ouder;Totaal;O-Q Overheid en zorg;2017/'18;1068;16;279;459;314;3;1065;0;0;2;1;16;279;457;313
7029;Totaal mannen en vrouwen;50 jaar of ouder;Totaal;O-Q Overheid en zorg;2018/'19;1082;13;327;403;339;4;1078;0;1;1;2;13;326;402;337
7030;Totaal mannen en vrouwen;50 jaar of ouder;Totaal;O-Q Overheid en zorg;2019/'20;1066;41;338;336;351;1;1065;0;1;0;0;41;337;336;351
7031;Totaal mannen en vrouwen;50 jaar of ouder;Totaal;O-Q Overheid en zorg;2020/'21;1093;28;353;376;336;1;1092;0;0;0;1;28;353;376;335
7032;Totaal mannen en vrouwen;50 jaar of ouder;Totaal;R-U Cultuur, recreatie, overige diensten;2009/'10;179;9;81;36;53;21;158;0;11;6;4;9;70;30;49
7033;Totaal mannen en vrouwen;50 jaar of ouder;Totaal;R-U Cultuur, recreatie, overige diensten;2010/'11;101;24;27;22;28;7;94;0;4;2;1;24;23;20;27
7034;Totaal mannen en vrouwen;50 jaar of ouder;Totaal;R-U Cultuur, recreatie, overige diensten;2011/'12;206;130;45;22;9;4;202;0;3;1;0;130;42;21;9
7035;Totaal mannen en vrouwen;50 jaar of ouder;Totaal;R-U Cultuur, recreatie, overige diensten;2012/'13;159;87;48;13;11;7;152;0;5;2;0;87;43;11;11
7036;Totaal mannen en vrouwen;50 jaar of ouder;Totaal;R-U Cultuur, recreatie, overige diensten;2013/'14;34;10;13;8;3;3;31;0;2;0;1;10;11;8;2
7037;Totaal mannen en vrouwen;50 jaar of ouder;Totaal;R-U Cultuur, recreatie, overige diensten;2014/'15;31;16;7;5;3;1;30;0;1;0;0;16;6;5;3
7038;Totaal mannen en vrouwen;50 jaar of ouder;Totaal;R-U Cultuur, recreatie, overige diensten;2015/'16;34;0;26;5;3;1;33;0;1;0;0;0;25;5;3
7039;Totaal mannen en vrouwen;50 jaar of ouder;Totaal;R-U Cultuur, recreatie, overige diensten;2016/'17;26;0;9;8;9;0;26;0;0;0;0;0;9;8;9
7040;Totaal mannen en vrouwen;50 jaar of ouder;Totaal;R-U Cultuur, recreatie, overige diensten;2017/'18;46;1;11;26;8;2;44;0;0;2;0;1;11;24;8
7041;Totaal mannen en vrouwen;50 jaar of ouder;Totaal;R-U Cultuur, recreatie, overige diensten;2018/'19;69;1;14;31;23;1;68;0;0;1;0;1;14;30;23
7042;Totaal mannen en vrouwen;50 jaar of ouder;Totaal;R-U Cultuur, recreatie, overige diensten;2019/'20;64;1;19;26;18;0;64;0;0;0;0;1;19;26;18
7043;Totaal mannen en vrouwen;50 jaar of ouder;Totaal;R-U Cultuur, recreatie, overige diensten;2020/'21;101;2;15;54;30;2;99;1;1;0;0;1;14;54;30
7044;Totaal mannen en vrouwen;50 jaar of ouder;Totaal;SBI-code onbekend;2009/'10;139;4;108;17;10;31;108;1;18;8;4;3;90;9;6
7045;Totaal mannen en vrouwen;50 jaar of ouder;Totaal;SBI-code onbekend;2010/'11;90;1;56;19;14;19;71;0;8;4;7;1;48;15;7
7046;Totaal mannen en vrouwen;50 jaar of ouder;Totaal;SBI-code onbekend;2011/'12;86;4;52;20;10;8;78;1;2;4;1;3;50;16;9
7047;Totaal mannen en vrouwen;50 jaar of ouder;Totaal;SBI-code onbekend;2012/'13;77;2;36;28;11;13;64;0;4;4;5;2;32;24;6
7048;Totaal mannen en vrouwen;50 jaar of ouder;Totaal;SBI-code onbekend;2013/'14;33;0;13;13;7;4;29;0;0;1;3;0;13;12;4
7049;Totaal mannen en vrouwen;50 jaar of ouder;Totaal;SBI-code onbekend;2014/'15;24;0;13;6;5;1;23;0;1;0;0;0;12;6;5
7050;Totaal mannen en vrouwen;50 jaar of ouder;Totaal;SBI-code onbekend;2015/'16;10;0;2;6;2;0;10;0;0;0;0;0;2;6;2
7051;Totaal mannen en vrouwen;50 jaar of ouder;Totaal;SBI-code onbekend;2016/'17;8;1;3;1;3;0;8;0;0;0;0;1;3;1;3
7052;Totaal mannen en vrouwen;50 jaar of ouder;Totaal;SBI-code onbekend;2017/'18;13;0;4;6;3;0;13;0;0;0;0;0;4;6;3
7053;Totaal mannen en vrouwen;50 jaar of ouder;Totaal;SBI-code onbekend;2018/'19;20;1;10;9;0;0;20;0;0;0;0;1;10;9;0
7054;Totaal mannen en vrouwen;50 jaar of ouder;Totaal;SBI-code onbekend;2019/'20;18;1;7;7;3;1;17;0;1;0;0;1;6;7;3
7055;Totaal mannen en vrouwen;50 jaar of ouder;Totaal;SBI-code onbekend;2020/'21;14;1;1;11;1;1;13;0;0;0;1;1;1;11;0
7056;Totaal mannen en vrouwen;50 jaar of ouder;Sector landbouw;A-U Alle economische activiteiten;2009/'10;622;345;128;131;18;8;614;0;0;8;0;345;128;123;18
7057;Totaal mannen en vrouwen;50 jaar of ouder;Sector landbouw;A-U Alle economische activiteiten;2010/'11;733;458;185;66;24;5;728;0;0;3;2;458;185;63;22
7058;Totaal mannen en vrouwen;50 jaar of ouder;Sector landbouw;A-U Alle economische activiteiten;2011/'12;668;391;165;90;22;3;665;0;0;3;0;391;165;87;22
7059;Totaal mannen en vrouwen;50 jaar of ouder;Sector landbouw;A-U Alle economische activiteiten;2012/'13;553;335;141;71;6;1;552;0;0;0;1;335;141;71;5
7060;Totaal mannen en vrouwen;50 jaar of ouder;Sector landbouw;A-U Alle economische activiteiten;2013/'14;191;114;57;12;8;1;190;0;0;0;1;114;57;12;7
7061;Totaal mannen en vrouwen;50 jaar of ouder;Sector landbouw;A-U Alle economische activiteiten;2014/'15;112;44;26;37;5;0;112;0;0;0;0;44;26;37;5
7062;Totaal mannen en vrouwen;50 jaar of ouder;Sector landbouw;A-U Alle economische activiteiten;2015/'16;145;33;44;60;8;0;145;0;0;0;0;33;44;60;8
7063;Totaal mannen en vrouwen;50 jaar of ouder;Sector landbouw;A-U Alle economische activiteiten;2016/'17;70;0;39;22;9;0;70;0;0;0;0;0;39;22;9
7064;Totaal mannen en vrouwen;50 jaar of ouder;Sector landbouw;A-U Alle economische activiteiten;2017/'18;62;0;23;33;6;1;61;0;1;0;0;0;22;33;6
7065;Totaal mannen en vrouwen;50 jaar of ouder;Sector landbouw;A-U Alle economische activiteiten;2018/'19;59;0;26;26;7;0;59;0;0;0;0;0;26;26;7
7066;Totaal mannen en vrouwen;50 jaar of ouder;Sector landbouw;A-U Alle economische activiteiten;2019/'20;52;0;15;34;3;0;52;0;0;0;0;0;15;34;3
7067;Totaal mannen en vrouwen;50 jaar of ouder;Sector landbouw;A-U Alle economische activiteiten;2020/'21;41;13;6;21;1;0;41;0;0;0;0;13;6;21;1
7068;Totaal mannen en vrouwen;50 jaar of ouder;Sector landbouw;A Landbouw, bosbouw en visserij;2009/'10;4;0;2;1;1;0;4;0;0;0;0;0;2;1;1
7069;Totaal mannen en vrouwen;50 jaar of ouder;Sector landbouw;A Landbouw, bosbouw en visserij;2010/'11;3;0;2;1;0;0;3;0;0;0;0;0;2;1;0
7070;Totaal mannen en vrouwen;50 jaar of ouder;Sector landbouw;A Landbouw, bosbouw en visserij;2011/'12;0;0;0;0;0;0;0;0;0;0;0;0;0;0;0
7071;Totaal mannen en vrouwen;50 jaar of ouder;Sector landbouw;A Landbouw, bosbouw en visserij;2012/'13;7;2;2;3;0;0;7;0;0;0;0;2;2;3;0
7072;Totaal mannen en vrouwen;50 jaar of ouder;Sector landbouw;A Landbouw, bosbouw en visserij;2013/'14;3;2;1;0;0;0;3;0;0;0;0;2;1;0;0
7073;Totaal mannen en vrouwen;50 jaar of ouder;Sector landbouw;A Landbouw, bosbouw en visserij;2014/'15;0;0;0;0;0;0;0;0;0;0;0;0;0;0;0
7074;Totaal mannen en vrouwen;50 jaar of ouder;Sector landbouw;A Landbouw, bosbouw en visserij;2015/'16;0;0;0;0;0;0;0;0;0;0;0;0;0;0;0
7075;Totaal mannen en vrouwen;50 jaar of ouder;Sector landbouw;A Landbouw, bosbouw en visserij;2016/'17;0;0;0;0;0;0;0;0;0;0;0;0;0;0;0
7076;Totaal mannen en vrouwen;50 jaar of ouder;Sector landbouw;A Landbouw, bosbouw en visserij;2017/'18;0;0;0;0;0;0;0;0;0;0;0;0;0;0;0
7077;Totaal mannen en vrouwen;50 jaar of ouder;Sector landbouw;A Landbouw, bosbouw en visserij;2018/'19;1;0;1;0;0;0;1;0;0;0;0;0;1;0;0
7078;Totaal mannen en vrouwen;50 jaar of ouder;Sector landbouw;A Landbouw, bosbouw en visserij;2019/'20;0;0;0;0;0;0;0;0;0;0;0;0;0;0;0
7079;Totaal mannen en vrouwen;50 jaar of ouder;Sector landbouw;A Landbouw, bosbouw en visserij;2020/'21;2;1;0;1;0;0;2;0;0;0;0;1;0;1;0
7080;Totaal mannen en vrouwen;50 jaar of ouder;Sector landbouw;B-E Nijverheid (geen bouw) en energie;2009/'10;394;264;56;68;6;0;394;0;0;0;0;264;56;68;6
7081;Totaal mannen en vrouwen;50 jaar of ouder;Sector landbouw;B-E Nijverheid (geen bouw) en energie;2010/'11;552;385;129;32;6;0;552;0;0;0;0;385;129;32;6
7082;Totaal mannen en vrouwen;50 jaar of ouder;Sector landbouw;B-E Nijverheid (geen bouw) en energie;2011/'12;454;320;101;32;1;1;453;0;0;1;0;320;101;31;1
7083;Totaal mannen en vrouwen;50 jaar of ouder;Sector landbouw;B-E Nijverheid (geen bouw) en energie;2012/'13;326;242;63;20;1;0;326;0;0;0;0;242;63;20;1
7084;Totaal mannen en vrouwen;50 jaar of ouder;Sector landbouw;B-E Nijverheid (geen bouw) en energie;2013/'14;156;105;44;3;4;0;156;0;0;0;0;105;44;3;4
7085;Totaal mannen en vrouwen;50 jaar of ouder;Sector landbouw;B-E Nijverheid (geen bouw) en energie;2014/'15;53;38;9;6;0;0;53;0;0;0;0;38;9;6;0
7086;Totaal mannen en vrouwen;50 jaar of ouder;Sector landbouw;B-E Nijverheid (geen bouw) en energie;2015/'16;57;31;9;12;5;0;57;0;0;0;0;31;9;12;5
7087;Totaal mannen en vrouwen;50 jaar of ouder;Sector landbouw;B-E Nijverheid (geen bouw) en energie;2016/'17;25;0;17;6;2;0;25;0;0;0;0;0;17;6;2
7088;Totaal mannen en vrouwen;50 jaar of ouder;Sector landbouw;B-E Nijverheid (geen bouw) en energie;2017/'18;21;0;8;11;2;0;21;0;0;0;0;0;8;11;2
7089;Totaal mannen en vrouwen;50 jaar of ouder;Sector landbouw;B-E Nijverheid (geen bouw) en energie;2018/'19;22;0;16;4;2;0;22;0;0;0;0;0;16;4;2
7090;Totaal mannen en vrouwen;50 jaar of ouder;Sector landbouw;B-E Nijverheid (geen bouw) en energie;2019/'20;13;0;6;5;2;0;13;0;0;0;0;0;6;5;2
7091;Totaal mannen en vrouwen;50 jaar of ouder;Sector landbouw;B-E Nijverheid (geen bouw) en energie;2020/'21;5;2;0;3;0;0;5;0;0;0;0;2;0;3;0
7092;Totaal mannen en vrouwen;50 jaar of ouder;Sector landbouw;F Bouwnijverheid;2009/'10;2;1;0;1;0;0;2;0;0;0;0;1;0;1;0
7093;Totaal mannen en vrouwen;50 jaar of ouder;Sector landbouw;F Bouwnijverheid;2010/'11;2;1;0;1;0;0;2;0;0;0;0;1;0;1;0
7094;Totaal mannen en vrouwen;50 jaar of ouder;Sector landbouw;F Bouwnijverheid;2011/'12;0;0;0;0;0;0;0;0;0;0;0;0;0;0;0
7095;Totaal mannen en vrouwen;50 jaar of ouder;Sector landbouw;F Bouwnijverheid;2012/'13;1;0;1;0;0;0;1;0;0;0;0;0;1;0;0
7096;Totaal mannen en vrouwen;50 jaar of ouder;Sector landbouw;F Bouwnijverheid;2013/'14;0;0;0;0;0;0;0;0;0;0;0;0;0;0;0
7097;Totaal mannen en vrouwen;50 jaar of ouder;Sector landbouw;F Bouwnijverheid;2014/'15;0;0;0;0;0;0;0;0;0;0;0;0;0;0;0
7098;Totaal mannen en vrouwen;50 jaar of ouder;Sector landbouw;F Bouwnijverheid;2015/'16;0;0;0;0;0;0;0;0;0;0;0;0;0;0;0
7099;Totaal mannen en vrouwen;50 jaar of ouder;Sector landbouw;F Bouwnijverheid;2016/'17;0;0;0;0;0;0;0;0;0;0;0;0;0;0;0
7100;Totaal mannen en vrouwen;50 jaar of ouder;Sector landbouw;F Bouwnijverheid;2017/'18;0;0;0;0;0;0;0;0;0;0;0;0;0;0;0
7101;Totaal mannen en vrouwen;50 jaar of ouder;Sector landbouw;F Bouwnijverheid;2018/'19;0;0;0;0;0;0;0;0;0;0;0;0;0;0;0
7102;Totaal mannen en vrouwen;50 jaar of ouder;Sector landbouw;F Bouwnijverheid;2019/'20;1;0;0;1;0;0;1;0;0;0;0;0;0;1;0
7103;Totaal mannen en vrouwen;50 jaar of ouder;Sector landbouw;F Bouwnijverheid;2020/'21;0;0;0;0;0;0;0;0;0;0;0;0;0;0;0
7104;Totaal mannen en vrouwen;50 jaar of ouder;Sector landbouw;G-I Handel, vervoer en horeca;2009/'10;25;5;9;9;2;0;25;0;0;0;0;5;9;9;2
7105;Totaal mannen en vrouwen;50 jaar of ouder;Sector landbouw;G-I Handel, vervoer en horeca;2010/'11;41;13;17;6;5;0;41;0;0;0;0;13;17;6;5
7106;Totaal mannen en vrouwen;50 jaar of ouder;Sector landbouw;G-I Handel, vervoer en horeca;2011/'12;61;10;39;12;0;0;61;0;0;0;0;10;39;12;0
7107;Totaal mannen en vrouwen;50 jaar of ouder;Sector landbouw;G-I Handel, vervoer en horeca;2012/'13;47;11;30;6;0;0;47;0;0;0;0;11;30;6;0
7108;Totaal mannen en vrouwen;50 jaar of ouder;Sector landbouw;G-I Handel, vervoer en horeca;2013/'14;4;0;0;3;1;1;3;0;0;0;1;0;0;3;0
7109;Totaal mannen en vrouwen;50 jaar of ouder;Sector landbouw;G-I Handel, vervoer en horeca;2014/'15;4;0;0;3;1;0;4;0;0;0;0;0;0;3;1
7110;Totaal mannen en vrouwen;50 jaar of ouder;Sector landbouw;G-I Handel, vervoer en horeca;2015/'16;2;0;0;2;0;0;2;0;0;0;0;0;0;2;0
7111;Totaal mannen en vrouwen;50 jaar of ouder;Sector landbouw;G-I Handel, vervoer en horeca;2016/'17;4;0;1;3;0;0;4;0;0;0;0;0;1;3;0
7112;Totaal mannen en vrouwen;50 jaar of ouder;Sector landbouw;G-I Handel, vervoer en horeca;2017/'18;6;0;2;4;0;1;5;0;1;0;0;0;1;4;0
7113;Totaal mannen en vrouwen;50 jaar of ouder;Sector landbouw;G-I Handel, vervoer en horeca;2018/'19;5;0;2;3;0;0;5;0;0;0;0;0;2;3;0
7114;Totaal mannen en vrouwen;50 jaar of ouder;Sector landbouw;G-I Handel, vervoer en horeca;2019/'20;3;0;2;1;0;0;3;0;0;0;0;0;2;1;0
7115;Totaal mannen en vrouwen;50 jaar of ouder;Sector landbouw;G-I Handel, vervoer en horeca;2020/'21;3;0;1;2;0;0;3;0;0;0;0;0;1;2;0
7116;Totaal mannen en vrouwen;50 jaar of ouder;Sector landbouw;J Informatie en communicatie;2009/'10;0;0;0;0;0;0;0;0;0;0;0;0;0;0;0
7117;Totaal mannen en vrouwen;50 jaar of ouder;Sector landbouw;J Informatie en communicatie;2010/'11;0;0;0;0;0;0;0;0;0;0;0;0;0;0;0
7118;Totaal mannen en vrouwen;50 jaar of ouder;Sector landbouw;J Informatie en communicatie;2011/'12;0;0;0;0;0;0;0;0;0;0;0;0;0;0;0
7119;Totaal mannen en vrouwen;50 jaar of ouder;Sector landbouw;J Informatie en communicatie;2012/'13;1;1;0;0;0;0;1;0;0;0;0;1;0;0;0
7120;Totaal mannen en vrouwen;50 jaar of ouder;Sector landbouw;J Informatie en communicatie;2013/'14;1;0;1;0;0;0;1;0;0;0;0;0;1;0;0
7121;Totaal mannen en vrouwen;50 jaar of ouder;Sector landbouw;J Informatie en communicatie;2014/'15;1;0;1;0;0;0;1;0;0;0;0;0;1;0;0
7122;Totaal mannen en vrouwen;50 jaar of ouder;Sector landbouw;J Informatie en communicatie;2015/'16;0;0;0;0;0;0;0;0;0;0;0;0;0;0;0
7123;Totaal mannen en vrouwen;50 jaar of ouder;Sector landbouw;J Informatie en communicatie;2016/'17;1;0;1;0;0;0;1;0;0;0;0;0;1;0;0
7124;Totaal mannen en vrouwen;50 jaar of ouder;Sector landbouw;J Informatie en communicatie;2017/'18;0;0;0;0;0;0;0;0;0;0;0;0;0;0;0
7125;Totaal mannen en vrouwen;50 jaar of ouder;Sector landbouw;J Informatie en communicatie;2018/'19;0;0;0;0;0;0;0;0;0;0;0;0;0;0;0
7126;Totaal mannen en vrouwen;50 jaar of ouder;Sector landbouw;J Informatie en communicatie;2019/'20;0;0;0;0;0;0;0;0;0;0;0;0;0;0;0
7127;Totaal mannen en vrouwen;50 jaar of ouder;Sector landbouw;J Informatie en communicatie;2020/'21;0;0;0;0;0;0;0;0;0;0;0;0;0;0;0
7128;Totaal mannen en vrouwen;50 jaar of ouder;Sector landbouw;K Financiële dienstverlening;2009/'10;0;0;0;0;0;0;0;0;0;0;0;0;0;0;0
7129;Totaal mannen en vrouwen;50 jaar of ouder;Sector landbouw;K Financiële dienstverlening;2010/'11;0;0;0;0;0;0;0;0;0;0;0;0;0;0;0
7130;Totaal mannen en vrouwen;50 jaar of ouder;Sector landbouw;K Financiële dienstverlening;2011/'12;0;0;0;0;0;0;0;0;0;0;0;0;0;0;0
7131;Totaal mannen en vrouwen;50 jaar of ouder;Sector landbouw;K Financiële dienstverlening;2012/'13;0;0;0;0;0;0;0;0;0;0;0;0;0;0;0
7132;Totaal mannen en vrouwen;50 jaar of ouder;Sector landbouw;K Financiële dienstverlening;2013/'14;1;0;0;1;0;0;1;0;0;0;0;0;0;1;0
7133;Totaal mannen en vrouwen;50 jaar of ouder;Sector landbouw;K Financiële dienstverlening;2014/'15;0;0;0;0;0;0;0;0;0;0;0;0;0;0;0
7134;Totaal mannen en vrouwen;50 jaar of ouder;Sector landbouw;K Financiële dienstverlening;2015/'16;2;0;1;1;0;0;2;0;0;0;0;0;1;1;0
7135;Totaal mannen en vrouwen;50 jaar of ouder;Sector landbouw;K Financiële dienstverlening;2016/'17;0;0;0;0;0;0;0;0;0;0;0;0;0;0;0
7136;Totaal mannen en vrouwen;50 jaar of ouder;Sector landbouw;K Financiële dienstverlening;2017/'18;0;0;0;0;0;0;0;0;0;0;0;0;0;0;0
7137;Totaal mannen en vrouwen;50 jaar of ouder;Sector landbouw;K Financiële dienstverlening;2018/'19;0;0;0;0;0;0;0;0;0;0;0;0;0;0;0
7138;Totaal mannen en vrouwen;50 jaar of ouder;Sector landbouw;K Financiële dienstverlening;2019/'20;0;0;0;0;0;0;0;0;0;0;0;0;0;0;0
7139;Totaal mannen en vrouwen;50 jaar of ouder;Sector landbouw;K Financiële dienstverlening;2020/'21;0;0;0;0;0;0;0;0;0;0;0;0;0;0;0
7140;Totaal mannen en vrouwen;50 jaar of ouder;Sector landbouw;L Verhuur en handel van onroerend goed;2009/'10;3;0;0;3;0;0;3;0;0;0;0;0;0;3;0
7141;Totaal mannen en vrouwen;50 jaar of ouder;Sector landbouw;L Verhuur en handel van onroerend goed;2010/'11;4;0;0;4;0;0;4;0;0;0;0;0;0;4;0
7142;Totaal mannen en vrouwen;50 jaar of ouder;Sector landbouw;L Verhuur en handel van onroerend goed;2011/'12;0;0;0;0;0;0;0;0;0;0;0;0;0;0;0
7143;Totaal mannen en vrouwen;50 jaar of ouder;Sector landbouw;L Verhuur en handel van onroerend goed;2012/'13;0;0;0;0;0;0;0;0;0;0;0;0;0;0;0
7144;Totaal mannen en vrouwen;50 jaar of ouder;Sector landbouw;L Verhuur en handel van onroerend goed;2013/'14;1;0;0;1;0;0;1;0;0;0;0;0;0;1;0
7145;Totaal mannen en vrouwen;50 jaar of ouder;Sector landbouw;L Verhuur en handel van onroerend goed;2014/'15;0;0;0;0;0;0;0;0;0;0;0;0;0;0;0
7146;Totaal mannen en vrouwen;50 jaar of ouder;Sector landbouw;L Verhuur en handel van onroerend goed;2015/'16;0;0;0;0;0;0;0;0;0;0;0;0;0;0;0
7147;Totaal mannen en vrouwen;50 jaar of ouder;Sector landbouw;L Verhuur en handel van onroerend goed;2016/'17;0;0;0;0;0;0;0;0;0;0;0;0;0;0;0
7148;Totaal mannen en vrouwen;50 jaar of ouder;Sector landbouw;L Verhuur en handel van onroerend goed;2017/'18;0;0;0;0;0;0;0;0;0;0;0;0;0;0;0
7149;Totaal mannen en vrouwen;50 jaar of ouder;Sector landbouw;L Verhuur en handel van onroerend goed;2018/'19;0;0;0;0;0;0;0;0;0;0;0;0;0;0;0
7150;Totaal mannen en vrouwen;50 jaar of ouder;Sector landbouw;L Verhuur en handel van onroerend goed;2019/'20;0;0;0;0;0;0;0;0;0;0;0;0;0;0;0
7151;Totaal mannen en vrouwen;50 jaar of ouder;Sector landbouw;L Verhuur en handel van onroerend goed;2020/'21;0;0;0;0;0;0;0;0;0;0;0;0;0;0;0
7152;Totaal mannen en vrouwen;50 jaar of ouder;Sector landbouw;M-N Zakelijke dienstverlening;2009/'10;93;61;20;11;1;1;92;0;0;1;0;61;20;10;1
7153;Totaal mannen en vrouwen;50 jaar of ouder;Sector landbouw;M-N Zakelijke dienstverlening;2010/'11;54;27;17;9;1;0;54;0;0;0;0;27;17;9;1
7154;Totaal mannen en vrouwen;50 jaar of ouder;Sector landbouw;M-N Zakelijke dienstverlening;2011/'12;72;27;18;17;10;0;72;0;0;0;0;27;18;17;10
7155;Totaal mannen en vrouwen;50 jaar of ouder;Sector landbouw;M-N Zakelijke dienstverlening;2012/'13;110;71;18;20;1;0;110;0;0;0;0;71;18;20;1
7156;Totaal mannen en vrouwen;50 jaar of ouder;Sector landbouw;M-N Zakelijke dienstverlening;2013/'14;11;4;4;0;3;0;11;0;0;0;0;4;4;0;3
7157;Totaal mannen en vrouwen;50 jaar of ouder;Sector landbouw;M-N Zakelijke dienstverlening;2014/'15;18;4;12;2;0;0;18;0;0;0;0;4;12;2;0
7158;Totaal mannen en vrouwen;50 jaar of ouder;Sector landbouw;M-N Zakelijke dienstverlening;2015/'16;17;1;7;8;1;0;17;0;0;0;0;1;7;8;1
7159;Totaal mannen en vrouwen;50 jaar of ouder;Sector landbouw;M-N Zakelijke dienstverlening;2016/'17;21;0;17;3;1;0;21;0;0;0;0;0;17;3;1
7160;Totaal mannen en vrouwen;50 jaar of ouder;Sector landbouw;M-N Zakelijke dienstverlening;2017/'18;28;0;13;11;4;0;28;0;0;0;0;0;13;11;4
7161;Totaal mannen en vrouwen;50 jaar of ouder;Sector landbouw;M-N Zakelijke dienstverlening;2018/'19;23;0;6;13;4;0;23;0;0;0;0;0;6;13;4
7162;Totaal mannen en vrouwen;50 jaar of ouder;Sector landbouw;M-N Zakelijke dienstverlening;2019/'20;12;0;6;6;0;0;12;0;0;0;0;0;6;6;0
7163;Totaal mannen en vrouwen;50 jaar of ouder;Sector landbouw;M-N Zakelijke dienstverlening;2020/'21;14;8;1;5;0;0;14;0;0;0;0;8;1;5;0
7164;Totaal mannen en vrouwen;50 jaar of ouder;Sector landbouw;O-Q Overheid en zorg;2009/'10;38;9;0;23;6;3;35;0;0;3;0;9;0;20;6
7165;Totaal mannen en vrouwen;50 jaar of ouder;Sector landbouw;O-Q Overheid en zorg;2010/'11;53;17;18;11;7;4;49;0;0;3;1;17;18;8;6
7166;Totaal mannen en vrouwen;50 jaar of ouder;Sector landbouw;O-Q Overheid en zorg;2011/'12;63;26;3;23;11;0;63;0;0;0;0;26;3;23;11
7167;Totaal mannen en vrouwen;50 jaar of ouder;Sector landbouw;O-Q Overheid en zorg;2012/'13;48;6;22;17;3;1;47;0;0;0;1;6;22;17;2
7168;Totaal mannen en vrouwen;50 jaar of ouder;Sector landbouw;O-Q Overheid en zorg;2013/'14;7;3;2;2;0;0;7;0;0;0;0;3;2;2;0
7169;Totaal mannen en vrouwen;50 jaar of ouder;Sector landbouw;O-Q Overheid en zorg;2014/'15;34;1;3;26;4;0;34;0;0;0;0;1;3;26;4
7170;Totaal mannen en vrouwen;50 jaar of ouder;Sector landbouw;O-Q Overheid en zorg;2015/'16;64;1;25;36;2;0;64;0;0;0;0;1;25;36;2
7171;Totaal mannen en vrouwen;50 jaar of ouder;Sector landbouw;O-Q Overheid en zorg;2016/'17;19;0;3;10;6;0;19;0;0;0;0;0;3;10;6
7172;Totaal mannen en vrouwen;50 jaar of ouder;Sector landbouw;O-Q Overheid en zorg;2017/'18;6;0;0;6;0;0;6;0;0;0;0;0;0;6;0
7173;Totaal mannen en vrouwen;50 jaar of ouder;Sector landbouw;O-Q Overheid en zorg;2018/'19;8;0;1;6;1;0;8;0;0;0;0;0;1;6;1
7174;Totaal mannen en vrouwen;50 jaar of ouder;Sector landbouw;O-Q Overheid en zorg;2019/'20;20;0;1;18;1;0;20;0;0;0;0;0;1;18;1
7175;Totaal mannen en vrouwen;50 jaar of ouder;Sector landbouw;O-Q Overheid en zorg;2020/'21;14;1;4;8;1;0;14;0;0;0;0;1;4;8;1
7176;Totaal mannen en vrouwen;50 jaar of ouder;Sector landbouw;R-U Cultuur, recreatie, overige diensten;2009/'10;56;5;40;11;0;2;54;0;0;2;0;5;40;9;0
7177;Totaal mannen en vrouwen;50 jaar of ouder;Sector landbouw;R-U Cultuur, recreatie, overige diensten;2010/'11;18;14;2;0;2;0;18;0;0;0;0;14;2;0;2
7178;Totaal mannen en vrouwen;50 jaar of ouder;Sector landbouw;R-U Cultuur, recreatie, overige diensten;2011/'12;8;7;0;1;0;0;8;0;0;0;0;7;0;1;0
7179;Totaal mannen en vrouwen;50 jaar of ouder;Sector landbouw;R-U Cultuur, recreatie, overige diensten;2012/'13;2;1;1;0;0;0;2;0;0;0;0;1;1;0;0
7180;Totaal mannen en vrouwen;50 jaar of ouder;Sector landbouw;R-U Cultuur, recreatie, overige diensten;2013/'14;1;0;1;0;0;0;1;0;0;0;0;0;1;0;0
7181;Totaal mannen en vrouwen;50 jaar of ouder;Sector landbouw;R-U Cultuur, recreatie, overige diensten;2014/'15;1;1;0;0;0;0;1;0;0;0;0;1;0;0;0
7182;Totaal mannen en vrouwen;50 jaar of ouder;Sector landbouw;R-U Cultuur, recreatie, overige diensten;2015/'16;3;0;2;1;0;0;3;0;0;0;0;0;2;1;0
7183;Totaal mannen en vrouwen;50 jaar of ouder;Sector landbouw;R-U Cultuur, recreatie, overige diensten;2016/'17;0;0;0;0;0;0;0;0;0;0;0;0;0;0;0
7184;Totaal mannen en vrouwen;50 jaar of ouder;Sector landbouw;R-U Cultuur, recreatie, overige diensten;2017/'18;1;0;0;1;0;0;1;0;0;0;0;0;0;1;0
7185;Totaal mannen en vrouwen;50 jaar of ouder;Sector landbouw;R-U Cultuur, recreatie, overige diensten;2018/'19;0;0;0;0;0;0;0;0;0;0;0;0;0;0;0
7186;Totaal mannen en vrouwen;50 jaar of ouder;Sector landbouw;R-U Cultuur, recreatie, overige diensten;2019/'20;2;0;0;2;0;0;2;0;0;0;0;0;0;2;0
7187;Totaal mannen en vrouwen;50 jaar of ouder;Sector landbouw;R-U Cultuur, recreatie, overige diensten;2020/'21;2;0;0;2;0;0;2;0;0;0;0;0;0;2;0
7188;Totaal mannen en vrouwen;50 jaar of ouder;Sector landbouw;SBI-code onbekend;2009/'10;7;0;1;4;2;2;5;0;0;2;0;0;1;2;2
7189;Totaal mannen en vrouwen;50 jaar of ouder;Sector landbouw;SBI-code onbekend;2010/'11;6;1;0;2;3;1;5;0;0;0;1;1;0;2;2
7190;Totaal mannen en vrouwen;50 jaar of ouder;Sector landbouw;SBI-code onbekend;2011/'12;10;1;4;5;0;2;8;0;0;2;0;1;4;3;0
7191;Totaal mannen en vrouwen;50 jaar of ouder;Sector landbouw;SBI-code onbekend;2012/'13;11;1;4;5;1;0;11;0;0;0;0;1;4;5;1
7192;Totaal mannen en vrouwen;50 jaar of ouder;Sector landbouw;SBI-code onbekend;2013/'14;6;0;4;2;0;0;6;0;0;0;0;0;4;2;0
7193;Totaal mannen en vrouwen;50 jaar of ouder;Sector landbouw;SBI-code onbekend;2014/'15;1;0;1;0;0;0;1;0;0;0;0;0;1;0;0
7194;Totaal mannen en vrouwen;50 jaar of ouder;Sector landbouw;SBI-code onbekend;2015/'16;0;0;0;0;0;0;0;0;0;0;0;0;0;0;0
7195;Totaal mannen en vrouwen;50 jaar of ouder;Sector landbouw;SBI-code onbekend;2016/'17;0;0;0;0;0;0;0;0;0;0;0;0;0;0;0
7196;Totaal mannen en vrouwen;50 jaar of ouder;Sector landbouw;SBI-code onbekend;2017/'18;0;0;0;0;0;0;0;0;0;0;0;0;0;0;0
7197;Totaal mannen en vrouwen;50 jaar of ouder;Sector landbouw;SBI-code onbekend;2018/'19;0;0;0;0;0;0;0;0;0;0;0;0;0;0;0
7198;Totaal mannen en vrouwen;50 jaar of ouder;Sector landbouw;SBI-code onbekend;2019/'20;1;0;0;1;0;0;1;0;0;0;0;0;0;1;0
7199;Totaal mannen en vrouwen;50 jaar of ouder;Sector landbouw;SBI-code onbekend;2020/'21;1;1;0;0;0;0;1;0;0;0;0;1;0;0;0
7200;Totaal mannen en vrouwen;50 jaar of ouder;Sector economie;A-U Alle economische activiteiten;2009/'10;1240;96;477;280;387;50;1190;1;28;4;17;95;449;276;370
7201;Totaal mannen en vrouwen;50 jaar of ouder;Sector economie;A-U Alle economische activiteiten;2010/'11;992;90;439;253;210;32;960;0;10;4;18;90;429;249;192
7202;Totaal mannen en vrouwen;50 jaar of ouder;Sector economie;A-U Alle economische activiteiten;2011/'12;819;150;461;105;103;19;800;0;12;2;5;150;449;103;98
7203;Totaal mannen en vrouwen;50 jaar of ouder;Sector economie;A-U Alle economische activiteiten;2012/'13;841;130;324;210;177;8;833;0;4;1;3;130;320;209;174
7204;Totaal mannen en vrouwen;50 jaar of ouder;Sector economie;A-U Alle economische activiteiten;2013/'14;260;4;128;53;75;9;251;0;7;0;2;4;121;53;73
7205;Totaal mannen en vrouwen;50 jaar of ouder;Sector economie;A-U Alle economische activiteiten;2014/'15;220;0;119;56;45;0;220;0;0;0;0;0;119;56;45
7206;Totaal mannen en vrouwen;50 jaar of ouder;Sector economie;A-U Alle economische activiteiten;2015/'16;197;8;144;28;17;2;195;0;2;0;0;8;142;28;17
7207;Totaal mannen en vrouwen;50 jaar of ouder;Sector economie;A-U Alle economische activiteiten;2016/'17;203;0;118;29;56;2;201;0;2;0;0;0;116;29;56
7208;Totaal mannen en vrouwen;50 jaar of ouder;Sector economie;A-U Alle economische activiteiten;2017/'18;217;0;144;20;53;0;217;0;0;0;0;0;144;20;53
7209;Totaal mannen en vrouwen;50 jaar of ouder;Sector economie;A-U Alle economische activiteiten;2018/'19;202;0;144;23;35;0;202;0;0;0;0;0;144;23;35
7210;Totaal mannen en vrouwen;50 jaar of ouder;Sector economie;A-U Alle economische activiteiten;2019/'20;174;0;122;23;29;1;173;0;0;0;1;0;122;23;28
7211;Totaal mannen en vrouwen;50 jaar of ouder;Sector economie;A-U Alle economische activiteiten;2020/'21;160;0;89;23;48;2;158;0;1;0;1;0;88;23;47
7212;Totaal mannen en vrouwen;50 jaar of ouder;Sector economie;A Landbouw, bosbouw en visserij;2009/'10;2;0;2;0;0;0;2;0;0;0;0;0;2;0;0
7213;Totaal mannen en vrouwen;50 jaar of ouder;Sector economie;A Landbouw, bosbouw en visserij;2010/'11;2;0;0;1;1;0;2;0;0;0;0;0;0;1;1
7214;Totaal mannen en vrouwen;50 jaar of ouder;Sector economie;A Landbouw, bosbouw en visserij;2011/'12;1;0;1;0;0;1;0;0;1;0;0;0;0;0;0
7215;Totaal mannen en vrouwen;50 jaar of ouder;Sector economie;A Landbouw, bosbouw en visserij;2012/'13;1;0;1;0;0;0;1;0;0;0;0;0;1;0;0
7216;Totaal mannen en vrouwen;50 jaar of ouder;Sector economie;A Landbouw, bosbouw en visserij;2013/'14;0;0;0;0;0;0;0;0;0;0;0;0;0;0;0
7217;Totaal mannen en vrouwen;50 jaar of ouder;Sector economie;A Landbouw, bosbouw en visserij;2014/'15;0;0;0;0;0;0;0;0;0;0;0;0;0;0;0
7218;Totaal mannen en vrouwen;50 jaar of ouder;Sector economie;A Landbouw, bosbouw en visserij;2015/'16;0;0;0;0;0;0;0;0;0;0;0;0;0;0;0
7219;Totaal mannen en vrouwen;50 jaar of ouder;Sector economie;A Landbouw, bosbouw en visserij;2016/'17;0;0;0;0;0;0;0;0;0;0;0;0;0;0;0
7220;Totaal mannen en vrouwen;50 jaar of ouder;Sector economie;A Landbouw, bosbouw en visserij;2017/'18;0;0;0;0;0;0;0;0;0;0;0;0;0;0;0
7221;Totaal mannen en vrouwen;50 jaar of ouder;Sector economie;A Landbouw, bosbouw en visserij;2018/'19;1;0;1;0;0;0;1;0;0;0;0;0;1;0;0
7222;Totaal mannen en vrouwen;50 jaar of ouder;Sector economie;A Landbouw, bosbouw en visserij;2019/'20;1;0;0;1;0;0;1;0;0;0;0;0;0;1;0
7223;Totaal mannen en vrouwen;50 jaar of ouder;Sector economie;A Landbouw, bosbouw en visserij;2020/'21;0;0;0;0;0;0;0;0;0;0;0;0;0;0;0
7224;Totaal mannen en vrouwen;50 jaar of ouder;Sector economie;B-E Nijverheid (geen bouw) en energie;2009/'10;126;23;61;33;9;12;114;1;7;0;4;22;54;33;5
7225;Totaal mannen en vrouwen;50 jaar of ouder;Sector economie;B-E Nijverheid (geen bouw) en energie;2010/'11;103;18;44;20;21;5;98;0;1;0;4;18;43;20;17
7226;Totaal mannen en vrouwen;50 jaar of ouder;Sector economie;B-E Nijverheid (geen bouw) en energie;2011/'12;77;21;52;2;2;3;74;0;2;0;1;21;50;2;1
7227;Totaal mannen en vrouwen;50 jaar of ouder;Sector economie;B-E Nijverheid (geen bouw) en energie;2012/'13;93;45;36;11;1;3;90;0;2;1;0;45;34;10;1
7228;Totaal mannen en vrouwen;50 jaar of ouder;Sector economie;B-E Nijverheid (geen bouw) en energie;2013/'14;14;4;10;0;0;0;14;0;0;0;0;4;10;0;0
7229;Totaal mannen en vrouwen;50 jaar of ouder;Sector economie;B-E Nijverheid (geen bouw) en energie;2014/'15;12;0;10;2;0;0;12;0;0;0;0;0;10;2;0
7230;Totaal mannen en vrouwen;50 jaar of ouder;Sector economie;B-E Nijverheid (geen bouw) en energie;2015/'16;24;7;14;2;1;0;24;0;0;0;0;7;14;2;1
7231;Totaal mannen en vrouwen;50 jaar of ouder;Sector economie;B-E Nijverheid (geen bouw) en energie;2016/'17;16;0;9;5;2;0;16;0;0;0;0;0;9;5;2
7232;Totaal mannen en vrouwen;50 jaar of ouder;Sector economie;B-E Nijverheid (geen bouw) en energie;2017/'18;11;0;9;1;1;0;11;0;0;0;0;0;9;1;1
7233;Totaal mannen en vrouwen;50 jaar of ouder;Sector economie;B-E Nijverheid (geen bouw) en energie;2018/'19;11;0;7;1;3;0;11;0;0;0;0;0;7;1;3
7234;Totaal mannen en vrouwen;50 jaar of ouder;Sector economie;B-E Nijverheid (geen bouw) en energie;2019/'20;15;0;10;1;4;0;15;0;0;0;0;0;10;1;4
7235;Totaal mannen en vrouwen;50 jaar of ouder;Sector economie;B-E Nijverheid (geen bouw) en energie;2020/'21;17;0;10;1;6;1;16;0;0;0;1;0;10;1;5
7236;Totaal mannen en vrouwen;50 jaar of ouder;Sector economie;F Bouwnijverheid;2009/'10;10;0;9;0;1;5;5;0;5;0;0;0;4;0;1
7237;Totaal mannen en vrouwen;50 jaar of ouder;Sector economie;F Bouwnijverheid;2010/'11;9;0;8;1;0;0;9;0;0;0;0;0;8;1;0
7238;Totaal mannen en vrouwen;50 jaar of ouder;Sector economie;F Bouwnijverheid;2011/'12;8;0;8;0;0;2;6;0;2;0;0;0;6;0;0
7239;Totaal mannen en vrouwen;50 jaar of ouder;Sector economie;F Bouwnijverheid;2012/'13;8;0;7;1;0;1;7;0;1;0;0;0;6;1;0
7240;Totaal mannen en vrouwen;50 jaar of ouder;Sector economie;F Bouwnijverheid;2013/'14;1;0;1;0;0;0;1;0;0;0;0;0;1;0;0
7241;Totaal mannen en vrouwen;50 jaar of ouder;Sector economie;F Bouwnijverheid;2014/'15;1;0;1;0;0;0;1;0;0;0;0;0;1;0;0
7242;Totaal mannen en vrouwen;50 jaar of ouder;Sector economie;F Bouwnijverheid;2015/'16;5;0;5;0;0;0;5;0;0;0;0;0;5;0;0
7243;Totaal mannen en vrouwen;50 jaar of ouder;Sector economie;F Bouwnijverheid;2016/'17;0;0;0;0;0;0;0;0;0;0;0;0;0;0;0
7244;Totaal mannen en vrouwen;50 jaar of ouder;Sector economie;F Bouwnijverheid;2017/'18;2;0;1;0;1;0;2;0;0;0;0;0;1;0;1
7245;Totaal mannen en vrouwen;50 jaar of ouder;Sector economie;F Bouwnijverheid;2018/'19;4;0;2;1;1;0;4;0;0;0;0;0;2;1;1
7246;Totaal mannen en vrouwen;50 jaar of ouder;Sector economie;F Bouwnijverheid;2019/'20;1;0;1;0;0;0;1;0;0;0;0;0;1;0;0
7247;Totaal mannen en vrouwen;50 jaar of ouder;Sector economie;F Bouwnijverheid;2020/'21;8;0;0;1;7;0;8;0;0;0;0;0;0;1;7
7248;Totaal mannen en vrouwen;50 jaar of ouder;Sector economie;G-I Handel, vervoer en horeca;2009/'10;321;27;172;82;40;6;315;0;6;0;0;27;166;82;40
7249;Totaal mannen en vrouwen;50 jaar of ouder;Sector economie;G-I Handel, vervoer en horeca;2010/'11;348;37;233;29;49;5;343;0;4;1;0;37;229;28;49
7250;Totaal mannen en vrouwen;50 jaar of ouder;Sector economie;G-I Handel, vervoer en horeca;2011/'12;289;29;212;24;24;7;282;0;5;2;0;29;207;22;24
7251;Totaal mannen en vrouwen;50 jaar of ouder;Sector economie;G-I Handel, vervoer en horeca;2012/'13;237;16;109;72;40;0;237;0;0;0;0;16;109;72;40
7252;Totaal mannen en vrouwen;50 jaar of ouder;Sector economie;G-I Handel, vervoer en horeca;2013/'14;71;0;30;18;23;1;70;0;1;0;0;0;29;18;23
7253;Totaal mannen en vrouwen;50 jaar of ouder;Sector economie;G-I Handel, vervoer en horeca;2014/'15;44;0;19;13;12;0;44;0;0;0;0;0;19;13;12
7254;Totaal mannen en vrouwen;50 jaar of ouder;Sector economie;G-I Handel, vervoer en horeca;2015/'16;72;1;54;10;7;1;71;0;1;0;0;1;53;10;7
7255;Totaal mannen en vrouwen;50 jaar of ouder;Sector economie;G-I Handel, vervoer en horeca;2016/'17;67;0;39;6;22;0;67;0;0;0;0;0;39;6;22
7256;Totaal mannen en vrouwen;50 jaar of ouder;Sector economie;G-I Handel, vervoer en horeca;2017/'18;47;0;39;2;6;0;47;0;0;0;0;0;39;2;6
7257;Totaal mannen en vrouwen;50 jaar of ouder;Sector economie;G-I Handel, vervoer en horeca;2018/'19;80;0;60;8;12;0;80;0;0;0;0;0;60;8;12
7258;Totaal mannen en vrouwen;50 jaar of ouder;Sector economie;G-I Handel, vervoer en horeca;2019/'20;68;0;53;13;2;0;68;0;0;0;0;0;53;13;2
7259;Totaal mannen en vrouwen;50 jaar of ouder;Sector economie;G-I Handel, vervoer en horeca;2020/'21;51;0;29;5;17;0;51;0;0;0;0;0;29;5;17
7260;Totaal mannen en vrouwen;50 jaar of ouder;Sector economie;J Informatie en communicatie;2009/'10;25;0;5;4;16;0;25;0;0;0;0;0;5;4;16
7261;Totaal mannen en vrouwen;50 jaar of ouder;Sector economie;J Informatie en communicatie;2010/'11;12;0;4;3;5;3;9;0;2;1;0;0;2;2;5
7262;Totaal mannen en vrouwen;50 jaar of ouder;Sector economie;J Informatie en communicatie;2011/'12;5;0;1;4;0;0;5;0;0;0;0;0;1;4;0
7263;Totaal mannen en vrouwen;50 jaar of ouder;Sector economie;J Informatie en communicatie;2012/'13;2;0;0;1;1;0;2;0;0;0;0;0;0;1;1
7264;Totaal mannen en vrouwen;50 jaar of ouder;Sector economie;J Informatie en communicatie;2013/'14;2;0;2;0;0;0;2;0;0;0;0;0;2;0;0
7265;Totaal mannen en vrouwen;50 jaar of ouder;Sector economie;J Informatie en communicatie;2014/'15;3;0;2;1;0;0;3;0;0;0;0;0;2;1;0
7266;Totaal mannen en vrouwen;50 jaar of ouder;Sector economie;J Informatie en communicatie;2015/'16;1;0;1;0;0;0;1;0;0;0;0;0;1;0;0
7267;Totaal mannen en vrouwen;50 jaar of ouder;Sector economie;J Informatie en communicatie;2016/'17;2;0;2;0;0;1;1;0;1;0;0;0;1;0;0
7268;Totaal mannen en vrouwen;50 jaar of ouder;Sector economie;J Informatie en communicatie;2017/'18;6;0;4;2;0;0;6;0;0;0;0;0;4;2;0
7269;Totaal mannen en vrouwen;50 jaar of ouder;Sector economie;J Informatie en communicatie;2018/'19;6;0;6;0;0;0;6;0;0;0;0;0;6;0;0
7270;Totaal mannen en vrouwen;50 jaar of ouder;Sector economie;J Informatie en communicatie;2019/'20;2;0;1;1;0;0;2;0;0;0;0;0;1;1;0
7271;Totaal mannen en vrouwen;50 jaar of ouder;Sector economie;J Informatie en communicatie;2020/'21;4;0;2;0;2;0;4;0;0;0;0;0;2;0;2
7272;Totaal mannen en vrouwen;50 jaar of ouder;Sector economie;K Financiële dienstverlening;2009/'10;147;0;6;2;139;3;144;0;2;0;1;0;4;2;138
7273;Totaal mannen en vrouwen;50 jaar of ouder;Sector economie;K Financiële dienstverlening;2010/'11;51;0;3;1;47;2;49;0;1;1;0;0;2;0;47
7274;Totaal mannen en vrouwen;50 jaar of ouder;Sector economie;K Financiële dienstverlening;2011/'12;37;0;2;2;33;1;36;0;0;0;1;0;2;2;32
7275;Totaal mannen en vrouwen;50 jaar of ouder;Sector economie;K Financiële dienstverlening;2012/'13;31;0;3;0;28;1;30;0;0;0;1;0;3;0;27
7276;Totaal mannen en vrouwen;50 jaar of ouder;Sector economie;K Financiële dienstverlening;2013/'14;12;0;2;0;10;2;10;0;1;0;1;0;1;0;9
7277;Totaal mannen en vrouwen;50 jaar of ouder;Sector economie;K Financiële dienstverlening;2014/'15;7;0;3;1;3;0;7;0;0;0;0;0;3;1;3
7278;Totaal mannen en vrouwen;50 jaar of ouder;Sector economie;K Financiële dienstverlening;2015/'16;4;0;2;1;1;0;4;0;0;0;0;0;2;1;1
7279;Totaal mannen en vrouwen;50 jaar of ouder;Sector economie;K Financiële dienstverlening;2016/'17;2;0;2;0;0;0;2;0;0;0;0;0;2;0;0
7280;Totaal mannen en vrouwen;50 jaar of ouder;Sector economie;K Financiële dienstverlening;2017/'18;26;0;4;0;22;0;26;0;0;0;0;0;4;0;22
7281;Totaal mannen en vrouwen;50 jaar of ouder;Sector economie;K Financiële dienstverlening;2018/'19;15;0;4;0;11;0;15;0;0;0;0;0;4;0;11
7282;Totaal mannen en vrouwen;50 jaar of ouder;Sector economie;K Financiële dienstverlening;2019/'20;11;0;1;0;10;0;11;0;0;0;0;0;1;0;10
7283;Totaal mannen en vrouwen;50 jaar of ouder;Sector economie;K Financiële dienstverlening;2020/'21;1;0;1;0;0;0;1;0;0;0;0;0;1;0;0
7284;Totaal mannen en vrouwen;50 jaar of ouder;Sector economie;L Verhuur en handel van onroerend goed;2009/'10;2;0;2;0;0;0;2;0;0;0;0;0;2;0;0
7285;Totaal mannen en vrouwen;50 jaar of ouder;Sector economie;L Verhuur en handel van onroerend goed;2010/'11;2;0;0;0;2;1;1;0;0;0;1;0;0;0;1
7286;Totaal mannen en vrouwen;50 jaar of ouder;Sector economie;L Verhuur en handel van onroerend goed;2011/'12;13;0;13;0;0;0;13;0;0;0;0;0;13;0;0
7287;Totaal mannen en vrouwen;50 jaar of ouder;Sector economie;L Verhuur en handel van onroerend goed;2012/'13;7;0;5;1;1;0;7;0;0;0;0;0;5;1;1
7288;Totaal mannen en vrouwen;50 jaar of ouder;Sector economie;L Verhuur en handel van onroerend goed;2013/'14;7;0;7;0;0;0;7;0;0;0;0;0;7;0;0
7289;Totaal mannen en vrouwen;50 jaar of ouder;Sector economie;L Verhuur en handel van onroerend goed;2014/'15;2;0;2;0;0;0;2;0;0;0;0;0;2;0;0
7290;Totaal mannen en vrouwen;50 jaar of ouder;Sector economie;L Verhuur en handel van onroerend goed;2015/'16;9;0;9;0;0;0;9;0;0;0;0;0;9;0;0
7291;Totaal mannen en vrouwen;50 jaar of ouder;Sector economie;L Verhuur en handel van onroerend goed;2016/'17;14;0;14;0;0;0;14;0;0;0;0;0;14;0;0
7292;Totaal mannen en vrouwen;50 jaar of ouder;Sector economie;L Verhuur en handel van onroerend goed;2017/'18;6;0;1;5;0;0;6;0;0;0;0;0;1;5;0
7293;Totaal mannen en vrouwen;50 jaar of ouder;Sector economie;L Verhuur en handel van onroerend goed;2018/'19;5;0;5;0;0;0;5;0;0;0;0;0;5;0;0
7294;Totaal mannen en vrouwen;50 jaar of ouder;Sector economie;L Verhuur en handel van onroerend goed;2019/'20;0;0;0;0;0;0;0;0;0;0;0;0;0;0;0
7295;Totaal mannen en vrouwen;50 jaar of ouder;Sector economie;L Verhuur en handel van onroerend goed;2020/'21;0;0;0;0;0;0;0;0;0;0;0;0;0;0;0
7296;Totaal mannen en vrouwen;50 jaar of ouder;Sector economie;M-N Zakelijke dienstverlening;2009/'10;284;14;91;81;98;3;281;0;2;1;0;14;89;80;98
7297;Totaal mannen en vrouwen;50 jaar of ouder;Sector economie;M-N Zakelijke dienstverlening;2010/'11;223;7;54;138;24;2;221;0;1;1;0;7;53;137;24
7298;Totaal mannen en vrouwen;50 jaar of ouder;Sector economie;M-N Zakelijke dienstverlening;2011/'12;78;10;38;23;7;1;77;0;1;0;0;10;37;23;7
7299;Totaal mannen en vrouwen;50 jaar of ouder;Sector economie;M-N Zakelijke dienstverlening;2012/'13;63;5;51;6;1;0;63;0;0;0;0;5;51;6;1
7300;Totaal mannen en vrouwen;50 jaar of ouder;Sector economie;M-N Zakelijke dienstverlening;2013/'14;22;0;14;4;4;2;20;0;1;0;1;0;13;4;3
7301;Totaal mannen en vrouwen;50 jaar of ouder;Sector economie;M-N Zakelijke dienstverlening;2014/'15;32;0;20;5;7;0;32;0;0;0;0;0;20;5;7
7302;Totaal mannen en vrouwen;50 jaar of ouder;Sector economie;M-N Zakelijke dienstverlening;2015/'16;33;0;26;2;5;0;33;0;0;0;0;0;26;2;5
7303;Totaal mannen en vrouwen;50 jaar of ouder;Sector economie;M-N Zakelijke dienstverlening;2016/'17;31;0;21;6;4;0;31;0;0;0;0;0;21;6;4
7304;Totaal mannen en vrouwen;50 jaar of ouder;Sector economie;M-N Zakelijke dienstverlening;2017/'18;39;0;34;4;1;0;39;0;0;0;0;0;34;4;1
7305;Totaal mannen en vrouwen;50 jaar of ouder;Sector economie;M-N Zakelijke dienstverlening;2018/'19;40;0;33;5;2;0;40;0;0;0;0;0;33;5;2
7306;Totaal mannen en vrouwen;50 jaar of ouder;Sector economie;M-N Zakelijke dienstverlening;2019/'20;45;0;40;1;4;1;44;0;0;0;1;0;40;1;3
7307;Totaal mannen en vrouwen;50 jaar of ouder;Sector economie;M-N Zakelijke dienstverlening;2020/'21;37;0;29;2;6;0;37;0;0;0;0;0;29;2;6
7308;Totaal mannen en vrouwen;50 jaar of ouder;Sector economie;O-Q Overheid en zorg;2009/'10;234;31;100;68;35;20;214;0;6;3;11;31;94;65;24
7309;Totaal mannen en vrouwen;50 jaar of ouder;Sector economie;O-Q Overheid en zorg;2010/'11;181;25;70;46;40;13;168;0;0;0;13;25;70;46;27
7310;Totaal mannen en vrouwen;50 jaar of ouder;Sector economie;O-Q Overheid en zorg;2011/'12;186;19;94;45;28;4;182;0;1;0;3;19;93;45;25
7311;Totaal mannen en vrouwen;50 jaar of ouder;Sector economie;O-Q Overheid en zorg;2012/'13;303;3;85;114;101;3;300;0;1;0;2;3;84;114;99
7312;Totaal mannen en vrouwen;50 jaar of ouder;Sector economie;O-Q Overheid en zorg;2013/'14;118;0;52;29;37;3;115;0;3;0;0;0;49;29;37
7313;Totaal mannen en vrouwen;50 jaar of ouder;Sector economie;O-Q Overheid en zorg;2014/'15;111;0;56;33;22;0;111;0;0;0;0;0;56;33;22
7314;Totaal mannen en vrouwen;50 jaar of ouder;Sector economie;O-Q Overheid en zorg;2015/'16;33;0;20;10;3;0;33;0;0;0;0;0;20;10;3
7315;Totaal mannen en vrouwen;50 jaar of ouder;Sector economie;O-Q Overheid en zorg;2016/'17;55;0;23;12;20;1;54;0;1;0;0;0;22;12;20
7316;Totaal mannen en vrouwen;50 jaar of ouder;Sector economie;O-Q Overheid en zorg;2017/'18;73;0;45;6;22;0;73;0;0;0;0;0;45;6;22
7317;Totaal mannen en vrouwen;50 jaar of ouder;Sector economie;O-Q Overheid en zorg;2018/'19;30;0;17;7;6;0;30;0;0;0;0;0;17;7;6
7318;Totaal mannen en vrouwen;50 jaar of ouder;Sector economie;O-Q Overheid en zorg;2019/'20;24;0;10;5;9;0;24;0;0;0;0;0;10;5;9
7319;Totaal mannen en vrouwen;50 jaar of ouder;Sector economie;O-Q Overheid en zorg;2020/'21;36;0;14;12;10;0;36;0;0;0;0;0;14;12;10
7320;Totaal mannen en vrouwen;50 jaar of ouder;Sector economie;R-U Cultuur, recreatie, overige diensten;2009/'10;83;0;24;10;49;1;82;0;0;0;1;0;24;10;48
7321;Totaal mannen en vrouwen;50 jaar of ouder;Sector economie;R-U Cultuur, recreatie, overige diensten;2010/'11;50;3;14;12;21;1;49;0;1;0;0;3;13;12;21
7322;Totaal mannen en vrouwen;50 jaar of ouder;Sector economie;R-U Cultuur, recreatie, overige diensten;2011/'12;109;71;28;5;5;0;109;0;0;0;0;71;28;5;5
7323;Totaal mannen en vrouwen;50 jaar of ouder;Sector economie;R-U Cultuur, recreatie, overige diensten;2012/'13;86;61;20;1;4;0;86;0;0;0;0;61;20;1;4
7324;Totaal mannen en vrouwen;50 jaar of ouder;Sector economie;R-U Cultuur, recreatie, overige diensten;2013/'14;8;0;7;0;1;1;7;0;1;0;0;0;6;0;1
7325;Totaal mannen en vrouwen;50 jaar of ouder;Sector economie;R-U Cultuur, recreatie, overige diensten;2014/'15;1;0;0;0;1;0;1;0;0;0;0;0;0;0;1
7326;Totaal mannen en vrouwen;50 jaar of ouder;Sector economie;R-U Cultuur, recreatie, overige diensten;2015/'16;15;0;12;3;0;1;14;0;1;0;0;0;11;3;0
7327;Totaal mannen en vrouwen;50 jaar of ouder;Sector economie;R-U Cultuur, recreatie, overige diensten;2016/'17;14;0;6;0;8;0;14;0;0;0;0;0;6;0;8
7328;Totaal mannen en vrouwen;50 jaar of ouder;Sector economie;R-U Cultuur, recreatie, overige diensten;2017/'18;4;0;4;0;0;0;4;0;0;0;0;0;4;0;0
7329;Totaal mannen en vrouwen;50 jaar of ouder;Sector economie;R-U Cultuur, recreatie, overige diensten;2018/'19;7;0;6;1;0;0;7;0;0;0;0;0;6;1;0
7330;Totaal mannen en vrouwen;50 jaar of ouder;Sector economie;R-U Cultuur, recreatie, overige diensten;2019/'20;4;0;4;0;0;0;4;0;0;0;0;0;4;0;0
7331;Totaal mannen en vrouwen;50 jaar of ouder;Sector economie;R-U Cultuur, recreatie, overige diensten;2020/'21;6;0;4;2;0;1;5;0;1;0;0;0;3;2;0
7332;Totaal mannen en vrouwen;50 jaar of ouder;Sector economie;SBI-code onbekend;2009/'10;6;1;5;0;0;0;6;0;0;0;0;1;5;0;0
7333;Totaal mannen en vrouwen;50 jaar of ouder;Sector economie;SBI-code onbekend;2010/'11;11;0;9;2;0;0;11;0;0;0;0;0;9;2;0
7334;Totaal mannen en vrouwen;50 jaar of ouder;Sector economie;SBI-code onbekend;2011/'12;16;0;12;0;4;0;16;0;0;0;0;0;12;0;4
7335;Totaal mannen en vrouwen;50 jaar of ouder;Sector economie;SBI-code onbekend;2012/'13;10;0;7;3;0;0;10;0;0;0;0;0;7;3;0
7336;Totaal mannen en vrouwen;50 jaar of ouder;Sector economie;SBI-code onbekend;2013/'14;5;0;3;2;0;0;5;0;0;0;0;0;3;2;0
7337;Totaal mannen en vrouwen;50 jaar of ouder;Sector economie;SBI-code onbekend;2014/'15;7;0;6;1;0;0;7;0;0;0;0;0;6;1;0
7338;Totaal mannen en vrouwen;50 jaar of ouder;Sector economie;SBI-code onbekend;2015/'16;1;0;1;0;0;0;1;0;0;0;0;0;1;0;0
7339;Totaal mannen en vrouwen;50 jaar of ouder;Sector economie;SBI-code onbekend;2016/'17;2;0;2;0;0;0;2;0;0;0;0;0;2;0;0
7340;Totaal mannen en vrouwen;50 jaar of ouder;Sector economie;SBI-code onbekend;2017/'18;3;0;3;0;0;0;3;0;0;0;0;0;3;0;0
7341;Totaal mannen en vrouwen;50 jaar of ouder;Sector economie;SBI-code onbekend;2018/'19;3;0;3;0;0;0;3;0;0;0;0;0;3;0;0
7342;Totaal mannen en vrouwen;50 jaar of ouder;Sector economie;SBI-code onbekend;2019/'20;3;0;2;1;0;0;3;0;0;0;0;0;2;1;0
7343;Totaal mannen en vrouwen;50 jaar of ouder;Sector economie;SBI-code onbekend;2020/'21;0;0;0;0;0;0;0;0;0;0;0;0;0;0;0
7344;Totaal mannen en vrouwen;50 jaar of ouder;Sector techniek;A-U Alle economische activiteiten;2009/'10;3156;493;2232;268;163;55;3101;0;17;17;21;493;2215;251;142
7345;Totaal mannen en vrouwen;50 jaar of ouder;Sector techniek;A-U Alle economische activiteiten;2010/'11;1543;388;931;143;81;36;1507;0;16;11;9;388;915;132;72
7346;Totaal mannen en vrouwen;50 jaar of ouder;Sector techniek;A-U Alle economische activiteiten;2011/'12;1469;128;1202;90;49;24;1445;0;17;3;4;128;1185;87;45
7347;Totaal mannen en vrouwen;50 jaar of ouder;Sector techniek;A-U Alle economische activiteiten;2012/'13;1378;217;993;105;63;18;1360;0;13;2;3;217;980;103;60
7348;Totaal mannen en vrouwen;50 jaar of ouder;Sector techniek;A-U Alle economische activiteiten;2013/'14;299;38;170;57;34;4;295;0;2;1;1;38;168;56;33
7349;Totaal mannen en vrouwen;50 jaar of ouder;Sector techniek;A-U Alle economische activiteiten;2014/'15;248;70;67;79;32;2;246;1;1;0;0;69;66;79;32
7350;Totaal mannen en vrouwen;50 jaar of ouder;Sector techniek;A-U Alle economische activiteiten;2015/'16;363;104;147;87;25;1;362;1;0;0;0;103;147;87;25
7351;Totaal mannen en vrouwen;50 jaar of ouder;Sector techniek;A-U Alle economische activiteiten;2016/'17;380;15;210;115;40;4;376;0;4;0;0;15;206;115;40
7352;Totaal mannen en vrouwen;50 jaar of ouder;Sector techniek;A-U Alle economische activiteiten;2017/'18;229;0;99;83;47;8;221;0;3;3;2;0;96;80;45
7353;Totaal mannen en vrouwen;50 jaar of ouder;Sector techniek;A-U Alle economische activiteiten;2018/'19;236;0;114;65;57;4;232;0;0;2;2;0;114;63;55
7354;Totaal mannen en vrouwen;50 jaar of ouder;Sector techniek;A-U Alle economische activiteiten;2019/'20;242;0;116;76;50;3;239;0;2;1;0;0;114;75;50
7355;Totaal mannen en vrouwen;50 jaar of ouder;Sector techniek;A-U Alle economische activiteiten;2020/'21;159;0;67;53;39;0;159;0;0;0;0;0;67;53;39
7356;Totaal mannen en vrouwen;50 jaar of ouder;Sector techniek;A Landbouw, bosbouw en visserij;2009/'10;5;2;3;0;0;0;5;0;0;0;0;2;3;0;0
7357;Totaal mannen en vrouwen;50 jaar of ouder;Sector techniek;A Landbouw, bosbouw en visserij;2010/'11;5;1;4;0;0;0;5;0;0;0;0;1;4;0;0
7358;Totaal mannen en vrouwen;50 jaar of ouder;Sector techniek;A Landbouw, bosbouw en visserij;2011/'12;13;1;12;0;0;0;13;0;0;0;0;1;12;0;0
7359;Totaal mannen en vrouwen;50 jaar of ouder;Sector techniek;A Landbouw, bosbouw en visserij;2012/'13;1;0;1;0;0;0;1;0;0;0;0;0;1;0;0
7360;Totaal mannen en vrouwen;50 jaar of ouder;Sector techniek;A Landbouw, bosbouw en visserij;2013/'14;0;0;0;0;0;0;0;0;0;0;0;0;0;0;0
7361;Totaal mannen en vrouwen;50 jaar of ouder;Sector techniek;A Landbouw, bosbouw en visserij;2014/'15;0;0;0;0;0;0;0;0;0;0;0;0;0;0;0
7362;Totaal mannen en vrouwen;50 jaar of ouder;Sector techniek;A Landbouw, bosbouw en visserij;2015/'16;0;0;0;0;0;0;0;0;0;0;0;0;0;0;0
7363;Totaal mannen en vrouwen;50 jaar of ouder;Sector techniek;A Landbouw, bosbouw en visserij;2016/'17;1;0;1;0;0;0;1;0;0;0;0;0;1;0;0
7364;Totaal mannen en vrouwen;50 jaar of ouder;Sector techniek;A Landbouw, bosbouw en visserij;2017/'18;0;0;0;0;0;0;0;0;0;0;0;0;0;0;0
7365;Totaal mannen en vrouwen;50 jaar of ouder;Sector techniek;A Landbouw, bosbouw en visserij;2018/'19;0;0;0;0;0;0;0;0;0;0;0;0;0;0;0
7366;Totaal mannen en vrouwen;50 jaar of ouder;Sector techniek;A Landbouw, bosbouw en visserij;2019/'20;2;0;2;0;0;1;1;0;1;0;0;0;1;0;0
7367;Totaal mannen en vrouwen;50 jaar of ouder;Sector techniek;A Landbouw, bosbouw en visserij;2020/'21;0;0;0;0;0;0;0;0;0;0;0;0;0;0;0
7368;Totaal mannen en vrouwen;50 jaar of ouder;Sector techniek;B-E Nijverheid (geen bouw) en energie;2009/'10;725;439;211;55;20;17;708;0;4;12;1;439;207;43;19
7369;Totaal mannen en vrouwen;50 jaar of ouder;Sector techniek;B-E Nijverheid (geen bouw) en energie;2010/'11;573;353;175;29;16;5;568;0;2;3;0;353;173;26;16
7370;Totaal mannen en vrouwen;50 jaar of ouder;Sector techniek;B-E Nijverheid (geen bouw) en energie;2011/'12;245;67;130;37;11;2;243;0;1;0;1;67;129;37;10
7371;Totaal mannen en vrouwen;50 jaar of ouder;Sector techniek;B-E Nijverheid (geen bouw) en energie;2012/'13;455;127;255;57;16;1;454;0;0;0;1;127;255;57;15
7372;Totaal mannen en vrouwen;50 jaar of ouder;Sector techniek;B-E Nijverheid (geen bouw) en energie;2013/'14;121;21;51;38;11;0;121;0;0;0;0;21;51;38;11
7373;Totaal mannen en vrouwen;50 jaar of ouder;Sector techniek;B-E Nijverheid (geen bouw) en energie;2014/'15;123;51;26;41;5;0;123;0;0;0;0;51;26;41;5
7374;Totaal mannen en vrouwen;50 jaar of ouder;Sector techniek;B-E Nijverheid (geen bouw) en energie;2015/'16;178;38;86;51;3;0;178;0;0;0;0;38;86;51;3
7375;Totaal mannen en vrouwen;50 jaar of ouder;Sector techniek;B-E Nijverheid (geen bouw) en energie;2016/'17;176;13;93;67;3;0;176;0;0;0;0;13;93;67;3
7376;Totaal mannen en vrouwen;50 jaar of ouder;Sector techniek;B-E Nijverheid (geen bouw) en energie;2017/'18;69;0;26;33;10;0;69;0;0;0;0;0;26;33;10
7377;Totaal mannen en vrouwen;50 jaar of ouder;Sector techniek;B-E Nijverheid (geen bouw) en energie;2018/'19;83;0;55;19;9;0;83;0;0;0;0;0;55;19;9
7378;Totaal mannen en vrouwen;50 jaar of ouder;Sector techniek;B-E Nijverheid (geen bouw) en energie;2019/'20;53;0;24;19;10;0;53;0;0;0;0;0;24;19;10
7379;Totaal mannen en vrouwen;50 jaar of ouder;Sector techniek;B-E Nijverheid (geen bouw) en energie;2020/'21;46;0;17;18;11;0;46;0;0;0;0;0;17;18;11
7380;Totaal mannen en vrouwen;50 jaar of ouder;Sector techniek;F Bouwnijverheid;2009/'10;396;0;145;158;93;1;395;0;1;0;0;0;144;158;93
7381;Totaal mannen en vrouwen;50 jaar of ouder;Sector techniek;F Bouwnijverheid;2010/'11;147;1;85;34;27;2;145;0;2;0;0;1;83;34;27
7382;Totaal mannen en vrouwen;50 jaar of ouder;Sector techniek;F Bouwnijverheid;2011/'12;81;0;49;20;12;0;81;0;0;0;0;0;49;20;12
7383;Totaal mannen en vrouwen;50 jaar of ouder;Sector techniek;F Bouwnijverheid;2012/'13;65;0;41;13;11;0;65;0;0;0;0;0;41;13;11
7384;Totaal mannen en vrouwen;50 jaar of ouder;Sector techniek;F Bouwnijverheid;2013/'14;8;0;5;2;1;0;8;0;0;0;0;0;5;2;1
7385;Totaal mannen en vrouwen;50 jaar of ouder;Sector techniek;F Bouwnijverheid;2014/'15;10;0;4;2;4;0;10;0;0;0;0;0;4;2;4
7386;Totaal mannen en vrouwen;50 jaar of ouder;Sector techniek;F Bouwnijverheid;2015/'16;18;1;4;11;2;0;18;0;0;0;0;1;4;11;2
7387;Totaal mannen en vrouwen;50 jaar of ouder;Sector techniek;F Bouwnijverheid;2016/'17;12;0;4;4;4;2;10;0;2;0;0;0;2;4;4
7388;Totaal mannen en vrouwen;50 jaar of ouder;Sector techniek;F Bouwnijverheid;2017/'18;16;0;7;5;4;4;12;0;3;1;0;0;4;4;4
7389;Totaal mannen en vrouwen;50 jaar of ouder;Sector techniek;F Bouwnijverheid;2018/'19;17;0;7;5;5;1;16;0;0;0;1;0;7;5;4
7390;Totaal mannen en vrouwen;50 jaar of ouder;Sector techniek;F Bouwnijverheid;2019/'20;17;0;11;3;3;1;16;0;0;1;0;0;11;2;3
7391;Totaal mannen en vrouwen;50 jaar of ouder;Sector techniek;F Bouwnijverheid;2020/'21;15;0;8;5;2;0;15;0;0;0;0;0;8;5;2
7392;Totaal mannen en vrouwen;50 jaar of ouder;Sector techniek;G-I Handel, vervoer en horeca;2009/'10;1619;41;1551;12;15;5;1614;0;2;0;3;41;1549;12;12
7393;Totaal mannen en vrouwen;50 jaar of ouder;Sector techniek;G-I Handel, vervoer en horeca;2010/'11;546;4;510;13;19;3;543;0;0;2;1;4;510;11;18
7394;Totaal mannen en vrouwen;50 jaar of ouder;Sector techniek;G-I Handel, vervoer en horeca;2011/'12;845;3;822;8;12;7;838;0;3;2;2;3;819;6;10
7395;Totaal mannen en vrouwen;50 jaar of ouder;Sector techniek;G-I Handel, vervoer en horeca;2012/'13;632;56;540;17;19;3;629;0;2;0;1;56;538;17;18
7396;Totaal mannen en vrouwen;50 jaar of ouder;Sector techniek;G-I Handel, vervoer en horeca;2013/'14;84;4;57;9;14;0;84;0;0;0;0;4;57;9;14
7397;Totaal mannen en vrouwen;50 jaar of ouder;Sector techniek;G-I Handel, vervoer en horeca;2014/'15;58;4;19;24;11;0;58;0;0;0;0;4;19;24;11
7398;Totaal mannen en vrouwen;50 jaar of ouder;Sector techniek;G-I Handel, vervoer en horeca;2015/'16;33;2;9;12;10;0;33;0;0;0;0;2;9;12;10
7399;Totaal mannen en vrouwen;50 jaar of ouder;Sector techniek;G-I Handel, vervoer en horeca;2016/'17;62;2;21;17;22;2;60;0;2;0;0;2;19;17;22
7400;Totaal mannen en vrouwen;50 jaar of ouder;Sector techniek;G-I Handel, vervoer en horeca;2017/'18;43;0;12;11;20;2;41;0;0;1;1;0;12;10;19
7401;Totaal mannen en vrouwen;50 jaar of ouder;Sector techniek;G-I Handel, vervoer en horeca;2018/'19;50;0;15;13;22;1;49;0;0;0;1;0;15;13;21
7402;Totaal mannen en vrouwen;50 jaar of ouder;Sector techniek;G-I Handel, vervoer en horeca;2019/'20;49;0;20;12;17;0;49;0;0;0;0;0;20;12;17
7403;Totaal mannen en vrouwen;50 jaar of ouder;Sector techniek;G-I Handel, vervoer en horeca;2020/'21;40;0;13;8;19;0;40;0;0;0;0;0;13;8;19
7404;Totaal mannen en vrouwen;50 jaar of ouder;Sector techniek;J Informatie en communicatie;2009/'10;10;0;10;0;0;0;10;0;0;0;0;0;10;0;0
7405;Totaal mannen en vrouwen;50 jaar of ouder;Sector techniek;J Informatie en communicatie;2010/'11;13;1;12;0;0;2;11;0;2;0;0;1;10;0;0
7406;Totaal mannen en vrouwen;50 jaar of ouder;Sector techniek;J Informatie en communicatie;2011/'12;12;5;6;0;1;3;9;0;3;0;0;5;3;0;1
7407;Totaal mannen en vrouwen;50 jaar of ouder;Sector techniek;J Informatie en communicatie;2012/'13;5;0;5;0;0;1;4;0;1;0;0;0;4;0;0
7408;Totaal mannen en vrouwen;50 jaar of ouder;Sector techniek;J Informatie en communicatie;2013/'14;2;0;2;0;0;0;2;0;0;0;0;0;2;0;0
7409;Totaal mannen en vrouwen;50 jaar of ouder;Sector techniek;J Informatie en communicatie;2014/'15;2;0;0;2;0;0;2;0;0;0;0;0;0;2;0
7410;Totaal mannen en vrouwen;50 jaar of ouder;Sector techniek;J Informatie en communicatie;2015/'16;0;0;0;0;0;0;0;0;0;0;0;0;0;0;0
7411;Totaal mannen en vrouwen;50 jaar of ouder;Sector techniek;J Informatie en communicatie;2016/'17;2;0;1;1;0;0;2;0;0;0;0;0;1;1;0
7412;Totaal mannen en vrouwen;50 jaar of ouder;Sector techniek;J Informatie en communicatie;2017/'18;1;0;0;1;0;0;1;0;0;0;0;0;0;1;0
7413;Totaal mannen en vrouwen;50 jaar of ouder;Sector techniek;J Informatie en communicatie;2018/'19;2;0;0;1;1;1;1;0;0;1;0;0;0;0;1
7414;Totaal mannen en vrouwen;50 jaar of ouder;Sector techniek;J Informatie en communicatie;2019/'20;1;0;0;1;0;0;1;0;0;0;0;0;0;1;0
7415;Totaal mannen en vrouwen;50 jaar of ouder;Sector techniek;J Informatie en communicatie;2020/'21;1;0;1;0;0;0;1;0;0;0;0;0;1;0;0
7416;Totaal mannen en vrouwen;50 jaar of ouder;Sector techniek;K Financiële dienstverlening;2009/'10;13;1;11;0;1;1;12;0;0;0;1;1;11;0;0
7417;Totaal mannen en vrouwen;50 jaar of ouder;Sector techniek;K Financiële dienstverlening;2010/'11;4;0;2;0;2;2;2;0;0;0;2;0;2;0;0
7418;Totaal mannen en vrouwen;50 jaar of ouder;Sector techniek;K Financiële dienstverlening;2011/'12;6;0;6;0;0;1;5;0;1;0;0;0;5;0;0
7419;Totaal mannen en vrouwen;50 jaar of ouder;Sector techniek;K Financiële dienstverlening;2012/'13;3;0;3;0;0;1;2;0;1;0;0;0;2;0;0
7420;Totaal mannen en vrouwen;50 jaar of ouder;Sector techniek;K Financiële dienstverlening;2013/'14;0;0;0;0;0;0;0;0;0;0;0;0;0;0;0
7421;Totaal mannen en vrouwen;50 jaar of ouder;Sector techniek;K Financiële dienstverlening;2014/'15;3;1;1;0;1;0;3;0;0;0;0;1;1;0;1
7422;Totaal mannen en vrouwen;50 jaar of ouder;Sector techniek;K Financiële dienstverlening;2015/'16;2;1;0;1;0;0;2;0;0;0;0;1;0;1;0
7423;Totaal mannen en vrouwen;50 jaar of ouder;Sector techniek;K Financiële dienstverlening;2016/'17;2;0;0;0;2;0;2;0;0;0;0;0;0;0;2
7424;Totaal mannen en vrouwen;50 jaar of ouder;Sector techniek;K Financiële dienstverlening;2017/'18;4;0;1;1;2;1;3;0;0;0;1;0;1;1;1
7425;Totaal mannen en vrouwen;50 jaar of ouder;Sector techniek;K Financiële dienstverlening;2018/'19;4;0;1;0;3;0;4;0;0;0;0;0;1;0;3
7426;Totaal mannen en vrouwen;50 jaar of ouder;Sector techniek;K Financiële dienstverlening;2019/'20;4;0;0;0;4;0;4;0;0;0;0;0;0;0;4
7427;Totaal mannen en vrouwen;50 jaar of ouder;Sector techniek;K Financiële dienstverlening;2020/'21;1;0;1;0;0;0;1;0;0;0;0;0;1;0;0
7428;Totaal mannen en vrouwen;50 jaar of ouder;Sector techniek;L Verhuur en handel van onroerend goed;2009/'10;9;0;9;0;0;1;8;0;1;0;0;0;8;0;0
7429;Totaal mannen en vrouwen;50 jaar of ouder;Sector techniek;L Verhuur en handel van onroerend goed;2010/'11;5;0;4;0;1;1;4;0;0;0;1;0;4;0;0
7430;Totaal mannen en vrouwen;50 jaar of ouder;Sector techniek;L Verhuur en handel van onroerend goed;2011/'12;3;0;3;0;0;0;3;0;0;0;0;0;3;0;0
7431;Totaal mannen en vrouwen;50 jaar of ouder;Sector techniek;L Verhuur en handel van onroerend goed;2012/'13;7;0;7;0;0;0;7;0;0;0;0;0;7;0;0
7432;Totaal mannen en vrouwen;50 jaar of ouder;Sector techniek;L Verhuur en handel van onroerend goed;2013/'14;10;0;10;0;0;0;10;0;0;0;0;0;10;0;0
7433;Totaal mannen en vrouwen;50 jaar of ouder;Sector techniek;L Verhuur en handel van onroerend goed;2014/'15;1;0;1;0;0;0;1;0;0;0;0;0;1;0;0
7434;Totaal mannen en vrouwen;50 jaar of ouder;Sector techniek;L Verhuur en handel van onroerend goed;2015/'16;3;0;3;0;0;0;3;0;0;0;0;0;3;0;0
7435;Totaal mannen en vrouwen;50 jaar of ouder;Sector techniek;L Verhuur en handel van onroerend goed;2016/'17;6;0;3;3;0;0;6;0;0;0;0;0;3;3;0
7436;Totaal mannen en vrouwen;50 jaar of ouder;Sector techniek;L Verhuur en handel van onroerend goed;2017/'18;0;0;0;0;0;0;0;0;0;0;0;0;0;0;0
7437;Totaal mannen en vrouwen;50 jaar of ouder;Sector techniek;L Verhuur en handel van onroerend goed;2018/'19;2;0;0;2;0;0;2;0;0;0;0;0;0;2;0
7438;Totaal mannen en vrouwen;50 jaar of ouder;Sector techniek;L Verhuur en handel van onroerend goed;2019/'20;4;0;0;4;0;0;4;0;0;0;0;0;0;4;0
7439;Totaal mannen en vrouwen;50 jaar of ouder;Sector techniek;L Verhuur en handel van onroerend goed;2020/'21;4;0;0;4;0;0;4;0;0;0;0;0;0;4;0
7440;Totaal mannen en vrouwen;50 jaar of ouder;Sector techniek;M-N Zakelijke dienstverlening;2009/'10;194;9;135;37;13;3;191;0;1;1;1;9;134;36;12
7441;Totaal mannen en vrouwen;50 jaar of ouder;Sector techniek;M-N Zakelijke dienstverlening;2010/'11;150;24;63;58;5;5;145;0;1;2;2;24;62;56;3
7442;Totaal mannen en vrouwen;50 jaar of ouder;Sector techniek;M-N Zakelijke dienstverlening;2011/'12;128;8;90;19;11;2;126;0;1;0;1;8;89;19;10
7443;Totaal mannen en vrouwen;50 jaar of ouder;Sector techniek;M-N Zakelijke dienstverlening;2012/'13;113;20;67;15;11;1;112;0;0;1;0;20;67;14;11
7444;Totaal mannen en vrouwen;50 jaar of ouder;Sector techniek;M-N Zakelijke dienstverlening;2013/'14;40;2;27;6;5;1;39;0;0;0;1;2;27;6;4
7445;Totaal mannen en vrouwen;50 jaar of ouder;Sector techniek;M-N Zakelijke dienstverlening;2014/'15;23;7;6;4;6;0;23;0;0;0;0;7;6;4;6
7446;Totaal mannen en vrouwen;50 jaar of ouder;Sector techniek;M-N Zakelijke dienstverlening;2015/'16;39;8;20;8;3;0;39;0;0;0;0;8;20;8;3
7447;Totaal mannen en vrouwen;50 jaar of ouder;Sector techniek;M-N Zakelijke dienstverlening;2016/'17;42;0;21;19;2;0;42;0;0;0;0;0;21;19;2
7448;Totaal mannen en vrouwen;50 jaar of ouder;Sector techniek;M-N Zakelijke dienstverlening;2017/'18;64;0;33;27;4;0;64;0;0;0;0;0;33;27;4
7449;Totaal mannen en vrouwen;50 jaar of ouder;Sector techniek;M-N Zakelijke dienstverlening;2018/'19;53;0;28;20;5;0;53;0;0;0;0;0;28;20;5
7450;Totaal mannen en vrouwen;50 jaar of ouder;Sector techniek;M-N Zakelijke dienstverlening;2019/'20;73;0;36;26;11;0;73;0;0;0;0;0;36;26;11
7451;Totaal mannen en vrouwen;50 jaar of ouder;Sector techniek;M-N Zakelijke dienstverlening;2020/'21;29;0;15;12;2;0;29;0;0;0;0;0;15;12;2
7452;Totaal mannen en vrouwen;50 jaar of ouder;Sector techniek;O-Q Overheid en zorg;2009/'10;94;1;71;4;18;22;72;0;7;2;13;1;64;2;5
7453;Totaal mannen en vrouwen;50 jaar of ouder;Sector techniek;O-Q Overheid en zorg;2010/'11;53;2;37;6;8;10;43;0;6;2;2;2;31;4;6
7454;Totaal mannen en vrouwen;50 jaar of ouder;Sector techniek;O-Q Overheid en zorg;2011/'12;54;0;47;6;1;7;47;0;6;1;0;0;41;5;1
7455;Totaal mannen en vrouwen;50 jaar of ouder;Sector techniek;O-Q Overheid en zorg;2012/'13;50;6;38;2;4;6;44;0;5;1;0;6;33;1;4
7456;Totaal mannen en vrouwen;50 jaar of ouder;Sector techniek;O-Q Overheid en zorg;2013/'14;27;11;13;1;2;2;25;0;2;0;0;11;11;1;2
7457;Totaal mannen en vrouwen;50 jaar of ouder;Sector techniek;O-Q Overheid en zorg;2014/'15;21;5;6;6;4;1;20;1;0;0;0;4;6;6;4
7458;Totaal mannen en vrouwen;50 jaar of ouder;Sector techniek;O-Q Overheid en zorg;2015/'16;85;54;23;4;4;1;84;1;0;0;0;53;23;4;4
7459;Totaal mannen en vrouwen;50 jaar of ouder;Sector techniek;O-Q Overheid en zorg;2016/'17;74;0;64;4;6;0;74;0;0;0;0;0;64;4;6
7460;Totaal mannen en vrouwen;50 jaar of ouder;Sector techniek;O-Q Overheid en zorg;2017/'18;26;0;16;4;6;1;25;0;0;1;0;0;16;3;6
7461;Totaal mannen en vrouwen;50 jaar of ouder;Sector techniek;O-Q Overheid en zorg;2018/'19;19;0;6;5;8;1;18;0;0;1;0;0;6;4;8
7462;Totaal mannen en vrouwen;50 jaar of ouder;Sector techniek;O-Q Overheid en zorg;2019/'20;33;0;19;10;4;0;33;0;0;0;0;0;19;10;4
7463;Totaal mannen en vrouwen;50 jaar of ouder;Sector techniek;O-Q Overheid en zorg;2020/'21;21;0;12;5;4;0;21;0;0;0;0;0;12;5;4
7464;Totaal mannen en vrouwen;50 jaar of ouder;Sector techniek;R-U Cultuur, recreatie, overige diensten;2009/'10;6;0;5;0;1;1;5;0;0;0;1;0;5;0;0
7465;Totaal mannen en vrouwen;50 jaar of ouder;Sector techniek;R-U Cultuur, recreatie, overige diensten;2010/'11;6;2;3;1;0;2;4;0;1;1;0;2;2;0;0
7466;Totaal mannen en vrouwen;50 jaar of ouder;Sector techniek;R-U Cultuur, recreatie, overige diensten;2011/'12;52;44;8;0;0;1;51;0;1;0;0;44;7;0;0
7467;Totaal mannen en vrouwen;50 jaar of ouder;Sector techniek;R-U Cultuur, recreatie, overige diensten;2012/'13;23;8;14;1;0;1;22;0;1;0;0;8;13;1;0
7468;Totaal mannen en vrouwen;50 jaar of ouder;Sector techniek;R-U Cultuur, recreatie, overige diensten;2013/'14;2;0;2;0;0;0;2;0;0;0;0;0;2;0;0
7469;Totaal mannen en vrouwen;50 jaar of ouder;Sector techniek;R-U Cultuur, recreatie, overige diensten;2014/'15;2;2;0;0;0;0;2;0;0;0;0;2;0;0;0
7470;Totaal mannen en vrouwen;50 jaar of ouder;Sector techniek;R-U Cultuur, recreatie, overige diensten;2015/'16;4;0;1;0;3;0;4;0;0;0;0;0;1;0;3
7471;Totaal mannen en vrouwen;50 jaar of ouder;Sector techniek;R-U Cultuur, recreatie, overige diensten;2016/'17;2;0;1;0;1;0;2;0;0;0;0;0;1;0;1
7472;Totaal mannen en vrouwen;50 jaar of ouder;Sector techniek;R-U Cultuur, recreatie, overige diensten;2017/'18;5;0;3;1;1;0;5;0;0;0;0;0;3;1;1
7473;Totaal mannen en vrouwen;50 jaar of ouder;Sector techniek;R-U Cultuur, recreatie, overige diensten;2018/'19;6;0;2;0;4;0;6;0;0;0;0;0;2;0;4
7474;Totaal mannen en vrouwen;50 jaar of ouder;Sector techniek;R-U Cultuur, recreatie, overige diensten;2019/'20;3;0;2;0;1;0;3;0;0;0;0;0;2;0;1
7475;Totaal mannen en vrouwen;50 jaar of ouder;Sector techniek;R-U Cultuur, recreatie, overige diensten;2020/'21;1;0;0;0;1;0;1;0;0;0;0;0;0;0;1
7476;Totaal mannen en vrouwen;50 jaar of ouder;Sector techniek;SBI-code onbekend;2009/'10;85;0;81;2;2;4;81;0;1;2;1;0;80;0;1
7477;Totaal mannen en vrouwen;50 jaar of ouder;Sector techniek;SBI-code onbekend;2010/'11;41;0;36;2;3;4;37;0;2;1;1;0;34;1;2
7478;Totaal mannen en vrouwen;50 jaar of ouder;Sector techniek;SBI-code onbekend;2011/'12;30;0;29;0;1;1;29;0;1;0;0;0;28;0;1
7479;Totaal mannen en vrouwen;50 jaar of ouder;Sector techniek;SBI-code onbekend;2012/'13;24;0;22;0;2;4;20;0;3;0;1;0;19;0;1
7480;Totaal mannen en vrouwen;50 jaar of ouder;Sector techniek;SBI-code onbekend;2013/'14;5;0;3;1;1;1;4;0;0;1;0;0;3;0;1
7481;Totaal mannen en vrouwen;50 jaar of ouder;Sector techniek;SBI-code onbekend;2014/'15;5;0;4;0;1;1;4;0;1;0;0;0;3;0;1
7482;Totaal mannen en vrouwen;50 jaar of ouder;Sector techniek;SBI-code onbekend;2015/'16;1;0;1;0;0;0;1;0;0;0;0;0;1;0;0
7483;Totaal mannen en vrouwen;50 jaar of ouder;Sector techniek;SBI-code onbekend;2016/'17;1;0;1;0;0;0;1;0;0;0;0;0;1;0;0
7484;Totaal mannen en vrouwen;50 jaar of ouder;Sector techniek;SBI-code onbekend;2017/'18;1;0;1;0;0;0;1;0;0;0;0;0;1;0;0
7485;Totaal mannen en vrouwen;50 jaar of ouder;Sector techniek;SBI-code onbekend;2018/'19;0;0;0;0;0;0;0;0;0;0;0;0;0;0;0
7486;Totaal mannen en vrouwen;50 jaar of ouder;Sector techniek;SBI-code onbekend;2019/'20;3;0;2;1;0;1;2;0;1;0;0;0;1;1;0
7487;Totaal mannen en vrouwen;50 jaar of ouder;Sector techniek;SBI-code onbekend;2020/'21;1;0;0;1;0;0;1;0;0;0;0;0;0;1;0
7488;Totaal mannen en vrouwen;50 jaar of ouder;Sector zorg en welzijn;A-U Alle economische activiteiten;2009/'10;1666;96;570;641;359;218;1448;3;113;64;38;93;457;577;321
7489;Totaal mannen en vrouwen;50 jaar of ouder;Sector zorg en welzijn;A-U Alle economische activiteiten;2010/'11;1553;92;417;593;451;133;1420;2;49;34;48;90;368;559;403
7490;Totaal mannen en vrouwen;50 jaar of ouder;Sector zorg en welzijn;A-U Alle economische activiteiten;2011/'12;1367;69;525;509;264;107;1260;0;41;32;34;69;484;477;230
7491;Totaal mannen en vrouwen;50 jaar of ouder;Sector zorg en welzijn;A-U Alle economische activiteiten;2012/'13;1335;82;534;490;229;92;1243;1;34;31;26;81;500;459;203
7492;Totaal mannen en vrouwen;50 jaar of ouder;Sector zorg en welzijn;A-U Alle economische activiteiten;2013/'14;882;23;361;325;173;42;840;0;13;8;21;23;348;317;152
7493;Totaal mannen en vrouwen;50 jaar of ouder;Sector zorg en welzijn;A-U Alle economische activiteiten;2014/'15;648;14;200;291;143;5;643;0;1;2;2;14;199;289;141
7494;Totaal mannen en vrouwen;50 jaar of ouder;Sector zorg en welzijn;A-U Alle economische activiteiten;2015/'16;603;1;162;316;124;7;596;0;2;4;1;1;160;312;123
7495;Totaal mannen en vrouwen;50 jaar of ouder;Sector zorg en welzijn;A-U Alle economische activiteiten;2016/'17;1096;0;250;590;256;8;1088;0;2;4;2;0;248;586;254
7496;Totaal mannen en vrouwen;50 jaar of ouder;Sector zorg en welzijn;A-U Alle economische activiteiten;2017/'18;1253;0;261;638;354;10;1243;0;2;6;2;0;259;632;352
7497;Totaal mannen en vrouwen;50 jaar of ouder;Sector zorg en welzijn;A-U Alle economische activiteiten;2018/'19;1599;0;433;717;449;15;1584;0;7;4;4;0;426;713;445
7498;Totaal mannen en vrouwen;50 jaar of ouder;Sector zorg en welzijn;A-U Alle economische activiteiten;2019/'20;1648;0;462;664;522;8;1640;0;3;4;1;0;459;660;521
7499;Totaal mannen en vrouwen;50 jaar of ouder;Sector zorg en welzijn;A-U Alle economische activiteiten;2020/'21;1762;0;469;732;561;13;1749;0;4;2;7;0;465;730;554
7500;Totaal mannen en vrouwen;50 jaar of ouder;Sector zorg en welzijn;A Landbouw, bosbouw en visserij;2009/'10;7;0;4;1;2;3;4;0;3;0;0;0;1;1;2
7501;Totaal mannen en vrouwen;50 jaar of ouder;Sector zorg en welzijn;A Landbouw, bosbouw en visserij;2010/'11;5;1;1;3;0;0;5;0;0;0;0;1;1;3;0
7502;Totaal mannen en vrouwen;50 jaar of ouder;Sector zorg en welzijn;A Landbouw, bosbouw en visserij;2011/'12;3;0;0;3;0;1;2;0;0;1;0;0;0;2;0
7503;Totaal mannen en vrouwen;50 jaar of ouder;Sector zorg en welzijn;A Landbouw, bosbouw en visserij;2012/'13;3;0;1;2;0;1;2;0;0;1;0;0;1;1;0
7504;Totaal mannen en vrouwen;50 jaar of ouder;Sector zorg en welzijn;A Landbouw, bosbouw en visserij;2013/'14;2;0;0;2;0;0;2;0;0;0;0;0;0;2;0
7505;Totaal mannen en vrouwen;50 jaar of ouder;Sector zorg en welzijn;A Landbouw, bosbouw en visserij;2014/'15;1;0;0;1;0;0;1;0;0;0;0;0;0;1;0
7506;Totaal mannen en vrouwen;50 jaar of ouder;Sector zorg en welzijn;A Landbouw, bosbouw en visserij;2015/'16;3;0;0;3;0;0;3;0;0;0;0;0;0;3;0
7507;Totaal mannen en vrouwen;50 jaar of ouder;Sector zorg en welzijn;A Landbouw, bosbouw en visserij;2016/'17;4;0;2;2;0;0;4;0;0;0;0;0;2;2;0
7508;Totaal mannen en vrouwen;50 jaar of ouder;Sector zorg en welzijn;A Landbouw, bosbouw en visserij;2017/'18;16;0;3;10;3;0;16;0;0;0;0;0;3;10;3
7509;Totaal mannen en vrouwen;50 jaar of ouder;Sector zorg en welzijn;A Landbouw, bosbouw en visserij;2018/'19;7;0;1;5;1;0;7;0;0;0;0;0;1;5;1
7510;Totaal mannen en vrouwen;50 jaar of ouder;Sector zorg en welzijn;A Landbouw, bosbouw en visserij;2019/'20;11;0;2;9;0;1;10;0;0;1;0;0;2;8;0
7511;Totaal mannen en vrouwen;50 jaar of ouder;Sector zorg en welzijn;A Landbouw, bosbouw en visserij;2020/'21;21;0;5;10;6;1;20;0;0;0;1;0;5;10;5
7512;Totaal mannen en vrouwen;50 jaar of ouder;Sector zorg en welzijn;B-E Nijverheid (geen bouw) en energie;2009/'10;166;1;53;48;64;16;150;1;8;2;5;0;45;46;59
7513;Totaal mannen en vrouwen;50 jaar of ouder;Sector zorg en welzijn;B-E Nijverheid (geen bouw) en energie;2010/'11;99;0;40;18;41;5;94;0;2;1;2;0;38;17;39
7514;Totaal mannen en vrouwen;50 jaar of ouder;Sector zorg en welzijn;B-E Nijverheid (geen bouw) en energie;2011/'12;60;2;25;16;17;2;58;0;2;0;0;2;23;16;17
7515;Totaal mannen en vrouwen;50 jaar of ouder;Sector zorg en welzijn;B-E Nijverheid (geen bouw) en energie;2012/'13;35;3;20;8;4;6;29;0;4;0;2;3;16;8;2
7516;Totaal mannen en vrouwen;50 jaar of ouder;Sector zorg en welzijn;B-E Nijverheid (geen bouw) en energie;2013/'14;17;1;13;2;1;2;15;0;1;1;0;1;12;1;1
7517;Totaal mannen en vrouwen;50 jaar of ouder;Sector zorg en welzijn;B-E Nijverheid (geen bouw) en energie;2014/'15;4;0;1;1;2;0;4;0;0;0;0;0;1;1;2
7518;Totaal mannen en vrouwen;50 jaar of ouder;Sector zorg en welzijn;B-E Nijverheid (geen bouw) en energie;2015/'16;6;0;1;3;2;0;6;0;0;0;0;0;1;3;2
7519;Totaal mannen en vrouwen;50 jaar of ouder;Sector zorg en welzijn;B-E Nijverheid (geen bouw) en energie;2016/'17;8;0;0;6;2;0;8;0;0;0;0;0;0;6;2
7520;Totaal mannen en vrouwen;50 jaar of ouder;Sector zorg en welzijn;B-E Nijverheid (geen bouw) en energie;2017/'18;21;0;2;13;6;1;20;0;0;1;0;0;2;12;6
7521;Totaal mannen en vrouwen;50 jaar of ouder;Sector zorg en welzijn;B-E Nijverheid (geen bouw) en energie;2018/'19;44;0;14;20;10;4;40;0;4;0;0;0;10;20;10
7522;Totaal mannen en vrouwen;50 jaar of ouder;Sector zorg en welzijn;B-E Nijverheid (geen bouw) en energie;2019/'20;62;0;11;31;20;0;62;0;0;0;0;0;11;31;20
7523;Totaal mannen en vrouwen;50 jaar of ouder;Sector zorg en welzijn;B-E Nijverheid (geen bouw) en energie;2020/'21;61;0;15;20;26;3;58;0;2;0;1;0;13;20;25
7524;Totaal mannen en vrouwen;50 jaar of ouder;Sector zorg en welzijn;F Bouwnijverheid;2009/'10;6;0;2;4;0;2;4;0;1;1;0;0;1;3;0
7525;Totaal mannen en vrouwen;50 jaar of ouder;Sector zorg en welzijn;F Bouwnijverheid;2010/'11;5;0;2;2;1;1;4;0;0;0;1;0;2;2;0
7526;Totaal mannen en vrouwen;50 jaar of ouder;Sector zorg en welzijn;F Bouwnijverheid;2011/'12;5;1;1;3;0;1;4;0;1;0;0;1;0;3;0
7527;Totaal mannen en vrouwen;50 jaar of ouder;Sector zorg en welzijn;F Bouwnijverheid;2012/'13;4;0;0;4;0;0;4;0;0;0;0;0;0;4;0
7528;Totaal mannen en vrouwen;50 jaar of ouder;Sector zorg en welzijn;F Bouwnijverheid;2013/'14;5;0;0;3;2;3;2;0;0;2;1;0;0;1;1
7529;Totaal mannen en vrouwen;50 jaar of ouder;Sector zorg en welzijn;F Bouwnijverheid;2014/'15;2;0;1;1;0;0;2;0;0;0;0;0;1;1;0
7530;Totaal mannen en vrouwen;50 jaar of ouder;Sector zorg en welzijn;F Bouwnijverheid;2015/'16;2;0;0;1;1;0;2;0;0;0;0;0;0;1;1
7531;Totaal mannen en vrouwen;50 jaar of ouder;Sector zorg en welzijn;F Bouwnijverheid;2016/'17;4;0;1;3;0;0;4;0;0;0;0;0;1;3;0
7532;Totaal mannen en vrouwen;50 jaar of ouder;Sector zorg en welzijn;F Bouwnijverheid;2017/'18;6;0;1;3;2;0;6;0;0;0;0;0;1;3;2
7533;Totaal mannen en vrouwen;50 jaar of ouder;Sector zorg en welzijn;F Bouwnijverheid;2018/'19;19;0;6;8;5;0;19;0;0;0;0;0;6;8;5
7534;Totaal mannen en vrouwen;50 jaar of ouder;Sector zorg en welzijn;F Bouwnijverheid;2019/'20;20;0;2;13;5;0;20;0;0;0;0;0;2;13;5
7535;Totaal mannen en vrouwen;50 jaar of ouder;Sector zorg en welzijn;F Bouwnijverheid;2020/'21;22;0;4;13;5;1;21;0;0;1;0;0;4;12;5
7536;Totaal mannen en vrouwen;50 jaar of ouder;Sector zorg en welzijn;G-I Handel, vervoer en horeca;2009/'10;112;7;45;37;23;41;71;1;20;12;8;6;25;25;15
7537;Totaal mannen en vrouwen;50 jaar of ouder;Sector zorg en welzijn;G-I Handel, vervoer en horeca;2010/'11;82;6;25;35;16;17;65;0;5;4;8;6;20;31;8
7538;Totaal mannen en vrouwen;50 jaar of ouder;Sector zorg en welzijn;G-I Handel, vervoer en horeca;2011/'12;85;8;24;37;16;15;70;0;4;2;9;8;20;35;7
7539;Totaal mannen en vrouwen;50 jaar of ouder;Sector zorg en welzijn;G-I Handel, vervoer en horeca;2012/'13;59;2;21;28;8;14;45;0;5;7;2;2;16;21;6
7540;Totaal mannen en vrouwen;50 jaar of ouder;Sector zorg en welzijn;G-I Handel, vervoer en horeca;2013/'14;30;0;5;15;10;7;23;0;2;1;4;0;3;14;6
7541;Totaal mannen en vrouwen;50 jaar of ouder;Sector zorg en welzijn;G-I Handel, vervoer en horeca;2014/'15;12;0;2;7;3;1;11;0;0;0;1;0;2;7;2
7542;Totaal mannen en vrouwen;50 jaar of ouder;Sector zorg en welzijn;G-I Handel, vervoer en horeca;2015/'16;15;0;5;8;2;0;15;0;0;0;0;0;5;8;2
7543;Totaal mannen en vrouwen;50 jaar of ouder;Sector zorg en welzijn;G-I Handel, vervoer en horeca;2016/'17;33;0;6;16;11;2;31;0;0;1;1;0;6;15;10
7544;Totaal mannen en vrouwen;50 jaar of ouder;Sector zorg en welzijn;G-I Handel, vervoer en horeca;2017/'18;82;0;12;49;21;1;81;0;1;0;0;0;11;49;21
7545;Totaal mannen en vrouwen;50 jaar of ouder;Sector zorg en welzijn;G-I Handel, vervoer en horeca;2018/'19;205;0;40;129;36;2;203;0;0;1;1;0;40;128;35
7546;Totaal mannen en vrouwen;50 jaar of ouder;Sector zorg en welzijn;G-I Handel, vervoer en horeca;2019/'20;309;0;66;167;76;4;305;0;2;2;0;0;64;165;76
7547;Totaal mannen en vrouwen;50 jaar of ouder;Sector zorg en welzijn;G-I Handel, vervoer en horeca;2020/'21;328;0;74;163;91;1;327;0;0;0;1;0;74;163;90
7548;Totaal mannen en vrouwen;50 jaar of ouder;Sector zorg en welzijn;J Informatie en communicatie;2009/'10;9;0;5;2;2;4;5;0;3;1;0;0;2;1;2
7549;Totaal mannen en vrouwen;50 jaar of ouder;Sector zorg en welzijn;J Informatie en communicatie;2010/'11;11;0;2;4;5;2;9;0;1;0;1;0;1;4;4
7550;Totaal mannen en vrouwen;50 jaar of ouder;Sector zorg en welzijn;J Informatie en communicatie;2011/'12;10;0;2;4;4;3;7;0;1;0;2;0;1;4;2
7551;Totaal mannen en vrouwen;50 jaar of ouder;Sector zorg en welzijn;J Informatie en communicatie;2012/'13;6;0;0;4;2;3;3;0;0;1;2;0;0;3;0
7552;Totaal mannen en vrouwen;50 jaar of ouder;Sector zorg en welzijn;J Informatie en communicatie;2013/'14;1;0;1;0;0;1;0;0;1;0;0;0;0;0;0
7553;Totaal mannen en vrouwen;50 jaar of ouder;Sector zorg en welzijn;J Informatie en communicatie;2014/'15;0;0;0;0;0;0;0;0;0;0;0;0;0;0;0
7554;Totaal mannen en vrouwen;50 jaar of ouder;Sector zorg en welzijn;J Informatie en communicatie;2015/'16;0;0;0;0;0;0;0;0;0;0;0;0;0;0;0
7555;Totaal mannen en vrouwen;50 jaar of ouder;Sector zorg en welzijn;J Informatie en communicatie;2016/'17;5;0;0;2;3;0;5;0;0;0;0;0;0;2;3
7556;Totaal mannen en vrouwen;50 jaar of ouder;Sector zorg en welzijn;J Informatie en communicatie;2017/'18;10;0;1;7;2;0;10;0;0;0;0;0;1;7;2
7557;Totaal mannen en vrouwen;50 jaar of ouder;Sector zorg en welzijn;J Informatie en communicatie;2018/'19;17;0;2;8;7;1;16;0;0;1;0;0;2;7;7
7558;Totaal mannen en vrouwen;50 jaar of ouder;Sector zorg en welzijn;J Informatie en communicatie;2019/'20;16;0;1;9;6;0;16;0;0;0;0;0;1;9;6
7559;Totaal mannen en vrouwen;50 jaar of ouder;Sector zorg en welzijn;J Informatie en communicatie;2020/'21;15;0;2;9;4;0;15;0;0;0;0;0;2;9;4
7560;Totaal mannen en vrouwen;50 jaar of ouder;Sector zorg en welzijn;K Financiële dienstverlening;2009/'10;27;1;8;6;12;5;22;1;2;0;2;0;6;6;10
7561;Totaal mannen en vrouwen;50 jaar of ouder;Sector zorg en welzijn;K Financiële dienstverlening;2010/'11;20;0;2;9;9;5;15;0;0;1;4;0;2;8;5
7562;Totaal mannen en vrouwen;50 jaar of ouder;Sector zorg en welzijn;K Financiële dienstverlening;2011/'12;23;0;3;11;9;7;16;0;1;2;4;0;2;9;5
7563;Totaal mannen en vrouwen;50 jaar of ouder;Sector zorg en welzijn;K Financiële dienstverlening;2012/'13;21;0;6;9;6;9;12;0;6;1;2;0;0;8;4
7564;Totaal mannen en vrouwen;50 jaar of ouder;Sector zorg en welzijn;K Financiële dienstverlening;2013/'14;8;0;2;4;2;2;6;0;0;0;2;0;2;4;0
7565;Totaal mannen en vrouwen;50 jaar of ouder;Sector zorg en welzijn;K Financiële dienstverlening;2014/'15;5;0;1;2;2;0;5;0;0;0;0;0;1;2;2
7566;Totaal mannen en vrouwen;50 jaar of ouder;Sector zorg en welzijn;K Financiële dienstverlening;2015/'16;2;0;1;1;0;0;2;0;0;0;0;0;1;1;0
7567;Totaal mannen en vrouwen;50 jaar of ouder;Sector zorg en welzijn;K Financiële dienstverlening;2016/'17;9;0;0;8;1;0;9;0;0;0;0;0;0;8;1
7568;Totaal mannen en vrouwen;50 jaar of ouder;Sector zorg en welzijn;K Financiële dienstverlening;2017/'18;18;0;1;12;5;0;18;0;0;0;0;0;1;12;5
7569;Totaal mannen en vrouwen;50 jaar of ouder;Sector zorg en welzijn;K Financiële dienstverlening;2018/'19;32;0;2;19;11;2;30;0;0;1;1;0;2;18;10
7570;Totaal mannen en vrouwen;50 jaar of ouder;Sector zorg en welzijn;K Financiële dienstverlening;2019/'20;23;0;1;15;7;0;23;0;0;0;0;0;1;15;7
7571;Totaal mannen en vrouwen;50 jaar of ouder;Sector zorg en welzijn;K Financiële dienstverlening;2020/'21;14;0;1;8;5;0;14;0;0;0;0;0;1;8;5
7572;Totaal mannen en vrouwen;50 jaar of ouder;Sector zorg en welzijn;L Verhuur en handel van onroerend goed;2009/'10;3;0;1;1;1;1;2;0;0;0;1;0;1;1;0
7573;Totaal mannen en vrouwen;50 jaar of ouder;Sector zorg en welzijn;L Verhuur en handel van onroerend goed;2010/'11;9;0;2;5;2;0;9;0;0;0;0;0;2;5;2
7574;Totaal mannen en vrouwen;50 jaar of ouder;Sector zorg en welzijn;L Verhuur en handel van onroerend goed;2011/'12;1;0;0;0;1;0;1;0;0;0;0;0;0;0;1
7575;Totaal mannen en vrouwen;50 jaar of ouder;Sector zorg en welzijn;L Verhuur en handel van onroerend goed;2012/'13;1;0;1;0;0;0;1;0;0;0;0;0;1;0;0
7576;Totaal mannen en vrouwen;50 jaar of ouder;Sector zorg en welzijn;L Verhuur en handel van onroerend goed;2013/'14;1;0;1;0;0;1;0;0;1;0;0;0;0;0;0
7577;Totaal mannen en vrouwen;50 jaar of ouder;Sector zorg en welzijn;L Verhuur en handel van onroerend goed;2014/'15;0;0;0;0;0;0;0;0;0;0;0;0;0;0;0
7578;Totaal mannen en vrouwen;50 jaar of ouder;Sector zorg en welzijn;L Verhuur en handel van onroerend goed;2015/'16;0;0;0;0;0;0;0;0;0;0;0;0;0;0;0
7579;Totaal mannen en vrouwen;50 jaar of ouder;Sector zorg en welzijn;L Verhuur en handel van onroerend goed;2016/'17;1;0;0;1;0;0;1;0;0;0;0;0;0;1;0
7580;Totaal mannen en vrouwen;50 jaar of ouder;Sector zorg en welzijn;L Verhuur en handel van onroerend goed;2017/'18;4;0;1;1;2;0;4;0;0;0;0;0;1;1;2
7581;Totaal mannen en vrouwen;50 jaar of ouder;Sector zorg en welzijn;L Verhuur en handel van onroerend goed;2018/'19;9;0;3;4;2;1;8;0;1;0;0;0;2;4;2
7582;Totaal mannen en vrouwen;50 jaar of ouder;Sector zorg en welzijn;L Verhuur en handel van onroerend goed;2019/'20;5;0;0;2;3;0;5;0;0;0;0;0;0;2;3
7583;Totaal mannen en vrouwen;50 jaar of ouder;Sector zorg en welzijn;L Verhuur en handel van onroerend goed;2020/'21;7;0;0;5;2;0;7;0;0;0;0;0;0;5;2
7584;Totaal mannen en vrouwen;50 jaar of ouder;Sector zorg en welzijn;M-N Zakelijke dienstverlening;2009/'10;114;3;51;39;21;42;72;0;24;13;5;3;27;26;16
7585;Totaal mannen en vrouwen;50 jaar of ouder;Sector zorg en welzijn;M-N Zakelijke dienstverlening;2010/'11;87;12;28;23;24;25;62;1;11;6;7;11;17;17;17
7586;Totaal mannen en vrouwen;50 jaar of ouder;Sector zorg en welzijn;M-N Zakelijke dienstverlening;2011/'12;74;6;33;26;9;14;60;0;9;3;2;6;24;23;7
7587;Totaal mannen en vrouwen;50 jaar of ouder;Sector zorg en welzijn;M-N Zakelijke dienstverlening;2012/'13;73;3;21;41;8;12;61;1;3;5;3;2;18;36;5
7588;Totaal mannen en vrouwen;50 jaar of ouder;Sector zorg en welzijn;M-N Zakelijke dienstverlening;2013/'14;38;1;19;11;7;2;36;0;0;0;2;1;19;11;5
7589;Totaal mannen en vrouwen;50 jaar of ouder;Sector zorg en welzijn;M-N Zakelijke dienstverlening;2014/'15;8;0;3;4;1;1;7;0;0;1;0;0;3;3;1
7590;Totaal mannen en vrouwen;50 jaar of ouder;Sector zorg en welzijn;M-N Zakelijke dienstverlening;2015/'16;11;0;3;6;2;2;9;0;1;1;0;0;2;5;2
7591;Totaal mannen en vrouwen;50 jaar of ouder;Sector zorg en welzijn;M-N Zakelijke dienstverlening;2016/'17;38;0;13;21;4;2;36;0;1;1;0;0;12;20;4
7592;Totaal mannen en vrouwen;50 jaar of ouder;Sector zorg en welzijn;M-N Zakelijke dienstverlening;2017/'18;105;0;18;70;17;4;101;0;1;2;1;0;17;68;16
7593;Totaal mannen en vrouwen;50 jaar of ouder;Sector zorg en welzijn;M-N Zakelijke dienstverlening;2018/'19;185;0;51;100;34;1;184;0;1;0;0;0;50;100;34
7594;Totaal mannen en vrouwen;50 jaar of ouder;Sector zorg en welzijn;M-N Zakelijke dienstverlening;2019/'20;194;0;59;87;48;2;192;0;0;1;1;0;59;86;47
7595;Totaal mannen en vrouwen;50 jaar of ouder;Sector zorg en welzijn;M-N Zakelijke dienstverlening;2020/'21;199;0;35;93;71;5;194;0;2;1;2;0;33;92;69
7596;Totaal mannen en vrouwen;50 jaar of ouder;Sector zorg en welzijn;O-Q Overheid en zorg;2009/'10;1153;83;368;477;225;63;1090;0;24;27;12;83;344;450;213
7597;Totaal mannen en vrouwen;50 jaar of ouder;Sector zorg en welzijn;O-Q Overheid en zorg;2010/'11;1179;71;296;472;340;60;1119;1;22;18;19;70;274;454;321
7598;Totaal mannen en vrouwen;50 jaar of ouder;Sector zorg en welzijn;O-Q Overheid en zorg;2011/'12;1047;49;421;378;199;57;990;0;20;21;16;49;401;357;183
7599;Totaal mannen en vrouwen;50 jaar of ouder;Sector zorg en welzijn;O-Q Overheid en zorg;2012/'13;1058;61;448;363;186;32;1026;0;11;10;11;61;437;353;175
7600;Totaal mannen en vrouwen;50 jaar of ouder;Sector zorg en welzijn;O-Q Overheid en zorg;2013/'14;740;11;314;272;143;19;721;0;7;4;8;11;307;268;135
7601;Totaal mannen en vrouwen;50 jaar of ouder;Sector zorg en welzijn;O-Q Overheid en zorg;2014/'15;578;1;183;265;129;2;576;0;0;1;1;1;183;264;128
7602;Totaal mannen en vrouwen;50 jaar of ouder;Sector zorg en welzijn;O-Q Overheid en zorg;2015/'16;544;1;141;287;115;5;539;0;1;3;1;1;140;284;114
7603;Totaal mannen en vrouwen;50 jaar of ouder;Sector zorg en welzijn;O-Q Overheid en zorg;2016/'17;980;0;226;522;232;4;976;0;1;2;1;0;225;520;231
7604;Totaal mannen en vrouwen;50 jaar of ouder;Sector zorg en welzijn;O-Q Overheid en zorg;2017/'18;947;0;218;443;286;2;945;0;0;1;1;0;218;442;285
7605;Totaal mannen en vrouwen;50 jaar of ouder;Sector zorg en welzijn;O-Q Overheid en zorg;2018/'19;1010;0;301;385;324;3;1007;0;1;0;2;0;300;385;322
7606;Totaal mannen en vrouwen;50 jaar of ouder;Sector zorg en welzijn;O-Q Overheid en zorg;2019/'20;944;0;304;303;337;1;943;0;1;0;0;0;303;303;337
7607;Totaal mannen en vrouwen;50 jaar of ouder;Sector zorg en welzijn;O-Q Overheid en zorg;2020/'21;993;0;321;351;321;1;992;0;0;0;1;0;321;351;320
7608;Totaal mannen en vrouwen;50 jaar of ouder;Sector zorg en welzijn;R-U Cultuur, recreatie, overige diensten;2009/'10;30;0;12;15;3;17;13;0;11;4;2;0;1;11;1
7609;Totaal mannen en vrouwen;50 jaar of ouder;Sector zorg en welzijn;R-U Cultuur, recreatie, overige diensten;2010/'11;24;2;8;9;5;4;20;0;2;1;1;2;6;8;4
7610;Totaal mannen en vrouwen;50 jaar of ouder;Sector zorg en welzijn;R-U Cultuur, recreatie, overige diensten;2011/'12;30;1;9;16;4;3;27;0;2;1;0;1;7;15;4
7611;Totaal mannen en vrouwen;50 jaar of ouder;Sector zorg en welzijn;R-U Cultuur, recreatie, overige diensten;2012/'13;44;13;13;11;7;6;38;0;4;2;0;13;9;9;7
7612;Totaal mannen en vrouwen;50 jaar of ouder;Sector zorg en welzijn;R-U Cultuur, recreatie, overige diensten;2013/'14;23;10;3;8;2;2;21;0;1;0;1;10;2;8;1
7613;Totaal mannen en vrouwen;50 jaar of ouder;Sector zorg en welzijn;R-U Cultuur, recreatie, overige diensten;2014/'15;27;13;7;5;2;1;26;0;1;0;0;13;6;5;2
7614;Totaal mannen en vrouwen;50 jaar of ouder;Sector zorg en welzijn;R-U Cultuur, recreatie, overige diensten;2015/'16;12;0;11;1;0;0;12;0;0;0;0;0;11;1;0
7615;Totaal mannen en vrouwen;50 jaar of ouder;Sector zorg en welzijn;R-U Cultuur, recreatie, overige diensten;2016/'17;10;0;2;8;0;0;10;0;0;0;0;0;2;8;0
7616;Totaal mannen en vrouwen;50 jaar of ouder;Sector zorg en welzijn;R-U Cultuur, recreatie, overige diensten;2017/'18;35;0;4;24;7;2;33;0;0;2;0;0;4;22;7
7617;Totaal mannen en vrouwen;50 jaar of ouder;Sector zorg en welzijn;R-U Cultuur, recreatie, overige diensten;2018/'19;55;0;6;30;19;1;54;0;0;1;0;0;6;29;19
7618;Totaal mannen en vrouwen;50 jaar of ouder;Sector zorg en welzijn;R-U Cultuur, recreatie, overige diensten;2019/'20;54;0;13;24;17;0;54;0;0;0;0;0;13;24;17
7619;Totaal mannen en vrouwen;50 jaar of ouder;Sector zorg en welzijn;R-U Cultuur, recreatie, overige diensten;2020/'21;90;0;11;50;29;0;90;0;0;0;0;0;11;50;29
7620;Totaal mannen en vrouwen;50 jaar of ouder;Sector zorg en welzijn;SBI-code onbekend;2009/'10;39;1;21;11;6;24;15;0;17;4;3;1;4;7;3
7621;Totaal mannen en vrouwen;50 jaar of ouder;Sector zorg en welzijn;SBI-code onbekend;2010/'11;32;0;11;13;8;14;18;0;6;3;5;0;5;10;3
7622;Totaal mannen en vrouwen;50 jaar of ouder;Sector zorg en welzijn;SBI-code onbekend;2011/'12;29;2;7;15;5;4;25;0;1;2;1;2;6;13;4
7623;Totaal mannen en vrouwen;50 jaar of ouder;Sector zorg en welzijn;SBI-code onbekend;2012/'13;31;0;3;20;8;9;22;0;1;4;4;0;2;16;4
7624;Totaal mannen en vrouwen;50 jaar of ouder;Sector zorg en welzijn;SBI-code onbekend;2013/'14;17;0;3;8;6;3;14;0;0;0;3;0;3;8;3
7625;Totaal mannen en vrouwen;50 jaar of ouder;Sector zorg en welzijn;SBI-code onbekend;2014/'15;11;0;2;5;4;0;11;0;0;0;0;0;2;5;4
7626;Totaal mannen en vrouwen;50 jaar of ouder;Sector zorg en welzijn;SBI-code onbekend;2015/'16;8;0;0;6;2;0;8;0;0;0;0;0;0;6;2
7627;Totaal mannen en vrouwen;50 jaar of ouder;Sector zorg en welzijn;SBI-code onbekend;2016/'17;4;0;0;1;3;0;4;0;0;0;0;0;0;1;3
7628;Totaal mannen en vrouwen;50 jaar of ouder;Sector zorg en welzijn;SBI-code onbekend;2017/'18;9;0;0;6;3;0;9;0;0;0;0;0;0;6;3
7629;Totaal mannen en vrouwen;50 jaar of ouder;Sector zorg en welzijn;SBI-code onbekend;2018/'19;16;0;7;9;0;0;16;0;0;0;0;0;7;9;0
7630;Totaal mannen en vrouwen;50 jaar of ouder;Sector zorg en welzijn;SBI-code onbekend;2019/'20;10;0;3;4;3;0;10;0;0;0;0;0;3;4;3
7631;Totaal mannen en vrouwen;50 jaar of ouder;Sector zorg en welzijn;SBI-code onbekend;2020/'21;12;0;1;10;1;1;11;0;0;0;1;0;1;10;0
7632;Totaal mannen en vrouwen;50 jaar of ouder;Combinatie van sectoren;A-U Alle economische activiteiten;2009/'10;488;450;32;5;1;7;481;7;0;0;0;443;32;5;1
7633;Totaal mannen en vrouwen;50 jaar of ouder;Combinatie van sectoren;A-U Alle economische activiteiten;2010/'11;436;404;29;3;0;5;431;5;0;0;0;399;29;3;0
7634;Totaal mannen en vrouwen;50 jaar of ouder;Combinatie van sectoren;A-U Alle economische activiteiten;2011/'12;421;388;16;17;0;6;415;6;0;0;0;382;16;17;0
7635;Totaal mannen en vrouwen;50 jaar of ouder;Combinatie van sectoren;A-U Alle economische activiteiten;2012/'13;251;248;3;0;0;2;249;2;0;0;0;246;3;0;0
7636;Totaal mannen en vrouwen;50 jaar of ouder;Combinatie van sectoren;A-U Alle economische activiteiten;2013/'14;158;158;0;0;0;0;158;0;0;0;0;158;0;0;0
7637;Totaal mannen en vrouwen;50 jaar of ouder;Combinatie van sectoren;A-U Alle economische activiteiten;2014/'15;73;73;0;0;0;0;73;0;0;0;0;73;0;0;0
7638;Totaal mannen en vrouwen;50 jaar of ouder;Combinatie van sectoren;A-U Alle economische activiteiten;2015/'16;24;24;0;0;0;1;23;1;0;0;0;23;0;0;0
7639;Totaal mannen en vrouwen;50 jaar of ouder;Combinatie van sectoren;A-U Alle economische activiteiten;2016/'17;105;105;0;0;0;0;105;0;0;0;0;105;0;0;0
7640;Totaal mannen en vrouwen;50 jaar of ouder;Combinatie van sectoren;A-U Alle economische activiteiten;2017/'18;68;68;0;0;0;0;68;0;0;0;0;68;0;0;0
7641;Totaal mannen en vrouwen;50 jaar of ouder;Combinatie van sectoren;A-U Alle economische activiteiten;2018/'19;62;57;5;0;0;0;62;0;0;0;0;57;5;0;0
7642;Totaal mannen en vrouwen;50 jaar of ouder;Combinatie van sectoren;A-U Alle economische activiteiten;2019/'20;111;105;6;0;0;2;109;2;0;0;0;103;6;0;0
7643;Totaal mannen en vrouwen;50 jaar of ouder;Combinatie van sectoren;A-U Alle economische activiteiten;2020/'21;62;55;7;0;0;1;61;1;0;0;0;54;7;0;0
7644;Totaal mannen en vrouwen;50 jaar of ouder;Combinatie van sectoren;A Landbouw, bosbouw en visserij;2009/'10;0;0;0;0;0;0;0;0;0;0;0;0;0;0;0
7645;Totaal mannen en vrouwen;50 jaar of ouder;Combinatie van sectoren;A Landbouw, bosbouw en visserij;2010/'11;1;1;0;0;0;0;1;0;0;0;0;1;0;0;0
7646;Totaal mannen en vrouwen;50 jaar of ouder;Combinatie van sectoren;A Landbouw, bosbouw en visserij;2011/'12;0;0;0;0;0;0;0;0;0;0;0;0;0;0;0
7647;Totaal mannen en vrouwen;50 jaar of ouder;Combinatie van sectoren;A Landbouw, bosbouw en visserij;2012/'13;0;0;0;0;0;0;0;0;0;0;0;0;0;0;0
7648;Totaal mannen en vrouwen;50 jaar of ouder;Combinatie van sectoren;A Landbouw, bosbouw en visserij;2013/'14;0;0;0;0;0;0;0;0;0;0;0;0;0;0;0
7649;Totaal mannen en vrouwen;50 jaar of ouder;Combinatie van sectoren;A Landbouw, bosbouw en visserij;2014/'15;0;0;0;0;0;0;0;0;0;0;0;0;0;0;0
7650;Totaal mannen en vrouwen;50 jaar of ouder;Combinatie van sectoren;A Landbouw, bosbouw en visserij;2015/'16;0;0;0;0;0;0;0;0;0;0;0;0;0;0;0
7651;Totaal mannen en vrouwen;50 jaar of ouder;Combinatie van sectoren;A Landbouw, bosbouw en visserij;2016/'17;1;1;0;0;0;0;1;0;0;0;0;1;0;0;0
7652;Totaal mannen en vrouwen;50 jaar of ouder;Combinatie van sectoren;A Landbouw, bosbouw en visserij;2017/'18;0;0;0;0;0;0;0;0;0;0;0;0;0;0;0
7653;Totaal mannen en vrouwen;50 jaar of ouder;Combinatie van sectoren;A Landbouw, bosbouw en visserij;2018/'19;0;0;0;0;0;0;0;0;0;0;0;0;0;0;0
7654;Totaal mannen en vrouwen;50 jaar of ouder;Combinatie van sectoren;A Landbouw, bosbouw en visserij;2019/'20;1;1;0;0;0;0;1;0;0;0;0;1;0;0;0
7655;Totaal mannen en vrouwen;50 jaar of ouder;Combinatie van sectoren;A Landbouw, bosbouw en visserij;2020/'21;0;0;0;0;0;0;0;0;0;0;0;0;0;0;0
7656;Totaal mannen en vrouwen;50 jaar of ouder;Combinatie van sectoren;B-E Nijverheid (geen bouw) en energie;2009/'10;306;280;23;3;0;1;305;1;0;0;0;279;23;3;0
7657;Totaal mannen en vrouwen;50 jaar of ouder;Combinatie van sectoren;B-E Nijverheid (geen bouw) en energie;2010/'11;294;285;7;2;0;1;293;1;0;0;0;284;7;2;0
7658;Totaal mannen en vrouwen;50 jaar of ouder;Combinatie van sectoren;B-E Nijverheid (geen bouw) en energie;2011/'12;289;274;8;7;0;0;289;0;0;0;0;274;8;7;0
7659;Totaal mannen en vrouwen;50 jaar of ouder;Combinatie van sectoren;B-E Nijverheid (geen bouw) en energie;2012/'13;137;137;0;0;0;0;137;0;0;0;0;137;0;0;0
7660;Totaal mannen en vrouwen;50 jaar of ouder;Combinatie van sectoren;B-E Nijverheid (geen bouw) en energie;2013/'14;75;75;0;0;0;0;75;0;0;0;0;75;0;0;0
7661;Totaal mannen en vrouwen;50 jaar of ouder;Combinatie van sectoren;B-E Nijverheid (geen bouw) en energie;2014/'15;28;28;0;0;0;0;28;0;0;0;0;28;0;0;0
7662;Totaal mannen en vrouwen;50 jaar of ouder;Combinatie van sectoren;B-E Nijverheid (geen bouw) en energie;2015/'16;16;16;0;0;0;0;16;0;0;0;0;16;0;0;0
7663;Totaal mannen en vrouwen;50 jaar of ouder;Combinatie van sectoren;B-E Nijverheid (geen bouw) en energie;2016/'17;69;69;0;0;0;0;69;0;0;0;0;69;0;0;0
7664;Totaal mannen en vrouwen;50 jaar of ouder;Combinatie van sectoren;B-E Nijverheid (geen bouw) en energie;2017/'18;26;26;0;0;0;0;26;0;0;0;0;26;0;0;0
7665;Totaal mannen en vrouwen;50 jaar of ouder;Combinatie van sectoren;B-E Nijverheid (geen bouw) en energie;2018/'19;17;14;3;0;0;0;17;0;0;0;0;14;3;0;0
7666;Totaal mannen en vrouwen;50 jaar of ouder;Combinatie van sectoren;B-E Nijverheid (geen bouw) en energie;2019/'20;21;20;1;0;0;1;20;1;0;0;0;19;1;0;0
7667;Totaal mannen en vrouwen;50 jaar of ouder;Combinatie van sectoren;B-E Nijverheid (geen bouw) en energie;2020/'21;10;6;4;0;0;0;10;0;0;0;0;6;4;0;0
7668;Totaal mannen en vrouwen;50 jaar of ouder;Combinatie van sectoren;F Bouwnijverheid;2009/'10;1;1;0;0;0;0;1;0;0;0;0;1;0;0;0
7669;Totaal mannen en vrouwen;50 jaar of ouder;Combinatie van sectoren;F Bouwnijverheid;2010/'11;0;0;0;0;0;0;0;0;0;0;0;0;0;0;0
7670;Totaal mannen en vrouwen;50 jaar of ouder;Combinatie van sectoren;F Bouwnijverheid;2011/'12;9;9;0;0;0;0;9;0;0;0;0;9;0;0;0
7671;Totaal mannen en vrouwen;50 jaar of ouder;Combinatie van sectoren;F Bouwnijverheid;2012/'13;0;0;0;0;0;0;0;0;0;0;0;0;0;0;0
7672;Totaal mannen en vrouwen;50 jaar of ouder;Combinatie van sectoren;F Bouwnijverheid;2013/'14;0;0;0;0;0;0;0;0;0;0;0;0;0;0;0
7673;Totaal mannen en vrouwen;50 jaar of ouder;Combinatie van sectoren;F Bouwnijverheid;2014/'15;0;0;0;0;0;0;0;0;0;0;0;0;0;0;0
7674;Totaal mannen en vrouwen;50 jaar of ouder;Combinatie van sectoren;F Bouwnijverheid;2015/'16;0;0;0;0;0;0;0;0;0;0;0;0;0;0;0
7675;Totaal mannen en vrouwen;50 jaar of ouder;Combinatie van sectoren;F Bouwnijverheid;2016/'17;0;0;0;0;0;0;0;0;0;0;0;0;0;0;0
7676;Totaal mannen en vrouwen;50 jaar of ouder;Combinatie van sectoren;F Bouwnijverheid;2017/'18;0;0;0;0;0;0;0;0;0;0;0;0;0;0;0
7677;Totaal mannen en vrouwen;50 jaar of ouder;Combinatie van sectoren;F Bouwnijverheid;2018/'19;2;2;0;0;0;0;2;0;0;0;0;2;0;0;0
7678;Totaal mannen en vrouwen;50 jaar of ouder;Combinatie van sectoren;F Bouwnijverheid;2019/'20;0;0;0;0;0;0;0;0;0;0;0;0;0;0;0
7679;Totaal mannen en vrouwen;50 jaar of ouder;Combinatie van sectoren;F Bouwnijverheid;2020/'21;0;0;0;0;0;0;0;0;0;0;0;0;0;0;0
7680;Totaal mannen en vrouwen;50 jaar of ouder;Combinatie van sectoren;G-I Handel, vervoer en horeca;2009/'10;20;9;9;1;1;1;19;1;0;0;0;8;9;1;1
7681;Totaal mannen en vrouwen;50 jaar of ouder;Combinatie van sectoren;G-I Handel, vervoer en horeca;2010/'11;30;7;22;1;0;0;30;0;0;0;0;7;22;1;0
7682;Totaal mannen en vrouwen;50 jaar of ouder;Combinatie van sectoren;G-I Handel, vervoer en horeca;2011/'12;9;6;1;2;0;1;8;1;0;0;0;5;1;2;0
7683;Totaal mannen en vrouwen;50 jaar of ouder;Combinatie van sectoren;G-I Handel, vervoer en horeca;2012/'13;10;7;3;0;0;0;10;0;0;0;0;7;3;0;0
7684;Totaal mannen en vrouwen;50 jaar of ouder;Combinatie van sectoren;G-I Handel, vervoer en horeca;2013/'14;1;1;0;0;0;0;1;0;0;0;0;1;0;0;0
7685;Totaal mannen en vrouwen;50 jaar of ouder;Combinatie van sectoren;G-I Handel, vervoer en horeca;2014/'15;1;1;0;0;0;0;1;0;0;0;0;1;0;0;0
7686;Totaal mannen en vrouwen;50 jaar of ouder;Combinatie van sectoren;G-I Handel, vervoer en horeca;2015/'16;2;2;0;0;0;0;2;0;0;0;0;2;0;0;0
7687;Totaal mannen en vrouwen;50 jaar of ouder;Combinatie van sectoren;G-I Handel, vervoer en horeca;2016/'17;5;5;0;0;0;0;5;0;0;0;0;5;0;0;0
7688;Totaal mannen en vrouwen;50 jaar of ouder;Combinatie van sectoren;G-I Handel, vervoer en horeca;2017/'18;4;4;0;0;0;0;4;0;0;0;0;4;0;0;0
7689;Totaal mannen en vrouwen;50 jaar of ouder;Combinatie van sectoren;G-I Handel, vervoer en horeca;2018/'19;5;5;0;0;0;0;5;0;0;0;0;5;0;0;0
7690;Totaal mannen en vrouwen;50 jaar of ouder;Combinatie van sectoren;G-I Handel, vervoer en horeca;2019/'20;12;12;0;0;0;0;12;0;0;0;0;12;0;0;0
7691;Totaal mannen en vrouwen;50 jaar of ouder;Combinatie van sectoren;G-I Handel, vervoer en horeca;2020/'21;2;2;0;0;0;0;2;0;0;0;0;2;0;0;0
7692;Totaal mannen en vrouwen;50 jaar of ouder;Combinatie van sectoren;J Informatie en communicatie;2009/'10;0;0;0;0;0;0;0;0;0;0;0;0;0;0;0
7693;Totaal mannen en vrouwen;50 jaar of ouder;Combinatie van sectoren;J Informatie en communicatie;2010/'11;0;0;0;0;0;0;0;0;0;0;0;0;0;0;0
7694;Totaal mannen en vrouwen;50 jaar of ouder;Combinatie van sectoren;J Informatie en communicatie;2011/'12;9;0;2;7;0;0;9;0;0;0;0;0;2;7;0
7695;Totaal mannen en vrouwen;50 jaar of ouder;Combinatie van sectoren;J Informatie en communicatie;2012/'13;0;0;0;0;0;0;0;0;0;0;0;0;0;0;0
7696;Totaal mannen en vrouwen;50 jaar of ouder;Combinatie van sectoren;J Informatie en communicatie;2013/'14;0;0;0;0;0;0;0;0;0;0;0;0;0;0;0
7697;Totaal mannen en vrouwen;50 jaar of ouder;Combinatie van sectoren;J Informatie en communicatie;2014/'15;0;0;0;0;0;0;0;0;0;0;0;0;0;0;0
7698;Totaal mannen en vrouwen;50 jaar of ouder;Combinatie van sectoren;J Informatie en communicatie;2015/'16;0;0;0;0;0;0;0;0;0;0;0;0;0;0;0
7699;Totaal mannen en vrouwen;50 jaar of ouder;Combinatie van sectoren;J Informatie en communicatie;2016/'17;0;0;0;0;0;0;0;0;0;0;0;0;0;0;0
7700;Totaal mannen en vrouwen;50 jaar of ouder;Combinatie van sectoren;J Informatie en communicatie;2017/'18;0;0;0;0;0;0;0;0;0;0;0;0;0;0;0
7701;Totaal mannen en vrouwen;50 jaar of ouder;Combinatie van sectoren;J Informatie en communicatie;2018/'19;0;0;0;0;0;0;0;0;0;0;0;0;0;0;0
7702;Totaal mannen en vrouwen;50 jaar of ouder;Combinatie van sectoren;J Informatie en communicatie;2019/'20;0;0;0;0;0;0;0;0;0;0;0;0;0;0;0
7703;Totaal mannen en vrouwen;50 jaar of ouder;Combinatie van sectoren;J Informatie en communicatie;2020/'21;0;0;0;0;0;0;0;0;0;0;0;0;0;0;0
7704;Totaal mannen en vrouwen;50 jaar of ouder;Combinatie van sectoren;K Financiële dienstverlening;2009/'10;0;0;0;0;0;0;0;0;0;0;0;0;0;0;0
7705;Totaal mannen en vrouwen;50 jaar of ouder;Combinatie van sectoren;K Financiële dienstverlening;2010/'11;16;16;0;0;0;0;16;0;0;0;0;16;0;0;0
7706;Totaal mannen en vrouwen;50 jaar of ouder;Combinatie van sectoren;K Financiële dienstverlening;2011/'12;1;1;0;0;0;0;1;0;0;0;0;1;0;0;0
7707;Totaal mannen en vrouwen;50 jaar of ouder;Combinatie van sectoren;K Financiële dienstverlening;2012/'13;0;0;0;0;0;0;0;0;0;0;0;0;0;0;0
7708;Totaal mannen en vrouwen;50 jaar of ouder;Combinatie van sectoren;K Financiële dienstverlening;2013/'14;0;0;0;0;0;0;0;0;0;0;0;0;0;0;0
7709;Totaal mannen en vrouwen;50 jaar of ouder;Combinatie van sectoren;K Financiële dienstverlening;2014/'15;0;0;0;0;0;0;0;0;0;0;0;0;0;0;0
7710;Totaal mannen en vrouwen;50 jaar of ouder;Combinatie van sectoren;K Financiële dienstverlening;2015/'16;0;0;0;0;0;0;0;0;0;0;0;0;0;0;0
7711;Totaal mannen en vrouwen;50 jaar of ouder;Combinatie van sectoren;K Financiële dienstverlening;2016/'17;0;0;0;0;0;0;0;0;0;0;0;0;0;0;0
7712;Totaal mannen en vrouwen;50 jaar of ouder;Combinatie van sectoren;K Financiële dienstverlening;2017/'18;0;0;0;0;0;0;0;0;0;0;0;0;0;0;0
7713;Totaal mannen en vrouwen;50 jaar of ouder;Combinatie van sectoren;K Financiële dienstverlening;2018/'19;0;0;0;0;0;0;0;0;0;0;0;0;0;0;0
7714;Totaal mannen en vrouwen;50 jaar of ouder;Combinatie van sectoren;K Financiële dienstverlening;2019/'20;1;1;0;0;0;0;1;0;0;0;0;1;0;0;0
7715;Totaal mannen en vrouwen;50 jaar of ouder;Combinatie van sectoren;K Financiële dienstverlening;2020/'21;0;0;0;0;0;0;0;0;0;0;0;0;0;0;0
7716;Totaal mannen en vrouwen;50 jaar of ouder;Combinatie van sectoren;L Verhuur en handel van onroerend goed;2009/'10;13;13;0;0;0;0;13;0;0;0;0;13;0;0;0
7717;Totaal mannen en vrouwen;50 jaar of ouder;Combinatie van sectoren;L Verhuur en handel van onroerend goed;2010/'11;2;2;0;0;0;0;2;0;0;0;0;2;0;0;0
7718;Totaal mannen en vrouwen;50 jaar of ouder;Combinatie van sectoren;L Verhuur en handel van onroerend goed;2011/'12;0;0;0;0;0;0;0;0;0;0;0;0;0;0;0
7719;Totaal mannen en vrouwen;50 jaar of ouder;Combinatie van sectoren;L Verhuur en handel van onroerend goed;2012/'13;0;0;0;0;0;0;0;0;0;0;0;0;0;0;0
7720;Totaal mannen en vrouwen;50 jaar of ouder;Combinatie van sectoren;L Verhuur en handel van onroerend goed;2013/'14;0;0;0;0;0;0;0;0;0;0;0;0;0;0;0
7721;Totaal mannen en vrouwen;50 jaar of ouder;Combinatie van sectoren;L Verhuur en handel van onroerend goed;2014/'15;0;0;0;0;0;0;0;0;0;0;0;0;0;0;0
7722;Totaal mannen en vrouwen;50 jaar of ouder;Combinatie van sectoren;L Verhuur en handel van onroerend goed;2015/'16;0;0;0;0;0;0;0;0;0;0;0;0;0;0;0
7723;Totaal mannen en vrouwen;50 jaar of ouder;Combinatie van sectoren;L Verhuur en handel van onroerend goed;2016/'17;1;1;0;0;0;0;1;0;0;0;0;1;0;0;0
7724;Totaal mannen en vrouwen;50 jaar of ouder;Combinatie van sectoren;L Verhuur en handel van onroerend goed;2017/'18;0;0;0;0;0;0;0;0;0;0;0;0;0;0;0
7725;Totaal mannen en vrouwen;50 jaar of ouder;Combinatie van sectoren;L Verhuur en handel van onroerend goed;2018/'19;0;0;0;0;0;0;0;0;0;0;0;0;0;0;0
7726;Totaal mannen en vrouwen;50 jaar of ouder;Combinatie van sectoren;L Verhuur en handel van onroerend goed;2019/'20;0;0;0;0;0;0;0;0;0;0;0;0;0;0;0
7727;Totaal mannen en vrouwen;50 jaar of ouder;Combinatie van sectoren;L Verhuur en handel van onroerend goed;2020/'21;0;0;0;0;0;0;0;0;0;0;0;0;0;0;0
7728;Totaal mannen en vrouwen;50 jaar of ouder;Combinatie van sectoren;M-N Zakelijke dienstverlening;2009/'10;33;32;0;1;0;4;29;4;0;0;0;28;0;1;0
7729;Totaal mannen en vrouwen;50 jaar of ouder;Combinatie van sectoren;M-N Zakelijke dienstverlening;2010/'11;48;48;0;0;0;4;44;4;0;0;0;44;0;0;0
7730;Totaal mannen en vrouwen;50 jaar of ouder;Combinatie van sectoren;M-N Zakelijke dienstverlening;2011/'12;35;29;5;1;0;2;33;2;0;0;0;27;5;1;0
7731;Totaal mannen en vrouwen;50 jaar of ouder;Combinatie van sectoren;M-N Zakelijke dienstverlening;2012/'13;29;29;0;0;0;1;28;1;0;0;0;28;0;0;0
7732;Totaal mannen en vrouwen;50 jaar of ouder;Combinatie van sectoren;M-N Zakelijke dienstverlening;2013/'14;25;25;0;0;0;0;25;0;0;0;0;25;0;0;0
7733;Totaal mannen en vrouwen;50 jaar of ouder;Combinatie van sectoren;M-N Zakelijke dienstverlening;2014/'15;12;12;0;0;0;0;12;0;0;0;0;12;0;0;0
7734;Totaal mannen en vrouwen;50 jaar of ouder;Combinatie van sectoren;M-N Zakelijke dienstverlening;2015/'16;3;3;0;0;0;1;2;1;0;0;0;2;0;0;0
7735;Totaal mannen en vrouwen;50 jaar of ouder;Combinatie van sectoren;M-N Zakelijke dienstverlening;2016/'17;13;13;0;0;0;0;13;0;0;0;0;13;0;0;0
7736;Totaal mannen en vrouwen;50 jaar of ouder;Combinatie van sectoren;M-N Zakelijke dienstverlening;2017/'18;21;21;0;0;0;0;21;0;0;0;0;21;0;0;0
7737;Totaal mannen en vrouwen;50 jaar of ouder;Combinatie van sectoren;M-N Zakelijke dienstverlening;2018/'19;21;21;0;0;0;0;21;0;0;0;0;21;0;0;0
7738;Totaal mannen en vrouwen;50 jaar of ouder;Combinatie van sectoren;M-N Zakelijke dienstverlening;2019/'20;29;28;1;0;0;1;28;1;0;0;0;27;1;0;0
7739;Totaal mannen en vrouwen;50 jaar of ouder;Combinatie van sectoren;M-N Zakelijke dienstverlening;2020/'21;19;18;1;0;0;0;19;0;0;0;0;18;1;0;0
7740;Totaal mannen en vrouwen;50 jaar of ouder;Combinatie van sectoren;O-Q Overheid en zorg;2009/'10;109;109;0;0;0;0;109;0;0;0;0;109;0;0;0
7741;Totaal mannen en vrouwen;50 jaar of ouder;Combinatie van sectoren;O-Q Overheid en zorg;2010/'11;42;42;0;0;0;0;42;0;0;0;0;42;0;0;0
7742;Totaal mannen en vrouwen;50 jaar of ouder;Combinatie van sectoren;O-Q Overheid en zorg;2011/'12;61;61;0;0;0;2;59;2;0;0;0;59;0;0;0
7743;Totaal mannen en vrouwen;50 jaar of ouder;Combinatie van sectoren;O-Q Overheid en zorg;2012/'13;70;70;0;0;0;1;69;1;0;0;0;69;0;0;0
7744;Totaal mannen en vrouwen;50 jaar of ouder;Combinatie van sectoren;O-Q Overheid en zorg;2013/'14;57;57;0;0;0;0;57;0;0;0;0;57;0;0;0
7745;Totaal mannen en vrouwen;50 jaar of ouder;Combinatie van sectoren;O-Q Overheid en zorg;2014/'15;32;32;0;0;0;0;32;0;0;0;0;32;0;0;0
7746;Totaal mannen en vrouwen;50 jaar of ouder;Combinatie van sectoren;O-Q Overheid en zorg;2015/'16;3;3;0;0;0;0;3;0;0;0;0;3;0;0;0
7747;Totaal mannen en vrouwen;50 jaar of ouder;Combinatie van sectoren;O-Q Overheid en zorg;2016/'17;15;15;0;0;0;0;15;0;0;0;0;15;0;0;0
7748;Totaal mannen en vrouwen;50 jaar of ouder;Combinatie van sectoren;O-Q Overheid en zorg;2017/'18;16;16;0;0;0;0;16;0;0;0;0;16;0;0;0
7749;Totaal mannen en vrouwen;50 jaar of ouder;Combinatie van sectoren;O-Q Overheid en zorg;2018/'19;15;13;2;0;0;0;15;0;0;0;0;13;2;0;0
7750;Totaal mannen en vrouwen;50 jaar of ouder;Combinatie van sectoren;O-Q Overheid en zorg;2019/'20;45;41;4;0;0;0;45;0;0;0;0;41;4;0;0
7751;Totaal mannen en vrouwen;50 jaar of ouder;Combinatie van sectoren;O-Q Overheid en zorg;2020/'21;29;27;2;0;0;0;29;0;0;0;0;27;2;0;0
7752;Totaal mannen en vrouwen;50 jaar of ouder;Combinatie van sectoren;R-U Cultuur, recreatie, overige diensten;2009/'10;4;4;0;0;0;0;4;0;0;0;0;4;0;0;0
7753;Totaal mannen en vrouwen;50 jaar of ouder;Combinatie van sectoren;R-U Cultuur, recreatie, overige diensten;2010/'11;3;3;0;0;0;0;3;0;0;0;0;3;0;0;0
7754;Totaal mannen en vrouwen;50 jaar of ouder;Combinatie van sectoren;R-U Cultuur, recreatie, overige diensten;2011/'12;7;7;0;0;0;0;7;0;0;0;0;7;0;0;0
7755;Totaal mannen en vrouwen;50 jaar of ouder;Combinatie van sectoren;R-U Cultuur, recreatie, overige diensten;2012/'13;4;4;0;0;0;0;4;0;0;0;0;4;0;0;0
7756;Totaal mannen en vrouwen;50 jaar of ouder;Combinatie van sectoren;R-U Cultuur, recreatie, overige diensten;2013/'14;0;0;0;0;0;0;0;0;0;0;0;0;0;0;0
7757;Totaal mannen en vrouwen;50 jaar of ouder;Combinatie van sectoren;R-U Cultuur, recreatie, overige diensten;2014/'15;0;0;0;0;0;0;0;0;0;0;0;0;0;0;0
7758;Totaal mannen en vrouwen;50 jaar of ouder;Combinatie van sectoren;R-U Cultuur, recreatie, overige diensten;2015/'16;0;0;0;0;0;0;0;0;0;0;0;0;0;0;0
7759;Totaal mannen en vrouwen;50 jaar of ouder;Combinatie van sectoren;R-U Cultuur, recreatie, overige diensten;2016/'17;0;0;0;0;0;0;0;0;0;0;0;0;0;0;0
7760;Totaal mannen en vrouwen;50 jaar of ouder;Combinatie van sectoren;R-U Cultuur, recreatie, overige diensten;2017/'18;1;1;0;0;0;0;1;0;0;0;0;1;0;0;0
7761;Totaal mannen en vrouwen;50 jaar of ouder;Combinatie van sectoren;R-U Cultuur, recreatie, overige diensten;2018/'19;1;1;0;0;0;0;1;0;0;0;0;1;0;0;0
7762;Totaal mannen en vrouwen;50 jaar of ouder;Combinatie van sectoren;R-U Cultuur, recreatie, overige diensten;2019/'20;1;1;0;0;0;0;1;0;0;0;0;1;0;0;0
7763;Totaal mannen en vrouwen;50 jaar of ouder;Combinatie van sectoren;R-U Cultuur, recreatie, overige diensten;2020/'21;2;2;0;0;0;1;1;1;0;0;0;1;0;0;0
7764;Totaal mannen en vrouwen;50 jaar of ouder;Combinatie van sectoren;SBI-code onbekend;2009/'10;2;2;0;0;0;1;1;1;0;0;0;1;0;0;0
7765;Totaal mannen en vrouwen;50 jaar of ouder;Combinatie van sectoren;SBI-code onbekend;2010/'11;0;0;0;0;0;0;0;0;0;0;0;0;0;0;0
7766;Totaal mannen en vrouwen;50 jaar of ouder;Combinatie van sectoren;SBI-code onbekend;2011/'12;1;1;0;0;0;1;0;1;0;0;0;0;0;0;0
7767;Totaal mannen en vrouwen;50 jaar of ouder;Combinatie van sectoren;SBI-code onbekend;2012/'13;1;1;0;0;0;0;1;0;0;0;0;1;0;0;0
7768;Totaal mannen en vrouwen;50 jaar of ouder;Combinatie van sectoren;SBI-code onbekend;2013/'14;0;0;0;0;0;0;0;0;0;0;0;0;0;0;0
7769;Totaal mannen en vrouwen;50 jaar of ouder;Combinatie van sectoren;SBI-code onbekend;2014/'15;0;0;0;0;0;0;0;0;0;0;0;0;0;0;0
7770;Totaal mannen en vrouwen;50 jaar of ouder;Combinatie van sectoren;SBI-code onbekend;2015/'16;0;0;0;0;0;0;0;0;0;0;0;0;0;0;0
7771;Totaal mannen en vrouwen;50 jaar of ouder;Combinatie van sectoren;SBI-code onbekend;2016/'17;1;1;0;0;0;0;1;0;0;0;0;1;0;0;0
7772;Totaal mannen en vrouwen;50 jaar of ouder;Combinatie van sectoren;SBI-code onbekend;2017/'18;0;0;0;0;0;0;0;0;0;0;0;0;0;0;0
7773;Totaal mannen en vrouwen;50 jaar of ouder;Combinatie van sectoren;SBI-code onbekend;2018/'19;1;1;0;0;0;0;1;0;0;0;0;1;0;0;0
7774;Totaal mannen en vrouwen;50 jaar of ouder;Combinatie van sectoren;SBI-code onbekend;2019/'20;1;1;0;0;0;0;1;0;0;0;0;1;0;0;0
7775;Totaal mannen en vrouwen;50 jaar of ouder;Combinatie van sectoren;SBI-code onbekend;2020/'21;0;0;0;0;0;0;0;0;0;0;0;0;0;0;0
7776;Mannen;Totaal leeftijd;Totaal;A-U Alle economische activiteiten;2009/'10;21381;4269;10478;3354;3280;2213;19168;332;597;400;884;3937;9881;2954;2396
7777;Mannen;Totaal leeftijd;Totaal;A-U Alle economische activiteiten;2010/'11;15189;3867;6364;2693;2265;1811;13378;253;422;327;809;3614;5942;2366;1456
7778;Mannen;Totaal leeftijd;Totaal;A-U Alle economische activiteiten;2011/'12;12958;2758;6401;2036;1763;1544;11414;205;401;322;616;2553;6000;1714;1147
7779;Mannen;Totaal leeftijd;Totaal;A-U Alle economische activiteiten;2012/'13;11574;2752;5034;2064;1724;1498;10076;245;319;282;652;2507;4715;1782;1072
7780;Mannen;Totaal leeftijd;Totaal;A-U Alle economische activiteiten;2013/'14;5428;1071;1815;1123;1419;1390;4038;206;316;185;683;865;1499;938;736
7781;Mannen;Totaal leeftijd;Totaal;A-U Alle economische activiteiten;2014/'15;4173;754;1245;935;1239;1200;2973;207;211;130;652;547;1034;805;587
7782;Mannen;Totaal leeftijd;Totaal;A-U Alle economische activiteiten;2015/'16;4339;750;1447;1075;1067;1189;3150;226;235;150;578;524;1212;925;489
7783;Mannen;Totaal leeftijd;Totaal;A-U Alle economische activiteiten;2016/'17;4355;533;1477;1134;1211;857;3498;155;104;77;521;378;1373;1057;690
7784;Mannen;Totaal leeftijd;Totaal;A-U Alle economische activiteiten;2017/'18;3861;437;1170;1089;1165;780;3081;167;86;81;446;270;1084;1008;719
7785;Mannen;Totaal leeftijd;Totaal;A-U Alle economische activiteiten;2018/'19;4481;663;1339;1124;1355;958;3523;278;102;66;512;385;1237;1058;843
7786;Mannen;Totaal leeftijd;Totaal;A-U Alle economische activiteiten;2019/'20;4536;785;1181;1132;1438;1081;3455;334;129;92;526;451;1052;1040;912
7787;Mannen;Totaal leeftijd;Totaal;A-U Alle economische activiteiten;2020/'21;4153;820;977;894;1462;1195;2958;414;116;77;588;406;861;817;874
7788;Mannen;Totaal leeftijd;Totaal;A Landbouw, bosbouw en visserij;2009/'10;144;16;57;42;29;37;107;7;10;7;13;9;47;35;16
7789;Mannen;Totaal leeftijd;Totaal;A Landbouw, bosbouw en visserij;2010/'11;112;23;48;25;16;24;88;4;6;4;10;19;42;21;6
7790;Mannen;Totaal leeftijd;Totaal;A Landbouw, bosbouw en visserij;2011/'12;133;18;79;19;17;33;100;7;9;4;13;11;70;15;4
7791;Mannen;Totaal leeftijd;Totaal;A Landbouw, bosbouw en visserij;2012/'13;112;28;35;25;24;26;86;1;5;3;17;27;30;22;7
7792;Mannen;Totaal leeftijd;Totaal;A Landbouw, bosbouw en visserij;2013/'14;69;10;27;14;18;35;34;1;10;10;14;9;17;4;4
7793;Mannen;Totaal leeftijd;Totaal;A Landbouw, bosbouw en visserij;2014/'15;61;11;16;13;21;32;29;6;4;5;17;5;12;8;4
7794;Mannen;Totaal leeftijd;Totaal;A Landbouw, bosbouw en visserij;2015/'16;65;12;13;20;20;37;28;6;9;6;16;6;4;14;4
7795;Mannen;Totaal leeftijd;Totaal;A Landbouw, bosbouw en visserij;2016/'17;41;3;8;11;19;16;25;2;0;1;13;1;8;10;6
7796;Mannen;Totaal leeftijd;Totaal;A Landbouw, bosbouw en visserij;2017/'18;41;5;11;9;16;17;24;2;1;1;13;3;10;8;3
7797;Mannen;Totaal leeftijd;Totaal;A Landbouw, bosbouw en visserij;2018/'19;42;6;10;9;17;15;27;1;3;1;10;5;7;8;7
7798;Mannen;Totaal leeftijd;Totaal;A Landbouw, bosbouw en visserij;2019/'20;56;8;17;13;18;22;34;5;4;1;12;3;13;12;6
7799;Mannen;Totaal leeftijd;Totaal;A Landbouw, bosbouw en visserij;2020/'21;50;14;9;14;13;14;36;4;0;3;7;10;9;11;6
7800;Mannen;Totaal leeftijd;Totaal;B-E Nijverheid (geen bouw) en energie;2009/'10;5741;2875;1718;768;380;185;5556;17;62;43;63;2858;1656;725;317
7801;Mannen;Totaal leeftijd;Totaal;B-E Nijverheid (geen bouw) en energie;2010/'11;4694;2681;1226;492;295;99;4595;13;30;17;39;2668;1196;475;256
7802;Mannen;Totaal leeftijd;Totaal;B-E Nijverheid (geen bouw) en energie;2011/'12;3311;1676;1073;408;154;86;3225;17;30;10;29;1659;1043;398;125
7803;Mannen;Totaal leeftijd;Totaal;B-E Nijverheid (geen bouw) en energie;2012/'13;3036;1416;1083;403;134;65;2971;13;21;5;26;1403;1062;398;108
7804;Mannen;Totaal leeftijd;Totaal;B-E Nijverheid (geen bouw) en energie;2013/'14;1235;462;410;250;113;47;1188;10;13;7;17;452;397;243;96
7805;Mannen;Totaal leeftijd;Totaal;B-E Nijverheid (geen bouw) en energie;2014/'15;761;259;225;187;90;36;725;7;3;2;24;252;222;185;66
7806;Mannen;Totaal leeftijd;Totaal;B-E Nijverheid (geen bouw) en energie;2015/'16;942;243;372;245;82;27;915;9;9;2;7;234;363;243;75
7807;Mannen;Totaal leeftijd;Totaal;B-E Nijverheid (geen bouw) en energie;2016/'17;949;227;374;254;94;34;915;15;5;4;10;212;369;250;84
7808;Mannen;Totaal leeftijd;Totaal;B-E Nijverheid (geen bouw) en energie;2017/'18;564;87;173;212;92;18;546;5;0;4;9;82;173;208;83
7809;Mannen;Totaal leeftijd;Totaal;B-E Nijverheid (geen bouw) en energie;2018/'19;595;66;237;187;105;27;568;5;2;2;18;61;235;185;87
7810;Mannen;Totaal leeftijd;Totaal;B-E Nijverheid (geen bouw) en energie;2019/'20;620;116;184;190;130;46;574;19;8;6;13;97;176;184;117
7811;Mannen;Totaal leeftijd;Totaal;B-E Nijverheid (geen bouw) en energie;2020/'21;456;58;144;142;112;38;418;13;3;4;18;45;141;138;94
7812;Mannen;Totaal leeftijd;Totaal;F Bouwnijverheid;2009/'10;1796;49;773;550;424;83;1713;18;27;14;24;31;746;536;400
7813;Mannen;Totaal leeftijd;Totaal;F Bouwnijverheid;2010/'11;904;37;517;209;141;56;848;7;19;6;24;30;498;203;117
7814;Mannen;Totaal leeftijd;Totaal;F Bouwnijverheid;2011/'12;699;40;367;180;112;38;661;4;13;10;11;36;354;170;101
7815;Mannen;Totaal leeftijd;Totaal;F Bouwnijverheid;2012/'13;558;20;296;130;112;37;521;4;14;10;9;16;282;120;103
7816;Mannen;Totaal leeftijd;Totaal;F Bouwnijverheid;2013/'14;230;15;94;56;65;20;210;4;4;3;9;11;90;53;56
7817;Mannen;Totaal leeftijd;Totaal;F Bouwnijverheid;2014/'15;136;9;65;29;33;17;119;3;7;0;7;6;58;29;26
7818;Mannen;Totaal leeftijd;Totaal;F Bouwnijverheid;2015/'16;171;13;60;63;35;23;148;5;4;2;12;8;56;61;23
7819;Mannen;Totaal leeftijd;Totaal;F Bouwnijverheid;2016/'17;216;5;67;71;73;14;202;1;6;1;6;4;61;70;67
7820;Mannen;Totaal leeftijd;Totaal;F Bouwnijverheid;2017/'18;205;9;62;71;63;13;192;2;6;3;2;7;56;68;61
7821;Mannen;Totaal leeftijd;Totaal;F Bouwnijverheid;2018/'19;273;23;102;75;73;20;253;10;2;0;8;13;100;75;65
7822;Mannen;Totaal leeftijd;Totaal;F Bouwnijverheid;2019/'20;230;18;92;65;55;14;216;4;2;1;7;14;90;64;48
7823;Mannen;Totaal leeftijd;Totaal;F Bouwnijverheid;2020/'21;222;17;111;49;45;13;209;3;4;1;5;14;107;48;40
7824;Mannen;Totaal leeftijd;Totaal;G-I Handel, vervoer en horeca;2009/'10;7221;482;5212;732;795;724;6497;115;188;113;308;367;5024;619;487
7825;Mannen;Totaal leeftijd;Totaal;G-I Handel, vervoer en horeca;2010/'11;4529;422;2858;581;668;678;3851;94;172;115;297;328;2686;466;371
7826;Mannen;Totaal leeftijd;Totaal;G-I Handel, vervoer en horeca;2011/'12;4492;335;3034;490;633;705;3787;83;178;125;319;252;2856;365;314
7827;Mannen;Totaal leeftijd;Totaal;G-I Handel, vervoer en horeca;2012/'13;3944;471;2260;567;646;731;3213;133;144;104;350;338;2116;463;296
7828;Mannen;Totaal leeftijd;Totaal;G-I Handel, vervoer en horeca;2013/'14;1696;176;606;334;580;795;901;109;183;105;398;67;423;229;182
7829;Mannen;Totaal leeftijd;Totaal;G-I Handel, vervoer en horeca;2014/'15;1512;183;460;283;586;743;769;125;146;78;394;58;314;205;192
7830;Mannen;Totaal leeftijd;Totaal;G-I Handel, vervoer en horeca;2015/'16;1440;180;437;303;520;724;716;126;156;90;352;54;281;213;168
7831;Mannen;Totaal leeftijd;Totaal;G-I Handel, vervoer en horeca;2016/'17;1251;124;305;316;506;478;773;78;54;41;305;46;251;275;201
7832;Mannen;Totaal leeftijd;Totaal;G-I Handel, vervoer en horeca;2017/'18;1225;140;330;298;457;447;778;95;49;46;257;45;281;252;200
7833;Mannen;Totaal leeftijd;Totaal;G-I Handel, vervoer en horeca;2018/'19;1561;229;419;338;575;527;1034;144;51;31;301;85;368;307;274
7834;Mannen;Totaal leeftijd;Totaal;G-I Handel, vervoer en horeca;2019/'20;1610;252;391;372;595;584;1026;156;68;57;303;96;323;315;292
7835;Mannen;Totaal leeftijd;Totaal;G-I Handel, vervoer en horeca;2020/'21;1525;284;295;324;622;650;875;200;63;47;340;84;232;277;282
7836;Mannen;Totaal leeftijd;Totaal;J Informatie en communicatie;2009/'10;142;6;52;39;45;29;113;4;8;8;9;2;44;31;36
7837;Mannen;Totaal leeftijd;Totaal;J Informatie en communicatie;2010/'11;82;7;30;14;31;23;59;2;6;2;13;5;24;12;18
7838;Mannen;Totaal leeftijd;Totaal;J Informatie en communicatie;2011/'12;90;9;29;35;17;16;74;0;8;4;4;9;21;31;13
7839;Mannen;Totaal leeftijd;Totaal;J Informatie en communicatie;2012/'13;59;5;14;16;24;9;50;1;1;0;7;4;13;16;17
7840;Mannen;Totaal leeftijd;Totaal;J Informatie en communicatie;2013/'14;33;1;13;6;13;8;25;1;2;1;4;0;11;5;9
7841;Mannen;Totaal leeftijd;Totaal;J Informatie en communicatie;2014/'15;20;1;10;5;4;4;16;1;1;0;2;0;9;5;2
7842;Mannen;Totaal leeftijd;Totaal;J Informatie en communicatie;2015/'16;24;1;8;2;13;9;15;1;0;0;8;0;8;2;5
7843;Mannen;Totaal leeftijd;Totaal;J Informatie en communicatie;2016/'17;31;1;11;7;12;6;25;0;2;0;4;1;9;7;8
7844;Mannen;Totaal leeftijd;Totaal;J Informatie en communicatie;2017/'18;34;1;8;11;14;3;31;0;0;0;3;1;8;11;11
7845;Mannen;Totaal leeftijd;Totaal;J Informatie en communicatie;2018/'19;39;3;8;15;13;4;35;1;0;0;3;2;8;15;10
7846;Mannen;Totaal leeftijd;Totaal;J Informatie en communicatie;2019/'20;53;4;10;19;20;8;45;2;2;0;4;2;8;19;16
7847;Mannen;Totaal leeftijd;Totaal;J Informatie en communicatie;2020/'21;42;2;11;10;19;9;33;1;0;0;8;1;11;10;11
7848;Mannen;Totaal leeftijd;Totaal;K Financiële dienstverlening;2009/'10;171;18;47;15;91;12;159;2;1;5;4;16;46;10;87
7849;Mannen;Totaal leeftijd;Totaal;K Financiële dienstverlening;2010/'11;76;21;14;9;32;7;69;2;3;1;1;19;11;8;31
7850;Mannen;Totaal leeftijd;Totaal;K Financiële dienstverlening;2011/'12;72;3;27;12;30;10;62;0;4;3;3;3;23;9;27
7851;Mannen;Totaal leeftijd;Totaal;K Financiële dienstverlening;2012/'13;38;1;14;7;16;7;31;0;3;3;1;1;11;4;15
7852;Mannen;Totaal leeftijd;Totaal;K Financiële dienstverlening;2013/'14;29;0;8;5;16;9;20;0;3;0;6;0;5;5;10
7853;Mannen;Totaal leeftijd;Totaal;K Financiële dienstverlening;2014/'15;21;3;7;3;8;4;17;1;0;0;3;2;7;3;5
7854;Mannen;Totaal leeftijd;Totaal;K Financiële dienstverlening;2015/'16;18;1;8;4;5;4;14;0;1;1;2;1;7;3;3
7855;Mannen;Totaal leeftijd;Totaal;K Financiële dienstverlening;2016/'17;17;1;5;4;7;1;16;0;0;0;1;1;5;4;6
7856;Mannen;Totaal leeftijd;Totaal;K Financiële dienstverlening;2017/'18;35;1;7;11;16;4;31;0;1;0;3;1;6;11;13
7857;Mannen;Totaal leeftijd;Totaal;K Financiële dienstverlening;2018/'19;29;0;7;8;14;1;28;0;0;0;1;0;7;8;13
7858;Mannen;Totaal leeftijd;Totaal;K Financiële dienstverlening;2019/'20;30;4;1;5;20;4;26;2;0;0;2;2;1;5;18
7859;Mannen;Totaal leeftijd;Totaal;K Financiële dienstverlening;2020/'21;23;3;6;7;7;7;16;2;1;1;3;1;5;6;4
7860;Mannen;Totaal leeftijd;Totaal;L Verhuur en handel van onroerend goed;2009/'10;80;9;50;14;7;5;75;0;2;1;2;9;48;13;5
7861;Mannen;Totaal leeftijd;Totaal;L Verhuur en handel van onroerend goed;2010/'11;34;1;11;11;11;7;27;0;2;1;4;1;9;10;7
7862;Mannen;Totaal leeftijd;Totaal;L Verhuur en handel van onroerend goed;2011/'12;58;3;47;4;4;3;55;1;0;1;1;2;47;3;3
7863;Mannen;Totaal leeftijd;Totaal;L Verhuur en handel van onroerend goed;2012/'13;51;2;43;3;3;7;44;2;4;0;1;0;39;3;2
7864;Mannen;Totaal leeftijd;Totaal;L Verhuur en handel van onroerend goed;2013/'14;45;2;37;4;2;3;42;1;1;0;1;1;36;4;1
7865;Mannen;Totaal leeftijd;Totaal;L Verhuur en handel van onroerend goed;2014/'15;16;1;7;4;4;4;12;1;1;0;2;0;6;4;2
7866;Mannen;Totaal leeftijd;Totaal;L Verhuur en handel van onroerend goed;2015/'16;25;2;20;1;2;4;21;2;0;0;2;0;20;1;0
7867;Mannen;Totaal leeftijd;Totaal;L Verhuur en handel van onroerend goed;2016/'17;40;0;24;13;3;3;37;0;0;0;3;0;24;13;0
7868;Mannen;Totaal leeftijd;Totaal;L Verhuur en handel van onroerend goed;2017/'18;12;0;4;4;4;0;12;0;0;0;0;0;4;4;4
7869;Mannen;Totaal leeftijd;Totaal;L Verhuur en handel van onroerend goed;2018/'19;20;0;10;7;3;2;18;0;0;0;2;0;10;7;1
7870;Mannen;Totaal leeftijd;Totaal;L Verhuur en handel van onroerend goed;2019/'20;15;2;3;8;2;1;14;1;0;0;0;1;3;8;2
7871;Mannen;Totaal leeftijd;Totaal;L Verhuur en handel van onroerend goed;2020/'21;11;2;0;5;4;4;7;2;0;0;2;0;0;5;2
7872;Mannen;Totaal leeftijd;Totaal;M-N Zakelijke dienstverlening;2009/'10;3506;644;1508;610;744;661;2845;147;188;92;234;497;1320;518;510
7873;Mannen;Totaal leeftijd;Totaal;M-N Zakelijke dienstverlening;2010/'11;2880;509;1000;944;427;489;2391;108;105;64;212;401;895;880;215
7874;Mannen;Totaal leeftijd;Totaal;M-N Zakelijke dienstverlening;2011/'12;2184;418;1060;417;289;360;1824;71;90;53;146;347;970;364;143
7875;Mannen;Totaal leeftijd;Totaal;M-N Zakelijke dienstverlening;2012/'13;1890;566;735;307;282;357;1533;81;80;40;156;485;655;267;126
7876;Mannen;Totaal leeftijd;Totaal;M-N Zakelijke dienstverlening;2013/'14;1031;220;375;171;265;328;703;66;72;23;167;154;303;148;98
7877;Mannen;Totaal leeftijd;Totaal;M-N Zakelijke dienstverlening;2014/'15;857;189;299;133;236;276;581;52;35;28;161;137;264;105;75
7878;Mannen;Totaal leeftijd;Totaal;M-N Zakelijke dienstverlening;2015/'16;885;180;325;182;198;275;610;69;41;26;139;111;284;156;59
7879;Mannen;Totaal leeftijd;Totaal;M-N Zakelijke dienstverlening;2016/'17;984;134;387;240;223;243;741;54;30;18;141;80;357;222;82
7880;Mannen;Totaal leeftijd;Totaal;M-N Zakelijke dienstverlening;2017/'18;1081;139;408;303;231;214;867;58;22;12;122;81;386;291;109
7881;Mannen;Totaal leeftijd;Totaal;M-N Zakelijke dienstverlening;2018/'19;1333;290;418;325;300;302;1031;111;33;20;138;179;385;305;162
7882;Mannen;Totaal leeftijd;Totaal;M-N Zakelijke dienstverlening;2019/'20;1255;283;359;287;326;352;903;137;41;20;154;146;318;267;172
7883;Mannen;Totaal leeftijd;Totaal;M-N Zakelijke dienstverlening;2020/'21;1189;367;283;209;330;392;797;171;33;17;171;196;250;192;159
7884;Mannen;Totaal leeftijd;Totaal;O-Q Overheid en zorg;2009/'10;1838;113;616;465;644;363;1475;12;76;99;176;101;540;366;468
7885;Mannen;Totaal leeftijd;Totaal;O-Q Overheid en zorg;2010/'11;1401;113;419;332;537;324;1077;17;48;98;161;96;371;234;376
7886;Mannen;Totaal leeftijd;Totaal;O-Q Overheid en zorg;2011/'12;1354;136;423;407;388;203;1151;14;36;97;56;122;387;310;332
7887;Mannen;Totaal leeftijd;Totaal;O-Q Overheid en zorg;2012/'13;1441;147;350;549;395;181;1260;3;24;108;46;144;326;441;349
7888;Mannen;Totaal leeftijd;Totaal;O-Q Overheid en zorg;2013/'14;843;164;155;254;270;83;760;3;16;30;34;161;139;224;236
7889;Mannen;Totaal leeftijd;Totaal;O-Q Overheid en zorg;2014/'15;666;83;111;256;216;40;626;0;5;13;22;83;106;243;194
7890;Mannen;Totaal leeftijd;Totaal;O-Q Overheid en zorg;2015/'16;676;112;164;240;160;52;624;4;4;22;22;108;160;218;138
7891;Mannen;Totaal leeftijd;Totaal;O-Q Overheid en zorg;2016/'17;710;34;258;188;230;32;678;2;6;8;16;32;252;180;214
7892;Mannen;Totaal leeftijd;Totaal;O-Q Overheid en zorg;2017/'18;534;48;124;138;224;33;501;1;4;12;16;47;120;126;208
7893;Mannen;Totaal leeftijd;Totaal;O-Q Overheid en zorg;2018/'19;456;37;83;128;208;28;428;2;3;9;14;35;80;119;194
7894;Mannen;Totaal leeftijd;Totaal;O-Q Overheid en zorg;2019/'20;540;82;98;137;223;22;518;1;3;3;15;81;95;134;208
7895;Mannen;Totaal leeftijd;Totaal;O-Q Overheid en zorg;2020/'21;492;48;88;103;253;26;466;5;6;0;15;43;82;103;238
7896;Mannen;Totaal leeftijd;Totaal;R-U Cultuur, recreatie, overige diensten;2009/'10;312;34;140;66;72;50;262;4;7;11;28;30;133;55;44
7897;Mannen;Totaal leeftijd;Totaal;R-U Cultuur, recreatie, overige diensten;2010/'11;193;41;50;43;59;57;136;5;9;13;30;36;41;30;29
7898;Mannen;Totaal leeftijd;Totaal;R-U Cultuur, recreatie, overige diensten;2011/'12;316;109;108;33;66;57;259;6;15;11;25;103;93;22;41
7899;Mannen;Totaal leeftijd;Totaal;R-U Cultuur, recreatie, overige diensten;2012/'13;240;80;93;18;49;51;189;6;14;6;25;74;79;12;24
7900;Mannen;Totaal leeftijd;Totaal;R-U Cultuur, recreatie, overige diensten;2013/'14;84;13;32;9;30;36;48;8;4;3;21;5;28;6;9
7901;Mannen;Totaal leeftijd;Totaal;R-U Cultuur, recreatie, overige diensten;2014/'15;58;9;15;12;22;31;27;6;6;4;15;3;9;8;7
7902;Mannen;Totaal leeftijd;Totaal;R-U Cultuur, recreatie, overige diensten;2015/'16;79;5;36;12;26;30;49;3;11;1;15;2;25;11;11
7903;Mannen;Totaal leeftijd;Totaal;R-U Cultuur, recreatie, overige diensten;2016/'17;87;3;29;21;34;25;62;2;1;2;20;1;28;19;14
7904;Mannen;Totaal leeftijd;Totaal;R-U Cultuur, recreatie, overige diensten;2017/'18;101;5;31;23;42;26;75;3;1;3;19;2;30;20;23
7905;Mannen;Totaal leeftijd;Totaal;R-U Cultuur, recreatie, overige diensten;2018/'19;110;8;37;24;41;29;81;4;8;3;14;4;29;21;27
7906;Mannen;Totaal leeftijd;Totaal;R-U Cultuur, recreatie, overige diensten;2019/'20;97;13;19;26;39;23;74;5;0;4;14;8;19;22;25
7907;Mannen;Totaal leeftijd;Totaal;R-U Cultuur, recreatie, overige diensten;2020/'21;127;21;27;26;53;40;87;12;6;3;19;9;21;23;34
7908;Mannen;Totaal leeftijd;Totaal;SBI-code onbekend;2009/'10;430;23;305;53;49;64;366;6;28;7;23;17;277;46;26
7909;Mannen;Totaal leeftijd;Totaal;SBI-code onbekend;2010/'11;284;12;191;33;48;47;237;1;22;6;18;11;169;27;30
7910;Mannen;Totaal leeftijd;Totaal;SBI-code onbekend;2011/'12;249;11;154;31;53;33;216;2;18;4;9;9;136;27;44
7911;Mannen;Totaal leeftijd;Totaal;SBI-code onbekend;2012/'13;205;16;111;39;39;27;178;1;9;3;14;15;102;36;25
7912;Mannen;Totaal leeftijd;Totaal;SBI-code onbekend;2013/'14;133;8;58;20;47;26;107;3;8;3;12;5;50;17;35
7913;Mannen;Totaal leeftijd;Totaal;SBI-code onbekend;2014/'15;65;6;30;10;19;13;52;5;3;0;5;1;27;10;14
7914;Mannen;Totaal leeftijd;Totaal;SBI-code onbekend;2015/'16;14;1;4;3;6;4;10;1;0;0;3;0;4;3;3
7915;Mannen;Totaal leeftijd;Totaal;SBI-code onbekend;2016/'17;29;1;9;9;10;5;24;1;0;2;2;0;9;7;8
7916;Mannen;Totaal leeftijd;Totaal;SBI-code onbekend;2017/'18;29;2;12;9;6;5;24;1;2;0;2;1;10;9;4
7917;Mannen;Totaal leeftijd;Totaal;SBI-code onbekend;2018/'19;23;1;8;8;6;3;20;0;0;0;3;1;8;8;3
7918;Mannen;Totaal leeftijd;Totaal;SBI-code onbekend;2019/'20;30;3;7;10;10;5;25;2;1;0;2;1;6;10;8
7919;Mannen;Totaal leeftijd;Totaal;SBI-code onbekend;2020/'21;16;4;3;5;4;2;14;1;0;1;0;3;3;4;4
7920;Mannen;Totaal leeftijd;Sector landbouw;A-U Alle economische activiteiten;2009/'10;1968;960;452;432;124;56;1912;5;15;9;27;955;437;423;97
7921;Mannen;Totaal leeftijd;Sector landbouw;A-U Alle economische activiteiten;2010/'11;2030;1169;481;288;92;43;1987;3;10;11;19;1166;471;277;73
7922;Mannen;Totaal leeftijd;Sector landbouw;A-U Alle economische activiteiten;2011/'12;1799;955;419;316;109;53;1746;7;9;13;24;948;410;303;85
7923;Mannen;Totaal leeftijd;Sector landbouw;A-U Alle economische activiteiten;2012/'13;1742;948;417;305;72;49;1693;4;6;14;25;944;411;291;47
7924;Mannen;Totaal leeftijd;Sector landbouw;A-U Alle economische activiteiten;2013/'14;663;290;199;102;72;60;603;2;6;14;38;288;193;88;34
7925;Mannen;Totaal leeftijd;Sector landbouw;A-U Alle economische activiteiten;2014/'15;455;143;129;118;65;52;403;2;5;8;37;141;124;110;28
7926;Mannen;Totaal leeftijd;Sector landbouw;A-U Alle economische activiteiten;2015/'16;486;127;116;194;49;40;446;2;9;10;19;125;107;184;30
7927;Mannen;Totaal leeftijd;Sector landbouw;A-U Alle economische activiteiten;2016/'17;272;12;122;80;58;23;249;0;2;1;20;12;120;79;38
7928;Mannen;Totaal leeftijd;Sector landbouw;A-U Alle economische activiteiten;2017/'18;252;0;94;103;55;19;233;0;2;2;15;0;92;101;40
7929;Mannen;Totaal leeftijd;Sector landbouw;A-U Alle economische activiteiten;2018/'19;186;0;65;77;44;15;171;0;2;2;11;0;63;75;33
7930;Mannen;Totaal leeftijd;Sector landbouw;A-U Alle economische activiteiten;2019/'20;197;0;44;101;52;21;176;0;2;2;17;0;42;99;35
7931;Mannen;Totaal leeftijd;Sector landbouw;A-U Alle economische activiteiten;2020/'21;183;109;11;36;27;21;162;1;2;0;18;108;9;36;9
7932;Mannen;Totaal leeftijd;Sector landbouw;A Landbouw, bosbouw en visserij;2009/'10;57;4;17;26;10;6;51;2;0;2;2;2;17;24;8
7933;Mannen;Totaal leeftijd;Sector landbouw;A Landbouw, bosbouw en visserij;2010/'11;32;11;8;11;2;1;31;0;0;0;1;11;8;11;1
7934;Mannen;Totaal leeftijd;Sector landbouw;A Landbouw, bosbouw en visserij;2011/'12;21;6;4;7;4;5;16;1;1;1;2;5;3;6;2
7935;Mannen;Totaal leeftijd;Sector landbouw;A Landbouw, bosbouw en visserij;2012/'13;54;22;10;16;6;5;49;0;2;1;2;22;8;15;4
7936;Mannen;Totaal leeftijd;Sector landbouw;A Landbouw, bosbouw en visserij;2013/'14;14;4;5;5;0;2;12;0;0;2;0;4;5;3;0
7937;Mannen;Totaal leeftijd;Sector landbouw;A Landbouw, bosbouw en visserij;2014/'15;17;3;2;7;5;5;12;0;0;3;2;3;2;4;3
7938;Mannen;Totaal leeftijd;Sector landbouw;A Landbouw, bosbouw en visserij;2015/'16;18;3;0;9;6;6;12;0;0;1;5;3;0;8;1
7939;Mannen;Totaal leeftijd;Sector landbouw;A Landbouw, bosbouw en visserij;2016/'17;5;0;0;3;2;2;3;0;0;0;2;0;0;3;0
7940;Mannen;Totaal leeftijd;Sector landbouw;A Landbouw, bosbouw en visserij;2017/'18;9;0;1;3;5;3;6;0;0;0;3;0;1;3;2
7941;Mannen;Totaal leeftijd;Sector landbouw;A Landbouw, bosbouw en visserij;2018/'19;4;0;0;2;2;2;2;0;0;1;1;0;0;1;1
7942;Mannen;Totaal leeftijd;Sector landbouw;A Landbouw, bosbouw en visserij;2019/'20;4;0;1;3;0;0;4;0;0;0;0;0;1;3;0
7943;Mannen;Totaal leeftijd;Sector landbouw;A Landbouw, bosbouw en visserij;2020/'21;13;8;0;2;3;2;11;0;0;0;2;8;0;2;1
7944;Mannen;Totaal leeftijd;Sector landbouw;B-E Nijverheid (geen bouw) en energie;2009/'10;1248;791;200;223;34;3;1245;0;1;0;2;791;199;223;32
7945;Mannen;Totaal leeftijd;Sector landbouw;B-E Nijverheid (geen bouw) en energie;2010/'11;1385;930;299;128;28;4;1381;0;2;2;0;930;297;126;28
7946;Mannen;Totaal leeftijd;Sector landbouw;B-E Nijverheid (geen bouw) en energie;2011/'12;1147;777;256;107;7;3;1144;0;2;1;0;777;254;106;7
7947;Mannen;Totaal leeftijd;Sector landbouw;B-E Nijverheid (geen bouw) en energie;2012/'13;862;608;147;104;3;5;857;3;1;0;1;605;146;104;2
7948;Mannen;Totaal leeftijd;Sector landbouw;B-E Nijverheid (geen bouw) en energie;2013/'14;395;226;123;32;14;3;392;1;0;1;1;225;123;31;13
7949;Mannen;Totaal leeftijd;Sector landbouw;B-E Nijverheid (geen bouw) en energie;2014/'15;179;101;51;20;7;4;175;0;0;0;4;101;51;20;3
7950;Mannen;Totaal leeftijd;Sector landbouw;B-E Nijverheid (geen bouw) en energie;2015/'16;199;93;41;47;18;0;199;0;0;0;0;93;41;47;18
7951;Mannen;Totaal leeftijd;Sector landbouw;B-E Nijverheid (geen bouw) en energie;2016/'17;82;0;49;24;9;2;80;0;0;1;1;0;49;23;8
7952;Mannen;Totaal leeftijd;Sector landbouw;B-E Nijverheid (geen bouw) en energie;2017/'18;85;0;30;39;16;1;84;0;0;0;1;0;30;39;15
7953;Mannen;Totaal leeftijd;Sector landbouw;B-E Nijverheid (geen bouw) en energie;2018/'19;53;0;31;14;8;1;52;0;0;0;1;0;31;14;7
7954;Mannen;Totaal leeftijd;Sector landbouw;B-E Nijverheid (geen bouw) en energie;2019/'20;41;0;12;20;9;1;40;0;0;0;1;0;12;20;8
7955;Mannen;Totaal leeftijd;Sector landbouw;B-E Nijverheid (geen bouw) en energie;2020/'21;18;13;2;2;1;0;18;0;0;0;0;13;2;2;1
7956;Mannen;Totaal leeftijd;Sector landbouw;F Bouwnijverheid;2009/'10;18;4;6;7;1;0;18;0;0;0;0;4;6;7;1
7957;Mannen;Totaal leeftijd;Sector landbouw;F Bouwnijverheid;2010/'11;17;8;4;4;1;2;15;1;0;0;1;7;4;4;0
7958;Mannen;Totaal leeftijd;Sector landbouw;F Bouwnijverheid;2011/'12;6;2;2;1;1;1;5;0;0;0;1;2;2;1;0
7959;Mannen;Totaal leeftijd;Sector landbouw;F Bouwnijverheid;2012/'13;13;3;7;3;0;2;11;0;0;2;0;3;7;1;0
7960;Mannen;Totaal leeftijd;Sector landbouw;F Bouwnijverheid;2013/'14;8;3;1;2;2;2;6;0;0;0;2;3;1;2;0
7961;Mannen;Totaal leeftijd;Sector landbouw;F Bouwnijverheid;2014/'15;4;1;1;2;0;1;3;0;1;0;0;1;0;2;0
7962;Mannen;Totaal leeftijd;Sector landbouw;F Bouwnijverheid;2015/'16;3;0;1;1;1;1;2;0;0;0;1;0;1;1;0
7963;Mannen;Totaal leeftijd;Sector landbouw;F Bouwnijverheid;2016/'17;5;0;1;2;2;0;5;0;0;0;0;0;1;2;2
7964;Mannen;Totaal leeftijd;Sector landbouw;F Bouwnijverheid;2017/'18;1;0;0;0;1;0;1;0;0;0;0;0;0;0;1
7965;Mannen;Totaal leeftijd;Sector landbouw;F Bouwnijverheid;2018/'19;2;0;1;0;1;1;1;0;0;0;1;0;1;0;0
7966;Mannen;Totaal leeftijd;Sector landbouw;F Bouwnijverheid;2019/'20;3;0;0;2;1;0;3;0;0;0;0;0;0;2;1
7967;Mannen;Totaal leeftijd;Sector landbouw;F Bouwnijverheid;2020/'21;2;0;1;0;1;1;1;0;0;0;1;0;1;0;0
7968;Mannen;Totaal leeftijd;Sector landbouw;G-I Handel, vervoer en horeca;2009/'10;137;23;48;36;30;15;122;2;5;2;6;21;43;34;24
7969;Mannen;Totaal leeftijd;Sector landbouw;G-I Handel, vervoer en horeca;2010/'11;167;48;55;46;18;15;152;1;4;2;8;47;51;44;10
7970;Mannen;Totaal leeftijd;Sector landbouw;G-I Handel, vervoer en horeca;2011/'12;133;34;49;38;12;23;110;2;6;7;8;32;43;31;4
7971;Mannen;Totaal leeftijd;Sector landbouw;G-I Handel, vervoer en horeca;2012/'13;205;35;103;49;18;18;187;0;3;4;11;35;100;45;7
7972;Mannen;Totaal leeftijd;Sector landbouw;G-I Handel, vervoer en horeca;2013/'14;62;10;13;11;28;33;29;1;4;5;23;9;9;6;5
7973;Mannen;Totaal leeftijd;Sector landbouw;G-I Handel, vervoer en horeca;2014/'15;45;4;10;10;21;23;22;0;3;3;17;4;7;7;4
7974;Mannen;Totaal leeftijd;Sector landbouw;G-I Handel, vervoer en horeca;2015/'16;47;6;15;17;9;21;26;0;8;4;9;6;7;13;0
7975;Mannen;Totaal leeftijd;Sector landbouw;G-I Handel, vervoer en horeca;2016/'17;29;0;7;11;11;10;19;0;1;0;9;0;6;11;2
7976;Mannen;Totaal leeftijd;Sector landbouw;G-I Handel, vervoer en horeca;2017/'18;34;0;12;14;8;7;27;0;1;2;4;0;11;12;4
7977;Mannen;Totaal leeftijd;Sector landbouw;G-I Handel, vervoer en horeca;2018/'19;25;0;8;7;10;5;20;0;1;1;3;0;7;6;7
7978;Mannen;Totaal leeftijd;Sector landbouw;G-I Handel, vervoer en horeca;2019/'20;38;0;6;14;18;13;25;0;1;1;11;0;5;13;7
7979;Mannen;Totaal leeftijd;Sector landbouw;G-I Handel, vervoer en horeca;2020/'21;19;3;0;8;8;8;11;0;0;0;8;3;0;8;0
7980;Mannen;Totaal leeftijd;Sector landbouw;J Informatie en communicatie;2009/'10;1;0;0;1;0;1;0;0;0;1;0;0;0;0;0
7981;Mannen;Totaal leeftijd;Sector landbouw;J Informatie en communicatie;2010/'11;3;0;1;2;0;1;2;0;0;1;0;0;1;1;0
7982;Mannen;Totaal leeftijd;Sector landbouw;J Informatie en communicatie;2011/'12;3;0;1;2;0;1;2;0;0;1;0;0;1;1;0
7983;Mannen;Totaal leeftijd;Sector landbouw;J Informatie en communicatie;2012/'13;5;3;2;0;0;0;5;0;0;0;0;3;2;0;0
7984;Mannen;Totaal leeftijd;Sector landbouw;J Informatie en communicatie;2013/'14;2;0;2;0;0;0;2;0;0;0;0;0;2;0;0
7985;Mannen;Totaal leeftijd;Sector landbouw;J Informatie en communicatie;2014/'15;1;0;1;0;0;0;1;0;0;0;0;0;1;0;0
7986;Mannen;Totaal leeftijd;Sector landbouw;J Informatie en communicatie;2015/'16;1;0;1;0;0;0;1;0;0;0;0;0;1;0;0
7987;Mannen;Totaal leeftijd;Sector landbouw;J Informatie en communicatie;2016/'17;3;1;1;1;0;0;3;0;0;0;0;1;1;1;0
7988;Mannen;Totaal leeftijd;Sector landbouw;J Informatie en communicatie;2017/'18;0;0;0;0;0;0;0;0;0;0;0;0;0;0;0
7989;Mannen;Totaal leeftijd;Sector landbouw;J Informatie en communicatie;2018/'19;2;0;0;2;0;0;2;0;0;0;0;0;0;2;0
7990;Mannen;Totaal leeftijd;Sector landbouw;J Informatie en communicatie;2019/'20;2;0;1;1;0;0;2;0;0;0;0;0;1;1;0
7991;Mannen;Totaal leeftijd;Sector landbouw;J Informatie en communicatie;2020/'21;2;0;0;1;1;1;1;0;0;0;1;0;0;1;0
7992;Mannen;Totaal leeftijd;Sector landbouw;K Financiële dienstverlening;2009/'10;2;0;2;0;0;0;2;0;0;0;0;0;2;0;0
7993;Mannen;Totaal leeftijd;Sector landbouw;K Financiële dienstverlening;2010/'11;1;0;0;1;0;0;1;0;0;0;0;0;0;1;0
7994;Mannen;Totaal leeftijd;Sector landbouw;K Financiële dienstverlening;2011/'12;0;0;0;0;0;0;0;0;0;0;0;0;0;0;0
7995;Mannen;Totaal leeftijd;Sector landbouw;K Financiële dienstverlening;2012/'13;4;1;2;1;0;0;4;0;0;0;0;1;2;1;0
7996;Mannen;Totaal leeftijd;Sector landbouw;K Financiële dienstverlening;2013/'14;1;0;0;1;0;0;1;0;0;0;0;0;0;1;0
7997;Mannen;Totaal leeftijd;Sector landbouw;K Financiële dienstverlening;2014/'15;2;0;1;1;0;0;2;0;0;0;0;0;1;1;0
7998;Mannen;Totaal leeftijd;Sector landbouw;K Financiële dienstverlening;2015/'16;2;0;1;1;0;0;2;0;0;0;0;0;1;1;0
7999;Mannen;Totaal leeftijd;Sector landbouw;K Financiële dienstverlening;2016/'17;1;0;1;0;0;0;1;0;0;0;0;0;1;0;0
8000;Mannen;Totaal leeftijd;Sector landbouw;K Financiële dienstverlening;2017/'18;0;0;0;0;0;0;0;0;0;0;0;0;0;0;0
8001;Mannen;Totaal leeftijd;Sector landbouw;K Financiële dienstverlening;2018/'19;4;0;0;2;2;0;4;0;0;0;0;0;0;2;2
8002;Mannen;Totaal leeftijd;Sector landbouw;K Financiële dienstverlening;2019/'20;2;0;0;1;1;0;2;0;0;0;0;0;0;1;1
8003;Mannen;Totaal leeftijd;Sector landbouw;K Financiële dienstverlening;2020/'21;3;0;1;2;0;1;2;0;1;0;0;0;0;2;0
8004;Mannen;Totaal leeftijd;Sector landbouw;L Verhuur en handel van onroerend goed;2009/'10;7;1;0;6;0;0;7;0;0;0;0;1;0;6;0
8005;Mannen;Totaal leeftijd;Sector landbouw;L Verhuur en handel van onroerend goed;2010/'11;8;0;0;8;0;0;8;0;0;0;0;0;0;8;0
8006;Mannen;Totaal leeftijd;Sector landbouw;L Verhuur en handel van onroerend goed;2011/'12;1;0;0;1;0;0;1;0;0;0;0;0;0;1;0
8007;Mannen;Totaal leeftijd;Sector landbouw;L Verhuur en handel van onroerend goed;2012/'13;1;0;0;1;0;0;1;0;0;0;0;0;0;1;0
8008;Mannen;Totaal leeftijd;Sector landbouw;L Verhuur en handel van onroerend goed;2013/'14;3;0;1;2;0;0;3;0;0;0;0;0;1;2;0
8009;Mannen;Totaal leeftijd;Sector landbouw;L Verhuur en handel van onroerend goed;2014/'15;3;0;1;2;0;0;3;0;0;0;0;0;1;2;0
8010;Mannen;Totaal leeftijd;Sector landbouw;L Verhuur en handel van onroerend goed;2015/'16;0;0;0;0;0;0;0;0;0;0;0;0;0;0;0
8011;Mannen;Totaal leeftijd;Sector landbouw;L Verhuur en handel van onroerend goed;2016/'17;1;0;0;0;1;1;0;0;0;0;1;0;0;0;0
8012;Mannen;Totaal leeftijd;Sector landbouw;L Verhuur en handel van onroerend goed;2017/'18;0;0;0;0;0;0;0;0;0;0;0;0;0;0;0
8013;Mannen;Totaal leeftijd;Sector landbouw;L Verhuur en handel van onroerend goed;2018/'19;1;0;0;1;0;0;1;0;0;0;0;0;0;1;0
8014;Mannen;Totaal leeftijd;Sector landbouw;L Verhuur en handel van onroerend goed;2019/'20;0;0;0;0;0;0;0;0;0;0;0;0;0;0;0
8015;Mannen;Totaal leeftijd;Sector landbouw;L Verhuur en handel van onroerend goed;2020/'21;0;0;0;0;0;0;0;0;0;0;0;0;0;0;0
8016;Mannen;Totaal leeftijd;Sector landbouw;M-N Zakelijke dienstverlening;2009/'10;309;106;121;51;31;22;287;1;7;1;13;105;114;50;18
8017;Mannen;Totaal leeftijd;Sector landbouw;M-N Zakelijke dienstverlening;2010/'11;278;101;98;54;25;12;266;1;3;1;7;100;95;53;18
8018;Mannen;Totaal leeftijd;Sector landbouw;M-N Zakelijke dienstverlening;2011/'12;306;89;89;91;37;12;294;4;0;1;7;85;89;90;30
8019;Mannen;Totaal leeftijd;Sector landbouw;M-N Zakelijke dienstverlening;2012/'13;442;257;91;72;22;10;432;0;0;2;8;257;91;70;14
8020;Mannen;Totaal leeftijd;Sector landbouw;M-N Zakelijke dienstverlening;2013/'14;129;36;35;38;20;13;116;0;2;3;8;36;33;35;12
8021;Mannen;Totaal leeftijd;Sector landbouw;M-N Zakelijke dienstverlening;2014/'15;116;29;53;17;17;15;101;1;1;1;12;28;52;16;5
8022;Mannen;Totaal leeftijd;Sector landbouw;M-N Zakelijke dienstverlening;2015/'16;99;22;24;47;6;8;91;1;0;4;3;21;24;43;3
8023;Mannen;Totaal leeftijd;Sector landbouw;M-N Zakelijke dienstverlening;2016/'17;102;11;57;18;16;6;96;0;0;0;6;11;57;18;10
8024;Mannen;Totaal leeftijd;Sector landbouw;M-N Zakelijke dienstverlening;2017/'18;97;0;42;36;19;6;91;0;0;0;6;0;42;36;13
8025;Mannen;Totaal leeftijd;Sector landbouw;M-N Zakelijke dienstverlening;2018/'19;72;0;22;33;17;4;68;0;1;0;3;0;21;33;14
8026;Mannen;Totaal leeftijd;Sector landbouw;M-N Zakelijke dienstverlening;2019/'20;60;0;21;25;14;6;54;0;1;0;5;0;20;25;9
8027;Mannen;Totaal leeftijd;Sector landbouw;M-N Zakelijke dienstverlening;2020/'21;103;81;4;10;8;6;97;1;1;0;4;80;3;10;4
8028;Mannen;Totaal leeftijd;Sector landbouw;O-Q Overheid en zorg;2009/'10;97;15;13;54;15;2;95;0;0;1;1;15;13;53;14
8029;Mannen;Totaal leeftijd;Sector landbouw;O-Q Overheid en zorg;2010/'11;91;41;10;27;13;4;87;0;0;4;0;41;10;23;13
8030;Mannen;Totaal leeftijd;Sector landbouw;O-Q Overheid en zorg;2011/'12;150;42;9;56;43;3;147;0;0;0;3;42;9;56;40
8031;Mannen;Totaal leeftijd;Sector landbouw;O-Q Overheid en zorg;2012/'13;120;13;39;50;18;7;113;0;0;4;3;13;39;46;15
8032;Mannen;Totaal leeftijd;Sector landbouw;O-Q Overheid en zorg;2013/'14;26;7;8;7;4;6;20;0;0;3;3;7;8;4;1
8033;Mannen;Totaal leeftijd;Sector landbouw;O-Q Overheid en zorg;2014/'15;73;2;4;55;12;0;73;0;0;0;0;2;4;55;12
8034;Mannen;Totaal leeftijd;Sector landbouw;O-Q Overheid en zorg;2015/'16;107;1;31;68;7;1;106;0;0;1;0;1;31;67;7
8035;Mannen;Totaal leeftijd;Sector landbouw;O-Q Overheid en zorg;2016/'17;36;0;3;18;15;1;35;0;0;0;1;0;3;18;14
8036;Mannen;Totaal leeftijd;Sector landbouw;O-Q Overheid en zorg;2017/'18;22;0;7;10;5;2;20;0;1;0;1;0;6;10;4
8037;Mannen;Totaal leeftijd;Sector landbouw;O-Q Overheid en zorg;2018/'19;18;0;2;13;3;1;17;0;0;0;1;0;2;13;2
8038;Mannen;Totaal leeftijd;Sector landbouw;O-Q Overheid en zorg;2019/'20;40;0;3;29;8;1;39;0;0;1;0;0;3;28;8
8039;Mannen;Totaal leeftijd;Sector landbouw;O-Q Overheid en zorg;2020/'21;17;2;2;9;4;1;16;0;0;0;1;2;2;9;3
8040;Mannen;Totaal leeftijd;Sector landbouw;R-U Cultuur, recreatie, overige diensten;2009/'10;72;13;40;17;2;3;69;0;0;1;2;13;40;16;0
8041;Mannen;Totaal leeftijd;Sector landbouw;R-U Cultuur, recreatie, overige diensten;2010/'11;32;26;3;1;2;3;29;0;1;1;1;26;2;0;1
8042;Mannen;Totaal leeftijd;Sector landbouw;R-U Cultuur, recreatie, overige diensten;2011/'12;14;3;4;4;3;4;10;0;0;2;2;3;4;2;1
8043;Mannen;Totaal leeftijd;Sector landbouw;R-U Cultuur, recreatie, overige diensten;2012/'13;8;1;6;1;0;1;7;1;0;0;0;0;6;1;0
8044;Mannen;Totaal leeftijd;Sector landbouw;R-U Cultuur, recreatie, overige diensten;2013/'14;8;3;4;1;0;0;8;0;0;0;0;3;4;1;0
8045;Mannen;Totaal leeftijd;Sector landbouw;R-U Cultuur, recreatie, overige diensten;2014/'15;10;3;3;2;2;3;7;1;0;1;1;2;3;1;1
8046;Mannen;Totaal leeftijd;Sector landbouw;R-U Cultuur, recreatie, overige diensten;2015/'16;10;2;2;4;2;3;7;1;1;0;1;1;1;4;1
8047;Mannen;Totaal leeftijd;Sector landbouw;R-U Cultuur, recreatie, overige diensten;2016/'17;5;0;2;1;2;1;4;0;1;0;0;0;1;1;2
8048;Mannen;Totaal leeftijd;Sector landbouw;R-U Cultuur, recreatie, overige diensten;2017/'18;3;0;1;1;1;0;3;0;0;0;0;0;1;1;1
8049;Mannen;Totaal leeftijd;Sector landbouw;R-U Cultuur, recreatie, overige diensten;2018/'19;4;0;1;2;1;1;3;0;0;0;1;0;1;2;0
8050;Mannen;Totaal leeftijd;Sector landbouw;R-U Cultuur, recreatie, overige diensten;2019/'20;5;0;0;4;1;0;5;0;0;0;0;0;0;4;1
8051;Mannen;Totaal leeftijd;Sector landbouw;R-U Cultuur, recreatie, overige diensten;2020/'21;5;1;1;2;1;1;4;0;0;0;1;1;1;2;0
8052;Mannen;Totaal leeftijd;Sector landbouw;SBI-code onbekend;2009/'10;20;3;5;11;1;4;16;0;2;1;1;3;3;10;0
8053;Mannen;Totaal leeftijd;Sector landbouw;SBI-code onbekend;2010/'11;16;4;3;6;3;1;15;0;0;0;1;4;3;6;2
8054;Mannen;Totaal leeftijd;Sector landbouw;SBI-code onbekend;2011/'12;18;2;5;9;2;1;17;0;0;0;1;2;5;9;1
8055;Mannen;Totaal leeftijd;Sector landbouw;SBI-code onbekend;2012/'13;28;5;10;8;5;1;27;0;0;1;0;5;10;7;5
8056;Mannen;Totaal leeftijd;Sector landbouw;SBI-code onbekend;2013/'14;15;1;7;3;4;1;14;0;0;0;1;1;7;3;3
8057;Mannen;Totaal leeftijd;Sector landbouw;SBI-code onbekend;2014/'15;5;0;2;2;1;1;4;0;0;0;1;0;2;2;0
8058;Mannen;Totaal leeftijd;Sector landbouw;SBI-code onbekend;2015/'16;0;0;0;0;0;0;0;0;0;0;0;0;0;0;0
8059;Mannen;Totaal leeftijd;Sector landbouw;SBI-code onbekend;2016/'17;3;0;1;2;0;0;3;0;0;0;0;0;1;2;0
8060;Mannen;Totaal leeftijd;Sector landbouw;SBI-code onbekend;2017/'18;1;0;1;0;0;0;1;0;0;0;0;0;1;0;0
8061;Mannen;Totaal leeftijd;Sector landbouw;SBI-code onbekend;2018/'19;1;0;0;1;0;0;1;0;0;0;0;0;0;1;0
8062;Mannen;Totaal leeftijd;Sector landbouw;SBI-code onbekend;2019/'20;2;0;0;2;0;0;2;0;0;0;0;0;0;2;0
8063;Mannen;Totaal leeftijd;Sector landbouw;SBI-code onbekend;2020/'21;1;1;0;0;0;0;1;0;0;0;0;1;0;0;0
8064;Mannen;Totaal leeftijd;Sector economie;A-U Alle economische activiteiten;2009/'10;4626;406;2111;1089;1020;668;3958;28;267;123;250;378;1844;966;770
8065;Mannen;Totaal leeftijd;Sector economie;A-U Alle economische activiteiten;2010/'11;3743;366;1604;1126;647;568;3175;32;164;116;256;334;1440;1010;391
8066;Mannen;Totaal leeftijd;Sector economie;A-U Alle economische activiteiten;2011/'12;2788;323;1493;497;475;519;2269;25;183;109;202;298;1310;388;273
8067;Mannen;Totaal leeftijd;Sector economie;A-U Alle economische activiteiten;2012/'13;2459;284;995;667;513;498;1961;28;118;146;206;256;877;521;307
8068;Mannen;Totaal leeftijd;Sector economie;A-U Alle economische activiteiten;2013/'14;1435;71;563;365;436;462;973;20;141;84;217;51;422;281;219
8069;Mannen;Totaal leeftijd;Sector economie;A-U Alle economische activiteiten;2014/'15;1231;23;463;279;466;453;778;10;118;59;266;13;345;220;200
8070;Mannen;Totaal leeftijd;Sector economie;A-U Alle economische activiteiten;2015/'16;1105;24;455;253;373;398;707;8;112;68;210;16;343;185;163
8071;Mannen;Totaal leeftijd;Sector economie;A-U Alle economische activiteiten;2016/'17;1027;0;380;200;447;288;739;0;45;34;209;0;335;166;238
8072;Mannen;Totaal leeftijd;Sector economie;A-U Alle economische activiteiten;2017/'18;789;0;350;108;331;261;528;0;40;29;192;0;310;79;139
8073;Mannen;Totaal leeftijd;Sector economie;A-U Alle economische activiteiten;2018/'19;948;0;414;157;377;290;658;0;44;31;215;0;370;126;162
8074;Mannen;Totaal leeftijd;Sector economie;A-U Alle economische activiteiten;2019/'20;948;0;368;153;427;364;584;0;70;56;238;0;298;97;189
8075;Mannen;Totaal leeftijd;Sector economie;A-U Alle economische activiteiten;2020/'21;854;0;275;159;420;316;538;0;48;36;232;0;227;123;188
8076;Mannen;Totaal leeftijd;Sector economie;A Landbouw, bosbouw en visserij;2009/'10;24;1;11;7;5;11;13;0;4;4;3;1;7;3;2
8077;Mannen;Totaal leeftijd;Sector economie;A Landbouw, bosbouw en visserij;2010/'11;20;3;9;3;5;12;8;1;5;2;4;2;4;1;1
8078;Mannen;Totaal leeftijd;Sector economie;A Landbouw, bosbouw en visserij;2011/'12;27;0;18;4;5;14;13;0;7;2;5;0;11;2;0
8079;Mannen;Totaal leeftijd;Sector economie;A Landbouw, bosbouw en visserij;2012/'13;12;1;6;1;4;7;5;1;2;1;3;0;4;0;1
8080;Mannen;Totaal leeftijd;Sector economie;A Landbouw, bosbouw en visserij;2013/'14;9;0;4;3;2;6;3;0;1;3;2;0;3;0;0
8081;Mannen;Totaal leeftijd;Sector economie;A Landbouw, bosbouw en visserij;2014/'15;13;1;4;0;8;12;1;1;3;0;8;0;1;0;0
8082;Mannen;Totaal leeftijd;Sector economie;A Landbouw, bosbouw en visserij;2015/'16;9;0;5;3;1;7;2;0;4;3;0;0;1;0;1
8083;Mannen;Totaal leeftijd;Sector economie;A Landbouw, bosbouw en visserij;2016/'17;7;0;0;0;7;6;1;0;0;0;6;0;0;0;1
8084;Mannen;Totaal leeftijd;Sector economie;A Landbouw, bosbouw en visserij;2017/'18;5;0;0;1;4;5;0;0;0;1;4;0;0;0;0
8085;Mannen;Totaal leeftijd;Sector economie;A Landbouw, bosbouw en visserij;2018/'19;6;0;2;2;2;2;4;0;0;0;2;0;2;2;0
8086;Mannen;Totaal leeftijd;Sector economie;A Landbouw, bosbouw en visserij;2019/'20;7;0;4;1;2;4;3;0;2;0;2;0;2;1;0
8087;Mannen;Totaal leeftijd;Sector economie;A Landbouw, bosbouw en visserij;2020/'21;8;0;2;2;4;3;5;0;0;0;3;0;2;2;1
8088;Mannen;Totaal leeftijd;Sector economie;B-E Nijverheid (geen bouw) en energie;2009/'10;480;54;288;105;33;45;435;1;24;4;16;53;264;101;17
8089;Mannen;Totaal leeftijd;Sector economie;B-E Nijverheid (geen bouw) en energie;2010/'11;308;70;136;67;35;22;286;3;8;2;9;67;128;65;26
8090;Mannen;Totaal leeftijd;Sector economie;B-E Nijverheid (geen bouw) en energie;2011/'12;189;37;127;16;9;17;172;0;11;2;4;37;116;14;5
8091;Mannen;Totaal leeftijd;Sector economie;B-E Nijverheid (geen bouw) en energie;2012/'13;285;98;138;39;10;14;271;1;9;0;4;97;129;39;6
8092;Mannen;Totaal leeftijd;Sector economie;B-E Nijverheid (geen bouw) en energie;2013/'14;79;17;46;9;7;12;67;1;5;2;4;16;41;7;3
8093;Mannen;Totaal leeftijd;Sector economie;B-E Nijverheid (geen bouw) en energie;2014/'15;51;3;27;12;9;7;44;0;1;0;6;3;26;12;3
8094;Mannen;Totaal leeftijd;Sector economie;B-E Nijverheid (geen bouw) en energie;2015/'16;56;4;39;10;3;7;49;0;5;0;2;4;34;10;1
8095;Mannen;Totaal leeftijd;Sector economie;B-E Nijverheid (geen bouw) en energie;2016/'17;60;0;23;22;15;3;57;0;1;1;1;0;22;21;14
8096;Mannen;Totaal leeftijd;Sector economie;B-E Nijverheid (geen bouw) en energie;2017/'18;30;0;12;5;13;5;25;0;0;1;4;0;12;4;9
8097;Mannen;Totaal leeftijd;Sector economie;B-E Nijverheid (geen bouw) en energie;2018/'19;42;0;18;7;17;7;35;0;1;0;6;0;17;7;11
8098;Mannen;Totaal leeftijd;Sector economie;B-E Nijverheid (geen bouw) en energie;2019/'20;59;0;26;11;22;10;49;0;4;4;2;0;22;7;20
8099;Mannen;Totaal leeftijd;Sector economie;B-E Nijverheid (geen bouw) en energie;2020/'21;56;0;29;8;19;6;50;0;1;2;3;0;28;6;16
8100;Mannen;Totaal leeftijd;Sector economie;F Bouwnijverheid;2009/'10;93;2;81;5;5;22;71;2;14;1;5;0;67;4;0
8101;Mannen;Totaal leeftijd;Sector economie;F Bouwnijverheid;2010/'11;61;2;48;10;1;10;51;0;6;3;1;2;42;7;0
8102;Mannen;Totaal leeftijd;Sector economie;F Bouwnijverheid;2011/'12;53;2;41;8;2;10;43;0;6;2;2;2;35;6;0
8103;Mannen;Totaal leeftijd;Sector economie;F Bouwnijverheid;2012/'13;49;2;36;10;1;5;44;1;3;0;1;1;33;10;0
8104;Mannen;Totaal leeftijd;Sector economie;F Bouwnijverheid;2013/'14;20;0;16;1;3;3;17;0;1;0;2;0;15;1;1
8105;Mannen;Totaal leeftijd;Sector economie;F Bouwnijverheid;2014/'15;6;0;4;1;1;2;4;0;1;0;1;0;3;1;0
8106;Mannen;Totaal leeftijd;Sector economie;F Bouwnijverheid;2015/'16;12;0;10;0;2;4;8;0;2;0;2;0;8;0;0
8107;Mannen;Totaal leeftijd;Sector economie;F Bouwnijverheid;2016/'17;22;0;3;1;18;4;18;0;1;1;2;0;2;0;16
8108;Mannen;Totaal leeftijd;Sector economie;F Bouwnijverheid;2017/'18;22;0;2;1;19;2;20;0;1;0;1;0;1;1;18
8109;Mannen;Totaal leeftijd;Sector economie;F Bouwnijverheid;2018/'19;22;0;9;0;13;2;20;0;1;0;1;0;8;0;12
8110;Mannen;Totaal leeftijd;Sector economie;F Bouwnijverheid;2019/'20;19;0;6;0;13;2;17;0;0;0;2;0;6;0;11
8111;Mannen;Totaal leeftijd;Sector economie;F Bouwnijverheid;2020/'21;20;0;5;1;14;4;16;0;2;0;2;0;3;1;12
8112;Mannen;Totaal leeftijd;Sector economie;G-I Handel, vervoer en horeca;2009/'10;1797;188;869;397;343;274;1523;13;101;53;107;175;768;344;236
8113;Mannen;Totaal leeftijd;Sector economie;G-I Handel, vervoer en horeca;2010/'11;1610;197;841;288;284;267;1343;16;85;58;108;181;756;230;176
8114;Mannen;Totaal leeftijd;Sector economie;G-I Handel, vervoer en horeca;2011/'12;1348;145;705;225;273;287;1061;11;99;55;122;134;606;170;151
8115;Mannen;Totaal leeftijd;Sector economie;G-I Handel, vervoer en horeca;2012/'13;966;61;381;263;261;249;717;16;64;54;115;45;317;209;146
8116;Mannen;Totaal leeftijd;Sector economie;G-I Handel, vervoer en horeca;2013/'14;714;28;270;180;236;313;401;12;93;61;147;16;177;119;89
8117;Mannen;Totaal leeftijd;Sector economie;G-I Handel, vervoer en horeca;2014/'15;638;14;234;126;264;299;339;6;84;47;162;8;150;79;102
8118;Mannen;Totaal leeftijd;Sector economie;G-I Handel, vervoer en horeca;2015/'16;628;13;224;155;236;263;365;5;71;57;130;8;153;98;106
8119;Mannen;Totaal leeftijd;Sector economie;G-I Handel, vervoer en horeca;2016/'17;506;0;158;97;251;184;322;0;28;18;138;0;130;79;113
8120;Mannen;Totaal leeftijd;Sector economie;G-I Handel, vervoer en horeca;2017/'18;418;0;164;69;185;170;248;0;26;22;122;0;138;47;63
8121;Mannen;Totaal leeftijd;Sector economie;G-I Handel, vervoer en horeca;2018/'19;552;0;209;93;250;191;361;0;26;17;148;0;183;76;102
8122;Mannen;Totaal leeftijd;Sector economie;G-I Handel, vervoer en horeca;2019/'20;519;0;185;97;237;220;299;0;40;34;146;0;145;63;91
8123;Mannen;Totaal leeftijd;Sector economie;G-I Handel, vervoer en horeca;2020/'21;444;0;112;90;242;196;248;0;29;21;146;0;83;69;96
8124;Mannen;Totaal leeftijd;Sector economie;J Informatie en communicatie;2009/'10;79;1;23;28;27;11;68;1;3;3;4;0;20;25;23
8125;Mannen;Totaal leeftijd;Sector economie;J Informatie en communicatie;2010/'11;30;1;10;8;11;4;26;0;2;0;2;1;8;8;9
8126;Mannen;Totaal leeftijd;Sector economie;J Informatie en communicatie;2011/'12;23;1;7;9;6;6;17;0;2;2;2;1;5;7;4
8127;Mannen;Totaal leeftijd;Sector economie;J Informatie en communicatie;2012/'13;32;0;6;11;15;1;31;0;0;0;1;0;6;11;14
8128;Mannen;Totaal leeftijd;Sector economie;J Informatie en communicatie;2013/'14;13;1;4;3;5;3;10;1;1;0;1;0;3;3;4
8129;Mannen;Totaal leeftijd;Sector economie;J Informatie en communicatie;2014/'15;4;0;3;0;1;1;3;0;0;0;1;0;3;0;0
8130;Mannen;Totaal leeftijd;Sector economie;J Informatie en communicatie;2015/'16;11;0;5;1;5;5;6;0;0;0;5;0;5;1;0
8131;Mannen;Totaal leeftijd;Sector economie;J Informatie en communicatie;2016/'17;9;0;6;1;2;2;7;0;2;0;0;0;4;1;2
8132;Mannen;Totaal leeftijd;Sector economie;J Informatie en communicatie;2017/'18;9;0;5;1;3;2;7;0;0;0;2;0;5;1;1
8133;Mannen;Totaal leeftijd;Sector economie;J Informatie en communicatie;2018/'19;5;0;5;0;0;0;5;0;0;0;0;0;5;0;0
8134;Mannen;Totaal leeftijd;Sector economie;J Informatie en communicatie;2019/'20;15;0;3;2;10;3;12;0;1;0;2;0;2;2;8
8135;Mannen;Totaal leeftijd;Sector economie;J Informatie en communicatie;2020/'21;9;0;3;2;4;2;7;0;0;0;2;0;3;2;2
8136;Mannen;Totaal leeftijd;Sector economie;K Financiële dienstverlening;2009/'10;100;0;16;8;76;3;97;0;1;1;1;0;15;7;75
8137;Mannen;Totaal leeftijd;Sector economie;K Financiële dienstverlening;2010/'11;32;0;6;3;23;0;32;0;0;0;0;0;6;3;23
8138;Mannen;Totaal leeftijd;Sector economie;K Financiële dienstverlening;2011/'12;34;0;8;3;23;3;31;0;1;1;1;0;7;2;22
8139;Mannen;Totaal leeftijd;Sector economie;K Financiële dienstverlening;2012/'13;16;0;3;1;12;0;16;0;0;0;0;0;3;1;12
8140;Mannen;Totaal leeftijd;Sector economie;K Financiële dienstverlening;2013/'14;14;0;5;0;9;5;9;0;3;0;2;0;2;0;7
8141;Mannen;Totaal leeftijd;Sector economie;K Financiële dienstverlening;2014/'15;9;0;5;0;4;2;7;0;0;0;2;0;5;0;2
8142;Mannen;Totaal leeftijd;Sector economie;K Financiële dienstverlening;2015/'16;7;0;6;0;1;1;6;0;1;0;0;0;5;0;1
8143;Mannen;Totaal leeftijd;Sector economie;K Financiële dienstverlening;2016/'17;4;0;3;1;0;0;4;0;0;0;0;0;3;1;0
8144;Mannen;Totaal leeftijd;Sector economie;K Financiële dienstverlening;2017/'18;10;0;4;0;6;2;8;0;1;0;1;0;3;0;5
8145;Mannen;Totaal leeftijd;Sector economie;K Financiële dienstverlening;2018/'19;11;0;4;2;5;1;10;0;0;0;1;0;4;2;4
8146;Mannen;Totaal leeftijd;Sector economie;K Financiële dienstverlening;2019/'20;1;0;0;0;1;0;1;0;0;0;0;0;0;0;1
8147;Mannen;Totaal leeftijd;Sector economie;K Financiële dienstverlening;2020/'21;6;0;2;1;3;4;2;0;0;1;3;0;2;0;0
8148;Mannen;Totaal leeftijd;Sector economie;L Verhuur en handel van onroerend goed;2009/'10;15;0;6;6;3;1;14;0;0;0;1;0;6;6;2
8149;Mannen;Totaal leeftijd;Sector economie;L Verhuur en handel van onroerend goed;2010/'11;6;0;2;1;3;2;4;0;0;1;1;0;2;0;2
8150;Mannen;Totaal leeftijd;Sector economie;L Verhuur en handel van onroerend goed;2011/'12;25;1;24;0;0;0;25;0;0;0;0;1;24;0;0
8151;Mannen;Totaal leeftijd;Sector economie;L Verhuur en handel van onroerend goed;2012/'13;17;0;15;0;2;0;17;0;0;0;0;0;15;0;2
8152;Mannen;Totaal leeftijd;Sector economie;L Verhuur en handel van onroerend goed;2013/'14;11;0;10;0;1;1;10;0;0;0;1;0;10;0;0
8153;Mannen;Totaal leeftijd;Sector economie;L Verhuur en handel van onroerend goed;2014/'15;7;0;3;2;2;2;5;0;0;0;2;0;3;2;0
8154;Mannen;Totaal leeftijd;Sector economie;L Verhuur en handel van onroerend goed;2015/'16;11;0;11;0;0;0;11;0;0;0;0;0;11;0;0
8155;Mannen;Totaal leeftijd;Sector economie;L Verhuur en handel van onroerend goed;2016/'17;20;0;20;0;0;0;20;0;0;0;0;0;20;0;0
8156;Mannen;Totaal leeftijd;Sector economie;L Verhuur en handel van onroerend goed;2017/'18;3;0;1;2;0;0;3;0;0;0;0;0;1;2;0
8157;Mannen;Totaal leeftijd;Sector economie;L Verhuur en handel van onroerend goed;2018/'19;10;0;9;0;1;1;9;0;0;0;1;0;9;0;0
8158;Mannen;Totaal leeftijd;Sector economie;L Verhuur en handel van onroerend goed;2019/'20;0;0;0;0;0;0;0;0;0;0;0;0;0;0;0
8159;Mannen;Totaal leeftijd;Sector economie;L Verhuur en handel van onroerend goed;2020/'21;0;0;0;0;0;0;0;0;0;0;0;0;0;0;0
8160;Mannen;Totaal leeftijd;Sector economie;M-N Zakelijke dienstverlening;2009/'10;1337;120;486;324;407;212;1125;10;95;37;70;110;391;287;337
8161;Mannen;Totaal leeftijd;Sector economie;M-N Zakelijke dienstverlening;2010/'11;1189;78;299;646;166;150;1039;8;45;30;67;70;254;616;99
8162;Mannen;Totaal leeftijd;Sector economie;M-N Zakelijke dienstverlening;2011/'12;531;66;264;124;77;114;417;11;38;17;48;55;226;107;29
8163;Mannen;Totaal leeftijd;Sector economie;M-N Zakelijke dienstverlening;2012/'13;396;59;189;68;80;118;278;8;33;17;60;51;156;51;20
8164;Mannen;Totaal leeftijd;Sector economie;M-N Zakelijke dienstverlening;2013/'14;240;21;111;37;71;89;151;3;28;13;45;18;83;24;26
8165;Mannen;Totaal leeftijd;Sector economie;M-N Zakelijke dienstverlening;2014/'15;231;4;96;32;99;103;128;2;20;10;71;2;76;22;28
8166;Mannen;Totaal leeftijd;Sector economie;M-N Zakelijke dienstverlening;2015/'16;209;6;95;31;77;89;120;2;20;7;60;4;75;24;17
8167;Mannen;Totaal leeftijd;Sector economie;M-N Zakelijke dienstverlening;2016/'17;196;0;97;36;63;76;120;0;12;12;52;0;85;24;11
8168;Mannen;Totaal leeftijd;Sector economie;M-N Zakelijke dienstverlening;2017/'18;164;0;92;12;60;64;100;0;11;4;49;0;81;8;11
8169;Mannen;Totaal leeftijd;Sector economie;M-N Zakelijke dienstverlening;2018/'19;212;0;114;33;65;72;140;0;12;11;49;0;102;22;16
8170;Mannen;Totaal leeftijd;Sector economie;M-N Zakelijke dienstverlening;2019/'20;235;0;102;30;103;115;120;0;22;15;78;0;80;15;25
8171;Mannen;Totaal leeftijd;Sector economie;M-N Zakelijke dienstverlening;2020/'21;220;0;94;38;88;85;135;0;12;11;62;0;82;27;26
8172;Mannen;Totaal leeftijd;Sector economie;O-Q Overheid en zorg;2009/'10;497;38;219;161;79;64;433;0;18;16;30;38;201;145;49
8173;Mannen;Totaal leeftijd;Sector economie;O-Q Overheid en zorg;2010/'11;357;11;182;68;96;75;282;4;7;12;52;7;175;56;44
8174;Mannen;Totaal leeftijd;Sector economie;O-Q Overheid en zorg;2011/'12;337;15;191;93;38;49;288;3;12;25;9;12;179;68;29
8175;Mannen;Totaal leeftijd;Sector economie;O-Q Overheid en zorg;2012/'13;530;12;150;261;107;85;445;0;2;72;11;12;148;189;96
8176;Mannen;Totaal leeftijd;Sector economie;O-Q Overheid en zorg;2013/'14;272;2;61;124;85;14;258;2;5;3;4;0;56;121;81
8177;Mannen;Totaal leeftijd;Sector economie;O-Q Overheid en zorg;2014/'15;235;0;66;102;67;8;227;0;2;1;5;0;64;101;62
8178;Mannen;Totaal leeftijd;Sector economie;O-Q Overheid en zorg;2015/'16;128;1;35;51;41;9;119;1;3;0;5;0;32;51;36
8179;Mannen;Totaal leeftijd;Sector economie;O-Q Overheid en zorg;2016/'17;169;0;52;37;80;3;166;0;1;2;0;0;51;35;80
8180;Mannen;Totaal leeftijd;Sector economie;O-Q Overheid en zorg;2017/'18;105;0;57;13;35;5;100;0;1;0;4;0;56;13;31
8181;Mannen;Totaal leeftijd;Sector economie;O-Q Overheid en zorg;2018/'19;59;0;27;14;18;2;57;0;0;0;2;0;27;14;16
8182;Mannen;Totaal leeftijd;Sector economie;O-Q Overheid en zorg;2019/'20;71;0;33;6;32;4;67;0;1;1;2;0;32;5;30
8183;Mannen;Totaal leeftijd;Sector economie;O-Q Overheid en zorg;2020/'21;60;0;16;12;32;3;57;0;1;0;2;0;15;12;30
8184;Mannen;Totaal leeftijd;Sector economie;R-U Cultuur, recreatie, overige diensten;2009/'10;140;2;68;34;36;19;121;1;3;4;11;1;65;30;25
8185;Mannen;Totaal leeftijd;Sector economie;R-U Cultuur, recreatie, overige diensten;2010/'11;66;2;19;26;19;16;50;0;2;6;8;2;17;20;11
8186;Mannen;Totaal leeftijd;Sector economie;R-U Cultuur, recreatie, overige diensten;2011/'12;150;56;61;12;21;14;136;0;4;2;8;56;57;10;13
8187;Mannen;Totaal leeftijd;Sector economie;R-U Cultuur, recreatie, overige diensten;2012/'13;112;50;42;5;15;17;95;1;5;2;9;49;37;3;6
8188;Mannen;Totaal leeftijd;Sector economie;R-U Cultuur, recreatie, overige diensten;2013/'14;30;1;15;3;11;12;18;1;2;1;8;0;13;2;3
8189;Mannen;Totaal leeftijd;Sector economie;R-U Cultuur, recreatie, overige diensten;2014/'15;19;0;8;3;8;12;7;0;5;1;6;0;3;2;2
8190;Mannen;Totaal leeftijd;Sector economie;R-U Cultuur, recreatie, overige diensten;2015/'16;29;0;21;2;6;12;17;0;6;1;5;0;15;1;1
8191;Mannen;Totaal leeftijd;Sector economie;R-U Cultuur, recreatie, overige diensten;2016/'17;29;0;15;5;9;9;20;0;0;0;9;0;15;5;0
8192;Mannen;Totaal leeftijd;Sector economie;R-U Cultuur, recreatie, overige diensten;2017/'18;20;0;11;4;5;6;14;0;0;1;5;0;11;3;0
8193;Mannen;Totaal leeftijd;Sector economie;R-U Cultuur, recreatie, overige diensten;2018/'19;26;0;14;6;6;12;14;0;4;3;5;0;10;3;1
8194;Mannen;Totaal leeftijd;Sector economie;R-U Cultuur, recreatie, overige diensten;2019/'20;20;0;7;6;7;6;14;0;0;2;4;0;7;4;3
8195;Mannen;Totaal leeftijd;Sector economie;R-U Cultuur, recreatie, overige diensten;2020/'21;28;0;11;4;13;13;15;0;3;1;9;0;8;3;4
8196;Mannen;Totaal leeftijd;Sector economie;SBI-code onbekend;2009/'10;64;0;44;14;6;6;58;0;4;0;2;0;40;14;4
8197;Mannen;Totaal leeftijd;Sector economie;SBI-code onbekend;2010/'11;64;2;52;6;4;10;54;0;4;2;4;2;48;4;0
8198;Mannen;Totaal leeftijd;Sector economie;SBI-code onbekend;2011/'12;71;0;47;3;21;5;66;0;3;1;1;0;44;2;20
8199;Mannen;Totaal leeftijd;Sector economie;SBI-code onbekend;2012/'13;44;1;29;8;6;2;42;0;0;0;2;1;29;8;4
8200;Mannen;Totaal leeftijd;Sector economie;SBI-code onbekend;2013/'14;33;1;21;5;6;4;29;0;2;1;1;1;19;4;5
8201;Mannen;Totaal leeftijd;Sector economie;SBI-code onbekend;2014/'15;18;1;13;1;3;5;13;1;2;0;2;0;11;1;1
8202;Mannen;Totaal leeftijd;Sector economie;SBI-code onbekend;2015/'16;5;0;4;0;1;1;4;0;0;0;1;0;4;0;0
8203;Mannen;Totaal leeftijd;Sector economie;SBI-code onbekend;2016/'17;5;0;3;0;2;1;4;0;0;0;1;0;3;0;1
8204;Mannen;Totaal leeftijd;Sector economie;SBI-code onbekend;2017/'18;3;0;2;0;1;0;3;0;0;0;0;0;2;0;1
8205;Mannen;Totaal leeftijd;Sector economie;SBI-code onbekend;2018/'19;3;0;3;0;0;0;3;0;0;0;0;0;3;0;0
8206;Mannen;Totaal leeftijd;Sector economie;SBI-code onbekend;2019/'20;2;0;2;0;0;0;2;0;0;0;0;0;2;0;0
8207;Mannen;Totaal leeftijd;Sector economie;SBI-code onbekend;2020/'21;3;0;1;1;1;0;3;0;0;0;0;0;1;1;1
8208;Mannen;Totaal leeftijd;Sector techniek;A-U Alle economische activiteiten;2009/'10;11522;1639;7495;1283;1105;737;10785;52;213;112;360;1587;7282;1171;745
8209;Mannen;Totaal leeftijd;Sector techniek;A-U Alle economische activiteiten;2010/'11;6766;1180;3973;884;729;599;6167;29;163;81;326;1151;3810;803;403
8210;Mannen;Totaal leeftijd;Sector techniek;A-U Alle economische activiteiten;2011/'12;6153;482;4279;766;626;521;5632;29;169;77;246;453;4110;689;380
8211;Mannen;Totaal leeftijd;Sector techniek;A-U Alle economische activiteiten;2012/'13;5632;787;3484;741;620;524;5108;43;150;58;273;744;3334;683;347
8212;Mannen;Totaal leeftijd;Sector techniek;A-U Alle economische activiteiten;2013/'14;2149;165;961;483;540;504;1645;36;133;54;281;129;828;429;259
8213;Mannen;Totaal leeftijd;Sector techniek;A-U Alle economische activiteiten;2014/'15;1796;295;615;429;457;490;1306;113;73;50;254;182;542;379;203
8214;Mannen;Totaal leeftijd;Sector techniek;A-U Alle economische activiteiten;2015/'16;2148;389;831;524;404;494;1654;121;87;53;233;268;744;471;171
8215;Mannen;Totaal leeftijd;Sector techniek;A-U Alle economische activiteiten;2016/'17;2053;28;914;720;391;252;1801;0;44;35;173;28;870;685;218
8216;Mannen;Totaal leeftijd;Sector techniek;A-U Alle economische activiteiten;2017/'18;1735;0;683;666;386;214;1521;0;28;33;153;0;655;633;233
8217;Mannen;Totaal leeftijd;Sector techniek;A-U Alle economische activiteiten;2018/'19;1931;0;778;693;460;243;1688;0;34;24;185;0;744;669;275
8218;Mannen;Totaal leeftijd;Sector techniek;A-U Alle economische activiteiten;2019/'20;1793;0;702;671;420;221;1572;0;37;18;166;0;665;653;254
8219;Mannen;Totaal leeftijd;Sector techniek;A-U Alle economische activiteiten;2020/'21;1533;0;620;491;422;282;1251;0;43;29;210;0;577;462;212
8220;Mannen;Totaal leeftijd;Sector techniek;A Landbouw, bosbouw en visserij;2009/'10;43;4;26;7;6;11;32;0;5;0;6;4;21;7;0
8221;Mannen;Totaal leeftijd;Sector techniek;A Landbouw, bosbouw en visserij;2010/'11;49;6;30;8;5;5;44;0;1;1;3;6;29;7;2
8222;Mannen;Totaal leeftijd;Sector techniek;A Landbouw, bosbouw en visserij;2011/'12;73;7;56;5;5;7;66;2;1;0;4;5;55;5;1
8223;Mannen;Totaal leeftijd;Sector techniek;A Landbouw, bosbouw en visserij;2012/'13;39;4;17;5;13;11;28;0;0;0;11;4;17;5;2
8224;Mannen;Totaal leeftijd;Sector techniek;A Landbouw, bosbouw en visserij;2013/'14;39;4;17;6;12;21;18;0;8;5;8;4;9;1;4
8225;Mannen;Totaal leeftijd;Sector techniek;A Landbouw, bosbouw en visserij;2014/'15;25;4;10;5;6;10;15;2;1;2;5;2;9;3;1
8226;Mannen;Totaal leeftijd;Sector techniek;A Landbouw, bosbouw en visserij;2015/'16;25;2;6;8;9;16;9;2;3;2;9;0;3;6;0
8227;Mannen;Totaal leeftijd;Sector techniek;A Landbouw, bosbouw en visserij;2016/'17;20;0;8;7;5;3;17;0;0;1;2;0;8;6;3
8228;Mannen;Totaal leeftijd;Sector techniek;A Landbouw, bosbouw en visserij;2017/'18;18;0;10;4;4;5;13;0;1;0;4;0;9;4;0
8229;Mannen;Totaal leeftijd;Sector techniek;A Landbouw, bosbouw en visserij;2018/'19;19;0;7;4;8;7;12;0;2;0;5;0;5;4;3
8230;Mannen;Totaal leeftijd;Sector techniek;A Landbouw, bosbouw en visserij;2019/'20;28;0;12;7;9;9;19;0;2;1;6;0;10;6;3
8231;Mannen;Totaal leeftijd;Sector techniek;A Landbouw, bosbouw en visserij;2020/'21;19;0;7;8;4;5;14;0;0;3;2;0;7;5;2
8232;Mannen;Totaal leeftijd;Sector techniek;B-E Nijverheid (geen bouw) en energie;2009/'10;2771;1275;1030;304;162;90;2681;2;28;27;33;1273;1002;277;129
8233;Mannen;Totaal leeftijd;Sector techniek;B-E Nijverheid (geen bouw) en energie;2010/'11;1994;909;699;244;142;39;1955;0;12;7;20;909;687;237;122
8234;Mannen;Totaal leeftijd;Sector techniek;B-E Nijverheid (geen bouw) en energie;2011/'12;1200;249;613;236;102;39;1161;3;12;4;20;246;601;232;82
8235;Mannen;Totaal leeftijd;Sector techniek;B-E Nijverheid (geen bouw) en energie;2012/'13;1509;392;772;242;103;29;1480;2;7;2;18;390;765;240;85
8236;Mannen;Totaal leeftijd;Sector techniek;B-E Nijverheid (geen bouw) en energie;2013/'14;567;68;221;200;78;21;546;3;8;2;8;65;213;198;70
8237;Mannen;Totaal leeftijd;Sector techniek;B-E Nijverheid (geen bouw) en energie;2014/'15;469;104;147;151;67;23;446;7;2;2;12;97;145;149;55
8238;Mannen;Totaal leeftijd;Sector techniek;B-E Nijverheid (geen bouw) en energie;2015/'16;610;85;289;185;51;9;601;2;2;1;4;83;287;184;47
8239;Mannen;Totaal leeftijd;Sector techniek;B-E Nijverheid (geen bouw) en energie;2016/'17;583;19;301;202;61;10;573;0;3;2;5;19;298;200;56
8240;Mannen;Totaal leeftijd;Sector techniek;B-E Nijverheid (geen bouw) en energie;2017/'18;334;0;129;155;50;6;328;0;0;2;4;0;129;153;46
8241;Mannen;Totaal leeftijd;Sector techniek;B-E Nijverheid (geen bouw) en energie;2018/'19;395;0;179;154;62;12;383;0;0;2;10;0;179;152;52
8242;Mannen;Totaal leeftijd;Sector techniek;B-E Nijverheid (geen bouw) en energie;2019/'20;352;0;142;140;70;13;339;0;4;1;8;0;138;139;62
8243;Mannen;Totaal leeftijd;Sector techniek;B-E Nijverheid (geen bouw) en energie;2020/'21;281;0;108;113;60;14;267;0;1;2;11;0;107;111;49
8244;Mannen;Totaal leeftijd;Sector techniek;F Bouwnijverheid;2009/'10;1613;19;677;518;399;29;1584;2;9;5;13;17;668;513;386
8245;Mannen;Totaal leeftijd;Sector techniek;F Bouwnijverheid;2010/'11;776;16;459;179;122;28;748;1;11;1;15;15;448;178;107
8246;Mannen;Totaal leeftijd;Sector techniek;F Bouwnijverheid;2011/'12;585;10;321;154;100;15;570;0;5;3;7;10;316;151;93
8247;Mannen;Totaal leeftijd;Sector techniek;F Bouwnijverheid;2012/'13;456;12;247;97;100;18;438;2;11;1;4;10;236;96;96
8248;Mannen;Totaal leeftijd;Sector techniek;F Bouwnijverheid;2013/'14;182;6;77;43;56;11;171;0;3;3;5;6;74;40;51
8249;Mannen;Totaal leeftijd;Sector techniek;F Bouwnijverheid;2014/'15;120;7;60;24;29;13;107;2;5;0;6;5;55;24;23
8250;Mannen;Totaal leeftijd;Sector techniek;F Bouwnijverheid;2015/'16;142;8;49;59;26;12;130;1;2;2;7;7;47;57;19
8251;Mannen;Totaal leeftijd;Sector techniek;F Bouwnijverheid;2016/'17;170;0;62;63;45;8;162;0;5;0;3;0;57;63;42
8252;Mannen;Totaal leeftijd;Sector techniek;F Bouwnijverheid;2017/'18;159;0;60;62;37;9;150;0;5;3;1;0;55;59;36
8253;Mannen;Totaal leeftijd;Sector techniek;F Bouwnijverheid;2018/'19;201;0;90;68;43;6;195;0;1;0;5;0;89;68;38
8254;Mannen;Totaal leeftijd;Sector techniek;F Bouwnijverheid;2019/'20;173;0;85;56;32;7;166;0;2;1;4;0;83;55;28
8255;Mannen;Totaal leeftijd;Sector techniek;F Bouwnijverheid;2020/'21;166;0;103;40;23;4;162;0;1;1;2;0;102;39;21
8256;Mannen;Totaal leeftijd;Sector techniek;G-I Handel, vervoer en horeca;2009/'10;4798;136;4229;200;233;236;4562;19;51;27;139;117;4178;173;94
8257;Mannen;Totaal leeftijd;Sector techniek;G-I Handel, vervoer en horeca;2010/'11;2338;76;1868;163;231;222;2116;13;52;30;127;63;1816;133;104
8258;Mannen;Totaal leeftijd;Sector techniek;G-I Handel, vervoer en horeca;2011/'12;2679;51;2246;147;235;226;2453;9;57;32;128;42;2189;115;107
8259;Mannen;Totaal leeftijd;Sector techniek;G-I Handel, vervoer en horeca;2012/'13;2393;237;1742;175;239;258;2135;20;55;23;160;217;1687;152;79
8260;Mannen;Totaal leeftijd;Sector techniek;G-I Handel, vervoer en horeca;2013/'14;656;34;301;111;210;255;401;14;66;27;148;20;235;84;62
8261;Mannen;Totaal leeftijd;Sector techniek;G-I Handel, vervoer en horeca;2014/'15;653;96;205;130;222;293;360;65;50;20;158;31;155;110;64
8262;Mannen;Totaal leeftijd;Sector techniek;G-I Handel, vervoer en horeca;2015/'16;575;88;179;113;195;292;283;70;60;20;142;18;119;93;53
8263;Mannen;Totaal leeftijd;Sector techniek;G-I Handel, vervoer en horeca;2016/'17;462;8;127;189;138;126;336;0;16;20;90;8;111;169;48
8264;Mannen;Totaal leeftijd;Sector techniek;G-I Handel, vervoer en horeca;2017/'18;466;0;142;162;162;111;355;0;13;15;83;0;129;147;79
8265;Mannen;Totaal leeftijd;Sector techniek;G-I Handel, vervoer en horeca;2018/'19;547;0;183;181;183;118;429;0;13;9;96;0;170;172;87
8266;Mannen;Totaal leeftijd;Sector techniek;G-I Handel, vervoer en horeca;2019/'20;539;0;175;195;169;113;426;0;14;12;87;0;161;183;82
8267;Mannen;Totaal leeftijd;Sector techniek;G-I Handel, vervoer en horeca;2020/'21;516;0;160;163;193;153;363;0;21;18;114;0;139;145;79
8268;Mannen;Totaal leeftijd;Sector techniek;J Informatie en communicatie;2009/'10;38;1;27;4;6;9;29;0;3;2;4;1;24;2;2
8269;Mannen;Totaal leeftijd;Sector techniek;J Informatie en communicatie;2010/'11;35;4;19;2;10;12;23;0;4;0;8;4;15;2;2
8270;Mannen;Totaal leeftijd;Sector techniek;J Informatie en communicatie;2011/'12;32;7;18;2;5;8;24;0;6;1;1;7;12;1;4
8271;Mannen;Totaal leeftijd;Sector techniek;J Informatie en communicatie;2012/'13;15;1;6;3;5;4;11;0;1;0;3;1;5;3;2
8272;Mannen;Totaal leeftijd;Sector techniek;J Informatie en communicatie;2013/'14;8;0;6;1;1;1;7;0;0;0;1;0;6;1;0
8273;Mannen;Totaal leeftijd;Sector techniek;J Informatie en communicatie;2014/'15;11;0;5;4;2;1;10;0;0;0;1;0;5;4;1
8274;Mannen;Totaal leeftijd;Sector techniek;J Informatie en communicatie;2015/'16;8;1;2;1;4;2;6;1;0;0;1;0;2;1;3
8275;Mannen;Totaal leeftijd;Sector techniek;J Informatie en communicatie;2016/'17;13;0;4;4;5;3;10;0;0;0;3;0;4;4;2
8276;Mannen;Totaal leeftijd;Sector techniek;J Informatie en communicatie;2017/'18;13;0;3;6;4;1;12;0;0;0;1;0;3;6;3
8277;Mannen;Totaal leeftijd;Sector techniek;J Informatie en communicatie;2018/'19;9;0;1;5;3;2;7;0;0;0;2;0;1;5;1
8278;Mannen;Totaal leeftijd;Sector techniek;J Informatie en communicatie;2019/'20;16;0;5;9;2;2;14;0;0;0;2;0;5;9;0
8279;Mannen;Totaal leeftijd;Sector techniek;J Informatie en communicatie;2020/'21;13;0;8;0;5;4;9;0;0;0;4;0;8;0;1
8280;Mannen;Totaal leeftijd;Sector techniek;K Financiële dienstverlening;2009/'10;48;16;28;1;3;1;47;0;0;0;1;16;28;1;2
8281;Mannen;Totaal leeftijd;Sector techniek;K Financiële dienstverlening;2010/'11;11;0;7;3;1;3;8;0;2;1;0;0;5;2;1
8282;Mannen;Totaal leeftijd;Sector techniek;K Financiële dienstverlening;2011/'12;17;0;14;1;2;3;14;0;3;0;0;0;11;1;2
8283;Mannen;Totaal leeftijd;Sector techniek;K Financiële dienstverlening;2012/'13;9;0;8;0;1;2;7;0;2;0;0;0;6;0;1
8284;Mannen;Totaal leeftijd;Sector techniek;K Financiële dienstverlening;2013/'14;5;0;2;0;3;2;3;0;0;0;2;0;2;0;1
8285;Mannen;Totaal leeftijd;Sector techniek;K Financiële dienstverlening;2014/'15;6;3;1;1;1;1;5;1;0;0;0;2;1;1;1
8286;Mannen;Totaal leeftijd;Sector techniek;K Financiële dienstverlening;2015/'16;8;1;1;3;3;3;5;0;0;1;2;1;1;2;1
8287;Mannen;Totaal leeftijd;Sector techniek;K Financiële dienstverlening;2016/'17;7;0;1;2;4;1;6;0;0;0;1;0;1;2;3
8288;Mannen;Totaal leeftijd;Sector techniek;K Financiële dienstverlening;2017/'18;11;0;3;4;4;2;9;0;0;0;2;0;3;4;2
8289;Mannen;Totaal leeftijd;Sector techniek;K Financiële dienstverlening;2018/'19;7;0;3;1;3;0;7;0;0;0;0;0;3;1;3
8290;Mannen;Totaal leeftijd;Sector techniek;K Financiële dienstverlening;2019/'20;10;0;1;2;7;1;9;0;0;0;1;0;1;2;6
8291;Mannen;Totaal leeftijd;Sector techniek;K Financiële dienstverlening;2020/'21;7;0;3;3;1;0;7;0;0;0;0;0;3;3;1
8292;Mannen;Totaal leeftijd;Sector techniek;L Verhuur en handel van onroerend goed;2009/'10;46;0;43;2;1;3;43;0;1;1;1;0;42;1;0
8293;Mannen;Totaal leeftijd;Sector techniek;L Verhuur en handel van onroerend goed;2010/'11;14;0;8;1;5;3;11;0;1;0;2;0;7;1;3
8294;Mannen;Totaal leeftijd;Sector techniek;L Verhuur en handel van onroerend goed;2011/'12;26;1;23;1;1;1;25;0;0;0;1;1;23;1;0
8295;Mannen;Totaal leeftijd;Sector techniek;L Verhuur en handel van onroerend goed;2012/'13;31;0;28;2;1;5;26;0;4;0;1;0;24;2;0
8296;Mannen;Totaal leeftijd;Sector techniek;L Verhuur en handel van onroerend goed;2013/'14;29;0;26;2;1;1;28;0;1;0;0;0;25;2;1
8297;Mannen;Totaal leeftijd;Sector techniek;L Verhuur en handel van onroerend goed;2014/'15;4;0;3;0;1;1;3;0;1;0;0;0;2;0;1
8298;Mannen;Totaal leeftijd;Sector techniek;L Verhuur en handel van onroerend goed;2015/'16;14;2;9;1;2;4;10;2;0;0;2;0;9;1;0
8299;Mannen;Totaal leeftijd;Sector techniek;L Verhuur en handel van onroerend goed;2016/'17;17;0;4;12;1;1;16;0;0;0;1;0;4;12;0
8300;Mannen;Totaal leeftijd;Sector techniek;L Verhuur en handel van onroerend goed;2017/'18;7;0;2;2;3;0;7;0;0;0;0;0;2;2;3
8301;Mannen;Totaal leeftijd;Sector techniek;L Verhuur en handel van onroerend goed;2018/'19;6;0;1;5;0;0;6;0;0;0;0;0;1;5;0
8302;Mannen;Totaal leeftijd;Sector techniek;L Verhuur en handel van onroerend goed;2019/'20;10;0;3;7;0;0;10;0;0;0;0;0;3;7;0
8303;Mannen;Totaal leeftijd;Sector techniek;L Verhuur en handel van onroerend goed;2020/'21;6;0;0;5;1;1;5;0;0;0;1;0;0;5;0
8304;Mannen;Totaal leeftijd;Sector techniek;M-N Zakelijke dienstverlening;2009/'10;1313;165;836;151;161;207;1106;27;56;22;102;138;780;129;59
8305;Mannen;Totaal leeftijd;Sector techniek;M-N Zakelijke dienstverlening;2010/'11;1022;148;554;196;124;154;868;13;36;12;93;135;518;184;31
8306;Mannen;Totaal leeftijd;Sector techniek;M-N Zakelijke dienstverlening;2011/'12;1042;117;677;132;116;131;911;11;41;15;64;106;636;117;52
8307;Mannen;Totaal leeftijd;Sector techniek;M-N Zakelijke dienstverlening;2012/'13;767;106;430;124;107;122;645;18;37;13;54;88;393;111;53
8308;Mannen;Totaal leeftijd;Sector techniek;M-N Zakelijke dienstverlening;2013/'14;449;45;213;78;113;133;316;15;30;4;84;30;183;74;29
8309;Mannen;Totaal leeftijd;Sector techniek;M-N Zakelijke dienstverlening;2014/'15;373;68;147;74;84;110;263;28;11;14;57;40;136;60;27
8310;Mannen;Totaal leeftijd;Sector techniek;M-N Zakelijke dienstverlening;2015/'16;464;93;199;91;81;119;345;42;16;8;53;51;183;83;28
8311;Mannen;Totaal leeftijd;Sector techniek;M-N Zakelijke dienstverlening;2016/'17;481;1;226;164;90;75;406;0;16;5;54;1;210;159;36
8312;Mannen;Totaal leeftijd;Sector techniek;M-N Zakelijke dienstverlening;2017/'18;551;0;263;209;79;51;500;0;6;3;42;0;257;206;37
8313;Mannen;Totaal leeftijd;Sector techniek;M-N Zakelijke dienstverlening;2018/'19;598;0;257;218;123;74;524;0;13;6;55;0;244;212;68
8314;Mannen;Totaal leeftijd;Sector techniek;M-N Zakelijke dienstverlening;2019/'20;509;0;216;190;103;63;446;0;12;2;49;0;204;188;54
8315;Mannen;Totaal leeftijd;Sector techniek;M-N Zakelijke dienstverlening;2020/'21;374;0;161;114;99;78;296;0;13;3;62;0;148;111;37
8316;Mannen;Totaal leeftijd;Sector techniek;O-Q Overheid en zorg;2009/'10;514;11;327;77;99;112;402;0;45;26;41;11;282;51;58
8317;Mannen;Totaal leeftijd;Sector techniek;O-Q Overheid en zorg;2010/'11;315;15;177;69;54;90;225;2;25;27;36;13;152;42;18
8318;Mannen;Totaal leeftijd;Sector techniek;O-Q Overheid en zorg;2011/'12;291;5;173;78;35;52;239;1;19;21;11;4;154;57;24
8319;Mannen;Totaal leeftijd;Sector techniek;O-Q Overheid en zorg;2012/'13;237;7;126;74;30;45;192;0;19;15;11;7;107;59;19
8320;Mannen;Totaal leeftijd;Sector techniek;O-Q Overheid en zorg;2013/'14;126;2;57;32;35;29;97;0;10;10;9;2;47;22;26
8321;Mannen;Totaal leeftijd;Sector techniek;O-Q Overheid en zorg;2014/'15;84;4;21;31;28;23;61;0;2;12;9;4;19;19;19
8322;Mannen;Totaal leeftijd;Sector techniek;O-Q Overheid en zorg;2015/'16;268;107;86;58;17;25;243;0;0;19;6;107;86;39;11
8323;Mannen;Totaal leeftijd;Sector techniek;O-Q Overheid en zorg;2016/'17;249;0;164;63;22;14;235;0;4;5;5;0;160;58;17
8324;Mannen;Totaal leeftijd;Sector techniek;O-Q Overheid en zorg;2017/'18;112;0;45;44;23;16;96;0;1;9;6;0;44;35;17
8325;Mannen;Totaal leeftijd;Sector techniek;O-Q Overheid en zorg;2018/'19;102;0;38;43;21;13;89;0;3;7;3;0;35;36;18
8326;Mannen;Totaal leeftijd;Sector techniek;O-Q Overheid en zorg;2019/'20;111;0;47;48;16;6;105;0;2;1;3;0;45;47;13
8327;Mannen;Totaal leeftijd;Sector techniek;O-Q Overheid en zorg;2020/'21;112;0;57;34;21;11;101;0;5;0;6;0;52;34;15
8328;Mannen;Totaal leeftijd;Sector techniek;R-U Cultuur, recreatie, overige diensten;2009/'10;49;3;28;4;14;12;37;0;2;0;10;3;26;4;4
8329;Mannen;Totaal leeftijd;Sector techniek;R-U Cultuur, recreatie, overige diensten;2010/'11;46;3;24;6;13;19;27;0;4;2;13;3;20;4;0
8330;Mannen;Totaal leeftijd;Sector techniek;R-U Cultuur, recreatie, overige diensten;2011/'12;85;31;40;4;10;23;62;3;11;1;8;28;29;3;2
8331;Mannen;Totaal leeftijd;Sector techniek;R-U Cultuur, recreatie, overige diensten;2012/'13;82;23;41;7;11;20;62;1;7;3;9;22;34;4;2
8332;Mannen;Totaal leeftijd;Sector techniek;R-U Cultuur, recreatie, overige diensten;2013/'14;33;4;12;4;13;16;17;3;2;2;9;1;10;2;4
8333;Mannen;Totaal leeftijd;Sector techniek;R-U Cultuur, recreatie, overige diensten;2014/'15;18;4;3;3;8;10;8;4;1;0;5;0;2;3;3
8334;Mannen;Totaal leeftijd;Sector techniek;R-U Cultuur, recreatie, overige diensten;2015/'16;31;2;11;4;14;12;19;1;4;0;7;1;7;4;7
8335;Mannen;Totaal leeftijd;Sector techniek;R-U Cultuur, recreatie, overige diensten;2016/'17;38;0;12;9;17;9;29;0;0;0;9;0;12;9;8
8336;Mannen;Totaal leeftijd;Sector techniek;R-U Cultuur, recreatie, overige diensten;2017/'18;47;0;18;12;17;10;37;0;1;1;8;0;17;11;9
8337;Mannen;Totaal leeftijd;Sector techniek;R-U Cultuur, recreatie, overige diensten;2018/'19;34;0;14;9;11;10;24;0;2;0;8;0;12;9;3
8338;Mannen;Totaal leeftijd;Sector techniek;R-U Cultuur, recreatie, overige diensten;2019/'20;30;0;11;10;9;4;26;0;0;0;4;0;11;10;5
8339;Mannen;Totaal leeftijd;Sector techniek;R-U Cultuur, recreatie, overige diensten;2020/'21;33;0;11;7;15;11;22;0;2;1;8;0;9;6;7
8340;Mannen;Totaal leeftijd;Sector techniek;SBI-code onbekend;2009/'10;289;9;244;15;21;27;262;2;13;2;10;7;231;13;11
8341;Mannen;Totaal leeftijd;Sector techniek;SBI-code onbekend;2010/'11;166;3;128;13;22;24;142;0;15;0;9;3;113;13;13
8342;Mannen;Totaal leeftijd;Sector techniek;SBI-code onbekend;2011/'12;123;4;98;6;15;16;107;0;14;0;2;4;84;6;13
8343;Mannen;Totaal leeftijd;Sector techniek;SBI-code onbekend;2012/'13;94;5;67;12;10;10;84;0;7;1;2;5;60;11;8
8344;Mannen;Totaal leeftijd;Sector techniek;SBI-code onbekend;2013/'14;55;2;29;6;18;14;41;1;5;1;7;1;24;5;11
8345;Mannen;Totaal leeftijd;Sector techniek;SBI-code onbekend;2014/'15;33;5;13;6;9;5;28;4;0;0;1;1;13;6;8
8346;Mannen;Totaal leeftijd;Sector techniek;SBI-code onbekend;2015/'16;3;0;0;1;2;0;3;0;0;0;0;0;0;1;2
8347;Mannen;Totaal leeftijd;Sector techniek;SBI-code onbekend;2016/'17;13;0;5;5;3;2;11;0;0;2;0;0;5;3;3
8348;Mannen;Totaal leeftijd;Sector techniek;SBI-code onbekend;2017/'18;17;0;8;6;3;3;14;0;1;0;2;0;7;6;1
8349;Mannen;Totaal leeftijd;Sector techniek;SBI-code onbekend;2018/'19;13;0;5;5;3;1;12;0;0;0;1;0;5;5;2
8350;Mannen;Totaal leeftijd;Sector techniek;SBI-code onbekend;2019/'20;15;0;5;7;3;3;12;0;1;0;2;0;4;7;1
8351;Mannen;Totaal leeftijd;Sector techniek;SBI-code onbekend;2020/'21;6;0;2;4;0;1;5;0;0;1;0;0;2;3;0
8352;Mannen;Totaal leeftijd;Sector zorg en welzijn;A-U Alle economische activiteiten;2009/'10;1799;18;251;508;1022;503;1296;9;91;156;247;9;160;352;775
8353;Mannen;Totaal leeftijd;Sector zorg en welzijn;A-U Alle economische activiteiten;2010/'11;1406;17;214;381;794;418;988;6;85;119;208;11;129;262;586
8354;Mannen;Totaal leeftijd;Sector zorg en welzijn;A-U Alle economische activiteiten;2011/'12;1110;17;155;403;535;298;812;6;37;123;132;11;118;280;403
8355;Mannen;Totaal leeftijd;Sector zorg en welzijn;A-U Alle economische activiteiten;2012/'13;984;14;118;351;501;247;737;8;45;64;130;6;73;287;371
8356;Mannen;Totaal leeftijd;Sector zorg en welzijn;A-U Alle economische activiteiten;2013/'14;629;11;89;173;356;207;422;8;34;33;132;3;55;140;224
8357;Mannen;Totaal leeftijd;Sector zorg en welzijn;A-U Alle economische activiteiten;2014/'15;388;5;37;109;237;113;275;5;14;13;81;0;23;96;156
8358;Mannen;Totaal leeftijd;Sector zorg en welzijn;A-U Alle economische activiteiten;2015/'16;370;1;43;104;222;143;227;0;27;19;97;1;16;85;125
8359;Mannen;Totaal leeftijd;Sector zorg en welzijn;A-U Alle economische activiteiten;2016/'17;511;1;61;134;315;140;371;1;13;7;119;0;48;127;196
8360;Mannen;Totaal leeftijd;Sector zorg en welzijn;A-U Alle economische activiteiten;2017/'18;648;0;43;212;393;119;529;0;16;17;86;0;27;195;307
8361;Mannen;Totaal leeftijd;Sector zorg en welzijn;A-U Alle economische activiteiten;2018/'19;746;0;75;197;474;130;616;0;20;9;101;0;55;188;373
8362;Mannen;Totaal leeftijd;Sector zorg en welzijn;A-U Alle economische activiteiten;2019/'20;808;0;64;207;537;137;671;0;18;16;103;0;46;191;434
8363;Mannen;Totaal leeftijd;Sector zorg en welzijn;A-U Alle economische activiteiten;2020/'21;863;0;66;207;590;156;707;0;20;11;125;0;46;196;465
8364;Mannen;Totaal leeftijd;Sector zorg en welzijn;A Landbouw, bosbouw en visserij;2009/'10;13;0;3;2;8;4;9;0;1;1;2;0;2;1;6
8365;Mannen;Totaal leeftijd;Sector zorg en welzijn;A Landbouw, bosbouw en visserij;2010/'11;8;0;1;3;4;3;5;0;0;1;2;0;1;2;2
8366;Mannen;Totaal leeftijd;Sector zorg en welzijn;A Landbouw, bosbouw en visserij;2011/'12;8;1;1;3;3;3;5;0;0;1;2;1;1;2;1
8367;Mannen;Totaal leeftijd;Sector zorg en welzijn;A Landbouw, bosbouw en visserij;2012/'13;6;0;2;3;1;3;3;0;1;1;1;0;1;2;0
8368;Mannen;Totaal leeftijd;Sector zorg en welzijn;A Landbouw, bosbouw en visserij;2013/'14;5;0;1;0;4;5;0;0;1;0;4;0;0;0;0
8369;Mannen;Totaal leeftijd;Sector zorg en welzijn;A Landbouw, bosbouw en visserij;2014/'15;4;1;0;1;2;3;1;1;0;0;2;0;0;1;0
8370;Mannen;Totaal leeftijd;Sector zorg en welzijn;A Landbouw, bosbouw en visserij;2015/'16;6;0;2;0;4;4;2;0;2;0;2;0;0;0;2
8371;Mannen;Totaal leeftijd;Sector zorg en welzijn;A Landbouw, bosbouw en visserij;2016/'17;6;0;0;1;5;3;3;0;0;0;3;0;0;1;2
8372;Mannen;Totaal leeftijd;Sector zorg en welzijn;A Landbouw, bosbouw en visserij;2017/'18;4;0;0;1;3;2;2;0;0;0;2;0;0;1;1
8373;Mannen;Totaal leeftijd;Sector zorg en welzijn;A Landbouw, bosbouw en visserij;2018/'19;7;0;1;1;5;3;4;0;1;0;2;0;0;1;3
8374;Mannen;Totaal leeftijd;Sector zorg en welzijn;A Landbouw, bosbouw en visserij;2019/'20;9;0;0;2;7;4;5;0;0;0;4;0;0;2;3
8375;Mannen;Totaal leeftijd;Sector zorg en welzijn;A Landbouw, bosbouw en visserij;2020/'21;4;0;0;2;2;0;4;0;0;0;0;0;0;2;2
8376;Mannen;Totaal leeftijd;Sector zorg en welzijn;B-E Nijverheid (geen bouw) en energie;2009/'10;347;2;75;119;151;32;315;1;7;12;12;1;68;107;139
8377;Mannen;Totaal leeftijd;Sector zorg en welzijn;B-E Nijverheid (geen bouw) en energie;2010/'11;202;1;65;47;89;24;178;0;8;6;10;1;57;41;79
8378;Mannen;Totaal leeftijd;Sector zorg en welzijn;B-E Nijverheid (geen bouw) en energie;2011/'12;116;1;45;34;36;14;102;1;5;3;5;0;40;31;31
8379;Mannen;Totaal leeftijd;Sector zorg en welzijn;B-E Nijverheid (geen bouw) en energie;2012/'13;62;1;25;18;18;11;51;1;4;3;3;0;21;15;15
8380;Mannen;Totaal leeftijd;Sector zorg en welzijn;B-E Nijverheid (geen bouw) en energie;2013/'14;43;1;20;9;13;5;38;0;0;2;3;1;20;7;10
8381;Mannen;Totaal leeftijd;Sector zorg en welzijn;B-E Nijverheid (geen bouw) en energie;2014/'15;11;0;0;4;7;2;9;0;0;0;2;0;0;4;5
8382;Mannen;Totaal leeftijd;Sector zorg en welzijn;B-E Nijverheid (geen bouw) en energie;2015/'16;17;1;3;3;10;4;13;0;2;1;1;1;1;2;9
8383;Mannen;Totaal leeftijd;Sector zorg en welzijn;B-E Nijverheid (geen bouw) en energie;2016/'17;16;0;1;6;9;4;12;0;1;0;3;0;0;6;6
8384;Mannen;Totaal leeftijd;Sector zorg en welzijn;B-E Nijverheid (geen bouw) en energie;2017/'18;28;0;2;13;13;1;27;0;0;1;0;0;2;12;13
8385;Mannen;Totaal leeftijd;Sector zorg en welzijn;B-E Nijverheid (geen bouw) en energie;2018/'19;35;0;5;12;18;2;33;0;1;0;1;0;4;12;17
8386;Mannen;Totaal leeftijd;Sector zorg en welzijn;B-E Nijverheid (geen bouw) en energie;2019/'20;52;0;4;19;29;3;49;0;0;1;2;0;4;18;27
8387;Mannen;Totaal leeftijd;Sector zorg en welzijn;B-E Nijverheid (geen bouw) en energie;2020/'21;54;0;3;19;32;5;49;0;1;0;4;0;2;19;28
8388;Mannen;Totaal leeftijd;Sector zorg en welzijn;F Bouwnijverheid;2009/'10;47;0;9;19;19;18;29;0;4;8;6;0;5;11;13
8389;Mannen;Totaal leeftijd;Sector zorg en welzijn;F Bouwnijverheid;2010/'11;39;0;6;16;17;11;28;0;2;2;7;0;4;14;10
8390;Mannen;Totaal leeftijd;Sector zorg en welzijn;F Bouwnijverheid;2011/'12;29;0;3;17;9;8;21;0;2;5;1;0;1;12;8
8391;Mannen;Totaal leeftijd;Sector zorg en welzijn;F Bouwnijverheid;2012/'13;36;0;5;20;11;11;25;0;0;7;4;0;5;13;7
8392;Mannen;Totaal leeftijd;Sector zorg en welzijn;F Bouwnijverheid;2013/'14;14;0;0;10;4;0;14;0;0;0;0;0;0;10;4
8393;Mannen;Totaal leeftijd;Sector zorg en welzijn;F Bouwnijverheid;2014/'15;5;0;0;2;3;0;5;0;0;0;0;0;0;2;3
8394;Mannen;Totaal leeftijd;Sector zorg en welzijn;F Bouwnijverheid;2015/'16;9;0;0;3;6;2;7;0;0;0;2;0;0;3;4
8395;Mannen;Totaal leeftijd;Sector zorg en welzijn;F Bouwnijverheid;2016/'17;14;0;1;5;8;1;13;0;0;0;1;0;1;5;7
8396;Mannen;Totaal leeftijd;Sector zorg en welzijn;F Bouwnijverheid;2017/'18;14;0;0;8;6;0;14;0;0;0;0;0;0;8;6
8397;Mannen;Totaal leeftijd;Sector zorg en welzijn;F Bouwnijverheid;2018/'19;25;0;2;7;16;1;24;0;0;0;1;0;2;7;15
8398;Mannen;Totaal leeftijd;Sector zorg en welzijn;F Bouwnijverheid;2019/'20;17;0;1;7;9;1;16;0;0;0;1;0;1;7;8
8399;Mannen;Totaal leeftijd;Sector zorg en welzijn;F Bouwnijverheid;2020/'21;17;0;2;8;7;1;16;0;1;0;0;0;1;8;7
8400;Mannen;Totaal leeftijd;Sector zorg en welzijn;G-I Handel, vervoer en horeca;2009/'10;311;2;39;89;181;117;194;1;29;31;56;1;10;58;125
8401;Mannen;Totaal leeftijd;Sector zorg en welzijn;G-I Handel, vervoer en horeca;2010/'11;261;6;43;78;134;112;149;2;31;25;54;4;12;53;80
8402;Mannen;Totaal leeftijd;Sector zorg en welzijn;G-I Handel, vervoer en horeca;2011/'12;204;5;24;72;103;100;104;3;13;31;53;2;11;41;50
8403;Mannen;Totaal leeftijd;Sector zorg en welzijn;G-I Handel, vervoer en horeca;2012/'13;226;4;24;80;118;102;124;3;22;23;54;1;2;57;64
8404;Mannen;Totaal leeftijd;Sector zorg en welzijn;G-I Handel, vervoer en horeca;2013/'14;156;7;20;32;97;107;49;6;18;12;71;1;2;20;26
8405;Mannen;Totaal leeftijd;Sector zorg en welzijn;G-I Handel, vervoer en horeca;2014/'15;98;2;11;17;68;65;33;2;9;8;46;0;2;9;22
8406;Mannen;Totaal leeftijd;Sector zorg en welzijn;G-I Handel, vervoer en horeca;2015/'16;100;0;17;18;65;82;18;0;17;9;56;0;0;9;9
8407;Mannen;Totaal leeftijd;Sector zorg en welzijn;G-I Handel, vervoer en horeca;2016/'17;138;0;13;19;106;80;58;0;9;3;68;0;4;16;38
8408;Mannen;Totaal leeftijd;Sector zorg en welzijn;G-I Handel, vervoer en horeca;2017/'18;167;0;12;53;102;64;103;0;9;7;48;0;3;46;54
8409;Mannen;Totaal leeftijd;Sector zorg en welzijn;G-I Handel, vervoer en horeca;2018/'19;207;0;18;57;132;68;139;0;10;4;54;0;8;53;78
8410;Mannen;Totaal leeftijd;Sector zorg en welzijn;G-I Handel, vervoer en horeca;2019/'20;259;0;24;66;169;80;179;0;13;10;57;0;11;56;112
8411;Mannen;Totaal leeftijd;Sector zorg en welzijn;G-I Handel, vervoer en horeca;2020/'21;261;0;21;62;178;89;172;0;11;7;71;0;10;55;107
8412;Mannen;Totaal leeftijd;Sector zorg en welzijn;J Informatie en communicatie;2009/'10;21;1;2;6;12;5;16;0;2;2;1;1;0;4;11
8413;Mannen;Totaal leeftijd;Sector zorg en welzijn;J Informatie en communicatie;2010/'11;12;0;0;2;10;4;8;0;0;1;3;0;0;1;7
8414;Mannen;Totaal leeftijd;Sector zorg en welzijn;J Informatie en communicatie;2011/'12;10;1;1;2;6;1;9;0;0;0;1;1;1;2;5
8415;Mannen;Totaal leeftijd;Sector zorg en welzijn;J Informatie en communicatie;2012/'13;6;0;0;2;4;3;3;0;0;0;3;0;0;2;1
8416;Mannen;Totaal leeftijd;Sector zorg en welzijn;J Informatie en communicatie;2013/'14;10;0;1;2;7;4;6;0;1;1;2;0;0;1;5
8417;Mannen;Totaal leeftijd;Sector zorg en welzijn;J Informatie en communicatie;2014/'15;3;0;1;1;1;1;2;0;1;0;0;0;0;1;1
8418;Mannen;Totaal leeftijd;Sector zorg en welzijn;J Informatie en communicatie;2015/'16;4;0;0;0;4;2;2;0;0;0;2;0;0;0;2
8419;Mannen;Totaal leeftijd;Sector zorg en welzijn;J Informatie en communicatie;2016/'17;6;0;0;1;5;1;5;0;0;0;1;0;0;1;4
8420;Mannen;Totaal leeftijd;Sector zorg en welzijn;J Informatie en communicatie;2017/'18;11;0;0;4;7;0;11;0;0;0;0;0;0;4;7
8421;Mannen;Totaal leeftijd;Sector zorg en welzijn;J Informatie en communicatie;2018/'19;20;0;2;8;10;1;19;0;0;0;1;0;2;8;9
8422;Mannen;Totaal leeftijd;Sector zorg en welzijn;J Informatie en communicatie;2019/'20;16;0;1;7;8;1;15;0;1;0;0;0;0;7;8
8423;Mannen;Totaal leeftijd;Sector zorg en welzijn;J Informatie en communicatie;2020/'21;16;0;0;7;9;1;15;0;0;0;1;0;0;7;8
8424;Mannen;Totaal leeftijd;Sector zorg en welzijn;K Financiële dienstverlening;2009/'10;19;0;1;6;12;6;13;0;0;4;2;0;1;2;10
8425;Mannen;Totaal leeftijd;Sector zorg en welzijn;K Financiële dienstverlening;2010/'11;12;1;1;2;8;3;9;1;1;0;1;0;0;2;7
8426;Mannen;Totaal leeftijd;Sector zorg en welzijn;K Financiële dienstverlening;2011/'12;14;0;1;8;5;4;10;0;0;2;2;0;1;6;3
8427;Mannen;Totaal leeftijd;Sector zorg en welzijn;K Financiële dienstverlening;2012/'13;9;0;1;5;3;5;4;0;1;3;1;0;0;2;2
8428;Mannen;Totaal leeftijd;Sector zorg en welzijn;K Financiële dienstverlening;2013/'14;9;0;1;4;4;2;7;0;0;0;2;0;1;4;2
8429;Mannen;Totaal leeftijd;Sector zorg en welzijn;K Financiële dienstverlening;2014/'15;4;0;0;1;3;1;3;0;0;0;1;0;0;1;2
8430;Mannen;Totaal leeftijd;Sector zorg en welzijn;K Financiële dienstverlening;2015/'16;1;0;0;0;1;0;1;0;0;0;0;0;0;0;1
8431;Mannen;Totaal leeftijd;Sector zorg en welzijn;K Financiële dienstverlening;2016/'17;4;0;0;1;3;0;4;0;0;0;0;0;0;1;3
8432;Mannen;Totaal leeftijd;Sector zorg en welzijn;K Financiële dienstverlening;2017/'18;13;0;0;7;6;0;13;0;0;0;0;0;0;7;6
8433;Mannen;Totaal leeftijd;Sector zorg en welzijn;K Financiële dienstverlening;2018/'19;7;0;0;3;4;0;7;0;0;0;0;0;0;3;4
8434;Mannen;Totaal leeftijd;Sector zorg en welzijn;K Financiële dienstverlening;2019/'20;13;0;0;2;11;1;12;0;0;0;1;0;0;2;10
8435;Mannen;Totaal leeftijd;Sector zorg en welzijn;K Financiële dienstverlening;2020/'21;4;0;0;1;3;0;4;0;0;0;0;0;0;1;3
8436;Mannen;Totaal leeftijd;Sector zorg en welzijn;L Verhuur en handel van onroerend goed;2009/'10;4;0;1;0;3;1;3;0;1;0;0;0;0;0;3
8437;Mannen;Totaal leeftijd;Sector zorg en welzijn;L Verhuur en handel van onroerend goed;2010/'11;5;0;1;1;3;2;3;0;1;0;1;0;0;1;2
8438;Mannen;Totaal leeftijd;Sector zorg en welzijn;L Verhuur en handel van onroerend goed;2011/'12;5;0;0;2;3;1;4;0;0;1;0;0;0;1;3
8439;Mannen;Totaal leeftijd;Sector zorg en welzijn;L Verhuur en handel van onroerend goed;2012/'13;0;0;0;0;0;0;0;0;0;0;0;0;0;0;0
8440;Mannen;Totaal leeftijd;Sector zorg en welzijn;L Verhuur en handel van onroerend goed;2013/'14;0;0;0;0;0;0;0;0;0;0;0;0;0;0;0
8441;Mannen;Totaal leeftijd;Sector zorg en welzijn;L Verhuur en handel van onroerend goed;2014/'15;1;0;0;0;1;0;1;0;0;0;0;0;0;0;1
8442;Mannen;Totaal leeftijd;Sector zorg en welzijn;L Verhuur en handel van onroerend goed;2015/'16;0;0;0;0;0;0;0;0;0;0;0;0;0;0;0
8443;Mannen;Totaal leeftijd;Sector zorg en welzijn;L Verhuur en handel van onroerend goed;2016/'17;2;0;0;1;1;1;1;0;0;0;1;0;0;1;0
8444;Mannen;Totaal leeftijd;Sector zorg en welzijn;L Verhuur en handel van onroerend goed;2017/'18;2;0;1;0;1;0;2;0;0;0;0;0;1;0;1
8445;Mannen;Totaal leeftijd;Sector zorg en welzijn;L Verhuur en handel van onroerend goed;2018/'19;3;0;0;1;2;1;2;0;0;0;1;0;0;1;1
8446;Mannen;Totaal leeftijd;Sector zorg en welzijn;L Verhuur en handel van onroerend goed;2019/'20;3;0;0;1;2;0;3;0;0;0;0;0;0;1;2
8447;Mannen;Totaal leeftijd;Sector zorg en welzijn;L Verhuur en handel van onroerend goed;2020/'21;3;0;0;0;3;1;2;0;0;0;1;0;0;0;2
8448;Mannen;Totaal leeftijd;Sector zorg en welzijn;M-N Zakelijke dienstverlening;2009/'10;280;8;49;79;144;110;170;6;23;32;49;2;26;47;95
8449;Mannen;Totaal leeftijd;Sector zorg en welzijn;M-N Zakelijke dienstverlening;2010/'11;202;6;37;48;111;89;113;2;21;21;45;4;16;27;66
8450;Mannen;Totaal leeftijd;Sector zorg en welzijn;M-N Zakelijke dienstverlening;2011/'12;142;3;24;62;53;55;87;1;11;20;23;2;13;42;30
8451;Mannen;Totaal leeftijd;Sector zorg en welzijn;M-N Zakelijke dienstverlening;2012/'13;135;5;18;43;69;51;84;3;10;8;30;2;8;35;39
8452;Mannen;Totaal leeftijd;Sector zorg en welzijn;M-N Zakelijke dienstverlening;2013/'14;90;1;15;18;56;41;49;1;12;3;25;0;3;15;31
8453;Mannen;Totaal leeftijd;Sector zorg en welzijn;M-N Zakelijke dienstverlening;2014/'15;48;2;2;10;34;26;22;2;2;3;19;0;0;7;15
8454;Mannen;Totaal leeftijd;Sector zorg en welzijn;M-N Zakelijke dienstverlening;2015/'16;50;0;7;13;30;31;19;0;5;7;19;0;2;6;11
8455;Mannen;Totaal leeftijd;Sector zorg en welzijn;M-N Zakelijke dienstverlening;2016/'17;84;1;7;22;54;33;51;1;2;1;29;0;5;21;25
8456;Mannen;Totaal leeftijd;Sector zorg en welzijn;M-N Zakelijke dienstverlening;2017/'18;130;0;11;46;73;35;95;0;5;5;25;0;6;41;48
8457;Mannen;Totaal leeftijd;Sector zorg en welzijn;M-N Zakelijke dienstverlening;2018/'19;160;0;24;41;95;40;120;0;6;3;31;0;18;38;64
8458;Mannen;Totaal leeftijd;Sector zorg en welzijn;M-N Zakelijke dienstverlening;2019/'20;166;0;18;42;106;29;137;0;4;3;22;0;14;39;84
8459;Mannen;Totaal leeftijd;Sector zorg en welzijn;M-N Zakelijke dienstverlening;2020/'21;205;0;24;47;134;52;153;0;7;3;42;0;17;44;92
8460;Mannen;Totaal leeftijd;Sector zorg en welzijn;O-Q Overheid en zorg;2009/'10;675;4;56;164;451;173;502;0;13;56;104;4;43;108;347
8461;Mannen;Totaal leeftijd;Sector zorg en welzijn;O-Q Overheid en zorg;2010/'11;592;2;50;166;374;144;448;0;16;55;73;2;34;111;301
8462;Mannen;Totaal leeftijd;Sector zorg en welzijn;O-Q Overheid en zorg;2011/'12;503;6;50;177;270;90;413;1;5;51;33;5;45;126;237
8463;Mannen;Totaal leeftijd;Sector zorg en welzijn;O-Q Overheid en zorg;2012/'13;439;4;34;164;237;39;400;1;3;17;18;3;31;147;219
8464;Mannen;Totaal leeftijd;Sector zorg en welzijn;O-Q Overheid en zorg;2013/'14;266;0;29;91;146;33;233;0;1;14;18;0;28;77;128
8465;Mannen;Totaal leeftijd;Sector zorg en welzijn;O-Q Overheid en zorg;2014/'15;196;0;20;68;108;8;188;0;1;0;7;0;19;68;101
8466;Mannen;Totaal leeftijd;Sector zorg en welzijn;O-Q Overheid en zorg;2015/'16;170;0;12;63;95;14;156;0;1;2;11;0;11;61;84
8467;Mannen;Totaal leeftijd;Sector zorg en welzijn;O-Q Overheid en zorg;2016/'17;222;0;39;70;113;12;210;0;1;1;10;0;38;69;103
8468;Mannen;Totaal leeftijd;Sector zorg en welzijn;O-Q Overheid en zorg;2017/'18;247;0;15;71;161;9;238;0;1;3;5;0;14;68;156
8469;Mannen;Totaal leeftijd;Sector zorg en welzijn;O-Q Overheid en zorg;2018/'19;239;0;15;58;166;10;229;0;0;2;8;0;15;56;158
8470;Mannen;Totaal leeftijd;Sector zorg en welzijn;O-Q Overheid en zorg;2019/'20;236;0;15;54;167;10;226;0;0;0;10;0;15;54;157
8471;Mannen;Totaal leeftijd;Sector zorg en welzijn;O-Q Overheid en zorg;2020/'21;257;0;13;48;196;6;251;0;0;0;6;0;13;48;190
8472;Mannen;Totaal leeftijd;Sector zorg en welzijn;R-U Cultuur, recreatie, overige diensten;2009/'10;35;0;4;11;20;13;22;0;2;6;5;0;2;5;15
8473;Mannen;Totaal leeftijd;Sector zorg en welzijn;R-U Cultuur, recreatie, overige diensten;2010/'11;39;1;3;10;25;15;24;1;2;4;8;0;1;6;17
8474;Mannen;Totaal leeftijd;Sector zorg en welzijn;R-U Cultuur, recreatie, overige diensten;2011/'12;48;0;3;13;32;13;35;0;0;6;7;0;3;7;25
8475;Mannen;Totaal leeftijd;Sector zorg en welzijn;R-U Cultuur, recreatie, overige diensten;2012/'13;32;0;4;5;23;10;22;0;2;1;7;0;2;4;16
8476;Mannen;Totaal leeftijd;Sector zorg en welzijn;R-U Cultuur, recreatie, overige diensten;2013/'14;10;2;1;1;6;5;5;1;0;0;4;1;1;1;2
8477;Mannen;Totaal leeftijd;Sector zorg en welzijn;R-U Cultuur, recreatie, overige diensten;2014/'15;9;0;1;4;4;5;4;0;0;2;3;0;1;2;1
8478;Mannen;Totaal leeftijd;Sector zorg en welzijn;R-U Cultuur, recreatie, overige diensten;2015/'16;8;0;2;2;4;2;6;0;0;0;2;0;2;2;2
8479;Mannen;Totaal leeftijd;Sector zorg en welzijn;R-U Cultuur, recreatie, overige diensten;2016/'17;12;0;0;6;6;4;8;0;0;2;2;0;0;4;4
8480;Mannen;Totaal leeftijd;Sector zorg en welzijn;R-U Cultuur, recreatie, overige diensten;2017/'18;26;0;1;6;19;7;19;0;0;1;6;0;1;5;13
8481;Mannen;Totaal leeftijd;Sector zorg en welzijn;R-U Cultuur, recreatie, overige diensten;2018/'19;38;0;8;7;23;2;36;0;2;0;0;0;6;7;23
8482;Mannen;Totaal leeftijd;Sector zorg en welzijn;R-U Cultuur, recreatie, overige diensten;2019/'20;29;0;1;6;22;8;21;0;0;2;6;0;1;4;16
8483;Mannen;Totaal leeftijd;Sector zorg en welzijn;R-U Cultuur, recreatie, overige diensten;2020/'21;39;0;3;13;23;1;38;0;0;1;0;0;3;12;23
8484;Mannen;Totaal leeftijd;Sector zorg en welzijn;SBI-code onbekend;2009/'10;47;1;12;13;21;24;23;1;9;4;10;0;3;9;11
8485;Mannen;Totaal leeftijd;Sector zorg en welzijn;SBI-code onbekend;2010/'11;34;0;7;8;19;11;23;0;3;4;4;0;4;4;15
8486;Mannen;Totaal leeftijd;Sector zorg en welzijn;SBI-code onbekend;2011/'12;31;0;3;13;15;9;22;0;1;3;5;0;2;10;10
8487;Mannen;Totaal leeftijd;Sector zorg en welzijn;SBI-code onbekend;2012/'13;33;0;5;11;17;12;21;0;2;1;9;0;3;10;8
8488;Mannen;Totaal leeftijd;Sector zorg en welzijn;SBI-code onbekend;2013/'14;26;0;1;6;19;5;21;0;1;1;3;0;0;5;16
8489;Mannen;Totaal leeftijd;Sector zorg en welzijn;SBI-code onbekend;2014/'15;9;0;2;1;6;2;7;0;1;0;1;0;1;1;5
8490;Mannen;Totaal leeftijd;Sector zorg en welzijn;SBI-code onbekend;2015/'16;5;0;0;2;3;2;3;0;0;0;2;0;0;2;1
8491;Mannen;Totaal leeftijd;Sector zorg en welzijn;SBI-code onbekend;2016/'17;7;0;0;2;5;1;6;0;0;0;1;0;0;2;4
8492;Mannen;Totaal leeftijd;Sector zorg en welzijn;SBI-code onbekend;2017/'18;6;0;1;3;2;1;5;0;1;0;0;0;0;3;2
8493;Mannen;Totaal leeftijd;Sector zorg en welzijn;SBI-code onbekend;2018/'19;5;0;0;2;3;2;3;0;0;0;2;0;0;2;1
8494;Mannen;Totaal leeftijd;Sector zorg en welzijn;SBI-code onbekend;2019/'20;8;0;0;1;7;0;8;0;0;0;0;0;0;1;7
8495;Mannen;Totaal leeftijd;Sector zorg en welzijn;SBI-code onbekend;2020/'21;3;0;0;0;3;0;3;0;0;0;0;0;0;0;3
8496;Mannen;Totaal leeftijd;Combinatie van sectoren;A-U Alle economische activiteiten;2009/'10;1466;1246;169;42;9;249;1217;238;11;0;0;1008;158;42;9
8497;Mannen;Totaal leeftijd;Combinatie van sectoren;A-U Alle economische activiteiten;2010/'11;1244;1135;92;14;3;183;1061;183;0;0;0;952;92;14;3
8498;Mannen;Totaal leeftijd;Combinatie van sectoren;A-U Alle economische activiteiten;2011/'12;1108;981;55;54;18;153;955;138;3;0;12;843;52;54;6
8499;Mannen;Totaal leeftijd;Combinatie van sectoren;A-U Alle economische activiteiten;2012/'13;757;719;20;0;18;180;577;162;0;0;18;557;20;0;0
8500;Mannen;Totaal leeftijd;Combinatie van sectoren;A-U Alle economische activiteiten;2013/'14;552;534;3;0;15;157;395;140;2;0;15;394;1;0;0
8501;Mannen;Totaal leeftijd;Combinatie van sectoren;A-U Alle economische activiteiten;2014/'15;303;288;1;0;14;92;211;77;1;0;14;211;0;0;0
8502;Mannen;Totaal leeftijd;Combinatie van sectoren;A-U Alle economische activiteiten;2015/'16;230;209;2;0;19;114;116;95;0;0;19;114;2;0;0
8503;Mannen;Totaal leeftijd;Combinatie van sectoren;A-U Alle economische activiteiten;2016/'17;492;492;0;0;0;154;338;154;0;0;0;338;0;0;0
8504;Mannen;Totaal leeftijd;Combinatie van sectoren;A-U Alle economische activiteiten;2017/'18;437;437;0;0;0;167;270;167;0;0;0;270;0;0;0
8505;Mannen;Totaal leeftijd;Combinatie van sectoren;A-U Alle economische activiteiten;2018/'19;670;663;7;0;0;280;390;278;2;0;0;385;5;0;0
8506;Mannen;Totaal leeftijd;Combinatie van sectoren;A-U Alle economische activiteiten;2019/'20;790;785;3;0;2;338;452;334;2;0;2;451;1;0;0
8507;Mannen;Totaal leeftijd;Combinatie van sectoren;A-U Alle economische activiteiten;2020/'21;720;711;5;1;3;420;300;413;3;1;3;298;2;0;0
8508;Mannen;Totaal leeftijd;Combinatie van sectoren;A Landbouw, bosbouw en visserij;2009/'10;7;7;0;0;0;5;2;5;0;0;0;2;0;0;0
8509;Mannen;Totaal leeftijd;Combinatie van sectoren;A Landbouw, bosbouw en visserij;2010/'11;3;3;0;0;0;3;0;3;0;0;0;0;0;0;0
8510;Mannen;Totaal leeftijd;Combinatie van sectoren;A Landbouw, bosbouw en visserij;2011/'12;4;4;0;0;0;4;0;4;0;0;0;0;0;0;0
8511;Mannen;Totaal leeftijd;Combinatie van sectoren;A Landbouw, bosbouw en visserij;2012/'13;1;1;0;0;0;0;1;0;0;0;0;1;0;0;0
8512;Mannen;Totaal leeftijd;Combinatie van sectoren;A Landbouw, bosbouw en visserij;2013/'14;2;2;0;0;0;1;1;1;0;0;0;1;0;0;0
8513;Mannen;Totaal leeftijd;Combinatie van sectoren;A Landbouw, bosbouw en visserij;2014/'15;2;2;0;0;0;2;0;2;0;0;0;0;0;0;0
8514;Mannen;Totaal leeftijd;Combinatie van sectoren;A Landbouw, bosbouw en visserij;2015/'16;7;7;0;0;0;4;3;4;0;0;0;3;0;0;0
8515;Mannen;Totaal leeftijd;Combinatie van sectoren;A Landbouw, bosbouw en visserij;2016/'17;3;3;0;0;0;2;1;2;0;0;0;1;0;0;0
8516;Mannen;Totaal leeftijd;Combinatie van sectoren;A Landbouw, bosbouw en visserij;2017/'18;5;5;0;0;0;2;3;2;0;0;0;3;0;0;0
8517;Mannen;Totaal leeftijd;Combinatie van sectoren;A Landbouw, bosbouw en visserij;2018/'19;6;6;0;0;0;1;5;1;0;0;0;5;0;0;0
8518;Mannen;Totaal leeftijd;Combinatie van sectoren;A Landbouw, bosbouw en visserij;2019/'20;8;8;0;0;0;5;3;5;0;0;0;3;0;0;0
8519;Mannen;Totaal leeftijd;Combinatie van sectoren;A Landbouw, bosbouw en visserij;2020/'21;6;6;0;0;0;4;2;4;0;0;0;2;0;0;0
8520;Mannen;Totaal leeftijd;Combinatie van sectoren;B-E Nijverheid (geen bouw) en energie;2009/'10;895;753;125;17;0;15;880;13;2;0;0;740;123;17;0
8521;Mannen;Totaal leeftijd;Combinatie van sectoren;B-E Nijverheid (geen bouw) en energie;2010/'11;805;771;27;6;1;10;795;10;0;0;0;761;27;6;1
8522;Mannen;Totaal leeftijd;Combinatie van sectoren;B-E Nijverheid (geen bouw) en energie;2011/'12;659;612;32;15;0;13;646;13;0;0;0;599;32;15;0
8523;Mannen;Totaal leeftijd;Combinatie van sectoren;B-E Nijverheid (geen bouw) en energie;2012/'13;318;317;1;0;0;6;312;6;0;0;0;311;1;0;0
8524;Mannen;Totaal leeftijd;Combinatie van sectoren;B-E Nijverheid (geen bouw) en energie;2013/'14;151;150;0;0;1;6;145;5;0;0;1;145;0;0;0
8525;Mannen;Totaal leeftijd;Combinatie van sectoren;B-E Nijverheid (geen bouw) en energie;2014/'15;51;51;0;0;0;0;51;0;0;0;0;51;0;0;0
8526;Mannen;Totaal leeftijd;Combinatie van sectoren;B-E Nijverheid (geen bouw) en energie;2015/'16;60;60;0;0;0;7;53;7;0;0;0;53;0;0;0
8527;Mannen;Totaal leeftijd;Combinatie van sectoren;B-E Nijverheid (geen bouw) en energie;2016/'17;208;208;0;0;0;15;193;15;0;0;0;193;0;0;0
8528;Mannen;Totaal leeftijd;Combinatie van sectoren;B-E Nijverheid (geen bouw) en energie;2017/'18;87;87;0;0;0;5;82;5;0;0;0;82;0;0;0
8529;Mannen;Totaal leeftijd;Combinatie van sectoren;B-E Nijverheid (geen bouw) en energie;2018/'19;70;66;4;0;0;5;65;5;0;0;0;61;4;0;0
8530;Mannen;Totaal leeftijd;Combinatie van sectoren;B-E Nijverheid (geen bouw) en energie;2019/'20;116;116;0;0;0;19;97;19;0;0;0;97;0;0;0
8531;Mannen;Totaal leeftijd;Combinatie van sectoren;B-E Nijverheid (geen bouw) en energie;2020/'21;47;45;2;0;0;13;34;13;0;0;0;32;2;0;0
8532;Mannen;Totaal leeftijd;Combinatie van sectoren;F Bouwnijverheid;2009/'10;25;24;0;1;0;14;11;14;0;0;0;10;0;1;0
8533;Mannen;Totaal leeftijd;Combinatie van sectoren;F Bouwnijverheid;2010/'11;11;11;0;0;0;5;6;5;0;0;0;6;0;0;0
8534;Mannen;Totaal leeftijd;Combinatie van sectoren;F Bouwnijverheid;2011/'12;26;26;0;0;0;4;22;4;0;0;0;22;0;0;0
8535;Mannen;Totaal leeftijd;Combinatie van sectoren;F Bouwnijverheid;2012/'13;4;3;1;0;0;1;3;1;0;0;0;2;1;0;0
8536;Mannen;Totaal leeftijd;Combinatie van sectoren;F Bouwnijverheid;2013/'14;6;6;0;0;0;4;2;4;0;0;0;2;0;0;0
8537;Mannen;Totaal leeftijd;Combinatie van sectoren;F Bouwnijverheid;2014/'15;1;1;0;0;0;1;0;1;0;0;0;0;0;0;0
8538;Mannen;Totaal leeftijd;Combinatie van sectoren;F Bouwnijverheid;2015/'16;5;5;0;0;0;4;1;4;0;0;0;1;0;0;0
8539;Mannen;Totaal leeftijd;Combinatie van sectoren;F Bouwnijverheid;2016/'17;5;5;0;0;0;1;4;1;0;0;0;4;0;0;0
8540;Mannen;Totaal leeftijd;Combinatie van sectoren;F Bouwnijverheid;2017/'18;9;9;0;0;0;2;7;2;0;0;0;7;0;0;0
8541;Mannen;Totaal leeftijd;Combinatie van sectoren;F Bouwnijverheid;2018/'19;23;23;0;0;0;10;13;10;0;0;0;13;0;0;0
8542;Mannen;Totaal leeftijd;Combinatie van sectoren;F Bouwnijverheid;2019/'20;18;18;0;0;0;4;14;4;0;0;0;14;0;0;0
8543;Mannen;Totaal leeftijd;Combinatie van sectoren;F Bouwnijverheid;2020/'21;17;17;0;0;0;3;14;3;0;0;0;14;0;0;0
8544;Mannen;Totaal leeftijd;Combinatie van sectoren;G-I Handel, vervoer en horeca;2009/'10;178;133;27;10;8;82;96;80;2;0;0;53;25;10;8
8545;Mannen;Totaal leeftijd;Combinatie van sectoren;G-I Handel, vervoer en horeca;2010/'11;153;95;51;6;1;62;91;62;0;0;0;33;51;6;1
8546;Mannen;Totaal leeftijd;Combinatie van sectoren;G-I Handel, vervoer en horeca;2011/'12;128;100;10;8;10;69;59;58;3;0;8;42;7;8;2
8547;Mannen;Totaal leeftijd;Combinatie van sectoren;G-I Handel, vervoer en horeca;2012/'13;154;134;10;0;10;104;50;94;0;0;10;40;10;0;0
8548;Mannen;Totaal leeftijd;Combinatie van sectoren;G-I Handel, vervoer en horeca;2013/'14;108;97;2;0;9;87;21;76;2;0;9;21;0;0;0
8549;Mannen;Totaal leeftijd;Combinatie van sectoren;G-I Handel, vervoer en horeca;2014/'15;78;67;0;0;11;63;15;52;0;0;11;15;0;0;0
8550;Mannen;Totaal leeftijd;Combinatie van sectoren;G-I Handel, vervoer en horeca;2015/'16;90;73;2;0;15;66;24;51;0;0;15;22;2;0;0
8551;Mannen;Totaal leeftijd;Combinatie van sectoren;G-I Handel, vervoer en horeca;2016/'17;116;116;0;0;0;78;38;78;0;0;0;38;0;0;0
8552;Mannen;Totaal leeftijd;Combinatie van sectoren;G-I Handel, vervoer en horeca;2017/'18;140;140;0;0;0;95;45;95;0;0;0;45;0;0;0
8553;Mannen;Totaal leeftijd;Combinatie van sectoren;G-I Handel, vervoer en horeca;2018/'19;230;229;1;0;0;145;85;144;1;0;0;85;0;0;0
8554;Mannen;Totaal leeftijd;Combinatie van sectoren;G-I Handel, vervoer en horeca;2019/'20;255;252;1;0;2;158;97;156;0;0;2;96;1;0;0
8555;Mannen;Totaal leeftijd;Combinatie van sectoren;G-I Handel, vervoer en horeca;2020/'21;285;281;2;1;1;204;81;200;2;1;1;81;0;0;0
8556;Mannen;Totaal leeftijd;Combinatie van sectoren;J Informatie en communicatie;2009/'10;3;3;0;0;0;3;0;3;0;0;0;0;0;0;0
8557;Mannen;Totaal leeftijd;Combinatie van sectoren;J Informatie en communicatie;2010/'11;2;2;0;0;0;2;0;2;0;0;0;0;0;0;0
8558;Mannen;Totaal leeftijd;Combinatie van sectoren;J Informatie en communicatie;2011/'12;22;0;2;20;0;0;22;0;0;0;0;0;2;20;0
8559;Mannen;Totaal leeftijd;Combinatie van sectoren;J Informatie en communicatie;2012/'13;1;1;0;0;0;1;0;1;0;0;0;0;0;0;0
8560;Mannen;Totaal leeftijd;Combinatie van sectoren;J Informatie en communicatie;2013/'14;0;0;0;0;0;0;0;0;0;0;0;0;0;0;0
8561;Mannen;Totaal leeftijd;Combinatie van sectoren;J Informatie en communicatie;2014/'15;1;1;0;0;0;1;0;1;0;0;0;0;0;0;0
8562;Mannen;Totaal leeftijd;Combinatie van sectoren;J Informatie en communicatie;2015/'16;0;0;0;0;0;0;0;0;0;0;0;0;0;0;0
8563;Mannen;Totaal leeftijd;Combinatie van sectoren;J Informatie en communicatie;2016/'17;0;0;0;0;0;0;0;0;0;0;0;0;0;0;0
8564;Mannen;Totaal leeftijd;Combinatie van sectoren;J Informatie en communicatie;2017/'18;1;1;0;0;0;0;1;0;0;0;0;1;0;0;0
8565;Mannen;Totaal leeftijd;Combinatie van sectoren;J Informatie en communicatie;2018/'19;3;3;0;0;0;1;2;1;0;0;0;2;0;0;0
8566;Mannen;Totaal leeftijd;Combinatie van sectoren;J Informatie en communicatie;2019/'20;4;4;0;0;0;2;2;2;0;0;0;2;0;0;0
8567;Mannen;Totaal leeftijd;Combinatie van sectoren;J Informatie en communicatie;2020/'21;2;2;0;0;0;1;1;1;0;0;0;1;0;0;0
8568;Mannen;Totaal leeftijd;Combinatie van sectoren;K Financiële dienstverlening;2009/'10;2;2;0;0;0;2;0;2;0;0;0;0;0;0;0
8569;Mannen;Totaal leeftijd;Combinatie van sectoren;K Financiële dienstverlening;2010/'11;20;20;0;0;0;1;19;1;0;0;0;19;0;0;0
8570;Mannen;Totaal leeftijd;Combinatie van sectoren;K Financiële dienstverlening;2011/'12;7;3;4;0;0;0;7;0;0;0;0;3;4;0;0
8571;Mannen;Totaal leeftijd;Combinatie van sectoren;K Financiële dienstverlening;2012/'13;0;0;0;0;0;0;0;0;0;0;0;0;0;0;0
8572;Mannen;Totaal leeftijd;Combinatie van sectoren;K Financiële dienstverlening;2013/'14;0;0;0;0;0;0;0;0;0;0;0;0;0;0;0
8573;Mannen;Totaal leeftijd;Combinatie van sectoren;K Financiële dienstverlening;2014/'15;0;0;0;0;0;0;0;0;0;0;0;0;0;0;0
8574;Mannen;Totaal leeftijd;Combinatie van sectoren;K Financiële dienstverlening;2015/'16;0;0;0;0;0;0;0;0;0;0;0;0;0;0;0
8575;Mannen;Totaal leeftijd;Combinatie van sectoren;K Financiële dienstverlening;2016/'17;1;1;0;0;0;0;1;0;0;0;0;1;0;0;0
8576;Mannen;Totaal leeftijd;Combinatie van sectoren;K Financiële dienstverlening;2017/'18;1;1;0;0;0;0;1;0;0;0;0;1;0;0;0
8577;Mannen;Totaal leeftijd;Combinatie van sectoren;K Financiële dienstverlening;2018/'19;0;0;0;0;0;0;0;0;0;0;0;0;0;0;0
8578;Mannen;Totaal leeftijd;Combinatie van sectoren;K Financiële dienstverlening;2019/'20;4;4;0;0;0;2;2;2;0;0;0;2;0;0;0
8579;Mannen;Totaal leeftijd;Combinatie van sectoren;K Financiële dienstverlening;2020/'21;3;3;0;0;0;2;1;2;0;0;0;1;0;0;0
8580;Mannen;Totaal leeftijd;Combinatie van sectoren;L Verhuur en handel van onroerend goed;2009/'10;8;8;0;0;0;0;8;0;0;0;0;8;0;0;0
8581;Mannen;Totaal leeftijd;Combinatie van sectoren;L Verhuur en handel van onroerend goed;2010/'11;1;1;0;0;0;0;1;0;0;0;0;1;0;0;0
8582;Mannen;Totaal leeftijd;Combinatie van sectoren;L Verhuur en handel van onroerend goed;2011/'12;1;1;0;0;0;1;0;1;0;0;0;0;0;0;0
8583;Mannen;Totaal leeftijd;Combinatie van sectoren;L Verhuur en handel van onroerend goed;2012/'13;2;2;0;0;0;2;0;2;0;0;0;0;0;0;0
8584;Mannen;Totaal leeftijd;Combinatie van sectoren;L Verhuur en handel van onroerend goed;2013/'14;2;2;0;0;0;1;1;1;0;0;0;1;0;0;0
8585;Mannen;Totaal leeftijd;Combinatie van sectoren;L Verhuur en handel van onroerend goed;2014/'15;1;1;0;0;0;1;0;1;0;0;0;0;0;0;0
8586;Mannen;Totaal leeftijd;Combinatie van sectoren;L Verhuur en handel van onroerend goed;2015/'16;0;0;0;0;0;0;0;0;0;0;0;0;0;0;0
8587;Mannen;Totaal leeftijd;Combinatie van sectoren;L Verhuur en handel van onroerend goed;2016/'17;0;0;0;0;0;0;0;0;0;0;0;0;0;0;0
8588;Mannen;Totaal leeftijd;Combinatie van sectoren;L Verhuur en handel van onroerend goed;2017/'18;0;0;0;0;0;0;0;0;0;0;0;0;0;0;0
8589;Mannen;Totaal leeftijd;Combinatie van sectoren;L Verhuur en handel van onroerend goed;2018/'19;0;0;0;0;0;0;0;0;0;0;0;0;0;0;0
8590;Mannen;Totaal leeftijd;Combinatie van sectoren;L Verhuur en handel van onroerend goed;2019/'20;2;2;0;0;0;1;1;1;0;0;0;1;0;0;0
8591;Mannen;Totaal leeftijd;Combinatie van sectoren;L Verhuur en handel van onroerend goed;2020/'21;2;2;0;0;0;2;0;2;0;0;0;0;0;0;0
8592;Mannen;Totaal leeftijd;Combinatie van sectoren;M-N Zakelijke dienstverlening;2009/'10;267;245;16;5;1;110;157;103;7;0;0;142;9;5;1
8593;Mannen;Totaal leeftijd;Combinatie van sectoren;M-N Zakelijke dienstverlening;2010/'11;189;176;12;0;1;84;105;84;0;0;0;92;12;0;1
8594;Mannen;Totaal leeftijd;Combinatie van sectoren;M-N Zakelijke dienstverlening;2011/'12;163;143;6;8;6;48;115;44;0;0;4;99;6;8;2
8595;Mannen;Totaal leeftijd;Combinatie van sectoren;M-N Zakelijke dienstverlening;2012/'13;150;139;7;0;4;56;94;52;0;0;4;87;7;0;0
8596;Mannen;Totaal leeftijd;Combinatie van sectoren;M-N Zakelijke dienstverlening;2013/'14;123;117;1;0;5;52;71;47;0;0;5;70;1;0;0
8597;Mannen;Totaal leeftijd;Combinatie van sectoren;M-N Zakelijke dienstverlening;2014/'15;89;86;1;0;2;22;67;19;1;0;2;67;0;0;0
8598;Mannen;Totaal leeftijd;Combinatie van sectoren;M-N Zakelijke dienstverlening;2015/'16;63;59;0;0;4;28;35;24;0;0;4;35;0;0;0
8599;Mannen;Totaal leeftijd;Combinatie van sectoren;M-N Zakelijke dienstverlening;2016/'17;121;121;0;0;0;53;68;53;0;0;0;68;0;0;0
8600;Mannen;Totaal leeftijd;Combinatie van sectoren;M-N Zakelijke dienstverlening;2017/'18;139;139;0;0;0;58;81;58;0;0;0;81;0;0;0
8601;Mannen;Totaal leeftijd;Combinatie van sectoren;M-N Zakelijke dienstverlening;2018/'19;291;290;1;0;0;112;179;111;1;0;0;179;0;0;0
8602;Mannen;Totaal leeftijd;Combinatie van sectoren;M-N Zakelijke dienstverlening;2019/'20;285;283;2;0;0;139;146;137;2;0;0;146;0;0;0
8603;Mannen;Totaal leeftijd;Combinatie van sectoren;M-N Zakelijke dienstverlening;2020/'21;287;286;0;0;1;171;116;170;0;0;1;116;0;0;0
8604;Mannen;Totaal leeftijd;Combinatie van sectoren;O-Q Overheid en zorg;2009/'10;55;45;1;9;0;12;43;12;0;0;0;33;1;9;0
8605;Mannen;Totaal leeftijd;Combinatie van sectoren;O-Q Overheid en zorg;2010/'11;46;44;0;2;0;11;35;11;0;0;0;33;0;2;0
8606;Mannen;Totaal leeftijd;Combinatie van sectoren;O-Q Overheid en zorg;2011/'12;73;68;0;3;2;9;64;9;0;0;0;59;0;3;2
8607;Mannen;Totaal leeftijd;Combinatie van sectoren;O-Q Overheid en zorg;2012/'13;115;111;1;0;3;5;110;2;0;0;3;109;1;0;0
8608;Mannen;Totaal leeftijd;Combinatie van sectoren;O-Q Overheid en zorg;2013/'14;153;153;0;0;0;1;152;1;0;0;0;152;0;0;0
8609;Mannen;Totaal leeftijd;Combinatie van sectoren;O-Q Overheid en zorg;2014/'15;78;77;0;0;1;1;77;0;0;0;1;77;0;0;0
8610;Mannen;Totaal leeftijd;Combinatie van sectoren;O-Q Overheid en zorg;2015/'16;3;3;0;0;0;3;0;3;0;0;0;0;0;0;0
8611;Mannen;Totaal leeftijd;Combinatie van sectoren;O-Q Overheid en zorg;2016/'17;34;34;0;0;0;2;32;2;0;0;0;32;0;0;0
8612;Mannen;Totaal leeftijd;Combinatie van sectoren;O-Q Overheid en zorg;2017/'18;48;48;0;0;0;1;47;1;0;0;0;47;0;0;0
8613;Mannen;Totaal leeftijd;Combinatie van sectoren;O-Q Overheid en zorg;2018/'19;38;37;1;0;0;2;36;2;0;0;0;35;1;0;0
8614;Mannen;Totaal leeftijd;Combinatie van sectoren;O-Q Overheid en zorg;2019/'20;82;82;0;0;0;1;81;1;0;0;0;81;0;0;0
8615;Mannen;Totaal leeftijd;Combinatie van sectoren;O-Q Overheid en zorg;2020/'21;46;46;0;0;0;5;41;5;0;0;0;41;0;0;0
8616;Mannen;Totaal leeftijd;Combinatie van sectoren;R-U Cultuur, recreatie, overige diensten;2009/'10;16;16;0;0;0;3;13;3;0;0;0;13;0;0;0
8617;Mannen;Totaal leeftijd;Combinatie van sectoren;R-U Cultuur, recreatie, overige diensten;2010/'11;10;9;1;0;0;4;6;4;0;0;0;5;1;0;0
8618;Mannen;Totaal leeftijd;Combinatie van sectoren;R-U Cultuur, recreatie, overige diensten;2011/'12;19;19;0;0;0;3;16;3;0;0;0;16;0;0;0
8619;Mannen;Totaal leeftijd;Combinatie van sectoren;R-U Cultuur, recreatie, overige diensten;2012/'13;6;6;0;0;0;3;3;3;0;0;0;3;0;0;0
8620;Mannen;Totaal leeftijd;Combinatie van sectoren;R-U Cultuur, recreatie, overige diensten;2013/'14;3;3;0;0;0;3;0;3;0;0;0;0;0;0;0
8621;Mannen;Totaal leeftijd;Combinatie van sectoren;R-U Cultuur, recreatie, overige diensten;2014/'15;2;2;0;0;0;1;1;1;0;0;0;1;0;0;0
8622;Mannen;Totaal leeftijd;Combinatie van sectoren;R-U Cultuur, recreatie, overige diensten;2015/'16;1;1;0;0;0;1;0;1;0;0;0;0;0;0;0
8623;Mannen;Totaal leeftijd;Combinatie van sectoren;R-U Cultuur, recreatie, overige diensten;2016/'17;3;3;0;0;0;2;1;2;0;0;0;1;0;0;0
8624;Mannen;Totaal leeftijd;Combinatie van sectoren;R-U Cultuur, recreatie, overige diensten;2017/'18;5;5;0;0;0;3;2;3;0;0;0;2;0;0;0
8625;Mannen;Totaal leeftijd;Combinatie van sectoren;R-U Cultuur, recreatie, overige diensten;2018/'19;8;8;0;0;0;4;4;4;0;0;0;4;0;0;0
8626;Mannen;Totaal leeftijd;Combinatie van sectoren;R-U Cultuur, recreatie, overige diensten;2019/'20;13;13;0;0;0;5;8;5;0;0;0;8;0;0;0
8627;Mannen;Totaal leeftijd;Combinatie van sectoren;R-U Cultuur, recreatie, overige diensten;2020/'21;22;20;1;0;1;14;8;12;1;0;1;8;0;0;0
8628;Mannen;Totaal leeftijd;Combinatie van sectoren;SBI-code onbekend;2009/'10;10;10;0;0;0;3;7;3;0;0;0;7;0;0;0
8629;Mannen;Totaal leeftijd;Combinatie van sectoren;SBI-code onbekend;2010/'11;4;3;1;0;0;1;3;1;0;0;0;2;1;0;0
8630;Mannen;Totaal leeftijd;Combinatie van sectoren;SBI-code onbekend;2011/'12;6;5;1;0;0;2;4;2;0;0;0;3;1;0;0
8631;Mannen;Totaal leeftijd;Combinatie van sectoren;SBI-code onbekend;2012/'13;6;5;0;0;1;2;4;1;0;0;1;4;0;0;0
8632;Mannen;Totaal leeftijd;Combinatie van sectoren;SBI-code onbekend;2013/'14;4;4;0;0;0;2;2;2;0;0;0;2;0;0;0
8633;Mannen;Totaal leeftijd;Combinatie van sectoren;SBI-code onbekend;2014/'15;0;0;0;0;0;0;0;0;0;0;0;0;0;0;0
8634;Mannen;Totaal leeftijd;Combinatie van sectoren;SBI-code onbekend;2015/'16;1;1;0;0;0;1;0;1;0;0;0;0;0;0;0
8635;Mannen;Totaal leeftijd;Combinatie van sectoren;SBI-code onbekend;2016/'17;1;1;0;0;0;1;0;1;0;0;0;0;0;0;0
8636;Mannen;Totaal leeftijd;Combinatie van sectoren;SBI-code onbekend;2017/'18;2;2;0;0;0;1;1;1;0;0;0;1;0;0;0
8637;Mannen;Totaal leeftijd;Combinatie van sectoren;SBI-code onbekend;2018/'19;1;1;0;0;0;0;1;0;0;0;0;1;0;0;0
8638;Mannen;Totaal leeftijd;Combinatie van sectoren;SBI-code onbekend;2019/'20;3;3;0;0;0;2;1;2;0;0;0;1;0;0;0
8639;Mannen;Totaal leeftijd;Combinatie van sectoren;SBI-code onbekend;2020/'21;3;3;0;0;0;1;2;1;0;0;0;2;0;0;0
8640;Mannen;15 tot 20 jaar;Totaal;A-U Alle economische activiteiten;2009/'10;1110;215;444;162;289;697;413;144;182;99;272;71;262;63;17
8641;Mannen;15 tot 20 jaar;Totaal;A-U Alle economische activiteiten;2010/'11;936;169;377;150;240;567;369;90;155;100;222;79;222;50;18
8642;Mannen;15 tot 20 jaar;Totaal;A-U Alle economische activiteiten;2011/'12;876;162;354;125;235;554;322;91;155;91;217;71;199;34;18
8643;Mannen;15 tot 20 jaar;Totaal;A-U Alle economische activiteiten;2012/'13;878;179;297;127;275;614;264;123;142;82;267;56;155;45;8
8644;Mannen;15 tot 20 jaar;Totaal;A-U Alle economische activiteiten;2013/'14;842;157;291;122;272;633;209;112;171;93;257;45;120;29;15
8645;Mannen;15 tot 20 jaar;Totaal;A-U Alle economische activiteiten;2014/'15;764;146;252;91;275;588;176;114;149;69;256;32;103;22;19
8646;Mannen;15 tot 20 jaar;Totaal;A-U Alle economische activiteiten;2015/'16;843;173;270;136;264;662;181;136;182;93;251;37;88;43;13
8647;Mannen;15 tot 20 jaar;Totaal;A-U Alle economische activiteiten;2016/'17;428;74;99;81;174;293;135;50;45;36;162;24;54;45;12
8648;Mannen;15 tot 20 jaar;Totaal;A-U Alle economische activiteiten;2017/'18;451;82;100;83;186;305;146;50;48;38;169;32;52;45;17
8649;Mannen;15 tot 20 jaar;Totaal;A-U Alle economische activiteiten;2018/'19;482;102;113;64;203;311;171;60;48;24;179;42;65;40;24
8650;Mannen;15 tot 20 jaar;Totaal;A-U Alle economische activiteiten;2019/'20;524;116;120;72;216;331;193;64;53;31;183;52;67;41;33
8651;Mannen;15 tot 20 jaar;Totaal;A-U Alle economische activiteiten;2020/'21;581;138;104;81;258;403;178;95;48;31;229;43;56;50;29
8652;Mannen;15 tot 20 jaar;Totaal;A Landbouw, bosbouw en visserij;2009/'10;41;6;17;8;10;27;14;5;6;6;10;1;11;2;0
8653;Mannen;15 tot 20 jaar;Totaal;A Landbouw, bosbouw en visserij;2010/'11;33;5;16;6;6;13;20;1;5;3;4;4;11;3;2
8654;Mannen;15 tot 20 jaar;Totaal;A Landbouw, bosbouw en visserij;2011/'12;40;7;18;4;11;25;15;6;6;3;10;1;12;1;1
8655;Mannen;15 tot 20 jaar;Totaal;A Landbouw, bosbouw en visserij;2012/'13;39;6;14;6;13;20;19;1;5;2;12;5;9;4;1
8656;Mannen;15 tot 20 jaar;Totaal;A Landbouw, bosbouw en visserij;2013/'14;40;3;17;9;11;28;12;0;9;8;11;3;8;1;0
8657;Mannen;15 tot 20 jaar;Totaal;A Landbouw, bosbouw en visserij;2014/'15;25;5;4;4;12;21;4;3;3;3;12;2;1;1;0
8658;Mannen;15 tot 20 jaar;Totaal;A Landbouw, bosbouw en visserij;2015/'16;35;5;10;12;8;24;11;4;7;5;8;1;3;7;0
8659;Mannen;15 tot 20 jaar;Totaal;A Landbouw, bosbouw en visserij;2016/'17;12;2;0;4;6;8;4;2;0;1;5;0;0;3;1
8660;Mannen;15 tot 20 jaar;Totaal;A Landbouw, bosbouw en visserij;2017/'18;14;2;4;3;5;6;8;1;0;1;4;1;4;2;1
8661;Mannen;15 tot 20 jaar;Totaal;A Landbouw, bosbouw en visserij;2018/'19;13;2;3;3;5;7;6;0;2;1;4;2;1;2;1
8662;Mannen;15 tot 20 jaar;Totaal;A Landbouw, bosbouw en visserij;2019/'20;15;2;5;2;6;9;6;2;2;1;4;0;3;1;2
8663;Mannen;15 tot 20 jaar;Totaal;A Landbouw, bosbouw en visserij;2020/'21;17;5;2;3;7;12;5;3;0;3;6;2;2;0;1
8664;Mannen;15 tot 20 jaar;Totaal;B-E Nijverheid (geen bouw) en energie;2009/'10;65;17;29;8;11;22;43;5;4;4;9;12;25;4;2
8665;Mannen;15 tot 20 jaar;Totaal;B-E Nijverheid (geen bouw) en energie;2010/'11;45;17;21;4;3;15;30;3;6;3;3;14;15;1;0
8666;Mannen;15 tot 20 jaar;Totaal;B-E Nijverheid (geen bouw) en energie;2011/'12;42;17;17;3;5;22;20;7;8;3;4;10;9;0;1
8667;Mannen;15 tot 20 jaar;Totaal;B-E Nijverheid (geen bouw) en energie;2012/'13;38;11;14;3;10;19;19;3;6;1;9;8;8;2;1
8668;Mannen;15 tot 20 jaar;Totaal;B-E Nijverheid (geen bouw) en energie;2013/'14;44;13;17;4;10;23;21;6;6;3;8;7;11;1;2
8669;Mannen;15 tot 20 jaar;Totaal;B-E Nijverheid (geen bouw) en energie;2014/'15;26;7;9;1;9;14;12;3;3;1;7;4;6;0;2
8670;Mannen;15 tot 20 jaar;Totaal;B-E Nijverheid (geen bouw) en energie;2015/'16;28;9;12;3;4;12;16;4;5;1;2;5;7;2;2
8671;Mannen;15 tot 20 jaar;Totaal;B-E Nijverheid (geen bouw) en energie;2016/'17;16;7;4;4;1;11;5;6;2;2;1;1;2;2;0
8672;Mannen;15 tot 20 jaar;Totaal;B-E Nijverheid (geen bouw) en energie;2017/'18;17;8;2;4;3;5;12;2;0;1;2;6;2;3;1
8673;Mannen;15 tot 20 jaar;Totaal;B-E Nijverheid (geen bouw) en energie;2018/'19;21;3;4;5;9;9;12;0;0;1;8;3;4;4;1
8674;Mannen;15 tot 20 jaar;Totaal;B-E Nijverheid (geen bouw) en energie;2019/'20;31;12;9;6;4;12;19;2;4;3;3;10;5;3;1
8675;Mannen;15 tot 20 jaar;Totaal;B-E Nijverheid (geen bouw) en energie;2020/'21;26;7;3;7;9;17;9;5;1;3;8;2;2;4;1
8676;Mannen;15 tot 20 jaar;Totaal;F Bouwnijverheid;2009/'10;52;16;30;4;2;19;33;11;4;2;2;5;26;2;0
8677;Mannen;15 tot 20 jaar;Totaal;F Bouwnijverheid;2010/'11;35;9;19;5;2;13;22;3;5;3;2;6;14;2;0
8678;Mannen;15 tot 20 jaar;Totaal;F Bouwnijverheid;2011/'12;31;5;14;5;7;9;22;0;2;1;6;5;12;4;1
8679;Mannen;15 tot 20 jaar;Totaal;F Bouwnijverheid;2012/'13;29;6;17;2;4;12;17;1;5;2;4;5;12;0;0
8680;Mannen;15 tot 20 jaar;Totaal;F Bouwnijverheid;2013/'14;14;2;7;1;4;8;6;1;3;1;3;1;4;0;1
8681;Mannen;15 tot 20 jaar;Totaal;F Bouwnijverheid;2014/'15;18;5;9;0;4;10;8;2;4;0;4;3;5;0;0
8682;Mannen;15 tot 20 jaar;Totaal;F Bouwnijverheid;2015/'16;11;1;3;4;3;8;3;1;3;1;3;0;0;3;0
8683;Mannen;15 tot 20 jaar;Totaal;F Bouwnijverheid;2016/'17;13;2;4;4;3;3;10;0;0;1;2;2;4;3;1
8684;Mannen;15 tot 20 jaar;Totaal;F Bouwnijverheid;2017/'18;13;2;6;3;2;1;12;0;1;0;0;2;5;3;2
8685;Mannen;15 tot 20 jaar;Totaal;F Bouwnijverheid;2018/'19;16;3;6;2;5;7;9;1;1;0;5;2;5;2;0
8686;Mannen;15 tot 20 jaar;Totaal;F Bouwnijverheid;2019/'20;16;3;7;2;4;5;11;0;1;0;4;3;6;2;0
8687;Mannen;15 tot 20 jaar;Totaal;F Bouwnijverheid;2020/'21;24;5;11;4;4;6;18;2;2;1;1;3;9;3;3
8688;Mannen;15 tot 20 jaar;Totaal;G-I Handel, vervoer en horeca;2009/'10;580;107;226;84;163;384;196;74;101;55;154;33;125;29;9
8689;Mannen;15 tot 20 jaar;Totaal;G-I Handel, vervoer en horeca;2010/'11;543;83;216;94;150;352;191;50;104;61;137;33;112;33;13
8690;Mannen;15 tot 20 jaar;Totaal;G-I Handel, vervoer en horeca;2011/'12;532;86;209;88;149;360;172;50;104;64;142;36;105;24;7
8691;Mannen;15 tot 20 jaar;Totaal;G-I Handel, vervoer en horeca;2012/'13;584;118;197;87;182;420;164;88;94;60;178;30;103;27;4
8692;Mannen;15 tot 20 jaar;Totaal;G-I Handel, vervoer en horeca;2013/'14;587;97;203;95;192;460;127;75;128;74;183;22;75;21;9
8693;Mannen;15 tot 20 jaar;Totaal;G-I Handel, vervoer en horeca;2014/'15;550;95;185;68;202;436;114;79;116;53;188;16;69;15;14
8694;Mannen;15 tot 20 jaar;Totaal;G-I Handel, vervoer en horeca;2015/'16;573;113;184;88;188;463;110;90;128;67;178;23;56;21;10
8695;Mannen;15 tot 20 jaar;Totaal;G-I Handel, vervoer en horeca;2016/'17;287;39;69;53;126;199;88;27;33;23;116;12;36;30;10
8696;Mannen;15 tot 20 jaar;Totaal;G-I Handel, vervoer en horeca;2017/'18;285;41;64;62;118;206;79;28;37;33;108;13;27;29;10
8697;Mannen;15 tot 20 jaar;Totaal;G-I Handel, vervoer en horeca;2018/'19;290;54;59;35;142;198;92;32;27;14;125;22;32;21;17
8698;Mannen;15 tot 20 jaar;Totaal;G-I Handel, vervoer en horeca;2019/'20;328;67;67;50;144;222;106;40;32;22;128;27;35;28;16
8699;Mannen;15 tot 20 jaar;Totaal;G-I Handel, vervoer en horeca;2020/'21;353;80;55;51;167;249;104;56;30;17;146;24;25;34;21
8700;Mannen;15 tot 20 jaar;Totaal;J Informatie en communicatie;2009/'10;6;3;0;2;1;5;1;3;0;2;0;0;0;0;1
8701;Mannen;15 tot 20 jaar;Totaal;J Informatie en communicatie;2010/'11;8;1;1;2;4;6;2;1;0;1;4;0;1;1;0
8702;Mannen;15 tot 20 jaar;Totaal;J Informatie en communicatie;2011/'12;4;0;1;1;2;4;0;0;1;1;2;0;0;0;0
8703;Mannen;15 tot 20 jaar;Totaal;J Informatie en communicatie;2012/'13;1;0;1;0;0;1;0;0;1;0;0;0;0;0;0
8704;Mannen;15 tot 20 jaar;Totaal;J Informatie en communicatie;2013/'14;9;1;2;3;3;4;5;1;0;1;2;0;2;2;1
8705;Mannen;15 tot 20 jaar;Totaal;J Informatie en communicatie;2014/'15;2;1;0;0;1;2;0;1;0;0;1;0;0;0;0
8706;Mannen;15 tot 20 jaar;Totaal;J Informatie en communicatie;2015/'16;2;0;0;0;2;2;0;0;0;0;2;0;0;0;0
8707;Mannen;15 tot 20 jaar;Totaal;J Informatie en communicatie;2016/'17;2;0;0;0;2;2;0;0;0;0;2;0;0;0;0
8708;Mannen;15 tot 20 jaar;Totaal;J Informatie en communicatie;2017/'18;0;0;0;0;0;0;0;0;0;0;0;0;0;0;0
8709;Mannen;15 tot 20 jaar;Totaal;J Informatie en communicatie;2018/'19;4;1;0;1;2;2;2;0;0;0;2;1;0;1;0
8710;Mannen;15 tot 20 jaar;Totaal;J Informatie en communicatie;2019/'20;5;0;2;2;1;2;3;0;1;0;1;0;1;2;0
8711;Mannen;15 tot 20 jaar;Totaal;J Informatie en communicatie;2020/'21;2;0;0;0;2;2;0;0;0;0;2;0;0;0;0
8712;Mannen;15 tot 20 jaar;Totaal;K Financiële dienstverlening;2009/'10;1;0;0;1;0;1;0;0;0;1;0;0;0;0;0
8713;Mannen;15 tot 20 jaar;Totaal;K Financiële dienstverlening;2010/'11;1;0;1;0;0;0;1;0;0;0;0;0;1;0;0
8714;Mannen;15 tot 20 jaar;Totaal;K Financiële dienstverlening;2011/'12;3;0;2;1;0;2;1;0;1;1;0;0;1;0;0
8715;Mannen;15 tot 20 jaar;Totaal;K Financiële dienstverlening;2012/'13;0;0;0;0;0;0;0;0;0;0;0;0;0;0;0
8716;Mannen;15 tot 20 jaar;Totaal;K Financiële dienstverlening;2013/'14;6;0;2;0;4;4;2;0;1;0;3;0;1;0;1
8717;Mannen;15 tot 20 jaar;Totaal;K Financiële dienstverlening;2014/'15;1;0;0;0;1;0;1;0;0;0;0;0;0;0;1
8718;Mannen;15 tot 20 jaar;Totaal;K Financiële dienstverlening;2015/'16;3;0;1;1;1;3;0;0;1;1;1;0;0;0;0
8719;Mannen;15 tot 20 jaar;Totaal;K Financiële dienstverlening;2016/'17;0;0;0;0;0;0;0;0;0;0;0;0;0;0;0
8720;Mannen;15 tot 20 jaar;Totaal;K Financiële dienstverlening;2017/'18;2;1;0;0;1;1;1;0;0;0;1;1;0;0;0
8721;Mannen;15 tot 20 jaar;Totaal;K Financiële dienstverlening;2018/'19;0;0;0;0;0;0;0;0;0;0;0;0;0;0;0
8722;Mannen;15 tot 20 jaar;Totaal;K Financiële dienstverlening;2019/'20;0;0;0;0;0;0;0;0;0;0;0;0;0;0;0
8723;Mannen;15 tot 20 jaar;Totaal;K Financiële dienstverlening;2020/'21;2;1;0;0;1;2;0;1;0;0;1;0;0;0;0
8724;Mannen;15 tot 20 jaar;Totaal;L Verhuur en handel van onroerend goed;2009/'10;2;0;0;2;0;0;2;0;0;0;0;0;0;2;0
8725;Mannen;15 tot 20 jaar;Totaal;L Verhuur en handel van onroerend goed;2010/'11;3;0;1;1;1;1;2;0;0;0;1;0;1;1;0
8726;Mannen;15 tot 20 jaar;Totaal;L Verhuur en handel van onroerend goed;2011/'12;1;0;0;0;1;1;0;0;0;0;1;0;0;0;0
8727;Mannen;15 tot 20 jaar;Totaal;L Verhuur en handel van onroerend goed;2012/'13;1;0;0;1;0;0;1;0;0;0;0;0;0;1;0
8728;Mannen;15 tot 20 jaar;Totaal;L Verhuur en handel van onroerend goed;2013/'14;1;1;0;0;0;1;0;1;0;0;0;0;0;0;0
8729;Mannen;15 tot 20 jaar;Totaal;L Verhuur en handel van onroerend goed;2014/'15;2;1;0;0;1;2;0;1;0;0;1;0;0;0;0
8730;Mannen;15 tot 20 jaar;Totaal;L Verhuur en handel van onroerend goed;2015/'16;5;2;1;0;2;4;1;2;0;0;2;0;1;0;0
8731;Mannen;15 tot 20 jaar;Totaal;L Verhuur en handel van onroerend goed;2016/'17;0;0;0;0;0;0;0;0;0;0;0;0;0;0;0
8732;Mannen;15 tot 20 jaar;Totaal;L Verhuur en handel van onroerend goed;2017/'18;0;0;0;0;0;0;0;0;0;0;0;0;0;0;0
8733;Mannen;15 tot 20 jaar;Totaal;L Verhuur en handel van onroerend goed;2018/'19;0;0;0;0;0;0;0;0;0;0;0;0;0;0;0
8734;Mannen;15 tot 20 jaar;Totaal;L Verhuur en handel van onroerend goed;2019/'20;0;0;0;0;0;0;0;0;0;0;0;0;0;0;0
8735;Mannen;15 tot 20 jaar;Totaal;L Verhuur en handel van onroerend goed;2020/'21;2;0;0;0;2;2;0;0;0;0;2;0;0;0;0
8736;Mannen;15 tot 20 jaar;Totaal;M-N Zakelijke dienstverlening;2009/'10;290;54;113;44;79;197;93;37;56;28;76;17;57;16;3
8737;Mannen;15 tot 20 jaar;Totaal;M-N Zakelijke dienstverlening;2010/'11;180;38;68;21;53;113;67;20;26;15;52;18;42;6;1
8738;Mannen;15 tot 20 jaar;Totaal;M-N Zakelijke dienstverlening;2011/'12;155;35;60;14;46;94;61;21;20;11;42;14;40;3;4
8739;Mannen;15 tot 20 jaar;Totaal;M-N Zakelijke dienstverlening;2012/'13;145;32;44;23;46;112;33;26;26;14;46;6;18;9;0
8740;Mannen;15 tot 20 jaar;Totaal;M-N Zakelijke dienstverlening;2013/'14;100;33;27;8;32;75;25;23;17;4;31;10;10;4;1
8741;Mannen;15 tot 20 jaar;Totaal;M-N Zakelijke dienstverlening;2014/'15;106;25;34;15;32;75;31;20;15;10;30;5;19;5;2
8742;Mannen;15 tot 20 jaar;Totaal;M-N Zakelijke dienstverlening;2015/'16;146;34;43;24;45;116;30;28;28;16;44;6;15;8;1
8743;Mannen;15 tot 20 jaar;Totaal;M-N Zakelijke dienstverlening;2016/'17;82;23;19;13;27;58;24;14;10;7;27;9;9;6;0
8744;Mannen;15 tot 20 jaar;Totaal;M-N Zakelijke dienstverlening;2017/'18;103;26;23;8;46;72;31;18;9;2;43;8;14;6;3
8745;Mannen;15 tot 20 jaar;Totaal;M-N Zakelijke dienstverlening;2018/'19;121;36;35;17;33;75;46;25;15;7;28;11;20;10;5
8746;Mannen;15 tot 20 jaar;Totaal;M-N Zakelijke dienstverlening;2019/'20;115;28;28;8;51;70;45;18;12;3;37;10;16;5;14
8747;Mannen;15 tot 20 jaar;Totaal;M-N Zakelijke dienstverlening;2020/'21;130;35;30;15;50;93;37;26;12;7;48;9;18;8;2
8748;Mannen;15 tot 20 jaar;Totaal;O-Q Overheid en zorg;2009/'10;49;9;23;6;11;27;22;6;9;1;11;3;14;5;0
8749;Mannen;15 tot 20 jaar;Totaal;O-Q Overheid en zorg;2010/'11;60;11;24;12;13;35;25;9;5;10;11;2;19;2;2
8750;Mannen;15 tot 20 jaar;Totaal;O-Q Overheid en zorg;2011/'12;46;5;25;7;9;23;23;4;9;5;5;1;16;2;4
8751;Mannen;15 tot 20 jaar;Totaal;O-Q Overheid en zorg;2012/'13;21;2;3;3;13;15;6;1;2;1;11;1;1;2;2
8752;Mannen;15 tot 20 jaar;Totaal;O-Q Overheid en zorg;2013/'14;16;2;10;1;3;10;6;2;4;1;3;0;6;0;0
8753;Mannen;15 tot 20 jaar;Totaal;O-Q Overheid en zorg;2014/'15;13;1;6;1;5;10;3;0;5;0;5;1;1;1;0
8754;Mannen;15 tot 20 jaar;Totaal;O-Q Overheid en zorg;2015/'16;14;4;4;1;5;10;4;3;1;1;5;1;3;0;0
8755;Mannen;15 tot 20 jaar;Totaal;O-Q Overheid en zorg;2016/'17;4;0;1;1;2;3;1;0;0;1;2;0;1;0;0
8756;Mannen;15 tot 20 jaar;Totaal;O-Q Overheid en zorg;2017/'18;7;1;1;2;3;5;2;1;1;0;3;0;0;2;0
8757;Mannen;15 tot 20 jaar;Totaal;O-Q Overheid en zorg;2018/'19;1;0;0;0;1;1;0;0;0;0;1;0;0;0;0
8758;Mannen;15 tot 20 jaar;Totaal;O-Q Overheid en zorg;2019/'20;5;2;1;1;1;4;1;1;1;1;1;1;0;0;0
8759;Mannen;15 tot 20 jaar;Totaal;O-Q Overheid en zorg;2020/'21;8;2;0;0;6;7;1;1;0;0;6;1;0;0;0
8760;Mannen;15 tot 20 jaar;Totaal;R-U Cultuur, recreatie, overige diensten;2009/'10;21;2;4;3;12;13;8;2;1;0;10;0;3;3;2
8761;Mannen;15 tot 20 jaar;Totaal;R-U Cultuur, recreatie, overige diensten;2010/'11;26;5;9;5;7;17;9;3;3;4;7;2;6;1;0
8762;Mannen;15 tot 20 jaar;Totaal;R-U Cultuur, recreatie, overige diensten;2011/'12;19;5;8;2;4;12;7;2;4;2;4;3;4;0;0
8763;Mannen;15 tot 20 jaar;Totaal;R-U Cultuur, recreatie, overige diensten;2012/'13;18;4;7;2;5;13;5;3;3;2;5;1;4;0;0
8764;Mannen;15 tot 20 jaar;Totaal;R-U Cultuur, recreatie, overige diensten;2013/'14;22;5;6;1;10;17;5;3;3;1;10;2;3;0;0
8765;Mannen;15 tot 20 jaar;Totaal;R-U Cultuur, recreatie, overige diensten;2014/'15;17;2;5;2;8;15;2;2;3;2;8;0;2;0;0
8766;Mannen;15 tot 20 jaar;Totaal;R-U Cultuur, recreatie, overige diensten;2015/'16;25;4;12;3;6;19;6;3;9;1;6;1;3;2;0
8767;Mannen;15 tot 20 jaar;Totaal;R-U Cultuur, recreatie, overige diensten;2016/'17;10;1;2;2;5;7;3;1;0;1;5;0;2;1;0
8768;Mannen;15 tot 20 jaar;Totaal;R-U Cultuur, recreatie, overige diensten;2017/'18;9;1;0;1;7;8;1;0;0;1;7;1;0;0;0
8769;Mannen;15 tot 20 jaar;Totaal;R-U Cultuur, recreatie, overige diensten;2018/'19;15;3;6;1;5;11;4;2;3;1;5;1;3;0;0
8770;Mannen;15 tot 20 jaar;Totaal;R-U Cultuur, recreatie, overige diensten;2019/'20;9;2;1;1;5;7;2;1;0;1;5;1;1;0;0
8771;Mannen;15 tot 20 jaar;Totaal;R-U Cultuur, recreatie, overige diensten;2020/'21;17;3;3;1;10;13;4;1;3;0;9;2;0;1;1
8772;Mannen;15 tot 20 jaar;Totaal;SBI-code onbekend;2009/'10;3;1;2;0;0;2;1;1;1;0;0;0;1;0;0
8773;Mannen;15 tot 20 jaar;Totaal;SBI-code onbekend;2010/'11;2;0;1;0;1;2;0;0;1;0;1;0;0;0;0
8774;Mannen;15 tot 20 jaar;Totaal;SBI-code onbekend;2011/'12;3;2;0;0;1;2;1;1;0;0;1;1;0;0;0
8775;Mannen;15 tot 20 jaar;Totaal;SBI-code onbekend;2012/'13;2;0;0;0;2;2;0;0;0;0;2;0;0;0;0
8776;Mannen;15 tot 20 jaar;Totaal;SBI-code onbekend;2013/'14;3;0;0;0;3;3;0;0;0;0;3;0;0;0;0
8777;Mannen;15 tot 20 jaar;Totaal;SBI-code onbekend;2014/'15;4;4;0;0;0;3;1;3;0;0;0;1;0;0;0
8778;Mannen;15 tot 20 jaar;Totaal;SBI-code onbekend;2015/'16;1;1;0;0;0;1;0;1;0;0;0;0;0;0;0
8779;Mannen;15 tot 20 jaar;Totaal;SBI-code onbekend;2016/'17;2;0;0;0;2;2;0;0;0;0;2;0;0;0;0
8780;Mannen;15 tot 20 jaar;Totaal;SBI-code onbekend;2017/'18;1;0;0;0;1;1;0;0;0;0;1;0;0;0;0
8781;Mannen;15 tot 20 jaar;Totaal;SBI-code onbekend;2018/'19;1;0;0;0;1;1;0;0;0;0;1;0;0;0;0
8782;Mannen;15 tot 20 jaar;Totaal;SBI-code onbekend;2019/'20;0;0;0;0;0;0;0;0;0;0;0;0;0;0;0
8783;Mannen;15 tot 20 jaar;Totaal;SBI-code onbekend;2020/'21;0;0;0;0;0;0;0;0;0;0;0;0;0;0;0
8784;Mannen;15 tot 20 jaar;Sector landbouw;A-U Alle economische activiteiten;2009/'10;49;17;20;6;6;22;27;3;9;4;6;14;11;2;0
8785;Mannen;15 tot 20 jaar;Sector landbouw;A-U Alle economische activiteiten;2010/'11;45;18;15;6;6;15;30;2;6;1;6;16;9;5;0
8786;Mannen;15 tot 20 jaar;Sector landbouw;A-U Alle economische activiteiten;2011/'12;55;17;15;10;13;32;23;5;8;8;11;12;7;2;2
8787;Mannen;15 tot 20 jaar;Sector landbouw;A-U Alle economische activiteiten;2012/'13;42;9;14;9;10;22;20;1;5;6;10;8;9;3;0
8788;Mannen;15 tot 20 jaar;Sector landbouw;A-U Alle economische activiteiten;2013/'14;42;9;12;10;11;26;16;2;5;8;11;7;7;2;0
8789;Mannen;15 tot 20 jaar;Sector landbouw;A-U Alle economische activiteiten;2014/'15;38;6;5;9;18;31;7;2;5;6;18;4;0;3;0
8790;Mannen;15 tot 20 jaar;Sector landbouw;A-U Alle economische activiteiten;2015/'16;46;11;11;16;8;27;19;2;8;9;8;9;3;7;0
8791;Mannen;15 tot 20 jaar;Sector landbouw;A-U Alle economische activiteiten;2016/'17;12;0;5;2;5;7;5;0;1;1;5;0;4;1;0
8792;Mannen;15 tot 20 jaar;Sector landbouw;A-U Alle economische activiteiten;2017/'18;18;0;2;5;11;10;8;0;0;1;9;0;2;4;2
8793;Mannen;15 tot 20 jaar;Sector landbouw;A-U Alle economische activiteiten;2018/'19;13;0;5;3;5;7;6;0;1;1;5;0;4;2;0
8794;Mannen;15 tot 20 jaar;Sector landbouw;A-U Alle economische activiteiten;2019/'20;13;0;3;3;7;8;5;0;1;2;5;0;2;1;2
8795;Mannen;15 tot 20 jaar;Sector landbouw;A-U Alle economische activiteiten;2020/'21;11;5;1;1;4;5;6;0;1;0;4;5;0;1;0
8796;Mannen;15 tot 20 jaar;Sector landbouw;A Landbouw, bosbouw en visserij;2009/'10;9;2;3;2;2;6;3;2;0;2;2;0;3;0;0
8797;Mannen;15 tot 20 jaar;Sector landbouw;A Landbouw, bosbouw en visserij;2010/'11;1;0;0;0;1;1;0;0;0;0;1;0;0;0;0
8798;Mannen;15 tot 20 jaar;Sector landbouw;A Landbouw, bosbouw en visserij;2011/'12;8;1;3;1;3;5;3;1;1;1;2;0;2;0;1
8799;Mannen;15 tot 20 jaar;Sector landbouw;A Landbouw, bosbouw en visserij;2012/'13;9;1;4;2;2;5;4;0;2;1;2;1;2;1;0
8800;Mannen;15 tot 20 jaar;Sector landbouw;A Landbouw, bosbouw en visserij;2013/'14;5;0;2;3;0;2;3;0;0;2;0;0;2;1;0
8801;Mannen;15 tot 20 jaar;Sector landbouw;A Landbouw, bosbouw en visserij;2014/'15;5;0;0;3;2;4;1;0;0;2;2;0;0;1;0
8802;Mannen;15 tot 20 jaar;Sector landbouw;A Landbouw, bosbouw en visserij;2015/'16;10;1;0;6;3;4;6;0;0;1;3;1;0;5;0
8803;Mannen;15 tot 20 jaar;Sector landbouw;A Landbouw, bosbouw en visserij;2016/'17;2;0;0;0;2;2;0;0;0;0;2;0;0;0;0
8804;Mannen;15 tot 20 jaar;Sector landbouw;A Landbouw, bosbouw en visserij;2017/'18;5;0;1;1;3;2;3;0;0;0;2;0;1;1;1
8805;Mannen;15 tot 20 jaar;Sector landbouw;A Landbouw, bosbouw en visserij;2018/'19;2;0;0;1;1;2;0;0;0;1;1;0;0;0;0
8806;Mannen;15 tot 20 jaar;Sector landbouw;A Landbouw, bosbouw en visserij;2019/'20;0;0;0;0;0;0;0;0;0;0;0;0;0;0;0
8807;Mannen;15 tot 20 jaar;Sector landbouw;A Landbouw, bosbouw en visserij;2020/'21;2;0;0;0;2;2;0;0;0;0;2;0;0;0;0
8808;Mannen;15 tot 20 jaar;Sector landbouw;B-E Nijverheid (geen bouw) en energie;2009/'10;9;8;1;0;0;0;9;0;0;0;0;8;1;0;0
8809;Mannen;15 tot 20 jaar;Sector landbouw;B-E Nijverheid (geen bouw) en energie;2010/'11;9;7;2;0;0;1;8;0;1;0;0;7;1;0;0
8810;Mannen;15 tot 20 jaar;Sector landbouw;B-E Nijverheid (geen bouw) en energie;2011/'12;8;6;2;0;0;2;6;0;2;0;0;6;0;0;0
8811;Mannen;15 tot 20 jaar;Sector landbouw;B-E Nijverheid (geen bouw) en energie;2012/'13;7;5;2;0;0;1;6;0;1;0;0;5;1;0;0
8812;Mannen;15 tot 20 jaar;Sector landbouw;B-E Nijverheid (geen bouw) en energie;2013/'14;9;6;1;1;1;3;6;1;0;1;1;5;1;0;0
8813;Mannen;15 tot 20 jaar;Sector landbouw;B-E Nijverheid (geen bouw) en energie;2014/'15;5;2;0;0;3;3;2;0;0;0;3;2;0;0;0
8814;Mannen;15 tot 20 jaar;Sector landbouw;B-E Nijverheid (geen bouw) en energie;2015/'16;3;3;0;0;0;0;3;0;0;0;0;3;0;0;0
8815;Mannen;15 tot 20 jaar;Sector landbouw;B-E Nijverheid (geen bouw) en energie;2016/'17;1;0;0;1;0;1;0;0;0;1;0;0;0;0;0
8816;Mannen;15 tot 20 jaar;Sector landbouw;B-E Nijverheid (geen bouw) en energie;2017/'18;0;0;0;0;0;0;0;0;0;0;0;0;0;0;0
8817;Mannen;15 tot 20 jaar;Sector landbouw;B-E Nijverheid (geen bouw) en energie;2018/'19;1;0;0;0;1;1;0;0;0;0;1;0;0;0;0
8818;Mannen;15 tot 20 jaar;Sector landbouw;B-E Nijverheid (geen bouw) en energie;2019/'20;0;0;0;0;0;0;0;0;0;0;0;0;0;0;0
8819;Mannen;15 tot 20 jaar;Sector landbouw;B-E Nijverheid (geen bouw) en energie;2020/'21;0;0;0;0;0;0;0;0;0;0;0;0;0;0;0
8820;Mannen;15 tot 20 jaar;Sector landbouw;F Bouwnijverheid;2009/'10;0;0;0;0;0;0;0;0;0;0;0;0;0;0;0
8821;Mannen;15 tot 20 jaar;Sector landbouw;F Bouwnijverheid;2010/'11;3;3;0;0;0;1;2;1;0;0;0;2;0;0;0
8822;Mannen;15 tot 20 jaar;Sector landbouw;F Bouwnijverheid;2011/'12;1;0;0;0;1;1;0;0;0;0;1;0;0;0;0
8823;Mannen;15 tot 20 jaar;Sector landbouw;F Bouwnijverheid;2012/'13;1;0;0;1;0;1;0;0;0;1;0;0;0;0;0
8824;Mannen;15 tot 20 jaar;Sector landbouw;F Bouwnijverheid;2013/'14;2;1;0;0;1;1;1;0;0;0;1;1;0;0;0
8825;Mannen;15 tot 20 jaar;Sector landbouw;F Bouwnijverheid;2014/'15;1;0;1;0;0;1;0;0;1;0;0;0;0;0;0
8826;Mannen;15 tot 20 jaar;Sector landbouw;F Bouwnijverheid;2015/'16;1;0;0;0;1;1;0;0;0;0;1;0;0;0;0
8827;Mannen;15 tot 20 jaar;Sector landbouw;F Bouwnijverheid;2016/'17;1;0;0;1;0;0;1;0;0;0;0;0;0;1;0
8828;Mannen;15 tot 20 jaar;Sector landbouw;F Bouwnijverheid;2017/'18;0;0;0;0;0;0;0;0;0;0;0;0;0;0;0
8829;Mannen;15 tot 20 jaar;Sector landbouw;F Bouwnijverheid;2018/'19;0;0;0;0;0;0;0;0;0;0;0;0;0;0;0
8830;Mannen;15 tot 20 jaar;Sector landbouw;F Bouwnijverheid;2019/'20;0;0;0;0;0;0;0;0;0;0;0;0;0;0;0
8831;Mannen;15 tot 20 jaar;Sector landbouw;F Bouwnijverheid;2020/'21;0;0;0;0;0;0;0;0;0;0;0;0;0;0;0
8832;Mannen;15 tot 20 jaar;Sector landbouw;G-I Handel, vervoer en horeca;2009/'10;12;3;7;1;1;6;6;1;3;1;1;2;4;0;0
8833;Mannen;15 tot 20 jaar;Sector landbouw;G-I Handel, vervoer en horeca;2010/'11;19;4;10;1;4;9;10;1;4;0;4;3;6;1;0
8834;Mannen;15 tot 20 jaar;Sector landbouw;G-I Handel, vervoer en horeca;2011/'12;18;3;6;6;3;15;3;1;5;6;3;2;1;0;0
8835;Mannen;15 tot 20 jaar;Sector landbouw;G-I Handel, vervoer en horeca;2012/'13;19;2;7;5;5;11;8;0;2;4;5;2;5;1;0
8836;Mannen;15 tot 20 jaar;Sector landbouw;G-I Handel, vervoer en horeca;2013/'14;20;1;4;6;9;19;1;1;4;5;9;0;0;1;0
8837;Mannen;15 tot 20 jaar;Sector landbouw;G-I Handel, vervoer en horeca;2014/'15;17;1;3;4;9;15;2;0;3;3;9;1;0;1;0
8838;Mannen;15 tot 20 jaar;Sector landbouw;G-I Handel, vervoer en horeca;2015/'16;20;2;9;6;3;14;6;0;7;4;3;2;2;2;0
8839;Mannen;15 tot 20 jaar;Sector landbouw;G-I Handel, vervoer en horeca;2016/'17;5;0;2;0;3;4;1;0;1;0;3;0;1;0;0
8840;Mannen;15 tot 20 jaar;Sector landbouw;G-I Handel, vervoer en horeca;2017/'18;4;0;0;3;1;2;2;0;0;1;1;0;0;2;0
8841;Mannen;15 tot 20 jaar;Sector landbouw;G-I Handel, vervoer en horeca;2018/'19;3;0;2;0;1;2;1;0;1;0;1;0;1;0;0
8842;Mannen;15 tot 20 jaar;Sector landbouw;G-I Handel, vervoer en horeca;2019/'20;7;0;0;1;6;6;1;0;0;1;5;0;0;0;1
8843;Mannen;15 tot 20 jaar;Sector landbouw;G-I Handel, vervoer en horeca;2020/'21;4;2;0;1;1;1;3;0;0;0;1;2;0;1;0
8844;Mannen;15 tot 20 jaar;Sector landbouw;J Informatie en communicatie;2009/'10;0;0;0;0;0;0;0;0;0;0;0;0;0;0;0
8845;Mannen;15 tot 20 jaar;Sector landbouw;J Informatie en communicatie;2010/'11;0;0;0;0;0;0;0;0;0;0;0;0;0;0;0
8846;Mannen;15 tot 20 jaar;Sector landbouw;J Informatie en communicatie;2011/'12;0;0;0;0;0;0;0;0;0;0;0;0;0;0;0
8847;Mannen;15 tot 20 jaar;Sector landbouw;J Informatie en communicatie;2012/'13;0;0;0;0;0;0;0;0;0;0;0;0;0;0;0
8848;Mannen;15 tot 20 jaar;Sector landbouw;J Informatie en communicatie;2013/'14;0;0;0;0;0;0;0;0;0;0;0;0;0;0;0
8849;Mannen;15 tot 20 jaar;Sector landbouw;J Informatie en communicatie;2014/'15;0;0;0;0;0;0;0;0;0;0;0;0;0;0;0
8850;Mannen;15 tot 20 jaar;Sector landbouw;J Informatie en communicatie;2015/'16;0;0;0;0;0;0;0;0;0;0;0;0;0;0;0
8851;Mannen;15 tot 20 jaar;Sector landbouw;J Informatie en communicatie;2016/'17;0;0;0;0;0;0;0;0;0;0;0;0;0;0;0
8852;Mannen;15 tot 20 jaar;Sector landbouw;J Informatie en communicatie;2017/'18;0;0;0;0;0;0;0;0;0;0;0;0;0;0;0
8853;Mannen;15 tot 20 jaar;Sector landbouw;J Informatie en communicatie;2018/'19;0;0;0;0;0;0;0;0;0;0;0;0;0;0;0
8854;Mannen;15 tot 20 jaar;Sector landbouw;J Informatie en communicatie;2019/'20;0;0;0;0;0;0;0;0;0;0;0;0;0;0;0
8855;Mannen;15 tot 20 jaar;Sector landbouw;J Informatie en communicatie;2020/'21;0;0;0;0;0;0;0;0;0;0;0;0;0;0;0
8856;Mannen;15 tot 20 jaar;Sector landbouw;K Financiële dienstverlening;2009/'10;0;0;0;0;0;0;0;0;0;0;0;0;0;0;0
8857;Mannen;15 tot 20 jaar;Sector landbouw;K Financiële dienstverlening;2010/'11;0;0;0;0;0;0;0;0;0;0;0;0;0;0;0
8858;Mannen;15 tot 20 jaar;Sector landbouw;K Financiële dienstverlening;2011/'12;0;0;0;0;0;0;0;0;0;0;0;0;0;0;0
8859;Mannen;15 tot 20 jaar;Sector landbouw;K Financiële dienstverlening;2012/'13;0;0;0;0;0;0;0;0;0;0;0;0;0;0;0
8860;Mannen;15 tot 20 jaar;Sector landbouw;K Financiële dienstverlening;2013/'14;0;0;0;0;0;0;0;0;0;0;0;0;0;0;0
8861;Mannen;15 tot 20 jaar;Sector landbouw;K Financiële dienstverlening;2014/'15;0;0;0;0;0;0;0;0;0;0;0;0;0;0;0
8862;Mannen;15 tot 20 jaar;Sector landbouw;K Financiële dienstverlening;2015/'16;0;0;0;0;0;0;0;0;0;0;0;0;0;0;0
8863;Mannen;15 tot 20 jaar;Sector landbouw;K Financiële dienstverlening;2016/'17;0;0;0;0;0;0;0;0;0;0;0;0;0;0;0
8864;Mannen;15 tot 20 jaar;Sector landbouw;K Financiële dienstverlening;2017/'18;0;0;0;0;0;0;0;0;0;0;0;0;0;0;0
8865;Mannen;15 tot 20 jaar;Sector landbouw;K Financiële dienstverlening;2018/'19;0;0;0;0;0;0;0;0;0;0;0;0;0;0;0
8866;Mannen;15 tot 20 jaar;Sector landbouw;K Financiële dienstverlening;2019/'20;0;0;0;0;0;0;0;0;0;0;0;0;0;0;0
8867;Mannen;15 tot 20 jaar;Sector landbouw;K Financiële dienstverlening;2020/'21;0;0;0;0;0;0;0;0;0;0;0;0;0;0;0
8868;Mannen;15 tot 20 jaar;Sector landbouw;L Verhuur en handel van onroerend goed;2009/'10;0;0;0;0;0;0;0;0;0;0;0;0;0;0;0
8869;Mannen;15 tot 20 jaar;Sector landbouw;L Verhuur en handel van onroerend goed;2010/'11;0;0;0;0;0;0;0;0;0;0;0;0;0;0;0
8870;Mannen;15 tot 20 jaar;Sector landbouw;L Verhuur en handel van onroerend goed;2011/'12;0;0;0;0;0;0;0;0;0;0;0;0;0;0;0
8871;Mannen;15 tot 20 jaar;Sector landbouw;L Verhuur en handel van onroerend goed;2012/'13;1;0;0;1;0;0;1;0;0;0;0;0;0;1;0
8872;Mannen;15 tot 20 jaar;Sector landbouw;L Verhuur en handel van onroerend goed;2013/'14;0;0;0;0;0;0;0;0;0;0;0;0;0;0;0
8873;Mannen;15 tot 20 jaar;Sector landbouw;L Verhuur en handel van onroerend goed;2014/'15;0;0;0;0;0;0;0;0;0;0;0;0;0;0;0
8874;Mannen;15 tot 20 jaar;Sector landbouw;L Verhuur en handel van onroerend goed;2015/'16;0;0;0;0;0;0;0;0;0;0;0;0;0;0;0
8875;Mannen;15 tot 20 jaar;Sector landbouw;L Verhuur en handel van onroerend goed;2016/'17;0;0;0;0;0;0;0;0;0;0;0;0;0;0;0
8876;Mannen;15 tot 20 jaar;Sector landbouw;L Verhuur en handel van onroerend goed;2017/'18;0;0;0;0;0;0;0;0;0;0;0;0;0;0;0
8877;Mannen;15 tot 20 jaar;Sector landbouw;L Verhuur en handel van onroerend goed;2018/'19;0;0;0;0;0;0;0;0;0;0;0;0;0;0;0
8878;Mannen;15 tot 20 jaar;Sector landbouw;L Verhuur en handel van onroerend goed;2019/'20;0;0;0;0;0;0;0;0;0;0;0;0;0;0;0
8879;Mannen;15 tot 20 jaar;Sector landbouw;L Verhuur en handel van onroerend goed;2020/'21;0;0;0;0;0;0;0;0;0;0;0;0;0;0;0
8880;Mannen;15 tot 20 jaar;Sector landbouw;M-N Zakelijke dienstverlening;2009/'10;16;3;8;3;2;9;7;0;6;1;2;3;2;2;0
8881;Mannen;15 tot 20 jaar;Sector landbouw;M-N Zakelijke dienstverlening;2010/'11;9;1;3;4;1;3;6;0;1;1;1;1;2;3;0
8882;Mannen;15 tot 20 jaar;Sector landbouw;M-N Zakelijke dienstverlening;2011/'12;17;7;4;3;3;7;10;3;0;1;3;4;4;2;0
8883;Mannen;15 tot 20 jaar;Sector landbouw;M-N Zakelijke dienstverlening;2012/'13;4;0;1;0;3;3;1;0;0;0;3;0;1;0;0
8884;Mannen;15 tot 20 jaar;Sector landbouw;M-N Zakelijke dienstverlening;2013/'14;4;0;4;0;0;1;3;0;1;0;0;0;3;0;0
8885;Mannen;15 tot 20 jaar;Sector landbouw;M-N Zakelijke dienstverlening;2014/'15;7;1;1;2;3;6;1;1;1;1;3;0;0;1;0
8886;Mannen;15 tot 20 jaar;Sector landbouw;M-N Zakelijke dienstverlening;2015/'16;8;3;1;4;0;5;3;1;0;4;0;2;1;0;0
8887;Mannen;15 tot 20 jaar;Sector landbouw;M-N Zakelijke dienstverlening;2016/'17;2;0;2;0;0;0;2;0;0;0;0;0;2;0;0
8888;Mannen;15 tot 20 jaar;Sector landbouw;M-N Zakelijke dienstverlening;2017/'18;8;0;1;0;7;6;2;0;0;0;6;0;1;0;1
8889;Mannen;15 tot 20 jaar;Sector landbouw;M-N Zakelijke dienstverlening;2018/'19;7;0;3;2;2;2;5;0;0;0;2;0;3;2;0
8890;Mannen;15 tot 20 jaar;Sector landbouw;M-N Zakelijke dienstverlening;2019/'20;5;0;3;1;1;1;4;0;1;0;0;0;2;1;1
8891;Mannen;15 tot 20 jaar;Sector landbouw;M-N Zakelijke dienstverlening;2020/'21;4;2;1;0;1;2;2;0;1;0;1;2;0;0;0
8892;Mannen;15 tot 20 jaar;Sector landbouw;O-Q Overheid en zorg;2009/'10;2;1;1;0;0;0;2;0;0;0;0;1;1;0;0
8893;Mannen;15 tot 20 jaar;Sector landbouw;O-Q Overheid en zorg;2010/'11;3;2;0;1;0;0;3;0;0;0;0;2;0;1;0
8894;Mannen;15 tot 20 jaar;Sector landbouw;O-Q Overheid en zorg;2011/'12;1;0;0;0;1;0;1;0;0;0;0;0;0;0;1
8895;Mannen;15 tot 20 jaar;Sector landbouw;O-Q Overheid en zorg;2012/'13;0;0;0;0;0;0;0;0;0;0;0;0;0;0;0
8896;Mannen;15 tot 20 jaar;Sector landbouw;O-Q Overheid en zorg;2013/'14;1;0;1;0;0;0;1;0;0;0;0;0;1;0;0
8897;Mannen;15 tot 20 jaar;Sector landbouw;O-Q Overheid en zorg;2014/'15;1;1;0;0;0;0;1;0;0;0;0;1;0;0;0
8898;Mannen;15 tot 20 jaar;Sector landbouw;O-Q Overheid en zorg;2015/'16;1;1;0;0;0;0;1;0;0;0;0;1;0;0;0
8899;Mannen;15 tot 20 jaar;Sector landbouw;O-Q Overheid en zorg;2016/'17;1;0;1;0;0;0;1;0;0;0;0;0;1;0;0
8900;Mannen;15 tot 20 jaar;Sector landbouw;O-Q Overheid en zorg;2017/'18;1;0;0;1;0;0;1;0;0;0;0;0;0;1;0
8901;Mannen;15 tot 20 jaar;Sector landbouw;O-Q Overheid en zorg;2018/'19;0;0;0;0;0;0;0;0;0;0;0;0;0;0;0
8902;Mannen;15 tot 20 jaar;Sector landbouw;O-Q Overheid en zorg;2019/'20;1;0;0;1;0;1;0;0;0;1;0;0;0;0;0
8903;Mannen;15 tot 20 jaar;Sector landbouw;O-Q Overheid en zorg;2020/'21;0;0;0;0;0;0;0;0;0;0;0;0;0;0;0
8904;Mannen;15 tot 20 jaar;Sector landbouw;R-U Cultuur, recreatie, overige diensten;2009/'10;1;0;0;0;1;1;0;0;0;0;1;0;0;0;0
8905;Mannen;15 tot 20 jaar;Sector landbouw;R-U Cultuur, recreatie, overige diensten;2010/'11;1;1;0;0;0;0;1;0;0;0;0;1;0;0;0
8906;Mannen;15 tot 20 jaar;Sector landbouw;R-U Cultuur, recreatie, overige diensten;2011/'12;1;0;0;0;1;1;0;0;0;0;1;0;0;0;0
8907;Mannen;15 tot 20 jaar;Sector landbouw;R-U Cultuur, recreatie, overige diensten;2012/'13;1;1;0;0;0;1;0;1;0;0;0;0;0;0;0
8908;Mannen;15 tot 20 jaar;Sector landbouw;R-U Cultuur, recreatie, overige diensten;2013/'14;1;1;0;0;0;0;1;0;0;0;0;1;0;0;0
8909;Mannen;15 tot 20 jaar;Sector landbouw;R-U Cultuur, recreatie, overige diensten;2014/'15;2;1;0;0;1;2;0;1;0;0;1;0;0;0;0
8910;Mannen;15 tot 20 jaar;Sector landbouw;R-U Cultuur, recreatie, overige diensten;2015/'16;3;1;1;0;1;3;0;1;1;0;1;0;0;0;0
8911;Mannen;15 tot 20 jaar;Sector landbouw;R-U Cultuur, recreatie, overige diensten;2016/'17;0;0;0;0;0;0;0;0;0;0;0;0;0;0;0
8912;Mannen;15 tot 20 jaar;Sector landbouw;R-U Cultuur, recreatie, overige diensten;2017/'18;0;0;0;0;0;0;0;0;0;0;0;0;0;0;0
8913;Mannen;15 tot 20 jaar;Sector landbouw;R-U Cultuur, recreatie, overige diensten;2018/'19;0;0;0;0;0;0;0;0;0;0;0;0;0;0;0
8914;Mannen;15 tot 20 jaar;Sector landbouw;R-U Cultuur, recreatie, overige diensten;2019/'20;0;0;0;0;0;0;0;0;0;0;0;0;0;0;0
8915;Mannen;15 tot 20 jaar;Sector landbouw;R-U Cultuur, recreatie, overige diensten;2020/'21;1;1;0;0;0;0;1;0;0;0;0;1;0;0;0
8916;Mannen;15 tot 20 jaar;Sector landbouw;SBI-code onbekend;2009/'10;0;0;0;0;0;0;0;0;0;0;0;0;0;0;0
8917;Mannen;15 tot 20 jaar;Sector landbouw;SBI-code onbekend;2010/'11;0;0;0;0;0;0;0;0;0;0;0;0;0;0;0
8918;Mannen;15 tot 20 jaar;Sector landbouw;SBI-code onbekend;2011/'12;1;0;0;0;1;1;0;0;0;0;1;0;0;0;0
8919;Mannen;15 tot 20 jaar;Sector landbouw;SBI-code onbekend;2012/'13;0;0;0;0;0;0;0;0;0;0;0;0;0;0;0
8920;Mannen;15 tot 20 jaar;Sector landbouw;SBI-code onbekend;2013/'14;0;0;0;0;0;0;0;0;0;0;0;0;0;0;0
8921;Mannen;15 tot 20 jaar;Sector landbouw;SBI-code onbekend;2014/'15;0;0;0;0;0;0;0;0;0;0;0;0;0;0;0
8922;Mannen;15 tot 20 jaar;Sector landbouw;SBI-code onbekend;2015/'16;0;0;0;0;0;0;0;0;0;0;0;0;0;0;0
8923;Mannen;15 tot 20 jaar;Sector landbouw;SBI-code onbekend;2016/'17;0;0;0;0;0;0;0;0;0;0;0;0;0;0;0
8924;Mannen;15 tot 20 jaar;Sector landbouw;SBI-code onbekend;2017/'18;0;0;0;0;0;0;0;0;0;0;0;0;0;0;0
8925;Mannen;15 tot 20 jaar;Sector landbouw;SBI-code onbekend;2018/'19;0;0;0;0;0;0;0;0;0;0;0;0;0;0;0
8926;Mannen;15 tot 20 jaar;Sector landbouw;SBI-code onbekend;2019/'20;0;0;0;0;0;0;0;0;0;0;0;0;0;0;0
8927;Mannen;15 tot 20 jaar;Sector landbouw;SBI-code onbekend;2020/'21;0;0;0;0;0;0;0;0;0;0;0;0;0;0;0
8928;Mannen;15 tot 20 jaar;Sector economie;A-U Alle economische activiteiten;2009/'10;438;28;194;98;118;291;147;15;105;61;110;13;89;37;8
8929;Mannen;15 tot 20 jaar;Sector economie;A-U Alle economische activiteiten;2010/'11;357;26;139;90;102;244;113;11;79;64;90;15;60;26;12
8930;Mannen;15 tot 20 jaar;Sector economie;A-U Alle economische activiteiten;2011/'12;331;27;149;66;89;239;92;11;92;53;83;16;57;13;6
8931;Mannen;15 tot 20 jaar;Sector economie;A-U Alle economische activiteiten;2012/'13;325;37;124;73;91;225;100;21;69;46;89;16;55;27;2
8932;Mannen;15 tot 20 jaar;Sector economie;A-U Alle economische activiteiten;2013/'14;338;29;137;76;96;250;88;16;92;55;87;13;45;21;9
8933;Mannen;15 tot 20 jaar;Sector economie;A-U Alle economische activiteiten;2014/'15;306;15;123;50;118;237;69;9;87;38;103;6;36;12;15
8934;Mannen;15 tot 20 jaar;Sector economie;A-U Alle economische activiteiten;2015/'16;298;9;107;73;109;242;56;5;86;53;98;4;21;20;11
8935;Mannen;15 tot 20 jaar;Sector economie;A-U Alle economische activiteiten;2016/'17;153;0;46;32;75;115;38;0;26;20;69;0;20;12;6
8936;Mannen;15 tot 20 jaar;Sector economie;A-U Alle economische activiteiten;2017/'18;150;0;37;31;82;117;33;0;23;20;74;0;14;11;8
8937;Mannen;15 tot 20 jaar;Sector economie;A-U Alle economische activiteiten;2018/'19;169;0;48;26;95;121;48;0;25;13;83;0;23;13;12
8938;Mannen;15 tot 20 jaar;Sector economie;A-U Alle economische activiteiten;2019/'20;195;0;51;30;114;141;54;0;30;16;95;0;21;14;19
8939;Mannen;15 tot 20 jaar;Sector economie;A-U Alle economische activiteiten;2020/'21;181;0;29;37;115;131;50;0;16;14;101;0;13;23;14
8940;Mannen;15 tot 20 jaar;Sector economie;A Landbouw, bosbouw en visserij;2009/'10;11;0;5;3;3;10;1;0;4;3;3;0;1;0;0
8941;Mannen;15 tot 20 jaar;Sector economie;A Landbouw, bosbouw en visserij;2010/'11;13;2;5;2;4;10;3;1;4;2;3;1;1;0;1
8942;Mannen;15 tot 20 jaar;Sector economie;A Landbouw, bosbouw en visserij;2011/'12;12;0;6;2;4;11;1;0;5;2;4;0;1;0;0
8943;Mannen;15 tot 20 jaar;Sector economie;A Landbouw, bosbouw en visserij;2012/'13;9;1;3;1;4;7;2;1;2;1;3;0;1;0;1
8944;Mannen;15 tot 20 jaar;Sector economie;A Landbouw, bosbouw en visserij;2013/'14;8;0;4;3;1;5;3;0;1;3;1;0;3;0;0
8945;Mannen;15 tot 20 jaar;Sector economie;A Landbouw, bosbouw en visserij;2014/'15;9;1;2;0;6;9;0;1;2;0;6;0;0;0;0
8946;Mannen;15 tot 20 jaar;Sector economie;A Landbouw, bosbouw en visserij;2015/'16;6;0;4;2;0;6;0;0;4;2;0;0;0;0;0
8947;Mannen;15 tot 20 jaar;Sector economie;A Landbouw, bosbouw en visserij;2016/'17;1;0;0;0;1;1;0;0;0;0;1;0;0;0;0
8948;Mannen;15 tot 20 jaar;Sector economie;A Landbouw, bosbouw en visserij;2017/'18;2;0;0;1;1;2;0;0;0;1;1;0;0;0;0
8949;Mannen;15 tot 20 jaar;Sector economie;A Landbouw, bosbouw en visserij;2018/'19;3;0;1;2;0;0;3;0;0;0;0;0;1;2;0
8950;Mannen;15 tot 20 jaar;Sector economie;A Landbouw, bosbouw en visserij;2019/'20;3;0;2;0;1;2;1;0;1;0;1;0;1;0;0
8951;Mannen;15 tot 20 jaar;Sector economie;A Landbouw, bosbouw en visserij;2020/'21;3;0;0;0;3;2;1;0;0;0;2;0;0;0;1
8952;Mannen;15 tot 20 jaar;Sector economie;B-E Nijverheid (geen bouw) en energie;2009/'10;11;0;4;3;4;8;3;0;1;3;4;0;3;0;0
8953;Mannen;15 tot 20 jaar;Sector economie;B-E Nijverheid (geen bouw) en energie;2010/'11;6;2;2;2;0;3;3;1;1;1;0;1;1;1;0
8954;Mannen;15 tot 20 jaar;Sector economie;B-E Nijverheid (geen bouw) en energie;2011/'12;6;0;5;1;0;5;1;0;4;1;0;0;1;0;0
8955;Mannen;15 tot 20 jaar;Sector economie;B-E Nijverheid (geen bouw) en energie;2012/'13;6;1;4;1;0;5;1;1;4;0;0;0;0;1;0
8956;Mannen;15 tot 20 jaar;Sector economie;B-E Nijverheid (geen bouw) en energie;2013/'14;5;0;3;1;1;5;0;0;3;1;1;0;0;0;0
8957;Mannen;15 tot 20 jaar;Sector economie;B-E Nijverheid (geen bouw) en energie;2014/'15;5;1;2;0;2;2;3;0;1;0;1;1;1;0;1
8958;Mannen;15 tot 20 jaar;Sector economie;B-E Nijverheid (geen bouw) en energie;2015/'16;6;0;3;2;1;2;4;0;1;0;1;0;2;2;0
8959;Mannen;15 tot 20 jaar;Sector economie;B-E Nijverheid (geen bouw) en energie;2016/'17;2;0;1;1;0;2;0;0;1;1;0;0;0;0;0
8960;Mannen;15 tot 20 jaar;Sector economie;B-E Nijverheid (geen bouw) en energie;2017/'18;2;0;0;1;1;2;0;0;0;1;1;0;0;0;0
8961;Mannen;15 tot 20 jaar;Sector economie;B-E Nijverheid (geen bouw) en energie;2018/'19;6;0;0;2;4;3;3;0;0;0;3;0;0;2;1
8962;Mannen;15 tot 20 jaar;Sector economie;B-E Nijverheid (geen bouw) en energie;2019/'20;7;0;5;1;1;4;3;0;2;1;1;0;3;0;0
8963;Mannen;15 tot 20 jaar;Sector economie;B-E Nijverheid (geen bouw) en energie;2020/'21;3;0;0;2;1;3;0;0;0;2;1;0;0;0;0
8964;Mannen;15 tot 20 jaar;Sector economie;F Bouwnijverheid;2009/'10;8;1;6;0;1;6;2;1;4;0;1;0;2;0;0
8965;Mannen;15 tot 20 jaar;Sector economie;F Bouwnijverheid;2010/'11;7;1;3;3;0;5;2;0;2;3;0;1;1;0;0
8966;Mannen;15 tot 20 jaar;Sector economie;F Bouwnijverheid;2011/'12;6;1;2;2;1;4;2;0;2;1;1;1;0;1;0
8967;Mannen;15 tot 20 jaar;Sector economie;F Bouwnijverheid;2012/'13;5;0;4;0;1;2;3;0;1;0;1;0;3;0;0
8968;Mannen;15 tot 20 jaar;Sector economie;F Bouwnijverheid;2013/'14;3;0;2;0;1;2;1;0;1;0;1;0;1;0;0
8969;Mannen;15 tot 20 jaar;Sector economie;F Bouwnijverheid;2014/'15;2;0;1;0;1;2;0;0;1;0;1;0;0;0;0
8970;Mannen;15 tot 20 jaar;Sector economie;F Bouwnijverheid;2015/'16;2;0;2;0;0;2;0;0;2;0;0;0;0;0;0
8971;Mannen;15 tot 20 jaar;Sector economie;F Bouwnijverheid;2016/'17;1;0;0;1;0;1;0;0;0;1;0;0;0;0;0
8972;Mannen;15 tot 20 jaar;Sector economie;F Bouwnijverheid;2017/'18;2;0;1;1;0;1;1;0;1;0;0;0;0;1;0
8973;Mannen;15 tot 20 jaar;Sector economie;F Bouwnijverheid;2018/'19;1;0;1;0;0;1;0;0;1;0;0;0;0;0;0
8974;Mannen;15 tot 20 jaar;Sector economie;F Bouwnijverheid;2019/'20;1;0;0;0;1;1;0;0;0;0;1;0;0;0;0
8975;Mannen;15 tot 20 jaar;Sector economie;F Bouwnijverheid;2020/'21;1;0;1;0;0;0;1;0;0;0;0;0;1;0;0
8976;Mannen;15 tot 20 jaar;Sector economie;G-I Handel, vervoer en horeca;2009/'10;255;19;118;53;65;163;92;9;62;32;60;10;56;21;5
8977;Mannen;15 tot 20 jaar;Sector economie;G-I Handel, vervoer en horeca;2010/'11;230;12;97;60;61;153;77;5;57;39;52;7;40;21;9
8978;Mannen;15 tot 20 jaar;Sector economie;G-I Handel, vervoer en horeca;2011/'12;234;18;105;46;65;162;72;6;63;34;59;12;42;12;6
8979;Mannen;15 tot 20 jaar;Sector economie;G-I Handel, vervoer en horeca;2012/'13;233;28;92;54;59;156;77;15;48;35;58;13;44;19;1
8980;Mannen;15 tot 20 jaar;Sector economie;G-I Handel, vervoer en horeca;2013/'14;267;20;110;65;72;193;74;11;71;47;64;9;39;18;8
8981;Mannen;15 tot 20 jaar;Sector economie;G-I Handel, vervoer en horeca;2014/'15;239;10;97;43;89;185;54;5;69;33;78;5;28;10;11
8982;Mannen;15 tot 20 jaar;Sector economie;G-I Handel, vervoer en horeca;2015/'16;218;6;76;56;80;177;41;2;60;45;70;4;16;11;10
8983;Mannen;15 tot 20 jaar;Sector economie;G-I Handel, vervoer en horeca;2016/'17;115;0;35;22;58;81;34;0;17;12;52;0;18;10;6
8984;Mannen;15 tot 20 jaar;Sector economie;G-I Handel, vervoer en horeca;2017/'18;114;0;29;27;58;87;27;0;18;18;51;0;11;9;7
8985;Mannen;15 tot 20 jaar;Sector economie;G-I Handel, vervoer en horeca;2018/'19;123;0;32;15;76;89;34;0;16;8;65;0;16;7;11
8986;Mannen;15 tot 20 jaar;Sector economie;G-I Handel, vervoer en horeca;2019/'20;133;0;33;24;76;97;36;0;19;12;66;0;14;12;10
8987;Mannen;15 tot 20 jaar;Sector economie;G-I Handel, vervoer en horeca;2020/'21;131;0;20;26;85;92;39;0;12;6;74;0;8;20;11
8988;Mannen;15 tot 20 jaar;Sector economie;J Informatie en communicatie;2009/'10;3;1;0;2;0;3;0;1;0;2;0;0;0;0;0
8989;Mannen;15 tot 20 jaar;Sector economie;J Informatie en communicatie;2010/'11;2;0;0;1;1;1;1;0;0;0;1;0;0;1;0
8990;Mannen;15 tot 20 jaar;Sector economie;J Informatie en communicatie;2011/'12;3;0;1;1;1;3;0;0;1;1;1;0;0;0;0
8991;Mannen;15 tot 20 jaar;Sector economie;J Informatie en communicatie;2012/'13;0;0;0;0;0;0;0;0;0;0;0;0;0;0;0
8992;Mannen;15 tot 20 jaar;Sector economie;J Informatie en communicatie;2013/'14;5;1;1;2;1;1;4;1;0;0;0;0;1;2;1
8993;Mannen;15 tot 20 jaar;Sector economie;J Informatie en communicatie;2014/'15;1;0;0;0;1;1;0;0;0;0;1;0;0;0;0
8994;Mannen;15 tot 20 jaar;Sector economie;J Informatie en communicatie;2015/'16;1;0;0;0;1;1;0;0;0;0;1;0;0;0;0
8995;Mannen;15 tot 20 jaar;Sector economie;J Informatie en communicatie;2016/'17;0;0;0;0;0;0;0;0;0;0;0;0;0;0;0
8996;Mannen;15 tot 20 jaar;Sector economie;J Informatie en communicatie;2017/'18;0;0;0;0;0;0;0;0;0;0;0;0;0;0;0
8997;Mannen;15 tot 20 jaar;Sector economie;J Informatie en communicatie;2018/'19;0;0;0;0;0;0;0;0;0;0;0;0;0;0;0
8998;Mannen;15 tot 20 jaar;Sector economie;J Informatie en communicatie;2019/'20;3;0;1;1;1;2;1;0;1;0;1;0;0;1;0
8999;Mannen;15 tot 20 jaar;Sector economie;J Informatie en communicatie;2020/'21;0;0;0;0;0;0;0;0;0;0;0;0;0;0;0
9000;Mannen;15 tot 20 jaar;Sector economie;K Financiële dienstverlening;2009/'10;1;0;0;1;0;1;0;0;0;1;0;0;0;0;0
9001;Mannen;15 tot 20 jaar;Sector economie;K Financiële dienstverlening;2010/'11;1;0;1;0;0;0;1;0;0;0;0;0;1;0;0
9002;Mannen;15 tot 20 jaar;Sector economie;K Financiële dienstverlening;2011/'12;3;0;2;1;0;2;1;0;1;1;0;0;1;0;0
9003;Mannen;15 tot 20 jaar;Sector economie;K Financiële dienstverlening;2012/'13;0;0;0;0;0;0;0;0;0;0;0;0;0;0;0
9004;Mannen;15 tot 20 jaar;Sector economie;K Financiële dienstverlening;2013/'14;3;0;1;0;2;3;0;0;1;0;2;0;0;0;0
9005;Mannen;15 tot 20 jaar;Sector economie;K Financiële dienstverlening;2014/'15;1;0;0;0;1;0;1;0;0;0;0;0;0;0;1
9006;Mannen;15 tot 20 jaar;Sector economie;K Financiële dienstverlening;2015/'16;1;0;1;0;0;1;0;0;1;0;0;0;0;0;0
9007;Mannen;15 tot 20 jaar;Sector economie;K Financiële dienstverlening;2016/'17;0;0;0;0;0;0;0;0;0;0;0;0;0;0;0
9008;Mannen;15 tot 20 jaar;Sector economie;K Financiële dienstverlening;2017/'18;0;0;0;0;0;0;0;0;0;0;0;0;0;0;0
9009;Mannen;15 tot 20 jaar;Sector economie;K Financiële dienstverlening;2018/'19;0;0;0;0;0;0;0;0;0;0;0;0;0;0;0
9010;Mannen;15 tot 20 jaar;Sector economie;K Financiële dienstverlening;2019/'20;0;0;0;0;0;0;0;0;0;0;0;0;0;0;0
9011;Mannen;15 tot 20 jaar;Sector economie;K Financiële dienstverlening;2020/'21;1;0;0;0;1;1;0;0;0;0;1;0;0;0;0
9012;Mannen;15 tot 20 jaar;Sector economie;L Verhuur en handel van onroerend goed;2009/'10;2;0;0;2;0;0;2;0;0;0;0;0;0;2;0
9013;Mannen;15 tot 20 jaar;Sector economie;L Verhuur en handel van onroerend goed;2010/'11;1;0;0;0;1;1;0;0;0;0;1;0;0;0;0
9014;Mannen;15 tot 20 jaar;Sector economie;L Verhuur en handel van onroerend goed;2011/'12;0;0;0;0;0;0;0;0;0;0;0;0;0;0;0
9015;Mannen;15 tot 20 jaar;Sector economie;L Verhuur en handel van onroerend goed;2012/'13;0;0;0;0;0;0;0;0;0;0;0;0;0;0;0
9016;Mannen;15 tot 20 jaar;Sector economie;L Verhuur en handel van onroerend goed;2013/'14;0;0;0;0;0;0;0;0;0;0;0;0;0;0;0
9017;Mannen;15 tot 20 jaar;Sector economie;L Verhuur en handel van onroerend goed;2014/'15;1;0;0;0;1;1;0;0;0;0;1;0;0;0;0
9018;Mannen;15 tot 20 jaar;Sector economie;L Verhuur en handel van onroerend goed;2015/'16;0;0;0;0;0;0;0;0;0;0;0;0;0;0;0
9019;Mannen;15 tot 20 jaar;Sector economie;L Verhuur en handel van onroerend goed;2016/'17;0;0;0;0;0;0;0;0;0;0;0;0;0;0;0
9020;Mannen;15 tot 20 jaar;Sector economie;L Verhuur en handel van onroerend goed;2017/'18;0;0;0;0;0;0;0;0;0;0;0;0;0;0;0
9021;Mannen;15 tot 20 jaar;Sector economie;L Verhuur en handel van onroerend goed;2018/'19;0;0;0;0;0;0;0;0;0;0;0;0;0;0;0
9022;Mannen;15 tot 20 jaar;Sector economie;L Verhuur en handel van onroerend goed;2019/'20;0;0;0;0;0;0;0;0;0;0;0;0;0;0;0
9023;Mannen;15 tot 20 jaar;Sector economie;L Verhuur en handel van onroerend goed;2020/'21;0;0;0;0;0;0;0;0;0;0;0;0;0;0;0
9024;Mannen;15 tot 20 jaar;Sector economie;M-N Zakelijke dienstverlening;2009/'10;123;6;50;31;36;87;36;3;30;20;34;3;20;11;2
9025;Mannen;15 tot 20 jaar;Sector economie;M-N Zakelijke dienstverlening;2010/'11;62;6;19;12;25;46;16;1;10;10;25;5;9;2;0
9026;Mannen;15 tot 20 jaar;Sector economie;M-N Zakelijke dienstverlening;2011/'12;45;6;16;7;16;34;11;3;8;7;16;3;8;0;0
9027;Mannen;15 tot 20 jaar;Sector economie;M-N Zakelijke dienstverlening;2012/'13;51;5;15;12;19;40;11;3;11;7;19;2;4;5;0
9028;Mannen;15 tot 20 jaar;Sector economie;M-N Zakelijke dienstverlening;2013/'14;33;5;12;3;13;28;5;1;12;2;13;4;0;1;0
9029;Mannen;15 tot 20 jaar;Sector economie;M-N Zakelijke dienstverlening;2014/'15;36;2;15;5;14;28;8;2;10;4;12;0;5;1;2
9030;Mannen;15 tot 20 jaar;Sector economie;M-N Zakelijke dienstverlening;2015/'16;52;2;16;12;22;41;11;2;13;5;21;0;3;7;1
9031;Mannen;15 tot 20 jaar;Sector economie;M-N Zakelijke dienstverlening;2016/'17;30;0;10;7;13;26;4;0;8;5;13;0;2;2;0
9032;Mannen;15 tot 20 jaar;Sector economie;M-N Zakelijke dienstverlening;2017/'18;26;0;6;1;19;21;5;0;3;0;18;0;3;1;1
9033;Mannen;15 tot 20 jaar;Sector economie;M-N Zakelijke dienstverlening;2018/'19;31;0;12;6;13;23;8;0;6;4;13;0;6;2;0
9034;Mannen;15 tot 20 jaar;Sector economie;M-N Zakelijke dienstverlening;2019/'20;45;0;9;3;33;32;13;0;6;2;24;0;3;1;9
9035;Mannen;15 tot 20 jaar;Sector economie;M-N Zakelijke dienstverlening;2020/'21;32;0;7;8;17;25;7;0;3;6;16;0;4;2;1
9036;Mannen;15 tot 20 jaar;Sector economie;O-Q Overheid en zorg;2009/'10;14;0;9;2;3;7;7;0;4;0;3;0;5;2;0
9037;Mannen;15 tot 20 jaar;Sector economie;O-Q Overheid en zorg;2010/'11;20;3;6;7;4;13;7;3;2;6;2;0;4;1;2
9038;Mannen;15 tot 20 jaar;Sector economie;O-Q Overheid en zorg;2011/'12;16;2;10;4;0;12;4;2;6;4;0;0;4;0;0
9039;Mannen;15 tot 20 jaar;Sector economie;O-Q Overheid en zorg;2012/'13;9;0;2;3;4;6;3;0;1;1;4;0;1;2;0
9040;Mannen;15 tot 20 jaar;Sector economie;O-Q Overheid en zorg;2013/'14;4;2;1;1;0;4;0;2;1;1;0;0;0;0;0
9041;Mannen;15 tot 20 jaar;Sector economie;O-Q Overheid en zorg;2014/'15;3;0;2;1;0;2;1;0;2;0;0;0;0;1;0
9042;Mannen;15 tot 20 jaar;Sector economie;O-Q Overheid en zorg;2015/'16;5;1;1;0;3;5;0;1;1;0;3;0;0;0;0
9043;Mannen;15 tot 20 jaar;Sector economie;O-Q Overheid en zorg;2016/'17;1;0;0;1;0;1;0;0;0;1;0;0;0;0;0
9044;Mannen;15 tot 20 jaar;Sector economie;O-Q Overheid en zorg;2017/'18;2;0;1;0;1;2;0;0;1;0;1;0;0;0;0
9045;Mannen;15 tot 20 jaar;Sector economie;O-Q Overheid en zorg;2018/'19;0;0;0;0;0;0;0;0;0;0;0;0;0;0;0
9046;Mannen;15 tot 20 jaar;Sector economie;O-Q Overheid en zorg;2019/'20;1;0;1;0;0;1;0;0;1;0;0;0;0;0;0
9047;Mannen;15 tot 20 jaar;Sector economie;O-Q Overheid en zorg;2020/'21;1;0;0;0;1;1;0;0;0;0;1;0;0;0;0
9048;Mannen;15 tot 20 jaar;Sector economie;R-U Cultuur, recreatie, overige diensten;2009/'10;10;1;2;1;6;6;4;1;0;0;5;0;2;1;1
9049;Mannen;15 tot 20 jaar;Sector economie;R-U Cultuur, recreatie, overige diensten;2010/'11;13;0;5;3;5;10;3;0;2;3;5;0;3;0;0
9050;Mannen;15 tot 20 jaar;Sector economie;R-U Cultuur, recreatie, overige diensten;2011/'12;6;0;2;2;2;6;0;0;2;2;2;0;0;0;0
9051;Mannen;15 tot 20 jaar;Sector economie;R-U Cultuur, recreatie, overige diensten;2012/'13;11;2;4;2;3;8;3;1;2;2;3;1;2;0;0
9052;Mannen;15 tot 20 jaar;Sector economie;R-U Cultuur, recreatie, overige diensten;2013/'14;10;1;3;1;5;9;1;1;2;1;5;0;1;0;0
9053;Mannen;15 tot 20 jaar;Sector economie;R-U Cultuur, recreatie, overige diensten;2014/'15;8;0;4;1;3;6;2;0;2;1;3;0;2;0;0
9054;Mannen;15 tot 20 jaar;Sector economie;R-U Cultuur, recreatie, overige diensten;2015/'16;7;0;4;1;2;7;0;0;4;1;2;0;0;0;0
9055;Mannen;15 tot 20 jaar;Sector economie;R-U Cultuur, recreatie, overige diensten;2016/'17;2;0;0;0;2;2;0;0;0;0;2;0;0;0;0
9056;Mannen;15 tot 20 jaar;Sector economie;R-U Cultuur, recreatie, overige diensten;2017/'18;2;0;0;0;2;2;0;0;0;0;2;0;0;0;0
9057;Mannen;15 tot 20 jaar;Sector economie;R-U Cultuur, recreatie, overige diensten;2018/'19;5;0;2;1;2;5;0;0;2;1;2;0;0;0;0
9058;Mannen;15 tot 20 jaar;Sector economie;R-U Cultuur, recreatie, overige diensten;2019/'20;2;0;0;1;1;2;0;0;0;1;1;0;0;0;0
9059;Mannen;15 tot 20 jaar;Sector economie;R-U Cultuur, recreatie, overige diensten;2020/'21;9;0;1;1;7;7;2;0;1;0;6;0;0;1;1
9060;Mannen;15 tot 20 jaar;Sector economie;SBI-code onbekend;2009/'10;0;0;0;0;0;0;0;0;0;0;0;0;0;0;0
9061;Mannen;15 tot 20 jaar;Sector economie;SBI-code onbekend;2010/'11;2;0;1;0;1;2;0;0;1;0;1;0;0;0;0
9062;Mannen;15 tot 20 jaar;Sector economie;SBI-code onbekend;2011/'12;0;0;0;0;0;0;0;0;0;0;0;0;0;0;0
9063;Mannen;15 tot 20 jaar;Sector economie;SBI-code onbekend;2012/'13;1;0;0;0;1;1;0;0;0;0;1;0;0;0;0
9064;Mannen;15 tot 20 jaar;Sector economie;SBI-code onbekend;2013/'14;0;0;0;0;0;0;0;0;0;0;0;0;0;0;0
9065;Mannen;15 tot 20 jaar;Sector economie;SBI-code onbekend;2014/'15;1;1;0;0;0;1;0;1;0;0;0;0;0;0;0
9066;Mannen;15 tot 20 jaar;Sector economie;SBI-code onbekend;2015/'16;0;0;0;0;0;0;0;0;0;0;0;0;0;0;0
9067;Mannen;15 tot 20 jaar;Sector economie;SBI-code onbekend;2016/'17;1;0;0;0;1;1;0;0;0;0;1;0;0;0;0
9068;Mannen;15 tot 20 jaar;Sector economie;SBI-code onbekend;2017/'18;0;0;0;0;0;0;0;0;0;0;0;0;0;0;0
9069;Mannen;15 tot 20 jaar;Sector economie;SBI-code onbekend;2018/'19;0;0;0;0;0;0;0;0;0;0;0;0;0;0;0
9070;Mannen;15 tot 20 jaar;Sector economie;SBI-code onbekend;2019/'20;0;0;0;0;0;0;0;0;0;0;0;0;0;0;0
9071;Mannen;15 tot 20 jaar;Sector economie;SBI-code onbekend;2020/'21;0;0;0;0;0;0;0;0;0;0;0;0;0;0;0
9072;Mannen;15 tot 20 jaar;Sector techniek;A-U Alle economische activiteiten;2009/'10;407;44;202;35;126;193;214;15;44;14;120;29;158;21;6
9073;Mannen;15 tot 20 jaar;Sector techniek;A-U Alle economische activiteiten;2010/'11;358;40;187;34;97;168;190;14;43;18;93;26;144;16;4
9074;Mannen;15 tot 20 jaar;Sector techniek;A-U Alle economische activiteiten;2011/'12;338;46;173;36;83;154;184;15;44;17;78;31;129;19;5
9075;Mannen;15 tot 20 jaar;Sector techniek;A-U Alle economische activiteiten;2012/'13;332;37;143;29;123;207;125;19;52;16;120;18;91;13;3
9076;Mannen;15 tot 20 jaar;Sector techniek;A-U Alle economische activiteiten;2013/'14;289;26;131;24;108;198;91;13;63;19;103;13;68;5;5
9077;Mannen;15 tot 20 jaar;Sector techniek;A-U Alle economische activiteiten;2014/'15;317;76;113;25;103;223;94;60;46;18;99;16;67;7;4
9078;Mannen;15 tot 20 jaar;Sector techniek;A-U Alle economische activiteiten;2015/'16;351;89;129;34;99;261;90;76;68;20;97;13;61;14;2
9079;Mannen;15 tot 20 jaar;Sector techniek;A-U Alle economische activiteiten;2016/'17;141;1;42;42;56;75;66;0;12;12;51;1;30;30;5
9080;Mannen;15 tot 20 jaar;Sector techniek;A-U Alle economische activiteiten;2017/'18;150;0;49;38;63;81;69;0;15;10;56;0;34;28;7
9081;Mannen;15 tot 20 jaar;Sector techniek;A-U Alle economische activiteiten;2018/'19;141;0;46;33;62;67;74;0;8;8;51;0;38;25;11
9082;Mannen;15 tot 20 jaar;Sector techniek;A-U Alle economische activiteiten;2019/'20;145;0;58;33;54;65;80;0;14;8;43;0;44;25;11
9083;Mannen;15 tot 20 jaar;Sector techniek;A-U Alle economische activiteiten;2020/'21;191;0;63;40;88;109;82;0;20;14;75;0;43;26;13
9084;Mannen;15 tot 20 jaar;Sector techniek;A Landbouw, bosbouw en visserij;2009/'10;16;1;8;2;5;6;10;0;1;0;5;1;7;2;0
9085;Mannen;15 tot 20 jaar;Sector techniek;A Landbouw, bosbouw en visserij;2010/'11;17;3;11;3;0;1;16;0;1;0;0;3;10;3;0
9086;Mannen;15 tot 20 jaar;Sector techniek;A Landbouw, bosbouw en visserij;2011/'12;15;3;9;1;2;4;11;2;0;0;2;1;9;1;0
9087;Mannen;15 tot 20 jaar;Sector techniek;A Landbouw, bosbouw en visserij;2012/'13;18;3;6;3;6;6;12;0;0;0;6;3;6;3;0
9088;Mannen;15 tot 20 jaar;Sector techniek;A Landbouw, bosbouw en visserij;2013/'14;23;3;10;3;7;17;6;0;7;3;7;3;3;0;0
9089;Mannen;15 tot 20 jaar;Sector techniek;A Landbouw, bosbouw en visserij;2014/'15;8;3;2;1;2;5;3;1;1;1;2;2;1;0;0
9090;Mannen;15 tot 20 jaar;Sector techniek;A Landbouw, bosbouw en visserij;2015/'16;14;1;5;4;4;9;5;1;2;2;4;0;3;2;0
9091;Mannen;15 tot 20 jaar;Sector techniek;A Landbouw, bosbouw en visserij;2016/'17;6;0;0;4;2;2;4;0;0;1;1;0;0;3;1
9092;Mannen;15 tot 20 jaar;Sector techniek;A Landbouw, bosbouw en visserij;2017/'18;5;0;3;1;1;1;4;0;0;0;1;0;3;1;0
9093;Mannen;15 tot 20 jaar;Sector techniek;A Landbouw, bosbouw en visserij;2018/'19;4;0;1;0;3;3;1;0;1;0;2;0;0;0;1
9094;Mannen;15 tot 20 jaar;Sector techniek;A Landbouw, bosbouw en visserij;2019/'20;8;0;3;2;3;3;5;0;1;1;1;0;2;1;2
9095;Mannen;15 tot 20 jaar;Sector techniek;A Landbouw, bosbouw en visserij;2020/'21;7;0;2;3;2;5;2;0;0;3;2;0;2;0;0
9096;Mannen;15 tot 20 jaar;Sector techniek;B-E Nijverheid (geen bouw) en energie;2009/'10;38;4;23;4;7;8;30;1;2;0;5;3;21;4;2
9097;Mannen;15 tot 20 jaar;Sector techniek;B-E Nijverheid (geen bouw) en energie;2010/'11;19;2;13;2;2;5;14;0;1;2;2;2;12;0;0
9098;Mannen;15 tot 20 jaar;Sector techniek;B-E Nijverheid (geen bouw) en energie;2011/'12;21;4;10;2;5;10;11;2;2;2;4;2;8;0;1
9099;Mannen;15 tot 20 jaar;Sector techniek;B-E Nijverheid (geen bouw) en energie;2012/'13;21;2;8;2;9;10;11;0;1;1;8;2;7;1;1
9100;Mannen;15 tot 20 jaar;Sector techniek;B-E Nijverheid (geen bouw) en energie;2013/'14;24;4;13;1;6;9;15;2;3;0;4;2;10;1;2
9101;Mannen;15 tot 20 jaar;Sector techniek;B-E Nijverheid (geen bouw) en energie;2014/'15;15;4;7;1;3;8;7;3;2;1;2;1;5;0;1
9102;Mannen;15 tot 20 jaar;Sector techniek;B-E Nijverheid (geen bouw) en energie;2015/'16;12;1;7;1;3;4;8;0;2;1;1;1;5;0;2
9103;Mannen;15 tot 20 jaar;Sector techniek;B-E Nijverheid (geen bouw) en energie;2016/'17;6;0;3;2;1;2;4;0;1;0;1;0;2;2;0
9104;Mannen;15 tot 20 jaar;Sector techniek;B-E Nijverheid (geen bouw) en energie;2017/'18;6;0;1;3;2;1;5;0;0;0;1;0;1;3;1
9105;Mannen;15 tot 20 jaar;Sector techniek;B-E Nijverheid (geen bouw) en energie;2018/'19;10;0;4;3;3;4;6;0;0;1;3;0;4;2;0
9106;Mannen;15 tot 20 jaar;Sector techniek;B-E Nijverheid (geen bouw) en energie;2019/'20;11;0;4;4;3;5;6;0;2;1;2;0;2;3;1
9107;Mannen;15 tot 20 jaar;Sector techniek;B-E Nijverheid (geen bouw) en energie;2020/'21;14;0;2;5;7;7;7;0;0;1;6;0;2;4;1
9108;Mannen;15 tot 20 jaar;Sector techniek;F Bouwnijverheid;2009/'10;35;6;24;4;1;5;30;2;0;2;1;4;24;2;0
9109;Mannen;15 tot 20 jaar;Sector techniek;F Bouwnijverheid;2010/'11;20;2;15;2;1;3;17;0;2;0;1;2;13;2;0
9110;Mannen;15 tot 20 jaar;Sector techniek;F Bouwnijverheid;2011/'12;24;4;12;3;5;4;20;0;0;0;4;4;12;3;1
9111;Mannen;15 tot 20 jaar;Sector techniek;F Bouwnijverheid;2012/'13;20;5;13;0;2;7;13;1;4;0;2;4;9;0;0
9112;Mannen;15 tot 20 jaar;Sector techniek;F Bouwnijverheid;2013/'14;8;0;5;1;2;4;4;0;2;1;1;0;3;0;1
9113;Mannen;15 tot 20 jaar;Sector techniek;F Bouwnijverheid;2014/'15;14;4;7;0;3;6;8;1;2;0;3;3;5;0;0
9114;Mannen;15 tot 20 jaar;Sector techniek;F Bouwnijverheid;2015/'16;7;1;1;4;1;4;3;1;1;1;1;0;0;3;0
9115;Mannen;15 tot 20 jaar;Sector techniek;F Bouwnijverheid;2016/'17;9;0;4;2;3;2;7;0;0;0;2;0;4;2;1
9116;Mannen;15 tot 20 jaar;Sector techniek;F Bouwnijverheid;2017/'18;9;0;5;2;2;0;9;0;0;0;0;0;5;2;2
9117;Mannen;15 tot 20 jaar;Sector techniek;F Bouwnijverheid;2018/'19;11;0;5;2;4;4;7;0;0;0;4;0;5;2;0
9118;Mannen;15 tot 20 jaar;Sector techniek;F Bouwnijverheid;2019/'20;11;0;7;2;2;3;8;0;1;0;2;0;6;2;0
9119;Mannen;15 tot 20 jaar;Sector techniek;F Bouwnijverheid;2020/'21;17;0;9;4;4;3;14;0;1;1;1;0;8;3;3
9120;Mannen;15 tot 20 jaar;Sector techniek;G-I Handel, vervoer en horeca;2009/'10;199;20;88;19;72;113;86;6;24;12;71;14;64;7;1
9121;Mannen;15 tot 20 jaar;Sector techniek;G-I Handel, vervoer en horeca;2010/'11;194;19;88;23;64;109;85;8;26;14;61;11;62;9;3
9122;Mannen;15 tot 20 jaar;Sector techniek;G-I Handel, vervoer en horeca;2011/'12;185;24;87;25;49;98;87;7;29;13;49;17;58;12;0
9123;Mannen;15 tot 20 jaar;Sector techniek;G-I Handel, vervoer en horeca;2012/'13;205;20;85;14;86;137;68;13;31;9;84;7;54;5;2
9124;Mannen;15 tot 20 jaar;Sector techniek;G-I Handel, vervoer en horeca;2013/'14;174;11;80;16;67;132;42;7;44;14;67;4;36;2;0
9125;Mannen;15 tot 20 jaar;Sector techniek;G-I Handel, vervoer en horeca;2014/'15;215;50;76;15;74;160;55;43;35;11;71;7;41;4;3
9126;Mannen;15 tot 20 jaar;Sector techniek;G-I Handel, vervoer en horeca;2015/'16;233;64;83;19;67;181;52;55;47;12;67;9;36;7;0
9127;Mannen;15 tot 20 jaar;Sector techniek;G-I Handel, vervoer en horeca;2016/'17;92;0;26;29;37;53;39;0;9;10;34;0;17;19;3
9128;Mannen;15 tot 20 jaar;Sector techniek;G-I Handel, vervoer en horeca;2017/'18;89;0;28;26;35;54;35;0;13;9;32;0;15;17;3
9129;Mannen;15 tot 20 jaar;Sector techniek;G-I Handel, vervoer en horeca;2018/'19;75;0;18;19;38;40;35;0;3;5;32;0;15;14;6
9130;Mannen;15 tot 20 jaar;Sector techniek;G-I Handel, vervoer en horeca;2019/'20;81;0;28;20;33;41;40;0;7;5;29;0;21;15;4
9131;Mannen;15 tot 20 jaar;Sector techniek;G-I Handel, vervoer en horeca;2020/'21;104;0;29;21;54;65;39;0;12;8;45;0;17;13;9
9132;Mannen;15 tot 20 jaar;Sector techniek;J Informatie en communicatie;2009/'10;1;0;0;0;1;0;1;0;0;0;0;0;0;0;1
9133;Mannen;15 tot 20 jaar;Sector techniek;J Informatie en communicatie;2010/'11;3;0;1;0;2;2;1;0;0;0;2;0;1;0;0
9134;Mannen;15 tot 20 jaar;Sector techniek;J Informatie en communicatie;2011/'12;0;0;0;0;0;0;0;0;0;0;0;0;0;0;0
9135;Mannen;15 tot 20 jaar;Sector techniek;J Informatie en communicatie;2012/'13;1;0;1;0;0;1;0;0;1;0;0;0;0;0;0
9136;Mannen;15 tot 20 jaar;Sector techniek;J Informatie en communicatie;2013/'14;2;0;1;0;1;1;1;0;0;0;1;0;1;0;0
9137;Mannen;15 tot 20 jaar;Sector techniek;J Informatie en communicatie;2014/'15;0;0;0;0;0;0;0;0;0;0;0;0;0;0;0
9138;Mannen;15 tot 20 jaar;Sector techniek;J Informatie en communicatie;2015/'16;1;0;0;0;1;1;0;0;0;0;1;0;0;0;0
9139;Mannen;15 tot 20 jaar;Sector techniek;J Informatie en communicatie;2016/'17;1;0;0;0;1;1;0;0;0;0;1;0;0;0;0
9140;Mannen;15 tot 20 jaar;Sector techniek;J Informatie en communicatie;2017/'18;0;0;0;0;0;0;0;0;0;0;0;0;0;0;0
9141;Mannen;15 tot 20 jaar;Sector techniek;J Informatie en communicatie;2018/'19;2;0;0;1;1;1;1;0;0;0;1;0;0;1;0
9142;Mannen;15 tot 20 jaar;Sector techniek;J Informatie en communicatie;2019/'20;2;0;1;1;0;0;2;0;0;0;0;0;1;1;0
9143;Mannen;15 tot 20 jaar;Sector techniek;J Informatie en communicatie;2020/'21;1;0;0;0;1;1;0;0;0;0;1;0;0;0;0
9144;Mannen;15 tot 20 jaar;Sector techniek;K Financiële dienstverlening;2009/'10;0;0;0;0;0;0;0;0;0;0;0;0;0;0;0
9145;Mannen;15 tot 20 jaar;Sector techniek;K Financiële dienstverlening;2010/'11;0;0;0;0;0;0;0;0;0;0;0;0;0;0;0
9146;Mannen;15 tot 20 jaar;Sector techniek;K Financiële dienstverlening;2011/'12;0;0;0;0;0;0;0;0;0;0;0;0;0;0;0
9147;Mannen;15 tot 20 jaar;Sector techniek;K Financiële dienstverlening;2012/'13;0;0;0;0;0;0;0;0;0;0;0;0;0;0;0
9148;Mannen;15 tot 20 jaar;Sector techniek;K Financiële dienstverlening;2013/'14;3;0;1;0;2;1;2;0;0;0;1;0;1;0;1
9149;Mannen;15 tot 20 jaar;Sector techniek;K Financiële dienstverlening;2014/'15;0;0;0;0;0;0;0;0;0;0;0;0;0;0;0
9150;Mannen;15 tot 20 jaar;Sector techniek;K Financiële dienstverlening;2015/'16;2;0;0;1;1;2;0;0;0;1;1;0;0;0;0
9151;Mannen;15 tot 20 jaar;Sector techniek;K Financiële dienstverlening;2016/'17;0;0;0;0;0;0;0;0;0;0;0;0;0;0;0
9152;Mannen;15 tot 20 jaar;Sector techniek;K Financiële dienstverlening;2017/'18;1;0;0;0;1;1;0;0;0;0;1;0;0;0;0
9153;Mannen;15 tot 20 jaar;Sector techniek;K Financiële dienstverlening;2018/'19;0;0;0;0;0;0;0;0;0;0;0;0;0;0;0
9154;Mannen;15 tot 20 jaar;Sector techniek;K Financiële dienstverlening;2019/'20;0;0;0;0;0;0;0;0;0;0;0;0;0;0;0
9155;Mannen;15 tot 20 jaar;Sector techniek;K Financiële dienstverlening;2020/'21;0;0;0;0;0;0;0;0;0;0;0;0;0;0;0
9156;Mannen;15 tot 20 jaar;Sector techniek;L Verhuur en handel van onroerend goed;2009/'10;0;0;0;0;0;0;0;0;0;0;0;0;0;0;0
9157;Mannen;15 tot 20 jaar;Sector techniek;L Verhuur en handel van onroerend goed;2010/'11;1;0;1;0;0;0;1;0;0;0;0;0;1;0;0
9158;Mannen;15 tot 20 jaar;Sector techniek;L Verhuur en handel van onroerend goed;2011/'12;1;0;0;0;1;1;0;0;0;0;1;0;0;0;0
9159;Mannen;15 tot 20 jaar;Sector techniek;L Verhuur en handel van onroerend goed;2012/'13;0;0;0;0;0;0;0;0;0;0;0;0;0;0;0
9160;Mannen;15 tot 20 jaar;Sector techniek;L Verhuur en handel van onroerend goed;2013/'14;0;0;0;0;0;0;0;0;0;0;0;0;0;0;0
9161;Mannen;15 tot 20 jaar;Sector techniek;L Verhuur en handel van onroerend goed;2014/'15;0;0;0;0;0;0;0;0;0;0;0;0;0;0;0
9162;Mannen;15 tot 20 jaar;Sector techniek;L Verhuur en handel van onroerend goed;2015/'16;5;2;1;0;2;4;1;2;0;0;2;0;1;0;0
9163;Mannen;15 tot 20 jaar;Sector techniek;L Verhuur en handel van onroerend goed;2016/'17;0;0;0;0;0;0;0;0;0;0;0;0;0;0;0
9164;Mannen;15 tot 20 jaar;Sector techniek;L Verhuur en handel van onroerend goed;2017/'18;0;0;0;0;0;0;0;0;0;0;0;0;0;0;0
9165;Mannen;15 tot 20 jaar;Sector techniek;L Verhuur en handel van onroerend goed;2018/'19;0;0;0;0;0;0;0;0;0;0;0;0;0;0;0
9166;Mannen;15 tot 20 jaar;Sector techniek;L Verhuur en handel van onroerend goed;2019/'20;0;0;0;0;0;0;0;0;0;0;0;0;0;0;0
9167;Mannen;15 tot 20 jaar;Sector techniek;L Verhuur en handel van onroerend goed;2020/'21;1;0;0;0;1;1;0;0;0;0;1;0;0;0;0
9168;Mannen;15 tot 20 jaar;Sector techniek;M-N Zakelijke dienstverlening;2009/'10;90;10;44;3;33;49;41;5;12;0;32;5;32;3;1
9169;Mannen;15 tot 20 jaar;Sector techniek;M-N Zakelijke dienstverlening;2010/'11;74;12;40;1;21;34;40;4;10;0;20;8;30;1;1
9170;Mannen;15 tot 20 jaar;Sector techniek;M-N Zakelijke dienstverlening;2011/'12;66;7;37;3;19;31;35;3;10;2;16;4;27;1;3
9171;Mannen;15 tot 20 jaar;Sector techniek;M-N Zakelijke dienstverlening;2012/'13;59;7;27;10;15;40;19;5;14;6;15;2;13;4;0
9172;Mannen;15 tot 20 jaar;Sector techniek;M-N Zakelijke dienstverlening;2013/'14;33;7;10;3;13;20;13;4;3;1;12;3;7;2;1
9173;Mannen;15 tot 20 jaar;Sector techniek;M-N Zakelijke dienstverlening;2014/'15;51;12;17;8;14;32;19;10;3;5;14;2;14;3;0
9174;Mannen;15 tot 20 jaar;Sector techniek;M-N Zakelijke dienstverlening;2015/'16;60;18;23;4;15;46;14;16;12;3;15;2;11;1;0
9175;Mannen;15 tot 20 jaar;Sector techniek;M-N Zakelijke dienstverlening;2016/'17;23;1;7;5;10;13;10;0;2;1;10;1;5;4;0
9176;Mannen;15 tot 20 jaar;Sector techniek;M-N Zakelijke dienstverlening;2017/'18;33;0;12;5;16;18;15;0;2;1;15;0;10;4;1
9177;Mannen;15 tot 20 jaar;Sector techniek;M-N Zakelijke dienstverlening;2018/'19;32;0;15;8;9;11;21;0;4;2;5;0;11;6;4
9178;Mannen;15 tot 20 jaar;Sector techniek;M-N Zakelijke dienstverlening;2019/'20;30;0;14;4;12;12;18;0;3;1;8;0;11;3;4
9179;Mannen;15 tot 20 jaar;Sector techniek;M-N Zakelijke dienstverlening;2020/'21;41;0;19;7;15;21;20;0;5;1;15;0;14;6;0
9180;Mannen;15 tot 20 jaar;Sector techniek;O-Q Overheid en zorg;2009/'10;19;2;12;2;3;7;12;0;4;0;3;2;8;2;0
9181;Mannen;15 tot 20 jaar;Sector techniek;O-Q Overheid en zorg;2010/'11;24;2;15;1;6;11;13;2;2;1;6;0;13;0;0
9182;Mannen;15 tot 20 jaar;Sector techniek;O-Q Overheid en zorg;2011/'12;16;1;12;2;1;2;14;0;1;0;1;1;11;2;0
9183;Mannen;15 tot 20 jaar;Sector techniek;O-Q Overheid en zorg;2012/'13;3;0;0;0;3;3;0;0;0;0;3;0;0;0;0
9184;Mannen;15 tot 20 jaar;Sector techniek;O-Q Overheid en zorg;2013/'14;10;0;8;0;2;5;5;0;3;0;2;0;5;0;0
9185;Mannen;15 tot 20 jaar;Sector techniek;O-Q Overheid en zorg;2014/'15;7;0;3;0;4;6;1;0;2;0;4;0;1;0;0
9186;Mannen;15 tot 20 jaar;Sector techniek;O-Q Overheid en zorg;2015/'16;5;0;3;0;2;2;3;0;0;0;2;0;3;0;0
9187;Mannen;15 tot 20 jaar;Sector techniek;O-Q Overheid en zorg;2016/'17;0;0;0;0;0;0;0;0;0;0;0;0;0;0;0
9188;Mannen;15 tot 20 jaar;Sector techniek;O-Q Overheid en zorg;2017/'18;3;0;0;1;2;2;1;0;0;0;2;0;0;1;0
9189;Mannen;15 tot 20 jaar;Sector techniek;O-Q Overheid en zorg;2018/'19;1;0;0;0;1;1;0;0;0;0;1;0;0;0;0
9190;Mannen;15 tot 20 jaar;Sector techniek;O-Q Overheid en zorg;2019/'20;0;0;0;0;0;0;0;0;0;0;0;0;0;0;0
9191;Mannen;15 tot 20 jaar;Sector techniek;O-Q Overheid en zorg;2020/'21;1;0;0;0;1;1;0;0;0;0;1;0;0;0;0
9192;Mannen;15 tot 20 jaar;Sector techniek;R-U Cultuur, recreatie, overige diensten;2009/'10;6;0;1;1;4;3;3;0;0;0;3;0;1;1;1
9193;Mannen;15 tot 20 jaar;Sector techniek;R-U Cultuur, recreatie, overige diensten;2010/'11;6;0;3;2;1;3;3;0;1;1;1;0;2;1;0
9194;Mannen;15 tot 20 jaar;Sector techniek;R-U Cultuur, recreatie, overige diensten;2011/'12;9;2;6;0;1;4;5;1;2;0;1;1;4;0;0
9195;Mannen;15 tot 20 jaar;Sector techniek;R-U Cultuur, recreatie, overige diensten;2012/'13;4;0;3;0;1;2;2;0;1;0;1;0;2;0;0
9196;Mannen;15 tot 20 jaar;Sector techniek;R-U Cultuur, recreatie, overige diensten;2013/'14;9;1;3;0;5;6;3;0;1;0;5;1;2;0;0
9197;Mannen;15 tot 20 jaar;Sector techniek;R-U Cultuur, recreatie, overige diensten;2014/'15;4;0;1;0;3;4;0;0;1;0;3;0;0;0;0
9198;Mannen;15 tot 20 jaar;Sector techniek;R-U Cultuur, recreatie, overige diensten;2015/'16;12;2;6;1;3;8;4;1;4;0;3;1;2;1;0
9199;Mannen;15 tot 20 jaar;Sector techniek;R-U Cultuur, recreatie, overige diensten;2016/'17;4;0;2;0;2;2;2;0;0;0;2;0;2;0;0
9200;Mannen;15 tot 20 jaar;Sector techniek;R-U Cultuur, recreatie, overige diensten;2017/'18;3;0;0;0;3;3;0;0;0;0;3;0;0;0;0
9201;Mannen;15 tot 20 jaar;Sector techniek;R-U Cultuur, recreatie, overige diensten;2018/'19;6;0;3;0;3;3;3;0;0;0;3;0;3;0;0
9202;Mannen;15 tot 20 jaar;Sector techniek;R-U Cultuur, recreatie, overige diensten;2019/'20;2;0;1;0;1;1;1;0;0;0;1;0;1;0;0
9203;Mannen;15 tot 20 jaar;Sector techniek;R-U Cultuur, recreatie, overige diensten;2020/'21;5;0;2;0;3;5;0;0;2;0;3;0;0;0;0
9204;Mannen;15 tot 20 jaar;Sector techniek;SBI-code onbekend;2009/'10;3;1;2;0;0;2;1;1;1;0;0;0;1;0;0
9205;Mannen;15 tot 20 jaar;Sector techniek;SBI-code onbekend;2010/'11;0;0;0;0;0;0;0;0;0;0;0;0;0;0;0
9206;Mannen;15 tot 20 jaar;Sector techniek;SBI-code onbekend;2011/'12;1;1;0;0;0;0;1;0;0;0;0;1;0;0;0
9207;Mannen;15 tot 20 jaar;Sector techniek;SBI-code onbekend;2012/'13;1;0;0;0;1;1;0;0;0;0;1;0;0;0;0
9208;Mannen;15 tot 20 jaar;Sector techniek;SBI-code onbekend;2013/'14;3;0;0;0;3;3;0;0;0;0;3;0;0;0;0
9209;Mannen;15 tot 20 jaar;Sector techniek;SBI-code onbekend;2014/'15;3;3;0;0;0;2;1;2;0;0;0;1;0;0;0
9210;Mannen;15 tot 20 jaar;Sector techniek;SBI-code onbekend;2015/'16;0;0;0;0;0;0;0;0;0;0;0;0;0;0;0
9211;Mannen;15 tot 20 jaar;Sector techniek;SBI-code onbekend;2016/'17;0;0;0;0;0;0;0;0;0;0;0;0;0;0;0
9212;Mannen;15 tot 20 jaar;Sector techniek;SBI-code onbekend;2017/'18;1;0;0;0;1;1;0;0;0;0;1;0;0;0;0
9213;Mannen;15 tot 20 jaar;Sector techniek;SBI-code onbekend;2018/'19;0;0;0;0;0;0;0;0;0;0;0;0;0;0;0
9214;Mannen;15 tot 20 jaar;Sector techniek;SBI-code onbekend;2019/'20;0;0;0;0;0;0;0;0;0;0;0;0;0;0;0
9215;Mannen;15 tot 20 jaar;Sector techniek;SBI-code onbekend;2020/'21;0;0;0;0;0;0;0;0;0;0;0;0;0;0;0
9216;Mannen;15 tot 20 jaar;Sector zorg en welzijn;A-U Alle economische activiteiten;2009/'10;81;0;19;23;39;74;7;0;18;20;36;0;1;3;3
9217;Mannen;15 tot 20 jaar;Sector zorg en welzijn;A-U Alle economische activiteiten;2010/'11;86;1;30;20;35;78;8;1;27;17;33;0;3;3;2
9218;Mannen;15 tot 20 jaar;Sector zorg en welzijn;A-U Alle economische activiteiten;2011/'12;71;1;11;13;46;63;8;1;8;13;41;0;3;0;5
9219;Mannen;15 tot 20 jaar;Sector zorg en welzijn;A-U Alle economische activiteiten;2012/'13;76;2;16;16;42;71;5;2;16;14;39;0;0;2;3
9220;Mannen;15 tot 20 jaar;Sector zorg en welzijn;A-U Alle economische activiteiten;2013/'14;73;2;10;12;49;71;2;2;10;11;48;0;0;1;1
9221;Mannen;15 tot 20 jaar;Sector zorg en welzijn;A-U Alle economische activiteiten;2014/'15;52;4;11;7;30;52;0;4;11;7;30;0;0;0;0
9222;Mannen;15 tot 20 jaar;Sector zorg en welzijn;A-U Alle economische activiteiten;2015/'16;73;0;21;13;39;70;3;0;20;11;39;0;1;2;0
9223;Mannen;15 tot 20 jaar;Sector zorg en welzijn;A-U Alle economische activiteiten;2016/'17;49;0;6;5;38;46;3;0;6;3;37;0;0;2;1
9224;Mannen;15 tot 20 jaar;Sector zorg en welzijn;A-U Alle economische activiteiten;2017/'18;51;0;12;9;30;47;4;0;10;7;30;0;2;2;0
9225;Mannen;15 tot 20 jaar;Sector zorg en welzijn;A-U Alle economische activiteiten;2018/'19;57;0;14;2;41;56;1;0;14;2;40;0;0;0;1
9226;Mannen;15 tot 20 jaar;Sector zorg en welzijn;A-U Alle economische activiteiten;2019/'20;52;0;6;6;40;50;2;0;6;5;39;0;0;1;1
9227;Mannen;15 tot 20 jaar;Sector zorg en welzijn;A-U Alle economische activiteiten;2020/'21;62;0;10;2;50;60;2;0;10;2;48;0;0;0;2
9228;Mannen;15 tot 20 jaar;Sector zorg en welzijn;A Landbouw, bosbouw en visserij;2009/'10;2;0;1;1;0;2;0;0;1;1;0;0;0;0;0
9229;Mannen;15 tot 20 jaar;Sector zorg en welzijn;A Landbouw, bosbouw en visserij;2010/'11;2;0;0;1;1;1;1;0;0;1;0;0;0;0;1
9230;Mannen;15 tot 20 jaar;Sector zorg en welzijn;A Landbouw, bosbouw en visserij;2011/'12;2;0;0;0;2;2;0;0;0;0;2;0;0;0;0
9231;Mannen;15 tot 20 jaar;Sector zorg en welzijn;A Landbouw, bosbouw en visserij;2012/'13;2;0;1;0;1;2;0;0;1;0;1;0;0;0;0
9232;Mannen;15 tot 20 jaar;Sector zorg en welzijn;A Landbouw, bosbouw en visserij;2013/'14;4;0;1;0;3;4;0;0;1;0;3;0;0;0;0
9233;Mannen;15 tot 20 jaar;Sector zorg en welzijn;A Landbouw, bosbouw en visserij;2014/'15;3;1;0;0;2;3;0;1;0;0;2;0;0;0;0
9234;Mannen;15 tot 20 jaar;Sector zorg en welzijn;A Landbouw, bosbouw en visserij;2015/'16;2;0;1;0;1;2;0;0;1;0;1;0;0;0;0
9235;Mannen;15 tot 20 jaar;Sector zorg en welzijn;A Landbouw, bosbouw en visserij;2016/'17;1;0;0;0;1;1;0;0;0;0;1;0;0;0;0
9236;Mannen;15 tot 20 jaar;Sector zorg en welzijn;A Landbouw, bosbouw en visserij;2017/'18;0;0;0;0;0;0;0;0;0;0;0;0;0;0;0
9237;Mannen;15 tot 20 jaar;Sector zorg en welzijn;A Landbouw, bosbouw en visserij;2018/'19;2;0;1;0;1;2;0;0;1;0;1;0;0;0;0
9238;Mannen;15 tot 20 jaar;Sector zorg en welzijn;A Landbouw, bosbouw en visserij;2019/'20;2;0;0;0;2;2;0;0;0;0;2;0;0;0;0
9239;Mannen;15 tot 20 jaar;Sector zorg en welzijn;A Landbouw, bosbouw en visserij;2020/'21;0;0;0;0;0;0;0;0;0;0;0;0;0;0;0
9240;Mannen;15 tot 20 jaar;Sector zorg en welzijn;B-E Nijverheid (geen bouw) en energie;2009/'10;2;0;1;1;0;2;0;0;1;1;0;0;0;0;0
9241;Mannen;15 tot 20 jaar;Sector zorg en welzijn;B-E Nijverheid (geen bouw) en energie;2010/'11;4;0;3;0;1;4;0;0;3;0;1;0;0;0;0
9242;Mannen;15 tot 20 jaar;Sector zorg en welzijn;B-E Nijverheid (geen bouw) en energie;2011/'12;0;0;0;0;0;0;0;0;0;0;0;0;0;0;0
9243;Mannen;15 tot 20 jaar;Sector zorg en welzijn;B-E Nijverheid (geen bouw) en energie;2012/'13;1;0;0;0;1;1;0;0;0;0;1;0;0;0;0
9244;Mannen;15 tot 20 jaar;Sector zorg en welzijn;B-E Nijverheid (geen bouw) en energie;2013/'14;2;0;0;1;1;2;0;0;0;1;1;0;0;0;0
9245;Mannen;15 tot 20 jaar;Sector zorg en welzijn;B-E Nijverheid (geen bouw) en energie;2014/'15;1;0;0;0;1;1;0;0;0;0;1;0;0;0;0
9246;Mannen;15 tot 20 jaar;Sector zorg en welzijn;B-E Nijverheid (geen bouw) en energie;2015/'16;2;0;2;0;0;2;0;0;2;0;0;0;0;0;0
9247;Mannen;15 tot 20 jaar;Sector zorg en welzijn;B-E Nijverheid (geen bouw) en energie;2016/'17;0;0;0;0;0;0;0;0;0;0;0;0;0;0;0
9248;Mannen;15 tot 20 jaar;Sector zorg en welzijn;B-E Nijverheid (geen bouw) en energie;2017/'18;1;0;1;0;0;0;1;0;0;0;0;0;1;0;0
9249;Mannen;15 tot 20 jaar;Sector zorg en welzijn;B-E Nijverheid (geen bouw) en energie;2018/'19;1;0;0;0;1;1;0;0;0;0;1;0;0;0;0
9250;Mannen;15 tot 20 jaar;Sector zorg en welzijn;B-E Nijverheid (geen bouw) en energie;2019/'20;1;0;0;1;0;1;0;0;0;1;0;0;0;0;0
9251;Mannen;15 tot 20 jaar;Sector zorg en welzijn;B-E Nijverheid (geen bouw) en energie;2020/'21;2;0;1;0;1;2;0;0;1;0;1;0;0;0;0
9252;Mannen;15 tot 20 jaar;Sector zorg en welzijn;F Bouwnijverheid;2009/'10;0;0;0;0;0;0;0;0;0;0;0;0;0;0;0
9253;Mannen;15 tot 20 jaar;Sector zorg en welzijn;F Bouwnijverheid;2010/'11;2;0;1;0;1;2;0;0;1;0;1;0;0;0;0
9254;Mannen;15 tot 20 jaar;Sector zorg en welzijn;F Bouwnijverheid;2011/'12;0;0;0;0;0;0;0;0;0;0;0;0;0;0;0
9255;Mannen;15 tot 20 jaar;Sector zorg en welzijn;F Bouwnijverheid;2012/'13;2;0;0;1;1;2;0;0;0;1;1;0;0;0;0
9256;Mannen;15 tot 20 jaar;Sector zorg en welzijn;F Bouwnijverheid;2013/'14;0;0;0;0;0;0;0;0;0;0;0;0;0;0;0
9257;Mannen;15 tot 20 jaar;Sector zorg en welzijn;F Bouwnijverheid;2014/'15;0;0;0;0;0;0;0;0;0;0;0;0;0;0;0
9258;Mannen;15 tot 20 jaar;Sector zorg en welzijn;F Bouwnijverheid;2015/'16;1;0;0;0;1;1;0;0;0;0;1;0;0;0;0
9259;Mannen;15 tot 20 jaar;Sector zorg en welzijn;F Bouwnijverheid;2016/'17;0;0;0;0;0;0;0;0;0;0;0;0;0;0;0
9260;Mannen;15 tot 20 jaar;Sector zorg en welzijn;F Bouwnijverheid;2017/'18;0;0;0;0;0;0;0;0;0;0;0;0;0;0;0
9261;Mannen;15 tot 20 jaar;Sector zorg en welzijn;F Bouwnijverheid;2018/'19;1;0;0;0;1;1;0;0;0;0;1;0;0;0;0
9262;Mannen;15 tot 20 jaar;Sector zorg en welzijn;F Bouwnijverheid;2019/'20;1;0;0;0;1;1;0;0;0;0;1;0;0;0;0
9263;Mannen;15 tot 20 jaar;Sector zorg en welzijn;F Bouwnijverheid;2020/'21;1;0;1;0;0;1;0;0;1;0;0;0;0;0;0
9264;Mannen;15 tot 20 jaar;Sector zorg en welzijn;G-I Handel, vervoer en horeca;2009/'10;46;0;10;11;25;42;4;0;10;10;22;0;0;1;3
9265;Mannen;15 tot 20 jaar;Sector zorg en welzijn;G-I Handel, vervoer en horeca;2010/'11;50;1;18;10;21;46;4;1;17;8;20;0;1;2;1
9266;Mannen;15 tot 20 jaar;Sector zorg en welzijn;G-I Handel, vervoer en horeca;2011/'12;45;1;5;11;28;43;2;1;4;11;27;0;1;0;1
9267;Mannen;15 tot 20 jaar;Sector zorg en welzijn;G-I Handel, vervoer en horeca;2012/'13;53;1;13;14;25;50;3;1;13;12;24;0;0;2;1
9268;Mannen;15 tot 20 jaar;Sector zorg en welzijn;G-I Handel, vervoer en horeca;2013/'14;56;2;8;8;38;55;1;2;8;8;37;0;0;0;1
9269;Mannen;15 tot 20 jaar;Sector zorg en welzijn;G-I Handel, vervoer en horeca;2014/'15;41;1;9;6;25;41;0;1;9;6;25;0;0;0;0
9270;Mannen;15 tot 20 jaar;Sector zorg en welzijn;G-I Handel, vervoer en horeca;2015/'16;52;0;14;7;31;51;1;0;14;6;31;0;0;1;0
9271;Mannen;15 tot 20 jaar;Sector zorg en welzijn;G-I Handel, vervoer en horeca;2016/'17;36;0;6;2;28;34;2;0;6;1;27;0;0;1;1
9272;Mannen;15 tot 20 jaar;Sector zorg en welzijn;G-I Handel, vervoer en horeca;2017/'18;37;0;7;6;24;35;2;0;6;5;24;0;1;1;0
9273;Mannen;15 tot 20 jaar;Sector zorg en welzijn;G-I Handel, vervoer en horeca;2018/'19;35;0;7;1;27;35;0;0;7;1;27;0;0;0;0
9274;Mannen;15 tot 20 jaar;Sector zorg en welzijn;G-I Handel, vervoer en horeca;2019/'20;39;0;6;5;28;37;2;0;6;4;27;0;0;1;1
9275;Mannen;15 tot 20 jaar;Sector zorg en welzijn;G-I Handel, vervoer en horeca;2020/'21;34;0;5;2;27;33;1;0;5;2;26;0;0;0;1
9276;Mannen;15 tot 20 jaar;Sector zorg en welzijn;J Informatie en communicatie;2009/'10;0;0;0;0;0;0;0;0;0;0;0;0;0;0;0
9277;Mannen;15 tot 20 jaar;Sector zorg en welzijn;J Informatie en communicatie;2010/'11;2;0;0;1;1;2;0;0;0;1;1;0;0;0;0
9278;Mannen;15 tot 20 jaar;Sector zorg en welzijn;J Informatie en communicatie;2011/'12;1;0;0;0;1;1;0;0;0;0;1;0;0;0;0
9279;Mannen;15 tot 20 jaar;Sector zorg en welzijn;J Informatie en communicatie;2012/'13;0;0;0;0;0;0;0;0;0;0;0;0;0;0;0
9280;Mannen;15 tot 20 jaar;Sector zorg en welzijn;J Informatie en communicatie;2013/'14;2;0;0;1;1;2;0;0;0;1;1;0;0;0;0
9281;Mannen;15 tot 20 jaar;Sector zorg en welzijn;J Informatie en communicatie;2014/'15;0;0;0;0;0;0;0;0;0;0;0;0;0;0;0
9282;Mannen;15 tot 20 jaar;Sector zorg en welzijn;J Informatie en communicatie;2015/'16;0;0;0;0;0;0;0;0;0;0;0;0;0;0;0
9283;Mannen;15 tot 20 jaar;Sector zorg en welzijn;J Informatie en communicatie;2016/'17;1;0;0;0;1;1;0;0;0;0;1;0;0;0;0
9284;Mannen;15 tot 20 jaar;Sector zorg en welzijn;J Informatie en communicatie;2017/'18;0;0;0;0;0;0;0;0;0;0;0;0;0;0;0
9285;Mannen;15 tot 20 jaar;Sector zorg en welzijn;J Informatie en communicatie;2018/'19;1;0;0;0;1;1;0;0;0;0;1;0;0;0;0
9286;Mannen;15 tot 20 jaar;Sector zorg en welzijn;J Informatie en communicatie;2019/'20;0;0;0;0;0;0;0;0;0;0;0;0;0;0;0
9287;Mannen;15 tot 20 jaar;Sector zorg en welzijn;J Informatie en communicatie;2020/'21;1;0;0;0;1;1;0;0;0;0;1;0;0;0;0
9288;Mannen;15 tot 20 jaar;Sector zorg en welzijn;K Financiële dienstverlening;2009/'10;0;0;0;0;0;0;0;0;0;0;0;0;0;0;0
9289;Mannen;15 tot 20 jaar;Sector zorg en welzijn;K Financiële dienstverlening;2010/'11;0;0;0;0;0;0;0;0;0;0;0;0;0;0;0
9290;Mannen;15 tot 20 jaar;Sector zorg en welzijn;K Financiële dienstverlening;2011/'12;0;0;0;0;0;0;0;0;0;0;0;0;0;0;0
9291;Mannen;15 tot 20 jaar;Sector zorg en welzijn;K Financiële dienstverlening;2012/'13;0;0;0;0;0;0;0;0;0;0;0;0;0;0;0
9292;Mannen;15 tot 20 jaar;Sector zorg en welzijn;K Financiële dienstverlening;2013/'14;0;0;0;0;0;0;0;0;0;0;0;0;0;0;0
9293;Mannen;15 tot 20 jaar;Sector zorg en welzijn;K Financiële dienstverlening;2014/'15;0;0;0;0;0;0;0;0;0;0;0;0;0;0;0
9294;Mannen;15 tot 20 jaar;Sector zorg en welzijn;K Financiële dienstverlening;2015/'16;0;0;0;0;0;0;0;0;0;0;0;0;0;0;0
9295;Mannen;15 tot 20 jaar;Sector zorg en welzijn;K Financiële dienstverlening;2016/'17;0;0;0;0;0;0;0;0;0;0;0;0;0;0;0
9296;Mannen;15 tot 20 jaar;Sector zorg en welzijn;K Financiële dienstverlening;2017/'18;0;0;0;0;0;0;0;0;0;0;0;0;0;0;0
9297;Mannen;15 tot 20 jaar;Sector zorg en welzijn;K Financiële dienstverlening;2018/'19;0;0;0;0;0;0;0;0;0;0;0;0;0;0;0
9298;Mannen;15 tot 20 jaar;Sector zorg en welzijn;K Financiële dienstverlening;2019/'20;0;0;0;0;0;0;0;0;0;0;0;0;0;0;0
9299;Mannen;15 tot 20 jaar;Sector zorg en welzijn;K Financiële dienstverlening;2020/'21;0;0;0;0;0;0;0;0;0;0;0;0;0;0;0
9300;Mannen;15 tot 20 jaar;Sector zorg en welzijn;L Verhuur en handel van onroerend goed;2009/'10;0;0;0;0;0;0;0;0;0;0;0;0;0;0;0
9301;Mannen;15 tot 20 jaar;Sector zorg en welzijn;L Verhuur en handel van onroerend goed;2010/'11;1;0;0;1;0;0;1;0;0;0;0;0;0;1;0
9302;Mannen;15 tot 20 jaar;Sector zorg en welzijn;L Verhuur en handel van onroerend goed;2011/'12;0;0;0;0;0;0;0;0;0;0;0;0;0;0;0
9303;Mannen;15 tot 20 jaar;Sector zorg en welzijn;L Verhuur en handel van onroerend goed;2012/'13;0;0;0;0;0;0;0;0;0;0;0;0;0;0;0
9304;Mannen;15 tot 20 jaar;Sector zorg en welzijn;L Verhuur en handel van onroerend goed;2013/'14;0;0;0;0;0;0;0;0;0;0;0;0;0;0;0
9305;Mannen;15 tot 20 jaar;Sector zorg en welzijn;L Verhuur en handel van onroerend goed;2014/'15;0;0;0;0;0;0;0;0;0;0;0;0;0;0;0
9306;Mannen;15 tot 20 jaar;Sector zorg en welzijn;L Verhuur en handel van onroerend goed;2015/'16;0;0;0;0;0;0;0;0;0;0;0;0;0;0;0
9307;Mannen;15 tot 20 jaar;Sector zorg en welzijn;L Verhuur en handel van onroerend goed;2016/'17;0;0;0;0;0;0;0;0;0;0;0;0;0;0;0
9308;Mannen;15 tot 20 jaar;Sector zorg en welzijn;L Verhuur en handel van onroerend goed;2017/'18;0;0;0;0;0;0;0;0;0;0;0;0;0;0;0
9309;Mannen;15 tot 20 jaar;Sector zorg en welzijn;L Verhuur en handel van onroerend goed;2018/'19;0;0;0;0;0;0;0;0;0;0;0;0;0;0;0
9310;Mannen;15 tot 20 jaar;Sector zorg en welzijn;L Verhuur en handel van onroerend goed;2019/'20;0;0;0;0;0;0;0;0;0;0;0;0;0;0;0
9311;Mannen;15 tot 20 jaar;Sector zorg en welzijn;L Verhuur en handel van onroerend goed;2020/'21;1;0;0;0;1;1;0;0;0;0;1;0;0;0;0
9312;Mannen;15 tot 20 jaar;Sector zorg en welzijn;M-N Zakelijke dienstverlening;2009/'10;20;0;5;7;8;19;1;0;4;7;8;0;1;0;0
9313;Mannen;15 tot 20 jaar;Sector zorg en welzijn;M-N Zakelijke dienstverlening;2010/'11;15;0;5;4;6;15;0;0;5;4;6;0;0;0;0
9314;Mannen;15 tot 20 jaar;Sector zorg en welzijn;M-N Zakelijke dienstverlening;2011/'12;12;0;3;1;8;10;2;0;2;1;7;0;1;0;1
9315;Mannen;15 tot 20 jaar;Sector zorg en welzijn;M-N Zakelijke dienstverlening;2012/'13;9;0;1;1;7;9;0;0;1;1;7;0;0;0;0
9316;Mannen;15 tot 20 jaar;Sector zorg en welzijn;M-N Zakelijke dienstverlening;2013/'14;8;0;1;2;5;7;1;0;1;1;5;0;0;1;0
9317;Mannen;15 tot 20 jaar;Sector zorg en welzijn;M-N Zakelijke dienstverlening;2014/'15;4;2;1;0;1;4;0;2;1;0;1;0;0;0;0
9318;Mannen;15 tot 20 jaar;Sector zorg en welzijn;M-N Zakelijke dienstverlening;2015/'16;13;0;3;4;6;13;0;0;3;4;6;0;0;0;0
9319;Mannen;15 tot 20 jaar;Sector zorg en welzijn;M-N Zakelijke dienstverlening;2016/'17;5;0;0;1;4;5;0;0;0;1;4;0;0;0;0
9320;Mannen;15 tot 20 jaar;Sector zorg en welzijn;M-N Zakelijke dienstverlening;2017/'18;10;0;4;2;4;9;1;0;4;1;4;0;0;1;0
9321;Mannen;15 tot 20 jaar;Sector zorg en welzijn;M-N Zakelijke dienstverlening;2018/'19;15;0;5;1;9;14;1;0;5;1;8;0;0;0;1
9322;Mannen;15 tot 20 jaar;Sector zorg en welzijn;M-N Zakelijke dienstverlening;2019/'20;5;0;0;0;5;5;0;0;0;0;5;0;0;0;0
9323;Mannen;15 tot 20 jaar;Sector zorg en welzijn;M-N Zakelijke dienstverlening;2020/'21;19;0;3;0;16;18;1;0;3;0;15;0;0;0;1
9324;Mannen;15 tot 20 jaar;Sector zorg en welzijn;O-Q Overheid en zorg;2009/'10;8;0;1;2;5;7;1;0;1;1;5;0;0;1;0
9325;Mannen;15 tot 20 jaar;Sector zorg en welzijn;O-Q Overheid en zorg;2010/'11;9;0;3;3;3;7;2;0;1;3;3;0;2;0;0
9326;Mannen;15 tot 20 jaar;Sector zorg en welzijn;O-Q Overheid en zorg;2011/'12;11;0;3;1;7;7;4;0;2;1;4;0;1;0;3
9327;Mannen;15 tot 20 jaar;Sector zorg en welzijn;O-Q Overheid en zorg;2012/'13;8;1;1;0;6;6;2;1;1;0;4;0;0;0;2
9328;Mannen;15 tot 20 jaar;Sector zorg en welzijn;O-Q Overheid en zorg;2013/'14;1;0;0;0;1;1;0;0;0;0;1;0;0;0;0
9329;Mannen;15 tot 20 jaar;Sector zorg en welzijn;O-Q Overheid en zorg;2014/'15;1;0;1;0;0;1;0;0;1;0;0;0;0;0;0
9330;Mannen;15 tot 20 jaar;Sector zorg en welzijn;O-Q Overheid en zorg;2015/'16;1;0;0;1;0;1;0;0;0;1;0;0;0;0;0
9331;Mannen;15 tot 20 jaar;Sector zorg en welzijn;O-Q Overheid en zorg;2016/'17;2;0;0;0;2;2;0;0;0;0;2;0;0;0;0
9332;Mannen;15 tot 20 jaar;Sector zorg en welzijn;O-Q Overheid en zorg;2017/'18;0;0;0;0;0;0;0;0;0;0;0;0;0;0;0
9333;Mannen;15 tot 20 jaar;Sector zorg en welzijn;O-Q Overheid en zorg;2018/'19;0;0;0;0;0;0;0;0;0;0;0;0;0;0;0
9334;Mannen;15 tot 20 jaar;Sector zorg en welzijn;O-Q Overheid en zorg;2019/'20;1;0;0;0;1;1;0;0;0;0;1;0;0;0;0
9335;Mannen;15 tot 20 jaar;Sector zorg en welzijn;O-Q Overheid en zorg;2020/'21;4;0;0;0;4;4;0;0;0;0;4;0;0;0;0
9336;Mannen;15 tot 20 jaar;Sector zorg en welzijn;R-U Cultuur, recreatie, overige diensten;2009/'10;3;0;1;1;1;2;1;0;1;0;1;0;0;1;0
9337;Mannen;15 tot 20 jaar;Sector zorg en welzijn;R-U Cultuur, recreatie, overige diensten;2010/'11;1;0;0;0;1;1;0;0;0;0;1;0;0;0;0
9338;Mannen;15 tot 20 jaar;Sector zorg en welzijn;R-U Cultuur, recreatie, overige diensten;2011/'12;0;0;0;0;0;0;0;0;0;0;0;0;0;0;0
9339;Mannen;15 tot 20 jaar;Sector zorg en welzijn;R-U Cultuur, recreatie, overige diensten;2012/'13;1;0;0;0;1;1;0;0;0;0;1;0;0;0;0
9340;Mannen;15 tot 20 jaar;Sector zorg en welzijn;R-U Cultuur, recreatie, overige diensten;2013/'14;0;0;0;0;0;0;0;0;0;0;0;0;0;0;0
9341;Mannen;15 tot 20 jaar;Sector zorg en welzijn;R-U Cultuur, recreatie, overige diensten;2014/'15;2;0;0;1;1;2;0;0;0;1;1;0;0;0;0
9342;Mannen;15 tot 20 jaar;Sector zorg en welzijn;R-U Cultuur, recreatie, overige diensten;2015/'16;2;0;1;1;0;0;2;0;0;0;0;0;1;1;0
9343;Mannen;15 tot 20 jaar;Sector zorg en welzijn;R-U Cultuur, recreatie, overige diensten;2016/'17;3;0;0;2;1;2;1;0;0;1;1;0;0;1;0
9344;Mannen;15 tot 20 jaar;Sector zorg en welzijn;R-U Cultuur, recreatie, overige diensten;2017/'18;3;0;0;1;2;3;0;0;0;1;2;0;0;0;0
9345;Mannen;15 tot 20 jaar;Sector zorg en welzijn;R-U Cultuur, recreatie, overige diensten;2018/'19;1;0;1;0;0;1;0;0;1;0;0;0;0;0;0
9346;Mannen;15 tot 20 jaar;Sector zorg en welzijn;R-U Cultuur, recreatie, overige diensten;2019/'20;3;0;0;0;3;3;0;0;0;0;3;0;0;0;0
9347;Mannen;15 tot 20 jaar;Sector zorg en welzijn;R-U Cultuur, recreatie, overige diensten;2020/'21;0;0;0;0;0;0;0;0;0;0;0;0;0;0;0
9348;Mannen;15 tot 20 jaar;Sector zorg en welzijn;SBI-code onbekend;2009/'10;0;0;0;0;0;0;0;0;0;0;0;0;0;0;0
9349;Mannen;15 tot 20 jaar;Sector zorg en welzijn;SBI-code onbekend;2010/'11;0;0;0;0;0;0;0;0;0;0;0;0;0;0;0
9350;Mannen;15 tot 20 jaar;Sector zorg en welzijn;SBI-code onbekend;2011/'12;0;0;0;0;0;0;0;0;0;0;0;0;0;0;0
9351;Mannen;15 tot 20 jaar;Sector zorg en welzijn;SBI-code onbekend;2012/'13;0;0;0;0;0;0;0;0;0;0;0;0;0;0;0
9352;Mannen;15 tot 20 jaar;Sector zorg en welzijn;SBI-code onbekend;2013/'14;0;0;0;0;0;0;0;0;0;0;0;0;0;0;0
9353;Mannen;15 tot 20 jaar;Sector zorg en welzijn;SBI-code onbekend;2014/'15;0;0;0;0;0;0;0;0;0;0;0;0;0;0;0
9354;Mannen;15 tot 20 jaar;Sector zorg en welzijn;SBI-code onbekend;2015/'16;0;0;0;0;0;0;0;0;0;0;0;0;0;0;0
9355;Mannen;15 tot 20 jaar;Sector zorg en welzijn;SBI-code onbekend;2016/'17;1;0;0;0;1;1;0;0;0;0;1;0;0;0;0
9356;Mannen;15 tot 20 jaar;Sector zorg en welzijn;SBI-code onbekend;2017/'18;0;0;0;0;0;0;0;0;0;0;0;0;0;0;0
9357;Mannen;15 tot 20 jaar;Sector zorg en welzijn;SBI-code onbekend;2018/'19;1;0;0;0;1;1;0;0;0;0;1;0;0;0;0
9358;Mannen;15 tot 20 jaar;Sector zorg en welzijn;SBI-code onbekend;2019/'20;0;0;0;0;0;0;0;0;0;0;0;0;0;0;0
9359;Mannen;15 tot 20 jaar;Sector zorg en welzijn;SBI-code onbekend;2020/'21;0;0;0;0;0;0;0;0;0;0;0;0;0;0;0
9360;Mannen;15 tot 20 jaar;Combinatie van sectoren;A-U Alle economische activiteiten;2009/'10;135;126;9;0;0;117;18;111;6;0;0;15;3;0;0
9361;Mannen;15 tot 20 jaar;Combinatie van sectoren;A-U Alle economische activiteiten;2010/'11;90;84;6;0;0;62;28;62;0;0;0;22;6;0;0
9362;Mannen;15 tot 20 jaar;Combinatie van sectoren;A-U Alle economische activiteiten;2011/'12;81;71;6;0;4;66;15;59;3;0;4;12;3;0;0
9363;Mannen;15 tot 20 jaar;Combinatie van sectoren;A-U Alle economische activiteiten;2012/'13;103;94;0;0;9;89;14;80;0;0;9;14;0;0;0
9364;Mannen;15 tot 20 jaar;Combinatie van sectoren;A-U Alle economische activiteiten;2013/'14;100;91;1;0;8;88;12;79;1;0;8;12;0;0;0
9365;Mannen;15 tot 20 jaar;Combinatie van sectoren;A-U Alle economische activiteiten;2014/'15;51;45;0;0;6;45;6;39;0;0;6;6;0;0;0
9366;Mannen;15 tot 20 jaar;Combinatie van sectoren;A-U Alle economische activiteiten;2015/'16;75;64;2;0;9;62;13;53;0;0;9;11;2;0;0
9367;Mannen;15 tot 20 jaar;Combinatie van sectoren;A-U Alle economische activiteiten;2016/'17;73;73;0;0;0;50;23;50;0;0;0;23;0;0;0
9368;Mannen;15 tot 20 jaar;Combinatie van sectoren;A-U Alle economische activiteiten;2017/'18;82;82;0;0;0;50;32;50;0;0;0;32;0;0;0
9369;Mannen;15 tot 20 jaar;Combinatie van sectoren;A-U Alle economische activiteiten;2018/'19;102;102;0;0;0;60;42;60;0;0;0;42;0;0;0
9370;Mannen;15 tot 20 jaar;Combinatie van sectoren;A-U Alle economische activiteiten;2019/'20;119;116;2;0;1;67;52;64;2;0;1;52;0;0;0
9371;Mannen;15 tot 20 jaar;Combinatie van sectoren;A-U Alle economische activiteiten;2020/'21;136;133;1;1;1;98;38;95;1;1;1;38;0;0;0
9372;Mannen;15 tot 20 jaar;Combinatie van sectoren;A Landbouw, bosbouw en visserij;2009/'10;3;3;0;0;0;3;0;3;0;0;0;0;0;0;0
9373;Mannen;15 tot 20 jaar;Combinatie van sectoren;A Landbouw, bosbouw en visserij;2010/'11;0;0;0;0;0;0;0;0;0;0;0;0;0;0;0
9374;Mannen;15 tot 20 jaar;Combinatie van sectoren;A Landbouw, bosbouw en visserij;2011/'12;3;3;0;0;0;3;0;3;0;0;0;0;0;0;0
9375;Mannen;15 tot 20 jaar;Combinatie van sectoren;A Landbouw, bosbouw en visserij;2012/'13;1;1;0;0;0;0;1;0;0;0;0;1;0;0;0
9376;Mannen;15 tot 20 jaar;Combinatie van sectoren;A Landbouw, bosbouw en visserij;2013/'14;0;0;0;0;0;0;0;0;0;0;0;0;0;0;0
9377;Mannen;15 tot 20 jaar;Combinatie van sectoren;A Landbouw, bosbouw en visserij;2014/'15;0;0;0;0;0;0;0;0;0;0;0;0;0;0;0
9378;Mannen;15 tot 20 jaar;Combinatie van sectoren;A Landbouw, bosbouw en visserij;2015/'16;3;3;0;0;0;3;0;3;0;0;0;0;0;0;0
9379;Mannen;15 tot 20 jaar;Combinatie van sectoren;A Landbouw, bosbouw en visserij;2016/'17;2;2;0;0;0;2;0;2;0;0;0;0;0;0;0
9380;Mannen;15 tot 20 jaar;Combinatie van sectoren;A Landbouw, bosbouw en visserij;2017/'18;2;2;0;0;0;1;1;1;0;0;0;1;0;0;0
9381;Mannen;15 tot 20 jaar;Combinatie van sectoren;A Landbouw, bosbouw en visserij;2018/'19;2;2;0;0;0;0;2;0;0;0;0;2;0;0;0
9382;Mannen;15 tot 20 jaar;Combinatie van sectoren;A Landbouw, bosbouw en visserij;2019/'20;2;2;0;0;0;2;0;2;0;0;0;0;0;0;0
9383;Mannen;15 tot 20 jaar;Combinatie van sectoren;A Landbouw, bosbouw en visserij;2020/'21;5;5;0;0;0;3;2;3;0;0;0;2;0;0;0
9384;Mannen;15 tot 20 jaar;Combinatie van sectoren;B-E Nijverheid (geen bouw) en energie;2009/'10;5;5;0;0;0;4;1;4;0;0;0;1;0;0;0
9385;Mannen;15 tot 20 jaar;Combinatie van sectoren;B-E Nijverheid (geen bouw) en energie;2010/'11;7;6;1;0;0;2;5;2;0;0;0;4;1;0;0
9386;Mannen;15 tot 20 jaar;Combinatie van sectoren;B-E Nijverheid (geen bouw) en energie;2011/'12;7;7;0;0;0;5;2;5;0;0;0;2;0;0;0
9387;Mannen;15 tot 20 jaar;Combinatie van sectoren;B-E Nijverheid (geen bouw) en energie;2012/'13;3;3;0;0;0;2;1;2;0;0;0;1;0;0;0
9388;Mannen;15 tot 20 jaar;Combinatie van sectoren;B-E Nijverheid (geen bouw) en energie;2013/'14;4;3;0;0;1;4;0;3;0;0;1;0;0;0;0
9389;Mannen;15 tot 20 jaar;Combinatie van sectoren;B-E Nijverheid (geen bouw) en energie;2014/'15;0;0;0;0;0;0;0;0;0;0;0;0;0;0;0
9390;Mannen;15 tot 20 jaar;Combinatie van sectoren;B-E Nijverheid (geen bouw) en energie;2015/'16;5;5;0;0;0;4;1;4;0;0;0;1;0;0;0
9391;Mannen;15 tot 20 jaar;Combinatie van sectoren;B-E Nijverheid (geen bouw) en energie;2016/'17;7;7;0;0;0;6;1;6;0;0;0;1;0;0;0
9392;Mannen;15 tot 20 jaar;Combinatie van sectoren;B-E Nijverheid (geen bouw) en energie;2017/'18;8;8;0;0;0;2;6;2;0;0;0;6;0;0;0
9393;Mannen;15 tot 20 jaar;Combinatie van sectoren;B-E Nijverheid (geen bouw) en energie;2018/'19;3;3;0;0;0;0;3;0;0;0;0;3;0;0;0
9394;Mannen;15 tot 20 jaar;Combinatie van sectoren;B-E Nijverheid (geen bouw) en energie;2019/'20;12;12;0;0;0;2;10;2;0;0;0;10;0;0;0
9395;Mannen;15 tot 20 jaar;Combinatie van sectoren;B-E Nijverheid (geen bouw) en energie;2020/'21;7;7;0;0;0;5;2;5;0;0;0;2;0;0;0
9396;Mannen;15 tot 20 jaar;Combinatie van sectoren;F Bouwnijverheid;2009/'10;9;9;0;0;0;8;1;8;0;0;0;1;0;0;0
9397;Mannen;15 tot 20 jaar;Combinatie van sectoren;F Bouwnijverheid;2010/'11;3;3;0;0;0;2;1;2;0;0;0;1;0;0;0
9398;Mannen;15 tot 20 jaar;Combinatie van sectoren;F Bouwnijverheid;2011/'12;0;0;0;0;0;0;0;0;0;0;0;0;0;0;0
9399;Mannen;15 tot 20 jaar;Combinatie van sectoren;F Bouwnijverheid;2012/'13;1;1;0;0;0;0;1;0;0;0;0;1;0;0;0
9400;Mannen;15 tot 20 jaar;Combinatie van sectoren;F Bouwnijverheid;2013/'14;1;1;0;0;0;1;0;1;0;0;0;0;0;0;0
9401;Mannen;15 tot 20 jaar;Combinatie van sectoren;F Bouwnijverheid;2014/'15;1;1;0;0;0;1;0;1;0;0;0;0;0;0;0
9402;Mannen;15 tot 20 jaar;Combinatie van sectoren;F Bouwnijverheid;2015/'16;0;0;0;0;0;0;0;0;0;0;0;0;0;0;0
9403;Mannen;15 tot 20 jaar;Combinatie van sectoren;F Bouwnijverheid;2016/'17;2;2;0;0;0;0;2;0;0;0;0;2;0;0;0
9404;Mannen;15 tot 20 jaar;Combinatie van sectoren;F Bouwnijverheid;2017/'18;2;2;0;0;0;0;2;0;0;0;0;2;0;0;0
9405;Mannen;15 tot 20 jaar;Combinatie van sectoren;F Bouwnijverheid;2018/'19;3;3;0;0;0;1;2;1;0;0;0;2;0;0;0
9406;Mannen;15 tot 20 jaar;Combinatie van sectoren;F Bouwnijverheid;2019/'20;3;3;0;0;0;0;3;0;0;0;0;3;0;0;0
9407;Mannen;15 tot 20 jaar;Combinatie van sectoren;F Bouwnijverheid;2020/'21;5;5;0;0;0;2;3;2;0;0;0;3;0;0;0
9408;Mannen;15 tot 20 jaar;Combinatie van sectoren;G-I Handel, vervoer en horeca;2009/'10;68;65;3;0;0;60;8;58;2;0;0;7;1;0;0
9409;Mannen;15 tot 20 jaar;Combinatie van sectoren;G-I Handel, vervoer en horeca;2010/'11;50;47;3;0;0;35;15;35;0;0;0;12;3;0;0
9410;Mannen;15 tot 20 jaar;Combinatie van sectoren;G-I Handel, vervoer en horeca;2011/'12;50;40;6;0;4;42;8;35;3;0;4;5;3;0;0
9411;Mannen;15 tot 20 jaar;Combinatie van sectoren;G-I Handel, vervoer en horeca;2012/'13;74;67;0;0;7;66;8;59;0;0;7;8;0;0;0
9412;Mannen;15 tot 20 jaar;Combinatie van sectoren;G-I Handel, vervoer en horeca;2013/'14;70;63;1;0;6;61;9;54;1;0;6;9;0;0;0
9413;Mannen;15 tot 20 jaar;Combinatie van sectoren;G-I Handel, vervoer en horeca;2014/'15;38;33;0;0;5;35;3;30;0;0;5;3;0;0;0
9414;Mannen;15 tot 20 jaar;Combinatie van sectoren;G-I Handel, vervoer en horeca;2015/'16;50;41;2;0;7;40;10;33;0;0;7;8;2;0;0
9415;Mannen;15 tot 20 jaar;Combinatie van sectoren;G-I Handel, vervoer en horeca;2016/'17;39;39;0;0;0;27;12;27;0;0;0;12;0;0;0
9416;Mannen;15 tot 20 jaar;Combinatie van sectoren;G-I Handel, vervoer en horeca;2017/'18;41;41;0;0;0;28;13;28;0;0;0;13;0;0;0
9417;Mannen;15 tot 20 jaar;Combinatie van sectoren;G-I Handel, vervoer en horeca;2018/'19;54;54;0;0;0;32;22;32;0;0;0;22;0;0;0
9418;Mannen;15 tot 20 jaar;Combinatie van sectoren;G-I Handel, vervoer en horeca;2019/'20;68;67;0;0;1;41;27;40;0;0;1;27;0;0;0
9419;Mannen;15 tot 20 jaar;Combinatie van sectoren;G-I Handel, vervoer en horeca;2020/'21;80;78;1;1;0;58;22;56;1;1;0;22;0;0;0
9420;Mannen;15 tot 20 jaar;Combinatie van sectoren;J Informatie en communicatie;2009/'10;2;2;0;0;0;2;0;2;0;0;0;0;0;0;0
9421;Mannen;15 tot 20 jaar;Combinatie van sectoren;J Informatie en communicatie;2010/'11;1;1;0;0;0;1;0;1;0;0;0;0;0;0;0
9422;Mannen;15 tot 20 jaar;Combinatie van sectoren;J Informatie en communicatie;2011/'12;0;0;0;0;0;0;0;0;0;0;0;0;0;0;0
9423;Mannen;15 tot 20 jaar;Combinatie van sectoren;J Informatie en communicatie;2012/'13;0;0;0;0;0;0;0;0;0;0;0;0;0;0;0
9424;Mannen;15 tot 20 jaar;Combinatie van sectoren;J Informatie en communicatie;2013/'14;0;0;0;0;0;0;0;0;0;0;0;0;0;0;0
9425;Mannen;15 tot 20 jaar;Combinatie van sectoren;J Informatie en communicatie;2014/'15;1;1;0;0;0;1;0;1;0;0;0;0;0;0;0
9426;Mannen;15 tot 20 jaar;Combinatie van sectoren;J Informatie en communicatie;2015/'16;0;0;0;0;0;0;0;0;0;0;0;0;0;0;0
9427;Mannen;15 tot 20 jaar;Combinatie van sectoren;J Informatie en communicatie;2016/'17;0;0;0;0;0;0;0;0;0;0;0;0;0;0;0
9428;Mannen;15 tot 20 jaar;Combinatie van sectoren;J Informatie en communicatie;2017/'18;0;0;0;0;0;0;0;0;0;0;0;0;0;0;0
9429;Mannen;15 tot 20 jaar;Combinatie van sectoren;J Informatie en communicatie;2018/'19;1;1;0;0;0;0;1;0;0;0;0;1;0;0;0
9430;Mannen;15 tot 20 jaar;Combinatie van sectoren;J Informatie en communicatie;2019/'20;0;0;0;0;0;0;0;0;0;0;0;0;0;0;0
9431;Mannen;15 tot 20 jaar;Combinatie van sectoren;J Informatie en communicatie;2020/'21;0;0;0;0;0;0;0;0;0;0;0;0;0;0;0
9432;Mannen;15 tot 20 jaar;Combinatie van sectoren;K Financiële dienstverlening;2009/'10;0;0;0;0;0;0;0;0;0;0;0;0;0;0;0
9433;Mannen;15 tot 20 jaar;Combinatie van sectoren;K Financiële dienstverlening;2010/'11;0;0;0;0;0;0;0;0;0;0;0;0;0;0;0
9434;Mannen;15 tot 20 jaar;Combinatie van sectoren;K Financiële dienstverlening;2011/'12;0;0;0;0;0;0;0;0;0;0;0;0;0;0;0
9435;Mannen;15 tot 20 jaar;Combinatie van sectoren;K Financiële dienstverlening;2012/'13;0;0;0;0;0;0;0;0;0;0;0;0;0;0;0
9436;Mannen;15 tot 20 jaar;Combinatie van sectoren;K Financiële dienstverlening;2013/'14;0;0;0;0;0;0;0;0;0;0;0;0;0;0;0
9437;Mannen;15 tot 20 jaar;Combinatie van sectoren;K Financiële dienstverlening;2014/'15;0;0;0;0;0;0;0;0;0;0;0;0;0;0;0
9438;Mannen;15 tot 20 jaar;Combinatie van sectoren;K Financiële dienstverlening;2015/'16;0;0;0;0;0;0;0;0;0;0;0;0;0;0;0
9439;Mannen;15 tot 20 jaar;Combinatie van sectoren;K Financiële dienstverlening;2016/'17;0;0;0;0;0;0;0;0;0;0;0;0;0;0;0
9440;Mannen;15 tot 20 jaar;Combinatie van sectoren;K Financiële dienstverlening;2017/'18;1;1;0;0;0;0;1;0;0;0;0;1;0;0;0
9441;Mannen;15 tot 20 jaar;Combinatie van sectoren;K Financiële dienstverlening;2018/'19;0;0;0;0;0;0;0;0;0;0;0;0;0;0;0
9442;Mannen;15 tot 20 jaar;Combinatie van sectoren;K Financiële dienstverlening;2019/'20;0;0;0;0;0;0;0;0;0;0;0;0;0;0;0
9443;Mannen;15 tot 20 jaar;Combinatie van sectoren;K Financiële dienstverlening;2020/'21;1;1;0;0;0;1;0;1;0;0;0;0;0;0;0
9444;Mannen;15 tot 20 jaar;Combinatie van sectoren;L Verhuur en handel van onroerend goed;2009/'10;0;0;0;0;0;0;0;0;0;0;0;0;0;0;0
9445;Mannen;15 tot 20 jaar;Combinatie van sectoren;L Verhuur en handel van onroerend goed;2010/'11;0;0;0;0;0;0;0;0;0;0;0;0;0;0;0
9446;Mannen;15 tot 20 jaar;Combinatie van sectoren;L Verhuur en handel van onroerend goed;2011/'12;0;0;0;0;0;0;0;0;0;0;0;0;0;0;0
9447;Mannen;15 tot 20 jaar;Combinatie van sectoren;L Verhuur en handel van onroerend goed;2012/'13;0;0;0;0;0;0;0;0;0;0;0;0;0;0;0
9448;Mannen;15 tot 20 jaar;Combinatie van sectoren;L Verhuur en handel van onroerend goed;2013/'14;1;1;0;0;0;1;0;1;0;0;0;0;0;0;0
9449;Mannen;15 tot 20 jaar;Combinatie van sectoren;L Verhuur en handel van onroerend goed;2014/'15;1;1;0;0;0;1;0;1;0;0;0;0;0;0;0
9450;Mannen;15 tot 20 jaar;Combinatie van sectoren;L Verhuur en handel van onroerend goed;2015/'16;0;0;0;0;0;0;0;0;0;0;0;0;0;0;0
9451;Mannen;15 tot 20 jaar;Combinatie van sectoren;L Verhuur en handel van onroerend goed;2016/'17;0;0;0;0;0;0;0;0;0;0;0;0;0;0;0
9452;Mannen;15 tot 20 jaar;Combinatie van sectoren;L Verhuur en handel van onroerend goed;2017/'18;0;0;0;0;0;0;0;0;0;0;0;0;0;0;0
9453;Mannen;15 tot 20 jaar;Combinatie van sectoren;L Verhuur en handel van onroerend goed;2018/'19;0;0;0;0;0;0;0;0;0;0;0;0;0;0;0
9454;Mannen;15 tot 20 jaar;Combinatie van sectoren;L Verhuur en handel van onroerend goed;2019/'20;0;0;0;0;0;0;0;0;0;0;0;0;0;0;0
9455;Mannen;15 tot 20 jaar;Combinatie van sectoren;L Verhuur en handel van onroerend goed;2020/'21;0;0;0;0;0;0;0;0;0;0;0;0;0;0;0
9456;Mannen;15 tot 20 jaar;Combinatie van sectoren;M-N Zakelijke dienstverlening;2009/'10;41;35;6;0;0;33;8;29;4;0;0;6;2;0;0
9457;Mannen;15 tot 20 jaar;Combinatie van sectoren;M-N Zakelijke dienstverlening;2010/'11;20;19;1;0;0;15;5;15;0;0;0;4;1;0;0
9458;Mannen;15 tot 20 jaar;Combinatie van sectoren;M-N Zakelijke dienstverlening;2011/'12;15;15;0;0;0;12;3;12;0;0;0;3;0;0;0
9459;Mannen;15 tot 20 jaar;Combinatie van sectoren;M-N Zakelijke dienstverlening;2012/'13;22;20;0;0;2;20;2;18;0;0;2;2;0;0;0
9460;Mannen;15 tot 20 jaar;Combinatie van sectoren;M-N Zakelijke dienstverlening;2013/'14;22;21;0;0;1;19;3;18;0;0;1;3;0;0;0
9461;Mannen;15 tot 20 jaar;Combinatie van sectoren;M-N Zakelijke dienstverlening;2014/'15;8;8;0;0;0;5;3;5;0;0;0;3;0;0;0
9462;Mannen;15 tot 20 jaar;Combinatie van sectoren;M-N Zakelijke dienstverlening;2015/'16;13;11;0;0;2;11;2;9;0;0;2;2;0;0;0
9463;Mannen;15 tot 20 jaar;Combinatie van sectoren;M-N Zakelijke dienstverlening;2016/'17;22;22;0;0;0;14;8;14;0;0;0;8;0;0;0
9464;Mannen;15 tot 20 jaar;Combinatie van sectoren;M-N Zakelijke dienstverlening;2017/'18;26;26;0;0;0;18;8;18;0;0;0;8;0;0;0
9465;Mannen;15 tot 20 jaar;Combinatie van sectoren;M-N Zakelijke dienstverlening;2018/'19;36;36;0;0;0;25;11;25;0;0;0;11;0;0;0
9466;Mannen;15 tot 20 jaar;Combinatie van sectoren;M-N Zakelijke dienstverlening;2019/'20;30;28;2;0;0;20;10;18;2;0;0;10;0;0;0
9467;Mannen;15 tot 20 jaar;Combinatie van sectoren;M-N Zakelijke dienstverlening;2020/'21;34;33;0;0;1;27;7;26;0;0;1;7;0;0;0
9468;Mannen;15 tot 20 jaar;Combinatie van sectoren;O-Q Overheid en zorg;2009/'10;6;6;0;0;0;6;0;6;0;0;0;0;0;0;0
9469;Mannen;15 tot 20 jaar;Combinatie van sectoren;O-Q Overheid en zorg;2010/'11;4;4;0;0;0;4;0;4;0;0;0;0;0;0;0
9470;Mannen;15 tot 20 jaar;Combinatie van sectoren;O-Q Overheid en zorg;2011/'12;2;2;0;0;0;2;0;2;0;0;0;0;0;0;0
9471;Mannen;15 tot 20 jaar;Combinatie van sectoren;O-Q Overheid en zorg;2012/'13;1;1;0;0;0;0;1;0;0;0;0;1;0;0;0
9472;Mannen;15 tot 20 jaar;Combinatie van sectoren;O-Q Overheid en zorg;2013/'14;0;0;0;0;0;0;0;0;0;0;0;0;0;0;0
9473;Mannen;15 tot 20 jaar;Combinatie van sectoren;O-Q Overheid en zorg;2014/'15;1;0;0;0;1;1;0;0;0;0;1;0;0;0;0
9474;Mannen;15 tot 20 jaar;Combinatie van sectoren;O-Q Overheid en zorg;2015/'16;2;2;0;0;0;2;0;2;0;0;0;0;0;0;0
9475;Mannen;15 tot 20 jaar;Combinatie van sectoren;O-Q Overheid en zorg;2016/'17;0;0;0;0;0;0;0;0;0;0;0;0;0;0;0
9476;Mannen;15 tot 20 jaar;Combinatie van sectoren;O-Q Overheid en zorg;2017/'18;1;1;0;0;0;1;0;1;0;0;0;0;0;0;0
9477;Mannen;15 tot 20 jaar;Combinatie van sectoren;O-Q Overheid en zorg;2018/'19;0;0;0;0;0;0;0;0;0;0;0;0;0;0;0
9478;Mannen;15 tot 20 jaar;Combinatie van sectoren;O-Q Overheid en zorg;2019/'20;2;2;0;0;0;1;1;1;0;0;0;1;0;0;0
9479;Mannen;15 tot 20 jaar;Combinatie van sectoren;O-Q Overheid en zorg;2020/'21;2;2;0;0;0;1;1;1;0;0;0;1;0;0;0
9480;Mannen;15 tot 20 jaar;Combinatie van sectoren;R-U Cultuur, recreatie, overige diensten;2009/'10;1;1;0;0;0;1;0;1;0;0;0;0;0;0;0
9481;Mannen;15 tot 20 jaar;Combinatie van sectoren;R-U Cultuur, recreatie, overige diensten;2010/'11;5;4;1;0;0;3;2;3;0;0;0;1;1;0;0
9482;Mannen;15 tot 20 jaar;Combinatie van sectoren;R-U Cultuur, recreatie, overige diensten;2011/'12;3;3;0;0;0;1;2;1;0;0;0;2;0;0;0
9483;Mannen;15 tot 20 jaar;Combinatie van sectoren;R-U Cultuur, recreatie, overige diensten;2012/'13;1;1;0;0;0;1;0;1;0;0;0;0;0;0;0
9484;Mannen;15 tot 20 jaar;Combinatie van sectoren;R-U Cultuur, recreatie, overige diensten;2013/'14;2;2;0;0;0;2;0;2;0;0;0;0;0;0;0
9485;Mannen;15 tot 20 jaar;Combinatie van sectoren;R-U Cultuur, recreatie, overige diensten;2014/'15;1;1;0;0;0;1;0;1;0;0;0;0;0;0;0
9486;Mannen;15 tot 20 jaar;Combinatie van sectoren;R-U Cultuur, recreatie, overige diensten;2015/'16;1;1;0;0;0;1;0;1;0;0;0;0;0;0;0
9487;Mannen;15 tot 20 jaar;Combinatie van sectoren;R-U Cultuur, recreatie, overige diensten;2016/'17;1;1;0;0;0;1;0;1;0;0;0;0;0;0;0
9488;Mannen;15 tot 20 jaar;Combinatie van sectoren;R-U Cultuur, recreatie, overige diensten;2017/'18;1;1;0;0;0;0;1;0;0;0;0;1;0;0;0
9489;Mannen;15 tot 20 jaar;Combinatie van sectoren;R-U Cultuur, recreatie, overige diensten;2018/'19;3;3;0;0;0;2;1;2;0;0;0;1;0;0;0
9490;Mannen;15 tot 20 jaar;Combinatie van sectoren;R-U Cultuur, recreatie, overige diensten;2019/'20;2;2;0;0;0;1;1;1;0;0;0;1;0;0;0
9491;Mannen;15 tot 20 jaar;Combinatie van sectoren;R-U Cultuur, recreatie, overige diensten;2020/'21;2;2;0;0;0;1;1;1;0;0;0;1;0;0;0
9492;Mannen;15 tot 20 jaar;Combinatie van sectoren;SBI-code onbekend;2009/'10;0;0;0;0;0;0;0;0;0;0;0;0;0;0;0
9493;Mannen;15 tot 20 jaar;Combinatie van sectoren;SBI-code onbekend;2010/'11;0;0;0;0;0;0;0;0;0;0;0;0;0;0;0
9494;Mannen;15 tot 20 jaar;Combinatie van sectoren;SBI-code onbekend;2011/'12;1;1;0;0;0;1;0;1;0;0;0;0;0;0;0
9495;Mannen;15 tot 20 jaar;Combinatie van sectoren;SBI-code onbekend;2012/'13;0;0;0;0;0;0;0;0;0;0;0;0;0;0;0
9496;Mannen;15 tot 20 jaar;Combinatie van sectoren;SBI-code onbekend;2013/'14;0;0;0;0;0;0;0;0;0;0;0;0;0;0;0
9497;Mannen;15 tot 20 jaar;Combinatie van sectoren;SBI-code onbekend;2014/'15;0;0;0;0;0;0;0;0;0;0;0;0;0;0;0
9498;Mannen;15 tot 20 jaar;Combinatie van sectoren;SBI-code onbekend;2015/'16;1;1;0;0;0;1;0;1;0;0;0;0;0;0;0
9499;Mannen;15 tot 20 jaar;Combinatie van sectoren;SBI-code onbekend;2016/'17;0;0;0;0;0;0;0;0;0;0;0;0;0;0;0
9500;Mannen;15 tot 20 jaar;Combinatie van sectoren;SBI-code onbekend;2017/'18;0;0;0;0;0;0;0;0;0;0;0;0;0;0;0
9501;Mannen;15 tot 20 jaar;Combinatie van sectoren;SBI-code onbekend;2018/'19;0;0;0;0;0;0;0;0;0;0;0;0;0;0;0
9502;Mannen;15 tot 20 jaar;Combinatie van sectoren;SBI-code onbekend;2019/'20;0;0;0;0;0;0;0;0;0;0;0;0;0;0;0
9503;Mannen;15 tot 20 jaar;Combinatie van sectoren;SBI-code onbekend;2020/'21;0;0;0;0;0;0;0;0;0;0;0;0;0;0;0
9504;Mannen;20 tot 25 jaar;Totaal;A-U Alle economische activiteiten;2009/'10;1819;321;780;297;421;621;1198;81;122;105;313;240;658;192;108
9505;Mannen;20 tot 25 jaar;Totaal;A-U Alle economische activiteiten;2010/'11;1438;322;526;232;358;529;909;71;83;93;282;251;443;139;76
9506;Mannen;20 tot 25 jaar;Totaal;A-U Alle economische activiteiten;2011/'12;1321;268;454;214;385;491;830;68;61;80;282;200;393;134;103
9507;Mannen;20 tot 25 jaar;Totaal;A-U Alle economische activiteiten;2012/'13;1100;226;287;205;382;487;613;75;58;61;293;151;229;144;89
9508;Mannen;20 tot 25 jaar;Totaal;A-U Alle economische activiteiten;2013/'14;981;143;242;150;446;552;429;67;73;45;367;76;169;105;79
9509;Mannen;20 tot 25 jaar;Totaal;A-U Alle economische activiteiten;2014/'15;840;112;175;134;419;494;346;62;47;43;342;50;128;91;77
9510;Mannen;20 tot 25 jaar;Totaal;A-U Alle economische activiteiten;2015/'16;791;138;149;137;367;426;365;56;41;42;287;82;108;95;80
9511;Mannen;20 tot 25 jaar;Totaal;A-U Alle economische activiteiten;2016/'17;818;134;159;143;382;437;381;69;33;29;306;65;126;114;76
9512;Mannen;20 tot 25 jaar;Totaal;A-U Alle economische activiteiten;2017/'18;723;131;158;120;314;370;353;79;25;26;240;52;133;94;74
9513;Mannen;20 tot 25 jaar;Totaal;A-U Alle economische activiteiten;2018/'19;974;248;185;158;383;482;492;135;37;22;288;113;148;136;95
9514;Mannen;20 tot 25 jaar;Totaal;A-U Alle economische activiteiten;2019/'20;1045;292;187;186;380;557;488;189;49;40;279;103;138;146;101
9515;Mannen;20 tot 25 jaar;Totaal;A-U Alle economische activiteiten;2020/'21;1081;320;174;167;420;595;486;218;49;26;302;102;125;141;118
9516;Mannen;20 tot 25 jaar;Totaal;A Landbouw, bosbouw en visserij;2009/'10;26;2;7;9;8;4;22;0;0;1;3;2;7;8;5
9517;Mannen;20 tot 25 jaar;Totaal;A Landbouw, bosbouw en visserij;2010/'11;17;5;3;5;4;8;9;2;1;1;4;3;2;4;0
9518;Mannen;20 tot 25 jaar;Totaal;A Landbouw, bosbouw en visserij;2011/'12;25;5;13;3;4;7;18;1;3;0;3;4;10;3;1
9519;Mannen;20 tot 25 jaar;Totaal;A Landbouw, bosbouw en visserij;2012/'13;21;5;5;5;6;5;16;0;0;0;5;5;5;5;1
9520;Mannen;20 tot 25 jaar;Totaal;A Landbouw, bosbouw en visserij;2013/'14;11;2;4;2;3;7;4;1;1;2;3;1;3;0;0
9521;Mannen;20 tot 25 jaar;Totaal;A Landbouw, bosbouw en visserij;2014/'15;16;4;3;3;6;10;6;3;1;1;5;1;2;2;1
9522;Mannen;20 tot 25 jaar;Totaal;A Landbouw, bosbouw en visserij;2015/'16;22;6;1;5;10;12;10;2;1;1;8;4;0;4;2
9523;Mannen;20 tot 25 jaar;Totaal;A Landbouw, bosbouw en visserij;2016/'17;13;1;2;1;9;7;6;0;0;0;7;1;2;1;2
9524;Mannen;20 tot 25 jaar;Totaal;A Landbouw, bosbouw en visserij;2017/'18;15;1;1;3;10;11;4;1;1;0;9;0;0;3;1
9525;Mannen;20 tot 25 jaar;Totaal;A Landbouw, bosbouw en visserij;2018/'19;14;3;2;2;7;7;7;1;1;0;5;2;1;2;2
9526;Mannen;20 tot 25 jaar;Totaal;A Landbouw, bosbouw en visserij;2019/'20;15;2;1;4;8;9;6;1;0;0;8;1;1;4;0
9527;Mannen;20 tot 25 jaar;Totaal;A Landbouw, bosbouw en visserij;2020/'21;9;2;1;5;1;2;7;1;0;0;1;1;1;5;0
9528;Mannen;20 tot 25 jaar;Totaal;B-E Nijverheid (geen bouw) en energie;2009/'10;277;152;89;12;24;28;249;2;9;3;14;150;80;9;10
9529;Mannen;20 tot 25 jaar;Totaal;B-E Nijverheid (geen bouw) en energie;2010/'11;234;158;46;15;15;21;213;3;7;3;8;155;39;12;7
9530;Mannen;20 tot 25 jaar;Totaal;B-E Nijverheid (geen bouw) en energie;2011/'12;178;121;31;12;14;20;158;5;5;2;8;116;26;10;6
9531;Mannen;20 tot 25 jaar;Totaal;B-E Nijverheid (geen bouw) en energie;2012/'13;129;84;22;8;15;19;110;5;3;1;10;79;19;7;5
9532;Mannen;20 tot 25 jaar;Totaal;B-E Nijverheid (geen bouw) en energie;2013/'14;67;39;16;3;9;13;54;3;2;1;7;36;14;2;2
9533;Mannen;20 tot 25 jaar;Totaal;B-E Nijverheid (geen bouw) en energie;2014/'15;60;21;11;7;21;16;44;2;0;0;14;19;11;7;7
9534;Mannen;20 tot 25 jaar;Totaal;B-E Nijverheid (geen bouw) en energie;2015/'16;70;39;16;6;9;11;59;3;2;1;5;36;14;5;4
9535;Mannen;20 tot 25 jaar;Totaal;B-E Nijverheid (geen bouw) en energie;2016/'17;60;27;10;14;9;15;45;6;2;1;6;21;8;13;3
9536;Mannen;20 tot 25 jaar;Totaal;B-E Nijverheid (geen bouw) en energie;2017/'18;43;11;11;9;12;10;33;2;0;1;7;9;11;8;5
9537;Mannen;20 tot 25 jaar;Totaal;B-E Nijverheid (geen bouw) en energie;2018/'19;50;18;9;6;17;15;35;5;0;0;10;13;9;6;7
9538;Mannen;20 tot 25 jaar;Totaal;B-E Nijverheid (geen bouw) en energie;2019/'20;77;29;17;12;19;22;55;11;3;2;6;18;14;10;13
9539;Mannen;20 tot 25 jaar;Totaal;B-E Nijverheid (geen bouw) en energie;2020/'21;65;19;16;15;15;13;52;4;1;0;8;15;15;15;7
9540;Mannen;20 tot 25 jaar;Totaal;F Bouwnijverheid;2009/'10;147;13;103;21;10;26;121;5;8;5;8;8;95;16;2
9541;Mannen;20 tot 25 jaar;Totaal;F Bouwnijverheid;2010/'11;81;9;59;9;4;7;74;2;3;0;2;7;56;9;2
9542;Mannen;20 tot 25 jaar;Totaal;F Bouwnijverheid;2011/'12;45;7;25;8;5;6;39;3;0;2;1;4;25;6;4
9543;Mannen;20 tot 25 jaar;Totaal;F Bouwnijverheid;2012/'13;45;3;25;8;9;10;35;2;2;3;3;1;23;5;6
9544;Mannen;20 tot 25 jaar;Totaal;F Bouwnijverheid;2013/'14;28;8;8;5;7;6;22;3;0;0;3;5;8;5;4
9545;Mannen;20 tot 25 jaar;Totaal;F Bouwnijverheid;2014/'15;21;2;11;5;3;2;19;1;0;0;1;1;11;5;2
9546;Mannen;20 tot 25 jaar;Totaal;F Bouwnijverheid;2015/'16;28;5;8;3;12;11;17;4;0;0;7;1;8;3;5
9547;Mannen;20 tot 25 jaar;Totaal;F Bouwnijverheid;2016/'17;22;2;12;4;4;4;18;0;2;0;2;2;10;4;2
9548;Mannen;20 tot 25 jaar;Totaal;F Bouwnijverheid;2017/'18;18;6;4;3;5;4;14;2;0;0;2;4;4;3;3
9549;Mannen;20 tot 25 jaar;Totaal;F Bouwnijverheid;2018/'19;29;9;8;5;7;5;24;3;0;0;2;6;8;5;5
9550;Mannen;20 tot 25 jaar;Totaal;F Bouwnijverheid;2019/'20;33;10;10;9;4;6;27;3;0;0;3;7;10;9;1
9551;Mannen;20 tot 25 jaar;Totaal;F Bouwnijverheid;2020/'21;30;5;16;3;6;7;23;1;2;0;4;4;14;3;2
9552;Mannen;20 tot 25 jaar;Totaal;G-I Handel, vervoer en horeca;2009/'10;546;44;223;114;165;189;357;19;27;28;115;25;196;86;50
9553;Mannen;20 tot 25 jaar;Totaal;G-I Handel, vervoer en horeca;2010/'11;476;52;174;88;162;193;283;19;27;30;117;33;147;58;45
9554;Mannen;20 tot 25 jaar;Totaal;G-I Handel, vervoer en horeca;2011/'12;498;44;161;89;204;224;274;24;20;31;149;20;141;58;55
9555;Mannen;20 tot 25 jaar;Totaal;G-I Handel, vervoer en horeca;2012/'13;442;57;101;94;190;229;213;32;23;27;147;25;78;67;43
9556;Mannen;20 tot 25 jaar;Totaal;G-I Handel, vervoer en horeca;2013/'14;466;40;108;76;242;282;184;25;39;21;197;15;69;55;45
9557;Mannen;20 tot 25 jaar;Totaal;G-I Handel, vervoer en horeca;2014/'15;415;48;87;54;226;264;151;32;24;22;186;16;63;32;40
9558;Mannen;20 tot 25 jaar;Totaal;G-I Handel, vervoer en horeca;2015/'16;375;35;73;65;202;221;154;18;24;21;158;17;49;44;44
9559;Mannen;20 tot 25 jaar;Totaal;G-I Handel, vervoer en horeca;2016/'17;388;50;61;65;212;229;159;34;13;15;167;16;48;50;45
9560;Mannen;20 tot 25 jaar;Totaal;G-I Handel, vervoer en horeca;2017/'18;369;60;75;56;178;198;171;45;10;10;133;15;65;46;45
9561;Mannen;20 tot 25 jaar;Totaal;G-I Handel, vervoer en horeca;2018/'19;495;110;86;82;217;260;235;70;19;12;159;40;67;70;58
9562;Mannen;20 tot 25 jaar;Totaal;G-I Handel, vervoer en horeca;2019/'20;492;110;79;100;203;268;224;76;24;24;144;34;55;76;59
9563;Mannen;20 tot 25 jaar;Totaal;G-I Handel, vervoer en horeca;2020/'21;506;128;71;80;227;305;201;103;24;17;161;25;47;63;66
9564;Mannen;20 tot 25 jaar;Totaal;J Informatie en communicatie;2009/'10;15;0;5;3;7;9;6;0;0;3;6;0;5;0;1
9565;Mannen;20 tot 25 jaar;Totaal;J Informatie en communicatie;2010/'11;6;1;0;0;5;5;1;1;0;0;4;0;0;0;1
9566;Mannen;20 tot 25 jaar;Totaal;J Informatie en communicatie;2011/'12;8;0;4;2;2;3;5;0;1;0;2;0;3;2;0
9567;Mannen;20 tot 25 jaar;Totaal;J Informatie en communicatie;2012/'13;6;0;0;1;5;3;3;0;0;0;3;0;0;1;2
9568;Mannen;20 tot 25 jaar;Totaal;J Informatie en communicatie;2013/'14;4;0;1;1;2;3;1;0;1;0;2;0;0;1;0
9569;Mannen;20 tot 25 jaar;Totaal;J Informatie en communicatie;2014/'15;2;0;1;0;1;1;1;0;0;0;1;0;1;0;0
9570;Mannen;20 tot 25 jaar;Totaal;J Informatie en communicatie;2015/'16;3;0;0;0;3;3;0;0;0;0;3;0;0;0;0
9571;Mannen;20 tot 25 jaar;Totaal;J Informatie en communicatie;2016/'17;3;0;1;0;2;2;1;0;1;0;1;0;0;0;1
9572;Mannen;20 tot 25 jaar;Totaal;J Informatie en communicatie;2017/'18;4;0;0;0;4;3;1;0;0;0;3;0;0;0;1
9573;Mannen;20 tot 25 jaar;Totaal;J Informatie en communicatie;2018/'19;1;0;0;0;1;1;0;0;0;0;1;0;0;0;0
9574;Mannen;20 tot 25 jaar;Totaal;J Informatie en communicatie;2019/'20;9;1;2;0;6;4;5;1;0;0;3;0;2;0;3
9575;Mannen;20 tot 25 jaar;Totaal;J Informatie en communicatie;2020/'21;11;2;2;1;6;6;5;1;0;0;5;1;2;1;1
9576;Mannen;20 tot 25 jaar;Totaal;K Financiële dienstverlening;2009/'10;7;1;2;2;2;2;5;1;0;1;0;0;2;1;2
9577;Mannen;20 tot 25 jaar;Totaal;K Financiële dienstverlening;2010/'11;4;1;1;1;1;2;2;1;1;0;0;0;0;1;1
9578;Mannen;20 tot 25 jaar;Totaal;K Financiële dienstverlening;2011/'12;2;0;1;0;1;1;1;0;0;0;1;0;1;0;0
9579;Mannen;20 tot 25 jaar;Totaal;K Financiële dienstverlening;2012/'13;1;0;0;0;1;1;0;0;0;0;1;0;0;0;0
9580;Mannen;20 tot 25 jaar;Totaal;K Financiële dienstverlening;2013/'14;1;0;0;0;1;1;0;0;0;0;1;0;0;0;0
9581;Mannen;20 tot 25 jaar;Totaal;K Financiële dienstverlening;2014/'15;3;1;0;0;2;3;0;1;0;0;2;0;0;0;0
9582;Mannen;20 tot 25 jaar;Totaal;K Financiële dienstverlening;2015/'16;2;0;0;0;2;1;1;0;0;0;1;0;0;0;1
9583;Mannen;20 tot 25 jaar;Totaal;K Financiële dienstverlening;2016/'17;2;1;0;1;0;0;2;0;0;0;0;1;0;1;0
9584;Mannen;20 tot 25 jaar;Totaal;K Financiële dienstverlening;2017/'18;4;0;1;1;2;3;1;0;1;0;2;0;0;1;0
9585;Mannen;20 tot 25 jaar;Totaal;K Financiële dienstverlening;2018/'19;2;0;0;0;2;1;1;0;0;0;1;0;0;0;1
9586;Mannen;20 tot 25 jaar;Totaal;K Financiële dienstverlening;2019/'20;2;0;0;1;1;1;1;0;0;0;1;0;0;1;0
9587;Mannen;20 tot 25 jaar;Totaal;K Financiële dienstverlening;2020/'21;7;2;1;2;2;5;2;1;1;1;2;1;0;1;0
9588;Mannen;20 tot 25 jaar;Totaal;L Verhuur en handel van onroerend goed;2009/'10;3;0;0;1;2;1;2;0;0;0;1;0;0;1;1
9589;Mannen;20 tot 25 jaar;Totaal;L Verhuur en handel van onroerend goed;2010/'11;4;0;3;0;1;1;3;0;0;0;1;0;3;0;0
9590;Mannen;20 tot 25 jaar;Totaal;L Verhuur en handel van onroerend goed;2011/'12;1;0;1;0;0;0;1;0;0;0;0;0;1;0;0
9591;Mannen;20 tot 25 jaar;Totaal;L Verhuur en handel van onroerend goed;2012/'13;5;2;1;1;1;3;2;2;0;0;1;0;1;1;0
9592;Mannen;20 tot 25 jaar;Totaal;L Verhuur en handel van onroerend goed;2013/'14;1;0;0;0;1;1;0;0;0;0;1;0;0;0;0
9593;Mannen;20 tot 25 jaar;Totaal;L Verhuur en handel van onroerend goed;2014/'15;1;0;0;0;1;1;0;0;0;0;1;0;0;0;0
9594;Mannen;20 tot 25 jaar;Totaal;L Verhuur en handel van onroerend goed;2015/'16;0;0;0;0;0;0;0;0;0;0;0;0;0;0;0
9595;Mannen;20 tot 25 jaar;Totaal;L Verhuur en handel van onroerend goed;2016/'17;3;0;0;0;3;3;0;0;0;0;3;0;0;0;0
9596;Mannen;20 tot 25 jaar;Totaal;L Verhuur en handel van onroerend goed;2017/'18;1;0;1;0;0;0;1;0;0;0;0;0;1;0;0
9597;Mannen;20 tot 25 jaar;Totaal;L Verhuur en handel van onroerend goed;2018/'19;1;0;0;0;1;1;0;0;0;0;1;0;0;0;0
9598;Mannen;20 tot 25 jaar;Totaal;L Verhuur en handel van onroerend goed;2019/'20;3;1;2;0;0;1;2;1;0;0;0;0;2;0;0
9599;Mannen;20 tot 25 jaar;Totaal;L Verhuur en handel van onroerend goed;2020/'21;1;1;0;0;0;1;0;1;0;0;0;0;0;0;0
9600;Mannen;20 tot 25 jaar;Totaal;M-N Zakelijke dienstverlening;2009/'10;539;95;244;70;130;247;292;50;66;26;105;45;178;44;25
9601;Mannen;20 tot 25 jaar;Totaal;M-N Zakelijke dienstverlening;2010/'11;394;77;159;57;101;182;212;39;33;19;91;38;126;38;10
9602;Mannen;20 tot 25 jaar;Totaal;M-N Zakelijke dienstverlening;2011/'12;372;66;148;53;105;160;212;27;26;19;88;39;122;34;17
9603;Mannen;20 tot 25 jaar;Totaal;M-N Zakelijke dienstverlening;2012/'13;304;65;86;54;99;156;148;31;24;17;84;34;62;37;15
9604;Mannen;20 tot 25 jaar;Totaal;M-N Zakelijke dienstverlening;2013/'14;290;46;75;35;134;185;105;28;26;12;119;18;49;23;15
9605;Mannen;20 tot 25 jaar;Totaal;M-N Zakelijke dienstverlening;2014/'15;241;32;49;37;123;155;86;19;17;12;107;13;32;25;16
9606;Mannen;20 tot 25 jaar;Totaal;M-N Zakelijke dienstverlening;2015/'16;223;50;39;35;99;132;91;28;12;7;85;22;27;28;14
9607;Mannen;20 tot 25 jaar;Totaal;M-N Zakelijke dienstverlening;2016/'17;263;49;55;43;116;149;114;27;13;9;100;22;42;34;16
9608;Mannen;20 tot 25 jaar;Totaal;M-N Zakelijke dienstverlening;2017/'18;214;48;56;38;72;109;105;28;10;9;62;20;46;29;10
9609;Mannen;20 tot 25 jaar;Totaal;M-N Zakelijke dienstverlening;2018/'19;326;97;65;51;113;167;159;53;13;8;93;44;52;43;20
9610;Mannen;20 tot 25 jaar;Totaal;M-N Zakelijke dienstverlening;2019/'20;354;126;65;46;117;219;135;92;21;10;96;34;44;36;21
9611;Mannen;20 tot 25 jaar;Totaal;M-N Zakelijke dienstverlening;2020/'21;378;143;53;46;136;224;154;94;17;7;106;49;36;39;30
9612;Mannen;20 tot 25 jaar;Totaal;O-Q Overheid en zorg;2009/'10;199;6;79;53;61;96;103;3;8;34;51;3;71;19;10
9613;Mannen;20 tot 25 jaar;Totaal;O-Q Overheid en zorg;2010/'11;178;15;62;53;48;88;90;3;6;38;41;12;56;15;7
9614;Mannen;20 tot 25 jaar;Totaal;O-Q Overheid en zorg;2011/'12;147;19;51;40;37;46;101;6;1;22;17;13;50;18;20
9615;Mannen;20 tot 25 jaar;Totaal;O-Q Overheid en zorg;2012/'13;106;3;33;33;37;34;72;1;0;12;21;2;33;21;16
9616;Mannen;20 tot 25 jaar;Totaal;O-Q Overheid en zorg;2013/'14;76;1;22;24;29;30;46;0;3;8;19;1;19;16;10
9617;Mannen;20 tot 25 jaar;Totaal;O-Q Overheid en zorg;2014/'15;54;0;7;23;24;22;32;0;0;8;14;0;7;15;10
9618;Mannen;20 tot 25 jaar;Totaal;O-Q Overheid en zorg;2015/'16;51;2;9;21;19;23;28;1;1;12;9;1;8;9;10
9619;Mannen;20 tot 25 jaar;Totaal;O-Q Overheid en zorg;2016/'17;41;3;14;9;15;15;26;1;1;3;10;2;13;6;5
9620;Mannen;20 tot 25 jaar;Totaal;O-Q Overheid en zorg;2017/'18;33;4;6;8;15;18;15;0;3;5;10;4;3;3;5
9621;Mannen;20 tot 25 jaar;Totaal;O-Q Overheid en zorg;2018/'19;29;8;6;9;6;10;19;2;1;2;5;6;5;7;1
9622;Mannen;20 tot 25 jaar;Totaal;O-Q Overheid en zorg;2019/'20;32;7;7;5;13;13;19;0;1;1;11;7;6;4;2
9623;Mannen;20 tot 25 jaar;Totaal;O-Q Overheid en zorg;2020/'21;40;4;10;11;15;10;30;2;2;0;6;2;8;11;9
9624;Mannen;20 tot 25 jaar;Totaal;R-U Cultuur, recreatie, overige diensten;2009/'10;34;4;12;10;8;11;23;0;0;4;7;4;12;6;1
9625;Mannen;20 tot 25 jaar;Totaal;R-U Cultuur, recreatie, overige diensten;2010/'11;28;3;10;2;13;15;13;1;3;1;10;2;7;1;3
9626;Mannen;20 tot 25 jaar;Totaal;R-U Cultuur, recreatie, overige diensten;2011/'12;39;6;15;6;12;21;18;2;4;3;12;4;11;3;0
9627;Mannen;20 tot 25 jaar;Totaal;R-U Cultuur, recreatie, overige diensten;2012/'13;34;5;11;1;17;25;9;2;6;1;16;3;5;0;1
9628;Mannen;20 tot 25 jaar;Totaal;R-U Cultuur, recreatie, overige diensten;2013/'14;23;4;4;3;12;14;9;4;0;0;10;0;4;3;2
9629;Mannen;20 tot 25 jaar;Totaal;R-U Cultuur, recreatie, overige diensten;2014/'15;17;2;3;4;8;12;5;2;3;0;7;0;0;4;1
9630;Mannen;20 tot 25 jaar;Totaal;R-U Cultuur, recreatie, overige diensten;2015/'16;14;1;3;2;8;9;5;0;1;0;8;1;2;2;0
9631;Mannen;20 tot 25 jaar;Totaal;R-U Cultuur, recreatie, overige diensten;2016/'17;21;0;4;5;12;11;10;0;1;0;10;0;3;5;2
9632;Mannen;20 tot 25 jaar;Totaal;R-U Cultuur, recreatie, overige diensten;2017/'18;21;1;3;2;15;14;7;1;0;1;12;0;3;1;3
9633;Mannen;20 tot 25 jaar;Totaal;R-U Cultuur, recreatie, overige diensten;2018/'19;23;2;8;3;10;13;10;1;3;0;9;1;5;3;1
9634;Mannen;20 tot 25 jaar;Totaal;R-U Cultuur, recreatie, overige diensten;2019/'20;24;5;3;8;8;13;11;3;0;3;7;2;3;5;1
9635;Mannen;20 tot 25 jaar;Totaal;R-U Cultuur, recreatie, overige diensten;2020/'21;33;13;4;4;12;21;12;9;2;1;9;4;2;3;3
9636;Mannen;20 tot 25 jaar;Totaal;SBI-code onbekend;2009/'10;26;4;16;2;4;8;18;1;4;0;3;3;12;2;1
9637;Mannen;20 tot 25 jaar;Totaal;SBI-code onbekend;2010/'11;16;1;9;2;4;7;9;0;2;1;4;1;7;1;0
9638;Mannen;20 tot 25 jaar;Totaal;SBI-code onbekend;2011/'12;6;0;4;1;1;3;3;0;1;1;1;0;3;0;0
9639;Mannen;20 tot 25 jaar;Totaal;SBI-code onbekend;2012/'13;7;2;3;0;2;2;5;0;0;0;2;2;3;0;0
9640;Mannen;20 tot 25 jaar;Totaal;SBI-code onbekend;2013/'14;14;3;4;1;6;10;4;3;1;1;5;0;3;0;1
9641;Mannen;20 tot 25 jaar;Totaal;SBI-code onbekend;2014/'15;10;2;3;1;4;8;2;2;2;0;4;0;1;1;0
9642;Mannen;20 tot 25 jaar;Totaal;SBI-code onbekend;2015/'16;3;0;0;0;3;3;0;0;0;0;3;0;0;0;0
9643;Mannen;20 tot 25 jaar;Totaal;SBI-code onbekend;2016/'17;2;1;0;1;0;2;0;1;0;1;0;0;0;0;0
9644;Mannen;20 tot 25 jaar;Totaal;SBI-code onbekend;2017/'18;1;0;0;0;1;0;1;0;0;0;0;0;0;0;1
9645;Mannen;20 tot 25 jaar;Totaal;SBI-code onbekend;2018/'19;4;1;1;0;2;2;2;0;0;0;2;1;1;0;0
9646;Mannen;20 tot 25 jaar;Totaal;SBI-code onbekend;2019/'20;4;1;1;1;1;1;3;1;0;0;0;0;1;1;1
9647;Mannen;20 tot 25 jaar;Totaal;SBI-code onbekend;2020/'21;1;1;0;0;0;1;0;1;0;0;0;0;0;0;0
9648;Mannen;20 tot 25 jaar;Sector landbouw;A-U Alle economische activiteiten;2009/'10;167;111;28;13;15;19;148;2;3;1;13;109;25;12;2
9649;Mannen;20 tot 25 jaar;Sector landbouw;A-U Alle economische activiteiten;2010/'11;162;124;18;11;9;12;150;0;3;2;7;124;15;9;2
9650;Mannen;20 tot 25 jaar;Sector landbouw;A-U Alle economische activiteiten;2011/'12;132;95;12;12;13;12;120;1;0;1;10;94;12;11;3
9651;Mannen;20 tot 25 jaar;Sector landbouw;A-U Alle economische activiteiten;2012/'13;107;77;8;10;12;13;94;2;1;0;10;75;7;10;2
9652;Mannen;20 tot 25 jaar;Sector landbouw;A-U Alle economische activiteiten;2013/'14;73;35;8;7;23;18;55;0;0;1;17;35;8;6;6
9653;Mannen;20 tot 25 jaar;Sector landbouw;A-U Alle economische activiteiten;2014/'15;53;19;5;9;20;19;34;0;0;1;18;19;5;8;2
9654;Mannen;20 tot 25 jaar;Sector landbouw;A-U Alle economische activiteiten;2015/'16;44;23;3;8;10;11;33;0;1;0;10;23;2;8;0
9655;Mannen;20 tot 25 jaar;Sector landbouw;A-U Alle economische activiteiten;2016/'17;28;0;7;4;17;15;13;0;1;0;14;0;6;4;3
9656;Mannen;20 tot 25 jaar;Sector landbouw;A-U Alle economische activiteiten;2017/'18;18;0;3;7;8;7;11;0;1;1;5;0;2;6;3
9657;Mannen;20 tot 25 jaar;Sector landbouw;A-U Alle economische activiteiten;2018/'19;21;0;6;5;10;8;13;0;1;1;6;0;5;4;4
9658;Mannen;20 tot 25 jaar;Sector landbouw;A-U Alle economische activiteiten;2019/'20;22;0;2;5;15;12;10;0;1;0;11;0;1;5;4
9659;Mannen;20 tot 25 jaar;Sector landbouw;A-U Alle economische activiteiten;2020/'21;40;24;1;3;12;12;28;1;1;0;10;23;0;3;2
9660;Mannen;20 tot 25 jaar;Sector landbouw;A Landbouw, bosbouw en visserij;2009/'10;10;1;4;3;2;0;10;0;0;0;0;1;4;3;2
9661;Mannen;20 tot 25 jaar;Sector landbouw;A Landbouw, bosbouw en visserij;2010/'11;6;3;0;3;0;0;6;0;0;0;0;3;0;3;0
9662;Mannen;20 tot 25 jaar;Sector landbouw;A Landbouw, bosbouw en visserij;2011/'12;6;4;1;1;0;0;6;0;0;0;0;4;1;1;0
9663;Mannen;20 tot 25 jaar;Sector landbouw;A Landbouw, bosbouw en visserij;2012/'13;8;4;0;3;1;0;8;0;0;0;0;4;0;3;1
9664;Mannen;20 tot 25 jaar;Sector landbouw;A Landbouw, bosbouw en visserij;2013/'14;1;1;0;0;0;0;1;0;0;0;0;1;0;0;0
9665;Mannen;20 tot 25 jaar;Sector landbouw;A Landbouw, bosbouw en visserij;2014/'15;4;1;1;1;1;1;3;0;0;1;0;1;1;0;1
9666;Mannen;20 tot 25 jaar;Sector landbouw;A Landbouw, bosbouw en visserij;2015/'16;6;2;0;2;2;2;4;0;0;0;2;2;0;2;0
9667;Mannen;20 tot 25 jaar;Sector landbouw;A Landbouw, bosbouw en visserij;2016/'17;0;0;0;0;0;0;0;0;0;0;0;0;0;0;0
9668;Mannen;20 tot 25 jaar;Sector landbouw;A Landbouw, bosbouw en visserij;2017/'18;3;0;0;1;2;1;2;0;0;0;1;0;0;1;1
9669;Mannen;20 tot 25 jaar;Sector landbouw;A Landbouw, bosbouw en visserij;2018/'19;2;0;0;1;1;0;2;0;0;0;0;0;0;1;1
9670;Mannen;20 tot 25 jaar;Sector landbouw;A Landbouw, bosbouw en visserij;2019/'20;2;0;0;2;0;0;2;0;0;0;0;0;0;2;0
9671;Mannen;20 tot 25 jaar;Sector landbouw;A Landbouw, bosbouw en visserij;2020/'21;2;1;0;1;0;0;2;0;0;0;0;1;0;1;0
9672;Mannen;20 tot 25 jaar;Sector landbouw;B-E Nijverheid (geen bouw) en energie;2009/'10;97;89;7;0;1;2;95;0;1;0;1;89;6;0;0
9673;Mannen;20 tot 25 jaar;Sector landbouw;B-E Nijverheid (geen bouw) en energie;2010/'11;102;97;4;1;0;1;101;0;0;1;0;97;4;0;0
9674;Mannen;20 tot 25 jaar;Sector landbouw;B-E Nijverheid (geen bouw) en energie;2011/'12;74;71;3;0;0;0;74;0;0;0;0;71;3;0;0
9675;Mannen;20 tot 25 jaar;Sector landbouw;B-E Nijverheid (geen bouw) en energie;2012/'13;56;53;2;0;1;3;53;2;0;0;1;51;2;0;0
9676;Mannen;20 tot 25 jaar;Sector landbouw;B-E Nijverheid (geen bouw) en energie;2013/'14;29;24;4;1;0;0;29;0;0;0;0;24;4;1;0
9677;Mannen;20 tot 25 jaar;Sector landbouw;B-E Nijverheid (geen bouw) en energie;2014/'15;17;14;1;1;1;1;16;0;0;0;1;14;1;1;0
9678;Mannen;20 tot 25 jaar;Sector landbouw;B-E Nijverheid (geen bouw) en energie;2015/'16;13;12;0;1;0;0;13;0;0;0;0;12;0;1;0
9679;Mannen;20 tot 25 jaar;Sector landbouw;B-E Nijverheid (geen bouw) en energie;2016/'17;3;0;1;1;1;1;2;0;0;0;1;0;1;1;0
9680;Mannen;20 tot 25 jaar;Sector landbouw;B-E Nijverheid (geen bouw) en energie;2017/'18;5;0;1;2;2;1;4;0;0;0;1;0;1;2;1
9681;Mannen;20 tot 25 jaar;Sector landbouw;B-E Nijverheid (geen bouw) en energie;2018/'19;1;0;0;0;1;0;1;0;0;0;0;0;0;0;1
9682;Mannen;20 tot 25 jaar;Sector landbouw;B-E Nijverheid (geen bouw) en energie;2019/'20;1;0;0;0;1;0;1;0;0;0;0;0;0;0;1
9683;Mannen;20 tot 25 jaar;Sector landbouw;B-E Nijverheid (geen bouw) en energie;2020/'21;5;5;0;0;0;0;5;0;0;0;0;5;0;0;0
9684;Mannen;20 tot 25 jaar;Sector landbouw;F Bouwnijverheid;2009/'10;4;1;1;2;0;0;4;0;0;0;0;1;1;2;0
9685;Mannen;20 tot 25 jaar;Sector landbouw;F Bouwnijverheid;2010/'11;3;2;0;1;0;0;3;0;0;0;0;2;0;1;0
9686;Mannen;20 tot 25 jaar;Sector landbouw;F Bouwnijverheid;2011/'12;1;1;0;0;0;0;1;0;0;0;0;1;0;0;0
9687;Mannen;20 tot 25 jaar;Sector landbouw;F Bouwnijverheid;2012/'13;0;0;0;0;0;0;0;0;0;0;0;0;0;0;0
9688;Mannen;20 tot 25 jaar;Sector landbouw;F Bouwnijverheid;2013/'14;1;1;0;0;0;0;1;0;0;0;0;1;0;0;0
9689;Mannen;20 tot 25 jaar;Sector landbouw;F Bouwnijverheid;2014/'15;0;0;0;0;0;0;0;0;0;0;0;0;0;0;0
9690;Mannen;20 tot 25 jaar;Sector landbouw;F Bouwnijverheid;2015/'16;0;0;0;0;0;0;0;0;0;0;0;0;0;0;0
9691;Mannen;20 tot 25 jaar;Sector landbouw;F Bouwnijverheid;2016/'17;1;0;1;0;0;0;1;0;0;0;0;0;1;0;0
9692;Mannen;20 tot 25 jaar;Sector landbouw;F Bouwnijverheid;2017/'18;0;0;0;0;0;0;0;0;0;0;0;0;0;0;0
9693;Mannen;20 tot 25 jaar;Sector landbouw;F Bouwnijverheid;2018/'19;1;0;0;0;1;1;0;0;0;0;1;0;0;0;0
9694;Mannen;20 tot 25 jaar;Sector landbouw;F Bouwnijverheid;2019/'20;0;0;0;0;0;0;0;0;0;0;0;0;0;0;0
9695;Mannen;20 tot 25 jaar;Sector landbouw;F Bouwnijverheid;2020/'21;1;0;0;0;1;1;0;0;0;0;1;0;0;0;0
9696;Mannen;20 tot 25 jaar;Sector landbouw;G-I Handel, vervoer en horeca;2009/'10;16;4;5;3;4;6;10;1;1;0;4;3;4;3;0
9697;Mannen;20 tot 25 jaar;Sector landbouw;G-I Handel, vervoer en horeca;2010/'11;18;6;4;3;5;4;14;0;0;1;3;6;4;2;2
9698;Mannen;20 tot 25 jaar;Sector landbouw;G-I Handel, vervoer en horeca;2011/'12;14;5;2;3;4;4;10;1;0;0;3;4;2;3;1
9699;Mannen;20 tot 25 jaar;Sector landbouw;G-I Handel, vervoer en horeca;2012/'13;14;5;2;3;4;5;9;0;1;0;4;5;1;3;0
9700;Mannen;20 tot 25 jaar;Sector landbouw;G-I Handel, vervoer en horeca;2013/'14;22;4;2;2;14;11;11;0;0;0;11;4;2;2;3
9701;Mannen;20 tot 25 jaar;Sector landbouw;G-I Handel, vervoer en horeca;2014/'15;13;1;1;2;9;8;5;0;0;0;8;1;1;2;1
9702;Mannen;20 tot 25 jaar;Sector landbouw;G-I Handel, vervoer en horeca;2015/'16;10;2;2;0;6;7;3;0;1;0;6;2;1;0;0
9703;Mannen;20 tot 25 jaar;Sector landbouw;G-I Handel, vervoer en horeca;2016/'17;9;0;0;1;8;6;3;0;0;0;6;0;0;1;2
9704;Mannen;20 tot 25 jaar;Sector landbouw;G-I Handel, vervoer en horeca;2017/'18;4;0;0;1;3;3;1;0;0;1;2;0;0;0;1
9705;Mannen;20 tot 25 jaar;Sector landbouw;G-I Handel, vervoer en horeca;2018/'19;7;0;2;1;4;3;4;0;0;1;2;0;2;0;2
9706;Mannen;20 tot 25 jaar;Sector landbouw;G-I Handel, vervoer en horeca;2019/'20;10;0;1;1;8;7;3;0;1;0;6;0;0;1;2
9707;Mannen;20 tot 25 jaar;Sector landbouw;G-I Handel, vervoer en horeca;2020/'21;6;1;0;0;5;5;1;0;0;0;5;1;0;0;0
9708;Mannen;20 tot 25 jaar;Sector landbouw;J Informatie en communicatie;2009/'10;0;0;0;0;0;0;0;0;0;0;0;0;0;0;0
9709;Mannen;20 tot 25 jaar;Sector landbouw;J Informatie en communicatie;2010/'11;0;0;0;0;0;0;0;0;0;0;0;0;0;0;0
9710;Mannen;20 tot 25 jaar;Sector landbouw;J Informatie en communicatie;2011/'12;1;0;0;1;0;0;1;0;0;0;0;0;0;1;0
9711;Mannen;20 tot 25 jaar;Sector landbouw;J Informatie en communicatie;2012/'13;0;0;0;0;0;0;0;0;0;0;0;0;0;0;0
9712;Mannen;20 tot 25 jaar;Sector landbouw;J Informatie en communicatie;2013/'14;0;0;0;0;0;0;0;0;0;0;0;0;0;0;0
9713;Mannen;20 tot 25 jaar;Sector landbouw;J Informatie en communicatie;2014/'15;0;0;0;0;0;0;0;0;0;0;0;0;0;0;0
9714;Mannen;20 tot 25 jaar;Sector landbouw;J Informatie en communicatie;2015/'16;0;0;0;0;0;0;0;0;0;0;0;0;0;0;0
9715;Mannen;20 tot 25 jaar;Sector landbouw;J Informatie en communicatie;2016/'17;0;0;0;0;0;0;0;0;0;0;0;0;0;0;0
9716;Mannen;20 tot 25 jaar;Sector landbouw;J Informatie en communicatie;2017/'18;0;0;0;0;0;0;0;0;0;0;0;0;0;0;0
9717;Mannen;20 tot 25 jaar;Sector landbouw;J Informatie en communicatie;2018/'19;0;0;0;0;0;0;0;0;0;0;0;0;0;0;0
9718;Mannen;20 tot 25 jaar;Sector landbouw;J Informatie en communicatie;2019/'20;0;0;0;0;0;0;0;0;0;0;0;0;0;0;0
9719;Mannen;20 tot 25 jaar;Sector landbouw;J Informatie en communicatie;2020/'21;1;0;0;0;1;1;0;0;0;0;1;0;0;0;0
9720;Mannen;20 tot 25 jaar;Sector landbouw;K Financiële dienstverlening;2009/'10;0;0;0;0;0;0;0;0;0;0;0;0;0;0;0
9721;Mannen;20 tot 25 jaar;Sector landbouw;K Financiële dienstverlening;2010/'11;0;0;0;0;0;0;0;0;0;0;0;0;0;0;0
9722;Mannen;20 tot 25 jaar;Sector landbouw;K Financiële dienstverlening;2011/'12;0;0;0;0;0;0;0;0;0;0;0;0;0;0;0
9723;Mannen;20 tot 25 jaar;Sector landbouw;K Financiële dienstverlening;2012/'13;0;0;0;0;0;0;0;0;0;0;0;0;0;0;0
9724;Mannen;20 tot 25 jaar;Sector landbouw;K Financiële dienstverlening;2013/'14;0;0;0;0;0;0;0;0;0;0;0;0;0;0;0
9725;Mannen;20 tot 25 jaar;Sector landbouw;K Financiële dienstverlening;2014/'15;0;0;0;0;0;0;0;0;0;0;0;0;0;0;0
9726;Mannen;20 tot 25 jaar;Sector landbouw;K Financiële dienstverlening;2015/'16;0;0;0;0;0;0;0;0;0;0;0;0;0;0;0
9727;Mannen;20 tot 25 jaar;Sector landbouw;K Financiële dienstverlening;2016/'17;0;0;0;0;0;0;0;0;0;0;0;0;0;0;0
9728;Mannen;20 tot 25 jaar;Sector landbouw;K Financiële dienstverlening;2017/'18;0;0;0;0;0;0;0;0;0;0;0;0;0;0;0
9729;Mannen;20 tot 25 jaar;Sector landbouw;K Financiële dienstverlening;2018/'19;0;0;0;0;0;0;0;0;0;0;0;0;0;0;0
9730;Mannen;20 tot 25 jaar;Sector landbouw;K Financiële dienstverlening;2019/'20;0;0;0;0;0;0;0;0;0;0;0;0;0;0;0
9731;Mannen;20 tot 25 jaar;Sector landbouw;K Financiële dienstverlening;2020/'21;1;0;1;0;0;1;0;0;1;0;0;0;0;0;0
9732;Mannen;20 tot 25 jaar;Sector landbouw;L Verhuur en handel van onroerend goed;2009/'10;0;0;0;0;0;0;0;0;0;0;0;0;0;0;0
9733;Mannen;20 tot 25 jaar;Sector landbouw;L Verhuur en handel van onroerend goed;2010/'11;0;0;0;0;0;0;0;0;0;0;0;0;0;0;0
9734;Mannen;20 tot 25 jaar;Sector landbouw;L Verhuur en handel van onroerend goed;2011/'12;0;0;0;0;0;0;0;0;0;0;0;0;0;0;0
9735;Mannen;20 tot 25 jaar;Sector landbouw;L Verhuur en handel van onroerend goed;2012/'13;0;0;0;0;0;0;0;0;0;0;0;0;0;0;0
9736;Mannen;20 tot 25 jaar;Sector landbouw;L Verhuur en handel van onroerend goed;2013/'14;0;0;0;0;0;0;0;0;0;0;0;0;0;0;0
9737;Mannen;20 tot 25 jaar;Sector landbouw;L Verhuur en handel van onroerend goed;2014/'15;0;0;0;0;0;0;0;0;0;0;0;0;0;0;0
9738;Mannen;20 tot 25 jaar;Sector landbouw;L Verhuur en handel van onroerend goed;2015/'16;0;0;0;0;0;0;0;0;0;0;0;0;0;0;0
9739;Mannen;20 tot 25 jaar;Sector landbouw;L Verhuur en handel van onroerend goed;2016/'17;1;0;0;0;1;1;0;0;0;0;1;0;0;0;0
9740;Mannen;20 tot 25 jaar;Sector landbouw;L Verhuur en handel van onroerend goed;2017/'18;0;0;0;0;0;0;0;0;0;0;0;0;0;0;0
9741;Mannen;20 tot 25 jaar;Sector landbouw;L Verhuur en handel van onroerend goed;2018/'19;0;0;0;0;0;0;0;0;0;0;0;0;0;0;0
9742;Mannen;20 tot 25 jaar;Sector landbouw;L Verhuur en handel van onroerend goed;2019/'20;0;0;0;0;0;0;0;0;0;0;0;0;0;0;0
9743;Mannen;20 tot 25 jaar;Sector landbouw;L Verhuur en handel van onroerend goed;2020/'21;0;0;0;0;0;0;0;0;0;0;0;0;0;0;0
9744;Mannen;20 tot 25 jaar;Sector landbouw;M-N Zakelijke dienstverlening;2009/'10;33;12;11;3;7;9;24;1;1;0;7;11;10;3;0
9745;Mannen;20 tot 25 jaar;Sector landbouw;M-N Zakelijke dienstverlening;2010/'11;24;10;7;3;4;6;18;0;2;0;4;10;5;3;0
9746;Mannen;20 tot 25 jaar;Sector landbouw;M-N Zakelijke dienstverlening;2011/'12;26;10;5;5;6;4;22;0;0;0;4;10;5;5;2
9747;Mannen;20 tot 25 jaar;Sector landbouw;M-N Zakelijke dienstverlening;2012/'13;23;13;3;4;3;2;21;0;0;0;2;13;3;4;1
9748;Mannen;20 tot 25 jaar;Sector landbouw;M-N Zakelijke dienstverlening;2013/'14;17;5;1;3;8;6;11;0;0;1;5;5;1;2;3
9749;Mannen;20 tot 25 jaar;Sector landbouw;M-N Zakelijke dienstverlening;2014/'15;15;3;2;2;8;8;7;0;0;0;8;3;2;2;0
9750;Mannen;20 tot 25 jaar;Sector landbouw;M-N Zakelijke dienstverlening;2015/'16;14;6;1;5;2;2;12;0;0;0;2;6;1;5;0
9751;Mannen;20 tot 25 jaar;Sector landbouw;M-N Zakelijke dienstverlening;2016/'17;12;0;4;2;6;5;7;0;0;0;5;0;4;2;1
9752;Mannen;20 tot 25 jaar;Sector landbouw;M-N Zakelijke dienstverlening;2017/'18;3;0;1;2;0;0;3;0;0;0;0;0;1;2;0
9753;Mannen;20 tot 25 jaar;Sector landbouw;M-N Zakelijke dienstverlening;2018/'19;6;0;3;2;1;2;4;0;1;0;1;0;2;2;0
9754;Mannen;20 tot 25 jaar;Sector landbouw;M-N Zakelijke dienstverlening;2019/'20;9;0;1;2;6;5;4;0;0;0;5;0;1;2;1
9755;Mannen;20 tot 25 jaar;Sector landbouw;M-N Zakelijke dienstverlening;2020/'21;21;16;0;1;4;3;18;1;0;0;2;15;0;1;2
9756;Mannen;20 tot 25 jaar;Sector landbouw;O-Q Overheid en zorg;2009/'10;0;0;0;0;0;0;0;0;0;0;0;0;0;0;0
9757;Mannen;20 tot 25 jaar;Sector landbouw;O-Q Overheid en zorg;2010/'11;5;4;1;0;0;0;5;0;0;0;0;4;1;0;0
9758;Mannen;20 tot 25 jaar;Sector landbouw;O-Q Overheid en zorg;2011/'12;8;4;1;1;2;2;6;0;0;0;2;4;1;1;0
9759;Mannen;20 tot 25 jaar;Sector landbouw;O-Q Overheid en zorg;2012/'13;4;1;0;0;3;3;1;0;0;0;3;1;0;0;0
9760;Mannen;20 tot 25 jaar;Sector landbouw;O-Q Overheid en zorg;2013/'14;1;0;0;0;1;1;0;0;0;0;1;0;0;0;0
9761;Mannen;20 tot 25 jaar;Sector landbouw;O-Q Overheid en zorg;2014/'15;2;0;0;2;0;0;2;0;0;0;0;0;0;2;0
9762;Mannen;20 tot 25 jaar;Sector landbouw;O-Q Overheid en zorg;2015/'16;0;0;0;0;0;0;0;0;0;0;0;0;0;0;0
9763;Mannen;20 tot 25 jaar;Sector landbouw;O-Q Overheid en zorg;2016/'17;1;0;0;0;1;1;0;0;0;0;1;0;0;0;0
9764;Mannen;20 tot 25 jaar;Sector landbouw;O-Q Overheid en zorg;2017/'18;3;0;1;1;1;2;1;0;1;0;1;0;0;1;0
9765;Mannen;20 tot 25 jaar;Sector landbouw;O-Q Overheid en zorg;2018/'19;2;0;0;1;1;1;1;0;0;0;1;0;0;1;0
9766;Mannen;20 tot 25 jaar;Sector landbouw;O-Q Overheid en zorg;2019/'20;0;0;0;0;0;0;0;0;0;0;0;0;0;0;0
9767;Mannen;20 tot 25 jaar;Sector landbouw;O-Q Overheid en zorg;2020/'21;2;1;0;1;0;0;2;0;0;0;0;1;0;1;0
9768;Mannen;20 tot 25 jaar;Sector landbouw;R-U Cultuur, recreatie, overige diensten;2009/'10;4;2;0;2;0;1;3;0;0;1;0;2;0;1;0
9769;Mannen;20 tot 25 jaar;Sector landbouw;R-U Cultuur, recreatie, overige diensten;2010/'11;4;2;2;0;0;1;3;0;1;0;0;2;1;0;0
9770;Mannen;20 tot 25 jaar;Sector landbouw;R-U Cultuur, recreatie, overige diensten;2011/'12;2;0;0;1;1;2;0;0;0;1;1;0;0;0;0
9771;Mannen;20 tot 25 jaar;Sector landbouw;R-U Cultuur, recreatie, overige diensten;2012/'13;0;0;0;0;0;0;0;0;0;0;0;0;0;0;0
9772;Mannen;20 tot 25 jaar;Sector landbouw;R-U Cultuur, recreatie, overige diensten;2013/'14;2;0;1;1;0;0;2;0;0;0;0;0;1;1;0
9773;Mannen;20 tot 25 jaar;Sector landbouw;R-U Cultuur, recreatie, overige diensten;2014/'15;0;0;0;0;0;0;0;0;0;0;0;0;0;0;0
9774;Mannen;20 tot 25 jaar;Sector landbouw;R-U Cultuur, recreatie, overige diensten;2015/'16;1;1;0;0;0;0;1;0;0;0;0;1;0;0;0
9775;Mannen;20 tot 25 jaar;Sector landbouw;R-U Cultuur, recreatie, overige diensten;2016/'17;1;0;1;0;0;1;0;0;1;0;0;0;0;0;0
9776;Mannen;20 tot 25 jaar;Sector landbouw;R-U Cultuur, recreatie, overige diensten;2017/'18;0;0;0;0;0;0;0;0;0;0;0;0;0;0;0
9777;Mannen;20 tot 25 jaar;Sector landbouw;R-U Cultuur, recreatie, overige diensten;2018/'19;2;0;1;0;1;1;1;0;0;0;1;0;1;0;0
9778;Mannen;20 tot 25 jaar;Sector landbouw;R-U Cultuur, recreatie, overige diensten;2019/'20;0;0;0;0;0;0;0;0;0;0;0;0;0;0;0
9779;Mannen;20 tot 25 jaar;Sector landbouw;R-U Cultuur, recreatie, overige diensten;2020/'21;1;0;0;0;1;1;0;0;0;0;1;0;0;0;0
9780;Mannen;20 tot 25 jaar;Sector landbouw;SBI-code onbekend;2009/'10;3;2;0;0;1;1;2;0;0;0;1;2;0;0;0
9781;Mannen;20 tot 25 jaar;Sector landbouw;SBI-code onbekend;2010/'11;0;0;0;0;0;0;0;0;0;0;0;0;0;0;0
9782;Mannen;20 tot 25 jaar;Sector landbouw;SBI-code onbekend;2011/'12;0;0;0;0;0;0;0;0;0;0;0;0;0;0;0
9783;Mannen;20 tot 25 jaar;Sector landbouw;SBI-code onbekend;2012/'13;2;1;1;0;0;0;2;0;0;0;0;1;1;0;0
9784;Mannen;20 tot 25 jaar;Sector landbouw;SBI-code onbekend;2013/'14;0;0;0;0;0;0;0;0;0;0;0;0;0;0;0
9785;Mannen;20 tot 25 jaar;Sector landbouw;SBI-code onbekend;2014/'15;2;0;0;1;1;1;1;0;0;0;1;0;0;1;0
9786;Mannen;20 tot 25 jaar;Sector landbouw;SBI-code onbekend;2015/'16;0;0;0;0;0;0;0;0;0;0;0;0;0;0;0
9787;Mannen;20 tot 25 jaar;Sector landbouw;SBI-code onbekend;2016/'17;0;0;0;0;0;0;0;0;0;0;0;0;0;0;0
9788;Mannen;20 tot 25 jaar;Sector landbouw;SBI-code onbekend;2017/'18;0;0;0;0;0;0;0;0;0;0;0;0;0;0;0
9789;Mannen;20 tot 25 jaar;Sector landbouw;SBI-code onbekend;2018/'19;0;0;0;0;0;0;0;0;0;0;0;0;0;0;0
9790;Mannen;20 tot 25 jaar;Sector landbouw;SBI-code onbekend;2019/'20;0;0;0;0;0;0;0;0;0;0;0;0;0;0;0
9791;Mannen;20 tot 25 jaar;Sector landbouw;SBI-code onbekend;2020/'21;0;0;0;0;0;0;0;0;0;0;0;0;0;0;0
9792;Mannen;20 tot 25 jaar;Sector economie;A-U Alle economische activiteiten;2009/'10;585;23;281;141;140;192;393;7;59;37;89;16;222;104;51
9793;Mannen;20 tot 25 jaar;Sector economie;A-U Alle economische activiteiten;2010/'11;437;34;187;81;135;164;273;7;42;21;94;27;145;60;41
9794;Mannen;20 tot 25 jaar;Sector economie;A-U Alle economische activiteiten;2011/'12;436;29;173;83;151;171;265;8;35;26;102;21;138;57;49
9795;Mannen;20 tot 25 jaar;Sector economie;A-U Alle economische activiteiten;2012/'13;378;18;125;93;142;167;211;4;31;31;101;14;94;62;41
9796;Mannen;20 tot 25 jaar;Sector economie;A-U Alle economische activiteiten;2013/'14;340;12;93;72;163;176;164;3;27;23;123;9;66;49;40
9797;Mannen;20 tot 25 jaar;Sector economie;A-U Alle economische activiteiten;2014/'15;319;5;73;56;185;193;126;1;27;18;147;4;46;38;38
9798;Mannen;20 tot 25 jaar;Sector economie;A-U Alle economische activiteiten;2015/'16;277;6;64;55;152;140;137;1;21;14;104;5;43;41;48
9799;Mannen;20 tot 25 jaar;Sector economie;A-U Alle economische activiteiten;2016/'17;274;0;63;52;159;155;119;0;15;13;127;0;48;39;32
9800;Mannen;20 tot 25 jaar;Sector economie;A-U Alle economische activiteiten;2017/'18;241;0;68;33;140;134;107;0;17;9;108;0;51;24;32
9801;Mannen;20 tot 25 jaar;Sector economie;A-U Alle economische activiteiten;2018/'19;280;0;71;48;161;150;130;0;17;11;122;0;54;37;39
9802;Mannen;20 tot 25 jaar;Sector economie;A-U Alle economische activiteiten;2019/'20;298;0;72;65;161;171;127;0;29;27;115;0;43;38;46
9803;Mannen;20 tot 25 jaar;Sector economie;A-U Alle economische activiteiten;2020/'21;273;0;59;60;154;144;129;0;25;16;103;0;34;44;51
9804;Mannen;20 tot 25 jaar;Sector economie;A Landbouw, bosbouw en visserij;2009/'10;5;0;0;3;2;1;4;0;0;1;0;0;0;2;2
9805;Mannen;20 tot 25 jaar;Sector economie;A Landbouw, bosbouw en visserij;2010/'11;3;0;2;0;1;2;1;0;1;0;1;0;1;0;0
9806;Mannen;20 tot 25 jaar;Sector economie;A Landbouw, bosbouw en visserij;2011/'12;7;0;6;0;1;3;4;0;2;0;1;0;4;0;0
9807;Mannen;20 tot 25 jaar;Sector economie;A Landbouw, bosbouw en visserij;2012/'13;0;0;0;0;0;0;0;0;0;0;0;0;0;0;0
9808;Mannen;20 tot 25 jaar;Sector economie;A Landbouw, bosbouw en visserij;2013/'14;1;0;0;0;1;1;0;0;0;0;1;0;0;0;0
9809;Mannen;20 tot 25 jaar;Sector economie;A Landbouw, bosbouw en visserij;2014/'15;3;0;1;0;2;3;0;0;1;0;2;0;0;0;0
9810;Mannen;20 tot 25 jaar;Sector economie;A Landbouw, bosbouw en visserij;2015/'16;2;0;0;1;1;1;1;0;0;1;0;0;0;0;1
9811;Mannen;20 tot 25 jaar;Sector economie;A Landbouw, bosbouw en visserij;2016/'17;4;0;0;0;4;4;0;0;0;0;4;0;0;0;0
9812;Mannen;20 tot 25 jaar;Sector economie;A Landbouw, bosbouw en visserij;2017/'18;3;0;0;0;3;3;0;0;0;0;3;0;0;0;0
9813;Mannen;20 tot 25 jaar;Sector economie;A Landbouw, bosbouw en visserij;2018/'19;2;0;0;0;2;2;0;0;0;0;2;0;0;0;0
9814;Mannen;20 tot 25 jaar;Sector economie;A Landbouw, bosbouw en visserij;2019/'20;2;0;0;1;1;1;1;0;0;0;1;0;0;1;0
9815;Mannen;20 tot 25 jaar;Sector economie;A Landbouw, bosbouw en visserij;2020/'21;2;0;0;1;1;1;1;0;0;0;1;0;0;1;0
9816;Mannen;20 tot 25 jaar;Sector economie;B-E Nijverheid (geen bouw) en energie;2009/'10;32;1;24;4;3;8;24;0;5;1;2;1;19;3;1
9817;Mannen;20 tot 25 jaar;Sector economie;B-E Nijverheid (geen bouw) en energie;2010/'11;16;2;8;2;4;6;10;0;3;0;3;2;5;2;1
9818;Mannen;20 tot 25 jaar;Sector economie;B-E Nijverheid (geen bouw) en energie;2011/'12;16;3;6;2;5;6;10;0;2;1;3;3;4;1;2
9819;Mannen;20 tot 25 jaar;Sector economie;B-E Nijverheid (geen bouw) en energie;2012/'13;12;3;4;1;4;5;7;0;1;0;4;3;3;1;0
9820;Mannen;20 tot 25 jaar;Sector economie;B-E Nijverheid (geen bouw) en energie;2013/'14;7;2;3;0;2;4;3;1;1;0;2;1;2;0;0
9821;Mannen;20 tot 25 jaar;Sector economie;B-E Nijverheid (geen bouw) en energie;2014/'15;9;1;2;1;5;5;4;0;0;0;5;1;2;1;0
9822;Mannen;20 tot 25 jaar;Sector economie;B-E Nijverheid (geen bouw) en energie;2015/'16;11;2;6;2;1;3;8;0;2;0;1;2;4;2;0
9823;Mannen;20 tot 25 jaar;Sector economie;B-E Nijverheid (geen bouw) en energie;2016/'17;4;0;1;2;1;1;3;0;0;0;1;0;1;2;0
9824;Mannen;20 tot 25 jaar;Sector economie;B-E Nijverheid (geen bouw) en energie;2017/'18;3;0;0;0;3;3;0;0;0;0;3;0;0;0;0
9825;Mannen;20 tot 25 jaar;Sector economie;B-E Nijverheid (geen bouw) en energie;2018/'19;6;0;2;1;3;3;3;0;0;0;3;0;2;1;0
9826;Mannen;20 tot 25 jaar;Sector economie;B-E Nijverheid (geen bouw) en energie;2019/'20;9;0;3;3;3;3;6;0;1;2;0;0;2;1;3
9827;Mannen;20 tot 25 jaar;Sector economie;B-E Nijverheid (geen bouw) en energie;2020/'21;6;0;2;1;3;2;4;0;1;0;1;0;1;1;2
9828;Mannen;20 tot 25 jaar;Sector economie;F Bouwnijverheid;2009/'10;18;1;11;3;3;9;9;1;4;1;3;0;7;2;0
9829;Mannen;20 tot 25 jaar;Sector economie;F Bouwnijverheid;2010/'11;9;0;9;0;0;2;7;0;2;0;0;0;7;0;0
9830;Mannen;20 tot 25 jaar;Sector economie;F Bouwnijverheid;2011/'12;4;0;2;1;1;2;2;0;0;1;1;0;2;0;0
9831;Mannen;20 tot 25 jaar;Sector economie;F Bouwnijverheid;2012/'13;3;0;3;0;0;1;2;0;1;0;0;0;2;0;0
9832;Mannen;20 tot 25 jaar;Sector economie;F Bouwnijverheid;2013/'14;2;0;2;0;0;0;2;0;0;0;0;0;2;0;0
9833;Mannen;20 tot 25 jaar;Sector economie;F Bouwnijverheid;2014/'15;1;0;0;1;0;0;1;0;0;0;0;0;0;1;0
9834;Mannen;20 tot 25 jaar;Sector economie;F Bouwnijverheid;2015/'16;2;0;0;0;2;2;0;0;0;0;2;0;0;0;0
9835;Mannen;20 tot 25 jaar;Sector economie;F Bouwnijverheid;2016/'17;3;0;1;0;2;3;0;0;1;0;2;0;0;0;0
9836;Mannen;20 tot 25 jaar;Sector economie;F Bouwnijverheid;2017/'18;1;0;0;0;1;1;0;0;0;0;1;0;0;0;0
9837;Mannen;20 tot 25 jaar;Sector economie;F Bouwnijverheid;2018/'19;1;0;0;0;1;1;0;0;0;0;1;0;0;0;0
9838;Mannen;20 tot 25 jaar;Sector economie;F Bouwnijverheid;2019/'20;1;0;0;0;1;1;0;0;0;0;1;0;0;0;0
9839;Mannen;20 tot 25 jaar;Sector economie;F Bouwnijverheid;2020/'21;5;0;3;0;2;4;1;0;2;0;2;0;1;0;0
9840;Mannen;20 tot 25 jaar;Sector economie;G-I Handel, vervoer en horeca;2009/'10;283;7;122;78;76;73;210;1;15;15;42;6;107;63;34
9841;Mannen;20 tot 25 jaar;Sector economie;G-I Handel, vervoer en horeca;2010/'11;218;18;79;44;77;75;143;3;14;9;49;15;65;35;28
9842;Mannen;20 tot 25 jaar;Sector economie;G-I Handel, vervoer en horeca;2011/'12;236;10;81;51;94;87;149;3;11;14;59;7;70;37;35
9843;Mannen;20 tot 25 jaar;Sector economie;G-I Handel, vervoer en horeca;2012/'13;207;6;62;57;82;81;126;1;12;16;52;5;50;41;30
9844;Mannen;20 tot 25 jaar;Sector economie;G-I Handel, vervoer en horeca;2013/'14;218;6;56;49;107;111;107;1;16;13;81;5;40;36;26
9845;Mannen;20 tot 25 jaar;Sector economie;G-I Handel, vervoer en horeca;2014/'15;192;4;47;34;107;104;88;1;12;13;78;3;35;21;29
9846;Mannen;20 tot 25 jaar;Sector economie;G-I Handel, vervoer en horeca;2015/'16;170;3;36;39;92;80;90;1;10;12;57;2;26;27;35
9847;Mannen;20 tot 25 jaar;Sector economie;G-I Handel, vervoer en horeca;2016/'17;176;0;38;30;108;96;80;0;10;6;80;0;28;24;28
9848;Mannen;20 tot 25 jaar;Sector economie;G-I Handel, vervoer en horeca;2017/'18;163;0;47;26;90;78;85;0;8;4;66;0;39;22;24
9849;Mannen;20 tot 25 jaar;Sector economie;G-I Handel, vervoer en horeca;2018/'19;190;0;44;33;113;95;95;0;10;6;79;0;34;27;34
9850;Mannen;20 tot 25 jaar;Sector economie;G-I Handel, vervoer en horeca;2019/'20;187;0;46;45;96;98;89;0;17;17;64;0;29;28;32
9851;Mannen;20 tot 25 jaar;Sector economie;G-I Handel, vervoer en horeca;2020/'21;156;0;29;39;88;79;77;0;14;10;55;0;15;29;33
9852;Mannen;20 tot 25 jaar;Sector economie;J Informatie en communicatie;2009/'10;8;0;3;0;5;4;4;0;0;0;4;0;3;0;1
9853;Mannen;20 tot 25 jaar;Sector economie;J Informatie en communicatie;2010/'11;1;0;0;0;1;0;1;0;0;0;0;0;0;0;1
9854;Mannen;20 tot 25 jaar;Sector economie;J Informatie en communicatie;2011/'12;5;0;3;1;1;2;3;0;1;0;1;0;2;1;0
9855;Mannen;20 tot 25 jaar;Sector economie;J Informatie en communicatie;2012/'13;3;0;0;1;2;0;3;0;0;0;0;0;0;1;2
9856;Mannen;20 tot 25 jaar;Sector economie;J Informatie en communicatie;2013/'14;3;0;1;1;1;2;1;0;1;0;1;0;0;1;0
9857;Mannen;20 tot 25 jaar;Sector economie;J Informatie en communicatie;2014/'15;0;0;0;0;0;0;0;0;0;0;0;0;0;0;0
9858;Mannen;20 tot 25 jaar;Sector economie;J Informatie en communicatie;2015/'16;2;0;0;0;2;2;0;0;0;0;2;0;0;0;0
9859;Mannen;20 tot 25 jaar;Sector economie;J Informatie en communicatie;2016/'17;2;0;1;0;1;1;1;0;1;0;0;0;0;0;1
9860;Mannen;20 tot 25 jaar;Sector economie;J Informatie en communicatie;2017/'18;3;0;0;0;3;2;1;0;0;0;2;0;0;0;1
9861;Mannen;20 tot 25 jaar;Sector economie;J Informatie en communicatie;2018/'19;0;0;0;0;0;0;0;0;0;0;0;0;0;0;0
9862;Mannen;20 tot 25 jaar;Sector economie;J Informatie en communicatie;2019/'20;5;0;1;0;4;1;4;0;0;0;1;0;1;0;3
9863;Mannen;20 tot 25 jaar;Sector economie;J Informatie en communicatie;2020/'21;2;0;0;1;1;1;1;0;0;0;1;0;0;1;0
9864;Mannen;20 tot 25 jaar;Sector economie;K Financiële dienstverlening;2009/'10;5;0;2;1;2;0;5;0;0;0;0;0;2;1;2
9865;Mannen;20 tot 25 jaar;Sector economie;K Financiële dienstverlening;2010/'11;2;0;0;1;1;0;2;0;0;0;0;0;0;1;1
9866;Mannen;20 tot 25 jaar;Sector economie;K Financiële dienstverlening;2011/'12;1;0;0;0;1;1;0;0;0;0;1;0;0;0;0
9867;Mannen;20 tot 25 jaar;Sector economie;K Financiële dienstverlening;2012/'13;0;0;0;0;0;0;0;0;0;0;0;0;0;0;0
9868;Mannen;20 tot 25 jaar;Sector economie;K Financiële dienstverlening;2013/'14;0;0;0;0;0;0;0;0;0;0;0;0;0;0;0
9869;Mannen;20 tot 25 jaar;Sector economie;K Financiële dienstverlening;2014/'15;2;0;0;0;2;2;0;0;0;0;2;0;0;0;0
9870;Mannen;20 tot 25 jaar;Sector economie;K Financiële dienstverlening;2015/'16;1;0;0;0;1;0;1;0;0;0;0;0;0;0;1
9871;Mannen;20 tot 25 jaar;Sector economie;K Financiële dienstverlening;2016/'17;1;0;0;1;0;0;1;0;0;0;0;0;0;1;0
9872;Mannen;20 tot 25 jaar;Sector economie;K Financiële dienstverlening;2017/'18;2;0;1;0;1;2;0;0;1;0;1;0;0;0;0
9873;Mannen;20 tot 25 jaar;Sector economie;K Financiële dienstverlening;2018/'19;1;0;0;0;1;1;0;0;0;0;1;0;0;0;0
9874;Mannen;20 tot 25 jaar;Sector economie;K Financiële dienstverlening;2019/'20;0;0;0;0;0;0;0;0;0;0;0;0;0;0;0
9875;Mannen;20 tot 25 jaar;Sector economie;K Financiële dienstverlening;2020/'21;3;0;0;1;2;3;0;0;0;1;2;0;0;0;0
9876;Mannen;20 tot 25 jaar;Sector economie;L Verhuur en handel van onroerend goed;2009/'10;2;0;0;1;1;1;1;0;0;0;1;0;0;1;0
9877;Mannen;20 tot 25 jaar;Sector economie;L Verhuur en handel van onroerend goed;2010/'11;2;0;2;0;0;0;2;0;0;0;0;0;2;0;0
9878;Mannen;20 tot 25 jaar;Sector economie;L Verhuur en handel van onroerend goed;2011/'12;0;0;0;0;0;0;0;0;0;0;0;0;0;0;0
9879;Mannen;20 tot 25 jaar;Sector economie;L Verhuur en handel van onroerend goed;2012/'13;0;0;0;0;0;0;0;0;0;0;0;0;0;0;0
9880;Mannen;20 tot 25 jaar;Sector economie;L Verhuur en handel van onroerend goed;2013/'14;1;0;0;0;1;1;0;0;0;0;1;0;0;0;0
9881;Mannen;20 tot 25 jaar;Sector economie;L Verhuur en handel van onroerend goed;2014/'15;1;0;0;0;1;1;0;0;0;0;1;0;0;0;0
9882;Mannen;20 tot 25 jaar;Sector economie;L Verhuur en handel van onroerend goed;2015/'16;0;0;0;0;0;0;0;0;0;0;0;0;0;0;0
9883;Mannen;20 tot 25 jaar;Sector economie;L Verhuur en handel van onroerend goed;2016/'17;0;0;0;0;0;0;0;0;0;0;0;0;0;0;0
9884;Mannen;20 tot 25 jaar;Sector economie;L Verhuur en handel van onroerend goed;2017/'18;0;0;0;0;0;0;0;0;0;0;0;0;0;0;0
9885;Mannen;20 tot 25 jaar;Sector economie;L Verhuur en handel van onroerend goed;2018/'19;1;0;0;0;1;1;0;0;0;0;1;0;0;0;0
9886;Mannen;20 tot 25 jaar;Sector economie;L Verhuur en handel van onroerend goed;2019/'20;0;0;0;0;0;0;0;0;0;0;0;0;0;0;0
9887;Mannen;20 tot 25 jaar;Sector economie;L Verhuur en handel van onroerend goed;2020/'21;0;0;0;0;0;0;0;0;0;0;0;0;0;0;0
9888;Mannen;20 tot 25 jaar;Sector economie;M-N Zakelijke dienstverlening;2009/'10;167;14;81;36;36;75;92;5;32;11;27;9;49;25;9
9889;Mannen;20 tot 25 jaar;Sector economie;M-N Zakelijke dienstverlening;2010/'11;121;12;48;26;35;61;60;4;19;9;29;8;29;17;6
9890;Mannen;20 tot 25 jaar;Sector economie;M-N Zakelijke dienstverlening;2011/'12;112;12;46;18;36;54;58;4;16;6;28;8;30;12;8
9891;Mannen;20 tot 25 jaar;Sector economie;M-N Zakelijke dienstverlening;2012/'13;98;7;30;23;38;60;38;3;14;10;33;4;16;13;5
9892;Mannen;20 tot 25 jaar;Sector economie;M-N Zakelijke dienstverlening;2013/'14;71;4;21;10;36;45;26;1;7;8;29;3;14;2;7
9893;Mannen;20 tot 25 jaar;Sector economie;M-N Zakelijke dienstverlening;2014/'15;84;0;16;11;57;63;21;0;10;4;49;0;6;7;8
9894;Mannen;20 tot 25 jaar;Sector economie;M-N Zakelijke dienstverlening;2015/'16;68;1;15;9;43;45;23;0;7;1;37;1;8;8;6
9895;Mannen;20 tot 25 jaar;Sector economie;M-N Zakelijke dienstverlening;2016/'17;68;0;14;16;38;44;24;0;3;6;35;0;11;10;3
9896;Mannen;20 tot 25 jaar;Sector economie;M-N Zakelijke dienstverlening;2017/'18;56;0;20;5;31;38;18;0;8;4;26;0;12;1;5
9897;Mannen;20 tot 25 jaar;Sector economie;M-N Zakelijke dienstverlening;2018/'19;67;0;21;11;35;42;25;0;6;5;31;0;15;6;4
9898;Mannen;20 tot 25 jaar;Sector economie;M-N Zakelijke dienstverlening;2019/'20;82;0;19;13;50;62;20;0;11;7;44;0;8;6;6
9899;Mannen;20 tot 25 jaar;Sector economie;M-N Zakelijke dienstverlening;2020/'21;88;0;22;14;52;48;40;0;6;4;38;0;16;10;14
9900;Mannen;20 tot 25 jaar;Sector economie;O-Q Overheid en zorg;2009/'10;48;0;30;9;9;16;32;0;1;7;8;0;29;2;1
9901;Mannen;20 tot 25 jaar;Sector economie;O-Q Overheid en zorg;2010/'11;52;2;34;5;11;13;39;0;2;2;9;2;32;3;2
9902;Mannen;20 tot 25 jaar;Sector economie;O-Q Overheid en zorg;2011/'12;37;3;18;8;8;8;29;1;0;3;4;2;18;5;4
9903;Mannen;20 tot 25 jaar;Sector economie;O-Q Overheid en zorg;2012/'13;42;0;22;11;9;11;31;0;0;5;6;0;22;6;3
9904;Mannen;20 tot 25 jaar;Sector economie;O-Q Overheid en zorg;2013/'14;26;0;9;9;8;7;19;0;2;1;4;0;7;8;4
9905;Mannen;20 tot 25 jaar;Sector economie;O-Q Overheid en zorg;2014/'15;16;0;3;7;6;6;10;0;0;1;5;0;3;6;1
9906;Mannen;20 tot 25 jaar;Sector economie;O-Q Overheid en zorg;2015/'16;13;0;4;3;6;2;11;0;1;0;1;0;3;3;5
9907;Mannen;20 tot 25 jaar;Sector economie;O-Q Overheid en zorg;2016/'17;9;0;7;2;0;1;8;0;0;1;0;0;7;1;0
9908;Mannen;20 tot 25 jaar;Sector economie;O-Q Overheid en zorg;2017/'18;5;0;0;1;4;3;2;0;0;0;3;0;0;1;1
9909;Mannen;20 tot 25 jaar;Sector economie;O-Q Overheid en zorg;2018/'19;4;0;2;1;1;1;3;0;0;0;1;0;2;1;0
9910;Mannen;20 tot 25 jaar;Sector economie;O-Q Overheid en zorg;2019/'20;4;0;2;0;2;1;3;0;0;0;1;0;2;0;1
9911;Mannen;20 tot 25 jaar;Sector economie;O-Q Overheid en zorg;2020/'21;4;0;2;1;1;1;3;0;1;0;0;0;1;1;1
9912;Mannen;20 tot 25 jaar;Sector economie;R-U Cultuur, recreatie, overige diensten;2009/'10;10;0;2;5;3;3;7;0;0;1;2;0;2;4;1
9913;Mannen;20 tot 25 jaar;Sector economie;R-U Cultuur, recreatie, overige diensten;2010/'11;8;0;3;1;4;2;6;0;0;0;2;0;3;1;2
9914;Mannen;20 tot 25 jaar;Sector economie;R-U Cultuur, recreatie, overige diensten;2011/'12;15;1;9;1;4;6;9;0;2;0;4;1;7;1;0
9915;Mannen;20 tot 25 jaar;Sector economie;R-U Cultuur, recreatie, overige diensten;2012/'13;10;1;3;0;6;8;2;0;3;0;5;1;0;0;1
9916;Mannen;20 tot 25 jaar;Sector economie;R-U Cultuur, recreatie, overige diensten;2013/'14;8;0;1;2;5;3;5;0;0;0;3;0;1;2;2
9917;Mannen;20 tot 25 jaar;Sector economie;R-U Cultuur, recreatie, overige diensten;2014/'15;8;0;3;2;3;6;2;0;3;0;3;0;0;2;0
9918;Mannen;20 tot 25 jaar;Sector economie;R-U Cultuur, recreatie, overige diensten;2015/'16;7;0;3;1;3;4;3;0;1;0;3;0;2;1;0
9919;Mannen;20 tot 25 jaar;Sector economie;R-U Cultuur, recreatie, overige diensten;2016/'17;7;0;1;1;5;5;2;0;0;0;5;0;1;1;0
9920;Mannen;20 tot 25 jaar;Sector economie;R-U Cultuur, recreatie, overige diensten;2017/'18;4;0;0;1;3;4;0;0;0;1;3;0;0;0;0
9921;Mannen;20 tot 25 jaar;Sector economie;R-U Cultuur, recreatie, overige diensten;2018/'19;8;0;2;2;4;4;4;0;1;0;3;0;1;2;1
9922;Mannen;20 tot 25 jaar;Sector economie;R-U Cultuur, recreatie, overige diensten;2019/'20;8;0;1;3;4;4;4;0;0;1;3;0;1;2;1
9923;Mannen;20 tot 25 jaar;Sector economie;R-U Cultuur, recreatie, overige diensten;2020/'21;7;0;1;2;4;5;2;0;1;1;3;0;0;1;1
9924;Mannen;20 tot 25 jaar;Sector economie;SBI-code onbekend;2009/'10;7;0;6;1;0;2;5;0;2;0;0;0;4;1;0
9925;Mannen;20 tot 25 jaar;Sector economie;SBI-code onbekend;2010/'11;5;0;2;2;1;3;2;0;1;1;1;0;1;1;0
9926;Mannen;20 tot 25 jaar;Sector economie;SBI-code onbekend;2011/'12;3;0;2;1;0;2;1;0;1;1;0;0;1;0;0
9927;Mannen;20 tot 25 jaar;Sector economie;SBI-code onbekend;2012/'13;3;1;1;0;1;1;2;0;0;0;1;1;1;0;0
9928;Mannen;20 tot 25 jaar;Sector economie;SBI-code onbekend;2013/'14;3;0;0;1;2;2;1;0;0;1;1;0;0;0;1
9929;Mannen;20 tot 25 jaar;Sector economie;SBI-code onbekend;2014/'15;3;0;1;0;2;3;0;0;1;0;2;0;0;0;0
9930;Mannen;20 tot 25 jaar;Sector economie;SBI-code onbekend;2015/'16;1;0;0;0;1;1;0;0;0;0;1;0;0;0;0
9931;Mannen;20 tot 25 jaar;Sector economie;SBI-code onbekend;2016/'17;0;0;0;0;0;0;0;0;0;0;0;0;0;0;0
9932;Mannen;20 tot 25 jaar;Sector economie;SBI-code onbekend;2017/'18;1;0;0;0;1;0;1;0;0;0;0;0;0;0;1
9933;Mannen;20 tot 25 jaar;Sector economie;SBI-code onbekend;2018/'19;0;0;0;0;0;0;0;0;0;0;0;0;0;0;0
9934;Mannen;20 tot 25 jaar;Sector economie;SBI-code onbekend;2019/'20;0;0;0;0;0;0;0;0;0;0;0;0;0;0;0
9935;Mannen;20 tot 25 jaar;Sector economie;SBI-code onbekend;2020/'21;0;0;0;0;0;0;0;0;0;0;0;0;0;0;0
9936;Mannen;20 tot 25 jaar;Sector techniek;A-U Alle economische activiteiten;2009/'10;745;67;441;76;161;218;527;15;40;25;138;52;401;51;23
9937;Mannen;20 tot 25 jaar;Sector techniek;A-U Alle economische activiteiten;2010/'11;568;45;288;93;142;195;373;11;23;35;126;34;265;58;16
9938;Mannen;20 tot 25 jaar;Sector techniek;A-U Alle economische activiteiten;2011/'12;530;39;260;83;148;179;351;6;19;30;124;33;241;53;24
9939;Mannen;20 tot 25 jaar;Sector techniek;A-U Alle economische activiteiten;2012/'13;403;34;145;71;153;179;224;12;20;19;128;22;125;52;25
9940;Mannen;20 tot 25 jaar;Sector techniek;A-U Alle economische activiteiten;2013/'14;397;26;131;59;181;227;170;16;37;16;158;10;94;43;23
9941;Mannen;20 tot 25 jaar;Sector techniek;A-U Alle economische activiteiten;2014/'15;354;45;93;61;155;202;152;30;17;22;133;15;76;39;22
9942;Mannen;20 tot 25 jaar;Sector techniek;A-U Alle economische activiteiten;2015/'16;331;46;77;63;145;185;146;29;15;21;120;17;62;42;25
9943;Mannen;20 tot 25 jaar;Sector techniek;A-U Alle economische activiteiten;2016/'17;289;1;82;79;127;123;166;0;12;14;97;1;70;65;30
9944;Mannen;20 tot 25 jaar;Sector techniek;A-U Alle economische activiteiten;2017/'18;264;0;81;72;111;97;167;0;3;12;82;0;78;60;29
9945;Mannen;20 tot 25 jaar;Sector techniek;A-U Alle economische activiteiten;2018/'19;347;0;99;95;153;137;210;0;14;7;116;0;85;88;37
9946;Mannen;20 tot 25 jaar;Sector techniek;A-U Alle economische activiteiten;2019/'20;350;0;105;107;138;124;226;0;14;7;103;0;91;100;35
9947;Mannen;20 tot 25 jaar;Sector techniek;A-U Alle economische activiteiten;2020/'21;358;0;103;93;162;141;217;0;13;7;121;0;90;86;41
9948;Mannen;20 tot 25 jaar;Sector techniek;A Landbouw, bosbouw en visserij;2009/'10;7;0;3;3;1;1;6;0;0;0;1;0;3;3;0
9949;Mannen;20 tot 25 jaar;Sector techniek;A Landbouw, bosbouw en visserij;2010/'11;6;0;1;2;3;4;2;0;0;1;3;0;1;1;0
9950;Mannen;20 tot 25 jaar;Sector techniek;A Landbouw, bosbouw en visserij;2011/'12;11;0;6;2;3;3;8;0;1;0;2;0;5;2;1
9951;Mannen;20 tot 25 jaar;Sector techniek;A Landbouw, bosbouw en visserij;2012/'13;11;1;5;0;5;5;6;0;0;0;5;1;5;0;0
9952;Mannen;20 tot 25 jaar;Sector techniek;A Landbouw, bosbouw en visserij;2013/'14;7;0;4;2;1;4;3;0;1;2;1;0;3;0;0
9953;Mannen;20 tot 25 jaar;Sector techniek;A Landbouw, bosbouw en visserij;2014/'15;7;1;1;2;3;4;3;1;0;0;3;0;1;2;0
9954;Mannen;20 tot 25 jaar;Sector techniek;A Landbouw, bosbouw en visserij;2015/'16;9;1;1;2;5;7;2;1;1;0;5;0;0;2;0
9955;Mannen;20 tot 25 jaar;Sector techniek;A Landbouw, bosbouw en visserij;2016/'17;6;0;2;1;3;1;5;0;0;0;1;0;2;1;2
9956;Mannen;20 tot 25 jaar;Sector techniek;A Landbouw, bosbouw en visserij;2017/'18;6;0;1;2;3;4;2;0;1;0;3;0;0;2;0
9957;Mannen;20 tot 25 jaar;Sector techniek;A Landbouw, bosbouw en visserij;2018/'19;7;0;2;1;4;4;3;0;1;0;3;0;1;1;1
9958;Mannen;20 tot 25 jaar;Sector techniek;A Landbouw, bosbouw en visserij;2019/'20;7;0;1;1;5;5;2;0;0;0;5;0;1;1;0
9959;Mannen;20 tot 25 jaar;Sector techniek;A Landbouw, bosbouw en visserij;2020/'21;4;0;1;3;0;0;4;0;0;0;0;0;1;3;0
9960;Mannen;20 tot 25 jaar;Sector techniek;B-E Nijverheid (geen bouw) en energie;2009/'10;97;20;55;6;16;13;84;0;2;1;10;20;53;5;6
9961;Mannen;20 tot 25 jaar;Sector techniek;B-E Nijverheid (geen bouw) en energie;2010/'11;60;11;31;10;8;7;53;0;3;1;3;11;28;9;5
9962;Mannen;20 tot 25 jaar;Sector techniek;B-E Nijverheid (geen bouw) en energie;2011/'12;53;15;21;9;8;7;46;0;2;1;4;15;19;8;4
9963;Mannen;20 tot 25 jaar;Sector techniek;B-E Nijverheid (geen bouw) en energie;2012/'13;35;7;15;5;8;5;30;1;1;0;3;6;14;5;5
9964;Mannen;20 tot 25 jaar;Sector techniek;B-E Nijverheid (geen bouw) en energie;2013/'14;19;3;9;2;5;6;13;1;1;1;3;2;8;1;2
9965;Mannen;20 tot 25 jaar;Sector techniek;B-E Nijverheid (geen bouw) en energie;2014/'15;30;2;8;5;15;10;20;2;0;0;8;0;8;5;7
9966;Mannen;20 tot 25 jaar;Sector techniek;B-E Nijverheid (geen bouw) en energie;2015/'16;26;7;10;2;7;4;22;1;0;0;3;6;10;2;4
9967;Mannen;20 tot 25 jaar;Sector techniek;B-E Nijverheid (geen bouw) en energie;2016/'17;23;0;7;11;5;4;19;0;1;1;2;0;6;10;3
9968;Mannen;20 tot 25 jaar;Sector techniek;B-E Nijverheid (geen bouw) en energie;2017/'18;23;0;10;7;6;4;19;0;0;1;3;0;10;6;3
9969;Mannen;20 tot 25 jaar;Sector techniek;B-E Nijverheid (geen bouw) en energie;2018/'19;24;0;7;5;12;7;17;0;0;0;7;0;7;5;5
9970;Mannen;20 tot 25 jaar;Sector techniek;B-E Nijverheid (geen bouw) en energie;2019/'20;37;0;14;9;14;7;30;0;2;0;5;0;12;9;9
9971;Mannen;20 tot 25 jaar;Sector techniek;B-E Nijverheid (geen bouw) en energie;2020/'21;38;0;14;14;10;5;33;0;0;0;5;0;14;14;5
9972;Mannen;20 tot 25 jaar;Sector techniek;F Bouwnijverheid;2009/'10;114;7;88;12;7;6;108;0;1;0;5;7;87;12;2
9973;Mannen;20 tot 25 jaar;Sector techniek;F Bouwnijverheid;2010/'11;61;3;49;7;2;1;60;1;0;0;0;2;49;7;2
9974;Mannen;20 tot 25 jaar;Sector techniek;F Bouwnijverheid;2011/'12;35;3;23;6;3;1;34;0;0;1;0;3;23;5;3
9975;Mannen;20 tot 25 jaar;Sector techniek;F Bouwnijverheid;2012/'13;33;1;21;4;7;4;29;1;1;0;2;0;20;4;5
9976;Mannen;20 tot 25 jaar;Sector techniek;F Bouwnijverheid;2013/'14;22;4;6;5;7;3;19;0;0;0;3;4;6;5;4
9977;Mannen;20 tot 25 jaar;Sector techniek;F Bouwnijverheid;2014/'15;19;2;11;4;2;2;17;1;0;0;1;1;11;4;1
9978;Mannen;20 tot 25 jaar;Sector techniek;F Bouwnijverheid;2015/'16;21;1;8;3;9;4;17;0;0;0;4;1;8;3;5
9979;Mannen;20 tot 25 jaar;Sector techniek;F Bouwnijverheid;2016/'17;15;0;10;3;2;1;14;0;1;0;0;0;9;3;2
9980;Mannen;20 tot 25 jaar;Sector techniek;F Bouwnijverheid;2017/'18;11;0;4;3;4;1;10;0;0;0;1;0;4;3;3
9981;Mannen;20 tot 25 jaar;Sector techniek;F Bouwnijverheid;2018/'19;18;0;8;5;5;0;18;0;0;0;0;0;8;5;5
9982;Mannen;20 tot 25 jaar;Sector techniek;F Bouwnijverheid;2019/'20;22;0;10;9;3;2;20;0;0;0;2;0;10;9;1
9983;Mannen;20 tot 25 jaar;Sector techniek;F Bouwnijverheid;2020/'21;17;0;13;3;1;1;16;0;0;0;1;0;13;3;0
9984;Mannen;20 tot 25 jaar;Sector techniek;G-I Handel, vervoer en horeca;2009/'10;181;16;88;17;60;69;112;7;5;5;52;9;83;12;8
9985;Mannen;20 tot 25 jaar;Sector techniek;G-I Handel, vervoer en horeca;2010/'11;173;11;78;27;57;69;104;3;8;10;48;8;70;17;9
9986;Mannen;20 tot 25 jaar;Sector techniek;G-I Handel, vervoer en horeca;2011/'12;184;5;73;26;80;86;98;2;5;10;69;3;68;16;11
9987;Mannen;20 tot 25 jaar;Sector techniek;G-I Handel, vervoer en horeca;2012/'13;151;13;34;27;77;91;60;5;7;10;69;8;27;17;8
9988;Mannen;20 tot 25 jaar;Sector techniek;G-I Handel, vervoer en horeca;2013/'14;159;8;44;23;84;105;54;6;18;7;74;2;26;16;10
9989;Mannen;20 tot 25 jaar;Sector techniek;G-I Handel, vervoer en horeca;2014/'15;162;24;38;16;84;112;50;14;12;8;78;10;26;8;6
9990;Mannen;20 tot 25 jaar;Sector techniek;G-I Handel, vervoer en horeca;2015/'16;137;11;32;21;73;88;49;7;10;6;65;4;22;15;8
9991;Mannen;20 tot 25 jaar;Sector techniek;G-I Handel, vervoer en horeca;2016/'17;111;1;21;31;58;55;56;0;1;7;47;1;20;24;11
9992;Mannen;20 tot 25 jaar;Sector techniek;G-I Handel, vervoer en horeca;2017/'18;114;0;26;28;60;50;64;0;0;5;45;0;26;23;15
9993;Mannen;20 tot 25 jaar;Sector techniek;G-I Handel, vervoer en horeca;2018/'19;151;0;38;43;70;65;86;0;7;3;55;0;31;40;15
9994;Mannen;20 tot 25 jaar;Sector techniek;G-I Handel, vervoer en horeca;2019/'20;142;0;28;50;64;58;84;0;3;5;50;0;25;45;14
9995;Mannen;20 tot 25 jaar;Sector techniek;G-I Handel, vervoer en horeca;2020/'21;155;0;36;34;85;70;85;0;4;5;61;0;32;29;24
9996;Mannen;20 tot 25 jaar;Sector techniek;J Informatie en communicatie;2009/'10;6;0;2;2;2;4;2;0;0;2;2;0;2;0;0
9997;Mannen;20 tot 25 jaar;Sector techniek;J Informatie en communicatie;2010/'11;4;0;0;0;4;4;0;0;0;0;4;0;0;0;0
9998;Mannen;20 tot 25 jaar;Sector techniek;J Informatie en communicatie;2011/'12;2;0;1;0;1;1;1;0;0;0;1;0;1;0;0
9999;Mannen;20 tot 25 jaar;Sector techniek;J Informatie en communicatie;2012/'13;2;0;0;0;2;2;0;0;0;0;2;0;0;0;0
