ID;Persoonskenmerken;RegioS;Perioden;BeroepsEnNietBeroepsbevolking_1;Beroepsbevolking_2;WerkzameBeroepsbevolking_3;Werknemer_4;Zelfstandige_5;PositieInDeWerkkringOnbekend_6;Beroepsniveau1_7;Beroepsniveau2_8;Beroepsniveau3_9;Beroepsniveau4_10;BeroepsniveauOnbekend_11;WerklozeBeroepsbevolking_12;Werkloosheidspercentage_13;NietBeroepsbevolking_14;BrutoArbeidsparticipatie_15;NettoArbeidsparticipatie_16
0;Totaal personen;Nederland;2003;12116;8178;7783;6783;1000;0;660;3627;1408;1987;101;395;4.8;3938;67.5;64.2
1;Totaal personen;Nederland;2004;12155;8227;7761;6738;1022;0;637;3711;1378;1976;59;466;5.7;3929;67.7;63.8
2;Totaal personen;Nederland;2005;12190;8307;7818;6763;1054;1;662;3767;1361;1975;54;489;5.9;3883;68.1;64.1
3;Totaal personen;Nederland;2006;12221;8357;7938;6847;1091;1;696;3761;1366;2026;89;419;5.0;3863;68.4;65.0
4;Totaal personen;Nederland;2007;12257;8524;8169;7020;1148;1;715;3810;1426;2123;96;355;4.2;3733;69.5;66.6
5;Totaal personen;Nederland;2008;12315;8676;8358;7164;1194;1;705;3854;1478;2226;95;318;3.7;3639;70.5;67.9
6;Totaal personen;Nederland;2009;12372;8742;8361;7134;1226;1;677;3837;1481;2259;108;381;4.4;3630;70.7;67.6
7;Totaal personen;Nederland;2010;12412;8713;8278;7035;1242;1;672;3702;1476;2313;115;435;5.0;3699;70.2;66.7
8;Totaal personen;Nederland;2011;12452;8714;8280;7031;1249;0;670;3668;1503;2324;115;434;5.0;3738;70.0;66.5
9;Totaal personen;Nederland;2012;12541;8846;8330;7057;1273;0;703;3678;1500;2344;105;516;5.8;3695;70.5;66.4
10;Totaal personen;Nederland;2013;12638;8913;8266;6947;1319;0;737;3539;1397;2461;133;647;7.3;3724;70.5;65.4
11;Totaal personen;Nederland;2014;12665;8874;8214;6860;1354;0;737;3535;1349;2482;111;660;7.4;3791;70.1;64.9
12;Totaal personen;Nederland;2015;12685;8907;8294;6909;1384;0;737;3592;1341;2527;96;614;6.9;3778;70.2;65.4
13;Totaal personen;Nederland;2016;12768;8942;8403;7000;1403;0;738;3597;1391;2579;98;538;6.0;3826;70.0;65.8
14;Totaal personen;Nederland;2017;12870;9017;8579;7154;1425;0;768;3653;1410;2610;138;438;4.9;3853;70.1;66.7
15;Totaal personen;Nederland;2018;12936;9125;8774;7322;1452;0;775;3691;1478;2709;121;350;3.8;3812;70.5;67.8
16;Totaal personen;Noord-Nederland (LD);2003;1264;831;786;674;112;0;76;392;139;167;12;45;5.4;433;65.8;62.2
17;Totaal personen;Noord-Nederland (LD);2004;1266;837;782;667;115;0;70;400;134;171;8;54;6.5;429;66.1;61.8
18;Totaal personen;Noord-Nederland (LD);2005;1267;843;786;668;117;0;75;402;132;171;6;58;6.9;424;66.6;62.0
19;Totaal personen;Noord-Nederland (LD);2006;1267;841;793;672;121;0;73;407;132;172;9;48;5.7;426;66.4;62.6
20;Totaal personen;Noord-Nederland (LD);2007;1270;861;820;695;125;0;76;415;139;179;11;40;4.7;409;67.8;64.6
21;Totaal personen;Noord-Nederland (LD);2008;1274;877;841;712;129;0;75;424;146;184;12;36;4.1;398;68.8;66.0
22;Totaal personen;Noord-Nederland (LD);2009;1276;879;836;704;132;0;75;414;145;192;11;43;4.9;396;68.9;65.5
23;Totaal personen;Noord-Nederland (LD);2010;1281;878;831;699;132;0;74;391;145;208;12;48;5.4;403;68.6;64.9
24;Totaal personen;Noord-Nederland (LD);2011;1281;875;827;699;127;0;76;386;147;205;14;48;5.4;406;68.3;64.6
25;Totaal personen;Noord-Nederland (LD);2012;1285;884;827;694;132;0;77;392;148;195;15;57;6.4;401;68.8;64.3
26;Totaal personen;Noord-Nederland (LD);2013;1290;890;821;684;137;0;79;384;140;202;16;69;7.8;400;69.0;63.6
27;Totaal personen;Noord-Nederland (LD);2014;1289;881;811;674;137;0;81;378;135;201;17;70;8.0;407;68.4;63.0
28;Totaal personen;Noord-Nederland (LD);2015;1287;885;818;676;142;0;80;388;132;201;17;67;7.6;401;68.8;63.6
29;Totaal personen;Noord-Nederland (LD);2016;1289;881;823;678;145;0;81;383;137;206;15;58;6.6;408;68.3;63.8
30;Totaal personen;Noord-Nederland (LD);2017;1295;887;838;695;143;0;82;386;142;205;22;48;5.5;408;68.5;64.7
31;Totaal personen;Noord-Nederland (LD);2018;1295;889;850;704;146;0;79;389;145;222;15;39;4.4;406;68.7;65.6
32;Totaal personen;Oost-Nederland (LD);2003;2531;1722;1644;1431;213;0;151;801;286;393;13;78;4.6;809;68.0;64.9
33;Totaal personen;Oost-Nederland (LD);2004;2542;1733;1638;1428;209;0;143;826;282;379;8;95;5.5;809;68.2;64.4
34;Totaal personen;Oost-Nederland (LD);2005;2552;1747;1645;1432;213;0;146;829;278;383;10;101;5.8;805;68.4;64.5
35;Totaal personen;Oost-Nederland (LD);2006;2562;1765;1680;1452;228;0;157;830;283;394;16;85;4.8;797;68.9;65.6
36;Totaal personen;Oost-Nederland (LD);2007;2572;1813;1740;1492;248;0;161;853;299;412;16;73;4.0;759;70.5;67.7
37;Totaal personen;Oost-Nederland (LD);2008;2587;1845;1778;1527;252;0;159;846;314;438;22;67;3.6;741;71.3;68.8
38;Totaal personen;Oost-Nederland (LD);2009;2596;1851;1774;1517;256;0;151;835;313;453;22;78;4.2;745;71.3;68.3
39;Totaal personen;Oost-Nederland (LD);2010;2607;1848;1757;1504;253;0;150;812;314;454;27;91;4.9;758;70.9;67.4
40;Totaal personen;Oost-Nederland (LD);2011;2614;1848;1759;1501;258;0;156;809;316;455;24;89;4.8;766;70.7;67.3
41;Totaal personen;Oost-Nederland (LD);2012;2631;1866;1762;1500;262;0;161;803;316;459;22;105;5.6;765;70.9;67.0
42;Totaal personen;Oost-Nederland (LD);2013;2650;1892;1757;1486;272;0;176;771;293;494;23;135;7.1;758;71.4;66.3
43;Totaal personen;Oost-Nederland (LD);2014;2652;1873;1736;1460;276;0;173;772;279;492;19;137;7.3;779;70.6;65.4
44;Totaal personen;Oost-Nederland (LD);2015;2657;1880;1755;1474;281;0;167;788;279;501;20;125;6.6;777;70.7;66.0
45;Totaal personen;Oost-Nederland (LD);2016;2674;1883;1769;1485;284;0;167;786;291;502;24;114;6.0;791;70.4;66.2
46;Totaal personen;Oost-Nederland (LD);2017;2698;1907;1816;1527;289;0;170;816;297;506;27;90;4.7;791;70.7;67.3
47;Totaal personen;Oost-Nederland (LD);2018;2713;1928;1856;1570;286;0;174;824;310;525;23;72;3.7;786;71.0;68.4
48;Totaal personen;West-Nederland (LD);2003;5641;3827;3640;3183;458;0;277;1610;677;1025;51;187;4.9;1814;67.8;64.5
49;Totaal personen;West-Nederland (LD);2004;5669;3860;3643;3161;482;0;269;1657;665;1026;26;217;5.6;1809;68.1;64.3
50;Totaal personen;West-Nederland (LD);2005;5690;3909;3679;3182;497;0;273;1685;656;1041;23;229;5.9;1781;68.7;64.7
51;Totaal personen;West-Nederland (LD);2006;5709;3936;3738;3225;513;0;295;1685;652;1067;39;198;5.0;1774;68.9;65.5
52;Totaal personen;West-Nederland (LD);2007;5732;4010;3843;3304;539;0;307;1688;676;1129;43;167;4.2;1722;70.0;67.0
53;Totaal personen;West-Nederland (LD);2008;5764;4080;3932;3369;562;0;303;1718;696;1177;38;148;3.6;1685;70.8;68.2
54;Totaal personen;West-Nederland (LD);2009;5806;4129;3951;3370;581;0;292;1727;702;1183;46;177;4.3;1677;71.1;68.1
55;Totaal personen;West-Nederland (LD);2010;5826;4111;3907;3317;590;0;279;1667;701;1208;52;204;5.0;1715;70.6;67.1
56;Totaal personen;West-Nederland (LD);2011;5857;4120;3910;3312;598;0;274;1644;719;1219;52;210;5.1;1738;70.3;66.7
57;Totaal personen;West-Nederland (LD);2012;5911;4199;3947;3334;613;0;297;1656;715;1232;48;252;6.0;1712;71.0;66.8
58;Totaal personen;West-Nederland (LD);2013;5967;4223;3910;3271;639;0;311;1573;665;1295;67;313;7.4;1744;70.8;65.5
59;Totaal personen;West-Nederland (LD);2014;5992;4222;3905;3233;671;0;307;1578;650;1317;53;317;7.5;1770;70.5;65.2
60;Totaal personen;West-Nederland (LD);2015;6012;4238;3942;3259;683;0;321;1597;644;1339;41;297;7.0;1773;70.5;65.6
61;Totaal personen;West-Nederland (LD);2016;6063;4270;4008;3314;694;0;317;1613;672;1364;42;261;6.1;1794;70.4;66.1
62;Totaal personen;West-Nederland (LD);2017;6119;4302;4089;3391;698;0;336;1619;676;1395;63;213;5.0;1817;70.3;66.8
63;Totaal personen;West-Nederland (LD);2018;6162;4371;4199;3473;726;0;342;1634;717;1445;60;172;3.9;1792;70.9;68.1
64;Totaal personen;Zuid-Nederland (LD);2003;2679;1798;1713;1495;217;0;156;824;305;401;26;85;4.7;882;67.1;63.9
65;Totaal personen;Zuid-Nederland (LD);2004;2679;1797;1698;1481;216;0;154;828;297;401;17;100;5.6;881;67.1;63.4
66;Totaal personen;Zuid-Nederland (LD);2005;2681;1808;1708;1481;227;0;168;851;295;379;14;100;5.5;873;67.4;63.7
67;Totaal personen;Zuid-Nederland (LD);2006;2682;1816;1727;1498;229;0;172;838;298;393;26;89;4.9;866;67.7;64.4
68;Totaal personen;Zuid-Nederland (LD);2007;2683;1840;1765;1529;236;0;171;853;312;402;27;75;4.1;843;68.6;65.8
69;Totaal personen;Zuid-Nederland (LD);2008;2690;1874;1808;1557;251;0;169;867;323;425;24;67;3.6;815;69.7;67.2
70;Totaal personen;Zuid-Nederland (LD);2009;2693;1882;1800;1543;256;0;159;861;321;431;28;83;4.4;811;69.9;66.8
71;Totaal personen;Zuid-Nederland (LD);2010;2699;1875;1783;1515;267;0;168;832;316;444;24;93;4.9;823;69.5;66.1
72;Totaal personen;Zuid-Nederland (LD);2011;2700;1872;1784;1519;265;0;164;829;321;446;24;88;4.7;829;69.3;66.1
73;Totaal personen;Zuid-Nederland (LD);2012;2714;1897;1794;1528;266;0;167;828;321;458;20;103;5.4;817;69.9;66.1
74;Totaal personen;Zuid-Nederland (LD);2013;2730;1909;1778;1506;272;0;172;810;299;470;27;131;6.8;822;69.9;65.1
75;Totaal personen;Zuid-Nederland (LD);2014;2732;1897;1762;1492;270;0;176;806;285;472;23;135;7.1;834;69.5;64.5
76;Totaal personen;Zuid-Nederland (LD);2015;2730;1904;1779;1500;279;0;169;820;286;486;18;125;6.6;826;69.8;65.2
77;Totaal personen;Zuid-Nederland (LD);2016;2742;1908;1803;1522;281;0;173;815;290;507;17;105;5.5;834;69.6;65.7
78;Totaal personen;Zuid-Nederland (LD);2017;2758;1921;1835;1541;294;0;180;831;295;504;25;86;4.5;837;69.7;66.5
79;Totaal personen;Zuid-Nederland (LD);2018;2766;1937;1870;1576;294;0;181;843;307;516;23;67;3.5;829;70.0;67.6
80;Totaal personen;Groningen (PV);2003;435;285;268;232;35;0;28;125;47;63;6;17;6.0;150;65.4;61.5
81;Totaal personen;Groningen (PV);2004;436;286;266;229;37;0;24;128;46;65;4;20;7.1;149;65.7;61.1
82;Totaal personen;Groningen (PV);2005;436;288;266;229;37;0;25;130;44;66;2;22;7.7;148;66.1;61.0
83;Totaal personen;Groningen (PV);2006;436;285;268;230;37;0;25;130;44;65;3;18;6.3;151;65.5;61.4
84;Totaal personen;Groningen (PV);2007;437;294;278;239;39;0;27;132;47;68;4;16;5.5;143;67.3;63.6
85;Totaal personen;Groningen (PV);2008;438;298;284;244;41;0;26;134;49;71;4;13;4.5;140;68.0;64.9
86;Totaal personen;Groningen (PV);2009;438;297;281;242;39;0;25;131;49;72;3;16;5.5;141;67.8;64.1
87;Totaal personen;Groningen (PV);2010;441;302;284;241;44;0;24;122;50;84;4;18;5.8;139;68.5;64.5
88;Totaal personen;Groningen (PV);2011;442;302;284;242;42;0;24;127;50;79;5;18;6.0;140;68.4;64.3
89;Totaal personen;Groningen (PV);2012;445;302;281;238;43;0;25;127;50;76;4;20;6.8;143;67.8;63.2
90;Totaal personen;Groningen (PV);2013;448;306;281;238;43;0;26;129;46;77;3;25;8.1;142;68.2;62.7
91;Totaal personen;Groningen (PV);2014;448;300;275;231;44;0;25;126;45;75;4;25;8.5;147;67.1;61.4
92;Totaal personen;Groningen (PV);2015;448;305;279;235;44;0;27;126;44;78;4;26;8.5;143;68.1;62.4
93;Totaal personen;Groningen (PV);2016;448;304;281;234;47;0;27;124;46;80;4;23;7.4;145;67.7;62.7
94;Totaal personen;Groningen (PV);2017;450;305;286;240;47;0;27;123;48;81;7;19;6.2;145;67.8;63.6
95;Totaal personen;Groningen (PV);2018;450;304;288;241;48;0;26;124;49;85;4;16;5.1;145;67.6;64.2
96;Totaal personen;Friesland (PV);2003;474;312;296;252;44;0;26;155;52;59;4;16;5.2;161;65.9;62.5
97;Totaal personen;Friesland (PV);2004;475;314;295;249;46;0;23;159;51;59;3;19;6.2;160;66.2;62.1
98;Totaal personen;Friesland (PV);2005;475;319;299;251;48;0;26;162;50;58;2;19;6.1;156;67.1;63.0
99;Totaal personen;Friesland (PV);2006;474;318;301;251;50;0;25;163;50;60;3;17;5.2;156;67.0;63.5
100;Totaal personen;Friesland (PV);2007;475;325;311;258;53;0;27;170;51;62;2;14;4.2;150;68.4;65.5
101;Totaal personen;Friesland (PV);2008;477;331;319;266;52;0;27;172;53;64;2;12;3.8;146;69.5;66.8
102;Totaal personen;Friesland (PV);2009;477;333;318;263;55;0;27;167;54;67;3;15;4.5;144;69.8;66.7
103;Totaal personen;Friesland (PV);2010;479;330;313;258;54;0;29;156;53;71;4;17;5.2;149;68.9;65.3
104;Totaal personen;Friesland (PV);2011;478;329;312;259;52;0;30;152;55;72;3;17;5.2;149;68.8;65.2
105;Totaal personen;Friesland (PV);2012;479;333;312;257;54;0;29;152;56;69;6;21;6.3;146;69.4;65.0
106;Totaal personen;Friesland (PV);2013;481;335;309;253;56;0;28;151;53;71;6;26;7.9;145;69.8;64.3
107;Totaal personen;Friesland (PV);2014;480;333;307;250;56;0;31;150;50;69;6;27;8.0;147;69.4;63.9
108;Totaal personen;Friesland (PV);2015;479;332;308;250;58;0;31;154;49;68;6;24;7.3;146;69.4;64.3
109;Totaal personen;Friesland (PV);2016;480;333;312;254;57;0;32;152;51;70;5;21;6.3;147;69.3;64.9
110;Totaal personen;Friesland (PV);2017;482;332;315;260;55;0;32;154;52;70;7;17;5.2;149;69.0;65.4
111;Totaal personen;Friesland (PV);2018;482;336;323;263;59;0;31;156;53;79;4;14;4.2;145;69.9;67.0
112;Totaal personen;Drenthe (PV);2003;355;234;223;190;33;0;22;113;40;45;3;12;5.0;121;65.9;62.6
113;Totaal personen;Drenthe (PV);2004;355;236;221;189;32;0;22;113;38;47;1;15;6.3;119;66.4;62.2
114;Totaal personen;Drenthe (PV);2005;356;236;220;188;32;0;23;110;38;47;2;16;6.8;120;66.4;61.9
115;Totaal personen;Drenthe (PV);2006;357;238;225;191;34;0;22;114;38;47;3;13;5.5;119;66.6;62.9
116;Totaal personen;Drenthe (PV);2007;358;242;231;198;34;0;23;114;41;50;5;11;4.5;116;67.6;64.6
117;Totaal personen;Drenthe (PV);2008;360;248;238;202;36;0;22;118;43;49;6;10;3.9;112;68.8;66.1
118;Totaal personen;Drenthe (PV);2009;360;249;237;199;38;0;22;115;42;53;5;12;4.8;111;69.1;65.8
119;Totaal personen;Drenthe (PV);2010;361;246;234;200;34;0;21;113;42;53;5;13;5.2;115;68.2;64.7
120;Totaal personen;Drenthe (PV);2011;360;244;231;198;33;0;22;107;42;54;5;12;5.1;117;67.6;64.1
121;Totaal personen;Drenthe (PV);2012;361;249;234;199;35;0;23;113;42;51;5;15;6.1;112;69.0;64.8
122;Totaal personen;Drenthe (PV);2013;362;249;231;193;38;0;25;105;41;54;7;18;7.2;113;68.8;63.9
123;Totaal personen;Drenthe (PV);2014;361;248;230;193;37;0;24;102;40;57;7;18;7.3;113;68.7;63.7
124;Totaal personen;Drenthe (PV);2015;360;248;231;191;40;0;22;109;39;55;7;17;7.0;112;68.9;64.1
125;Totaal personen;Drenthe (PV);2016;361;245;230;190;40;0;22;106;40;56;6;15;6.1;116;67.9;63.7
126;Totaal personen;Drenthe (PV);2017;363;249;237;195;42;0;23;109;41;55;9;12;4.9;114;68.6;65.2
127;Totaal personen;Drenthe (PV);2018;364;249;239;200;39;0;22;109;43;59;7;10;3.9;115;68.3;65.7
128;Totaal personen;Overijssel (PV);2003;816;550;525;458;67;0;53;265;90;114;4;25;4.6;266;67.4;64.3
129;Totaal personen;Overijssel (PV);2004;818;554;523;457;66;0;49;271;90;111;3;31;5.6;265;67.6;63.9
130;Totaal personen;Overijssel (PV);2005;821;558;525;459;65;0;48;269;90;114;4;33;5.9;263;68.0;64.0
131;Totaal personen;Overijssel (PV);2006;823;563;535;467;68;0;52;268;91;117;6;29;5.1;260;68.4;65.0
132;Totaal personen;Overijssel (PV);2007;825;579;556;479;76;0;52;276;97;122;9;24;4.1;246;70.2;67.3
133;Totaal personen;Overijssel (PV);2008;829;593;571;494;77;0;51;284;99;133;5;21;3.6;237;71.5;68.9
134;Totaal personen;Overijssel (PV);2009;831;593;567;490;77;0;48;281;98;134;6;26;4.4;238;71.4;68.3
135;Totaal personen;Overijssel (PV);2010;834;591;562;486;75;0;48;270;99;138;6;30;5.0;243;70.9;67.3
136;Totaal personen;Overijssel (PV);2011;835;592;563;484;79;0;50;269;99;140;5;29;4.9;243;70.9;67.4
137;Totaal personen;Overijssel (PV);2012;839;595;561;479;83;0;52;261;101;140;8;33;5.6;245;70.8;66.9
138;Totaal personen;Overijssel (PV);2013;844;602;559;477;83;0;61;251;91;151;6;43;7.2;241;71.4;66.3
139;Totaal personen;Overijssel (PV);2014;843;595;553;469;84;0;60;254;88;146;5;42;7.1;248;70.6;65.6
140;Totaal personen;Overijssel (PV);2015;843;600;560;474;86;0;55;261;88;149;6;40;6.7;243;71.2;66.4
141;Totaal personen;Overijssel (PV);2016;848;599;561;476;85;0;54;256;93;152;7;38;6.3;249;70.6;66.2
142;Totaal personen;Overijssel (PV);2017;853;604;575;486;89;0;56;266;93;150;9;29;4.9;249;70.8;67.3
143;Totaal personen;Overijssel (PV);2018;857;613;589;503;86;0;55;272;100;155;8;23;3.8;244;71.5;68.8
144;Totaal personen;Flevoland (PV);2003;258;185;175;155;20;0;15;82;32;45;2;9;5.0;74;71.5;67.9
145;Totaal personen;Flevoland (PV);2004;264;189;177;156;21;0;15;88;31;44;0;12;6.1;75;71.5;67.1
146;Totaal personen;Flevoland (PV);2005;269;193;180;159;21;0;15;89;32;43;1;13;7.0;76;71.9;66.9
147;Totaal personen;Flevoland (PV);2006;273;196;185;163;22;0;16;90;32;45;2;11;5.8;77;71.9;67.7
148;Totaal personen;Flevoland (PV);2007;276;202;194;169;24;0;18;95;33;47;1;9;4.4;74;73.2;70.0
149;Totaal personen;Flevoland (PV);2008;281;208;199;175;25;0;16;94;36;48;5;8;4.0;73;74.0;71.0
150;Totaal personen;Flevoland (PV);2009;285;210;200;175;25;0;16;95;36;49;5;10;4.8;74;73.9;70.3
151;Totaal personen;Flevoland (PV);2010;287;208;196;170;26;0;15;88;37;51;6;12;5.8;78;72.6;68.4
152;Totaal personen;Flevoland (PV);2011;290;209;197;170;27;0;19;88;37;50;4;12;5.5;81;72.1;68.1
153;Totaal personen;Flevoland (PV);2012;294;214;199;172;27;0;16;93;36;51;3;15;7.1;80;72.8;67.6
154;Totaal personen;Flevoland (PV);2013;298;217;198;170;27;0;18;87;34;55;4;19;8.9;81;72.9;66.4
155;Totaal personen;Flevoland (PV);2014;299;214;194;168;26;0;19;87;33;51;4;20;9.3;85;71.5;64.8
156;Totaal personen;Flevoland (PV);2015;300;215;198;169;29;0;20;86;32;56;4;16;7.7;85;71.5;66.0
157;Totaal personen;Flevoland (PV);2016;302;218;202;171;31;0;19;91;34;53;5;16;7.2;84;72.1;66.9
158;Totaal personen;Flevoland (PV);2017;306;219;207;177;30;0;18;94;35;56;4;12;5.6;87;71.7;67.7
159;Totaal personen;Flevoland (PV);2018;310;224;215;184;31;0;21;98;36;57;3;9;4.2;85;72.4;69.3
160;Totaal personen;Gelderland (PV);2003;1457;988;944;818;125;0;83;454;165;235;7;44;4.5;469;67.8;64.8
161;Totaal personen;Gelderland (PV);2004;1459;990;938;816;122;0;80;467;161;224;5;52;5.3;469;67.9;64.3
162;Totaal personen;Gelderland (PV);2005;1463;996;941;813;127;0;83;471;156;226;5;55;5.5;467;68.1;64.3
163;Totaal personen;Gelderland (PV);2006;1466;1006;960;822;138;0;90;472;160;231;8;45;4.5;461;68.6;65.5
164;Totaal personen;Gelderland (PV);2007;1470;1031;991;844;148;0;91;482;169;243;6;40;3.9;439;70.1;67.4
165;Totaal personen;Gelderland (PV);2008;1477;1045;1008;858;150;0;92;468;178;257;13;38;3.6;432;70.8;68.2
166;Totaal personen;Gelderland (PV);2009;1481;1048;1006;852;154;0;87;458;178;271;12;41;3.9;433;70.8;68.0
167;Totaal personen;Gelderland (PV);2010;1486;1049;1000;848;152;0;87;454;179;265;15;49;4.7;437;70.6;67.3
168;Totaal personen;Gelderland (PV);2011;1489;1047;999;847;152;0;87;451;181;265;14;48;4.6;441;70.3;67.1
169;Totaal personen;Gelderland (PV);2012;1498;1058;1002;850;152;0;94;449;179;268;11;56;5.3;440;70.6;66.9
170;Totaal personen;Gelderland (PV);2013;1508;1073;1001;839;162;0;97;433;169;288;14;72;6.7;436;71.1;66.3
171;Totaal personen;Gelderland (PV);2014;1511;1064;989;823;166;0;94;431;159;295;10;75;7.0;447;70.4;65.5
172;Totaal personen;Gelderland (PV);2015;1514;1065;997;831;166;0;92;440;159;296;10;68;6.4;449;70.3;65.9
173;Totaal personen;Gelderland (PV);2016;1524;1066;1006;838;168;0;94;440;164;297;11;60;5.7;458;70.0;66.0
174;Totaal personen;Gelderland (PV);2017;1538;1083;1034;865;170;0;95;456;169;300;14;48;4.5;455;70.4;67.3
175;Totaal personen;Gelderland (PV);2018;1547;1091;1052;883;169;0;99;454;174;313;12;39;3.6;456;70.5;68.0
176;Totaal personen;Utrecht (PV);2003;861;606;579;507;72;0;40;229;104;205;2;27;4.4;255;70.4;67.3
177;Totaal personen;Utrecht (PV);2004;868;612;582;506;75;0;43;240;101;198;0;30;4.9;256;70.5;67.0
178;Totaal personen;Utrecht (PV);2005;875;619;588;508;79;0;40;243;100;204;1;31;5.1;255;70.8;67.2
179;Totaal personen;Utrecht (PV);2006;882;628;600;518;82;0;43;246;102;208;2;28;4.5;254;71.2;68.0
180;Totaal personen;Utrecht (PV);2007;891;646;622;534;87;0;47;248;106;219;1;24;3.8;246;72.4;69.7
181;Totaal personen;Utrecht (PV);2008;900;659;638;545;92;0;44;247;110;236;0;21;3.2;241;73.2;70.9
182;Totaal personen;Utrecht (PV);2009;906;669;644;545;99;0;43;259;114;227;2;25;3.7;236;73.9;71.2
183;Totaal personen;Utrecht (PV);2010;910;664;635;541;94;0;42;248;113;226;6;29;4.3;246;73.0;69.8
184;Totaal personen;Utrecht (PV);2011;914;666;636;541;96;0;41;240;116;237;2;30;4.5;248;72.9;69.6
185;Totaal personen;Utrecht (PV);2012;923;681;646;541;104;0;45;245;114;241;1;35;5.2;243;73.7;69.9
186;Totaal personen;Utrecht (PV);2013;933;685;640;531;109;0;45;233;107;248;6;44;6.5;249;73.3;68.6
187;Totaal personen;Utrecht (PV);2014;939;683;638;528;110;0;44;233;106;251;5;45;6.5;256;72.7;67.9
188;Totaal personen;Utrecht (PV);2015;944;687;643;532;111;0;47;232;102;261;1;44;6.4;256;72.8;68.2
189;Totaal personen;Utrecht (PV);2016;953;691;654;542;113;0;47;236;107;262;2;36;5.2;262;72.5;68.7
190;Totaal personen;Utrecht (PV);2017;963;696;667;554;113;0;48;232;110;269;8;30;4.2;267;72.3;69.2
191;Totaal personen;Utrecht (PV);2018;972;711;686;571;116;0;47;235;113;286;5;25;3.5;260;73.2;70.6
192;Totaal personen;Noord-Holland (PV);2003;1938;1310;1245;1080;165;0;95;542;242;342;24;65;5.0;629;67.6;64.2
193;Totaal personen;Noord-Holland (PV);2004;1949;1326;1250;1066;184;0;87;569;229;356;9;76;5.7;623;68.0;64.1
194;Totaal personen;Noord-Holland (PV);2005;1957;1347;1269;1078;190;0;90;590;227;356;6;79;5.8;610;68.8;64.8
195;Totaal personen;Noord-Holland (PV);2006;1965;1360;1293;1094;199;0;99;580;231;369;15;66;4.9;605;69.2;65.8
196;Totaal personen;Noord-Holland (PV);2007;1974;1385;1329;1122;207;0;105;584;230;398;11;56;4.1;589;70.2;67.3
197;Totaal personen;Noord-Holland (PV);2008;1991;1415;1363;1147;216;0;100;597;241;414;12;51;3.6;576;71.1;68.5
198;Totaal personen;Noord-Holland (PV);2009;2005;1428;1366;1144;222;0;97;591;245;413;20;62;4.4;577;71.2;68.1
199;Totaal personen;Noord-Holland (PV);2010;2014;1423;1353;1133;221;0;91;569;250;424;19;69;4.9;591;70.6;67.2
200;Totaal personen;Noord-Holland (PV);2011;2027;1425;1353;1127;227;0;88;571;249;429;17;72;5.1;602;70.3;66.8
201;Totaal personen;Noord-Holland (PV);2012;2047;1457;1373;1138;234;0;102;575;245;440;10;84;5.8;590;71.2;67.1
202;Totaal personen;Noord-Holland (PV);2013;2071;1475;1368;1124;244;0;104;541;236;463;23;108;7.3;595;71.2;66.1
203;Totaal personen;Noord-Holland (PV);2014;2083;1475;1368;1113;255;0;105;538;229;479;17;107;7.2;608;70.8;65.7
204;Totaal personen;Noord-Holland (PV);2015;2094;1485;1388;1123;265;0;110;563;228;477;11;97;6.5;608;70.9;66.3
205;Totaal personen;Noord-Holland (PV);2016;2114;1511;1424;1146;279;0;109;565;239;497;15;86;5.7;603;71.5;67.4
206;Totaal personen;Noord-Holland (PV);2017;2135;1515;1442;1171;271;0;114;558;237;511;21;73;4.8;620;70.9;67.5
207;Totaal personen;Noord-Holland (PV);2018;2150;1532;1472;1192;281;0;116;564;251;519;22;60;3.9;617;71.3;68.5
208;Totaal personen;Zuid-Holland (PV);2003;2565;1731;1643;1448;195;0;126;753;299;443;21;88;5.1;834;67.5;64.1
209;Totaal personen;Zuid-Holland (PV);2004;2574;1740;1638;1441;197;0;123;757;303;441;13;102;5.9;834;67.6;63.6
210;Totaal personen;Zuid-Holland (PV);2005;2580;1757;1647;1446;200;0;127;757;298;450;14;111;6.3;822;68.1;63.8
211;Totaal personen;Zuid-Holland (PV);2006;2583;1761;1666;1461;205;0;138;764;288;457;19;95;5.4;822;68.2;64.5
212;Totaal personen;Zuid-Holland (PV);2007;2586;1792;1713;1495;217;0;140;764;307;476;25;80;4.4;794;69.3;66.2
213;Totaal personen;Zuid-Holland (PV);2008;2593;1817;1747;1521;226;0;141;783;311;491;21;70;3.8;776;70.1;67.4
214;Totaal personen;Zuid-Holland (PV);2009;2615;1840;1756;1522;234;0;136;783;310;507;20;83;4.5;775;70.4;67.2
215;Totaal personen;Zuid-Holland (PV);2010;2621;1833;1735;1488;248;0;130;759;305;520;22;98;5.4;788;70.0;66.2
216;Totaal personen;Zuid-Holland (PV);2011;2635;1839;1738;1492;247;0;130;745;321;515;27;101;5.5;796;69.8;66.0
217;Totaal personen;Zuid-Holland (PV);2012;2659;1868;1743;1498;245;0;133;742;322;516;30;125;6.7;791;70.3;65.6
218;Totaal personen;Zuid-Holland (PV);2013;2680;1870;1721;1464;256;0;143;712;290;542;33;150;8.0;810;69.8;64.2
219;Totaal personen;Zuid-Holland (PV);2014;2688;1872;1717;1441;276;0;142;720;284;546;25;155;8.3;816;69.6;63.9
220;Totaal personen;Zuid-Holland (PV);2015;2693;1871;1726;1451;275;0;146;713;284;560;24;145;7.8;822;69.5;64.1
221;Totaal personen;Zuid-Holland (PV);2016;2714;1873;1743;1472;271;0;143;718;296;565;22;130;6.9;841;69.0;64.2
222;Totaal personen;Zuid-Holland (PV);2017;2738;1899;1795;1513;283;0;155;736;298;577;30;104;5.5;839;69.4;65.6
223;Totaal personen;Zuid-Holland (PV);2018;2758;1931;1849;1555;294;0;160;740;321;597;30;81;4.2;827;70.0;67.1
224;Totaal personen;Zeeland (PV);2003;278;181;174;148;25;0;17;86;32;35;4;8;4.2;96;65.2;62.5
225;Totaal personen;Zeeland (PV);2004;278;182;174;149;25;0;16;92;32;30;4;9;4.7;96;65.6;62.5
226;Totaal personen;Zeeland (PV);2005;279;185;176;149;27;0;15;95;32;31;3;9;4.7;94;66.3;63.2
227;Totaal personen;Zeeland (PV);2006;279;187;179;152;26;0;16;95;31;33;3;8;4.3;93;66.8;64.0
228;Totaal personen;Zeeland (PV);2007;280;187;180;152;28;0;16;92;33;35;5;7;3.6;93;66.9;64.5
229;Totaal personen;Zeeland (PV);2008;281;190;184;156;27;0;17;92;33;36;5;6;3.4;91;67.7;65.4
230;Totaal personen;Zeeland (PV);2009;281;192;185;158;26;0;17;95;33;36;4;7;3.7;89;68.3;65.8
231;Totaal personen;Zeeland (PV);2010;281;191;183;155;28;0;16;91;33;38;5;8;4.1;91;67.8;65.0
232;Totaal personen;Zeeland (PV);2011;281;189;182;153;29;0;15;89;33;38;7;7;4.0;92;67.3;64.6
233;Totaal personen;Zeeland (PV);2012;282;193;185;156;29;0;17;93;34;35;7;8;4.4;88;68.7;65.7
234;Totaal personen;Zeeland (PV);2013;283;192;181;152;29;0;18;87;31;41;4;11;5.7;91;67.9;64.1
235;Totaal personen;Zeeland (PV);2014;282;192;182;151;31;0;17;87;32;40;6;11;5.5;90;68.2;64.4
236;Totaal personen;Zeeland (PV);2015;281;195;184;153;31;0;18;89;30;42;5;11;5.5;87;69.1;65.3
237;Totaal personen;Zeeland (PV);2016;283;195;187;155;31;0;17;95;31;40;4;9;4.4;88;69.0;66.0
238;Totaal personen;Zeeland (PV);2017;283;192;185;153;32;0;19;94;31;38;5;7;3.6;91;67.9;65.5
239;Totaal personen;Zeeland (PV);2018;283;197;191;155;36;0;19;95;32;42;3;6;3.0;87;69.4;67.3
240;Totaal personen;Noord-Brabant (PV);2003;1812;1238;1182;1028;153;0;107;561;211;286;17;56;4.5;575;68.3;65.2
241;Totaal personen;Noord-Brabant (PV);2004;1814;1236;1171;1021;149;0;105;563;202;290;11;65;5.3;578;68.1;64.5
242;Totaal personen;Noord-Brabant (PV);2005;1818;1246;1182;1024;158;0;115;588;198;274;7;64;5.1;573;68.5;65.0
243;Totaal personen;Noord-Brabant (PV);2006;1822;1255;1198;1037;161;0;119;575;203;286;15;57;4.6;567;68.9;65.7
244;Totaal personen;Noord-Brabant (PV);2007;1825;1273;1225;1057;168;0;116;586;215;293;15;48;3.8;553;69.7;67.1
245;Totaal personen;Noord-Brabant (PV);2008;1834;1300;1257;1077;180;0;115;596;225;307;15;43;3.3;534;70.9;68.5
246;Totaal personen;Noord-Brabant (PV);2009;1838;1308;1254;1071;183;0;109;593;224;308;19;54;4.1;530;71.2;68.3
247;Totaal personen;Noord-Brabant (PV);2010;1844;1306;1244;1051;193;0;117;575;219;319;14;62;4.7;538;70.8;67.5
248;Totaal personen;Noord-Brabant (PV);2011;1847;1304;1245;1055;190;0;113;578;222;319;13;59;4.5;543;70.6;67.4
249;Totaal personen;Noord-Brabant (PV);2012;1858;1322;1252;1063;189;0;115;574;225;326;13;70;5.3;535;71.2;67.4
250;Totaal personen;Noord-Brabant (PV);2013;1872;1331;1242;1053;189;0;118;562;206;340;16;90;6.7;541;71.1;66.3
251;Totaal personen;Noord-Brabant (PV);2014;1877;1328;1234;1042;192;0;122;563;196;340;14;94;7.1;549;70.7;65.7
252;Totaal personen;Noord-Brabant (PV);2015;1879;1332;1245;1049;196;0;118;565;200;350;12;87;6.5;547;70.9;66.3
253;Totaal personen;Noord-Brabant (PV);2016;1891;1338;1264;1062;202;0;118;565;202;367;12;74;5.5;553;70.8;66.9
254;Totaal personen;Noord-Brabant (PV);2017;1905;1352;1293;1081;212;0;123;582;207;367;15;59;4.4;553;71.0;67.9
255;Totaal personen;Noord-Brabant (PV);2018;1916;1364;1318;1109;209;0;125;586;216;375;16;47;3.4;551;71.2;68.8
256;Totaal personen;Limburg (PV);2003;867;560;531;467;64;0;49;264;94;115;9;29;5.2;307;64.6;61.2
257;Totaal personen;Limburg (PV);2004;865;561;527;460;67;0;49;266;95;112;6;34;6.1;303;64.9;61.0
258;Totaal personen;Limburg (PV);2005;862;562;526;456;69;0;53;264;98;105;7;36;6.5;300;65.2;61.0
259;Totaal personen;Limburg (PV);2006;860;561;530;461;68;0;53;263;95;107;11;31;5.6;299;65.3;61.6
260;Totaal personen;Limburg (PV);2007;858;567;540;472;68;0;55;267;97;110;12;27;4.7;291;66.1;63.0
261;Totaal personen;Limburg (PV);2008;856;575;551;480;71;0;53;271;99;119;9;24;4.1;282;67.1;64.3
262;Totaal personen;Limburg (PV);2009;856;574;545;472;73;0;50;268;96;123;9;29;5.0;282;67.1;63.7
263;Totaal personen;Limburg (PV);2010;855;569;539;465;74;0;51;257;97;124;10;31;5.4;286;66.6;63.0
264;Totaal personen;Limburg (PV);2011;854;568;540;464;75;0;52;251;98;127;11;28;5.0;286;66.5;63.2
265;Totaal personen;Limburg (PV);2012;856;574;542;465;77;0;52;254;96;132;7;32;5.6;282;67.1;63.3
266;Totaal personen;Limburg (PV);2013;858;578;537;454;83;0;54;248;93;131;11;41;7.1;281;67.3;62.5
267;Totaal personen;Limburg (PV);2014;855;569;528;450;78;0;54;243;89;133;9;41;7.3;285;66.6;61.8
268;Totaal personen;Limburg (PV);2015;850;572;534;451;83;0;51;255;86;136;6;38;6.6;279;67.2;62.8
269;Totaal personen;Limburg (PV);2016;851;570;538;459;79;0;55;249;88;140;6;31;5.5;282;66.9;63.2
270;Totaal personen;Limburg (PV);2017;853;569;542;460;83;0;57;249;89;138;10;27;4.7;284;66.7;63.6
271;Totaal personen;Limburg (PV);2018;850;573;552;467;85;0;56;257;90;141;7;21;3.6;277;67.4;64.9
272;Totaal personen;Oost-Groningen (CR);2003;106;65;62;53;9;0;6;33;11;10;2;4;5.8;41;61.8;58.2
273;Totaal personen;Oost-Groningen (CR);2004;106;66;61;52;9;0;6;34;11;9;1;5;7.2;40;62.4;57.9
274;Totaal personen;Oost-Groningen (CR);2005;106;67;62;52;10;0;7;35;10;9;1;5;7.4;39;63.0;58.3
275;Totaal personen;Oost-Groningen (CR);2006;106;66;62;52;10;0;6;35;11;9;1;4;6.2;40;62.5;58.6
276;Totaal personen;Oost-Groningen (CR);2007;105;67;64;54;10;0;6;35;11;10;1;3;5.2;38;63.7;60.4
277;Totaal personen;Oost-Groningen (CR);2008;105;68;65;55;10;0;6;36;11;11;1;3;4.5;37;64.9;62.0
278;Totaal personen;Oost-Groningen (CR);2009;104;68;64;55;9;0;6;34;12;11;2;4;5.5;37;64.9;61.3
279;Totaal personen;Oost-Groningen (CR);2010;104;68;64;54;10;0;6;32;12;13;2;4;6.0;37;65.0;61.1
280;Totaal personen;Oost-Groningen (CR);2011;104;67;63;54;9;0;6;32;11;11;2;4;6.0;36;64.9;61.0
281;Totaal personen;Oost-Groningen (CR);2012;103;67;63;53;10;0;6;33;12;11;2;4;6.6;36;65.1;60.8
282;Totaal personen;Oost-Groningen (CR);2013;103;67;62;52;10;0;7;32;11;12;1;5;7.7;36;65.3;60.3
283;Totaal personen;Oost-Groningen (CR);2014;102;66;61;51;10;0;6;32;10;11;1;5;8.1;36;64.7;59.5
284;Totaal personen;Oost-Groningen (CR);2015;102;67;62;51;11;0;7;32;10;12;2;5;8.0;35;65.9;60.6
285;Totaal personen;Oost-Groningen (CR);2016;102;66;62;51;10;0;6;31;10;12;1;5;7.1;35;65.3;60.7
286;Totaal personen;Oost-Groningen (CR);2017;101;66;62;51;11;0;7;31;10;11;3;4;5.9;35;65.3;61.5
287;Totaal personen;Oost-Groningen (CR);2018;101;66;63;52;11;0;7;31;11;12;2;3;4.8;35;65.5;62.3
288;Totaal personen;Delfzijl en omgeving (CR);2003;39;24;23;20;3;0;2;11;4;4;1;1;6.1;15;62.5;58.7
289;Totaal personen;Delfzijl en omgeving (CR);2004;39;24;22;19;3;0;2;12;4;4;1;2;7.3;15;62.2;57.7
290;Totaal personen;Delfzijl en omgeving (CR);2005;38;24;23;20;3;0;2;12;4;4;0;2;7.6;14;63.6;58.8
291;Totaal personen;Delfzijl en omgeving (CR);2006;38;24;23;20;3;0;2;12;4;3;1;1;6.1;14;64.0;60.1
292;Totaal personen;Delfzijl en omgeving (CR);2007;38;24;23;20;3;0;2;12;4;4;1;1;5.1;13;64.6;61.4
293;Totaal personen;Delfzijl en omgeving (CR);2008;37;25;23;20;3;0;2;12;4;5;0;1;4.3;13;66.0;63.2
294;Totaal personen;Delfzijl en omgeving (CR);2009;37;24;23;20;3;0;2;12;4;4;0;1;5.4;13;65.7;62.2
295;Totaal personen;Delfzijl en omgeving (CR);2010;37;24;23;19;4;0;2;12;4;4;0;1;5.9;12;66.2;62.3
296;Totaal personen;Delfzijl en omgeving (CR);2011;36;24;23;19;3;0;2;11;4;4;1;1;5.8;12;65.7;61.9
297;Totaal personen;Delfzijl en omgeving (CR);2012;36;24;22;19;4;0;2;12;4;4;1;2;6.4;12;66.3;62.0
298;Totaal personen;Delfzijl en omgeving (CR);2013;36;24;22;19;3;0;2;11;4;4;1;2;8.4;12;66.4;60.8
299;Totaal personen;Delfzijl en omgeving (CR);2014;35;23;21;18;4;0;2;10;4;4;1;2;8.4;12;65.7;60.2
300;Totaal personen;Delfzijl en omgeving (CR);2015;35;23;21;18;4;0;2;11;4;4;1;2;8.0;12;66.5;61.1
301;Totaal personen;Delfzijl en omgeving (CR);2016;35;23;22;18;4;0;2;11;4;3;1;2;6.6;12;66.0;61.6
302;Totaal personen;Delfzijl en omgeving (CR);2017;35;23;22;18;4;0;2;10;4;4;1;1;5.5;12;65.6;62.0
303;Totaal personen;Delfzijl en omgeving (CR);2018;34;23;22;18;4;0;2;10;4;4;1;1;4.3;12;65.7;62.9
304;Totaal personen;Overig Groningen (CR);2003;290;195;183;160;23;0;19;81;32;48;3;12;6.0;95;67.2;63.2
305;Totaal personen;Overig Groningen (CR);2004;291;196;182;158;24;0;16;83;31;51;1;14;7.0;95;67.4;62.7
306;Totaal personen;Overig Groningen (CR);2005;292;197;182;158;24;0;16;83;29;53;1;15;7.8;95;67.6;62.3
307;Totaal personen;Overig Groningen (CR);2006;292;195;183;158;25;0;17;83;29;53;1;12;6.3;97;66.7;62.5
308;Totaal personen;Overig Groningen (CR);2007;294;202;191;165;26;0;18;85;32;54;2;11;5.6;91;68.9;65.0
309;Totaal personen;Overig Groningen (CR);2008;296;205;196;169;27;0;18;87;34;56;2;9;4.6;91;69.4;66.2
310;Totaal personen;Overig Groningen (CR);2009;297;205;194;168;26;0;18;85;33;57;1;11;5.5;92;69.1;65.3
311;Totaal personen;Overig Groningen (CR);2010;300;210;198;167;30;0;16;79;34;67;2;12;5.7;90;70.0;66.0
312;Totaal personen;Overig Groningen (CR);2011;302;211;198;169;29;0;16;83;34;63;2;13;6.0;91;69.9;65.7
313;Totaal personen;Overig Groningen (CR);2012;305;210;196;166;30;0;17;82;34;62;2;14;6.8;95;68.9;64.2
314;Totaal personen;Overig Groningen (CR);2013;309;215;197;168;29;0;17;85;32;62;1;18;8.2;94;69.4;63.8
315;Totaal personen;Overig Groningen (CR);2014;310;211;193;163;30;0;17;83;31;60;2;18;8.6;99;68.0;62.2
316;Totaal personen;Overig Groningen (CR);2015;311;215;196;167;30;0;19;83;31;62;2;19;8.6;96;69.0;63.1
317;Totaal personen;Overig Groningen (CR);2016;312;214;198;165;33;0;18;81;32;65;2;16;7.6;98;68.7;63.5
318;Totaal personen;Overig Groningen (CR);2017;314;216;203;170;32;0;18;82;34;66;3;14;6.3;98;68.9;64.5
319;Totaal personen;Overig Groningen (CR);2018;314;215;204;171;33;0;17;83;34;69;1;11;5.3;99;68.5;64.9
320;Totaal personen;Noord-Friesland (CR);2003;237;156;148;127;21;0;13;77;26;30;2;9;5.5;80;66.0;62.4
321;Totaal personen;Noord-Friesland (CR);2004;237;157;147;125;22;0;12;79;25;30;1;10;6.4;80;66.4;62.2
322;Totaal personen;Noord-Friesland (CR);2005;237;159;149;126;23;0;14;80;25;29;1;10;6.5;78;67.2;62.9
323;Totaal personen;Noord-Friesland (CR);2006;237;158;150;126;24;0;13;82;24;30;1;9;5.5;78;66.9;63.3
324;Totaal personen;Noord-Friesland (CR);2007;237;162;155;129;26;0;14;86;25;29;1;7;4.4;75;68.4;65.5
325;Totaal personen;Noord-Friesland (CR);2008;237;164;158;134;24;0;14;86;26;31;1;6;3.9;73;69.3;66.6
326;Totaal personen;Noord-Friesland (CR);2009;237;166;158;132;26;0;14;81;28;34;2;8;4.7;72;69.7;66.5
327;Totaal personen;Noord-Friesland (CR);2010;238;165;156;129;26;0;15;79;27;34;2;9;5.4;74;69.0;65.3
328;Totaal personen;Noord-Friesland (CR);2011;238;164;155;130;25;0;15;74;27;38;1;9;5.5;74;68.8;65.1
329;Totaal personen;Noord-Friesland (CR);2012;239;166;155;129;26;0;15;74;27;37;2;11;6.5;72;69.7;65.2
330;Totaal personen;Noord-Friesland (CR);2013;239;167;153;126;27;0;14;75;26;36;2;14;8.3;72;69.8;64.0
331;Totaal personen;Noord-Friesland (CR);2014;239;164;151;125;26;0;15;73;25;35;4;14;8.2;74;68.9;63.2
332;Totaal personen;Noord-Friesland (CR);2015;238;165;152;125;28;0;16;75;24;34;4;13;7.9;73;69.5;64.0
333;Totaal personen;Noord-Friesland (CR);2016;238;165;154;127;27;0;16;74;25;36;2;11;6.6;74;69.1;64.5
334;Totaal personen;Noord-Friesland (CR);2017;239;164;155;128;26;0;15;75;25;36;3;9;5.6;75;68.5;64.7
335;Totaal personen;Noord-Friesland (CR);2018;239;166;158;131;28;0;15;75;27;40;2;7;4.5;73;69.4;66.3
336;Totaal personen;Zuidwest-Friesland (CR);2003;101;67;64;53;11;0;6;34;11;12;1;3;4.6;34;66.6;63.5
337;Totaal personen;Zuidwest-Friesland (CR);2004;101;68;64;53;12;0;5;36;11;12;0;4;5.4;33;67.1;63.5
338;Totaal personen;Zuidwest-Friesland (CR);2005;101;68;65;53;11;0;6;35;11;13;0;4;5.3;33;67.4;63.8
339;Totaal personen;Zuidwest-Friesland (CR);2006;101;68;65;53;12;0;5;35;11;13;1;3;4.6;33;67.3;64.2
340;Totaal personen;Zuidwest-Friesland (CR);2007;102;70;67;55;12;0;6;36;11;14;0;3;3.8;32;68.8;66.2
341;Totaal personen;Zuidwest-Friesland (CR);2008;102;71;69;56;13;0;6;37;12;14;0;2;3.4;31;69.7;67.4
342;Totaal personen;Zuidwest-Friesland (CR);2009;103;72;69;56;13;0;6;37;12;14;1;3;4.1;31;70.0;67.1
343;Totaal personen;Zuidwest-Friesland (CR);2010;103;71;68;55;12;0;6;35;11;15;0;3;4.7;32;69.0;65.7
344;Totaal personen;Zuidwest-Friesland (CR);2011;103;70;67;55;12;0;6;34;12;15;1;3;4.7;32;68.5;65.2
345;Totaal personen;Zuidwest-Friesland (CR);2012;103;71;67;54;13;0;6;34;12;13;2;4;5.9;32;69.1;65.1
346;Totaal personen;Zuidwest-Friesland (CR);2013;103;72;67;54;13;0;6;34;12;14;2;5;7.1;31;69.8;64.9
347;Totaal personen;Zuidwest-Friesland (CR);2014;104;73;68;54;14;0;7;35;11;14;1;5;7.3;31;70.1;65.0
348;Totaal personen;Zuidwest-Friesland (CR);2015;104;72;68;54;14;0;7;35;11;15;0;4;6.2;32;69.5;65.2
349;Totaal personen;Zuidwest-Friesland (CR);2016;104;73;69;55;14;0;7;34;11;16;1;4;5.6;31;69.8;65.9
350;Totaal personen;Zuidwest-Friesland (CR);2017;105;73;70;56;14;0;7;35;12;15;1;3;4.6;31;70.0;66.7
351;Totaal personen;Zuidwest-Friesland (CR);2018;105;74;71;56;15;0;7;37;12;15;0;3;3.8;30;71.0;68.3
352;Totaal personen;Zuidoost-Friesland (CR);2003;136;89;84;72;12;0;7;43;15;18;1;5;5.2;47;65.2;61.9
353;Totaal personen;Zuidoost-Friesland (CR);2004;136;89;83;71;13;0;6;45;14;17;1;6;6.3;47;65.2;61.1
354;Totaal personen;Zuidoost-Friesland (CR);2005;136;91;85;72;14;0;7;46;15;16;1;6;6.1;45;66.7;62.7
355;Totaal personen;Zuidoost-Friesland (CR);2006;136;91;86;72;14;0;7;46;15;17;1;5;5.2;45;66.9;63.4
356;Totaal personen;Zuidoost-Friesland (CR);2007;136;93;89;74;15;0;7;47;15;19;1;4;4.2;44;68.0;65.1
357;Totaal personen;Zuidoost-Friesland (CR);2008;137;95;92;76;15;0;8;48;16;19;1;4;3.9;42;69.5;66.8
358;Totaal personen;Zuidoost-Friesland (CR);2009;137;96;92;76;16;0;8;49;15;20;0;4;4.5;41;70.0;66.8
359;Totaal personen;Zuidoost-Friesland (CR);2010;138;95;89;74;16;0;8;43;15;22;1;5;5.4;43;68.7;65.0
360;Totaal personen;Zuidoost-Friesland (CR);2011;137;95;90;74;15;0;9;44;16;19;1;5;5.1;43;68.9;65.4
361;Totaal personen;Zuidoost-Friesland (CR);2012;138;95;89;74;16;0;8;45;16;19;2;6;6.4;42;69.2;64.8
362;Totaal personen;Zuidoost-Friesland (CR);2013;138;96;88;73;16;0;8;43;15;21;2;7;7.7;42;69.6;64.2
363;Totaal personen;Zuidoost-Friesland (CR);2014;137;96;88;71;17;0;10;42;15;20;1;8;8.1;41;69.9;64.2
364;Totaal personen;Zuidoost-Friesland (CR);2015;137;95;88;71;17;0;9;44;14;19;2;7;7.2;42;69.3;64.3
365;Totaal personen;Zuidoost-Friesland (CR);2016;137;95;89;73;16;0;10;45;15;18;2;6;6.4;42;69.3;64.9
366;Totaal personen;Zuidoost-Friesland (CR);2017;138;95;91;76;15;0;10;44;15;19;2;5;5.0;43;69.1;65.7
367;Totaal personen;Zuidoost-Friesland (CR);2018;138;96;93;76;17;0;9;44;15;23;1;4;3.8;42;69.8;67.1
368;Totaal personen;Noord-Drenthe (CR);2003;134;90;86;73;13;0;7;39;16;23;1;4;4.6;44;67.3;64.2
369;Totaal personen;Noord-Drenthe (CR);2004;134;91;85;73;12;0;8;39;15;22;1;5;5.7;43;67.6;63.7
370;Totaal personen;Noord-Drenthe (CR);2005;135;91;85;73;13;0;8;37;15;24;1;6;6.2;44;67.4;63.2
371;Totaal personen;Noord-Drenthe (CR);2006;135;91;86;73;13;0;7;38;16;23;2;5;5.1;44;67.4;63.9
372;Totaal personen;Noord-Drenthe (CR);2007;136;93;89;76;13;0;8;41;16;23;2;4;4.1;43;68.5;65.7
373;Totaal personen;Noord-Drenthe (CR);2008;137;95;92;78;14;0;8;42;17;23;2;3;3.5;42;69.5;67.1
374;Totaal personen;Noord-Drenthe (CR);2009;137;97;92;77;16;0;7;43;17;24;2;4;4.3;41;70.3;67.3
375;Totaal personen;Noord-Drenthe (CR);2010;138;96;91;77;14;0;7;40;17;26;1;4;4.7;42;69.4;66.2
376;Totaal personen;Noord-Drenthe (CR);2011;138;95;90;77;13;0;8;38;17;26;2;4;4.6;44;68.4;65.3
377;Totaal personen;Noord-Drenthe (CR);2012;139;97;92;77;14;0;8;41;17;24;2;6;5.7;41;70.1;66.1
378;Totaal personen;Noord-Drenthe (CR);2013;139;97;91;76;15;0;9;37;16;25;3;6;6.6;42;69.8;65.3
379;Totaal personen;Noord-Drenthe (CR);2014;139;97;90;76;15;0;9;35;16;28;3;7;6.8;42;69.9;65.2
380;Totaal personen;Noord-Drenthe (CR);2015;138;97;90;75;16;0;8;39;16;26;2;6;6.6;42;69.9;65.3
381;Totaal personen;Noord-Drenthe (CR);2016;139;96;90;74;16;0;8;38;16;26;3;5;5.6;43;69.1;65.2
382;Totaal personen;Noord-Drenthe (CR);2017;140;98;93;76;17;0;8;40;17;25;4;5;4.6;42;69.9;66.6
383;Totaal personen;Noord-Drenthe (CR);2018;140;98;94;78;16;0;8;39;17;29;2;4;3.6;42;69.8;67.2
384;Totaal personen;Zuidoost-Drenthe (CR);2003;128;83;78;67;11;0;9;42;14;12;1;5;5.6;45;64.7;61.0
385;Totaal personen;Zuidoost-Drenthe (CR);2004;128;83;77;66;10;0;8;42;13;13;0;6;7.3;45;64.6;59.9
386;Totaal personen;Zuidoost-Drenthe (CR);2005;128;83;77;66;10;0;8;43;13;12;0;7;7.9;45;65.1;59.9
387;Totaal personen;Zuidoost-Drenthe (CR);2006;128;84;79;66;13;0;8;45;13;13;0;5;6.1;44;65.8;61.8
388;Totaal personen;Zuidoost-Drenthe (CR);2007;128;85;80;69;12;0;9;42;14;15;1;4;5.0;43;66.2;62.9
389;Totaal personen;Zuidoost-Drenthe (CR);2008;128;87;83;71;12;0;8;43;16;14;2;4;4.5;41;67.8;64.8
390;Totaal personen;Zuidoost-Drenthe (CR);2009;128;86;81;69;12;0;9;41;15;15;2;5;5.7;42;67.2;63.4
391;Totaal personen;Zuidoost-Drenthe (CR);2010;128;85;80;70;10;0;8;41;15;13;2;5;5.9;43;66.5;62.5
392;Totaal personen;Zuidoost-Drenthe (CR);2011;127;84;79;68;11;0;9;40;15;13;2;5;5.8;43;65.8;62.0
393;Totaal personen;Zuidoost-Drenthe (CR);2012;127;86;80;69;11;0;9;42;14;14;1;6;6.9;41;67.4;62.7
394;Totaal personen;Zuidoost-Drenthe (CR);2013;127;85;79;66;13;0;8;40;14;15;2;7;7.8;42;67.1;61.8
395;Totaal personen;Zuidoost-Drenthe (CR);2014;127;85;78;66;12;0;9;39;14;14;2;7;7.8;42;66.7;61.5
396;Totaal personen;Zuidoost-Drenthe (CR);2015;126;85;78;65;13;0;8;40;12;16;2;7;7.7;41;67.2;62.0
397;Totaal personen;Zuidoost-Drenthe (CR);2016;126;83;77;65;12;0;8;38;13;16;2;6;6.8;44;65.4;61.0
398;Totaal personen;Zuidoost-Drenthe (CR);2017;127;84;79;66;13;0;8;39;14;16;3;5;5.7;43;66.1;62.3
399;Totaal personen;Zuidoost-Drenthe (CR);2018;126;83;79;67;12;0;8;40;14;15;2;4;4.5;43;65.8;62.8
400;Totaal personen;Zuidwest-Drenthe (CR);2003;94;62;59;50;9;0;6;31;10;11;1;3;4.7;32;65.6;62.5
401;Totaal personen;Zuidwest-Drenthe (CR);2004;94;63;59;50;9;0;6;31;10;12;0;4;5.8;31;67.1;63.2
402;Totaal personen;Zuidwest-Drenthe (CR);2005;94;63;59;50;9;0;7;31;10;11;1;4;6.2;31;66.7;62.6
403;Totaal personen;Zuidwest-Drenthe (CR);2006;94;63;59;51;8;0;6;31;10;11;1;3;5.3;31;66.7;63.1
404;Totaal personen;Zuidwest-Drenthe (CR);2007;95;64;62;53;9;0;6;31;11;12;2;3;4.3;30;68.1;65.2
405;Totaal personen;Zuidwest-Drenthe (CR);2008;95;66;63;53;10;0;6;33;11;12;1;2;3.7;29;69.2;66.6
406;Totaal personen;Zuidwest-Drenthe (CR);2009;95;66;63;53;11;0;6;32;11;14;1;3;4.5;29;69.9;66.8
407;Totaal personen;Zuidwest-Drenthe (CR);2010;95;65;62;53;9;0;6;31;11;13;1;3;4.9;30;68.8;65.4
408;Totaal personen;Zuidwest-Drenthe (CR);2011;95;65;62;52;9;0;6;29;11;14;2;3;4.9;30;68.6;65.2
409;Totaal personen;Zuidwest-Drenthe (CR);2012;95;66;62;53;9;0;6;30;11;13;2;4;5.8;29;69.6;65.6
410;Totaal personen;Zuidwest-Drenthe (CR);2013;95;67;62;52;10;0;7;28;11;14;2;5;7.3;29;69.7;64.7
411;Totaal personen;Zuidwest-Drenthe (CR);2014;95;66;61;51;10;0;6;28;10;15;2;5;7.3;29;69.4;64.3
412;Totaal personen;Zuidwest-Drenthe (CR);2015;96;67;62;51;11;0;7;29;10;13;3;4;6.6;29;69.7;65.1
413;Totaal personen;Zuidwest-Drenthe (CR);2016;96;66;63;51;12;0;6;30;11;14;2;4;5.7;29;69.3;65.3
414;Totaal personen;Zuidwest-Drenthe (CR);2017;97;68;65;53;11;0;7;30;11;14;2;3;4.4;29;70.0;66.9
415;Totaal personen;Zuidwest-Drenthe (CR);2018;97;68;65;55;11;0;6;30;12;15;2;2;3.5;30;69.6;67.2
416;Totaal personen;Noord-Overijssel (CR);2003;250;172;164;143;22;0;17;81;28;37;1;7;4.3;78;68.7;65.8
417;Totaal personen;Noord-Overijssel (CR);2004;250;174;165;143;21;0;15;84;28;36;1;9;5.2;77;69.4;65.8
418;Totaal personen;Noord-Overijssel (CR);2005;251;175;165;144;21;0;14;84;28;38;1;9;5.4;77;69.5;65.8
419;Totaal personen;Noord-Overijssel (CR);2006;253;178;170;147;23;0;16;84;29;39;2;8;4.5;76;70.2;67.0
420;Totaal personen;Noord-Overijssel (CR);2007;255;184;177;152;25;0;17;87;31;41;2;7;3.6;71;72.3;69.6
421;Totaal personen;Noord-Overijssel (CR);2008;257;189;183;157;26;0;16;91;31;44;1;6;3.2;68;73.5;71.1
422;Totaal personen;Noord-Overijssel (CR);2009;258;188;180;155;26;0;15;90;31;42;2;8;4.0;70;72.9;69.9
423;Totaal personen;Noord-Overijssel (CR);2010;260;189;180;157;24;0;15;85;32;47;2;8;4.5;71;72.7;69.5
424;Totaal personen;Noord-Overijssel (CR);2011;261;189;181;155;26;0;15;85;32;47;2;8;4.5;71;72.7;69.4
425;Totaal personen;Noord-Overijssel (CR);2012;262;192;182;153;29;0;17;85;33;46;2;10;5.1;71;73.0;69.3
426;Totaal personen;Noord-Overijssel (CR);2013;264;194;181;154;27;0;19;81;29;50;1;13;6.5;71;73.2;68.5
427;Totaal personen;Noord-Overijssel (CR);2014;265;192;179;152;28;0;19;83;29;48;2;12;6.3;74;72.2;67.7
428;Totaal personen;Noord-Overijssel (CR);2015;266;193;181;153;28;0;17;84;29;49;2;12;6.1;73;72.5;68.1
429;Totaal personen;Noord-Overijssel (CR);2016;268;194;183;155;28;0;16;83;31;50;3;11;5.7;74;72.4;68.2
430;Totaal personen;Noord-Overijssel (CR);2017;271;197;188;158;31;0;17;85;32;50;4;9;4.4;74;72.7;69.5
431;Totaal personen;Noord-Overijssel (CR);2018;273;201;194;165;29;0;17;89;34;51;3;7;3.4;72;73.6;71.1
432;Totaal personen;Zuidwest-Overijssel (CR);2003;109;75;71;63;8;0;7;35;12;17;0;3;4.4;34;68.7;65.6
433;Totaal personen;Zuidwest-Overijssel (CR);2004;110;76;72;62;9;0;6;37;13;16;0;4;5.4;34;68.9;65.1
434;Totaal personen;Zuidwest-Overijssel (CR);2005;111;77;73;63;9;0;6;35;12;18;0;4;5.6;34;69.3;65.4
435;Totaal personen;Zuidwest-Overijssel (CR);2006;111;77;74;64;10;0;7;35;13;18;1;4;4.8;34;69.3;66.0
436;Totaal personen;Zuidwest-Overijssel (CR);2007;112;80;77;66;10;0;7;36;13;19;1;3;4.1;32;71.4;68.5
437;Totaal personen;Zuidwest-Overijssel (CR);2008;112;82;79;68;11;0;7;36;14;22;0;3;3.5;31;72.8;70.3
438;Totaal personen;Zuidwest-Overijssel (CR);2009;112;83;79;69;10;0;7;36;14;22;1;3;4.1;30;73.5;70.5
439;Totaal personen;Zuidwest-Overijssel (CR);2010;113;82;78;68;10;0;7;36;14;20;1;4;4.7;31;72.6;69.1
440;Totaal personen;Zuidwest-Overijssel (CR);2011;113;81;77;67;11;0;7;34;14;22;1;4;4.6;31;72.0;68.7
441;Totaal personen;Zuidwest-Overijssel (CR);2012;113;82;77;66;11;0;7;33;14;22;1;4;5.4;31;72.2;68.4
442;Totaal personen;Zuidwest-Overijssel (CR);2013;113;82;77;65;11;0;8;31;13;23;1;6;6.9;31;72.5;67.5
443;Totaal personen;Zuidwest-Overijssel (CR);2014;113;81;76;64;11;0;8;34;12;20;1;6;7.1;32;71.9;66.8
444;Totaal personen;Zuidwest-Overijssel (CR);2015;113;82;76;64;12;0;8;34;12;22;1;5;6.5;31;72.2;67.5
445;Totaal personen;Zuidwest-Overijssel (CR);2016;114;82;77;65;12;0;7;32;13;24;1;5;6.1;33;71.5;67.1
446;Totaal personen;Zuidwest-Overijssel (CR);2017;115;83;79;67;12;0;7;34;13;24;0;4;4.9;32;72.1;68.6
447;Totaal personen;Zuidwest-Overijssel (CR);2018;116;84;81;69;12;0;7;35;14;23;1;3;4.0;32;72.5;69.6
448;Totaal personen;Twente (CR);2003;458;303;289;252;37;0;29;148;49;60;2;15;4.8;154;66.3;63.1
449;Totaal personen;Twente (CR);2004;458;304;286;251;35;0;28;149;48;59;2;18;5.9;154;66.4;62.5
450;Totaal personen;Twente (CR);2005;458;306;287;252;35;0;27;150;49;58;3;19;6.3;152;66.8;62.6
451;Totaal personen;Twente (CR);2006;459;308;292;256;36;0;29;149;50;60;4;17;5.5;150;67.3;63.6
452;Totaal personen;Twente (CR);2007;459;316;302;261;41;0;29;153;53;62;5;14;4.4;143;68.8;65.8
453;Totaal personen;Twente (CR);2008;460;322;310;269;41;0;28;157;54;68;3;12;3.8;138;70.0;67.4
454;Totaal personen;Twente (CR);2009;461;323;308;266;41;0;27;155;53;70;3;15;4.7;138;70.1;66.8
455;Totaal personen;Twente (CR);2010;462;321;303;262;42;0;27;149;53;71;3;17;5.4;141;69.4;65.7
456;Totaal personen;Twente (CR);2011;462;321;304;262;42;0;28;150;54;70;3;17;5.2;141;69.5;65.9
457;Totaal personen;Twente (CR);2012;464;321;302;260;43;0;28;143;54;72;5;19;5.9;142;69.3;65.2
458;Totaal personen;Twente (CR);2013;466;327;302;258;44;0;34;138;49;78;3;25;7.6;139;70.1;64.7
459;Totaal personen;Twente (CR);2014;465;322;298;253;45;0;33;138;47;78;2;25;7.6;142;69.4;64.1
460;Totaal personen;Twente (CR);2015;464;325;302;256;46;0;30;143;47;78;3;23;7.1;138;70.2;65.1
461;Totaal personen;Twente (CR);2016;465;323;302;257;45;0;31;140;49;78;3;21;6.6;142;69.4;64.8
462;Totaal personen;Twente (CR);2017;467;324;307;261;46;0;32;147;49;75;5;17;5.2;143;69.4;65.8
463;Totaal personen;Twente (CR);2018;468;328;315;269;45;0;30;148;52;81;4;13;3.9;140;70.0;67.2
464;Totaal personen;Veluwe (CR);2003;470;319;306;266;40;0;28;148;54;73;3;13;4.0;151;67.9;65.1
465;Totaal personen;Veluwe (CR);2004;471;319;303;263;40;0;27;151;53;70;2;15;4.8;152;67.7;64.4
466;Totaal personen;Veluwe (CR);2005;472;320;304;263;40;0;28;154;51;68;2;16;5.0;152;67.7;64.3
467;Totaal personen;Veluwe (CR);2006;473;324;311;265;46;0;29;154;52;73;3;13;4.0;149;68.5;65.7
468;Totaal personen;Veluwe (CR);2007;474;333;321;273;48;0;29;157;55;77;3;12;3.5;142;70.1;67.7
469;Totaal personen;Veluwe (CR);2008;476;337;326;276;50;0;29;154;59;79;5;11;3.4;139;70.9;68.5
470;Totaal personen;Veluwe (CR);2009;478;338;326;273;53;0;28;153;58;81;5;12;3.6;140;70.7;68.2
471;Totaal personen;Veluwe (CR);2010;480;339;324;276;49;0;28;154;57;81;5;15;4.3;141;70.6;67.6
472;Totaal personen;Veluwe (CR);2011;481;338;324;276;48;0;27;147;59;84;6;14;4.3;143;70.3;67.3
473;Totaal personen;Veluwe (CR);2012;484;342;325;278;48;0;31;147;58;86;4;17;4.8;142;70.6;67.2
474;Totaal personen;Veluwe (CR);2013;488;349;328;275;53;0;33;143;56;91;6;21;6.1;139;71.6;67.2
475;Totaal personen;Veluwe (CR);2014;490;347;325;271;54;0;32;146;51;93;3;22;6.3;142;70.9;66.4
476;Totaal personen;Veluwe (CR);2015;491;348;328;273;55;0;31;148;52;93;4;20;5.7;143;70.8;66.8
477;Totaal personen;Veluwe (CR);2016;495;350;332;276;56;0;32;147;54;94;5;18;5.3;145;70.7;67.0
478;Totaal personen;Veluwe (CR);2017;501;356;341;285;56;0;32;153;56;94;6;15;4.1;145;71.1;68.2
479;Totaal personen;Veluwe (CR);2018;504;359;347;291;56;0;33;150;59;99;5;12;3.3;145;71.2;68.8
480;Totaal personen;Achterhoek (CR);2003;297;198;190;164;26;0;17;98;33;41;1;8;4.1;99;66.6;63.9
481;Totaal personen;Achterhoek (CR);2004;297;199;189;163;26;0;16;101;33;38;1;10;4.9;98;66.9;63.7
482;Totaal personen;Achterhoek (CR);2005;297;200;190;161;28;0;18;103;32;35;1;10;5.1;97;67.3;63.8
483;Totaal personen;Achterhoek (CR);2006;296;201;193;162;31;0;19;103;33;36;2;8;4.2;95;67.8;65.0
484;Totaal personen;Achterhoek (CR);2007;296;204;196;166;30;0;19;105;34;36;1;7;3.6;92;68.8;66.3
485;Totaal personen;Achterhoek (CR);2008;296;207;200;170;30;0;19;103;35;41;2;7;3.3;90;69.7;67.4
486;Totaal personen;Achterhoek (CR);2009;296;207;198;169;30;0;17;101;35;43;2;8;3.9;90;69.7;67.0
487;Totaal personen;Achterhoek (CR);2010;296;207;198;166;31;0;18;99;36;43;2;9;4.4;90;69.8;66.7
488;Totaal personen;Achterhoek (CR);2011;296;206;197;165;32;0;19;98;36;42;2;9;4.2;90;69.5;66.6
489;Totaal personen;Achterhoek (CR);2012;297;207;197;166;31;0;19;98;36;42;2;10;4.8;90;69.8;66.4
490;Totaal personen;Achterhoek (CR);2013;298;208;195;163;32;0;20;93;33;47;2;13;6.4;89;70.0;65.5
491;Totaal personen;Achterhoek (CR);2014;296;206;192;160;32;0;18;94;31;46;2;14;6.9;90;69.5;64.7
492;Totaal personen;Achterhoek (CR);2015;296;206;193;160;33;0;18;94;31;49;2;13;6.2;90;69.6;65.2
493;Totaal personen;Achterhoek (CR);2016;297;205;194;161;32;0;19;94;32;47;2;11;5.5;92;68.9;65.1
494;Totaal personen;Achterhoek (CR);2017;299;207;198;165;33;0;20;94;32;49;3;9;4.4;92;69.2;66.2
495;Totaal personen;Achterhoek (CR);2018;299;208;201;168;33;0;20;97;32;50;1;7;3.4;91;69.4;67.1
496;Totaal personen;Arnhem/Nijmegen (CR);2003;520;353;335;294;41;0;28;152;57;96;1;18;5.2;167;68.0;64.4
497;Totaal personen;Arnhem/Nijmegen (CR);2004;521;355;333;294;39;0;27;156;56;93;1;22;6.1;166;68.1;63.9
498;Totaal personen;Arnhem/Nijmegen (CR);2005;523;357;334;293;41;0;27;154;54;98;1;23;6.4;166;68.3;63.9
499;Totaal personen;Arnhem/Nijmegen (CR);2006;525;360;341;299;42;0;32;153;56;98;2;19;5.2;165;68.5;65.0
500;Totaal personen;Arnhem/Nijmegen (CR);2007;528;372;356;306;50;0;31;159;59;105;1;16;4.4;156;70.5;67.4
501;Totaal personen;Arnhem/Nijmegen (CR);2008;531;377;362;312;50;0;33;151;64;110;4;15;4.1;154;70.9;68.1
502;Totaal personen;Arnhem/Nijmegen (CR);2009;533;379;362;311;51;0;31;146;64;118;3;17;4.4;154;71.0;67.9
503;Totaal personen;Arnhem/Nijmegen (CR);2010;536;378;358;308;50;0;31;145;64;112;5;20;5.3;157;70.6;66.9
504;Totaal personen;Arnhem/Nijmegen (CR);2011;538;379;359;307;52;0;31;148;64;111;5;20;5.3;159;70.5;66.7
505;Totaal personen;Arnhem/Nijmegen (CR);2012;541;383;359;308;51;0;33;147;64;110;4;24;6.1;158;70.7;66.4
506;Totaal personen;Arnhem/Nijmegen (CR);2013;545;389;359;303;56;0;33;144;60;119;4;30;7.7;157;71.3;65.8
507;Totaal personen;Arnhem/Nijmegen (CR);2014;547;385;355;296;59;0;32;138;57;125;3;30;7.9;162;70.4;64.8
508;Totaal personen;Arnhem/Nijmegen (CR);2015;549;385;357;300;57;0;32;142;57;123;3;28;7.3;164;70.2;65.1
509;Totaal personen;Arnhem/Nijmegen (CR);2016;552;385;360;303;58;0;32;142;59;125;3;24;6.3;168;69.7;65.3
510;Totaal personen;Arnhem/Nijmegen (CR);2017;558;391;372;313;58;0;33;151;60;125;4;20;5.0;167;70.1;66.6
511;Totaal personen;Arnhem/Nijmegen (CR);2018;561;394;378;320;58;0;34;150;61;129;4;16;4.1;167;70.2;67.4
512;Totaal personen;Zuidwest-Gelderland (CR);2003;170;117;113;95;18;0;10;56;20;25;1;5;4.0;52;69.1;66.3
513;Totaal personen;Zuidwest-Gelderland (CR);2004;170;118;112;95;18;0;10;59;20;24;1;6;4.7;52;69.3;66.0
514;Totaal personen;Zuidwest-Gelderland (CR);2005;171;119;113;96;18;0;10;59;19;25;0;6;4.9;52;69.7;66.2
515;Totaal personen;Zuidwest-Gelderland (CR);2006;172;121;116;96;19;0;10;62;19;24;1;5;4.1;51;70.2;67.3
516;Totaal personen;Zuidwest-Gelderland (CR);2007;172;123;118;98;20;0;11;62;20;25;1;5;3.7;49;71.4;68.8
517;Totaal personen;Zuidwest-Gelderland (CR);2008;173;124;120;100;20;0;10;60;21;27;2;4;3.2;49;71.8;69.5
518;Totaal personen;Zuidwest-Gelderland (CR);2009;173;124;120;100;20;0;11;57;21;29;2;5;3.7;49;71.8;69.2
519;Totaal personen;Zuidwest-Gelderland (CR);2010;174;125;119;98;22;0;10;56;21;29;2;5;4.3;49;71.7;68.6
520;Totaal personen;Zuidwest-Gelderland (CR);2011;174;125;119;99;21;0;10;57;22;28;2;5;4.3;50;71.5;68.5
521;Totaal personen;Zuidwest-Gelderland (CR);2012;176;126;120;98;22;0;10;57;21;30;1;6;4.8;50;71.8;68.3
522;Totaal personen;Zuidwest-Gelderland (CR);2013;177;126;118;98;21;0;12;53;20;31;2;8;6.3;51;71.2;66.7
523;Totaal personen;Zuidwest-Gelderland (CR);2014;178;126;118;97;21;0;12;54;19;31;2;8;6.5;52;70.8;66.2
524;Totaal personen;Zuidwest-Gelderland (CR);2015;178;126;119;98;20;0;11;56;19;31;2;7;5.8;52;70.8;66.6
525;Totaal personen;Zuidwest-Gelderland (CR);2016;179;127;120;99;22;0;11;57;20;31;2;6;5.0;53;70.7;67.1
526;Totaal personen;Zuidwest-Gelderland (CR);2017;181;129;124;102;22;0;11;58;20;32;2;5;4.0;52;71.3;68.4
527;Totaal personen;Zuidwest-Gelderland (CR);2018;183;131;126;104;22;0;12;57;21;35;1;4;3.2;52;71.5;69.2
528;Totaal personen;Utrecht (CR);2003;861;606;579;507;72;0;40;229;104;205;2;27;4.4;255;70.4;67.3
529;Totaal personen;Utrecht (CR);2004;868;612;582;506;75;0;43;240;101;198;0;30;4.9;256;70.5;67.0
530;Totaal personen;Utrecht (CR);2005;875;619;588;508;79;0;40;243;100;204;1;31;5.1;255;70.8;67.2
531;Totaal personen;Utrecht (CR);2006;882;628;600;518;82;0;43;246;102;208;2;28;4.5;254;71.2;68.0
532;Totaal personen;Utrecht (CR);2007;891;646;622;534;87;0;47;248;106;219;1;24;3.8;246;72.4;69.7
533;Totaal personen;Utrecht (CR);2008;900;659;638;545;92;0;44;247;110;236;0;21;3.2;241;73.2;70.9
534;Totaal personen;Utrecht (CR);2009;906;669;644;545;99;0;43;259;114;227;2;25;3.7;236;73.9;71.2
535;Totaal personen;Utrecht (CR);2010;910;664;635;541;94;0;42;248;113;226;6;29;4.3;246;73.0;69.8
536;Totaal personen;Utrecht (CR);2011;914;666;636;541;96;0;41;240;116;237;2;30;4.5;248;72.9;69.6
537;Totaal personen;Utrecht (CR);2012;923;681;646;541;104;0;45;245;114;241;1;35;5.2;243;73.7;69.9
538;Totaal personen;Utrecht (CR);2013;933;685;640;531;109;0;45;233;107;248;6;44;6.5;249;73.3;68.6
539;Totaal personen;Utrecht (CR);2014;939;683;638;528;110;0;44;233;106;251;5;45;6.5;256;72.7;67.9
540;Totaal personen;Utrecht (CR);2015;944;687;643;532;111;0;47;232;102;261;1;44;6.4;256;72.8;68.2
541;Totaal personen;Utrecht (CR);2016;953;691;654;542;113;0;47;236;107;262;2;36;5.2;262;72.5;68.7
542;Totaal personen;Utrecht (CR);2017;963;696;667;554;113;0;48;232;110;269;8;30;4.2;267;72.3;69.2
543;Totaal personen;Utrecht (CR);2018;972;711;686;571;116;0;47;235;113;286;5;25;3.5;260;73.2;70.6
544;Totaal personen;Kop van Noord-Holland (CR);2003;271;187;179;155;24;0;15;92;33;36;4;7;3.9;85;68.8;66.1
545;Totaal personen;Kop van Noord-Holland (CR);2004;272;186;177;154;23;0;15;92;32;35;3;9;4.7;86;68.3;65.1
546;Totaal personen;Kop van Noord-Holland (CR);2005;273;188;179;154;25;0;15;94;32;36;2;9;4.9;85;68.9;65.5
547;Totaal personen;Kop van Noord-Holland (CR);2006;274;190;182;154;27;0;16;97;31;35;3;8;4.2;84;69.2;66.3
548;Totaal personen;Kop van Noord-Holland (CR);2007;275;193;187;158;29;0;17;99;32;37;2;7;3.4;81;70.4;68.0
549;Totaal personen;Kop van Noord-Holland (CR);2008;276;196;190;161;29;0;15;100;35;37;3;6;3.1;81;70.9;68.6
550;Totaal personen;Kop van Noord-Holland (CR);2009;277;198;191;161;30;0;15;99;35;37;4;7;3.5;80;71.3;68.8
551;Totaal personen;Kop van Noord-Holland (CR);2010;279;197;189;160;29;0;16;94;35;40;5;8;4.1;82;70.7;67.9
552;Totaal personen;Kop van Noord-Holland (CR);2011;279;196;188;159;29;0;15;94;34;41;4;8;4.1;84;70.0;67.2
553;Totaal personen;Kop van Noord-Holland (CR);2012;281;198;188;158;30;0;16;94;35;39;3;10;4.9;83;70.4;67.0
554;Totaal personen;Kop van Noord-Holland (CR);2013;282;198;186;155;31;0;17;89;32;41;6;12;6.3;84;70.3;65.9
555;Totaal personen;Kop van Noord-Holland (CR);2014;281;197;185;152;32;0;17;87;31;45;4;13;6.5;84;70.3;65.7
556;Totaal personen;Kop van Noord-Holland (CR);2015;281;197;186;152;34;0;17;90;31;44;3;11;5.7;84;70.1;66.1
557;Totaal personen;Kop van Noord-Holland (CR);2016;282;198;188;154;34;0;17;91;32;44;4;10;5.1;84;70.2;66.6
558;Totaal personen;Kop van Noord-Holland (CR);2017;283;198;189;157;32;0;18;89;32;45;5;9;4.3;85;70.0;67.0
559;Totaal personen;Kop van Noord-Holland (CR);2018;283;198;192;159;32;0;18;91;34;43;6;7;3.4;84;70.2;67.8
560;Totaal personen;Alkmaar en omgeving (CR);2003;173;117;112;100;13;0;9;52;21;28;3;5;4.0;56;67.7;65.0
561;Totaal personen;Alkmaar en omgeving (CR);2004;174;120;114;100;14;0;9;55;21;28;1;6;4.8;54;68.7;65.4
562;Totaal personen;Alkmaar en omgeving (CR);2005;175;121;115;102;14;0;9;55;21;29;1;6;4.9;54;69.2;65.8
563;Totaal personen;Alkmaar en omgeving (CR);2006;176;123;117;102;16;0;10;54;22;29;2;5;4.2;53;69.7;66.8
564;Totaal personen;Alkmaar en omgeving (CR);2007;176;124;120;103;16;0;10;54;23;31;2;4;3.5;52;70.6;68.1
565;Totaal personen;Alkmaar en omgeving (CR);2008;177;127;123;106;17;0;9;57;23;32;1;4;3.1;50;71.6;69.3
566;Totaal personen;Alkmaar en omgeving (CR);2009;177;127;122;106;16;0;9;55;23;32;2;5;3.7;51;71.4;68.7
567;Totaal personen;Alkmaar en omgeving (CR);2010;178;126;120;103;17;0;9;53;22;34;2;5;4.3;52;70.6;67.6
568;Totaal personen;Alkmaar en omgeving (CR);2011;178;125;120;102;17;0;9;55;22;31;2;5;4.3;53;70.2;67.2
569;Totaal personen;Alkmaar en omgeving (CR);2012;179;127;120;103;18;0;9;56;23;31;1;7;5.2;52;71.0;67.3
570;Totaal personen;Alkmaar en omgeving (CR);2013;180;126;118;101;17;0;10;49;21;35;4;8;6.5;53;70.3;65.8
571;Totaal personen;Alkmaar en omgeving (CR);2014;180;126;117;99;18;0;10;49;20;36;2;8;6.5;54;69.8;65.3
572;Totaal personen;Alkmaar en omgeving (CR);2015;180;126;119;100;19;0;11;54;20;32;2;7;5.7;54;70.2;66.2
573;Totaal personen;Alkmaar en omgeving (CR);2016;181;127;121;100;21;0;10;54;21;33;2;6;5.0;54;70.2;66.7
574;Totaal personen;Alkmaar en omgeving (CR);2017;183;128;122;101;21;0;10;50;22;36;4;5;4.3;55;69.9;66.9
575;Totaal personen;Alkmaar en omgeving (CR);2018;184;129;125;104;21;0;11;53;23;33;4;4;3.4;54;70.5;68.1
576;Totaal personen;IJmond (CR);2003;137;93;89;80;10;0;7;43;17;21;2;4;3.8;44;67.7;65.1
577;Totaal personen;IJmond (CR);2004;137;93;89;78;11;0;6;45;17;20;1;4;4.5;44;68.1;65.0
578;Totaal personen;IJmond (CR);2005;138;94;90;79;11;0;7;45;17;19;1;4;4.7;43;68.7;65.5
579;Totaal personen;IJmond (CR);2006;138;96;92;81;11;0;7;48;17;18;2;4;4.1;42;69.4;66.5
580;Totaal personen;IJmond (CR);2007;139;98;94;82;12;0;8;48;17;20;1;3;3.5;41;70.2;67.8
581;Totaal personen;IJmond (CR);2008;141;100;97;84;13;0;8;50;18;20;1;3;3.1;41;71.1;68.9
582;Totaal personen;IJmond (CR);2009;142;102;98;86;12;0;8;48;19;20;3;4;3.6;40;71.8;69.1
583;Totaal personen;IJmond (CR);2010;142;101;97;85;12;0;7;47;19;22;2;4;4.1;41;71.2;68.3
584;Totaal personen;IJmond (CR);2011;143;101;97;84;13;0;7;44;18;26;2;4;4.3;42;70.8;67.8
585;Totaal personen;IJmond (CR);2012;144;103;98;84;13;0;8;45;18;25;2;5;4.8;41;71.4;68.0
586;Totaal personen;IJmond (CR);2013;145;103;97;83;14;0;8;44;17;24;3;6;6.0;41;71.5;67.2
587;Totaal personen;IJmond (CR);2014;145;103;97;82;15;0;8;41;17;30;1;7;6.4;41;71.4;66.8
588;Totaal personen;IJmond (CR);2015;145;104;98;83;15;0;8;42;17;30;1;6;5.7;41;71.6;67.5
589;Totaal personen;IJmond (CR);2016;146;105;100;85;15;0;8;45;17;27;1;5;5.0;41;71.9;68.3
590;Totaal personen;IJmond (CR);2017;147;106;102;87;15;0;10;46;17;27;2;4;4.2;41;72.1;69.1
591;Totaal personen;IJmond (CR);2018;148;106;103;87;16;0;9;44;18;29;2;3;3.3;42;71.8;69.5
592;Totaal personen;Agglomeratie Haarlem (CR);2003;160;109;104;89;16;0;7;43;20;35;1;5;4.2;51;67.9;65.0
593;Totaal personen;Agglomeratie Haarlem (CR);2004;160;109;103;88;16;0;6;46;19;32;0;6;5.1;51;68.1;64.6
594;Totaal personen;Agglomeratie Haarlem (CR);2005;160;109;103;87;16;0;7;45;19;33;0;6;5.4;51;68.1;64.4
595;Totaal personen;Agglomeratie Haarlem (CR);2006;160;109;104;88;16;0;7;44;20;33;1;5;4.5;51;68.3;65.2
596;Totaal personen;Agglomeratie Haarlem (CR);2007;160;112;108;93;15;0;8;43;20;36;0;4;3.5;48;70.3;67.8
597;Totaal personen;Agglomeratie Haarlem (CR);2008;160;113;110;93;16;0;8;44;20;37;0;4;3.2;47;70.9;68.6
598;Totaal personen;Agglomeratie Haarlem (CR);2009;161;114;110;93;17;0;8;44;20;37;1;4;3.9;47;71.0;68.2
599;Totaal personen;Agglomeratie Haarlem (CR);2010;162;114;109;92;17;0;7;42;21;38;2;5;4.4;48;70.5;67.3
600;Totaal personen;Agglomeratie Haarlem (CR);2011;163;114;109;91;19;0;7;43;20;38;1;5;4.5;48;70.4;67.2
601;Totaal personen;Agglomeratie Haarlem (CR);2012;164;116;110;92;18;0;8;42;20;38;1;6;5.0;48;70.6;67.1
602;Totaal personen;Agglomeratie Haarlem (CR);2013;166;119;111;91;20;0;8;40;19;42;1;8;6.8;48;71.4;66.5
603;Totaal personen;Agglomeratie Haarlem (CR);2014;168;119;111;90;21;0;7;40;19;45;0;8;6.5;49;70.7;66.1
604;Totaal personen;Agglomeratie Haarlem (CR);2015;168;120;113;90;23;0;8;43;19;43;0;7;6.2;48;71.6;67.1
605;Totaal personen;Agglomeratie Haarlem (CR);2016;170;121;115;93;22;0;7;43;20;43;0;6;5.4;49;71.4;67.6
606;Totaal personen;Agglomeratie Haarlem (CR);2017;171;123;117;95;23;0;9;42;20;46;1;6;4.7;48;72.0;68.6
607;Totaal personen;Agglomeratie Haarlem (CR);2018;172;124;120;97;23;0;9;44;20;46;1;4;3.5;47;72.4;69.9
608;Totaal personen;Zaanstreek (CR);2003;116;78;74;67;7;0;7;36;16;14;3;3;4.4;38;66.9;64.0
609;Totaal personen;Zaanstreek (CR);2004;116;78;74;67;6;0;6;37;15;15;1;4;5.2;39;66.9;63.4
610;Totaal personen;Zaanstreek (CR);2005;117;79;75;67;8;0;7;38;14;15;1;4;5.5;38;67.8;64.0
611;Totaal personen;Zaanstreek (CR);2006;117;80;76;68;9;0;7;37;16;13;3;4;4.8;37;68.2;64.9
612;Totaal personen;Zaanstreek (CR);2007;119;83;79;70;10;0;6;41;15;16;2;3;4.0;36;69.6;66.8
613;Totaal personen;Zaanstreek (CR);2008;120;84;81;72;10;0;7;41;14;18;1;3;3.5;36;70.2;67.7
614;Totaal personen;Zaanstreek (CR);2009;120;85;82;72;10;0;7;42;15;17;1;4;4.3;35;71.0;68.0
615;Totaal personen;Zaanstreek (CR);2010;121;85;80;69;11;0;6;40;15;18;1;4;5.0;36;69.9;66.4
616;Totaal personen;Zaanstreek (CR);2011;122;85;81;70;11;0;6;41;15;19;1;4;5.2;37;70.0;66.3
617;Totaal personen;Zaanstreek (CR);2012;124;87;81;71;10;0;7;41;15;17;1;5;6.3;37;70.1;65.7
618;Totaal personen;Zaanstreek (CR);2013;125;89;82;71;11;0;8;35;15;21;3;7;7.5;37;70.8;65.5
619;Totaal personen;Zaanstreek (CR);2014;126;88;81;68;13;0;8;36;14;21;2;7;7.8;38;69.7;64.2
620;Totaal personen;Zaanstreek (CR);2015;126;88;82;70;12;0;8;40;13;20;0;6;6.8;38;70.1;65.3
621;Totaal personen;Zaanstreek (CR);2016;127;89;84;70;14;0;8;40;14;21;1;6;6.3;37;70.4;66.0
622;Totaal personen;Zaanstreek (CR);2017;128;89;84;73;12;0;8;39;15;21;2;4;4.9;39;69.4;66.0
623;Totaal personen;Zaanstreek (CR);2018;129;90;87;74;13;0;8;38;16;22;2;4;4.0;38;70.3;67.5
624;Totaal personen;Groot-Amsterdam (CR);2003;902;607;571;492;79;0;42;229;114;174;12;36;6.0;295;67.3;63.3
625;Totaal personen;Groot-Amsterdam (CR);2004;911;621;580;482;98;0;38;243;104;193;2;41;6.7;290;68.2;63.6
626;Totaal personen;Groot-Amsterdam (CR);2005;918;636;594;494;100;0;37;262;103;191;1;43;6.7;281;69.4;64.7
627;Totaal personen;Groot-Amsterdam (CR);2006;923;643;608;505;102;0;44;253;104;203;3;35;5.5;280;69.7;65.8
628;Totaal personen;Groot-Amsterdam (CR);2007;929;654;623;517;106;0;46;249;102;222;4;30;4.6;276;70.3;67.1
629;Totaal personen;Groot-Amsterdam (CR);2008;940;671;643;531;112;0;45;254;109;232;4;27;4.1;269;71.4;68.5
630;Totaal personen;Groot-Amsterdam (CR);2009;949;678;644;528;115;0;41;253;113;229;8;34;5.0;272;71.4;67.8
631;Totaal personen;Groot-Amsterdam (CR);2010;954;676;639;528;111;0;38;246;115;234;5;37;5.5;278;70.9;67.0
632;Totaal personen;Groot-Amsterdam (CR);2011;965;681;642;525;116;0;37;249;119;231;6;39;5.7;284;70.6;66.5
633;Totaal personen;Groot-Amsterdam (CR);2012;978;701;656;534;123;0;44;251;113;247;2;45;6.4;277;71.7;67.1
634;Totaal personen;Groot-Amsterdam (CR);2013;994;714;657;528;128;0;45;237;111;259;5;58;8.1;280;71.8;66.0
635;Totaal personen;Groot-Amsterdam (CR);2014;1005;718;661;528;134;0;46;242;108;260;6;56;7.8;287;71.4;65.8
636;Totaal personen;Groot-Amsterdam (CR);2015;1015;725;673;535;139;0;48;248;108;265;4;51;7.1;290;71.4;66.3
637;Totaal personen;Groot-Amsterdam (CR);2016;1028;744;698;550;149;0;50;244;114;285;6;46;6.2;284;72.4;67.9
638;Totaal personen;Groot-Amsterdam (CR);2017;1040;743;705;561;144;0;51;244;111;292;6;38;5.2;297;71.4;67.8
639;Totaal personen;Groot-Amsterdam (CR);2018;1050;754;721;571;150;0;52;246;117;300;6;33;4.3;296;71.8;68.7
640;Totaal personen;Het Gooi en Vechtstreek (CR);2003;178;119;114;98;17;0;8;49;21;35;1;5;4.3;59;66.9;64.1
641;Totaal personen;Het Gooi en Vechtstreek (CR);2004;178;119;113;96;17;0;8;51;20;33;0;6;5.0;59;66.9;63.5
642;Totaal personen;Het Gooi en Vechtstreek (CR);2005;177;119;113;96;17;0;9;50;21;33;0;6;5.1;58;67.4;63.9
643;Totaal personen;Het Gooi en Vechtstreek (CR);2006;177;119;114;96;18;0;8;48;21;37;1;5;4.3;57;67.6;64.7
644;Totaal personen;Het Gooi en Vechtstreek (CR);2007;177;121;117;98;19;0;8;50;21;36;1;4;3.7;55;68.6;66.1
645;Totaal personen;Het Gooi en Vechtstreek (CR);2008;177;124;120;100;20;0;9;51;22;38;1;4;3.3;53;69.9;67.6
646;Totaal personen;Het Gooi en Vechtstreek (CR);2009;178;124;119;98;22;0;8;49;21;40;1;5;4.0;53;70.0;67.2
647;Totaal personen;Het Gooi en Vechtstreek (CR);2010;178;124;118;96;22;0;8;47;22;39;2;6;4.5;54;69.7;66.6
648;Totaal personen;Het Gooi en Vechtstreek (CR);2011;178;123;117;96;21;0;8;45;21;43;0;6;4.7;54;69.3;66.1
649;Totaal personen;Het Gooi en Vechtstreek (CR);2012;178;126;119;97;22;0;9;46;22;42;0;7;5.2;53;70.4;66.7
650;Totaal personen;Het Gooi en Vechtstreek (CR);2013;179;126;118;95;22;0;9;45;21;42;1;8;6.6;53;70.3;65.6
651;Totaal personen;Het Gooi en Vechtstreek (CR);2014;179;125;116;94;22;0;9;42;20;43;1;9;6.9;54;69.7;64.9
652;Totaal personen;Het Gooi en Vechtstreek (CR);2015;180;125;118;94;24;0;9;46;20;42;0;8;6.2;54;69.8;65.5
653;Totaal personen;Het Gooi en Vechtstreek (CR);2016;181;127;120;95;25;0;9;46;21;44;1;7;5.4;55;69.9;66.2
654;Totaal personen;Het Gooi en Vechtstreek (CR);2017;183;128;122;98;25;0;9;46;21;45;1;6;4.4;56;69.7;66.6
655;Totaal personen;Het Gooi en Vechtstreek (CR);2018;185;129;125;100;25;0;9;48;22;45;1;5;3.6;55;70.1;67.6
656;Totaal personen;Agglomeratie Leiden en Bollenstreek (CR);2003;298;211;203;178;24;0;15;90;37;57;2;8;3.8;88;70.6;67.9
657;Totaal personen;Agglomeratie Leiden en Bollenstreek (CR);2004;299;211;201;177;24;0;15;92;37;55;2;9;4.4;88;70.5;67.4
658;Totaal personen;Agglomeratie Leiden en Bollenstreek (CR);2005;299;211;202;176;25;0;16;92;36;55;2;10;4.6;88;70.7;67.4
659;Totaal personen;Agglomeratie Leiden en Bollenstreek (CR);2006;300;212;203;178;25;0;16;88;36;62;2;9;4.1;88;70.7;67.8
660;Totaal personen;Agglomeratie Leiden en Bollenstreek (CR);2007;301;217;209;183;26;0;17;90;37;64;2;8;3.6;84;72.1;69.5
661;Totaal personen;Agglomeratie Leiden en Bollenstreek (CR);2008;303;219;212;184;28;0;17;94;37;63;1;7;3.2;84;72.4;70.1
662;Totaal personen;Agglomeratie Leiden en Bollenstreek (CR);2009;304;222;214;186;28;0;17;91;37;67;1;8;3.8;82;73.1;70.3
663;Totaal personen;Agglomeratie Leiden en Bollenstreek (CR);2010;305;222;212;182;30;0;16;90;37;67;1;10;4.3;83;72.8;69.6
664;Totaal personen;Agglomeratie Leiden en Bollenstreek (CR);2011;306;221;212;181;30;0;15;90;38;67;2;9;4.2;85;72.2;69.2
665;Totaal personen;Agglomeratie Leiden en Bollenstreek (CR);2012;309;223;213;183;30;0;16;90;38;65;3;11;4.8;85;72.4;68.9
666;Totaal personen;Agglomeratie Leiden en Bollenstreek (CR);2013;312;225;211;180;31;0;18;87;35;70;3;14;6.2;87;72.2;67.7
667;Totaal personen;Agglomeratie Leiden en Bollenstreek (CR);2014;313;226;213;179;34;0;17;87;34;72;2;14;6.2;86;72.5;68.0
668;Totaal personen;Agglomeratie Leiden en Bollenstreek (CR);2015;314;227;214;180;34;0;18;85;35;74;2;13;5.6;88;72.1;68.1
669;Totaal personen;Agglomeratie Leiden en Bollenstreek (CR);2016;317;228;216;182;34;0;17;85;37;75;3;12;5.2;89;71.9;68.2
670;Totaal personen;Agglomeratie Leiden en Bollenstreek (CR);2017;320;230;220;188;32;0;18;88;37;74;3;10;4.3;90;71.9;68.9
671;Totaal personen;Agglomeratie Leiden en Bollenstreek (CR);2018;322;234;226;192;34;0;18;90;39;78;2;8;3.4;88;72.6;70.2
672;Totaal personen;Agglomeratie 's-Gravenhage (CR);2003;566;381;361;316;45;0;25;155;66;112;3;21;5.4;185;67.3;63.7
673;Totaal personen;Agglomeratie 's-Gravenhage (CR);2004;573;388;364;316;48;0;24;155;69;113;2;24;6.2;186;67.6;63.4
674;Totaal personen;Agglomeratie 's-Gravenhage (CR);2005;579;395;368;319;48;0;24;153;65;125;0;27;6.9;184;68.2;63.5
675;Totaal personen;Agglomeratie 's-Gravenhage (CR);2006;583;396;372;325;48;0;28;156;61;125;2;23;5.9;188;67.8;63.9
676;Totaal personen;Agglomeratie 's-Gravenhage (CR);2007;584;400;381;329;51;0;27;157;67;127;3;20;4.9;184;68.6;65.2
677;Totaal personen;Agglomeratie 's-Gravenhage (CR);2008;590;409;392;339;53;0;28;166;68;130;2;17;4.1;181;69.3;66.5
678;Totaal personen;Agglomeratie 's-Gravenhage (CR);2009;596;414;393;340;53;0;27;164;65;134;2;21;5.0;182;69.4;66.0
679;Totaal personen;Agglomeratie 's-Gravenhage (CR);2010;598;409;385;326;59;0;25;153;65;138;3;24;5.9;189;68.4;64.4
680;Totaal personen;Agglomeratie 's-Gravenhage (CR);2011;603;416;390;329;60;0;27;151;72;136;4;26;6.4;187;69.0;64.6
681;Totaal personen;Agglomeratie 's-Gravenhage (CR);2012;611;425;392;333;59;0;28;152;71;137;4;33;7.7;186;69.5;64.2
682;Totaal personen;Agglomeratie 's-Gravenhage (CR);2013;619;427;389;325;64;0;30;145;64;144;6;38;8.9;192;69.0;62.9
683;Totaal personen;Agglomeratie 's-Gravenhage (CR);2014;621;425;385;316;69;0;28;144;62;147;4;40;9.5;196;68.5;62.0
684;Totaal personen;Agglomeratie 's-Gravenhage (CR);2015;624;426;388;319;69;0;29;144;63;150;2;38;8.9;198;68.2;62.2
685;Totaal personen;Agglomeratie 's-Gravenhage (CR);2016;631;427;393;326;67;0;30;147;67;147;3;33;7.8;204;67.7;62.4
686;Totaal personen;Agglomeratie 's-Gravenhage (CR);2017;637;432;405;334;70;0;32;150;66;151;5;27;6.3;205;67.8;63.5
687;Totaal personen;Agglomeratie 's-Gravenhage (CR);2018;643;442;421;346;75;0;35;155;71;157;3;21;4.7;201;68.7;65.5
688;Totaal personen;Delft en Westland (CR);2003;159;112;107;92;16;0;8;50;18;31;0;4;4.0;47;70.6;67.8
689;Totaal personen;Delft en Westland (CR);2004;158;112;107;91;16;0;8;51;18;31;0;5;4.5;46;70.8;67.6
690;Totaal personen;Delft en Westland (CR);2005;159;113;107;93;14;0;8;52;18;30;0;6;4.9;46;70.9;67.4
691;Totaal personen;Delft en Westland (CR);2006;160;114;109;93;16;0;9;55;16;29;0;5;4.2;46;71.2;68.2
692;Totaal personen;Delft en Westland (CR);2007;161;116;111;93;18;0;10;54;18;30;0;4;3.7;45;72.0;69.3
693;Totaal personen;Delft en Westland (CR);2008;162;118;114;97;17;0;10;51;20;32;1;4;3.3;44;72.7;70.3
694;Totaal personen;Delft en Westland (CR);2009;163;119;114;97;17;0;11;51;19;33;1;5;3.8;44;73.1;70.3
695;Totaal personen;Delft en Westland (CR);2010;163;119;113;96;18;0;9;52;20;32;0;5;4.5;45;72.6;69.3
696;Totaal personen;Delft en Westland (CR);2011;165;119;113;95;18;0;9;51;20;32;1;5;4.5;46;71.9;68.7
697;Totaal personen;Delft en Westland (CR);2012;168;120;114;96;18;0;9;48;20;37;0;6;5.3;48;71.6;67.8
698;Totaal personen;Delft en Westland (CR);2013;170;120;112;96;16;0;9;47;19;36;2;8;6.6;50;70.7;66.0
699;Totaal personen;Delft en Westland (CR);2014;172;122;113;95;19;0;10;51;16;36;0;8;6.8;50;70.8;66.0
700;Totaal personen;Delft en Westland (CR);2015;173;123;116;97;19;0;11;50;17;38;0;8;6.1;50;71.1;66.8
701;Totaal personen;Delft en Westland (CR);2016;174;124;117;99;18;0;11;49;19;38;0;7;5.5;50;71.2;67.2
702;Totaal personen;Delft en Westland (CR);2017;175;125;119;101;19;0;11;48;19;42;0;6;4.5;50;71.4;68.2
703;Totaal personen;Delft en Westland (CR);2018;177;128;123;103;20;0;12;49;21;41;1;5;3.6;50;72.0;69.4
704;Totaal personen;Oost-Zuid-Holland (CR);2003;235;164;158;139;19;0;12;75;30;39;2;6;4.0;70;70.1;67.3
705;Totaal personen;Oost-Zuid-Holland (CR);2004;234;164;157;138;19;0;12;74;29;41;1;7;4.5;70;70.3;67.1
706;Totaal personen;Oost-Zuid-Holland (CR);2005;234;165;157;137;20;0;13;74;29;40;1;8;4.7;69;70.6;67.3
707;Totaal personen;Oost-Zuid-Holland (CR);2006;234;164;158;138;20;0;13;74;28;41;1;7;4.0;70;70.2;67.4
708;Totaal personen;Oost-Zuid-Holland (CR);2007;234;168;162;141;21;0;14;75;30;42;2;6;3.6;66;71.6;69.0
709;Totaal personen;Oost-Zuid-Holland (CR);2008;234;169;164;142;22;0;13;76;29;44;1;5;3.1;65;72.2;70.0
710;Totaal personen;Oost-Zuid-Holland (CR);2009;234;170;164;141;23;0;13;77;29;44;1;6;3.6;65;72.5;69.8
711;Totaal personen;Oost-Zuid-Holland (CR);2010;234;168;161;138;23;0;12;73;29;46;1;7;4.4;66;71.8;68.7
712;Totaal personen;Oost-Zuid-Holland (CR);2011;234;168;161;138;23;0;11;73;30;46;1;7;4.2;66;71.6;68.6
713;Totaal personen;Oost-Zuid-Holland (CR);2012;235;170;161;138;24;0;12;73;29;46;1;8;5.0;65;72.2;68.6
714;Totaal personen;Oost-Zuid-Holland (CR);2013;236;170;159;136;24;0;13;69;27;47;2;10;6.2;67;71.8;67.4
715;Totaal personen;Oost-Zuid-Holland (CR);2014;237;170;160;135;25;0;14;69;27;48;2;11;6.2;67;71.9;67.4
716;Totaal personen;Oost-Zuid-Holland (CR);2015;237;170;160;134;26;0;14;68;26;50;1;10;5.9;68;71.5;67.3
717;Totaal personen;Oost-Zuid-Holland (CR);2016;239;171;162;136;26;0;14;71;27;49;1;9;5.3;68;71.4;67.6
718;Totaal personen;Oost-Zuid-Holland (CR);2017;243;174;166;141;25;0;14;75;28;47;2;7;4.1;69;71.5;68.6
719;Totaal personen;Oost-Zuid-Holland (CR);2018;245;177;172;145;27;0;15;72;31;50;4;6;3.2;68;72.2;69.9
720;Totaal personen;Groot-Rijnmond (CR);2003;1021;669;630;560;70;0;49;295;115;160;10;39;5.9;351;65.6;61.7
721;Totaal personen;Groot-Rijnmond (CR);2004;1022;671;625;555;70;0;49;293;117;160;6;46;6.9;351;65.6;61.1
722;Totaal personen;Groot-Rijnmond (CR);2005;1021;677;627;556;71;0;50;294;116;161;7;50;7.4;343;66.4;61.5
723;Totaal personen;Groot-Rijnmond (CR);2006;1019;678;635;563;72;0;55;299;113;158;10;43;6.4;341;66.5;62.3
724;Totaal personen;Groot-Rijnmond (CR);2007;1018;691;656;580;76;0;56;297;119;172;13;35;5.0;328;67.8;64.4
725;Totaal personen;Groot-Rijnmond (CR);2008;1014;698;668;587;81;0;57;303;121;175;12;30;4.3;316;68.9;65.9
726;Totaal personen;Groot-Rijnmond (CR);2009;1029;710;674;587;88;0;52;306;123;181;12;36;5.1;318;69.1;65.6
727;Totaal personen;Groot-Rijnmond (CR);2010;1030;711;668;578;91;0;52;300;118;186;12;43;6.0;319;69.0;64.9
728;Totaal personen;Groot-Rijnmond (CR);2011;1035;711;667;579;89;0;53;292;125;184;14;43;6.1;324;68.7;64.5
729;Totaal personen;Groot-Rijnmond (CR);2012;1043;722;667;580;87;0;52;292;126;180;16;55;7.6;320;69.3;64.0
730;Totaal personen;Groot-Rijnmond (CR);2013;1048;720;654;561;93;0;56;275;112;195;16;66;9.2;328;68.7;62.4
731;Totaal personen;Groot-Rijnmond (CR);2014;1050;721;653;553;100;0;57;281;112;189;13;68;9.4;329;68.6;62.2
732;Totaal personen;Groot-Rijnmond (CR);2015;1050;720;656;557;98;0;57;280;110;197;12;65;9.0;330;68.6;62.4
733;Totaal personen;Groot-Rijnmond (CR);2016;1058;717;659;562;97;0;57;274;113;205;11;58;8.1;341;67.8;62.3
734;Totaal personen;Groot-Rijnmond (CR);2017;1066;729;684;579;105;0;63;282;115;208;16;45;6.2;337;68.3;64.1
735;Totaal personen;Groot-Rijnmond (CR);2018;1073;739;704;598;106;0;63;285;123;218;15;35;4.7;333;68.9;65.7
736;Totaal personen;Zuidoost-Zuid-Holland (CR);2003;287;193;184;163;22;0;16;88;34;43;3;9;4.6;93;67.4;64.3
737;Totaal personen;Zuidoost-Zuid-Holland (CR);2004;288;194;184;163;21;0;16;90;34;41;2;11;5.4;93;67.5;63.8
738;Totaal personen;Zuidoost-Zuid-Holland (CR);2005;288;196;186;164;21;0;16;93;34;39;3;10;5.3;92;68.1;64.5
739;Totaal personen;Zuidoost-Zuid-Holland (CR);2006;288;197;189;165;24;0;17;92;34;42;4;9;4.4;91;68.5;65.5
740;Totaal personen;Zuidoost-Zuid-Holland (CR);2007;288;201;193;169;24;0;16;92;37;43;6;7;3.7;87;69.7;67.1
741;Totaal personen;Zuidoost-Zuid-Holland (CR);2008;289;203;196;171;26;0;16;93;36;47;4;7;3.2;86;70.2;67.9
742;Totaal personen;Zuidoost-Zuid-Holland (CR);2009;290;205;198;172;26;0;16;94;36;49;3;8;3.8;84;70.9;68.2
743;Totaal personen;Zuidoost-Zuid-Holland (CR);2010;291;205;196;168;27;0;16;89;36;51;4;9;4.5;86;70.4;67.3
744;Totaal personen;Zuidoost-Zuid-Holland (CR);2011;291;205;196;169;26;0;15;88;37;51;5;9;4.5;86;70.4;67.2
745;Totaal personen;Zuidoost-Zuid-Holland (CR);2012;293;207;196;169;27;0;16;87;37;51;5;11;5.3;86;70.7;66.9
746;Totaal personen;Zuidoost-Zuid-Holland (CR);2013;295;208;194;166;28;0;17;90;33;50;5;14;6.5;87;70.6;66.0
747;Totaal personen;Zuidoost-Zuid-Holland (CR);2014;294;207;193;163;30;0;16;87;33;54;4;14;6.7;88;70.3;65.6
748;Totaal personen;Zuidoost-Zuid-Holland (CR);2015;294;206;193;164;29;0;18;86;33;51;6;13;6.1;88;70.0;65.7
749;Totaal personen;Zuidoost-Zuid-Holland (CR);2016;296;207;196;167;29;0;16;91;33;51;4;11;5.4;88;70.1;66.3
750;Totaal personen;Zuidoost-Zuid-Holland (CR);2017;297;210;201;170;31;0;17;92;34;54;4;9;4.4;87;70.6;67.5
751;Totaal personen;Zuidoost-Zuid-Holland (CR);2018;298;212;204;173;31;0;18;90;36;54;5;8;3.6;86;71.0;68.4
752;Totaal personen;Zeeuwsch-Vlaanderen (CR);2003;80;50;48;41;7;0;5;24;9;8;2;2;4.3;29;63.2;60.5
753;Totaal personen;Zeeuwsch-Vlaanderen (CR);2004;80;51;48;41;7;0;4;26;9;7;2;3;5.0;29;63.6;60.5
754;Totaal personen;Zeeuwsch-Vlaanderen (CR);2005;80;51;49;41;7;0;4;27;9;7;1;3;4.9;29;64.1;60.9
755;Totaal personen;Zeeuwsch-Vlaanderen (CR);2006;80;51;49;42;7;0;4;27;9;8;1;2;4.5;28;64.6;61.7
756;Totaal personen;Zeeuwsch-Vlaanderen (CR);2007;80;52;50;42;7;0;5;26;9;9;1;2;3.8;28;64.8;62.3
757;Totaal personen;Zeeuwsch-Vlaanderen (CR);2008;80;52;50;43;7;0;5;26;9;9;1;2;3.6;28;65.4;63.1
758;Totaal personen;Zeeuwsch-Vlaanderen (CR);2009;79;52;50;43;7;0;5;26;9;9;1;2;4.0;28;65.0;62.4
759;Totaal personen;Zeeuwsch-Vlaanderen (CR);2010;79;52;49;42;7;0;5;27;9;8;1;2;4.3;28;65.2;62.4
760;Totaal personen;Zeeuwsch-Vlaanderen (CR);2011;79;51;49;41;8;0;5;24;9;7;3;2;4.3;28;64.3;61.6
761;Totaal personen;Zeeuwsch-Vlaanderen (CR);2012;79;52;50;42;8;0;5;24;10;8;3;2;4.5;27;65.8;62.9
762;Totaal personen;Zeeuwsch-Vlaanderen (CR);2013;79;52;49;41;8;0;6;24;8;10;1;3;5.8;28;65.2;61.5
763;Totaal personen;Zeeuwsch-Vlaanderen (CR);2014;79;52;49;41;8;0;5;25;9;10;1;3;5.6;27;65.3;61.7
764;Totaal personen;Zeeuwsch-Vlaanderen (CR);2015;79;53;50;41;8;0;6;26;8;9;1;3;5.7;26;67.1;63.3
765;Totaal personen;Zeeuwsch-Vlaanderen (CR);2016;79;52;50;42;8;0;5;25;8;10;1;2;4.5;27;66.2;63.3
766;Totaal personen;Zeeuwsch-Vlaanderen (CR);2017;79;51;49;41;9;0;6;26;8;9;1;2;3.5;28;64.9;62.6
767;Totaal personen;Zeeuwsch-Vlaanderen (CR);2018;79;52;51;41;10;0;5;25;9;11;1;2;2.9;26;66.6;64.7
768;Totaal personen;Overig Zeeland (CR);2003;198;131;125;107;18;0;12;62;22;26;3;5;4.1;67;66.1;63.4
769;Totaal personen;Overig Zeeland (CR);2004;198;132;125;107;18;0;11;66;23;23;3;6;4.7;67;66.4;63.3
770;Totaal personen;Overig Zeeland (CR);2005;199;134;128;108;20;0;11;68;23;24;2;6;4.6;65;67.2;64.1
771;Totaal personen;Overig Zeeland (CR);2006;200;135;130;110;20;0;11;68;22;25;3;6;4.2;65;67.7;64.9
772;Totaal personen;Overig Zeeland (CR);2007;200;136;131;110;21;0;12;66;24;26;4;5;3.6;65;67.7;65.3
773;Totaal personen;Overig Zeeland (CR);2008;201;138;133;113;21;0;12;66;24;27;4;4;3.3;63;68.6;66.4
774;Totaal personen;Overig Zeeland (CR);2009;201;140;135;116;19;0;12;69;24;27;3;5;3.5;61;69.6;67.2
775;Totaal personen;Overig Zeeland (CR);2010;202;139;133;113;21;0;11;64;24;30;4;6;4.0;63;68.8;66.0
776;Totaal personen;Overig Zeeland (CR);2011;202;138;133;112;21;0;10;65;24;30;3;5;3.8;64;68.5;65.8
777;Totaal personen;Overig Zeeland (CR);2012;202;141;135;114;21;0;12;69;24;27;4;6;4.3;61;69.8;66.8
778;Totaal personen;Overig Zeeland (CR);2013;203;140;132;111;21;0;13;63;23;31;4;8;5.7;63;69.0;65.1
779;Totaal personen;Overig Zeeland (CR);2014;203;141;133;111;22;0;12;63;23;30;5;8;5.4;62;69.3;65.5
780;Totaal personen;Overig Zeeland (CR);2015;203;142;134;111;23;0;12;63;22;33;4;8;5.5;61;69.9;66.1
781;Totaal personen;Overig Zeeland (CR);2016;204;143;137;114;23;0;12;69;22;29;3;6;4.4;61;70.1;67.1
782;Totaal personen;Overig Zeeland (CR);2017;204;141;136;113;23;0;13;68;23;29;4;5;3.6;63;69.1;66.6
783;Totaal personen;Overig Zeeland (CR);2018;205;144;140;114;25;0;13;70;23;31;2;4;3.0;60;70.5;68.3
784;Totaal personen;West-Noord-Brabant (CR);2003;456;310;296;257;39;0;27;141;55;69;5;14;4.6;146;68.0;64.9
785;Totaal personen;West-Noord-Brabant (CR);2004;457;310;293;256;37;0;26;140;52;70;3;17;5.4;147;67.8;64.1
786;Totaal personen;West-Noord-Brabant (CR);2005;458;313;296;258;38;0;28;148;51;68;2;16;5.2;145;68.2;64.7
787;Totaal personen;West-Noord-Brabant (CR);2006;459;315;300;261;40;0;31;143;52;70;4;15;4.7;144;68.6;65.4
788;Totaal personen;West-Noord-Brabant (CR);2007;460;319;307;266;41;0;30;147;57;69;5;12;3.9;141;69.4;66.7
789;Totaal personen;West-Noord-Brabant (CR);2008;462;326;315;271;44;0;29;149;59;75;4;11;3.3;136;70.5;68.2
790;Totaal personen;West-Noord-Brabant (CR);2009;464;328;315;270;45;0;28;152;56;76;4;14;4.1;135;70.9;67.9
791;Totaal personen;West-Noord-Brabant (CR);2010;465;327;311;264;47;0;30;149;55;75;3;16;4.8;138;70.4;67.0
792;Totaal personen;West-Noord-Brabant (CR);2011;465;326;311;266;45;0;29;148;57;75;3;15;4.6;139;70.1;66.9
793;Totaal personen;West-Noord-Brabant (CR);2012;468;331;312;268;45;0;30;142;57;81;3;18;5.6;137;70.6;66.7
794;Totaal personen;West-Noord-Brabant (CR);2013;472;333;311;264;47;0;29;140;52;85;4;23;6.8;138;70.7;65.9
795;Totaal personen;West-Noord-Brabant (CR);2014;472;331;308;261;48;0;31;141;50;83;4;23;7.0;141;70.2;65.3
796;Totaal personen;West-Noord-Brabant (CR);2015;472;332;310;262;47;0;29;142;50;85;4;22;6.7;140;70.3;65.6
797;Totaal personen;West-Noord-Brabant (CR);2016;474;331;312;264;49;0;30;140;51;87;5;19;5.7;143;69.8;65.8
798;Totaal personen;West-Noord-Brabant (CR);2017;477;334;319;267;51;0;31;143;51;89;5;15;4.5;143;70.0;66.8
799;Totaal personen;West-Noord-Brabant (CR);2018;479;337;325;275;50;0;31;146;54;90;4;12;3.5;141;70.5;68.0
800;Totaal personen;Midden-Noord-Brabant (CR);2003;340;233;223;196;27;0;21;107;40;52;3;10;4.4;106;68.7;65.6
801;Totaal personen;Midden-Noord-Brabant (CR);2004;341;234;222;195;28;0;22;110;37;52;2;12;5.0;106;68.7;65.3
802;Totaal personen;Midden-Noord-Brabant (CR);2005;342;236;224;196;28;0;24;114;37;48;1;11;4.9;106;69.0;65.6
803;Totaal personen;Midden-Noord-Brabant (CR);2006;343;238;227;200;28;0;23;115;38;50;2;10;4.4;105;69.4;66.4
804;Totaal personen;Midden-Noord-Brabant (CR);2007;344;241;232;204;28;0;23;111;41;53;4;9;3.9;102;70.2;67.5
805;Totaal personen;Midden-Noord-Brabant (CR);2008;345;247;239;206;32;0;24;114;42;55;3;8;3.4;98;71.6;69.2
806;Totaal personen;Midden-Noord-Brabant (CR);2009;346;248;238;205;33;0;20;114;43;58;4;10;4.1;98;71.7;68.8
807;Totaal personen;Midden-Noord-Brabant (CR);2010;347;248;237;202;34;0;23;109;42;59;3;12;4.8;99;71.5;68.1
808;Totaal personen;Midden-Noord-Brabant (CR);2011;348;247;236;202;33;0;23;108;42;59;4;12;4.7;101;71.1;67.8
809;Totaal personen;Midden-Noord-Brabant (CR);2012;350;250;236;203;34;0;21;110;43;59;3;14;5.5;100;71.5;67.5
810;Totaal personen;Midden-Noord-Brabant (CR);2013;353;252;235;202;32;0;24;108;39;60;4;17;6.9;101;71.4;66.5
811;Totaal personen;Midden-Noord-Brabant (CR);2014;353;251;233;200;34;0;25;107;37;61;3;18;7.2;102;71.1;65.9
812;Totaal personen;Midden-Noord-Brabant (CR);2015;354;252;235;199;36;0;24;105;39;63;4;17;6.8;102;71.3;66.4
813;Totaal personen;Midden-Noord-Brabant (CR);2016;356;254;240;202;38;0;23;108;38;69;2;14;5.6;102;71.3;67.3
814;Totaal personen;Midden-Noord-Brabant (CR);2017;359;257;246;207;39;0;24;112;38;69;2;11;4.5;102;71.7;68.5
815;Totaal personen;Midden-Noord-Brabant (CR);2018;361;258;250;211;38;0;26;113;40;68;2;9;3.4;103;71.6;69.2
816;Totaal personen;Noordoost-Noord-Brabant (CR);2003;469;325;311;270;41;0;28;148;55;75;4;14;4.3;144;69.3;66.3
817;Totaal personen;Noordoost-Noord-Brabant (CR);2004;469;323;307;267;40;0;26;148;54;75;3;16;4.9;146;68.8;65.4
818;Totaal personen;Noordoost-Noord-Brabant (CR);2005;469;325;309;265;44;0;28;155;52;73;1;16;4.9;144;69.3;65.9
819;Totaal personen;Noordoost-Noord-Brabant (CR);2006;470;327;313;269;44;0;29;151;54;75;4;14;4.4;143;69.6;66.6
820;Totaal personen;Noordoost-Noord-Brabant (CR);2007;472;333;322;273;49;0;28;158;56;77;3;12;3.5;138;70.7;68.2
821;Totaal personen;Noordoost-Noord-Brabant (CR);2008;474;339;329;279;50;0;28;161;58;77;4;11;3.1;135;71.6;69.3
822;Totaal personen;Noordoost-Noord-Brabant (CR);2009;475;342;329;279;50;0;28;156;60;79;6;13;3.9;133;72.0;69.2
823;Totaal personen;Noordoost-Noord-Brabant (CR);2010;478;342;327;274;53;0;30;150;59;83;5;15;4.4;136;71.6;68.4
824;Totaal personen;Noordoost-Noord-Brabant (CR);2011;478;341;327;274;53;0;27;156;58;83;3;14;4.2;137;71.4;68.3
825;Totaal personen;Noordoost-Noord-Brabant (CR);2012;481;344;327;274;52;0;29;152;58;84;4;18;5.1;137;71.6;67.9
826;Totaal personen;Noordoost-Noord-Brabant (CR);2013;484;347;325;272;54;0;29;149;54;91;3;22;6.3;137;71.7;67.2
827;Totaal personen;Noordoost-Noord-Brabant (CR);2014;485;346;323;270;53;0;30;148;51;90;3;23;6.8;138;71.5;66.6
828;Totaal personen;Noordoost-Noord-Brabant (CR);2015;485;347;326;271;55;0;29;149;53;92;2;21;6.1;138;71.5;67.1
829;Totaal personen;Noordoost-Noord-Brabant (CR);2016;489;349;331;276;55;0;28;152;54;95;3;18;5.1;139;71.5;67.8
830;Totaal personen;Noordoost-Noord-Brabant (CR);2017;493;353;338;279;59;0;30;154;56;95;4;15;4.2;139;71.7;68.7
831;Totaal personen;Noordoost-Noord-Brabant (CR);2018;495;355;344;285;59;0;30;153;59;97;5;11;3.2;140;71.8;69.5
832;Totaal personen;Zuidoost-Noord-Brabant (CR);2003;548;370;352;306;46;0;31;165;62;90;4;18;4.8;178;67.5;64.2
833;Totaal personen;Zuidoost-Noord-Brabant (CR);2004;548;369;349;303;45;0;31;165;58;92;2;21;5.6;179;67.4;63.6
834;Totaal personen;Zuidoost-Noord-Brabant (CR);2005;549;372;352;305;47;0;35;171;58;86;2;20;5.4;177;67.8;64.1
835;Totaal personen;Zuidoost-Noord-Brabant (CR);2006;549;374;357;307;50;0;35;167;60;91;4;18;4.7;175;68.1;64.9
836;Totaal personen;Zuidoost-Noord-Brabant (CR);2007;550;379;364;313;50;0;35;170;62;94;3;15;3.9;171;68.9;66.2
837;Totaal personen;Zuidoost-Noord-Brabant (CR);2008;552;388;374;321;53;0;35;171;65;99;4;13;3.5;165;70.2;67.8
838;Totaal personen;Zuidoost-Noord-Brabant (CR);2009;553;389;372;317;55;0;33;172;65;96;6;17;4.3;163;70.4;67.4
839;Totaal personen;Zuidoost-Noord-Brabant (CR);2010;554;388;369;310;59;0;34;167;63;103;3;19;4.9;166;70.1;66.6
840;Totaal personen;Zuidoost-Noord-Brabant (CR);2011;555;389;371;312;59;0;34;166;66;101;4;18;4.7;166;70.1;66.8
841;Totaal personen;Zuidoost-Noord-Brabant (CR);2012;559;398;377;318;59;0;35;170;67;103;3;21;5.2;161;71.1;67.4
842;Totaal personen;Zuidoost-Noord-Brabant (CR);2013;564;399;371;315;56;0;36;165;61;104;6;28;6.9;165;70.8;65.9
843;Totaal personen;Zuidoost-Noord-Brabant (CR);2014;566;399;370;312;58;0;36;167;57;105;4;29;7.3;168;70.4;65.2
844;Totaal personen;Zuidoost-Noord-Brabant (CR);2015;568;401;375;317;58;0;36;168;57;110;2;27;6.7;167;70.7;66.0
845;Totaal personen;Zuidoost-Noord-Brabant (CR);2016;572;404;381;321;60;0;37;166;59;116;3;23;5.6;168;70.6;66.7
846;Totaal personen;Zuidoost-Noord-Brabant (CR);2017;578;409;391;329;62;0;38;173;61;115;4;18;4.4;169;70.7;67.6
847;Totaal personen;Zuidoost-Noord-Brabant (CR);2018;581;413;399;337;62;0;37;174;63;120;5;15;3.5;168;71.1;68.6
848;Totaal personen;Noord-Limburg (CR);2003;208;143;137;120;17;0;12;74;24;26;1;6;4.5;65;68.9;65.7
849;Totaal personen;Noord-Limburg (CR);2004;209;143;135;118;17;0;13;73;23;25;1;8;5.3;66;68.5;64.9
850;Totaal personen;Noord-Limburg (CR);2005;209;145;137;119;18;0;15;73;24;24;1;8;5.4;64;69.3;65.5
851;Totaal personen;Noord-Limburg (CR);2006;209;144;137;121;16;0;15;72;24;23;3;7;4.9;65;68.9;65.6
852;Totaal personen;Noord-Limburg (CR);2007;209;147;141;124;17;0;15;74;25;24;3;6;4.0;63;70.0;67.2
853;Totaal personen;Noord-Limburg (CR);2008;210;149;144;125;18;0;14;76;25;27;2;5;3.6;61;71.1;68.5
854;Totaal personen;Noord-Limburg (CR);2009;210;148;142;123;18;0;13;75;24;28;1;7;4.6;62;70.6;67.3
855;Totaal personen;Noord-Limburg (CR);2010;210;148;140;122;18;0;14;71;25;29;2;7;5.0;63;70.3;66.8
856;Totaal personen;Noord-Limburg (CR);2011;211;148;141;122;19;0;14;70;25;30;2;7;4.5;63;70.1;67.0
857;Totaal personen;Noord-Limburg (CR);2012;211;150;142;123;19;0;15;72;25;30;1;8;5.0;61;70.9;67.4
858;Totaal personen;Noord-Limburg (CR);2013;212;150;140;120;20;0;15;68;24;30;3;10;6.7;62;70.6;65.9
859;Totaal personen;Noord-Limburg (CR);2014;211;148;138;118;19;0;15;65;23;33;2;10;7.1;63;70.0;65.0
860;Totaal personen;Noord-Limburg (CR);2015;211;149;139;119;20;0;14;68;22;34;1;9;6.4;62;70.5;66.0
861;Totaal personen;Noord-Limburg (CR);2016;212;150;142;123;20;0;16;69;23;33;1;8;5.2;62;70.8;67.1
862;Totaal personen;Noord-Limburg (CR);2017;213;151;144;123;21;0;17;70;23;32;2;7;4.4;62;70.9;67.7
863;Totaal personen;Noord-Limburg (CR);2018;213;151;146;125;21;0;16;70;24;35;1;5;3.4;62;71.1;68.7
864;Totaal personen;Midden-Limburg (CR);2003;177;117;112;98;14;0;11;54;20;24;2;6;4.9;60;66.3;63.1
865;Totaal personen;Midden-Limburg (CR);2004;177;117;110;96;14;0;10;56;20;22;1;7;5.7;60;66.2;62.4
866;Totaal personen;Midden-Limburg (CR);2005;177;117;110;96;15;0;11;57;20;21;1;7;5.9;60;66.3;62.4
867;Totaal personen;Midden-Limburg (CR);2006;177;119;113;97;16;0;11;56;21;23;1;6;5.0;59;66.8;63.5
868;Totaal personen;Midden-Limburg (CR);2007;177;119;114;100;14;0;11;57;21;23;2;5;4.3;58;67.2;64.3
869;Totaal personen;Midden-Limburg (CR);2008;177;121;116;101;15;0;11;57;21;25;2;5;3.8;56;68.3;65.7
870;Totaal personen;Midden-Limburg (CR);2009;178;122;116;101;15;0;11;57;21;24;3;6;4.6;56;68.4;65.3
871;Totaal personen;Midden-Limburg (CR);2010;178;121;115;99;16;0;11;55;21;26;2;6;4.8;57;67.9;64.7
872;Totaal personen;Midden-Limburg (CR);2011;178;120;115;98;17;0;10;53;22;27;3;5;4.4;58;67.6;64.7
873;Totaal personen;Midden-Limburg (CR);2012;179;122;116;99;17;0;10;54;21;29;1;6;5.1;57;68.2;64.7
874;Totaal personen;Midden-Limburg (CR);2013;180;124;116;98;18;0;11;54;20;29;2;8;6.4;56;68.9;64.5
875;Totaal personen;Midden-Limburg (CR);2014;179;122;114;98;16;0;12;54;20;27;2;8;6.4;57;68.1;63.7
876;Totaal personen;Midden-Limburg (CR);2015;178;122;115;97;18;0;11;57;19;28;1;7;5.9;56;68.5;64.5
877;Totaal personen;Midden-Limburg (CR);2016;179;121;115;98;17;0;11;54;19;30;1;6;5.2;57;68.0;64.4
878;Totaal personen;Midden-Limburg (CR);2017;179;122;117;99;17;0;12;53;19;31;1;5;4.4;57;68.2;65.2
879;Totaal personen;Midden-Limburg (CR);2018;179;123;119;101;18;0;12;56;20;30;1;4;3.4;56;68.7;66.3
880;Totaal personen;Zuid-Limburg (CR);2003;482;299;282;249;34;0;26;135;50;65;6;17;5.6;182;62.1;58.6
881;Totaal personen;Zuid-Limburg (CR);2004;479;302;281;246;36;0;26;136;51;64;4;20;6.7;178;62.9;58.7
882;Totaal personen;Zuid-Limburg (CR);2005;476;300;279;242;37;0;27;134;53;59;5;22;7.2;176;63.0;58.5
883;Totaal personen;Zuid-Limburg (CR);2006;474;299;280;244;36;0;28;135;51;60;6;18;6.2;175;63.0;59.2
884;Totaal personen;Zuid-Limburg (CR);2007;471;301;285;248;37;0;29;137;51;62;6;16;5.2;170;63.9;60.6
885;Totaal personen;Zuid-Limburg (CR);2008;469;304;291;253;37;0;28;138;52;67;5;14;4.5;165;64.9;62.0
886;Totaal personen;Zuid-Limburg (CR);2009;467;304;287;248;40;0;25;137;51;70;4;16;5.4;163;65.0;61.5
887;Totaal personen;Zuid-Limburg (CR);2010;466;300;283;243;40;0;26;131;51;69;6;18;5.9;166;64.4;60.6
888;Totaal personen;Zuid-Limburg (CR);2011;465;300;283;244;39;0;27;129;51;70;6;16;5.4;166;64.4;60.9
889;Totaal personen;Zuid-Limburg (CR);2012;466;302;284;243;41;0;28;127;51;73;5;19;6.1;163;64.9;61.0
890;Totaal personen;Zuid-Limburg (CR);2013;466;304;281;236;45;0;28;126;49;72;6;23;7.6;162;65.2;60.2
891;Totaal personen;Zuid-Limburg (CR);2014;464;300;277;234;43;0;27;125;47;72;5;23;7.7;165;64.5;59.6
892;Totaal personen;Zuid-Limburg (CR);2015;461;301;280;235;45;0;27;130;45;74;3;21;7.0;161;65.2;60.6
893;Totaal personen;Zuid-Limburg (CR);2016;461;298;281;239;42;0;28;126;46;77;4;17;5.9;162;64.8;61.0
894;Totaal personen;Zuid-Limburg (CR);2017;461;296;281;237;44;0;28;126;46;75;6;15;5.0;165;64.3;61.1
895;Totaal personen;Zuid-Limburg (CR);2018;459;299;287;241;46;0;28;131;47;76;5;12;3.9;160;65.1;62.6
896;Totaal personen;Flevoland (CR);2003;258;185;175;155;20;0;15;82;32;45;2;9;5.0;74;71.5;67.9
897;Totaal personen;Flevoland (CR);2004;264;189;177;156;21;0;15;88;31;44;0;12;6.1;75;71.5;67.1
898;Totaal personen;Flevoland (CR);2005;269;193;180;159;21;0;15;89;32;43;1;13;7.0;76;71.9;66.9
899;Totaal personen;Flevoland (CR);2006;273;196;185;163;22;0;16;90;32;45;2;11;5.8;77;71.9;67.7
900;Totaal personen;Flevoland (CR);2007;276;202;194;169;24;0;18;95;33;47;1;9;4.4;74;73.2;70.0
901;Totaal personen;Flevoland (CR);2008;281;208;199;175;25;0;16;94;36;48;5;8;4.0;73;74.0;71.0
902;Totaal personen;Flevoland (CR);2009;285;210;200;175;25;0;16;95;36;49;5;10;4.8;74;73.9;70.3
903;Totaal personen;Flevoland (CR);2010;287;208;196;170;26;0;15;88;37;51;6;12;5.8;78;72.6;68.4
904;Totaal personen;Flevoland (CR);2011;290;209;197;170;27;0;19;88;37;50;4;12;5.5;81;72.1;68.1
905;Totaal personen;Flevoland (CR);2012;294;214;199;172;27;0;16;93;36;51;3;15;7.1;80;72.8;67.6
906;Totaal personen;Flevoland (CR);2013;298;217;198;170;27;0;18;87;34;55;4;19;8.9;81;72.9;66.4
907;Totaal personen;Flevoland (CR);2014;299;214;194;168;26;0;19;87;33;51;4;20;9.3;85;71.5;64.8
908;Totaal personen;Flevoland (CR);2015;300;215;198;169;29;0;20;86;32;56;4;16;7.7;85;71.5;66.0
909;Totaal personen;Flevoland (CR);2016;302;218;202;171;31;0;19;91;34;53;5;16;7.2;84;72.1;66.9
910;Totaal personen;Flevoland (CR);2017;306;219;207;177;30;0;18;94;35;56;4;12;5.6;87;71.7;67.7
911;Totaal personen;Flevoland (CR);2018;310;224;215;184;31;0;21;98;36;57;3;9;4.2;85;72.4;69.3
912;Totaal personen;Aa en Hunze;2003;19;12;12;10;2;0;1;5;2;3;0;1;4.2;6;66.0;63.2
913;Totaal personen;Aa en Hunze;2004;19;12;12;9;2;0;1;5;2;3;0;1;4.9;6;67.2;63.9
914;Totaal personen;Aa en Hunze;2005;19;12;12;9;2;0;1;5;2;3;0;1;5.2;6;66.6;63.2
915;Totaal personen;Aa en Hunze;2006;19;12;12;10;2;0;1;5;2;3;0;1;4.7;6;66.1;62.9
916;Totaal personen;Aa en Hunze;2007;19;12;12;10;2;0;1;6;2;3;0;0;3.7;6;66.4;64.0
917;Totaal personen;Aa en Hunze;2008;19;13;12;10;2;0;1;6;2;3;0;0;3.3;6;67.1;64.9
918;Totaal personen;Aa en Hunze;2009;19;13;12;10;3;0;1;6;2;4;0;1;3.9;6;68.5;65.9
919;Totaal personen;Aa en Hunze;2010;19;13;12;10;2;0;1;5;2;4;0;1;4.3;6;67.1;64.2
920;Totaal personen;Aa en Hunze;2011;19;13;12;10;2;0;1;5;2;4;0;1;4.2;6;67.1;64.3
921;Totaal personen;Aa en Hunze;2012;19;13;12;10;3;0;1;6;2;3;0;1;5.1;6;68.3;64.8
922;Totaal personen;Aa en Hunze;2013;19;13;12;10;3;0;1;5;2;3;0;1;6.2;6;67.7;63.5
923;Totaal personen;Aa en Hunze;2014;19;13;12;10;2;0;1;5;2;4;0;1;6.5;6;67.4;63.0
924;Totaal personen;Aa en Hunze;2015;19;13;12;10;2;0;1;5;2;4;0;1;6.0;6;67.5;63.4
925;Totaal personen;Aa en Hunze;2016;19;13;12;10;2;0;1;6;2;3;0;1;5.3;6;67.4;63.8
926;Totaal personen;Aa en Hunze;2017;19;13;12;10;2;0;1;6;2;3;0;1;4.5;6;68.2;65.2
927;Totaal personen;Aa en Hunze;2018;19;13;13;10;2;0;1;6;2;3;0;0;3.2;6;68.3;66.2
928;Totaal personen;Aalburg;2003;9;6;6;5;1;0;0;3;1;1;0;0;3.7;3;67.3;64.8
929;Totaal personen;Aalburg;2004;9;6;6;5;1;0;0;3;1;1;0;0;4.3;3;67.7;64.8
930;Totaal personen;Aalburg;2005;9;6;6;5;1;0;1;3;1;1;0;0;4.4;3;68.3;65.3
931;Totaal personen;Aalburg;2006;9;6;6;5;1;0;1;3;1;1;0;0;3.8;3;69.2;66.6
932;Totaal personen;Aalburg;2007;9;6;6;5;1;0;1;3;1;1;0;0;3.4;3;69.6;67.3
933;Totaal personen;Aalburg;2008;9;7;6;5;1;0;1;3;1;1;0;0;2.9;3;72.0;69.9
934;Totaal personen;Aalburg;2009;9;7;6;5;1;0;1;3;1;1;0;0;3.3;3;72.2;69.8
935;Totaal personen;Aalburg;2010;9;7;6;5;1;0;1;3;1;2;0;0;3.9;3;71.5;68.7
936;Totaal personen;Aalburg;2011;9;7;6;5;1;0;1;3;1;1;0;0;3.7;3;70.9;68.3
937;Totaal personen;Aalburg;2012;9;7;6;5;1;0;1;3;1;1;0;0;4.3;3;71.3;68.2
938;Totaal personen;Aalburg;2013;9;7;6;5;1;0;1;3;1;1;0;0;5.4;3;72.0;68.1
939;Totaal personen;Aalburg;2014;9;7;6;5;1;0;1;3;1;2;0;0;5.8;3;71.7;67.6
940;Totaal personen;Aalburg;2015;10;7;6;5;1;0;1;3;1;1;0;0;5.4;3;71.5;67.6
941;Totaal personen;Aalburg;2016;10;7;7;5;2;0;1;3;1;2;0;0;4.5;3;71.7;68.5
942;Totaal personen;Aalburg;2017;10;7;7;5;1;0;1;3;1;2;0;0;3.6;3;72.6;69.9
943;Totaal personen;Aalburg;2018;10;7;7;5;1;0;1;4;1;2;0;0;2.7;3;72.7;70.7
944;Totaal personen;Aalsmeer;2003;17;12;12;10;2;0;1;5;2;3;0;0;3.2;5;69.7;67.5
945;Totaal personen;Aalsmeer;2004;17;12;12;10;2;0;1;6;2;3;0;0;3.6;5;69.7;67.2
946;Totaal personen;Aalsmeer;2005;18;13;12;10;2;0;1;7;2;2;0;0;3.9;5;70.4;67.7
947;Totaal personen;Aalsmeer;2006;18;13;13;11;2;0;1;6;2;3;0;0;3.4;5;71.7;69.3
948;Totaal personen;Aalsmeer;2007;19;14;13;11;2;0;1;7;2;3;0;0;3.1;5;72.5;70.3
949;Totaal personen;Aalsmeer;2008;20;15;15;12;2;0;1;8;3;3;0;0;2.8;5;74.9;72.8
950;Totaal personen;Aalsmeer;2009;21;16;15;13;2;0;1;8;3;4;0;0;3.2;5;75.0;72.6
951;Totaal personen;Aalsmeer;2010;22;16;16;14;2;0;1;8;3;4;0;1;3.8;5;74.9;72.0
952;Totaal personen;Aalsmeer;2011;22;16;16;13;2;0;1;7;3;4;1;1;3.9;6;74.0;71.1
953;Totaal personen;Aalsmeer;2012;22;17;16;14;2;0;1;8;3;5;0;1;4.3;5;75.4;72.1
954;Totaal personen;Aalsmeer;2013;22;17;16;13;2;0;1;7;3;5;0;1;5.8;6;75.2;70.9
955;Totaal personen;Aalsmeer;2014;23;17;16;14;2;0;1;7;3;5;0;1;5.7;6;75.0;70.7
956;Totaal personen;Aalsmeer;2015;23;17;16;14;2;0;1;7;3;5;0;1;5.2;6;74.6;70.7
957;Totaal personen;Aalsmeer;2016;23;17;16;14;2;0;1;7;3;5;0;1;4.7;6;74.2;70.7
958;Totaal personen;Aalsmeer;2017;23;17;17;14;2;0;2;7;3;4;1;1;3.5;6;74.8;72.2
959;Totaal personen;Aalsmeer;2018;23;17;17;14;3;0;1;7;3;5;0;0;2.7;6;75.5;73.5
960;Totaal personen;Aalten;2003;20;13;13;11;2;0;1;7;2;2;0;1;3.9;7;66.9;64.3
961;Totaal personen;Aalten;2004;20;13;13;11;2;0;1;7;2;2;0;1;4.5;7;67.0;63.9
962;Totaal personen;Aalten;2005;20;14;13;11;2;0;1;8;2;2;0;1;4.7;7;67.4;64.3
963;Totaal personen;Aalten;2006;20;14;13;11;2;0;1;7;2;3;0;1;3.7;6;68.8;66.2
964;Totaal personen;Aalten;2007;20;14;14;12;2;0;1;7;2;3;0;0;3.4;6;69.7;67.3
965;Totaal personen;Aalten;2008;20;14;14;12;2;0;1;8;2;2;0;0;3.1;6;70.3;68.1
966;Totaal personen;Aalten;2009;20;14;13;12;2;0;1;7;2;2;0;1;3.9;6;69.0;66.3
967;Totaal personen;Aalten;2010;20;14;14;12;2;0;1;7;2;3;0;1;4.3;6;69.7;66.7
968;Totaal personen;Aalten;2011;20;14;13;12;2;0;2;7;2;2;0;1;4.0;6;69.4;66.7
969;Totaal personen;Aalten;2012;20;14;13;11;2;0;1;7;2;2;0;1;4.2;6;70.3;67.3
970;Totaal personen;Aalten;2013;20;14;13;11;2;0;1;7;2;3;0;1;5.5;6;71.3;67.4
971;Totaal personen;Aalten;2014;20;14;13;11;2;0;1;7;2;2;0;1;5.9;6;70.4;66.2
972;Totaal personen;Aalten;2015;20;14;13;11;2;0;2;7;2;3;0;1;5.2;6;70.5;66.8
973;Totaal personen;Aalten;2016;20;14;13;11;2;0;1;7;2;3;0;1;4.6;6;69.7;66.4
974;Totaal personen;Aalten;2017;20;14;14;12;2;0;2;7;2;3;0;1;3.8;6;70.8;68.1
975;Totaal personen;Aalten;2018;20;14;14;12;2;0;1;7;2;3;0;0;2.9;6;70.9;68.8
976;Totaal personen;Achtkarspelen;2003;21;13;13;11;2;0;1;7;2;2;0;1;5.7;8;62.9;59.3
977;Totaal personen;Achtkarspelen;2004;21;14;13;11;2;0;1;7;2;2;0;1;6.9;7;65.3;60.8
978;Totaal personen;Achtkarspelen;2005;21;14;13;11;2;0;1;8;2;2;0;1;6.5;7;65.9;61.6
979;Totaal personen;Achtkarspelen;2006;21;14;13;11;2;0;1;8;2;2;0;1;5.2;7;64.9;61.6
980;Totaal personen;Achtkarspelen;2007;21;14;14;11;3;0;1;8;2;2;0;1;4.2;7;67.6;64.8
981;Totaal personen;Achtkarspelen;2008;21;14;14;11;2;0;1;8;2;3;0;0;3.5;7;68.0;65.6
982;Totaal personen;Achtkarspelen;2009;21;14;14;11;3;0;1;7;2;3;0;1;4.3;7;67.7;64.8
983;Totaal personen;Achtkarspelen;2010;21;14;13;11;2;0;1;7;2;3;0;1;5.4;7;67.4;63.7
984;Totaal personen;Achtkarspelen;2011;21;14;13;11;2;0;1;7;2;2;0;1;5.5;7;67.7;63.9
985;Totaal personen;Achtkarspelen;2012;21;14;13;11;2;0;1;7;2;2;0;1;6.2;7;68.4;64.2
986;Totaal personen;Achtkarspelen;2013;21;14;13;11;2;0;1;7;2;2;0;1;7.7;6;69.3;64.0
987;Totaal personen;Achtkarspelen;2014;21;14;13;11;2;0;1;7;2;2;0;1;8.6;7;67.9;62.1
988;Totaal personen;Achtkarspelen;2015;21;14;13;11;2;0;1;7;2;2;0;1;7.2;7;68.3;63.4
989;Totaal personen;Achtkarspelen;2016;21;14;13;11;3;0;1;8;2;2;0;1;6.0;6;69.1;64.9
990;Totaal personen;Achtkarspelen;2017;21;14;14;11;2;0;1;8;2;2;0;1;4.6;7;68.5;65.4
991;Totaal personen;Achtkarspelen;2018;21;14;14;11;3;0;1;8;2;2;0;1;3.7;6;68.9;66.4
992;Totaal personen;Alblasserdam;2003;13;9;8;7;1;0;1;4;2;2;0;0;4.1;4;66.2;63.5
993;Totaal personen;Alblasserdam;2004;13;9;8;7;1;0;1;4;1;2;0;0;4.9;4;66.0;62.7
994;Totaal personen;Alblasserdam;2005;13;9;8;7;1;0;1;4;2;1;0;0;5.0;4;67.0;63.6
995;Totaal personen;Alblasserdam;2006;13;9;9;7;1;0;1;4;2;2;0;0;4.0;4;67.0;64.3
996;Totaal personen;Alblasserdam;2007;13;9;9;8;1;0;1;4;2;2;0;0;3.5;4;67.9;65.5
997;Totaal personen;Alblasserdam;2008;13;9;9;8;1;0;1;4;2;2;0;0;3.0;4;69.6;67.5
998;Totaal personen;Alblasserdam;2009;14;10;9;8;1;0;1;5;2;2;0;0;3.5;4;70.3;67.8
999;Totaal personen;Alblasserdam;2010;14;10;9;8;1;0;1;5;2;2;0;0;4.1;4;70.0;67.1
1000;Totaal personen;Alblasserdam;2011;14;10;9;8;1;0;1;5;2;2;0;0;4.0;4;69.8;67.0
1001;Totaal personen;Alblasserdam;2012;14;10;9;8;1;0;1;4;2;2;1;0;4.5;4;70.3;67.1
1002;Totaal personen;Alblasserdam;2013;14;10;10;8;1;0;1;4;2;2;0;1;5.7;4;71.3;67.2
1003;Totaal personen;Alblasserdam;2014;14;10;9;8;1;0;1;4;2;3;0;1;5.8;4;70.7;66.7
1004;Totaal personen;Alblasserdam;2015;14;10;9;8;1;0;1;4;2;2;1;1;5.2;4;71.0;67.3
1005;Totaal personen;Alblasserdam;2016;14;10;10;8;2;0;1;5;2;2;0;0;4.7;4;71.7;68.3
1006;Totaal personen;Alblasserdam;2017;14;10;10;8;2;0;1;5;2;2;0;0;4.1;4;72.0;69.0
1007;Totaal personen;Alblasserdam;2018;14;10;10;8;2;0;1;4;2;2;1;0;3.3;4;72.0;69.7
1008;Totaal personen;Albrandswaard;2003;14;10;9;8;1;0;1;4;2;3;0;0;3.5;4;70.8;68.3
1009;Totaal personen;Albrandswaard;2004;15;10;10;9;1;0;1;4;2;3;0;0;4.3;4;70.2;67.2
1010;Totaal personen;Albrandswaard;2005;15;11;10;9;1;0;1;4;2;4;0;0;4.5;4;71.2;68.0
1011;Totaal personen;Albrandswaard;2006;16;11;11;10;1;0;1;4;2;3;0;0;3.7;4;71.9;69.3
1012;Totaal personen;Albrandswaard;2007;16;12;11;10;1;0;1;5;2;3;0;0;3.1;4;73.7;71.4
1013;Totaal personen;Albrandswaard;2008;17;12;12;11;1;0;1;4;2;4;0;0;2.8;4;74.5;72.4
1014;Totaal personen;Albrandswaard;2009;17;13;12;11;1;0;1;5;2;4;0;0;3.3;4;74.2;71.7
1015;Totaal personen;Albrandswaard;2010;18;13;13;11;2;0;1;5;3;3;1;1;3.9;5;74.2;71.3
1016;Totaal personen;Albrandswaard;2011;18;13;13;11;1;0;1;5;3;4;0;1;3.9;5;74.3;71.4
1017;Totaal personen;Albrandswaard;2012;18;14;13;12;1;0;1;5;3;4;0;1;4.7;5;74.6;71.1
1018;Totaal personen;Albrandswaard;2013;18;14;13;11;2;0;1;5;2;4;1;1;6.0;5;74.4;69.9
1019;Totaal personen;Albrandswaard;2014;18;13;13;11;2;0;1;4;2;5;0;1;6.3;5;73.9;69.3
1020;Totaal personen;Albrandswaard;2015;18;13;12;11;2;0;1;5;2;5;0;1;5.8;5;73.1;68.9
1021;Totaal personen;Albrandswaard;2016;18;13;13;11;2;0;1;5;2;4;0;1;4.7;5;73.5;70.0
1022;Totaal personen;Albrandswaard;2017;18;14;13;11;2;0;1;5;2;4;0;1;3.9;5;73.8;71.0
1023;Totaal personen;Albrandswaard;2018;18;14;13;11;2;0;1;6;2;3;0;0;2.9;5;74.1;72.0
1024;Totaal personen;Alkmaar;2003;79;54;52;46;5;0;5;23;10;13;1;2;4.5;25;68.0;64.9
1025;Totaal personen;Alkmaar;2004;80;55;52;47;5;0;4;24;10;14;0;3;5.5;25;69.0;65.3
1026;Totaal personen;Alkmaar;2005;80;56;53;47;5;0;5;24;10;13;0;3;5.5;24;69.5;65.7
1027;Totaal personen;Alkmaar;2006;80;56;54;47;6;0;5;23;10;15;1;3;4.7;24;70.1;66.8
1028;Totaal personen;Alkmaar;2007;81;57;55;49;6;0;5;24;10;16;1;2;3.8;23;71.3;68.6
1029;Totaal personen;Alkmaar;2008;81;58;56;49;7;0;5;25;10;16;0;2;3.3;22;72.2;69.8
1030;Totaal personen;Alkmaar;2009;80;58;56;49;7;0;5;24;10;15;1;2;3.9;22;72.3;69.4
1031;Totaal personen;Alkmaar;2010;80;57;55;48;7;0;4;23;10;16;1;3;4.6;23;71.1;67.9
1032;Totaal personen;Alkmaar;2011;80;57;54;48;6;0;4;24;10;16;0;3;4.7;24;70.8;67.4
1033;Totaal personen;Alkmaar;2012;81;59;55;47;8;0;4;24;10;17;0;3;5.8;23;72.2;68.0
1034;Totaal personen;Alkmaar;2013;82;58;54;47;7;0;4;23;10;16;1;4;6.9;23;71.2;66.3
1035;Totaal personen;Alkmaar;2014;82;57;53;46;8;0;4;22;9;17;1;4;6.9;24;70.1;65.3
1036;Totaal personen;Alkmaar;2015;82;58;54;46;8;0;5;24;9;16;0;3;6.0;24;70.9;66.6
1037;Totaal personen;Alkmaar;2016;82;58;55;45;9;0;5;25;10;15;1;3;5.4;24;70.6;66.8
1038;Totaal personen;Alkmaar;2017;83;58;55;46;9;0;4;21;10;18;2;3;4.7;25;69.9;66.7
1039;Totaal personen;Alkmaar;2018;83;59;57;47;9;0;5;22;11;17;2;2;3.7;24;71.2;68.6
1040;Totaal personen;Almelo;2003;53;34;32;29;3;0;3;17;5;7;0;2;6.3;19;64.6;60.5
1041;Totaal personen;Almelo;2004;54;35;32;29;3;0;3;17;5;6;0;3;7.7;19;64.6;59.6
1042;Totaal personen;Almelo;2005;54;35;32;28;4;0;3;18;6;5;1;3;7.7;19;65.4;60.3
1043;Totaal personen;Almelo;2006;54;35;33;29;4;0;3;17;6;5;1;2;7.0;19;65.3;60.8
1044;Totaal personen;Almelo;2007;54;37;35;30;5;0;3;19;6;6;1;2;5.3;17;68.7;65.1
1045;Totaal personen;Almelo;2008;54;37;35;30;5;0;3;20;6;6;0;2;4.7;17;68.5;65.3
1046;Totaal personen;Almelo;2009;54;37;35;30;5;0;3;18;6;8;0;2;5.4;17;68.7;65.0
1047;Totaal personen;Almelo;2010;54;36;34;30;4;0;3;17;5;8;0;2;6.3;18;67.1;62.9
1048;Totaal personen;Almelo;2011;53;36;34;30;4;0;4;17;6;7;0;2;6.1;17;68.2;64.1
1049;Totaal personen;Almelo;2012;54;36;34;29;5;0;3;15;6;8;1;3;7.1;17;67.4;62.6
1050;Totaal personen;Almelo;2013;54;36;33;29;4;0;4;15;5;7;1;3;9.1;17;67.6;61.4
1051;Totaal personen;Almelo;2014;53;35;32;27;5;0;4;14;5;8;1;3;9.9;18;65.7;59.3
1052;Totaal personen;Almelo;2015;53;36;32;28;5;0;4;16;5;7;1;4;9.8;17;67.4;60.8
1053;Totaal personen;Almelo;2016;53;35;32;28;5;0;4;15;5;9;1;3;8.4;18;66.2;60.7
1054;Totaal personen;Almelo;2017;54;36;34;28;5;0;4;16;5;7;1;2;6.5;18;66.8;62.5
1055;Totaal personen;Almelo;2018;54;37;35;29;6;0;4;17;6;7;1;2;4.8;17;68.3;65.0
1056;Totaal personen;Almere;2003;122;90;85;78;7;0;7;38;16;23;1;5;5.3;33;73.3;69.4
1057;Totaal personen;Almere;2004;126;93;86;79;7;0;7;42;16;22;0;6;6.6;34;73.4;68.6
1058;Totaal personen;Almere;2005;129;96;88;80;8;0;6;43;17;22;0;7;7.7;34;74.0;68.3
1059;Totaal personen;Almere;2006;132;98;92;83;8;0;8;44;16;23;1;6;6.2;34;74.0;69.4
1060;Totaal personen;Almere;2007;135;101;96;87;10;0;9;46;17;24;0;5;4.6;34;75.1;71.6
1061;Totaal personen;Almere;2008;137;103;98;89;9;0;8;45;18;25;3;4;4.3;34;75.1;71.9
1062;Totaal personen;Almere;2009;139;104;98;88;10;0;7;45;18;26;2;6;5.3;35;74.8;70.8
1063;Totaal personen;Almere;2010;140;103;96;86;11;0;7;40;19;27;3;7;6.5;37;73.6;68.8
1064;Totaal personen;Almere;2011;142;104;97;85;12;0;9;42;19;26;2;6;5.9;39;72.8;68.5
1065;Totaal personen;Almere;2012;145;107;99;88;11;0;7;43;19;28;2;8;7.6;38;73.8;68.2
1066;Totaal personen;Almere;2013;147;110;99;87;11;0;8;42;17;31;1;11;10.1;38;74.5;67.0
1067;Totaal personen;Almere;2014;148;108;96;86;11;0;9;42;16;28;1;11;10.6;40;72.7;65.0
1068;Totaal personen;Almere;2015;149;107;98;86;12;0;9;42;16;30;1;9;8.6;41;72.2;66.0
1069;Totaal personen;Almere;2016;150;110;101;88;13;0;9;43;18;28;3;9;8.3;40;73.1;67.1
1070;Totaal personen;Almere;2017;153;111;104;90;14;0;9;45;18;31;1;7;6.1;42;72.5;68.0
1071;Totaal personen;Almere;2018;156;114;108;95;14;0;10;48;19;29;2;5;4.7;42;73.1;69.6
1072;Totaal personen;Alphen aan den Rijn;2003;78;57;55;48;6;0;4;27;11;13;0;2;3.8;21;72.7;69.9
1073;Totaal personen;Alphen aan den Rijn;2004;78;57;54;48;7;0;4;26;11;13;0;2;4.3;22;72.4;69.3
1074;Totaal personen;Alphen aan den Rijn;2005;78;57;54;48;6;0;5;26;10;12;0;3;4.6;22;72.4;69.1
1075;Totaal personen;Alphen aan den Rijn;2006;79;56;54;48;6;0;4;26;10;13;1;2;4.0;22;71.4;68.5
1076;Totaal personen;Alphen aan den Rijn;2007;79;58;56;49;7;0;5;25;11;14;1;2;3.4;21;73.0;70.6
1077;Totaal personen;Alphen aan den Rijn;2008;80;59;57;50;7;0;5;26;10;16;0;2;3.0;21;73.7;71.5
1078;Totaal personen;Alphen aan den Rijn;2009;80;59;57;49;8;0;4;27;10;15;0;2;3.6;21;74.0;71.4
1079;Totaal personen;Alphen aan den Rijn;2010;79;58;56;48;7;0;4;25;10;15;1;2;4.2;21;73.1;70.0
1080;Totaal personen;Alphen aan den Rijn;2011;79;57;55;48;7;0;4;26;10;15;1;2;4.1;22;72.4;69.4
1081;Totaal personen;Alphen aan den Rijn;2012;80;58;56;48;7;0;4;25;10;16;0;3;4.9;21;73.3;69.7
1082;Totaal personen;Alphen aan den Rijn;2013;80;58;55;48;7;0;5;23;10;17;1;3;5.9;22;72.9;68.6
1083;Totaal personen;Alphen aan den Rijn;2014;80;58;55;47;8;0;5;22;10;17;1;3;5.9;22;72.5;68.2
1084;Totaal personen;Alphen aan den Rijn;2015;80;58;55;47;8;0;5;22;10;18;1;3;5.5;22;72.5;68.5
1085;Totaal personen;Alphen aan den Rijn;2016;81;59;56;47;9;0;4;24;9;18;0;3;5.4;22;72.6;68.7
1086;Totaal personen;Alphen aan den Rijn;2017;82;59;57;49;8;0;4;27;10;16;0;2;4.0;23;72.4;69.5
1087;Totaal personen;Alphen aan den Rijn;2018;83;61;59;50;9;0;4;25;11;16;1;2;3.2;22;73.3;71.0
1088;Totaal personen;Alphen-Chaam;2003;7;5;5;4;1;0;0;3;1;1;0;0;3.5;2;67.3;65.0
1089;Totaal personen;Alphen-Chaam;2004;7;5;5;4;1;0;0;3;1;1;0;0;3.9;2;68.1;65.4
1090;Totaal personen;Alphen-Chaam;2005;7;5;5;4;1;0;0;2;1;1;0;0;3.9;2;68.4;65.7
1091;Totaal personen;Alphen-Chaam;2006;7;5;5;4;1;0;0;2;1;1;0;0;3.5;2;68.4;66.0
1092;Totaal personen;Alphen-Chaam;2007;7;5;5;4;1;0;0;2;1;1;0;0;3.1;2;69.7;67.5
1093;Totaal personen;Alphen-Chaam;2008;7;5;5;4;1;0;0;2;1;1;0;0;2.8;2;70.4;68.5
1094;Totaal personen;Alphen-Chaam;2009;7;5;5;4;1;0;0;3;1;1;0;0;3.2;2;70.9;68.6
1095;Totaal personen;Alphen-Chaam;2010;7;5;5;4;1;0;0;3;1;1;0;0;3.8;2;71.3;68.6
1096;Totaal personen;Alphen-Chaam;2011;7;5;5;4;1;0;0;3;1;1;0;0;3.6;2;70.1;67.6
1097;Totaal personen;Alphen-Chaam;2012;7;5;5;4;1;0;0;3;1;1;0;0;4.0;2;71.2;68.3
1098;Totaal personen;Alphen-Chaam;2013;7;5;5;4;1;0;1;3;1;1;0;0;5.3;2;71.2;67.5
1099;Totaal personen;Alphen-Chaam;2014;7;5;5;4;1;0;1;2;1;1;0;0;5.1;2;70.5;66.9
1100;Totaal personen;Alphen-Chaam;2015;7;5;5;4;1;0;1;2;1;1;0;0;4.9;2;70.9;67.4
1101;Totaal personen;Alphen-Chaam;2016;8;5;5;4;1;0;0;2;1;1;0;0;4.4;2;70.3;67.2
1102;Totaal personen;Alphen-Chaam;2017;8;5;5;4;1;0;1;2;1;1;0;0;3.7;2;70.0;67.4
1103;Totaal personen;Alphen-Chaam;2018;8;5;5;4;1;0;0;2;1;1;0;0;2.8;2;70.6;68.6
1104;Totaal personen;Ameland;2003;3;2;2;1;0;0;0;1;0;0;0;0;4.1;1;66.7;63.9
1105;Totaal personen;Ameland;2004;3;2;2;1;0;0;0;1;0;0;0;0;4.6;1;66.9;63.9
1106;Totaal personen;Ameland;2005;3;2;2;1;0;0;0;1;0;0;0;0;4.4;1;67.8;64.8
1107;Totaal personen;Ameland;2006;3;2;2;1;0;0;0;1;0;0;0;0;3.7;1;67.3;64.8
1108;Totaal personen;Ameland;2007;3;2;2;1;0;0;0;1;0;0;0;0;3.1;1;68.2;66.1
1109;Totaal personen;Ameland;2008;3;2;2;1;0;0;0;1;0;0;0;0;2.9;1;68.9;66.9
1110;Totaal personen;Ameland;2009;3;2;2;1;0;0;0;1;0;0;0;0;3.4;1;69.2;66.8
1111;Totaal personen;Ameland;2010;3;2;2;1;0;0;0;1;0;0;0;0;3.7;1;68.9;66.4
1112;Totaal personen;Ameland;2011;3;2;2;1;0;0;0;1;0;0;0;0;3.9;1;68.2;65.5
1113;Totaal personen;Ameland;2012;3;2;2;1;0;0;0;1;0;0;0;0;4.5;1;69.1;66.0
1114;Totaal personen;Ameland;2013;3;2;2;1;0;0;0;1;0;0;0;0;5.7;1;69.1;65.2
1115;Totaal personen;Ameland;2014;3;2;2;1;0;0;0;1;0;0;0;0;5.5;1;69.0;65.2
1116;Totaal personen;Ameland;2015;3;2;2;1;0;0;0;1;0;0;0;0;5.3;1;69.6;65.9
1117;Totaal personen;Ameland;2016;3;2;2;1;0;0;0;1;0;0;0;0;4.8;1;69.7;66.4
1118;Totaal personen;Ameland;2017;3;2;2;1;0;0;0;1;0;0;0;0;3.7;1;70.1;67.5
1119;Totaal personen;Ameland;2018;3;2;2;2;0;0;0;1;0;0;0;0;2.7;1;70.7;68.8
1120;Totaal personen;Amersfoort;2003;96;69;66;58;8;0;4;21;12;28;0;3;4.6;27;71.6;68.3
1121;Totaal personen;Amersfoort;2004;97;70;66;59;7;0;5;24;13;24;0;4;5.4;28;71.4;67.6
1122;Totaal personen;Amersfoort;2005;99;71;67;60;8;0;4;25;13;25;0;4;5.4;28;72.0;68.2
1123;Totaal personen;Amersfoort;2006;100;74;70;62;8;0;5;28;13;24;0;3;4.7;27;73.4;69.9
1124;Totaal personen;Amersfoort;2007;102;76;73;65;8;0;5;27;13;28;0;3;3.9;26;74.3;71.4
1125;Totaal personen;Amersfoort;2008;104;78;75;65;10;0;5;26;14;30;0;3;3.2;26;74.7;72.3
1126;Totaal personen;Amersfoort;2009;105;78;75;66;9;0;4;26;14;31;0;3;3.9;27;74.7;71.9
1127;Totaal personen;Amersfoort;2010;106;78;74;65;9;0;5;25;14;29;1;4;4.7;28;73.3;69.9
1128;Totaal personen;Amersfoort;2011;107;79;75;65;10;0;5;27;14;29;0;4;4.4;28;73.7;70.5
1129;Totaal personen;Amersfoort;2012;109;81;77;66;12;0;5;29;14;29;0;4;5.5;27;74.9;70.8
1130;Totaal personen;Amersfoort;2013;110;82;77;64;13;0;5;26;13;31;1;5;6.5;28;74.5;69.7
1131;Totaal personen;Amersfoort;2014;112;83;77;65;12;0;5;26;13;32;1;6;6.8;29;74.0;69.0
1132;Totaal personen;Amersfoort;2015;112;84;78;66;12;0;6;28;12;32;0;6;7.0;29;74.3;69.2
1133;Totaal personen;Amersfoort;2016;114;84;80;67;12;0;6;28;14;31;0;4;5.1;30;73.9;70.1
1134;Totaal personen;Amersfoort;2017;115;85;81;69;13;0;5;26;14;35;1;4;4.4;30;73.9;70.6
1135;Totaal personen;Amersfoort;2018;116;87;84;70;14;0;6;27;15;35;1;3;3.5;29;74.8;72.2
1136;Totaal personen;Amstelveen;2003;58;39;37;32;5;0;2;14;7;14;0;2;4.1;19;67.3;64.5
1137;Totaal personen;Amstelveen;2004;58;39;37;31;5;0;2;14;7;14;0;2;4.9;19;66.9;63.6
1138;Totaal personen;Amstelveen;2005;58;39;37;32;6;0;2;15;7;13;0;2;5.3;18;68.3;64.7
1139;Totaal personen;Amstelveen;2006;58;39;38;32;6;0;3;14;7;14;0;2;4.4;18;68.5;65.5
1140;Totaal personen;Amstelveen;2007;58;39;38;32;6;0;3;13;7;15;0;2;3.9;18;68.4;65.7
1141;Totaal personen;Amstelveen;2008;58;40;39;33;6;0;2;14;7;15;0;1;3.6;18;69.5;67.0
1142;Totaal personen;Amstelveen;2009;59;41;40;33;6;0;2;15;7;15;0;2;4.1;17;70.6;67.7
1143;Totaal personen;Amstelveen;2010;59;41;39;33;6;0;2;15;7;15;0;2;4.6;18;70.0;66.8
1144;Totaal personen;Amstelveen;2011;60;41;39;33;6;0;2;15;7;14;0;2;5.1;19;68.6;65.1
1145;Totaal personen;Amstelveen;2012;61;43;41;34;7;0;3;15;8;15;0;2;5.6;18;71.0;67.0
1146;Totaal personen;Amstelveen;2013;62;44;40;33;7;0;3;14;7;17;0;3;7.3;18;70.6;65.4
1147;Totaal personen;Amstelveen;2014;63;44;41;33;7;0;3;13;7;17;0;3;7.0;19;70.3;65.4
1148;Totaal personen;Amstelveen;2015;64;45;42;35;7;0;3;13;7;18;0;3;6.2;19;70.8;66.3
1149;Totaal personen;Amstelveen;2016;64;46;44;35;9;0;3;14;7;20;0;3;5.6;18;71.7;67.7
1150;Totaal personen;Amstelveen;2017;65;46;44;36;8;0;3;15;7;19;0;2;4.6;19;71.2;68.0
1151;Totaal personen;Amstelveen;2018;65;47;45;37;8;0;3;15;7;19;0;2;4.0;19;71.5;68.7
1152;Totaal personen;Amsterdam;2003;570;374;347;295;52;0;26;126;70;118;7;28;7.4;196;65.6;60.8
1153;Totaal personen;Amsterdam;2004;575;385;354;286;68;0;23;134;60;136;1;31;8.0;190;66.9;61.5
1154;Totaal personen;Amsterdam;2005;578;394;363;293;70;0;22;147;60;134;0;32;8.0;183;68.3;62.8
1155;Totaal personen;Amsterdam;2006;580;398;372;302;70;0;27;139;61;144;2;26;6.5;182;68.7;64.2
1156;Totaal personen;Amsterdam;2007;583;404;382;308;74;0;28;137;58;157;2;21;5.3;179;69.3;65.6
1157;Totaal personen;Amsterdam;2008;589;415;395;318;78;0;26;139;62;166;2;19;4.7;174;70.4;67.1
1158;Totaal personen;Amsterdam;2009;596;420;395;316;80;0;23;139;66;163;4;24;5.8;176;70.4;66.3
1159;Totaal personen;Amsterdam;2010;600;420;394;316;78;0;22;135;69;166;2;26;6.2;180;70.0;65.7
1160;Totaal personen;Amsterdam;2011;608;426;398;315;83;0;20;139;72;165;2;28;6.5;182;70.0;65.4
1161;Totaal personen;Amsterdam;2012;618;440;408;322;86;0;25;137;65;180;0;32;7.3;178;71.2;66.1
1162;Totaal personen;Amsterdam;2013;631;451;411;320;90;0;26;132;68;184;1;40;8.9;180;71.5;65.1
1163;Totaal personen;Amsterdam;2014;639;456;417;322;95;0;27;138;65;184;2;39;8.5;184;71.2;65.2
1164;Totaal personen;Amsterdam;2015;647;460;425;326;99;0;28;143;65;188;1;35;7.7;187;71.1;65.6
1165;Totaal personen;Amsterdam;2016;657;475;443;337;106;0;30;140;69;201;3;32;6.7;182;72.2;67.4
1166;Totaal personen;Amsterdam;2017;666;474;447;343;104;0;30;135;68;211;3;27;5.7;192;71.1;67.1
1167;Totaal personen;Amsterdam;2018;674;481;458;350;108;0;31;135;71;218;3;23;4.8;192;71.5;68.0
1168;Totaal personen;Apeldoorn;2003;115;79;76;68;8;0;6;35;14;20;1;3;4.2;35;69.2;66.3
1169;Totaal personen;Apeldoorn;2004;115;77;73;65;7;0;6;33;14;18;1;4;5.5;38;67.0;63.3
1170;Totaal personen;Apeldoorn;2005;115;77;73;65;8;0;6;34;13;18;1;4;5.4;38;67.2;63.5
1171;Totaal personen;Apeldoorn;2006;114;78;75;66;9;0;6;35;13;20;0;3;4.3;36;68.5;65.5
1172;Totaal personen;Apeldoorn;2007;114;80;77;69;9;0;7;34;14;21;1;3;3.8;34;70.5;67.9
1173;Totaal personen;Apeldoorn;2008;114;80;77;67;10;0;7;32;15;23;1;3;3.9;34;70.5;67.8
1174;Totaal personen;Apeldoorn;2009;114;80;77;66;11;0;6;31;15;23;1;3;3.8;34;69.8;67.2
1175;Totaal personen;Apeldoorn;2010;115;80;76;66;10;0;6;33;14;21;2;4;4.8;35;69.8;66.5
1176;Totaal personen;Apeldoorn;2011;115;80;76;67;9;0;6;32;15;21;2;4;4.8;35;69.4;66.1
1177;Totaal personen;Apeldoorn;2012;115;81;77;68;9;0;8;32;14;22;1;4;5.5;34;70.4;66.5
1178;Totaal personen;Apeldoorn;2013;116;83;78;66;12;0;8;31;14;24;2;5;6.5;33;71.7;67.0
1179;Totaal personen;Apeldoorn;2014;117;82;76;64;12;0;7;30;13;25;1;6;7.0;35;70.4;65.4
1180;Totaal personen;Apeldoorn;2015;117;82;77;65;11;0;7;32;12;25;1;5;6.3;35;69.8;65.4
1181;Totaal personen;Apeldoorn;2016;118;82;77;66;11;0;7;33;12;24;1;5;6.0;36;69.8;65.7
1182;Totaal personen;Apeldoorn;2017;119;84;80;69;11;0;8;34;14;23;1;4;4.6;35;70.7;67.4
1183;Totaal personen;Apeldoorn;2018;120;84;81;70;11;0;8;31;15;25;1;3;3.9;36;70.1;67.4
1184;Totaal personen;Appingedam;2003;9;6;5;5;1;0;1;3;1;1;0;0;6.3;3;62.5;58.5
1185;Totaal personen;Appingedam;2004;9;6;5;5;1;0;0;3;1;1;0;0;7.6;3;62.9;58.1
1186;Totaal personen;Appingedam;2005;9;6;5;5;1;0;1;3;1;1;0;0;8.1;3;63.7;58.6
1187;Totaal personen;Appingedam;2006;9;6;5;5;1;0;1;3;1;1;0;0;6.5;3;64.5;60.3
1188;Totaal personen;Appingedam;2007;9;6;5;5;1;0;1;3;1;1;0;0;5.2;3;64.7;61.3
1189;Totaal personen;Appingedam;2008;9;6;6;5;1;0;1;3;1;2;0;0;4.5;3;66.9;63.9
1190;Totaal personen;Appingedam;2009;9;6;6;5;1;0;0;3;1;1;0;0;5.4;3;67.7;64.0
1191;Totaal personen;Appingedam;2010;9;6;6;5;1;0;0;3;1;1;0;0;5.8;3;67.1;63.2
1192;Totaal personen;Appingedam;2011;9;6;6;5;1;0;0;3;1;1;0;0;5.6;3;66.7;63.0
1193;Totaal personen;Appingedam;2012;9;6;6;5;1;0;1;3;1;1;0;0;6.4;3;67.1;62.8
1194;Totaal personen;Appingedam;2013;9;6;5;5;1;0;1;3;1;1;0;0;8.3;3;67.0;61.4
1195;Totaal personen;Appingedam;2014;9;6;5;4;1;0;1;2;1;1;0;0;8.3;3;67.3;61.7
1196;Totaal personen;Appingedam;2015;9;6;5;4;1;0;1;3;1;1;0;0;7.9;3;67.2;61.9
1197;Totaal personen;Appingedam;2016;9;6;5;5;1;0;1;3;1;1;0;0;6.8;3;67.2;62.6
1198;Totaal personen;Appingedam;2017;9;6;6;5;1;0;1;3;1;1;0;0;5.4;3;66.7;63.1
1199;Totaal personen;Appingedam;2018;9;6;6;4;1;0;0;3;1;1;0;0;4.3;3;66.6;63.8
1200;Totaal personen;Arnhem;2003;108;71;66;59;7;0;6;28;11;21;1;5;7.0;37;66.1;61.5
1201;Totaal personen;Arnhem;2004;108;72;66;60;7;0;5;30;11;20;0;6;7.9;36;66.8;61.5
1202;Totaal personen;Arnhem;2005;108;73;67;58;8;0;5;28;10;23;0;6;8.3;36;67.1;61.5
1203;Totaal personen;Arnhem;2006;109;74;69;62;7;0;6;30;10;22;0;5;6.6;35;67.7;63.3
1204;Totaal personen;Arnhem;2007;110;77;73;63;10;0;7;31;11;24;0;4;5.6;33;70.3;66.3
1205;Totaal personen;Arnhem;2008;111;78;74;64;10;0;7;28;13;25;1;4;5.1;33;70.3;66.7
1206;Totaal personen;Arnhem;2009;112;80;75;64;11;0;7;26;13;29;0;4;5.3;33;70.9;67.2
1207;Totaal personen;Arnhem;2010;112;79;74;64;11;0;7;27;13;27;1;5;6.5;33;70.7;66.1
1208;Totaal personen;Arnhem;2011;113;80;74;63;11;0;7;29;13;26;0;5;6.5;33;70.5;65.9
1209;Totaal personen;Arnhem;2012;114;81;75;64;11;0;8;27;14;25;1;6;7.8;33;71.0;65.5
1210;Totaal personen;Arnhem;2013;115;82;75;62;13;0;7;27;13;27;1;7;8.6;33;71.4;65.3
1211;Totaal personen;Arnhem;2014;115;81;73;60;13;0;6;25;12;28;1;8;10.0;35;70.0;63.0
1212;Totaal personen;Arnhem;2015;116;81;74;62;12;0;6;27;12;29;0;7;9.2;35;70.0;63.6
1213;Totaal personen;Arnhem;2016;117;81;75;63;12;0;7;28;12;28;0;6;7.3;36;69.5;64.4
1214;Totaal personen;Arnhem;2017;119;83;78;65;13;0;7;31;13;27;1;5;6.1;36;69.7;65.4
1215;Totaal personen;Arnhem;2018;120;84;80;68;12;0;7;32;12;29;0;4;4.8;36;69.8;66.5
1216;Totaal personen;Assen;2003;45;31;29;26;4;0;3;13;6;8;0;2;5.5;13;69.9;66.1
1217;Totaal personen;Assen;2004;45;31;29;27;3;0;3;13;6;8;0;2;6.8;13;70.0;65.2
1218;Totaal personen;Assen;2005;45;31;29;26;3;0;3;12;6;7;1;2;7.7;14;69.2;63.9
1219;Totaal personen;Assen;2006;46;32;30;27;3;0;3;12;6;8;1;2;6.1;14;68.9;64.7
1220;Totaal personen;Assen;2007;47;33;32;28;4;0;3;13;6;8;1;2;4.8;14;70.9;67.5
1221;Totaal personen;Assen;2008;48;34;33;29;4;0;3;14;6;9;1;1;4.1;14;71.6;68.7
1222;Totaal personen;Assen;2009;48;35;33;29;5;0;3;15;6;8;1;2;4.8;13;72.1;68.7
1223;Totaal personen;Assen;2010;49;35;33;29;4;0;3;14;6;9;1;2;5.5;14;71.5;67.6
1224;Totaal personen;Assen;2011;49;34;32;29;3;0;3;13;6;9;1;2;5.1;15;69.9;66.3
1225;Totaal personen;Assen;2012;49;35;33;29;4;0;3;14;6;8;1;2;6.9;14;71.8;66.8
1226;Totaal personen;Assen;2013;49;35;32;28;4;0;3;13;6;9;2;3;7.5;14;71.1;65.8
1227;Totaal personen;Assen;2014;49;35;32;28;4;0;3;12;6;10;1;3;7.7;14;71.8;66.3
1228;Totaal personen;Assen;2015;49;35;32;28;4;0;3;13;6;9;1;3;7.8;14;71.1;65.6
1229;Totaal personen;Assen;2016;49;34;32;28;4;0;3;13;6;9;1;2;6.4;15;69.8;65.4
1230;Totaal personen;Assen;2017;50;35;33;28;5;0;3;14;6;9;1;2;5.2;14;71.0;67.3
1231;Totaal personen;Assen;2018;50;35;34;29;5;0;3;13;6;10;1;1;4.2;15;70.4;67.4
1232;Totaal personen;Asten;2003;12;8;8;7;1;0;1;4;1;1;0;0;3.8;4;68.4;65.8
1233;Totaal personen;Asten;2004;12;8;8;7;1;0;1;4;1;2;0;0;4.6;4;68.6;65.4
1234;Totaal personen;Asten;2005;12;8;8;7;1;0;1;4;1;2;0;0;4.5;4;68.8;65.7
1235;Totaal personen;Asten;2006;12;8;8;7;2;0;1;4;1;2;0;0;3.8;4;69.0;66.3
1236;Totaal personen;Asten;2007;12;8;8;7;1;0;1;4;1;2;0;0;3.5;4;69.1;66.7
1237;Totaal personen;Asten;2008;12;9;8;7;1;0;1;4;2;2;0;0;3.0;4;70.4;68.3
1238;Totaal personen;Asten;2009;12;9;8;7;2;0;1;4;2;2;0;0;3.6;4;71.1;68.6
1239;Totaal personen;Asten;2010;12;9;8;7;2;0;1;4;1;2;0;0;4.1;4;70.2;67.4
1240;Totaal personen;Asten;2011;12;9;8;7;1;0;1;4;2;2;0;0;3.8;4;70.4;67.7
1241;Totaal personen;Asten;2012;12;9;8;7;1;0;1;4;2;2;0;0;4.3;4;70.8;67.8
1242;Totaal personen;Asten;2013;13;9;8;7;2;0;1;4;1;2;0;1;5.7;4;71.6;67.5
1243;Totaal personen;Asten;2014;13;9;8;7;2;0;1;4;1;2;0;1;6.1;4;71.7;67.3
1244;Totaal personen;Asten;2015;13;9;8;7;2;0;1;4;1;2;0;1;5.8;4;71.5;67.4
1245;Totaal personen;Asten;2016;13;9;9;7;2;0;1;4;1;2;0;0;4.8;4;71.1;67.6
1246;Totaal personen;Asten;2017;13;9;9;7;2;0;1;4;1;2;0;0;4.0;4;71.3;68.5
1247;Totaal personen;Asten;2018;13;9;9;7;2;0;1;4;1;2;0;0;3.1;4;71.3;69.1
1248;Totaal personen;Baarle-Nassau;2003;5;3;3;3;1;0;0;2;1;1;0;0;4.0;2;63.4;60.9
1249;Totaal personen;Baarle-Nassau;2004;5;3;3;3;1;0;0;2;0;1;0;0;4.5;2;64.3;61.3
1250;Totaal personen;Baarle-Nassau;2005;5;3;3;3;1;0;0;2;0;1;0;0;4.5;2;64.7;61.8
1251;Totaal personen;Baarle-Nassau;2006;5;3;3;3;1;0;0;2;0;1;0;0;3.9;2;65.0;62.5
1252;Totaal personen;Baarle-Nassau;2007;5;3;3;3;1;0;0;2;1;0;0;0;3.7;2;65.4;63.0
1253;Totaal personen;Baarle-Nassau;2008;5;3;3;3;1;0;0;2;1;0;0;0;3.3;2;68.0;65.8
1254;Totaal personen;Baarle-Nassau;2009;5;3;3;3;1;0;0;2;1;1;0;0;3.8;2;66.8;64.2
1255;Totaal personen;Baarle-Nassau;2010;5;3;3;3;1;0;0;2;1;1;0;0;4.5;2;65.4;62.5
1256;Totaal personen;Baarle-Nassau;2011;5;3;3;3;1;0;0;2;1;1;0;0;4.3;2;65.2;62.4
1257;Totaal personen;Baarle-Nassau;2012;5;3;3;3;1;0;0;2;1;1;0;0;4.8;2;66.6;63.4
1258;Totaal personen;Baarle-Nassau;2013;5;3;3;2;1;0;0;2;1;1;0;0;6.2;2;66.4;62.3
1259;Totaal personen;Baarle-Nassau;2014;5;3;3;2;1;0;0;2;1;1;0;0;6.3;2;66.2;62.0
1260;Totaal personen;Baarle-Nassau;2015;5;3;3;2;1;0;0;1;0;1;0;0;6.1;2;66.3;62.3
1261;Totaal personen;Baarle-Nassau;2016;5;3;3;2;1;0;0;1;0;1;0;0;5.0;2;65.5;62.3
1262;Totaal personen;Baarle-Nassau;2017;5;3;3;2;1;0;0;2;0;1;0;0;4.0;2;65.1;62.5
1263;Totaal personen;Baarle-Nassau;2018;5;3;3;3;1;0;0;2;1;1;0;0;3.1;2;66.1;64.1
1264;Totaal personen;Baarn;2003;17;11;11;10;1;0;1;5;2;3;0;0;4.3;6;65.8;62.9
1265;Totaal personen;Baarn;2004;17;12;11;9;2;0;1;5;2;4;0;1;5.1;6;66.5;63.2
1266;Totaal personen;Baarn;2005;17;12;11;9;2;0;1;5;2;3;0;1;5.1;6;67.4;63.9
1267;Totaal personen;Baarn;2006;17;12;11;9;2;0;1;5;2;3;0;1;4.4;6;67.5;64.5
1268;Totaal personen;Baarn;2007;17;12;11;9;2;0;1;5;2;4;0;0;3.7;5;68.9;66.4
1269;Totaal personen;Baarn;2008;17;12;12;10;2;0;1;5;2;4;0;0;3.1;5;70.4;68.2
1270;Totaal personen;Baarn;2009;17;12;12;9;2;0;1;5;2;3;0;0;3.9;5;70.0;67.3
1271;Totaal personen;Baarn;2010;17;12;12;9;2;0;1;5;2;3;0;1;4.3;5;70.4;67.3
1272;Totaal personen;Baarn;2011;17;12;12;9;2;0;1;5;2;4;0;1;4.3;5;69.4;66.4
1273;Totaal personen;Baarn;2012;18;12;12;10;2;0;1;5;2;4;0;1;4.8;5;69.9;66.5
1274;Totaal personen;Baarn;2013;18;12;11;9;2;0;1;5;2;4;0;1;6.4;5;69.4;64.9
1275;Totaal personen;Baarn;2014;17;12;11;9;2;0;1;5;2;4;0;1;6.4;5;69.4;65.0
1276;Totaal personen;Baarn;2015;17;12;11;9;2;0;1;4;2;4;0;1;6.6;5;70.2;65.6
1277;Totaal personen;Baarn;2016;17;12;12;9;3;0;1;4;2;4;0;1;5.4;5;70.2;66.4
1278;Totaal personen;Baarn;2017;17;12;12;9;2;0;1;5;2;4;0;1;4.2;5;69.8;66.9
1279;Totaal personen;Baarn;2018;17;12;12;9;2;0;1;4;2;4;0;0;3.3;5;69.5;67.2
1280;Totaal personen;Barendrecht;2003;27;19;19;17;2;0;1;9;4;5;0;1;3.3;7;72.7;70.3
1281;Totaal personen;Barendrecht;2004;28;20;19;18;2;0;1;9;4;6;0;1;3.8;8;72.3;69.5
1282;Totaal personen;Barendrecht;2005;29;21;20;19;2;0;1;9;4;6;0;1;4.2;8;72.9;69.8
1283;Totaal personen;Barendrecht;2006;31;23;22;20;2;0;2;9;4;7;0;1;3.6;8;73.2;70.6
1284;Totaal personen;Barendrecht;2007;32;24;23;21;2;0;2;10;4;7;0;1;3.2;8;74.9;72.5
1285;Totaal personen;Barendrecht;2008;33;25;24;22;3;0;2;11;5;7;0;1;2.8;8;75.6;73.4
1286;Totaal personen;Barendrecht;2009;34;25;24;22;3;0;2;10;5;8;0;1;3.3;8;74.9;72.4
1287;Totaal personen;Barendrecht;2010;34;26;24;21;3;0;2;10;5;8;0;1;4.2;8;75.2;72.1
1288;Totaal personen;Barendrecht;2011;34;25;24;21;3;0;2;10;5;7;1;1;3.9;9;74.5;71.6
1289;Totaal personen;Barendrecht;2012;34;26;24;22;3;0;2;10;5;7;1;1;4.6;9;74.2;70.8
1290;Totaal personen;Barendrecht;2013;35;26;24;21;3;0;2;9;4;8;1;2;6.2;9;73.8;69.2
1291;Totaal personen;Barendrecht;2014;35;25;24;21;3;0;2;9;4;8;1;2;6.4;9;73.5;68.9
1292;Totaal personen;Barendrecht;2015;35;25;24;21;3;0;2;8;4;8;1;1;5.8;9;73.4;69.1
1293;Totaal personen;Barendrecht;2016;35;25;24;21;3;0;2;9;4;8;1;1;5.0;10;72.0;68.4
1294;Totaal personen;Barendrecht;2017;36;26;25;21;4;0;2;8;4;10;1;1;4.4;10;72.9;69.7
1295;Totaal personen;Barendrecht;2018;36;27;26;22;4;0;2;11;4;8;0;1;3.5;9;74.3;71.7
1296;Totaal personen;Barneveld;2003;35;23;23;19;3;0;2;11;4;5;0;1;3.7;12;66.7;64.2
1297;Totaal personen;Barneveld;2004;35;24;23;19;4;0;2;12;3;5;0;1;4.4;11;67.9;64.9
1298;Totaal personen;Barneveld;2005;36;24;23;19;4;0;2;13;3;4;0;1;4.7;11;68.2;65.0
1299;Totaal personen;Barneveld;2006;36;25;24;20;4;0;2;13;4;4;0;1;3.8;11;69.8;67.2
1300;Totaal personen;Barneveld;2007;36;26;25;21;4;0;2;14;4;4;0;1;3.3;10;71.9;69.5
1301;Totaal personen;Barneveld;2008;37;26;26;21;4;0;2;13;4;5;0;1;3.1;10;71.6;69.4
1302;Totaal personen;Barneveld;2009;37;27;26;21;4;0;2;13;5;6;0;1;3.3;10;71.9;69.5
1303;Totaal personen;Barneveld;2010;37;27;26;21;5;0;2;13;4;6;0;1;4.1;11;71.7;68.7
1304;Totaal personen;Barneveld;2011;38;27;26;21;5;0;2;13;4;6;0;1;3.7;11;71.1;68.4
1305;Totaal personen;Barneveld;2012;38;27;26;21;5;0;3;14;4;6;0;1;4.4;11;71.9;68.7
1306;Totaal personen;Barneveld;2013;38;28;26;21;5;0;3;14;4;5;0;1;5.3;11;72.5;68.7
1307;Totaal personen;Barneveld;2014;39;28;26;22;5;0;3;14;4;5;0;2;5.6;11;72.5;68.4
1308;Totaal personen;Barneveld;2015;39;28;27;23;4;0;3;14;4;6;0;1;4.7;11;72.2;68.8
1309;Totaal personen;Barneveld;2016;40;29;27;23;5;0;3;14;4;6;0;1;4.2;11;72.4;69.3
1310;Totaal personen;Barneveld;2017;40;29;28;23;5;0;3;14;4;7;0;1;3.6;11;72.5;69.9
1311;Totaal personen;Barneveld;2018;41;30;29;24;5;0;3;14;5;7;0;1;2.8;11;74.0;71.9
1312;Totaal personen;Bedum;2003;8;5;5;5;1;0;1;2;1;1;0;0;3.9;2;69.1;66.4
1313;Totaal personen;Bedum;2004;8;5;5;4;1;0;0;2;1;1;0;0;4.8;2;69.0;65.6
1314;Totaal personen;Bedum;2005;8;5;5;4;1;0;0;2;1;1;0;0;5.0;2;69.8;66.3
1315;Totaal personen;Bedum;2006;8;5;5;4;1;0;0;2;1;1;0;0;4.2;2;69.2;66.3
1316;Totaal personen;Bedum;2007;8;5;5;5;1;0;0;2;1;2;0;0;3.6;2;69.6;67.1
1317;Totaal personen;Bedum;2008;8;5;5;5;1;0;0;2;1;1;0;0;3.1;2;70.2;68.0
1318;Totaal personen;Bedum;2009;8;5;5;4;1;0;1;2;1;1;0;0;3.8;2;71.3;68.6
1319;Totaal personen;Bedum;2010;8;5;5;4;1;0;0;2;1;1;0;0;4.3;2;70.7;67.7
1320;Totaal personen;Bedum;2011;8;5;5;4;1;0;0;3;1;1;0;0;4.2;2;69.9;66.9
1321;Totaal personen;Bedum;2012;8;6;5;4;1;0;0;3;1;1;0;0;4.9;2;70.4;66.9
1322;Totaal personen;Bedum;2013;8;5;5;4;1;0;0;3;1;1;0;0;6.3;2;69.4;65.0
1323;Totaal personen;Bedum;2014;8;5;5;4;1;0;0;3;1;1;0;0;6.3;2;69.9;65.5
1324;Totaal personen;Bedum;2015;8;5;5;4;1;0;0;2;1;1;0;0;5.7;2;69.8;65.8
1325;Totaal personen;Bedum;2016;8;5;5;4;1;0;0;2;1;1;0;0;5.4;2;69.8;66.0
1326;Totaal personen;Bedum;2017;8;5;5;4;1;0;0;2;1;2;0;0;4.4;2;69.7;66.6
1327;Totaal personen;Bedum;2018;8;5;5;4;1;0;0;2;1;1;0;0;3.6;2;70.0;67.5
1328;Totaal personen;Beek (L.);2003;13;8;8;7;1;0;1;4;2;2;0;0;4.2;5;64.2;61.5
1329;Totaal personen;Beek (L.);2004;13;8;8;7;1;0;1;3;2;2;0;0;5.0;5;64.5;61.3
1330;Totaal personen;Beek (L.);2005;13;8;8;7;1;0;1;3;2;2;1;0;5.7;5;64.6;60.9
1331;Totaal personen;Beek (L.);2006;13;8;8;7;1;0;1;3;1;2;0;0;4.9;4;65.2;62.0
1332;Totaal personen;Beek (L.);2007;13;8;8;7;1;0;1;3;1;2;0;0;4.1;4;65.7;63.0
1333;Totaal personen;Beek (L.);2008;13;8;8;7;1;0;1;4;1;3;0;0;3.6;4;66.9;64.4
1334;Totaal personen;Beek (L.);2009;13;9;8;7;1;0;1;4;1;2;0;0;4.4;4;67.7;64.8
1335;Totaal personen;Beek (L.);2010;13;8;8;7;1;0;1;4;2;2;0;0;4.9;4;66.7;63.4
1336;Totaal personen;Beek (L.);2011;13;8;8;7;1;0;1;3;1;2;0;0;4.5;4;67.0;64.0
1337;Totaal personen;Beek (L.);2012;13;8;8;7;1;0;1;3;1;2;0;0;5.1;4;67.7;64.2
1338;Totaal personen;Beek (L.);2013;13;9;8;7;1;0;1;3;1;2;0;1;6.4;4;68.4;64.0
1339;Totaal personen;Beek (L.);2014;12;8;8;7;1;0;1;3;1;2;0;1;6.2;4;67.6;63.4
1340;Totaal personen;Beek (L.);2015;12;8;8;7;1;0;1;3;1;2;0;1;6.0;4;67.6;63.5
1341;Totaal personen;Beek (L.);2016;12;8;8;7;1;0;1;3;1;2;0;0;5.1;4;67.3;63.8
1342;Totaal personen;Beek (L.);2017;12;8;8;7;1;0;1;3;1;3;0;0;3.9;4;68.2;65.6
1343;Totaal personen;Beek (L.);2018;12;8;8;7;1;0;1;4;1;2;0;0;3.4;4;68.3;66.0
1344;Totaal personen;Beemster;2003;6;4;4;3;1;0;0;2;1;1;0;0;3.2;2;67.8;65.6
1345;Totaal personen;Beemster;2004;6;4;4;3;1;0;0;2;1;1;0;0;3.8;2;67.4;64.9
1346;Totaal personen;Beemster;2005;6;4;4;3;1;0;0;2;1;1;0;0;3.8;2;68.3;65.7
1347;Totaal personen;Beemster;2006;6;4;4;3;1;0;0;2;1;1;0;0;3.3;2;68.6;66.3
1348;Totaal personen;Beemster;2007;6;4;4;3;1;0;0;2;1;1;0;0;3.0;2;69.3;67.2
1349;Totaal personen;Beemster;2008;6;4;4;3;1;0;0;2;1;1;0;0;2.8;2;70.2;68.2
1350;Totaal personen;Beemster;2009;6;4;4;4;1;0;0;2;1;1;0;0;3.2;2;70.5;68.2
1351;Totaal personen;Beemster;2010;6;4;4;3;1;0;0;2;1;1;0;0;3.6;2;70.2;67.7
1352;Totaal personen;Beemster;2011;6;4;4;3;1;0;0;2;1;1;0;0;3.5;2;69.9;67.4
1353;Totaal personen;Beemster;2012;7;5;4;3;1;0;0;2;1;1;0;0;4.1;2;69.7;66.9
1354;Totaal personen;Beemster;2013;7;5;4;3;1;0;0;2;1;1;0;0;5.4;2;70.0;66.2
1355;Totaal personen;Beemster;2014;7;5;4;3;1;0;0;2;1;1;0;0;5.2;2;69.8;66.1
1356;Totaal personen;Beemster;2015;7;5;4;4;1;0;0;2;1;1;0;0;4.8;2;70.3;66.9
1357;Totaal personen;Beemster;2016;7;5;4;4;1;0;0;2;1;1;0;0;4.3;2;70.4;67.4
1358;Totaal personen;Beemster;2017;7;5;5;4;1;0;0;2;1;1;0;0;3.4;2;71.0;68.6
1359;Totaal personen;Beemster;2018;7;5;5;4;1;0;0;2;1;2;0;0;2.7;2;72.0;70.1
1360;Totaal personen;Beesel;2003;10;7;7;6;1;0;1;3;1;1;0;0;4.4;3;68.1;65.1
1361;Totaal personen;Beesel;2004;10;7;7;6;1;0;1;4;1;1;0;0;5.2;3;67.7;64.2
1362;Totaal personen;Beesel;2005;10;7;7;6;1;0;1;4;1;1;0;0;5.3;3;68.0;64.4
1363;Totaal personen;Beesel;2006;10;7;7;6;1;0;1;4;1;1;0;0;4.7;3;68.8;65.6
1364;Totaal personen;Beesel;2007;10;7;7;6;1;0;1;4;1;1;0;0;3.9;3;68.4;65.7
1365;Totaal personen;Beesel;2008;10;7;7;6;1;0;1;4;1;1;0;0;3.2;3;71.0;68.7
1366;Totaal personen;Beesel;2009;11;7;7;6;1;0;1;4;1;1;0;0;4.4;3;69.7;66.6
1367;Totaal personen;Beesel;2010;10;7;7;6;1;0;1;3;1;2;0;0;5.0;3;69.6;66.1
1368;Totaal personen;Beesel;2011;10;7;7;6;1;0;1;3;1;1;0;0;4.4;3;69.1;66.0
1369;Totaal personen;Beesel;2012;10;7;7;6;1;0;1;3;1;2;0;0;5.3;3;69.4;65.7
1370;Totaal personen;Beesel;2013;10;7;7;6;1;0;1;4;1;1;0;0;6.6;3;70.4;65.8
1371;Totaal personen;Beesel;2014;10;7;7;6;1;0;1;3;1;1;0;0;6.7;3;70.0;65.3
1372;Totaal personen;Beesel;2015;10;7;7;6;1;0;1;3;1;1;0;0;6.5;3;70.6;66.0
1373;Totaal personen;Beesel;2016;10;7;7;6;1;0;1;3;1;2;0;0;5.8;3;69.4;65.4
1374;Totaal personen;Beesel;2017;10;7;7;6;1;0;1;4;1;1;0;0;4.3;3;70.0;67.0
1375;Totaal personen;Beesel;2018;10;7;7;6;1;0;1;3;1;2;0;0;3.3;3;69.9;67.6
1376;Totaal personen;Berg en Dal;2003;25;16;16;14;2;0;1;8;3;4;0;1;4.2;9;65.8;63.1
1377;Totaal personen;Berg en Dal;2004;25;17;16;14;2;0;1;8;3;3;0;1;4.9;8;66.5;63.3
1378;Totaal personen;Berg en Dal;2005;25;17;16;14;2;0;1;9;3;3;0;1;5.1;8;67.2;63.8
1379;Totaal personen;Berg en Dal;2006;25;17;16;14;2;0;1;8;3;4;0;1;4.4;8;67.5;64.5
1380;Totaal personen;Berg en Dal;2007;25;17;17;14;2;0;2;8;3;5;0;1;3.8;8;69.1;66.4
1381;Totaal personen;Berg en Dal;2008;25;18;17;14;2;0;2;8;3;4;0;1;3.4;8;69.9;67.5
1382;Totaal personen;Berg en Dal;2009;25;18;17;14;2;0;1;9;3;3;0;1;3.9;8;69.6;66.9
1383;Totaal personen;Berg en Dal;2010;25;17;17;14;2;0;2;8;3;4;0;1;4.7;8;69.0;65.8
1384;Totaal personen;Berg en Dal;2011;25;17;16;14;2;0;2;8;3;3;1;1;4.6;8;68.2;65.1
1385;Totaal personen;Berg en Dal;2012;25;18;17;14;2;0;2;8;3;3;0;1;5.4;8;69.0;65.3
1386;Totaal personen;Berg en Dal;2013;26;18;17;14;3;0;2;8;3;4;0;1;6.8;8;70.2;65.4
1387;Totaal personen;Berg en Dal;2014;26;18;16;14;3;0;2;8;3;4;0;1;7.0;8;68.9;64.1
1388;Totaal personen;Berg en Dal;2015;26;18;16;14;3;0;2;7;3;5;0;1;6.2;8;68.5;64.3
1389;Totaal personen;Berg en Dal;2016;26;18;17;14;2;0;2;7;3;5;0;1;5.3;8;67.8;64.2
1390;Totaal personen;Berg en Dal;2017;26;18;17;14;3;0;1;8;3;4;0;1;4.6;8;68.4;65.3
1391;Totaal personen;Berg en Dal;2018;26;18;17;14;3;0;2;9;3;4;0;1;3.6;8;68.3;65.9
1392;Totaal personen;Bergeijk;2003;14;9;9;7;2;0;1;5;2;2;0;0;3.9;4;68.8;66.1
1393;Totaal personen;Bergeijk;2004;14;9;9;7;1;0;1;4;2;2;0;0;4.6;4;67.5;64.4
1394;Totaal personen;Bergeijk;2005;14;9;9;7;2;0;1;5;1;2;0;0;4.4;4;68.6;65.6
1395;Totaal personen;Bergeijk;2006;14;9;9;7;2;0;1;5;1;2;0;0;3.7;4;69.1;66.5
1396;Totaal personen;Bergeijk;2007;14;10;9;8;2;0;1;5;2;1;0;0;3.3;4;70.8;68.5
1397;Totaal personen;Bergeijk;2008;14;10;9;8;2;0;1;5;2;2;0;0;2.8;4;70.7;68.7
1398;Totaal personen;Bergeijk;2009;14;10;9;8;1;0;1;4;2;3;0;0;3.5;4;70.9;68.4
1399;Totaal personen;Bergeijk;2010;14;10;9;8;1;0;1;5;2;2;0;0;4.0;4;70.7;67.8
1400;Totaal personen;Bergeijk;2011;14;9;9;8;1;0;1;5;2;2;0;0;3.9;4;69.8;67.1
1401;Totaal personen;Bergeijk;2012;14;10;9;8;2;0;1;5;2;2;0;0;4.0;4;70.7;67.8
1402;Totaal personen;Bergeijk;2013;14;10;9;8;2;0;1;5;2;2;0;1;5.6;4;70.5;66.5
1403;Totaal personen;Bergeijk;2014;14;10;9;8;2;0;1;5;2;2;0;1;5.8;4;70.9;66.8
1404;Totaal personen;Bergeijk;2015;14;10;9;8;2;0;1;5;2;2;0;1;5.4;4;72.0;68.1
1405;Totaal personen;Bergeijk;2016;14;10;10;8;1;0;1;5;2;2;0;0;4.5;4;71.5;68.2
1406;Totaal personen;Bergeijk;2017;14;10;10;8;2;0;1;4;2;3;0;0;3.4;4;70.7;68.3
1407;Totaal personen;Bergeijk;2018;14;10;10;8;1;0;1;5;2;2;0;0;2.7;4;71.1;69.2
1408;Totaal personen;Bergen (L.);2003;10;7;7;6;1;0;1;4;1;1;0;0;4.0;3;68.1;65.4
1409;Totaal personen;Bergen (L.);2004;10;7;7;6;1;0;1;4;1;1;0;0;4.7;3;68.3;65.1
1410;Totaal personen;Bergen (L.);2005;10;7;7;6;1;0;1;4;1;1;0;0;4.7;3;68.8;65.6
1411;Totaal personen;Bergen (L.);2006;10;7;7;6;1;0;1;4;1;1;0;0;4.2;3;68.7;65.8
1412;Totaal personen;Bergen (L.);2007;10;7;7;6;1;0;1;4;1;1;0;0;3.6;3;69.1;66.6
1413;Totaal personen;Bergen (L.);2008;10;7;7;6;1;0;1;4;1;1;0;0;3.3;3;69.3;67.0
1414;Totaal personen;Bergen (L.);2009;10;7;7;6;1;0;1;3;1;1;0;0;4.0;3;69.2;66.4
1415;Totaal personen;Bergen (L.);2010;10;7;7;6;1;0;1;3;1;1;0;0;4.4;3;69.4;66.3
1416;Totaal personen;Bergen (L.);2011;10;7;7;6;1;0;1;3;1;1;0;0;4.3;3;68.6;65.7
1417;Totaal personen;Bergen (L.);2012;10;7;7;6;1;0;1;4;1;1;0;0;4.7;3;70.0;66.7
1418;Totaal personen;Bergen (L.);2013;10;7;7;6;1;0;1;3;1;1;0;0;6.4;3;69.9;65.4
1419;Totaal personen;Bergen (L.);2014;10;7;7;6;1;0;1;4;1;1;0;0;6.4;3;70.3;65.8
1420;Totaal personen;Bergen (L.);2015;10;7;7;6;1;0;1;4;1;1;0;0;5.9;3;71.0;66.9
1421;Totaal personen;Bergen (L.);2016;10;7;7;6;1;0;1;3;1;1;0;0;5.2;3;69.4;65.8
1422;Totaal personen;Bergen (L.);2017;10;7;7;6;1;0;1;3;1;1;0;0;4.3;3;69.6;66.6
1423;Totaal personen;Bergen (L.);2018;10;7;7;6;1;0;1;4;1;1;0;0;3.3;3;69.7;67.4
1424;Totaal personen;Bergen (NH.);2003;23;15;14;12;3;0;1;7;3;4;0;1;3.6;9;62.7;60.5
1425;Totaal personen;Bergen (NH.);2004;23;15;14;11;3;0;1;8;2;4;0;1;4.2;8;63.8;61.2
1426;Totaal personen;Bergen (NH.);2005;23;15;14;12;3;0;1;7;2;4;0;1;4.3;8;64.8;62.0
1427;Totaal personen;Bergen (NH.);2006;23;15;15;11;3;0;1;6;2;5;0;1;3.7;8;65.5;63.1
1428;Totaal personen;Bergen (NH.);2007;23;15;15;11;4;0;1;6;2;5;0;0;3.3;8;65.7;63.5
1429;Totaal personen;Bergen (NH.);2008;23;15;15;12;3;0;1;7;2;4;0;0;2.9;8;65.9;64.0
1430;Totaal personen;Bergen (NH.);2009;23;15;14;12;3;0;1;6;2;5;0;1;3.5;8;65.2;62.9
1431;Totaal personen;Bergen (NH.);2010;23;15;14;11;3;0;1;6;2;4;0;1;3.9;8;64.3;61.8
1432;Totaal personen;Bergen (NH.);2011;22;14;14;11;3;0;1;6;3;4;0;1;3.8;8;64.0;61.6
1433;Totaal personen;Bergen (NH.);2012;22;14;14;11;3;0;1;6;3;4;0;1;4.3;8;64.2;61.5
1434;Totaal personen;Bergen (NH.);2013;22;14;14;11;3;0;1;6;2;4;0;1;5.8;8;65.3;61.5
1435;Totaal personen;Bergen (NH.);2014;22;14;13;10;3;0;1;5;2;5;0;1;6.0;8;64.4;60.6
1436;Totaal personen;Bergen (NH.);2015;22;14;13;10;3;0;1;5;2;4;0;1;5.1;8;64.3;61.0
1437;Totaal personen;Bergen (NH.);2016;22;14;13;10;3;0;1;5;2;4;0;1;4.3;8;64.8;62.0
1438;Totaal personen;Bergen (NH.);2017;22;14;14;10;3;0;1;6;2;4;0;1;3.8;8;64.8;62.3
1439;Totaal personen;Bergen (NH.);2018;22;14;14;11;3;0;1;6;2;4;1;0;3.4;8;65.1;62.9
1440;Totaal personen;Bergen op Zoom;2003;49;33;31;28;3;0;3;15;6;6;1;2;5.2;17;66.5;63.0
1441;Totaal personen;Bergen op Zoom;2004;49;33;31;28;3;0;3;16;6;5;1;2;6.3;16;67.1;62.9
1442;Totaal personen;Bergen op Zoom;2005;49;33;31;27;4;0;3;15;6;6;0;2;6.0;16;66.7;62.7
1443;Totaal personen;Bergen op Zoom;2006;49;33;31;27;4;0;3;14;6;7;1;2;5.2;16;67.5;64.0
1444;Totaal personen;Bergen op Zoom;2007;49;34;32;28;4;0;4;14;7;7;1;1;4.2;15;68.5;65.6
1445;Totaal personen;Bergen op Zoom;2008;49;34;33;28;5;0;3;15;6;8;1;1;3.8;15;69.4;66.7
1446;Totaal personen;Bergen op Zoom;2009;50;34;33;28;5;0;3;15;6;8;1;2;4.6;15;69.6;66.4
1447;Totaal personen;Bergen op Zoom;2010;50;34;32;28;4;0;3;15;6;6;1;2;5.6;16;68.4;64.6
1448;Totaal personen;Bergen op Zoom;2011;50;34;32;28;5;0;3;15;6;6;1;2;5.1;16;68.7;65.2
1449;Totaal personen;Bergen op Zoom;2012;50;34;32;27;5;0;3;15;6;7;1;2;5.8;15;69.0;65.0
1450;Totaal personen;Bergen op Zoom;2013;50;34;32;28;4;0;4;13;6;8;1;2;7.1;16;68.6;63.8
1451;Totaal personen;Bergen op Zoom;2014;50;35;32;27;5;0;4;14;5;9;0;3;7.4;15;69.2;64.1
1452;Totaal personen;Bergen op Zoom;2015;50;34;31;26;5;0;3;15;5;7;1;3;7.7;16;67.9;62.7
1453;Totaal personen;Bergen op Zoom;2016;50;34;31;26;5;0;3;14;5;9;1;2;6.7;16;67.4;62.8
1454;Totaal personen;Bergen op Zoom;2017;50;34;32;27;5;0;3;14;5;9;1;2;5.3;16;67.5;63.9
1455;Totaal personen;Bergen op Zoom;2018;50;34;32;28;5;0;3;16;5;8;0;1;4.0;16;68.0;65.3
1456;Totaal personen;Berkelland;2003;35;23;22;19;3;0;2;12;4;5;0;1;3.8;12;66.7;64.2
1457;Totaal personen;Berkelland;2004;34;23;22;19;3;0;2;12;4;4;0;1;4.4;11;67.2;64.2
1458;Totaal personen;Berkelland;2005;33;23;22;18;4;0;2;12;4;4;0;1;4.6;11;68.1;64.9
1459;Totaal personen;Berkelland;2006;33;23;22;18;4;0;2;12;4;3;0;1;3.8;11;68.5;65.9
1460;Totaal personen;Berkelland;2007;33;23;23;19;4;0;3;12;4;4;0;1;3.2;10;70.2;67.9
1461;Totaal personen;Berkelland;2008;33;24;23;19;4;0;2;13;4;4;0;1;3.0;10;70.5;68.4
1462;Totaal personen;Berkelland;2009;33;23;22;19;3;0;2;12;4;5;0;1;3.7;10;69.0;66.5
1463;Totaal personen;Berkelland;2010;33;23;22;18;4;0;2;12;4;4;0;1;4.2;10;70.0;67.1
1464;Totaal personen;Berkelland;2011;33;23;22;19;3;0;2;12;4;4;0;1;3.9;10;69.2;66.5
1465;Totaal personen;Berkelland;2012;33;23;22;19;3;0;3;11;4;4;0;1;4.3;10;70.3;67.3
1466;Totaal personen;Berkelland;2013;33;23;22;18;3;0;2;11;4;4;0;1;6.0;10;69.7;65.5
1467;Totaal personen;Berkelland;2014;33;23;22;18;3;0;2;11;4;4;0;1;6.4;10;69.9;65.4
1468;Totaal personen;Berkelland;2015;33;23;22;18;4;0;2;11;4;5;0;1;5.7;10;70.1;66.1
1469;Totaal personen;Berkelland;2016;33;23;22;18;4;0;2;11;4;4;0;1;4.8;10;68.6;65.3
1470;Totaal personen;Berkelland;2017;33;23;22;18;4;0;3;11;4;5;0;1;3.8;10;69.6;66.9
1471;Totaal personen;Berkelland;2018;33;23;22;19;3;0;3;11;4;5;0;1;3.1;10;69.7;67.5
1472;Totaal personen;Bernheze;2003;22;15;14;12;2;0;1;7;2;3;0;1;3.8;7;69.3;66.7
1473;Totaal personen;Bernheze;2004;22;15;14;12;2;0;1;8;2;3;0;1;4.2;7;69.2;66.3
1474;Totaal personen;Bernheze;2005;22;15;15;12;2;0;1;8;2;3;0;1;4.1;7;69.8;66.9
1475;Totaal personen;Bernheze;2006;22;15;15;13;2;0;2;8;2;3;0;1;3.7;7;70.0;67.5
1476;Totaal personen;Bernheze;2007;22;16;15;12;3;0;1;8;2;3;0;0;3.0;6;72.2;70.0
1477;Totaal personen;Bernheze;2008;22;16;15;13;3;0;1;8;3;3;0;0;2.7;6;72.8;70.8
1478;Totaal personen;Bernheze;2009;22;16;15;13;3;0;1;8;3;4;0;1;3.3;6;73.4;71.0
1479;Totaal personen;Bernheze;2010;22;16;15;12;3;0;1;8;3;3;0;1;3.9;6;72.9;70.1
1480;Totaal personen;Bernheze;2011;22;16;15;13;3;0;1;8;3;3;0;1;3.6;6;72.2;69.6
1481;Totaal personen;Bernheze;2012;22;16;15;13;3;0;1;8;3;3;0;1;4.4;6;72.4;69.3
1482;Totaal personen;Bernheze;2013;22;16;15;12;3;0;1;8;3;4;0;1;5.8;6;72.4;68.2
1483;Totaal personen;Bernheze;2014;22;16;15;12;3;0;1;7;2;4;0;1;5.8;6;71.5;67.3
1484;Totaal personen;Bernheze;2015;22;16;15;12;3;0;1;7;2;4;0;1;5.4;6;72.1;68.3
1485;Totaal personen;Bernheze;2016;22;16;15;13;3;0;1;7;2;4;0;1;4.5;6;72.2;69.0
1486;Totaal personen;Bernheze;2017;23;16;16;13;3;0;1;7;3;5;0;1;3.8;6;72.2;69.5
1487;Totaal personen;Bernheze;2018;23;17;16;14;3;0;1;8;3;4;0;0;3.0;6;73.1;70.9
1488;Totaal personen;Best;2003;21;15;15;13;2;0;1;7;3;4;0;1;3.9;6;71.8;69.0
1489;Totaal personen;Best;2004;22;15;14;13;1;0;1;6;3;5;0;1;4.7;7;69.8;66.5
1490;Totaal personen;Best;2005;22;15;15;13;2;0;1;6;2;5;0;1;4.7;6;70.9;67.5
1491;Totaal personen;Best;2006;22;16;15;13;2;0;1;7;2;4;0;1;4.1;6;71.7;68.8
1492;Totaal personen;Best;2007;22;16;15;13;2;0;1;7;3;4;0;1;3.4;6;72.3;69.8
1493;Totaal personen;Best;2008;22;16;15;13;2;0;1;7;3;4;0;0;3.1;6;73.0;70.7
1494;Totaal personen;Best;2009;22;16;15;13;2;0;1;7;3;4;0;1;3.8;6;73.8;71.0
1495;Totaal personen;Best;2010;22;16;15;13;2;0;1;7;3;4;0;1;4.4;6;72.9;69.7
1496;Totaal personen;Best;2011;21;15;15;13;2;0;1;7;3;4;0;1;4.2;6;72.3;69.3
1497;Totaal personen;Best;2012;21;16;15;13;2;0;1;7;3;4;0;1;4.4;6;73.4;70.2
1498;Totaal personen;Best;2013;21;15;14;12;2;0;1;6;2;4;0;1;6.4;6;72.0;67.4
1499;Totaal personen;Best;2014;22;16;15;12;2;0;1;6;2;5;0;1;6.6;6;72.3;67.5
1500;Totaal personen;Best;2015;22;16;15;13;2;0;1;6;2;5;0;1;5.7;6;72.0;67.9
1501;Totaal personen;Best;2016;22;16;15;13;2;0;1;6;3;5;0;1;5.1;6;71.8;68.1
1502;Totaal personen;Best;2017;22;16;15;13;2;0;1;7;2;5;0;1;3.9;6;72.1;69.2
1503;Totaal personen;Best;2018;22;16;16;14;2;0;1;7;3;4;0;1;3.2;6;73.3;71.0
1504;Totaal personen;Beuningen;2003;19;14;13;12;2;0;1;6;2;3;0;1;4.1;5;72.6;69.6
1505;Totaal personen;Beuningen;2004;19;14;13;12;1;0;1;7;2;3;0;1;4.9;5;72.6;69.1
1506;Totaal personen;Beuningen;2005;19;14;13;11;2;0;1;6;2;4;0;1;5.0;5;72.3;68.7
1507;Totaal personen;Beuningen;2006;19;14;13;11;2;0;1;7;2;3;0;1;4.2;5;72.3;69.2
1508;Totaal personen;Beuningen;2007;19;14;14;12;2;0;1;7;2;3;0;0;3.5;5;74.0;71.4
1509;Totaal personen;Beuningen;2008;19;14;14;12;2;0;1;7;2;3;0;0;3.3;5;74.2;71.7
1510;Totaal personen;Beuningen;2009;19;14;14;12;1;0;1;7;2;3;0;1;3.7;5;74.6;71.9
1511;Totaal personen;Beuningen;2010;19;14;14;12;2;0;1;6;3;3;1;1;4.5;5;73.0;69.7
1512;Totaal personen;Beuningen;2011;20;14;14;12;2;0;1;7;3;3;0;1;4.5;5;73.3;69.9
1513;Totaal personen;Beuningen;2012;19;14;13;12;2;0;1;6;3;3;0;1;5.3;5;73.1;69.2
1514;Totaal personen;Beuningen;2013;20;14;13;11;2;0;1;6;2;3;0;1;6.5;5;73.5;68.7
1515;Totaal personen;Beuningen;2014;20;14;13;11;3;0;1;5;2;4;0;1;6.3;5;73.2;68.6
1516;Totaal personen;Beuningen;2015;20;14;13;11;2;0;1;6;2;4;0;1;5.9;5;72.7;68.5
1517;Totaal personen;Beuningen;2016;20;14;14;11;2;0;1;6;2;4;0;1;5.0;5;72.4;68.7
1518;Totaal personen;Beuningen;2017;20;14;14;12;2;0;1;6;2;4;0;1;4.2;5;72.5;69.5
1519;Totaal personen;Beuningen;2018;20;15;14;12;2;0;1;6;2;4;0;0;3.2;6;72.5;70.2
1520;Totaal personen;Beverwijk;2003;27;19;18;16;2;0;2;9;3;3;1;1;4.1;9;68.0;65.2
1521;Totaal personen;Beverwijk;2004;27;19;18;16;2;0;1;10;3;4;0;1;4.9;9;68.2;64.9
1522;Totaal personen;Beverwijk;2005;27;19;18;16;2;0;1;9;3;3;0;1;5.1;8;68.7;65.2
1523;Totaal personen;Beverwijk;2006;27;19;18;16;2;0;2;10;3;2;1;1;4.5;8;68.9;65.8
1524;Totaal personen;Beverwijk;2007;27;19;18;16;2;0;2;10;3;3;0;1;3.8;8;69.7;67.0
1525;Totaal personen;Beverwijk;2008;28;20;19;17;2;0;2;11;3;3;0;1;3.4;8;71.2;68.8
1526;Totaal personen;Beverwijk;2009;29;21;20;18;2;0;2;11;4;3;1;1;4.0;8;71.5;68.6
1527;Totaal personen;Beverwijk;2010;29;21;20;18;2;0;2;10;4;4;1;1;4.7;8;71.0;67.6
1528;Totaal personen;Beverwijk;2011;29;21;20;17;3;0;2;9;4;5;0;1;4.7;8;71.7;68.3
1529;Totaal personen;Beverwijk;2012;30;22;21;18;3;0;2;10;4;5;0;1;4.9;8;72.4;68.8
1530;Totaal personen;Beverwijk;2013;30;22;20;17;3;0;2;9;4;5;1;1;6.5;8;71.8;67.1
1531;Totaal personen;Beverwijk;2014;30;21;20;17;3;0;2;9;3;6;0;2;7.1;9;71.3;66.3
1532;Totaal personen;Beverwijk;2015;30;21;20;17;3;0;2;9;3;6;0;1;6.4;9;71.4;66.8
1533;Totaal personen;Beverwijk;2016;30;22;20;17;3;0;2;10;4;5;0;1;5.6;9;71.7;67.6
1534;Totaal personen;Beverwijk;2017;31;22;21;18;3;0;2;10;4;5;0;1;4.5;9;71.4;68.1
1535;Totaal personen;Beverwijk;2018;31;22;21;18;3;0;2;9;4;5;1;1;3.6;9;72.2;69.5
1536;Totaal personen;De Bilt;2003;30;20;19;16;2;0;1;7;3;7;0;1;3.9;10;65.3;62.8
1537;Totaal personen;De Bilt;2004;30;20;19;16;3;0;1;8;3;8;0;1;4.3;10;67.3;64.4
1538;Totaal personen;De Bilt;2005;30;20;19;16;3;0;1;7;3;9;0;1;4.5;10;67.8;64.7
1539;Totaal personen;De Bilt;2006;30;20;19;16;4;0;1;7;3;8;0;1;3.9;10;67.5;64.9
1540;Totaal personen;De Bilt;2007;30;20;20;16;3;0;1;8;4;7;0;1;3.6;9;68.2;65.7
1541;Totaal personen;De Bilt;2008;30;21;20;16;4;0;1;8;4;7;0;1;3.0;9;69.3;67.3
1542;Totaal personen;De Bilt;2009;30;21;20;16;4;0;1;8;3;7;0;1;3.4;9;69.6;67.2
1543;Totaal personen;De Bilt;2010;30;21;20;16;4;0;1;7;4;8;0;1;4.0;9;69.6;66.8
1544;Totaal personen;De Bilt;2011;30;21;20;16;3;0;1;7;4;8;0;1;4.1;9;69.1;66.3
1545;Totaal personen;De Bilt;2012;30;21;20;17;3;0;2;6;4;8;0;1;4.9;9;69.6;66.3
1546;Totaal personen;De Bilt;2013;30;21;20;16;4;0;1;7;3;8;0;1;5.9;9;70.7;66.5
1547;Totaal personen;De Bilt;2014;30;21;20;16;4;0;1;7;3;8;0;1;5.9;9;69.6;65.5
1548;Totaal personen;De Bilt;2015;30;21;20;16;4;0;1;6;3;9;0;1;5.4;9;69.2;65.5
1549;Totaal personen;De Bilt;2016;30;21;20;16;5;0;1;6;3;9;0;1;4.5;9;69.7;66.6
1550;Totaal personen;De Bilt;2017;31;21;20;16;4;0;1;7;3;8;0;1;4.1;10;68.8;66.0
1551;Totaal personen;De Bilt;2018;31;21;21;17;4;0;1;6;4;9;0;1;3.4;9;70.1;67.7
1552;Totaal personen;Binnenmaas;2003;22;15;14;12;2;0;1;7;3;4;0;0;3.3;7;68.6;66.4
1553;Totaal personen;Binnenmaas;2004;22;15;14;12;2;0;1;7;3;4;0;1;3.9;7;69.0;66.3
1554;Totaal personen;Binnenmaas;2005;22;15;14;13;2;0;1;7;3;3;0;1;4.0;7;69.0;66.3
1555;Totaal personen;Binnenmaas;2006;22;15;15;13;2;0;1;7;3;3;0;1;3.5;7;69.5;67.1
1556;Totaal personen;Binnenmaas;2007;22;15;15;13;2;0;1;7;3;4;0;0;3.2;7;70.1;67.9
1557;Totaal personen;Binnenmaas;2008;22;16;15;13;2;0;1;7;3;4;0;0;2.8;6;70.5;68.6
1558;Totaal personen;Binnenmaas;2009;22;16;15;13;2;0;1;7;3;4;0;1;3.3;6;70.6;68.3
1559;Totaal personen;Binnenmaas;2010;22;15;15;12;3;0;1;7;3;4;0;1;3.8;7;70.1;67.5
1560;Totaal personen;Binnenmaas;2011;22;15;15;12;3;0;1;6;3;4;1;1;3.6;7;70.1;67.6
1561;Totaal personen;Binnenmaas;2012;22;16;15;12;2;0;1;6;3;4;0;1;4.2;6;70.9;68.0
1562;Totaal personen;Binnenmaas;2013;22;15;15;12;2;0;1;6;3;5;0;1;5.1;6;70.3;66.7
1563;Totaal personen;Binnenmaas;2014;22;15;15;12;3;0;1;7;2;4;0;1;5.3;6;71.1;67.3
1564;Totaal personen;Binnenmaas;2015;22;15;14;12;3;0;1;7;2;4;0;1;5.0;6;70.5;67.0
1565;Totaal personen;Binnenmaas;2016;22;15;15;12;2;0;1;7;3;4;0;1;4.6;6;71.0;67.8
1566;Totaal personen;Binnenmaas;2017;22;15;15;12;2;0;1;7;3;4;0;1;3.4;6;70.9;68.5
1567;Totaal personen;Binnenmaas;2018;22;15;15;12;3;0;1;6;3;5;0;0;2.7;6;70.9;69.0
1568;Totaal personen;Bladel;2003;14;10;10;8;2;0;1;5;2;2;0;0;3.7;4;69.9;67.4
1569;Totaal personen;Bladel;2004;14;10;10;8;1;0;1;5;2;2;0;0;4.3;4;70.2;67.2
1570;Totaal personen;Bladel;2005;14;10;10;8;1;0;1;5;2;2;0;0;4.0;4;70.4;67.6
1571;Totaal personen;Bladel;2006;14;10;10;8;2;0;1;5;2;2;0;0;3.6;4;70.7;68.2
1572;Totaal personen;Bladel;2007;14;10;10;8;2;0;1;5;2;2;0;0;2.9;4;72.2;70.1
1573;Totaal personen;Bladel;2008;14;10;10;8;2;0;1;5;2;2;0;0;2.8;4;71.5;69.5
1574;Totaal personen;Bladel;2009;14;10;10;8;2;0;1;5;2;2;0;0;3.5;4;70.5;68.0
1575;Totaal personen;Bladel;2010;14;10;10;8;1;0;1;5;2;2;0;0;4.0;4;71.0;68.2
1576;Totaal personen;Bladel;2011;15;10;10;9;1;0;1;5;2;2;0;0;3.6;4;70.6;68.0
1577;Totaal personen;Bladel;2012;15;11;10;9;2;0;1;5;2;2;0;0;4.0;4;71.7;68.8
1578;Totaal personen;Bladel;2013;15;11;10;9;2;0;1;5;2;2;0;1;5.2;4;72.1;68.4
1579;Totaal personen;Bladel;2014;15;11;10;9;1;0;1;6;2;2;0;1;5.4;4;71.8;68.0
1580;Totaal personen;Bladel;2015;15;11;10;9;2;0;1;6;2;2;0;1;4.8;4;72.6;69.1
1581;Totaal personen;Bladel;2016;15;11;10;9;2;0;1;5;2;2;0;0;4.4;4;72.7;69.5
1582;Totaal personen;Bladel;2017;15;11;11;9;1;0;1;6;2;2;0;0;3.3;4;72.3;70.0
1583;Totaal personen;Bladel;2018;15;11;11;9;1;0;1;5;2;3;0;0;2.7;4;72.2;70.2
1584;Totaal personen;Blaricum;2003;7;4;4;4;1;0;0;2;1;1;0;0;4.0;3;63.3;60.8
1585;Totaal personen;Blaricum;2004;7;4;4;3;1;0;0;2;1;1;0;0;4.8;3;62.7;59.7
1586;Totaal personen;Blaricum;2005;7;4;4;3;1;0;0;2;1;1;0;0;4.8;3;63.1;60.1
1587;Totaal personen;Blaricum;2006;7;4;4;3;1;0;0;2;1;1;0;0;4.1;3;63.2;60.6
1588;Totaal personen;Blaricum;2007;7;4;4;3;1;0;0;2;1;1;0;0;3.7;2;63.8;61.4
1589;Totaal personen;Blaricum;2008;7;4;4;3;1;0;0;2;1;1;0;0;3.2;2;64.6;62.5
1590;Totaal personen;Blaricum;2009;7;4;4;3;1;0;0;2;1;1;0;0;3.7;2;65.3;62.9
1591;Totaal personen;Blaricum;2010;7;4;4;3;1;0;0;2;1;1;0;0;4.1;2;64.2;61.6
1592;Totaal personen;Blaricum;2011;7;4;4;3;1;0;0;2;1;1;0;0;4.2;2;63.9;61.2
1593;Totaal personen;Blaricum;2012;7;4;4;3;1;0;0;2;1;1;0;0;4.8;2;65.1;62.0
1594;Totaal personen;Blaricum;2013;7;4;4;3;1;0;0;2;1;1;0;0;6.3;2;63.9;59.8
1595;Totaal personen;Blaricum;2014;7;4;4;3;1;0;0;2;1;1;0;0;6.4;2;64.0;60.0
1596;Totaal personen;Blaricum;2015;7;5;4;3;1;0;0;2;1;1;0;0;6.1;2;64.8;60.9
1597;Totaal personen;Blaricum;2016;7;5;5;3;1;0;0;2;1;2;0;0;5.3;2;65.8;62.3
1598;Totaal personen;Blaricum;2017;8;5;5;4;1;0;0;2;1;2;0;0;4.4;3;66.0;63.1
1599;Totaal personen;Blaricum;2018;8;5;5;4;1;0;0;2;1;2;0;0;3.3;3;67.0;64.8
1600;Totaal personen;Bloemendaal;2003;15;10;9;8;2;0;1;4;2;3;0;0;3.6;6;63.6;61.3
1601;Totaal personen;Bloemendaal;2004;15;10;9;8;2;0;1;4;2;3;0;0;4.4;6;63.2;60.4
1602;Totaal personen;Bloemendaal;2005;15;10;9;7;2;0;1;4;2;3;0;0;4.3;5;63.9;61.2
1603;Totaal personen;Bloemendaal;2006;15;10;9;7;2;0;1;4;2;3;0;0;3.7;5;64.4;62.0
1604;Totaal personen;Bloemendaal;2007;15;10;9;7;2;0;1;3;2;4;0;0;3.3;5;65.4;63.3
1605;Totaal personen;Bloemendaal;2008;15;10;10;8;2;0;1;3;2;4;0;0;3.0;5;66.6;64.6
1606;Totaal personen;Bloemendaal;2009;15;10;10;7;2;0;1;4;2;4;0;0;3.4;5;67.9;65.6
1607;Totaal personen;Bloemendaal;2010;15;10;10;7;2;0;1;3;2;3;0;0;3.7;5;66.5;64.0
1608;Totaal personen;Bloemendaal;2011;15;10;9;7;2;0;1;3;2;4;0;0;3.9;5;65.4;62.8
1609;Totaal personen;Bloemendaal;2012;15;10;10;7;2;0;1;3;2;4;0;0;4.3;5;66.7;63.8
1610;Totaal personen;Bloemendaal;2013;15;10;10;7;2;0;1;3;2;4;0;1;5.7;5;66.3;62.5
1611;Totaal personen;Bloemendaal;2014;15;10;10;8;2;0;1;3;2;4;0;1;5.7;5;66.7;62.8
1612;Totaal personen;Bloemendaal;2015;15;10;10;7;2;0;1;3;2;4;0;1;5.3;5;66.7;63.2
1613;Totaal personen;Bloemendaal;2016;15;10;10;8;2;0;1;4;2;4;0;0;4.7;5;67.6;64.4
1614;Totaal personen;Bloemendaal;2017;16;11;10;8;2;0;1;3;2;4;0;0;4.0;5;67.6;64.9
1615;Totaal personen;Bloemendaal;2018;16;11;11;8;2;0;1;3;2;4;0;0;3.3;5;68.3;66.0
1616;Totaal personen;Bodegraven-Reeuwijk;2003;24;16;16;14;2;0;1;8;3;4;0;1;3.5;7;68.7;66.3
1617;Totaal personen;Bodegraven-Reeuwijk;2004;24;16;16;13;2;0;1;8;3;4;0;1;4.0;7;68.9;66.1
1618;Totaal personen;Bodegraven-Reeuwijk;2005;24;16;16;13;2;0;1;8;3;4;0;1;4.1;7;69.0;66.1
1619;Totaal personen;Bodegraven-Reeuwijk;2006;23;16;16;13;3;0;1;8;3;4;0;1;3.6;7;70.1;67.6
1620;Totaal personen;Bodegraven-Reeuwijk;2007;24;17;16;14;3;0;1;8;3;4;0;1;3.2;7;71.8;69.5
1621;Totaal personen;Bodegraven-Reeuwijk;2008;24;17;17;14;3;0;1;8;3;5;0;0;2.8;7;72.3;70.3
1622;Totaal personen;Bodegraven-Reeuwijk;2009;24;17;17;14;3;0;1;8;3;5;0;1;3.3;7;72.5;70.2
1623;Totaal personen;Bodegraven-Reeuwijk;2010;24;17;17;14;3;0;1;7;3;5;0;1;3.9;7;71.7;68.9
1624;Totaal personen;Bodegraven-Reeuwijk;2011;24;17;17;14;3;0;1;8;3;5;0;1;3.7;7;72.4;69.7
1625;Totaal personen;Bodegraven-Reeuwijk;2012;24;18;17;14;3;0;1;8;3;4;0;1;4.0;7;72.8;69.9
1626;Totaal personen;Bodegraven-Reeuwijk;2013;24;17;16;13;3;0;1;7;3;4;0;1;5.7;7;71.8;67.7
1627;Totaal personen;Bodegraven-Reeuwijk;2014;24;18;17;14;3;0;1;8;3;5;0;1;5.6;7;72.3;68.3
1628;Totaal personen;Bodegraven-Reeuwijk;2015;25;18;17;14;3;0;1;8;3;5;0;1;5.1;7;71.6;68.0
1629;Totaal personen;Bodegraven-Reeuwijk;2016;25;18;17;14;3;0;2;7;3;5;0;1;4.4;7;71.7;68.6
1630;Totaal personen;Bodegraven-Reeuwijk;2017;25;18;17;14;3;0;2;8;3;5;0;1;3.7;7;72.1;69.5
1631;Totaal personen;Bodegraven-Reeuwijk;2018;25;18;18;15;3;0;2;7;3;5;1;1;3.0;7;71.7;69.6
1632;Totaal personen;Boekel;2003;7;5;5;4;1;0;0;2;1;1;0;0;3.3;2;70.8;68.5
1633;Totaal personen;Boekel;2004;7;5;4;4;1;0;0;2;1;1;0;0;3.9;2;70.2;67.5
1634;Totaal personen;Boekel;2005;7;5;4;4;1;0;0;2;1;1;0;0;3.9;2;69.7;67.0
1635;Totaal personen;Boekel;2006;7;5;5;4;1;0;0;3;1;1;0;0;3.3;2;70.5;68.2
1636;Totaal personen;Boekel;2007;7;5;5;4;1;0;0;3;1;1;0;0;2.9;2;71.9;69.8
1637;Totaal personen;Boekel;2008;7;5;5;4;1;0;0;3;1;1;0;0;2.7;2;72.4;70.4
1638;Totaal personen;Boekel;2009;7;5;5;4;1;0;0;3;1;1;0;0;3.3;2;72.6;70.2
1639;Totaal personen;Boekel;2010;7;5;5;4;1;0;0;3;1;1;0;0;3.6;2;71.9;69.3
1640;Totaal personen;Boekel;2011;7;5;5;4;1;0;0;3;1;1;0;0;3.6;2;72.3;69.7
1641;Totaal personen;Boekel;2012;7;5;5;4;1;0;0;3;1;1;0;0;4.2;2;72.9;69.9
1642;Totaal personen;Boekel;2013;7;5;5;4;1;0;0;2;1;1;0;0;5.7;2;72.5;68.4
1643;Totaal personen;Boekel;2014;7;5;5;4;1;0;0;3;1;1;0;0;5.5;2;72.6;68.6
1644;Totaal personen;Boekel;2015;7;5;5;4;1;0;0;3;1;1;0;0;5.0;2;73.2;69.6
1645;Totaal personen;Boekel;2016;8;6;5;4;1;0;0;3;1;1;0;0;4.1;2;73.4;70.3
1646;Totaal personen;Boekel;2017;8;6;6;5;1;0;1;3;1;1;0;0;3.4;2;73.8;71.3
1647;Totaal personen;Boekel;2018;8;6;6;5;1;0;1;3;1;1;0;0;2.8;2;73.5;71.5
1648;Totaal personen;Ten Boer;2003;5;4;4;3;1;0;0;2;1;1;0;0;3.9;2;70.3;67.6
1649;Totaal personen;Ten Boer;2004;5;4;4;3;1;0;0;2;1;1;0;0;4.7;1;71.2;67.8
1650;Totaal personen;Ten Boer;2005;5;4;4;3;1;0;0;2;1;1;0;0;4.9;2;70.8;67.4
1651;Totaal personen;Ten Boer;2006;5;4;4;3;1;0;0;2;1;1;0;0;4.2;2;69.6;66.7
1652;Totaal personen;Ten Boer;2007;5;4;4;3;1;0;0;2;1;1;0;0;3.5;1;72.0;69.4
1653;Totaal personen;Ten Boer;2008;5;4;4;3;1;0;0;2;1;1;0;0;3.0;1;73.1;70.9
1654;Totaal personen;Ten Boer;2009;5;4;4;3;1;0;0;2;1;1;0;0;3.5;1;73.0;70.4
1655;Totaal personen;Ten Boer;2010;5;4;4;3;1;0;0;2;1;1;0;0;4.1;2;72.3;69.3
1656;Totaal personen;Ten Boer;2011;5;4;4;3;1;0;0;2;1;1;0;0;4.0;1;72.6;69.7
1657;Totaal personen;Ten Boer;2012;5;4;4;3;1;0;0;2;1;1;0;0;4.4;2;72.2;69.1
1658;Totaal personen;Ten Boer;2013;5;4;4;3;1;0;0;2;1;1;0;0;5.8;2;71.9;67.7
1659;Totaal personen;Ten Boer;2014;5;4;4;3;1;0;0;2;1;1;0;0;6.1;2;71.7;67.4
1660;Totaal personen;Ten Boer;2015;5;4;4;3;1;0;0;2;1;1;0;0;5.6;2;71.6;67.6
1661;Totaal personen;Ten Boer;2016;5;4;4;3;1;0;0;2;1;1;0;0;4.8;2;71.5;68.1
1662;Totaal personen;Ten Boer;2017;5;4;4;3;1;0;0;2;1;1;0;0;3.9;2;71.8;69.0
1663;Totaal personen;Ten Boer;2018;5;4;4;3;1;0;0;2;1;1;0;0;3.1;2;72.1;69.8
1664;Totaal personen;Borger-Odoorn;2003;20;13;12;10;2;0;1;6;2;2;0;1;5.0;7;64.0;60.8
1665;Totaal personen;Borger-Odoorn;2004;20;13;12;10;2;0;1;6;2;2;0;1;6.2;7;64.2;60.3
1666;Totaal personen;Borger-Odoorn;2005;20;13;12;10;2;0;1;6;2;2;0;1;6.3;7;64.3;60.2
1667;Totaal personen;Borger-Odoorn;2006;20;13;12;10;3;0;1;6;2;3;0;1;5.3;7;65.2;61.8
1668;Totaal personen;Borger-Odoorn;2007;20;13;13;10;2;0;1;7;2;3;0;1;4.4;7;66.5;63.6
1669;Totaal personen;Borger-Odoorn;2008;20;13;13;10;3;0;1;7;2;2;0;0;3.6;6;67.7;65.3
1670;Totaal personen;Borger-Odoorn;2009;20;13;13;10;3;0;1;7;2;2;0;1;4.3;6;68.3;65.4
1671;Totaal personen;Borger-Odoorn;2010;20;13;12;10;2;0;1;6;2;3;0;1;4.9;7;66.4;63.2
1672;Totaal personen;Borger-Odoorn;2011;20;13;12;10;2;0;1;6;2;3;0;1;4.9;6;67.2;63.9
1673;Totaal personen;Borger-Odoorn;2012;20;13;12;10;2;0;1;7;2;2;0;1;5.6;6;67.4;63.7
1674;Totaal personen;Borger-Odoorn;2013;20;13;12;10;2;0;1;6;2;3;0;1;6.8;6;67.4;62.8
1675;Totaal personen;Borger-Odoorn;2014;20;13;12;10;3;0;1;6;2;2;0;1;6.9;6;66.9;62.3
1676;Totaal personen;Borger-Odoorn;2015;19;13;12;10;3;0;1;6;2;3;0;1;6.7;6;67.1;62.6
1677;Totaal personen;Borger-Odoorn;2016;19;13;12;10;3;0;1;5;2;3;1;1;5.5;7;66.2;62.5
1678;Totaal personen;Borger-Odoorn;2017;20;13;13;10;3;0;1;6;2;2;1;1;4.8;6;67.5;64.2
1679;Totaal personen;Borger-Odoorn;2018;19;13;13;10;3;0;1;6;2;3;0;0;3.8;6;67.6;65.0
1680;Totaal personen;Borne;2003;15;10;10;9;1;0;1;5;2;3;0;0;4.0;5;67.2;64.5
1681;Totaal personen;Borne;2004;15;10;10;9;1;0;1;5;2;3;0;0;4.8;5;67.4;64.2
1682;Totaal personen;Borne;2005;15;10;10;8;1;0;1;5;2;2;0;1;4.9;5;67.8;64.5
1683;Totaal personen;Borne;2006;15;10;10;8;1;0;1;4;2;3;0;0;4.2;5;66.9;64.1
1684;Totaal personen;Borne;2007;15;10;10;9;1;0;1;4;2;3;0;0;3.7;5;68.5;66.0
1685;Totaal personen;Borne;2008;15;11;11;9;2;0;1;5;2;3;0;0;3.1;5;70.4;68.2
1686;Totaal personen;Borne;2009;16;11;11;9;2;0;1;5;2;3;0;0;3.9;5;70.5;67.8
1687;Totaal personen;Borne;2010;16;11;11;9;2;0;1;5;2;3;0;0;4.4;5;70.6;67.5
1688;Totaal personen;Borne;2011;16;11;11;9;2;0;1;5;2;3;0;0;4.1;5;70.2;67.3
1689;Totaal personen;Borne;2012;16;11;11;9;2;0;1;5;2;3;0;1;4.8;5;71.2;67.7
1690;Totaal personen;Borne;2013;16;12;11;9;2;0;1;5;2;3;0;1;5.8;5;71.4;67.3
1691;Totaal personen;Borne;2014;16;11;11;9;2;0;1;4;2;3;0;1;6.3;5;70.6;66.1
1692;Totaal personen;Borne;2015;16;12;11;9;1;0;1;5;2;3;0;1;6.1;5;71.0;66.6
1693;Totaal personen;Borne;2016;16;12;11;10;2;0;1;5;2;3;0;1;5.3;5;71.1;67.3
1694;Totaal personen;Borne;2017;17;12;12;10;2;0;1;5;2;3;0;0;4.1;5;71.9;68.9
1695;Totaal personen;Borne;2018;17;12;12;10;2;0;1;6;2;3;0;0;3.2;5;72.7;70.4
1696;Totaal personen;Borsele;2003;16;11;11;9;2;0;1;6;2;2;0;0;3.3;5;69.5;67.2
1697;Totaal personen;Borsele;2004;16;11;11;9;2;0;1;6;2;2;0;0;3.7;5;70.0;67.5
1698;Totaal personen;Borsele;2005;16;11;11;9;2;0;1;6;2;2;0;0;3.8;5;69.7;67.1
1699;Totaal personen;Borsele;2006;16;12;11;9;2;0;1;6;2;2;0;0;3.6;5;71.0;68.5
1700;Totaal personen;Borsele;2007;16;12;11;9;2;0;1;6;2;3;0;0;3.0;5;71.1;69.0
1701;Totaal personen;Borsele;2008;17;12;11;10;2;0;1;6;2;3;0;0;2.8;5;70.6;68.6
1702;Totaal personen;Borsele;2009;17;12;11;10;2;0;1;6;2;2;0;0;3.2;5;71.6;69.4
1703;Totaal personen;Borsele;2010;17;12;12;10;2;0;1;6;2;3;0;0;3.5;5;71.8;69.3
1704;Totaal personen;Borsele;2011;17;12;11;10;2;0;1;6;2;3;0;0;3.4;5;70.9;68.5
1705;Totaal personen;Borsele;2012;17;12;12;10;2;0;1;6;2;2;1;0;4.1;5;72.0;69.0
1706;Totaal personen;Borsele;2013;17;12;11;10;2;0;1;6;2;2;0;1;5.1;5;71.2;67.6
1707;Totaal personen;Borsele;2014;17;12;11;9;2;0;1;6;2;3;0;1;4.8;5;71.7;68.3
1708;Totaal personen;Borsele;2015;17;12;11;9;2;0;1;5;2;3;0;1;4.9;5;72.4;68.8
1709;Totaal personen;Borsele;2016;17;12;12;10;2;0;1;6;2;2;0;0;3.8;5;72.8;70.0
1710;Totaal personen;Borsele;2017;17;12;12;10;2;0;1;6;2;3;0;0;3.2;5;72.2;69.8
1711;Totaal personen;Borsele;2018;17;12;12;10;2;0;1;6;2;3;0;0;2.5;4;73.6;71.8
1712;Totaal personen;Boxmeer;2003;22;16;15;13;2;0;1;8;3;3;0;1;3.7;6;71.5;68.8
1713;Totaal personen;Boxmeer;2004;22;15;15;13;2;0;1;8;3;3;0;1;4.6;6;71.0;67.7
1714;Totaal personen;Boxmeer;2005;22;15;15;12;2;0;1;8;2;3;0;1;4.6;6;70.7;67.4
1715;Totaal personen;Boxmeer;2006;21;15;15;13;2;0;1;7;2;4;0;1;4.1;6;70.9;68.0
1716;Totaal personen;Boxmeer;2007;21;15;15;13;2;0;1;8;2;3;0;1;3.4;6;72.1;69.7
1717;Totaal personen;Boxmeer;2008;21;15;15;13;2;0;1;8;3;3;0;0;3.1;6;72.3;70.1
1718;Totaal personen;Boxmeer;2009;21;15;15;13;2;0;1;7;3;3;0;1;3.7;6;72.1;69.5
1719;Totaal personen;Boxmeer;2010;21;15;15;12;2;0;1;7;3;3;1;1;4.0;6;71.9;69.0
1720;Totaal personen;Boxmeer;2011;21;15;15;12;2;0;1;7;3;3;1;1;3.8;6;71.5;68.8
1721;Totaal personen;Boxmeer;2012;21;15;14;12;2;0;1;6;3;3;1;1;4.4;6;71.8;68.6
1722;Totaal personen;Boxmeer;2013;21;15;14;12;2;0;1;7;2;4;0;1;5.5;6;72.2;68.2
1723;Totaal personen;Boxmeer;2014;21;15;14;12;2;0;1;6;2;4;0;1;6.2;6;71.1;66.7
1724;Totaal personen;Boxmeer;2015;21;15;14;12;2;0;1;7;2;3;0;1;5.8;6;71.2;67.0
1725;Totaal personen;Boxmeer;2016;22;15;15;12;2;0;2;7;2;3;0;1;5.7;6;71.4;67.4
1726;Totaal personen;Boxmeer;2017;22;16;15;12;3;0;1;7;2;4;0;1;4.1;6;71.6;68.7
1727;Totaal personen;Boxmeer;2018;22;15;15;13;2;0;1;7;3;4;0;0;3.1;6;71.1;68.9
1728;Totaal personen;Boxtel;2003;22;15;15;13;2;0;1;7;3;4;0;1;4.2;7;68.6;65.7
1729;Totaal personen;Boxtel;2004;22;15;14;13;2;0;1;7;2;3;0;1;4.9;7;68.2;64.8
1730;Totaal personen;Boxtel;2005;22;16;15;13;2;0;1;7;2;4;0;1;5.0;7;69.9;66.3
1731;Totaal personen;Boxtel;2006;22;16;15;13;2;0;1;7;3;4;0;1;4.5;7;70.0;66.8
1732;Totaal personen;Boxtel;2007;23;16;15;14;2;0;1;8;3;4;0;1;3.6;7;70.9;68.3
1733;Totaal personen;Boxtel;2008;23;16;16;14;2;0;1;8;3;4;0;1;3.1;6;72.2;69.9
1734;Totaal personen;Boxtel;2009;23;16;16;13;2;0;1;7;3;4;0;1;3.7;6;71.7;69.1
1735;Totaal personen;Boxtel;2010;23;16;15;13;2;0;2;7;3;4;0;1;4.4;6;71.5;68.4
1736;Totaal personen;Boxtel;2011;23;16;15;13;2;0;1;7;3;5;0;1;4.2;7;70.6;67.6
1737;Totaal personen;Boxtel;2012;23;16;15;13;2;0;1;7;3;4;0;1;5.0;6;71.6;68.0
1738;Totaal personen;Boxtel;2013;23;16;15;13;2;0;1;7;3;4;0;1;6.5;7;70.3;65.7
1739;Totaal personen;Boxtel;2014;23;16;15;12;2;0;1;7;2;4;0;1;6.4;7;69.2;64.8
1740;Totaal personen;Boxtel;2015;23;16;15;13;2;0;1;7;3;4;0;1;6.2;7;70.4;66.0
1741;Totaal personen;Boxtel;2016;23;16;15;13;2;0;1;8;3;4;0;1;5.7;7;71.0;66.9
1742;Totaal personen;Boxtel;2017;23;16;16;13;3;0;1;7;3;4;0;1;4.3;7;71.1;68.0
1743;Totaal personen;Boxtel;2018;23;16;16;13;2;0;1;7;3;4;0;1;3.3;7;70.7;68.4
1744;Totaal personen;Breda;2003;124;85;81;71;10;0;7;33;15;24;1;4;5.2;38;69.0;65.4
1745;Totaal personen;Breda;2004;125;87;81;72;10;0;7;35;14;26;0;5;5.9;38;69.3;65.2
1746;Totaal personen;Breda;2005;127;89;84;74;10;0;7;39;13;25;0;5;5.5;38;70.2;66.4
1747;Totaal personen;Breda;2006;128;90;85;75;11;0;9;36;14;25;0;5;5.1;38;70.4;66.8
1748;Totaal personen;Breda;2007;128;91;87;75;12;0;8;37;16;25;1;4;4.3;37;70.9;67.8
1749;Totaal personen;Breda;2008;129;92;89;77;12;0;8;35;17;29;0;3;3.5;36;71.7;69.2
1750;Totaal personen;Breda;2009;130;93;88;77;12;0;8;36;16;27;1;4;4.5;37;71.5;68.3
1751;Totaal personen;Breda;2010;130;93;89;75;14;0;9;37;15;27;0;5;5.1;37;71.6;67.9
1752;Totaal personen;Breda;2011;131;94;89;77;12;0;8;36;16;29;0;5;5.0;37;71.8;68.2
1753;Totaal personen;Breda;2012;133;97;91;79;12;0;10;32;17;32;0;6;6.5;36;72.8;68.1
1754;Totaal personen;Breda;2013;135;98;91;77;14;0;8;37;15;32;0;7;7.4;37;72.7;67.3
1755;Totaal personen;Breda;2014;136;97;90;76;14;0;9;36;14;32;0;7;7.3;39;71.7;66.5
1756;Totaal personen;Breda;2015;136;98;91;78;13;0;8;37;14;33;0;7;7.2;38;72.2;67.0
1757;Totaal personen;Breda;2016;137;98;92;78;14;0;9;37;14;32;0;6;5.8;39;71.4;67.2
1758;Totaal personen;Breda;2017;138;100;96;80;15;0;10;38;14;34;0;4;4.5;38;72.3;69.1
1759;Totaal personen;Breda;2018;139;101;97;83;14;0;9;38;16;34;0;4;3.7;38;72.4;69.7
1760;Totaal personen;Brielle;2003;12;8;8;7;1;0;1;4;2;2;0;0;3.6;4;68.9;66.4
1761;Totaal personen;Brielle;2004;12;8;8;7;1;0;0;4;2;2;0;0;4.2;4;69.0;66.1
1762;Totaal personen;Brielle;2005;12;8;8;7;1;0;1;4;2;2;0;0;4.4;4;68.2;65.2
1763;Totaal personen;Brielle;2006;12;8;8;7;1;0;1;4;2;2;0;0;3.8;4;68.8;66.2
1764;Totaal personen;Brielle;2007;12;8;8;7;1;0;1;3;2;2;0;0;3.2;4;69.9;67.7
1765;Totaal personen;Brielle;2008;12;9;8;7;1;0;1;4;2;2;0;0;2.8;3;71.1;69.1
1766;Totaal personen;Brielle;2009;12;9;8;7;1;0;1;3;2;2;0;0;3.3;4;70.8;68.5
1767;Totaal personen;Brielle;2010;12;9;8;7;1;0;1;4;2;2;0;0;3.6;4;71.0;68.5
1768;Totaal personen;Brielle;2011;12;9;8;7;1;0;1;3;2;2;0;0;3.7;4;70.6;67.9
1769;Totaal personen;Brielle;2012;12;9;8;7;1;0;1;4;2;2;0;0;4.5;4;70.8;67.6
1770;Totaal personen;Brielle;2013;13;9;8;7;1;0;1;4;1;3;0;1;5.6;4;71.0;67.0
1771;Totaal personen;Brielle;2014;13;9;8;7;1;0;1;4;1;2;0;1;5.7;4;70.2;66.2
1772;Totaal personen;Brielle;2015;13;9;8;7;1;0;1;4;1;3;0;0;5.2;4;70.5;66.8
1773;Totaal personen;Brielle;2016;13;9;9;7;1;0;1;4;2;2;1;0;4.7;4;70.4;67.1
1774;Totaal personen;Brielle;2017;13;9;9;8;1;0;1;4;2;3;0;0;3.7;4;71.0;68.4
1775;Totaal personen;Brielle;2018;13;9;9;8;2;0;1;4;2;3;0;0;3.0;4;72.1;69.9
1776;Totaal personen;Bronckhorst;2003;28;18;18;15;3;0;1;9;3;3;0;1;3.5;10;65.5;63.3
1777;Totaal personen;Bronckhorst;2004;28;18;18;15;3;0;1;9;3;4;0;1;4.1;9;66.3;63.5
1778;Totaal personen;Bronckhorst;2005;28;18;18;14;3;0;2;10;3;3;0;1;4.2;9;66.5;63.7
1779;Totaal personen;Bronckhorst;2006;28;19;18;14;4;0;2;10;3;4;0;1;3.4;9;67.6;65.3
1780;Totaal personen;Bronckhorst;2007;28;19;19;15;4;0;2;11;3;3;0;1;3.1;9;69.1;67.0
1781;Totaal personen;Bronckhorst;2008;28;19;19;15;3;0;2;10;3;4;0;1;2.9;9;69.3;67.3
1782;Totaal personen;Bronckhorst;2009;28;20;19;15;4;0;1;10;3;4;0;1;3.0;8;70.3;68.2
1783;Totaal personen;Bronckhorst;2010;28;19;19;15;4;0;2;9;3;4;0;1;3.6;8;70.3;67.8
1784;Totaal personen;Bronckhorst;2011;28;19;18;14;4;0;2;9;3;5;0;1;3.7;8;69.3;66.7
1785;Totaal personen;Bronckhorst;2012;28;19;18;15;4;0;1;9;3;4;0;1;4.4;8;69.5;66.4
1786;Totaal personen;Bronckhorst;2013;27;19;18;14;4;0;2;9;3;4;0;1;6.0;8;69.4;65.3
1787;Totaal personen;Bronckhorst;2014;27;19;18;14;4;0;2;9;3;4;0;1;5.9;8;69.4;65.3
1788;Totaal personen;Bronckhorst;2015;27;19;18;14;4;0;2;9;3;5;0;1;5.1;8;68.9;65.4
1789;Totaal personen;Bronckhorst;2016;27;19;18;14;4;0;1;9;3;4;0;1;4.3;9;68.7;65.8
1790;Totaal personen;Bronckhorst;2017;27;19;18;14;4;0;1;9;3;4;0;1;3.8;8;69.6;66.9
1791;Totaal personen;Bronckhorst;2018;27;19;18;15;3;0;2;9;3;5;0;1;2.9;8;69.3;67.2
1792;Totaal personen;Brummen;2003;16;10;10;9;1;0;1;5;2;2;0;0;3.9;6;63.5;61.0
1793;Totaal personen;Brummen;2004;16;10;10;9;1;0;1;5;2;2;0;0;4.7;6;65.4;62.3
1794;Totaal personen;Brummen;2005;16;10;10;9;1;0;1;5;2;2;0;1;5.0;5;65.5;62.3
1795;Totaal personen;Brummen;2006;16;10;10;9;1;0;1;5;2;2;0;0;4.1;5;66.4;63.6
1796;Totaal personen;Brummen;2007;16;11;10;9;1;0;1;5;2;2;0;0;3.5;5;67.6;65.2
1797;Totaal personen;Brummen;2008;16;11;10;9;2;0;1;5;2;2;0;0;3.1;5;68.0;65.9
1798;Totaal personen;Brummen;2009;16;11;10;9;2;0;1;5;2;3;0;0;3.9;5;68.6;65.9
1799;Totaal personen;Brummen;2010;16;11;10;9;2;0;1;5;2;3;0;0;4.4;5;68.7;65.7
1800;Totaal personen;Brummen;2011;16;11;10;9;2;0;1;5;2;3;0;0;4.1;5;68.7;65.9
1801;Totaal personen;Brummen;2012;16;11;10;9;2;0;1;5;2;2;0;1;5.1;5;69.1;65.5
1802;Totaal personen;Brummen;2013;16;11;10;9;1;0;1;5;2;2;0;1;6.0;5;68.6;64.5
1803;Totaal personen;Brummen;2014;16;11;10;9;2;0;1;5;2;2;0;1;6.6;5;68.9;64.4
1804;Totaal personen;Brummen;2015;16;11;10;8;2;0;1;5;2;2;0;1;5.6;5;69.2;65.4
1805;Totaal personen;Brummen;2016;16;11;10;8;2;0;1;5;2;2;0;1;4.9;5;69.4;66.0
1806;Totaal personen;Brummen;2017;16;11;10;9;2;0;1;4;2;3;0;0;4.1;5;69.2;66.3
1807;Totaal personen;Brummen;2018;16;11;10;9;2;0;1;5;2;3;0;0;3.5;5;69.4;67.0
1808;Totaal personen;Brunssum;2003;23;14;13;12;1;0;1;7;2;2;1;1;6.0;9;61.1;57.4
1809;Totaal personen;Brunssum;2004;22;14;13;12;1;0;1;7;2;2;1;1;7.2;9;61.0;56.6
1810;Totaal personen;Brunssum;2005;23;14;13;12;1;0;1;7;3;2;0;1;7.3;8;62.4;57.9
1811;Totaal personen;Brunssum;2006;23;14;13;11;2;0;1;7;3;2;1;1;6.3;9;62.1;58.2
1812;Totaal personen;Brunssum;2007;23;15;14;12;2;0;1;7;3;3;1;1;4.9;8;65.0;61.8
1813;Totaal personen;Brunssum;2008;23;15;14;12;2;0;1;7;3;2;1;1;4.5;8;64.6;61.7
1814;Totaal personen;Brunssum;2009;23;15;14;12;2;0;1;8;2;2;0;1;5.1;8;64.6;61.3
1815;Totaal personen;Brunssum;2010;22;14;14;12;2;0;1;7;2;3;0;1;5.6;8;64.4;60.8
1816;Totaal personen;Brunssum;2011;22;14;14;12;2;0;1;7;3;3;0;1;5.0;8;64.5;61.3
1817;Totaal personen;Brunssum;2012;22;14;13;12;2;0;1;6;2;3;0;1;6.0;8;63.7;59.9
1818;Totaal personen;Brunssum;2013;22;14;13;11;2;0;1;6;2;3;0;1;7.6;8;65.5;60.5
1819;Totaal personen;Brunssum;2014;22;14;13;11;2;0;1;7;2;3;0;1;7.4;8;65.0;60.2
1820;Totaal personen;Brunssum;2015;22;14;13;12;2;0;2;7;2;2;0;1;7.2;7;66.5;61.7
1821;Totaal personen;Brunssum;2016;22;14;13;11;2;0;2;6;2;3;0;1;5.6;7;66.0;62.3
1822;Totaal personen;Brunssum;2017;22;14;13;11;2;0;2;6;2;3;1;1;5.2;7;65.4;62.0
1823;Totaal personen;Brunssum;2018;21;14;14;12;2;0;2;7;2;2;1;1;4.0;7;65.8;63.2
1824;Totaal personen;Bunnik;2003;10;7;7;6;1;0;0;3;1;2;0;0;3.3;3;67.9;65.6
1825;Totaal personen;Bunnik;2004;10;7;7;6;1;0;0;3;1;2;0;0;3.8;3;68.0;65.4
1826;Totaal personen;Bunnik;2005;10;7;7;6;1;0;0;3;1;2;0;0;4.0;3;68.4;65.7
1827;Totaal personen;Bunnik;2006;10;7;7;6;1;0;0;3;1;2;0;0;3.7;3;69.0;66.5
1828;Totaal personen;Bunnik;2007;10;7;7;6;1;0;1;3;1;3;0;0;3.2;3;70.4;68.2
1829;Totaal personen;Bunnik;2008;10;7;7;6;1;0;0;3;1;3;0;0;2.8;3;70.9;69.0
1830;Totaal personen;Bunnik;2009;10;8;7;6;1;0;0;3;1;3;0;0;3.0;3;71.8;69.6
1831;Totaal personen;Bunnik;2010;10;7;7;6;1;0;0;3;1;2;0;0;3.6;3;71.2;68.6
1832;Totaal personen;Bunnik;2011;10;7;7;6;1;0;0;3;1;3;0;0;3.6;3;70.7;68.2
1833;Totaal personen;Bunnik;2012;11;8;7;6;1;0;0;3;1;3;0;0;3.9;3;72.5;69.6
1834;Totaal personen;Bunnik;2013;11;8;7;6;1;0;1;3;1;3;0;0;4.9;3;72.4;68.8
1835;Totaal personen;Bunnik;2014;11;8;7;6;1;0;1;3;1;3;0;0;5.0;3;72.1;68.5
1836;Totaal personen;Bunnik;2015;11;8;7;6;1;0;1;3;1;3;0;0;4.5;3;72.5;69.2
1837;Totaal personen;Bunnik;2016;11;8;7;6;1;0;1;3;1;3;0;0;4.4;3;72.2;69.0
1838;Totaal personen;Bunnik;2017;11;8;8;6;1;0;1;3;1;3;0;0;3.2;3;73.3;71.0
1839;Totaal personen;Bunnik;2018;11;8;8;6;1;0;1;2;1;3;0;0;2.7;3;73.2;71.2
1840;Totaal personen;Bunschoten;2003;14;10;10;8;1;0;1;5;2;2;0;0;3.4;4;70.4;68.0
1841;Totaal personen;Bunschoten;2004;14;10;10;8;2;0;1;5;2;2;0;0;3.9;4;70.6;67.8
1842;Totaal personen;Bunschoten;2005;14;10;10;8;1;0;1;5;1;2;0;0;4.0;4;71.1;68.3
1843;Totaal personen;Bunschoten;2006;14;10;10;8;1;0;1;5;2;2;0;0;3.6;4;70.4;67.9
1844;Totaal personen;Bunschoten;2007;14;10;10;9;2;0;1;6;2;2;0;0;3.1;4;72.2;70.0
1845;Totaal personen;Bunschoten;2008;15;11;10;9;1;0;1;6;2;2;0;0;2.9;4;72.6;70.6
1846;Totaal personen;Bunschoten;2009;15;11;10;9;2;0;1;5;2;2;0;0;3.2;4;73.6;71.3
1847;Totaal personen;Bunschoten;2010;15;11;11;9;2;0;1;6;2;2;0;0;3.6;4;74.0;71.4
1848;Totaal personen;Bunschoten;2011;15;11;11;9;2;0;1;5;2;2;0;0;3.6;4;73.3;70.7
1849;Totaal personen;Bunschoten;2012;15;11;11;9;2;0;1;6;2;2;0;0;4.1;4;73.8;70.8
1850;Totaal personen;Bunschoten;2013;15;11;11;9;2;0;1;6;2;2;0;1;5.4;4;73.8;69.8
1851;Totaal personen;Bunschoten;2014;15;11;10;9;2;0;1;5;2;3;0;1;5.6;4;72.6;68.5
1852;Totaal personen;Bunschoten;2015;15;11;11;9;2;0;1;5;2;3;0;1;5.2;4;73.4;69.6
1853;Totaal personen;Bunschoten;2016;15;11;11;9;2;0;1;5;2;3;0;0;4.2;4;73.9;70.7
1854;Totaal personen;Bunschoten;2017;16;12;11;9;2;0;1;5;2;3;0;0;3.3;4;74.3;71.8
1855;Totaal personen;Bunschoten;2018;16;12;11;10;2;0;1;6;2;3;0;0;2.6;4;74.5;72.5
1856;Totaal personen;Buren;2003;19;13;13;10;3;0;1;6;2;3;0;0;3.6;6;68.9;66.5
1857;Totaal personen;Buren;2004;19;13;13;10;3;0;1;7;2;3;0;1;4.3;6;68.1;65.2
1858;Totaal personen;Buren;2005;19;13;13;10;2;0;1;7;2;3;0;1;4.3;6;69.0;66.1
1859;Totaal personen;Buren;2006;19;13;13;10;3;0;1;7;2;3;0;0;3.7;6;69.3;66.7
1860;Totaal personen;Buren;2007;19;14;13;10;3;0;1;7;2;3;0;0;3.2;6;71.7;69.4
1861;Totaal personen;Buren;2008;20;14;14;11;3;0;1;7;2;3;0;0;2.9;6;71.6;69.6
1862;Totaal personen;Buren;2009;20;14;13;11;3;0;1;6;2;3;0;0;3.2;6;71.2;69.0
1863;Totaal personen;Buren;2010;20;14;14;10;3;0;1;7;2;3;0;1;3.6;6;71.8;69.2
1864;Totaal personen;Buren;2011;20;14;13;11;3;0;1;7;2;3;0;1;3.7;6;70.6;68.0
1865;Totaal personen;Buren;2012;20;14;13;11;3;0;1;6;2;4;0;1;4.2;6;70.7;67.8
1866;Totaal personen;Buren;2013;20;14;13;10;3;0;1;6;2;4;0;1;5.7;6;70.6;66.5
1867;Totaal personen;Buren;2014;20;14;13;10;3;0;1;6;2;3;0;1;6.1;6;69.4;65.2
1868;Totaal personen;Buren;2015;20;14;13;11;3;0;1;6;2;4;0;1;5.2;6;70.0;66.3
1869;Totaal personen;Buren;2016;20;14;14;11;3;0;1;6;2;4;0;1;4.8;6;70.3;66.9
1870;Totaal personen;Buren;2017;20;14;14;11;3;0;1;6;2;4;0;1;3.8;6;70.4;67.7
1871;Totaal personen;Buren;2018;20;14;14;11;3;0;1;6;2;4;0;0;2.9;6;70.8;68.7
1872;Totaal personen;Capelle aan den IJssel;2003;49;34;32;29;3;0;2;14;6;9;0;2;4.9;15;69.0;65.6
1873;Totaal personen;Capelle aan den IJssel;2004;49;34;32;29;3;0;2;14;7;9;0;2;6.0;15;70.1;65.9
1874;Totaal personen;Capelle aan den IJssel;2005;49;34;32;29;3;0;2;13;6;10;0;2;6.6;15;69.7;65.1
1875;Totaal personen;Capelle aan den IJssel;2006;49;34;33;29;3;0;2;14;6;10;0;2;5.2;15;70.0;66.4
1876;Totaal personen;Capelle aan den IJssel;2007;49;34;33;30;3;0;2;14;6;9;1;2;4.4;15;70.0;66.9
1877;Totaal personen;Capelle aan den IJssel;2008;49;35;34;30;4;0;3;15;6;10;0;1;3.6;14;71.2;68.7
1878;Totaal personen;Capelle aan den IJssel;2009;49;35;33;30;3;0;2;15;6;10;0;2;4.3;14;71.2;68.2
1879;Totaal personen;Capelle aan den IJssel;2010;49;34;32;29;3;0;2;14;6;10;0;2;5.2;15;69.8;66.2
1880;Totaal personen;Capelle aan den IJssel;2011;49;35;33;29;4;0;2;15;7;8;1;2;5.6;15;70.6;66.6
1881;Totaal personen;Capelle aan den IJssel;2012;50;35;32;28;4;0;2;15;6;7;1;2;6.9;15;70.0;65.2
1882;Totaal personen;Capelle aan den IJssel;2013;50;35;32;28;4;0;2;13;6;10;1;3;8.1;15;69.3;63.7
1883;Totaal personen;Capelle aan den IJssel;2014;50;34;31;27;4;0;3;14;5;9;1;3;8.7;15;68.9;62.9
1884;Totaal personen;Capelle aan den IJssel;2015;50;34;31;27;4;0;2;13;5;10;1;3;8.4;16;68.7;62.9
1885;Totaal personen;Capelle aan den IJssel;2016;50;34;32;27;5;0;2;13;5;10;0;2;7.2;16;68.6;63.7
1886;Totaal personen;Capelle aan den IJssel;2017;50;34;32;28;4;0;3;14;5;10;0;2;6.0;16;68.1;64.1
1887;Totaal personen;Capelle aan den IJssel;2018;50;34;33;28;5;0;3;13;6;10;1;2;4.4;16;68.9;65.9
1888;Totaal personen;Castricum;2003;26;17;17;15;2;0;1;7;3;5;0;1;3.4;9;66.7;64.4
1889;Totaal personen;Castricum;2004;26;17;17;14;2;0;1;8;3;5;0;1;3.7;8;67.7;65.1
1890;Totaal personen;Castricum;2005;26;18;17;15;2;0;1;8;3;4;0;1;3.7;8;68.7;66.2
1891;Totaal personen;Castricum;2006;25;17;17;14;2;0;1;7;3;4;0;1;3.6;8;68.0;65.6
1892;Totaal personen;Castricum;2007;25;17;17;14;2;0;1;7;3;5;0;1;3.0;8;68.6;66.5
1893;Totaal personen;Castricum;2008;25;18;17;14;3;0;1;8;3;5;0;0;2.7;8;70.0;68.1
1894;Totaal personen;Castricum;2009;25;18;17;14;3;0;1;8;3;5;0;1;3.1;7;70.7;68.5
1895;Totaal personen;Castricum;2010;25;18;17;14;3;0;1;7;3;5;0;1;3.6;8;70.3;67.8
1896;Totaal personen;Castricum;2011;25;18;17;14;3;0;1;7;3;6;0;1;3.6;7;70.4;67.9
1897;Totaal personen;Castricum;2012;25;18;17;14;3;0;1;7;3;6;0;1;4.3;8;69.9;66.8
1898;Totaal personen;Castricum;2013;25;18;17;14;3;0;1;7;3;5;1;1;5.2;8;69.2;65.6
1899;Totaal personen;Castricum;2014;25;18;17;14;3;0;1;6;3;6;0;1;5.6;8;69.8;65.8
1900;Totaal personen;Castricum;2015;25;18;17;14;3;0;1;7;3;7;0;1;4.9;7;70.6;67.2
1901;Totaal personen;Castricum;2016;26;18;18;15;3;0;1;7;3;6;0;1;4.0;7;71.1;68.2
1902;Totaal personen;Castricum;2017;26;19;18;15;3;0;2;7;3;6;0;1;3.6;8;71.3;68.8
1903;Totaal personen;Castricum;2018;26;19;18;15;3;0;1;7;3;7;0;1;2.9;8;71.1;69.0
1904;Totaal personen;Coevorden;2003;27;18;17;14;3;0;2;9;3;3;0;1;5.1;9;64.9;61.5
1905;Totaal personen;Coevorden;2004;27;18;17;14;3;0;2;9;3;3;0;1;6.3;9;65.6;61.4
1906;Totaal personen;Coevorden;2005;27;17;16;14;2;0;2;9;3;3;0;1;7.1;10;64.6;60.0
1907;Totaal personen;Coevorden;2006;27;18;17;14;3;0;2;10;3;2;0;1;5.6;9;65.1;61.5
1908;Totaal personen;Coevorden;2007;27;18;17;14;3;0;2;9;3;3;0;1;4.5;9;66.4;63.4
1909;Totaal personen;Coevorden;2008;27;18;17;15;3;0;2;9;3;3;0;1;3.8;9;67.9;65.3
1910;Totaal personen;Coevorden;2009;27;18;17;14;3;0;2;8;3;4;0;1;4.9;9;67.0;63.7
1911;Totaal personen;Coevorden;2010;27;18;17;14;3;0;1;8;3;4;0;1;5.3;9;66.7;63.2
1912;Totaal personen;Coevorden;2011;27;18;17;14;3;0;1;8;3;4;0;1;5.1;9;66.4;63.0
1913;Totaal personen;Coevorden;2012;27;18;17;14;3;0;2;8;3;3;0;1;5.6;9;66.6;62.8
1914;Totaal personen;Coevorden;2013;27;18;17;14;3;0;2;8;3;4;0;1;6.6;9;67.7;63.3
1915;Totaal personen;Coevorden;2014;26;18;17;14;3;0;2;8;3;3;0;1;7.4;8;67.9;62.9
1916;Totaal personen;Coevorden;2015;26;18;17;14;3;0;2;9;3;3;0;1;7.0;8;68.4;63.6
1917;Totaal personen;Coevorden;2016;26;18;16;14;3;0;2;8;3;4;0;1;5.9;9;66.9;62.9
1918;Totaal personen;Coevorden;2017;26;18;17;14;3;0;2;8;3;3;1;1;5.0;9;67.5;64.1
1919;Totaal personen;Coevorden;2018;26;18;17;14;3;0;2;9;3;3;1;1;3.7;9;66.9;64.4
1920;Totaal personen;Cranendonck;2003;16;11;10;9;2;0;1;5;2;2;0;0;4.0;5;68.0;65.3
1921;Totaal personen;Cranendonck;2004;15;10;10;8;1;0;1;5;2;2;0;1;5.1;5;66.4;63.0
1922;Totaal personen;Cranendonck;2005;15;10;10;8;1;0;1;5;2;2;0;1;5.1;5;66.6;63.2
1923;Totaal personen;Cranendonck;2006;15;11;10;8;2;0;1;5;2;3;0;0;4.3;5;68.5;65.5
1924;Totaal personen;Cranendonck;2007;15;11;10;9;2;0;1;5;2;2;0;0;3.7;5;68.3;65.7
1925;Totaal personen;Cranendonck;2008;16;11;10;9;1;0;1;5;2;2;0;0;3.3;5;69.1;66.9
1926;Totaal personen;Cranendonck;2009;16;11;10;9;2;0;1;5;2;2;0;0;3.9;5;69.0;66.3
1927;Totaal personen;Cranendonck;2010;16;11;10;9;2;0;1;5;2;2;0;0;4.6;5;68.2;65.0
1928;Totaal personen;Cranendonck;2011;16;11;10;9;2;0;1;5;2;2;0;0;4.5;5;68.0;65.0
1929;Totaal personen;Cranendonck;2012;16;11;10;8;2;0;1;5;2;3;0;1;5.1;5;69.9;66.3
1930;Totaal personen;Cranendonck;2013;16;11;10;8;2;0;1;5;2;2;0;1;6.1;5;68.9;64.7
1931;Totaal personen;Cranendonck;2014;16;11;10;8;2;0;1;5;2;2;0;1;6.5;5;68.5;64.0
1932;Totaal personen;Cranendonck;2015;16;11;10;8;2;0;1;5;2;2;0;1;6.0;5;69.5;65.3
1933;Totaal personen;Cranendonck;2016;16;11;10;9;2;0;1;5;2;3;0;1;5.0;5;69.0;65.5
1934;Totaal personen;Cranendonck;2017;16;11;10;9;2;0;1;5;2;2;0;0;4.0;5;69.1;66.3
1935;Totaal personen;Cranendonck;2018;15;11;10;9;2;0;1;5;2;2;0;0;3.1;5;69.9;67.8
1936;Totaal personen;Cromstrijen;2003;10;7;7;6;1;0;1;3;1;1;0;0;3.4;3;69.2;66.9
1937;Totaal personen;Cromstrijen;2004;10;7;7;6;1;0;0;3;1;2;0;0;3.9;3;69.7;67.0
1938;Totaal personen;Cromstrijen;2005;10;7;7;6;1;0;0;3;1;2;0;0;3.8;3;69.5;66.8
1939;Totaal personen;Cromstrijen;2006;10;7;7;6;1;0;0;4;1;1;0;0;3.5;3;69.8;67.3
1940;Totaal personen;Cromstrijen;2007;10;7;7;6;1;0;0;3;1;2;0;0;3.0;3;70.8;68.7
1941;Totaal personen;Cromstrijen;2008;10;7;7;6;1;0;0;3;1;2;0;0;2.7;3;70.9;69.0
1942;Totaal personen;Cromstrijen;2009;10;7;7;6;1;0;0;4;1;1;0;0;3.1;3;71.9;69.6
1943;Totaal personen;Cromstrijen;2010;10;7;7;6;1;0;0;3;1;1;0;0;3.5;3;70.7;68.2
1944;Totaal personen;Cromstrijen;2011;10;7;7;5;1;0;0;3;1;2;0;0;3.4;3;71.1;68.7
1945;Totaal personen;Cromstrijen;2012;10;7;7;6;1;0;0;3;1;2;0;0;4.0;3;71.0;68.1
1946;Totaal personen;Cromstrijen;2013;10;7;7;6;1;0;1;3;1;2;0;0;5.3;3;71.0;67.2
1947;Totaal personen;Cromstrijen;2014;10;7;7;5;1;0;1;3;1;2;0;0;5.3;3;70.1;66.4
1948;Totaal personen;Cromstrijen;2015;10;7;7;5;1;0;1;3;1;2;0;0;4.7;3;70.5;67.2
1949;Totaal personen;Cromstrijen;2016;10;7;7;5;1;0;1;3;1;2;0;0;4.4;3;70.6;67.5
1950;Totaal personen;Cromstrijen;2017;10;7;7;6;1;0;1;3;1;2;0;0;3.3;3;70.6;68.3
1951;Totaal personen;Cromstrijen;2018;10;7;7;6;1;0;0;3;1;2;0;0;2.7;3;71.0;69.1
1952;Totaal personen;Cuijk;2003;18;13;12;11;1;0;1;6;2;2;1;1;4.5;6;68.3;65.2
1953;Totaal personen;Cuijk;2004;18;12;12;10;1;0;1;6;2;2;0;1;5.6;6;67.8;64.0
1954;Totaal personen;Cuijk;2005;18;12;12;10;1;0;1;6;2;2;0;1;5.8;6;68.1;64.2
1955;Totaal personen;Cuijk;2006;18;13;12;10;1;0;1;6;2;2;0;1;4.8;6;68.4;65.1
1956;Totaal personen;Cuijk;2007;18;13;12;11;2;0;1;7;2;3;0;0;3.8;5;70.2;67.5
1957;Totaal personen;Cuijk;2008;18;13;12;11;2;0;1;6;2;3;0;0;3.4;5;70.1;67.8
1958;Totaal personen;Cuijk;2009;18;13;12;11;1;0;1;6;2;2;0;1;4.2;5;70.2;67.2
1959;Totaal personen;Cuijk;2010;19;13;12;11;2;0;1;6;2;2;0;1;4.8;6;70.2;66.8
1960;Totaal personen;Cuijk;2011;19;13;12;11;2;0;1;6;2;3;0;1;4.5;6;70.3;67.1
1961;Totaal personen;Cuijk;2012;19;13;12;11;2;0;1;6;2;3;0;1;5.8;6;70.2;66.1
1962;Totaal personen;Cuijk;2013;19;13;12;11;2;0;1;6;2;3;0;1;6.8;6;70.5;65.7
1963;Totaal personen;Cuijk;2014;19;13;12;10;2;0;1;6;2;3;0;1;7.0;6;70.0;65.2
1964;Totaal personen;Cuijk;2015;19;13;12;11;2;0;1;5;2;4;0;1;6.4;6;70.5;66.0
1965;Totaal personen;Cuijk;2016;19;13;12;11;2;0;1;5;2;4;0;1;5.5;5;70.7;66.8
1966;Totaal personen;Cuijk;2017;19;13;13;11;2;0;1;6;2;3;1;1;4.4;6;70.6;67.5
1967;Totaal personen;Cuijk;2018;19;13;13;11;2;0;1;6;2;3;0;0;3.6;5;71.2;68.6
1968;Totaal personen;Culemborg;2003;19;13;13;11;2;0;1;6;2;4;0;1;4.8;6;68.3;65.0
1969;Totaal personen;Culemborg;2004;20;14;13;11;2;0;1;6;2;4;0;1;5.7;6;69.2;65.3
1970;Totaal personen;Culemborg;2005;20;14;13;11;2;0;1;6;2;4;0;1;5.9;6;69.9;65.8
1971;Totaal personen;Culemborg;2006;20;14;13;12;2;0;1;6;2;4;0;1;5.0;6;70.9;67.3
1972;Totaal personen;Culemborg;2007;20;14;14;12;2;0;1;6;3;4;0;1;4.1;6;71.7;68.7
1973;Totaal personen;Culemborg;2008;20;15;14;12;2;0;1;6;3;4;0;1;3.7;6;72.2;69.5
1974;Totaal personen;Culemborg;2009;20;15;14;12;2;0;1;6;3;4;0;1;4.0;6;72.5;69.6
1975;Totaal personen;Culemborg;2010;20;15;14;12;2;0;1;5;3;5;0;1;5.1;6;71.9;68.2
1976;Totaal personen;Culemborg;2011;20;15;14;12;2;0;1;6;3;4;0;1;4.9;6;72.3;68.8
1977;Totaal personen;Culemborg;2012;21;15;14;12;2;0;1;6;2;5;0;1;6.0;6;72.4;68.0
1978;Totaal personen;Culemborg;2013;21;15;14;12;2;0;1;5;2;5;0;1;7.1;6;71.4;66.3
1979;Totaal personen;Culemborg;2014;21;15;13;12;2;0;1;5;2;5;0;1;7.7;6;70.9;65.5
1980;Totaal personen;Culemborg;2015;21;15;14;12;2;0;1;5;2;5;0;1;6.9;6;70.7;65.8
1981;Totaal personen;Culemborg;2016;21;15;14;12;2;0;1;5;2;5;0;1;6.0;6;70.9;66.7
1982;Totaal personen;Culemborg;2017;21;15;14;12;2;0;1;6;2;4;0;1;4.6;6;70.6;67.3
1983;Totaal personen;Culemborg;2018;21;15;15;13;2;0;1;6;2;5;0;1;3.5;6;70.8;68.3
1984;Totaal personen;Dalfsen;2003;19;13;13;11;2;0;1;7;2;3;0;0;3.3;6;69.2;66.9
1985;Totaal personen;Dalfsen;2004;19;14;13;11;2;0;1;8;2;2;0;1;3.9;6;70.0;67.2
1986;Totaal personen;Dalfsen;2005;19;13;13;11;2;0;1;7;2;2;0;1;4.1;6;68.8;65.9
1987;Totaal personen;Dalfsen;2006;19;14;13;11;2;0;1;7;2;3;0;0;3.4;6;69.7;67.3
1988;Totaal personen;Dalfsen;2007;20;14;14;11;2;0;1;8;2;3;0;0;2.9;5;72.6;70.5
1989;Totaal personen;Dalfsen;2008;20;15;14;12;3;0;1;8;2;3;0;0;2.6;5;73.6;71.7
1990;Totaal personen;Dalfsen;2009;20;15;14;12;2;0;1;8;2;2;0;0;3.0;5;73.7;71.5
1991;Totaal personen;Dalfsen;2010;20;15;14;12;2;0;1;8;3;2;0;0;3.4;5;72.8;70.4
1992;Totaal personen;Dalfsen;2011;20;15;14;12;2;0;1;7;2;3;0;0;3.3;5;72.7;70.3
1993;Totaal personen;Dalfsen;2012;20;15;14;12;2;0;1;6;3;3;1;1;4.1;6;72.7;69.7
1994;Totaal personen;Dalfsen;2013;20;15;14;12;2;0;1;7;2;3;0;1;5.2;6;72.7;69.0
1995;Totaal personen;Dalfsen;2014;20;15;14;12;2;0;1;7;2;4;0;1;5.1;6;72.0;68.4
1996;Totaal personen;Dalfsen;2015;20;15;14;12;2;0;1;8;2;3;0;1;4.7;5;73.4;69.9
1997;Totaal personen;Dalfsen;2016;21;15;14;12;2;0;1;6;2;4;1;1;4.5;6;72.3;69.0
1998;Totaal personen;Dalfsen;2017;21;15;15;12;3;0;1;7;3;4;0;1;3.5;5;74.0;71.4
1999;Totaal personen;Dalfsen;2018;21;15;15;12;3;0;1;7;3;3;0;0;3.0;6;73.6;71.4
2000;Totaal personen;Dantumadiel;2003;14;9;9;7;1;0;1;5;2;1;0;0;5.4;5;63.5;60.1
2001;Totaal personen;Dantumadiel;2004;14;9;9;7;1;0;1;5;1;2;0;1;6.6;5;64.1;59.9
2002;Totaal personen;Dantumadiel;2005;14;9;9;7;2;0;1;5;1;1;0;1;6.4;5;65.8;61.5
2003;Totaal personen;Dantumadiel;2006;14;9;9;7;2;0;1;5;1;1;0;1;5.4;5;64.9;61.3
2004;Totaal personen;Dantumadiel;2007;14;9;9;7;2;0;1;5;2;1;0;0;4.7;5;65.7;62.6
2005;Totaal personen;Dantumadiel;2008;14;10;9;8;2;0;1;5;2;1;0;0;3.9;5;67.3;64.7
2006;Totaal personen;Dantumadiel;2009;14;10;9;8;2;0;1;5;2;2;0;0;4.6;4;68.5;65.4
2007;Totaal personen;Dantumadiel;2010;14;10;9;7;2;0;1;5;1;1;0;1;5.8;5;67.4;63.6
2008;Totaal personen;Dantumadiel;2011;14;10;9;7;2;0;1;5;2;2;0;1;5.4;5;67.8;64.1
2009;Totaal personen;Dantumadiel;2012;14;10;9;7;2;0;1;5;2;2;0;1;6.9;4;68.5;63.8
2010;Totaal personen;Dantumadiel;2013;14;10;9;7;2;0;1;5;1;1;0;1;7.7;5;68.0;62.8
2011;Totaal personen;Dantumadiel;2014;14;9;9;7;2;0;1;5;1;2;0;1;7.8;5;67.3;62.1
2012;Totaal personen;Dantumadiel;2015;14;10;9;7;2;0;1;6;1;1;0;1;6.8;4;68.6;64.0
2013;Totaal personen;Dantumadiel;2016;14;10;9;7;2;0;1;5;1;2;0;1;6.0;4;68.0;63.9
2014;Totaal personen;Dantumadiel;2017;14;9;9;7;2;0;1;4;1;2;0;0;4.8;5;66.8;63.6
2015;Totaal personen;Dantumadiel;2018;14;10;9;8;2;0;1;5;1;2;0;0;3.7;4;68.6;66.0
2016;Totaal personen;Delft;2003;75;52;49;43;6;0;4;19;7;19;0;3;5.1;23;69.3;65.8
2017;Totaal personen;Delft;2004;74;52;49;42;7;0;3;20;7;18;0;3;5.8;22;69.8;65.7
2018;Totaal personen;Delft;2005;74;51;48;42;6;0;4;18;8;18;0;3;6.4;23;69.4;65.0
2019;Totaal personen;Delft;2006;74;51;49;42;6;0;4;20;7;17;0;3;5.3;23;69.0;65.4
2020;Totaal personen;Delft;2007;75;52;50;43;6;0;4;21;8;16;0;2;4.7;23;69.6;66.3
2021;Totaal personen;Delft;2008;76;54;51;46;6;0;5;20;8;19;0;2;4.0;22;70.8;68.0
2022;Totaal personen;Delft;2009;76;54;51;45;6;0;5;20;8;18;0;3;4.7;22;70.9;67.6
2023;Totaal personen;Delft;2010;76;54;51;44;7;0;5;20;9;17;0;3;5.5;22;70.5;66.7
2024;Totaal personen;Delft;2011;77;53;50;43;7;0;4;18;9;18;1;3;5.8;23;69.4;65.4
2025;Totaal personen;Delft;2012;78;54;50;43;7;0;4;17;9;20;0;4;7.3;24;69.5;64.4
2026;Totaal personen;Delft;2013;79;54;50;43;6;0;4;18;8;19;1;4;8.2;25;68.1;62.5
2027;Totaal personen;Delft;2014;80;54;50;41;8;0;4;20;7;19;0;5;8.6;26;67.8;62.0
2028;Totaal personen;Delft;2015;81;55;51;42;9;0;5;18;7;20;0;4;7.5;26;68.0;62.9
2029;Totaal personen;Delft;2016;81;55;51;43;7;0;4;18;8;20;0;4;6.9;26;67.8;63.1
2030;Totaal personen;Delft;2017;81;55;52;43;8;0;5;16;8;22;0;3;5.8;26;67.5;63.6
2031;Totaal personen;Delft;2018;82;56;53;44;9;0;5;17;9;22;0;3;4.7;26;68.4;65.2
2032;Totaal personen;Delfzijl;2003;22;13;12;11;2;0;1;6;2;2;1;1;6.6;8;60.7;56.7
2033;Totaal personen;Delfzijl;2004;21;13;12;10;2;0;1;6;2;2;0;1;7.6;9;60.1;55.5
2034;Totaal personen;Delfzijl;2005;21;13;12;10;2;0;1;6;2;2;0;1;8.0;8;62.2;57.2
2035;Totaal personen;Delfzijl;2006;21;13;12;11;2;0;1;7;2;2;0;1;6.4;8;62.6;58.6
2036;Totaal personen;Delfzijl;2007;21;13;12;11;2;0;1;7;2;2;0;1;5.3;8;63.5;60.2
2037;Totaal personen;Delfzijl;2008;20;13;12;11;2;0;1;7;2;2;0;1;4.5;7;64.4;61.5
2038;Totaal personen;Delfzijl;2009;20;13;12;11;1;0;1;6;2;2;0;1;5.8;7;63.5;59.8
2039;Totaal personen;Delfzijl;2010;20;13;12;10;2;0;1;6;2;2;0;1;6.4;7;64.6;60.5
2040;Totaal personen;Delfzijl;2011;20;13;12;10;2;0;1;6;2;2;1;1;6.3;7;64.1;60.1
2041;Totaal personen;Delfzijl;2012;19;13;12;10;2;0;1;6;2;2;0;1;6.8;7;65.3;60.8
2042;Totaal personen;Delfzijl;2013;19;13;12;10;2;0;1;6;2;1;1;1;8.9;7;65.2;59.4
2043;Totaal personen;Delfzijl;2014;19;12;11;9;2;0;1;6;2;2;1;1;9.1;7;64.0;58.2
2044;Totaal personen;Delfzijl;2015;19;12;11;9;2;0;1;6;2;2;1;1;8.8;6;65.4;59.7
2045;Totaal personen;Delfzijl;2016;19;12;11;9;2;0;1;6;2;1;1;1;7.0;7;64.5;60.0
2046;Totaal personen;Delfzijl;2017;18;12;11;9;2;0;1;5;2;1;1;1;5.9;7;64.1;60.3
2047;Totaal personen;Delfzijl;2018;18;12;11;9;2;0;1;6;2;2;1;1;4.6;7;64.2;61.3
2048;Totaal personen;Deurne;2003;24;16;16;13;2;0;2;8;3;3;0;1;3.9;8;68.3;65.6
2049;Totaal personen;Deurne;2004;24;16;15;13;2;0;1;9;2;3;0;1;4.8;8;67.5;64.3
2050;Totaal personen;Deurne;2005;24;16;15;13;3;0;2;9;3;3;0;1;4.7;8;67.8;64.6
2051;Totaal personen;Deurne;2006;24;16;16;13;3;0;2;9;2;2;0;1;4.1;8;67.9;65.2
2052;Totaal personen;Deurne;2007;24;17;16;14;2;0;2;8;3;3;0;1;3.6;7;70.0;67.4
2053;Totaal personen;Deurne;2008;24;17;16;14;3;0;2;7;3;4;0;1;3.2;7;70.4;68.1
2054;Totaal personen;Deurne;2009;24;17;16;13;3;0;1;8;3;4;0;1;3.9;7;70.4;67.7
2055;Totaal personen;Deurne;2010;24;17;16;13;3;0;1;8;3;4;0;1;4.6;7;71.0;67.7
2056;Totaal personen;Deurne;2011;24;17;16;13;3;0;2;8;3;3;0;1;4.2;7;70.6;67.6
2057;Totaal personen;Deurne;2012;24;17;16;13;3;0;2;8;3;3;1;1;4.2;7;69.8;66.9
2058;Totaal personen;Deurne;2013;24;17;16;13;3;0;2;8;3;3;0;1;6.2;7;71.3;66.9
2059;Totaal personen;Deurne;2014;24;17;16;13;3;0;2;8;2;3;0;1;6.7;7;70.5;65.8
2060;Totaal personen;Deurne;2015;24;17;16;13;3;0;2;8;2;4;0;1;5.9;7;71.5;67.3
2061;Totaal personen;Deurne;2016;24;17;16;13;3;0;2;8;3;4;0;1;5.2;7;71.4;67.8
2062;Totaal personen;Deurne;2017;24;17;17;13;4;0;1;9;3;4;0;1;3.8;7;72.3;69.5
2063;Totaal personen;Deurne;2018;24;17;17;14;3;0;1;8;3;4;0;1;3.2;7;71.4;69.1
2064;Totaal personen;Deventer;2003;69;47;44;40;5;0;4;20;8;12;0;2;5.0;22;67.6;64.2
2065;Totaal personen;Deventer;2004;70;48;45;40;5;0;4;23;8;11;0;3;6.1;22;68.3;64.1
2066;Totaal personen;Deventer;2005;71;49;46;41;5;0;4;21;8;13;0;3;6.4;22;68.9;64.5
2067;Totaal personen;Deventer;2006;71;49;47;41;6;0;4;21;8;13;0;3;5.4;22;69.0;65.3
2068;Totaal personen;Deventer;2007;72;51;49;42;6;0;4;22;9;13;1;2;4.5;21;71.1;67.9
2069;Totaal personen;Deventer;2008;72;52;50;43;7;0;4;21;9;16;0;2;3.8;20;72.4;69.6
2070;Totaal personen;Deventer;2009;72;53;51;44;7;0;4;22;9;15;1;2;4.6;19;73.8;70.4
2071;Totaal personen;Deventer;2010;73;53;50;44;6;0;4;21;10;14;1;3;5.3;20;72.2;68.3
2072;Totaal personen;Deventer;2011;73;52;49;43;7;0;4;20;9;16;1;3;5.3;21;71.5;67.8
2073;Totaal personen;Deventer;2012;73;52;49;42;7;0;4;19;9;16;1;3;6.0;20;71.9;67.6
2074;Totaal personen;Deventer;2013;73;53;49;42;7;0;5;19;8;16;1;4;7.5;20;72.4;67.0
2075;Totaal personen;Deventer;2014;73;52;48;41;7;0;6;19;8;15;0;4;7.9;20;72.0;66.3
2076;Totaal personen;Deventer;2015;73;53;49;41;8;0;6;20;8;15;0;4;7.0;20;72.2;67.1
2077;Totaal personen;Deventer;2016;73;52;49;41;7;0;5;19;8;17;0;4;6.9;21;71.1;66.2
2078;Totaal personen;Deventer;2017;74;53;50;43;8;0;5;21;8;17;0;3;5.5;21;71.5;67.6
2079;Totaal personen;Deventer;2018;75;54;51;44;7;0;5;21;9;16;1;2;4.6;21;72.0;68.7
2080;Totaal personen;Diemen;2003;18;13;12;10;2;0;1;5;2;3;0;1;4.7;6;68.9;65.7
2081;Totaal personen;Diemen;2004;18;13;12;10;2;0;1;6;2;3;0;1;5.4;6;69.1;65.4
2082;Totaal personen;Diemen;2005;18;13;12;10;1;0;1;5;2;3;0;1;5.9;6;69.4;65.3
2083;Totaal personen;Diemen;2006;18;13;12;10;2;0;1;5;2;4;0;1;5.1;5;69.7;66.2
2084;Totaal personen;Diemen;2007;18;13;12;10;2;0;1;5;2;4;0;1;4.3;5;70.7;67.7
2085;Totaal personen;Diemen;2008;18;13;13;11;2;0;1;5;2;4;0;1;3.8;5;72.1;69.4
2086;Totaal personen;Diemen;2009;19;13;13;11;2;0;1;5;2;4;0;1;4.5;5;71.7;68.5
2087;Totaal personen;Diemen;2010;19;13;13;11;2;0;1;5;2;4;0;1;5.3;6;70.7;67.0
2088;Totaal personen;Diemen;2011;19;13;12;11;2;0;1;5;2;3;0;1;5.8;6;69.4;65.4
2089;Totaal personen;Diemen;2012;19;14;13;11;2;0;1;5;2;4;0;1;6.7;6;70.9;66.1
2090;Totaal personen;Diemen;2013;20;14;13;10;2;0;1;5;2;4;1;1;8.5;6;70.1;64.1
2091;Totaal personen;Diemen;2014;20;14;13;11;2;0;1;6;2;4;0;1;7.8;6;70.4;64.9
2092;Totaal personen;Diemen;2015;21;15;14;11;3;0;1;6;2;4;0;1;7.4;6;71.0;65.7
2093;Totaal personen;Diemen;2016;21;15;14;12;2;0;1;6;2;5;0;1;6.5;6;70.8;66.1
2094;Totaal personen;Diemen;2017;21;15;14;12;2;0;1;6;2;5;0;1;5.7;6;70.8;66.8
2095;Totaal personen;Diemen;2018;22;15;15;13;2;0;1;6;2;5;0;1;4.6;6;70.7;67.5
2096;Totaal personen;Dinkelland;2003;19;13;12;10;2;0;1;7;2;2;0;0;3.4;6;68.7;66.3
2097;Totaal personen;Dinkelland;2004;19;13;12;11;2;0;1;6;2;2;0;0;3.8;6;69.0;66.3
2098;Totaal personen;Dinkelland;2005;19;13;12;11;2;0;1;7;2;2;0;1;4.0;6;69.1;66.4
2099;Totaal personen;Dinkelland;2006;19;13;13;11;2;0;1;7;2;2;0;0;3.4;6;69.7;67.3
2100;Totaal personen;Dinkelland;2007;19;13;13;11;2;0;1;7;2;3;0;0;3.0;5;71.2;69.0
2101;Totaal personen;Dinkelland;2008;19;13;13;11;2;0;1;7;2;3;0;0;2.7;5;71.9;69.9
2102;Totaal personen;Dinkelland;2009;19;13;13;11;2;0;1;7;2;3;0;0;3.4;5;71.3;68.9
2103;Totaal personen;Dinkelland;2010;19;13;13;11;2;0;1;7;2;3;0;1;3.8;5;71.7;69.0
2104;Totaal personen;Dinkelland;2011;19;13;13;11;2;0;1;6;2;3;0;0;3.7;6;70.5;68.0
2105;Totaal personen;Dinkelland;2012;19;14;13;11;2;0;1;7;2;3;0;1;4.0;5;72.1;69.2
2106;Totaal personen;Dinkelland;2013;19;14;13;11;2;0;1;6;2;4;0;1;5.2;5;72.7;68.9
2107;Totaal personen;Dinkelland;2014;19;14;13;11;2;0;1;6;2;3;0;1;5.3;5;72.3;68.5
2108;Totaal personen;Dinkelland;2015;19;14;13;11;2;0;2;7;2;3;0;1;5.0;5;73.2;69.5
2109;Totaal personen;Dinkelland;2016;19;14;13;11;2;0;1;6;2;3;0;1;4.5;5;72.2;68.9
2110;Totaal personen;Dinkelland;2017;19;14;14;12;2;0;2;7;2;3;0;1;3.6;5;73.3;70.6
2111;Totaal personen;Dinkelland;2018;20;14;14;12;2;0;1;7;2;3;0;0;2.8;5;72.8;70.8
2112;Totaal personen;Doesburg;2003;9;6;5;5;1;0;0;3;1;1;0;0;5.4;3;64.7;61.3
2113;Totaal personen;Doesburg;2004;8;6;5;5;1;0;0;3;1;1;0;0;6.5;3;64.9;60.7
2114;Totaal personen;Doesburg;2005;9;6;5;5;1;0;0;3;1;1;0;0;6.5;3;65.6;61.3
2115;Totaal personen;Doesburg;2006;9;6;5;5;1;0;1;3;1;1;0;0;5.6;3;66.8;63.0
2116;Totaal personen;Doesburg;2007;9;6;5;5;1;0;1;3;1;1;0;0;4.9;3;66.2;63.0
2117;Totaal personen;Doesburg;2008;9;6;6;5;1;0;0;3;1;1;0;0;4.2;3;67.1;64.2
2118;Totaal personen;Doesburg;2009;9;6;6;5;1;0;0;3;1;1;0;0;4.9;3;67.2;63.9
2119;Totaal personen;Doesburg;2010;9;6;5;5;1;0;0;3;1;1;0;0;5.5;3;66.2;62.6
2120;Totaal personen;Doesburg;2011;9;6;5;5;1;0;0;3;1;1;0;0;5.1;3;65.8;62.4
2121;Totaal personen;Doesburg;2012;9;6;5;5;1;0;0;3;1;1;0;0;6.1;3;65.9;61.9
2122;Totaal personen;Doesburg;2013;9;6;5;4;1;0;1;3;1;1;0;0;7.7;3;66.5;61.4
2123;Totaal personen;Doesburg;2014;9;6;5;4;1;0;1;2;1;1;0;0;8.0;3;65.8;60.5
2124;Totaal personen;Doesburg;2015;9;6;5;4;1;0;1;2;1;1;0;0;7.8;3;64.9;59.9
2125;Totaal personen;Doesburg;2016;9;6;5;4;1;0;1;2;1;2;0;0;6.7;3;65.6;61.2
2126;Totaal personen;Doesburg;2017;9;6;5;4;1;0;1;3;1;1;0;0;5.5;3;65.7;62.1
2127;Totaal personen;Doesburg;2018;9;6;5;5;1;0;1;3;1;1;0;0;4.3;3;65.5;62.7
2128;Totaal personen;Doetinchem;2003;42;28;27;23;4;0;2;13;5;7;0;1;4.5;14;67.6;64.5
2129;Totaal personen;Doetinchem;2004;42;29;27;23;4;0;2;14;5;7;0;2;5.4;13;68.2;64.5
2130;Totaal personen;Doetinchem;2005;42;29;27;23;4;0;3;14;5;5;0;2;5.5;13;68.1;64.4
2131;Totaal personen;Doetinchem;2006;42;28;27;23;4;0;3;14;5;5;1;1;4.6;14;67.5;64.4
2132;Totaal personen;Doetinchem;2007;42;29;28;24;4;0;3;13;5;6;1;1;4.0;13;68.6;65.9
2133;Totaal personen;Doetinchem;2008;42;29;28;24;4;0;3;13;5;7;1;1;3.7;13;69.5;66.9
2134;Totaal personen;Doetinchem;2009;42;29;28;24;4;0;2;13;5;7;0;1;4.1;12;70.6;67.8
2135;Totaal personen;Doetinchem;2010;42;30;28;24;4;0;2;13;5;7;1;1;4.9;12;71.3;67.8
2136;Totaal personen;Doetinchem;2011;42;30;28;24;4;0;3;14;5;6;1;1;4.4;12;70.9;67.7
2137;Totaal personen;Doetinchem;2012;42;30;28;24;4;0;3;13;5;6;1;2;5.4;12;70.6;66.7
2138;Totaal personen;Doetinchem;2013;42;30;28;24;4;0;3;12;5;8;0;2;6.9;12;71.0;66.2
2139;Totaal personen;Doetinchem;2014;42;29;27;23;4;0;3;12;5;8;0;2;7.1;12;70.5;65.5
2140;Totaal personen;Doetinchem;2015;42;29;27;23;5;0;2;12;5;7;1;2;7.1;13;70.0;65.0
2141;Totaal personen;Doetinchem;2016;42;29;28;23;5;0;2;13;5;8;0;2;6.0;13;69.8;65.7
2142;Totaal personen;Doetinchem;2017;43;29;28;24;4;0;3;12;5;8;0;1;4.8;13;69.1;65.8
2143;Totaal personen;Doetinchem;2018;43;30;29;24;5;0;2;13;5;9;0;1;3.7;13;70.0;67.4
2144;Totaal personen;Dongen;2003;19;13;13;11;2;0;1;6;2;3;0;1;3.9;6;69.1;66.4
2145;Totaal personen;Dongen;2004;19;13;12;11;2;0;1;6;2;3;0;1;4.6;6;68.3;65.1
2146;Totaal personen;Dongen;2005;19;13;13;11;2;0;1;7;2;2;0;1;4.5;6;69.4;66.3
2147;Totaal personen;Dongen;2006;19;13;13;11;2;0;1;7;2;2;0;1;4.0;6;69.6;66.8
2148;Totaal personen;Dongen;2007;19;13;13;11;2;0;1;7;2;2;0;0;3.5;6;69.4;67.0
2149;Totaal personen;Dongen;2008;19;13;13;11;2;0;1;6;3;3;1;0;3.0;6;70.8;68.7
2150;Totaal personen;Dongen;2009;19;14;13;11;2;0;1;7;2;2;0;0;3.5;5;72.9;70.3
2151;Totaal personen;Dongen;2010;19;14;13;11;2;0;1;7;2;3;0;1;4.1;5;72.4;69.4
2152;Totaal personen;Dongen;2011;19;13;13;11;2;0;1;6;2;3;0;1;3.9;5;71.6;68.8
2153;Totaal personen;Dongen;2012;19;14;13;11;2;0;1;6;2;3;0;1;4.3;5;71.6;68.5
2154;Totaal personen;Dongen;2013;19;14;13;11;2;0;1;6;2;3;0;1;6.0;5;71.9;67.6
2155;Totaal personen;Dongen;2014;19;14;13;11;2;0;1;6;2;3;0;1;6.1;5;72.1;67.7
2156;Totaal personen;Dongen;2015;19;14;13;11;2;0;1;6;2;3;0;1;6.1;5;71.6;67.2
2157;Totaal personen;Dongen;2016;19;14;13;11;2;0;1;6;2;3;0;1;5.2;5;71.7;68.0
2158;Totaal personen;Dongen;2017;19;14;14;11;2;0;1;6;2;3;0;1;4.0;5;72.4;69.5
2159;Totaal personen;Dongen;2018;20;14;14;12;2;0;1;7;2;3;0;0;3.3;5;72.2;69.8
2160;Totaal personen;Dongeradeel;2003;18;12;11;9;2;0;1;7;2;1;0;1;5.0;7;63.7;60.5
2161;Totaal personen;Dongeradeel;2004;18;12;11;9;2;0;1;7;2;2;0;1;6.2;7;64.2;60.3
2162;Totaal personen;Dongeradeel;2005;18;12;11;9;2;0;1;6;2;2;0;1;6.1;6;65.0;61.1
2163;Totaal personen;Dongeradeel;2006;18;12;11;9;2;0;1;6;2;2;0;1;5.4;6;65.7;62.2
2164;Totaal personen;Dongeradeel;2007;18;12;12;9;3;0;1;7;2;2;0;1;4.3;6;67.5;64.6
2165;Totaal personen;Dongeradeel;2008;18;13;12;10;2;0;1;7;2;2;0;0;3.8;6;69.4;66.8
2166;Totaal personen;Dongeradeel;2009;18;13;12;10;2;0;1;7;2;2;0;1;4.4;5;69.6;66.5
2167;Totaal personen;Dongeradeel;2010;18;12;12;9;2;0;1;7;2;2;0;1;5.2;6;68.3;64.7
2168;Totaal personen;Dongeradeel;2011;18;12;11;10;2;0;1;6;2;2;0;1;5.4;6;68.0;64.3
2169;Totaal personen;Dongeradeel;2012;18;12;11;9;2;0;1;6;2;2;0;1;6.4;6;68.3;63.9
2170;Totaal personen;Dongeradeel;2013;18;12;11;9;2;0;1;6;2;3;0;1;7.4;5;69.6;64.5
2171;Totaal personen;Dongeradeel;2014;18;12;11;9;2;0;1;6;2;2;0;1;7.4;6;68.6;63.5
2172;Totaal personen;Dongeradeel;2015;17;12;11;9;2;0;1;6;2;2;0;1;6.8;5;68.4;63.7
2173;Totaal personen;Dongeradeel;2016;17;12;11;9;2;0;1;5;2;2;1;1;5.7;5;68.4;64.6
2174;Totaal personen;Dongeradeel;2017;17;12;12;9;2;0;1;6;2;2;0;1;4.7;5;69.3;66.0
2175;Totaal personen;Dongeradeel;2018;17;12;12;10;2;0;1;6;2;2;0;0;3.8;5;68.8;66.2
2176;Totaal personen;Dordrecht;2003;88;59;55;49;6;0;5;24;10;15;1;4;6.0;30;66.3;62.4
2177;Totaal personen;Dordrecht;2004;88;59;55;50;5;0;5;25;10;14;0;4;7.1;30;66.4;61.7
2178;Totaal personen;Dordrecht;2005;88;59;55;49;6;0;4;26;10;14;0;4;6.7;29;67.1;62.7
2179;Totaal personen;Dordrecht;2006;88;60;56;49;7;0;5;27;10;15;0;3;5.5;29;67.5;63.8
2180;Totaal personen;Dordrecht;2007;88;60;58;51;7;0;5;26;11;14;2;3;4.6;28;68.5;65.3
2181;Totaal personen;Dordrecht;2008;88;61;58;51;7;0;5;25;11;17;1;2;3.7;28;68.6;66.1
2182;Totaal personen;Dordrecht;2009;88;61;59;52;7;0;5;25;11;17;1;3;4.4;27;69.5;66.4
2183;Totaal personen;Dordrecht;2010;88;61;58;50;7;0;5;24;10;18;1;3;5.3;27;69.3;65.6
2184;Totaal personen;Dordrecht;2011;88;61;58;51;7;0;4;26;11;16;1;3;5.4;27;69.2;65.5
2185;Totaal personen;Dordrecht;2012;88;61;57;50;7;0;5;23;11;17;2;4;6.8;27;69.5;64.8
2186;Totaal personen;Dordrecht;2013;89;61;56;49;7;0;6;25;10;15;1;5;8.1;27;69.1;63.5
2187;Totaal personen;Dordrecht;2014;89;61;56;47;9;0;4;24;10;16;1;5;8.4;28;68.9;63.1
2188;Totaal personen;Dordrecht;2015;89;60;56;48;8;0;5;24;9;16;2;5;7.6;28;67.9;62.8
2189;Totaal personen;Dordrecht;2016;89;60;56;49;7;0;4;25;10;17;1;4;6.8;29;67.8;63.2
2190;Totaal personen;Dordrecht;2017;89;61;58;50;9;0;5;25;10;18;1;3;5.3;28;68.9;65.2
2191;Totaal personen;Dordrecht;2018;89;62;59;50;9;0;5;24;11;18;1;3;4.3;27;69.3;66.3
2192;Totaal personen;Drechterland;2003;14;10;9;8;1;0;1;4;2;2;0;0;3.4;4;70.3;67.9
2193;Totaal personen;Drechterland;2004;14;10;9;8;2;0;1;5;2;2;0;0;4.0;4;69.7;66.9
2194;Totaal personen;Drechterland;2005;14;10;9;8;2;0;1;5;2;2;0;0;4.1;4;70.4;67.6
2195;Totaal personen;Drechterland;2006;14;10;9;8;2;0;1;5;2;2;0;0;3.5;4;70.5;68.0
2196;Totaal personen;Drechterland;2007;14;10;10;8;2;0;1;5;2;2;0;0;3.2;4;71.1;68.8
2197;Totaal personen;Drechterland;2008;14;10;10;8;2;0;1;5;2;2;0;0;2.7;4;72.1;70.1
2198;Totaal personen;Drechterland;2009;14;10;10;8;2;0;1;5;2;2;0;0;3.2;4;72.4;70.1
2199;Totaal personen;Drechterland;2010;14;10;10;8;2;0;1;5;2;2;0;0;3.6;4;70.9;68.4
2200;Totaal personen;Drechterland;2011;14;10;10;8;2;0;1;5;2;2;0;0;3.5;4;70.8;68.3
2201;Totaal personen;Drechterland;2012;15;10;10;8;2;0;1;5;2;2;0;0;3.9;4;71.3;68.5
2202;Totaal personen;Drechterland;2013;15;10;10;8;2;0;1;5;2;2;0;1;5.5;4;71.0;67.1
2203;Totaal personen;Drechterland;2014;15;10;10;8;2;0;1;5;2;2;0;1;5.7;4;70.9;66.9
2204;Totaal personen;Drechterland;2015;15;10;10;8;2;0;1;5;2;2;0;1;5.3;4;71.1;67.3
2205;Totaal personen;Drechterland;2016;15;10;10;8;2;0;1;5;2;3;0;0;4.4;4;71.0;67.9
2206;Totaal personen;Drechterland;2017;15;11;10;8;2;0;1;5;2;2;0;0;3.6;4;71.4;68.9
2207;Totaal personen;Drechterland;2018;15;11;10;8;2;0;1;5;2;2;0;0;3.0;4;71.4;69.2
2208;Totaal personen;Drimmelen;2003;20;14;14;12;2;0;1;7;2;3;0;0;3.3;6;69.9;67.6
2209;Totaal personen;Drimmelen;2004;20;14;13;11;2;0;1;7;2;3;0;1;4.0;6;69.2;66.4
2210;Totaal personen;Drimmelen;2005;20;14;13;12;2;0;1;7;2;2;0;1;4.1;6;68.9;66.1
2211;Totaal personen;Drimmelen;2006;20;14;14;11;2;0;1;7;2;3;0;1;3.6;6;69.5;67.0
2212;Totaal personen;Drimmelen;2007;20;14;14;12;2;0;1;7;3;3;0;0;3.1;6;71.6;69.4
2213;Totaal personen;Drimmelen;2008;20;15;14;12;2;0;1;7;3;3;0;0;2.7;6;72.3;70.3
2214;Totaal personen;Drimmelen;2009;20;15;14;12;2;0;1;8;3;3;0;0;3.2;5;73.6;71.3
2215;Totaal personen;Drimmelen;2010;20;15;14;11;3;0;1;8;2;3;0;1;3.7;6;72.3;69.6
2216;Totaal personen;Drimmelen;2011;20;14;14;11;2;0;1;7;3;3;0;1;3.6;6;70.5;68.0
2217;Totaal personen;Drimmelen;2012;20;15;14;12;2;0;1;7;3;3;0;1;3.9;6;71.7;68.9
2218;Totaal personen;Drimmelen;2013;20;15;14;11;2;0;1;7;2;4;0;1;5.5;6;71.8;67.9
2219;Totaal personen;Drimmelen;2014;20;14;14;11;2;0;1;7;2;3;0;1;5.9;6;70.7;66.6
2220;Totaal personen;Drimmelen;2015;20;14;14;12;2;0;1;6;2;3;0;1;5.5;6;71.0;67.1
2221;Totaal personen;Drimmelen;2016;21;15;14;12;3;0;1;7;2;4;0;1;4.6;6;71.6;68.3
2222;Totaal personen;Drimmelen;2017;21;15;14;12;3;0;1;7;2;3;0;1;3.6;6;71.5;68.9
2223;Totaal personen;Drimmelen;2018;21;15;14;12;3;0;1;6;2;4;0;0;2.8;6;71.9;69.9
2224;Totaal personen;Dronten;2003;27;19;18;15;3;0;1;8;3;5;0;1;4.1;8;68.9;66.1
2225;Totaal personen;Dronten;2004;28;19;18;15;3;0;2;9;3;5;0;1;5.1;9;68.5;65.0
2226;Totaal personen;Dronten;2005;28;19;18;15;3;0;2;9;3;4;0;1;5.4;8;69.4;65.7
2227;Totaal personen;Dronten;2006;28;19;18;15;3;0;1;9;3;5;0;1;4.8;9;68.7;65.4
2228;Totaal personen;Dronten;2007;28;20;19;16;3;0;2;9;3;5;0;1;3.8;9;69.7;67.0
2229;Totaal personen;Dronten;2008;29;20;20;17;3;0;2;10;3;5;0;1;3.5;8;71.3;68.7
2230;Totaal personen;Dronten;2009;29;21;20;17;3;0;2;10;3;5;0;1;4.0;8;72.2;69.4
2231;Totaal personen;Dronten;2010;29;21;20;17;3;0;2;9;4;5;1;1;4.8;8;71.5;68.1
2232;Totaal personen;Dronten;2011;30;21;20;17;3;0;2;10;4;4;1;1;4.7;8;71.4;68.1
2233;Totaal personen;Dronten;2012;30;22;20;17;3;0;2;10;4;5;0;1;5.7;8;72.2;68.1
2234;Totaal personen;Dronten;2013;30;21;20;17;3;0;2;9;3;6;1;1;6.9;9;71.0;66.0
2235;Totaal personen;Dronten;2014;30;21;20;16;3;0;2;9;3;5;1;1;6.6;9;70.5;65.8
2236;Totaal personen;Dronten;2015;30;22;20;17;4;0;2;10;3;5;0;1;6.1;9;71.7;67.4
2237;Totaal personen;Dronten;2016;30;22;20;17;4;0;2;10;3;5;0;1;6.0;9;71.7;67.4
2238;Totaal personen;Dronten;2017;30;22;21;17;4;0;2;10;3;5;0;1;4.5;8;72.4;69.2
2239;Totaal personen;Dronten;2018;30;22;21;18;4;0;2;10;4;5;0;1;3.5;8;72.9;70.4
2240;Totaal personen;Druten;2003;13;9;9;8;1;0;1;4;2;2;0;0;4.0;4;70.8;68.0
2241;Totaal personen;Druten;2004;13;9;9;8;1;0;1;5;2;2;0;0;4.9;4;71.2;67.7
2242;Totaal personen;Druten;2005;13;9;9;8;1;0;1;5;2;2;0;0;4.9;4;71.6;68.0
2243;Totaal personen;Druten;2006;13;9;9;8;1;0;1;4;2;3;0;0;4.3;4;71.5;68.4
2244;Totaal personen;Druten;2007;13;10;9;8;1;0;1;5;2;2;0;0;3.5;4;73.0;70.4
2245;Totaal personen;Druten;2008;13;10;10;8;1;0;1;5;2;2;0;0;3.2;3;74.3;72.0
2246;Totaal personen;Druten;2009;13;10;9;8;1;0;1;5;2;2;0;0;3.6;4;73.6;71.0
2247;Totaal personen;Druten;2010;13;10;9;8;1;0;1;5;2;2;0;0;4.3;4;73.2;70.0
2248;Totaal personen;Druten;2011;13;10;9;8;1;0;1;5;2;2;0;0;4.1;4;72.9;69.9
2249;Totaal personen;Druten;2012;13;10;9;8;1;0;1;5;2;2;0;0;4.8;4;72.3;68.8
2250;Totaal personen;Druten;2013;13;10;9;8;2;0;1;4;2;3;0;1;6.1;4;73.3;68.8
2251;Totaal personen;Druten;2014;14;10;9;8;1;0;1;4;2;3;0;1;6.3;4;72.3;67.7
2252;Totaal personen;Druten;2015;14;10;9;8;1;0;1;5;2;2;0;1;5.7;4;72.7;68.5
2253;Totaal personen;Druten;2016;14;10;9;8;2;0;1;5;2;2;0;1;5.4;4;72.2;68.3
2254;Totaal personen;Druten;2017;14;10;10;8;1;0;1;4;2;3;0;0;4.0;4;71.8;68.9
2255;Totaal personen;Druten;2018;14;10;10;8;1;0;1;4;2;3;0;0;3.3;4;72.1;69.8
2256;Totaal personen;Duiven;2003;19;14;13;12;2;0;1;6;3;3;0;1;3.8;5;72.9;70.1
2257;Totaal personen;Duiven;2004;19;13;13;11;1;0;1;6;2;4;0;1;4.5;5;71.5;68.4
2258;Totaal personen;Duiven;2005;19;14;13;11;2;0;1;6;2;4;0;1;4.9;5;72.6;69.1
2259;Totaal personen;Duiven;2006;19;14;13;12;2;0;1;6;2;3;0;1;4.0;5;73.2;70.3
2260;Totaal personen;Duiven;2007;19;14;13;12;1;0;1;6;3;3;0;0;3.5;5;74.1;71.5
2261;Totaal personen;Duiven;2008;19;14;14;12;2;0;1;6;3;4;1;0;3.2;5;74.3;71.9
2262;Totaal personen;Duiven;2009;19;14;14;12;2;0;1;6;3;3;1;1;3.6;5;75.1;72.4
2263;Totaal personen;Duiven;2010;19;14;13;12;1;0;1;6;2;3;0;1;4.3;5;74.1;70.9
2264;Totaal personen;Duiven;2011;19;14;14;12;2;0;1;6;3;3;1;1;4.3;5;74.1;70.9
2265;Totaal personen;Duiven;2012;19;14;13;12;2;0;1;6;3;3;1;1;5.1;5;73.2;69.5
2266;Totaal personen;Duiven;2013;19;14;13;12;2;0;1;6;2;3;0;1;6.6;5;74.0;69.1
2267;Totaal personen;Duiven;2014;19;14;13;11;2;0;1;6;2;4;0;1;6.7;5;73.7;68.7
2268;Totaal personen;Duiven;2015;19;14;13;11;2;0;1;6;2;4;0;1;6.2;5;72.0;67.5
2269;Totaal personen;Duiven;2016;20;14;13;11;2;0;1;6;2;4;0;1;5.5;5;72.0;68.0
2270;Totaal personen;Duiven;2017;20;14;14;12;2;0;1;6;2;4;0;1;4.3;5;73.5;70.3
2271;Totaal personen;Duiven;2018;20;14;14;12;2;0;1;6;2;4;0;1;3.8;5;73.2;70.4
2272;Totaal personen;Echt-Susteren;2003;24;16;15;13;2;0;1;8;3;3;1;1;4.5;9;64.3;61.4
2273;Totaal personen;Echt-Susteren;2004;24;16;15;13;2;0;1;7;3;3;0;1;5.3;9;64.6;61.2
2274;Totaal personen;Echt-Susteren;2005;25;16;15;13;2;0;1;8;3;3;0;1;5.8;9;64.8;61.0
2275;Totaal personen;Echt-Susteren;2006;25;16;15;13;2;0;1;7;3;3;0;1;5.4;9;64.4;60.9
2276;Totaal personen;Echt-Susteren;2007;25;16;15;13;2;0;2;8;3;3;0;1;4.6;9;64.8;61.8
2277;Totaal personen;Echt-Susteren;2008;25;17;16;14;3;0;1;8;3;4;0;1;3.7;8;67.6;65.1
2278;Totaal personen;Echt-Susteren;2009;25;17;16;13;3;0;2;7;3;3;1;1;4.5;8;67.2;64.2
2279;Totaal personen;Echt-Susteren;2010;25;17;16;13;3;0;1;7;3;4;0;1;4.8;8;67.1;63.8
2280;Totaal personen;Echt-Susteren;2011;25;16;16;13;3;0;1;7;3;4;0;1;4.4;8;65.9;63.0
2281;Totaal personen;Echt-Susteren;2012;25;16;15;13;2;0;2;7;3;4;0;1;5.1;8;66.1;62.7
2282;Totaal personen;Echt-Susteren;2013;25;16;15;13;2;0;1;7;3;3;1;1;6.7;8;66.8;62.3
2283;Totaal personen;Echt-Susteren;2014;24;16;15;13;2;0;1;7;3;4;0;1;6.8;8;66.7;62.2
2284;Totaal personen;Echt-Susteren;2015;24;16;15;13;2;0;1;7;3;4;0;1;5.9;8;67.2;63.2
2285;Totaal personen;Echt-Susteren;2016;24;16;15;13;3;0;1;7;3;4;0;1;5.0;8;66.3;63.1
2286;Totaal personen;Echt-Susteren;2017;24;16;16;13;2;0;2;7;2;4;0;1;4.0;8;67.0;64.3
2287;Totaal personen;Echt-Susteren;2018;24;16;16;13;2;0;2;8;3;4;0;1;3.3;8;67.5;65.2
2288;Totaal personen;Edam-Volendam;2003;26;18;18;15;3;0;1;9;3;4;0;1;3.0;8;70.4;68.3
2289;Totaal personen;Edam-Volendam;2004;26;18;18;15;3;0;1;10;3;3;0;1;3.6;8;70.4;67.9
2290;Totaal personen;Edam-Volendam;2005;26;19;18;15;3;0;1;10;3;4;0;1;3.7;8;71.1;68.4
2291;Totaal personen;Edam-Volendam;2006;26;18;18;15;3;0;1;10;3;3;0;1;3.3;8;70.3;68.0
2292;Totaal personen;Edam-Volendam;2007;26;18;18;15;3;0;2;10;3;3;0;1;3.0;8;70.3;68.2
2293;Totaal personen;Edam-Volendam;2008;26;19;18;15;3;0;1;10;3;4;0;0;2.7;8;70.7;68.8
2294;Totaal personen;Edam-Volendam;2009;26;19;18;15;3;0;1;10;3;3;0;1;3.1;8;71.3;69.0
2295;Totaal personen;Edam-Volendam;2010;26;19;18;15;3;0;1;10;3;3;0;1;3.5;8;70.8;68.3
2296;Totaal personen;Edam-Volendam;2011;26;18;18;15;3;0;2;9;3;3;0;1;3.3;8;69.7;67.4
2297;Totaal personen;Edam-Volendam;2012;27;19;18;14;3;0;1;9;3;4;0;1;4.0;8;70.3;67.4
2298;Totaal personen;Edam-Volendam;2013;27;19;18;14;4;0;1;9;3;4;0;1;5.2;8;70.7;67.0
2299;Totaal personen;Edam-Volendam;2014;27;19;18;15;3;0;2;9;3;5;0;1;5.4;8;70.3;66.6
2300;Totaal personen;Edam-Volendam;2015;27;19;18;15;4;0;2;9;3;5;0;1;4.7;8;71.2;67.8
2301;Totaal personen;Edam-Volendam;2016;27;19;18;15;4;0;2;8;3;5;0;1;4.0;8;70.9;68.1
2302;Totaal personen;Edam-Volendam;2017;27;19;19;15;4;0;2;10;3;4;1;1;3.3;8;71.1;68.8
2303;Totaal personen;Edam-Volendam;2018;27;20;19;15;4;0;1;10;3;5;0;1;2.7;8;71.7;69.7
2304;Totaal personen;Ede;2003;76;52;50;43;7;0;5;23;9;12;1;2;4.4;24;68.2;65.3
2305;Totaal personen;Ede;2004;77;53;50;44;7;0;4;24;9;12;0;3;4.9;24;68.6;65.2
2306;Totaal personen;Ede;2005;77;53;50;44;6;0;5;26;8;11;0;3;5.2;25;68.2;64.7
2307;Totaal personen;Ede;2006;78;54;52;44;8;0;5;26;8;13;0;2;4.0;24;69.4;66.6
2308;Totaal personen;Ede;2007;78;55;53;44;9;0;5;26;8;14;0;2;3.5;23;70.9;68.5
2309;Totaal personen;Ede;2008;78;56;54;45;9;0;5;27;10;12;1;2;3.4;22;71.4;69.0
2310;Totaal personen;Ede;2009;78;55;53;44;9;0;5;25;9;13;0;2;3.5;23;70.4;67.9
2311;Totaal personen;Ede;2010;78;55;53;45;8;0;5;25;9;14;0;2;4.3;23;70.9;67.8
2312;Totaal personen;Ede;2011;79;55;53;45;8;0;4;25;10;14;1;2;4.3;23;70.4;67.4
2313;Totaal personen;Ede;2012;79;56;53;46;7;0;4;23;10;15;0;3;5.0;24;70.2;66.6
2314;Totaal personen;Ede;2013;81;58;54;47;7;0;5;22;9;16;1;4;6.2;23;71.7;67.3
2315;Totaal personen;Ede;2014;81;58;54;46;8;0;5;24;8;17;0;4;6.6;23;71.2;66.5
2316;Totaal personen;Ede;2015;82;58;55;46;9;0;5;24;9;17;0;4;6.1;23;71.6;67.2
2317;Totaal personen;Ede;2016;82;58;55;45;10;0;6;23;9;17;1;3;5.7;24;70.6;66.6
2318;Totaal personen;Ede;2017;83;59;57;47;10;0;5;25;9;17;1;2;4.1;24;71.3;68.3
2319;Totaal personen;Ede;2018;84;60;58;48;10;0;6;25;10;18;0;2;3.4;24;71.7;69.3
2320;Totaal personen;Eemnes;2003;6;5;4;4;1;0;0;2;1;1;0;0;3.7;2;69.8;67.2
2321;Totaal personen;Eemnes;2004;7;5;4;4;1;0;0;2;1;1;0;0;4.3;2;70.0;67.0
2322;Totaal personen;Eemnes;2005;7;5;4;4;1;0;0;2;1;1;0;0;4.6;2;70.4;67.1
2323;Totaal personen;Eemnes;2006;7;5;4;4;1;0;0;2;1;1;0;0;3.9;2;70.3;67.6
2324;Totaal personen;Eemnes;2007;7;5;5;4;1;0;0;2;1;1;0;0;3.2;2;72.2;69.9
2325;Totaal personen;Eemnes;2008;7;5;5;4;1;0;0;2;1;1;0;0;3.0;2;72.6;70.5
2326;Totaal personen;Eemnes;2009;7;5;5;4;1;0;0;2;1;1;0;0;3.5;2;73.2;70.6
2327;Totaal personen;Eemnes;2010;7;5;5;4;1;0;0;2;1;1;0;0;3.8;2;72.1;69.4
2328;Totaal personen;Eemnes;2011;7;5;5;4;1;0;0;2;1;1;0;0;4.0;2;71.8;68.9
2329;Totaal personen;Eemnes;2012;7;5;4;4;1;0;0;2;1;1;0;0;4.8;2;71.5;68.1
2330;Totaal personen;Eemnes;2013;7;5;4;4;1;0;0;2;1;1;0;0;5.8;2;71.6;67.4
2331;Totaal personen;Eemnes;2014;7;5;4;4;1;0;0;2;1;1;0;0;6.0;2;71.3;67.1
2332;Totaal personen;Eemnes;2015;7;5;4;4;1;0;0;2;1;1;0;0;5.3;2;70.9;67.1
2333;Totaal personen;Eemnes;2016;7;5;4;4;1;0;0;2;1;1;0;0;5.0;2;70.8;67.2
2334;Totaal personen;Eemnes;2017;7;5;5;4;1;0;0;2;1;1;0;0;3.8;2;71.1;68.4
2335;Totaal personen;Eemnes;2018;7;5;5;4;1;0;0;2;1;2;0;0;3.1;2;71.3;69.1
2336;Totaal personen;Eemsmond;2003;12;8;7;6;1;0;1;4;1;1;0;0;5.5;5;63.3;59.9
2337;Totaal personen;Eemsmond;2004;12;8;7;6;1;0;1;4;1;1;0;1;6.6;4;64.7;60.4
2338;Totaal personen;Eemsmond;2005;12;8;7;6;1;0;1;4;1;1;0;1;6.7;4;64.8;60.4
2339;Totaal personen;Eemsmond;2006;12;8;7;6;1;0;1;4;1;1;0;0;5.6;4;64.9;61.3
2340;Totaal personen;Eemsmond;2007;12;8;7;6;1;0;1;4;1;1;1;0;5.1;4;64.9;61.6
2341;Totaal personen;Eemsmond;2008;12;8;8;6;1;0;1;4;1;1;0;0;4.0;4;66.0;63.3
2342;Totaal personen;Eemsmond;2009;12;8;8;6;1;0;1;4;1;1;0;0;4.4;4;67.6;64.6
2343;Totaal personen;Eemsmond;2010;12;8;8;6;2;0;1;4;1;2;0;0;4.9;4;67.9;64.6
2344;Totaal personen;Eemsmond;2011;12;8;8;6;1;0;1;4;1;2;0;0;4.7;4;67.5;64.3
2345;Totaal personen;Eemsmond;2012;12;8;8;6;2;0;1;4;1;2;0;0;5.3;4;67.6;64.0
2346;Totaal personen;Eemsmond;2013;12;8;8;6;1;0;1;4;1;2;0;1;7.5;4;67.5;62.4
2347;Totaal personen;Eemsmond;2014;12;8;7;6;1;0;1;4;1;1;0;1;7.3;4;65.3;60.5
2348;Totaal personen;Eemsmond;2015;12;8;7;6;1;0;1;4;1;1;0;1;7.2;4;66.5;61.7
2349;Totaal personen;Eemsmond;2016;12;8;7;6;2;0;1;4;1;2;0;0;5.9;4;66.7;62.8
2350;Totaal personen;Eemsmond;2017;12;8;7;6;1;0;1;4;1;2;0;0;4.8;4;66.2;63.0
2351;Totaal personen;Eemsmond;2018;12;8;8;6;1;0;1;4;1;1;0;0;4.0;4;67.0;64.3
2352;Totaal personen;Eersel;2003;14;9;9;7;2;0;1;4;2;2;0;0;3.6;4;68.6;66.1
2353;Totaal personen;Eersel;2004;14;9;9;7;1;0;1;5;1;2;0;0;4.2;4;67.2;64.4
2354;Totaal personen;Eersel;2005;14;9;9;7;1;0;1;5;1;2;0;0;4.2;4;68.2;65.4
2355;Totaal personen;Eersel;2006;13;9;9;7;2;0;1;4;2;2;0;0;3.6;4;68.5;66.0
2356;Totaal personen;Eersel;2007;13;9;9;8;1;0;1;5;2;2;0;0;3.1;4;69.9;67.8
2357;Totaal personen;Eersel;2008;13;9;9;7;2;0;1;5;2;2;0;0;2.7;4;70.7;68.8
2358;Totaal personen;Eersel;2009;14;10;9;8;2;0;1;5;2;2;0;0;3.2;4;72.3;70.0
2359;Totaal personen;Eersel;2010;13;10;9;8;2;0;1;4;2;2;0;0;3.7;4;71.3;68.6
2360;Totaal personen;Eersel;2011;13;9;9;8;1;0;1;4;2;2;0;0;3.6;4;70.6;68.0
2361;Totaal personen;Eersel;2012;13;10;9;8;1;0;1;4;2;2;0;0;4.0;4;71.2;68.4
2362;Totaal personen;Eersel;2013;13;10;9;8;2;0;1;4;2;2;0;1;5.4;4;71.3;67.4
2363;Totaal personen;Eersel;2014;14;10;9;7;2;0;1;4;1;3;0;1;5.4;4;71.3;67.4
2364;Totaal personen;Eersel;2015;14;10;9;8;2;0;1;5;1;2;0;0;4.9;4;71.5;68.0
2365;Totaal personen;Eersel;2016;14;10;9;8;1;0;1;5;2;2;0;0;4.3;4;71.6;68.6
2366;Totaal personen;Eersel;2017;14;10;10;8;2;0;1;4;2;3;0;0;3.3;4;71.6;69.3
2367;Totaal personen;Eersel;2018;14;10;10;8;1;0;1;4;2;3;0;0;2.7;4;72.4;70.4
2368;Totaal personen;Eijsden-Margraten;2003;19;13;12;10;2;0;1;6;2;3;0;0;3.9;6;66.3;63.7
2369;Totaal personen;Eijsden-Margraten;2004;19;13;12;10;2;0;1;6;2;3;0;1;4.6;6;66.0;62.9
2370;Totaal personen;Eijsden-Margraten;2005;19;13;12;10;2;0;1;6;2;3;0;1;4.6;6;66.7;63.6
2371;Totaal personen;Eijsden-Margraten;2006;19;13;12;10;2;0;1;6;2;3;0;1;4.3;6;66.6;63.8
2372;Totaal personen;Eijsden-Margraten;2007;19;13;12;10;2;0;1;6;2;3;0;0;3.7;6;67.3;64.8
2373;Totaal personen;Eijsden-Margraten;2008;19;13;12;10;2;0;1;6;2;3;0;0;3.3;6;68.4;66.2
2374;Totaal personen;Eijsden-Margraten;2009;19;13;12;10;2;0;1;6;2;3;0;0;3.7;6;68.3;65.7
2375;Totaal personen;Eijsden-Margraten;2010;19;13;12;10;2;0;1;6;2;3;0;1;4.2;6;67.8;64.9
2376;Totaal personen;Eijsden-Margraten;2011;19;13;12;10;2;0;1;6;2;3;0;1;4.1;6;68.0;65.3
2377;Totaal personen;Eijsden-Margraten;2012;19;13;12;10;2;0;1;5;2;3;0;1;4.2;6;68.3;65.4
2378;Totaal personen;Eijsden-Margraten;2013;19;13;12;10;2;0;1;5;2;3;0;1;5.4;6;68.0;64.3
2379;Totaal personen;Eijsden-Margraten;2014;19;13;12;11;2;0;1;5;2;4;0;1;5.7;6;68.9;65.0
2380;Totaal personen;Eijsden-Margraten;2015;19;13;13;11;2;0;1;5;2;4;0;1;5.2;6;69.6;65.9
2381;Totaal personen;Eijsden-Margraten;2016;19;13;13;11;2;0;1;6;2;4;0;1;4.5;6;68.8;65.7
2382;Totaal personen;Eijsden-Margraten;2017;19;13;13;11;2;0;1;5;2;4;0;0;3.5;6;69.5;67.1
2383;Totaal personen;Eijsden-Margraten;2018;19;14;13;11;2;0;1;6;2;4;0;0;2.7;6;70.0;68.1
2384;Totaal personen;Eindhoven;2003;159;106;99;88;12;0;9;42;16;32;1;6;6.0;53;66.5;62.5
2385;Totaal personen;Eindhoven;2004;159;106;99;88;11;0;10;41;15;32;0;7;7.0;53;66.8;62.1
2386;Totaal personen;Eindhoven;2005;160;107;101;90;11;0;11;44;15;31;0;7;6.2;52;67.2;63.0
2387;Totaal personen;Eindhoven;2006;160;109;103;91;11;0;11;41;16;33;1;6;5.6;52;67.7;63.9
2388;Totaal personen;Eindhoven;2007;161;109;104;92;12;0;11;41;17;34;1;5;4.4;52;67.6;64.6
2389;Totaal personen;Eindhoven;2008;162;113;109;95;14;0;11;43;18;36;1;5;4.0;48;70.0;67.2
2390;Totaal personen;Eindhoven;2009;162;114;108;93;14;0;10;43;18;35;2;6;5.1;49;70.0;66.4
2391;Totaal personen;Eindhoven;2010;163;114;107;90;17;0;10;42;17;37;0;7;5.7;50;69.6;65.7
2392;Totaal personen;Eindhoven;2011;164;114;108;91;17;0;10;42;18;36;1;7;5.7;50;69.7;65.8
2393;Totaal personen;Eindhoven;2012;165;118;111;95;16;0;11;45;19;35;0;7;6.1;47;71.7;67.3
2394;Totaal personen;Eindhoven;2013;168;119;109;94;14;0;11;43;16;39;1;10;8.3;49;70.7;64.8
2395;Totaal personen;Eindhoven;2014;169;119;108;93;15;0;11;43;15;38;1;11;9.0;50;70.3;64.0
2396;Totaal personen;Eindhoven;2015;170;120;110;96;14;0;11;43;16;38;1;10;8.1;51;70.1;64.5
2397;Totaal personen;Eindhoven;2016;172;121;113;96;16;0;11;41;16;43;1;8;6.8;51;70.4;65.6
2398;Totaal personen;Eindhoven;2017;174;123;116;99;17;0;12;43;17;43;1;7;5.4;52;70.4;66.6
2399;Totaal personen;Eindhoven;2018;177;125;120;102;17;0;11;44;17;46;1;5;4.2;52;70.8;67.8
2400;Totaal personen;Elburg;2003;16;11;11;9;2;0;1;5;2;2;0;0;3.5;5;69.0;66.6
2401;Totaal personen;Elburg;2004;16;11;10;9;1;0;1;6;2;2;0;0;4.2;5;67.6;64.8
2402;Totaal personen;Elburg;2005;16;11;10;9;2;0;1;6;2;2;0;1;4.7;5;68.3;65.1
2403;Totaal personen;Elburg;2006;16;11;11;9;2;0;1;5;2;3;0;0;3.8;5;69.4;66.7
2404;Totaal personen;Elburg;2007;16;11;11;10;1;0;1;6;2;2;0;0;3.2;5;70.1;67.9
2405;Totaal personen;Elburg;2008;16;11;11;10;1;0;1;6;2;2;0;0;2.9;5;70.6;68.5
2406;Totaal personen;Elburg;2009;16;11;11;9;2;0;1;6;2;2;0;0;3.2;5;71.4;69.1
2407;Totaal personen;Elburg;2010;16;12;11;9;2;0;1;6;2;3;0;0;3.7;5;71.5;68.8
2408;Totaal personen;Elburg;2011;16;12;11;9;2;0;1;6;2;2;0;0;3.8;5;71.8;69.1
2409;Totaal personen;Elburg;2012;16;12;11;9;2;0;1;6;2;2;0;1;4.5;5;72.0;68.8
2410;Totaal personen;Elburg;2013;16;12;11;9;2;0;1;5;2;3;0;1;5.6;5;72.1;68.1
2411;Totaal personen;Elburg;2014;17;12;11;9;2;0;1;5;2;3;0;1;5.4;5;72.1;68.2
2412;Totaal personen;Elburg;2015;17;12;11;9;2;0;1;5;2;3;0;1;4.9;5;71.2;67.7
2413;Totaal personen;Elburg;2016;17;12;11;10;2;0;1;6;2;3;0;1;4.7;5;71.7;68.3
2414;Totaal personen;Elburg;2017;17;12;12;10;2;0;1;6;2;2;0;0;3.8;5;71.4;68.6
2415;Totaal personen;Elburg;2018;17;12;12;10;2;0;1;6;2;3;0;0;3.1;5;71.6;69.3
2416;Totaal personen;Emmen;2003;81;53;49;44;6;0;6;27;9;7;1;3;5.9;29;64.8;60.9
2417;Totaal personen;Emmen;2004;81;52;48;43;5;0;6;27;8;7;0;4;7.9;29;64.4;59.3
2418;Totaal personen;Emmen;2005;81;53;48;42;6;0;6;28;8;7;0;5;8.5;28;65.4;59.8
2419;Totaal personen;Emmen;2006;81;54;50;43;7;0;6;29;8;7;0;3;6.4;27;66.1;61.9
2420;Totaal personen;Emmen;2007;81;54;51;44;7;0;6;27;9;9;1;3;5.3;28;66.0;62.6
2421;Totaal personen;Emmen;2008;82;55;53;46;7;0;5;28;10;8;1;3;4.9;26;67.8;64.5
2422;Totaal personen;Emmen;2009;82;55;51;45;6;0;6;26;9;9;1;3;6.2;27;66.9;62.8
2423;Totaal personen;Emmen;2010;82;54;51;45;5;0;6;27;9;7;2;3;6.4;27;66.4;62.1
2424;Totaal personen;Emmen;2011;81;53;50;44;6;0;6;26;9;7;2;3;6.3;28;65.3;61.2
2425;Totaal personen;Emmen;2012;81;55;51;44;6;0;6;26;9;8;1;4;7.6;26;67.6;62.5
2426;Totaal personen;Emmen;2013;81;54;50;42;7;0;5;26;9;8;1;5;8.5;27;66.8;61.1
2427;Totaal personen;Emmen;2014;81;54;49;43;7;0;6;25;9;8;1;4;8.2;27;66.3;60.8
2428;Totaal personen;Emmen;2015;81;54;49;42;7;0;5;25;8;11;1;4;8.1;27;66.8;61.4
2429;Totaal personen;Emmen;2016;81;52;48;42;7;0;5;24;8;10;1;4;7.5;28;64.8;59.9
2430;Totaal personen;Emmen;2017;81;53;50;42;7;0;5;25;9;10;1;3;6.2;28;65.4;61.3
2431;Totaal personen;Emmen;2018;81;52;50;43;7;0;5;25;9;9;1;3;4.9;28;65.0;61.8
2432;Totaal personen;Enkhuizen;2003;13;9;9;8;1;0;1;4;2;1;0;0;4.2;4;68.9;66.0
2433;Totaal personen;Enkhuizen;2004;13;9;9;7;1;0;1;5;2;2;0;0;5.0;4;68.6;65.2
2434;Totaal personen;Enkhuizen;2005;13;9;9;7;1;0;1;5;1;2;0;0;5.2;4;68.5;64.9
2435;Totaal personen;Enkhuizen;2006;13;9;9;7;1;0;1;5;2;2;0;0;4.7;4;68.6;65.4
2436;Totaal personen;Enkhuizen;2007;14;10;9;8;1;0;1;4;2;2;0;0;3.6;4;70.6;68.0
2437;Totaal personen;Enkhuizen;2008;14;10;9;8;2;0;1;5;2;2;0;0;3.1;4;71.1;68.9
2438;Totaal personen;Enkhuizen;2009;14;10;9;8;2;0;1;5;2;2;0;0;3.7;4;71.3;68.7
2439;Totaal personen;Enkhuizen;2010;14;10;9;8;2;0;1;4;2;2;0;0;4.2;4;70.6;67.6
2440;Totaal personen;Enkhuizen;2011;14;10;9;8;1;0;1;4;2;2;0;0;4.3;4;70.0;67.0
2441;Totaal personen;Enkhuizen;2012;14;10;9;8;2;0;1;4;2;2;0;0;4.9;4;70.9;67.5
2442;Totaal personen;Enkhuizen;2013;14;10;9;8;2;0;1;4;2;2;0;1;6.5;4;70.1;65.6
2443;Totaal personen;Enkhuizen;2014;14;10;9;8;2;0;1;5;2;2;0;1;6.6;4;70.2;65.6
2444;Totaal personen;Enkhuizen;2015;14;10;9;7;2;0;1;4;1;2;0;1;6.0;4;69.8;65.5
2445;Totaal personen;Enkhuizen;2016;14;10;9;8;2;0;1;4;2;3;0;1;5.7;4;69.3;65.3
2446;Totaal personen;Enkhuizen;2017;14;10;9;8;2;0;1;4;2;3;0;0;4.6;4;69.9;66.7
2447;Totaal personen;Enkhuizen;2018;14;10;9;8;2;0;1;4;2;2;0;0;3.6;4;70.4;67.9
2448;Totaal personen;Enschede;2003;116;75;71;62;9;0;8;36;11;15;0;4;5.7;41;64.9;61.2
2449;Totaal personen;Enschede;2004;117;75;70;61;8;0;8;34;11;16;0;6;7.4;42;64.4;59.6
2450;Totaal personen;Enschede;2005;117;77;71;62;9;0;7;36;11;15;0;7;8.6;40;65.8;60.1
2451;Totaal personen;Enschede;2006;118;78;72;64;9;0;8;36;12;16;0;6;7.4;40;66.4;61.5
2452;Totaal personen;Enschede;2007;118;79;75;65;9;0;7;38;13;16;1;5;5.7;38;67.3;63.5
2453;Totaal personen;Enschede;2008;118;81;77;68;9;0;8;37;13;20;0;4;4.8;38;68.1;64.9
2454;Totaal personen;Enschede;2009;119;81;76;67;9;0;7;36;12;21;0;5;6.3;38;68.2;63.9
2455;Totaal personen;Enschede;2010;119;81;75;65;10;0;8;34;13;20;1;6;7.3;39;67.7;62.8
2456;Totaal personen;Enschede;2011;120;81;76;65;10;0;8;35;13;19;1;6;7.2;38;68.0;63.1
2457;Totaal personen;Enschede;2012;121;81;74;64;10;0;8;33;13;20;1;6;7.7;40;66.8;61.6
2458;Totaal personen;Enschede;2013;121;83;75;64;11;0;10;30;12;22;1;8;10.0;38;68.5;61.6
2459;Totaal personen;Enschede;2014;121;82;74;63;11;0;10;33;11;20;1;8;9.4;39;67.9;61.5
2460;Totaal personen;Enschede;2015;120;82;75;65;11;0;8;35;11;21;0;7;8.5;38;68.5;62.7
2461;Totaal personen;Enschede;2016;120;81;74;64;11;0;8;32;12;21;0;7;8.6;39;67.3;61.5
2462;Totaal personen;Enschede;2017;121;79;74;64;9;0;8;33;11;21;1;6;7.1;41;65.7;61.0
2463;Totaal personen;Enschede;2018;121;80;76;66;10;0;8;33;12;23;1;4;5.2;40;66.5;63.1
2464;Totaal personen;Epe;2003;25;16;15;13;2;0;2;7;3;4;0;1;3.8;9;64.8;62.3
2465;Totaal personen;Epe;2004;24;16;15;13;3;0;2;8;3;3;0;1;4.4;8;66.0;63.1
2466;Totaal personen;Epe;2005;24;16;15;13;2;0;2;7;3;3;0;1;4.6;9;65.1;62.1
2467;Totaal personen;Epe;2006;24;16;15;13;2;0;2;7;3;3;1;1;4.0;8;65.4;62.7
2468;Totaal personen;Epe;2007;24;16;16;13;2;0;2;7;3;4;0;1;3.4;8;66.9;64.6
2469;Totaal personen;Epe;2008;24;16;16;14;2;0;1;8;3;3;0;1;3.2;8;67.9;65.8
2470;Totaal personen;Epe;2009;24;17;16;13;2;0;1;8;3;4;0;1;3.8;8;68.4;65.8
2471;Totaal personen;Epe;2010;24;16;16;13;2;0;1;8;3;3;1;1;4.4;8;68.0;65.0
2472;Totaal personen;Epe;2011;24;16;16;13;2;0;1;8;3;3;0;1;4.0;8;67.9;65.2
2473;Totaal personen;Epe;2012;24;16;15;13;2;0;2;8;3;3;1;1;4.4;8;67.2;64.2
2474;Totaal personen;Epe;2013;24;16;15;13;3;0;1;7;3;4;0;1;6.0;7;69.1;65.0
2475;Totaal personen;Epe;2014;24;16;15;12;3;0;2;7;3;3;1;1;6.3;8;68.0;63.6
2476;Totaal personen;Epe;2015;24;16;15;12;3;0;2;7;3;3;1;1;5.8;8;68.0;64.1
2477;Totaal personen;Epe;2016;24;16;15;13;3;0;2;7;3;4;0;1;5.1;8;68.3;64.9
2478;Totaal personen;Epe;2017;24;17;16;13;3;0;2;8;3;4;0;1;3.9;8;68.8;66.1
2479;Totaal personen;Epe;2018;24;16;16;13;3;0;1;8;3;4;1;1;3.3;8;67.5;65.3
2480;Totaal personen;Ermelo;2003;19;13;12;11;2;0;1;6;2;3;0;0;3.7;7;65.4;63.0
2481;Totaal personen;Ermelo;2004;19;13;12;10;2;0;1;6;2;3;0;1;4.4;6;66.1;63.2
2482;Totaal personen;Ermelo;2005;19;13;12;10;2;0;1;6;2;3;0;1;4.6;6;67.3;64.2
2483;Totaal personen;Ermelo;2006;19;13;12;10;2;0;1;6;2;3;0;1;3.9;6;68.1;65.5
2484;Totaal personen;Ermelo;2007;19;13;13;11;2;0;1;6;2;3;0;0;3.5;6;68.0;65.6
2485;Totaal personen;Ermelo;2008;19;13;13;11;2;0;1;6;2;3;0;0;3.2;6;70.3;68.0
2486;Totaal personen;Ermelo;2009;19;13;13;11;2;0;1;6;2;3;0;0;3.4;6;69.2;66.8
2487;Totaal personen;Ermelo;2010;19;13;13;11;2;0;1;6;2;3;0;1;3.9;6;69.5;66.8
2488;Totaal personen;Ermelo;2011;19;13;12;10;2;0;1;5;2;3;0;1;4.1;6;68.6;65.8
2489;Totaal personen;Ermelo;2012;19;13;13;11;2;0;1;6;2;3;0;1;4.4;6;69.4;66.3
2490;Totaal personen;Ermelo;2013;19;13;13;10;2;0;1;6;2;4;0;1;5.8;6;70.1;66.0
2491;Totaal personen;Ermelo;2014;19;13;12;10;2;0;1;6;2;3;0;1;5.7;6;69.8;65.8
2492;Totaal personen;Ermelo;2015;19;13;13;10;2;0;1;6;2;4;0;1;5.5;6;70.3;66.5
2493;Totaal personen;Ermelo;2016;19;13;13;10;2;0;1;6;2;3;0;1;4.8;6;70.3;66.9
2494;Totaal personen;Ermelo;2017;19;13;13;11;2;0;1;5;2;4;1;1;3.9;6;70.4;67.7
2495;Totaal personen;Ermelo;2018;19;14;13;11;2;0;1;5;2;4;1;0;3.1;6;70.5;68.3
2496;Totaal personen;Etten-Leur;2003;30;21;20;18;2;0;2;10;4;4;0;1;4.3;9;69.5;66.5
2497;Totaal personen;Etten-Leur;2004;30;21;20;18;2;0;2;10;4;4;0;1;5.2;9;70.1;66.4
2498;Totaal personen;Etten-Leur;2005;30;21;20;18;2;0;2;10;4;5;0;1;5.3;10;68.6;65.0
2499;Totaal personen;Etten-Leur;2006;31;21;20;18;3;0;2;10;4;5;0;1;4.4;9;69.7;66.6
2500;Totaal personen;Etten-Leur;2007;31;22;21;18;3;0;2;11;4;5;0;1;3.7;9;71.0;68.4
2501;Totaal personen;Etten-Leur;2008;31;22;22;19;3;0;2;12;4;4;0;1;3.4;9;72.0;69.6
2502;Totaal personen;Etten-Leur;2009;31;23;22;19;2;0;2;12;4;4;0;1;4.2;9;72.7;69.6
2503;Totaal personen;Etten-Leur;2010;32;23;21;19;3;0;2;11;4;4;0;1;4.7;9;71.5;68.1
2504;Totaal personen;Etten-Leur;2011;32;23;22;19;3;0;2;11;4;5;0;1;4.6;9;72.2;68.8
2505;Totaal personen;Etten-Leur;2012;32;23;22;19;3;0;2;10;4;5;0;1;5.4;9;71.9;68.0
2506;Totaal personen;Etten-Leur;2013;32;23;21;18;3;0;2;11;4;5;0;2;6.8;9;71.9;67.0
2507;Totaal personen;Etten-Leur;2014;32;23;21;18;3;0;2;10;4;5;0;2;6.9;9;71.7;66.7
2508;Totaal personen;Etten-Leur;2015;32;23;22;19;3;0;2;10;4;6;0;1;6.1;9;72.3;67.9
2509;Totaal personen;Etten-Leur;2016;32;23;22;19;3;0;2;10;4;6;0;1;5.0;9;71.7;68.1
2510;Totaal personen;Etten-Leur;2017;32;23;22;19;3;0;2;10;4;6;0;1;4.5;9;71.0;67.8
2511;Totaal personen;Etten-Leur;2018;33;23;22;19;3;0;2;10;4;6;0;1;3.5;9;71.0;68.5
2512;Totaal personen;Ferwerderadiel;2003;7;4;4;4;1;0;0;2;1;1;0;0;4.9;2;66.2;63.0
2513;Totaal personen;Ferwerderadiel;2004;7;4;4;3;1;0;0;2;1;1;0;0;5.8;2;66.9;63.1
2514;Totaal personen;Ferwerderadiel;2005;7;5;4;3;1;0;0;2;1;1;0;0;5.6;2;68.5;64.6
2515;Totaal personen;Ferwerderadiel;2006;7;5;4;3;1;0;0;2;1;1;0;0;4.9;2;68.4;65.0
2516;Totaal personen;Ferwerderadiel;2007;7;5;4;4;1;0;0;3;1;1;0;0;4.0;2;69.9;67.1
2517;Totaal personen;Ferwerderadiel;2008;7;5;4;4;1;0;0;3;1;1;0;0;3.6;2;69.9;67.4
2518;Totaal personen;Ferwerderadiel;2009;7;5;4;4;1;0;0;2;1;1;0;0;4.2;2;69.6;66.7
2519;Totaal personen;Ferwerderadiel;2010;7;5;4;4;1;0;0;2;1;1;0;0;4.6;2;69.3;66.1
2520;Totaal personen;Ferwerderadiel;2011;7;5;4;4;1;0;0;2;1;1;0;0;4.5;2;69.3;66.2
2521;Totaal personen;Ferwerderadiel;2012;7;4;4;3;1;0;0;2;1;1;0;0;5.5;2;68.3;64.5
2522;Totaal personen;Ferwerderadiel;2013;7;5;4;3;1;0;0;2;1;1;0;0;7.1;2;68.9;64.0
2523;Totaal personen;Ferwerderadiel;2014;6;4;4;3;1;0;0;2;1;1;0;0;6.9;2;68.8;64.0
2524;Totaal personen;Ferwerderadiel;2015;6;4;4;3;1;0;0;2;1;1;0;0;6.4;2;68.9;64.5
2525;Totaal personen;Ferwerderadiel;2016;6;4;4;3;1;0;0;2;1;1;0;0;5.5;2;69.0;65.2
2526;Totaal personen;Ferwerderadiel;2017;6;4;4;3;1;0;0;2;1;1;0;0;4.5;2;68.8;65.7
2527;Totaal personen;Ferwerderadiel;2018;6;4;4;3;1;0;0;2;1;1;0;0;3.5;2;69.4;67.0
2528;Totaal personen;De Fryske Marren;2003;38;25;24;20;4;0;2;13;4;4;1;1;4.4;13;65.9;63.0
2529;Totaal personen;De Fryske Marren;2004;38;25;24;20;4;0;2;14;4;4;0;1;5.1;13;66.8;63.4
2530;Totaal personen;De Fryske Marren;2005;38;25;24;20;4;0;2;13;4;4;0;1;5.2;12;67.5;64.0
2531;Totaal personen;De Fryske Marren;2006;38;26;24;20;5;0;2;13;4;5;0;1;4.4;12;67.6;64.6
2532;Totaal personen;De Fryske Marren;2007;38;26;25;21;5;0;2;14;4;5;0;1;3.5;12;69.4;66.9
2533;Totaal personen;De Fryske Marren;2008;38;27;26;21;5;0;2;14;4;5;0;1;3.1;11;69.9;67.7
2534;Totaal personen;De Fryske Marren;2009;38;27;26;20;5;0;2;15;4;5;0;1;3.8;11;70.2;67.6
2535;Totaal personen;De Fryske Marren;2010;38;26;25;20;5;0;2;13;4;5;0;1;4.5;12;68.8;65.8
2536;Totaal personen;De Fryske Marren;2011;38;26;25;20;5;0;2;13;5;5;1;1;4.3;12;68.7;65.7
2537;Totaal personen;De Fryske Marren;2012;38;27;25;20;5;0;2;12;5;5;1;1;5.1;12;69.6;66.0
2538;Totaal personen;De Fryske Marren;2013;38;27;25;20;5;0;2;13;4;6;0;2;6.3;12;70.0;65.6
2539;Totaal personen;De Fryske Marren;2014;38;27;25;20;5;0;3;12;4;6;0;2;6.7;11;69.9;65.2
2540;Totaal personen;De Fryske Marren;2015;38;26;25;20;5;0;2;12;4;6;0;2;6.0;12;69.6;65.4
2541;Totaal personen;De Fryske Marren;2016;38;27;25;20;5;0;3;12;4;6;0;1;5.4;12;69.7;65.9
2542;Totaal personen;De Fryske Marren;2017;38;27;26;20;5;0;3;13;4;5;1;1;4.4;12;69.9;66.8
2543;Totaal personen;De Fryske Marren;2018;38;27;26;21;6;0;3;14;4;5;0;1;3.6;11;70.7;68.2
2544;Totaal personen;Geertruidenberg;2003;16;11;11;10;1;0;1;5;2;2;0;0;3.8;5;69.1;66.5
2545;Totaal personen;Geertruidenberg;2004;16;11;11;9;1;0;1;6;2;2;0;1;4.5;5;70.5;67.3
2546;Totaal personen;Geertruidenberg;2005;16;11;11;9;1;0;1;5;2;2;0;1;4.5;5;71.3;68.1
2547;Totaal personen;Geertruidenberg;2006;16;11;11;9;1;0;1;5;2;2;0;0;3.9;5;70.3;67.5
2548;Totaal personen;Geertruidenberg;2007;16;11;11;9;2;0;1;6;2;2;0;0;3.3;5;71.3;69.0
2549;Totaal personen;Geertruidenberg;2008;16;11;11;10;1;0;1;5;2;2;0;0;2.9;4;71.8;69.7
2550;Totaal personen;Geertruidenberg;2009;16;12;11;9;2;0;1;6;2;2;0;0;3.6;4;73.0;70.4
2551;Totaal personen;Geertruidenberg;2010;16;12;11;10;2;0;1;6;2;2;0;0;4.1;4;72.7;69.7
2552;Totaal personen;Geertruidenberg;2011;16;12;11;10;2;0;1;6;2;3;0;0;3.9;4;72.5;69.6
2553;Totaal personen;Geertruidenberg;2012;16;12;11;10;1;0;1;6;2;2;1;1;5.1;5;71.8;68.2
2554;Totaal personen;Geertruidenberg;2013;16;12;11;9;2;0;1;6;2;2;0;1;5.9;5;72.5;68.2
2555;Totaal personen;Geertruidenberg;2014;16;12;11;9;2;0;1;6;2;2;0;1;6.0;5;72.3;68.0
2556;Totaal personen;Geertruidenberg;2015;16;12;11;10;1;0;1;6;2;3;0;1;5.8;5;71.6;67.5
2557;Totaal personen;Geertruidenberg;2016;16;12;11;9;2;0;1;5;2;3;0;1;5.1;5;71.8;68.1
2558;Totaal personen;Geertruidenberg;2017;16;12;11;10;2;0;1;5;2;3;0;0;3.9;5;72.3;69.5
2559;Totaal personen;Geertruidenberg;2018;16;12;12;10;2;0;1;6;2;3;0;0;3.0;4;73.1;70.9
2560;Totaal personen;Geldermalsen;2003;19;13;13;11;2;0;1;6;2;3;0;0;3.5;6;69.3;66.8
2561;Totaal personen;Geldermalsen;2004;19;13;13;11;2;0;1;7;2;2;0;1;4.1;6;70.6;67.7
2562;Totaal personen;Geldermalsen;2005;19;14;13;11;2;0;1;7;2;3;0;1;4.4;6;70.6;67.5
2563;Totaal personen;Geldermalsen;2006;19;14;13;11;2;0;1;7;2;3;0;0;3.6;6;70.3;67.7
2564;Totaal personen;Geldermalsen;2007;19;14;13;11;2;0;1;7;2;3;0;0;3.2;5;71.5;69.2
2565;Totaal personen;Geldermalsen;2008;19;14;14;11;2;0;1;6;3;4;0;0;2.9;5;72.1;70.0
2566;Totaal personen;Geldermalsen;2009;19;14;14;11;2;0;1;6;2;4;0;0;3.3;5;72.7;70.3
2567;Totaal personen;Geldermalsen;2010;19;14;13;11;2;0;1;7;2;3;0;1;3.8;5;72.2;69.5
2568;Totaal personen;Geldermalsen;2011;19;14;13;11;3;0;1;7;2;3;0;1;3.8;5;71.7;69.0
2569;Totaal personen;Geldermalsen;2012;19;14;13;11;3;0;1;6;2;4;0;1;4.2;5;72.7;69.6
2570;Totaal personen;Geldermalsen;2013;19;14;13;11;2;0;1;5;2;4;0;1;5.9;5;71.7;67.5
2571;Totaal personen;Geldermalsen;2014;20;14;13;11;2;0;1;5;2;4;0;1;6.2;6;71.5;67.1
2572;Totaal personen;Geldermalsen;2015;20;14;13;11;2;0;1;6;2;4;0;1;5.2;6;71.3;67.5
2573;Totaal personen;Geldermalsen;2016;20;14;13;11;2;0;1;6;2;4;0;1;4.2;6;71.2;68.2
2574;Totaal personen;Geldermalsen;2017;20;14;14;12;2;0;1;7;2;3;0;0;3.2;6;72.3;70.0
2575;Totaal personen;Geldermalsen;2018;20;15;14;12;2;0;1;6;2;4;0;0;3.0;6;72.0;69.9
2576;Totaal personen;Geldrop-Mierlo;2003;29;19;18;16;2;0;2;8;3;4;1;1;4.5;10;66.7;63.7
2577;Totaal personen;Geldrop-Mierlo;2004;29;19;18;16;2;0;2;8;3;5;0;1;5.3;9;67.4;63.9
2578;Totaal personen;Geldrop-Mierlo;2005;28;19;18;16;2;0;2;9;3;4;0;1;5.2;9;67.3;63.8
2579;Totaal personen;Geldrop-Mierlo;2006;28;19;18;16;3;0;2;9;3;4;0;1;4.5;9;67.8;64.8
2580;Totaal personen;Geldrop-Mierlo;2007;28;20;19;16;3;0;2;10;3;4;0;1;3.6;9;69.1;66.6
2581;Totaal personen;Geldrop-Mierlo;2008;29;20;19;16;3;0;2;9;3;5;0;1;3.2;9;69.2;67.0
2582;Totaal personen;Geldrop-Mierlo;2009;29;20;19;17;2;0;2;9;3;5;0;1;4.1;9;69.3;66.4
2583;Totaal personen;Geldrop-Mierlo;2010;29;20;19;16;3;0;2;9;3;5;0;1;5.0;9;69.0;65.6
2584;Totaal personen;Geldrop-Mierlo;2011;29;20;19;17;3;0;2;9;3;6;0;1;4.3;9;70.5;67.4
2585;Totaal personen;Geldrop-Mierlo;2012;29;20;19;16;3;0;2;8;4;6;0;1;5.0;9;70.3;66.8
2586;Totaal personen;Geldrop-Mierlo;2013;29;20;19;16;3;0;2;9;3;5;0;1;6.3;9;69.9;65.5
2587;Totaal personen;Geldrop-Mierlo;2014;29;20;19;16;3;0;2;9;3;5;0;1;6.8;9;69.9;65.1
2588;Totaal personen;Geldrop-Mierlo;2015;29;20;19;16;3;0;2;9;3;5;0;1;6.7;9;70.2;65.5
2589;Totaal personen;Geldrop-Mierlo;2016;29;20;19;16;3;0;2;9;3;6;0;1;5.7;9;69.8;65.8
2590;Totaal personen;Geldrop-Mierlo;2017;29;21;20;17;3;0;2;9;3;6;0;1;4.2;9;70.4;67.4
2591;Totaal personen;Geldrop-Mierlo;2018;30;21;20;17;4;0;2;9;3;6;0;1;3.4;9;71.0;68.6
2592;Totaal personen;Gemert-Bakel;2003;21;14;14;12;2;0;1;8;2;2;0;1;3.9;7;68.6;65.9
2593;Totaal personen;Gemert-Bakel;2004;21;14;14;11;3;0;1;7;2;3;0;1;4.7;7;68.9;65.7
2594;Totaal personen;Gemert-Bakel;2005;21;14;14;11;2;0;1;8;2;2;0;1;4.8;7;68.8;65.5
2595;Totaal personen;Gemert-Bakel;2006;21;15;14;12;2;0;1;8;2;2;0;1;4.2;6;70.3;67.4
2596;Totaal personen;Gemert-Bakel;2007;21;15;14;12;2;0;1;8;2;2;0;1;3.6;6;70.0;67.5
2597;Totaal personen;Gemert-Bakel;2008;21;15;15;12;3;0;1;8;2;3;0;0;3.2;6;72.2;69.9
2598;Totaal personen;Gemert-Bakel;2009;22;16;15;12;3;0;1;9;3;2;0;1;3.6;6;72.1;69.5
2599;Totaal personen;Gemert-Bakel;2010;22;16;15;13;2;0;1;8;3;3;0;1;4.1;6;71.1;68.2
2600;Totaal personen;Gemert-Bakel;2011;22;16;15;12;2;0;1;8;3;3;0;1;4.1;6;71.0;68.1
2601;Totaal personen;Gemert-Bakel;2012;22;16;15;13;3;0;1;8;3;3;0;1;4.6;6;72.0;68.6
2602;Totaal personen;Gemert-Bakel;2013;22;16;15;13;3;0;1;8;3;3;0;1;5.8;6;72.0;67.8
2603;Totaal personen;Gemert-Bakel;2014;22;16;15;12;3;0;1;8;2;3;0;1;6.1;6;71.3;66.9
2604;Totaal personen;Gemert-Bakel;2015;22;16;15;13;3;0;2;8;2;3;0;1;5.5;6;71.7;67.7
2605;Totaal personen;Gemert-Bakel;2016;23;16;16;13;3;0;1;9;2;3;0;1;4.7;6;72.5;69.1
2606;Totaal personen;Gemert-Bakel;2017;23;17;16;13;3;0;1;8;3;4;0;1;3.7;6;72.4;69.8
2607;Totaal personen;Gemert-Bakel;2018;23;17;16;13;3;0;2;7;3;4;0;1;3.1;6;72.3;70.0
2608;Totaal personen;Gennep;2003;12;8;8;7;1;0;1;4;1;1;0;0;4.3;4;67.8;64.9
2609;Totaal personen;Gennep;2004;12;8;8;7;1;0;1;4;1;1;0;0;5.0;4;68.2;64.8
2610;Totaal personen;Gennep;2005;12;8;8;7;1;0;1;4;1;1;0;0;4.8;4;68.3;65.0
2611;Totaal personen;Gennep;2006;12;8;8;7;1;0;1;4;1;1;0;0;4.2;4;68.8;65.9
2612;Totaal personen;Gennep;2007;12;9;8;7;1;0;1;4;2;2;0;0;3.7;4;70.5;67.9
2613;Totaal personen;Gennep;2008;12;9;9;8;1;0;1;4;2;2;0;0;3.4;4;71.5;69.1
2614;Totaal personen;Gennep;2009;12;9;8;7;1;0;1;4;2;3;0;0;4.1;4;70.7;67.8
2615;Totaal personen;Gennep;2010;13;9;8;7;1;0;1;4;2;2;0;0;4.4;4;70.3;67.2
2616;Totaal personen;Gennep;2011;13;9;8;7;1;0;1;4;2;2;0;0;4.3;4;69.7;66.7
2617;Totaal personen;Gennep;2012;13;9;9;7;1;0;1;4;2;2;0;0;4.7;4;71.1;67.8
2618;Totaal personen;Gennep;2013;13;9;8;7;1;0;1;4;1;2;0;1;6.6;4;70.9;66.2
2619;Totaal personen;Gennep;2014;13;9;8;7;1;0;1;4;1;2;0;1;7.0;4;69.9;65.0
2620;Totaal personen;Gennep;2015;12;9;8;7;1;0;1;4;1;2;0;1;6.3;4;70.7;66.2
2621;Totaal personen;Gennep;2016;12;9;8;7;1;0;1;4;1;2;0;0;5.0;4;69.8;66.3
2622;Totaal personen;Gennep;2017;13;9;8;7;1;0;1;4;1;2;0;0;4.4;4;69.7;66.6
2623;Totaal personen;Gennep;2018;12;9;8;7;1;0;1;4;1;2;0;0;3.3;4;70.0;67.7
2624;Totaal personen;Giessenlanden;2003;11;7;7;6;1;0;1;4;1;2;0;0;3.2;3;68.3;66.2
2625;Totaal personen;Giessenlanden;2004;11;7;7;6;1;0;1;4;1;1;0;0;3.8;3;67.7;65.1
2626;Totaal personen;Giessenlanden;2005;11;7;7;6;1;0;1;4;1;1;0;0;3.8;3;68.6;66.0
2627;Totaal personen;Giessenlanden;2006;11;7;7;6;1;0;1;4;1;1;0;0;3.3;3;69.6;67.3
2628;Totaal personen;Giessenlanden;2007;11;8;7;6;1;0;1;4;1;1;0;0;2.9;3;70.2;68.2
2629;Totaal personen;Giessenlanden;2008;11;8;7;6;2;0;1;4;1;2;0;0;2.6;3;71.4;69.6
2630;Totaal personen;Giessenlanden;2009;11;8;7;6;1;0;1;4;1;2;0;0;3.0;3;72.0;69.8
2631;Totaal personen;Giessenlanden;2010;11;8;8;6;1;0;0;4;1;2;0;0;3.3;3;72.3;69.9
2632;Totaal personen;Giessenlanden;2011;11;8;7;6;1;0;1;3;1;2;0;0;3.4;3;70.8;68.4
2633;Totaal personen;Giessenlanden;2012;11;8;7;6;1;0;1;4;1;2;0;0;3.9;3;71.4;68.6
2634;Totaal personen;Giessenlanden;2013;11;8;7;6;1;0;1;4;1;2;0;0;5.1;3;71.3;67.7
2635;Totaal personen;Giessenlanden;2014;11;8;7;6;1;0;1;4;1;2;0;0;5.2;3;71.0;67.3
2636;Totaal personen;Giessenlanden;2015;11;8;7;6;1;0;1;4;1;2;0;0;4.7;3;71.5;68.2
2637;Totaal personen;Giessenlanden;2016;11;8;7;6;1;0;1;4;1;2;0;0;4.1;3;71.1;68.1
2638;Totaal personen;Giessenlanden;2017;11;8;8;6;1;0;1;4;1;2;0;0;3.3;3;71.8;69.5
2639;Totaal personen;Giessenlanden;2018;11;8;8;6;1;0;1;3;1;2;0;0;2.8;3;71.7;69.7
2640;Totaal personen;Gilze en Rijen;2003;19;13;12;11;2;0;1;6;2;2;0;1;4.0;6;68.1;65.4
2641;Totaal personen;Gilze en Rijen;2004;19;13;12;11;2;0;1;6;2;2;0;1;4.7;6;68.7;65.5
2642;Totaal personen;Gilze en Rijen;2005;19;13;13;11;2;0;1;6;2;2;0;1;4.9;6;69.0;65.7
2643;Totaal personen;Gilze en Rijen;2006;19;13;13;11;2;0;1;7;2;3;0;1;4.1;6;69.1;66.3
2644;Totaal personen;Gilze en Rijen;2007;19;14;13;11;2;0;1;7;2;3;0;0;3.6;6;70.0;67.5
2645;Totaal personen;Gilze en Rijen;2008;20;14;14;11;2;0;1;6;2;3;0;0;3.1;6;71.5;69.2
2646;Totaal personen;Gilze en Rijen;2009;20;14;13;12;2;0;1;7;2;3;0;1;3.7;6;71.5;68.9
2647;Totaal personen;Gilze en Rijen;2010;20;14;13;12;2;0;1;6;2;3;0;1;4.4;6;70.7;67.6
2648;Totaal personen;Gilze en Rijen;2011;19;14;13;11;2;0;1;6;2;3;0;1;4.1;6;71.1;68.1
2649;Totaal personen;Gilze en Rijen;2012;19;14;13;11;2;0;1;6;2;3;0;1;4.5;5;72.4;69.1
2650;Totaal personen;Gilze en Rijen;2013;20;14;13;11;2;0;1;6;2;4;0;1;6.2;5;72.5;68.0
2651;Totaal personen;Gilze en Rijen;2014;20;14;13;11;2;0;1;6;2;3;0;1;6.4;6;71.5;67.0
2652;Totaal personen;Gilze en Rijen;2015;20;14;13;11;2;0;1;6;2;3;0;1;6.1;6;71.1;66.8
2653;Totaal personen;Gilze en Rijen;2016;20;14;13;11;2;0;1;6;2;4;0;1;5.4;6;71.3;67.4
2654;Totaal personen;Gilze en Rijen;2017;20;14;14;11;2;0;1;6;2;4;0;1;4.0;6;71.9;69.0
2655;Totaal personen;Gilze en Rijen;2018;20;14;14;11;2;0;1;6;2;4;0;0;3.3;6;71.8;69.4
2656;Totaal personen;Goeree-Overflakkee;2003;35;24;23;19;3;0;2;11;4;5;1;1;3.5;11;67.8;65.5
2657;Totaal personen;Goeree-Overflakkee;2004;35;24;23;20;3;0;2;12;4;5;0;1;4.1;11;67.9;65.1
2658;Totaal personen;Goeree-Overflakkee;2005;35;24;23;19;4;0;2;11;4;5;1;1;4.1;11;68.6;65.7
2659;Totaal personen;Goeree-Overflakkee;2006;35;24;23;20;4;0;2;11;4;5;1;1;3.6;11;68.7;66.3
2660;Totaal personen;Goeree-Overflakkee;2007;35;25;24;20;4;0;2;12;4;4;1;1;3.2;11;70.0;67.7
2661;Totaal personen;Goeree-Overflakkee;2008;35;25;24;20;4;0;2;12;5;5;1;1;2.8;10;71.2;69.2
2662;Totaal personen;Goeree-Overflakkee;2009;35;25;24;20;4;0;2;13;4;5;1;1;3.1;10;71.5;69.3
2663;Totaal personen;Goeree-Overflakkee;2010;35;25;24;20;4;0;2;12;4;5;1;1;3.6;10;70.4;67.9
2664;Totaal personen;Goeree-Overflakkee;2011;35;25;24;20;4;0;2;11;5;6;1;1;3.4;10;70.4;68.0
2665;Totaal personen;Goeree-Overflakkee;2012;36;26;25;20;4;0;2;12;5;6;1;1;3.9;10;71.4;68.6
2666;Totaal personen;Goeree-Overflakkee;2013;36;25;24;20;4;0;2;12;4;6;0;1;5.0;10;70.8;67.2
2667;Totaal personen;Goeree-Overflakkee;2014;36;25;24;20;4;0;2;11;4;6;1;1;5.2;10;70.7;67.1
2668;Totaal personen;Goeree-Overflakkee;2015;36;25;24;20;4;0;2;11;4;6;1;1;4.7;11;70.4;67.1
2669;Totaal personen;Goeree-Overflakkee;2016;36;26;25;20;5;0;2;12;4;6;0;1;3.8;10;71.8;69.0
2670;Totaal personen;Goeree-Overflakkee;2017;36;26;25;21;4;0;2;11;4;7;1;1;3.6;10;71.7;69.1
2671;Totaal personen;Goeree-Overflakkee;2018;36;26;25;21;4;0;2;11;5;6;1;1;2.8;10;71.2;69.2
2672;Totaal personen;Goes;2003;26;18;17;15;2;0;2;8;3;5;0;1;4.1;8;67.9;65.1
2673;Totaal personen;Goes;2004;27;18;17;15;2;0;1;9;4;3;0;1;4.5;8;68.7;65.6
2674;Totaal personen;Goes;2005;27;18;17;15;3;0;2;8;4;4;1;1;4.6;8;68.4;65.2
2675;Totaal personen;Goes;2006;27;18;17;15;2;0;2;7;3;4;1;1;4.3;9;68.0;65.0
2676;Totaal personen;Goes;2007;27;18;18;15;2;0;2;8;3;4;1;1;3.7;8;68.2;65.7
2677;Totaal personen;Goes;2008;27;19;18;15;3;0;2;9;3;4;0;1;3.3;8;69.9;67.6
2678;Totaal personen;Goes;2009;27;19;18;16;3;0;1;9;3;5;0;1;3.6;8;70.5;67.9
2679;Totaal personen;Goes;2010;27;19;18;16;2;0;1;8;3;5;1;1;4.2;8;69.3;66.4
2680;Totaal personen;Goes;2011;27;19;18;15;3;0;1;8;3;4;1;1;4.1;8;69.3;66.5
2681;Totaal personen;Goes;2012;27;19;18;16;3;0;2;8;3;5;1;1;4.4;8;70.5;67.4
2682;Totaal personen;Goes;2013;28;19;18;15;2;0;2;7;3;5;1;1;6.0;9;68.9;64.8
2683;Totaal personen;Goes;2014;27;19;18;15;3;0;2;8;3;4;1;1;5.6;8;70.2;66.3
2684;Totaal personen;Goes;2015;27;19;18;15;3;0;2;8;3;4;1;1;5.8;8;70.6;66.5
2685;Totaal personen;Goes;2016;27;19;18;16;3;0;2;8;3;5;1;1;4.6;8;70.9;67.7
2686;Totaal personen;Goes;2017;28;19;19;16;3;0;2;9;3;4;1;1;3.5;8;70.3;67.8
2687;Totaal personen;Goes;2018;28;20;19;16;3;0;2;9;3;6;0;1;2.8;8;71.4;69.4
2688;Totaal personen;Goirle;2003;17;12;12;10;1;0;1;5;2;3;0;0;3.7;5;69.8;67.1
2689;Totaal personen;Goirle;2004;17;12;12;10;1;0;1;5;2;3;0;1;4.1;5;70.8;67.9
2690;Totaal personen;Goirle;2005;17;12;12;10;1;0;1;6;2;3;0;0;4.1;5;70.4;67.5
2691;Totaal personen;Goirle;2006;17;12;12;10;1;0;1;5;2;3;0;0;3.8;5;71.0;68.4
2692;Totaal personen;Goirle;2007;17;12;12;10;1;0;1;5;2;3;0;0;3.4;5;70.8;68.4
2693;Totaal personen;Goirle;2008;17;12;12;11;1;0;1;5;2;3;0;0;3.0;5;71.5;69.3
2694;Totaal personen;Goirle;2009;17;12;12;11;1;0;1;6;2;2;0;0;3.6;5;71.2;68.6
2695;Totaal personen;Goirle;2010;17;12;12;10;1;0;1;5;2;3;0;0;4.0;5;71.6;68.7
2696;Totaal personen;Goirle;2011;17;12;12;10;1;0;1;5;2;3;0;0;3.7;5;70.3;67.7
2697;Totaal personen;Goirle;2012;17;12;12;10;2;0;1;5;2;3;0;1;4.3;5;70.9;67.8
2698;Totaal personen;Goirle;2013;17;12;12;10;1;0;1;5;2;3;0;1;5.7;5;71.1;67.0
2699;Totaal personen;Goirle;2014;17;12;12;10;1;0;1;5;2;3;0;1;5.8;5;70.8;66.7
2700;Totaal personen;Goirle;2015;17;12;12;10;2;0;1;5;2;4;0;1;5.6;5;71.1;67.1
2701;Totaal personen;Goirle;2016;17;12;12;10;2;0;1;5;2;4;0;1;4.7;5;70.4;67.1
2702;Totaal personen;Goirle;2017;17;12;12;10;2;0;1;6;2;3;0;0;3.8;5;71.0;68.3
2703;Totaal personen;Goirle;2018;17;12;12;10;2;0;1;5;2;4;0;0;3.0;5;71.1;69.0
2704;Totaal personen;Gooise Meren;2003;39;25;24;21;4;0;2;10;5;8;0;1;4.1;13;65.6;62.9
2705;Totaal personen;Gooise Meren;2004;39;26;24;20;4;0;1;10;5;8;0;1;4.8;13;66.1;62.9
2706;Totaal personen;Gooise Meren;2005;39;26;25;20;4;0;2;10;5;9;0;1;4.7;13;67.6;64.4
2707;Totaal personen;Gooise Meren;2006;39;26;25;20;5;0;2;9;4;10;0;1;4.2;13;67.3;64.5
2708;Totaal personen;Gooise Meren;2007;39;26;26;21;5;0;2;10;4;10;0;1;3.5;12;68.7;66.3
2709;Totaal personen;Gooise Meren;2008;39;27;26;21;5;0;2;10;5;10;0;1;3.2;11;70.3;68.1
2710;Totaal personen;Gooise Meren;2009;39;27;26;21;5;0;2;10;5;10;0;1;3.8;12;70.2;67.5
2711;Totaal personen;Gooise Meren;2010;39;27;26;21;5;0;2;10;5;10;0;1;4.3;12;70.2;67.1
2712;Totaal personen;Gooise Meren;2011;39;27;26;21;5;0;2;10;5;9;0;1;4.4;12;70.0;66.9
2713;Totaal personen;Gooise Meren;2012;39;28;26;21;5;0;2;9;5;10;0;1;5.1;12;70.5;66.9
2714;Totaal personen;Gooise Meren;2013;39;28;26;21;5;0;2;9;4;10;0;2;6.3;11;70.9;66.4
2715;Totaal personen;Gooise Meren;2014;39;28;26;21;5;0;2;9;4;10;0;2;6.9;12;70.0;65.2
2716;Totaal personen;Gooise Meren;2015;40;28;26;21;5;0;2;9;4;11;0;2;6.0;12;70.0;65.8
2717;Totaal personen;Gooise Meren;2016;40;28;27;20;6;0;2;9;5;11;0;1;5.1;12;70.4;66.8
2718;Totaal personen;Gooise Meren;2017;40;28;27;21;6;0;2;10;5;11;0;1;4.3;12;70.5;67.5
2719;Totaal personen;Gooise Meren;2018;40;29;28;21;6;0;2;9;5;12;0;1;3.4;12;70.9;68.5
2720;Totaal personen;Gorinchem;2003;26;18;17;15;2;0;2;8;3;4;0;1;4.7;8;68.8;65.5
2721;Totaal personen;Gorinchem;2004;25;17;16;15;2;0;1;9;3;3;0;1;5.6;8;68.3;64.5
2722;Totaal personen;Gorinchem;2005;25;18;17;15;2;0;2;8;3;3;0;1;5.6;8;69.8;65.9
2723;Totaal personen;Gorinchem;2006;25;18;17;14;2;0;2;7;3;4;1;1;4.7;8;69.6;66.4
2724;Totaal personen;Gorinchem;2007;25;18;17;15;2;0;2;8;3;4;0;1;3.6;7;71.0;68.4
2725;Totaal personen;Gorinchem;2008;26;18;17;15;2;0;2;8;3;4;0;1;3.5;7;70.8;68.3
2726;Totaal personen;Gorinchem;2009;26;18;18;15;2;0;2;8;3;4;0;1;4.1;7;71.6;68.7
2727;Totaal personen;Gorinchem;2010;26;18;17;15;3;0;1;8;3;4;0;1;4.9;7;71.2;67.7
2728;Totaal personen;Gorinchem;2011;26;18;17;15;3;0;1;8;3;5;0;1;4.9;7;71.4;67.9
2729;Totaal personen;Gorinchem;2012;26;19;17;15;2;0;1;8;3;5;0;1;5.8;7;71.2;67.1
2730;Totaal personen;Gorinchem;2013;26;19;17;15;3;0;2;7;3;5;0;1;7.1;8;70.8;65.8
2731;Totaal personen;Gorinchem;2014;26;18;17;14;3;0;1;8;3;5;0;1;7.4;8;70.6;65.3
2732;Totaal personen;Gorinchem;2015;26;18;17;15;2;0;2;8;3;4;1;1;6.6;8;69.6;65.0
2733;Totaal personen;Gorinchem;2016;26;18;17;15;3;0;2;8;3;4;1;1;5.8;8;69.8;65.7
2734;Totaal personen;Gorinchem;2017;27;19;18;15;3;0;2;8;3;5;0;1;4.7;8;70.7;67.4
2735;Totaal personen;Gorinchem;2018;27;19;19;16;3;0;2;8;3;5;0;1;3.9;8;71.0;68.2
2736;Totaal personen;Gouda;2003;52;36;34;31;3;0;3;14;7;11;0;2;5.1;16;68.7;65.2
2737;Totaal personen;Gouda;2004;53;37;34;31;3;0;2;15;6;11;0;2;5.7;16;69.6;65.7
2738;Totaal personen;Gouda;2005;52;37;35;31;4;0;2;14;6;12;0;2;6.0;16;70.3;66.1
2739;Totaal personen;Gouda;2006;52;36;34;31;3;0;3;14;6;12;0;2;4.8;16;69.3;66.0
2740;Totaal personen;Gouda;2007;52;36;35;32;3;0;3;14;7;11;1;2;4.5;16;70.2;67.0
2741;Totaal personen;Gouda;2008;52;37;36;32;4;0;3;15;6;11;0;1;3.8;15;70.9;68.2
2742;Totaal personen;Gouda;2009;52;37;35;31;4;0;3;14;6;11;0;2;4.4;15;70.5;67.4
2743;Totaal personen;Gouda;2010;52;37;35;31;4;0;3;14;6;12;0;2;5.6;16;70.2;66.3
2744;Totaal personen;Gouda;2011;52;37;35;31;4;0;3;14;6;12;0;2;5.4;15;71.1;67.3
2745;Totaal personen;Gouda;2012;52;37;35;30;5;0;3;13;6;12;0;2;6.4;15;71.2;66.6
2746;Totaal personen;Gouda;2013;52;37;34;30;5;0;2;14;6;12;0;3;7.7;15;71.0;65.5
2747;Totaal personen;Gouda;2014;52;38;35;30;5;0;3;15;6;12;0;3;7.7;15;71.8;66.2
2748;Totaal personen;Gouda;2015;52;37;34;29;5;0;3;13;5;12;0;3;8.0;16;70.3;64.7
2749;Totaal personen;Gouda;2016;53;37;34;29;5;0;3;13;6;12;0;3;6.8;16;69.5;64.8
2750;Totaal personen;Gouda;2017;54;37;35;30;5;0;3;15;6;11;0;2;4.9;16;69.6;66.2
2751;Totaal personen;Gouda;2018;54;38;37;32;5;0;4;14;6;13;0;1;3.7;16;70.3;67.7
2752;Totaal personen;Grave;2003;9;6;6;5;1;0;1;3;1;1;0;0;3.8;3;69.4;66.8
2753;Totaal personen;Grave;2004;9;7;6;6;1;0;1;3;1;1;0;0;4.8;3;70.0;66.7
2754;Totaal personen;Grave;2005;9;7;6;5;1;0;1;3;1;2;0;0;4.9;3;69.7;66.3
2755;Totaal personen;Grave;2006;9;6;6;5;1;0;0;3;1;2;0;0;4.4;3;69.7;66.7
2756;Totaal personen;Grave;2007;9;7;6;6;1;0;1;3;1;1;0;0;3.6;3;70.5;68.0
2757;Totaal personen;Grave;2008;9;7;7;6;1;0;1;3;1;1;0;0;3.2;3;71.9;69.6
2758;Totaal personen;Grave;2009;10;7;7;6;1;0;1;3;1;2;0;0;4.2;3;71.3;68.3
2759;Totaal personen;Grave;2010;10;7;7;5;1;0;1;3;1;2;0;0;4.4;3;70.8;67.7
2760;Totaal personen;Grave;2011;10;7;7;5;1;0;1;3;1;2;0;0;4.5;3;69.9;66.7
2761;Totaal personen;Grave;2012;10;7;6;5;1;0;0;3;1;2;0;0;5.6;3;70.7;66.7
2762;Totaal personen;Grave;2013;10;7;6;5;1;0;1;3;1;2;0;0;6.8;3;70.6;65.8
2763;Totaal personen;Grave;2014;9;7;6;5;1;0;1;3;1;1;0;0;6.6;3;71.1;66.4
2764;Totaal personen;Grave;2015;9;7;6;5;1;0;1;3;1;2;0;0;6.1;3;70.6;66.3
2765;Totaal personen;Grave;2016;9;6;6;5;1;0;0;3;1;2;0;0;5.2;3;70.7;67.0
2766;Totaal personen;Grave;2017;9;7;6;5;1;0;1;3;1;2;0;0;4.3;3;70.5;67.4
2767;Totaal personen;Grave;2018;9;7;6;5;1;0;1;3;1;2;0;0;3.2;3;71.4;69.1
2768;Totaal personen;'s-Gravenhage (gemeente);2003;346;230;216;186;30;0;16;95;38;66;2;14;6.2;116;66.5;62.4
2769;Totaal personen;'s-Gravenhage (gemeente);2004;351;234;217;186;32;0;16;95;40;67;1;16;7.0;117;66.7;62.0
2770;Totaal personen;'s-Gravenhage (gemeente);2005;354;239;221;189;31;0;15;92;37;77;0;19;7.9;115;67.6;62.3
2771;Totaal personen;'s-Gravenhage (gemeente);2006;357;239;223;193;30;0;17;93;35;76;1;16;6.7;118;67.0;62.5
2772;Totaal personen;'s-Gravenhage (gemeente);2007;356;240;227;193;33;0;17;94;38;76;1;13;5.5;116;67.5;63.7
2773;Totaal personen;'s-Gravenhage (gemeente);2008;359;244;233;198;35;0;17;97;39;79;1;11;4.4;115;67.9;64.9
2774;Totaal personen;'s-Gravenhage (gemeente);2009;363;247;234;200;34;0;17;96;37;82;1;14;5.5;116;68.1;64.4
2775;Totaal personen;'s-Gravenhage (gemeente);2010;365;245;229;191;38;0;15;90;36;85;2;16;6.5;120;67.2;62.8
2776;Totaal personen;'s-Gravenhage (gemeente);2011;370;251;232;193;40;0;17;90;41;82;2;18;7.2;119;67.8;62.9
2777;Totaal personen;'s-Gravenhage (gemeente);2012;376;257;235;197;38;0;18;90;41;84;3;23;8.7;118;68.5;62.6
2778;Totaal personen;'s-Gravenhage (gemeente);2013;381;260;234;192;42;0;19;85;37;89;4;26;9.9;121;68.3;61.5
2779;Totaal personen;'s-Gravenhage (gemeente);2014;383;257;229;185;45;0;18;83;34;92;2;28;10.9;126;67.2;59.9
2780;Totaal personen;'s-Gravenhage (gemeente);2015;385;258;232;188;44;0;18;86;36;91;1;26;10.1;127;67.0;60.3
2781;Totaal personen;'s-Gravenhage (gemeente);2016;390;259;236;192;44;0;18;88;40;90;1;23;8.8;131;66.3;60.5
2782;Totaal personen;'s-Gravenhage (gemeente);2017;394;262;243;197;45;0;20;90;39;92;3;19;7.2;132;66.4;61.6
2783;Totaal personen;'s-Gravenhage (gemeente);2018;399;269;255;206;50;0;22;93;41;98;1;14;5.2;129;67.6;64.1
2784;Totaal personen;Groningen (gemeente);2003;143;99;92;83;9;0;11;36;16;29;1;7;7.0;44;69.2;64.4
2785;Totaal personen;Groningen (gemeente);2004;144;100;92;82;10;0;9;37;15;31;0;8;8.0;44;69.2;63.7
2786;Totaal personen;Groningen (gemeente);2005;145;100;91;81;10;0;8;37;13;33;0;9;9.3;45;68.9;62.5
2787;Totaal personen;Groningen (gemeente);2006;146;98;91;81;10;0;9;36;13;33;0;7;7.3;48;67.4;62.5
2788;Totaal personen;Groningen (gemeente);2007;147;103;96;85;11;0;9;38;15;34;0;7;6.7;43;70.4;65.7
2789;Totaal personen;Groningen (gemeente);2008;148;104;99;87;12;0;9;39;17;34;0;6;5.4;44;70.4;66.6
2790;Totaal personen;Groningen (gemeente);2009;150;104;97;87;11;0;9;37;16;35;0;7;6.6;46;69.4;64.9
2791;Totaal personen;Groningen (gemeente);2010;152;108;101;88;13;0;9;34;17;42;0;7;6.5;44;71.2;66.6
2792;Totaal personen;Groningen (gemeente);2011;154;110;102;89;13;0;8;38;17;39;0;8;7.2;44;71.4;66.2
2793;Totaal personen;Groningen (gemeente);2012;157;109;100;87;13;0;9;37;17;38;0;9;8.1;48;69.3;63.7
2794;Totaal personen;Groningen (gemeente);2013;160;113;102;90;13;0;9;40;16;38;0;11;9.3;48;70.3;63.7
2795;Totaal personen;Groningen (gemeente);2014;162;111;100;86;13;0;9;39;15;37;0;11;9.9;52;68.0;61.3
2796;Totaal personen;Groningen (gemeente);2015;164;113;101;89;12;0;10;40;15;36;0;12;10.5;50;69.2;61.9
2797;Totaal personen;Groningen (gemeente);2016;164;113;103;88;15;0;9;37;16;40;0;10;9.1;51;68.8;62.5
2798;Totaal personen;Groningen (gemeente);2017;166;115;106;91;15;0;9;37;18;41;1;9;7.7;52;68.9;63.6
2799;Totaal personen;Groningen (gemeente);2018;167;114;106;91;15;0;9;37;18;42;0;7;6.6;53;68.2;63.7
2800;Totaal personen;Grootegast;2003;9;6;6;5;1;0;1;3;1;1;0;0;4.6;3;66.6;63.5
2801;Totaal personen;Grootegast;2004;9;6;5;5;1;0;0;3;1;1;0;0;5.6;3;66.7;62.9
2802;Totaal personen;Grootegast;2005;9;6;6;5;1;0;1;3;1;1;0;0;5.6;3;68.0;64.2
2803;Totaal personen;Grootegast;2006;9;6;6;5;1;0;1;3;1;1;0;0;4.8;3;68.0;64.7
2804;Totaal personen;Grootegast;2007;9;6;6;5;1;0;1;3;1;1;0;0;3.9;3;69.4;66.7
2805;Totaal personen;Grootegast;2008;9;6;6;5;1;0;1;3;1;1;0;0;3.2;3;70.8;68.6
2806;Totaal personen;Grootegast;2009;9;6;6;5;1;0;1;3;1;1;0;0;3.9;3;70.8;68.0
2807;Totaal personen;Grootegast;2010;9;6;6;5;1;0;1;3;1;1;0;0;4.4;3;70.6;67.4
2808;Totaal personen;Grootegast;2011;9;6;6;5;1;0;1;3;1;1;0;0;4.4;3;70.4;67.3
2809;Totaal personen;Grootegast;2012;9;6;6;5;1;0;1;3;1;1;0;0;5.0;3;70.9;67.3
2810;Totaal personen;Grootegast;2013;9;6;6;5;1;0;1;3;1;1;0;0;6.6;3;70.7;66.1
2811;Totaal personen;Grootegast;2014;9;6;6;5;1;0;1;3;1;1;0;0;6.4;3;70.9;66.3
2812;Totaal personen;Grootegast;2015;9;6;6;5;1;0;1;3;1;1;0;0;5.8;3;71.3;67.2
2813;Totaal personen;Grootegast;2016;9;6;6;5;1;0;1;3;1;1;0;0;5.2;3;71.7;68.0
2814;Totaal personen;Grootegast;2017;9;6;6;5;1;0;1;3;1;1;0;0;3.9;3;71.8;68.9
2815;Totaal personen;Grootegast;2018;9;6;6;5;1;0;1;3;1;1;0;0;3.3;3;71.5;69.1
2816;Totaal personen;Gulpen-Wittem;2003;12;8;7;6;1;0;1;4;1;1;0;0;4.0;4;64.2;61.6
2817;Totaal personen;Gulpen-Wittem;2004;12;8;7;6;1;0;1;3;1;2;0;0;4.7;4;65.4;62.4
2818;Totaal personen;Gulpen-Wittem;2005;12;8;7;6;1;0;1;4;1;1;0;0;4.9;4;65.5;62.3
2819;Totaal personen;Gulpen-Wittem;2006;12;7;7;6;1;0;1;4;1;1;0;0;4.8;4;64.5;61.4
2820;Totaal personen;Gulpen-Wittem;2007;11;7;7;6;1;0;1;4;1;2;0;0;4.1;4;64.6;62.0
2821;Totaal personen;Gulpen-Wittem;2008;11;8;7;6;1;0;1;4;1;2;0;0;3.4;4;66.6;64.3
2822;Totaal personen;Gulpen-Wittem;2009;11;8;7;6;1;0;1;4;1;2;0;0;3.8;4;67.3;64.7
2823;Totaal personen;Gulpen-Wittem;2010;11;8;7;6;1;0;1;4;1;2;0;0;4.4;4;67.4;64.5
2824;Totaal personen;Gulpen-Wittem;2011;11;7;7;6;1;0;1;3;1;2;0;0;4.1;4;65.8;63.1
2825;Totaal personen;Gulpen-Wittem;2012;11;7;7;6;1;0;1;3;1;2;0;0;4.4;4;65.2;62.3
2826;Totaal personen;Gulpen-Wittem;2013;11;8;7;6;1;0;1;3;1;2;0;0;5.8;4;66.7;62.8
2827;Totaal personen;Gulpen-Wittem;2014;11;7;7;6;1;0;1;3;1;2;0;0;6.2;4;66.3;62.2
2828;Totaal personen;Gulpen-Wittem;2015;11;7;7;6;1;0;1;3;1;2;0;0;5.9;4;66.0;62.1
2829;Totaal personen;Gulpen-Wittem;2016;11;7;7;6;1;0;1;3;1;2;0;0;5.1;4;65.6;62.3
2830;Totaal personen;Gulpen-Wittem;2017;11;7;7;6;1;0;1;3;1;2;0;0;3.8;4;65.9;63.4
2831;Totaal personen;Gulpen-Wittem;2018;11;7;7;6;1;0;1;3;1;2;0;0;3.1;4;66.5;64.4
2832;Totaal personen;Haaksbergen;2003;18;12;12;10;2;0;1;6;2;2;0;0;3.9;6;67.3;64.7
2833;Totaal personen;Haaksbergen;2004;18;12;12;10;2;0;1;7;2;2;0;1;4.5;6;68.0;65.0
2834;Totaal personen;Haaksbergen;2005;18;12;12;10;2;0;1;6;2;3;0;1;5.0;6;67.3;63.9
2835;Totaal personen;Haaksbergen;2006;18;12;12;10;1;0;1;6;2;3;0;1;4.3;6;67.3;64.4
2836;Totaal personen;Haaksbergen;2007;18;13;12;11;2;0;1;6;2;3;0;0;3.6;6;69.0;66.5
2837;Totaal personen;Haaksbergen;2008;18;13;12;11;2;0;1;6;2;3;0;0;3.2;5;70.2;68.0
2838;Totaal personen;Haaksbergen;2009;18;13;12;10;2;0;1;6;2;2;0;0;4.0;6;68.9;66.2
2839;Totaal personen;Haaksbergen;2010;18;13;12;10;2;0;1;6;2;3;0;1;4.5;6;69.3;66.2
2840;Totaal personen;Haaksbergen;2011;18;12;12;10;2;0;1;6;2;3;0;1;4.3;6;69.0;66.0
2841;Totaal personen;Haaksbergen;2012;18;13;12;10;2;0;1;6;2;2;0;1;4.9;5;69.6;66.1
2842;Totaal personen;Haaksbergen;2013;18;13;12;10;2;0;1;6;2;2;0;1;6.2;5;70.1;65.7
2843;Totaal personen;Haaksbergen;2014;18;13;12;10;2;0;1;6;2;3;0;1;6.2;5;69.6;65.2
2844;Totaal personen;Haaksbergen;2015;18;13;12;10;2;0;1;6;2;3;0;1;5.3;5;70.7;67.0
2845;Totaal personen;Haaksbergen;2016;18;13;12;10;2;0;1;5;2;3;0;1;5.7;5;70.0;66.0
2846;Totaal personen;Haaksbergen;2017;18;13;12;10;2;0;1;6;2;2;1;1;4.4;5;69.8;66.7
2847;Totaal personen;Haaksbergen;2018;18;13;12;11;2;0;1;6;2;3;0;0;3.3;5;70.5;68.2
2848;Totaal personen;Haaren;2003;10;7;7;6;1;0;1;3;1;2;0;0;3.2;3;70.6;68.3
2849;Totaal personen;Haaren;2004;10;7;7;5;1;0;0;3;1;2;0;0;4.0;3;69.6;66.9
2850;Totaal personen;Haaren;2005;10;7;7;6;1;0;1;3;1;2;0;0;3.9;3;70.4;67.7
2851;Totaal personen;Haaren;2006;10;7;7;6;1;0;1;3;1;2;0;0;3.6;3;69.8;67.3
2852;Totaal personen;Haaren;2007;10;7;7;6;1;0;1;3;1;2;0;0;3.0;3;70.6;68.5
2853;Totaal personen;Haaren;2008;10;7;7;6;1;0;1;4;1;1;0;0;2.6;3;71.0;69.1
2854;Totaal personen;Haaren;2009;10;7;7;6;1;0;1;4;1;2;0;0;3.1;3;70.7;68.5
2855;Totaal personen;Haaren;2010;10;7;7;6;1;0;1;3;1;1;0;0;3.7;3;70.4;67.8
2856;Totaal personen;Haaren;2011;10;7;7;5;1;0;0;4;1;1;0;0;3.7;3;71.3;68.7
2857;Totaal personen;Haaren;2012;10;7;7;6;1;0;1;3;1;2;0;0;4.1;3;70.9;68.0
2858;Totaal personen;Haaren;2013;10;7;7;5;1;0;1;3;1;2;0;0;5.6;3;70.7;66.7
2859;Totaal personen;Haaren;2014;10;7;7;6;1;0;1;3;1;2;0;0;5.6;3;71.1;67.1
2860;Totaal personen;Haaren;2015;10;7;7;6;1;0;1;3;1;2;0;0;4.9;3;70.7;67.2
2861;Totaal personen;Haaren;2016;10;7;7;6;1;0;1;3;1;2;0;0;4.3;3;71.5;68.5
2862;Totaal personen;Haaren;2017;11;8;7;6;1;0;1;3;1;2;0;0;3.5;3;72.2;69.7
2863;Totaal personen;Haaren;2018;11;8;8;6;1;0;1;4;1;2;0;0;2.8;3;72.7;70.7
2864;Totaal personen;Haarlem;2003;111;77;74;63;11;0;5;30;14;25;0;3;4.4;34;69.6;66.5
2865;Totaal personen;Haarlem;2004;110;77;73;62;11;0;4;33;13;22;0;4;5.3;33;69.8;66.1
2866;Totaal personen;Haarlem;2005;110;76;72;62;10;0;5;31;13;23;0;4;5.7;34;69.4;65.4
2867;Totaal personen;Haarlem;2006;111;77;73;63;10;0;5;31;14;23;1;4;4.7;34;69.5;66.2
2868;Totaal personen;Haarlem;2007;111;80;77;68;9;0;6;30;14;26;0;3;3.6;31;71.9;69.4
2869;Totaal personen;Haarlem;2008;112;80;78;67;11;0;6;32;15;26;0;3;3.3;31;72.1;69.8
2870;Totaal personen;Haarlem;2009;112;81;78;67;11;0;6;31;14;26;0;3;4.0;31;72.2;69.4
2871;Totaal personen;Haarlem;2010;113;81;77;67;11;0;5;29;15;27;1;4;4.6;32;71.9;68.6
2872;Totaal personen;Haarlem;2011;113;81;77;65;12;0;5;30;14;27;1;4;4.7;32;71.7;68.3
2873;Totaal personen;Haarlem;2012;114;82;78;66;12;0;6;30;15;27;1;4;5.2;32;71.9;68.2
2874;Totaal personen;Haarlem;2013;116;85;79;65;13;0;6;29;14;29;0;6;7.1;31;73.1;67.9
2875;Totaal personen;Haarlem;2014;117;84;79;65;14;0;5;29;13;32;0;6;6.6;33;72.1;67.3
2876;Totaal personen;Haarlem;2015;118;86;81;65;16;0;6;30;13;31;0;6;6.4;32;73.2;68.5
2877;Totaal personen;Haarlem;2016;119;87;82;67;15;0;5;31;15;31;0;5;5.5;32;72.8;68.8
2878;Totaal personen;Haarlem;2017;120;88;84;68;16;0;6;30;14;33;0;4;4.8;32;73.7;70.1
2879;Totaal personen;Haarlem;2018;120;89;86;70;16;0;6;32;14;34;0;3;3.6;31;74.0;71.4
2880;Totaal personen;Haarlemmerliede en Spaarnwoude;2003;4;3;3;2;0;0;0;1;1;1;0;0;3.2;1;69.8;67.6
2881;Totaal personen;Haarlemmerliede en Spaarnwoude;2004;4;3;3;2;0;0;0;1;1;1;0;0;4.1;1;69.9;67.0
2882;Totaal personen;Haarlemmerliede en Spaarnwoude;2005;4;3;3;2;0;0;0;1;0;1;0;0;4.1;1;70.1;67.3
2883;Totaal personen;Haarlemmerliede en Spaarnwoude;2006;4;3;3;2;0;0;0;1;0;1;0;0;3.7;1;70.7;68.1
2884;Totaal personen;Haarlemmerliede en Spaarnwoude;2007;4;3;3;2;1;0;0;1;0;1;0;0;3.1;1;72.5;70.2
2885;Totaal personen;Haarlemmerliede en Spaarnwoude;2008;4;3;3;2;1;0;0;1;1;1;0;0;2.8;1;73.1;71.0
2886;Totaal personen;Haarlemmerliede en Spaarnwoude;2009;4;3;3;2;0;0;0;1;1;1;0;0;3.4;1;72.3;69.8
2887;Totaal personen;Haarlemmerliede en Spaarnwoude;2010;4;3;3;2;0;0;0;1;1;1;0;0;3.9;1;71.5;68.7
2888;Totaal personen;Haarlemmerliede en Spaarnwoude;2011;4;3;3;2;0;0;0;1;1;1;0;0;4.0;1;71.8;69.0
2889;Totaal personen;Haarlemmerliede en Spaarnwoude;2012;4;3;3;2;0;0;0;1;1;1;0;0;4.5;1;72.3;69.1
2890;Totaal personen;Haarlemmerliede en Spaarnwoude;2013;4;3;3;2;0;0;0;1;0;1;0;0;5.8;1;72.6;68.4
2891;Totaal personen;Haarlemmerliede en Spaarnwoude;2014;4;3;3;2;0;0;0;1;0;1;0;0;5.8;1;72.8;68.6
2892;Totaal personen;Haarlemmerliede en Spaarnwoude;2015;4;3;3;2;0;0;0;1;0;1;0;0;5.7;1;72.7;68.5
2893;Totaal personen;Haarlemmerliede en Spaarnwoude;2016;4;3;3;2;1;0;0;1;1;1;0;0;4.9;1;72.5;69.0
2894;Totaal personen;Haarlemmerliede en Spaarnwoude;2017;4;3;3;3;1;0;0;1;1;1;0;0;3.5;1;73.8;71.2
2895;Totaal personen;Haarlemmerliede en Spaarnwoude;2018;5;3;3;3;1;0;0;1;1;1;0;0;2.8;1;74.1;72.0
2896;Totaal personen;Haarlemmermeer;2003;93;69;67;59;7;0;4;32;14;14;2;2;3.5;24;74.1;71.5
2897;Totaal personen;Haarlemmermeer;2004;97;72;68;60;8;0;4;34;14;16;0;3;4.3;25;73.9;70.7
2898;Totaal personen;Haarlemmermeer;2005;99;75;71;62;9;0;5;37;14;16;0;3;4.3;25;74.9;71.7
2899;Totaal personen;Haarlemmermeer;2006;102;77;74;64;10;0;5;36;15;18;1;3;3.7;26;75.0;72.2
2900;Totaal personen;Haarlemmermeer;2007;104;79;77;67;9;0;6;37;14;19;0;2;3.1;25;75.9;73.5
2901;Totaal personen;Haarlemmermeer;2008;106;81;78;68;10;0;6;36;15;20;1;2;2.9;25;76.3;74.1
2902;Totaal personen;Haarlemmermeer;2009;106;80;77;67;10;0;6;35;15;20;2;3;3.5;26;75.8;73.1
2903;Totaal personen;Haarlemmermeer;2010;106;79;75;67;9;0;5;35;15;20;2;3;4.2;27;74.3;71.1
2904;Totaal personen;Haarlemmermeer;2011;106;78;75;66;9;0;5;34;15;19;2;3;4.2;28;73.2;70.2
2905;Totaal personen;Haarlemmermeer;2012;107;80;76;66;11;0;6;36;15;18;1;4;4.6;27;74.7;71.3
2906;Totaal personen;Haarlemmermeer;2013;108;80;75;65;10;0;5;33;13;22;1;5;6.6;27;74.6;69.6
2907;Totaal personen;Haarlemmermeer;2014;108;79;74;63;11;0;5;32;13;22;2;5;6.7;29;73.2;68.3
2908;Totaal personen;Haarlemmermeer;2015;108;80;75;63;12;0;5;30;14;24;1;5;6.1;28;73.8;69.3
2909;Totaal personen;Haarlemmermeer;2016;109;81;77;66;11;0;6;32;14;24;1;4;5.1;28;74.4;70.5
2910;Totaal personen;Haarlemmermeer;2017;110;81;78;68;10;0;6;33;13;24;1;3;4.0;29;73.3;70.4
2911;Totaal personen;Haarlemmermeer;2018;111;82;80;67;12;0;7;34;15;23;1;3;3.2;29;74.0;71.7
2912;Totaal personen;Halderberge;2003;23;15;15;12;3;0;1;7;3;3;0;1;4.2;7;67.4;64.6
2913;Totaal personen;Halderberge;2004;23;15;14;12;2;0;1;7;3;3;1;1;5.1;8;66.2;62.8
2914;Totaal personen;Halderberge;2005;23;15;14;12;2;0;1;8;2;2;0;1;5.0;8;66.2;62.9
2915;Totaal personen;Halderberge;2006;23;15;14;12;2;0;1;7;3;3;0;1;4.3;8;66.1;63.3
2916;Totaal personen;Halderberge;2007;23;15;15;13;2;0;1;8;3;3;0;1;3.5;7;68.4;65.9
2917;Totaal personen;Halderberge;2008;22;16;15;13;2;0;1;8;3;2;1;0;3.1;7;69.3;67.1
2918;Totaal personen;Halderberge;2009;22;16;15;13;2;0;1;7;3;4;0;1;3.8;7;69.2;66.6
2919;Totaal personen;Halderberge;2010;22;15;15;12;3;0;1;8;2;3;0;1;4.6;7;68.8;65.7
2920;Totaal personen;Halderberge;2011;22;15;15;12;3;0;1;8;3;3;0;1;4.2;7;69.0;66.1
2921;Totaal personen;Halderberge;2012;22;15;15;12;2;0;1;8;3;3;0;1;5.0;7;69.0;65.6
2922;Totaal personen;Halderberge;2013;22;16;15;12;2;0;1;7;2;4;0;1;6.5;7;69.4;64.9
2923;Totaal personen;Halderberge;2014;23;16;14;12;2;0;1;7;2;4;0;1;6.9;7;69.0;64.2
2924;Totaal personen;Halderberge;2015;23;16;15;12;3;0;1;8;2;3;0;1;6.2;7;69.6;65.3
2925;Totaal personen;Halderberge;2016;23;16;15;12;3;0;1;7;2;4;0;1;5.5;7;69.2;65.4
2926;Totaal personen;Halderberge;2017;23;16;15;12;3;0;1;8;2;3;0;1;4.3;7;69.6;66.6
2927;Totaal personen;Halderberge;2018;23;16;15;13;3;0;1;8;3;4;0;0;3.1;7;70.3;68.1
2928;Totaal personen;Hardenberg;2003;42;28;27;23;4;0;3;15;4;4;0;1;4.1;14;66.5;63.7
2929;Totaal personen;Hardenberg;2004;42;28;27;23;3;0;3;16;4;4;0;2;5.3;14;67.7;64.1
2930;Totaal personen;Hardenberg;2005;42;29;27;24;3;0;3;16;5;4;0;2;5.4;13;68.2;64.5
2931;Totaal personen;Hardenberg;2006;42;29;28;25;3;0;3;16;5;3;1;1;4.4;13;69.5;66.5
2932;Totaal personen;Hardenberg;2007;42;30;29;25;4;0;3;16;5;4;0;1;3.6;12;70.9;68.4
2933;Totaal personen;Hardenberg;2008;43;31;30;26;4;0;3;17;5;4;0;1;3.3;12;72.2;69.8
2934;Totaal personen;Hardenberg;2009;43;31;30;26;4;0;3;18;5;4;0;1;4.1;12;73.0;70.0
2935;Totaal personen;Hardenberg;2010;43;31;30;26;4;0;3;16;5;6;0;1;4.7;12;72.7;69.3
2936;Totaal personen;Hardenberg;2011;43;31;30;25;5;0;3;17;5;5;0;1;4.3;12;72.5;69.4
2937;Totaal personen;Hardenberg;2012;43;32;30;25;5;0;3;16;5;5;0;1;4.7;12;72.8;69.3
2938;Totaal personen;Hardenberg;2013;44;32;30;25;5;0;3;17;5;5;0;2;6.6;12;73.4;68.5
2939;Totaal personen;Hardenberg;2014;44;31;30;25;4;0;3;16;5;5;0;2;6.0;12;72.1;67.7
2940;Totaal personen;Hardenberg;2015;44;31;29;25;4;0;3;16;5;6;0;2;6.0;12;71.7;67.4
2941;Totaal personen;Hardenberg;2016;44;31;30;26;4;0;3;16;5;5;1;2;5.6;13;71.5;67.4
2942;Totaal personen;Hardenberg;2017;44;32;31;26;4;0;3;17;5;5;1;1;4.4;12;72.1;68.9
2943;Totaal personen;Hardenberg;2018;45;33;32;28;4;0;3;16;6;6;1;1;3.2;12;72.9;70.5
2944;Totaal personen;Harderwijk;2003;30;21;20;18;2;0;2;9;4;5;0;1;4.3;9;68.5;65.6
2945;Totaal personen;Harderwijk;2004;30;21;20;18;2;0;2;10;4;4;0;1;5.0;10;68.3;64.9
2946;Totaal personen;Harderwijk;2005;30;21;20;18;2;0;2;10;3;4;0;1;5.2;9;69.7;66.0
2947;Totaal personen;Harderwijk;2006;31;21;20;18;3;0;2;10;4;4;1;1;4.3;10;68.6;65.7
2948;Totaal personen;Harderwijk;2007;31;22;21;19;3;0;2;11;4;4;1;1;3.5;9;70.5;68.0
2949;Totaal personen;Harderwijk;2008;32;23;22;19;3;0;2;10;4;5;1;1;3.4;9;72.0;69.5
2950;Totaal personen;Harderwijk;2009;32;23;22;19;3;0;2;10;4;5;1;1;3.8;9;72.7;70.0
2951;Totaal personen;Harderwijk;2010;33;24;23;20;3;0;2;11;4;5;0;1;4.3;9;72.9;69.8
2952;Totaal personen;Harderwijk;2011;33;24;23;20;3;0;2;10;4;7;0;1;4.2;9;72.9;69.8
2953;Totaal personen;Harderwijk;2012;34;24;23;20;3;0;2;9;4;7;0;1;5.0;9;72.0;68.4
2954;Totaal personen;Harderwijk;2013;34;24;23;20;3;0;3;9;4;6;1;2;6.5;9;72.4;67.7
2955;Totaal personen;Harderwijk;2014;34;24;23;19;3;0;2;10;4;7;0;2;6.6;10;71.8;67.0
2956;Totaal personen;Harderwijk;2015;34;24;23;19;3;0;2;11;4;6;0;1;5.9;10;71.5;67.3
2957;Totaal personen;Harderwijk;2016;34;24;23;19;4;0;2;10;4;7;0;1;5.4;10;71.6;67.7
2958;Totaal personen;Harderwijk;2017;34;24;23;20;4;0;2;10;4;6;1;1;4.5;10;71.0;67.8
2959;Totaal personen;Harderwijk;2018;35;25;24;20;4;0;2;11;4;7;0;1;3.3;10;72.0;69.6
2960;Totaal personen;Hardinxveld-Giessendam;2003;13;9;9;8;1;0;1;4;2;2;0;0;3.3;4;69.1;66.8
2961;Totaal personen;Hardinxveld-Giessendam;2004;13;9;9;8;1;0;1;5;2;1;0;0;3.6;4;70.3;67.7
2962;Totaal personen;Hardinxveld-Giessendam;2005;13;9;9;8;1;0;1;5;2;1;0;0;3.8;4;70.2;67.6
2963;Totaal personen;Hardinxveld-Giessendam;2006;13;9;9;7;1;0;1;5;1;2;0;0;3.3;4;70.8;68.5
2964;Totaal personen;Hardinxveld-Giessendam;2007;13;9;9;8;1;0;1;5;2;2;0;0;3.0;4;71.7;69.6
2965;Totaal personen;Hardinxveld-Giessendam;2008;13;9;9;8;1;0;1;5;1;2;0;0;2.7;4;72.2;70.2
2966;Totaal personen;Hardinxveld-Giessendam;2009;13;9;9;8;1;0;1;5;2;2;0;0;3.2;3;73.0;70.6
2967;Totaal personen;Hardinxveld-Giessendam;2010;13;9;9;7;1;0;1;5;1;2;0;0;3.6;4;72.2;69.6
2968;Totaal personen;Hardinxveld-Giessendam;2011;13;9;9;8;1;0;1;4;2;2;0;0;3.6;3;72.6;70.0
2969;Totaal personen;Hardinxveld-Giessendam;2012;13;9;9;8;1;0;1;5;2;2;0;0;4.0;4;72.5;69.6
2970;Totaal personen;Hardinxveld-Giessendam;2013;13;9;9;8;1;0;1;4;1;2;0;0;5.1;3;73.1;69.3
2971;Totaal personen;Hardinxveld-Giessendam;2014;13;9;9;7;2;0;1;4;1;3;0;0;5.1;3;73.0;69.2
2972;Totaal personen;Hardinxveld-Giessendam;2015;13;9;9;7;2;0;1;4;1;2;0;0;4.6;3;73.0;69.6
2973;Totaal personen;Hardinxveld-Giessendam;2016;13;9;9;8;1;0;1;4;2;2;0;0;4.0;4;72.0;69.1
2974;Totaal personen;Hardinxveld-Giessendam;2017;13;9;9;8;1;0;1;4;2;3;0;0;3.4;4;71.7;69.2
2975;Totaal personen;Hardinxveld-Giessendam;2018;13;10;9;8;1;0;1;4;2;2;0;0;2.9;3;73.4;71.3
2976;Totaal personen;Haren;2003;13;8;8;7;1;0;1;3;1;3;0;0;4.0;5;63.8;61.2
2977;Totaal personen;Haren;2004;13;8;8;7;1;0;1;3;1;3;0;0;4.7;5;63.7;60.7
2978;Totaal personen;Haren;2005;13;8;8;7;1;0;1;3;1;3;0;0;5.2;5;62.8;59.6
2979;Totaal personen;Haren;2006;13;8;8;7;1;0;1;3;1;3;0;0;4.7;5;63.7;60.7
2980;Totaal personen;Haren;2007;13;9;8;7;1;0;1;3;1;3;0;0;4.0;4;65.7;63.1
2981;Totaal personen;Haren;2008;13;8;8;7;1;0;1;3;1;3;0;0;3.4;5;65.2;63.0
2982;Totaal personen;Haren;2009;13;8;8;7;1;0;1;3;1;3;0;0;4.0;4;65.5;62.8
2983;Totaal personen;Haren;2010;13;9;8;7;1;0;1;3;2;3;0;0;4.2;4;66.4;63.7
2984;Totaal personen;Haren;2011;13;9;8;7;1;0;1;3;2;3;0;0;4.2;4;66.1;63.3
2985;Totaal personen;Haren;2012;13;9;8;7;2;0;0;3;1;4;0;0;5.2;4;66.8;63.3
2986;Totaal personen;Haren;2013;13;9;8;7;2;0;1;3;1;4;0;1;6.3;4;67.5;63.3
2987;Totaal personen;Haren;2014;13;9;8;7;2;0;1;3;1;4;0;1;6.1;4;67.0;63.0
2988;Totaal personen;Haren;2015;13;9;9;7;2;0;1;3;1;4;0;1;5.5;4;68.3;64.5
2989;Totaal personen;Haren;2016;13;9;9;7;2;0;1;3;2;4;0;0;5.1;4;68.6;65.1
2990;Totaal personen;Haren;2017;14;9;9;7;2;0;1;3;1;4;0;0;4.1;4;69.4;66.6
2991;Totaal personen;Haren;2018;14;10;9;7;2;0;1;3;2;4;0;0;3.5;4;69.8;67.4
2992;Totaal personen;Harlingen;2003;12;7;7;6;1;0;1;4;1;1;0;0;5.7;4;64.5;60.8
2993;Totaal personen;Harlingen;2004;12;8;7;6;1;0;1;4;1;1;0;1;6.9;4;64.2;59.7
2994;Totaal personen;Harlingen;2005;12;8;7;6;1;0;1;4;1;2;0;1;6.9;4;64.6;60.1
2995;Totaal personen;Harlingen;2006;11;7;7;6;1;0;1;4;1;1;0;0;5.8;4;65.3;61.5
2996;Totaal personen;Harlingen;2007;11;8;7;6;1;0;1;4;1;1;0;0;4.5;4;66.3;63.3
2997;Totaal personen;Harlingen;2008;12;8;7;6;1;0;1;4;1;1;0;0;4.1;4;67.2;64.4
2998;Totaal personen;Harlingen;2009;12;8;7;6;1;0;1;4;1;1;0;0;5.0;4;67.2;63.9
2999;Totaal personen;Harlingen;2010;12;8;7;6;2;0;1;4;1;1;0;0;5.7;4;66.6;62.8
3000;Totaal personen;Harlingen;2011;12;8;7;6;1;0;1;3;1;2;0;0;5.6;4;66.6;62.9
3001;Totaal personen;Harlingen;2012;12;8;7;6;1;0;1;4;1;2;0;1;7.2;4;67.0;62.2
3002;Totaal personen;Harlingen;2013;12;8;7;6;1;0;1;4;1;2;0;1;8.1;4;67.4;61.9
3003;Totaal personen;Harlingen;2014;12;8;7;6;1;0;1;3;1;2;0;1;8.2;4;66.4;61.0
3004;Totaal personen;Harlingen;2015;12;8;7;6;1;0;1;4;1;1;0;1;8.0;4;66.7;61.4
3005;Totaal personen;Harlingen;2016;12;8;7;6;1;0;1;4;1;2;0;1;6.9;4;66.8;62.2
3006;Totaal personen;Harlingen;2017;12;8;7;6;1;0;1;4;1;2;0;0;5.6;4;67.2;63.4
3007;Totaal personen;Harlingen;2018;12;8;8;6;1;0;1;4;1;2;0;0;4.3;4;67.8;64.9
3008;Totaal personen;Hattem;2003;9;6;6;5;1;0;0;3;1;1;0;0;3.6;3;66.8;64.4
3009;Totaal personen;Hattem;2004;9;6;6;5;1;0;0;3;1;1;0;0;4.2;3;67.4;64.5
3010;Totaal personen;Hattem;2005;9;6;6;5;1;0;0;3;1;1;0;0;4.4;3;67.0;64.1
3011;Totaal personen;Hattem;2006;9;6;5;5;1;0;0;3;1;1;0;0;3.9;3;66.8;64.1
3012;Totaal personen;Hattem;2007;9;6;6;5;1;0;0;3;1;2;0;0;3.4;3;67.6;65.3
3013;Totaal personen;Hattem;2008;9;6;6;5;1;0;0;3;1;2;0;0;3.2;3;68.4;66.2
3014;Totaal personen;Hattem;2009;9;6;6;5;1;0;0;3;1;1;0;0;3.5;3;69.9;67.4
3015;Totaal personen;Hattem;2010;9;6;6;5;1;0;0;3;1;1;0;0;3.9;3;69.9;67.2
3016;Totaal personen;Hattem;2011;9;6;6;5;1;0;0;3;1;1;0;0;3.9;3;69.3;66.6
3017;Totaal personen;Hattem;2012;9;6;6;5;1;0;0;3;1;1;0;0;4.6;3;70.4;67.2
3018;Totaal personen;Hattem;2013;9;6;6;5;1;0;1;2;1;2;0;0;5.8;3;70.6;66.5
3019;Totaal personen;Hattem;2014;9;6;6;5;1;0;0;2;1;2;0;0;5.7;2;71.1;67.0
3020;Totaal personen;Hattem;2015;9;6;6;5;1;0;0;3;1;1;0;0;5.2;2;70.9;67.2
3021;Totaal personen;Hattem;2016;9;6;6;5;1;0;0;3;1;2;0;0;4.6;2;71.4;68.1
3022;Totaal personen;Hattem;2017;9;6;6;5;1;0;1;3;1;2;0;0;3.7;2;71.7;69.1
3023;Totaal personen;Hattem;2018;9;6;6;5;1;0;1;3;1;2;0;0;3.2;3;71.0;68.8
3024;Totaal personen;Heemskerk;2003;27;18;17;15;2;0;1;9;3;4;0;1;4.1;9;66.5;63.8
3025;Totaal personen;Heemskerk;2004;27;18;17;15;2;0;1;9;3;3;0;1;4.9;9;66.0;62.8
3026;Totaal personen;Heemskerk;2005;27;18;17;16;2;0;2;9;3;3;0;1;5.0;9;67.0;63.6
3027;Totaal personen;Heemskerk;2006;28;19;18;16;2;0;2;10;3;3;1;1;4.3;9;67.7;64.7
3028;Totaal personen;Heemskerk;2007;28;20;19;17;2;0;2;10;3;4;0;1;3.7;8;70.6;68.0
3029;Totaal personen;Heemskerk;2008;29;20;19;17;2;0;1;11;3;4;0;1;3.3;9;70.1;67.8
3030;Totaal personen;Heemskerk;2009;29;20;20;17;2;0;1;10;4;4;1;1;3.8;8;70.9;68.2
3031;Totaal personen;Heemskerk;2010;29;20;20;17;2;0;1;9;4;4;1;1;4.3;9;70.5;67.4
3032;Totaal personen;Heemskerk;2011;29;20;19;17;2;0;1;9;4;4;1;1;4.5;9;69.4;66.2
3033;Totaal personen;Heemskerk;2012;29;21;20;17;2;0;2;9;4;5;0;1;4.9;8;70.9;67.4
3034;Totaal personen;Heemskerk;2013;29;21;19;17;2;0;2;9;3;4;1;1;6.1;8;71.1;66.8
3035;Totaal personen;Heemskerk;2014;29;21;19;16;3;0;2;9;3;5;0;1;6.8;8;71.2;66.4
3036;Totaal personen;Heemskerk;2015;29;21;19;17;3;0;2;9;3;5;0;1;6.3;8;71.4;66.9
3037;Totaal personen;Heemskerk;2016;29;21;20;17;3;0;2;9;3;5;0;1;5.6;8;71.5;67.5
3038;Totaal personen;Heemskerk;2017;29;21;20;17;3;0;2;8;3;5;1;1;4.3;8;71.7;68.6
3039;Totaal personen;Heemskerk;2018;29;21;20;17;3;0;2;8;4;6;0;1;3.3;8;71.6;69.2
3040;Totaal personen;Heemstede;2003;18;12;11;9;2;0;1;4;2;4;0;0;3.8;6;64.3;61.9
3041;Totaal personen;Heemstede;2004;18;11;11;9;1;0;1;4;2;4;0;1;4.5;6;64.5;61.7
3042;Totaal personen;Heemstede;2005;18;12;11;9;2;0;1;5;2;4;0;1;4.5;6;65.3;62.3
3043;Totaal personen;Heemstede;2006;18;12;11;9;2;0;1;4;2;4;0;0;3.8;6;66.0;63.5
3044;Totaal personen;Heemstede;2007;18;12;11;9;2;0;1;4;2;4;0;0;3.4;6;65.9;63.6
3045;Totaal personen;Heemstede;2008;18;12;12;10;2;0;1;4;2;5;0;0;3.0;6;68.1;66.0
3046;Totaal personen;Heemstede;2009;18;12;12;9;2;0;1;4;2;5;0;0;3.5;6;67.4;65.1
3047;Totaal personen;Heemstede;2010;18;12;12;9;2;0;1;4;2;5;0;0;3.8;6;67.6;65.0
3048;Totaal personen;Heemstede;2011;18;12;12;9;2;0;1;4;2;5;0;0;3.9;6;68.6;65.9
3049;Totaal personen;Heemstede;2012;18;12;12;10;2;0;1;5;2;4;0;1;4.6;6;68.5;65.3
3050;Totaal personen;Heemstede;2013;18;12;12;9;2;0;1;4;2;5;0;1;5.9;6;68.0;64.0
3051;Totaal personen;Heemstede;2014;18;12;12;9;3;0;1;3;2;6;0;1;6.1;6;68.0;63.8
3052;Totaal personen;Heemstede;2015;18;12;12;9;3;0;1;4;2;4;0;1;5.6;6;68.3;64.5
3053;Totaal personen;Heemstede;2016;18;13;12;9;3;0;1;4;2;5;0;1;4.9;6;69.1;65.7
3054;Totaal personen;Heemstede;2017;18;13;12;10;2;0;1;4;2;5;0;1;4.2;6;68.4;65.5
3055;Totaal personen;Heemstede;2018;18;13;12;10;2;0;1;4;2;5;0;0;3.1;6;69.2;67.0
3056;Totaal personen;Heerde;2003;13;9;8;7;1;0;1;4;2;2;0;0;3.7;5;65.0;62.6
3057;Totaal personen;Heerde;2004;13;9;9;7;1;0;1;5;1;2;0;0;4.4;5;66.2;63.3
3058;Totaal personen;Heerde;2005;14;9;8;7;1;0;1;4;1;2;0;0;4.4;5;65.4;62.5
3059;Totaal personen;Heerde;2006;13;9;9;7;1;0;1;5;2;2;0;0;3.4;4;67.1;64.8
3060;Totaal personen;Heerde;2007;13;9;9;8;1;0;1;4;2;2;0;0;3.3;4;68.7;66.5
3061;Totaal personen;Heerde;2008;13;9;9;8;2;0;1;4;2;2;0;0;2.9;4;69.8;67.8
3062;Totaal personen;Heerde;2009;14;9;9;7;2;0;1;4;2;2;0;0;3.3;4;70.0;67.7
3063;Totaal personen;Heerde;2010;14;9;9;8;2;0;1;4;2;2;0;0;3.7;4;69.8;67.2
3064;Totaal personen;Heerde;2011;13;9;9;8;2;0;1;4;2;2;1;0;3.5;4;70.0;67.6
3065;Totaal personen;Heerde;2012;14;9;9;8;1;0;1;5;2;2;0;0;3.8;4;69.5;66.8
3066;Totaal personen;Heerde;2013;14;10;9;8;1;0;1;4;2;2;0;1;5.5;4;70.2;66.4
3067;Totaal personen;Heerde;2014;14;10;9;7;2;0;1;4;1;2;0;1;5.7;4;69.7;65.8
3068;Totaal personen;Heerde;2015;14;10;9;7;2;0;1;4;1;3;0;1;5.4;4;70.0;66.3
3069;Totaal personen;Heerde;2016;14;10;9;7;2;0;1;4;1;3;0;0;4.6;4;70.6;67.4
3070;Totaal personen;Heerde;2017;14;10;9;8;2;0;1;4;2;2;0;0;3.6;4;70.6;68.0
3071;Totaal personen;Heerde;2018;14;10;9;8;2;0;1;4;2;3;0;0;2.6;4;71.1;69.2
3072;Totaal personen;Heerenveen;2003;36;24;23;19;3;0;2;12;4;5;0;1;5.3;12;66.4;62.9
3073;Totaal personen;Heerenveen;2004;36;24;23;19;4;0;1;12;4;5;0;1;6.2;12;66.5;62.4
3074;Totaal personen;Heerenveen;2005;36;25;23;20;3;0;2;11;4;6;0;1;5.9;12;68.1;64.1
3075;Totaal personen;Heerenveen;2006;36;25;23;20;3;0;2;11;4;6;0;1;5.1;12;67.7;64.2
3076;Totaal personen;Heerenveen;2007;36;25;24;21;3;0;2;12;4;6;0;1;4.2;11;68.9;66.1
3077;Totaal personen;Heerenveen;2008;37;26;25;21;4;0;2;13;4;6;0;1;3.7;11;71.0;68.5
3078;Totaal personen;Heerenveen;2009;37;26;25;21;4;0;2;13;4;5;0;1;4.2;11;71.2;68.2
3079;Totaal personen;Heerenveen;2010;37;26;24;20;4;0;2;12;4;6;0;1;5.1;11;69.7;66.1
3080;Totaal personen;Heerenveen;2011;37;26;25;21;4;0;3;11;5;6;0;1;4.8;11;70.2;66.8
3081;Totaal personen;Heerenveen;2012;37;26;24;20;4;0;2;11;5;6;1;1;5.8;11;70.3;66.2
3082;Totaal personen;Heerenveen;2013;37;26;24;20;4;0;2;11;4;6;1;2;7.6;11;69.9;64.6
3083;Totaal personen;Heerenveen;2014;37;26;24;20;4;0;3;10;4;7;0;2;8.4;11;70.8;64.8
3084;Totaal personen;Heerenveen;2015;37;26;24;19;5;0;2;12;4;6;0;2;7.0;11;70.9;65.9
3085;Totaal personen;Heerenveen;2016;37;26;25;20;5;0;3;14;4;5;0;2;5.9;11;70.9;66.7
3086;Totaal personen;Heerenveen;2017;37;26;25;21;4;0;3;12;4;5;0;1;5.3;11;70.5;66.7
3087;Totaal personen;Heerenveen;2018;37;26;25;21;4;0;3;11;4;7;0;1;3.9;11;70.4;67.6
3088;Totaal personen;Heerhugowaard;2003;35;25;24;22;2;0;2;11;5;6;1;1;3.8;10;70.4;67.7
3089;Totaal personen;Heerhugowaard;2004;36;25;24;22;2;0;2;12;5;5;0;1;4.5;10;71.1;67.9
3090;Totaal personen;Heerhugowaard;2005;37;26;25;23;2;0;2;14;5;5;0;1;4.7;10;71.6;68.2
3091;Totaal personen;Heerhugowaard;2006;37;27;26;23;3;0;2;14;5;5;0;1;3.9;10;72.2;69.4
3092;Totaal personen;Heerhugowaard;2007;38;27;26;23;3;0;2;13;5;5;1;1;3.4;10;72.2;69.7
3093;Totaal personen;Heerhugowaard;2008;38;28;27;24;3;0;2;14;5;5;0;1;3.0;10;73.8;71.5
3094;Totaal personen;Heerhugowaard;2009;38;28;27;24;3;0;2;14;5;5;1;1;3.6;10;72.8;70.2
3095;Totaal personen;Heerhugowaard;2010;38;28;27;24;3;0;2;14;5;6;0;1;4.3;10;72.9;69.8
3096;Totaal personen;Heerhugowaard;2011;39;28;27;23;4;0;2;14;5;6;0;1;4.1;11;72.4;69.4
3097;Totaal personen;Heerhugowaard;2012;39;28;27;24;3;0;2;14;5;5;0;1;5.3;11;72.4;68.6
3098;Totaal personen;Heerhugowaard;2013;39;28;26;23;3;0;2;11;5;7;1;2;6.4;11;71.5;66.9
3099;Totaal personen;Heerhugowaard;2014;40;28;27;23;4;0;2;11;5;7;1;2;6.7;11;71.8;67.0
3100;Totaal personen;Heerhugowaard;2015;40;28;27;23;3;0;3;13;5;6;1;2;5.8;11;71.4;67.3
3101;Totaal personen;Heerhugowaard;2016;40;29;27;24;4;0;3;12;5;7;0;1;4.9;11;72.0;68.4
3102;Totaal personen;Heerhugowaard;2017;41;29;28;24;4;0;3;13;5;6;1;1;4.1;11;71.9;68.9
3103;Totaal personen;Heerhugowaard;2018;41;29;29;24;4;0;3;14;5;5;1;1;3.3;12;71.4;69.0
3104;Totaal personen;Heerlen;2003;71;43;40;36;4;0;3;20;7;9;0;3;7.2;28;60.6;56.3
3105;Totaal personen;Heerlen;2004;71;44;40;36;4;0;4;20;7;8;0;4;8.2;27;61.9;56.8
3106;Totaal personen;Heerlen;2005;70;43;39;35;4;0;4;18;8;8;1;4;9.5;27;61.3;55.5
3107;Totaal personen;Heerlen;2006;70;43;40;35;5;0;4;20;7;7;1;3;7.7;27;61.8;57.1
3108;Totaal personen;Heerlen;2007;69;42;40;35;4;0;4;21;7;7;1;3;6.2;27;61.5;57.6
3109;Totaal personen;Heerlen;2008;68;43;40;36;5;0;4;20;7;8;1;2;5.4;26;62.5;59.1
3110;Totaal personen;Heerlen;2009;68;43;40;35;5;0;4;17;8;9;2;3;6.7;25;62.7;58.5
3111;Totaal personen;Heerlen;2010;68;43;40;35;5;0;4;18;8;8;2;3;7.2;25;63.0;58.5
3112;Totaal personen;Heerlen;2011;68;43;40;35;5;0;4;19;7;9;1;3;6.6;25;62.7;58.6
3113;Totaal personen;Heerlen;2012;68;43;40;35;5;0;4;19;7;9;1;3;7.5;25;63.8;59.0
3114;Totaal personen;Heerlen;2013;68;43;39;34;6;0;5;18;7;9;1;4;8.8;25;63.5;57.9
3115;Totaal personen;Heerlen;2014;67;43;38;33;6;0;4;19;7;8;1;4;9.5;25;63.3;57.3
3116;Totaal personen;Heerlen;2015;67;42;39;33;5;0;4;20;6;8;1;4;8.6;24;63.8;58.3
3117;Totaal personen;Heerlen;2016;67;42;39;34;5;0;5;19;7;9;1;3;6.8;24;63.6;59.3
3118;Totaal personen;Heerlen;2017;66;41;39;33;6;0;4;18;7;9;1;2;6.0;25;62.5;58.7
3119;Totaal personen;Heerlen;2018;66;42;40;34;6;0;4;19;6;10;1;2;4.7;24;63.2;60.3
3120;Totaal personen;Heeze-Leende;2003;11;7;7;6;1;0;1;3;1;2;0;0;3.7;4;65.9;63.5
3121;Totaal personen;Heeze-Leende;2004;11;7;7;6;1;0;1;4;1;2;0;0;4.3;4;66.3;63.4
3122;Totaal personen;Heeze-Leende;2005;11;8;7;6;1;0;1;4;1;1;0;0;4.2;4;67.3;64.5
3123;Totaal personen;Heeze-Leende;2006;11;7;7;6;1;0;1;4;1;1;0;0;3.7;4;67.0;64.5
3124;Totaal personen;Heeze-Leende;2007;11;8;7;6;1;0;1;3;1;2;0;0;3.3;4;68.4;66.2
3125;Totaal personen;Heeze-Leende;2008;11;8;7;6;1;0;1;3;1;2;0;0;2.9;4;67.7;65.8
3126;Totaal personen;Heeze-Leende;2009;11;8;7;6;1;0;1;4;1;2;0;0;3.7;3;69.1;66.5
3127;Totaal personen;Heeze-Leende;2010;11;8;8;6;1;0;1;4;1;2;0;0;4.1;3;69.7;66.9
3128;Totaal personen;Heeze-Leende;2011;11;8;7;6;1;0;1;3;1;2;0;0;3.7;4;68.5;65.9
3129;Totaal personen;Heeze-Leende;2012;11;8;8;6;1;0;1;3;1;2;0;0;4.4;3;69.7;66.6
3130;Totaal personen;Heeze-Leende;2013;11;8;8;6;1;0;1;4;1;2;0;0;5.3;3;69.7;66.0
3131;Totaal personen;Heeze-Leende;2014;11;8;8;6;1;0;1;3;1;2;0;0;5.8;3;70.5;66.4
3132;Totaal personen;Heeze-Leende;2015;11;8;8;6;1;0;1;4;1;2;0;0;5.2;3;70.8;67.2
3133;Totaal personen;Heeze-Leende;2016;12;8;8;6;1;0;1;4;1;2;0;0;4.5;3;69.9;66.8
3134;Totaal personen;Heeze-Leende;2017;12;8;8;7;1;0;1;4;1;2;0;0;3.5;4;69.9;67.4
3135;Totaal personen;Heeze-Leende;2018;12;8;8;7;1;0;1;4;1;2;0;0;2.7;3;70.5;68.5
3136;Totaal personen;Heiloo;2003;16;10;10;9;1;0;1;4;2;3;0;0;3.4;6;64.5;62.3
3137;Totaal personen;Heiloo;2004;16;10;10;9;1;0;1;4;2;3;0;0;4.1;6;65.2;62.5
3138;Totaal personen;Heiloo;2005;16;10;10;9;1;0;1;4;2;3;0;0;4.2;6;65.0;62.3
3139;Totaal personen;Heiloo;2006;16;10;10;9;1;0;1;4;2;3;0;0;3.6;5;65.5;63.1
3140;Totaal personen;Heiloo;2007;16;11;10;9;2;0;1;4;2;3;0;0;3.2;5;67.3;65.1
3141;Totaal personen;Heiloo;2008;16;11;10;9;2;0;1;4;2;4;0;0;2.9;5;68.2;66.2
3142;Totaal personen;Heiloo;2009;16;11;11;9;2;0;1;5;2;3;0;0;3.3;5;69.0;66.7
3143;Totaal personen;Heiloo;2010;16;11;11;9;2;0;1;4;2;4;0;0;4.0;5;68.2;65.5
3144;Totaal personen;Heiloo;2011;16;11;11;9;2;0;1;4;2;3;0;0;3.8;5;68.6;66.0
3145;Totaal personen;Heiloo;2012;16;11;11;9;2;0;1;5;2;3;0;0;4.1;5;69.7;66.9
3146;Totaal personen;Heiloo;2013;16;11;11;9;2;0;1;4;2;3;0;1;5.8;5;69.3;65.3
3147;Totaal personen;Heiloo;2014;16;11;11;9;2;0;1;4;2;3;0;1;5.7;5;69.3;65.3
3148;Totaal personen;Heiloo;2015;16;11;11;9;2;0;1;5;2;3;0;1;5.0;5;70.2;66.7
3149;Totaal personen;Heiloo;2016;16;11;11;9;2;0;1;4;2;4;0;0;4.4;5;70.0;66.9
3150;Totaal personen;Heiloo;2017;17;11;11;9;2;0;1;4;2;4;0;0;4.0;5;69.0;66.2
3151;Totaal personen;Heiloo;2018;17;12;11;9;2;0;1;4;2;4;0;0;3.0;5;70.2;68.1
3152;Totaal personen;Den Helder;2003;45;30;29;26;3;0;2;15;5;5;1;1;4.7;15;66.5;63.4
3153;Totaal personen;Den Helder;2004;45;30;28;25;3;0;3;14;5;5;1;2;5.7;15;66.1;62.4
3154;Totaal personen;Den Helder;2005;45;29;28;25;3;0;2;15;5;5;1;2;6.2;15;66.2;62.1
3155;Totaal personen;Den Helder;2006;44;29;28;25;3;0;2;16;5;4;1;2;5.6;15;66.0;62.4
3156;Totaal personen;Den Helder;2007;44;30;29;26;3;0;3;15;5;5;0;1;4.1;14;67.9;65.1
3157;Totaal personen;Den Helder;2008;44;30;28;26;2;0;2;15;6;5;1;1;3.9;14;67.6;65.0
3158;Totaal personen;Den Helder;2009;44;30;28;25;3;0;3;15;6;5;1;1;4.3;14;68.2;65.3
3159;Totaal personen;Den Helder;2010;43;30;28;25;3;0;3;14;5;5;1;1;4.8;14;68.1;64.8
3160;Totaal personen;Den Helder;2011;44;29;28;25;3;0;2;14;5;6;1;1;5.1;14;67.3;63.9
3161;Totaal personen;Den Helder;2012;44;30;28;25;3;0;3;14;5;6;1;2;5.7;14;68.1;64.2
3162;Totaal personen;Den Helder;2013;44;29;27;24;3;0;3;12;5;6;1;2;7.4;14;67.5;62.5
3163;Totaal personen;Den Helder;2014;43;29;27;23;4;0;3;12;4;6;1;2;7.7;14;67.8;62.5
3164;Totaal personen;Den Helder;2015;42;29;27;24;3;0;3;14;5;5;1;2;7.1;13;68.4;63.6
3165;Totaal personen;Den Helder;2016;42;29;27;23;4;0;3;13;5;6;1;2;5.9;13;68.2;64.1
3166;Totaal personen;Den Helder;2017;42;28;27;24;3;0;3;12;5;6;1;1;5.2;14;67.7;64.2
3167;Totaal personen;Den Helder;2018;42;28;27;24;3;0;3;14;5;5;1;1;3.9;13;67.7;65.0
3168;Totaal personen;Hellendoorn;2003;27;18;17;15;3;0;2;9;3;4;0;1;3.7;9;67.1;64.6
3169;Totaal personen;Hellendoorn;2004;27;18;17;15;2;0;1;10;3;3;0;1;4.5;9;67.4;64.4
3170;Totaal personen;Hellendoorn;2005;27;18;17;15;2;0;1;9;3;4;0;1;4.7;9;67.6;64.4
3171;Totaal personen;Hellendoorn;2006;27;18;17;15;2;0;2;9;3;3;0;1;4.0;9;67.6;64.8
3172;Totaal personen;Hellendoorn;2007;27;19;18;16;3;0;2;9;3;3;0;1;3.3;8;71.1;68.8
3173;Totaal personen;Hellendoorn;2008;26;19;19;16;2;0;2;10;3;4;0;1;2.9;7;73.1;71.0
3174;Totaal personen;Hellendoorn;2009;26;19;18;16;3;0;2;10;3;3;0;1;3.7;7;72.4;69.7
3175;Totaal personen;Hellendoorn;2010;26;19;18;15;3;0;1;9;3;3;1;1;4.3;7;71.6;68.6
3176;Totaal personen;Hellendoorn;2011;26;19;18;15;2;0;1;9;3;4;0;1;4.0;8;70.8;68.0
3177;Totaal personen;Hellendoorn;2012;26;19;18;15;2;0;2;8;3;4;1;1;4.7;8;71.0;67.7
3178;Totaal personen;Hellendoorn;2013;26;19;18;15;3;0;2;9;3;4;0;1;6.0;7;71.8;67.5
3179;Totaal personen;Hellendoorn;2014;26;19;18;15;3;0;2;9;3;4;0;1;6.5;7;72.6;67.9
3180;Totaal personen;Hellendoorn;2015;26;19;18;15;3;0;2;9;3;5;0;1;5.9;7;72.2;67.9
3181;Totaal personen;Hellendoorn;2016;26;19;18;15;3;0;2;9;3;4;0;1;5.5;8;71.3;67.4
3182;Totaal personen;Hellendoorn;2017;26;19;18;15;3;0;2;9;3;4;0;1;3.9;8;71.6;68.8
3183;Totaal personen;Hellendoorn;2018;26;19;19;16;3;0;2;9;3;4;0;1;3.0;7;72.5;70.4
3184;Totaal personen;Hellevoetsluis;2003;30;21;20;18;2;0;2;9;4;5;1;1;4.4;9;70.1;67.0
3185;Totaal personen;Hellevoetsluis;2004;31;21;20;18;2;0;2;11;4;4;0;1;5.3;9;69.5;65.8
3186;Totaal personen;Hellevoetsluis;2005;31;21;20;17;2;0;2;10;4;4;0;1;6.0;10;68.6;64.4
3187;Totaal personen;Hellevoetsluis;2006;31;21;20;18;2;0;2;10;4;5;1;1;4.7;9;69.4;66.1
3188;Totaal personen;Hellevoetsluis;2007;30;22;21;19;2;0;2;10;4;4;1;1;3.6;9;71.1;68.5
3189;Totaal personen;Hellevoetsluis;2008;31;22;21;19;2;0;2;10;4;5;1;1;3.2;9;71.3;69.0
3190;Totaal personen;Hellevoetsluis;2009;31;22;21;18;3;0;2;10;4;5;1;1;3.9;9;71.9;69.2
3191;Totaal personen;Hellevoetsluis;2010;31;22;21;19;2;0;2;11;4;4;1;1;4.3;9;71.1;68.0
3192;Totaal personen;Hellevoetsluis;2011;31;22;21;18;3;0;1;10;4;5;0;1;4.4;9;71.1;68.0
3193;Totaal personen;Hellevoetsluis;2012;30;22;20;18;3;0;1;9;4;5;1;1;5.3;9;71.3;67.5
3194;Totaal personen;Hellevoetsluis;2013;30;21;20;17;3;0;2;9;3;5;1;1;6.7;9;70.4;65.7
3195;Totaal personen;Hellevoetsluis;2014;30;21;20;17;3;0;2;8;4;5;1;1;6.6;9;69.7;65.1
3196;Totaal personen;Hellevoetsluis;2015;30;21;20;16;3;0;2;8;3;5;1;1;6.5;9;70.4;65.8
3197;Totaal personen;Hellevoetsluis;2016;30;21;19;16;3;0;2;8;3;6;1;1;5.6;9;68.9;65.0
3198;Totaal personen;Hellevoetsluis;2017;30;21;20;17;3;0;2;8;4;5;1;1;4.6;9;68.9;65.7
3199;Totaal personen;Hellevoetsluis;2018;31;21;20;18;3;0;2;9;4;5;1;1;3.6;10;68.6;66.2
3200;Totaal personen;Helmond;2003;64;43;40;36;5;0;4;20;7;9;0;2;5.8;21;66.9;63.1
3201;Totaal personen;Helmond;2004;64;43;40;35;5;0;4;20;7;9;0;3;6.9;21;66.8;62.2
3202;Totaal personen;Helmond;2005;64;43;40;35;5;0;4;20;7;8;0;3;7.1;21;66.9;62.2
3203;Totaal personen;Helmond;2006;64;43;40;36;5;0;4;20;7;9;1;3;5.9;21;66.9;63.0
3204;Totaal personen;Helmond;2007;65;44;42;37;6;0;4;20;7;10;1;2;4.6;20;68.5;65.4
3205;Totaal personen;Helmond;2008;65;45;43;38;6;0;4;21;8;11;1;2;4.1;20;69.2;66.4
3206;Totaal personen;Helmond;2009;66;46;43;38;6;0;5;20;8;9;2;2;5.3;20;69.5;65.8
3207;Totaal personen;Helmond;2010;66;45;43;36;6;0;5;20;7;11;0;3;5.8;21;68.8;64.8
3208;Totaal personen;Helmond;2011;66;46;44;37;6;0;5;22;8;9;0;2;5.3;20;70.3;66.5
3209;Totaal personen;Helmond;2012;66;47;44;37;7;0;4;20;8;11;0;3;6.4;20;70.4;65.9
3210;Totaal personen;Helmond;2013;67;47;43;37;6;0;4;19;7;11;1;4;8.2;20;69.9;64.1
3211;Totaal personen;Helmond;2014;67;46;42;36;6;0;3;20;7;11;1;4;8.9;21;68.5;62.3
3212;Totaal personen;Helmond;2015;67;47;43;37;7;0;5;20;6;12;0;4;7.9;20;69.8;64.3
3213;Totaal personen;Helmond;2016;68;47;44;37;7;0;5;21;7;11;0;3;6.5;21;69.8;65.3
3214;Totaal personen;Helmond;2017;69;47;45;39;6;0;5;22;7;10;1;2;5.1;21;69.0;65.4
3215;Totaal personen;Helmond;2018;69;48;46;40;6;0;6;22;7;9;1;2;4.2;21;69.2;66.2
3216;Totaal personen;Hendrik-Ido-Ambacht;2003;16;11;11;9;2;0;1;5;2;2;0;0;3.5;5;69.3;66.8
3217;Totaal personen;Hendrik-Ido-Ambacht;2004;17;12;11;10;1;0;1;5;2;2;0;1;4.2;5;69.3;66.4
3218;Totaal personen;Hendrik-Ido-Ambacht;2005;18;12;12;11;1;0;1;5;2;3;0;1;4.3;5;70.5;67.5
3219;Totaal personen;Hendrik-Ido-Ambacht;2006;18;13;12;11;1;0;1;6;2;3;0;0;3.8;5;71.4;68.7
3220;Totaal personen;Hendrik-Ido-Ambacht;2007;18;13;13;11;2;0;1;6;3;3;0;0;3.1;5;73.9;71.7
3221;Totaal personen;Hendrik-Ido-Ambacht;2008;18;13;13;12;1;0;1;6;3;3;0;0;2.8;5;72.8;70.8
3222;Totaal personen;Hendrik-Ido-Ambacht;2009;19;14;14;12;2;0;1;7;3;3;0;0;3.2;5;74.2;71.8
3223;Totaal personen;Hendrik-Ido-Ambacht;2010;20;15;14;12;2;0;1;6;3;4;0;1;3.8;5;73.7;70.9
3224;Totaal personen;Hendrik-Ido-Ambacht;2011;20;15;14;12;2;0;1;6;3;4;1;1;3.9;5;73.2;70.3
3225;Totaal personen;Hendrik-Ido-Ambacht;2012;21;15;15;13;2;0;1;6;3;4;1;1;4.5;5;74.1;70.8
3226;Totaal personen;Hendrik-Ido-Ambacht;2013;21;16;15;13;2;0;1;6;3;5;0;1;5.5;5;74.4;70.3
3227;Totaal personen;Hendrik-Ido-Ambacht;2014;21;16;15;13;2;0;1;6;3;5;0;1;5.3;6;73.8;69.8
3228;Totaal personen;Hendrik-Ido-Ambacht;2015;21;16;15;13;2;0;1;6;3;4;0;1;4.9;5;74.4;70.7
3229;Totaal personen;Hendrik-Ido-Ambacht;2016;21;16;15;13;2;0;1;7;3;4;0;1;4.3;6;74.0;70.8
3230;Totaal personen;Hendrik-Ido-Ambacht;2017;22;16;16;13;2;0;1;8;3;4;0;1;3.5;6;74.4;71.8
3231;Totaal personen;Hendrik-Ido-Ambacht;2018;22;16;16;14;2;0;1;7;3;4;1;1;3.1;6;74.5;72.2
3232;Totaal personen;Hengelo (O.);2003;60;41;39;35;4;0;4;17;7;10;1;2;5.3;19;68.2;64.6
3233;Totaal personen;Hengelo (O.);2004;60;41;39;34;4;0;3;18;7;10;0;3;6.4;19;68.4;64.0
3234;Totaal personen;Hengelo (O.);2005;60;41;38;35;3;0;3;17;7;10;1;3;6.5;19;67.7;63.3
3235;Totaal personen;Hengelo (O.);2006;60;41;38;35;3;0;4;17;7;10;1;2;5.8;19;67.8;63.9
3236;Totaal personen;Hengelo (O.);2007;60;42;40;35;5;0;4;18;7;10;1;2;4.7;18;69.6;66.3
3237;Totaal personen;Hengelo (O.);2008;60;43;41;36;5;0;3;18;8;12;1;2;3.9;17;71.2;68.4
3238;Totaal personen;Hengelo (O.);2009;59;43;41;36;5;0;3;19;8;11;1;2;4.7;17;71.9;68.5
3239;Totaal personen;Hengelo (O.);2010;59;42;40;35;4;0;3;18;7;10;0;2;5.2;17;70.7;67.0
3240;Totaal personen;Hengelo (O.);2011;59;42;40;35;4;0;4;18;7;10;0;2;5.0;17;70.6;67.0
3241;Totaal personen;Hengelo (O.);2012;60;42;39;34;5;0;3;16;7;12;1;3;6.3;18;69.9;65.5
3242;Totaal personen;Hengelo (O.);2013;60;43;39;34;5;0;3;18;6;12;0;3;7.6;17;71.3;65.9
3243;Totaal personen;Hengelo (O.);2014;60;42;38;33;5;0;4;16;6;13;0;3;7.8;18;69.5;64.1
3244;Totaal personen;Hengelo (O.);2015;60;42;39;33;5;0;4;16;6;12;0;3;8.1;18;70.5;64.8
3245;Totaal personen;Hengelo (O.);2016;60;42;39;34;6;0;4;19;7;10;1;3;7.1;18;70.5;65.5
3246;Totaal personen;Hengelo (O.);2017;60;42;40;34;6;0;4;19;7;10;1;2;5.2;18;70.5;66.9
3247;Totaal personen;Hengelo (O.);2018;60;43;41;36;5;0;3;18;7;13;0;2;4.0;18;70.4;67.6
3248;Totaal personen;'s-Hertogenbosch;2003;106;75;71;63;8;0;6;29;12;22;1;4;5.2;32;70.3;66.7
3249;Totaal personen;'s-Hertogenbosch;2004;107;74;70;62;8;0;6;30;13;22;1;4;5.7;33;69.2;65.3
3250;Totaal personen;'s-Hertogenbosch;2005;107;75;71;62;9;0;6;31;12;21;0;4;5.4;32;70.0;66.2
3251;Totaal personen;'s-Hertogenbosch;2006;108;76;72;63;9;0;7;31;13;22;1;4;5.2;32;70.7;67.1
3252;Totaal personen;'s-Hertogenbosch;2007;109;78;75;64;11;0;5;33;13;23;0;3;3.6;31;71.3;68.7
3253;Totaal personen;'s-Hertogenbosch;2008;110;79;77;66;10;0;6;33;14;23;0;3;3.2;31;72.1;69.8
3254;Totaal personen;'s-Hertogenbosch;2009;111;80;77;66;11;0;7;31;15;23;1;4;4.5;30;72.8;69.6
3255;Totaal personen;'s-Hertogenbosch;2010;112;81;77;65;12;0;7;31;15;24;1;4;4.9;30;72.7;69.2
3256;Totaal personen;'s-Hertogenbosch;2011;112;81;77;65;12;0;6;33;14;25;0;4;4.7;31;72.2;68.8
3257;Totaal personen;'s-Hertogenbosch;2012;113;82;77;64;13;0;7;31;13;26;0;4;5.4;31;72.2;68.3
3258;Totaal personen;'s-Hertogenbosch;2013;114;83;77;64;13;0;7;31;12;28;0;6;6.9;31;72.8;67.7
3259;Totaal personen;'s-Hertogenbosch;2014;115;83;77;65;12;0;6;32;12;25;0;6;7.7;32;72.3;66.7
3260;Totaal personen;'s-Hertogenbosch;2015;115;83;77;64;13;0;6;31;13;27;0;6;7.0;32;72.5;67.4
3261;Totaal personen;'s-Hertogenbosch;2016;116;83;79;66;12;0;6;32;12;29;0;5;5.5;32;71.9;68.0
3262;Totaal personen;'s-Hertogenbosch;2017;117;84;80;65;15;0;6;33;13;28;1;4;4.6;33;72.0;68.7
3263;Totaal personen;'s-Hertogenbosch;2018;117;85;82;67;15;0;7;31;14;30;0;3;3.4;33;72.1;69.7
3264;Totaal personen;Heumen;2003;12;8;8;7;1;0;1;3;2;3;0;0;3.8;4;68.6;66.0
3265;Totaal personen;Heumen;2004;12;8;8;7;1;0;1;3;1;3;0;0;4.6;4;67.9;64.8
3266;Totaal personen;Heumen;2005;12;9;8;7;1;0;1;4;1;3;0;0;4.7;4;69.4;66.1
3267;Totaal personen;Heumen;2006;12;9;8;7;1;0;1;4;1;2;0;0;4.2;4;70.1;67.2
3268;Totaal personen;Heumen;2007;12;9;8;7;1;0;1;4;1;2;0;0;3.6;4;70.8;68.3
3269;Totaal personen;Heumen;2008;12;9;8;7;1;0;1;3;2;3;0;0;3.2;4;70.5;68.2
3270;Totaal personen;Heumen;2009;12;9;8;7;1;0;1;3;1;3;0;0;3.5;3;71.4;68.9
3271;Totaal personen;Heumen;2010;12;9;8;7;2;0;1;3;2;3;0;0;4.2;3;72.0;69.0
3272;Totaal personen;Heumen;2011;12;9;8;7;1;0;1;3;2;3;0;0;4.1;4;70.7;67.7
3273;Totaal personen;Heumen;2012;12;9;8;7;1;0;1;3;2;3;0;0;4.8;4;70.2;66.8
3274;Totaal personen;Heumen;2013;12;9;8;7;1;0;1;3;1;3;0;1;6.0;4;70.6;66.4
3275;Totaal personen;Heumen;2014;12;9;8;7;1;0;1;3;1;3;0;1;6.2;4;70.7;66.3
3276;Totaal personen;Heumen;2015;12;9;8;7;1;0;0;3;1;3;0;0;5.4;4;70.8;67.1
3277;Totaal personen;Heumen;2016;12;9;8;7;1;0;1;3;1;3;0;0;4.7;4;70.2;66.9
3278;Totaal personen;Heumen;2017;12;9;8;7;1;0;1;3;1;3;0;0;3.9;4;70.9;68.1
3279;Totaal personen;Heumen;2018;12;9;8;7;1;0;1;3;1;3;0;0;3.1;4;71.3;69.1
3280;Totaal personen;Heusden;2003;32;23;22;18;3;0;2;11;4;5;1;1;4.2;10;69.6;66.7
3281;Totaal personen;Heusden;2004;32;22;21;19;3;0;2;11;4;4;0;1;4.8;10;69.1;65.8
3282;Totaal personen;Heusden;2005;32;23;22;18;4;0;2;13;3;4;0;1;4.8;10;69.6;66.3
3283;Totaal personen;Heusden;2006;33;23;22;18;3;0;2;11;4;4;1;1;4.2;10;69.8;66.9
3284;Totaal personen;Heusden;2007;32;23;22;19;3;0;2;11;4;5;1;1;3.5;9;70.9;68.4
3285;Totaal personen;Heusden;2008;33;23;23;19;4;0;2;11;4;5;0;1;3.0;9;71.3;69.1
3286;Totaal personen;Heusden;2009;33;23;23;19;4;0;2;10;4;5;1;1;3.6;9;72.1;69.5
3287;Totaal personen;Heusden;2010;33;24;23;19;4;0;2;11;4;5;0;1;4.3;9;72.5;69.3
3288;Totaal personen;Heusden;2011;33;24;23;19;4;0;2;12;4;4;0;1;4.2;9;72.4;69.4
3289;Totaal personen;Heusden;2012;33;23;22;19;4;0;2;12;4;5;0;1;4.7;9;71.4;68.0
3290;Totaal personen;Heusden;2013;33;23;22;19;4;0;2;11;4;5;0;1;5.9;9;71.5;67.3
3291;Totaal personen;Heusden;2014;33;24;22;19;3;0;2;11;3;6;0;1;6.3;9;71.6;67.1
3292;Totaal personen;Heusden;2015;33;23;22;18;3;0;2;11;3;5;0;1;6.3;9;70.9;66.4
3293;Totaal personen;Heusden;2016;33;23;22;18;4;0;2;11;4;5;0;1;5.1;9;71.3;67.6
3294;Totaal personen;Heusden;2017;33;24;23;19;4;0;2;11;4;6;0;1;4.2;9;71.8;68.8
3295;Totaal personen;Heusden;2018;33;24;23;19;4;0;2;11;4;6;0;1;3.1;9;71.6;69.4
3296;Totaal personen;Hillegom;2003;15;11;10;9;1;0;1;5;2;2;0;0;3.6;5;69.8;67.3
3297;Totaal personen;Hillegom;2004;15;11;10;9;1;0;1;5;2;2;0;0;4.1;5;69.5;66.6
3298;Totaal personen;Hillegom;2005;15;11;10;9;1;0;1;5;2;2;0;0;4.5;5;70.5;67.3
3299;Totaal personen;Hillegom;2006;15;11;10;9;1;0;1;5;2;2;0;0;3.9;5;70.4;67.6
3300;Totaal personen;Hillegom;2007;15;11;11;9;1;0;1;5;2;2;0;0;3.5;4;72.1;69.6
3301;Totaal personen;Hillegom;2008;15;11;11;10;1;0;1;5;2;3;0;0;3.0;4;73.0;70.8
3302;Totaal personen;Hillegom;2009;15;11;11;10;1;0;1;5;2;3;0;0;3.7;4;73.8;71.0
3303;Totaal personen;Hillegom;2010;15;11;11;9;1;0;1;5;2;3;0;0;4.2;4;72.8;69.7
3304;Totaal personen;Hillegom;2011;15;11;11;9;1;0;1;5;2;3;0;0;4.0;4;72.0;69.1
3305;Totaal personen;Hillegom;2012;16;11;11;9;1;0;1;5;2;2;0;1;4.7;4;73.1;69.7
3306;Totaal personen;Hillegom;2013;16;11;11;9;1;0;1;5;2;3;0;1;6.0;4;72.3;67.9
3307;Totaal personen;Hillegom;2014;16;11;11;9;2;0;1;5;2;3;0;1;6.6;4;72.8;68.0
3308;Totaal personen;Hillegom;2015;16;11;11;9;2;0;1;5;2;3;0;1;5.9;4;72.0;67.8
3309;Totaal personen;Hillegom;2016;16;11;11;9;2;0;1;5;2;3;0;1;4.8;4;71.7;68.3
3310;Totaal personen;Hillegom;2017;16;12;11;9;2;0;1;5;2;3;0;0;4.0;4;72.3;69.4
3311;Totaal personen;Hillegom;2018;16;12;12;10;2;0;1;5;2;3;0;0;2.9;4;73.0;70.9
3312;Totaal personen;Hilvarenbeek;2003;11;8;7;6;1;0;1;4;1;1;0;0;3.2;3;68.8;66.6
3313;Totaal personen;Hilvarenbeek;2004;11;8;7;6;1;0;1;4;1;1;0;0;3.7;3;68.9;66.3
3314;Totaal personen;Hilvarenbeek;2005;11;8;8;6;1;0;1;4;1;2;0;0;3.8;3;70.0;67.4
3315;Totaal personen;Hilvarenbeek;2006;11;8;8;6;1;0;1;4;1;2;0;0;3.4;3;70.4;68.0
3316;Totaal personen;Hilvarenbeek;2007;11;8;8;7;1;0;1;4;1;2;0;0;3.2;3;72.0;69.7
3317;Totaal personen;Hilvarenbeek;2008;11;8;8;7;1;0;1;4;1;2;0;0;2.7;3;72.4;70.4
3318;Totaal personen;Hilvarenbeek;2009;11;8;8;6;1;0;1;4;1;1;0;0;3.1;3;71.3;69.1
3319;Totaal personen;Hilvarenbeek;2010;11;8;8;7;1;0;1;4;1;2;0;0;3.5;3;71.7;69.1
3320;Totaal personen;Hilvarenbeek;2011;11;8;8;7;1;0;1;4;1;2;0;0;3.4;3;70.8;68.3
3321;Totaal personen;Hilvarenbeek;2012;11;8;8;7;1;0;1;4;1;2;0;0;4.0;3;71.0;68.1
3322;Totaal personen;Hilvarenbeek;2013;11;8;8;7;1;0;1;4;1;2;0;0;5.3;3;71.8;68.0
3323;Totaal personen;Hilvarenbeek;2014;11;8;8;6;1;0;1;4;1;2;0;0;5.2;3;70.7;67.1
3324;Totaal personen;Hilvarenbeek;2015;11;8;8;7;1;0;1;4;1;2;0;0;4.7;3;72.0;68.7
3325;Totaal personen;Hilvarenbeek;2016;11;8;8;7;1;0;1;4;1;2;0;0;4.3;3;71.7;68.6
3326;Totaal personen;Hilvarenbeek;2017;12;8;8;7;1;0;1;4;1;2;0;0;3.4;3;72.0;69.6
3327;Totaal personen;Hilvarenbeek;2018;12;8;8;7;1;0;1;4;1;2;0;0;2.7;3;72.2;70.3
3328;Totaal personen;Hilversum;2003;62;42;40;34;6;0;3;16;7;13;0;2;4.6;20;67.6;64.5
3329;Totaal personen;Hilversum;2004;62;41;39;34;5;0;3;16;7;13;0;2;5.4;20;67.1;63.5
3330;Totaal personen;Hilversum;2005;62;41;39;34;5;0;3;17;7;11;0;2;5.6;20;67.2;63.4
3331;Totaal personen;Hilversum;2006;61;42;40;34;6;0;3;17;7;13;0;2;4.6;20;68.2;65.0
3332;Totaal personen;Hilversum;2007;61;42;41;34;6;0;3;17;7;13;0;2;3.8;19;68.6;66.0
3333;Totaal personen;Hilversum;2008;62;43;42;36;6;0;3;17;7;14;0;2;3.5;19;69.7;67.3
3334;Totaal personen;Hilversum;2009;62;44;42;34;7;0;3;16;7;16;0;2;4.3;18;70.3;67.3
3335;Totaal personen;Hilversum;2010;62;44;42;33;8;0;3;16;8;15;0;2;4.8;18;70.6;67.2
3336;Totaal personen;Hilversum;2011;62;43;41;34;7;0;3;13;7;17;0;2;5.1;19;69.9;66.3
3337;Totaal personen;Hilversum;2012;63;45;43;35;8;0;3;15;8;16;0;2;5.4;18;71.8;67.9
3338;Totaal personen;Hilversum;2013;63;45;42;34;8;0;3;15;8;16;1;3;6.8;18;71.7;66.8
3339;Totaal personen;Hilversum;2014;64;45;42;34;8;0;3;13;8;17;1;3;7.4;19;70.9;65.6
3340;Totaal personen;Hilversum;2015;64;45;42;34;9;0;3;16;7;16;0;3;6.4;19;71.0;66.4
3341;Totaal personen;Hilversum;2016;65;46;43;35;9;0;3;16;8;16;0;3;5.6;18;71.3;67.3
3342;Totaal personen;Hilversum;2017;66;46;44;35;9;0;3;16;7;17;0;2;4.6;19;70.7;67.4
3343;Totaal personen;Hilversum;2018;66;46;45;37;8;0;3;16;7;18;0;2;4.0;20;70.4;67.6
3344;Totaal personen;Hof van Twente;2003;26;17;16;14;3;0;1;8;3;4;0;1;3.9;9;65.2;62.7
3345;Totaal personen;Hof van Twente;2004;26;17;16;13;3;0;1;9;3;3;0;1;4.5;9;65.7;62.7
3346;Totaal personen;Hof van Twente;2005;26;17;16;13;3;0;1;8;3;3;0;1;4.7;9;65.5;62.4
3347;Totaal personen;Hof van Twente;2006;26;17;16;14;3;0;1;8;3;4;0;1;4.1;9;66.5;63.7
3348;Totaal personen;Hof van Twente;2007;26;17;17;14;3;0;2;8;3;4;0;1;3.6;8;67.6;65.1
3349;Totaal personen;Hof van Twente;2008;26;18;18;15;3;0;1;9;3;4;0;1;3.1;8;70.0;67.9
3350;Totaal personen;Hof van Twente;2009;26;18;17;14;3;0;1;9;3;3;0;1;3.6;8;69.7;67.2
3351;Totaal personen;Hof van Twente;2010;26;18;17;14;3;0;1;9;3;4;0;1;4.0;8;68.6;65.8
3352;Totaal personen;Hof van Twente;2011;26;18;17;14;3;0;1;9;3;3;0;1;3.8;8;68.1;65.5
3353;Totaal personen;Hof van Twente;2012;26;18;17;14;3;0;1;9;3;4;0;1;4.7;8;69.0;65.8
3354;Totaal personen;Hof van Twente;2013;26;18;17;14;3;0;2;8;3;5;0;1;6.0;8;69.6;65.5
3355;Totaal personen;Hof van Twente;2014;26;18;17;14;3;0;2;9;3;4;0;1;6.1;8;70.3;66.0
3356;Totaal personen;Hof van Twente;2015;26;18;17;14;3;0;2;9;3;4;0;1;5.4;7;71.0;67.1
3357;Totaal personen;Hof van Twente;2016;26;18;17;14;4;0;2;8;3;5;0;1;4.6;8;70.4;67.2
3358;Totaal personen;Hof van Twente;2017;26;18;18;14;4;0;2;8;3;5;0;1;4.1;7;71.3;68.4
3359;Totaal personen;Hof van Twente;2018;26;18;18;14;3;0;2;8;3;4;0;1;3.3;7;71.5;69.1
3360;Totaal personen;Hollands Kroon;2003;35;24;23;19;3;0;2;12;4;4;1;1;3.4;11;67.8;65.5
3361;Totaal personen;Hollands Kroon;2004;35;24;23;19;3;0;2;12;4;4;0;1;4.2;11;67.9;65.0
3362;Totaal personen;Hollands Kroon;2005;35;24;23;19;4;0;2;13;4;4;0;1;4.3;11;68.4;65.5
3363;Totaal personen;Hollands Kroon;2006;35;24;23;19;4;0;2;13;4;4;0;1;3.7;11;69.1;66.5
3364;Totaal personen;Hollands Kroon;2007;36;25;24;20;4;0;2;13;4;4;0;1;3.2;11;70.0;67.8
3365;Totaal personen;Hollands Kroon;2008;36;25;24;20;4;0;2;13;4;5;0;1;2.9;11;70.5;68.5
3366;Totaal personen;Hollands Kroon;2009;36;26;25;20;5;0;2;14;4;4;0;1;3.2;10;71.5;69.2
3367;Totaal personen;Hollands Kroon;2010;36;25;25;20;5;0;2;13;4;5;0;1;3.6;10;71.1;68.6
3368;Totaal personen;Hollands Kroon;2011;36;25;24;20;4;0;2;13;4;5;0;1;3.6;11;70.3;67.8
3369;Totaal personen;Hollands Kroon;2012;36;25;24;20;4;0;2;12;5;5;0;1;4.6;10;71.0;67.7
3370;Totaal personen;Hollands Kroon;2013;36;25;24;20;4;0;2;12;4;5;1;1;5.2;11;70.3;66.7
3371;Totaal personen;Hollands Kroon;2014;36;25;24;19;5;0;2;13;4;4;1;1;5.8;10;70.9;66.8
3372;Totaal personen;Hollands Kroon;2015;36;26;24;19;5;0;2;13;4;5;0;1;5.2;10;71.4;67.7
3373;Totaal personen;Hollands Kroon;2016;36;26;24;19;6;0;2;13;4;5;0;1;5.0;10;71.4;67.8
3374;Totaal personen;Hollands Kroon;2017;36;26;25;20;5;0;2;13;4;5;1;1;3.7;10;71.0;68.4
3375;Totaal personen;Hollands Kroon;2018;36;26;25;20;5;0;2;12;4;6;0;1;2.8;10;71.1;69.1
3376;Totaal personen;Hoogeveen;2003;40;26;25;22;3;0;3;14;4;3;0;1;5.4;14;65.0;61.5
3377;Totaal personen;Hoogeveen;2004;40;26;25;22;3;0;3;13;4;3;0;2;6.7;13;66.4;61.9
3378;Totaal personen;Hoogeveen;2005;40;26;24;22;3;0;4;13;4;3;1;2;7.2;14;65.6;60.8
3379;Totaal personen;Hoogeveen;2006;40;26;25;22;3;0;3;13;4;4;1;2;6.3;14;65.9;61.8
3380;Totaal personen;Hoogeveen;2007;40;27;26;23;3;0;3;13;5;4;1;1;4.8;13;67.9;64.6
3381;Totaal personen;Hoogeveen;2008;40;28;26;24;3;0;3;14;5;4;1;1;4.0;13;68.6;65.8
3382;Totaal personen;Hoogeveen;2009;40;28;26;23;4;0;3;14;4;5;1;1;5.2;12;69.3;65.7
3383;Totaal personen;Hoogeveen;2010;40;27;26;22;3;0;3;13;5;4;1;2;5.7;13;67.6;63.7
3384;Totaal personen;Hoogeveen;2011;40;27;26;22;3;0;3;13;4;4;1;2;5.6;13;68.2;64.3
3385;Totaal personen;Hoogeveen;2012;40;28;26;23;3;0;3;14;4;4;1;2;6.5;12;69.4;64.9
3386;Totaal personen;Hoogeveen;2013;40;28;26;22;4;0;4;11;4;5;1;2;8.3;12;69.8;64.0
3387;Totaal personen;Hoogeveen;2014;40;28;25;22;4;0;3;12;4;5;1;2;8.1;12;69.1;63.5
3388;Totaal personen;Hoogeveen;2015;40;28;26;22;4;0;3;13;4;4;1;2;7.1;12;70.0;65.1
3389;Totaal personen;Hoogeveen;2016;40;28;26;21;5;0;3;14;4;4;1;2;6.0;12;69.1;65.0
3390;Totaal personen;Hoogeveen;2017;40;28;27;22;4;0;3;14;4;5;1;1;4.6;12;69.5;66.3
3391;Totaal personen;Hoogeveen;2018;40;28;27;23;4;0;3;14;5;5;1;1;3.7;12;69.3;66.8
3392;Totaal personen;Hoorn;2003;51;36;34;30;4;0;3;16;6;8;1;2;4.6;15;70.0;66.8
3393;Totaal personen;Hoorn;2004;51;35;33;30;3;0;3;15;6;8;1;2;5.6;16;68.5;64.7
3394;Totaal personen;Hoorn;2005;51;36;34;31;3;0;3;16;7;8;0;2;5.7;16;69.6;65.7
3395;Totaal personen;Hoorn;2006;51;36;35;31;4;0;3;17;6;8;0;2;4.7;15;70.8;67.4
3396;Totaal personen;Hoorn;2007;52;37;35;31;4;0;4;16;6;8;1;1;3.8;15;70.8;68.2
3397;Totaal personen;Hoorn;2008;52;38;36;32;4;0;3;18;7;8;0;1;3.4;15;72.1;69.6
3398;Totaal personen;Hoorn;2009;53;38;37;32;5;0;3;18;7;8;1;1;3.8;15;72.3;69.5
3399;Totaal personen;Hoorn;2010;53;38;36;32;4;0;3;16;7;8;1;2;4.4;15;71.4;68.3
3400;Totaal personen;Hoorn;2011;53;38;36;31;5;0;3;16;7;9;1;2;4.8;15;71.3;67.9
3401;Totaal personen;Hoorn;2012;54;38;36;31;5;0;3;16;7;9;1;2;5.8;16;70.5;66.4
3402;Totaal personen;Hoorn;2013;54;39;36;30;6;0;3;15;6;10;1;3;7.2;15;71.5;66.4
3403;Totaal personen;Hoorn;2014;54;39;36;30;5;0;3;15;6;11;1;3;7.8;16;70.9;65.4
3404;Totaal personen;Hoorn;2015;54;38;35;29;6;0;3;16;6;10;1;3;6.6;16;69.7;65.1
3405;Totaal personen;Hoorn;2016;55;38;36;31;5;0;3;17;6;9;0;2;6.0;16;70.0;65.8
3406;Totaal personen;Hoorn;2017;55;38;36;31;5;0;3;16;6;10;1;2;5.3;17;69.7;66.0
3407;Totaal personen;Hoorn;2018;55;39;37;32;5;0;4;16;7;9;1;2;4.1;17;69.9;67.0
3408;Totaal personen;Horst aan de Maas;2003;30;21;21;18;3;0;2;12;4;4;0;1;3.6;9;70.9;68.3
3409;Totaal personen;Horst aan de Maas;2004;30;21;20;18;3;0;2;12;4;3;0;1;4.1;9;71.1;68.2
3410;Totaal personen;Horst aan de Maas;2005;30;22;21;18;3;0;2;11;4;3;0;1;4.0;8;71.9;69.1
3411;Totaal personen;Horst aan de Maas;2006;30;22;21;18;3;0;2;12;4;4;0;1;3.7;8;72.1;69.5
3412;Totaal personen;Horst aan de Maas;2007;30;22;21;19;3;0;2;12;3;4;0;1;3.2;8;72.6;70.3
3413;Totaal personen;Horst aan de Maas;2008;31;22;22;19;3;0;2;12;4;3;0;1;2.9;8;73.0;70.8
3414;Totaal personen;Horst aan de Maas;2009;31;23;22;19;3;0;2;12;4;4;0;1;3.6;8;74.2;71.5
3415;Totaal personen;Horst aan de Maas;2010;31;23;22;19;3;0;2;12;4;4;0;1;4.0;8;73.7;70.7
3416;Totaal personen;Horst aan de Maas;2011;31;23;22;19;3;0;2;10;4;5;0;1;3.6;9;72.9;70.3
3417;Totaal personen;Horst aan de Maas;2012;32;23;22;19;3;0;2;11;4;5;0;1;3.8;8;73.7;70.9
3418;Totaal personen;Horst aan de Maas;2013;32;23;22;18;3;0;2;11;4;4;0;1;5.6;9;72.9;68.9
3419;Totaal personen;Horst aan de Maas;2014;31;23;22;19;3;0;2;10;4;5;0;1;6.2;8;74.0;69.4
3420;Totaal personen;Horst aan de Maas;2015;31;23;22;18;3;0;2;11;4;5;0;1;5.4;8;73.1;69.1
3421;Totaal personen;Horst aan de Maas;2016;32;23;23;19;3;0;2;11;3;5;0;1;4.0;8;74.0;71.0
3422;Totaal personen;Horst aan de Maas;2017;32;24;23;20;4;0;2;11;4;5;1;1;3.6;8;75.1;72.4
3423;Totaal personen;Horst aan de Maas;2018;32;24;23;20;4;0;2;11;4;6;0;1;2.6;8;75.1;73.1
3424;Totaal personen;Houten;2003;30;23;22;20;2;0;1;9;4;8;0;1;3.5;7;76.5;73.8
3425;Totaal personen;Houten;2004;31;24;23;21;3;0;2;9;4;9;0;1;3.9;7;77.5;74.5
3426;Totaal personen;Houten;2005;32;25;24;21;3;0;1;9;4;9;0;1;4.0;7;77.4;74.3
3427;Totaal personen;Houten;2006;33;26;25;22;3;0;2;10;4;9;0;1;3.5;7;78.5;75.8
3428;Totaal personen;Houten;2007;34;26;26;22;4;0;2;10;5;10;0;1;3.2;7;78.4;75.9
3429;Totaal personen;Houten;2008;34;27;26;23;4;0;2;10;5;10;0;1;2.8;7;78.8;76.6
3430;Totaal personen;Houten;2009;35;28;27;23;4;0;2;10;5;10;0;1;3.2;7;79.6;77.1
3431;Totaal personen;Houten;2010;35;28;27;23;4;0;2;10;5;10;0;1;3.6;7;78.8;76.0
3432;Totaal personen;Houten;2011;35;27;26;23;3;0;2;10;5;10;0;1;3.8;8;77.5;74.6
3433;Totaal personen;Houten;2012;35;27;26;23;4;0;2;9;5;10;0;1;4.4;8;77.5;74.1
3434;Totaal personen;Houten;2013;36;28;26;22;4;0;2;10;5;9;0;2;5.5;8;77.5;73.3
3435;Totaal personen;Houten;2014;36;28;26;23;4;0;2;10;5;10;0;1;5.1;8;77.0;73.1
3436;Totaal personen;Houten;2015;36;27;26;22;4;0;2;9;5;11;0;1;5.3;9;76.4;72.3
3437;Totaal personen;Houten;2016;36;28;26;22;4;0;2;9;5;10;0;1;4.7;9;75.8;72.2
3438;Totaal personen;Houten;2017;37;28;27;23;4;0;2;10;4;11;0;1;3.7;9;76.0;73.2
3439;Totaal personen;Houten;2018;37;28;27;23;4;0;2;10;5;10;0;1;3.2;9;76.0;73.6
3440;Totaal personen;Huizen;2003;31;22;21;18;3;0;2;10;4;6;0;1;4.3;10;69.7;66.7
3441;Totaal personen;Huizen;2004;31;22;21;18;3;0;2;11;4;4;0;1;5.0;10;68.9;65.5
3442;Totaal personen;Huizen;2005;31;22;21;18;2;0;2;10;4;5;0;1;5.3;10;69.0;65.3
3443;Totaal personen;Huizen;2006;31;22;21;18;3;0;2;9;4;6;0;1;4.4;10;69.0;66.0
3444;Totaal personen;Huizen;2007;32;22;21;19;3;0;2;10;4;5;0;1;3.7;9;70.5;67.9
3445;Totaal personen;Huizen;2008;32;23;22;19;3;0;2;10;4;6;1;1;3.3;9;71.5;69.1
3446;Totaal personen;Huizen;2009;32;22;22;18;3;0;2;9;4;6;1;1;4.1;9;71.2;68.3
3447;Totaal personen;Huizen;2010;31;22;21;18;3;0;2;9;4;6;0;1;4.5;9;70.3;67.1
3448;Totaal personen;Huizen;2011;31;22;21;17;4;0;1;9;4;6;0;1;4.5;9;69.9;66.7
3449;Totaal personen;Huizen;2012;31;22;21;17;4;0;1;9;4;6;0;1;5.4;9;70.3;66.5
3450;Totaal personen;Huizen;2013;31;22;20;17;3;0;1;9;3;6;0;2;7.1;9;69.9;65.0
3451;Totaal personen;Huizen;2014;31;22;20;17;4;0;2;8;3;7;0;1;6.9;9;69.7;64.9
3452;Totaal personen;Huizen;2015;31;21;20;16;4;0;2;9;3;6;0;1;6.4;9;69.7;65.2
3453;Totaal personen;Huizen;2016;31;21;20;16;4;0;2;9;3;6;0;1;5.6;10;68.9;65.1
3454;Totaal personen;Huizen;2017;31;21;20;17;4;0;2;9;3;6;0;1;4.5;10;68.5;65.4
3455;Totaal personen;Huizen;2018;31;21;21;17;4;0;2;10;4;5;1;1;3.5;9;69.7;67.3
3456;Totaal personen;Hulst;2003;21;13;13;11;2;0;1;7;2;2;0;1;3.8;7;64.7;62.3
3457;Totaal personen;Hulst;2004;21;13;13;11;2;0;1;7;2;2;0;1;4.2;7;65.2;62.5
3458;Totaal personen;Hulst;2005;21;14;13;11;2;0;1;7;2;2;0;1;4.3;7;65.7;62.9
3459;Totaal personen;Hulst;2006;21;14;13;11;2;0;1;7;2;3;0;1;4.0;7;65.7;63.1
3460;Totaal personen;Hulst;2007;21;13;13;11;2;0;1;6;2;3;0;0;3.4;7;65.0;62.8
3461;Totaal personen;Hulst;2008;21;14;13;11;2;0;1;7;2;3;0;0;3.3;7;66.6;64.4
3462;Totaal personen;Hulst;2009;21;14;13;11;2;0;1;7;2;3;0;1;3.8;7;65.9;63.4
3463;Totaal personen;Hulst;2010;20;13;13;11;2;0;1;7;2;2;0;1;4.3;7;64.9;62.1
3464;Totaal personen;Hulst;2011;20;13;13;11;2;0;1;6;2;2;1;1;4.1;7;64.0;61.4
3465;Totaal personen;Hulst;2012;21;13;13;11;2;0;1;6;2;2;1;1;4.6;7;65.3;62.3
3466;Totaal personen;Hulst;2013;21;14;13;11;2;0;1;6;2;3;0;1;5.8;7;65.4;61.6
3467;Totaal personen;Hulst;2014;20;13;13;11;2;0;1;6;2;3;0;1;5.4;7;65.3;61.8
3468;Totaal personen;Hulst;2015;20;14;13;11;2;0;1;6;2;3;0;1;5.6;7;66.7;62.9
3469;Totaal personen;Hulst;2016;20;13;13;11;2;0;1;6;2;3;0;1;4.3;7;65.4;62.5
3470;Totaal personen;Hulst;2017;21;13;13;10;3;0;1;7;2;3;0;0;3.6;7;65.2;62.9
3471;Totaal personen;Hulst;2018;21;14;13;11;3;0;1;6;2;4;0;0;2.9;7;66.2;64.3
3472;Totaal personen;IJsselstein;2003;25;18;18;16;2;0;1;7;4;6;0;1;4.0;6;74.8;71.9
3473;Totaal personen;IJsselstein;2004;25;18;17;16;1;0;1;8;3;5;0;1;4.7;6;73.6;70.1
3474;Totaal personen;IJsselstein;2005;25;18;17;16;2;0;1;8;3;5;0;1;4.8;6;73.9;70.3
3475;Totaal personen;IJsselstein;2006;25;18;17;16;2;0;1;7;3;6;0;1;4.2;7;72.8;69.8
3476;Totaal personen;IJsselstein;2007;25;19;18;16;2;0;1;8;4;5;0;1;3.6;6;74.4;71.7
3477;Totaal personen;IJsselstein;2008;25;19;18;16;2;0;1;7;4;6;0;1;3.0;6;75.3;73.1
3478;Totaal personen;IJsselstein;2009;25;19;19;16;2;0;1;9;4;5;0;1;3.5;6;76.5;73.8
3479;Totaal personen;IJsselstein;2010;25;19;18;16;2;0;1;8;3;5;0;1;4.3;6;75.6;72.3
3480;Totaal personen;IJsselstein;2011;25;19;18;16;2;0;1;8;4;6;0;1;4.4;6;74.7;71.4
3481;Totaal personen;IJsselstein;2012;25;19;18;16;2;0;2;8;4;5;0;1;5.1;6;75.1;71.3
3482;Totaal personen;IJsselstein;2013;25;19;18;15;3;0;1;8;3;6;0;1;6.4;6;75.8;71.0
3483;Totaal personen;IJsselstein;2014;25;19;18;15;3;0;1;7;3;6;0;1;6.4;6;74.6;69.9
3484;Totaal personen;IJsselstein;2015;25;19;18;15;3;0;1;7;3;6;0;1;5.8;7;74.1;69.8
3485;Totaal personen;IJsselstein;2016;25;19;18;15;3;0;1;6;3;7;0;1;5.1;7;73.0;69.3
3486;Totaal personen;IJsselstein;2017;26;19;18;16;3;0;1;7;3;6;0;1;4.2;7;74.2;71.1
3487;Totaal personen;IJsselstein;2018;26;19;18;16;3;0;1;7;3;6;0;1;3.3;7;73.5;71.0
3488;Totaal personen;Kaag en Braassem;2003;19;13;13;11;2;0;1;7;2;3;0;0;3.1;6;70.8;68.6
3489;Totaal personen;Kaag en Braassem;2004;19;13;13;11;2;0;1;7;2;2;0;0;3.5;6;70.4;67.9
3490;Totaal personen;Kaag en Braassem;2005;19;14;13;11;2;0;1;7;2;3;0;0;3.6;5;72.2;69.6
3491;Totaal personen;Kaag en Braassem;2006;19;14;13;11;2;0;1;7;2;3;0;0;3.2;5;71.9;69.6
3492;Totaal personen;Kaag en Braassem;2007;19;14;13;12;2;0;1;7;2;2;0;0;2.9;5;72.6;70.5
3493;Totaal personen;Kaag en Braassem;2008;19;14;14;12;2;0;1;7;2;3;0;0;2.6;5;73.8;71.8
3494;Totaal personen;Kaag en Braassem;2009;19;14;14;12;2;0;1;7;2;4;0;0;3.0;5;74.7;72.4
3495;Totaal personen;Kaag en Braassem;2010;19;14;14;12;2;0;1;7;3;3;0;1;3.7;5;74.4;71.7
3496;Totaal personen;Kaag en Braassem;2011;19;14;14;11;2;0;1;7;2;3;0;1;3.6;5;73.8;71.2
3497;Totaal personen;Kaag en Braassem;2012;20;14;14;11;3;0;1;7;3;3;0;1;3.7;5;74.2;71.4
3498;Totaal personen;Kaag en Braassem;2013;20;14;14;11;2;0;1;6;2;4;0;1;5.2;5;73.4;69.6
3499;Totaal personen;Kaag en Braassem;2014;20;14;14;11;3;0;1;6;2;4;0;1;5.1;5;73.3;69.6
3500;Totaal personen;Kaag en Braassem;2015;20;15;14;11;3;0;1;6;2;4;0;1;4.6;5;73.7;70.3
3501;Totaal personen;Kaag en Braassem;2016;20;14;14;12;2;0;1;7;2;4;0;1;4.5;5;72.7;69.4
3502;Totaal personen;Kaag en Braassem;2017;20;15;14;12;2;0;1;7;2;3;0;1;3.6;5;73.0;70.4
3503;Totaal personen;Kaag en Braassem;2018;20;15;14;12;2;0;1;7;2;4;0;0;2.8;5;73.3;71.2
3504;Totaal personen;Kampen;2003;36;24;23;20;3;0;2;12;4;5;0;1;4.3;11;67.8;64.9
3505;Totaal personen;Kampen;2004;36;25;24;20;4;0;2;13;4;4;0;1;5.2;11;69.9;66.3
3506;Totaal personen;Kampen;2005;36;25;23;20;3;0;2;13;4;5;0;1;5.2;11;69.4;65.8
3507;Totaal personen;Kampen;2006;36;25;24;21;3;0;2;13;4;5;0;1;4.3;11;70.4;67.4
3508;Totaal personen;Kampen;2007;36;26;25;21;4;0;3;13;4;5;0;1;3.6;10;72.3;69.7
3509;Totaal personen;Kampen;2008;36;27;26;22;4;0;2;14;4;6;0;1;3.0;9;74.4;72.1
3510;Totaal personen;Kampen;2009;36;27;26;22;4;0;2;13;4;6;0;1;3.7;9;73.8;71.0
3511;Totaal personen;Kampen;2010;36;27;25;22;3;0;2;13;4;6;0;1;4.2;10;73.2;70.2
3512;Totaal personen;Kampen;2011;36;26;25;22;4;0;2;13;4;6;0;1;4.2;10;72.6;69.5
3513;Totaal personen;Kampen;2012;37;27;26;21;4;0;2;13;4;6;0;1;4.6;10;73.1;69.8
3514;Totaal personen;Kampen;2013;37;27;25;22;3;0;3;12;4;6;0;2;6.4;10;73.7;68.9
3515;Totaal personen;Kampen;2014;37;27;25;21;4;0;3;12;4;5;0;2;6.6;10;72.4;67.6
3516;Totaal personen;Kampen;2015;37;27;26;22;4;0;3;12;4;6;0;2;5.9;10;73.2;68.9
3517;Totaal personen;Kampen;2016;38;27;26;22;4;0;2;13;4;7;0;1;5.2;10;72.3;68.6
3518;Totaal personen;Kampen;2017;38;28;27;23;4;0;2;13;5;7;1;1;4.1;10;73.9;70.8
3519;Totaal personen;Kampen;2018;39;29;28;24;4;0;3;13;5;7;1;1;3.4;10;74.8;72.3
3520;Totaal personen;Kapelle;2003;8;6;6;5;1;0;0;3;1;1;0;0;3.3;2;70.6;68.2
3521;Totaal personen;Kapelle;2004;8;6;6;5;1;0;1;3;1;1;0;0;3.8;2;70.6;67.9
3522;Totaal personen;Kapelle;2005;8;6;6;5;1;0;1;3;1;1;0;0;3.8;2;70.5;67.8
3523;Totaal personen;Kapelle;2006;9;6;6;5;1;0;1;3;1;1;0;0;3.4;2;71.5;69.1
3524;Totaal personen;Kapelle;2007;9;6;6;5;1;0;0;3;1;1;0;0;3.0;2;72.2;70.0
3525;Totaal personen;Kapelle;2008;9;6;6;5;1;0;1;3;1;1;0;0;2.7;2;73.5;71.6
3526;Totaal personen;Kapelle;2009;9;7;6;5;1;0;1;3;1;1;0;0;2.9;2;73.8;71.6
3527;Totaal personen;Kapelle;2010;9;6;6;5;1;0;0;3;1;2;0;0;3.3;2;72.8;70.4
3528;Totaal personen;Kapelle;2011;9;6;6;5;1;0;0;3;1;2;0;0;3.1;2;72.6;70.4
3529;Totaal personen;Kapelle;2012;9;7;6;5;1;0;1;3;1;2;0;0;3.6;2;73.6;71.0
3530;Totaal personen;Kapelle;2013;9;7;6;5;1;0;1;3;1;2;0;0;4.9;3;72.6;69.0
3531;Totaal personen;Kapelle;2014;9;7;6;5;1;0;0;3;1;2;0;0;4.8;3;72.2;68.8
3532;Totaal personen;Kapelle;2015;9;7;6;5;1;0;1;3;1;2;0;0;4.6;2;72.8;69.4
3533;Totaal personen;Kapelle;2016;9;7;7;5;1;0;1;3;1;2;0;0;3.9;2;73.5;70.6
3534;Totaal personen;Kapelle;2017;9;7;7;5;1;0;1;3;1;2;0;0;2.9;2;73.3;71.2
3535;Totaal personen;Kapelle;2018;9;7;7;6;1;0;1;3;1;2;0;0;2.6;2;73.7;71.8
3536;Totaal personen;Katwijk;2003;44;31;30;27;3;0;3;16;5;6;0;1;3.3;13;70.6;68.3
3537;Totaal personen;Katwijk;2004;44;32;30;27;3;0;3;17;5;5;0;1;3.7;13;71.1;68.4
3538;Totaal personen;Katwijk;2005;45;32;30;27;4;0;3;17;5;5;1;1;4.0;13;71.0;68.2
3539;Totaal personen;Katwijk;2006;45;32;31;27;3;0;3;17;5;5;0;1;3.7;13;70.9;68.2
3540;Totaal personen;Katwijk;2007;45;33;32;29;3;0;3;18;6;5;1;1;3.2;12;73.6;71.2
3541;Totaal personen;Katwijk;2008;45;33;32;28;4;0;3;18;6;6;0;1;2.7;12;73.5;71.5
3542;Totaal personen;Katwijk;2009;46;34;33;29;4;0;3;18;6;6;0;1;3.3;11;74.8;72.3
3543;Totaal personen;Katwijk;2010;46;34;33;28;5;0;3;18;6;6;0;1;3.7;12;74.4;71.7
3544;Totaal personen;Katwijk;2011;46;33;32;28;4;0;3;17;6;5;1;1;3.8;13;72.7;70.0
3545;Totaal personen;Katwijk;2012;46;34;32;29;4;0;3;17;6;5;1;1;4.0;12;73.0;70.0
3546;Totaal personen;Katwijk;2013;46;34;32;28;4;0;4;16;6;6;2;2;5.3;13;72.7;68.9
3547;Totaal personen;Katwijk;2014;46;34;32;28;4;0;3;17;6;6;1;2;4.9;12;73.7;70.1
3548;Totaal personen;Katwijk;2015;47;34;33;28;5;0;3;16;6;6;1;2;4.6;13;73.3;69.9
3549;Totaal personen;Katwijk;2016;47;34;33;28;5;0;3;15;6;7;1;1;4.3;12;73.4;70.3
3550;Totaal personen;Katwijk;2017;47;35;33;29;4;0;4;15;6;7;1;1;3.6;13;72.8;70.2
3551;Totaal personen;Katwijk;2018;48;36;35;30;5;0;3;17;6;8;1;1;2.7;12;74.7;72.7
3552;Totaal personen;Kerkrade;2003;39;23;21;18;3;0;2;11;4;4;1;2;6.7;16;58.0;54.1
3553;Totaal personen;Kerkrade;2004;39;23;21;18;3;0;2;12;4;3;1;2;8.2;16;58.7;53.9
3554;Totaal personen;Kerkrade;2005;39;23;21;18;3;0;3;11;4;3;1;2;8.5;15;60.1;55.0
3555;Totaal personen;Kerkrade;2006;38;23;21;19;2;0;2;12;4;3;1;2;7.5;15;59.6;55.2
3556;Totaal personen;Kerkrade;2007;38;23;22;19;2;0;2;11;4;3;1;1;6.4;15;61.2;57.3
3557;Totaal personen;Kerkrade;2008;38;23;22;20;3;0;3;11;4;4;1;1;5.3;14;62.2;58.9
3558;Totaal personen;Kerkrade;2009;37;23;22;19;3;0;2;11;4;4;1;1;6.3;14;62.2;58.3
3559;Totaal personen;Kerkrade;2010;37;23;21;19;3;0;2;11;4;4;1;2;6.7;14;61.7;57.6
3560;Totaal personen;Kerkrade;2011;37;22;21;18;3;0;2;11;4;4;1;1;6.5;14;61.2;57.2
3561;Totaal personen;Kerkrade;2012;36;23;21;18;3;0;2;11;4;3;1;2;7.1;14;62.5;58.1
3562;Totaal personen;Kerkrade;2013;36;23;21;18;3;0;2;11;4;4;0;2;9.1;13;63.2;57.5
3563;Totaal personen;Kerkrade;2014;36;22;20;17;3;0;2;10;3;5;0;2;9.1;13;62.5;56.8
3564;Totaal personen;Kerkrade;2015;35;22;21;17;4;0;2;12;3;4;0;2;8.0;13;63.4;58.3
3565;Totaal personen;Kerkrade;2016;35;22;20;17;3;0;2;11;3;4;0;2;7.1;13;62.4;58.0
3566;Totaal personen;Kerkrade;2017;35;22;20;16;4;0;2;11;3;4;0;1;5.4;13;61.9;58.6
3567;Totaal personen;Kerkrade;2018;35;22;21;17;4;0;2;11;3;4;0;1;4.5;13;63.0;60.2
3568;Totaal personen;Koggenland;2003;15;11;10;9;1;0;1;5;2;2;0;0;3.1;4;70.9;68.7
3569;Totaal personen;Koggenland;2004;15;11;11;9;2;0;1;6;2;2;0;0;3.5;4;72.0;69.5
3570;Totaal personen;Koggenland;2005;15;11;11;9;2;0;1;6;2;2;0;0;3.7;4;71.9;69.3
3571;Totaal personen;Koggenland;2006;16;11;11;9;2;0;1;6;2;2;0;0;3.3;4;72.2;69.8
3572;Totaal personen;Koggenland;2007;16;12;11;9;2;0;1;6;2;2;0;0;2.7;4;74.3;72.3
3573;Totaal personen;Koggenland;2008;16;12;12;10;2;0;1;7;2;2;0;0;2.5;4;75.0;73.1
3574;Totaal personen;Koggenland;2009;16;12;12;10;2;0;1;7;2;2;0;0;2.9;4;74.7;72.5
3575;Totaal personen;Koggenland;2010;16;12;12;10;2;0;1;6;2;3;0;0;3.4;4;73.8;71.2
3576;Totaal personen;Koggenland;2011;17;12;12;10;2;0;1;6;2;2;1;0;3.5;5;72.3;69.8
3577;Totaal personen;Koggenland;2012;17;12;12;10;2;0;1;6;2;2;0;0;4.0;5;72.9;70.0
3578;Totaal personen;Koggenland;2013;17;12;12;10;2;0;1;5;2;3;0;1;5.4;5;73.2;69.2
3579;Totaal personen;Koggenland;2014;17;12;12;10;2;0;1;6;2;3;0;1;5.5;4;73.5;69.4
3580;Totaal personen;Koggenland;2015;17;12;12;10;2;0;1;6;2;3;0;1;4.5;5;72.7;69.5
3581;Totaal personen;Koggenland;2016;17;12;12;10;2;0;1;6;2;3;0;1;4.1;5;72.6;69.6
3582;Totaal personen;Koggenland;2017;17;12;12;10;2;0;1;6;2;3;0;0;3.4;5;72.8;70.3
3583;Totaal personen;Koggenland;2018;17;13;12;10;2;0;1;6;2;3;0;0;3.0;5;73.1;70.9
3584;Totaal personen;Kollumerland en Nieuwkruisland;2003;10;6;6;5;1;0;1;3;1;1;0;0;5.0;4;64.0;60.8
3585;Totaal personen;Kollumerland en Nieuwkruisland;2004;10;6;6;5;1;0;0;3;1;1;0;0;6.2;3;64.6;60.6
3586;Totaal personen;Kollumerland en Nieuwkruisland;2005;10;6;6;5;1;0;1;3;1;1;0;0;5.8;3;66.5;62.6
3587;Totaal personen;Kollumerland en Nieuwkruisland;2006;10;6;6;5;1;0;1;4;1;1;0;0;4.9;3;66.9;63.6
3588;Totaal personen;Kollumerland en Nieuwkruisland;2007;10;7;6;5;1;0;1;4;1;1;0;0;3.9;3;68.6;65.9
3589;Totaal personen;Kollumerland en Nieuwkruisland;2008;10;7;6;5;1;0;1;4;1;1;0;0;3.4;3;68.9;66.5
3590;Totaal personen;Kollumerland en Nieuwkruisland;2009;10;7;7;5;1;0;1;4;1;1;0;0;4.0;3;70.3;67.5
3591;Totaal personen;Kollumerland en Nieuwkruisland;2010;10;7;6;5;1;0;1;4;1;1;0;0;5.0;3;69.5;66.0
3592;Totaal personen;Kollumerland en Nieuwkruisland;2011;10;7;6;5;1;0;1;3;1;1;0;0;5.3;3;68.7;65.1
3593;Totaal personen;Kollumerland en Nieuwkruisland;2012;10;7;6;5;1;0;1;3;1;1;0;0;6.0;3;69.2;65.0
3594;Totaal personen;Kollumerland en Nieuwkruisland;2013;10;7;6;5;1;0;1;3;1;1;0;0;6.6;3;69.5;64.9
3595;Totaal personen;Kollumerland en Nieuwkruisland;2014;10;7;6;5;1;0;1;3;1;1;0;0;7.3;3;69.2;64.2
3596;Totaal personen;Kollumerland en Nieuwkruisland;2015;10;7;6;5;1;0;1;3;1;1;0;0;6.7;3;69.7;65.0
3597;Totaal personen;Kollumerland en Nieuwkruisland;2016;10;7;6;5;1;0;1;3;1;1;0;0;5.9;3;69.2;65.1
3598;Totaal personen;Kollumerland en Nieuwkruisland;2017;10;7;6;5;1;0;1;3;1;1;0;0;4.6;3;68.8;65.6
3599;Totaal personen;Kollumerland en Nieuwkruisland;2018;10;7;6;5;1;0;1;3;1;2;0;0;3.6;3;69.7;67.1
3600;Totaal personen;Korendijk;2003;8;6;5;5;1;0;0;2;1;1;0;0;3.5;3;68.0;65.6
3601;Totaal personen;Korendijk;2004;8;6;5;5;1;0;0;3;1;1;0;0;4.2;3;68.3;65.4
3602;Totaal personen;Korendijk;2005;8;6;5;4;1;0;0;3;1;1;0;0;4.2;3;68.2;65.3
3603;Totaal personen;Korendijk;2006;8;6;5;5;1;0;0;3;1;1;0;0;3.7;3;68.7;66.1
3604;Totaal personen;Korendijk;2007;8;6;6;5;1;0;0;3;1;1;0;0;3.1;2;69.7;67.5
3605;Totaal personen;Korendijk;2008;8;6;6;5;1;0;0;3;1;2;0;0;2.8;2;71.6;69.6
3606;Totaal personen;Korendijk;2009;8;6;6;5;1;0;0;3;1;2;0;0;3.2;2;71.8;69.5
3607;Totaal personen;Korendijk;2010;8;6;6;5;1;0;0;3;1;1;0;0;3.6;2;71.0;68.4
3608;Totaal personen;Korendijk;2011;8;6;6;5;1;0;0;3;1;1;0;0;3.3;2;71.2;68.8
3609;Totaal personen;Korendijk;2012;8;6;6;5;1;0;0;3;1;1;0;0;3.9;2;71.5;68.7
3610;Totaal personen;Korendijk;2013;8;6;5;5;1;0;1;2;1;1;0;0;5.0;2;70.9;67.4
3611;Totaal personen;Korendijk;2014;8;6;5;4;1;0;0;2;1;2;0;0;5.2;2;70.3;66.6
3612;Totaal personen;Korendijk;2015;8;6;5;4;1;0;0;3;1;1;0;0;4.7;2;70.9;67.5
3613;Totaal personen;Korendijk;2016;8;6;6;5;1;0;0;2;1;1;0;0;4.3;2;71.3;68.2
3614;Totaal personen;Korendijk;2017;8;6;6;5;1;0;0;3;1;1;0;0;3.3;2;71.1;68.7
3615;Totaal personen;Korendijk;2018;8;6;6;5;1;0;0;3;1;1;0;0;2.7;2;71.2;69.3
3616;Totaal personen;Krimpen aan den IJssel;2003;22;14;14;12;2;0;1;7;3;3;0;1;4.0;7;65.7;63.1
3617;Totaal personen;Krimpen aan den IJssel;2004;21;14;13;12;2;0;1;6;3;4;0;1;4.5;7;65.5;62.5
3618;Totaal personen;Krimpen aan den IJssel;2005;21;14;13;12;2;0;1;6;3;4;0;1;4.5;7;66.6;63.6
3619;Totaal personen;Krimpen aan den IJssel;2006;21;14;13;12;2;0;1;6;3;3;0;1;4.2;7;66.6;63.8
3620;Totaal personen;Krimpen aan den IJssel;2007;21;14;14;12;2;0;1;6;2;4;0;0;3.5;7;66.9;64.6
3621;Totaal personen;Krimpen aan den IJssel;2008;21;14;14;12;2;0;1;6;2;4;0;0;3.1;7;68.2;66.0
3622;Totaal personen;Krimpen aan den IJssel;2009;21;15;14;12;2;0;1;6;2;4;0;1;3.5;6;69.6;67.2
3623;Totaal personen;Krimpen aan den IJssel;2010;21;15;14;12;2;0;1;7;2;4;0;1;4.0;6;69.8;67.0
3624;Totaal personen;Krimpen aan den IJssel;2011;21;14;14;12;2;0;1;6;3;4;0;1;4.1;6;69.4;66.6
3625;Totaal personen;Krimpen aan den IJssel;2012;21;14;14;12;2;0;1;6;2;4;0;1;4.6;6;69.1;66.0
3626;Totaal personen;Krimpen aan den IJssel;2013;21;14;13;11;2;0;1;5;2;4;1;1;6.7;6;68.9;64.3
3627;Totaal personen;Krimpen aan den IJssel;2014;21;14;13;11;2;0;1;5;2;5;0;1;6.7;6;69.4;64.8
3628;Totaal personen;Krimpen aan den IJssel;2015;21;14;14;11;2;0;1;6;2;4;0;1;5.7;6;69.7;65.7
3629;Totaal personen;Krimpen aan den IJssel;2016;21;14;14;11;2;0;1;5;2;4;0;1;5.3;6;69.5;65.8
3630;Totaal personen;Krimpen aan den IJssel;2017;21;14;14;12;2;0;1;6;2;4;1;1;4.3;6;69.2;66.2
3631;Totaal personen;Krimpen aan den IJssel;2018;21;14;14;12;2;0;1;6;2;4;0;0;3.4;6;69.4;67.1
3632;Totaal personen;Krimpenerwaard;2003;40;27;26;23;3;0;2;13;5;6;1;1;3.5;13;67.7;65.3
3633;Totaal personen;Krimpenerwaard;2004;40;27;26;22;4;0;2;13;5;6;0;1;4.0;13;67.9;65.2
3634;Totaal personen;Krimpenerwaard;2005;40;28;26;23;4;0;2;13;5;6;0;1;4.0;13;68.7;66.0
3635;Totaal personen;Krimpenerwaard;2006;40;28;27;23;4;0;2;13;5;7;0;1;3.6;12;68.9;66.4
3636;Totaal personen;Krimpenerwaard;2007;40;28;27;23;4;0;2;13;5;7;0;1;3.2;12;70.1;67.8
3637;Totaal personen;Krimpenerwaard;2008;40;28;27;23;4;0;2;13;5;7;0;1;2.8;12;70.9;68.9
3638;Totaal personen;Krimpenerwaard;2009;40;28;27;23;5;0;2;14;5;7;0;1;3.3;11;71.4;69.1
3639;Totaal personen;Krimpenerwaard;2010;40;28;27;22;5;0;2;13;5;7;0;1;3.8;12;70.9;68.2
3640;Totaal personen;Krimpenerwaard;2011;40;28;27;22;4;0;2;13;5;7;0;1;3.7;12;70.3;67.7
3641;Totaal personen;Krimpenerwaard;2012;40;28;27;23;4;0;2;13;5;6;0;1;4.5;12;70.8;67.6
3642;Totaal personen;Krimpenerwaard;2013;40;28;27;22;5;0;2;12;5;7;1;2;5.7;12;70.9;66.8
3643;Totaal personen;Krimpenerwaard;2014;40;28;27;22;5;0;2;13;4;7;0;2;5.8;12;70.6;66.5
3644;Totaal personen;Krimpenerwaard;2015;40;28;27;22;5;0;2;13;4;8;0;1;4.9;12;70.3;66.8
3645;Totaal personen;Krimpenerwaard;2016;41;29;28;22;5;0;2;13;5;7;0;1;4.5;12;70.8;67.6
3646;Totaal personen;Krimpenerwaard;2017;41;29;28;23;5;0;2;13;5;8;0;1;3.8;12;71.1;68.4
3647;Totaal personen;Krimpenerwaard;2018;41;30;29;24;5;0;3;13;5;7;1;1;2.9;12;71.8;69.7
3648;Totaal personen;Laarbeek;2003;16;11;11;9;2;0;1;5;2;3;0;0;3.7;5;67.6;65.1
3649;Totaal personen;Laarbeek;2004;16;11;11;9;1;0;1;5;2;2;0;1;4.6;5;67.8;64.6
3650;Totaal personen;Laarbeek;2005;16;11;11;9;2;0;1;6;2;2;0;1;4.6;5;68.6;65.5
3651;Totaal personen;Laarbeek;2006;16;11;11;9;2;0;1;5;2;2;0;0;4.0;5;68.4;65.7
3652;Totaal personen;Laarbeek;2007;16;11;11;9;2;0;1;6;2;2;0;0;3.3;5;69.1;66.8
3653;Totaal personen;Laarbeek;2008;16;12;11;10;2;0;1;7;2;2;0;0;3.0;5;70.8;68.7
3654;Totaal personen;Laarbeek;2009;16;12;11;10;2;0;1;6;2;2;0;0;3.4;5;71.5;69.1
3655;Totaal personen;Laarbeek;2010;16;11;11;9;2;0;1;5;2;3;0;0;3.9;5;70.9;68.1
3656;Totaal personen;Laarbeek;2011;16;11;11;9;2;0;1;5;2;3;0;0;3.9;5;70.0;67.3
3657;Totaal personen;Laarbeek;2012;16;11;11;9;2;0;1;5;2;3;0;1;4.5;5;70.2;67.0
3658;Totaal personen;Laarbeek;2013;16;12;11;9;2;0;1;5;2;2;0;1;5.6;5;70.5;66.5
3659;Totaal personen;Laarbeek;2014;17;12;11;9;2;0;1;5;2;2;0;1;5.8;5;70.9;66.8
3660;Totaal personen;Laarbeek;2015;17;12;11;9;2;0;1;5;2;3;0;1;5.5;5;70.5;66.6
3661;Totaal personen;Laarbeek;2016;17;12;11;9;2;0;1;5;2;3;0;1;4.8;5;70.4;67.0
3662;Totaal personen;Laarbeek;2017;17;12;11;10;2;0;1;6;2;3;0;0;3.5;5;70.6;68.1
3663;Totaal personen;Laarbeek;2018;17;12;12;10;2;0;1;6;2;3;0;0;3.0;5;71.3;69.2
3664;Totaal personen;Landerd;2003;11;8;7;6;1;0;1;4;1;1;0;0;3.5;3;70.1;67.7
3665;Totaal personen;Landerd;2004;11;8;7;6;1;0;1;4;1;1;0;0;4.1;3;69.8;66.9
3666;Totaal personen;Landerd;2005;11;8;7;6;1;0;1;4;1;1;0;0;3.9;3;70.7;67.9
3667;Totaal personen;Landerd;2006;11;8;7;7;1;0;1;4;1;1;0;0;3.5;3;71.0;68.5
3668;Totaal personen;Landerd;2007;11;8;8;6;1;0;1;4;1;2;0;0;3.1;3;71.9;69.7
3669;Totaal personen;Landerd;2008;11;8;8;6;1;0;1;4;1;1;0;0;2.8;3;73.0;71.0
3670;Totaal personen;Landerd;2009;11;8;8;7;1;0;1;4;1;2;0;0;3.3;3;73.3;70.9
3671;Totaal personen;Landerd;2010;11;8;8;6;2;0;1;4;1;2;0;0;3.6;3;72.4;69.8
3672;Totaal personen;Landerd;2011;11;8;8;6;1;0;1;4;1;2;0;0;3.5;3;71.9;69.4
3673;Totaal personen;Landerd;2012;11;8;8;7;1;0;1;3;1;2;0;0;4.2;3;71.9;68.9
3674;Totaal personen;Landerd;2013;11;8;8;6;1;0;1;4;1;2;0;0;5.5;3;72.4;68.4
3675;Totaal personen;Landerd;2014;11;8;8;6;1;0;1;4;1;2;0;0;5.5;3;71.9;67.9
3676;Totaal personen;Landerd;2015;11;8;8;6;1;0;1;4;1;2;0;0;4.9;3;72.2;68.6
3677;Totaal personen;Landerd;2016;12;8;8;7;1;0;1;4;1;2;0;0;4.3;3;72.0;68.8
3678;Totaal personen;Landerd;2017;12;8;8;7;1;0;1;4;1;2;0;0;3.5;3;71.3;68.9
3679;Totaal personen;Landerd;2018;12;8;8;7;1;0;1;4;1;2;0;0;2.8;3;71.6;69.6
3680;Totaal personen;Landgraaf;2003;31;19;18;16;2;0;2;8;4;4;1;1;5.7;12;62.0;58.4
3681;Totaal personen;Landgraaf;2004;31;19;18;16;2;0;2;10;4;3;0;1;6.5;11;63.6;59.5
3682;Totaal personen;Landgraaf;2005;30;19;18;16;2;0;2;9;4;3;0;1;6.9;11;64.1;59.7
3683;Totaal personen;Landgraaf;2006;30;19;18;16;2;0;2;9;4;3;1;1;6.3;11;62.9;59.0
3684;Totaal personen;Landgraaf;2007;30;19;18;17;2;0;2;9;4;3;1;1;5.0;10;64.9;61.7
3685;Totaal personen;Landgraaf;2008;30;20;19;17;2;0;2;9;4;3;1;1;4.1;10;66.4;63.7
3686;Totaal personen;Landgraaf;2009;30;19;18;16;2;0;2;8;4;4;1;1;5.0;10;64.8;61.6
3687;Totaal personen;Landgraaf;2010;29;19;18;16;2;0;2;9;4;3;1;1;5.3;10;65.0;61.6
3688;Totaal personen;Landgraaf;2011;29;19;18;16;2;0;2;9;3;3;1;1;4.9;10;65.2;62.0
3689;Totaal personen;Landgraaf;2012;29;19;18;16;2;0;2;9;3;4;0;1;5.8;10;64.8;61.1
3690;Totaal personen;Landgraaf;2013;29;19;18;15;3;0;2;8;3;4;1;1;7.4;10;66.1;61.2
3691;Totaal personen;Landgraaf;2014;29;19;17;15;2;0;2;8;3;4;1;1;7.4;10;64.9;60.2
3692;Totaal personen;Landgraaf;2015;29;19;18;15;3;0;2;8;3;4;1;1;7.2;10;66.2;61.4
3693;Totaal personen;Landgraaf;2016;29;19;18;15;2;0;2;8;3;4;1;1;5.7;10;65.0;61.3
3694;Totaal personen;Landgraaf;2017;29;18;17;15;3;0;1;8;3;4;1;1;4.7;10;63.8;60.8
3695;Totaal personen;Landgraaf;2018;29;19;18;15;3;0;2;8;3;4;1;1;4.0;10;65.3;62.7
3696;Totaal personen;Landsmeer;2003;8;5;5;4;1;0;0;2;1;1;0;0;3.5;2;67.9;65.5
3697;Totaal personen;Landsmeer;2004;8;5;5;4;1;0;0;2;1;2;0;0;4.2;2;67.6;64.8
3698;Totaal personen;Landsmeer;2005;8;5;5;4;1;0;0;2;1;1;0;0;4.3;2;68.9;65.9
3699;Totaal personen;Landsmeer;2006;8;5;5;4;1;0;0;2;1;1;0;0;3.8;2;68.8;66.2
3700;Totaal personen;Landsmeer;2007;8;5;5;4;1;0;0;2;1;1;0;0;3.3;2;69.3;67.0
3701;Totaal personen;Landsmeer;2008;8;5;5;4;1;0;0;2;1;2;0;0;2.9;2;70.8;68.7
3702;Totaal personen;Landsmeer;2009;8;5;5;4;1;0;0;2;1;2;0;0;3.5;2;70.6;68.2
3703;Totaal personen;Landsmeer;2010;8;5;5;4;1;0;0;2;1;2;0;0;3.8;2;70.8;68.1
3704;Totaal personen;Landsmeer;2011;8;5;5;4;1;0;0;2;1;2;0;0;3.8;2;70.4;67.7
3705;Totaal personen;Landsmeer;2012;8;6;5;4;1;0;0;2;1;2;0;0;4.2;2;71.2;68.2
3706;Totaal personen;Landsmeer;2013;8;6;5;4;1;0;0;2;1;2;0;0;5.6;2;71.0;67.0
3707;Totaal personen;Landsmeer;2014;8;6;5;4;1;0;0;2;1;2;0;0;5.5;2;70.0;66.2
3708;Totaal personen;Landsmeer;2015;8;6;5;4;1;0;0;2;1;2;0;0;5.5;2;70.3;66.5
3709;Totaal personen;Landsmeer;2016;8;6;6;5;1;0;0;2;1;2;0;0;4.7;2;70.7;67.4
3710;Totaal personen;Landsmeer;2017;8;6;6;5;1;0;0;2;1;2;0;0;3.8;2;70.9;68.2
3711;Totaal personen;Landsmeer;2018;9;6;6;5;1;0;0;2;1;2;0;0;3.1;2;71.2;69.0
3712;Totaal personen;Langedijk;2003;19;13;13;11;1;0;1;6;2;3;1;0;3.4;6;70.4;68.0
3713;Totaal personen;Langedijk;2004;19;14;13;12;2;0;1;7;2;3;0;1;3.9;5;71.7;68.8
3714;Totaal personen;Langedijk;2005;19;14;13;12;2;0;1;7;3;3;0;1;4.0;5;72.3;69.4
3715;Totaal personen;Langedijk;2006;19;14;13;12;2;0;1;7;3;2;1;0;3.5;5;71.6;69.1
3716;Totaal personen;Langedijk;2007;19;14;14;12;2;0;1;7;3;2;0;0;3.1;5;72.6;70.3
3717;Totaal personen;Langedijk;2008;20;15;14;12;2;0;1;7;3;3;0;0;2.8;5;74.1;72.0
3718;Totaal personen;Langedijk;2009;20;15;14;12;2;0;1;6;3;4;0;1;3.4;5;73.9;71.4
3719;Totaal personen;Langedijk;2010;20;15;14;12;2;0;1;6;3;4;0;1;3.7;5;73.0;70.3
3720;Totaal personen;Langedijk;2011;20;15;14;12;2;0;1;6;3;4;0;1;3.8;6;71.9;69.1
3721;Totaal personen;Langedijk;2012;20;15;14;12;2;0;1;6;3;3;0;1;4.2;6;72.2;69.2
3722;Totaal personen;Langedijk;2013;20;14;14;11;2;0;1;6;2;4;1;1;5.9;6;71.1;66.9
3723;Totaal personen;Langedijk;2014;21;15;14;11;2;0;1;6;2;4;0;1;6.0;6;71.1;66.8
3724;Totaal personen;Langedijk;2015;21;15;14;11;3;0;1;7;2;4;0;1;5.3;6;71.5;67.7
3725;Totaal personen;Langedijk;2016;21;15;14;12;3;0;1;7;2;3;0;1;4.5;6;71.3;68.1
3726;Totaal personen;Langedijk;2017;21;15;15;12;2;0;1;6;3;4;0;1;3.8;6;71.9;69.2
3727;Totaal personen;Langedijk;2018;21;15;15;12;3;0;1;7;3;3;1;0;3.1;6;71.8;69.5
3728;Totaal personen;Lansingerland;2003;32;23;22;19;3;0;2;10;4;6;0;1;3.3;9;72.1;69.7
3729;Totaal personen;Lansingerland;2004;32;23;22;19;4;0;1;10;4;7;0;1;3.8;9;72.9;70.1
3730;Totaal personen;Lansingerland;2005;33;24;23;20;3;0;2;10;4;7;0;1;4.0;9;72.7;69.8
3731;Totaal personen;Lansingerland;2006;34;25;24;21;3;0;2;11;4;7;0;1;3.5;9;73.4;70.8
3732;Totaal personen;Lansingerland;2007;35;26;25;22;3;0;2;10;5;8;0;1;3.2;9;73.9;71.5
3733;Totaal personen;Lansingerland;2008;36;28;27;23;4;0;2;12;5;8;0;1;2.7;9;75.6;73.6
3734;Totaal personen;Lansingerland;2009;37;29;28;23;5;0;2;13;5;8;0;1;3.2;9;76.9;74.5
3735;Totaal personen;Lansingerland;2010;39;29;28;24;5;0;2;13;5;9;0;1;3.6;9;76.4;73.7
3736;Totaal personen;Lansingerland;2011;39;29;28;24;4;0;2;11;5;10;0;1;3.7;10;75.1;72.3
3737;Totaal personen;Lansingerland;2012;40;30;29;25;4;0;2;12;5;11;0;1;4.0;10;75.5;72.4
3738;Totaal personen;Lansingerland;2013;41;30;29;25;4;0;2;10;5;10;1;2;5.6;10;74.4;70.2
3739;Totaal personen;Lansingerland;2014;42;31;29;25;4;0;2;11;5;11;0;2;5.5;10;74.9;70.8
3740;Totaal personen;Lansingerland;2015;42;32;30;25;5;0;2;12;5;11;0;2;5.2;10;75.2;71.3
3741;Totaal personen;Lansingerland;2016;43;32;31;26;5;0;2;11;5;11;0;2;4.7;11;75.0;71.5
3742;Totaal personen;Lansingerland;2017;44;33;32;27;5;0;2;13;6;10;1;1;3.7;11;75.4;72.7
3743;Totaal personen;Lansingerland;2018;44;33;32;27;5;0;2;12;6;12;0;1;2.8;11;74.8;72.7
3744;Totaal personen;Laren (NH.);2003;8;5;5;3;1;0;0;2;1;2;0;0;3.9;3;57.9;55.6
3745;Totaal personen;Laren (NH.);2004;8;5;4;3;1;0;0;2;1;1;0;0;4.4;3;58.7;56.1
3746;Totaal personen;Laren (NH.);2005;8;5;4;3;1;0;0;2;1;1;0;0;4.6;3;60.5;57.7
3747;Totaal personen;Laren (NH.);2006;8;5;4;3;1;0;0;2;1;1;0;0;4.0;3;61.8;59.3
3748;Totaal personen;Laren (NH.);2007;8;5;5;3;1;0;0;2;1;1;0;0;3.5;3;62.8;60.6
3749;Totaal personen;Laren (NH.);2008;7;5;5;4;1;0;0;2;1;1;0;0;3.2;3;63.6;61.5
3750;Totaal personen;Laren (NH.);2009;8;5;5;3;1;0;0;2;1;2;0;0;3.8;3;63.8;61.3
3751;Totaal personen;Laren (NH.);2010;8;5;5;3;1;0;0;2;1;1;0;0;4.2;3;62.7;60.1
3752;Totaal personen;Laren (NH.);2011;8;5;5;3;1;0;0;2;1;2;0;0;4.5;3;62.7;59.9
3753;Totaal personen;Laren (NH.);2012;8;5;5;4;1;0;0;2;1;2;0;0;5.0;3;64.2;60.9
3754;Totaal personen;Laren (NH.);2013;7;5;4;3;1;0;0;2;1;2;0;0;6.1;3;62.9;59.1
3755;Totaal personen;Laren (NH.);2014;7;5;4;3;1;0;0;2;1;2;0;0;6.2;3;63.8;59.9
3756;Totaal personen;Laren (NH.);2015;7;5;4;3;1;0;0;2;1;2;0;0;5.8;3;64.1;60.4
3757;Totaal personen;Laren (NH.);2016;7;5;5;3;1;0;0;2;1;2;0;0;5.4;3;64.2;60.7
3758;Totaal personen;Laren (NH.);2017;8;5;5;3;1;0;0;2;1;2;0;0;4.1;3;64.7;62.1
3759;Totaal personen;Laren (NH.);2018;8;5;5;4;1;0;0;2;1;2;0;0;3.3;3;64.9;62.8
3760;Totaal personen;Leek;2003;14;9;9;8;1;0;1;4;2;2;0;0;4.7;5;65.5;62.4
3761;Totaal personen;Leek;2004;14;9;9;8;1;0;1;4;2;2;0;1;5.6;5;65.4;61.7
3762;Totaal personen;Leek;2005;14;9;9;7;1;0;1;4;1;2;0;1;6.0;5;66.7;62.7
3763;Totaal personen;Leek;2006;14;9;9;7;1;0;1;5;2;2;0;0;5.2;5;66.5;63.1
3764;Totaal personen;Leek;2007;14;10;9;8;1;0;1;5;2;1;0;0;4.0;4;68.6;65.8
3765;Totaal personen;Leek;2008;14;10;9;8;1;0;1;5;2;2;0;0;3.5;4;69.4;67.0
3766;Totaal personen;Leek;2009;14;10;9;8;1;0;1;4;2;3;0;0;4.3;4;69.8;66.7
3767;Totaal personen;Leek;2010;14;10;9;8;1;0;1;4;2;3;0;0;4.8;4;69.3;66.0
3768;Totaal personen;Leek;2011;14;10;9;8;2;0;1;4;2;3;0;0;4.7;4;68.4;65.2
3769;Totaal personen;Leek;2012;14;10;9;8;1;0;1;4;2;3;0;0;5.0;4;69.0;65.5
3770;Totaal personen;Leek;2013;14;10;9;8;2;0;1;4;2;3;0;1;6.5;4;68.9;64.5
3771;Totaal personen;Leek;2014;14;10;9;7;2;0;1;4;2;2;1;1;7.1;5;67.9;63.1
3772;Totaal personen;Leek;2015;14;10;9;8;2;0;1;4;2;2;0;1;6.6;4;69.6;65.0
3773;Totaal personen;Leek;2016;14;10;9;7;2;0;1;4;2;2;0;1;5.8;4;69.4;65.4
3774;Totaal personen;Leek;2017;14;10;10;8;2;0;1;5;2;2;0;0;4.6;4;69.8;66.5
3775;Totaal personen;Leek;2018;14;10;10;8;2;0;1;4;2;3;0;0;3.6;4;69.7;67.2
3776;Totaal personen;Leerdam;2003;15;10;10;9;1;0;1;5;2;2;1;0;4.6;5;66.8;63.7
3777;Totaal personen;Leerdam;2004;15;10;10;8;1;0;1;5;2;1;0;1;5.5;5;68.2;64.4
3778;Totaal personen;Leerdam;2005;15;10;10;8;1;0;1;6;2;1;0;1;5.7;5;67.5;63.6
3779;Totaal personen;Leerdam;2006;15;10;10;8;1;0;1;5;2;2;0;0;4.8;5;67.4;64.2
3780;Totaal personen;Leerdam;2007;15;10;10;9;1;0;1;5;2;2;0;0;3.7;5;69.1;66.5
3781;Totaal personen;Leerdam;2008;15;10;10;9;2;0;1;6;2;2;0;0;3.5;5;69.3;66.9
3782;Totaal personen;Leerdam;2009;15;11;10;9;1;0;1;5;2;2;0;0;4.0;5;69.8;67.0
3783;Totaal personen;Leerdam;2010;15;10;10;8;2;0;1;5;2;3;0;0;4.8;5;69.2;65.9
3784;Totaal personen;Leerdam;2011;15;10;10;8;1;0;1;5;2;3;0;0;4.7;5;69.2;66.0
3785;Totaal personen;Leerdam;2012;15;10;10;8;2;0;1;5;2;2;0;1;5.4;5;69.0;65.2
3786;Totaal personen;Leerdam;2013;15;11;10;8;2;0;1;5;2;2;0;1;6.7;5;69.5;64.9
3787;Totaal personen;Leerdam;2014;15;10;10;8;1;0;1;5;1;2;0;1;7.1;5;68.5;63.6
3788;Totaal personen;Leerdam;2015;15;10;10;8;1;0;1;5;2;2;0;1;6.6;5;68.6;64.1
3789;Totaal personen;Leerdam;2016;15;11;10;8;2;0;1;5;2;2;0;1;6.0;5;68.9;64.8
3790;Totaal personen;Leerdam;2017;15;11;10;9;2;0;1;5;2;2;0;0;4.4;5;69.3;66.3
3791;Totaal personen;Leerdam;2018;15;11;10;9;2;0;1;5;2;2;0;0;3.8;5;69.9;67.2
3792;Totaal personen;Leeuwarden;2003;88;60;56;50;6;0;5;27;10;14;0;4;6.4;29;67.8;63.5
3793;Totaal personen;Leeuwarden;2004;89;60;56;49;7;0;5;27;10;14;1;4;7.2;29;67.8;62.9
3794;Totaal personen;Leeuwarden;2005;89;61;56;49;7;0;5;28;10;13;0;5;7.6;28;68.4;63.2
3795;Totaal personen;Leeuwarden;2006;89;60;56;50;7;0;5;29;9;13;1;4;6.4;29;67.6;63.3
3796;Totaal personen;Leeuwarden;2007;90;62;59;52;8;0;5;30;9;14;0;3;4.9;27;69.4;66.0
3797;Totaal personen;Leeuwarden;2008;90;63;61;53;8;0;5;31;9;15;0;3;4.4;27;70.3;67.2
3798;Totaal personen;Leeuwarden;2009;91;64;61;52;8;0;6;29;11;15;0;3;5.4;27;70.6;66.8
3799;Totaal personen;Leeuwarden;2010;91;64;60;51;9;0;6;27;11;15;1;4;6.0;28;69.8;65.6
3800;Totaal personen;Leeuwarden;2011;92;64;60;52;8;0;6;26;10;18;0;4;6.3;28;69.5;65.2
3801;Totaal personen;Leeuwarden;2012;92;65;61;52;9;0;6;26;11;17;0;5;7.5;27;70.9;65.6
3802;Totaal personen;Leeuwarden;2013;93;66;59;50;9;0;5;26;10;17;0;7;10.2;27;70.6;63.4
3803;Totaal personen;Leeuwarden;2014;93;65;58;50;9;0;6;26;10;16;1;6;9.5;28;69.6;63.0
3804;Totaal personen;Leeuwarden;2015;92;65;59;49;9;0;7;27;10;14;1;6;9.6;28;70.2;63.5
3805;Totaal personen;Leeuwarden;2016;93;64;59;50;9;0;6;26;10;16;1;5;7.8;29;69.2;63.8
3806;Totaal personen;Leeuwarden;2017;93;64;59;51;8;0;6;27;10;17;1;4;7.0;30;68.1;63.3
3807;Totaal personen;Leeuwarden;2018;93;65;61;51;10;0;6;25;11;19;1;4;5.9;28;69.6;65.5
3808;Totaal personen;Leiden;2003;92;66;63;55;7;0;4;24;11;24;0;3;4.7;27;71.2;67.8
3809;Totaal personen;Leiden;2004;92;66;62;55;7;0;4;25;11;22;0;4;5.5;27;71.2;67.3
3810;Totaal personen;Leiden;2005;92;66;62;55;7;0;5;24;10;23;0;4;5.8;27;71.1;66.9
3811;Totaal personen;Leiden;2006;92;65;62;55;7;0;5;21;10;25;0;3;4.9;27;70.7;67.2
3812;Totaal personen;Leiden;2007;92;66;64;56;7;0;5;22;11;26;0;3;4.5;26;72.1;68.8
3813;Totaal personen;Leiden;2008;92;66;63;56;8;0;5;23;10;25;0;3;3.9;26;71.6;68.8
3814;Totaal personen;Leiden;2009;92;66;63;56;7;0;5;22;11;25;0;3;4.6;26;72.2;68.8
3815;Totaal personen;Leiden;2010;92;66;63;55;8;0;4;21;10;26;0;4;5.3;26;72.0;68.2
3816;Totaal personen;Leiden;2011;92;67;63;54;9;0;5;22;11;25;0;3;5.1;25;72.4;68.7
3817;Totaal personen;Leiden;2012;94;68;64;54;9;0;4;22;10;28;0;4;5.9;26;72.2;67.9
3818;Totaal personen;Leiden;2013;96;69;63;54;10;0;5;22;9;27;0;5;7.8;27;71.8;66.2
3819;Totaal personen;Leiden;2014;97;70;65;54;10;0;5;23;9;28;0;5;7.4;27;72.2;66.8
3820;Totaal personen;Leiden;2015;97;69;65;54;11;0;5;21;10;28;0;5;6.7;28;71.4;66.7
3821;Totaal personen;Leiden;2016;98;69;65;55;10;0;5;23;10;27;0;5;6.5;29;70.7;66.1
3822;Totaal personen;Leiden;2017;99;71;67;57;9;0;5;22;10;29;0;4;5.4;29;71.1;67.2
3823;Totaal personen;Leiden;2018;100;71;68;59;9;0;5;22;11;31;0;3;4.3;29;71.3;68.3
3824;Totaal personen;Leiderdorp;2003;19;13;13;12;1;0;1;5;3;3;1;0;3.6;6;69.2;66.7
3825;Totaal personen;Leiderdorp;2004;19;13;13;12;1;0;1;5;3;4;0;1;4.2;6;69.0;66.1
3826;Totaal personen;Leiderdorp;2005;19;13;13;11;1;0;1;5;3;3;0;1;4.5;6;69.6;66.5
3827;Totaal personen;Leiderdorp;2006;19;13;13;12;1;0;1;5;2;4;0;1;3.9;6;70.5;67.7
3828;Totaal personen;Leiderdorp;2007;19;14;13;12;2;0;1;5;2;5;0;0;3.5;6;70.8;68.3
3829;Totaal personen;Leiderdorp;2008;20;14;14;12;2;0;1;5;3;4;0;0;3.0;6;71.5;69.3
3830;Totaal personen;Leiderdorp;2009;20;14;13;12;2;0;1;5;3;5;0;1;3.6;6;71.6;69.0
3831;Totaal personen;Leiderdorp;2010;20;14;13;12;2;0;1;6;3;4;0;1;4.1;6;71.5;68.6
3832;Totaal personen;Leiderdorp;2011;20;14;13;12;2;0;1;6;2;4;0;1;4.2;6;70.9;68.0
3833;Totaal personen;Leiderdorp;2012;20;14;13;12;2;0;1;5;3;4;1;1;4.8;6;71.2;67.8
3834;Totaal personen;Leiderdorp;2013;20;14;13;11;2;0;1;5;2;5;0;1;6.1;6;70.6;66.3
3835;Totaal personen;Leiderdorp;2014;20;14;13;11;2;0;1;5;2;5;0;1;6.5;6;71.1;66.5
3836;Totaal personen;Leiderdorp;2015;20;14;13;11;2;0;1;4;2;6;0;1;5.8;6;70.5;66.4
3837;Totaal personen;Leiderdorp;2016;20;14;13;11;2;0;1;4;2;6;0;1;5.1;6;71.1;67.5
3838;Totaal personen;Leiderdorp;2017;20;14;14;12;2;0;1;5;2;5;0;1;4.0;6;70.6;67.7
3839;Totaal personen;Leiderdorp;2018;20;14;14;12;2;0;1;5;3;5;0;0;3.3;6;71.6;69.3
3840;Totaal personen;Leidschendam-Voorburg;2003;54;36;35;31;4;0;2;13;7;12;1;2;4.2;18;66.6;63.8
3841;Totaal personen;Leidschendam-Voorburg;2004;55;37;35;30;5;0;2;14;7;12;0;2;4.9;18;67.0;63.7
3842;Totaal personen;Leidschendam-Voorburg;2005;54;36;34;30;4;0;2;12;6;13;0;2;5.4;18;65.9;62.4
3843;Totaal personen;Leidschendam-Voorburg;2006;54;36;35;30;4;0;2;14;6;13;0;2;4.5;18;67.5;64.4
3844;Totaal personen;Leidschendam-Voorburg;2007;54;37;35;31;5;0;2;14;6;13;0;1;3.9;17;68.5;65.8
3845;Totaal personen;Leidschendam-Voorburg;2008;54;37;36;32;4;0;2;15;6;12;0;1;3.5;17;69.0;66.6
3846;Totaal personen;Leidschendam-Voorburg;2009;53;37;35;31;5;0;2;15;6;13;0;2;4.2;17;69.0;66.1
3847;Totaal personen;Leidschendam-Voorburg;2010;53;36;34;29;5;0;2;12;6;14;0;2;5.0;17;68.5;65.1
3848;Totaal personen;Leidschendam-Voorburg;2011;53;36;34;30;5;0;2;13;7;13;0;2;5.3;17;68.7;65.1
3849;Totaal personen;Leidschendam-Voorburg;2012;53;37;35;30;5;0;2;12;7;13;0;2;6.1;16;69.2;65.0
3850;Totaal personen;Leidschendam-Voorburg;2013;54;37;34;29;5;0;2;12;6;14;0;3;7.5;16;69.2;64.0
3851;Totaal personen;Leidschendam-Voorburg;2014;54;37;35;29;6;0;2;14;6;13;0;3;7.2;16;69.6;64.5
3852;Totaal personen;Leidschendam-Voorburg;2015;54;37;34;29;6;0;2;11;6;15;0;3;6.8;17;68.6;63.9
3853;Totaal personen;Leidschendam-Voorburg;2016;54;37;35;29;6;0;2;12;6;15;0;2;6.2;17;68.5;64.2
3854;Totaal personen;Leidschendam-Voorburg;2017;54;37;35;29;6;0;2;12;6;14;0;2;4.8;17;68.5;65.2
3855;Totaal personen;Leidschendam-Voorburg;2018;54;38;36;30;6;0;3;12;7;15;0;1;3.9;17;69.2;66.5
3856;Totaal personen;Lelystad;2003;52;36;34;31;4;0;3;16;6;8;1;2;5.8;16;69.4;65.4
3857;Totaal personen;Lelystad;2004;53;37;34;31;4;0;3;16;6;9;0;3;6.8;16;69.3;64.6
3858;Totaal personen;Lelystad;2005;54;37;34;31;3;0;3;15;6;9;0;3;7.9;17;68.6;63.2
3859;Totaal personen;Lelystad;2006;54;38;35;31;4;0;3;17;6;9;1;2;6.4;17;69.1;64.7
3860;Totaal personen;Lelystad;2007;55;39;37;32;4;0;3;18;6;9;0;2;4.9;17;70.0;66.6
3861;Totaal personen;Lelystad;2008;56;40;38;33;5;0;3;17;7;10;1;2;4.3;16;71.7;68.6
3862;Totaal personen;Lelystad;2009;56;40;38;33;5;0;3;18;7;9;1;2;5.1;16;72.0;68.3
3863;Totaal personen;Lelystad;2010;56;39;37;32;5;0;3;17;7;10;1;2;5.9;17;70.0;65.9
3864;Totaal personen;Lelystad;2011;57;39;37;32;5;0;4;16;7;10;1;2;6.2;17;69.7;65.3
3865;Totaal personen;Lelystad;2012;57;40;36;31;5;0;3;18;6;8;1;3;8.6;17;69.4;63.5
3866;Totaal personen;Lelystad;2013;58;40;36;31;5;0;4;16;6;9;1;4;9.5;18;69.2;62.6
3867;Totaal personen;Lelystad;2014;58;39;35;30;5;0;4;16;6;9;1;4;10.1;19;67.8;60.9
3868;Totaal personen;Lelystad;2015;57;39;36;31;6;0;4;16;6;9;1;3;7.8;18;68.2;62.9
3869;Totaal personen;Lelystad;2016;58;40;37;30;6;0;4;16;6;9;1;3;7.3;18;68.5;63.5
3870;Totaal personen;Lelystad;2017;58;39;37;32;5;0;3;17;6;9;1;3;6.5;19;67.4;63.0
3871;Totaal personen;Lelystad;2018;58;40;38;33;5;0;3;18;6;10;0;2;4.5;18;68.4;65.3
3872;Totaal personen;Leudal;2003;27;19;18;16;2;0;2;9;3;4;0;1;3.9;9;68.1;65.5
3873;Totaal personen;Leudal;2004;28;19;18;16;2;0;2;10;3;3;0;1;4.5;9;68.4;65.4
3874;Totaal personen;Leudal;2005;27;19;18;16;3;0;2;10;3;3;0;1;4.6;9;68.9;65.8
3875;Totaal personen;Leudal;2006;28;19;18;16;3;0;2;10;3;3;0;1;4.0;9;69.2;66.5
3876;Totaal personen;Leudal;2007;28;19;19;16;2;0;2;9;4;4;1;1;3.6;8;70.4;67.8
3877;Totaal personen;Leudal;2008;27;19;18;16;2;0;2;9;3;4;1;1;3.2;8;70.1;67.9
3878;Totaal personen;Leudal;2009;28;19;19;16;3;0;2;10;3;4;0;1;3.7;8;70.2;67.5
3879;Totaal personen;Leudal;2010;28;19;18;16;3;0;1;9;3;4;0;1;4.2;8;69.5;66.7
3880;Totaal personen;Leudal;2011;28;19;19;16;3;0;2;9;3;4;0;1;3.8;8;69.8;67.1
3881;Totaal personen;Leudal;2012;28;20;19;16;3;0;2;9;4;5;0;1;4.1;8;70.8;67.9
3882;Totaal personen;Leudal;2013;28;20;19;16;3;0;2;9;3;5;0;1;5.3;8;70.9;67.1
3883;Totaal personen;Leudal;2014;27;19;18;16;3;0;2;9;3;4;0;1;5.4;8;70.6;66.8
3884;Totaal personen;Leudal;2015;27;19;18;15;3;0;2;9;3;4;0;1;5.2;8;70.6;66.9
3885;Totaal personen;Leudal;2016;27;19;18;15;3;0;2;9;3;4;0;1;4.4;8;69.9;66.8
3886;Totaal personen;Leudal;2017;27;19;18;16;3;0;2;9;3;4;0;1;3.6;8;69.6;67.1
3887;Totaal personen;Leudal;2018;27;19;19;16;3;0;2;10;3;4;0;1;2.9;8;70.8;68.8
3888;Totaal personen;Leusden;2003;22;15;15;13;2;0;1;5;3;6;0;1;3.6;6;71.6;69.0
3889;Totaal personen;Leusden;2004;22;16;15;13;2;0;1;6;3;5;0;1;4.2;6;71.9;68.9
3890;Totaal personen;Leusden;2005;22;15;15;13;2;0;1;7;3;4;0;1;4.2;6;70.6;67.7
3891;Totaal personen;Leusden;2006;21;15;15;13;2;0;1;6;3;4;0;1;3.7;6;71.4;68.7
3892;Totaal personen;Leusden;2007;21;16;15;13;2;0;1;6;3;5;0;0;3.2;6;73.2;70.9
3893;Totaal personen;Leusden;2008;21;16;15;13;3;0;1;7;3;5;0;0;2.9;6;73.9;71.8
3894;Totaal personen;Leusden;2009;21;16;15;13;3;0;1;6;3;5;0;1;3.3;5;74.7;72.2
3895;Totaal personen;Leusden;2010;21;16;15;13;3;0;1;6;3;5;0;1;3.8;6;73.4;70.7
3896;Totaal personen;Leusden;2011;21;15;15;13;2;0;1;6;3;5;0;1;3.7;6;72.1;69.4
3897;Totaal personen;Leusden;2012;22;16;15;13;2;0;1;6;3;5;0;1;4.4;6;72.4;69.3
3898;Totaal personen;Leusden;2013;22;16;15;13;2;0;1;5;3;5;0;1;5.8;6;73.0;68.8
3899;Totaal personen;Leusden;2014;22;16;15;12;2;0;1;6;3;5;0;1;5.8;6;72.1;67.9
3900;Totaal personen;Leusden;2015;22;16;15;12;3;0;1;6;2;5;0;1;5.6;6;72.4;68.3
3901;Totaal personen;Leusden;2016;22;16;15;12;3;0;1;6;3;5;0;1;4.7;6;72.6;69.1
3902;Totaal personen;Leusden;2017;22;16;15;13;3;0;1;6;3;5;0;1;3.8;6;72.2;69.4
3903;Totaal personen;Leusden;2018;22;16;16;13;3;0;1;6;3;6;0;1;3.2;6;72.7;70.4
3904;Totaal personen;Lingewaal;2003;8;6;5;5;1;0;0;3;1;1;0;0;3.3;2;70.3;68.0
3905;Totaal personen;Lingewaal;2004;8;6;5;4;1;0;0;3;1;1;0;0;3.9;2;69.4;66.7
3906;Totaal personen;Lingewaal;2005;8;6;5;4;1;0;1;3;1;1;0;0;4.0;2;70.2;67.3
3907;Totaal personen;Lingewaal;2006;8;6;5;5;1;0;0;3;1;1;0;0;3.6;2;69.4;66.9
3908;Totaal personen;Lingewaal;2007;8;6;6;5;1;0;0;3;1;1;0;0;3.3;2;71.1;68.7
3909;Totaal personen;Lingewaal;2008;8;6;6;5;1;0;1;3;1;1;0;0;2.9;2;72.2;70.1
3910;Totaal personen;Lingewaal;2009;8;6;6;5;1;0;0;3;1;1;0;0;3.2;2;73.4;71.0
3911;Totaal personen;Lingewaal;2010;8;6;6;5;1;0;0;3;1;1;0;0;3.6;2;72.0;69.4
3912;Totaal personen;Lingewaal;2011;8;6;6;5;1;0;0;3;1;1;0;0;3.5;2;72.0;69.5
3913;Totaal personen;Lingewaal;2012;8;6;6;5;1;0;0;3;1;2;0;0;4.1;2;72.1;69.2
3914;Totaal personen;Lingewaal;2013;8;6;6;5;1;0;0;3;1;1;0;0;5.6;2;71.8;67.8
3915;Totaal personen;Lingewaal;2014;8;6;6;5;1;0;0;3;1;2;0;0;5.7;2;70.9;66.8
3916;Totaal personen;Lingewaal;2015;8;6;6;5;1;0;0;3;1;1;0;0;5.0;2;71.6;68.0
3917;Totaal personen;Lingewaal;2016;8;6;6;5;1;0;0;3;1;1;0;0;4.5;2;71.4;68.2
3918;Totaal personen;Lingewaal;2017;8;6;6;5;1;0;0;3;1;2;0;0;3.6;2;72.3;69.7
3919;Totaal personen;Lingewaal;2018;9;6;6;5;1;0;0;3;1;2;0;0;2.7;2;72.2;70.2
3920;Totaal personen;Lingewaard;2003;32;23;22;19;3;0;2;11;4;5;0;1;3.7;9;70.7;68.1
3921;Totaal personen;Lingewaard;2004;32;23;22;19;3;0;2;12;4;5;0;1;4.3;9;70.8;67.8
3922;Totaal personen;Lingewaard;2005;33;23;22;19;3;0;2;12;4;4;0;1;4.6;10;70.7;67.5
3923;Totaal personen;Lingewaard;2006;33;23;22;19;3;0;2;12;4;4;1;1;3.9;10;70.1;67.3
3924;Totaal personen;Lingewaard;2007;33;24;23;20;3;0;2;12;4;5;0;1;3.3;9;72.1;69.7
3925;Totaal personen;Lingewaard;2008;34;24;24;20;3;0;2;11;4;6;0;1;3.2;9;72.7;70.4
3926;Totaal personen;Lingewaard;2009;34;25;24;20;4;0;2;12;4;5;0;1;3.4;9;73.5;71.0
3927;Totaal personen;Lingewaard;2010;34;25;24;20;3;0;2;11;5;5;0;1;4.1;9;72.7;69.7
3928;Totaal personen;Lingewaard;2011;34;25;24;20;4;0;1;11;5;6;0;1;4.0;10;71.9;69.0
3929;Totaal personen;Lingewaard;2012;34;25;24;20;3;0;2;11;4;6;0;1;5.1;9;72.4;68.7
3930;Totaal personen;Lingewaard;2013;34;25;23;20;3;0;2;11;4;6;0;2;6.6;9;72.9;68.1
3931;Totaal personen;Lingewaard;2014;34;25;23;19;4;0;2;10;4;7;0;1;6.0;9;72.4;68.1
3932;Totaal personen;Lingewaard;2015;34;25;23;19;4;0;2;10;4;8;0;1;5.4;10;71.6;67.7
3933;Totaal personen;Lingewaard;2016;35;24;23;20;4;0;2;10;4;6;1;1;5.1;10;70.6;67.0
3934;Totaal personen;Lingewaard;2017;35;25;24;20;4;0;2;10;4;7;1;1;4.1;10;71.6;68.7
3935;Totaal personen;Lingewaard;2018;35;25;24;21;3;0;2;10;4;7;1;1;3.4;10;71.7;69.3
3936;Totaal personen;Lisse;2003;16;12;12;10;1;0;1;6;2;3;0;0;3.1;5;72.2;70.0
3937;Totaal personen;Lisse;2004;16;12;11;10;1;0;1;6;2;3;0;0;3.9;5;71.0;68.2
3938;Totaal personen;Lisse;2005;16;12;11;10;2;0;1;6;2;2;0;0;4.0;5;71.9;69.0
3939;Totaal personen;Lisse;2006;16;12;11;10;2;0;1;5;2;2;0;0;3.8;5;72.0;69.3
3940;Totaal personen;Lisse;2007;16;12;11;10;1;0;1;5;2;3;0;0;3.3;5;71.5;69.2
3941;Totaal personen;Lisse;2008;17;12;12;10;1;0;1;6;2;2;0;0;2.9;5;72.3;70.2
3942;Totaal personen;Lisse;2009;17;12;12;10;1;0;1;5;2;3;0;0;3.3;5;72.6;70.2
3943;Totaal personen;Lisse;2010;17;12;12;10;1;0;1;6;2;3;0;0;4.0;5;72.8;69.8
3944;Totaal personen;Lisse;2011;17;12;12;10;1;0;1;6;2;3;0;0;3.8;5;72.8;70.1
3945;Totaal personen;Lisse;2012;17;12;12;10;2;0;1;5;2;3;0;1;4.4;5;72.2;69.0
3946;Totaal personen;Lisse;2013;17;12;11;10;2;0;1;5;2;3;0;1;5.7;5;72.1;68.0
3947;Totaal personen;Lisse;2014;17;12;11;10;2;0;1;5;2;3;0;1;5.9;5;72.0;67.8
3948;Totaal personen;Lisse;2015;17;12;12;10;1;0;1;5;2;3;0;1;5.3;5;73.3;69.4
3949;Totaal personen;Lisse;2016;17;12;12;10;2;0;1;5;2;3;0;1;4.9;5;72.5;69.0
3950;Totaal personen;Lisse;2017;17;12;12;10;2;0;1;6;2;3;0;0;3.7;5;72.4;69.7
3951;Totaal personen;Lisse;2018;17;12;12;10;2;0;1;6;2;3;0;0;2.9;5;72.8;70.7
3952;Totaal personen;Lochem;2003;24;15;15;12;2;0;1;7;2;4;0;1;3.7;9;63.7;61.3
3953;Totaal personen;Lochem;2004;24;15;14;12;2;0;1;8;3;3;0;1;4.5;9;63.6;60.7
3954;Totaal personen;Lochem;2005;24;15;14;12;3;0;1;7;2;3;0;1;4.5;9;63.5;60.7
3955;Totaal personen;Lochem;2006;24;15;15;11;3;0;1;7;3;4;0;1;4.0;8;64.4;61.8
3956;Totaal personen;Lochem;2007;24;16;15;12;3;0;1;8;3;3;0;1;3.3;8;65.9;63.7
3957;Totaal personen;Lochem;2008;24;16;16;13;3;0;1;9;3;3;0;0;2.9;8;68.6;66.6
3958;Totaal personen;Lochem;2009;24;16;16;13;3;0;1;8;3;4;0;1;3.7;8;68.2;65.7
3959;Totaal personen;Lochem;2010;24;16;16;13;3;0;1;8;3;4;0;1;4.1;8;67.6;64.8
3960;Totaal personen;Lochem;2011;24;16;15;13;3;0;1;8;3;3;0;1;3.9;8;67.2;64.6
3961;Totaal personen;Lochem;2012;24;17;16;13;3;0;1;7;3;4;0;1;4.0;7;68.9;66.1
3962;Totaal personen;Lochem;2013;24;16;15;12;3;0;1;7;3;5;0;1;5.9;8;68.3;64.2
3963;Totaal personen;Lochem;2014;24;16;15;12;4;0;1;7;2;5;0;1;6.8;8;68.1;63.5
3964;Totaal personen;Lochem;2015;24;16;16;12;4;0;1;8;2;4;0;1;5.9;8;68.5;64.5
3965;Totaal personen;Lochem;2016;24;16;16;12;4;0;1;8;2;5;0;1;5.3;8;67.8;64.2
3966;Totaal personen;Lochem;2017;24;17;16;12;3;0;1;7;3;5;0;1;4.1;8;68.2;65.4
3967;Totaal personen;Lochem;2018;24;17;16;13;3;0;1;7;3;5;0;0;3.0;8;68.3;66.3
3968;Totaal personen;Loon op Zand;2003;17;12;12;10;1;0;1;6;2;2;0;0;3.6;5;69.9;67.4
3969;Totaal personen;Loon op Zand;2004;17;12;12;10;1;0;1;6;2;3;0;1;4.2;5;69.8;66.9
3970;Totaal personen;Loon op Zand;2005;17;12;12;10;2;0;1;6;2;2;0;1;4.4;5;69.9;66.8
3971;Totaal personen;Loon op Zand;2006;17;12;12;10;1;0;1;6;2;2;0;1;4.2;5;69.9;67.0
3972;Totaal personen;Loon op Zand;2007;17;12;12;10;1;0;1;6;2;2;0;0;3.5;5;71.2;68.7
3973;Totaal personen;Loon op Zand;2008;17;12;12;10;2;0;1;7;2;2;0;0;3.1;5;72.0;69.7
3974;Totaal personen;Loon op Zand;2009;17;12;12;10;2;0;1;7;2;2;0;0;3.7;5;72.5;69.8
3975;Totaal personen;Loon op Zand;2010;17;12;12;10;2;0;1;6;2;3;0;0;4.0;5;71.0;68.2
3976;Totaal personen;Loon op Zand;2011;17;12;12;10;2;0;1;6;2;3;0;0;4.0;5;71.8;68.9
3977;Totaal personen;Loon op Zand;2012;17;12;12;10;2;0;1;6;2;3;0;1;5.0;5;71.6;68.0
3978;Totaal personen;Loon op Zand;2013;17;12;12;10;2;0;1;6;2;2;0;1;6.3;5;71.6;67.1
3979;Totaal personen;Loon op Zand;2014;17;12;12;10;2;0;1;6;2;3;0;1;6.2;5;71.3;66.8
3980;Totaal personen;Loon op Zand;2015;17;12;12;10;2;0;1;5;2;3;0;1;6.3;5;71.6;67.1
3981;Totaal personen;Loon op Zand;2016;17;12;12;10;2;0;1;5;2;3;0;1;4.7;5;71.8;68.4
3982;Totaal personen;Loon op Zand;2017;17;13;12;10;2;0;1;6;2;3;0;0;3.9;5;72.1;69.3
3983;Totaal personen;Loon op Zand;2018;18;13;12;10;2;0;1;5;2;3;0;0;3.1;5;71.7;69.4
3984;Totaal personen;Lopik;2003;10;7;7;6;1;0;1;4;1;1;0;0;3.5;3;69.5;67.1
3985;Totaal personen;Lopik;2004;10;7;7;6;1;0;1;4;1;1;0;0;4.0;3;70.5;67.7
3986;Totaal personen;Lopik;2005;10;7;7;6;1;0;1;4;1;1;0;0;3.9;3;70.9;68.1
3987;Totaal personen;Lopik;2006;10;7;7;6;1;0;1;4;1;1;0;0;3.5;3;71.0;68.5
3988;Totaal personen;Lopik;2007;10;7;7;6;1;0;1;4;1;1;0;0;3.0;3;71.7;69.5
3989;Totaal personen;Lopik;2008;10;8;7;6;1;0;1;4;1;1;0;0;2.7;3;72.7;70.7
3990;Totaal personen;Lopik;2009;10;8;8;6;2;0;1;4;1;1;0;0;2.9;3;74.5;72.3
3991;Totaal personen;Lopik;2010;10;8;7;6;1;0;1;4;1;2;0;0;3.4;3;72.9;70.5
3992;Totaal personen;Lopik;2011;10;8;7;6;1;0;1;4;1;2;0;0;3.3;3;72.9;70.5
3993;Totaal personen;Lopik;2012;10;8;7;6;1;0;1;4;1;2;0;0;4.2;3;73.4;70.4
3994;Totaal personen;Lopik;2013;10;8;7;6;1;0;1;3;1;2;0;0;5.3;3;72.4;68.6
3995;Totaal personen;Lopik;2014;11;8;7;6;1;0;1;3;1;2;0;0;5.3;3;72.4;68.5
3996;Totaal personen;Lopik;2015;11;8;7;6;2;0;1;4;1;2;0;0;4.9;3;72.8;69.2
3997;Totaal personen;Lopik;2016;11;8;7;6;2;0;1;4;1;2;0;0;4.1;3;72.4;69.4
3998;Totaal personen;Lopik;2017;11;8;8;6;1;0;1;4;1;1;0;0;3.4;3;72.7;70.2
3999;Totaal personen;Lopik;2018;11;8;8;6;1;0;1;4;1;2;0;0;2.8;3;73.4;71.4
4000;Totaal personen;Loppersum;2003;8;6;5;4;1;0;0;3;1;1;0;0;4.7;3;67.1;63.9
4001;Totaal personen;Loppersum;2004;8;5;5;4;1;0;0;3;1;1;0;0;5.9;3;66.9;62.9
4002;Totaal personen;Loppersum;2005;8;5;5;4;1;0;0;3;1;1;0;0;6.0;3;67.3;63.2
4003;Totaal personen;Loppersum;2006;8;5;5;4;1;0;0;3;1;1;0;0;5.2;3;67.2;63.7
4004;Totaal personen;Loppersum;2007;8;5;5;4;1;0;0;3;1;1;0;0;4.4;3;67.5;64.5
4005;Totaal personen;Loppersum;2008;8;5;5;4;1;0;0;3;1;1;0;0;3.8;2;69.0;66.4
4006;Totaal personen;Loppersum;2009;8;5;5;4;1;0;0;3;1;1;0;0;4.5;2;69.0;65.9
4007;Totaal personen;Loppersum;2010;8;5;5;4;1;0;0;3;1;1;0;0;5.1;2;69.3;65.8
4008;Totaal personen;Loppersum;2011;8;5;5;4;1;0;0;3;1;1;0;0;5.0;2;68.6;65.2
4009;Totaal personen;Loppersum;2012;8;5;5;4;1;0;0;2;1;1;0;0;5.6;2;68.1;64.3
4010;Totaal personen;Loppersum;2013;8;5;5;4;1;0;0;2;1;1;0;0;7.1;2;68.6;63.7
4011;Totaal personen;Loppersum;2014;8;5;5;4;1;0;0;2;1;1;0;0;6.7;2;68.1;63.5
4012;Totaal personen;Loppersum;2015;8;5;5;4;1;0;0;3;1;1;0;0;6.4;2;68.2;63.8
4013;Totaal personen;Loppersum;2016;8;5;5;4;1;0;0;2;1;1;0;0;5.6;2;68.2;64.4
4014;Totaal personen;Loppersum;2017;8;5;5;4;1;0;1;2;1;1;0;0;4.6;2;67.8;64.7
4015;Totaal personen;Loppersum;2018;7;5;5;4;1;0;0;2;1;1;0;0;3.6;2;68.3;65.9
4016;Totaal personen;Losser;2003;17;11;11;9;2;0;1;6;2;2;0;0;4.1;6;66.5;63.8
4017;Totaal personen;Losser;2004;17;11;11;9;1;0;1;6;2;2;0;1;5.1;6;66.4;63.0
4018;Totaal personen;Losser;2005;17;11;10;9;1;0;1;6;2;2;0;1;5.4;6;66.3;62.7
4019;Totaal personen;Losser;2006;17;11;11;9;2;0;1;6;2;2;0;0;4.4;5;67.9;64.9
4020;Totaal personen;Losser;2007;17;11;11;9;2;0;1;6;2;2;0;0;3.7;5;68.6;66.0
4021;Totaal personen;Losser;2008;17;11;11;10;1;0;1;5;2;2;0;0;3.3;5;68.2;65.9
4022;Totaal personen;Losser;2009;17;11;11;10;1;0;1;5;2;2;0;0;4.2;5;68.3;65.4
4023;Totaal personen;Losser;2010;17;12;11;9;2;0;1;6;2;2;0;1;4.7;5;69.0;65.8
4024;Totaal personen;Losser;2011;17;11;11;9;2;0;1;6;2;2;0;1;4.6;5;68.3;65.2
4025;Totaal personen;Losser;2012;17;12;11;9;2;0;1;6;2;2;0;1;5.1;5;68.9;65.4
4026;Totaal personen;Losser;2013;17;12;11;9;2;0;1;6;2;2;0;1;6.6;5;69.4;64.9
4027;Totaal personen;Losser;2014;17;11;11;9;2;0;1;5;2;2;0;1;7.0;5;68.8;64.0
4028;Totaal personen;Losser;2015;17;11;11;9;2;0;1;5;2;2;0;1;6.8;5;69.2;64.5
4029;Totaal personen;Losser;2016;17;11;11;9;1;0;1;6;2;2;0;1;6.1;5;68.5;64.4
4030;Totaal personen;Losser;2017;17;12;11;9;2;0;1;6;2;2;0;1;4.4;5;69.5;66.4
4031;Totaal personen;Losser;2018;17;11;11;10;2;0;1;5;2;2;0;0;3.5;5;68.9;66.4
4032;Totaal personen;Maasdriel;2003;18;12;12;10;2;0;1;6;2;2;0;0;3.8;5;69.0;66.4
4033;Totaal personen;Maasdriel;2004;18;12;12;10;2;0;1;6;2;3;0;1;4.3;5;69.4;66.4
4034;Totaal personen;Maasdriel;2005;18;12;12;10;2;0;1;6;2;3;0;1;4.4;5;68.9;65.9
4035;Totaal personen;Maasdriel;2006;18;12;12;9;2;0;1;7;2;2;0;0;3.8;5;69.8;67.2
4036;Totaal personen;Maasdriel;2007;18;13;12;10;2;0;1;7;2;2;0;0;3.3;5;71.9;69.5
4037;Totaal personen;Maasdriel;2008;18;13;13;10;2;0;1;7;2;3;0;0;3.0;5;72.3;70.1
4038;Totaal personen;Maasdriel;2009;18;13;12;10;2;0;1;6;2;3;0;0;3.5;5;72.0;69.5
4039;Totaal personen;Maasdriel;2010;18;13;12;10;3;0;1;6;2;3;0;1;4.0;5;72.0;69.2
4040;Totaal personen;Maasdriel;2011;18;13;12;10;2;0;1;6;2;2;0;1;3.9;5;71.6;68.8
4041;Totaal personen;Maasdriel;2012;18;13;13;10;2;0;1;7;2;2;0;1;4.5;5;72.1;68.9
4042;Totaal personen;Maasdriel;2013;18;13;12;10;2;0;1;6;2;3;0;1;6.1;5;71.6;67.2
4043;Totaal personen;Maasdriel;2014;18;13;12;10;2;0;2;6;2;3;0;1;5.9;5;71.8;67.6
4044;Totaal personen;Maasdriel;2015;18;13;12;10;2;0;1;6;2;3;0;1;5.1;5;71.8;68.1
4045;Totaal personen;Maasdriel;2016;18;13;13;10;3;0;1;6;2;3;0;1;4.6;5;71.6;68.3
4046;Totaal personen;Maasdriel;2017;19;13;13;10;2;0;1;6;2;4;0;0;3.6;5;71.7;69.1
4047;Totaal personen;Maasdriel;2018;19;13;13;11;3;0;1;7;2;3;0;0;2.8;5;72.1;70.0
4048;Totaal personen;Maasgouw;2003;18;12;12;10;2;0;1;6;2;2;0;1;4.3;6;65.9;63.1
4049;Totaal personen;Maasgouw;2004;18;12;12;10;2;0;1;6;2;3;0;1;4.8;6;66.9;63.7
4050;Totaal personen;Maasgouw;2005;18;12;11;10;2;0;1;6;2;2;0;1;5.1;6;65.9;62.5
4051;Totaal personen;Maasgouw;2006;18;12;12;10;2;0;1;6;2;2;0;1;4.4;6;66.5;63.5
4052;Totaal personen;Maasgouw;2007;18;12;12;10;1;0;1;6;2;2;0;0;3.8;6;66.2;63.6
4053;Totaal personen;Maasgouw;2008;18;12;12;10;2;0;1;6;2;2;0;0;3.4;6;67.3;65.0
4054;Totaal personen;Maasgouw;2009;18;12;12;10;1;0;1;6;2;2;0;0;4.0;6;67.0;64.3
4055;Totaal personen;Maasgouw;2010;18;12;12;10;1;0;1;5;2;3;0;1;4.2;6;67.2;64.4
4056;Totaal personen;Maasgouw;2011;18;12;12;10;2;0;1;5;2;2;1;0;3.9;6;66.5;64.0
4057;Totaal personen;Maasgouw;2012;18;12;12;10;2;0;1;5;2;3;0;1;4.2;6;67.2;64.3
4058;Totaal personen;Maasgouw;2013;18;12;12;10;2;0;1;5;2;3;0;1;5.7;6;68.0;64.1
4059;Totaal personen;Maasgouw;2014;18;12;11;10;2;0;1;5;2;3;1;1;5.9;6;67.5;63.5
4060;Totaal personen;Maasgouw;2015;18;12;11;9;2;0;1;5;2;2;0;1;5.2;6;67.1;63.6
4061;Totaal personen;Maasgouw;2016;18;12;11;10;2;0;1;5;2;3;0;1;4.8;6;67.5;64.3
4062;Totaal personen;Maasgouw;2017;18;12;12;10;2;0;1;6;2;3;0;0;3.7;6;68.5;66.0
4063;Totaal personen;Maasgouw;2018;18;12;12;10;2;0;1;5;2;4;0;0;2.9;6;67.7;65.8
4064;Totaal personen;Maassluis;2003;25;17;16;14;1;0;1;8;3;4;0;1;4.8;8;67.2;64.0
4065;Totaal personen;Maassluis;2004;25;17;16;14;2;0;1;8;3;3;0;1;5.8;8;67.0;63.1
4066;Totaal personen;Maassluis;2005;24;17;16;14;2;0;1;9;3;2;0;1;5.8;8;67.9;63.9
4067;Totaal personen;Maassluis;2006;24;16;15;13;2;0;1;8;3;3;0;1;5.0;8;66.2;62.9
4068;Totaal personen;Maassluis;2007;24;16;16;14;2;0;2;8;3;3;0;1;3.9;8;67.9;65.2
4069;Totaal personen;Maassluis;2008;24;16;16;14;2;0;1;7;3;4;0;1;3.6;7;69.0;66.5
4070;Totaal personen;Maassluis;2009;24;17;16;13;3;0;1;8;3;4;0;1;4.2;7;70.2;67.3
4071;Totaal personen;Maassluis;2010;24;16;16;14;2;0;1;7;3;4;1;1;5.0;8;68.6;65.1
4072;Totaal personen;Maassluis;2011;24;16;16;14;2;0;1;7;3;4;1;1;5.2;8;68.5;64.9
4073;Totaal personen;Maassluis;2012;24;16;15;13;2;0;1;7;3;4;0;1;6.1;8;68.4;64.3
4074;Totaal personen;Maassluis;2013;24;17;15;13;2;0;2;8;3;4;0;1;7.5;8;69.0;63.8
4075;Totaal personen;Maassluis;2014;24;17;15;13;2;0;1;7;3;4;0;1;8.0;8;68.4;62.9
4076;Totaal personen;Maassluis;2015;24;16;15;13;2;0;1;7;2;4;0;1;7.3;8;67.6;62.6
4077;Totaal personen;Maassluis;2016;24;16;15;13;2;0;2;7;3;3;1;1;6.4;8;67.8;63.4
4078;Totaal personen;Maassluis;2017;24;16;16;13;2;0;1;7;3;4;1;1;5.2;8;67.9;64.4
4079;Totaal personen;Maassluis;2018;24;17;16;14;2;0;2;7;3;4;1;1;4.0;8;68.8;66.1
4080;Totaal personen;Maastricht;2003;95;59;56;50;6;0;6;25;9;16;0;4;6.0;35;62.9;59.1
4081;Totaal personen;Maastricht;2004;94;60;56;50;6;0;5;24;10;16;1;4;7.4;34;64.2;59.4
4082;Totaal personen;Maastricht;2005;93;59;55;48;7;0;6;24;10;14;0;4;7.5;34;63.3;58.5
4083;Totaal personen;Maastricht;2006;93;59;55;48;7;0;6;25;9;15;0;4;6.3;34;63.8;59.8
4084;Totaal personen;Maastricht;2007;92;60;57;49;7;0;6;27;9;15;0;3;5.4;32;65.1;61.6
4085;Totaal personen;Maastricht;2008;92;60;57;50;7;0;5;25;10;17;0;3;4.9;32;65.4;62.2
4086;Totaal personen;Maastricht;2009;92;60;57;50;7;0;5;26;9;18;0;4;5.8;31;65.8;62.0
4087;Totaal personen;Maastricht;2010;92;59;55;48;7;0;5;24;9;17;0;4;6.7;33;64.2;59.9
4088;Totaal personen;Maastricht;2011;93;60;56;49;7;0;6;24;9;16;1;4;6.3;34;63.8;59.8
4089;Totaal personen;Maastricht;2012;95;61;57;49;8;0;6;24;9;18;0;4;6.9;34;64.7;60.2
4090;Totaal personen;Maastricht;2013;96;62;57;48;9;0;6;24;10;17;1;5;8.0;34;64.2;59.0
4091;Totaal personen;Maastricht;2014;97;61;56;48;8;0;6;24;9;16;0;5;8.2;35;63.5;58.3
4092;Totaal personen;Maastricht;2015;96;61;56;47;9;0;6;24;8;19;0;4;7.4;35;63.3;58.6
4093;Totaal personen;Maastricht;2016;96;61;57;48;9;0;5;23;8;20;0;4;6.4;35;63.3;59.2
4094;Totaal personen;Maastricht;2017;97;60;57;48;9;0;6;23;8;20;0;3;5.5;36;62.4;59.0
4095;Totaal personen;Maastricht;2018;96;61;59;48;11;0;6;24;9;20;0;2;4.0;35;63.8;61.2
4096;Totaal personen;De Marne;2003;8;5;5;4;1;0;1;3;1;1;0;0;5.2;3;63.5;60.1
4097;Totaal personen;De Marne;2004;8;5;5;4;1;0;0;3;1;1;0;0;6.6;3;62.4;58.3
4098;Totaal personen;De Marne;2005;8;5;5;4;1;0;1;3;1;1;0;0;6.5;3;64.1;59.9
4099;Totaal personen;De Marne;2006;8;5;5;4;1;0;0;3;1;1;0;0;5.4;3;63.9;60.4
4100;Totaal personen;De Marne;2007;8;5;5;4;1;0;0;3;1;1;0;0;4.6;3;65.1;62.1
4101;Totaal personen;De Marne;2008;8;5;5;4;1;0;0;3;1;1;0;0;4.0;3;65.2;62.6
4102;Totaal personen;De Marne;2009;8;5;5;4;1;0;0;3;1;1;0;0;4.5;3;66.4;63.4
4103;Totaal personen;De Marne;2010;8;5;5;4;1;0;0;2;1;1;0;0;5.1;3;65.1;61.8
4104;Totaal personen;De Marne;2011;8;5;5;4;1;0;0;3;1;1;0;0;4.8;3;65.6;62.4
4105;Totaal personen;De Marne;2012;8;5;5;4;1;0;0;3;1;1;0;0;5.3;3;66.4;62.9
4106;Totaal personen;De Marne;2013;8;5;5;4;1;0;1;3;1;1;0;0;6.4;3;66.9;62.6
4107;Totaal personen;De Marne;2014;8;5;5;4;1;0;0;2;1;1;0;0;6.6;3;66.5;62.1
4108;Totaal personen;De Marne;2015;8;5;5;4;1;0;0;2;1;1;0;0;7.1;3;66.6;61.8
4109;Totaal personen;De Marne;2016;8;5;5;4;1;0;0;2;1;1;0;0;5.8;3;65.6;61.8
4110;Totaal personen;De Marne;2017;8;5;5;4;1;0;0;2;1;1;0;0;4.8;3;65.2;62.1
4111;Totaal personen;De Marne;2018;8;5;5;4;1;0;0;2;1;1;0;0;3.8;3;66.3;63.7
4112;Totaal personen;Marum;2003;8;5;5;4;1;0;0;2;1;1;0;0;4.6;3;66.8;63.7
4113;Totaal personen;Marum;2004;8;5;5;4;1;0;0;3;1;1;0;0;5.6;2;67.1;63.3
4114;Totaal personen;Marum;2005;7;5;5;4;1;0;0;3;1;1;0;0;5.8;2;67.8;63.9
4115;Totaal personen;Marum;2006;7;5;5;4;1;0;0;3;1;1;0;0;5.0;2;67.7;64.3
4116;Totaal personen;Marum;2007;8;5;5;4;1;0;0;3;1;1;0;0;3.9;2;69.4;66.7
4117;Totaal personen;Marum;2008;8;5;5;4;1;0;0;3;1;1;0;0;3.4;2;70.9;68.5
4118;Totaal personen;Marum;2009;8;5;5;4;1;0;0;3;1;1;0;0;4.0;2;71.0;68.2
4119;Totaal personen;Marum;2010;8;6;5;4;1;0;0;2;1;1;0;0;4.7;2;70.4;67.1
4120;Totaal personen;Marum;2011;8;5;5;4;1;0;0;2;1;1;0;0;4.5;2;70.0;66.9
4121;Totaal personen;Marum;2012;8;5;5;4;1;0;0;2;1;1;0;0;5.3;2;70.2;66.4
4122;Totaal personen;Marum;2013;8;6;5;4;1;0;0;2;1;1;0;0;6.2;2;70.7;66.3
4123;Totaal personen;Marum;2014;8;6;5;4;1;0;1;2;1;1;0;0;6.7;2;70.3;65.6
4124;Totaal personen;Marum;2015;8;6;5;4;1;0;1;2;1;1;0;0;6.5;2;70.8;66.2
4125;Totaal personen;Marum;2016;8;6;5;4;1;0;1;3;1;1;0;0;5.5;2;70.7;66.8
4126;Totaal personen;Marum;2017;8;6;5;5;1;0;1;2;1;1;0;0;4.5;2;71.1;67.9
4127;Totaal personen;Marum;2018;8;6;6;5;1;0;1;3;1;1;0;0;3.3;2;72.2;69.8
4128;Totaal personen;Medemblik;2003;31;21;20;17;3;0;2;11;4;4;0;1;3.6;9;69.1;66.6
4129;Totaal personen;Medemblik;2004;31;21;20;17;3;0;2;11;4;3;0;1;4.2;10;69.1;66.2
4130;Totaal personen;Medemblik;2005;31;22;21;17;3;0;2;11;4;4;0;1;4.3;9;69.7;66.7
4131;Totaal personen;Medemblik;2006;31;22;21;17;3;0;2;11;4;4;0;1;3.7;9;69.8;67.2
4132;Totaal personen;Medemblik;2007;31;22;21;18;4;0;2;12;4;4;0;1;3.2;9;70.8;68.5
4133;Totaal personen;Medemblik;2008;31;22;22;18;4;0;2;12;4;4;0;1;2.9;9;71.6;69.5
4134;Totaal personen;Medemblik;2009;32;23;22;18;4;0;2;12;4;4;0;1;3.4;9;72.2;69.8
4135;Totaal personen;Medemblik;2010;32;23;22;18;4;0;2;12;4;4;0;1;3.8;9;72.1;69.3
4136;Totaal personen;Medemblik;2011;32;23;22;18;4;0;1;12;4;4;0;1;3.7;9;70.7;68.1
4137;Totaal personen;Medemblik;2012;32;23;22;18;4;0;2;13;4;4;0;1;4.4;9;71.7;68.6
4138;Totaal personen;Medemblik;2013;33;23;22;18;4;0;2;11;4;5;0;1;6.0;9;71.1;66.8
4139;Totaal personen;Medemblik;2014;33;23;22;17;4;0;2;11;3;5;0;1;5.9;10;70.6;66.4
4140;Totaal personen;Medemblik;2015;33;23;22;17;5;0;2;10;4;6;0;1;4.8;10;70.8;67.4
4141;Totaal personen;Medemblik;2016;33;24;22;18;5;0;2;11;4;6;0;1;4.5;9;71.4;68.2
4142;Totaal personen;Medemblik;2017;33;24;23;18;4;0;2;11;4;5;1;1;4.1;10;71.0;68.1
4143;Totaal personen;Medemblik;2018;34;24;23;19;4;0;2;11;4;5;1;1;3.2;10;70.5;68.2
4144;Totaal personen;Meerssen;2003;15;10;10;8;1;0;1;5;2;2;0;0;4.0;5;65.2;62.6
4145;Totaal personen;Meerssen;2004;15;10;9;8;1;0;1;4;2;3;0;0;4.8;5;64.6;61.4
4146;Totaal personen;Meerssen;2005;15;10;9;8;1;0;1;4;2;2;0;0;4.9;5;65.0;61.8
4147;Totaal personen;Meerssen;2006;15;10;9;8;1;0;1;5;2;2;0;0;4.5;5;65.7;62.7
4148;Totaal personen;Meerssen;2007;15;10;9;8;1;0;1;4;2;2;0;0;4.0;5;65.8;63.1
4149;Totaal personen;Meerssen;2008;15;10;10;8;1;0;1;4;2;3;0;0;3.6;5;66.7;64.2
4150;Totaal personen;Meerssen;2009;15;10;10;8;2;0;1;5;2;3;0;0;4.2;5;68.7;65.9
4151;Totaal personen;Meerssen;2010;15;10;9;8;1;0;1;4;2;3;0;0;4.7;5;66.9;63.7
4152;Totaal personen;Meerssen;2011;15;10;9;8;1;0;1;4;2;3;0;0;4.3;5;66.3;63.4
4153;Totaal personen;Meerssen;2012;15;10;9;8;1;0;1;4;2;3;0;1;5.2;5;66.9;63.4
4154;Totaal personen;Meerssen;2013;15;10;9;8;2;0;1;4;2;3;0;1;6.2;5;67.3;63.1
4155;Totaal personen;Meerssen;2014;14;10;9;8;1;0;1;4;2;3;0;1;6.5;5;66.8;62.4
4156;Totaal personen;Meerssen;2015;14;10;9;8;2;0;1;4;2;2;0;1;5.9;5;68.1;64.1
4157;Totaal personen;Meerssen;2016;14;10;9;8;2;0;1;4;1;3;0;0;5.0;5;68.0;64.6
4158;Totaal personen;Meerssen;2017;14;10;9;8;1;0;1;4;2;2;0;0;4.2;5;66.3;63.5
4159;Totaal personen;Meerssen;2018;14;10;9;8;1;0;1;4;2;3;0;0;3.3;5;67.9;65.7
4160;Totaal personen;Meierijstad;2003;57;40;38;33;6;0;4;20;7;8;0;1;3.7;18;69.4;66.9
4161;Totaal personen;Meierijstad;2004;57;40;38;33;5;0;3;20;6;8;0;2;4.4;18;68.8;65.8
4162;Totaal personen;Meierijstad;2005;57;40;38;32;5;0;4;21;6;7;0;2;4.4;18;69.0;66.0
4163;Totaal personen;Meierijstad;2006;58;40;38;33;6;0;4;20;7;7;1;2;3.9;18;69.2;66.6
4164;Totaal personen;Meierijstad;2007;58;41;39;33;6;0;4;21;7;8;0;1;3.3;17;70.6;68.3
4165;Totaal personen;Meierijstad;2008;58;42;41;34;6;0;4;21;7;9;0;1;2.9;16;72.0;69.9
4166;Totaal personen;Meierijstad;2009;58;42;41;35;6;0;4;21;7;8;1;2;3.6;16;72.2;69.6
4167;Totaal personen;Meierijstad;2010;58;42;40;34;6;0;4;20;7;8;1;2;4.0;16;71.8;68.9
4168;Totaal personen;Meierijstad;2011;58;42;41;34;7;0;4;20;7;10;0;2;3.8;16;72.3;69.5
4169;Totaal personen;Meierijstad;2012;59;42;40;34;7;0;4;19;7;10;0;2;4.8;16;72.3;68.9
4170;Totaal personen;Meierijstad;2013;59;43;40;33;7;0;3;20;7;10;0;2;5.7;16;72.2;68.1
4171;Totaal personen;Meierijstad;2014;59;42;40;33;6;0;4;19;7;9;1;3;6.1;17;71.3;67.0
4172;Totaal personen;Meierijstad;2015;60;43;41;34;7;0;4;21;6;10;0;2;5.5;17;71.9;68.0
4173;Totaal personen;Meierijstad;2016;60;43;41;34;7;0;4;20;7;10;0;2;4.6;17;71.9;68.6
4174;Totaal personen;Meierijstad;2017;60;44;42;35;7;0;4;21;7;9;1;2;3.7;17;72.6;69.9
4175;Totaal personen;Meierijstad;2018;61;44;43;36;7;0;4;21;8;9;1;1;2.7;17;72.4;70.4
4176;Totaal personen;Meppel;2003;23;16;15;13;2;0;1;7;3;4;0;1;4.7;7;68.6;65.4
4177;Totaal personen;Meppel;2004;22;16;15;13;2;0;1;7;2;4;0;1;5.6;7;69.9;65.9
4178;Totaal personen;Meppel;2005;22;16;15;13;2;0;1;7;2;3;0;1;6.0;7;70.0;65.8
4179;Totaal personen;Meppel;2006;23;16;15;13;2;0;1;7;3;4;0;1;5.1;7;69.7;66.2
4180;Totaal personen;Meppel;2007;23;16;16;14;2;0;2;7;3;4;0;1;4.2;7;71.4;68.5
4181;Totaal personen;Meppel;2008;23;17;16;14;3;0;1;8;3;4;0;1;3.5;6;72.8;70.3
4182;Totaal personen;Meppel;2009;24;17;17;14;2;0;2;8;3;4;0;1;4.2;6;73.6;70.5
4183;Totaal personen;Meppel;2010;24;17;16;14;2;0;1;7;3;4;0;1;4.7;7;72.1;68.7
4184;Totaal personen;Meppel;2011;24;17;16;14;2;0;1;7;3;4;1;1;4.9;7;70.6;67.2
4185;Totaal personen;Meppel;2012;24;17;16;14;2;0;1;7;3;4;1;1;6.0;7;72.0;67.7
4186;Totaal personen;Meppel;2013;24;18;16;14;2;0;1;8;3;4;0;1;7.1;7;72.1;67.0
4187;Totaal personen;Meppel;2014;24;17;16;14;2;0;2;7;3;4;1;1;7.6;7;72.1;66.6
4188;Totaal personen;Meppel;2015;24;17;16;14;2;0;1;7;3;4;1;1;6.6;7;71.0;66.2
4189;Totaal personen;Meppel;2016;24;17;16;14;2;0;1;7;3;4;1;1;6.1;7;71.0;66.7
4190;Totaal personen;Meppel;2017;25;18;17;14;3;0;2;7;3;5;1;1;4.7;7;72.3;68.8
4191;Totaal personen;Meppel;2018;25;18;17;14;3;0;1;7;3;6;0;1;3.8;7;71.0;68.3
4192;Totaal personen;Middelburg (Z.);2003;34;23;22;19;2;0;2;10;4;5;0;1;4.4;11;66.3;63.4
4193;Totaal personen;Middelburg (Z.);2004;34;22;21;19;2;0;2;10;4;5;0;1;5.2;12;65.4;62.0
4194;Totaal personen;Middelburg (Z.);2005;34;23;22;19;3;0;1;12;4;5;0;1;4.7;11;67.1;63.9
4195;Totaal personen;Middelburg (Z.);2006;35;23;22;20;3;0;2;11;4;5;0;1;4.3;11;67.5;64.6
4196;Totaal personen;Middelburg (Z.);2007;35;24;23;19;3;0;2;10;4;6;1;1;3.8;11;67.3;64.8
4197;Totaal personen;Middelburg (Z.);2008;35;24;23;20;3;0;2;10;5;5;1;1;3.6;11;67.8;65.4
4198;Totaal personen;Middelburg (Z.);2009;35;24;23;21;3;0;2;11;4;5;1;1;3.7;11;69.0;66.5
4199;Totaal personen;Middelburg (Z.);2010;35;24;23;20;3;0;2;11;4;6;0;1;4.2;11;68.5;65.6
4200;Totaal personen;Middelburg (Z.);2011;35;24;23;20;4;0;1;11;4;6;0;1;3.9;11;68.3;65.6
4201;Totaal personen;Middelburg (Z.);2012;35;24;23;20;3;0;2;12;4;5;0;1;4.1;10;70.0;67.1
4202;Totaal personen;Middelburg (Z.);2013;35;24;23;19;4;0;2;11;4;6;0;1;5.8;11;68.9;65.0
4203;Totaal personen;Middelburg (Z.);2014;35;24;23;19;3;0;2;10;4;6;1;1;5.4;11;68.1;64.5
4204;Totaal personen;Middelburg (Z.);2015;35;24;23;19;4;0;2;10;4;7;0;1;5.6;11;69.5;65.7
4205;Totaal personen;Middelburg (Z.);2016;35;25;24;20;4;0;2;11;4;7;0;1;4.4;11;70.1;67.0
4206;Totaal personen;Middelburg (Z.);2017;35;24;23;20;4;0;2;11;4;7;0;1;3.7;11;68.8;66.2
4207;Totaal personen;Middelburg (Z.);2018;36;25;24;20;4;0;2;11;4;6;0;1;3.3;11;69.9;67.6
4208;Totaal personen;Midden-Delfland;2003;13;10;9;8;1;0;1;4;2;2;0;0;3.0;4;73.0;70.8
4209;Totaal personen;Midden-Delfland;2004;12;9;9;8;1;0;1;4;2;3;0;0;3.3;3;73.9;71.4
4210;Totaal personen;Midden-Delfland;2005;13;9;9;8;1;0;1;4;2;2;0;0;3.4;3;74.0;71.5
4211;Totaal personen;Midden-Delfland;2006;13;9;9;8;1;0;1;4;2;2;0;0;3.1;3;73.0;70.7
4212;Totaal personen;Midden-Delfland;2007;13;9;9;8;1;0;1;5;2;2;0;0;2.7;3;74.4;72.4
4213;Totaal personen;Midden-Delfland;2008;13;10;9;8;2;0;1;4;2;3;0;0;2.6;3;75.7;73.7
4214;Totaal personen;Midden-Delfland;2009;13;10;10;8;2;0;1;4;2;3;0;0;3.0;3;76.8;74.6
4215;Totaal personen;Midden-Delfland;2010;13;10;10;8;2;0;1;4;2;3;0;0;3.3;3;76.0;73.5
4216;Totaal personen;Midden-Delfland;2011;13;10;10;8;1;0;1;4;2;3;0;0;3.3;3;75.8;73.3
4217;Totaal personen;Midden-Delfland;2012;14;10;10;8;1;0;1;4;2;4;0;0;3.9;3;74.9;72.0
4218;Totaal personen;Midden-Delfland;2013;14;10;10;8;1;0;1;4;2;3;0;0;4.8;3;74.9;71.3
4219;Totaal personen;Midden-Delfland;2014;14;10;10;8;2;0;1;4;1;3;0;0;4.8;3;75.3;71.7
4220;Totaal personen;Midden-Delfland;2015;14;11;10;9;2;0;1;4;2;3;0;0;4.5;3;75.2;71.8
4221;Totaal personen;Midden-Delfland;2016;14;11;10;9;2;0;1;4;2;3;0;0;3.9;4;75.2;72.3
4222;Totaal personen;Midden-Delfland;2017;14;11;11;9;2;0;1;4;2;4;0;0;3.1;3;76.2;73.8
4223;Totaal personen;Midden-Delfland;2018;14;11;11;9;2;0;1;4;2;4;0;0;2.6;4;75.7;73.7
4224;Totaal personen;Midden-Drenthe;2003;24;16;16;13;3;0;1;8;3;3;0;1;4.3;8;67.4;64.5
4225;Totaal personen;Midden-Drenthe;2004;24;16;15;13;2;0;1;8;3;3;0;1;5.3;8;67.4;63.8
4226;Totaal personen;Midden-Drenthe;2005;24;17;16;13;2;0;2;7;3;4;0;1;5.5;8;67.9;64.1
4227;Totaal personen;Midden-Drenthe;2006;25;17;16;13;3;0;1;7;3;4;0;1;4.6;8;67.4;64.3
4228;Totaal personen;Midden-Drenthe;2007;25;17;16;14;2;0;2;8;3;3;0;1;3.7;8;68.7;66.1
4229;Totaal personen;Midden-Drenthe;2008;25;18;17;14;3;0;1;9;3;4;0;1;3.1;7;71.1;68.9
4230;Totaal personen;Midden-Drenthe;2009;25;18;17;14;3;0;1;9;3;4;0;1;3.6;7;71.8;69.2
4231;Totaal personen;Midden-Drenthe;2010;25;17;17;14;3;0;1;8;3;4;0;1;3.9;7;70.2;67.4
4232;Totaal personen;Midden-Drenthe;2011;25;17;16;14;3;0;1;7;3;4;0;1;4.1;8;68.6;65.7
4233;Totaal personen;Midden-Drenthe;2012;25;18;17;14;3;0;2;8;3;4;0;1;4.8;7;70.9;67.5
4234;Totaal personen;Midden-Drenthe;2013;25;18;16;13;3;0;2;8;3;4;1;1;6.0;7;70.5;66.3
4235;Totaal personen;Midden-Drenthe;2014;25;17;16;14;3;0;2;8;3;4;1;1;6.2;8;69.8;65.5
4236;Totaal personen;Midden-Drenthe;2015;25;18;16;13;3;0;1;8;3;4;0;1;5.9;7;70.2;66.1
4237;Totaal personen;Midden-Drenthe;2016;25;17;16;13;4;0;1;9;3;4;0;1;5.2;7;69.9;66.3
4238;Totaal personen;Midden-Drenthe;2017;25;18;17;13;3;0;1;8;3;4;0;1;4.1;7;70.3;67.4
4239;Totaal personen;Midden-Drenthe;2018;25;17;17;14;3;0;1;8;3;4;0;1;3.4;7;70.0;67.7
4240;Totaal personen;Midden-Groningen;2003;46;29;28;24;4;0;3;14;5;6;1;2;5.7;17;63.9;60.2
4241;Totaal personen;Midden-Groningen;2004;46;30;28;23;4;0;2;14;5;6;0;2;7.1;16;64.6;60.0
4242;Totaal personen;Midden-Groningen;2005;46;30;28;23;4;0;3;15;5;5;0;2;7.8;16;65.1;60.0
4243;Totaal personen;Midden-Groningen;2006;46;30;28;24;4;0;3;15;5;5;1;2;6.3;16;64.5;60.4
4244;Totaal personen;Midden-Groningen;2007;47;31;29;25;4;0;3;15;5;5;1;2;5.2;16;65.6;62.3
4245;Totaal personen;Midden-Groningen;2008;47;31;30;26;4;0;3;16;5;6;1;1;4.1;15;66.9;64.1
4246;Totaal personen;Midden-Groningen;2009;47;32;30;25;5;0;3;16;5;7;0;2;5.1;15;67.7;64.3
4247;Totaal personen;Midden-Groningen;2010;47;32;30;25;5;0;2;15;5;7;1;2;5.6;15;67.7;63.9
4248;Totaal personen;Midden-Groningen;2011;47;31;30;25;5;0;2;14;5;7;1;2;5.3;15;67.3;63.7
4249;Totaal personen;Midden-Groningen;2012;47;32;30;25;5;0;2;14;6;6;1;2;6.3;15;67.2;62.9
4250;Totaal personen;Midden-Groningen;2013;47;32;29;24;5;0;2;15;5;6;1;2;7.9;15;67.3;62.0
4251;Totaal personen;Midden-Groningen;2014;47;31;28;24;5;0;3;14;5;6;1;3;8.6;15;66.8;61.1
4252;Totaal personen;Midden-Groningen;2015;47;32;29;24;5;0;3;14;5;7;1;2;7.5;15;68.2;63.1
4253;Totaal personen;Midden-Groningen;2016;47;32;29;24;5;0;3;15;5;6;1;2;7.0;15;67.6;62.9
4254;Totaal personen;Midden-Groningen;2017;46;31;29;24;5;0;3;14;5;6;1;2;5.7;15;67.6;63.8
4255;Totaal personen;Midden-Groningen;2018;46;31;29;24;5;0;3;15;5;6;0;1;4.7;15;67.2;64.1
4256;Totaal personen;Mill en Sint Hubert;2003;8;6;6;5;1;0;1;3;1;1;0;0;3.6;3;69.2;66.7
4257;Totaal personen;Mill en Sint Hubert;2004;8;6;5;5;1;0;0;3;1;1;0;0;4.5;3;68.4;65.3
4258;Totaal personen;Mill en Sint Hubert;2005;8;6;6;5;1;0;1;3;1;1;0;0;4.4;2;70.1;67.1
4259;Totaal personen;Mill en Sint Hubert;2006;8;6;6;5;1;0;1;3;1;1;0;0;3.8;3;69.6;67.0
4260;Totaal personen;Mill en Sint Hubert;2007;8;6;6;5;1;0;1;3;1;1;0;0;3.1;2;70.7;68.5
4261;Totaal personen;Mill en Sint Hubert;2008;8;6;6;5;1;0;0;3;1;1;0;0;2.8;2;72.4;70.4
4262;Totaal personen;Mill en Sint Hubert;2009;8;6;6;5;1;0;0;3;1;1;0;0;3.4;2;72.2;69.8
4263;Totaal personen;Mill en Sint Hubert;2010;8;6;6;5;1;0;0;3;1;1;0;0;4.1;2;71.7;68.8
4264;Totaal personen;Mill en Sint Hubert;2011;8;6;6;5;1;0;0;3;1;2;0;0;3.9;2;70.9;68.1
4265;Totaal personen;Mill en Sint Hubert;2012;8;6;6;5;1;0;1;3;1;1;0;0;4.4;2;71.5;68.3
4266;Totaal personen;Mill en Sint Hubert;2013;8;6;6;5;1;0;1;3;1;1;0;0;5.7;2;72.0;67.9
4267;Totaal personen;Mill en Sint Hubert;2014;8;6;6;5;1;0;1;3;1;1;0;0;6.0;2;72.0;67.7
4268;Totaal personen;Mill en Sint Hubert;2015;8;6;6;5;1;0;1;3;1;1;0;0;5.8;2;71.6;67.5
4269;Totaal personen;Mill en Sint Hubert;2016;8;6;6;5;1;0;1;3;1;1;0;0;4.9;2;71.0;67.5
4270;Totaal personen;Mill en Sint Hubert;2017;8;6;6;5;1;0;1;3;1;1;0;0;3.6;2;72.3;69.7
4271;Totaal personen;Mill en Sint Hubert;2018;8;6;6;5;1;0;1;3;1;1;0;0;2.7;2;72.2;70.2
4272;Totaal personen;Moerdijk;2003;28;19;19;16;2;0;2;10;3;4;0;1;3.6;9;69.2;66.7
4273;Totaal personen;Moerdijk;2004;28;19;18;16;2;0;2;8;3;4;1;1;4.4;9;68.0;65.0
4274;Totaal personen;Moerdijk;2005;28;19;18;16;3;0;2;9;4;4;0;1;4.3;9;69.3;66.3
4275;Totaal personen;Moerdijk;2006;28;19;18;16;2;0;2;9;4;3;1;1;3.8;9;68.9;66.3
4276;Totaal personen;Moerdijk;2007;28;19;19;16;3;0;1;10;3;4;0;1;3.2;8;69.9;67.7
4277;Totaal personen;Moerdijk;2008;28;20;19;16;3;0;1;10;4;5;0;1;2.8;8;72.0;70.0
4278;Totaal personen;Moerdijk;2009;28;20;19;16;3;0;2;9;3;5;0;1;3.5;7;73.0;70.5
4279;Totaal personen;Moerdijk;2010;28;20;19;16;3;0;2;10;3;4;0;1;3.9;8;71.7;68.9
4280;Totaal personen;Moerdijk;2011;27;19;19;16;3;0;1;10;3;4;0;1;3.7;8;70.8;68.2
4281;Totaal personen;Moerdijk;2012;28;20;19;16;3;0;2;9;3;4;0;1;4.6;8;70.9;67.6
4282;Totaal personen;Moerdijk;2013;28;20;19;16;3;0;2;9;3;5;0;1;5.6;8;71.9;67.9
4283;Totaal personen;Moerdijk;2014;28;20;19;15;3;0;2;9;3;4;1;1;6.0;8;72.2;67.9
4284;Totaal personen;Moerdijk;2015;28;20;19;15;3;0;2;9;3;4;1;1;5.6;8;71.0;67.0
4285;Totaal personen;Moerdijk;2016;28;20;19;15;3;0;2;9;3;4;1;1;5.2;8;71.1;67.4
4286;Totaal personen;Moerdijk;2017;28;20;19;16;3;0;2;9;3;4;1;1;4.1;8;70.1;67.3
4287;Totaal personen;Moerdijk;2018;28;20;19;16;3;0;2;9;3;5;1;1;3.2;8;70.2;67.9
4288;Totaal personen;Molenwaard;2003;21;14;14;12;2;0;1;7;2;3;0;0;3.3;6;69.0;66.7
4289;Totaal personen;Molenwaard;2004;21;14;14;12;2;0;1;7;2;3;0;1;3.9;6;69.2;66.5
4290;Totaal personen;Molenwaard;2005;21;14;14;12;2;0;1;7;2;2;0;1;3.9;6;69.5;66.8
4291;Totaal personen;Molenwaard;2006;21;14;14;12;2;0;1;7;2;3;0;0;3.4;6;69.5;67.1
4292;Totaal personen;Molenwaard;2007;21;15;14;12;2;0;1;7;3;3;1;0;3.1;6;70.5;68.3
4293;Totaal personen;Molenwaard;2008;21;15;15;12;2;0;1;8;3;3;0;0;2.7;6;71.9;69.9
4294;Totaal personen;Molenwaard;2009;21;15;15;12;2;0;1;7;3;3;0;0;3.1;6;72.3;70.0
4295;Totaal personen;Molenwaard;2010;21;15;15;12;3;0;1;7;3;3;0;1;3.5;6;72.1;69.5
4296;Totaal personen;Molenwaard;2011;21;15;14;12;2;0;1;7;3;4;0;1;3.5;6;71.8;69.3
4297;Totaal personen;Molenwaard;2012;21;15;14;12;2;0;1;7;3;3;0;1;4.1;6;71.9;68.9
4298;Totaal personen;Molenwaard;2013;21;15;14;12;3;0;1;8;2;3;0;1;4.8;6;71.7;68.2
4299;Totaal personen;Molenwaard;2014;21;15;14;12;3;0;1;7;2;4;0;1;4.9;6;71.6;68.1
4300;Totaal personen;Molenwaard;2015;21;15;15;12;2;0;2;7;2;4;0;1;4.3;6;72.0;68.9
4301;Totaal personen;Molenwaard;2016;21;15;15;12;3;0;1;8;2;4;0;1;3.8;6;72.6;69.8
4302;Totaal personen;Molenwaard;2017;21;16;15;12;3;0;1;8;2;4;0;1;3.3;6;72.9;70.5
4303;Totaal personen;Molenwaard;2018;21;16;15;13;2;0;1;8;3;3;0;0;2.8;6;72.9;70.8
4304;Totaal personen;Montferland;2003;27;17;17;14;2;0;2;9;3;3;0;1;4.2;9;65.2;62.5
4305;Totaal personen;Montferland;2004;27;18;17;14;2;0;2;9;3;3;0;1;5.1;9;65.7;62.4
4306;Totaal personen;Montferland;2005;27;18;17;14;3;0;2;10;3;3;0;1;5.2;9;66.3;62.9
4307;Totaal personen;Montferland;2006;27;17;17;14;3;0;2;9;3;3;0;1;4.1;9;65.7;63.0
4308;Totaal personen;Montferland;2007;26;18;17;15;2;0;2;9;3;3;0;1;3.6;9;66.6;64.2
4309;Totaal personen;Montferland;2008;26;18;18;15;3;0;2;9;3;3;0;1;3.2;8;68.9;66.7
4310;Totaal personen;Montferland;2009;26;18;17;15;3;0;1;10;3;3;0;1;3.7;8;68.5;65.9
4311;Totaal personen;Montferland;2010;26;18;17;15;2;0;2;9;3;3;0;1;4.5;9;67.6;64.5
4312;Totaal personen;Montferland;2011;26;18;17;14;3;0;2;9;3;3;0;1;4.3;8;68.1;65.1
4313;Totaal personen;Montferland;2012;26;18;17;15;2;0;2;9;3;3;0;1;5.1;9;67.7;64.2
4314;Totaal personen;Montferland;2013;27;18;17;14;3;0;2;8;3;4;0;1;6.7;8;68.8;64.2
4315;Totaal personen;Montferland;2014;27;18;17;14;3;0;2;9;3;4;0;1;7.1;9;67.6;62.8
4316;Totaal personen;Montferland;2015;27;18;17;15;3;0;2;9;3;4;0;1;6.2;8;68.4;64.2
4317;Totaal personen;Montferland;2016;27;18;17;15;2;0;2;9;3;4;0;1;5.3;8;68.3;64.7
4318;Totaal personen;Montferland;2017;27;18;18;15;2;0;2;9;3;3;0;1;4.2;9;68.4;65.5
4319;Totaal personen;Montferland;2018;27;19;18;16;3;0;2;10;3;4;0;1;3.1;8;69.5;67.3
4320;Totaal personen;Montfoort;2003;10;7;7;6;1;0;1;3;1;2;0;0;3.2;3;72.9;70.6
4321;Totaal personen;Montfoort;2004;10;7;7;6;1;0;1;3;1;2;0;0;3.5;3;72.6;70.0
4322;Totaal personen;Montfoort;2005;10;7;7;6;1;0;1;3;1;2;0;0;3.7;3;71.8;69.2
4323;Totaal personen;Montfoort;2006;10;7;7;6;1;0;0;3;1;2;0;0;3.3;3;73.6;71.2
4324;Totaal personen;Montfoort;2007;10;8;7;6;1;0;1;4;1;2;0;0;2.9;2;75.0;72.9
4325;Totaal personen;Montfoort;2008;10;7;7;6;1;0;0;4;1;2;0;0;2.7;3;74.3;72.3
4326;Totaal personen;Montfoort;2009;10;7;7;6;1;0;0;3;1;2;0;0;3.0;3;74.2;72.0
4327;Totaal personen;Montfoort;2010;10;7;7;6;1;0;0;3;1;2;0;0;3.5;3;72.8;70.3
4328;Totaal personen;Montfoort;2011;10;7;7;6;1;0;0;3;1;2;0;0;3.4;3;73.4;70.9
4329;Totaal personen;Montfoort;2012;10;8;7;6;1;0;1;3;1;2;0;0;3.9;3;74.1;71.2
4330;Totaal personen;Montfoort;2013;10;8;7;6;1;0;1;3;1;2;0;0;5.2;3;73.6;69.8
4331;Totaal personen;Montfoort;2014;10;7;7;6;1;0;1;3;1;2;0;0;5.2;3;73.2;69.4
4332;Totaal personen;Montfoort;2015;10;7;7;6;1;0;1;3;1;2;0;0;4.7;3;73.0;69.6
4333;Totaal personen;Montfoort;2016;10;8;7;6;1;0;1;3;1;2;0;0;4.4;3;72.9;69.7
4334;Totaal personen;Montfoort;2017;10;8;7;6;1;0;1;3;1;2;0;0;3.3;3;73.2;70.8
4335;Totaal personen;Montfoort;2018;10;8;8;6;1;0;1;3;1;2;0;0;2.7;3;73.8;71.8
4336;Totaal personen;Mook en Middelaar;2003;6;4;4;3;1;0;0;2;1;1;0;0;3.9;2;67.7;65.0
4337;Totaal personen;Mook en Middelaar;2004;6;4;4;3;1;0;0;2;1;1;0;0;4.5;2;67.9;64.9
4338;Totaal personen;Mook en Middelaar;2005;6;4;4;3;0;0;0;2;1;1;0;0;4.5;2;68.2;65.1
4339;Totaal personen;Mook en Middelaar;2006;6;4;4;3;0;0;0;2;1;1;0;0;4.1;2;67.7;64.9
4340;Totaal personen;Mook en Middelaar;2007;6;4;4;3;0;0;0;2;1;1;0;0;3.8;2;67.9;65.4
4341;Totaal personen;Mook en Middelaar;2008;6;4;4;4;1;0;0;2;1;1;0;0;3.2;2;68.9;66.7
4342;Totaal personen;Mook en Middelaar;2009;6;4;4;3;0;0;0;2;1;1;0;0;3.9;2;68.7;66.0
4343;Totaal personen;Mook en Middelaar;2010;6;4;4;3;1;0;0;2;1;1;0;0;4.2;2;69.4;66.4
4344;Totaal personen;Mook en Middelaar;2011;6;4;4;3;1;0;0;2;1;1;0;0;4.3;2;68.4;65.5
4345;Totaal personen;Mook en Middelaar;2012;6;4;4;3;1;0;0;2;1;1;0;0;4.8;2;68.8;65.6
4346;Totaal personen;Mook en Middelaar;2013;6;4;4;3;1;0;0;1;1;1;0;0;5.9;2;68.8;64.7
4347;Totaal personen;Mook en Middelaar;2014;6;4;4;3;1;0;0;1;1;1;0;0;6.0;2;68.0;64.0
4348;Totaal personen;Mook en Middelaar;2015;6;4;4;3;1;0;0;2;1;1;0;0;5.6;2;69.2;65.4
4349;Totaal personen;Mook en Middelaar;2016;6;4;4;3;1;0;0;1;1;1;0;0;5.1;2;68.2;64.7
4350;Totaal personen;Mook en Middelaar;2017;6;4;4;3;1;0;0;2;1;1;0;0;3.9;2;68.2;65.5
4351;Totaal personen;Mook en Middelaar;2018;6;4;4;3;1;0;0;2;1;1;0;0;3.2;2;68.9;66.7
4352;Totaal personen;Neder-Betuwe;2003;16;11;10;9;2;0;1;6;2;2;0;0;3.6;5;68.8;66.3
4353;Totaal personen;Neder-Betuwe;2004;16;11;10;9;2;0;1;6;2;2;0;0;4.3;5;68.8;65.9
4354;Totaal personen;Neder-Betuwe;2005;16;11;10;9;2;0;1;6;2;2;0;0;4.5;5;69.3;66.2
4355;Totaal personen;Neder-Betuwe;2006;16;11;11;8;2;0;1;6;2;2;0;0;3.8;5;70.8;68.1
4356;Totaal personen;Neder-Betuwe;2007;16;11;11;9;2;0;1;6;2;2;0;0;3.4;5;71.2;68.8
4357;Totaal personen;Neder-Betuwe;2008;16;11;11;9;2;0;1;6;2;2;0;0;3.1;5;71.4;69.2
4358;Totaal personen;Neder-Betuwe;2009;16;11;11;9;2;0;1;6;2;2;0;0;3.6;5;70.4;67.9
4359;Totaal personen;Neder-Betuwe;2010;16;11;11;9;2;0;1;6;2;2;0;0;3.9;5;70.9;68.1
4360;Totaal personen;Neder-Betuwe;2011;16;12;11;9;2;0;1;6;2;2;0;0;4.0;5;71.8;69.0
4361;Totaal personen;Neder-Betuwe;2012;16;12;11;9;2;0;1;7;2;2;0;0;4.3;5;71.6;68.6
4362;Totaal personen;Neder-Betuwe;2013;16;12;11;9;2;0;1;6;2;3;0;1;5.6;5;72.1;68.0
4363;Totaal personen;Neder-Betuwe;2014;16;12;11;9;2;0;1;6;2;3;0;1;5.9;5;72.2;68.0
4364;Totaal personen;Neder-Betuwe;2015;17;12;11;9;2;0;1;6;2;2;0;1;5.1;5;71.7;68.0
4365;Totaal personen;Neder-Betuwe;2016;17;12;11;9;2;0;1;6;2;3;0;1;4.7;5;71.3;68.0
4366;Totaal personen;Neder-Betuwe;2017;17;12;12;9;2;0;1;6;2;2;0;0;3.7;5;71.9;69.2
4367;Totaal personen;Neder-Betuwe;2018;17;12;12;10;2;0;1;6;2;3;0;0;2.9;5;72.0;69.9
4368;Totaal personen;Nederweert;2003;12;8;8;7;1;0;1;4;1;2;0;0;3.7;4;69.1;66.6
4369;Totaal personen;Nederweert;2004;12;9;8;7;1;0;1;5;1;2;0;0;4.6;4;69.6;66.4
4370;Totaal personen;Nederweert;2005;12;9;8;7;1;0;1;4;1;2;0;0;4.7;4;70.0;66.7
4371;Totaal personen;Nederweert;2006;13;9;8;7;1;0;1;4;1;2;0;0;3.9;4;69.8;67.1
4372;Totaal personen;Nederweert;2007;13;9;9;7;1;0;1;5;1;2;0;0;3.5;4;70.7;68.2
4373;Totaal personen;Nederweert;2008;13;9;9;7;1;0;1;5;2;2;0;0;3.0;4;71.4;69.2
4374;Totaal personen;Nederweert;2009;13;9;9;7;2;0;1;5;1;2;0;0;3.6;4;71.8;69.3
4375;Totaal personen;Nederweert;2010;13;9;9;7;1;0;1;5;2;2;0;0;4.1;4;71.2;68.3
4376;Totaal personen;Nederweert;2011;13;9;9;7;1;0;1;4;2;2;0;0;3.9;4;70.3;67.5
4377;Totaal personen;Nederweert;2012;13;9;9;7;2;0;1;4;2;2;0;0;4.8;4;70.9;67.6
4378;Totaal personen;Nederweert;2013;13;9;9;7;2;0;1;4;1;2;0;1;5.7;4;70.9;66.8
4379;Totaal personen;Nederweert;2014;13;9;9;7;1;0;1;4;1;2;0;1;6.0;4;70.7;66.5
4380;Totaal personen;Nederweert;2015;13;9;9;7;1;0;1;4;1;2;0;0;5.4;4;71.4;67.6
4381;Totaal personen;Nederweert;2016;13;9;9;7;2;0;1;5;1;2;0;0;4.5;4;71.2;68.0
4382;Totaal personen;Nederweert;2017;13;9;9;7;2;0;1;4;1;2;0;0;3.6;4;71.5;68.9
4383;Totaal personen;Nederweert;2018;13;9;9;7;2;0;1;4;2;2;0;0;2.8;4;72.0;69.9
4384;Totaal personen;Neerijnen;2003;8;6;6;4;1;0;0;3;1;1;0;0;3.5;3;69.0;66.6
4385;Totaal personen;Neerijnen;2004;8;6;6;4;1;0;0;3;1;1;0;0;4.0;3;69.2;66.4
4386;Totaal personen;Neerijnen;2005;9;6;6;5;1;0;0;3;1;1;0;0;4.2;3;69.8;66.8
4387;Totaal personen;Neerijnen;2006;9;6;6;5;1;0;0;3;1;1;0;0;3.6;3;69.3;66.7
4388;Totaal personen;Neerijnen;2007;9;6;6;5;1;0;1;3;1;1;0;0;3.2;3;69.6;67.3
4389;Totaal personen;Neerijnen;2008;9;6;6;5;1;0;1;3;1;1;0;0;3.0;2;71.4;69.3
4390;Totaal personen;Neerijnen;2009;9;6;6;5;1;0;1;3;1;1;0;0;3.3;2;72.6;70.2
4391;Totaal personen;Neerijnen;2010;9;6;6;5;1;0;0;3;1;1;0;0;3.9;2;72.9;70.0
4392;Totaal personen;Neerijnen;2011;9;6;6;5;1;0;0;3;1;1;0;0;3.7;2;72.0;69.4
4393;Totaal personen;Neerijnen;2012;9;6;6;5;1;0;1;3;1;1;0;0;4.4;3;71.6;68.5
4394;Totaal personen;Neerijnen;2013;9;6;6;5;1;0;1;3;1;1;0;0;5.4;2;72.4;68.4
4395;Totaal personen;Neerijnen;2014;9;6;6;5;1;0;1;3;1;1;0;0;5.4;3;71.4;67.6
4396;Totaal personen;Neerijnen;2015;9;6;6;5;1;0;1;3;1;1;0;0;5.1;3;71.1;67.5
4397;Totaal personen;Neerijnen;2016;9;6;6;5;1;0;1;3;1;1;0;0;4.3;3;71.3;68.3
4398;Totaal personen;Neerijnen;2017;9;7;6;5;1;0;1;3;1;2;0;0;3.6;3;72.0;69.5
4399;Totaal personen;Neerijnen;2018;9;7;7;5;1;0;1;3;1;2;0;0;2.7;3;72.8;70.9
4400;Totaal personen;Nieuwegein;2003;49;35;34;31;3;0;2;16;6;9;0;2;4.3;13;72.6;69.4
4401;Totaal personen;Nieuwegein;2004;48;34;33;30;2;0;2;16;6;8;0;2;5.2;14;71.3;67.6
4402;Totaal personen;Nieuwegein;2005;48;34;33;30;3;0;2;16;6;9;0;2;5.2;14;71.6;67.9
4403;Totaal personen;Nieuwegein;2006;48;34;33;30;3;0;2;15;6;10;0;2;4.5;14;71.2;68.0
4404;Totaal personen;Nieuwegein;2007;48;35;34;30;4;0;3;16;6;9;0;1;3.9;13;73.2;70.3
4405;Totaal personen;Nieuwegein;2008;48;35;34;30;4;0;2;16;7;9;0;1;3.1;13;73.7;71.4
4406;Totaal personen;Nieuwegein;2009;48;35;34;30;4;0;2;17;6;8;0;1;3.6;13;73.7;71.0
4407;Totaal personen;Nieuwegein;2010;47;34;33;29;4;0;2;14;7;8;1;2;4.5;13;72.1;68.9
4408;Totaal personen;Nieuwegein;2011;47;34;32;28;4;0;3;13;6;10;0;2;4.6;13;72.1;68.8
4409;Totaal personen;Nieuwegein;2012;47;34;33;29;4;0;2;14;6;10;0;2;5.2;13;72.8;69.0
4410;Totaal personen;Nieuwegein;2013;47;34;32;27;4;0;2;14;5;9;1;2;7.2;13;71.6;66.4
4411;Totaal personen;Nieuwegein;2014;47;34;31;27;4;0;2;15;5;9;0;2;6.6;14;71.1;66.4
4412;Totaal personen;Nieuwegein;2015;47;34;31;27;4;0;2;13;5;11;0;2;6.5;14;70.8;66.2
4413;Totaal personen;Nieuwegein;2016;48;33;31;27;5;0;3;14;5;10;0;2;5.5;14;69.7;65.8
4414;Totaal personen;Nieuwegein;2017;48;33;32;27;5;0;3;14;5;10;0;2;4.9;14;69.8;66.3
4415;Totaal personen;Nieuwegein;2018;48;34;33;28;5;0;2;14;6;11;0;1;3.7;14;70.6;68.0
4416;Totaal personen;Nieuwkoop;2003;20;14;14;12;2;0;1;7;2;3;0;0;3.2;6;71.8;69.5
4417;Totaal personen;Nieuwkoop;2004;20;14;14;12;2;0;1;7;2;3;0;1;3.7;6;71.3;68.7
4418;Totaal personen;Nieuwkoop;2005;20;14;14;12;2;0;1;7;2;3;0;1;3.8;6;71.1;68.4
4419;Totaal personen;Nieuwkoop;2006;20;14;14;12;2;0;1;7;2;3;0;0;3.4;6;71.0;68.7
4420;Totaal personen;Nieuwkoop;2007;20;15;14;12;2;0;1;8;3;3;0;0;3.0;5;73.3;71.1
4421;Totaal personen;Nieuwkoop;2008;20;15;14;12;3;0;1;7;3;3;0;0;2.6;5;73.1;71.2
4422;Totaal personen;Nieuwkoop;2009;20;15;14;12;2;0;1;8;3;3;0;0;3.1;5;73.5;71.2
4423;Totaal personen;Nieuwkoop;2010;20;15;14;12;2;0;1;7;3;3;0;1;3.7;6;72.2;69.6
4424;Totaal personen;Nieuwkoop;2011;20;14;14;12;2;0;1;7;3;4;0;1;3.6;6;71.7;69.1
4425;Totaal personen;Nieuwkoop;2012;21;15;14;12;3;0;1;7;3;4;0;1;4.0;6;72.6;69.7
4426;Totaal personen;Nieuwkoop;2013;21;15;14;12;2;0;1;7;2;3;0;1;5.1;6;71.9;68.2
4427;Totaal personen;Nieuwkoop;2014;20;15;14;12;2;0;1;7;2;4;0;1;5.3;6;72.4;68.5
4428;Totaal personen;Nieuwkoop;2015;20;15;14;12;3;0;1;6;2;4;0;1;4.8;6;72.6;69.2
4429;Totaal personen;Nieuwkoop;2016;21;15;14;12;2;0;1;7;2;4;0;1;4.3;6;72.7;69.5
4430;Totaal personen;Nieuwkoop;2017;21;15;15;12;2;0;1;7;3;4;0;1;3.4;6;72.6;70.2
4431;Totaal personen;Nieuwkoop;2018;21;16;15;13;3;0;1;7;3;4;0;0;2.6;6;74.1;72.2
4432;Totaal personen;Nijkerk;2003;28;20;19;16;2;0;2;10;3;4;0;1;3.6;9;69.0;66.5
4433;Totaal personen;Nijkerk;2004;28;20;19;16;3;0;2;10;4;4;0;1;4.4;8;70.4;67.3
4434;Totaal personen;Nijkerk;2005;29;20;19;17;3;0;2;10;3;4;0;1;4.6;9;69.5;66.3
4435;Totaal personen;Nijkerk;2006;29;20;19;17;3;0;2;10;3;4;0;1;3.8;9;69.8;67.2
4436;Totaal personen;Nijkerk;2007;29;20;20;17;3;0;2;10;3;4;0;1;3.2;8;70.8;68.6
4437;Totaal personen;Nijkerk;2008;29;21;20;17;3;0;2;10;4;5;0;1;2.9;8;72.8;70.7
4438;Totaal personen;Nijkerk;2009;29;21;20;17;4;0;2;11;3;4;0;1;3.2;8;72.8;70.5
4439;Totaal personen;Nijkerk;2010;29;21;20;17;3;0;1;10;3;6;0;1;4.0;8;72.4;69.6
4440;Totaal personen;Nijkerk;2011;29;21;20;17;3;0;1;9;4;6;0;1;3.7;8;71.8;69.1
4441;Totaal personen;Nijkerk;2012;30;21;20;17;3;0;2;9;4;6;0;1;4.2;8;71.7;68.7
4442;Totaal personen;Nijkerk;2013;30;22;20;17;4;0;2;10;3;6;0;1;5.8;8;72.9;68.6
4443;Totaal personen;Nijkerk;2014;30;21;20;17;3;0;2;10;3;5;0;1;5.8;8;71.7;67.5
4444;Totaal personen;Nijkerk;2015;30;22;21;17;4;0;2;10;3;6;0;1;4.8;8;73.0;69.5
4445;Totaal personen;Nijkerk;2016;30;22;21;17;4;0;2;9;4;6;0;1;4.4;8;72.3;69.1
4446;Totaal personen;Nijkerk;2017;31;23;22;18;4;0;2;10;4;6;0;1;3.5;8;72.9;70.4
4447;Totaal personen;Nijkerk;2018;31;23;22;19;4;0;2;10;4;6;0;1;2.8;8;73.2;71.2
4448;Totaal personen;Nijmegen;2003;122;84;78;67;11;0;7;31;12;29;0;5;6.2;38;68.7;64.4
4449;Totaal personen;Nijmegen;2004;123;83;77;68;9;0;7;30;11;30;0;6;7.4;39;68.0;63.0
4450;Totaal personen;Nijmegen;2005;124;84;78;69;8;0;7;29;11;30;0;6;7.7;39;68.3;63.1
4451;Totaal personen;Nijmegen;2006;125;86;81;72;9;0;8;30;12;30;0;5;6.0;39;68.8;64.6
4452;Totaal personen;Nijmegen;2007;126;89;84;72;12;0;8;31;14;32;0;4;4.9;37;70.5;67.0
4453;Totaal personen;Nijmegen;2008;127;90;86;75;11;0;9;29;14;34;0;4;4.7;36;71.4;68.1
4454;Totaal personen;Nijmegen;2009;127;90;85;74;11;0;8;27;14;36;0;4;4.9;37;70.7;67.2
4455;Totaal personen;Nijmegen;2010;128;90;85;73;11;0;9;28;14;32;1;6;6.2;37;70.6;66.3
4456;Totaal personen;Nijmegen;2011;128;91;85;73;12;0;8;29;14;34;0;6;6.4;38;70.7;66.1
4457;Totaal personen;Nijmegen;2012;129;91;85;73;12;0;8;29;13;35;0;6;6.9;38;70.3;65.4
4458;Totaal personen;Nijmegen;2013;131;94;86;73;13;0;8;29;13;37;0;9;9.1;37;71.8;65.3
4459;Totaal personen;Nijmegen;2014;133;94;86;72;14;0;8;26;12;38;0;8;8.8;39;70.6;64.4
4460;Totaal personen;Nijmegen;2015;134;95;87;74;13;0;9;29;12;36;0;8;8.3;40;70.4;64.6
4461;Totaal personen;Nijmegen;2016;136;94;87;74;13;0;8;30;13;37;0;7;7.4;41;69.6;64.4
4462;Totaal personen;Nijmegen;2017;138;97;92;78;13;0;9;32;13;38;0;5;5.4;41;70.4;66.6
4463;Totaal personen;Nijmegen;2018;139;98;93;79;13;0;8;31;14;40;0;5;4.8;41;70.3;66.9
4464;Totaal personen;Nissewaard;2003;68;47;44;41;3;0;4;22;9;8;2;2;4.7;21;68.9;65.7
4465;Totaal personen;Nissewaard;2004;67;47;44;40;4;0;3;23;9;8;1;3;5.8;21;69.4;65.4
4466;Totaal personen;Nissewaard;2005;67;47;44;40;3;0;4;21;10;7;2;3;6.1;21;69.3;65.0
4467;Totaal personen;Nissewaard;2006;67;46;44;40;4;0;4;23;9;6;2;3;5.5;21;69.3;65.5
4468;Totaal personen;Nissewaard;2007;67;47;45;40;4;0;3;22;9;8;2;2;4.4;20;70.2;67.1
4469;Totaal personen;Nissewaard;2008;66;47;45;41;4;0;4;21;9;8;2;2;3.5;19;71.2;68.7
4470;Totaal personen;Nissewaard;2009;66;47;45;40;5;0;4;20;9;10;2;2;4.1;19;71.4;68.5
4471;Totaal personen;Nissewaard;2010;65;46;44;40;4;0;3;20;8;12;0;2;4.9;19;71.0;67.5
4472;Totaal personen;Nissewaard;2011;65;46;44;39;5;0;3;19;9;11;2;2;5.0;19;70.8;67.3
4473;Totaal personen;Nissewaard;2012;65;46;44;39;5;0;4;20;9;9;2;3;6.1;19;71.1;66.7
4474;Totaal personen;Nissewaard;2013;66;47;43;39;4;0;3;20;8;10;2;3;7.1;19;71.3;66.2
4475;Totaal personen;Nissewaard;2014;66;47;43;37;6;0;3;22;8;9;1;4;7.5;19;71.0;65.7
4476;Totaal personen;Nissewaard;2015;66;46;42;37;5;0;3;22;8;7;2;4;7.8;20;69.7;64.3
4477;Totaal personen;Nissewaard;2016;66;46;43;38;5;0;4;19;8;9;2;3;6.4;20;69.5;65.0
4478;Totaal personen;Nissewaard;2017;66;45;43;38;5;0;4;20;8;9;2;2;5.1;20;69.0;65.5
4479;Totaal personen;Nissewaard;2018;65;45;43;38;4;0;4;20;8;9;2;2;3.9;20;69.1;66.4
4480;Totaal personen;Noord-Beveland;2003;5;3;3;3;1;0;0;2;1;1;0;0;3.9;2;63.3;60.8
4481;Totaal personen;Noord-Beveland;2004;5;3;3;3;1;0;0;2;1;1;0;0;4.5;2;64.1;61.2
4482;Totaal personen;Noord-Beveland;2005;5;4;3;3;1;0;0;2;1;1;0;0;4.4;2;65.1;62.3
4483;Totaal personen;Noord-Beveland;2006;5;3;3;3;1;0;0;2;1;1;0;0;4.1;2;63.9;61.4
4484;Totaal personen;Noord-Beveland;2007;5;4;3;3;1;0;0;2;1;1;0;0;3.5;2;65.2;62.9
4485;Totaal personen;Noord-Beveland;2008;6;4;4;3;1;0;0;2;1;1;0;0;3.0;2;66.4;64.4
4486;Totaal personen;Noord-Beveland;2009;6;4;4;3;1;0;0;2;1;1;0;0;3.4;2;66.6;64.3
4487;Totaal personen;Noord-Beveland;2010;6;4;4;3;1;0;0;2;1;1;0;0;3.9;2;66.2;63.6
4488;Totaal personen;Noord-Beveland;2011;6;4;4;3;1;0;0;2;1;1;0;0;3.8;2;65.4;62.9
4489;Totaal personen;Noord-Beveland;2012;6;4;4;3;1;0;0;2;1;1;0;0;4.4;2;66.6;63.7
4490;Totaal personen;Noord-Beveland;2013;6;4;4;3;1;0;0;2;1;1;0;0;6.1;2;66.6;62.6
4491;Totaal personen;Noord-Beveland;2014;6;4;4;3;1;0;0;2;1;1;0;0;6.2;2;66.3;62.2
4492;Totaal personen;Noord-Beveland;2015;6;4;4;3;1;0;0;2;1;1;0;0;5.6;2;67.0;63.3
4493;Totaal personen;Noord-Beveland;2016;6;4;4;3;1;0;0;2;1;1;0;0;4.5;2;67.0;64.0
4494;Totaal personen;Noord-Beveland;2017;6;4;4;3;1;0;0;2;1;1;0;0;3.8;2;66.7;64.2
4495;Totaal personen;Noord-Beveland;2018;6;4;4;3;1;0;0;2;1;1;0;0;3.1;2;67.3;65.2
4496;Totaal personen;Noordenveld;2003;24;15;15;12;3;0;1;7;3;4;0;1;4.1;8;65.5;62.8
4497;Totaal personen;Noordenveld;2004;23;15;14;12;2;0;1;7;3;4;0;1;5.4;8;64.7;61.2
4498;Totaal personen;Noordenveld;2005;23;15;14;12;3;0;1;6;3;5;0;1;5.6;8;65.2;61.6
4499;Totaal personen;Noordenveld;2006;23;15;15;12;3;0;1;7;3;4;0;1;4.7;8;65.9;62.8
4500;Totaal personen;Noordenveld;2007;23;15;14;12;3;0;1;7;3;4;0;1;4.1;8;65.9;63.2
4501;Totaal personen;Noordenveld;2008;23;15;15;12;3;0;1;6;3;4;0;1;3.5;8;66.5;64.2
4502;Totaal personen;Noordenveld;2009;23;15;15;12;3;0;1;7;2;4;0;1;4.4;7;67.7;64.8
4503;Totaal personen;Noordenveld;2010;23;15;14;12;2;0;1;7;2;4;0;1;4.7;7;67.2;64.1
4504;Totaal personen;Noordenveld;2011;22;15;14;12;2;0;1;6;2;5;0;1;4.7;8;66.5;63.4
4505;Totaal personen;Noordenveld;2012;23;15;14;12;3;0;1;6;3;5;0;1;5.5;7;68.0;64.2
4506;Totaal personen;Noordenveld;2013;23;15;15;12;3;0;1;6;3;4;0;1;6.1;7;68.2;64.0
4507;Totaal personen;Noordenveld;2014;23;15;14;12;3;0;1;6;3;4;0;1;6.4;7;67.4;63.0
4508;Totaal personen;Noordenveld;2015;23;15;14;12;3;0;1;6;3;4;1;1;6.0;7;67.8;63.7
4509;Totaal personen;Noordenveld;2016;23;15;14;12;3;0;1;6;3;4;1;1;5.5;7;67.1;63.4
4510;Totaal personen;Noordenveld;2017;23;15;15;12;3;0;1;6;3;4;1;1;4.4;7;68.0;65.0
4511;Totaal personen;Noordenveld;2018;23;16;15;12;3;0;1;6;3;4;1;1;3.5;7;68.4;66.0
4512;Totaal personen;Noordoostpolder;2003;32;22;21;18;4;0;2;11;4;5;0;1;4.4;10;69.5;66.5
4513;Totaal personen;Noordoostpolder;2004;32;23;21;17;5;0;2;12;3;4;0;1;5.2;10;69.9;66.2
4514;Totaal personen;Noordoostpolder;2005;33;23;22;18;4;0;2;12;3;4;0;1;5.5;10;70.5;66.6
4515;Totaal personen;Noordoostpolder;2006;33;23;22;18;4;0;2;12;4;4;0;1;4.9;10;70.0;66.6
4516;Totaal personen;Noordoostpolder;2007;33;24;23;19;4;0;2;12;4;5;0;1;3.9;9;72.8;70.0
4517;Totaal personen;Noordoostpolder;2008;33;24;24;19;4;0;2;13;4;5;0;1;3.6;9;74.1;71.4
4518;Totaal personen;Noordoostpolder;2009;33;24;23;19;4;0;2;12;4;5;1;1;4.1;9;73.0;70.0
4519;Totaal personen;Noordoostpolder;2010;34;24;23;19;4;0;2;12;4;5;1;1;4.9;9;72.2;68.7
4520;Totaal personen;Noordoostpolder;2011;34;24;23;19;4;0;2;11;4;6;0;1;4.6;10;71.4;68.1
4521;Totaal personen;Noordoostpolder;2012;34;24;23;19;4;0;2;12;4;6;0;1;5.3;9;72.2;68.4
4522;Totaal personen;Noordoostpolder;2013;34;24;23;18;4;0;2;11;4;6;0;2;6.8;10;71.7;66.8
4523;Totaal personen;Noordoostpolder;2014;34;24;22;18;4;0;2;11;4;4;1;2;7.3;10;70.5;65.3
4524;Totaal personen;Noordoostpolder;2015;34;24;22;18;4;0;2;9;4;6;1;2;6.5;10;70.9;66.3
4525;Totaal personen;Noordoostpolder;2016;34;24;23;18;5;0;2;11;4;5;0;1;5.5;10;71.6;67.7
4526;Totaal personen;Noordoostpolder;2017;34;24;23;19;4;0;2;12;4;5;0;1;4.3;10;71.7;68.6
4527;Totaal personen;Noordoostpolder;2018;34;25;24;19;5;0;2;11;4;6;0;1;3.5;9;72.2;69.7
4528;Totaal personen;Noordwijk;2003;18;13;12;11;2;0;1;6;2;3;0;0;3.3;5;70.7;68.4
4529;Totaal personen;Noordwijk;2004;18;13;12;10;2;0;1;6;2;3;0;1;3.9;5;70.5;67.7
4530;Totaal personen;Noordwijk;2005;18;13;12;11;2;0;1;6;2;3;0;1;4.3;6;69.8;66.8
4531;Totaal personen;Noordwijk;2006;19;13;13;11;2;0;1;6;2;3;0;0;3.7;5;70.6;68.0
4532;Totaal personen;Noordwijk;2007;19;13;13;11;2;0;1;6;2;3;0;0;3.2;5;72.0;69.7
4533;Totaal personen;Noordwijk;2008;19;13;13;11;2;0;1;6;2;3;0;0;3.0;5;71.1;69.0
4534;Totaal personen;Noordwijk;2009;19;14;13;11;2;0;1;6;2;4;0;0;3.6;5;71.7;69.2
4535;Totaal personen;Noordwijk;2010;19;14;13;11;2;0;1;6;2;4;0;1;4.0;5;72.1;69.3
4536;Totaal personen;Noordwijk;2011;19;13;13;11;2;0;1;6;2;3;0;1;4.0;6;70.7;67.9
4537;Totaal personen;Noordwijk;2012;19;14;13;11;2;0;1;7;2;3;0;1;4.1;5;71.7;68.8
4538;Totaal personen;Noordwijk;2013;19;14;13;11;2;0;1;6;2;4;0;1;5.6;5;72.0;68.0
4539;Totaal personen;Noordwijk;2014;19;14;13;11;2;0;1;6;2;4;0;1;5.9;5;71.7;67.5
4540;Totaal personen;Noordwijk;2015;19;14;13;11;2;0;1;6;2;3;0;1;5.3;6;71.0;67.3
4541;Totaal personen;Noordwijk;2016;19;14;13;11;2;0;1;6;2;4;0;1;4.9;6;70.8;67.4
4542;Totaal personen;Noordwijk;2017;19;14;13;11;2;0;1;5;2;4;1;1;3.9;6;70.6;67.9
4543;Totaal personen;Noordwijk;2018;19;14;13;11;3;0;1;6;2;4;0;0;3.1;6;71.3;69.1
4544;Totaal personen;Noordwijkerhout;2003;11;8;7;6;1;0;1;4;1;1;0;0;3.2;4;68.1;66.0
4545;Totaal personen;Noordwijkerhout;2004;11;8;7;6;1;0;1;4;1;1;0;0;3.7;3;68.4;65.9
4546;Totaal personen;Noordwijkerhout;2005;11;8;7;6;1;0;1;4;1;1;0;0;4.2;4;68.1;65.2
4547;Totaal personen;Noordwijkerhout;2006;11;8;8;6;1;0;1;4;1;2;0;0;3.6;3;69.9;67.4
4548;Totaal personen;Noordwijkerhout;2007;11;8;8;6;1;0;1;4;1;2;0;0;3.2;3;70.6;68.4
4549;Totaal personen;Noordwijkerhout;2008;11;8;8;7;1;0;1;4;1;2;0;0;2.9;3;71.1;69.1
4550;Totaal personen;Noordwijkerhout;2009;12;8;8;7;1;0;1;4;1;2;0;0;3.4;3;72.0;69.6
4551;Totaal personen;Noordwijkerhout;2010;12;8;8;7;1;0;1;4;1;2;0;0;3.7;3;71.8;69.1
4552;Totaal personen;Noordwijkerhout;2011;12;8;8;7;1;0;1;4;1;2;0;0;3.6;3;71.6;69.0
4553;Totaal personen;Noordwijkerhout;2012;12;8;8;7;1;0;1;4;1;2;0;0;4.0;3;71.8;68.9
4554;Totaal personen;Noordwijkerhout;2013;12;9;8;7;1;0;1;4;1;2;0;0;5.2;3;71.9;68.1
4555;Totaal personen;Noordwijkerhout;2014;12;9;8;7;1;0;1;4;1;3;0;0;5.7;3;72.3;68.2
4556;Totaal personen;Noordwijkerhout;2015;12;9;8;7;1;0;1;4;1;2;0;0;5.0;3;72.8;69.2
4557;Totaal personen;Noordwijkerhout;2016;12;9;8;7;2;0;1;4;1;3;0;0;4.4;3;72.5;69.4
4558;Totaal personen;Noordwijkerhout;2017;12;9;9;7;1;0;1;4;1;2;0;0;3.6;3;72.2;69.6
4559;Totaal personen;Noordwijkerhout;2018;13;9;9;7;1;0;1;4;2;2;0;0;2.9;3;72.6;70.4
4560;Totaal personen;Nuenen, Gerwen en Nederwetten;2003;18;12;11;10;2;0;1;4;2;4;0;0;4.1;6;66.1;63.3
4561;Totaal personen;Nuenen, Gerwen en Nederwetten;2004;18;12;11;9;2;0;1;4;2;4;0;1;4.9;6;66.6;63.3
4562;Totaal personen;Nuenen, Gerwen en Nederwetten;2005;18;12;11;9;2;0;1;5;2;4;0;1;4.8;6;67.5;64.3
4563;Totaal personen;Nuenen, Gerwen en Nederwetten;2006;17;12;11;9;2;0;1;5;2;3;0;1;4.4;6;66.9;64.0
4564;Totaal personen;Nuenen, Gerwen en Nederwetten;2007;17;12;11;10;2;0;1;5;2;4;0;0;3.6;6;67.9;65.5
4565;Totaal personen;Nuenen, Gerwen en Nederwetten;2008;17;12;11;10;2;0;1;4;2;4;0;0;3.2;6;68.0;65.8
4566;Totaal personen;Nuenen, Gerwen en Nederwetten;2009;17;12;11;9;2;0;1;5;2;4;0;0;3.9;5;68.7;66.0
4567;Totaal personen;Nuenen, Gerwen en Nederwetten;2010;17;12;11;9;2;0;1;5;2;4;0;1;4.4;5;68.5;65.5
4568;Totaal personen;Nuenen, Gerwen en Nederwetten;2011;17;12;11;9;2;0;1;4;2;4;0;1;4.4;6;67.7;64.7
4569;Totaal personen;Nuenen, Gerwen en Nederwetten;2012;17;12;11;9;2;0;1;4;2;4;0;1;5.1;5;69.3;65.8
4570;Totaal personen;Nuenen, Gerwen en Nederwetten;2013;17;12;11;9;2;0;1;4;2;4;0;1;6.3;5;68.6;64.3
4571;Totaal personen;Nuenen, Gerwen en Nederwetten;2014;17;12;11;9;2;0;1;4;2;4;0;1;6.2;6;67.3;63.1
4572;Totaal personen;Nuenen, Gerwen en Nederwetten;2015;17;12;11;9;2;0;1;4;2;4;0;1;6.0;5;68.8;64.7
4573;Totaal personen;Nuenen, Gerwen en Nederwetten;2016;17;12;11;9;2;0;1;4;2;4;0;1;4.6;6;67.8;64.7
4574;Totaal personen;Nuenen, Gerwen en Nederwetten;2017;17;12;11;9;2;0;1;5;2;4;0;0;3.9;5;68.9;66.3
4575;Totaal personen;Nuenen, Gerwen en Nederwetten;2018;17;12;12;9;2;0;1;5;2;4;0;0;3.0;5;70.2;68.1
4576;Totaal personen;Nunspeet;2003;19;13;12;10;2;0;1;7;2;2;0;0;3.7;6;67.1;64.6
4577;Totaal personen;Nunspeet;2004;19;13;12;10;2;0;1;7;2;2;0;1;4.1;6;68.5;65.7
4578;Totaal personen;Nunspeet;2005;19;13;12;11;2;0;2;7;2;2;0;1;4.4;6;68.3;65.3
4579;Totaal personen;Nunspeet;2006;19;13;12;11;2;0;1;7;2;3;0;0;3.8;6;68.4;65.8
4580;Totaal personen;Nunspeet;2007;19;13;13;11;2;0;1;8;2;2;0;0;3.4;6;70.4;68.1
4581;Totaal personen;Nunspeet;2008;19;14;13;11;2;0;1;8;2;2;0;0;3.0;5;72.2;70.0
4582;Totaal personen;Nunspeet;2009;19;14;13;11;2;0;1;7;2;3;0;0;3.4;5;71.9;69.5
4583;Totaal personen;Nunspeet;2010;19;14;13;11;2;0;1;7;2;3;0;1;3.9;5;71.3;68.5
4584;Totaal personen;Nunspeet;2011;19;13;13;11;2;0;1;6;2;3;0;1;4.1;6;70.5;67.6
4585;Totaal personen;Nunspeet;2012;19;14;13;11;2;0;1;7;2;3;0;1;4.3;5;71.5;68.4
4586;Totaal personen;Nunspeet;2013;19;14;13;11;2;0;1;6;2;3;0;1;5.7;5;72.0;67.9
4587;Totaal personen;Nunspeet;2014;19;14;13;11;2;0;1;7;2;3;0;1;5.7;5;71.6;67.5
4588;Totaal personen;Nunspeet;2015;19;14;13;11;2;0;1;7;2;3;0;1;4.9;6;71.2;67.6
4589;Totaal personen;Nunspeet;2016;19;14;13;11;2;0;1;7;2;3;0;1;4.6;5;71.6;68.3
4590;Totaal personen;Nunspeet;2017;19;14;14;11;3;0;1;7;2;3;0;0;3.4;5;71.9;69.4
4591;Totaal personen;Nunspeet;2018;20;14;14;11;2;0;1;6;2;3;0;0;2.7;6;71.7;69.7
4592;Totaal personen;Nuth;2003;12;8;8;6;1;0;1;4;1;2;0;0;4.2;4;63.7;61.1
4593;Totaal personen;Nuth;2004;12;8;7;6;1;0;1;4;1;2;0;0;4.9;4;64.2;61.1
4594;Totaal personen;Nuth;2005;12;8;7;6;1;0;1;3;1;2;0;0;5.2;4;64.0;60.7
4595;Totaal personen;Nuth;2006;12;8;7;6;1;0;1;3;1;2;1;0;4.8;4;63.8;60.8
4596;Totaal personen;Nuth;2007;12;8;8;6;1;0;1;4;1;2;0;0;4.0;4;65.1;62.5
4597;Totaal personen;Nuth;2008;12;8;8;6;1;0;1;4;1;2;0;0;3.5;4;67.0;64.6
4598;Totaal personen;Nuth;2009;12;8;8;6;1;0;1;4;1;2;0;0;4.1;4;67.6;64.8
4599;Totaal personen;Nuth;2010;12;8;8;6;1;0;1;4;1;2;0;0;4.5;4;66.4;63.4
4600;Totaal personen;Nuth;2011;12;8;8;6;1;0;1;4;1;2;0;0;4.0;4;67.0;64.3
4601;Totaal personen;Nuth;2012;12;8;8;6;1;0;1;4;1;2;0;0;4.8;4;67.2;64.0
4602;Totaal personen;Nuth;2013;12;8;8;6;1;0;1;3;1;2;1;1;6.2;4;67.6;63.4
4603;Totaal personen;Nuth;2014;12;8;7;6;1;0;1;3;1;2;0;1;6.4;4;67.3;63.0
4604;Totaal personen;Nuth;2015;12;8;8;6;1;0;1;3;1;2;0;0;5.4;4;68.1;64.4
4605;Totaal personen;Nuth;2016;12;8;8;6;1;0;1;3;1;2;0;0;4.7;4;67.8;64.6
4606;Totaal personen;Nuth;2017;12;8;8;6;1;0;1;3;1;2;0;0;3.9;4;67.7;65.1
4607;Totaal personen;Nuth;2018;11;8;8;6;1;0;1;4;1;2;0;0;3.0;4;68.6;66.5
4608;Totaal personen;Oegstgeest;2003;15;10;10;8;2;0;1;4;2;4;0;0;3.5;5;69.2;66.8
4609;Totaal personen;Oegstgeest;2004;15;10;10;9;1;0;1;3;2;4;0;0;4.1;5;68.8;66.0
4610;Totaal personen;Oegstgeest;2005;15;11;10;9;1;0;1;3;2;4;0;0;4.2;5;69.0;66.1
4611;Totaal personen;Oegstgeest;2006;16;11;10;9;1;0;1;3;2;5;0;0;3.8;5;68.5;65.9
4612;Totaal personen;Oegstgeest;2007;16;11;10;9;1;0;1;3;2;4;0;0;3.6;5;68.4;65.9
4613;Totaal personen;Oegstgeest;2008;16;11;11;10;1;0;1;4;2;4;0;0;3.2;5;70.7;68.4
4614;Totaal personen;Oegstgeest;2009;16;12;11;10;2;0;1;4;2;4;0;0;3.6;5;71.8;69.2
4615;Totaal personen;Oegstgeest;2010;16;12;11;9;2;0;1;4;2;5;0;0;4.2;5;71.4;68.4
4616;Totaal personen;Oegstgeest;2011;16;12;11;9;2;0;1;3;2;5;0;0;4.0;5;70.7;67.8
4617;Totaal personen;Oegstgeest;2012;16;12;11;10;2;0;1;4;2;5;0;0;4.3;5;71.2;68.2
4618;Totaal personen;Oegstgeest;2013;17;12;11;9;2;0;1;3;2;5;0;1;5.6;5;71.7;67.6
4619;Totaal personen;Oegstgeest;2014;16;12;11;9;2;0;1;3;2;5;0;1;5.6;5;71.7;67.7
4620;Totaal personen;Oegstgeest;2015;16;12;11;9;2;0;1;3;2;5;0;1;5.1;5;71.3;67.6
4621;Totaal personen;Oegstgeest;2016;17;12;11;9;2;0;1;4;2;5;0;1;4.6;5;71.7;68.4
4622;Totaal personen;Oegstgeest;2017;17;12;12;10;2;0;1;4;2;5;0;0;3.8;5;71.7;69.0
4623;Totaal personen;Oegstgeest;2018;17;12;12;10;2;0;1;4;2;5;0;0;3.1;5;72.3;70.1
4624;Totaal personen;Oirschot;2003;13;9;9;8;1;0;1;5;2;2;0;0;3.7;4;70.1;67.5
4625;Totaal personen;Oirschot;2004;13;9;9;7;2;0;1;5;2;2;0;0;4.2;4;70.3;67.4
4626;Totaal personen;Oirschot;2005;13;9;9;7;1;0;1;5;1;2;0;0;4.2;4;70.2;67.2
4627;Totaal personen;Oirschot;2006;13;9;9;8;1;0;1;4;2;2;0;0;3.7;4;70.3;67.7
4628;Totaal personen;Oirschot;2007;13;9;9;8;1;0;1;5;1;2;0;0;3.2;4;71.3;69.0
4629;Totaal personen;Oirschot;2008;13;10;9;8;2;0;1;5;2;2;0;0;2.7;4;72.8;70.8
4630;Totaal personen;Oirschot;2009;13;10;9;8;2;0;1;5;2;2;0;0;3.2;4;72.7;70.3
4631;Totaal personen;Oirschot;2010;13;10;9;8;2;0;1;5;2;2;0;0;3.7;4;72.4;69.8
4632;Totaal personen;Oirschot;2011;13;10;9;8;2;0;1;5;2;2;0;0;3.6;4;71.7;69.2
4633;Totaal personen;Oirschot;2012;13;10;9;8;2;0;1;5;2;2;0;0;4.1;4;73.0;69.9
4634;Totaal personen;Oirschot;2013;14;10;9;8;2;0;1;5;1;2;0;1;5.4;4;72.8;68.8
4635;Totaal personen;Oirschot;2014;14;10;9;8;2;0;1;5;1;3;0;1;5.7;4;72.9;68.7
4636;Totaal personen;Oirschot;2015;14;10;9;8;2;0;1;5;1;3;0;1;5.3;4;72.6;68.8
4637;Totaal personen;Oirschot;2016;14;10;10;8;2;0;1;4;2;3;0;0;4.7;4;72.0;68.6
4638;Totaal personen;Oirschot;2017;14;10;10;8;2;0;1;5;2;3;0;0;3.6;4;71.9;69.3
4639;Totaal personen;Oirschot;2018;14;10;10;8;2;0;1;5;2;3;0;0;2.7;4;72.6;70.6
4640;Totaal personen;Oisterwijk;2003;19;13;12;11;2;0;1;6;2;3;0;0;3.7;6;67.2;64.7
4641;Totaal personen;Oisterwijk;2004;19;13;12;11;2;0;1;6;2;3;0;1;4.4;6;66.4;63.5
4642;Totaal personen;Oisterwijk;2005;19;13;12;10;2;0;1;6;2;3;0;1;4.5;6;66.4;63.4
4643;Totaal personen;Oisterwijk;2006;19;13;12;10;2;0;1;6;2;2;1;1;4.0;6;66.5;63.8
4644;Totaal personen;Oisterwijk;2007;19;13;13;11;2;0;1;6;2;3;0;0;3.5;6;68.1;65.7
4645;Totaal personen;Oisterwijk;2008;19;13;13;11;2;0;1;6;2;3;0;0;3.1;6;69.7;67.5
4646;Totaal personen;Oisterwijk;2009;19;13;13;10;2;0;1;6;2;3;0;0;3.5;6;69.6;67.1
4647;Totaal personen;Oisterwijk;2010;19;13;13;10;3;0;1;6;2;4;0;1;4.0;6;70.4;67.6
4648;Totaal personen;Oisterwijk;2011;19;13;13;11;2;0;1;6;2;4;0;1;4.2;6;69.6;66.7
4649;Totaal personen;Oisterwijk;2012;19;13;13;10;2;0;1;6;2;4;0;1;4.5;6;69.8;66.6
4650;Totaal personen;Oisterwijk;2013;19;13;13;10;2;0;1;5;2;4;0;1;5.8;6;69.9;65.8
4651;Totaal personen;Oisterwijk;2014;19;13;12;10;2;0;1;6;2;4;0;1;6.0;6;69.9;65.7
4652;Totaal personen;Oisterwijk;2015;19;13;12;10;2;0;1;5;2;4;0;1;5.9;6;70.2;66.0
4653;Totaal personen;Oisterwijk;2016;19;13;13;10;3;0;1;5;2;4;0;1;4.7;6;70.5;67.1
4654;Totaal personen;Oisterwijk;2017;19;13;13;11;2;0;1;6;2;3;1;1;3.9;5;71.1;68.4
4655;Totaal personen;Oisterwijk;2018;19;14;13;11;3;0;1;6;2;4;0;0;3.0;5;72.0;69.8
4656;Totaal personen;Oldambt;2003;30;19;18;15;3;0;2;9;3;3;1;1;5.9;11;62.5;58.9
4657;Totaal personen;Oldambt;2004;30;19;17;15;3;0;2;10;3;3;0;1;7.0;11;63.2;58.7
4658;Totaal personen;Oldambt;2005;30;19;17;14;3;0;2;10;3;3;0;1;7.6;11;63.5;58.7
4659;Totaal personen;Oldambt;2006;30;19;18;15;3;0;2;10;3;3;0;1;6.3;11;63.8;59.8
4660;Totaal personen;Oldambt;2007;30;19;18;15;3;0;2;10;3;3;0;1;5.3;10;65.3;61.8
4661;Totaal personen;Oldambt;2008;30;19;19;16;3;0;2;10;3;3;1;1;4.7;10;65.5;62.4
4662;Totaal personen;Oldambt;2009;29;19;18;16;3;0;2;10;3;3;0;1;6.0;10;65.9;62.0
4663;Totaal personen;Oldambt;2010;30;19;18;16;2;0;2;9;3;3;0;1;6.3;10;65.4;61.3
4664;Totaal personen;Oldambt;2011;29;19;18;16;2;0;2;9;3;3;1;1;6.5;10;64.9;60.7
4665;Totaal personen;Oldambt;2012;29;19;18;15;3;0;2;10;3;3;0;1;7.1;10;65.1;60.4
4666;Totaal personen;Oldambt;2013;29;19;17;15;2;0;2;9;3;3;0;2;8.1;10;65.2;59.9
4667;Totaal personen;Oldambt;2014;29;19;17;15;2;0;2;9;3;3;0;2;8.7;10;64.0;58.5
4668;Totaal personen;Oldambt;2015;29;19;18;15;3;0;2;9;3;3;0;2;8.0;10;66.0;60.7
4669;Totaal personen;Oldambt;2016;29;19;18;15;3;0;2;8;3;4;0;1;7.6;10;65.7;60.7
4670;Totaal personen;Oldambt;2017;29;19;18;15;3;0;2;9;3;3;1;1;6.6;10;65.2;60.8
4671;Totaal personen;Oldambt;2018;29;18;17;15;3;0;2;8;3;4;1;1;5.4;10;64.2;60.8
4672;Totaal personen;Oldebroek;2003;17;11;11;10;2;0;1;6;2;2;0;0;3.6;5;67.8;65.3
4673;Totaal personen;Oldebroek;2004;17;12;11;10;1;0;1;6;2;2;0;1;4.6;5;68.2;65.1
4674;Totaal personen;Oldebroek;2005;17;12;11;10;1;0;1;7;2;2;0;1;4.7;5;68.2;65.0
4675;Totaal personen;Oldebroek;2006;17;12;11;10;1;0;1;7;2;1;0;0;3.8;5;67.8;65.2
4676;Totaal personen;Oldebroek;2007;17;12;11;10;1;0;1;6;2;2;0;0;3.4;5;69.4;67.1
4677;Totaal personen;Oldebroek;2008;17;12;12;10;2;0;1;7;2;2;0;0;3.2;5;71.0;68.7
4678;Totaal personen;Oldebroek;2009;17;12;12;9;2;0;1;7;2;2;0;0;3.3;5;72.0;69.6
4679;Totaal personen;Oldebroek;2010;17;12;12;9;2;0;1;6;2;2;0;0;3.9;5;71.2;68.5
4680;Totaal personen;Oldebroek;2011;17;12;12;9;2;0;1;6;2;2;0;0;3.9;5;72.2;69.3
4681;Totaal personen;Oldebroek;2012;17;12;12;10;2;0;1;6;2;2;0;1;4.2;5;72.0;69.0
4682;Totaal personen;Oldebroek;2013;17;12;11;9;2;0;1;6;2;2;0;1;5.7;5;71.6;67.5
4683;Totaal personen;Oldebroek;2014;17;12;11;9;2;0;1;6;2;2;0;1;5.9;5;71.2;67.0
4684;Totaal personen;Oldebroek;2015;17;12;12;9;2;0;1;6;2;3;0;1;5.2;5;71.9;68.2
4685;Totaal personen;Oldebroek;2016;17;12;12;9;2;0;1;6;2;2;0;1;5.1;5;71.4;67.8
4686;Totaal personen;Oldebroek;2017;17;12;12;9;3;0;1;6;2;2;0;0;3.7;5;72.0;69.3
4687;Totaal personen;Oldebroek;2018;17;12;12;10;2;0;1;6;2;3;0;0;2.8;5;71.9;69.9
4688;Totaal personen;Oldenzaal;2003;23;16;15;13;2;0;1;8;3;3;0;1;4.3;8;67.7;64.8
4689;Totaal personen;Oldenzaal;2004;23;16;15;13;2;0;1;8;3;3;0;1;5.2;8;67.9;64.3
4690;Totaal personen;Oldenzaal;2005;23;16;15;13;2;0;1;7;3;4;0;1;5.5;8;67.6;63.8
4691;Totaal personen;Oldenzaal;2006;23;16;15;13;2;0;1;7;3;4;0;1;4.5;7;68.5;65.4
4692;Totaal personen;Oldenzaal;2007;23;16;15;14;2;0;1;7;3;3;1;1;3.8;7;68.5;65.9
4693;Totaal personen;Oldenzaal;2008;24;16;16;14;2;0;1;7;3;4;1;1;3.3;7;69.7;67.4
4694;Totaal personen;Oldenzaal;2009;24;17;16;14;2;0;1;8;3;4;0;1;4.2;7;71.3;68.3
4695;Totaal personen;Oldenzaal;2010;24;17;16;14;2;0;1;8;3;4;0;1;5.0;7;70.1;66.6
4696;Totaal personen;Oldenzaal;2011;24;17;16;14;2;0;1;8;3;4;0;1;4.9;7;70.5;67.1
4697;Totaal personen;Oldenzaal;2012;24;17;16;14;2;0;1;8;3;3;0;1;5.1;7;71.1;67.5
4698;Totaal personen;Oldenzaal;2013;24;17;16;14;2;0;2;7;3;5;0;1;6.6;7;71.4;66.7
4699;Totaal personen;Oldenzaal;2014;24;17;16;13;2;0;1;6;3;5;0;1;6.7;7;70.4;65.7
4700;Totaal personen;Oldenzaal;2015;24;17;16;14;2;0;2;7;3;4;0;1;6.1;7;70.5;66.2
4701;Totaal personen;Oldenzaal;2016;24;17;16;14;2;0;1;8;3;4;0;1;5.8;7;70.4;66.3
4702;Totaal personen;Oldenzaal;2017;24;17;16;13;3;0;1;8;3;4;0;1;4.4;7;71.0;67.9
4703;Totaal personen;Oldenzaal;2018;23;17;16;14;2;0;1;8;3;4;0;1;3.4;7;71.4;69.0
4704;Totaal personen;Olst-Wijhe;2003;12;9;8;7;1;0;1;4;1;2;0;0;3.5;4;69.3;66.9
4705;Totaal personen;Olst-Wijhe;2004;12;8;8;7;1;0;1;4;1;2;0;0;4.4;4;68.5;65.5
4706;Totaal personen;Olst-Wijhe;2005;12;9;8;7;1;0;1;4;1;2;0;0;4.5;4;68.7;65.6
4707;Totaal personen;Olst-Wijhe;2006;13;9;8;7;1;0;1;4;2;2;0;0;3.9;4;69.5;66.8
4708;Totaal personen;Olst-Wijhe;2007;13;9;9;7;1;0;1;4;2;2;0;0;3.5;4;71.3;68.8
4709;Totaal personen;Olst-Wijhe;2008;13;9;9;7;1;0;1;5;2;2;0;0;2.9;4;72.3;70.2
4710;Totaal personen;Olst-Wijhe;2009;13;9;9;8;1;0;1;5;2;2;0;0;3.4;4;72.5;70.0
4711;Totaal personen;Olst-Wijhe;2010;13;9;9;8;1;0;1;5;2;2;0;0;3.9;4;72.1;69.3
4712;Totaal personen;Olst-Wijhe;2011;13;9;9;7;1;0;1;4;2;2;0;0;3.7;4;72.1;69.4
4713;Totaal personen;Olst-Wijhe;2012;13;9;9;8;1;0;1;4;2;2;0;0;4.4;4;72.1;68.9
4714;Totaal personen;Olst-Wijhe;2013;13;9;9;7;1;0;1;4;2;2;0;1;5.7;4;71.7;67.6
4715;Totaal personen;Olst-Wijhe;2014;13;9;9;7;2;0;1;4;1;2;0;1;5.8;4;71.6;67.4
4716;Totaal personen;Olst-Wijhe;2015;13;9;9;7;2;0;1;4;1;3;0;1;5.5;4;71.7;67.7
4717;Totaal personen;Olst-Wijhe;2016;13;10;9;7;2;0;1;4;2;3;0;0;4.4;4;71.5;68.3
4718;Totaal personen;Olst-Wijhe;2017;13;10;9;8;2;0;1;4;2;3;0;0;3.6;4;71.2;68.7
4719;Totaal personen;Olst-Wijhe;2018;13;10;9;8;2;0;1;4;2;3;0;0;3.0;4;72.5;70.4
4720;Totaal personen;Ommen;2003;12;8;8;7;1;0;1;4;1;2;0;0;3.8;4;66.9;64.3
4721;Totaal personen;Ommen;2004;12;8;8;7;1;0;1;4;1;2;0;0;4.5;4;67.7;64.6
4722;Totaal personen;Ommen;2005;13;9;8;7;2;0;1;4;1;2;0;0;4.6;4;68.5;65.3
4723;Totaal personen;Ommen;2006;13;9;8;7;2;0;1;4;1;2;0;0;4.0;4;68.8;66.1
4724;Totaal personen;Ommen;2007;13;9;9;7;1;0;1;5;1;2;0;0;3.5;4;70.1;67.7
4725;Totaal personen;Ommen;2008;13;9;9;7;2;0;1;5;2;2;0;0;3.0;4;71.9;69.8
4726;Totaal personen;Ommen;2009;13;9;9;7;2;0;1;5;1;2;0;0;3.8;4;71.4;68.7
4727;Totaal personen;Ommen;2010;13;9;9;7;1;0;1;4;1;2;0;0;4.3;4;69.4;66.4
4728;Totaal personen;Ommen;2011;13;9;9;7;2;0;1;4;2;2;0;0;4.0;4;70.3;67.4
4729;Totaal personen;Ommen;2012;13;9;9;7;2;0;1;4;2;2;0;0;4.7;4;70.8;67.5
4730;Totaal personen;Ommen;2013;13;9;8;7;1;0;1;4;1;2;0;1;6.2;4;70.4;66.0
4731;Totaal personen;Ommen;2014;13;9;8;7;2;0;1;4;1;2;0;1;5.9;4;70.2;66.0
4732;Totaal personen;Ommen;2015;13;9;9;7;2;0;1;4;1;2;0;0;5.2;4;69.9;66.3
4733;Totaal personen;Ommen;2016;13;9;9;7;2;0;1;4;1;2;0;0;5.0;4;69.8;66.3
4734;Totaal personen;Ommen;2017;13;9;9;7;2;0;1;4;1;2;0;0;4.1;4;70.5;67.6
4735;Totaal personen;Ommen;2018;13;9;9;7;2;0;1;4;2;2;0;0;3.1;4;71.2;69.0
4736;Totaal personen;Onderbanken;2003;6;4;4;3;1;0;0;2;1;1;0;0;4.9;2;62.4;59.3
4737;Totaal personen;Onderbanken;2004;6;4;4;3;1;0;0;2;1;1;0;0;5.9;2;61.8;58.2
4738;Totaal personen;Onderbanken;2005;6;4;4;3;1;0;0;2;1;1;0;0;6.2;2;62.4;58.5
4739;Totaal personen;Onderbanken;2006;6;4;4;3;1;0;0;2;1;1;0;0;5.4;2;63.1;59.7
4740;Totaal personen;Onderbanken;2007;6;4;4;3;1;0;0;2;1;1;0;0;4.4;2;64.4;61.5
4741;Totaal personen;Onderbanken;2008;6;4;4;3;1;0;0;2;1;1;0;0;3.7;2;65.4;63.0
4742;Totaal personen;Onderbanken;2009;6;4;4;3;1;0;0;2;1;1;0;0;4.5;2;65.0;62.1
4743;Totaal personen;Onderbanken;2010;6;4;4;3;1;0;0;2;1;1;0;0;4.6;2;65.4;62.4
4744;Totaal personen;Onderbanken;2011;6;4;4;3;1;0;0;2;1;1;0;0;4.4;2;64.9;62.0
4745;Totaal personen;Onderbanken;2012;6;4;4;3;1;0;0;2;1;1;0;0;5.0;2;65.8;62.5
4746;Totaal personen;Onderbanken;2013;6;4;4;3;1;0;0;2;1;1;0;0;6.6;2;66.4;62.0
4747;Totaal personen;Onderbanken;2014;6;4;4;3;1;0;0;2;1;1;0;0;6.5;2;65.4;61.2
4748;Totaal personen;Onderbanken;2015;6;4;4;3;1;0;0;2;1;1;0;0;5.7;2;65.9;62.1
4749;Totaal personen;Onderbanken;2016;6;4;4;3;1;0;0;2;1;1;0;0;5.5;2;65.8;62.2
4750;Totaal personen;Onderbanken;2017;6;4;4;3;1;0;0;2;1;1;0;0;4.5;2;65.9;63.0
4751;Totaal personen;Onderbanken;2018;6;4;4;3;1;0;0;2;1;1;0;0;3.7;2;66.3;63.8
4752;Totaal personen;Oost Gelre;2003;21;15;14;13;1;0;1;8;3;3;0;1;3.6;6;69.7;67.2
4753;Totaal personen;Oost Gelre;2004;21;15;14;13;2;0;1;8;2;2;0;1;4.2;6;70.1;67.2
4754;Totaal personen;Oost Gelre;2005;22;15;15;13;2;0;1;8;2;3;0;1;4.5;7;69.0;65.9
4755;Totaal personen;Oost Gelre;2006;22;16;15;13;2;0;1;9;2;2;0;1;3.6;6;70.6;68.1
4756;Totaal personen;Oost Gelre;2007;22;16;15;13;2;0;2;9;3;2;0;0;3.1;6;72.2;70.0
4757;Totaal personen;Oost Gelre;2008;22;16;16;14;2;0;2;9;3;3;0;0;3.0;6;73.2;71.1
4758;Totaal personen;Oost Gelre;2009;22;16;16;13;2;0;1;8;2;3;0;1;3.6;6;73.0;70.4
4759;Totaal personen;Oost Gelre;2010;22;16;16;14;2;0;2;8;3;3;0;1;4.1;6;74.1;71.1
4760;Totaal personen;Oost Gelre;2011;22;16;16;13;2;0;2;7;3;4;0;1;3.9;6;73.1;70.3
4761;Totaal personen;Oost Gelre;2012;22;16;15;13;2;0;2;8;3;3;0;1;4.7;6;73.0;69.6
4762;Totaal personen;Oost Gelre;2013;22;16;15;13;2;0;2;7;3;3;0;1;5.8;6;73.4;69.1
4763;Totaal personen;Oost Gelre;2014;22;16;15;13;2;0;2;7;3;3;0;1;6.2;6;72.6;68.1
4764;Totaal personen;Oost Gelre;2015;22;16;15;13;2;0;2;7;2;4;0;1;5.3;6;73.0;69.1
4765;Totaal personen;Oost Gelre;2016;22;16;15;13;2;0;2;7;3;4;0;1;4.5;6;72.0;68.8
4766;Totaal personen;Oost Gelre;2017;22;16;16;13;2;0;2;7;3;3;0;1;3.6;6;72.7;70.1
4767;Totaal personen;Oost Gelre;2018;22;16;16;13;2;0;2;8;3;3;0;0;2.7;6;72.7;70.7
4768;Totaal personen;Oosterhout;2003;40;27;26;22;4;0;2;13;5;7;0;1;4.2;13;68.0;65.1
4769;Totaal personen;Oosterhout;2004;40;27;26;22;4;0;2;12;5;7;0;1;5.0;13;68.1;64.7
4770;Totaal personen;Oosterhout;2005;40;27;26;22;4;0;2;11;5;7;0;1;5.0;13;67.8;64.4
4771;Totaal personen;Oosterhout;2006;40;27;26;23;3;0;2;12;4;7;0;1;4.5;13;67.7;64.7
4772;Totaal personen;Oosterhout;2007;41;28;27;24;3;0;2;13;5;7;0;1;3.7;12;69.3;66.8
4773;Totaal personen;Oosterhout;2008;41;29;28;24;4;0;2;13;5;7;0;1;3.1;12;70.1;67.9
4774;Totaal personen;Oosterhout;2009;41;29;28;24;4;0;2;14;5;7;0;1;4.1;12;71.1;68.2
4775;Totaal personen;Oosterhout;2010;41;29;27;24;4;0;2;13;5;7;0;1;4.9;12;70.1;66.7
4776;Totaal personen;Oosterhout;2011;41;28;27;23;4;0;2;13;5;7;0;1;4.5;13;69.1;66.0
4777;Totaal personen;Oosterhout;2012;41;29;27;23;4;0;2;14;5;6;0;2;5.6;12;70.3;66.4
4778;Totaal personen;Oosterhout;2013;41;28;26;22;4;0;2;12;5;7;1;2;6.8;12;69.4;64.6
4779;Totaal personen;Oosterhout;2014;41;28;26;22;4;0;2;12;4;6;1;2;7.4;13;68.2;63.2
4780;Totaal personen;Oosterhout;2015;41;28;26;22;4;0;2;12;5;6;1;2;7.1;13;68.9;64.0
4781;Totaal personen;Oosterhout;2016;41;28;26;22;4;0;2;11;5;8;1;2;6.0;13;68.4;64.3
4782;Totaal personen;Oosterhout;2017;41;29;27;23;4;0;3;12;5;8;1;1;4.6;13;69.3;66.1
4783;Totaal personen;Oosterhout;2018;42;30;28;24;5;0;3;12;5;8;0;1;3.5;12;70.7;68.2
4784;Totaal personen;Ooststellingwerf;2003;20;13;12;10;2;0;1;7;2;2;0;1;4.9;7;64.6;61.4
4785;Totaal personen;Ooststellingwerf;2004;19;13;12;10;2;0;1;7;2;2;0;1;6.1;7;64.9;61.0
4786;Totaal personen;Ooststellingwerf;2005;19;13;12;10;3;0;1;7;2;2;0;1;5.9;7;66.4;62.5
4787;Totaal personen;Ooststellingwerf;2006;19;13;12;10;2;0;1;7;2;2;0;1;5.3;7;65.6;62.1
4788;Totaal personen;Ooststellingwerf;2007;19;13;12;10;2;0;1;7;2;2;0;1;4.4;6;66.7;63.8
4789;Totaal personen;Ooststellingwerf;2008;19;13;13;10;2;0;1;7;2;2;0;0;3.7;6;68.4;65.8
4790;Totaal personen;Ooststellingwerf;2009;19;13;13;10;2;0;1;7;2;2;0;1;4.3;6;68.3;65.4
4791;Totaal personen;Ooststellingwerf;2010;19;13;12;10;2;0;1;7;2;2;0;1;5.1;6;67.3;63.8
4792;Totaal personen;Ooststellingwerf;2011;19;13;12;10;2;0;1;7;2;2;0;1;4.8;6;67.6;64.3
4793;Totaal personen;Ooststellingwerf;2012;19;13;12;10;2;0;1;6;2;2;0;1;6.1;6;67.6;63.4
4794;Totaal personen;Ooststellingwerf;2013;19;13;12;10;2;0;1;6;2;2;0;1;7.4;6;68.5;63.4
4795;Totaal personen;Ooststellingwerf;2014;19;13;12;10;2;0;1;6;2;2;0;1;7.4;6;67.7;62.7
4796;Totaal personen;Ooststellingwerf;2015;19;13;12;9;2;0;1;6;2;2;1;1;6.6;6;67.7;63.2
4797;Totaal personen;Ooststellingwerf;2016;19;13;12;10;3;0;1;6;2;3;0;1;6.3;6;68.3;64.0
4798;Totaal personen;Ooststellingwerf;2017;19;13;12;10;2;0;1;6;2;2;0;1;4.8;6;68.0;64.7
4799;Totaal personen;Ooststellingwerf;2018;19;13;13;10;2;0;1;6;2;3;0;0;3.6;6;68.8;66.4
4800;Totaal personen;Oostzaan;2003;7;5;5;4;1;0;0;2;1;1;0;0;3.2;2;70.8;68.5
4801;Totaal personen;Oostzaan;2004;7;5;5;4;1;0;0;2;1;1;0;0;3.6;2;70.6;68.1
4802;Totaal personen;Oostzaan;2005;7;5;5;4;1;0;0;2;1;1;0;0;3.8;2;70.6;67.9
4803;Totaal personen;Oostzaan;2006;7;5;5;4;1;0;0;2;1;1;0;0;3.4;2;70.2;67.8
4804;Totaal personen;Oostzaan;2007;7;5;5;4;1;0;0;2;1;1;0;0;2.9;2;72.0;69.9
4805;Totaal personen;Oostzaan;2008;7;5;5;4;1;0;0;2;1;1;0;0;2.7;2;72.3;70.3
4806;Totaal personen;Oostzaan;2009;7;5;5;4;1;0;0;2;1;1;0;0;3.2;2;72.1;69.8
4807;Totaal personen;Oostzaan;2010;7;5;5;4;1;0;0;2;1;1;0;0;4.0;2;71.6;68.7
4808;Totaal personen;Oostzaan;2011;7;5;5;4;1;0;0;2;1;1;0;0;3.8;2;71.1;68.4
4809;Totaal personen;Oostzaan;2012;7;5;5;4;1;0;0;2;1;1;0;0;4.5;2;72.2;68.9
4810;Totaal personen;Oostzaan;2013;7;5;5;4;1;0;0;2;1;1;0;0;5.4;2;72.1;68.3
4811;Totaal personen;Oostzaan;2014;7;5;5;4;1;0;0;2;1;1;0;0;5.7;2;71.9;67.8
4812;Totaal personen;Oostzaan;2015;7;5;5;4;1;0;0;2;1;1;0;0;5.1;2;72.1;68.4
4813;Totaal personen;Oostzaan;2016;7;5;5;4;1;0;0;2;1;1;0;0;4.9;2;72.3;68.8
4814;Totaal personen;Oostzaan;2017;7;5;5;4;1;0;0;2;1;2;0;0;3.6;2;72.4;69.7
4815;Totaal personen;Oostzaan;2018;7;5;5;4;1;0;0;2;1;2;0;0;3.0;2;73.0;70.8
4816;Totaal personen;Opmeer;2003;8;6;6;5;1;0;0;3;1;1;0;0;3.1;3;69.2;67.0
4817;Totaal personen;Opmeer;2004;8;6;6;5;1;0;0;3;1;1;0;0;3.8;3;69.6;67.0
4818;Totaal personen;Opmeer;2005;8;6;6;5;1;0;1;3;1;1;0;0;3.8;2;70.4;67.7
4819;Totaal personen;Opmeer;2006;8;6;6;5;1;0;0;3;1;1;0;0;3.4;2;70.4;68.1
4820;Totaal personen;Opmeer;2007;8;6;6;5;1;0;1;3;1;1;0;0;2.9;2;71.9;69.8
4821;Totaal personen;Opmeer;2008;8;6;6;5;1;0;0;3;1;1;0;0;2.7;2;72.8;70.8
4822;Totaal personen;Opmeer;2009;8;6;6;5;1;0;0;3;1;1;0;0;3.2;2;73.0;70.7
4823;Totaal personen;Opmeer;2010;9;6;6;5;1;0;0;3;1;1;0;0;3.6;2;72.4;69.8
4824;Totaal personen;Opmeer;2011;8;6;6;5;1;0;0;3;1;1;0;0;3.5;2;71.5;69.0
4825;Totaal personen;Opmeer;2012;9;6;6;5;1;0;1;3;1;1;0;0;4.0;2;71.1;68.2
4826;Totaal personen;Opmeer;2013;9;6;6;5;1;0;0;3;1;1;0;0;5.7;2;72.0;67.9
4827;Totaal personen;Opmeer;2014;9;6;6;5;1;0;1;3;1;1;0;0;5.4;2;72.0;68.1
4828;Totaal personen;Opmeer;2015;9;6;6;5;1;0;0;3;1;1;0;0;4.8;2;72.0;68.5
4829;Totaal personen;Opmeer;2016;9;6;6;5;1;0;0;3;1;2;0;0;4.5;2;72.2;69.0
4830;Totaal personen;Opmeer;2017;9;6;6;5;1;0;1;3;1;1;0;0;3.6;2;71.8;69.2
4831;Totaal personen;Opmeer;2018;9;6;6;5;1;0;1;3;1;1;0;0;2.8;2;72.4;70.4
4832;Totaal personen;Opsterland;2003;21;14;13;12;2;0;1;6;2;3;0;1;4.6;7;65.8;62.8
4833;Totaal personen;Opsterland;2004;22;14;14;12;2;0;1;8;2;3;0;1;5.6;7;67.0;63.2
4834;Totaal personen;Opsterland;2005;22;15;14;11;3;0;1;8;2;2;0;1;5.3;7;67.6;63.9
4835;Totaal personen;Opsterland;2006;21;15;14;11;3;0;1;8;2;3;0;1;4.4;7;69.0;66.0
4836;Totaal personen;Opsterland;2007;22;15;14;12;3;0;1;8;2;3;0;1;3.7;7;69.5;66.9
4837;Totaal personen;Opsterland;2008;22;15;15;12;3;0;1;8;3;3;0;1;3.4;6;70.5;68.1
4838;Totaal personen;Opsterland;2009;22;15;15;12;3;0;1;7;3;3;0;1;4.1;6;70.2;67.3
4839;Totaal personen;Opsterland;2010;22;15;14;12;3;0;1;6;3;4;0;1;5.0;7;69.2;65.7
4840;Totaal personen;Opsterland;2011;22;15;14;12;3;0;1;7;3;3;0;1;5.0;7;69.4;65.9
4841;Totaal personen;Opsterland;2012;22;15;14;12;3;0;2;7;3;3;0;1;5.7;7;69.6;65.6
4842;Totaal personen;Opsterland;2013;22;15;14;12;3;0;1;7;2;4;0;1;7.0;6;70.6;65.6
4843;Totaal personen;Opsterland;2014;22;15;14;11;3;0;1;7;2;3;0;1;7.5;7;69.9;64.7
4844;Totaal personen;Opsterland;2015;22;15;14;11;3;0;1;7;2;3;0;1;6.6;7;68.7;64.2
4845;Totaal personen;Opsterland;2016;22;15;14;11;3;0;2;7;2;3;0;1;5.6;7;69.5;65.5
4846;Totaal personen;Opsterland;2017;22;15;15;12;3;0;2;7;2;3;0;1;4.5;7;69.7;66.6
4847;Totaal personen;Opsterland;2018;22;16;15;12;3;0;1;8;2;4;0;1;3.6;7;70.4;67.8
4848;Totaal personen;Oss;2003;66;44;42;38;4;0;5;20;8;9;1;2;4.6;21;67.4;64.3
4849;Totaal personen;Oss;2004;66;45;42;37;5;0;4;20;7;10;1;2;5.4;21;68.0;64.4
4850;Totaal personen;Oss;2005;66;44;42;36;6;0;4;21;7;9;0;2;5.3;21;67.4;63.9
4851;Totaal personen;Oss;2006;66;45;43;37;6;0;4;21;7;10;0;2;4.6;21;68.1;64.9
4852;Totaal personen;Oss;2007;66;46;44;38;7;0;4;22;8;10;1;2;3.7;20;69.2;66.7
4853;Totaal personen;Oss;2008;67;47;45;39;6;0;4;22;9;9;1;2;3.5;20;70.2;67.7
4854;Totaal personen;Oss;2009;67;47;45;39;6;0;4;22;8;10;1;2;4.2;19;70.8;67.9
4855;Totaal personen;Oss;2010;67;46;44;38;6;0;4;21;8;10;1;2;5.1;20;69.4;65.9
4856;Totaal personen;Oss;2011;67;46;44;38;6;0;4;22;8;10;1;2;4.8;21;69.3;66.0
4857;Totaal personen;Oss;2012;67;47;44;38;6;0;4;22;8;9;1;3;6.2;20;70.1;65.7
4858;Totaal personen;Oss;2013;68;47;44;37;7;0;4;21;7;11;1;3;7.2;20;69.9;64.9
4859;Totaal personen;Oss;2014;68;48;44;37;7;0;5;21;6;12;0;4;7.9;20;70.5;64.9
4860;Totaal personen;Oss;2015;68;48;45;37;8;0;5;21;7;11;0;3;6.6;20;70.3;65.6
4861;Totaal personen;Oss;2016;69;48;45;38;8;0;4;21;8;11;1;3;5.7;21;70.1;66.1
4862;Totaal personen;Oss;2017;69;49;47;39;8;0;5;22;8;12;1;2;4.5;20;70.7;67.5
4863;Totaal personen;Oss;2018;69;49;47;39;8;0;4;21;8;13;1;2;3.7;20;70.7;68.0
4864;Totaal personen;Oud-Beijerland;2003;17;12;12;10;1;0;1;5;2;3;0;0;3.6;5;70.3;67.8
4865;Totaal personen;Oud-Beijerland;2004;17;12;12;11;1;0;1;5;2;4;0;1;4.2;5;71.4;68.3
4866;Totaal personen;Oud-Beijerland;2005;18;13;12;11;1;0;1;6;2;3;0;1;4.2;5;71.8;68.8
4867;Totaal personen;Oud-Beijerland;2006;18;13;12;11;1;0;1;5;2;3;1;0;3.7;5;71.7;69.0
4868;Totaal personen;Oud-Beijerland;2007;18;13;13;11;1;0;1;5;2;4;0;0;3.3;5;73.3;70.8
4869;Totaal personen;Oud-Beijerland;2008;18;13;13;11;2;0;1;6;2;4;0;0;2.9;5;73.2;71.1
4870;Totaal personen;Oud-Beijerland;2009;17;13;12;11;2;0;1;6;2;3;0;0;3.3;5;73.8;71.3
4871;Totaal personen;Oud-Beijerland;2010;17;13;12;11;2;0;1;5;2;3;1;1;4.0;5;73.1;70.2
4872;Totaal personen;Oud-Beijerland;2011;17;12;12;10;2;0;1;5;2;4;0;0;3.8;5;71.9;69.2
4873;Totaal personen;Oud-Beijerland;2012;17;13;12;10;2;0;1;5;2;3;0;1;4.4;5;72.9;69.7
4874;Totaal personen;Oud-Beijerland;2013;17;13;12;10;2;0;1;5;2;4;0;1;5.5;5;72.7;68.7
4875;Totaal personen;Oud-Beijerland;2014;18;13;12;10;2;0;1;5;2;3;0;1;5.7;5;71.9;67.8
4876;Totaal personen;Oud-Beijerland;2015;18;13;12;10;2;0;1;5;2;3;0;1;5.8;5;72.2;68.1
4877;Totaal personen;Oud-Beijerland;2016;18;13;12;10;2;0;1;5;2;4;0;1;4.4;5;71.9;68.7
4878;Totaal personen;Oud-Beijerland;2017;18;13;12;10;2;0;1;5;2;4;0;0;3.6;5;72.0;69.4
4879;Totaal personen;Oud-Beijerland;2018;18;13;13;11;2;0;1;6;2;3;1;0;3.1;5;72.2;70.0
4880;Totaal personen;Oude IJsselstreek;2003;30;20;20;16;3;0;2;11;4;3;0;1;4.0;10;67.9;65.2
4881;Totaal personen;Oude IJsselstreek;2004;30;20;19;16;3;0;2;11;3;3;0;1;4.9;10;67.0;63.7
4882;Totaal personen;Oude IJsselstreek;2005;30;20;19;17;2;0;2;11;3;3;0;1;5.2;10;67.6;64.2
4883;Totaal personen;Oude IJsselstreek;2006;30;20;19;16;3;0;2;12;3;2;0;1;4.1;9;68.3;65.5
4884;Totaal personen;Oude IJsselstreek;2007;30;20;19;16;3;0;2;12;3;3;0;1;3.4;9;68.0;65.7
4885;Totaal personen;Oude IJsselstreek;2008;30;20;20;17;3;0;2;11;3;3;0;1;3.3;9;69.0;66.7
4886;Totaal personen;Oude IJsselstreek;2009;30;20;20;17;3;0;2;11;3;4;0;1;4.0;9;69.2;66.4
4887;Totaal personen;Oude IJsselstreek;2010;30;20;19;16;3;0;2;11;3;3;0;1;4.6;9;67.9;64.8
4888;Totaal personen;Oude IJsselstreek;2011;30;20;19;16;3;0;2;10;3;3;0;1;4.5;9;68.7;65.6
4889;Totaal personen;Oude IJsselstreek;2012;30;20;19;16;3;0;2;11;3;3;0;1;5.2;9;69.0;65.4
4890;Totaal personen;Oude IJsselstreek;2013;30;21;19;16;3;0;2;10;3;4;0;1;6.4;9;69.4;65.0
4891;Totaal personen;Oude IJsselstreek;2014;30;20;19;16;3;0;2;10;3;4;0;1;6.9;9;68.0;63.4
4892;Totaal personen;Oude IJsselstreek;2015;29;20;19;16;3;0;2;10;3;4;0;1;6.6;9;68.7;64.2
4893;Totaal personen;Oude IJsselstreek;2016;30;20;19;16;2;0;2;9;3;4;0;1;6.5;10;67.7;63.3
4894;Totaal personen;Oude IJsselstreek;2017;30;20;19;16;3;0;2;10;3;4;1;1;4.7;9;68.2;64.9
4895;Totaal personen;Oude IJsselstreek;2018;30;20;20;17;3;0;2;11;3;4;0;1;3.3;9;68.4;66.1
4896;Totaal personen;Ouder-Amstel;2003;10;7;6;6;1;0;0;3;1;2;0;0;3.7;3;69.6;67.1
4897;Totaal personen;Ouder-Amstel;2004;10;7;6;5;1;0;0;3;1;2;0;0;4.2;3;70.6;67.7
4898;Totaal personen;Ouder-Amstel;2005;10;7;7;6;1;0;0;3;1;2;0;0;4.4;3;70.9;67.8
4899;Totaal personen;Ouder-Amstel;2006;10;7;6;6;1;0;0;3;1;2;0;0;3.9;3;70.8;68.1
4900;Totaal personen;Ouder-Amstel;2007;9;7;7;6;1;0;0;2;1;2;0;0;3.3;3;71.6;69.2
4901;Totaal personen;Ouder-Amstel;2008;10;7;7;6;1;0;0;3;1;2;0;0;3.0;3;72.0;69.9
4902;Totaal personen;Ouder-Amstel;2009;10;7;7;6;1;0;0;3;1;2;0;0;3.6;3;72.2;69.6
4903;Totaal personen;Ouder-Amstel;2010;10;7;7;6;1;0;0;3;1;2;0;0;4.1;3;72.1;69.1
4904;Totaal personen;Ouder-Amstel;2011;10;7;7;6;1;0;0;3;1;2;0;0;4.1;3;71.3;68.4
4905;Totaal personen;Ouder-Amstel;2012;10;7;7;6;1;0;0;3;1;2;0;0;4.5;3;72.4;69.1
4906;Totaal personen;Ouder-Amstel;2013;10;7;7;6;1;0;1;3;1;2;0;0;5.9;3;72.0;67.7
4907;Totaal personen;Ouder-Amstel;2014;10;7;6;5;1;0;0;3;1;2;0;0;6.3;3;71.0;66.5
4908;Totaal personen;Ouder-Amstel;2015;10;7;6;5;1;0;0;3;1;2;0;0;5.7;3;70.9;66.9
4909;Totaal personen;Ouder-Amstel;2016;10;7;7;5;1;0;1;2;1;2;0;0;5.5;3;71.6;67.7
4910;Totaal personen;Ouder-Amstel;2017;10;7;7;6;1;0;1;3;1;2;0;0;4.5;3;70.9;67.7
4911;Totaal personen;Ouder-Amstel;2018;10;7;7;6;1;0;1;2;1;3;0;0;3.7;3;70.9;68.3
4912;Totaal personen;Oudewater;2003;7;5;5;4;1;0;0;2;1;1;0;0;3.1;2;70.7;68.6
4913;Totaal personen;Oudewater;2004;7;5;5;4;1;0;0;2;1;1;0;0;3.6;2;70.6;68.1
4914;Totaal personen;Oudewater;2005;7;5;5;4;1;0;0;2;1;1;0;0;3.6;2;71.0;68.4
4915;Totaal personen;Oudewater;2006;7;5;5;4;1;0;0;3;1;1;0;0;3.1;2;70.5;68.3
4916;Totaal personen;Oudewater;2007;7;5;5;4;1;0;0;3;1;1;0;0;2.8;2;72.9;70.9
4917;Totaal personen;Oudewater;2008;7;5;5;4;1;0;0;2;1;1;0;0;2.6;2;73.2;71.3
4918;Totaal personen;Oudewater;2009;7;5;5;4;1;0;0;2;1;1;0;0;2.9;2;73.7;71.5
4919;Totaal personen;Oudewater;2010;7;5;5;4;1;0;0;2;1;2;0;0;3.4;2;73.1;70.6
4920;Totaal personen;Oudewater;2011;7;5;5;4;1;0;0;3;1;1;0;0;3.3;2;73.1;70.7
4921;Totaal personen;Oudewater;2012;7;5;5;4;1;0;0;3;1;1;0;0;3.9;2;72.9;70.1
4922;Totaal personen;Oudewater;2013;7;5;5;4;1;0;0;2;1;1;0;0;5.2;2;72.2;68.5
4923;Totaal personen;Oudewater;2014;7;5;5;4;1;0;1;2;1;1;0;0;5.2;2;72.6;68.8
4924;Totaal personen;Oudewater;2015;7;5;5;4;1;0;0;3;1;1;0;0;5.2;2;72.3;68.5
4925;Totaal personen;Oudewater;2016;8;5;5;4;1;0;0;3;1;1;0;0;4.1;2;72.1;69.1
4926;Totaal personen;Oudewater;2017;8;5;5;4;1;0;0;2;1;1;0;0;3.3;2;72.2;69.8
4927;Totaal personen;Oudewater;2018;8;6;5;4;1;0;0;2;1;2;0;0;2.8;2;72.9;70.9
4928;Totaal personen;Overbetuwe;2003;30;21;20;18;2;0;2;10;4;5;0;1;3.8;9;69.5;66.8
4929;Totaal personen;Overbetuwe;2004;31;22;21;18;2;0;1;12;4;4;0;1;4.4;9;70.8;67.7
4930;Totaal personen;Overbetuwe;2005;31;22;21;19;3;0;1;11;4;5;0;1;4.7;9;70.9;67.5
4931;Totaal personen;Overbetuwe;2006;31;22;21;18;3;0;2;11;4;5;0;1;3.9;9;70.5;67.8
4932;Totaal personen;Overbetuwe;2007;32;23;22;19;3;0;2;12;4;5;0;1;3.3;9;72.5;70.0
4933;Totaal personen;Overbetuwe;2008;33;24;23;20;3;0;2;11;4;6;0;1;3.2;9;72.7;70.4
4934;Totaal personen;Overbetuwe;2009;33;24;24;20;4;0;2;11;4;6;0;1;3.5;9;73.1;70.5
4935;Totaal personen;Overbetuwe;2010;34;25;23;20;4;0;2;10;4;8;0;1;4.2;9;72.7;69.7
4936;Totaal personen;Overbetuwe;2011;34;25;24;20;4;0;2;10;4;7;0;1;4.1;9;72.8;69.8
4937;Totaal personen;Overbetuwe;2012;34;25;24;20;4;0;2;10;5;6;0;1;4.8;9;73.2;69.7
4938;Totaal personen;Overbetuwe;2013;35;25;24;20;4;0;2;10;4;7;0;2;6.2;10;72.4;67.9
4939;Totaal personen;Overbetuwe;2014;35;25;24;20;4;0;2;10;4;8;0;2;6.2;10;72.5;68.1
4940;Totaal personen;Overbetuwe;2015;35;25;24;20;4;0;2;10;4;8;0;1;5.6;9;73.0;68.9
4941;Totaal personen;Overbetuwe;2016;35;25;24;20;4;0;2;10;4;8;0;1;5.0;10;72.0;68.4
4942;Totaal personen;Overbetuwe;2017;35;26;25;21;4;0;2;10;4;8;0;1;4.2;10;72.9;69.8
4943;Totaal personen;Overbetuwe;2018;35;26;25;21;4;0;2;10;4;8;0;1;3.1;10;73.1;70.8
4944;Totaal personen;Papendrecht;2003;23;16;15;14;2;0;1;7;3;4;0;1;3.9;7;68.9;66.2
4945;Totaal personen;Papendrecht;2004;23;16;15;14;1;0;1;7;3;4;0;1;4.8;7;68.2;64.9
4946;Totaal personen;Papendrecht;2005;24;16;15;14;2;0;1;7;3;4;0;1;4.7;8;67.8;64.6
4947;Totaal personen;Papendrecht;2006;24;17;16;14;2;0;1;7;3;4;0;1;3.9;7;69.7;67.0
4948;Totaal personen;Papendrecht;2007;24;16;16;14;2;0;1;7;3;4;1;1;3.2;7;69.6;67.3
4949;Totaal personen;Papendrecht;2008;24;17;16;15;2;0;1;8;3;3;1;0;2.9;7;70.8;68.8
4950;Totaal personen;Papendrecht;2009;24;17;16;14;2;0;1;8;3;4;0;1;3.5;7;72.0;69.4
4951;Totaal personen;Papendrecht;2010;24;17;16;14;2;0;1;7;3;5;0;1;3.8;7;71.7;69.0
4952;Totaal personen;Papendrecht;2011;24;17;16;14;2;0;1;6;3;5;1;1;4.0;7;70.8;67.9
4953;Totaal personen;Papendrecht;2012;24;17;16;14;2;0;1;7;3;5;0;1;4.8;7;71.1;67.7
4954;Totaal personen;Papendrecht;2013;24;17;16;14;2;0;1;7;3;4;1;1;5.6;7;71.2;67.2
4955;Totaal personen;Papendrecht;2014;24;17;16;14;2;0;1;8;3;4;1;1;5.8;7;70.8;66.7
4956;Totaal personen;Papendrecht;2015;24;17;16;14;2;0;1;7;3;4;1;1;5.6;7;70.4;66.5
4957;Totaal personen;Papendrecht;2016;24;17;16;14;2;0;1;7;3;5;0;1;4.7;7;70.8;67.5
4958;Totaal personen;Papendrecht;2017;24;17;16;14;3;0;1;7;3;4;0;1;3.9;7;71.2;68.4
4959;Totaal personen;Papendrecht;2018;24;17;17;14;3;0;1;7;3;5;1;1;3.4;7;71.4;69.0
4960;Totaal personen;Peel en Maas;2003;32;22;22;19;3;0;2;12;4;4;0;1;3.6;9;70.3;67.8
4961;Totaal personen;Peel en Maas;2004;32;23;22;19;3;0;2;12;4;4;0;1;4.4;9;70.4;67.2
4962;Totaal personen;Peel en Maas;2005;32;23;22;18;3;0;2;11;4;4;1;1;4.6;9;70.5;67.2
4963;Totaal personen;Peel en Maas;2006;32;23;22;19;3;0;2;12;4;3;1;1;4.0;9;70.7;67.9
4964;Totaal personen;Peel en Maas;2007;32;23;22;19;3;0;2;12;4;3;1;1;3.4;9;71.4;69.0
4965;Totaal personen;Peel en Maas;2008;32;23;23;20;3;0;2;13;4;4;0;1;3.0;9;72.4;70.2
4966;Totaal personen;Peel en Maas;2009;33;24;23;19;4;0;2;13;4;4;0;1;3.7;9;73.1;70.4
4967;Totaal personen;Peel en Maas;2010;33;24;23;20;3;0;2;13;4;4;0;1;4.1;9;72.8;69.8
4968;Totaal personen;Peel en Maas;2011;33;24;23;20;3;0;2;13;4;4;0;1;3.6;9;72.7;70.0
4969;Totaal personen;Peel en Maas;2012;33;24;23;20;3;0;2;13;4;4;0;1;4.1;9;72.9;69.9
4970;Totaal personen;Peel en Maas;2013;33;24;23;19;3;0;2;11;4;4;1;1;5.8;9;72.8;68.6
4971;Totaal personen;Peel en Maas;2014;33;24;22;19;3;0;2;11;4;5;0;1;6.0;9;72.1;67.8
4972;Totaal personen;Peel en Maas;2015;33;24;23;19;4;0;2;11;4;6;0;1;5.5;9;72.5;68.5
4973;Totaal personen;Peel en Maas;2016;33;24;23;19;3;0;2;11;4;5;0;1;4.5;9;72.5;69.2
4974;Totaal personen;Peel en Maas;2017;33;24;23;19;4;0;2;12;4;5;0;1;3.5;9;72.7;70.2
4975;Totaal personen;Peel en Maas;2018;33;24;24;20;3;0;3;12;4;5;0;1;2.7;9;73.7;71.7
4976;Totaal personen;Pekela;2003;10;6;6;5;1;0;1;3;1;1;0;0;6.2;4;60.5;56.7
4977;Totaal personen;Pekela;2004;10;6;6;5;1;0;1;3;1;1;0;0;7.6;4;61.1;56.4
4978;Totaal personen;Pekela;2005;10;6;6;5;1;0;1;3;1;1;0;0;8.0;4;61.5;56.6
4979;Totaal personen;Pekela;2006;10;6;6;5;1;0;1;3;1;1;0;0;6.4;4;62.1;58.2
4980;Totaal personen;Pekela;2007;10;6;6;5;1;0;1;3;1;1;0;0;5.2;4;62.8;59.6
4981;Totaal personen;Pekela;2008;10;6;6;5;1;0;1;4;1;1;0;0;4.5;4;64.9;62.0
4982;Totaal personen;Pekela;2009;10;6;6;5;1;0;0;3;1;1;0;0;5.6;3;65.2;61.6
4983;Totaal personen;Pekela;2010;10;6;6;5;1;0;1;3;1;1;0;0;6.1;3;65.0;61.0
4984;Totaal personen;Pekela;2011;10;6;6;5;1;0;1;3;1;1;0;0;6.1;3;64.8;60.8
4985;Totaal personen;Pekela;2012;10;6;6;5;1;0;1;3;1;1;0;0;7.4;3;65.0;60.2
4986;Totaal personen;Pekela;2013;10;6;6;5;1;0;1;3;1;1;0;1;8.3;3;65.0;59.6
4987;Totaal personen;Pekela;2014;10;6;6;5;1;0;1;3;1;1;0;1;8.5;3;65.2;59.7
4988;Totaal personen;Pekela;2015;10;6;6;5;1;0;1;3;1;1;0;1;8.5;3;65.8;60.2
4989;Totaal personen;Pekela;2016;9;6;6;5;1;0;1;3;1;1;0;0;7.0;3;66.1;61.5
4990;Totaal personen;Pekela;2017;9;6;6;5;1;0;1;3;1;1;0;0;5.4;3;65.7;62.2
4991;Totaal personen;Pekela;2018;9;6;6;5;1;0;1;3;1;1;0;0;4.5;3;66.6;63.6
4992;Totaal personen;Pijnacker-Nootdorp;2003;26;19;18;16;2;0;1;8;3;6;0;1;3.1;7;73.0;70.7
4993;Totaal personen;Pijnacker-Nootdorp;2004;28;20;20;17;2;0;1;8;4;7;0;1;3.6;7;73.8;71.1
4994;Totaal personen;Pijnacker-Nootdorp;2005;29;21;21;18;2;0;1;9;4;7;0;1;3.7;8;74.1;71.4
4995;Totaal personen;Pijnacker-Nootdorp;2006;30;22;21;19;2;0;1;9;4;7;0;1;3.4;8;73.8;71.4
4996;Totaal personen;Pijnacker-Nootdorp;2007;31;23;22;20;3;0;1;9;4;7;0;1;2.9;8;75.5;73.2
4997;Totaal personen;Pijnacker-Nootdorp;2008;32;25;24;21;3;0;1;11;5;7;0;1;2.6;7;77.7;75.6
4998;Totaal personen;Pijnacker-Nootdorp;2009;34;26;25;21;3;0;1;11;4;8;0;1;3.2;8;76.8;74.3
4999;Totaal personen;Pijnacker-Nootdorp;2010;35;26;25;22;4;0;2;11;5;8;0;1;3.7;8;76.6;73.8
5000;Totaal personen;Pijnacker-Nootdorp;2011;35;27;26;22;4;0;2;10;5;9;0;1;4.0;8;76.3;73.3
5001;Totaal personen;Pijnacker-Nootdorp;2012;36;28;26;23;4;0;1;10;5;10;0;1;4.7;8;76.8;73.2
5002;Totaal personen;Pijnacker-Nootdorp;2013;36;27;26;22;4;0;2;10;5;9;1;1;5.5;9;75.2;71.1
5003;Totaal personen;Pijnacker-Nootdorp;2014;37;28;26;22;4;0;2;10;5;9;0;1;5.4;9;75.6;71.5
5004;Totaal personen;Pijnacker-Nootdorp;2015;37;28;26;22;4;0;2;10;4;10;0;1;5.2;9;75.4;71.5
5005;Totaal personen;Pijnacker-Nootdorp;2016;37;28;27;23;4;0;2;9;5;10;0;1;4.7;9;74.7;71.2
5006;Totaal personen;Pijnacker-Nootdorp;2017;38;29;28;23;4;0;2;10;4;11;0;1;3.7;9;75.4;72.6
5007;Totaal personen;Pijnacker-Nootdorp;2018;39;30;29;25;4;0;2;11;5;11;0;1;2.8;9;76.0;73.8
5008;Totaal personen;Purmerend;2003;56;39;37;34;3;0;3;17;7;8;1;2;4.3;17;68.8;65.9
5009;Totaal personen;Purmerend;2004;57;39;37;34;3;0;3;19;7;7;1;2;5.3;18;69.1;65.5
5010;Totaal personen;Purmerend;2005;58;41;39;35;4;0;2;22;7;7;0;2;5.2;17;70.3;66.6
5011;Totaal personen;Purmerend;2006;58;41;39;35;4;0;3;22;7;7;1;2;4.6;17;70.4;67.2
5012;Totaal personen;Purmerend;2007;58;42;40;36;4;0;3;20;8;8;1;2;4.3;17;71.2;68.1
5013;Totaal personen;Purmerend;2008;59;43;41;38;4;0;3;22;8;8;0;2;3.6;16;72.3;69.7
5014;Totaal personen;Purmerend;2009;59;43;41;36;5;0;3;21;8;7;1;2;4.2;17;72.1;69.1
5015;Totaal personen;Purmerend;2010;59;42;40;36;4;0;3;19;8;9;1;2;4.9;17;71.5;68.0
5016;Totaal personen;Purmerend;2011;59;43;40;36;5;0;3;19;7;10;0;2;5.1;17;72.1;68.4
5017;Totaal personen;Purmerend;2012;60;42;40;36;4;0;3;19;8;10;0;2;5.3;17;71.4;67.6
5018;Totaal personen;Purmerend;2013;60;43;40;35;5;0;3;20;7;9;1;3;7.1;17;72.0;66.9
5019;Totaal personen;Purmerend;2014;60;42;39;34;5;0;3;19;7;10;1;3;7.5;18;70.6;65.3
5020;Totaal personen;Purmerend;2015;60;42;40;34;5;0;4;19;7;8;1;3;6.4;18;70.6;66.0
5021;Totaal personen;Purmerend;2016;60;43;41;35;6;0;3;18;8;11;1;3;5.9;17;71.9;67.6
5022;Totaal personen;Purmerend;2017;60;42;40;35;5;0;3;19;7;10;1;2;5.0;18;70.3;66.8
5023;Totaal personen;Purmerend;2018;60;43;41;36;5;0;3;19;8;10;1;2;4.0;18;70.7;67.9
5024;Totaal personen;Putten;2003;17;11;11;9;1;0;1;6;2;2;0;0;3.6;6;66.6;64.2
5025;Totaal personen;Putten;2004;17;11;11;9;2;0;1;6;2;2;0;0;4.3;6;66.0;63.2
5026;Totaal personen;Putten;2005;17;11;11;9;2;0;1;6;2;2;0;0;4.2;6;67.1;64.3
5027;Totaal personen;Putten;2006;17;11;11;9;2;0;1;6;2;2;0;0;3.6;5;68.4;66.0
5028;Totaal personen;Putten;2007;17;12;11;9;2;0;1;6;2;2;0;0;3.2;5;69.2;66.9
5029;Totaal personen;Putten;2008;17;12;12;9;2;0;1;6;2;2;0;0;3.0;5;70.5;68.4
5030;Totaal personen;Putten;2009;17;12;12;10;2;0;1;6;2;2;1;0;3.3;5;71.0;68.6
5031;Totaal personen;Putten;2010;17;12;12;10;2;0;1;6;2;2;0;0;3.8;5;70.6;67.9
5032;Totaal personen;Putten;2011;17;12;12;10;2;0;1;6;2;3;0;0;3.8;5;70.3;67.6
5033;Totaal personen;Putten;2012;18;13;12;10;2;0;1;6;2;3;0;1;4.1;5;71.4;68.5
5034;Totaal personen;Putten;2013;18;13;12;10;2;0;1;6;2;3;0;1;5.4;5;71.8;67.9
5035;Totaal personen;Putten;2014;18;13;12;10;2;0;1;6;2;3;0;1;5.5;5;71.9;67.9
5036;Totaal personen;Putten;2015;18;13;12;10;3;0;1;6;2;3;0;1;5.0;5;71.8;68.2
5037;Totaal personen;Putten;2016;18;13;12;10;2;0;1;6;2;3;0;1;4.7;5;71.1;67.8
5038;Totaal personen;Putten;2017;18;13;12;10;2;0;1;6;2;3;0;0;3.3;5;71.4;69.1
5039;Totaal personen;Putten;2018;18;13;12;10;2;0;1;6;2;3;0;0;2.8;5;72.2;70.2
5040;Totaal personen;Raalte;2003;27;19;19;16;3;0;2;11;3;3;0;1;3.3;8;71.2;68.8
5041;Totaal personen;Raalte;2004;27;19;18;16;3;0;1;10;3;3;0;1;4.2;8;70.5;67.6
5042;Totaal personen;Raalte;2005;27;19;18;16;3;0;2;10;3;3;0;1;4.0;8;70.6;67.7
5043;Totaal personen;Raalte;2006;27;19;19;16;2;0;2;10;3;4;0;1;3.5;8;70.1;67.6
5044;Totaal personen;Raalte;2007;27;20;19;17;3;0;2;10;3;4;0;1;3.2;8;72.1;69.8
5045;Totaal personen;Raalte;2008;27;20;20;17;3;0;2;11;3;3;0;1;2.8;7;74.1;72.0
5046;Totaal personen;Raalte;2009;27;20;19;17;2;0;2;10;3;5;0;1;3.2;7;73.4;71.1
5047;Totaal personen;Raalte;2010;27;20;19;16;3;0;2;10;3;4;0;1;3.6;7;73.9;71.3
5048;Totaal personen;Raalte;2011;27;20;19;17;3;0;2;10;3;4;0;1;3.5;7;73.4;70.9
5049;Totaal personen;Raalte;2012;27;20;19;16;3;0;2;10;3;4;0;1;4.1;7;73.2;70.2
5050;Totaal personen;Raalte;2013;27;20;19;16;3;0;2;8;3;5;0;1;5.8;7;73.1;68.9
5051;Totaal personen;Raalte;2014;27;20;18;16;3;0;2;10;3;3;0;1;5.5;8;71.9;67.9
5052;Totaal personen;Raalte;2015;27;20;19;16;3;0;2;10;3;4;0;1;5.6;7;72.6;68.5
5053;Totaal personen;Raalte;2016;27;20;19;16;3;0;2;9;3;4;0;1;4.9;7;72.6;69.0
5054;Totaal personen;Raalte;2017;28;20;20;16;3;0;2;9;3;5;0;1;3.6;7;73.9;71.3
5055;Totaal personen;Raalte;2018;28;21;20;17;3;0;2;9;3;5;0;1;2.8;7;73.9;71.8
5056;Totaal personen;Reimerswaal;2003;15;10;9;8;1;0;1;5;2;2;0;0;3.9;5;66.5;63.9
5057;Totaal personen;Reimerswaal;2004;15;10;9;8;1;0;1;5;2;1;0;0;4.3;5;66.8;64.0
5058;Totaal personen;Reimerswaal;2005;15;10;10;8;1;0;1;6;2;1;0;0;4.4;5;68.6;65.6
5059;Totaal personen;Reimerswaal;2006;15;10;10;8;2;0;1;6;2;1;0;0;4.1;5;69.5;66.7
5060;Totaal personen;Reimerswaal;2007;15;10;10;8;2;0;1;6;2;1;0;0;3.6;5;69.5;67.0
5061;Totaal personen;Reimerswaal;2008;15;11;10;9;2;0;1;6;2;1;0;0;3.1;4;70.9;68.6
5062;Totaal personen;Reimerswaal;2009;15;11;10;9;1;0;1;6;2;2;0;0;3.5;4;71.6;69.0
5063;Totaal personen;Reimerswaal;2010;15;11;10;9;2;0;1;5;2;2;0;0;3.9;4;70.8;68.0
5064;Totaal personen;Reimerswaal;2011;15;11;10;9;2;0;1;6;2;2;0;0;4.0;4;70.8;67.9
5065;Totaal personen;Reimerswaal;2012;15;11;11;9;2;0;1;6;2;1;0;0;4.2;4;71.7;68.7
5066;Totaal personen;Reimerswaal;2013;15;11;11;9;2;0;1;5;2;2;0;1;5.4;4;72.3;68.4
5067;Totaal personen;Reimerswaal;2014;16;11;11;9;2;0;1;6;2;2;0;1;5.4;4;71.7;67.8
5068;Totaal personen;Reimerswaal;2015;16;11;11;9;2;0;1;5;2;2;0;1;5.1;4;72.6;68.9
5069;Totaal personen;Reimerswaal;2016;16;11;11;9;2;0;1;7;2;1;0;0;4.3;4;71.9;68.8
5070;Totaal personen;Reimerswaal;2017;16;12;11;9;2;0;1;7;2;1;0;0;3.4;4;71.9;69.5
5071;Totaal personen;Reimerswaal;2018;16;12;11;10;2;0;1;6;2;2;0;0;2.8;4;72.8;70.8
5072;Totaal personen;Renkum;2003;23;15;14;12;2;0;1;6;3;4;0;1;4.2;8;64.8;62.1
5073;Totaal personen;Renkum;2004;22;15;14;12;2;0;1;6;3;4;0;1;5.1;8;65.0;61.7
5074;Totaal personen;Renkum;2005;22;14;14;11;2;0;1;6;2;5;0;1;5.2;8;64.3;60.9
5075;Totaal personen;Renkum;2006;22;14;14;11;2;0;1;6;2;5;0;1;4.6;8;64.7;61.7
5076;Totaal personen;Renkum;2007;22;15;14;12;3;0;1;6;2;5;0;1;4.1;8;66.2;63.4
5077;Totaal personen;Renkum;2008;22;15;14;12;3;0;1;6;3;5;0;1;3.5;7;66.8;64.4
5078;Totaal personen;Renkum;2009;22;15;14;12;3;0;1;6;3;5;0;1;3.7;7;67.4;64.8
5079;Totaal personen;Renkum;2010;22;15;14;12;3;0;1;6;3;5;0;1;4.4;7;67.5;64.6
5080;Totaal personen;Renkum;2011;22;15;14;12;3;0;1;5;3;5;0;1;4.2;7;67.5;64.7
5081;Totaal personen;Renkum;2012;22;15;14;12;2;0;1;6;2;5;0;1;5.1;7;68.0;64.6
5082;Totaal personen;Renkum;2013;22;15;14;12;3;0;1;6;2;5;0;1;6.6;7;68.6;64.1
5083;Totaal personen;Renkum;2014;22;15;14;11;3;0;1;5;2;5;0;1;6.8;7;67.7;63.1
5084;Totaal personen;Renkum;2015;22;15;14;11;2;0;1;5;2;5;1;1;6.2;7;66.5;62.4
5085;Totaal personen;Renkum;2016;22;15;14;11;3;0;1;5;3;5;0;1;5.1;7;67.9;64.4
5086;Totaal personen;Renkum;2017;22;15;14;12;3;0;1;6;2;5;0;1;4.6;7;68.0;64.8
5087;Totaal personen;Renkum;2018;22;15;15;12;3;0;1;5;2;6;0;1;3.5;7;68.1;65.8
5088;Totaal personen;Renswoude;2003;3;2;2;2;0;0;0;1;0;0;0;0;3.3;1;70.8;68.4
5089;Totaal personen;Renswoude;2004;3;2;2;2;0;0;0;1;0;0;0;0;4.0;1;70.4;67.6
5090;Totaal personen;Renswoude;2005;3;2;2;2;0;0;0;1;0;0;0;0;4.0;1;70.4;67.6
5091;Totaal personen;Renswoude;2006;3;2;2;2;0;0;0;1;0;0;0;0;3.4;1;70.9;68.5
5092;Totaal personen;Renswoude;2007;3;2;2;2;0;0;0;1;0;1;0;0;3.1;1;71.3;69.1
5093;Totaal personen;Renswoude;2008;3;2;2;2;0;0;0;1;0;1;0;0;2.8;1;73.7;71.6
5094;Totaal personen;Renswoude;2009;3;2;2;2;0;0;0;1;0;1;0;0;3.2;1;73.9;71.5
5095;Totaal personen;Renswoude;2010;3;3;2;2;0;0;0;1;0;1;0;0;3.6;1;73.2;70.6
5096;Totaal personen;Renswoude;2011;4;3;2;2;0;0;0;1;0;1;0;0;3.4;1;72.9;70.5
5097;Totaal personen;Renswoude;2012;4;3;3;2;0;0;0;1;0;1;0;0;3.6;1;74.3;71.6
5098;Totaal personen;Renswoude;2013;4;3;3;2;0;0;0;1;0;1;0;0;5.3;1;73.5;69.6
5099;Totaal personen;Renswoude;2014;4;3;3;2;0;0;0;1;0;1;0;0;5.0;1;73.2;69.5
5100;Totaal personen;Renswoude;2015;4;3;3;2;0;0;0;1;0;1;0;0;4.6;1;73.9;70.6
5101;Totaal personen;Renswoude;2016;4;3;3;2;0;0;0;1;0;1;0;0;4.1;1;73.5;70.5
5102;Totaal personen;Renswoude;2017;4;3;3;2;0;0;0;1;0;1;0;0;3.4;1;73.8;71.4
5103;Totaal personen;Renswoude;2018;4;3;3;2;1;0;0;1;0;1;0;0;2.5;1;74.9;73.0
5104;Totaal personen;Reusel-De Mierden;2003;9;7;6;6;1;0;1;3;1;1;0;0;3.7;3;70.3;67.7
5105;Totaal personen;Reusel-De Mierden;2004;9;7;6;5;1;0;1;3;1;1;0;0;4.1;3;70.7;67.8
5106;Totaal personen;Reusel-De Mierden;2005;9;7;6;6;1;0;1;4;1;1;0;0;4.1;3;71.5;68.5
5107;Totaal personen;Reusel-De Mierden;2006;10;7;7;6;1;0;1;4;1;1;0;0;3.6;3;71.9;69.4
5108;Totaal personen;Reusel-De Mierden;2007;10;7;7;6;1;0;1;4;1;1;0;0;3.0;3;72.6;70.5
5109;Totaal personen;Reusel-De Mierden;2008;10;7;7;6;1;0;1;4;1;1;0;0;2.6;2;74.0;72.1
5110;Totaal personen;Reusel-De Mierden;2009;10;7;7;6;1;0;1;4;1;1;0;0;3.2;2;74.6;72.2
5111;Totaal personen;Reusel-De Mierden;2010;10;7;7;6;1;0;1;4;1;1;0;0;3.7;3;73.8;71.1
5112;Totaal personen;Reusel-De Mierden;2011;10;7;7;6;1;0;1;3;1;1;0;0;3.7;3;71.9;69.2
5113;Totaal personen;Reusel-De Mierden;2012;10;7;7;6;1;0;1;3;1;1;0;0;4.1;3;72.8;69.8
5114;Totaal personen;Reusel-De Mierden;2013;10;7;7;6;1;0;1;3;1;1;0;0;5.5;3;73.0;69.0
5115;Totaal personen;Reusel-De Mierden;2014;10;7;7;6;1;0;1;3;1;2;0;0;5.3;3;73.2;69.3
5116;Totaal personen;Reusel-De Mierden;2015;10;7;7;6;1;0;1;3;1;2;0;0;4.5;3;73.2;69.8
5117;Totaal personen;Reusel-De Mierden;2016;10;7;7;6;1;0;1;4;1;2;0;0;4.0;3;72.7;69.8
5118;Totaal personen;Reusel-De Mierden;2017;10;7;7;6;1;0;1;3;1;2;0;0;3.3;3;72.9;70.5
5119;Totaal personen;Reusel-De Mierden;2018;10;7;7;6;1;0;1;4;1;2;0;0;2.5;3;73.7;71.9
5120;Totaal personen;Rheden;2003;33;20;19;17;2;0;2;9;3;5;0;1;4.6;12;62.2;59.3
5121;Totaal personen;Rheden;2004;33;20;19;16;3;0;2;10;3;4;0;1;5.6;12;63.0;59.5
5122;Totaal personen;Rheden;2005;32;20;19;17;2;0;2;9;3;4;0;1;5.9;12;62.5;58.8
5123;Totaal personen;Rheden;2006;32;20;19;17;2;0;2;8;3;5;0;1;4.8;12;63.6;60.5
5124;Totaal personen;Rheden;2007;32;21;20;17;3;0;2;9;4;6;0;1;4.2;11;66.7;63.9
5125;Totaal personen;Rheden;2008;32;21;20;17;3;0;2;9;4;6;0;1;3.7;11;66.6;64.1
5126;Totaal personen;Rheden;2009;31;21;20;17;3;0;2;9;3;6;0;1;4.3;10;67.4;64.5
5127;Totaal personen;Rheden;2010;31;21;20;17;3;0;2;8;3;7;0;1;4.9;10;66.7;63.5
5128;Totaal personen;Rheden;2011;31;21;20;17;3;0;2;8;4;6;0;1;4.8;10;66.7;63.5
5129;Totaal personen;Rheden;2012;31;21;20;17;3;0;2;9;4;6;0;1;5.9;10;68.0;64.0
5130;Totaal personen;Rheden;2013;32;21;20;17;3;0;2;8;3;6;0;1;7.0;10;67.7;63.0
5131;Totaal personen;Rheden;2014;31;21;20;16;3;0;2;8;3;6;0;2;7.3;10;67.5;62.5
5132;Totaal personen;Rheden;2015;31;21;20;16;4;0;2;8;3;7;0;1;6.8;10;67.7;63.1
5133;Totaal personen;Rheden;2016;31;21;20;16;4;0;2;7;3;7;0;1;6.5;10;67.6;63.2
5134;Totaal personen;Rheden;2017;31;21;20;16;4;0;2;8;3;6;0;1;4.9;10;67.2;64.0
5135;Totaal personen;Rheden;2018;31;21;21;17;4;0;2;8;4;6;0;1;3.8;10;67.9;65.3
5136;Totaal personen;Rhenen;2003;13;9;8;7;1;0;1;4;1;3;0;0;3.8;4;66.6;64.0
5137;Totaal personen;Rhenen;2004;13;9;8;7;1;0;1;4;1;2;0;0;4.6;5;65.4;62.4
5138;Totaal personen;Rhenen;2005;13;9;8;7;1;0;1;4;1;2;0;0;4.8;4;65.7;62.6
5139;Totaal personen;Rhenen;2006;13;9;9;7;1;0;1;4;1;3;0;0;4.3;5;66.5;63.6
5140;Totaal personen;Rhenen;2007;14;9;9;8;1;0;1;4;1;2;0;0;3.7;4;68.6;66.1
5141;Totaal personen;Rhenen;2008;14;9;9;8;2;0;1;4;2;2;0;0;3.2;4;69.4;67.2
5142;Totaal personen;Rhenen;2009;14;10;9;8;2;0;1;5;2;2;0;0;3.9;4;69.7;67.0
5143;Totaal personen;Rhenen;2010;14;9;9;8;2;0;1;4;2;2;0;0;4.4;4;69.3;66.3
5144;Totaal personen;Rhenen;2011;14;9;9;8;1;0;1;4;2;3;0;0;4.1;4;69.3;66.4
5145;Totaal personen;Rhenen;2012;14;10;9;8;1;0;1;4;2;3;0;0;5.2;4;70.0;66.4
5146;Totaal personen;Rhenen;2013;14;10;9;7;2;0;1;4;2;2;0;1;6.3;4;70.2;65.7
5147;Totaal personen;Rhenen;2014;14;9;9;7;2;0;1;4;2;2;0;1;6.3;4;69.4;65.0
5148;Totaal personen;Rhenen;2015;14;10;9;7;2;0;1;4;1;2;0;1;5.7;4;70.5;66.5
5149;Totaal personen;Rhenen;2016;14;10;9;8;2;0;1;5;2;2;0;0;4.8;4;69.9;66.5
5150;Totaal personen;Rhenen;2017;14;10;10;8;2;0;1;4;2;3;0;0;4.0;4;70.6;67.8
5151;Totaal personen;Rhenen;2018;14;10;10;8;2;0;1;4;2;3;0;0;3.2;4;70.6;68.4
5152;Totaal personen;Ridderkerk;2003;35;23;22;20;2;0;2;11;4;5;0;1;4.0;12;65.0;62.4
5153;Totaal personen;Ridderkerk;2004;35;23;22;19;2;0;2;11;4;5;0;1;4.6;12;65.4;62.4
5154;Totaal personen;Ridderkerk;2005;34;23;22;19;3;0;2;12;4;4;0;1;4.8;11;66.6;63.4
5155;Totaal personen;Ridderkerk;2006;34;22;21;19;2;0;2;10;4;4;1;1;4.3;12;65.2;62.4
5156;Totaal personen;Ridderkerk;2007;34;23;22;20;2;0;2;11;4;5;1;1;3.8;11;66.6;64.1
5157;Totaal personen;Ridderkerk;2008;34;23;22;20;3;0;2;11;4;5;0;1;3.3;11;68.0;65.7
5158;Totaal personen;Ridderkerk;2009;34;24;23;20;3;0;2;12;4;5;0;1;3.6;10;69.6;67.1
5159;Totaal personen;Ridderkerk;2010;34;23;22;19;3;0;2;11;4;5;0;1;4.2;11;68.3;65.5
5160;Totaal personen;Ridderkerk;2011;34;23;22;20;3;0;2;10;4;5;1;1;4.2;11;69.0;66.1
5161;Totaal personen;Ridderkerk;2012;34;23;22;19;3;0;2;12;4;4;1;1;5.3;11;69.1;65.4
5162;Totaal personen;Ridderkerk;2013;34;23;22;19;3;0;2;11;4;5;0;2;6.9;11;68.5;63.8
5163;Totaal personen;Ridderkerk;2014;34;24;22;19;3;0;2;11;4;5;0;2;6.9;10;69.8;64.9
5164;Totaal personen;Ridderkerk;2015;33;23;22;19;3;0;2;11;4;4;1;1;6.2;10;69.8;65.5
5165;Totaal personen;Ridderkerk;2016;33;23;22;19;3;0;2;11;4;4;1;1;5.4;10;69.4;65.6
5166;Totaal personen;Ridderkerk;2017;34;24;22;19;3;0;2;10;4;6;1;1;4.4;10;69.8;66.7
5167;Totaal personen;Ridderkerk;2018;34;24;23;19;4;0;2;9;4;7;0;1;3.3;10;70.1;67.8
5168;Totaal personen;Rijssen-Holten;2003;26;17;16;14;2;0;2;8;3;3;0;1;4.0;9;64.9;62.4
5169;Totaal personen;Rijssen-Holten;2004;26;17;16;15;2;0;2;8;3;3;0;1;4.5;9;66.5;63.5
5170;Totaal personen;Rijssen-Holten;2005;26;17;17;15;2;0;2;9;3;3;0;1;4.5;8;67.5;64.4
5171;Totaal personen;Rijssen-Holten;2006;26;18;17;15;2;0;2;9;3;3;0;1;3.9;8;69.0;66.3
5172;Totaal personen;Rijssen-Holten;2007;26;18;18;15;2;0;2;9;3;3;1;1;3.3;8;70.4;68.0
5173;Totaal personen;Rijssen-Holten;2008;26;19;18;16;2;0;2;10;3;3;0;1;3.0;7;72.3;70.1
5174;Totaal personen;Rijssen-Holten;2009;26;19;18;16;3;0;2;10;3;3;0;1;3.5;7;73.3;70.7
5175;Totaal personen;Rijssen-Holten;2010;26;19;18;15;3;0;1;10;3;3;0;1;4.0;7;72.4;69.5
5176;Totaal personen;Rijssen-Holten;2011;27;19;18;16;3;0;2;9;3;4;0;1;3.8;7;72.5;69.7
5177;Totaal personen;Rijssen-Holten;2012;27;19;18;16;3;0;2;9;3;5;0;1;4.8;7;72.8;69.3
5178;Totaal personen;Rijssen-Holten;2013;27;19;18;16;3;0;2;9;3;4;0;1;6.2;7;72.4;67.9
5179;Totaal personen;Rijssen-Holten;2014;27;19;18;15;3;0;2;10;3;4;0;1;6.1;7;72.3;67.9
5180;Totaal personen;Rijssen-Holten;2015;27;19;18;16;3;0;2;9;3;5;0;1;5.5;7;72.5;68.5
5181;Totaal personen;Rijssen-Holten;2016;27;19;18;16;3;0;2;9;3;4;0;1;5.0;7;72.2;68.5
5182;Totaal personen;Rijssen-Holten;2017;27;20;19;16;3;0;2;10;3;4;0;1;3.8;7;73.0;70.2
5183;Totaal personen;Rijssen-Holten;2018;27;20;20;17;3;0;2;10;3;5;0;1;2.9;7;74.3;72.2
5184;Totaal personen;Rijswijk (ZH.);2003;36;24;23;20;3;0;1;10;4;7;0;1;4.4;12;66.1;63.2
5185;Totaal personen;Rijswijk (ZH.);2004;35;23;22;20;2;0;1;10;4;6;0;1;5.4;12;65.8;62.2
5186;Totaal personen;Rijswijk (ZH.);2005;35;23;22;19;3;0;1;10;4;6;0;1;5.6;12;65.5;61.9
5187;Totaal personen;Rijswijk (ZH.);2006;35;23;22;19;3;0;2;9;4;8;0;1;4.8;12;66.4;63.3
5188;Totaal personen;Rijswijk (ZH.);2007;35;24;23;20;3;0;2;9;4;8;0;1;4.3;11;67.5;64.6
5189;Totaal personen;Rijswijk (ZH.);2008;35;24;23;20;3;0;2;10;4;8;0;1;3.8;11;68.5;65.9
5190;Totaal personen;Rijswijk (ZH.);2009;35;24;23;20;3;0;2;10;4;8;0;1;4.3;10;69.8;66.8
5191;Totaal personen;Rijswijk (ZH.);2010;35;24;22;19;3;0;1;9;4;8;0;1;5.5;11;68.4;64.7
5192;Totaal personen;Rijswijk (ZH.);2011;34;24;22;20;3;0;1;9;4;7;0;1;5.6;11;68.8;64.9
5193;Totaal personen;Rijswijk (ZH.);2012;35;24;22;20;2;0;1;10;4;7;0;2;7.1;11;69.1;64.1
5194;Totaal personen;Rijswijk (ZH.);2013;35;24;22;19;3;0;1;9;4;8;0;2;8.0;11;69.1;63.6
5195;Totaal personen;Rijswijk (ZH.);2014;35;24;22;19;4;0;1;9;4;8;0;2;8.0;11;68.7;63.1
5196;Totaal personen;Rijswijk (ZH.);2015;36;24;22;19;4;0;2;9;4;8;0;2;7.8;11;68.3;63.0
5197;Totaal personen;Rijswijk (ZH.);2016;37;25;23;20;3;0;2;8;4;9;0;2;7.0;12;67.7;63.0
5198;Totaal personen;Rijswijk (ZH.);2017;37;25;24;20;4;0;2;9;4;9;0;1;5.3;12;68.1;64.4
5199;Totaal personen;Rijswijk (ZH.);2018;38;26;25;21;4;0;2;9;4;9;0;1;4.1;12;68.2;65.4
5200;Totaal personen;Roerdalen;2003;17;11;10;9;1;0;1;5;2;2;0;1;4.6;6;65.9;62.9
5201;Totaal personen;Roerdalen;2004;16;11;10;9;1;0;1;5;2;2;0;1;5.3;6;65.5;62.1
5202;Totaal personen;Roerdalen;2005;16;11;10;9;1;0;1;5;2;2;0;1;5.6;6;64.8;61.2
5203;Totaal personen;Roerdalen;2006;16;11;10;9;2;0;1;6;2;2;0;1;4.9;6;65.5;62.3
5204;Totaal personen;Roerdalen;2007;16;11;10;9;1;0;1;5;2;2;0;0;4.2;5;66.7;63.9
5205;Totaal personen;Roerdalen;2008;16;11;11;9;2;0;1;5;2;2;0;0;3.6;5;67.1;64.7
5206;Totaal personen;Roerdalen;2009;16;11;10;9;1;0;1;5;2;2;0;0;4.3;5;67.2;64.3
5207;Totaal personen;Roerdalen;2010;16;11;10;9;2;0;1;5;2;2;0;0;4.5;5;67.5;64.5
5208;Totaal personen;Roerdalen;2011;16;11;10;9;2;0;1;5;2;2;0;0;4.0;5;67.3;64.6
5209;Totaal personen;Roerdalen;2012;16;11;10;9;2;0;1;5;2;3;0;0;4.5;5;67.1;64.1
5210;Totaal personen;Roerdalen;2013;16;11;10;9;1;0;1;4;2;3;0;1;6.1;5;68.0;63.9
5211;Totaal personen;Roerdalen;2014;16;11;10;9;1;0;1;5;2;2;0;1;6.1;5;68.4;64.2
5212;Totaal personen;Roerdalen;2015;16;11;10;8;2;0;1;5;2;3;0;1;5.7;5;68.1;64.2
5213;Totaal personen;Roerdalen;2016;16;11;10;9;2;0;1;4;2;3;0;1;5.0;5;66.9;63.6
5214;Totaal personen;Roerdalen;2017;16;10;10;8;2;0;1;5;2;3;0;0;4.2;5;66.2;63.4
5215;Totaal personen;Roerdalen;2018;16;11;10;9;2;0;1;5;2;3;0;0;3.2;5;67.6;65.4
5216;Totaal personen;Roermond;2003;41;27;25;22;3;0;3;11;5;6;1;2;6.4;14;65.7;61.5
5217;Totaal personen;Roermond;2004;41;26;24;22;3;0;3;11;5;5;0;2;7.6;15;64.0;59.1
5218;Totaal personen;Roermond;2005;41;27;25;22;3;0;3;12;5;5;0;2;7.8;14;65.0;59.9
5219;Totaal personen;Roermond;2006;41;27;26;23;3;0;3;12;5;5;1;2;6.4;14;66.4;62.2
5220;Totaal personen;Roermond;2007;41;27;26;23;3;0;3;12;5;5;1;1;5.2;14;66.4;63.0
5221;Totaal personen;Roermond;2008;42;28;27;24;2;0;3;12;5;6;1;1;4.9;14;67.3;64.0
5222;Totaal personen;Roermond;2009;42;28;27;24;3;0;3;11;5;6;1;2;5.7;14;67.7;63.8
5223;Totaal personen;Roermond;2010;42;28;26;23;3;0;3;12;5;7;0;2;5.6;14;66.4;62.8
5224;Totaal personen;Roermond;2011;42;28;27;24;3;0;2;12;5;8;0;1;4.9;14;67.2;63.9
5225;Totaal personen;Roermond;2012;43;29;27;24;3;0;3;12;5;8;0;2;5.9;14;67.6;63.6
5226;Totaal personen;Roermond;2013;43;30;28;23;4;0;3;13;5;7;0;2;7.0;14;68.7;63.9
5227;Totaal personen;Roermond;2014;43;29;27;23;4;0;3;12;5;7;0;2;7.3;14;67.0;62.1
5228;Totaal personen;Roermond;2015;43;29;27;23;4;0;3;13;4;7;0;2;6.9;14;67.7;63.1
5229;Totaal personen;Roermond;2016;43;29;27;24;3;0;3;12;5;7;0;2;6.0;14;66.8;62.7
5230;Totaal personen;Roermond;2017;44;29;28;24;4;0;3;12;4;8;0;2;5.2;14;67.2;63.7
5231;Totaal personen;Roermond;2018;44;30;29;25;4;0;3;13;5;8;0;1;4.0;14;67.7;65.0
5232;Totaal personen;De Ronde Venen;2003;32;22;22;18;4;0;2;10;4;6;0;1;3.4;9;70.4;68.0
5233;Totaal personen;De Ronde Venen;2004;32;22;21;18;4;0;1;10;4;6;0;1;3.9;10;69.9;67.2
5234;Totaal personen;De Ronde Venen;2005;32;22;21;18;4;0;2;10;4;6;0;1;4.1;10;69.5;66.6
5235;Totaal personen;De Ronde Venen;2006;32;23;22;18;4;0;2;11;4;5;0;1;3.5;9;70.6;68.1
5236;Totaal personen;De Ronde Venen;2007;32;23;22;18;4;0;2;11;4;5;0;1;3.2;9;71.5;69.1
5237;Totaal personen;De Ronde Venen;2008;32;23;23;19;4;0;2;11;4;6;0;1;2.8;9;72.7;70.7
5238;Totaal personen;De Ronde Venen;2009;32;23;23;18;4;0;2;11;4;6;0;1;3.2;9;72.7;70.4
5239;Totaal personen;De Ronde Venen;2010;32;23;22;18;4;0;2;10;4;6;0;1;3.7;9;72.4;69.7
5240;Totaal personen;De Ronde Venen;2011;32;23;22;19;3;0;1;11;4;6;0;1;3.8;9;72.3;69.6
5241;Totaal personen;De Ronde Venen;2012;32;24;23;18;4;0;2;10;4;7;0;1;4.5;9;73.3;70.0
5242;Totaal personen;De Ronde Venen;2013;32;23;22;17;5;0;2;9;4;7;0;1;5.7;9;72.3;68.2
5243;Totaal personen;De Ronde Venen;2014;32;23;22;18;4;0;1;10;4;7;0;1;5.7;9;71.7;67.6
5244;Totaal personen;De Ronde Venen;2015;32;23;21;17;4;0;1;9;4;7;0;1;5.4;9;70.7;66.9
5245;Totaal personen;De Ronde Venen;2016;32;23;22;17;5;0;2;9;4;7;0;1;4.5;9;71.3;68.1
5246;Totaal personen;De Ronde Venen;2017;33;23;23;18;4;0;2;9;4;7;0;1;3.7;9;71.9;69.2
5247;Totaal personen;De Ronde Venen;2018;33;24;23;19;4;0;2;10;4;8;0;1;3.0;9;72.1;69.9
5248;Totaal personen;Roosendaal;2003;59;40;38;33;5;0;4;17;7;9;1;2;5.0;19;67.6;64.2
5249;Totaal personen;Roosendaal;2004;58;38;36;32;4;0;3;16;7;9;1;2;6.0;20;65.6;61.7
5250;Totaal personen;Roosendaal;2005;58;39;36;33;3;0;4;18;6;8;0;2;5.7;20;66.2;62.4
5251;Totaal personen;Roosendaal;2006;58;39;37;33;4;0;4;18;6;9;0;2;5.1;19;67.1;63.7
5252;Totaal personen;Roosendaal;2007;58;39;37;34;4;0;4;18;7;7;1;1;3.8;19;66.7;64.2
5253;Totaal personen;Roosendaal;2008;58;40;38;35;4;0;4;19;7;7;1;1;3.4;18;68.5;66.1
5254;Totaal personen;Roosendaal;2009;58;40;39;35;4;0;3;19;7;7;1;2;4.3;18;69.4;66.4
5255;Totaal personen;Roosendaal;2010;58;41;38;34;4;0;4;18;7;9;0;2;5.3;18;69.8;66.1
5256;Totaal personen;Roosendaal;2011;58;40;38;33;4;0;4;18;7;8;0;2;5.0;18;68.5;65.1
5257;Totaal personen;Roosendaal;2012;58;40;38;33;5;0;4;18;7;9;0;2;5.9;18;69.0;65.0
5258;Totaal personen;Roosendaal;2013;58;40;37;32;5;0;4;17;6;9;0;3;7.1;18;68.8;63.9
5259;Totaal personen;Roosendaal;2014;58;39;36;32;5;0;4;17;6;9;0;3;7.7;18;68.3;63.1
5260;Totaal personen;Roosendaal;2015;58;39;37;32;5;0;4;17;6;10;0;3;6.8;18;68.3;63.7
5261;Totaal personen;Roosendaal;2016;58;39;37;32;5;0;4;18;6;9;0;2;5.8;18;68.2;64.3
5262;Totaal personen;Roosendaal;2017;58;39;37;32;5;0;4;17;6;9;1;2;5.4;19;67.1;63.5
5263;Totaal personen;Roosendaal;2018;58;40;38;33;5;0;4;18;6;9;0;2;4.0;18;68.2;65.5
5264;Totaal personen;Rotterdam;2003;458;285;262;232;30;0;21;119;45;74;3;23;8.0;173;62.3;57.3
5265;Totaal personen;Rotterdam;2004;458;284;258;229;29;0;22;116;47;72;2;26;9.3;174;62.1;56.3
5266;Totaal personen;Rotterdam;2005;455;287;258;229;29;0;21;117;45;75;1;29;10.1;167;63.2;56.8
5267;Totaal personen;Rotterdam;2006;451;286;261;231;30;0;25;118;44;71;2;25;8.8;165;63.4;57.9
5268;Totaal personen;Rotterdam;2007;449;292;273;241;32;0;26;118;47;78;4;19;6.6;157;65.1;60.7
5269;Totaal personen;Rotterdam;2008;443;292;275;244;32;0;25;120;47;78;4;17;5.8;150;66.1;62.2
5270;Totaal personen;Rotterdam;2009;456;301;281;245;37;0;22;123;50;83;4;20;6.7;154;66.1;61.7
5271;Totaal personen;Rotterdam;2010;454;303;279;241;38;0;24;119;47;83;5;24;8.0;151;66.7;61.4
5272;Totaal personen;Rotterdam;2011;459;303;278;241;38;0;24;119;49;83;3;25;8.2;156;66.1;60.7
5273;Totaal personen;Rotterdam;2012;463;311;278;242;36;0;23;117;52;82;5;33;10.5;152;67.1;60.1
5274;Totaal personen;Rotterdam;2013;466;308;270;230;39;0;24;107;44;90;5;38;12.3;158;66.0;57.9
5275;Totaal personen;Rotterdam;2014;468;310;271;228;43;0;25;111;46;84;4;39;12.6;158;66.2;57.9
5276;Totaal personen;Rotterdam;2015;468;310;273;231;42;0;24;110;45;91;3;37;12.0;158;66.3;58.3
5277;Totaal personen;Rotterdam;2016;474;307;272;233;39;0;25;104;45;97;1;34;11.2;167;64.8;57.5
5278;Totaal personen;Rotterdam;2017;477;315;289;242;47;0;28;110;47;100;4;26;8.1;163;65.9;60.6
5279;Totaal personen;Rotterdam;2018;481;321;301;254;48;0;28;116;50;105;2;20;6.2;160;66.8;62.6
5280;Totaal personen;Rozendaal;2003;1;1;1;1;0;0;0;0;0;0;0;0;3.7;0;59.0;56.8
5281;Totaal personen;Rozendaal;2004;1;1;1;1;0;0;0;0;0;0;0;0;4.4;0;60.1;57.4
5282;Totaal personen;Rozendaal;2005;1;1;1;1;0;0;0;0;0;0;0;0;4.2;0;61.1;58.6
5283;Totaal personen;Rozendaal;2006;1;1;1;1;0;0;0;0;0;0;0;0;3.6;0;62.7;60.5
5284;Totaal personen;Rozendaal;2007;1;1;1;1;0;0;0;0;0;0;0;0;3.4;0;63.7;61.6
5285;Totaal personen;Rozendaal;2008;1;1;1;1;0;0;0;0;0;0;0;0;3.0;0;65.5;63.5
5286;Totaal personen;Rozendaal;2009;1;1;1;1;0;0;0;0;0;0;0;0;3.3;0;66.3;64.1
5287;Totaal personen;Rozendaal;2010;1;1;1;1;0;0;0;0;0;0;0;0;3.8;0;66.1;63.6
5288;Totaal personen;Rozendaal;2011;1;1;1;1;0;0;0;0;0;0;0;0;3.6;0;66.4;64.0
5289;Totaal personen;Rozendaal;2012;1;1;1;1;0;0;0;0;0;0;0;0;4.1;0;66.8;64.1
5290;Totaal personen;Rozendaal;2013;1;1;1;1;0;0;0;0;0;0;0;0;5.5;0;66.7;63.0
5291;Totaal personen;Rozendaal;2014;1;1;1;1;0;0;0;0;0;0;0;0;5.8;0;66.9;63.0
5292;Totaal personen;Rozendaal;2015;1;1;1;1;0;0;0;0;0;0;0;0;5.2;0;67.0;63.5
5293;Totaal personen;Rozendaal;2016;1;1;1;1;0;0;0;0;0;0;0;0;4.2;0;68.5;65.6
5294;Totaal personen;Rozendaal;2017;1;1;1;1;0;0;0;0;0;0;0;0;3.4;0;68.5;66.2
5295;Totaal personen;Rozendaal;2018;1;1;1;1;0;0;0;0;0;0;0;0;2.7;0;70.4;68.5
5296;Totaal personen;Rucphen;2003;18;11;11;9;2;0;1;6;2;2;0;1;4.6;6;63.6;60.7
5297;Totaal personen;Rucphen;2004;18;11;11;9;2;0;1;6;2;2;0;1;5.5;7;63.2;59.7
5298;Totaal personen;Rucphen;2005;18;11;11;9;1;0;1;6;2;2;0;1;5.2;6;64.1;60.8
5299;Totaal personen;Rucphen;2006;18;12;11;9;2;0;1;7;2;1;0;1;4.7;6;66.6;63.4
5300;Totaal personen;Rucphen;2007;18;12;11;9;2;0;1;7;2;1;0;0;3.8;6;66.7;64.2
5301;Totaal personen;Rucphen;2008;18;12;12;10;2;0;1;7;2;2;0;0;3.2;6;67.8;65.6
5302;Totaal personen;Rucphen;2009;18;12;11;10;2;0;1;7;2;2;0;0;4.0;6;67.1;64.4
5303;Totaal personen;Rucphen;2010;18;12;12;9;2;0;1;6;2;2;0;1;4.6;6;67.9;64.8
5304;Totaal personen;Rucphen;2011;18;12;11;9;2;0;1;7;2;1;0;1;4.4;6;66.8;63.9
5305;Totaal personen;Rucphen;2012;18;12;11;9;2;0;1;6;2;2;0;1;4.7;6;67.4;64.3
5306;Totaal personen;Rucphen;2013;18;12;11;9;2;0;1;6;2;2;0;1;6.2;6;67.4;63.2
5307;Totaal personen;Rucphen;2014;18;12;11;9;2;0;1;6;2;1;0;1;6.8;6;67.0;62.4
5308;Totaal personen;Rucphen;2015;18;12;11;9;2;0;1;6;2;2;0;1;6.0;6;67.6;63.6
5309;Totaal personen;Rucphen;2016;18;12;11;9;2;0;1;6;2;2;0;1;5.4;6;67.0;63.4
5310;Totaal personen;Rucphen;2017;18;12;11;9;2;0;1;6;2;2;0;1;4.3;6;66.5;63.6
5311;Totaal personen;Rucphen;2018;18;12;12;10;2;0;1;6;2;2;0;0;3.0;6;67.5;65.4
5312;Totaal personen;Schagen;2003;34;23;23;19;3;0;2;12;4;5;0;1;3.5;10;69.2;66.8
5313;Totaal personen;Schagen;2004;34;23;22;19;3;0;2;12;4;5;0;1;4.3;11;67.7;64.8
5314;Totaal personen;Schagen;2005;34;24;23;19;3;0;2;12;4;5;0;1;4.3;11;68.8;65.8
5315;Totaal personen;Schagen;2006;35;24;23;19;4;0;2;12;4;5;0;1;3.7;11;69.4;66.9
5316;Totaal personen;Schagen;2007;35;25;24;20;4;0;2;13;4;5;0;1;3.2;10;70.7;68.5
5317;Totaal personen;Schagen;2008;35;25;24;20;4;0;2;13;4;5;0;1;2.9;10;70.5;68.5
5318;Totaal personen;Schagen;2009;35;25;24;20;4;0;2;12;4;5;1;1;3.4;10;71.1;68.7
5319;Totaal personen;Schagen;2010;35;24;23;19;4;0;2;12;4;5;0;1;3.8;10;70.0;67.4
5320;Totaal personen;Schagen;2011;35;24;23;19;4;0;2;11;4;6;0;1;3.7;11;69.6;67.0
5321;Totaal personen;Schagen;2012;35;24;23;19;4;0;2;12;4;5;0;1;4.4;10;69.9;66.9
5322;Totaal personen;Schagen;2013;35;24;23;19;4;0;2;11;4;5;1;1;5.8;10;70.1;66.0
5323;Totaal personen;Schagen;2014;35;24;23;19;4;0;2;11;4;6;1;1;5.7;10;69.9;65.9
5324;Totaal personen;Schagen;2015;35;24;23;18;4;0;2;10;4;5;1;1;5.0;11;69.5;66.0
5325;Totaal personen;Schagen;2016;35;24;23;19;4;0;2;10;4;5;1;1;4.4;11;69.7;66.7
5326;Totaal personen;Schagen;2017;35;24;23;19;4;0;2;10;4;6;0;1;3.7;11;69.7;67.1
5327;Totaal personen;Schagen;2018;35;25;24;19;4;0;2;12;4;5;0;1;2.9;10;70.5;68.5
5328;Totaal personen;Scherpenzeel;2003;7;5;4;4;1;0;0;2;1;1;0;0;3.1;2;69.8;67.6
5329;Totaal personen;Scherpenzeel;2004;7;5;4;4;1;0;0;2;1;1;0;0;3.7;2;69.3;66.8
5330;Totaal personen;Scherpenzeel;2005;6;5;4;4;1;0;0;2;1;1;0;0;3.8;2;70.1;67.4
5331;Totaal personen;Scherpenzeel;2006;6;5;4;4;1;0;0;2;1;1;0;0;3.3;2;69.9;67.6
5332;Totaal personen;Scherpenzeel;2007;7;5;4;4;1;0;0;2;1;1;0;0;3.0;2;70.8;68.7
5333;Totaal personen;Scherpenzeel;2008;7;5;5;4;1;0;0;2;1;1;0;0;2.7;2;71.9;69.9
5334;Totaal personen;Scherpenzeel;2009;7;5;5;4;1;0;0;2;1;1;0;0;3.1;2;72.7;70.4
5335;Totaal personen;Scherpenzeel;2010;7;5;5;4;1;0;0;2;1;1;0;0;3.6;2;72.2;69.6
5336;Totaal personen;Scherpenzeel;2011;7;5;5;4;1;0;0;2;1;1;0;0;3.4;2;71.4;69.0
5337;Totaal personen;Scherpenzeel;2012;7;5;5;4;1;0;0;2;1;1;0;0;4.0;2;72.1;69.2
5338;Totaal personen;Scherpenzeel;2013;7;5;5;4;1;0;0;2;1;1;0;0;5.3;2;72.7;68.9
5339;Totaal personen;Scherpenzeel;2014;7;5;5;4;1;0;0;2;1;1;0;0;5.5;2;72.6;68.6
5340;Totaal personen;Scherpenzeel;2015;7;5;5;4;1;0;0;2;1;1;0;0;4.9;2;73.5;69.9
5341;Totaal personen;Scherpenzeel;2016;7;5;5;4;1;0;0;2;1;1;0;0;4.2;2;73.0;70.0
5342;Totaal personen;Scherpenzeel;2017;7;5;5;4;1;0;0;2;1;1;0;0;3.5;2;73.2;70.6
5343;Totaal personen;Scherpenzeel;2018;7;5;5;4;1;0;0;2;1;1;0;0;2.7;2;73.1;71.1
5344;Totaal personen;Schiedam;2003;56;36;34;31;4;0;3;17;7;7;1;2;6.1;20;64.8;60.9
5345;Totaal personen;Schiedam;2004;56;37;34;31;3;0;3;17;6;7;0;3;7.0;19;65.2;60.6
5346;Totaal personen;Schiedam;2005;56;37;35;31;3;0;3;17;7;7;1;3;7.6;19;66.5;61.5
5347;Totaal personen;Schiedam;2006;56;37;35;32;3;0;3;16;6;8;1;2;6.4;19;66.3;62.1
5348;Totaal personen;Schiedam;2007;56;38;36;32;4;0;3;17;7;8;1;2;4.6;18;67.8;64.7
5349;Totaal personen;Schiedam;2008;56;39;37;33;4;0;4;17;7;8;1;2;4.2;18;68.5;65.6
5350;Totaal personen;Schiedam;2009;57;39;37;33;4;0;3;17;7;9;1;2;5.2;18;68.4;64.9
5351;Totaal personen;Schiedam;2010;56;39;37;32;5;0;3;18;6;9;0;2;6.1;17;69.1;64.9
5352;Totaal personen;Schiedam;2011;57;39;36;32;4;0;3;17;7;7;1;2;6.3;18;68.3;64.0
5353;Totaal personen;Schiedam;2012;57;39;36;32;4;0;4;17;7;8;1;3;7.9;18;68.9;63.5
5354;Totaal personen;Schiedam;2013;58;40;36;30;6;0;3;16;6;9;1;4;8.8;18;69.2;63.1
5355;Totaal personen;Schiedam;2014;58;40;36;30;5;0;4;17;6;8;1;4;9.6;18;68.4;61.8
5356;Totaal personen;Schiedam;2015;58;40;36;31;6;0;4;17;6;9;1;4;9.3;18;68.9;62.5
5357;Totaal personen;Schiedam;2016;58;40;37;31;6;0;3;17;6;9;1;3;7.6;19;68.2;63.0
5358;Totaal personen;Schiedam;2017;59;40;38;32;5;0;4;18;6;8;1;3;6.4;19;68.4;64.0
5359;Totaal personen;Schiedam;2018;59;41;39;33;5;0;4;15;7;10;2;2;4.7;18;69.0;65.8
5360;Totaal personen;Schiermonnikoog;2003;1;0;0;0;0;0;0;0;0;0;0;0;4.0;0;64.3;61.8
5361;Totaal personen;Schiermonnikoog;2004;1;0;0;0;0;0;0;0;0;0;0;0;4.9;0;63.9;60.7
5362;Totaal personen;Schiermonnikoog;2005;1;0;0;0;0;0;0;0;0;0;0;0;4.9;0;63.0;59.9
5363;Totaal personen;Schiermonnikoog;2006;1;0;0;0;0;0;0;0;0;0;0;0;4.3;0;64.5;61.7
5364;Totaal personen;Schiermonnikoog;2007;1;0;0;0;0;0;0;0;0;0;0;0;3.7;0;65.9;63.5
5365;Totaal personen;Schiermonnikoog;2008;1;0;0;0;0;0;0;0;0;0;0;0;3.2;0;66.4;64.3
5366;Totaal personen;Schiermonnikoog;2009;1;0;0;0;0;0;0;0;0;0;0;0;3.6;0;66.8;64.3
5367;Totaal personen;Schiermonnikoog;2010;1;0;0;0;0;0;0;0;0;0;0;0;4.1;0;65.9;63.2
5368;Totaal personen;Schiermonnikoog;2011;1;0;0;0;0;0;0;0;0;0;0;0;3.9;0;65.0;62.5
5369;Totaal personen;Schiermonnikoog;2012;1;0;0;0;0;0;0;0;0;0;0;0;4.7;0;66.4;63.2
5370;Totaal personen;Schiermonnikoog;2013;1;0;0;0;0;0;0;0;0;0;0;0;5.5;0;67.0;63.3
5371;Totaal personen;Schiermonnikoog;2014;1;0;0;0;0;0;0;0;0;0;0;0;4.9;0;67.4;64.1
5372;Totaal personen;Schiermonnikoog;2015;1;0;0;0;0;0;0;0;0;0;0;0;4.3;0;67.6;64.7
5373;Totaal personen;Schiermonnikoog;2016;1;0;0;0;0;0;0;0;0;0;0;0;4.2;0;67.2;64.4
5374;Totaal personen;Schiermonnikoog;2017;1;0;0;0;0;0;0;0;0;0;0;0;3.7;0;67.9;65.4
5375;Totaal personen;Schiermonnikoog;2018;1;0;0;0;0;0;0;0;0;0;0;0;2.9;0;67.6;65.7
5376;Totaal personen;Schinnen;2003;10;7;6;6;1;0;1;3;1;2;0;0;4.3;4;62.6;60.0
5377;Totaal personen;Schinnen;2004;10;7;6;5;1;0;0;3;1;2;0;0;5.0;4;63.8;60.6
5378;Totaal personen;Schinnen;2005;10;7;6;5;1;0;1;3;1;2;0;0;5.6;4;63.1;59.6
5379;Totaal personen;Schinnen;2006;10;7;6;5;1;0;1;3;1;2;0;0;4.8;4;64.1;61.0
5380;Totaal personen;Schinnen;2007;10;7;6;5;1;0;1;3;1;2;0;0;4.1;4;65.0;62.3
5381;Totaal personen;Schinnen;2008;10;7;7;6;1;0;1;3;1;2;0;0;3.5;4;65.8;63.5
5382;Totaal personen;Schinnen;2009;10;7;7;6;1;0;1;3;1;2;0;0;4.3;4;66.1;63.3
5383;Totaal personen;Schinnen;2010;10;7;7;5;1;0;1;3;1;2;0;0;4.7;4;66.2;63.0
5384;Totaal personen;Schinnen;2011;10;7;6;5;1;0;1;3;1;2;0;0;4.6;4;65.8;62.7
5385;Totaal personen;Schinnen;2012;10;7;6;5;1;0;1;3;1;2;0;0;5.2;3;66.0;62.6
5386;Totaal personen;Schinnen;2013;10;7;6;5;1;0;1;3;1;2;0;0;6.3;3;66.4;62.2
5387;Totaal personen;Schinnen;2014;10;7;6;5;1;0;1;3;1;1;0;0;6.3;3;66.2;62.0
5388;Totaal personen;Schinnen;2015;10;7;6;5;1;0;1;3;1;2;0;0;5.7;3;67.4;63.5
5389;Totaal personen;Schinnen;2016;10;7;6;5;1;0;1;3;1;2;0;0;4.9;3;66.7;63.4
5390;Totaal personen;Schinnen;2017;10;6;6;5;1;0;1;3;1;2;0;0;4.0;3;66.1;63.5
5391;Totaal personen;Schinnen;2018;10;7;6;5;1;0;1;3;1;2;0;0;3.3;3;67.4;65.2
5392;Totaal personen;Schouwen-Duiveland;2003;25;17;16;13;3;0;1;8;3;3;0;1;3.5;9;65.0;62.7
5393;Totaal personen;Schouwen-Duiveland;2004;25;16;16;13;3;0;1;9;3;3;0;1;3.8;9;64.7;62.2
5394;Totaal personen;Schouwen-Duiveland;2005;25;17;16;13;3;0;1;9;3;3;0;1;3.7;9;66.2;63.8
5395;Totaal personen;Schouwen-Duiveland;2006;25;17;16;13;3;0;1;9;3;3;0;1;3.5;8;67.0;64.7
5396;Totaal personen;Schouwen-Duiveland;2007;25;17;16;13;4;0;1;9;3;3;1;0;2.9;8;66.6;64.7
5397;Totaal personen;Schouwen-Duiveland;2008;25;17;17;13;3;0;2;9;3;3;0;0;2.7;8;67.4;65.6
5398;Totaal personen;Schouwen-Duiveland;2009;25;17;17;14;2;0;1;9;3;3;0;1;2.9;8;67.7;65.7
5399;Totaal personen;Schouwen-Duiveland;2010;25;17;16;13;3;0;1;8;3;3;1;1;3.4;8;67.3;65.0
5400;Totaal personen;Schouwen-Duiveland;2011;25;17;16;13;3;0;1;8;3;4;0;1;3.3;8;66.6;64.4
5401;Totaal personen;Schouwen-Duiveland;2012;25;17;16;13;3;0;1;8;3;4;1;1;3.8;8;67.2;64.6
5402;Totaal personen;Schouwen-Duiveland;2013;25;17;16;13;3;0;1;7;3;4;0;1;4.9;8;67.4;64.1
5403;Totaal personen;Schouwen-Duiveland;2014;25;17;16;13;3;0;2;7;3;4;1;1;4.8;8;68.1;64.9
5404;Totaal personen;Schouwen-Duiveland;2015;25;17;16;13;3;0;2;8;3;4;0;1;4.7;8;68.9;65.6
5405;Totaal personen;Schouwen-Duiveland;2016;25;17;17;13;3;0;2;9;3;3;0;1;3.9;8;69.2;66.5
5406;Totaal personen;Schouwen-Duiveland;2017;25;17;16;13;3;0;2;8;3;3;1;1;3.5;8;67.8;65.5
5407;Totaal personen;Schouwen-Duiveland;2018;25;17;17;13;4;0;2;8;3;4;0;0;2.7;8;69.5;67.7
5408;Totaal personen;Simpelveld;2003;9;5;5;5;1;0;1;3;1;1;0;0;4.4;3;62.2;59.4
5409;Totaal personen;Simpelveld;2004;9;5;5;4;1;0;0;3;1;1;0;0;5.6;3;62.8;59.3
5410;Totaal personen;Simpelveld;2005;9;5;5;4;1;0;1;3;1;1;0;0;5.8;3;62.4;58.8
5411;Totaal personen;Simpelveld;2006;9;6;5;4;1;0;1;3;1;1;0;0;4.9;3;63.2;60.1
5412;Totaal personen;Simpelveld;2007;9;6;5;5;1;0;1;3;1;1;0;0;4.1;3;65.1;62.5
5413;Totaal personen;Simpelveld;2008;9;6;5;5;1;0;1;3;1;1;0;0;3.6;3;65.1;62.8
5414;Totaal personen;Simpelveld;2009;9;6;5;5;1;0;0;3;1;1;0;0;4.1;3;65.6;62.9
5415;Totaal personen;Simpelveld;2010;8;6;5;4;1;0;0;3;1;1;0;0;4.4;3;65.9;63.0
5416;Totaal personen;Simpelveld;2011;8;6;5;4;1;0;0;3;1;1;0;0;4.3;3;65.6;62.8
5417;Totaal personen;Simpelveld;2012;8;6;5;4;1;0;1;3;1;1;0;0;5.3;3;66.7;63.2
5418;Totaal personen;Simpelveld;2013;8;6;5;4;1;0;1;3;1;1;0;0;6.6;3;66.8;62.4
5419;Totaal personen;Simpelveld;2014;8;6;5;4;1;0;0;3;1;1;0;0;6.5;3;66.2;61.9
5420;Totaal personen;Simpelveld;2015;8;5;5;4;1;0;0;3;1;1;0;0;6.1;3;67.0;62.9
5421;Totaal personen;Simpelveld;2016;8;5;5;4;1;0;1;2;1;1;0;0;5.0;3;66.4;63.1
5422;Totaal personen;Simpelveld;2017;8;5;5;4;1;0;1;3;1;1;0;0;3.9;3;66.4;63.8
5423;Totaal personen;Simpelveld;2018;8;5;5;4;1;0;1;2;1;1;0;0;3.3;3;67.1;64.8
5424;Totaal personen;Sint Anthonis;2003;8;6;6;5;1;0;0;3;1;1;0;0;3.5;3;68.7;66.3
5425;Totaal personen;Sint Anthonis;2004;8;6;6;5;1;0;0;3;1;1;0;0;4.0;3;69.9;67.1
5426;Totaal personen;Sint Anthonis;2005;8;6;6;5;1;0;0;3;1;1;0;0;4.2;3;69.9;67.0
5427;Totaal personen;Sint Anthonis;2006;8;6;6;5;1;0;1;3;1;1;0;0;3.5;2;72.5;69.9
5428;Totaal personen;Sint Anthonis;2007;8;6;6;5;1;0;0;4;1;1;0;0;3.0;2;73.0;70.8
5429;Totaal personen;Sint Anthonis;2008;8;6;6;5;1;0;0;4;1;1;0;0;2.8;2;73.1;71.0
5430;Totaal personen;Sint Anthonis;2009;8;6;6;5;1;0;0;3;1;1;0;0;3.2;2;74.6;72.2
5431;Totaal personen;Sint Anthonis;2010;8;6;6;5;1;0;1;3;1;1;0;0;3.7;2;73.9;71.2
5432;Totaal personen;Sint Anthonis;2011;8;6;6;5;1;0;0;3;1;1;0;0;3.4;2;72.7;70.3
5433;Totaal personen;Sint Anthonis;2012;8;6;6;5;1;0;0;3;1;1;0;0;4.0;2;73.6;70.7
5434;Totaal personen;Sint Anthonis;2013;9;6;6;5;1;0;0;3;1;1;0;0;5.1;2;73.6;69.8
5435;Totaal personen;Sint Anthonis;2014;9;6;6;5;1;0;1;3;1;1;0;0;5.5;2;72.5;68.5
5436;Totaal personen;Sint Anthonis;2015;9;6;6;5;1;0;1;3;1;1;0;0;5.2;2;73.0;69.2
5437;Totaal personen;Sint Anthonis;2016;9;6;6;5;1;0;0;3;1;1;0;0;4.6;2;72.8;69.4
5438;Totaal personen;Sint Anthonis;2017;9;6;6;5;1;0;0;3;1;1;0;0;3.8;2;73.2;70.3
5439;Totaal personen;Sint Anthonis;2018;9;6;6;5;1;0;1;3;1;1;0;0;2.8;2;73.0;71.0
5440;Totaal personen;Sint-Michielsgestel;2003;21;14;14;12;2;0;1;7;3;4;0;1;3.7;6;68.9;66.4
5441;Totaal personen;Sint-Michielsgestel;2004;21;14;14;11;2;0;1;7;2;4;0;1;4.1;7;68.6;65.8
5442;Totaal personen;Sint-Michielsgestel;2005;21;14;14;11;3;0;1;6;2;4;0;1;3.9;6;68.8;66.1
5443;Totaal personen;Sint-Michielsgestel;2006;21;14;14;12;2;0;1;6;2;3;0;1;3.8;7;68.0;65.4
5444;Totaal personen;Sint-Michielsgestel;2007;21;14;14;12;2;0;1;7;2;3;0;0;3.1;6;69.7;67.5
5445;Totaal personen;Sint-Michielsgestel;2008;21;15;14;11;3;0;1;7;3;3;0;0;2.8;6;71.2;69.1
5446;Totaal personen;Sint-Michielsgestel;2009;21;15;14;12;3;0;1;7;2;3;0;0;3.3;6;71.6;69.2
5447;Totaal personen;Sint-Michielsgestel;2010;21;15;14;11;3;0;1;7;2;4;0;1;3.7;6;71.8;69.2
5448;Totaal personen;Sint-Michielsgestel;2011;21;15;14;11;3;0;1;7;2;4;0;0;3.4;6;71.1;68.7
5449;Totaal personen;Sint-Michielsgestel;2012;21;15;14;11;3;0;1;7;2;4;0;1;4.1;6;70.5;67.6
5450;Totaal personen;Sint-Michielsgestel;2013;21;15;14;11;3;0;1;7;2;4;0;1;5.3;6;72.0;68.2
5451;Totaal personen;Sint-Michielsgestel;2014;21;15;14;11;3;0;1;7;2;4;0;1;5.4;6;71.8;67.9
5452;Totaal personen;Sint-Michielsgestel;2015;21;15;14;11;3;0;1;6;2;4;0;1;5.2;6;71.2;67.5
5453;Totaal personen;Sint-Michielsgestel;2016;21;15;14;12;3;0;1;6;2;4;0;1;4.5;6;71.4;68.2
5454;Totaal personen;Sint-Michielsgestel;2017;21;15;15;12;3;0;1;6;2;5;0;1;3.7;6;71.5;68.8
5455;Totaal personen;Sint-Michielsgestel;2018;21;15;15;12;3;0;1;7;3;4;0;0;3.1;6;71.9;69.7
5456;Totaal personen;Sittard-Geleen;2003;74;46;43;39;5;0;4;20;8;9;1;3;5.9;28;62.1;58.4
5457;Totaal personen;Sittard-Geleen;2004;74;46;43;38;5;0;3;20;8;11;1;3;6.9;28;62.6;58.2
5458;Totaal personen;Sittard-Geleen;2005;74;46;43;38;5;0;4;20;9;10;1;4;7.7;27;63.0;58.1
5459;Totaal personen;Sittard-Geleen;2006;73;46;43;39;5;0;4;19;8;10;1;3;6.5;27;63.0;58.9
5460;Totaal personen;Sittard-Geleen;2007;73;46;44;39;5;0;4;19;8;11;1;3;5.6;27;63.2;59.6
5461;Totaal personen;Sittard-Geleen;2008;73;47;45;40;5;0;4;22;8;11;0;2;4.8;25;65.0;61.9
5462;Totaal personen;Sittard-Geleen;2009;72;47;44;38;6;0;3;21;8;11;0;3;6.0;25;64.8;60.9
5463;Totaal personen;Sittard-Geleen;2010;72;46;43;37;6;0;4;19;8;11;1;3;6.0;26;63.9;60.0
5464;Totaal personen;Sittard-Geleen;2011;71;47;44;38;6;0;4;18;9;12;2;2;5.3;25;65.3;61.8
5465;Totaal personen;Sittard-Geleen;2012;71;47;44;37;6;0;4;18;9;13;1;3;6.0;25;65.2;61.3
5466;Totaal personen;Sittard-Geleen;2013;71;47;43;37;7;0;4;20;8;12;1;4;7.9;24;65.8;60.6
5467;Totaal personen;Sittard-Geleen;2014;72;46;43;36;6;0;3;18;8;12;1;3;7.5;26;64.3;59.5
5468;Totaal personen;Sittard-Geleen;2015;71;47;44;37;6;0;4;19;8;13;1;3;6.5;24;65.8;61.5
5469;Totaal personen;Sittard-Geleen;2016;71;46;44;39;5;0;4;19;8;12;1;3;5.4;25;64.9;61.3
5470;Totaal personen;Sittard-Geleen;2017;71;46;44;38;6;0;4;20;8;10;2;2;5.1;25;64.8;61.5
5471;Totaal personen;Sittard-Geleen;2018;71;46;45;39;6;0;4;20;8;12;1;2;3.8;25;65.3;62.9
5472;Totaal personen;Sliedrecht;2003;17;11;11;10;1;0;1;5;2;2;0;0;4.0;6;67.6;64.8
5473;Totaal personen;Sliedrecht;2004;17;12;11;10;1;0;1;6;2;3;0;1;4.6;5;69.0;65.8
5474;Totaal personen;Sliedrecht;2005;17;12;11;10;1;0;1;6;2;2;0;1;4.7;5;68.8;65.5
5475;Totaal personen;Sliedrecht;2006;17;12;11;10;1;0;1;5;2;2;0;0;4.0;5;69.4;66.6
5476;Totaal personen;Sliedrecht;2007;17;12;11;10;1;0;1;5;2;2;1;0;3.4;5;69.2;66.8
5477;Totaal personen;Sliedrecht;2008;17;12;12;10;1;0;1;6;2;2;1;0;2.9;5;69.6;67.6
5478;Totaal personen;Sliedrecht;2009;17;12;12;10;2;0;1;6;2;2;0;0;3.3;5;71.1;68.8
5479;Totaal personen;Sliedrecht;2010;17;12;12;10;2;0;1;5;2;3;0;0;3.9;5;70.3;67.6
5480;Totaal personen;Sliedrecht;2011;17;12;12;10;2;0;1;5;2;3;0;0;3.9;5;70.6;67.9
5481;Totaal personen;Sliedrecht;2012;17;12;12;10;2;0;1;6;2;2;1;1;4.5;5;71.4;68.2
5482;Totaal personen;Sliedrecht;2013;17;12;12;10;2;0;1;5;2;3;0;1;5.6;5;71.0;67.0
5483;Totaal personen;Sliedrecht;2014;17;12;12;10;2;0;1;5;2;3;0;1;5.2;5;70.5;66.8
5484;Totaal personen;Sliedrecht;2015;17;12;12;10;2;0;1;5;2;4;0;1;5.0;5;71.4;67.8
5485;Totaal personen;Sliedrecht;2016;18;13;12;10;2;0;1;5;2;3;0;1;4.6;5;71.8;68.5
5486;Totaal personen;Sliedrecht;2017;18;12;12;10;2;0;1;6;2;3;0;0;4.0;5;70.9;68.1
5487;Totaal personen;Sliedrecht;2018;18;13;12;10;2;0;1;6;2;3;0;0;3.3;5;71.5;69.1
5488;Totaal personen;Sluis;2003;18;11;11;9;2;0;1;5;2;2;0;0;4.0;7;62.3;59.7
5489;Totaal personen;Sluis;2004;18;11;11;9;2;0;1;6;2;2;0;1;4.8;7;63.1;60.0
5490;Totaal personen;Sluis;2005;18;11;11;9;2;0;1;6;2;2;0;1;4.7;7;63.0;60.0
5491;Totaal personen;Sluis;2006;18;12;11;9;2;0;1;6;2;2;0;0;4.3;6;64.2;61.4
5492;Totaal personen;Sluis;2007;18;12;11;9;2;0;1;6;2;2;0;0;3.5;6;65.3;63.0
5493;Totaal personen;Sluis;2008;18;12;11;9;2;0;1;5;2;2;1;0;3.4;6;64.2;62.0
5494;Totaal personen;Sluis;2009;18;12;11;9;2;0;1;7;2;2;0;0;3.6;6;65.3;63.0
5495;Totaal personen;Sluis;2010;18;12;11;9;2;0;1;6;2;2;0;0;3.9;6;65.5;62.9
5496;Totaal personen;Sluis;2011;18;11;11;9;2;0;1;6;2;2;0;0;3.9;6;63.8;61.4
5497;Totaal personen;Sluis;2012;18;12;11;9;2;0;1;6;2;2;0;0;4.0;6;65.5;62.9
5498;Totaal personen;Sluis;2013;18;12;11;9;2;0;1;6;2;2;0;1;5.4;6;64.6;61.1
5499;Totaal personen;Sluis;2014;18;12;11;9;2;0;1;6;2;2;0;1;4.9;6;64.7;61.6
5500;Totaal personen;Sluis;2015;18;12;11;9;2;0;1;6;2;2;0;1;5.0;6;66.2;62.9
5501;Totaal personen;Sluis;2016;18;12;11;9;2;0;1;6;2;2;0;0;4.0;6;65.6;63.0
5502;Totaal personen;Sluis;2017;18;11;11;9;2;0;1;6;2;2;0;0;3.7;6;64.0;61.6
5503;Totaal personen;Sluis;2018;18;12;11;8;3;0;1;6;2;2;0;0;2.9;6;65.9;64.0
5504;Totaal personen;Smallingerland;2003;40;25;24;22;2;0;2;11;4;5;1;1;5.7;14;64.0;60.3
5505;Totaal personen;Smallingerland;2004;40;25;23;21;2;0;2;12;4;5;1;2;7.3;15;63.3;58.8
5506;Totaal personen;Smallingerland;2005;40;26;25;22;3;0;2;13;4;5;0;2;6.9;14;65.6;61.1
5507;Totaal personen;Smallingerland;2006;40;26;25;22;3;0;2;13;4;5;1;2;5.7;14;65.6;61.8
5508;Totaal personen;Smallingerland;2007;40;27;26;22;4;0;2;14;5;5;0;1;4.6;13;66.8;63.7
5509;Totaal personen;Smallingerland;2008;40;28;27;23;3;0;2;14;5;5;1;1;4.4;13;68.7;65.6
5510;Totaal personen;Smallingerland;2009;40;28;27;23;4;0;2;14;4;6;0;1;5.0;12;70.1;66.5
5511;Totaal personen;Smallingerland;2010;41;28;26;22;4;0;3;12;4;7;0;2;5.9;13;68.3;64.2
5512;Totaal personen;Smallingerland;2011;41;28;26;22;4;0;3;13;4;6;0;2;5.9;13;68.1;64.1
5513;Totaal personen;Smallingerland;2012;41;28;26;22;4;0;2;14;4;5;0;2;7.7;13;68.7;63.4
5514;Totaal personen;Smallingerland;2013;41;28;26;22;4;0;2;12;5;6;1;2;8.6;13;69.0;63.1
5515;Totaal personen;Smallingerland;2014;41;29;26;22;4;0;3;13;4;5;0;3;8.8;12;70.6;64.4
5516;Totaal personen;Smallingerland;2015;41;28;26;22;4;0;3;12;4;5;1;2;8.3;13;69.1;63.3
5517;Totaal personen;Smallingerland;2016;40;28;26;22;4;0;3;12;5;5;2;2;7.6;13;68.4;63.2
5518;Totaal personen;Smallingerland;2017;41;28;27;23;4;0;3;12;4;6;1;1;5.3;13;68.6;65.0
5519;Totaal personen;Smallingerland;2018;41;29;27;23;4;0;3;12;5;7;0;1;4.1;12;69.9;67.1
5520;Totaal personen;Soest;2003;33;22;21;18;3;0;1;9;4;6;0;1;4.4;11;66.5;63.6
5521;Totaal personen;Soest;2004;33;22;21;18;3;0;2;10;4;6;0;1;5.0;11;67.8;64.4
5522;Totaal personen;Soest;2005;33;22;21;18;3;0;1;10;4;6;0;1;5.4;10;68.2;64.6
5523;Totaal personen;Soest;2006;33;22;21;18;4;0;1;10;4;7;0;1;4.3;11;67.8;64.9
5524;Totaal personen;Soest;2007;33;23;22;18;4;0;1;10;4;7;0;1;3.7;10;69.0;66.5
5525;Totaal personen;Soest;2008;33;23;23;19;4;0;2;10;4;7;0;1;3.2;10;69.9;67.6
5526;Totaal personen;Soest;2009;33;23;23;19;4;0;2;11;4;6;0;1;3.8;10;70.2;67.5
5527;Totaal personen;Soest;2010;33;23;22;18;4;0;2;9;4;7;0;1;4.5;10;68.9;65.8
5528;Totaal personen;Soest;2011;33;23;22;18;4;0;1;9;4;7;0;1;4.8;10;69.3;66.0
5529;Totaal personen;Soest;2012;33;23;22;18;4;0;2;9;4;8;0;1;5.4;10;70.2;66.4
5530;Totaal personen;Soest;2013;33;23;22;18;4;0;2;8;4;8;0;2;6.7;10;70.0;65.3
5531;Totaal personen;Soest;2014;33;23;21;18;4;0;2;8;4;7;1;2;6.8;10;69.0;64.3
5532;Totaal personen;Soest;2015;33;23;21;17;4;0;2;8;3;8;0;1;6.4;10;69.0;64.6
5533;Totaal personen;Soest;2016;33;23;22;18;4;0;2;9;3;8;0;1;5.2;10;68.6;65.0
5534;Totaal personen;Soest;2017;34;23;22;18;4;0;2;8;4;8;0;1;4.3;11;67.6;64.6
5535;Totaal personen;Soest;2018;34;23;23;18;5;0;2;8;4;9;0;1;3.7;10;69.1;66.5
5536;Totaal personen;Someren;2003;14;9;9;7;1;0;1;5;1;2;0;0;3.8;4;67.1;64.6
5537;Totaal personen;Someren;2004;13;9;9;7;1;0;1;5;1;2;0;0;4.5;4;67.5;64.5
5538;Totaal personen;Someren;2005;13;9;9;7;2;0;1;5;1;1;0;0;4.3;4;68.1;65.2
5539;Totaal personen;Someren;2006;14;9;9;7;2;0;1;5;1;2;0;0;3.9;4;68.6;65.9
5540;Totaal personen;Someren;2007;14;9;9;7;2;0;1;5;1;2;0;0;3.4;4;69.5;67.1
5541;Totaal personen;Someren;2008;14;10;10;8;2;0;1;5;2;2;0;0;2.9;4;71.8;69.7
5542;Totaal personen;Someren;2009;14;10;10;7;2;0;1;5;2;2;0;0;3.7;4;72.0;69.4
5543;Totaal personen;Someren;2010;14;10;10;8;2;0;1;5;2;2;0;0;4.0;4;71.9;69.0
5544;Totaal personen;Someren;2011;14;10;10;8;2;0;1;5;2;2;0;0;3.8;4;70.9;68.3
5545;Totaal personen;Someren;2012;14;10;10;8;2;0;1;5;2;2;0;0;4.1;4;72.6;69.7
5546;Totaal personen;Someren;2013;14;10;10;8;2;0;1;5;2;2;0;1;5.7;4;72.0;67.9
5547;Totaal personen;Someren;2014;14;10;10;8;2;0;1;5;2;2;0;1;6.0;4;72.0;67.7
5548;Totaal personen;Someren;2015;14;10;10;8;2;0;1;5;2;2;0;1;5.7;4;71.9;67.8
5549;Totaal personen;Someren;2016;15;10;10;8;2;0;1;5;2;2;0;0;4.8;4;71.6;68.2
5550;Totaal personen;Someren;2017;15;11;10;8;2;0;1;6;2;2;0;0;3.6;4;72.5;69.9
5551;Totaal personen;Someren;2018;15;11;10;8;2;0;1;5;2;2;0;0;3.0;4;72.6;70.5
5552;Totaal personen;Son en Breugel;2003;11;7;7;6;1;0;0;3;1;2;0;0;3.8;4;65.4;62.9
5553;Totaal personen;Son en Breugel;2004;11;7;7;6;1;0;1;3;1;2;0;0;4.6;4;65.9;62.8
5554;Totaal personen;Son en Breugel;2005;11;7;7;6;1;0;1;3;1;2;0;0;4.5;4;66.4;63.4
5555;Totaal personen;Son en Breugel;2006;11;7;7;6;1;0;1;3;1;2;0;0;4.1;4;66.9;64.2
5556;Totaal personen;Son en Breugel;2007;11;8;7;6;1;0;1;3;1;2;0;0;3.3;3;68.9;66.7
5557;Totaal personen;Son en Breugel;2008;11;8;7;6;1;0;1;3;1;2;0;0;3.0;3;69.8;67.7
5558;Totaal personen;Son en Breugel;2009;11;8;7;6;1;0;1;4;1;2;0;0;3.8;3;70.9;68.3
5559;Totaal personen;Son en Breugel;2010;11;8;7;6;1;0;1;3;1;3;0;0;4.5;3;69.3;66.2
5560;Totaal personen;Son en Breugel;2011;11;8;7;6;1;0;1;3;1;3;0;0;3.8;3;70.2;67.6
5561;Totaal personen;Son en Breugel;2012;11;8;8;6;1;0;1;3;1;2;0;0;4.2;3;71.2;68.2
5562;Totaal personen;Son en Breugel;2013;12;8;8;7;1;0;1;3;1;2;0;0;6.1;3;70.9;66.6
5563;Totaal personen;Son en Breugel;2014;12;8;8;7;1;0;1;3;1;3;0;0;5.8;3;71.4;67.2
5564;Totaal personen;Son en Breugel;2015;12;8;8;7;1;0;1;3;1;3;0;0;5.5;3;71.6;67.7
5565;Totaal personen;Son en Breugel;2016;12;8;8;7;1;0;1;3;1;3;0;0;4.7;3;72.3;68.9
5566;Totaal personen;Son en Breugel;2017;12;9;8;7;1;0;1;4;1;3;0;0;3.6;3;73.1;70.5
5567;Totaal personen;Son en Breugel;2018;12;9;8;7;1;0;1;3;1;3;0;0;3.1;3;73.4;71.1
5568;Totaal personen;Stadskanaal;2003;25;15;15;13;2;0;2;8;2;2;0;1;6.1;10;61.4;57.7
5569;Totaal personen;Stadskanaal;2004;25;16;14;12;2;0;1;8;2;2;0;1;7.8;10;61.7;56.9
5570;Totaal personen;Stadskanaal;2005;25;16;15;12;2;0;2;8;2;2;0;1;7.9;9;62.8;57.8
5571;Totaal personen;Stadskanaal;2006;25;16;15;12;2;0;1;9;2;2;0;1;6.5;10;61.6;57.6
5572;Totaal personen;Stadskanaal;2007;25;16;15;13;2;0;2;9;2;2;0;1;5.5;9;63.0;59.6
5573;Totaal personen;Stadskanaal;2008;25;16;15;13;3;0;1;9;3;3;0;1;4.5;9;65.2;62.3
5574;Totaal personen;Stadskanaal;2009;25;16;15;13;2;0;1;8;3;2;1;1;5.6;9;64.1;60.5
5575;Totaal personen;Stadskanaal;2010;25;16;15;13;2;0;1;7;3;3;0;1;6.0;9;64.2;60.3
5576;Totaal personen;Stadskanaal;2011;24;16;15;12;2;0;1;8;3;3;1;1;6.1;8;65.4;61.4
5577;Totaal personen;Stadskanaal;2012;24;16;15;12;2;0;1;8;3;2;1;1;6.3;8;65.4;61.3
5578;Totaal personen;Stadskanaal;2013;24;16;15;12;3;0;2;8;2;2;0;1;7.4;8;65.5;60.6
5579;Totaal personen;Stadskanaal;2014;24;16;15;12;3;0;1;8;2;3;0;1;7.6;8;65.7;60.7
5580;Totaal personen;Stadskanaal;2015;24;16;15;12;3;0;2;7;2;3;1;1;7.9;8;65.9;60.7
5581;Totaal personen;Stadskanaal;2016;24;16;15;12;2;0;1;8;2;2;0;1;6.7;8;65.9;61.4
5582;Totaal personen;Stadskanaal;2017;24;16;15;12;3;0;2;8;2;2;1;1;5.6;8;66.3;62.6
5583;Totaal personen;Stadskanaal;2018;24;16;15;12;3;0;2;8;3;3;1;1;4.7;8;67.0;63.8
5584;Totaal personen;Staphorst;2003;11;7;7;6;1;0;1;4;1;1;0;0;3.4;3;69.6;67.2
5585;Totaal personen;Staphorst;2004;11;7;7;6;1;0;1;4;1;1;0;0;4.1;3;69.0;66.2
5586;Totaal personen;Staphorst;2005;11;8;7;6;1;0;1;4;1;1;0;0;4.0;3;70.7;67.9
5587;Totaal personen;Staphorst;2006;11;8;7;6;1;0;1;4;1;1;0;0;3.5;3;70.8;68.3
5588;Totaal personen;Staphorst;2007;11;8;8;6;1;0;1;4;1;1;0;0;3.2;3;72.1;69.8
5589;Totaal personen;Staphorst;2008;11;8;8;6;1;0;1;4;1;1;0;0;2.8;3;73.9;71.9
5590;Totaal personen;Staphorst;2009;11;8;8;6;2;0;1;5;1;1;0;0;3.3;3;73.6;71.2
5591;Totaal personen;Staphorst;2010;11;8;8;6;1;0;1;4;1;2;0;0;3.8;3;72.8;70.0
5592;Totaal personen;Staphorst;2011;11;8;8;7;1;0;1;5;1;1;0;0;3.8;3;73.1;70.3
5593;Totaal personen;Staphorst;2012;11;8;8;6;2;0;1;4;1;1;0;0;4.0;3;73.7;70.8
5594;Totaal personen;Staphorst;2013;11;8;8;6;2;0;1;4;1;1;0;0;5.7;3;73.1;68.9
5595;Totaal personen;Staphorst;2014;12;8;8;7;1;0;1;4;1;1;0;0;5.5;3;72.5;68.5
5596;Totaal personen;Staphorst;2015;12;9;8;7;1;0;1;4;1;2;0;0;5.2;3;73.1;69.3
5597;Totaal personen;Staphorst;2016;12;9;8;7;1;0;1;4;1;2;0;0;4.6;3;73.3;69.9
5598;Totaal personen;Staphorst;2017;12;9;9;7;1;0;1;4;1;2;0;0;3.5;3;73.9;71.3
5599;Totaal personen;Staphorst;2018;12;9;9;7;2;0;1;4;1;2;0;0;2.8;3;74.8;72.7
5600;Totaal personen;Stede Broec;2003;16;11;11;9;1;0;1;6;2;2;0;0;3.6;5;69.2;66.7
5601;Totaal personen;Stede Broec;2004;16;11;11;9;2;0;1;6;2;2;0;1;4.5;5;70.2;67.0
5602;Totaal personen;Stede Broec;2005;16;11;11;9;1;0;1;6;2;2;0;1;4.8;5;69.9;66.6
5603;Totaal personen;Stede Broec;2006;16;11;11;9;1;0;1;6;2;2;0;0;4.0;5;69.7;66.9
5604;Totaal personen;Stede Broec;2007;16;11;11;10;1;0;1;6;2;2;0;0;3.5;5;71.1;68.6
5605;Totaal personen;Stede Broec;2008;16;11;11;10;1;0;1;6;2;2;0;0;3.0;5;70.7;68.6
5606;Totaal personen;Stede Broec;2009;16;11;11;10;2;0;1;6;2;2;0;0;3.4;5;71.4;69.0
5607;Totaal personen;Stede Broec;2010;16;11;11;10;1;0;1;6;2;2;0;0;4.1;5;71.1;68.2
5608;Totaal personen;Stede Broec;2011;16;11;11;10;1;0;1;5;2;2;1;0;3.8;5;70.4;67.7
5609;Totaal personen;Stede Broec;2012;16;11;11;9;2;0;1;6;2;2;0;1;4.8;5;69.9;66.5
5610;Totaal personen;Stede Broec;2013;16;11;11;9;2;0;1;5;2;2;1;1;6.2;5;69.9;65.6
5611;Totaal personen;Stede Broec;2014;16;12;11;9;2;0;1;5;2;3;0;1;6.0;5;70.2;66.0
5612;Totaal personen;Stede Broec;2015;16;11;11;9;2;0;1;6;2;2;0;1;5.7;5;69.9;65.9
5613;Totaal personen;Stede Broec;2016;16;11;11;9;2;0;1;5;2;2;1;1;5.2;5;70.0;66.4
5614;Totaal personen;Stede Broec;2017;16;12;11;9;2;0;1;5;2;2;1;0;4.2;5;70.1;67.2
5615;Totaal personen;Stede Broec;2018;16;12;11;9;2;0;1;5;2;2;1;0;3.5;5;70.1;67.6
5616;Totaal personen;Steenbergen;2003;18;12;11;10;2;0;1;6;2;2;0;0;4.1;6;67.5;64.7
5617;Totaal personen;Steenbergen;2004;18;12;11;10;1;0;1;6;2;2;0;1;5.1;6;66.7;63.3
5618;Totaal personen;Steenbergen;2005;18;12;11;10;2;0;1;6;2;2;0;1;4.8;6;67.5;64.2
5619;Totaal personen;Steenbergen;2006;18;12;12;10;2;0;1;6;2;2;0;1;4.4;5;68.9;65.9
5620;Totaal personen;Steenbergen;2007;18;12;12;10;2;0;1;6;2;2;0;0;3.7;6;68.2;65.7
5621;Totaal personen;Steenbergen;2008;18;12;12;10;2;0;1;7;2;2;0;0;3.1;5;70.2;68.0
5622;Totaal personen;Steenbergen;2009;18;12;12;10;2;0;1;6;2;2;0;0;3.6;5;70.7;68.1
5623;Totaal personen;Steenbergen;2010;18;12;12;9;3;0;1;6;2;3;0;1;4.3;5;70.7;67.7
5624;Totaal personen;Steenbergen;2011;18;12;12;10;2;0;1;6;2;2;0;1;4.1;5;69.4;66.5
5625;Totaal personen;Steenbergen;2012;18;13;12;10;2;0;1;6;2;2;0;1;4.4;5;70.0;67.0
5626;Totaal personen;Steenbergen;2013;18;13;12;10;2;0;1;5;2;3;0;1;6.1;5;70.3;66.0
5627;Totaal personen;Steenbergen;2014;18;13;12;10;2;0;1;6;2;3;0;1;6.4;5;69.9;65.4
5628;Totaal personen;Steenbergen;2015;18;13;12;10;2;0;1;6;2;3;0;1;6.4;5;69.8;65.3
5629;Totaal personen;Steenbergen;2016;18;13;12;10;2;0;1;6;2;2;0;1;5.8;5;70.1;66.1
5630;Totaal personen;Steenbergen;2017;18;13;12;10;2;0;1;6;2;2;0;1;4.3;5;71.0;68.0
5631;Totaal personen;Steenbergen;2018;19;14;13;11;2;0;1;7;2;3;0;0;3.3;6;71.1;68.8
5632;Totaal personen;Steenwijkerland;2003;31;20;19;16;3;0;2;11;3;4;0;1;4.7;11;64.3;61.3
5633;Totaal personen;Steenwijkerland;2004;31;20;19;16;4;0;2;11;3;4;0;1;5.5;11;65.1;61.5
5634;Totaal personen;Steenwijkerland;2005;32;21;20;16;4;0;2;11;3;4;0;1;5.5;11;66.3;62.7
5635;Totaal personen;Steenwijkerland;2006;32;21;20;16;4;0;2;11;3;4;0;1;4.7;10;67.6;64.4
5636;Totaal personen;Steenwijkerland;2007;32;22;21;17;4;0;2;12;3;3;0;1;4.1;10;69.0;66.2
5637;Totaal personen;Steenwijkerland;2008;32;22;21;18;4;0;2;11;4;5;0;1;3.5;10;69.9;67.5
5638;Totaal personen;Steenwijkerland;2009;32;22;21;18;4;0;2;11;4;4;1;1;4.0;10;69.8;67.0
5639;Totaal personen;Steenwijkerland;2010;32;22;21;17;4;0;2;11;4;4;0;1;4.5;10;69.6;66.4
5640;Totaal personen;Steenwijkerland;2011;32;22;21;17;4;0;1;11;4;5;0;1;4.8;10;69.5;66.2
5641;Totaal personen;Steenwijkerland;2012;32;23;21;17;4;0;2;10;4;5;0;1;5.4;9;70.4;66.6
5642;Totaal personen;Steenwijkerland;2013;32;22;21;17;4;0;2;10;3;5;0;2;7.3;10;69.5;64.5
5643;Totaal personen;Steenwijkerland;2014;32;22;21;17;4;0;2;10;3;5;0;1;6.6;10;68.6;64.0
5644;Totaal personen;Steenwijkerland;2015;32;22;21;16;4;0;2;11;3;5;0;1;6.2;10;69.2;64.9
5645;Totaal personen;Steenwijkerland;2016;32;22;21;16;5;0;2;10;4;5;1;1;6.1;10;69.2;65.0
5646;Totaal personen;Steenwijkerland;2017;32;23;22;17;5;0;2;11;4;4;1;1;4.6;10;69.7;66.5
5647;Totaal personen;Steenwijkerland;2018;33;23;22;18;4;0;2;12;4;4;0;1;3.6;10;70.6;68.1
5648;Totaal personen;Stein (L.);2003;21;13;13;11;2;0;1;6;2;3;0;1;4.3;7;65.0;62.2
5649;Totaal personen;Stein (L.);2004;21;14;13;11;2;0;1;7;2;3;0;1;5.1;7;65.9;62.6
5650;Totaal personen;Stein (L.);2005;21;14;13;11;2;0;1;6;3;3;0;1;5.5;7;65.4;61.8
5651;Totaal personen;Stein (L.);2006;21;13;13;11;1;0;1;6;2;2;0;1;4.8;7;64.8;61.6
5652;Totaal personen;Stein (L.);2007;20;13;13;11;2;0;1;7;2;2;0;1;4.1;7;66.1;63.4
5653;Totaal personen;Stein (L.);2008;20;13;13;11;2;0;1;7;2;2;0;0;3.6;7;65.7;63.3
5654;Totaal personen;Stein (L.);2009;20;13;12;11;2;0;1;7;2;2;0;1;4.4;7;65.7;62.8
5655;Totaal personen;Stein (L.);2010;20;13;12;11;2;0;1;6;2;3;0;1;4.6;7;66.0;62.9
5656;Totaal personen;Stein (L.);2011;20;13;12;11;2;0;1;6;2;3;0;1;4.3;7;65.7;62.8
5657;Totaal personen;Stein (L.);2012;20;13;12;11;2;0;1;6;2;3;0;1;4.7;7;66.3;63.2
5658;Totaal personen;Stein (L.);2013;20;13;12;11;2;0;1;6;2;3;0;1;6.1;7;66.3;62.2
5659;Totaal personen;Stein (L.);2014;20;13;12;10;2;0;1;5;2;3;0;1;6.5;7;65.3;61.1
5660;Totaal personen;Stein (L.);2015;19;13;12;10;2;0;1;6;2;3;0;1;5.7;6;66.7;62.9
5661;Totaal personen;Stein (L.);2016;19;13;12;11;1;0;1;6;2;3;0;1;4.9;6;66.5;63.2
5662;Totaal personen;Stein (L.);2017;19;13;12;11;2;0;1;5;2;3;0;1;4.0;7;66.2;63.6
5663;Totaal personen;Stein (L.);2018;19;13;13;11;2;0;1;6;2;3;0;0;3.1;6;67.0;65.0
5664;Totaal personen;Stichtse Vecht;2003;47;33;31;28;4;0;2;13;6;9;0;1;3.9;14;70.2;67.4
5665;Totaal personen;Stichtse Vecht;2004;47;33;32;28;4;0;2;14;6;9;0;1;4.3;14;70.3;67.3
5666;Totaal personen;Stichtse Vecht;2005;47;33;32;27;4;0;2;14;5;9;0;2;4.6;14;70.6;67.3
5667;Totaal personen;Stichtse Vecht;2006;47;33;32;28;4;0;2;14;6;10;0;1;4.1;14;70.9;68.0
5668;Totaal personen;Stichtse Vecht;2007;47;34;33;28;5;0;3;14;6;10;0;1;3.4;13;72.2;69.8
5669;Totaal personen;Stichtse Vecht;2008;47;34;33;28;5;0;2;14;6;11;0;1;3.1;13;72.9;70.6
5670;Totaal personen;Stichtse Vecht;2009;47;34;33;28;5;0;2;14;6;10;0;1;3.6;13;73.0;70.3
5671;Totaal personen;Stichtse Vecht;2010;47;34;33;28;5;0;2;15;6;10;0;1;4.0;13;72.7;69.8
5672;Totaal personen;Stichtse Vecht;2011;47;34;33;28;5;0;2;14;6;10;0;1;4.1;13;72.9;69.9
5673;Totaal personen;Stichtse Vecht;2012;48;35;33;28;5;0;2;14;6;10;0;2;4.8;13;73.0;69.5
5674;Totaal personen;Stichtse Vecht;2013;48;35;33;27;5;0;2;13;6;11;0;2;5.9;13;72.5;68.1
5675;Totaal personen;Stichtse Vecht;2014;48;35;33;27;6;0;2;13;6;11;0;2;5.7;14;71.9;67.7
5676;Totaal personen;Stichtse Vecht;2015;48;34;32;27;6;0;2;13;5;11;0;2;5.9;14;71.8;67.5
5677;Totaal personen;Stichtse Vecht;2016;48;34;33;27;6;0;2;13;6;11;0;2;4.8;14;71.1;67.7
5678;Totaal personen;Stichtse Vecht;2017;48;34;33;27;6;0;2;13;6;12;0;1;3.7;14;71.3;68.7
5679;Totaal personen;Stichtse Vecht;2018;48;34;33;27;6;0;2;13;6;12;1;1;3.1;14;71.4;69.3
5680;Totaal personen;Strijen;2003;7;5;5;4;1;0;0;2;1;1;0;0;3.2;2;70.5;68.2
5681;Totaal personen;Strijen;2004;7;5;5;4;1;0;0;2;1;1;0;0;3.8;2;70.1;67.4
5682;Totaal personen;Strijen;2005;7;5;5;4;1;0;0;2;1;1;0;0;3.8;2;70.0;67.4
5683;Totaal personen;Strijen;2006;7;5;5;4;1;0;0;2;1;1;0;0;3.3;2;70.6;68.2
5684;Totaal personen;Strijen;2007;7;5;5;4;1;0;0;2;1;1;0;0;3.0;2;71.1;69.0
5685;Totaal personen;Strijen;2008;7;5;5;4;1;0;0;2;1;1;0;0;2.7;2;71.8;69.9
5686;Totaal personen;Strijen;2009;7;5;5;4;1;0;0;2;1;1;0;0;3.3;2;71.9;69.5
5687;Totaal personen;Strijen;2010;7;5;5;4;1;0;0;2;1;1;0;0;3.7;2;71.4;68.8
5688;Totaal personen;Strijen;2011;7;5;5;4;1;0;0;2;1;1;0;0;3.5;2;71.0;68.5
5689;Totaal personen;Strijen;2012;7;5;5;4;1;0;0;2;1;1;0;0;4.3;2;70.7;67.7
5690;Totaal personen;Strijen;2013;7;5;5;4;1;0;0;2;1;1;0;0;5.7;2;71.2;67.2
5691;Totaal personen;Strijen;2014;7;5;5;4;1;0;0;2;1;1;0;0;5.5;2;70.9;67.0
5692;Totaal personen;Strijen;2015;7;5;5;4;1;0;0;2;1;1;0;0;5.1;2;71.7;68.1
5693;Totaal personen;Strijen;2016;7;5;5;4;1;0;0;2;1;1;0;0;4.4;2;71.2;68.1
5694;Totaal personen;Strijen;2017;7;5;5;4;1;0;0;2;1;1;0;0;3.5;2;71.2;68.7
5695;Totaal personen;Strijen;2018;7;5;5;4;1;0;0;2;1;1;0;0;2.9;2;71.6;69.5
5696;Totaal personen;Súdwest-Fryslân;2003;64;43;40;33;7;0;3;21;7;8;0;2;4.8;21;67.0;63.7
5697;Totaal personen;Súdwest-Fryslân;2004;64;43;40;33;7;0;3;22;7;8;0;2;5.5;21;67.2;63.5
5698;Totaal personen;Súdwest-Fryslân;2005;64;43;40;33;7;0;3;22;7;8;0;2;5.4;21;67.3;63.6
5699;Totaal personen;Súdwest-Fryslân;2006;64;43;41;33;7;0;3;22;7;8;0;2;4.7;21;67.1;64.0
5700;Totaal personen;Súdwest-Fryslân;2007;64;44;42;34;8;0;4;22;7;9;0;2;3.9;20;68.4;65.8
5701;Totaal personen;Súdwest-Fryslân;2008;64;45;43;35;8;0;4;23;7;9;0;2;3.6;19;69.6;67.1
5702;Totaal personen;Súdwest-Fryslân;2009;64;45;43;35;8;0;4;23;7;9;1;2;4.3;19;69.9;66.9
5703;Totaal personen;Súdwest-Fryslân;2010;65;45;42;35;8;0;4;21;7;10;0;2;4.9;20;69.0;65.7
5704;Totaal personen;Súdwest-Fryslân;2011;65;44;42;34;7;0;4;21;7;10;0;2;5.0;20;68.4;64.9
5705;Totaal personen;Súdwest-Fryslân;2012;65;45;42;34;8;0;4;21;8;8;1;3;6.4;20;68.9;64.5
5706;Totaal personen;Súdwest-Fryslân;2013;65;45;42;34;8;0;4;21;8;8;1;3;7.5;20;69.8;64.5
5707;Totaal personen;Súdwest-Fryslân;2014;66;46;43;34;9;0;4;23;7;8;1;4;7.6;20;70.1;64.8
5708;Totaal personen;Súdwest-Fryslân;2015;66;46;43;34;9;0;4;22;7;9;0;3;6.4;20;69.5;65.1
5709;Totaal personen;Súdwest-Fryslân;2016;66;46;44;35;9;0;4;22;7;11;0;3;5.7;20;69.9;65.9
5710;Totaal personen;Súdwest-Fryslân;2017;66;46;44;36;9;0;4;22;8;10;0;2;4.7;20;70.0;66.7
5711;Totaal personen;Súdwest-Fryslân;2018;66;47;45;36;10;0;4;24;7;10;0;2;3.9;19;71.1;68.3
5712;Totaal personen;Terneuzen;2003;41;26;25;22;3;0;3;12;5;4;1;1;4.7;15;62.9;60.0
5713;Totaal personen;Terneuzen;2004;41;26;24;22;3;0;2;13;5;3;1;1;5.4;15;63.1;59.6
5714;Totaal personen;Terneuzen;2005;41;26;25;22;3;0;2;14;5;3;1;1;5.3;15;63.7;60.3
5715;Totaal personen;Terneuzen;2006;41;26;25;23;3;0;2;14;5;4;1;1;4.8;15;64.2;61.1
5716;Totaal personen;Terneuzen;2007;41;26;25;23;3;0;2;14;5;4;1;1;4.1;15;64.4;61.8
5717;Totaal personen;Terneuzen;2008;41;27;26;23;3;0;3;13;5;4;1;1;3.9;14;65.4;62.9
5718;Totaal personen;Terneuzen;2009;41;26;25;22;3;0;3;12;5;5;1;1;4.3;15;64.3;61.6
5719;Totaal personen;Terneuzen;2010;41;27;25;22;3;0;2;14;5;4;0;1;4.5;14;65.2;62.3
5720;Totaal personen;Terneuzen;2011;41;26;25;22;4;0;2;12;5;4;2;1;4.5;14;64.6;61.7
5721;Totaal personen;Terneuzen;2012;41;27;26;22;3;0;3;12;5;4;2;1;4.7;14;66.3;63.2
5722;Totaal personen;Terneuzen;2013;41;27;25;22;3;0;3;12;4;6;0;2;5.9;14;65.4;61.5
5723;Totaal personen;Terneuzen;2014;41;27;25;21;4;0;3;13;4;5;1;2;5.9;14;65.6;61.8
5724;Totaal personen;Terneuzen;2015;41;28;26;22;4;0;3;13;4;5;1;2;6.1;13;67.7;63.6
5725;Totaal personen;Terneuzen;2016;41;27;26;22;4;0;3;13;5;5;1;1;4.7;14;66.9;63.7
5726;Totaal personen;Terneuzen;2017;41;27;26;22;4;0;3;13;4;4;1;1;3.4;14;65.1;62.8
5727;Totaal personen;Terneuzen;2018;41;27;26;22;5;0;3;14;5;5;0;1;2.9;13;67.1;65.1
5728;Totaal personen;Terschelling;2003;4;2;2;2;0;0;0;1;0;0;0;0;3.8;1;66.1;63.5
5729;Totaal personen;Terschelling;2004;4;2;2;2;0;0;0;1;0;0;0;0;4.2;1;66.1;63.3
5730;Totaal personen;Terschelling;2005;4;2;2;2;0;0;0;1;0;0;0;0;4.1;1;66.8;64.0
5731;Totaal personen;Terschelling;2006;4;2;2;2;0;0;0;1;0;0;0;0;3.7;1;66.2;63.8
5732;Totaal personen;Terschelling;2007;3;2;2;2;0;0;0;1;0;0;0;0;3.3;1;66.6;64.4
5733;Totaal personen;Terschelling;2008;3;2;2;2;0;0;0;1;0;0;0;0;3.0;1;67.5;65.5
5734;Totaal personen;Terschelling;2009;3;2;2;2;0;0;0;1;0;1;0;0;3.2;1;68.2;66.0
5735;Totaal personen;Terschelling;2010;4;2;2;2;0;0;0;1;0;1;0;0;3.5;1;68.2;65.8
5736;Totaal personen;Terschelling;2011;3;2;2;2;0;0;0;1;0;1;0;0;3.2;1;68.0;65.9
5737;Totaal personen;Terschelling;2012;3;2;2;2;0;0;0;1;0;0;0;0;3.8;1;69.1;66.5
5738;Totaal personen;Terschelling;2013;3;2;2;2;0;0;0;1;0;0;0;0;4.8;1;68.7;65.4
5739;Totaal personen;Terschelling;2014;4;3;2;2;1;0;0;1;0;0;0;0;5.5;1;67.4;63.6
5740;Totaal personen;Terschelling;2015;4;3;2;2;1;0;0;1;0;1;0;0;4.9;1;69.6;66.2
5741;Totaal personen;Terschelling;2016;4;3;3;2;1;0;0;1;0;1;0;0;4.7;1;69.8;66.5
5742;Totaal personen;Terschelling;2017;4;3;3;2;1;0;0;1;0;0;0;0;3.8;1;70.2;67.5
5743;Totaal personen;Terschelling;2018;4;3;3;2;1;0;0;1;0;0;0;0;2.7;1;70.1;68.2
5744;Totaal personen;Texel;2003;10;7;6;5;2;0;1;4;1;1;0;0;3.8;3;66.7;64.2
5745;Totaal personen;Texel;2004;10;7;7;5;1;0;1;4;1;1;0;0;4.2;3;67.3;64.4
5746;Totaal personen;Texel;2005;10;7;6;5;2;0;1;4;1;1;0;0;4.3;3;66.8;63.9
5747;Totaal personen;Texel;2006;10;7;6;5;2;0;1;3;1;2;0;0;3.9;3;65.8;63.3
5748;Totaal personen;Texel;2007;10;7;7;5;2;0;1;3;1;1;0;0;3.3;3;68.3;66.1
5749;Totaal personen;Texel;2008;10;7;7;5;2;0;1;4;1;1;0;0;3.0;3;68.6;66.5
5750;Totaal personen;Texel;2009;10;7;7;5;2;0;1;4;1;1;0;0;3.3;3;68.9;66.6
5751;Totaal personen;Texel;2010;10;7;7;5;2;0;1;4;1;1;0;0;3.7;3;68.2;65.7
5752;Totaal personen;Texel;2011;10;7;7;5;2;0;1;4;1;1;0;0;3.6;3;67.6;65.2
5753;Totaal personen;Texel;2012;10;7;7;5;2;0;1;4;1;1;0;0;4.0;3;68.8;66.0
5754;Totaal personen;Texel;2013;10;7;7;5;1;0;1;3;1;1;0;0;5.2;3;68.4;64.9
5755;Totaal personen;Texel;2014;10;7;7;5;1;0;1;3;1;2;0;0;5.3;3;67.9;64.3
5756;Totaal personen;Texel;2015;10;7;7;5;2;0;1;3;1;1;0;0;4.7;3;67.7;64.5
5757;Totaal personen;Texel;2016;10;7;7;5;2;0;1;3;1;2;0;0;4.2;3;67.9;65.0
5758;Totaal personen;Texel;2017;10;7;7;5;2;0;1;3;1;2;0;0;3.8;3;67.8;65.3
5759;Totaal personen;Texel;2018;10;7;7;5;2;0;1;3;1;2;0;0;3.0;3;67.6;65.6
5760;Totaal personen;Teylingen;2003;25;18;18;15;2;0;1;9;3;4;0;1;3.1;7;72.6;70.4
5761;Totaal personen;Teylingen;2004;25;18;18;15;2;0;1;8;3;4;0;1;3.6;7;72.5;69.9
5762;Totaal personen;Teylingen;2005;25;18;18;15;2;0;1;8;3;4;0;1;3.8;7;72.7;69.9
5763;Totaal personen;Teylingen;2006;25;18;18;15;2;0;1;8;3;6;0;1;3.5;7;73.1;70.6
5764;Totaal personen;Teylingen;2007;26;19;19;16;2;0;1;8;4;6;0;1;3.1;6;74.7;72.3
5765;Totaal personen;Teylingen;2008;26;20;19;16;3;0;1;8;4;6;0;1;2.7;6;75.8;73.8
5766;Totaal personen;Teylingen;2009;26;20;19;16;3;0;1;9;3;6;0;1;3.3;6;76.4;73.8
5767;Totaal personen;Teylingen;2010;26;20;19;16;3;0;1;9;3;5;0;1;3.8;7;75.0;72.2
5768;Totaal personen;Teylingen;2011;26;19;19;16;2;0;1;7;3;6;0;1;3.5;7;74.0;71.4
5769;Totaal personen;Teylingen;2012;26;19;18;16;2;0;1;8;4;6;0;1;4.4;7;73.9;70.7
5770;Totaal personen;Teylingen;2013;26;19;18;16;2;0;1;8;3;6;0;1;5.3;7;74.2;70.3
5771;Totaal personen;Teylingen;2014;26;19;18;16;3;0;2;8;3;6;0;1;5.4;7;74.0;70.0
5772;Totaal personen;Teylingen;2015;26;19;18;16;3;0;1;8;3;6;0;1;5.2;7;74.2;70.4
5773;Totaal personen;Teylingen;2016;27;20;19;16;3;0;1;7;4;6;1;1;4.6;7;73.9;70.5
5774;Totaal personen;Teylingen;2017;27;20;19;17;3;0;2;8;3;6;0;1;3.6;7;74.2;71.5
5775;Totaal personen;Teylingen;2018;27;21;20;17;3;0;2;8;4;6;0;1;3.2;7;75.3;72.9
5776;Totaal personen;Tholen;2003;17;11;11;9;2;0;1;5;2;2;0;0;4.0;6;66.5;63.9
5777;Totaal personen;Tholen;2004;18;12;11;9;2;0;1;6;2;2;0;1;4.6;6;66.4;63.4
5778;Totaal personen;Tholen;2005;18;12;11;9;2;0;1;6;2;2;0;1;4.6;6;67.4;64.3
5779;Totaal personen;Tholen;2006;18;12;12;10;2;0;1;7;2;2;0;0;3.9;6;67.5;64.9
5780;Totaal personen;Tholen;2007;18;13;12;10;2;0;1;7;2;2;0;0;3.3;6;68.8;66.6
5781;Totaal personen;Tholen;2008;18;13;12;10;2;0;1;7;2;2;0;0;3.1;6;69.4;67.3
5782;Totaal personen;Tholen;2009;18;13;12;10;2;0;1;7;2;2;0;0;3.6;5;70.4;67.9
5783;Totaal personen;Tholen;2010;18;13;12;10;2;0;1;7;2;2;1;1;4.2;6;69.0;66.1
5784;Totaal personen;Tholen;2011;19;13;12;10;2;0;1;7;2;2;0;1;4.0;6;68.1;65.4
5785;Totaal personen;Tholen;2012;19;13;12;10;2;0;1;7;2;2;1;1;4.5;6;69.8;66.7
5786;Totaal personen;Tholen;2013;19;13;12;10;2;0;1;6;2;3;0;1;5.3;6;69.2;65.5
5787;Totaal personen;Tholen;2014;19;13;12;10;2;0;1;6;2;2;0;1;5.3;6;69.5;65.8
5788;Totaal personen;Tholen;2015;19;13;12;10;2;0;1;6;2;3;1;1;5.3;6;70.3;66.6
5789;Totaal personen;Tholen;2016;19;13;13;10;2;0;1;7;2;2;0;1;4.2;6;70.3;67.3
5790;Totaal personen;Tholen;2017;19;13;13;10;3;0;1;7;2;2;0;0;3.4;6;70.0;67.7
5791;Totaal personen;Tholen;2018;19;14;13;10;3;0;1;8;2;2;0;0;2.8;5;72.2;70.2
5792;Totaal personen;Tiel;2003;30;21;20;18;2;0;2;9;4;5;0;1;5.2;9;69.6;66.0
5793;Totaal personen;Tiel;2004;30;21;19;18;2;0;2;10;3;4;0;1;6.0;9;69.3;65.1
5794;Totaal personen;Tiel;2005;30;21;20;17;2;0;2;11;4;4;0;1;6.6;9;69.9;65.3
5795;Totaal personen;Tiel;2006;30;22;20;18;3;0;2;11;3;4;0;1;5.2;9;71.0;67.2
5796;Totaal personen;Tiel;2007;31;22;21;18;3;0;2;11;4;4;0;1;4.7;9;72.0;68.6
5797;Totaal personen;Tiel;2008;31;22;21;18;3;0;2;10;4;4;1;1;3.9;9;71.5;68.7
5798;Totaal personen;Tiel;2009;31;22;21;18;3;0;2;10;4;5;1;1;4.5;9;71.2;68.0
5799;Totaal personen;Tiel;2010;31;22;20;18;3;0;2;9;4;5;1;1;5.5;9;70.5;66.6
5800;Totaal personen;Tiel;2011;31;22;21;18;3;0;2;9;4;5;0;1;5.5;9;71.7;67.8
5801;Totaal personen;Tiel;2012;31;22;21;18;3;0;2;9;4;6;0;1;6.1;9;71.1;66.8
5802;Totaal personen;Tiel;2013;32;22;20;18;3;0;2;9;4;5;1;2;7.6;10;69.6;64.3
5803;Totaal personen;Tiel;2014;31;22;20;17;3;0;2;9;4;5;1;2;8.0;10;69.5;64.0
5804;Totaal personen;Tiel;2015;31;22;20;17;3;0;2;9;3;5;1;2;7.5;10;69.4;64.3
5805;Totaal personen;Tiel;2016;31;22;20;17;3;0;2;10;3;5;0;1;6.5;10;68.8;64.4
5806;Totaal personen;Tiel;2017;31;22;21;18;3;0;2;11;3;4;0;1;5.1;9;70.0;66.5
5807;Totaal personen;Tiel;2018;32;22;21;18;3;0;2;10;4;5;0;1;4.2;9;70.5;67.5
5808;Totaal personen;Tilburg;2003;151;104;99;89;10;0;10;44;18;26;2;5;5.2;47;69.0;65.4
5809;Totaal personen;Tilburg;2004;152;105;99;88;11;0;11;45;16;26;1;6;5.8;47;69.2;65.2
5810;Totaal personen;Tilburg;2005;152;106;100;90;10;0;13;48;16;23;0;6;5.4;47;69.5;65.8
5811;Totaal personen;Tilburg;2006;154;107;102;92;10;0;12;48;16;24;1;5;4.8;47;69.7;66.4
5812;Totaal personen;Tilburg;2007;155;109;105;95;9;0;12;47;18;27;1;5;4.4;45;70.8;67.6
5813;Totaal personen;Tilburg;2008;156;112;108;96;12;0;12;48;18;28;1;4;3.8;43;72.2;69.4
5814;Totaal personen;Tilburg;2009;156;113;108;94;14;0;10;45;19;32;2;5;4.7;44;72.2;68.8
5815;Totaal personen;Tilburg;2010;157;113;107;94;14;0;12;45;19;30;1;6;5.5;44;72.1;68.1
5816;Totaal personen;Tilburg;2011;158;113;107;93;14;0;12;46;18;29;1;6;5.5;45;71.7;67.7
5817;Totaal personen;Tilburg;2012;159;115;107;94;13;0;11;48;20;27;1;8;6.7;45;72.0;67.2
5818;Totaal personen;Tilburg;2013;161;115;106;94;12;0;12;47;18;28;2;10;8.2;45;71.8;65.8
5819;Totaal personen;Tilburg;2014;162;116;106;93;13;0;13;46;17;30;1;10;8.6;46;71.4;65.3
5820;Totaal personen;Tilburg;2015;163;117;107;92;15;0;12;45;18;32;1;9;7.8;46;71.6;66.0
5821;Totaal personen;Tilburg;2016;164;117;110;94;16;0;11;46;17;36;0;7;6.4;46;71.7;67.2
5822;Totaal personen;Tilburg;2017;165;119;113;96;16;0;12;49;16;35;0;6;5.1;46;71.9;68.3
5823;Totaal personen;Tilburg;2018;166;119;114;99;15;0;14;50;17;33;0;4;3.8;47;71.4;68.7
5824;Totaal personen;Tubbergen;2003;14;10;10;8;1;0;1;5;2;2;0;0;3.3;5;68.8;66.6
5825;Totaal personen;Tubbergen;2004;15;10;10;8;1;0;1;5;2;2;0;0;4.0;4;70.2;67.4
5826;Totaal personen;Tubbergen;2005;15;10;10;8;1;0;1;6;2;1;0;0;4.0;4;69.9;67.1
5827;Totaal personen;Tubbergen;2006;15;10;10;8;2;0;1;6;2;1;0;0;3.6;4;70.5;68.0
5828;Totaal personen;Tubbergen;2007;15;11;10;9;2;0;1;6;2;1;0;0;3.1;4;72.2;70.0
5829;Totaal personen;Tubbergen;2008;15;11;11;9;2;0;1;6;2;2;0;0;2.8;4;73.4;71.4
5830;Totaal personen;Tubbergen;2009;15;11;11;9;2;0;1;6;2;2;0;0;3.3;4;72.3;69.8
5831;Totaal personen;Tubbergen;2010;15;11;11;9;2;0;1;6;2;2;0;0;3.8;4;73.4;70.6
5832;Totaal personen;Tubbergen;2011;15;11;11;9;2;0;1;6;2;2;0;0;3.6;4;72.9;70.2
5833;Totaal personen;Tubbergen;2012;15;11;11;9;2;0;1;6;2;2;0;0;4.3;4;72.7;69.5
5834;Totaal personen;Tubbergen;2013;16;11;11;9;2;0;1;5;2;2;0;1;5.9;4;73.4;69.0
5835;Totaal personen;Tubbergen;2014;16;11;11;9;2;0;1;5;2;2;0;1;6.1;4;72.7;68.3
5836;Totaal personen;Tubbergen;2015;16;12;11;9;2;0;1;6;2;2;0;1;5.0;4;73.8;70.1
5837;Totaal personen;Tubbergen;2016;16;12;11;9;2;0;1;5;2;2;0;1;4.6;4;73.2;69.8
5838;Totaal personen;Tubbergen;2017;16;12;11;9;2;0;1;6;2;2;0;0;3.5;4;73.4;70.8
5839;Totaal personen;Tubbergen;2018;16;12;11;10;2;0;1;6;2;2;0;0;2.7;4;73.7;71.7
5840;Totaal personen;Twenterand;2003;25;17;16;14;3;0;2;9;3;2;0;1;4.4;8;68.1;65.1
5841;Totaal personen;Twenterand;2004;25;17;16;14;2;0;2;9;3;2;0;1;5.3;8;66.4;62.9
5842;Totaal personen;Twenterand;2005;25;17;16;14;2;0;2;9;3;2;0;1;5.4;8;66.8;63.2
5843;Totaal personen;Twenterand;2006;25;17;16;14;2;0;2;9;3;2;0;1;4.4;8;67.4;64.4
5844;Totaal personen;Twenterand;2007;25;17;16;14;2;0;2;9;3;2;0;1;3.7;8;68.3;65.7
5845;Totaal personen;Twenterand;2008;25;17;17;15;2;0;2;10;3;2;0;1;3.1;7;70.3;68.1
5846;Totaal personen;Twenterand;2009;25;17;17;14;2;0;2;9;3;3;0;1;3.8;7;70.0;67.3
5847;Totaal personen;Twenterand;2010;25;17;16;14;2;0;2;9;3;3;0;1;4.3;8;69.0;66.0
5848;Totaal personen;Twenterand;2011;25;17;17;14;2;0;1;9;3;3;0;1;3.9;8;69.7;67.0
5849;Totaal personen;Twenterand;2012;25;17;17;14;2;0;2;10;3;3;0;1;4.7;7;70.1;66.8
5850;Totaal personen;Twenterand;2013;25;18;16;14;3;0;2;9;3;3;0;1;6.7;7;70.6;65.9
5851;Totaal personen;Twenterand;2014;25;17;16;14;3;0;2;8;3;3;0;1;6.5;8;69.7;65.2
5852;Totaal personen;Twenterand;2015;25;18;17;14;3;0;2;9;3;3;0;1;5.5;7;71.4;67.4
5853;Totaal personen;Twenterand;2016;25;17;17;14;3;0;2;8;3;4;0;1;5.3;8;69.9;66.2
5854;Totaal personen;Twenterand;2017;25;18;17;14;2;0;2;9;3;4;0;1;4.0;7;70.1;67.3
5855;Totaal personen;Twenterand;2018;25;18;17;15;2;0;2;10;3;3;0;1;3.2;7;70.9;68.7
5856;Totaal personen;Tynaarlo;2003;23;15;14;12;3;0;1;6;2;5;0;1;4.0;8;65.1;62.5
5857;Totaal personen;Tynaarlo;2004;23;15;14;12;3;0;1;7;2;4;0;1;4.8;8;66.0;62.9
5858;Totaal personen;Tynaarlo;2005;23;15;14;12;2;0;1;6;2;5;0;1;5.4;8;66.1;62.5
5859;Totaal personen;Tynaarlo;2006;23;15;15;12;3;0;1;7;2;4;0;1;4.3;8;66.7;63.8
5860;Totaal personen;Tynaarlo;2007;23;15;15;13;2;0;1;7;3;4;0;1;3.6;7;67.8;65.4
5861;Totaal personen;Tynaarlo;2008;23;16;15;13;2;0;1;7;3;4;1;0;3.1;7;68.5;66.4
5862;Totaal personen;Tynaarlo;2009;23;16;15;13;2;0;1;6;3;5;0;1;3.9;7;68.6;66.0
5863;Totaal personen;Tynaarlo;2010;23;16;15;13;3;0;1;6;3;6;0;1;4.1;7;68.5;65.7
5864;Totaal personen;Tynaarlo;2011;23;16;15;13;2;0;1;6;3;5;0;1;4.1;7;68.3;65.5
5865;Totaal personen;Tynaarlo;2012;23;16;15;13;2;0;1;6;3;5;0;1;5.0;7;69.5;66.1
5866;Totaal personen;Tynaarlo;2013;23;16;15;13;3;0;1;6;3;6;0;1;6.1;7;69.9;65.6
5867;Totaal personen;Tynaarlo;2014;23;16;15;13;3;0;1;5;3;6;0;1;6.1;7;70.8;66.5
5868;Totaal personen;Tynaarlo;2015;23;16;15;12;3;0;1;6;3;5;0;1;5.9;7;71.0;66.9
5869;Totaal personen;Tynaarlo;2016;23;16;15;12;4;0;1;5;3;6;0;1;5.0;7;69.9;66.5
5870;Totaal personen;Tynaarlo;2017;24;17;16;13;3;0;1;6;3;5;1;1;4.3;7;70.1;67.1
5871;Totaal personen;Tynaarlo;2018;24;17;16;13;3;0;1;6;3;6;0;1;3.3;7;70.8;68.5
5872;Totaal personen;Tytsjerksteradiel;2003;24;15;15;13;2;0;1;7;3;3;0;1;4.5;8;65.3;62.4
5873;Totaal personen;Tytsjerksteradiel;2004;24;15;14;12;2;0;1;7;3;3;0;1;5.4;8;64.9;61.4
5874;Totaal personen;Tytsjerksteradiel;2005;24;16;15;12;2;0;1;8;3;3;0;1;5.3;8;66.0;62.5
5875;Totaal personen;Tytsjerksteradiel;2006;24;16;15;12;3;0;1;8;2;3;0;1;4.4;8;66.3;63.3
5876;Totaal personen;Tytsjerksteradiel;2007;24;16;16;12;3;0;1;8;3;3;0;1;3.5;8;68.1;65.7
5877;Totaal personen;Tytsjerksteradiel;2008;24;16;16;13;3;0;1;9;3;3;0;1;3.4;7;68.6;66.2
5878;Totaal personen;Tytsjerksteradiel;2009;24;16;16;13;3;0;1;8;3;3;0;1;3.9;7;69.0;66.3
5879;Totaal personen;Tytsjerksteradiel;2010;24;16;15;13;3;0;1;8;3;3;0;1;4.6;7;68.5;65.4
5880;Totaal personen;Tytsjerksteradiel;2011;23;16;15;13;2;0;1;7;3;4;0;1;4.3;7;68.1;65.1
5881;Totaal personen;Tytsjerksteradiel;2012;23;16;15;12;3;0;1;7;3;4;0;1;5.5;7;69.2;65.4
5882;Totaal personen;Tytsjerksteradiel;2013;23;16;15;12;3;0;1;8;3;3;0;1;6.8;7;69.4;64.6
5883;Totaal personen;Tytsjerksteradiel;2014;23;16;15;12;3;0;1;7;2;3;0;1;6.9;7;68.7;63.9
5884;Totaal personen;Tytsjerksteradiel;2015;23;16;15;12;3;0;1;7;3;4;0;1;6.5;7;69.9;65.4
5885;Totaal personen;Tytsjerksteradiel;2016;23;16;15;13;3;0;1;7;3;4;0;1;5.6;7;69.8;65.9
5886;Totaal personen;Tytsjerksteradiel;2017;23;16;15;12;3;0;1;7;3;4;0;1;4.5;7;69.1;66.0
5887;Totaal personen;Tytsjerksteradiel;2018;23;16;15;13;3;0;1;8;3;4;0;1;3.5;7;69.3;66.9
5888;Totaal personen;Uden;2003;30;21;20;17;3;0;2;10;3;4;0;1;4.4;10;68.1;65.1
5889;Totaal personen;Uden;2004;30;20;19;17;2;0;2;9;4;5;0;1;5.1;10;67.6;64.1
5890;Totaal personen;Uden;2005;30;21;20;17;2;0;2;10;4;4;0;1;5.1;9;68.8;65.3
5891;Totaal personen;Uden;2006;30;21;20;17;3;0;2;10;3;4;0;1;4.5;10;68.2;65.1
5892;Totaal personen;Uden;2007;30;21;20;17;3;0;2;9;4;4;1;1;3.5;9;69.4;66.9
5893;Totaal personen;Uden;2008;30;21;21;18;3;0;2;10;4;4;1;1;3.4;9;70.6;68.2
5894;Totaal personen;Uden;2009;30;22;21;17;3;0;2;10;4;5;0;1;4.1;9;71.0;68.1
5895;Totaal personen;Uden;2010;30;21;20;17;4;0;2;10;4;5;0;1;4.5;9;70.3;67.1
5896;Totaal personen;Uden;2011;30;22;21;17;3;0;2;10;4;5;0;1;4.2;9;70.6;67.7
5897;Totaal personen;Uden;2012;31;22;21;17;3;0;2;10;4;5;0;1;5.3;9;71.4;67.6
5898;Totaal personen;Uden;2013;31;22;20;17;3;0;2;10;3;5;0;1;6.6;9;71.1;66.5
5899;Totaal personen;Uden;2014;31;22;21;17;3;0;2;9;3;6;0;1;6.7;9;71.5;66.7
5900;Totaal personen;Uden;2015;31;22;21;17;3;0;2;10;3;5;0;1;6.0;9;71.3;67.0
5901;Totaal personen;Uden;2016;31;22;21;17;4;0;2;10;3;6;0;1;5.1;9;71.4;67.8
5902;Totaal personen;Uden;2017;31;22;21;18;3;0;2;10;3;6;0;1;4.3;9;70.9;67.8
5903;Totaal personen;Uden;2018;31;22;22;18;4;0;2;10;4;6;0;1;3.1;9;71.2;69.1
5904;Totaal personen;Uitgeest;2003;9;6;6;5;1;0;0;3;1;1;0;0;3.3;2;71.9;69.6
5905;Totaal personen;Uitgeest;2004;9;6;6;5;1;0;0;3;1;1;0;0;3.9;2;71.8;69.0
5906;Totaal personen;Uitgeest;2005;9;6;6;5;1;0;0;3;1;1;0;0;3.8;2;72.7;69.9
5907;Totaal personen;Uitgeest;2006;9;6;6;5;1;0;0;3;1;1;0;0;3.4;2;72.6;70.2
5908;Totaal personen;Uitgeest;2007;9;7;6;6;1;0;0;3;1;1;0;0;3.0;2;74.5;72.2
5909;Totaal personen;Uitgeest;2008;9;7;7;6;1;0;0;3;1;2;0;0;2.7;2;74.5;72.5
5910;Totaal personen;Uitgeest;2009;9;7;7;6;1;0;0;3;1;2;0;0;3.2;2;75.5;73.1
5911;Totaal personen;Uitgeest;2010;9;7;7;6;1;0;0;3;1;2;0;0;3.6;2;75.1;72.4
5912;Totaal personen;Uitgeest;2011;10;7;7;6;1;0;0;3;1;2;0;0;3.6;2;74.8;72.1
5913;Totaal personen;Uitgeest;2012;10;7;7;6;1;0;0;3;1;2;0;0;4.1;2;74.4;71.4
5914;Totaal personen;Uitgeest;2013;10;7;7;6;1;0;1;3;1;2;0;0;5.4;2;74.8;70.8
5915;Totaal personen;Uitgeest;2014;10;7;7;6;1;0;0;3;1;2;0;0;5.5;3;74.3;70.2
5916;Totaal personen;Uitgeest;2015;10;8;7;6;1;0;1;3;1;2;0;0;5.0;3;75.0;71.3
5917;Totaal personen;Uitgeest;2016;10;8;7;6;1;0;1;3;1;2;0;0;4.5;3;74.9;71.6
5918;Totaal personen;Uitgeest;2017;10;8;7;6;1;0;1;3;1;2;0;0;3.7;3;75.4;72.6
5919;Totaal personen;Uitgeest;2018;10;8;7;6;1;0;1;3;1;2;0;0;2.9;3;75.1;72.9
5920;Totaal personen;Uithoorn;2003;20;14;13;12;1;0;1;6;3;3;0;0;3.6;6;69.2;66.7
5921;Totaal personen;Uithoorn;2004;20;14;13;12;2;0;1;6;3;4;0;1;4.0;6;70.8;67.9
5922;Totaal personen;Uithoorn;2005;20;14;13;12;2;0;1;6;3;3;0;1;4.3;6;70.4;67.4
5923;Totaal personen;Uithoorn;2006;20;14;14;11;2;0;1;6;3;3;0;1;3.7;6;71.4;68.8
5924;Totaal personen;Uithoorn;2007;20;15;14;12;2;0;1;7;3;4;0;0;3.2;5;73.2;70.9
5925;Totaal personen;Uithoorn;2008;20;15;15;12;2;0;1;7;3;4;0;0;2.9;5;73.8;71.6
5926;Totaal personen;Uithoorn;2009;20;15;14;13;2;0;1;6;3;4;0;1;3.6;5;73.3;70.6
5927;Totaal personen;Uithoorn;2010;21;15;15;13;2;0;1;6;3;4;0;1;4.0;6;73.3;70.4
5928;Totaal personen;Uithoorn;2011;21;15;14;13;2;0;1;7;3;3;0;1;4.0;6;73.0;70.1
5929;Totaal personen;Uithoorn;2012;21;15;14;13;2;0;1;7;3;3;0;1;4.8;6;73.1;69.5
5930;Totaal personen;Uithoorn;2013;21;15;14;12;2;0;1;6;2;4;0;1;6.4;6;73.3;68.6
5931;Totaal personen;Uithoorn;2014;21;15;14;12;2;0;1;6;2;4;1;1;6.8;6;73.0;68.1
5932;Totaal personen;Uithoorn;2015;21;16;15;13;2;0;1;7;2;4;0;1;6.1;6;72.9;68.4
5933;Totaal personen;Uithoorn;2016;22;16;15;13;2;0;1;6;3;5;0;1;5.3;6;74.0;70.1
5934;Totaal personen;Uithoorn;2017;22;16;15;13;2;0;1;6;3;5;0;1;4.1;6;73.7;70.6
5935;Totaal personen;Uithoorn;2018;22;16;16;13;2;0;1;6;3;5;0;1;3.3;6;73.5;71.1
5936;Totaal personen;Urk;2003;11;8;7;6;1;0;1;4;1;1;0;0;3.7;3;70.7;68.0
5937;Totaal personen;Urk;2004;11;8;7;6;1;0;1;5;1;1;0;0;4.6;3;69.7;66.5
5938;Totaal personen;Urk;2005;11;8;8;6;1;0;1;4;1;1;0;0;4.7;3;70.6;67.3
5939;Totaal personen;Urk;2006;12;8;8;7;1;0;1;4;1;1;0;0;4.1;3;71.2;68.2
5940;Totaal personen;Urk;2007;12;8;8;7;2;0;1;5;1;1;0;0;3.5;3;72.6;70.1
5941;Totaal personen;Urk;2008;12;9;9;7;2;0;1;5;1;1;0;0;3.1;3;74.7;72.4
5942;Totaal personen;Urk;2009;12;9;9;7;2;0;1;5;1;1;0;0;3.6;3;75.4;72.7
5943;Totaal personen;Urk;2010;12;9;9;7;2;0;1;5;1;2;0;0;4.0;3;74.3;71.3
5944;Totaal personen;Urk;2011;13;9;9;7;2;0;1;5;1;2;0;0;4.1;3;74.0;71.0
5945;Totaal personen;Urk;2012;13;10;9;7;2;0;1;5;1;2;0;0;4.6;3;74.7;71.2
5946;Totaal personen;Urk;2013;13;10;9;8;2;0;1;5;1;2;0;1;5.7;3;75.1;70.9
5947;Totaal personen;Urk;2014;13;10;9;8;2;0;1;5;1;2;0;1;5.4;3;75.0;70.9
5948;Totaal personen;Urk;2015;13;10;10;8;2;0;1;4;1;2;0;1;5.0;3;75.2;71.5
5949;Totaal personen;Urk;2016;14;10;10;8;2;0;1;4;1;3;0;0;4.1;3;75.5;72.5
5950;Totaal personen;Urk;2017;14;11;10;8;2;0;1;5;2;2;0;0;3.2;3;76.6;74.2
5951;Totaal personen;Urk;2018;14;11;11;9;2;0;1;5;2;2;0;0;2.6;3;77.2;75.2
5952;Totaal personen;Utrecht (gemeente);2003;208;146;138;122;16;0;8;45;22;63;0;8;5.7;62;70.4;66.4
5953;Totaal personen;Utrecht (gemeente);2004;212;150;142;124;18;0;11;47;21;63;0;9;6.0;61;71.0;66.8
5954;Totaal personen;Utrecht (gemeente);2005;216;155;145;126;19;0;10;46;21;68;0;9;6.1;62;71.5;67.2
5955;Totaal personen;Utrecht (gemeente);2006;222;160;152;133;19;0;11;50;22;68;1;9;5.4;61;72.4;68.5
5956;Totaal personen;Utrecht (gemeente);2007;228;167;160;139;21;0;12;50;24;75;0;7;4.3;60;73.6;70.4
5957;Totaal personen;Utrecht (gemeente);2008;232;172;166;144;22;0;10;48;24;84;0;6;3.6;60;74.2;71.5
5958;Totaal personen;Utrecht (gemeente);2009;236;178;171;146;25;0;10;55;28;78;0;7;4.1;58;75.6;72.5
5959;Totaal personen;Utrecht (gemeente);2010;239;178;169;147;23;0;10;52;27;80;1;9;4.9;61;74.6;70.9
5960;Totaal personen;Utrecht (gemeente);2011;241;180;171;145;26;0;9;50;28;83;0;9;5.2;61;74.8;70.9
5961;Totaal personen;Utrecht (gemeente);2012;246;187;176;146;29;0;11;50;28;86;0;11;5.9;59;75.9;71.4
5962;Totaal personen;Utrecht (gemeente);2013;251;190;176;146;31;0;10;48;28;91;0;14;7.2;61;75.6;70.2
5963;Totaal personen;Utrecht (gemeente);2014;256;191;177;145;32;0;11;48;26;92;0;14;7.6;65;74.7;69.0
5964;Totaal personen;Utrecht (gemeente);2015;259;195;181;150;31;0;12;50;26;93;0;14;7.3;64;75.3;69.8
5965;Totaal personen;Utrecht (gemeente);2016;262;196;185;152;32;0;11;51;27;96;0;12;6.0;66;74.8;70.4
5966;Totaal personen;Utrecht (gemeente);2017;266;197;188;157;31;0;11;47;29;98;3;9;4.6;69;74.0;70.5
5967;Totaal personen;Utrecht (gemeente);2018;270;203;195;165;30;0;11;48;28;107;1;8;4.0;66;75.4;72.3
5968;Totaal personen;Utrechtse Heuvelrug;2003;35;23;22;19;4;0;2;10;4;7;0;1;3.8;12;65.6;63.2
5969;Totaal personen;Utrechtse Heuvelrug;2004;35;23;22;18;4;0;2;9;4;7;0;1;4.4;12;65.1;62.2
5970;Totaal personen;Utrechtse Heuvelrug;2005;35;23;22;18;4;0;2;10;4;7;0;1;4.6;12;65.7;62.7
5971;Totaal personen;Utrechtse Heuvelrug;2006;35;23;22;17;5;0;1;9;4;8;0;1;4.1;12;66.0;63.2
5972;Totaal personen;Utrechtse Heuvelrug;2007;35;24;23;18;5;0;2;9;4;8;0;1;3.4;11;68.3;66.0
5973;Totaal personen;Utrechtse Heuvelrug;2008;35;24;23;19;4;0;2;9;4;9;0;1;3.1;11;68.7;66.5
5974;Totaal personen;Utrechtse Heuvelrug;2009;34;24;23;18;5;0;1;10;4;8;0;1;3.4;10;70.2;67.8
5975;Totaal personen;Utrechtse Heuvelrug;2010;34;24;23;18;5;0;1;9;4;8;0;1;4.0;11;68.4;65.7
5976;Totaal personen;Utrechtse Heuvelrug;2011;34;23;22;18;5;0;2;9;4;8;0;1;4.3;11;68.8;65.8
5977;Totaal personen;Utrechtse Heuvelrug;2012;34;24;22;18;5;0;2;9;4;8;0;1;4.4;11;69.0;66.0
5978;Totaal personen;Utrechtse Heuvelrug;2013;34;24;22;17;5;0;2;8;4;9;0;1;6.0;10;69.5;65.3
5979;Totaal personen;Utrechtse Heuvelrug;2014;34;23;22;17;5;0;1;8;4;9;0;1;5.6;11;68.6;64.8
5980;Totaal personen;Utrechtse Heuvelrug;2015;34;24;23;17;5;0;2;8;3;9;0;1;5.3;10;69.4;65.7
5981;Totaal personen;Utrechtse Heuvelrug;2016;34;24;23;18;5;0;2;8;4;9;0;1;4.5;11;68.4;65.3
5982;Totaal personen;Utrechtse Heuvelrug;2017;35;24;23;18;5;0;2;8;4;9;0;1;3.8;11;68.5;65.9
5983;Totaal personen;Utrechtse Heuvelrug;2018;35;24;24;19;5;0;2;8;4;10;0;1;3.1;10;70.0;67.8
5984;Totaal personen;Vaals;2003;8;4;4;3;1;0;0;2;1;1;0;0;6.2;4;53.4;50.1
5985;Totaal personen;Vaals;2004;8;4;4;3;1;0;0;2;1;1;0;0;7.5;4;54.1;50.0
5986;Totaal personen;Vaals;2005;8;4;4;3;1;0;0;2;1;1;0;0;8.1;3;56.4;51.8
5987;Totaal personen;Vaals;2006;8;4;4;3;1;0;0;2;1;1;0;0;7.4;3;55.0;50.9
5988;Totaal personen;Vaals;2007;8;4;4;3;1;0;0;2;1;1;0;0;6.1;3;56.5;53.0
5989;Totaal personen;Vaals;2008;8;4;4;3;1;0;0;2;1;1;0;0;4.9;3;57.6;54.7
5990;Totaal personen;Vaals;2009;8;4;4;3;1;0;0;2;1;1;0;0;5.7;3;57.6;54.3
5991;Totaal personen;Vaals;2010;8;4;4;3;1;0;0;2;1;1;0;0;6.6;3;56.4;52.6
5992;Totaal personen;Vaals;2011;8;4;4;3;1;0;0;2;1;1;0;0;6.9;3;55.6;51.8
5993;Totaal personen;Vaals;2012;8;4;4;3;1;0;1;2;1;1;0;0;6.9;3;57.0;53.1
5994;Totaal personen;Vaals;2013;8;4;4;3;1;0;1;2;1;1;0;0;8.2;3;57.4;52.7
5995;Totaal personen;Vaals;2014;8;4;4;3;1;0;1;2;1;1;0;0;8.2;3;56.9;52.2
5996;Totaal personen;Vaals;2015;7;4;4;3;1;0;0;2;1;1;0;0;8.4;3;58.3;53.4
5997;Totaal personen;Vaals;2016;7;4;4;3;1;0;1;2;1;1;0;0;7.6;3;56.6;52.3
5998;Totaal personen;Vaals;2017;8;4;4;3;1;0;1;2;1;1;0;0;6.2;3;56.1;52.6
5999;Totaal personen;Vaals;2018;8;4;4;3;1;0;0;2;1;1;0;0;5.1;3;56.8;53.9
6000;Totaal personen;Valkenburg aan de Geul;2003;14;9;8;7;1;0;1;4;1;2;0;0;4.4;5;63.6;60.7
6001;Totaal personen;Valkenburg aan de Geul;2004;13;9;8;7;1;0;1;4;1;2;0;0;5.6;5;63.8;60.2
6002;Totaal personen;Valkenburg aan de Geul;2005;13;8;8;7;1;0;1;4;1;2;0;0;5.7;5;64.7;61.0
6003;Totaal personen;Valkenburg aan de Geul;2006;13;8;8;7;1;0;1;4;1;2;0;0;5.3;5;63.8;60.5
6004;Totaal personen;Valkenburg aan de Geul;2007;13;8;8;7;1;0;1;3;1;2;0;0;4.5;5;63.7;60.9
6005;Totaal personen;Valkenburg aan de Geul;2008;13;9;8;7;2;0;1;4;2;2;0;0;4.0;4;65.7;63.1
6006;Totaal personen;Valkenburg aan de Geul;2009;13;9;8;7;1;0;1;4;1;2;0;0;4.3;4;67.4;64.5
6007;Totaal personen;Valkenburg aan de Geul;2010;13;9;8;7;2;0;1;4;1;2;0;0;5.1;4;66.5;63.1
6008;Totaal personen;Valkenburg aan de Geul;2011;13;8;8;7;2;0;1;4;1;2;0;0;4.8;4;66.4;63.2
6009;Totaal personen;Valkenburg aan de Geul;2012;13;8;8;7;2;0;1;4;1;2;0;0;5.3;4;66.8;63.2
6010;Totaal personen;Valkenburg aan de Geul;2013;13;8;8;6;1;0;1;3;1;2;0;1;6.9;4;66.1;61.6
6011;Totaal personen;Valkenburg aan de Geul;2014;12;8;8;6;2;0;1;3;1;3;0;1;7.0;4;66.4;61.7
6012;Totaal personen;Valkenburg aan de Geul;2015;12;8;8;6;1;0;1;3;1;2;0;1;6.7;4;66.6;62.1
6013;Totaal personen;Valkenburg aan de Geul;2016;12;8;8;6;1;0;1;3;1;2;0;0;5.5;4;66.0;62.4
6014;Totaal personen;Valkenburg aan de Geul;2017;12;8;8;6;2;0;1;4;1;2;0;0;4.2;4;66.5;63.8
6015;Totaal personen;Valkenburg aan de Geul;2018;12;8;8;7;2;0;1;4;1;2;0;0;3.3;4;67.2;64.9
6016;Totaal personen;Valkenswaard;2003;24;16;15;13;2;0;1;8;3;3;0;1;4.5;8;66.6;63.6
6017;Totaal personen;Valkenswaard;2004;24;16;15;13;2;0;1;8;3;4;0;1;5.3;8;67.0;63.4
6018;Totaal personen;Valkenswaard;2005;24;16;15;13;2;0;2;7;3;3;0;1;5.4;8;66.3;62.7
6019;Totaal personen;Valkenswaard;2006;24;15;15;13;2;0;2;7;3;3;0;1;4.7;8;65.5;62.5
6020;Totaal personen;Valkenswaard;2007;24;16;15;13;2;0;1;7;3;4;0;1;4.0;8;66.3;63.6
6021;Totaal personen;Valkenswaard;2008;24;16;16;14;2;0;1;8;3;3;0;1;3.4;7;69.0;66.7
6022;Totaal personen;Valkenswaard;2009;23;16;15;13;2;0;1;8;3;3;0;1;4.3;7;68.7;65.7
6023;Totaal personen;Valkenswaard;2010;23;16;15;13;2;0;1;7;3;3;0;1;4.8;7;68.0;64.7
6024;Totaal personen;Valkenswaard;2011;23;16;15;13;2;0;1;7;3;3;0;1;4.7;7;68.2;65.0
6025;Totaal personen;Valkenswaard;2012;23;16;15;13;2;0;1;8;3;4;0;1;4.9;7;69.4;66.0
6026;Totaal personen;Valkenswaard;2013;23;16;15;13;2;0;1;7;3;4;0;1;6.5;7;69.7;65.2
6027;Totaal personen;Valkenswaard;2014;23;16;15;13;2;0;2;8;2;3;0;1;7.3;7;69.7;64.6
6028;Totaal personen;Valkenswaard;2015;23;16;15;12;2;0;1;8;2;3;0;1;6.3;7;69.4;65.1
6029;Totaal personen;Valkenswaard;2016;23;16;15;13;2;0;2;8;2;3;0;1;5.3;7;69.0;65.3
6030;Totaal personen;Valkenswaard;2017;23;16;15;13;2;0;2;8;2;3;0;1;4.4;7;69.1;66.1
6031;Totaal personen;Valkenswaard;2018;23;16;16;13;2;0;2;7;3;4;0;1;3.3;7;69.7;67.4
6032;Totaal personen;Veendam;2003;21;13;13;11;2;0;1;7;2;2;0;1;5.7;8;63.4;59.8
6033;Totaal personen;Veendam;2004;21;13;12;11;2;0;1;6;2;3;0;1;7.0;8;63.6;59.1
6034;Totaal personen;Veendam;2005;21;14;13;11;2;0;1;7;2;2;0;1;7.3;7;64.7;60.0
6035;Totaal personen;Veendam;2006;21;13;12;11;2;0;1;7;2;2;0;1;6.4;8;63.1;59.0
6036;Totaal personen;Veendam;2007;21;13;13;11;1;0;1;7;2;2;0;1;5.3;8;63.8;60.5
6037;Totaal personen;Veendam;2008;21;14;13;12;1;0;1;7;2;2;1;1;4.4;8;64.5;61.6
6038;Totaal personen;Veendam;2009;21;14;13;12;1;0;1;7;2;2;0;1;5.4;7;65.9;62.3
6039;Totaal personen;Veendam;2010;21;14;13;11;2;0;1;6;2;3;0;1;5.9;7;66.3;62.4
6040;Totaal personen;Veendam;2011;21;14;13;11;2;0;1;7;2;3;0;1;5.8;7;66.3;62.5
6041;Totaal personen;Veendam;2012;21;14;13;11;2;0;1;7;2;3;0;1;6.7;7;66.5;62.0
6042;Totaal personen;Veendam;2013;21;14;13;11;2;0;1;6;2;3;0;1;7.7;7;67.1;61.9
6043;Totaal personen;Veendam;2014;21;14;13;11;2;0;1;7;2;2;0;1;8.2;7;65.7;60.4
6044;Totaal personen;Veendam;2015;21;14;13;11;2;0;1;6;2;3;0;1;8.4;7;67.1;61.4
6045;Totaal personen;Veendam;2016;21;14;13;11;2;0;1;6;2;3;1;1;7.3;7;65.8;61.0
6046;Totaal personen;Veendam;2017;21;14;13;11;2;0;1;6;2;3;0;1;5.8;7;66.1;62.3
6047;Totaal personen;Veendam;2018;21;14;13;11;2;0;1;6;2;3;0;1;4.9;7;67.2;63.9
6048;Totaal personen;Veenendaal;2003;45;31;30;26;4;0;3;12;5;9;0;1;4.3;14;69.7;66.7
6049;Totaal personen;Veenendaal;2004;45;31;29;26;3;0;3;14;5;8;0;2;5.0;14;69.3;65.8
6050;Totaal personen;Veenendaal;2005;45;31;29;26;3;0;3;14;5;7;0;2;5.2;14;69.2;65.6
6051;Totaal personen;Veenendaal;2006;45;31;30;26;4;0;2;14;5;8;0;1;4.7;14;69.5;66.3
6052;Totaal personen;Veenendaal;2007;45;31;30;27;3;0;3;14;5;8;0;1;4.1;14;69.6;66.7
6053;Totaal personen;Veenendaal;2008;45;33;32;27;4;0;3;15;6;8;0;1;3.3;13;72.2;69.8
6054;Totaal personen;Veenendaal;2009;45;33;31;27;4;0;3;16;6;7;0;1;4.2;13;71.9;68.9
6055;Totaal personen;Veenendaal;2010;45;33;31;27;4;0;2;14;6;8;0;1;4.6;13;71.8;68.6
6056;Totaal personen;Veenendaal;2011;46;33;31;27;4;0;2;14;6;9;0;1;4.6;13;71.5;68.2
6057;Totaal personen;Veenendaal;2012;46;34;32;27;5;0;3;15;6;8;0;2;5.3;12;73.0;69.1
6058;Totaal personen;Veenendaal;2013;46;33;31;27;4;0;2;13;5;9;1;2;7.4;13;71.6;66.3
6059;Totaal personen;Veenendaal;2014;46;33;31;26;5;0;2;13;5;10;0;2;7.2;13;72.0;66.8
6060;Totaal personen;Veenendaal;2015;47;33;31;26;5;0;2;13;5;10;0;2;7.3;14;71.0;65.8
6061;Totaal personen;Veenendaal;2016;47;33;31;27;4;0;3;14;6;9;0;2;6.0;14;71.0;66.7
6062;Totaal personen;Veenendaal;2017;47;34;32;27;5;0;3;13;5;10;1;2;4.7;14;71.5;68.1
6063;Totaal personen;Veenendaal;2018;48;35;33;28;5;0;3;15;6;10;0;1;3.6;13;72.3;69.7
6064;Totaal personen;Veere;2003;16;10;10;8;2;0;1;5;2;2;0;0;3.3;6;64.7;62.5
6065;Totaal personen;Veere;2004;16;11;10;8;2;0;1;6;2;2;0;0;3.7;5;65.7;63.3
6066;Totaal personen;Veere;2005;16;10;10;8;2;0;1;5;2;2;0;0;3.9;6;64.8;62.3
6067;Totaal personen;Veere;2006;16;10;10;8;2;0;1;5;2;2;0;0;3.5;5;65.6;63.3
6068;Totaal personen;Veere;2007;16;11;10;8;2;0;1;5;2;2;0;0;3.0;5;67.1;65.1
6069;Totaal personen;Veere;2008;16;11;11;8;2;0;1;5;2;2;0;0;2.9;5;67.9;66.0
6070;Totaal personen;Veere;2009;16;11;11;9;2;0;1;6;2;2;0;0;3.2;5;68.7;66.5
6071;Totaal personen;Veere;2010;16;11;10;8;2;0;1;5;2;2;0;0;3.5;5;67.7;65.3
6072;Totaal personen;Veere;2011;16;11;11;9;2;0;1;5;2;2;0;0;3.3;5;67.7;65.5
6073;Totaal personen;Veere;2012;16;11;11;9;2;0;1;6;2;2;0;0;3.7;5;68.8;66.3
6074;Totaal personen;Veere;2013;16;11;10;9;2;0;1;4;2;2;1;1;4.9;5;68.2;64.9
6075;Totaal personen;Veere;2014;16;11;11;8;2;0;1;5;2;2;0;0;4.5;5;68.7;65.6
6076;Totaal personen;Veere;2015;16;11;11;8;2;0;1;5;2;3;0;0;4.4;5;68.1;65.1
6077;Totaal personen;Veere;2016;16;11;11;8;2;0;1;5;2;2;1;0;3.7;5;68.9;66.4
6078;Totaal personen;Veere;2017;16;11;11;9;2;0;1;5;2;2;1;0;3.0;5;67.8;65.8
6079;Totaal personen;Veere;2018;16;11;11;8;2;0;1;5;2;2;0;0;2.5;5;69.2;67.5
6080;Totaal personen;Veldhoven;2003;32;22;21;19;2;0;2;10;4;5;1;1;4.3;10;68.5;65.6
6081;Totaal personen;Veldhoven;2004;32;22;21;18;2;0;2;9;4;6;0;1;5.0;10;67.9;64.5
6082;Totaal personen;Veldhoven;2005;33;22;21;18;3;0;2;10;4;5;0;1;4.8;10;68.5;65.1
6083;Totaal personen;Veldhoven;2006;33;23;22;19;3;0;2;10;4;6;0;1;4.2;10;69.0;66.1
6084;Totaal personen;Veldhoven;2007;33;23;22;19;3;0;2;10;4;5;0;1;3.6;10;69.7;67.2
6085;Totaal personen;Veldhoven;2008;32;23;22;20;3;0;2;10;4;7;0;1;3.0;9;70.8;68.7
6086;Totaal personen;Veldhoven;2009;32;23;22;20;2;0;2;9;4;7;1;1;3.9;9;71.3;68.5
6087;Totaal personen;Veldhoven;2010;33;23;22;19;3;0;2;10;4;6;0;1;4.5;9;72.0;68.8
6088;Totaal personen;Veldhoven;2011;33;23;22;19;4;0;2;9;4;7;0;1;4.0;9;71.3;68.4
6089;Totaal personen;Veldhoven;2012;33;24;23;19;4;0;2;10;4;7;0;1;4.6;9;71.9;68.6
6090;Totaal personen;Veldhoven;2013;33;24;22;19;3;0;2;10;4;6;0;1;6.2;9;71.8;67.3
6091;Totaal personen;Veldhoven;2014;33;24;22;19;4;0;2;10;4;6;0;1;6.1;9;71.8;67.4
6092;Totaal personen;Veldhoven;2015;33;23;22;19;3;0;2;9;3;7;0;1;5.6;9;71.3;67.3
6093;Totaal personen;Veldhoven;2016;33;24;23;19;4;0;2;10;3;8;0;1;4.9;9;71.8;68.3
6094;Totaal personen;Veldhoven;2017;33;24;23;20;4;0;2;10;4;8;0;1;3.8;9;72.7;69.9
6095;Totaal personen;Veldhoven;2018;33;24;24;20;3;0;2;10;4;8;0;1;2.9;9;72.7;70.6
6096;Totaal personen;Velsen;2003;49;33;32;29;3;0;2;15;6;8;1;1;3.8;16;68.0;65.4
6097;Totaal personen;Velsen;2004;49;33;32;28;4;0;2;16;7;7;0;2;4.6;15;68.7;65.5
6098;Totaal personen;Velsen;2005;49;34;32;28;4;0;2;15;7;7;0;2;4.8;15;68.9;65.6
6099;Totaal personen;Velsen;2006;49;35;33;29;4;0;3;17;6;7;1;1;4.3;14;70.8;67.8
6100;Totaal personen;Velsen;2007;49;35;33;29;5;0;3;17;6;7;0;1;3.5;15;70.5;68.0
6101;Totaal personen;Velsen;2008;49;35;34;29;5;0;3;17;7;7;1;1;3.2;14;71.5;69.2
6102;Totaal personen;Velsen;2009;49;36;34;30;4;0;3;17;7;6;1;1;3.7;14;72.2;69.6
6103;Totaal personen;Velsen;2010;49;35;34;30;4;0;3;17;6;7;1;1;4.1;14;71.5;68.5
6104;Totaal personen;Velsen;2011;50;35;34;29;5;0;2;16;6;9;0;2;4.3;15;70.7;67.6
6105;Totaal personen;Velsen;2012;50;36;34;29;4;0;3;16;6;8;1;2;5.0;14;71.4;67.8
6106;Totaal personen;Velsen;2013;50;36;34;29;5;0;3;16;6;8;1;2;6.1;14;72.0;67.7
6107;Totaal personen;Velsen;2014;50;36;34;29;5;0;3;15;6;10;1;2;6.3;14;71.8;67.2
6108;Totaal personen;Velsen;2015;50;36;34;29;5;0;3;14;6;10;0;2;5.6;14;71.8;67.8
6109;Totaal personen;Velsen;2016;51;37;35;30;5;0;3;16;6;9;1;2;4.9;14;72.1;68.6
6110;Totaal personen;Velsen;2017;51;37;35;30;5;0;3;16;6;9;1;2;4.2;14;72.5;69.4
6111;Totaal personen;Velsen;2018;51;37;35;30;6;0;3;16;6;9;1;1;3.3;15;71.5;69.1
6112;Totaal personen;Venlo;2003;76;51;48;43;5;0;5;26;8;9;0;3;5.6;25;67.0;63.3
6113;Totaal personen;Venlo;2004;77;51;48;42;6;0;5;26;7;9;0;3;6.3;26;66.6;62.4
6114;Totaal personen;Venlo;2005;77;52;48;43;6;0;6;27;8;8;0;3;6.6;25;67.7;63.2
6115;Totaal personen;Venlo;2006;76;51;48;43;5;0;6;23;9;8;2;3;6.0;26;66.5;62.5
6116;Totaal personen;Venlo;2007;76;52;50;44;6;0;7;23;9;8;2;3;4.8;24;68.3;65.0
6117;Totaal personen;Venlo;2008;76;53;50;44;7;0;6;26;9;9;1;2;4.5;23;69.4;66.3
6118;Totaal personen;Venlo;2009;76;51;48;43;6;0;5;25;8;9;0;3;5.8;25;67.7;63.8
6119;Totaal personen;Venlo;2010;76;51;48;43;6;0;5;23;9;10;1;3;6.1;24;67.7;63.6
6120;Totaal personen;Venlo;2011;75;51;48;43;5;0;6;23;9;10;1;3;5.3;24;67.9;64.3
6121;Totaal personen;Venlo;2012;76;52;49;43;6;0;6;25;8;10;0;3;5.9;23;69.0;64.9
6122;Totaal personen;Venlo;2013;76;52;48;42;6;0;6;24;8;10;1;4;7.7;24;68.4;63.2
6123;Totaal personen;Venlo;2014;76;51;47;41;6;0;6;22;8;11;1;4;8.4;25;67.2;61.6
6124;Totaal personen;Venlo;2015;75;52;48;42;6;0;5;23;7;12;0;4;7.3;24;68.2;63.3
6125;Totaal personen;Venlo;2016;76;52;49;43;6;0;6;24;8;12;0;3;5.7;23;69.1;65.1
6126;Totaal personen;Venlo;2017;76;52;49;43;6;0;6;25;7;11;0;3;5.4;24;68.4;64.8
6127;Totaal personen;Venlo;2018;77;52;50;43;7;0;6;24;8;11;1;2;4.1;24;68.3;65.5
6128;Totaal personen;Venray;2003;31;22;21;18;3;0;2;11;4;4;0;1;4.3;9;71.1;68.0
6129;Totaal personen;Venray;2004;31;22;21;18;2;0;2;11;4;4;0;1;5.2;10;69.3;65.7
6130;Totaal personen;Venray;2005;31;22;21;18;3;0;2;10;4;5;0;1;5.1;9;70.3;66.7
6131;Totaal personen;Venray;2006;32;22;21;19;2;0;2;11;4;3;1;1;4.8;9;70.1;66.7
6132;Totaal personen;Venray;2007;32;23;22;19;2;0;2;12;4;4;0;1;3.8;9;71.4;68.7
6133;Totaal personen;Venray;2008;32;23;22;19;3;0;2;12;4;4;0;1;3.4;9;72.9;70.4
6134;Totaal personen;Venray;2009;32;23;22;19;3;0;2;11;4;5;0;1;4.5;9;72.3;69.0
6135;Totaal personen;Venray;2010;32;22;21;18;3;0;2;11;4;5;0;1;4.9;9;71.0;67.5
6136;Totaal personen;Venray;2011;32;23;22;18;4;0;2;11;4;5;0;1;4.7;9;71.3;67.9
6137;Totaal personen;Venray;2012;32;23;22;19;3;0;2;11;4;5;0;1;5.3;9;71.7;67.9
6138;Totaal personen;Venray;2013;32;23;22;18;3;0;2;9;4;5;1;2;6.7;9;71.6;66.8
6139;Totaal personen;Venray;2014;32;23;21;18;4;0;2;9;4;6;1;2;6.6;9;70.7;66.0
6140;Totaal personen;Venray;2015;32;23;22;18;3;0;2;10;4;6;0;1;6.4;9;71.4;66.9
6141;Totaal personen;Venray;2016;33;23;22;19;3;0;2;11;4;5;0;1;5.6;9;71.8;67.8
6142;Totaal personen;Venray;2017;33;24;23;19;4;0;3;11;4;5;1;1;4.1;9;72.1;69.1
6143;Totaal personen;Venray;2018;33;24;23;19;3;0;3;11;4;5;0;1;3.2;9;72.7;70.4
6144;Totaal personen;Vianen;2003;15;11;10;9;1;0;1;5;2;3;0;0;4.0;4;70.8;68.0
6145;Totaal personen;Vianen;2004;15;11;10;9;1;0;1;5;2;2;0;0;4.7;4;70.6;67.3
6146;Totaal personen;Vianen;2005;15;10;10;9;1;0;1;5;2;2;0;1;5.1;5;69.6;66.1
6147;Totaal personen;Vianen;2006;15;10;10;8;1;0;1;5;2;2;0;0;4.3;4;70.2;67.2
6148;Totaal personen;Vianen;2007;15;11;10;9;1;0;1;5;2;2;0;0;3.7;4;71.3;68.6
6149;Totaal personen;Vianen;2008;15;11;10;9;1;0;1;5;2;3;0;0;3.0;4;72.4;70.2
6150;Totaal personen;Vianen;2009;15;11;10;9;2;0;1;5;2;3;0;0;3.5;4;72.7;70.1
6151;Totaal personen;Vianen;2010;15;11;10;9;1;0;1;5;2;3;0;0;4.2;4;71.7;68.6
6152;Totaal personen;Vianen;2011;15;11;10;9;1;0;1;5;2;3;0;0;4.2;4;71.3;68.3
6153;Totaal personen;Vianen;2012;15;11;10;9;1;0;1;4;2;3;0;1;5.4;4;71.6;67.7
6154;Totaal personen;Vianen;2013;15;11;10;8;2;0;1;5;2;2;0;1;6.1;4;71.3;66.9
6155;Totaal personen;Vianen;2014;15;10;10;8;2;0;1;5;2;3;0;1;6.1;4;71.0;66.7
6156;Totaal personen;Vianen;2015;15;10;10;8;2;0;1;4;2;3;0;1;5.9;4;70.5;66.3
6157;Totaal personen;Vianen;2016;15;10;10;8;2;0;1;5;2;3;0;1;5.3;4;71.4;67.6
6158;Totaal personen;Vianen;2017;15;10;10;8;2;0;1;4;2;3;0;0;4.1;4;70.7;67.8
6159;Totaal personen;Vianen;2018;15;11;10;9;2;0;1;4;2;3;0;0;3.3;4;71.8;69.4
6160;Totaal personen;Vlaardingen;2003;55;37;35;31;4;0;2;18;7;8;0;2;5.1;19;66.2;62.8
6161;Totaal personen;Vlaardingen;2004;55;36;34;31;3;0;2;17;6;8;0;2;6.5;19;65.9;61.6
6162;Totaal personen;Vlaardingen;2005;54;36;34;30;4;0;3;17;7;7;1;2;6.8;18;66.5;62.0
6163;Totaal personen;Vlaardingen;2006;53;36;34;30;3;0;3;18;6;6;1;2;5.8;18;66.6;62.8
6164;Totaal personen;Vlaardingen;2007;53;35;34;30;3;0;3;18;6;7;0;2;4.5;17;67.0;64.0
6165;Totaal personen;Vlaardingen;2008;53;36;35;31;4;0;3;17;7;7;1;1;4.0;17;68.3;65.6
6166;Totaal personen;Vlaardingen;2009;52;36;34;30;4;0;3;16;6;8;1;2;4.9;17;68.3;65.0
6167;Totaal personen;Vlaardingen;2010;53;36;34;29;5;0;3;17;6;8;0;2;5.7;17;67.8;64.0
6168;Totaal personen;Vlaardingen;2011;53;36;34;30;4;0;3;16;6;8;1;2;5.5;17;68.2;64.5
6169;Totaal personen;Vlaardingen;2012;53;36;34;30;4;0;3;16;6;9;1;3;6.9;16;69.3;64.6
6170;Totaal personen;Vlaardingen;2013;53;37;33;29;4;0;3;16;6;8;1;3;8.4;16;69.4;63.6
6171;Totaal personen;Vlaardingen;2014;53;36;33;29;5;0;4;15;6;8;1;3;8.2;17;68.8;63.1
6172;Totaal personen;Vlaardingen;2015;53;36;33;29;4;0;3;14;6;9;1;3;8.4;17;68.6;62.8
6173;Totaal personen;Vlaardingen;2016;53;36;34;29;4;0;3;16;6;8;1;2;6.8;17;68.1;63.4
6174;Totaal personen;Vlaardingen;2017;53;36;34;29;4;0;3;16;6;8;1;2;5.9;17;67.8;63.9
6175;Totaal personen;Vlaardingen;2018;53;36;35;30;5;0;3;15;6;10;1;2;4.4;17;68.5;65.5
6176;Totaal personen;Vlieland;2003;1;1;1;0;0;0;0;0;0;0;0;0;4.5;0;68.5;65.4
6177;Totaal personen;Vlieland;2004;1;1;1;0;0;0;0;0;0;0;0;0;4.7;0;68.4;65.2
6178;Totaal personen;Vlieland;2005;1;1;1;0;0;0;0;0;0;0;0;0;4.8;0;68.8;65.5
6179;Totaal personen;Vlieland;2006;1;1;1;0;0;0;0;0;0;0;0;0;4.0;0;68.0;65.3
6180;Totaal personen;Vlieland;2007;1;1;1;0;0;0;0;0;0;0;0;0;3.7;0;68.5;66.0
6181;Totaal personen;Vlieland;2008;1;1;1;0;0;0;0;0;0;0;0;0;3.1;0;69.7;67.6
6182;Totaal personen;Vlieland;2009;1;1;1;0;0;0;0;0;0;0;0;0;3.3;0;71.0;68.7
6183;Totaal personen;Vlieland;2010;1;1;1;0;0;0;0;0;0;0;0;0;3.6;0;71.2;68.7
6184;Totaal personen;Vlieland;2011;1;1;1;0;0;0;0;0;0;0;0;0;3.6;0;71.1;68.6
6185;Totaal personen;Vlieland;2012;1;1;1;0;0;0;0;0;0;0;0;0;4.6;0;71.7;68.3
6186;Totaal personen;Vlieland;2013;1;1;1;0;0;0;0;0;0;0;0;0;5.7;0;71.6;67.5
6187;Totaal personen;Vlieland;2014;1;1;1;0;0;0;0;0;0;0;0;0;5.8;0;70.6;66.5
6188;Totaal personen;Vlieland;2015;1;1;1;0;0;0;0;0;0;0;0;0;4.9;0;70.4;67.0
6189;Totaal personen;Vlieland;2016;1;1;1;0;0;0;0;0;0;0;0;0;4.4;0;70.9;67.8
6190;Totaal personen;Vlieland;2017;1;1;1;1;0;0;0;0;0;0;0;0;3.4;0;72.6;70.1
6191;Totaal personen;Vlieland;2018;1;1;1;1;0;0;0;0;0;0;0;0;2.8;0;72.7;70.6
6192;Totaal personen;Vlissingen;2003;34;21;20;19;2;0;2;10;4;4;1;1;5.4;13;63.1;59.7
6193;Totaal personen;Vlissingen;2004;34;22;20;19;2;0;2;10;4;4;1;1;6.3;12;64.4;60.3
6194;Totaal personen;Vlissingen;2005;34;22;21;19;2;0;2;11;4;4;0;1;6.2;12;65.7;61.6
6195;Totaal personen;Vlissingen;2006;34;23;21;18;3;0;2;12;3;4;0;1;5.6;11;66.5;62.8
6196;Totaal personen;Vlissingen;2007;34;22;21;19;2;0;2;11;4;4;1;1;4.6;12;65.1;62.1
6197;Totaal personen;Vlissingen;2008;34;22;21;19;2;0;2;10;4;4;1;1;4.0;11;66.2;63.5
6198;Totaal personen;Vlissingen;2009;34;23;22;19;3;0;2;11;4;3;1;1;4.3;11;68.5;65.5
6199;Totaal personen;Vlissingen;2010;34;23;22;18;3;0;2;10;4;4;1;1;4.7;11;67.3;64.1
6200;Totaal personen;Vlissingen;2011;33;22;21;19;3;0;2;10;4;4;1;1;4.6;11;67.0;63.9
6201;Totaal personen;Vlissingen;2012;33;23;22;19;3;0;2;12;4;3;1;1;5.4;10;69.1;65.4
6202;Totaal personen;Vlissingen;2013;33;23;21;18;3;0;2;11;4;4;1;2;7.0;11;67.4;62.7
6203;Totaal personen;Vlissingen;2014;34;23;21;18;3;0;2;11;4;5;0;2;6.8;11;67.9;63.3
6204;Totaal personen;Vlissingen;2015;33;23;21;18;3;0;2;11;3;4;1;2;7.0;11;68.4;63.6
6205;Totaal personen;Vlissingen;2016;33;23;21;19;3;0;2;11;4;4;1;1;5.5;11;68.2;64.4
6206;Totaal personen;Vlissingen;2017;33;22;21;18;3;0;2;10;4;4;1;1;4.9;11;65.8;62.6
6207;Totaal personen;Vlissingen;2018;33;23;22;18;3;0;2;11;4;4;1;1;4.2;11;67.5;64.6
6208;Totaal personen;Voerendaal;2003;10;6;6;5;1;0;0;3;1;2;0;0;4.3;4;63.9;61.2
6209;Totaal personen;Voerendaal;2004;10;6;6;5;1;0;0;3;1;1;0;0;4.9;4;63.9;60.8
6210;Totaal personen;Voerendaal;2005;10;6;6;5;1;0;0;3;1;1;0;0;4.9;4;64.5;61.3
6211;Totaal personen;Voerendaal;2006;10;6;6;5;1;0;0;3;1;1;0;0;4.6;3;64.9;61.9
6212;Totaal personen;Voerendaal;2007;10;6;6;5;1;0;0;3;1;2;0;0;3.8;3;65.5;63.0
6213;Totaal personen;Voerendaal;2008;10;7;6;5;1;0;0;3;1;2;0;0;3.4;3;66.6;64.3
6214;Totaal personen;Voerendaal;2009;10;7;6;5;1;0;0;3;1;2;0;0;3.8;3;67.4;64.8
6215;Totaal personen;Voerendaal;2010;10;7;6;5;1;0;1;3;1;2;0;0;4.3;3;67.3;64.4
6216;Totaal personen;Voerendaal;2011;10;6;6;5;1;0;0;3;1;2;0;0;4.1;3;67.0;64.3
6217;Totaal personen;Voerendaal;2012;10;7;6;5;1;0;0;3;1;2;0;0;4.4;3;67.9;64.9
6218;Totaal personen;Voerendaal;2013;10;6;6;5;1;0;1;3;1;2;0;0;6.1;3;67.1;63.0
6219;Totaal personen;Voerendaal;2014;10;6;6;5;1;0;0;3;1;2;0;0;6.3;3;67.4;63.1
6220;Totaal personen;Voerendaal;2015;9;6;6;5;1;0;0;2;1;2;0;0;5.9;3;67.3;63.3
6221;Totaal personen;Voerendaal;2016;9;6;6;5;1;0;0;3;1;2;0;0;4.9;3;68.3;65.0
6222;Totaal personen;Voerendaal;2017;9;6;6;5;1;0;0;3;1;2;0;0;3.9;3;68.3;65.6
6223;Totaal personen;Voerendaal;2018;9;6;6;5;1;0;0;3;1;2;0;0;3.0;3;68.4;66.3
6224;Totaal personen;Voorschoten;2003;16;11;10;9;1;0;1;4;2;4;0;0;3.7;5;66.9;64.5
6225;Totaal personen;Voorschoten;2004;16;11;10;9;1;0;1;4;2;4;0;0;4.3;5;67.3;64.5
6226;Totaal personen;Voorschoten;2005;16;11;10;9;1;0;1;4;2;4;0;1;4.6;5;66.9;63.8
6227;Totaal personen;Voorschoten;2006;17;11;11;9;1;0;1;4;2;4;0;0;4.0;5;67.2;64.5
6228;Totaal personen;Voorschoten;2007;16;12;11;9;2;0;1;4;2;4;0;0;3.4;5;70.3;67.9
6229;Totaal personen;Voorschoten;2008;17;12;11;10;2;0;1;5;2;4;0;0;3.0;5;71.1;68.9
6230;Totaal personen;Voorschoten;2009;17;12;11;10;2;0;1;4;2;5;0;0;3.5;5;71.4;68.9
6231;Totaal personen;Voorschoten;2010;17;12;11;10;2;0;1;4;2;4;0;1;4.2;5;70.8;67.8
6232;Totaal personen;Voorschoten;2011;17;12;12;10;2;0;1;4;2;5;0;1;4.3;5;70.0;67.1
6233;Totaal personen;Voorschoten;2012;18;12;12;10;2;0;1;4;2;5;0;1;4.7;5;70.5;67.2
6234;Totaal personen;Voorschoten;2013;18;13;12;10;2;0;1;4;2;5;0;1;5.9;5;71.4;67.2
6235;Totaal personen;Voorschoten;2014;18;13;12;10;2;0;1;4;2;5;0;1;6.1;5;71.1;66.8
6236;Totaal personen;Voorschoten;2015;18;13;12;10;2;0;1;4;2;5;0;1;5.7;5;70.4;66.4
6237;Totaal personen;Voorschoten;2016;18;13;12;10;2;0;1;4;2;5;0;1;4.8;5;71.5;68.1
6238;Totaal personen;Voorschoten;2017;18;13;12;10;2;0;1;5;2;5;0;1;4.0;5;71.4;68.6
6239;Totaal personen;Voorschoten;2018;18;13;12;10;2;0;1;4;2;5;0;0;3.1;5;71.0;68.8
6240;Totaal personen;Voorst;2003;17;12;11;10;2;0;1;6;2;2;0;0;3.5;6;67.7;65.4
6241;Totaal personen;Voorst;2004;17;12;11;10;2;0;1;7;2;2;0;0;4.1;5;68.3;65.5
6242;Totaal personen;Voorst;2005;17;12;11;9;2;0;1;6;2;2;0;1;4.3;6;67.5;64.6
6243;Totaal personen;Voorst;2006;17;12;11;9;2;0;1;6;2;2;0;0;3.6;5;68.1;65.7
6244;Totaal personen;Voorst;2007;17;12;12;10;2;0;1;7;2;2;0;0;3.0;5;71.5;69.4
6245;Totaal personen;Voorst;2008;17;12;12;10;2;0;1;6;2;2;0;0;3.0;5;70.9;68.8
6246;Totaal personen;Voorst;2009;17;12;12;10;2;0;1;6;2;2;0;0;3.3;5;70.9;68.5
6247;Totaal personen;Voorst;2010;17;12;12;10;2;0;1;6;2;2;1;0;3.7;5;70.4;67.8
6248;Totaal personen;Voorst;2011;17;12;12;10;2;0;1;5;2;3;0;0;3.6;5;70.6;68.0
6249;Totaal personen;Voorst;2012;17;12;12;10;2;0;1;5;2;3;0;1;4.3;5;71.1;68.1
6250;Totaal personen;Voorst;2013;17;12;12;10;2;0;1;5;2;3;1;1;5.5;5;70.8;66.9
6251;Totaal personen;Voorst;2014;17;12;12;10;2;0;1;5;2;4;0;1;5.6;5;70.8;66.8
6252;Totaal personen;Voorst;2015;17;12;12;10;2;0;1;6;2;3;0;1;5.2;5;70.6;66.9
6253;Totaal personen;Voorst;2016;18;12;12;10;2;0;1;6;2;3;0;1;4.5;5;71.0;67.8
6254;Totaal personen;Voorst;2017;18;13;12;10;2;0;1;6;2;3;0;0;3.6;5;71.4;68.8
6255;Totaal personen;Voorst;2018;18;13;12;10;2;0;1;5;2;3;0;0;2.9;5;71.3;69.2
6256;Totaal personen;Vught;2003;18;12;12;10;1;0;1;5;2;4;0;0;4.0;6;68.4;65.7
6257;Totaal personen;Vught;2004;18;12;12;10;1;0;1;5;2;3;0;1;4.7;6;68.2;65.0
6258;Totaal personen;Vught;2005;18;12;12;10;2;0;1;6;2;3;0;1;4.7;6;69.1;65.9
6259;Totaal personen;Vught;2006;18;13;12;10;2;0;1;5;2;4;0;1;4.1;5;69.8;67.0
6260;Totaal personen;Vught;2007;18;13;12;10;2;0;1;5;2;4;0;0;3.5;5;70.1;67.7
6261;Totaal personen;Vught;2008;18;13;12;10;2;0;1;5;2;3;0;0;3.1;5;71.2;68.9
6262;Totaal personen;Vught;2009;18;13;12;11;2;0;1;5;2;4;0;0;3.8;5;71.6;68.8
6263;Totaal personen;Vught;2010;18;13;13;10;2;0;1;5;2;4;0;1;4.2;5;71.4;68.4
6264;Totaal personen;Vught;2011;18;13;12;10;2;0;1;5;2;4;0;1;4.1;5;71.0;68.1
6265;Totaal personen;Vught;2012;18;13;13;11;2;0;1;5;2;4;0;1;4.5;5;71.9;68.6
6266;Totaal personen;Vught;2013;18;13;12;10;2;0;1;5;2;5;0;1;5.6;5;71.9;67.9
6267;Totaal personen;Vught;2014;18;13;12;10;2;0;1;5;2;5;0;1;6.2;5;72.7;68.1
6268;Totaal personen;Vught;2015;18;13;12;10;2;0;1;5;2;5;0;1;5.7;5;71.8;67.7
6269;Totaal personen;Vught;2016;18;13;13;10;2;0;1;5;2;5;0;1;4.7;5;71.9;68.5
6270;Totaal personen;Vught;2017;19;14;13;10;3;0;1;5;2;5;0;1;3.8;5;72.1;69.4
6271;Totaal personen;Vught;2018;19;14;13;11;3;0;1;5;2;5;0;0;3.0;5;72.7;70.6
6272;Totaal personen;Waadhoeke;2003;35;24;22;19;4;0;2;12;4;4;0;1;4.6;11;67.3;64.2
6273;Totaal personen;Waadhoeke;2004;35;24;22;19;4;0;2;13;4;4;0;1;5.4;11;67.9;64.2
6274;Totaal personen;Waadhoeke;2005;35;24;23;19;4;0;2;13;4;4;0;1;5.4;11;68.4;64.7
6275;Totaal personen;Waadhoeke;2006;35;24;23;19;4;0;2;13;4;4;0;1;4.7;11;68.7;65.5
6276;Totaal personen;Waadhoeke;2007;35;24;23;19;4;0;2;14;4;3;0;1;3.9;11;69.1;66.4
6277;Totaal personen;Waadhoeke;2008;34;24;23;20;4;0;2;13;4;4;0;1;3.4;10;70.0;67.6
6278;Totaal personen;Waadhoeke;2009;35;25;23;19;4;0;2;12;4;5;0;1;4.2;10;70.6;67.6
6279;Totaal personen;Waadhoeke;2010;35;24;23;19;4;0;2;12;4;5;0;1;4.7;10;70.0;66.8
6280;Totaal personen;Waadhoeke;2011;35;24;23;19;4;0;2;12;4;5;0;1;4.7;11;69.9;66.6
6281;Totaal personen;Waadhoeke;2012;35;24;23;19;4;0;2;11;4;5;0;1;5.5;10;70.3;66.5
6282;Totaal personen;Waadhoeke;2013;35;25;23;18;4;0;2;11;4;5;1;2;6.8;10;70.5;65.7
6283;Totaal personen;Waadhoeke;2014;35;24;22;18;4;0;2;11;4;4;1;2;7.1;11;69.5;64.5
6284;Totaal personen;Waadhoeke;2015;34;24;22;18;4;0;2;11;4;5;1;2;6.8;10;69.7;64.9
6285;Totaal personen;Waadhoeke;2016;34;24;23;18;4;0;2;11;4;5;0;1;5.8;10;69.6;65.5
6286;Totaal personen;Waadhoeke;2017;34;24;23;19;4;0;2;12;4;5;0;1;4.6;11;69.5;66.4
6287;Totaal personen;Waadhoeke;2018;34;24;23;19;4;0;2;13;4;4;0;1;3.4;10;70.4;68.0
6288;Totaal personen;Waalre;2003;12;8;7;6;1;0;1;3;1;2;0;0;4.1;4;64.6;62.0
6289;Totaal personen;Waalre;2004;12;8;7;6;1;0;1;3;1;3;0;0;4.8;4;65.0;61.9
6290;Totaal personen;Waalre;2005;12;8;8;6;1;0;1;3;1;3;0;0;4.7;4;65.6;62.6
6291;Totaal personen;Waalre;2006;12;8;8;6;1;0;1;3;1;3;0;0;4.2;4;65.9;63.2
6292;Totaal personen;Waalre;2007;12;8;8;7;1;0;1;3;1;2;0;0;3.5;4;66.8;64.5
6293;Totaal personen;Waalre;2008;12;8;8;7;1;0;1;3;1;2;0;0;3.2;4;67.3;65.2
6294;Totaal personen;Waalre;2009;12;8;8;7;1;0;1;3;1;3;0;0;4.0;4;68.7;65.9
6295;Totaal personen;Waalre;2010;12;8;8;6;1;0;1;3;1;3;0;0;4.4;4;68.6;65.6
6296;Totaal personen;Waalre;2011;12;8;8;6;1;0;1;3;1;3;0;0;4.3;4;68.7;65.7
6297;Totaal personen;Waalre;2012;12;8;8;7;1;0;1;3;1;3;0;0;4.8;4;69.6;66.2
6298;Totaal personen;Waalre;2013;12;8;8;6;2;0;1;3;1;3;0;1;6.2;4;70.2;65.9
6299;Totaal personen;Waalre;2014;12;9;8;7;1;0;1;3;1;3;0;1;6.4;4;70.2;65.8
6300;Totaal personen;Waalre;2015;12;9;8;7;2;0;1;3;1;3;0;1;5.9;4;70.5;66.4
6301;Totaal personen;Waalre;2016;12;9;8;7;1;0;1;3;1;3;0;0;5.1;4;70.3;66.8
6302;Totaal personen;Waalre;2017;12;9;8;7;1;0;1;3;1;3;0;0;3.9;4;70.2;67.5
6303;Totaal personen;Waalre;2018;12;9;8;7;2;0;1;3;1;3;0;0;3.1;4;70.6;68.4
6304;Totaal personen;Waalwijk;2003;35;24;23;20;3;0;2;12;4;4;1;1;4.2;11;67.7;64.9
6305;Totaal personen;Waalwijk;2004;35;24;22;20;2;0;2;13;4;4;0;1;5.1;11;67.8;64.4
6306;Totaal personen;Waalwijk;2005;35;23;22;20;3;0;2;12;4;4;0;1;5.2;11;67.3;63.8
6307;Totaal personen;Waalwijk;2006;35;24;23;20;3;0;2;13;4;4;0;1;4.7;11;68.9;65.7
6308;Totaal personen;Waalwijk;2007;35;24;23;20;3;0;2;11;4;4;1;1;4.0;11;68.7;66.0
6309;Totaal personen;Waalwijk;2008;35;25;24;20;4;0;2;12;4;5;1;1;3.2;10;70.5;68.2
6310;Totaal personen;Waalwijk;2009;35;25;24;20;3;0;2;12;5;4;1;1;3.8;10;70.9;68.2
6311;Totaal personen;Waalwijk;2010;35;25;23;20;4;0;2;12;4;4;1;1;4.6;10;70.6;67.3
6312;Totaal personen;Waalwijk;2011;35;24;23;20;3;0;2;11;4;5;1;1;4.5;11;69.6;66.5
6313;Totaal personen;Waalwijk;2012;35;25;23;20;4;0;2;11;4;6;0;1;4.9;11;70.2;66.7
6314;Totaal personen;Waalwijk;2013;35;25;24;20;4;0;2;11;4;6;0;2;6.3;10;71.0;66.5
6315;Totaal personen;Waalwijk;2014;35;25;23;19;4;0;3;11;4;5;0;2;6.6;11;70.0;65.4
6316;Totaal personen;Waalwijk;2015;35;25;23;20;4;0;3;11;4;5;1;2;6.4;10;70.4;65.9
6317;Totaal personen;Waalwijk;2016;36;25;24;20;3;0;3;12;4;5;0;1;5.6;10;71.0;67.1
6318;Totaal personen;Waalwijk;2017;36;26;25;21;4;0;3;11;4;6;0;1;4.2;10;71.3;68.3
6319;Totaal personen;Waalwijk;2018;36;26;25;21;4;0;3;12;4;6;0;1;3.2;10;71.6;69.4
6320;Totaal personen;Waddinxveen;2003;20;14;13;11;2;0;1;6;2;3;0;1;3.9;6;68.1;65.5
6321;Totaal personen;Waddinxveen;2004;20;14;13;12;1;0;1;6;2;3;0;1;4.3;6;69.0;66.0
6322;Totaal personen;Waddinxveen;2005;20;14;13;11;1;0;1;6;2;3;0;1;4.5;6;69.1;66.0
6323;Totaal personen;Waddinxveen;2006;20;14;13;11;2;0;1;7;2;3;0;1;3.8;6;69.9;67.3
6324;Totaal personen;Waddinxveen;2007;19;14;13;12;2;0;1;7;2;3;0;0;3.5;6;70.7;68.3
6325;Totaal personen;Waddinxveen;2008;19;14;13;11;2;0;1;6;2;3;0;0;3.1;5;71.4;69.2
6326;Totaal personen;Waddinxveen;2009;19;14;13;11;2;0;1;7;2;3;0;0;3.6;5;72.2;69.6
6327;Totaal personen;Waddinxveen;2010;19;14;13;11;2;0;1;7;2;3;0;1;4.1;5;72.3;69.3
6328;Totaal personen;Waddinxveen;2011;19;13;13;11;2;0;1;6;2;4;0;1;4.0;5;71.4;68.5
6329;Totaal personen;Waddinxveen;2012;19;13;13;11;2;0;1;6;2;3;0;1;4.5;5;71.9;68.6
6330;Totaal personen;Waddinxveen;2013;19;13;13;11;2;0;1;5;2;4;0;1;6.0;5;71.3;67.0
6331;Totaal personen;Waddinxveen;2014;19;14;13;11;2;0;1;5;2;4;1;1;6.4;5;71.2;66.7
6332;Totaal personen;Waddinxveen;2015;19;14;13;11;2;0;1;6;2;4;0;1;5.9;5;71.6;67.4
6333;Totaal personen;Waddinxveen;2016;19;14;13;11;2;0;1;6;2;3;0;1;5.1;6;71.5;67.8
6334;Totaal personen;Waddinxveen;2017;20;14;14;11;2;0;1;7;2;4;0;1;4.2;6;72.1;69.1
6335;Totaal personen;Waddinxveen;2018;20;15;14;12;2;0;1;5;3;5;0;0;3.3;6;72.4;70.0
6336;Totaal personen;Wageningen;2003;27;18;17;15;3;0;2;7;3;6;0;1;5.1;9;67.4;63.9
6337;Totaal personen;Wageningen;2004;27;19;17;15;3;0;2;7;2;7;0;1;6.1;9;67.5;63.4
6338;Totaal personen;Wageningen;2005;28;19;17;15;2;0;1;7;3;6;0;1;6.7;9;67.2;62.7
6339;Totaal personen;Wageningen;2006;28;19;18;15;3;0;2;7;3;7;0;1;5.1;9;67.2;63.8
6340;Totaal personen;Wageningen;2007;28;19;18;15;4;0;2;7;3;7;0;1;4.3;9;68.2;65.3
6341;Totaal personen;Wageningen;2008;29;20;19;15;4;0;2;7;3;7;0;1;4.1;9;70.2;67.3
6342;Totaal personen;Wageningen;2009;29;20;19;16;3;0;2;8;3;6;0;1;4.3;9;70.1;67.1
6343;Totaal personen;Wageningen;2010;29;20;19;16;3;0;2;8;3;6;0;1;5.1;9;69.5;65.9
6344;Totaal personen;Wageningen;2011;29;20;19;16;3;0;2;7;3;7;0;1;5.3;9;69.0;65.4
6345;Totaal personen;Wageningen;2012;29;20;19;16;3;0;2;7;3;7;0;1;5.8;9;69.7;65.6
6346;Totaal personen;Wageningen;2013;30;21;20;16;4;0;2;7;3;8;0;2;7.1;9;71.0;65.9
6347;Totaal personen;Wageningen;2014;30;21;19;16;4;0;2;7;3;8;0;2;7.3;9;69.8;64.6
6348;Totaal personen;Wageningen;2015;30;21;19;16;4;0;2;7;3;7;0;1;7.0;9;68.9;64.1
6349;Totaal personen;Wageningen;2016;30;21;19;16;3;0;2;7;3;8;0;1;6.6;9;68.8;64.3
6350;Totaal personen;Wageningen;2017;31;21;20;17;3;0;2;7;3;8;0;1;5.3;10;68.6;65.0
6351;Totaal personen;Wageningen;2018;31;21;20;17;3;0;2;7;3;8;0;1;4.3;10;68.6;65.7
6352;Totaal personen;Wassenaar;2003;18;11;10;9;2;0;1;4;2;3;0;0;3.8;7;60.2;57.9
6353;Totaal personen;Wassenaar;2004;18;11;10;8;2;0;1;4;2;4;0;0;4.3;7;60.7;58.1
6354;Totaal personen;Wassenaar;2005;18;11;10;8;2;0;1;4;2;3;0;1;4.7;7;60.8;58.0
6355;Totaal personen;Wassenaar;2006;18;11;11;8;2;0;1;4;2;4;0;0;4.4;7;61.5;58.8
6356;Totaal personen;Wassenaar;2007;18;11;11;8;2;0;1;4;2;4;0;0;3.9;7;61.7;59.3
6357;Totaal personen;Wassenaar;2008;18;12;11;9;2;0;1;5;2;4;0;0;3.4;7;64.3;62.1
6358;Totaal personen;Wassenaar;2009;18;12;11;9;3;0;1;5;2;4;0;0;3.9;6;65.1;62.6
6359;Totaal personen;Wassenaar;2010;18;12;11;8;3;0;1;4;2;4;0;1;4.7;7;64.0;61.0
6360;Totaal personen;Wassenaar;2011;18;12;11;9;2;0;1;4;2;5;0;1;4.8;7;64.1;61.0
6361;Totaal personen;Wassenaar;2012;18;12;11;8;3;0;1;4;2;4;0;1;5.1;6;64.5;61.2
6362;Totaal personen;Wassenaar;2013;18;12;11;8;3;0;1;4;2;5;0;1;6.7;6;64.8;60.5
6363;Totaal personen;Wassenaar;2014;18;12;11;8;3;0;1;4;2;5;0;1;6.7;6;64.8;60.4
6364;Totaal personen;Wassenaar;2015;18;12;11;8;3;0;1;4;2;4;0;1;6.2;7;63.9;60.0
6365;Totaal personen;Wassenaar;2016;18;12;11;8;3;0;1;4;2;4;0;1;5.3;6;64.8;61.4
6366;Totaal personen;Wassenaar;2017;18;12;11;9;3;0;1;4;2;4;0;1;4.5;6;65.6;62.7
6367;Totaal personen;Wassenaar;2018;18;12;12;9;3;0;1;4;2;5;0;0;3.7;6;66.4;64.0
6368;Totaal personen;Waterland;2003;13;9;9;7;2;0;1;4;2;2;0;0;3.1;4;69.5;67.3
6369;Totaal personen;Waterland;2004;13;9;9;7;2;0;1;4;2;2;0;0;3.8;4;69.0;66.4
6370;Totaal personen;Waterland;2005;13;9;9;7;1;0;1;4;2;3;0;0;4.1;4;68.3;65.5
6371;Totaal personen;Waterland;2006;13;9;9;7;1;0;1;4;2;3;0;0;3.6;4;68.1;65.6
6372;Totaal personen;Waterland;2007;13;9;9;7;1;0;1;4;2;2;0;0;3.3;4;68.4;66.1
6373;Totaal personen;Waterland;2008;13;9;9;7;1;0;1;4;2;3;0;0;2.9;4;70.9;68.8
6374;Totaal personen;Waterland;2009;13;9;9;7;2;0;1;4;2;3;0;0;3.2;4;71.4;69.1
6375;Totaal personen;Waterland;2010;13;9;9;7;1;0;1;4;2;3;0;0;3.6;4;69.6;67.1
6376;Totaal personen;Waterland;2011;13;9;9;7;2;0;1;4;2;3;0;0;3.6;4;70.0;67.5
6377;Totaal personen;Waterland;2012;13;9;9;7;2;0;1;4;2;3;0;0;4.1;4;70.2;67.3
6378;Totaal personen;Waterland;2013;13;9;9;7;2;0;1;4;1;2;0;0;5.5;4;70.2;66.4
6379;Totaal personen;Waterland;2014;13;9;9;7;2;0;1;4;1;3;0;0;5.1;4;70.4;66.8
6380;Totaal personen;Waterland;2015;13;9;9;7;2;0;1;4;1;3;0;0;4.9;4;70.1;66.6
6381;Totaal personen;Waterland;2016;13;9;9;7;2;0;1;4;1;3;0;0;4.3;4;69.8;66.8
6382;Totaal personen;Waterland;2017;13;9;9;7;1;0;1;4;1;2;0;0;3.7;4;69.5;67.0
6383;Totaal personen;Waterland;2018;13;9;9;7;2;0;1;4;1;3;0;0;3.2;4;70.3;68.0
6384;Totaal personen;Weert;2003;37;25;23;21;3;0;2;11;4;5;0;1;4.9;12;66.5;63.2
6385;Totaal personen;Weert;2004;37;25;23;21;3;0;2;12;4;5;0;1;5.9;12;66.9;63.0
6386;Totaal personen;Weert;2005;37;25;23;20;3;0;2;12;5;4;0;1;6.0;12;66.6;62.5
6387;Totaal personen;Weert;2006;37;25;23;20;3;0;2;11;4;6;0;1;4.8;12;66.8;63.6
6388;Totaal personen;Weert;2007;37;25;24;21;3;0;2;12;4;5;0;1;4.4;12;67.0;64.0
6389;Totaal personen;Weert;2008;37;25;24;21;3;0;2;13;4;5;0;1;3.7;12;68.3;65.8
6390;Totaal personen;Weert;2009;37;25;24;21;3;0;3;13;4;4;0;1;4.8;11;68.8;65.5
6391;Totaal personen;Weert;2010;37;25;24;21;3;0;2;11;5;5;0;1;5.3;12;68.4;64.8
6392;Totaal personen;Weert;2011;37;25;24;21;3;0;2;11;5;5;1;1;4.8;12;67.4;64.1
6393;Totaal personen;Weert;2012;37;25;24;21;3;0;2;12;4;5;0;1;5.4;12;68.4;64.6
6394;Totaal personen;Weert;2013;37;25;24;20;4;0;2;10;4;7;0;2;7.0;11;69.1;64.2
6395;Totaal personen;Weert;2014;37;25;23;21;3;0;2;12;4;5;0;2;6.5;12;67.7;63.3
6396;Totaal personen;Weert;2015;37;25;24;21;3;0;2;12;4;5;0;1;5.8;12;68.7;64.7
6397;Totaal personen;Weert;2016;37;26;24;21;3;0;3;12;4;6;0;1;5.3;12;68.5;64.8
6398;Totaal personen;Weert;2017;37;26;24;21;3;0;3;11;4;6;1;1;4.7;12;68.5;65.2
6399;Totaal personen;Weert;2018;37;26;25;21;4;0;2;12;4;6;0;1;3.9;12;68.9;66.2
6400;Totaal personen;Weesp;2003;14;9;9;8;1;0;1;4;2;2;0;0;4.4;4;69.2;66.2
6401;Totaal personen;Weesp;2004;14;9;9;8;1;0;1;4;2;2;0;0;5.1;4;68.8;65.2
6402;Totaal personen;Weesp;2005;14;9;9;8;1;0;1;4;2;3;0;1;5.6;4;69.0;65.2
6403;Totaal personen;Weesp;2006;13;9;9;8;1;0;1;4;2;3;0;0;4.6;4;69.2;66.0
6404;Totaal personen;Weesp;2007;13;9;9;8;1;0;1;4;2;2;0;0;4.1;4;69.8;67.0
6405;Totaal personen;Weesp;2008;13;10;9;8;1;0;1;5;2;2;0;0;3.6;4;71.1;68.5
6406;Totaal personen;Weesp;2009;13;10;9;8;1;0;1;4;2;2;0;0;4.3;4;71.6;68.5
6407;Totaal personen;Weesp;2010;13;10;9;8;1;0;1;4;2;2;0;0;4.9;4;71.3;67.8
6408;Totaal personen;Weesp;2011;14;10;9;8;1;0;1;4;2;3;0;0;5.0;4;71.0;67.5
6409;Totaal personen;Weesp;2012;14;10;9;8;1;0;1;4;2;3;0;1;5.5;4;71.0;67.1
6410;Totaal personen;Weesp;2013;14;10;9;8;1;0;1;4;2;3;0;1;7.0;4;71.2;66.3
6411;Totaal personen;Weesp;2014;14;10;9;8;1;0;1;3;2;3;0;1;6.8;4;70.7;65.9
6412;Totaal personen;Weesp;2015;14;10;9;8;2;0;1;4;1;3;0;1;6.4;4;70.5;66.0
6413;Totaal personen;Weesp;2016;14;10;9;8;2;0;1;4;2;3;0;1;5.5;4;70.5;66.7
6414;Totaal personen;Weesp;2017;14;10;9;8;2;0;1;3;2;3;0;0;4.7;4;70.8;67.5
6415;Totaal personen;Weesp;2018;14;10;10;8;2;0;1;4;2;3;0;0;3.5;4;72.1;69.6
6416;Totaal personen;Werkendam;2003;20;13;13;11;2;0;1;6;2;3;0;0;3.4;6;68.4;66.0
6417;Totaal personen;Werkendam;2004;20;13;13;11;2;0;1;7;2;3;0;1;4.0;6;67.9;65.1
6418;Totaal personen;Werkendam;2005;20;13;13;11;2;0;1;7;2;3;0;1;4.1;6;67.9;65.1
6419;Totaal personen;Werkendam;2006;20;14;13;11;2;0;1;8;2;2;0;0;3.5;6;68.5;66.1
6420;Totaal personen;Werkendam;2007;20;14;13;11;2;0;1;7;2;2;0;0;3.1;6;70.0;67.8
6421;Totaal personen;Werkendam;2008;20;14;14;11;2;0;1;7;2;3;0;0;2.9;6;70.6;68.6
6422;Totaal personen;Werkendam;2009;20;14;14;11;2;0;1;7;2;3;0;0;3.3;6;71.2;68.8
6423;Totaal personen;Werkendam;2010;20;14;13;11;2;0;1;7;2;3;0;1;3.9;6;71.1;68.3
6424;Totaal personen;Werkendam;2011;20;14;13;11;2;0;1;7;2;3;0;1;3.7;6;71.2;68.5
6425;Totaal personen;Werkendam;2012;20;14;13;11;2;0;1;7;2;3;0;1;4.6;6;71.2;68.0
6426;Totaal personen;Werkendam;2013;20;14;13;11;2;0;1;6;2;3;0;1;5.3;6;70.2;66.5
6427;Totaal personen;Werkendam;2014;20;14;13;11;2;0;1;7;2;3;0;1;5.7;6;70.4;66.3
6428;Totaal personen;Werkendam;2015;20;14;13;11;2;0;1;6;2;3;0;1;5.6;6;70.8;66.8
6429;Totaal personen;Werkendam;2016;20;14;13;11;2;0;1;7;2;3;0;1;4.6;6;70.7;67.5
6430;Totaal personen;Werkendam;2017;20;14;14;11;3;0;1;6;2;3;0;1;3.7;6;71.5;68.9
6431;Totaal personen;Werkendam;2018;20;15;14;11;3;0;1;6;2;4;0;0;2.7;6;72.4;70.4
6432;Totaal personen;West Maas en Waal;2003;14;9;9;8;1;0;1;5;2;2;0;0;3.7;4;68.7;66.2
6433;Totaal personen;West Maas en Waal;2004;14;9;9;8;1;0;1;5;2;1;0;0;4.5;4;69.2;66.1
6434;Totaal personen;West Maas en Waal;2005;14;9;9;8;1;0;1;5;2;2;0;0;4.4;4;69.1;66.1
6435;Totaal personen;West Maas en Waal;2006;14;9;9;8;1;0;1;5;2;2;0;0;3.7;4;69.0;66.5
6436;Totaal personen;West Maas en Waal;2007;14;10;9;8;2;0;1;5;2;2;0;0;3.4;4;71.2;68.8
6437;Totaal personen;West Maas en Waal;2008;14;10;10;8;2;0;1;5;2;2;0;0;3.0;4;72.2;70.0
6438;Totaal personen;West Maas en Waal;2009;14;10;10;8;2;0;1;5;2;2;0;0;3.3;4;72.3;69.9
6439;Totaal personen;West Maas en Waal;2010;14;10;10;8;2;0;1;5;2;2;0;0;3.8;4;71.9;69.2
6440;Totaal personen;West Maas en Waal;2011;14;10;9;8;2;0;1;5;2;2;0;0;3.9;4;70.7;68.0
6441;Totaal personen;West Maas en Waal;2012;14;10;10;8;2;0;1;5;2;2;0;0;4.3;4;71.6;68.6
6442;Totaal personen;West Maas en Waal;2013;14;10;10;8;2;0;1;5;2;2;0;1;5.8;4;71.8;67.6
6443;Totaal personen;West Maas en Waal;2014;14;10;9;8;2;0;1;5;1;2;0;1;6.1;4;71.1;66.7
6444;Totaal personen;West Maas en Waal;2015;14;10;10;8;2;0;1;5;1;2;0;1;5.5;4;70.8;67.0
6445;Totaal personen;West Maas en Waal;2016;14;10;10;8;2;0;1;5;2;2;0;0;4.7;4;70.5;67.2
6446;Totaal personen;West Maas en Waal;2017;14;10;10;8;2;0;1;5;2;3;0;0;3.6;4;71.2;68.7
6447;Totaal personen;West Maas en Waal;2018;15;10;10;8;2;0;1;5;2;2;0;0;3.0;4;71.5;69.3
6448;Totaal personen;Westerveld;2003;14;9;8;7;2;0;1;4;1;2;0;0;4.2;5;61.3;58.7
6449;Totaal personen;Westerveld;2004;14;9;8;7;2;0;1;4;1;2;0;0;5.1;5;63.1;59.9
6450;Totaal personen;Westerveld;2005;14;9;8;6;2;0;1;4;1;2;0;0;5.4;5;63.1;59.7
6451;Totaal personen;Westerveld;2006;14;9;9;7;2;0;1;5;1;2;0;0;4.4;5;64.0;61.2
6452;Totaal personen;Westerveld;2007;14;9;9;7;2;0;1;5;1;2;0;0;3.8;5;63.3;60.9
6453;Totaal personen;Westerveld;2008;14;9;9;7;2;0;1;4;2;2;0;0;3.5;5;64.1;61.9
6454;Totaal personen;Westerveld;2009;14;9;9;7;2;0;1;4;2;2;0;0;4.1;5;65.9;63.2
6455;Totaal personen;Westerveld;2010;14;9;9;7;2;0;1;4;1;2;0;0;4.3;5;65.4;62.6
6456;Totaal personen;Westerveld;2011;14;9;9;7;2;0;1;4;2;2;0;0;4.3;5;64.8;62.0
6457;Totaal personen;Westerveld;2012;14;9;9;7;2;0;1;4;2;2;0;0;5.2;5;65.8;62.4
6458;Totaal personen;Westerveld;2013;14;9;8;7;2;0;1;4;1;2;0;1;6.7;5;65.4;61.0
6459;Totaal personen;Westerveld;2014;14;9;8;6;2;0;1;4;1;2;0;1;6.3;5;65.5;61.4
6460;Totaal personen;Westerveld;2015;14;9;9;6;2;0;1;4;1;2;0;1;6.6;5;65.8;61.5
6461;Totaal personen;Westerveld;2016;14;9;9;7;2;0;1;4;1;2;0;0;5.3;5;65.5;62.0
6462;Totaal personen;Westerveld;2017;14;9;9;7;2;0;1;4;2;2;0;0;4.2;5;66.4;63.5
6463;Totaal personen;Westerveld;2018;14;9;9;7;2;0;1;4;2;2;1;0;3.1;5;66.5;64.4
6464;Totaal personen;Westervoort;2003;12;9;8;8;1;0;1;4;2;2;0;0;4.6;3;72.1;68.7
6465;Totaal personen;Westervoort;2004;12;9;8;7;1;0;1;4;2;1;0;0;5.6;4;71.1;67.1
6466;Totaal personen;Westervoort;2005;12;9;8;7;1;0;1;4;2;1;0;1;6.0;3;71.7;67.4
6467;Totaal personen;Westervoort;2006;12;9;8;7;1;0;1;4;1;2;0;0;4.9;3;72.3;68.7
6468;Totaal personen;Westervoort;2007;12;9;8;8;1;0;1;4;2;2;0;0;4.0;3;73.5;70.6
6469;Totaal personen;Westervoort;2008;12;9;8;8;1;0;1;4;2;1;0;0;3.4;3;73.5;71.0
6470;Totaal personen;Westervoort;2009;12;9;8;7;1;0;1;4;1;2;0;0;4.1;3;73.5;70.5
6471;Totaal personen;Westervoort;2010;12;9;8;7;1;0;1;4;1;2;0;0;4.9;3;72.8;69.3
6472;Totaal personen;Westervoort;2011;12;9;8;7;1;0;1;4;2;2;0;0;4.9;3;72.2;68.7
6473;Totaal personen;Westervoort;2012;12;9;8;7;1;0;1;4;1;2;0;0;5.4;3;73.0;69.0
6474;Totaal personen;Westervoort;2013;12;9;8;7;1;0;1;4;1;2;0;1;7.8;3;72.6;67.0
6475;Totaal personen;Westervoort;2014;12;8;8;7;1;0;1;4;1;2;0;1;7.8;3;71.6;66.0
6476;Totaal personen;Westervoort;2015;12;8;8;7;1;0;1;4;1;2;0;1;7.6;3;71.4;66.0
6477;Totaal personen;Westervoort;2016;12;8;8;7;1;0;1;4;1;2;0;1;6.4;3;70.5;66.0
6478;Totaal personen;Westervoort;2017;12;8;8;7;1;0;1;4;1;2;0;0;5.2;4;69.9;66.2
6479;Totaal personen;Westervoort;2018;12;8;8;7;1;0;1;3;1;2;0;0;3.9;3;70.2;67.5
6480;Totaal personen;Westerwolde;2003;20;12;11;9;2;0;1;6;2;2;0;1;5.5;8;59.9;56.7
6481;Totaal personen;Westerwolde;2004;20;12;11;9;2;0;1;7;2;1;0;1;6.5;8;61.3;57.3
6482;Totaal personen;Westerwolde;2005;20;12;11;9;2;0;1;7;2;2;0;1;6.6;8;61.5;57.5
6483;Totaal personen;Westerwolde;2006;20;12;11;9;2;0;1;6;2;2;0;1;5.5;8;61.5;58.1
6484;Totaal personen;Westerwolde;2007;20;12;12;10;2;0;1;6;2;2;0;1;4.6;7;62.3;59.5
6485;Totaal personen;Westerwolde;2008;19;12;12;10;2;0;1;7;2;2;0;1;4.1;7;64.1;61.5
6486;Totaal personen;Westerwolde;2009;19;12;12;10;2;0;1;6;2;2;0;1;4.9;7;63.2;60.2
6487;Totaal personen;Westerwolde;2010;19;12;12;10;2;0;1;6;2;2;0;1;5.3;7;63.7;60.3
6488;Totaal personen;Westerwolde;2011;19;12;11;10;2;0;1;6;2;2;1;1;5.4;7;63.0;59.7
6489;Totaal personen;Westerwolde;2012;19;12;11;9;2;0;1;6;2;2;0;1;5.9;7;63.3;59.5
6490;Totaal personen;Westerwolde;2013;19;12;11;9;2;0;1;6;2;2;0;1;7.0;7;63.6;59.1
6491;Totaal personen;Westerwolde;2014;19;12;11;9;2;0;1;5;2;2;0;1;7.6;7;63.0;58.3
6492;Totaal personen;Westerwolde;2015;19;12;11;9;2;0;1;6;2;2;0;1;7.4;7;64.4;59.6
6493;Totaal personen;Westerwolde;2016;19;12;11;9;2;0;1;6;2;2;0;1;6.8;7;63.1;58.8
6494;Totaal personen;Westerwolde;2017;18;12;11;9;2;0;1;5;2;2;1;1;5.3;7;63.1;59.8
6495;Totaal personen;Westerwolde;2018;18;12;11;9;2;0;1;5;2;2;1;0;4.1;7;63.0;60.4
6496;Totaal personen;Westland;2003;71;51;49;41;8;0;4;26;9;10;0;2;3.1;20;71.5;69.3
6497;Totaal personen;Westland;2004;72;51;49;42;8;0;3;27;8;10;0;2;3.4;21;71.4;68.9
6498;Totaal personen;Westland;2005;73;52;50;43;7;0;3;29;8;10;0;2;3.7;21;71.8;69.1
6499;Totaal personen;Westland;2006;73;53;51;42;9;0;4;30;8;10;0;2;3.4;20;73.1;70.6
6500;Totaal personen;Westland;2007;73;54;53;42;11;0;4;29;9;11;0;2;2.9;19;74.0;71.9
6501;Totaal personen;Westland;2008;74;55;53;44;9;0;5;27;10;11;1;2;2.8;19;74.1;72.0
6502;Totaal personen;Westland;2009;74;55;53;44;9;0;5;27;9;12;0;2;3.1;19;74.7;72.4
6503;Totaal personen;Westland;2010;74;55;53;44;9;0;4;28;9;12;0;2;3.7;19;74.0;71.2
6504;Totaal personen;Westland;2011;75;55;53;43;10;0;4;29;9;11;0;2;3.4;20;73.8;71.3
6505;Totaal personen;Westland;2012;76;56;54;45;9;0;4;28;9;13;0;2;3.5;21;73.2;70.6
6506;Totaal personen;Westland;2013;77;56;53;45;9;0;5;25;9;13;1;3;5.4;21;72.5;68.6
6507;Totaal personen;Westland;2014;78;57;54;45;9;0;5;27;8;14;0;3;5.5;21;73.0;69.0
6508;Totaal personen;Westland;2015;78;58;55;46;9;0;5;27;8;14;0;3;5.1;21;73.7;69.9
6509;Totaal personen;Westland;2016;79;58;56;47;9;0;6;27;9;14;0;3;4.5;21;73.9;70.5
6510;Totaal personen;Westland;2017;80;59;57;48;9;0;5;27;9;16;0;2;3.6;20;74.6;71.9
6511;Totaal personen;Westland;2018;81;60;59;50;9;0;6;27;11;14;1;2;2.8;20;74.9;72.8
6512;Totaal personen;Weststellingwerf;2003;19;13;12;9;3;0;1;7;2;2;0;1;4.7;7;65.8;62.7
6513;Totaal personen;Weststellingwerf;2004;19;12;12;9;2;0;1;7;2;2;0;1;5.7;7;64.7;61.0
6514;Totaal personen;Weststellingwerf;2005;19;13;12;9;2;0;1;7;2;2;0;1;5.8;7;65.7;61.9
6515;Totaal personen;Weststellingwerf;2006;19;13;12;9;3;0;1;7;2;2;0;1;5.1;6;66.8;63.4
6516;Totaal personen;Weststellingwerf;2007;19;13;12;9;3;0;1;7;2;3;0;1;4.1;6;68.3;65.5
6517;Totaal personen;Weststellingwerf;2008;19;13;13;10;3;0;1;7;2;2;0;0;3.6;6;68.3;65.8
6518;Totaal personen;Weststellingwerf;2009;19;13;13;10;3;0;1;7;2;3;0;1;4.5;6;68.7;65.6
6519;Totaal personen;Weststellingwerf;2010;19;13;12;10;3;0;1;7;2;3;0;1;5.2;6;68.6;65.1
6520;Totaal personen;Weststellingwerf;2011;19;13;13;10;3;0;1;7;2;3;0;1;4.7;6;69.0;65.8
6521;Totaal personen;Weststellingwerf;2012;19;13;12;10;3;0;1;7;2;2;0;1;5.7;6;69.7;65.7
6522;Totaal personen;Weststellingwerf;2013;19;13;12;10;3;0;1;6;2;3;0;1;7.2;6;69.9;64.9
6523;Totaal personen;Weststellingwerf;2014;19;13;12;9;3;0;1;6;2;2;0;1;7.4;6;68.8;63.7
6524;Totaal personen;Weststellingwerf;2015;19;13;12;10;3;0;1;7;2;2;0;1;6.6;6;68.9;64.4
6525;Totaal personen;Weststellingwerf;2016;19;13;12;10;2;0;1;6;2;3;0;1;5.7;6;68.7;64.8
6526;Totaal personen;Weststellingwerf;2017;19;13;12;10;2;0;1;6;2;2;1;1;4.6;6;68.0;64.8
6527;Totaal personen;Weststellingwerf;2018;19;13;13;10;2;0;1;6;2;2;0;0;3.5;6;68.4;66.0
6528;Totaal personen;Westvoorne;2003;11;7;7;6;1;0;0;3;1;2;0;0;3.5;4;65.2;62.9
6529;Totaal personen;Westvoorne;2004;11;7;7;5;1;0;0;4;1;2;0;0;4.2;4;65.4;62.7
6530;Totaal personen;Westvoorne;2005;11;7;7;5;1;0;0;3;1;2;0;0;4.2;3;66.9;64.1
6531;Totaal personen;Westvoorne;2006;11;7;7;5;1;0;0;4;1;2;0;0;3.8;3;67.2;64.6
6532;Totaal personen;Westvoorne;2007;10;7;7;6;1;0;0;3;1;1;0;0;3.1;3;67.2;65.0
6533;Totaal personen;Westvoorne;2008;10;7;7;6;1;0;0;3;1;2;0;0;2.8;3;68.3;66.4
6534;Totaal personen;Westvoorne;2009;10;7;7;6;1;0;0;3;1;2;0;0;3.2;3;68.3;66.1
6535;Totaal personen;Westvoorne;2010;11;7;7;6;1;0;0;3;1;2;0;0;3.6;3;68.5;66.1
6536;Totaal personen;Westvoorne;2011;10;7;7;6;1;0;0;3;1;2;0;0;3.5;3;67.8;65.4
6537;Totaal personen;Westvoorne;2012;10;7;7;6;1;0;0;3;1;2;0;0;4.3;3;68.2;65.3
6538;Totaal personen;Westvoorne;2013;10;7;7;5;1;0;0;3;1;2;0;0;5.3;3;68.2;64.6
6539;Totaal personen;Westvoorne;2014;11;7;7;6;1;0;1;3;1;2;0;0;5.3;3;67.7;64.2
6540;Totaal personen;Westvoorne;2015;11;7;7;6;1;0;1;3;1;2;0;0;5.0;3;67.9;64.5
6541;Totaal personen;Westvoorne;2016;11;7;7;6;1;0;0;3;1;2;0;0;4.5;3;68.1;65.1
6542;Totaal personen;Westvoorne;2017;11;7;7;6;1;0;1;3;1;2;0;0;3.5;3;68.3;65.9
6543;Totaal personen;Westvoorne;2018;11;8;7;6;1;0;1;3;1;2;0;0;2.8;3;69.0;67.0
6544;Totaal personen;Wierden;2003;17;11;11;9;2;0;1;5;2;2;0;0;3.7;6;65.6;63.2
6545;Totaal personen;Wierden;2004;17;12;11;10;2;0;1;6;2;2;0;1;4.4;6;67.5;64.5
6546;Totaal personen;Wierden;2005;18;12;11;10;2;0;1;6;2;2;0;1;4.6;6;67.7;64.6
6547;Totaal personen;Wierden;2006;18;12;11;10;2;0;1;6;2;2;0;0;4.0;6;67.9;65.2
6548;Totaal personen;Wierden;2007;17;12;12;10;2;0;1;6;2;2;0;0;3.4;5;69.5;67.2
6549;Totaal personen;Wierden;2008;17;12;12;10;2;0;1;6;2;3;0;0;3.1;5;71.7;69.4
6550;Totaal personen;Wierden;2009;17;12;12;10;2;0;1;6;2;2;0;0;3.6;5;70.9;68.4
6551;Totaal personen;Wierden;2010;17;12;12;10;2;0;1;6;2;3;0;1;4.1;5;70.9;68.0
6552;Totaal personen;Wierden;2011;18;13;12;10;2;0;1;6;2;3;0;0;4.0;5;71.4;68.6
6553;Totaal personen;Wierden;2012;18;13;12;10;2;0;1;6;2;3;0;1;4.5;5;71.4;68.1
6554;Totaal personen;Wierden;2013;18;13;12;10;2;0;1;6;2;3;0;1;5.9;5;71.0;66.8
6555;Totaal personen;Wierden;2014;18;13;12;10;2;0;1;6;2;3;0;1;5.8;5;71.7;67.5
6556;Totaal personen;Wierden;2015;18;13;12;10;2;0;1;6;2;3;0;1;5.5;5;71.8;67.8
6557;Totaal personen;Wierden;2016;18;13;12;10;2;0;1;5;2;3;0;1;4.9;5;72.0;68.4
6558;Totaal personen;Wierden;2017;18;13;13;11;2;0;1;6;2;3;0;0;3.5;5;73.2;70.6
6559;Totaal personen;Wierden;2018;18;13;13;11;2;0;1;6;2;3;0;0;2.8;5;73.0;71.0
6560;Totaal personen;Wijchen;2003;30;21;21;18;2;0;2;9;4;6;0;1;3.8;9;71.1;68.4
6561;Totaal personen;Wijchen;2004;30;21;20;18;2;0;2;10;4;5;0;1;4.8;9;71.4;67.9
6562;Totaal personen;Wijchen;2005;30;21;20;18;3;0;2;10;3;5;0;1;5.0;8;71.8;68.2
6563;Totaal personen;Wijchen;2006;30;21;20;17;2;0;2;10;3;5;0;1;4.3;9;70.3;67.3
6564;Totaal personen;Wijchen;2007;30;21;21;18;3;0;2;11;4;5;0;1;3.6;8;72.0;69.4
6565;Totaal personen;Wijchen;2008;30;22;21;18;3;0;2;10;4;6;0;1;3.3;8;72.2;69.8
6566;Totaal personen;Wijchen;2009;30;22;21;18;3;0;2;9;4;6;0;1;3.8;8;72.5;69.7
6567;Totaal personen;Wijchen;2010;30;22;21;18;3;0;2;9;4;6;0;1;4.5;9;71.9;68.7
6568;Totaal personen;Wijchen;2011;31;22;21;19;2;0;2;9;4;5;1;1;4.2;9;71.3;68.3
6569;Totaal personen;Wijchen;2012;31;22;21;18;3;0;2;9;4;5;0;1;4.6;9;71.9;68.6
6570;Totaal personen;Wijchen;2013;31;22;21;17;3;0;2;9;4;6;1;1;6.3;9;71.4;66.9
6571;Totaal personen;Wijchen;2014;31;22;21;17;3;0;2;9;3;6;0;1;6.3;9;70.9;66.4
6572;Totaal personen;Wijchen;2015;31;22;21;17;3;0;2;10;3;6;0;1;6.1;9;71.0;66.7
6573;Totaal personen;Wijchen;2016;31;22;21;17;3;0;2;9;3;6;0;1;5.2;9;70.8;67.1
6574;Totaal personen;Wijchen;2017;31;22;21;18;3;0;2;9;4;7;0;1;4.2;9;71.4;68.4
6575;Totaal personen;Wijchen;2018;31;22;21;18;3;0;2;8;4;7;1;1;3.3;9;71.3;68.9
6576;Totaal personen;Wijdemeren;2003;17;11;11;9;2;0;1;5;2;3;0;0;3.7;6;66.2;63.8
6577;Totaal personen;Wijdemeren;2004;17;12;11;9;2;0;1;5;2;3;0;0;4.0;6;67.9;65.1
6578;Totaal personen;Wijdemeren;2005;17;12;11;9;2;0;1;5;2;3;0;0;4.1;5;68.2;65.4
6579;Totaal personen;Wijdemeren;2006;17;12;11;9;2;0;1;5;2;3;0;0;3.7;6;66.8;64.3
6580;Totaal personen;Wijdemeren;2007;17;12;11;9;2;0;1;5;2;3;0;0;3.2;5;68.5;66.4
6581;Totaal personen;Wijdemeren;2008;17;12;12;9;2;0;1;5;2;3;0;0;2.9;5;70.5;68.5
6582;Totaal personen;Wijdemeren;2009;17;12;12;9;2;0;1;5;2;3;0;0;3.3;5;70.3;67.9
6583;Totaal personen;Wijdemeren;2010;17;12;11;9;2;0;1;5;2;3;1;0;3.6;5;68.6;66.1
6584;Totaal personen;Wijdemeren;2011;17;12;11;9;2;0;1;5;2;4;0;0;3.8;5;68.7;66.1
6585;Totaal personen;Wijdemeren;2012;17;12;12;9;2;0;1;5;2;4;0;1;4.5;5;69.7;66.5
6586;Totaal personen;Wijdemeren;2013;17;12;11;9;2;0;1;5;2;3;0;1;5.7;5;69.5;65.6
6587;Totaal personen;Wijdemeren;2014;17;12;11;9;2;0;1;5;2;3;0;1;5.7;5;69.2;65.3
6588;Totaal personen;Wijdemeren;2015;17;12;11;9;3;0;1;5;2;3;0;1;5.4;5;69.1;65.3
6589;Totaal personen;Wijdemeren;2016;17;12;11;9;2;0;1;5;2;4;0;1;4.6;5;68.9;65.8
6590;Totaal personen;Wijdemeren;2017;18;12;12;9;3;0;1;5;2;4;0;0;3.9;5;69.4;66.7
6591;Totaal personen;Wijdemeren;2018;18;12;12;9;2;0;1;5;2;4;0;0;3.1;5;69.8;67.6
6592;Totaal personen;Wijk bij Duurstede;2003;18;13;13;11;2;0;1;6;2;4;0;0;3.6;5;74.3;71.6
6593;Totaal personen;Wijk bij Duurstede;2004;18;13;13;11;2;0;1;6;2;3;0;1;3.9;5;74.1;71.2
6594;Totaal personen;Wijk bij Duurstede;2005;18;13;13;10;2;0;1;6;2;3;0;1;4.3;5;74.3;71.1
6595;Totaal personen;Wijk bij Duurstede;2006;18;13;13;10;2;0;1;6;2;4;0;0;3.8;5;74.2;71.4
6596;Totaal personen;Wijk bij Duurstede;2007;18;13;13;11;2;0;1;6;2;4;0;0;3.3;4;75.4;72.9
6597;Totaal personen;Wijk bij Duurstede;2008;18;13;13;11;2;0;1;6;2;4;0;0;2.8;4;75.0;72.9
6598;Totaal personen;Wijk bij Duurstede;2009;18;13;13;11;2;0;1;6;2;4;0;0;3.1;4;74.8;72.5
6599;Totaal personen;Wijk bij Duurstede;2010;18;13;13;11;2;0;1;6;2;3;0;0;3.7;4;74.9;72.1
6600;Totaal personen;Wijk bij Duurstede;2011;18;13;12;11;2;0;1;6;2;3;0;0;3.8;5;73.1;70.3
6601;Totaal personen;Wijk bij Duurstede;2012;18;13;13;11;2;0;1;6;2;3;0;1;4.4;5;74.0;70.7
6602;Totaal personen;Wijk bij Duurstede;2013;18;13;12;10;2;0;1;5;2;4;0;1;5.6;5;73.3;69.2
6603;Totaal personen;Wijk bij Duurstede;2014;18;13;12;10;2;0;1;5;2;4;0;1;5.4;5;72.7;68.8
6604;Totaal personen;Wijk bij Duurstede;2015;18;13;12;10;2;0;1;5;2;4;0;1;5.2;5;72.2;68.5
6605;Totaal personen;Wijk bij Duurstede;2016;18;13;12;10;2;0;1;5;2;4;0;1;4.3;5;71.6;68.5
6606;Totaal personen;Wijk bij Duurstede;2017;18;13;13;11;2;0;1;6;2;4;0;1;3.8;5;72.7;70.0
6607;Totaal personen;Wijk bij Duurstede;2018;18;13;13;11;2;0;1;5;2;4;0;0;3.1;5;72.7;70.4
6608;Totaal personen;Winsum;2003;10;7;7;6;1;0;1;3;1;2;0;0;4.6;3;66.8;63.8
6609;Totaal personen;Winsum;2004;10;7;7;6;1;0;0;3;1;2;0;0;5.7;3;67.0;63.2
6610;Totaal personen;Winsum;2005;10;7;7;6;1;0;1;3;1;2;0;0;5.7;3;68.5;64.6
6611;Totaal personen;Winsum;2006;10;7;7;6;1;0;1;3;1;2;0;0;4.6;3;68.4;65.2
6612;Totaal personen;Winsum;2007;10;7;7;6;1;0;1;3;1;2;0;0;4.0;3;69.5;66.7
6613;Totaal personen;Winsum;2008;10;7;7;6;1;0;1;3;1;2;0;0;3.4;3;70.7;68.3
6614;Totaal personen;Winsum;2009;10;7;7;6;1;0;1;4;1;2;0;0;3.9;3;70.7;68.0
6615;Totaal personen;Winsum;2010;10;7;7;6;1;0;1;3;1;2;0;0;4.7;3;69.7;66.5
6616;Totaal personen;Winsum;2011;10;7;7;6;1;0;0;3;1;2;0;0;4.7;3;69.4;66.1
6617;Totaal personen;Winsum;2012;10;7;7;6;1;0;1;3;1;2;0;0;4.9;3;69.6;66.2
6618;Totaal personen;Winsum;2013;10;7;7;6;1;0;1;3;1;2;0;0;6.3;3;69.3;64.9
6619;Totaal personen;Winsum;2014;10;7;7;5;1;0;0;3;1;2;0;0;6.3;3;69.2;64.8
6620;Totaal personen;Winsum;2015;10;7;6;5;1;0;1;3;1;2;0;0;6.2;3;67.7;63.5
6621;Totaal personen;Winsum;2016;10;7;7;5;1;0;1;3;1;2;0;0;5.2;3;67.8;64.3
6622;Totaal personen;Winsum;2017;10;7;7;5;1;0;1;3;1;2;0;0;4.3;3;68.1;65.1
6623;Totaal personen;Winsum;2018;10;7;7;5;1;0;1;3;1;2;0;0;3.5;3;68.1;65.7
6624;Totaal personen;Winterswijk;2003;21;14;14;11;2;0;1;7;2;3;0;1;4.3;7;67.1;64.3
6625;Totaal personen;Winterswijk;2004;21;14;14;12;2;0;1;8;3;2;0;1;5.2;7;66.7;63.2
6626;Totaal personen;Winterswijk;2005;21;14;14;11;3;0;1;8;2;2;0;1;5.2;7;67.9;64.3
6627;Totaal personen;Winterswijk;2006;21;14;14;12;2;0;1;8;2;2;0;1;4.5;7;67.6;64.6
6628;Totaal personen;Winterswijk;2007;21;15;14;12;2;0;1;8;2;2;0;1;3.8;7;68.7;66.0
6629;Totaal personen;Winterswijk;2008;21;15;14;12;2;0;1;7;3;3;0;1;3.6;6;69.5;67.0
6630;Totaal personen;Winterswijk;2009;21;15;14;13;1;0;1;7;3;2;0;1;4.4;7;69.1;66.0
6631;Totaal personen;Winterswijk;2010;21;15;14;12;2;0;1;7;3;3;0;1;4.8;6;69.5;66.1
6632;Totaal personen;Winterswijk;2011;21;15;14;12;2;0;1;7;2;3;0;1;4.4;7;69.1;66.0
6633;Totaal personen;Winterswijk;2012;21;15;14;12;3;0;1;7;3;3;0;1;5.3;7;69.6;65.9
6634;Totaal personen;Winterswijk;2013;21;15;14;12;2;0;2;7;2;3;0;1;6.9;6;70.0;65.2
6635;Totaal personen;Winterswijk;2014;21;15;14;12;2;0;2;7;2;3;0;1;7.0;7;69.4;64.5
6636;Totaal personen;Winterswijk;2015;21;15;14;12;2;0;2;7;2;3;0;1;6.4;6;70.2;65.7
6637;Totaal personen;Winterswijk;2016;21;15;14;12;2;0;2;7;2;3;0;1;5.3;7;68.8;65.2
6638;Totaal personen;Winterswijk;2017;22;15;14;12;2;0;2;7;2;3;0;1;4.4;7;68.7;65.7
6639;Totaal personen;Winterswijk;2018;22;15;14;12;2;0;2;7;2;3;0;1;3.4;7;69.1;66.8
6640;Totaal personen;Woensdrecht;2003;17;11;10;8;2;0;1;6;2;2;0;0;4.3;6;64.9;62.1
6641;Totaal personen;Woensdrecht;2004;16;11;10;8;2;0;1;6;2;2;0;1;5.1;6;64.4;61.1
6642;Totaal personen;Woensdrecht;2005;16;11;10;9;2;0;1;6;2;2;0;1;4.9;6;65.5;62.3
6643;Totaal personen;Woensdrecht;2006;16;11;10;9;2;0;1;5;2;2;0;0;4.4;6;65.4;62.5
6644;Totaal personen;Woensdrecht;2007;17;11;11;9;2;0;1;6;2;2;0;0;3.6;6;66.3;63.9
6645;Totaal personen;Woensdrecht;2008;17;11;11;9;2;0;1;6;2;2;0;0;3.1;5;68.0;65.9
6646;Totaal personen;Woensdrecht;2009;17;11;11;9;2;0;1;6;2;2;0;0;3.7;5;67.6;65.1
6647;Totaal personen;Woensdrecht;2010;17;11;10;9;2;0;1;5;2;2;0;0;4.4;6;66.2;63.3
6648;Totaal personen;Woensdrecht;2011;17;11;10;9;2;0;1;5;2;2;0;0;4.1;6;65.9;63.2
6649;Totaal personen;Woensdrecht;2012;17;11;10;9;2;0;1;5;2;2;0;0;4.3;6;65.8;63.0
6650;Totaal personen;Woensdrecht;2013;17;11;11;9;2;0;1;5;2;3;0;1;5.9;5;67.5;63.5
6651;Totaal personen;Woensdrecht;2014;17;11;10;9;2;0;1;5;2;2;0;1;6.0;5;67.1;63.1
6652;Totaal personen;Woensdrecht;2015;17;11;10;9;2;0;1;5;2;2;0;1;6.2;5;67.3;63.2
6653;Totaal personen;Woensdrecht;2016;17;11;10;9;2;0;1;5;2;2;0;1;5.2;6;66.5;63.0
6654;Totaal personen;Woensdrecht;2017;17;11;11;9;2;0;1;5;2;2;0;0;3.9;6;66.6;64.0
6655;Totaal personen;Woensdrecht;2018;17;11;11;9;2;0;1;5;2;2;0;0;3.1;5;67.0;65.0
6656;Totaal personen;Woerden;2003;36;26;25;22;3;0;2;11;5;7;0;1;3.5;10;72.0;69.4
6657;Totaal personen;Woerden;2004;36;26;25;22;3;0;2;12;4;7;0;1;3.8;10;73.1;70.4
6658;Totaal personen;Woerden;2005;35;26;25;21;4;0;2;12;4;7;0;1;4.0;10;73.1;70.2
6659;Totaal personen;Woerden;2006;35;26;25;22;3;0;2;12;4;7;0;1;3.6;10;72.5;69.9
6660;Totaal personen;Woerden;2007;36;26;26;23;3;0;2;10;5;8;0;1;3.2;9;74.2;71.9
6661;Totaal personen;Woerden;2008;36;27;26;22;4;0;2;10;5;9;0;1;2.7;9;74.4;72.4
6662;Totaal personen;Woerden;2009;36;27;27;22;4;0;2;11;5;8;0;1;3.0;9;75.6;73.3
6663;Totaal personen;Woerden;2010;37;27;26;22;4;0;2;11;5;8;0;1;3.7;9;74.9;72.1
6664;Totaal personen;Woerden;2011;37;27;26;23;4;0;2;11;5;8;0;1;3.8;9;74.2;71.4
6665;Totaal personen;Woerden;2012;37;28;26;22;4;0;2;12;5;8;0;1;4.3;9;74.5;71.3
6666;Totaal personen;Woerden;2013;37;28;26;22;4;0;1;12;4;8;0;2;5.6;10;73.9;69.7
6667;Totaal personen;Woerden;2014;37;27;26;22;4;0;1;11;4;9;0;2;5.6;10;72.6;68.6
6668;Totaal personen;Woerden;2015;37;27;26;21;4;0;2;10;5;9;0;1;5.1;10;72.6;68.9
6669;Totaal personen;Woerden;2016;38;28;26;22;4;0;2;9;5;10;0;1;4.7;10;73.2;69.8
6670;Totaal personen;Woerden;2017;38;28;27;22;4;0;2;11;4;10;0;1;3.6;10;72.5;70.0
6671;Totaal personen;Woerden;2018;38;28;27;23;4;0;2;10;4;10;0;1;3.1;10;73.4;71.1
6672;Totaal personen;De Wolden;2003;17;12;11;9;2;0;1;6;2;2;0;0;3.7;6;66.7;64.2
6673;Totaal personen;De Wolden;2004;17;12;11;9;3;0;1;6;2;2;0;1;4.4;5;68.5;65.5
6674;Totaal personen;De Wolden;2005;17;12;11;9;2;0;1;6;2;2;0;1;4.6;6;68.0;64.8
6675;Totaal personen;De Wolden;2006;17;12;11;9;2;0;1;6;2;2;0;1;4.3;6;66.8;63.9
6676;Totaal personen;De Wolden;2007;17;12;11;9;2;0;1;6;2;3;0;0;3.4;6;68.0;65.6
6677;Totaal personen;De Wolden;2008;17;12;12;9;3;0;1;6;2;3;0;0;3.2;5;69.8;67.5
6678;Totaal personen;De Wolden;2009;17;12;11;9;2;0;1;6;2;2;0;0;3.6;5;69.7;67.1
6679;Totaal personen;De Wolden;2010;17;12;12;9;2;0;1;6;2;3;0;0;4.0;5;69.9;67.1
6680;Totaal personen;De Wolden;2011;17;12;12;9;2;0;1;5;2;4;0;0;3.9;5;69.6;66.9
6681;Totaal personen;De Wolden;2012;17;12;12;9;2;0;1;6;2;3;0;1;4.5;5;69.9;66.8
6682;Totaal personen;De Wolden;2013;17;12;11;9;2;0;1;5;2;3;0;1;5.7;5;69.7;65.8
6683;Totaal personen;De Wolden;2014;17;12;11;9;2;0;1;5;2;3;0;1;5.9;5;69.4;65.3
6684;Totaal personen;De Wolden;2015;17;12;12;9;2;0;1;5;2;3;0;1;5.4;5;70.0;66.2
6685;Totaal personen;De Wolden;2016;18;12;12;9;3;0;1;5;2;4;0;1;4.6;5;70.1;66.9
6686;Totaal personen;De Wolden;2017;18;13;12;10;2;0;1;5;2;3;0;0;3.6;5;70.7;68.1
6687;Totaal personen;De Wolden;2018;18;13;12;10;2;0;1;6;2;3;1;0;3.0;5;70.8;68.7
6688;Totaal personen;Wormerland;2003;12;8;8;7;1;0;1;4;1;2;0;0;3.4;4;67.6;65.2
6689;Totaal personen;Wormerland;2004;12;8;8;7;1;0;1;4;1;2;0;0;4.0;4;68.6;65.9
6690;Totaal personen;Wormerland;2005;12;8;8;7;1;0;1;4;2;2;0;0;4.2;4;68.2;65.3
6691;Totaal personen;Wormerland;2006;12;8;8;7;1;0;1;4;1;2;0;0;3.5;4;68.9;66.5
6692;Totaal personen;Wormerland;2007;12;8;8;7;1;0;1;4;1;2;0;0;3.1;3;70.6;68.4
6693;Totaal personen;Wormerland;2008;12;8;8;7;1;0;1;4;1;2;0;0;2.9;3;71.0;68.9
6694;Totaal personen;Wormerland;2009;12;8;8;7;1;0;1;4;2;2;0;0;3.4;3;71.1;68.7
6695;Totaal personen;Wormerland;2010;12;8;8;7;1;0;1;4;1;2;0;0;4.1;3;70.5;67.6
6696;Totaal personen;Wormerland;2011;12;8;8;7;1;0;1;4;1;2;0;0;4.1;4;70.4;67.5
6697;Totaal personen;Wormerland;2012;12;8;8;7;1;0;1;4;1;2;0;0;4.8;4;69.9;66.5
6698;Totaal personen;Wormerland;2013;12;8;8;7;1;0;1;4;1;2;0;1;6.2;4;70.0;65.7
6699;Totaal personen;Wormerland;2014;12;8;8;6;1;0;1;3;1;2;0;1;6.1;4;69.9;65.6
6700;Totaal personen;Wormerland;2015;12;8;8;7;1;0;1;3;1;2;0;0;5.6;4;70.2;66.2
6701;Totaal personen;Wormerland;2016;12;8;8;7;1;0;1;3;1;2;0;0;4.9;4;70.4;66.9
6702;Totaal personen;Wormerland;2017;12;9;8;7;1;0;1;4;1;2;0;0;4.0;3;71.2;68.4
6703;Totaal personen;Wormerland;2018;12;9;8;7;1;0;1;4;2;2;0;0;3.3;3;71.7;69.4
6704;Totaal personen;Woudenberg;2003;8;6;5;5;1;0;0;3;1;1;0;0;3.3;2;70.5;68.1
6705;Totaal personen;Woudenberg;2004;8;6;5;5;1;0;0;3;1;1;0;0;3.9;2;69.4;66.7
6706;Totaal personen;Woudenberg;2005;8;6;5;5;1;0;0;3;1;1;0;0;4.0;2;69.3;66.5
6707;Totaal personen;Woudenberg;2006;8;6;5;5;1;0;0;3;1;1;0;0;3.5;2;70.1;67.7
6708;Totaal personen;Woudenberg;2007;8;6;6;5;1;0;0;3;1;1;0;0;3.1;2;71.0;68.8
6709;Totaal personen;Woudenberg;2008;8;6;6;5;1;0;0;3;1;2;0;0;2.8;2;71.2;69.2
6710;Totaal personen;Woudenberg;2009;8;6;6;5;1;0;0;3;1;2;0;0;3.2;2;71.9;69.6
6711;Totaal personen;Woudenberg;2010;8;6;6;5;1;0;0;3;1;1;0;0;3.6;2;72.0;69.4
6712;Totaal personen;Woudenberg;2011;8;6;6;5;1;0;0;3;1;2;0;0;3.5;2;71.8;69.3
6713;Totaal personen;Woudenberg;2012;9;6;6;5;1;0;1;3;1;2;0;0;4.1;2;72.4;69.5
6714;Totaal personen;Woudenberg;2013;9;6;6;5;1;0;1;3;1;2;0;0;5.5;2;72.4;68.4
6715;Totaal personen;Woudenberg;2014;9;6;6;5;1;0;0;3;1;2;0;0;5.7;2;72.4;68.3
6716;Totaal personen;Woudenberg;2015;9;6;6;5;1;0;1;3;1;2;0;0;5.2;2;72.8;69.0
6717;Totaal personen;Woudenberg;2016;9;6;6;5;1;0;1;3;1;2;0;0;4.6;2;72.9;69.6
6718;Totaal personen;Woudenberg;2017;9;7;6;5;1;0;1;3;1;2;0;0;3.6;2;73.4;70.8
6719;Totaal personen;Woudenberg;2018;9;7;7;6;1;0;1;3;1;2;0;0;2.8;2;74.2;72.2
6720;Totaal personen;Woudrichem;2003;11;8;7;6;1;0;1;4;1;2;0;0;3.4;3;70.6;68.2
6721;Totaal personen;Woudrichem;2004;11;8;7;6;1;0;1;4;1;2;0;0;4.0;3;69.9;67.1
6722;Totaal personen;Woudrichem;2005;11;8;7;6;1;0;1;4;1;2;0;0;4.0;3;70.7;67.9
6723;Totaal personen;Woudrichem;2006;11;8;7;6;1;0;1;4;1;2;0;0;3.5;3;71.4;68.9
6724;Totaal personen;Woudrichem;2007;11;8;7;6;1;0;1;4;1;2;0;0;3.0;3;72.0;69.8
6725;Totaal personen;Woudrichem;2008;11;8;8;6;1;0;1;4;1;2;0;0;2.7;3;73.6;71.6
6726;Totaal personen;Woudrichem;2009;11;8;8;7;1;0;1;4;1;2;0;0;3.2;3;74.2;71.8
6727;Totaal personen;Woudrichem;2010;11;8;8;6;1;0;1;4;1;2;0;0;3.7;3;72.7;70.0
6728;Totaal personen;Woudrichem;2011;11;8;8;6;1;0;1;4;1;2;0;0;3.5;3;72.5;70.0
6729;Totaal personen;Woudrichem;2012;11;8;8;6;1;0;1;4;1;2;0;0;4.0;3;72.9;70.0
6730;Totaal personen;Woudrichem;2013;11;8;7;6;1;0;1;4;1;2;0;0;5.4;3;72.6;68.6
6731;Totaal personen;Woudrichem;2014;11;8;7;6;1;0;1;4;1;2;0;0;5.6;3;72.3;68.3
6732;Totaal personen;Woudrichem;2015;11;8;7;6;1;0;1;4;1;2;0;0;5.2;3;72.3;68.6
6733;Totaal personen;Woudrichem;2016;11;8;8;6;1;0;1;4;1;2;0;0;4.4;3;71.9;68.7
6734;Totaal personen;Woudrichem;2017;11;8;8;6;1;0;1;4;1;2;0;0;3.4;3;72.1;69.7
6735;Totaal personen;Woudrichem;2018;11;8;8;6;1;0;1;3;1;2;0;0;2.8;3;72.4;70.3
6736;Totaal personen;Zaanstad;2003;105;70;67;60;6;0;6;32;14;12;3;3;4.5;35;66.9;63.9
6737;Totaal personen;Zaanstad;2004;105;70;66;61;5;0;5;33;13;13;1;4;5.4;35;66.7;63.1
6738;Totaal personen;Zaanstad;2005;105;71;67;60;7;0;6;34;12;13;1;4;5.7;34;67.8;63.9
6739;Totaal personen;Zaanstad;2006;106;72;68;61;8;0;6;33;15;11;3;4;5.0;34;68.2;64.7
6740;Totaal personen;Zaanstad;2007;107;74;71;63;8;0;6;37;14;13;2;3;4.1;32;69.5;66.7
6741;Totaal personen;Zaanstad;2008;108;76;73;65;8;0;6;37;13;16;1;3;3.5;32;70.1;67.6
6742;Totaal personen;Zaanstad;2009;109;77;74;65;9;0;7;37;13;15;1;3;4.4;31;71.0;67.9
6743;Totaal personen;Zaanstad;2010;109;76;72;63;10;0;6;36;14;16;1;4;5.0;33;69.8;66.3
6744;Totaal personen;Zaanstad;2011;110;77;73;63;10;0;6;37;13;17;1;4;5.4;33;70.0;66.2
6745;Totaal personen;Zaanstad;2012;112;78;73;64;9;0;7;37;13;15;1;5;6.4;33;70.2;65.7
6746;Totaal personen;Zaanstad;2013;113;80;74;64;10;0;7;31;14;20;2;6;7.7;33;70.9;65.4
6747;Totaal personen;Zaanstad;2014;114;79;73;62;11;0;7;33;13;19;2;6;8.0;35;69.6;64.1
6748;Totaal personen;Zaanstad;2015;114;80;74;63;11;0;7;37;12;18;0;6;6.9;34;70.1;65.3
6749;Totaal personen;Zaanstad;2016;115;81;76;63;12;0;7;37;12;19;1;5;6.4;34;70.4;65.9
6750;Totaal personen;Zaanstad;2017;116;80;76;66;10;0;7;36;13;19;2;4;5.0;36;69.2;65.7
6751;Totaal personen;Zaanstad;2018;116;82;78;67;12;0;7;35;15;20;2;3;4.1;35;70.2;67.3
6752;Totaal personen;Zaltbommel;2003;19;13;13;10;2;0;1;6;2;3;0;0;3.7;6;69.1;66.6
6753;Totaal personen;Zaltbommel;2004;19;13;13;10;3;0;1;7;2;3;0;1;4.2;6;69.5;66.6
6754;Totaal personen;Zaltbommel;2005;19;13;13;10;2;0;1;7;2;3;0;1;4.5;6;69.8;66.7
6755;Totaal personen;Zaltbommel;2006;19;13;13;10;3;0;1;7;2;2;0;1;3.9;5;71.0;68.2
6756;Totaal personen;Zaltbommel;2007;19;13;13;11;2;0;1;7;2;2;0;0;3.5;6;70.6;68.1
6757;Totaal personen;Zaltbommel;2008;19;14;13;11;2;0;1;7;2;3;0;0;3.1;5;71.4;69.2
6758;Totaal personen;Zaltbommel;2009;19;14;13;11;2;0;1;6;2;3;0;0;3.6;5;71.6;69.0
6759;Totaal personen;Zaltbommel;2010;19;14;13;11;3;0;1;6;2;3;0;1;4.1;5;71.9;69.0
6760;Totaal personen;Zaltbommel;2011;19;14;13;11;2;0;1;6;2;3;0;1;4.1;6;70.9;68.0
6761;Totaal personen;Zaltbommel;2012;20;14;13;11;3;0;1;7;2;3;0;1;4.6;5;72.2;68.9
6762;Totaal personen;Zaltbommel;2013;20;14;13;11;2;0;2;6;2;3;0;1;6.1;6;71.4;67.0
6763;Totaal personen;Zaltbommel;2014;20;14;13;11;3;0;1;6;2;4;0;1;6.3;6;71.0;66.6
6764;Totaal personen;Zaltbommel;2015;20;14;13;11;2;0;1;7;2;3;0;1;5.7;6;71.0;66.9
6765;Totaal personen;Zaltbommel;2016;20;14;14;11;3;0;1;7;2;4;0;1;4.6;6;71.6;68.4
6766;Totaal personen;Zaltbommel;2017;20;15;14;12;3;0;1;6;2;4;0;1;3.8;6;72.2;69.4
6767;Totaal personen;Zaltbommel;2018;21;15;15;12;2;0;2;6;2;4;0;0;3.0;6;72.2;70.1
6768;Totaal personen;Zandvoort;2003;13;8;8;6;1;0;1;4;1;2;0;0;4.4;5;63.0;60.2
6769;Totaal personen;Zandvoort;2004;12;8;8;6;1;0;1;4;1;2;0;0;5.1;5;63.6;60.3
6770;Totaal personen;Zandvoort;2005;12;8;8;6;1;0;1;4;1;1;0;0;5.3;4;64.7;61.2
6771;Totaal personen;Zandvoort;2006;12;8;8;6;1;0;1;3;1;2;0;0;4.6;4;65.4;62.4
6772;Totaal personen;Zandvoort;2007;12;8;8;6;2;0;1;4;1;2;0;0;3.9;4;67.0;64.4
6773;Totaal personen;Zandvoort;2008;12;8;8;6;1;0;1;4;1;2;0;0;3.6;4;67.6;65.2
6774;Totaal personen;Zandvoort;2009;12;8;8;6;2;0;1;4;1;2;0;0;4.0;4;68.0;65.2
6775;Totaal personen;Zandvoort;2010;12;8;8;6;2;0;1;4;1;2;0;0;4.5;4;66.2;63.2
6776;Totaal personen;Zandvoort;2011;12;8;8;6;1;0;1;4;1;2;0;0;4.5;4;66.0;63.0
6777;Totaal personen;Zandvoort;2012;12;8;8;6;2;0;1;4;1;2;0;0;5.1;4;66.5;63.2
6778;Totaal personen;Zandvoort;2013;12;8;8;6;2;0;1;3;1;2;1;1;6.7;4;66.1;61.6
6779;Totaal personen;Zandvoort;2014;12;8;8;6;2;0;1;4;1;2;0;1;7.0;4;66.6;62.0
6780;Totaal personen;Zandvoort;2015;12;8;8;6;2;0;1;4;1;2;0;1;6.4;4;66.7;62.5
6781;Totaal personen;Zandvoort;2016;13;8;8;6;2;0;1;3;1;2;0;0;5.8;4;66.2;62.3
6782;Totaal personen;Zandvoort;2017;13;8;8;6;2;0;1;4;1;2;0;0;5.0;4;66.0;62.8
6783;Totaal personen;Zandvoort;2018;13;8;8;6;2;0;1;4;1;2;0;0;3.8;4;66.5;63.9
6784;Totaal personen;Zederik;2003;10;7;6;5;1;0;1;4;1;1;0;0;3.2;3;68.4;66.2
6785;Totaal personen;Zederik;2004;10;7;6;5;1;0;1;4;1;1;0;0;3.7;3;68.2;65.7
6786;Totaal personen;Zederik;2005;10;7;7;6;1;0;1;4;1;1;0;0;3.8;3;68.5;65.9
6787;Totaal personen;Zederik;2006;10;7;7;6;1;0;1;4;1;1;0;0;3.3;3;69.9;67.6
6788;Totaal personen;Zederik;2007;10;7;7;6;1;0;1;4;1;1;0;0;2.9;3;71.7;69.7
6789;Totaal personen;Zederik;2008;10;7;7;6;1;0;1;4;1;1;0;0;2.7;3;72.0;70.1
6790;Totaal personen;Zederik;2009;10;7;7;6;1;0;1;4;1;1;0;0;3.0;3;72.6;70.4
6791;Totaal personen;Zederik;2010;10;7;7;6;1;0;1;4;1;2;0;0;3.5;3;72.2;69.7
6792;Totaal personen;Zederik;2011;10;7;7;6;1;0;1;3;1;2;0;0;3.4;3;71.7;69.3
6793;Totaal personen;Zederik;2012;10;7;7;6;1;0;1;3;1;2;0;0;3.8;3;72.5;69.8
6794;Totaal personen;Zederik;2013;10;7;7;6;1;0;1;3;1;2;0;0;5.1;3;71.9;68.2
6795;Totaal personen;Zederik;2014;10;7;7;6;1;0;1;3;1;2;0;0;5.0;3;72.1;68.4
6796;Totaal personen;Zederik;2015;10;7;7;6;1;0;1;4;1;1;0;0;4.7;3;72.1;68.7
6797;Totaal personen;Zederik;2016;10;7;7;6;2;0;1;4;1;1;0;0;3.8;3;72.0;69.3
6798;Totaal personen;Zederik;2017;10;7;7;6;2;0;1;4;1;2;0;0;3.1;3;72.8;70.6
6799;Totaal personen;Zederik;2018;10;8;7;6;1;0;1;4;1;2;0;0;2.6;3;72.8;71.0
6800;Totaal personen;Zeewolde;2003;14;10;10;8;2;0;1;5;2;2;0;0;3.7;4;73.3;70.6
6801;Totaal personen;Zeewolde;2004;13;10;9;8;2;0;1;4;2;2;0;0;4.5;4;73.8;70.5
6802;Totaal personen;Zeewolde;2005;14;10;10;8;1;0;1;4;2;2;0;0;4.9;4;74.0;70.4
6803;Totaal personen;Zeewolde;2006;14;10;10;8;2;0;1;5;2;3;0;0;4.2;4;74.4;71.2
6804;Totaal personen;Zeewolde;2007;14;11;10;9;2;0;1;5;2;3;0;0;3.5;3;76.4;73.7
6805;Totaal personen;Zeewolde;2008;15;11;11;9;2;0;1;5;2;3;0;0;3.0;3;76.4;74.1
6806;Totaal personen;Zeewolde;2009;15;11;11;9;2;0;1;5;2;3;0;0;3.6;4;75.9;73.2
6807;Totaal personen;Zeewolde;2010;15;12;11;9;2;0;1;5;2;3;0;0;4.2;4;75.6;72.4
6808;Totaal personen;Zeewolde;2011;15;12;11;9;2;0;1;5;2;3;0;0;4.2;4;75.0;71.8
6809;Totaal personen;Zeewolde;2012;16;12;11;10;2;0;1;5;2;3;0;1;5.1;4;75.4;71.6
6810;Totaal personen;Zeewolde;2013;16;12;11;9;2;0;1;5;2;3;0;1;6.2;4;75.4;70.7
6811;Totaal personen;Zeewolde;2014;16;12;11;9;2;0;1;5;2;4;0;1;6.3;4;74.2;69.6
6812;Totaal personen;Zeewolde;2015;17;12;12;10;2;0;1;5;2;3;0;1;6.1;4;74.2;69.6
6813;Totaal personen;Zeewolde;2016;17;13;12;10;2;0;1;5;2;3;1;1;5.5;4;74.6;70.5
6814;Totaal personen;Zeewolde;2017;17;13;12;10;2;0;1;5;2;3;0;1;4.2;4;74.0;70.9
6815;Totaal personen;Zeewolde;2018;17;13;12;11;2;0;1;5;2;4;0;0;3.3;4;75.3;72.9
6816;Totaal personen;Zeist;2003;43;29;28;24;4;0;2;11;5;11;0;1;4.6;13;68.6;65.5
6817;Totaal personen;Zeist;2004;43;29;28;23;4;0;2;10;5;11;0;1;5.1;14;67.6;64.2
6818;Totaal personen;Zeist;2005;43;29;28;23;5;0;2;11;5;10;0;2;5.2;14;68.1;64.6
6819;Totaal personen;Zeist;2006;43;29;28;23;4;0;2;10;5;11;0;1;4.7;14;67.3;64.2
6820;Totaal personen;Zeist;2007;43;29;28;24;5;0;2;11;5;11;0;1;4.0;13;68.6;65.9
6821;Totaal personen;Zeist;2008;43;30;29;24;5;0;2;11;5;10;0;1;3.5;13;69.9;67.4
6822;Totaal personen;Zeist;2009;43;31;29;24;5;0;2;11;5;11;0;1;3.7;12;71.4;68.7
6823;Totaal personen;Zeist;2010;43;30;29;24;5;0;2;11;5;10;0;1;4.8;13;70.2;66.9
6824;Totaal personen;Zeist;2011;43;30;29;23;5;0;2;9;5;12;0;1;4.8;13;69.4;66.0
6825;Totaal personen;Zeist;2012;44;31;29;23;6;0;2;11;5;12;0;2;5.3;13;71.3;67.5
6826;Totaal personen;Zeist;2013;44;30;28;23;6;0;3;10;5;10;0;2;6.8;13;69.6;64.9
6827;Totaal personen;Zeist;2014;44;30;28;23;5;0;2;10;5;11;0;2;6.6;13;69.1;64.6
6828;Totaal personen;Zeist;2015;44;30;28;23;5;0;2;10;4;12;0;2;6.3;14;68.9;64.6
6829;Totaal personen;Zeist;2016;44;30;29;24;5;0;2;9;5;13;0;2;5.5;14;68.7;65.0
6830;Totaal personen;Zeist;2017;44;30;29;24;5;0;2;10;5;12;0;1;4.7;14;68.3;65.1
6831;Totaal personen;Zeist;2018;45;31;30;24;6;0;2;10;5;13;0;1;3.8;13;70.1;67.4
6832;Totaal personen;Zevenaar;2003;32;22;21;18;2;0;2;11;4;4;0;1;4.4;11;66.7;63.8
6833;Totaal personen;Zevenaar;2004;32;22;21;18;2;0;2;12;4;3;0;1;5.3;11;67.0;63.4
6834;Totaal personen;Zevenaar;2005;33;22;21;18;2;0;2;12;4;3;0;1;5.6;11;67.1;63.3
6835;Totaal personen;Zevenaar;2006;33;22;21;18;2;0;2;11;4;4;0;1;4.5;11;66.5;63.5
6836;Totaal personen;Zevenaar;2007;33;22;22;19;3;0;2;10;4;5;0;1;3.8;10;68.7;66.0
6837;Totaal personen;Zevenaar;2008;33;23;22;19;3;0;2;11;4;5;0;1;3.5;10;69.5;67.0
6838;Totaal personen;Zevenaar;2009;33;22;21;19;3;0;2;10;4;5;0;1;4.1;10;68.5;65.7
6839;Totaal personen;Zevenaar;2010;33;22;21;19;3;0;2;10;4;5;1;1;4.7;11;67.8;64.6
6840;Totaal personen;Zevenaar;2011;33;22;21;19;2;0;2;11;4;4;0;1;4.4;11;68.0;65.0
6841;Totaal personen;Zevenaar;2012;33;23;22;19;3;0;2;10;4;4;1;1;5.3;10;68.8;65.2
6842;Totaal personen;Zevenaar;2013;33;23;21;18;3;0;2;10;4;5;1;2;7.0;10;69.3;64.5
6843;Totaal personen;Zevenaar;2014;33;22;21;18;3;0;2;10;4;4;0;2;7.2;10;68.3;63.4
6844;Totaal personen;Zevenaar;2015;33;22;21;18;3;0;2;10;4;5;1;1;6.2;10;68.2;63.9
6845;Totaal personen;Zevenaar;2016;33;22;21;18;3;0;2;9;4;6;0;1;5.9;11;67.3;63.3
6846;Totaal personen;Zevenaar;2017;33;22;21;18;3;0;2;10;4;5;0;1;4.6;11;67.6;64.4
6847;Totaal personen;Zevenaar;2018;33;22;21;19;3;0;3;10;4;5;1;1;3.5;11;67.7;65.3
6848;Totaal personen;Zoetermeer;2003;86;61;59;55;4;0;4;24;12;18;1;3;4.6;24;71.6;68.3
6849;Totaal personen;Zoetermeer;2004;87;63;59;55;4;0;4;24;12;18;1;3;5.4;25;71.9;68.0
6850;Totaal personen;Zoetermeer;2005;89;64;60;55;6;0;4;26;11;18;0;4;6.0;24;72.3;68.0
6851;Totaal personen;Zoetermeer;2006;90;64;61;55;5;0;5;28;11;17;1;3;5.1;26;71.2;67.6
6852;Totaal personen;Zoetermeer;2007;91;66;63;58;5;0;4;26;12;19;1;3;4.1;25;72.2;69.3
6853;Totaal personen;Zoetermeer;2008;92;67;65;59;6;0;5;28;12;19;0;2;3.7;25;73.0;70.3
6854;Totaal personen;Zoetermeer;2009;93;67;64;59;6;0;5;28;12;19;1;3;4.5;25;72.7;69.4
6855;Totaal personen;Zoetermeer;2010;93;66;63;57;6;0;4;27;11;20;0;3;5.0;27;71.0;67.5
6856;Totaal personen;Zoetermeer;2011;93;67;63;57;7;0;4;26;13;20;1;3;5.2;26;72.0;68.3
6857;Totaal personen;Zoetermeer;2012;93;67;63;55;7;0;4;26;12;19;1;5;6.7;26;72.1;67.2
6858;Totaal personen;Zoetermeer;2013;94;66;61;54;7;0;5;25;11;20;1;5;7.8;28;70.5;65.0
6859;Totaal personen;Zoetermeer;2014;94;67;62;53;8;0;4;25;11;20;1;5;8.1;27;71.0;65.2
6860;Totaal personen;Zoetermeer;2015;94;67;62;53;9;0;5;24;11;21;1;5;7.8;27;70.9;65.3
6861;Totaal personen;Zoetermeer;2016;95;67;62;54;8;0;5;26;11;19;1;5;6.9;28;70.4;65.6
6862;Totaal personen;Zoetermeer;2017;95;67;63;55;8;0;5;25;11;20;1;4;5.6;28;70.5;66.6
6863;Totaal personen;Zoetermeer;2018;95;67;64;56;8;0;5;25;12;20;1;3;4.0;28;70.6;67.7
6864;Totaal personen;Zoeterwoude;2003;6;4;4;4;1;0;0;2;1;1;0;0;3.0;2;71.2;69.0
6865;Totaal personen;Zoeterwoude;2004;6;4;4;4;1;0;0;2;1;1;0;0;3.5;2;70.6;68.2
6866;Totaal personen;Zoeterwoude;2005;6;4;4;4;1;0;0;2;1;1;0;0;3.7;2;70.8;68.2
6867;Totaal personen;Zoeterwoude;2006;6;4;4;4;1;0;0;2;1;1;0;0;3.3;2;71.7;69.3
6868;Totaal personen;Zoeterwoude;2007;6;4;4;4;1;0;0;2;1;1;0;0;3.1;2;73.3;71.0
6869;Totaal personen;Zoeterwoude;2008;6;4;4;4;1;0;0;2;1;1;0;0;2.8;2;73.3;71.3
6870;Totaal personen;Zoeterwoude;2009;6;4;4;4;1;0;0;2;1;1;0;0;3.3;2;73.7;71.2
6871;Totaal personen;Zoeterwoude;2010;6;4;4;4;1;0;0;2;1;1;0;0;4.0;2;72.9;70.0
6872;Totaal personen;Zoeterwoude;2011;6;4;4;4;1;0;0;2;1;1;0;0;3.7;2;72.4;69.8
6873;Totaal personen;Zoeterwoude;2012;6;4;4;4;1;0;0;2;1;1;0;0;4.1;2;73.1;70.1
6874;Totaal personen;Zoeterwoude;2013;6;4;4;3;1;0;0;2;1;1;0;0;5.3;2;73.2;69.3
6875;Totaal personen;Zoeterwoude;2014;6;4;4;4;1;0;0;2;1;1;0;0;5.5;2;72.3;68.3
6876;Totaal personen;Zoeterwoude;2015;6;4;4;3;1;0;0;2;1;1;0;0;4.8;2;72.4;68.9
6877;Totaal personen;Zoeterwoude;2016;6;4;4;3;1;0;0;2;1;1;0;0;4.4;2;72.6;69.5
6878;Totaal personen;Zoeterwoude;2017;6;4;4;4;1;0;0;2;1;1;0;0;3.6;2;72.6;70.1
6879;Totaal personen;Zoeterwoude;2018;6;5;4;4;1;0;0;2;1;1;0;0;2.8;2;73.8;71.8
6880;Totaal personen;Zuidhorn;2003;13;9;8;7;1;0;1;4;1;2;0;0;4.2;4;66.4;63.5
6881;Totaal personen;Zuidhorn;2004;13;9;9;7;1;0;1;4;1;2;0;0;4.9;4;68.5;65.1
6882;Totaal personen;Zuidhorn;2005;13;9;9;7;2;0;1;4;2;2;0;0;5.0;4;69.7;66.2
6883;Totaal personen;Zuidhorn;2006;13;9;9;7;2;0;1;4;1;2;0;0;4.2;4;68.5;65.6
6884;Totaal personen;Zuidhorn;2007;13;9;9;8;1;0;1;4;2;2;0;0;3.7;4;70.0;67.4
6885;Totaal personen;Zuidhorn;2008;13;9;9;8;1;0;1;5;2;2;0;0;3.3;4;70.7;68.3
6886;Totaal personen;Zuidhorn;2009;14;9;9;8;1;0;1;4;2;2;0;0;3.9;4;70.1;67.4
6887;Totaal personen;Zuidhorn;2010;14;10;9;8;2;0;1;4;2;3;0;0;4.2;4;71.3;68.3
6888;Totaal personen;Zuidhorn;2011;14;10;9;8;2;0;1;4;2;3;0;0;4.1;4;70.4;67.5
6889;Totaal personen;Zuidhorn;2012;14;10;9;7;2;0;1;4;2;3;0;0;4.7;4;70.1;66.7
6890;Totaal personen;Zuidhorn;2013;14;10;9;7;2;0;1;4;2;2;0;1;6.1;4;70.1;65.8
6891;Totaal personen;Zuidhorn;2014;14;10;9;7;2;0;1;4;1;3;0;1;6.0;4;70.4;66.1
6892;Totaal personen;Zuidhorn;2015;14;10;9;7;2;0;1;3;2;3;0;1;5.8;4;71.1;67.0
6893;Totaal personen;Zuidhorn;2016;14;10;9;7;2;0;1;4;2;3;0;0;4.8;4;70.6;67.2
6894;Totaal personen;Zuidhorn;2017;14;10;9;8;2;0;1;4;2;3;0;0;4.1;4;71.2;68.3
6895;Totaal personen;Zuidhorn;2018;14;10;9;8;2;0;1;4;2;3;0;0;3.3;4;71.1;68.8
6896;Totaal personen;Zuidplas;2003;30;21;21;18;3;0;2;9;4;6;0;1;3.5;8;71.5;69.0
6897;Totaal personen;Zuidplas;2004;30;21;20;18;3;0;1;9;4;6;0;1;4.2;9;71.0;68.0
6898;Totaal personen;Zuidplas;2005;30;21;20;18;3;0;2;9;4;6;0;1;4.4;8;71.5;68.4
6899;Totaal personen;Zuidplas;2006;30;22;21;18;3;0;2;10;3;6;0;1;3.8;8;71.9;69.2
6900;Totaal personen;Zuidplas;2007;30;22;21;18;3;0;2;10;4;6;0;1;3.3;8;73.0;70.6
6901;Totaal personen;Zuidplas;2008;30;22;21;18;3;0;2;10;4;6;0;1;3.0;8;73.4;71.2
6902;Totaal personen;Zuidplas;2009;30;22;21;19;3;0;2;11;4;5;0;1;3.5;8;74.1;71.5
6903;Totaal personen;Zuidplas;2010;30;22;21;18;3;0;2;9;4;6;0;1;4.0;8;73.2;70.2
6904;Totaal personen;Zuidplas;2011;30;22;21;19;3;0;2;9;4;6;0;1;4.1;8;72.2;69.3
6905;Totaal personen;Zuidplas;2012;31;22;21;18;3;0;2;9;4;6;0;1;5.1;8;72.6;68.9
6906;Totaal personen;Zuidplas;2013;31;22;21;18;3;0;2;9;4;6;1;1;6.0;8;72.7;68.3
6907;Totaal personen;Zuidplas;2014;31;22;21;18;3;0;2;10;3;6;0;1;6.3;9;72.2;67.6
6908;Totaal personen;Zuidplas;2015;31;22;21;17;3;0;2;9;3;7;0;1;5.8;8;72.2;68.1
6909;Totaal personen;Zuidplas;2016;31;22;21;17;4;0;1;9;3;7;0;1;4.8;8;72.6;69.1
6910;Totaal personen;Zuidplas;2017;31;23;22;18;4;0;2;10;4;7;0;1;3.8;8;73.4;70.6
6911;Totaal personen;Zuidplas;2018;31;23;22;19;4;0;2;9;4;7;0;1;3.0;8;73.8;71.6
6912;Totaal personen;Zundert;2003;15;10;10;8;2;0;1;5;2;2;0;0;3.6;5;68.1;65.7
6913;Totaal personen;Zundert;2004;15;10;10;8;2;0;1;6;1;2;0;0;4.1;5;68.9;66.1
6914;Totaal personen;Zundert;2005;15;11;10;8;2;0;1;6;2;1;0;0;4.0;5;70.3;67.5
6915;Totaal personen;Zundert;2006;15;11;10;8;2;0;1;6;2;1;0;0;3.5;5;69.5;67.0
6916;Totaal personen;Zundert;2007;16;11;11;9;2;0;1;6;2;1;0;0;3.1;5;70.1;67.9
6917;Totaal personen;Zundert;2008;16;11;11;9;2;0;1;6;2;1;0;0;2.9;4;71.6;69.6
6918;Totaal personen;Zundert;2009;16;11;11;9;2;0;1;6;2;2;0;0;3.5;5;70.7;68.3
6919;Totaal personen;Zundert;2010;16;11;11;9;2;0;1;6;2;2;0;0;3.9;5;70.1;67.4
6920;Totaal personen;Zundert;2011;16;11;11;9;2;0;1;6;2;2;0;0;4.0;5;70.8;68.0
6921;Totaal personen;Zundert;2012;16;11;11;9;2;0;1;6;2;2;0;1;4.5;5;70.7;67.6
6922;Totaal personen;Zundert;2013;16;12;11;9;2;0;1;6;2;2;0;1;5.5;5;70.8;66.9
6923;Totaal personen;Zundert;2014;17;12;11;9;2;0;1;6;2;2;0;1;5.7;5;71.0;66.9
6924;Totaal personen;Zundert;2015;16;12;11;9;2;0;1;6;2;2;0;1;5.4;5;71.1;67.2
6925;Totaal personen;Zundert;2016;17;12;11;9;2;0;1;6;2;2;0;1;4.7;5;69.8;66.5
6926;Totaal personen;Zundert;2017;17;12;11;9;2;0;1;6;2;2;0;0;3.7;5;70.7;68.1
6927;Totaal personen;Zundert;2018;17;12;11;9;2;0;1;6;2;2;0;0;3.1;5;70.1;68.0
6928;Totaal personen;Zutphen;2003;34;23;22;19;2;0;2;10;4;6;0;1;5.0;11;67.6;64.2
6929;Totaal personen;Zutphen;2004;34;23;21;19;2;0;2;10;4;6;0;1;6.2;11;67.9;63.7
6930;Totaal personen;Zutphen;2005;34;23;22;20;2;0;2;10;4;6;0;2;6.6;11;68.1;63.7
6931;Totaal personen;Zutphen;2006;34;24;23;20;3;0;2;11;4;6;0;1;5.2;10;69.6;66.0
6932;Totaal personen;Zutphen;2007;34;24;23;20;3;0;2;10;4;6;0;1;4.4;10;69.5;66.4
6933;Totaal personen;Zutphen;2008;34;24;23;20;3;0;2;10;4;7;0;1;3.9;10;69.8;67.1
6934;Totaal personen;Zutphen;2009;34;24;23;20;3;0;2;11;4;6;1;1;4.7;10;70.1;66.8
6935;Totaal personen;Zutphen;2010;35;24;23;19;4;0;2;10;4;6;1;1;5.1;10;69.9;66.3
6936;Totaal personen;Zutphen;2011;35;24;23;20;3;0;2;10;4;6;1;1;4.8;10;70.0;66.6
6937;Totaal personen;Zutphen;2012;35;24;23;20;3;0;2;9;4;7;0;1;5.0;11;69.7;66.2
6938;Totaal personen;Zutphen;2013;35;25;23;19;4;0;2;9;4;7;1;2;7.7;11;70.0;64.6
6939;Totaal personen;Zutphen;2014;35;24;22;18;4;0;2;9;4;7;0;2;8.8;11;69.4;63.3
6940;Totaal personen;Zutphen;2015;35;24;22;19;3;0;2;9;4;7;0;2;7.8;11;68.4;63.1
6941;Totaal personen;Zutphen;2016;35;24;22;18;4;0;2;9;4;7;0;2;7.2;11;67.9;63.0
6942;Totaal personen;Zutphen;2017;35;24;23;19;4;0;2;9;4;7;0;1;5.7;11;68.2;64.3
6943;Totaal personen;Zutphen;2018;35;24;23;19;3;0;2;10;4;7;0;1;4.7;11;67.7;64.5
6944;Totaal personen;Zwartewaterland;2003;16;11;11;9;2;0;1;5;2;2;0;0;3.5;5;69.7;67.3
6945;Totaal personen;Zwartewaterland;2004;16;11;10;9;1;0;1;5;2;2;0;0;4.2;5;70.1;67.2
6946;Totaal personen;Zwartewaterland;2005;16;11;10;9;2;0;1;6;2;2;0;0;4.3;5;69.8;66.8
6947;Totaal personen;Zwartewaterland;2006;16;11;11;9;2;0;1;5;2;2;0;0;3.6;5;70.8;68.2
6948;Totaal personen;Zwartewaterland;2007;16;11;11;9;2;0;1;6;2;2;0;0;3.0;4;73.8;71.6
6949;Totaal personen;Zwartewaterland;2008;16;12;11;10;2;0;1;6;2;2;0;0;2.9;4;74.6;72.5
6950;Totaal personen;Zwartewaterland;2009;16;11;11;9;2;0;1;6;2;2;0;0;3.3;4;73.1;70.7
6951;Totaal personen;Zwartewaterland;2010;16;11;11;9;2;0;1;6;2;2;0;0;3.8;4;73.0;70.2
6952;Totaal personen;Zwartewaterland;2011;16;11;11;9;2;0;1;6;2;2;0;0;3.8;4;72.6;69.9
6953;Totaal personen;Zwartewaterland;2012;16;12;11;9;2;0;1;6;2;2;0;1;4.5;4;73.0;69.7
6954;Totaal personen;Zwartewaterland;2013;16;12;11;9;2;0;1;5;2;3;0;1;5.7;4;73.0;68.8
6955;Totaal personen;Zwartewaterland;2014;16;12;11;9;2;0;1;5;2;3;0;1;5.6;4;72.6;68.5
6956;Totaal personen;Zwartewaterland;2015;16;12;11;9;2;0;1;6;2;3;0;1;5.1;4;73.6;69.8
6957;Totaal personen;Zwartewaterland;2016;16;12;11;9;2;0;1;5;2;3;0;1;4.4;4;72.5;69.3
6958;Totaal personen;Zwartewaterland;2017;16;12;12;10;2;0;1;6;2;2;0;0;3.7;4;73.5;70.8
6959;Totaal personen;Zwartewaterland;2018;16;12;12;10;2;0;1;6;2;2;0;0;2.9;4;74.5;72.3
6960;Totaal personen;Zwijndrecht;2003;34;22;21;19;2;0;2;11;4;5;0;1;4.3;11;66.0;63.1
6961;Totaal personen;Zwijndrecht;2004;34;22;21;18;3;0;2;9;4;6;0;1;5.4;12;65.6;62.1
6962;Totaal personen;Zwijndrecht;2005;34;23;21;19;2;0;2;11;4;4;0;1;5.2;11;67.0;63.5
6963;Totaal personen;Zwijndrecht;2006;33;22;21;19;2;0;2;11;4;4;1;1;4.4;11;66.5;63.6
6964;Totaal personen;Zwijndrecht;2007;33;23;22;19;3;0;2;10;5;5;1;1;3.7;10;68.5;66.0
6965;Totaal personen;Zwijndrecht;2008;33;23;23;19;3;0;2;10;4;6;0;1;3.2;10;70.0;67.8
6966;Totaal personen;Zwijndrecht;2009;33;23;22;19;3;0;2;11;4;5;1;1;3.8;10;69.4;66.7
6967;Totaal personen;Zwijndrecht;2010;33;22;21;19;3;0;2;9;4;5;1;1;4.7;11;67.7;64.5
6968;Totaal personen;Zwijndrecht;2011;33;23;22;19;2;0;2;10;4;5;1;1;4.5;10;68.8;65.7
6969;Totaal personen;Zwijndrecht;2012;33;23;22;19;3;0;2;10;4;6;1;1;4.8;10;69.2;65.9
6970;Totaal personen;Zwijndrecht;2013;33;23;21;18;3;0;2;10;4;5;1;2;6.8;10;69.6;64.8
6971;Totaal personen;Zwijndrecht;2014;33;23;21;18;3;0;2;9;4;6;1;2;6.8;10;68.9;64.2
6972;Totaal personen;Zwijndrecht;2015;33;23;21;17;4;0;2;9;4;5;1;2;6.9;10;68.8;64.1
6973;Totaal personen;Zwijndrecht;2016;33;23;21;18;3;0;2;10;4;5;1;1;5.9;10;69.1;65.0
6974;Totaal personen;Zwijndrecht;2017;33;22;21;18;3;0;2;10;4;5;1;1;4.7;10;68.7;65.5
6975;Totaal personen;Zwijndrecht;2018;33;23;22;19;3;0;2;10;4;6;0;1;4.0;10;69.8;67.0
6976;Totaal personen;Zwolle;2003;83;59;57;51;5;0;6;23;10;17;1;3;4.7;23;71.9;68.5
6977;Totaal personen;Zwolle;2004;83;60;56;51;5;0;5;24;10;17;0;3;5.7;24;71.6;67.5
6978;Totaal personen;Zwolle;2005;84;60;56;51;5;0;5;23;10;18;0;4;6.1;24;71.7;67.3
6979;Totaal personen;Zwolle;2006;85;61;58;53;5;0;5;23;10;20;0;3;5.2;24;71.4;67.7
6980;Totaal personen;Zwolle;2007;86;64;61;55;6;0;5;24;11;21;0;2;3.9;22;74.1;71.2
6981;Totaal personen;Zwolle;2008;87;65;63;56;7;0;5;25;11;21;0;2;3.5;22;74.9;72.3
6982;Totaal personen;Zwolle;2009;88;64;62;55;7;0;4;25;11;20;1;3;4.6;23;73.4;70.1
6983;Totaal personen;Zwolle;2010;89;66;62;56;6;0;5;23;12;22;1;3;4.9;23;74.0;70.4
6984;Totaal personen;Zwolle;2011;89;66;63;56;7;0;5;23;12;23;1;3;5.1;23;74.3;70.5
6985;Totaal personen;Zwolle;2012;90;67;63;55;8;0;5;24;12;21;1;4;5.9;23;74.3;69.9
6986;Totaal personen;Zwolle;2013;91;68;63;56;8;0;6;23;11;23;0;5;6.7;23;74.8;69.8
6987;Totaal personen;Zwolle;2014;92;68;63;54;9;0;6;23;10;23;0;5;6.8;24;73.8;68.8
6988;Totaal personen;Zwolle;2015;92;68;63;55;8;0;6;23;11;22;1;5;7.0;24;73.8;68.6
6989;Totaal personen;Zwolle;2016;93;69;64;55;9;0;5;25;11;23;0;5;6.7;24;74.1;69.2
6990;Totaal personen;Zwolle;2017;94;69;65;56;10;0;6;24;11;24;1;3;4.9;25;73.1;69.5
6991;Totaal personen;Zwolle;2018;95;71;68;59;9;0;5;25;13;25;1;3;3.8;24;74.6;71.7
6992;Totaal personen;Groningen (AM);2003;544;358;338;292;46;0;34;156;60;82;6;20;5.7;186;65.8;62.1
6993;Totaal personen;Groningen (AM);2004;545;361;336;289;47;0;31;159;58;84;4;25;6.8;185;66.1;61.6
6994;Totaal personen;Groningen (AM);2005;547;363;336;288;47;0;31;159;56;86;3;27;7.5;184;66.4;61.4
6995;Totaal personen;Groningen (AM);2006;547;360;338;290;48;0;31;161;57;85;4;22;6.1;187;65.8;61.9
6996;Totaal personen;Groningen (AM);2007;548;370;351;301;50;0;33;164;60;87;6;19;5.2;178;67.5;64.0
6997;Totaal personen;Groningen (AM);2008;550;376;359;308;51;0;32;167;63;91;6;16;4.3;175;68.3;65.3
6998;Totaal personen;Groningen (AM);2009;551;376;356;305;51;0;32;165;62;93;5;20;5.3;175;68.3;64.7
6999;Totaal personen;Groningen (AM);2010;554;380;359;304;55;0;30;154;63;107;5;21;5.6;174;68.6;64.8
7000;Totaal personen;Groningen (AM);2011;555;380;358;306;52;0;30;157;63;101;7;22;5.7;176;68.4;64.5
7001;Totaal personen;Groningen (AM);2012;559;381;356;301;55;0;31;159;64;96;6;25;6.6;177;68.3;63.8
7002;Totaal personen;Groningen (AM);2013;562;385;355;301;55;0;33;158;59;99;6;30;7.8;177;68.5;63.2
7003;Totaal personen;Groningen (AM);2014;561;380;349;293;56;0;32;153;58;99;7;31;8.2;181;67.7;62.2
7004;Totaal personen;Groningen (AM);2015;561;384;353;297;56;0;33;157;57;99;6;31;8.1;177;68.5;62.9
7005;Totaal personen;Groningen (AM);2016;562;382;355;295;60;0;33;153;59;102;6;27;7.1;180;68.0;63.2
7006;Totaal personen;Groningen (AM);2017;565;385;363;302;60;0;34;155;62;102;10;23;5.9;180;68.2;64.2
7007;Totaal personen;Groningen (AM);2018;565;384;366;305;61;0;32;154;63;110;6;19;4.8;180;68.1;64.8
7008;Totaal personen;Friesland (AM);2003;474;312;296;252;44;0;26;155;52;59;4;16;5.2;161;65.9;62.5
7009;Totaal personen;Friesland (AM);2004;475;314;295;249;46;0;23;159;51;59;3;19;6.2;160;66.2;62.1
7010;Totaal personen;Friesland (AM);2005;475;319;299;251;48;0;26;162;50;58;2;19;6.1;156;67.1;63.0
7011;Totaal personen;Friesland (AM);2006;474;318;301;251;50;0;25;163;50;60;3;17;5.2;156;67.0;63.5
7012;Totaal personen;Friesland (AM);2007;475;325;311;258;53;0;27;170;51;62;2;14;4.2;150;68.4;65.5
7013;Totaal personen;Friesland (AM);2008;477;331;319;266;52;0;27;172;53;64;2;12;3.8;146;69.5;66.8
7014;Totaal personen;Friesland (AM);2009;477;333;318;263;55;0;27;167;54;67;3;15;4.5;144;69.8;66.7
7015;Totaal personen;Friesland (AM);2010;479;330;313;258;54;0;29;156;53;71;4;17;5.2;149;68.9;65.3
7016;Totaal personen;Friesland (AM);2011;478;329;312;259;52;0;30;152;55;72;3;17;5.2;149;68.8;65.2
7017;Totaal personen;Friesland (AM);2012;479;333;312;257;54;0;29;152;56;69;6;21;6.3;146;69.4;65.0
7018;Totaal personen;Friesland (AM);2013;481;335;309;253;56;0;28;151;53;71;6;26;7.9;145;69.8;64.3
7019;Totaal personen;Friesland (AM);2014;480;333;307;250;56;0;31;150;50;69;6;27;8.0;147;69.4;63.9
7020;Totaal personen;Friesland (AM);2015;479;332;308;250;58;0;31;154;49;68;6;24;7.3;146;69.4;64.3
7021;Totaal personen;Friesland (AM);2016;480;333;312;254;57;0;32;152;51;70;5;21;6.3;147;69.3;64.9
7022;Totaal personen;Friesland (AM);2017;482;332;315;260;55;0;32;154;52;70;7;17;5.2;149;69.0;65.4
7023;Totaal personen;Friesland (AM);2018;482;336;323;263;59;0;31;156;53;79;4;14;4.2;145;69.9;67.0
7024;Totaal personen;Drenthe (AM);2003;209;136;129;111;18;0;14;70;23;20;2;7;5.2;73;65.2;61.8
7025;Totaal personen;Drenthe (AM);2004;209;137;128;110;18;0;14;70;22;21;1;9;6.7;72;65.6;61.2
7026;Totaal personen;Drenthe (AM);2005;209;138;128;110;18;0;15;69;21;21;1;10;7.2;72;65.7;61.0
7027;Totaal personen;Drenthe (AM);2006;210;139;130;111;20;0;14;71;21;22;2;8;5.8;71;66.1;62.2
7028;Totaal personen;Drenthe (AM);2007;210;141;134;114;20;0;14;69;23;25;3;7;4.7;69;67.0;63.8
7029;Totaal personen;Drenthe (AM);2008;210;144;138;117;21;0;13;73;25;24;3;6;4.1;66;68.5;65.7
7030;Totaal personen;Drenthe (AM);2009;210;143;136;115;21;0;14;70;24;25;3;7;5.1;66;68.3;64.8
7031;Totaal personen;Drenthe (AM);2010;210;141;134;115;19;0;13;69;24;24;4;8;5.5;68;67.4;63.7
7032;Totaal personen;Drenthe (AM);2011;209;140;132;114;19;0;14;66;24;26;3;8;5.4;69;66.9;63.3
7033;Totaal personen;Drenthe (AM);2012;209;143;134;115;19;0;14;69;24;24;3;9;6.3;66;68.4;64.1
7034;Totaal personen;Drenthe (AM);2013;209;143;132;110;22;0;15;64;23;26;4;11;7.5;67;68.2;63.1
7035;Totaal personen;Drenthe (AM);2014;209;142;131;110;21;0;15;64;23;26;4;11;7.5;67;67.8;62.7
7036;Totaal personen;Drenthe (AM);2015;209;143;133;109;23;0;14;67;21;27;3;10;7.1;66;68.3;63.5
7037;Totaal personen;Drenthe (AM);2016;209;140;131;109;23;0;13;66;22;28;3;9;6.3;69;67.1;62.9
7038;Totaal personen;Drenthe (AM);2017;210;142;135;111;23;0;14;66;23;27;4;7;5.1;68;67.7;64.2
7039;Totaal personen;Drenthe (AM);2018;210;141;136;114;22;0;13;68;24;26;4;6;4.0;68;67.4;64.7
7040;Totaal personen;Twente (AM);2003;458;303;289;252;37;0;29;148;49;60;2;15;4.8;154;66.3;63.1
7041;Totaal personen;Twente (AM);2004;458;304;286;251;35;0;28;149;48;59;2;18;5.9;154;66.4;62.5
7042;Totaal personen;Twente (AM);2005;458;306;287;252;35;0;27;150;49;58;3;19;6.3;152;66.8;62.6
7043;Totaal personen;Twente (AM);2006;459;308;292;256;36;0;29;149;50;60;4;17;5.5;150;67.3;63.6
7044;Totaal personen;Twente (AM);2007;459;316;302;261;41;0;29;153;53;62;5;14;4.4;143;68.8;65.8
7045;Totaal personen;Twente (AM);2008;460;322;310;269;41;0;28;157;54;68;3;12;3.8;138;70.0;67.4
7046;Totaal personen;Twente (AM);2009;461;323;308;266;41;0;27;155;53;70;3;15;4.7;138;70.1;66.8
7047;Totaal personen;Twente (AM);2010;462;321;303;262;42;0;27;149;53;71;3;17;5.4;141;69.4;65.7
7048;Totaal personen;Twente (AM);2011;462;321;304;262;42;0;28;150;54;70;3;17;5.2;141;69.5;65.9
7049;Totaal personen;Twente (AM);2012;464;321;302;260;43;0;28;143;54;72;5;19;5.9;142;69.3;65.2
7050;Totaal personen;Twente (AM);2013;466;327;302;258;44;0;34;138;49;78;3;25;7.6;139;70.1;64.7
7051;Totaal personen;Twente (AM);2014;465;322;298;253;45;0;33;138;47;78;2;25;7.6;142;69.4;64.1
7052;Totaal personen;Twente (AM);2015;464;325;302;256;46;0;30;143;47;78;3;23;7.1;138;70.2;65.1
7053;Totaal personen;Twente (AM);2016;465;323;302;257;45;0;31;140;49;78;3;21;6.6;142;69.4;64.8
7054;Totaal personen;Twente (AM);2017;467;324;307;261;46;0;32;147;49;75;5;17;5.2;143;69.4;65.8
7055;Totaal personen;Twente (AM);2018;468;328;315;269;45;0;30;148;52;81;4;13;3.9;140;70.0;67.2
7056;Totaal personen;Stedendriehoek en Noordwest Veluwe (AM);2003;426;289;276;243;34;0;24;133;49;68;2;12;4.2;138;67.7;64.8
7057;Totaal personen;Stedendriehoek en Noordwest Veluwe (AM);2004;427;288;273;239;34;0;23;137;49;62;2;15;5.1;139;67.4;63.9
7058;Totaal personen;Stedendriehoek en Noordwest Veluwe (AM);2005;428;290;275;239;35;0;25;134;47;66;2;15;5.3;138;67.7;64.1
7059;Totaal personen;Stedendriehoek en Noordwest Veluwe (AM);2006;429;294;281;241;40;0;25;135;49;68;3;13;4.4;136;68.4;65.4
7060;Totaal personen;Stedendriehoek en Noordwest Veluwe (AM);2007;430;301;290;250;40;0;26;139;51;70;3;11;3.7;129;70.0;67.4
7061;Totaal personen;Stedendriehoek en Noordwest Veluwe (AM);2008;432;306;295;253;42;0;26;135;54;76;5;11;3.5;126;70.9;68.4
7062;Totaal personen;Stedendriehoek en Noordwest Veluwe (AM);2009;434;308;296;252;44;0;25;134;54;78;5;12;3.9;126;71.0;68.2
7063;Totaal personen;Stedendriehoek en Noordwest Veluwe (AM);2010;436;308;294;252;41;0;24;136;54;73;6;14;4.5;128;70.6;67.4
7064;Totaal personen;Stedendriehoek en Noordwest Veluwe (AM);2011;436;307;293;252;41;0;25;130;54;78;6;14;4.5;129;70.3;67.2
7065;Totaal personen;Stedendriehoek en Noordwest Veluwe (AM);2012;438;310;294;252;43;0;28;129;54;80;4;16;5.1;128;70.8;67.2
7066;Totaal personen;Stedendriehoek en Noordwest Veluwe (AM);2013;441;314;294;247;47;0;29;125;51;84;6;20;6.5;126;71.3;66.7
7067;Totaal personen;Stedendriehoek en Noordwest Veluwe (AM);2014;441;312;290;243;48;0;29;125;48;85;3;21;6.9;129;70.7;65.9
7068;Totaal personen;Stedendriehoek en Noordwest Veluwe (AM);2015;442;311;292;244;49;0;28;129;47;84;4;19;6.2;130;70.5;66.2
7069;Totaal personen;Stedendriehoek en Noordwest Veluwe (AM);2016;445;313;295;246;48;0;26;129;48;87;4;18;5.7;132;70.3;66.3
7070;Totaal personen;Stedendriehoek en Noordwest Veluwe (AM);2017;449;317;303;254;49;0;28;132;50;87;5;14;4.5;132;70.6;67.4
7071;Totaal personen;Stedendriehoek en Noordwest Veluwe (AM);2018;451;318;307;259;47;0;29;130;53;88;6;12;3.7;132;70.7;68.0
7072;Totaal personen;Midden-Gelderland (AM);2003;276;186;176;156;20;0;15;84;30;46;1;10;5.3;90;67.3;63.7
7073;Totaal personen;Midden-Gelderland (AM);2004;276;187;176;156;20;0;14;88;30;43;1;11;6.1;89;67.7;63.6
7074;Totaal personen;Midden-Gelderland (AM);2005;278;189;176;155;21;0;14;86;29;47;1;12;6.5;89;67.9;63.5
7075;Totaal personen;Midden-Gelderland (AM);2006;279;190;180;159;21;0;16;85;30;47;2;10;5.2;89;68.2;64.6
7076;Totaal personen;Midden-Gelderland (AM);2007;280;197;188;163;26;0;17;88;31;51;1;9;4.5;83;70.4;67.2
7077;Totaal personen;Midden-Gelderland (AM);2008;283;200;192;165;27;0;17;84;34;54;3;8;4.1;83;70.6;67.8
7078;Totaal personen;Midden-Gelderland (AM);2009;284;202;193;165;28;0;17;81;35;58;2;9;4.4;82;71.1;67.9
7079;Totaal personen;Midden-Gelderland (AM);2010;285;201;191;164;26;0;16;79;35;58;3;11;5.3;84;70.6;66.8
7080;Totaal personen;Midden-Gelderland (AM);2011;286;202;191;163;28;0;16;81;35;56;3;11;5.2;85;70.4;66.7
7081;Totaal personen;Midden-Gelderland (AM);2012;288;204;191;164;28;0;18;81;36;54;3;13;6.3;84;70.9;66.5
7082;Totaal personen;Midden-Gelderland (AM);2013;290;206;191;161;30;0;17;79;33;58;3;16;7.5;84;71.1;65.8
7083;Totaal personen;Midden-Gelderland (AM);2014;290;204;188;156;32;0;17;76;31;61;2;16;8.1;86;70.3;64.6
7084;Totaal personen;Midden-Gelderland (AM);2015;290;204;189;158;31;0;16;77;31;63;2;15;7.4;87;70.1;65.0
7085;Totaal personen;Midden-Gelderland (AM);2016;292;203;190;160;31;0;17;77;32;62;2;13;6.3;89;69.6;65.2
7086;Totaal personen;Midden-Gelderland (AM);2017;295;206;195;165;31;0;17;83;32;60;3;11;5.2;89;70.0;66.3
7087;Totaal personen;Midden-Gelderland (AM);2018;296;208;199;169;30;0;18;83;33;62;3;8;4.0;89;70.1;67.3
7088;Totaal personen;Rijk van Nijmegen (AM);2003;227;157;149;129;19;0;12;64;25;47;0;8;5.2;70;69.1;65.5
7089;Totaal personen;Rijk van Nijmegen (AM);2004;228;157;147;130;17;0;12;64;23;47;0;10;6.2;71;68.9;64.6
7090;Totaal personen;Rijk van Nijmegen (AM);2005;229;158;148;130;18;0;13;64;24;48;0;10;6.4;70;69.2;64.8
7091;Totaal personen;Rijk van Nijmegen (AM);2006;230;160;151;133;19;0;15;64;24;48;1;8;5.2;71;69.3;65.7
7092;Totaal personen;Rijk van Nijmegen (AM);2007;231;164;157;135;22;0;14;67;26;50;0;7;4.3;67;70.9;67.9
7093;Totaal personen;Rijk van Nijmegen (AM);2008;232;166;160;139;21;0;15;63;28;53;1;7;4.1;66;71.6;68.7
7094;Totaal personen;Rijk van Nijmegen (AM);2009;233;166;159;138;21;0;14;61;28;56;1;7;4.4;67;71.3;68.2
7095;Totaal personen;Rijk van Nijmegen (AM);2010;234;166;157;136;21;0;15;62;28;51;2;9;5.4;68;71.0;67.2
7096;Totaal personen;Rijk van Nijmegen (AM);2011;235;166;157;136;21;0;14;63;28;50;2;9;5.5;69;70.8;66.9
7097;Totaal personen;Rijk van Nijmegen (AM);2012;237;167;157;136;21;0;15;62;27;52;1;10;6.0;69;70.7;66.4
7098;Totaal personen;Rijk van Nijmegen (AM);2013;239;171;158;133;25;0;14;61;25;57;1;13;7.9;68;71.7;66.0
7099;Totaal personen;Rijk van Nijmegen (AM);2014;241;170;157;131;26;0;15;58;24;60;1;13;7.8;71;70.7;65.2
7100;Totaal personen;Rijk van Nijmegen (AM);2015;242;171;159;134;24;0;15;61;24;57;1;12;7.2;71;70.6;65.5
7101;Totaal personen;Rijk van Nijmegen (AM);2016;244;171;160;135;25;0;14;62;25;59;1;11;6.4;73;69.9;65.4
7102;Totaal personen;Rijk van Nijmegen (AM);2017;247;174;165;141;25;0;15;63;26;60;1;8;4.9;73;70.5;67.1
7103;Totaal personen;Rijk van Nijmegen (AM);2018;248;175;168;142;26;0;15;63;26;62;1;7;4.1;73;70.5;67.6
7104;Totaal personen;Achterhoek (AM);2003;224;150;144;123;21;0;13;76;25;29;1;6;4.0;74;67.0;64.4
7105;Totaal personen;Achterhoek (AM);2004;223;150;143;123;20;0;13;78;25;27;1;7;4.8;73;67.3;64.1
7106;Totaal personen;Achterhoek (AM);2005;223;151;144;121;22;0;14;80;24;24;1;7;4.9;72;67.6;64.3
7107;Totaal personen;Achterhoek (AM);2006;223;151;145;122;23;0;15;80;24;25;1;6;4.0;71;68.0;65.3
7108;Totaal personen;Achterhoek (AM);2007;222;154;148;126;23;0;15;82;26;25;1;5;3.5;69;69.1;66.7
7109;Totaal personen;Achterhoek (AM);2008;222;156;150;128;22;0;15;80;26;29;1;5;3.2;67;69.9;67.7
7110;Totaal personen;Achterhoek (AM);2009;222;155;149;128;22;0;13;78;26;31;1;6;3.8;67;69.8;67.2
7111;Totaal personen;Achterhoek (AM);2010;222;156;149;126;23;0;14;76;27;30;2;7;4.4;67;70.0;67.0
7112;Totaal personen;Achterhoek (AM);2011;222;155;148;124;24;0;15;75;27;30;1;6;4.1;67;69.7;66.8
7113;Totaal personen;Achterhoek (AM);2012;222;155;148;125;23;0;15;76;27;29;2;8;4.9;67;70.0;66.6
7114;Totaal personen;Achterhoek (AM);2013;222;156;147;123;24;0;16;72;25;33;1;10;6.3;66;70.3;65.9
7115;Totaal personen;Achterhoek (AM);2014;222;154;144;121;23;0;15;73;23;32;1;10;6.6;67;69.7;65.1
7116;Totaal personen;Achterhoek (AM);2015;221;155;145;121;24;0;14;72;23;35;1;9;6.0;67;69.9;65.7
7117;Totaal personen;Achterhoek (AM);2016;222;154;146;122;23;0;15;73;24;33;1;8;5.2;69;69.1;65.5
7118;Totaal personen;Achterhoek (AM);2017;223;155;149;125;24;0;15;74;24;34;2;6;4.2;68;69.5;66.6
7119;Totaal personen;Achterhoek (AM);2018;224;156;151;127;24;0;16;75;24;36;0;5;3.2;67;69.8;67.6
7120;Totaal personen;Rivierenland (AM);2003;162;112;107;90;17;0;10;53;19;24;1;5;4.1;50;69.0;66.2
7121;Totaal personen;Rivierenland (AM);2004;162;112;107;90;17;0;9;56;19;23;1;5;4.7;50;69.3;66.0
7122;Totaal personen;Rivierenland (AM);2005;163;114;108;91;17;0;9;56;18;24;0;6;5.0;50;69.6;66.2
7123;Totaal personen;Rivierenland (AM);2006;164;115;110;92;19;0;10;59;18;23;0;5;4.2;49;70.3;67.3
7124;Totaal personen;Rivierenland (AM);2007;164;117;113;93;19;0;10;59;19;23;1;4;3.7;47;71.4;68.8
7125;Totaal personen;Rivierenland (AM);2008;165;118;115;96;19;0;10;57;20;26;2;4;3.3;46;71.8;69.5
7126;Totaal personen;Rivierenland (AM);2009;165;118;114;95;19;0;10;55;20;28;2;4;3.7;47;71.8;69.1
7127;Totaal personen;Rivierenland (AM);2010;166;119;114;93;21;0;10;53;20;28;2;5;4.3;47;71.6;68.6
7128;Totaal personen;Rivierenland (AM);2011;166;119;114;94;20;0;10;55;21;27;2;5;4.3;47;71.5;68.4
7129;Totaal personen;Rivierenland (AM);2012;168;120;114;94;21;0;10;55;20;29;1;6;4.9;47;71.8;68.3
7130;Totaal personen;Rivierenland (AM);2013;169;120;113;93;20;0;11;51;19;29;2;8;6.3;49;71.2;66.7
7131;Totaal personen;Rivierenland (AM);2014;169;120;112;92;20;0;11;51;18;29;2;8;6.6;49;70.8;66.2
7132;Totaal personen;Rivierenland (AM);2015;170;120;113;94;19;0;10;53;18;30;1;7;5.9;50;70.7;66.6
7133;Totaal personen;Rivierenland (AM);2016;171;121;115;94;21;0;11;54;19;30;1;6;5.1;50;70.7;67.1
7134;Totaal personen;Rivierenland (AM);2017;173;123;118;97;21;0;11;56;19;31;2;5;4.0;50;71.2;68.4
7135;Totaal personen;Rivierenland (AM);2018;174;124;120;99;21;0;11;54;20;33;1;4;3.2;50;71.5;69.2
7136;Totaal personen;Flevoland (AM);2003;245;175;166;147;19;0;14;77;30;43;1;9;5.1;70;71.4;67.7
7137;Totaal personen;Flevoland (AM);2004;251;179;168;148;20;0;14;84;29;41;0;11;6.2;72;71.4;66.9
7138;Totaal personen;Flevoland (AM);2005;255;183;170;151;19;0;14;85;30;40;1;13;7.1;72;71.8;66.7
7139;Totaal personen;Flevoland (AM);2006;259;186;175;155;20;0;15;86;30;42;2;11;5.9;73;71.8;67.6
7140;Totaal personen;Flevoland (AM);2007;262;192;183;161;23;0;17;90;31;44;1;9;4.4;71;73.0;69.8
7141;Totaal personen;Flevoland (AM);2008;266;196;188;165;23;0;15;89;34;45;4;8;4.0;70;73.8;70.8
7142;Totaal personen;Flevoland (AM);2009;270;199;189;166;24;0;15;90;34;45;4;10;4.9;71;73.7;70.1
7143;Totaal personen;Flevoland (AM);2010;271;197;185;161;25;0;14;83;35;48;5;12;5.9;75;72.5;68.2
7144;Totaal personen;Flevoland (AM);2011;275;197;186;161;26;0;18;84;34;46;4;11;5.6;77;71.9;67.9
7145;Totaal personen;Flevoland (AM);2012;278;202;188;162;25;0;15;88;34;48;3;15;7.2;76;72.6;67.4
7146;Totaal personen;Flevoland (AM);2013;282;205;186;161;25;0;17;83;32;52;3;19;9.1;77;72.7;66.1
7147;Totaal personen;Flevoland (AM);2014;282;201;182;158;24;0;18;83;31;47;4;19;9.5;81;71.3;64.6
7148;Totaal personen;Flevoland (AM);2015;283;202;186;159;27;0;19;81;30;52;4;16;7.8;81;71.4;65.8
7149;Totaal personen;Flevoland (AM);2016;285;205;190;161;29;0;18;85;32;50;5;15;7.3;80;72.0;66.7
7150;Totaal personen;Flevoland (AM);2017;289;207;195;167;28;0;17;89;33;53;3;12;5.7;82;71.6;67.5
7151;Totaal personen;Flevoland (AM);2018;292;211;202;173;29;0;19;93;34;53;3;9;4.3;81;72.2;69.1
7152;Totaal personen;Gooi en Vechtstreek (AM);2003;185;124;119;101;17;0;9;51;22;36;1;5;4.3;61;67.0;64.2
7153;Totaal personen;Gooi en Vechtstreek (AM);2004;184;123;117;100;17;0;8;53;21;34;0;6;5.0;61;67.0;63.6
7154;Totaal personen;Gooi en Vechtstreek (AM);2005;184;124;118;100;18;0;9;52;21;34;1;6;5.1;60;67.5;64.0
7155;Totaal personen;Gooi en Vechtstreek (AM);2006;183;124;119;100;19;0;8;50;21;38;1;5;4.3;59;67.7;64.8
7156;Totaal personen;Gooi en Vechtstreek (AM);2007;183;126;121;102;20;0;9;52;22;37;1;5;3.7;57;68.7;66.2
7157;Totaal personen;Gooi en Vechtstreek (AM);2008;184;129;124;104;21;0;9;53;23;39;1;4;3.3;55;70.0;67.7
7158;Totaal personen;Gooi en Vechtstreek (AM);2009;184;129;124;102;22;0;9;51;22;41;1;5;4.0;55;70.1;67.3
7159;Totaal personen;Gooi en Vechtstreek (AM);2010;184;129;123;100;23;0;9;49;23;41;2;6;4.5;56;69.8;66.7
7160;Totaal personen;Gooi en Vechtstreek (AM);2011;184;128;122;100;22;0;8;47;22;44;0;6;4.6;56;69.4;66.2
7161;Totaal personen;Gooi en Vechtstreek (AM);2012;185;130;123;101;22;0;9;48;22;43;0;7;5.2;55;70.4;66.8
7162;Totaal personen;Gooi en Vechtstreek (AM);2013;186;131;122;99;23;0;9;47;21;43;1;9;6.6;55;70.3;65.7
7163;Totaal personen;Gooi en Vechtstreek (AM);2014;186;130;121;98;23;0;9;44;21;45;1;9;6.9;56;69.8;65.0
7164;Totaal personen;Gooi en Vechtstreek (AM);2015;186;130;122;97;25;0;9;48;20;44;0;8;6.2;56;69.8;65.5
7165;Totaal personen;Gooi en Vechtstreek (AM);2016;188;132;124;98;26;0;9;48;22;45;1;7;5.4;56;69.9;66.2
7166;Totaal personen;Gooi en Vechtstreek (AM);2017;190;133;127;101;25;0;10;48;21;46;1;6;4.4;57;69.8;66.7
7167;Totaal personen;Gooi en Vechtstreek (AM);2018;192;134;130;104;26;0;10;49;22;47;1;5;3.6;57;70.1;67.6
7168;Totaal personen;Midden-Utrecht (AM);2003;571;403;385;339;46;0;25;151;68;140;1;18;4.5;168;70.6;67.4
7169;Totaal personen;Midden-Utrecht (AM);2004;577;409;388;338;50;0;28;156;66;138;0;20;5.0;168;70.8;67.3
7170;Totaal personen;Midden-Utrecht (AM);2005;582;414;393;340;53;0;26;157;64;145;0;21;5.1;168;71.2;67.5
7171;Totaal personen;Midden-Utrecht (AM);2006;587;420;401;346;54;0;28;156;66;149;1;19;4.6;167;71.5;68.2
7172;Totaal personen;Midden-Utrecht (AM);2007;594;432;416;358;58;0;31;159;70;156;1;16;3.8;162;72.8;70.0
7173;Totaal personen;Midden-Utrecht (AM);2008;600;441;426;366;60;0;28;158;72;168;0;14;3.3;160;73.4;71.0
7174;Totaal personen;Midden-Utrecht (AM);2009;605;450;433;366;67;0;28;169;76;160;1;16;3.7;155;74.4;71.7
7175;Totaal personen;Midden-Utrecht (AM);2010;608;446;427;364;63;0;27;162;74;160;3;19;4.4;161;73.4;70.2
7176;Totaal personen;Midden-Utrecht (AM);2011;610;447;427;362;65;0;26;154;76;169;1;20;4.5;163;73.3;69.9
7177;Totaal personen;Midden-Utrecht (AM);2012;617;457;433;363;70;0;30;156;75;172;0;24;5.2;160;74.1;70.2
7178;Totaal personen;Midden-Utrecht (AM);2013;624;460;430;357;73;0;29;151;71;175;3;30;6.5;164;73.7;68.9
7179;Totaal personen;Midden-Utrecht (AM);2014;629;459;429;354;75;0;28;151;69;179;2;30;6.6;170;73.0;68.2
7180;Totaal personen;Midden-Utrecht (AM);2015;632;462;433;359;74;0;31;148;68;186;0;29;6.3;170;73.1;68.5
7181;Totaal personen;Midden-Utrecht (AM);2016;638;464;440;363;76;0;30;150;70;189;1;25;5.3;174;72.7;68.9
7182;Totaal personen;Midden-Utrecht (AM);2017;646;468;448;372;75;0;31;150;72;190;5;20;4.3;178;72.4;69.3
7183;Totaal personen;Midden-Utrecht (AM);2018;651;478;461;385;76;0;30;149;74;204;4;17;3.6;173;73.4;70.8
7184;Totaal personen;Amersfoort (AM);2003;219;153;146;128;18;0;11;58;27;51;0;6;4.2;66;69.9;67.0
7185;Totaal personen;Amersfoort (AM);2004;220;155;147;128;19;0;11;62;27;47;0;8;4.9;65;70.3;66.8
7186;Totaal personen;Amersfoort (AM);2005;222;156;148;129;19;0;10;65;27;46;0;8;5.0;65;70.5;67.0
7187;Totaal personen;Amersfoort (AM);2006;223;159;152;132;20;0;11;68;27;46;0;7;4.3;65;71.1;68.1
7188;Totaal personen;Amersfoort (AM);2007;225;163;157;135;22;0;11;66;28;51;0;6;3.6;62;72.3;69.7
7189;Totaal personen;Amersfoort (AM);2008;227;166;161;137;24;0;12;66;29;54;0;5;3.1;61;73.1;70.8
7190;Totaal personen;Amersfoort (AM);2009;229;168;162;138;24;0;11;67;29;55;0;6;3.7;61;73.3;70.6
7191;Totaal personen;Amersfoort (AM);2010;230;167;159;136;23;0;11;64;29;53;2;7;4.3;64;72.3;69.2
7192;Totaal personen;Amersfoort (AM);2011;232;167;160;136;24;0;11;63;30;55;1;7;4.2;64;72.3;69.2
7193;Totaal personen;Amersfoort (AM);2012;234;171;163;137;26;0;12;66;30;55;0;9;5.0;63;73.1;69.4
7194;Totaal personen;Amersfoort (AM);2013;237;173;162;134;28;0;12;61;28;59;2;11;6.3;64;73.0;68.4
7195;Totaal personen;Amersfoort (AM);2014;238;172;161;135;27;0;12;62;28;57;2;11;6.4;66;72.4;67.7
7196;Totaal personen;Amersfoort (AM);2015;239;174;163;135;28;0;13;64;26;60;0;11;6.3;65;72.8;68.3
7197;Totaal personen;Amersfoort (AM);2016;241;175;166;138;28;0;13;64;28;59;1;9;5.0;66;72.5;68.9
7198;Totaal personen;Amersfoort (AM);2017;244;177;169;141;28;0;12;63;29;63;2;7;4.1;67;72.4;69.5
7199;Totaal personen;Amersfoort (AM);2018;246;180;174;143;31;0;13;65;30;65;1;6;3.3;66;73.2;70.8
7200;Totaal personen;Noord-Holland Noord (AM);2003;479;327;314;275;39;0;26;154;59;70;7;13;3.9;152;68.3;65.6
7201;Totaal personen;Noord-Holland Noord (AM);2004;481;329;314;274;40;0;25;158;58;69;4;15;4.7;151;68.5;65.3
7202;Totaal personen;Noord-Holland Noord (AM);2005;483;333;317;276;42;0;26;161;58;70;3;16;4.8;149;69.1;65.7
7203;Totaal personen;Noord-Holland Noord (AM);2006;484;336;322;276;46;0;27;161;58;70;5;14;4.1;148;69.4;66.5
7204;Totaal personen;Noord-Holland Noord (AM);2007;485;342;330;282;48;0;29;164;59;74;4;12;3.4;143;70.4;68.0
7205;Totaal personen;Noord-Holland Noord (AM);2008;488;347;336;287;50;0;26;168;62;76;4;11;3.1;141;71.1;68.9
7206;Totaal personen;Noord-Holland Noord (AM);2009;490;350;337;287;50;0;27;165;62;76;7;12;3.6;140;71.4;68.8
7207;Totaal personen;Noord-Holland Noord (AM);2010;491;347;333;283;50;0;26;158;62;80;7;14;4.1;144;70.7;67.8
7208;Totaal personen;Noord-Holland Noord (AM);2011;492;345;331;281;50;0;25;159;61;80;6;14;4.1;147;70.2;67.3
7209;Totaal personen;Noord-Holland Noord (AM);2012;495;350;332;281;52;0;27;160;62;78;5;17;4.9;145;70.7;67.2
7210;Totaal personen;Noord-Holland Noord (AM);2013;497;350;328;276;52;0;28;149;57;83;11;22;6.3;147;70.4;66.0
7211;Totaal personen;Noord-Holland Noord (AM);2014;496;348;326;271;55;0;29;145;55;90;6;22;6.4;148;70.2;65.7
7212;Totaal personen;Noord-Holland Noord (AM);2015;496;348;329;272;57;0;30;153;55;85;5;20;5.6;147;70.3;66.3
7213;Totaal personen;Noord-Holland Noord (AM);2016;498;350;333;274;59;0;29;156;57;86;5;17;5.0;148;70.4;66.8
7214;Totaal personen;Noord-Holland Noord (AM);2017;502;352;337;280;57;0;30;150;58;89;9;15;4.3;150;70.2;67.2
7215;Totaal personen;Noord-Holland Noord (AM);2018;503;354;342;285;58;0;31;154;62;85;10;12;3.4;149;70.4;68.1
7216;Totaal personen;Zaanstreek/Waterland (AM);2003;232;158;152;135;17;0;13;73;30;32;4;6;4.0;74;68.1;65.3
7217;Totaal personen;Zaanstreek/Waterland (AM);2004;233;159;151;135;16;0;12;77;29;31;2;8;4.9;74;68.1;64.8
7218;Totaal personen;Zaanstreek/Waterland (AM);2005;235;162;154;136;18;0;12;80;28;32;1;8;5.0;73;68.9;65.5
7219;Totaal personen;Zaanstreek/Waterland (AM);2006;236;163;156;136;19;0;13;79;30;29;4;7;4.4;73;69.1;66.0
7220;Totaal personen;Zaanstreek/Waterland (AM);2007;237;166;160;140;20;0;13;81;30;33;3;6;3.8;71;70.1;67.4
7221;Totaal personen;Zaanstreek/Waterland (AM);2008;239;169;163;143;20;0;13;83;29;37;1;6;3.3;69;70.9;68.5
7222;Totaal personen;Zaanstreek/Waterland (AM);2009;239;171;164;142;22;0;14;83;30;34;3;7;4.0;69;71.3;68.5
7223;Totaal personen;Zaanstreek/Waterland (AM);2010;240;169;161;139;23;0;12;79;31;37;3;8;4.6;71;70.4;67.2
7224;Totaal personen;Zaanstreek/Waterland (AM);2011;241;170;162;139;23;0;12;80;29;39;2;8;4.8;71;70.5;67.1
7225;Totaal personen;Zaanstreek/Waterland (AM);2012;244;172;162;141;22;0;13;80;30;37;2;9;5.5;72;70.5;66.7
7226;Totaal personen;Zaanstreek/Waterland (AM);2013;246;175;163;139;24;0;14;74;29;41;4;12;6.9;71;71.1;66.2
7227;Totaal personen;Zaanstreek/Waterland (AM);2014;247;173;161;136;25;0;14;73;27;42;3;12;7.1;74;70.1;65.1
7228;Totaal personen;Zaanstreek/Waterland (AM);2015;247;174;163;138;25;0;15;79;27;41;2;11;6.3;73;70.4;66.0
7229;Totaal personen;Zaanstreek/Waterland (AM);2016;249;177;166;139;28;0;15;77;28;44;2;10;5.7;73;70.9;66.8
7230;Totaal personen;Zaanstreek/Waterland (AM);2017;251;176;168;143;25;0;14;79;29;42;4;8;4.6;75;70.0;66.8
7231;Totaal personen;Zaanstreek/Waterland (AM);2018;252;178;172;145;27;0;15;78;31;45;3;7;3.7;74;70.7;68.1
7232;Totaal personen;Groot Amsterdam (AM);2003;818;549;515;442;73;0;37;202;104;162;10;34;6.2;269;67.2;63.0
7233;Totaal personen;Groot Amsterdam (AM);2004;826;562;524;432;92;0;33;213;93;183;1;39;6.9;264;68.1;63.4
7234;Totaal personen;Groot Amsterdam (AM);2005;832;576;536;442;94;0;33;230;92;180;1;40;6.9;256;69.3;64.5
7235;Totaal personen;Groot Amsterdam (AM);2006;837;583;550;454;96;0;39;222;94;193;3;33;5.6;254;69.7;65.7
7236;Totaal personen;Groot Amsterdam (AM);2007;843;593;565;465;100;0;41;220;91;210;2;28;4.7;250;70.4;67.1
7237;Totaal personen;Groot Amsterdam (AM);2008;853;609;584;479;105;0;40;223;98;219;4;25;4.2;244;71.4;68.4
7238;Totaal personen;Groot Amsterdam (AM);2009;862;616;584;477;107;0;36;222;101;219;6;31;5.1;247;71.4;67.7
7239;Totaal personen;Groot Amsterdam (AM);2010;867;615;580;477;104;0;33;217;104;221;4;34;5.6;253;70.9;66.9
7240;Totaal personen;Groot Amsterdam (AM);2011;878;619;583;475;108;0;32;221;108;216;6;36;5.9;258;70.6;66.4
7241;Totaal personen;Groot Amsterdam (AM);2012;890;640;598;482;115;0;39;222;101;234;1;42;6.6;250;71.9;67.2
7242;Totaal personen;Groot Amsterdam (AM);2013;906;651;598;478;120;0;40;208;100;246;4;54;8.2;254;71.9;66.0
7243;Totaal personen;Groot Amsterdam (AM);2014;916;655;603;478;125;0;40;215;98;245;5;52;7.9;261;71.5;65.9
7244;Totaal personen;Groot Amsterdam (AM);2015;925;661;614;484;130;0;43;218;98;252;3;48;7.2;264;71.5;66.3
7245;Totaal personen;Groot Amsterdam (AM);2016;938;680;637;498;139;0;45;216;103;269;5;42;6.2;258;72.5;67.9
7246;Totaal personen;Groot Amsterdam (AM);2017;950;680;644;509;135;0;46;214;101;278;5;36;5.2;270;71.6;67.8
7247;Totaal personen;Groot Amsterdam (AM);2018;960;690;660;519;141;0;47;216;106;285;5;30;4.4;270;71.9;68.7
7248;Totaal personen;Holland Rijnland (AM);2003;380;271;261;229;32;0;20;120;48;70;3;10;3.7;109;71.2;68.6
7249;Totaal personen;Holland Rijnland (AM);2004;380;270;259;227;31;0;20;121;48;67;2;12;4.3;110;71.1;68.0
7250;Totaal personen;Holland Rijnland (AM);2005;381;271;259;226;32;0;22;121;47;67;2;12;4.6;110;71.2;67.9
7251;Totaal personen;Holland Rijnland (AM);2006;382;271;260;228;32;0;21;117;46;74;3;11;4.0;111;71.0;68.2
7252;Totaal personen;Holland Rijnland (AM);2007;384;278;268;234;34;0;22;118;48;76;3;10;3.6;106;72.4;69.9
7253;Totaal personen;Holland Rijnland (AM);2008;386;281;272;236;36;0;21;123;48;78;2;9;3.1;105;72.8;70.5
7254;Totaal personen;Holland Rijnland (AM);2009;387;284;273;237;36;0;21;122;48;80;2;11;3.7;103;73.4;70.6
7255;Totaal personen;Holland Rijnland (AM);2010;388;283;270;232;38;0;20;118;48;82;2;12;4.3;105;72.9;69.8
7256;Totaal personen;Holland Rijnland (AM);2011;388;281;269;232;37;0;19;118;49;81;3;12;4.2;107;72.3;69.3
7257;Totaal personen;Holland Rijnland (AM);2012;391;284;271;233;38;0;21;118;49;80;4;14;4.7;107;72.7;69.2
7258;Totaal personen;Holland Rijnland (AM);2013;395;286;268;229;39;0;23;113;45;85;4;17;6.1;109;72.4;67.9
7259;Totaal personen;Holland Rijnland (AM);2014;395;287;269;228;42;0;22;112;44;88;3;17;6.1;109;72.5;68.1
7260;Totaal personen;Holland Rijnland (AM);2015;397;287;271;228;43;0;23;109;45;90;3;16;5.5;110;72.3;68.3
7261;Totaal personen;Holland Rijnland (AM);2016;400;289;274;231;43;0;21;111;46;92;3;15;5.2;112;72.1;68.3
7262;Totaal personen;Holland Rijnland (AM);2017;405;292;280;239;40;0;23;117;47;89;4;12;4.2;113;72.1;69.1
7263;Totaal personen;Holland Rijnland (AM);2018;408;297;287;244;44;0;22;118;51;93;3;10;3.3;111;72.9;70.5
7264;Totaal personen;Midden-Holland (AM);2003;136;93;89;79;10;0;7;41;17;23;1;4;4.2;43;68.3;65.5
7265;Totaal personen;Midden-Holland (AM);2004;136;94;89;79;11;0;7;42;16;24;0;4;4.7;42;68.9;65.6
7266;Totaal personen;Midden-Holland (AM);2005;136;94;90;78;12;0;7;41;16;25;0;5;4.9;41;69.4;66.1
7267;Totaal personen;Midden-Holland (AM);2006;135;94;90;78;12;0;7;41;16;25;0;4;4.1;41;69.4;66.6
7268;Totaal personen;Midden-Holland (AM);2007;135;95;92;80;12;0;8;42;16;25;1;4;3.7;40;70.5;67.9
7269;Totaal personen;Midden-Holland (AM);2008;135;96;93;80;13;0;8;42;16;26;1;3;3.2;39;71.2;68.9
7270;Totaal personen;Midden-Holland (AM);2009;135;96;93;80;13;0;8;42;16;26;1;4;3.7;39;71.4;68.7
7271;Totaal personen;Midden-Holland (AM);2010;135;96;91;78;13;0;7;41;16;27;0;4;4.6;39;71.0;67.7
7272;Totaal personen;Midden-Holland (AM);2011;135;96;92;78;13;0;7;41;17;27;0;4;4.4;39;71.2;68.0
7273;Totaal personen;Midden-Holland (AM);2012;135;97;92;78;14;0;7;41;16;27;1;5;5.2;39;71.4;67.8
7274;Totaal personen;Midden-Holland (AM);2013;136;97;90;76;14;0;7;39;15;27;1;6;6.5;39;71.2;66.5
7275;Totaal personen;Midden-Holland (AM);2014;136;97;91;76;15;0;8;40;15;28;1;6;6.6;39;71.5;66.7
7276;Totaal personen;Midden-Holland (AM);2015;137;97;91;76;15;0;8;40;14;28;0;6;6.2;40;70.7;66.3
7277;Totaal personen;Midden-Holland (AM);2016;138;97;92;77;15;0;8;40;15;27;1;5;5.4;41;70.5;66.7
7278;Totaal personen;Midden-Holland (AM);2017;140;99;95;80;15;0;8;42;16;28;1;4;4.2;41;70.9;67.9
7279;Totaal personen;Midden-Holland (AM);2018;141;101;97;82;15;0;9;40;17;29;2;3;3.3;41;71.3;68.9
7280;Totaal personen;Haaglanden (AM);2003;541;366;346;298;48;0;25;155;60;104;2;20;5.4;175;67.7;64.0
7281;Totaal personen;Haaglanden (AM);2004;544;369;346;297;50;0;25;155;62;104;1;23;6.1;175;67.8;63.7
7282;Totaal personen;Haaglanden (AM);2005;548;375;350;301;48;0;24;153;59;113;0;26;6.8;173;68.4;63.8
7283;Totaal personen;Haaglanden (AM);2006;551;376;354;305;49;0;28;156;55;113;2;22;5.8;175;68.2;64.2
7284;Totaal personen;Haaglanden (AM);2007;551;379;361;306;54;0;28;157;60;114;2;19;4.9;172;68.8;65.4
7285;Totaal personen;Haaglanden (AM);2008;556;386;370;316;54;0;29;158;63;119;2;16;4.1;171;69.4;66.5
7286;Totaal personen;Haaglanden (AM);2009;560;391;371;317;54;0;30;157;60;123;2;19;4.9;170;69.7;66.2
7287;Totaal personen;Haaglanden (AM);2010;563;387;365;306;59;0;25;152;60;124;3;23;5.8;175;68.8;64.8
7288;Totaal personen;Haaglanden (AM);2011;569;393;368;307;61;0;27;150;66;122;3;25;6.3;176;69.0;64.7
7289;Totaal personen;Haaglanden (AM);2012;579;402;371;313;58;0;28;148;65;128;3;31;7.6;177;69.5;64.2
7290;Totaal personen;Haaglanden (AM);2013;587;405;369;307;62;0;30;141;60;133;5;36;8.8;182;69.0;62.9
7291;Totaal personen;Haaglanden (AM);2014;590;403;365;298;67;0;30;143;54;136;2;38;9.5;187;68.3;61.8
7292;Totaal personen;Haaglanden (AM);2015;594;406;370;303;67;0;30;145;57;137;1;35;8.7;188;68.3;62.3
7293;Totaal personen;Haaglanden (AM);2016;600;407;376;311;65;0;30;145;63;136;2;31;7.7;193;67.8;62.6
7294;Totaal personen;Haaglanden (AM);2017;606;412;386;318;68;0;33;146;62;143;3;26;6.3;194;68.0;63.7
7295;Totaal personen;Haaglanden (AM);2018;614;423;403;329;74;0;35;151;67;147;2;20;4.7;191;68.9;65.7
7296;Totaal personen;Rijnmond (AM);2003;989;647;608;541;67;0;48;285;111;154;10;39;6.0;342;65.4;61.5
7297;Totaal personen;Rijnmond (AM);2004;990;648;602;536;66;0;47;283;113;154;6;45;7.0;343;65.4;60.8
7298;Totaal personen;Rijnmond (AM);2005;988;654;605;537;68;0;48;284;112;153;7;49;7.5;334;66.2;61.2
7299;Totaal personen;Rijnmond (AM);2006;985;653;611;542;69;0;53;288;109;151;10;42;6.5;332;66.3;62.0
7300;Totaal personen;Rijnmond (AM);2007;983;665;631;558;73;0;55;287;114;163;12;34;5.1;318;67.6;64.2
7301;Totaal personen;Rijnmond (AM);2008;978;671;641;564;77;0;55;291;116;167;12;30;4.4;307;68.6;65.6
7302;Totaal personen;Rijnmond (AM);2009;991;682;647;564;83;0;50;293;118;174;12;35;5.1;310;68.8;65.2
7303;Totaal personen;Rijnmond (AM);2010;991;682;640;554;86;0;50;287;113;177;12;42;6.1;310;68.8;64.6
7304;Totaal personen;Rijnmond (AM);2011;996;681;639;555;84;0;51;281;119;174;14;42;6.2;315;68.4;64.2
7305;Totaal personen;Rijnmond (AM);2012;1002;692;638;555;83;0;51;280;121;170;16;54;7.8;310;69.0;63.6
7306;Totaal personen;Rijnmond (AM);2013;1007;690;625;537;89;0;54;264;107;186;15;64;9.3;318;68.4;62.1
7307;Totaal personen;Rijnmond (AM);2014;1009;690;624;528;96;0;55;271;107;178;13;66;9.6;319;68.4;61.8
7308;Totaal personen;Rijnmond (AM);2015;1008;689;626;532;94;0;54;268;105;186;12;63;9.1;320;68.3;62.1
7309;Totaal personen;Rijnmond (AM);2016;1016;685;629;536;93;0;55;263;108;194;11;56;8.2;330;67.5;61.9
7310;Totaal personen;Rijnmond (AM);2017;1022;696;652;552;100;0;61;270;109;198;15;44;6.3;327;68.0;63.8
7311;Totaal personen;Rijnmond (AM);2018;1028;706;672;571;101;0;61;273;117;206;15;34;4.8;322;68.7;65.4
7312;Totaal personen;Drechtsteden (AM);2003;205;137;131;116;14;0;11;61;24;32;2;7;4.8;67;67.1;63.8
7313;Totaal personen;Drechtsteden (AM);2004;206;138;130;117;13;0;11;61;25;32;1;8;5.7;68;67.2;63.3
7314;Totaal personen;Drechtsteden (AM);2005;206;140;132;117;14;0;11;64;25;30;2;8;5.5;66;67.8;64.0
7315;Totaal personen;Drechtsteden (AM);2006;206;141;134;119;16;0;11;65;25;31;2;6;4.6;65;68.3;65.1
7316;Totaal personen;Drechtsteden (AM);2007;206;143;137;121;16;0;11;64;26;31;4;6;3.9;63;69.3;66.6
7317;Totaal personen;Drechtsteden (AM);2008;207;145;140;123;17;0;11;64;26;35;3;5;3.3;63;69.8;67.6
7318;Totaal personen;Drechtsteden (AM);2009;208;147;141;124;17;0;11;66;26;36;2;6;3.9;61;70.6;67.8
7319;Totaal personen;Drechtsteden (AM);2010;209;146;139;121;18;0;11;61;26;38;3;7;4.6;62;70.1;66.8
7320;Totaal personen;Drechtsteden (AM);2011;209;147;140;123;17;0;11;61;27;37;4;7;4.6;63;70.1;66.9
7321;Totaal personen;Drechtsteden (AM);2012;210;148;140;121;19;0;11;60;27;37;5;8;5.5;62;70.5;66.6
7322;Totaal personen;Drechtsteden (AM);2013;211;149;139;120;19;0;12;62;24;36;4;10;6.8;62;70.5;65.7
7323;Totaal personen;Drechtsteden (AM);2014;211;148;138;117;20;0;11;60;24;40;3;10;6.9;63;70.1;65.2
7324;Totaal personen;Drechtsteden (AM);2015;211;147;138;117;20;0;12;60;24;38;5;9;6.4;64;69.8;65.3
7325;Totaal personen;Drechtsteden (AM);2016;211;148;139;120;20;0;11;63;24;39;3;8;5.6;64;69.8;65.9
7326;Totaal personen;Drechtsteden (AM);2017;212;149;142;122;21;0;12;64;24;39;3;7;4.6;63;70.2;67.0
7327;Totaal personen;Drechtsteden (AM);2018;212;150;145;123;22;0;12;62;26;40;4;6;3.8;62;70.8;68.1
7328;Totaal personen;Zeeland (AM);2003;278;181;174;148;25;0;17;86;32;35;4;8;4.2;96;65.2;62.5
7329;Totaal personen;Zeeland (AM);2004;278;182;174;149;25;0;16;92;32;30;4;9;4.7;96;65.6;62.5
7330;Totaal personen;Zeeland (AM);2005;279;185;176;149;27;0;15;95;32;31;3;9;4.7;94;66.3;63.2
7331;Totaal personen;Zeeland (AM);2006;279;187;179;152;26;0;16;95;31;33;3;8;4.3;93;66.8;64.0
7332;Totaal personen;Zeeland (AM);2007;280;187;180;152;28;0;16;92;33;35;5;7;3.6;93;66.9;64.5
7333;Totaal personen;Zeeland (AM);2008;281;190;184;156;27;0;17;92;33;36;5;6;3.4;91;67.7;65.4
7334;Totaal personen;Zeeland (AM);2009;281;192;185;158;26;0;17;95;33;36;4;7;3.7;89;68.3;65.8
7335;Totaal personen;Zeeland (AM);2010;281;191;183;155;28;0;16;91;33;38;5;8;4.1;91;67.8;65.0
7336;Totaal personen;Zeeland (AM);2011;281;189;182;153;29;0;15;89;33;38;7;7;4.0;92;67.3;64.6
7337;Totaal personen;Zeeland (AM);2012;282;193;185;156;29;0;17;93;34;35;7;8;4.4;88;68.7;65.7
7338;Totaal personen;Zeeland (AM);2013;283;192;181;152;29;0;18;87;31;41;4;11;5.7;91;67.9;64.1
7339;Totaal personen;Zeeland (AM);2014;282;192;182;151;31;0;17;87;32;40;6;11;5.5;90;68.2;64.4
7340;Totaal personen;Zeeland (AM);2015;281;195;184;153;31;0;18;89;30;42;5;11;5.5;87;69.1;65.3
7341;Totaal personen;Zeeland (AM);2016;283;195;187;155;31;0;17;95;31;40;4;9;4.4;88;69.0;66.0
7342;Totaal personen;Zeeland (AM);2017;283;192;185;153;32;0;19;94;31;38;5;7;3.6;91;67.9;65.5
7343;Totaal personen;Zeeland (AM);2018;283;197;191;155;36;0;19;95;32;42;3;6;3.0;87;69.4;67.3
7344;Totaal personen;West-Brabant (AM);2003;495;337;322;279;43;0;29;153;59;75;5;15;4.5;158;68.1;65.0
7345;Totaal personen;West-Brabant (AM);2004;496;336;318;277;41;0;28;154;57;76;4;18;5.3;159;67.9;64.2
7346;Totaal personen;West-Brabant (AM);2005;497;340;322;280;42;0;30;162;55;73;3;17;5.1;158;68.3;64.8
7347;Totaal personen;West-Brabant (AM);2006;499;343;327;283;44;0;33;158;57;75;5;16;4.6;156;68.7;65.5
7348;Totaal personen;West-Brabant (AM);2007;500;347;334;288;46;0;32;161;61;74;5;13;3.8;152;69.5;66.8
7349;Totaal personen;West-Brabant (AM);2008;502;354;343;293;49;0;31;164;64;80;4;12;3.3;147;70.6;68.3
7350;Totaal personen;West-Brabant (AM);2009;503;357;342;293;50;0;30;166;61;81;4;15;4.1;146;71.0;68.1
7351;Totaal personen;West-Brabant (AM);2010;504;356;339;286;53;0;32;163;59;81;4;17;4.7;149;70.5;67.2
7352;Totaal personen;West-Brabant (AM);2011;505;354;338;289;50;0;31;162;61;81;4;16;4.5;150;70.2;67.0
7353;Totaal personen;West-Brabant (AM);2012;508;359;339;290;49;0;32;156;61;87;4;20;5.5;149;70.7;66.9
7354;Totaal personen;West-Brabant (AM);2013;511;362;338;286;52;0;31;154;57;92;4;24;6.6;150;70.7;66.0
7355;Totaal personen;West-Brabant (AM);2014;512;360;335;283;52;0;33;154;54;89;5;25;6.9;152;70.2;65.4
7356;Totaal personen;West-Brabant (AM);2015;512;360;337;284;52;0;31;156;54;91;5;24;6.6;152;70.3;65.7
7357;Totaal personen;West-Brabant (AM);2016;514;360;340;286;54;0;32;154;56;94;5;20;5.6;155;69.9;66.0
7358;Totaal personen;West-Brabant (AM);2017;517;363;347;290;57;0;34;156;56;96;6;16;4.5;154;70.2;67.0
7359;Totaal personen;West-Brabant (AM);2018;520;367;354;298;56;0;34;160;59;97;4;13;3.5;153;70.6;68.2
7360;Totaal personen;Midden-Brabant (AM);2003;333;229;219;193;26;0;20;105;39;51;4;10;4.5;104;68.7;65.7
7361;Totaal personen;Midden-Brabant (AM);2004;334;230;218;192;26;0;21;107;37;51;2;12;5.1;104;68.8;65.3
7362;Totaal personen;Midden-Brabant (AM);2005;335;231;220;192;28;0;24;113;36;46;1;11;4.9;104;69.1;65.6
7363;Totaal personen;Midden-Brabant (AM);2006;336;233;223;196;27;0;23;111;37;49;3;10;4.4;103;69.4;66.3
7364;Totaal personen;Midden-Brabant (AM);2007;337;237;227;201;26;0;23;108;40;53;4;9;4.0;100;70.3;67.5
7365;Totaal personen;Midden-Brabant (AM);2008;338;242;234;203;31;0;23;111;42;55;3;8;3.4;96;71.5;69.1
7366;Totaal personen;Midden-Brabant (AM);2009;339;243;233;201;32;0;20;110;42;57;4;10;4.1;96;71.7;68.8
7367;Totaal personen;Midden-Brabant (AM);2010;340;244;232;199;33;0;23;107;41;58;3;12;4.8;97;71.6;68.2
7368;Totaal personen;Midden-Brabant (AM);2011;341;242;231;199;32;0;23;106;41;58;3;11;4.7;98;71.2;67.8
7369;Totaal personen;Midden-Brabant (AM);2012;343;245;231;199;33;0;21;108;42;57;2;14;5.6;98;71.4;67.5
7370;Totaal personen;Midden-Brabant (AM);2013;346;247;230;199;31;0;24;105;38;59;4;17;7.0;99;71.5;66.5
7371;Totaal personen;Midden-Brabant (AM);2014;346;246;228;196;32;0;25;104;36;60;2;18;7.3;100;71.1;65.9
7372;Totaal personen;Midden-Brabant (AM);2015;347;247;230;195;35;0;23;102;38;63;3;17;6.9;100;71.2;66.3
7373;Totaal personen;Midden-Brabant (AM);2016;348;249;234;198;36;0;23;104;37;68;2;14;5.7;100;71.3;67.3
7374;Totaal personen;Midden-Brabant (AM);2017;351;251;240;203;38;0;24;109;37;68;2;11;4.5;99;71.7;68.4
7375;Totaal personen;Midden-Brabant (AM);2018;353;252;244;207;37;0;26;110;39;67;2;9;3.4;101;71.5;69.1
7376;Totaal personen;Noordoost-Brabant (AM);2003;436;302;289;251;38;0;26;138;51;70;4;13;4.3;134;69.2;66.3
7377;Totaal personen;Noordoost-Brabant (AM);2004;436;300;286;249;37;0;25;137;50;71;3;15;5.0;136;68.8;65.4
7378;Totaal personen;Noordoost-Brabant (AM);2005;437;303;288;247;40;0;26;142;49;69;1;15;4.9;134;69.3;65.9
7379;Totaal personen;Noordoost-Brabant (AM);2006;438;305;291;251;40;0;27;140;50;71;3;13;4.4;133;69.6;66.5
7380;Totaal personen;Noordoost-Brabant (AM);2007;439;310;300;254;45;0;26;147;52;72;2;11;3.5;129;70.7;68.2
7381;Totaal personen;Noordoost-Brabant (AM);2008;441;316;306;260;46;0;26;150;54;72;4;10;3.1;125;71.6;69.4
7382;Totaal personen;Noordoost-Brabant (AM);2009;443;319;306;260;46;0;26;145;55;74;5;13;3.9;124;72.0;69.2
7383;Totaal personen;Noordoost-Brabant (AM);2010;445;318;304;255;49;0;28;139;56;77;5;14;4.5;127;71.5;68.4
7384;Totaal personen;Noordoost-Brabant (AM);2011;446;318;304;255;49;0;25;143;54;79;3;13;4.2;128;71.3;68.3
7385;Totaal personen;Noordoost-Brabant (AM);2012;448;321;305;256;49;0;27;140;55;79;4;16;5.1;127;71.6;67.9
7386;Totaal personen;Noordoost-Brabant (AM);2013;451;324;303;253;50;0;27;138;50;86;2;21;6.4;128;71.7;67.2
7387;Totaal personen;Noordoost-Brabant (AM);2014;452;323;301;252;49;0;28;138;48;84;3;22;6.8;129;71.4;66.6
7388;Totaal personen;Noordoost-Brabant (AM);2015;453;324;304;252;52;0;27;139;50;87;2;20;6.1;129;71.6;67.2
7389;Totaal personen;Noordoost-Brabant (AM);2016;456;326;309;257;52;0;26;141;50;90;2;17;5.1;130;71.5;67.8
7390;Totaal personen;Noordoost-Brabant (AM);2017;460;329;316;260;55;0;28;144;52;89;4;14;4.2;130;71.7;68.7
7391;Totaal personen;Noordoost-Brabant (AM);2018;462;332;321;266;55;0;28;143;55;91;4;11;3.2;130;71.8;69.5
7392;Totaal personen;Zuidoost-Brabant (AM);2003;353;238;226;197;29;0;20;102;39;63;2;12;4.9;115;67.4;64.1
7393;Totaal personen;Zuidoost-Brabant (AM);2004;353;238;224;196;28;0;20;101;38;65;1;14;5.7;115;67.4;63.6
7394;Totaal personen;Zuidoost-Brabant (AM);2005;354;240;227;198;29;0;22;106;37;61;1;13;5.3;114;67.9;64.2
7395;Totaal personen;Zuidoost-Brabant (AM);2006;354;241;230;200;31;0;22;102;38;66;2;11;4.7;113;68.2;65.0
7396;Totaal personen;Zuidoost-Brabant (AM);2007;354;243;234;203;31;0;22;103;40;66;2;9;3.9;111;68.7;66.1
7397;Totaal personen;Zuidoost-Brabant (AM);2008;355;250;241;208;33;0;23;104;42;70;2;9;3.5;106;70.3;67.8
7398;Totaal personen;Zuidoost-Brabant (AM);2009;355;251;240;205;34;0;21;105;42;68;4;11;4.4;105;70.5;67.4
7399;Totaal personen;Zuidoost-Brabant (AM);2010;356;250;238;200;38;0;21;103;40;72;1;12;4.9;106;70.2;66.8
7400;Totaal personen;Zuidoost-Brabant (AM);2011;357;250;238;200;38;0;21;101;42;71;2;12;4.8;107;70.0;66.6
7401;Totaal personen;Zuidoost-Brabant (AM);2012;359;257;243;207;37;0;22;106;43;71;1;13;5.2;103;71.4;67.7
7402;Totaal personen;Zuidoost-Brabant (AM);2013;363;257;239;204;35;0;23;101;39;73;3;18;7.0;106;70.9;65.9
7403;Totaal personen;Zuidoost-Brabant (AM);2014;365;258;239;202;37;0;23;103;36;75;2;19;7.4;107;70.7;65.5
7404;Totaal personen;Zuidoost-Brabant (AM);2015;366;259;242;206;36;0;23;104;37;77;1;17;6.7;107;70.7;66.0
7405;Totaal personen;Zuidoost-Brabant (AM);2016;369;261;246;208;38;0;22;101;38;82;2;15;5.7;108;70.7;66.7
7406;Totaal personen;Zuidoost-Brabant (AM);2017;373;264;252;214;39;0;25;104;39;82;2;12;4.5;109;70.9;67.7
7407;Totaal personen;Zuidoost-Brabant (AM);2018;376;268;259;220;39;0;23;105;40;88;2;9;3.5;108;71.4;68.8
7408;Totaal personen;Noord-Limburg (AM);2003;202;139;133;117;16;0;12;72;23;25;1;6;4.5;63;68.9;65.8
7409;Totaal personen;Noord-Limburg (AM);2004;203;139;131;115;16;0;13;71;22;24;1;7;5.3;64;68.5;64.9
7410;Totaal personen;Noord-Limburg (AM);2005;203;141;133;115;18;0;14;71;23;23;1;8;5.4;62;69.3;65.6
7411;Totaal personen;Noord-Limburg (AM);2006;203;140;133;117;16;0;14;70;23;22;3;7;4.9;63;68.9;65.6
7412;Totaal personen;Noord-Limburg (AM);2007;203;143;137;120;16;0;15;72;24;23;3;6;4.0;61;70.1;67.3
7413;Totaal personen;Noord-Limburg (AM);2008;204;145;140;122;18;0;14;75;24;25;2;5;3.7;59;71.1;68.6
7414;Totaal personen;Noord-Limburg (AM);2009;204;144;138;120;18;0;13;73;23;27;1;7;4.6;60;70.6;67.3
7415;Totaal personen;Noord-Limburg (AM);2010;204;144;136;119;18;0;13;69;24;28;2;7;5.0;61;70.3;66.8
7416;Totaal personen;Noord-Limburg (AM);2011;205;144;137;119;18;0;13;68;24;29;2;6;4.5;61;70.2;67.0
7417;Totaal personen;Noord-Limburg (AM);2012;205;146;138;120;19;0;14;71;24;29;1;7;5.0;60;71.0;67.4
7418;Totaal personen;Noord-Limburg (AM);2013;206;146;136;116;20;0;15;67;23;28;3;10;6.7;61;70.6;65.9
7419;Totaal personen;Noord-Limburg (AM);2014;206;144;134;115;19;0;15;63;22;32;2;10;7.1;62;70.1;65.1
7420;Totaal personen;Noord-Limburg (AM);2015;205;145;135;116;20;0;14;66;22;33;1;9;6.4;60;70.6;66.1
7421;Totaal personen;Noord-Limburg (AM);2016;206;146;138;119;19;0;15;68;23;32;1;8;5.2;60;70.9;67.2
7422;Totaal personen;Noord-Limburg (AM);2017;207;147;140;120;20;0;16;69;23;31;2;6;4.4;60;70.9;67.8
7423;Totaal personen;Noord-Limburg (AM);2018;207;147;142;122;20;0;16;69;23;33;1;5;3.4;60;71.2;68.8
7424;Totaal personen;Zuid-Limburg (AM);2003;482;299;282;249;34;0;26;135;50;65;6;17;5.6;182;62.1;58.6
7425;Totaal personen;Zuid-Limburg (AM);2004;479;302;281;246;36;0;26;136;51;64;4;20;6.7;178;62.9;58.7
7426;Totaal personen;Zuid-Limburg (AM);2005;476;300;279;242;37;0;27;134;53;59;5;22;7.2;176;63.0;58.5
7427;Totaal personen;Zuid-Limburg (AM);2006;474;299;280;244;36;0;28;135;51;60;6;18;6.2;175;63.0;59.2
7428;Totaal personen;Zuid-Limburg (AM);2007;471;301;285;248;37;0;29;137;51;62;6;16;5.2;170;63.9;60.6
7429;Totaal personen;Zuid-Limburg (AM);2008;469;304;291;253;37;0;28;138;52;67;5;14;4.5;165;64.9;62.0
7430;Totaal personen;Zuid-Limburg (AM);2009;467;304;287;248;40;0;25;137;51;70;4;16;5.4;163;65.0;61.5
7431;Totaal personen;Zuid-Limburg (AM);2010;466;300;283;243;40;0;26;131;51;69;6;18;5.9;166;64.4;60.6
7432;Totaal personen;Zuid-Limburg (AM);2011;465;300;283;244;39;0;27;129;51;70;6;16;5.4;166;64.4;60.9
7433;Totaal personen;Zuid-Limburg (AM);2012;466;302;284;243;41;0;28;127;51;73;5;19;6.1;163;64.9;61.0
7434;Totaal personen;Zuid-Limburg (AM);2013;466;304;281;236;45;0;28;126;49;72;6;23;7.6;162;65.2;60.2
7435;Totaal personen;Zuid-Limburg (AM);2014;464;300;277;234;43;0;27;125;47;72;5;23;7.7;165;64.5;59.6
7436;Totaal personen;Zuid-Limburg (AM);2015;461;301;280;235;45;0;27;130;45;74;3;21;7.0;161;65.2;60.6
7437;Totaal personen;Zuid-Limburg (AM);2016;461;298;281;239;42;0;28;126;46;77;4;17;5.9;162;64.8;61.0
7438;Totaal personen;Zuid-Limburg (AM);2017;461;296;281;237;44;0;28;126;46;75;6;15;5.0;165;64.3;61.1
7439;Totaal personen;Zuid-Limburg (AM);2018;459;299;287;241;46;0;28;131;47;76;5;12;3.9;160;65.1;62.6
7440;Totaal personen;Helmond-De Peel (AM);2003;179;121;115;100;15;0;10;58;20;25;2;6;4.6;58;67.4;64.3
7441;Totaal personen;Helmond-De Peel (AM);2004;180;121;115;99;16;0;11;59;19;25;1;7;5.5;58;67.5;63.8
7442;Totaal personen;Helmond-De Peel (AM);2005;180;122;115;98;17;0;12;60;20;22;1;7;5.6;58;67.7;63.9
7443;Totaal personen;Helmond-De Peel (AM);2006;180;122;116;99;17;0;12;60;20;23;2;6;4.8;58;68.0;64.8
7444;Totaal personen;Helmond-De Peel (AM);2007;180;125;120;102;18;0;12;61;20;25;1;5;3.9;56;69.1;66.4
7445;Totaal personen;Helmond-De Peel (AM);2008;182;127;123;104;19;0;11;61;21;27;2;4;3.5;54;70.1;67.7
7446;Totaal personen;Helmond-De Peel (AM);2009;182;128;123;104;19;0;11;61;22;26;3;5;4.3;54;70.4;67.3
7447;Totaal personen;Helmond-De Peel (AM);2010;182;128;121;101;20;0;11;59;21;29;1;6;4.9;55;69.9;66.5
7448;Totaal personen;Helmond-De Peel (AM);2011;183;129;123;103;20;0;12;60;22;27;2;6;4.5;54;70.5;67.3
7449;Totaal personen;Helmond-De Peel (AM);2012;184;130;123;103;20;0;12;58;22;29;2;7;5.2;54;70.7;67.0
7450;Totaal personen;Helmond-De Peel (AM);2013;185;131;122;103;19;0;12;59;21;28;3;9;6.8;54;70.7;65.9
7451;Totaal personen;Helmond-De Peel (AM);2014;186;130;121;101;20;0;11;59;19;29;2;9;7.2;56;70.0;64.9
7452;Totaal personen;Helmond-De Peel (AM);2015;186;132;123;103;20;0;13;59;19;31;1;9;6.6;55;70.6;66.0
7453;Totaal personen;Helmond-De Peel (AM);2016;187;132;125;104;21;0;13;60;20;31;1;7;5.6;55;70.6;66.7
7454;Totaal personen;Helmond-De Peel (AM);2017;189;133;128;106;21;0;12;63;21;30;1;6;4.3;56;70.6;67.6
7455;Totaal personen;Helmond-De Peel (AM);2018;190;134;129;109;21;0;13;63;21;30;2;5;3.5;56;70.7;68.2
7456;Totaal personen;Midden-Limburg (AM);2003;192;128;122;106;15;0;12;59;22;26;2;6;4.8;65;66.4;63.3
7457;Totaal personen;Midden-Limburg (AM);2004;192;127;120;104;16;0;11;61;22;24;1;7;5.7;65;66.2;62.5
7458;Totaal personen;Midden-Limburg (AM);2005;192;128;120;104;16;0;12;62;22;23;1;8;5.9;65;66.3;62.4
7459;Totaal personen;Midden-Limburg (AM);2006;193;129;123;105;18;0;12;61;23;26;1;6;5.0;64;66.9;63.6
7460;Totaal personen;Midden-Limburg (AM);2007;193;130;124;108;16;0;12;62;23;26;2;6;4.3;63;67.3;64.4
7461;Totaal personen;Midden-Limburg (AM);2008;193;132;127;110;16;0;12;62;23;27;2;5;3.8;61;68.3;65.8
7462;Totaal personen;Midden-Limburg (AM);2009;194;133;127;110;17;0;12;62;23;26;3;6;4.5;61;68.5;65.4
7463;Totaal personen;Midden-Limburg (AM);2010;194;132;125;108;17;0;12;60;23;29;2;6;4.8;62;68.0;64.7
7464;Totaal personen;Midden-Limburg (AM);2011;194;131;125;107;19;0;11;58;24;29;3;6;4.4;63;67.7;64.7
7465;Totaal personen;Midden-Limburg (AM);2012;194;133;126;107;19;0;11;60;23;31;1;7;5.1;62;68.3;64.9
7466;Totaal personen;Midden-Limburg (AM);2013;195;134;126;106;19;0;12;59;22;31;2;9;6.4;61;68.9;64.5
7467;Totaal personen;Midden-Limburg (AM);2014;194;132;124;106;18;0;13;59;21;29;2;9;6.4;62;68.1;63.7
7468;Totaal personen;Midden-Limburg (AM);2015;194;133;125;105;20;0;12;62;20;30;1;8;5.9;61;68.6;64.6
7469;Totaal personen;Midden-Limburg (AM);2016;194;132;126;107;19;0;12;59;21;33;1;7;5.1;62;68.0;64.5
7470;Totaal personen;Midden-Limburg (AM);2017;195;133;127;108;19;0;13;58;21;33;2;6;4.3;62;68.2;65.3
7471;Totaal personen;Midden-Limburg (AM);2018;194;134;129;110;19;0;13;61;21;32;1;5;3.4;61;68.8;66.4
7472;Totaal personen;Zuid-Holland Centraal (AM);2003;232;161;155;139;16;0;10;64;30;49;2;6;4.0;71;69.4;66.6
7473;Totaal personen;Zuid-Holland Centraal (AM);2004;236;165;157;139;18;0;9;65;31;51;1;8;4.7;71;69.9;66.6
7474;Totaal personen;Zuid-Holland Centraal (AM);2005;239;167;158;140;18;0;11;65;30;52;1;8;5.1;72;69.9;66.3
7475;Totaal personen;Zuid-Holland Centraal (AM);2006;242;169;162;143;19;0;12;69;28;52;1;7;4.4;73;70.0;66.9
7476;Totaal personen;Zuid-Holland Centraal (AM);2007;245;174;168;148;20;0;11;68;31;55;2;6;3.7;71;71.2;68.5
7477;Totaal personen;Zuid-Holland Centraal (AM);2008;249;180;174;152;21;0;11;75;32;55;0;6;3.3;69;72.3;70.0
7478;Totaal personen;Zuid-Holland Centraal (AM);2009;252;182;175;152;23;0;11;75;31;57;1;7;3.9;69;72.4;69.6
7479;Totaal personen;Zuid-Holland Centraal (AM);2010;254;182;174;150;24;0;11;71;32;59;1;8;4.5;72;71.6;68.3
7480;Totaal personen;Zuid-Holland Centraal (AM);2011;256;183;175;150;24;0;11;68;34;61;2;9;4.7;72;71.7;68.3
7481;Totaal personen;Zuid-Holland Centraal (AM);2012;258;186;176;151;25;0;11;68;33;62;2;10;5.6;72;72.0;68.0
7482;Totaal personen;Zuid-Holland Centraal (AM);2013;261;186;173;148;25;0;12;65;31;62;3;13;6.8;75;71.2;66.3
7483;Totaal personen;Zuid-Holland Centraal (AM);2014;262;188;175;148;27;0;12;67;31;63;2;13;6.9;75;71.5;66.6
7484;Totaal personen;Zuid-Holland Centraal (AM);2015;263;187;175;147;28;0;13;65;30;66;1;12;6.5;76;71.2;66.6
7485;Totaal personen;Zuid-Holland Centraal (AM);2016;265;188;177;150;27;0;13;67;31;65;2;11;5.8;77;71.1;66.9
7486;Totaal personen;Zuid-Holland Centraal (AM);2017;267;191;182;153;28;0;14;69;31;65;3;9;4.6;77;71.3;68.0
7487;Totaal personen;Zuid-Holland Centraal (AM);2018;268;192;185;157;28;0;14;68;33;68;2;7;3.5;76;71.5;69.0
7488;Totaal personen;Gorinchem (AM);2003;90;62;59;51;8;0;5;30;11;12;1;2;3.9;28;68.5;65.9
7489;Totaal personen;Gorinchem (AM);2004;90;62;59;51;8;0;5;32;10;10;1;3;4.6;28;68.5;65.3
7490;Totaal personen;Gorinchem (AM);2005;90;62;59;51;8;0;6;31;11;11;1;3;4.7;28;69.1;65.9
7491;Totaal personen;Gorinchem (AM);2006;90;62;60;51;9;0;6;30;10;12;1;2;4.0;28;69.2;66.5
7492;Totaal personen;Gorinchem (AM);2007;90;63;61;52;9;0;6;31;11;12;2;2;3.3;26;70.5;68.2
7493;Totaal personen;Gorinchem (AM);2008;90;64;62;53;9;0;5;32;11;13;1;2;3.1;26;71.1;68.9
7494;Totaal personen;Gorinchem (AM);2009;90;65;62;53;10;0;5;31;11;14;1;2;3.5;25;71.8;69.3
7495;Totaal personen;Gorinchem (AM);2010;90;64;62;51;10;0;5;30;11;14;1;3;4.1;26;71.4;68.4
7496;Totaal personen;Gorinchem (AM);2011;90;64;62;51;10;0;5;29;11;15;1;3;4.1;26;71.1;68.2
7497;Totaal personen;Gorinchem (AM);2012;91;65;62;52;10;0;5;29;11;16;1;3;4.8;26;71.3;67.9
7498;Totaal personen;Gorinchem (AM);2013;92;65;61;51;10;0;5;30;10;15;1;4;5.9;27;71.1;66.9
7499;Totaal personen;Gorinchem (AM);2014;92;65;61;51;10;0;5;30;10;16;1;4;6.1;27;70.7;66.4
7500;Totaal personen;Gorinchem (AM);2015;92;65;61;51;10;0;6;30;10;15;1;4;5.5;27;70.7;66.8
7501;Totaal personen;Gorinchem (AM);2016;92;66;62;52;11;0;6;31;10;14;1;3;4.8;27;70.8;67.4
7502;Totaal personen;Gorinchem (AM);2017;93;67;64;53;11;0;6;31;11;16;1;3;3.9;27;71.5;68.7
7503;Totaal personen;Gorinchem (AM);2018;94;67;65;55;10;0;6;31;11;16;1;2;3.3;27;71.6;69.3
7504;Totaal personen;Regio Zwolle (AM);2003;353;241;231;200;31;0;23;116;40;51;2;10;4.1;111;68.4;65.6
7505;Totaal personen;Regio Zwolle (AM);2004;353;244;231;200;31;0;21;120;40;50;1;12;5.0;109;69.0;65.5
7506;Totaal personen;Regio Zwolle (AM);2005;354;245;232;201;31;0;21;120;39;51;1;13;5.2;109;69.1;65.5
7507;Totaal personen;Regio Zwolle (AM);2006;356;248;237;205;32;0;22;120;40;52;3;11;4.4;108;69.6;66.5
7508;Totaal personen;Regio Zwolle (AM);2007;358;256;247;212;35;0;23;122;43;56;3;9;3.6;102;71.5;68.9
7509;Totaal personen;Regio Zwolle (AM);2008;361;262;254;217;37;0;22;128;44;59;2;8;3.2;98;72.7;70.4
7510;Totaal personen;Regio Zwolle (AM);2009;362;262;252;214;38;0;21;126;44;59;3;10;3.9;100;72.5;69.6
7511;Totaal personen;Regio Zwolle (AM);2010;364;263;251;216;35;0;21;120;44;63;3;11;4.3;101;72.2;69.1
7512;Totaal personen;Regio Zwolle (AM);2011;364;263;251;214;37;0;21;119;44;63;3;11;4.3;102;72.1;69.0
7513;Totaal personen;Regio Zwolle (AM);2012;366;265;252;213;39;0;23;119;45;61;4;13;5.0;101;72.4;68.8
7514;Totaal personen;Regio Zwolle (AM);2013;369;268;251;212;38;0;26;114;41;67;3;17;6.4;101;72.6;67.9
7515;Totaal personen;Regio Zwolle (AM);2014;369;265;249;209;39;0;25;116;40;64;3;17;6.3;104;71.8;67.3
7516;Totaal personen;Regio Zwolle (AM);2015;370;267;251;211;40;0;24;118;40;65;4;16;6.0;104;72.0;67.7
7517;Totaal personen;Regio Zwolle (AM);2016;373;268;253;213;41;0;22;117;43;67;5;15;5.6;105;71.9;67.9
7518;Totaal personen;Regio Zwolle (AM);2017;377;273;261;217;44;0;24;119;44;68;6;12;4.3;104;72.4;69.3
7519;Totaal personen;Regio Zwolle (AM);2018;380;277;268;227;41;0;23;122;47;71;5;9;3.3;103;73.0;70.5
7520;Totaal personen;Zuid-Kennemerland en IJmond (AM);2003;263;178;171;148;23;0;12;75;32;50;2;7;4.1;85;67.8;65.0
7521;Totaal personen;Zuid-Kennemerland en IJmond (AM);2004;263;179;170;146;24;0;11;80;32;46;1;9;4.9;84;68.0;64.6
7522;Totaal personen;Zuid-Kennemerland en IJmond (AM);2005;263;179;170;146;24;0;12;78;32;47;1;9;5.2;84;68.2;64.6
7523;Totaal personen;Zuid-Kennemerland en IJmond (AM);2006;264;181;173;149;24;0;13;81;32;45;2;8;4.4;82;68.8;65.7
7524;Totaal personen;Zuid-Kennemerland en IJmond (AM);2007;265;186;179;155;24;0;15;81;33;50;1;7;3.6;79;70.3;67.8
7525;Totaal personen;Zuid-Kennemerland en IJmond (AM);2008;266;189;183;157;25;0;14;83;34;51;2;6;3.2;77;70.9;68.6
7526;Totaal personen;Zuid-Kennemerland en IJmond (AM);2009;268;191;184;158;25;0;14;82;35;51;3;7;3.8;77;71.3;68.5
7527;Totaal personen;Zuid-Kennemerland en IJmond (AM);2010;269;191;182;157;26;0;13;78;35;53;4;8;4.4;79;70.7;67.6
7528;Totaal personen;Zuid-Kennemerland en IJmond (AM);2011;271;191;182;154;28;0;12;77;34;57;3;9;4.5;80;70.5;67.3
7529;Totaal personen;Zuid-Kennemerland en IJmond (AM);2012;273;194;184;156;28;0;15;77;34;55;2;10;5.0;79;71.0;67.5
7530;Totaal personen;Zuid-Kennemerland en IJmond (AM);2013;275;197;184;154;30;0;15;74;32;59;3;13;6.5;78;71.5;66.8
7531;Totaal personen;Zuid-Kennemerland en IJmond (AM);2014;277;197;184;152;32;0;13;72;31;65;2;13;6.5;80;71.0;66.4
7532;Totaal personen;Zuid-Kennemerland en IJmond (AM);2015;278;199;187;153;34;0;14;75;31;64;1;12;6.1;79;71.6;67.2
7533;Totaal personen;Zuid-Kennemerland en IJmond (AM);2016;280;200;190;157;33;0;14;78;34;62;2;11;5.3;79;71.6;67.8
7534;Totaal personen;Zuid-Kennemerland en IJmond (AM);2017;282;203;194;160;34;0;16;77;33;65;2;9;4.5;79;72.0;68.7
7535;Totaal personen;Zuid-Kennemerland en IJmond (AM);2018;283;204;197;162;35;0;15;78;34;67;2;7;3.5;79;72.1;69.6
7536;Totaal personen;FoodValley (AM);2003;228;155;148;127;22;0;14;68;26;39;2;7;4.2;74;67.8;64.9
7537;Totaal personen;FoodValley (AM);2004;229;156;148;128;21;0;13;70;25;40;0;8;4.9;73;68.0;64.6
7538;Totaal personen;FoodValley (AM);2005;230;156;148;128;20;0;13;73;25;37;1;8;5.2;74;67.8;64.3
7539;Totaal personen;FoodValley (AM);2006;232;159;152;128;24;0;13;73;25;40;1;7;4.3;73;68.7;65.7
7540;Totaal personen;FoodValley (AM);2007;233;163;157;132;25;0;14;75;26;42;1;6;3.7;70;69.9;67.3
7541;Totaal personen;FoodValley (AM);2008;235;166;161;134;26;0;14;75;29;42;1;6;3.4;68;70.9;68.5
7542;Totaal personen;FoodValley (AM);2009;235;166;160;134;26;0;14;75;28;41;1;6;3.7;69;70.7;68.0
7543;Totaal personen;FoodValley (AM);2010;236;167;160;134;25;0;14;74;27;44;1;7;4.4;69;70.7;67.6
7544;Totaal personen;FoodValley (AM);2011;237;166;159;134;25;0;13;71;29;45;1;7;4.3;70;70.3;67.3
7545;Totaal personen;FoodValley (AM);2012;239;169;161;136;25;0;14;72;28;46;1;8;5.0;70;70.8;67.3
7546;Totaal personen;FoodValley (AM);2013;242;173;162;136;26;0;15;70;27;47;2;11;6.4;69;71.4;66.8
7547;Totaal personen;FoodValley (AM);2014;242;172;161;134;27;0;15;70;25;49;2;11;6.6;70;71.0;66.3
7548;Totaal personen;FoodValley (AM);2015;244;173;162;135;27;0;15;71;26;49;1;11;6.1;71;70.8;66.5
7549;Totaal personen;FoodValley (AM);2016;246;173;164;136;28;0;16;71;27;48;2;9;5.5;72;70.6;66.7
7550;Totaal personen;FoodValley (AM);2017;249;177;169;140;29;0;15;73;27;51;2;8;4.3;72;70.9;67.9
7551;Totaal personen;FoodValley (AM);2018;251;180;174;144;30;0;16;73;29;55;1;6;3.4;72;71.5;69.1
7552;Geslacht: mannen;Nederland;2003;6080;4595;4399;3732;667;0;340;1995;758;1239;68;196;4.3;1485;75.6;72.4
7553;Geslacht: mannen;Nederland;2004;6096;4593;4360;3695;665;0;324;2027;757;1213;39;233;5.1;1503;75.3;71.5
7554;Geslacht: mannen;Nederland;2005;6109;4608;4375;3683;691;0;341;2048;753;1197;36;233;5.0;1501;75.4;71.6
7555;Geslacht: mannen;Nederland;2006;6122;4609;4421;3705;716;0;371;2042;745;1203;59;188;4.1;1513;75.3;72.2
7556;Geslacht: mannen;Nederland;2007;6138;4674;4520;3762;757;0;373;2052;772;1257;65;154;3.3;1464;76.1;73.6
7557;Geslacht: mannen;Nederland;2008;6168;4740;4599;3820;779;0;369;2042;803;1326;60;141;3.0;1427;76.9;74.6
7558;Geslacht: mannen;Nederland;2009;6193;4754;4569;3775;794;0;359;2009;805;1331;66;184;3.9;1440;76.8;73.8
7559;Geslacht: mannen;Nederland;2010;6209;4705;4492;3681;811;0;355;1935;785;1348;68;213;4.5;1505;75.8;72.3
7560;Geslacht: mannen;Nederland;2011;6227;4682;4466;3657;809;0;354;1910;789;1344;70;216;4.6;1545;75.2;71.7
7561;Geslacht: mannen;Nederland;2012;6275;4749;4488;3663;825;0;370;1919;795;1341;63;260;5.5;1526;75.7;71.5
7562;Geslacht: mannen;Nederland;2013;6328;4790;4444;3590;854;0;394;1847;705;1413;86;346;7.2;1538;75.7;70.2
7563;Geslacht: mannen;Nederland;2014;6336;4785;4442;3564;878;0;390;1875;678;1425;74;343;7.2;1551;75.5;70.1
7564;Geslacht: mannen;Nederland;2015;6341;4778;4465;3589;876;0;387;1916;664;1433;65;313;6.5;1563;75.3;70.4
7565;Geslacht: mannen;Nederland;2016;6382;4783;4515;3625;890;0;392;1919;691;1448;66;268;5.6;1599;74.9;70.8
7566;Geslacht: mannen;Nederland;2017;6432;4814;4597;3697;900;0;408;1957;693;1449;91;216;4.5;1619;74.8;71.5
7567;Geslacht: mannen;Nederland;2018;6464;4868;4686;3770;917;0;421;1965;735;1491;75;182;3.7;1596;75.3;72.5
7568;Geslacht: mannen;Noord-Nederland (LD);2003;639;471;448;375;73;0;37;224;75;103;9;23;4.8;168;73.7;70.2
7569;Geslacht: mannen;Noord-Nederland (LD);2004;639;471;443;369;74;0;34;227;75;102;5;28;6.0;168;73.7;69.3
7570;Geslacht: mannen;Noord-Nederland (LD);2005;640;470;441;366;75;0;35;228;73;100;6;28;6.1;170;73.4;69.0
7571;Geslacht: mannen;Noord-Nederland (LD);2006;639;466;443;365;78;0;35;232;72;98;6;22;4.8;174;72.8;69.3
7572;Geslacht: mannen;Noord-Nederland (LD);2007;641;475;457;376;81;0;38;234;76;101;8;18;3.7;166;74.1;71.4
7573;Geslacht: mannen;Noord-Nederland (LD);2008;643;481;465;382;83;0;38;233;79;107;8;16;3.3;162;74.8;72.3
7574;Geslacht: mannen;Noord-Nederland (LD);2009;643;479;458;374;84;0;37;225;79;109;8;21;4.4;164;74.6;71.3
7575;Geslacht: mannen;Noord-Nederland (LD);2010;645;476;452;367;85;0;38;209;78;117;9;24;4.9;169;73.7;70.1
7576;Geslacht: mannen;Noord-Nederland (LD);2011;645;473;449;365;84;0;40;204;77;118;10;24;5.1;172;73.4;69.6
7577;Geslacht: mannen;Noord-Nederland (LD);2012;648;475;446;360;85;0;38;211;78;107;10;29;6.2;173;73.3;68.8
7578;Geslacht: mannen;Noord-Nederland (LD);2013;651;480;442;354;88;0;39;211;71;111;11;38;7.9;171;73.7;67.9
7579;Geslacht: mannen;Noord-Nederland (LD);2014;650;477;439;351;88;0;39;208;69;111;12;38;8.0;173;73.4;67.5
7580;Geslacht: mannen;Noord-Nederland (LD);2015;649;479;442;353;89;0;40;216;65;110;11;37;7.7;170;73.8;68.1
7581;Geslacht: mannen;Noord-Nederland (LD);2016;650;473;443;350;93;0;41;210;69;110;11;30;6.4;177;72.8;68.1
7582;Geslacht: mannen;Noord-Nederland (LD);2017;653;475;450;360;91;0;41;216;70;108;15;24;5.1;178;72.7;69.0
7583;Geslacht: mannen;Noord-Nederland (LD);2018;652;474;454;362;92;0;40;217;71;119;7;20;4.3;178;72.7;69.6
7584;Geslacht: mannen;Oost-Nederland (LD);2003;1273;974;936;798;138;0;73;451;156;247;10;38;3.9;298;76.6;73.6
7585;Geslacht: mannen;Oost-Nederland (LD);2004;1277;972;926;793;132;0;69;459;155;236;6;47;4.8;305;76.1;72.5
7586;Geslacht: mannen;Oost-Nederland (LD);2005;1282;975;928;791;136;0;74;459;154;235;6;47;4.9;306;76.1;72.4
7587;Geslacht: mannen;Oost-Nederland (LD);2006;1286;978;941;793;147;0;79;459;155;236;11;38;3.9;308;76.1;73.1
7588;Geslacht: mannen;Oost-Nederland (LD);2007;1291;998;966;807;159;0;81;465;163;249;10;31;3.1;294;77.3;74.8
7589;Geslacht: mannen;Oost-Nederland (LD);2008;1299;1012;983;821;162;0;80;454;171;264;13;29;2.9;287;77.9;75.7
7590;Geslacht: mannen;Oost-Nederland (LD);2009;1303;1010;973;809;163;0;78;440;171;271;13;37;3.6;293;77.5;74.7
7591;Geslacht: mannen;Oost-Nederland (LD);2010;1307;1000;956;794;162;0;79;426;168;268;15;44;4.4;307;76.5;73.1
7592;Geslacht: mannen;Oost-Nederland (LD);2011;1310;995;951;786;165;0;79;426;165;267;13;44;4.4;315;76.0;72.6
7593;Geslacht: mannen;Oost-Nederland (LD);2012;1319;1005;953;783;170;0;81;425;167;268;12;51;5.1;315;76.2;72.3
7594;Geslacht: mannen;Oost-Nederland (LD);2013;1330;1018;945;771;174;0;90;405;149;285;17;73;7.2;312;76.5;71.1
7595;Geslacht: mannen;Oost-Nederland (LD);2014;1331;1011;939;760;178;0;89;413;139;284;13;72;7.1;320;75.9;70.5
7596;Geslacht: mannen;Oost-Nederland (LD);2015;1333;1011;948;771;177;0;83;426;139;287;14;63;6.2;322;75.9;71.1
7597;Geslacht: mannen;Oost-Nederland (LD);2016;1341;1009;953;775;178;0;84;428;144;282;15;56;5.6;332;75.2;71.1
7598;Geslacht: mannen;Oost-Nederland (LD);2017;1354;1018;975;794;182;0;89;443;143;284;17;43;4.2;335;75.2;72.1
7599;Geslacht: mannen;Oost-Nederland (LD);2018;1361;1033;996;815;181;0;91;447;151;293;13;37;3.6;328;75.9;73.2
7600;Geslacht: mannen;West-Nederland (LD);2003;2814;2130;2038;1726;312;0;153;865;361;626;32;93;4.4;684;75.7;72.4
7601;Geslacht: mannen;West-Nederland (LD);2004;2826;2137;2028;1709;319;0;146;886;363;617;15;109;5.1;689;75.6;71.8
7602;Geslacht: mannen;West-Nederland (LD);2005;2833;2149;2040;1708;332;0;153;893;359;623;13;109;5.1;684;75.9;72.0
7603;Geslacht: mannen;West-Nederland (LD);2006;2842;2154;2065;1722;343;0;171;893;351;628;23;88;4.1;688;75.8;72.7
7604;Geslacht: mannen;West-Nederland (LD);2007;2851;2184;2111;1748;363;0;172;887;364;658;29;73;3.3;668;76.6;74.0
7605;Geslacht: mannen;West-Nederland (LD);2008;2867;2214;2147;1772;374;0;169;888;376;690;23;67;3.0;654;77.2;74.9
7606;Geslacht: mannen;West-Nederland (LD);2009;2887;2233;2147;1765;383;0;164;892;379;685;28;85;3.8;655;77.3;74.4
7607;Geslacht: mannen;West-Nederland (LD);2010;2895;2206;2106;1715;391;0;154;860;370;693;29;99;4.5;689;76.2;72.8
7608;Geslacht: mannen;West-Nederland (LD);2011;2910;2199;2093;1705;388;0;152;842;374;693;32;106;4.8;711;75.6;71.9
7609;Geslacht: mannen;West-Nederland (LD);2012;2938;2239;2112;1712;400;0;167;843;378;697;28;126;5.7;699;76.2;71.9
7610;Geslacht: mannen;West-Nederland (LD);2013;2966;2257;2092;1674;418;0;177;800;335;734;47;165;7.3;709;76.1;70.5
7611;Geslacht: mannen;West-Nederland (LD);2014;2976;2264;2102;1663;439;0;174;817;324;752;34;162;7.2;712;76.1;70.6
7612;Geslacht: mannen;West-Nederland (LD);2015;2982;2256;2106;1673;433;0;180;834;315;749;29;150;6.6;726;75.6;70.6
7613;Geslacht: mannen;West-Nederland (LD);2016;3007;2271;2141;1701;441;0;180;843;332;757;28;129;5.7;737;75.5;71.2
7614;Geslacht: mannen;West-Nederland (LD);2017;3034;2284;2179;1734;444;0;187;851;333;764;43;105;4.6;750;75.3;71.8
7615;Geslacht: mannen;West-Nederland (LD);2018;3055;2317;2227;1771;456;0;197;850;357;781;41;90;3.9;738;75.8;72.9
7616;Geslacht: mannen;Zuid-Nederland (LD);2003;1354;1019;977;834;143;0;77;455;166;262;18;42;4.1;335;75.3;72.2
7617;Geslacht: mannen;Zuid-Nederland (LD);2004;1354;1013;963;824;139;0;75;454;163;258;13;49;4.9;341;74.8;71.2
7618;Geslacht: mannen;Zuid-Nederland (LD);2005;1354;1013;965;817;148;0;80;468;167;240;11;48;4.7;341;74.8;71.3
7619;Geslacht: mannen;Zuid-Nederland (LD);2006;1354;1011;971;824;147;0;86;458;167;241;19;40;3.9;343;74.6;71.7
7620;Geslacht: mannen;Zuid-Nederland (LD);2007;1355;1017;985;831;154;0;82;466;169;250;18;32;3.2;337;75.1;72.7
7621;Geslacht: mannen;Zuid-Nederland (LD);2008;1359;1034;1004;844;160;0;82;466;177;265;15;30;2.9;325;76.1;73.9
7622;Geslacht: mannen;Zuid-Nederland (LD);2009;1360;1032;991;827;163;0;79;452;176;266;17;41;4.0;328;75.9;72.8
7623;Geslacht: mannen;Zuid-Nederland (LD);2010;1362;1022;977;804;172;0;85;439;169;270;14;45;4.4;339;75.1;71.7
7624;Geslacht: mannen;Zuid-Nederland (LD);2011;1362;1015;973;802;172;0;84;437;172;266;14;42;4.1;347;74.5;71.5
7625;Geslacht: mannen;Zuid-Nederland (LD);2012;1370;1030;977;807;170;0;83;439;172;270;12;53;5.1;340;75.2;71.3
7626;Geslacht: mannen;Zuid-Nederland (LD);2013;1380;1034;965;792;173;0;88;432;150;283;12;70;6.7;345;75.0;69.9
7627;Geslacht: mannen;Zuid-Nederland (LD);2014;1380;1034;963;790;173;0;88;437;146;277;15;71;6.8;346;74.9;69.8
7628;Geslacht: mannen;Zuid-Nederland (LD);2015;1378;1033;969;792;177;0;85;440;145;287;12;63;6.1;345;74.9;70.3
7629;Geslacht: mannen;Zuid-Nederland (LD);2016;1384;1030;978;800;178;0;85;436;146;299;11;52;5.1;353;74.5;70.7
7630;Geslacht: mannen;Zuid-Nederland (LD);2017;1392;1036;993;809;184;0;90;446;147;293;17;44;4.2;355;74.5;71.3
7631;Geslacht: mannen;Zuid-Nederland (LD);2018;1396;1043;1010;822;187;0;93;450;155;297;14;34;3.2;352;74.8;72.3
7632;Geslacht: mannen;Groningen (PV);2003;220;160;151;128;23;0;14;70;25;38;5;9;5.6;59;73.0;68.9
7633;Geslacht: mannen;Groningen (PV);2004;220;161;150;126;24;0;13;72;25;38;3;11;6.7;59;73.1;68.2
7634;Geslacht: mannen;Groningen (PV);2005;220;160;149;125;24;0;12;73;24;38;2;11;6.9;60;72.8;67.7
7635;Geslacht: mannen;Groningen (PV);2006;220;158;149;125;24;0;13;73;24;36;3;9;5.4;63;71.6;67.7
7636;Geslacht: mannen;Groningen (PV);2007;220;161;154;129;25;0;14;72;26;38;4;7;4.4;59;73.2;70.0
7637;Geslacht: mannen;Groningen (PV);2008;221;163;157;130;26;0;13;72;27;41;4;6;3.8;58;73.8;70.9
7638;Geslacht: mannen;Groningen (PV);2009;221;161;153;129;24;0;13;71;27;40;3;8;4.9;60;72.8;69.3
7639;Geslacht: mannen;Groningen (PV);2010;222;162;153;126;28;0;13;63;27;46;4;9;5.4;60;73.0;69.0
7640;Geslacht: mannen;Groningen (PV);2011;223;163;154;126;28;0;12;66;26;44;5;9;5.8;59;73.3;69.1
7641;Geslacht: mannen;Groningen (PV);2012;224;161;151;124;27;0;12;67;27;41;4;10;6.4;63;71.9;67.3
7642;Geslacht: mannen;Groningen (PV);2013;226;163;150;123;27;0;13;69;24;40;3;14;8.4;62;72.3;66.3
7643;Geslacht: mannen;Groningen (PV);2014;226;161;147;119;28;0;12;67;23;40;4;14;8.9;64;71.5;65.1
7644;Geslacht: mannen;Groningen (PV);2015;226;164;150;122;28;0;14;68;22;42;4;15;8.9;62;72.7;66.2
7645;Geslacht: mannen;Groningen (PV);2016;226;162;150;120;30;0;13;67;24;42;4;12;7.5;64;71.7;66.3
7646;Geslacht: mannen;Groningen (PV);2017;227;163;153;124;29;0;14;68;24;42;5;10;6.1;64;71.7;67.3
7647;Geslacht: mannen;Groningen (PV);2018;227;161;153;124;29;0;13;67;24;45;3;8;5.1;66;71.0;67.3
7648;Geslacht: mannen;Friesland (PV);2003;241;178;170;140;30;0;13;90;28;37;2;8;4.5;63;73.9;70.6
7649;Geslacht: mannen;Friesland (PV);2004;241;178;168;137;31;0;12;91;28;36;1;10;5.5;63;73.9;69.8
7650;Geslacht: mannen;Friesland (PV);2005;241;178;168;137;31;0;12;93;28;34;2;10;5.4;63;73.9;69.9
7651;Geslacht: mannen;Friesland (PV);2006;241;177;169;137;33;0;12;95;27;34;1;8;4.4;63;73.7;70.4
7652;Geslacht: mannen;Friesland (PV);2007;241;180;174;140;34;0;14;99;28;33;1;6;3.4;61;74.9;72.3
7653;Geslacht: mannen;Friesland (PV);2008;242;182;177;143;34;0;14;97;29;37;1;6;3.1;59;75.4;73.1
7654;Geslacht: mannen;Friesland (PV);2009;242;183;176;139;37;0;14;93;29;39;1;7;4.0;59;75.8;72.7
7655;Geslacht: mannen;Friesland (PV);2010;243;181;172;136;36;0;15;87;28;40;2;9;4.7;62;74.3;70.8
7656;Geslacht: mannen;Friesland (PV);2011;242;179;170;135;35;0;16;83;29;41;2;9;4.8;63;73.8;70.2
7657;Geslacht: mannen;Friesland (PV);2012;243;180;168;133;36;0;15;84;29;37;4;11;6.3;63;74.0;69.3
7658;Geslacht: mannen;Friesland (PV);2013;244;182;167;131;37;0;14;84;27;40;3;14;7.9;62;74.5;68.6
7659;Geslacht: mannen;Friesland (PV);2014;244;182;168;131;37;0;14;86;26;37;4;14;7.9;62;74.7;68.8
7660;Geslacht: mannen;Friesland (PV);2015;243;181;168;131;37;0;14;88;25;37;4;13;7.3;61;74.7;69.3
7661;Geslacht: mannen;Friesland (PV);2016;243;180;169;131;38;0;16;86;26;37;4;11;6.3;63;74.0;69.4
7662;Geslacht: mannen;Friesland (PV);2017;244;178;170;135;35;0;15;88;26;37;4;9;4.8;66;73.1;69.6
7663;Geslacht: mannen;Friesland (PV);2018;244;181;174;136;39;0;15;88;26;43;1;7;4.0;62;74.4;71.4
7664;Geslacht: mannen;Drenthe (PV);2003;178;132;127;106;20;0;10;64;22;28;2;6;4.4;46;74.3;71.1
7665;Geslacht: mannen;Drenthe (PV);2004;178;132;125;105;20;0;10;64;22;28;1;7;5.6;46;74.2;70.1
7666;Geslacht: mannen;Drenthe (PV);2005;178;131;124;104;20;0;10;62;21;28;2;8;5.9;47;73.7;69.3
7667;Geslacht: mannen;Drenthe (PV);2006;179;131;125;104;21;0;10;64;21;28;2;6;4.4;48;73.2;70.0
7668;Geslacht: mannen;Drenthe (PV);2007;179;133;129;107;22;0;11;63;22;30;3;4;3.4;46;74.3;71.8
7669;Geslacht: mannen;Drenthe (PV);2008;180;136;131;109;23;0;11;65;23;30;3;4;3.0;44;75.3;73.0
7670;Geslacht: mannen;Drenthe (PV);2009;180;135;129;106;23;0;10;61;24;30;4;6;4.4;45;75.1;71.7
7671;Geslacht: mannen;Drenthe (PV);2010;181;133;127;105;22;0;11;59;23;31;3;6;4.7;47;73.9;70.4
7672;Geslacht: mannen;Drenthe (PV);2011;180;131;125;104;21;0;12;56;22;33;3;6;4.6;49;72.8;69.4
7673;Geslacht: mannen;Drenthe (PV);2012;181;134;126;104;23;0;11;61;22;29;3;8;5.8;47;74.3;70.0
7674;Geslacht: mannen;Drenthe (PV);2013;181;135;125;100;25;0;12;57;20;31;5;10;7.2;47;74.3;68.9
7675;Geslacht: mannen;Drenthe (PV);2014;181;134;124;100;24;0;12;55;20;33;4;10;7.2;47;74.1;68.7
7676;Geslacht: mannen;Drenthe (PV);2015;180;133;124;100;24;0;11;60;19;31;4;9;6.9;47;73.9;68.8
7677;Geslacht: mannen;Drenthe (PV);2016;181;131;124;99;25;0;12;57;20;31;3;7;5.1;50;72.4;68.7
7678;Geslacht: mannen;Drenthe (PV);2017;182;134;128;102;26;0;12;60;21;29;6;6;4.4;48;73.5;70.2
7679;Geslacht: mannen;Drenthe (PV);2018;182;132;127;103;24;0;11;61;21;31;3;5;3.8;50;72.7;69.9
7680;Geslacht: mannen;Overijssel (PV);2003;415;315;302;258;44;0;26;153;49;70;4;12;4.0;100;75.9;72.9
7681;Geslacht: mannen;Overijssel (PV);2004;416;314;299;257;42;0;23;154;50;69;2;15;4.9;101;75.6;72.0
7682;Geslacht: mannen;Overijssel (PV);2005;417;316;300;258;42;0;24;152;51;70;2;16;5.0;101;75.8;72.0
7683;Geslacht: mannen;Overijssel (PV);2006;418;316;303;258;45;0;25;153;50;70;5;13;4.2;102;75.7;72.5
7684;Geslacht: mannen;Overijssel (PV);2007;419;323;313;263;49;0;28;153;54;72;6;10;3.2;96;77.1;74.6
7685;Geslacht: mannen;Overijssel (PV);2008;421;329;320;270;50;0;28;155;55;80;3;9;2.8;92;78.2;76.0
7686;Geslacht: mannen;Overijssel (PV);2009;422;328;315;267;48;0;25;150;55;81;4;13;3.9;94;77.7;74.7
7687;Geslacht: mannen;Overijssel (PV);2010;423;324;310;260;49;0;25;144;54;82;4;15;4.6;98;76.7;73.2
7688;Geslacht: mannen;Overijssel (PV);2011;423;322;308;257;51;0;24;145;54;81;4;14;4.5;101;76.1;72.7
7689;Geslacht: mannen;Overijssel (PV);2012;426;323;307;253;54;0;26;141;55;78;6;17;5.2;102;76.0;72.1
7690;Geslacht: mannen;Overijssel (PV);2013;428;328;305;251;54;0;30;135;47;87;5;23;7.1;100;76.7;71.2
7691;Geslacht: mannen;Overijssel (PV);2014;428;326;303;247;55;0;30;141;44;84;4;23;7.1;102;76.2;70.8
7692;Geslacht: mannen;Overijssel (PV);2015;427;325;304;250;54;0;27;144;44;87;3;21;6.4;102;76.1;71.2
7693;Geslacht: mannen;Overijssel (PV);2016;430;322;304;252;53;0;27;141;46;85;5;18;5.7;107;75.0;70.8
7694;Geslacht: mannen;Overijssel (PV);2017;433;326;312;256;56;0;29;148;45;84;6;14;4.3;106;75.4;72.1
7695;Geslacht: mannen;Overijssel (PV);2018;434;331;319;264;54;0;27;153;48;87;4;12;3.6;104;76.1;73.4
7696;Geslacht: mannen;Flevoland (PV);2003;130;103;98;85;13;0;8;44;17;28;1;4;4.2;27;79.1;75.8
7697;Geslacht: mannen;Flevoland (PV);2004;132;104;99;85;14;0;8;47;16;27;0;5;5.2;28;78.7;74.7
7698;Geslacht: mannen;Flevoland (PV);2005;134;106;100;86;14;0;8;48;18;26;1;6;5.4;28;78.9;74.6
7699;Geslacht: mannen;Flevoland (PV);2006;136;107;102;87;15;0;8;48;17;27;1;5;4.4;29;78.4;75.0
7700;Geslacht: mannen;Flevoland (PV);2007;138;110;106;90;16;0;9;52;18;28;0;4;3.3;28;79.5;76.9
7701;Geslacht: mannen;Flevoland (PV);2008;140;113;109;93;16;0;9;50;20;29;2;4;3.2;28;80.3;77.7
7702;Geslacht: mannen;Flevoland (PV);2009;143;114;109;92;17;0;9;50;20;28;3;5;4.4;29;80.0;76.4
7703;Geslacht: mannen;Flevoland (PV);2010;143;112;106;89;17;0;8;45;20;31;2;6;5.3;32;77.9;73.8
7704;Geslacht: mannen;Flevoland (PV);2011;145;112;106;88;18;0;10;45;19;29;2;6;5.1;33;77.0;73.0
7705;Geslacht: mannen;Flevoland (PV);2012;147;114;106;89;18;0;9;48;19;29;1;8;6.7;33;77.5;72.3
7706;Geslacht: mannen;Flevoland (PV);2013;149;116;106;88;18;0;10;45;17;31;2;10;8.5;34;77.4;70.8
7707;Geslacht: mannen;Flevoland (PV);2014;149;114;104;88;17;0;10;46;16;30;2;10;8.7;35;76.4;69.7
7708;Geslacht: mannen;Flevoland (PV);2015;150;116;108;89;19;0;11;46;16;32;3;8;7.0;34;77.1;71.7
7709;Geslacht: mannen;Flevoland (PV);2016;151;117;109;89;20;0;10;51;17;29;3;8;6.7;34;77.3;72.1
7710;Geslacht: mannen;Flevoland (PV);2017;153;117;111;92;19;0;10;52;17;31;2;6;5.1;36;76.5;72.6
7711;Geslacht: mannen;Flevoland (PV);2018;154;119;115;95;20;0;12;52;18;31;2;5;3.8;35;77.3;74.4
7712;Geslacht: mannen;Gelderland (PV);2003;729;557;536;455;81;0;40;253;90;148;5;21;3.8;171;76.5;73.6
7713;Geslacht: mannen;Gelderland (PV);2004;729;554;528;451;77;0;38;258;89;140;4;26;4.7;175;75.9;72.4
7714;Geslacht: mannen;Gelderland (PV);2005;731;553;527;447;80;0;41;259;85;139;3;26;4.7;177;75.7;72.2
7715;Geslacht: mannen;Gelderland (PV);2006;732;555;535;448;88;0;45;258;88;139;5;20;3.6;177;75.9;73.1
7716;Geslacht: mannen;Gelderland (PV);2007;734;565;548;454;94;0;44;260;92;149;3;17;3.0;169;76.9;74.6
7717;Geslacht: mannen;Gelderland (PV);2008;737;570;554;458;96;0;44;249;97;155;8;16;2.9;167;77.3;75.1
7718;Geslacht: mannen;Gelderland (PV);2009;739;568;549;450;99;0;44;240;96;162;7;19;3.3;171;76.9;74.3
7719;Geslacht: mannen;Gelderland (PV);2010;741;564;541;445;96;0;45;237;95;155;9;24;4.2;177;76.1;73.0
7720;Geslacht: mannen;Gelderland (PV);2011;742;561;537;441;96;0;44;236;93;157;7;24;4.3;181;75.7;72.4
7721;Geslacht: mannen;Gelderland (PV);2012;747;568;541;442;99;0;47;236;92;160;5;27;4.8;179;76.0;72.4
7722;Geslacht: mannen;Gelderland (PV);2013;753;574;535;432;103;0;50;224;84;167;9;40;6.9;179;76.3;71.0
7723;Geslacht: mannen;Gelderland (PV);2014;754;571;532;425;106;0;49;227;79;170;7;39;6.8;183;75.7;70.5
7724;Geslacht: mannen;Gelderland (PV);2015;755;570;536;432;104;0;45;236;79;168;8;34;6.0;185;75.5;70.9
7725;Geslacht: mannen;Gelderland (PV);2016;760;570;540;434;106;0;48;237;80;168;7;30;5.2;190;75.0;71.0
7726;Geslacht: mannen;Gelderland (PV);2017;768;575;552;446;107;0;51;242;81;169;10;23;4.0;193;74.9;71.9
7727;Geslacht: mannen;Gelderland (PV);2018;772;583;562;455;107;0;53;242;85;175;7;21;3.6;189;75.5;72.8
7728;Geslacht: mannen;Utrecht (PV);2003;424;331;317;271;46;0;23;114;54;125;1;13;4.0;94;77.9;74.8
7729;Geslacht: mannen;Utrecht (PV);2004;428;333;318;270;48;0;25;121;53;119;0;15;4.6;95;77.9;74.3
7730;Geslacht: mannen;Utrecht (PV);2005;431;334;319;269;50;0;24;124;52;119;1;15;4.5;97;77.6;74.0
7731;Geslacht: mannen;Utrecht (PV);2006;434;337;324;272;52;0;26;126;54;118;1;13;3.8;97;77.6;74.7
7732;Geslacht: mannen;Utrecht (PV);2007;439;345;335;278;57;0;27;124;56;126;1;10;3.0;94;78.6;76.2
7733;Geslacht: mannen;Utrecht (PV);2008;443;351;342;284;58;0;26;123;58;135;0;9;2.6;92;79.3;77.2
7734;Geslacht: mannen;Utrecht (PV);2009;446;355;344;280;64;0;25;129;60;130;0;11;3.2;90;79.8;77.2
7735;Geslacht: mannen;Utrecht (PV);2010;447;349;336;277;59;0;24;121;58;128;5;14;4.0;97;78.2;75.1
7736;Geslacht: mannen;Utrecht (PV);2011;449;348;333;274;60;0;22;116;58;134;2;14;4.1;101;77.4;74.3
7737;Geslacht: mannen;Utrecht (PV);2012;454;356;339;273;66;0;26;120;58;135;1;17;4.8;98;78.3;74.6
7738;Geslacht: mannen;Utrecht (PV);2013;459;360;336;268;69;0;28;113;51;140;5;23;6.5;100;78.3;73.2
7739;Geslacht: mannen;Utrecht (PV);2014;462;360;337;268;69;0;26;113;51;144;3;23;6.4;102;77.9;72.9
7740;Geslacht: mannen;Utrecht (PV);2015;464;359;337;268;69;0;28;115;48;146;1;22;6.1;105;77.4;72.6
7741;Geslacht: mannen;Utrecht (PV);2016;468;361;343;274;70;0;28;120;51;143;1;18;5.0;107;77.2;73.3
7742;Geslacht: mannen;Utrecht (PV);2017;474;364;350;280;70;0;28;118;51;148;5;14;3.8;110;76.7;73.8
7743;Geslacht: mannen;Utrecht (PV);2018;478;373;360;289;71;0;26;119;56;156;3;13;3.4;106;77.9;75.3
7744;Geslacht: mannen;Noord-Holland (PV);2003;967;722;690;578;112;0;52;289;127;207;15;32;4.5;244;74.7;71.4
7745;Geslacht: mannen;Noord-Holland (PV);2004;971;730;692;570;122;0;48;304;123;213;4;38;5.2;241;75.2;71.3
7746;Geslacht: mannen;Noord-Holland (PV);2005;974;736;699;570;129;0;52;310;123;211;2;37;5.0;238;75.5;71.7
7747;Geslacht: mannen;Noord-Holland (PV);2006;977;742;712;577;135;0;60;306;125;212;8;30;4.0;235;75.9;72.8
7748;Geslacht: mannen;Noord-Holland (PV);2007;981;749;724;584;140;0;61;305;124;227;8;25;3.3;233;76.3;73.8
7749;Geslacht: mannen;Noord-Holland (PV);2008;989;765;741;596;145;0;57;306;132;239;8;23;3.1;225;77.3;74.9
7750;Geslacht: mannen;Noord-Holland (PV);2009;996;768;738;592;146;0;57;303;132;233;12;30;3.9;228;77.1;74.1
7751;Geslacht: mannen;Noord-Holland (PV);2010;999;760;727;582;146;0;52;294;133;238;10;33;4.4;239;76.1;72.8
7752;Geslacht: mannen;Noord-Holland (PV);2011;1005;757;721;575;146;0;50;295;129;236;10;36;4.8;248;75.3;71.7
7753;Geslacht: mannen;Noord-Holland (PV);2012;1016;772;730;577;153;0;59;292;129;244;7;42;5.4;244;76.0;71.9
7754;Geslacht: mannen;Noord-Holland (PV);2013;1028;783;726;565;161;0;60;273;119;258;16;57;7.2;244;76.2;70.7
7755;Geslacht: mannen;Noord-Holland (PV);2014;1033;787;733;565;168;0;63;276;112;271;10;54;6.9;246;76.2;71.0
7756;Geslacht: mannen;Noord-Holland (PV);2015;1037;785;736;569;167;0;64;294;110;262;8;49;6.2;253;75.6;71.0
7757;Geslacht: mannen;Noord-Holland (PV);2016;1048;797;755;581;173;0;63;289;117;275;10;43;5.3;250;76.1;72.1
7758;Geslacht: mannen;Noord-Holland (PV);2017;1058;798;761;592;169;0;66;294;113;275;14;37;4.6;260;75.4;72.0
7759;Geslacht: mannen;Noord-Holland (PV);2018;1065;806;774;601;173;0;69;289;123;276;17;32;4.0;259;75.7;72.7
7760;Geslacht: mannen;Zuid-Holland (PV);2003;1283;974;930;792;138;0;70;413;162;273;12;44;4.5;309;75.9;72.5
7761;Geslacht: mannen;Zuid-Holland (PV);2004;1287;970;918;786;133;0;66;409;169;268;8;51;5.3;317;75.4;71.4
7762;Geslacht: mannen;Zuid-Holland (PV);2005;1288;976;923;785;137;0;70;405;166;274;8;53;5.4;313;75.7;71.6
7763;Geslacht: mannen;Zuid-Holland (PV);2006;1289;970;928;788;140;0;78;409;154;277;11;42;4.3;319;75.2;72.0
7764;Geslacht: mannen;Zuid-Holland (PV);2007;1290;986;950;802;148;0;77;408;167;282;17;35;3.6;305;76.4;73.7
7765;Geslacht: mannen;Zuid-Holland (PV);2008;1293;991;960;806;155;0;79;408;168;294;12;31;3.1;302;76.6;74.2
7766;Geslacht: mannen;Zuid-Holland (PV);2009;1305;1003;962;805;156;0;75;408;168;299;12;41;4.1;302;76.9;73.7
7767;Geslacht: mannen;Zuid-Holland (PV);2010;1307;991;942;774;168;0;70;396;160;306;10;49;4.9;316;75.8;72.1
7768;Geslacht: mannen;Zuid-Holland (PV);2011;1314;990;938;774;164;0;72;383;168;300;16;52;5.2;324;75.3;71.4
7769;Geslacht: mannen;Zuid-Holland (PV);2012;1326;1006;942;779;163;0;73;381;172;298;17;64;6.3;321;75.8;71.0
7770;Geslacht: mannen;Zuid-Holland (PV);2013;1337;1008;929;759;170;0;80;366;148;311;24;80;7.9;329;75.4;69.4
7771;Geslacht: mannen;Zuid-Holland (PV);2014;1339;1011;932;749;183;0;77;379;145;315;17;79;7.8;328;75.5;69.6
7772;Geslacht: mannen;Zuid-Holland (PV);2015;1340;1006;932;755;178;0;80;376;142;317;17;74;7.3;334;75.1;69.6
7773;Geslacht: mannen;Zuid-Holland (PV);2016;1349;1005;940;763;178;0;81;380;148;316;15;65;6.4;345;74.5;69.7
7774;Geslacht: mannen;Zuid-Holland (PV);2017;1360;1018;966;780;186;0;85;387;152;320;22;52;5.1;343;74.8;71.0
7775;Geslacht: mannen;Zuid-Holland (PV);2018;1370;1032;989;799;190;0;91;391;161;326;20;43;4.1;338;75.3;72.2
7776;Geslacht: mannen;Zeeland (PV);2003;140;104;100;83;17;0;8;49;18;21;4;4;3.5;36;74.0;71.5
7777;Geslacht: mannen;Zeeland (PV);2004;140;104;99;83;16;0;7;52;19;18;4;4;4.0;36;74.0;71.0
7778;Geslacht: mannen;Zeeland (PV);2005;140;104;100;84;17;0;7;54;19;19;2;4;3.9;36;74.2;71.3
7779;Geslacht: mannen;Zeeland (PV);2006;141;104;101;84;16;0;7;52;18;21;2;4;3.4;36;74.3;71.8
7780;Geslacht: mannen;Zeeland (PV);2007;141;105;102;84;18;0;8;51;18;22;3;3;2.7;36;74.2;72.2
7781;Geslacht: mannen;Zeeland (PV);2008;141;106;103;87;16;0;8;51;19;21;4;3;2.7;35;75.0;73.0
7782;Geslacht: mannen;Zeeland (PV);2009;141;107;103;87;16;0;7;52;19;22;4;3;3.0;35;75.4;73.2
7783;Geslacht: mannen;Zeeland (PV);2010;141;105;101;83;18;0;7;50;19;22;4;4;3.4;36;74.3;71.7
7784;Geslacht: mannen;Zeeland (PV);2011;141;104;100;82;18;0;7;48;18;22;4;3;3.4;38;73.4;70.9
7785;Geslacht: mannen;Zeeland (PV);2012;141;106;101;83;18;0;8;50;19;20;4;4;3.9;36;74.6;71.7
7786;Geslacht: mannen;Zeeland (PV);2013;142;106;100;82;19;0;9;48;16;25;2;6;5.4;36;74.5;70.5
7787;Geslacht: mannen;Zeeland (PV);2014;142;106;100;81;19;0;8;48;17;23;4;6;5.4;36;74.7;70.7
7788;Geslacht: mannen;Zeeland (PV);2015;141;106;101;82;19;0;8;49;16;25;3;5;5.1;35;75.1;71.3
7789;Geslacht: mannen;Zeeland (PV);2016;142;107;103;83;20;0;8;54;16;23;2;4;3.8;35;75.4;72.5
7790;Geslacht: mannen;Zeeland (PV);2017;142;105;102;82;20;0;9;53;16;21;3;3;3.2;37;73.9;71.5
7791;Geslacht: mannen;Zeeland (PV);2018;142;107;104;82;22;0;10;51;17;23;2;3;2.7;35;75.2;73.1
7792;Geslacht: mannen;Noord-Brabant (PV);2003;917;701;674;573;101;0;53;310;113;187;11;27;3.9;216;76.5;73.5
7793;Geslacht: mannen;Noord-Brabant (PV);2004;918;696;664;567;97;0;52;310;110;185;8;32;4.6;222;75.8;72.4
7794;Geslacht: mannen;Noord-Brabant (PV);2005;919;696;667;563;103;0;55;324;111;171;6;30;4.3;223;75.7;72.5
7795;Geslacht: mannen;Noord-Brabant (PV);2006;921;698;673;569;104;0;60;315;114;173;12;25;3.6;223;75.8;73.1
7796;Geslacht: mannen;Noord-Brabant (PV);2007;923;704;684;572;112;0;56;320;116;182;10;20;2.9;219;76.3;74.1
7797;Geslacht: mannen;Noord-Brabant (PV);2008;927;716;698;583;115;0;57;319;122;191;9;18;2.6;211;77.3;75.3
7798;Geslacht: mannen;Noord-Brabant (PV);2009;929;715;689;572;117;0;56;308;123;191;11;26;3.7;213;77.0;74.2
7799;Geslacht: mannen;Noord-Brabant (PV);2010;931;711;681;556;125;0;60;304;116;194;8;30;4.2;220;76.4;73.2
7800;Geslacht: mannen;Noord-Brabant (PV);2011;932;706;678;555;124;0;57;306;119;189;7;28;4.0;226;75.8;72.8
7801;Geslacht: mannen;Noord-Brabant (PV);2012;939;718;682;559;123;0;57;306;120;192;7;36;5.0;220;76.5;72.7
7802;Geslacht: mannen;Noord-Brabant (PV);2013;947;720;673;552;122;0;60;300;104;202;7;47;6.6;226;76.1;71.1
7803;Geslacht: mannen;Noord-Brabant (PV);2014;949;722;674;550;124;0;61;306;100;199;8;48;6.7;227;76.1;71.0
7804;Geslacht: mannen;Noord-Brabant (PV);2015;950;722;678;552;126;0;60;303;102;207;8;44;6.1;227;76.1;71.4
7805;Geslacht: mannen;Noord-Brabant (PV);2016;956;722;686;557;129;0;60;301;102;215;8;36;5.0;233;75.6;71.8
7806;Geslacht: mannen;Noord-Brabant (PV);2017;963;729;699;566;133;0;63;310;103;213;10;30;4.1;234;75.7;72.6
7807;Geslacht: mannen;Noord-Brabant (PV);2018;968;736;713;579;135;0;64;314;108;217;9;23;3.1;232;76.0;73.7
7808;Geslacht: mannen;Limburg (PV);2003;437;318;303;261;42;0;24;145;53;75;7;15;4.6;119;72.7;69.3
7809;Geslacht: mannen;Limburg (PV);2004;436;317;299;257;42;0;24;145;54;73;5;18;5.6;119;72.7;68.6
7810;Geslacht: mannen;Limburg (PV);2005;435;317;298;254;44;0;25;144;56;68;5;18;5.7;118;72.8;68.6
7811;Geslacht: mannen;Limburg (PV);2006;433;313;298;255;43;0;26;143;54;68;8;15;4.7;120;72.2;68.8
7812;Geslacht: mannen;Limburg (PV);2007;432;313;301;259;42;0;26;147;53;68;8;12;3.8;119;72.5;69.7
7813;Geslacht: mannen;Limburg (PV);2008;431;317;306;261;45;0;25;147;54;74;6;11;3.5;114;73.6;71.0
7814;Geslacht: mannen;Limburg (PV);2009;431;316;302;255;47;0;24;144;53;76;6;15;4.7;115;73.4;70.0
7815;Geslacht: mannen;Limburg (PV);2010;431;311;296;248;48;0;25;135;53;76;6;16;5.1;119;72.3;68.6
7816;Geslacht: mannen;Limburg (PV);2011;430;309;295;247;48;0;27;132;53;76;7;14;4.4;121;71.8;68.6
7817;Geslacht: mannen;Limburg (PV);2012;431;312;295;248;47;0;26;133;53;78;5;17;5.4;120;72.2;68.3
7818;Geslacht: mannen;Limburg (PV);2013;433;314;292;240;51;0;28;131;47;81;5;22;7.1;119;72.6;67.4
7819;Geslacht: mannen;Limburg (PV);2014;431;311;289;239;50;0;28;131;46;78;6;22;7.2;119;72.3;67.1
7820;Geslacht: mannen;Limburg (PV);2015;428;310;291;240;51;0;25;138;43;81;4;19;6.3;118;72.5;67.9
7821;Geslacht: mannen;Limburg (PV);2016;428;308;292;243;49;0;26;135;44;84;3;16;5.3;120;72.0;68.2
7822;Geslacht: mannen;Limburg (PV);2017;429;308;294;243;51;0;26;137;44;80;7;13;4.4;121;71.7;68.6
7823;Geslacht: mannen;Limburg (PV);2018;427;307;296;244;52;0;29;136;47;80;5;11;3.6;120;71.8;69.3
7824;Geslacht: mannen;Oost-Groningen (CR);2003;54;38;36;30;6;0;3;19;6;7;1;2;5.3;16;70.7;66.9
7825;Geslacht: mannen;Oost-Groningen (CR);2004;54;38;35;30;6;0;3;20;6;6;1;3;6.6;16;70.9;66.2
7826;Geslacht: mannen;Oost-Groningen (CR);2005;53;38;36;30;6;0;3;20;6;5;1;3;6.6;15;71.6;66.9
7827;Geslacht: mannen;Oost-Groningen (CR);2006;53;37;35;29;6;0;3;20;6;5;1;2;5.4;16;69.9;66.2
7828;Geslacht: mannen;Oost-Groningen (CR);2007;53;38;36;30;6;0;3;20;6;6;1;2;4.2;15;71.0;68.0
7829;Geslacht: mannen;Oost-Groningen (CR);2008;53;38;37;31;6;0;3;20;6;6;1;1;3.8;15;72.2;69.5
7830;Geslacht: mannen;Oost-Groningen (CR);2009;53;38;36;30;6;0;3;19;6;6;2;2;5.0;15;71.7;68.1
7831;Geslacht: mannen;Oost-Groningen (CR);2010;53;37;35;29;6;0;3;17;6;7;2;2;5.5;15;70.8;67.0
7832;Geslacht: mannen;Oost-Groningen (CR);2011;52;37;35;29;6;0;3;17;6;7;2;2;5.7;15;70.9;66.9
7833;Geslacht: mannen;Oost-Groningen (CR);2012;52;37;34;28;6;0;3;18;6;6;2;2;6.2;15;70.5;66.1
7834;Geslacht: mannen;Oost-Groningen (CR);2013;52;37;34;28;6;0;3;18;5;7;1;3;7.8;15;70.6;65.1
7835;Geslacht: mannen;Oost-Groningen (CR);2014;52;36;33;27;6;0;3;18;5;6;1;3;8.3;15;70.1;64.3
7836;Geslacht: mannen;Oost-Groningen (CR);2015;52;37;34;27;7;0;3;18;5;7;1;3;7.9;15;71.4;65.7
7837;Geslacht: mannen;Oost-Groningen (CR);2016;51;36;34;27;7;0;3;18;5;6;1;2;6.9;15;70.6;65.7
7838;Geslacht: mannen;Oost-Groningen (CR);2017;51;36;34;27;7;0;3;18;5;6;2;2;5.5;15;70.4;66.6
7839;Geslacht: mannen;Oost-Groningen (CR);2018;51;36;34;27;7;0;3;17;6;7;2;2;4.6;15;70.1;66.8
7840;Geslacht: mannen;Delfzijl en omgeving (CR);2003;20;14;13;11;2;0;1;6;2;3;1;1;5.4;6;71.1;67.3
7841;Geslacht: mannen;Delfzijl en omgeving (CR);2004;20;14;13;11;2;0;1;7;2;2;1;1;6.6;6;70.7;66.0
7842;Geslacht: mannen;Delfzijl en omgeving (CR);2005;20;14;13;11;2;0;1;7;3;2;0;1;6.7;6;71.7;66.9
7843;Geslacht: mannen;Delfzijl en omgeving (CR);2006;19;14;13;11;2;0;1;7;2;2;1;1;5.2;5;71.7;68.0
7844;Geslacht: mannen;Delfzijl en omgeving (CR);2007;19;14;13;11;2;0;1;7;2;2;1;1;4.2;5;72.0;69.0
7845;Geslacht: mannen;Delfzijl en omgeving (CR);2008;19;14;13;11;2;0;1;7;2;3;0;1;3.7;5;73.2;70.5
7846;Geslacht: mannen;Delfzijl en omgeving (CR);2009;19;13;13;11;2;0;1;7;2;3;0;1;4.9;5;72.3;68.8
7847;Geslacht: mannen;Delfzijl en omgeving (CR);2010;19;13;13;10;2;0;1;6;2;3;0;1;5.5;5;72.3;68.3
7848;Geslacht: mannen;Delfzijl en omgeving (CR);2011;18;13;13;10;2;0;1;6;2;2;1;1;5.4;5;71.6;67.7
7849;Geslacht: mannen;Delfzijl en omgeving (CR);2012;18;13;12;10;2;0;1;7;2;2;1;1;6.1;5;71.7;67.3
7850;Geslacht: mannen;Delfzijl en omgeving (CR);2013;18;13;12;10;2;0;1;6;2;2;1;1;8.2;5;72.1;66.1
7851;Geslacht: mannen;Delfzijl en omgeving (CR);2014;18;13;12;9;2;0;1;6;2;2;1;1;8.6;5;71.6;65.4
7852;Geslacht: mannen;Delfzijl en omgeving (CR);2015;18;13;12;10;2;0;1;6;2;2;1;1;7.9;5;71.9;66.2
7853;Geslacht: mannen;Delfzijl en omgeving (CR);2016;18;13;12;9;2;0;1;6;2;2;1;1;6.3;5;71.6;67.1
7854;Geslacht: mannen;Delfzijl en omgeving (CR);2017;18;12;12;10;2;0;1;6;2;2;1;1;5.1;5;70.8;67.2
7855;Geslacht: mannen;Delfzijl en omgeving (CR);2018;17;12;12;9;2;0;1;6;2;2;1;1;4.1;5;70.8;67.9
7856;Geslacht: mannen;Overig Groningen (CR);2003;146;108;102;87;15;0;10;44;17;29;3;6;5.7;38;74.0;69.8
7857;Geslacht: mannen;Overig Groningen (CR);2004;147;109;102;86;16;0;9;45;16;30;1;7;6.7;38;74.2;69.2
7858;Geslacht: mannen;Overig Groningen (CR);2005;147;108;100;84;16;0;8;46;15;30;1;8;7.1;39;73.3;68.1
7859;Geslacht: mannen;Overig Groningen (CR);2006;147;106;101;84;16;0;9;46;16;29;1;6;5.5;41;72.1;68.2
7860;Geslacht: mannen;Overig Groningen (CR);2007;148;110;105;88;17;0;10;45;17;30;2;5;4.5;38;74.1;70.8
7861;Geslacht: mannen;Overig Groningen (CR);2008;149;111;107;89;18;0;9;45;19;32;2;4;3.9;38;74.4;71.5
7862;Geslacht: mannen;Overig Groningen (CR);2009;150;110;104;88;17;0;9;45;18;31;1;5;4.8;40;73.3;69.8
7863;Geslacht: mannen;Overig Groningen (CR);2010;151;111;105;86;19;0;9;40;19;36;2;6;5.3;40;73.8;69.9
7864;Geslacht: mannen;Overig Groningen (CR);2011;152;113;106;87;19;0;8;43;18;35;2;7;5.9;39;74.4;70.0
7865;Geslacht: mannen;Overig Groningen (CR);2012;154;111;104;85;19;0;8;42;18;33;2;7;6.6;42;72.4;67.6
7866;Geslacht: mannen;Overig Groningen (CR);2013;156;114;104;85;19;0;9;46;16;32;1;10;8.6;42;73.0;66.7
7867;Geslacht: mannen;Overig Groningen (CR);2014;156;112;102;83;19;0;9;43;16;32;2;10;9.2;44;71.9;65.3
7868;Geslacht: mannen;Overig Groningen (CR);2015;157;115;104;85;19;0;10;44;15;33;2;11;9.3;42;73.2;66.4
7869;Geslacht: mannen;Overig Groningen (CR);2016;157;113;104;83;21;0;9;43;16;34;2;9;7.8;44;72.1;66.4
7870;Geslacht: mannen;Overig Groningen (CR);2017;158;114;107;86;21;0;10;45;17;34;2;7;6.3;44;72.2;67.6
7871;Geslacht: mannen;Overig Groningen (CR);2018;158;113;107;87;20;0;9;44;17;36;0;6;5.4;46;71.2;67.4
7872;Geslacht: mannen;Noord-Friesland (CR);2003;120;89;84;70;14;0;7;45;14;19;1;4;4.8;31;73.9;70.3
7873;Geslacht: mannen;Noord-Friesland (CR);2004;120;89;84;69;15;0;6;45;14;19;0;5;5.9;32;73.8;69.5
7874;Geslacht: mannen;Noord-Friesland (CR);2005;121;89;84;69;15;0;6;46;14;17;1;5;5.9;32;73.7;69.4
7875;Geslacht: mannen;Noord-Friesland (CR);2006;120;88;84;69;15;0;6;48;13;17;0;4;4.8;32;73.3;69.8
7876;Geslacht: mannen;Noord-Friesland (CR);2007;120;90;87;70;17;0;7;50;14;15;0;3;3.6;30;74.7;72.0
7877;Geslacht: mannen;Noord-Friesland (CR);2008;120;90;87;72;16;0;7;48;14;18;0;3;3.3;30;75.0;72.6
7878;Geslacht: mannen;Noord-Friesland (CR);2009;121;91;87;70;17;0;7;45;15;20;0;4;4.3;30;75.5;72.2
7879;Geslacht: mannen;Noord-Friesland (CR);2010;121;90;85;68;17;0;8;43;14;19;1;4;5.0;31;74.3;70.6
7880;Geslacht: mannen;Noord-Friesland (CR);2011;121;89;84;68;17;0;8;40;14;22;1;5;5.1;32;73.6;69.9
7881;Geslacht: mannen;Noord-Friesland (CR);2012;121;90;84;66;17;0;7;40;15;20;2;6;6.5;31;74.1;69.3
7882;Geslacht: mannen;Noord-Friesland (CR);2013;122;91;83;65;18;0;7;41;13;20;1;8;8.5;31;74.5;68.1
7883;Geslacht: mannen;Noord-Friesland (CR);2014;121;90;82;66;17;0;7;42;13;19;2;7;8.2;31;74.1;68.0
7884;Geslacht: mannen;Noord-Friesland (CR);2015;121;90;83;65;17;0;7;43;12;18;2;7;8.0;31;74.6;68.6
7885;Geslacht: mannen;Noord-Friesland (CR);2016;121;89;83;66;18;0;8;41;13;20;2;6;6.7;32;73.7;68.8
7886;Geslacht: mannen;Noord-Friesland (CR);2017;122;88;84;67;17;0;7;43;13;19;2;5;5.2;33;72.5;68.8
7887;Geslacht: mannen;Noord-Friesland (CR);2018;121;90;86;68;18;0;7;42;13;22;1;4;4.4;32;73.8;70.6
7888;Geslacht: mannen;Zuidwest-Friesland (CR);2003;52;39;37;29;8;0;3;20;6;8;0;1;3.8;13;74.9;72.0
7889;Geslacht: mannen;Zuidwest-Friesland (CR);2004;52;39;37;29;8;0;3;21;6;7;0;2;4.6;13;75.2;71.8
7890;Geslacht: mannen;Zuidwest-Friesland (CR);2005;52;39;37;29;8;0;3;20;6;8;0;2;4.4;13;74.6;71.4
7891;Geslacht: mannen;Zuidwest-Friesland (CR);2006;52;39;37;29;8;0;3;21;6;7;0;1;3.6;13;74.5;71.8
7892;Geslacht: mannen;Zuidwest-Friesland (CR);2007;52;39;38;30;8;0;3;21;6;8;0;1;2.9;13;75.7;73.5
7893;Geslacht: mannen;Zuidwest-Friesland (CR);2008;52;40;39;30;8;0;3;22;6;8;0;1;2.7;12;76.3;74.3
7894;Geslacht: mannen;Zuidwest-Friesland (CR);2009;52;40;38;30;9;0;3;21;6;8;0;1;3.5;12;76.1;73.5
7895;Geslacht: mannen;Zuidwest-Friesland (CR);2010;52;39;38;29;8;0;3;20;6;8;0;2;4.1;13;74.7;71.6
7896;Geslacht: mannen;Zuidwest-Friesland (CR);2011;52;39;37;29;8;0;3;19;6;8;0;2;4.3;14;73.7;70.5
7897;Geslacht: mannen;Zuidwest-Friesland (CR);2012;52;39;36;28;8;0;3;19;7;7;1;2;5.8;14;73.8;69.5
7898;Geslacht: mannen;Zuidwest-Friesland (CR);2013;53;39;37;28;9;0;3;19;6;8;1;3;6.8;13;74.8;69.7
7899;Geslacht: mannen;Zuidwest-Friesland (CR);2014;53;40;37;28;9;0;3;21;6;7;0;3;6.9;13;75.2;70.0
7900;Geslacht: mannen;Zuidwest-Friesland (CR);2015;53;40;37;28;9;0;3;20;5;8;0;2;6.1;13;74.8;70.2
7901;Geslacht: mannen;Zuidwest-Friesland (CR);2016;53;39;37;28;9;0;3;19;6;9;1;2;5.4;14;74.5;70.4
7902;Geslacht: mannen;Zuidwest-Friesland (CR);2017;53;39;38;29;9;0;4;20;6;8;1;2;4.2;14;73.9;70.8
7903;Geslacht: mannen;Zuidwest-Friesland (CR);2018;53;40;38;29;10;0;3;21;5;8;0;1;3.5;13;75.0;72.4
7904;Geslacht: mannen;Zuidoost-Friesland (CR);2003;69;50;48;40;8;0;4;25;8;11;0;2;4.4;18;73.3;70.1
7905;Geslacht: mannen;Zuidoost-Friesland (CR);2004;69;50;47;39;8;0;3;26;8;10;1;3;5.6;19;73.1;69.0
7906;Geslacht: mannen;Zuidoost-Friesland (CR);2005;69;51;48;39;9;0;3;27;8;9;1;3;5.3;18;73.7;69.8
7907;Geslacht: mannen;Zuidoost-Friesland (CR);2006;69;50;48;39;9;0;3;27;8;9;0;2;4.4;18;73.7;70.5
7908;Geslacht: mannen;Zuidoost-Friesland (CR);2007;69;51;49;40;9;0;4;27;8;10;0;2;3.4;18;74.5;72.0
7909;Geslacht: mannen;Zuidoost-Friesland (CR);2008;69;52;51;41;10;0;4;27;8;11;0;2;3.1;17;75.4;73.1
7910;Geslacht: mannen;Zuidoost-Friesland (CR);2009;69;53;50;40;10;0;4;27;8;11;0;2;4.0;17;76.0;73.0
7911;Geslacht: mannen;Zuidoost-Friesland (CR);2010;69;51;49;39;10;0;4;24;8;12;1;2;4.8;18;74.1;70.6
7912;Geslacht: mannen;Zuidoost-Friesland (CR);2011;69;51;49;38;10;0;4;24;8;11;0;2;4.7;18;74.2;70.7
7913;Geslacht: mannen;Zuidoost-Friesland (CR);2012;69;51;48;38;10;0;4;25;8;10;1;3;6.3;18;73.9;69.2
7914;Geslacht: mannen;Zuidoost-Friesland (CR);2013;70;52;48;38;10;0;4;24;8;12;1;4;7.6;18;74.5;68.8
7915;Geslacht: mannen;Zuidoost-Friesland (CR);2014;69;52;48;37;11;0;4;24;8;11;1;4;7.9;17;75.3;69.3
7916;Geslacht: mannen;Zuidoost-Friesland (CR);2015;69;52;48;37;11;0;4;25;7;11;1;4;7.0;17;75.0;69.7
7917;Geslacht: mannen;Zuidoost-Friesland (CR);2016;69;51;48;37;11;0;4;26;7;9;1;3;6.2;18;74.3;69.7
7918;Geslacht: mannen;Zuidoost-Friesland (CR);2017;69;51;49;39;9;0;5;25;7;10;1;2;4.6;18;73.6;70.2
7919;Geslacht: mannen;Zuidoost-Friesland (CR);2018;69;52;50;39;11;0;5;25;7;13;0;2;3.7;17;75.0;72.2
7920;Geslacht: mannen;Noord-Drenthe (CR);2003;67;50;48;40;8;0;3;22;8;14;1;2;4.0;16;75.5;72.5
7921;Geslacht: mannen;Noord-Drenthe (CR);2004;67;50;47;40;8;0;4;21;8;14;1;3;5.2;17;74.9;71.1
7922;Geslacht: mannen;Noord-Drenthe (CR);2005;67;50;47;39;8;0;4;19;9;15;1;3;5.5;17;74.3;70.2
7923;Geslacht: mannen;Noord-Drenthe (CR);2006;67;49;47;39;8;0;3;20;8;14;1;2;4.2;18;73.5;70.4
7924;Geslacht: mannen;Noord-Drenthe (CR);2007;68;51;49;40;9;0;4;21;9;14;1;2;3.2;17;74.8;72.4
7925;Geslacht: mannen;Noord-Drenthe (CR);2008;68;51;50;41;9;0;4;22;9;13;2;1;2.8;17;75.4;73.3
7926;Geslacht: mannen;Noord-Drenthe (CR);2009;68;52;50;40;10;0;4;22;9;14;1;2;3.9;16;76.0;73.0
7927;Geslacht: mannen;Noord-Drenthe (CR);2010;69;51;49;40;9;0;4;20;9;16;1;2;4.3;17;74.8;71.6
7928;Geslacht: mannen;Noord-Drenthe (CR);2011;69;50;48;40;8;0;4;19;8;16;1;2;4.2;18;73.3;70.2
7929;Geslacht: mannen;Noord-Drenthe (CR);2012;69;52;49;39;9;0;4;21;8;14;1;3;5.4;17;74.9;70.9
7930;Geslacht: mannen;Noord-Drenthe (CR);2013;69;52;48;39;10;0;5;19;8;14;2;3;6.7;17;74.8;69.8
7931;Geslacht: mannen;Noord-Drenthe (CR);2014;69;52;48;39;10;0;4;18;8;16;2;3;6.7;17;75.2;70.2
7932;Geslacht: mannen;Noord-Drenthe (CR);2015;69;51;48;38;10;0;4;21;7;14;1;3;6.6;17;74.7;69.8
7933;Geslacht: mannen;Noord-Drenthe (CR);2016;69;51;48;38;10;0;5;20;8;14;2;2;4.9;18;73.4;69.9
7934;Geslacht: mannen;Noord-Drenthe (CR);2017;69;52;49;39;11;0;4;21;8;13;2;2;4.3;18;74.3;71.1
7935;Geslacht: mannen;Noord-Drenthe (CR);2018;70;51;49;39;10;0;4;21;8;15;1;2;3.7;18;73.9;71.2
7936;Geslacht: mannen;Zuidoost-Drenthe (CR);2003;64;47;45;38;7;0;4;25;8;7;1;2;5.0;17;73.1;69.5
7937;Geslacht: mannen;Zuidoost-Drenthe (CR);2004;64;47;44;38;6;0;3;25;8;7;0;3;6.5;17;72.8;68.0
7938;Geslacht: mannen;Zuidoost-Drenthe (CR);2005;64;46;43;37;6;0;3;25;7;7;0;3;6.9;18;72.3;67.3
7939;Geslacht: mannen;Zuidoost-Drenthe (CR);2006;64;46;44;36;8;0;4;25;7;8;0;2;4.8;18;72.3;68.9
7940;Geslacht: mannen;Zuidoost-Drenthe (CR);2007;64;47;45;38;7;0;4;24;7;9;1;2;3.8;17;73.2;70.4
7941;Geslacht: mannen;Zuidoost-Drenthe (CR);2008;64;48;46;39;8;0;4;24;9;8;1;2;3.5;16;74.5;71.9
7942;Geslacht: mannen;Zuidoost-Drenthe (CR);2009;64;47;45;38;7;0;3;22;9;8;2;3;5.4;17;73.5;69.5
7943;Geslacht: mannen;Zuidoost-Drenthe (CR);2010;64;46;44;37;7;0;4;23;8;8;2;3;5.4;18;72.5;68.5
7944;Geslacht: mannen;Zuidoost-Drenthe (CR);2011;64;46;43;36;7;0;4;21;8;9;1;2;5.3;18;71.4;67.6
7945;Geslacht: mannen;Zuidoost-Drenthe (CR);2012;64;47;44;36;7;0;4;23;8;8;1;3;6.5;17;72.9;68.1
7946;Geslacht: mannen;Zuidoost-Drenthe (CR);2013;64;47;43;35;8;0;4;22;7;9;1;4;7.7;17;73.1;67.5
7947;Geslacht: mannen;Zuidoost-Drenthe (CR);2014;64;46;42;35;8;0;4;21;7;9;1;4;7.6;18;72.1;66.6
7948;Geslacht: mannen;Zuidoost-Drenthe (CR);2015;64;46;42;35;8;0;4;22;6;9;1;3;7.6;18;72.2;66.7
7949;Geslacht: mannen;Zuidoost-Drenthe (CR);2016;64;45;42;35;8;0;4;21;7;9;1;2;5.5;19;70.0;66.1
7950;Geslacht: mannen;Zuidoost-Drenthe (CR);2017;64;46;43;35;8;0;4;22;7;8;2;2;5.0;18;71.4;67.9
7951;Geslacht: mannen;Zuidoost-Drenthe (CR);2018;64;45;43;35;8;0;4;23;7;8;1;2;4.4;19;70.1;67.0
7952;Geslacht: mannen;Zuidwest-Drenthe (CR);2003;47;35;34;28;5;0;3;18;6;7;0;1;4.0;12;74.4;71.4
7953;Geslacht: mannen;Zuidwest-Drenthe (CR);2004;47;35;34;28;5;0;3;18;6;7;0;2;5.1;12;75.2;71.4
7954;Geslacht: mannen;Zuidwest-Drenthe (CR);2005;47;35;33;28;5;0;3;17;5;7;1;2;5.2;12;74.6;70.8
7955;Geslacht: mannen;Zuidwest-Drenthe (CR);2006;47;35;34;28;5;0;3;18;5;6;1;1;4.1;12;73.9;70.9
7956;Geslacht: mannen;Zuidwest-Drenthe (CR);2007;47;36;35;29;6;0;3;18;6;7;1;1;3.0;12;75.3;73.0
7957;Geslacht: mannen;Zuidwest-Drenthe (CR);2008;48;36;35;29;6;0;3;18;6;8;0;1;2.7;11;76.2;74.2
7958;Geslacht: mannen;Zuidwest-Drenthe (CR);2009;48;36;35;28;7;0;3;17;6;8;1;1;4.0;11;75.9;72.9
7959;Geslacht: mannen;Zuidwest-Drenthe (CR);2010;48;36;34;28;6;0;3;17;6;8;1;2;4.5;12;74.4;71.1
7960;Geslacht: mannen;Zuidwest-Drenthe (CR);2011;48;35;34;28;6;0;3;16;6;8;1;2;4.4;12;74.0;70.8
7961;Geslacht: mannen;Zuidwest-Drenthe (CR);2012;48;36;34;28;6;0;3;17;6;7;1;2;5.4;12;75.2;71.1
7962;Geslacht: mannen;Zuidwest-Drenthe (CR);2013;48;36;33;27;6;0;3;16;5;8;2;3;7.4;12;75.1;69.5
7963;Geslacht: mannen;Zuidwest-Drenthe (CR);2014;48;36;33;27;7;0;3;15;5;8;2;3;7.2;12;75.0;69.6
7964;Geslacht: mannen;Zuidwest-Drenthe (CR);2015;48;36;34;27;7;0;3;16;5;7;2;2;6.4;12;75.0;70.2
7965;Geslacht: mannen;Zuidwest-Drenthe (CR);2016;48;36;34;26;7;0;3;17;5;8;1;2;5.0;12;74.0;70.3
7966;Geslacht: mannen;Zuidwest-Drenthe (CR);2017;48;36;35;28;7;0;3;17;6;8;1;1;3.9;12;75.1;72.1
7967;Geslacht: mannen;Zuidwest-Drenthe (CR);2018;49;36;35;28;7;0;3;17;6;8;1;1;3.3;13;74.3;71.9
7968;Geslacht: mannen;Noord-Overijssel (CR);2003;126;97;94;80;14;0;8;47;15;22;1;3;3.5;28;77.5;74.7
7969;Geslacht: mannen;Noord-Overijssel (CR);2004;126;98;93;80;14;0;7;48;15;22;1;4;4.4;28;77.5;74.1
7970;Geslacht: mannen;Noord-Overijssel (CR);2005;126;98;93;80;13;0;7;47;15;23;0;4;4.4;29;77.1;73.8
7971;Geslacht: mannen;Noord-Overijssel (CR);2006;127;98;95;80;15;0;8;48;15;22;1;4;3.6;29;77.3;74.5
7972;Geslacht: mannen;Noord-Overijssel (CR);2007;128;101;98;82;16;0;9;48;17;23;2;3;2.8;27;78.8;76.6
7973;Geslacht: mannen;Noord-Overijssel (CR);2008;129;104;101;85;16;0;9;49;17;26;1;3;2.4;26;80.2;78.2
7974;Geslacht: mannen;Noord-Overijssel (CR);2009;130;103;99;83;16;0;8;47;17;25;1;3;3.4;27;79.1;76.5
7975;Geslacht: mannen;Noord-Overijssel (CR);2010;131;103;98;83;16;0;8;45;17;28;1;4;4.0;28;78.5;75.3
7976;Geslacht: mannen;Noord-Overijssel (CR);2011;131;102;98;82;16;0;7;46;17;27;1;4;4.0;29;78.0;74.9
7977;Geslacht: mannen;Noord-Overijssel (CR);2012;132;103;98;80;19;0;8;46;18;25;2;5;4.7;29;78.1;74.4
7978;Geslacht: mannen;Noord-Overijssel (CR);2013;133;105;98;80;17;0;9;44;15;28;1;7;6.6;29;78.4;73.3
7979;Geslacht: mannen;Noord-Overijssel (CR);2014;134;104;97;79;18;0;9;46;14;27;1;7;6.3;30;77.8;72.9
7980;Geslacht: mannen;Noord-Overijssel (CR);2015;134;104;98;80;18;0;8;46;14;28;1;6;5.9;30;77.3;72.8
7981;Geslacht: mannen;Noord-Overijssel (CR);2016;135;104;98;81;17;0;8;46;15;27;2;6;5.4;31;76.9;72.8
7982;Geslacht: mannen;Noord-Overijssel (CR);2017;137;106;101;82;19;0;9;47;15;28;2;4;3.9;31;77.2;74.1
7983;Geslacht: mannen;Noord-Overijssel (CR);2018;138;108;104;86;18;0;9;50;17;28;1;4;3.3;30;78.1;75.5
7984;Geslacht: mannen;Zuidwest-Overijssel (CR);2003;55;42;40;35;6;0;3;20;7;10;0;2;3.8;13;76.0;73.1
7985;Geslacht: mannen;Zuidwest-Overijssel (CR);2004;55;42;40;34;6;0;3;21;7;9;0;2;4.7;13;76.0;72.4
7986;Geslacht: mannen;Zuidwest-Overijssel (CR);2005;56;43;41;35;6;0;3;20;7;11;0;2;4.8;13;76.6;72.9
7987;Geslacht: mannen;Zuidwest-Overijssel (CR);2006;56;43;41;35;6;0;4;19;7;11;1;2;3.9;13;76.2;73.2
7988;Geslacht: mannen;Zuidwest-Overijssel (CR);2007;56;44;42;36;7;0;4;19;7;11;1;1;3.3;13;77.4;74.9
7989;Geslacht: mannen;Zuidwest-Overijssel (CR);2008;57;45;43;36;7;0;4;20;7;12;0;1;2.7;12;79.1;76.9
7990;Geslacht: mannen;Zuidwest-Overijssel (CR);2009;57;45;43;37;7;0;3;19;8;13;0;2;3.5;12;79.4;76.6
7991;Geslacht: mannen;Zuidwest-Overijssel (CR);2010;57;44;42;36;7;0;4;18;8;12;1;2;4.3;12;78.2;74.8
7992;Geslacht: mannen;Zuidwest-Overijssel (CR);2011;57;43;42;35;7;0;4;18;7;12;1;2;4.3;13;76.9;73.6
7993;Geslacht: mannen;Zuidwest-Overijssel (CR);2012;57;44;42;34;8;0;4;17;8;12;1;2;4.8;13;77.8;74.1
7994;Geslacht: mannen;Zuidwest-Overijssel (CR);2013;57;44;41;34;7;0;4;16;6;13;1;3;6.7;13;77.3;72.1
7995;Geslacht: mannen;Zuidwest-Overijssel (CR);2014;57;44;41;33;7;0;4;18;6;12;1;3;7.0;13;77.0;71.6
7996;Geslacht: mannen;Zuidwest-Overijssel (CR);2015;57;44;41;33;7;0;4;19;6;12;0;3;6.2;13;76.8;72.1
7997;Geslacht: mannen;Zuidwest-Overijssel (CR);2016;57;43;41;33;8;0;3;17;6;13;0;2;5.4;14;75.1;71.0
7998;Geslacht: mannen;Zuidwest-Overijssel (CR);2017;58;44;42;34;8;0;4;19;6;13;0;2;4.3;14;76.2;72.9
7999;Geslacht: mannen;Zuidwest-Overijssel (CR);2018;58;44;43;36;7;0;4;19;6;13;1;2;3.7;14;76.5;73.7
8000;Geslacht: mannen;Twente (CR);2003;234;175;168;144;24;0;14;86;27;38;2;7;4.2;59;75.0;71.8
8001;Geslacht: mannen;Twente (CR);2004;234;175;166;144;22;0;13;86;28;38;1;9;5.2;60;74.6;70.7
8002;Geslacht: mannen;Twente (CR);2005;234;176;166;143;23;0;14;85;29;37;2;10;5.5;59;74.9;70.8
8003;Geslacht: mannen;Twente (CR);2006;234;175;167;143;24;0;14;86;28;37;3;8;4.5;59;74.7;71.3
8004;Geslacht: mannen;Twente (CR);2007;234;178;172;146;26;0;15;86;30;38;4;6;3.5;56;76.1;73.4
8005;Geslacht: mannen;Twente (CR);2008;235;181;175;149;26;0;15;86;30;42;2;5;3.0;54;76.9;74.6
8006;Geslacht: mannen;Twente (CR);2009;235;180;172;147;26;0;14;84;30;43;2;8;4.2;55;76.5;73.3
8007;Geslacht: mannen;Twente (CR);2010;235;178;169;141;27;0;14;81;29;43;2;9;5.0;58;75.4;71.7
8008;Geslacht: mannen;Twente (CR);2011;235;176;168;140;28;0;13;82;30;42;2;8;4.8;59;74.9;71.3
8009;Geslacht: mannen;Twente (CR);2012;237;176;166;139;27;0;14;78;30;41;3;10;5.5;61;74.4;70.2
8010;Geslacht: mannen;Twente (CR);2013;238;180;166;137;29;0;17;75;26;45;3;14;7.6;58;75.5;69.8
8011;Geslacht: mannen;Twente (CR);2014;237;178;165;135;30;0;16;77;24;46;2;13;7.6;59;75.1;69.4
8012;Geslacht: mannen;Twente (CR);2015;237;178;166;137;29;0;15;79;24;47;1;12;6.8;58;75.3;70.2
8013;Geslacht: mannen;Twente (CR);2016;237;175;165;137;28;0;15;78;25;45;2;10;5.9;62;74.0;69.6
8014;Geslacht: mannen;Twente (CR);2017;238;177;169;139;30;0;15;83;24;43;3;8;4.6;62;74.2;70.8
8015;Geslacht: mannen;Twente (CR);2018;239;179;172;143;29;0;15;84;25;46;2;7;3.7;60;74.9;72.1
8016;Geslacht: mannen;Veluwe (CR);2003;235;181;175;150;26;0;13;82;29;48;3;6;3.4;53;77.3;74.7
8017;Geslacht: mannen;Veluwe (CR);2004;235;180;172;147;25;0;13;83;29;46;2;7;4.2;56;76.4;73.2
8018;Geslacht: mannen;Veluwe (CR);2005;236;180;172;147;26;0;14;85;28;44;1;7;4.1;56;76.2;73.1
8019;Geslacht: mannen;Veluwe (CR);2006;236;180;175;145;30;0;15;84;29;45;2;6;3.1;56;76.5;74.1
8020;Geslacht: mannen;Veluwe (CR);2007;237;184;179;148;31;0;15;85;30;47;1;5;2.6;53;77.7;75.6
8021;Geslacht: mannen;Veluwe (CR);2008;237;186;181;149;32;0;14;83;32;49;3;5;2.6;52;78.2;76.2
8022;Geslacht: mannen;Veluwe (CR);2009;238;184;179;144;34;0;14;81;31;51;2;5;2.9;54;77.4;75.1
8023;Geslacht: mannen;Veluwe (CR);2010;239;183;177;146;31;0;14;81;30;49;2;7;3.7;56;76.7;73.9
8024;Geslacht: mannen;Veluwe (CR);2011;239;182;175;145;30;0;14;76;30;52;3;7;3.9;57;76.1;73.2
8025;Geslacht: mannen;Veluwe (CR);2012;241;185;177;146;31;0;15;77;30;54;2;8;4.2;57;76.5;73.3
8026;Geslacht: mannen;Veluwe (CR);2013;243;188;176;143;34;0;17;74;27;55;3;11;6.1;56;77.2;72.5
8027;Geslacht: mannen;Veluwe (CR);2014;244;188;176;142;35;0;16;78;25;55;2;11;6.0;57;76.8;72.3
8028;Geslacht: mannen;Veluwe (CR);2015;245;188;178;143;35;0;15;80;26;54;3;10;5.2;57;76.6;72.6
8029;Geslacht: mannen;Veluwe (CR);2016;247;188;179;144;35;0;17;78;27;56;3;9;4.8;58;76.3;72.7
8030;Geslacht: mannen;Veluwe (CR);2017;250;190;183;148;35;0;17;81;27;55;4;7;3.6;60;76.1;73.4
8031;Geslacht: mannen;Veluwe (CR);2018;252;193;187;151;36;0;18;80;29;57;3;6;3.2;58;76.8;74.3
8032;Geslacht: mannen;Achterhoek (CR);2003;150;113;110;92;17;0;8;57;18;25;1;4;3.4;37;75.4;72.9
8033;Geslacht: mannen;Achterhoek (CR);2004;150;113;108;92;16;0;7;58;18;23;1;5;4.2;37;75.1;72.0
8034;Geslacht: mannen;Achterhoek (CR);2005;150;112;107;90;17;0;9;59;18;21;1;5;4.3;38;74.8;71.6
8035;Geslacht: mannen;Achterhoek (CR);2006;150;112;109;89;19;0;9;59;18;21;1;4;3.2;38;74.9;72.5
8036;Geslacht: mannen;Achterhoek (CR);2007;150;113;110;91;19;0;9;60;19;22;1;3;2.7;37;75.6;73.6
8037;Geslacht: mannen;Achterhoek (CR);2008;150;114;111;92;19;0;9;57;19;25;1;3;2.6;36;76.1;74.1
8038;Geslacht: mannen;Achterhoek (CR);2009;150;113;110;91;19;0;8;54;19;26;1;4;3.3;36;75.7;73.2
8039;Geslacht: mannen;Achterhoek (CR);2010;150;113;108;88;20;0;9;53;20;25;1;4;3.9;37;75.3;72.4
8040;Geslacht: mannen;Achterhoek (CR);2011;149;112;107;88;20;0;9;54;19;24;1;4;3.8;38;74.8;72.0
8041;Geslacht: mannen;Achterhoek (CR);2012;150;112;107;87;20;0;9;54;19;24;1;5;4.4;37;75.1;71.8
8042;Geslacht: mannen;Achterhoek (CR);2013;150;113;106;85;20;0;10;50;16;28;1;7;6.5;37;75.3;70.4
8043;Geslacht: mannen;Achterhoek (CR);2014;150;112;104;84;21;0;9;52;16;27;1;7;6.6;38;74.7;69.8
8044;Geslacht: mannen;Achterhoek (CR);2015;149;111;105;84;21;0;9;51;16;28;1;6;5.8;38;74.6;70.3
8045;Geslacht: mannen;Achterhoek (CR);2016;150;111;105;85;20;0;9;53;16;26;1;5;5.0;39;73.9;70.2
8046;Geslacht: mannen;Achterhoek (CR);2017;151;111;107;86;21;0;9;52;16;28;2;4;3.8;39;73.9;71.1
8047;Geslacht: mannen;Achterhoek (CR);2018;151;112;108;87;21;0;10;53;16;28;1;4;3.3;39;74.3;71.8
8048;Geslacht: mannen;Arnhem/Nijmegen (CR);2003;258;195;186;160;26;0;13;82;31;58;1;9;4.7;62;75.7;72.1
8049;Geslacht: mannen;Arnhem/Nijmegen (CR);2004;258;194;183;158;25;0;13;83;30;56;1;11;5.7;64;75.3;71.0
8050;Geslacht: mannen;Arnhem/Nijmegen (CR);2005;258;194;183;157;26;0;14;81;29;58;1;11;5.7;64;75.0;70.8
8051;Geslacht: mannen;Arnhem/Nijmegen (CR);2006;260;195;186;160;26;0;16;80;30;58;2;9;4.4;65;75.0;71.7
8052;Geslacht: mannen;Arnhem/Nijmegen (CR);2007;261;199;192;161;31;0;15;81;31;64;1;7;3.6;62;76.3;73.5
8053;Geslacht: mannen;Arnhem/Nijmegen (CR);2008;263;202;195;163;32;0;16;77;34;66;3;7;3.4;61;76.7;74.1
8054;Geslacht: mannen;Arnhem/Nijmegen (CR);2009;264;202;194;162;32;0;16;73;34;68;2;8;3.8;62;76.4;73.5
8055;Geslacht: mannen;Arnhem/Nijmegen (CR);2010;265;200;190;159;31;0;16;73;34;64;4;10;4.9;65;75.6;71.8
8056;Geslacht: mannen;Arnhem/Nijmegen (CR);2011;265;200;189;156;33;0;16;76;32;64;2;10;5.1;66;75.2;71.3
8057;Geslacht: mannen;Arnhem/Nijmegen (CR);2012;267;202;190;157;33;0;17;74;33;64;2;11;5.7;65;75.5;71.2
8058;Geslacht: mannen;Arnhem/Nijmegen (CR);2013;270;205;188;152;36;0;17;71;30;67;3;16;8.1;65;75.8;69.7
8059;Geslacht: mannen;Arnhem/Nijmegen (CR);2014;271;203;187;149;38;0;17;68;28;70;3;16;7.9;68;74.9;68.9
8060;Geslacht: mannen;Arnhem/Nijmegen (CR);2015;271;203;188;153;36;0;16;73;28;68;3;14;7.0;69;74.6;69.4
8061;Geslacht: mannen;Arnhem/Nijmegen (CR);2016;273;202;189;153;36;0;16;74;28;68;2;12;6.0;71;73.8;69.4
8062;Geslacht: mannen;Arnhem/Nijmegen (CR);2017;276;204;194;158;36;0;18;77;28;68;3;9;4.6;72;73.8;70.4
8063;Geslacht: mannen;Arnhem/Nijmegen (CR);2018;278;207;198;162;37;0;19;78;30;69;3;9;4.2;71;74.5;71.4
8064;Geslacht: mannen;Zuidwest-Gelderland (CR);2003;86;67;65;53;12;0;5;32;11;17;1;2;3.2;18;78.5;76.0
8065;Geslacht: mannen;Zuidwest-Gelderland (CR);2004;86;67;65;54;11;0;5;33;11;15;0;3;3.9;19;78.1;75.1
8066;Geslacht: mannen;Zuidwest-Gelderland (CR);2005;86;68;65;54;11;0;5;33;11;16;0;3;3.9;19;78.1;75.1
8067;Geslacht: mannen;Zuidwest-Gelderland (CR);2006;87;68;66;53;13;0;5;35;11;15;0;2;3.2;19;78.3;75.9
8068;Geslacht: mannen;Zuidwest-Gelderland (CR);2007;87;69;67;54;13;0;5;34;12;15;0;2;2.7;18;78.9;76.8
8069;Geslacht: mannen;Zuidwest-Gelderland (CR);2008;87;69;67;54;13;0;5;33;12;16;1;2;2.5;18;78.8;76.9
8070;Geslacht: mannen;Zuidwest-Gelderland (CR);2009;87;69;67;53;13;0;6;31;12;17;1;2;3.0;19;78.6;76.2
8071;Geslacht: mannen;Zuidwest-Gelderland (CR);2010;88;68;66;52;14;0;6;30;12;17;2;2;3.7;20;77.7;74.9
8072;Geslacht: mannen;Zuidwest-Gelderland (CR);2011;88;68;65;52;13;0;5;31;11;17;1;3;3.8;20;77.2;74.3
8073;Geslacht: mannen;Zuidwest-Gelderland (CR);2012;89;69;66;52;14;0;5;31;11;18;0;3;4.3;20;77.6;74.3
8074;Geslacht: mannen;Zuidwest-Gelderland (CR);2013;90;69;64;51;13;0;6;28;10;18;2;4;6.2;21;76.8;72.0
8075;Geslacht: mannen;Zuidwest-Gelderland (CR);2014;90;69;64;51;13;0;6;29;10;18;1;4;6.2;21;76.7;71.9
8076;Geslacht: mannen;Zuidwest-Gelderland (CR);2015;90;69;65;52;13;0;5;31;10;17;1;4;5.4;21;76.4;72.2
8077;Geslacht: mannen;Zuidwest-Gelderland (CR);2016;90;69;66;52;14;0;6;32;10;17;1;3;4.5;21;76.3;72.9
8078;Geslacht: mannen;Zuidwest-Gelderland (CR);2017;91;70;68;54;14;0;6;32;10;19;1;2;3.5;21;76.6;73.9
8079;Geslacht: mannen;Zuidwest-Gelderland (CR);2018;92;71;69;55;14;0;6;31;11;20;1;2;3.0;21;77.0;74.7
8080;Geslacht: mannen;Utrecht (CR);2003;424;331;317;271;46;0;23;114;54;125;1;13;4.0;94;77.9;74.8
8081;Geslacht: mannen;Utrecht (CR);2004;428;333;318;270;48;0;25;121;53;119;0;15;4.6;95;77.9;74.3
8082;Geslacht: mannen;Utrecht (CR);2005;431;334;319;269;50;0;24;124;52;119;1;15;4.5;97;77.6;74.0
8083;Geslacht: mannen;Utrecht (CR);2006;434;337;324;272;52;0;26;126;54;118;1;13;3.8;97;77.6;74.7
8084;Geslacht: mannen;Utrecht (CR);2007;439;345;335;278;57;0;27;124;56;126;1;10;3.0;94;78.6;76.2
8085;Geslacht: mannen;Utrecht (CR);2008;443;351;342;284;58;0;26;123;58;135;0;9;2.6;92;79.3;77.2
8086;Geslacht: mannen;Utrecht (CR);2009;446;355;344;280;64;0;25;129;60;130;0;11;3.2;90;79.8;77.2
8087;Geslacht: mannen;Utrecht (CR);2010;447;349;336;277;59;0;24;121;58;128;5;14;4.0;97;78.2;75.1
8088;Geslacht: mannen;Utrecht (CR);2011;449;348;333;274;60;0;22;116;58;134;2;14;4.1;101;77.4;74.3
8089;Geslacht: mannen;Utrecht (CR);2012;454;356;339;273;66;0;26;120;58;135;1;17;4.8;98;78.3;74.6
8090;Geslacht: mannen;Utrecht (CR);2013;459;360;336;268;69;0;28;113;51;140;5;23;6.5;100;78.3;73.2
8091;Geslacht: mannen;Utrecht (CR);2014;462;360;337;268;69;0;26;113;51;144;3;23;6.4;102;77.9;72.9
8092;Geslacht: mannen;Utrecht (CR);2015;464;359;337;268;69;0;28;115;48;146;1;22;6.1;105;77.4;72.6
8093;Geslacht: mannen;Utrecht (CR);2016;468;361;343;274;70;0;28;120;51;143;1;18;5.0;107;77.2;73.3
8094;Geslacht: mannen;Utrecht (CR);2017;474;364;350;280;70;0;28;118;51;148;5;14;3.8;110;76.7;73.8
8095;Geslacht: mannen;Utrecht (CR);2018;478;373;360;289;71;0;26;119;56;156;3;13;3.4;106;77.9;75.3
8096;Geslacht: mannen;Kop van Noord-Holland (CR);2003;138;105;102;86;16;0;8;51;18;23;2;3;3.2;33;76.3;73.9
8097;Geslacht: mannen;Kop van Noord-Holland (CR);2004;138;104;100;85;16;0;7;52;18;22;1;4;3.9;34;75.5;72.6
8098;Geslacht: mannen;Kop van Noord-Holland (CR);2005;138;105;101;84;17;0;8;52;18;22;1;4;3.9;34;75.7;72.8
8099;Geslacht: mannen;Kop van Noord-Holland (CR);2006;139;105;102;83;18;0;8;53;17;22;1;3;3.1;34;75.7;73.4
8100;Geslacht: mannen;Kop van Noord-Holland (CR);2007;139;107;104;84;19;0;9;55;17;22;1;3;2.5;32;76.7;74.8
8101;Geslacht: mannen;Kop van Noord-Holland (CR);2008;140;108;105;85;20;0;8;55;19;22;1;3;2.4;32;77.0;75.1
8102;Geslacht: mannen;Kop van Noord-Holland (CR);2009;140;108;105;85;20;0;8;54;19;22;2;3;2.9;32;77.2;75.0
8103;Geslacht: mannen;Kop van Noord-Holland (CR);2010;141;107;103;84;20;0;8;51;19;24;2;4;3.4;34;76.1;73.5
8104;Geslacht: mannen;Kop van Noord-Holland (CR);2011;141;106;102;83;19;0;8;51;18;24;1;4;3.6;35;75.0;72.3
8105;Geslacht: mannen;Kop van Noord-Holland (CR);2012;142;107;102;82;20;0;8;52;18;22;2;5;4.4;35;75.3;72.0
8106;Geslacht: mannen;Kop van Noord-Holland (CR);2013;142;107;100;80;21;0;9;48;16;23;4;7;6.1;35;75.1;70.5
8107;Geslacht: mannen;Kop van Noord-Holland (CR);2014;142;107;101;79;22;0;9;48;16;25;2;6;6.0;35;75.6;71.1
8108;Geslacht: mannen;Kop van Noord-Holland (CR);2015;141;106;101;79;22;0;9;50;16;24;2;5;5.1;35;75.0;71.2
8109;Geslacht: mannen;Kop van Noord-Holland (CR);2016;142;106;102;80;22;0;9;50;16;26;2;5;4.6;35;75.0;71.6
8110;Geslacht: mannen;Kop van Noord-Holland (CR);2017;142;106;102;81;21;0;9;48;16;25;4;4;3.9;37;74.3;71.4
8111;Geslacht: mannen;Kop van Noord-Holland (CR);2018;142;106;102;82;21;0;9;49;17;24;3;3;3.2;36;74.4;72.0
8112;Geslacht: mannen;Alkmaar en omgeving (CR);2003;86;66;63;55;9;0;5;28;11;18;2;2;3.3;21;76.0;73.5
8113;Geslacht: mannen;Alkmaar en omgeving (CR);2004;87;66;64;55;9;0;5;29;12;17;1;3;4.0;21;76.3;73.2
8114;Geslacht: mannen;Alkmaar en omgeving (CR);2005;87;67;64;55;9;0;5;30;12;18;0;3;3.8;20;76.6;73.7
8115;Geslacht: mannen;Alkmaar en omgeving (CR);2006;88;67;65;55;10;0;5;29;12;17;2;2;3.2;21;76.5;74.1
8116;Geslacht: mannen;Alkmaar en omgeving (CR);2007;88;68;66;55;11;0;5;27;12;19;1;2;2.7;20;77.1;75.0
8117;Geslacht: mannen;Alkmaar en omgeving (CR);2008;88;69;67;56;12;0;5;30;13;19;1;2;2.4;19;78.2;76.3
8118;Geslacht: mannen;Alkmaar en omgeving (CR);2009;88;68;66;55;11;0;5;29;12;19;1;2;3.1;20;77.5;75.1
8119;Geslacht: mannen;Alkmaar en omgeving (CR);2010;88;68;65;54;11;0;5;28;12;19;1;2;3.7;21;76.3;73.5
8120;Geslacht: mannen;Alkmaar en omgeving (CR);2011;88;67;64;53;11;0;5;29;12;18;1;3;3.8;22;75.4;72.6
8121;Geslacht: mannen;Alkmaar en omgeving (CR);2012;89;68;65;53;12;0;5;29;12;19;1;3;4.7;21;76.3;72.7
8122;Geslacht: mannen;Alkmaar en omgeving (CR);2013;90;67;63;52;12;0;5;25;11;20;3;4;6.2;22;75.3;70.6
8123;Geslacht: mannen;Alkmaar en omgeving (CR);2014;90;68;63;51;12;0;6;25;10;21;2;4;6.2;22;75.4;70.8
8124;Geslacht: mannen;Alkmaar en omgeving (CR);2015;89;67;64;52;12;0;6;28;10;18;1;4;5.3;22;75.4;71.4
8125;Geslacht: mannen;Alkmaar en omgeving (CR);2016;90;68;65;51;14;0;6;28;10;19;1;3;4.6;22;75.3;71.9
8126;Geslacht: mannen;Alkmaar en omgeving (CR);2017;91;68;65;52;14;0;5;27;11;21;2;3;3.8;23;74.8;71.9
8127;Geslacht: mannen;Alkmaar en omgeving (CR);2018;91;69;67;53;14;0;6;29;11;17;3;2;3.3;22;75.5;73.0
8128;Geslacht: mannen;IJmond (CR);2003;68;52;50;44;7;0;4;24;9;14;1;2;3.0;16;76.3;73.9
8129;Geslacht: mannen;IJmond (CR);2004;68;52;50;43;8;0;3;25;9;13;0;2;3.7;16;76.3;73.5
8130;Geslacht: mannen;IJmond (CR);2005;68;52;50;43;7;0;4;24;10;12;1;2;3.7;16;76.0;73.2
8131;Geslacht: mannen;IJmond (CR);2006;69;53;51;44;8;0;4;26;10;11;1;2;3.2;16;76.7;74.3
8132;Geslacht: mannen;IJmond (CR);2007;69;53;52;44;8;0;4;26;9;11;1;1;2.6;16;76.8;74.8
8133;Geslacht: mannen;IJmond (CR);2008;70;55;53;45;9;0;4;27;10;12;1;1;2.4;15;78.0;76.1
8134;Geslacht: mannen;IJmond (CR);2009;71;55;54;45;8;0;4;25;10;12;2;2;3.0;15;78.1;75.8
8135;Geslacht: mannen;IJmond (CR);2010;71;54;53;44;8;0;4;24;10;13;2;2;3.5;16;76.8;74.1
8136;Geslacht: mannen;IJmond (CR);2011;71;54;52;43;9;0;4;22;9;15;1;2;3.8;17;76.1;73.2
8137;Geslacht: mannen;IJmond (CR);2012;72;55;52;44;9;0;4;23;10;14;1;2;4.4;17;76.4;73.1
8138;Geslacht: mannen;IJmond (CR);2013;72;55;52;43;9;0;5;23;9;14;2;3;5.8;17;76.5;72.0
8139;Geslacht: mannen;IJmond (CR);2014;72;55;52;42;10;0;5;21;8;17;1;3;6.1;17;76.5;71.8
8140;Geslacht: mannen;IJmond (CR);2015;72;55;52;43;10;0;5;22;8;18;0;3;5.2;17;76.5;72.5
8141;Geslacht: mannen;IJmond (CR);2016;73;56;54;44;10;0;5;24;8;16;1;3;4.5;17;76.9;73.5
8142;Geslacht: mannen;IJmond (CR);2017;74;56;54;45;10;0;5;24;9;15;1;2;3.8;17;76.7;73.9
8143;Geslacht: mannen;IJmond (CR);2018;74;56;55;45;10;0;5;22;9;16;2;2;3.2;18;76.3;73.9
8144;Geslacht: mannen;Agglomeratie Haarlem (CR);2003;79;59;57;46;10;0;4;23;10;20;0;2;3.9;20;75.1;72.2
8145;Geslacht: mannen;Agglomeratie Haarlem (CR);2004;78;59;56;46;10;0;3;24;10;18;0;3;4.8;19;75.2;71.6
8146;Geslacht: mannen;Agglomeratie Haarlem (CR);2005;78;59;56;45;11;0;4;22;10;20;0;3;4.7;19;75.3;71.7
8147;Geslacht: mannen;Agglomeratie Haarlem (CR);2006;78;58;56;45;11;0;4;22;10;19;0;2;3.7;20;74.8;72.0
8148;Geslacht: mannen;Agglomeratie Haarlem (CR);2007;78;59;58;47;10;0;5;22;10;20;0;2;2.8;19;76.0;73.9
8149;Geslacht: mannen;Agglomeratie Haarlem (CR);2008;78;60;59;48;11;0;5;22;10;22;0;2;2.7;18;77.2;75.1
8150;Geslacht: mannen;Agglomeratie Haarlem (CR);2009;79;61;58;47;11;0;5;22;10;21;0;2;3.5;18;76.8;74.1
8151;Geslacht: mannen;Agglomeratie Haarlem (CR);2010;79;60;58;46;11;0;4;20;11;21;1;2;4.0;19;75.9;72.8
8152;Geslacht: mannen;Agglomeratie Haarlem (CR);2011;80;60;57;45;12;0;4;21;10;21;1;3;4.3;20;75.5;72.2
8153;Geslacht: mannen;Agglomeratie Haarlem (CR);2012;80;60;58;46;12;0;5;21;10;21;1;3;4.7;20;75.2;71.7
8154;Geslacht: mannen;Agglomeratie Haarlem (CR);2013;81;62;58;45;13;0;5;19;10;23;1;4;6.9;19;76.5;71.2
8155;Geslacht: mannen;Agglomeratie Haarlem (CR);2014;82;62;58;45;13;0;4;20;9;25;0;4;6.4;20;75.9;71.0
8156;Geslacht: mannen;Agglomeratie Haarlem (CR);2015;83;63;59;45;14;0;5;23;9;22;0;4;5.8;20;76.1;71.7
8157;Geslacht: mannen;Agglomeratie Haarlem (CR);2016;83;63;60;46;14;0;4;23;10;23;0;3;5.1;20;75.8;71.9
8158;Geslacht: mannen;Agglomeratie Haarlem (CR);2017;84;64;61;48;14;0;5;22;9;24;1;3;4.5;20;76.6;73.1
8159;Geslacht: mannen;Agglomeratie Haarlem (CR);2018;84;65;62;48;14;0;5;22;10;25;0;2;3.7;19;76.9;74.1
8160;Geslacht: mannen;Zaanstreek (CR);2003;58;43;42;37;5;0;3;19;8;8;2;2;3.8;15;74.2;71.4
8161;Geslacht: mannen;Zaanstreek (CR);2004;58;43;41;37;5;0;3;21;8;9;1;2;4.5;15;74.6;71.2
8162;Geslacht: mannen;Zaanstreek (CR);2005;58;44;42;36;6;0;3;21;8;9;1;2;4.4;15;74.9;71.6
8163;Geslacht: mannen;Zaanstreek (CR);2006;59;44;42;36;7;0;4;19;9;8;2;2;3.8;14;75.3;72.4
8164;Geslacht: mannen;Zaanstreek (CR);2007;59;45;44;37;7;0;4;21;8;9;1;1;3.3;14;76.2;73.7
8165;Geslacht: mannen;Zaanstreek (CR);2008;60;46;45;38;7;0;4;22;8;11;0;1;2.8;14;77.1;74.9
8166;Geslacht: mannen;Zaanstreek (CR);2009;60;47;45;38;7;0;4;22;8;10;1;2;3.7;13;77.7;74.8
8167;Geslacht: mannen;Zaanstreek (CR);2010;60;45;43;36;8;0;3;21;8;10;1;2;4.5;15;75.4;72.1
8168;Geslacht: mannen;Zaanstreek (CR);2011;61;46;44;36;7;0;3;23;7;9;0;2;4.9;15;75.6;71.9
8169;Geslacht: mannen;Zaanstreek (CR);2012;62;47;44;37;7;0;4;22;8;9;1;3;5.4;15;75.6;71.5
8170;Geslacht: mannen;Zaanstreek (CR);2013;62;48;44;36;8;0;4;18;7;12;2;3;7.3;15;76.4;70.8
8171;Geslacht: mannen;Zaanstreek (CR);2014;62;47;44;35;9;0;4;20;7;11;1;3;7.0;15;75.6;70.3
8172;Geslacht: mannen;Zaanstreek (CR);2015;62;47;44;36;8;0;4;22;6;11;0;3;6.4;15;75.4;70.6
8173;Geslacht: mannen;Zaanstreek (CR);2016;63;48;45;36;9;0;4;21;7;13;0;3;5.7;15;75.8;71.5
8174;Geslacht: mannen;Zaanstreek (CR);2017;63;47;45;37;8;0;4;22;7;11;1;2;4.4;16;74.1;70.8
8175;Geslacht: mannen;Zaanstreek (CR);2018;64;48;46;38;8;0;5;21;8;11;2;2;3.9;16;75.6;72.7
8176;Geslacht: mannen;Groot-Amsterdam (CR);2003;450;332;313;259;54;0;25;119;59;103;7;19;5.6;118;73.7;69.6
8177;Geslacht: mannen;Groot-Amsterdam (CR);2004;454;340;318;254;64;0;23;127;55;113;1;22;6.4;114;74.8;70.0
8178;Geslacht: mannen;Groot-Amsterdam (CR);2005;457;345;324;257;67;0;24;135;55;109;0;21;6.1;112;75.4;70.8
8179;Geslacht: mannen;Groot-Amsterdam (CR);2006;459;350;333;265;68;0;30;132;56;114;2;17;4.8;109;76.2;72.5
8180;Geslacht: mannen;Groot-Amsterdam (CR);2007;462;352;338;266;71;0;29;128;54;125;2;14;4.0;110;76.2;73.2
8181;Geslacht: mannen;Groot-Amsterdam (CR);2008;466;360;347;273;74;0;26;125;61;131;4;13;3.7;106;77.2;74.4
8182;Geslacht: mannen;Groot-Amsterdam (CR);2009;471;362;345;271;74;0;26;125;62;126;5;17;4.6;109;76.9;73.3
8183;Geslacht: mannen;Groot-Amsterdam (CR);2010;473;360;342;269;73;0;23;125;62;129;3;18;5.0;113;76.1;72.3
8184;Geslacht: mannen;Groot-Amsterdam (CR);2011;477;359;339;265;74;0;23;125;62;125;5;20;5.6;118;75.3;71.1
8185;Geslacht: mannen;Groot-Amsterdam (CR);2012;484;369;346;267;79;0;28;122;60;134;1;23;6.2;115;76.2;71.5
8186;Geslacht: mannen;Groot-Amsterdam (CR);2013;492;377;347;263;84;0;28;117;56;143;3;31;8.1;115;76.7;70.5
8187;Geslacht: mannen;Groot-Amsterdam (CR);2014;497;381;353;265;88;0;30;121;51;147;3;28;7.5;116;76.7;71.0
8188;Geslacht: mannen;Groot-Amsterdam (CR);2015;501;380;354;268;86;0;30;125;52;145;3;26;6.9;121;75.8;70.6
8189;Geslacht: mannen;Groot-Amsterdam (CR);2016;508;390;367;277;90;0;31;121;56;154;5;23;5.8;118;76.8;72.3
8190;Geslacht: mannen;Groot-Amsterdam (CR);2017;514;390;370;282;88;0;32;127;52;155;4;20;5.1;125;75.8;71.9
8191;Geslacht: mannen;Groot-Amsterdam (CR);2018;519;394;376;286;90;0;33;122;57;159;5;18;4.5;125;75.9;72.5
8192;Geslacht: mannen;Het Gooi en Vechtstreek (CR);2003;88;66;63;52;11;0;5;26;11;22;0;2;3.7;22;75.0;72.2
8193;Geslacht: mannen;Het Gooi en Vechtstreek (CR);2004;87;65;62;51;11;0;4;27;11;20;0;3;4.4;22;75.0;71.7
8194;Geslacht: mannen;Het Gooi en Vechtstreek (CR);2005;87;65;62;51;11;0;5;26;11;20;0;3;4.3;22;75.1;71.9
8195;Geslacht: mannen;Het Gooi en Vechtstreek (CR);2006;86;65;63;50;12;0;5;25;11;22;0;2;3.5;22;74.9;72.3
8196;Geslacht: mannen;Het Gooi en Vechtstreek (CR);2007;86;65;63;50;13;0;5;26;11;20;1;2;2.9;21;75.4;73.2
8197;Geslacht: mannen;Het Gooi en Vechtstreek (CR);2008;87;67;65;52;13;0;5;26;12;22;1;2;2.7;20;76.9;74.9
8198;Geslacht: mannen;Het Gooi en Vechtstreek (CR);2009;87;67;65;50;14;0;5;25;11;23;1;2;3.5;20;76.9;74.3
8199;Geslacht: mannen;Het Gooi en Vechtstreek (CR);2010;87;66;63;48;15;0;5;24;12;22;1;3;4.0;21;75.9;72.8
8200;Geslacht: mannen;Het Gooi en Vechtstreek (CR);2011;87;65;62;49;13;0;5;23;11;24;0;3;4.3;22;74.9;71.6
8201;Geslacht: mannen;Het Gooi en Vechtstreek (CR);2012;87;66;63;49;14;0;5;23;11;24;0;3;5.0;21;75.9;72.2
8202;Geslacht: mannen;Het Gooi en Vechtstreek (CR);2013;88;67;62;47;15;0;5;23;10;23;1;4;6.5;21;75.7;70.8
8203;Geslacht: mannen;Het Gooi en Vechtstreek (CR);2014;88;66;62;47;15;0;5;22;10;24;1;4;6.7;22;75.4;70.4
8204;Geslacht: mannen;Het Gooi en Vechtstreek (CR);2015;88;66;62;47;15;0;5;24;9;24;0;4;5.9;22;75.1;70.7
8205;Geslacht: mannen;Het Gooi en Vechtstreek (CR);2016;89;66;63;48;15;0;5;23;10;25;0;3;5.0;22;74.8;71.0
8206;Geslacht: mannen;Het Gooi en Vechtstreek (CR);2017;90;67;64;49;15;0;5;24;10;24;1;3;4.2;23;74.5;71.4
8207;Geslacht: mannen;Het Gooi en Vechtstreek (CR);2018;90;68;66;50;15;0;6;24;11;25;1;2;3.5;23;75.1;72.5
8208;Geslacht: mannen;Agglomeratie Leiden en Bollenstreek (CR);2003;148;116;112;96;16;0;8;50;19;34;1;4;3.2;32;78.3;75.8
8209;Geslacht: mannen;Agglomeratie Leiden en Bollenstreek (CR);2004;148;115;111;95;16;0;8;50;20;32;1;4;3.7;33;77.8;74.9
8210;Geslacht: mannen;Agglomeratie Leiden en Bollenstreek (CR);2005;149;115;111;94;17;0;9;49;20;32;1;4;3.8;33;77.5;74.6
8211;Geslacht: mannen;Agglomeratie Leiden en Bollenstreek (CR);2006;149;115;111;94;17;0;9;46;19;37;1;4;3.3;34;77.2;74.7
8212;Geslacht: mannen;Agglomeratie Leiden en Bollenstreek (CR);2007;150;117;114;96;18;0;9;47;20;37;1;3;2.9;32;78.5;76.2
8213;Geslacht: mannen;Agglomeratie Leiden en Bollenstreek (CR);2008;151;118;115;96;19;0;9;48;20;37;1;3;2.6;33;78.3;76.3
8214;Geslacht: mannen;Agglomeratie Leiden en Bollenstreek (CR);2009;151;119;115;96;19;0;9;46;20;39;1;4;3.3;32;78.8;76.2
8215;Geslacht: mannen;Agglomeratie Leiden en Bollenstreek (CR);2010;151;118;113;92;20;0;8;46;19;39;0;5;3.9;34;77.7;74.7
8216;Geslacht: mannen;Agglomeratie Leiden en Bollenstreek (CR);2011;152;117;112;92;20;0;9;45;20;38;1;5;3.9;35;77.0;74.0
8217;Geslacht: mannen;Agglomeratie Leiden en Bollenstreek (CR);2012;153;119;113;93;20;0;9;46;20;37;1;5;4.4;34;77.5;74.1
8218;Geslacht: mannen;Agglomeratie Leiden en Bollenstreek (CR);2013;155;119;112;91;21;0;10;44;18;38;2;7;6.3;36;77.0;72.2
8219;Geslacht: mannen;Agglomeratie Leiden en Bollenstreek (CR);2014;155;120;113;91;22;0;9;46;17;39;1;7;6.0;35;77.6;72.9
8220;Geslacht: mannen;Agglomeratie Leiden en Bollenstreek (CR);2015;156;120;113;92;22;0;10;44;18;41;2;6;5.4;36;76.9;72.7
8221;Geslacht: mannen;Agglomeratie Leiden en Bollenstreek (CR);2016;157;119;114;91;22;0;9;43;18;41;2;6;4.9;37;76.3;72.6
8222;Geslacht: mannen;Agglomeratie Leiden en Bollenstreek (CR);2017;158;120;116;95;21;0;10;45;18;41;3;5;4.0;38;76.1;73.1
8223;Geslacht: mannen;Agglomeratie Leiden en Bollenstreek (CR);2018;159;122;118;96;22;0;10;46;19;42;1;4;3.3;37;76.8;74.2
8224;Geslacht: mannen;Agglomeratie 's-Gravenhage (CR);2003;281;212;201;169;33;0;15;81;35;68;2;11;5.0;69;75.3;71.5
8225;Geslacht: mannen;Agglomeratie 's-Gravenhage (CR);2004;285;213;201;169;32;0;14;81;38;67;1;12;5.9;72;74.8;70.5
8226;Geslacht: mannen;Agglomeratie 's-Gravenhage (CR);2005;287;217;203;170;33;0;15;79;36;73;0;14;6.3;71;75.3;70.6
8227;Geslacht: mannen;Agglomeratie 's-Gravenhage (CR);2006;290;216;205;173;32;0;18;79;32;75;1;11;4.9;74;74.5;70.9
8228;Geslacht: mannen;Agglomeratie 's-Gravenhage (CR);2007;290;219;209;174;36;0;17;81;35;75;2;9;4.1;71;75.5;72.4
8229;Geslacht: mannen;Agglomeratie 's-Gravenhage (CR);2008;293;222;214;176;38;0;17;85;35;76;1;8;3.5;71;75.7;73.1
8230;Geslacht: mannen;Agglomeratie 's-Gravenhage (CR);2009;295;223;213;177;36;0;16;83;35;78;1;10;4.6;72;75.5;72.1
8231;Geslacht: mannen;Agglomeratie 's-Gravenhage (CR);2010;296;220;207;167;41;0;15;78;33;80;2;12;5.5;77;74.1;70.0
8232;Geslacht: mannen;Agglomeratie 's-Gravenhage (CR);2011;299;223;209;168;41;0;16;76;36;79;2;14;6.3;76;74.6;70.0
8233;Geslacht: mannen;Agglomeratie 's-Gravenhage (CR);2012;303;227;210;170;40;0;17;74;37;80;2;17;7.5;76;74.8;69.3
8234;Geslacht: mannen;Agglomeratie 's-Gravenhage (CR);2013;307;229;209;166;42;0;18;72;33;82;5;20;8.9;78;74.7;68.0
8235;Geslacht: mannen;Agglomeratie 's-Gravenhage (CR);2014;307;228;207;161;46;0;17;74;30;83;3;21;9.2;79;74.3;67.5
8236;Geslacht: mannen;Agglomeratie 's-Gravenhage (CR);2015;308;227;207;162;45;0;17;74;30;85;2;19;8.6;81;73.7;67.3
8237;Geslacht: mannen;Agglomeratie 's-Gravenhage (CR);2016;311;228;212;168;43;0;19;77;33;81;2;16;7.2;83;73.3;68.0
8238;Geslacht: mannen;Agglomeratie 's-Gravenhage (CR);2017;314;231;217;170;47;0;19;79;34;82;3;14;6.0;83;73.5;69.1
8239;Geslacht: mannen;Agglomeratie 's-Gravenhage (CR);2018;317;235;224;176;48;0;21;82;35;84;2;11;4.6;83;73.9;70.5
8240;Geslacht: mannen;Delft en Westland (CR);2003;83;64;62;51;11;0;5;27;10;20;0;2;3.5;19;77.5;74.8
8241;Geslacht: mannen;Delft en Westland (CR);2004;83;64;61;50;11;0;4;27;9;20;0;3;4.0;19;77.4;74.3
8242;Geslacht: mannen;Delft en Westland (CR);2005;83;64;61;51;10;0;4;28;10;19;0;3;4.1;19;77.1;73.9
8243;Geslacht: mannen;Delft en Westland (CR);2006;83;64;62;50;12;0;5;30;9;18;0;2;3.3;19;76.8;74.2
8244;Geslacht: mannen;Delft en Westland (CR);2007;84;65;64;50;13;0;6;30;9;18;0;2;2.9;18;78.0;75.7
8245;Geslacht: mannen;Delft en Westland (CR);2008;85;66;64;52;12;0;6;28;10;20;0;2;2.7;19;78.0;75.9
8246;Geslacht: mannen;Delft en Westland (CR);2009;85;66;64;52;12;0;6;27;11;19;1;2;3.4;19;78.1;75.5
8247;Geslacht: mannen;Delft en Westland (CR);2010;85;66;63;51;12;0;5;27;10;19;0;3;4.0;20;77.0;73.9
8248;Geslacht: mannen;Delft en Westland (CR);2011;86;66;63;50;13;0;5;27;11;19;1;3;4.3;21;76.0;72.8
8249;Geslacht: mannen;Delft en Westland (CR);2012;88;67;64;51;13;0;5;25;11;23;0;3;4.9;21;76.4;72.6
8250;Geslacht: mannen;Delft en Westland (CR);2013;89;67;62;51;11;0;6;24;10;22;1;4;6.7;22;74.9;69.9
8251;Geslacht: mannen;Delft en Westland (CR);2014;90;68;63;50;13;0;6;27;8;23;0;5;6.7;22;75.3;70.3
8252;Geslacht: mannen;Delft en Westland (CR);2015;91;68;65;52;13;0;7;27;8;23;0;4;5.8;22;75.5;71.1
8253;Geslacht: mannen;Delft en Westland (CR);2016;91;68;65;52;13;0;6;26;9;23;0;3;5.1;23;75.1;71.3
8254;Geslacht: mannen;Delft en Westland (CR);2017;92;69;67;53;13;0;6;26;9;25;0;3;4.2;22;75.8;72.7
8255;Geslacht: mannen;Delft en Westland (CR);2018;93;70;68;54;14;0;6;27;11;23;1;3;3.7;22;75.9;73.0
8256;Geslacht: mannen;Oost-Zuid-Holland (CR);2003;118;93;90;76;13;0;6;42;16;25;1;3;3.3;25;78.6;76.0
8257;Geslacht: mannen;Oost-Zuid-Holland (CR);2004;117;92;88;76;13;0;6;41;16;26;0;3;3.8;26;78.1;75.2
8258;Geslacht: mannen;Oost-Zuid-Holland (CR);2005;117;92;88;75;14;0;6;40;16;25;0;3;3.8;26;78.2;75.2
8259;Geslacht: mannen;Oost-Zuid-Holland (CR);2006;117;91;88;75;13;0;7;40;15;25;0;3;3.0;26;77.5;75.1
8260;Geslacht: mannen;Oost-Zuid-Holland (CR);2007;117;92;90;76;14;0;7;41;16;25;1;2;2.7;25;78.5;76.4
8261;Geslacht: mannen;Oost-Zuid-Holland (CR);2008;118;92;90;75;15;0;7;40;16;26;1;2;2.5;25;78.6;76.7
8262;Geslacht: mannen;Oost-Zuid-Holland (CR);2009;118;93;90;74;15;0;7;40;16;26;1;3;3.1;25;78.7;76.3
8263;Geslacht: mannen;Oost-Zuid-Holland (CR);2010;118;91;88;72;15;0;6;39;15;27;0;4;3.9;26;77.6;74.6
8264;Geslacht: mannen;Oost-Zuid-Holland (CR);2011;117;90;87;72;15;0;6;38;15;27;1;3;3.8;27;77.0;74.0
8265;Geslacht: mannen;Oost-Zuid-Holland (CR);2012;118;92;88;72;16;0;7;38;15;27;0;4;4.6;26;77.8;74.2
8266;Geslacht: mannen;Oost-Zuid-Holland (CR);2013;119;92;86;70;16;0;7;36;14;27;1;6;6.1;27;77.2;72.4
8267;Geslacht: mannen;Oost-Zuid-Holland (CR);2014;119;92;86;70;16;0;7;37;14;28;1;6;6.0;27;77.5;72.8
8268;Geslacht: mannen;Oost-Zuid-Holland (CR);2015;119;91;86;70;16;0;8;36;13;28;1;5;5.6;27;76.9;72.6
8269;Geslacht: mannen;Oost-Zuid-Holland (CR);2016;120;92;87;71;17;0;8;39;13;27;1;5;5.0;28;76.6;72.8
8270;Geslacht: mannen;Oost-Zuid-Holland (CR);2017;121;93;90;73;17;0;7;40;14;26;1;4;3.8;28;76.6;73.7
8271;Geslacht: mannen;Oost-Zuid-Holland (CR);2018;123;95;92;74;17;0;8;39;16;27;2;3;3.2;28;77.3;74.9
8272;Geslacht: mannen;Groot-Rijnmond (CR);2003;510;379;359;309;50;0;28;164;63;98;6;20;5.3;131;74.3;70.4
8273;Geslacht: mannen;Groot-Rijnmond (CR);2004;510;376;353;305;48;0;26;160;66;97;4;24;6.3;134;73.7;69.1
8274;Geslacht: mannen;Groot-Rijnmond (CR);2005;509;378;354;305;49;0;27;159;65;99;4;24;6.4;130;74.3;69.6
8275;Geslacht: mannen;Groot-Rijnmond (CR);2006;507;375;355;306;50;0;30;163;61;95;6;19;5.1;132;73.9;70.1
8276;Geslacht: mannen;Groot-Rijnmond (CR);2007;506;381;366;314;52;0;29;158;66;102;9;15;4.1;125;75.2;72.2
8277;Geslacht: mannen;Groot-Rijnmond (CR);2008;504;381;367;312;55;0;31;156;67;106;7;14;3.6;123;75.7;72.9
8278;Geslacht: mannen;Groot-Rijnmond (CR);2009;512;389;371;313;59;0;28;162;67;107;7;18;4.6;123;76.1;72.5
8279;Geslacht: mannen;Groot-Rijnmond (CR);2010;512;386;364;302;62;0;27;159;63;110;5;22;5.6;127;75.3;71.1
8280;Geslacht: mannen;Groot-Rijnmond (CR);2011;515;384;361;302;59;0;28;151;67;107;9;23;5.9;131;74.5;70.1
8281;Geslacht: mannen;Groot-Rijnmond (CR);2012;519;390;361;304;57;0;28;153;69;101;10;29;7.3;129;75.1;69.6
8282;Geslacht: mannen;Groot-Rijnmond (CR);2013;521;389;354;293;62;0;30;143;58;112;12;35;8.9;132;74.7;68.0
8283;Geslacht: mannen;Groot-Rijnmond (CR);2014;521;390;356;289;67;0;29;149;59;110;9;34;8.7;131;74.9;68.4
8284;Geslacht: mannen;Groot-Rijnmond (CR);2015;520;388;356;292;64;0;30;150;57;110;9;32;8.3;132;74.6;68.4
8285;Geslacht: mannen;Groot-Rijnmond (CR);2016;523;385;356;291;65;0;31;145;58;115;8;29;7.5;139;73.5;68.0
8286;Geslacht: mannen;Groot-Rijnmond (CR);2017;527;390;368;299;69;0;33;148;60;115;12;22;5.7;136;74.1;69.9
8287;Geslacht: mannen;Groot-Rijnmond (CR);2018;530;396;377;308;69;0;36;149;62;119;11;18;4.6;134;74.7;71.2
8288;Geslacht: mannen;Zuidoost-Zuid-Holland (CR);2003;143;110;106;92;14;0;8;49;19;28;2;4;3.8;33;77.1;74.1
8289;Geslacht: mannen;Zuidoost-Zuid-Holland (CR);2004;143;110;104;91;13;0;8;50;19;26;1;5;4.6;34;76.4;72.9
8290;Geslacht: mannen;Zuidoost-Zuid-Holland (CR);2005;143;110;105;91;14;0;8;51;20;25;2;5;4.3;33;76.7;73.4
8291;Geslacht: mannen;Zuidoost-Zuid-Holland (CR);2006;143;110;106;90;16;0;9;51;19;26;2;4;3.3;34;76.6;74.1
8292;Geslacht: mannen;Zuidoost-Zuid-Holland (CR);2007;143;111;108;93;15;0;9;50;20;25;4;3;2.7;32;77.5;75.5
8293;Geslacht: mannen;Zuidoost-Zuid-Holland (CR);2008;144;112;110;93;16;0;9;50;20;28;2;3;2.4;32;77.9;76.0
8294;Geslacht: mannen;Zuidoost-Zuid-Holland (CR);2009;144;113;109;93;17;0;8;51;20;29;2;3;3.1;32;78.1;75.7
8295;Geslacht: mannen;Zuidoost-Zuid-Holland (CR);2010;145;111;107;89;18;0;8;47;19;31;2;4;3.9;33;76.9;73.9
8296;Geslacht: mannen;Zuidoost-Zuid-Holland (CR);2011;145;111;106;90;17;0;8;45;20;30;3;4;4.0;34;76.4;73.4
8297;Geslacht: mannen;Zuidoost-Zuid-Holland (CR);2012;146;112;106;89;17;0;8;45;20;30;3;5;4.8;34;76.6;73.0
8298;Geslacht: mannen;Zuidoost-Zuid-Holland (CR);2013;147;113;106;88;18;0;9;48;17;29;3;7;6.3;34;76.6;71.8
8299;Geslacht: mannen;Zuidoost-Zuid-Holland (CR);2014;147;113;106;87;19;0;8;47;16;32;2;7;6.2;34;76.7;71.9
8300;Geslacht: mannen;Zuidoost-Zuid-Holland (CR);2015;147;112;106;88;18;0;9;46;17;30;4;6;5.6;35;76.3;72.0
8301;Geslacht: mannen;Zuidoost-Zuid-Holland (CR);2016;147;112;107;88;18;0;9;50;17;29;2;5;4.9;35;76.2;72.5
8302;Geslacht: mannen;Zuidoost-Zuid-Holland (CR);2017;148;113;109;89;20;0;9;50;17;31;2;4;3.9;35;76.6;73.7
8303;Geslacht: mannen;Zuidoost-Zuid-Holland (CR);2018;148;114;110;90;20;0;9;49;18;31;3;4;3.5;34;77.0;74.3
8304;Geslacht: mannen;Zeeuwsch-Vlaanderen (CR);2003;40;29;28;23;5;0;2;14;5;5;1;1;3.5;11;71.9;69.3
8305;Geslacht: mannen;Zeeuwsch-Vlaanderen (CR);2004;40;29;28;23;4;0;2;15;6;4;1;1;4.1;11;71.9;68.9
8306;Geslacht: mannen;Zeeuwsch-Vlaanderen (CR);2005;40;29;28;23;4;0;2;16;5;4;1;1;4.0;11;72.2;69.3
8307;Geslacht: mannen;Zeeuwsch-Vlaanderen (CR);2006;40;29;28;24;4;0;2;14;5;5;1;1;3.6;11;71.9;69.3
8308;Geslacht: mannen;Zeeuwsch-Vlaanderen (CR);2007;40;29;28;24;5;0;2;15;5;6;0;1;2.8;11;72.2;70.1
8309;Geslacht: mannen;Zeeuwsch-Vlaanderen (CR);2008;40;29;28;24;4;0;2;14;6;5;1;1;2.9;11;72.7;70.6
8310;Geslacht: mannen;Zeeuwsch-Vlaanderen (CR);2009;40;29;28;24;4;0;2;14;5;6;1;1;3.2;11;71.8;69.5
8311;Geslacht: mannen;Zeeuwsch-Vlaanderen (CR);2010;40;29;28;23;5;0;2;15;5;5;1;1;3.6;11;71.7;69.1
8312;Geslacht: mannen;Zeeuwsch-Vlaanderen (CR);2011;40;28;27;22;5;0;2;13;5;4;2;1;3.6;12;70.5;68.0
8313;Geslacht: mannen;Zeeuwsch-Vlaanderen (CR);2012;40;29;28;23;5;0;2;13;6;5;2;1;3.8;11;71.8;69.1
8314;Geslacht: mannen;Zeeuwsch-Vlaanderen (CR);2013;40;29;27;23;5;0;3;13;4;6;1;2;5.3;11;72.3;68.5
8315;Geslacht: mannen;Zeeuwsch-Vlaanderen (CR);2014;40;29;27;22;5;0;2;14;5;5;1;2;5.2;11;72.0;68.2
8316;Geslacht: mannen;Zeeuwsch-Vlaanderen (CR);2015;40;29;28;22;5;0;3;15;4;5;1;1;5.0;11;73.3;69.7
8317;Geslacht: mannen;Zeeuwsch-Vlaanderen (CR);2016;40;29;28;23;5;0;2;15;5;6;1;1;3.6;11;73.0;70.4
8318;Geslacht: mannen;Zeeuwsch-Vlaanderen (CR);2017;40;28;28;22;6;0;2;15;4;5;1;1;3.1;11;71.4;69.2
8319;Geslacht: mannen;Zeeuwsch-Vlaanderen (CR);2018;40;29;28;22;6;0;3;14;5;6;0;1;2.5;11;72.4;70.6
8320;Geslacht: mannen;Overig Zeeland (CR);2003;100;75;72;60;12;0;6;35;13;16;2;3;3.4;25;74.9;72.3
8321;Geslacht: mannen;Overig Zeeland (CR);2004;100;75;72;60;12;0;5;37;14;14;2;3;4.0;25;74.9;71.9
8322;Geslacht: mannen;Overig Zeeland (CR);2005;100;75;72;60;12;0;5;38;13;14;2;3;3.9;25;75.0;72.1
8323;Geslacht: mannen;Overig Zeeland (CR);2006;100;76;73;61;12;0;5;38;13;16;2;3;3.3;25;75.2;72.7
8324;Geslacht: mannen;Overig Zeeland (CR);2007;101;76;74;60;13;0;6;36;13;16;2;2;2.7;25;75.1;73.0
8325;Geslacht: mannen;Overig Zeeland (CR);2008;101;77;75;62;12;0;6;37;13;16;2;2;2.6;24;75.9;73.9
8326;Geslacht: mannen;Overig Zeeland (CR);2009;101;78;75;63;12;0;5;38;14;16;3;2;2.9;23;76.8;74.6
8327;Geslacht: mannen;Overig Zeeland (CR);2010;101;76;74;60;14;0;5;34;14;17;3;3;3.4;25;75.3;72.7
8328;Geslacht: mannen;Overig Zeeland (CR);2011;101;75;73;60;13;0;5;35;13;18;2;2;3.3;26;74.5;72.1
8329;Geslacht: mannen;Overig Zeeland (CR);2012;101;77;74;60;14;0;6;37;13;16;2;3;3.9;25;75.8;72.8
8330;Geslacht: mannen;Overig Zeeland (CR);2013;102;77;73;59;14;0;7;34;12;19;1;4;5.5;25;75.4;71.3
8331;Geslacht: mannen;Overig Zeeland (CR);2014;102;77;73;59;14;0;6;34;12;18;3;4;5.4;25;75.8;71.7
8332;Geslacht: mannen;Overig Zeeland (CR);2015;102;77;73;59;14;0;6;34;11;20;2;4;5.1;25;75.8;72.0
8333;Geslacht: mannen;Overig Zeeland (CR);2016;102;78;75;60;14;0;6;39;12;17;1;3;3.9;24;76.3;73.4
8334;Geslacht: mannen;Overig Zeeland (CR);2017;102;77;74;60;14;0;6;38;12;16;2;3;3.3;26;74.8;72.4
8335;Geslacht: mannen;Overig Zeeland (CR);2018;102;78;76;60;16;0;7;38;12;17;2;2;2.8;24;76.2;74.1
8336;Geslacht: mannen;West-Noord-Brabant (CR);2003;229;175;168;143;25;0;13;78;29;46;3;7;3.9;54;76.5;73.5
8337;Geslacht: mannen;West-Noord-Brabant (CR);2004;229;173;165;142;23;0;12;77;28;45;2;8;4.7;56;75.6;72.0
8338;Geslacht: mannen;West-Noord-Brabant (CR);2005;230;174;166;141;25;0;13;80;29;43;2;8;4.4;56;75.6;72.3
8339;Geslacht: mannen;West-Noord-Brabant (CR);2006;230;174;168;143;25;0;15;76;30;43;4;6;3.7;56;75.7;72.9
8340;Geslacht: mannen;West-Noord-Brabant (CR);2007;230;176;170;144;26;0;14;80;30;43;3;5;2.9;55;76.2;74.0
8341;Geslacht: mannen;West-Noord-Brabant (CR);2008;231;179;174;146;28;0;14;79;32;47;2;5;2.6;53;77.1;75.2
8342;Geslacht: mannen;West-Noord-Brabant (CR);2009;232;179;172;144;29;0;14;78;31;47;2;6;3.6;53;77.0;74.2
8343;Geslacht: mannen;West-Noord-Brabant (CR);2010;232;177;169;139;31;0;15;79;29;44;2;7;4.2;55;76.1;73.0
8344;Geslacht: mannen;West-Noord-Brabant (CR);2011;232;175;168;140;29;0;15;78;30;44;1;7;4.0;57;75.4;72.4
8345;Geslacht: mannen;West-Noord-Brabant (CR);2012;234;178;169;140;29;0;15;76;31;47;2;9;5.2;55;76.3;72.3
8346;Geslacht: mannen;West-Noord-Brabant (CR);2013;236;179;167;138;30;0;15;74;27;50;2;12;6.6;57;76.0;71.0
8347;Geslacht: mannen;West-Noord-Brabant (CR);2014;236;179;167;137;30;0;15;76;26;48;3;12;6.6;57;75.7;70.7
8348;Geslacht: mannen;West-Noord-Brabant (CR);2015;236;178;167;138;29;0;14;76;25;50;3;11;6.3;58;75.6;70.8
8349;Geslacht: mannen;West-Noord-Brabant (CR);2016;237;178;168;138;30;0;15;74;26;51;4;9;5.1;60;74.9;71.1
8350;Geslacht: mannen;West-Noord-Brabant (CR);2017;238;179;171;140;32;0;15;76;26;51;3;8;4.2;59;75.1;71.9
8351;Geslacht: mannen;West-Noord-Brabant (CR);2018;240;180;175;143;32;0;16;77;27;53;2;6;3.2;59;75.3;72.9
8352;Geslacht: mannen;Midden-Noord-Brabant (CR);2003;171;131;126;108;18;0;10;58;22;33;3;5;3.8;40;76.5;73.6
8353;Geslacht: mannen;Midden-Noord-Brabant (CR);2004;172;131;125;107;18;0;11;60;20;34;1;6;4.3;41;76.3;73.0
8354;Geslacht: mannen;Midden-Noord-Brabant (CR);2005;172;131;126;107;19;0;12;62;20;30;1;5;4.0;41;76.1;73.0
8355;Geslacht: mannen;Midden-Noord-Brabant (CR);2006;173;131;127;108;18;0;12;63;21;29;2;4;3.4;42;75.9;73.3
8356;Geslacht: mannen;Midden-Noord-Brabant (CR);2007;173;133;128;110;19;0;11;60;22;32;3;4;3.1;41;76.5;74.1
8357;Geslacht: mannen;Midden-Noord-Brabant (CR);2008;174;136;132;111;21;0;12;61;23;34;2;4;2.6;39;77.9;75.8
8358;Geslacht: mannen;Midden-Noord-Brabant (CR);2009;175;135;130;110;21;0;11;59;23;35;2;5;3.7;39;77.5;74.6
8359;Geslacht: mannen;Midden-Noord-Brabant (CR);2010;175;134;129;107;22;0;12;57;22;36;2;6;4.2;41;76.8;73.6
8360;Geslacht: mannen;Midden-Noord-Brabant (CR);2011;175;133;128;106;22;0;11;56;22;36;2;5;4.1;42;76.2;73.1
8361;Geslacht: mannen;Midden-Noord-Brabant (CR);2012;176;135;128;106;22;0;11;58;23;35;2;7;5.3;41;76.7;72.7
8362;Geslacht: mannen;Midden-Noord-Brabant (CR);2013;178;135;126;105;21;0;12;58;20;35;2;9;6.8;42;76.1;71.0
8363;Geslacht: mannen;Midden-Noord-Brabant (CR);2014;178;135;126;105;22;0;12;58;19;36;2;9;6.8;42;76.2;71.0
8364;Geslacht: mannen;Midden-Noord-Brabant (CR);2015;178;136;128;104;24;0;12;55;20;38;2;8;6.2;42;76.7;71.9
8365;Geslacht: mannen;Midden-Noord-Brabant (CR);2016;179;136;129;105;24;0;12;57;20;39;1;7;5.0;43;76.1;72.3
8366;Geslacht: mannen;Midden-Noord-Brabant (CR);2017;180;138;132;107;25;0;13;59;19;40;1;6;4.2;43;76.4;73.2
8367;Geslacht: mannen;Midden-Noord-Brabant (CR);2018;181;139;135;110;25;0;14;60;20;40;1;4;3.1;43;76.6;74.2
8368;Geslacht: mannen;Noordoost-Noord-Brabant (CR);2003;237;183;177;149;28;0;14;83;29;49;3;7;3.6;54;77.3;74.5
8369;Geslacht: mannen;Noordoost-Noord-Brabant (CR);2004;237;181;174;147;26;0;13;82;29;47;3;8;4.2;56;76.4;73.2
8370;Geslacht: mannen;Noordoost-Noord-Brabant (CR);2005;237;181;174;145;29;0;14;86;29;44;1;7;4.0;56;76.4;73.3
8371;Geslacht: mannen;Noordoost-Noord-Brabant (CR);2006;237;182;176;147;29;0;15;83;29;45;3;6;3.4;56;76.5;73.9
8372;Geslacht: mannen;Noordoost-Noord-Brabant (CR);2007;238;184;179;146;33;0;15;86;30;47;2;5;2.6;54;77.2;75.2
8373;Geslacht: mannen;Noordoost-Noord-Brabant (CR);2008;240;186;182;149;33;0;14;88;31;46;2;5;2.4;53;77.8;75.9
8374;Geslacht: mannen;Noordoost-Noord-Brabant (CR);2009;240;187;180;148;33;0;14;82;32;49;3;6;3.4;54;77.7;75.0
8375;Geslacht: mannen;Noordoost-Noord-Brabant (CR);2010;241;186;179;144;34;0;15;80;31;49;3;7;3.9;55;77.1;74.1
8376;Geslacht: mannen;Noordoost-Noord-Brabant (CR);2011;241;184;177;142;35;0;14;83;31;49;1;7;3.7;57;76.2;73.4
8377;Geslacht: mannen;Noordoost-Noord-Brabant (CR);2012;243;186;177;142;35;0;14;82;31;48;2;9;4.8;57;76.7;73.0
8378;Geslacht: mannen;Noordoost-Noord-Brabant (CR);2013;245;187;176;141;35;0;15;80;27;53;1;12;6.2;57;76.5;71.8
8379;Geslacht: mannen;Noordoost-Noord-Brabant (CR);2014;245;188;175;141;35;0;15;81;26;52;2;12;6.4;58;76.5;71.6
8380;Geslacht: mannen;Noordoost-Noord-Brabant (CR);2015;245;187;177;140;36;0;15;81;27;52;1;11;5.7;58;76.3;72.0
8381;Geslacht: mannen;Noordoost-Noord-Brabant (CR);2016;247;187;178;143;36;0;14;82;27;54;1;9;4.7;60;75.9;72.3
8382;Geslacht: mannen;Noordoost-Noord-Brabant (CR);2017;249;189;182;144;37;0;15;83;27;54;2;7;3.9;60;76.0;73.0
8383;Geslacht: mannen;Noordoost-Noord-Brabant (CR);2018;250;191;185;147;39;0;15;84;29;55;2;6;2.9;59;76.5;74.3
8384;Geslacht: mannen;Zuidoost-Noord-Brabant (CR);2003;280;212;203;173;31;0;16;91;34;59;3;9;4.2;68;75.8;72.6
8385;Geslacht: mannen;Zuidoost-Noord-Brabant (CR);2004;280;211;200;171;29;0;15;91;32;60;2;10;4.9;69;75.3;71.6
8386;Geslacht: mannen;Zuidoost-Noord-Brabant (CR);2005;280;211;201;170;31;0;17;96;33;54;2;10;4.5;70;75.1;71.7
8387;Geslacht: mannen;Zuidoost-Noord-Brabant (CR);2006;281;211;203;171;32;0;18;92;33;57;3;8;3.7;70;75.2;72.4
8388;Geslacht: mannen;Zuidoost-Noord-Brabant (CR);2007;281;212;206;172;34;0;17;93;33;59;2;6;3.0;69;75.5;73.3
8389;Geslacht: mannen;Zuidoost-Noord-Brabant (CR);2008;282;216;210;176;34;0;17;91;36;63;3;6;2.7;66;76.5;74.5
8390;Geslacht: mannen;Zuidoost-Noord-Brabant (CR);2009;282;215;206;171;35;0;16;89;36;61;4;9;4.0;67;76.1;73.1
8391;Geslacht: mannen;Zuidoost-Noord-Brabant (CR);2010;283;214;205;167;38;0;17;88;33;65;2;9;4.4;69;75.6;72.3
8392;Geslacht: mannen;Zuidoost-Noord-Brabant (CR);2011;284;214;205;166;39;0;17;88;36;61;3;9;4.1;70;75.4;72.3
8393;Geslacht: mannen;Zuidoost-Noord-Brabant (CR);2012;286;219;208;170;38;0;17;91;35;62;2;11;4.9;67;76.5;72.7
8394;Geslacht: mannen;Zuidoost-Noord-Brabant (CR);2013;288;219;204;167;37;0;18;89;31;65;2;15;6.7;70;75.8;70.7
8395;Geslacht: mannen;Zuidoost-Noord-Brabant (CR);2014;290;220;205;168;38;0;18;92;29;64;2;15;6.9;69;76.0;70.8
8396;Geslacht: mannen;Zuidoost-Noord-Brabant (CR);2015;290;220;207;170;37;0;19;90;29;67;2;14;6.1;70;75.9;71.2
8397;Geslacht: mannen;Zuidoost-Noord-Brabant (CR);2016;293;221;210;171;39;0;19;88;30;70;2;11;5.1;71;75.6;71.7
8398;Geslacht: mannen;Zuidoost-Noord-Brabant (CR);2017;296;223;214;175;39;0;20;92;31;68;3;9;4.2;72;75.5;72.4
8399;Geslacht: mannen;Zuidoost-Noord-Brabant (CR);2018;298;226;219;179;39;0;20;94;32;69;4;7;3.2;72;75.9;73.5
8400;Geslacht: mannen;Noord-Limburg (CR);2003;106;81;78;67;11;0;6;42;13;17;0;3;3.9;25;76.5;73.5
8401;Geslacht: mannen;Noord-Limburg (CR);2004;106;81;77;66;11;0;7;41;13;17;1;4;4.6;26;75.8;72.3
8402;Geslacht: mannen;Noord-Limburg (CR);2005;107;81;78;66;12;0;7;41;14;15;1;4;4.6;25;76.3;72.7
8403;Geslacht: mannen;Noord-Limburg (CR);2006;107;81;77;67;11;0;7;40;13;15;2;3;3.9;26;75.5;72.6
8404;Geslacht: mannen;Noord-Limburg (CR);2007;107;81;79;68;11;0;7;41;14;15;2;3;3.1;26;76.1;73.7
8405;Geslacht: mannen;Noord-Limburg (CR);2008;107;83;80;68;12;0;7;42;14;17;1;2;3.0;24;77.2;74.8
8406;Geslacht: mannen;Noord-Limburg (CR);2009;107;82;79;67;12;0;6;41;13;18;0;3;4.1;25;76.7;73.5
8407;Geslacht: mannen;Noord-Limburg (CR);2010;107;81;77;65;12;0;6;39;13;18;1;4;4.6;26;75.5;72.1
8408;Geslacht: mannen;Noord-Limburg (CR);2011;107;80;77;64;13;0;7;37;13;18;1;3;3.9;27;74.9;72.0
8409;Geslacht: mannen;Noord-Limburg (CR);2012;108;82;78;66;12;0;7;40;13;17;1;4;4.6;26;76.0;72.5
8410;Geslacht: mannen;Noord-Limburg (CR);2013;108;82;76;63;13;0;8;37;12;18;1;5;6.5;27;75.3;70.4
8411;Geslacht: mannen;Noord-Limburg (CR);2014;108;81;76;63;13;0;7;35;12;20;1;5;6.7;27;75.3;70.3
8412;Geslacht: mannen;Noord-Limburg (CR);2015;107;81;76;63;13;0;7;37;11;20;1;5;6.0;27;75.2;70.8
8413;Geslacht: mannen;Noord-Limburg (CR);2016;108;81;77;65;12;0;7;38;12;20;1;4;4.9;26;75.4;71.7
8414;Geslacht: mannen;Noord-Limburg (CR);2017;108;82;78;66;13;0;8;39;11;19;1;3;4.1;27;75.5;72.4
8415;Geslacht: mannen;Noord-Limburg (CR);2018;108;81;79;66;13;0;8;37;12;20;1;3;3.3;27;75.1;72.6
8416;Geslacht: mannen;Midden-Limburg (CR);2003;90;67;64;55;9;0;5;30;11;16;2;3;4.3;23;74.3;71.1
8417;Geslacht: mannen;Midden-Limburg (CR);2004;90;66;63;54;9;0;5;31;12;15;1;3;5.1;23;74.1;70.4
8418;Geslacht: mannen;Midden-Limburg (CR);2005;90;66;63;54;9;0;5;32;12;14;1;3;5.1;23;74.0;70.2
8419;Geslacht: mannen;Midden-Limburg (CR);2006;90;66;64;54;10;0;5;31;12;15;1;3;4.1;24;73.8;70.7
8420;Geslacht: mannen;Midden-Limburg (CR);2007;90;66;64;55;9;0;5;32;12;14;2;2;3.4;23;74.0;71.5
8421;Geslacht: mannen;Midden-Limburg (CR);2008;90;67;65;56;9;0;5;31;12;16;1;2;3.1;23;74.7;72.3
8422;Geslacht: mannen;Midden-Limburg (CR);2009;90;67;65;55;9;0;5;31;12;15;2;3;4.1;23;74.5;71.5
8423;Geslacht: mannen;Midden-Limburg (CR);2010;91;66;63;53;10;0;5;29;12;16;1;3;4.4;24;73.4;70.1
8424;Geslacht: mannen;Midden-Limburg (CR);2011;90;66;63;53;11;0;5;28;12;16;2;3;3.9;25;72.8;70.0
8425;Geslacht: mannen;Midden-Limburg (CR);2012;91;67;64;53;10;0;5;29;12;17;1;3;4.8;24;73.3;69.8
8426;Geslacht: mannen;Midden-Limburg (CR);2013;91;68;63;52;11;0;6;29;10;18;1;4;6.3;24;74.2;69.5
8427;Geslacht: mannen;Midden-Limburg (CR);2014;91;67;63;52;10;0;6;29;10;16;1;4;6.3;24;73.5;68.9
8428;Geslacht: mannen;Midden-Limburg (CR);2015;91;67;63;52;11;0;5;32;10;16;0;4;5.5;24;73.7;69.6
8429;Geslacht: mannen;Midden-Limburg (CR);2016;91;66;63;52;11;0;5;29;9;19;0;3;4.9;24;73.0;69.4
8430;Geslacht: mannen;Midden-Limburg (CR);2017;91;66;64;53;11;0;6;29;9;18;1;3;4.1;25;72.9;69.9
8431;Geslacht: mannen;Midden-Limburg (CR);2018;91;66;64;53;11;0;6;29;10;17;1;2;3.4;25;72.8;70.4
8432;Geslacht: mannen;Zuid-Limburg (CR);2003;241;170;161;139;22;0;13;73;29;42;5;9;5.1;71;70.4;66.8
8433;Geslacht: mannen;Zuid-Limburg (CR);2004;240;170;159;137;22;0;12;73;29;41;3;11;6.3;70;70.7;66.3
8434;Geslacht: mannen;Zuid-Limburg (CR);2005;238;169;158;135;23;0;14;71;31;39;3;11;6.4;70;70.8;66.2
8435;Geslacht: mannen;Zuid-Limburg (CR);2006;237;166;157;135;22;0;14;72;28;38;5;9;5.3;71;70.1;66.4
8436;Geslacht: mannen;Zuid-Limburg (CR);2007;235;165;158;136;22;0;14;74;28;39;5;7;4.4;70;70.3;67.3
8437;Geslacht: mannen;Zuid-Limburg (CR);2008;234;168;161;138;23;0;13;73;29;41;4;7;3.9;67;71.5;68.7
8438;Geslacht: mannen;Zuid-Limburg (CR);2009;234;167;158;133;25;0;12;72;28;43;3;9;5.1;67;71.4;67.8
8439;Geslacht: mannen;Zuid-Limburg (CR);2010;233;164;155;129;26;0;13;67;28;42;4;9;5.6;69;70.4;66.5
8440;Geslacht: mannen;Zuid-Limburg (CR);2011;232;163;155;130;25;0;14;66;28;42;4;8;4.9;70;70.0;66.6
8441;Geslacht: mannen;Zuid-Limburg (CR);2012;233;163;153;129;24;0;14;64;28;44;3;10;6.0;70;70.0;65.9
8442;Geslacht: mannen;Zuid-Limburg (CR);2013;233;165;152;125;27;0;15;66;24;44;3;13;7.7;68;70.6;65.2
8443;Geslacht: mannen;Zuid-Limburg (CR);2014;232;163;151;124;27;0;15;66;24;42;4;13;7.7;69;70.4;65.0
8444;Geslacht: mannen;Zuid-Limburg (CR);2015;230;163;152;125;27;0;13;69;23;44;2;11;6.8;67;70.7;65.9
8445;Geslacht: mannen;Zuid-Limburg (CR);2016;230;161;152;126;26;0;13;67;23;46;2;9;5.6;69;70.0;66.1
8446;Geslacht: mannen;Zuid-Limburg (CR);2017;230;160;152;124;28;0;13;68;23;44;4;7;4.7;70;69.5;66.2
8447;Geslacht: mannen;Zuid-Limburg (CR);2018;229;160;154;125;29;0;14;69;25;43;3;6;3.8;69;69.9;67.3
8448;Geslacht: mannen;Flevoland (CR);2003;130;103;98;85;13;0;8;44;17;28;1;4;4.2;27;79.1;75.8
8449;Geslacht: mannen;Flevoland (CR);2004;132;104;99;85;14;0;8;47;16;27;0;5;5.2;28;78.7;74.7
8450;Geslacht: mannen;Flevoland (CR);2005;134;106;100;86;14;0;8;48;18;26;1;6;5.4;28;78.9;74.6
8451;Geslacht: mannen;Flevoland (CR);2006;136;107;102;87;15;0;8;48;17;27;1;5;4.4;29;78.4;75.0
8452;Geslacht: mannen;Flevoland (CR);2007;138;110;106;90;16;0;9;52;18;28;0;4;3.3;28;79.5;76.9
8453;Geslacht: mannen;Flevoland (CR);2008;140;113;109;93;16;0;9;50;20;29;2;4;3.2;28;80.3;77.7
8454;Geslacht: mannen;Flevoland (CR);2009;143;114;109;92;17;0;9;50;20;28;3;5;4.4;29;80.0;76.4
8455;Geslacht: mannen;Flevoland (CR);2010;143;112;106;89;17;0;8;45;20;31;2;6;5.3;32;77.9;73.8
8456;Geslacht: mannen;Flevoland (CR);2011;145;112;106;88;18;0;10;45;19;29;2;6;5.1;33;77.0;73.0
8457;Geslacht: mannen;Flevoland (CR);2012;147;114;106;89;18;0;9;48;19;29;1;8;6.7;33;77.5;72.3
8458;Geslacht: mannen;Flevoland (CR);2013;149;116;106;88;18;0;10;45;17;31;2;10;8.5;34;77.4;70.8
8459;Geslacht: mannen;Flevoland (CR);2014;149;114;104;88;17;0;10;46;16;30;2;10;8.7;35;76.4;69.7
8460;Geslacht: mannen;Flevoland (CR);2015;150;116;108;89;19;0;11;46;16;32;3;8;7.0;34;77.1;71.7
8461;Geslacht: mannen;Flevoland (CR);2016;151;117;109;89;20;0;10;51;17;29;3;8;6.7;34;77.3;72.1
8462;Geslacht: mannen;Flevoland (CR);2017;153;117;111;92;19;0;10;52;17;31;2;6;5.1;36;76.5;72.6
8463;Geslacht: mannen;Flevoland (CR);2018;154;119;115;95;20;0;12;52;18;31;2;5;3.8;35;77.3;74.4
8464;Geslacht: mannen;Aa en Hunze;2003;9;7;7;5;1;0;0;3;1;2;0;0;3.7;2;74.7;71.9
8465;Geslacht: mannen;Aa en Hunze;2004;9;7;7;5;2;0;0;3;1;2;0;0;4.5;2;75.1;71.7
8466;Geslacht: mannen;Aa en Hunze;2005;9;7;7;5;2;0;0;3;1;2;0;0;4.5;2;74.3;70.9
8467;Geslacht: mannen;Aa en Hunze;2006;9;7;7;5;1;0;0;3;1;2;0;0;3.9;3;72.4;69.6
8468;Geslacht: mannen;Aa en Hunze;2007;9;7;7;5;1;0;0;3;1;2;0;0;2.9;3;72.7;70.6
8469;Geslacht: mannen;Aa en Hunze;2008;9;7;7;5;1;0;0;3;1;2;0;0;2.6;3;73.0;71.1
8470;Geslacht: mannen;Aa en Hunze;2009;9;7;7;5;2;0;0;3;1;2;0;0;3.6;2;74.9;72.2
8471;Geslacht: mannen;Aa en Hunze;2010;10;7;7;5;2;0;0;3;1;2;0;0;3.8;3;72.6;69.8
8472;Geslacht: mannen;Aa en Hunze;2011;10;7;7;5;2;0;1;3;1;2;0;0;3.9;3;72.2;69.3
8473;Geslacht: mannen;Aa en Hunze;2012;10;7;7;5;2;0;1;3;1;2;0;0;4.8;3;73.5;70.0
8474;Geslacht: mannen;Aa en Hunze;2013;10;7;7;5;2;0;1;3;1;2;0;0;6.2;3;72.9;68.4
8475;Geslacht: mannen;Aa en Hunze;2014;9;7;6;5;1;0;1;3;1;2;0;0;6.4;3;73.4;68.7
8476;Geslacht: mannen;Aa en Hunze;2015;9;7;6;5;1;0;1;3;1;2;0;0;6.0;3;72.9;68.5
8477;Geslacht: mannen;Aa en Hunze;2016;9;7;6;5;1;0;0;3;1;2;0;0;4.8;3;72.1;68.7
8478;Geslacht: mannen;Aa en Hunze;2017;9;7;7;5;2;0;1;3;1;2;0;0;4.1;3;72.9;69.9
8479;Geslacht: mannen;Aa en Hunze;2018;9;7;7;5;1;0;0;3;1;2;0;0;3.3;3;73.1;70.7
8480;Geslacht: mannen;Aalburg;2003;4;3;3;3;1;0;0;2;1;1;0;0;2.9;1;78.3;76.0
8481;Geslacht: mannen;Aalburg;2004;4;3;3;3;1;0;0;2;1;1;0;0;3.3;1;78.2;75.6
8482;Geslacht: mannen;Aalburg;2005;4;3;3;3;1;0;0;2;1;1;0;0;3.5;1;78.2;75.4
8483;Geslacht: mannen;Aalburg;2006;4;4;3;3;1;0;0;2;1;1;0;0;2.8;1;78.5;76.3
8484;Geslacht: mannen;Aalburg;2007;5;4;3;3;1;0;0;2;1;1;0;0;2.4;1;78.7;76.8
8485;Geslacht: mannen;Aalburg;2008;5;4;4;3;1;0;0;2;1;1;0;0;2.1;1;80.2;78.5
8486;Geslacht: mannen;Aalburg;2009;5;4;4;3;1;0;0;2;1;1;0;0;2.6;1;79.7;77.7
8487;Geslacht: mannen;Aalburg;2010;5;4;4;3;1;0;0;2;1;1;0;0;3.3;1;78.7;76.1
8488;Geslacht: mannen;Aalburg;2011;5;4;4;3;1;0;0;2;1;1;0;0;3.0;1;77.9;75.6
8489;Geslacht: mannen;Aalburg;2012;5;4;4;3;1;0;0;2;1;1;0;0;3.9;1;77.9;74.9
8490;Geslacht: mannen;Aalburg;2013;5;4;4;3;1;0;0;2;1;1;0;0;5.2;1;78.6;74.5
8491;Geslacht: mannen;Aalburg;2014;5;4;4;3;1;0;0;2;1;1;0;0;5.4;1;78.5;74.2
8492;Geslacht: mannen;Aalburg;2015;5;4;4;3;1;0;0;2;0;1;0;0;4.8;1;77.2;73.5
8493;Geslacht: mannen;Aalburg;2016;5;4;4;3;1;0;0;2;1;1;0;0;3.8;1;77.5;74.6
8494;Geslacht: mannen;Aalburg;2017;5;4;4;3;1;0;0;2;1;1;0;0;3.1;1;78.0;75.6
8495;Geslacht: mannen;Aalburg;2018;5;4;4;3;1;0;0;2;1;1;0;0;2.5;1;78.1;76.1
8496;Geslacht: mannen;Aalsmeer;2003;9;7;7;5;1;0;0;3;1;2;0;0;2.4;2;77.5;75.6
8497;Geslacht: mannen;Aalsmeer;2004;9;7;6;5;1;0;0;3;1;2;0;0;3.0;2;77.0;74.6
8498;Geslacht: mannen;Aalsmeer;2005;9;7;7;6;1;0;0;4;1;1;0;0;3.0;2;76.9;74.6
8499;Geslacht: mannen;Aalsmeer;2006;9;7;7;6;1;0;1;4;1;1;0;0;2.5;2;78.3;76.4
8500;Geslacht: mannen;Aalsmeer;2007;10;8;7;6;1;0;1;4;1;2;0;0;2.2;2;78.7;77.0
8501;Geslacht: mannen;Aalsmeer;2008;10;8;8;7;1;0;1;4;1;1;0;0;2.1;2;81.1;79.4
8502;Geslacht: mannen;Aalsmeer;2009;11;9;8;7;1;0;1;4;1;2;0;0;2.6;2;80.9;78.9
8503;Geslacht: mannen;Aalsmeer;2010;11;9;8;7;1;0;1;4;2;2;0;0;3.2;2;80.0;77.5
8504;Geslacht: mannen;Aalsmeer;2011;11;9;8;7;1;0;1;4;2;2;0;0;3.5;2;78.7;75.9
8505;Geslacht: mannen;Aalsmeer;2012;11;9;9;7;2;0;1;4;1;2;0;0;3.8;2;79.8;76.8
8506;Geslacht: mannen;Aalsmeer;2013;11;9;8;7;2;0;1;3;1;3;0;0;5.4;2;79.3;75.1
8507;Geslacht: mannen;Aalsmeer;2014;11;9;8;7;2;0;1;4;1;3;0;0;5.2;2;79.4;75.3
8508;Geslacht: mannen;Aalsmeer;2015;11;9;9;7;2;0;1;3;1;3;0;0;4.8;2;79.2;75.4
8509;Geslacht: mannen;Aalsmeer;2016;11;9;9;7;2;0;1;3;1;3;0;0;4.1;2;78.6;75.4
8510;Geslacht: mannen;Aalsmeer;2017;11;9;9;7;2;0;1;4;1;2;0;0;3.0;2;79.4;77.0
8511;Geslacht: mannen;Aalsmeer;2018;12;9;9;7;2;0;1;4;1;3;0;0;2.4;2;79.9;77.9
8512;Geslacht: mannen;Aalten;2003;10;8;8;7;1;0;1;4;1;1;0;0;3.0;2;76.2;74.0
8513;Geslacht: mannen;Aalten;2004;10;8;7;6;1;0;1;4;1;1;0;0;3.7;3;75.5;72.7
8514;Geslacht: mannen;Aalten;2005;10;8;7;6;1;0;1;4;1;1;0;0;3.8;3;75.1;72.3
8515;Geslacht: mannen;Aalten;2006;10;8;8;6;1;0;1;4;1;2;0;0;2.8;2;76.3;74.2
8516;Geslacht: mannen;Aalten;2007;10;8;8;6;1;0;1;4;1;2;0;0;2.4;2;76.5;74.7
8517;Geslacht: mannen;Aalten;2008;10;8;8;7;1;0;1;4;1;1;0;0;2.4;2;76.9;75.1
8518;Geslacht: mannen;Aalten;2009;10;8;7;6;1;0;1;4;1;1;0;0;3.2;3;75.2;72.8
8519;Geslacht: mannen;Aalten;2010;10;8;7;6;1;0;1;4;1;2;0;0;3.8;3;75.3;72.4
8520;Geslacht: mannen;Aalten;2011;10;8;7;6;1;0;1;4;1;1;0;0;3.7;3;74.2;71.5
8521;Geslacht: mannen;Aalten;2012;10;8;7;6;1;0;1;4;1;1;0;0;3.8;3;74.7;71.8
8522;Geslacht: mannen;Aalten;2013;10;8;7;6;1;0;1;4;1;2;0;0;5.6;2;76.9;72.6
8523;Geslacht: mannen;Aalten;2014;10;8;7;6;1;0;1;4;1;1;0;0;5.7;2;75.7;71.4
8524;Geslacht: mannen;Aalten;2015;10;8;7;6;1;0;1;4;1;2;0;0;4.8;2;75.7;72.1
8525;Geslacht: mannen;Aalten;2016;10;8;7;6;1;0;1;4;1;2;0;0;4.3;3;75.1;71.9
8526;Geslacht: mannen;Aalten;2017;10;8;7;6;1;0;1;4;1;2;0;0;3.3;2;76.0;73.4
8527;Geslacht: mannen;Aalten;2018;10;8;7;6;1;0;1;4;1;2;0;0;2.8;2;75.8;73.6
8528;Geslacht: mannen;Achtkarspelen;2003;11;8;7;6;1;0;1;4;1;1;0;0;5.1;3;72.3;68.6
8529;Geslacht: mannen;Achtkarspelen;2004;11;8;8;6;1;0;1;4;1;1;0;1;6.3;3;74.3;69.6
8530;Geslacht: mannen;Achtkarspelen;2005;11;8;8;6;1;0;1;5;1;1;0;0;5.8;3;74.2;69.9
8531;Geslacht: mannen;Achtkarspelen;2006;11;8;8;6;1;0;1;5;1;1;0;0;4.3;3;72.6;69.5
8532;Geslacht: mannen;Achtkarspelen;2007;11;8;8;6;2;0;1;5;1;1;0;0;3.3;3;74.6;72.1
8533;Geslacht: mannen;Achtkarspelen;2008;11;8;8;6;2;0;1;5;1;1;0;0;2.8;3;75.3;73.2
8534;Geslacht: mannen;Achtkarspelen;2009;11;8;8;6;2;0;1;4;1;2;0;0;3.7;3;74.2;71.5
8535;Geslacht: mannen;Achtkarspelen;2010;11;8;8;6;1;0;1;4;1;2;0;0;4.9;3;73.7;70.1
8536;Geslacht: mannen;Achtkarspelen;2011;11;8;7;6;2;0;1;4;1;1;0;0;5.2;3;73.2;69.4
8537;Geslacht: mannen;Achtkarspelen;2012;11;8;7;6;2;0;1;4;1;1;0;0;6.1;3;73.6;69.1
8538;Geslacht: mannen;Achtkarspelen;2013;11;8;7;6;2;0;1;4;1;1;0;1;8.0;3;75.0;69.1
8539;Geslacht: mannen;Achtkarspelen;2014;11;8;7;6;1;0;1;4;1;1;0;1;8.4;3;74.6;68.3
8540;Geslacht: mannen;Achtkarspelen;2015;11;8;7;6;1;0;1;4;1;1;0;1;7.0;3;74.0;68.9
8541;Geslacht: mannen;Achtkarspelen;2016;11;8;7;6;2;0;1;4;1;1;0;0;5.9;3;74.2;69.8
8542;Geslacht: mannen;Achtkarspelen;2017;11;8;8;6;2;0;1;5;1;1;0;0;4.3;3;73.1;70.0
8543;Geslacht: mannen;Achtkarspelen;2018;11;8;8;6;2;0;1;5;1;1;0;0;3.5;3;74.1;71.5
8544;Geslacht: mannen;Alblasserdam;2003;7;5;5;4;1;0;0;2;1;1;0;0;3.1;2;76.9;74.5
8545;Geslacht: mannen;Alblasserdam;2004;7;5;5;4;1;0;0;3;1;1;0;0;3.9;2;76.1;73.1
8546;Geslacht: mannen;Alblasserdam;2005;7;5;5;4;1;0;0;2;1;1;0;0;3.9;2;76.3;73.4
8547;Geslacht: mannen;Alblasserdam;2006;7;5;5;4;1;0;0;2;1;1;0;0;2.9;2;76.0;73.8
8548;Geslacht: mannen;Alblasserdam;2007;7;5;5;4;1;0;0;2;1;1;0;0;2.5;2;77.1;75.2
8549;Geslacht: mannen;Alblasserdam;2008;7;5;5;4;1;0;0;2;1;2;0;0;2.2;2;77.6;75.9
8550;Geslacht: mannen;Alblasserdam;2009;7;5;5;4;1;0;0;2;1;1;0;0;2.7;1;78.0;75.9
8551;Geslacht: mannen;Alblasserdam;2010;7;5;5;4;1;0;0;3;1;1;0;0;3.4;2;77.1;74.4
8552;Geslacht: mannen;Alblasserdam;2011;7;5;5;4;1;0;0;3;1;1;0;0;3.4;2;76.6;74.0
8553;Geslacht: mannen;Alblasserdam;2012;7;5;5;4;1;0;0;2;1;1;0;0;3.9;2;77.3;74.2
8554;Geslacht: mannen;Alblasserdam;2013;7;5;5;4;1;0;0;2;1;1;0;0;5.6;2;77.9;73.6
8555;Geslacht: mannen;Alblasserdam;2014;7;5;5;4;1;0;0;2;1;2;0;0;5.2;2;78.0;73.9
8556;Geslacht: mannen;Alblasserdam;2015;7;5;5;4;1;0;0;2;1;1;0;0;4.6;2;77.8;74.2
8557;Geslacht: mannen;Alblasserdam;2016;7;5;5;4;1;0;0;3;1;1;0;0;4.1;2;78.3;75.1
8558;Geslacht: mannen;Alblasserdam;2017;7;6;5;4;1;0;0;3;1;1;0;0;3.6;2;78.3;75.5
8559;Geslacht: mannen;Alblasserdam;2018;7;6;5;4;1;0;1;2;1;1;0;0;3.2;2;78.3;75.8
8560;Geslacht: mannen;Albrandswaard;2003;7;5;5;5;1;0;0;2;1;2;0;0;2.7;1;79.6;77.4
8561;Geslacht: mannen;Albrandswaard;2004;7;6;5;5;1;0;0;2;1;2;0;0;3.5;2;77.9;75.2
8562;Geslacht: mannen;Albrandswaard;2005;8;6;6;5;1;0;0;2;1;2;0;0;3.4;2;78.1;75.5
8563;Geslacht: mannen;Albrandswaard;2006;8;6;6;5;1;0;0;2;1;2;0;0;2.6;2;78.6;76.6
8564;Geslacht: mannen;Albrandswaard;2007;8;6;6;5;1;0;0;2;1;2;0;0;2.2;2;80.0;78.3
8565;Geslacht: mannen;Albrandswaard;2008;8;7;6;5;1;0;0;2;1;3;0;0;2.1;2;80.2;78.5
8566;Geslacht: mannen;Albrandswaard;2009;8;7;7;6;1;0;0;2;1;2;0;0;2.7;2;79.7;77.6
8567;Geslacht: mannen;Albrandswaard;2010;9;7;7;6;1;0;0;2;1;2;0;0;3.2;2;79.1;76.6
8568;Geslacht: mannen;Albrandswaard;2011;9;7;7;6;1;0;0;2;1;2;0;0;3.4;2;79.0;76.3
8569;Geslacht: mannen;Albrandswaard;2012;9;7;7;6;1;0;0;3;1;2;0;0;4.0;2;79.3;76.2
8570;Geslacht: mannen;Albrandswaard;2013;9;7;7;6;1;0;1;2;1;2;1;0;5.6;2;79.4;74.9
8571;Geslacht: mannen;Albrandswaard;2014;9;7;7;5;1;0;0;2;1;3;0;0;5.6;2;79.2;74.8
8572;Geslacht: mannen;Albrandswaard;2015;9;7;7;5;1;0;0;2;1;3;0;0;5.2;2;77.7;73.7
8573;Geslacht: mannen;Albrandswaard;2016;9;7;7;5;1;0;1;2;1;2;0;0;4.1;2;78.2;75.0
8574;Geslacht: mannen;Albrandswaard;2017;9;7;7;6;1;0;1;3;1;2;0;0;3.2;2;78.6;76.0
8575;Geslacht: mannen;Albrandswaard;2018;9;7;7;6;1;0;1;3;1;2;0;0;2.7;2;78.5;76.4
8576;Geslacht: mannen;Alkmaar;2003;39;30;29;25;4;0;2;13;5;8;1;1;3.9;9;76.1;73.1
8577;Geslacht: mannen;Alkmaar;2004;40;30;29;26;3;0;2;12;5;8;0;1;4.8;9;76.3;72.7
8578;Geslacht: mannen;Alkmaar;2005;40;31;29;25;4;0;3;12;5;8;0;1;4.2;9;76.7;73.4
8579;Geslacht: mannen;Alkmaar;2006;40;31;29;25;4;0;3;12;6;8;1;1;3.7;9;76.5;73.7
8580;Geslacht: mannen;Alkmaar;2007;40;31;30;26;5;0;3;12;5;10;0;1;3.0;9;77.6;75.3
8581;Geslacht: mannen;Alkmaar;2008;40;32;31;26;5;0;2;13;6;10;0;1;2.6;9;78.7;76.7
8582;Geslacht: mannen;Alkmaar;2009;40;31;30;25;5;0;2;13;5;9;1;1;3.5;9;78.1;75.4
8583;Geslacht: mannen;Alkmaar;2010;40;31;29;25;5;0;2;12;5;9;1;1;4.0;9;76.6;73.5
8584;Geslacht: mannen;Alkmaar;2011;40;30;29;25;4;0;2;13;5;9;0;1;4.2;10;75.8;72.6
8585;Geslacht: mannen;Alkmaar;2012;40;31;29;24;5;0;2;12;5;10;0;2;5.4;9;77.2;73.0
8586;Geslacht: mannen;Alkmaar;2013;41;31;29;24;5;0;2;12;5;9;1;2;6.6;10;75.8;70.8
8587;Geslacht: mannen;Alkmaar;2014;41;31;29;24;5;0;3;12;4;10;0;2;6.4;10;75.6;70.7
8588;Geslacht: mannen;Alkmaar;2015;41;31;29;24;5;0;3;12;5;9;0;2;5.5;10;75.5;71.4
8589;Geslacht: mannen;Alkmaar;2016;41;31;29;23;6;0;3;12;5;9;1;2;5.2;10;75.3;71.4
8590;Geslacht: mannen;Alkmaar;2017;41;30;29;23;6;0;2;11;5;9;2;1;4.3;11;74.3;71.2
8591;Geslacht: mannen;Alkmaar;2018;41;31;30;24;6;0;3;12;5;8;1;1;3.7;10;75.8;73.1
8592;Geslacht: mannen;Almelo;2003;27;20;19;17;2;0;1;10;3;4;0;1;5.5;7;73.3;69.3
8593;Geslacht: mannen;Almelo;2004;27;20;18;16;2;0;1;10;3;4;0;1;6.9;7;72.8;67.8
8594;Geslacht: mannen;Almelo;2005;27;20;18;16;2;0;2;10;3;3;0;1;6.7;7;73.9;69.0
8595;Geslacht: mannen;Almelo;2006;27;20;19;16;2;0;1;10;3;3;1;1;6.0;7;73.2;68.8
8596;Geslacht: mannen;Almelo;2007;27;20;20;16;3;0;2;10;3;4;0;1;4.4;6;76.0;72.7
8597;Geslacht: mannen;Almelo;2008;27;21;20;17;3;0;2;12;3;4;0;1;3.8;6;76.4;73.5
8598;Geslacht: mannen;Almelo;2009;27;20;19;16;3;0;1;10;3;4;0;1;4.8;7;75.9;72.2
8599;Geslacht: mannen;Almelo;2010;27;20;19;16;3;0;1;10;3;5;0;1;5.8;7;73.7;69.4
8600;Geslacht: mannen;Almelo;2011;27;20;19;16;3;0;2;10;3;4;0;1;5.6;7;74.6;70.4
8601;Geslacht: mannen;Almelo;2012;27;20;18;15;3;0;2;8;3;5;0;1;6.7;7;73.1;68.2
8602;Geslacht: mannen;Almelo;2013;27;20;18;15;3;0;2;8;3;5;1;2;9.1;7;73.4;66.7
8603;Geslacht: mannen;Almelo;2014;27;19;18;14;3;0;2;8;2;5;1;2;9.6;7;72.3;65.4
8604;Geslacht: mannen;Almelo;2015;27;20;18;15;3;0;2;9;2;4;0;2;8.9;7;73.2;66.7
8605;Geslacht: mannen;Almelo;2016;27;19;18;15;3;0;2;8;3;5;0;1;7.5;8;71.3;65.9
8606;Geslacht: mannen;Almelo;2017;27;19;18;15;3;0;2;9;3;4;1;1;5.8;8;71.8;67.6
8607;Geslacht: mannen;Almelo;2018;27;20;19;15;4;0;2;11;3;4;0;1;4.5;7;73.9;70.6
8608;Geslacht: mannen;Almere;2003;61;49;47;42;5;0;4;20;9;14;0;2;4.5;12;80.7;77.0
8609;Geslacht: mannen;Almere;2004;63;50;47;43;4;0;4;22;8;13;0;3;5.7;12;80.4;75.8
8610;Geslacht: mannen;Almere;2005;64;52;49;43;6;0;4;22;9;13;0;3;5.9;12;80.6;75.9
8611;Geslacht: mannen;Almere;2006;65;52;50;44;6;0;4;22;9;14;1;2;4.7;13;80.1;76.3
8612;Geslacht: mannen;Almere;2007;66;54;52;45;7;0;4;24;9;14;0;2;3.5;13;81.1;78.3
8613;Geslacht: mannen;Almere;2008;68;55;53;47;6;0;4;23;10;14;2;2;3.5;13;81.0;78.2
8614;Geslacht: mannen;Almere;2009;69;55;53;46;6;0;4;22;10;15;2;3;5.0;13;80.7;76.6
8615;Geslacht: mannen;Almere;2010;69;54;51;44;7;0;4;19;10;17;1;3;6.1;15;78.5;73.7
8616;Geslacht: mannen;Almere;2011;70;54;51;43;8;0;6;20;9;15;1;3;5.7;16;77.2;72.8
8617;Geslacht: mannen;Almere;2012;72;56;52;45;7;0;4;21;10;16;1;4;7.4;16;78.0;72.3
8618;Geslacht: mannen;Almere;2013;73;57;52;45;7;0;5;21;8;17;1;5;9.5;16;78.7;71.2
8619;Geslacht: mannen;Almere;2014;73;57;51;44;7;0;5;22;8;16;0;6;10.0;17;77.2;69.5
8620;Geslacht: mannen;Almere;2015;73;57;53;45;8;0;5;22;7;18;0;4;7.7;16;77.8;71.9
8621;Geslacht: mannen;Almere;2016;74;58;54;45;8;0;4;24;9;16;1;4;7.7;16;78.3;72.3
8622;Geslacht: mannen;Almere;2017;76;58;55;47;8;0;5;24;8;17;1;3;5.6;17;77.0;72.7
8623;Geslacht: mannen;Almere;2018;77;60;57;49;9;0;6;25;9;16;1;3;4.3;17;77.6;74.2
8624;Geslacht: mannen;Alphen aan den Rijn;2003;39;32;31;26;5;0;2;15;6;8;0;1;3.2;8;80.6;78.0
8625;Geslacht: mannen;Alphen aan den Rijn;2004;39;31;30;26;4;0;2;14;6;8;0;1;3.6;8;79.7;76.9
8626;Geslacht: mannen;Alphen aan den Rijn;2005;39;31;30;26;4;0;2;15;6;8;0;1;3.7;8;79.6;76.7
8627;Geslacht: mannen;Alphen aan den Rijn;2006;39;31;30;26;4;0;2;14;5;8;0;1;3.0;9;78.4;76.0
8628;Geslacht: mannen;Alphen aan den Rijn;2007;40;31;31;26;5;0;2;13;6;9;1;1;2.5;8;79.5;77.5
8629;Geslacht: mannen;Alphen aan den Rijn;2008;40;32;31;26;5;0;2;14;5;9;0;1;2.4;8;79.5;77.6
8630;Geslacht: mannen;Alphen aan den Rijn;2009;40;32;31;25;5;0;2;14;6;9;0;1;3.1;8;79.8;77.4
8631;Geslacht: mannen;Alphen aan den Rijn;2010;40;31;30;25;5;0;2;13;5;9;0;1;3.8;9;78.6;75.6
8632;Geslacht: mannen;Alphen aan den Rijn;2011;40;31;29;25;5;0;2;13;5;9;0;1;3.7;9;77.1;74.3
8633;Geslacht: mannen;Alphen aan den Rijn;2012;40;31;30;25;5;0;2;12;5;10;0;1;4.5;9;78.6;75.1
8634;Geslacht: mannen;Alphen aan den Rijn;2013;40;31;29;25;5;0;3;11;5;10;0;2;5.9;9;77.8;73.2
8635;Geslacht: mannen;Alphen aan den Rijn;2014;40;31;30;24;5;0;3;11;5;10;0;2;5.7;9;77.9;73.5
8636;Geslacht: mannen;Alphen aan den Rijn;2015;40;31;29;24;5;0;3;11;5;10;1;2;5.5;9;77.3;73.0
8637;Geslacht: mannen;Alphen aan den Rijn;2016;40;31;30;24;6;0;2;13;4;10;0;2;5.0;9;77.1;73.2
8638;Geslacht: mannen;Alphen aan den Rijn;2017;41;32;30;25;5;0;2;14;5;9;0;1;3.8;9;77.1;74.1
8639;Geslacht: mannen;Alphen aan den Rijn;2018;41;32;31;25;6;0;2;13;6;8;1;1;3.3;9;77.7;75.1
8640;Geslacht: mannen;Alphen-Chaam;2003;4;3;3;2;1;0;0;1;0;1;0;0;2.7;1;74.8;72.7
8641;Geslacht: mannen;Alphen-Chaam;2004;4;3;3;2;1;0;0;1;0;1;0;0;3.2;1;75.5;73.1
8642;Geslacht: mannen;Alphen-Chaam;2005;4;3;3;2;1;0;0;1;0;1;0;0;3.1;1;75.0;72.7
8643;Geslacht: mannen;Alphen-Chaam;2006;4;3;3;2;1;0;0;1;0;1;0;0;2.7;1;74.7;72.7
8644;Geslacht: mannen;Alphen-Chaam;2007;4;3;3;2;1;0;0;1;0;1;0;0;2.3;1;75.7;73.9
8645;Geslacht: mannen;Alphen-Chaam;2008;4;3;3;2;1;0;0;1;0;1;0;0;2.1;1;76.2;74.6
8646;Geslacht: mannen;Alphen-Chaam;2009;4;3;3;2;1;0;0;1;0;1;0;0;2.6;1;76.4;74.4
8647;Geslacht: mannen;Alphen-Chaam;2010;4;3;3;2;1;0;0;1;0;1;0;0;3.2;1;76.3;73.8
8648;Geslacht: mannen;Alphen-Chaam;2011;4;3;3;2;1;0;0;1;0;1;0;0;3.0;1;74.8;72.5
8649;Geslacht: mannen;Alphen-Chaam;2012;4;3;3;2;1;0;0;1;0;1;0;0;3.5;1;76.0;73.3
8650;Geslacht: mannen;Alphen-Chaam;2013;4;3;3;2;1;0;0;1;0;1;0;0;5.0;1;76.0;72.2
8651;Geslacht: mannen;Alphen-Chaam;2014;4;3;3;2;1;0;0;1;0;1;0;0;4.8;1;75.5;71.9
8652;Geslacht: mannen;Alphen-Chaam;2015;4;3;3;2;1;0;0;1;0;1;0;0;4.5;1;75.7;72.3
8653;Geslacht: mannen;Alphen-Chaam;2016;4;3;3;2;1;0;0;1;0;1;0;0;3.9;1;74.6;71.7
8654;Geslacht: mannen;Alphen-Chaam;2017;4;3;3;2;1;0;0;1;0;1;0;0;3.3;1;74.3;71.9
8655;Geslacht: mannen;Alphen-Chaam;2018;4;3;3;2;1;0;0;1;0;1;0;0;2.7;1;74.5;72.5
8656;Geslacht: mannen;Ameland;2003;1;1;1;1;0;0;0;1;0;0;0;0;3.3;0;75.5;73.0
8657;Geslacht: mannen;Ameland;2004;1;1;1;1;0;0;0;1;0;0;0;0;3.8;0;75.0;72.2
8658;Geslacht: mannen;Ameland;2005;1;1;1;1;0;0;0;1;0;0;0;0;3.4;0;75.0;72.4
8659;Geslacht: mannen;Ameland;2006;1;1;1;1;0;0;0;1;0;0;0;0;2.7;0;74.3;72.3
8660;Geslacht: mannen;Ameland;2007;1;1;1;1;0;0;0;1;0;0;0;0;2.2;0;74.7;73.1
8661;Geslacht: mannen;Ameland;2008;1;1;1;1;0;0;0;1;0;0;0;0;2.2;0;75.3;73.6
8662;Geslacht: mannen;Ameland;2009;1;1;1;1;0;0;0;1;0;0;0;0;2.6;0;75.6;73.6
8663;Geslacht: mannen;Ameland;2010;1;1;1;1;0;0;0;1;0;0;0;0;3.1;0;75.1;72.7
8664;Geslacht: mannen;Ameland;2011;1;1;1;1;0;0;0;0;0;0;0;0;3.4;0;74.1;71.6
8665;Geslacht: mannen;Ameland;2012;1;1;1;1;0;0;0;0;0;0;0;0;4.1;0;75.2;72.1
8666;Geslacht: mannen;Ameland;2013;1;1;1;1;0;0;0;0;0;0;0;0;5.4;0;74.5;70.5
8667;Geslacht: mannen;Ameland;2014;1;1;1;1;0;0;0;0;0;0;0;0;5.1;0;75.2;71.3
8668;Geslacht: mannen;Ameland;2015;1;1;1;1;0;0;0;0;0;0;0;0;4.7;0;75.8;72.3
8669;Geslacht: mannen;Ameland;2016;1;1;1;1;0;0;0;1;0;0;0;0;4.1;0;75.8;72.7
8670;Geslacht: mannen;Ameland;2017;1;1;1;1;0;0;0;0;0;0;0;0;3.2;0;75.5;73.1
8671;Geslacht: mannen;Ameland;2018;1;1;1;1;0;0;0;0;0;0;0;0;2.5;0;76.5;74.6
8672;Geslacht: mannen;Amersfoort;2003;47;37;36;31;5;0;3;10;6;17;0;2;4.3;10;79.0;75.5
8673;Geslacht: mannen;Amersfoort;2004;48;38;36;31;5;0;3;13;6;15;0;2;5.1;10;79.2;75.2
8674;Geslacht: mannen;Amersfoort;2005;49;38;37;32;5;0;2;13;6;15;0;2;4.9;10;78.9;75.1
8675;Geslacht: mannen;Amersfoort;2006;50;40;38;33;5;0;3;14;6;15;0;2;4.0;10;80.2;77.0
8676;Geslacht: mannen;Amersfoort;2007;50;40;39;34;5;0;3;13;7;17;0;1;3.2;10;80.2;77.6
8677;Geslacht: mannen;Amersfoort;2008;51;41;40;34;6;0;3;12;7;18;0;1;2.7;10;80.1;77.9
8678;Geslacht: mannen;Amersfoort;2009;52;42;40;34;6;0;3;12;7;18;0;1;3.5;10;80.2;77.4
8679;Geslacht: mannen;Amersfoort;2010;52;41;39;34;5;0;3;12;7;17;1;2;4.3;11;78.9;75.4
8680;Geslacht: mannen;Amersfoort;2011;53;42;40;33;6;0;2;13;7;18;0;2;4.1;11;78.5;75.3
8681;Geslacht: mannen;Amersfoort;2012;54;42;40;33;7;0;3;14;7;17;0;2;5.3;11;78.9;74.7
8682;Geslacht: mannen;Amersfoort;2013;55;43;40;32;8;0;3;12;6;17;1;3;6.5;11;79.3;74.1
8683;Geslacht: mannen;Amersfoort;2014;55;43;41;34;7;0;3;12;6;19;1;3;6.5;12;78.9;73.8
8684;Geslacht: mannen;Amersfoort;2015;55;44;41;33;8;0;4;13;6;18;0;3;6.7;12;79.1;73.8
8685;Geslacht: mannen;Amersfoort;2016;56;44;42;34;8;0;3;14;7;18;0;2;4.7;12;78.9;75.2
8686;Geslacht: mannen;Amersfoort;2017;57;44;43;35;8;0;3;13;7;19;1;2;3.9;12;78.0;75.0
8687;Geslacht: mannen;Amersfoort;2018;57;46;44;36;8;0;3;13;7;20;0;1;3.2;12;79.4;76.9
8688;Geslacht: mannen;Amstelveen;2003;28;21;20;17;3;0;1;7;4;8;0;1;3.6;7;75.4;72.7
8689;Geslacht: mannen;Amstelveen;2004;28;21;20;17;3;0;1;7;4;8;0;1;4.5;7;74.3;70.9
8690;Geslacht: mannen;Amstelveen;2005;28;21;20;17;3;0;1;7;4;8;0;1;4.6;7;75.3;71.8
8691;Geslacht: mannen;Amstelveen;2006;28;21;20;16;4;0;2;7;4;8;0;1;3.6;7;75.7;73.0
8692;Geslacht: mannen;Amstelveen;2007;28;21;20;17;4;0;2;6;4;8;0;1;3.2;7;75.9;73.4
8693;Geslacht: mannen;Amstelveen;2008;28;22;21;17;4;0;2;7;4;9;0;1;2.9;6;77.1;74.9
8694;Geslacht: mannen;Amstelveen;2009;28;22;21;17;4;0;1;7;4;9;0;1;3.5;7;76.8;74.1
8695;Geslacht: mannen;Amstelveen;2010;28;22;21;17;4;0;1;7;3;9;0;1;3.9;7;76.0;73.0
8696;Geslacht: mannen;Amstelveen;2011;29;22;21;17;4;0;1;7;4;8;0;1;4.7;7;74.5;71.0
8697;Geslacht: mannen;Amstelveen;2012;29;23;21;17;5;0;2;7;4;9;0;1;5.1;7;76.8;72.9
8698;Geslacht: mannen;Amstelveen;2013;30;23;21;17;5;0;2;6;4;9;0;2;7.0;7;76.3;70.9
8699;Geslacht: mannen;Amstelveen;2014;30;23;22;17;5;0;2;6;4;10;0;2;6.6;7;76.5;71.4
8700;Geslacht: mannen;Amstelveen;2015;31;24;22;18;4;0;2;6;4;10;0;1;5.8;7;76.6;72.2
8701;Geslacht: mannen;Amstelveen;2016;31;24;23;18;5;0;2;7;3;11;0;1;4.7;7;77.8;74.1
8702;Geslacht: mannen;Amstelveen;2017;31;24;23;18;5;0;2;7;3;11;0;1;4.2;7;77.4;74.1
8703;Geslacht: mannen;Amstelveen;2018;31;24;23;19;5;0;2;8;4;10;0;1;3.8;7;77.7;74.7
8704;Geslacht: mannen;Amsterdam;2003;286;204;190;154;35;0;17;64;36;69;4;15;7.2;82;71.5;66.3
8705;Geslacht: mannen;Amsterdam;2004;288;212;195;150;44;0;15;69;31;79;0;17;8.0;76;73.5;67.6
8706;Geslacht: mannen;Amsterdam;2005;289;214;198;152;46;0;15;76;32;75;0;16;7.5;75;74.1;68.6
8707;Geslacht: mannen;Amsterdam;2006;289;218;205;158;47;0;19;73;33;80;1;13;5.9;71;75.3;70.9
8708;Geslacht: mannen;Amsterdam;2007;290;217;207;158;49;0;19;69;31;88;0;10;4.8;73;75.0;71.4
8709;Geslacht: mannen;Amsterdam;2008;293;223;213;162;50;0;16;66;36;93;2;10;4.4;70;76.0;72.7
8710;Geslacht: mannen;Amsterdam;2009;296;225;212;162;50;0;16;68;38;88;3;12;5.5;72;75.8;71.6
8711;Geslacht: mannen;Amsterdam;2010;298;224;211;160;50;0;14;69;37;90;1;13;5.8;74;75.2;70.8
8712;Geslacht: mannen;Amsterdam;2011;301;224;210;158;51;0;13;69;37;88;2;15;6.6;77;74.5;69.6
8713;Geslacht: mannen;Amsterdam;2012;306;232;215;159;55;0;17;66;36;95;0;17;7.2;74;75.7;70.2
8714;Geslacht: mannen;Amsterdam;2013;312;239;217;158;59;0;17;64;35;100;0;22;9.1;74;76.4;69.4
8715;Geslacht: mannen;Amsterdam;2014;316;242;222;160;62;0;19;68;30;103;1;20;8.2;74;76.5;70.2
8716;Geslacht: mannen;Amsterdam;2015;320;241;222;161;61;0;18;73;31;100;1;19;7.7;79;75.2;69.4
8717;Geslacht: mannen;Amsterdam;2016;325;249;232;169;64;0;20;69;35;106;3;16;6.5;77;76.5;71.5
8718;Geslacht: mannen;Amsterdam;2017;330;248;234;172;62;0;19;71;31;111;2;14;5.8;82;75.3;70.9
8719;Geslacht: mannen;Amsterdam;2018;334;251;238;175;63;0;21;66;35;113;3;13;5.2;83;75.3;71.3
8720;Geslacht: mannen;Apeldoorn;2003;57;45;43;38;5;0;3;19;7;13;1;2;3.6;12;78.6;75.7
8721;Geslacht: mannen;Apeldoorn;2004;57;43;41;36;5;0;2;18;8;12;1;2;4.9;14;75.2;71.5
8722;Geslacht: mannen;Apeldoorn;2005;57;43;41;36;5;0;3;18;7;12;0;2;4.5;14;75.3;71.9
8723;Geslacht: mannen;Apeldoorn;2006;57;43;42;35;6;0;3;19;7;12;0;1;3.4;14;76.0;73.4
8724;Geslacht: mannen;Apeldoorn;2007;57;44;43;37;6;0;3;18;8;13;0;1;3.0;13;77.9;75.5
8725;Geslacht: mannen;Apeldoorn;2008;57;44;43;36;7;0;4;16;7;15;0;1;3.0;13;77.8;75.4
8726;Geslacht: mannen;Apeldoorn;2009;57;43;42;34;7;0;3;16;7;15;0;1;3.3;14;75.9;73.3
8727;Geslacht: mannen;Apeldoorn;2010;57;43;41;35;6;0;3;17;7;13;1;2;4.4;14;75.3;72.0
8728;Geslacht: mannen;Apeldoorn;2011;57;42;40;35;6;0;3;16;7;13;1;2;5.0;15;74.2;70.5
8729;Geslacht: mannen;Apeldoorn;2012;57;44;42;36;6;0;4;17;7;14;0;2;4.8;14;76.0;72.3
8730;Geslacht: mannen;Apeldoorn;2013;58;44;41;34;7;0;4;16;6;15;0;3;6.6;13;76.8;71.7
8731;Geslacht: mannen;Apeldoorn;2014;58;44;41;34;8;0;4;16;6;15;0;3;6.4;14;76.3;71.4
8732;Geslacht: mannen;Apeldoorn;2015;58;44;42;34;7;0;3;17;6;14;1;2;5.6;14;75.5;71.3
8733;Geslacht: mannen;Apeldoorn;2016;59;44;42;35;7;0;4;17;6;15;0;2;5.4;14;75.4;71.3
8734;Geslacht: mannen;Apeldoorn;2017;59;44;43;36;7;0;4;18;6;13;1;2;4.2;15;74.7;71.6
8735;Geslacht: mannen;Apeldoorn;2018;60;45;44;37;7;0;4;16;7;15;1;2;4.0;15;75.6;72.6
8736;Geslacht: mannen;Appingedam;2003;5;3;3;3;0;0;0;1;1;1;0;0;5.7;1;71.9;67.7
8737;Geslacht: mannen;Appingedam;2004;5;3;3;3;0;0;0;1;1;1;0;0;6.9;1;72.3;67.3
8738;Geslacht: mannen;Appingedam;2005;5;3;3;3;0;0;0;1;1;1;0;0;7.3;1;72.3;67.0
8739;Geslacht: mannen;Appingedam;2006;4;3;3;3;0;0;0;2;1;1;0;0;5.6;1;73.0;68.9
8740;Geslacht: mannen;Appingedam;2007;4;3;3;3;0;0;0;1;1;1;0;0;4.3;1;72.4;69.3
8741;Geslacht: mannen;Appingedam;2008;4;3;3;3;0;0;0;1;1;1;0;0;3.9;1;74.4;71.5
8742;Geslacht: mannen;Appingedam;2009;4;3;3;3;1;0;0;2;1;1;0;0;4.8;1;75.1;71.5
8743;Geslacht: mannen;Appingedam;2010;4;3;3;3;1;0;0;2;0;1;0;0;5.3;1;74.0;70.1
8744;Geslacht: mannen;Appingedam;2011;4;3;3;3;1;0;0;1;1;1;0;0;5.2;1;72.8;69.0
8745;Geslacht: mannen;Appingedam;2012;4;3;3;2;1;0;0;2;1;0;0;0;6.0;1;72.8;68.4
8746;Geslacht: mannen;Appingedam;2013;4;3;3;2;1;0;0;1;0;1;0;0;8.2;1;73.0;67.0
8747;Geslacht: mannen;Appingedam;2014;4;3;3;2;1;0;0;1;0;1;0;0;8.5;1;73.8;67.5
8748;Geslacht: mannen;Appingedam;2015;4;3;3;2;1;0;0;2;0;1;0;0;7.6;1;73.2;67.6
8749;Geslacht: mannen;Appingedam;2016;4;3;3;2;1;0;0;2;0;0;0;0;6.2;1;73.1;68.5
8750;Geslacht: mannen;Appingedam;2017;4;3;3;2;1;0;0;2;0;1;0;0;5.1;1;72.3;68.6
8751;Geslacht: mannen;Appingedam;2018;4;3;3;2;1;0;0;1;0;1;0;0;4.2;1;72.4;69.4
8752;Geslacht: mannen;Arnhem;2003;54;40;37;32;5;0;3;16;6;12;0;3;6.8;14;73.6;68.6
8753;Geslacht: mannen;Arnhem;2004;54;40;37;32;4;0;3;16;6;12;0;3;7.9;14;73.5;67.7
8754;Geslacht: mannen;Arnhem;2005;54;40;37;32;5;0;3;15;5;13;0;3;7.8;14;73.4;67.7
8755;Geslacht: mannen;Arnhem;2006;55;40;38;33;5;0;4;16;5;12;0;2;6.0;14;73.8;69.4
8756;Geslacht: mannen;Arnhem;2007;55;42;40;33;6;0;3;16;6;15;0;2;5.1;13;75.7;71.9
8757;Geslacht: mannen;Arnhem;2008;56;42;40;34;7;0;4;14;7;15;1;2;4.4;13;76.0;72.6
8758;Geslacht: mannen;Arnhem;2009;56;43;41;34;7;0;3;13;7;17;0;2;4.9;13;76.3;72.5
8759;Geslacht: mannen;Arnhem;2010;56;43;40;33;7;0;3;14;7;15;1;3;6.2;14;75.8;71.2
8760;Geslacht: mannen;Arnhem;2011;57;43;40;33;7;0;4;14;6;15;0;3;6.8;14;75.2;70.1
8761;Geslacht: mannen;Arnhem;2012;57;43;40;33;7;0;4;13;7;15;1;3;7.3;14;76.0;70.5
8762;Geslacht: mannen;Arnhem;2013;58;44;40;32;8;0;4;13;7;15;1;4;9.1;14;76.2;69.3
8763;Geslacht: mannen;Arnhem;2014;58;43;39;31;8;0;4;12;6;16;1;4;9.9;15;74.5;67.1
8764;Geslacht: mannen;Arnhem;2015;58;43;40;32;7;0;3;14;6;16;0;4;9.0;15;74.7;68.0
8765;Geslacht: mannen;Arnhem;2016;59;43;40;33;7;0;4;15;6;15;0;3;7.3;15;73.8;68.4
8766;Geslacht: mannen;Arnhem;2017;60;44;41;33;8;0;4;16;6;15;1;2;5.6;16;73.3;69.2
8767;Geslacht: mannen;Arnhem;2018;60;45;43;35;8;0;4;17;6;16;0;2;4.9;16;74.3;70.6
8768;Geslacht: mannen;Assen;2003;22;17;16;14;2;0;1;7;3;5;0;1;5.0;5;77.5;73.7
8769;Geslacht: mannen;Assen;2004;22;17;16;14;2;0;1;6;3;5;0;1;6.3;5;76.6;71.7
8770;Geslacht: mannen;Assen;2005;22;17;16;14;2;0;1;6;3;4;1;1;7.1;5;75.5;70.1
8771;Geslacht: mannen;Assen;2006;23;17;16;14;2;0;1;6;3;5;1;1;5.3;6;74.5;70.6
8772;Geslacht: mannen;Assen;2007;23;18;17;15;2;0;1;7;3;5;1;1;3.9;5;76.7;73.7
8773;Geslacht: mannen;Assen;2008;23;18;17;15;2;0;2;7;3;5;1;1;3.3;5;77.2;74.7
8774;Geslacht: mannen;Assen;2009;24;18;17;15;3;0;2;7;3;5;1;1;4.7;5;77.0;73.4
8775;Geslacht: mannen;Assen;2010;24;18;17;15;2;0;2;7;3;5;0;1;5.2;6;76.4;72.4
8776;Geslacht: mannen;Assen;2011;24;18;17;15;2;0;2;6;3;5;1;1;4.8;6;74.4;70.8
8777;Geslacht: mannen;Assen;2012;24;18;17;15;2;0;2;7;3;5;1;1;6.5;6;75.8;70.9
8778;Geslacht: mannen;Assen;2013;24;18;17;15;2;0;2;6;3;5;1;1;7.6;6;75.8;70.0
8779;Geslacht: mannen;Assen;2014;24;18;17;14;3;0;2;6;3;6;1;1;7.8;6;76.6;70.6
8780;Geslacht: mannen;Assen;2015;24;18;17;14;2;0;1;7;3;5;1;1;7.9;6;75.6;69.6
8781;Geslacht: mannen;Assen;2016;24;18;17;14;3;0;2;6;3;5;1;1;5.6;6;73.5;69.4
8782;Geslacht: mannen;Assen;2017;25;18;17;14;3;0;2;7;3;5;1;1;5.0;6;75.0;71.2
8783;Geslacht: mannen;Assen;2018;25;18;18;15;3;0;2;7;3;6;0;1;4.3;6;74.5;71.3
8784;Geslacht: mannen;Asten;2003;6;5;5;4;1;0;0;2;1;1;0;0;3.1;1;76.5;74.1
8785;Geslacht: mannen;Asten;2004;6;5;5;4;1;0;0;2;1;1;0;0;3.8;1;76.2;73.3
8786;Geslacht: mannen;Asten;2005;6;5;5;4;1;0;0;3;1;1;0;0;3.7;2;75.6;72.8
8787;Geslacht: mannen;Asten;2006;6;5;5;4;1;0;0;2;1;1;0;0;2.9;2;75.5;73.3
8788;Geslacht: mannen;Asten;2007;6;5;5;4;1;0;0;2;1;1;0;0;2.6;2;75.4;73.5
8789;Geslacht: mannen;Asten;2008;6;5;5;4;1;0;0;2;1;1;0;0;2.3;1;76.9;75.2
8790;Geslacht: mannen;Asten;2009;6;5;5;4;1;0;0;2;1;1;0;0;3.1;1;77.3;74.9
8791;Geslacht: mannen;Asten;2010;6;5;5;4;1;0;0;2;1;1;0;0;3.5;2;76.0;73.3
8792;Geslacht: mannen;Asten;2011;6;5;5;4;1;0;0;2;1;1;0;0;3.2;2;75.4;73.0
8793;Geslacht: mannen;Asten;2012;6;5;5;4;1;0;0;2;1;1;0;0;4.0;2;75.5;72.5
8794;Geslacht: mannen;Asten;2013;7;5;5;4;1;0;0;2;1;1;0;0;5.8;2;76.5;72.1
8795;Geslacht: mannen;Asten;2014;7;5;5;4;1;0;0;2;1;2;0;0;6.0;2;76.6;72.0
8796;Geslacht: mannen;Asten;2015;7;5;5;4;1;0;0;2;1;1;0;0;5.6;2;76.0;71.8
8797;Geslacht: mannen;Asten;2016;7;5;5;4;1;0;0;2;1;1;0;0;4.4;2;75.4;72.0
8798;Geslacht: mannen;Asten;2017;7;5;5;4;1;0;0;2;1;1;0;0;3.7;2;75.4;72.6
8799;Geslacht: mannen;Asten;2018;7;5;5;4;1;0;0;2;1;1;0;0;2.9;2;75.6;73.3
8800;Geslacht: mannen;Baarle-Nassau;2003;3;2;2;1;0;0;0;1;0;0;0;0;3.5;1;71.1;68.6
8801;Geslacht: mannen;Baarle-Nassau;2004;3;2;2;1;0;0;0;1;0;0;0;0;4.0;1;71.6;68.7
8802;Geslacht: mannen;Baarle-Nassau;2005;3;2;2;1;0;0;0;1;0;0;0;0;3.7;1;71.6;68.9
8803;Geslacht: mannen;Baarle-Nassau;2006;3;2;2;1;0;0;0;1;0;0;0;0;3.0;1;72.0;69.8
8804;Geslacht: mannen;Baarle-Nassau;2007;3;2;2;1;0;0;0;1;0;0;0;0;2.9;1;72.3;70.2
8805;Geslacht: mannen;Baarle-Nassau;2008;3;2;2;1;0;0;0;1;0;0;0;0;2.8;1;74.6;72.5
8806;Geslacht: mannen;Baarle-Nassau;2009;3;2;2;1;0;0;0;1;0;0;0;0;3.3;1;72.6;70.2
8807;Geslacht: mannen;Baarle-Nassau;2010;3;2;2;1;0;0;0;1;0;0;0;0;4.0;1;71.2;68.3
8808;Geslacht: mannen;Baarle-Nassau;2011;3;2;2;1;0;0;0;1;0;0;0;0;3.6;1;70.9;68.3
8809;Geslacht: mannen;Baarle-Nassau;2012;3;2;2;1;0;0;0;1;0;0;0;0;4.1;1;72.3;69.3
8810;Geslacht: mannen;Baarle-Nassau;2013;3;2;2;1;0;0;0;1;0;0;0;0;5.7;1;72.6;68.4
8811;Geslacht: mannen;Baarle-Nassau;2014;2;2;2;1;0;0;0;1;0;0;0;0;5.8;1;72.5;68.3
8812;Geslacht: mannen;Baarle-Nassau;2015;2;2;2;1;0;0;0;1;0;0;0;0;5.6;1;72.1;68.1
8813;Geslacht: mannen;Baarle-Nassau;2016;2;2;2;1;0;0;0;1;0;0;0;0;4.4;1;71.0;67.9
8814;Geslacht: mannen;Baarle-Nassau;2017;3;2;2;1;0;0;0;1;0;0;0;0;3.5;1;71.1;68.7
8815;Geslacht: mannen;Baarle-Nassau;2018;3;2;2;1;0;0;0;1;0;0;0;0;2.8;1;71.2;69.2
8816;Geslacht: mannen;Baarn;2003;8;6;6;5;1;0;0;2;1;2;0;0;3.8;2;73.8;70.9
8817;Geslacht: mannen;Baarn;2004;8;6;6;5;1;0;0;2;1;2;0;0;4.5;2;75.0;71.7
8818;Geslacht: mannen;Baarn;2005;8;6;6;5;1;0;0;3;1;2;0;0;4.2;2;75.2;72.0
8819;Geslacht: mannen;Baarn;2006;8;6;6;5;1;0;0;3;1;2;0;0;3.5;2;74.5;71.9
8820;Geslacht: mannen;Baarn;2007;8;6;6;5;1;0;0;3;1;2;0;0;2.9;2;75.8;73.6
8821;Geslacht: mannen;Baarn;2008;8;6;6;5;1;0;0;2;1;2;0;0;2.5;2;77.7;75.8
8822;Geslacht: mannen;Baarn;2009;8;6;6;5;1;0;0;3;1;2;0;0;3.2;2;76.4;74.0
8823;Geslacht: mannen;Baarn;2010;8;6;6;5;1;0;0;3;1;2;0;0;3.9;2;76.1;73.1
8824;Geslacht: mannen;Baarn;2011;8;6;6;5;1;0;0;2;1;2;0;0;3.8;2;74.6;71.8
8825;Geslacht: mannen;Baarn;2012;9;6;6;5;1;0;0;3;1;2;0;0;4.5;2;75.2;71.8
8826;Geslacht: mannen;Baarn;2013;9;6;6;5;1;0;0;3;1;2;0;0;6.3;2;74.3;69.6
8827;Geslacht: mannen;Baarn;2014;8;6;6;5;1;0;0;2;1;2;0;0;6.1;2;75.0;70.4
8828;Geslacht: mannen;Baarn;2015;8;6;6;5;1;0;0;2;1;2;0;0;6.3;2;75.6;70.8
8829;Geslacht: mannen;Baarn;2016;8;6;6;4;2;0;1;2;1;2;0;0;5.1;2;75.4;71.5
8830;Geslacht: mannen;Baarn;2017;8;6;6;5;1;0;0;2;1;2;0;0;3.8;2;74.5;71.7
8831;Geslacht: mannen;Baarn;2018;8;6;6;5;1;0;0;2;1;3;0;0;3.2;2;74.8;72.4
8832;Geslacht: mannen;Barendrecht;2003;13;11;10;9;1;0;1;5;2;3;0;0;2.5;2;81.2;79.2
8833;Geslacht: mannen;Barendrecht;2004;14;11;11;10;1;0;1;4;2;4;0;0;3.0;3;80.4;78.0
8834;Geslacht: mannen;Barendrecht;2005;15;12;11;10;1;0;1;4;2;4;0;0;3.1;3;80.9;78.3
8835;Geslacht: mannen;Barendrecht;2006;15;12;12;11;1;0;1;5;2;4;0;0;2.6;3;80.5;78.4
8836;Geslacht: mannen;Barendrecht;2007;16;13;13;11;1;0;1;5;2;4;0;0;2.3;3;81.4;79.5
8837;Geslacht: mannen;Barendrecht;2008;16;13;13;12;2;0;1;5;3;4;0;0;2.1;3;81.6;79.9
8838;Geslacht: mannen;Barendrecht;2009;17;14;13;11;2;0;1;5;3;4;0;0;2.6;3;81.6;79.5
8839;Geslacht: mannen;Barendrecht;2010;17;14;13;11;2;0;1;5;3;5;0;0;3.5;3;81.3;78.4
8840;Geslacht: mannen;Barendrecht;2011;17;13;13;11;2;0;1;5;3;4;0;0;3.4;3;80.1;77.4
8841;Geslacht: mannen;Barendrecht;2012;17;13;13;11;2;0;1;5;3;4;1;1;4.0;3;79.6;76.5
8842;Geslacht: mannen;Barendrecht;2013;17;14;13;11;2;0;1;4;2;4;1;1;5.9;3;79.6;74.9
8843;Geslacht: mannen;Barendrecht;2014;17;14;13;11;2;0;1;4;2;5;1;1;5.8;3;79.5;74.9
8844;Geslacht: mannen;Barendrecht;2015;17;13;13;11;2;0;1;4;2;4;1;1;5.2;4;78.8;74.7
8845;Geslacht: mannen;Barendrecht;2016;17;13;13;11;2;0;1;4;2;4;1;1;4.3;4;77.7;74.3
8846;Geslacht: mannen;Barendrecht;2017;18;14;13;11;2;0;1;4;2;5;1;1;3.7;4;78.5;75.5
8847;Geslacht: mannen;Barendrecht;2018;18;14;14;11;2;0;1;6;2;4;0;0;3.2;4;79.9;77.3
8848;Geslacht: mannen;Barneveld;2003;18;14;13;11;2;0;1;6;2;3;0;0;2.9;4;77.3;75.0
8849;Geslacht: mannen;Barneveld;2004;18;14;13;11;2;0;1;7;2;3;0;0;3.5;4;77.6;74.9
8850;Geslacht: mannen;Barneveld;2005;18;14;13;11;2;0;1;7;2;3;0;1;3.7;4;78.0;75.1
8851;Geslacht: mannen;Barneveld;2006;18;14;14;11;3;0;1;8;2;3;0;0;2.7;4;79.1;76.9
8852;Geslacht: mannen;Barneveld;2007;18;15;14;11;3;0;1;8;3;3;0;0;2.4;4;80.1;78.2
8853;Geslacht: mannen;Barneveld;2008;18;15;14;12;3;0;1;7;3;3;0;0;2.3;4;79.4;77.6
8854;Geslacht: mannen;Barneveld;2009;19;15;14;12;3;0;1;7;3;4;0;0;2.5;4;79.1;77.1
8855;Geslacht: mannen;Barneveld;2010;19;15;14;11;3;0;1;7;2;4;0;0;3.4;4;78.9;76.3
8856;Geslacht: mannen;Barneveld;2011;19;15;14;11;3;0;1;7;2;4;0;0;3.1;4;77.7;75.3
8857;Geslacht: mannen;Barneveld;2012;19;15;14;11;3;0;1;7;2;4;0;1;3.5;4;78.5;75.7
8858;Geslacht: mannen;Barneveld;2013;19;15;14;11;3;0;1;7;2;3;0;1;5.2;4;79.1;75.0
8859;Geslacht: mannen;Barneveld;2014;19;15;15;11;3;0;2;8;2;3;0;1;5.1;4;78.9;74.9
8860;Geslacht: mannen;Barneveld;2015;20;15;15;12;3;0;1;8;2;4;0;1;4.1;4;78.5;75.3
8861;Geslacht: mannen;Barneveld;2016;20;16;15;12;3;0;2;8;2;3;0;1;3.8;4;79.0;76.0
8862;Geslacht: mannen;Barneveld;2017;20;16;15;12;3;0;2;8;2;4;0;0;3.1;4;78.5;76.0
8863;Geslacht: mannen;Barneveld;2018;21;16;16;12;4;0;2;8;2;4;0;0;2.7;4;79.8;77.6
8864;Geslacht: mannen;Bedum;2003;4;3;3;3;0;0;0;1;1;1;0;0;3.4;1;77.1;74.5
8865;Geslacht: mannen;Bedum;2004;4;3;3;3;0;0;0;1;1;1;0;0;4.2;1;76.3;73.1
8866;Geslacht: mannen;Bedum;2005;4;3;3;2;1;0;0;1;0;1;0;0;4.2;1;76.9;73.6
8867;Geslacht: mannen;Bedum;2006;4;3;3;2;0;0;0;1;0;1;0;0;3.4;1;75.9;73.3
8868;Geslacht: mannen;Bedum;2007;4;3;3;2;0;0;0;1;0;1;0;0;2.7;1;75.8;73.8
8869;Geslacht: mannen;Bedum;2008;4;3;3;2;0;0;0;1;0;1;0;0;2.5;1;76.3;74.4
8870;Geslacht: mannen;Bedum;2009;4;3;3;2;1;0;0;1;0;1;0;0;3.0;1;77.0;74.7
8871;Geslacht: mannen;Bedum;2010;4;3;3;2;1;0;0;1;1;1;0;0;3.8;1;75.7;72.9
8872;Geslacht: mannen;Bedum;2011;4;3;3;2;1;0;0;1;0;1;0;0;3.9;1;74.8;71.9
8873;Geslacht: mannen;Bedum;2012;4;3;3;2;1;0;0;1;0;1;0;0;4.5;1;75.1;71.7
8874;Geslacht: mannen;Bedum;2013;4;3;3;2;0;0;0;1;0;1;0;0;6.3;1;73.9;69.3
8875;Geslacht: mannen;Bedum;2014;4;3;3;2;0;0;0;1;0;1;0;0;6.1;1;75.0;70.4
8876;Geslacht: mannen;Bedum;2015;4;3;3;2;1;0;0;1;0;1;0;0;5.5;1;74.7;70.6
8877;Geslacht: mannen;Bedum;2016;4;3;3;2;1;0;0;1;0;1;0;0;5.2;1;74.2;70.4
8878;Geslacht: mannen;Bedum;2017;4;3;3;2;1;0;0;1;0;1;0;0;4.1;1;74.0;70.9
8879;Geslacht: mannen;Bedum;2018;4;3;3;2;1;0;0;1;0;1;0;0;3.5;1;74.1;71.5
8880;Geslacht: mannen;Beek (L.);2003;7;5;5;4;1;0;0;2;1;1;0;0;3.5;2;73.2;70.6
8881;Geslacht: mannen;Beek (L.);2004;7;5;5;4;1;0;0;2;1;1;0;0;4.3;2;73.4;70.2
8882;Geslacht: mannen;Beek (L.);2005;7;5;4;4;1;0;0;2;1;1;0;0;4.8;2;72.5;69.0
8883;Geslacht: mannen;Beek (L.);2006;6;5;5;4;1;0;0;2;1;1;0;0;4.0;2;72.9;70.0
8884;Geslacht: mannen;Beek (L.);2007;6;5;4;4;1;0;0;2;1;2;0;0;3.3;2;72.8;70.4
8885;Geslacht: mannen;Beek (L.);2008;6;5;5;4;1;0;0;2;1;2;0;0;2.9;2;73.9;71.7
8886;Geslacht: mannen;Beek (L.);2009;6;5;5;4;1;0;0;2;1;1;0;0;3.9;2;74.4;71.5
8887;Geslacht: mannen;Beek (L.);2010;6;5;4;4;1;0;0;2;1;1;0;0;4.5;2;73.0;69.7
8888;Geslacht: mannen;Beek (L.);2011;6;5;4;4;1;0;0;2;1;1;0;0;4.0;2;72.8;69.9
8889;Geslacht: mannen;Beek (L.);2012;6;5;4;4;1;0;0;2;1;1;0;0;4.7;2;73.6;70.1
8890;Geslacht: mannen;Beek (L.);2013;6;5;4;4;1;0;0;2;1;1;0;0;6.4;2;74.3;69.5
8891;Geslacht: mannen;Beek (L.);2014;6;5;4;3;1;0;0;2;1;1;0;0;6.0;2;73.9;69.5
8892;Geslacht: mannen;Beek (L.);2015;6;5;4;3;1;0;0;2;1;1;0;0;5.8;2;73.8;69.5
8893;Geslacht: mannen;Beek (L.);2016;6;4;4;3;1;0;0;2;1;2;0;0;4.7;2;72.9;69.5
8894;Geslacht: mannen;Beek (L.);2017;6;4;4;4;1;0;0;2;1;2;0;0;3.6;2;73.2;70.6
8895;Geslacht: mannen;Beek (L.);2018;6;4;4;4;1;0;0;2;1;1;0;0;3.2;2;73.6;71.3
8896;Geslacht: mannen;Beemster;2003;3;2;2;2;0;0;0;1;0;1;0;0;2.5;1;74.7;72.8
8897;Geslacht: mannen;Beemster;2004;3;2;2;2;0;0;0;1;0;1;0;0;3.0;1;74.2;72.0
8898;Geslacht: mannen;Beemster;2005;3;2;2;2;1;0;0;1;0;1;0;0;2.9;1;75.2;73.0
8899;Geslacht: mannen;Beemster;2006;3;2;2;2;1;0;0;1;0;1;0;0;2.3;1;75.0;73.3
8900;Geslacht: mannen;Beemster;2007;3;2;2;2;1;0;0;1;0;1;0;0;2.2;1;75.5;73.9
8901;Geslacht: mannen;Beemster;2008;3;2;2;2;1;0;0;1;0;1;0;0;2.1;1;75.9;74.2
8902;Geslacht: mannen;Beemster;2009;3;2;2;2;1;0;0;1;0;1;0;0;2.4;1;76.3;74.5
8903;Geslacht: mannen;Beemster;2010;3;2;2;2;1;0;0;1;0;1;0;0;2.8;1;75.5;73.4
8904;Geslacht: mannen;Beemster;2011;3;2;2;2;1;0;0;1;0;1;0;0;3.0;1;74.5;72.3
8905;Geslacht: mannen;Beemster;2012;3;2;2;2;1;0;0;1;0;1;0;0;3.6;1;73.9;71.2
8906;Geslacht: mannen;Beemster;2013;3;2;2;2;1;0;0;1;0;1;0;0;5.2;1;74.3;70.4
8907;Geslacht: mannen;Beemster;2014;3;2;2;2;1;0;0;1;0;1;0;0;4.9;1;74.4;70.8
8908;Geslacht: mannen;Beemster;2015;3;2;2;2;1;0;0;1;0;1;0;0;4.4;1;74.3;71.0
8909;Geslacht: mannen;Beemster;2016;3;2;2;2;1;0;0;1;0;1;0;0;3.8;1;74.7;71.9
8910;Geslacht: mannen;Beemster;2017;3;3;2;2;1;0;0;1;0;1;0;0;3.0;1;74.9;72.6
8911;Geslacht: mannen;Beemster;2018;3;3;3;2;1;0;0;1;0;1;0;0;2.4;1;75.6;73.8
8912;Geslacht: mannen;Beesel;2003;5;4;4;3;0;0;0;2;1;1;0;0;3.7;1;76.3;73.5
8913;Geslacht: mannen;Beesel;2004;5;4;4;3;0;0;0;2;1;1;0;0;4.5;1;75.9;72.5
8914;Geslacht: mannen;Beesel;2005;5;4;4;3;1;0;0;2;1;1;0;0;4.3;1;76.1;72.9
8915;Geslacht: mannen;Beesel;2006;5;4;4;3;1;0;0;2;1;1;0;0;3.7;1;76.3;73.4
8916;Geslacht: mannen;Beesel;2007;5;4;4;4;0;0;0;2;1;1;0;0;3.0;1;75.1;72.8
8917;Geslacht: mannen;Beesel;2008;5;4;4;4;0;0;0;2;1;1;0;0;2.5;1;77.7;75.7
8918;Geslacht: mannen;Beesel;2009;5;4;4;3;0;0;0;2;1;1;0;0;3.9;1;76.2;73.2
8919;Geslacht: mannen;Beesel;2010;5;4;4;3;1;0;0;2;1;1;0;0;4.6;1;75.4;71.9
8920;Geslacht: mannen;Beesel;2011;5;4;4;3;1;0;0;2;1;1;0;0;3.8;1;74.7;71.9
8921;Geslacht: mannen;Beesel;2012;5;4;4;3;0;0;0;2;1;1;0;0;4.7;1;75.1;71.6
8922;Geslacht: mannen;Beesel;2013;5;4;4;3;1;0;0;2;1;1;0;0;6.3;1;76.2;71.5
8923;Geslacht: mannen;Beesel;2014;5;4;4;3;1;0;0;2;1;1;0;0;6.2;1;75.7;71.0
8924;Geslacht: mannen;Beesel;2015;5;4;4;3;1;0;0;2;1;1;0;0;5.9;1;76.0;71.5
8925;Geslacht: mannen;Beesel;2016;5;4;4;3;0;0;0;2;1;1;0;0;5.1;1;74.5;70.7
8926;Geslacht: mannen;Beesel;2017;5;4;4;3;1;0;0;2;1;1;0;0;3.8;1;75.8;72.9
8927;Geslacht: mannen;Beesel;2018;5;4;4;3;1;0;0;2;1;1;0;0;3.1;1;74.7;72.4
8928;Geslacht: mannen;Berg en Dal;2003;13;9;9;8;1;0;1;4;2;2;0;0;3.6;3;73.7;71.0
8929;Geslacht: mannen;Berg en Dal;2004;12;9;9;8;1;0;1;4;2;2;0;0;4.3;3;73.5;70.3
8930;Geslacht: mannen;Berg en Dal;2005;12;9;9;7;1;0;1;5;2;2;0;0;4.3;3;74.0;70.8
8931;Geslacht: mannen;Berg en Dal;2006;12;9;9;8;1;0;1;4;1;2;0;0;3.5;3;74.2;71.6
8932;Geslacht: mannen;Berg en Dal;2007;13;9;9;8;1;0;1;4;2;3;0;0;2.9;3;74.9;72.6
8933;Geslacht: mannen;Berg en Dal;2008;13;9;9;8;2;0;1;4;2;3;0;0;2.7;3;75.6;73.5
8934;Geslacht: mannen;Berg en Dal;2009;13;9;9;8;2;0;1;5;2;2;0;0;3.3;3;75.0;72.6
8935;Geslacht: mannen;Berg en Dal;2010;13;9;9;7;2;0;1;4;2;2;0;0;4.3;3;74.0;70.8
8936;Geslacht: mannen;Berg en Dal;2011;13;9;9;7;2;0;1;4;2;2;0;0;4.3;3;72.7;69.5
8937;Geslacht: mannen;Berg en Dal;2012;13;9;9;7;1;0;1;4;2;2;0;0;5.2;3;73.3;69.5
8938;Geslacht: mannen;Berg en Dal;2013;13;10;9;7;2;0;1;4;1;2;0;1;7.1;3;74.7;69.4
8939;Geslacht: mannen;Berg en Dal;2014;13;9;9;7;2;0;1;4;1;2;0;1;7.0;3;73.2;68.1
8940;Geslacht: mannen;Berg en Dal;2015;13;9;9;7;2;0;1;3;1;3;0;1;6.1;3;72.9;68.4
8941;Geslacht: mannen;Berg en Dal;2016;13;9;9;7;2;0;1;4;1;3;0;0;5.2;4;72.0;68.3
8942;Geslacht: mannen;Berg en Dal;2017;13;9;9;7;2;0;1;5;1;2;0;0;4.2;4;71.9;68.9
8943;Geslacht: mannen;Berg en Dal;2018;13;9;9;7;2;0;1;5;1;2;0;0;3.5;4;72.0;69.4
8944;Geslacht: mannen;Bergeijk;2003;7;5;5;4;1;0;0;3;1;1;0;0;3.2;2;76.6;74.2
8945;Geslacht: mannen;Bergeijk;2004;7;5;5;4;1;0;0;2;1;1;0;0;4.0;2;75.0;72.0
8946;Geslacht: mannen;Bergeijk;2005;7;5;5;4;1;0;0;3;1;1;0;0;3.5;2;75.7;73.1
8947;Geslacht: mannen;Bergeijk;2006;7;5;5;4;1;0;0;3;1;1;0;0;2.8;2;75.7;73.6
8948;Geslacht: mannen;Bergeijk;2007;7;5;5;4;1;0;0;3;1;1;0;0;2.4;2;77.1;75.3
8949;Geslacht: mannen;Bergeijk;2008;7;5;5;4;1;0;0;3;1;1;0;0;2.1;2;76.9;75.3
8950;Geslacht: mannen;Bergeijk;2009;7;5;5;4;1;0;0;2;1;2;0;0;2.9;2;76.6;74.4
8951;Geslacht: mannen;Bergeijk;2010;7;5;5;4;1;0;0;3;1;1;0;0;3.6;2;75.8;73.1
8952;Geslacht: mannen;Bergeijk;2011;7;5;5;4;1;0;0;3;1;1;0;0;3.4;2;74.5;71.9
8953;Geslacht: mannen;Bergeijk;2012;7;5;5;4;1;0;0;3;1;1;0;0;3.7;2;75.6;72.9
8954;Geslacht: mannen;Bergeijk;2013;7;5;5;4;1;0;0;2;1;1;0;0;5.5;2;75.1;71.0
8955;Geslacht: mannen;Bergeijk;2014;7;5;5;4;1;0;1;3;1;1;0;0;5.4;2;75.6;71.4
8956;Geslacht: mannen;Bergeijk;2015;7;5;5;4;1;0;1;3;1;1;0;0;4.9;2;76.4;72.7
8957;Geslacht: mannen;Bergeijk;2016;7;5;5;4;1;0;0;3;1;1;0;0;3.9;2;75.5;72.5
8958;Geslacht: mannen;Bergeijk;2017;7;5;5;4;1;0;0;2;1;2;0;0;3.0;2;74.6;72.4
8959;Geslacht: mannen;Bergeijk;2018;7;5;5;4;1;0;1;2;1;1;0;0;2.5;2;75.0;73.2
8960;Geslacht: mannen;Bergen (L.);2003;5;4;4;3;1;0;0;2;1;1;0;0;3.4;1;75.5;73.0
8961;Geslacht: mannen;Bergen (L.);2004;5;4;4;3;1;0;0;2;1;1;0;0;3.9;1;75.5;72.6
8962;Geslacht: mannen;Bergen (L.);2005;5;4;4;3;1;0;0;2;1;1;0;0;3.7;1;75.8;73.0
8963;Geslacht: mannen;Bergen (L.);2006;5;4;4;3;1;0;0;2;1;1;0;0;3.3;1;75.0;72.5
8964;Geslacht: mannen;Bergen (L.);2007;5;4;4;3;1;0;0;2;1;1;0;0;2.7;1;74.9;72.8
8965;Geslacht: mannen;Bergen (L.);2008;5;4;4;3;1;0;0;2;1;1;0;0;2.7;1;75.0;73.0
8966;Geslacht: mannen;Bergen (L.);2009;5;4;4;3;1;0;0;2;1;1;0;0;3.5;1;74.7;72.1
8967;Geslacht: mannen;Bergen (L.);2010;5;4;4;3;1;0;0;2;1;1;0;0;3.8;1;74.5;71.6
8968;Geslacht: mannen;Bergen (L.);2011;5;4;4;3;1;0;0;2;1;1;0;0;3.6;1;73.3;70.7
8969;Geslacht: mannen;Bergen (L.);2012;5;4;4;3;1;0;0;2;1;1;0;0;4.3;1;74.5;71.3
8970;Geslacht: mannen;Bergen (L.);2013;5;4;4;3;1;0;0;2;1;1;0;0;6.1;1;74.7;70.2
8971;Geslacht: mannen;Bergen (L.);2014;5;4;4;3;1;0;0;2;1;1;0;0;5.9;1;75.2;70.8
8972;Geslacht: mannen;Bergen (L.);2015;5;4;4;3;1;0;0;2;1;1;0;0;5.3;1;75.5;71.5
8973;Geslacht: mannen;Bergen (L.);2016;5;4;4;3;1;0;0;2;1;1;0;0;4.9;1;73.8;70.2
8974;Geslacht: mannen;Bergen (L.);2017;5;4;4;3;1;0;0;2;1;1;0;0;3.8;1;74.1;71.3
8975;Geslacht: mannen;Bergen (L.);2018;5;4;4;3;1;0;0;2;1;1;0;0;3.2;1;73.6;71.3
8976;Geslacht: mannen;Bergen (NH.);2003;12;8;8;6;2;0;0;4;1;3;0;0;2.8;3;71.6;69.6
8977;Geslacht: mannen;Bergen (NH.);2004;12;8;8;6;2;0;0;4;1;2;0;0;3.4;3;72.5;70.0
8978;Geslacht: mannen;Bergen (NH.);2005;11;8;8;6;2;0;0;4;1;2;0;0;3.3;3;72.5;70.2
8979;Geslacht: mannen;Bergen (NH.);2006;11;8;8;6;2;0;1;3;1;3;0;0;2.7;3;73.5;71.5
8980;Geslacht: mannen;Bergen (NH.);2007;11;8;8;6;2;0;1;3;1;3;0;0;2.4;3;73.3;71.5
8981;Geslacht: mannen;Bergen (NH.);2008;11;8;8;6;2;0;1;4;1;2;0;0;2.2;3;73.4;71.8
8982;Geslacht: mannen;Bergen (NH.);2009;11;8;8;6;2;0;1;3;1;3;0;0;2.7;3;72.9;70.9
8983;Geslacht: mannen;Bergen (NH.);2010;11;8;8;6;2;0;1;3;1;2;0;0;3.2;3;71.1;68.9
8984;Geslacht: mannen;Bergen (NH.);2011;11;8;8;6;2;0;1;3;1;2;0;0;3.3;3;70.4;68.1
8985;Geslacht: mannen;Bergen (NH.);2012;11;8;7;6;2;0;1;3;1;2;0;0;3.8;3;70.7;68.0
8986;Geslacht: mannen;Bergen (NH.);2013;11;8;7;5;2;0;1;3;1;3;0;0;5.6;3;71.8;67.7
8987;Geslacht: mannen;Bergen (NH.);2014;11;8;7;5;2;0;1;2;1;3;0;0;5.7;3;71.2;67.1
8988;Geslacht: mannen;Bergen (NH.);2015;11;8;7;5;2;0;1;3;1;2;0;0;4.8;3;70.8;67.4
8989;Geslacht: mannen;Bergen (NH.);2016;11;8;7;5;2;0;1;3;1;3;0;0;3.8;3;71.1;68.4
8990;Geslacht: mannen;Bergen (NH.);2017;11;7;7;5;2;0;1;3;1;2;0;0;3.5;3;70.6;68.1
8991;Geslacht: mannen;Bergen (NH.);2018;11;8;7;5;2;0;1;3;1;2;1;0;3.1;3;70.8;68.6
8992;Geslacht: mannen;Bergen op Zoom;2003;25;19;18;16;2;0;1;8;3;4;1;1;4.6;6;74.9;71.5
8993;Geslacht: mannen;Bergen op Zoom;2004;25;19;18;16;2;0;2;9;3;3;1;1;5.6;6;75.2;71.0
8994;Geslacht: mannen;Bergen op Zoom;2005;25;19;18;15;3;0;2;9;4;3;0;1;5.0;6;75.2;71.4
8995;Geslacht: mannen;Bergen op Zoom;2006;25;19;18;15;3;0;2;7;4;4;1;1;4.2;6;75.0;71.9
8996;Geslacht: mannen;Bergen op Zoom;2007;25;19;18;15;3;0;2;7;4;5;1;1;3.3;6;75.8;73.4
8997;Geslacht: mannen;Bergen op Zoom;2008;25;19;18;15;3;0;2;8;3;5;0;1;3.0;6;76.1;73.8
8998;Geslacht: mannen;Bergen op Zoom;2009;25;19;18;15;3;0;2;8;3;5;1;1;4.2;6;76.2;73.0
8999;Geslacht: mannen;Bergen op Zoom;2010;25;18;17;15;3;0;1;8;3;4;1;1;5.1;6;74.1;70.4
9000;Geslacht: mannen;Bergen op Zoom;2011;25;18;18;15;3;0;2;9;3;4;1;1;4.4;6;74.6;71.3
9001;Geslacht: mannen;Bergen op Zoom;2012;25;19;18;14;3;0;2;8;3;5;0;1;5.4;6;75.6;71.5
9002;Geslacht: mannen;Bergen op Zoom;2013;25;19;17;15;2;0;2;7;3;5;1;1;7.2;6;74.5;69.1
9003;Geslacht: mannen;Bergen op Zoom;2014;25;19;17;14;3;0;2;8;3;5;0;1;7.1;6;75.1;69.7
9004;Geslacht: mannen;Bergen op Zoom;2015;25;18;17;14;3;0;2;8;3;4;0;1;7.6;6;73.8;68.2
9005;Geslacht: mannen;Bergen op Zoom;2016;25;18;17;14;3;0;2;7;2;5;0;1;6.0;7;72.8;68.4
9006;Geslacht: mannen;Bergen op Zoom;2017;25;18;17;14;3;0;1;8;3;5;0;1;4.9;7;72.8;69.2
9007;Geslacht: mannen;Bergen op Zoom;2018;25;18;18;14;3;0;1;8;3;5;0;1;3.8;7;73.5;70.8
9008;Geslacht: mannen;Berkelland;2003;18;13;13;11;2;0;1;7;2;3;0;0;3.1;4;75.0;72.6
9009;Geslacht: mannen;Berkelland;2004;18;13;13;11;2;0;1;7;2;3;0;0;3.7;4;74.7;71.9
9010;Geslacht: mannen;Berkelland;2005;17;13;12;10;2;0;1;7;2;2;0;0;3.9;4;74.9;72.0
9011;Geslacht: mannen;Berkelland;2006;17;13;12;10;2;0;1;7;2;2;0;0;2.9;4;75.3;73.2
9012;Geslacht: mannen;Berkelland;2007;17;13;13;10;2;0;1;7;2;2;0;0;2.4;4;76.9;75.0
9013;Geslacht: mannen;Berkelland;2008;17;13;13;10;3;0;1;7;2;2;0;0;2.4;4;76.0;74.2
9014;Geslacht: mannen;Berkelland;2009;17;13;12;10;2;0;1;6;2;3;0;0;3.0;4;74.5;72.2
9015;Geslacht: mannen;Berkelland;2010;17;13;12;10;2;0;1;6;2;2;0;0;3.6;4;74.9;72.2
9016;Geslacht: mannen;Berkelland;2011;17;13;12;10;2;0;1;7;2;2;0;0;3.5;4;74.0;71.4
9017;Geslacht: mannen;Berkelland;2012;17;13;12;10;2;0;1;7;2;2;0;0;3.9;4;75.5;72.5
9018;Geslacht: mannen;Berkelland;2013;17;13;12;10;2;0;1;6;2;3;0;1;5.9;4;74.7;70.3
9019;Geslacht: mannen;Berkelland;2014;17;13;12;10;2;0;1;6;2;3;0;1;6.2;4;74.7;70.1
9020;Geslacht: mannen;Berkelland;2015;17;13;12;10;2;0;1;6;2;3;0;1;5.3;4;74.8;70.9
9021;Geslacht: mannen;Berkelland;2016;17;12;12;9;2;0;1;7;2;2;0;1;4.3;4;73.5;70.3
9022;Geslacht: mannen;Berkelland;2017;17;12;12;10;2;0;1;6;2;3;0;0;3.2;4;74.2;71.8
9023;Geslacht: mannen;Berkelland;2018;17;13;12;10;2;0;1;6;2;3;0;0;3.0;4;75.0;72.8
9024;Geslacht: mannen;Bernheze;2003;11;9;8;7;1;0;1;4;1;2;0;0;3.0;3;77.3;74.9
9025;Geslacht: mannen;Bernheze;2004;11;8;8;7;1;0;1;5;1;2;0;0;3.3;3;76.5;74.0
9026;Geslacht: mannen;Bernheze;2005;11;9;8;7;1;0;1;5;1;2;0;0;3.2;3;77.0;74.6
9027;Geslacht: mannen;Bernheze;2006;11;9;8;7;2;0;1;4;1;2;0;0;2.6;3;76.9;74.8
9028;Geslacht: mannen;Bernheze;2007;11;9;9;7;2;0;1;4;1;2;0;0;2.2;2;78.4;76.7
9029;Geslacht: mannen;Bernheze;2008;11;9;9;7;2;0;1;4;2;2;0;0;2.1;2;79.0;77.3
9030;Geslacht: mannen;Bernheze;2009;11;9;9;7;2;0;1;4;2;2;0;0;2.7;2;79.1;77.0
9031;Geslacht: mannen;Bernheze;2010;11;9;8;6;2;0;1;4;1;2;0;0;3.2;2;78.3;75.7
9032;Geslacht: mannen;Bernheze;2011;11;9;8;7;2;0;1;5;1;2;0;0;3.0;3;76.9;74.6
9033;Geslacht: mannen;Bernheze;2012;11;9;8;7;2;0;1;4;1;2;0;0;4.2;3;77.6;74.3
9034;Geslacht: mannen;Bernheze;2013;11;9;8;6;2;0;1;4;1;2;0;0;5.7;3;76.8;72.5
9035;Geslacht: mannen;Bernheze;2014;11;9;8;6;2;0;1;4;1;2;0;0;5.6;3;76.3;72.0
9036;Geslacht: mannen;Bernheze;2015;11;9;8;6;2;0;1;4;1;2;0;0;5.0;3;76.4;72.6
9037;Geslacht: mannen;Bernheze;2016;11;9;8;7;2;0;1;4;1;3;0;0;4.1;3;76.7;73.6
9038;Geslacht: mannen;Bernheze;2017;12;9;9;7;2;0;1;4;1;3;0;0;3.4;3;76.5;73.9
9039;Geslacht: mannen;Bernheze;2018;12;9;9;7;2;0;1;5;1;2;0;0;2.6;3;77.4;75.3
9040;Geslacht: mannen;Best;2003;11;9;8;7;1;0;1;3;1;3;0;0;3.1;2;80.1;77.6
9041;Geslacht: mannen;Best;2004;11;8;8;7;1;0;0;3;1;3;0;0;4.0;2;77.2;74.1
9042;Geslacht: mannen;Best;2005;11;8;8;7;1;0;1;3;1;3;0;0;3.8;2;77.7;74.8
9043;Geslacht: mannen;Best;2006;11;9;8;7;1;0;1;3;1;3;0;0;3.1;2;78.7;76.3
9044;Geslacht: mannen;Best;2007;11;9;8;7;1;0;1;4;2;3;0;0;2.4;2;78.9;77.0
9045;Geslacht: mannen;Best;2008;11;9;8;7;1;0;1;3;2;3;0;0;2.2;2;79.5;77.7
9046;Geslacht: mannen;Best;2009;11;9;8;7;1;0;1;4;1;2;0;0;3.3;2;79.7;77.1
9047;Geslacht: mannen;Best;2010;11;8;8;7;1;0;1;3;1;3;0;0;3.8;2;78.2;75.3
9048;Geslacht: mannen;Best;2011;11;8;8;7;1;0;0;3;1;3;0;0;3.5;2;77.8;75.0
9049;Geslacht: mannen;Best;2012;11;8;8;7;1;0;0;4;1;2;0;0;4.0;2;78.8;75.7
9050;Geslacht: mannen;Best;2013;11;8;8;7;1;0;1;3;1;3;0;1;6.2;2;77.0;72.2
9051;Geslacht: mannen;Best;2014;11;8;8;7;1;0;1;3;1;3;0;1;6.1;2;78.0;73.3
9052;Geslacht: mannen;Best;2015;11;8;8;7;1;0;1;3;1;3;0;0;5.2;2;77.4;73.4
9053;Geslacht: mannen;Best;2016;11;8;8;7;1;0;1;3;1;3;0;0;4.7;3;76.8;73.2
9054;Geslacht: mannen;Best;2017;11;9;8;7;1;0;1;3;1;3;0;0;3.5;3;76.7;74.0
9055;Geslacht: mannen;Best;2018;11;9;9;7;1;0;1;4;1;2;0;0;2.9;2;78.3;76.0
9056;Geslacht: mannen;Beuningen;2003;10;8;7;6;1;0;1;4;1;2;0;0;3.5;2;80.1;77.3
9057;Geslacht: mannen;Beuningen;2004;10;8;7;6;1;0;1;4;1;2;0;0;4.1;2;79.8;76.6
9058;Geslacht: mannen;Beuningen;2005;9;8;7;6;1;0;1;3;1;2;0;0;4.1;2;79.5;76.2
9059;Geslacht: mannen;Beuningen;2006;10;7;7;6;1;0;1;3;1;2;0;0;3.3;2;78.4;75.8
9060;Geslacht: mannen;Beuningen;2007;10;8;7;6;1;0;1;4;1;2;0;0;2.8;2;80.0;77.8
9061;Geslacht: mannen;Beuningen;2008;10;8;7;6;1;0;1;3;1;2;0;0;2.8;2;79.3;77.1
9062;Geslacht: mannen;Beuningen;2009;10;8;7;7;1;0;1;4;1;2;0;0;3.2;2;79.6;77.1
9063;Geslacht: mannen;Beuningen;2010;10;8;7;6;1;0;1;3;1;2;0;0;4.1;2;77.6;74.4
9064;Geslacht: mannen;Beuningen;2011;10;8;7;6;1;0;1;4;1;2;0;0;4.2;2;77.7;74.5
9065;Geslacht: mannen;Beuningen;2012;10;8;7;6;1;0;1;3;1;2;0;0;4.9;2;77.8;73.9
9066;Geslacht: mannen;Beuningen;2013;10;8;7;6;1;0;1;3;1;2;0;1;6.9;2;77.6;72.2
9067;Geslacht: mannen;Beuningen;2014;10;8;7;6;2;0;1;3;1;2;0;0;6.2;2;77.3;72.6
9068;Geslacht: mannen;Beuningen;2015;10;8;7;6;1;0;1;3;1;2;0;0;5.6;2;76.9;72.6
9069;Geslacht: mannen;Beuningen;2016;10;8;7;6;1;0;1;3;1;2;0;0;4.9;2;76.8;73.0
9070;Geslacht: mannen;Beuningen;2017;10;8;7;6;1;0;1;3;1;2;0;0;3.7;2;76.4;73.6
9071;Geslacht: mannen;Beuningen;2018;10;8;7;6;2;0;1;3;1;2;0;0;3.0;2;76.6;74.3
9072;Geslacht: mannen;Beverwijk;2003;14;10;10;9;1;0;1;5;2;2;0;0;3.4;3;76.2;73.6
9073;Geslacht: mannen;Beverwijk;2004;14;10;10;9;1;0;1;5;2;2;0;0;4.1;3;76.5;73.4
9074;Geslacht: mannen;Beverwijk;2005;14;10;10;9;1;0;1;5;2;2;0;0;4.2;3;76.4;73.2
9075;Geslacht: mannen;Beverwijk;2006;14;10;10;9;1;0;1;6;2;1;0;0;3.4;3;76.4;73.8
9076;Geslacht: mannen;Beverwijk;2007;14;11;10;9;1;0;1;6;2;2;0;0;2.9;3;76.7;74.4
9077;Geslacht: mannen;Beverwijk;2008;14;11;11;9;1;0;1;6;2;2;0;0;2.6;3;78.5;76.5
9078;Geslacht: mannen;Beverwijk;2009;14;11;11;10;1;0;1;6;2;1;0;0;3.4;3;77.8;75.1
9079;Geslacht: mannen;Beverwijk;2010;15;11;11;9;1;0;1;5;2;2;0;0;4.0;3;76.4;73.3
9080;Geslacht: mannen;Beverwijk;2011;15;11;11;9;2;0;1;5;2;3;0;0;4.2;3;76.9;73.6
9081;Geslacht: mannen;Beverwijk;2012;15;12;11;9;2;0;1;5;2;3;0;1;4.6;3;77.4;73.8
9082;Geslacht: mannen;Beverwijk;2013;15;12;11;9;2;0;1;5;2;3;0;1;6.3;3;76.9;72.1
9083;Geslacht: mannen;Beverwijk;2014;15;11;11;9;2;0;1;5;2;3;0;1;6.7;4;76.4;71.4
9084;Geslacht: mannen;Beverwijk;2015;15;11;11;9;2;0;1;5;2;4;0;1;5.8;4;76.1;71.7
9085;Geslacht: mannen;Beverwijk;2016;15;12;11;9;2;0;1;5;2;3;0;1;5.1;4;76.4;72.6
9086;Geslacht: mannen;Beverwijk;2017;15;12;11;9;2;0;1;6;2;3;0;0;4.2;4;76.4;73.2
9087;Geslacht: mannen;Beverwijk;2018;16;12;12;10;2;0;1;5;2;3;0;0;3.5;4;77.1;74.5
9088;Geslacht: mannen;De Bilt;2003;14;11;10;9;1;0;1;3;2;4;0;0;3.2;4;74.2;71.8
9089;Geslacht: mannen;De Bilt;2004;14;11;11;9;2;0;1;4;2;5;0;0;3.7;3;76.3;73.5
9090;Geslacht: mannen;De Bilt;2005;14;11;10;9;2;0;1;3;2;5;0;0;3.8;4;75.6;72.8
9091;Geslacht: mannen;De Bilt;2006;14;11;10;8;2;0;1;3;2;5;0;0;3.0;4;75.4;73.1
9092;Geslacht: mannen;De Bilt;2007;14;11;11;8;2;0;1;4;2;4;0;0;2.9;3;75.7;73.4
9093;Geslacht: mannen;De Bilt;2008;14;11;11;8;2;0;1;4;2;4;0;0;2.4;3;76.6;74.8
9094;Geslacht: mannen;De Bilt;2009;14;11;11;8;3;0;1;4;2;4;0;0;2.9;3;75.8;73.6
9095;Geslacht: mannen;De Bilt;2010;14;11;10;8;3;0;1;3;2;4;0;0;3.5;3;75.7;73.0
9096;Geslacht: mannen;De Bilt;2011;14;11;10;8;2;0;1;3;2;5;0;0;3.6;4;75.0;72.2
9097;Geslacht: mannen;De Bilt;2012;14;11;10;8;2;0;1;3;2;5;0;0;4.4;4;75.1;71.8
9098;Geslacht: mannen;De Bilt;2013;14;11;10;8;3;0;1;3;2;5;0;1;6.0;3;76.3;71.7
9099;Geslacht: mannen;De Bilt;2014;14;11;10;8;2;0;1;4;2;4;0;1;5.9;4;75.4;71.0
9100;Geslacht: mannen;De Bilt;2015;15;11;10;8;3;0;1;3;1;5;0;1;5.2;4;74.6;70.7
9101;Geslacht: mannen;De Bilt;2016;15;11;11;8;3;0;1;3;1;5;0;0;4.2;4;75.2;72.1
9102;Geslacht: mannen;De Bilt;2017;15;11;11;8;2;0;1;4;2;5;0;0;3.6;4;74.0;71.3
9103;Geslacht: mannen;De Bilt;2018;15;11;11;8;2;0;1;3;2;5;0;0;3.2;4;74.9;72.5
9104;Geslacht: mannen;Binnenmaas;2003;11;8;8;7;1;0;1;4;2;2;0;0;2.5;2;77.9;75.9
9105;Geslacht: mannen;Binnenmaas;2004;11;8;8;7;1;0;0;4;2;2;0;0;3.0;2;77.5;75.2
9106;Geslacht: mannen;Binnenmaas;2005;11;8;8;7;1;0;1;4;2;2;0;0;2.9;3;77.1;74.8
9107;Geslacht: mannen;Binnenmaas;2006;11;8;8;7;1;0;1;4;1;2;0;0;2.5;3;77.1;75.2
9108;Geslacht: mannen;Binnenmaas;2007;11;9;8;7;2;0;1;3;2;3;0;0;2.3;2;77.7;75.9
9109;Geslacht: mannen;Binnenmaas;2008;11;9;8;7;2;0;0;4;1;3;0;0;2.0;2;78.0;76.5
9110;Geslacht: mannen;Binnenmaas;2009;11;9;8;7;2;0;0;4;1;3;0;0;2.4;2;78.4;76.5
9111;Geslacht: mannen;Binnenmaas;2010;11;9;8;6;2;0;1;4;1;3;0;0;3.0;3;77.2;74.8
9112;Geslacht: mannen;Binnenmaas;2011;11;8;8;6;2;0;1;3;2;2;0;0;3.1;3;76.7;74.3
9113;Geslacht: mannen;Binnenmaas;2012;11;8;8;7;2;0;0;3;2;3;0;0;3.5;3;76.9;74.2
9114;Geslacht: mannen;Binnenmaas;2013;11;8;8;6;2;0;0;3;1;3;0;0;4.7;3;76.6;73.0
9115;Geslacht: mannen;Binnenmaas;2014;11;8;8;6;2;0;0;4;1;3;0;0;4.8;2;77.2;73.5
9116;Geslacht: mannen;Binnenmaas;2015;11;8;8;6;2;0;1;4;1;3;0;0;4.4;3;76.4;73.0
9117;Geslacht: mannen;Binnenmaas;2016;11;8;8;6;2;0;0;4;1;2;0;0;3.9;2;77.1;74.1
9118;Geslacht: mannen;Binnenmaas;2017;11;8;8;6;2;0;1;4;1;3;0;0;2.8;2;76.8;74.6
9119;Geslacht: mannen;Binnenmaas;2018;11;8;8;7;2;0;1;3;1;3;0;0;2.6;2;77.1;75.1
9120;Geslacht: mannen;Bladel;2003;7;6;6;5;1;0;0;3;1;1;0;0;2.9;2;77.4;75.2
9121;Geslacht: mannen;Bladel;2004;7;6;5;5;1;0;0;3;1;1;0;0;3.5;2;77.2;74.5
9122;Geslacht: mannen;Bladel;2005;7;6;5;5;1;0;0;3;1;1;0;0;3.1;2;77.2;74.7
9123;Geslacht: mannen;Bladel;2006;7;6;5;4;1;0;0;3;1;2;0;0;2.7;2;76.8;74.8
9124;Geslacht: mannen;Bladel;2007;7;6;6;5;1;0;0;3;1;1;0;0;2.1;2;77.7;76.1
9125;Geslacht: mannen;Bladel;2008;7;6;6;5;1;0;0;3;1;1;0;0;2.2;2;77.3;75.6
9126;Geslacht: mannen;Bladel;2009;7;6;5;4;1;0;0;3;1;1;0;0;3.0;2;76.3;74.0
9127;Geslacht: mannen;Bladel;2010;7;6;5;5;1;0;0;3;1;1;0;0;3.5;2;76.3;73.7
9128;Geslacht: mannen;Bladel;2011;8;6;6;5;1;0;0;3;1;1;0;0;3.0;2;75.7;73.5
9129;Geslacht: mannen;Bladel;2012;8;6;6;5;1;0;0;3;1;1;0;0;3.4;2;76.7;74.1
9130;Geslacht: mannen;Bladel;2013;8;6;6;5;1;0;0;3;1;1;0;0;5.1;2;76.9;73.0
9131;Geslacht: mannen;Bladel;2014;8;6;6;5;1;0;0;3;1;1;0;0;5.1;2;76.4;72.5
9132;Geslacht: mannen;Bladel;2015;8;6;6;5;1;0;0;3;1;1;0;0;4.4;2;76.9;73.5
9133;Geslacht: mannen;Bladel;2016;8;6;6;5;1;0;0;3;1;1;0;0;4.1;2;76.8;73.7
9134;Geslacht: mannen;Bladel;2017;8;6;6;5;1;0;1;3;1;1;0;0;2.9;2;76.8;74.5
9135;Geslacht: mannen;Bladel;2018;8;6;6;5;1;0;0;3;1;1;0;0;2.5;2;76.4;74.5
9136;Geslacht: mannen;Blaricum;2003;3;3;2;2;0;0;0;1;0;1;0;0;3.4;1;73.2;70.7
9137;Geslacht: mannen;Blaricum;2004;3;2;2;2;0;0;0;1;0;1;0;0;4.2;1;71.7;68.6
9138;Geslacht: mannen;Blaricum;2005;3;2;2;2;1;0;0;1;0;1;0;0;3.9;1;72.1;69.3
9139;Geslacht: mannen;Blaricum;2006;3;2;2;2;1;0;0;1;0;1;0;0;3.2;1;72.0;69.7
9140;Geslacht: mannen;Blaricum;2007;3;2;2;2;1;0;0;1;0;1;0;0;2.7;1;72.5;70.6
9141;Geslacht: mannen;Blaricum;2008;3;2;2;2;1;0;0;1;0;1;0;0;2.4;1;73.1;71.3
9142;Geslacht: mannen;Blaricum;2009;3;2;2;2;1;0;0;1;0;1;0;0;3.1;1;73.4;71.1
9143;Geslacht: mannen;Blaricum;2010;3;2;2;2;1;0;0;1;0;1;0;0;3.3;1;72.0;69.7
9144;Geslacht: mannen;Blaricum;2011;3;2;2;2;1;0;0;1;0;1;0;0;3.5;1;71.4;68.9
9145;Geslacht: mannen;Blaricum;2012;3;2;2;2;1;0;0;1;0;1;0;0;4.1;1;72.6;69.7
9146;Geslacht: mannen;Blaricum;2013;3;2;2;2;1;0;0;1;0;1;0;0;6.1;1;71.3;66.9
9147;Geslacht: mannen;Blaricum;2014;3;2;2;2;1;0;0;1;0;1;0;0;6.0;1;71.3;67.0
9148;Geslacht: mannen;Blaricum;2015;3;2;2;2;1;0;0;1;0;1;0;0;5.7;1;71.4;67.3
9149;Geslacht: mannen;Blaricum;2016;4;3;2;2;1;0;0;1;0;1;0;0;4.9;1;72.4;68.9
9150;Geslacht: mannen;Blaricum;2017;4;3;3;2;1;0;0;1;0;1;0;0;3.7;1;72.5;69.8
9151;Geslacht: mannen;Blaricum;2018;4;3;3;2;1;0;0;1;0;1;0;0;3.1;1;73.1;70.8
9152;Geslacht: mannen;Bloemendaal;2003;7;5;5;4;1;0;0;2;1;2;0;0;2.9;2;73.1;71.0
9153;Geslacht: mannen;Bloemendaal;2004;7;5;5;4;1;0;0;2;1;2;0;0;3.6;2;72.6;70.0
9154;Geslacht: mannen;Bloemendaal;2005;7;5;5;4;1;0;0;2;1;2;0;0;3.4;2;73.0;70.5
9155;Geslacht: mannen;Bloemendaal;2006;7;5;5;4;1;0;0;2;1;2;0;0;2.8;2;73.3;71.3
9156;Geslacht: mannen;Bloemendaal;2007;7;5;5;4;1;0;0;2;1;2;0;0;2.4;2;73.8;72.1
9157;Geslacht: mannen;Bloemendaal;2008;7;5;5;4;1;0;0;2;1;2;0;0;2.2;2;74.8;73.1
9158;Geslacht: mannen;Bloemendaal;2009;7;5;5;4;1;0;0;2;1;2;0;0;2.6;2;75.6;73.6
9159;Geslacht: mannen;Bloemendaal;2010;7;5;5;4;1;0;0;2;1;2;0;0;3.0;2;74.1;71.9
9160;Geslacht: mannen;Bloemendaal;2011;7;5;5;4;1;0;0;1;1;2;0;0;3.3;2;72.5;70.1
9161;Geslacht: mannen;Bloemendaal;2012;7;5;5;4;1;0;0;1;1;3;0;0;3.7;2;73.1;70.4
9162;Geslacht: mannen;Bloemendaal;2013;7;5;5;4;1;0;0;1;1;3;0;0;5.4;2;73.0;69.1
9163;Geslacht: mannen;Bloemendaal;2014;7;6;5;4;1;0;0;2;1;2;0;0;5.3;2;73.9;70.0
9164;Geslacht: mannen;Bloemendaal;2015;7;5;5;4;1;0;0;2;1;2;0;0;5.0;2;72.8;69.2
9165;Geslacht: mannen;Bloemendaal;2016;8;6;5;4;1;0;0;2;1;2;0;0;4.1;2;73.8;70.8
9166;Geslacht: mannen;Bloemendaal;2017;8;6;5;4;1;0;0;2;1;2;0;0;3.5;2;73.6;71.1
9167;Geslacht: mannen;Bloemendaal;2018;8;6;6;4;1;0;0;2;1;2;0;0;2.9;2;74.0;71.9
9168;Geslacht: mannen;Bodegraven-Reeuwijk;2003;12;9;9;8;2;0;1;5;2;2;0;0;2.8;3;78.0;75.7
9169;Geslacht: mannen;Bodegraven-Reeuwijk;2004;12;9;9;7;2;0;1;4;2;2;0;0;3.2;3;77.7;75.2
9170;Geslacht: mannen;Bodegraven-Reeuwijk;2005;12;9;9;7;2;0;1;4;2;2;0;0;3.2;3;77.1;74.6
9171;Geslacht: mannen;Bodegraven-Reeuwijk;2006;12;9;9;7;2;0;1;5;2;2;0;0;2.6;3;78.0;76.0
9172;Geslacht: mannen;Bodegraven-Reeuwijk;2007;12;9;9;7;2;0;1;4;2;3;0;0;2.3;2;79.1;77.3
9173;Geslacht: mannen;Bodegraven-Reeuwijk;2008;12;10;9;7;2;0;1;4;2;3;0;0;2.1;3;79.0;77.3
9174;Geslacht: mannen;Bodegraven-Reeuwijk;2009;12;10;9;7;2;0;1;4;2;3;0;0;2.7;3;79.0;76.9
9175;Geslacht: mannen;Bodegraven-Reeuwijk;2010;12;9;9;7;2;0;1;4;2;3;0;0;3.3;3;77.6;75.1
9176;Geslacht: mannen;Bodegraven-Reeuwijk;2011;12;9;9;7;2;0;1;4;2;3;0;0;3.3;3;77.9;75.3
9177;Geslacht: mannen;Bodegraven-Reeuwijk;2012;12;10;9;7;2;0;1;5;2;2;0;0;3.5;3;79.0;76.3
9178;Geslacht: mannen;Bodegraven-Reeuwijk;2013;12;9;9;7;2;0;1;4;1;3;0;1;5.4;3;77.4;73.2
9179;Geslacht: mannen;Bodegraven-Reeuwijk;2014;12;10;9;7;2;0;1;4;1;3;0;1;5.3;3;77.9;73.8
9180;Geslacht: mannen;Bodegraven-Reeuwijk;2015;12;10;9;7;2;0;1;4;1;3;0;0;4.7;3;77.3;73.7
9181;Geslacht: mannen;Bodegraven-Reeuwijk;2016;12;10;9;8;2;0;1;4;1;3;0;0;4.0;3;77.0;73.9
9182;Geslacht: mannen;Bodegraven-Reeuwijk;2017;13;10;9;7;2;0;1;4;2;2;0;0;3.4;3;77.0;74.4
9183;Geslacht: mannen;Bodegraven-Reeuwijk;2018;13;10;10;8;2;0;1;4;2;3;0;0;2.9;3;77.2;75.0
9184;Geslacht: mannen;Boekel;2003;3;3;3;2;1;0;0;1;0;1;0;0;2.6;1;78.7;76.7
9185;Geslacht: mannen;Boekel;2004;3;3;3;2;1;0;0;1;0;1;0;0;3.1;1;77.7;75.2
9186;Geslacht: mannen;Boekel;2005;3;3;3;2;1;0;0;1;0;1;0;0;2.8;1;76.9;74.7
9187;Geslacht: mannen;Boekel;2006;3;3;3;2;1;0;0;2;0;0;0;0;2.3;1;77.4;75.7
9188;Geslacht: mannen;Boekel;2007;3;3;3;2;1;0;0;2;0;0;0;0;2.0;1;78.3;76.7
9189;Geslacht: mannen;Boekel;2008;4;3;3;2;1;0;0;2;0;1;0;0;2.1;1;78.9;77.3
9190;Geslacht: mannen;Boekel;2009;4;3;3;2;1;0;0;2;0;0;0;0;2.6;1;78.4;76.4
9191;Geslacht: mannen;Boekel;2010;4;3;3;2;1;0;0;1;0;1;0;0;2.9;1;77.0;74.7
9192;Geslacht: mannen;Boekel;2011;4;3;3;2;1;0;0;1;0;1;0;0;3.1;1;77.1;74.7
9193;Geslacht: mannen;Boekel;2012;4;3;3;2;1;0;0;1;1;1;0;0;3.6;1;77.8;75.0
9194;Geslacht: mannen;Boekel;2013;4;3;3;2;1;0;0;1;0;1;0;0;5.3;1;76.5;72.4
9195;Geslacht: mannen;Boekel;2014;4;3;3;2;1;0;0;2;0;1;0;0;5.2;1;77.3;73.3
9196;Geslacht: mannen;Boekel;2015;4;3;3;2;1;0;0;2;0;0;0;0;4.5;1;77.3;73.8
9197;Geslacht: mannen;Boekel;2016;4;3;3;2;1;0;0;2;0;1;0;0;3.5;1;77.1;74.4
9198;Geslacht: mannen;Boekel;2017;4;3;3;2;1;0;0;2;0;1;0;0;2.9;1;77.6;75.3
9199;Geslacht: mannen;Boekel;2018;4;3;3;2;1;0;0;2;0;1;0;0;2.5;1;77.5;75.6
9200;Geslacht: mannen;Ten Boer;2003;3;2;2;2;0;0;0;1;0;0;0;0;3.1;1;78.4;75.9
9201;Geslacht: mannen;Ten Boer;2004;3;2;2;2;0;0;0;1;0;1;0;0;3.8;1;79.1;76.0
9202;Geslacht: mannen;Ten Boer;2005;3;2;2;2;0;0;0;1;0;1;0;0;4.0;1;77.4;74.3
9203;Geslacht: mannen;Ten Boer;2006;3;2;2;2;0;0;0;1;0;0;0;0;3.3;1;75.4;72.9
9204;Geslacht: mannen;Ten Boer;2007;3;2;2;2;0;0;0;1;0;0;0;0;2.6;1;77.5;75.5
9205;Geslacht: mannen;Ten Boer;2008;3;2;2;2;0;0;0;1;0;1;0;0;2.3;1;78.5;76.7
9206;Geslacht: mannen;Ten Boer;2009;3;2;2;2;0;0;0;1;0;1;0;0;3.0;1;78.2;75.9
9207;Geslacht: mannen;Ten Boer;2010;3;2;2;2;0;0;0;1;0;0;0;0;3.5;1;77.4;74.7
9208;Geslacht: mannen;Ten Boer;2011;3;2;2;2;0;0;0;1;0;1;0;0;3.4;1;77.5;74.8
9209;Geslacht: mannen;Ten Boer;2012;3;2;2;2;0;0;0;1;0;0;0;0;3.9;1;77.3;74.3
9210;Geslacht: mannen;Ten Boer;2013;3;2;2;2;0;0;0;1;0;0;0;0;5.7;1;76.0;71.7
9211;Geslacht: mannen;Ten Boer;2014;3;2;2;2;0;0;0;1;0;0;0;0;5.9;1;76.4;71.9
9212;Geslacht: mannen;Ten Boer;2015;3;2;2;2;0;0;0;1;0;1;0;0;5.4;1;76.1;72.0
9213;Geslacht: mannen;Ten Boer;2016;3;2;2;2;0;0;0;1;0;1;0;0;4.5;1;75.9;72.5
9214;Geslacht: mannen;Ten Boer;2017;3;2;2;2;0;0;0;1;0;1;0;0;3.4;1;76.1;73.5
9215;Geslacht: mannen;Ten Boer;2018;3;2;2;2;0;0;0;1;0;1;0;0;3.0;1;76.2;73.9
9216;Geslacht: mannen;Borger-Odoorn;2003;10;7;7;5;1;0;0;4;1;1;0;0;4.4;3;73.0;69.9
9217;Geslacht: mannen;Borger-Odoorn;2004;10;7;7;5;1;0;1;3;1;1;0;0;5.5;3;72.0;68.1
9218;Geslacht: mannen;Borger-Odoorn;2005;10;7;7;5;1;0;0;4;1;1;0;0;5.4;3;71.7;67.8
9219;Geslacht: mannen;Borger-Odoorn;2006;10;7;7;5;2;0;0;3;1;2;0;0;4.4;3;72.2;69.0
9220;Geslacht: mannen;Borger-Odoorn;2007;10;7;7;6;2;0;1;4;1;2;0;0;3.5;3;73.2;70.7
9221;Geslacht: mannen;Borger-Odoorn;2008;10;7;7;5;2;0;0;4;1;1;0;0;2.9;3;73.7;71.5
9222;Geslacht: mannen;Borger-Odoorn;2009;10;7;7;5;2;0;0;4;1;1;0;0;3.8;3;74.2;71.4
9223;Geslacht: mannen;Borger-Odoorn;2010;10;7;7;5;1;0;1;3;1;1;0;0;4.4;3;72.2;69.1
9224;Geslacht: mannen;Borger-Odoorn;2011;10;7;7;6;1;0;1;4;1;2;0;0;4.3;3;72.5;69.4
9225;Geslacht: mannen;Borger-Odoorn;2012;10;7;7;6;1;0;1;4;1;1;0;0;5.2;3;72.9;69.1
9226;Geslacht: mannen;Borger-Odoorn;2013;10;7;7;5;2;0;1;3;1;1;0;1;7.0;3;72.9;67.8
9227;Geslacht: mannen;Borger-Odoorn;2014;10;7;7;5;2;0;1;3;1;1;0;0;6.8;3;72.5;67.5
9228;Geslacht: mannen;Borger-Odoorn;2015;10;7;7;5;2;0;1;3;1;2;0;0;6.7;3;71.7;66.9
9229;Geslacht: mannen;Borger-Odoorn;2016;10;7;7;5;2;0;1;3;1;2;0;0;5.0;3;70.3;66.7
9230;Geslacht: mannen;Borger-Odoorn;2017;10;7;7;5;2;0;1;3;1;1;1;0;4.3;3;72.3;69.2
9231;Geslacht: mannen;Borger-Odoorn;2018;10;7;7;5;2;0;1;4;1;1;0;0;3.7;3;72.3;69.6
9232;Geslacht: mannen;Borne;2003;8;6;6;5;1;0;0;3;1;2;0;0;3.3;2;76.1;73.6
9233;Geslacht: mannen;Borne;2004;8;6;6;5;1;0;0;3;1;2;0;0;4.1;2;76.3;73.1
9234;Geslacht: mannen;Borne;2005;8;6;6;5;1;0;0;3;1;1;0;0;4.0;2;75.9;72.8
9235;Geslacht: mannen;Borne;2006;8;6;6;5;1;0;0;2;1;2;0;0;3.2;2;74.9;72.5
9236;Geslacht: mannen;Borne;2007;8;6;6;5;1;0;0;2;1;2;0;0;2.8;2;76.4;74.3
9237;Geslacht: mannen;Borne;2008;8;6;6;5;1;0;0;3;1;2;0;0;2.4;2;77.7;75.8
9238;Geslacht: mannen;Borne;2009;8;6;6;5;1;0;0;3;1;2;0;0;3.3;2;77.2;74.7
9239;Geslacht: mannen;Borne;2010;8;6;6;5;1;0;0;2;1;2;0;0;3.9;2;76.0;73.1
9240;Geslacht: mannen;Borne;2011;8;6;6;5;1;0;0;3;1;1;0;0;3.7;2;75.1;72.4
9241;Geslacht: mannen;Borne;2012;8;6;6;5;1;0;0;3;1;1;0;0;4.2;2;76.1;72.9
9242;Geslacht: mannen;Borne;2013;8;6;6;5;1;0;0;2;1;2;0;0;5.7;2;76.3;72.0
9243;Geslacht: mannen;Borne;2014;8;6;6;5;1;0;0;2;1;2;0;0;6.1;2;75.7;71.0
9244;Geslacht: mannen;Borne;2015;8;6;6;5;1;0;0;3;1;2;0;0;5.8;2;75.6;71.2
9245;Geslacht: mannen;Borne;2016;8;6;6;5;1;0;0;2;1;2;0;0;4.9;2;75.9;72.1
9246;Geslacht: mannen;Borne;2017;8;6;6;5;1;0;1;3;1;2;0;0;3.6;2;76.3;73.5
9247;Geslacht: mannen;Borne;2018;8;7;6;5;1;0;0;3;1;2;0;0;2.9;2;77.6;75.3
9248;Geslacht: mannen;Borsele;2003;8;6;6;5;1;0;0;3;1;1;0;0;2.6;2;77.8;75.8
9249;Geslacht: mannen;Borsele;2004;8;6;6;5;1;0;0;3;1;1;0;0;2.9;2;78.0;75.7
9250;Geslacht: mannen;Borsele;2005;8;6;6;5;1;0;0;3;1;1;0;0;3.0;2;77.1;74.8
9251;Geslacht: mannen;Borsele;2006;8;7;6;5;1;0;0;4;1;1;0;0;2.8;2;77.9;75.7
9252;Geslacht: mannen;Borsele;2007;8;7;6;5;1;0;0;3;1;2;0;0;2.1;2;78.2;76.6
9253;Geslacht: mannen;Borsele;2008;8;7;6;5;1;0;0;3;1;2;0;0;2.1;2;77.7;76.1
9254;Geslacht: mannen;Borsele;2009;8;7;7;5;1;0;0;3;1;1;0;0;2.5;2;78.7;76.8
9255;Geslacht: mannen;Borsele;2010;9;7;6;5;1;0;1;3;1;2;0;0;2.8;2;78.1;75.9
9256;Geslacht: mannen;Borsele;2011;9;6;6;5;1;0;0;3;1;2;0;0;2.7;2;76.3;74.3
9257;Geslacht: mannen;Borsele;2012;9;7;6;5;1;0;0;3;1;1;0;0;3.8;2;77.4;74.5
9258;Geslacht: mannen;Borsele;2013;9;7;6;5;1;0;1;3;1;1;0;0;4.9;2;77.0;73.2
9259;Geslacht: mannen;Borsele;2014;9;7;6;5;1;0;0;3;1;1;0;0;4.6;2;77.9;74.3
9260;Geslacht: mannen;Borsele;2015;9;7;6;5;1;0;1;3;1;2;0;0;4.5;2;78.1;74.6
9261;Geslacht: mannen;Borsele;2016;9;7;7;5;1;0;0;4;1;1;0;0;3.3;2;78.8;76.2
9262;Geslacht: mannen;Borsele;2017;9;7;6;5;1;0;0;3;1;2;0;0;2.8;2;77.3;75.1
9263;Geslacht: mannen;Borsele;2018;9;7;7;5;2;0;1;3;1;2;0;0;2.3;2;79.3;77.4
9264;Geslacht: mannen;Boxmeer;2003;11;9;8;7;1;0;1;5;1;2;0;0;3.0;2;79.0;76.6
9265;Geslacht: mannen;Boxmeer;2004;11;9;8;7;1;0;0;4;1;2;0;0;3.9;2;77.9;74.9
9266;Geslacht: mannen;Boxmeer;2005;11;8;8;7;1;0;1;4;1;2;0;0;3.7;2;77.4;74.5
9267;Geslacht: mannen;Boxmeer;2006;11;8;8;7;1;0;1;4;1;2;0;0;3.2;2;77.5;75.1
9268;Geslacht: mannen;Boxmeer;2007;11;8;8;7;1;0;1;4;1;2;0;0;2.4;2;78.4;76.6
9269;Geslacht: mannen;Boxmeer;2008;11;8;8;7;1;0;1;5;1;2;0;0;2.5;2;78.4;76.4
9270;Geslacht: mannen;Boxmeer;2009;11;8;8;7;1;0;1;4;1;2;0;0;3.3;2;77.8;75.2
9271;Geslacht: mannen;Boxmeer;2010;11;8;8;7;2;0;1;4;1;1;1;0;3.5;2;77.0;74.3
9272;Geslacht: mannen;Boxmeer;2011;11;8;8;7;1;0;1;4;1;2;0;0;3.2;3;76.3;73.9
9273;Geslacht: mannen;Boxmeer;2012;11;8;8;6;1;0;1;3;2;2;0;0;4.0;3;76.6;73.5
9274;Geslacht: mannen;Boxmeer;2013;11;8;8;6;2;0;1;4;1;2;0;0;5.5;3;76.7;72.5
9275;Geslacht: mannen;Boxmeer;2014;11;8;8;6;2;0;1;4;1;2;0;0;6.0;3;75.9;71.3
9276;Geslacht: mannen;Boxmeer;2015;11;8;8;6;1;0;1;4;1;2;0;0;5.6;3;75.7;71.4
9277;Geslacht: mannen;Boxmeer;2016;11;8;8;6;1;0;1;4;1;2;0;0;5.3;3;75.7;71.7
9278;Geslacht: mannen;Boxmeer;2017;11;8;8;6;2;0;1;4;1;2;0;0;3.8;3;76.1;73.2
9279;Geslacht: mannen;Boxmeer;2018;11;8;8;7;1;0;1;4;1;2;0;0;2.9;3;75.5;73.3
9280;Geslacht: mannen;Boxtel;2003;11;9;8;7;1;0;1;4;1;2;0;0;3.6;3;76.9;74.2
9281;Geslacht: mannen;Boxtel;2004;11;8;8;7;1;0;1;4;1;2;0;0;4.3;3;75.2;72.0
9282;Geslacht: mannen;Boxtel;2005;11;9;8;7;1;0;1;4;1;2;0;0;4.2;3;76.5;73.3
9283;Geslacht: mannen;Boxtel;2006;11;9;8;7;1;0;1;4;1;3;0;0;3.7;3;76.3;73.5
9284;Geslacht: mannen;Boxtel;2007;11;9;9;7;1;0;1;4;1;2;0;0;2.7;3;77.0;75.0
9285;Geslacht: mannen;Boxtel;2008;11;9;9;7;1;0;1;4;1;2;0;0;2.5;3;77.9;76.0
9286;Geslacht: mannen;Boxtel;2009;11;9;9;7;2;0;1;4;1;2;0;0;3.3;3;77.0;74.5
9287;Geslacht: mannen;Boxtel;2010;11;9;8;7;1;0;1;4;1;2;0;0;3.9;3;76.5;73.6
9288;Geslacht: mannen;Boxtel;2011;11;9;8;7;1;0;1;4;1;3;0;0;3.6;3;75.5;72.7
9289;Geslacht: mannen;Boxtel;2012;11;9;8;7;2;0;1;4;1;2;0;0;4.5;3;77.0;73.5
9290;Geslacht: mannen;Boxtel;2013;11;9;8;7;1;0;1;4;1;2;0;1;6.4;3;74.8;70.0
9291;Geslacht: mannen;Boxtel;2014;11;8;8;6;1;0;1;3;1;2;0;1;6.1;3;74.2;69.7
9292;Geslacht: mannen;Boxtel;2015;11;9;8;7;1;0;1;4;1;2;0;0;5.7;3;75.1;70.8
9293;Geslacht: mannen;Boxtel;2016;12;9;8;7;1;0;1;4;1;2;0;0;5.1;3;75.0;71.2
9294;Geslacht: mannen;Boxtel;2017;12;9;8;7;2;0;1;4;1;2;0;0;4.0;3;75.2;72.2
9295;Geslacht: mannen;Boxtel;2018;12;9;8;7;1;0;1;4;1;2;0;0;3.2;3;75.5;73.1
9296;Geslacht: mannen;Breda;2003;61;47;45;38;6;0;3;18;7;16;0;2;4.6;14;76.5;73.0
9297;Geslacht: mannen;Breda;2004;62;47;44;38;6;0;4;17;7;16;0;3;5.5;15;75.8;71.6
9298;Geslacht: mannen;Breda;2005;62;48;45;38;7;0;4;19;7;15;0;2;5.1;15;76.4;72.5
9299;Geslacht: mannen;Breda;2006;63;48;46;39;7;0;5;19;8;15;0;2;4.3;15;76.3;73.0
9300;Geslacht: mannen;Breda;2007;63;49;47;39;8;0;4;21;8;15;0;2;3.4;14;77.3;74.7
9301;Geslacht: mannen;Breda;2008;63;50;48;40;8;0;4;17;9;18;0;1;2.9;14;78.0;75.8
9302;Geslacht: mannen;Breda;2009;64;49;47;40;8;0;4;17;9;17;0;2;4.1;15;77.2;74.1
9303;Geslacht: mannen;Breda;2010;64;49;47;38;9;0;5;18;8;16;0;2;4.4;15;76.8;73.4
9304;Geslacht: mannen;Breda;2011;65;49;47;39;8;0;5;17;9;16;0;2;4.6;15;76.3;72.7
9305;Geslacht: mannen;Breda;2012;66;51;48;40;7;0;5;16;9;17;0;3;6.3;15;77.9;73.0
9306;Geslacht: mannen;Breda;2013;67;52;48;40;8;0;4;19;7;18;0;4;7.2;15;77.5;71.9
9307;Geslacht: mannen;Breda;2014;67;52;48;39;9;0;4;19;7;17;0;4;7.0;16;76.8;71.4
9308;Geslacht: mannen;Breda;2015;67;52;48;40;8;0;4;18;7;19;0;4;6.9;15;77.1;71.8
9309;Geslacht: mannen;Breda;2016;68;51;49;40;9;0;4;19;7;18;0;3;5.3;16;75.9;71.9
9310;Geslacht: mannen;Breda;2017;69;52;50;41;9;0;5;19;7;19;0;2;4.5;16;76.4;72.9
9311;Geslacht: mannen;Breda;2018;69;53;51;42;9;0;5;19;8;19;0;2;3.5;16;76.4;73.7
9312;Geslacht: mannen;Brielle;2003;6;5;5;4;1;0;0;2;1;1;0;0;2.8;1;78.7;76.6
9313;Geslacht: mannen;Brielle;2004;6;5;5;4;1;0;0;2;1;1;0;0;3.4;1;78.4;75.8
9314;Geslacht: mannen;Brielle;2005;6;5;5;4;1;0;0;2;1;1;0;0;3.4;1;77.2;74.6
9315;Geslacht: mannen;Brielle;2006;6;5;5;4;1;0;0;2;1;1;0;0;2.7;1;77.2;75.1
9316;Geslacht: mannen;Brielle;2007;6;5;5;4;1;0;0;2;1;1;0;0;2.3;1;77.5;75.7
9317;Geslacht: mannen;Brielle;2008;6;5;5;4;1;0;0;2;1;1;0;0;2.1;1;78.8;77.2
9318;Geslacht: mannen;Brielle;2009;6;5;5;4;1;0;0;2;1;1;0;0;2.5;1;78.1;76.2
9319;Geslacht: mannen;Brielle;2010;6;5;5;4;1;0;0;2;1;1;0;0;2.9;1;77.7;75.5
9320;Geslacht: mannen;Brielle;2011;6;5;5;4;1;0;0;2;1;1;0;0;2.9;1;77.0;74.7
9321;Geslacht: mannen;Brielle;2012;6;5;5;4;1;0;0;2;1;1;0;0;3.6;1;77.4;74.6
9322;Geslacht: mannen;Brielle;2013;6;5;5;4;1;0;0;2;1;2;0;0;5.2;1;76.9;72.9
9323;Geslacht: mannen;Brielle;2014;6;5;5;4;1;0;0;2;1;1;0;0;5.0;1;77.0;73.1
9324;Geslacht: mannen;Brielle;2015;6;5;5;4;1;0;0;2;1;1;0;0;4.3;1;76.7;73.4
9325;Geslacht: mannen;Brielle;2016;6;5;5;4;1;0;0;2;1;1;0;0;3.9;2;76.0;73.0
9326;Geslacht: mannen;Brielle;2017;6;5;5;4;1;0;0;2;1;1;0;0;3.2;2;76.6;74.2
9327;Geslacht: mannen;Brielle;2018;6;5;5;4;1;0;0;2;1;1;0;0;2.7;1;77.8;75.7
9328;Geslacht: mannen;Bronckhorst;2003;14;11;10;8;2;0;1;6;2;2;0;0;2.7;4;74.5;72.5
9329;Geslacht: mannen;Bronckhorst;2004;14;11;10;8;2;0;1;5;2;2;0;0;3.3;4;74.7;72.2
9330;Geslacht: mannen;Bronckhorst;2005;14;10;10;8;2;0;1;6;2;2;0;0;3.4;4;74.5;72.0
9331;Geslacht: mannen;Bronckhorst;2006;14;11;10;8;2;0;1;6;2;2;0;0;2.5;3;75.4;73.6
9332;Geslacht: mannen;Bronckhorst;2007;14;11;10;8;2;0;1;6;2;2;0;0;2.3;3;76.3;74.5
9333;Geslacht: mannen;Bronckhorst;2008;14;11;10;8;2;0;1;6;2;2;0;0;2.2;3;75.9;74.3
9334;Geslacht: mannen;Bronckhorst;2009;14;11;11;8;2;0;1;6;2;2;0;0;2.2;3;76.8;75.1
9335;Geslacht: mannen;Bronckhorst;2010;14;11;10;8;2;0;1;5;2;3;0;0;3.1;3;76.8;74.4
9336;Geslacht: mannen;Bronckhorst;2011;14;10;10;8;3;0;1;5;2;3;0;0;3.2;3;75.0;72.5
9337;Geslacht: mannen;Bronckhorst;2012;14;10;10;8;2;0;1;5;2;2;0;0;4.0;3;75.2;72.3
9338;Geslacht: mannen;Bronckhorst;2013;14;10;10;7;3;0;1;5;2;3;0;1;5.7;4;74.6;70.4
9339;Geslacht: mannen;Bronckhorst;2014;14;10;10;7;2;0;1;5;2;2;0;1;5.5;4;74.8;70.7
9340;Geslacht: mannen;Bronckhorst;2015;14;10;10;7;2;0;1;5;1;3;0;0;4.4;4;74.2;70.9
9341;Geslacht: mannen;Bronckhorst;2016;14;10;10;7;3;0;1;5;2;2;0;0;3.8;4;74.1;71.4
9342;Geslacht: mannen;Bronckhorst;2017;14;10;10;7;3;0;1;5;1;2;0;0;3.2;4;74.4;72.0
9343;Geslacht: mannen;Bronckhorst;2018;14;10;10;8;2;0;1;5;2;3;0;0;2.8;4;74.3;72.2
9344;Geslacht: mannen;Brummen;2003;8;6;6;5;1;0;0;3;1;1;0;0;3.1;2;72.9;70.7
9345;Geslacht: mannen;Brummen;2004;8;6;6;5;1;0;0;3;1;1;0;0;4.1;2;74.6;71.6
9346;Geslacht: mannen;Brummen;2005;8;6;6;5;1;0;0;3;1;1;0;0;4.1;2;74.5;71.5
9347;Geslacht: mannen;Brummen;2006;8;6;6;5;1;0;0;3;1;1;0;0;3.2;2;74.4;72.1
9348;Geslacht: mannen;Brummen;2007;8;6;6;5;1;0;0;3;1;1;0;0;2.6;2;74.9;72.9
9349;Geslacht: mannen;Brummen;2008;8;6;6;5;1;0;0;3;1;1;0;0;2.4;2;75.4;73.6
9350;Geslacht: mannen;Brummen;2009;8;6;6;5;1;0;0;3;1;2;0;0;3.5;2;75.6;73.0
9351;Geslacht: mannen;Brummen;2010;8;6;6;5;1;0;0;2;1;2;0;0;3.9;2;74.7;71.8
9352;Geslacht: mannen;Brummen;2011;8;6;6;5;1;0;0;3;1;2;0;0;3.6;2;74.7;72.0
9353;Geslacht: mannen;Brummen;2012;8;6;6;5;1;0;0;3;1;1;0;0;4.7;2;74.9;71.5
9354;Geslacht: mannen;Brummen;2013;8;6;6;5;1;0;0;3;1;1;0;0;6.0;2;74.4;69.9
9355;Geslacht: mannen;Brummen;2014;8;6;5;4;1;0;0;3;1;1;0;0;6.3;2;74.6;69.9
9356;Geslacht: mannen;Brummen;2015;8;6;6;4;1;0;0;3;1;1;0;0;5.0;2;75.2;71.4
9357;Geslacht: mannen;Brummen;2016;8;6;6;4;1;0;0;3;1;1;0;0;4.2;2;74.8;71.7
9358;Geslacht: mannen;Brummen;2017;8;6;6;4;1;0;0;2;1;2;0;0;3.5;2;74.5;71.9
9359;Geslacht: mannen;Brummen;2018;8;6;6;5;1;0;0;2;1;2;0;0;3.2;2;75.0;72.6
9360;Geslacht: mannen;Brunssum;2003;11;8;7;7;1;0;1;4;1;1;0;0;5.4;3;69.7;66.0
9361;Geslacht: mannen;Brunssum;2004;11;8;7;7;1;0;1;4;1;1;0;1;6.7;3;69.7;65.0
9362;Geslacht: mannen;Brunssum;2005;11;8;7;7;1;0;1;4;2;1;0;1;6.6;3;70.8;66.2
9363;Geslacht: mannen;Brunssum;2006;11;8;7;6;1;0;1;4;1;1;0;0;5.3;3;69.6;65.9
9364;Geslacht: mannen;Brunssum;2007;11;8;8;7;1;0;1;4;1;2;0;0;4.0;3;71.8;68.9
9365;Geslacht: mannen;Brunssum;2008;11;8;8;7;1;0;1;4;2;1;1;0;3.8;3;71.4;68.7
9366;Geslacht: mannen;Brunssum;2009;11;8;8;7;1;0;1;4;1;1;0;0;4.7;3;71.5;68.2
9367;Geslacht: mannen;Brunssum;2010;11;8;8;6;1;0;1;4;1;2;0;0;5.1;3;70.9;67.3
9368;Geslacht: mannen;Brunssum;2011;11;8;7;6;1;0;1;4;1;2;0;0;4.5;3;70.6;67.5
9369;Geslacht: mannen;Brunssum;2012;11;8;7;6;1;0;1;3;1;2;0;0;5.5;3;68.9;65.1
9370;Geslacht: mannen;Brunssum;2013;11;8;7;6;1;0;1;3;1;2;0;1;7.6;3;71.2;65.8
9371;Geslacht: mannen;Brunssum;2014;11;8;7;6;1;0;1;4;1;2;0;1;7.4;3;71.1;65.9
9372;Geslacht: mannen;Brunssum;2015;11;8;7;6;1;0;1;4;1;1;0;1;7.2;3;72.1;66.9
9373;Geslacht: mannen;Brunssum;2016;11;8;7;6;1;0;1;3;1;2;0;0;5.1;3;71.2;67.6
9374;Geslacht: mannen;Brunssum;2017;11;8;7;6;1;0;1;3;1;2;0;0;4.7;3;71.3;67.9
9375;Geslacht: mannen;Brunssum;2018;11;8;7;6;1;0;1;4;1;1;0;0;3.8;3;71.2;68.5
9376;Geslacht: mannen;Bunnik;2003;5;4;4;3;1;0;0;1;1;1;0;0;2.7;1;75.8;73.8
9377;Geslacht: mannen;Bunnik;2004;5;4;4;3;1;0;0;1;1;1;0;0;3.2;1;75.2;72.8
9378;Geslacht: mannen;Bunnik;2005;5;4;4;3;1;0;0;1;1;1;0;0;3.3;1;75.5;73.0
9379;Geslacht: mannen;Bunnik;2006;5;4;4;3;1;0;0;1;1;1;0;0;2.9;1;75.0;72.9
9380;Geslacht: mannen;Bunnik;2007;5;4;4;3;1;0;0;1;1;2;0;0;2.4;1;76.3;74.4
9381;Geslacht: mannen;Bunnik;2008;5;4;4;3;1;0;0;1;1;2;0;0;2.1;1;77.0;75.4
9382;Geslacht: mannen;Bunnik;2009;5;4;4;3;1;0;0;2;1;1;0;0;2.4;1;77.3;75.5
9383;Geslacht: mannen;Bunnik;2010;5;4;4;3;1;0;0;2;1;1;0;0;3.1;1;76.3;73.9
9384;Geslacht: mannen;Bunnik;2011;5;4;4;3;1;0;0;1;1;1;0;0;3.0;1;75.3;73.1
9385;Geslacht: mannen;Bunnik;2012;5;4;4;3;1;0;0;1;1;2;0;0;3.6;1;77.2;74.5
9386;Geslacht: mannen;Bunnik;2013;5;4;4;3;1;0;0;2;1;1;0;0;4.9;1;77.3;73.5
9387;Geslacht: mannen;Bunnik;2014;5;4;4;3;1;0;0;2;1;1;0;0;4.9;1;77.0;73.2
9388;Geslacht: mannen;Bunnik;2015;5;4;4;3;1;0;0;1;1;2;0;0;4.1;1;77.1;73.9
9389;Geslacht: mannen;Bunnik;2016;5;4;4;3;1;0;0;2;1;1;0;0;3.8;1;77.0;74.1
9390;Geslacht: mannen;Bunnik;2017;5;4;4;3;1;0;0;2;1;2;0;0;2.7;1;78.4;76.2
9391;Geslacht: mannen;Bunnik;2018;5;4;4;3;1;0;0;1;1;2;0;0;2.6;1;77.5;75.4
9392;Geslacht: mannen;Bunschoten;2003;7;6;6;5;1;0;0;3;1;1;0;0;2.7;1;79.6;77.5
9393;Geslacht: mannen;Bunschoten;2004;7;6;6;5;1;0;0;3;1;1;0;0;3.2;2;79.2;76.6
9394;Geslacht: mannen;Bunschoten;2005;7;6;6;5;1;0;0;3;1;1;0;0;3.0;2;79.1;76.7
9395;Geslacht: mannen;Bunschoten;2006;7;6;6;5;1;0;0;3;1;1;0;0;2.6;2;78.2;76.2
9396;Geslacht: mannen;Bunschoten;2007;7;6;6;5;1;0;0;3;1;1;0;0;2.2;2;79.4;77.6
9397;Geslacht: mannen;Bunschoten;2008;7;6;6;5;1;0;0;3;1;1;0;0;2.1;1;80.0;78.3
9398;Geslacht: mannen;Bunschoten;2009;7;6;6;5;1;0;0;3;1;2;0;0;2.6;1;80.1;78.0
9399;Geslacht: mannen;Bunschoten;2010;8;6;6;5;1;0;0;3;1;1;0;0;3.0;2;79.2;76.8
9400;Geslacht: mannen;Bunschoten;2011;8;6;6;5;1;0;0;3;1;1;0;0;3.0;2;78.8;76.4
9401;Geslacht: mannen;Bunschoten;2012;8;6;6;5;1;0;0;3;1;1;0;0;3.5;2;79.6;76.7
9402;Geslacht: mannen;Bunschoten;2013;8;6;6;5;1;0;0;3;1;1;0;0;5.3;2;79.3;75.2
9403;Geslacht: mannen;Bunschoten;2014;8;6;6;5;1;0;0;3;1;2;0;0;5.5;2;78.6;74.2
9404;Geslacht: mannen;Bunschoten;2015;8;6;6;5;1;0;0;3;1;2;0;0;5.0;2;78.9;75.0
9405;Geslacht: mannen;Bunschoten;2016;8;6;6;5;1;0;1;3;1;2;0;0;3.8;2;79.3;76.3
9406;Geslacht: mannen;Bunschoten;2017;8;6;6;5;1;0;1;3;1;2;0;0;2.9;2;78.5;76.2
9407;Geslacht: mannen;Bunschoten;2018;8;6;6;5;1;0;0;3;1;2;0;0;2.5;2;79.1;77.1
9408;Geslacht: mannen;Buren;2003;10;8;8;6;2;0;1;4;1;2;0;0;2.8;2;78.3;76.2
9409;Geslacht: mannen;Buren;2004;10;8;7;6;2;0;1;4;1;2;0;0;3.4;2;77.2;74.6
9410;Geslacht: mannen;Buren;2005;10;8;7;6;1;0;0;4;1;2;0;0;3.3;2;77.9;75.3
9411;Geslacht: mannen;Buren;2006;10;8;7;6;2;0;0;4;1;2;0;0;2.6;2;77.7;75.7
9412;Geslacht: mannen;Buren;2007;10;8;8;6;2;0;1;4;1;2;0;0;2.3;2;79.6;77.8
9413;Geslacht: mannen;Buren;2008;10;8;8;6;2;0;1;4;1;2;0;0;2.0;2;78.8;77.2
9414;Geslacht: mannen;Buren;2009;10;8;8;6;2;0;1;3;1;2;0;0;2.4;2;78.1;76.2
9415;Geslacht: mannen;Buren;2010;10;8;8;6;2;0;1;4;1;2;0;0;3.0;2;78.0;75.7
9416;Geslacht: mannen;Buren;2011;10;8;7;6;2;0;0;4;1;2;0;0;3.2;2;76.8;74.3
9417;Geslacht: mannen;Buren;2012;10;8;7;6;2;0;1;3;1;3;0;0;3.6;2;77.1;74.4
9418;Geslacht: mannen;Buren;2013;10;8;7;5;2;0;1;3;1;2;0;0;5.5;2;76.6;72.3
9419;Geslacht: mannen;Buren;2014;10;8;7;6;2;0;1;4;1;2;0;0;5.5;2;75.7;71.6
9420;Geslacht: mannen;Buren;2015;10;8;7;6;2;0;1;4;1;2;0;0;4.5;2;75.6;72.2
9421;Geslacht: mannen;Buren;2016;10;8;8;6;2;0;1;4;1;2;0;0;4.1;2;76.1;73.0
9422;Geslacht: mannen;Buren;2017;10;8;8;6;2;0;1;3;1;2;0;0;3.1;2;76.1;73.7
9423;Geslacht: mannen;Buren;2018;10;8;8;6;2;0;1;3;1;2;0;0;2.6;2;76.4;74.4
9424;Geslacht: mannen;Capelle aan den IJssel;2003;24;19;18;16;2;0;1;7;3;6;0;1;4.2;5;77.6;74.3
9425;Geslacht: mannen;Capelle aan den IJssel;2004;24;19;18;16;2;0;1;7;4;6;0;1;5.2;5;78.3;74.2
9426;Geslacht: mannen;Capelle aan den IJssel;2005;24;18;17;16;2;0;1;7;3;6;0;1;5.4;5;77.2;73.0
9427;Geslacht: mannen;Capelle aan den IJssel;2006;24;18;18;15;2;0;2;7;3;6;0;1;4.0;5;77.4;74.3
9428;Geslacht: mannen;Capelle aan den IJssel;2007;24;18;17;16;2;0;1;6;3;6;0;1;3.6;6;76.1;73.4
9429;Geslacht: mannen;Capelle aan den IJssel;2008;24;18;18;15;2;0;1;7;3;6;0;1;2.8;5;77.1;74.9
9430;Geslacht: mannen;Capelle aan den IJssel;2009;24;18;18;16;2;0;1;7;3;6;0;1;3.9;5;77.4;74.4
9431;Geslacht: mannen;Capelle aan den IJssel;2010;24;18;17;15;2;0;1;6;3;6;0;1;4.6;6;75.9;72.3
9432;Geslacht: mannen;Capelle aan den IJssel;2011;24;18;17;15;3;0;1;7;3;5;0;1;5.2;6;76.0;72.1
9433;Geslacht: mannen;Capelle aan den IJssel;2012;24;18;17;14;3;0;1;8;3;4;0;1;6.3;6;75.3;70.6
9434;Geslacht: mannen;Capelle aan den IJssel;2013;24;18;17;14;2;0;1;7;3;5;1;1;7.9;6;74.7;68.8
9435;Geslacht: mannen;Capelle aan den IJssel;2014;24;18;17;14;2;0;1;7;2;5;0;1;8.1;6;74.4;68.3
9436;Geslacht: mannen;Capelle aan den IJssel;2015;24;18;17;14;3;0;1;7;2;6;0;1;7.5;6;74.5;68.9
9437;Geslacht: mannen;Capelle aan den IJssel;2016;24;18;17;14;3;0;1;7;3;5;0;1;6.3;6;74.3;69.6
9438;Geslacht: mannen;Capelle aan den IJssel;2017;24;18;17;14;3;0;2;7;3;5;0;1;5.2;6;73.6;69.7
9439;Geslacht: mannen;Capelle aan den IJssel;2018;24;18;17;14;3;0;2;7;3;5;1;1;4.2;6;74.2;71.0
9440;Geslacht: mannen;Castricum;2003;13;10;9;8;1;0;1;4;2;3;0;0;2.6;3;75.4;73.4
9441;Geslacht: mannen;Castricum;2004;13;10;9;8;2;0;1;4;2;3;0;0;3.0;3;75.9;73.6
9442;Geslacht: mannen;Castricum;2005;13;10;9;8;2;0;1;4;2;3;0;0;3.0;3;76.4;74.2
9443;Geslacht: mannen;Castricum;2006;13;10;9;8;2;0;1;4;2;3;0;0;2.6;3;75.8;73.8
9444;Geslacht: mannen;Castricum;2007;13;9;9;8;2;0;1;4;2;3;0;0;2.3;3;74.8;73.1
9445;Geslacht: mannen;Castricum;2008;13;10;9;7;2;0;1;4;2;3;0;0;2.1;3;76.3;74.7
9446;Geslacht: mannen;Castricum;2009;13;10;9;7;2;0;1;4;2;3;0;0;2.4;3;77.2;75.3
9447;Geslacht: mannen;Castricum;2010;13;9;9;7;2;0;1;4;2;3;0;0;3.0;3;75.6;73.4
9448;Geslacht: mannen;Castricum;2011;13;9;9;7;2;0;1;3;2;4;0;0;3.2;3;75.8;73.4
9449;Geslacht: mannen;Castricum;2012;13;9;9;7;2;0;1;3;2;3;0;0;3.8;3;75.5;72.7
9450;Geslacht: mannen;Castricum;2013;13;9;9;7;2;0;1;4;1;3;0;0;5.1;3;74.4;70.6
9451;Geslacht: mannen;Castricum;2014;13;9;9;7;2;0;1;3;1;4;0;1;5.7;3;75.0;70.7
9452;Geslacht: mannen;Castricum;2015;13;10;9;7;2;0;1;3;1;4;0;0;4.6;3;75.6;72.1
9453;Geslacht: mannen;Castricum;2016;13;10;9;8;2;0;1;4;1;4;0;0;3.6;3;76.2;73.5
9454;Geslacht: mannen;Castricum;2017;13;10;10;8;2;0;1;4;1;3;0;0;3.1;3;76.2;73.8
9455;Geslacht: mannen;Castricum;2018;13;10;10;8;2;0;1;3;2;4;0;0;2.8;3;75.8;73.6
9456;Geslacht: mannen;Coevorden;2003;14;10;10;8;2;0;1;5;2;2;0;0;4.5;4;73.0;69.7
9457;Geslacht: mannen;Coevorden;2004;14;10;9;8;1;0;1;5;2;2;0;1;5.6;4;73.4;69.3
9458;Geslacht: mannen;Coevorden;2005;14;10;9;8;1;0;1;5;2;2;0;1;6.1;4;72.3;67.9
9459;Geslacht: mannen;Coevorden;2006;14;10;9;8;2;0;1;6;2;1;0;0;4.4;4;72.1;68.9
9460;Geslacht: mannen;Coevorden;2007;14;10;10;8;2;0;1;5;2;2;0;0;3.5;4;73.2;70.6
9461;Geslacht: mannen;Coevorden;2008;14;10;10;8;2;0;1;5;2;2;0;0;2.8;3;74.5;72.4
9462;Geslacht: mannen;Coevorden;2009;13;10;9;8;2;0;1;4;2;2;0;0;4.4;4;73.8;70.6
9463;Geslacht: mannen;Coevorden;2010;13;10;9;8;2;0;1;4;2;2;0;0;4.7;4;72.9;69.4
9464;Geslacht: mannen;Coevorden;2011;13;10;9;7;2;0;1;4;2;2;0;0;4.6;4;71.6;68.3
9465;Geslacht: mannen;Coevorden;2012;13;10;9;8;2;0;1;5;2;2;0;1;5.3;4;71.9;68.1
9466;Geslacht: mannen;Coevorden;2013;13;10;9;7;2;0;1;4;1;3;0;1;6.4;4;73.7;68.9
9467;Geslacht: mannen;Coevorden;2014;13;10;9;7;2;0;1;4;1;2;0;1;7.0;4;73.4;68.2
9468;Geslacht: mannen;Coevorden;2015;13;10;9;7;2;0;1;5;1;2;0;1;6.4;3;73.7;69.0
9469;Geslacht: mannen;Coevorden;2016;13;9;9;7;2;0;1;5;1;2;0;0;5.1;4;71.6;68.0
9470;Geslacht: mannen;Coevorden;2017;13;10;9;7;2;0;1;4;1;2;0;0;4.4;4;73.1;69.9
9471;Geslacht: mannen;Coevorden;2018;13;9;9;7;2;0;1;5;2;1;0;0;3.6;4;71.7;69.1
9472;Geslacht: mannen;Cranendonck;2003;8;6;6;5;1;0;0;3;1;2;0;0;3.2;2;76.5;74.1
9473;Geslacht: mannen;Cranendonck;2004;8;6;6;5;1;0;0;3;1;1;0;0;4.2;2;74.7;71.5
9474;Geslacht: mannen;Cranendonck;2005;8;6;6;5;1;0;0;3;1;1;0;0;4.2;2;73.9;70.7
9475;Geslacht: mannen;Cranendonck;2006;8;6;6;5;1;0;0;3;1;2;0;0;3.3;2;75.1;72.6
9476;Geslacht: mannen;Cranendonck;2007;8;6;6;5;1;0;0;3;1;2;0;0;2.8;2;74.6;72.5
9477;Geslacht: mannen;Cranendonck;2008;8;6;6;5;1;0;0;3;1;1;0;0;2.5;2;75.3;73.4
9478;Geslacht: mannen;Cranendonck;2009;8;6;6;5;1;0;0;3;1;1;0;0;3.3;2;75.1;72.7
9479;Geslacht: mannen;Cranendonck;2010;8;6;6;5;1;0;0;3;1;1;0;0;3.9;2;73.9;71.0
9480;Geslacht: mannen;Cranendonck;2011;8;6;6;5;1;0;0;3;1;1;0;0;3.8;2;73.2;70.5
9481;Geslacht: mannen;Cranendonck;2012;8;6;6;5;1;0;0;3;1;2;0;0;4.6;2;75.2;71.8
9482;Geslacht: mannen;Cranendonck;2013;8;6;6;4;1;0;0;3;1;2;0;0;5.9;2;73.9;69.6
9483;Geslacht: mannen;Cranendonck;2014;8;6;6;5;1;0;1;3;1;1;0;0;6.0;2;73.7;69.3
9484;Geslacht: mannen;Cranendonck;2015;8;6;6;5;1;0;0;3;1;1;0;0;5.5;2;74.4;70.3
9485;Geslacht: mannen;Cranendonck;2016;8;6;6;5;1;0;1;3;1;2;0;0;4.4;2;73.6;70.3
9486;Geslacht: mannen;Cranendonck;2017;8;6;6;5;1;0;1;3;1;1;0;0;3.5;2;73.9;71.3
9487;Geslacht: mannen;Cranendonck;2018;8;6;6;4;1;0;0;3;1;1;0;0;2.9;2;74.6;72.5
9488;Geslacht: mannen;Cromstrijen;2003;5;4;4;3;1;0;0;2;1;1;0;0;2.6;1;78.6;76.5
9489;Geslacht: mannen;Cromstrijen;2004;5;4;4;3;1;0;0;2;1;1;0;0;3.2;1;78.1;75.6
9490;Geslacht: mannen;Cromstrijen;2005;5;4;4;3;1;0;0;2;1;1;0;0;2.8;1;77.8;75.6
9491;Geslacht: mannen;Cromstrijen;2006;5;4;4;3;1;0;0;2;1;1;0;0;2.5;1;77.7;75.7
9492;Geslacht: mannen;Cromstrijen;2007;5;4;4;3;1;0;0;2;1;1;0;0;2.2;1;78.1;76.5
9493;Geslacht: mannen;Cromstrijen;2008;5;4;4;3;1;0;0;2;1;1;0;0;2.0;1;78.0;76.5
9494;Geslacht: mannen;Cromstrijen;2009;5;4;4;3;1;0;0;2;1;1;0;0;2.4;1;79.0;77.1
9495;Geslacht: mannen;Cromstrijen;2010;5;4;4;3;1;0;0;2;1;1;0;0;2.8;1;77.2;75.0
9496;Geslacht: mannen;Cromstrijen;2011;5;4;4;3;1;0;0;1;1;1;0;0;2.8;1;77.2;75.0
9497;Geslacht: mannen;Cromstrijen;2012;5;4;4;3;1;0;0;2;1;1;0;0;3.4;1;77.3;74.7
9498;Geslacht: mannen;Cromstrijen;2013;5;4;4;3;1;0;0;2;1;1;0;0;5.0;1;77.0;73.2
9499;Geslacht: mannen;Cromstrijen;2014;5;4;4;3;1;0;0;2;1;1;0;0;4.8;1;76.4;72.8
9500;Geslacht: mannen;Cromstrijen;2015;5;4;4;3;1;0;0;2;1;1;0;0;4.2;1;76.5;73.3
9501;Geslacht: mannen;Cromstrijen;2016;5;4;4;3;1;0;0;2;1;1;0;0;3.8;1;76.4;73.5
9502;Geslacht: mannen;Cromstrijen;2017;5;4;4;3;1;0;0;2;1;1;0;0;2.8;1;76.0;73.9
9503;Geslacht: mannen;Cromstrijen;2018;5;4;4;3;1;0;0;2;1;1;0;0;2.5;1;76.8;74.9
9504;Geslacht: mannen;Cuijk;2003;9;7;7;6;1;0;1;4;1;1;0;0;3.9;2;76.6;73.6
9505;Geslacht: mannen;Cuijk;2004;9;7;7;6;1;0;1;3;1;1;0;0;5.0;2;75.7;71.9
9506;Geslacht: mannen;Cuijk;2005;9;7;7;6;1;0;1;3;1;1;0;0;4.8;2;75.9;72.3
9507;Geslacht: mannen;Cuijk;2006;9;7;7;6;1;0;1;4;1;1;0;0;3.8;2;75.8;72.9
9508;Geslacht: mannen;Cuijk;2007;9;7;7;6;1;0;1;4;1;1;0;0;2.9;2;77.2;75.0
9509;Geslacht: mannen;Cuijk;2008;9;7;7;6;1;0;1;4;1;2;0;0;2.6;2;76.5;74.5
9510;Geslacht: mannen;Cuijk;2009;9;7;7;6;1;0;0;3;1;2;0;0;3.7;2;75.8;73.0
9511;Geslacht: mannen;Cuijk;2010;9;7;7;6;1;0;1;3;1;2;0;0;4.3;2;75.7;72.4
9512;Geslacht: mannen;Cuijk;2011;9;7;7;6;1;0;1;3;1;2;0;0;3.9;2;75.6;72.6
9513;Geslacht: mannen;Cuijk;2012;9;7;7;6;1;0;1;3;1;1;0;0;5.5;2;75.5;71.3
9514;Geslacht: mannen;Cuijk;2013;10;7;7;6;1;0;1;4;1;2;0;0;6.6;2;75.7;70.7
9515;Geslacht: mannen;Cuijk;2014;10;7;7;6;1;0;1;3;1;2;0;0;6.7;2;75.7;70.6
9516;Geslacht: mannen;Cuijk;2015;9;7;7;6;1;0;1;3;1;2;0;0;6.0;2;75.9;71.3
9517;Geslacht: mannen;Cuijk;2016;9;7;7;6;1;0;1;3;1;2;0;0;5.1;2;75.9;72.0
9518;Geslacht: mannen;Cuijk;2017;10;7;7;6;1;0;1;3;1;2;0;0;4.1;2;75.3;72.2
9519;Geslacht: mannen;Cuijk;2018;10;7;7;6;1;0;1;3;1;2;0;0;3.3;2;75.9;73.4
9520;Geslacht: mannen;Culemborg;2003;10;7;7;6;1;0;1;3;1;2;0;0;4.4;2;76.8;73.4
9521;Geslacht: mannen;Culemborg;2004;10;8;7;6;1;0;1;3;1;3;0;0;5.1;2;77.0;73.1
9522;Geslacht: mannen;Culemborg;2005;10;8;7;6;1;0;1;3;1;2;0;0;5.1;2;77.6;73.7
9523;Geslacht: mannen;Culemborg;2006;10;8;7;6;1;0;1;3;1;2;0;0;4.2;2;78.5;75.2
9524;Geslacht: mannen;Culemborg;2007;10;8;8;7;1;0;1;3;2;2;0;0;3.3;2;78.4;75.8
9525;Geslacht: mannen;Culemborg;2008;10;8;8;7;1;0;1;3;1;2;0;0;3.0;2;78.5;76.2
9526;Geslacht: mannen;Culemborg;2009;10;8;8;6;1;0;1;3;1;2;0;0;3.4;2;78.6;75.9
9527;Geslacht: mannen;Culemborg;2010;10;8;7;6;1;0;1;2;1;3;0;0;4.8;2;76.9;73.2
9528;Geslacht: mannen;Culemborg;2011;10;8;8;6;1;0;1;3;1;3;0;0;4.5;2;77.4;73.9
9529;Geslacht: mannen;Culemborg;2012;10;8;8;6;1;0;1;3;1;3;0;0;5.5;2;77.7;73.4
9530;Geslacht: mannen;Culemborg;2013;10;8;7;6;1;0;1;3;1;3;0;1;7.0;2;76.7;71.3
9531;Geslacht: mannen;Culemborg;2014;10;8;7;6;1;0;1;3;1;3;0;1;7.4;2;76.9;71.2
9532;Geslacht: mannen;Culemborg;2015;10;8;7;6;1;0;1;3;1;3;0;1;6.6;2;76.3;71.3
9533;Geslacht: mannen;Culemborg;2016;10;8;7;6;1;0;1;3;1;3;0;0;5.6;2;76.6;72.3
9534;Geslacht: mannen;Culemborg;2017;10;8;8;6;1;0;1;3;1;3;0;0;4.1;3;75.7;72.6
9535;Geslacht: mannen;Culemborg;2018;11;8;8;7;1;0;1;3;1;3;0;0;3.5;2;76.4;73.8
9536;Geslacht: mannen;Dalfsen;2003;10;8;8;6;1;0;1;4;1;2;0;0;2.7;2;78.5;76.4
9537;Geslacht: mannen;Dalfsen;2004;10;8;8;6;1;0;1;4;1;1;0;0;3.2;2;78.4;75.8
9538;Geslacht: mannen;Dalfsen;2005;10;8;7;6;1;0;0;4;1;1;0;0;3.3;2;76.5;74.0
9539;Geslacht: mannen;Dalfsen;2006;10;8;8;6;1;0;1;4;1;1;0;0;2.6;2;77.4;75.4
9540;Geslacht: mannen;Dalfsen;2007;10;8;8;6;2;0;1;4;1;2;0;0;2.0;2;79.7;78.0
9541;Geslacht: mannen;Dalfsen;2008;10;8;8;6;2;0;1;4;1;2;0;0;1.9;2;80.5;78.9
9542;Geslacht: mannen;Dalfsen;2009;10;8;8;6;2;0;1;4;1;1;0;0;2.4;2;79.9;78.0
9543;Geslacht: mannen;Dalfsen;2010;10;8;8;6;2;0;1;4;1;2;0;0;2.8;2;78.3;76.1
9544;Geslacht: mannen;Dalfsen;2011;10;8;8;6;1;0;1;4;1;2;0;0;2.8;2;77.8;75.7
9545;Geslacht: mannen;Dalfsen;2012;10;8;8;6;1;0;1;3;1;1;1;0;3.7;2;77.6;74.8
9546;Geslacht: mannen;Dalfsen;2013;10;8;8;6;1;0;1;4;1;2;0;0;5.4;2;77.4;73.2
9547;Geslacht: mannen;Dalfsen;2014;10;8;8;6;2;0;1;4;1;2;0;0;5.3;2;77.3;73.2
9548;Geslacht: mannen;Dalfsen;2015;11;8;8;6;2;0;1;4;1;2;0;0;4.5;2;77.7;74.2
9549;Geslacht: mannen;Dalfsen;2016;11;8;8;6;2;0;1;3;1;2;0;0;4.3;3;76.3;73.0
9550;Geslacht: mannen;Dalfsen;2017;11;8;8;6;2;0;1;4;1;2;0;0;3.2;2;77.9;75.3
9551;Geslacht: mannen;Dalfsen;2018;11;8;8;6;2;0;1;4;1;2;0;0;2.8;2;77.4;75.3
9552;Geslacht: mannen;Dantumadiel;2003;7;5;5;4;1;0;0;3;1;1;0;0;4.7;2;72.7;69.2
9553;Geslacht: mannen;Dantumadiel;2004;7;5;5;4;1;0;0;3;1;1;0;0;6.1;2;73.0;68.5
9554;Geslacht: mannen;Dantumadiel;2005;7;5;5;4;1;0;0;3;1;1;0;0;5.7;2;73.5;69.4
9555;Geslacht: mannen;Dantumadiel;2006;7;5;5;4;1;0;0;3;1;1;0;0;4.7;2;72.9;69.5
9556;Geslacht: mannen;Dantumadiel;2007;7;5;5;4;1;0;0;3;1;1;0;0;3.8;2;73.6;70.7
9557;Geslacht: mannen;Dantumadiel;2008;7;5;5;4;1;0;0;3;1;1;0;0;3.2;2;74.3;72.0
9558;Geslacht: mannen;Dantumadiel;2009;7;6;5;4;1;0;0;3;1;1;0;0;4.2;2;75.6;72.4
9559;Geslacht: mannen;Dantumadiel;2010;7;5;5;4;1;0;0;3;1;1;0;0;5.5;2;73.6;69.5
9560;Geslacht: mannen;Dantumadiel;2011;7;5;5;4;1;0;0;3;1;1;0;0;5.2;2;73.5;69.6
9561;Geslacht: mannen;Dantumadiel;2012;7;5;5;4;1;0;0;3;1;1;0;0;7.0;2;73.8;68.6
9562;Geslacht: mannen;Dantumadiel;2013;7;5;5;4;1;0;0;3;1;1;0;0;8.1;2;73.2;67.3
9563;Geslacht: mannen;Dantumadiel;2014;7;5;5;4;1;0;0;3;1;1;0;0;7.9;2;72.7;67.0
9564;Geslacht: mannen;Dantumadiel;2015;7;5;5;4;1;0;0;3;1;1;0;0;6.5;2;74.1;69.3
9565;Geslacht: mannen;Dantumadiel;2016;7;5;5;4;1;0;0;3;1;1;0;0;5.8;2;73.2;69.0
9566;Geslacht: mannen;Dantumadiel;2017;7;5;5;4;1;0;0;3;1;1;0;0;4.4;2;72.4;69.2
9567;Geslacht: mannen;Dantumadiel;2018;7;5;5;4;1;0;0;3;1;1;0;0;3.6;2;74.1;71.5
9568;Geslacht: mannen;Delft;2003;40;30;29;25;4;0;3;10;4;12;0;1;4.8;10;75.8;72.2
9569;Geslacht: mannen;Delft;2004;40;30;29;24;5;0;2;10;4;12;0;2;5.5;10;75.9;71.7
9570;Geslacht: mannen;Delft;2005;40;30;28;24;4;0;2;10;4;11;0;2;5.8;10;75.3;70.9
9571;Geslacht: mannen;Delft;2006;40;30;28;24;4;0;3;11;3;11;0;1;4.5;10;73.9;70.6
9572;Geslacht: mannen;Delft;2007;40;31;29;24;5;0;3;11;4;11;0;1;3.9;10;75.5;72.6
9573;Geslacht: mannen;Delft;2008;41;31;30;26;4;0;3;10;4;12;0;1;3.5;10;75.8;73.2
9574;Geslacht: mannen;Delft;2009;41;31;30;26;4;0;3;11;5;11;0;1;4.3;10;75.9;72.6
9575;Geslacht: mannen;Delft;2010;41;31;29;25;5;0;3;10;5;11;0;2;5.2;10;75.1;71.2
9576;Geslacht: mannen;Delft;2011;42;31;29;24;5;0;3;9;5;11;1;2;5.8;11;73.4;69.1
9577;Geslacht: mannen;Delft;2012;43;31;29;24;5;0;3;8;5;13;0;2;6.9;11;73.9;68.7
9578;Geslacht: mannen;Delft;2013;43;31;29;24;4;0;3;9;4;12;1;3;8.5;12;72.0;65.8
9579;Geslacht: mannen;Delft;2014;44;32;29;23;6;0;3;10;3;12;0;3;8.5;12;72.2;66.1
9580;Geslacht: mannen;Delft;2015;44;32;29;24;6;0;3;10;4;13;0;2;7.4;12;72.1;66.7
9581;Geslacht: mannen;Delft;2016;44;31;29;24;5;0;3;10;4;12;0;2;6.6;13;71.3;66.6
9582;Geslacht: mannen;Delft;2017;44;32;30;24;6;0;3;9;4;14;0;2;5.5;12;72.1;68.1
9583;Geslacht: mannen;Delft;2018;45;32;31;24;6;0;3;9;5;13;0;2;4.8;12;72.4;68.9
9584;Geslacht: mannen;Delfzijl;2003;11;8;7;6;1;0;1;3;1;2;1;0;5.8;3;69.3;65.2
9585;Geslacht: mannen;Delfzijl;2004;11;8;7;6;1;0;1;3;1;1;0;1;7.1;3;68.6;63.8
9586;Geslacht: mannen;Delfzijl;2005;11;8;7;6;1;0;1;4;1;1;0;1;7.1;3;70.3;65.3
9587;Geslacht: mannen;Delfzijl;2006;11;7;7;6;1;0;1;4;1;1;0;0;5.5;3;70.2;66.3
9588;Geslacht: mannen;Delfzijl;2007;11;7;7;6;1;0;1;4;1;1;0;0;4.4;3;70.9;67.8
9589;Geslacht: mannen;Delfzijl;2008;10;7;7;6;1;0;1;4;1;1;0;0;3.8;3;71.9;69.2
9590;Geslacht: mannen;Delfzijl;2009;10;7;7;6;1;0;1;4;1;1;0;0;5.3;3;70.1;66.4
9591;Geslacht: mannen;Delfzijl;2010;10;7;7;6;1;0;1;3;1;1;0;0;5.9;3;70.7;66.5
9592;Geslacht: mannen;Delfzijl;2011;10;7;7;6;1;0;0;3;1;1;1;0;5.7;3;70.3;66.3
9593;Geslacht: mannen;Delfzijl;2012;10;7;7;5;1;0;1;4;1;1;0;0;6.5;3;70.8;66.2
9594;Geslacht: mannen;Delfzijl;2013;10;7;6;5;1;0;1;3;1;1;1;1;8.7;3;71.1;64.9
9595;Geslacht: mannen;Delfzijl;2014;10;7;6;5;1;0;0;3;1;1;1;1;9.4;3;69.9;63.3
9596;Geslacht: mannen;Delfzijl;2015;10;7;6;5;1;0;0;3;1;1;1;1;8.7;3;70.8;64.6
9597;Geslacht: mannen;Delfzijl;2016;9;7;6;5;1;0;1;3;1;1;1;0;6.6;3;70.4;65.7
9598;Geslacht: mannen;Delfzijl;2017;9;7;6;5;1;0;1;3;1;1;1;0;5.4;3;69.7;65.9
9599;Geslacht: mannen;Delfzijl;2018;9;6;6;5;1;0;1;3;1;1;0;0;4.4;3;69.4;66.4
9600;Geslacht: mannen;Deurne;2003;12;9;9;8;1;0;1;5;2;2;0;0;3.1;3;76.8;74.4
9601;Geslacht: mannen;Deurne;2004;12;9;9;8;1;0;1;5;1;2;0;0;3.7;3;75.7;72.9
9602;Geslacht: mannen;Deurne;2005;12;9;9;7;2;0;1;5;1;2;0;0;3.8;3;75.3;72.5
9603;Geslacht: mannen;Deurne;2006;12;9;9;7;2;0;1;5;1;1;0;0;3.0;3;75.3;73.1
9604;Geslacht: mannen;Deurne;2007;12;9;9;8;2;0;1;5;1;2;0;0;2.6;3;76.8;74.8
9605;Geslacht: mannen;Deurne;2008;12;9;9;7;2;0;1;4;1;3;0;0;2.5;3;76.8;74.9
9606;Geslacht: mannen;Deurne;2009;12;9;9;7;2;0;1;4;2;2;0;0;3.3;3;76.4;73.9
9607;Geslacht: mannen;Deurne;2010;12;9;9;7;2;0;1;5;1;2;0;0;4.0;3;76.8;73.8
9608;Geslacht: mannen;Deurne;2011;12;9;9;7;2;0;1;5;2;2;0;0;3.6;3;76.2;73.4
9609;Geslacht: mannen;Deurne;2012;12;9;9;7;2;0;1;4;2;2;0;0;4.0;3;74.9;71.9
9610;Geslacht: mannen;Deurne;2013;12;9;9;7;2;0;1;5;1;2;0;1;5.9;3;76.4;71.9
9611;Geslacht: mannen;Deurne;2014;12;9;9;7;2;0;1;5;1;2;0;1;6.0;3;76.3;71.7
9612;Geslacht: mannen;Deurne;2015;12;9;9;7;2;0;1;5;1;2;0;0;5.2;3;76.5;72.6
9613;Geslacht: mannen;Deurne;2016;12;9;9;7;2;0;1;4;1;3;0;0;4.7;3;76.2;72.7
9614;Geslacht: mannen;Deurne;2017;12;9;9;7;2;0;1;5;1;2;0;0;3.6;3;76.3;73.6
9615;Geslacht: mannen;Deurne;2018;12;9;9;7;2;0;1;5;1;2;0;0;2.9;3;76.4;74.2
9616;Geslacht: mannen;Deventer;2003;35;26;25;22;3;0;2;11;4;7;0;1;4.5;9;74.7;71.3
9617;Geslacht: mannen;Deventer;2004;35;26;25;22;3;0;2;12;4;6;0;1;5.5;9;75.0;70.9
9618;Geslacht: mannen;Deventer;2005;36;27;26;22;3;0;2;11;4;8;0;2;5.7;9;76.1;71.8
9619;Geslacht: mannen;Deventer;2006;36;27;26;22;4;0;2;11;4;8;0;1;4.7;9;75.7;72.2
9620;Geslacht: mannen;Deventer;2007;36;28;27;23;4;0;3;11;4;8;1;1;3.8;8;76.9;74.0
9621;Geslacht: mannen;Deventer;2008;36;28;28;23;5;0;2;11;4;9;0;1;3.0;8;78.5;76.1
9622;Geslacht: mannen;Deventer;2009;36;29;28;23;4;0;2;11;5;9;0;1;4.1;7;79.8;76.5
9623;Geslacht: mannen;Deventer;2010;36;28;27;23;4;0;2;10;5;8;1;1;4.9;8;77.9;74.1
9624;Geslacht: mannen;Deventer;2011;36;28;26;22;4;0;2;10;5;9;1;1;5.0;9;76.3;72.5
9625;Geslacht: mannen;Deventer;2012;36;28;27;22;5;0;2;10;5;9;1;2;5.4;8;77.8;73.6
9626;Geslacht: mannen;Deventer;2013;36;28;26;21;5;0;3;10;4;9;1;2;7.4;8;77.3;71.7
9627;Geslacht: mannen;Deventer;2014;36;28;26;21;5;0;3;10;4;9;0;2;7.9;8;77.2;71.1
9628;Geslacht: mannen;Deventer;2015;36;28;26;21;5;0;3;11;4;9;0;2;6.6;8;76.7;71.6
9629;Geslacht: mannen;Deventer;2016;37;27;26;21;5;0;2;10;4;10;0;2;6.1;9;74.4;69.8
9630;Geslacht: mannen;Deventer;2017;37;28;27;22;5;0;3;12;4;9;0;1;5.0;9;75.6;71.8
9631;Geslacht: mannen;Deventer;2018;37;28;27;23;4;0;2;12;4;9;1;1;4.3;9;75.8;72.5
9632;Geslacht: mannen;Diemen;2003;9;7;6;5;1;0;0;3;1;1;0;0;4.1;2;75.0;72.0
9633;Geslacht: mannen;Diemen;2004;9;7;6;5;1;0;0;3;1;2;0;0;4.9;2;75.0;71.4
9634;Geslacht: mannen;Diemen;2005;9;7;6;5;1;0;0;3;1;2;0;0;5.1;2;75.1;71.3
9635;Geslacht: mannen;Diemen;2006;9;7;6;5;1;0;1;3;1;2;0;0;4.1;2;75.2;72.2
9636;Geslacht: mannen;Diemen;2007;9;7;6;5;1;0;1;3;1;2;0;0;3.5;2;75.9;73.3
9637;Geslacht: mannen;Diemen;2008;9;7;7;5;1;0;1;3;1;2;0;0;3.1;2;77.6;75.1
9638;Geslacht: mannen;Diemen;2009;9;7;7;5;1;0;1;3;1;2;0;0;4.0;2;77.5;74.4
9639;Geslacht: mannen;Diemen;2010;9;7;7;5;1;0;1;2;1;2;0;0;4.7;2;75.6;72.1
9640;Geslacht: mannen;Diemen;2011;9;7;6;5;1;0;1;3;1;2;0;0;5.4;2;73.9;69.9
9641;Geslacht: mannen;Diemen;2012;9;7;7;5;1;0;1;3;1;2;0;0;6.2;2;75.4;70.7
9642;Geslacht: mannen;Diemen;2013;10;7;6;5;1;0;1;2;1;2;0;1;8.6;2;74.3;67.9
9643;Geslacht: mannen;Diemen;2014;10;7;7;5;2;0;1;3;1;3;0;1;7.6;3;74.9;69.2
9644;Geslacht: mannen;Diemen;2015;10;8;7;5;2;0;1;3;1;2;0;1;7.0;3;75.1;69.8
9645;Geslacht: mannen;Diemen;2016;10;8;7;6;1;0;1;3;1;3;0;0;6.0;3;75.0;70.5
9646;Geslacht: mannen;Diemen;2017;10;8;7;6;1;0;1;3;1;3;0;0;5.4;3;74.8;70.7
9647;Geslacht: mannen;Diemen;2018;11;8;8;6;1;0;1;3;1;3;0;0;4.5;3;74.7;71.3
9648;Geslacht: mannen;Dinkelland;2003;10;8;7;6;1;0;1;4;1;1;0;0;2.7;2;77.0;74.9
9649;Geslacht: mannen;Dinkelland;2004;10;7;7;6;1;0;1;4;1;1;0;0;3.2;2;76.5;74.0
9650;Geslacht: mannen;Dinkelland;2005;10;7;7;6;1;0;1;4;1;1;0;0;3.1;2;76.4;74.0
9651;Geslacht: mannen;Dinkelland;2006;10;7;7;6;1;0;1;4;1;1;0;0;2.6;2;76.4;74.5
9652;Geslacht: mannen;Dinkelland;2007;10;8;7;6;1;0;1;4;1;2;0;0;2.2;2;77.7;76.0
9653;Geslacht: mannen;Dinkelland;2008;10;8;7;6;1;0;1;4;1;2;0;0;2.0;2;78.5;76.9
9654;Geslacht: mannen;Dinkelland;2009;10;7;7;6;1;0;1;4;1;2;0;0;2.8;2;76.9;74.7
9655;Geslacht: mannen;Dinkelland;2010;10;7;7;6;1;0;1;4;1;2;0;0;3.4;2;76.7;74.1
9656;Geslacht: mannen;Dinkelland;2011;10;7;7;6;2;0;1;4;1;2;0;0;3.1;2;75.8;73.4
9657;Geslacht: mannen;Dinkelland;2012;10;8;7;6;1;0;1;4;1;2;0;0;3.6;2;76.8;74.0
9658;Geslacht: mannen;Dinkelland;2013;10;8;7;6;1;0;1;4;1;2;0;0;5.3;2;77.3;73.2
9659;Geslacht: mannen;Dinkelland;2014;10;8;7;6;1;0;1;4;1;2;0;0;5.4;2;76.8;72.7
9660;Geslacht: mannen;Dinkelland;2015;10;8;7;6;2;0;1;4;1;1;0;0;4.7;2;77.1;73.5
9661;Geslacht: mannen;Dinkelland;2016;10;8;7;6;1;0;1;4;1;2;0;0;4.2;2;76.0;72.8
9662;Geslacht: mannen;Dinkelland;2017;10;8;8;6;1;0;1;4;1;2;0;0;3.3;2;76.5;74.0
9663;Geslacht: mannen;Dinkelland;2018;10;8;8;6;1;0;1;4;1;1;0;0;2.8;2;76.4;74.3
9664;Geslacht: mannen;Doesburg;2003;4;3;3;3;0;0;0;1;1;1;0;0;4.7;1;73.5;70.0
9665;Geslacht: mannen;Doesburg;2004;4;3;3;3;0;0;0;1;1;1;0;0;6.1;1;73.6;69.2
9666;Geslacht: mannen;Doesburg;2005;4;3;3;2;0;0;0;1;1;1;0;0;5.6;1;73.9;69.7
9667;Geslacht: mannen;Doesburg;2006;4;3;3;3;1;0;0;1;1;1;0;0;4.5;1;74.2;70.9
9668;Geslacht: mannen;Doesburg;2007;4;3;3;3;0;0;0;2;1;1;0;0;3.8;1;73.4;70.6
9669;Geslacht: mannen;Doesburg;2008;4;3;3;3;1;0;0;2;1;1;0;0;3.2;1;74.1;71.7
9670;Geslacht: mannen;Doesburg;2009;4;3;3;3;1;0;0;2;1;1;0;0;4.2;1;74.0;70.9
9671;Geslacht: mannen;Doesburg;2010;4;3;3;2;1;0;0;1;1;1;0;0;5.0;1;72.8;69.2
9672;Geslacht: mannen;Doesburg;2011;4;3;3;2;1;0;0;2;1;1;0;0;4.6;1;71.6;68.3
9673;Geslacht: mannen;Doesburg;2012;4;3;3;2;1;0;0;2;1;1;0;0;5.4;1;71.8;67.9
9674;Geslacht: mannen;Doesburg;2013;4;3;3;2;1;0;0;1;0;1;0;0;7.7;1;72.7;67.0
9675;Geslacht: mannen;Doesburg;2014;4;3;3;2;1;0;0;1;0;1;0;0;7.7;1;72.2;66.6
9676;Geslacht: mannen;Doesburg;2015;4;3;3;2;1;0;0;1;0;1;0;0;7.3;1;71.3;66.1
9677;Geslacht: mannen;Doesburg;2016;4;3;3;2;1;0;0;1;0;1;0;0;6.1;1;71.5;67.1
9678;Geslacht: mannen;Doesburg;2017;4;3;3;2;1;0;0;1;0;1;0;0;5.0;1;71.2;67.7
9679;Geslacht: mannen;Doesburg;2018;4;3;3;2;1;0;0;1;0;1;0;0;4.0;1;71.8;68.9
9680;Geslacht: mannen;Doetinchem;2003;21;16;15;13;2;0;1;7;3;5;0;1;3.9;5;76.7;73.7
9681;Geslacht: mannen;Doetinchem;2004;21;16;15;13;3;0;1;8;2;4;0;1;4.7;5;76.4;72.8
9682;Geslacht: mannen;Doetinchem;2005;21;16;15;13;2;0;1;8;2;3;0;1;4.8;5;75.4;71.7
9683;Geslacht: mannen;Doetinchem;2006;21;16;15;13;2;0;1;8;3;3;0;1;3.8;5;74.7;71.9
9684;Geslacht: mannen;Doetinchem;2007;21;16;15;13;2;0;1;7;3;4;0;0;3.1;5;75.9;73.5
9685;Geslacht: mannen;Doetinchem;2008;21;16;15;13;3;0;1;7;3;4;0;0;2.8;5;75.9;73.8
9686;Geslacht: mannen;Doetinchem;2009;21;16;15;13;3;0;1;7;3;5;0;1;3.6;5;76.4;73.6
9687;Geslacht: mannen;Doetinchem;2010;21;16;15;13;3;0;1;7;3;4;0;1;4.3;5;77.0;73.7
9688;Geslacht: mannen;Doetinchem;2011;21;16;15;13;3;0;1;7;3;3;0;1;3.9;5;76.4;73.5
9689;Geslacht: mannen;Doetinchem;2012;21;16;15;12;3;0;1;7;3;3;0;1;4.7;5;75.9;72.3
9690;Geslacht: mannen;Doetinchem;2013;21;16;15;12;3;0;2;7;2;4;0;1;7.2;5;76.3;70.8
9691;Geslacht: mannen;Doetinchem;2014;21;16;15;12;3;0;1;6;2;5;0;1;6.7;5;75.7;70.7
9692;Geslacht: mannen;Doetinchem;2015;21;16;15;12;3;0;1;6;2;4;1;1;6.8;5;74.6;69.6
9693;Geslacht: mannen;Doetinchem;2016;21;16;15;12;3;0;1;7;2;5;0;1;5.7;5;74.5;70.3
9694;Geslacht: mannen;Doetinchem;2017;21;16;15;12;3;0;1;7;2;5;0;1;4.3;6;73.6;70.4
9695;Geslacht: mannen;Doetinchem;2018;21;16;15;12;3;0;1;7;2;5;0;1;3.7;5;74.5;71.7
9696;Geslacht: mannen;Dongen;2003;10;7;7;6;1;0;1;4;1;2;0;0;3.1;2;77.6;75.2
9697;Geslacht: mannen;Dongen;2004;10;7;7;6;1;0;1;4;1;2;0;0;3.8;2;76.5;73.6
9698;Geslacht: mannen;Dongen;2005;10;7;7;6;1;0;1;4;1;1;0;0;3.6;2;77.3;74.5
9699;Geslacht: mannen;Dongen;2006;10;7;7;6;1;0;1;4;1;1;0;0;2.9;2;76.8;74.6
9700;Geslacht: mannen;Dongen;2007;10;7;7;6;1;0;1;3;1;1;0;0;2.6;2;76.2;74.2
9701;Geslacht: mannen;Dongen;2008;10;7;7;6;1;0;1;3;2;2;0;0;2.2;2;77.4;75.8
9702;Geslacht: mannen;Dongen;2009;10;7;7;6;1;0;0;4;1;1;0;0;2.8;2;78.3;76.1
9703;Geslacht: mannen;Dongen;2010;9;7;7;6;1;0;0;4;1;2;0;0;3.5;2;77.9;75.2
9704;Geslacht: mannen;Dongen;2011;9;7;7;6;1;0;0;3;1;2;0;0;3.3;2;76.9;74.4
9705;Geslacht: mannen;Dongen;2012;10;7;7;6;1;0;0;3;1;2;0;0;4.0;2;77.2;74.2
9706;Geslacht: mannen;Dongen;2013;10;7;7;6;1;0;1;3;1;2;0;0;5.9;2;77.0;72.5
9707;Geslacht: mannen;Dongen;2014;10;7;7;6;1;0;1;3;1;2;0;0;5.7;2;77.2;72.8
9708;Geslacht: mannen;Dongen;2015;10;7;7;6;1;0;1;3;1;2;0;0;5.5;2;76.6;72.4
9709;Geslacht: mannen;Dongen;2016;10;7;7;6;1;0;1;3;1;2;0;0;4.6;2;76.7;73.2
9710;Geslacht: mannen;Dongen;2017;10;8;7;6;2;0;1;4;1;2;0;0;3.7;2;76.9;74.1
9711;Geslacht: mannen;Dongen;2018;10;8;7;6;1;0;1;4;1;2;0;0;3.1;2;77.1;74.8
9712;Geslacht: mannen;Dongeradeel;2003;9;7;6;5;1;0;0;4;1;1;0;0;4.3;3;72.2;69.1
9713;Geslacht: mannen;Dongeradeel;2004;9;7;6;5;1;0;0;4;1;1;0;0;5.4;3;72.6;68.7
9714;Geslacht: mannen;Dongeradeel;2005;9;7;7;5;1;0;1;4;1;1;0;0;5.4;3;73.3;69.3
9715;Geslacht: mannen;Dongeradeel;2006;9;7;7;5;1;0;0;4;1;1;0;0;4.7;2;73.4;70.0
9716;Geslacht: mannen;Dongeradeel;2007;9;7;7;5;2;0;0;4;1;1;0;0;3.5;2;74.5;71.9
9717;Geslacht: mannen;Dongeradeel;2008;9;7;7;5;1;0;1;4;1;1;0;0;3.1;2;75.8;73.4
9718;Geslacht: mannen;Dongeradeel;2009;9;7;7;5;2;0;1;4;1;1;0;0;3.9;2;76.5;73.5
9719;Geslacht: mannen;Dongeradeel;2010;9;7;6;5;1;0;1;4;1;1;0;0;4.7;2;74.0;70.5
9720;Geslacht: mannen;Dongeradeel;2011;9;7;6;5;1;0;1;3;1;1;0;0;4.9;2;73.2;69.6
9721;Geslacht: mannen;Dongeradeel;2012;9;7;6;5;1;0;1;4;1;1;0;0;6.4;2;73.6;68.9
9722;Geslacht: mannen;Dongeradeel;2013;9;7;6;5;1;0;1;3;1;1;0;1;7.5;2;74.9;69.2
9723;Geslacht: mannen;Dongeradeel;2014;9;7;6;5;1;0;1;3;1;1;0;0;7.4;2;74.3;68.8
9724;Geslacht: mannen;Dongeradeel;2015;9;7;6;5;1;0;1;3;1;1;0;0;6.4;2;73.7;69.0
9725;Geslacht: mannen;Dongeradeel;2016;9;7;6;5;1;0;1;3;1;1;0;0;5.2;2;73.4;69.6
9726;Geslacht: mannen;Dongeradeel;2017;9;7;6;5;1;0;1;3;1;1;0;0;4.4;2;73.3;70.1
9727;Geslacht: mannen;Dongeradeel;2018;9;7;6;5;1;0;1;3;1;1;0;0;3.6;2;73.6;71.0
9728;Geslacht: mannen;Dordrecht;2003;44;33;31;27;4;0;3;13;5;10;1;2;5.4;11;75.6;71.5
9729;Geslacht: mannen;Dordrecht;2004;44;33;31;28;3;0;3;13;6;9;0;2;6.5;11;74.9;70.0
9730;Geslacht: mannen;Dordrecht;2005;44;33;31;27;4;0;3;14;6;9;0;2;5.7;11;75.3;71.0
9731;Geslacht: mannen;Dordrecht;2006;44;33;31;26;5;0;3;14;5;9;0;1;4.3;11;74.6;71.4
9732;Geslacht: mannen;Dordrecht;2007;44;33;32;28;4;0;3;14;6;8;1;1;3.5;11;75.8;73.1
9733;Geslacht: mannen;Dordrecht;2008;44;34;33;28;5;0;3;14;6;10;1;1;2.9;10;76.2;74.0
9734;Geslacht: mannen;Dordrecht;2009;44;34;32;28;4;0;3;13;6;10;1;1;3.8;10;76.4;73.5
9735;Geslacht: mannen;Dordrecht;2010;44;33;32;27;5;0;2;12;6;11;1;2;4.9;11;75.4;71.7
9736;Geslacht: mannen;Dordrecht;2011;44;33;31;27;4;0;2;13;6;9;1;2;5.2;11;74.7;70.8
9737;Geslacht: mannen;Dordrecht;2012;44;33;31;26;5;0;2;12;6;10;1;2;6.4;11;74.5;69.8
9738;Geslacht: mannen;Dordrecht;2013;44;33;31;26;5;0;3;13;5;8;1;3;7.8;11;74.7;68.9
9739;Geslacht: mannen;Dordrecht;2014;44;33;31;25;6;0;2;13;5;9;1;3;7.9;11;74.9;69.0
9740;Geslacht: mannen;Dordrecht;2015;44;33;31;25;5;0;3;13;5;9;1;2;7.0;11;74.2;69.0
9741;Geslacht: mannen;Dordrecht;2016;44;33;31;26;5;0;2;13;5;10;0;2;6.2;12;73.6;69.0
9742;Geslacht: mannen;Dordrecht;2017;44;33;32;26;6;0;3;13;5;10;0;2;4.9;11;75.0;71.3
9743;Geslacht: mannen;Dordrecht;2018;44;33;32;26;6;0;3;13;5;10;1;1;4.3;11;75.1;71.9
9744;Geslacht: mannen;Drechterland;2003;7;5;5;4;1;0;0;2;1;1;0;0;2.7;2;77.8;75.7
9745;Geslacht: mannen;Drechterland;2004;7;5;5;4;1;0;0;3;1;1;0;0;3.2;2;76.7;74.2
9746;Geslacht: mannen;Drechterland;2005;7;5;5;4;1;0;0;3;1;1;0;0;3.2;2;77.0;74.6
9747;Geslacht: mannen;Drechterland;2006;7;5;5;4;1;0;0;3;1;1;0;0;2.6;2;76.7;74.7
9748;Geslacht: mannen;Drechterland;2007;7;6;5;4;1;0;0;3;1;1;0;0;2.3;2;77.3;75.5
9749;Geslacht: mannen;Drechterland;2008;7;6;6;4;1;0;0;3;1;1;0;0;2.0;2;78.1;76.5
9750;Geslacht: mannen;Drechterland;2009;7;6;6;5;1;0;0;3;1;1;0;0;2.5;2;78.1;76.1
9751;Geslacht: mannen;Drechterland;2010;7;6;5;4;1;0;0;3;1;1;0;0;2.9;2;75.9;73.7
9752;Geslacht: mannen;Drechterland;2011;7;6;5;4;1;0;0;3;1;1;0;0;2.8;2;75.6;73.4
9753;Geslacht: mannen;Drechterland;2012;7;6;5;4;1;0;0;3;1;1;0;0;3.5;2;76.0;73.4
9754;Geslacht: mannen;Drechterland;2013;7;6;5;4;1;0;0;3;1;1;0;0;5.2;2;76.0;72.0
9755;Geslacht: mannen;Drechterland;2014;7;6;5;4;1;0;0;3;1;1;0;0;5.2;2;75.9;71.9
9756;Geslacht: mannen;Drechterland;2015;7;6;5;4;1;0;1;3;1;1;0;0;4.9;2;75.7;72.0
9757;Geslacht: mannen;Drechterland;2016;8;6;5;4;1;0;0;3;1;1;0;0;3.9;2;75.9;72.9
9758;Geslacht: mannen;Drechterland;2017;8;6;6;4;1;0;0;3;1;1;0;0;3.0;2;75.9;73.6
9759;Geslacht: mannen;Drechterland;2018;8;6;6;4;1;0;0;3;1;1;0;0;2.9;2;75.5;73.3
9760;Geslacht: mannen;Drimmelen;2003;10;8;8;7;1;0;1;4;1;2;0;0;2.5;2;79.1;77.1
9761;Geslacht: mannen;Drimmelen;2004;10;8;8;6;1;0;0;4;1;2;0;0;3.1;2;77.4;75.0
9762;Geslacht: mannen;Drimmelen;2005;10;8;8;6;1;0;1;4;1;2;0;0;3.1;2;76.5;74.2
9763;Geslacht: mannen;Drimmelen;2006;10;8;8;6;1;0;1;4;1;1;0;0;2.6;2;76.8;74.9
9764;Geslacht: mannen;Drimmelen;2007;10;8;8;6;2;0;1;4;1;2;0;0;2.1;2;78.3;76.6
9765;Geslacht: mannen;Drimmelen;2008;10;8;8;7;1;0;1;4;1;2;0;0;1.9;2;79.2;77.7
9766;Geslacht: mannen;Drimmelen;2009;10;8;8;6;2;0;1;4;1;2;0;0;2.5;2;80.1;78.0
9767;Geslacht: mannen;Drimmelen;2010;10;8;8;6;2;0;1;4;1;2;0;0;3.0;2;78.3;75.9
9768;Geslacht: mannen;Drimmelen;2011;10;8;8;6;1;0;1;4;1;2;0;0;2.9;2;76.0;73.9
9769;Geslacht: mannen;Drimmelen;2012;10;8;8;6;1;0;1;4;1;2;0;0;3.4;2;77.3;74.7
9770;Geslacht: mannen;Drimmelen;2013;10;8;8;6;2;0;1;4;1;2;0;0;5.3;2;77.1;73.1
9771;Geslacht: mannen;Drimmelen;2014;10;8;7;6;1;0;1;4;1;2;0;0;5.6;2;76.1;71.8
9772;Geslacht: mannen;Drimmelen;2015;10;8;7;6;1;0;1;3;1;2;0;0;5.0;2;76.2;72.4
9773;Geslacht: mannen;Drimmelen;2016;10;8;8;6;2;0;1;4;1;2;0;0;4.1;2;76.4;73.3
9774;Geslacht: mannen;Drimmelen;2017;10;8;8;6;2;0;1;3;1;2;0;0;3.2;3;75.9;73.4
9775;Geslacht: mannen;Drimmelen;2018;10;8;8;6;2;0;1;3;1;3;0;0;2.5;2;76.9;75.0
9776;Geslacht: mannen;Dronten;2003;14;11;10;8;2;0;1;5;2;3;0;0;3.4;3;77.7;75.1
9777;Geslacht: mannen;Dronten;2004;14;11;10;8;2;0;1;5;2;3;0;0;4.1;3;76.6;73.5
9778;Geslacht: mannen;Dronten;2005;14;11;10;8;2;0;1;5;2;2;0;0;4.0;3;76.5;73.4
9779;Geslacht: mannen;Dronten;2006;14;11;10;8;2;0;1;5;2;3;0;0;3.5;4;75.4;72.7
9780;Geslacht: mannen;Dronten;2007;14;11;11;9;2;0;1;5;2;3;0;0;2.7;3;76.4;74.3
9781;Geslacht: mannen;Dronten;2008;15;11;11;9;2;0;1;5;2;3;0;0;2.7;3;78.4;76.2
9782;Geslacht: mannen;Dronten;2009;15;12;11;9;2;0;1;6;2;3;0;0;3.4;3;78.9;76.2
9783;Geslacht: mannen;Dronten;2010;15;11;11;9;2;0;1;5;2;3;0;0;4.2;3;77.1;73.9
9784;Geslacht: mannen;Dronten;2011;15;12;11;9;2;0;1;5;2;2;0;0;4.3;4;76.6;73.3
9785;Geslacht: mannen;Dronten;2012;15;12;11;9;2;0;1;5;2;3;0;1;5.0;3;77.2;73.3
9786;Geslacht: mannen;Dronten;2013;15;12;11;9;2;0;1;4;2;4;0;1;6.8;4;75.9;70.7
9787;Geslacht: mannen;Dronten;2014;15;12;11;9;2;0;1;4;2;3;0;1;6.4;4;75.7;70.8
9788;Geslacht: mannen;Dronten;2015;15;12;11;9;2;0;1;5;2;3;0;1;5.9;3;77.2;72.7
9789;Geslacht: mannen;Dronten;2016;15;12;11;9;2;0;1;6;2;3;0;1;5.5;3;77.1;72.8
9790;Geslacht: mannen;Dronten;2017;15;12;11;9;2;0;1;6;2;3;0;0;4.0;3;78.2;75.0
9791;Geslacht: mannen;Dronten;2018;15;12;11;9;2;0;1;5;2;3;0;0;3.3;3;77.2;74.7
9792;Geslacht: mannen;Druten;2003;7;5;5;4;1;0;0;3;1;1;0;0;3.3;1;79.2;76.6
9793;Geslacht: mannen;Druten;2004;7;5;5;4;1;0;0;3;1;1;0;0;4.2;1;78.6;75.3
9794;Geslacht: mannen;Druten;2005;7;5;5;4;1;0;0;3;1;1;0;0;4.0;1;78.7;75.6
9795;Geslacht: mannen;Druten;2006;7;5;5;4;1;0;0;2;1;2;0;0;3.2;1;78.0;75.5
9796;Geslacht: mannen;Druten;2007;7;5;5;4;1;0;0;3;1;1;0;0;2.8;1;78.7;76.5
9797;Geslacht: mannen;Druten;2008;7;5;5;4;1;0;0;3;1;1;0;0;2.5;1;79.4;77.4
9798;Geslacht: mannen;Druten;2009;7;5;5;4;1;0;0;3;1;1;0;0;3.0;1;78.5;76.1
9799;Geslacht: mannen;Druten;2010;7;5;5;4;1;0;0;3;1;1;0;0;3.9;1;77.9;74.9
9800;Geslacht: mannen;Druten;2011;7;5;5;4;1;0;0;3;1;1;0;0;3.8;2;77.4;74.4
9801;Geslacht: mannen;Druten;2012;7;5;5;4;1;0;0;2;1;1;0;0;4.4;2;76.6;73.2
9802;Geslacht: mannen;Druten;2013;7;5;5;4;1;0;0;2;1;1;0;0;6.3;2;77.5;72.7
9803;Geslacht: mannen;Druten;2014;7;5;5;4;1;0;0;2;1;2;0;0;6.3;2;76.8;72.0
9804;Geslacht: mannen;Druten;2015;7;5;5;4;1;0;0;2;1;1;0;0;5.4;2;77.0;72.8
9805;Geslacht: mannen;Druten;2016;7;5;5;4;1;0;0;3;1;1;0;0;5.0;2;76.4;72.6
9806;Geslacht: mannen;Druten;2017;7;5;5;4;1;0;0;2;1;2;0;0;3.7;2;75.9;73.1
9807;Geslacht: mannen;Druten;2018;7;5;5;4;1;0;0;2;1;2;0;0;3.3;2;76.4;73.9
9808;Geslacht: mannen;Duiven;2003;9;8;7;6;1;0;0;3;1;2;0;0;3.1;2;81.5;79.0
9809;Geslacht: mannen;Duiven;2004;9;7;7;6;1;0;0;3;1;2;0;0;3.6;2;79.9;77.0
9810;Geslacht: mannen;Duiven;2005;9;7;7;6;1;0;0;3;1;2;0;0;4.0;2;79.4;76.3
9811;Geslacht: mannen;Duiven;2006;9;7;7;6;1;0;1;3;1;2;0;0;3.0;2;79.9;77.5
9812;Geslacht: mannen;Duiven;2007;9;7;7;6;1;0;1;3;1;2;0;0;2.6;2;80.2;78.2
9813;Geslacht: mannen;Duiven;2008;9;7;7;6;1;0;1;3;1;2;0;0;2.4;2;80.3;78.4
9814;Geslacht: mannen;Duiven;2009;9;8;7;6;1;0;1;3;1;2;0;0;2.9;2;81.1;78.8
9815;Geslacht: mannen;Duiven;2010;9;7;7;6;1;0;1;3;1;2;0;0;3.7;2;79.3;76.4
9816;Geslacht: mannen;Duiven;2011;9;7;7;6;1;0;1;3;1;2;0;0;3.9;2;79.2;76.0
9817;Geslacht: mannen;Duiven;2012;9;7;7;6;1;0;1;3;1;2;0;0;4.5;2;78.1;74.5
9818;Geslacht: mannen;Duiven;2013;10;8;7;6;1;0;1;3;1;2;0;0;6.4;2;78.7;73.7
9819;Geslacht: mannen;Duiven;2014;10;8;7;6;1;0;1;3;1;2;0;0;6.5;2;78.5;73.4
9820;Geslacht: mannen;Duiven;2015;10;7;7;6;1;0;1;3;1;2;0;0;5.7;2;77.1;72.7
9821;Geslacht: mannen;Duiven;2016;10;7;7;6;1;0;1;3;1;2;0;0;4.9;2;77.1;73.3
9822;Geslacht: mannen;Duiven;2017;10;8;7;6;1;0;1;3;1;2;0;0;3.9;2;77.6;74.5
9823;Geslacht: mannen;Duiven;2018;10;8;7;6;1;0;1;3;1;2;0;0;3.7;2;77.5;74.7
9824;Geslacht: mannen;Echt-Susteren;2003;12;9;8;7;1;0;1;4;2;2;0;0;3.9;3;71.8;69.0
9825;Geslacht: mannen;Echt-Susteren;2004;12;9;8;7;1;0;1;4;2;2;0;0;4.7;3;72.0;68.6
9826;Geslacht: mannen;Echt-Susteren;2005;12;9;9;7;2;0;1;5;2;2;0;0;5.1;3;72.6;68.9
9827;Geslacht: mannen;Echt-Susteren;2006;12;9;8;7;1;0;1;4;2;2;0;0;4.6;4;71.0;67.7
9828;Geslacht: mannen;Echt-Susteren;2007;12;9;8;7;1;0;1;4;1;2;0;0;3.8;4;70.5;67.9
9829;Geslacht: mannen;Echt-Susteren;2008;13;9;9;7;1;0;1;4;2;2;0;0;3.1;3;73.0;70.8
9830;Geslacht: mannen;Echt-Susteren;2009;13;9;9;7;2;0;1;4;2;2;0;0;4.0;3;72.8;69.9
9831;Geslacht: mannen;Echt-Susteren;2010;13;9;9;7;2;0;1;4;2;2;0;0;4.4;3;72.5;69.3
9832;Geslacht: mannen;Echt-Susteren;2011;13;9;9;7;2;0;1;4;2;2;0;0;3.8;4;71.0;68.3
9833;Geslacht: mannen;Echt-Susteren;2012;13;9;8;7;1;0;1;4;2;2;0;0;5.1;4;70.6;67.0
9834;Geslacht: mannen;Echt-Susteren;2013;13;9;8;7;1;0;1;4;1;2;0;1;6.8;4;71.9;67.0
9835;Geslacht: mannen;Echt-Susteren;2014;12;9;8;7;2;0;1;4;1;2;0;1;6.6;3;71.9;67.1
9836;Geslacht: mannen;Echt-Susteren;2015;12;9;8;7;1;0;1;4;1;2;0;0;5.5;3;72.2;68.2
9837;Geslacht: mannen;Echt-Susteren;2016;12;9;8;7;2;0;1;4;1;3;0;0;4.7;4;71.3;68.0
9838;Geslacht: mannen;Echt-Susteren;2017;12;9;9;7;1;0;1;4;1;3;0;0;3.7;3;72.3;69.7
9839;Geslacht: mannen;Echt-Susteren;2018;12;9;8;7;1;0;1;4;1;2;0;0;3.1;3;71.4;69.2
9840;Geslacht: mannen;Edam-Volendam;2003;13;10;10;8;2;0;1;5;2;2;0;0;2.3;3;78.6;76.7
9841;Geslacht: mannen;Edam-Volendam;2004;13;10;10;8;2;0;1;6;2;2;0;0;2.8;3;78.1;75.9
9842;Geslacht: mannen;Edam-Volendam;2005;13;10;10;8;2;0;1;5;2;2;0;0;2.8;3;78.5;76.3
9843;Geslacht: mannen;Edam-Volendam;2006;13;10;10;8;2;0;1;6;2;2;0;0;2.3;3;77.6;75.8
9844;Geslacht: mannen;Edam-Volendam;2007;13;10;10;8;2;0;1;6;2;2;0;0;2.1;3;77.2;75.6
9845;Geslacht: mannen;Edam-Volendam;2008;13;10;10;8;2;0;1;5;2;2;0;0;1.9;3;77.9;76.4
9846;Geslacht: mannen;Edam-Volendam;2009;13;10;10;8;2;0;1;6;2;2;0;0;2.4;3;77.7;75.9
9847;Geslacht: mannen;Edam-Volendam;2010;13;10;10;8;2;0;1;6;2;2;0;0;2.8;3;76.9;74.8
9848;Geslacht: mannen;Edam-Volendam;2011;13;10;10;8;2;0;1;5;2;2;0;0;2.7;3;75.3;73.3
9849;Geslacht: mannen;Edam-Volendam;2012;13;10;10;7;2;0;1;5;2;2;0;0;3.5;3;75.7;73.1
9850;Geslacht: mannen;Edam-Volendam;2013;13;10;10;7;2;0;1;5;2;2;0;1;5.2;3;75.7;71.8
9851;Geslacht: mannen;Edam-Volendam;2014;14;10;10;7;2;0;1;5;1;3;0;1;5.1;3;75.5;71.6
9852;Geslacht: mannen;Edam-Volendam;2015;14;10;10;8;2;0;1;5;1;3;0;0;4.5;3;75.8;72.4
9853;Geslacht: mannen;Edam-Volendam;2016;14;10;10;7;3;0;1;4;2;3;0;0;3.6;3;75.5;72.8
9854;Geslacht: mannen;Edam-Volendam;2017;14;10;10;8;2;0;1;5;2;2;0;0;2.9;3;75.2;73.0
9855;Geslacht: mannen;Edam-Volendam;2018;14;10;10;8;3;0;1;5;1;3;0;0;2.6;3;76.0;74.0
9856;Geslacht: mannen;Ede;2003;38;29;28;24;4;0;2;13;5;8;1;1;3.9;9;77.0;74.0
9857;Geslacht: mannen;Ede;2004;38;29;28;24;4;0;2;13;5;8;0;1;4.4;9;77.0;73.6
9858;Geslacht: mannen;Ede;2005;38;29;28;24;4;0;2;15;4;7;0;1;4.4;9;76.8;73.4
9859;Geslacht: mannen;Ede;2006;38;30;29;23;5;0;2;14;4;8;0;1;3.2;9;77.1;74.7
9860;Geslacht: mannen;Ede;2007;39;30;29;24;6;0;2;14;4;9;0;1;2.6;8;78.2;76.1
9861;Geslacht: mannen;Ede;2008;39;30;30;24;6;0;2;14;5;8;0;1;2.7;8;78.6;76.5
9862;Geslacht: mannen;Ede;2009;39;30;29;23;6;0;3;13;5;8;0;1;2.9;9;77.1;74.9
9863;Geslacht: mannen;Ede;2010;39;30;28;23;5;0;3;13;4;8;0;1;3.8;9;76.6;73.7
9864;Geslacht: mannen;Ede;2011;39;30;29;24;5;0;2;13;5;9;0;1;3.9;9;77.1;74.1
9865;Geslacht: mannen;Ede;2012;39;30;28;24;5;0;2;12;5;9;0;1;4.5;10;75.7;72.3
9866;Geslacht: mannen;Ede;2013;40;31;29;24;5;0;3;11;5;10;1;2;6.1;9;77.3;72.6
9867;Geslacht: mannen;Ede;2014;40;31;29;24;5;0;2;13;4;10;0;2;6.2;9;76.7;72.0
9868;Geslacht: mannen;Ede;2015;40;31;29;24;6;0;2;13;4;10;0;2;5.8;9;77.3;72.8
9869;Geslacht: mannen;Ede;2016;41;31;29;24;6;0;3;11;5;10;1;2;5.3;10;75.9;71.9
9870;Geslacht: mannen;Ede;2017;41;32;31;25;6;0;3;13;4;10;0;1;3.4;10;76.7;74.1
9871;Geslacht: mannen;Ede;2018;42;33;32;25;7;0;3;14;4;11;0;1;3.1;9;78.0;75.6
9872;Geslacht: mannen;Eemnes;2003;3;3;2;2;0;0;0;1;0;1;0;0;3.2;1;78.2;75.6
9873;Geslacht: mannen;Eemnes;2004;3;3;2;2;0;0;0;1;0;1;0;0;3.7;1;78.1;75.3
9874;Geslacht: mannen;Eemnes;2005;3;3;2;2;1;0;0;1;0;1;0;0;3.7;1;77.6;74.7
9875;Geslacht: mannen;Eemnes;2006;3;3;2;2;1;0;0;1;1;1;0;0;3.0;1;77.3;75.0
9876;Geslacht: mannen;Eemnes;2007;3;3;3;2;1;0;0;1;0;1;0;0;2.4;1;78.9;77.0
9877;Geslacht: mannen;Eemnes;2008;3;3;3;2;1;0;0;1;0;1;0;0;2.3;1;78.8;77.0
9878;Geslacht: mannen;Eemnes;2009;3;3;3;2;1;0;0;1;0;1;0;0;3.0;1;79.3;77.0
9879;Geslacht: mannen;Eemnes;2010;3;3;2;2;0;0;0;1;0;1;0;0;3.3;1;77.4;74.9
9880;Geslacht: mannen;Eemnes;2011;3;2;2;2;1;0;0;1;0;1;0;0;3.5;1;76.3;73.6
9881;Geslacht: mannen;Eemnes;2012;3;2;2;2;1;0;0;1;0;1;0;0;4.3;1;76.4;73.1
9882;Geslacht: mannen;Eemnes;2013;3;2;2;2;1;0;0;1;0;1;0;0;5.6;1;76.0;71.8
9883;Geslacht: mannen;Eemnes;2014;3;2;2;2;1;0;0;1;0;1;0;0;5.4;1;76.2;72.0
9884;Geslacht: mannen;Eemnes;2015;3;2;2;2;1;0;0;1;0;1;0;0;5.0;1;75.8;72.1
9885;Geslacht: mannen;Eemnes;2016;3;3;2;2;1;0;0;1;0;1;0;0;4.6;1;75.5;72.0
9886;Geslacht: mannen;Eemnes;2017;3;3;2;2;1;0;0;1;0;1;0;0;3.4;1;75.4;72.9
9887;Geslacht: mannen;Eemnes;2018;3;3;2;2;1;0;0;1;0;1;0;0;2.8;1;75.7;73.5
9888;Geslacht: mannen;Eemsmond;2003;6;5;4;4;1;0;0;3;1;1;0;0;4.8;2;72.7;69.2
9889;Geslacht: mannen;Eemsmond;2004;6;5;4;4;1;0;0;2;1;1;0;0;5.8;2;73.4;69.1
9890;Geslacht: mannen;Eemsmond;2005;6;5;4;3;1;0;0;2;1;1;0;0;5.7;2;72.7;68.6
9891;Geslacht: mannen;Eemsmond;2006;6;5;4;3;1;0;0;3;1;1;0;0;4.5;2;72.3;69.1
9892;Geslacht: mannen;Eemsmond;2007;6;4;4;3;1;0;0;2;1;0;1;0;4.0;2;72.1;69.2
9893;Geslacht: mannen;Eemsmond;2008;6;5;4;4;1;0;0;3;1;1;0;0;3.1;2;73.1;70.8
9894;Geslacht: mannen;Eemsmond;2009;6;5;4;3;1;0;0;2;1;1;0;0;3.8;2;73.7;70.9
9895;Geslacht: mannen;Eemsmond;2010;6;5;4;3;1;0;0;2;1;1;0;0;4.4;2;73.7;70.4
9896;Geslacht: mannen;Eemsmond;2011;6;5;4;3;1;0;0;2;1;1;0;0;4.3;2;73.4;70.2
9897;Geslacht: mannen;Eemsmond;2012;6;5;4;3;1;0;0;2;1;1;0;0;4.9;2;73.0;69.4
9898;Geslacht: mannen;Eemsmond;2013;6;5;4;3;1;0;0;2;1;1;0;0;7.8;2;72.8;67.2
9899;Geslacht: mannen;Eemsmond;2014;6;4;4;3;1;0;0;2;1;1;0;0;7.4;2;71.2;66.0
9900;Geslacht: mannen;Eemsmond;2015;6;4;4;3;1;0;0;2;1;1;0;0;6.9;2;71.7;66.8
9901;Geslacht: mannen;Eemsmond;2016;6;4;4;3;1;0;0;2;1;1;0;0;5.3;2;72.1;68.2
9902;Geslacht: mannen;Eemsmond;2017;6;4;4;3;1;0;0;2;1;1;0;0;4.4;2;71.5;68.3
9903;Geslacht: mannen;Eemsmond;2018;6;4;4;3;1;0;0;2;1;1;0;0;3.8;2;71.7;69.0
9904;Geslacht: mannen;Eersel;2003;7;5;5;4;1;0;0;3;1;1;0;0;3.0;2;77.3;75.0
9905;Geslacht: mannen;Eersel;2004;7;5;5;4;1;0;0;3;1;1;0;0;3.5;2;75.4;72.8
9906;Geslacht: mannen;Eersel;2005;7;5;5;4;1;0;0;3;1;1;0;0;3.4;2;75.8;73.2
9907;Geslacht: mannen;Eersel;2006;7;5;5;4;1;0;0;3;1;1;0;0;2.6;2;75.7;73.7
9908;Geslacht: mannen;Eersel;2007;7;5;5;4;1;0;0;3;1;1;0;0;2.2;2;76.9;75.2
9909;Geslacht: mannen;Eersel;2008;7;5;5;4;1;0;0;3;1;1;0;0;2.0;2;76.6;75.0
9910;Geslacht: mannen;Eersel;2009;7;5;5;4;1;0;0;2;1;1;0;0;2.5;1;78.6;76.6
9911;Geslacht: mannen;Eersel;2010;7;5;5;4;1;0;0;2;1;1;0;0;3.2;2;77.2;74.7
9912;Geslacht: mannen;Eersel;2011;7;5;5;4;1;0;0;2;1;1;0;0;3.1;2;75.6;73.2
9913;Geslacht: mannen;Eersel;2012;7;5;5;4;1;0;0;3;1;1;0;0;3.6;2;76.4;73.6
9914;Geslacht: mannen;Eersel;2013;7;5;5;4;1;0;0;2;1;1;0;0;5.4;2;76.5;72.4
9915;Geslacht: mannen;Eersel;2014;7;5;5;4;1;0;0;2;1;2;0;0;5.2;2;76.8;72.8
9916;Geslacht: mannen;Eersel;2015;7;5;5;4;1;0;0;2;1;2;0;0;4.6;2;76.8;73.3
9917;Geslacht: mannen;Eersel;2016;7;5;5;4;1;0;0;3;1;1;0;0;3.9;2;76.5;73.5
9918;Geslacht: mannen;Eersel;2017;7;5;5;4;1;0;1;2;1;2;0;0;2.9;2;76.5;74.2
9919;Geslacht: mannen;Eersel;2018;7;5;5;4;1;0;1;2;1;2;0;0;2.5;2;76.5;74.6
9920;Geslacht: mannen;Eijsden-Margraten;2003;10;7;7;6;1;0;0;3;1;2;0;0;3.3;3;74.1;71.7
9921;Geslacht: mannen;Eijsden-Margraten;2004;10;7;7;6;1;0;1;3;1;2;0;0;4.0;3;73.3;70.3
9922;Geslacht: mannen;Eijsden-Margraten;2005;10;7;7;5;1;0;1;3;1;2;0;0;3.9;3;73.6;70.8
9923;Geslacht: mannen;Eijsden-Margraten;2006;10;7;7;6;1;0;1;3;1;2;0;0;3.4;3;73.1;70.6
9924;Geslacht: mannen;Eijsden-Margraten;2007;10;7;7;6;1;0;1;3;1;2;0;0;2.8;3;73.3;71.3
9925;Geslacht: mannen;Eijsden-Margraten;2008;10;7;7;6;1;0;1;3;1;2;0;0;2.6;2;74.5;72.5
9926;Geslacht: mannen;Eijsden-Margraten;2009;10;7;7;6;1;0;1;3;1;2;0;0;3.2;2;73.8;71.5
9927;Geslacht: mannen;Eijsden-Margraten;2010;10;7;7;5;1;0;1;3;1;2;0;0;3.7;3;72.8;70.1
9928;Geslacht: mannen;Eijsden-Margraten;2011;10;7;7;5;1;0;1;3;1;2;0;0;3.6;3;72.8;70.2
9929;Geslacht: mannen;Eijsden-Margraten;2012;10;7;7;6;1;0;1;3;1;2;0;0;3.8;3;72.9;70.2
9930;Geslacht: mannen;Eijsden-Margraten;2013;10;7;7;5;1;0;1;3;1;2;0;0;5.3;3;73.1;69.3
9931;Geslacht: mannen;Eijsden-Margraten;2014;10;7;7;6;1;0;1;3;1;2;0;0;5.6;2;73.9;69.8
9932;Geslacht: mannen;Eijsden-Margraten;2015;10;7;7;6;1;0;1;3;1;2;0;0;4.9;2;74.2;70.5
9933;Geslacht: mannen;Eijsden-Margraten;2016;10;7;7;6;1;0;1;3;1;2;0;0;4.4;3;72.9;69.8
9934;Geslacht: mannen;Eijsden-Margraten;2017;10;7;7;6;1;0;1;3;1;3;0;0;3.2;3;73.9;71.6
9935;Geslacht: mannen;Eijsden-Margraten;2018;10;7;7;6;1;0;1;3;1;2;0;0;2.6;3;73.9;72.0
9936;Geslacht: mannen;Eindhoven;2003;82;61;57;49;8;0;5;22;8;21;1;3;5.7;21;74.3;70.0
9937;Geslacht: mannen;Eindhoven;2004;82;61;57;49;8;0;5;23;8;21;0;4;6.3;21;74.4;69.7
9938;Geslacht: mannen;Eindhoven;2005;82;61;58;50;7;0;6;25;8;19;0;3;5.4;21;74.1;70.1
9939;Geslacht: mannen;Eindhoven;2006;83;62;59;51;8;0;6;23;9;20;1;3;4.6;21;74.3;70.8
9940;Geslacht: mannen;Eindhoven;2007;83;62;59;51;9;0;6;22;9;21;1;2;3.5;21;74.2;71.6
9941;Geslacht: mannen;Eindhoven;2008;84;64;62;53;9;0;6;22;10;23;1;2;3.2;20;76.0;73.6
9942;Geslacht: mannen;Eindhoven;2009;84;63;60;51;9;0;5;21;11;22;1;3;5.1;21;75.2;71.3
9943;Geslacht: mannen;Eindhoven;2010;84;63;60;49;11;0;6;22;9;24;0;3;5.3;21;74.9;70.9
9944;Geslacht: mannen;Eindhoven;2011;85;64;61;49;11;0;6;22;10;21;1;3;5.0;21;75.0;71.2
9945;Geslacht: mannen;Eindhoven;2012;86;66;62;52;10;0;5;25;10;21;0;4;6.0;20;77.0;72.4
9946;Geslacht: mannen;Eindhoven;2013;87;66;61;51;10;0;6;22;8;24;0;5;8.1;21;75.6;69.5
9947;Geslacht: mannen;Eindhoven;2014;88;67;61;51;10;0;6;23;8;23;1;6;8.4;21;76.2;69.8
9948;Geslacht: mannen;Eindhoven;2015;89;67;62;52;10;0;6;22;8;24;1;5;7.4;22;75.2;69.6
9949;Geslacht: mannen;Eindhoven;2016;90;67;63;52;11;0;6;21;8;27;1;4;6.2;22;75.3;70.6
9950;Geslacht: mannen;Eindhoven;2017;91;68;65;54;11;0;7;22;9;26;1;4;5.4;23;75.0;70.9
9951;Geslacht: mannen;Eindhoven;2018;92;70;67;56;11;0;6;24;9;27;1;3;3.7;23;75.4;72.6
9952;Geslacht: mannen;Elburg;2003;8;6;6;5;1;0;1;3;1;2;0;0;2.7;2;79.4;77.3
9953;Geslacht: mannen;Elburg;2004;8;6;6;5;1;0;0;3;1;1;0;0;3.3;2;77.5;74.9
9954;Geslacht: mannen;Elburg;2005;8;6;6;5;1;0;0;3;1;1;0;0;3.5;2;77.5;74.9
9955;Geslacht: mannen;Elburg;2006;8;6;6;5;1;0;0;3;1;2;0;0;2.7;2;78.5;76.4
9956;Geslacht: mannen;Elburg;2007;8;6;6;5;1;0;1;3;1;1;0;0;2.2;2;78.5;76.8
9957;Geslacht: mannen;Elburg;2008;8;6;6;5;1;0;1;3;1;1;0;0;2.1;2;78.6;76.9
9958;Geslacht: mannen;Elburg;2009;8;6;6;5;1;0;0;3;1;2;0;0;2.4;2;79.1;77.1
9959;Geslacht: mannen;Elburg;2010;8;6;6;5;1;0;0;3;1;2;0;0;3.0;2;78.4;76.0
9960;Geslacht: mannen;Elburg;2011;8;6;6;5;1;0;0;3;1;1;0;0;3.3;2;77.8;75.2
9961;Geslacht: mannen;Elburg;2012;8;6;6;5;1;0;0;3;1;1;0;0;3.9;2;77.8;74.8
9962;Geslacht: mannen;Elburg;2013;8;6;6;5;1;0;1;3;1;2;0;0;5.7;2;77.7;73.2
9963;Geslacht: mannen;Elburg;2014;8;6;6;5;1;0;1;3;1;2;0;0;5.3;2;77.7;73.5
9964;Geslacht: mannen;Elburg;2015;8;6;6;5;1;0;1;3;1;2;0;0;4.4;2;77.0;73.5
9965;Geslacht: mannen;Elburg;2016;8;6;6;5;1;0;1;3;1;1;0;0;4.0;2;77.0;74.0
9966;Geslacht: mannen;Elburg;2017;8;6;6;5;1;0;0;3;1;1;0;0;3.2;2;76.9;74.4
9967;Geslacht: mannen;Elburg;2018;8;7;6;5;1;0;1;3;1;1;0;0;2.7;2;77.0;74.9
9968;Geslacht: mannen;Emmen;2003;41;30;28;25;3;0;2;16;5;4;1;2;5.4;11;73.2;69.3
9969;Geslacht: mannen;Emmen;2004;41;30;28;24;3;0;2;17;5;4;0;2;7.1;11;72.8;67.6
9970;Geslacht: mannen;Emmen;2005;41;29;27;24;4;0;2;16;4;4;0;2;7.5;11;72.4;67.0
9971;Geslacht: mannen;Emmen;2006;41;29;28;24;4;0;2;16;5;5;0;1;5.1;11;72.5;68.8
9972;Geslacht: mannen;Emmen;2007;41;30;29;25;4;0;3;15;4;6;1;1;4.0;11;73.2;70.2
9973;Geslacht: mannen;Emmen;2008;41;30;29;25;4;0;2;16;5;5;1;1;3.9;10;74.7;71.8
9974;Geslacht: mannen;Emmen;2009;41;30;28;24;4;0;2;14;5;5;1;2;6.2;11;73.2;68.7
9975;Geslacht: mannen;Emmen;2010;41;29;28;24;3;0;2;15;5;4;1;2;5.9;11;72.4;68.1
9976;Geslacht: mannen;Emmen;2011;41;29;27;24;4;0;3;13;5;4;1;2;5.7;12;71.0;66.9
9977;Geslacht: mannen;Emmen;2012;41;30;28;23;4;0;3;14;5;5;1;2;7.2;11;73.2;67.9
9978;Geslacht: mannen;Emmen;2013;41;30;27;22;5;0;2;14;5;5;1;2;8.4;11;73.0;66.9
9979;Geslacht: mannen;Emmen;2014;41;29;27;23;4;0;3;13;4;6;1;2;8.0;12;71.6;65.8
9980;Geslacht: mannen;Emmen;2015;41;29;27;22;4;0;2;14;4;6;0;2;8.1;11;71.8;66.0
9981;Geslacht: mannen;Emmen;2016;41;28;27;22;4;0;3;13;4;5;1;2;5.8;12;69.4;65.4
9982;Geslacht: mannen;Emmen;2017;41;29;27;23;5;0;3;14;5;5;1;2;5.4;12;70.7;66.8
9983;Geslacht: mannen;Emmen;2018;41;28;27;22;4;0;2;14;4;5;1;1;4.8;13;69.0;65.7
9984;Geslacht: mannen;Enkhuizen;2003;7;5;5;4;1;0;0;2;1;1;0;0;3.3;2;76.2;73.7
9985;Geslacht: mannen;Enkhuizen;2004;7;5;5;4;1;0;0;3;1;1;0;0;4.1;2;76.2;73.1
9986;Geslacht: mannen;Enkhuizen;2005;7;5;5;4;1;0;0;3;1;1;0;0;3.9;2;75.8;72.8
9987;Geslacht: mannen;Enkhuizen;2006;7;5;5;4;1;0;0;2;1;1;0;0;3.3;2;75.4;72.9
9988;Geslacht: mannen;Enkhuizen;2007;7;5;5;4;1;0;1;2;1;1;0;0;2.6;2;77.5;75.5
9989;Geslacht: mannen;Enkhuizen;2008;7;5;5;4;1;0;0;3;1;1;0;0;2.3;2;77.4;75.7
9990;Geslacht: mannen;Enkhuizen;2009;7;5;5;4;1;0;0;3;1;1;0;0;2.9;2;77.5;75.3
9991;Geslacht: mannen;Enkhuizen;2010;7;5;5;4;1;0;0;2;1;1;0;0;3.6;2;76.3;73.5
9992;Geslacht: mannen;Enkhuizen;2011;7;5;5;4;1;0;0;2;1;1;0;0;3.8;2;74.9;72.0
9993;Geslacht: mannen;Enkhuizen;2012;7;5;5;4;1;0;0;2;1;1;0;0;4.4;2;75.8;72.5
9994;Geslacht: mannen;Enkhuizen;2013;7;5;5;4;1;0;0;2;1;1;0;0;6.4;2;74.9;70.2
9995;Geslacht: mannen;Enkhuizen;2014;7;5;5;4;1;0;0;3;1;1;0;0;6.2;2;75.5;70.8
9996;Geslacht: mannen;Enkhuizen;2015;7;5;5;4;1;0;0;2;1;1;0;0;5.5;2;75.1;71.0
9997;Geslacht: mannen;Enkhuizen;2016;7;5;5;4;1;0;0;2;1;2;0;0;5.2;2;74.3;70.4
9998;Geslacht: mannen;Enkhuizen;2017;7;5;5;4;1;0;0;2;1;2;0;0;4.0;2;74.5;71.5
9999;Geslacht: mannen;Enkhuizen;2018;7;5;5;4;1;0;0;2;1;1;0;0;3.4;2;75.1;72.6
